T,J1,J2,J3,J4,J5,J6,J7,J8,J9,J10,J11,J12,J13,J14,J15,J16,J17,J18,J19,J20,J21,J22,J23,J24,J25,J26,J27,J28,J29,J30,J31,J32,J33,J34,J35,J36,J37,J38,J39,J40
0,-0.00165,-0.00034,-0.00267,0.00553,-0.00207,0.0056,-0.01128,0.00576,-0.00159,7e-05,-0.00132,1e-05,-0.03496,0.00458,0.00897,0.00065,0.00366,0.00472,0.02191,0.06085,-0.01457,-0.00338,0.01013,-0.02957,-0.01327,-0.00807,0.0073,0.01951,0.10272,-0.00511,-0.00273,-0.0073,-0.00413,0.00344,-0.00836,-0.02946,-0.00353,-0.00122,0.00536,0.0022
0.02,-0.00168,-0.00035,-0.00272,0.00553,-0.00208,0.00584,-0.0115,0.00595,-0.00135,-4e-05,-0.00142,1e-05,-0.04068,0.00415,0.01074,0.00087,0.00411,0.00486,0.02268,0.06184,-0.01529,-0.00354,0.01038,-0.03024,-0.01341,-0.00824,0.00742,0.01969,0.10439,-0.00521,-0.00278,-0.00747,-0.00421,0.00352,-0.00904,-0.03167,-0.00362,-0.00127,0.00561,0.00233
0.04,-0.00166,-0.00036,-0.00274,0.00542,-0.00207,0.00607,-0.01159,0.00613,-0.00093,-0.00021,-0.00153,1e-05,-0.04668,0.0038,0.01217,0.00109,0.00456,0.00471,0.02342,0.06166,-0.01609,-0.00365,0.0105,-0.03056,-0.01331,-0.0083,0.00748,0.01952,0.10452,-0.00523,-0.00279,-0.00755,-0.00423,0.00363,-0.00987,-0.0343,-0.00368,-0.00131,0.00587,0.00247
0.06,-0.00157,-0.00037,-0.00275,0.00518,-0.00206,0.00635,-0.01158,0.0063,-0.00029,-0.00043,-0.00168,1e-05,-0.05258,0.0037,0.01288,0.00131,0.00499,0.00415,0.02425,0.06023,-0.01704,-0.0037,0.01051,-0.03059,-0.01298,-0.00825,0.00752,0.01896,0.10315,-0.00517,-0.00276,-0.00755,-0.0042,0.00379,-0.01092,-0.03754,-0.00369,-0.00135,0.00615,0.00265
0.08,-0.00139,-0.00038,-0.00276,0.00482,-0.00205,0.00668,-0.01151,0.00649,0.00061,-0.00071,-0.00186,1e-05,-0.05773,0.00407,0.01238,0.00148,0.00534,0.00305,0.02527,0.05744,-0.0182,-0.00367,0.01042,-0.03035,-0.01242,-0.00809,0.00758,0.01804,0.10034,-0.00504,-0.00271,-0.00749,-0.00413,0.00405,-0.01223,-0.04153,-0.00367,-0.0014,0.00647,0.00286
0.1,-0.00111,-0.00038,-0.00277,0.00433,-0.00206,0.0071,-0.0114,0.00671,0.0018,-0.00104,-0.00209,1e-05,-0.06118,0.00514,0.01006,0.00157,0.00554,0.00125,0.02658,0.05316,-0.01964,-0.00351,0.01022,-0.02988,-0.01164,-0.00782,0.0077,0.01673,0.09613,-0.00485,-0.00262,-0.00736,-0.00401,0.00445,-0.01384,-0.04635,-0.00362,-0.00146,0.00685,0.0031
0.12,-0.00071,-0.00038,-0.00279,0.00373,-0.00211,0.00761,-0.01127,0.00697,0.00327,-0.00141,-0.00237,1e-05,-0.06161,0.00723,0.0052,0.00152,0.0055,-0.00141,0.02826,0.04726,-0.02136,-0.00321,0.00992,-0.0292,-0.01065,-0.00743,0.00792,0.01507,0.09059,-0.00458,-0.0025,-0.00718,-0.00385,0.00503,-0.01573,-0.05195,-0.00354,-0.00153,0.00728,0.00338
0.14,-0.00017,-0.00037,-0.00283,0.00304,-0.00222,0.00822,-0.01117,0.00728,0.005,-0.0018,-0.00269,1e-05,-0.05732,0.01063,-0.00303,0.00124,0.00507,-0.00508,0.03032,0.03969,-0.02335,-0.00271,0.00952,-0.02833,-0.00949,-0.00693,0.0083,0.01307,0.08384,-0.00424,-0.00236,-0.00694,-0.00366,0.00582,-0.01785,-0.05813,-0.00341,-0.00162,0.00775,0.00369
0.16,0.00053,-0.00035,-0.00291,0.0023,-0.00242,0.0089,-0.01111,0.00761,0.00693,-0.00217,-0.00304,1e-05,-0.04621,0.01568,-0.01546,0.00066,0.00412,-0.00985,0.03276,0.03051,-0.02552,-0.00198,0.00901,-0.02729,-0.00822,-0.00631,0.00886,0.01084,0.07615,-0.00384,-0.0022,-0.00665,-0.00343,0.00685,-0.02005,-0.06446,-0.00325,-0.00173,0.00822,0.004
0.18,0.00137,-0.00032,-0.00302,0.00157,-0.00272,0.00963,-0.01114,0.00796,0.00892,-0.00246,-0.00338,1e-05,-0.02587,0.02265,-0.03289,-0.00033,0.00245,-0.01574,0.03548,0.01997,-0.02769,-0.00097,0.0084,-0.02613,-0.00693,-0.0056,0.00966,0.00851,0.06794,-0.0034,-0.00203,-0.00632,-0.00319,0.00812,-0.02212,-0.07024,-0.00304,-0.00184,0.00864,0.00428
0.2,0.00234,-0.00027,-0.00319,0.00094,-0.00315,0.01031,-0.01129,0.00828,0.01077,-0.00259,-0.00367,1e-05,0.00623,0.03175,-0.05595,-0.00184,-0.00012,-0.02267,0.0383,0.00856,-0.0296,0.00036,0.0077,-0.02489,-0.00575,-0.00482,0.01071,0.0063,0.05988,-0.00294,-0.00187,-0.00596,-0.00294,0.00961,-0.02373,-0.07447,-0.00279,-0.00195,0.00892,0.00447
0.22,0.00341,-0.0002,-0.00341,0.00051,-0.00372,0.01089,-0.01161,0.00852,0.01226,-0.00249,-0.00387,1e-05,0.05218,0.04306,-0.08487,-0.00395,-0.00373,-0.03045,0.04103,-0.0031,-0.03097,0.00205,0.00693,-0.02364,-0.00486,-0.00401,0.01204,0.00445,0.05266,-0.00249,-0.00173,-0.00559,-0.00271,0.0113,-0.02455,-0.07612,-0.00251,-0.00206,0.00899,0.00453
0.24,0.00456,-0.00011,-0.00369,0.00035,-0.00446,0.0113,-0.01213,0.00865,0.0132,-0.00206,-0.00394,1e-05,0.11279,0.05648,-0.11934,-0.00674,-0.00845,-0.03884,0.04357,-0.01445,-0.03159,0.00421,0.00611,-0.02242,-0.00437,-0.00321,0.01366,0.00312,0.04682,-0.00208,-0.00163,-0.00523,-0.00251,0.01316,-0.02433,-0.07444,-0.0022,-0.00214,0.00879,0.0044
0.26,0.00576,0,-0.00404,0.00049,-0.00536,0.01152,-0.01287,0.00866,0.0135,-0.00127,-0.00386,1e-05,0.18675,0.07165,-0.15812,-0.01025,-0.01417,-0.04757,0.04594,-0.02506,-0.03134,0.00701,0.00525,-0.02122,-0.0044,-0.00245,0.01558,0.0024,0.04255,-0.00171,-0.00157,-0.00488,-0.00235,0.0152,-0.02298,-0.06923,-0.00187,-0.00221,0.00828,0.00408
0.28,0.00699,0.00014,-0.00445,0.00089,-0.00643,0.01156,-0.01386,0.00854,0.01319,-0.0001,-0.00363,1e-05,0.26998,0.08781,-0.19878,-0.01444,-0.02059,-0.05622,0.04833,-0.03458,-0.03028,0.01065,0.00438,-0.02003,-0.00497,-0.00176,0.0178,0.00224,0.03971,-0.0014,-0.00157,-0.00455,-0.00223,0.01743,-0.02063,-0.06092,-0.00155,-0.00227,0.0075,0.0036
0.3,0.00822,0.00028,-0.00491,0.00148,-0.00764,0.01147,-0.01508,0.00832,0.01235,0.00144,-0.00327,1e-05,0.35485,0.10363,-0.23727,-0.01917,-0.02714,-0.06419,0.05101,-0.04268,-0.0286,0.01541,0.00351,-0.01879,-0.0061,-0.0012,0.02025,0.00251,0.0379,-0.00114,-0.00161,-0.00426,-0.00214,0.01984,-0.01757,-0.05055,-0.00127,-0.00233,0.00654,0.00301
0.32,0.00942,0.00043,-0.00541,0.00218,-0.00896,0.01131,-0.01651,0.00802,0.01113,0.00328,-0.00282,1e-05,0.42947,0.11712,-0.26758,-0.02414,-0.03297,-0.07058,0.05433,-0.04907,-0.02657,0.02165,0.0027,-0.01743,-0.00772,-0.00081,0.02289,0.00301,0.0366,-0.00092,-0.0017,-0.00401,-0.00206,0.02242,-0.01421,-0.03953,-0.00106,-0.0024,0.0055,0.00239
0.34,0.01056,0.00059,-0.00595,0.0029,-0.01033,0.01117,-0.01811,0.00766,0.00972,0.00536,-0.00229,1e-05,0.47679,0.1254,-0.28133,-0.02886,-0.03689,-0.07412,0.05866,-0.05368,-0.02453,0.03004,0.00201,-0.01582,-0.00978,-0.0006,0.02563,0.00358,0.03534,-0.00075,-0.00183,-0.00381,-0.00199,0.02518,-0.01099,-0.02926,-0.00097,-0.00251,0.00449,0.0018
0.36,0.01163,0.00073,-0.00654,0.00364,-0.0117,0.01112,-0.01981,0.00725,0.00827,0.00757,-0.0017,1e-05,0.47403,0.1246,-0.26752,-0.03261,-0.03736,-0.0731,0.06434,-0.05668,-0.02285,0.04152,0.00157,-0.0138,-0.01216,-0.00058,0.02841,0.00409,0.03383,-0.00061,-0.00198,-0.00365,-0.00191,0.02808,-0.00824,-0.02099,-0.00101,-0.00266,0.00363,0.00132
0.38,0.01265,0.00087,-0.00718,0.00441,-0.01299,0.01124,-0.02152,0.00677,0.00695,0.00976,-0.00104,1e-05,0.39227,0.10981,-0.2125,-0.03437,-0.03246,-0.06533,0.07164,-0.05851,-0.02197,0.05729,0.00152,-0.01118,-0.01471,-0.00072,0.03115,0.00448,0.03199,-0.00053,-0.00213,-0.00352,-0.00184,0.03107,-0.00629,-0.01574,-0.00119,-0.00287,0.00301,0.001
0.4,0.0136,0.00099,-0.00788,0.00528,-0.01411,0.01162,-0.0231,0.00621,0.00594,0.01174,-0.00029,1e-05,0.19664,0.07509,-0.10009,-0.03281,-0.0199,-0.04819,0.0807,-0.05974,-0.02234,0.07868,0.0021,-0.00772,-0.0172,-0.00097,0.03373,0.00473,0.02995,-0.00052,-0.00227,-0.00342,-0.00176,0.03406,-0.00541,-0.01446,-0.00152,-0.00315,0.00273,0.00088
0.42,0.01451,0.0011,-0.00865,0.00633,-0.01493,0.01232,-0.02443,0.00555,0.00539,0.01329,0.00056,1e-05,-0.15266,0.01373,0.08771,-0.02628,0.00291,-0.01867,0.09161,-0.06069,-0.02445,0.10697,0.00367,-0.00314,-0.01943,-0.00125,0.03602,0.00485,0.02794,-0.0006,-0.00236,-0.00333,-0.00168,0.03694,-0.00581,-0.01786,-0.00199,-0.00351,0.00288,0.001
0.44,0.01537,0.00117,-0.00952,0.00763,-0.01537,0.01339,-0.02539,0.00477,0.00539,0.01426,0.00151,1e-05,-0.69815,-0.08136,0.36955,-0.01279,0.03868,0.02647,0.10446,-0.06093,-0.02872,0.14316,0.00687,0.00295,-0.02128,-0.00147,0.03793,0.00486,0.02615,-0.0008,-0.00238,-0.00324,-0.0016,0.03958,-0.00762,-0.02633,-0.00261,-0.00395,0.00351,0.00138
0.46,0.0162,0.00123,-0.0105,0.00923,-0.01535,0.01485,-0.02595,0.00386,0.00596,0.01456,0.00257,1e-05,-1.48136,-0.21695,0.7627,0.00983,0.09,0.09038,0.11935,-0.0589,-0.03544,0.18769,0.01266,0.01105,-0.02276,-0.00152,0.0394,0.00477,0.02459,-0.00116,-0.00231,-0.00315,-0.00152,0.04193,-0.01078,-0.03978,-0.00337,-0.00448,0.00463,0.002
0.48,0.01704,0.00126,-0.01161,0.01111,-0.01487,0.01666,-0.02614,0.00285,0.00697,0.01424,0.0037,1e-05,-2.53705,-0.39847,1.28017,0.04387,0.15898,0.17572,0.13628,-0.05183,-0.04473,0.24003,0.02229,0.02173,-0.02407,-0.00127,0.04041,0.00458,0.02312,-0.0017,-0.00215,-0.00305,-0.00145,0.04396,-0.01507,-0.05747,-0.00428,-0.00509,0.00617,0.00283
0.5,0.01788,0.00127,-0.01285,0.01322,-0.01393,0.01872,-0.02605,0.00179,0.00826,0.01339,0.00485,1e-05,-3.88533,-0.62866,1.92668,0.09146,0.24666,0.28393,0.15504,-0.03591,-0.05651,0.29851,0.03729,0.03554,-0.02549,-0.00058,0.04098,0.00429,0.02147,-0.00246,-0.0019,-0.00295,-0.00137,0.04562,-0.02009,-0.07804,-0.00534,-0.00575,0.00801,0.00379
0.52,0.01875,0.00125,-0.01423,0.01546,-0.01256,0.02092,-0.02579,0.00073,0.00958,0.01217,0.00595,1e-05,-4.974,-0.9057,2.69337,0.1542,0.3524,0.41431,0.17521,-0.00715,-0.07063,0.36072,0.05935,0.05301,-0.02742,0.00073,0.04113,0.0039,0.01931,-0.00345,-0.00155,-0.00284,-0.00129,0.0469,-0.02527,-0.09959,-0.00654,-0.00643,0.00997,0.00478
0.54,0.01966,0.00122,-0.01577,0.01771,-0.0108,0.02315,-0.02546,-0.00027,0.01079,0.01072,0.00696,1e-05,-4.974,-1.221,3.55145,0.23272,0.47299,0.56288,0.19616,0.03757,-0.08706,0.42428,0.09023,0.07457,-0.03023,0.00289,0.0409,0.00341,0.01638,-0.0047,-0.00112,-0.00274,-0.00121,0.04774,-0.03002,-0.12002,-0.00785,-0.0071,0.01184,0.00568
0.56,0.02062,0.00118,-0.01747,0.01988,-0.00867,0.02533,-0.02511,-0.00118,0.01184,0.00915,0.0079,1e-05,-4.974,-1.55643,4.44463,0.326,0.6016,0.72103,0.21699,0.0994,-0.10596,0.48719,0.13159,0.10048,-0.03424,0.00618,0.04034,0.00289,0.01258,-0.00619,-0.00062,-0.00263,-0.00112,0.04813,-0.0337,-0.13706,-0.00925,-0.00772,0.0134,0.00639
0.58,0.02163,0.00111,-0.01938,0.02183,-0.00621,0.02738,-0.02472,-0.00196,0.01283,0.00752,0.00882,1e-05,-4.974,-1.88117,5.28031,0.43058,0.72663,0.87398,0.23639,0.17699,-0.12755,0.54737,0.18462,0.13058,-0.03967,0.01093,0.03951,0.00244,0.008,-0.0079,-5e-05,-0.00252,-0.00101,0.04801,-0.03562,-0.14823,-0.01066,-0.00822,0.01439,0.00677
0.6,0.0227,0.00103,-0.02148,0.02343,-0.00346,0.02923,-0.02424,-0.00261,0.01392,0.00588,0.00981,1e-05,-4.974,-2.15165,5.93071,0.54036,0.83159,1.00081,0.25253,0.26602,-0.15207,0.60259,0.24986,0.1642,-0.04664,0.01743,0.03847,0.00219,0.00293,-0.00978,0.00057,-0.00239,-0.00088,0.04734,-0.03509,-0.15081,-0.012,-0.00854,0.01454,0.00671
0.62,0.02381,0.00093,-0.02379,0.02454,-0.00049,0.03082,-0.02359,-0.00311,0.01536,0.00426,0.01097,1e-05,-4.974,-2.32081,6.26158,0.64817,0.89868,1.07901,0.26343,0.35938,-0.17984,0.65166,0.3275,0.20036,-0.05514,0.02586,0.03731,0.00229,-0.00223,-0.01175,0.0012,-0.00224,-0.00074,0.04607,-0.03148,-0.14235,-0.01316,-0.0086,0.01359,0.00608
0.64,0.02496,0.00082,-0.02631,0.02512,0.00264,0.03213,-0.02271,-0.00349,0.0173,0.00267,0.01239,1e-05,-4.974,-2.35332,6.17912,0.74856,0.91452,1.09187,0.26755,0.44759,-0.21162,0.69666,0.41787,0.23816,-0.06507,0.03614,0.03607,0.00285,-0.00719,-0.01373,0.00184,-0.00205,-0.00059,0.0442,-0.02446,-0.12162,-0.01406,-0.00839,0.01138,0.00483
0.66,0.02615,0.00068,-0.02903,0.02522,0.00593,0.03317,-0.02158,-0.00376,0.01983,0.00115,0.01418,1e-05,-4.974,-2.23629,5.66346,0.83939,0.87422,1.03371,0.26418,0.51878,-0.24863,0.74428,0.52149,0.27692,-0.07625,0.04776,0.03478,0.00389,-0.01182,-0.0157,0.00247,-0.00183,-0.00041,0.04179,-0.01423,-0.08929,-0.01466,-0.00789,0.00796,0.00301
0.68,0.02739,0.00053,-0.03194,0.02506,0.00932,0.03403,-0.0202,-0.00398,0.02285,-0.00028,0.01637,1e-05,-4.974,-1.98245,4.77989,0.92152,0.78251,0.91148,0.25357,0.55808,-0.29234,0.80581,0.63836,0.31597,-0.0883,0.0597,0.03344,0.00535,-0.01615,-0.01762,0.00309,-0.00156,-0.00021,0.03899,-0.00156,-0.04831,-0.01497,-0.00719,0.00359,0.00077
0.7,0.02867,0.00037,-0.03499,0.02494,0.01279,0.03478,-0.01866,-0.00421,0.02613,-0.00154,0.01898,1e-05,-4.974,-1.6275,3.67134,0.99781,0.65269,0.74342,0.23682,0.54722,-0.34426,0.89658,0.76732,0.35439,-0.10059,0.07037,0.03204,0.0071,-0.02033,-0.01944,0.00367,-0.00125,2e-05,0.03601,0.01217,-0.00385,-0.01503,-0.00639,-0.00126,-0.00165
0.72,0.02999,0.0002,-0.0381,0.02521,0.01625,0.03554,-0.01705,-0.00452,0.02934,-0.00255,0.02194,2e-05,-4.974,-1.21916,2.52209,1.07209,0.50221,0.55377,0.21543,0.46507,-0.40594,1.03517,0.90643,0.39143,-0.11235,0.07792,0.03059,0.00896,-0.02446,-0.02115,0.00422,-0.00092,0.00025,0.03314,0.02535,0.03801,-0.0149,-0.00565,-0.00603,-0.00393
0.74,0.03134,3e-05,-0.04121,0.0262,0.01966,0.03642,-0.01548,-0.00498,0.03212,-0.00323,0.02514,2e-05,-4.974,-0.80106,1.50324,1.14805,0.34627,0.36479,0.19067,0.28906,-0.47933,1.24234,1.05399,0.42715,-0.12282,0.08063,0.02908,0.01083,-0.02836,-0.0227,0.0047,-0.00061,0.00047,0.03058,0.03658,0.07215,-0.01462,-0.00507,-0.01023,-0.00582
0.76,0.03273,-0.00014,-0.0443,0.02812,0.02301,0.03752,-0.01403,-0.00561,0.03415,-0.00349,0.02838,2e-05,-4.974,-0.40323,0.73884,1.22832,0.19395,0.19207,0.1633,-0.00295,-0.5666,1.53938,1.20868,0.46286,-0.13138,0.07724,0.02752,0.01272,-0.0315,-0.0241,0.00512,-0.00037,0.00065,0.02845,0.04506,0.09561,-0.01422,-0.00474,-0.01359,-0.00719
0.78,0.03416,-0.00031,-0.04734,0.03106,0.02629,0.03889,-0.01276,-0.00646,0.03514,-0.00322,0.03138,2e-05,-3.25237,-0.04264,0.30368,1.31357,0.04834,0.04459,0.13361,-0.43068,-0.66956,1.94597,1.3685,0.50089,-0.13745,0.06703,0.02595,0.01478,-0.03288,-0.02534,0.00543,-0.00029,0.00072,0.02678,0.05057,0.10776,-0.0137,-0.00467,-0.01606,-0.00802
0.8,0.03561,-0.00049,-0.0503,0.03494,0.02948,0.04057,-0.01173,-0.00749,0.03483,-0.00235,0.03372,2e-05,-1.34458,0.27298,0.23096,1.40225,-0.09161,-0.07346,0.10171,-1.00738,-0.78905,2.47603,1.52973,0.54404,-0.14049,0.0498,0.02444,0.01723,-0.03111,-0.02641,0.00562,-0.00048,0.00062,0.02549,0.05334,0.10984,-0.01304,-0.00484,-0.01771,-0.0084
0.82,0.03707,-0.00069,-0.05314,0.03959,0.03253,0.04256,-0.01097,-0.00869,0.03294,-0.00076,0.0349,2e-05,0.43052,0.54232,0.51555,1.4918,-0.22855,-0.16126,0.06748,-1.73177,-0.92499,3.12906,1.68749,0.59453,-0.13997,0.02591,0.02307,0.02028,-0.02484,-0.02731,0.00567,-0.00103,0.00028,0.0245,0.0539,0.10423,-0.01222,-0.0052,-0.01874,-0.00846
0.84,0.03852,-0.00091,-0.05585,0.04473,0.03542,0.04486,-0.0105,-0.00999,0.02931,0.00169,0.03443,2e-05,2.06986,0.76862,1.11344,1.58071,-0.36387,-0.22021,0.0306,-2.57691,-1.07677,3.87867,1.83716,0.65244,-0.13547,-0.00367,0.02191,0.02407,-0.01336,-0.02805,0.00555,-0.00199,-0.00033,0.02368,0.05285,0.09356,-0.01121,-0.00569,-0.01934,-0.00834
0.86,0.03995,-0.00116,-0.05845,0.04996,0.03814,0.04745,-0.01028,-0.01131,0.02385,0.00518,0.03186,2e-05,3.54931,0.95771,1.93836,1.66965,-0.49525,-0.25297,-0.00945,-3.47948,-1.24298,4.66181,1.97495,0.71458,-0.12677,-0.03723,0.021,0.02851,0.00292,-0.0287,0.00533,-0.00331,-0.00117,0.0229,0.05078,0.08014,-0.01004,-0.00626,-0.01967,-0.00813
0.88,0.04135,-0.00145,-0.06098,0.05476,0.04069,0.05026,-0.01021,-0.01252,0.01662,0.0099,0.02681,2e-05,4.8059,1.11592,2.85538,1.76115,-0.61498,-0.26293,-0.05301,-4.32997,-1.42012,5.36991,2.09694,0.77362,-0.11392,-0.07202,0.02033,0.03326,0.02224,-0.02933,0.00505,-0.00485,-0.00216,0.02205,0.04823,0.06589,-0.00876,-0.00689,-0.01981,-0.00792
0.9,0.04269,-0.00178,-0.06345,0.05844,0.04305,0.05321,-0.01018,-0.01346,0.00785,0.01603,0.01901,1e-05,4.974,1.24859,3.68519,1.85872,-0.70992,-0.25377,-0.09996,-4.974,-1.60189,5.8525,2.19812,0.81843,-0.09726,-0.10423,0.01986,0.03775,0.0416,-0.03007,0.00485,-0.00634,-0.00312,0.02103,0.04568,0.05247,-0.00746,-0.00752,-0.01978,-0.00771
0.92,0.04397,-0.00217,-0.06592,0.06025,0.04518,0.0562,-0.01009,-0.01395,-0.00216,0.02377,0.00819,1e-05,4.974,1.36029,4.24113,1.96619,-0.76511,-0.22918,-0.14956,-4.974,-1.78103,5.95221,2.27281,0.83663,-0.07728,-0.12961,0.01956,0.04129,0.0575,-0.03102,0.00483,-0.0075,-0.00387,0.01974,0.04355,0.04124,-0.00627,-0.00815,-0.0196,-0.00752
0.94,0.04514,-0.00261,-0.06841,0.05955,0.04709,0.05918,-0.00991,-0.01385,-0.01323,0.03344,-0.00588,1e-05,4.974,1.45599,4.38721,2.08723,-0.76962,-0.19271,-0.20041,-4.974,-1.95263,5.5606,2.31604,0.81883,-0.05439,-0.14469,0.01936,0.04331,0.06714,-0.03228,0.00508,-0.00808,-0.00424,0.01813,0.04217,0.03326,-0.00535,-0.00876,-0.01925,-0.00735
0.96,0.04624,-0.00314,-0.071,0.05591,0.04882,0.06222,-0.00976,-0.01305,-0.02529,0.04547,-0.02345,1e-05,4.974,1.54175,4.07833,2.2245,-0.72082,-0.14781,-0.25027,-4.37038,-2.116,4.65891,2.32444,0.76161,-0.02889,-0.14749,0.01923,0.04353,0.06918,-0.03388,0.00566,-0.00795,-0.00415,0.01612,0.04174,0.02922,-0.00481,-0.00936,-0.01879,-0.0072
0.98,0.04727,-0.00377,-0.07376,0.0492,0.05044,0.06545,-0.00992,-0.01153,-0.03842,0.06029,-0.04461,1e-05,4.63487,1.62417,3.37174,2.37848,-0.62561,-0.09818,-0.29564,-3.26734,-2.27383,3.33385,2.29627,0.66865,-0.0011,-0.13769,0.01909,0.04198,0.06397,-0.0358,0.00653,-0.00709,-0.00359,0.01369,0.04233,0.02955,-0.00481,-0.01,-0.0183,-0.0071
1,0.04826,-0.00452,-0.07673,0.03953,0.05206,0.06907,-0.01079,-0.00935,-0.05262,0.07832,-0.0692,1e-05,3.3935,1.70959,2.4156,2.5467,-0.49947,-0.04789,-0.33164,-1.9315,-2.43055,1.76901,2.23102,0.55018,0.02845,-0.11643,0.0189,0.03896,0.05327,-0.03796,0.00761,-0.00561,-0.00265,0.01087,0.04393,0.03438,-0.00547,-0.01071,-0.01793,-0.00708
1.02,0.04927,-0.00541,-0.07996,0.02724,0.05379,0.0733,-0.01293,-0.0066,-0.0678,0.1,-0.09682,1e-05,2.10807,1.80354,1.40419,2.72442,-0.36213,-0.00085,-0.35311,-0.5868,-2.59083,0.19405,2.12844,0.41997,0.05897,-0.08588,0.01865,0.0349,0.03963,-0.04025,0.00878,-0.00368,-0.00144,0.00775,0.04637,0.04351,-0.00696,-0.01155,-0.01779,-0.00717
1.04,0.05038,-0.00646,-0.08349,0.01277,0.05572,0.07838,-0.01707,-0.00338,-0.0836,0.12592,-0.12698,1e-05,0.96227,1.91048,0.51216,2.90622,-0.23125,0.04019,-0.35652,0.57284,-2.7582,-1.1923,1.98752,0.29079,0.08951,-0.04869,0.01835,0.0302,0.0255,-0.04261,0.00989,-0.00147,-9e-05,0.00453,0.04939,0.05624,-0.00947,-0.01259,-0.01798,-0.00737
1.06,0.0517,-0.00768,-0.08736,-0.00334,0.05797,0.08452,-0.02404,0.00021,-0.09932,0.15684,-0.15899,1e-05,0.07197,2.0331,-0.14745,3.08647,-0.11852,0.07419,-0.34125,1.43108,-2.93358,-2.27063,1.80624,0.17174,0.11892,-0.00776,0.0181,0.02514,0.01262,-0.04511,0.01082,0.00088,0.00132,0.00153,0.05257,0.07126,-0.0132,-0.01394,-0.01846,-0.00765
1.08,0.05342,-0.00906,-0.09162,-0.02037,0.06061,0.09186,-0.03474,0.00402,-0.11374,0.19348,-0.19178,1e-05,-0.51788,2.17136,-0.52862,3.2581,-0.02954,0.10174,-0.31001,1.95432,-3.1135,-3.00445,1.58277,0.06849,0.14561,0.03356,0.01807,0.01985,0.00202,-0.04786,0.01145,0.00325,0.0027,-0.00075,0.05535,0.08646,-0.01838,-0.01569,-0.01909,-0.00794
1.1,0.05573,-0.01056,-0.09625,-0.03726,0.06368,0.10044,-0.05012,0.00788,-0.12507,0.23625,-0.2237,2e-05,-0.81986,2.32192,-0.64098,3.41156,0.03481,0.12451,-0.26846,2.17676,-3.28946,-3.42382,1.31672,-0.01567,0.16741,0.07124,0.01852,0.01441,-0.00586,-0.05106,0.01167,0.00554,0.00399,-0.00165,0.05699,0.09899,-0.02518,-0.01793,-0.01963,-0.00813
1.12,0.05884,-0.01213,-0.10119,-0.05274,0.06716,0.11018,-0.071,0.01162,-0.13125,0.28521,-0.25282,3e-05,-0.88292,2.47938,-0.52994,3.53588,0.07676,0.14457,-0.22373,2.17371,-3.44991,-3.59911,1.0094,-0.0793,0.1819,0.10104,0.01972,0.00887,-0.01102,-0.0549,0.01137,0.00763,0.00512,-0.00037,0.05678,0.10589,-0.03381,-0.02075,-0.01982,-0.00811
1.14,0.06299,-0.01372,-0.10639,-0.06548,0.07101,0.12088,-0.09803,0.01512,-0.13044,0.34007,-0.27746,4e-05,-0.76713,2.63855,-0.25209,3.62134,0.09992,0.16338,-0.1821,2.0282,-3.58414,-3.60957,0.66351,-0.12278,0.18711,0.11931,0.02197,0.00334,-0.01371,-0.05952,0.01049,0.00943,0.00603,0.00391,0.05433,0.10503,-0.04449,-0.02415,-0.01951,-0.00782
1.16,0.06838,-0.01525,-0.11178,-0.07417,0.07511,0.13224,-0.13142,0.0184,-0.1214,0.39998,-0.29655,5e-05,-0.52745,2.79553,0.14012,3.66102,0.10807,0.18116,-0.14768,1.80907,-3.68456,-3.52232,0.28418,-0.14822,0.18195,0.12356,0.02551,-0.00196,-0.01434,-0.06493,0.00905,0.01083,0.00667,0.01201,0.04969,0.09582,-0.05743,-0.02811,-0.01872,-0.00729
1.18,0.07519,-0.01664,-0.11728,-0.07745,0.07927,0.14375,-0.17069,0.02156,-0.10359,0.46306,-0.30949,8e-05,-0.21066,2.94678,0.60002,3.65074,0.10475,0.19656,-0.12224,1.56657,-3.74633,-3.387,-0.11805,-0.1591,0.16637,0.11246,0.03055,-0.00665,-0.01342,-0.07096,0.00716,0.01172,0.00698,0.02465,0.04353,0.07939,-0.07281,-0.03245,-0.01771,-0.00665
1.2,0.08349,-0.01778,-0.12269,-0.0739,0.08318,0.15464,-0.21456,0.02474,-0.07718,0.52613,-0.31598,0.00011,0.14318,3.08797,1.08437,3.58855,0.0931,0.2067,-0.10577,1.33466,-3.76642,-3.23711,-0.52526,-0.15988,0.14126,0.08582,0.03717,-0.01017,-0.01158,-0.07726,0.00498,0.01198,0.00691,0.04237,0.03698,0.05844,-0.09058,-0.03692,-0.0169,-0.00613
1.22,0.09329,-0.01855,-0.1278,-0.06208,0.08646,0.16405,-0.26116,0.02811,-0.04274,0.58534,-0.31597,0.00015,0.50128,3.21414,1.55487,3.47443,0.0758,0.20786,-0.09714,1.13393,-3.74283,-3.09307,-0.9152,-0.15532,0.10834,0.04454,0.04544,-0.01194,-0.0095,-0.08332,0.00272,0.01146,0.00639,0.06556,0.03137,0.03648,-0.11051,-0.04118,-0.0168,-0.00598
1.24,0.10457,-0.01882,-0.1324,-0.04075,0.0887,0.17138,-0.30868,0.03175,-0.00094,0.6373,-0.30957,0.00019,0.83984,3.32077,1.98207,3.31035,0.05497,0.19669,-0.09493,0.97471,-3.67439,-2.96624,-1.26745,-0.1496,0.06987,-0.00927,0.05542,-0.01167,-0.00797,-0.08856,0.00056,0.01012,0.0054,0.09444,0.02762,0.01665,-0.13209,-0.04498,-0.01782,-0.0064
1.26,0.11724,-0.01852,-0.13634,-0.00914,0.08953,0.17642,-0.35554,0.0356,0.04762,0.67982,-0.29717,0.00025,1.14405,3.40415,2.3467,3.10099,0.03223,0.17096,-0.09799,0.85968,-3.56087,-2.86221,-1.56663,-0.1458,0.02867,-0.07199,0.06717,-0.00948,-0.00785,-0.09246,-0.00142,0.00795,0.00396,0.12891,0.02598,0.001,-0.15452,-0.04817,-0.02012,-0.00749
1.28,0.13106,-0.01759,-0.1395,0.03285,0.08858,0.17939,-0.4001,0.03944,0.10205,0.71166,-0.27944,0.00031,1.40566,3.46078,2.637,2.85534,0.00887,0.13,-0.1056,0.7856,-3.40373,-2.78254,-1.8007,-0.14581,-0.01158,-0.13801,0.0807,-0.00604,-0.01007,-0.09443,-0.00325,0.00508,0.00216,0.1683,0.0259,-0.00955,-0.17649,-0.05075,-0.02361,-0.00918
1.3,0.14558,-0.01603,-0.14173,0.08446,0.08552,0.18084,-0.44039,0.04287,0.16087,0.73211,-0.2574,0.00036,1.62028,3.4868,2.8455,2.58739,-0.01398,0.07471,-0.11741,0.74481,-3.20662,-2.72556,-1.95872,-0.15041,-0.04622,-0.19964,0.09584,-0.00241,-0.01561,-0.0939,-0.00499,0.00175,0.00015,0.21118,0.02615,-0.01499,-0.1961,-0.05278,-0.02794,-0.01129
1.32,0.1602,-0.01386,-0.14291,0.14431,0.08009,0.18147,-0.4743,0.04541,0.22223,0.74081,-0.23215,0.00042,1.78609,3.47841,2.96789,2.31342,-0.03536,0.00724,-0.13331,0.72711,-2.97472,-2.6863,-2.03154,-0.15945,-0.07022,-0.24837,0.11232,0.00013,-0.02525,-0.09033,-0.00673,-0.00177,-0.00192,0.25548,0.02519,-0.01582,-0.21122,-0.05433,-0.03255,-0.01353
1.34,0.17434,-0.01112,-0.14291,0.21089,0.07222,0.18182,-0.50012,0.04666,0.28433,0.73757,-0.20455,0.00046,1.90364,3.43307,3.00351,2.04717,-0.05451,-0.06957,-0.1533,0.72189,-2.71341,-2.65585,-2.01452,-0.17219,-0.07933,-0.2772,0.12975,0.00061,-0.03928,-0.08345,-0.00859,-0.00524,-0.00389,0.29888,0.02169,-0.01253,-0.22012,-0.0554,-0.03687,-0.01562
1.36,0.18751,-0.00789,-0.14166,0.28259,0.06211,0.18217,-0.51689,0.04645,0.34556,0.7224,-0.17504,0.00049,1.97543,3.35058,2.95582,1.79742,-0.07095,-0.15225,-0.17724,0.71944,-2.42829,-2.62095,-1.90974,-0.18735,-0.07084,-0.28208,0.14768,-0.00144,-0.05713,-0.07331,-0.01062,-0.00855,-0.0057,0.33891,0.01486,-0.00531,-0.22189,-0.05586,-0.04032,-0.01729
1.38,0.19924,-0.00435,-0.13914,0.3572,0.05035,0.18243,-0.5243,0.04482,0.40402,0.69556,-0.14381,0.00051,2.00515,3.23386,2.83256,1.56926,-0.08429,-0.23614,-0.20464,0.71145,-2.1273,-2.56409,-1.72707,-0.20309,-0.04381,-0.26216,0.16541,-0.00584,-0.07727,-0.06048,-0.01284,-0.01165,-0.00734,0.37265,0.00463,0.00601,-0.21649,-0.05542,-0.04234,-0.01829
1.4,0.20894,-0.00071,-0.13538,0.43156,0.03789,0.18221,-0.52245,0.04204,0.4572,0.6576,-0.11106,0.00051,1.99684,3.08895,2.64535,1.36618,-0.09413,-0.31508,-0.23457,0.691,-1.82218,-2.46477,-1.48373,-0.21697,0.00102,-0.21949,0.18192,-0.01186,-0.09719,-0.04597,-0.01521,-0.01457,-0.00883,0.39654,-0.00842,0.02185,-0.2047,-0.05368,-0.04237,-0.01838
1.42,0.21604,0.00277,-0.13043,0.50211,0.02589,0.18097,-0.51173,0.03849,0.50214,0.60931,-0.07705,0.0005,1.95452,2.92348,2.40784,1.19038,-0.10013,-0.38261,-0.26576,0.65298,-1.52632,-2.30332,-1.20109,-0.22616,0.06139,-0.1581,0.19607,-0.01851,-0.11412,-0.03107,-0.01762,-0.01737,-0.01023,0.40688,-0.02321,0.04272,-0.18791,-0.05019,-0.03994,-0.01738
1.44,0.22011,0.00585,-0.12432,0.56608,0.01528,0.17817,-0.49255,0.03454,0.53621,0.55156,-0.04204,0.00049,1.88213,2.744,2.13314,1.04204,-0.10212,-0.43404,-0.29692,0.59462,-1.25033,-2.06647,-0.89962,-0.22789,0.13382,-0.08294,0.20696,-0.02497,-0.12604,-0.01694,-0.01999,-0.02009,-0.01157,0.40075,-0.03855,0.06895,-0.1679,-0.04466,-0.03477,-0.01516
1.46,0.22099,0.00839,-0.11709,0.62211,0.00661,0.17347,-0.46537,0.03051,0.55745,0.4855,-0.00645,0.00046,1.78381,2.55485,1.83306,0.91917,-0.10027,-0.46786,-0.32684,0.51608,-0.99979,-1.75216,-0.59664,-0.21975,0.21345,0.00068,0.21413,-0.03082,-0.13244,-0.00443,-0.02222,-0.02273,-0.01288,0.37674,-0.05329,0.10043,-0.14677,-0.03707,-0.0269,-0.01175
1.48,0.21879,0.01033,-0.1088,0.66994,4e-05,0.1668,-0.43085,0.02668,0.56446,0.41299,0.02892,0.00043,1.66469,2.35928,1.52012,0.81862,-0.0951,-0.48567,-0.35419,0.42114,-0.77673,-1.3729,-0.30797,-0.19982,0.29344,0.0865,0.21754,-0.03612,-0.13437,0.00587,-0.02423,-0.02525,-0.01413,0.33522,-0.06623,0.13632,-0.12709,-0.02776,-0.01678,-0.00735
1.5,0.21387,0.01163,-0.09958,0.7099,-0.00456,0.15831,-0.39001,0.02327,0.55621,0.33699,0.06265,0.0004,1.53124,2.16075,1.2092,0.73714,-0.08745,-0.49158,-0.37732,0.31731,-0.58166,-0.95605,-0.04991,-0.16667,0.36481,0.1671,0.21752,-0.04128,-0.13421,0.01357,-0.02593,-0.02751,-0.01525,0.2783,-0.07608,0.17487,-0.11193,-0.01745,-0.00527,-0.00229
1.52,0.2067,0.0123,-0.0896,0.74266,-0.00748,0.14837,-0.34407,0.02051,0.53204,0.26104,0.09298,0.00036,1.39039,1.96276,0.91575,0.67172,-0.0783,-0.49081,-0.3945,0.21423,-0.41411,-0.5374,0.16198,-0.11942,0.41779,0.23481,0.2146,-0.04694,-0.13491,0.01838,-0.02722,-0.02937,-0.01615,0.20917,-0.08168,0.21363,-0.1043,-0.00703,0.0066,0.00298
1.54,0.19782,0.01239,-0.07897,0.76911,-0.00909,0.13732,-0.29421,0.01853,0.49185,0.18824,0.11832,0.00031,1.2479,1.76772,0.65169,0.61933,-0.06864,-0.48789,-0.40427,0.12101,-0.27203,-0.1503,0.31611,-0.05783,0.44437,0.28371,0.20937,-0.05368,-0.13886,0.02019,-0.02805,-0.0307,-0.01676,0.13113,-0.08231,0.24985,-0.10632,0.00266,0.01795,0.00811
1.56,0.18774,0.01196,-0.06774,0.79025,-0.00972,0.12549,-0.24157,0.01741,0.43639,0.12078,0.13761,0.00027,1.1076,1.57678,0.42339,0.57691,-0.05925,-0.48553,-0.40583,0.04472,-0.15167,0.18053,0.40687,0.01739,0.43991,0.31077,0.20245,-0.06194,-0.14721,0.01912,-0.02844,-0.03146,-0.01707,0.04718,-0.07805,0.28062,-0.11862,0.01107,0.02825,0.01288
1.58,0.17703,0.01111,-0.05591,0.80701,-0.00968,0.11326,-0.18758,0.01712,0.3677,0.06039,0.15017,0.00022,0.97237,1.39124,0.23306,0.5417,-0.05085,-0.48427,-0.39896,-0.00935,-0.04865,0.43784,0.43412,0.10401,0.40353,0.31592,0.19448,-0.07185,-0.15953,0.01546,-0.02848,-0.03171,-0.0171,-0.03946,-0.06979,0.30269,-0.14007,0.01782,0.0373,0.01719
1.6,0.16635,0.00997,-0.04359,0.82001,-0.00921,0.10107,-0.13432,0.0176,0.2893,0.00876,0.15559,0.00018,0.84507,1.2138,0.08075,0.51155,-0.0441,-0.48272,-0.38402,-0.03715,0.04101,0.60929,0.40193,0.19787,0.33779,0.30146,0.18619,-0.08323,-0.17399,0.00969,-0.02831,-0.03156,-0.01693,-0.12487,-0.05916,0.31233,-0.16792,0.0227,0.04511,0.02102
1.62,0.15641,0.00868,-0.0309,0.8296,-0.00852,0.08939,-0.0841,0.01874,0.20555,-0.03251,0.15371,0.00013,0.72831,1.04786,-0.03481,0.48485,-0.03971,-0.47819,-0.36178,-0.03616,0.12036,0.68788,0.31719,0.29326,0.24783,0.2712,0.17828,-0.09567,-0.18782,0.00238,-0.02812,-0.0312,-0.01668,-0.20485,-0.04819,0.30589,-0.19852,0.02559,0.05184,0.02444
1.64,0.14776,0.00735,-0.0179,0.83588,-0.00776,0.07845,-0.03873,0.02042,0.12045,-0.06248,0.14479,0.0001,0.62334,0.89544,-0.11628,0.46012,-0.03838,-0.46774,-0.33321,-0.00631,0.1915,0.67451,0.18824,0.38395,0.14025,0.22927,0.17133,-0.10862,-0.19807,-0.00592,-0.0281,-0.03081,-0.01646,-0.27607,-0.03865,0.28073,-0.22831,0.02646,0.05775,0.02752
1.66,0.14075,0.00608,-0.00459,0.83879,-0.00709,0.0682,0.00092,0.02254,0.03714,-0.08119,0.1296,7e-05,0.52962,0.7563,-0.16766,0.4358,-0.04088,-0.4488,-0.29949,0.04925,0.25534,0.58008,0.02453,0.46347,0.02274,0.17955,0.16571,-0.12144,-0.20212,-0.01475,-0.02846,-0.03057,-0.01636,-0.33652,-0.03177,0.23605,-0.25439,0.02534,0.06318,0.03041
1.68,0.13554,0.00493,0.00904,0.83809,-0.00663,0.05831,0.03467,0.02498,-0.04162,-0.08951,0.10966,5e-05,0.44548,0.62879,-0.1937,0.41041,-0.04797,-0.41954,-0.26228,0.12355,0.31102,0.42651,-0.16237,0.5246,-0.09513,0.12584,0.16164,-0.13337,-0.19776,-0.02367,-0.02937,-0.03065,-0.01649,-0.3852,-0.02815,0.17332,-0.27455,0.02236,0.06846,0.03324
1.7,0.13218,0.00393,0.0229,0.83333,-0.00648,0.04828,0.06268,0.0276,-0.11285,-0.08895,0.08711,3e-05,0.36879,0.51096,-0.19937,0.38268,-0.0604,-0.37888,-0.22378,0.20611,0.35568,0.24537,-0.35809,0.55905,-0.20162,0.07215,0.15918,-0.14342,-0.18319,-0.03224,-0.03102,-0.03123,-0.01692,-0.42159,-0.02789,0.09639,-0.28694,0.01773,0.07386,0.03613
1.72,0.13062,0.0031,0.03685,0.824,-0.00669,0.03755,0.08529,0.03032,-0.17369,-0.08134,0.06439,1e-05,0.29696,0.40064,-0.18937,0.35153,-0.07873,-0.32618,-0.18632,0.28501,0.38562,0.07135,-0.5472,0.55891,-0.28471,0.02232,0.15825,-0.15059,-0.15735,-0.04001,-0.03353,-0.03243,-0.01771,-0.44552,-0.03065,0.01059,-0.29005,0.0117,0.07957,0.03915
1.74,0.13076,0.00242,0.05084,0.80974,-0.00717,0.02547,0.10304,0.03313,-0.22223,-0.06857,0.04357,1e-05,0.2263,0.29489,-0.16792,0.31578,-0.10304,-0.26087,-0.15159,0.35028,0.39825,-0.06766,-0.71646,0.51913,-0.33552,-0.02065,0.15847,-0.15421,-0.12037,-0.04667,-0.03691,-0.03427,-0.01886,-0.45744,-0.03587,-0.07861,-0.28272,0.00459,0.08563,0.04231
1.76,0.13244,0.00181,0.06496,0.79057,-0.00762,0.01143,0.11659,0.03619,-0.25799,-0.05251,0.02599,0,0.15185,0.1899,-0.13869,0.27415,-0.13265,-0.18233,-0.12014,0.39599,0.39347,-0.15692,-0.85642,0.43948,-0.35062,-0.05505,0.15916,-0.15422,-0.0741,-0.05209,-0.04105,-0.03668,-0.02034,-0.4585,-0.0427,-0.16622,-0.26421,-0.00322,0.09187,0.04553
1.78,0.1354,0.00114,0.07935,0.76706,-0.00759,-0.00502,0.1266,0.03978,-0.28173,-0.03506,0.01231,-0,0.06791,0.0818,-0.10494,0.22559,-0.16585,-0.09044,-0.09158,0.42036,0.37399,-0.19566,-0.96081,0.32559,-0.33234,-0.08018,0.15928,-0.15114,-0.02252,-0.05628,-0.04565,-0.03942,-0.02199,-0.45058,-0.05007,-0.24724,-0.23432,-0.01121,0.09786,0.04857
1.8,0.13933,0.00025,0.09407,0.74036,-0.0064,-0.02413,0.13362,0.04427,-0.29503,-0.01822,0.00267,-0,-0.0314,-0.03259,-0.06974,0.16936,-0.19982,0.01387,-0.06488,0.42503,0.345,-0.19491,-1.02519,0.18864,-0.28797,-0.09606,0.15749,-0.14608,0.02824,-0.05937,-0.05022,-0.04211,-0.0236,-0.43614,-0.05666,-0.31611,-0.19345,-0.01872,0.10292,0.05111
1.82,0.14388,-0.00104,0.10917,0.71197,-0.00325,-0.04592,0.13802,0.05002,-0.29987,-0.00402,-0.00317,-0,-0.15175,-0.15559,-0.03599,0.10448,-0.23111,0.12874,-0.03863,0.41363,0.31284,-0.17255,-1.04675,0.04288,-0.22762,-0.10307,0.15227,-0.14036,0.07126,-0.06153,-0.05421,-0.04433,-0.02494,-0.41786,-0.06108,-0.36726,-0.14254,-0.02497,0.10622,0.05271
1.84,0.14876,-0.00287,0.12471,0.68327,0.00268,-0.07036,0.14007,0.05731,-0.29838,0.00578,-0.00577,-0,-0.29848,-0.28907,-0.00622,0.02877,-0.25645,0.25177,-0.01137,0.39015,0.28321,-0.14674,-1.02466,-0.0984,-0.16128,-0.10178,0.14219,-0.13522,0.10089,-0.06297,-0.05717,-0.04573,-0.0258,-0.39822,-0.06223,-0.39639,-0.08288,-0.02923,0.10701,0.053
1.86,0.15376,-0.00532,0.14083,0.65529,0.01217,-0.09731,0.13995,0.06617,-0.29257,0.00979,-0.00599,0,-0.47594,-0.43417,0.01735,-0.06162,-0.27326,0.37985,0.01821,0.35788,0.26004,-0.13154,-0.96061,-0.22512,-0.09713,-0.09282,0.1261,-0.13147,0.11419,-0.06394,-0.05891,-0.04614,-0.0261,-0.37922,-0.05952,-0.40125,-0.01621,-0.03089,0.10478,0.05174
1.88,0.15872,-0.00837,0.15761,0.62885,0.02586,-0.12635,0.13773,0.07635,-0.28435,0.00701,-0.00492,0,-0.68604,-0.59024,0.0326,-0.17163,-0.27961,0.50822,0.05091,0.31937,0.2453,-0.13588,-0.85921,-0.32994,-0.04151,-0.07687,0.10328,-0.12955,0.11108,-0.06471,-0.05949,-0.04559,-0.02585,-0.36249,-0.05291,-0.38176,0.05475,-0.02949,0.09933,0.04879
1.9,0.16351,-0.01193,0.17496,0.60476,0.04418,-0.15659,0.13337,0.08724,-0.27545,-0.00327,-0.00387,0,-0.92726,-0.75388,0.03738,-0.30668,-0.27409,0.62977,0.08692,0.27659,0.23941,-0.1639,-0.72799,-0.4073,0.00054,-0.05474,0.0735,-0.12951,0.09401,-0.06555,-0.05916,-0.04427,-0.02517,-0.34942,-0.04293,-0.33973,0.12601,-0.02465,0.09071,0.04419
1.92,0.16802,-0.0158,0.19264,0.58375,0.06743,-0.18681,0.12674,0.09799,-0.26724,-0.02141,-0.00426,0,-1.19511,-0.91947,0.02939,-0.47256,-0.25572,0.73601,0.12593,0.23079,0.24158,-0.21535,-0.57596,-0.45335,0.02547,-0.02745,0.03693,-0.13122,0.0671,-0.06663,-0.05836,-0.04249,-0.02421,-0.34114,-0.0306,-0.27845,0.19295,-0.0162,0.07922,0.03807
1.94,0.1722,-0.01972,0.21043,0.56608,0.09574,-0.21571,0.1176,0.10762,-0.26035,-0.04746,-0.00745,0,-1.48363,-1.08046,0.00636,-0.67564,-0.22412,0.81921,0.16748,0.18211,0.25029,-0.28613,-0.41131,-0.46662,0.03168,0.00358,-0.00608,-0.13453,0.0351,-0.06802,-0.0576,-0.04055,-0.02317,-0.33839,-0.01729,-0.20212,0.25152,-0.00422,0.06528,0.03067
1.96,0.17607,-0.02341,0.22814,0.55148,0.12904,-0.242,0.10564,0.11513,-0.2544,-0.08096,-0.01463,1e-05,-1.78542,-1.22986,-0.03378,-0.92218,-0.17969,0.87358,0.21109,0.12952,0.26352,-0.36826,-0.24052,-0.44852,0.01992,0.03641,-0.05501,-0.13936,0.00276,-0.06956,-0.05743,-0.03868,-0.02219,-0.3414,-0.0047,-0.11579,0.29895,0.01078,0.04947,0.02227
1.98,0.17973,-0.02652,0.24548,0.53916,0.16682,-0.26425,0.09061,0.11946,-0.24805,-0.1207,-0.02675,1e-05,-2.08935,-1.3591,-0.09261,-1.21657,-0.12398,0.89509,0.2559,0.0712,0.27875,-0.44931,-0.06933,-0.4035,-0.00655,0.06821,-0.10878,-0.14572,-0.02506,-0.07086,-0.05842,-0.03708,-0.0214,-0.34989,0.00501,-0.026,0.33349,0.02775,0.03263,0.01334
2,0.18327,-0.02861,0.26195,0.52801,0.20794,-0.28073,0.07233,0.11945,-0.23911,-0.16461,-0.04444,1e-05,-2.37908,-1.45735,-0.17098,-1.55956,-0.05979,0.88094,0.30051,0.00501,0.293,-0.51275,0.09609,-0.33873,-0.0423,0.09513,-0.16551,-0.15367,-0.04337,-0.07131,-0.06116,-0.03588,-0.02091,-0.36312,0.00929,0.05901,0.35402,0.0451,0.01589,0.00449
2.02,0.1868,-0.02927,0.27697,0.5167,0.25088,-0.28973,0.0507,0.11411,-0.22503,-0.21011,-0.06805,2e-05,-2.63559,-1.51332,-0.2691,-1.94835,0.00924,0.82965,0.34345,-0.07101,0.30327,-0.54124,0.24958,-0.26265,-0.08108,0.11267,-0.22287,-0.1633,-0.04785,-0.07029,-0.06615,-0.03517,-0.02081,-0.38006,0.00558,0.13067,0.35996,0.06102,0.00056,-0.00357
2.04,0.19045,-0.02826,0.29005,0.50386,0.29425,-0.29013,0.02553,0.10297,-0.20352,-0.25477,-0.09756,2e-05,-2.84257,-1.51862,-0.38671,-2.37759,0.0796,0.74157,0.38399,-0.15809,0.30727,-0.52208,0.38645,-0.18302,-0.11776,0.11633,-0.27879,-0.17477,-0.03628,-0.06734,-0.07369,-0.03497,-0.02111,-0.39973,-0.00793,0.18252,0.3514,0.07405,-0.01234,-0.01028
2.06,0.19437,-0.02562,0.30096,0.48816,0.33704,-0.28185,-0.00336,0.08645,-0.17309,-0.29667,-0.13248,3e-05,-2.98936,-1.47029,-0.52277,-2.83855,0.1482,0.61961,0.42263,-0.2561,0.30392,-0.45102,0.5041,-0.10577,-0.14949,0.10207,-0.33174,-0.18823,-0.00954,-0.06237,-0.08372,-0.03517,-0.02178,-0.42125,-0.03181,0.21175,0.32937,0.08345,-0.02215,-0.01532
2.08,0.1987,-0.02173,0.30965,0.46851,0.37826,-0.26599,-0.03601,0.06599,-0.13337,-0.3341,-0.17155,4e-05,-3.07051,-1.37157,-0.67442,-3.31552,0.212,0.47022,0.46096,-0.36266,0.29349,-0.33366,0.60119,-0.03532,-0.17583,0.06652,-0.38044,-0.20377,0.02797,-0.05574,-0.09577,-0.03559,-0.02269,-0.44379,-0.06502,0.21935,0.29593,0.0892,-0.02867,-0.01859
2.1,0.20352,-0.01727,0.31616,0.44412,0.4167,-0.24469,-0.07207,0.04406,-0.08519,-0.36534,-0.21264,4e-05,-3.08414,-1.23146,-0.83631,-3.78366,0.26757,0.30375,0.50112,-0.47274,0.27743,-0.18458,0.67663,0.02484,-0.19819,0.00716,-0.42341,-0.22129,0.06862,-0.04825,-0.10888,-0.03596,-0.02365,-0.46631,-0.10503,0.2094,0.25417,0.09185,-0.03196,-0.02015
2.12,0.20889,-0.01307,0.32055,0.41457,0.45086,-0.22061,-0.11072,0.0235,-0.03031,-0.38872,-0.25308,6e-05,-3.03094,-1.06241,-1.00158,-4.21353,0.31148,0.13247,0.54506,-0.57979,0.25773,-0.0229,0.72907,0.07215,-0.21885,-0.07696,-0.45892,-0.2406,0.10346,-0.04092,-0.12184,-0.03593,-0.02443,-0.48754,-0.14841,0.18791,0.20769,0.09223,-0.03229,-0.02022
2.14,0.21482,-0.0098,0.32292,0.37978,0.47916,-0.19602,-0.15075,0.00667,0.0293,-0.40311,-0.29041,7e-05,-2.91373,-0.87687,-1.16398,-4.57998,0.34127,-0.03267,0.59362,-0.67777,0.23598,0.13437,0.75697,0.10543,-0.23971,-0.18424,-0.48523,-0.26155,0.12493,-0.03479,-0.13351,-0.03523,-0.02481,-0.50586,-0.19194,0.16122,0.15977,0.09117,-0.03014,-0.01907
2.16,0.22131,-0.0079,0.32341,0.34019,0.5,-0.17239,-0.19043,-0.00519,0.09158,-0.40813,-0.32274,8e-05,-2.73771,-0.68562,-1.31873,-4.8671,0.35601,-0.18369,0.64572,-0.76231,0.21286,0.27642,0.75861,0.12513,-0.26132,-0.30933,-0.50059,-0.28409,0.12881,-0.03068,-0.14292,-0.03364,-0.02463,-0.51926,-0.23311,0.135,0.11296,0.08927,-0.02612,-0.01702
2.18,0.22824,-0.00746,0.32216,0.29702,0.51159,-0.15042,-0.22717,-0.01201,0.15404,-0.40422,-0.34859,9e-05,-2.51166,-0.49881,-1.46157,-5.06712,0.35631,-0.31491,0.69777,-0.83025,0.18816,0.39854,0.73197,0.13315,-0.28251,-0.44198,-0.50319,-0.3081,0.11451,-0.02922,-0.14935,-0.03104,-0.02378,-0.52515,-0.27003,0.11426,0.0693,0.08686,-0.02103,-0.01447
2.2,0.23539,-0.00834,0.31933,0.25246,0.51183,-0.13024,-0.25742,-0.01464,0.21337,-0.39243,-0.36663,0.00011,-2.24848,-0.32707,-1.58766,-5.1774,0.34399,-0.4217,0.74368,-0.87902,0.16103,0.50047,0.67479,0.13255,-0.30045,-0.56702,-0.49103,-0.3332,0.08485,-0.03088,-0.15218,-0.02744,-0.02222,-0.52045,-0.30105,0.10343,0.03071,0.08401,-0.01585,-0.01188
2.22,0.24245,-0.01022,0.31505,0.2092,0.49877,-0.11169,-0.27744,-0.01447,0.2659,-0.37421,-0.37583,0.00011,-1.96314,-0.18057,-1.69212,-5.19861,0.32155,-0.50052,0.77638,-0.90661,0.1306,0.58448,0.58547,0.12686,-0.31158,-0.66765,-0.46236,-0.35863,0.04527,-0.03584,-0.15107,-0.02294,-0.01999,-0.50214,-0.32482,0.10607,-0.00114,0.08067,-0.01154,-0.00969
2.24,0.24913,-0.01274,0.30941,0.16953,0.47126,-0.09441,-0.28454,-0.01292,0.30859,-0.35112,-0.37573,0.00011,-1.66895,-0.06664,-1.77147,-5.13376,0.29148,-0.54978,0.79028,-0.91203,0.09661,0.65329,0.46438,0.11937,-0.31312,-0.73075,-0.41633,-0.38324,0.00278,-0.04391,-0.14617,-0.01773,-0.01718,-0.46825,-0.34057,0.12426,-0.02515,0.07674,-0.00891,-0.00828
2.26,0.25517,-0.01559,0.30245,0.13494,0.42961,-0.07809,-0.27802,-0.01106,0.3395,-0.32465,-0.36675,0.00011,-1.37612,0.01157,-1.82447,-4.98807,0.2559,-0.5703,0.78297,-0.89574,0.06002,0.70849,0.31529,0.11263,-0.30404,-0.75054,-0.35372,-0.40537,-0.03458,-0.05433,-0.13828,-0.01212,-0.01398,-0.41873,-0.34824,0.15812,-0.04103,0.07219,-0.00837,-0.00783
2.28,0.26036,-0.0185,0.29425,0.10621,0.376,-0.06262,-0.2594,-0.00958,0.35774,-0.29645,-0.35028,0.0001,-1.09352,0.05474,-1.8519,-4.76966,0.21678,-0.56526,0.75565,-0.85975,0.02339,0.74965,0.14679,0.10836,-0.2854,-0.72915,-0.27748,-0.42261,-0.05753,-0.0657,-0.12901,-0.00655,-0.01072,-0.35591,-0.34847,0.20541,-0.04919,0.06712,-0.00998,-0.00835
2.3,0.26444,-0.02119,0.28493,0.08375,0.31452,-0.04815,-0.23216,-0.00881,0.36308,-0.26842,-0.32857,9e-05,-0.83068,0.06632,-1.85562,-4.48987,0.17608,-0.5396,0.71265,-0.80751,-0.00903,0.77412,-0.0275,0.10756,-0.26014,-0.67545,-0.19293,-0.43182,-0.05587,-0.076,-0.12062,-0.00164,-0.00782,-0.28457,-0.34239,0.26162,-0.05049,0.06177,-0.01344,-0.00972
2.32,0.26711,-0.02345,0.27461,0.06766,0.25022,-0.0351,-0.20085,-0.00878,0.35578,-0.24248,-0.30424,8e-05,-0.597,0.05141,-1.83712,-4.1613,0.13576,-0.4991,0.65981,-0.74314,-0.03232,0.77792,-0.19176,0.11059,-0.23214,-0.60187,-0.10666,-0.42983,-0.02059,-0.08283,-0.1155,0.00198,-0.00574,-0.21073,-0.3314,0.32082,-0.04609,0.05642,-0.01821,-0.01171
2.34,0.26812,-0.02508,0.26336,0.05766,0.1877,-0.02389,-0.16976,-0.00937,0.33656,-0.22019,-0.27958,7e-05,-0.39906,0.01556,-1.7957,-3.79443,0.09739,-0.44906,0.60214,-0.67033,-0.04243,0.75748,-0.33288,0.11725,-0.2049,-0.51986,-0.0249,-0.41454,0.05261,-0.08394,-0.11533,0.00388,-0.00477,-0.13979,-0.31688,0.37703,-0.03725,0.05131,-0.02372,-0.01402
2.36,0.2673,-0.02597,0.2512,0.05305,0.13021,-0.01484,-0.14215,-0.01034,0.30662,-0.20244,-0.25612,6e-05,-0.2393,-0.03582,-1.72744,-3.39676,0.06212,-0.39373,0.54242,-0.59194,-0.03725,0.71091,-0.44337,0.12681,-0.18074,-0.43724,0.04748,-0.38575,0.16066,-0.07757,-0.12047,0.00396,-0.00501,-0.07544,-0.29999,0.42503,-0.02518,0.04651,-0.02935,-0.0164
2.38,0.26452,-0.02605,0.23812,0.05276,0.07995,-0.00829,-0.12022,-0.01138,0.26788,-0.1896,-0.23469,5e-05,-0.11711,-0.09732,-1.62536,-2.97543,0.03094,-0.33646,0.48129,-0.51037,-0.01691,0.63855,-0.52119,0.13797,-0.16073,-0.35799,0.1066,-0.34562,0.29171,-0.06252,-0.12979,0.0025,-0.00623,-0.01991,-0.28178,0.4601,-0.01119,0.04197,-0.0345,-0.01854
2.4,0.25974,-0.02532,0.22423,0.05544,0.03854,-0.00457,-0.1054,-0.0121,0.22303,-0.18166,-0.21565,5e-05,-0.03024,-0.16324,-1.48045,-2.53983,0.0049,-0.28012,0.41788,-0.42813,0.01648,0.54314,-0.56837,0.14888,-0.14501,-0.28326,0.14906,-0.29847,0.42575,-0.03823,-0.14085,0.00011,-0.00801,0.02548,-0.26327,0.47783,0.00335,0.03757,-0.03853,-0.02015
2.42,0.25296,-0.02378,0.20968,0.05957,0.00699,-0.00398,-0.09841,-0.01214,0.17517,-0.17836,-0.19902,5e-05,0.02453,-0.22788,-1.2841,-2.10074,-0.01504,-0.22708,0.35074,-0.34774,0.05951,0.42921,-0.58936,0.15753,-0.13307,-0.21248,0.17226,-0.24963,0.53967,-0.00473,-0.15061,-0.00246,-0.0098,0.06011,-0.24537,0.4747,0.01713,0.03315,-0.04086,-0.02094
2.44,0.24421,-0.02151,0.19462,0.0637,-0.01447,-0.00659,-0.09921,-0.01125,0.1271,-0.17927,-0.18458,5e-05,0.05144,-0.2862,-1.03157,-1.66715,-0.02839,-0.17885,0.2787,-0.27112,0.10847,0.30215,-0.58934,0.16237,-0.12407,-0.14457,0.1753,-0.20359,0.61509,0.0373,-0.15651,-0.00455,-0.01114,0.08412,-0.22859,0.44928,0.0292,0.02859,-0.04109,-0.02074
2.46,0.23358,-0.01858,0.17913,0.06649,-0.02662,-0.01211,-0.10692,-0.00942,0.08107,-0.18377,-0.17193,6e-05,0.05582,-0.33405,-0.72526,-1.24552,-0.0354,-0.13602,0.20187,-0.19948,0.15993,0.16806,-0.57313,0.16268,-0.11704,-0.07903,0.15956,-0.16298,0.64356,0.08636,-0.15716,-0.00577,-0.01176,0.09842,-0.21301,0.4032,0.03911,0.02384,-0.0392,-0.01952
2.48,0.2213,-0.01516,0.16335,0.06672,-0.0311,-0.01985,-0.11982,-0.00693,0.03903,-0.19109,-0.16064,7e-05,0.04395,-0.36783,-0.37776,-0.84286,-0.03706,-0.09856,0.12242,-0.13386,0.21041,0.03466,-0.54492,0.15868,-0.11103,-0.01671,0.12899,-0.12852,0.62755,0.1397,-0.15253,-0.00604,-0.01161,0.10454,-0.19831,0.34165,0.04689,0.01895,-0.03547,-0.01745
2.5,0.20776,-0.01146,0.14759,0.06334,-0.03017,-0.02869,-0.13539,-0.00427,0.00292,-0.20027,-0.15034,7e-05,0.02277,-0.38417,-0.01252,-0.46942,-0.03491,-0.06626,0.04476,-0.07561,0.25613,-0.08814,-0.50837,0.15141,-0.10518,0.03992,0.08977,-0.09957,0.57882,0.19326,-0.14376,-0.00552,-0.01084,0.1044,-0.18399,0.27311,0.05289,0.01413,-0.03055,-0.01485
2.52,0.19346,-0.00776,0.13224,0.05546,-0.02635,-0.03739,-0.15088,-0.00206,-0.02545,-0.21026,-0.14073,8e-05,-0.00102,-0.38014,0.34143,-0.13696,-0.03075,-0.03895,-0.02564,-0.02611,0.2934,-0.18986,-0.46651,0.14231,-0.0989,0.08768,0.04904,-0.07478,0.51377,0.24232,-0.13262,-0.00451,-0.0097,0.10007,-0.16948,0.20725,0.05762,0.00966,-0.0252,-0.0121
2.54,0.17883,-0.00428,0.11757,0.04257,-0.0218,-0.04487,-0.16404,-0.00083,-0.04492,-0.22003,-0.13154,8e-05,-0.02203,-0.35384,0.65858,0.14595,-0.02617,-0.01665,-0.08452,0.01391,0.31932,-0.2625,-0.42163,0.13272,-0.09204,0.12431,0.01294,-0.0528,0.4469,0.28288,-0.1207,-0.00333,-0.00844,0.09346,-0.1544,0.15162,0.06148,0.00575,-0.02004,-0.00951
2.56,0.16413,-0.00117,0.10367,0.02464,-0.01804,-0.05047,-0.17366,-0.0009,-0.05525,-0.22859,-0.12249,8e-05,-0.03692,-0.30496,0.92214,0.3764,-0.02232,0.0003,-0.13013,0.04481,0.33234,-0.30253,-0.37532,0.12344,-0.08505,0.14946,-0.01456,-0.03282,0.38668,0.31246,-0.10894,-0.00216,-0.00719,0.08616,-0.1387,0.10966,0.06465,0.0025,-0.01539,-0.00723
2.58,0.14959,0.00146,0.0905,0.00231,-0.01585,-0.05395,-0.17955,-0.00235,-0.0571,-0.23499,-0.11338,7e-05,-0.04445,-0.23527,1.12326,0.55581,-0.01983,0.01103,-0.16321,0.06785,0.33221,-0.31088,-0.32887,0.11479,-0.07907,0.16482,-0.03177,-0.01495,0.33486,0.33,-0.09758,-0.00105,-0.006,0.07945,-0.12281,0.08045,0.06696,-0.00011,-0.01125,-0.00524
2.6,0.13549,0.00352,0.07804,-0.02307,-0.01538,-0.0554,-0.18244,-0.00502,-0.05185,-0.23824,-0.10417,6e-05,-0.04519,-0.14863,1.25843,0.68772,-0.01893,0.01415,-0.18633,0.08486,0.31972,-0.29222,-0.28354,0.10671,-0.07586,0.17354,-0.03885,-0.00016,0.2876,0.33554,-0.0863,2e-05,-0.00483,0.07434,-0.10769,0.05959,0.06797,-0.00217,-0.00738,-0.00341
2.62,0.1221,0.00496,0.06626,-0.04976,-0.01636,-0.05511,-0.1835,-0.00863,-0.04128,-0.23741,-0.0949,5e-05,-0.04075,-0.05025,1.32793,0.77673,-0.01951,0.00816,-0.20296,0.09794,0.29628,-0.25344,-0.24054,0.09885,-0.07728,0.1794,-0.03721,0.01009,0.23795,0.32993,-0.07451,0.00117,-0.00359,0.07158,-0.09451,0.04109,0.06709,-0.00382,-0.00343,-0.00154
2.64,0.10958,0.00579,0.05509,-0.07611,-0.01842,-0.05345,-0.18391,-0.01284,-0.02728,-0.23187,-0.08565,4e-05,-0.03292,0.05468,1.33518,0.82811,-0.02132,-0.00775,-0.2163,0.10915,0.26343,-0.20191,-0.20069,0.09083,-0.08454,0.18554,-0.02878,0.01461,0.17905,0.31457,-0.06156,0.00251,-0.00218,0.07156,-0.08408,0.0198,0.06386,-0.00519,0.00087,0.00055
2.66,0.09791,0.00606,0.04443,-0.10078,-0.02126,-0.05075,-0.18452,-0.01735,-0.01162,-0.22143,-0.0765,3e-05,-0.02307,0.16147,1.28645,0.84769,-0.02406,-0.0331,-0.22853,0.12028,0.22265,-0.14446,-0.16427,0.08232,-0.09758,0.19369,-0.0156,0.01301,0.10653,0.29134,-0.04708,0.0041,-0.00054,0.07428,-0.0765,-0.00681,0.05819,-0.00636,0.0056,0.00288
2.68,0.08696,0.00589,0.03417,-0.12268,-0.02469,-0.0473,-0.18572,-0.02183,0.00391,-0.20646,-0.06758,2e-05,-0.01203,0.26528,1.19094,0.8414,-0.02736,-0.06579,-0.24044,0.13275,0.17559,-0.0875,-0.13135,0.07318,-0.11492,0.20386,0.00026,0.00582,0.01966,0.26271,-0.0311,0.00597,0.00131,0.07933,-0.07112,-0.03801,0.0504,-0.00736,0.01057,0.00537
2.7,0.07661,0.00547,0.02432,-0.14074,-0.02862,-0.04337,-0.18753,-0.02595,0.0175,-0.18789,-0.05916,2e-05,-0.00023,0.36048,1.0606,0.81504,-0.03079,-0.10212,-0.25153,0.14754,0.12426,-0.03735,-0.10201,0.06347,-0.13367,0.2145,0.01664,-0.00561,-0.07847,0.23177,-0.01411,0.00806,0.00334,0.08593,-0.06673,-0.07001,0.0412,-0.00816,0.01532,0.00776
2.72,0.06675,0.00497,0.01495,-0.15404,-0.03304,-0.03918,-0.18971,-0.02937,0.02745,-0.16694,-0.05156,1e-05,0.01228,0.44122,0.90886,0.77391,-0.03393,-0.13755,-0.2604,0.16524,0.07081,0.00024,-0.0763,0.05339,-0.15027,0.22315,0.03156,-0.01946,-0.18222,0.20176,0.00309,0.01026,0.00541,0.09316,-0.06183,-0.09733,0.0315,-0.00869,0.01923,0.00973
2.74,0.05729,0.00456,0.00608,-0.16206,-0.03797,-0.03488,-0.19207,-0.03181,0.03262,-0.14475,-0.04504,1e-05,0.02575,0.50279,0.74868,0.7226,-0.03641,-0.16782,-0.26549,0.18628,0.01704,0.0211,-0.054,0.0431,-0.16153,0.22753,0.04368,-0.03387,-0.28547,0.17522,0.0197,0.01246,0.00744,0.10033,-0.05507,-0.11499,0.02198,-0.00888,0.0218,0.01101
2.76,0.04815,0.00432,-0.00237,-0.16487,-0.0435,-0.03058,-0.19457,-0.03311,0.03257,-0.12216,-0.03975,1e-05,0.04066,0.54244,0.59183,0.66504,-0.03795,-0.18964,-0.26556,0.21091,-0.03585,0.02324,-0.03446,0.03268,-0.16525,0.22624,0.05252,-0.04726,-0.38267,0.15358,0.03508,0.01455,0.00933,0.10716,-0.04551,-0.11993,0.01291,-0.00873,0.02275,0.01146
2.78,0.03934,0.00427,-0.01053,-0.16311,-0.04968,-0.02629,-0.19741,-0.03321,0.02768,-0.09983,-0.03573,1e-05,0.05756,0.55914,0.44986,0.60488,-0.0384,-0.20071,-0.2598,0.23911,-0.08682,0.00699,-0.01673,0.02216,-0.16041,0.21889,0.05846,-0.05826,-0.46844,0.13717,0.04864,0.01641,0.01098,0.11383,-0.0328,-0.11129,0.00417,-0.00824,0.02205,0.01106
2.8,0.03104,0.00438,-0.01851,-0.15792,-0.05652,-0.02205,-0.20094,-0.03211,0.01904,-0.07843,-0.03298,1e-05,0.07699,0.55321,0.3349,0.54585,-0.03767,-0.19948,-0.24781,0.2704,-0.13469,-0.02532,0.0002,0.01159,-0.14703,0.2061,0.06262,-0.06565,-0.53693,0.12548,0.05977,0.0179,0.0123,0.12084,-0.0172,-0.09019,-0.00469,-0.00749,0.01991,0.00992
2.82,0.02352,0.00454,-0.02642,-0.15066,-0.06399,-0.01789,-0.20571,-0.02989,0.00808,-0.05858,-0.0315,2e-05,0.0993,0.52596,0.25786,0.49139,-0.03578,-0.1853,-0.22972,0.30405,-0.17822,-0.07002,0.01736,0.00108,-0.12594,0.18917,0.06654,-0.06842,-0.58269,0.11742,0.06792,0.01888,0.01321,0.12892,0.00072,-0.05894,-0.01433,-0.00656,0.01665,0.00821
2.84,0.01706,0.00467,-0.0344,-0.14255,-0.07202,-0.01384,-0.2125,-0.02666,-0.00377,-0.0407,-0.03128,3e-05,0.12462,0.47959,0.22516,0.44381,-0.03284,-0.15869,-0.20629,0.33949,-0.21664,-0.12302,0.03569,-0.0093,-0.09853,0.16983,0.07183,-0.06604,-0.60232,0.11155,0.07276,0.01927,0.01365,0.13893,0.02034,-0.02017,-0.02556,-0.00554,0.01261,0.00614
2.86,0.01191,0.00466,-0.04262,-0.13453,-0.08054,-0.0099,-0.22226,-0.02253,-0.0154,-0.02498,-0.03232,4e-05,0.15265,0.41732,0.23632,0.40392,-0.02911,-0.12161,-0.17915,0.37637,-0.24981,-0.18025,0.0559,-0.01947,-0.06668,0.15,0.0799,-0.05856,-0.59562,0.10625,0.07433,0.01904,0.01362,0.15166,0.04124,0.02368,-0.03924,-0.0045,0.00808,0.00385
2.88,0.00827,0.00442,-0.05126,-0.1272,-0.08937,-0.00615,-0.2361,-0.01768,-0.02598,-0.01149,-0.03465,5e-05,0.18245,0.34382,0.28351,0.37125,-0.02498,-0.07789,-0.15102,0.41441,-0.27799,-0.23737,0.07836,-0.0293,-0.03296,0.13195,0.09186,-0.04675,-0.5659,0.09981,0.07305,0.01828,0.01317,0.16776,0.06304,0.07021,-0.05617,-0.0035,0.00332,0.00148
2.9,0.00638,0.00387,-0.06041,-0.12094,-0.09819,-0.00269,-0.25515,-0.01235,-0.03485,-0.0003,-0.03828,6e-05,0.21231,0.26536,0.35241,0.34443,-0.02103,-0.03309,-0.12575,0.45307,-0.3016,-0.28946,0.10292,-0.03853,-0.00072,0.11832,0.10846,-0.03203,-0.51945,0.09051,0.06964,0.01712,0.01244,0.18763,0.08529,0.11674,-0.07695,-0.0026,-0.00143,-0.00085
2.92,0.00645,0.00295,-0.0701,-0.11589,-0.10665,0.00032,-0.28048,-0.0068,-0.04159,0.00842,-0.04318,7e-05,0.24021,0.18882,0.42557,0.32157,-0.01784,0.00655,-0.10756,0.49174,-0.32115,-0.33169,0.12898,-0.04683,0.02645,0.1118,0.13013,-0.01607,-0.46387,0.07681,0.06493,0.01574,0.01153,0.2115,0.10743,0.16048,-0.10199,-0.00187,-0.00592,-0.003
2.94,0.00864,0.00159,-0.08036,-0.11198,-0.11446,0.00279,-0.31298,-0.00118,-0.04608,0.01441,-0.04925,8e-05,0.26453,0.11993,0.48706,0.30054,-0.01585,0.03587,-0.09999,0.53006,-0.33724,-0.36051,0.15561,-0.05392,0.04569,0.11442,0.15705,-0.00032,-0.4056,0.05762,0.05965,0.01428,0.01056,0.23949,0.12896,0.19885,-0.13145,-0.00134,-0.00995,-0.00489
2.96,0.01296,-0.00021,-0.09122,-0.10888,-0.1215,0.00468,-0.35308,0.0045,-0.04856,0.01725,-0.05619,9e-05,0.28449,0.06233,0.52556,0.27919,-0.01522,0.05192,-0.105,0.56803,-0.35064,-0.37434,0.18159,-0.05966,0.05545,0.12713,0.18911,0.01439,-0.3485,0.03253,0.05423,0.0128,0.00958,0.27155,0.14936,0.22972,-0.16512,-0.00104,-0.01334,-0.00642
2.98,0.01923,-0.00244,-0.10261,-0.10608,-0.12779,0.00603,-0.40049,0.01033,-0.04963,0.01637,-0.0635,9e-05,0.3001,0.01777,0.53477,0.25564,-0.01578,0.05409,-0.12289,0.60577,-0.36218,-0.3737,0.20521,-0.06398,0.05553,0.1496,0.22563,0.02774,-0.29391,0.00209,0.04884,0.01131,0.00859,0.30728,0.16799,0.2511,-0.2022,-0.00097,-0.0159,-0.00754
3,0.02709,-0.00501,-0.11432,-0.10289,-0.1334,0.00693,-0.45396,0.01647,-0.05021,0.01104,-0.07041,0.0001,0.31192,-0.01328,0.51269,0.22834,-0.01712,0.04375,-0.15233,0.64319,-0.37259,-0.36082,0.22411,-0.06687,0.0469,0.18022,0.26526,0.03983,-0.24128,-0.03217,0.04345,0.00976,0.00755,0.34571,0.18396,0.26103,-0.24103,-0.00113,-0.01747,-0.00817
3.02,0.03608,-0.0078,-0.12604,-0.09857,-0.1385,0.00749,-0.51147,0.02311,-0.05134,0.00041,-0.07599,0.0001,0.32084,-0.03127,0.46052,0.19611,-0.01867,0.02356,-0.19088,0.68002,-0.38248,-0.33902,0.23556,-0.06829,0.03126,0.21653,0.30614,0.05101,-0.18896,-0.06794,0.03787,0.00807,0.00642,0.3854,0.19627,0.25784,-0.27934,-0.0015,-0.01786,-0.00825
3.04,0.04564,-0.01061,-0.13747,-0.09246,-0.14333,0.00786,-0.57073,0.03044,-0.05413,-0.01621,-0.0793,0.0001,0.32782,-0.03724,0.38131,0.158,-0.01992,-0.00344,-0.23555,0.71592,-0.39237,-0.3119,0.23693,-0.06819,0.01053,0.25575,0.34641,0.06177,-0.13514,-0.10268,0.03189,0.00617,0.00513,0.42483,0.20416,0.24081,-0.3146,-0.00206,-0.01702,-0.00778
3.06,0.05523,-0.01323,-0.14835,-0.08406,-0.14824,0.00816,-0.62928,0.03862,-0.05951,-0.03921,-0.07951,0.0001,0.33373,-0.03271,0.2794,0.11329,-0.02053,-0.03428,-0.28311,0.75048,-0.40267,-0.28289,0.22609,-0.06645,-0.01339,0.29498,0.38436,0.07259,-0.07855,-0.13387,0.0253,0.00402,0.00366,0.46243,0.20729,0.2107,-0.34421,-0.0028,-0.01504,-0.0068
3.08,0.06423,-0.01536,-0.15841,-0.07314,-0.15366,0.00853,-0.68412,0.04771,-0.06828,-0.06849,-0.07588,0.0001,0.33925,-0.01959,0.16092,0.06186,-0.02035,-0.06601,-0.32977,0.78296,-0.41358,-0.25536,0.20148,-0.06291,-0.03854,0.33103,0.41819,0.08386,-0.01919,-0.15876,0.01801,0.00163,0.00201,0.49634,0.20579,0.17009,-0.36531,-0.00367,-0.0122,-0.00545
3.1,0.07189,-0.01664,-0.1673,-0.05978,-0.16001,0.00911,-0.73135,0.05762,-0.08095,-0.10328,-0.06779,0.0001,0.34481,-0.00016,0.03417,0.00446,-0.01937,-0.09551,-0.371,0.81205,-0.42503,-0.23274,0.16222,-0.05741,-0.06278,0.3602,0.44578,0.09579,0.04147,-0.17429,0.01007,-0.00091,0.00023,0.5242,0.20015,0.12323,-0.37464,-0.00465,-0.00893,-0.00391
3.12,0.07741,-0.01669,-0.17461,-0.0444,-0.16768,0.01,-0.76674,0.06807,-0.09776,-0.1423,-0.05459,0.0001,0.35047,0.02322,-0.09163,-0.0573,-0.01771,-0.11982,-0.40216,0.83601,-0.43665,-0.21809,0.10825,-0.04991,-0.08402,0.37872,0.46503,0.10841,0.10085,-0.17755,0.00165,-0.00349,-0.00161,0.54356,0.19103,0.07503,-0.36905,-0.00571,-0.00572,-0.0024
3.14,0.08012,-0.01523,-0.18004,-0.02771,-0.17694,0.01127,-0.78682,0.07866,-0.11846,-0.18397,-0.03559,0.0001,0.35586,0.04841,-0.20871,-0.12124,-0.0155,-0.13667,-0.41958,0.85302,-0.44777,-0.21345,0.04051,-0.04069,-0.10058,0.38366,0.47442,0.12163,0.15614,-0.16664,-0.00696,-0.00595,-0.0034,0.55254,0.17906,0.02928,-0.34647,-0.00683,-0.00291,-0.00107
3.16,0.07963,-0.0122,-0.18345,-0.0108,-0.18781,0.01292,-0.7896,0.08882,-0.14224,-0.22644,-0.01005,0.0001,0.36008,0.07366,-0.31191,-0.18455,-0.01281,-0.1448,-0.4214,0.86138,-0.45745,-0.21927,-0.03867,-0.0305,-0.11153,0.37352,0.47352,0.13525,0.20475,-0.14138,-0.01535,-0.00818,-0.00505,0.55038,0.16471,-0.01224,-0.30663,-0.00805,-0.0006,5e-05
3.18,0.07579,-0.00773,-0.18488,0.00475,-0.20003,0.01486,-0.77466,0.09773,-0.16745,-0.26724,0.02264,9e-05,0.36162,0.09744,-0.39815,-0.24331,-0.00968,-0.14405,-0.4076,0.85953,-0.46431,-0.23432,-0.12485,-0.02069,-0.11657,0.3484,0.46301,0.14885,0.244,-0.10355,-0.02296,-0.01002,-0.00645,0.53752,0.14838,-0.04981,-0.25154,-0.00942,0.00136,0.00105
3.2,0.06871,-0.00219,-0.18445,0.01679,-0.21297,0.01694,-0.74297,0.1043,-0.19159,-0.30315,0.0628,9e-05,0.35846,0.11828,-0.46554,-0.29224,-0.00612,-0.13507,-0.37986,0.8459,-0.4666,-0.25583,-0.21129,-0.01316,-0.11592,0.30992,0.44457,0.16173,0.27097,-0.05691,-0.02903,-0.01132,-0.00749,0.51546,0.13049,-0.08513,-0.18541,-0.01103,0.00334,0.0021
3.22,0.05866,0.00392,-0.18237,0.02303,-0.22576,0.01892,-0.6964,0.10734,-0.21182,-0.33067,0.11051,8e-05,0.34852,0.13487,-0.51287,-0.32575,-0.00218,-0.11914,-0.34092,0.81912,-0.46239,-0.2802,-0.29018,-0.00989,-0.11016,0.26077,0.42043,0.17324,0.28344,-0.00628,-0.03278,-0.01194,-0.00803,0.48626,0.11156,-0.12055,-0.11375,-0.01294,0.00579,0.00341
3.24,0.04593,0.01013,-0.17888,0.02157,-0.23751,0.02054,-0.63716,0.1059,-0.22575,-0.347,0.16576,8e-05,0.33031,0.14626,-0.5396,-0.33973,0.00209,-0.09777,-0.29391,0.77827,-0.45005,-0.30396,-0.3548,-0.0122,-0.10007,0.20399,0.39274,0.18321,0.2815,0.04368,-0.03376,-0.01185,-0.00804,0.45185,0.09218,-0.15807,-0.04179,-0.01521,0.0091,0.00517
3.26,0.03081,0.01603,-0.17423,0.01138,-0.2474,0.02155,-0.56763,0.09951,-0.23199,-0.35066,0.22833,7e-05,0.30352,0.15208,-0.54575,-0.33281,0.00657,-0.07256,-0.24196,0.72323,-0.42854,-0.32437,-0.4008,-0.02024,-0.08655,0.14281,0.36332,0.19224,0.26873,0.08918,-0.03205,-0.01114,-0.00758,0.41371,0.07317,-0.1985,0.02632,-0.01783,0.01346,0.00746
3.28,0.01366,0.0213,-0.16871,-0.00756,-0.25465,0.02165,-0.49078,0.08823,-0.23024,-0.34164,0.29735,6e-05,0.2693,0.15248,-0.53173,-0.30666,0.01106,-0.04538,-0.18849,0.65519,-0.3977,-0.3394,-0.42614,-0.03279,-0.07071,0.08098,0.33371,0.20173,0.25256,0.12716,-0.02829,-0.01009,-0.00682,0.37304,0.05566,-0.241,0.08718,-0.02072,0.01883,0.01023
3.3,-0.00493,0.02564,-0.16269,-0.03428,-0.25846,0.02056,-0.41055,0.0727,-0.22109,-0.32111,0.37093,5e-05,0.23027,0.14803,-0.4983,-0.26565,0.01522,-0.0184,-0.13749,0.5768,-0.35824,-0.34757,-0.43057,-0.04742,-0.05391,0.02307,0.30543,0.21365,0.24359,0.15492,-0.02367,-0.0091,-0.00603,0.33099,0.04122,-0.28295,0.1377,-0.02373,0.02489,0.01333
3.32,-0.02435,0.02878,-0.15654,-0.06719,-0.25808,0.01805,-0.3312,0.05388,-0.20578,-0.291,0.384,4e-05,0.18979,0.13953,-0.44665,-0.21558,0.01869,0.00612,-0.0929,0.49156,-0.31146,-0.34784,-0.4151,-0.06117,-0.03759,-0.02626,0.2798,0.22995,0.25262,0.17027,-0.01948,-0.00861,-0.00551,0.28866,0.03155,-0.3207,0.17526,-0.02666,0.03118,0.01651
3.34,-0.04406,0.03057,-0.15058,-0.10457,-0.25306,0.01399,-0.25618,0.03279,-0.18577,-0.25329,0.384,3e-05,0.15084,0.12787,-0.37868,-0.16191,0.02116,0.02647,-0.05761,0.40274,-0.25872,-0.33965,-0.3817,-0.07161,-0.02295,-0.06356,0.25756,0.25175,0.28635,0.172,-0.01661,-0.00891,-0.00547,0.24674,0.02797,-0.35084,0.19839,-0.02929,0.03724,0.01952
3.36,-0.0637,0.031,-0.14501,-0.14476,-0.24335,0.00849,-0.18751,0.01036,-0.16258,-0.20977,0.384,3e-05,0.1154,0.11395,-0.29745,-0.10871,0.0225,0.04174,-0.03278,0.31291,-0.20129,-0.32296,-0.33316,-0.07746,-0.01078,-0.08738,0.23879,0.27871,0.34421,0.16022,-0.01519,-0.01006,-0.00594,0.20553,0.03108,-0.37095,0.2072,-0.03149,0.04266,0.02217
3.38,-0.08297,0.03023,-0.13997,-0.18593,-0.22946,0.00189,-0.1262,-0.0124,-0.13795,-0.1622,0.384,2e-05,0.0845,0.09871,-0.20787,-0.05886,0.02272,0.05179,-0.01793,0.22445,-0.14073,-0.29836,-0.27338,-0.0788,-0.00151,-0.09832,0.22289,0.30868,0.41719,0.13647,-0.01449,-0.01183,-0.00676,0.16517,0.04063,-0.37967,0.20336,-0.03315,0.04714,0.02432
3.4,-0.10149,0.02851,-0.13556,-0.22588,-0.21242,-0.00516,-0.07283,-0.03431,-0.11389,-0.11263,0.384,2e-05,0.05861,0.08323,-0.11696,-0.01441,0.02197,0.05709,-0.0113,0.14022,-0.07919,-0.26713,-0.20753,-0.07679,0.00465,-0.09856,0.2089,0.33776,0.48862,0.1036,-0.01308,-0.01376,-0.00763,0.126,0.05566,-0.37638,0.18981,-0.03418,0.05036,0.02582
3.42,-0.11883,0.02619,-0.13185,-0.26222,-0.19358,-0.01193,-0.02766,-0.05412,-0.09247,-0.06305,0.384,1e-05,0.03775,0.06854,-0.03248,0.02322,0.02047,0.05848,-0.01042,0.0633,-0.01917,-0.23093,-0.14133,-0.07314,0.00774,-0.09121,0.19572,0.36125,0.53859,0.06518,-0.00921,-0.01526,-0.00813,0.08855,0.07482,-0.36094,0.17009,-0.0345,0.05204,0.02655
3.44,-0.13468,0.02356,-0.12891,-0.2929,-0.17422,-0.01773,0.00956,-0.0708,-0.07535,-0.01488,0.384,1e-05,0.02155,0.05534,0.03931,0.05333,0.01846,0.05695,-0.01278,-0.00384,0.03721,-0.19144,-0.07984,-0.06935,0.00801,-0.07953,0.18234,0.37526,0.5505,0.02452,-0.00146,-0.01582,-0.00795,0.05325,0.09688,-0.3333,0.1474,-0.03404,0.05198,0.02643
3.46,-0.14893,0.02086,-0.12671,-0.31652,-0.15544,-0.02212,0.0396,-0.08372,-0.06353,0.03136,0.384,1e-05,0.00935,0.0438,0.09497,0.07591,0.01615,0.05356,-0.01626,-0.05967,0.08849,-0.15014,-0.02681,-0.06624,0.006,-0.06639,0.16809,0.37766,0.51573,-0.01581,0.01082,-0.01516,-0.0069,0.02046,0.12101,-0.29351,0.1241,-0.03275,0.05003,0.02539
3.48,-0.16159,0.01823,-0.12522,-0.33216,-0.13817,-0.02488,0.06352,-0.09252,-0.0574,0.07566,0.384,1e-05,0.00027,0.03362,0.13382,0.09143,0.01373,0.04939,-0.01925,-0.10322,0.13354,-0.10866,0.01503,-0.06378,0.00256,-0.05428,0.15282,0.36837,0.43487,-0.05379,0.02732,-0.01327,-0.00498,-0.00931,0.14663,-0.2419,0.10175,-0.0306,0.04619,0.02343
3.5,-0.17261,0.0158,-0.12442,-0.33919,-0.12339,-0.02593,0.08237,-0.09707,-0.05681,0.11826,0.384,1e-05,-0.0066,0.0242,0.15721,0.10061,0.01137,0.04554,-0.02058,-0.13365,0.1712,-0.06891,0.04359,-0.06128,-0.00127,-0.04532,0.13695,0.34905,0.31698,-0.08765,0.04679,-0.01038,-0.00239,-0.03516,0.17325,-0.17939,0.08127,-0.02758,0.04054,0.02059
3.52,-0.18189,0.01361,-0.12426,-0.33732,-0.11215,-0.02533,0.09706,-0.09737,-0.06125,0.15968,0.384,1e-05,-0.01196,0.01475,0.16769,0.10438,0.00924,0.04297,-0.01949,-0.15017,0.20042,-0.03279,0.05761,-0.05766,-0.00443,-0.04119,0.12154,0.3225,0.17639,-0.11604,0.06739,-0.00685,0.00059,-0.05568,0.20031,-0.10771,0.06298,-0.02376,0.03331,0.01695
3.54,-0.18923,0.01165,-0.12475,-0.32684,-0.10544,-0.0232,0.10828,-0.09358,-0.06984,0.20101,0.384,1e-05,-0.0161,0.0045,0.16817,0.10379,0.00745,0.04229,-0.01566,-0.15236,0.22073,-0.00138,0.05715,-0.05199,-0.00623,-0.04281,0.10823,0.29171,0.02806,-0.13833,0.08732,-0.00305,0.00367,-0.0691,0.22714,-0.0296,0.04652,-0.01928,0.02484,0.01267
3.56,-0.19437,0.00982,-0.12592,-0.30877,-0.10425,-0.01973,0.11651,-0.08608,-0.08135,0.24399,0.384,1e-05,-0.01868,-0.00714,0.16138,0.10012,0.00602,0.04362,-0.00912,-0.14035,0.23252,0.02538,0.04408,-0.04383,-0.00664,-0.05018,0.09924,0.25935,-0.11508,-0.15485,0.10507,0.00067,0.00658,-0.07326,0.25284,0.05084,0.03081,-0.01444,0.01561,0.00801
3.58,-0.19689,0.00799,-0.12782,-0.28508,-0.10951,-0.01519,0.12187,-0.0755,-0.09411,0.29075,0.384,1e-05,-0.01865,-0.02046,0.14971,0.09484,0.00492,0.0465,-0.00039,-0.11496,0.23702,0.04868,0.02218,-0.03337,-0.00626,-0.06225,0.09746,0.22792,-0.2417,-0.16676,0.11944,0.00406,0.00913,-0.06559,0.276,0.1274,0.0142,-0.0097,0.00636,0.00334
3.6,-0.19622,0.00595,-0.13052,-0.25862,-0.12214,-0.00992,0.12407,-0.06274,-0.10603,0.34337,0.384,1e-05,-0.01433,-0.03542,0.1353,0.08961,0.00407,0.04999,0.00962,-0.0776,0.23607,0.07035,-0.00299,-0.02141,-0.0063,-0.07705,0.10644,0.19987,-0.34133,-0.17585,0.12937,0.00688,0.01111,-0.04312,0.29467,0.19166,-0.00537,-0.0057,-0.00194,-0.00083
3.62,-0.1917,0.00349,-0.13408,-0.23256,-0.1429,-0.00429,0.12244,-0.0487,-0.11495,0.40355,0.384,1e-05,-0.00354,-0.05176,0.11999,0.08596,0.00334,0.05294,0.0197,-0.0299,0.23175,0.09232,-0.02515,-0.00902,-0.00811,-0.09204,0.12977,0.17716,-0.40574,-0.1843,0.13411,0.00896,0.0124,-0.0029,0.30679,0.23483,-0.03018,-0.0031,-0.00828,-0.00398
3.64,-0.18271,0.00037,-0.13851,-0.20946,-0.17223,0.00146,0.11601,-0.03393,-0.11918,0.47231,0.384,1e-05,0.01601,-0.06926,0.10531,0.08491,0.00263,0.05434,0.02875,0.02686,0.22599,0.11577,-0.03869,0.00295,-0.01268,-0.10483,0.17032,0.16051,-0.43174,-0.1944,0.1335,0.01028,0.01296,0.05735,0.31102,0.25088,-0.06248,-0.00238,-0.01193,-0.00572
3.66,-0.16889,-0.00367,-0.14373,-0.19075,-0.20991,0.0072,0.10357,-0.01846,-0.11789,0.54951,0.384,1e-05,0.04649,-0.08787,0.09256,0.08672,0.00184,0.05359,0.03584,0.09196,0.22022,0.14052,-0.03966,0.01416,-0.02022,-0.11347,0.22938,0.14892,-0.42307,-0.2083,0.12819,0.011,0.01292,0.13857,0.30728,0.23868,-0.10423,-0.0036,-0.01271,-0.00597
3.68,-0.15017,-0.00882,-0.14956,-0.17674,-0.2548,0.01297,0.08378,-0.00182,-0.11118,0.63321,0.384,1e-05,0.0896,-0.10759,0.08288,0.09078,0.00088,0.05059,0.04029,0.16481,0.21542,0.16471,-0.026,0.0248,-0.02997,-0.11659,0.30614,0.13962,-0.39095,-0.22787,0.11971,0.01151,0.01256,0.2396,0.29695,0.20255,-0.15677,-0.00644,-0.011,-0.00492
3.7,-0.1269,-0.01524,-0.15565,-0.16686,-0.30465,0.01883,0.05525,0.01676,-0.10002,0.71925,0.384,1e-05,0.14654,-0.12828,0.07735,0.09558,-0.00029,0.04564,0.04152,0.24452,0.21212,0.18482,0.0026,0.03542,-0.04029,-0.11316,0.39749,0.1285,-0.35274,-0.25459,0.11036,0.01231,0.01229,0.35686,0.28261,0.15164,-0.22046,-0.01016,-0.00769,-0.00305
3.72,-0.09967,-0.02299,-0.16155,-0.16007,-0.35652,0.02492,0.0166,0.0382,-0.08587,0.80195,0.384,1e-05,0.21836,-0.14958,0.07679,0.09862,-0.00172,0.03934,0.03906,0.33023,0.2103,0.19647,0.04466,0.04663,-0.04897,-0.10239,0.49886,0.11113,-0.32746,-0.28937,0.10265,0.01394,0.01254,0.48505,0.26745,0.09759,-0.29474,-0.01387,-0.0039,-0.00095
3.74,-0.0691,-0.03205,-0.16682,-0.15527,-0.40748,0.03136,-0.03349,0.06341,-0.07027,0.87539,0.384,2e-05,0.30656,-0.17075,0.08155,0.09622,-0.00345,0.0323,0.03252,0.42163,0.20932,0.19585,0.09696,0.05882,-0.05372,-0.08347,0.60554,0.08433,-0.32914,-0.33232,0.0984,0.01675,0.0136,0.61855,0.25422,0.05109,-0.37811,-0.01671,-0.00065,0.00083
3.76,-0.03577,-0.04228,-0.17111,-0.15166,-0.45495,0.03823,-0.09606,0.09304,-0.05452,0.9341,0.384,2e-05,0.41319,-0.19058,0.0912,0.08345,-0.00552,0.02501,0.0216,0.5192,0.20778,0.18059,0.15432,0.07184,-0.05258,-0.05557,0.71329,0.04727,-0.36226,-0.38246,0.09824,0.02073,0.01553,0.75184,0.24462,0.0197,-0.46794,-0.01809,0.00138,0.00193
3.78,-0.00048,-0.05332,-0.17406,-0.14883,-0.49636,0.0455,-0.17137,0.12725,-0.03976,0.97272,0.37053,2e-05,0.54013,-0.20714,0.10445,0.05414,-0.00797,0.01788,0.00616,0.62342,0.20354,0.15012,0.2091,0.08486,-0.04393,-0.01794,0.81767,0.00207,-0.42039,-0.43727,0.10138,0.02547,0.01807,0.87863,0.23922,0.00758,-0.55976,-0.0177,0.00187,0.00218
3.8,0.0356,-0.06456,-0.17536,-0.14673,-0.52896,0.05304,-0.25852,0.16553,-0.02709,0.98565,0.30221,2e-05,0.68835,-0.21779,0.11892,0.00124,-0.01085,0.01129,-0.01364,0.73417,0.19381,0.10564,0.25124,0.09631,-0.02651,0.02972,0.91337,-0.04638,-0.48739,-0.49255,0.10589,0.03021,0.02073,0.99116,0.23761,0.01596,-0.64686,-0.01546,0.00084,0.00158
3.82,0.07107,-0.07522,-0.17471,-0.14554,-0.55017,0.0606,-0.35551,0.20686,-0.01748,0.96747,0.2218,3e-05,0.85771,-0.21939,0.13044,-0.08202,-0.01411,0.0056,-0.03724,0.85079,0.17549,0.04968,0.2697,0.1042,0.00062,0.08694,0.99485,-0.09184,-0.54259,-0.54308,0.10925,0.03398,0.02288,1.08143,0.23861,0.04359,-0.72157,-0.01152,-0.00144,0.00027
3.84,0.10474,-0.08459,-0.1719,-0.14532,-0.55839,0.06801,-0.45971,0.25003,-0.01169,0.91408,0.13021,4e-05,1.04719,-0.20894,0.13204,-0.20044,-0.01767,0.00113,-0.06343,0.97271,0.14573,-0.01439,0.25512,0.10658,0.03804,0.15187,1.05776,-0.12894,-0.56832,-0.58384,0.10922,0.03604,0.02401,1.14358,0.24051,0.08735,-0.77736,-0.0062,-0.00458,-0.00154
3.86,0.13579,-0.09209,-0.16686,-0.14586,-0.55364,0.07521,-0.56769,0.29375,-0.01013,0.82363,0.02927,4e-05,1.25432,-0.18401,0.11331,-0.35518,-0.02134,-0.00183,-0.09012,1.09941,0.10239,-0.08252,0.20163,0.10183,0.08583,0.22072,1.09979,-0.15462,-0.55508,-0.6108,0.10451,0.03601,0.02383,1.1755,0.24126,0.14233,-0.81023,4e-05,-0.00809,-0.00359
3.88,0.16361,-0.09725,-0.1597,-0.1466,-0.53766,0.08222,-0.67445,0.33631,-0.01288,0.69739,-0.07755,5e-05,1.47351,-0.14297,0.06024,-0.54228,-0.02478,-0.00296,-0.1141,1.22952,0.04446,-0.14952,0.10759,0.08879,0.14323,0.2871,1.12048,-0.16827,-0.50288,-0.62077,0.09492,0.03396,0.02238,1.17882,0.23847,0.20156,-0.81875,0.00651,-0.01138,-0.00557
3.9,0.1875,-0.09965,-0.15074,-0.14669,-0.51371,0.08904,-0.77288,0.37539,-0.01975,0.54001,-0.18467,6e-05,1.69501,-0.08517,-0.04392,-0.7521,-0.02751,-0.00198,-0.13113,1.35995,-0.02772,-0.20885,-0.02435,0.06672,0.20826,0.34197,1.12069,-0.17125,-0.42017,-0.61123,0.08124,0.03037,0.01992,1.15818,0.22952,0.25606,-0.80348,0.01231,-0.01378,-0.00709
3.92,0.20676,-0.09897,-0.14038,-0.1452,-0.48573,0.09569,-0.85494,0.40839,-0.03032,0.35865,-0.28529,7e-05,1.90624,-0.0109,-0.21583,-0.97086,-0.02893,0.00125,-0.13696,1.48638,-0.11267,-0.25379,-0.18815,0.03528,0.27781,0.37551,1.10201,-0.16601,-0.31998,-0.58039,0.06485,0.02592,0.01685,1.1197,0.21203,0.29649,-0.76625,0.01652,-0.01468,-0.0078
3.94,0.22086,-0.09499,-0.12902,-0.14133,-0.45722,0.10211,-0.91395,0.43315,-0.04405,0.16133,-0.37324,8e-05,2.09492,0.07859,-0.46773,-1.18363,-0.02836,0.00643,-0.12914,1.60441,-0.20822,-0.27949,-0.3758,-0.00561,0.34782,0.38012,1.06629,-0.15495,-0.21442,-0.52742,0.04707,0.02121,0.01354,1.06895,0.18447,0.31594,-0.70931,0.01841,-0.01364,-0.00747
3.96,0.22953,-0.08776,-0.11696,-0.13469,-0.43053,0.10821,-0.94591,0.44843,-0.06027,-0.04339,-0.384,9e-05,2.25057,0.18081,-0.80348,-1.37562,-0.02513,0.0127,-0.10818,1.7101,-0.31141,-0.28429,-0.57756,-0.05564,0.41318,0.35264,1.0154,-0.1397,-0.11136,-0.45302,0.02882,0.01661,0.01022,1.00986,0.14678,0.31174,-0.63498,0.01771,-0.01063,-0.00603
3.98,0.23276,-0.07757,-0.10448,-0.12532,-0.40689,0.11377,-0.94961,0.45387,-0.07804,-0.24508,-0.384,9e-05,2.36355,0.29117,-1.21528,-1.53097,-0.01857,0.01847,-0.07804,1.79921,-0.41782,-0.27002,-0.78049,-0.1137,0.46721,0.29491,0.95155,-0.12106,-0.01424,-0.3599,0.01064,0.01227,0.00701,0.94477,0.10077,0.28593,-0.54608,0.01458,-0.00601,-0.00369
4,0.23063,-0.06504,-0.09195,-0.11379,-0.38665,0.11841,-0.92601,0.44972,-0.09613,-0.43036,-0.384,9e-05,2.42407,0.40262,-1.6822,-1.63192,-0.00809,0.02156,-0.04574,1.8665,-0.52098,-0.24148,-0.96771,-0.17764,0.50159,0.21345,0.87748,-0.09917,0.07661,-0.2531,-0.00714,0.00813,0.00391,0.87497,0.05009,0.24464,-0.44632,0.0096,-0.00051,-0.0008
4.02,0.22329,-0.05092,-0.07974,-0.10099,-0.36946,0.12168,-0.8775,0.43662,-0.11313,-0.58499,-0.384,9e-05,2.42303,0.50685,-2.17271,-1.6612,0.00673,0.01971,-0.01932,1.9062,-0.61352,-0.20501,-1.12078,-0.24429,0.50797,0.11762,0.79599,-0.0739,0.16228,-0.13896,-0.02422,0.00407,0.00087,0.80088,-0.00072,0.1959,-0.33984,0.00355,0.00496,0.00215
4.04,0.21088,-0.03594,-0.06816,-0.08802,-0.35437,0.12313,-0.80698,0.41522,-0.1278,-0.69784,-0.384,9e-05,2.3543,0.5965,-2.6499,-1.60679,0.02595,0.01136,-0.00499,1.91332,-0.68911,-0.16651,-1.2243,-0.30979,0.48081,0.01688,0.7091,-0.04533,0.24322,-0.02345,-0.04025,1e-05,-0.00209,0.72217,-0.04773,0.14661,-0.23028,-0.00285,0.00967,0.00479
4.06,0.19359,-0.0207,-0.05733,-0.07607,-0.33994,0.12239,-0.71757,0.38612,-0.1392,-0.76336,-0.384,8e-05,2.2167,0.66648,-3.07335,-1.46556,0.04904,-0.00379,-0.00506,1.8846,-0.74368,-0.13023,-1.26884,-0.36961,0.41945,-0.0806,0.61772,-0.01417,0.31768,0.08864,-0.05467,-0.00396,-0.00491,0.63803,-0.08857,0.10058,-0.12054,-0.00912,0.01327,0.00692
4.08,0.17177,-0.00575,-0.04735,-0.06648,-0.32436,0.11924,-0.61313,0.35002,-0.14668,-0.78154,-0.384,7e-05,2.0153,0.71367,-3.39621,-1.24497,0.07472,-0.02444,-0.01752,1.81886,-0.77523,-0.09871,-1.25114,-0.41809,0.32899,-0.16761,0.52227,0.01785,0.3806,0.193,-0.06658,-0.00755,-0.00738,0.54794,-0.12232,0.0584,-0.01349,-0.01502,0.01579,0.00855
4.1,0.146,0.00831,-0.03831,-0.06081,-0.30563,0.11354,-0.49872,0.30784,-0.14976,-0.75682,-0.30101,6e-05,1.76143,0.73625,-3.56442,-0.96243,0.10088,-0.04792,-0.03662,1.71688,-0.78318,-0.07318,-1.173,-0.44826,0.21996,-0.2373,0.42336,0.04799,0.42371,0.28505,-0.07469,-0.01028,-0.00919,0.45214,-0.14905,0.01814,0.08728,-0.02044,0.0176,0.00985
4.12,0.117,0.02085,-0.03029,-0.06054,-0.28181,0.10525,-0.37976,0.26069,-0.14815,-0.6964,-0.20774,5e-05,1.46983,0.7334,-3.52676,-0.64018,0.12511,-0.07079,-0.0551,1.58076,-0.76786,-0.05384,-1.03924,-0.45312,0.10557,-0.28368,0.32177,0.07324,0.43801,0.36036,-0.07764,-0.01162,-0.00999,0.3514,-0.1693,-0.02317,0.17796,-0.02539,0.01921,0.01105
4.14,0.08536,0.03145,-0.02338,-0.06662,-0.2513,0.0944,-0.26068,0.20953,-0.14192,-0.60828,-0.11058,4e-05,1.15407,0.70528,-3.25215,-0.29733,0.14547,-0.09001,-0.06736,1.41287,-0.7301,-0.04012,-0.8552,-0.42786,-0.00234,-0.30293,0.21802,0.09147,0.41766,0.41577,-0.07452,-0.01119,-0.00956,0.2463,-0.18363,-0.06781,0.25575,-0.02985,0.02103,0.01235
4.16,0.05154,0.03991,-0.01757,-0.07909,-0.21315,0.08115,-0.14425,0.1552,-0.13158,-0.50034,-0.01299,3e-05,0.82455,0.65323,-2.74307,0.05429,0.16106,-0.10364,-0.07152,1.21594,-0.67115,-0.03088,-0.62579,-0.37154,-0.09577,-0.29431,0.11246,0.10226,0.36291,0.45009,-0.06528,-0.00898,-0.00789,0.13702,-0.19219,-0.11587,0.31946,-0.03378,0.02325,0.01381
4.18,0.01605,0.04624,-0.01282,-0.09696,-0.16741,0.06586,-0.03236,0.09883,-0.1182,-0.38083,0.08295,3e-05,0.49042,0.58008,-2.04208,0.4086,0.17196,-0.11085,-0.07,0.99435,-0.59299,-0.02454,-0.35679,-0.28785,-0.1705,-0.26036,0.00606,0.10701,0.2812,0.46388,-0.05088,-0.00539,-0.00523,0.02414,-0.1946,-0.1646,0.36915,-0.03698,0.02571,0.01533
4.2,-0.02028,0.05057,-0.00914,-0.1182,-0.11527,0.04915,0.07318,0.04213,-0.10335,-0.25885,0.17579,3e-05,0.16177,0.49024,-1.22962,0.7625,0.17904,-0.11176,-0.06882,0.75527,-0.49859,-0.0192,-0.05604,-0.18484,-0.22501,-0.20651,-0.09895,0.10858,0.18639,0.45902,-0.03317,-0.00114,-0.00208,-0.09065,-0.1899,-0.20848,0.40551,-0.03916,0.028,0.01666
4.22,-0.05649,0.0531,-0.00655,-0.14031,-0.05866,0.03183,0.17069,-0.01289,-0.08879,-0.14354,0.26453,2e-05,-0.151,0.38861,-0.40472,1.11497,0.18381,-0.10715,-0.07522,0.50754,-0.39138,-0.01271,0.26809,-0.07306,-0.25971,-0.13991,-0.19961,0.11049,0.0953,0.43815,-0.01448,0.00285,0.00099,-0.2049,-0.17699,-0.24087,0.42956,-0.03999,0.02956,0.01748
4.24,-0.09183,0.05406,-0.00503,-0.16099,0.00049,0.01459,0.25942,-0.0647,-0.07595,-0.04225,0.34883,2e-05,-0.43989,0.27892,0.3452,1.46756,0.18812,-0.09818,-0.09426,0.2592,-0.27419,-0.00273,0.6098,0.03755,-0.27615,-0.0677,-0.29351,0.11577,0.02222,0.40409,0.00319,0.00581,0.00344,-0.31636,-0.15524,-0.25676,0.44248,-0.03927,0.02993,0.01754
4.26,-0.12587,0.05372,-0.00454,-0.17861,0.06057,-0.00203,0.33978,-0.1125,-0.06555,0.04038,0.384,2e-05,-0.70018,0.16298,0.96248,1.82358,0.19404,-0.08621,-0.12643,0.01666,-0.14907,0.01319,0.96686,0.13931,-0.27658,0.00389,-0.37937,0.12619,-0.02451,0.35967,0.01855,0.00728,0.005,-0.42334,-0.12502,-0.25454,0.44556,-0.03703,0.02892,0.01674
4.28,-0.15832,0.05236,-0.00496,-0.1922,0.11992,-0.01756,0.41275,-0.15598,-0.05767,0.1019,0.384,2e-05,-0.92862,0.04134,1.41892,2.18521,0.20382,-0.07282,-0.16677,-0.21368,-0.0181,0.03747,1.33821,0.22644,-0.26372,0.06924,-0.45655,0.14193,-0.043,0.30793,0.03103,0.00717,0.00557,-0.52395,-0.08804,-0.23648,0.44013,-0.03361,0.02666,0.0152
4.3,-0.18874,0.05029,-0.00616,-0.20123,0.17645,-0.03152,0.47926,-0.19491,-0.05185,0.14132,0.384,2e-05,-1.12128,-0.08584,1.70869,2.55093,0.21958,-0.05987,-0.20545,-0.42371,0.11582,0.07239,1.72128,0.29431,-0.24064,0.12294,-0.52436,0.16173,-0.03683,0.25234,0.04064,0.00571,0.00528,-0.61543,-0.04735,-0.20817,0.42744,-0.02958,0.02354,0.01318
4.32,-0.21661,0.04779,-0.00798,-0.20557,0.22796,-0.04337,0.54006,-0.22903,-0.04737,0.15868,0.384,2e-05,-1.2733,-0.21854,1.84148,2.91596,0.24255,-0.04912,-0.23052,-0.60406,0.24929,0.11975,2.11169,0.33948,-0.21044,0.1602,-0.58215,0.18338,-0.01317,0.19643,0.04774,0.0033,0.00437,-0.69462,-0.0066,-0.17673,0.40858,-0.02563,0.0201,0.01101
4.34,-0.24157,0.0451,-0.01027,-0.20536,0.27287,-0.05271,0.59602,-0.25816,-0.04357,0.15497,0.384,2e-05,-1.37989,-0.35715,1.83609,3.2745,0.27192,-0.04177,-0.23214,-0.74601,0.37952,0.18059,2.50447,0.36041,-0.17573,0.17804,-0.62983,0.20448,0.01971,0.14303,0.05291,0.00044,0.00313,-0.7593,0.03116,-0.14822,0.38443,-0.02236,0.01679,0.009
4.36,-0.26349,0.0424,-0.0129,-0.20106,0.31065,-0.05931,0.64814,-0.28218,-0.04005,0.1321,0.384,2e-05,-1.43685,-0.50206,1.71653,3.62011,0.3039,-0.03813,-0.20548,-0.84246,0.50472,0.25469,2.8936,0.35795,-0.13855,0.17593,-0.66819,0.22297,0.05392,0.09395,0.05681,-0.00241,0.00184,-0.80888,0.06423,-0.12594,0.35562,-0.02011,0.01387,0.00731
4.38,-0.28234,0.03981,-0.01574,-0.19341,0.34156,-0.06305,0.69715,-0.30086,-0.03677,0.09305,0.384,2e-05,-1.44,-0.6526,1.51149,3.9432,0.33128,-0.03756,-0.1516,-0.88726,0.62317,0.33991,3.26895,0.33535,-0.10053,0.156,-0.69857,0.23703,0.08212,0.05028,0.0601,-0.0048,0.00077,-0.84413,0.09213,-0.11019,0.3228,-0.01897,0.01138,0.00597
4.4,-0.29803,0.03743,-0.01863,-0.18345,0.36628,-0.06388,0.74316,-0.31365,-0.03403,0.04184,0.384,2e-05,-1.38472,-0.80609,1.25388,4.22894,0.34379,-0.03864,-0.07694,-0.87441,0.73234,0.43199,3.61408,0.29796,-0.06317,0.12267,-0.72255,0.24502,0.09741,0.01281,0.06342,-0.0063,0.00019,-0.86669,0.11527,-0.09876,0.2868,-0.0188,0.00918,0.00488
4.42,-0.31042,0.03534,-0.02143,-0.17228,0.3857,-0.06183,0.78585,-0.31995,-0.03236,-0.0171,0.384,2e-05,-1.26617,-0.95839,0.97731,4.45947,0.33073,-0.03967,0.00906,-0.79847,0.82914,0.52538,3.9089,0.25207,-0.0278,0.08171,-0.74165,0.24561,0.09398,-0.0179,0.06729,-0.00653,0.00032,-0.87855,0.13458,-0.08801,0.24848,-0.01938,0.00704,0.00389
4.44,-0.31953,0.0336,-0.02403,-0.16081,0.40071,-0.05698,0.82505,-0.31948,-0.03227,-0.07968,0.384,2e-05,-1.08027,-1.10544,0.71053,4.61899,0.28479,-0.03929,0.09738,-0.65588,0.91088,0.61499,4.13566,0.20338,0.0047,0.03881,-0.75728,0.23807,0.06825,-0.04166,0.07209,-0.00524,0.0013,-0.88168,0.15119,-0.07437,0.20851,-0.02045,0.00472,0.00285
4.46,-0.32559,0.03222,-0.02638,-0.14958,0.41209,-0.04954,0.86097,-0.31265,-0.03413,-0.14257,0.384,2e-05,-0.82513,-1.24381,0.4746,4.69691,0.20495,-0.03699,0.18148,-0.44651,0.97575,0.69699,4.28244,0.1561,0.03393,-0.0012,-0.77059,0.22259,0.01979,-0.05866,0.07791,-0.00239,0.00317,-0.87783,0.16612,-0.05539,0.16726,-0.02185,0.00204,0.00165
4.48,-0.32909,0.03121,-0.02847,-0.13885,0.42037,-0.03991,0.89402,-0.30065,-0.03811,-0.20283,0.384,2e-05,-0.50309,-1.36978,0.28399,4.6877,0.0978,-0.03323,0.2572,-0.17538,1.02232,0.7684,4.34266,0.11309,0.05982,-0.03423,-0.78232,0.20039,-0.04816,-0.06937,0.08459,0.00182,0.00578,-0.86838,0.18015,-0.0301,0.12511,-0.02351,-0.00108,0.00022
4.5,-0.3306,0.03058,-0.0303,-0.12864,0.42575,-0.02869,0.92447,-0.28536,-0.04416,-0.25743,0.26796,2e-05,-0.12198,-1.4784,0.14868,4.58985,-0.02305,-0.02926,0.32192,0.14656,1.04911,0.82647,4.3135,0.07627,0.08237,-0.05668,-0.79275,0.17374,-0.12879,-0.07432,0.09163,0.007,0.00889,-0.85446,0.19363,0.00088,0.0827,-0.02545,-0.00462,-0.00139
4.52,-0.33076,0.03031,-0.03191,-0.1189,0.4282,-0.01656,0.95244,-0.269,-0.05202,-0.30354,0.1064,2e-05,0.30654,-1.56405,0.07477,4.405,-0.14058,-0.02653,0.37409,0.5046,1.05456,0.86875,4.19526,0.04679,0.10181,-0.0657,-0.80183,0.14541,-0.21334,-0.07407,0.09837,0.0126,0.01215,-0.83684,0.20657,0.03574,0.0408,-0.02774,-0.00846,-0.00313
4.54,-0.33017,0.03039,-0.03336,-0.1095,0.42769,-0.00413,0.97795,-0.25357,-0.0612,-0.33909,-0.04907,2e-05,0.77025,-1.62201,0.06402,4.13748,-0.24009,-0.02578,0.41287,0.88423,1.03761,0.89362,3.99152,0.02503,0.11894,-0.05977,-0.80944,0.11801,-0.29355,-0.06917,0.10417,0.01809,0.01523,-0.81599,0.21873,0.0719,-0.00019,-0.03054,-0.0124,-0.00488
4.56,-0.32929,0.03077,-0.03475,-0.10042,0.42435,0.00816,1.00092,-0.24047,-0.0709,-0.36317,-0.19,2e-05,1.25696,-1.64935,0.11338,3.79519,-0.31277,-0.02639,0.43784,1.27243,0.99817,0.90073,3.7102,0.0107,0.13534,-0.03913,-0.81552,0.09355,-0.3631,-0.06028,0.10854,0.02305,0.0179,-0.79215,0.22966,0.10631,-0.04035,-0.03407,-0.01621,-0.00652
4.58,-0.32848,0.03137,-0.0362,-0.09173,0.4185,0.01995,1.02101,-0.23059,-0.07999,-0.37583,-0.31135,2e-05,1.75114,-1.64492,0.21474,3.39209,-0.35598,-0.02622,0.44869,1.65519,0.93743,0.8909,3.36567,0.00294,0.15324,-0.00606,-0.82011,0.07351,-0.41744,-0.04815,0.11114,0.02714,0.01998,-0.76549,0.23861,0.13522,-0.08003,-0.03858,-0.0196,-0.00788
4.6,-0.328,0.03209,-0.03782,-0.08374,0.41066,0.0309,1.03745,-0.22436,-0.08694,-0.37784,-0.384,2e-05,2.23116,-1.60889,0.35538,2.94949,-0.37212,-0.02183,0.44497,2.01512,0.85797,0.86588,2.97957,0.00056,0.17532,0.0353,-0.82324,0.05909,-0.45308,-0.03366,0.11175,0.03003,0.02133,-0.7363,0.24452,0.15408,-0.11952,-0.04432,-0.02218,-0.00875
4.62,-0.32798,0.03279,-0.03974,-0.07682,0.40141,0.04068,1.04921,-0.22191,-0.09014,-0.37022,-0.384,2e-05,2.67263,-1.54227,0.52026,2.49214,-0.36664,-0.00926,0.42629,2.33364,0.76334,0.8279,2.57696,0.00228,0.20407,0.07991,-0.82489,0.05119,-0.46743,-0.01773,0.1102,0.03147,0.02188,-0.70477,0.24622,0.15824,-0.15911,-0.05149,-0.02353,-0.00893
4.64,-0.32846,0.03338,-0.04205,-0.07134,0.39116,0.04905,1.05542,-0.22307,-0.0883,-0.35388,-0.384,2e-05,3.05568,-1.44662,0.6955,2.04109,-0.34569,0.01479,0.39264,2.59609,0.65728,0.77908,2.17961,0.00713,0.24104,0.12322,-0.8249,0.05043,-0.45874,-0.00107,0.10642,0.03127,0.02154,-0.67076,0.2428,0.14417,-0.19931,-0.06022,-0.02334,-0.00826
4.66,-0.32937,0.03375,-0.0448,-0.06748,0.38009,0.05588,1.05556,-0.2274,-0.08078,-0.32941,-0.384,2e-05,3.36872,-1.32416,0.87007,1.61035,-0.31462,0.05203,0.34483,2.79445,0.54361,0.72115,1.80268,0.01455,0.28616,0.16205,-0.82296,0.05698,-0.42624,0.01593,0.10043,0.02936,0.0203,-0.63369,0.2339,0.11041,-0.24094,-0.07043,-0.02149,-0.00668
4.68,-0.33053,0.03384,-0.04796,-0.06529,0.36815,0.06114,1.04955,-0.23419,-0.06773,-0.29719,-0.384,2e-05,3.60687,-1.17861,1.0349,1.2093,-0.2778,0.10212,0.28489,2.92638,0.42708,0.65586,1.4568,0.02447,0.33725,0.19449,-0.81862,0.0706,-0.37036,0.03304,0.09236,0.02578,0.01817,-0.59276,0.21983,0.05793,-0.2848,-0.08184,-0.01806,-0.00426
4.7,-0.33165,0.0336,-0.05143,-0.06474,0.35522,0.06481,1.03765,-0.24246,-0.05001,-0.25753,-0.384,2e-05,3.76895,-1.01585,1.18173,0.84604,-0.23879,0.16263,0.21621,2.9931,0.31386,0.58534,1.15096,0.03715,0.39,0.21949,-0.81127,0.09058,-0.2928,0.0501,0.08252,0.0207,0.01523,-0.54728,0.20158,-0.00977,-0.33132,-0.09383,-0.01336,-0.00117
4.72,-0.33238,0.03297,-0.05505,-0.06574,0.34112,0.06689,1.02033,-0.25114,-0.02891,-0.21085,-0.384,2e-05,3.85618,-0.84315,1.30345,0.52746,-0.20038,0.22954,0.14281,2.99806,0.21073,0.5119,0.89233,0.05292,0.43903,0.23666,-0.80028,0.11579,-0.19664,0.0669,0.07137,0.01441,0.01159,-0.49686,0.18065,-0.08717,-0.38037,-0.10551,-0.00784,0.00233
4.74,-0.33239,0.03195,-0.05863,-0.06824,0.32566,0.06742,0.99809,-0.25927,-0.00568,-0.15764,-0.384,2e-05,3.87199,-0.66748,1.39567,0.2572,-0.16447,0.29823,0.0681,2.94623,0.12308,0.43757,0.68406,0.07185,0.47961,0.24612,-0.78518,0.14474,-0.08618,0.08318,0.0594,0.00728,0.00743,-0.44147,0.15888,-0.16763,-0.43119,-0.1159,-0.00202,0.0059
4.76,-0.33141,0.03051,-0.06197,-0.07221,0.30876,0.06655,0.97139,-0.26619,0.01869,-0.09873,-0.384,2e-05,3.82214,-0.49506,1.45747,0.0349,-0.13207,0.36392,-0.00571,2.84395,0.05397,0.36404,0.52435,0.09337,0.5088,0.24838,-0.76577,0.17552,0.03264,0.09854,0.04719,-0.00024,0.00299,-0.38168,0.13833,-0.24361,-0.48213,-0.12393,0.0035,0.0092
4.78,-0.32925,0.02867,-0.06487,-0.07765,0.29054,0.06452,0.94082,-0.27152,0.04336,-0.03582,-0.384,2e-05,3.71484,-0.33248,1.49113,-0.14208,-0.10359,0.42121,-0.0772,2.69948,0.00436,0.29319,0.40753,0.11611,0.52541,0.24429,-0.74232,0.20552,0.15128,0.11229,0.03548,-0.00753,-0.0014,-0.31923,0.12145,-0.30618,-0.53025,-0.12838,0.00807,0.01181
4.8,-0.3258,0.02648,-0.06707,-0.08455,0.27146,0.06165,0.90728,-0.27502,0.06747,0.02832,-0.384,2e-05,3.56053,-0.18772,1.50112,-0.27675,-0.0791,0.46391,-0.14513,2.52325,-0.02615,0.22751,0.32581,0.1378,0.52964,0.23494,-0.71566,0.23139,0.2583,0.12344,0.02521,-0.01381,-0.00526,-0.25721,0.11103,-0.345,-0.57103,-0.12793,0.01095,0.01326
4.82,-0.32102,0.02399,-0.06827,-0.0929,0.25219,0.05827,0.87175,-0.27661,0.0902,0.09027,-0.384,2e-05,3.37035,-0.06887,1.49285,-0.37216,-0.05849,0.48608,-0.20835,2.3264,-0.03884,0.1697,0.27065,0.15591,0.5226,0.22153,-0.68692,0.24961,0.34155,0.13081,0.01737,-0.0183,-0.00811,-0.19938,0.10951,-0.35067,-0.59899,-0.12137,0.01146,0.01313
4.84,-0.3149,0.02127,-0.06823,-0.1027,0.23342,0.05463,0.83493,-0.2762,0.11097,0.14697,-0.36093,2e-05,3.15391,0.01862,1.47116,-0.43218,-0.04141,0.48402,-0.26596,2.11845,-0.03571,0.12172,0.23378,0.16847,0.50573,0.20515,-0.6572,0.25757,0.39195,0.1335,0.01264,-0.0204,-0.00961,-0.14884,0.11777,-0.31847,-0.60876,-0.10807,0.00927,0.01118
4.86,-0.30744,0.01836,-0.06674,-0.11396,0.21572,0.0508,0.79709,-0.27374,0.1295,0.19624,-0.32865,2e-05,2.91863,0.0736,1.43943,-0.46196,-0.02736,0.45762,-0.31728,1.90638,-0.01932,0.08417,0.20796,0.17471,0.48054,0.18675,-0.62736,0.25423,0.406,0.1311,0.01124,-0.01991,-0.00961,-0.10726,0.13433,-0.25117,-0.59588,-0.08831,0.00456,0.00752
4.88,-0.29875,0.0153,-0.06368,-0.12656,0.19971,0.04675,0.75835,-0.26916,0.1457,0.23648,-0.29829,2e-05,2.67122,0.09914,1.39956,-0.46771,-0.01575,0.41091,-0.3614,1.69596,0.00711,0.05656,0.18746,0.17511,0.44874,0.16723,-0.59822,0.24029,0.38619,0.12377,0.01286,-0.01706,-0.00824,-0.07505,0.15497,-0.16022,-0.55696,-0.06354,-0.00191,0.00265
4.9,-0.28907,0.01216,-0.05901,-0.14024,0.18614,0.04231,0.71892,-0.2624,0.15952,0.26629,-0.2701,2e-05,2.41922,0.10158,1.3522,-0.45619,-0.00612,0.35163,-0.39687,1.49327,0.0398,0.03766,0.16815,0.17123,0.4123,0.14757,-0.57074,0.21804,0.34014,0.1122,0.01674,-0.01244,-0.00583,-0.05176,0.17313,-0.06481,-0.48974,-0.0363,-0.00883,-0.00261
4.92,-0.27868,0.00902,-0.05273,-0.15463,0.17575,0.03726,0.67911,-0.25338,0.17088,0.28455,-0.24431,2e-05,2.17019,0.08892,1.29707,-0.43403,0.00182,0.28938,-0.42194,1.30417,0.07477,0.02585,0.14737,0.1652,0.37331,0.12871,-0.54591,0.1906,0.27814,0.0974,0.02191,-0.00684,-0.00284,-0.03647,0.18156,0.01303,-0.39314,-0.00964,-0.01469,-0.00728
4.94,-0.26781,0.00595,-0.04485,-0.16945,0.16902,0.0313,0.63918,-0.24199,0.1798,0.29068,-0.22094,2e-05,1.9296,0.06894,1.23321,-0.40701,0.00816,0.23283,-0.43518,1.13261,0.10861,0.01945,0.12339,0.15901,0.33365,0.11135,-0.52442,0.16092,0.20985,0.0805,0.02746,-0.00097,0.00034,-0.02802,0.17486,0.05574,-0.26736,0.01392,-0.01832,-0.0106
4.96,-0.25662,0.00298,-0.03538,-0.18452,0.16596,0.0241,0.59928,-0.2281,0.18637,0.28497,-0.19968,1e-05,1.70007,0.04797,1.1594,-0.37959,0.01267,0.18805,-0.43597,0.97999,0.13879,0.01687,0.09525,0.15417,0.2949,0.09584,-0.50648,0.13126,0.14221,0.06256,0.03272,0.00464,0.00339,-0.02522,0.15131,0.05525,-0.11446,0.03296,-0.01921,-0.01221
4.98,-0.24523,0.00015,-0.02441,-0.19968,0.16612,0.01535,0.55981,-0.21167,0.19071,0.26856,-0.18011,1e-05,1.48293,0.0307,1.07483,-0.35512,0.01481,0.15835,-0.42454,0.84618,0.16351,0.01672,0.06286,0.15154,0.25859,0.08228,-0.49195,0.1032,0.07945,0.04474,0.03731,0.00971,0.00615,-0.02691,0.11343,0.01415,0.0604,0.0472,-0.01762,-0.01223
5,-0.2338,-0.00249,-0.01216,-0.2147,0.16867,0.00483,0.52164,-0.19282,0.19293,0.24342,-0.16183,1e-05,1.27995,0.02044,0.97945,-0.33596,0.01368,0.14498,-0.40178,0.7308,0.18148,0.01785,0.02706,0.15147,0.22648,0.07066,-0.48048,0.07788,0.02378,0.02835,0.04102,0.01409,0.00853,-0.03205,0.06756,-0.05568,0.24833,0.0572,-0.01444,-0.01114
5.02,-0.22254,-0.00488,0.00109,-0.22931,0.17264,-0.00758,0.48589,-0.1718,0.19311,0.21192,-0.14453,1e-05,1.09293,0.01948,0.87366,-0.32376,0.00814,0.14791,-0.36884,0.63334,0.19178,0.01928,-0.01075,0.15402,0.20031,0.06093,-0.47164,0.05609,-0.02406,0.01466,0.0438,0.01773,0.01054,-0.03981,0.0219,-0.13746,0.43832,0.06401,-0.01092,-0.00967
5.04,-0.2116,-0.00698,0.01514,-0.24334,0.17715,-0.02191,0.45336,-0.14887,0.19134,0.17635,-0.12792,1e-05,0.92212,0.02938,0.75738,-0.31948,-0.00308,0.1668,-0.32654,0.55263,0.19402,0.02026,-0.04946,0.15922,0.18139,0.05293,-0.46497,0.03809,-0.06433,0.00454,0.04569,0.0207,0.01218,-0.0497,-0.01649,-0.21582,0.62017,0.06874,-0.00827,-0.00849
5.06,-0.20106,-0.0088,0.02987,-0.25683,0.18166,-0.03801,0.42431,-0.12429,0.18777,0.13865,-0.11177,0,0.7655,0.05121,0.62994,-0.32345,-0.02113,0.20148,-0.27512,0.48659,0.18831,0.02017,-0.08856,0.16724,0.17024,0.04644,-0.46,0.02364,-0.09778,-0.00177,0.04679,0.02308,0.01351,-0.06158,-0.0436,-0.28082,0.78594,0.07225,-0.00734,-0.00809
5.08,-0.19096,-0.01036,0.04516,-0.26984,0.18593,-0.05547,0.3986,-0.09852,0.18264,0.10065,-0.09603,0,0.61992,0.08545,0.49086,-0.33539,-0.04696,0.25199,-0.21459,0.43281,0.17535,0.01852,-0.12802,0.1784,0.16669,0.04127,-0.45634,0.01209,-0.12534,-0.00464,0.04721,0.025,0.0146,-0.0756,-0.05875,-0.32852,0.92902,0.07504,-0.00862,-0.00876
5.1,-0.18145,-0.01169,0.0608,-0.28246,0.18998,-0.07347,0.37596,-0.07232,0.17628,0.06431,-0.08094,0,0.48246,0.13184,0.34094,-0.35449,-0.08112,0.31813,-0.14513,0.38904,0.15638,0.01499,-0.16793,0.19303,0.16997,0.03722,-0.45369,0.00254,-0.14775,-0.00497,0.04709,0.02657,0.01549,-0.09213,-0.064,-0.35988,1.04294,0.07726,-0.0122,-0.01053
5.12,-0.1727,-0.01279,0.07653,-0.29468,0.19394,-0.09099,0.35609,-0.04672,0.16905,0.03148,-0.06694,0,0.35104,0.18929,0.18237,-0.37955,-0.12348,0.39891,-0.06746,0.35337,0.13293,0.0094,-0.20841,0.21125,0.17899,0.03416,-0.45179,-0.00606,-0.16563,-0.00384,0.04655,0.02791,0.01623,-0.11167,-0.06308,-0.37862,1.12187,0.07883,-0.01787,-0.01329
5.14,-0.16483,-0.01366,0.09212,-0.30646,0.19791,-0.10699,0.3387,-0.02264,0.16122,0.00345,-0.05444,0,0.22457,0.25577,0.0186,-0.40931,-0.17287,0.49186,0.01674,0.32398,0.1065,0.00174,-0.24967,0.23266,0.19245,0.03193,-0.45041,-0.01481,-0.17958,-0.0022,0.04571,0.02911,0.01686,-0.13487,-0.05989,-0.38873,1.16231,0.07959,-0.02516,-0.01678
5.16,-0.15789,-0.01423,0.10744,-0.3177,0.20184,-0.12058,0.32355,-0.00086,0.15296,-0.01932,-0.04375,-0,0.10342,0.328,-0.14534,-0.44251,-0.22674,0.5921,0.10438,0.29913,0.07843,-0.00778,-0.29192,0.25606,0.20897,0.03029,-0.44923,-0.02477,-0.19025,-0.00062,0.04463,0.03027,0.01742,-0.16237,-0.05751,-0.39254,1.16416,0.07943,-0.03333,-0.02064
5.18,-0.15187,-0.01436,0.12233,-0.32814,0.20545,-0.13092,0.31059,0.01789,0.14437,-0.03706,-0.03512,-0,-0.00954,0.40083,-0.30143,-0.47768,-0.28054,0.69145,0.19011,0.27729,0.05008,-0.01866,-0.335,0.27916,0.22697,0.02898,-0.44788,-0.03687,-0.1983,0.00078,0.04333,0.03144,0.01795,-0.19467,-0.05802,-0.39031,1.13086,0.07837,-0.04132,-0.02433
5.2,-0.14679,-0.01387,0.13653,-0.33729,0.20823,-0.13715,0.30007,0.03278,0.13554,-0.05044,-0.02885,-0,-0.10838,0.4671,-0.4381,-0.51293,-0.32783,0.77827,0.26614,0.2574,0.02295,-0.03007,-0.37817,0.29866,0.24465,0.0277,-0.44592,-0.05185,-0.20427,0.00224,0.04183,0.03268,0.01846,-0.23181,-0.06251,-0.38036,1.06889,0.0765,-0.04778,-0.02722
5.22,-0.14264,-0.01259,0.14966,-0.34452,0.20958,-0.13851,0.29236,0.04302,0.12651,-0.06034,-0.02522,-0,-0.18574,0.51912,-0.54271,-0.54633,-0.36163,0.84006,0.32391,0.23893,-0.00151,-0.04097,-0.42043,0.31109,0.26027,0.02616,-0.44289,-0.07012,-0.20844,0.00424,0.0401,0.03396,0.01896,-0.27339,-0.07131,-0.36008,0.98623,0.07395,-0.05131,-0.02864
5.24,-0.13935,-0.0104,0.16149,-0.3492,0.20895,-0.13464,0.28766,0.04824,0.11727,-0.06767,-0.02445,-0,-0.23572,0.55108,-0.60605,-0.57641,-0.37682,0.86746,0.357,0.22186,-0.02247,-0.05028,-0.46119,0.31414,0.27272,0.02416,-0.43833,-0.09172,-0.21077,0.00722,0.03813,0.03524,0.01942,-0.31847,-0.08422,-0.32737,0.89035,0.07088,-0.05093,-0.02813
5.26,-0.1367,-0.00736,0.17188,-0.35079,0.20598,-0.12573,0.28582,0.04866,0.10769,-0.07323,-0.02658,0,-0.25583,0.56077,-0.62528,-0.60252,-0.37182,0.85722,0.36306,0.20671,-0.0399,-0.05704,-0.50061,0.30763,0.2818,0.02156,-0.43179,-0.11617,-0.2108,0.01146,0.03586,0.03643,0.01981,-0.36543,-0.10062,-0.28179,0.78723,0.06744,-0.04637,-0.02557
5.28,-0.13438,-0.00366,0.18085,-0.34886,0.20059,-0.1127,0.28629,0.0452,0.09762,-0.07757,-0.0315,0,-0.24724,0.54983,-0.6044,-0.62466,-0.34889,0.81277,0.34422,0.19471,-0.05459,-0.06035,-0.5394,0.29373,0.28827,0.01839,-0.4229,-0.14225,-0.20765,0.017,0.03328,0.03737,0.02004,-0.41157,-0.11936,-0.22518,0.68179,0.0638,-0.03815,-0.02125
5.3,-0.13199,0.00031,0.18837,-0.34307,0.19292,-0.09711,0.2882,0.03931,0.08696,-0.08101,-0.03892,0,-0.2141,0.52315,-0.55321,-0.64326,-0.31373,0.74346,0.30639,0.18778,-0.06787,-0.05932,-0.57842,0.27668,0.29361,0.0148,-0.41144,-0.16795,-0.20007,0.02359,0.03039,0.03785,0.02002,-0.45298,-0.13881,-0.16163,0.57866,0.06016,-0.02757,-0.0158
5.32,-0.12915,0.00409,0.19443,-0.33323,0.18333,-0.0808,0.2905,0.03269,0.07568,-0.08371,-0.04842,0,-0.16225,0.48729,-0.48434,-0.65894,-0.27384,0.66155,0.2574,0.1881,-0.08129,-0.05322,-0.61849,0.26161,0.29952,0.01104,-0.3973,-0.19094,-0.18678,0.03082,0.02721,0.03764,0.01965,-0.48534,-0.15707,-0.09647,0.48187,0.05672,-0.01624,-0.01006
5.34,-0.1255,0.00728,0.19905,-0.31933,0.17227,-0.06539,0.29208,0.02681,0.06381,-0.08578,-0.05947,0,-0.09739,0.44825,-0.40924,-0.67237,-0.23609,0.57799,0.20445,0.19747,-0.09627,-0.04164,-0.66018,0.25268,0.3073,0.00737,-0.38054,-0.20929,-0.16694,0.03818,0.02378,0.03658,0.01884,-0.50535,-0.17264,-0.03453,0.39413,0.05363,-0.00564,-0.00475
5.36,-0.12086,0.00963,0.20225,-0.30173,0.16035,-0.05194,0.29198,0.02261,0.05147,-0.08741,-0.07148,0,-0.02415,0.41012,-0.33571,-0.68415,-0.20533,0.49979,0.15245,0.21671,-0.1138,-0.02473,-0.70359,0.25196,0.31735,0.00402,-0.36148,-0.22199,-0.14058,0.04518,0.02013,0.03461,0.0176,-0.51166,-0.18463,0.02081,0.31645,0.05093,0.00332,-0.00032
5.38,-0.11521,0.01107,0.2041,-0.28125,0.14835,-0.04095,0.28932,0.02046,0.039,-0.08886,-0.08367,0,0.05364,0.37499,-0.26781,-0.69464,-0.18419,0.42997,0.10401,0.24547,-0.13421,-0.00331,-0.74798,0.25913,0.32895,0.00121,-0.34078,-0.22894,-0.1089,0.05124,0.01636,0.03183,0.01596,-0.50502,-0.19283,0.06746,0.24876,0.04857,0.01025,0.00307
5.4,-0.10871,0.01164,0.20461,-0.25924,0.13728,-0.03255,0.28337,0.02026,0.02697,-0.09045,-0.09501,0,0.13247,0.34337,-0.20668,-0.7039,-0.17356,0.36846,0.06003,0.2822,-0.15713,0.02108,-0.79152,0.27174,0.34038,-0.00084,-0.31959,-0.23076,-0.07423,0.05571,0.01262,0.02847,0.01406,-0.48797,-0.1975,0.10413,0.19054,0.04646,0.0152,0.00544
5.42,-0.10166,0.01146,0.2038,-0.23731,0.12821,-0.02659,0.27359,0.02159,0.01607,-0.09243,-0.10446,0,0.2093,0.31464,-0.1515,-0.71168,-0.17326,0.31323,0.0202,0.3246,-0.18167,0.04658,-0.83166,0.28621,0.34939,-0.00191,-0.29923,-0.22844,-0.03929,0.05796,0.00906,0.0248,0.01204,-0.46402,-0.19915,0.13028,0.14111,0.04447,0.01847,0.00698
5.44,-0.09434,0.01069,0.20171,-0.21683,0.12194,-0.0228,0.25969,0.024,0.00689,-0.095,-0.1112,0,0.28209,0.28758,-0.10046,-0.71744,-0.18284,0.26154,-0.0165,0.3703,-0.20679,0.07155,-0.86589,0.2992,0.35408,-0.00187,-0.28074,-0.22292,-0.00603,0.05759,0.00581,0.02106,0.01003,-0.43654,-0.19831,0.14638,0.0995,0.04251,0.02044,0.00788
5.46,-0.08699,0.00947,0.19839,-0.1987,0.11875,-0.02085,0.24179,0.02708,-0.00031,-0.09814,-0.11489,0,0.34999,0.26069,-0.05167,-0.72044,-0.2021,0.21091,-0.05131,0.41717,-0.23147,0.09499,-0.89213,0.30849,0.35342,-0.00075,-0.26463,-0.21485,0.02508,0.05455,0.00289,0.01734,0.00807,-0.40812,-0.19533,0.15399,0.06459,0.04053,0.02143,0.00833
5.48,-0.07979,0.00795,0.19399,-0.1834,0.11843,-0.02037,0.22056,0.03054,-0.0055,-0.10163,-0.11566,0,0.41279,0.23257,-0.0037,-0.71962,-0.23107,0.15977,-0.0853,0.46302,-0.25456,0.11636,-0.90865,0.31313,0.34738,0.00133,-0.25091,-0.20457,0.05499,0.04924,0.00025,0.01363,0.00615,-0.38059,-0.19036,0.15573,0.03538,0.03855,0.02165,0.00842
5.5,-0.07296,0.00625,0.18873,-0.17115,0.12033,-0.02105,0.19722,0.03417,-0.00883,-0.10502,-0.11401,0,0.47036,0.20217,0.04391,-0.71366,-0.26972,0.10785,-0.11906,0.50537,-0.27463,0.13543,-0.91377,0.31328,0.33684,0.00407,-0.2393,-0.19221,0.08565,0.0424,-0.0022,0.00984,0.00422,-0.35525,-0.18342,0.15499,0.01125,0.03669,0.02119,0.0082
5.52,-0.06671,0.00452,0.18287,-0.16203,0.12355,-0.02259,0.17333,0.03781,-0.01053,-0.10778,-0.11063,0,0.52216,0.16905,0.09026,-0.70107,-0.31714,0.05596,-0.15239,0.54165,-0.29018,0.15213,-0.90596,0.30974,0.32317,0.00714,-0.22932,-0.1778,0.11916,0.03498,-0.00455,0.00586,0.0022,-0.33294,-0.17448,0.15519,-0.00813,0.03506,0.02013,0.00767
5.54,-0.06118,0.00284,0.17662,-0.1559,0.12721,-0.02474,0.1502,0.04135,-0.01089,-0.10944,-0.10616,0,0.56704,0.13368,0.13266,-0.68027,-0.37039,0.00561,-0.1841,0.56982,-0.3,0.16652,-0.88395,0.30348,0.30766,0.01022,-0.22039,-0.16148,0.15686,0.02779,-0.00687,0.00166,7e-05,-0.31394,-0.1636,0.15869,-0.02312,0.03376,0.0185,0.00687
5.56,-0.05638,0.00129,0.17014,-0.15251,0.13055,-0.0273,0.12865,0.04473,-0.01012,-0.10971,-0.10103,0,0.60291,0.09777,0.1663,-0.64989,-0.42354,-0.04115,-0.21172,0.58867,-0.30344,0.17876,-0.84704,0.29523,0.29127,0.01309,-0.21196,-0.1436,0.19844,0.02133,-0.00915,-0.00271,-0.00215,-0.29797,-0.15115,0.16604,-0.03427,0.03277,0.01648,0.00586
5.58,-0.05225,-0.00011,0.16355,-0.15146,0.13302,-0.0301,0.10912,0.04788,-0.00843,-0.10853,-0.09546,0,0.62635,0.06458,0.18378,-0.60893,-0.46698,-0.08141,-0.23119,0.59779,-0.30043,0.18897,-0.79534,0.28548,0.27458,0.0156,-0.20359,-0.125,0.2415,0.01584,-0.01131,-0.007,-0.00433,-0.28435,-0.13783,0.17577,-0.04235,0.03199,0.01429,0.00477
5.6,-0.0487,-0.00133,0.15698,-0.15227,0.13417,-0.03301,0.09183,0.05072,-0.00595,-0.10602,-0.08948,0,0.63265,0.0389,0.17552,-0.557,-0.48784,-0.11131,-0.23707,0.59726,-0.29139,0.19713,-0.72995,0.27454,0.25795,0.01767,-0.19496,-0.10697,0.28147,0.0113,-0.01315,-0.0108,-0.00626,-0.27215,-0.1248,0.18459,-0.04814,0.0312,0.01229,0.00381
5.62,-0.0456,-0.00236,0.15057,-0.15448,0.13373,-0.03588,0.07687,0.05317,-0.00283,-0.10243,-0.08305,0,0.61695,0.02574,0.13223,-0.49428,-0.47307,-0.12703,-0.2239,0.58745,-0.27701,0.2031,-0.65277,0.26245,0.24153,0.01923,-0.18594,-0.09103,0.31287,0.00759,-0.01442,-0.01364,-0.0077,-0.26038,-0.11337,0.18843,-0.05241,0.03021,0.01086,0.00316
5.64,-0.04284,-0.0032,0.14447,-0.1576,0.13156,-0.03859,0.0641,0.05516,0.00084,-0.09803,-0.07609,0,0.57626,0.02818,0.04883,-0.42143,-0.41422,-0.12665,-0.18849,0.56877,-0.25805,0.20676,-0.56616,0.24891,0.22515,0.02022,-0.17648,-0.07846,0.33117,0.00451,-0.01495,-0.01514,-0.00843,-0.2482,-0.10461,0.18388,-0.05583,0.02882,0.01029,0.003
5.66,-0.0403,-0.0039,0.13876,-0.16121,0.12772,-0.04105,0.05326,0.05667,0.00494,-0.09308,-0.0685,0,0.51102,0.04594,-0.07253,-0.33975,-0.31104,-0.11132,-0.1317,0.5416,-0.23527,0.20803,-0.4729,0.23325,0.20832,0.0206,-0.16662,-0.06998,0.3341,0.00191,-0.01464,-0.01511,-0.00838,-0.23503,-0.09911,0.16931,-0.05898,0.02694,0.01071,0.00338
5.68,-0.0379,-0.00448,0.13355,-0.16491,0.1225,-0.04314,0.04399,0.05772,0.0093,-0.08785,-0.06033,0,0.42591,0.07489,-0.22085,-0.25184,-0.17312,-0.08577,-0.05918,0.50644,-0.20954,0.2069,-0.37696,0.21453,0.19034,0.02027,-0.15655,-0.06577,0.32189,-0.00028,-0.01353,-0.01363,-0.00756,-0.22075,-0.09695,0.14519,-0.06222,0.02461,0.01206,0.00427
5.7,-0.03561,-0.005,0.12901,-0.16828,0.11638,-0.04475,0.03593,0.05832,0.01369,-0.08263,-0.05173,0,0.32964,0.10745,-0.37677,-0.16196,-0.01912,-0.05777,0.01892,0.46405,-0.18195,0.20337,-0.28393,0.19169,0.17048,0.01916,-0.14668,-0.06557,0.29701,-0.00206,-0.01176,-0.01096,-0.00611,-0.2057,-0.0978,0.11396,-0.06578,0.02198,0.0141,0.00553
5.72,-0.03341,-0.00549,0.12534,-0.17095,0.10995,-0.04576,0.02877,0.05853,0.01787,-0.07772,-0.04294,0,0.23268,0.13457,-0.51715,-0.07526,0.12816,-0.03639,0.09046,0.41529,-0.15368,0.19745,-0.2001,0.16376,0.14805,0.01716,-0.13747,-0.06885,0.26336,-0.00336,-0.00956,-0.00752,-0.00425,-0.19049,-0.1011,0.07925,-0.06971,0.01926,0.01652,0.00696
5.74,-0.03131,-0.00599,0.12272,-0.17263,0.10367,-0.04608,0.02218,0.0584,0.02166,-0.0733,-0.03413,0,0.14371,0.14849,-0.62235,0.00371,0.2494,-0.02923,0.14527,0.36077,-0.12561,0.18906,-0.13075,0.13009,0.12248,0.0142,-0.12925,-0.07491,0.22528,-0.00406,-0.00716,-0.00374,-0.0022,-0.17569,-0.10623,0.04466,-0.07397,0.01667,0.01897,0.00838
5.76,-0.02925,-0.00651,0.12129,-0.17317,0.0978,-0.04568,0.01584,0.05802,0.02499,-0.06936,-0.02536,0,0.06745,0.14475,-0.68092,0.07183,0.33365,-0.04057,0.17766,0.30084,-0.09815,0.17805,-0.07914,0.0906,0.09347,0.01025,-0.12205,-0.08299,0.18693,-0.00403,-0.00482,-2e-05,-0.00017,-0.16158,-0.11266,0.01309,-0.07844,0.01437,0.0212,0.00963
5.78,-0.02718,-0.00705,0.12114,-0.17252,0.09239,-0.0446,0.00943,0.05748,0.0279,-0.0658,-0.01664,0,0.00469,0.12263,-0.69025,0.12702,0.37882,-0.07085,0.18678,0.236,-0.0715,0.16428,-0.04667,0.04618,0.06119,0.00537,-0.11562,-0.09221,0.15245,-0.00313,-0.00278,0.00325,0.00163,-0.14825,-0.11989,-0.01321,-0.08291,0.01248,0.02295,0.0106
5.8,-0.02504,-0.00757,0.12235,-0.17078,0.08733,-0.04295,0.00275,0.05692,0.03048,-0.06236,-0.00797,0,-0.04669,0.08474,-0.65512,0.16769,0.3901,-0.11701,0.17583,0.16728,-0.04574,0.14765,-0.03349,-0.00117,0.02648,-0.00029,-0.10956,-0.10157,0.1261,-0.00123,-0.00132,0.00569,0.00299,-0.13569,-0.12748,-0.03238,-0.08703,0.01111,0.02406,0.01119
5.82,-0.02276,-0.00803,0.12495,-0.16807,0.08244,-0.04089,-0.00437,0.05646,0.03282,-0.05878,0.00062,0,-0.0905,0.03565,-0.58461,0.19269,0.37694,-0.17386,0.15034,0.09606,-0.0209,0.12794,-0.03875,-0.04871,-0.00941,-0.00643,-0.10333,-0.11012,0.11162,0.00182,-0.00069,0.00695,0.00373,-0.12378,-0.13504,-0.04311,-0.0904,0.0103,0.02437,0.01135
5.84,-0.02025,-0.00839,0.129,-0.16451,0.07738,-0.03855,-0.01209,0.0562,0.03497,-0.05476,0.00912,0,-0.13075,-0.02004,-0.48811,0.20156,0.34915,-0.23605,0.11595,0.02353,0.00323,0.10451,-0.06082,-0.0936,-0.04527,-0.01266,-0.09634,-0.11726,0.11107,0.00609,-0.00107,0.00686,0.00373,-0.11222,-0.14235,-0.04485,-0.09267,0.01009,0.02382,0.01106
5.86,-0.01742,-0.00863,0.1345,-0.16016,0.07179,-0.0361,-0.02056,0.05618,0.03688,-0.05009,0.0175,0,-0.17052,-0.07883,-0.37305,0.19481,0.31443,-0.2991,0.077,-0.04942,0.02714,0.07624,-0.09721,-0.13329,-0.08014,-0.01842,-0.08803,-0.12294,0.12408,0.01158,-0.00248,0.00546,0.00301,-0.10049,-0.14942,-0.03815,-0.09361,0.01043,0.02243,0.01033
5.88,-0.01416,-0.00872,0.14139,-0.15502,0.06527,-0.03368,-0.0299,0.05638,0.0384,-0.04462,0.02568,0,-0.21143,-0.13817,-0.24499,0.17391,0.27794,-0.35934,0.03644,-0.1217,0.05141,0.04167,-0.14437,-0.16526,-0.11303,-0.02297,-0.07794,-0.1276,0.1475,0.01816,-0.00479,0.00303,0.0017,-0.08794,-0.15642,-0.02468,-0.09312,0.01123,0.02033,0.00924
5.9,-0.01037,-0.00867,0.14949,-0.14913,0.05744,-0.03147,-0.04012,0.05674,0.03925,-0.03835,0.03345,0,-0.25349,-0.19597,-0.10868,0.14123,0.24271,-0.41327,-0.00373,-0.19156,0.07655,-0.00081,-0.1976,-0.18675,-0.14281,-0.02533,-0.06572,-0.13214,0.17583,0.02549,-0.00773,5e-05,8e-05,-0.07387,-0.1636,-0.00709,-0.09121,0.01231,0.01777,0.00792
5.92,-0.00598,-0.0085,0.15858,-0.1425,0.04798,-0.02965,-0.05124,0.05716,0.0391,-0.0313,0.04052,0,-0.29601,-0.25024,0.03137,0.09959,0.21035,-0.45732,-0.04191,-0.25681,0.10304,-0.05288,-0.25162,-0.1948,-0.16835,-0.02437,-0.05109,-0.13757,0.20259,0.03307,-0.01096,-0.00287,-0.00155,-0.05763,-0.17122,0.01169,-0.08794,0.01351,0.01501,0.0065
5.94,-0.00089,-0.00821,0.16844,-0.13517,0.03661,-0.02836,-0.06339,0.05753,0.03768,-0.02348,0.04665,0,-0.33893,-0.2989,0.17047,0.0517,0.18184,-0.48785,-0.07633,-0.31559,0.13153,-0.11645,-0.30156,-0.18666,-0.18907,-0.01892,-0.03363,-0.14474,0.2225,0.0402,-0.01422,-0.00528,-0.00295,-0.03867,-0.1794,0.02942,-0.08339,0.01469,0.01225,0.00509
5.96,0.00502,-0.00783,0.17887,-0.12719,0.02321,-0.02769,-0.07689,0.05773,0.03485,-0.01476,0.05166,0,-0.3837,-0.33955,0.30304,-4e-05,0.15816,-0.50101,-0.10451,-0.36671,0.16282,-0.19338,-0.34341,-0.1601,-0.20523,-0.00788,-0.01276,-0.15402,0.23288,0.04597,-0.01738,-0.00692,-0.00398,-0.01661,-0.18802,0.04519,-0.07764,0.01577,0.00957,0.00373
5.98,0.01184,-0.00737,0.18964,-0.1187,0.00783,-0.02769,-0.09219,0.05765,0.03068,-0.00501,0.05546,0,-0.43316,-0.36896,0.42132,-0.05324,0.14068,-0.49253,-0.12286,-0.40928,0.19769,-0.28496,-0.37382,-0.11359,-0.21785,0.0097,0.01213,-0.16521,0.23391,0.04919,-0.02047,-0.00781,-0.00465,0.00858,-0.19665,0.05949,-0.07081,0.01674,0.00694,0.0024
6,0.01963,-0.00684,0.2004,-0.11,-0.00914,-0.02834,-0.10973,0.0572,0.02536,0.0059,0.05795,0,-0.49093,-0.38309,0.51508,-0.10524,0.13122,-0.45791,-0.12682,-0.44246,0.23659,-0.39129,-0.3898,-0.04662,-0.22853,0.03444,0.04156,-0.17751,0.22819,0.0484,-0.0236,-0.00816,-0.00504,0.03644,-0.2045,0.07385,-0.06307,0.01765,0.00423,0.00104
6.02,0.02837,-0.00627,0.2107,-0.10141,-0.02722,-0.02965,-0.12994,0.05629,0.01918,0.01807,0.05906,0,-0.56043,-0.37797,0.57394,-0.15334,0.13156,-0.39354,-0.11198,-0.46573,0.27941,-0.51095,-0.38865,0.03973,-0.23909,0.06643,0.07598,-0.18986,0.21924,0.04196,-0.02693,-0.00826,-0.00532,0.06631,-0.21065,0.09017,-0.05466,0.01856,0.00129,-0.00043
6.04,0.03809,-0.00566,0.22018,-0.09318,-0.04601,-0.03164,-0.15321,0.05487,0.01235,0.03164,0.0588,0,-0.64365,-0.3514,0.59169,-0.19555,0.14256,-0.29865,-0.07605,-0.47975,0.32526,-0.64084,-0.36825,0.14187,-0.25122,0.1048,0.11596,-0.20142,0.20964,0.02831,-0.03055,-0.00833,-0.00558,0.09772,-0.21433,0.10971,-0.0458,0.01948,-0.00197,-0.00206
6.06,0.04881,-0.00499,0.22852,-0.0854,-0.06534,-0.03439,-0.17985,0.05295,0.0049,0.04675,0.05724,0,-0.73994,-0.3042,0.56924,-0.23088,0.16356,-0.17693,-0.02034,-0.48682,0.3722,-0.77563,-0.32735,0.25278,-0.2662,0.1473,0.16208,-0.21184,0.19967,0.00613,-0.03448,-0.00841,-0.00584,0.1306,-0.21517,0.13237,-0.0367,0.02035,-0.00557,-0.00384
6.08,0.06052,-0.00424,0.23547,-0.07805,-0.08514,-0.03803,-0.20987,0.05062,-0.00326,0.06342,0.05458,0,-0.84507,-0.24084,0.51542,-0.25916,0.19201,-0.03787,0.04948,-0.49103,0.41675,-0.9066,-0.26586,0.36094,-0.28468,0.18997,0.21467,-0.22126,0.18703,-0.02543,-0.03856,-0.00829,-0.00601,0.16507,-0.21322,0.15637,-0.02764,0.02104,-0.00933,-0.00568
6.1,0.07305,-0.00336,0.2407,-0.07104,-0.10534,-0.04271,-0.24281,0.04805,-0.01227,0.08147,0.0511,0,-0.95103,-0.16922,0.44598,-0.28069,0.22365,0.10336,0.12365,-0.49785,0.45386,-1.02126,-0.18505,0.45032,-0.30667,0.22706,0.27345,-0.23018,0.16735,-0.06666,-0.04247,-0.0076,-0.00588,0.20121,-0.2089,0.17827,-0.01899,0.02132,-0.01295,-0.00744
6.12,0.08618,-0.00229,0.24391,-0.06423,-0.12583,-0.04855,-0.27793,0.04544,-0.02233,0.10058,0.04715,1e-05,-1.04804,-0.09871,0.37969,-0.29594,0.25337,0.22932,0.1907,-0.51313,0.47784,-1.10585,-0.08709,0.5036,-0.33155,0.25233,0.3378,-0.2391,0.13572,-0.11732,-0.04586,-0.00592,-0.00525,0.23903,-0.20276,0.19399,-0.01114,0.02092,-0.01606,-0.0089
6.14,0.09964,-0.00098,0.24482,-0.05739,-0.14663,-0.05569,-0.3145,0.04303,-0.03363,0.12046,0.04303,1e-05,-1.12786,-0.03713,0.33262,-0.3054,0.27663,0.32575,0.24106,-0.54166,0.48407,-1.14961,0.0255,0.5074,-0.35833,0.26104,0.40713,-0.24819,0.08895,-0.17681,-0.04849,-0.00297,-0.00397,0.27856,-0.19525,0.20028,-0.00436,0.01964,-0.01837,-0.00994
6.16,0.11323,0.00062,0.24327,-0.05016,-0.16788,-0.06413,-0.35195,0.04097,-0.04631,0.14085,0.039,1e-05,-1.18584,0.01109,0.31436,-0.3094,0.29031,0.38518,0.26948,-0.58606,0.47015,-1.14771,0.14987,0.45597,-0.38565,0.25139,0.48102,-0.25699,0.02728,-0.24403,-0.05032,0.00122,-0.00207,0.31979,-0.1865,0.19577,0.00135,0.01741,-0.01979,-0.01049
6.18,0.12666,0.00256,0.2392,-0.04215,-0.18972,-0.07379,-0.38957,0.03944,-0.06038,0.1614,0.03527,1e-05,-1.22096,0.04503,0.32727,-0.30805,0.29283,0.40722,0.27532,-0.64617,0.43627,-1.10181,0.282,0.35234,-0.41161,0.22482,0.55866,-0.26424,-0.04475,-0.31692,-0.05158,0.00624,0.00025,0.36238,-0.1764,0.1812,0.00619,0.01427,-0.0204,-0.0106
6.2,0.13946,0.00487,0.23267,-0.03296,-0.21209,-0.08435,-0.4263,0.03857,-0.0756,0.18157,0.032,1e-05,-1.2351,0.0666,0.36725,-0.30117,0.28398,0.39743,0.26186,-0.71914,0.38489,-1.01926,0.41595,0.20764,-0.43352,0.1857,0.63841,-0.26793,-0.11845,-0.39201,-0.05268,0.01133,0.0026,0.40539,-0.16465,0.15922,0.01049,0.01044,-0.02045,-0.01041
6.22,0.1511,0.00754,0.22381,-0.02216,-0.23491,-0.09537,-0.46081,0.03851,-0.09163,0.20069,0.02932,1e-05,-1.23226,0.07967,0.42555,-0.28828,0.26476,0.36544,0.23476,-0.80061,0.31959,-0.91035,0.54461,0.03778,-0.44789,0.13973,0.71802,-0.26577,-0.18322,-0.4648,-0.05409,0.01561,0.00452,0.44763,-0.1509,0.13338,0.01465,0.00619,-0.02027,-0.01007
6.24,0.16112,0.01054,0.21274,-0.00923,-0.25829,-0.10638,-0.49187,0.03939,-0.10812,0.21823,0.02716,1e-05,-1.21781,0.08907,0.49135,-0.26864,0.2373,0.32245,0.20002,-0.88661,0.24334,-0.78457,0.6613,-0.1415,-0.45045,0.09173,0.79542,-0.25589,-0.23003,-0.53055,-0.05621,0.01834,0.00563,0.48831,-0.13497,0.10687,0.01896,0.00178,-0.02014,-0.00976
6.26,0.16919,0.01385,0.19959,0.00643,-0.2826,-0.11692,-0.51847,0.0413,-0.12484,0.23395,0.02522,1e-05,-1.19809,0.09991,0.55317,-0.24128,0.20493,0.27986,0.16274,-0.97453,0.15763,-0.64855,0.76056,-0.31724,-0.43627,0.04435,0.86895,-0.23732,-0.2537,-0.58467,-0.05924,0.01917,0.00577,0.5273,-0.11693,0.08162,0.02354,-0.00265,-0.02025,-0.00956
6.28,0.17512,0.01737,0.1846,0.02543,-0.30838,-0.12644,-0.53962,0.04426,-0.14154,0.24774,0.023,1e-05,-1.18045,0.1173,0.59877,-0.20528,0.17241,0.24913,0.12706,-1.06278,0.06283,-0.50647,0.83749,-0.47873,-0.39977,-0.00201,0.93682,-0.2103,-0.25325,-0.62231,-0.06309,0.01819,0.00498,0.56499,-0.09734,0.05829,0.02827,-0.00698,-0.02066,-0.00952
6.3,0.17875,0.02093,0.16817,0.04821,-0.33608,-0.13427,-0.55424,0.04827,-0.15781,0.25957,0.01979,1e-05,-1.17288,0.14609,0.61526,-0.15993,0.14585,0.24178,0.09643,-1.14996,-0.041,-0.36128,0.88714,-0.61618,-0.33509,-0.04851,0.99669,-0.17626,-0.23124,-0.63811,-0.06745,0.01584,0.00348,0.60191,-0.07728,0.03663,0.0328,-0.01118,-0.02131,-0.00961
6.32,0.17996,0.02435,0.15076,0.07507,-0.36605,-0.13967,-0.56132,0.05323,-0.17316,0.2694,0.01484,1e-05,-1.1824,0.19003,0.59148,-0.10482,0.13153,0.26777,0.0734,-1.23439,-0.15347,-0.21564,0.9051,-0.72109,-0.23729,-0.09689,1.04593,-0.13745,-0.19262,-0.62694,-0.07189,0.01275,0.00162,0.63862,-0.05813,0.01594,0.03661,-0.0152,-0.02211,-0.00981
6.34,0.17875,0.02744,0.13273,0.10622,-0.39858,-0.14189,-0.56035,0.059,-0.18717,0.27731,0.00748,1e-05,-1.21239,0.25057,0.52182,-0.03992,0.13385,0.3329,0.05921,-1.31378,-0.27321,-0.07257,0.889,-0.78773,-0.10416,-0.14823,1.08252,-0.09631,-0.14301,-0.58529,-0.07599,0.00958,-0.00025,0.67572,-0.04104,-0.00436,0.0392,-0.01903,-0.02298,-0.01006
6.36,0.17528,0.03003,0.11422,0.1416,-0.43377,-0.1403,-0.55168,0.06533,-0.1995,0.28349,-0.00273,1e-05,-1.2607,0.32582,0.40918,0.03419,0.15404,0.43678,0.05352,-1.38476,-0.39704,0.06357,0.8397,-0.81398,0.06206,-0.20186,1.10553,-0.05525,-0.08787,-0.51244,-0.07951,0.00682,-0.00188,0.71378,-0.02676,-0.0242,0.04019,-0.02265,-0.0239,-0.01039
6.38,0.16989,0.032,0.09533,0.18072,-0.47131,-0.13441,-0.53665,0.07186,-0.20983,0.28821,-0.01585,1e-05,-1.3188,0.40973,0.26651,0.11567,0.18969,0.57156,0.0544,-1.44223,-0.51886,0.18578,0.76181,-0.80121,0.25301,-0.25479,1.11501,-0.01689,-0.03262,-0.41125,-0.08234,0.00482,-0.00306,0.75299,-0.0156,-0.04266,0.03932,-0.02606,-0.02498,-0.01082
6.4,0.16309,0.03322,0.0762,0.22237,-0.51023,-0.12384,-0.51748,0.07805,-0.21775,0.29174,-0.03162,1e-05,-1.37241,0.49216,0.11604,0.20105,0.23497,0.72228,0.05858,-1.47912,-0.62924,0.28397,0.66345,-0.75358,0.45403,-0.30158,1.11173,0.01582,0.01707,-0.28814,-0.08451,0.00379,-0.00367,0.79293,-0.00765,-0.05789,0.03647,-0.02916,-0.02638,-0.01142
6.42,0.15548,0.03359,0.05699,0.26492,-0.54927,-0.10839,-0.49678,0.08335,-0.22271,0.2943,-0.04952,1e-05,-1.40475,0.56122,-0.01611,0.28565,0.28211,0.87046,0.0622,-1.48788,-0.71746,0.34714,0.55428,-0.67654,0.64733,-0.33575,1.09692,0.04,0.05604,-0.15163,-0.08605,0.00378,-0.00366,0.83282,-0.00275,-0.06764,0.03163,-0.03189,-0.02826,-0.01229
6.44,0.14762,0.03305,0.03776,0.30678,-0.58736,-0.08807,-0.47692,0.08742,-0.22398,0.29599,-0.06908,1e-05,-1.40168,0.60691,-0.10821,0.3645,0.32339,0.99972,0.06173,-1.46293,-0.77514,0.36724,0.44244,-0.57496,0.81756,-0.35199,1.07208,0.05384,0.08079,-0.00989,-0.08699,0.00474,-0.00304,0.87196,-0.00055,-0.07007,0.02502,-0.0342,-0.03078,-0.01348
6.46,0.13992,0.03165,0.01841,0.34662,-0.62396,-0.06322,-0.45953,0.09026,-0.22071,0.29678,-0.09,1e-05,-1.35522,0.62356,-0.14845,0.4328,0.35249,1.09928,0.05471,-1.40264,-0.79862,0.34203,0.33291,-0.4523,0.955,-0.34772,1.03897,0.05722,0.09035,0.13042,-0.08729,0.00642,-0.00194,0.90995,-0.00046,-0.06434,0.0171,-0.0361,-0.03396,-0.01499
6.48,0.1327,0.02954,-0.00115,0.38313,-0.65879,-0.0347,-0.44559,0.09223,-0.21184,0.29645,-0.11195,0,-1.26471,0.61024,-0.13584,0.48542,0.36448,1.16396,0.03992,-1.31007,-0.78923,0.2757,0.22788,-0.31118,1.05529,-0.32344,0.99985,0.05175,0.08632,0.26342,-0.08679,0.00837,-0.00061,0.94647,-0.00167,-0.05075,0.00863,-0.0377,-0.03771,-0.01677
6.5,0.12624,0.02696,-0.0209,0.41469,-0.69161,-0.00402,-0.43558,0.09396,-0.19625,0.29467,-0.13449,0,-1.1363,0.57016,-0.07888,0.51649,0.35564,1.19299,0.01738,-1.19283,-0.75262,0.17835,0.12771,-0.15441,1.11791,-0.28238,0.95758,0.04056,0.07248,0.38304,-0.08526,0.01003,0.00065,0.98098,-0.00323,-0.03072,0.00073,-0.03911,-0.0418,-0.0187
6.52,0.12079,0.02423,-0.04073,0.4396,-0.72223,0.02695,-0.42961,0.0962,-0.17283,0.29107,-0.15701,0,-0.98051,0.5093,0.00778,0.51989,0.32325,1.18864,-0.0118,-1.06108,-0.69716,0.06367,0.03133,0.01454,1.1449,-0.22948,0.91537,0.0275,0.05352,0.48357,-0.08247,0.01078,0.00148,1.01289,-0.00413,-0.00644,-0.00534,-0.04049,-0.04589,-0.02061
6.54,0.11654,0.02162,-0.06057,0.4564,-0.75068,0.05652,-0.42752,0.09957,-0.1407,0.28553,-0.17877,0,-0.80854,0.4347,0.10763,0.49032,0.26578,1.1548,-0.04569,-0.92451,-0.63196,-0.05444,-0.06375,0.19123,1.13984,-0.16988,0.87619,0.01599,0.03337,0.56113,-0.07826,0.01023,0.00164,1.04195,-0.00359,0.01949,-0.00847,-0.04202,-0.0496,-0.0223
6.56,0.11354,0.01933,-0.08044,0.4642,-0.77737,0.08339,-0.42893,0.10436,-0.09952,0.27831,-0.1989,0,-0.63044,0.35348,0.20499,0.42435,0.18315,1.09631,-0.08156,-0.79074,-0.56567,-0.1637,-0.16106,0.36955,1.10724,-0.10815,0.84254,0.00831,0.01415,0.61452,-0.07266,0.00831,0.00108,1.06839,-0.00115,0.04429,-0.00786,-0.04384,-0.05258,-0.0236
6.58,0.11181,0.01751,-0.10031,0.46259,-0.80282,0.10654,-0.43328,0.11048,-0.0498,0.27017,-0.21621,0,-0.45591,0.27324,0.28488,0.32091,0.0774,1.01907,-0.11559,-0.66592,-0.50675,-0.25309,-0.26442,0.54008,1.05257,-0.04853,0.81666,0.00551,-0.00399,0.64492,-0.06597,0.00536,-3e-05,1.09276,0.00324,0.06484,-0.00311,-0.0461,-0.05445,-0.02432
6.6,0.11128,0.01626,-0.11999,0.45158,-0.82745,0.12503,-0.43982,0.11743,0.00688,0.26234,-0.22917,0,-0.29526,0.20239,0.33287,0.18162,-0.04702,0.93012,-0.14293,-0.55558,-0.46353,-0.31235,-0.37695,0.68961,0.98216,0.00472,0.80071,0.00757,-0.02245,0.65518,-0.0587,0.00209,-0.00136,1.11569,0.00925,0.07762,0.00581,-0.04889,-0.05483,-0.02429
6.62,0.1119,0.01562,-0.13913,0.43137,-0.85148,0.13812,-0.4478,0.12436,0.06805,0.25627,-0.23637,0,-0.15777,0.14932,0.33741,0.01031,-0.18403,0.83648,-0.15867,-0.46401,-0.44241,-0.33343,-0.50009,0.80416,0.90241,0.04778,0.79657,0.01379,-0.0431,0.64894,-0.05149,-0.00068,-0.00246,1.13769,0.01638,0.0794,0.01864,-0.05227,-0.05338,-0.02336
6.64,0.11356,0.01551,-0.1575,0.40231,-0.87492,0.14562,-0.45663,0.13021,0.1309,0.25332,-0.2373,0,-0.04855,0.12063,0.29371,-0.18774,-0.32733,0.74325,-0.1596,-0.39266,-0.44503,-0.31321,-0.63265,0.87434,0.81862,0.07829,0.8053,0.02334,-0.06695,0.62966,-0.04484,-0.00227,-0.003,1.15893,0.02415,0.06821,0.03485,-0.05626,-0.0499,-0.02142
6.66,0.11611,0.01577,-0.17499,0.36489,-0.8974,0.14809,-0.46598,0.13377,0.19237,0.25446,-0.23295,0,0.03337,0.12006,0.20677,-0.40563,-0.47093,0.65262,-0.14534,-0.33914,-0.46622,-0.25555,-0.76969,0.89889,0.73437,0.09595,0.82665,0.03559,-0.09298,0.60009,-0.03896,-0.00235,-0.0028,1.17908,0.0323,0.04414,0.05361,-0.06081,-0.04444,-0.01851
6.68,0.11938,0.01605,-0.19156,0.32,-0.91806,0.14688,-0.47578,0.13363,0.24867,0.26022,-0.22594,0,0.09487,0.14826,0.09267,-0.63321,-0.60814,0.5643,-0.11877,-0.29754,-0.4933,-0.17216,-0.90117,0.88528,0.6521,0.10251,0.8589,0.05008,-0.11777,0.56233,-0.03381,-0.00105,-0.0019,1.19711,0.04071,0.00971,0.07368,-0.06578,-0.03735,-0.0148
6.7,0.12311,0.01593,-0.20706,0.26915,-0.93541,0.14396,-0.48605,0.12828,0.29513,0.27072,-0.22025,0,0.14718,0.20308,-0.02272,-0.85611,-0.73089,0.47646,-0.08563,-0.25939,-0.50732,-0.08158,-1.01187,0.84807,0.57365,0.10129,0.89885,0.06646,-0.1356,0.51803,-0.02917,0.00116,-0.00053,1.21125,0.04939,-0.0303,0.09331,-0.07093,-0.02925,-0.0106
6.72,0.12697,0.01499,-0.22126,0.21428,-0.94765,0.14143,-0.49684,0.11637,0.32699,0.2856,-0.2202,0,0.20274,0.28015,-0.11027,-1.05813,-0.83098,0.38673,-0.05299,-0.21598,-0.48814,-0.00429,-1.08481,0.80397,0.50041,0.09621,0.94245,0.0845,-0.1398,0.46854,-0.02475,0.00359,0.00098,1.21929,0.05842,-0.07,0.11063,-0.07593,-0.02095,-0.0063
6.74,0.1306,0.0129,-0.23398,0.15735,-0.95326,0.14082,-0.50803,0.09726,0.34108,0.30406,-0.22884,0,0.27107,0.37357,-0.14765,-1.22577,-0.90278,0.29319,-0.02692,-0.16136,-0.4218,0.04465,-1.10706,0.76492,0.43286,0.09035,0.98574,0.10414,-0.12483,0.41495,-0.02033,0.00552,0.00226,1.21931,0.06803,-0.10412,0.12412,-0.08048,-0.01316,-0.00226
6.76,0.13361,0.00962,-0.24508,0.10025,-0.95138,0.14268,-0.51921,0.07144,0.33687,0.32468,-0.24686,0,0.35574,0.47609,-0.1261,-1.35082,-0.94483,0.19536,-0.01103,-0.09459,-0.30601,0.06057,-1.07373,0.73346,0.3706,0.08508,1.02535,0.12544,-0.08781,0.35836,-0.01591,0.0064,0.00303,1.21012,0.07852,-0.12906,0.13304,-0.08435,-0.00643,0.00126
6.78,0.13551,0.00539,-0.25446,0.04521,-0.94189,0.14636,-0.52956,0.04078,0.31679,0.34531,-0.27218,0,0.45295,0.57833,-0.0523,-1.42997,-0.9599,0.09518,-0.00621,-0.02083,-0.15231,0.05028,-0.98906,0.70176,0.31282,0.07981,1.05829,0.14846,-0.0291,0.30035,-0.0117,0.00582,0.00306,1.1914,0.09025,-0.14298,0.13737,-0.08733,-0.00111,0.00405
6.8,0.13575,0.0007,-0.26188,-0.00486,-0.92538,0.15024,-0.53784,0.00854,0.28578,0.36301,-0.30021,0,0.55189,0.66863,0.05361,-1.46339,-0.95409,-0.00257,-0.01103,0.04912,0.01515,0.03031,-0.86549,0.65346,0.25879,0.07235,1.08171,0.17307,0.04769,0.24329,-0.00818,0.00353,0.00217,1.16365,0.1035,-0.14549,0.13768,-0.08924,0.00255,0.006
6.82,0.13379,-0.00379,-0.26709,-0.04697,-0.90278,0.15219,-0.54259,-0.02142,0.24997,0.37458,-0.32527,0,0.63824,0.735,0.16465,-1.45374,-0.93505,-0.09143,-0.02265,0.10219,0.16657,0.02122,-0.7199,0.56963,0.20808,0.0599,1.09308,0.19884,0.13638,0.18988,-0.00588,-0.00051,0.00031,1.12791,0.1184,-0.13731,0.13492,-0.08994,0.00443,0.007
6.84,0.12924,-0.00753,-0.26993,-0.07893,-0.87507,0.15037,-0.54264,-0.04593,0.21475,0.37742,-0.34267,0,0.69967,0.76859,0.25679,-1.40542,-0.90979,-0.16541,-0.03802,0.12833,0.27718,0.03955,-0.56818,0.43731,0.16049,0.04047,1.09065,0.225,0.22935,0.14222,-0.0051,-0.00608,-0.00245,1.08523,0.13492,-0.11998,0.13008,-0.08933,0.00454,0.00707
6.86,0.12197,-0.01022,-0.2704,-0.10007,-0.84307,0.14381,-0.53731,-0.06326,0.18354,0.3701,-0.35011,0,0.72944,0.766,0.31531,-1.32437,-0.88323,-0.22027,-0.0546,0.12408,0.33428,0.09208,-0.42206,0.256,0.11615,0.014,1.07388,0.25033,0.31796,0.10137,-0.00569,-0.01263,-0.00583,1.03654,0.15273,-0.09574,0.12407,-0.08743,0.0031,0.00629
6.88,0.11219,-0.01179,-0.26869,-0.11118,-0.80762,0.13251,-0.52659,-0.07319,0.15776,0.35252,-0.34799,0,0.72703,0.72979,0.33593,-1.21851,-0.85803,-0.25338,-0.0705,0.09346,0.33845,0.17409,-0.28937,0.0405,0.07592,-0.01719,1.04354,0.27294,0.39195,0.0675,-0.00704,-0.01922,-0.00932,0.98295,0.17103,-0.06766,0.11767,-0.08441,0.00051,0.00488
6.9,0.10044,-0.01239,-0.26515,-0.1141,-0.76983,0.11747,-0.51104,-0.0767,0.13723,0.32587,-0.339,0,0.69717,0.66772,0.32331,-1.0978,-0.8349,-0.26322,-0.08426,0.04698,0.30157,0.27051,-0.17534,-0.18,0.04154,-0.0486,1.0017,0.29022,0.43934,0.04031,-0.00812,-0.02454,-0.01219,0.92604,0.18857,-0.03964,0.11158,-0.08053,-0.00264,0.00313
6.92,0.08748,-0.01229,-0.2602,-0.11126,-0.73082,0.10017,-0.4916,-0.07547,0.12073,0.29206,-0.32709,0,0.64771,0.59035,0.28747,-0.97272,-0.81317,-0.24954,-0.09489,-0.00171,0.24177,0.36103,-0.083,-0.37017,0.01506,-0.07478,0.95107,0.2994,0.44853,0.01923,-0.00774,-0.02718,-0.01366,0.86754,0.20386,-0.0158,0.10635,-0.07611,-0.00571,0.00137
6.94,0.07395,-0.01176,-0.25422,-0.10489,-0.69138,0.08207,-0.46919,-0.07127,0.10675,0.25307,-0.31598,0,0.58667,0.50761,0.2392,-0.85159,-0.79135,-0.21382,-0.10181,-0.04056,0.17657,0.42789,-0.01303,-0.50114,-0.00227,-0.09129,0.89412,0.29854,0.4119,0.00347,-0.00498,-0.02612,-0.01316,0.80881,0.21566,0.00046,0.10227,-0.07145,-0.00815,-0.00011
6.96,0.0603,-0.01102,-0.2475,-0.09665,-0.65183,0.06422,-0.44461,-0.06548,0.09391,0.2106,-0.30826,0,0.52049,0.4268,0.18699,-0.73922,-0.76765,-0.15985,-0.1049,-0.06233,0.1184,0.461,0.03611,-0.55891,-0.01077,-0.09606,0.83269,0.2872,0.32857,-0.00786,0.00056,-0.02101,-0.01049,0.75056,0.22334,0.00715,0.09932,-0.06675,-0.00962,-0.00112
6.98,0.04682,-0.01023,-0.24031,-0.08755,-0.61226,0.0473,-0.41862,-0.05908,0.08131,0.16628,-0.30516,0,0.45408,0.35264,0.13664,-0.63743,-0.74028,-0.09421,-0.10443,-0.0652,0.07389,0.45888,0.0678,-0.54591,-0.01236,-0.08961,0.76827,0.26669,0.20551,-0.01567,0.00866,-0.01232,-0.00587,0.69327,0.22686,0.00376,0.09713,-0.06214,-0.01002,-0.00161
7,0.03379,-0.00949,-0.23287,-0.07805,-0.57284,0.03179,-0.39211,-0.0527,0.06847,0.12198,-0.3067,0,0.3913,0.28804,0.09178,-0.54613,-0.70763,-0.02613,-0.101,-0.05201,0.0448,0.42747,0.08651,-0.47852,-0.01035,-0.07472,0.70247,0.23994,0.05716,-0.02077,0.01848,-0.00122,4e-05,0.63759,0.22662,-0.00897,0.09509,-0.05774,-0.00942,-0.0016
7.02,0.02142,-0.00884,-0.22539,-0.06821,-0.53382,0.018,-0.366,-0.04666,0.05533,0.07963,-0.31209,0,0.33503,0.23442,0.05436,-0.46408,-0.66856,0.03427,-0.09541,-0.02839,0.02952,0.37702,0.09707,-0.38071,-0.00859,-0.05539,0.6369,0.21066,-0.09812,-0.02384,0.02883,0.01069,0.00639,0.58427,0.22326,-0.02952,0.09248,-0.05365,-0.00802,-0.00117
7.04,0.00984,-0.0083,-0.21797,-0.05785,-0.49531,0.00612,-0.34085,-0.0411,0.04194,0.04081,-0.32009,0,0.28695,0.19189,0.02508,-0.38941,-0.62255,0.07887,-0.08842,-0.00019,0.02501,0.31787,0.10365,-0.27521,-0.01042,-0.03535,0.57278,0.18228,-0.24337,-0.02547,0.03862,0.0219,0.01236,0.53376,0.21742,-0.05616,0.0887,-0.04989,-0.00603,-0.00042
7.06,-0.00097,-0.00786,-0.21057,-0.04673,-0.45728,-0.00382,-0.3168,-0.03596,0.02842,0.00662,-0.32929,0,0.24752,0.1594,0.0037,-0.32027,-0.57009,0.1033,-0.08072,0.02812,0.02809,0.25779,0.10921,-0.17794,-0.018,-0.01714,0.51078,0.15721,-0.36621,-0.02624,0.04701,0.03125,0.01732,0.48605,0.20953,-0.0873,0.08341,-0.04648,-0.00366,0.00056
7.08,-0.01101,-0.00749,-0.20308,-0.03466,-0.41983,-0.01182,-0.29371,-0.03113,0.01498,-0.02208,-0.33815,0,0.2163,0.1351,-0.0106,-0.25544,-0.51309,0.10723,-0.07292,0.05372,0.03576,0.20171,0.11526,-0.09726,-0.03196,-0.00202,0.45155,0.13689,-0.45864,-0.02666,0.05348,0.03798,0.02088,0.44105,0.19988,-0.12131,0.07661,-0.04339,-0.00107,0.00167
7.1,-0.02029,-0.00716,-0.19534,-0.02161,-0.38348,-0.01785,-0.27133,-0.02645,0.00202,-0.04448,-0.34493,0,0.19234,0.11669,-0.01903,-0.19483,-0.45504,0.09369,-0.06561,0.07513,0.04527,0.15233,0.12195,-0.03525,-0.05162,0.00978,0.39609,0.12202,-0.51597,-0.02717,0.05771,0.04161,0.02279,0.39893,0.18865,-0.15634,0.06862,-0.04059,0.00159,0.00285
7.12,-0.02873,-0.00683,-0.18723,-0.00765,-0.34892,-0.02184,-0.24939,-0.02177,-0.00993,-0.05984,-0.34795,0,0.17443,0.10186,-0.02294,-0.13911,-0.40018,0.06757,-0.05932,0.09187,0.05438,0.11062,0.12856,0.01042,-0.07544,0.0188,0.34554,0.11271,-0.53634,-0.02813,0.05958,0.04191,0.02295,0.35998,0.17597,-0.19046,0.06,-0.03807,0.00417,0.004
7.14,-0.03635,-0.00645,-0.1786,0.00699,-0.31666,-0.02383,-0.22756,-0.017,-0.02045,-0.06783,-0.34595,0,0.16125,0.08864,-0.02359,-0.08876,-0.352,0.03358,-0.05446,0.10426,0.06167,0.07616,0.13431,0.04443,-0.1018,0.02592,0.30055,0.10854,-0.52091,-0.02972,0.05913,0.03896,0.02141,0.32423,0.162,-0.22188,0.05127,-0.03581,0.00655,0.00506
7.16,-0.0432,-0.00598,-0.16931,0.02195,-0.28679,-0.02396,-0.20554,-0.01214,-0.02928,-0.06878,-0.33838,0,0.15153,0.07573,-0.02205,-0.04368,-0.31237,-0.00488,-0.05125,0.11315,0.0668,0.04757,0.13879,0.07221,-0.12943,0.03214,0.26099,0.10858,-0.4741,-0.03192,0.05659,0.03314,0.01839,0.29129,0.14696,-0.2491,0.04283,-0.03374,0.00861,0.00597
7.18,-0.04938,-0.0054,-0.15932,0.0366,-0.25916,-0.02254,-0.1832,-0.00737,-0.03628,-0.06363,-0.32548,0,0.14411,0.06266,-0.01916,-0.00339,-0.28163,-0.04587,-0.04978,0.11981,0.07047,0.02279,0.14213,0.09935,-0.15731,0.03846,0.22614,0.11146,-0.40392,-0.03448,0.0524,0.02521,0.01431,0.26055,0.13135,-0.27067,0.03499,-0.03181,0.01027,0.00667
7.2,-0.05496,-0.00467,-0.14874,0.05001,-0.23365,-0.01996,-0.16072,-0.00301,-0.04139,-0.05391,-0.30826,0,0.13808,0.04983,-0.01553,0.03256,-0.25909,-0.08842,-0.05,0.12581,0.07431,-0.00059,0.14484,0.13131,-0.18446,0.0458,0.1951,0.11539,-0.32162,-0.03696,0.0472,0.01629,0.00975,0.23149,0.11591,-0.2851,0.02799,-0.02993,0.0114,0.00712
7.22,-0.05995,-0.0038,-0.13778,0.06106,-0.21016,-0.01671,-0.13851,0.00053,-0.04456,-0.04136,-0.28814,0,0.13283,0.03817,-0.01159,0.06435,-0.2435,-0.13201,-0.05178,0.13283,0.0804,-0.02512,0.14755,0.17333,-0.20977,0.05498,0.16693,0.11853,-0.23967,-0.03879,0.04167,0.0076,0.00537,0.20365,0.1015,-0.29106,0.02207,-0.02808,0.01193,0.00728
7.24,-0.06438,-0.00279,-0.12658,0.06888,-0.18847,-0.0132,-0.11694,0.00296,-0.04581,-0.02762,-0.26649,0,0.12805,0.02868,-0.00768,0.09176,-0.23352,-0.17591,-0.05485,0.14249,0.09062,-0.0532,0.15062,0.23029,-0.23193,0.06677,0.14071,0.11931,-0.16857,-0.03951,0.03641,0.00021,0.00172,0.17664,0.08874,-0.28803,0.0173,-0.02621,0.01183,0.00713
7.26,-0.06827,-0.00165,-0.11522,0.073,-0.16823,-0.00979,-0.09624,0.00417,-0.04527,-0.01394,-0.24428,0,0.12377,0.02206,-0.00404,0.11409,-0.22813,-0.21864,-0.05886,0.15616,0.10618,-0.08692,0.15391,0.30649,-0.24934,0.08175,0.1156,0.11675,-0.1149,-0.03888,0.03184,-0.0052,-0.00086,0.15009,0.0778,-0.27663,0.01363,-0.0243,0.01121,0.00672
7.28,-0.0716,-0.00043,-0.10378,0.07342,-0.14913,-0.00677,-0.0766,0.0043,-0.04313,-0.00127,-0.22226,0,0.1204,0.01872,-0.00092,0.12989,-0.22674,-0.25744,-0.06329,0.17485,0.1274,-0.1277,0.15667,0.40504,-0.25993,0.10029,0.09108,0.11054,-0.08129,-0.03688,0.02815,-0.00837,-0.00226,0.12392,0.06846,-0.25888,0.01085,-0.02235,0.01027,0.00616
7.3,-0.0743,0.00082,-0.0924,0.07047,-0.13099,-0.00439,-0.05836,0.00364,-0.03966,0.00966,-0.20108,0,0.1187,0.01882,0.00145,0.13697,-0.22919,-0.28824,-0.06746,0.19903,0.15362,-0.17597,0.15759,0.52704,-0.26114,0.12235,0.06714,0.10097,-0.0671,-0.03375,0.02542,-0.00933,-0.00254,0.09844,0.06022,-0.23795,0.00871,-0.02041,0.00934,0.00558
7.32,-0.07626,0.00199,-0.08124,0.06473,-0.11381,-0.00283,-0.04192,0.0026,-0.03519,0.01831,-0.18125,0,0.11948,0.0223,0.00285,0.13302,-0.23546,-0.30656,-0.07064,0.22837,0.18329,-0.23076,0.15518,0.67025,-0.25066,0.14729,0.0441,0.08877,-0.06942,-0.02984,0.02361,-0.00835,-0.00188,0.07421,0.05248,-0.21738,0.00688,-0.01853,0.00875,0.00517
7.34,-0.0774,0.00304,-0.07043,0.05684,-0.09752,-0.00218,-0.02753,0.00157,-0.03,0.02445,-0.16301,0,0.12321,0.02885,0.00318,0.11677,-0.2452,-0.30913,-0.07222,0.26139,0.21408,-0.28923,0.1483,0.82744,-0.22748,0.17369,0.02229,0.07479,-0.08408,-0.02553,0.02259,-0.00582,-0.00053,0.05168,0.04473,-0.19976,0.00511,-0.01673,0.00873,0.00502
7.36,-0.0777,0.00392,-0.05995,0.04741,-0.08203,-0.00238,-0.01522,0.00083,-0.02431,0.02813,-0.14625,0,0.12967,0.03784,0.00248,0.08882,-0.25742,-0.29498,-0.07182,0.29508,0.2429,-0.34612,0.13659,0.98473,-0.19277,0.19909,0.00197,0.05991,-0.10624,-0.02116,0.02215,-0.00226,0.00124,0.03099,0.03674,-0.18593,0.00324,-0.01499,0.00934,0.00515
7.38,-0.07721,0.00461,-0.0498,0.03709,-0.06724,-0.00325,-0.00483,0.00055,-0.01834,0.02974,-0.13065,0,0.13786,0.04824,0.00097,0.05202,-0.27026,-0.26585,-0.0693,0.32455,0.26566,-0.39314,0.12061,1.11982,-0.15036,0.21972,-0.01663,0.04503,-0.13045,-0.01703,0.02202,0.00177,0.00312,0.01207,0.0286,-0.17491,0.00124,-0.01324,0.0104,0.00548
7.4,-0.07601,0.00511,-0.03999,0.02661,-0.05323,-0.0045,0.00384,0.00081,-0.01235,0.02984,-0.11583,0,0.14602,0.05867,-0.00101,0.01134,-0.28104,-0.22585,-0.06475,0.34324,0.27736,-0.41935,0.10182,1.20294,-0.10647,0.23066,-0.03312,0.03125,-0.15069,-0.01342,0.02189,0.00556,0.00478,-0.00516,0.02078,-0.16419,-0.00084,-0.01137,0.01156,0.00583
7.42,-0.07425,0.00544,-0.03059,0.01667,-0.04018,-0.00576,0.011,0.00162,-0.00658,0.02911,-0.10141,0,0.15208,0.06758,-0.00304,-0.02727,-0.28664,-0.18033,-0.05841,0.34457,0.27327,-0.41399,0.08216,1.2045,-0.0681,0.22708,-0.04706,0.0196,-0.16127,-0.0106,0.02144,0.00844,0.00591,-0.02075,0.01394,-0.1505,-0.00282,-0.00928,0.01238,0.00598
7.44,-0.07203,0.00562,-0.02164,0.0078,-0.02825,-0.00676,0.01691,0.00291,-0.00122,0.02816,-0.08707,0,0.15425,0.07372,-0.00475,-0.05862,-0.28416,-0.13413,-0.05062,0.32465,0.25089,-0.37107,0.06332,1.1073,-0.04052,0.20631,-0.0581,0.01081,-0.15817,-0.0087,0.02044,0.00993,0.00629,-0.03475,0.00869,-0.13093,-0.00458,-0.00687,0.01246,0.00576
7.46,-0.06944,0.00566,-0.01313,0.00023,-0.01755,-0.00734,0.02185,0.00461,0.0036,0.02742,-0.07261,0,0.15144,0.07636,-0.00586,-0.07945,-0.27131,-0.09056,-0.04176,0.28416,0.2114,-0.2927,0.04639,0.91547,-0.02553,0.16929,-0.06618,0.00508,-0.14006,-0.00773,0.01876,0.00983,0.00585,-0.04723,0.00537,-0.10368,-0.00604,-0.00411,0.01157,0.00503
7.48,-0.06655,0.00559,-0.00505,-0.00604,-0.00819,-0.00749,0.02611,0.00657,0.0078,0.02714,-0.05807,0,0.14336,0.07535,-0.00625,-0.08851,-0.24665,-0.05148,-0.03229,0.22917,0.16024,-0.19049,0.03184,0.65799,-0.02122,0.12123,-0.0714,0.00212,-0.1086,-0.00753,0.01645,0.00828,0.00467,-0.05813,0.00408,-0.06846,-0.00718,-0.00101,0.00966,0.00378
7.5,-0.06343,0.00546,0.0025,-0.01117,-0.00036,-0.00734,0.02991,0.00861,0.01131,0.02737,-0.04381,0,0.13051,0.07102,-0.00587,-0.0862,-0.20966,-0.01772,-0.02285,0.1705,0.1067,-0.08449,0.01975,0.38588,-0.02257,0.07112,-0.074,0.0012,-0.06822,-0.00781,0.0137,0.00568,0.003,-0.06721,0.00469,-0.0266,-0.00805,0.00232,0.00686,0.00209
7.52,-0.06016,0.00529,0.0094,-0.01538,0.0057,-0.00705,0.03341,0.01052,0.01403,0.02804,-0.03038,0,0.11391,0.064,-0.00479,-0.07415,-0.16072,0.01056,-0.01411,0.12054,0.0613,0.00258,0.00994,0.15737,-0.02336,0.02918,-0.07429,0.00144,-0.02469,-0.00825,0.01076,0.00258,0.00111,-0.07411,0.00686,0.01942,-0.0087,0.00573,0.00341,8e-05
7.54,-0.05678,0.0051,0.01556,-0.01886,0.00987,-0.00679,0.0367,0.01216,0.01592,0.02894,-0.01823,0,0.09483,0.05502,-0.00311,-0.05459,-0.10123,0.03354,-0.00665,0.08855,0.03176,0.054,0.00206,0.01563,-0.01867,0.00291,-0.07258,0.002,0.01683,-0.00856,0.00786,-0.0005,-0.00071,-0.07854,0.01012,0.06665,-0.0092,0.00903,-0.00041,-0.00208
7.56,-0.05329,0.00491,0.02096,-0.02165,0.01222,-0.00661,0.0398,0.01349,0.01699,0.02981,-0.00759,0,0.07465,0.04477,-0.00103,-0.03009,-0.03384,0.05153,-0.00081,0.07742,0.02042,0.06493,-0.00424,-0.02625,-0.00669,-0.00548,-0.06924,0.00231,0.05309,-0.00853,0.00515,-0.00327,-0.00231,-0.08042,0.01381,0.11197,-0.00963,0.0121,-0.00429,-0.00422
7.58,-0.04968,0.00473,0.02563,-0.02367,0.01298,-0.0065,0.04262,0.01455,0.01726,0.03029,0.00151,0,0.05498,0.0339,0.00123,-0.00366,0.03696,0.06468,0.00321,0.083,0.0236,0.04375,-0.00927,0.01137,0.01074,0.0003,-0.06463,0.00209,0.08274,-0.00808,0.00269,-0.0056,-0.00362,-0.07985,0.01707,0.15183,-0.01004,0.01477,-0.00793,-0.00616
7.6,-0.04596,0.00455,0.02958,-0.02465,0.01255,-0.00636,0.04498,0.01546,0.01681,0.02995,0.00912,0,0.03774,0.02317,0.00333,0.02121,0.10468,0.07291,0.00535,0.09516,0.03262,0.01004,-0.01321,0.07986,0.02856,0.01158,-0.05921,0.00131,0.10592,-0.00725,0.00047,-0.00751,-0.00464,-0.07707,0.01888,0.18208,-0.01045,0.0169,-0.01099,-0.00766
7.62,-0.04217,0.00437,0.03283,-0.02428,0.01136,-0.00604,0.04663,0.01637,0.01571,0.02835,0.01533,0,0.0249,0.0133,0.00494,0.04092,0.16178,0.07583,0.0056,0.10132,0.03672,-0.01204,-0.01623,0.11908,0.04027,0.01767,-0.05339,0.00013,0.12362,-0.00612,-0.00151,-0.00912,-0.00546,-0.07246,0.01824,0.19867,-0.01089,0.01831,-0.01311,-0.00852
7.64,-0.0383,0.00418,0.03541,-0.02234,0.00982,-0.00545,0.04737,0.01738,0.01406,0.02515,0.02027,0,0.01807,0.00493,0.00574,0.05249,0.20153,0.07298,0.00395,0.09145,0.02739,-0.00334,-0.01844,0.08131,0.04066,0.01014,-0.04757,-0.00126,0.13705,-0.00478,-0.00331,-0.01056,-0.00612,-0.06639,0.01444,0.19893,-0.01137,0.01891,-0.01406,-0.00859
7.66,-0.03437,0.00398,0.03738,-0.01883,0.00829,-0.00454,0.04711,0.01854,0.01197,0.02015,0.0241,0,0.01815,-0.0015,0.00556,0.05397,0.21909,0.06384,0.00036,0.06149,0.00131,0.04367,-0.02004,-0.052,0.02763,-0.01422,-0.042,-0.00271,0.14715,-0.00334,-0.00495,-0.01189,-0.00669,-0.05929,0.00735,0.1825,-0.0119,0.0187,-0.01373,-0.00784
7.68,-0.03041,0.00376,0.03881,-0.01403,0.00699,-0.00341,0.04589,0.01979,0.0096,0.01341,0.02695,0,0.02528,-0.00568,0.00428,0.04457,0.21161,0.04796,-0.0052,0.01453,-0.03869,0.1229,-0.02127,-0.26513,0.00277,-0.05252,-0.03692,-0.00416,0.15433,-0.00185,-0.00641,-0.01309,-0.00716,-0.0516,-0.00254,0.15158,-0.01246,0.01778,-0.01221,-0.00637
7.7,-0.02647,0.00351,0.03977,-0.00848,0.00611,-0.00219,0.04384,0.02098,0.00714,0.00521,0.02889,0,0.03891,-0.00739,0.00195,0.02454,0.1781,0.02508,-0.01273,-0.03998,-0.08428,0.21605,-0.02241,-0.51155,-0.02903,-0.09633,-0.03251,-0.00557,0.15851,-0.00037,-0.00765,-0.01408,-0.00751,-0.04391,-0.01412,0.11075,-0.01304,0.01634,-0.00972,-0.00439
7.72,-0.02266,0.00323,0.04031,-0.00286,0.00576,-0.00112,0.04118,0.02191,0.00481,-0.00398,0.02999,0,0.05784,-0.00655,-0.00133,-0.00479,0.11959,-0.00465,-0.02208,-0.08932,-0.12433,0.29871,-0.02368,-0.72932,-0.0611,-0.13453,-0.02894,-0.00697,0.15917,0.00102,-0.0086,-0.0147,-0.00769,-0.03676,-0.02598,0.06579,-0.01361,0.01461,-0.00658,-0.00216
7.74,-0.01904,0.00294,0.04047,0.00221,0.00599,-0.00036,0.0381,0.0224,0.0028,-0.01357,0.03029,0,0.08026,-0.00335,-0.0053,-0.04104,0.0396,-0.04021,-0.03281,-0.12222,-0.14904,0.34927,-0.02519,-0.86389,-0.08724,-0.15735,-0.02631,-0.00845,0.15568,0.00229,-0.0092,-0.01482,-0.00764,-0.03061,-0.03686,0.02194,-0.01413,0.01281,-0.00309,5e-05
7.76,-0.01565,0.00262,0.0403,0.00628,0.0068,-3e-05,0.03473,0.02235,0.00126,-0.02292,0.02988,0,0.10375,0.00169,-0.00961,-0.08057,-0.0551,-0.0794,-0.04404,-0.13197,-0.15266,0.35501,-0.0269,-0.88343,-0.10321,-0.15918,-0.02461,-0.01012,0.14751,0.0034,-0.00939,-0.01433,-0.00731,-0.02566,-0.04591,-0.01709,-0.01457,0.01108,0.00047,0.00207
7.78,-0.01249,0.0023,0.03984,0.00907,0.0081,-0.00015,0.03117,0.02171,0.00028,-0.03122,0.02889,0,0.12502,0.00761,-0.01371,-0.11818,-0.15373,-0.11838,-0.05434,-0.11712,-0.13414,0.31347,-0.02856,-0.78238,-0.10693,-0.13922,-0.02374,-0.01219,0.13428,0.00431,-0.00916,-0.01319,-0.00669,-0.02197,-0.05271,-0.04909,-0.0149,0.00953,0.00385,0.00376
7.8,-0.00957,0.00197,0.03914,0.01045,0.00977,-0.00067,0.02752,0.02053,-5e-05,-0.03754,0.02749,0,0.14003,0.01311,-0.0169,-0.1472,-0.24163,-0.15175,-0.06174,-0.08088,-0.09665,0.2314,-0.02973,-0.5787,-0.09823,-0.10096,-0.02355,-0.01485,0.11591,0.00499,-0.00852,-0.01139,-0.00577,-0.0194,-0.05716,-0.07295,-0.01508,0.0082,0.00683,0.00506
7.82,-0.0069,0.00168,0.03824,0.01039,0.01164,-0.00152,0.02386,0.01889,0.00032,-0.04094,0.02584,0,0.14482,0.01681,-0.0185,-0.16092,-0.30341,-0.17387,-0.06427,-0.0297,-0.04621,0.12186,-0.02994,-0.30626,-0.07858,-0.05079,-0.02385,-0.01825,0.09267,0.00538,-0.00749,-0.00899,-0.00456,-0.01777,-0.05937,-0.08839,-0.01508,0.00711,0.00919,0.00592
7.84,-0.00447,0.00141,0.03715,0.009,0.01358,-0.00257,0.02025,0.01689,0.00136,-0.04085,0.0241,0,0.13693,0.01774,-0.01804,-0.15501,-0.32803,-0.1809,-0.06064,0.02877,0.01017,6e-05,-0.02882,-0.00424,-0.05071,0.00407,-0.02442,-0.02238,0.06542,0.00546,-0.00613,-0.00611,-0.00313,-0.01686,-0.05956,-0.0957,-0.01488,0.00628,0.01079,0.00633
7.86,-0.00225,0.00118,0.0359,0.00653,0.01551,-0.00374,0.01673,0.01463,0.00299,-0.0373,0.02235,0,0.11642,0.01564,-0.01548,-0.12913,-0.31231,-0.17229,-0.05087,0.08682,0.06556,-0.11891,-0.02627,0.28896,-0.01855,0.05673,-0.02508,-0.02702,0.03575,0.00524,-0.00455,-0.00293,-0.00155,-0.01644,-0.05801,-0.09568,-0.01451,0.00569,0.01158,0.00631
7.88,-0.00019,0.00097,0.0345,0.0034,0.01736,-0.00494,0.01338,0.01225,0.00505,-0.03096,0.02066,0,0.08625,0.01106,-0.01125,-0.08756,-0.26182,-0.15115,-0.03641,0.1365,0.11298,-0.21985,-0.02252,0.53508,0.01258,0.1005,-0.02564,-0.03166,0.00635,0.00473,-0.00292,0.00027,2e-05,-0.01633,-0.05502,-0.08949,-0.01403,0.00531,0.01159,0.00592
7.9,0.00175,0.00077,0.03298,0.00019,0.01914,-0.00607,0.01029,0.00991,0.00728,-0.02312,0.01905,0,0.05199,0.00526,-0.0062,-0.03868,-0.18978,-0.12378,-0.02007,0.16956,0.14524,-0.28712,-0.01807,0.69533,0.03614,0.12877,-0.0259,-0.03552,-0.01908,0.00401,-0.00144,0.00313,0.0014,-0.01636,-0.05093,-0.07864,-0.01354,0.00513,0.01093,0.00524
7.92,0.00359,0.00056,0.03137,-0.0025,0.02081,-0.00704,0.00759,0.00777,0.0094,-0.01534,0.0176,0,0.0203,-0.0002,-0.00139,0.00737,-0.11315,-0.09785,-0.00519,0.1788,0.15611,-0.30725,-0.01356,0.73663,0.04568,0.13602,-0.02573,-0.03777,-0.03668,0.00313,-0.00034,0.00524,0.00238,-0.01639,-0.04608,-0.06479,-0.01314,0.00511,0.00975,0.00436
7.94,0.00537,0.00032,0.02968,-0.00414,0.02239,-0.00779,0.00538,0.00595,0.01114,-0.00898,0.01647,0,-0.00331,-0.00398,0.00231,0.04205,-0.0469,-0.07965,0.00543,0.1604,0.14233,-0.27333,-0.00957,0.64254,0.03713,0.11966,-0.02503,-0.03784,-0.04386,0.00216,0.00022,0.00634,0.00281,-0.0163,-0.04084,-0.04956,-0.0129,0.00522,0.00822,0.00338
7.96,0.0071,5e-05,0.02794,-0.00447,0.02387,-0.00826,0.0037,0.00453,0.01237,-0.00493,0.01598,0,-0.016,-0.00541,0.00438,0.06076,-0.00031,-0.07235,0.01032,0.11571,0.10507,-0.18828,-0.00649,0.42132,0.01035,0.08138,-0.0238,-0.03564,-0.04027,0.00116,0.00019,0.00633,0.00267,-0.01601,-0.03555,-0.03445,-0.01284,0.00541,0.0065,0.00237
7.98,0.00879,-0.00024,0.02617,-0.00343,0.02521,-0.00846,0.00257,0.00351,0.01301,-0.00352,0.01661,0,-0.01781,-0.00453,0.00474,0.06324,0.02354,-0.07563,0.00947,0.05186,0.05051,-0.06622,-0.00448,0.10932,-0.03031,0.02771,-0.02216,-0.03163,-0.02807,0.00018,-0.00035,0.00536,0.00204,-0.01546,-0.03058,-0.0209,-0.01289,0.00562,0.00475,0.00144
8,0.01041,-0.00054,0.02441,-0.00118,0.02639,-0.00838,0.00197,0.00285,0.01308,-0.00466,0.01899,0,-0.0113,-0.00198,0.00369,0.05286,0.02685,-0.08606,0.00412,-0.01871,-0.01059,0.06863,-0.00354,-0.23159,-0.07644,-0.03042,-0.02032,-0.02677,-0.01161,-0.00075,-0.0012,0.00374,0.00114,-0.01464,-0.02636,-0.01036,-0.01293,0.00576,0.00315,0.00065
8.02,0.01193,-0.00084,0.02272,0.00197,0.02736,-0.00805,0.00188,0.00248,0.01267,-0.00801,0.02396,0,-0.00043,0.00116,0.00171,0.03512,0.01493,-0.09849,-0.00379,-0.08125,-0.06555,0.18771,-0.00356,-0.5285,-0.11769,-0.08022,-0.01858,-0.02223,0.00379,-0.00157,-0.00213,0.0019,0.0002,-0.01358,-0.02334,-0.00422,-0.01282,0.00577,0.00187,0.0001
8.04,0.01329,-0.00109,0.02112,0.00573,0.02816,-0.00747,0.00224,0.00231,0.01191,-0.01324,0.03254,0,0.01086,0.00379,-0.00067,0.01537,-0.00647,-0.1078,-0.01236,-0.12323,-0.1037,0.26682,-0.00435,-0.71925,-0.14501,-0.11087,-0.01726,-0.01906,0.01356,-0.00225,-0.0029,0.00023,-0.00053,-0.0124,-0.02186,-0.00347,-0.01245,0.00557,0.00106,-0.00016
8.06,0.01445,-0.0013,0.01965,0.00987,0.02892,-0.00667,0.00301,0.00222,0.01099,-0.02023,0.04592,0,0.01963,0.00496,-0.00305,-0.00258,-0.03297,-0.11019,-0.02023,-0.13733,-0.11892,0.29194,-0.00568,-0.76707,-0.15274,-0.11607,-0.01671,-0.01786,0.015,-0.00279,-0.00335,-0.001,-0.00094,-0.01134,-0.0221,-0.0085,-0.01174,0.00514,0.00079,-9e-05
8.08,0.01538,-0.00145,0.01831,0.0142,0.02989,-0.00564,0.00409,0.00207,0.01015,-0.02902,0.06536,0,0.02408,0.00392,-0.00514,-0.01669,-0.06185,-0.10343,-0.0266,-0.12196,-0.11016,0.26036,-0.0073,-0.66345,-0.13908,-0.09461,-0.01726,-0.01879,0.00762,-0.00318,-0.0034,-0.00166,-0.00096,-0.01076,-0.02405,-0.0191,-0.0107,0.00449,0.0011,0.00033
8.1,0.01603,-0.00152,0.01711,0.01854,0.03141,-0.00439,0.00538,0.00168,0.00969,-0.03976,0.09206,0,0.02344,0.00014,-0.00673,-0.02638,-0.09169,-0.08668,-0.03119,-0.08072,-0.08087,0.17941,-0.0089,-0.42524,-0.10565,-0.04981,-0.01928,-0.02159,-0.00718,-0.00344,-0.00304,-0.00171,-0.00064,-0.01111,-0.02754,-0.03435,-0.00939,0.00366,0.00197,0.00106
8.12,0.01633,-0.00152,0.01607,0.02271,0.03385,-0.00296,0.00678,0.00092,0.00994,-0.05262,0.1271,0,0.01752,-0.00681,-0.0077,-0.03201,-0.12187,-0.06004,-0.03399,-0.02069,-0.03748,0.0633,-0.01002,-0.08717,-0.05645,0.01173,-0.02309,-0.02574,-0.02671,-0.00358,-0.00231,-0.0012,-7e-05,-0.01295,-0.03224,-0.05288,-0.00794,0.00274,0.00334,0.00206
8.14,0.01623,-0.00144,0.01519,0.02646,0.03754,-0.00143,0.00829,-0.00036,0.01117,-0.06766,0.1712,0,0.00634,-0.01718,-0.00792,-0.03416,-0.15194,-0.02389,-0.03506,0.04961,0.01252,-0.07118,-0.00999,0.30825,0.00348,0.08207,-0.02899,-0.03058,-0.04805,-0.00363,-0.00128,-0.00026,0.00065,-0.01676,-0.03769,-0.07293,-0.00644,0.00181,0.00509,0.00326
8.16,0.01567,-0.00127,0.01446,0.02949,0.04273,5e-05,0.00998,-0.00225,0.0136,-0.08471,0.22455,0,-0.01016,-0.03112,-0.00728,-0.03312,-0.18111,0.02134,-0.03439,0.12151,0.06174,-0.20706,-0.00782,0.71604,0.06882,0.15285,-0.03715,-0.03548,-0.06857,-0.00359,-3e-05,0.00096,0.0014,-0.02294,-0.0433,-0.09248,-0.00499,0.00098,0.00708,0.00454
8.18,0.01461,-0.00103,0.01385,0.03141,0.04953,0.00124,0.01202,-0.00478,0.01736,-0.10324,0.28632,0,-0.0321,-0.0485,-0.00565,-0.0288,-0.20785,0.075,-0.03183,0.18588,0.10281,-0.32679,-0.00222,1.08713,0.13366,0.21503,-0.04756,-0.0398,-0.08597,-0.00349,0.00133,0.00226,0.00209,-0.0317,-0.0483,-0.10903,-0.00366,0.00035,0.00908,0.00574
8.2,0.01301,-0.00072,0.01335,0.03172,0.05786,0.00182,0.01467,-0.0079,0.02244,-0.12223,0.35437,0,-0.05956,-0.06889,-0.00291,-0.02072,-0.22984,0.13584,-0.02716,0.23307,0.12834,-0.41204,0.00832,1.36788,0.19135,0.2588,-0.06003,-0.04287,-0.09812,-0.00334,0.00265,0.0034,0.0026,-0.04305,-0.05174,-0.11967,-0.00253,5e-05,0.01081,0.00669
8.22,0.01087,-0.00035,0.01295,0.02991,0.06759,0.00148,0.01821,-0.01151,0.02877,-0.14043,0.384,0,-0.09252,-0.09167,0.00102,-0.00826,-0.24455,0.20188,-0.0202,0.25464,0.13214,-0.44691,0.02535,1.5101,0.23576,0.2755,-0.07424,-0.04408,-0.10331,-0.00314,0.00379,0.00413,0.00285,-0.05691,-0.05268,-0.12156,-0.00166,0.00021,0.01197,0.00717
8.24,0.00815,7e-05,0.01262,0.02568,0.07859,4e-05,0.02294,-0.01548,0.03621,-0.15666,0.384,0,-0.13103,-0.1162,0.00617,0.00915,-0.25021,0.2704,-0.01102,0.24631,0.11143,-0.42336,0.05011,1.48789,0.26348,0.26068,-0.08997,-0.04306,-0.1006,-0.00291,0.00466,0.00427,0.00279,-0.0732,-0.05048,-0.11282,-0.00108,0.00091,0.01235,0.00705
8.26,0.00484,0.00053,0.0124,0.01901,0.09083,-0.00242,0.0291,-0.01967,0.04458,-0.17006,0.384,0,-0.17503,-0.14192,0.01241,0.03173,-0.2465,0.33767,-0.00012,0.21002,0.06836,-0.34518,0.08319,1.30973,0.27527,0.21638,-0.10714,-0.03979,-0.09012,-0.00266,0.00521,0.00378,0.00241,-0.0919,-0.04501,-0.09316,-0.00084,0.00218,0.01187,0.0063
8.28,0.00097,0.00101,0.0123,0.0103,0.10427,-0.00559,0.03681,-0.02388,0.05357,-0.17999,0.384,0,-0.22403,-0.16815,0.01947,0.05916,-0.23475,0.39839,0.01144,0.15475,0.01073,-0.22946,0.12423,1.02253,0.27627,0.15197,-0.12569,-0.03465,-0.07325,-0.00241,0.0055,0.00274,0.00178,-0.11291,-0.03677,-0.06425,-0.00093,0.00394,0.01059,0.005
8.3,-0.00339,0.00152,0.01239,0.00031,0.11881,-0.00886,0.0461,-0.02784,0.06272,-0.18594,0.384,0,-0.27693,-0.19393,0.02681,0.09049,-0.21764,0.44555,0.02208,0.09554,-0.04865,-0.10496,0.17182,0.70655,0.27523,0.08326,-0.1455,-0.02838,-0.05246,-0.00216,0.00561,0.00137,0.00101,-0.13595,-0.0268,-0.02948,-0.00133,0.00608,0.00871,0.00336
8.32,-0.00816,0.00204,0.01273,-0.01001,0.13433,-0.01156,0.05683,-0.03124,0.0715,-0.18755,0.384,0,-0.33239,-0.21819,0.03369,0.1244,-0.19821,0.47181,0.03008,0.04954,-0.09532,-0.00448,0.22383,0.4537,0.28197,0.02827,-0.16646,-0.02188,-0.03066,-0.00193,0.00566,-7e-05,0.00023,-0.16067,-0.01646,0.00685,-0.00202,0.00842,0.00653,0.00162
8.34,-0.01326,0.00256,0.01338,-0.01981,0.15082,-0.0131,0.06888,-0.03377,0.07948,-0.18467,0.384,0,-0.38956,-0.24008,0.03915,0.15967,-0.1784,0.47198,0.03428,0.02992,-0.11823,0.04658,0.27808,0.33502,0.30377,0.00091,-0.18861,-0.01591,-0.01023,-0.00171,0.00576,-0.00136,-0.00043,-0.18692,-0.0069,0.04101,-0.00295,0.0108,0.0043,0
8.36,-0.01867,0.00309,0.01438,-0.02859,0.16846,-0.01319,0.08204,-0.03518,0.08641,-0.17746,0.384,0,-0.44846,-0.25911,0.04202,0.19539,-0.1581,0.44472,0.03445,0.0418,-0.11317,0.0379,0.33258,0.37868,0.34282,0.00666,-0.21223,-0.01092,0.00753,-0.00144,0.00597,-0.00238,-0.00092,-0.21482,0.00109,0.07059,-0.00406,0.01314,0.00222,-0.00135
8.38,-0.02438,0.00365,0.01575,-0.03609,0.18744,-0.01181,0.096,-0.03527,0.09219,-0.16646,0.384,0,-0.50955,-0.27506,0.0409,0.2307,-0.13508,0.39313,0.03141,0.08118,-0.08365,-0.02378,0.38522,0.5643,0.3953,0.04151,-0.23765,-0.00703,0.02252,-0.00105,0.0063,-0.0031,-0.00126,-0.24457,0.00717,0.09456,-0.00524,0.01535,0.00041,-0.00237
8.4,-0.03035,0.00423,0.01746,-0.04226,0.20788,-0.00922,0.11024,-0.03385,0.09681,-0.15257,0.384,0,-0.57341,-0.28781,0.03415,0.26469,-0.10522,0.32424,0.02694,0.13597,-0.03988,-0.11677,0.43346,0.82872,0.45183,0.09313,-0.26509,-0.0041,0.03549,-0.00044,0.00669,-0.00363,-0.00148,-0.27623,0.01129,0.11279,-0.00637,0.01742,-0.00104,-0.00305
8.42,-0.03652,0.00486,0.0195,-0.04722,0.22981,-0.00583,0.12422,-0.03084,0.10029,-0.13685,0.384,0,-0.64081,-0.29723,0.01993,0.29665,-0.06287,0.24673,0.02335,0.18984,0.00452,-0.21166,0.47481,1.08636,0.50003,0.14482,-0.29466,-0.00181,0.04774,0.00051,0.00708,-0.00408,-0.00167,-0.3098,0.01352,0.12544,-0.00731,0.01928,-0.00205,-0.00343
8.44,-0.04291,0.00554,0.02181,-0.0512,0.25327,-0.00206,0.13763,-0.02627,0.10267,-0.12019,0.384,0,-0.71318,-0.30316,-0.00365,0.32678,-0.00128,0.16756,0.02295,0.22781,0.03738,-0.28171,0.50785,1.2587,0.52843,0.1813,-0.32644,0.00021,0.06063,0.00183,0.00739,-0.00461,-0.0019,-0.34532,0.01385,0.13214,-0.00791,0.02091,-0.00248,-0.00347
8.46,-0.04958,0.00625,0.02436,-0.05456,0.27824,0.00176,0.15057,-0.02035,0.10397,-0.10316,0.384,0,-0.79272,-0.3054,-0.03833,0.35652,0.08683,0.08995,0.02766,0.23994,0.05118,-0.30977,0.53278,1.29399,0.52904,0.19255,-0.36047,0.0023,0.07525,0.00349,0.0076,-0.00533,-0.00224,-0.38286,0.01207,0.13147,-0.00805,0.02223,-0.00209,-0.00312
8.48,-0.05658,0.00697,0.0271,-0.05771,0.30448,0.00536,0.1635,-0.01355,0.10418,-0.08611,0.38261,0,-0.88176,-0.30367,-0.08544,0.38845,0.20864,0.01344,0.03887,0.22213,0.04376,-0.28975,0.55139,1.17172,0.49796,0.17462,-0.39646,0.00474,0.09225,0.00531,0.00768,-0.00631,-0.00271,-0.42225,0.00769,0.12075,-0.00761,0.02313,-0.00057,-0.00222
8.5,-0.06397,0.00765,0.02996,-0.06112,0.33143,0.00854,0.17704,-0.0066,0.10325,-0.06929,0.30783,0,-0.98219,-0.2976,-0.14556,0.42582,0.3701,-0.06509,0.05742,0.17547,0.01765,-0.22535,0.56659,0.89955,0.43512,0.12902,-0.43364,0.00775,0.11173,0.00705,0.00764,-0.00759,-0.00334,-0.46288,4e-05,0.09637,-0.00651,0.02348,0.00248,-0.0006
8.52,-0.07179,0.00825,0.03284,-0.06521,0.35837,0.01114,0.19194,-0.00028,0.10106,-0.05296,0.23696,0,-1.09502,-0.28704,-0.21814,0.47172,0.5741,-0.14972,0.08348,0.10461,-0.02151,-0.1269,0.58157,0.50506,0.34378,0.06106,-0.47107,0.01152,0.13362,0.00838,0.00751,-0.00917,-0.0041,-0.504,-0.01146,0.05497,-0.00471,0.02317,0.0074,0.00194
8.54,-0.08013,0.0087,0.03567,-0.07026,0.38496,0.01301,0.20883,0.0048,0.09745,-0.03735,0.17257,0,-1.22017,-0.27239,-0.30095,0.52802,0.81797,-0.24332,0.11636,0.0155,-0.06718,-0.00707,0.59863,0.02462,0.22994,-0.02238,-0.50826,0.01625,0.15801,0.00905,0.00731,-0.0111,-0.00501,-0.54528,-0.02691,-0.00472,-0.00221,0.02219,0.01433,0.00546
8.56,-0.08916,0.00897,0.03842,-0.07637,0.41138,0.01407,0.22815,0.00835,0.09221,-0.02279,0.11596,0,-1.35588,-0.25492,-0.38949,0.59436,1.09085,-0.34585,0.15426,-0.08574,-0.11327,0.12165,0.61843,-0.50239,0.10243,-0.1141,-0.54548,0.02221,0.18543,0.00888,0.00705,-0.01342,-0.00608,-0.58711,-0.04563,-0.08037,0.00087,0.02072,0.023,0.00983
8.58,-0.09907,0.00904,0.04107,-0.08336,0.43822,0.01426,0.2499,0.0105,0.08514,-0.0098,0.06743,0,-1.49759,-0.23701,-0.47613,0.66745,1.371,-0.45307,0.19393,-0.19241,-0.15414,0.2466,0.63953,-1.03125,-0.02615,-0.20614,-0.58353,0.02964,0.21671,0.00786,0.00673,-0.01622,-0.00737,-0.63037,-0.0659,-0.1652,0.0043,0.01914,0.03272,0.01471
8.6,-0.10998,0.0089,0.04361,-0.09078,0.46627,0.01354,0.27365,0.01161,0.07607,0.0008,0.02686,0,-1.63737,-0.22203,-0.55006,0.74106,1.62583,-0.55647,0.23069,-0.29683,-0.18433,0.35447,0.65862,-1.51011,-0.13943,-0.28952,-0.62344,0.03876,0.25263,0.00604,0.00633,-0.01956,-0.0089,-0.67605,-0.08501,-0.24805,0.00771,0.01802,0.04229,0.0195
8.62,-0.12197,0.00854,0.04601,-0.09811,0.49624,0.0119,0.29868,0.01219,0.06487,0.00808,-0.00617,0,-1.76579,-0.21348,-0.5996,0.80758,1.81925,-0.64561,0.25937,-0.39131,-0.19906,0.43288,0.67152,-1.88769,-0.22044,-0.35546,-0.66618,0.0496,0.29338,0.00357,0.0059,-0.02344,-0.0107,-0.72501,-0.09983,-0.31585,0.0107,0.01798,0.05035,0.0235
8.64,-0.13506,0.00796,0.04826,-0.10502,0.5287,0.00935,0.32445,0.01269,0.05149,0.01129,-0.0324,0,-1.87507,-0.21366,-0.61603,0.8607,1.92379,-0.71204,0.27605,-0.47028,-0.1951,0.47347,0.67483,-2.12731,-0.25712,-0.39766,-0.71258,0.06193,0.33789,0.00061,0.00553,-0.02775,-0.01271,-0.77795,-0.10774,-0.35749,0.01291,0.01956,0.05577,0.02613
8.66,-0.14927,0.00713,0.05036,-0.11152,0.56377,0.00594,0.35077,0.0133,0.03598,0.01004,-0.05283,0,-1.96109,-0.22273,-0.59615,0.89709,1.92884,-0.75177,0.2791,-0.53138,-0.1715,0.47391,0.6671,-2.21597,-0.24595,-0.4138,-0.76297,0.07511,0.38319,-0.00269,0.00548,-0.03218,-0.01477,-0.83509,-0.10726,-0.36643,0.01413,0.02302,0.05788,0.02706
8.68,-0.16443,0.00606,0.05227,-0.11802,0.6009,0.00182,0.37769,0.01398,0.0186,0.0044,-0.06859,0,-2.02309,-0.23843,-0.54309,0.91649,1.84232,-0.76562,0.26942,-0.57529,-0.12985,0.43832,0.64909,-2.16558,-0.19288,-0.40573,-0.81679,0.08791,0.42393,-0.00615,0.0061,-0.03617,-0.01662,-0.89572,-0.09818,-0.34121,0.01429,0.02835,0.05661,0.02625
8.7,-0.18012,0.00473,0.05398,-0.12516,0.63862,-0.0028,0.40523,0.01443,-4e-05,-0.00523,-0.08071,0,-2.06267,-0.25635,-0.46552,0.92108,1.68828,-0.75825,0.25008,-0.6049,-0.07409,0.37639,0.62356,-2.00903,-0.11211,-0.37877,-0.87233,0.09862,0.4525,-0.0096,0.00788,-0.03899,-0.01787,-0.95788,-0.08143,-0.28482,0.01345,0.03522,0.05234,0.02389
8.72,-0.19582,0.00313,0.05541,-0.13372,0.67499,-0.00767,0.43341,0.01425,-0.0192,-0.01819,-0.09003,0,-2.08252,-0.27111,-0.37494,0.9143,1.49902,-0.73643,0.22527,-0.62418,-0.00952,0.30065,0.59424,-1.79005,-0.02194,-0.34012,-0.92719,0.10541,0.46102,-0.01284,0.01127,-0.03982,-0.01812,-1.01892,-0.05867,-0.20321,0.01177,0.04314,0.04574,0.02034
8.74,-0.211,0.00128,0.05651,-0.14433,0.70825,-0.0126,0.46218,0.01309,-0.03824,-0.0338,-0.0972,-0,-2.08519,-0.2781,-0.28167,0.89943,1.30408,-0.70662,0.19886,-0.63696,0.05882,0.22263,0.56438,-1.54939,0.06123,-0.29651,-0.9791,0.10709,0.44446,-0.01572,0.01652,-0.03815,-0.0171,-1.07645,-0.03174,-0.10331,0.00949,0.05159,0.03759,0.01599
8.76,-0.22532,-0.00083,0.05725,-0.15736,0.73727,-0.01752,0.49145,0.0108,-0.05676,-0.05145,-0.10263,-0,-2.07228,-0.27466,-0.19247,0.87869,1.12339,-0.67354,0.1734,-0.64601,0.12696,0.15051,0.53584,-1.31625,0.12669,-0.25292,-1.0264,0.10359,0.4028,-0.01819,0.02355,-0.03394,-0.0148,-1.12886,-0.00241,0.00798,0.00694,0.06007,0.02858,0.01122
8.78,-0.23844,-0.00314,0.05759,-0.17273,0.76133,-0.02242,0.5208,0.00745,-0.07449,-0.0705,-0.10648,-0,-2.04425,-0.2604,-0.11059,0.85311,0.96686,-0.63998,0.15016,-0.65275,0.19172,0.08907,0.50906,-1.10786,0.16989,-0.21246,-1.06776,0.09608,0.34195,-0.02023,0.0318,-0.02772,-0.0115,-1.17504,0.02753,0.12322,0.00453,0.06811,0.01943,0.00638
8.8,-0.24997,-0.0056,0.0575,-0.18987,0.77997,-0.02735,0.54929,0.00335,-0.09114,-0.09015,-0.10859,-0,-2.00054,-0.23697,-0.03667,0.82277,0.83651,-0.60723,0.12938,-0.65729,0.2502,0.04045,0.4834,-0.93193,0.19143,-0.17689,-1.10183,0.08684,0.27305,-0.02188,0.04034,-0.02053,-0.00773,-1.21394,0.05607,0.23387,0.00277,0.07519,0.01086,0.00186
8.82,-0.25951,-0.00812,0.05696,-0.20786,0.79284,-0.03233,0.57567,-0.00108,-0.10642,-0.10951,-0.10861,-0,-1.93983,-0.20737,0.03057,0.78719,0.72913,-0.57571,0.11052,-0.65888,0.29985,0.00492,0.45745,-0.78941,0.19544,-0.1469,-1.12733,0.07852,0.20926,-0.02319,0.04804,-0.01363,-0.00414,-1.24456,0.08114,0.33105,0.00215,0.08078,0.00358,-0.00195
8.84,-0.26669,-0.0106,0.05595,-0.22564,0.79988,-0.03733,0.5987,-0.00546,-0.1202,-0.12779,-0.10621,-0,-1.86046,-0.17487,0.09371,0.74573,0.63913,-0.54564,0.09263,-0.6566,0.33897,-0.01846,0.4294,-0.67708,0.18768,-0.12244,-1.14344,0.07317,0.16091,-0.02421,0.05401,-0.00801,-0.00125,-1.26616,0.10098,0.40732,0.00298,0.08445,-0.00185,-0.00475
8.86,-0.27127,-0.01297,0.05446,-0.24208,0.80131,-0.04217,0.61734,-0.00954,-0.13245,-0.14434,-0.10118,-0,-1.761,-0.1425,0.15603,0.69808,0.5607,-0.51767,0.07452,-0.64989,0.36687,-0.03133,0.39735,-0.58967,0.17427,-0.103,-1.15004,0.07151,0.13233,-0.025,0.05782,-0.00416,0.00071,-1.27841,0.11437,0.4576,0.00529,0.08593,-0.00507,-0.00636
8.88,-0.27314,-0.01518,0.05252,-0.25594,0.79767,-0.04652,0.63065,-0.01319,-0.14327,-0.15854,-0.09351,-0,-1.64107,-0.11311,0.22091,0.64469,0.48908,-0.49327,0.055,-0.63869,0.38372,-0.03577,0.35967,-0.52115,0.16145,-0.08784,-1.14769,0.07282,0.12126,-0.02559,0.05957,-0.00196,0.00181,-1.28125,0.12052,0.47898,0.00877,0.08512,-0.00595,-0.00671
8.9,-0.27218,-0.01715,0.05018,-0.26574,0.78968,-0.04987,0.63765,-0.0164,-0.1527,-0.1697,-0.08342,-0,-1.50194,-0.08948,0.29117,0.58701,0.42107,-0.47472,0.03309,-0.62342,0.39023,-0.03409,0.3152,-0.46555,0.15543,-0.07615,-1.13744,0.07508,0.11987,-0.02598,0.05976,-0.00082,0.00236,-1.27479,0.119,0.47022,0.01278,0.08203,-0.00452,-0.0058
8.92,-0.26834,-0.01879,0.04751,-0.27004,0.77813,-0.05164,0.63743,-0.01916,-0.16065,-0.17714,-0.07129,-0,-1.34635,-0.07392,0.36833,0.52709,0.35496,-0.46432,0.00824,-0.60458,0.38744,-0.02874,0.26357,-0.41736,0.16141,-0.06711,-1.12053,0.07573,0.1176,-0.02617,0.05912,0.00011,0.00282,-1.25914,0.10976,0.43181,0.01657,0.07681,-0.00097,-0.00375
8.94,-0.26158,-0.02006,0.04457,-0.26785,0.76357,-0.05143,0.62937,-0.02153,-0.16696,-0.18041,-0.0575,-0,-1.1777,-0.06739,0.45184,0.46665,0.28987,-0.46316,-0.01939,-0.58231,0.37656,-0.02215,0.2053,-0.37158,0.18218,-0.05988,-1.0979,0.0725,0.10504,-0.02616,0.0583,0.00158,0.00358,-1.23442,0.09328,0.3663,0.01945,0.06971,0.00438,-0.00072
8.96,-0.25194,-0.02092,0.04142,-0.25897,0.74621,-0.04909,0.61341,-0.02355,-0.17126,-0.17941,-0.04246,-0,-1.00023,-0.06896,0.53828,0.40684,0.22562,-0.47015,-0.04864,-0.55608,0.35898,-0.01666,0.14222,-0.32391,0.21693,-0.05358,-1.07008,0.06418,0.07662,-0.02596,0.05771,0.00409,0.00489,-1.2008,0.07081,0.27894,0.021,0.06112,0.01105,0.00301
8.98,-0.23957,-0.02138,0.03809,-0.24409,0.72608,-0.04483,0.59015,-0.02525,-0.17303,-0.17449,-0.02668,-0,-0.82027,-0.07565,0.62044,0.3485,0.16308,-0.48181,-0.07706,-0.52481,0.33636,-0.0146,0.07799,-0.27114,0.2608,-0.04734,-1.03724,0.05076,0.03151,-0.02557,0.05748,0.00775,0.00681,-1.15876,0.04451,0.1784,0.02109,0.05161,0.01834,0.00706
9,-0.22484,-0.02147,0.03466,-0.22476,0.70308,-0.03915,0.56089,-0.02661,-0.1715,-0.1663,-0.01087,-0,-0.64714,-0.08275,0.6874,0.29261,0.10456,-0.49254,-0.10091,-0.48714,0.31068,-0.01826,0.01824,-0.21137,0.30525,-0.04035,-0.99946,0.0334,-0.02674,-0.02505,0.05748,0.01233,0.00918,-1.10922,0.0175,0.07671,0.0198,0.04197,0.02533,0.01093
9.02,-0.20818,-0.02122,0.03122,-0.20294,0.67706,-0.03272,0.52728,-0.0276,-0.1659,-0.1557,0.00418,-0,-0.49117,-0.08497,0.72702,0.24023,0.05303,-0.49595,-0.11605,-0.44168,0.2841,-0.0298,-0.03071,-0.14353,0.34034,-0.03194,-0.95672,0.01388,-0.09204,-0.02442,0.05742,0.01742,0.01178,-1.05335,-0.0068,-0.01297,0.01737,0.03306,0.03105,0.01407
9.04,-0.18995,-0.02066,0.02783,-0.18036,0.64783,-0.02618,0.49079,-0.02817,-0.15573,-0.1434,0.01781,-0,-0.36008,-0.07807,0.7301,0.19199,0.01082,-0.48678,-0.11942,-0.3873,0.25861,-0.05094,-0.0639,-0.06644,0.35817,-0.02155,-0.9089,-0.00608,-0.15856,-0.02375,0.05702,0.0226,0.01436,-0.99206,-0.02559,-0.08006,0.01408,0.02559,0.03472,0.01605
9.06,-0.17037,-0.01983,0.02456,-0.15813,0.61528,-0.01994,0.45247,-0.0283,-0.14097,-0.12989,0.02961,0,-0.25687,-0.06007,0.69331,0.148,-0.02123,-0.46228,-0.11,-0.32355,0.23595,-0.08275,-0.07922,0.02151,0.3553,-0.00882,-0.85588,-0.02535,-0.22236,-0.02307,0.05609,0.0276,0.01676,-0.92592,-0.03735,-0.11896,0.01015,0.01993,0.03592,0.01667
9.08,-0.14969,-0.01875,0.02144,-0.13686,0.57958,-0.01429,0.41319,-0.02798,-0.12227,-0.11547,0.03936,0,-0.18014,-0.03162,0.62009,0.10809,-0.0437,-0.42264,-0.08913,-0.25119,0.21776,-0.12538,-0.07752,0.12189,0.33327,0.00628,-0.79798,-0.04328,-0.2814,-0.02245,0.05458,0.03231,0.01892,-0.85563,-0.04186,-0.12927,0.00582,0.01616,0.03463,0.01592
9.1,-0.12827,-0.01747,0.01855,-0.11682,0.54143,-0.0094,0.37386,-0.02722,-0.10096,-0.10039,0.0469,0,-0.12534,0.00418,0.52001,0.07223,-0.05816,-0.37092,-0.06026,-0.17258,0.20557,-0.17775,-0.06216,0.23518,0.29796,0.02342,-0.73625,-0.05956,-0.33482,-0.02194,0.05254,0.03668,0.02081,-0.78241,-0.03996,-0.11491,0.00129,0.0141,0.03119,0.01401
9.12,-0.10655,-0.01602,0.01597,-0.09805,0.50182,-0.00533,0.33539,-0.02604,-0.07872,-0.08483,0.05215,0,-0.08629,0.0428,0.40604,0.04048,-0.06661,-0.31182,-0.02796,-0.09152,0.20031,-0.23726,-0.03796,0.3594,0.25737,0.04182,-0.67218,-0.07403,-0.38225,-0.02159,0.05011,0.04069,0.02244,-0.70778,-0.03317,-0.0824,-0.00322,0.01345,0.02612,0.01127
9.14,-0.08486,-0.01442,0.01376,-0.08039,0.46161,-0.00208,0.29844,-0.0245,-0.05703,-0.06893,0.05511,0,-0.05678,0.07988,0.29032,0.01286,-0.07091,-0.25003,0.00355,-0.01263,0.20138,-0.29944,-0.00978,0.48838,0.21847,0.06022,-0.60702,-0.0866,-0.42321,-0.02145,0.04738,0.04426,0.0238,-0.63293,-0.02315,-0.03863,-0.00757,0.01385,0.01997,0.00801
9.16,-0.06339,-0.01272,0.01193,-0.06352,0.42136,0.00045,0.26325,-0.02269,-0.03695,-0.05283,0.05592,0,-0.03168,0.11213,0.18185,-0.01072,-0.07234,-0.18925,0.03126,0.05872,0.20602,-0.35748,0.01839,0.61019,0.1851,0.07684,-0.54151,-0.09704,-0.45647,-0.02149,0.04437,0.04725,0.02482,-0.55855,-0.01136,0.01046,-0.01168,0.01496,0.01321,0.00452
9.18,-0.04232,-0.01093,0.01047,-0.04716,0.38162,0.00241,0.22997,-0.02074,-0.01913,-0.03681,0.05481,0,-0.00748,0.1374,0.08662,-0.03032,-0.07151,-0.13243,0.05342,0.1159,0.20906,-0.40162,0.04338,0.70564,0.15771,0.08921,-0.47636,-0.10498,-0.4797,-0.02167,0.04106,0.04935,0.02538,-0.4853,0.00091,0.05989,-0.01548,0.01646,0.00627,0.00101
9.2,-0.02195,-0.00913,0.00937,-0.03116,0.34314,0.00399,0.19889,-0.01885,-0.004,-0.02135,0.05214,0,0.01762,0.15431,0.00856,-0.04574,-0.06832,-0.08217,0.06922,0.15088,0.20342,-0.41951,0.06267,0.74912,0.13401,0.09423,-0.41267,-0.10975,-0.48934,-0.02187,0.03734,0.05012,0.0253,-0.41436,0.01249,0.10534,-0.01895,0.01805,-0.00046,-0.0023
9.22,-0.00271,-0.00735,0.00858,-0.01552,0.30684,0.00536,0.17039,-0.01724,0.00818,-0.00712,0.04834,0,0.04401,0.16223,-0.05017,-0.05669,-0.06232,-0.04061,0.07857,0.15595,0.18192,-0.39909,0.07461,0.71475,0.11014,0.0889,-0.35174,-0.11065,-0.48163,-0.02201,0.03315,0.04911,0.02439,-0.34718,0.02236,0.14322,-0.02203,0.01945,-0.0066,-0.00524
9.24,0.01514,-0.00567,0.00808,-0.00027,0.27333,0.00665,0.14468,-0.01609,0.01744,0.00519,0.04394,0,0.07121,0.1613,-0.08945,-0.06307,-0.05298,-0.00884,0.08202,0.12659,0.13995,-0.33324,0.07875,0.5864,0.08237,0.07147,-0.29451,-0.10722,-0.45413,-0.02197,0.02842,0.04601,0.02253,-0.2848,0.02984,0.17114,-0.02472,0.02048,-0.01187,-0.00766
9.26,0.03149,-0.00409,0.00783,0.01447,0.24286,0.00793,0.12172,-0.01552,0.02413,0.01501,0.03958,0,0.09821,0.15254,-0.11125,-0.06519,-0.04005,0.01331,0.08055,0.06367,0.07756,-0.22334,0.07611,0.36512,0.04824,0.04238,-0.24137,-0.09953,-0.40702,-0.02172,0.02318,0.04081,0.01972,-0.2276,0.03462,0.18813,-0.02704,0.021,-0.01613,-0.00953
9.28,0.04635,-0.00266,0.00776,0.02843,0.21541,0.00915,0.10134,-0.01556,0.02882,0.02176,0.03604,0,0.12329,0.13793,-0.11939,-0.06373,-0.02369,0.02719,0.07562,-0.0256,0.00038,-0.08079,0.0693,0.07247,0.00718,0.00465,-0.19247,-0.08825,-0.34362,-0.02127,0.01756,0.03383,0.01611,-0.17564,0.03677,0.1945,-0.02902,0.02097,-0.01932,-0.01082
9.3,0.05966,-0.00137,0.00784,0.04109,0.19104,0.0102,0.08347,-0.01617,0.03228,0.02479,0.03429,0,0.14395,0.12026,-0.11916,-0.05974,-0.0045,0.03502,0.06909,-0.12826,-0.08073,0.07362,0.06232,-0.25095,-0.03956,-0.03635,-0.14815,-0.07463,-0.27034,-0.02065,0.01186,0.02576,0.01205,-0.12914,0.03664,0.19162,-0.0307,0.02041,-0.02145,-0.01157
9.32,0.07135,-0.00026,0.00802,0.05179,0.16983,0.01091,0.06809,-0.0173,0.03529,0.02342,0.03537,0,0.1573,0.1028,-0.11651,-0.05443,0.01672,0.03946,0.06287,-0.22907,-0.15237,0.21496,0.06008,-0.55613,-0.08979,-0.07417,-0.10887,-0.06021,-0.19504,-0.01996,0.00642,0.01744,0.00792,-0.08839,0.03474,0.18137,-0.03211,0.01939,-0.02256,-0.01182
9.34,0.0814,0.00066,0.00827,0.05994,0.15171,0.01113,0.05513,-0.01889,0.03856,0.01703,0.04031,0,0.16073,0.0886,-0.11707,-0.049,0.03937,0.04316,0.05857,-0.31585,-0.20281,0.32216,0.0676,-0.80194,-0.14185,-0.10348,-0.07483,-0.04631,-0.12458,-0.0193,0.00154,0.00963,0.00407,-0.05348,0.03157,0.16565,-0.0333,0.01799,-0.02271,-0.01162
9.36,0.0899,0.00138,0.00858,0.06514,0.13647,0.01073,0.0444,-0.02092,0.04258,0.00516,0.04999,0,0.15245,0.08014,-0.12544,-0.04448,0.06327,0.04844,0.05723,-0.38277,-0.22484,0.38323,0.08943,-0.96563,-0.19544,-0.12138,-0.04583,-0.03383,-0.06336,-0.01879,-0.0026,0.00281,0.00074,-0.0241,0.02753,0.14607,-0.03435,0.01626,-0.02198,-0.01103
9.38,0.09698,0.00191,0.00894,0.06719,0.1238,0.00971,0.03567,-0.02338,0.04761,-0.01242,0.06509,0,0.1316,0.07928,-0.14503,-0.04175,0.0885,0.05718,0.05921,-0.43073,-0.21614,0.39603,0.12942,-1.04408,-0.25147,-0.1276,-0.02143,-0.02322,-0.01339,-0.01855,-0.00593,-0.00277,-0.00196,0.00022,0.02296,0.12397,-0.03537,0.01429,-0.02049,-0.01011
9.4,0.10276,0.00224,0.00936,0.06603,0.11348,0.00808,0.02874,-0.02627,0.05362,-0.03561,0.08597,0,0.0983,0.08733,-0.17792,-0.0416,0.11519,0.07071,0.06433,-0.4661,-0.17865,0.3667,0.19049,-1.05036,-0.31145,-0.12407,-0.00126,-0.01464,0.025,-0.0187,-0.00846,-0.00706,-0.00402,0.01988,0.01811,0.10057,-0.03648,0.01216,-0.01837,-0.00891
9.42,0.10729,0.00238,0.00987,0.06168,0.10535,0.00592,0.02342,-0.02959,0.06044,-0.06407,0.11277,0,0.05358,0.10486,-0.22467,-0.04472,0.14336,0.08962,0.07198,-0.49829,-0.11696,0.30622,0.27428,-1.00684,-0.37695,-0.11397,0.01501,-0.00804,0.05262,-0.01936,-0.01023,-0.0101,-0.00546,0.03517,0.01319,0.07697,-0.03779,0.00997,-0.01576,-0.00752
9.44,0.11068,0.00234,0.01049,0.0543,0.09929,0.00334,0.01945,-0.03334,0.06784,-0.09727,0.14536,0,-0.0006,0.13139,-0.28397,-0.05168,0.17269,0.11339,0.08134,-0.5366,-0.03627,0.226,0.38069,-0.93624,-0.449,-0.10047,0.02766,-0.00327,0.07085,-0.02056,-0.01132,-0.012,-0.00634,0.04637,0.0083,0.05401,-0.03935,0.00779,-0.01281,-0.00599
9.46,0.11303,0.00213,0.01123,0.04415,0.09518,0.00048,0.01637,-0.03751,0.07566,-0.13447,0.18327,0,-0.06115,0.16505,-0.35215,-0.0629,0.20235,0.14009,0.09148,-0.58792,0.0587,0.13509,0.50704,-0.85584,-0.52736,-0.08595,0.03702,-0.00014,0.0813,-0.02225,-0.01182,-0.01292,-0.00672,0.05382,0.0035,0.0323,-0.0412,0.00568,-0.00966,-0.00438
9.48,0.1145,0.00178,0.0121,0.03172,0.09294,-0.00251,0.01364,-0.04206,0.08373,-0.17441,0.22541,0,-0.12339,0.20223,-0.4226,-0.07857,0.23073,0.1661,0.10131,-0.6558,0.16332,0.04014,0.64707,-0.77651,-0.60983,-0.07187,0.04334,0.00155,0.08557,-0.02425,-0.01185,-0.01299,-0.0067,0.05784,-0.00119,0.01236,-0.04327,0.00369,-0.00644,-0.00277
9.5,0.11521,0.00136,0.01309,0.01774,0.09254,-0.00539,0.01057,-0.04686,0.0918,-0.21513,0.26985,0,-0.18089,0.23769,-0.48579,-0.09857,0.2553,0.18622,0.10958,-0.74042,0.27239,-0.05377,0.79048,-0.70377,-0.69191,-0.05896,0.04676,0.00194,0.08515,-0.02628,-0.01151,-0.01237,-0.00633,0.05872,-0.00576,-0.00521,-0.04543,0.00189,-0.00335,-0.00124
9.52,0.11528,0.0009,0.01418,0.0031,0.09396,-0.00795,0.00652,-0.05175,0.09961,-0.25426,0.31419,0,-0.22668,0.26557,-0.53121,-0.12259,0.27315,0.1947,0.11502,-0.83993,0.38016,-0.1424,0.92486,-0.63945,-0.76773,-0.04753,0.04737,0.00119,0.0814,-0.02796,-0.01092,-0.01119,-0.00569,0.05669,-0.01019,-0.01987,-0.04751,0.00033,-0.00057,0.00013
9.54,0.11482,0.00047,0.01536,-0.01138,0.09705,-0.01001,0.00101,-0.05655,0.10686,-0.28958,0.35615,0,-0.25526,0.28118,-0.5506,-0.15019,0.28182,0.1869,0.11666,-0.95237,0.48078,-0.22176,1.03899,-0.58371,-0.83175,-0.03774,0.04537,-0.00052,0.07565,-0.02901,-0.01016,-0.00957,-0.00485,0.05213,-0.01448,-0.03141,-0.04931,-0.00096,0.00175,0.00126
9.56,0.11394,0.00011,0.01659,-0.025,0.10142,-0.01149,-0.00616,-0.06113,0.11322,-0.31929,0.384,0,-0.26392,0.2821,-0.5401,-0.18083,0.27998,0.16058,0.11402,-1.07674,0.56828,-0.28747,1.12474,-0.53657,-0.87973,-0.02991,0.04122,-0.0029,0.0692,-0.02921,-0.00936,-0.00768,-0.0039,0.04566,-0.01866,-0.0401,-0.05068,-0.002,0.00358,0.00214
9.58,0.11274,-0.00015,0.01784,-0.03713,0.10643,-0.01242,-0.01484,-0.0653,0.11834,-0.34188,0.384,0,-0.25293,0.26846,-0.50084,-0.21359,0.26745,0.11626,0.10721,-1.2123,0.63587,-0.33399,1.17685,-0.49872,-0.90864,-0.0246,0.03567,-0.00555,0.06344,-0.02847,-0.0086,-0.00567,-0.00292,0.03815,-0.02273,-0.04669,-0.0515,-0.00283,0.00493,0.00278
9.6,0.11131,-0.0003,0.01905,-0.04709,0.11116,-0.01291,-0.02451,-0.06887,0.12173,-0.3559,0.384,0,-0.22516,0.24264,-0.43831,-0.2471,0.24515,0.05711,0.09686,-1.35755,0.6756,-0.35456,1.19207,-0.47167,-0.91619,-0.02266,0.02974,-0.00798,0.05978,-0.02679,-0.008,-0.00373,-0.00203,0.03081,-0.02667,-0.05222,-0.05167,-0.00353,0.00588,0.00322
9.62,0.10977,-0.0003,0.02015,-0.05422,0.11461,-0.01309,-0.03445,-0.0716,0.12288,-0.36009,0.384,0,-0.18481,0.20824,-0.36018,-0.27973,0.21461,-0.01237,0.08392,-1.50958,0.67986,-0.34293,1.16885,-0.45678,-0.90114,-0.02484,0.02456,-0.00969,0.05946,-0.02427,-0.00764,-0.00207,-0.00133,0.02488,-0.03042,-0.05783,-0.05109,-0.00419,0.00654,0.00353
9.64,0.10819,-0.00017,0.02109,-0.05802,0.11597,-0.01309,-0.04401,-0.07334,0.12136,-0.35379,0.384,0,-0.13585,0.16884,-0.27321,-0.3101,0.17736,-0.08821,0.06943,-1.66376,0.64404,-0.29628,1.1074,-0.45368,-0.86384,-0.03133,0.021,-0.01033,0.06305,-0.02103,-0.00761,-0.00084,-0.00089,0.02138,-0.03393,-0.06442,-0.04975,-0.00487,0.00702,0.00375
9.66,0.1066,0.0001,0.02185,-0.05824,0.1148,-0.01301,-0.05274,-0.07404,0.1169,-0.33726,0.384,0,-0.08113,0.12715,-0.18145,-0.3374,0.13464,-0.168,0.05435,-1.8129,0.56862,-0.2175,1.0101,-0.4591,-0.80691,-0.04136,0.01953,-0.00987,0.07024,-0.01724,-0.00791,-0.00012,-0.00074,0.02083,-0.03714,-0.07246,-0.04769,-0.0056,0.00738,0.00392
9.68,0.10504,0.00047,0.02242,-0.05495,0.11109,-0.01289,-0.06039,-0.07379,0.10948,-0.31183,0.384,0,-0.02246,0.08518,-0.08643,-0.36115,0.08768,-0.25052,0.03968,-1.94598,0.46014,-0.11625,0.88217,-0.46659,-0.73576,-0.05303,0.02016,-0.00853,0.07964,-0.01311,-0.00852,8e-05,-0.00084,0.02324,-0.03996,-0.08181,-0.04505,-0.00638,0.00765,0.00405
9.7,0.1035,0.00089,0.0228,-0.04841,0.10521,-0.01274,-0.06681,-0.07273,0.0993,-0.27985,0.384,0,0.03883,0.04453,0.01189,-0.38106,0.03791,-0.3351,0.02649,-2.04771,0.33086,-0.00852,0.7319,-0.46698,-0.65846,-0.06342,0.0225,-0.00684,0.08894,-0.00895,-0.00936,-0.00016,-0.00113,0.02816,-0.0423,-0.09178,-0.04208,-0.00716,0.00783,0.00413
9.72,0.10199,0.00131,0.02301,-0.0391,0.09781,-0.01255,-0.07198,-0.07107,0.08671,-0.24421,0.384,0,0.10162,0.00659,0.11402,-0.39687,-0.01293,-0.42099,0.01578,-2.10156,0.19582,0.08714,0.56911,-0.45033,-0.58416,-0.06924,0.0259,-0.0054,0.09552,-0.00506,-0.01032,-0.00077,-0.00148,0.0348,-0.04401,-0.10129,-0.03905,-0.00785,0.0079,0.00415
9.74,0.10047,0.00169,0.02308,-0.02758,0.08958,-0.01229,-0.07599,-0.069,0.07217,-0.20755,0.36841,0,0.16478,-0.02745,0.21981,-0.40849,-0.06309,-0.50704,0.0082,-2.09488,0.0683,0.15523,0.40257,-0.40881,-0.52038,-0.0678,0.02964,-0.00472,0.09735,-0.00168,-0.01133,-0.00163,-0.00184,0.0423,-0.04494,-0.10918,-0.03617,-0.00838,0.00781,0.00406
9.76,0.09891,0.00199,0.02302,-0.01453,0.08121,-0.01197,-0.0791,-0.06661,0.05619,-0.17182,0.33169,0,0.22676,-0.0565,0.32728,-0.41597,-0.11069,-0.59107,0.00381,-2.02266,-0.04277,0.18706,0.23881,-0.33887,-0.47142,-0.05776,0.03307,-0.005,0.0937,0.00112,-0.01232,-0.00269,-0.00214,0.04976,-0.04494,-0.11441,-0.03357,-0.00867,0.00751,0.00384
9.78,0.09722,0.00224,0.02285,-0.0008,0.07339,-0.01162,-0.0817,-0.06398,0.03944,-0.13847,0.29352,0,0.28507,-0.07929,0.43156,-0.4194,-0.15338,-0.66911,0.00214,-1.88876,-0.13268,0.18138,0.08306,-0.2422,-0.43835,-0.03927,0.03557,-0.0061,0.08523,0.00335,-0.01329,-0.00386,-0.00238,0.05629,-0.04389,-0.11603,-0.03125,-0.0087,0.00697,0.00347
9.8,0.09534,0.00243,0.02259,0.0125,0.06686,-0.01128,-0.08424,-0.06112,0.02285,-0.10872,0.25576,0,0.33599,-0.09423,0.52451,-0.41892,-0.18812,-0.7351,0.00221,-1.70536,-0.19984,0.14338,-0.05954,-0.12567,-0.41965,-0.01397,0.03657,-0.00765,0.07388,0.00516,-0.01422,-0.00511,-0.00261,0.06094,-0.04168,-0.11322,-0.02915,-0.00841,0.00616,0.00294
9.82,0.0932,0.00259,0.02224,0.02416,0.06226,-0.01101,-0.08714,-0.05803,0.00748,-0.0835,0.22032,0,0.37535,-0.09969,0.5967,-0.41463,-0.21178,-0.78226,0.0028,-1.48961,-0.24494,0.08258,-0.18426,0.00047,-0.41203,0.01551,0.03565,-0.00909,0.06219,0.00671,-0.01511,-0.00636,-0.00286,0.06286,-0.03825,-0.10533,-0.02718,-0.00782,0.00506,0.00225
9.84,0.09075,0.00275,0.02182,0.03319,0.05995,-0.01086,-0.0906,-0.05469,-0.00583,-0.06324,0.18856,0,0.3999,-0.09462,0.64068,-0.40667,-0.22222,-0.80547,0.00267,-1.25865,-0.27051,0.00998,-0.28785,0.12557,-0.41126,0.04628,0.03266,-0.00998,0.05232,0.00815,-0.01597,-0.00754,-0.00316,0.06159,-0.03362,-0.09215,-0.02526,-0.00693,0.00368,0.0014
9.86,0.08796,0.00291,0.02134,0.03893,0.05981,-0.01082,-0.09447,-0.0511,-0.01654,-0.04775,0.16111,0,0.40833,-0.07905,0.65319,-0.39528,-0.21907,-0.80293,0.00073,-1.02707,-0.28057,-0.06361,-0.36919,0.24008,-0.41284,0.07555,0.02783,-0.01012,0.04539,0.00955,-0.01674,-0.00856,-0.00351,0.05718,-0.02795,-0.07409,-0.02332,-0.00579,0.00208,0.00044
9.88,0.08484,0.00305,0.0208,0.04107,0.06122,-0.01088,-0.09823,-0.04728,-0.02442,-0.03633,0.13798,0,0.40133,-0.05427,0.63554,-0.38088,-0.20394,-0.77649,-0.00385,-0.80794,-0.28036,-0.12739,-0.42861,0.33511,-0.41202,0.10048,0.02188,-0.00955,0.04142,0.01091,-0.01734,-0.00928,-0.00384,0.05036,-0.0216,-0.05235,-0.02139,-0.00449,0.00035,-0.00056
9.9,0.08146,0.00316,0.0202,0.03958,0.06315,-0.01097,-0.10098,-0.0433,-0.02941,-0.02796,0.11882,0,0.38131,-0.02275,0.59291,-0.36411,-0.18009,-0.73116,-0.01168,-0.61419,-0.27596,-0.1705,-0.46723,0.40181,-0.40409,0.1181,0.01593,-0.00859,0.03948,0.01212,-0.01765,-0.00954,-0.00406,0.04237,-0.01513,-0.02895,-0.01955,-0.00316,-0.00135,-0.0015
9.92,0.07793,0.00319,0.01956,0.03466,0.06442,-0.01102,-0.10168,-0.03927,-0.03161,-0.02153,0.10313,0,0.3515,0.01243,0.53252,-0.3457,-0.15164,-0.67347,-0.02301,-0.45713,-0.27307,-0.1836,-0.48654,0.43274,-0.38499,0.12581,0.01125,-0.00762,0.03815,0.01305,-0.01753,-0.00919,-0.00405,0.03472,-0.00919,-0.00636,-0.01792,-0.00197,-0.00282,-0.00226
9.94,0.07433,0.00313,0.01888,0.02665,0.06404,-0.01096,-0.09955,-0.03528,-0.03122,-0.01602,0.09029,0,0.31493,0.04853,0.46114,-0.3262,-0.12232,-0.60907,-0.03761,-0.34307,-0.27545,-0.16178,-0.48843,0.42436,-0.35243,0.12224,0.00883,-0.00701,0.03614,0.01355,-0.0169,-0.00812,-0.00373,0.02868,-0.00436,0.01314,-0.01659,-0.00104,-0.00391,-0.00275
9.96,0.07071,0.00296,0.01815,0.01612,0.06151,-0.01077,-0.09425,-0.03138,-0.02858,-0.01073,0.07964,0,0.2738,0.08358,0.38367,-0.30588,-0.09472,-0.54145,-0.05461,-0.27121,-0.28379,-0.10663,-0.47529,0.37902,-0.30671,0.10795,0.00913,-0.00692,0.03273,0.01357,-0.01574,-0.00635,-0.00308,0.02493,-0.00104,0.0278,-0.0156,-0.00045,-0.00452,-0.00289
9.98,0.0671,0.0027,0.01737,0.00386,0.05691,-0.01046,-0.08606,-0.02763,-0.02418,-0.00536,0.07065,0,0.22958,0.11631,0.30336,-0.28486,-0.07033,-0.47201,-0.07236,-0.23384,-0.2953,-0.02709,-0.44999,0.30557,-0.25124,0.0856,0.01198,-0.00732,0.02786,0.01313,-0.01413,-0.00403,-0.00214,0.02357,0.00055,0.03639,-0.01494,-0.00024,-0.00459,-0.00268
10,0.06355,0.00236,0.01654,-0.00904,0.05078,-0.01008,-0.07578,-0.02407,-0.01864,4e-05,0.06295,0,0.18338,0.14583,0.22234,-0.26324,-0.04981,-0.40077,-0.08842,-0.21785,-0.3042,0.06122,-0.41588,0.21878,-0.19245,0.05983,0.01665,-0.00799,0.02213,0.0123,-0.01223,-0.00144,-0.00104,0.02417,0.00035,0.03806,-0.01455,-0.00041,-0.00414,-0.00214
10.02,0.0601,0.00199,0.01565,-0.02138,0.04399,-0.00967,-0.06451,-0.02077,-0.01262,0.00518,0.05621,0,0.13587,0.17166,0.14171,-0.24118,-0.03323,-0.32676,-0.1001,-0.20785,-0.30334,0.13983,-0.3764,0.13588,-0.13819,0.03609,0.02215,-0.00864,0.01646,0.01121,-0.01026,0.0011,9e-05,0.02601,-0.00156,0.0325,-0.01434,-0.0009,-0.00323,-0.00132
10.04,0.05678,0.00161,0.0147,-0.0322,0.03731,-0.0093,-0.05324,-0.01773,-0.00671,0.0098,0.04998,0,0.08717,0.19395,0.06125,-0.2188,-0.02027,-0.24851,-0.10531,-0.19032,-0.28672,0.19314,-0.33444,0.0715,-0.09521,0.01911,0.02752,-0.009,0.01169,0.00997,-0.00841,0.00331,0.0011,0.02834,-0.00495,0.02008,-0.01424,-0.00167,-0.00192,-0.00028
10.06,0.05358,0.00125,0.01369,-0.04089,0.0313,-0.00896,-0.04265,-0.01491,-0.00133,0.01381,0.04352,0,0.03681,0.21351,-0.02049,-0.19623,-0.01034,-0.16453,-0.10315,-0.15648,-0.25126,0.21221,-0.29218,0.03441,-0.06756,0.01183,0.0321,-0.00892,0.00828,0.00868,-0.0068,0.00502,0.00192,0.03058,-0.00942,0.0022,-0.01418,-0.00262,-0.00034,0.00089
10.08,0.05048,0.00091,0.01264,-0.04721,0.02622,-0.00863,-0.03309,-0.01221,0.00325,0.01734,0.03588,0,-0.01583,0.23172,-0.10558,-0.17381,-0.00277,-0.07411,-0.09401,-0.10324,-0.19751,0.19551,-0.25125,0.02699,-0.05644,0.01518,0.03551,-0.00841,0.00625,0.0074,-0.00548,0.00619,0.00251,0.03233,-0.01433,-0.01865,-0.01411,-0.00365,0.00138,0.00207
10.1,0.04749,0.00062,0.01155,-0.05119,0.02215,-0.00827,-0.02471,-0.00949,0.00684,0.02063,0.02591,0,-0.07109,0.25021,-0.19588,-0.15218,0.00311,0.02213,-0.07948,-0.03296,-0.12946,0.14803,-0.21309,0.04608,-0.06065,0.02831,0.03766,-0.00758,0.0053,0.0062,-0.00446,0.0069,0.0029,0.03338,-0.01885,-0.03888,-0.01401,-0.00461,0.00304,0.00312
10.12,0.04462,0.00036,0.01044,-0.05304,0.01902,-0.0078,-0.01754,-0.00664,0.00931,0.02405,0.01235,0,-0.12865,0.27031,-0.29216,-0.13212,0.00795,0.12222,-0.06173,0.04818,-0.0534,0.07923,-0.17888,0.08454,-0.07716,0.04896,0.0386,-0.00664,0.00495,0.00511,-0.00372,0.00724,0.00311,0.03364,-0.02211,-0.05462,-0.01388,-0.00537,0.00445,0.00391
10.14,0.04187,0.00013,0.00935,-0.05305,0.0167,-0.00716,-0.0115,-0.00348,0.01065,0.02799,-0.00604,0,-0.18727,0.29242,-0.39318,-0.11415,0.01235,0.22319,-0.04269,0.13263,0.02398,0.0001,-0.14921,0.13323,-0.10181,0.07391,0.03849,-0.00575,0.00484,0.00417,-0.00323,0.00733,0.0032,0.03312,-0.02345,-0.06286,-0.01372,-0.00582,0.00543,0.00433
10.16,0.03925,-7e-05,0.00827,-0.05159,0.01501,-0.00631,-0.00646,0.00013,0.01093,0.03282,-0.03042,0,-0.24436,0.31541,-0.49475,-0.09831,0.01679,0.32104,-0.02359,0.21283,0.09659,-0.07841,-0.12399,0.18225,-0.12971,0.09923,0.03758,-0.005,0.00482,0.00338,-0.00293,0.00727,0.0032,0.03192,-0.02261,-0.06227,-0.01352,-0.00591,0.00592,0.00434
10.18,0.03673,-0.00025,0.00722,-0.04908,0.01376,-0.00523,-0.0023,0.00435,0.01033,0.03888,-0.06163,0,-0.29543,0.33634,-0.58866,-0.08427,0.02164,0.40993,-0.00494,0.28097,0.1586,-0.1453,-0.10258,0.22075,-0.15507,0.12011,0.03615,-0.00435,0.00506,0.0027,-0.00277,0.00712,0.00315,0.0302,-0.01976,-0.05338,-0.01331,-0.00566,0.00592,0.00398
10.2,0.03434,-0.0004,0.0062,-0.04596,0.01278,-0.00394,0.00107,0.00927,0.00911,0.0464,-0.10004,0,-0.33406,0.35056,-0.66267,-0.07143,0.02715,0.48189,0.01325,0.32873,0.20414,-0.1893,-0.08411,0.23719,-0.17131,0.13098,0.0345,-0.00374,0.00601,0.00212,-0.0027,0.00689,0.00305,0.02822,-0.01547,-0.03835,-0.01309,-0.00513,0.0055,0.00334
10.22,0.03211,-0.00053,0.00521,-0.04269,0.01192,-0.00247,0.00371,0.01492,0.00754,0.05551,-0.1456,0,-0.35319,0.35281,-0.70321,-0.05902,0.03346,0.52849,0.03136,0.3486,0.2282,-0.2006,-0.06756,0.22118,-0.1723,0.12657,0.03298,-0.00302,0.00817,0.0016,-0.00269,0.00659,0.00293,0.02627,-0.01054,-0.02024,-0.0129,-0.00444,0.00476,0.00255
10.24,0.03005,-0.00063,0.00427,-0.0396,0.01105,-0.00085,0.00567,0.0213,0.00587,0.06626,-0.19801,0,-0.34741,0.33892,-0.69986,-0.04607,0.04071,0.54375,0.05005,0.33641,0.22825,-0.17382,-0.05196,0.16666,-0.15418,0.10365,0.03182,-0.00212,0.01192,0.0011,-0.0027,0.0062,0.00278,0.02458,-0.00569,-0.00197,-0.01275,-0.00367,0.00382,0.00172
10.26,0.02817,-0.00071,0.00337,-0.03688,0.01009,0.00093,0.00706,0.02829,0.00426,0.0786,-0.25657,0,-0.31465,0.30714,-0.64862,-0.03147,0.04915,0.52631,0.0701,0.29309,0.20559,-0.11022,-0.03647,0.07434,-0.11678,0.06234,0.03116,-0.00101,0.01728,0.00059,-0.0027,0.00571,0.00259,0.02332,-0.00147,0.01435,-0.01265,-0.00292,0.00278,0.00094
10.28,0.02643,-0.00077,0.00249,-0.03458,0.00899,0.00287,0.00803,0.03564,0.00277,0.09226,-0.31982,0,-0.25669,0.2586,-0.55291,-0.01411,0.05898,0.47989,0.09226,0.2254,0.16566,-0.0186,-0.02053,-0.04708,-0.06421,0.00671,0.03102,0.0002,0.02385,3e-05,-0.0027,0.00511,0.00236,0.02256,0.00179,0.02742,-0.01262,-0.00223,0.0017,0.00025
10.3,0.02482,-0.00082,0.00163,-0.03263,0.00777,0.00498,0.00871,0.04294,0.00144,0.10667,-0.384,0,-0.17902,0.1972,-0.4231,0.00699,0.0704,0.41278,0.11704,0.14538,0.11764,0.0853,-0.00399,-0.18147,-0.00451,-0.05552,0.03132,0.00134,0.03087,-0.0006,-0.00269,0.00441,0.00206,0.02231,0.00392,0.03661,-0.01266,-0.00164,0.00065,-0.00032
10.32,0.02334,-0.00085,0.00078,-0.03088,0.00647,0.00725,0.00925,0.04969,0.00023,0.12113,-0.384,0,-0.08941,0.12866,-0.27384,0.03246,0.08354,0.33579,0.14441,0.06736,0.0722,0.18269,0.01304,-0.30922,0.05249,-0.11487,0.03188,0.0022,0.03732,-0.00132,-0.00269,0.00362,0.00168,0.02253,0.00489,0.04175,-0.01276,-0.00118,-0.00032,-0.00076
10.34,0.02196,-0.00087,-5e-05,-0.02914,0.00518,0.00964,0.00975,0.05543,-0.0009,0.13496,-0.384,0,0.00408,0.05889,-0.12012,0.06228,0.09852,0.25919,0.17357,0.00363,0.03828,0.25751,0.03029,-0.41351,0.09835,-0.16318,0.03252,0.00259,0.04234,-0.00214,-0.00271,0.00275,0.00121,0.02314,0.00476,0.04297,-0.01295,-0.00087,-0.00118,-0.00108
10.36,0.0207,-0.00089,-0.00087,-0.0272,0.00395,0.01207,0.01024,0.05987,-0.00202,0.14759,-0.384,0,0.09416,-0.0068,0.0249,0.0955,0.11541,0.19091,0.20263,-0.03847,0.02095,0.30018,0.04751,-0.48425,0.12814,-0.19546,0.03306,0.00244,0.04537,-0.00308,-0.00274,0.00183,0.00066,0.02402,0.00366,0.04061,-0.01321,-0.0007,-0.00188,-0.00129
10.38,0.01953,-0.0009,-0.00167,-0.02486,0.0029,0.01442,0.01072,0.06283,-0.00317,0.15853,-0.384,0,0.17395,-0.06342,0.14931,0.12989,0.13412,0.13666,0.22827,-0.05685,0.02104,0.3082,0.06425,-0.51848,0.1407,-0.21011,0.0333,0.0018,0.04621,-0.00414,-0.00279,0.00089,5e-05,0.02505,0.00185,0.03517,-0.01354,-0.00067,-0.00242,-0.0014
10.4,0.01847,-0.00091,-0.00242,-0.02195,0.00214,0.01646,0.01108,0.06421,-0.00437,0.16725,-0.384,0,0.23653,-0.10595,0.24178,0.16193,0.15429,0.10051,0.24589,-0.05379,0.03577,0.28501,0.07987,-0.51923,0.13801,-0.20837,0.03306,0.00081,0.0449,-0.00532,-0.00285,-2e-05,-0.00056,0.02606,-0.00037,0.02731,-0.01394,-0.00076,-0.00275,-0.00141
10.42,0.01756,-0.00091,-0.0031,-0.01837,0.00175,0.01799,0.01123,0.06399,-0.00565,0.17323,-0.384,0,0.27624,-0.13012,0.29318,0.18731,0.17557,0.08507,0.25078,-0.03407,0.06028,0.23753,0.09359,-0.49381,0.1239,-0.19333,0.03221,-0.00037,0.04165,-0.00659,-0.00288,-0.00084,-0.00111,0.0269,-0.00266,0.01779,-0.01439,-0.00096,-0.00287,-0.00133
10.44,0.01682,-0.0009,-0.00367,-0.01409,0.00175,0.01884,0.01115,0.06216,-0.00694,0.17612,-0.384,0,0.29094,-0.13388,0.29981,0.20199,0.19799,0.09138,0.24001,-0.00254,0.08983,0.17283,0.10488,-0.45182,0.10252,-0.16872,0.03073,-0.00161,0.03664,-0.00792,-0.00287,-0.00151,-0.00154,0.02751,-0.00476,0.0074,-0.01491,-0.00123,-0.00277,-0.00116
10.46,0.01628,-0.0009,-0.00409,-0.00924,0.00202,0.01902,0.01092,0.05877,-0.00817,0.17585,-0.384,0,0.28364,-0.11838,0.26575,0.20289,0.22212,0.11877,0.21385,0.03738,0.1211,0.09621,0.11356,-0.40399,0.07729,-0.13825,0.02876,-0.00296,0.02993,-0.00927,-0.00279,-0.00196,-0.00181,0.02798,-0.00651,-0.00309,-0.0155,-0.00152,-0.00249,-0.00095
10.48,0.01596,-0.00089,-0.00432,-0.00413,0.00232,0.01865,0.01077,0.05393,-0.00917,0.17259,-0.384,0,0.26288,-0.08836,0.20358,0.18795,0.24901,0.16465,0.17626,0.08385,0.15233,0.0112,0.11981,-0.3622,0.05079,-0.10562,0.02662,-0.00455,0.02147,-0.0106,-0.00262,-0.00215,-0.00188,0.02855,-0.00788,-0.01285,-0.0162,-0.0018,-0.0021,-0.00072
10.5,0.01588,-0.00087,-0.00434,0.00075,0.00227,0.018,0.01102,0.04784,-0.00973,0.16678,-0.384,0,0.2419,-0.05164,0.13317,0.15609,0.27994,0.22484,0.13448,0.13608,0.18293,-0.07971,0.12406,-0.33958,0.02515,-0.07467,0.02482,-0.00666,0.01117,-0.01183,-0.00233,-0.00202,-0.00173,0.02956,-0.00892,-0.02092,-0.01703,-0.002,-0.00169,-0.00052
10.52,0.01605,-0.00085,-0.00407,0.00481,0.00144,0.01739,0.0121,0.04071,-0.00961,0.15897,-0.384,0,0.23544,-0.01709,0.07672,0.10701,0.31638,0.29517,0.09697,0.19351,0.21272,-0.17418,0.12692,-0.3495,0.00263,-0.0494,0.02394,-0.0096,-0.00107,-0.01285,-0.00191,-0.00153,-0.00135,0.03143,-0.00976,-0.02636,-0.01804,-0.00205,-0.00138,-0.00041
10.54,0.01649,-0.00082,-0.00349,0.00756,-0.00054,0.01712,0.01439,0.03273,-0.00862,0.14962,-0.384,0,0.25512,0.0083,0.05143,0.04103,0.35996,0.374,0.07028,0.2547,0.24107,-0.26914,0.1291,-0.40387,-0.01357,-0.03369,0.02448,-0.01364,-0.01524,-0.01357,-0.00134,-0.00065,-0.00073,0.03449,-0.01057,-0.02847,-0.01921,-0.0019,-0.00126,-0.00044
10.56,0.0172,-0.00078,-0.00252,0.00872,-0.00391,0.0174,0.01819,0.02405,-0.0067,0.1391,-0.384,0,0.30617,0.02145,0.06443,-0.04074,0.41233,0.46352,0.057,0.31637,0.2662,-0.35989,0.13135,-0.5116,-0.01878,-0.03117,0.02677,-0.01896,-0.03124,-0.01393,-0.00063,0.00061,0.0001,0.03897,-0.01155,-0.027,-0.02055,-0.00153,-0.0014,-0.00062
10.58,0.01813,-0.00072,-0.00114,0.00825,-0.00875,0.01836,0.0237,0.01484,-0.00392,0.12764,-0.384,0,0.38622,0.0235,0.11159,-0.13579,0.47477,0.56962,0.05533,0.37269,0.2848,-0.43911,0.13446,-0.67766,-0.00655,-0.0453,0.03091,-0.02559,-0.04863,-0.01387,0.0002,0.00223,0.00111,0.04488,-0.01291,-0.02214,-0.02197,-0.00094,-0.0018,-0.00096
10.6,0.01925,-0.00064,0.0007,0.00628,-0.01495,0.02,0.03096,0.00532,-0.00048,0.11549,-0.36184,0,0.48575,0.01918,0.17878,-0.23962,0.54763,0.70001,0.0598,0.41526,0.29209,-0.49674,0.13915,-0.9019,0.03067,-0.0791,0.03676,-0.03336,-0.06665,-0.01334,0.0011,0.00412,0.00223,0.05201,-0.01485,-0.01449,-0.02339,-0.00017,-0.00244,-0.00142
10.62,0.02048,-0.00052,0.003,0.00316,-0.02215,0.02223,0.03979,-0.00417,0.00332,0.10285,-0.30936,0,0.59045,0.01461,0.2468,-0.34535,0.62982,0.85988,0.06348,0.43489,0.28294,-0.52211,0.14584,-1.17675,0.099,-0.13404,0.04394,-0.04197,-0.08431,-0.01229,0.00199,0.00617,0.00339,0.05995,-0.0175,-0.00479,-0.02465,0.00072,-0.00327,-0.00197
10.64,0.02177,-0.00036,0.0058,-0.0006,-0.02979,0.02483,0.04982,-0.01325,0.00717,0.08978,-0.25945,0,0.68488,0.01441,0.29847,-0.44365,0.71811,1.04583,0.06095,0.42447,0.25358,-0.50762,0.15426,-1.48425,0.19915,-0.2083,0.05182,-0.05106,-0.10072,-0.01071,0.0028,0.00829,0.00452,0.06807,-0.02082,0.00641,-0.02564,0.00169,-0.00427,-0.00259
10.66,0.0231,-0.00017,0.0091,-0.00431,-0.03701,0.02742,0.06032,-0.02145,0.01075,0.07623,-0.21308,0,0.75464,0.0196,0.32335,-0.52232,0.80643,1.24105,0.05044,0.3811,0.20298,-0.45132,0.16315,-1.79286,0.32336,-0.29525,0.05945,-0.06021,-0.11523,-0.00855,0.00342,0.01042,0.00558,0.0755,-0.02453,0.01896,-0.02624,0.00271,-0.00542,-0.00324
10.68,0.02443,3e-05,0.01288,-0.00707,-0.04261,0.02946,0.07018,-0.02816,0.01376,0.06208,-0.17118,0,0.78635,0.02704,0.31866,-0.56545,0.885,1.41249,0.03446,0.30679,0.13349,-0.35796,0.17014,-2.05412,0.45365,-0.38243,0.06553,-0.0689,-0.12736,-0.00582,0.00373,0.01249,0.00653,0.08108,-0.02808,0.03306,-0.02636,0.00374,-0.0067,-0.00395
10.7,0.02574,0.00023,0.01707,-0.0078,-0.04506,0.03025,0.0779,-0.0326,0.01589,0.04729,-0.13487,0,0.76744,0.03004,0.28825,-0.55397,0.94025,1.51262,0.01919,0.20831,0.05087,-0.23851,0.17198,-2.20423,0.56266,-0.45203,0.06845,-0.07647,-0.13665,-0.00257,0.0036,0.01444,0.00735,0.08339,-0.03063,0.04914,-0.02595,0.00477,-0.00814,-0.0047
10.72,0.02702,0.00038,0.02155,-0.00551,-0.04287,0.02908,0.08194,-0.034,0.01684,0.03186,-0.10528,0,0.68801,0.02066,0.23971,-0.46996,0.95719,1.49143,0.01208,0.09555,-0.03678,-0.10766,0.16561,-2.17843,0.61987,-0.48491,0.06662,-0.08222,-0.14254,0.00112,0.00288,0.0162,0.00801,0.08104,-0.03133,0.06759,-0.02498,0.00578,-0.00971,-0.00551
10.74,0.02825,0.00046,0.02627,0.00026,-0.03514,0.0255,0.08128,-0.03192,0.01646,0.01573,-0.08293,0,0.54403,-0.00689,0.18048,-0.30361,0.92342,1.31499,0.01839,-0.02087,-0.12071,0.02001,0.1499,-1.93398,0.60129,-0.46699,0.05911,-0.0856,-0.14431,0.00511,0.00149,0.01767,0.00848,0.07322,-0.02963,0.08849,-0.02349,0.00673,-0.01139,-0.00637
10.76,0.02944,0.00047,0.03119,0.00919,-0.02192,0.01948,0.07589,-0.02648,0.01481,-0.00116,-0.06737,0,0.34013,-0.05381,0.11536,-0.05881,0.83199,0.97928,0.03868,-0.13084,-0.19245,0.13223,0.12682,-1.46719,0.49641,-0.39379,0.04608,-0.08636,-0.14103,0.00918,-0.00057,0.01874,0.00871,0.06008,-0.02553,0.11133,-0.02162,0.0076,-0.01313,-0.00724
10.78,0.0306,0.00039,0.03628,0.01999,-0.00448,0.01147,0.06677,-0.01843,0.01218,-0.01881,-0.05727,0,0.09174,-0.11572,0.04636,0.24388,0.68271,0.51579,0.06809,-0.22423,-0.24341,0.21872,0.10197,-0.82076,0.31046,-0.27199,0.02899,-0.08456,-0.13154,0.01304,-0.00322,0.01926,0.00866,0.0429,-0.01965,0.13475,-0.0196,0.00836,-0.01478,-0.00806
10.8,0.03171,0.00023,0.0415,0.0305,0.01484,0.00245,0.05594,-0.00913,0.00907,-0.03703,-0.05059,0,-0.17518,-0.18327,-0.02655,0.56804,0.48213,-0.01122,0.09698,-0.29042,-0.2646,0.27049,0.08415,-0.08052,0.06317,-0.11848,0.01048,-0.08052,-0.1145,0.01627,-0.00626,0.01905,0.00824,0.02401,-0.01321,0.15656,-0.0178,0.00896,-0.01619,-0.00873
10.82,0.03276,1e-05,0.04678,0.03821,0.03324,-0.00643,0.04583,-0.00015,0.00612,-0.05559,-0.0451,0,-0.43007,-0.24526,-0.10412,0.87066,0.24178,-0.52212,0.1139,-0.31998,-0.24779,0.28071,0.08334,0.64659,-0.21763,0.0445,-0.00634,-0.07475,-0.08875,0.0184,-0.00945,0.01795,0.0074,0.00617,-0.00771,0.1741,-0.01659,0.00933,-0.01713,-0.00912
10.84,0.03373,-0.00026,0.05208,0.04106,0.04843,-0.01414,0.03855,0.00717,0.00398,-0.07444,-0.03877,0,-0.64721,-0.2935,-0.18636,1.11655,-0.02463,-0.94863,0.10994,-0.30757,-0.18754,0.24668,0.1076,1.26653,-0.50565,0.19663,-0.01889,-0.06775,-0.05361,0.01904,-0.01257,0.01584,0.00609,-0.00837,-0.00447,0.18508,-0.01628,0.00943,-0.01742,-0.00914
10.86,0.03455,-0.00059,0.05738,0.03799,0.05922,-0.0201,0.03541,0.01211,0.00323,-0.09385,-0.03023,0,-0.81158,-0.32591,-0.27123,1.28752,-0.30209,-1.2508,0.08181,-0.25421,-0.08302,0.17141,0.16078,1.71939,-0.78167,0.32401,-0.02591,-0.06001,-0.0094,0.01798,-0.01548,0.01275,0.00433,-0.01857,-0.00435,0.18807,-0.01699,0.00921,-0.01693,-0.00872
10.88,0.03515,-0.00095,0.06263,0.0291,0.06565,-0.02413,0.03678,0.01457,0.00438,-0.11429,-0.01886,0,-0.91898,-0.34711,-0.35357,1.38329,-0.57248,-1.41879,0.03271,-0.16811,0.06094,0.06444,0.24166,1.9811,-1.03285,0.41925,-0.02748,-0.05199,0.04221,0.01516,-0.01812,0.00886,0.00218,-0.02458,-0.00769,0.18257,-0.01868,0.00865,-0.01558,-0.00783
10.9,0.03541,-0.00137,0.06775,0.01551,0.06873,-0.02639,0.04223,0.01498,0.00782,-0.13625,-0.00479,0,-0.97373,-0.36728,-0.42511,1.41816,-0.81351,-1.46747,-0.02825,-0.06402,0.23401,-0.05861,0.3442,2.05658,-1.25045,0.48006,-0.02488,-0.04419,0.09801,0.01071,-0.02042,0.00453,-0.00018,-0.02758,-0.01433,0.16891,-0.02111,0.00776,-0.01338,-0.00652
10.92,0.03523,-0.00183,0.07262,-0.0011,0.07004,-0.02727,0.05088,0.01407,0.01383,-0.1602,0.01132,0,-0.98551,-0.39934,-0.47651,1.41461,-1.00245,-1.42655,-0.08912,0.04,0.42348,-0.17948,0.45965,1.96957,-1.42909,0.50779,-0.02008,-0.03717,0.15375,0.00484,-0.02238,0.00018,-0.00257,-0.02938,-0.02376,0.14809,-0.02398,0.00657,-0.01039,-0.00483
10.94,0.03447,-0.00236,0.07713,-0.01913,0.0712,-0.02719,0.0618,0.01256,0.02244,-0.18654,0.02874,0,-0.96583,-0.45478,-0.5008,1.39497,-1.12294,-1.32829,-0.13948,0.1275,0.61916,-0.28249,0.5798,1.75085,-1.56718,0.50609,-0.01511,-0.03146,0.2051,-0.00225,-0.02393,-0.00373,-0.00476,-0.03179,-0.03531,0.12157,-0.02699,0.00512,-0.0067,-0.00284
10.96,0.03303,-0.00296,0.08121,-0.03743,0.0735,-0.02653,0.07434,0.01101,0.03335,-0.21552,0.04685,0,-0.92576,-0.54075,-0.49574,1.37595,-1.16952,-1.1996,-0.17331,0.18673,0.81601,-0.35781,0.69872,1.43132,-1.66696,0.48011,-0.01163,-0.02758,0.24809,-0.01038,-0.02503,-0.00685,-0.00655,-0.03632,-0.04819,0.09126,-0.02995,0.00351,-0.00248,-0.00065
10.98,0.03088,-0.00365,0.08481,-0.05532,0.0778,-0.0256,0.08803,0.00972,0.04583,-0.24699,0.06507,0,-0.87553,-0.65864,-0.46443,1.36731,-1.14818,-1.06077,-0.18946,0.21094,1.01342,-0.40167,0.81239,1.0422,-1.73351,0.43639,-0.01088,-0.02604,0.2789,-0.0194,-0.02555,-0.00886,-0.00772,-0.044,-0.06144,0.05969,-0.03276,0.00188,0.00203,0.00163
11,0.028,-0.00444,0.08786,-0.07237,0.08453,-0.02464,0.10257,0.00882,0.05867,-0.28023,0.08277,0,-0.82471,-0.80417,-0.41458,1.3725,-1.07449,-0.92663,-0.19084,0.19726,1.21317,-0.41497,0.91765,0.61642,-1.77354,0.38269,-0.01367,-0.02736,0.29364,-0.0291,-0.02537,-0.00947,-0.00805,-0.05537,-0.07391,0.03008,-0.03537,0.00042,0.00649,0.00382
11.02,0.02441,-0.00533,0.09028,-0.08831,0.09376,-0.02382,0.11775,0.00824,0.07045,-0.3142,0.09931,0,-0.78178,-0.96957,-0.35647,1.39046,-0.96886,-0.80728,-0.18276,0.14474,1.41757,-0.40059,1.0118,0.18591,-1.79383,0.32691,-0.02047,-0.03195,0.28901,-0.03921,-0.02431,-0.00849,-0.00737,-0.07057,-0.08441,0.00568,-0.0378,-0.00067,0.01053,0.00578
11.04,0.02018,-0.00633,0.09199,-0.103,0.10534,-0.02328,0.13348,0.00785,0.07985,-0.3479,0.11435,0,-0.75328,-1.14696,-0.29982,1.41807,-0.85019,-0.70855,-0.17063,0.05195,1.62765,-0.35998,1.09262,-0.22365,-1.7996,0.2754,-0.03138,-0.0399,0.26348,-0.04948,-0.0223,-0.00583,-0.00558,-0.08941,-0.0921,-0.01137,-0.0401,-0.00124,0.01388,0.00737
11.06,0.01538,-0.00742,0.09296,-0.1163,0.11893,-0.0231,0.14982,0.00745,0.08591,-0.38063,0.12791,0,-0.74342,-1.33014,-0.25198,1.45169,-0.73193,-0.63261,-0.15852,-0.08427,1.84115,-0.29101,1.15816,-0.59511,-1.79345,0.23206,-0.04616,-0.05082,0.21824,-0.05968,-0.01934,-0.00164,-0.00274,-0.11133,-0.09668,-0.02074,-0.04235,-0.00127,0.01647,0.00857
11.08,0.01015,-0.0086,0.0932,-0.12799,0.1339,-0.02333,0.16679,0.00681,0.08803,-0.41171,0.14028,0,-0.75404,-1.5136,-0.21779,1.48734,-0.62195,-0.57883,-0.14883,-0.26827,2.05047,-0.18784,1.20609,-0.9175,-1.77508,0.19836,-0.06407,-0.0637,0.15772,-0.06947,-0.0156,0.00372,0.00089,-0.1353,-0.09844,-0.02402,-0.04464,-0.00085,0.01836,0.00944
11.1,0.00471,-0.00981,0.09272,-0.13764,0.14928,-0.02397,0.18428,0.00566,0.08585,-0.4403,0.15195,0,-0.78498,-1.69133,-0.20014,1.52059,-0.52381,-0.54455,-0.14251,-0.50448,2.24176,-0.04186,1.23336,-1.18269,-1.74152,0.17394,-0.08385,-0.07694,0.08944,-0.0784,-0.01136,0.00964,0.00488,-0.1597,-0.0981,-0.02432,-0.04708,-0.00015,0.01978,0.01009
11.12,-0.00065,-0.01101,0.09156,-0.14474,0.16399,-0.02504,0.20207,0.00377,0.07922,-0.46551,0.16342,0,-0.83491,-1.85704,-0.2007,1.54693,-0.4381,-0.52594,-0.1394,-0.79635,2.39775,0.15638,1.2368,-1.38391,-1.68805,0.15708,-0.10405,-0.08866,0.02228,-0.08596,-0.007,0.01539,0.00873,-0.18268,-0.09655,-0.02522,-0.04972,0.00058,0.02099,0.01065
11.14,-0.00573,-0.01213,0.08975,-0.14885,0.17711,-0.02651,0.21998,0.00093,0.06816,-0.48671,0.17514,0,-0.90232,-2.00555,-0.22055,1.56255,-0.36381,-0.51865,-0.13873,-1.14531,2.50289,0.41441,1.21439,-1.51557,-1.60951,0.14528,-0.12341,-0.09726,-0.03611,-0.09171,-0.00284,0.02036,0.01199,-0.20274,-0.0944,-0.02927,-0.05261,0.0012,0.02216,0.01122
11.16,-0.01037,-0.01315,0.08731,-0.14976,0.1881,-0.0284,0.23786,-0.00292,0.05282,-0.50369,0.1874,0,-0.98601,-2.13325,-0.26057,1.56481,-0.29945,-0.51826,-0.13944,-1.54874,2.54672,0.73499,1.16634,-1.57294,-1.50161,0.13567,-0.14118,-0.10178,-0.081,-0.09541,0.00089,0.02413,0.01439,-0.21909,-0.09182,-0.03691,-0.05572,0.0017,0.02332,0.01179
11.18,-0.01451,-0.01403,0.08431,-0.14747,0.19676,-0.03072,0.25548,-0.0077,0.03365,-0.51659,0.2002,0,-1.08458,-2.23717,-0.32126,1.55232,-0.24392,-0.52043,-0.14022,-1.99655,2.52408,1.11315,1.09558,-1.55128,-1.3619,0.12521,-0.15701,-0.10188,-0.11055,-0.09695,0.00408,0.02653,0.01582,-0.23156,-0.08838,-0.04617,-0.05895,0.00218,0.02432,0.01226
11.2,-0.01808,-0.01474,0.08084,-0.14219,0.20311,-0.03346,0.27239,-0.01315,0.0114,-0.5257,0.21322,0,-1.19598,-2.31399,-0.40261,1.52475,-0.19689,-0.52105,-0.13959,-2.46936,2.43433,1.53482,1.00772,-1.44581,-1.19048,0.11083,-0.17081,-0.0978,-0.12525,-0.09637,0.00666,0.02753,0.01631,-0.24048,-0.08322,-0.05299,-0.06212,0.0029,0.02482,0.01244
11.22,-0.02105,-0.01527,0.077,-0.13426,0.20735,-0.03659,0.28799,-0.01897,-0.01298,-0.53134,0.22591,0,-1.31777,-2.36007,-0.50413,1.48246,-0.1585,-0.51664,-0.13617,-2.94203,2.2801,1.9797,0.90965,-1.25398,-0.99,0.09,-0.1827,-0.09013,-0.12706,-0.09381,0.00862,0.02723,0.01597,-0.24647,-0.07534,-0.05253,-0.06502,0.00414,0.02445,0.0121
11.24,-0.02342,-0.01559,0.0729,-0.12411,0.20988,-0.04004,0.30165,-0.02488,-0.0386,-0.53385,0.23773,0,-1.4478,-2.37226,-0.6252,1.42597,-0.1286,-0.50497,-0.12901,-3.39073,2.0661,2.42685,0.80741,-0.9795,-0.76526,0.06139,-0.19299,-0.07958,-0.11843,-0.08952,0.00999,0.02579,0.01497,-0.25033,-0.06408,-0.04122,-0.0675,0.00611,0.02293,0.01109
11.26,-0.02523,-0.01573,0.06859,-0.11227,0.21127,-0.04371,0.31283,-0.03072,-0.06475,-0.5335,0.24832,0,-1.58434,-2.34858,-0.76469,1.35587,-0.10623,-0.48554,-0.11789,-3.79632,1.79919,2.85691,0.70511,-0.63625,-0.52376,0.02544,-0.20217,-0.06688,-0.10177,-0.08389,0.01086,0.0234,0.01345,-0.25292,-0.04943,-0.01818,-0.06954,0.00885,0.02019,0.00938
11.28,-0.02654,-0.01573,0.06414,-0.09941,0.21227,-0.0474,0.32094,-0.03643,-0.0907,-0.5305,0.25737,0,-1.725,-2.28835,-0.92001,1.27328,-0.08969,-0.45985,-0.10344,-4.14197,1.49017,3.24946,0.60539,-0.2517,-0.27762,-0.01518,-0.21083,-0.05281,-0.07936,-0.07749,0.01135,0.02031,0.01158,-0.25516,-0.03228,0.01429,-0.07125,0.01222,0.01647,0.00711
11.3,-0.02745,-0.01565,0.05967,-0.08643,0.21373,-0.05084,0.32533,-0.04198,-0.11554,-0.52499,0.26462,0,-1.86594,-2.19214,-1.08624,1.1802,-0.07689,-0.4312,-0.08714,-4.41038,1.15495,3.58048,0.51024,0.13309,-0.04443,-0.05571,-0.21959,-0.03825,-0.05341,-0.07108,0.01162,0.01681,0.00952,-0.25791,-0.01435,0.05095,-0.07284,0.01586,0.01223,0.00457
11.32,-0.02804,-0.01556,0.05529,-0.07435,0.2165,-0.0537,0.3253,-0.04734,-0.13825,-0.51707,0.26977,0,-2.00235,-2.06133,-1.25696,1.07921,-0.06578,-0.40381,-0.07083,-4.5852,0.81183,3.82546,0.42121,0.47219,0.15622,-0.09055,-0.22895,-0.02412,-0.02592,-0.06549,0.01183,0.01317,0.00744,-0.26194,0.00223,0.0852,-0.07455,0.01933,0.00806,0.00212
11.34,-0.02837,-0.01552,0.05107,-0.06399,0.22121,-0.05572,0.32039,-0.05248,-0.15801,-0.5068,0.27261,0,-2.12984,-1.89748,-1.42586,0.97273,-0.05486,-0.38135,-0.05604,-4.65553,0.47651,3.96618,0.33918,0.72906,0.30893,-0.11528,-0.23926,-0.01114,0.00154,-0.06142,0.01213,0.00965,0.00547,-0.26784,0.01567,0.11137,-0.07657,0.02223,0.0045,9e-05
11.36,-0.02852,-0.01556,0.04707,-0.05592,0.22814,-0.05675,0.31046,-0.05731,-0.17426,-0.49431,0.27295,0,-2.24504,-1.70251,-1.58745,0.86282,-0.04358,-0.366,-0.04358,-4.61895,0.15972,3.99527,0.26447,0.88572,0.4064,-0.12797,-0.25058,0.00028,0.02799,-0.05933,0.0126,0.00639,0.00369,-0.27585,0.02496,0.1263,-0.07899,0.02435,0.00185,-0.00135
11.38,-0.02853,-0.01569,0.0433,-0.05043,0.23711,-0.05678,0.29582,-0.06168,-0.18663,-0.47988,0.27069,0,-2.3448,-1.48016,-1.73587,0.752,-0.03254,-0.35834,-0.03351,-4.48226,-0.13094,3.91664,0.19743,0.94359,0.44947,-0.12941,-0.26262,0.00996,0.05279,-0.0594,0.01331,0.00346,0.00214,-0.28587,0.02993,0.12956,-0.08175,0.0256,0.00019,-0.00215
11.4,-0.02846,-0.01592,0.03978,-0.04765,0.24752,-0.05586,0.27727,-0.0653,-0.19477,-0.46401,0.26579,0,-2.42536,-1.23701,-1.86397,0.64389,-0.02341,-0.35758,-0.02528,-4.26038,-0.3885,3.7439,0.13898,0.92009,0.44553,-0.12268,-0.27466,0.01785,0.07546,-0.0616,0.01425,0.00089,0.00085,-0.29738,0.03106,0.12302,-0.08468,0.02606,-0.00055,-0.00237
11.42,-0.02833,-0.0162,0.03655,-0.04761,0.25847,-0.05413,0.25589,-0.06785,-0.19842,-0.44722,0.25828,0,-2.48261,-0.98129,-1.96408,0.54264,-0.01852,-0.36178,-0.018,-3.97282,-0.60676,3.49626,0.09039,0.84171,0.40583,-0.11216,-0.28574,0.02397,0.0956,-0.0657,0.01538,-0.0013,-0.00018,-0.30959,0.02925,0.10994,-0.08747,0.02585,-0.00056,-0.00216
11.44,-0.02821,-0.01649,0.0336,-0.05026,0.269,-0.05173,0.23283,-0.06909,-0.19741,-0.42987,0.24829,0,-2.51308,-0.72036,-2.03019,0.45154,-0.02008,-0.36811,-0.01062,-3.63856,-0.7819,3.19326,0.05252,0.73504,0.34233,-0.1022,-0.29499,0.02843,0.11285,-0.0713,0.01665,-0.00311,-0.00095,-0.32168,0.02547,0.09363,-0.0898,0.02514,-6e-05,-0.00166
11.46,-0.02816,-0.01676,0.03089,-0.05549,0.27827,-0.04876,0.2092,-0.06894,-0.19181,-0.41197,0.23612,0,-2.51458,-0.45979,-2.05925,0.37238,-0.02964,-0.37297,-0.00212,-3.27402,-0.91331,2.85235,0.02547,0.62116,0.26586,-0.09619,-0.30178,0.03138,0.1269,-0.07784,0.01802,-0.00453,-0.00147,-0.3329,0.02056,0.07674,-0.09135,0.02405,0.00077,-0.00098
11.48,-0.02829,-0.01693,0.02836,-0.06309,0.2855,-0.04535,0.18621,-0.06752,-0.18195,-0.39334,0.22235,0,-2.4863,-0.20518,-2.05114,0.30589,-0.04794,-0.37199,0.00836,-2.89504,-1.00256,2.49069,0.00864,0.5149,0.18614,-0.09646,-0.30575,0.03299,0.13735,-0.08452,0.01939,-0.00552,-0.00173,-0.34249,0.01523,0.06106,-0.09181,0.02268,0.0018,-0.00022
11.5,-0.02873,-0.01695,0.02596,-0.07274,0.28989,-0.04161,0.16529,-0.06507,-0.16843,-0.37369,0.20787,0,-2.4286,0.0362,-2.00805,0.25238,-0.07487,-0.3602,0.02145,-2.51909,-1.05214,2.12709,0.00107,0.42611,0.11215,-0.10428,-0.30671,0.03341,0.14363,-0.09035,0.02066,-0.00602,-0.00173,-0.34968,0.01005,0.04779,-0.09088,0.02112,0.00292,0.00055
11.52,-0.02957,-0.01675,0.02362,-0.08403,0.29073,-0.03766,0.14788,-0.06196,-0.15196,-0.35275,0.19367,0,-2.34269,0.25647,-1.93343,0.21174,-0.10949,-0.33298,0.03752,-2.16342,-1.06507,1.78014,0.00151,0.36084,0.05155,-0.11995,-0.30461,0.03281,0.1451,-0.09428,0.02174,-0.00596,-0.00145,-0.35371,0.00548,0.03754,-0.08829,0.01941,0.00405,0.00129
11.54,-0.0309,-0.01628,0.0213,-0.09654,0.28758,-0.03361,0.13491,-0.05851,-0.1332,-0.33028,0.18057,0,-2.23044,0.44991,-1.83063,0.18297,-0.15014,-0.28742,0.05655,-1.84068,-1.04504,1.46392,0.00841,0.32253,0.00941,-0.14283,-0.29948,0.03131,0.14143,-0.09553,0.02251,-0.00529,-0.0009,-0.35404,0.00181,0.03052,-0.08386,0.01758,0.00515,0.00196
11.56,-0.0327,-0.01554,0.01897,-0.1098,0.28037,-0.02952,0.12655,-0.05498,-0.11272,-0.30612,0.16898,0,-2.09459,0.61439,-1.70258,0.16392,-0.19426,-0.22348,0.07804,-1.55687,-0.99672,1.18601,0.01985,0.31287,-0.01255,-0.17124,-0.29148,0.02907,0.13274,-0.09377,0.02288,-0.00401,-0.00011,-0.3505,-0.00085,0.02651,-0.07758,0.01562,0.00616,0.00256
11.58,-0.03487,-0.01456,0.0166,-0.1232,0.26952,-0.02546,0.12219,-0.05156,-0.09108,-0.28046,0.15897,0,-1.93977,0.75033,-1.55244,0.1514,-0.23809,-0.14473,0.10086,-1.3131,-0.92609,0.94922,0.03347,0.33224,-0.01593,-0.20223,-0.28093,0.02625,0.11977,-0.0892,0.02279,-0.00222,0.00089,-0.34335,-0.00256,0.02496,-0.06969,0.01349,0.00706,0.00306
11.6,-0.0372,-0.01343,0.01423,-0.13596,0.25588,-0.02153,0.12061,-0.04842,-0.06901,-0.25389,0.1504,0,-1.77315,0.85919,-1.38443,0.14154,-0.27658,-0.05827,0.12313,-1.10817,-0.84048,0.75408,0.04647,0.37973,-0.00503,-0.23163,-0.26833,0.02305,0.10379,-0.08247,0.0222,-5e-05,0.00201,-0.33321,-0.0035,0.02508,-0.06062,0.01118,0.0078,0.00348
11.62,-0.03943,-0.01223,0.0119,-0.14724,0.24052,-0.01783,0.12031,-0.04567,-0.04727,-0.22726,0.14298,0,-1.60308,0.94277,-1.20356,0.13036,-0.30428,0.02708,0.14265,-0.93968,-0.74767,0.59998,0.05604,0.45278,0.01464,-0.25486,-0.25426,0.01968,0.08631,-0.07447,0.02106,0.00231,0.00317,-0.32089,-0.0039,0.02598,-0.05095,0.00865,0.00833,0.0038
11.64,-0.04132,-0.01105,0.00968,-0.15638,0.22432,-0.01444,0.11995,-0.04332,-0.02651,-0.20132,0.13634,0,-1.43674,1.00301,-1.01461,0.11463,-0.31697,0.10362,0.15755,-0.80415,-0.65446,0.48524,0.05995,0.54642,0.03831,-0.26834,-0.23916,0.01626,0.06853,-0.06601,0.01937,0.00471,0.0043,-0.30707,-0.00402,0.02689,-0.04113,0.00589,0.00866,0.00403
11.66,-0.04272,-0.00993,0.00758,-0.16312,0.20783,-0.01141,0.1186,-0.04129,-0.00713,-0.17647,0.13009,0,-1.27895,1.04177,-0.82216,0.09242,-0.31265,0.16656,0.16667,-0.69746,-0.566,0.40743,0.05697,0.65237,0.06321,-0.27033,-0.22326,0.01285,0.05108,-0.05766,0.01716,0.00707,0.00535,-0.29218,-0.00405,0.02732,-0.03143,0.00291,0.00879,0.00419
11.68,-0.04354,-0.00886,0.00565,-0.16753,0.1913,-0.00875,0.11585,-0.03942,0.01057,-0.153,0.12387,0,-1.13313,1.06043,-0.632,0.06341,-0.29185,0.21394,0.1696,-0.61581,-0.48629,0.36421,0.04699,0.75806,0.08874,-0.26117,-0.20668,0.00941,0.03407,-0.04969,0.01451,0.00938,0.00634,-0.27645,-0.00413,0.02707,-0.02197,-0.00027,0.00875,0.0043
11.7,-0.04373,-0.00782,0.00392,-0.16993,0.17482,-0.00649,0.11177,-0.03747,0.02622,-0.13121,0.11743,0,-1.0025,1.0596,-0.4523,0.02891,-0.25742,0.24586,0.16658,-0.55657,-0.41893,0.35398,0.03092,0.84668,0.11612,-0.24303,-0.18952,0.00587,0.01722,-0.04225,0.01156,0.01164,0.00727,-0.26004,-0.00432,0.02619,-0.01281,-0.00352,0.00864,0.00439
11.72,-0.04329,-0.00677,0.00244,-0.17076,0.1584,-0.00464,0.10672,-0.03518,0.03944,-0.11144,0.11057,0,-0.89,1.03933,-0.29231,-0.00865,-0.21393,0.26368,0.15835,-0.51788,-0.36734,0.37573,0.01031,0.90047,0.14796,-0.21908,-0.17193,0.00215,6e-05,-0.03532,0.00847,0.01388,0.00818,-0.24302,-0.00468,0.02488,-0.00396,-0.00672,0.00852,0.00449
11.74,-0.04224,-0.00565,0.00123,-0.17042,0.14195,-0.00323,0.10115,-0.03236,0.04995,-0.09396,0.10316,0,-0.79742,0.99989,-0.1597,-0.04665,-0.16687,0.26915,0.14606,-0.4974,-0.33461,0.42833,-0.01316,0.90597,0.18771,-0.19256,-0.15399,-0.00184,-0.01799,-0.02882,0.0054,0.01616,0.00909,-0.2254,-0.00519,0.02331,0.00457,-0.00974,0.00847,0.00462
11.76,-0.04063,-0.00446,0.00031,-0.16917,0.12537,-0.00226,0.09542,-0.02887,0.05761,-0.07888,0.09509,0,-0.72494,0.94235,-0.05902,-0.08262,-0.12224,0.26391,0.13128,-0.49157,-0.32344,0.50973,-0.03798,0.85777,0.2391,-0.16604,-0.13576,-0.00617,-0.03751,-0.02259,0.00246,0.01849,0.01004,-0.20708,-0.00586,0.02149,0.01276,-0.0125,0.00852,0.0048
11.78,-0.03852,-0.00317,-0.00034,-0.16709,0.10864,-0.00176,0.0898,-0.02473,0.06239,-0.06635,0.08636,0,-0.67175,0.86916,0.00782,-0.11418,-0.08679,0.2493,0.11611,-0.49542,-0.3363,0.61628,-0.06264,0.7596,0.30573,-0.14158,-0.11743,-0.01085,-0.05885,-0.01648,-0.00028,0.0209,0.01105,-0.18804,-0.00664,0.01927,0.02051,-0.01494,0.0087,0.00503
11.8,-0.03601,-0.00183,-0.00077,-0.16414,0.09198,-0.00173,0.08453,-0.02011,0.0643,-0.0566,0.07711,0,-0.63664,0.78432,0.04051,-0.13873,-0.0683,0.22635,0.10316,-0.50296,-0.37543,0.74242,-0.08552,0.62356,0.39047,-0.12084,-0.09943,-0.0158,-0.08199,-0.01041,-0.00276,0.02334,0.01212,-0.16848,-0.00747,0.01641,0.02757,-0.01702,0.00899,0.00531
11.82,-0.03321,-0.00048,-0.00099,-0.16013,0.07574,-0.00219,0.07985,-0.01524,0.06336,-0.0499,0.06757,0,-0.61833,0.69269,0.03982,-0.15376,-0.07508,0.19574,0.09537,-0.50807,-0.44212,0.88138,-0.10498,0.46629,0.49493,-0.10513,-0.08228,-0.02086,-0.10648,-0.00433,-0.0049,0.02574,0.01323,-0.14868,-0.00828,0.01266,0.03364,-0.01868,0.00935,0.00561
11.84,-0.03021,0.00083,-0.00104,-0.15485,0.06021,-0.00313,0.07591,-0.01039,0.05964,-0.04649,0.05793,0,-0.61529,0.59873,0.00748,-0.15731,-0.11505,0.1577,0.09548,-0.50576,-0.53561,1.02658,-0.11961,0.30348,0.61865,-0.0952,-0.06641,-0.02575,-0.13134,0.00173,-0.00668,0.02799,0.01433,-0.12893,-0.00894,0.00797,0.03842,-0.01986,0.00973,0.00591
11.86,-0.02708,0.00206,-0.00096,-0.14801,0.04559,-0.00447,0.07283,-0.00578,0.05325,-0.04635,0.04832,0,-0.62574,0.50597,-0.05372,-0.14839,-0.19486,0.11212,0.10573,-0.4931,-0.65183,1.17207,-0.1284,0.14663,0.75818,-0.09123,-0.05198,-0.03013,-0.15498,0.00772,-0.00809,0.02998,0.01533,-0.10938,-0.00932,0.00266,0.04178,-0.02054,0.01005,0.00615
11.88,-0.02387,0.00316,-0.00077,-0.1394,0.03203,-0.00611,0.07066,-0.00165,0.04446,-0.04933,0.03884,0,-0.64753,0.41762,-0.13955,-0.12708,-0.31929,0.05885,0.12775,-0.46946,-0.78232,1.31149,-0.13067,0.00339,0.90577,-0.09282,-0.03903,-0.03354,-0.17498,0.01347,-0.00915,0.03154,0.0161,-0.09022,-0.00926,-0.00257,0.04367,-0.02067,0.01022,0.00629
11.9,-0.02064,0.00409,-0.00048,-0.1289,0.01977,-0.00784,0.06949,0.00174,0.03367,-0.05506,0.02967,0,-0.67817,0.33714,-0.24414,-0.09447,-0.49042,-0.00186,0.16244,-0.43638,-0.91418,1.43728,-0.12598,-0.12115,1.0491,-0.09904,-0.02753,-0.03536,-0.18807,0.01867,-0.00988,0.03245,0.01648,-0.07184,-0.00856,-0.0066,0.04409,-0.02023,0.01014,0.00625
11.92,-0.01747,0.0048,-0.00013,-0.11645,0.0091,-0.00946,0.06934,0.00415,0.02135,-0.06309,0.02098,0,-0.71501,0.26788,-0.36079,-0.05232,-0.70644,-0.06913,0.20964,-0.39671,-1.03265,1.54144,-0.11416,-0.22428,1.17382,-0.10865,-0.01748,-0.03501,-0.19087,0.02297,-0.0103,0.0325,0.01629,-0.0547,-0.00707,-0.00824,0.04312,-0.01918,0.00971,0.00597
11.94,-0.0144,0.00524,0.00029,-0.10205,0.00027,-0.01076,0.07019,0.00541,0.00796,-0.07297,0.01294,0,-0.75545,0.21207,-0.48321,-0.00256,-0.96008,-0.14115,0.26772,-0.35329,-1.12557,1.61764,-0.09529,-0.30627,1.26803,-0.12019,-0.00885,-0.03212,-0.18097,0.02602,-0.01045,0.03152,0.0154,-0.0392,-0.00475,-0.0067,0.04086,-0.01754,0.00887,0.00541
11.96,-0.01144,0.0054,0.00076,-0.08582,-0.00658,-0.0116,0.07192,0.00548,-0.00608,-0.08422,0.00562,0,-0.79695,0.17028,-0.60596,0.05286,-1.23655,-0.2148,0.33303,-0.30831,-1.18615,1.66234,-0.06993,-0.37057,1.32498,-0.13205,-0.00163,-0.02673,-0.15785,0.02761,-0.01034,0.02944,0.01378,-0.0256,-0.00172,-0.00187,0.0374,-0.01534,0.00761,0.00457
11.98,-0.00863,0.00526,0.00129,-0.06808,-0.01137,-0.01186,0.0743,0.00445,-0.02033,-0.09633,-0.00091,0,-0.83674,0.14165,-0.72369,0.11164,-1.51096,-0.28495,0.39931,-0.26339,-1.21311,1.67465,-0.03921,-0.42328,1.34332,-0.14242,0.00413,-0.01932,-0.12318,0.0276,-0.00998,0.02629,0.01149,-0.01409,0.00166,0.00553,0.03292,-0.01271,0.006,0.0035
12,-0.006,0.00485,0.00187,-0.04945,-0.01399,-0.01149,0.07697,0.00253,-0.03419,-0.10863,-0.00654,0,-0.87157,0.12435,-0.83032,0.17075,-1.74829,-0.34439,0.45769,-0.21997,-1.2096,1.6557,-0.005,-0.47214,1.32604,-0.14931,0.00829,-0.01086,-0.08075,0.02598,-0.0094,0.02226,0.00874,-0.00489,0.00484,0.01406,0.02765,-0.00981,0.00419,0.0023
12.02,-0.00357,0.0042,0.00251,-0.03074,-0.01438,-0.01045,0.07955,-0,-0.04703,-0.12041,-0.01114,0,-0.89801,0.11606,-0.91959,0.22687,-1.91087,-0.38532,0.49858,-0.17933,-1.18134,1.60784,0.03049,-0.52458,1.27867,-0.15083,0.01062,-0.00254,-0.03556,0.02277,-0.00861,0.01761,0.00579,0.00175,0.00723,0.02198,0.02183,-0.00687,0.00236,0.0011
12.04,-0.00138,0.00333,0.00318,-0.0127,-0.01251,-0.00875,0.08163,-0.00287,-0.05828,-0.13102,-0.01462,0,-0.91301,0.11443,-0.98652,0.27712,-1.97063,-0.40206,0.51476,-0.14241,-1.13436,1.5338,0.06529,-0.58525,1.2072,-0.14591,0.01097,0.00453,0.00751,0.0181,-0.00762,0.01264,0.00287,0.0057,0.00836,0.02792,0.01568,-0.00406,0.00063,-0
12.06,0.00061,0.00228,0.00388,0.00412,-0.00851,-0.00645,0.08288,-0.00584,-0.06756,-0.13997,-0.01691,0,-0.91436,0.1173,-1.02821,0.31948,-1.91766,-0.39292,0.5035,-0.10983,-1.07358,1.43649,0.09798,-0.65415,1.11691,-0.13462,0.00934,0.0095,0.04452,0.01213,-0.00646,0.00766,0.00022,0.00703,0.00808,0.03132,0.00938,-0.00145,-0.00089,-0.00096
12.08,0.00243,0.00111,0.00459,0.01924,-0.00267,-0.00368,0.08304,-0.00868,-0.07462,-0.14685,-0.01802,0,-0.90072,0.12281,-1.04363,0.3525,-1.7624,-0.3606,0.46709,-0.08217,-1.00295,1.3196,0.12749,-0.72557,1.01268,-0.11846,0.00589,0.0118,0.07236,0.00519,-0.00515,0.00306,-0.00199,0.00601,0.00656,0.03251,0.00305,0.00091,-0.00222,-0.00176
12.1,0.00414,-0.00011,0.00528,0.03215,0.00459,-0.00063,0.08189,-0.01119,-0.07924,-0.15129,-0.01796,0,-0.87149,0.12937,-1.03312,0.37497,-1.53335,-0.31171,0.41226,-0.06015,-0.92574,1.18802,0.15287,-0.78844,0.89949,-0.10015,0.00094,0.0111,0.08848,-0.00226,-0.00376,-0.00073,-0.00358,0.00302,0.00429,0.03255,-0.00311,0.00306,-0.00338,-0.00243
12.12,0.0058,-0.0013,0.00589,0.04232,0.01271,0.00248,0.07926,-0.01315,-0.08122,-0.15291,-0.01674,0,-0.82658,0.13564,-0.99785,0.38593,-1.26859,-0.25486,0.3481,-0.04459,-0.8444,1.04716,0.17332,-0.82933,0.78196,-0.08301,-0.00507,0.00734,0.09123,-0.00971,-0.00235,-0.00328,-0.00443,-0.00141,0.00188,0.03285,-0.00892,0.00503,-0.00443,-0.00301
12.14,0.00745,-0.00238,0.00639,0.04942,0.02115,0.00544,0.07506,-0.01443,-0.08046,-0.15143,-0.01441,0,-0.76617,0.14053,-0.93943,0.38487,-1.00343,-0.19795,0.28301,-0.0361,-0.76003,0.90152,0.18843,-0.83723,0.66327,-0.06988,-0.01164,0.00077,0.08048,-0.01666,-0.00098,-0.00435,-0.00447,-0.00676,-0.00012,0.03459,-0.0142,0.00685,-0.00543,-0.00355
12.16,0.00916,-0.00329,0.00675,0.05336,0.02946,0.00809,0.06928,-0.01495,-0.07694,-0.14669,-0.01102,0,-0.69082,0.14316,-0.85985,0.37197,-0.76297,-0.14648,0.22289,-0.03487,-0.67229,0.75414,0.19829,-0.80677,0.54481,-0.06245,-0.01826,-0.00794,0.05811,-0.02274,0.00029,-0.00395,-0.00379,-0.01252,-0.00139,0.03836,-0.01881,0.00852,-0.0064,-0.00406
12.18,0.01096,-0.00401,0.00696,0.05429,0.03718,0.01036,0.06205,-0.01471,-0.0708,-0.13868,-0.00668,0,-0.60194,0.14284,-0.76204,0.34818,-0.56199,-0.10359,0.17109,-0.04065,-0.58002,0.60768,0.20342,-0.7393,0.42703,-0.06117,-0.02435,-0.01763,0.02831,-0.02767,0.00142,-0.0024,-0.00259,-0.01812,-0.00181,0.04398,-0.02262,0.01003,-0.00732,-0.00453
12.2,0.01287,-0.0045,0.007,0.05255,0.04378,0.01215,0.05369,-0.01376,-0.06234,-0.12758,-0.00155,0,-0.50219,0.13904,-0.65017,0.31519,-0.40743,-0.07054,0.12908,-0.0528,-0.48192,0.46527,0.20466,-0.64206,0.31024,-0.06543,-0.02922,-0.02668,-0.00267,-0.03119,0.00237,-0.00028,-0.00116,-0.02296,-0.0015,0.05063,-0.02547,0.01128,-0.00811,-0.00492
12.22,0.01488,-0.00473,0.00687,0.04858,0.0488,0.01343,0.04455,-0.01222,-0.05189,-0.11365,0.00416,0,-0.39479,0.13139,-0.52894,0.27513,-0.30042,-0.04735,0.09697,-0.0702,-0.37655,0.32996,0.20304,-0.52522,0.19454,-0.07391,-0.0322,-0.03339,-0.02798,-0.0331,0.00309,0.00174,0.00011,-0.02643,-0.00068,0.05704,-0.02721,0.01216,-0.00869,-0.00518
12.24,0.01699,-0.0047,0.00657,0.04289,0.05185,0.01417,0.03493,-0.01022,-0.03979,-0.09712,0.01029,0,-0.28234,0.11975,-0.40216,0.23005,-0.23785,-0.0333,0.07405,-0.0912,-0.26194,0.2031,0.19971,-0.39738,0.07897,-0.08509,-0.03278,-0.03643,-0.04225,-0.03328,0.00357,0.00307,0.00096,-0.02804,0.00035,0.06197,-0.02775,0.01258,-0.00898,-0.00525
12.26,0.01922,-0.00441,0.00613,0.03601,0.05278,0.01441,0.02498,-0.00791,-0.02635,-0.07822,0.01673,0,-0.1663,0.1043,-0.27229,0.18178,-0.21351,-0.02733,0.05915,-0.11338,-0.13574,0.08363,0.19587,-0.26306,-0.03858,-0.09751,-0.03075,-0.03531,-0.04308,-0.03176,0.00378,0.00341,0.00122,-0.02747,0.00132,0.06443,-0.02709,0.01252,-0.00894,-0.00512
12.28,0.02158,-0.0039,0.00555,0.02854,0.05163,0.01422,0.01476,-0.0055,-0.01189,-0.05724,0.02339,0,-0.04774,0.08563,-0.14127,0.13221,-0.21877,-0.02824,0.05093,-0.13346,0.00385,-0.03116,0.19277,-0.12295,-0.16056,-0.10979,-0.02622,-0.03038,-0.03137,-0.0287,0.00376,0.00269,0.0009,-0.02461,0.00197,0.06375,-0.02538,0.01197,-0.00856,-0.00478
12.3,0.02406,-0.00323,0.0049,0.02118,0.0486,0.01371,0.00433,-0.00322,0.0031,-0.03468,0.03015,0,0.07183,0.06482,-0.01136,0.08356,-0.2431,-0.03468,0.04795,-0.14699,0.15723,-0.14476,0.1917,0.02473,-0.28886,-0.12051,-0.01961,-0.02282,-0.0109,-0.02442,0.00353,0.00114,0.00014,-0.01954,0.00208,0.05954,-0.02286,0.01102,-0.00789,-0.00427
12.32,0.02666,-0.00244,0.00421,0.01468,0.04402,0.01301,-0.0063,-0.00136,0.01807,-0.01109,0.03686,0,0.19089,0.04322,0.11519,0.03804,-0.27516,-0.04513,0.0488,-0.14824,0.32365,-0.26167,0.19371,0.18323,-0.42471,-0.1283,-0.01153,-0.01416,0.01304,-0.01929,0.00315,-0.0009,-0.00085,-0.01245,0.00145,0.05168,-0.01984,0.00974,-0.00699,-0.00364
12.34,0.02938,-0.00161,0.00354,0.00969,0.03824,0.01222,-0.01722,-0.00015,0.03255,0.01319,0.04345,0,0.30884,0.02207,0.23733,-0.00299,-0.30407,-0.05763,0.05197,-0.13008,0.50208,-0.38828,0.19916,0.3562,-0.56906,-0.13192,-0.00259,-0.00585,0.03553,-0.01364,0.00267,-0.0031,-0.00188,-0.00357,-1e-05,0.04035,-0.01662,0.00826,-0.00593,-0.00293
12.36,0.03226,-0.00077,0.00293,0.00674,0.0316,0.01145,-0.02864,0.00021,0.04616,0.03818,0.04989,0,0.42641,0.00233,0.35559,-0.03931,-0.3202,-0.06965,0.05589,-0.08397,0.69129,-0.53304,0.20741,0.54644,-0.72232,-0.13039,0.00671,0.00113,0.05331,-0.00769,0.00211,-0.00521,-0.0028,0.00687,-0.00226,0.02607,-0.01344,0.00667,-0.00482,-0.00221
12.38,0.03531,5e-05,0.00241,0.00618,0.02446,0.01077,-0.04084,-0.00039,0.05856,0.06406,0.05619,0,0.54482,-0.01525,0.47129,-0.07178,-0.3152,-0.07791,0.05881,-0.00025,0.88836,-0.70548,0.21669,0.75421,-0.88325,-0.12299,0.0159,0.00629,0.06493,-0.00162,0.00152,-0.00711,-0.00358,0.01854,-0.0051,0.00985,-0.01051,0.00509,-0.00374,-0.00153
12.4,0.03856,0.00081,0.00202,0.00829,0.01724,0.01024,-0.05403,-0.00202,0.06932,0.09104,0.06231,0,0.66489,-0.02993,0.58561,-0.10186,-0.28163,-0.07837,0.05887,0.1314,1.08741,-0.91499,0.2242,0.97605,-1.04786,-0.10931,0.02451,0.00954,0.07043,0.00442,0.00094,-0.00876,-0.00421,0.031,-0.00817,-0.00682,-0.00803,0.00366,-0.00282,-0.00096
12.42,0.04201,0.00148,0.00182,0.01319,0.01037,0.00991,-0.06842,-0.00469,0.07796,0.11934,0.06817,0,0.78717,-0.04103,0.69962,-0.13138,-0.21191,-0.0664,0.05406,0.32101,1.27956,-1.16983,0.22651,1.20561,-1.20971,-0.08955,0.03213,0.01102,0.07085,0.01029,0.00039,-0.01019,-0.00474,0.04375,-0.01104,-0.02214,-0.00617,0.0025,-0.0022,-0.00057
12.44,0.04567,0.00205,0.00181,0.02082,0.00414,0.00982,-0.08426,-0.00836,0.08403,0.14939,0.07362,0,0.91258,-0.0481,0.81478,-0.16224,-0.09722,-0.03719,0.04243,0.57693,1.45393,-1.47632,0.22035,1.43563,-1.36103,-0.0649,0.03857,0.01101,0.06755,0.01586,-9e-05,-0.01145,-0.00524,0.05641,-0.01326,-0.03438,-0.00505,0.00173,-0.00197,-0.00042
12.46,0.04956,0.00249,0.00201,0.03086,-0.00139,0.00999,-0.10183,-0.01286,0.08715,0.18184,0.07844,0,1.04244,-0.05098,0.93297,-0.19618,0.07286,0.01385,0.02214,0.90387,1.59776,-1.83712,0.20309,1.65855,-1.49301,-0.03795,0.04389,0.00979,0.06176,0.02102,-0.00049,-0.0126,-0.00573,0.0688,-0.01448,-0.04212,-0.0047,0.00144,-0.00223,-0.00055
12.48,0.05368,0.0028,0.00241,0.04266,-0.00628,0.01044,-0.12132,-0.01795,0.08702,0.21728,0.0823,0,1.17751,-0.04983,1.05558,-0.23442,0.30939,0.09074,-0.00835,1.30019,1.69516,-2.24824,0.17303,1.86496,-1.59481,-0.013,0.04845,0.00764,0.05455,0.02562,-0.00079,-0.01368,-0.00625,0.08084,-0.01442,-0.04423,-0.00508,0.00167,-0.00301,-0.00099
12.5,0.05798,0.00295,0.00299,0.0552,-0.01076,0.01113,-0.14273,-0.02322,0.08336,0.25608,0.08472,0,1.31717,-0.04494,1.18271,-0.27745,0.62231,0.19637,-0.05,1.75618,1.72688,-2.69721,0.12939,2.04236,-1.65309,0.00411,0.05278,0.00483,0.04681,0.02946,-0.00099,-0.01475,-0.0068,0.09248,-0.01291,-0.03986,-0.00607,0.00243,-0.00431,-0.00173
12.52,0.06239,0.00295,0.0037,0.06732,-0.01509,0.01205,-0.16589,-0.02822,0.07589,0.29836,0.08516,0,1.45963,-0.03651,1.31341,-0.3252,1.01779,0.33197,-0.10256,2.2557,1.67378,-3.16547,0.07214,2.17689,-1.65437,0.0072,0.0575,0.00163,0.03929,0.03231,-0.00109,-0.01582,-0.00737,0.1037,-0.00989,-0.02871,-0.0075,0.0037,-0.00608,-0.00275
12.54,0.06684,0.00279,0.0045,0.07799,-0.01961,0.01316,-0.19065,-0.03253,0.06434,0.34423,0.08316,0,1.60302,-0.02416,1.44651,-0.37731,1.4949,0.49624,-0.16365,2.77995,1.52279,-3.63344,0.00169,2.25708,-1.5893,-0.00829,0.0632,-0.00174,0.03251,0.03404,-0.00108,-0.0169,-0.00795,0.11463,-0.00558,-0.01153,-0.00923,0.00538,-0.00819,-0.00396
12.56,0.07129,0.00249,0.00533,0.08653,-0.02463,0.01437,-0.21685,-0.03589,0.04846,0.39366,0.07844,0,1.74562,-0.00677,1.58079,-0.4332,2.04149,0.68419,-0.2279,3.30816,1.27187,-4.0824,-0.08103,2.27625,-1.45598,-0.04382,0.07035,-0.00504,0.02683,0.03465,-0.00098,-0.018,-0.00852,0.12555,-0.00054,0.00948,-0.01108,0.0073,-0.01042,-0.00526
12.58,0.07568,0.00208,0.00616,0.0926,-0.03041,0.0156,-0.24419,-0.03815,0.02821,0.44622,0.07096,0,1.8848,0.01754,1.714,-0.49166,2.62923,0.88553,-0.28632,3.81381,0.93275,-4.49155,-0.17399,2.23283,-1.26157,-0.09723,0.07917,-0.00805,0.02242,0.0343,-0.0008,-0.01912,-0.00908,0.13683,0.00428,0.03042,-0.01291,0.00919,-0.01245,-0.00646
12.6,0.07993,0.00161,0.00689,0.09607,-0.03716,0.0167,-0.27201,-0.03927,0.00377,0.50071,0.06093,0,2.01617,0.05113,1.84209,-0.55055,3.21197,1.08408,-0.32655,4.26214,0.53084,-4.83548,-0.27367,2.12941,-1.02186,-0.16292,0.08967,-0.01051,0.01935,0.03327,-0.00056,-0.02024,-0.00962,0.14881,0.00757,0.04588,-0.01454,0.01068,-0.01383,-0.00732
12.62,0.08393,0.00115,0.00747,0.09696,-0.045,0.01754,-0.29943,-0.03923,-0.02442,0.55547,0.04874,0,2.13429,0.09637,1.95992,-0.60729,3.73402,1.26098,-0.3361,4.61567,0.09888,-5.08771,-0.37586,1.97068,-0.75702,-0.23343,0.10172,-0.01219,0.01759,0.0319,-0.00028,-0.0213,-0.01012,0.16182,0.00799,0.05026,-0.01581,0.01141,-0.01412,-0.00758
12.64,0.08757,0.00075,0.00784,0.0954,-0.05409,0.01801,-0.32559,-0.03808,-0.05571,0.60896,0.03487,0,2.23437,0.15495,2.06313,-0.65977,4.14485,1.40001,-0.30726,4.84506,-0.33317,-5.22828,-0.47709,1.7608,-0.48477,-0.30181,0.11523,-0.01295,0.01695,0.0305,2e-05,-0.02227,-0.01057,0.17613,0.00466,0.03977,-0.01663,0.0111,-0.01303,-0.00708
12.66,0.09082,0.00044,0.00794,0.09155,-0.06457,0.01806,-0.34977,-0.03588,-0.08925,0.66005,0.01988,0,2.31324,0.22723,2.149,-0.70689,4.40805,1.49098,-0.24076,4.93613,-0.7435,-5.24883,-0.5754,1.50246,-0.21678,-0.36297,0.1302,-0.01277,0.01706,0.02927,0.00034,-0.02305,-0.01093,0.19193,-0.00251,0.01391,-0.01695,0.00971,-0.01052,-0.00581
12.68,0.09364,0.00024,0.00776,0.08565,-0.07655,0.01771,-0.37122,-0.03273,-0.12366,0.70766,0.00452,0,2.3689,0.31154,2.21602,-0.74824,4.50111,1.52974,-0.14703,4.89043,-1.1168,-5.15325,-0.66966,1.19838,0.04029,-0.41364,0.14669,-0.01181,0.01736,0.02833,0.0007,-0.02357,-0.01115,0.20917,-0.01261,-0.02403,-0.01683,0.00744,-0.00689,-0.00391
12.7,0.09602,0.00017,0.0073,0.07805,-0.08998,0.01705,-0.38903,-0.02878,-0.15692,0.75038,-0.01025,0,2.39977,0.40395,2.26309,-0.78371,4.4127,1.51685,-0.04519,4.72263,-1.44089,-4.95593,-0.75887,0.85272,0.28251,-0.45169,0.16463,-0.01035,0.01715,0.02772,0.00111,-0.02373,-0.01118,0.22752,-0.02391,-0.06731,-0.01639,0.00469,-0.00268,-0.0017
12.72,0.09791,0.00021,0.00657,0.06907,-0.10473,0.01619,-0.4022,-0.02421,-0.18669,0.78665,-0.02332,0,2.40454,0.49928,2.28937,-0.81332,4.14194,1.45596,0.04223,4.45476,-1.70638,-4.67692,-0.84187,0.46977,0.50776,-0.47559,0.18386,-0.00877,0.01556,0.02743,0.00161,-0.02338,-0.01094,0.24642,-0.03426,-0.10768,-0.01573,0.00196,0.0014,0.00045
12.74,0.09927,0.00038,0.00559,0.05901,-0.12058,0.01521,-0.41003,-0.01918,-0.211,0.81515,-0.03377,0,2.3824,0.59278,2.29439,-0.83719,3.69937,1.35199,0.09731,4.10899,-1.90821,-4.33564,-0.91757,0.05089,0.71575,-0.48398,0.20413,-0.00742,0.01163,0.02751,0.0022,-0.0224,-0.01036,0.26532,-0.04189,-0.1382,-0.01494,-0.00034,0.00478,0.00223
12.76,0.10008,0.00065,0.00438,0.04808,-0.13732,0.01415,-0.41229,-0.0138,-0.22862,0.83506,-0.04101,0,2.33333,0.68107,2.27833,-0.85546,3.10971,1.21049,0.11204,3.70408,-2.04632,-3.94789,-0.98481,-0.40601,0.90742,-0.47543,0.22507,-0.00663,0.00436,0.02805,0.00289,-0.02066,-0.00939,0.28373,-0.04584,-0.15517,-0.014,-0.002,0.00713,0.00346
12.78,0.10032,0.00105,0.00299,0.03645,-0.15451,0.013,-0.40923,-0.00824,-0.23903,0.8459,-0.04477,0,2.25845,0.76164,2.24203,-0.86813,2.41645,1.03834,0.08956,3.25722,-2.12451,-3.52777,-1.04184,-0.90338,1.08327,-0.4483,0.24604,-0.00667,-0.00724,0.02925,0.00364,-0.01806,-0.008,0.30114,-0.04607,-0.15844,-0.01276,-0.003,0.00841,0.00413
12.8,0.09994,0.00154,0.00146,0.02439,-0.1715,0.01173,-0.40155,-0.00267,-0.24221,0.84739,-0.04499,0,2.16019,0.83218,2.18701,-0.87492,1.68262,0.84437,0.04258,2.78663,-2.14881,-3.09026,-1.08585,-1.43988,1.24183,-0.40095,0.26601,-0.00773,-0.02401,0.03136,0.00439,-0.01454,-0.00617,0.31689,-0.04332,-0.15089,-0.01103,-0.00355,0.00881,0.00433
12.82,0.09893,0.00213,-0.00013,0.01223,-0.1875,0.01025,-0.39015,0.00271,-0.23847,0.83936,-0.04177,0,2.04172,0.89049,2.11511,-0.87541,0.97891,0.63826,-0.01111,2.31039,-2.1261,-2.65024,-1.11353,-2.00702,1.37947,-0.33226,0.28379,-0.00988,-0.04639,0.03464,0.00506,-0.01009,-0.00394,0.33031,-0.03885,-0.13742,-0.0086,-0.00394,0.00868,0.00427
12.84,0.09728,0.00281,-0.00172,0.00034,-0.20192,0.00845,-0.37594,0.00777,-0.2284,0.82183,-0.03537,0,1.90604,0.93486,2.02808,-0.86933,0.36374,0.42835,-0.05508,1.84297,-2.06304,-2.21942,-1.12212,-2.58639,1.49113,-0.2425,0.2985,-0.01297,-0.07393,0.03927,0.00557,-0.00482,-0.00138,0.34106,-0.03399,-0.1234,-0.00532,-0.00453,0.00842,0.00416
12.86,0.09504,0.00357,-0.00329,-0.01082,-0.21453,0.00618,-0.35969,0.01247,-0.21282,0.79518,-0.02615,0,1.75596,0.96426,1.92755,-0.85678,-0.12848,0.2208,-0.0786,1.39442,-1.96568,-1.80563,-1.11022,-3.14572,1.57058,-0.13432,0.30985,-0.0165,-0.10495,0.0453,0.00582,0.00102,0.00138,0.3493,-0.0299,-0.11378,-0.00121,-0.00563,0.0084,0.00421
12.88,0.09232,0.00439,-0.00481,-0.02067,-0.22541,0.00327,-0.34219,0.01687,-0.19289,0.7603,-0.01466,0,1.59504,0.97804,1.81583,-0.8384,-0.48632,0.02098,-0.07746,0.97355,-1.8399,-1.41583,-1.07795,-3.63348,1.6097,-0.01372,0.31805,-0.0196,-0.13613,0.05256,0.00571,0.00698,0.00412,0.35564,-0.02757,-0.11292,0.00349,-0.00755,0.00898,0.00459
12.9,0.0893,0.00523,-0.00625,-0.02841,-0.2348,-0.0004,-0.32428,0.02102,-0.17012,0.71868,-0.00169,0,1.42851,0.97569,1.69631,-0.81533,-0.71553,-0.16506,-0.0532,0.5911,-1.69199,-1.05891,-1.0269,-3.97888,1.5984,0.10971,0.32374,-0.0211,-0.16268,0.06068,0.00517,0.01241,0.00655,0.36106,-0.02779,-0.1245,0.00836,-0.01049,0.01044,0.00546
12.92,0.08622,0.00608,-0.00758,-0.03317,-0.24307,-0.00494,-0.30677,0.02501,-0.14614,0.67216,0.01188,0,1.26233,0.95688,1.57279,-0.78877,-0.833,-0.331,-0.0113,0.25848,-1.52816,-0.74455,-0.95953,-4.10815,1.52715,0.22473,0.32778,-0.01979,-0.17939,0.06913,0.00411,0.0166,0.00835,0.36671,-0.031,-0.15073,0.01285,-0.01459,0.01298,0.0069
12.94,0.08329,0.00688,-0.00879,-0.03426,-0.2507,-0.0103,-0.29024,0.02884,-0.12229,0.62236,0.02526,0,1.10114,0.92174,1.44784,-0.75942,-0.86089,-0.47182,0.04143,-0.01632,-1.35361,-0.47924,-0.87844,-3.97144,1.39115,0.32173,0.33114,-0.0149,-0.18249,0.07744,0.00246,0.01899,0.00927,0.37363,-0.03703,-0.1912,0.01653,-0.01976,0.01655,0.00887
12.96,0.08065,0.00763,-0.00987,-0.03129,-0.25828,-0.01627,-0.27495,0.03246,-0.09937,0.57051,0.03783,0,0.94746,0.8712,1.32218,-0.72714,-0.82284,-0.58457,0.09827,-0.23082,-1.1725,-0.26442,-0.78618,-3.56243,1.19387,0.39478,0.33473,-0.00643,-0.17089,0.08523,0.0002,0.0194,0.00924,0.38258,-0.04493,-0.24188,0.01913,-0.02565,0.02078,0.01119
12.98,0.07843,0.00831,-0.01082,-0.02431,-0.26639,-0.02238,-0.26095,0.03571,-0.0778,0.51774,0.04909,0,0.80261,0.80738,1.19545,-0.6911,-0.74298,-0.66756,0.15261,-0.38672,-0.98924,-0.09774,-0.68582,-2.92568,0.94927,0.44145,0.3394,0.00472,-0.14655,0.09219,-0.0026,0.01797,0.00832,0.39394,-0.05286,-0.29445,0.02056,-0.0316,0.02496,0.01346
13,0.07672,0.00889,-0.01162,-0.0137,-0.27557,-0.02792,-0.24815,0.03831,-0.05778,0.46549,0.05857,0,0.6679,0.73379,1.06721,-0.65009,-0.64561,-0.71945,0.19766,-0.48785,-0.80962,0.02489,-0.58149,-2.15213,0.6815,0.462,0.34584,0.0168,-0.11415,0.09802,-0.00585,0.01517,0.00676,0.40766,-0.05816,-0.33673,0.02091,-0.03661,0.02802,0.01512
13.02,0.07563,0.00936,-0.01228,-7e-05,-0.28627,-0.03209,-0.23651,0.03994,-0.03938,0.41526,0.06579,0,0.54456,0.65469,0.9371,-0.60297,-0.55363,-0.73957,0.22708,-0.53925,-0.64006,0.10837,-0.47783,-1.35486,0.41935,0.45864,0.3546,0.02764,-0.07986,0.10247,-0.00939,0.01166,0.00486,0.4234,-0.05794,-0.3553,0.02036,-0.0396,0.02881,0.01557
13.04,0.07519,0.0097,-0.01278,0.01599,-0.29879,-0.03425,-0.22595,0.04039,-0.02256,0.36818,0.07043,0,0.43291,0.574,0.80458,-0.54908,-0.48601,-0.72883,0.23608,-0.54714,-0.48555,0.15833,-0.37883,-0.63228,0.18715,0.43484,0.36603,0.03534,-0.04936,0.10536,-0.01308,0.00807,0.00292,0.44078,-0.05001,-0.33963,0.01912,-0.03974,0.0264,0.01431
13.06,0.07543,0.00993,-0.01315,0.03398,-0.31318,-0.03407,-0.2165,0.03959,-0.00713,0.32475,0.07227,0,0.33207,0.49482,0.6691,-0.48878,-0.45641,-0.69065,0.22228,-0.51902,-0.34875,0.18094,-0.2873,-0.04536,-0.00066,0.39512,0.38016,0.03869,-0.02671,0.1067,-0.01683,0.00485,0.00117,0.45941,-0.03349,-0.28514,0.01743,-0.03668,0.02036,0.01116
13.08,0.07633,0.01005,-0.01342,0.0534,-0.32918,-0.03157,-0.20834,0.03774,0.00703,0.28514,0.07128,0,0.24069,0.4199,0.53124,-0.42395,-0.47313,-0.63128,0.18595,-0.46374,-0.23083,0.18267,-0.20545,0.38354,-0.13939,0.34516,0.39665,0.03726,-0.01418,0.10659,-0.02053,0.00234,-0.00023,0.47881,-0.0091,-0.19414,0.01553,-0.03065,0.01089,0.00621
13.1,0.0778,0.01008,-0.01361,0.07363,-0.3461,-0.02713,-0.20184,0.03518,0.01991,0.24958,0.06753,0,0.1578,0.35222,0.39344,-0.35827,-0.53946,-0.55959,0.12975,-0.39136,-0.13259,0.16987,-0.13561,0.66256,-0.23178,0.29183,0.41471,0.03127,-0.01255,0.10529,-0.02411,0.00071,-0.00119,0.49832,0.0209,-0.07552,0.01368,-0.02238,-0.00127,-0.00011
13.12,0.07977,0.01005,-0.01379,0.09401,-0.36304,-0.02125,-0.19749,0.03237,0.03142,0.21825,0.06116,0,0.08272,0.2947,0.25927,-0.29633,-0.65363,-0.48529,0.05785,-0.31196,-0.05459,0.14832,-0.08009,0.81896,-0.28512,0.24234,0.43326,0.02147,-0.02116,0.1031,-0.02748,2e-05,-0.00167,0.51714,0.05332,0.05786,0.01217,-0.01294,-0.01499,-0.00718
13.14,0.0821,0.00997,-0.01398,0.11399,-0.37914,-0.01445,-0.19562,0.02974,0.04151,0.19113,0.05239,0,0.01464,0.24948,0.13159,-0.24214,-0.80836,-0.4162,-0.02542,-0.23405,0.00348,0.12272,-0.04054,0.8859,-0.30827,0.20274,0.45134,0.00889,-0.038,0.10036,-0.0306,0.00016,-0.00171,0.53458,0.08493,0.19296,0.01129,-0.00337,-0.02911,-0.01439
13.16,0.08465,0.00987,-0.01422,0.1332,-0.39381,-0.00711,-0.19629,0.02757,0.05028,0.16781,0.04152,0,-0.04763,0.21753,0.01176,-0.19827,-0.98993,-0.35667,-0.1161,-0.16366,0.04309,0.09647,-0.01754,0.8935,-0.30956,0.17709,0.46822,-0.00526,-0.05962,0.09742,-0.03348,0.00084,-0.00145,0.55017,0.11301,0.31875,0.01135,0.00546,-0.04263,-0.02118
13.18,0.08724,0.00979,-0.01457,0.15134,-0.40658,0.0005,-0.19922,0.02604,0.05792,0.14773,0.029,0,-0.10515,0.19881,-0.09966,-0.16596,-1.17658,-0.30763,-0.21017,-0.10473,0.06652,0.0718,-0.01079,0.8662,-0.29619,0.16747,0.48333,-0.01953,-0.08094,0.09463,-0.03621,0.00161,-0.00113,0.56353,0.1352,0.42577,0.01268,0.01286,-0.05459,-0.02711
13.2,0.08963,0.00974,-0.01503,0.16802,-0.41704,0.00814,-0.20385,0.02521,0.0646,0.13034,0.01549,0,-0.15838,0.19259,-0.20192,-0.14556,-1.33888,-0.26737,-0.30289,-0.05965,0.07648,0.05006,-0.01932,0.82266,-0.27412,0.17426,0.49613,-0.03216,-0.09551,0.09237,-0.03885,0.00182,-0.00106,0.57427,0.14938,0.50532,0.01559,0.01822,-0.06407,-0.0317
13.22,0.09155,0.00974,-0.01564,0.1828,-0.42482,0.01562,-0.20945,0.02509,0.07047,0.1151,0.00174,0,-0.20702,0.19755,-0.29385,-0.13669,-1.44564,-0.23268,-0.3892,-0.02945,0.07583,0.03186,-0.04157,0.77599,-0.2479,0.1963,0.5061,-0.04142,-0.09687,0.09099,-0.04147,0.00085,-0.00157,0.58196,0.15385,0.55019,0.02036,0.02109,-0.07022,-0.03458
13.24,0.09275,0.00981,-0.01641,0.19532,-0.42967,0.02278,-0.21528,0.02563,0.07559,0.10148,-0.01164,0,-0.25017,0.21167,-0.37413,-0.13822,-1.47354,-0.20021,-0.46458,-0.01365,0.06739,0.01736,-0.0753,0.73424,-0.22052,0.23098,0.51281,-0.0461,-0.08065,0.09067,-0.0441,-0.00174,-0.00287,0.58626,0.14778,0.55638,0.0271,0.02125,-0.07252,-0.03552
13.26,0.09307,0.00994,-0.01736,0.20543,-0.43149,0.02951,-0.22064,0.0268,0.07992,0.08883,-0.02433,0,-0.28632,0.23212,-0.44126,-0.1482,-1.41389,-0.16747,-0.52546,-0.01014,0.05392,0.00636,-0.11734,0.70092,-0.19337,0.27406,0.51594,-0.04585,-0.04621,0.09139,-0.04666,-0.00602,-0.00501,0.5869,0.13154,0.52448,0.03572,0.01878,-0.07095,-0.03452
13.28,0.09238,0.01012,-0.01851,0.21306,-0.43035,0.03568,-0.22491,0.02851,0.08328,0.07656,-0.03615,0,-0.31302,0.25504,-0.49299,-0.16381,-1.27443,-0.13335,-0.56879,-0.01525,0.03823,-0.00151,-0.16327,0.67542,-0.16646,0.3194,0.51527,-0.04124,0.00283,0.09289,-0.04898,-0.01164,-0.00781,0.58373,0.10694,0.46002,0.04579,0.01411,-0.06598,-0.03184
13.3,0.09061,0.0103,-0.01986,0.21816,-0.4264,0.04109,-0.22747,0.03068,0.08533,0.0642,-0.04704,0,-0.32681,0.27567,-0.526,-0.18148,-1.07768,-0.09821,-0.59166,-0.02403,0.02312,-0.0067,-0.2074,0.6537,-0.13876,0.35904,0.51065,-0.03366,0.05886,0.09468,-0.0508,-0.01784,-0.0109,0.57669,0.0771,0.37299,0.05656,0.00798,-0.05853,-0.02796
13.32,0.08774,0.01044,-0.0214,0.22062,-0.41985,0.04551,-0.2278,0.03319,0.08572,0.05143,-0.05698,0,-0.32399,0.28916,-0.53681,-0.19739,-0.85385,-0.06318,-0.5917,-0.03118,0.01116,-0.00969,-0.24377,0.62998,-0.10879,0.38472,0.50195,-0.02492,0.11225,0.09614,-0.05176,-0.02366,-0.01379,0.56573,0.04575,0.27555,0.06711,0.00127,-0.04977,-0.02346
13.34,0.08377,0.0105,-0.02313,0.2203,-0.41087,0.04877,-0.22551,0.03594,0.08429,0.03799,-0.06601,0,-0.302,0.29189,-0.52346,-0.20832,-0.63056,-0.02913,-0.56805,-0.03237,0.00425,-0.01093,-0.2678,0.59901,-0.0753,0.39037,0.48911,-0.01669,0.15436,0.09669,-0.05161,-0.02819,-0.01603,0.5508,0.0162,0.17852,0.07664,-0.00529,-0.04071,-0.01886
13.36,0.07869,0.01044,-0.02507,0.217,-0.39954,0.0508,-0.22052,0.03883,0.08122,0.02373,-0.07425,0,-0.2605,0.28235,-0.48684,-0.21221,-0.42661,0.00398,-0.52217,-0.02511,0.00325,-0.01085,-0.2774,0.55775,-0.03792,0.37382,0.47218,-0.01012,0.17937,0.09585,-0.05018,-0.03081,-0.01729,0.53188,-0.00926,0.08942,0.08457,-0.0112,-0.03209,-0.01453
13.38,0.07259,0.01025,-0.02726,0.21047,-0.38596,0.05164,-0.21301,0.04172,0.07709,0.00872,-0.08182,0,-0.20188,0.26142,-0.43119,-0.20822,-0.25194,0.03703,-0.45835,-0.00903,0.00803,-0.00984,-0.27313,0.50608,0.00247,0.3373,0.45148,-0.00585,0.18461,0.09329,-0.04748,-0.03115,-0.0174,0.50913,-0.02939,0.0126,0.09056,-0.01625,-0.02434,-0.01067
13.4,0.06562,0.00992,-0.02969,0.20045,-0.37031,0.05138,-0.2035,0.04444,0.07287,-0.0067,-0.08876,0,-0.13114,0.23214,-0.36386,-0.19654,-0.1098,0.07143,-0.38355,0.01432,0.0175,-0.00825,-0.2578,0.4468,0.04367,0.287,0.42764,-0.00402,0.17011,0.08883,-0.04365,-0.02912,-0.01629,0.48297,-0.04366,-0.04991,0.09445,-0.02044,-0.01766,-0.00739
13.42,0.05798,0.00945,-0.03237,0.18674,-0.3528,0.05016,-0.19269,0.04683,0.06968,-0.02201,-0.09503,0,-0.05456,0.19859,-0.29364,-0.17803,0.00116,0.10892,-0.30595,0.04228,0.03009,-0.00636,-0.23549,0.38464,0.08307,0.23128,0.40148,-0.00444,0.13795,0.08241,-0.03894,-0.02479,-0.014,0.45397,-0.05217,-0.09796,0.09621,-0.0239,-0.01208,-0.00469
13.44,0.04987,0.00885,-0.03529,0.16923,-0.33364,0.04818,-0.18125,0.04874,0.06855,-0.03669,-0.10054,0,0.02239,0.16432,-0.22828,-0.15355,0.08497,0.15146,-0.23263,0.07229,0.04427,-0.0044,-0.21022,0.32463,0.11916,0.17808,0.37372,-0.00663,0.09167,0.07407,-0.03359,-0.01842,-0.01066,0.42266,-0.05554,-0.1332,0.09602,-0.02688,-0.00749,-0.00249
13.46,0.04142,0.00814,-0.03846,0.14806,-0.313,0.04567,-0.1698,0.0501,0.07019,-0.05033,-0.10515,0,0.09626,0.13141,-0.17289,-0.12374,0.14684,0.20099,-0.16821,0.10257,0.05885,-0.00249,-0.18508,0.27126,0.15238,0.13331,0.34492,-0.00987,0.03592,0.064,-0.02787,-0.0104,-0.00647,0.38945,-0.05491,-0.15885,0.09429,-0.02971,-0.00363,-0.00064
13.48,0.0328,0.00737,-0.04184,0.12379,-0.29122,0.04291,-0.15887,0.05089,0.07495,-0.06256,-0.10861,0,0.16531,0.10044,-0.13008,-0.08912,0.19224,0.25904,-0.11503,0.13207,0.07298,-0.00071,-0.16228,0.22857,0.18517,0.10076,0.31565,-0.01322,-0.02319,0.05259,-0.02201,-0.00131,-0.00174,0.35491,-0.05186,-0.17945,0.09167,-0.03276,-0.00014,0.00105
13.5,0.02425,0.00659,-0.04537,0.0975,-0.26887,0.04024,-0.14908,0.05114,0.08279,-0.07293,-0.11062,0,0.22885,0.07092,-0.10048,-0.0503,0.22613,0.32613,-0.07379,0.16023,0.08605,0.00092,-0.14329,0.20058,0.22131,0.08261,0.28669,-0.01555,-0.07804,0.04051,-0.01634,0.00802,0.00309,0.31993,-0.04834,-0.20036,0.08903,-0.03638,0.00338,0.00282
13.52,0.01604,0.00587,-0.04896,0.07066,-0.24678,0.03801,-0.14096,0.05091,0.09337,-0.08094,-0.11092,0,0.28658,0.04189,-0.08317,-0.00821,0.25238,0.40096,-0.04399,0.18673,0.09756,0.00239,-0.12891,0.19092,0.26451,0.0796,0.25898,-0.01571,-0.12084,0.02852,-0.01117,0.01668,0.00755,0.28571,-0.04628,-0.22656,0.08725,-0.04088,0.00727,0.00488
13.54,0.00842,0.00525,-0.05251,0.0449,-0.22582,0.03645,-0.13485,0.05034,0.106,-0.08621,-0.10965,0,0.33813,0.01259,-0.07598,0.03587,0.2731,0.47928,-0.02419,0.21133,0.10709,0.00372,-0.11914,0.20203,0.31654,0.09116,0.23342,-0.01288,-0.14588,0.01738,-0.0068,0.02389,0.01121,0.25345,-0.04697,-0.26114,0.08693,-0.04635,0.01172,0.00732
13.56,0.00154,0.00479,-0.05602,0.02184,-0.20683,0.03564,-0.13073,0.04958,0.11967,-0.0885,-0.10748,0,0.38264,-0.01692,-0.07567,0.08001,0.28818,0.55296,-0.01224,0.23372,0.11427,0.0049,-0.11322,0.23452,0.37576,0.11536,0.21083,-0.00679,-0.15096,0.00766,-0.00338,0.02916,0.01383,0.22434,-0.05072,-0.30407,0.08824,-0.05262,0.0167,0.01013
13.58,-0.00446,0.00449,-0.05945,0.00333,-0.19083,0.0355,-0.12827,0.04886,0.13287,-0.08775,-0.10568,0,0.41815,-0.04537,-0.07802,0.12131,0.29504,0.60907,-0.00548,0.25327,0.11871,0.00589,-0.10957,0.28682,0.43628,0.14878,0.19208,0.00216,-0.13775,-0.00018,-0.00102,0.03223,0.01527,0.1997,-0.05666,-0.35164,0.0908,-0.05914,0.02183,0.01308
13.6,-0.00943,0.00435,-0.06279,-0.00854,-0.17904,0.03581,-0.12692,0.04847,0.14368,-0.08399,-0.10606,0,0.44162,-0.07035,-0.07802,0.15573,0.28892,0.6304,-0.00093,0.26893,0.1199,0.00666,-0.10607,0.35517,0.4882,0.18659,0.17823,0.01299,-0.11116,-0.0057,0.00022,0.03305,0.01554,0.18119,-0.06293,-0.39657,0.09378,-0.06507,0.02645,0.01577
13.62,-0.01319,0.00438,-0.06602,-0.01175,-0.17277,0.03627,-0.12601,0.04868,0.15007,-0.07736,-0.11048,0,0.44996,-0.08909,-0.07072,0.17901,0.26455,0.5995,0.00432,0.27959,0.11739,0.00712,-0.10043,0.43413,0.5202,0.22333,0.17045,0.0244,-0.07777,-0.00853,0.00033,0.03172,0.0147,0.17056,-0.06715,-0.42987,0.09619,-0.06939,0.02976,0.01772
13.64,-0.0156,0.00456,-0.06913,-0.00506,-0.17303,0.03666,-0.12499,0.04967,0.15062,-0.06807,-0.12012,0,0.44181,-0.09988,-0.0523,0.18815,0.2187,0.50504,0.01265,0.28468,0.11091,0.00722,-0.09091,0.51736,0.52354,0.25428,0.16965,0.03525,-0.04354,-0.00843,-0.00065,0.02841,0.01286,0.16915,-0.06719,-0.44367,0.09719,-0.07128,0.03103,0.01853
13.66,-0.01656,0.00485,-0.07216,0.0115,-0.1803,0.03687,-0.12355,0.05148,0.14489,-0.05641,-0.13505,0,0.41889,-0.10298,-0.02099,0.18245,0.15212,0.34664,0.02547,0.2846,0.10052,0.00695,-0.07673,0.59794,0.49488,0.27618,0.17626,0.04482,-0.01232,-0.00538,-0.00262,0.02338,0.01018,0.17748,-0.06173,-0.43317,0.09643,-0.07035,0.0298,0.01792
13.68,-0.01601,0.00523,-0.07513,0.03638,-0.19438,0.03694,-0.12167,0.05398,0.13362,-0.04284,-0.15393,0,0.38646,-0.1008,0.02253,0.16381,0.0705,0.13716,0.04315,0.2808,0.08679,0.00633,-0.05829,0.66775,0.43711,0.28728,0.19014,0.05281,0.01419,0.00041,-0.00542,0.01699,0.00688,0.19516,-0.05039,-0.39714,0.09406,-0.06664,0.02593,0.01584
13.7,-0.01393,0.00566,-0.07808,0.06665,-0.21448,0.03704,-0.1196,0.05688,0.11856,-0.02805,-0.17412,0,0.35283,-0.09755,0.07514,0.13635,-0.01578,-0.09806,0.06491,0.27561,0.07071,0.00545,-0.03717,0.71737,0.3588,0.28706,0.21063,0.05924,0.03608,0.00847,-0.00876,0.00971,0.0032,0.22096,-0.03368,-0.33763,0.09072,-0.06065,0.01956,0.0124
13.72,-0.01033,0.00607,-0.08101,0.0987,-0.23939,0.03738,-0.11778,0.05979,0.10201,-0.01281,-0.1924,0,0.32714,-0.09777,0.13187,0.1052,-0.09435,-0.3274,0.08903,0.27168,0.05356,0.00438,-0.01562,0.73784,0.27154,0.27595,0.2367,0.06429,0.05436,0.01821,-0.01236,0.00207,-0.00055,0.25312,-0.01277,-0.25921,0.08726,-0.05311,0.01107,0.00784
13.74,-0.00526,0.00642,-0.08394,0.12935,-0.26785,0.03813,-0.11672,0.06239,0.08598,0.00224,-0.206,0,0.31593,-0.10434,0.187,0.07479,-0.15493,-0.52278,0.11314,0.27114,0.03653,0.00323,0.00423,0.72369,0.18614,0.25514,0.26724,0.06819,0.07003,0.029,-0.01594,-0.00542,-0.00412,0.2899,0.01089,-0.1677,0.08449,-0.04479,0.00096,0.00247
13.76,0.00117,0.00668,-0.08691,0.15655,-0.29868,0.03934,-0.11687,0.06449,0.07178,0.01676,-0.21338,0,0.32085,-0.11709,0.23454,0.04771,-0.19204,-0.66565,0.13439,0.27501,0.02053,0.00208,0.02081,0.67523,0.11028,0.2265,0.30113,0.07107,0.08332,0.04023,-0.01925,-0.01236,-0.00731,0.32977,0.03574,-0.06974,0.08293,-0.0364,-0.01012,-0.00335
13.78,0.00873,0.00682,-0.08996,0.17929,-0.33057,0.04093,-0.11866,0.06604,0.05997,0.03057,-0.21424,0,0.33809,-0.13231,0.268,0.02467,-0.2053,-0.74739,0.14926,0.28306,0.00629,0.00101,0.03309,0.59934,0.04852,0.19274,0.33702,0.07295,0.09344,0.05126,-0.02211,-0.01838,-0.00997,0.37119,0.05998,0.02658,0.0828,-0.02858,-0.02134,-0.00918
13.8,0.01704,0.00682,-0.0931,0.19734,-0.36187,0.04266,-0.12243,0.06709,0.05055,0.04357,-0.2094,0,0.35909,-0.14325,0.28038,0.00485,-0.19863,-0.7674,0.15362,0.29394,-0.00552,0.0001,0.04044,0.50886,0.00303,0.15747,0.37312,0.0737,0.09855,0.06131,-0.02431,-0.0231,-0.01196,0.41233,0.08144,0.11148,0.08401,-0.02194,-0.03164,-0.01448
13.82,0.02564,0.00666,-0.09633,0.21093,-0.39085,0.04423,-0.12841,0.06773,0.0432,0.05565,-0.20029,0,0.37334,-0.14214,0.26549,-0.01344,-0.17837,-0.73088,0.14365,0.30563,-0.01428,-0.00058,0.04259,0.41919,-0.02581,0.12456,0.40743,0.07314,0.09628,0.06958,-0.02568,-0.02619,-0.01316,0.45126,0.098,0.17508,0.08632,-0.01705,-0.03989,-0.01867
13.84,0.03407,0.00635,-0.0997,0.22052,-0.41601,0.04537,-0.13661,0.06805,0.03749,0.06673,-0.1883,0,0.37239,-0.12326,0.22026,-0.03202,-0.151,-0.64661,0.11723,0.3162,-0.01952,-0.00097,0.03969,0.34326,-0.03914,0.09709,0.43822,0.07114,0.08451,0.07538,-0.02609,-0.0274,-0.0135,0.48623,0.10822,0.21026,0.08943,-0.01425,-0.04528,-0.02136
13.86,0.04194,0.00587,-0.10329,0.22659,-0.43633,0.0459,-0.14673,0.06805,0.03315,0.07669,-0.17444,0,0.35269,-0.08511,0.14657,-0.05224,-0.12159,-0.52584,0.07505,0.32426,-0.02094,-0.00107,0.03232,0.28831,-0.03929,0.07675,0.46423,0.06775,0.06198,0.07825,-0.02548,-0.02666,-0.01297,0.51591,0.11179,0.2146,0.09305,-0.0136,-0.04744,-0.02238
13.88,0.04886,0.00524,-0.1072,0.22952,-0.45111,0.04575,-0.15804,0.06763,0.03006,0.0853,-0.15934,0,0.31635,-0.03125,0.05219,-0.0747,-0.09365,-0.38276,0.02116,0.32904,-0.01841,-0.00088,0.02159,0.25553,-0.02976,0.06379,0.48454,0.06324,0.02857,0.07795,-0.02385,-0.02408,-0.01162,0.53914,0.10961,0.19075,0.09689,-0.01482,-0.04654,-0.02184
13.9,0.05439,0.00449,-0.11154,0.22955,-0.45984,0.04492,-0.16941,0.06665,0.02834,0.09213,-0.14333,0,0.27057,0.03017,-0.04966,-0.09915,-0.06943,-0.2346,-0.0372,0.33019,-0.01197,-0.00046,0.00908,0.24111,-0.01494,0.05743,0.49832,0.05807,-0.01465,0.07439,-0.02128,-0.01991,-0.00955,0.55471,0.10356,0.14568,0.10069,-0.0174,-0.0432,-0.02007
13.92,0.05808,0.00366,-0.1164,0.2268,-0.46208,0.0435,-0.17948,0.06489,0.02822,0.09671,-0.12655,0,0.22507,0.08878,-0.14351,-0.1247,-0.05021,-0.0992,-0.09147,0.32753,-0.00181,0.00013,-0.00343,0.23837,0.00052,0.05626,0.50482,0.05291,-0.06554,0.06763,-0.01789,-0.01456,-0.00692,0.56139,0.09607,0.08867,0.10417,-0.02068,-0.03824,-0.0175
13.94,0.05954,0.00277,-0.12191,0.22134,-0.45753,0.04158,-0.187,0.06216,0.02991,0.09863,-0.10901,0,0.18825,0.13567,-0.21664,-0.15024,-0.03661,0.0093,-0.1345,0.3207,0.01166,0.00081,-0.01436,0.24049,0.01259,0.05889,0.50343,0.0485,-0.12132,0.0578,-0.01381,-0.00844,-0.00391,0.55816,0.0894,0.02835,0.10711,-0.02405,-0.03248,-0.01458
13.96,0.05853,0.00188,-0.1282,0.21334,-0.44605,0.03929,-0.19111,0.05831,0.03344,0.09774,-0.0907,0,0.1647,0.16573,-0.26232,-0.17461,-0.02885,0.08294,-0.16234,0.30892,0.02769,0.00149,-0.02258,0.24234,0.01843,0.06434,0.49381,0.04569,-0.17853,0.04517,-0.00921,-0.00203,-0.00073,0.54437,0.0852,-0.02905,0.10939,-0.02706,-0.02654,-0.01161
13.98,0.05491,0.00101,-0.13538,0.20304,-0.42777,0.03679,-0.19129,0.05332,0.03867,0.09411,-0.07171,0,0.15482,0.178,-0.28025,-0.19648,-0.02683,0.12,-0.17451,0.29104,0.04509,0.00207,-0.02745,0.241,0.01652,0.07207,0.4759,0.04535,-0.23266,0.03019,-0.00425,0.00413,0.00236,0.51993,0.08444,-0.07971,0.11095,-0.02944,-0.02086,-0.00882
14,0.04869,0.00023,-0.14347,0.1909,-0.4031,0.03426,-0.18733,0.04725,0.04519,0.08806,-0.0524,0,0.15538,0.17498,-0.27544,-0.21418,-0.03029,0.12382,-0.17335,0.26566,0.06217,0.00244,-0.02867,0.23546,0.00647,0.08194,0.44998,0.04846,-0.27798,0.01357,0.00081,0.00941,0.00506,0.48524,0.08751,-0.12171,0.11173,-0.03105,-0.01576,-0.00633
14.02,0.03995,-0.00043,-0.15246,0.17759,-0.37258,0.03191,-0.17918,0.04027,0.05243,0.07998,-0.03322,0,0.16099,0.16113,-0.25593,-0.22592,-0.03876,0.1009,-0.16281,0.23145,0.07703,0.00249,-0.02624,0.22578,-0.01143,0.0939,0.41642,0.05589,-0.30865,-0.00389,0.00573,0.01316,0.00703,0.44113,0.09432,-0.15455,0.11156,-0.03186,-0.01141,-0.00422
14.04,0.02873,-0.00097,-0.1623,0.164,-0.33668,0.02996,-0.16681,0.03258,0.05963,0.07021,-0.01449,0,0.16612,0.14093,-0.22982,-0.23012,-0.05156,0.05875,-0.14695,0.18757,0.08803,0.00212,-0.02035,0.21192,-0.03676,0.10773,0.37544,0.06815,-0.32059,-0.02155,0.01035,0.01491,0.00803,0.38859,0.10455,-0.17895,0.1099,-0.03189,-0.00789,-0.00251
14.06,0.01503,-0.00144,-0.17299,0.15132,-0.29574,0.02857,-0.15021,0.02443,0.06583,0.05893,0.00372,0,0.16635,0.11764,-0.20325,-0.22573,-0.06771,0.00456,-0.1289,0.13414,0.0941,0.00126,-0.01142,0.19292,-0.06917,0.12269,0.32708,0.08516,-0.31284,-0.03902,0.01468,0.01446,0.00797,0.32884,0.11768,-0.19657,0.10572,-0.03124,-0.00518,-0.00116
14.08,-0.00106,-0.00195,-0.1844,0.14116,-0.25028,0.02791,-0.12943,0.01617,0.06987,0.04621,0.02146,0,0.15875,0.09315,-0.18013,-0.21228,-0.08578,-0.05474,-0.11073,0.07276,0.09474,-0.00015,-0.00011,0.16684,-0.10832,0.13736,0.2715,0.10608,-0.28782,-0.05613,0.01887,0.0119,0.0069,0.26373,0.13294,-0.20981,0.09752,-0.03005,-0.00318,-0.00014
14.1,-0.01936,-0.00266,-0.19631,0.13547,-0.20124,0.0281,-0.10472,0.00828,0.07039,0.03214,0.0388,0,0.14177,0.06821,-0.16244,-0.18987,-0.1039,-0.11227,-0.09367,0.0066,0.08999,-0.00208,0.01266,0.13098,-0.15367,0.14966,0.20932,0.12931,-0.25101,-0.07273,0.02314,0.00759,0.00499,0.19613,0.14926,-0.22153,0.08333,-0.02853,-0.00174,0.00062
14.12,-0.03949,-0.00374,-0.20837,0.13603,-0.14973,0.02921,-0.07659,0.00123,0.06617,0.01681,0.0557,0,0.11499,0.04289,-0.1508,-0.15905,-0.11998,-0.16172,-0.07824,-0.06026,0.08034,-0.00448,0.02593,0.08219,-0.20477,0.15726,0.14142,0.15291,-0.20947,-0.08868,0.02775,0.00209,0.00252,0.12949,0.16546,-0.2348,0.06074,-0.02694,-0.00063,0.00122
14.14,-0.06102,-0.00533,-0.22033,0.14358,-0.09652,0.03116,-0.04569,-0.00467,0.05677,0.00037,0.07208,0,0.07877,0.01704,-0.14497,-0.12073,-0.13219,-0.19837,-0.06449,-0.12419,0.06682,-0.00715,0.03905,0.01728,-0.26169,0.15833,0.06858,0.17527,-0.16979,-0.10388,0.03289,-0.00401,-0.00021,0.06712,0.18057,-0.25246,0.02693,-0.02563,0.00041,0.00179
14.16,-0.08343,-0.00751,-0.23202,0.15711,-0.04189,0.03365,-0.01301,-0.00949,0.04285,-0.01692,0.08773,0,0.03423,-0.00926,-0.14432,-0.07624,-0.13927,-0.21973,-0.05214,-0.18273,0.05103,-0.00978,0.05186,-0.06644,-0.32521,0.15202,-0.00858,0.19557,-0.13687,-0.11828,0.03866,-0.01015,-0.00293,0.01178,0.194,-0.27683,-0.02113,-0.02508,0.00173,0.0025
14.18,-0.10587,-0.01025,-0.24331,0.1737,0.01401,0.03614,0.01996,-0.01359,0.02648,-0.03458,0.10222,0,-0.01652,-0.03543,-0.14791,-0.02766,-0.14051,-0.22543,-0.04071,-0.23423,0.03529,-0.01187,0.06464,-0.17045,-0.39638,0.13862,-0.08902,0.21363,-0.11377,-0.13174,0.04499,-0.01572,-0.00533,-0.0339,0.20546,-0.3095,-0.08635,-0.02586,0.00378,0.0036
14.2,-0.12715,-0.01344,-0.25403,0.18866,0.0708,0.03784,0.05101,-0.01757,0.01094,-0.05178,0.11476,0,-0.07025,-0.06028,-0.1546,0.022,-0.13566,-0.21686,-0.02971,-0.27753,0.02262,-0.01276,0.07802,-0.29444,-0.47598,0.11947,-0.17085,0.2298,-0.10215,-0.14392,0.05159,-0.02011,-0.00714,-0.0671,0.21486,-0.35102,-0.17121,-0.02862,0.007,0.00534
14.22,-0.14589,-0.0169,-0.26393,0.19668,0.12796,0.03785,0.07767,-0.02204,-3e-05,-0.06761,0.1244,0,-0.12335,-0.08238,-0.16318,0.06921,-0.12484,-0.19645,-0.01868,-0.31197,0.01628,-0.0115,0.09274,-0.43615,-0.5642,0.09642,-0.25183,0.24471,-0.10249,-0.15429,0.05811,-0.02273,-0.00809,-0.08482,0.22234,-0.40051,-0.27776,-0.03401,0.01177,0.00795
14.24,-0.16106,-0.02045,-0.27282,0.19353,0.18522,0.03533,0.09794,-0.02734,-0.00346,-0.08143,0.1303,0,-0.17321,-0.10076,-0.17267,0.11083,-0.10848,-0.16683,-0.00734,-0.338,0.01898,-0.00692,0.10956,-0.59152,-0.66051,0.07108,-0.33042,0.25916,-0.11436,-0.16224,0.06423,-0.02321,-0.008,-0.08443,0.22828,-0.45522,-0.40778,-0.04246,0.01821,0.01152
14.26,-0.17219,-0.02397,-0.28053,0.17725,0.24268,0.02963,0.11076,-0.03335,0.002,-0.09309,0.13194,0,-0.2189,-0.11534,-0.18242,0.14453,-0.08735,-0.13033,0.00427,-0.35738,0.03233,0.00248,0.12904,-0.75414,-0.76313,0.04446,-0.40632,0.27399,-0.13646,-0.16709,0.06979,-0.02145,-0.00684,-0.06402,0.23341,-0.50994,-0.56239,-0.05401,0.02605,0.01592
14.28,-0.17935,-0.02731,-0.28686,0.14855,0.3004,0.02036,0.116,-0.03934,0.01586,-0.10293,0.12915,0,-0.26105,-0.1269,-0.19208,0.16866,-0.06272,-0.08915,0.01572,-0.37315,0.05666,0.01838,0.15138,-0.91399,-0.86819,0.01699,-0.47995,0.28988,-0.16655,-0.16807,0.07474,-0.01772,-0.00477,-0.02256,0.23872,-0.55642,-0.74084,-0.06823,0.03453,0.02075
14.3,-0.18306,-0.03036,-0.29156,0.11058,0.35794,0.00745,0.1143,-0.04408,0.03596,-0.1116,0.12204,0,-0.30132,-0.13689,-0.20152,0.18191,-0.03637,-0.04552,0.02615,-0.38928,0.091,0.04266,0.17629,-1.05679,-0.9692,-0.01119,-0.55182,0.30729,-0.20137,-0.1643,0.07911,-0.01258,-0.00205,0.03996,0.24533,-0.5836,-0.93952,-0.08417,0.04243,0.02536
14.32,-0.18403,-0.03298,-0.29432,0.06778,0.41445,-0.00892,0.1068,-0.04609,0.0593,-0.1199,0.11097,0,-0.34194,-0.14714,-0.21082,0.18331,-0.01034,-0.00155,0.03452,-0.4102,0.13359,0.07722,0.20302,-1.16626,-1.05776,-0.04022,-0.62225,0.32636,-0.23713,-0.15497,0.08291,-0.00675,0.00093,0.12241,0.25396,-0.5797,-1.15192,-0.10047,0.04828,0.02896
14.34,-0.18306,-0.03503,-0.29483,0.02421,0.46898,-0.02827,0.09492,-0.0442,0.0831,-0.12856,0.09648,0,-0.38516,-0.15953,-0.22028,0.17232,0.01366,0.04124,0.04009,-0.44021,0.18246,0.12396,0.23056,-1.22831,-1.12523,-0.07044,-0.69129,0.34692,-0.27023,-0.13957,0.08608,-0.0009,0.00384,0.22241,0.26428,-0.53577,-1.36934,-0.11569,0.05081,0.03083
14.36,-0.18082,-0.03642,-0.29286,-0.01746,0.5205,-0.04976,0.08028,-0.03789,0.10552,-0.1381,0.07931,0,-0.4328,-0.1757,-0.23042,0.14898,0.03455,0.08211,0.0427,-0.48288,0.23569,0.18442,0.25764,-1.23376,-1.16363,-0.10231,-0.75846,0.36841,-0.2976,-0.11819,0.08847,0.00447,0.00644,0.33577,0.27434,-0.44829,-1.5806,-0.12842,0.04921,0.03051
14.38,-0.17795,-0.03705,-0.28828,-0.05591,0.56759,-0.07206,0.0647,-0.02744,0.12569,-0.1487,0.06054,0,-0.48576,-0.19689,-0.24187,0.1141,0.05175,0.12078,0.04283,-0.54068,0.29111,0.25937,0.28251,-1.17879,-1.16548,-0.13613,-0.82218,0.38969,-0.31662,-0.09169,0.08974,0.00901,0.00856,0.45558,0.28037,-0.3204,-1.77034,-0.13717,0.04316,0.02775
14.4,-0.17496,-0.03684,-0.28102,-0.09073,0.60807,-0.09326,0.05029,-0.01382,0.14339,-0.16017,0.04161,0,-0.54381,-0.22383,-0.2553,0.06929,0.06508,0.15712,0.04146,-0.6147,0.34606,0.34838,0.30285,-1.06467,-1.12366,-0.17189,-0.87946,0.40899,-0.32497,-0.06174,0.08942,0.01252,0.0101,0.57187,0.27704,-0.16161,-1.91838,-0.1404,0.03285,0.02257
14.42,-0.1723,-0.03572,-0.27111,-0.12211,0.63951,-0.11134,0.03917,0.0017,0.15882,-0.17215,0.02408,0,-0.60604,-0.2568,-0.27132,0.01662,0.07467,0.19109,0.03985,-0.70467,0.39803,0.44974,0.31623,-0.89764,-1.03243,-0.20937,-0.92665,0.42426,-0.32117,-0.03048,0.08702,0.01491,0.01104,0.67342,0.25864,0.01508,-2.00332,-0.13691,0.01876,0.01513
14.44,-0.17028,-0.03372,-0.2586,-0.1506,0.66013,-0.12486,0.03296,0.01807,0.17226,-0.18437,0.00915,0,-0.67171,-0.29574,-0.2904,-0.04204,0.08116,0.22278,0.0391,-0.80912,0.44576,0.56062,0.32085,-0.68901,-0.88925,-0.24852,-0.96098,0.43383,-0.30542,0.00018,0.08222,0.01627,0.01142,0.75093,0.22092,0.19768,-2.00905,-0.12638,0.0015,0.00575
14.46,-0.1691,-0.03095,-0.24365,-0.17682,0.66941,-0.13343,0.03252,0.03489,0.18382,-0.19685,-0.00258,0,-0.74063,-0.3402,-0.31269,-0.10514,0.08573,0.25243,0.03994,-0.92511,0.48998,0.67676,0.31608,-0.45608,-0.69666,-0.28955,-0.98143,0.4368,-0.28034,0.02884,0.07505,0.01686,0.01138,0.79899,0.16256,0.37766,-1.92937,-0.10997,-0.01833,-0.00521
14.48,-0.16884,-0.0277,-0.22657,-0.20121,0.66812,-0.13776,0.03784,0.05232,0.19328,-0.20983,-0.01114,0,-0.81275,-0.38899,-0.3379,-0.17109,0.09006,0.28015,0.04262,-1.0473,0.53315,0.79149,0.30264,-0.22409,-0.46405,-0.33272,-0.98886,0.43314,-0.25127,0.05451,0.06593,0.01717,0.01118,0.81613,0.08586,0.54916,-1.76948,-0.09044,-0.03996,-0.01718
14.5,-0.16947,-0.02437,-0.20796,-0.22382,0.65808,-0.13946,0.04817,0.0709,0.20005,-0.22365,-0.01699,0,-0.88766,-0.44,-0.36514,-0.23776,0.09628,0.30578,0.04697,-1.16765,0.5789,0.89545,0.28244,-0.02654,-0.20787,-0.37799,-0.98552,0.42356,-0.22596,0.07635,0.05571,0.0178,0.01112,0.80401,-0.00326,0.70763,-1.54512,-0.07206,-0.0624,-0.0294
14.52,-0.17093,-0.02145,-0.18856,-0.24448,0.64171,-0.14054,0.06235,0.09133,0.20328,-0.2387,-0.02081,0,-0.96479,-0.49064,-0.39323,-0.30247,0.10674,0.32912,0.05258,-1.2773,0.63106,0.97847,0.25817,0.09977,0.05238,-0.42525,-0.97445,0.4093,-0.2125,0.09369,0.04545,0.01937,0.01153,0.76606,-0.09692,0.84957,-1.27828,-0.05949,-0.08452,-0.04102
14.54,-0.17318,-0.01934,-0.169,-0.26307,0.62135,-0.14278,0.07918,0.11417,0.20212,-0.25542,-0.02328,0,-1.04381,-0.53866,-0.42119,-0.36216,0.12378,0.35046,0.05898,-1.36989,0.69241,1.03304,0.23267,0.12323,0.30085,-0.47467,-0.95856,0.3918,-0.21632,0.1061,0.03606,0.02224,0.01259,0.70592,-0.1878,0.97315,-0.99075,-0.0562,-0.10534,-0.05134
14.56,-0.17621,-0.01831,-0.14972,-0.27966,0.59897,-0.14728,0.09764,0.1396,0.1959,-0.27414,-0.02485,0,-1.1248,-0.58255,-0.44844,-0.41337,0.14944,0.37083,0.06582,-1.44362,0.76363,1.0565,0.20862,0.0234,0.52906,-0.52684,-0.94014,0.37261,-0.23807,0.11348,0.02812,0.02639,0.01431,0.62663,-0.27058,1.07821,-0.70087,-0.06334,-0.12416,-0.05994
14.58,-0.18006,-0.0185,-0.13111,-0.29444,0.57623,-0.15434,0.11686,0.16713,0.18425,-0.29499,-0.02571,0,-1.20763,-0.62137,-0.47469,-0.45185,0.18527,0.392,0.07283,-1.50113,0.84252,1.05136,0.18861,-0.20713,0.73512,-0.58241,-0.92086,0.35347,-0.2729,0.11599,0.0219,0.03131,0.01644,0.53096,-0.34168,1.16547,-0.42482,-0.07943,-0.14039,-0.06667
14.6,-0.18477,-0.0199,-0.1136,-0.30762,0.55458,-0.16345,0.13599,0.19553,0.16709,-0.31776,-0.02584,0,-1.29139,-0.6543,-0.49973,-0.47225,0.23212,0.41612,0.07976,-1.54843,0.92381,1.02457,0.1753,-0.56282,0.92124,-0.64155,-0.9019,0.33637,-0.31114,0.11396,0.01741,0.03607,0.01855,0.42184,-0.39858,1.2355,-0.17837,-0.10063,-0.15349,-0.07151
14.62,-0.19036,-0.02241,-0.09765,-0.31942,0.53512,-0.1736,0.15436,0.22309,0.14461,-0.34197,-0.02506,0,-1.37453,-0.6805,-0.52351,-0.46886,0.29008,0.44538,0.08634,-1.59324,1.00037,0.9857,0.17129,-1.02631,1.09129,-0.70343,-0.88389,0.32312,-0.34117,0.1078,0.01453,0.03961,0.02012,0.30221,-0.43987,1.28808,0.02461,-0.12184,-0.16291,-0.07454
14.64,-0.19683,-0.02587,-0.08359,-0.33031,0.51824,-0.18362,0.17181,0.24819,0.11729,-0.36704,-0.02327,0,-1.45544,-0.69917,-0.54637,-0.43685,0.35847,0.48146,0.0923,-1.64296,1.06521,0.94463,0.17876,-1.57015,1.2483,-0.76559,-0.86684,0.31473,-0.35359,0.098,0.01304,0.04113,0.02077,0.17436,-0.46563,1.32185,0.1759,-0.13836,-0.16825,-0.07588
14.66,-0.20408,-0.03006,-0.07154,-0.34103,0.5034,-0.19243,0.18883,0.26956,0.08596,-0.39231,-0.02057,0,-1.53254,-0.70949,-0.56915,-0.37338,0.4355,0.52506,0.09727,-1.70314,1.11271,0.9101,0.19919,-2.15582,1.39235,-0.82333,-0.85003,0.31095,-0.34413,0.08509,0.01265,0.04039,0.02037,0.04,-0.47782,1.33408,0.27517,-0.14688,-0.16934,-0.07566
14.68,-0.21189,-0.03469,-0.06148,-0.35257,0.48924,-0.19898,0.20651,0.28617,0.05204,-0.41688,-0.01734,0,-1.60377,-0.7105,-0.59303,-0.2782,0.5177,0.57548,0.10078,-1.77664,1.13853,0.88963,0.23314,-2.72917,1.51882,-0.86911,-0.83222,0.31019,-0.3144,0.06979,0.01308,0.03782,0.01913,-0.09877,-0.48011,1.32036,0.3296,-0.14575,-0.16622,-0.07398
14.7,-0.21984,-0.0394,-0.0534,-0.36604,0.47378,-0.20227,0.22629,0.29712,0.01769,-0.43945,-0.01416,0,-1.66601,-0.70109,-0.61931,-0.15379,0.59954,0.63034,0.10225,-1.86329,1.1393,0.88971,0.28032,-3.21964,1.618,-0.89272,-0.81176,0.30976,-0.27121,0.05302,0.01399,0.0344,0.0175,-0.23861,-0.47754,1.27486,0.35215,-0.13468,-0.15913,-0.07096
14.72,-0.22742,-0.04376,-0.04726,-0.38252,0.45482,-0.2014,0.24963,0.30167,-0.01456,-0.45857,-0.01172,0,-1.71522,-0.68023,-0.6493,-0.00422,0.67408,0.68587,0.10105,-1.96023,1.11309,0.91554,0.33994,-3.55354,1.67772,-0.88361,-0.78692,0.30654,-0.22392,0.03581,0.01509,0.03137,0.01606,-0.37551,-0.47538,1.19178,0.35863,-0.11422,-0.14838,-0.06666
14.74,-0.23412,-0.04742,-0.04295,-0.40294,0.43047,-0.1958,0.27765,0.29947,-0.04255,-0.47309,-0.01063,0,-1.74705,-0.64748,-0.68419,0.16652,0.73437,0.73742,0.09671,-2.06246,1.06053,0.97036,0.41138,-3.67652,1.68795,-0.83467,-0.75613,0.29795,-0.18075,0.01912,0.0161,0.0298,0.01532,-0.50623,-0.47773,1.0678,0.36397,-0.08511,-0.1343,-0.06117
14.76,-0.23951,-0.05012,-0.04029,-0.42784,0.39957,-0.18538,0.31071,0.29077,-0.06484,-0.48241,-0.01121,0,-1.75721,-0.60349,-0.72486,0.35511,0.77417,0.77961,0.08906,-2.16303,0.98577,1.05478,0.49434,-3.56906,1.64412,-0.74516,-0.71837,0.28265,-0.14635,0.00376,0.01682,0.03028,0.01554,-0.62891,-0.4864,0.90413,0.37978,-0.04794,-0.1172,-0.05457
14.78,-0.24321,-0.05172,-0.03902,-0.45723,0.36204,-0.17066,0.34809,0.27648,-0.0806,-0.48648,-0.01351,0,-1.74141,-0.55034,-0.77155,0.55766,0.78779,0.80609,0.07829,-2.2522,0.89722,1.16601,0.5883,-3.25056,1.54812,-0.62192,-0.67349,0.2608,-0.12137,-0.00954,0.0171,0.03283,0.01674,-0.74221,-0.50067,0.70828,0.41352,-0.00328,-0.0975,-0.047
14.8,-0.24485,-0.05214,-0.03886,-0.49036,0.31897,-0.15275,0.38789,0.25812,-0.08948,-0.48566,-0.01731,0,-1.69515,-0.4918,-0.82363,0.76855,0.76985,0.80941,0.06501,-2.31696,0.80757,1.29768,0.69195,-2.77476,1.40759,-0.47895,-0.62236,0.23401,-0.10325,-0.01998,0.01682,0.03701,0.01867,-0.84439,-0.5175,0.49425,0.46863,0.04803,-0.0758,-0.03869
14.82,-0.24407,-0.05136,-0.03953,-0.52592,0.27219,-0.13303,0.42752,0.23751,-0.09148,-0.48053,-0.02221,0,-1.61346,-0.43281,-0.87977,0.98102,0.71588,0.78211,0.05001,-2.34184,0.73219,1.44089,0.80301,-2.21288,1.23304,-0.33367,-0.56652,0.20472,-0.0877,-0.02682,0.01594,0.04206,0.02098,-0.93309,-0.53251,0.27948,0.54497,0.10465,-0.05288,-0.02995
14.84,-0.24057,-0.04936,-0.04076,-0.56221,0.2235,-0.11276,0.46458,0.21622,-0.08705,-0.47169,-0.02775,0,-1.49077,-0.37869,-0.93844,1.189,0.62345,0.71855,0.03401,-2.31074,0.68625,1.58617,0.91845,-1.62919,1.03356,-0.20115,-0.50748,0.17518,-0.07069,-0.02953,0.01442,0.04723,0.02329,-1.00579,-0.54154,0.07976,0.63948,0.16468,-0.02946,-0.02105
14.86,-0.23417,-0.04617,-0.04235,-0.59729,0.17439,-0.09277,0.49731,0.19528,-0.07717,-0.45967,-0.03348,0,-1.32136,-0.3347,-0.99803,1.38756,0.49344,0.61647,0.01755,-2.2084,0.68299,1.72423,1.03419,-1.06647,0.81465,-0.09061,-0.44647,0.14697,-0.04987,-0.02794,0.0123,0.05192,0.02532,-1.05988,-0.5416,-0.09371,0.74623,0.22537,-0.00624,-0.0122
14.88,-0.22484,-0.04186,-0.04411,-0.62863,0.12628,-0.07361,0.52446,0.17527,-0.06337,-0.44496,-0.03888,0,-1.1005,-0.30636,-1.05637,1.5716,0.33113,0.47806,0.00103,-2.02128,0.73341,1.84518,1.14416,-0.54636,0.57915,-0.00537,-0.3848,0.121,-0.02511,-0.02227,0.00966,0.05573,0.02689,-1.09221,-0.53115,-0.23366,0.85576,0.28255,0.01599,-0.00361
14.9,-0.21275,-0.03654,-0.04591,-0.65307,0.08084,-0.05568,0.54503,0.15653,-0.04774,-0.42812,-0.04339,0,-0.82544,-0.29961,-1.1104,1.73437,0.14659,0.31003,-0.01514,-1.73781,0.84613,1.9373,1.23964,-0.07514,0.32913,0.05583,-0.3243,0.09779,0.00158,-0.0131,0.00666,0.05838,0.02787,-1.09885,-0.50994,-0.33527,0.95488,0.33051,0.03617,0.00444
14.92,-0.19821,-0.0304,-0.0476,-0.66723,0.03987,-0.03925,0.5582,0.13917,-0.03248,-0.40974,-0.0464,0,-0.49463,-0.32028,-1.15619,1.86801,-0.04745,0.12167,-0.0306,-1.34742,1.02605,1.98685,1.30985,0.35127,0.06661,0.09749,-0.26705,0.07759,0.02697,-0.00122,0.00348,0.0597,0.0282,-1.07606,-0.47867,-0.39594,1.0293,0.36319,0.0532,0.01163
14.94,-0.18157,-0.02361,-0.0491,-0.66855,0.00482,-0.02442,0.56352,0.12313,-0.01922,-0.3904,-0.04728,0,-0.10621,-0.37294,-1.18947,1.96527,-0.23902,-0.07837,-0.04527,-0.83902,1.27215,1.97836,1.34351,0.74295,-0.20622,0.12595,-0.21487,0.06031,0.04795,0.0125,0.00029,0.05961,0.02786,-1.02205,-0.43853,-0.41598,1.06786,0.37618,0.06624,0.01772
14.96,-0.16322,-0.01641,-0.0503,-0.65589,-0.02343,-0.01112,0.56095,0.1082,-0.00864,-0.37071,-0.04544,0,0.34164,-0.45984,-1.20578,2.02042,-0.41868,-0.28354,-0.05936,-0.20206,1.57497,1.89516,1.32991,1.11178,-0.48595,0.1485,-0.16901,0.04563,0.0624,0.02723,-0.00281,0.05816,0.02689,-0.93847,-0.39107,-0.39912,1.06543,0.36814,0.07497,0.02259
14.98,-0.14374,-0.00908,-0.05114,-0.62979,-0.04437,0.00078,0.5509,0.09415,-0.00044,-0.35143,-0.04035,0,0.84752,-0.58014,-1.20043,2.02901,-0.57857,-0.48832,-0.07329,0.56904,1.91386,1.71966,1.25907,1.46749,-0.76561,0.17287,-0.13047,0.0331,0.06929,0.04204,-0.00575,0.05545,0.02535,-0.83129,-0.33844,-0.35264,1.02349,0.34118,0.07957,0.02618
15,-0.12396,-0.00205,-0.05154,-0.5923,-0.05766,0.01137,0.53417,0.08084,0.00644,-0.3336,-0.03154,0,1.40405,-0.72957,-1.16831,1.98727,-0.71107,-0.68672,-0.08761,1.47032,2.25616,1.43497,1.12194,1.81467,-1.033,0.20678,-0.10036,0.02228,0.06847,0.05585,-0.00848,0.05173,0.02336,-0.71073,-0.28364,-0.28687,0.94938,0.30039,0.08056,0.02847
15.02,-0.10487,0.00425,-0.05143,-0.54623,-0.06315,0.02067,0.51182,0.0682,0.01341,-0.31833,-0.01866,0,1.99964,-0.9011,-1.10425,1.89231,-0.8089,-0.87276,-0.10288,2.48767,2.56176,1.0292,0.91155,2.15208,-1.27229,0.25667,-0.07965,0.01283,0.06044,0.06764,-0.01097,0.04723,0.02107,-0.58893,-0.23003,-0.21332,0.8537,0.25245,0.07866,0.0295
15.04,-0.08724,0.00947,-0.05077,-0.49405,-0.06113,0.02865,0.48491,0.05615,0.02165,-0.30637,-0.00159,0,2.62294,-1.08632,-1.00362,1.74283,-0.86638,-1.0421,-0.11967,3.59835,2.79132,0.50186,0.62479,2.47338,-1.46774,0.32605,-0.06873,0.00454,0.04602,0.07667,-0.01323,0.0422,0.01857,-0.47618,-0.18034,-0.14189,0.74671,0.20343,0.07458,0.0293
15.06,-0.07156,0.01343,-0.04956,-0.43731,-0.0525,0.03526,0.45449,0.0445,0.03165,-0.29792,0.01945,0,3.26372,-1.27558,-0.86321,1.54029,-0.88011,-1.19258,-0.1385,4.76803,2.91124,-0.1296,0.26485,2.76676,-1.60568,0.41404,-0.06698,-0.00262,0.02623,0.08279,-0.01535,0.03678,0.01593,-0.37877,-0.13628,-0.07929,0.6363,0.1576,0.06891,0.028
15.08,-0.05802,0.01614,-0.04787,-0.37691,-0.03892,0.04034,0.4218,0.03309,0.04309,-0.29264,0.04372,0,3.90836,-1.45671,-0.68232,1.2905,-0.84893,-1.32325,-0.15963,4.974,2.89357,-0.82369,-0.15566,3.01236,-1.6738,0.51436,-0.07283,-0.00843,0.00242,0.08631,-0.01746,0.03108,0.01318,-0.29916,-0.09867,-0.02909,0.52828,0.11736,0.06213,0.02577
15.1,-0.04677,0.01774,-0.04579,-0.31355,-0.02264,0.04359,0.38839,0.02187,0.05482,-0.28975,0.06986,0,4.53587,-1.61414,-0.46357,1.00444,-0.77359,-1.43301,-0.183,4.974,2.71546,-1.51431,-0.61356,3.18185,-1.6604,0.61555,-0.08381,-0.01242,-0.02366,0.08799,-0.01969,0.0252,0.01033,-0.23709,-0.06792,0.00758,0.42718,0.08381,0.05464,0.02286
15.12,-0.03783,0.01842,-0.04348,-0.2479,-0.00616,0.04473,0.3559,0.01084,0.06532,-0.28834,0.09613,0,4.974,-1.73104,-0.21212,0.69625,-0.65657,-1.52018,-0.20819,4.974,2.36205,-2.12496,-1.07961,3.24521,-1.55645,0.70378,-0.09717,-0.01397,-0.05001,0.08873,-0.02215,0.01924,0.0074,-0.19058,-0.04406,0.03134,0.33645,0.05706,0.04678,0.01952
15.14,-0.03114,0.01839,-0.04107,-0.18049,0.0085,0.04361,0.3255,-2e-05,0.07328,-0.28765,0.12084,0,4.974,-1.79341,0.06582,0.37941,-0.5021,-1.58276,-0.23452,4.974,1.83183,-2.59258,-1.52677,3.18246,-1.35959,0.76744,-0.11046,-0.0127,-0.07468,0.08928,-0.02479,0.01327,0.00441,-0.15694,-0.02679,0.04389,0.25803,0.03661,0.03877,0.01599
15.16,-0.0265,0.01785,-0.03865,-0.11198,0.02018,0.0404,0.29761,-0.01078,0.07805,-0.28734,0.14254,0,4.974,-1.79291,0.36297,0.0653,-0.31674,-1.61833,-0.261,4.974,1.14271,-2.88261,-1.93434,2.99221,-1.07782,0.80015,-0.12202,-0.00854,-0.09588,0.09002,-0.02742,0.00731,0.00136,-0.1335,-0.01536,0.04756,0.19235,0.02165,0.03076,0.0124
15.18,-0.02362,0.01695,-0.03632,-0.04369,0.02858,0.03563,0.27211,-0.02147,0.0797,-0.28749,0.15991,0,4.974,-1.72724,0.66887,-0.23481,-0.11087,-1.62377,-0.28617,4.974,0.3382,-2.99009,-2.28584,2.69491,-0.73226,0.80117,-0.13096,-0.00191,-0.11186,0.0909,-0.0296,0.0014,-0.00167,-0.11798,-0.00876,0.04513,0.13886,0.01121,0.02288,0.00888
15.2,-0.02219,0.01582,-0.03414,0.022,0.03412,0.03013,0.24853,-0.03203,0.07888,-0.2886,0.17163,0,4.974,-1.5995,0.9683,-0.50778,0.10055,-1.59492,-0.30794,4.974,-0.51186,-2.93427,-2.56592,2.33105,-0.35695,0.77448,-0.13704,0.00635,-0.12079,0.09147,-0.03066,-0.00436,-0.00457,-0.10871,-0.00583,0.03969,0.09658,0.00435,0.01529,0.00551
15.22,-0.02189,0.01457,-0.03221,0.08212,0.03762,0.0249,0.22628,-0.04227,0.07663,-0.29133,0.1765,0,4.974,-1.41632,1.24356,-0.74006,0.29997,-1.52701,-0.32394,4.974,-1.32601,-2.74911,-2.761,1.95072,0.00882,0.72683,-0.14045,0.0152,-0.12112,0.0911,-0.02962,-0.00979,-0.00714,-0.10449,-0.00538,0.03414,0.06431,0.00025,0.00816,0.00236
15.24,-0.02242,0.01325,-0.03057,0.13409,0.04,0.02071,0.20472,-0.05201,0.07405,-0.29616,0.17372,0,4.974,-1.18536,1.47926,-0.92146,0.47096,-1.41545,-0.33217,4.974,-2.03555,-2.47144,-2.86239,1.59795,0.33283,0.66512,-0.14164,0.02366,-0.11214,0.08918,-0.02523,-0.01461,-0.00914,-0.10426,-0.00629,0.03061,0.04045,-0.00182,0.00168,-0.00051
15.26,-0.0235,0.01189,-0.02926,0.17625,0.04203,0.018,0.18333,-0.06102,0.0721,-0.30314,0.1632,0,4.974,-0.91466,1.6649,-1.04726,0.60023,-1.25701,-0.33137,4.974,-2.5992,-2.13427,-2.8684,1.30104,0.59746,0.59488,-0.14113,0.03099,-0.09447,0.08537,-0.01589,-0.01846,-0.01023,-0.10688,-0.00761,0.03006,0.02296,-0.00242,-0.00405,-0.00305
15.28,-0.02489,0.0105,-0.02829,0.20767,0.04425,0.01682,0.16189,-0.06896,0.07157,-0.31177,0.14562,0,4.974,-0.61423,1.79393,-1.11759,0.67703,-1.05102,-0.32116,4.974,-3.0021,-1.76723,-2.78447,1.07251,0.79937,0.52032,-0.1395,0.03672,-0.07028,0.07964,0.00026,-0.0208,-0.00998,-0.11101,-0.00852,0.03214,0.0095,-0.00192,-0.0089,-0.0052
15.3,-0.02634,0.00906,-0.02766,0.22776,0.04697,0.01686,0.14059,-0.0754,0.07312,-0.32103,0.12243,0,4.974,-0.29758,1.8622,-1.13596,0.69229,-0.80028,-0.30192,4.974,-3.24907,-1.39859,-2.62206,0.91269,0.94606,0.44493,-0.13738,0.0405,-0.04318,0.07227,0.02523,-0.02096,-0.00791,-0.11523,-0.00834,0.03542,-0.00231,-0.00059,-0.01269,-0.00688
15.32,-0.02768,0.00756,-0.02736,0.23629,0.0503,0.01767,0.11995,-0.07984,0.07717,-0.32959,0.0955,0,4.974,0.02005,1.86789,-1.1079,0.6396,-0.5106,-0.27464,4.974,-3.3571,-1.0538,-2.39597,0.81415,1.051,0.3716,-0.13535,0.04216,-0.01729,0.06373,0.06113,-0.01822,-0.0035,-0.11818,-0.00662,0.03789,-0.01462,0.00146,-0.01525,-0.00801
15.34,-0.02877,0.006,-0.02736,0.23359,0.05425,0.01881,0.10047,-0.08195,0.08389,-0.33614,0.06663,0,4.974,0.32542,1.81263,-1.03996,0.51751,-0.18948,-0.24066,4.38842,-3.34793,-0.75173,-2.12075,0.76631,1.12813,0.30246,-0.13385,0.04167,0.00403,0.05454,0.10992,-0.01203,0.00369,-0.11887,-0.00313,0.03786,-0.02894,0.00414,-0.0165,-0.00853
15.36,-0.02957,0.00439,-0.0276,0.22081,0.05869,0.01998,0.08254,-0.08173,0.0931,-0.33967,0.0373,0,4.974,0.60884,1.70263,-0.93926,0.33171,0.15359,-0.20168,3.70241,-3.24341,-0.50303,-1.80937,0.75861,1.18794,0.23904,-0.13309,0.03914,0.01906,0.04514,0.17314,-0.00214,0.01392,-0.1169,0.00204,0.03445,-0.04594,0.00731,-0.01649,-0.00849
15.38,-0.03012,0.00281,-0.02797,0.19996,0.06337,0.02111,0.06649,-0.07947,0.10413,-0.33942,0.00884,0,4.46797,0.86237,1.5496,-0.81408,0.09685,0.50454,-0.16001,3.0875,-3.06457,-0.3118,-1.47508,0.78157,1.23591,0.1828,-0.13306,0.0349,0.02784,0.03596,0.25141,0.0113,0.02715,-0.11251,0.00842,0.02778,-0.06514,0.01077,-0.01544,-0.00796
15.4,-0.03054,0.00135,-0.02833,0.17392,0.06793,0.02223,0.05277,-0.07578,0.11592,-0.33488,-0.01737,0,3.92456,1.07774,1.37055,-0.67415,-0.1637,0.8432,-0.11873,2.54942,-2.83188,-0.17803,-1.13325,0.82719,1.27248,0.13559,-0.13355,0.0294,0.03179,0.0275,0.34379,0.02765,0.04299,-0.10652,0.0152,0.01891,-0.08501,0.01426,-0.01369,-0.00712
15.42,-0.03096,0.00014,-0.02854,0.14591,0.07192,0.02348,0.04183,-0.07136,0.12715,-0.32571,-0.04003,0,3.39018,1.24702,1.18469,-0.52957,-0.42295,1.14689,-0.0812,2.09105,-2.56381,-0.09928,-0.79983,0.88965,1.29475,0.09945,-0.13424,0.02321,0.03312,0.02023,0.44689,0.04582,0.06064,-0.10006,0.02143,0.0094,-0.10343,0.01744,-0.01163,-0.00616
15.44,-0.03151,-0.00073,-0.02847,0.11874,0.07495,0.02495,0.03398,-0.06685,0.13663,-0.31166,-0.05819,0,2.88417,1.36504,1.00843,-0.38868,-0.6584,1.39746,-0.05019,1.71116,-2.27465,-0.07155,-0.4878,0.96636,1.29933,0.0761,-0.13479,0.01685,0.03386,0.01447,0.55388,0.06431,0.07878,-0.09412,0.0263,0.00073,-0.11854,0.02006,-0.00965,-0.00525
15.46,-0.03228,-0.00124,-0.02803,0.09443,0.0768,0.02663,0.02921,-0.06261,0.14352,-0.29263,-0.07141,0,2.41825,1.43083,0.85259,-0.25714,-0.85697,1.58535,-0.02733,1.40454,-1.97403,-0.08986,-0.20565,1.05826,1.28431,0.06652,-0.13494,0.01073,0.03533,0.01033,0.65343,0.08117,0.09548,-0.08938,0.02935,-0.0061,-0.12919,0.02194,-0.00798,-0.00451
15.48,-0.0333,-0.00143,-0.02718,0.07429,0.07739,0.02835,0.02728,-0.05881,0.14731,-0.26877,-0.07969,0,1.99932,1.44728,0.72291,-0.13873,-1.01461,1.70902,-0.01323,1.16466,-1.66904,-0.14846,0.04075,1.16931,1.2498,0.07101,-0.13452,0.00519,0.03791,0.00773,0.72858,0.09388,0.10805,-0.08609,0.0305,-0.01055,-0.13505,0.02301,-0.00679,-0.00402
15.5,-0.03456,-0.00137,-0.02594,0.0591,0.07676,0.02981,0.02773,-0.05541,0.14776,-0.2406,-0.08332,0,1.63325,1.42009,0.62158,-0.03633,-1.13399,1.77267,-0.0077,0.98605,-1.3665,-0.24074,0.24598,1.30502,1.19779,0.08927,-0.13342,0.00057,0.04118,0.00642,0.7574,0.09936,0.11311,-0.0842,0.02999,-0.01251,-0.13639,0.02327,-0.00615,-0.00378
15.52,-0.03599,-0.0012,-0.02435,0.04923,0.07504,0.03064,0.03,-0.05226,0.14481,-0.20886,-0.08279,0,1.32495,1.35631,0.54848,0.04791,-1.22208,1.78383,-0.01017,0.86372,-1.07324,-0.35905,0.40541,1.46893,1.13141,0.1201,-0.13159,-0.00288,0.04417,0.00609,0.71824,0.09469,0.10738,-0.08343,0.0282,-0.01219,-0.1339,0.02275,-0.00604,-0.0038
15.54,-0.03752,-0.00101,-0.02244,0.04463,0.07236,0.03054,0.03352,-0.0492,0.13859,-0.17434,-0.0787,0,1.07617,1.2627,0.50195,0.11313,-1.28762,1.75102,-0.01999,0.79061,-0.7951,-0.49423,0.51705,1.6581,1.05383,0.16095,-0.12901,-0.00502,0.04588,0.00645,0.59816,0.07822,0.08892,-0.08337,0.02554,-0.01005,-0.12835,0.0215,-0.00644,-0.00404
15.56,-0.03904,-0.00088,-0.02025,0.04478,0.06882,0.02937,0.03777,-0.04615,0.12935,-0.1378,-0.07176,0,0.88458,1.14507,0.47944,0.16,-1.33935,1.68245,-0.03666,0.75584,-0.53702,-0.63488,0.58276,1.85915,0.96781,0.20741,-0.12565,-0.00588,0.04552,0.00724,0.39926,0.05039,0.05817,-0.08355,0.02228,-0.00672,-0.12055,0.0196,-0.00723,-0.00446
15.58,-0.04046,-0.00085,-0.01783,0.04875,0.06455,0.02719,0.04224,-0.04308,0.1176,-0.10022,-0.06284,0,0.74521,1.00884,0.47797,0.19032,-1.38505,1.58602,-0.05974,0.74466,-0.30521,-0.76601,0.60777,2.04574,0.87623,0.25275,-0.12152,-0.00569,0.04267,0.00828,0.1416,0.01418,0.01829,-0.08347,0.01861,-0.00305,-0.11123,0.01713,-0.0083,-0.00498
15.6,-0.04165,-0.0009,-0.01523,0.05521,0.0597,0.02419,0.04644,-0.0401,0.10405,-0.06303,-0.05297,0,0.65213,0.8599,0.4942,0.20654,-1.43065,1.46963,-0.08867,0.73955,-0.10863,-0.86889,0.59973,2.17926,0.7826,0.28804,-0.11668,-0.0048,0.03715,0.00943,-0.1381,-0.02513,-0.02494,-0.0826,0.01461,-5e-05,-0.1012,0.0142,-0.00947,-0.00553
15.62,-0.04248,-0.00103,-0.01252,0.06273,0.05439,0.02069,0.04991,-0.03739,0.08954,-0.02779,-0.04318,0,0.59848,0.70459,0.52384,0.21135,-1.47832,1.3409,-0.12228,0.72279,0.04277,-0.92407,0.56731,2.2168,0.69062,0.30384,-0.11117,-0.00361,0.029,0.01064,-0.39586,-0.06124,-0.06466,-0.08038,0.01036,0.00126,-0.09124,0.01095,-0.01056,-0.00602
15.64,-0.0428,-0.00121,-0.00977,0.07002,0.04868,0.01694,0.05232,-0.0351,0.0747,0.00439,-0.03431,0,0.57549,0.54922,0.56058,0.20747,-1.5239,1.20651,-0.15814,0.67998,0.14204,-0.91664,0.51863,2.124,0.60323,0.29299,-0.10497,-0.00248,0.01823,0.0119,-0.59492,-0.08887,-0.09512,-0.07628,0.00594,0.00017,-0.08207,0.0075,-0.01143,-0.00639
15.66,-0.04252,-0.00143,-0.00703,0.07614,0.0425,0.01313,0.05349,-0.03331,0.0599,0.03317,-0.02685,0,0.57173,0.40028,0.59525,0.19744,-1.55506,1.07221,-0.19202,0.60264,0.18779,-0.84005,0.4605,1.88447,0.52224,0.25262,-0.09799,-0.00163,0.00483,0.01326,-0.71518,-0.1051,-0.11316,-0.06983,0.00158,-0.00353,-0.07432,0.00398,-0.01199,-0.00659
15.68,-0.04158,-0.00169,-0.00434,0.0805,0.03573,0.00934,0.05341,-0.03208,0.04527,0.05882,-0.02102,0,0.57298,0.26568,0.61521,0.18373,-1.5504,0.94384,-0.21747,0.4894,0.18431,-0.69739,0.39852,1.50353,0.44878,0.1848,-0.09006,-0.00115,-0.01123,0.01483,-0.75448,-0.10954,-0.11845,-0.06066,-0.00239,-0.00949,-0.06857,0.00054,-0.01222,-0.00661
15.7,-0.03993,-0.002,-0.0018,0.08281,0.02826,0.0056,0.05221,-0.0314,0.03087,0.08195,-0.01678,0,0.56311,0.15528,0.60508,0.16867,-1.48127,0.82807,-0.22607,0.34578,0.14051,-0.50083,0.33752,1.00751,0.38396,0.09631,-0.08105,-0.001,-0.02983,0.01672,-0.72566,-0.10395,-0.11299,-0.04856,-0.00547,-0.01682,-0.06542,-0.00263,-0.01218,-0.00647
15.72,-0.03756,-0.00239,0.00052,0.08299,0.01998,0.00188,0.05008,-0.03124,0.01667,0.10327,-0.01397,0,0.527,0.07891,0.55018,0.15426,-1.31938,0.73119,-0.20955,0.18205,0.06791,-0.26836,0.28137,0.4365,0.3287,-0.00329,-0.07084,-0.00099,-0.0507,0.01906,-0.65027,-0.09133,-0.10013,-0.03351,-0.00709,-0.02435,-0.06538,-0.00533,-0.01193,-0.00619
15.74,-0.03451,-0.00288,0.00254,0.08122,0.01088,-0.0019,0.04723,-0.03156,0.00251,0.12335,-0.0123,0,0.45477,0.04254,0.44185,0.14185,-1.04835,0.65674,-0.16296,0.00976,-0.02179,-0.0189,0.23252,-0.16686,0.28303,-0.10449,-0.05938,-0.00089,-0.07336,0.02187,-0.55018,-0.0748,-0.08333,-0.01568,-0.00682,-0.03097,-0.06862,-0.00743,-0.01156,-0.00582
15.76,-0.03082,-0.00348,0.00423,0.07792,0.00103,-0.00593,0.04384,-0.03229,-0.01186,0.14249,-0.01146,0,0.34505,0.04573,0.28165,0.13188,-0.67288,0.60411,-0.08718,-0.16007,-0.11807,0.23018,0.19181,-0.76289,0.24579,-0.19938,-0.04673,-0.00037,-0.09709,0.02507,-0.44235,-0.05688,-0.06528,0.00444,-0.00443,-0.03583,-0.07491,-0.00889,-0.01116,-0.00541
15.78,-0.02662,-0.00421,0.00555,0.07374,-0.00925,-0.0104,0.04005,-0.03334,-0.0267,0.16049,-0.01107,0,0.20654,0.08099,0.08351,0.12394,-0.22363,0.56857,0.00998,-0.31603,-0.21118,0.46181,0.15871,-1.31177,0.21484,-0.2814,-0.03315,0.00099,-0.12067,0.0284,-0.33818,-0.0394,-0.04786,0.02595,3e-05,-0.03839,-0.08344,-0.00978,-0.01082,-0.00501
15.8,-0.02213,-0.00506,0.00651,0.06956,-0.01942,-0.01554,0.036,-0.03458,-0.04214,0.17654,-0.01075,0,0.05731,0.13489,-0.12708,0.11696,0.2441,0.54229,0.11429,-0.44556,-0.29174,0.65787,0.13185,-1.77049,0.18749,-0.34461,-0.01919,0.00362,-0.14232,0.03146,-0.24463,-0.0237,-0.0323,0.04737,0.00625,-0.03833,-0.09293,-0.0102,-0.01063,-0.00469
15.82,-0.0176,-0.00601,0.0071,0.06629,-0.0288,-0.02148,0.03185,-0.03591,-0.05813,0.18957,-0.01014,0,-0.08023,0.1914,-0.31954,0.10957,0.66438,0.51622,0.20874,-0.53673,-0.35147,0.80151,0.10946,-2.09852,0.161,-0.38421,-0.00553,0.00793,-0.16005,0.03376,-0.16525,-0.01069,-0.0193,0.06703,0.01377,-0.03551,-0.10183,-0.01034,-0.01065,-0.00453
15.84,-0.01326,-0.00704,0.00732,0.06459,-0.03684,-0.02827,0.02769,-0.03724,-0.07446,0.1987,-0.00897,0,-0.18723,0.23683,-0.46849,0.10057,0.9828,0.48264,0.27919,-0.58173,-0.38499,0.88168,0.08987,-2.26926,0.13307,-0.39763,0.00722,0.01411,-0.17221,0.03491,-0.10118,-0.00081,-0.00914,0.08344,0.0221,-0.0299,-0.10877,-0.01033,-0.01093,-0.00457
15.86,-0.00925,-0.00806,0.00719,0.06465,-0.04322,-0.03572,0.02361,-0.03854,-0.09069,0.20359,-0.00707,0,-0.25347,0.26301,-0.56035,0.08934,1.17072,0.43691,0.31804,-0.57932,-0.39092,0.89622,0.07192,-2.27777,0.1023,-0.38537,0.01868,0.02203,-0.17788,0.03473,-0.05195,0.00586,-0.0018,0.09571,0.03081,-0.0216,-0.11277,-0.01026,-0.01147,-0.00482
15.88,-0.00571,-0.009,0.00675,0.06614,-0.04784,-0.04341,0.01965,-0.03983,-0.10604,0.20445,-0.00444,0,-0.27806,0.26786,-0.59418,0.07596,1.22726,0.37833,0.3248,-0.53529,-0.37203,0.8523,0.05515,-2.14218,0.0685,-0.35125,0.02859,0.03115,-0.17697,0.03324,-0.01616,0.00959,0.00299,0.1034,0.03947,-0.01084,-0.11329,-0.01019,-0.01222,-0.00527
15.9,-0.00274,-0.00973,0.00605,0.06829,-0.05076,-0.05063,0.0159,-0.04115,-0.11926,0.20196,-0.00121,0,-0.26791,0.25458,-0.57961,0.06123,1.17463,0.30997,0.30497,-0.46145,-0.33466,0.76503,0.0399,-1.90032,0.0328,-0.30193,0.03675,0.04054,-0.16998,0.03065,0.00803,0.01088,0.00564,0.10648,0.04759,0.00192,-0.11017,-0.01009,-0.01309,-0.00584
15.92,-0.00042,-0.01012,0.00517,0.07007,-0.05213,-0.05655,0.01243,-0.04253,-0.12894,0.19705,0.00242,0,-0.23441,0.22952,-0.53226,0.04637,1.04825,0.23725,0.2675,-0.37255,-0.28691,0.65341,0.02701,-1.59983,-0.00284,-0.24541,0.04299,0.04904,-0.15784,0.02729,0.02259,0.01034,0.00662,0.10516,0.05466,0.016,-0.1035,-0.00991,-0.01396,-0.00647
15.94,0.00118,-0.01008,0.00415,0.07047,-0.05211,-0.06047,0.00931,-0.04397,-0.13385,0.19063,0.00621,0,-0.18904,0.19929,-0.46797,0.0325,0.8836,0.16562,0.2214,-0.28182,-0.23625,0.5348,0.01727,-1.28408,-0.03654,-0.18877,0.04721,0.05569,-0.14153,0.02349,0.02946,0.00856,0.00638,0.09984,0.06019,0.03056,-0.0936,-0.0096,-0.01468,-0.00704
15.96,0.00206,-0.00956,0.00307,0.0687,-0.05084,-0.06203,0.00653,-0.04538,-0.13325,0.18344,0.00997,0,-0.14065,0.16897,-0.39898,0.02036,0.70804,0.09918,0.17356,-0.19831,-0.18795,0.42148,0.01108,-0.98384,-0.06693,-0.13683,0.04937,0.05987,-0.12196,0.01948,0.03039,0.00603,0.00531,0.09109,0.06382,0.04451,-0.08095,-0.00909,-0.01514,-0.00749
15.98,0.00226,-0.00862,0.00198,0.06423,-0.04845,-0.06118,0.00407,-0.04654,-0.12695,0.17605,0.01353,0,-0.09501,0.14178,-0.33352,0.01032,0.53985,0.04087,0.12856,-0.12679,-0.14514,0.32069,0.00847,-0.7173,-0.09306,-0.0922,0.04951,0.06135,-0.10003,0.01545,0.02694,0.0031,0.00372,0.07969,0.06523,0.05644,-0.06631,-0.00834,-0.01524,-0.00771
16,0.00187,-0.00737,0.00097,0.05678,-0.04503,-0.05817,0.0019,-0.04717,-0.11524,0.16893,0.01672,0,-0.0554,0.11947,-0.27644,0.00252,0.39002,-0.007,0.08911,-0.06872,-0.10925,0.23575,0.0091,-0.49312,-0.11414,-0.05582,0.0477,0.06023,-0.07679,0.01155,0.02043,5e-05,0.00185,0.06663,0.06417,0.06458,-0.05069,-0.00733,-0.01487,-0.00764
16.02,0.00096,-0.00596,0.00011,0.04632,-0.04067,-0.05344,1e-05,-0.04695,-0.09876,0.16241,0.01937,0,-0.02319,0.10257,-0.22998,-0.00305,0.26373,-0.04278,0.0565,-0.0232,-0.0804,0.16703,0.01245,-0.31284,-0.12957,-0.02743,0.04401,0.05684,-0.05327,0.00791,0.01196,-0.00291,-0.0001,0.05297,0.06044,0.06718,-0.03527,-0.00604,-0.01395,-0.00718
16.04,-0.00038,-0.00453,-0.00053,0.033,-0.03546,-0.04744,-0.00158,-0.04561,-0.07839,0.15664,0.02139,0,0.00155,0.09074,-0.19438,-0.00648,0.16171,-0.06591,0.03089,0.01206,-0.05777,0.11282,0.01785,-0.17269,-0.13907,-0.00597,0.03856,0.05161,-0.03024,0.00461,0.00246,-0.00564,-0.002,0.03957,0.054,0.06301,-0.02098,-0.00449,-0.01243,-0.00631
16.06,-0.00207,-0.0032,-0.00093,0.01722,-0.02948,-0.04065,-0.00284,-0.04307,-0.05517,0.15154,0.02275,0,0.01954,0.08292,-0.16844,-0.00791,0.08133,-0.07709,0.0116,0.03999,-0.03985,0.06996,0.02456,-0.0653,-0.14278,0.01009,0.0315,0.04502,-0.0081,0.00171,-0.00719,-0.00806,-0.00373,0.02693,0.04506,0.05191,-0.00839,-0.00269,-0.01031,-0.00501
16.08,-0.00405,-0.00202,-0.00106,-0.0003,-0.02288,-0.03349,-0.00366,-0.03942,-0.03045,0.14686,0.02355,0,0.03198,0.07752,-0.1499,-0.00743,0.01768,-0.07827,-0.00263,0.06372,-0.02468,0.03445,0.03171,0.01898,-0.14125,0.02253,0.02307,0.03766,0.01296,-0.00077,-0.01611,-0.01009,-0.00522,0.01525,0.03413,0.03486,0.00225,-0.00072,-0.00767,-0.00337
16.1,-0.00624,-0.00105,-0.00095,-0.01846,-0.01589,-0.02646,-0.0039,-0.03493,-0.00604,0.14223,0.0239,0,0.04039,0.07251,-0.13572,-0.00515,-0.03559,-0.07234,-0.01342,0.0863,-0.01004,0.00185,0.03834,0.09087,-0.13534,0.03322,0.01366,0.0302,0.03281,-0.00278,-0.02333,-0.01164,-0.00636,0.00458,0.02207,0.01395,0.01091,0.00132,-0.00466,-0.00149
16.12,-0.00856,-0.00032,-0.00061,-0.03596,-0.00879,-0.02005,-0.00341,-0.02998,0.01613,0.1372,0.02397,0,0.04646,0.06574,-0.12255,-0.0012,-0.08538,-0.06256,-0.02253,0.11054,0.00636,-0.03222,0.04347,0.16111,-0.12612,0.04394,0.00369,0.02334,0.05124,-0.00429,-0.02768,-0.01259,-0.00705,-0.00514,0.00986,-0.00823,0.01764,0.00331,-0.00145,0.00046
16.14,-0.01092,0.00014,-7e-05,-0.05166,-0.00174,-0.0146,-0.00215,-0.0249,0.03448,0.13138,0.0239,0,0.05194,0.05522,-0.10711,0.00422,-0.13835,-0.05179,-0.03164,0.1388,0.02663,-0.07175,0.04642,0.23939,-0.11472,0.0563,-0.00652,0.01757,0.06797,-0.0053,-0.02776,-0.01275,-0.0071,-0.01402,-0.00166,-0.02945,0.02251,0.00515,0.00178,0.00237
16.16,-0.01327,0.00033,0.00065,-0.06484,0.00519,-0.01032,-0.00017,-0.01993,0.0481,0.12443,0.02379,0,0.05857,0.03941,-0.08658,0.01075,-0.20017,-0.04201,-0.04213,0.17286,0.05253,-0.11987,0.04694,0.33348,-0.10231,0.07158,-0.01679,0.01312,0.08257,-0.00589,-0.02192,-0.01182,-0.00628,-0.0222,-0.01197,-0.04835,0.02555,0.00678,0.00496,0.00414
16.18,-0.01551,0.00025,0.00153,-0.07509,0.01205,-0.00725,0.00225,-0.0152,0.05673,0.11618,0.02366,0,0.068,0.01742,-0.0588,0.01781,-0.27488,-0.03429,-0.05503,0.21362,0.08523,-0.17848,0.04524,0.44828,-0.09012,0.09058,-0.02707,0.00995,0.09434,-0.00617,-0.00826,-0.0094,-0.00428,-0.02974,-0.02085,-0.06446,0.02673,0.00818,0.00802,0.00573
16.2,-0.01756,-0.0001,0.00256,-0.08224,0.01891,-0.00533,0.00471,-0.0108,0.06054,0.10665,0.02351,0,0.08165,-0.01089,-0.02249,0.0246,-0.36433,-0.02891,-0.07083,0.26075,0.125,-0.24772,0.04194,0.58493,-0.07953,0.11352,-0.03732,0.00777,0.10224,-0.00633,0.01532,-0.00502,-0.00072,-0.03658,-0.02827,-0.07796,0.0259,0.00935,0.01094,0.00713
16.22,-0.0193,-0.0007,0.00368,-0.08626,0.02583,-0.00444,0.00676,-0.00681,0.06002,0.09602,0.0233,0,0.10022,-0.04475,0.02233,0.03026,-0.46727,-0.02558,-0.0894,0.3123,0.17082,-0.32542,0.03786,0.73954,-0.07178,0.13971,-0.04748,0.00622,0.10513,-0.00656,0.05095,0.00184,0.00479,-0.04256,-0.0343,-0.08942,0.02289,0.01032,0.01369,0.00833
16.24,-0.02065,-0.00153,0.00489,-0.08731,0.03284,-0.00443,0.00806,-0.00327,0.05579,0.08446,0.02296,0,0.1231,-0.08233,0.07389,0.03414,-0.57849,-0.02372,-0.10977,0.36429,0.21982,-0.40644,0.03378,0.90183,-0.06751,0.16735,-0.05745,0.00494,0.10219,-0.00699,0.10063,0.01163,0.01262,-0.04754,-0.03911,-0.09954,0.01767,0.01111,0.01627,0.00934
16.26,-0.02158,-0.00253,0.00611,-0.0857,0.03983,-0.00511,0.00848,-0.0002,0.04854,0.0722,0.02242,0,0.14782,-0.12049,0.12811,0.03597,-0.68775,-0.02263,-0.12992,0.41022,0.26675,-0.48191,0.03024,1.05362,-0.0665,0.19312,-0.06708,0.00365,0.09328,-0.00772,0.1658,0.02467,0.02301,-0.05144,-0.0429,-0.10892,0.01047,0.01174,0.0187,0.0102
16.28,-0.02209,-0.00364,0.0073,-0.08196,0.04659,-0.0063,0.00815,0.00231,0.03904,0.05952,0.02164,0,0.16972,-0.15441,0.17809,0.03589,-0.77863,-0.02154,-0.14662,0.44053,0.30346,-0.53844,0.02751,1.16716,-0.06754,0.21198,-0.07608,0.00223,0.07903,-0.00873,0.24691,0.04102,0.03602,-0.05422,-0.04586,-0.11792,0.00182,0.01224,0.021,0.01093
16.3,-0.02223,-0.00474,0.00835,-0.07676,0.05268,-0.00778,0.00743,0.00417,0.02817,0.04689,0.02057,0,0.18225,-0.17774,0.21432,0.03437,-0.8292,-0.01968,-0.15553,0.44308,0.31922,-0.55863,0.0257,1.20626,-0.06869,0.21736,-0.08396,0.00065,0.0608,-0.00993,0.34269,0.06038,0.05142,-0.05582,-0.04816,-0.12661,-0.00741,0.01261,0.02314,0.01156
16.32,-0.02206,-0.00572,0.00918,-0.07084,0.05762,-0.00935,0.00676,0.00527,0.01682,0.03485,0.01916,0,0.17877,-0.18421,0.22721,0.03206,-0.81787,-0.01642,-0.1524,0.40605,0.30334,-0.52534,0.02474,1.13513,-0.06772,0.20276,-0.09016,-0.00101,0.0404,-0.01119,0.44941,0.08193,0.06857,-0.05624,-0.04986,-0.13473,-0.01622,0.01285,0.02509,0.01209
16.34,-0.02164,-0.00649,0.00971,-0.0648,0.061,-0.01085,0.00653,0.00553,0.00574,0.02383,0.0174,0,0.1553,-0.17018,0.21096,0.02954,-0.73234,-0.01143,-0.13484,0.32263,0.2493,-0.42831,0.02449,0.93219,-0.06296,0.16433,-0.09423,-0.00264,0.01954,-0.01236,0.55986,0.10423,0.0863,-0.05551,-0.0509,-0.14171,-0.02378,0.01296,0.02678,0.01253
16.36,-0.02102,-0.00698,0.00991,-0.05904,0.06263,-0.01214,0.00698,0.00495,-0.00456,0.01412,0.01526,0,0.11257,-0.13649,0.16641,0.02719,-0.57642,-0.00494,-0.10372,0.19461,0.15786,-0.26924,0.02474,0.60056,-0.05383,0.10276,-0.09599,-0.00415,-0.00039,-0.01334,0.66236,0.12503,0.10277,-0.0538,-0.0511,-0.14667,-0.02963,0.01293,0.02812,0.01284
16.38,-0.02024,-0.00719,0.0098,-0.05379,0.06258,-0.01314,0.00814,0.0036,-0.01371,0.00586,0.01278,0,0.05682,-0.08919,0.10203,0.02517,-0.37267,0.00229,-0.06367,0.03413,0.03842,-0.06414,0.02525,0.17295,-0.04107,0.02419,-0.09551,-0.00548,-0.01823,-0.01407,0.73959,0.14106,0.11528,-0.05138,-0.05009,-0.14833,-0.03367,0.01275,0.02896,0.01295
16.4,-0.01934,-0.00714,0.00943,-0.04912,0.06109,-0.01381,0.0099,0.00167,-0.02143,-0.00083,0.01002,0,-0.00082,-0.03887,0.03297,0.02344,-0.16041,0.0089,-0.02269,-0.13696,-0.09159,0.15769,0.02575,-0.29037,-0.02658,-0.06015,-0.09311,-0.00653,-0.03295,-0.0145,0.7693,0.14812,0.12038,-0.04862,-0.04741,-0.14513,-0.03608,0.0124,0.02911,0.01278
16.42,-0.01836,-0.00687,0.00888,-0.04502,0.05852,-0.01411,0.012,-0.00064,-0.02752,-0.00589,0.00708,0,-0.04753,0.00235,-0.02328,0.02185,0.01553,0.01337,0.01004,-0.29249,-0.21111,0.361,0.02597,-0.71675,-0.01289,-0.13679,-0.08922,-0.00724,-0.0437,-0.01459,0.72956,0.14209,0.11469,-0.04594,-0.04259,-0.13556,-0.0372,0.01187,0.0284,0.01224
16.44,-0.01732,-0.00643,0.00823,-0.04141,0.05526,-0.01407,0.01421,-0.00312,-0.0319,-0.00934,0.00408,0,-0.07366,0.02528,-0.05352,0.02025,0.12175,0.01447,0.02759,-0.41044,-0.30229,0.51591,0.0257,-1.04456,-0.00224,-0.19435,-0.08431,-0.00756,-0.04997,-0.01437,0.60733,0.1205,0.09617,-0.04369,-0.03535,-0.11875,-0.03743,0.01116,0.02668,0.01127
16.46,-0.01626,-0.00589,0.00754,-0.03815,0.05165,-0.01375,0.01633,-0.00558,-0.03464,-0.01134,0.00118,0,-0.07601,0.0268,-0.05323,0.01857,0.14773,0.01166,0.02753,-0.47839,-0.35487,0.60536,0.02487,-1.23835,0.00398,-0.2264,-0.0788,-0.00744,-0.05176,-0.01387,0.40484,0.08372,0.06518,-0.04207,-0.02581,-0.09498,-0.03711,0.01028,0.02395,0.00985
16.48,-0.01519,-0.00529,0.00687,-0.03512,0.04801,-0.01324,0.0182,-0.00787,-0.03595,-0.01218,-0.00144,0,-0.05859,0.01053,-0.02766,0.01681,0.10842,0.00517,0.01245,-0.49427,-0.36686,0.62607,0.0235,-1.29097,0.00537,-0.2319,-0.07311,-0.00689,-0.04959,-0.01316,0.1426,0.03549,0.02488,-0.04112,-0.01458,-0.06596,-0.03654,0.00927,0.02033,0.00805
16.5,-0.01415,-0.00471,0.00627,-0.03219,0.04467,-0.01269,0.01971,-0.00983,-0.03611,-0.01221,-0.00356,0,-0.03163,-0.01411,0.00953,0.0151,0.04035,-0.00408,-0.01072,-0.46468,-0.34316,0.58636,0.02174,-1.21887,0.00228,-0.21428,-0.06766,-0.00593,-0.04435,-0.01236,-0.14193,-0.01728,-0.01896,-0.04078,-0.00273,-0.03475,-0.03594,0.0082,0.01609,0.00601
16.52,-0.01319,-0.00421,0.00578,-0.02926,0.04192,-0.01223,0.02074,-0.01131,-0.03545,-0.01181,-0.00493,0,-0.0079,-0.03532,0.0412,0.01362,-0.01076,-0.01486,-0.03327,-0.40122,-0.2927,0.50125,0.01982,-1.05222,-0.00437,-0.17963,-0.06288,-0.00462,-0.03717,-0.01159,-0.40395,-0.06632,-0.05944,-0.04091,0.00844,-0.00506,-0.03549,0.00714,0.01158,0.00389
16.54,-0.01234,-0.00384,0.00542,-0.02627,0.03999,-0.012,0.02126,-0.01221,-0.03424,-0.01134,-0.00538,0,0.00236,-0.0437,0.05371,0.01255,-0.00791,-0.02621,-0.04836,-0.3157,-0.22465,0.38619,0.01791,-0.82202,-0.01356,-0.13409,-0.05906,-0.00301,-0.02903,-0.01097,-0.606,-0.10473,-0.09078,-0.04136,0.01783,0.01999,-0.03528,0.00616,0.00713,0.00187
16.56,-0.01161,-0.0036,0.00521,-0.02318,0.03898,-0.01201,0.02127,-0.01251,-0.03269,-0.01103,-0.00489,0,-0.00503,-0.03563,0.04173,0.01205,0.06484,-0.03778,-0.05345,-0.21724,-0.14608,0.25309,0.01614,-0.55223,-0.02435,-0.08241,-0.05635,-0.00122,-0.02066,-0.01058,-0.72762,-0.12867,-0.10982,-0.04204,0.02481,0.03856,-0.03539,0.00529,0.00301,5e-05
16.58,-0.01102,-0.00351,0.00516,-0.02005,0.03889,-0.01224,0.02083,-0.01223,-0.03091,-0.01104,-0.00357,0,-0.02724,-0.0141,0.00952,0.01222,0.19877,-0.04986,-0.05091,-0.11214,-0.06192,0.1103,0.01455,-0.2595,-0.03584,-0.02785,-0.05476,0.00064,-0.01251,-0.01046,-0.76659,-0.13765,-0.11621,-0.04288,0.02919,0.05018,-0.0358,0.00456,-0.00061,-0.00148
16.6,-0.01055,-0.00353,0.00524,-0.01698,0.03964,-0.01256,0.02004,-0.01146,-0.02897,-0.01144,-0.00168,0,-0.05536,0.01213,-0.03034,0.01313,0.36322,-0.06312,-0.04719,-0.00491,0.02429,-0.03609,0.01314,0.04403,-0.04715,0.02728,-0.05421,0.00239,-0.00487,-0.01065,-0.73604,-0.13396,-0.11195,-0.0439,0.03118,0.05545,-0.03647,0.00397,-0.00355,-0.00266
16.62,-0.01022,-0.00362,0.00544,-0.01414,0.04108,-0.01284,0.01904,-0.01032,-0.02684,-0.01221,0.00047,0,-0.07787,0.03189,-0.06172,0.0148,0.51658,-0.07815,-0.05017,0.10071,0.1095,-0.18091,0.01188,0.3479,-0.05739,0.08107,-0.05452,0.00382,0.00212,-0.01114,-0.65795,-0.1215,-0.10042,-0.04509,0.0312,0.0556,-0.03728,0.00351,-0.00568,-0.00345
16.64,-0.01,-0.00373,0.00577,-0.0117,0.04303,-0.01293,0.01795,-0.00886,-0.02449,-0.01332,0.00263,0,-0.08561,0.03638,-0.07189,0.01719,0.62252,-0.09481,-0.06525,0.20072,0.19042,-0.31855,0.01071,0.64039,-0.06573,0.13149,-0.05549,0.00473,0.00833,-0.01192,-0.5547,-0.10427,-0.08504,-0.04648,0.0297,0.05208,-0.03807,0.00316,-0.00695,-0.00385
16.66,-0.00989,-0.00383,0.00622,-0.00981,0.0453,-0.01274,0.01688,-0.00714,-0.02182,-0.01472,0.00464,0,-0.07522,0.02254,-0.05624,0.02018,0.66092,-0.11171,-0.09263,0.28978,0.26259,-0.44161,0.00959,0.90547,-0.07145,0.17583,-0.0569,0.00495,0.01363,-0.01298,-0.4437,-0.08534,-0.06845,-0.04809,0.02709,0.04625,-0.03862,0.00291,-0.00738,-0.00388
16.68,-0.00984,-0.00389,0.00681,-0.00858,0.04767,-0.01221,0.01594,-0.00513,-0.01874,-0.01632,0.00646,0,-0.05005,-0.00604,-0.01968,0.02351,0.63017,-0.12595,-0.12641,0.36021,0.31962,-0.53947,0.00851,1.11989,-0.07384,0.2102,-0.05851,0.00432,0.01781,-0.01428,-0.33677,-0.06681,-0.05244,-0.04991,0.02369,0.03929,-0.03867,0.00274,-0.00709,-0.0036
16.7,-0.00984,-0.00386,0.00757,-0.00813,0.04988,-0.01135,0.01522,-0.00279,-0.01515,-0.01804,0.00812,0,-0.01932,-0.03998,0.02471,0.02685,0.54464,-0.13329,-0.15536,0.40203,0.3532,-0.59839,0.00745,1.25322,-0.07224,0.22955,-0.06005,0.00272,0.02059,-0.01574,-0.24127,-0.04993,-0.03807,-0.0519,0.01978,0.03229,-0.03787,0.00264,-0.00627,-0.0031
16.72,-0.00983,-0.00373,0.00853,-0.00856,0.0517,-0.01019,0.0148,-8e-05,-0.01102,-0.01976,0.00972,0,0.00531,-0.06749,0.06037,0.0298,0.42737,-0.12931,-0.16649,0.40567,0.35535,-0.60514,0.00645,1.27598,-0.06615,0.22906,-0.06127,8e-05,0.02168,-0.0173,-0.1611,-0.03536,-0.0259,-0.05399,0.0156,0.02614,-0.03593,0.00258,-0.00514,-0.00249
16.74,-0.00979,-0.00349,0.0097,-0.00989,0.05294,-0.00878,0.01468,0.00305,-0.00639,-0.02138,0.01135,0,0.0146,-0.07926,0.07424,0.03206,0.29977,-0.11129,-0.15035,0.36648,0.32211,-0.55319,0.00547,1.17303,-0.05558,0.20644,-0.06196,-0.00357,0.021,-0.01887,-0.09762,-0.02332,-0.0161,-0.05609,0.01133,0.02148,-0.03268,0.00256,-0.00391,-0.00186
16.76,-0.00967,-0.00314,0.01108,-0.01207,0.05354,-0.00723,0.01482,0.00659,-0.00144,-0.02284,0.01305,0,0.00513,-0.07186,0.06143,0.03353,0.17515,-0.07946,-0.10477,0.28803,0.25633,-0.4473,0.00447,0.95342,-0.04124,0.16364,-0.06203,-0.00808,0.0188,-0.02038,-0.05041,-0.0138,-0.00861,-0.05812,0.00716,0.01861,-0.02819,0.00256,-0.00271,-0.00127
16.78,-0.00946,-0.00272,0.01264,-0.01492,0.05356,-0.00563,0.0151,0.01045,0.00348,-0.02412,0.01482,0,-0.01979,-0.04862,0.0266,0.03427,0.05785,-0.03761,-0.03613,0.18356,0.16878,-0.30529,0.00335,0.65437,-0.02471,0.10756,-0.06147,-0.01311,0.0157,-0.02176,-0.01796,-0.00663,-0.00323,-0.05996,0.00327,0.01754,-0.0228,0.00257,-0.00165,-0.00076
16.8,-0.00912,-0.00227,0.01433,-0.01817,0.05316,-0.00416,0.01533,0.01446,0.00786,-0.02517,0.01658,0,-0.05106,-0.0187,-0.01741,0.03448,-0.05462,0.00726,0.04158,0.07477,0.07722,-0.15656,0.00201,0.33792,-0.00839,0.0495,-0.06037,-0.01816,0.01264,-0.0229,0.0019,-0.00161,0.0003,-0.06146,-0.00012,0.01799,-0.01712,0.00259,-0.00076,-0.00035
16.82,-0.00863,-0.00184,0.01607,-0.02145,0.05254,-0.00297,0.01532,0.01839,0.01105,-0.02598,0.01822,0,-0.07719,0.00632,-0.05436,0.03447,-0.16725,0.04682,0.11115,-0.01396,0.00165,-0.03421,0.00033,0.07427,0.00509,0.00215,-0.05885,-0.02263,0.01064,-0.02371,0.01162,0.00147,0.00226,-0.06246,-0.00277,0.01953,-0.01187,0.0026,-8e-05,-5e-05
16.84,-0.00799,-0.0015,0.01778,-0.02442,0.05185,-0.00222,0.01493,0.02202,0.01248,-0.02653,0.01966,0,-0.08928,0.01736,-0.07159,0.03452,-0.28195,0.07432,0.15869,-0.06443,-0.04301,0.03699,-0.00179,-0.08365,0.01386,-0.02505,-0.05704,-0.02604,0.01044,-0.02414,0.01367,0.00289,0.00295,-0.06283,-0.00456,0.02169,-0.00762,0.00259,0.00041,0.00014
16.86,-0.00722,-0.00126,0.01941,-0.0268,0.05118,-0.00202,0.01418,0.02517,0.01174,-0.02681,0.02085,0,-0.0844,0.01126,-0.06483,0.03486,-0.39332,0.08652,0.17796,-0.07058,-0.05177,0.04863,-0.00442,-0.11716,0.01735,-0.02895,-0.055,-0.02812,0.01222,-0.02416,0.01043,0.00297,0.00268,-0.06251,-0.0055,0.024,-0.00465,0.00255,0.00072,0.00025
16.88,-0.00633,-0.00115,0.02091,-0.02835,0.05053,-0.00243,0.01318,0.02767,0.0086,-0.02679,0.02178,0,-0.06649,-0.00837,-0.03941,0.03563,-0.48657,0.08404,0.17131,-0.03991,-0.03076,0.01057,-0.00755,-0.04577,0.01649,-0.01345,-0.05276,-0.0288,0.01556,-0.0238,0.00414,0.00209,0.00179,-0.06149,-0.00575,0.02601,-0.00289,0.00247,0.00088,0.00028
16.9,-0.0054,-0.00114,0.02224,-0.02884,0.04979,-0.00344,0.01222,0.02938,0.00302,-0.02647,0.0225,0,-0.04543,-0.03204,-0.00895,0.03687,-0.53858,0.07081,0.14843,0.00855,0.00452,-0.05179,-0.0111,0.07855,0.01342,0.01154,-0.05035,-0.02821,0.01947,-0.02314,-0.00307,0.00069,0.0006,-0.05986,-0.00559,0.02728,-0.00204,0.00234,0.00094,0.00028
16.92,-0.00449,-0.00123,0.02335,-0.02812,0.04885,-0.00503,0.01162,0.03015,-0.00489,-0.02582,0.02304,0,-0.0335,-0.0478,0.00947,0.03858,-0.52465,0.05251,0.1225,0.05091,0.03459,-0.10652,-0.01493,0.18996,0.01076,0.03363,-0.04775,-0.02658,0.02277,-0.02229,-0.00914,-0.00077,-0.00053,-0.05773,-0.00537,0.02745,-0.00163,0.00215,0.00093,0.00026
16.94,-0.00368,-0.00138,0.02422,-0.02618,0.04761,-0.00714,0.01166,0.0299,-0.01487,-0.02482,0.02346,0,-0.04033,-0.04615,0.00235,0.04069,-0.42917,0.03437,0.1049,0.06803,0.04391,-0.12797,-0.01888,0.23545,0.01058,0.04286,-0.04498,-0.0242,0.02452,-0.02135,-0.01196,-0.00178,-0.00127,-0.05527,-0.0054,0.02625,-0.00116,0.0019,0.0009,0.00026
16.96,-0.00301,-0.00157,0.02484,-0.02317,0.04607,-0.00963,0.01252,0.02866,-0.02645,-0.02346,0.0238,0,-0.06937,-0.02345,-0.03531,0.04306,-0.25339,0.01982,0.10159,0.05211,0.02619,-0.10565,-0.02279,0.19298,0.01364,0.03516,-0.04207,-0.0213,0.02432,-0.02046,-0.00938,-0.00183,-0.00126,-0.05266,-0.00592,0.02363,-0.00023,0.00157,0.00088,0.00029
16.98,-0.00251,-0.00179,0.02524,-0.01945,0.04429,-0.01234,0.01423,0.02654,-0.03891,-0.02173,0.02413,0,-0.11682,0.01705,-0.09858,0.04552,-0.01861,0.01021,0.11217,0.00845,-0.01406,-0.04656,-0.02648,0.07644,0.01922,0.01324,-0.03912,-0.01815,0.02245,-0.01972,0.00088,-0.00038,-0.00015,-0.05015,-0.00707,0.01975,0.00143,0.00115,0.00091,0.00036
17,-0.00224,-0.00201,0.02544,-0.01558,0.04247,-0.015,0.01669,0.02375,-0.05121,-0.01968,0.02445,0,-0.1723,0.06593,-0.17359,0.04779,0.23552,0.00511,0.13072,-0.04634,-0.06299,0.02714,-0.02971,-0.06921,0.02531,-0.01433,-0.03627,-0.01499,0.01974,-0.01929,0.02113,0.00314,0.0024,-0.04802,-0.0089,0.01496,0.00398,0.00067,0.00102,0.0005
17.02,-0.00219,-0.00221,0.02547,-0.0122,0.04084,-0.01733,0.01973,0.02056,-0.06224,-0.01735,0.02479,0,-0.22218,0.11063,-0.2419,0.04959,0.46086,0.00296,0.14826,-0.09082,-0.10282,0.0869,-0.03224,-0.1859,0.02935,-0.03651,-0.03376,-0.01209,0.01729,-0.01928,0.05364,0.00928,0.00673,-0.04663,-0.01138,0.00976,0.00749,0.00012,0.00124,0.00071
17.04,-0.00241,-0.00239,0.02538,-0.00983,0.03969,-0.01911,0.02317,0.01717,-0.07109,-0.01482,0.02515,0,-0.25431,0.13987,-0.28704,0.0507,0.61601,0.00195,0.15636,-0.10831,-0.11972,0.11051,-0.0339,-0.22856,0.02937,-0.04471,-0.03183,-0.00961,0.01607,-0.01982,0.10041,0.01853,0.01315,-0.04629,-0.01442,0.00464,0.01187,-0.00047,0.00158,0.00098
17.06,-0.00288,-0.00255,0.02519,-0.00878,0.0393,-0.02021,0.02685,0.01371,-0.07736,-0.01217,0.02549,0,-0.26129,0.14667,-0.29882,0.05099,0.6763,0.00062,0.14961,-0.09338,-0.10919,0.09082,-0.03463,-0.18306,0.02477,-0.03622,-0.03077,-0.00769,0.01662,-0.02096,0.16288,0.03125,0.02185,-0.04727,-0.01788,-2e-05,0.01695,-0.00106,0.00205,0.0013
17.08,-0.00363,-0.00271,0.02491,-0.00905,0.03992,-0.02062,0.03062,0.01022,-0.08107,-0.00953,0.02577,0,-0.24118,0.12895,-0.27432,0.05048,0.63568,-0.00201,0.12625,-0.0536,-0.07754,0.03815,-0.03451,-0.07106,0.01653,-0.01511,-0.0309,-0.00634,0.01899,-0.02273,0.2414,0.04754,0.0329,-0.0498,-0.02153,-0.00387,0.02236,-0.00161,0.00265,0.00168
17.1,-0.00462,-0.00291,0.02457,-0.01045,0.04183,-0.02038,0.03435,0.0067,-0.08264,-0.00707,0.02591,0,-0.19687,0.08906,-0.21703,0.04927,0.50438,-0.00642,0.08786,-0.00781,-0.04038,-0.02215,-0.03369,0.05484,0.00702,0.0087,-0.03256,-0.00556,0.0228,-0.02507,0.33462,0.06716,0.04609,-0.05402,-0.02509,-0.00663,0.02758,-0.00204,0.00335,0.00207
17.12,-0.00584,-0.00319,0.02416,-0.01262,0.04526,-0.01962,0.03788,0.00308,-0.08269,-0.00499,0.02581,0,-0.13445,0.03229,-0.13478,0.04752,0.30349,-0.01269,0.03833,0.02043,-0.01723,-0.05841,-0.0324,0.12916,-0.0008,0.02287,-0.0361,-0.00531,0.02735,-0.02792,0.43872,0.08933,0.0609,-0.06002,-0.02818,-0.00802,0.03196,-0.00229,0.0041,0.00245
17.14,-0.00726,-0.00358,0.02367,-0.01515,0.05039,-0.01846,0.04112,-0.00075,-0.08194,-0.0034,0.02535,0,-0.06097,-0.035,-0.03674,0.04538,0.05774,-0.02063,-0.0177,0.01234,-0.0236,-0.04542,-0.03078,0.09991,-0.00455,0.01758,-0.04176,-0.0055,0.03187,-0.03125,0.54649,0.11253,0.07628,-0.06783,-0.03051,-0.00784,0.03494,-0.00227,0.00487,0.00279
17.16,-0.00886,-0.00412,0.02308,-0.01761,0.05727,-0.01703,0.04406,-0.00502,-0.08107,-0.00236,0.02439,0,0.01685,-0.10652,0.06811,0.04295,-0.20846,-0.02977,-0.07566,-0.03952,-0.06553,0.02667,-0.02889,-0.05299,-0.00327,-0.01093,-0.04964,-0.00605,0.03568,-0.03503,0.64633,0.13427,0.09054,-0.07737,-0.03183,-0.00597,0.03605,-0.00196,0.00561,0.00306
17.18,-0.0106,-0.00485,0.02234,-0.01953,0.06581,-0.01544,0.04673,-0.00996,-0.0807,-0.0018,0.02281,0,0.09236,-0.17575,0.17066,0.04025,-0.47014,-0.03937,-0.13085,-0.12916,-0.13792,0.14964,-0.02668,-0.31209,0.00236,-0.05933,-0.05962,-0.00683,0.03815,-0.03927,0.72118,0.1509,0.10121,-0.08841,-0.03199,-0.00241,0.035,-0.00134,0.00623,0.00323
17.2,-0.01243,-0.00577,0.0214,-0.02045,0.07568,-0.01382,0.04921,-0.01585,-0.08141,-0.00157,0.02045,0,0.15862,-0.23569,0.26124,0.03731,-0.70068,-0.04839,-0.17815,-0.23862,-0.22569,0.29905,-0.02402,-0.62626,0.01028,-0.11789,-0.07131,-0.00771,0.03868,-0.04396,0.74912,0.15769,0.10512,-0.1005,-0.03089,0.00273,0.03161,-0.00044,0.00665,0.00328
17.22,-0.01428,-0.00688,0.02021,-0.01987,0.08647,-0.01227,0.0516,-0.02297,-0.0837,-0.0015,0.01716,0,0.20929,-0.27968,0.33084,0.03406,-0.87508,-0.05566,-0.21278,-0.34382,-0.30867,0.44228,-0.02071,-0.92729,0.01762,-0.17369,-0.08419,-0.00851,0.03672,-0.04905,0.70896,0.15005,0.09919,-0.11306,-0.0285,0.00925,0.02579,0.0007,0.0068,0.00318
17.24,-0.01609,-0.00817,0.01868,-0.01734,0.09774,-0.01091,0.05401,-0.03167,-0.08788,-0.00137,0.01275,0,0.24029,-0.30311,0.37349,0.03034,-0.97623,-0.06023,-0.2316,-0.42339,-0.36886,0.55038,-0.01651,-1.15467,0.0217,-0.21523,-0.09777,-0.00905,0.03174,-0.05442,0.58876,0.12538,0.0817,-0.12554,-0.02476,0.01685,0.01751,0.00204,0.00659,0.00291
17.26,-0.01782,-0.00962,0.01668,-0.01248,0.10912,-0.00981,0.05657,-0.04238,-0.09409,-0.00097,0.00697,0,0.2509,-0.30454,0.38777,0.02588,-0.99896,-0.06161,-0.23399,-0.46443,-0.39527,0.60597,-0.01117,-1.27188,0.02062,-0.23554,-0.1117,-0.00912,0.02331,-0.05991,0.39246,0.08449,0.05324,-0.13749,-0.01968,0.02509,0.00681,0.00353,0.00599,0.00248
17.28,-0.01943,-0.01116,0.01408,-0.00505,0.12022,-0.00904,0.05943,-0.05546,-0.10217,-0.00011,-0.00042,0,0.24392,-0.28585,0.37704,0.02028,-0.95067,-0.05979,-0.22207,-0.46361,-0.38484,0.6047,-0.00447,-1.26945,0.01347,-0.23279,-0.12565,-0.00849,0.01115,-0.06517,0.14278,0.03219,0.01713,-0.14849,-0.0133,0.03339,-0.00614,0.00512,0.00499,0.00188
17.3,-0.02089,-0.01271,0.01075,0.00508,0.13055,-0.00863,0.06268,-0.07122,-0.11166,0.00138,-0.00963,0,0.22507,-0.25181,0.34868,0.0131,-0.84957,-0.05514,-0.20024,-0.4258,-0.34139,0.55341,0.00374,-1.16106,0.00018,-0.20952,-0.13925,-0.00691,-0.00485,-0.06976,-0.12018,-0.02299,-0.02077,-0.15806,-0.00574,0.04092,-0.02095,0.00672,0.00364,0.00113
17.32,-0.02213,-0.01416,0.00655,0.01784,0.13957,-0.00867,0.06639,-0.08982,-0.12185,0.00365,-0.0208,0,0.20159,-0.20864,0.3121,0.00385,-0.71945,-0.04824,-0.17406,-0.36073,-0.2728,0.46552,0.01362,-0.97411,-0.01871,-0.17094,-0.15203,-0.00411,-0.02457,-0.07313,-0.34877,-0.07087,-0.05352,-0.16562,0.00289,0.0468,-0.03716,0.00826,0.002,0.00028
17.34,-0.02307,-0.01543,0.00138,0.03299,0.1468,-0.00921,0.07056,-0.11135,-0.1318,0.00681,-0.03408,0,0.18018,-0.16201,0.27602,-0.00803,-0.58264,-0.03955,-0.1486,-0.27855,-0.18719,0.355,0.02537,-0.73701,-0.04255,-0.12245,-0.16354,0.0002,-0.04773,-0.07485,-0.503,-0.10285,-0.0753,-0.1706,0.01254,0.05033,-0.05438,0.00967,0.00015,-0.00065
17.36,-0.02361,-0.01647,-0.00489,0.05004,0.15189,-0.01035,0.07507,-0.13572,-0.14037,0.0109,-0.04948,0,0.1657,-0.1158,0.24669,-0.02308,-0.45559,-0.02931,-0.12736,-0.18702,-0.09068,0.23256,0.0393,-0.47139,-0.07069,-0.06828,-0.17331,0.00631,-0.07382,-0.07467,-0.56054,-0.11403,-0.08285,-0.17247,0.02333,0.05113,-0.07235,0.01089,-0.00184,-0.00163
17.38,-0.02358,-0.01727,-0.01228,0.06811,0.15456,-0.01217,0.07969,-0.1625,-0.14616,0.01586,-0.06686,0,0.16096,-0.0722,0.22767,-0.04174,-0.34876,-0.01749,-0.11224,-0.09152,0.01254,0.10554,0.05568,-0.19198,-0.10238,-0.01145,-0.18079,0.01443,-0.10183,-0.07255,-0.51861,-0.10359,-0.0758,-0.17067,0.03544,0.04917,-0.09087,0.01188,-0.0039,-0.00261
17.4,-0.02282,-0.01784,-0.0207,0.08586,0.15462,-0.01479,0.08401,-0.19076,-0.14747,0.02151,-0.08578,0,0.16694,-0.0321,0.22026,-0.06423,-0.26786,-0.00395,-0.10374,0.00409,0.11929,-0.0208,0.07468,0.09066,-0.1366,0.04571,-0.1853,0.0247,-0.13025,-0.06863,-0.39163,-0.07435,-0.05628,-0.16465,0.04904,0.04474,-0.10962,0.01259,-0.00591,-0.00356
17.42,-0.02112,-0.01821,-0.03,0.10172,0.15194,-0.01826,0.0875,-0.21928,-0.14252,0.02753,-0.10559,0,0.18311,0.0046,0.22394,-0.09056,-0.21499,0.01156,-0.10126,0.09633,0.2266,-0.14193,0.09639,0.36701,-0.17202,0.101,-0.18617,0.0371,-0.15736,-0.06323,-0.20558,-0.03162,-0.02811,-0.15397,0.06423,0.0383,-0.12819,0.01298,-0.00777,-0.00442
17.44,-0.01831,-0.01841,-0.03997,0.11427,0.14659,-0.0226,0.08955,-0.24686,-0.12983,0.03351,-0.12569,0,0.20777,0.03877,0.2369,-0.12055,-0.18948,0.02933,-0.10334,0.18108,0.331,-0.25263,0.1209,0.62539,-0.20725,0.15186,-0.18299,0.05146,-0.18196,-0.05667,0.00956,0.01825,0.00429,-0.13843,0.08101,0.03031,-0.14618,0.01304,-0.00936,-0.00515
17.46,-0.01424,-0.01848,-0.05041,0.12248,0.1389,-0.02773,0.08953,-0.27248,-0.10851,0.03893,-0.14553,0,0.23816,0.07181,0.25629,-0.1538,-0.18847,0.0496,-0.10782,0.25255,0.42767,-0.34569,0.14825,0.84883,-0.24079,0.19488,-0.17581,0.06735,-0.20371,-0.04934,0.22415,0.06871,0.03659,-0.1183,0.09921,0.02115,-0.16321,0.01276,-0.0106,-0.00571
17.48,-0.00889,-0.01845,-0.06101,0.12568,0.12958,-0.03347,0.08678,-0.29516,-0.07844,0.04312,-0.16453,0,0.2703,0.10535,0.27823,-0.18935,-0.20722,0.07244,-0.11186,0.30236,0.50944,-0.41071,0.17826,1.01243,-0.27079,0.22526,-0.1652,0.08396,-0.2231,-0.04171,0.4084,0.11282,0.06448,-0.09442,0.11835,0.01116,-0.17878,0.01215,-0.01141,-0.00605
17.5,-0.00232,-0.01835,-0.07129,0.12348,0.11964,-0.03944,0.08063,-0.31374,-0.0404,0.04522,-0.18191,0,0.2989,0.14093,0.29774,-0.2256,-0.23915,0.09755,-0.11203,0.31975,0.56667,-0.43438,0.21031,1.0838,-0.29489,0.23694,-0.15226,0.10007,-0.2411,-0.03435,0.5319,0.14321,0.08351,-0.06836,0.13751,0.00069,-0.19219,0.01125,-0.01173,-0.00615
17.52,0.00533,-0.01822,-0.08068,0.11575,0.11021,-0.0452,0.07048,-0.32701,0.00422,0.04439,-0.19678,0,0.31806,0.17994,0.30924,-0.26048,-0.27594,0.12426,-0.10485,0.29445,0.58966,-0.40403,0.24338,1.03163,-0.3107,0.22412,-0.13828,0.11424,-0.2588,-0.02786,0.56815,0.15327,0.08984,-0.04193,0.15549,-0.00999,-0.20259,0.01011,-0.01149,-0.00598
17.54,0.01393,-0.01805,-0.08866,0.10257,0.10219,-0.05038,0.05595,-0.33393,0.05377,0.04001,-0.20831,0,0.32227,0.2236,0.30728,-0.29194,-0.30753,0.15167,-0.08755,0.22126,0.57262,-0.31352,0.27622,0.83952,-0.31661,0.18393,-0.12424,0.12523,-0.27681,-0.02278,0.50248,0.13917,0.08134,-0.0167,0.17113,-0.02079,-0.20924,0.00879,-0.01064,-0.00548
17.56,0.02332,-0.01784,-0.09478,0.08433,0.09598,-0.05468,0.037,-0.33379,0.10648,0.03187,-0.21584,0,0.30718,0.27282,0.28711,-0.31822,-0.32199,0.17853,-0.05868,0.10365,0.51665,-0.16777,0.30734,0.51657,-0.31244,0.1184,-0.11058,0.13226,-0.29492,-0.01944,0.33791,0.10138,0.05845,0.00642,0.18341,-0.03193,-0.2116,0.00733,-0.00912,-0.00466
17.58,0.0333,-0.01755,-0.09867,0.06183,0.09151,-0.05794,0.01412,-0.32624,0.1601,0.02031,-0.21885,0,0.26984,0.32778,0.24489,-0.33769,-0.30534,0.20309,-0.01846,-0.04461,0.43079,0.01517,0.33475,0.10215,-0.29949,0.03536,-0.09719,0.13502,-0.3118,-0.01802,0.09761,0.04527,0.02452,0.02703,0.19144,-0.0438,-0.20938,0.00577,-0.00692,-0.0035
17.6,0.04354,-0.01712,-0.09999,0.03637,0.08831,-0.06005,-0.01161,-0.31127,0.21154,0.00616,-0.21684,0,0.20878,0.3876,0.17795,-0.34863,-0.24227,0.22297,0.03118,-0.20011,0.33119,0.20509,0.35585,-0.33636,-0.28042,-0.05189,-0.08358,0.13352,-0.32505,-0.01855,-0.17689,-0.01932,-0.01445,0.04504,0.19436,-0.0569,-0.20247,0.00418,-0.00407,-0.00202
17.62,0.05364,-0.0165,-0.09841,0.00958,0.08567,-0.06094,-0.03874,-0.28905,0.25735,-0.00942,-0.20942,0,0.12426,0.45023,0.08536,-0.3494,-0.1198,0.23552,0.08705,-0.33521,0.23715,0.36655,0.36778,-0.7193,-0.25851,-0.12774,-0.06903,0.12801,-0.33175,-0.02097,-0.43594,-0.08056,-0.05128,0.06057,0.19138,-0.07153,-0.19082,0.00262,-0.00064,-0.00027
17.64,0.06327,-0.0156,-0.09369,-0.017,0.08277,-0.06058,-0.06594,-0.25987,0.29444,-0.02527,-0.19638,0,0.01854,0.51256,-0.03117,-0.33878,0.0673,0.23849,0.14556,-0.42641,0.16505,0.46971,0.36814,-0.97908,-0.23653,-0.17896,-0.05271,0.11879,-0.32942,-0.02507,-0.6372,-0.12831,-0.07985,0.0738,0.18204,-0.08759,-0.17433,0.00111,0.00324,0.00169
17.66,0.07216,-0.01434,-0.0857,-0.04202,0.07879,-0.05901,-0.09211,-0.22413,0.32055,-0.04041,-0.17779,0,-0.10337,0.57027,-0.16625,-0.31628,0.31184,0.23058,0.20297,-0.45981,0.12438,0.49748,0.35556,-1.07619,-0.21616,-0.19782,-0.03392,0.10618,-0.31667,-0.03049,-0.75565,-0.15653,-0.09653,0.08497,0.16635,-0.1043,-0.15289,-0.00036,0.00734,0.00373
17.68,0.0801,-0.01265,-0.07455,-0.06416,0.07302,-0.05632,-0.11633,-0.18267,0.33412,-0.05395,-0.15418,0,-0.23276,0.61733,-0.30954,-0.28234,0.59142,0.2115,0.2551,-0.43212,0.11716,0.44694,0.32982,-1.00214,-0.19795,-0.18271,-0.01221,0.09058,-0.29347,-0.03669,-0.78506,-0.16359,-0.10042,0.0942,0.14497,-0.12,-0.12644,-0.00184,0.01132,0.0057
17.7,0.08686,-0.01048,-0.06055,-0.08202,0.06483,-0.05267,-0.13758,-0.13684,0.3341,-0.06501,-0.12658,0,-0.35698,0.64593,-0.44571,-0.23834,0.86914,0.18197,0.29705,-0.34938,0.13893,0.32771,0.29183,-0.77566,-0.18154,-0.13736,0.01251,0.07251,-0.26102,-0.04293,-0.73506,-0.15164,-0.09288,0.10146,0.11917,-0.13221,-0.09517,-0.0034,0.01471,0.00738
17.72,0.0922,-0.00779,-0.04416,-0.09428,0.05376,-0.04823,-0.15492,-0.08833,0.31982,-0.0728,-0.0963,0,-0.46213,0.64807,-0.55773,-0.18625,1.10242,0.14344,0.32406,-0.22403,0.18088,0.15772,0.24329,-0.43368,-0.16591,-0.06913,0.03997,0.05256,-0.2213,-0.0484,-0.62465,-0.12502,-0.07665,0.1066,0.0906,-0.13806,-0.05948,-0.00513,0.01698,0.00852
17.74,0.09595,-0.00455,-0.0258,-0.10007,0.03957,-0.04314,-0.16773,-0.03851,0.29127,-0.07693,-0.06442,0,-0.53739,0.61809,-0.63234,-0.128,1.25708,0.09767,0.33291,-0.07091,0.23261,-0.04246,0.18613,-0.01931,-0.14967,0.01333,0.06979,0.03119,-0.17632,-0.0524,-0.47374,-0.0883,-0.05455,0.10945,0.06073,-0.13523,-0.01987,-0.00712,0.01771,0.00892
17.76,0.09804,-0.00078,-0.00584,-0.0993,0.02233,-0.03749,-0.17585,0.01169,0.24924,-0.07749,-0.03169,0,-0.57793,0.55463,-0.66371,-0.06523,1.31666,0.04667,0.32305,0.09469,0.28385,-0.25275,0.12241,0.42465,-0.13124,0.1013,0.1014,0.00866,-0.12775,-0.05452,-0.29804,-0.04508,-0.02882,0.10999,0.03067,-0.12248,0.02301,-0.00947,0.01666,0.00848
17.78,0.09853,0.00346,0.01528,-0.09265,0.0026,-0.0313,-0.17957,0.06152,0.19572,-0.07516,0.00134,0,-0.58517,0.46153,-0.65394,0.00026,1.28404,-0.00694,0.2968,0.25648,0.32449,-0.45282,0.0547,0.85426,-0.10905,0.18569,0.13388,-0.01478,-0.07721,-0.0546,-0.10887,0.00206,-0.00099,0.10829,0.0013,-0.09989,0.06801,-0.01224,0.01378,0.00719
17.8,0.09753,0.00803,0.03695,-0.0815,-0.01856,-0.02467,-0.1795,0.11004,0.13394,-0.07106,0.03403,0,-0.56577,0.34755,-0.61186,0.06618,1.17868,-0.05976,0.25903,0.39646,0.34444,-0.62118,-0.01356,1.22254,-0.08176,0.2567,0.16574,-0.03873,-0.02652,-0.05272,0.08509,0.0511,0.02775,0.10451,-0.02651,-0.06883,0.11324,-0.01548,0.00926,0.00513
17.82,0.09521,0.01274,0.05844,-0.06755,-0.03977,-0.01764,-0.17647,0.15619,0.06779,-0.06657,0.06576,0,-0.52927,0.22398,-0.54996,0.13002,1.02925,-0.10814,0.21591,0.4972,0.33476,-0.73758,-0.07858,1.48482,-0.04838,0.30502,0.19523,-0.06272,0.02249,-0.04912,0.276,0.10005,0.05631,0.09888,-0.05193,-0.03146,0.15641,-0.01921,0.00338,0.00245
17.84,0.09172,0.01739,0.07917,-0.05236,-0.05974,-0.01028,-0.17133,0.19917,0.00063,-0.06302,0.09605,0,-0.48493,0.10102,-0.48016,0.18983,0.86348,-0.1492,0.173,0.54596,0.28955,-0.78778,-0.13724,1.60893,-0.0085,0.32401,0.22081,-0.08629,0.06865,-0.04413,0.45509,0.14641,0.08331,0.09164,-0.07448,0.00991,0.19549,-0.02346,-0.00355,-0.00069
17.86,0.08723,0.02185,0.09875,-0.03704,-0.07745,-0.00261,-0.16499,0.23853,-0.06514,-0.06149,0.12467,0,-0.43988,-0.01427,-0.41124,0.24452,0.70193,-0.18147,0.13412,0.5375,0.20748,-0.76673,-0.18758,1.58214,0.03743,0.31127,0.24148,-0.10907,0.11168,-0.03811,0.61085,0.18663,0.10676,0.08306,-0.09407,0.05318,0.22897,-0.02827,-0.01126,-0.00417
17.88,0.08192,0.02594,0.11689,-0.0223,-0.09206,0.00532,-0.15834,0.27395,-0.12781,-0.06275,0.1514,0,-0.39888,-0.11768,-0.34869,0.29357,0.5575,-0.20475,0.10141,0.47465,0.0927,-0.67931,-0.22858,1.41259,0.0877,0.26901,0.25665,-0.1306,0.15193,-0.03151,0.72725,0.21564,0.12383,0.07348,-0.11088,0.09616,0.25575,-0.03367,-0.01946,-0.00786
17.9,0.07604,0.02949,0.13326,-0.00858,-0.10281,0.01335,-0.15234,0.30489,-0.1858,-0.06733,0.17583,0,-0.36481,-0.20676,-0.29537,0.33652,0.43713,-0.21974,0.07567,0.36749,-0.04524,-0.53935,-0.25966,1.12717,0.1392,0.20357,0.26596,-0.15016,0.19001,-0.02488,0.78384,0.22692,0.13083,0.0634,-0.12522,0.13633,0.27483,-0.03962,-0.0278,-0.01158
17.92,0.06984,0.03232,0.14746,0.00387,-0.10902,0.02128,-0.14791,0.33067,-0.23767,-0.07549,0.19746,0,-0.3391,-0.28038,-0.25226,0.37302,0.34333,-0.22769,0.05683,0.23072,-0.19341,-0.36633,-0.28061,0.76484,0.18799,0.12391,0.26922,-0.16692,0.2266,-0.01881,0.76076,0.21412,0.12416,0.05346,-0.1374,0.17097,0.2852,-0.04602,-0.03585,-0.01515
17.94,0.06353,0.03429,0.15925,0.015,-0.11029,0.02893,-0.14573,0.3508,-0.28249,-0.08728,0.21588,0,-0.32211,-0.33869,-0.21908,0.40308,0.27551,-0.23009,0.04426,0.07995,-0.33883,-0.18065,-0.29166,0.36733,0.23047,0.03929,0.26648,-0.18019,0.2624,-0.01374,0.64706,0.17368,0.1018,0.04448,-0.14779,0.19753,0.28595,-0.05269,-0.04319,-0.01838
17.96,0.05728,0.03537,0.16855,0.02491,-0.10659,0.03614,-0.1462,0.36514,-0.3199,-0.10242,0.23094,0,-0.31347,-0.38287,-0.19477,0.42716,0.23106,-0.22846,0.03708,-0.07021,-0.47018,-0.0011,-0.2936,-0.02578,0.26397,-0.04191,0.25805,-0.18964,0.29801,-0.00992,0.447,0.10676,0.06439,0.03745,-0.15679,0.21388,0.27638,-0.05935,-0.04937,-0.02107
17.98,0.05123,0.03558,0.17538,0.03372,-0.09831,0.04278,-0.14937,0.37379,-0.34989,-0.12027,0.24263,0,-0.31222,-0.41476,-0.1779,0.44605,0.20606,-0.22429,0.03428,-0.20551,-0.57724,0.15437,-0.28768,-0.37529,0.28663,-0.11195,0.24457,-0.19521,0.3336,-0.00741,0.18296,0.02023,0.01582,0.03358,-0.16474,0.21819,0.25604,-0.06556,-0.05389,-0.023
18,0.04554,0.03504,0.17984,0.04155,-0.08626,0.04866,-0.15496,0.37696,-0.37239,-0.13971,0.25095,0,-0.31693,-0.43633,-0.16687,0.46053,0.19583,-0.219,0.03481,-0.31156,-0.65021,0.26807,-0.27556,-0.64118,0.29716,-0.1633,0.22703,-0.19703,0.36871,-0.00609,-0.10594,-0.07377,-0.03706,0.03436,-0.17182,0.20886,0.22472,-0.07071,-0.05615,-0.02389
18.02,0.04039,0.03392,0.182,0.04845,-0.07143,0.05362,-0.16252,0.37488,-0.3873,-0.15936,0.25586,0,-0.32593,-0.44942,-0.16004,0.47124,0.19563,-0.21383,0.03765,-0.37609,-0.68122,0.32539,-0.25895,-0.78929,0.2949,-0.18987,0.20656,-0.19539,0.40246,-0.00574,-0.37347,-0.16078,-0.08609,0.04131,-0.17795,0.18495,0.18251,-0.07411,-0.05556,-0.0235
18.04,0.03592,0.0324,0.182,0.05447,-0.05483,0.05767,-0.17157,0.36777,-0.3945,-0.17793,0.25731,0,-0.33738,-0.45545,-0.15585,0.47841,0.20127,-0.2096,0.04186,-0.39315,-0.66735,0.31998,-0.23931,-0.80337,0.28016,-0.18909,0.1842,-0.19079,0.43409,-0.00603,-0.58117,-0.22877,-0.12445,0.05561,-0.18266,0.14697,0.12975,-0.07527,-0.05167,-0.02162
18.06,0.03216,0.03068,0.18001,0.05962,-0.03734,0.06109,-0.18163,0.35588,-0.39403,-0.19439,0.25526,0,-0.34941,-0.45535,-0.15276,0.48178,0.20953,-0.20664,0.04655,-0.36609,-0.6128,0.25752,-0.21759,-0.69359,0.25454,-0.16343,0.16076,-0.18394,0.46317,-0.00653,-0.70792,-0.2711,-0.1484,0.07785,-0.18506,0.09751,0.06724,-0.07395,-0.04433,-0.01819
18.08,0.02914,0.029,0.1763,0.06387,-0.0198,0.06444,-0.19223,0.33956,-0.386,-0.20787,0.24967,0,-0.36003,-0.44945,-0.14935,0.4805,0.21823,-0.20474,0.0509,-0.30834,-0.52975,0.15699,-0.19437,-0.49925,0.22116,-0.12094,0.13699,-0.17584,0.48942,-0.0067,-0.75124,-0.28693,-0.15744,0.10774,-0.1837,0.04181,-0.00328,-0.07029,-0.03378,-0.01329
18.1,0.02682,0.02764,0.1712,0.06711,-0.00319,0.06844,-0.2028,0.3193,-0.37064,-0.21757,0.24053,0,-0.36705,-0.43753,-0.14432,0.47316,0.22608,-0.20327,0.0541,-0.24197,-0.4374,0.04886,-0.17004,-0.28472,0.18455,-0.07448,0.11371,-0.16779,0.51251,-0.00596,-0.72426,-0.28023,-0.15379,0.14411,-0.17672,-0.01237,-0.07881,-0.06472,-0.02059,-0.0072
18.12,0.02518,0.02684,0.16505,0.06922,0.01152,0.07387,-0.2127,0.29563,-0.34827,-0.22276,0.22784,0,-0.36829,-0.4191,-0.13653,0.45813,0.23233,-0.2014,0.05535,-0.1919,-0.3571,-0.03265,-0.14483,-0.12274,0.14961,-0.03845,0.09181,-0.16117,0.53188,-0.0037,-0.64915,-0.25777,-0.14126,0.1852,-0.16219,-0.05641,-0.15565,-0.05788,-0.00552,-0.00023
18.14,0.02416,0.02682,0.15816,0.07029,0.02349,0.08137,-0.2213,0.26898,-0.31947,-0.22292,0.21158,0,-0.36192,-0.39381,-0.1249,0.43408,0.23629,-0.19845,0.05391,-0.17734,-0.3052,-0.06119,-0.11886,-0.06966,0.12007,-0.02398,0.07201,-0.15714,0.54681,0.00047,-0.54853,-0.22646,-0.12373,0.22927,-0.13874,-0.08346,-0.2304,-0.05045,0.01079,0.00734
18.16,0.02367,0.02766,0.15075,0.07068,0.03209,0.09127,-0.22801,0.23962,-0.28516,-0.21787,0.19187,0,-0.34668,-0.36181,-0.10854,0.40037,0.23705,-0.19413,0.04915,-0.20601,-0.28824,-0.02617,-0.09217,-0.14851,0.0974,-0.03556,0.0548,-0.1565,0.55629,0.00671,-0.43997,-0.19165,-0.10424,0.27479,-0.10602,-0.09015,-0.30042,-0.04305,0.02797,0.01536
18.18,0.02357,0.02935,0.14301,0.07107,0.03688,0.10348,-0.23222,0.20789,-0.24697,-0.20778,0.16901,0,-0.32209,-0.32406,-0.08681,0.35744,0.23333,-0.18862,0.04056,-0.27248,-0.30188,0.06506,-0.06496,-0.34432,0.08082,-0.07022,0.04061,-0.15956,0.55899,0.01479,-0.33531,-0.15694,-0.08481,0.32019,-0.06506,-0.07703,-0.36345,-0.0363,0.04585,0.02378
18.2,0.02373,0.03174,0.13517,0.07242,0.03752,0.11746,-0.23326,0.17437,-0.2073,-0.19321,0.14365,0,-0.2884,-0.2825,-0.05942,0.30689,0.22359,-0.18256,0.02777,-0.35968,-0.33246,0.18933,-0.03777,-0.60848,0.06771,-0.11836,0.02988,-0.16627,0.55321,0.02416,-0.24185,-0.12456,-0.06674,0.36356,-0.01835,-0.04796,-0.41711,-0.03086,0.06425,0.03254
18.22,0.02398,0.03463,0.12744,0.07586,0.03374,0.13237,-0.23043,0.13978,-0.16894,-0.17489,0.11667,0,-0.24636,-0.23967,-0.02628,0.25105,0.20628,-0.17688,0.01046,-0.44473,-0.36176,0.31547,-0.01138,-0.87539,0.05458,-0.16708,0.02305,-0.17622,0.53725,0.03405,-0.16331,-0.09568,-0.05069,0.4029,0.03089,-0.00887,-0.45934,-0.02735,0.08299,0.04157
18.24,0.02419,0.03779,0.11998,0.08253,0.02538,0.14732,-0.22315,0.1047,-0.13429,-0.15357,0.08888,0,-0.19672,-0.1981,0.01268,0.19222,0.18039,-0.17258,-0.01168,-0.50743,-0.37377,0.41584,0.01348,-1.0867,0.03835,-0.20494,0.02044,-0.18881,0.50999,0.04378,-0.10088,-0.07073,-0.03694,0.43666,0.07976,0.03418,-0.48938,-0.0263,0.10176,0.05075
18.26,0.02425,0.04102,0.11288,0.09343,0.01249,0.16149,-0.21103,0.0695,-0.10492,-0.12989,0.06097,0,-0.14016,-0.16002,0.05755,0.13234,0.14584,-0.1705,-0.03899,-0.5359,-0.35929,0.47387,0.03623,-1.20729,0.0173,-0.2251,0.02214,-0.20316,0.4714,0.05285,-0.05403,-0.04971,-0.02549,0.46408,0.12626,0.07608,-0.50833,-0.02804,0.12011,0.05987
18.28,0.02408,0.04413,0.10617,0.10934,-0.00461,0.17403,-0.19402,0.03459,-0.08176,-0.10461,0.0337,0,-0.07765,-0.12761,0.1081,0.07339,0.10385,-0.17138,-0.07164,-0.52778,-0.31722,0.48548,0.0563,-1.22832,-0.00857,-0.22594,0.02797,-0.21809,0.42292,0.06093,-0.02116,-0.03244,-0.01623,0.48499,0.16913,0.11263,-0.51916,-0.03267,0.13722,0.06852
18.3,0.02363,0.04691,0.09994,0.13072,-0.02528,0.18402,-0.1724,0.00062,-0.06527,-0.07866,0.00804,0,-0.01083,-0.10311,0.16349,0.01772,0.05701,-0.17575,-0.10934,-0.48893,-0.25369,0.45728,0.07294,-1.16345,-0.03759,-0.21035,0.03754,-0.23206,0.36755,0.06779,-8e-05,-0.01873,-0.00902,0.49957,0.20743,0.14027,-0.52622,-0.04011,0.15188,0.07609
18.32,0.02288,0.04916,0.09428,0.15775,-0.04864,0.19058,-0.14676,-0.03158,-0.05556,-0.05311,-0.01495,0,0.05803,-0.08834,0.22206,-0.03227,0.00874,-0.18375,-0.15111,-0.43008,-0.17903,0.40229,0.08538,-1.03983,-0.06706,-0.18391,0.05033,-0.24346,0.30915,0.07324,0.01163,-0.00843,-0.00374,0.5081,0.24048,0.15623,-0.53426,-0.05008,0.16271,0.08189
18.34,0.02182,0.05074,0.08927,0.19034,-0.07387,0.19312,-0.11772,-0.06141,-0.05227,-0.02888,-0.03448,0,0.12626,-0.08368,0.28134,-0.07489,-0.03768,-0.19468,-0.195,-0.36219,-0.10337,0.3341,0.09308,-0.88582,-0.09439,-0.15236,0.06586,-0.25108,0.25131,0.07718,0.0163,-0.00136,-0.00024,0.51086,0.26804,0.15894,-0.54694,-0.06219,0.16866,0.08539
18.36,0.02046,0.0516,0.08497,0.22803,-0.10021,0.1916,-0.08602,-0.08862,-0.05445,-0.00665,-0.05023,0,0.19081,-0.08737,0.33789,-0.10957,-0.07957,-0.20674,-0.23771,-0.29356,-0.03388,0.26316,0.09593,-0.72332,-0.11771,-0.1201,0.08368,-0.25441,0.19672,0.07954,0.01606,0.00271,0.00164,0.50806,0.29035,0.1484,-0.56588,-0.07589,0.16929,0.08635
18.38,0.01886,0.0518,0.08143,0.2697,-0.12684,0.18647,-0.05265,-0.11312,-0.06062,0.01302,-0.06225,0,0.24771,-0.09536,0.38674,-0.1367,-0.11467,-0.21681,-0.27422,-0.22956,0.02541,0.19632,0.09423,-0.56687,-0.13591,-0.08991,0.10333,-0.2537,0.14752,0.08032,0.01275,0.00403,0.00209,0.49979,0.3079,0.12629,-0.59025,-0.09039,0.16485,0.08487
18.4,0.01709,0.05145,0.07876,0.3134,-0.15268,0.17871,-0.01909,-0.13476,-0.06876,0.02948,-0.07083,0,0.2919,-0.10169,0.42141,-0.15723,-0.14087,-0.22069,-0.29788,-0.17334,0.07285,0.13758,0.08864,-0.42527,-0.14834,-0.06336,0.12413,-0.24986,0.10559,0.07951,0.00791,0.00283,0.00128,0.486,0.3213,0.09574,-0.61691,-0.10459,0.15619,0.08133
18.42,0.01524,0.05071,0.07706,0.35669,-0.17652,0.16951,0.013,-0.15341,-0.07668,0.04207,-0.07638,0,0.31844,-0.10014,0.43563,-0.17235,-0.15659,-0.21427,-0.30219,-0.1264,0.10845,0.08876,0.08,-0.30294,-0.15476,-0.0411,0.14531,-0.24414,0.07251,0.07709,0.00274,-0.00064,-0.00063,0.46637,0.33127,0.06038,-0.64131,-0.11724,0.14444,0.07627
18.44,0.01337,0.04971,0.07644,0.39736,-0.19737,0.15997,0.04228,-0.16903,-0.08239,0.0503,-0.07941,0,0.32461,-0.08657,0.42603,-0.18321,-0.16147,-0.19519,-0.2836,-0.08905,0.13314,0.05014,0.06913,-0.20102,-0.15528,-0.02316,0.16613,-0.23782,0.04904,0.07307,-0.00187,-0.0061,-0.00344,0.44009,0.33881,0.02298,-0.65893,-0.12713,0.1307,0.07016
18.46,0.01144,0.04853,0.07693,0.43374,-0.21462,0.15086,0.068,-0.1818,-0.08442,0.05393,-0.08048,0,0.31147,-0.06061,0.39423,-0.19072,-0.15693,-0.16422,-0.2436,-0.06088,0.14828,0.02097,0.05671,-0.11849,-0.15036,-0.00916,0.18588,-0.23194,0.03488,0.0675,-0.00537,-0.0131,-0.00693,0.40587,0.34526,-0.01544,-0.66621,-0.13331,0.11578,0.06335
18.48,0.0094,0.0472,0.07852,0.46449,-0.22789,0.14268,0.08986,-0.19199,-0.0818,0.053,-0.08021,0,0.2842,-0.02626,0.34746,-0.19541,-0.14629,-0.12573,-0.18943,-0.04113,0.15538,-7e-05,0.0434,-0.05309,-0.14084,0.00145,0.20376,-0.22729,0.0287,0.06049,-0.00753,-0.02104,-0.0108,0.36214,0.35232,-0.05547,-0.6607,-0.13507,0.10027,0.05606
18.5,0.00712,0.04571,0.08114,0.48839,-0.23693,0.13571,0.10779,-0.19989,-0.07409,0.04773,-0.07923,0,0.25154,0.00864,0.29781,-0.19742,-0.13443,-0.0873,-0.13343,-0.02888,0.15587,-0.01463,0.02986,-0.00213,-0.12788,0.0093,0.21878,-0.22451,0.02846,0.05225,-0.00834,-0.02909,-0.01466,0.30731,0.36183,-0.09899,-0.64086,-0.13182,0.08465,0.04846
18.52,0.00448,0.04404,0.08471,0.50438,-0.24154,0.13007,0.1219,-0.20573,-0.06127,0.03857,-0.0781,0,0.22319,0.03507,0.25866,-0.19668,-0.12656,-0.05733,-0.08933,-0.02319,0.15111,-0.02441,0.01675,0.03708,-0.11277,0.01496,0.22981,-0.224,0.03199,0.04303,-0.00797,-0.03637,-0.01811,0.23983,0.37535,-0.14884,-0.60565,-0.12326,0.06939,0.04069
18.54,0.0013,0.04212,0.08922,0.51192,-0.24167,0.12571,0.13249,-0.20975,-0.04375,0.0261,-0.07725,0,0.20612,0.04678,0.23935,-0.19326,-0.12631,-0.0415,-0.06687,-0.02292,0.14227,-0.0309,0.00463,0.06711,-0.09664,0.019,0.23591,-0.22594,0.03775,0.03304,-0.0067,-0.04223,-0.02085,0.15817,0.39347,-0.20853,-0.55407,-0.10947,0.05489,0.03291
18.56,-0.0026,0.03991,0.09474,0.51125,-0.23741,0.12246,0.14007,-0.21219,-0.02241,0.01118,-0.07695,0,0.20205,0.04298,0.24154,-0.18758,-0.13447,-0.04027,-0.0681,-0.02671,0.13041,-0.03533,-0.00605,0.09027,-0.08029,0.02184,0.23643,-0.23023,0.04531,0.02239,-0.00479,-0.04637,-0.02277,0.06114,0.41532,-0.28184,-0.48505,-0.09112,0.04161,0.02538
18.58,-0.0074,0.03735,0.10141,0.50341,-0.22906,0.12003,0.14532,-0.21326,0.00126,-0.00497,-0.07725,0,0.20685,0.02909,0.25832,-0.18056,-0.14862,-0.04838,-0.08641,-0.03294,0.11655,-0.03849,-0.01492,0.10831,-0.06431,0.02382,0.23109,-0.23644,0.05543,0.01119,-0.00256,-0.04888,-0.02391,-0.05138,0.43826,-0.37219,-0.39785,-0.06959,0.03012,0.01847
18.6,-0.01321,0.03445,0.10939,0.4901,-0.21709,0.11806,0.14898,-0.21313,0.02507,-0.02074,-0.07803,0,0.21141,0.01574,0.27545,-0.1735,-0.16351,-0.05572,-0.10786,-0.03974,0.10175,-0.04078,-0.02156,0.1223,-0.04922,0.02513,0.21991,-0.24387,0.0698,-0.00042,-0.00035,-0.05014,-0.02446,-0.17789,0.45806,-0.48196,-0.29251,-0.04702,0.02118,0.01272
18.62,-0.02012,0.0312,0.11885,0.47342,-0.20213,0.11613,0.15181,-0.21187,0.04652,-0.03439,-0.07901,0,0.20484,0.0154,0.27591,-0.16777,-0.17268,-0.05071,-0.11566,-0.04524,0.08704,-0.04228,-0.02551,0.13271,-0.03575,0.02591,0.20312,-0.25169,0.0902,-0.01225,0.00152,-0.05067,-0.02467,-0.31589,0.47005,-0.61162,-0.16954,-0.02573,0.01553,0.00867
18.64,-0.02819,0.0276,0.13005,0.45532,-0.1848,0.11372,0.15462,-0.20944,0.06343,-0.04446,-0.07981,0,0.17892,0.03731,0.24643,-0.16423,-0.1708,-0.02518,-0.09679,-0.04792,0.07333,-0.0429,-0.02637,0.13971,-0.02512,0.02639,0.18107,-0.25933,0.11723,-0.02417,0.00283,-0.05092,-0.02474,-0.46308,0.4709,-0.75873,-0.02944,-0.00739,0.01348,0.00664
18.66,-0.03741,0.02362,0.14326,0.43743,-0.16578,0.1102,0.15823,-0.20563,0.07429,-0.05009,-0.07999,0,0.13133,0.08402,0.18222,-0.16287,-0.15534,0.02221,-0.04653,-0.04685,0.06134,-0.04251,-0.02383,0.14334,-0.01928,0.02698,0.15424,-0.26658,0.14941,-0.03613,0.00349,-0.05112,-0.02479,-0.61771,0.45996,-0.91675,0.12726,0.00746,0.01464,0.00647
18.68,-0.04768,0.01925,0.1587,0.42106,-0.1459,0.1049,0.16345,-0.2001,0.07828,-0.05101,-0.079,0,0.06683,0.1501,0.08851,-0.16275,-0.12707,0.08474,0.02999,-0.0417,0.05172,-0.04094,-0.01768,0.14352,-0.02103,0.02829,0.12342,-0.27363,0.18271,-0.04804,0.00356,-0.05126,-0.0248,-0.77757,0.43959,-1.07357,0.2988,0.0195,0.01784,0.00756
18.7,-0.05869,0.01449,0.17648,0.40738,-0.12626,0.09712,0.17101,-0.19246,0.07513,-0.04745,-0.07627,0,-0.00347,0.22289,-0.02036,-0.16206,-0.08969,0.14828,0.11873,-0.03276,0.04519,-0.03797,-0.00778,0.13992,-0.03401,0.03108,0.08988,-0.28097,0.21075,-0.05974,0.0032,-0.05113,-0.02463,-0.93887,0.41477,-1.2112,0.48129,0.0303,0.02127,0.00889
18.72,-0.07006,0.00942,0.19656,0.39725,-0.10799,0.08628,0.18147,-0.18227,0.06508,-0.0399,-0.07122,0,-0.06573,0.28599,-0.12586,-0.15848,-0.04809,0.1948,0.20133,-0.02078,0.04278,-0.03322,0.00609,0.1315,-0.06275,0.03616,0.0551,-0.28919,0.22666,-0.07099,0.00263,-0.05042,-0.02412,-1.09671,0.3915,-1.30916,0.66933,0.04188,0.02285,0.00929
18.74,-0.08136,0.00409,0.21894,0.39105,-0.09192,0.0721,0.19496,-0.16923,0.04888,-0.02896,-0.06345,0,-0.10887,0.32464,-0.21255,-0.1496,-0.0059,0.20757,0.2618,-0.00681,0.04609,-0.02595,0.02455,0.11596,-0.11244,0.04417,0.02037,-0.2988,0.22586,-0.08155,0.00199,-0.04889,-0.02317,-1.24636,0.37439,-1.35012,0.85765,0.05607,0.02081,0.00775
18.76,-0.09224,-0.00136,0.24361,0.38851,-0.07833,0.05484,0.21106,-0.1532,0.02787,-0.01516,-0.05279,0,-0.12823,0.32927,-0.27291,-0.13329,0.03608,0.17486,0.29104,0.00787,0.05743,-0.01503,0.04862,0.08938,-0.18863,0.05547,-0.01345,-0.31007,0.20805,-0.09126,0.00128,-0.04657,-0.0218,-1.38363,0.36511,-1.32386,1.04167,0.07402,0.01416,0.00366
18.78,-0.10229,-0.00675,0.27041,0.38865,-0.06704,0.0354,0.22861,-0.13445,0.0041,0.00097,-0.03946,0,-0.12628,0.29628,-0.30802,-0.10788,0.08001,0.09091,0.28766,0.02164,0.07986,0.00106,0.07969,0.0463,-0.2967,0.06995,-0.04565,-0.32285,0.17775,-0.09992,0.00035,-0.04375,-0.02019,-1.50394,0.36204,-1.22817,1.21618,0.09593,0.00274,-0.00306
18.8,-0.111,-0.01179,0.29881,0.38998,-0.05754,0.01539,0.24571,-0.11365,-0.01956,0.0188,-0.02408,0,-0.11182,0.22736,-0.32621,-0.07223,0.13028,-0.04432,0.25695,0.03236,0.11696,0.02411,0.11925,-0.01986,-0.44122,0.08703,-0.07548,-0.33661,0.14379,-0.10723,-0.00111,-0.04095,-0.01866,-1.60142,0.36072,-1.06837,1.37413,0.12105,-0.01273,-0.01203
18.82,-0.11786,-0.01612,0.32806,0.39066,-0.04918,-0.00318,0.26014,-0.09173,-0.03984,0.03778,-0.00755,0,-0.0977,0.12754,-0.34008,-0.02565,0.1921,-0.22657,0.20816,0.03706,0.1724,0.05624,0.16868,-0.11571,-0.62531,0.10563,-0.10221,-0.35067,0.11669,-0.11271,-0.00341,-0.0388,-0.01759,-1.66968,0.35507,-0.85539,1.50738,0.14789,-0.03093,-0.02252
18.84,-0.12244,-0.01946,0.35737,0.38895,-0.04134,-0.0184,0.27001,-0.06967,-0.05368,0.05765,0.00918,0,-0.09776,0.00254,-0.36257,0.03228,0.26953,-0.44923,0.15097,0.03152,0.24933,0.09988,0.2291,-0.24642,-0.84995,0.12417,-0.12547,-0.36461,0.10502,-0.11573,-0.0068,-0.03776,-0.01724,-1.70361,0.33911,-0.60326,1.60867,0.17472,-0.05031,-0.03368
18.86,-0.12453,-0.02157,0.38603,0.38342,-0.03357,-0.02883,0.27423,-0.0483,-0.05863,0.07858,0.02515,0,-0.12463,-0.14255,-0.40414,0.10156,0.3639,-0.70378,0.09316,0.01009,0.34952,0.15761,0.30093,-0.4141,-1.11267,0.14063,-0.1453,-0.37853,0.11279,-0.11545,-0.01136,-0.03797,-0.01769,-1.70069,0.30829,-0.32837,1.67277,0.19974,-0.0693,-0.0446
18.88,-0.12415,-0.02235,0.41312,0.3731,-0.02571,-0.03341,0.27257,-0.02847,-0.05289,0.10102,0.03937,0,-0.18916,-0.30261,-0.47184,0.18129,0.47275,-0.97814,0.04047,-0.03433,0.47259,0.23175,0.38334,-0.61634,-1.40534,0.15231,-0.16213,-0.39298,0.13883,-0.11079,-0.01692,-0.03919,-0.0188,-1.66114,0.2599,-0.05124,1.69612,0.22098,-0.08616,-0.05431
18.9,-0.12147,-0.02175,0.43742,0.35741,-0.01788,-0.03147,0.26547,-0.01117,-0.03528,0.12555,0.05063,0,-0.30024,-0.4715,-0.56915,0.26928,0.5895,-1.25545,-0.00285,-0.11001,0.61546,0.32401,0.47387,-0.84517,-1.71284,0.1559,-0.17651,-0.40882,0.17728,-0.10057,-0.02308,-0.04086,-0.02022,-1.58766,0.19327,0.20258,1.6763,0.23618,-0.09896,-0.06167
18.92,-0.11676,-0.01982,0.45755,0.33621,-0.01032,-0.02267,0.25371,0.00263,-0.00531,0.15275,0.05773,0,-0.46499,-0.64223,-0.69662,0.36243,0.70468,-1.51636,-0.03401,-0.22601,0.77297,0.43556,0.56898,-1.08741,-2.01504,0.14804,-0.18906,-0.42689,0.21961,-0.08371,-0.02928,-0.04226,-0.02151,-1.48464,0.10933,0.40657,1.61219,0.24315,-0.10582,-0.06563
18.94,-0.11033,-0.0167,0.47241,0.30962,-0.00315,-0.00722,0.23792,0.0124,0.03657,0.18318,0.05965,0,-0.68874,-0.80781,-0.85265,0.45762,0.80824,-1.74356,-0.05167,-0.39142,0.93925,0.56732,0.66514,-1.32598,-2.29086,0.12626,-0.20038,-0.44771,0.25746,-0.05978,-0.035,-0.04273,-0.02228,-1.35718,0.01016,0.54073,1.50479,0.24046,-0.10547,-0.06544
18.96,-0.10248,-0.0127,0.48144,0.27819,0.00388,0.01398,0.21826,0.01819,0.08861,0.21723,0.0558,0,-0.97416,-0.96136,-1.0335,0.55194,0.89072,-1.9242,-0.05607,-0.61431,1.10797,0.7197,0.75924,-1.5399,-2.52009,0.08975,-0.21107,-0.47113,0.28443,-0.02934,-0.03979,-0.04186,-0.02227,-1.211,-0.10106,0.5963,1.35827,0.22792,-0.09758,-0.06091
18.98,-0.09356,-0.00833,0.48456,0.24301,0.01129,0.03912,0.19453,0.02072,0.14735,0.25483,0.04606,0,-1.3192,-1.09487,-1.23203,0.64206,0.94285,-2.04897,-0.04894,-0.89993,1.27119,0.89148,0.848,-1.70257,-2.68204,0.03977,-0.22157,-0.49609,0.29637,0.00568,-0.04331,-0.03952,-0.02139,-1.05338,-0.21924,0.57633,1.18115,0.20681,-0.08291,-0.05251
19,-0.08401,-0.00425,0.48205,0.20596,0.01984,0.06556,0.16633,0.02119,0.20754,0.2953,0.03074,0,-1.71545,-1.19831,-1.43663,0.72361,0.95521,-2.11057,-0.03318,-1.24938,1.41832,1.07877,0.9273,-1.78175,-2.75452,-0.02038,-0.2321,-0.52056,0.29105,0.04204,-0.04525,-0.03584,-0.01971,-0.89382,-0.33689,0.49394,0.98663,0.17969,-0.06325,-0.04127
19.02,-0.0743,-0.00118,0.47443,0.16924,0.03025,0.09026,0.13324,0.02095,0.26315,0.33744,0.01045,0,-2.14963,-1.26067,-1.63197,0.79168,0.91948,-2.10373,-0.01206,-1.6602,1.53705,1.27517,0.99224,-1.74604,-2.71752,-0.08632,-0.2426,-0.54193,0.26821,0.07588,-0.04541,-0.03115,-0.0174,-0.74245,-0.44545,0.36816,0.79,0.14982,-0.04091,-0.02856
19.04,-0.0648,0.00034,0.46221,0.1348,0.04292,0.11071,0.09507,0.02109,0.30909,0.37999,-0.01414,0,-2.6068,-1.27234,-1.80098,0.84188,0.83085,-2.02628,0.01194,-2.12788,1.61545,1.47275,1.03785,-1.57553,-2.55992,-0.15408,-0.25277,-0.55766,0.2297,0.10397,-0.04381,-0.02585,-0.01469,-0.60714,-0.53762,0.21855,0.60422,0.12013,-0.01815,-0.01566
19.06,-0.05577,0.00011,0.44586,0.10397,0.0577,0.12544,0.05211,0.02211,0.34231,0.42175,-0.04234,0,-3.07096,-1.22686,-1.92569,0.87108,0.69011,-1.88046,0.03779,-2.64526,1.6434,1.66195,1.05943,-1.27018,-2.28501,-0.22092,-0.262,-0.56572,0.17977,0.12445,-0.04069,-0.02042,-0.01185,-0.49184,-0.60876,0.06216,0.43752,0.09267,0.00327,-0.00357
19.08,-0.04736,-0.00173,0.42593,0.0776,0.07371,0.13402,0.00552,0.02387,0.36175,0.46125,-0.07322,0,-3.52173,-1.1215,-1.98629,0.87721,0.50511,-1.67407,0.06596,-3.19862,1.61242,1.83012,1.05234,-0.85378,-1.91359,-0.28502,-0.26931,-0.56461,0.12553,0.1369,-0.03664,-0.0154,-0.00918,-0.39717,-0.65661,-0.08623,0.29417,0.06864,0.02196,0.00694
19.1,-0.03972,-0.00469,0.40307,0.05635,0.08936,0.13685,-0.04254,0.02562,0.36793,0.49661,-0.10552,0,-3.9319,-0.95714,-1.96083,0.85894,0.29082,-1.42044,0.09798,-3.7648,1.51556,1.96055,1.01185,-0.37285,-1.48313,-0.34494,-0.27335,-0.55326,0.07666,0.14195,-0.03251,-0.01143,-0.00706,-0.32156,-0.68055,-0.21304,0.17591,0.04867,0.03678,0.01528
19.12,-0.03298,-0.00815,0.37797,0.04063,0.1027,0.13484,-0.08952,0.0263,0.36239,0.52608,-0.13785,0,-4.2713,-0.73747,-1.82825,0.8155,0.06655,-1.13519,0.13559,-4.31408,1.34802,2.034,0.93309,0.11416,-1.03853,-0.39933,-0.27267,-0.5311,0.04334,0.14091,-0.0292,-0.0091,-0.00581,-0.26218,-0.68113,-0.30663,0.08278,0.03301,0.04683,0.02101
19.14,-0.02715,-0.01147,0.35115,0.0305,0.11216,0.12903,-0.13364,0.02488,0.34719,0.54898,-0.16914,0,-4.51489,-0.46778,-1.57375,0.74659,-0.14867,-0.83102,0.17968,-4.81696,1.10868,2.03217,0.81143,0.55385,-0.61758,-0.44691,-0.26613,-0.49815,0.03277,0.13522,-0.02742,-0.00878,-0.00567,-0.2157,-0.65972,-0.35918,0.01325,0.02153,0.05162,0.0239
19.16,-0.0221,-0.01423,0.32286,0.02548,0.11691,0.12039,-0.17451,0.0207,0.32464,0.56638,-0.19887,0,-4.64768,-0.15527,-1.19361,0.6527,-0.33855,-0.5152,0.22933,-4.974,0.80205,1.94023,0.64323,0.90805,-0.2424,-0.48635,-0.25331,-0.4553,0.04687,0.12612,-0.0274,-0.01046,-0.00663,-0.1789,-0.61852,-0.36785,-0.03546,0.01388,0.05113,0.02399
19.18,-0.01762,-0.01614,0.29336,0.02465,0.11697,0.1098,-0.213,0.0135,0.29731,0.58111,-0.22686,0,-4.66461,0.18877,-0.6989,0.53579,-0.48867,-0.19125,0.28126,-4.974,0.4409,1.74777,0.42706,1.15354,0.07983,-0.51585,-0.23462,-0.40462,0.08165,0.11466,-0.02889,-0.01373,-0.00845,-0.14908,-0.56072,-0.33491,-0.06686,0.00952,0.04585,0.02155
19.2,-0.01342,-0.01708,0.26302,0.02673,0.11304,0.09809,-0.25072,0.00347,0.26814,0.59732,-0.2531,0,-4.5686,0.54752,-0.11641,0.39966,-0.58527,0.13887,0.32976,-4.974,0.04707,1.44939,0.16483,1.27834,0.35272,-0.53299,-0.21128,-0.34949,0.12787,0.10169,-0.03124,-0.01778,-0.01071,-0.12438,-0.49063,-0.26702,-0.08468,0.00784,0.03674,0.01709
19.22,-0.00921,-0.01701,0.2323,0.03029,0.10611,0.08595,-0.28951,-0.00894,0.23988,0.61957,-0.27769,0,-4.36838,0.90178,0.51664,0.24912,-0.6166,0.47544,0.36803,-4.974,-0.35314,1.04525,-0.13823,1.27935,0.58649,-0.53509,-0.18485,-0.29378,0.1738,0.08796,-0.03354,-0.02167,-0.01286,-0.10349,-0.41297,-0.17346,-0.09246,0.00823,0.02494,0.01125
19.24,-0.00472,-0.01596,0.2015,0.03401,0.09699,0.07381,-0.33079,-0.02313,0.21439,0.65155,-0.30108,0,-4.07658,1.23602,1.16186,0.08844,-0.57608,0.82344,0.39033,-4.974,-0.73704,0.54196,-0.4742,1.16105,0.79378,-0.52018,-0.15656,-0.24059,0.20917,0.07404,-0.03503,-0.02455,-0.01443,-0.08517,-0.33175,-0.06367,-0.0933,0.01006,0.01158,0.00462
19.26,0.00028,-0.01397,0.17071,0.03687,0.08599,0.06176,-0.37501,-0.0385,0.19215,0.69502,-0.32407,0,-3.70968,1.54134,1.78373,-0.0792,-0.46472,1.19299,0.39337,-4.974,-1.08981,-0.04478,-0.83164,0.9354,0.98633,-0.48765,-0.12684,-0.19156,0.22774,0.06037,-0.0352,-0.02592,-0.01516,-0.06788,-0.24981,0.05393,-0.08969,0.01275,-0.00238,-0.0023
19.28,0.0059,-0.01113,0.14001,0.0381,0.07291,0.04962,-0.4212,-0.05429,0.17231,0.74932,-0.34768,0,-3.29044,1.81391,2.34586,-0.25056,-0.29237,1.59689,0.37662,-4.974,-1.40281,-0.68541,-1.19278,0.6231,1.17251,-0.43862,-0.09554,-0.14699,0.22782,0.04736,-0.03392,-0.02563,-0.01495,-0.04985,-0.16932,0.17141,-0.08349,0.01572,-0.01611,-0.00907
19.3,0.01215,-0.00757,0.10969,0.03722,0.05719,0.03705,-0.46676,-0.06954,0.15306,0.81127,-0.37291,0,-2.84901,2.0522,2.80767,-0.42132,-0.0773,2.04702,0.34201,-4.48589,-1.67066,-1.33456,-1.53205,0.25359,1.35617,-0.37599,-0.06214,-0.10641,0.21165,0.03552,-0.03135,-0.02382,-0.01391,-0.02926,-0.09234,0.28066,-0.07599,0.0184,-0.02881,-0.01526
19.32,0.01892,-0.00342,0.0802,0.03393,0.03815,0.02372,-0.50822,-0.08321,0.1322,0.876,-0.384,0,-2.41771,2.25568,3.12989,-0.58654,0.15752,2.55117,0.29314,-3.90499,-1.89035,-1.93927,-1.82049,-0.13993,1.5379,-0.30377,-0.02604,-0.06893,0.18385,0.02534,-0.02786,-0.02085,-0.01223,-0.00456,-0.02085,0.37392,-0.06794,0.02026,-0.0397,-0.02048
19.34,0.02604,0.00115,0.05188,0.02807,0.01527,0.00933,-0.54238,-0.09445,0.10795,0.93834,-0.384,0,-2.02163,2.42454,3.28601,-0.74231,0.39023,3.10987,0.23426,-3.31948,-2.06204,-2.45365,-2.03386,-0.52853,1.71766,-0.22613,0.01321,-0.03355,0.14931,0.01715,-0.02381,-0.01709,-0.01013,0.02529,0.04371,0.4452,-0.05973,0.02093,-0.04822,-0.02445
19.36,0.03332,0.00601,0.02488,0.01954,-0.01149,-0.00618,-0.56709,-0.1027,0.07949,0.9936,-0.384,0,-1.67356,2.55903,3.27003,-0.88637,0.60321,3.71233,0.16979,-2.765,-2.18908,-2.84749,-2.15779,-0.89178,1.89613,-0.14698,0.05565,0.00053,0.11197,0.01102,-0.01949,-0.01284,-0.00778,0.06045,0.10057,0.49113,-0.05147,0.02021,-0.05401,-0.02699
19.38,0.04047,0.01098,-0.00061,0.00845,-0.04143,-0.02253,-0.58116,-0.10772,0.0474,1.03723,-0.384,0,-1.37537,2.65816,3.09797,-1.01706,0.78224,4.33088,0.10469,-2.26777,-2.27695,-3.10506,-2.18781,-1.21603,2.07361,-0.07047,0.10046,0.03351,0.07464,0.00678,-0.01509,-0.00837,-0.00533,0.09991,0.14917,0.51067,-0.04308,0.0181,-0.05694,-0.02805
19.4,0.04707,0.01581,-0.02423,-0.00494,-0.073,-0.03905,-0.58414,-0.10946,0.01364,1.06457,-0.384,0,-1.12193,2.71886,2.80496,-1.13229,0.91507,4.91916,0.04463,-1.84876,-2.33183,-3.22106,-2.12738,-1.49126,2.24877,-0.00137,0.14582,0.06487,0.03945,0.00413,-0.01078,-0.00389,-0.00287,0.14135,0.18876,0.50459,-0.03439,0.0148,-0.05701,-0.02767
19.42,0.05264,0.02025,-0.04548,-0.02022,-0.10415,-0.0548,-0.5761,-0.10801,-0.01905,1.07119,-0.384,0,-0.90517,2.73722,2.4361,-1.22949,0.99242,5.42159,-0.00479,-1.52307,-2.35947,-3.19828,-1.98544,-1.71012,2.41877,0.05558,0.18925,0.09361,0.00796,0.00263,-0.00666,0.0004,-0.00051,0.18164,0.21854,0.47492,-0.02524,0.01063,-0.05433,-0.02595
19.44,0.05673,0.02407,-0.06401,-0.03702,-0.13287,-0.06892,-0.55753,-0.10353,-0.04815,1.0538,-0.384,0,-0.71815,2.71108,2.03355,-1.30645,1.01077,5.79011,-0.03978,-1.29615,-2.36437,-3.0467,-1.7737,-1.86833,2.58029,0.09713,0.22834,0.11886,-0.01866,0.00183,-0.00283,0.00434,0.00167,0.21777,0.23812,0.42461,-0.01551,0.00591,-0.04912,-0.02301
19.46,0.05906,0.02712,-0.07971,-0.05499,-0.15749,-0.08081,-0.52938,-0.09624,-0.07204,1.01103,-0.384,0,-0.55831,2.64196,1.62926,-1.3616,0.97424,5.99486,-0.05929,-1.16156,-2.34918,-2.7838,-1.5058,-1.96477,2.72976,0.12242,0.26121,0.1402,-0.03954,0.00129,0.00068,0.00777,0.0036,0.24731,0.24789,0.35744,-0.00528,0.00093,-0.04171,-0.01905
19.48,0.05944,0.02929,-0.09261,-0.07368,-0.17661,-0.09008,-0.49323,-0.0865,-0.08986,0.94384,-0.384,0,-0.42975,2.53603,1.24613,-1.39367,0.89528,6.02477,-0.06511,-1.10179,-2.31466,-2.43621,-1.19881,-2.00038,2.86223,0.13293,0.28627,0.15756,-0.05386,0.00057,0.00379,0.01056,0.00521,0.26833,0.24895,0.27851,0.00511,-0.00404,-0.03262,-0.01433
19.5,0.05779,0.03052,-0.10278,-0.09245,-0.18887,-0.09644,-0.45135,-0.07481,-0.10138,0.85546,-0.384,0,-0.34337,2.40372,0.90119,-1.40118,0.79345,5.88413,-0.06137,-1.0908,-2.25983,-2.03969,-0.87435,-1.97714,2.97062,0.132,0.30203,0.17103,-0.06068,-0.00075,0.00644,0.01256,0.00642,0.27914,0.24294,0.1944,0.01499,-0.0087,-0.02254,-0.00922
19.52,0.0541,0.03078,-0.11027,-0.1105,-0.19307,-0.09969,-0.40632,-0.06173,-0.10675,0.75055,-0.384,0,-0.31273,2.25709,0.60645,-1.38267,0.6908,5.58776,-0.05314,-1.0987,-2.18243,-1.63324,-0.55556,-1.89735,3.04721,0.124,0.30716,0.18087,-0.059,-0.00302,0.00852,0.01357,0.00713,0.27839,0.23181,0.11244,0.02355,-0.01276,-0.0123,-0.00412
19.54,0.04843,0.03005,-0.11521,-0.12704,-0.1885,-0.09979,-0.36033,-0.04777,-0.10643,0.63372,-0.384,0,-0.34718,2.1058,0.36779,-1.33736,0.60504,5.15583,-0.04474,-1.09763,-2.07967,-1.24934,-0.26163,-1.76333,3.08667,0.11322,0.30087,0.18745,-0.048,-0.00652,0.00992,0.01345,0.00726,0.26537,0.21748,0.03909,0.03009,-0.01598,-0.00266,0.0006
19.56,0.04091,0.02839,-0.11785,-0.14132,-0.1751,-0.0969,-0.31488,-0.03338,-0.10117,0.50896,-0.384,0,-0.44673,1.9549,0.18498,-1.2658,0.54511,4.61213,-0.03854,-1.0658,-1.94913,-0.90862,-0.00488,-1.57789,3.08811,0.10316,0.28319,0.1914,-0.02715,-0.01139,0.01056,0.01211,0.00676,0.24026,0.20175,-0.02075,0.03417,-0.01822,0.00577,0.00465
19.58,0.03182,0.02589,-0.1185,-0.15255,-0.1537,-0.09141,-0.27103,-0.01902,-0.09201,0.38045,-0.384,0,-0.60024,1.80533,0.05324,-1.1705,0.51057,3.98725,-0.03471,-0.98864,-1.78986,-0.62119,0.20784,-1.34562,3.05547,0.09647,0.25514,0.19347,0.00352,-0.01761,0.01037,0.0095,0.00559,0.2044,0.18633,-0.0635,0.03565,-0.01938,0.01247,0.00778
19.6,0.02159,0.02273,-0.11754,-0.15981,-0.12588,-0.08394,-0.22973,-0.00525,-0.08022,0.25327,-0.384,0,-0.78616,1.65543,-0.03484,-1.05615,0.49313,3.32088,-0.03153,-0.8587,-1.60318,-0.38991,0.37297,-1.07396,2.99656,0.09501,0.21871,0.19452,0.04331,-0.02498,0.00932,0.00567,0.00378,0.16026,0.17291,-0.0865,0.03461,-0.01943,0.01695,0.00978
19.62,0.01074,0.01912,-0.11534,-0.16217,-0.09375,-0.07517,-0.19179,0.00733,-0.06705,0.13279,-0.384,0,-0.97729,1.50229,-0.08774,-0.92875,0.48035,2.6561,-0.02642,-0.67502,-1.39236,-0.21284,0.48949,-0.77269,2.92001,0.0999,0.17641,0.19529,0.09072,-0.03317,0.00739,0.00076,0.00139,0.11099,0.16293,-0.08832,0.03129,-0.01837,0.01886,0.0105
19.64,-0.00027,0.01524,-0.11223,-0.1589,-0.05933,-0.0657,-0.15763,0.01819,-0.05334,0.02317,-0.384,0,-1.14798,1.3429,-0.11387,-0.79409,0.46063,2.0288,-0.01736,-0.44209,-1.16162,-0.08469,0.55945,-0.45244,2.83095,0.11147,0.13064,0.19619,0.14329,-0.04178,0.00468,-0.00501,-0.00147,0.05958,0.15713,-0.0697,0.02604,-0.0163,0.01808,0.00991
19.66,-0.01109,0.01125,-0.10847,-0.14974,-0.02436,-0.05595,-0.12712,0.02701,-0.03933,-0.07335,-0.384,0,-1.27855,1.17553,-0.12083,-0.6572,0.42674,1.4624,-0.0039,-0.17021,-0.91634,0.00182,0.58817,-0.12488,2.7284,0.12917,0.08334,0.19709,0.1973,-0.05039,0.00142,-0.01129,-0.00461,0.00854,0.15529,-0.03426,0.01931,-0.0134,0.01488,0.00814
19.68,-0.02145,0.00729,-0.1043,-0.13492,0.00949,-0.04621,-0.09991,0.03358,-0.02468,-0.15585,-0.384,0,-1.35524,1.00137,-0.11509,-0.52323,0.37693,0.97103,0.01243,0.12257,-0.66485,0.05483,0.58392,0.19487,2.60527,0.15149,0.03632,0.19733,0.24732,-0.05853,-0.00197,-0.01755,-0.00776,-0.03983,0.15612,0.01112,0.01168,-0.00998,0.00994,0.00555
19.7,-0.03104,0.00352,-0.09994,-0.11522,0.04045,-0.03669,-0.07557,0.03775,-0.00865,-0.22389,-0.384,0,-1.36914,0.82527,-0.10183,-0.3982,0.31459,0.56419,0.0284,0.40981,-0.41969,0.08238,0.55712,0.48663,2.44997,0.17589,-0.0085,0.19573,0.28613,-0.06559,-0.00493,-0.02305,-0.01054,-0.0831,0.1575,0.05656,0.00388,-0.00646,0.00431,0.00265
19.72,-0.03957,0.00011,-0.09557,-0.09168,0.06677,-0.0276,-0.05378,0.03938,0.00961,-0.27734,-0.384,0,-1.31618,0.65428,-0.08502,-0.28817,0.24626,0.24753,0.04002,0.66153,-0.19531,0.09177,0.5185,0.72871,2.24967,0.19917,-0.04915,0.19099,0.3063,-0.07093,-0.00684,-0.02705,-0.01255,-0.11893,0.15697,0.09129,-0.00331,-0.00332,-0.00082,0
19.74,-0.04679,-0.00283,-0.09136,-0.06532,0.08718,-0.01904,-0.03422,0.03845,0.0307,-0.31655,-0.33705,0,-1.19807,0.49464,-0.06751,-0.19721,0.17861,0.021,0.04425,0.85258,-0.00371,0.08923,0.47666,0.90461,1.99473,0.21803,-0.08417,0.18218,0.30257,-0.07413,-0.00726,-0.02899,-0.01349,-0.14563,0.15253,0.10669,-0.00928,-0.00091,-0.00448,-0.00191
19.76,-0.05259,-0.00523,-0.0874,-0.03696,0.10111,-0.01106,-0.01667,0.03502,0.05464,-0.34252,-0.25546,0,-1.02353,0.35018,-0.05115,-0.12626,0.11661,-0.1221,0.03998,0.96793,0.14808,0.0797,0.43665,1.00722,1.68272,0.22944,-0.11277,0.1691,0.27365,-0.07501,-0.00604,-0.02869,-0.01328,-0.16247,0.14315,0.09851,-0.01366,0.00056,-0.00616,-0.00283
19.78,-0.05692,-0.00709,-0.08378,-0.00738,0.10863,-0.00371,-0.00109,0.02931,0.08066,-0.35658,-0.1726,0,-0.80975,0.22312,-0.03697,-0.07349,0.06354,-0.19386,0.02841,1.00281,0.25735,0.06683,0.39984,1.03893,1.32161,0.23059,-0.13463,0.15252,0.22281,-0.07377,-0.0034,-0.02638,-0.01205,-0.16965,0.12901,0.06732,-0.01638,0.00109,-0.00582,-0.00275
19.8,-0.05973,-0.00841,-0.0806,0.02245,0.1103,0.00292,0.01222,0.02169,0.10709,-0.36018,-0.09197,0,-0.5821,0.11519,-0.02537,-0.03515,0.02152,-0.20984,0.0127,0.96098,0.32429,0.0531,0.36464,1.00967,0.93068,0.21889,-0.14971,0.1341,0.15749,-0.07083,0.00014,-0.02267,-0.01011,-0.168,0.11143,0.01808,-0.01753,0.00082,-0.00386,-0.00187
19.82,-0.06101,-0.00921,-0.07796,0.05158,0.10695,0.00869,0.02275,0.01261,0.13183,-0.35474,-0.01766,0,-0.36898,0.02773,-0.01631,-0.00676,-0.00828,-0.18672,-0.003,0.85229,0.35135,0.04,0.32796,0.93376,0.53606,0.19247,-0.15812,0.11596,0.08728,-0.06678,0.00388,-0.01833,-0.00791,-0.15878,0.09237,-0.04169,-0.01734,1e-05,-0.00095,-0.0005
19.84,-0.06078,-0.00953,-0.07591,0.07934,0.0995,0.01354,0.03,0.00257,0.15306,-0.34169,0.04688,0,-0.19351,-0.03891,-0.00949,0.01569,-0.02579,-0.13988,-0.01515,0.69005,0.34332,0.02838,0.28715,0.82597,0.16278,0.15098,-0.16025,0.10001,0.021,-0.06215,0.00717,-0.01413,-0.00583,-0.14335,0.07377,-0.10435,-0.01607,-0.0011,0.00224,0.00103
19.86,-0.05912,-0.00941,-0.07446,0.10552,0.08892,0.01748,0.03368,-0.00795,0.1697,-0.32256,0.09943,0,-0.06831,-0.0857,-0.00455,0.03485,-0.03198,-0.08203,-0.02175,0.48994,0.30757,0.01864,0.2415,0.69936,-0.16943,0.0963,-0.1568,0.08751,-0.0351,-0.0573,0.00952,-0.01061,-0.00417,-0.12308,0.05713,-0.16372,-0.01399,-0.0023,0.00513,0.00243
19.88,-0.0562,-0.0089,-0.07352,0.1302,0.07626,0.02062,0.03366,-0.01837,0.18135,-0.29908,0.13876,0,0.00469,-0.11459,-0.00111,0.05158,-0.02888,-0.02319,-0.02256,0.27112,0.25418,0.01089,0.1929,0.56557,-0.44456,0.03311,-0.14883,0.07908,-0.07739,-0.05248,0.01065,-0.00811,-0.0031,-0.09947,0.04353,-0.21497,-0.01131,-0.00343,0.0073,0.00349
19.9,-0.05225,-0.00809,-0.07303,0.15352,0.06266,0.02308,0.02997,-0.02799,0.18816,-0.27328,0.16416,0,0.03217,-0.12794,0.00117,0.06501,-0.0193,0.02886,-0.01889,0.05657,0.19556,0.00504,0.14583,0.4355,-0.64818,-0.0312,-0.13768,0.07479,-0.10425,-0.0478,0.01041,-0.00681,-0.0027,-0.07422,0.03378,-0.25417,-0.00828,-0.00436,0.00841,0.00403
19.92,-0.04755,-0.00704,-0.07284,0.17556,0.04927,0.02501,0.02277,-0.03608,0.19063,-0.24734,0.17546,0,0.02587,-0.12831,0.00254,0.07328,-0.00633,0.06848,-0.01289,-0.1309,0.14408,0.00087,0.1058,0.31842,-0.76924,-0.08839,-0.12481,0.07431,-0.11584,-0.04335,0.00883,-0.00673,-0.00295,-0.04906,0.02838,-0.27835,-0.00509,-0.00501,0.00826,0.00395
19.94,-0.04236,-0.00581,-0.07285,0.19634,0.03702,0.02654,0.0124,-0.04213,0.1895,-0.22324,0.17337,0,-0.00188,-0.11831,0.00326,0.07474,0.00732,0.09239,-0.00671,-0.27539,0.10845,-0.00189,0.07693,0.22011,-0.80465,-0.13219,-0.11151,0.07694,-0.11402,-0.03915,0.00607,-0.00774,-0.00377,-0.02542,0.02751,-0.28589,-0.00192,-0.00531,0.00673,0.00318
19.96,-0.03689,-0.00448,-0.07292,0.2158,0.0265,0.02779,-0.00057,-0.04593,0.18569,-0.2026,0.15976,0,-0.04098,-0.10055,0.0035,0.06869,0.01978,0.09973,-0.00187,-0.37215,0.0914,-0.00351,0.06038,0.14179,-0.76263,-0.16018,-0.09873,0.08162,-0.10227,-0.03521,0.00248,-0.00957,-0.005,-0.00428,0.03088,-0.27682,0.00115,-0.00526,0.00387,0.00174
19.98,-0.03135,-0.00311,-0.07294,0.23353,0.01806,0.02886,-0.01518,-0.04763,0.18032,-0.18685,0.13776,0,-0.08407,-0.07781,0.00344,0.05573,0.02997,0.09193,0.00082,-0.42779,0.08924,-0.00428,0.05407,0.08059,-0.66351,-0.17402,-0.08716,0.08694,-0.08583,-0.03162,-0.00143,-0.0118,-0.00639,0.01372,0.03774,-0.25293,0.00403,-0.00488,-0.00014,-0.00027
20,-0.02595,-0.00179,-0.07278,0.24878,0.01183,0.0298,-0.03011,-0.0476,0.17461,-0.17734,0.11166,0,-0.12614,-0.05302,0.00317,0.03754,0.03751,0.07239,0.00119,-0.45812,0.09277,-0.00443,0.05324,0.03048,-0.53816,-0.17868,-0.07731,0.09116,-0.07137,-0.02848,-0.00493,-0.01385,-0.00763,0.02809,0.04693,-0.21756,0.00667,-0.00424,-0.00494,-0.00265
20.02,-0.02095,-0.00061,-0.07235,0.26057,0.00781,0.03063,-0.0439,-0.04637,0.16975,-0.17515,0.0861,0,-0.16413,-0.02898,0.00279,0.01642,0.04246,0.04551,-0.00048,-0.48318,0.09014,-0.00416,0.05188,-0.01636,-0.42136,-0.1805,-0.06952,0.09253,-0.06564,-0.02596,-0.0073,-0.01515,-0.00839,0.03854,0.05706,-0.17494,0.00902,-0.00341,-0.01011,-0.00519
20.04,-0.01649,0.00035,-0.07154,0.26819,0.00583,0.03135,-0.05528,-0.04442,0.16655,-0.18072,0.06495,0,-0.19648,-0.0078,0.00236,-0.0055,0.04515,0.01529,-0.00371,-0.52069,0.0708,-0.00363,0.04468,-0.0681,-0.34228,-0.18459,-0.06387,0.08981,-0.07354,-0.02416,-0.00799,-0.01523,-0.00843,0.04508,0.06688,-0.12917,0.011,-0.00248,-0.01522,-0.00766
20.06,-0.01264,0.00106,-0.07029,0.27139,0.00553,0.03193,-0.06343,-0.04209,0.16522,-0.19357,0.05053,0,-0.22279,0.00933,0.00192,-0.02664,0.04594,-0.0154,-0.00791,-0.58146,0.02831,-0.00296,0.02844,-0.13206,-0.31814,-0.19301,-0.0601,0.08258,-0.09667,-0.02314,-0.0068,-0.01393,-0.00766,0.04816,0.07542,-0.08375,0.01254,-0.00152,-0.01995,-0.0099
20.08,-0.0094,0.00149,-0.06855,0.27044,0.0064,0.03232,-0.06798,-0.03958,0.16536,-0.21212,0.04359,0,-0.24348,0.02213,0.00149,-0.04598,0.04528,-0.04484,-0.01246,-0.66773,-0.03865,-0.00224,0.0025,-0.21398,-0.35285,-0.20426,-0.05769,0.07139,-0.13281,-0.02289,-0.00395,-0.01139,-0.00618,0.04859,0.08202,-0.04178,0.01355,-0.00059,-0.02402,-0.01178
20.1,-0.00671,0.00165,-0.06634,0.26604,0.00775,0.03246,-0.0689,-0.03696,0.16603,-0.23376,0.04353,0,-0.25945,0.03096,0.0011,-0.06285,0.04356,-0.07212,-0.01667,-0.77358,-0.12646,-0.00151,-0.03137,-0.31741,-0.43858,-0.21372,-0.05589,0.05768,-0.17631,-0.02335,1e-05,-0.00803,-0.00423,0.04751,0.08617,-0.00624,0.0139,0.00024,-0.02717,-0.01318
20.12,-0.0045,0.00156,-0.06367,0.25907,0.00888,0.03226,-0.06641,-0.03423,0.16601,-0.25531,0.04888,0,-0.2717,0.03658,0.00077,-0.07679,0.04119,-0.0968,-0.01984,-0.88771,-0.22812,-0.00081,-0.06988,-0.44308,-0.55969,-0.21534,-0.05387,0.04331,-0.21979,-0.0244,0.00433,-0.00439,-0.00215,0.04615,0.08756,0.02016,0.01346,0.00091,-0.02919,-0.01401
20.14,-0.00267,0.00124,-0.06059,0.25035,0.00919,0.03169,-0.06093,-0.03134,0.16421,-0.27369,0.05787,0,-0.28091,0.03981,0.0005,-0.08755,0.03848,-0.11861,-0.02151,-0.99766,-0.33548,-0.00014,-0.10942,-0.58814,-0.69828,-0.20428,-0.0509,0.02994,-0.2567,-0.02589,0.00835,-0.00098,-0.00023,0.04557,0.08596,0.03545,0.0122,0.00137,-0.0299,-0.01422
20.16,-0.00112,0.00076,-0.05713,0.24044,0.0083,0.03076,-0.05307,-0.02827,0.15991,-0.28641,0.06873,0,-0.28706,0.04132,0.0003,-0.09499,0.03565,-0.13713,-0.02145,-1.09233,-0.44047,0.00048,-0.14685,-0.74517,-0.8374,-0.17877,-0.0465,0.01856,-0.28302,-0.02761,0.01161,0.00188,0.00134,0.04644,0.08131,0.03872,0.01019,0.00158,-0.02926,-0.01379
20.18,0.00026,0.00018,-0.05335,0.22968,0.00607,0.02958,-0.04365,-0.02502,0.15286,-0.2915,0.07976,0,-0.28938,0.04154,0.00016,-0.09901,0.03285,-0.15156,-0.01978,-1.16188,-0.53461,0.00105,-0.17938,-0.90066,-0.96089,-0.14069,-0.04046,0.0095,-0.29742,-0.0293,0.01393,0.00405,0.00248,0.04904,0.07365,0.03013,0.00769,0.00151,-0.0273,-0.01274
20.2,0.00156,-0.00038,-0.04937,0.21826,0.00258,0.0283,-0.03374,-0.02165,0.14329,-0.28745,0.08924,0,-0.28632,0.04068,7e-05,-0.09951,0.03018,-0.16067,-0.01689,-1.19719,-0.60856,0.00156,-0.20434,-1.03508,-1.0527,-0.09528,-0.03291,0.00256,-0.30078,-0.03065,0.01531,0.00557,0.00322,0.05324,0.06324,0.01077,0.00507,0.00116,-0.02414,-0.01115
20.22,0.00285,-0.00083,-0.04532,0.20627,-0.00194,0.02711,-0.02447,-0.01826,0.1317,-0.27321,0.09568,0,-0.27612,0.03882,3e-05,-0.09641,0.02768,-0.16313,-0.01332,-1.19081,-0.65346,0.002,-0.21943,-1.12713,-1.0987,-0.0495,-0.02412,-0.00273,-0.29528,-0.03133,0.01588,0.00654,0.00362,0.05867,0.05046,-0.01748,0.00277,0.00053,-0.01999,-0.00912
20.24,0.00418,-0.00108,-0.0413,0.19369,-0.00724,0.02615,-0.0167,-0.01493,0.11865,-0.24837,0.09805,0,-0.25755,0.03598,1e-05,-0.08979,0.02535,-0.15808,-0.00957,-1.13897,-0.66347,0.00235,-0.22329,-1.16079,-1.08998,-0.00948,-0.0144,-0.00687,-0.2832,-0.03107,0.01579,0.00709,0.00376,0.06487,0.03585,-0.05219,0.00113,-0.00037,-0.01511,-0.00677
20.26,0.00558,-0.0011,-0.03735,0.18038,-0.01312,0.02547,-0.01089,-0.01172,0.1046,-0.21336,0.09606,0,-0.2305,0.03224,1e-05,-0.07999,0.02316,-0.14563,-0.00603,-1.04324,-0.63762,0.00261,-0.21589,-1.1302,-1.02533,0.02108,-0.004,-0.01024,-0.26616,-0.02974,0.01516,0.0073,0.00372,0.07143,0.0201,-0.09037,0.00036,-0.00147,-0.00978,-0.00423
20.28,0.00703,-0.00089,-0.03348,0.16628,-0.01936,0.02505,-0.00709,-0.00864,0.09003,-0.16973,0.09021,0,-0.19633,0.0278,3e-05,-0.06774,0.02102,-0.12699,-0.00294,-0.91153,-0.58032,0.00274,-0.19868,-1.04095,-0.91215,0.04101,0.00686,-0.01298,-0.24509,-0.02735,0.01407,0.00722,0.00351,0.07797,0.00418,-0.12816,0.00043,-0.00268,-0.00437,-0.0017
20.3,0.00849,-0.00049,-0.02973,0.15141,-0.02574,0.02477,-0.005,-0.00574,0.07548,-0.12024,0.08166,0,-0.15787,0.02299,5e-05,-0.05413,0.01887,-0.10441,-0.00048,-0.75777,-0.50079,0.00273,-0.17439,-0.90876,-0.76571,0.05127,0.01788,-0.01499,-0.22034,-0.02405,0.01255,0.00684,0.00317,0.08404,-0.01057,-0.16082,0.00121,-0.00386,0.00063,0.00061
20.32,0.00989,3e-05,-0.0261,0.13589,-0.03197,0.02448,-0.00416,-0.00304,0.06151,-0.06842,0.07195,0,-0.11869,0.01816,7e-05,-0.04042,0.01664,-0.08067,0.00128,-0.59876,-0.41064,0.00255,-0.1464,-0.7547,-0.60522,0.05406,0.02871,-0.01608,-0.19204,-0.02008,0.01065,0.00614,0.00269,0.0892,-0.02276,-0.1835,0.00243,-0.00488,0.00475,0.00247
20.34,0.01115,0.00059,-0.02261,0.11979,-0.03777,0.02404,-0.00407,-0.00055,0.04857,-0.01771,0.06246,0,-0.08197,0.01364,8e-05,-0.02768,0.01427,-0.05823,0.00232,-0.44904,-0.32028,0.00221,-0.11776,-0.59822,-0.44787,0.05185,0.03898,-0.01611,-0.16044,-0.01569,0.00839,0.00512,0.00209,0.09302,-0.03133,-0.19263,0.00383,-0.0056,0.0076,0.00371
20.36,0.01221,0.00113,-0.01922,0.10316,-0.04282,0.02336,-0.00436,0.00178,0.03689,0.02895,0.05418,0,-0.04983,0.00965,8e-05,-0.01664,0.01172,-0.03877,0.0027,-0.31799,-0.23688,0.00173,-0.09062,-0.45292,-0.3054,0.04673,0.04827,-0.01516,-0.12627,-0.01109,0.00589,0.00381,0.00139,0.09511,-0.03586,-0.18689,0.0052,-0.00596,0.00905,0.00427
20.38,0.01305,0.00161,-0.01592,0.08611,-0.04673,0.02241,-0.00478,0.00402,0.02659,0.06885,0.04763,0,-0.02345,0.00634,8e-05,-0.0077,0.00901,-0.02319,0.00251,-0.21007,-0.16439,0.00118,-0.06628,-0.32659,-0.18426,0.04024,0.0561,-0.01354,-0.09111,-0.00651,0.00331,0.00235,0.00065,0.09511,-0.0366,-0.16742,0.00638,-0.00594,0.00917,0.00419
20.4,0.01364,0.00198,-0.01272,0.06891,-0.04903,0.0212,-0.00523,0.00623,0.01779,0.09922,0.04298,0,-0.00331,0.00378,8e-05,-0.00101,0.0062,-0.01184,0.00191,-0.12619,-0.10442,0.00066,-0.04548,-0.22267,-0.08709,0.03346,0.06181,-0.01177,-0.05744,-0.00218,0.00089,0.00091,-2e-05,0.09267,-0.03437,-0.13755,0.00725,-0.0056,0.00823,0.00362
20.42,0.01396,0.00222,-0.00965,0.05196,-0.04926,0.01981,-0.00566,0.00848,0.01055,0.11753,0.04017,0,0.01058,0.00202,8e-05,0.0034,0.0034,-0.00464,0.00103,-0.06491,-0.05698,0.00028,-0.02851,-0.14152,-0.01385,0.02702,0.06476,-0.01042,-0.02809,0.00166,-0.00108,-0.00029,-0.00054,0.08752,-0.03025,-0.10185,0.00774,-0.00501,0.0066,0.00274
20.44,0.01401,0.0023,-0.00674,0.03559,-0.04713,0.01829,-0.00611,0.01082,0.00486,0.12229,0.03892,0,0.01864,0.00101,8e-05,0.0057,0.00072,-0.00115,3e-05,-0.02339,-0.02107,0.00011,-0.01531,-0.08134,0.03725,0.02126,0.06455,-0.00996,-0.00514,0.00483,-0.00241,-0.00111,-0.00084,0.07957,-0.02535,-0.06473,0.00778,-0.00424,0.00467,0.00175
20.46,0.01382,0.00223,-0.00399,0.02001,-0.04265,0.01669,-0.00659,0.01326,0.00058,0.11349,0.03885,0,0.02169,0.00067,0.0001,0.00617,-0.00175,-0.0007,-0.001,0.00189,0.00483,0.00019,-0.00553,-0.03903,0.06905,0.01622,0.06119,-0.01058,0.01068,0.00723,-0.00304,-0.00147,-0.00088,0.06902,-0.02052,-0.02957,0.00738,-0.00337,0.00272,0.00079
20.48,0.01343,0.00203,-0.00141,0.00541,-0.03614,0.01507,-0.00712,0.01576,-0.00253,0.09281,0.03947,0,0.02087,0.00081,0.00011,0.00525,-0.00391,-0.00233,-0.00203,0.01466,0.0224,0.00048,0.00132,-0.01077,0.08488,0.01176,0.05514,-0.01219,0.02005,0.00884,-0.00303,-0.00142,-0.00071,0.05646,-0.01639,0.00116,0.00658,-0.00247,0.001,-2e-05
20.5,0.01292,0.00173,0.00098,-0.00793,-0.02832,0.01348,-0.00772,0.0182,-0.00473,0.06343,0.04019,0,0.01756,0.00121,0.00012,0.00345,-0.00567,-0.00493,-0.00303,0.01859,0.03321,0.00089,0.00582,0.00751,0.08829,0.00759,0.04734,-0.01438,0.02477,0.00967,-0.00259,-0.0011,-0.00041,0.04285,-0.01341,0.02563,0.00543,-0.00164,-0.00032,-0.00061
20.52,0.01238,0.00139,0.00314,-0.0197,-0.02003,0.01196,-0.00841,0.02043,-0.00632,0.02938,0.04044,0,0.01317,0.0016,0.00013,0.00133,-0.0069,-0.00732,-0.00399,0.01697,0.03866,0.00131,0.00853,0.01974,0.08266,0.00329,0.03892,-0.01666,0.02711,0.0098,-0.00197,-0.00067,-9e-05,0.0294,-0.01185,0.04252,0.00405,-0.00094,-0.0011,-0.0009
20.54,0.01186,0.00104,0.00502,-0.02963,-0.0121,0.01053,-0.00923,0.02231,-0.00756,-0.00549,0.03974,0,0.0089,0.0018,0.00012,-0.00062,-0.0075,-0.00856,-0.00493,0.01254,0.0399,0.00164,0.00997,0.02945,0.07107,-0.00165,0.03092,-0.01854,0.02915,0.0093,-0.0014,-0.00031,0.00018,0.01719,-0.01187,0.05097,0.00254,-0.00044,-0.00125,-0.00088
20.56,0.01143,0.00073,0.00661,-0.03762,-0.00514,0.00919,-0.01024,0.02373,-0.00872,-0.03802,0.0378,0,0.00553,0.00169,0.0001,-0.00206,-0.00742,-0.00802,-0.00582,0.00737,0.03794,0.00181,0.01054,0.03947,0.05618,-0.00781,0.02411,-0.01969,0.03218,0.00831,-0.00104,-9e-05,0.00033,0.00699,-0.01352,0.05063,0.00099,-0.00019,-0.0007,-0.0005
20.58,0.01111,0.00049,0.0079,-0.04366,0.0004,0.00789,-0.01152,0.02461,-0.00999,-0.06563,0.03457,0,0.00346,0.00126,7e-05,-0.00276,-0.00663,-0.00547,-0.00663,0.00287,0.03359,0.0018,0.01059,0.05189,0.04037,-0.0158,0.01898,-0.01998,0.03659,0.007,-0.00094,-6e-05,0.00034,-0.00066,-0.01673,0.0416,-0.00049,-0.00022,0.00056,0.00022
20.6,0.0109,0.00034,0.00888,-0.04774,0.00419,0.00657,-0.01317,0.02487,-0.01153,-0.08615,0.0302,0,0.00273,0.00056,2e-05,-0.00263,-0.00512,-0.00105,-0.00731,-0.00016,0.02751,0.00163,0.01033,0.06791,0.02575,-0.02613,0.01579,-0.01942,0.0419,0.00557,-0.00108,-0.00018,0.00025,-0.00542,-0.02131,0.02442,-0.00177,-0.00052,0.00252,0.00128
20.62,0.01082,0.00031,0.00952,-0.04989,0.006,0.00519,-0.01525,0.02448,-0.01345,-0.09788,0.02496,0,0.00317,-0.00028,-2e-05,-0.00166,-0.00293,0.00488,-0.00777,-0.00133,0.02021,0.00133,0.0099,0.08773,0.01409,-0.03901,0.01467,-0.01813,0.04716,0.00424,-0.0014,-0.00037,0.0001,-0.00711,-0.02693,0.00011,-0.00275,-0.00109,0.0051,0.00261
20.64,0.01084,0.00039,0.00983,-0.05018,0.00579,0.00371,-0.01783,0.02343,-0.01582,-0.1,0.01911,0,0.00455,-0.00112,-6e-05,6e-05,-0.00011,0.01189,-0.00798,-0.00045,0.01212,0.00096,0.0094,0.11046,0.00658,-0.054,0.01554,-0.01627,0.05136,0.00316,-0.00181,-0.00059,-7e-05,-0.00576,-0.03315,-0.02966,-0.00335,-0.00189,0.00816,0.00415
20.66,0.01096,0.00059,0.00981,-0.04876,0.00368,0.0021,-0.02091,0.02179,-0.01871,-0.09286,0.01282,0,0.00672,-0.00184,-8e-05,0.00238,0.00327,0.01954,-0.00791,0.00261,0.00363,0.00053,0.00893,0.13392,0.00368,-0.06976,0.01821,-0.01399,0.05382,0.00243,-0.00225,-0.00076,-0.00022,-0.00164,-0.0394,-0.06243,-0.00356,-0.00286,0.01149,0.00579
20.68,0.01116,0.00089,0.00948,-0.04589,3e-05,0.00041,-0.02439,0.01967,-0.0221,-0.07802,0.00618,0,0.00959,-0.00234,-0.0001,0.00504,0.0071,0.02734,-0.00759,0.00796,-0.0048,8e-05,0.00857,0.15444,0.00516,-0.08385,0.02229,-0.01147,0.05423,0.00202,-0.00268,-0.00088,-0.00033,0.00468,-0.04487,-0.09459,-0.00341,-0.00388,0.01471,0.00733
20.7,0.01143,0.00125,0.0089,-0.04192,-0.00464,-0.00128,-0.02809,0.01728,-0.02594,-0.05818,-0.00068,0,0.01312,-0.00255,-0.0001,0.00768,0.01119,0.03478,-0.0071,0.01563,-0.01264,-0.00039,0.0084,0.16699,0.01014,-0.09281,0.02725,-0.0089,0.0526,0.00185,-0.00306,-0.00093,-0.00041,0.01234,-0.04857,-0.12145,-0.003,-0.00483,0.01739,0.00857
20.72,0.01175,0.00164,0.0081,-0.03722,-0.00969,-0.00285,-0.03179,0.01486,-0.03009,-0.03653,-0.00769,0,0.01731,-0.0024,-9e-05,0.00992,0.01532,0.04132,-0.00651,0.02566,-0.01932,-0.00084,0.00848,0.16647,0.01739,-0.09307,0.03247,-0.00646,0.04913,0.00183,-0.00336,-0.00092,-0.00044,0.02041,-0.04951,-0.1381,-0.00247,-0.00553,0.01901,0.00926
20.74,0.01209,0.00202,0.00714,-0.03214,-0.01459,-0.00422,-0.0353,0.0126,-0.03443,-0.01589,-0.01474,0,0.02217,-0.00186,-7e-05,0.01146,0.01932,0.0466,-0.00591,0.03804,-0.02442,-0.00127,0.00877,0.14969,0.0256,-0.08224,0.03745,-0.0043,0.04409,0.00182,-0.00358,-0.00086,-0.00044,0.02807,-0.04701,-0.14095,-0.00192,-0.00588,0.01921,0.00922
20.76,0.01245,0.00237,0.00606,-0.02696,-0.01896,-0.00531,-0.03848,0.01064,-0.03878,0.00181,-0.02174,0,0.02767,-0.00095,-3e-05,0.01213,0.02305,0.0505,-0.00534,0.05277,-0.02768,-0.00164,0.00916,0.11677,0.03362,-0.06012,0.04183,-0.00255,0.03779,0.00177,-0.00369,-0.00075,-0.00041,0.03478,-0.04091,-0.12878,-0.00143,-0.00582,0.01784,0.00839
20.78,0.01283,0.00267,0.00489,-0.02191,-0.02258,-0.00606,-0.04126,0.00907,-0.04294,0.01554,-0.02854,0,0.03372,0.00024,1e-05,0.01194,0.02643,0.05312,-0.00484,0.06968,-0.02909,-0.00192,0.0094,0.0718,0.04042,-0.02907,0.04544,-0.00125,0.03051,0.00163,-0.00367,-0.00058,-0.00035,0.04029,-0.0317,-0.10305,-0.00106,-0.00537,0.015,0.00684
20.8,0.0132,0.0029,0.00368,-0.01722,-0.02536,-0.00647,-0.04362,0.00792,-0.0466,0.02495,-0.03487,0,0.04015,0.0016,5e-05,0.01102,0.02935,0.05476,-0.00441,0.08838,-0.02877,-0.00204,0.00914,0.02242,0.04503,0.00621,0.04819,-0.00045,0.0226,0.00143,-0.0035,-0.00033,-0.00025,0.04449,-0.02047,-0.06764,-0.00083,-0.00464,0.01103,0.00477
20.82,0.01358,0.00307,0.00246,-0.01309,-0.0273,-0.00653,-0.04555,0.0072,-0.04949,0.03023,-0.04044,0,0.04673,0.00295,0.0001,0.00957,0.03175,0.0558,-0.00406,0.10825,-0.02695,-0.00197,0.00799,-0.02222,0.04667,0.03992,0.05009,-0.00017,0.0144,0.00117,-0.00317,1e-05,-0.00011,0.04747,-0.00862,-0.02783,-0.00072,-0.00374,0.00641,0.00244
20.84,0.01395,0.00318,0.00129,-0.00962,-0.02844,-0.00623,-0.04709,0.00688,-0.05141,0.03184,-0.04504,0,0.05339,0.00415,0.00013,0.00777,0.03356,0.0566,-0.00379,0.12862,-0.02393,-0.00166,0.00559,-0.05463,0.04491,0.06709,0.05119,-0.00043,0.00606,0.00092,-0.00266,0.00047,7e-05,0.04935,0.00254,0.0113,-0.00073,-0.00283,0.00163,0.0001
20.86,0.01433,0.00323,0.00015,-0.00679,-0.02885,-0.00563,-0.04836,0.00692,-0.0523,0.03047,-0.04858,0,0.0602,0.00509,0.00015,0.00575,0.03472,0.05744,-0.00362,0.14873,-0.02007,-0.00114,0.00169,-0.07099,0.0398,0.08488,0.05157,-0.00122,-0.00252,0.00069,-0.00196,0.00107,0.0003,0.05036,0.01204,0.0458,-0.00083,-0.00199,-0.00293,-0.00204
20.88,0.01475,0.00324,-0.00093,-0.00444,-0.02866,-0.00479,-0.0495,0.00724,-0.05232,0.02695,-0.05113,0,0.06739,0.00569,0.00016,0.00356,0.0352,0.05847,-0.00359,0.16759,-0.01581,-0.00045,-0.0038,-0.07158,0.03192,0.09267,0.05133,-0.00254,-0.01161,0.0005,-0.00108,0.00181,0.00059,0.05073,0.01927,0.07281,-0.00097,-0.00132,-0.00693,-0.00382
20.9,0.01523,0.00324,-0.00197,-0.00238,-0.028,-0.00379,-0.05069,0.00775,-0.05172,0.02225,-0.05285,0,0.07527,0.00588,0.00015,0.00121,0.03498,0.05976,-0.00373,0.18389,-0.01166,0.00031,-0.01081,-0.0602,0.02239,0.09172,0.05057,-0.00436,-0.02155,0.00037,-5e-05,0.00269,0.00094,0.05071,0.02384,0.09028,-0.0011,-0.00088,-0.01008,-0.00513
20.92,0.01579,0.00325,-0.00295,-0.00035,-0.02696,-0.00273,-0.05213,0.00836,-0.05087,0.01732,-0.05395,0,0.08417,0.00565,0.00013,-0.00132,0.03405,0.06126,-0.00409,0.196,-0.00818,0.00101,-0.01915,-0.04272,0.01268,0.08441,0.04939,-0.0066,-0.03253,0.0003,0.00108,0.00368,0.00135,0.05055,0.02561,0.09701,-0.00117,-0.00073,-0.01216,-0.00588
20.94,0.01646,0.0033,-0.00389,0.00187,-0.02563,-0.00168,-0.05402,0.00895,-0.05007,0.01285,-0.05464,0,0.0944,0.00499,8e-05,-0.00408,0.03245,0.06291,-0.0047,0.20232,-0.00582,0.00155,-0.02857,-0.02521,0.00433,0.07318,0.04782,-0.00911,-0.04429,0.00031,0.0022,0.00471,0.00179,0.05033,0.02465,0.09294,-0.00111,-0.00088,-0.01306,-0.00605
20.96,0.01724,0.00341,-0.00479,0.00445,-0.02398,-0.00065,-0.05651,0.00944,-0.04958,0.00917,-0.05513,0,0.10617,0.00392,2e-05,-0.00707,0.0303,0.06463,-0.00556,0.20135,-0.00487,0.00189,-0.0388,-0.01266,-0.00119,0.05996,0.04589,-0.01164,-0.05587,0.00043,0.00318,0.00569,0.00222,0.05004,0.02135,0.07932,-0.00084,-0.00132,-0.01284,-0.00569
20.98,0.01812,0.00359,-0.00568,0.00743,-0.02193,0.00039,-0.05972,0.00977,-0.04951,0.00625,-0.0556,0,0.11947,0.00252,-6e-05,-0.01029,0.0278,0.06631,-0.0066,0.19175,-0.00546,0.00201,-0.04945,-0.00879,-0.00245,0.04607,0.04356,-0.01382,-0.06549,0.00071,0.00384,0.00644,0.00256,0.04946,0.01636,0.05889,-0.00031,-0.002,-0.01175,-0.00494
21,0.01907,0.00386,-0.00656,0.01078,-0.01937,0.0015,-0.06367,0.00984,-0.04993,0.00372,-0.05617,0,0.13406,0.00088,-0.00015,-0.01365,0.02526,0.06783,-0.00775,0.17239,-0.00756,0.00195,-0.05996,-0.01611,0.00189,0.03233,0.04079,-0.01515,-0.0706,0.0012,0.00393,0.00677,0.0027,0.04826,0.01061,0.0357,0.00056,-0.00282,-0.01015,-0.00401
21.02,0.02003,0.00421,-0.00743,0.01437,-0.0162,0.00276,-0.06829,0.00962,-0.05081,0.00113,-0.05688,0,0.14949,-0.00085,-0.00024,-0.01705,0.02301,0.06904,-0.0089,0.14279,-0.01103,0.00177,-0.06971,-0.0358,0.01279,0.01924,0.03757,-0.01517,-0.0687,0.00194,0.00325,0.00646,0.00255,0.04612,0.00512,0.01423,0.00181,-0.00368,-0.00848,-0.00313
21.04,0.02096,0.00465,-0.00829,0.01807,-0.01244,0.0042,-0.07334,0.00906,-0.05207,-0.00182,-0.05757,0,0.16531,-0.00257,-0.00033,-0.0203,0.02126,0.06986,-0.00995,0.10367,-0.01559,0.00153,-0.07817,-0.06737,0.03043,0.00711,0.03397,-0.01361,-0.05847,0.00294,0.00169,0.00542,0.00206,0.04288,0.00071,-0.00191,0.00344,-0.00447,-0.00711,-0.00249
21.06,0.02181,0.00514,-0.00914,0.02173,-0.00829,0.00579,-0.07839,0.00816,-0.05357,-0.0051,-0.05785,0,0.18113,-0.00423,-0.00042,-0.02322,0.02006,0.07024,-0.01088,0.05753,-0.02083,0.00126,-0.08502,-0.10829,0.0538,-0.00379,0.03019,-0.01062,-0.04068,0.00414,-0.00062,0.00373,0.00126,0.03872,-0.00214,-0.01087,0.00538,-0.00513,-0.00624,-0.00217
21.08,0.02255,0.00565,-0.00997,0.0252,-0.00421,0.00743,-0.08273,0.00697,-0.05512,-0.00826,-0.05708,0,0.19648,-0.0058,-0.00049,-0.02553,0.01926,0.07021,-0.0117,0.00918,-0.02618,0.00101,-0.09008,-0.15364,0.0804,-0.01315,0.02662,-0.00673,-0.01849,0.0054,-0.00335,0.00163,0.00029,0.0342,-0.00333,-0.01265,0.00749,-0.00561,-0.00589,-0.00218
21.1,0.02312,0.00609,-0.01075,0.02828,-0.00086,0.00893,-0.08545,0.00557,-0.05648,-0.01049,-0.0544,0,0.21075,-0.00726,-0.00055,-0.02693,0.01857,0.06985,-0.01245,-0.03443,-0.03088,0.00078,-0.09328,-0.19624,0.1064,-0.02049,0.02381,-0.0029,0.00281,0.00652,-0.00594,-0.00043,-0.00064,0.03026,-0.00308,-0.00885,0.00951,-0.0059,-0.00593,-0.00242
21.12,0.02349,0.0064,-0.01145,0.03076,0.00102,0.01007,-0.08555,0.00408,-0.05738,-0.01078,-0.04892,0,0.22328,-0.00862,-0.0006,-0.02709,0.01763,0.06925,-0.0132,-0.06578,-0.03416,0.00058,-0.09456,-0.22833,0.12758,-0.02534,0.02234,-0.00019,0.0172,0.00728,-0.00776,-0.00195,-0.00128,0.02794,-0.00179,-0.00193,0.01119,-0.00598,-0.00616,-0.00274
21.14,0.02363,0.00653,-0.01205,0.03247,0.00085,0.01068,-0.08232,0.00261,-0.05764,-0.00835,-0.04,0,0.23358,-0.00986,-0.00063,-0.02581,0.01617,0.06846,-0.01397,-0.07935,-0.03539,0.00042,-0.09384,-0.24414,0.14087,-0.02741,0.0227,0.00058,0.02011,0.00748,-0.00833,-0.00256,-0.00145,0.02805,0.00012,0.00574,0.01228,-0.00586,-0.00636,-0.00301
21.16,0.02353,0.00643,-0.01252,0.0333,-0.00156,0.01068,-0.07555,0.00129,-0.05718,-0.00281,-0.02748,0,0.24142,-0.01092,-0.00064,-0.02312,0.01407,0.0675,-0.01476,-0.07339,-0.03426,0.0003,-0.09097,-0.24167,0.14537,-0.02675,0.02504,-0.00089,0.00988,0.00704,-0.00746,-0.00209,-0.00107,0.03092,0.0023,0.01253,0.01268,-0.00558,-0.00641,-0.00315
21.18,0.02321,0.00612,-0.01285,0.03322,-0.00602,0.01012,-0.06564,0.00023,-0.05609,0.0057,-0.0118,0,0.24684,-0.01172,-0.00062,-0.01926,0.01144,0.0663,-0.01552,-0.05034,-0.03082,0.0002,-0.08578,-0.2231,0.14255,-0.02381,0.02923,-0.00431,-0.0118,0.00599,-0.00532,-0.00067,-0.0002,0.03631,0.00451,0.01766,0.01237,-0.00518,-0.00625,-0.00314
21.2,0.0227,0.00565,-0.01306,0.03225,-0.01194,0.00912,-0.05353,-0.00044,-0.05454,0.01654,0.00594,0,0.25003,-0.01213,-0.00058,-0.01475,0.00856,0.06475,-0.01613,-0.01636,-0.02545,0.00012,-0.07808,-0.19427,0.13592,-0.01936,0.03479,-0.00887,-0.04023,0.00445,-0.00236,0.00135,0.00096,0.04347,0.00658,0.02106,0.01144,-0.0047,-0.00591,-0.00299
21.22,0.02205,0.00505,-0.01314,0.03045,-0.01854,0.00789,-0.04049,-0.00059,-0.05281,0.02876,0.02436,0,0.25131,-0.01202,-0.00052,-0.01015,0.00584,0.06277,-0.01644,0.02047,-0.01868,7e-05,-0.06771,-0.16293,0.13001,-0.01432,0.04112,-0.01347,-0.06916,0.0026,0.0008,0.00351,0.00217,0.05136,0.00838,0.02312,0.01005,-0.00423,-0.00547,-0.00275
21.24,0.02131,0.0044,-0.01308,0.02789,-0.02509,0.00661,-0.02763,-0.00016,-0.05112,0.04142,0.04219,0,0.25105,-0.01133,-0.00042,-0.00593,0.00366,0.06034,-0.01633,0.05278,-0.01093,2e-05,-0.05469,-0.13617,0.12897,-0.00955,0.04762,-0.01714,-0.09283,0.00062,0.0036,0.00536,0.00319,0.05902,0.00983,0.02428,0.00837,-0.00382,-0.00501,-0.00249
21.26,0.02051,0.00374,-0.0129,0.02467,-0.03105,0.00543,-0.01572,0.00089,-0.04962,0.05373,0.05859,0,0.2497,-0.0101,-0.00031,-0.0023,0.00231,0.05757,-0.01573,0.07548,-0.00247,-2e-05,-0.03934,-0.11877,0.13555,-0.00565,0.05387,-0.01921,-0.10735,-0.00135,0.00564,0.00661,0.00388,0.06574,0.01083,0.02484,0.00654,-0.00349,-0.00459,-0.00223
21.28,0.01968,0.00311,-0.01261,0.02093,-0.03611,0.00444,-0.00517,0.00248,-0.04837,0.06502,0.07306,0,0.24776,-0.00851,-0.00018,0.00078,0.00195,0.05476,-0.01462,0.0861,0.00664,-6e-05,-0.02238,-0.11297,0.15086,-0.003,0.05956,-0.01939,-0.11092,-0.00322,0.00673,0.00712,0.00416,0.0711,0.01129,0.02482,0.00471,-0.00328,-0.00426,-0.00201
21.3,0.01884,0.00254,-0.0122,0.01684,-0.04006,0.00374,0.00384,0.00451,-0.04737,0.07462,0.08531,0,0.2458,-0.00687,-5e-05,0.00358,0.00265,0.05235,-0.01307,0.08432,0.01643,-0.0001,-0.00497,-0.11871,0.17441,-0.00179,0.06448,-0.01774,-0.10353,-0.00492,0.00687,0.00687,0.00403,0.07486,0.01113,0.02405,0.00302,-0.00318,-0.00404,-0.00184
21.32,0.01801,0.00206,-0.01171,0.01263,-0.04282,0.00336,0.01128,0.00678,-0.04658,0.08196,0.09521,0,0.2444,-0.00555,8e-05,0.0064,0.00434,0.05083,-0.01117,0.07139,0.02695,-0.00015,0.01148,-0.13424,0.2045,-0.00204,0.06847,-0.01449,-0.0864,-0.00637,0.00614,0.00596,0.00353,0.07697,0.01025,0.02231,0.00161,-0.00317,-0.00396,-0.00172
21.34,0.01722,0.00169,-0.01114,0.00851,-0.04439,0.00332,0.01723,0.00914,-0.04596,0.08669,0.10281,0,0.24411,-0.0049,0.00019,0.00952,0.00684,0.05053,-0.00913,0.04938,0.03823,-0.0002,0.02588,-0.15667,0.23873,-0.00369,0.07146,-0.01002,-0.06133,-0.00755,0.00471,0.00451,0.00273,0.07747,0.00867,0.01951,0.00055,-0.00325,-0.004,-0.00164
21.36,0.01649,0.00142,-0.0105,0.00465,-0.04484,0.00359,0.02186,0.01145,-0.04548,0.08877,0.10834,0,0.24539,-0.00521,0.00027,0.01303,0.0098,0.0515,-0.00717,0.02075,0.05019,-0.00026,0.03761,-0.18239,0.27423,-0.00655,0.07343,-0.00466,-0.03037,-0.00845,0.00273,0.00267,0.0017,0.07653,0.00651,0.01592,-0.00016,-0.00338,-0.00418,-0.00161
21.38,0.01584,0.00124,-0.00981,0.00125,-0.0443,0.0041,0.02535,0.01357,-0.04513,0.08849,0.11215,0,0.24864,-0.00666,0.00032,0.0168,0.01268,0.05348,-0.00566,-0.01156,0.0625,-0.00033,0.0466,-0.2069,0.30745,-0.01037,0.07441,0.00118,0.00412,-0.0091,0.00042,0.00058,0.00053,0.07443,0.00407,0.01221,-0.00059,-0.00352,-0.00447,-0.00164
21.4,0.01531,0.00112,-0.00911,-0.00148,-0.04294,0.00477,0.02786,0.01538,-0.04495,0.08639,0.11463,0,0.25411,-0.00937,0.00032,0.02046,0.01473,0.0559,-0.00501,-0.044,0.0746,-0.00039,0.05312,-0.22479,0.33401,-0.01477,0.07447,0.00707,0.03929,-0.00953,-0.00201,-0.00155,-0.00068,0.0715,0.00176,0.00939,-0.00088,-0.00365,-0.00485,-0.00173
21.42,0.01493,0.00103,-0.00842,-0.00337,-0.04095,0.00547,0.02951,0.01678,-0.04495,0.08316,0.1162,0,0.26194,-0.01335,0.00026,0.02352,0.0151,0.05801,-0.00572,-0.07293,0.08573,-0.00044,0.05777,-0.23016,0.34914,-0.01931,0.07367,0.01255,0.07216,-0.00976,-0.00431,-0.00355,-0.00183,0.06814,5e-05,0.00854,-0.00118,-0.0037,-0.00529,-0.00188
21.44,0.01474,0.00093,-0.00776,-0.00428,-0.03851,0.00611,0.03039,0.01768,-0.04513,0.07948,0.11719,0,0.27205,-0.01853,0.00016,0.02554,0.01292,0.05902,-0.00822,-0.09526,0.09528,-0.00047,0.06139,-0.21739,0.3485,-0.02358,0.07204,0.01722,0.10021,-0.0098,-0.0063,-0.00525,-0.00284,0.06465,-0.00075,0.01036,-0.0016,-0.00366,-0.00575,-0.0021
21.46,0.01473,0.00082,-0.00715,-0.00423,-0.03572,0.00662,0.03057,0.01806,-0.04542,0.07592,0.11784,0,0.28406,-0.02471,-1e-05,0.02621,0.00744,0.05819,-0.01284,-0.10899,0.10283,-0.00045,0.06507,-0.18179,0.3288,-0.02721,0.06964,0.02082,0.1218,-0.00966,-0.00787,-0.00656,-0.00364,0.0612,-0.00052,0.01487,-0.00219,-0.00353,-0.00619,-0.00236
21.48,0.01488,0.00069,-0.00661,-0.00335,-0.03269,0.00699,0.03007,0.01796,-0.04569,0.07296,0.11827,0,0.29722,-0.03155,-0.00022,0.02542,-0.00196,0.05489,-0.01975,-0.11314,0.1082,-0.00037,0.07008,-0.1199,0.288,-0.02988,0.06648,0.02319,0.13599,-0.00929,-0.00894,-0.00745,-0.00421,0.05785,0.00056,0.02129,-0.00289,-0.00332,-0.00654,-0.00262
21.5,0.01516,0.00056,-0.00613,-0.00188,-0.02952,0.00722,0.02888,0.01744,-0.04576,0.07102,0.1185,0,0.31033,-0.03852,-0.00048,0.02317,-0.01568,0.04858,-0.02893,-0.10758,0.11132,-0.00018,0.07777,-0.02988,0.22547,-0.03128,0.06262,0.02421,0.1424,-0.00865,-0.00953,-0.0079,-0.00453,0.05459,0.00212,0.02813,-0.00359,-0.00309,-0.00674,-0.00282
21.52,0.0155,0.00044,-0.00573,-0.00013,-0.0263,0.00732,0.027,0.01662,-0.0454,0.07039,0.11847,0,0.32208,-0.04504,-0.00075,0.01967,-0.03379,0.03895,-0.04017,-0.09277,0.11228,0.00013,0.08925,0.08784,0.14207,-0.03108,0.05813,0.02386,0.14109,-0.00769,-0.00966,-0.00794,-0.00459,0.05138,0.00366,0.03359,-0.00411,-0.00288,-0.00672,-0.00289
21.54,0.01586,0.00036,-0.0054,0.00165,-0.02317,0.00731,0.0245,0.01558,-0.04445,0.0712,0.11813,0,0.33139,-0.0507,-0.00103,0.01526,-0.05591,0.02604,-0.053,-0.06954,0.1113,0.00062,0.10495,0.22961,0.04042,-0.02892,0.05318,0.0222,0.13263,-0.00638,-0.00937,-0.00763,-0.0044,0.04823,0.00475,0.03617,-0.00434,-0.00275,-0.00644,-0.00278
21.56,0.01621,0.00033,-0.00514,0.00332,-0.02026,0.00722,0.02151,0.01439,-0.0428,0.07331,0.11751,0,0.33774,-0.05537,-0.0013,0.01051,-0.08098,0.01041,-0.06666,-0.03902,0.10878,0.00132,0.1242,0.38741,-0.07463,-0.02446,0.04801,0.01944,0.11819,-0.00477,-0.00876,-0.00702,-0.00401,0.04525,0.00511,0.0351,-0.00423,-0.00273,-0.0059,-0.00249
21.58,0.01654,0.00035,-0.00496,0.00484,-0.01776,0.00705,0.01832,0.01309,-0.04047,0.07637,0.11667,0,0.34118,-0.0592,-0.00155,0.00622,-0.10703,-0.00672,-0.07998,-0.00282,0.10532,0.00225,0.14501,0.54734,-0.19499,-0.01734,0.04303,0.01591,0.09961,-0.00297,-0.00791,-0.00621,-0.00347,0.04267,0.00468,0.03042,-0.00382,-0.0028,-0.00512,-0.00205
21.6,0.01683,0.00041,-0.00483,0.00624,-0.01593,0.00681,0.01533,0.01174,-0.03757,0.07976,0.11578,0,0.34215,-0.06256,-0.00174,0.00345,-0.13121,-0.02344,-0.09136,0.03682,0.10173,0.00344,0.16417,0.68967,-0.30913,-0.00731,0.03879,0.01212,0.07939,-0.00116,-0.00695,-0.00529,-0.00286,0.04086,0.00357,0.0229,-0.00324,-0.00295,-0.0042,-0.0015
21.62,0.01708,0.00052,-0.00476,0.00762,-0.01503,0.00649,0.01298,0.01037,-0.03426,0.08277,0.11499,0,0.34122,-0.06592,-0.00188,0.00328,-0.15035,-0.03759,-0.09905,0.07744,0.09884,0.00488,0.17798,0.79306,-0.40443,0.0057,0.03588,0.0086,0.0602,0.00044,-0.00601,-0.00438,-0.00227,0.04022,0.002,0.01372,-0.00265,-0.00314,-0.00323,-0.00095
21.64,0.01729,0.00065,-0.00474,0.00907,-0.01518,0.0061,0.0116,0.009,-0.03077,0.08481,0.11438,0,0.33872,-0.06968,-0.00193,0.00659,-0.16197,-0.04742,-0.10175,0.11693,0.09737,0.00651,0.18351,0.84159,-0.47106,0.02143,0.03467,0.00577,0.04415,0.00165,-0.00519,-0.00357,-0.00176,0.041,0.00019,0.00404,-0.0022,-0.00333,-0.00232,-0.00044
21.66,0.01745,0.0008,-0.00474,0.01068,-0.01637,0.00562,0.01129,0.00767,-0.02729,0.08555,0.11387,0,0.33445,-0.07408,-0.0019,0.01381,-0.16499,-0.05196,-0.09888,0.15387,0.09776,0.00826,0.17942,0.82957,-0.50458,0.03904,0.03524,0.00386,0.03233,0.00239,-0.00456,-0.00291,-0.00138,0.04319,-0.00164,-0.00529,-0.00196,-0.0035,-0.00151,-4e-05
21.68,0.01753,0.00096,-0.00475,0.01246,-0.01836,0.00506,0.01191,0.00641,-0.02404,0.08494,0.11327,0,0.32767,-0.07914,-0.00179,0.02485,-0.15982,-0.05117,-0.09077,0.1873,0.10014,0.00995,0.16616,0.76266,-0.50622,0.05702,0.03725,0.00287,0.02474,0.00265,-0.00413,-0.00242,-0.00113,0.04645,-0.00336,-0.01373,-0.00194,-0.00361,-0.00083,0.00025
21.7,0.01752,0.0011,-0.00475,0.01442,-0.02071,0.00443,0.01312,0.00528,-0.02128,0.08316,0.11223,0,0.31721,-0.08463,-0.00162,0.03908,-0.14816,-0.04573,-0.07851,0.21646,0.10439,0.01134,0.14581,0.65647,-0.48194,0.07316,0.04005,0.00264,0.02056,0.0025,-0.00389,-0.00211,-0.001,0.05019,-0.00483,-0.02094,-0.00209,-0.00367,-0.00028,0.00044
21.72,0.01737,0.00121,-0.0047,0.01649,-0.02291,0.00373,0.01446,0.00432,-0.01927,0.0805,0.1104,0,0.30187,-0.09017,-0.0014,0.05549,-0.13243,-0.03681,-0.06366,0.24074,0.11022,0.0122,0.12127,0.5318,-0.44031,0.08499,0.04282,0.00291,0.01853,0.00206,-0.00382,-0.00196,-0.00096,0.05364,-0.00596,-0.02676,-0.00231,-0.00366,0.00015,0.00054
21.74,0.01705,0.00128,-0.0046,0.01859,-0.02447,0.00298,0.0155,0.00356,-0.01818,0.07722,0.10755,0,0.28097,-0.09541,-0.00116,0.07302,-0.11501,-0.02573,-0.04779,0.25991,0.11729,0.01241,0.09516,0.40787,-0.38976,0.09065,0.04479,0.00341,0.0174,0.00144,-0.00386,-0.00192,-0.00097,0.05611,-0.00669,-0.03114,-0.00253,-0.00357,0.00049,0.00059
21.76,0.01657,0.0013,-0.00442,0.02066,-0.02503,0.0022,0.01592,0.00301,-0.01804,0.07341,0.10369,0,0.25485,-0.10006,-0.00091,0.09059,-0.0977,-0.01371,-0.0322,0.27419,0.1253,0.01201,0.06919,0.29807,-0.33686,0.08936,0.04542,0.00396,0.01635,0.00077,-0.00398,-0.00198,-0.00101,0.05709,-0.00701,-0.03416,-0.00268,-0.00341,0.00076,0.00061
21.78,0.01591,0.00128,-0.00417,0.02258,-0.02437,0.00142,0.01552,0.00262,-0.01874,0.06903,0.09913,0,0.22511,-0.10396,-0.00066,0.10709,-0.08179,-0.00195,-0.01798,0.2841,0.13393,0.01125,0.04414,0.20978,-0.28626,0.08158,0.0444,0.00444,0.01501,0.00012,-0.00413,-0.00208,-0.00106,0.05627,-0.00698,-0.03597,-0.00271,-0.00318,0.00096,0.0006
21.8,0.0151,0.00122,-0.00385,0.02423,-0.0224,0.00067,0.01425,0.00231,-0.02007,0.06388,0.09444,0,0.1947,-0.10693,-0.00043,0.12122,-0.06821,0.00831,-0.00616,0.29038,0.1428,0.01055,0.02014,0.14559,-0.24115,0.06886,0.04161,0.00482,0.01349,-0.00042,-0.00427,-0.00218,-0.00111,0.05355,-0.00669,-0.03672,-0.00264,-0.0029,0.0011,0.00058
21.82,0.01417,0.00114,-0.00347,0.02546,-0.01911,1e-05,0.01212,0.00201,-0.02175,0.05772,0.09036,0,0.16732,-0.10889,-0.00025,0.1317,-0.05764,0.01588,0.00241,0.29381,0.15157,0.01043,-0.00314,0.10477,-0.20357,0.05339,0.03713,0.00515,0.01225,-0.00079,-0.00437,-0.00226,-0.00116,0.04896,-0.00625,-0.03659,-0.00245,-0.00257,0.00117,0.00055
21.84,0.01316,0.00104,-0.00305,0.02617,-0.01456,-0.00049,0.00924,0.00162,-0.02356,0.05025,0.08756,0,0.14646,-0.10981,-0.00011,0.1376,-0.05061,0.01978,0.00715,0.29512,0.16003,0.01142,-0.02635,0.08468,-0.17447,0.03735,0.0311,0.00548,0.012,-0.00096,-0.00442,-0.0023,-0.00122,0.04258,-0.00577,-0.03567,-0.00217,-0.00222,0.00117,0.0005
21.86,0.0121,0.00094,-0.00259,0.02635,-0.00885,-0.00077,0.00576,0.00105,-0.02537,0.04114,0.08655,0,0.13482,-0.10975,-4e-05,0.1386,-0.04761,0.01934,0.00787,0.29493,0.1682,0.01396,-0.05027,0.0818,-0.15389,0.0225,0.02373,0.00591,0.01353,-0.00093,-0.00446,-0.00232,-0.00131,0.03458,-0.00536,-0.03402,-0.00181,-0.00185,0.00106,0.00042
21.88,0.01103,0.00084,-0.00211,0.02604,-0.00218,-0.00074,0.00195,0.00023,-0.02719,0.03019,0.0876,0,0.13428,-0.1089,-4e-05,0.13496,-0.04909,0.01423,0.00479,0.29374,0.17627,0.01837,-0.0756,0.09207,-0.1412,0.01025,0.01531,0.00656,0.01774,-0.00072,-0.00458,-0.00239,-0.00146,0.02521,-0.0051,-0.0316,-0.00136,-0.00147,0.00084,0.0003
21.9,0.00999,0.00075,-0.00161,0.02535,0.00515,-0.00032,-0.00187,-0.00089,-0.0291,0.0173,0.09083,0,0.14601,-0.10752,-0.00011,0.12751,-0.05557,0.00442,-0.00152,0.29195,0.18451,0.02485,-0.10274,0.11107,-0.13533,0.0017,0.00631,0.00755,0.02552,-0.0004,-0.00487,-0.00258,-0.00172,0.01489,-0.00504,-0.02831,-0.00085,-0.00108,0.00046,0.00011
21.92,0.00904,0.00066,-0.00113,0.02442,0.01275,0.00057,-0.00529,-0.00236,-0.03124,0.00245,0.09623,0,0.17053,-0.10594,-0.00025,0.11739,-0.06745,-0.00985,-0.01023,0.29006,0.19319,0.03337,-0.13193,0.13456,-0.13514,-0.00238,-0.00279,0.00897,0.03755,-3e-05,-0.00547,-0.003,-0.00213,0.0041,-0.00523,-0.02403,-0.00028,-0.00071,-0.00011,-0.00016
21.94,0.00822,0.0006,-0.00066,0.02339,0.0203,0.00197,-0.00795,-0.00418,-0.03374,-0.01438,0.10373,0,0.20764,-0.10452,-0.00047,0.10571,-0.08498,-0.0282,-0.02031,0.28887,0.20238,0.04371,-0.16332,0.15911,-0.13973,-0.00172,-0.01153,0.01081,0.05393,0.0003,-0.00642,-0.00371,-0.0027,-0.0067,-0.00567,-0.01861,0.00035,-0.00034,-0.00087,-0.00052
21.96,0.00755,0.00055,-0.00022,0.02233,0.02752,0.00385,-0.00962,-0.00637,-0.03674,-0.03323,0.11327,0,0.25619,-0.10362,-0.00077,0.09344,-0.10804,-0.05,-0.03056,0.28971,0.21191,0.05527,-0.19705,0.18249,-0.14866,0.00331,-0.01962,0.01293,0.07381,0.00056,-0.00771,-0.00469,-0.00341,-0.01717,-0.00629,-0.01187,0.001,-0,-0.00182,-0.00098
21.98,0.00702,0.00052,0.0002,0.02127,0.03418,0.00611,-0.01013,-0.00888,-0.04027,-0.05405,0.12467,0,0.31378,-0.10365,-0.00114,0.08141,-0.13596,-0.0743,-0.03955,0.29447,0.22126,0.06705,-0.23297,0.20358,-0.16198,0.01166,-0.02686,0.01502,0.09526,0.00069,-0.00924,-0.00588,-0.00419,-0.02697,-0.00695,-0.00374,0.00167,0.00031,-0.00291,-0.00151
22,0.00663,0.00051,0.00059,0.02022,0.04001,0.00855,-0.00941,-0.0116,-0.04432,-0.07653,0.13763,0,0.37655,-0.105,-0.0016,0.07045,-0.1674,-0.09969,-0.04561,0.30545,0.22949,0.07759,-0.27046,0.22212,-0.1801,0.02165,-0.03307,0.0166,0.11521,0.00068,-0.01078,-0.00713,-0.00494,-0.03574,-0.00747,0.00578,0.00231,0.0006,-0.00406,-0.00209
22.02,0.00636,0.00052,0.00096,0.01915,0.04473,0.01094,-0.00745,-0.01442,-0.0488,-0.10008,0.15173,0,0.44009,-0.1082,-0.00212,0.06141,-0.20075,-0.1246,-0.04717,0.32485,0.23554,0.08531,-0.30857,0.23854,-0.20361,0.03139,-0.03808,0.01717,0.13021,0.00051,-0.01208,-0.00825,-0.00553,-0.04308,-0.00765,0.01653,0.00288,0.00083,-0.00514,-0.00267
22.04,0.00619,0.00055,0.00129,0.01802,0.04815,0.01305,-0.00433,-0.0172,-0.05364,-0.12396,0.16653,0,0.50073,-0.11385,-0.00271,0.05517,-0.23454,-0.14779,-0.0432,0.354,0.23863,0.08898,-0.34646,0.25372,-0.23316,0.03934,-0.04175,0.01631,0.13744,0.00019,-0.01289,-0.00908,-0.00584,-0.04866,-0.00735,0.02817,0.00333,0.00101,-0.00608,-0.00321
22.06,0.0061,0.00059,0.00159,0.01678,0.05013,0.01471,-0.00023,-0.01985,-0.05876,-0.14715,0.18159,0,0.55636,-0.12276,-0.00333,0.05266,-0.26778,-0.16867,-0.03366,0.3927,0.23848,0.0881,-0.38353,0.26885,-0.26909,0.0447,-0.044,0.01389,0.13551,-0.00028,-0.01308,-0.00948,-0.00582,-0.05231,-0.00653,0.04016,0.00365,0.00113,-0.00676,-0.00364
22.08,0.0061,0.00063,0.00185,0.01539,0.05064,0.01583,0.00455,-0.02227,-0.06406,-0.16825,0.19632,0,0.60619,-0.1358,-0.00397,0.05489,-0.29974,-0.18713,-0.01958,0.43875,0.23541,0.08292,-0.41918,0.2853,-0.31119,0.04745,-0.04477,0.01002,0.12457,-0.00085,-0.01256,-0.00939,-0.00544,-0.05392,-0.0053,0.05157,0.00379,0.00119,-0.00713,-0.00392
22.1,0.00616,0.00064,0.00207,0.01379,0.04967,0.01632,0.00955,-0.02435,-0.06937,-0.18532,0.20999,0,0.65019,-0.15391,-0.00456,0.06299,-0.32968,-0.20345,-0.00304,0.48805,0.23028,0.07439,-0.45259,0.3044,-0.35856,0.04821,-0.04398,0.00512,0.10615,-0.00149,-0.01135,-0.00879,-0.00476,-0.05348,-0.00388,0.06118,0.00375,0.00118,-0.00711,-0.00399
22.12,0.0063,0.00061,0.00225,0.01198,0.04725,0.01614,0.0143,-0.02599,-0.07451,-0.19622,0.22187,0,0.68889,-0.17816,-0.00504,0.07817,-0.35691,-0.21838,0.01338,0.53553,0.22435,0.06385,-0.4829,0.32746,-0.41008,0.04797,-0.04158,-0.0003,0.08254,-0.00215,-0.00952,-0.00767,-0.00382,-0.05097,-0.00254,0.06761,0.00353,0.0011,-0.00668,-0.0038
22.14,0.00648,0.0005,0.00237,0.00993,0.0434,0.01526,0.01844,-0.02715,-0.07928,-0.19916,0.23168,0,0.72326,-0.20993,-0.0053,0.10165,-0.38098,-0.2334,0.02734,0.57694,0.21916,0.05248,-0.50973,0.35559,-0.46535,0.04765,-0.03748,-0.00576,0.05587,-0.00278,-0.00713,-0.00608,-0.00269,-0.04642,-0.00148,0.06986,0.0031,0.00097,-0.00582,-0.00333
22.16,0.00669,0.00031,0.00246,0.00761,0.03809,0.01369,0.02184,-0.02787,-0.08354,-0.19312,0.23981,0,0.75458,-0.25079,-0.00519,0.1345,-0.40173,-0.25082,0.03723,0.6098,0.21632,0.04112,-0.5334,0.38963,-0.52502,0.04784,-0.03165,-0.01096,0.02761,-0.00337,-0.00429,-0.00404,-0.00142,-0.03984,-0.00082,0.06755,0.00249,0.0008,-0.00456,-0.00258
22.18,0.00689,1e-05,0.00254,0.00504,0.03135,0.01149,0.02462,-0.02826,-0.08712,-0.17794,0.2473,0,0.78415,-0.3023,-0.00451,0.17741,-0.41912,-0.2737,0.04223,0.6334,0.21762,0.03021,-0.55485,0.42987,-0.59051,0.04871,-0.0241,-0.01576,-0.00136,-0.00391,-0.00111,-0.00165,-4e-05,-0.03132,-0.00053,0.06103,0.00172,0.00062,-0.00301,-0.00163
22.2,0.00702,-0.00041,0.00262,0.00225,0.02321,0.00876,0.02703,-0.0285,-0.08985,-0.15432,0.25574,0,0.81294,-0.3657,-0.00303,0.23048,-0.43312,-0.30572,0.04215,0.64837,0.22496,0.01994,-0.57524,0.47568,-0.66348,0.05006,-0.01496,-0.02016,-0.03055,-0.0044,0.00227,0.001,0.00142,-0.02105,-0.00049,0.05125,0.00082,0.00046,-0.00133,-0.00056
22.22,0.00702,-0.00095,0.00274,-0.00072,0.01375,0.00561,0.02946,-0.02882,-0.09152,-0.12354,0.267,0,0.84121,-0.44182,-0.00051,0.29336,-0.44357,-0.35102,0.03747,0.65603,0.24034,0.01035,-0.59541,0.52525,-0.74531,0.05128,-0.0044,-0.02419,-0.05973,-0.00486,0.00568,0.00377,0.00292,-0.00927,-0.00056,0.03935,-0.00015,0.00035,0.00033,0.00049
22.24,0.00683,-0.00161,0.00291,-0.00387,0.00304,0.00216,0.03228,-0.02943,-0.09189,-0.08724,0.28286,0,0.86813,-0.53117,0.00334,0.3656,-0.45025,-0.41407,0.02927,0.65763,0.26563,0.00147,-0.6151,0.57524,-0.83685,0.05144,0.00741,-0.02797,-0.08896,-0.00528,0.009,0.00658,0.00445,0.00382,-0.00069,0.026,-0.00114,0.00031,0.00188,0.00146
22.26,0.00641,-0.00234,0.00313,-0.00729,-0.00886,-0.00152,0.03583,-0.03051,-0.09074,-0.04724,0.30475,0,0.89142,-0.63363,0.00877,0.44652,-0.45287,-0.49933,0.01934,0.65384,0.3024,-0.00664,-0.63242,0.62038,-0.93769,0.04928,0.02033,-0.0316,-0.11853,-0.00565,0.01219,0.00937,0.00601,0.01804,-0.00103,0.01105,-0.00206,0.00029,0.00336,0.00235
22.28,0.00574,-0.0031,0.00335,-0.0111,-0.0218,-0.00534,0.0403,-0.03217,-0.08785,-0.00592,0.33353,0,0.90705,-0.74766,0.01596,0.53465,-0.45104,-0.61059,0.01025,0.64468,0.35162,-0.01375,-0.6435,0.65301,-1.04542,0.04322,0.03414,-0.0352,-0.1487,-0.00592,0.01524,0.01217,0.00757,0.03313,-0.00192,-0.00648,-0.00285,0.00025,0.00494,0.00323
22.3,0.00483,-0.00381,0.00353,-0.01546,-0.03547,-0.00918,0.04579,-0.03449,-0.08302,0.03367,0.36934,0,0.9093,-0.86974,0.02499,0.62728,-0.44429,-0.75054,0.00525,0.62943,0.41345,-0.01938,-0.64264,0.66327,-1.15503,0.03148,0.04848,-0.03879,-0.17941,-0.00604,0.01818,0.01497,0.00913,0.04869,-0.00385,-0.02813,-0.00341,8e-05,0.00689,0.00425
22.32,0.00369,-0.00437,0.00359,-0.02057,-0.04948,-0.01296,0.05234,-0.03746,-0.07605,0.06823,0.384,0,0.89146,-0.99498,0.03575,0.72081,-0.43222,-0.92122,0.00776,0.60654,0.48751,-0.02271,-0.62321,0.64131,-1.25998,0.0124,0.06292,-0.04228,-0.21007,-0.00594,0.021,0.01777,0.01065,0.06419,-0.00725,-0.05529,-0.00363,-0.00032,0.00947,0.00554
22.34,0.0023,-0.00472,0.00348,-0.02672,-0.06347,-0.01663,0.05997,-0.04104,-0.06679,0.095,0.384,0,0.84714,-1.11849,0.04783,0.81174,-0.41484,-1.12495,0.02048,0.57342,0.57323,-0.02245,-0.57914,0.58077,-1.35402,-0.01507,0.07714,-0.0454,-0.23933,-0.00558,0.02367,0.02052,0.01206,0.07913,-0.01226,-0.08832,-0.00347,-0.00101,0.01284,0.00718
22.36,0.00064,-0.00484,0.00316,-0.03427,-0.07719,-0.02021,0.06879,-0.04509,-0.05519,0.11224,0.384,0,0.77141,-1.23591,0.06043,0.89698,-0.39281,-1.36419,0.04479,0.52646,0.66984,-0.01679,-0.5061,0.48144,-1.43221,-0.05083,0.09098,-0.04762,-0.26488,-0.00492,0.02607,0.02309,0.01329,0.09309,-0.01847,-0.12572,-0.0029,-0.00196,0.01695,0.00916
22.38,-0.00134,-0.00476,0.00263,-0.04361,-0.0904,-0.02381,0.07886,-0.04935,-0.04134,0.11924,0.384,0,0.66143,-1.34264,0.07221,0.97331,-0.36765,-1.63989,0.08039,0.46131,0.7757,-0.00341,-0.40232,0.35061,-1.49053,-0.09336,0.10439,-0.0481,-0.28318,-0.00398,0.02799,0.02525,0.01421,0.10558,-0.02484,-0.16371,-0.00199,-0.00309,0.02145,0.0113
22.4,-0.00367,-0.00455,0.0019,-0.0551,-0.10278,-0.02754,0.0902,-0.05346,-0.02558,0.11604,0.384,0,0.51696,-1.43308,0.08125,1.03683,-0.34173,-1.94976,0.12533,0.3733,0.88766,0.02049,-0.26874,0.20254,-1.52516,-0.1396,0.11728,-0.04579,-0.28947,-0.00281,0.02911,0.02667,0.01467,0.11601,-0.02977,-0.19634,-0.00083,-0.00421,0.02579,0.01332
22.42,-0.00638,-0.00431,0.00102,-0.06905,-0.11393,-0.03153,0.10276,-0.05698,-0.0085,0.10317,0.384,0,0.34018,-1.50141,0.08505,1.0835,-0.31746,-2.28811,0.17653,0.25778,1.00135,0.05797,-0.10825,0.05419,-1.53227,-0.18564,0.12954,-0.03958,-0.27882,-0.00151,0.0291,0.02701,0.0145,0.12377,-0.03145,-0.21692,0.00043,-0.00511,0.02927,0.01488
22.44,-0.0095,-0.00412,3e-05,-0.08571,-0.12357,-0.03591,0.11646,-0.05952,0.00919,0.08136,0.384,0,0.13526,-1.54319,0.08069,1.11042,-0.29607,-2.6466,0.2306,0.11059,1.11202,0.11208,0.07584,-0.08138,-1.50817,-0.2279,0.14107,-0.02867,-0.24771,-0.00017,0.02772,0.026,0.0136,0.12836,-0.0285,-0.22034,0.00167,-0.00562,0.03135,0.0157
22.46,-0.01301,-0.00404,-0.00103,-0.10519,-0.13154,-0.04078,0.13117,-0.06083,0.0266,0.05146,0.384,0,-0.09111,-1.55653,0.06488,1.11661,-0.27686,-3.01354,0.28425,-0.07108,1.21474,0.18549,0.27999,-0.19911,-1.44957,-0.26371,0.15183,-0.01289,-0.19533,0.00108,0.02495,0.02362,0.01196,0.12958,-0.02035,-0.20465,0.00285,-0.00565,0.0318,0.01568
22.48,-0.01682,-0.00408,-0.00212,-0.12733,-0.13776,-0.04618,0.14665,-0.06077,0.04252,0.01462,0.384,0,-0.328,-1.54207,0.03415,1.10311,-0.25707,-3.37093,0.33396,-0.28729,1.30369,0.27986,0.49914,-0.30205,-1.35396,-0.29122,0.1617,0.0072,-0.1242,0.00209,0.02099,0.02007,0.00968,0.1275,-0.00744,-0.1716,0.00395,-0.00523,0.03071,0.01488
22.5,-0.02078,-0.00427,-0.0032,-0.15156,-0.14218,-0.05204,0.16237,-0.05931,0.05541,-0.02756,0.384,0,-0.55948,-1.50256,-0.01507,1.0727,-0.23232,-3.69285,0.37574,-0.53421,1.37162,0.39529,0.72546,-0.39945,-1.22001,-0.30913,0.17045,0.0302,-0.04016,0.0027,0.01629,0.01579,0.00701,0.12243,0.00887,-0.12624,0.005,-0.00446,0.02846,0.01354
22.52,-0.02469,-0.00456,-0.00421,-0.17715,-0.14474,-0.05823,0.1777,-0.05647,0.0636,-0.07322,0.384,0,-0.76806,-1.44161,-0.08623,1.02924,-0.19724,-3.94957,0.4056,-0.80476,1.41102,0.52987,0.9494,-0.50304,-1.048,-0.31658,0.17779,0.05423,0.04873,0.00271,0.01142,0.01136,0.00424,0.1148,0.0267,-0.07552,0.00608,-0.00353,0.02563,0.01197
22.54,-0.02836,-0.00493,-0.00514,-0.20342,-0.14546,-0.06461,0.19201,-0.05232,0.06576,-0.12059,0.384,0,-0.94079,-1.36214,-0.18238,0.97684,-0.14644,-4.11559,0.42058,-1.09025,1.4164,0.67933,1.16217,-0.62218,-0.84026,-0.31343,0.18347,0.07731,0.13418,0.00193,0.00697,0.00736,0.00171,0.10503,0.04418,-0.02623,0.00732,-0.0026,0.02277,0.01049
22.56,-0.03164,-0.00535,-0.00605,-0.22998,-0.14441,-0.07103,0.20484,-0.04694,0.06125,-0.16809,0.384,0,-1.0729,-1.2657,-0.30552,0.9195,-0.07539,-4.17474,0.41951,-1.38046,1.38597,0.83624,1.35666,-0.76016,-0.60233,-0.30034,0.18741,0.09768,0.20861,0.00018,0.00345,0.00431,-0.00028,0.09342,0.05983,0.01625,0.00892,-0.00186,0.02037,0.00935
22.58,-0.03442,-0.00579,-0.00701,-0.2565,-0.14177,-0.07729,0.21576,-0.04045,0.05022,-0.21395,0.384,0,-1.1677,-1.15289,-0.45566,0.86141,0.01893,-4.12066,0.40306,-1.66154,1.32207,0.98864,1.52623,-0.91221,-0.34488,-0.27892,0.18963,0.11365,0.26482,-0.00266,0.00129,0.00263,-0.00144,0.08031,0.0725,0.04798,0.01111,-0.00146,0.01882,0.00874
22.6,-0.0366,-0.00619,-0.00815,-0.28254,-0.13775,-0.08313,0.22432,-0.03305,0.03349,-0.25599,0.384,0,-1.23438,-1.02409,-0.63003,0.80723,0.13742,-3.95547,0.37355,-1.91459,1.23091,1.11975,1.66337,-1.0656,-0.0846,-0.25166,0.19025,0.12351,0.29569,-0.00668,0.00089,0.00273,-0.0015,0.06605,0.08131,0.0661,0.01418,-0.00156,0.01842,0.00879
22.62,-0.03805,-0.00653,-0.00964,-0.30767,-0.13265,-0.08824,0.23002,-0.02502,0.01231,-0.29184,0.384,0,-1.28431,-0.87974,-0.82321,0.76146,0.27839,-3.68793,0.33421,-2.11879,1.12077,1.21129,1.76047,-1.20348,0.15907,-0.22147,0.1895,0.12586,0.29526,-0.01193,0.00252,0.00488,-0.00021,0.05102,0.08567,0.06893,0.01838,-0.00227,0.01937,0.00956
22.64,-0.03871,-0.00677,-0.01172,-0.33173,-0.12672,-0.09243,0.23249,-0.01655,-0.0121,-0.31959,0.384,0,-1.32632,-0.72032,-1.02777,0.72722,0.43704,-3.33146,0.28819,-2.25737,0.99946,1.24909,1.81206,-1.31115,0.36972,-0.191,0.18771,0.12016,0.26079,-0.01843,0.0063,0.00921,0.00252,0.03551,0.08558,0.0564,0.02387,-0.00369,0.02173,0.01104
22.66,-0.03853,-0.00688,-0.01471,-0.3549,-0.12016,-0.09563,0.23147,-0.00783,-0.03876,-0.33813,0.384,0,-1.36344,-0.54691,-1.23405,0.70555,0.60453,-2.90436,0.23804,-2.3214,0.87305,1.22704,1.81631,-1.38005,0.53733,-0.16222,0.18535,0.10715,0.19434,-0.02615,0.01204,0.01555,0.00662,0.01972,0.08177,0.03043,0.03069,-0.00582,0.02539,0.01316
22.68,-0.03751,-0.00688,-0.01895,-0.37761,-0.1132,-0.09795,0.22691,0.00098,-0.06676,-0.34712,0.384,0,-1.39165,-0.36259,-1.42847,0.69538,0.76649,-2.43273,0.18597,-2.31005,0.74645,1.14796,1.77517,-1.40815,0.65775,-0.13659,0.18308,0.08904,0.10364,-0.03495,0.01928,0.02345,0.01175,0.00382,0.07575,-0.00484,0.03864,-0.0086,0.03005,0.01572
22.7,-0.03569,-0.00676,-0.02483,-0.40026,-0.1061,-0.09955,0.2189,0.00962,-0.09511,-0.3467,0.384,0,-1.40054,-0.17335,-1.59291,0.69399,0.90293,-1.95186,0.13416,-2.22917,0.62428,1.02271,1.69386,-1.39875,0.73091,-0.11526,0.18171,0.06937,0.00163,-0.04454,0.02719,0.03213,0.01738,-0.01188,0.06973,-0.04325,0.04728,-0.01186,0.03517,0.01843
22.72,-0.03313,-0.00657,-0.03274,-0.42318,-0.09912,-0.10069,0.20766,0.01779,-0.12281,-0.33739,0.384,0,-1.37667,0.01316,-1.7081,0.6978,0.9924,-1.49995,0.08462,-2.0887,0.51077,0.86672,1.57947,-1.35841,0.75973,-0.09902,0.18202,0.05232,-0.09644,-0.05458,0.03486,0.04068,0.02284,-0.02693,0.06627,-0.07779,0.05589,-0.01542,0.04013,0.02095
22.74,-0.02989,-0.00633,-0.04309,-0.44654,-0.09243,-0.10157,0.19349,0.02516,-0.14909,-0.31996,0.37839,0,-1.30866,0.19028,-1.75956,0.70337,1.01906,-1.10701,0.03885,-1.89956,0.40887,0.69503,1.43929,-1.29441,0.74939,-0.08808,0.18452,0.04154,-0.17766,-0.06475,0.04148,0.04829,0.02757,-0.04081,0.0677,-0.10259,0.06348,-0.0191,0.04436,0.02299
22.76,-0.02606,-0.00612,-0.05625,-0.47024,-0.08604,-0.10237,0.17682,0.03139,-0.17347,-0.29545,0.35297,0,-1.19115,0.35357,-1.74178,0.7081,0.97755,-0.78846,-0.00237,-1.6724,0.32002,0.51968,1.2801,-1.21337,0.70706,-0.08197,0.1893,0.03944,-0.23428,-0.07486,0.04659,0.05446,0.03123,-0.05292,0.07574,-0.11411,0.06878,-0.02284,0.04744,0.02437
22.78,-0.02177,-0.00601,-0.07243,-0.49371,-0.0799,-0.10317,0.15829,0.03608,-0.19559,-0.26531,0.33272,0,-1.02645,0.49989,-1.65917,0.71031,0.87436,-0.54609,-0.03868,-1.41873,0.24474,0.35019,1.10918,-1.12136,0.64201,-0.07954,0.19589,0.04702,-0.26401,-0.08475,0.05006,0.05896,0.0337,-0.06249,0.09134,-0.11134,0.07021,-0.02663,0.04913,0.02499
22.8,-0.01719,-0.0061,-0.09165,-0.51581,-0.07387,-0.10398,0.13886,0.03878,-0.21503,-0.23151,0.31709,0,-0.82446,0.62607,-1.52489,0.70922,0.72651,-0.37188,-0.06976,-1.15216,0.1834,0.19488,0.93514,-1.02441,0.56538,-0.07913,0.20334,0.06405,-0.26907,-0.09424,0.052,0.06178,0.03502,-0.06846,0.11471,-0.09553,0.06578,-0.0305,0.04927,0.02485
22.82,-0.0125,-0.00652,-0.11377,-0.5351,-0.06779,-0.10477,0.11954,0.03898,-0.23131,-0.19618,0.30551,0,-0.59963,0.72896,-1.3569,0.70461,0.55641,-0.25225,-0.09533,-0.88687,0.13611,0.06066,0.76681,-0.928,0.48852,-0.0789,0.21037,0.08944,-0.25462,-0.10311,0.05268,0.06305,0.03536,-0.06952,0.1455,-0.06957,0.05312,-0.03456,0.04785,0.02402
22.84,-0.00779,-0.00735,-0.13861,-0.55037,-0.06135,-0.10546,0.10099,0.03635,-0.24405,-0.16113,0.29739,0,-0.36614,0.80631,-1.17245,0.69657,0.38437,-0.17233,-0.11527,-0.63437,0.10221,-0.0482,0.61095,-0.83604,0.42044,-0.0773,0.21571,0.12177,-0.22691,-0.11116,0.05243,0.06302,0.03491,-0.06419,0.18307,-0.03726,0.02953,-0.03903,0.04494,0.02261
22.86,-0.00304,-0.00868,-0.166,-0.56095,-0.05417,-0.10596,0.08327,0.03077,-0.25297,-0.12751,0.29212,0,-0.13541,0.85716,-0.98496,0.68526,0.22411,-0.11912,-0.12974,-0.40219,0.07988,-0.1306,0.47113,-0.75044,0.36623,-0.07338,0.21822,0.15951,-0.19214,-0.11826,0.05154,0.06204,0.03394,-0.05091,0.22654,-0.00295,-0.00787,-0.04429,0.04072,0.02076
22.88,0.00189,-0.01054,-0.19557,-0.56672,-0.04581,-0.10619,0.06593,0.02248,-0.25787,-0.09607,0.28914,0,0.08274,0.88151,-0.80454,0.67098,0.08281,-0.08275,-0.13898,-0.19524,0.06633,-0.18802,0.34854,-0.67169,0.32713,-0.0669,0.21696,0.2008,-0.15636,-0.12424,0.05028,0.06052,0.0327,-0.02813,0.27451,0.02834,-0.0619,-0.05082,0.03554,0.01865
22.9,0.00718,-0.01294,-0.22655,-0.56794,-0.03579,-0.10604,0.0482,0.012,-0.25856,-0.06738,0.28797,0,0.27855,0.87974,-0.63949,0.65414,-0.03724,-0.05681,-0.14323,-0.01774,0.05809,-0.22358,0.24324,-0.59963,0.30132,-0.05828,0.21117,0.24331,-0.12557,-0.12885,0.04889,0.05894,0.03147,0.0056,0.32478,0.05089,-0.13507,-0.05917,0.0299,0.01653
22.92,0.01307,-0.01583,-0.25794,-0.56513,-0.02365,-0.10535,0.02912,5e-05,-0.25479,-0.04198,0.28817,0,0.44281,0.85235,-0.49621,0.63502,-0.1371,-0.0377,-0.1426,0.12687,0.05155,-0.2411,0.15455,-0.53373,0.28505,-0.04836,0.20017,0.28452,-0.10495,-0.13179,0.04754,0.05777,0.03051,0.0516,0.37475,0.05913,-0.22942,-0.06986,0.02431,0.01463
22.94,0.01974,-0.01913,-0.28881,-0.55891,-0.00894,-0.10389,0.00768,-0.01262,-0.24633,-0.02026,0.28923,0,0.56878,0.79991,-0.37821,0.61329,-0.21983,-0.0234,-0.13698,0.23703,0.04345,-0.24422,0.08096,-0.4732,0.27404,-0.03808,0.18346,0.32237,-0.09765,-0.13273,0.04633,0.05731,0.02996,0.11101,0.42203,0.04918,-0.34653,-0.08324,0.01917,0.01311
22.96,0.02736,-0.02274,-0.31841,-0.54992,0.0088,-0.10132,-0.01701,-0.02538,-0.233,-0.00256,0.29048,0,0.65331,0.72332,-0.28578,0.58784,-0.28937,-0.01262,-0.12606,0.31377,0.03135,-0.23591,0.02018,-0.41715,0.26441,-0.02824,0.16072,0.3556,-0.10385,-0.13133,0.04525,0.05765,0.02989,0.18453,0.46476,0.0199,-0.48696,-0.0994,0.01462,0.01202
22.98,0.03597,-0.02647,-0.34596,-0.53889,0.02982,-0.09722,-0.04552,-0.03761,-0.21482,0.01072,0.29107,0,0.69623,0.62431,-0.21664,0.55686,-0.34965,-0.00471,-0.1094,0.36004,0.01381,-0.21827,-0.03028,-0.36512,0.25304,-0.01956,0.13202,0.38353,-0.12059,-0.12727,0.04418,0.05858,0.03017,0.27186,0.50137,-0.0266,-0.6492,-0.118,0.01059,0.01128
23,0.04543,-0.03007,-0.37048,-0.52662,0.05412,-0.0911,-0.07792,-0.04861,-0.19204,0.01897,0.28998,0,0.69938,0.50577,-0.16699,0.51811,-0.40395,0.00033,-0.08651,0.37988,-0.00961,-0.19268,-0.0726,-0.31739,0.23756,-0.01271,0.09792,0.4058,-0.14216,-0.12024,0.04293,0.05969,0.0306,0.37127,0.53019,-0.08522,-0.82876,-0.13818,0.00681,0.0107
23.02,0.05548,-0.0332,-0.39084,-0.51393,0.08133,-0.08242,-0.11378,-0.05771,-0.16509,0.02156,0.28618,0,0.66577,0.37115,-0.13223,0.46924,-0.4546,0.00209,-0.05704,0.37779,-0.0386,-0.16001,-0.10858,-0.2747,0.21614,-0.00834,0.05941,0.42208,-0.16165,-0.11,0.04128,0.06045,0.03091,0.47985,0.54932,-0.14909,-1.01854,-0.15865,0.003,0.01006
23.04,0.06576,-0.03555,-0.40609,-0.50137,0.1108,-0.07064,-0.15232,-0.06443,-0.13449,0.01807,0.27885,0,0.59884,0.22326,-0.10762,0.40817,-0.50286,9e-05,-0.02105,0.35814,-0.07239,-0.12107,-0.13978,-0.23739,0.18721,-0.00703,0.01767,0.432,-0.17318,-0.09636,0.03903,0.06041,0.03086,0.59421,0.55671,-0.21145,-1.20989,-0.1779,-0.0011,0.00917
23.06,0.07589,-0.03684,-0.41563,-0.48918,0.14148,-0.05526,-0.19237,-0.06861,-0.10089,0.00856,0.26751,0,0.50241,0.06396,-0.08872,0.33355,-0.54871,-0.00587,0.02072,0.32502,-0.10996,-0.07695,-0.16763,-0.205,0.14934,-0.00923,-0.02593,0.43504,-0.17347,-0.07931,0.03603,0.05933,0.03031,0.71055,0.5502,-0.2668,-1.39273,-0.19419,-0.00553,0.00793
23.08,0.08533,-0.03679,-0.41914,-0.4773,0.17169,-0.03599,-0.23203,-0.07037,-0.0653,-0.0063,0.25221,0,0.3812,-0.10474,-0.07164,0.24539,-0.59047,-0.0156,0.06648,0.28238,-0.14975,-0.02947,-0.1932,-0.17643,0.10141,-0.01524,-0.06947,0.43046,-0.16215,-0.05915,0.03227,0.05722,0.02925,0.82379,0.52752,-0.31068,-1.55413,-0.20555,-0.01008,0.00631
23.1,0.09336,-0.03517,-0.41647,-0.46552,0.19899,-0.01278,-0.26849,-0.07006,-0.02928,-0.0253,0.23348,0,0.24128,-0.27964,-0.05331,0.14545,-0.62464,-0.0286,0.1132,0.23412,-0.18944,0.01863,-0.21697,-0.15019,0.04291,-0.02523,-0.11033,0.4173,-0.14144,-0.03655,0.02784,0.05431,0.02779,0.92701,0.48641,-0.33933,-1.67753,-0.20964,-0.01433,0.00443
23.12,0.0992,-0.03181,-0.40764,-0.45348,0.22066,0.01407,-0.29859,-0.06806,0.00514,-0.04692,0.21214,0,0.08931,-0.45687,-0.03148,0.03665,-0.64684,-0.04418,0.15711,0.18378,-0.22619,0.06426,-0.2388,-0.12428,-0.0262,-0.03919,-0.14562,0.39471,-0.11515,-0.01239,0.02289,0.05095,0.02608,1.01252,0.42509,-0.34984,-1.74519,-0.20428,-0.01777,0.00243
23.14,0.1022,-0.02667,-0.39286,-0.44056,0.23446,0.04393,-0.31965,-0.06465,0.03585,-0.0698,0.18888,0,-0.06898,-0.6333,-0.00483,-0.07814,-0.65333,-0.06183,0.19465,0.13395,-0.2571,0.10496,-0.25816,-0.09603,-0.10577,-0.05689,-0.17309,0.36241,-0.08715,0.01249,0.01762,0.04748,0.02427,1.07411,0.34297,-0.3408,-1.74271,-0.18818,-0.02003,0.00041
23.16,0.10201,-0.01995,-0.37258,-0.42597,0.23924,0.07574,-0.33009,-0.05984,0.06078,-0.09294,0.16412,0,-0.2292,-0.80699,0.0269,-0.19641,-0.64217,-0.0813,0.22295,0.08601,-0.27942,0.13947,-0.27406,-0.06193,-0.19534,-0.07778,-0.19171,0.32119,-0.06054,0.03746,0.01221,0.0441,0.02247,1.10839,0.24146,-0.31278,-1.66235,-0.16154,-0.02109,-0.0016
23.18,0.09861,-0.01209,-0.34771,-0.40881,0.23494,0.10776,-0.32948,-0.05335,0.07775,-0.11555,0.13813,0,-0.38726,-0.97595,0.06268,-0.31532,-0.61346,-0.10251,0.23975,0.04043,-0.29045,0.16757,-0.285,-0.01788,-0.2935,-0.10083,-0.2016,0.27324,-0.03756,0.06189,0.00685,0.04092,0.02072,1.11476,0.12492,-0.26861,-1.50421,-0.12637,-0.02127,-0.00364
23.2,0.09223,-0.00385,-0.31961,-0.38822,0.22248,0.13742,-0.3183,-0.04476,0.08437,-0.13695,0.11121,0,-0.5384,-1.13696,0.10006,-0.43089,-0.5692,-0.12539,0.24317,-0.00278,-0.28742,0.18974,-0.28892,0.04032,-0.39733,-0.12443,-0.20378,0.22232,-0.01986,0.08502,0.00182,0.03798,0.01906,1.09486,0.00091,-0.21322,-1.2759,-0.08644,-0.02118,-0.00581
23.22,0.08329,0.0039,-0.28992,-0.3635,0.20343,0.16179,-0.29765,-0.03351,0.07836,-0.15661,0.08375,0,-0.67801,-1.28618,0.13564,-0.53843,-0.51265,-0.14968,0.23199,-0.04383,-0.2678,0.20689,-0.28361,0.116,-0.50266,-0.1466,-0.19986,0.17288,-0.00861,0.10596,-0.00261,0.03524,0.01747,1.05163,-0.12121,-0.15231,-0.99012,-0.04646,-0.02155,-0.0082
23.24,0.0722,0.0104,-0.26001,-0.33423,0.1796,0.17838,-0.26889,-0.01912,0.05835,-0.17441,0.05617,0,-0.80373,-1.42078,0.16589,-0.6338,-0.44732,-0.17474,0.2062,-0.083,-0.22999,0.22016,-0.26742,0.2103,-0.60489,-0.16544,-0.19166,0.12883,-0.00455,0.12392,-0.0062,0.03265,0.01595,0.98826,-0.2329,-0.0905,-0.66113,-0.01079,-0.02292,-0.01087
23.26,0.05934,0.01512,-0.23084,-0.30051,0.15291,0.18568,-0.23353,-0.00128,0.02441,-0.19073,0.02896,0,-0.91643,-1.53971,0.18759,-0.71392,-0.37658,-0.19939,0.16748,-0.12045,-0.17397,0.23073,-0.23982,0.32089,-0.69925,-0.17932,-0.18103,0.09274,-0.00798,0.13821,-0.00884,0.03017,0.01449,0.90774,-0.32781,-0.03013,-0.30351,0.01737,-0.02549,-0.01372
23.28,0.04512,0.01781,-0.20308,-0.26319,0.12547,0.18318,-0.19342,0.01993,-0.02153,-0.20637,0.00293,0,-1.01962,-1.64297,0.19775,-0.77629,-0.30407,-0.22163,0.11957,-0.15585,-0.10178,0.23973,-0.2017,0.44089,-0.78007,-0.18684,-0.16987,0.06595,-0.01879,0.14822,-0.01048,0.02775,0.01308,0.81333,-0.40142,0.02846,0.06554,0.03589,-0.02903,-0.01653
23.3,0.03004,0.0184,-0.17735,-0.22401,0.09975,0.17127,-0.15092,0.04398,-0.07578,-0.22236,-0.0207,0,-1.11834,-1.73058,0.19348,-0.81836,-0.23406,-0.23864,0.0682,-0.18818,-0.01766,0.24811,-0.15541,0.55884,-0.84043,-0.18675,-0.16015,0.04891,-0.03646,0.15326,-0.01115,0.02541,0.01173,0.70895,-0.45023,0.08637,0.42438,0.0435,-0.03291,-0.01892
23.32,0.01465,0.01698,-0.15424,-0.18508,0.07821,0.15092,-0.1085,0.06999,-0.13376,-0.23974,-0.04055,0,-1.21836,-1.80241,0.17209,-0.83772,-0.17098,-0.24732,0.01962,-0.21605,0.07298,0.25654,-0.10405,0.66191,-0.87358,-0.17808,-0.15368,0.04143,-0.06008,0.15272,-0.01091,0.02315,0.01047,0.59881,-0.47179,0.14523,0.74966,0.03978,-0.03636,-0.02047
23.34,-0.00061,0.01374,-0.13408,-0.14794,0.06271,0.12355,-0.06803,0.09693,-0.19155,-0.25939,-0.0557,0,-1.32564,-1.85861,0.13142,-0.83296,-0.11828,-0.24535,-0.02156,-0.2383,0.16511,0.26539,-0.05047,0.74093,-0.87557,-0.16054,-0.15182,0.04271,-0.08843,0.14628,-0.00986,0.02097,0.00931,0.48649,-0.46535,0.20637,1.02221,0.02529,-0.03874,-0.02089
23.36,-0.01544,0.00895,-0.11694,-0.11308,0.05412,0.09086,-0.03042,0.12369,-0.24663,-0.28176,-0.06596,0,-1.44554,-1.89973,0.07032,-0.80421,-0.07785,-0.23187,-0.05379,-0.25439,0.25496,0.27465,0.00326,0.79362,-0.84708,-0.13475,-0.15519,0.05144,-0.11985,0.13415,-0.0081,0.01883,0.00821,0.37475,-0.43237,0.26997,1.2302,0.00182,-0.03975,-0.02014
23.38,-0.02961,0.003,-0.10273,-0.08006,0.05236,0.05513,0.00415,0.14887,-0.29773,-0.30669,-0.07197,0,-1.58177,-1.92638,-0.01094,-0.75348,-0.05025,-0.20773,-0.07866,-0.26437,0.33948,0.28382,0.0556,0.82503,-0.79404,-0.10257,-0.16365,0.06568,-0.15203,0.11718,-0.00578,0.01662,0.00714,0.26623,-0.3768,0.33438,1.3682,-0.02746,-0.03951,-0.01845
23.4,-0.04281,-0.00359,-0.09139,-0.04788,0.0565,0.01929,0.03591,0.17067,-0.34431,-0.33332,-0.07493,0,-1.73578,-1.93892,-0.1104,-0.68452,-0.03507,-0.1754,-0.10025,-0.26864,0.41573,0.29193,0.10511,0.84616,-0.72706,-0.06702,-0.17631,0.083,-0.1819,0.09686,-0.00307,0.01426,0.00605,0.16433,-0.30492,0.39585,1.435,-0.05806,-0.03848,-0.01629
23.42,-0.05468,-0.01025,-0.0828,-0.0152,0.06513,-0.01347,0.0652,0.18712,-0.38623,-0.3602,-0.07636,0,-1.90753,-1.93756,-0.22533,-0.60202,-0.0313,-0.13823,-0.12375,-0.26768,0.48106,0.29773,0.15046,0.87065,-0.65875,-0.03157,-0.19184,0.1007,-0.20628,0.07502,-0.00019,0.01166,0.00487,0.07301,-0.22428,0.44935,1.4323,-0.08521,-0.03728,-0.01423
23.44,-0.06487,-0.01645,-0.07682,0.01945,0.07678,-0.04041,0.09231,0.19662,-0.42362,-0.38569,-0.0777,0,-2.09715,-1.92282,-0.35358,-0.51019,-0.03751,-0.09949,-0.15355,-0.26178,0.53385,0.30004,0.19062,0.91033,-0.59979,0.00106,-0.20883,0.11633,-0.22287,0.05339,0.00269,0.00874,0.00356,-0.00396,-0.14191,0.48999,1.36414,-0.1053,-0.03647,-0.01274
23.46,-0.07306,-0.0218,-0.07312,0.05739,0.09012,-0.05967,0.11726,0.19822,-0.45664,-0.40808,-0.08004,0,-2.30535,-1.89594,-0.4941,-0.4123,-0.05193,-0.06175,-0.19189,-0.25083,0.57382,0.29798,0.22492,0.97202,-0.55651,0.02956,-0.22603,0.12796,-0.23095,0.03334,0.00541,0.00551,0.00211,-0.06333,-0.06345,0.51394,1.23686,-0.1169,-0.03639,-0.01208
23.48,-0.07892,-0.02598,-0.07132,0.09947,0.10393,-0.07024,0.13957,0.19175,-0.48517,-0.42549,-0.08409,0,-2.53216,-1.85909,-0.64604,-0.31117,-0.07238,-0.02707,-0.23819,-0.23441,0.60186,0.29106,0.2528,1.05626,-0.53053,0.05402,-0.24223,0.13415,-0.23146,0.01598,0.00781,0.00204,0.00054,-0.10191,0.00644,0.51838,1.05989,-0.12091,-0.03711,-0.01223
23.5,-0.08201,-0.02875,-0.07095,0.14583,0.11705,-0.07171,0.15808,0.17767,-0.50858,-0.43575,-0.0901,0,-2.77526,-1.81546,-0.8076,-0.2099,-0.09626,0.00265,-0.28916,-0.21185,0.61945,0.27912,0.27353,1.15756,-0.51961,0.07554,-0.25618,0.13385,-0.22666,0.00231,0.00974,-0.00151,-0.00107,-0.11622,0.06356,0.50141,0.84594,-0.12016,-0.03845,-0.01296
23.52,-0.08192,-0.02993,-0.07153,0.19588,0.12843,-0.06422,0.17136,0.15693,-0.52579,-0.4367,-0.09796,0,-3.02979,-1.76865,-0.97518,-0.11173,-0.12063,0.02525,-0.34005,-0.18253,0.6281,0.2624,0.28624,1.26652,-0.51916,0.09571,-0.26664,0.12647,-0.21918,-0.00691,0.01107,-0.00494,-0.00265,-0.10302,0.10432,0.46231,0.60904,-0.11841,-0.04005,-0.01387
23.54,-0.07837,-0.02942,-0.0726,0.24861,0.13732,-0.04844,0.17817,0.13083,-0.53562,-0.42686,-0.10721,0,-3.28893,-1.72188,-1.14289,-0.01942,-0.14248,0.03789,-0.38664,-0.1462,0.62868,0.24142,0.29021,1.3732,-0.52413,0.11599,-0.27261,0.11208,-0.21074,-0.01135,0.01169,-0.00814,-0.00414,-0.06044,0.12647,0.40232,0.36118,-0.11898,-0.04147,-0.01458
23.56,-0.07138,-0.02733,-0.07375,0.30249,0.14333,-0.02563,0.17795,0.10094,-0.53695,-0.40588,-0.11709,0,-3.54339,-1.67749,-1.30168,0.06487,-0.15877,0.03685,-0.42646,-0.10336,0.62104,0.21715,0.28508,1.46904,-0.53037,0.13724,-0.27337,0.09158,-0.20126,-0.0113,0.0116,-0.01111,-0.00556,0.01099,0.12953,0.32533,0.11091,-0.1238,-0.0422,-0.01472
23.58,-0.06133,-0.02391,-0.07459,0.3551,0.14649,0.00216,0.17084,0.06935,-0.52876,-0.37476,-0.12637,0,-3.77934,-1.6372,-1.43778,0.13898,-0.16634,0.01729,-0.45879,-0.05567,0.60389,0.19113,0.27088,1.54666,-0.53487,0.1594,-0.26859,0.06689,-0.18874,-0.00767,0.01086,-0.01399,-0.00698,0.10762,0.11482,0.23865,-0.13515,-0.13315,-0.04174,-0.01401
23.6,-0.04896,-0.01959,-0.07478,0.40291,0.14705,0.0321,0.15764,0.03876,-0.51016,-0.33585,-0.13348,0,-3.97729,-1.60253,-1.53235,0.20021,-0.16179,-0.02649,-0.48412,-0.00611,0.57499,0.16557,0.24799,1.59916,-0.53567,0.18149,-0.25821,0.04093,-0.16961,-0.00194,0.00961,-0.017,-0.00852,0.22268,0.08516,0.15292,-0.37051,-0.14578,-0.03953,-0.01225
23.62,-0.03521,-0.01484,-0.07399,0.44203,0.14544,0.06107,0.13953,0.01201,-0.48054,-0.29219,-0.13677,0,-4.11495,-1.57496,-1.56434,0.246,-0.14161,-0.10054,-0.50336,0.04161,0.53172,0.14294,0.21712,1.62072,-0.53177,0.20192,-0.24244,0.01694,-0.13998,0.00421,0.00803,-0.02039,-0.01029,0.34765,0.04395,0.08009,-0.58917,-0.15955,-0.03517,-0.00934
23.64,-0.02101,-0.01011,-0.07196,0.46957,0.14205,0.08649,0.11786,-0.00865,-0.43999,-0.24658,-0.13509,0,-4.17292,-1.55608,-1.5158,0.27519,-0.10252,-0.21012,-0.51688,0.08399,0.47185,0.12528,0.1791,1.60799,-0.52288,0.21915,-0.22172,-0.00253,-0.09745,0.00936,0.00626,-0.02434,-0.01238,0.47467,-0.00596,0.02999,-0.78727,-0.17225,-0.02856,-0.00534
23.66,-0.00713,-0.00568,-0.0685,0.4845,0.13721,0.10682,0.09395,-0.02208,-0.3897,-0.20102,-0.12818,0,-4.13855,-1.54765,-1.37585,0.28899,-0.04187,-0.35858,-0.52388,0.11834,0.3944,0.11373,0.13498,1.56113,-0.50942,0.23211,-0.19677,-0.01625,-0.04242,0.01259,0.00442,-0.0289,-0.01478,0.59767,-0.06295,0.00814,-0.96373,-0.18224,-0.02012,-0.00055
23.68,0.00571,-0.00168,-0.06353,0.48777,0.13116,0.12147,0.06931,-0.02823,-0.33239,-0.15699,-0.11681,0,-4.00684,-1.55175,-1.14234,0.29098,0.04189,-0.54614,-0.52207,0.14257,0.30031,0.10857,0.08638,1.48436,-0.49254,0.24015,-0.16878,-0.02442,0.02106,0.0136,0.00256,-0.03396,-0.01741,0.71173,-0.12633,0.01543,-1.11893,-0.18846,-0.01081,0.00446
23.7,0.01677,0.0018,-0.05708,0.48188,0.12411,0.13061,0.04569,-0.02791,-0.27242,-0.11575,-0.1027,0,-3.77996,-1.57042,-0.82221,0.28663,0.14873,-0.76878,-0.50797,0.15502,0.19282,0.1093,0.03565,1.38565,-0.47409,0.24292,-0.13954,-0.02833,0.08556,0.01258,0.00071,-0.03921,-0.02004,0.81217,-0.19586,0.04887,-1.25328,-0.19033,-0.00218,0.00888
23.72,0.02537,0.00474,-0.04924,0.47017,0.11631,0.1348,0.02484,-0.02242,-0.2149,-0.07834,-0.08802,0,-3.46578,-1.60389,-0.43,0.28176,0.27661,-1.01822,-0.47796,0.15467,0.07666,0.11483,-0.01448,1.2746,-0.45607,0.2404,-0.11111,-0.02978,0.14215,0.01003,-0.00111,-0.04424,-0.02243,0.89449,-0.27112,0.10339,-1.36684,-0.18767,0.00401,0.0118
23.74,0.03106,0.0071,-0.04015,0.45578,0.10812,0.13462,0.00802,-0.01299,-0.16408,-0.04536,-0.07478,0,-3.07589,-1.64791,0.01472,0.28059,0.42108,-1.28219,-0.42999,0.14161,-0.0433,0.12351,-0.06167,1.15932,-0.43982,0.23288,-0.08538,-0.03028,0.18357,0.00645,-0.0029,-0.04872,-0.02437,0.95494,-0.35096,0.17425,-1.45981,-0.18066,0.00635,0.0125
23.76,0.03374,0.0088,-0.02995,0.44107,0.1001,0.13051,-0.00428,-0.00054,-0.12245,-0.01692,-0.06436,0,-2.6259,-1.69177,0.48732,0.28426,0.57449,-1.54382,-0.365,0.11758,-0.16264,0.13314,-0.10431,1.04473,-0.4255,0.2211,-0.06376,-0.03053,0.20624,0.00221,-0.00463,-0.05247,-0.02578,0.99088,-0.43282,0.25834,-1.53258,-0.16977,0.00414,0.01064
23.78,0.03367,0.00968,-0.01886,0.42753,0.0931,0.12263,-0.01232,0.01434,-0.09083,0.00718,-0.05748,0,-2.13858,-1.71733,0.95468,0.2905,0.72457,-1.77936,-0.28766,0.08616,-0.27658,0.14093,-0.14135,0.9329,-0.41203,0.20633,-0.04728,-0.03023,0.21059,-0.00248,-0.00628,-0.05546,-0.02667,1.0004,-0.51197,0.35403,-1.58515,-0.1559,-0.00253,0.00634
23.8,0.03137,0.0095,-0.00726,0.41592,0.08825,0.111,-0.01693,0.03124,-0.06883,0.02717,-0.05436,0,-1.64568,-1.7002,1.3737,0.29406,0.85436,-1.95787,-0.20631,0.05264,-0.37933,0.14358,-0.17186,0.82416,-0.39742,0.19034,-0.03682,-0.02828,0.2004,-0.00755,-0.00778,-0.05777,-0.02718,0.982,-0.58125,0.46029,-1.6165,-0.14033,-0.01283,0.0001
23.82,0.02752,0.00805,0.0044,0.40643,0.08673,0.09558,-0.01918,0.04987,-0.0552,0.04328,-0.05479,0,-1.18233,-1.61513,1.69894,0.28835,0.94594,-2.04731,-0.13088,0.02293,-0.46487,0.13783,-0.1951,0.71791,-0.37924,0.17506,-0.03301,-0.02318,0.18122,-0.01298,-0.00905,-0.05951,-0.02745,0.93459,-0.63271,0.57596,-1.62462,-0.12449,-0.02547,-0.00733
23.84,0.02271,0.00518,0.01571,0.39869,0.08934,0.0765,-0.01998,0.06987,-0.04803,0.05577,-0.05827,0,-0.77694,-1.44431,1.89615,0.2679,0.98675,-2.02482,-0.06964,0.0018,-0.52871,0.12137,-0.21065,0.6132,-0.35541,0.16201,-0.03606,-0.01382,0.15831,-0.01874,-0.01,-0.06078,-0.02761,0.85779,-0.6603,0.69887,-1.60698,-0.10944,-0.03914,-0.0152
23.86,0.01733,0.00096,0.02635,0.39192,0.09625,0.05421,-0.01986,0.09067,-0.045,0.06496,-0.06399,0,-0.44546,-1.18385,1.95121,0.23017,0.97385,-1.88428,-0.02718,-0.00825,-0.56897,0.09355,-0.21857,0.5095,-0.32476,0.15196,-0.04564,6e-05,0.13535,-0.02477,-0.01063,-0.0616,-0.02772,0.75247,-0.66169,0.82487,-1.561,-0.0957,-0.05269,-0.0229
23.88,0.01164,-0.00431,0.03605,0.38495,0.10686,0.02976,-0.01888,0.11133,-0.04338,0.07116,-0.07087,0,-0.19268,-0.84711,1.87154,0.17619,0.91502,-1.63879,-0.00421,-0.00713,-0.58623,0.05573,-0.21932,0.40767,-0.28742,0.1449,-0.06076,0.01755,0.1142,-0.03089,-0.01091,-0.06189,-0.02777,0.62158,-0.63868,0.94662,-1.48438,-0.08324,-0.06515,-0.0299
23.9,0.00573,-0.01009,0.04448,0.37636,0.11987,0.00484,-0.01665,0.1304,-0.04025,0.07461,-0.07755,0,-0.01564,-0.46418,1.68299,0.11042,0.82721,-1.31912,0.00165,0.00312,-0.58301,0.01123,-0.21363,0.31051,-0.24484,0.14028,-0.07982,0.03672,0.09527,-0.03675,-0.01089,-0.06147,-0.02763,0.47061,-0.59665,1.05323,-1.3755,-0.07165,-0.07556,-0.03576
23.92,-0.00035,-0.01574,0.05131,0.36474,0.13359,-0.01857,-0.01262,0.14621,-0.03287,0.07548,-0.08268,0,0.09358,-0.07362,1.42171,0.03917,0.73125,-0.96499,-0.00533,0.01911,-0.56289,-0.03549,-0.20238,0.22184,-0.19932,0.1373,-0.10092,0.05506,0.07803,-0.04193,-0.01059,-0.06015,-0.02718,0.3067,-0.54284,1.13247,-1.23399,-0.06028,-0.08311,-0.04009
23.94,-0.00661,-0.02069,0.05628,0.34905,0.14646,-0.03869,-0.00634,0.15735,-0.01934,0.07407,-0.08529,0,0.14588,0.29042,1.12292,-0.03171,0.64422,-0.61222,-0.02064,0.03714,-0.52969,-0.08007,-0.18652,0.14464,-0.15307,0.1354,-0.12232,0.07031,0.06172,-0.04602,-0.01007,-0.05777,-0.02629,0.13697,-0.48401,1.1746,-1.06146,-0.04844,-0.0873,-0.04268
23.96,-0.01302,-0.02457,0.05932,0.32891,0.15733,-0.05435,0.00227,0.16296,0.00096,0.07087,-0.0851,0,0.15378,0.60595,0.81454,-0.09826,0.57446,-0.28514,-0.0405,0.05378,-0.48704,-0.11901,-0.16699,0.08001,-0.10779,0.13459,-0.14277,0.081,0.04586,-0.04866,-0.00936,-0.05429,-0.02492,-0.03207,-0.4251,1.17498,-0.8627,-0.03555,-0.08801,-0.04351
23.98,-0.01948,-0.02719,0.06047,0.30482,0.1655,-0.06488,0.01281,0.16275,0.02712,0.06659,-0.08254,0,0.13083,0.8626,0.51773,-0.15821,0.52089,0.0029,-0.06197,0.06597,-0.43853,-0.14952,-0.14493,0.02743,-0.0649,0.13553,-0.16134,0.08642,0.03046,-0.0496,-0.00851,-0.04982,-0.02308,-0.19336,-0.36924,1.13459,-0.64735,-0.02122,-0.08556,-0.04277
24,-0.02578,-0.02852,0.05987,0.27818,0.17052,-0.06999,0.02439,0.15692,0.0567,0.0622,-0.07871,0,0.09105,1.05832,0.24921,-0.2104,0.47463,0.24627,-0.08284,0.07091,-0.38792,-0.16927,-0.12172,-0.01455,-0.02586,0.13938,-0.17728,0.08653,0.01614,-0.04862,-0.00756,-0.04463,-0.02089,-0.33833,-0.31832,1.05934,-0.43052,-0.00542,-0.08061,-0.04083
24.02,-0.0316,-0.02864,0.05773,0.25087,0.17219,-0.0697,0.03585,0.14599,0.08647,0.05871,-0.07504,0,0.04737,1.19663,0.02131,-0.25439,0.42289,0.44474,-0.1016,0.06638,-0.33877,-0.17659,-0.09879,-0.04777,0.00784,0.14724,-0.18994,0.08174,0.00372,-0.04559,-0.00655,-0.03907,-0.01849,-0.45801,-0.27323,0.95797,-0.22971,0.01155,-0.07404,-0.03813
24.04,-0.03666,-0.02769,0.05427,0.22452,0.17039,-0.06437,0.04614,0.13068,0.11346,0.0569,-0.07282,0,0.00965,1.28446,-0.15962,-0.29034,0.35436,0.60178,-0.11754,0.05132,-0.29367,-0.17093,-0.07739,-0.07398,0.03492,0.1593,-0.19873,0.0727,-0.00628,-0.04062,-0.00552,-0.03347,-0.01603,-0.54549,-0.234,0.83929,-0.05936,0.02906,-0.06667,-0.03509
24.06,-0.0407,-0.02585,0.04971,0.20014,0.1651,-0.0547,0.05451,0.11186,0.13558,0.05724,-0.07298,0,-0.01661,1.33054,-0.29379,-0.31874,0.26305,0.72303,-0.13074,0.02623,-0.25396,-0.15336,-0.05832,-0.09449,0.05445,0.17422,-0.20312,0.06021,-0.014,-0.03409,-0.00446,-0.02803,-0.01361,-0.59743,-0.19994,0.71059,0.07237,0.04611,-0.05915,-0.03199
24.08,-0.04348,-0.02336,0.04431,0.1782,0.15638,-0.04185,0.06052,0.09066,0.15166,0.05976,-0.0759,0,-0.03039,1.3444,-0.38697,-0.34019,0.14996,0.81487,-0.14194,-0.0065,-0.21988,-0.12666,-0.04212,-0.10988,0.06566,0.18881,-0.20256,0.04526,-0.02026,-0.02674,-0.00338,-0.0229,-0.01127,-0.61394,-0.16999,0.5783,0.16329,0.06117,-0.05202,-0.02904
24.1,-0.04478,-0.02051,0.03838,0.15881,0.14444,-0.02739,0.06392,0.06856,0.16116,0.0641,-0.08157,0,-0.03441,1.33565,-0.4486,-0.35509,0.02293,0.88315,-0.15238,-0.04273,-0.19101,-0.09527,-0.02919,-0.11991,0.06785,0.19831,-0.1965,0.02909,-0.02639,-0.01965,-0.00225,-0.01817,-0.00906,-0.59778,-0.14302,0.4487,0.21563,0.0722,-0.04568,-0.02634
24.12,-0.04441,-0.01757,0.03226,0.14192,0.12957,-0.01301,0.06462,0.04713,0.16408,0.0697,-0.08964,0,-0.03348,1.31254,-0.48924,-0.36363,-0.1062,0.93236,-0.16319,-0.0775,-0.16662,-0.06427,-0.01983,-0.12391,0.0606,0.19761,-0.18448,0.01302,-0.03385,-0.01399,-0.00108,-0.01392,-0.00701,-0.55342,-0.118,0.32756,0.23435,0.07704,-0.0405,-0.02396
24.14,-0.04226,-0.01479,0.02621,0.12725,0.11218,-0.00011,0.06259,0.0276,0.16084,0.07589,-0.09962,0,-0.03209,1.28048,-0.51751,-0.36586,-0.2261,0.9651,-0.17479,-0.10656,-0.1459,-0.03799,-0.01419,-0.12143,0.04419,0.18321,-0.16642,-0.00188,-0.0436,-0.01063,0.00013,-0.01019,-0.00515,-0.48601,-0.09403,0.21877,0.22556,0.07414,-0.03669,-0.02193
24.16,-0.03845,-0.01228,0.0204,0.11442,0.09281,0.01051,0.05789,0.01064,0.15224,0.082,-0.11099,0,-0.0329,1.241,-0.53805,-0.36181,-0.32859,0.9817,-0.18638,-0.12725,-0.12825,-0.01912,-0.01216,-0.11271,0.02002,0.15457,-0.14288,-0.01488,-0.05577,-0.00992,0.00136,-0.00698,-0.00347,-0.40099,-0.07049,0.12385,0.19553,0.06306,-0.03437,-0.02027
24.18,-0.03329,-0.01008,0.01494,0.10306,0.0723,0.01861,0.05066,-0.00359,0.13954,0.08737,-0.12308,0,-0.03625,1.19181,-0.55073,-0.35147,-0.40853,0.97986,-0.19568,-0.13861,-0.11344,-0.00863,-0.0135,-0.09884,-0.00915,0.11466,-0.11525,-0.02559,-0.0694,-0.01157,0.00254,-0.00428,-0.002,-0.30456,-0.04718,0.04253,0.15057,0.04471,-0.03349,-0.01901
24.2,-0.0273,-0.00815,0.00992,0.0929,0.05186,0.02441,0.04116,-0.01524,0.12439,0.09128,-0.13506,0,-0.04049,1.12762,-0.55115,-0.33484,-0.4629,0.955,-0.19916,-0.14103,-0.10175,-0.00607,-0.01777,-0.08171,-0.03929,0.0697,-0.08576,-0.0338,-0.08252,-0.01479,0.00358,-0.0021,-0.00076,-0.20405,-0.02453,-0.02631,0.09712,0.02117,-0.03398,-0.0182
24.22,-0.02112,-0.00642,0.00545,0.08376,0.03283,0.02837,0.02974,-0.02468,0.10862,0.09308,-0.14607,0,-0.04297,1.04217,-0.53294,-0.31203,-0.49036,0.90193,-0.19305,-0.13583,-0.09374,-0.01006,-0.02449,-0.06357,-0.0659,0.02735,-0.05705,-0.03944,-0.09262,-0.01849,0.00437,-0.00046,0.0002,-0.1071,-0.00328,-0.08395,0.04135,-0.00478,-0.03567,-0.01792
24.24,-0.0153,-0.00478,0.00159,0.07545,0.01621,0.03107,0.01686,-0.03234,0.09375,0.09229,-0.15538,0,-0.04144,0.9311,-0.49134,-0.28332,-0.49138,0.81762,-0.17497,-0.12466,-0.08988,-0.01883,-0.03317,-0.04636,-0.08537,-0.00584,-0.03123,-0.04263,-0.09744,-0.02166,0.00481,0.00064,0.00086,-0.02003,0.01593,-0.13145,-0.01152,-0.03057,-0.03839,-0.01818
24.26,-0.01023,-0.00315,-0.00166,0.06777,0.00241,0.03305,0.00307,-0.03869,0.08085,0.08876,-0.16256,0,-0.0351,0.79437,-0.42589,-0.24939,-0.46831,0.70344,-0.14513,-0.10921,-0.09027,-0.03061,-0.04335,-0.03135,-0.09584,-0.02625,-0.00945,-0.04361,-0.09547,-0.02358,0.00484,0.00118,0.00119,0.05295,0.03281,-0.1692,-0.0574,-0.05432,-0.04197,-0.019
24.28,-0.00613,-0.00145,-0.00428,0.06056,-0.00872,0.03477,-0.01084,-0.04411,0.07047,0.08268,-0.16744,0,-0.02488,0.63784,-0.34148,-0.21162,-0.42551,0.56649,-0.10681,-0.09122,-0.09461,-0.04361,-0.05453,-0.01914,-0.09733,-0.03334,0.00808,-0.04279,-0.0861,-0.02387,0.00444,0.00116,0.00119,0.10935,0.04736,-0.19646,-0.0931,-0.07476,-0.04619,-0.02031
24.3,-0.0031,0.00038,-0.00623,0.0537,-0.01769,0.03662,-0.0238,-0.04889,0.0629,0.07458,-0.17001,0,-0.01324,0.47334,-0.24805,-0.17216,-0.36912,0.4195,-0.06606,-0.07257,-0.10224,-0.05595,-0.0661,-0.0098,-0.09143,-0.02921,0.02185,-0.04069,-0.06956,-0.02245,0.00364,0.00061,0.00087,0.14778,0.05971,-0.21132,-0.11598,-0.09106,-0.05079,-0.02202
24.32,-0.00113,0.00234,-0.0075,0.04715,-0.0252,0.03881,-0.03475,-0.05316,0.05823,0.0652,-0.17042,0,-0.0033,0.31556,-0.15773,-0.13363,-0.30579,0.27765,-0.03001,-0.05503,-0.11224,-0.06588,-0.0774,-0.00313,-0.08061,-0.01749,0.03274,-0.03785,-0.04687,-0.01946,0.00248,-0.00044,0.00025,0.16784,0.06997,-0.21154,-0.12407,-0.10272,-0.05546,-0.02397
24.34,-7e-05,0.0044,-0.00808,0.04084,-0.03191,0.04139,-0.04301,-0.05698,0.05648,0.05518,-0.16886,0,0.0025,0.17687,-0.08053,-0.09828,-0.2409,0.15343,-0.0042,-0.03995,-0.1237,-0.07191,-0.0878,0.0013,-0.06737,-0.00182,0.04174,-0.03478,-0.01967,-0.01525,0.00106,-0.00189,-0.0006,0.1704,0.07814,-0.19605,-0.11659,-0.10963,-0.05993,-0.02602
24.36,0.00037,0.0065,-0.00805,0.03461,-0.03826,0.04419,-0.04859,-0.06029,0.05774,0.04504,-0.16564,0,0.00322,0.06418,-0.02152,-0.06767,-0.17747,0.05349,0.00921,-0.02808,-0.13569,-0.07307,-0.09677,0.00391,-0.05363,0.01501,0.04973,-0.03184,0.00968,-0.0103,-0.00051,-0.00357,-0.00159,0.15782,0.08402,-0.16608,-0.09435,-0.11208,-0.06392,-0.028
24.38,0.00063,0.00853,-0.00751,0.02831,-0.04439,0.04679,-0.05218,-0.06293,0.06214,0.03515,-0.16112,0,-0.00029,-0.02092,0.01936,-0.04281,-0.11638,-0.02132,0.0117,-0.01958,-0.14729,-0.06887,-0.1038,0.00514,-0.04069,0.03127,0.0574,-0.02933,0.03791,-0.00526,-0.00204,-0.00521,-0.00258,0.13404,0.0871,-0.12565,-0.05996,-0.11074,-0.06718,-0.02974
24.4,0.00128,0.01028,-0.00664,0.02178,-0.05011,0.04855,-0.05505,-0.0646,0.0699,0.02583,-0.15579,0,-0.00573,-0.08079,0.04629,-0.0244,-0.05701,-0.07466,0.00787,-0.01424,-0.15748,-0.05923,-0.10833,0.00537,-0.02942,0.04603,0.06513,-0.02743,0.06083,-0.00099,-0.00332,-0.00642,-0.00335,0.10441,0.08664,-0.08134,-0.01772,-0.10653,-0.06941,-0.03104
24.42,0.00291,0.01156,-0.00564,0.01484,-0.05507,0.04874,-0.05877,-0.065,0.08134,0.01735,-0.15017,0,-0.01014,-0.12015,0.06569,-0.01284,0.00243,-0.11288,0.00363,-0.01165,-0.16527,-0.04429,-0.10983,0.00493,-0.02033,0.05904,0.07316,-0.02628,0.07415,0.00164,-0.00412,-0.00681,-0.0037,0.07475,0.08203,-0.04092,0.02722,-0.10046,-0.07034,-0.03172
24.44,0.00606,0.0122,-0.00472,0.00716,-0.05891,0.04685,-0.06484,-0.06398,0.09695,0.00983,-0.14474,0,-0.0112,-0.14436,0.08383,-0.00817,0.06454,-0.14299,0.0039,-0.01154,-0.16988,-0.02417,-0.10789,0.00408,-0.01381,0.07042,0.08171,-0.02595,0.07479,0.00193,-0.00426,-0.00607,-0.00346,0.05003,0.07328,-0.01118,0.07022,-0.09336,-0.0698,-0.03164
24.46,0.01109,0.01212,-0.0041,-0.00176,-0.06149,0.04276,-0.07444,-0.06166,0.11737,0.00327,-0.13992,0,-0.00804,-0.15823,0.10514,-0.00991,0.13239,-0.17122,0.01091,-0.0139,-0.17092,0.00111,-0.10234,0.00304,-0.01017,0.0806,0.09108,-0.02642,0.06185,-0.00048,-0.0037,-0.00405,-0.00255,0.03347,0.06152,0.00345,0.10788,-0.0857,-0.06776,-0.03079
24.48,0.01816,0.01135,-0.00396,-0.01254,-0.06286,0.0368,-0.08828,-0.05851,0.14323,-0.00244,-0.13607,0,-0.00151,-0.16561,0.13164,-0.01709,0.20888,-0.20239,0.02375,-0.01908,-0.16842,0.03153,-0.0933,0.00195,-0.00974,0.09008,0.10162,-0.0276,0.03691,-0.00557,-0.00249,-0.00078,-0.001,0.02651,0.04916,0.00111,0.13792,-0.0776,-0.06442,-0.02926
24.5,0.02717,0.01001,-0.00453,-0.02584,-0.0632,0.02972,-0.10658,-0.05526,0.17502,-0.00746,-0.13355,0,0.00606,-0.16929,0.16302,-0.02832,0.29611,-0.23976,0.03877,-0.02767,-0.1627,0.06682,-0.0812,0.00092,-0.0129,0.09942,0.11362,-0.02935,0.00379,-0.01295,-0.00082,0.00349,0.00107,0.02904,0.03972,-0.01794,0.15894,-0.06893,-0.06009,-0.02726
24.52,0.03784,0.00827,-0.00596,-0.0423,-0.06284,0.02252,-0.1291,-0.05286,0.21297,-0.01198,-0.13266,0,0.01174,-0.17119,0.19763,-0.04203,0.39471,-0.28512,0.05105,-0.04032,-0.1543,0.10638,-0.06666,4e-05,-0.02018,0.10904,0.12728,-0.03145,-0.03245,-0.02198,0.00109,0.00843,0.00347,0.0396,0.03709,-0.05253,0.17039,-0.05914,-0.05512,-0.02502
24.54,0.04976,0.00631,-0.00839,-0.06242,-0.06213,0.01614,-0.15526,-0.05222,0.25701,-0.01617,-0.13354,0,0.01328,-0.17279,0.23395,-0.05688,0.50306,-0.33911,0.05662,-0.0574,-0.14366,0.14923,-0.05043,-0.00064,-0.03223,0.11916,0.14262,-0.0337,-0.06697,-0.03192,0.00299,0.0137,0.00605,0.05568,0.04424,-0.1021,0.17295,-0.04717,-0.0496,-0.02265
24.56,0.06242,0.00428,-0.01186,-0.08641,-0.06147,0.01123,-0.18412,-0.05414,0.30657,-0.02024,-0.13614,0,0.00999,-0.17537,0.27145,-0.07195,0.61651,-0.40117,0.05403,-0.0787,-0.13111,0.19383,-0.0333,-0.00106,-0.04982,0.12962,0.15945,-0.03589,-0.0961,-0.04205,0.00474,0.01904,0.00865,0.07382,0.06233,-0.16755,0.16866,-0.03137,-0.04328,-0.02011
24.58,0.07511,0.00235,-0.01628,-0.11407,-0.06127,0.00822,-0.21417,-0.05919,0.36017,-0.02434,-0.14014,0,0.00298,-0.18009,0.31059,-0.08667,0.72621,-0.46915,0.04467,-0.10325,-0.11687,0.23764,-0.01627,-0.00119,-0.07375,0.13983,0.17718,-0.03781,-0.11728,-0.05157,0.0062,0.0242,0.01117,0.08943,0.09041,-0.25105,0.16105,-0.00958,-0.03554,-0.01718
24.6,0.08687,0.00068,-0.02144,-0.14457,-0.06198,0.00733,-0.24318,-0.06778,0.41517,-0.02858,-0.14504,0,-0.00506,-0.18789,0.35233,-0.1007,0.8191,-0.53899,0.03244,-0.12922,-0.10117,0.27706,-0.00059,-0.00096,-0.1046,0.14871,0.1948,-0.03921,-0.12883,-0.05958,0.00731,0.02897,0.01352,0.097,0.12552,-0.35531,0.15488,0.02058,-0.0255,-0.0135
24.62,0.09665,-0.00059,-0.02704,-0.1767,-0.06409,0.00861,-0.26858,-0.08005,0.46817,-0.03293,-0.15025,0,-0.01075,-0.19929,0.39742,-0.11379,0.88079,-0.60542,0.02237,-0.15432,-0.08428,0.30804,0.01245,-0.00035,-0.14249,0.15498,0.21117,-0.03988,-0.12987,-0.06519,0.00803,0.03313,0.01561,0.09085,0.16372,-0.48257,0.15542,0.06102,-0.01229,-0.00868
24.64,0.10358,-0.00133,-0.0328,-0.20919,-0.06818,0.01194,-0.2881,-0.09582,0.51587,-0.03726,-0.15542,0,-0.01134,-0.21402,0.44557,-0.12572,0.90037,-0.66316,0.01857,-0.17636,-0.06653,0.32731,0.02191,0.00064,-0.18666,0.15756,0.22555,-0.03968,-0.12039,-0.06775,0.00835,0.03654,0.01737,0.06664,0.2015,-0.63326,0.16719,0.11218,0.00461,-0.00245
24.66,0.10716,-0.00149,-0.03846,-0.24086,-0.07488,0.01711,-0.30014,-0.11444,0.55541,-0.04125,-0.16055,0,-0.00559,-0.23077,0.49468,-0.13617,0.87375,-0.70764,0.02296,-0.19366,-0.04833,0.33316,0.02745,0.00195,-0.23501,0.15588,0.2379,-0.03859,-0.10136,-0.06701,0.00828,0.03914,0.01879,0.02239,0.23671,-0.80454,0.19312,0.17221,0.02511,0.00522
24.68,0.1073,-0.00105,-0.04376,-0.27041,-0.08486,0.02367,-0.30377,-0.13468,0.58422,-0.04439,-0.16598,0,0.00595,-0.24695,0.54028,-0.14465,0.80461,-0.73474,0.03478,-0.20496,-0.03038,0.32559,0.02937,0.00344,-0.28372,0.14997,0.2489,-0.03672,-0.07487,-0.06316,0.00789,0.04095,0.01985,-0.04098,0.26847,-0.98874,0.23417,0.23629,0.04824,0.01409
24.7,0.10419,-6e-05,-0.04841,-0.29618,-0.09875,0.03105,-0.29859,-0.15465,0.59968,-0.04596,-0.17234,0,0.02118,-0.25887,0.57563,-0.1504,0.70344,-0.74057,0.05102,-0.20926,-0.01369,0.30604,0.02842,0.00493,-0.32711,0.14037,0.25973,-0.03433,-0.04406,-0.05674,0.00724,0.04202,0.02055,-0.11964,0.29677,-1.17273,0.2894,0.2967,0.07216,0.02354
24.72,0.0983,0.00143,-0.05213,-0.31636,-0.11714,0.0386,-0.28463,-0.17214,0.5994,-0.04511,-0.18035,0,0.03744,-0.26274,0.59358,-0.15261,0.58379,-0.72183,0.06758,-0.20577,0.00066,0.27685,0.02569,0.00616,-0.35891,0.12798,0.27188,-0.03179,-0.0126,-0.04854,0.00642,0.04242,0.02091,-0.20786,0.322,-1.34034,0.35681,0.34462,0.09454,0.03279
24.74,0.09016,0.00333,-0.05468,-0.32931,-0.14046,0.0459,-0.26236,-0.18523,0.58172,-0.04106,-0.19058,0,0.05286,-0.25619,0.58949,-0.15059,0.45689,-0.67683,0.08105,-0.19403,0.012,0.24056,0.02227,0.00689,-0.37415,0.11385,0.28678,-0.02959,0.01632,-0.03931,0.00549,0.04223,0.02093,-0.29969,0.34432,-1.4766,0.43455,0.37307,0.11325,0.04104
24.76,0.08045,0.00561,-0.05593,-0.33376,-0.16892,0.05282,-0.23277,-0.19264,0.54624,-0.03325,-0.20321,0,0.06731,-0.23945,0.56334,-0.14406,0.32847,-0.60628,0.08989,-0.17391,0.02034,0.19955,0.0191,0.00693,-0.37059,0.09902,0.3056,-0.0283,0.04043,-0.02966,0.00449,0.04152,0.02063,-0.38965,0.36328,-1.57032,0.52155,0.37889,0.12678,0.04768
24.78,0.06996,0.00821,-0.05584,-0.32888,-0.20225,0.05956,-0.19756,-0.19374,0.4941,-0.0214,-0.21793,0,0.08253,-0.21569,0.52039,-0.1332,0.19876,-0.51399,0.09467,-0.14583,0.0264,0.15623,0.01697,0.00612,-0.34894,0.08464,0.32903,-0.0286,0.0584,-0.02011,0.00341,0.04035,0.02002,-0.47235,0.37751,-1.61385,0.61698,0.36313,0.13424,0.05219
24.8,0.05968,0.01106,-0.05446,-0.31415,-0.23955,0.06651,-0.15928,-0.18844,0.42808,-0.00551,-0.23387,0,0.10163,-0.19064,0.47049,-0.11865,0.06439,-0.40698,0.09765,-0.11083,0.03146,0.11331,0.01652,0.00435,-0.31259,0.072,0.35716,-0.03125,0.06958,-0.01113,0.00223,0.03876,0.01914,-0.54184,0.38473,-1.60223,0.71951,0.33046,0.1352,0.05415
24.82,0.05066,0.01409,-0.05189,-0.28939,-0.27957,0.07421,-0.1209,-0.17705,0.35199,0.01416,-0.24984,0,0.12774,-0.17072,0.42486,-0.10132,-0.07843,-0.29405,0.10174,-0.07034,0.03708,0.07356,0.01828,0.00154,-0.26644,0.06226,0.38971,-0.03697,0.07396,-0.00309,0.00091,0.03679,0.018,-0.59197,0.38234,-1.53308,0.82664,0.28751,0.12964,0.05326
24.84,0.04379,0.01725,-0.0483,-0.2548,-0.32109,0.08316,-0.08508,-0.1601,0.26975,0.03724,-0.26457,0,0.162,-0.16032,0.39144,-0.08222,-0.2298,-0.18364,0.10888,-0.02591,0.04481,0.03933,0.02265,-0.0023,-0.21531,0.05596,0.42624,-0.04621,0.0722,0.00385,-0.00059,0.03447,0.01664,-0.61736,0.36843,-1.40721,0.93408,0.2406,0.11798,0.04943
24.86,0.03967,0.02054,-0.04386,-0.21121,-0.36314,0.09373,-0.05384,-0.13829,0.185,0.0633,-0.27699,0,0.20211,-0.15984,0.37176,-0.06232,-0.38287,-0.08265,0.119,0.02085,0.05588,0.01225,0.02989,-0.00709,-0.16309,0.05269,0.46625,-0.05897,0.06573,0.00982,-0.00234,0.03175,0.01504,-0.6141,0.34248,-1.22956,1.03504,0.19428,0.10111,0.04293
24.88,0.0386,0.02397,-0.03886,-0.16034,-0.40468,0.10606,-0.0287,-0.11265,0.10169,0.09158,-0.28609,0,0.2416,-0.16529,0.36027,-0.04269,-0.5217,0.00309,0.1296,0.06798,0.0711,-0.00653,0.04005,-0.01261,-0.11283,0.05109,0.50891,-0.07468,0.05675,0.01519,-0.00438,0.02863,0.01323,-0.57978,0.30577,-1.01065,1.1192,0.15132,0.08053,0.03439
24.9,0.04065,0.02753,-0.03367,-0.10504,-0.44438,0.12,-0.01091,-0.08463,0.0245,0.12094,-0.29089,0,0.27039,-0.16897,0.34562,-0.0246,-0.62201,0.06814,0.13616,0.11288,0.0908,-0.01618,0.05296,-0.01849,-0.06717,0.04899,0.55282,-0.09216,0.04816,0.02049,-0.00671,0.02508,0.01122,-0.51345,0.26128,-0.7669,1.1725,0.11324,0.05838,0.02483
24.92,0.04569,0.03119,-0.0287,-0.04871,-0.4807,0.13521,-0.00137,-0.05586,-0.04179,0.14994,-0.29046,0,0.27766,-0.16197,0.3147,-0.00935,-0.6582,0.10814,0.13359,0.15261,0.11486,-0.01613,0.06832,-0.02429,-0.02835,0.04404,0.59619,-0.10994,0.04307,0.02628,-0.00934,0.0211,0.00905,-0.41559,0.21291,-0.51758,1.17907,0.08066,0.03708,0.01542
24.94,0.05336,0.03488,-0.02425,0.00561,-0.51234,0.15128,-0.00041,-0.02776,-0.09368,0.1772,-0.28413,0,0.25636,-0.13786,0.25842,0.002,-0.61442,0.1213,0.11849,0.18463,0.14288,-0.00632,0.08581,-0.0296,0.00203,0.0345,0.6373,-0.1267,0.044,0.03291,-0.01223,0.0167,0.00673,-0.2882,0.16425,-0.27963,1.12482,0.05378,0.01869,0.00722
24.96,0.06305,0.03852,-0.02052,0.05572,-0.53845,0.16784,-0.00751,-0.00136,-0.12976,0.20157,-0.27161,0,0.20642,-0.09525,0.17587,0.00891,-0.49253,0.10948,0.09083,0.20714,0.1741,0.01266,0.10512,-0.03411,0.02311,0.01989,0.67468,-0.1415,0.05237,0.04042,-0.01532,0.01195,0.00431,-0.13539,0.1179,-0.06491,1.00016,0.03268,0.00465,0.00094
24.98,0.07386,0.04194,-0.01754,0.1,-0.55842,0.18441,-0.02127,0.02256,-0.15057,0.22197,-0.2531,0,0.1359,-0.03883,0.07602,0.01128,-0.31488,0.07849,0.0545,0.21899,0.20723,0.03942,0.12584,-0.0376,0.03461,0.00124,0.70687,-0.15377,0.06829,0.0484,-0.01848,0.00694,0.00186,0.03541,0.07564,0.11884,0.8014,0.01761,-0.00428,-0.00303
25,0.08454,0.04488,-0.01528,0.137,-0.57171,0.2003,-0.03948,0.04327,-0.15816,0.2372,-0.22934,0,0.06002,0.02134,-0.02331,0.00938,-0.12181,0.03747,0.01691,0.21951,0.24026,0.07171,0.14731,-0.03986,0.03661,-0.01903,0.73218,-0.16318,0.09065,0.05604,-0.02154,0.00187,-0.00054,0.2129,0.03883,0.26621,0.53095,0.00907,-0.00782,-0.00458
25.02,0.09373,0.04706,-0.01364,0.16559,-0.5779,0.21475,-0.05952,0.06016,-0.15543,0.24616,-0.20143,0,-0.00346,0.07309,-0.10116,0.00379,0.04001,-0.00327,-0.01329,0.20857,0.27092,0.10677,0.16872,-0.04077,0.02953,-0.03783,0.74889,-0.16952,0.11756,0.06234,-0.02428,-0.00301,-0.00278,0.38387,0.00857,0.37383,0.19549,0.00748,-0.00619,-0.00382
25.04,0.10027,0.04829,-0.0125,0.18525,-0.57691,0.2271,-0.07895,0.07292,-0.14554,0.24821,-0.17052,0,-0.04116,0.10714,-0.14219,-0.00471,0.1351,-0.03547,-0.02958,0.18689,0.29737,0.14185,0.18926,-0.04024,0.01424,-0.05253,0.7558,-0.17274,0.14689,0.06657,-0.02653,-0.00749,-0.00476,0.53675,-0.0144,0.44117,-0.19691,0.01252,-9e-05,-0.00109
25.06,0.10342,0.0485,-0.01175,0.19638,-0.56916,0.2369,-0.09587,0.08171,-0.13153,0.24341,-0.13777,0,-0.0488,0.12045,-0.14263,-0.01511,0.15098,-0.05497,-0.02989,0.15633,0.31863,0.17449,0.20823,-0.03831,-0.00783,-0.06173,0.75258,-0.17291,0.17662,0.06845,-0.02822,-0.0115,-0.00644,0.66359,-0.0296,0.47095,-0.63727,0.02269,0.00919,0.00305
25.08,0.10293,0.0478,-0.01127,0.2002,-0.5557,0.24389,-0.10888,0.08712,-0.1163,0.23267,-0.10452,0,-0.03223,0.11693,-0.11168,-0.02612,0.10094,-0.06217,-0.01712,0.12017,0.33448,0.20226,0.22485,-0.03515,-0.03446,-0.06532,0.73984,-0.17021,0.2047,0.0683,-0.02935,-0.01499,-0.00782,0.75949,-0.0367,0.46892,-1.11277,0.03509,0.0197,0.00775
25.1,0.09889,0.04642,-0.01099,0.19857,-0.53815,0.24788,-0.11692,0.08996,-0.10265,0.21762,-0.0725,0,-0.00596,0.10637,-0.0696,-0.03617,0.02022,-0.06122,0.00155,0.0831,0.34528,0.22266,0.23822,-0.03101,-0.06269,-0.0643,0.71904,-0.16492,0.22886,0.06686,-0.02999,-0.01799,-0.0089,0.82141,-0.03545,0.44306,-1.60427,0.04563,0.02894,0.01194
25.12,0.09167,0.04466,-0.01083,0.19359,-0.5184,0.24879,-0.11921,0.09118,-0.09306,0.20029,-0.04355,0,0.01198,0.1009,-0.04101,-0.04365,-0.04666,-0.05806,0.01712,0.05034,0.35165,0.23337,0.24744,-0.02621,-0.08944,-0.06028,0.69219,-0.15737,0.24687,0.0651,-0.03024,-0.02052,-0.00973,0.84771,-0.02576,0.40207,-2.08913,0.04994,0.03431,0.01452
25.14,0.08172,0.04276,-0.01078,0.18719,-0.49822,0.24669,-0.11532,0.09155,-0.0893,0.18264,-0.01905,0,0.00735,0.1101,-0.0453,-0.04734,-0.06408,-0.05773,0.02245,0.02627,0.35429,0.23286,0.25201,-0.02098,-0.11246,-0.05488,0.66132,-0.14794,0.25704,0.06386,-0.03019,-0.0226,-0.01032,0.8381,-0.0081,0.35331,-2.54724,0.04471,0.03392,0.01468
25.16,0.06952,0.04087,-0.01083,0.18084,-0.47906,0.24187,-0.10521,0.09157,-0.09217,0.16621,0.00038,0,-0.02526,0.13749,-0.08987,-0.04672,-0.01778,-0.06247,0.01458,0.01352,0.35381,0.22088,0.25205,-0.01545,-0.13098,-0.04928,0.62835,-0.13702,0.25853,0.06363,-0.02991,-0.02422,-0.0107,0.79384,0.01621,0.30168,-2.96371,0.02872,0.02713,0.01215
25.18,0.05565,0.03905,-0.01105,0.17552,-0.4621,0.23487,-0.08931,0.09142,-0.1014,0.15228,0.0148,0,-0.08086,0.17949,-0.16821,-0.04203,0.0816,-0.07116,-0.00449,0.01294,0.35068,0.1986,0.24838,-0.00964,-0.14571,-0.04421,0.59524,-0.12517,0.25145,0.06446,-0.02942,-0.02531,-0.01092,0.71795,0.04471,0.24967,-3.32629,0.00314,0.01473,0.00725
25.2,0.04084,0.03725,-0.0115,0.1718,-0.4484,0.2265,-0.06848,0.09096,-0.11579,0.14189,0.02471,0,-0.14526,0.22617,-0.26136,-0.03418,0.20151,-0.07977,-0.02844,0.02384,0.34519,0.16851,0.24232,-0.00352,-0.15846,-0.03999,0.56416,-0.11309,0.23667,0.06606,-0.02873,-0.02578,-0.01099,0.61521,0.07393,0.19793,-3.62227,-0.02863,-0.00122,0.00084
25.22,0.02588,0.03541,-0.01227,0.16997,-0.43881,0.21768,-0.04392,0.08985,-0.13357,0.13584,0.03087,0,-0.19968,0.26453,-0.3442,-0.02445,0.29867,-0.08279,-0.04881,0.0446,0.33735,0.13373,0.23527,0.00297,-0.17139,-0.0367,0.53721,-0.10158,0.2156,0.06792,-0.02781,-0.02549,-0.01093,0.49122,0.10004,0.14608,-3.83918,-0.06193,-0.01794,-0.00592
25.24,0.01141,0.03344,-0.01345,0.17017,-0.43375,0.20927,-0.01681,0.08773,-0.15297,0.1345,0.03412,0,-0.22765,0.28335,-0.39465,-0.01413,0.33558,-0.07537,-0.05821,0.07347,0.32674,0.09706,0.22798,0.00996,-0.18599,-0.03428,0.51586,-0.0913,0.18976,0.06949,-0.02664,-0.02439,-0.01074,0.35097,0.12017,0.09357,-3.96812,-0.0923,-0.03285,-0.01196
25.26,-0.00218,0.03131,-0.01506,0.17246,-0.43301,0.20195,0.01178,0.08432,-0.17247,0.13765,0.03525,0,-0.21979,0.27655,-0.39992,-0.0043,0.29175,-0.0549,-0.05247,0.10896,0.31244,0.06044,0.22007,0.01757,-0.20233,-0.03271,0.50056,-0.08274,0.16069,0.07039,-0.02525,-0.0225,-0.01043,0.19844,0.13311,0.04051,-4.00587,-0.11642,-0.0441,-0.01652
25.28,-0.01462,0.02906,-0.01708,0.17687,-0.43579,0.19623,0.04066,0.07943,-0.19081,0.14448,0.03494,0,-0.17486,0.24399,-0.35795,0.00422,0.16675,-0.02148,-0.03127,0.14971,0.29314,0.02508,0.21003,0.02593,-0.21872,-0.03205,0.49083,-0.07617,0.13005,0.07038,-0.02368,-0.01997,-0.01002,0.03748,0.13941,-0.01176,-3.95482,-0.13207,-0.05062,-0.01914
25.3,-0.02572,0.02678,-0.01941,0.18335,-0.44074,0.19254,0.0684,0.07306,-0.20677,0.15363,0.03376,0,-0.09906,0.19089,-0.27624,0.01073,-0.02171,0.02225,0.00231,0.19425,0.26725,-0.00823,0.19541,0.03505,-0.23191,-0.03241,0.48546,-0.07179,0.09982,0.06939,-0.02202,-0.01707,-0.00952,-0.12711,0.14109,-0.06045,-3.82182,-0.13797,-0.052,-0.01966
25.32,-0.03533,0.02462,-0.02193,0.19171,-0.44628,0.19114,0.09358,0.06529,-0.21926,0.16348,0.03218,0,-0.00325,0.12579,-0.16846,0.01469,-0.24502,0.07218,0.04301,0.24098,0.23327,-0.03901,0.17352,0.04481,-0.23796,-0.03392,0.48281,-0.06965,0.07206,0.06746,-0.02038,-0.01411,-0.00892,-0.29023,0.14088,-0.10208,-3.61626,-0.13365,-0.04831,-0.01811
25.34,-0.04344,0.02269,-0.02453,0.20156,-0.45096,0.19203,0.11529,0.0563,-0.22751,0.17253,0.03055,0,0.10079,0.05764,-0.04962,0.01585,-0.474,0.12434,0.08534,0.28833,0.19016,-0.06714,0.14239,0.05496,-0.23377,-0.03668,0.48116,-0.0696,0.04838,0.06479,-0.01885,-0.01139,-0.00826,-0.44796,0.14127,-0.13382,-3.34772,-0.11946,-0.03996,-0.01465
25.36,-0.05021,0.02105,-0.02713,0.21221,-0.45374,0.19487,0.13337,0.04633,-0.23108,0.17968,0.02917,0,0.20261,-0.00594,0.06676,0.01427,-0.68524,0.17577,0.12467,0.33476,0.13778,-0.09276,0.10157,0.06506,-0.21808,-0.04065,0.47893,-0.07121,0.02975,0.0617,-0.01746,-0.00904,-0.00752,-0.5981,0.14382,-0.15432,-3.02556,-0.09664,-0.02763,-0.00957
25.38,-0.05594,0.01969,-0.02967,0.22255,-0.45402,0.19893,0.14837,0.03578,-0.22992,0.1842,0.02831,0,0.29292,-0.05865,0.1685,0.01034,-0.8611,0.22443,0.15723,0.37828,0.07742,-0.11609,0.05264,0.07441,-0.19185,-0.04565,0.4748,-0.07375,0.01653,0.05868,-0.0162,-0.00713,-0.00672,-0.73915,0.14898,-0.16378,-2.66099,-0.06755,-0.01234,-0.00326
25.4,-0.06096,0.01856,-0.0321,0.23108,-0.45155,0.20312,0.16133,0.02524,-0.22427,0.18569,0.02814,0,0.36292,-0.09498,0.24406,0.00477,-0.98798,0.26876,0.1798,0.41632,0.01191,-0.13719,-0.00082,0.08199,-0.15809,-0.05135,0.46768,-0.07622,0.0087,0.05638,-0.01503,-0.00562,-0.00589,-0.86919,0.1562,-0.16355,-2.26876,-0.03557,0.00451,0.00373
25.42,-0.06561,0.01759,-0.03436,0.2361,-0.44635,0.2062,0.17345,0.01539,-0.21457,0.18402,0.02882,0,0.40501,-0.11049,0.28349,-0.00159,-1.0562,0.30767,0.18987,0.44603,-0.05491,-0.15603,-0.05406,0.08673,-0.12083,-0.05736,0.45671,-0.07755,0.00588,0.05547,-0.01391,-0.00443,-0.00504,-0.98605,0.1643,-0.15563,-1.86517,-0.00458,0.02138,0.01079
25.44,-0.07021,0.01669,-0.03643,0.23614,-0.43851,0.20703,0.18583,0.00678,-0.20133,0.17929,0.03037,0,0.41424,-0.10233,0.28033,-0.00803,-1.0611,0.34076,0.18593,0.46517,-0.11938,-0.17262,-0.1027,0.08787,-0.08366,-0.06338,0.44128,-0.07682,0.00733,0.05644,-0.01275,-0.00345,-0.00419,-1.08836,0.17204,-0.14197,-1.46371,0.02207,0.03696,0.01739
25.46,-0.07495,0.01577,-0.0383,0.23028,-0.42811,0.20482,0.19915,-0.00022,-0.18512,0.1719,0.03272,0,0.38941,-0.06988,0.23312,-0.01405,-1.00396,0.36841,0.16787,0.47256,-0.17854,-0.18705,-0.14353,0.0852,-0.04885,-0.06931,0.42109,-0.07345,0.01192,0.05944,-0.0115,-0.00255,-0.00332,-1.17589,0.17849,-0.1241,-1.07343,0.04209,0.05033,0.02318
25.48,-0.0799,0.01476,-0.04,0.2182,-0.41531,0.19914,0.21355,-0.00546,-0.16672,0.16251,0.03562,0,0.33347,-0.01495,0.14593,-0.01941,-0.89236,0.39156,0.13706,0.4682,-0.22983,-0.19945,-0.17445,0.07917,-0.0174,-0.07519,0.39626,-0.06728,0.01811,0.06427,-0.01008,-0.00161,-0.00243,-1.24899,0.18309,-0.10315,-0.70149,0.05423,0.06091,0.02792
25.5,-0.085,0.01359,-0.04152,0.20018,-0.40034,0.18991,0.22857,-0.00891,-0.1471,0.15213,0.0387,0,0.25313,0.05821,0.02807,-0.02403,-0.7398,0.41139,0.09636,0.45299,-0.27065,-0.20982,-0.1941,0.07083,0.01064,-0.0812,0.36745,-0.05854,0.02399,0.07034,-0.00847,-0.00052,-0.00147,-1.30785,0.18551,-0.08,-0.35596,0.05809,0.06837,0.03148
25.52,-0.09007,0.0122,-0.04287,0.17686,-0.38347,0.17732,0.24342,-0.01061,-0.12737,0.14191,0.04153,0,0.15743,0.14364,-0.10791,-0.02792,-0.56314,0.429,0.04955,0.42842,-0.2987,-0.21806,-0.20176,0.06148,0.03581,-0.08749,0.33563,-0.04767,0.02774,0.07685,-0.00665,0.0008,-0.00044,-1.35238,0.18542,-0.05538,-0.04515,0.05386,0.07258,0.03378
25.54,-0.09492,0.01057,-0.04404,0.14897,-0.3649,0.16161,0.25736,-0.01064,-0.1084,0.13284,0.04378,0,0.05561,0.23475,-0.24921,-0.03107,-0.37885,0.44508,0.00054,0.39604,-0.31259,-0.22401,-0.19757,0.05229,0.05901,-0.09412,0.30168,-0.03516,0.02817,0.08294,-0.0046,0.00238,0.00066,-1.38262,0.18222,-0.02996,0.22539,0.0422,0.07361,0.03484
25.56,-0.09946,0.0087,-0.04501,0.11718,-0.34466,0.14307,0.26993,-0.00912,-0.09074,0.12562,0.04529,0,-0.044,0.32482,-0.38433,-0.03339,-0.20113,0.45963,-0.04701,0.35734,-0.31237,-0.22753,-0.18264,0.04404,0.0812,-0.10099,0.26625,-0.02138,0.02521,0.08785,-0.00237,0.00418,0.00181,-1.39892,0.17486,-0.00456,0.45414,0.02418,0.07182,0.03479
25.58,-0.10362,0.0066,-0.04572,0.08232,-0.32284,0.12215,0.28093,-0.00621,-0.07467,0.12065,0.04609,0,-0.13349,0.40635,-0.50239,-0.03468,-0.04274,0.47179,-0.08943,0.31387,-0.29959,-0.22847,-0.15916,0.03709,0.10322,-0.1077,0.22995,-0.00668,0.01997,0.09087,0,0.00609,0.00296,-1.40177,0.1618,0.0197,0.64203,0.00135,0.06777,0.03385
25.6,-0.10734,0.00437,-0.04611,0.04555,-0.29963,0.09954,0.29031,-0.00211,-0.06039,0.11814,0.04637,0,-0.20483,0.47074,-0.5924,-0.03461,0.08391,0.47983,-0.12279,0.26756,-0.2771,-0.22661,-0.13034,0.0315,0.12555,-0.11358,0.19363,0.00848,0.0146,0.09133,0.00239,0.0079,0.00399,-1.3917,0.14124,0.04128,0.79048,-0.02419,0.0623,0.03232
25.62,-0.11058,0.00211,-0.04609,0.0082,-0.27529,0.07608,0.29807,0.00298,-0.04803,0.11811,0.04642,0,-0.25073,0.50961,-0.64445,-0.03285,0.16799,0.48163,-0.14347,0.2203,-0.24838,-0.22169,-0.09977,0.0271,0.14844,-0.11772,0.15811,0.0236,0.01164,0.08865,0.00467,0.00938,0.0048,-1.36913,0.11169,0.05878,0.90097,-0.05012,0.05628,0.03053
25.64,-0.11333,-0.0001,-0.0456,-0.02862,-0.24988,0.05249,0.30422,0.00885,-0.03761,0.12044,0.04658,0,-0.26645,0.51712,-0.65217,-0.02922,0.20295,0.47543,-0.14917,0.17347,-0.21668,-0.21351,-0.07041,0.02365,0.172,-0.11912,0.12383,0.03819,0.01295,0.08247,0.00674,0.01037,0.00532,-1.3345,0.07281,0.07174,0.97568,-0.07443,0.05046,0.02876
25.66,-0.11561,-0.00219,-0.04459,-0.06418,-0.22322,0.02927,0.30875,0.01531,-0.02905,0.12485,0.04714,0,-0.25103,0.49168,-0.61452,-0.02389,0.18845,0.46043,-0.13964,0.12762,-0.18453,-0.20198,-0.04409,0.02085,0.19625,-0.11678,0.09063,0.05177,0.01907,0.07274,0.00857,0.01081,0.00552,-1.28844,0.02617,0.08129,1.01784,-0.0957,0.04531,0.02717
25.68,-0.11746,-0.00413,-0.04309,-0.09786,-0.19506,0.00688,0.31157,0.02216,-0.0222,0.13091,0.04838,0,-0.20766,0.43647,-0.53635,-0.01736,0.13079,0.43702,-0.11688,0.08277,-0.15387,-0.18722,-0.02152,0.01842,0.22095,-0.10974,0.05793,0.06377,0.02898,0.05981,0.01019,0.01079,0.00548,-1.23212,-0.02423,0.09015,1.03134,-0.11299,0.04105,0.02582
25.7,-0.11895,-0.00588,-0.04116,-0.12895,-0.16526,-0.01415,0.31249,0.02911,-0.01699,0.13796,0.05054,0,-0.14326,0.35902,-0.42798,-0.01052,0.04206,0.40672,-0.08495,0.0388,-0.12626,-0.1696,-0.00262,0.01616,0.24545,-0.09712,0.02507,0.07348,0.04028,0.04448,0.01167,0.01048,0.0053,-1.16744,-0.07204,0.10235,1.02021,-0.12569,0.03766,0.0247
25.72,-0.12012,-0.00742,-0.03889,-0.15668,-0.13376,-0.03324,0.31127,0.03582,-0.01336,0.14528,0.0538,0,-0.06692,0.26945,-0.30291,-0.00438,-0.06256,0.37182,-0.04911,-0.00443,-0.10285,-0.14975,0.01323,0.01396,0.26867,-0.07838,-0.00869,0.08017,0.04995,0.02777,0.0131,0.01012,0.00512,-1.09667,-0.11004,0.12216,0.98831,-0.13344,0.03502,0.02373
25.74,-0.12103,-0.00876,-0.03636,-0.18049,-0.10041,-0.05003,0.30774,0.04203,-0.01133,0.15212,0.05828,0,0.01228,0.17786,-0.17461,0.00017,-0.16882,0.33484,-0.01459,-0.04717,-0.08414,-0.12834,0.0269,0.01194,0.28929,-0.05369,-0.04411,0.08344,0.05553,0.01073,0.01453,0.00989,0.00506,-1.02168,-0.13252,0.1527,0.93914,-0.13619,0.03293,0.0228
25.76,-0.12177,-0.00991,-0.03366,-0.2002,-0.06496,-0.0645,0.30193,0.04755,-0.0109,0.15784,0.06401,0,0.08653,0.09291,-0.05467,0.00267,-0.26563,0.29819,0.01419,-0.08963,-0.06991,-0.10614,0.03923,0.01048,0.30577,-0.02428,-0.08197,0.08337,0.05581,-0.00578,0.01602,0.00986,0.00516,-0.94364,-0.13689,0.19486,0.87594,-0.13426,0.03115,0.02183
25.78,-0.12239,-0.01092,-0.03084,-0.21585,-0.02732,-0.07682,0.29407,0.05222,-0.01212,0.16183,0.07086,0,0.14901,0.02208,0.04668,0.00302,-0.34499,0.26441,0.03348,-0.13168,-0.05929,-0.08417,0.05094,0.01025,0.31622,0.00727,-0.12271,0.0806,0.0511,-0.02093,0.01755,0.01001,0.0054,-0.86364,-0.12399,0.24666,0.80216,-0.12835,0.02949,0.02074
25.8,-0.12299,-0.01186,-0.028,-0.22754,0.01222,-0.08731,0.28465,0.05592,-0.01508,0.16349,0.07854,0,0.19353,-0.02786,0.11998,0.00148,-0.40114,0.23633,0.04021,-0.17257,-0.05097,-0.06379,0.0625,0.01216,0.31843,0.03707,-0.16622,0.07624,0.043,-0.03385,0.01905,0.01018,0.00569,-0.78308,-0.09767,0.3034,0.72174,-0.11945,0.02777,0.01949
25.82,-0.12362,-0.01278,-0.02524,-0.2354,0.05314,-0.09629,0.27424,0.05846,-0.0199,0.16225,0.08665,0,0.21538,-0.05176,0.1578,-0.00153,-0.43057,0.21647,0.03248,-0.21114,-0.04351,-0.04642,0.07414,0.01702,0.31045,0.06086,-0.21206,0.07164,0.03382,-0.04368,0.02043,0.01018,0.0059,-0.70361,-0.06345,0.35885,0.63869,-0.10871,0.02585,0.01805
25.84,-0.12432,-0.01377,-0.02265,-0.23969,0.09509,-0.10419,0.26331,0.0597,-0.02668,0.15764,0.09477,0,0.21289,-0.04774,0.15724,-0.00562,-0.43249,0.20606,0.01067,-0.2464,-0.03575,-0.03313,0.08589,0.02504,0.29155,0.0755,-0.25989,0.06809,0.02577,-0.04977,0.02161,0.0098,0.00593,-0.62639,-0.02681,0.40725,0.55612,-0.09713,0.02366,0.01644
25.86,-0.12512,-0.01491,-0.02034,-0.24083,0.13795,-0.11142,0.2521,0.05947,-0.03551,0.14934,0.10253,0,0.1887,-0.01858,0.12182,-0.01057,-0.4093,0.20433,-0.02181,-0.27777,-0.02708,-0.02427,0.09761,0.03549,0.26299,0.08004,-0.30967,0.06657,0.02039,-0.05182,0.02257,0.00891,0.00569,-0.55198,0.00799,0.44455,0.47592,-0.08543,0.02118,0.01468
25.88,-0.12599,-0.0163,-0.01839,-0.23941,0.18162,-0.1184,0.2407,0.05757,-0.04637,0.13732,0.10953,0,0.15015,0.02788,0.06206,-0.01632,-0.36674,0.2084,-0.05803,-0.3049,-0.01755,-0.0195,0.1089,0.04651,0.22842,0.07585,-0.36127,0.06775,0.01845,-0.04986,0.02332,0.00746,0.00513,-0.48081,0.03787,0.46839,0.39923,-0.07412,0.01852,0.01283
25.9,-0.12687,-0.01801,-0.01694,-0.23615,0.22566,-0.12545,0.2291,0.05384,-0.05907,0.12176,0.11533,0,0.10862,0.07936,-0.0054,-0.02295,-0.3135,0.21365,-0.088,-0.32741,-0.00793,-0.01797,0.11901,0.05523,0.19364,0.0663,-0.4142,0.07202,0.02005,-0.04419,0.02391,0.00546,0.00428,-0.4137,0.06063,0.47768,0.3271,-0.06357,0.01585,0.01101
25.92,-0.12768,-0.02011,-0.01612,-0.23179,0.2694,-0.13281,0.2173,0.04811,-0.07332,0.10304,0.11945,0,0.07682,0.12216,-0.06196,-0.03056,-0.25936,0.21491,-0.10108,-0.34482,0.00063,-0.01856,0.12698,0.05849,0.16514,0.05561,-0.46761,0.07946,0.02464,-0.03537,0.02442,0.00302,0.00317,-0.35172,0.07495,0.47234,0.26049,-0.05402,0.0134,0.00934
25.94,-0.12832,-0.02265,-0.01606,-0.22698,0.31223,-0.14067,0.20534,0.04022,-0.08877,0.08158,0.12155,0,0.0646,0.14556,-0.09308,-0.03923,-0.21238,0.20824,-0.08966,-0.35661,0.00701,-0.02023,0.13185,0.05402,0.14777,0.04726,-0.52066,0.08994,0.03102,-0.02409,0.02492,0.00029,0.00187,-0.29552,0.08043,0.45308,0.19986,-0.04561,0.01133,0.0079
25.96,-0.12866,-0.02564,-0.01681,-0.22222,0.35368,-0.14915,0.19332,0.03013,-0.10502,0.05777,0.12145,0,0.07611,0.14489,-0.09243,-0.04889,-0.17716,0.19219,-0.05181,-0.36222,0.01038,-0.02225,0.13278,0.04113,0.14325,0.04294,-0.57258,0.10301,0.03737,-0.01123,0.02545,-0.0025,0.00051,-0.24507,0.07772,0.42135,0.14513,-0.03831,0.00967,0.0067
25.98,-0.12858,-0.02905,-0.01838,-0.21787,0.39309,-0.15827,0.18156,0.01793,-0.12152,0.03218,0.11917,0,0.1091,0.12223,-0.06286,-0.0593,-0.15467,0.16817,0.00784,-0.36103,0.01025,-0.02422,0.12907,0.02111,0.1498,0.0423,-0.62227,0.11787,0.04114,0.00211,0.02605,-0.00503,-0.00075,-0.2,0.06852,0.37957,0.09604,-0.03202,0.00832,0.0057
26,-0.12793,-0.03274,-0.02074,-0.21418,0.42941,-0.16786,0.17063,0.00395,-0.13746,0.00567,0.11492,0,0.15558,0.08556,-0.01523,-0.06992,-0.1429,0.14025,0.07875,-0.35231,0.00643,-0.02605,0.12017,-0.00301,0.16263,0.04323,-0.66798,0.13328,0.0392,0.0145,0.02674,-0.00688,-0.00172,-0.15997,0.05539,0.33113,0.0526,-0.02665,0.00708,0.00478
26.02,-0.12657,-0.03653,-0.02378,-0.21137,0.46128,-0.17764,0.16121,-0.01135,-0.15183,-0.02072,0.10904,0,0.20465,0.04589,0.03549,-0.08012,-0.13812,0.11377,0.14753,-0.33538,-0.00108,-0.0278,0.10569,-0.02732,0.17545,0.04263,-0.70761,0.14786,0.02846,0.02452,0.02748,-0.00764,-0.00217,-0.12471,0.04125,0.27985,0.01502,-0.02208,0.00574,0.00383
26.04,-0.12434,-0.04025,-0.02739,-0.20959,0.48755,-0.18728,0.15385,-0.02756,-0.16362,-0.04608,0.10192,0,0.24647,0.01319,0.07583,-0.08935,-0.13647,0.09338,0.20262,-0.30988,-0.01218,-0.02953,0.08553,-0.04829,0.18255,0.03759,-0.73932,0.1604,0.0068,0.03108,0.02825,-0.007,-0.00195,-0.09375,0.02851,0.22895,-0.01668,-0.01819,0.00411,0.00275
26.06,-0.12113,-0.04369,-0.03146,-0.20896,0.50752,-0.19645,0.14877,-0.0443,-0.17193,-0.06974,0.09402,0,0.27489,-0.00633,0.0976,-0.09727,-0.13508,0.08173,0.23729,-0.27607,-0.02667,-0.03115,0.05998,-0.06364,0.18023,0.02613,-0.76194,0.17018,-0.02614,0.03375,0.02896,-0.00485,-0.001,-0.06631,0.01861,0.18064,-0.04289,-0.01483,0.00216,0.00152
26.08,-0.11684,-0.04663,-0.0358,-0.20958,0.52078,-0.20474,0.1459,-0.06115,-0.17592,-0.0911,0.08591,0,0.28789,-0.01072,0.09857,-0.10376,-0.13233,0.07925,0.25004,-0.23516,-0.04416,-0.03239,0.02997,-0.07238,0.16719,0.00752,-0.77486,0.1769,-0.06857,0.03279,0.0295,-0.00131,0.00063,-0.04153,0.01192,0.13629,-0.06416,-0.01184,-2e-05,0.00021
26.1,-0.11146,-0.04881,-0.04018,-0.21153,0.52708,-0.21165,0.14494,-0.07754,-0.17472,-0.1095,0.07828,0,0.28688,-0.00171,0.08172,-0.1088,-0.12778,0.08445,0.24387,-0.18938,-0.06399,-0.03278,-0.00287,-0.07461,0.14428,-0.01773,-0.77776,0.18057,-0.1166,0.02903,0.02975,0.00324,0.00276,-0.01868,0.00795,0.09687,-0.08107,-0.00911,-0.00217,-0.00106
26.12,-0.10499,-0.04997,-0.04432,-0.21487,0.52626,-0.2166,0.1454,-0.09282,-0.16763,-0.12422,0.07182,0,0.2754,0.01668,0.05312,-0.1124,-0.12177,0.09469,0.22431,-0.14158,-0.08532,-0.03176,-0.03644,-0.07117,0.11383,-0.04818,-0.77056,0.18139,-0.16512,0.02361,0.02955,0.00833,0.00518,0.00278,0.00572,0.06303,-0.09415,-0.00655,-0.00399,-0.00211
26.14,-0.09748,-0.04992,-0.04798,-0.21956,0.51834,-0.21911,0.14668,-0.10639,-0.15433,-0.13469,0.06697,0,0.25721,0.04009,0.01913,-0.11463,-0.11486,0.1072,0.19704,-0.09446,-0.10725,-0.02882,-0.06878,-0.06322,0.07863,-0.08181,-0.75336,0.17969,-0.20928,0.01761,0.02879,0.01346,0.00764,0.02326,0.00422,0.03497,-0.10407,-0.00412,-0.00521,-0.0028
26.16,-0.08893,-0.0486,-0.051,-0.22541,0.50362,-0.21887,0.14808,-0.1178,-0.1351,-0.14058,0.06379,0,0.2352,0.06502,-0.01545,-0.11551,-0.10742,0.11966,0.1663,-0.05016,-0.12886,-0.02357,-0.09823,-0.05203,0.0414,-0.11622,-0.7266,0.1758,-0.24538,0.01183,0.02742,0.01825,0.00996,0.04297,0.00271,0.01246,-0.11166,-0.00181,-0.00574,-0.00307
26.18,-0.07943,-0.04612,-0.05326,-0.23206,0.48276,-0.21576,0.14884,-0.1267,-0.11105,-0.1418,0.06193,0,0.21118,0.08895,-0.04762,-0.11507,-0.09963,0.13032,0.1347,-0.01057,-0.14906,-0.01585,-0.12336,-0.03896,0.00493,-0.14839,-0.69117,0.17013,-0.27075,0.00676,0.02548,0.02237,0.01198,0.06183,0.00089,-0.00499,-0.11791,0.00031,-0.00561,-0.00296
26.2,-0.06919,-0.04269,-0.05467,-0.23895,0.45688,-0.20986,0.1481,-0.1327,-0.0841,-0.13838,0.0607,0,0.18609,0.11015,-0.07577,-0.11325,-0.09154,0.13789,0.10354,0.02239,-0.16645,-0.0057,-0.14268,-0.02554,-0.02776,-0.17457,-0.64857,0.16311,-0.28346,0.00268,0.0231,0.02555,0.01354,0.07929,-0.0012,-0.01794,-0.12384,0.00212,-0.005,-0.00258
26.22,-0.05849,-0.03863,-0.05515,-0.24535,0.42732,-0.20133,0.145,-0.13545,-0.05663,-0.13049,0.05929,0,0.16026,0.1276,-0.09943,-0.11003,-0.08308,0.14146,0.07312,0.04699,-0.17955,0.00659,-0.1549,-0.01324,-0.05378,-0.19095,-0.60066,0.15516,-0.28244,-0.00032,0.02044,0.02758,0.01454,0.09452,-0.00327,-0.02692,-0.13029,0.00347,-0.00416,-0.00207
26.24,-0.0476,-0.0342,-0.05467,-0.25054,0.39538,-0.19041,0.13884,-0.13473,-0.03077,-0.11848,0.05695,0,0.13352,0.14104,-0.11898,-0.10538,-0.07416,0.14056,0.04303,0.06209,-0.1871,0.02056,-0.15929,-0.00325,-0.07105,-0.19469,-0.54925,0.14651,-0.26775,-0.00231,0.01765,0.02836,0.01491,0.10667,-0.005,-0.03252,-0.13765,0.00422,-0.00331,-0.00156
26.26,-0.03672,-0.0296,-0.05322,-0.25386,0.36224,-0.17736,0.12921,-0.13055,-0.00811,-0.10294,0.05322,0,0.10549,0.15094,-0.13542,-0.09934,-0.06465,0.13515,0.0125,0.06754,-0.18835,0.0355,-0.15602,0.00377,-0.07878,-0.18472,-0.49595,0.1372,-0.24097,-0.00341,0.01486,0.02796,0.01467,0.11504,-0.0061,-0.03536,-0.14569,0.00432,-0.00255,-0.00112
26.28,-0.02612,-0.02496,-0.05083,-0.2547,0.32912,-0.16259,0.11603,-0.12319,0.01023,-0.08481,0.04798,0,0.07579,0.15843,-0.15021,-0.09209,-0.05451,0.1257,-0.01932,0.06416,-0.18311,0.05034,-0.14619,0.00762,-0.0775,-0.16194,-0.44257,0.12708,-0.20536,-0.00383,0.01213,0.02663,0.01395,0.11909,-0.00644,-0.03612,-0.15346,0.00379,-0.0019,-0.00075
26.3,-0.01615,-0.02036,-0.04758,-0.25246,0.29755,-0.14669,0.09963,-0.11317,0.02346,-0.06547,0.04143,0,0.0443,0.16505,-0.16496,-0.08393,-0.04383,0.11309,-0.05306,0.05354,-0.17161,0.06365,-0.13174,0.00848,-0.06883,-0.12908,-0.39142,0.11592,-0.16581,-0.00382,0.00955,0.02476,0.01293,0.11832,-0.00594,-0.03543,-0.15928,0.00273,-0.00129,-0.0004
26.32,-0.0072,-0.01589,-0.04358,-0.24668,0.26907,-0.13033,0.0807,-0.10119,0.0311,-0.04655,0.03403,0,0.01134,0.17232,-0.18102,-0.07529,-0.03283,0.09848,-0.08884,0.0377,-0.15448,0.07385,-0.11498,0.00677,-0.0549,-0.08989,-0.34493,0.10347,-0.12778,-0.00363,0.00716,0.02282,0.01183,0.11239,-0.00462,-0.03386,-0.16119,0.0013,-0.00059,-0
26.34,0.00042,-0.01157,-0.03894,-0.2371,0.24478,-0.11401,0.06013,-0.08791,0.03317,-0.02966,0.02633,0,-0.02224,0.18109,-0.19887,-0.0665,-0.02179,0.08298,-0.12598,0.01859,-0.13252,0.07969,-0.09799,0.00303,-0.03774,-0.04808,-0.30489,0.08952,-0.0957,-0.0034,0.00501,0.02117,0.01083,0.10128,-0.00256,-0.03175,-0.15752,-0.00034,0.00028,0.0005
26.36,0.00657,-0.0074,-0.03374,-0.22384,0.22501,-0.09799,0.039,-0.07388,0.03035,-0.01621,0.01891,0,-0.05489,0.19104,-0.21763,-0.05785,-0.01106,0.06752,-0.16272,-0.0021,-0.10677,0.08058,-0.08219,-0.00219,-0.01878,-0.00668,-0.27201,0.07397,-0.07194,-0.0031,0.0031,0.02001,0.01005,0.08544,2e-05,-0.02925,-0.1474,-0.00198,0.00134,0.00111
26.38,0.01123,-0.00337,-0.02808,-0.20753,0.20948,-0.08236,0.01876,-0.05967,0.02395,-0.0075,0.01243,0,-0.08401,0.20052,-0.23483,-0.04956,-0.00111,0.0529,-0.1958,-0.02294,-0.07861,0.07662,-0.06842,-0.00828,0.00105,0.03182,-0.24612,0.05695,-0.0568,-0.00256,0.00142,0.01938,0.0095,0.06596,0.00284,-0.02622,-0.13087,-0.00341,0.00254,0.00179
26.4,0.01446,0.00051,-0.02212,-0.18925,0.19748,-0.06717,0.00128,-0.04592,0.01588,-0.0048,0.00763,0,-0.10597,0.20667,-0.24652,-0.04189,0.00741,0.03992,-0.22053,-0.04255,-0.04996,0.06852,-0.05703,-0.0146,0.02117,0.06512,-0.22647,0.03895,-0.04883,-0.00149,-4e-05,0.01915,0.00915,0.04454,0.00548,-0.02238,-0.10889,-0.00439,0.00371,0.00244
26.42,0.01637,0.00419,-0.01605,-0.17036,0.18811,-0.05248,-0.01152,-0.03326,0.00819,-0.00923,0.00522,0,-0.11688,0.20615,-0.24821,-0.0351,0.01378,0.02927,-0.23178,-0.05974,-0.02286,0.05742,-0.04806,-0.02048,0.04113,0.09119,-0.21198,0.02069,-0.04544,0.00046,-0.00129,0.01908,0.0089,0.02319,0.00747,-0.01742,-0.08307,-0.00467,0.00466,0.00294
26.44,0.01714,0.00762,-0.01002,-0.15194,0.18051,-0.03832,-0.01833,-0.02216,0.00247,-0.02156,0.00567,0,-0.11393,0.19637,-0.23643,-0.02938,0.01744,0.02135,-0.22571,-0.07366,0.001,0.04458,-0.04126,-0.02537,0.06034,0.10856,-0.20147,0.00294,-0.04357,0.00346,-0.00232,0.01889,0.00863,0.00361,0.00848,-0.01122,-0.05525,-0.00411,0.00525,0.00319
26.46,0.01699,0.01071,-0.00414,-0.13462,0.17404,-0.02471,-0.01883,-0.01283,-0.00054,-0.0419,0.00901,0,-0.09639,0.17628,-0.20984,-0.02481,0.01815,0.01612,-0.20106,-0.08397,0.02067,0.03126,-0.03621,-0.02889,0.07793,0.11645,-0.19375,-0.01358,-0.04022,0.00744,-0.00312,0.01828,0.00821,-0.01313,0.00833,-0.00404,-0.02731,-0.00269,0.00541,0.00316
26.48,0.01624,0.01333,0.00149,-0.11859,0.16837,-0.01178,-0.01385,-0.0053,-0.00102,-0.06957,0.01482,0,-0.06592,0.14676,-0.16964,-0.02144,0.01604,0.01317,-0.15956,-0.09074,0.03582,0.01877,-0.03232,-0.03079,0.09247,0.11476,-0.18776,-0.02807,-0.03254,0.01197,-0.00368,0.01697,0.00752,-0.02654,0.00705,0.00341,-0.00135,-0.00053,0.00522,0.00288
26.5,0.01523,0.01531,0.00674,-0.1038,0.1635,0.00014,-0.00515,0.00054,5e-05,-0.10302,0.02224,0,-0.02641,0.11052,-0.11952,-0.01924,0.01153,0.01176,-0.10577,-0.09434,0.04653,0.00854,-0.02895,-0.03096,0.10201,0.10394,-0.1826,-0.03956,-0.018,0.01634,-0.00396,0.01471,0.00643,-0.03657,0.00486,0.00997,0.02025,0.00208,0.00479,0.00247
26.52,0.01433,0.01645,0.01148,-0.09009,0.15959,0.01062,0.005,0.00487,0.00131,-0.14014,0.03014,0,0.01692,0.07149,-0.06472,-0.0182,0.00523,0.01102,-0.046,-0.09534,0.05314,0.0019,-0.02554,-0.02936,0.10463,0.08503,-0.17758,-0.04715,0.00517,0.0197,-0.00391,0.01131,0.00486,-0.04341,0.00214,0.01442,0.03515,0.00482,0.00433,0.00203
26.54,0.01383,0.01662,0.0156,-0.07729,0.15671,0.01927,0.01454,0.00793,0.00152,-0.17868,0.03745,0,0.05895,0.03377,-0.01061,-0.01825,-0.00213,0.01014,0.01334,-0.09443,0.05613,-0.00017,-0.02171,-0.02607,0.09925,0.0598,-0.17209,-0.05034,0.03728,0.02138,-0.00353,0.00676,0.00279,-0.04747,-0.00058,0.01606,0.04189,0.0074,0.00396,0.00168
26.56,0.01392,0.01583,0.01906,-0.06534,0.15466,0.02591,0.02202,0.01002,0,-0.21645,0.0433,0,0.09542,0.0011,0.03803,-0.01928,-0.00986,0.00856,0.0667,-0.09236,0.05599,0.00264,-0.01742,-0.02127,0.08631,0.03086,-0.16567,-0.04933,0.07656,0.02106,-0.00284,0.00128,0.00033,-0.04925,-0.00266,0.01507,0.04032,0.00964,0.00377,0.00145
26.58,0.01467,0.01424,0.02189,-0.05441,0.15295,0.03046,0.02667,0.01149,-0.00331,-0.25108,0.047,0,0.12288,-0.02305,0.07687,-0.02112,-0.01718,0.00598,0.10913,-0.08995,0.0532,0.00996,-0.01301,-0.01528,0.06801,0.00199,-0.15797,-0.04504,0.11876,0.01883,-0.00193,-0.00464,-0.0023,-0.04934,-0.00331,0.0126,0.03173,0.01151,0.00373,0.00135
26.6,0.01604,0.01214,0.0241,-0.04496,0.15084,0.03294,0.02829,0.01269,-0.00792,-0.27981,0.04802,0,0.13841,-0.03533,0.10176,-0.02353,-0.02324,0.00236,0.13608,-0.08807,0.04825,0.02081,-0.00916,-0.00862,0.04809,-0.02197,-0.14882,-0.03902,0.15726,0.01514,-0.00093,-0.01018,-0.00475,-0.04833,-0.00166,0.01067,0.0187,0.01306,0.00375,0.00129
26.62,0.01793,0.00986,0.02572,-0.03757,0.14749,0.03343,0.02706,0.01393,-0.01299,-0.29975,0.04598,0,0.13998,-0.03309,0.10937,-0.02622,-0.02725,-0.00213,0.14396,-0.08748,0.04161,0.03378,-0.00668,-0.00185,0.03087,-0.03618,-0.13816,-0.03306,0.1847,0.01066,0,-0.01446,-0.0066,-0.04672,0.00305,0.01149,0.00439,0.01436,0.00371,0.00121
26.64,0.0202,0.00771,0.0268,-0.03265,0.1421,0.03205,0.02343,0.01541,-0.01775,-0.30843,0.04069,0,0.127,-0.01541,0.09828,-0.02889,-0.0287,-0.00714,0.13136,-0.08869,0.03379,0.04743,-0.00617,0.00445,0.01977,-0.03746,-0.12589,-0.02862,0.19545,0.00603,0.00074,-0.01679,-0.00755,-0.04469,0.01108,0.01663,-0.00836,0.01552,0.00348,0.00103
26.66,0.02275,0.00587,0.02739,-0.03024,0.1341,0.02905,0.01797,0.01725,-0.02168,-0.30424,0.03223,0,0.10089,0.0161,0.06993,-0.03118,-0.02753,-0.01224,0.09996,-0.09175,0.02533,0.06047,-0.00771,0.0098,0.01631,-0.02552,-0.11183,-0.02645,0.18734,0.00179,0.00121,-0.01687,-0.00748,-0.04206,0.02192,0.02637,-0.01767,0.01656,0.00303,0.00072
26.68,0.02546,0.00442,0.02756,-0.03,0.12318,0.02475,0.0114,0.01935,-0.0246,-0.2865,0.021,0,0.06536,0.05691,0.02893,-0.03271,-0.02419,-0.01686,0.05498,-0.09625,0.01692,0.07167,-0.01085,0.01377,0.01987,-0.00331,-0.09585,-0.02654,0.16214,-0.00169,0.00138,-0.01487,-0.00648,-0.03821,0.03413,0.03946,-0.02264,0.01748,0.00238,0.0003
26.7,0.02821,0.00336,0.02736,-0.03127,0.10939,0.01961,0.00457,0.02149,-0.02654,-0.25542,0.00771,0,0.02623,0.09977,-0.01717,-0.03302,-0.01953,-0.02026,0.0048,-0.10131,0.00942,0.07982,-0.01465,0.01595,0.02804,0.02336,-0.0779,-0.02818,0.12506,-0.00412,0.00129,-0.01132,-0.0048,-0.03219,0.04546,0.05328,-0.02326,0.01819,0.00163,-0.00017
26.72,0.03087,0.00259,0.02686,-0.03321,0.09303,0.01412,-0.00164,0.02335,-0.02772,-0.2119,-0.00673,0,-0.00984,0.13634,-0.05957,-0.03171,-0.01461,-0.02171,-0.04088,-0.10579,0.00366,0.08385,-0.01799,0.01605,0.03738,0.04729,-0.05812,-0.03032,0.08312,-0.00535,0.001,-0.00698,-0.00281,-0.02299,0.05338,0.0646,-0.02012,0.01855,0.00091,-0.00061
26.74,0.03335,0.00204,0.02609,-0.03501,0.07461,0.00872,-0.0066,0.02462,-0.0284,-0.1574,-0.02151,0,-0.03718,0.15962,-0.0908,-0.02852,-0.01028,-0.02072,-0.0739,-0.10853,0.00019,0.08303,-0.02004,0.01398,0.04464,0.06214,-0.03675,-0.03192,0.04275,-0.00533,0.00055,-0.00254,-0.00085,-0.00986,0.05599,0.0707,-0.01415,0.01849,0.00031,-0.00094
26.76,0.03563,0.00161,0.0251,-0.03602,0.05481,0.0037,-0.01005,0.02502,-0.02881,-0.09403,-0.03604,0,-0.05243,0.16557,-0.10637,-0.02346,-0.00701,-0.01717,-0.0895,-0.10858,-0.0009,0.07718,-0.0205,0.01004,0.0475,0.06387,-0.01426,-0.03232,0.00827,-0.00422,3e-05,0.0015,0.00085,0.00736,0.05263,0.07016,-0.00645,0.01792,-0.00011,-0.00113
26.78,0.03769,0.00122,0.02389,-0.03573,0.03463,-0.00071,-0.01211,0.02436,-0.02912,-0.02498,-0.04986,0,-0.05463,0.15348,-0.10499,-0.01684,-0.0048,-0.01142,-0.08665,-0.10516,-2e-05,0.06674,-0.0197,0.00489,0.04478,0.05109,0.00851,-0.03122,-0.01821,-0.00232,-0.00052,0.00486,0.00216,0.02806,0.04406,0.06306,0.00169,0.01688,-0.00039,-0.00121
26.8,0.03954,0.00083,0.02248,-0.03383,0.01549,-0.00434,-0.0132,0.02252,-0.02946,0.04519,-0.06256,0,-0.04493,0.12553,-0.08822,-0.0093,-0.00327,-0.00423,-0.06755,-0.09776,0.00198,0.05272,-0.01852,-0.00045,0.03629,0.02481,0.03023,-0.0287,-0.03636,-0.00014,-0.00105,0.00741,0.00305,0.05083,0.03228,0.05077,0.00885,0.01542,-0.00061,-0.00122
26.82,0.04121,0.00039,0.02091,-0.03015,-0.00103,-0.00707,-0.0139,0.01945,-0.02983,0.11124,-0.07372,0,-0.02596,0.08591,-0.0596,-0.00161,-0.00172,0.00338,-0.03664,-0.0861,0.00402,0.03648,-0.0181,-0.00482,0.02261,-0.01223,0.04936,-0.02507,-0.04696,0.0018,-0.00151,0.00916,0.00355,0.07384,0.01988,0.0354,0.01364,0.01363,-0.00088,-0.00123
26.84,0.04271,-0.00011,0.01918,-0.0247,-0.01363,-0.00884,-0.0147,0.01518,-0.03014,0.16855,-0.083,0,-0.00102,0.03947,-0.02351,0.00553,0.00074,0.01043,0.00083,-0.07034,0.00504,0.01946,-0.01937,-0.00734,0.00478,-0.05648,0.06459,-0.02072,-0.05121,0.00304,-0.00187,0.01014,0.00368,0.09537,0.00914,0.01902,0.0151,0.01162,-0.00127,-0.0013
26.86,0.04404,-0.00066,0.01732,-0.01771,-0.02157,-0.00963,-0.01591,0.00988,-0.03006,0.2139,-0.09015,0,0.02632,-0.00894,0.0154,0.01164,0.00513,0.01615,0.03954,-0.05115,0.00419,0.00294,-0.02282,-0.00759,-0.01584,-0.10408,0.07513,-0.01597,-0.05024,0.00331,-0.0021,0.01038,0.00351,0.11418,0.00141,0.00317,0.01295,0.00946,-0.00184,-0.00145
26.88,0.04517,-0.00119,0.01535,-0.00969,-0.02469,-0.00952,-0.01757,0.00389,-0.02912,0.24518,-0.09495,0,0.05219,-0.05432,0.05209,0.01647,0.01257,0.01998,0.07405,-0.02992,0.00088,-0.01182,-0.02833,-0.00574,-0.03748,-0.15057,0.08072,-0.01114,-0.04492,0.00255,-0.00222,0.00989,0.00306,0.12944,-0.00298,-0.01116,0.00769,0.00721,-0.00257,-0.00169
26.9,0.04604,-0.00165,0.01334,-0.0014,-0.02324,-0.00859,-0.01947,-0.00229,-0.02669,0.26105,-0.09716,0,0.07231,-0.09136,0.08106,0.01991,0.02414,0.02151,0.09872,-0.00876,-0.00524,-0.02353,-0.03528,-0.00242,-0.0579,-0.19078,0.08148,-0.00654,-0.03593,0.00088,-0.00223,0.00868,0.00238,0.14056,-0.00456,-0.02336,0.00046,0.00495,-0.0034,-0.00199
26.92,0.04658,-0.00193,0.01137,0.00627,-0.01774,-0.00696,-0.02133,-0.00804,-0.02211,0.26076,-0.09657,0,0.08271,-0.11514,0.09723,0.02198,0.04065,0.0205,0.10849,0.00988,-0.01422,-0.03098,-0.0427,0.0015,-0.07477,-0.21959,0.07775,-0.00242,-0.02362,-0.00148,-0.00215,0.00674,0.0015,0.14712,-0.00434,-0.03311,-0.00721,0.00275,-0.00421,-0.00228
26.94,0.04673,-0.00196,0.00951,0.01256,-0.00877,-0.00472,-0.02289,-0.01282,-0.01498,0.24427,-0.09311,0,0.08076,-0.12254,0.09733,0.02277,0.06219,0.01691,0.10038,0.02387,-0.0258,-0.03341,-0.04962,0.00519,-0.08632,-0.23331,0.06997,0.00104,-0.00801,-0.00429,-0.00202,0.00405,0.00043,0.14895,-0.00339,-0.04028,-0.01388,0.0007,-0.00491,-0.00252
26.96,0.04648,-0.00171,0.00784,0.01703,0.00317,-0.00197,-0.02411,-0.01623,-0.00524,0.21243,-0.087,0,0.06595,-0.11316,0.081,0.02243,0.08779,0.01098,0.07451,0.03187,-0.03928,-0.03066,-0.05526,0.00813,-0.09176,-0.23061,0.05862,0.00382,0.01122,-0.00739,-0.00186,0.00064,-0.00081,0.14611,-0.0025,-0.04487,-0.01847,-0.00112,-0.00542,-0.00267
26.98,0.04583,-0.00119,0.00641,0.01953,0.01755,0.00124,-0.02514,-0.01802,0.00663,0.16721,-0.07873,0,0.04021,-0.08954,0.05105,0.0212,0.11513,0.00328,0.0345,0.0333,-0.0535,-0.02328,-0.05901,0.01009,-0.09132,-0.21272,0.04429,0.00604,0.03458,-0.01065,-0.00169,-0.00337,-0.00222,0.13895,-0.00212,-0.04696,-0.02032,-0.00262,-0.00568,-0.0027
27,0.04484,-0.00044,0.00531,0.02016,0.03377,0.00483,-0.02629,-0.01807,0.01965,0.11172,-0.06916,0,0.00763,-0.05689,0.01319,0.01935,0.14062,-0.00533,-0.01286,0.02825,-0.06672,-0.01246,-0.06044,0.01109,-0.0861,-0.18312,0.02772,0.0079,0.06255,-0.01398,-0.00153,-0.00783,-0.00379,0.12805,-0.00238,-0.04665,-0.01908,-0.00366,-0.00566,-0.00261
27.02,0.0436,0.00046,0.00461,0.01918,0.05116,0.00872,-0.02798,-0.0163,0.03258,0.04978,-0.05925,0,-0.02664,-0.02157,-0.02552,0.01713,0.16018,-0.01384,-0.05934,0.01726,-0.07702,0.00029,-0.05923,0.01131,-0.07764,-0.14641,0.00972,0.00956,0.09517,-0.01728,-0.00141,-0.01247,-0.00547,0.11419,-0.00316,-0.04401,-0.01473,-0.00413,-0.00534,-0.00238
27.04,0.04219,0.00144,0.00437,0.01694,0.06909,0.01284,-0.03056,-0.01273,0.04422,-0.01485,-0.04987,0,-0.058,0.01093,-0.05895,0.01472,0.17064,-0.02144,-0.09799,0.00114,-0.08282,0.01357,-0.05531,0.01096,-0.06735,-0.10678,-0.00895,0.011,0.13153,-0.02048,-0.00135,-0.017,-0.00718,0.09818,-0.00422,-0.03909,-0.00747,-0.00391,-0.00473,-0.00203
27.06,0.04066,0.00245,0.0046,0.01386,0.08694,0.01714,-0.03423,-0.00744,0.05371,-0.07883,-0.04164,0,-0.08346,0.03728,-0.0833,0.01213,0.1706,-0.02764,-0.12478,-0.01913,-0.08322,0.02626,-0.04885,0.01017,-0.05622,-0.06705,-0.02765,0.01191,0.16934,-0.02351,-0.00132,-0.02111,-0.00883,0.08093,-0.00521,-0.03195,0.0022,-0.00298,-0.00386,-0.00159
27.08,0.03909,0.00345,0.00529,0.0104,0.10396,0.02156,-0.03899,-0.00065,0.06043,-0.13881,-0.03493,0,-0.1017,0.0565,-0.09729,0.00926,0.16068,-0.03228,-0.13883,-0.04228,-0.07808,0.03758,-0.04035,0.00901,-0.04476,-0.02876,-0.04574,0.01166,0.20445,-0.02625,-0.00134,-0.02442,-0.01024,0.06349,-0.00573,-0.02264,0.01351,-0.00139,-0.00281,-0.0011
27.1,0.03754,0.00439,0.00637,0.00708,0.11919,0.02599,-0.04465,0.00731,0.06397,-0.19103,-0.02998,0,-0.11271,0.06943,-0.1017,0.00589,0.14324,-0.03545,-0.14188,-0.06664,-0.06794,0.0469,-0.03063,0.00745,-0.03314,0.00744,-0.06241,0.00937,0.23097,-0.02857,-0.00135,-0.02648,-0.01118,0.04717,-0.00529,-0.01133,0.02531,0.00077,-0.00168,-0.00061
27.12,0.03608,0.00525,0.00775,0.00442,0.13157,0.0303,-0.05084,0.01602,0.06409,-0.23174,-0.02686,0,-0.11725,0.07796,-0.09856,0.0018,0.12153,-0.0374,-0.13713,-0.09035,-0.05376,0.05375,-0.02064,0.00545,-0.02128,0.04142,-0.07679,0.00406,0.24259,-0.03027,-0.00135,-0.02684,-0.01142,0.03334,-0.00345,0.00178,0.03632,0.00333,-0.0006,-0.00019
27.14,0.03473,0.00602,0.00935,0.00274,0.14018,0.03439,-0.05712,0.02509,0.06082,-0.2581,-0.02554,0,-0.11635,0.08396,-0.09005,-0.00311,0.09856,-0.03832,-0.12775,-0.11176,-0.03658,0.05777,-0.01118,0.00294,-0.00899,0.07325,-0.08811,-0.00494,0.23475,-0.03124,-0.0013,-0.02521,-0.01078,0.02307,0.00016,0.01651,0.04546,0.00612,0.00033,0.0001
27.16,0.0335,0.0067,0.01108,0.00212,0.14446,0.03822,-0.06303,0.03416,0.05451,-0.26876,-0.0258,0,-0.11085,0.0885,-0.07786,-0.00879,0.07631,-0.03832,-0.11598,-0.12958,-0.0173,0.0588,-0.00275,-0.00011,0.00393,0.10282,-0.09582,-0.01773,0.20616,-0.03139,-0.00121,-0.02155,-0.00923,0.01693,0.00564,0.03268,0.05206,0.00899,0.00102,0.00024
27.18,0.03237,0.00733,0.01286,0.00237,0.14415,0.0418,-0.06802,0.04286,0.04586,-0.26387,-0.0273,0,-0.10138,0.09167,-0.06309,-0.01487,0.05581,-0.03734,-0.10292,-0.14281,0.00313,0.05677,0.00444,-0.00364,0.01758,0.12955,-0.09955,-0.03373,0.1594,-0.03072,-0.0011,-0.01613,-0.00686,0.01493,0.01286,0.04997,0.05579,0.0118,0.00145,0.00021
27.2,0.03128,0.00794,0.01458,0.00305,0.13928,0.0451,-0.07144,0.05076,0.03593,-0.2448,-0.02956,0,-0.08836,0.09262,-0.04631,-0.02076,0.03729,-0.03523,-0.08869,-0.15059,0.02368,0.05174,0.01038,-0.00755,0.03182,0.15222,-0.09905,-0.05165,0.10056,-0.0293,-0.00101,-0.0095,-0.00393,0.0167,0.02138,0.06788,0.05667,0.01435,0.00158,4e-05
27.22,0.03018,0.00856,0.01615,0.00364,0.13006,0.04813,-0.07265,0.05743,0.0259,-0.21375,-0.03205,0,-0.0721,0.08998,-0.02778,-0.02573,0.02041,-0.03175,-0.07278,-0.15223,0.04327,0.04386,0.01516,-0.01165,0.04624,0.16913,-0.09416,-0.06982,0.03758,-0.02721,-0.00097,-0.00238,-0.00077,0.02157,0.03056,0.08567,0.05486,0.01646,0.00142,-0.00025
27.24,0.029,0.00922,0.01746,0.00363,0.11689,0.05086,-0.07118,0.06249,0.01681,-0.17316,-0.03433,0,-0.05285,0.08249,-0.00752,-0.0292,0.00449,-0.02673,-0.05447,-0.14737,0.061,0.03343,0.0189,-0.01569,0.06014,0.17857,-0.085,-0.0867,-0.02229,-0.02458,-0.00103,0.00459,0.00232,0.02876,0.03969,0.10254,0.0506,0.01799,0.00101,-0.00062
27.26,0.0277,0.00991,0.01846,0.00272,0.10037,0.05325,-0.0669,0.06578,0.00929,-0.12555,-0.0361,0,-0.0309,0.06946,0.01449,-0.03085,-0.01132,-0.02015,-0.03313,-0.1361,0.07617,0.02093,0.02168,-0.01939,0.07246,0.17909,-0.07198,-0.10121,-0.07405,-0.02151,-0.0012,0.01092,0.00512,0.03744,0.04808,0.11763,0.04413,0.01883,0.0004,-0.00102
27.28,0.02624,0.01059,0.01913,0.00079,0.08141,0.05524,-0.06002,0.06725,0.00361,-0.07377,-0.03719,0,-0.00683,0.05101,0.03808,-0.0307,-0.02787,-0.01219,-0.00857,-0.11907,0.08822,0.00715,0.02348,-0.0224,0.08168,0.16952,-0.056,-0.1127,-0.11492,-0.01811,-0.00147,0.01629,0.00748,0.04671,0.05499,0.12991,0.03568,0.01895,-0.00032,-0.00142
27.3,0.02459,0.01119,0.01945,-0.00208,0.06131,0.05672,-0.05112,0.06698,-0.00021,-0.02128,-0.03758,0,0.01841,0.02803,0.06278,-0.02902,-0.04586,-0.00327,0.01893,-0.09751,0.09664,-0.00681,0.02422,-0.02427,0.08582,0.14905,-0.03839,-0.12075,-0.14377,-0.01456,-0.0018,0.02048,0.00931,0.05554,0.0596,0.1381,0.02558,0.01834,-0.00104,-0.00176
27.32,0.02277,0.01161,0.0194,-0.00571,0.04152,0.05754,-0.04097,0.06513,-0.00239,0.02833,-0.03729,0,0.04357,0.00207,0.08773,-0.02623,-0.06566,0.00601,0.04843,-0.07297,0.10095,-0.01973,0.02373,-0.02458,0.08294,0.11741,-0.0207,-0.12518,-0.16064,-0.01103,-0.00213,0.02336,0.01056,0.06289,0.06114,0.14095,0.01416,0.01704,-0.00163,-0.00199
27.34,0.02077,0.0118,0.01902,-0.00993,0.02325,0.05756,-0.03028,0.06188,-0.00321,0.07212,-0.03638,0,0.06732,-0.02496,0.11173,-0.02276,-0.0871,0.0151,0.0784,-0.047,0.10087,-0.03057,0.02192,-0.02307,0.07189,0.07533,-0.00427,-0.12595,-0.16625,-0.00767,-0.00243,0.0249,0.01119,0.0679,0.05912,0.13766,0.00179,0.01514,-0.00201,-0.00207
27.36,0.01861,0.0117,0.01833,-0.01465,0.00727,0.05669,-0.0196,0.05748,-0.00305,0.10823,-0.03489,0,0.08828,-0.05095,0.13319,-0.019,-0.10932,0.0235,0.10659,-0.02098,0.09643,-0.03874,0.01881,-0.01976,0.05291,0.02499,0.01005,-0.12324,-0.16176,-0.0046,-0.00266,0.02514,0.01125,0.06997,0.0535,0.12825,-0.01117,0.01277,-0.00215,-0.00201
27.38,0.0163,0.01131,0.01739,-0.01983,-0.00602,0.05486,-0.00933,0.05221,-0.0023,0.13568,-0.03283,0,0.10493,-0.07334,0.14993,-0.01526,-0.13048,0.03078,0.12977,0.00373,0.08803,-0.04402,0.01456,-0.01498,0.02787,-0.02952,0.02179,-0.11736,-0.14865,-0.00192,-0.0028,0.02425,0.01081,0.06883,0.04479,0.11363,-0.02422,0.01015,-0.00211,-0.00184
27.4,0.01391,0.01068,0.01627,-0.02547,-0.01648,0.05206,0.00016,0.04648,-0.00139,0.15409,-0.03022,0,0.1155,-0.08912,0.15921,-0.01179,-0.14784,0.03645,0.14378,0.0256,0.07638,-0.04653,0.00951,-0.0094,0.00021,-0.0822,0.03079,-0.10881,-0.12869,0.0003,-0.00284,0.02246,0.00996,0.06445,0.03398,0.09558,-0.03668,0.00755,-0.00197,-0.00161
27.42,0.01151,0.00985,0.01509,-0.03155,-0.02408,0.0483,0.00856,0.04068,-0.00076,0.16342,-0.02708,0,0.11841,-0.09547,0.15839,-0.00884,-0.1584,0.04011,0.14463,0.04315,0.06243,-0.04654,0.00407,-0.00379,-0.02598,-0.1264,0.03703,-0.09817,-0.10376,0.00195,-0.0028,0.02003,0.00882,0.057,0.02219,0.07619,-0.04779,0.00527,-0.00186,-0.0014
27.44,0.00916,0.00889,0.01391,-0.03806,-0.02898,0.04362,0.01567,0.03515,-0.00076,0.16405,-0.0234,0,0.11294,-0.09078,0.1461,-0.00656,-0.15998,0.04153,0.13027,0.05535,0.04708,-0.04441,-0.00136,0.00118,-0.04722,-0.15694,0.04069,-0.08597,-0.07557,0.00301,-0.00267,0.01721,0.0075,0.04689,0.01025,0.05709,-0.05696,0.00351,-0.00188,-0.00125
27.46,0.00693,0.00784,0.01279,-0.04495,-0.03144,0.03805,0.02141,0.03009,-0.00167,0.15671,-0.01924,0,0.09977,-0.07547,0.12306,-0.00501,-0.15203,0.04074,0.10177,0.06184,0.03116,-0.04049,-0.00642,0.00511,-0.06153,-0.1715,0.04202,-0.07265,-0.04565,0.0035,-0.00247,0.01419,0.0061,0.03472,-0.00164,0.03896,-0.06387,0.00231,-0.00203,-0.00119
27.48,0.00486,0.00673,0.01176,-0.05207,-0.03183,0.03171,0.0258,0.02562,-0.00364,0.14255,-0.01467,0,0.0812,-0.05223,0.09246,-0.00417,-0.13584,0.03811,0.06396,0.06293,0.0155,-0.03516,-0.01081,0.00786,-0.0685,-0.17081,0.0414,-0.05867,-0.01549,0.00352,-0.00221,0.01115,0.00468,0.02142,-0.01387,0.02157,-0.06844,0.00155,-0.00226,-0.00117
27.5,0.00303,0.0056,0.01083,-0.05916,-0.03059,0.02478,0.02887,0.02176,-0.00674,0.12311,-0.00986,0,0.06096,-0.02579,0.05971,-0.00397,-0.11431,0.03423,0.02489,0.05952,0.00104,-0.02883,-0.01423,0.00955,-0.06902,-0.15816,0.03923,-0.04454,0.01327,0.00322,-0.00191,0.00823,0.00332,0.00826,-0.02724,0.00401,-0.0708,0.00099,-0.00244,-0.00113
27.52,0.00151,0.00449,0.01002,-0.06587,-0.02818,0.01753,0.03067,0.01853,-0.01092,0.10013,-0.00503,0,0.04324,-0.00161,0.03096,-0.0043,-0.09114,0.02983,-0.00631,0.05275,-0.01129,-0.02189,-0.01642,0.01038,-0.06476,-0.13821,0.03595,-0.03084,0.03898,0.00276,-0.00159,0.00556,0.00209,-0.00338,-0.04259,-0.01479,-0.07115,0.00033,-0.00242,-0.001
27.54,0.00035,0.00343,0.00932,-0.07185,-0.025,0.01019,0.03125,0.01584,-0.01607,0.07526,-0.00039,0,0.0312,0.01604,0.0109,-0.00504,-0.06955,0.02548,-0.02285,0.0438,-0.02081,-0.01466,-0.01724,0.01064,-0.0575,-0.11539,0.032,-0.01801,0.06044,0.0023,-0.00127,0.00324,0.00104,-0.01239,-0.06022,-0.03548,-0.06973,-0.00066,-0.00209,-0.00073
27.56,-0.00041,0.00242,0.0087,-0.07685,-0.02146,0.00299,0.03069,0.01358,-0.02202,0.04995,0.00382,0,0.02602,0.02533,0.00128,-0.00608,-0.05147,0.02147,-0.02253,0.03364,-0.02716,-0.00736,-0.0167,0.01053,-0.04873,-0.0929,0.02776,-0.00632,0.07708,0.00193,-0.00096,0.00129,0.00019,-0.01817,-0.07957,-0.05781,-0.06679,-0.00208,-0.00142,-0.00031
27.58,-0.00078,0.00149,0.00812,-0.08064,-0.01792,-0.00385,0.02906,0.01155,-0.02849,0.02562,0.00739,0,0.02669,0.02717,0.00061,-0.00729,-0.03751,0.01784,-0.00829,0.02311,-0.03032,-0.00016,-0.015,0.01025,-0.03957,-0.07259,0.02361,0.00405,0.08888,0.00171,-0.00068,-0.00028,-0.00047,-0.02064,-0.0989,-0.08029,-0.06258,-0.00383,-0.00049,0.00023
27.6,-0.00079,0.00064,0.00753,-0.08303,-0.01472,-0.01003,0.02647,0.00956,-0.03504,0.00381,0.01002,0,0.03034,0.02471,0.00472,-0.00855,-0.02723,0.0144,0.01253,0.01295,-0.03055,0.00676,-0.0125,0.00989,-0.03089,-0.05525,0.01997,0.0129,0.0962,0.00164,-0.00043,-0.00151,-0.00096,-0.02014,-0.11534,-0.10027,-0.05735,-0.00567,0.00054,0.00079
27.62,-0.00049,-0.00011,0.0069,-0.08382,-0.01223,-0.01522,0.02304,0.00739,-0.04118,-0.01397,0.01145,0,0.0333,0.02206,0.00828,-0.00973,-0.01958,0.01085,0.03072,0.00379,-0.02823,0.01324,-0.00965,0.00953,-0.02329,-0.04092,0.01723,0.02008,0.09961,0.00171,-0.00021,-0.00243,-0.0013,-0.01722,-0.12567,-0.11465,-0.05136,-0.00727,0.00144,0.00124
27.64,0.0001,-0.00074,0.00619,-0.08294,-0.0107,-0.01918,0.01889,0.0049,-0.04645,-0.02657,0.0115,0,0.03258,0.02256,0.00699,-0.01071,-0.01348,0.00699,0.03892,-0.00396,-0.02386,0.01914,-0.00688,0.00922,-0.01709,-0.02923,0.0157,0.02548,0.09977,0.00192,-5e-05,-0.00308,-0.00152,-0.01245,-0.12741,-0.12103,-0.04487,-0.00834,0.00204,0.00151
27.66,0.00091,-0.00124,0.00539,-0.08046,-0.01031,-0.0218,0.01417,0.00198,-0.0505,-0.03345,0.01016,0,0.02689,0.02747,-0.00094,-0.01137,-0.00823,0.00279,0.03413,-0.01011,-0.01801,0.02441,-0.00453,0.00895,-0.01237,-0.01968,0.01556,0.02914,0.09733,0.00228,6e-05,-0.00349,-0.00163,-0.00621,-0.11967,-0.11852,-0.03808,-0.00871,0.00224,0.00153
27.68,0.00189,-0.0016,0.0045,-0.07663,-0.01113,-0.02307,0.0091,-0.00137,-0.05308,-0.0346,0.00763,0,0.01696,0.03563,-0.01428,-0.0116,-0.00364,-0.00152,0.01837,-0.0147,-0.0113,0.02901,-0.0029,0.00872,-0.00898,-0.01179,0.01686,0.03119,0.09298,0.00284,0.00012,-0.00371,-0.00166,0.00121,-0.10338,-0.10796,-0.03125,-0.00837,0.00204,0.0013
27.7,0.00296,-0.00181,0.00357,-0.07184,-0.01315,-0.02309,0.00401,-0.00506,-0.054,-0.03048,0.00424,0,0.00525,0.04384,-0.02922,-0.01127,-3e-05,-0.00546,-0.00199,-0.01789,-0.0045,0.03288,-0.00218,0.0085,-0.00664,-0.0052,0.01952,0.03179,0.08735,0.00368,0.00012,-0.00374,-0.00162,0.00962,-0.08107,-0.09169,-0.02468,-0.00742,0.0015,0.00088
27.72,0.00406,-0.00184,0.00265,-0.0666,-0.01628,-0.02201,-0.00076,-0.00893,-0.05311,-0.02188,0.00045,0,-0.00498,0.04802,-0.04083,-0.0103,0.00203,-0.00845,-0.01877,-0.0199,0.00164,0.03593,-0.00255,0.00826,-0.00499,0.00036,0.02336,0.03116,0.08107,0.00486,5e-05,-0.00361,-0.00152,0.01884,-0.05619,-0.07289,-0.01873,-0.00603,0.00076,0.00034
27.74,0.0051,-0.00169,0.00178,-0.06132,-0.02033,-0.02,-0.00493,-0.01282,-0.05037,-0.00979,-0.00334,0,-0.01112,0.04509,-0.04525,-0.00867,0.00214,-0.01009,-0.02553,-0.02096,0.00651,0.03807,-0.00406,0.00796,-0.00371,0.00509,0.02814,0.0295,0.07464,0.00641,-7e-05,-0.00333,-0.00136,0.02863,-0.03194,-0.05459,-0.01368,-0.00439,-7e-05,-0.00024
27.76,0.00606,-0.00138,0.001,-0.05631,-0.02503,-0.01726,-0.00832,-0.01661,-0.04581,0.00464,-0.00681,0,-0.01219,0.03427,-0.04124,-0.00645,0.00033,-0.01026,-0.02012,-0.02124,0.00973,0.0392,-0.00666,0.00759,-0.0026,0.00911,0.03352,0.02705,0.06839,0.00831,-0.00025,-0.00292,-0.00116,0.03855,-0.01059,-0.03904,-0.00972,-0.00267,-0.00088,-0.0008
27.78,0.00688,-0.00092,0.00032,-0.05176,-0.02999,-0.01403,-0.01086,-0.0202,-0.03964,0.01997,-0.00974,0,-0.00908,0.01745,-0.03051,-0.00385,-0.00288,-0.00923,-0.00531,-0.02082,0.01119,0.03921,-0.01015,0.00714,-0.00162,0.01249,0.03906,0.02404,0.06257,0.01043,-0.00048,-0.00241,-0.00092,0.04795,0.00648,-0.02771,-0.00693,-0.001,-0.00159,-0.00128
27.8,0.00755,-0.00037,-0.00028,-0.04778,-0.03467,-0.01058,-0.01254,-0.02351,-0.03222,0.0345,-0.01197,0,-0.00429,-0.00111,-0.01741,-0.00121,-0.00651,-0.00755,0.01189,-0.01973,0.01095,0.03798,-0.0142,0.00663,-0.00084,0.01514,0.0442,0.02076,0.05738,0.01257,-0.00072,-0.00185,-0.00067,0.05588,0.01859,-0.02145,-0.00537,0.0005,-0.00215,-0.00164
27.82,0.00802,0.00022,-0.00079,-0.04444,-0.0385,-0.00721,-0.0134,-0.02641,-0.02399,0.04646,-0.01339,0,-0.00099,-0.01613,-0.00738,0.00112,-0.00939,-0.00591,0.02264,-0.01799,0.00922,0.03544,-0.01839,0.0061,-0.00041,0.01696,0.04833,0.01748,0.05298,0.01449,-0.00096,-0.00129,-0.00043,0.06129,0.0255,-0.02067,-0.00501,0.00171,-0.00252,-0.00186
27.84,0.0083,0.00079,-0.00122,-0.04174,-0.04104,-0.00415,-0.01351,-0.02884,-0.0154,0.05443,-0.01397,0,-0.00182,-0.02332,-0.00489,0.00282,-0.01062,-0.00488,0.01987,-0.01565,0.00625,0.03158,-0.02234,0.00557,-0.00047,0.01783,0.05102,0.01447,0.0495,0.01595,-0.00119,-0.00077,-0.00021,0.06346,0.02721,-0.02545,-0.00574,0.00254,-0.00266,-0.0019
27.86,0.00839,0.00131,-0.00158,-0.03964,-0.0421,-0.00157,-0.01294,-0.03074,-0.0068,0.05768,-0.01376,0,-0.00792,-0.02074,-0.01186,0.00375,-0.00976,-0.0048,0.00079,-0.0129,0.00229,0.02658,-0.02574,0.00507,-0.00106,0.01774,0.0521,0.01191,0.04708,0.01682,-0.00137,-0.00034,-3e-05,0.06211,0.02382,-0.03566,-0.0073,0.00293,-0.00258,-0.00177
27.88,0.00833,0.00175,-0.00189,-0.03806,-0.04172,0.00043,-0.01181,-0.0321,0.00143,0.05612,-0.01288,0,-0.01872,-0.00916,-0.02733,0.00395,-0.00699,-0.00568,-0.03241,-0.01007,-0.00236,0.02084,-0.02833,0.00463,-0.00214,0.01675,0.0517,0.00994,0.04582,0.01702,-0.0015,-4e-05,9e-05,0.05758,0.0155,-0.05089,-0.00926,0.00285,-0.00228,-0.00147
27.9,0.00817,0.00208,-0.00215,-0.03691,-0.04018,0.0018,-0.01025,-0.03289,0.00889,0.05025,-0.01153,0,-0.03207,0.00827,-0.04778,0.00356,-0.00295,-0.00727,-0.07302,-0.00761,-0.00737,0.01496,-0.02993,0.00426,-0.00355,0.01503,0.05019,0.00867,0.04585,0.01655,-0.00158,0.00012,0.00013,0.05069,0.0025,-0.0704,-0.01109,0.00227,-0.00178,-0.00104
27.92,0.00797,0.00229,-0.00235,-0.03609,-0.03789,0.00252,-0.00841,-0.0331,0.01517,0.04098,-0.00993,0,-0.04509,0.02717,-0.06832,0.00282,0.00143,-0.00916,-0.11213,-0.00606,-0.01237,0.00963,-0.03037,0.00398,-0.00508,0.01278,0.04808,0.00819,0.04726,0.01544,-0.00158,0.0001,8e-05,0.04254,-0.01465,-0.09311,-0.01221,0.00121,-0.00112,-0.0005
27.94,0.0078,0.00239,-0.00247,-0.03554,-0.03527,0.0026,-0.00645,-0.0327,0.01998,0.02937,-0.00828,0,-0.05519,0.04358,-0.08462,0.00196,0.00529,-0.01097,-0.14192,-0.00583,-0.01708,0.00541,-0.02957,0.00381,-0.00654,0.01024,0.04588,0.00848,0.04997,0.01376,-0.00153,-9e-05,-6e-05,0.03413,-0.03507,-0.11755,-0.01218,-0.00027,-0.00035,9e-05
27.96,0.00769,0.00238,-0.00251,-0.0352,-0.03267,0.00211,-0.00455,-0.03169,0.0232,0.01656,-0.00671,0,-0.06091,0.05503,-0.09408,0.00113,0.00813,-0.01244,-0.15789,-0.00716,-0.02129,0.00261,-0.02759,0.00375,-0.00781,0.00765,0.04403,0.00944,0.05366,0.01159,-0.00142,-0.00043,-0.00027,0.02623,-0.05724,-0.14183,-0.01082,-0.00207,0.00048,0.00069
27.98,0.00771,0.00229,-0.00245,-0.03504,-0.03043,0.00117,-0.00295,-0.03005,0.02489,0.00377,-0.0053,0,-0.06202,0.06074,-0.09609,0.00041,0.00977,-0.01348,-0.15927,-0.01002,-0.02484,0.00124,-0.02459,0.00381,-0.00882,0.00529,0.04286,0.01082,0.05771,0.00908,-0.00127,-0.00083,-0.00051,0.0193,-0.0788,-0.1634,-0.00823,-0.00396,0.0013,0.00125
28,0.00789,0.00216,-0.00225,-0.03505,-0.0288,-9e-05,-0.0019,-0.02779,0.02521,-0.00759,-0.00408,0,-0.05931,0.06135,-0.0917,-0.00018,0.01034,-0.0141,-0.14848,-0.01419,-0.02761,0.00112,-0.02086,0.00397,-0.00953,0.00345,0.0426,0.01229,0.06123,0.00639,-0.00112,-0.0012,-0.00074,0.01363,-0.09662,-0.17902,-0.00479,-0.00569,0.00203,0.00172
28.02,0.00825,0.00204,-0.00189,-0.03522,-0.02802,-0.00149,-0.00166,-0.02494,0.02439,-0.01615,-0.00304,0,-0.05419,0.05834,-0.08296,-0.00065,0.01016,-0.01438,-0.12981,-0.01928,-0.02947,0.00191,-0.01676,0.0042,-0.00992,0.00246,0.04343,0.01346,0.06317,0.00372,-0.001,-0.00143,-0.00089,0.00939,-0.10736,-0.1854,-0.00103,-0.00694,0.00256,0.00203
28.04,0.00881,0.00196,-0.00135,-0.03552,-0.0282,-0.00288,-0.00243,-0.02156,0.02264,-0.0209,-0.00213,0,-0.048,0.05327,-0.07196,-0.00103,0.00957,-0.01444,-0.10763,-0.0248,-0.03032,0.0032,-0.01262,0.00448,-0.00993,0.00266,0.04537,0.01396,0.06253,0.00125,-0.00094,-0.0014,-0.00091,0.00669,-0.10861,-0.18028,0.00257,-0.00749,0.00284,0.00215
28.06,0.00956,0.00194,-0.00064,-0.03583,-0.02933,-0.00414,-0.00425,-0.01775,0.02008,-0.02143,-0.00127,0,-0.04164,0.04728,-0.06026,-0.00134,0.00888,-0.01438,-0.08523,-0.03024,-0.03005,0.00461,-0.00864,0.00475,-0.00945,0.00432,0.04834,0.01352,0.0585,-0.0009,-0.00095,-0.00104,-0.00076,0.00557,-0.09962,-0.16315,0.0056,-0.00723,0.00285,0.00207
28.08,0.01048,0.00198,0.00023,-0.03595,-0.03124,-0.00518,-0.00705,-0.01368,0.0168,-0.01795,-0.00035,0,-0.03549,0.04101,-0.04877,-0.00157,0.00829,-0.01426,-0.0647,-0.035,-0.02857,0.00574,-0.00498,0.00491,-0.0083,0.00771,0.05203,0.01198,0.05053,-0.00262,-0.00104,-0.00032,-0.00042,0.0061,-0.08151,-0.13556,0.0078,-0.0062,0.00259,0.00181
28.1,0.01151,0.00208,0.00119,-0.03562,-0.03366,-0.00595,-0.01059,-0.0096,0.01285,-0.01121,0.00076,0,-0.02953,0.03469,-0.03792,-0.00168,0.00795,-0.0141,-0.04718,-0.03838,-0.02577,0.00623,-0.00176,0.00487,-0.00625,0.01301,0.05603,0.00929,0.03834,-0.00384,-0.00121,0.00076,0.0001,0.00835,-0.05709,-0.10098,0.00903,-0.00456,0.00213,0.0014
28.12,0.01256,0.00222,0.00219,-0.03455,-0.0362,-0.00638,-0.01455,-0.00582,0.00827,-0.00232,0.00217,0,-0.02348,0.02827,-0.02784,-0.00164,0.00793,-0.01392,-0.03309,-0.03972,-0.02161,0.00578,0.00098,0.0045,-0.00305,0.0204,0.05978,0.00547,0.022,-0.00449,-0.00142,0.00216,0.00079,0.01234,-0.03004,-0.06382,0.00917,-0.00255,0.00155,0.00093
28.14,0.01357,0.00236,0.00317,-0.03245,-0.03851,-0.00644,-0.01861,-0.00259,0.00307,0.00759,0.00397,0,-0.01706,0.02166,-0.0185,-0.00142,0.00827,-0.01367,-0.02239,-0.03859,-0.01615,0.00429,0.0032,0.00371,0.00154,0.03002,0.06281,0.00065,0.00197,-0.00457,-0.00167,0.00382,0.0016,0.01796,-0.00364,-0.02805,0.00823,-0.0004,0.00093,0.00044
28.16,0.01447,0.00248,0.00409,-0.02909,-0.04028,-0.00608,-0.02252,-7e-05,-0.00269,0.01755,0.00615,0,-0.01019,0.01489,-0.00993,-0.00101,0.00891,-0.01329,-0.01477,-0.03494,-0.00956,0.00192,0.00497,0.00243,0.00766,0.04197,0.06478,-0.00494,-0.02077,-0.00413,-0.00193,0.0056,0.00248,0.02497,0.01999,0.00367,0.00626,0.00172,0.00031,-3e-05
28.18,0.01521,0.00257,0.00492,-0.02434,-0.04127,-0.00528,-0.02606,0.00166,-0.00888,0.02668,0.00863,0,-0.00301,0.00818,-0.00229,-0.00046,0.00977,-0.01266,-0.00977,-0.02916,-0.00225,-0.00086,0.00636,0.00064,0.01534,0.05624,0.06548,-0.01093,-0.04448,-0.00332,-0.00217,0.00735,0.00334,0.03283,0.03987,0.02996,0.00343,0.00369,-0.00026,-0.00044
28.2,0.01573,0.0026,0.00564,-0.01816,-0.04126,-0.00401,-0.02899,0.0026,-0.01525,0.03417,0.01123,0,0.00404,0.00198,0.0041,0.00018,0.01069,-0.01167,-0.00687,-0.02205,0.00515,-0.00331,0.00749,-0.0016,0.02441,0.07255,0.0648,-0.01681,-0.0667,-0.00232,-0.00235,0.00884,0.00407,0.04078,0.05591,0.05037,-1e-05,0.00542,-0.00076,-0.00078
28.22,0.01599,0.00254,0.00624,-0.01058,-0.04013,-0.00227,-0.03112,0.00279,-0.02152,0.03929,0.01372,0,0.01036,-0.00315,0.0088,0.00081,0.01149,-0.01018,-0.00557,-0.01464,0.0119,-0.00458,0.0085,-0.00421,0.03448,0.09023,0.06274,-0.02201,-0.08463,-0.00136,-0.00244,0.00982,0.00457,0.04793,0.06859,0.06512,-0.00376,0.00686,-0.00116,-0.00104
28.24,0.01592,0.00239,0.00672,-0.00165,-0.0378,0,-0.03226,0.00232,-0.0274,0.04162,0.01591,0,0.01544,-0.0067,0.0115,0.00135,0.01204,-0.00818,-0.00538,-0.00797,0.01735,-0.00395,0.00952,-0.00701,0.04485,0.10799,0.05936,-0.02608,-0.09594,-0.00063,-0.0024,0.01009,0.00472,0.05356,0.07861,0.07486,-0.00753,0.008,-0.00147,-0.00123
28.26,0.01551,0.00216,0.00714,0.00855,-0.03433,0.00283,-0.03228,0.00136,-0.03268,0.04106,0.01772,0,0.01903,-0.00835,0.01215,0.00171,0.01225,-0.00576,-0.00591,-0.0029,0.021,-0.00104,0.01069,-0.00975,0.05443,0.12378,0.05482,-0.02887,-0.0993,-0.00025,-0.00223,0.00955,0.00447,0.05722,0.08665,0.08047,-0.01107,0.00884,-0.00171,-0.00136
28.28,0.01474,0.00186,0.00754,0.01989,-0.02992,0.00628,-0.03112,0.00013,-0.0372,0.03792,0.01912,0,0.02107,-0.00797,0.01094,0.0018,0.01212,-0.00316,-0.00685,-0.00011,0.02258,0.00419,0.01214,-0.0121,0.06169,0.13457,0.04937,-0.03044,-0.09444,-0.00025,-0.00193,0.00818,0.00382,0.05876,0.09324,0.08299,-0.01417,0.00943,-0.00189,-0.00145
28.3,0.01359,0.00154,0.00799,0.03208,-0.02491,0.01036,-0.02873,-0.00109,-0.04078,0.03282,0.02019,0,0.02171,-0.00561,0.00829,0.00155,0.0117,-0.0008,-0.00797,-0.00018,0.02194,0.01139,0.01399,-0.0136,0.06464,0.13651,0.04339,-0.03109,-0.08201,-0.00062,-0.00152,0.00606,0.00282,0.0583,0.09866,0.08351,-0.01662,0.00984,-0.00207,-0.00152
28.32,0.0121,0.00125,0.00858,0.04475,-0.01973,0.01507,-0.0251,-0.00195,-0.04326,0.02658,0.02103,0,0.02119,-0.00141,0.00474,0.00088,0.0111,0.00087,-0.00912,-0.00349,0.01908,0.01998,0.01638,-0.0138,0.06138,0.1258,0.03734,-0.03123,-0.06323,-0.00127,-0.00104,0.00334,0.00152,0.05611,0.10301,0.08303,-0.0182,0.01014,-0.00226,-0.0016
28.34,0.01028,0.00103,0.00937,0.05758,-0.01475,0.02043,-0.02029,-0.00218,-0.04457,0.01999,0.02181,0,0.01975,0.00444,0.00085,-0.00023,0.01039,0.00151,-0.01022,-0.01018,0.01415,0.0293,0.0195,-0.01241,0.05081,0.10022,0.03158,-0.03129,-0.03952,-0.00214,-0.00053,0.00017,0,0.05256,0.10617,0.08223,-0.01879,0.01036,-0.00251,-0.0017
28.36,0.00817,0.00094,0.01041,0.07031,-0.01025,0.02642,-0.01436,-0.00152,-0.04474,0.01368,0.02268,0,0.01761,0.01172,-0.00291,-0.00175,0.00967,0.00097,-0.01125,-0.02004,0.00752,0.03874,0.02361,-0.00939,0.03322,0.0602,0.02638,-0.03165,-0.01222,-0.00313,-2e-05,-0.0033,-0.00166,0.04808,0.1079,0.08141,-0.01835,0.01053,-0.00282,-0.00185
28.38,0.00583,0.001,0.01171,0.08269,-0.00641,0.03297,-0.00748,0.00017,-0.04392,0.00812,0.02384,0,0.01492,0.02013,-0.00612,-0.00359,0.00899,-0.00064,-0.01226,-0.03241,-0.00023,0.04763,0.02902,-0.00502,0.01057,0.0094,0.02188,-0.03261,0.01719,-0.00416,0.00044,-0.00692,-0.0034,0.04317,0.10779,0.08044,-0.01692,0.01063,-0.00317,-0.00202
28.4,0.00337,0.00123,0.01325,0.09438,-0.00336,0.03995,3e-05,0.00299,-0.04238,0.00371,0.0255,0,0.01181,0.02926,-0.00839,-0.00557,0.00839,-0.00301,-0.01332,-0.04616,-0.00822,0.05523,0.03604,0.00014,-0.01368,-0.04548,0.01818,-0.03439,0.04702,-0.00515,0.00082,-0.01053,-0.00511,0.0384,0.10531,0.07878,-0.01466,0.0106,-0.00353,-0.0022
28.42,0.0009,0.00165,0.01497,0.10503,-0.00117,0.04714,0.0078,0.00697,-0.04044,0.00074,0.02782,0,0.00833,0.03856,-0.0094,-0.00743,0.00791,-0.00569,-0.01447,-0.05978,-0.01541,0.06072,0.04496,0.00541,-0.03541,-0.09638,0.01534,-0.03715,0.07553,-0.00603,0.00106,-0.01393,-0.00672,0.03436,0.09989,0.07575,-0.01174,0.01038,-0.00385,-0.00235
28.44,-0.00146,0.00226,0.01683,0.11435,0.00018,0.05437,0.01547,0.01209,-0.03842,-0.00066,0.03095,0,0.0044,0.04738,-0.00895,-0.00887,0.00754,-0.00821,-0.01561,-0.07161,-0.02073,0.06332,0.05591,0.01022,-0.0512,-0.1365,0.01331,-0.04095,0.10137,-0.00675,0.00115,-0.017,-0.00815,0.03148,0.09119,0.07077,-0.00833,0.00992,-0.00409,-0.00247
28.46,-0.00364,0.00306,0.01877,0.12224,0.00082,0.06153,0.02268,0.01826,-0.03665,-0.00056,0.03493,0,-0.00017,0.05496,-0.00699,-0.00954,0.00722,-0.01015,-0.01642,-0.0799,-0.02321,0.06234,0.06886,0.01428,-0.05927,-0.1619,0.01195,-0.04578,0.12378,-0.00734,0.00106,-0.01964,-0.00936,0.02997,0.07926,0.06361,-0.00455,0.00923,-0.00421,-0.00251
28.48,-0.0056,0.00401,0.02074,0.12872,0.001,0.06849,0.02911,0.02529,-0.03542,0.00078,0.03973,0,-0.00572,0.06033,-0.00364,-0.00903,0.00686,-0.01116,-0.01635,-0.08279,-0.02191,0.0572,0.08343,0.01759,-0.05957,-0.17179,0.01106,-0.05151,0.1425,-0.00787,0.00082,-0.02184,-0.01035,0.02979,0.06466,0.05448,-0.00049,0.00837,-0.0042,-0.00249
28.5,-0.00728,0.00506,0.02267,0.13386,0.00105,0.07512,0.03436,0.03288,-0.03504,0.00291,0.04516,0,-0.01261,0.06231,0.00081,-0.00688,0.00632,-0.0109,-0.0146,-0.07821,-0.01599,0.04738,0.09889,0.02036,-0.05353,-0.16793,0.01035,-0.05785,0.15747,-0.00844,0.00045,-0.0236,-0.01112,0.03072,0.04852,0.04403,0.00378,0.00745,-0.00405,-0.00238
28.52,-0.00865,0.00615,0.02448,0.13774,0.00135,0.08125,0.03801,0.04063,-0.03581,0.00535,0.05094,0,-0.02103,0.0594,0.00598,-0.00259,0.00545,-0.00899,-0.01019,-0.06391,-0.00471,0.03226,0.1143,0.02294,-0.0434,-0.15366,0.00949,-0.06451,0.16865,-0.00918,0,-0.02489,-0.01167,0.03239,0.03222,0.03318,0.00817,0.0066,-0.00378,-0.00222
28.54,-0.00968,0.00722,0.02611,0.14049,0.00227,0.08676,0.0397,0.0482,-0.03796,0.00769,0.05679,0,-0.03073,0.04987,0.01155,0.00438,0.00405,-0.00495,-0.00197,-0.03751,0.01241,0.01099,0.1288,0.02574,-0.03131,-0.13261,0.00813,-0.0713,0.17573,-0.01015,-0.00048,-0.0257,-0.01201,0.03442,0.017,0.02285,0.01258,0.00595,-0.00339,-0.00199
28.56,-0.01036,0.00823,0.02754,0.14226,0.00412,0.09162,0.0392,0.05539,-0.04168,0.00972,0.06243,0,-0.0408,0.03179,0.01726,0.01448,0.00193,0.00186,0.01127,0.00329,0.03541,-0.01762,0.1418,0.02912,-0.01872,-0.10792,0.0059,-0.07828,0.17803,-0.01136,-0.00096,-0.02595,-0.01211,0.03645,0.00377,0.01377,0.01693,0.00559,-0.0029,-0.00171
28.58,-0.01068,0.00914,0.02879,0.1432,0.00714,0.09585,0.03641,0.06201,-0.04704,0.01143,0.06753,0,-0.04954,0.00313,0.02297,0.0281,-0.0011,0.01218,0.03074,0.06046,0.06374,-0.05488,0.15288,0.03335,-0.0063,-0.0822,0.00247,-0.0857,0.17435,-0.01273,-0.00137,-0.02553,-0.0119,0.03815,-0.00693,0.00653,0.02109,0.00555,-0.00235,-0.00141
28.6,-0.01065,0.00994,0.02987,0.14348,0.01147,0.09947,0.03134,0.06794,-0.054,0.01297,0.07173,0,-0.05435,-0.03802,0.02855,0.04538,-0.0052,0.02683,0.05746,0.1354,0.0961,-0.10205,0.16168,0.0386,0.00584,-0.05773,-0.00248,-0.09391,0.1631,-0.0141,-0.00166,-0.02428,-0.01132,0.03923,-0.01475,0.00166,0.02484,0.00584,-0.00175,-0.0011
28.62,-0.01027,0.01059,0.03082,0.14319,0.01719,0.1025,0.02411,0.07305,-0.06249,0.01468,0.07461,0,-0.0515,-0.09314,0.03394,0.0661,-0.01045,0.0466,0.09206,0.22916,0.13059,-0.16036,0.16797,0.04485,0.01805,-0.03653,-0.0092,-0.10328,0.14284,-0.01526,-0.0018,-0.02208,-0.01031,0.03943,-0.01956,-0.00048,0.02797,0.00644,-0.00116,-0.0008
28.64,-0.00957,0.0111,0.03169,0.14236,0.02431,0.10498,0.01484,0.07728,-0.07247,0.01703,0.07577,0,-0.03604,-0.16284,0.03918,0.08949,-0.01679,0.0722,0.13441,0.34292,0.16498,-0.23117,0.17164,0.05178,0.03087,-0.02038,-0.0178,-0.11398,0.113,-0.01602,-0.00174,-0.01887,-0.00883,0.03866,-0.02147,0.00026,0.03028,0.0073,-0.00059,-0.00054
28.66,-0.00855,0.01149,0.03251,0.14094,0.03278,0.10692,0.00375,0.08066,-0.08402,0.02064,0.07489,0,-0.00166,-0.24624,0.04447,0.11405,-0.02398,0.10405,0.1833,0.4778,0.19675,-0.31576,0.17284,0.05872,0.04493,-0.01085,-0.02827,-0.12592,0.07459,-0.0163,-0.00149,-0.01476,-0.00693,0.03699,-0.02092,0.00361,0.03169,0.00839,-7e-05,-0.00032
28.68,-0.00727,0.01181,0.03334,0.13878,0.0424,0.10836,-0.00885,0.08329,-0.09724,0.02622,0.07173,0,0.05909,-0.34029,0.05011,0.13725,-0.03147,0.14211,0.23594,0.63391,0.22291,-0.41472,0.17195,0.06455,0.06072,-0.00939,-0.0403,-0.13856,0.03062,-0.01607,-0.00107,-0.01007,-0.00476,0.03471,-0.01865,0.00893,0.03219,0.00963,0.00042,-0.00013
28.7,-0.00578,0.01212,0.03421,0.13564,0.05281,0.1093,-0.02245,0.08528,-0.11215,0.03459,0.06613,0,0.15453,-0.43936,0.05663,0.1555,-0.03847,0.18555,0.28791,0.80951,0.23977,-0.52739,0.16947,0.06773,0.07858,-0.01735,-0.05331,-0.15095,-0.01399,-0.01541,-0.00055,-0.00531,-0.00256,0.03227,-0.01568,0.01523,0.03187,0.01093,0.00088,3e-05
28.72,-0.00414,0.01249,0.03514,0.13125,0.06354,0.10975,-0.03647,0.08677,-0.12869,0.04658,0.05797,0,0.29352,-0.53587,0.06548,0.16446,-0.04403,0.23282,0.33405,1.00139,0.24316,-0.65197,0.16586,0.06659,0.09888,-0.03553,-0.06656,-0.16196,-0.05358,-0.01442,1e-05,-0.00107,-0.0006,0.03024,-0.01304,0.02133,0.03083,0.01219,0.00134,0.00019
28.74,-0.00239,0.01297,0.03613,0.12536,0.07421,0.10977,-0.05045,0.08786,-0.1467,0.06303,0.04716,0,0.48496,-0.62164,0.08001,0.1596,-0.04731,0.28169,0.37014,1.20589,0.22893,-0.78603,0.16128,0.05985,0.12232,-0.06352,-0.07942,-0.17078,-0.08381,-0.01324,0.00055,0.00222,0.00092,0.02909,-0.01154,0.0263,0.02913,0.01334,0.00179,0.00035
28.76,-0.00055,0.01362,0.03715,0.11778,0.0846,0.10954,-0.06414,0.08865,-0.16589,0.08465,0.03367,0,0.73667,-0.68854,0.10613,0.13677,-0.04776,0.32919,0.39385,1.41898,0.19339,-0.92638,0.15536,0.0469,0.15004,-0.09907,-0.0915,-0.17717,-0.10283,-0.01199,0.00103,0.00437,0.00191,0.02913,-0.01152,0.02957,0.02683,0.01437,0.00226,0.00053
28.78,0.00141,0.01448,0.03814,0.10843,0.09455,0.1093,-0.07744,0.08917,-0.1857,0.11189,0.0176,0,1.05351,-0.72808,0.15232,0.09233,-0.04513,0.37117,0.40483,1.63466,0.13361,-1.06797,0.14725,0.02808,0.18352,-0.13767,-0.10258,-0.18152,-0.11154,-0.0108,0.00145,0.00548,0.00241,0.03045,-0.01282,0.03104,0.02392,0.01527,0.00274,0.00072
28.8,0.0035,0.01553,0.03899,0.09742,0.10392,0.10943,-0.09026,0.08944,-0.20512,0.1448,-0.00069,0,1.43553,-0.73099,0.22881,0.0234,-0.03944,0.4022,0.40425,1.84373,0.04761,-1.20322,0.13565,0.00452,0.22446,-0.17275,-0.11254,-0.18469,-0.11297,-0.00978,0.00183,0.0059,0.00258,0.03297,-0.01484,0.03092,0.02039,0.0161,0.0032,0.00091
28.82,0.00573,0.01677,0.0396,0.08502,0.11261,0.11029,-0.10254,0.08945,-0.22288,0.1831,-0.02063,0,1.87771,-0.68796,0.34502,-0.07175,-0.03099,0.41654,0.39409,2.03515,-0.06561,-1.32301,0.11905,-0.02237,0.27546,-0.19701,-0.12132,-0.18769,-0.11109,-0.00905,0.00218,0.00604,0.00262,0.03642,-0.01677,0.02959,0.01626,0.01691,0.00363,0.00107
28.84,0.00809,0.01817,0.03985,0.07165,0.12063,0.1122,-0.11429,0.08921,-0.23768,0.22647,-0.04149,0,2.37031,-0.59113,0.50588,-0.19309,-0.02031,0.40977,0.37623,2.19899,-0.2061,-1.41899,0.0959,-0.05169,0.34088,-0.20465,-0.129,-0.19133,-0.10907,-0.00868,0.00254,0.00623,0.00267,0.04046,-0.01797,0.02729,0.01159,0.01774,0.00399,0.0012
28.86,0.01052,0.01968,0.03965,0.05784,0.12809,0.11536,-0.12561,0.08878,-0.24831,0.27442,-0.06237,0,2.8974,-0.43557,0.70863,-0.33802,-0.00816,0.38001,0.35191,2.32801,-0.37241,-1.48485,0.06487,-0.08359,0.42733,-0.19292,-0.13585,-0.19585,-0.10814,-0.00864,0.0029,0.00659,0.00279,0.04463,-0.01816,0.02396,0.00658,0.01862,0.00426,0.00127
28.88,0.01288,0.02121,0.03896,0.0444,0.13522,0.11975,-0.13659,0.08828,-0.25361,0.32606,-0.08204,0,3.43252,-0.22064,0.94056,-0.50005,0.00431,0.32836,0.32177,2.41693,-0.56028,-1.51605,0.02517,-0.11908,0.54317,-0.16252,-0.14222,-0.2009,-0.10725,-0.00883,0.00325,0.00699,0.00292,0.04834,-0.01749,0.01919,0.00157,0.01956,0.00441,0.00128
28.9,0.01497,0.02268,0.03776,0.03246,0.14225,0.12523,-0.14725,0.0879,-0.25241,0.37974,-0.09881,0,3.93685,0.04936,1.17907,-0.66841,0.0156,0.25873,0.28603,2.46148,-0.76187,-1.50928,-0.02335,-0.15976,0.69747,-0.11726,-0.14851,-0.2055,-0.10343,-0.0091,0.00356,0.00706,0.00289,0.05088,-0.01647,0.01233,-0.00293,0.02053,0.00441,0.00122
28.92,0.01656,0.02394,0.03608,0.02327,0.14939,0.13149,-0.1575,0.08778,-0.24363,0.43327,-0.11087,0,4.36623,0.36606,1.39699,-0.83017,0.0241,0.17663,0.24477,2.4587,-0.96703,-1.46261,-0.08027,-0.20736,0.89809,-0.06258,-0.15513,-0.20842,-0.09285,-0.00926,0.00378,0.00635,0.00249,0.05153,-0.01578,0.0027,-0.00636,0.02148,0.00426,0.00108
28.94,0.01746,0.02491,0.03394,0.01792,0.15685,0.13823,-0.16726,0.08805,-0.22655,0.48445,-0.1167,0,4.68433,0.71901,1.57116,-0.97395,0.02848,0.08736,0.1981,2.40835,-1.16597,-1.37627,-0.14495,-0.26332,1.14921,-0.00349,-0.16241,-0.20864,-0.07243,-0.00914,0.00388,0.00448,0.00155,0.04972,-0.01586,-0.01004,-0.00831,0.02236,0.00391,0.00086
28.96,0.0176,0.02552,0.03142,0.01712,0.1648,0.14517,-0.17643,0.08866,-0.20103,0.53124,-0.11543,0,4.87073,1.09561,1.68793,-1.0921,0.02807,-0.00497,0.14656,2.3141,-1.35036,-1.25359,-0.21646,-0.3282,1.4486,0.05664,-0.17062,-0.20566,-0.04109,-0.00869,0.00382,0.00128,-1e-05,0.04521,-0.01678,-0.02566,-0.00863,0.02317,0.00337,0.00054
28.98,0.01699,0.02574,0.02863,0.02118,0.17328,0.15198,-0.18486,0.08946,-0.16779,0.57147,-0.10693,0,4.92124,1.47837,1.74346,-1.1802,0.02281,-0.09691,0.09153,2.18441,-1.51225,-1.10199,-0.29307,-0.40117,1.78489,0.11596,-0.17983,-0.19962,-0.00016,-0.00792,0.00358,-0.00314,-0.00212,0.0381,-0.0181,-0.04315,-0.00749,0.02391,0.00262,0.00013
29,0.01577,0.0256,0.02573,0.03002,0.1822,0.15831,-0.19225,0.09014,-0.12846,0.60251,-0.09173,0,4.8446,1.84313,1.74181,-1.23596,0.0133,-0.18502,0.03548,2.03227,-1.64278,-0.9332,-0.37182,-0.47957,2.13641,0.17356,-0.18994,-0.19124,0.04661,-0.00696,0.00316,-0.00844,-0.0046,0.02886,-0.01896,-0.06073,-0.0053,0.02459,0.00169,-0.00037
29.02,0.0141,0.02511,0.02292,0.0434,0.19134,0.16379,-0.19818,0.09033,-0.0852,0.6215,-0.07087,0,4.65746,2.16257,1.69202,-1.2584,0.00057,-0.26565,-0.01849,1.87208,-1.73294,-0.76089,-0.4487,-0.55921,2.47479,0.22883,-0.20067,-0.18158,0.09425,-0.00596,0.00256,-0.01412,-0.00722,0.0182,-0.01837,-0.07629,-0.00261,0.02523,0.00058,-0.00096
29.04,0.01214,0.02434,0.02038,0.0611,0.20052,0.16821,-0.20212,0.08961,-0.04016,0.62594,-0.04565,0,4.37847,2.41329,1.60448,-1.24753,-0.01414,-0.33516,-0.06766,1.7147,-1.77569,-0.59676,-0.51942,-0.63508,2.77153,0.28098,-0.21181,-0.1717,0.13824,-0.00504,0.00179,-0.01974,-0.00976,0.00685,-0.01555,-0.08804,8e-05,0.02579,-0.00067,-0.00163
29.06,0.00996,0.02334,0.01822,0.08297,0.20964,0.17154,-0.20351,0.08762,0.00475,0.61412,-0.01768,0,4.02548,2.57999,1.48901,-1.20423,-0.02943,-0.38986,-0.11014,1.56467,-1.76741,-0.44841,-0.57954,-0.70156,3.00162,0.3285,-0.2232,-0.16242,0.17557,-0.00427,0.00083,-0.025,-0.01209,-0.00453,-0.01022,-0.09503,0.00241,0.02619,-0.00203,-0.00237
29.08,0.0076,0.0222,0.01653,0.10881,0.21859,0.17398,-0.2017,0.08403,0.04767,0.58528,0.01105,0,3.61718,2.65496,1.35506,-1.13036,-0.04371,-0.42552,-0.1447,1.42061,-1.70815,-0.31994,-0.62413,-0.75191,3.14244,0.3686,-0.23472,-0.15441,0.20474,-0.00362,-0.00031,-0.02976,-0.01415,-0.01529,-0.00275,-0.09713,0.0042,0.02629,-0.00347,-0.00314
29.1,0.00503,0.02102,0.01535,0.13825,0.22722,0.17587,-0.196,0.0786,0.08641,0.53954,0.03795,0,3.1749,2.63604,1.21225,-1.02892,-0.05509,-0.43711,-0.17034,1.27692,-1.60113,-0.21328,-0.64745,-0.77815,3.17231,0.39709,-0.24618,-0.14817,0.22532,-0.00302,-0.00163,-0.03394,-0.01594,-0.02469,0.00595,-0.09492,0.00541,0.02589,-0.00493,-0.00391
29.12,0.00225,0.0199,0.01473,0.17077,0.23535,0.17765,-0.18573,0.07115,0.11876,0.47771,0.06027,0,2.72023,2.52494,1.06942,-0.9034,-0.06171,-0.41961,-0.1863,1.12598,-1.45152,-0.12886,-0.64382,-0.77229,3.07231,0.40931,-0.25734,-0.14411,0.23772,-0.00237,-0.0031,-0.03757,-0.01751,-0.03203,0.01463,-0.08943,0.00607,0.02479,-0.00635,-0.00463
29.14,-0.00079,0.01894,0.01469,0.20584,0.24284,0.17974,-0.17045,0.06163,0.14305,0.40091,0.07565,0,2.27012,2.32585,0.93279,-0.75692,-0.06212,-0.36957,-0.19205,0.96057,-1.26472,-0.06565,-0.60932,-0.72871,2.83053,0.40165,-0.26799,-0.14246,0.24294,-0.0016,-0.00474,-0.04069,-0.01891,-0.03677,0.02209,-0.08174,0.00621,0.02282,-0.00766,-0.00526
29.16,-0.0041,0.01816,0.01519,0.24294,0.24965,0.1825,-0.15011,0.05012,0.15846,0.31069,0.0826,0,1.835,2.04553,0.80505,-0.59217,-0.05566,-0.28639,-0.1875,0.77614,-1.04602,-0.0214,-0.54304,-0.64598,2.44624,0.37279,-0.27797,-0.14323,0.24248,-0.0007,-0.00656,-0.04342,-0.0202,-0.03868,0.02747,-0.07287,0.00586,0.01991,-0.00887,-0.00578
29.18,-0.00763,0.01756,0.01618,0.28122,0.25576,0.18619,-0.12525,0.03695,0.16501,0.20967,0.08049,0,1.42161,1.69508,0.68621,-0.41255,-0.04257,-0.17319,-0.17292,0.57265,-0.80194,0.00691,-0.44789,-0.52782,1.93333,0.32407,-0.28712,-0.14622,0.23827,0.00027,-0.00857,-0.0459,-0.02146,-0.03778,0.03021,-0.06371,0.00499,0.01613,-0.00998,-0.0062
29.2,-0.01128,0.0171,0.01759,0.31933,0.26114,0.19094,-0.09703,0.02276,0.16331,0.10198,0.06942,0,1.03634,1.29101,0.57475,-0.22314,-0.0239,-0.03692,-0.14901,0.3555,-0.54148,0.02258,-0.33046,-0.38302,1.32102,0.25942,-0.29517,-0.15105,0.23258,0.00118,-0.01078,-0.04822,-0.02271,-0.03436,0.03002,-0.05509,0.00357,0.01168,-0.01101,-0.00652
29.22,-0.01489,0.01672,0.01931,0.35564,0.26565,0.19677,-0.06693,0.00834,0.1544,-0.00748,0.05007,0,0.68536,0.85237,0.46862,-0.02992,-0.00121,0.11317,-0.11686,0.1337,-0.27469,0.02893,-0.1992,-0.22318,0.64785,0.18442,-0.30174,-0.15725,0.2276,0.00185,-0.01318,-0.0505,-0.02399,-0.0288,0.02686,-0.04769,0.00155,0.00681,-0.01197,-0.00676
29.24,-0.01834,0.0164,0.02128,0.38871,0.26904,0.20365,-0.03621,-0.00549,0.13955,-0.11448,0.02349,0,0.37254,0.39544,0.36587,0.16208,0.02384,0.26799,-0.07801,-0.08346,-0.00983,0.02908,-0.06167,-0.05932,-0.0486,0.10484,-0.30639,-0.16444,0.22497,0.00219,-0.01576,-0.05276,-0.02529,-0.02148,0.02091,-0.04178,-0.001,0.00178,-0.01288,-0.00694
29.26,-0.02156,0.01613,0.02347,0.41754,0.2709,0.21142,-0.00567,-0.01805,0.12022,-0.21608,-0.00884,0,0.09899,-0.06829,0.26548,0.34944,0.04979,0.41979,-0.03463,-0.28802,0.24786,0.02588,0.077,0.09998,-0.73627,0.026,-0.30867,-0.17239,0.22539,0.00216,-0.01848,-0.05498,-0.02658,-0.01271,0.01264,-0.03717,-0.00386,-0.00326,-0.01374,-0.00707
29.28,-0.0245,0.01598,0.02588,0.44141,0.27063,0.21981,0.02427,-0.02869,0.09816,-0.31006,-0.04485,0,-0.13488,-0.52919,0.16831,0.52909,0.07515,0.56129,0.01016,-0.47218,0.49441,0.02193,0.21342,0.24785,-1.3846,-0.04686,-0.30802,-0.18099,0.22851,0.00186,-0.02128,-0.05703,-0.02778,-0.00273,0.00283,-0.03313,-0.00666,-0.00818,-0.01452,-0.00714
29.3,-0.02714,0.01604,0.02855,0.45964,0.26747,0.22835,0.05322,-0.03672,0.0755,-0.39412,-0.08176,0,-0.32728,-0.97623,0.07761,0.69697,0.09832,0.68477,0.05212,-0.62706,0.72523,0.01957,0.34487,0.37789,-1.96009,-0.10815,-0.30385,-0.19019,0.23313,0.00148,-0.02405,-0.05871,-0.02878,0.00818,-0.00741,-0.02858,-0.00883,-0.01288,-0.01515,-0.00715
29.32,-0.02944,0.01641,0.0315,0.4716,0.26059,0.23653,0.08088,-0.04147,0.05441,-0.46602,-0.11648,0,-0.4755,-1.39777,-0.00209,0.84848,0.1176,0.78293,0.08668,-0.74413,0.93532,0.02089,0.46937,0.48448,-2.42947,-0.15256,-0.29556,-0.19998,0.23764,0.00123,-0.02666,-0.05976,-0.02945,0.01974,-0.01682,-0.02226,-0.00979,-0.01726,-0.01557,-0.00708
29.34,-0.03139,0.01718,0.03476,0.47693,0.24937,0.24397,0.10709,-0.04244,0.03662,-0.52425,-0.14649,0,-0.57808,-1.78496,-0.06702,0.97998,0.13147,0.85095,0.11026,-0.8184,1.12078,0.02779,0.58636,0.56384,-2.76775,-0.17651,-0.28268,-0.21043,0.24073,0.00127,-0.029,-0.05997,-0.02968,0.03173,-0.0243,-0.01307,-0.0091,-0.02126,-0.01572,-0.00693
29.36,-0.03298,0.01839,0.03837,0.47565,0.23355,0.25056,0.13181,-0.03942,0.02309,-0.56839,-0.17019,0,-0.63608,-2.13291,-0.11545,1.08948,0.13873,0.8878,0.12108,-0.85041,1.27938,0.04191,0.69684,0.6147,-2.96309,-0.17904,-0.265,-0.22161,0.24192,0.00164,-0.03101,-0.05926,-0.02945,0.04399,-0.02915,-0.00034,-0.00665,-0.02488,-0.01558,-0.00669
29.38,-0.03422,0.02003,0.04234,0.46819,0.2134,0.2564,0.15498,-0.03254,0.01408,-0.59876,-0.18692,0,-0.65284,-2.43817,-0.14755,1.17594,0.13843,0.89616,0.11929,-0.84645,1.40936,0.06458,0.80253,0.63792,-3.01595,-0.16199,-0.24275,-0.23357,0.24162,0.00223,-0.03269,-0.05767,-0.02878,0.05632,-0.03099,0.01603,-0.0027,-0.02812,-0.01519,-0.00636
29.4,-0.0351,0.022,0.04663,0.45532,0.18975,0.26177,0.17628,-0.02227,0.00928,-0.61601,-0.19664,0,-0.63308,-2.69613,-0.16481,1.23828,0.12985,0.88159,0.10663,-0.81735,1.50832,0.09669,0.90492,0.63585,-2.93636,-0.1296,-0.21666,-0.24621,0.24096,0.00283,-0.03403,-0.05537,-0.02776,0.0684,-0.02977,0.03554,0.00218,-0.03098,-0.01461,-0.00596
29.42,-0.03559,0.02417,0.05113,0.43801,0.16384,0.26702,0.19521,-0.00922,0.00799,-0.62096,-0.19976,0,-0.58182,-2.90125,-0.16926,1.27517,0.11263,0.85088,0.08581,-0.77562,1.57369,0.1384,1.00476,0.61179,-2.74065,-0.08739,-0.18781,-0.25941,0.24128,0.00318,-0.03506,-0.05257,-0.02653,0.07985,-0.02561,0.05724,0.00718,-0.03343,-0.01392,-0.00552
29.44,-0.03568,0.02643,0.05577,0.41724,0.13692,0.27247,0.21128,0.0059,0.00929,-0.61453,-0.19701,0,-0.50322,-3.04936,-0.16275,1.28532,0.08695,0.80983,0.05965,-0.73158,1.60435,0.18885,1.10195,0.56945,-2.4484,-0.0407,-0.1574,-0.27314,0.2432,0.00313,-0.03575,-0.04943,-0.02516,0.09035,-0.01872,0.08,0.01153,-0.03541,-0.01319,-0.00504
29.46,-0.03536,0.02869,0.06045,0.39387,0.11012,0.27834,0.22409,0.02245,0.01214,-0.59783,-0.18933,0,-0.40016,-3.13893,-0.14642,1.26779,0.05389,0.76202,0.03059,-0.69081,1.6018,0.24577,1.19508,0.51283,-2.08161,0.00625,-0.12667,-0.28755,0.24611,0.00267,-0.03605,-0.04605,-0.0237,0.0997,-0.00932,0.10265,0.01455,-0.03686,-0.01247,-0.00456
29.48,-0.03462,0.03089,0.06505,0.36889,0.08464,0.28471,0.23322,0.03966,0.01537,-0.57227,-0.17798,0,-0.27481,-3.17049,-0.12071,1.22203,0.01569,0.70875,0.00077,-0.65384,1.5703,0.30493,1.28064,0.44655,-1.66698,0.05015,-0.09707,-0.30283,0.24798,0.00201,-0.03585,-0.04239,-0.02213,0.10773,0.00228,0.12384,0.01572,-0.03767,-0.01177,-0.00408
29.5,-0.0335,0.03297,0.06939,0.34346,0.06187,0.29142,0.23821,0.05661,0.01774,-0.53955,-0.16441,0,-0.12941,-3.14563,-0.08557,1.14799,-0.02422,0.64958,-0.02776,-0.61699,1.51639,0.36006,1.35262,0.37606,-1.23718,0.08829,-0.07047,-0.31915,0.24555,0.00152,-0.03501,-0.03842,-0.0204,0.11431,0.01566,0.14187,0.01463,-0.0377,-0.01106,-0.00361
29.52,-0.03199,0.03487,0.07324,0.31873,0.04315,0.29817,0.23855,0.07233,0.01807,-0.50146,-0.15009,0,0.03332,-3.06659,-0.04107,1.04624,-0.06196,0.58293,-0.0531,-0.5745,1.44745,0.4041,1.40376,0.30692,-0.8263,0.11834,-0.04874,-0.33649,0.23523,0.00163,-0.03339,-0.03403,-0.01842,0.11939,0.03019,0.15489,0.01099,-0.0368,-0.01032,-0.00318
29.54,-0.0301,0.03654,0.07639,0.29549,0.02933,0.30454,0.23389,0.08606,0.0156,-0.45942,-0.13608,0,0.21008,-2.93634,0.01177,0.91819,-0.0944,0.50682,-0.07379,-0.52134,1.36966,0.43126,1.4279,0.24352,-0.46146,0.13846,-0.0331,-0.35457,0.21438,0.00269,-0.03089,-0.02918,-0.01615,0.12324,0.04508,0.16119,0.00468,-0.03491,-0.00952,-0.00278
29.56,-0.02785,0.03797,0.07866,0.27392,0.02049,0.31004,0.2242,0.0974,0.01014,-0.41443,-0.12281,0,0.39618,-2.75922,0.0702,0.76682,-0.11989,0.41967,-0.08884,-0.45534,1.28687,0.43842,1.42161,0.18842,-0.1583,0.14726,-0.02367,-0.37275,0.18233,0.00482,-0.02752,-0.02387,-0.01357,0.12654,0.05933,0.15949,-0.00421,-0.03209,-0.00863,-0.00241
29.58,-0.02524,0.03913,0.0799,0.25375,0.01589,0.31406,0.20982,0.10624,0.00219,-0.3673,-0.11014,0,0.58403,-2.54225,0.12914,0.59786,-0.13827,0.32105,-0.09769,-0.37824,1.20095,0.42531,1.38447,0.14261,0.07781,0.14368,-0.01949,-0.38982,0.14082,0.00791,-0.02342,-0.0182,-0.01075,0.13044,0.07156,0.14891,-0.01527,-0.02855,-0.00761,-0.00205
29.6,-0.02232,0.03999,0.07994,0.23443,0.01419,0.31585,0.19153,0.11266,-0.00715,-0.31899,-0.0975,0,0.76214,-2.29587,0.18102,0.42044,-0.1505,0.2122,-0.10006,-0.29572,1.11245,0.39425,1.3188,0.10604,0.24848,0.12694,-0.01868,-0.40398,0.09391,0.01161,-0.0189,-0.01242,-0.0078,0.13638,0.08002,0.12904,-0.02776,-0.02467,-0.00647,-0.00167
29.62,-0.01912,0.04053,0.07865,0.21528,0.01375,0.31458,0.1703,0.11687,-0.0164,-0.27055,-0.08406,0,0.91665,-2.0321,0.21689,0.24538,-0.1582,0.09544,-0.09597,-0.21586,1.02093,0.34923,1.2287,0.07789,0.35972,0.09671,-0.01893,-0.41312,0.04686,0.01545,-0.01432,-0.00684,-0.00492,0.14581,0.08291,0.09995,-0.04069,-0.02089,-0.00521,-0.00124
29.64,-0.01567,0.0407,0.07595,0.19555,0.013,0.30948,0.147,0.11917,-0.02423,-0.22283,-0.06896,0,1.0344,-1.76129,0.22828,0.08208,-0.16319,-0.02699,-0.08585,-0.14671,0.92497,0.2949,1.11877,0.05663,0.41979,0.05342,-0.01812,-0.41538,0.0044,0.01906,-0.01,-0.00174,-0.00224,0.15973,0.07889,0.06228,-0.05296,-0.01761,-0.00384,-0.00075
29.66,-0.012,0.04048,0.07185,0.17451,0.01074,0.29997,0.12229,0.11996,-0.02966,-0.17642,-0.05148,0,1.1048,-1.49077,0.20856,-0.06313,-0.1671,-0.15336,-0.07074,-0.09471,0.82259,0.23604,0.99366,0.04019,0.43781,-0.00132,-0.01469,-0.40952,-0.03034,0.02224,-0.00616,0.00272,0.00013,0.17827,0.06752,0.0175,-0.06344,-0.01507,-0.00239,-0.00018
29.68,-0.00811,0.03982,0.06648,0.15169,0.00618,0.28573,0.09673,0.11967,-0.03213,-0.13199,-0.03121,0,1.11954,-1.22653,0.15327,-0.1862,-0.17127,-0.28157,-0.05236,-0.06484,0.71204,0.17782,0.85884,0.0261,0.42297,-0.06425,-0.00779,-0.39503,-0.05582,0.02501,-0.00291,0.00648,0.00215,0.2005,0.04938,-0.03173,-0.07088,-0.01339,-0.0009,0.00044
29.7,-0.00405,0.03868,0.06011,0.12694,-0.00104,0.26672,0.07099,0.11881,-0.03145,-0.0906,-0.00818,0,1.07214,-0.97513,0.06018,-0.28421,-0.17665,-0.40828,-0.03314,-0.06097,0.59253,0.12606,0.72123,0.01156,0.38424,-0.13031,0.00276,-0.37209,-0.07166,0.02752,-0.0003,0.00949,0.0038,0.22442,0.02608,-0.08141,-0.07384,-0.01255,0.00056,0.00109
29.72,0.00012,0.03705,0.05309,0.1004,-0.01097,0.24313,0.04578,0.11783,-0.02769,-0.05354,0.0173,0,0.95862,-0.74307,-0.07061,-0.35519,-0.18373,-0.52905,-0.01572,-0.08566,0.46414,0.0865,0.58819,-0.00682,0.32998,-0.19351,0.01671,-0.34129,-0.07807,0.02999,0.00164,0.01173,0.00506,0.24742,-0.0002,-0.12676,-0.07062,-0.01242,0.00189,0.00171
29.74,0.00434,0.03486,0.04572,0.07227,-0.02353,0.21515,0.02161,0.11709,-0.02118,-0.02176,0.04477,0,0.77919,-0.53456,-0.23655,-0.39866,-0.19233,-0.63918,-0.00217,-0.13951,0.32718,0.06338,0.46549,-0.03347,0.2675,-0.24851,0.03368,-0.3032,-0.0753,0.03258,0.00289,0.01319,0.00593,0.267,-0.02731,-0.16321,-0.0593,-0.01271,0.00296,0.00222
29.76,0.00862,0.03209,0.03825,0.04277,-0.03857,0.18303,-0.00119,0.1168,-0.01253,0.00435,0.07372,0,0.54017,-0.35063,-0.43177,-0.416,-0.20144,-0.7339,0.00642,-0.2204,0.18228,0.05857,0.35629,-0.07404,0.20314,-0.29146,0.05335,-0.2583,-0.0633,0.03533,0.00343,0.01383,0.00638,0.28127,-0.05348,-0.18706,-0.0378,-0.01299,0.00359,0.00251
29.78,0.01293,0.02871,0.03088,0.0123,-0.05577,0.14725,-0.02236,0.11699,-0.00266,0.02478,0.10337,0,0.25611,-0.19038,-0.64558,-0.41026,-0.20918,-0.8077,0.01003,-0.32283,0.03144,0.07139,0.26178,-0.13529,0.14267,-0.3199,0.07534,-0.2072,-0.04162,0.03809,0.00321,0.01357,0.00636,0.28887,-0.07718,-0.19534,-0.004,-0.01261,0.00357,0.00245
29.8,0.01721,0.02473,0.02382,-0.01831,-0.07458,0.10872,-0.04155,0.11755,0.00718,0.03975,0.13251,0,-0.04981,-0.05253,-0.86182,-0.38578,-0.21282,-0.85386,0.00952,-0.43779,-0.12109,0.09898,0.18211,-0.22421,0.09171,-0.33232,0.0991,-0.15098,-0.00961,0.04056,0.00217,0.01231,0.00581,0.28889,-0.09702,-0.1857,0.04414,-0.01079,0.00264,0.00188
29.82,0.02141,0.02021,0.01731,-0.04805,-0.09432,0.06859,-0.05832,0.11826,0.01563,0.04954,0.15975,0,-0.3503,0.064,-1.06178,-0.34748,-0.20949,-0.86578,0.00611,-0.55443,-0.26969,0.13707,0.11679,-0.34598,0.05501,-0.32818,0.124,-0.09099,0.03319,0.04233,0.00025,0.00996,0.00469,0.28074,-0.11205,-0.15657,0.10873,-0.0066,0.00053,0.00061
29.84,0.02547,0.01517,0.01147,-0.07608,-0.1145,0.02779,-0.07238,0.11888,0.02153,0.05462,0.18393,0,-0.62141,0.16034,-1.22932,-0.29991,-0.19715,-0.83951,0.00087,-0.66272,-0.40916,0.18109,0.06469,-0.50099,0.03531,-0.30806,0.14958,-0.02847,0.08651,0.04305,-0.00254,0.00652,0.00297,0.26421,-0.12232,-0.10772,0.19222,0.00094,-0.00306,-0.00155
29.86,0.02939,0.00967,0.00636,-0.10191,-0.13484,-0.01306,-0.08363,0.11917,0.02414,0.05562,0.20445,0,-0.84695,0.23759,-1.35388,-0.24687,-0.17536,-0.77556,-0.00575,-0.75495,-0.53565,0.22677,0.02415,-0.68217,0.03247,-0.27392,0.17556,0.03552,0.14875,0.04253,-0.00609,0.00209,0.00073,0.23948,-0.12929,-0.04079,0.29716,0.01281,-0.00836,-0.00475
29.88,0.03315,0.00376,0.00194,-0.12528,-0.15521,-0.05348,-0.09211,0.11892,0.02318,0.05336,0.2211,0,-1.01766,0.29611,-1.43016,-0.19168,-0.14559,-0.67984,-0.01393,-0.82539,-0.64583,0.26992,-0.00667,-0.87305,0.04335,-0.22942,0.20173,0.09964,0.2164,0.04076,-0.01015,-0.00302,-0.00189,0.20736,-0.13585,0.04013,0.42552,0.02986,-0.01553,-0.00912
29.9,0.03674,-0.00239,-0.00185,-0.14593,-0.17545,-0.09274,-0.09788,0.11793,0.01876,0.04877,0.2339,0,-1.12912,0.33507,-1.45685,-0.13754,-0.11113,-0.56325,-0.02437,-0.86955,-0.73595,0.30626,-0.0294,-1.04801,0.06231,-0.17978,0.22774,0.16188,0.28384,0.03787,-0.01431,-0.00833,-0.00462,0.16933,-0.14604,0.12831,0.57805,0.05273,-0.0246,-0.01469
29.92,0.04011,-0.00862,-0.00509,-0.16371,-0.19546,-0.1301,-0.10094,0.11605,0.01126,0.04279,0.24303,0,-1.18075,0.35303,-1.43572,-0.08739,-0.07615,-0.43909,-0.03803,-0.88445,-0.80206,0.33192,-0.04543,-1.17809,0.08265,-0.13077,0.25321,0.21995,0.3443,0.0341,-0.01811,-0.01324,-0.00715,0.12733,-0.16436,0.21551,0.75462,0.08169,-0.03532,-0.02138
29.94,0.04323,-0.01475,-0.00791,-0.17876,-0.21534,-0.16515,-0.10118,0.11313,0.00123,0.03627,0.24882,0,-1.17574,0.34932,-1.37123,-0.04347,-0.04428,-0.31907,-0.05573,-0.86952,-0.841,0.34451,-0.05612,-1.24038,0.09875,-0.08701,0.27801,0.27214,0.39157,0.02969,-0.02105,-0.0172,-0.00919,0.08331,-0.1947,0.29386,0.95513,0.11638,-0.04706,-0.02884
29.96,0.04605,-0.02069,-0.01049,-0.19164,-0.23551,-0.19798,-0.09835,0.10909,-0.01072,0.02984,0.25178,0,-1.12114,0.32503,-1.27062,-0.00717,-0.01777,-0.21097,-0.07786,-0.82736,-0.85103,0.34375,-0.06287,-1.22443,0.10751,-0.05096,0.30237,0.3177,0.42098,0.02483,-0.02276,-0.01978,-0.01049,0.03904,-0.23948,0.35688,1.1794,0.15561,-0.05866,-0.03644
29.98,0.04853,-0.02635,-0.01303,-0.20328,-0.25653,-0.22898,-0.09208,0.10391,-0.02377,0.02401,0.25253,0,-1.02817,0.28339,-1.14453,0.02069,0.00256,-0.11885,-0.1041,-0.76416,-0.8318,0.3317,-0.0671,-1.13374,0.10855,-0.02294,0.32675,0.35666,0.42944,0.0197,-0.02292,-0.02064,-0.01089,-0.00353,-0.29916,0.39926,1.42553,0.19695,-0.06828,-0.04316
30,0.05062,-0.0316,-0.01577,-0.21476,-0.27894,-0.25854,-0.08186,0.09767,-0.03692,0.01917,0.25179,0,-0.9118,0.2296,-1.00704,0.03957,0.01698,-0.0442,-0.13336,-0.68947,-0.78416,0.31242,-0.07031,-0.98411,0.10391,-0.00163,0.3516,0.38932,0.415,0.01449,-0.02128,-0.01956,-0.01026,-0.04202,-0.37209,0.41636,1.68855,0.23667,-0.07346,-0.04761
30.02,0.05222,-0.03632,-0.01889,-0.22714,-0.30332,-0.28694,-0.06706,0.09044,-0.04906,0.0157,0.2502,0,-0.78839,0.16978,-0.87341,0.04913,0.0264,0.01326,-0.16411,-0.61445,-0.70995,0.29116,-0.07454,-0.79792,0.09694,0.01527,0.37745,0.4161,0.37668,0.00935,-0.01768,-0.01636,-0.00853,-0.07381,-0.45503,0.40459,1.96129,0.27056,-0.07171,-0.04835
30.04,0.05329,-0.04039,-0.02258,-0.24111,-0.33031,-0.3143,-0.04691,0.0821,-0.05923,0.01398,0.2482,0,-0.67206,0.10937,-0.75637,0.04926,0.03194,0.0549,-0.19481,-0.54923,-0.61201,0.27326,-0.08317,-0.59605,0.09083,0.03031,0.40502,0.4374,0.31426,0.00435,-0.01203,-0.01096,-0.00564,-0.09652,-0.544,0.36228,2.23664,0.29516,-0.06135,-0.04439
30.06,0.05385,-0.04376,-0.02692,-0.25678,-0.36063,-0.34046,-0.0206,0.07235,-0.06679,0.01446,0.24594,0,-0.5726,0.05225,-0.6639,0.04023,0.03461,0.08269,-0.22421,-0.50125,-0.49454,0.26332,-0.10135,-0.39315,0.08765,0.04565,0.43525,0.45351,0.22849,-0.00052,-0.00439,-0.00336,-0.0016,-0.10826,-0.63464,0.29054,2.50817,0.3087,-0.04219,-0.03555
30.08,0.05396,-0.04642,-0.03194,-0.27346,-0.39483,-0.36481,0.01257,0.06064,-0.07132,0.01766,0.24326,0,-0.49579,0.00096,-0.59949,0.02272,0.03521,0.09874,-0.25118,-0.4753,-0.364,0.26518,-0.13606,-0.19783,0.08811,0.06286,0.46908,0.46446,0.12171,-0.00539,0.00499,0.00631,0.00349,-0.10762,-0.72154,0.19393,2.76825,0.31113,-0.01578,-0.0226
30.1,0.05374,-0.04835,-0.03751,-0.28975,-0.43295,-0.38613,0.05282,0.04639,-0.07263,0.02405,0.23968,0,-0.44414,-0.0428,-0.56299,-0.00223,0.03429,0.10507,-0.27443,-0.47398,-0.22949,0.28193,-0.19578,-0.01464,0.09162,0.08282,0.50705,0.46992,-0.00177,-0.01041,0.01563,0.01769,0.00944,-0.09365,-0.79788,0.08042,3.00627,0.30382,0.01463,-0.00723
30.12,0.0533,-0.04955,-0.04343,-0.30404,-0.47399,-0.40309,0.09928,0.02913,-0.0707,0.03372,0.23449,0,-0.41693,-0.07797,-0.55099,-0.0336,0.03221,0.10342,-0.2924,-0.4977,-0.1012,0.31573,-0.28978,0.15438,0.09646,0.10564,0.54858,0.46954,-0.13609,-0.01565,0.02687,0.0303,0.01598,-0.06642,-0.8562,-0.04006,3.20976,0.28897,0.04501,0.00846
30.14,0.05273,-0.05008,-0.04949,-0.31539,-0.51524,-0.415,0.14926,0.0088,-0.06574,0.04576,0.22669,0,-0.4095,-0.10409,-0.55673,-0.07084,0.02931,0.09518,-0.30319,-0.54455,0.01248,0.36734,-0.42697,0.30844,0.0999,0.13081,0.59106,0.4635,-0.27494,-0.02107,0.03804,0.04355,0.0228,-0.02791,-0.89029,-0.15818,3.36739,0.26886,0.07184,0.02261
30.16,0.05201,-0.05009,-0.0555,-0.32406,-0.55173,-0.42235,0.19751,-0.0141,-0.05821,0.05783,0.21506,0,-0.41283,-0.12127,-0.57,-0.11415,0.02591,0.08145,-0.30457,-0.60984,0.10658,0.43562,-0.6146,0.44677,0.09839,0.15713,0.62904,0.45291,-0.41176,-0.02637,0.0485,0.05674,0.02954,0.01717,-0.8963,-0.2665,3.47065,0.24537,0.0929,0.03402
30.18,0.05104,-0.04982,-0.06126,-0.33162,-0.57574,-0.42681,0.23564,-0.03815,-0.04896,0.06594,0.19825,0,-0.41339,-0.13,-0.57697,-0.16419,0.02245,0.06308,-0.29387,-0.68559,0.17913,0.51694,-0.85671,0.56707,0.08747,0.18245,0.65375,0.44004,-0.53876,-0.03097,0.05754,0.06899,0.03576,0.06087,-0.87286,-0.35898,3.51326,0.22009,0.10732,0.0422
30.2,0.04965,-0.04957,-0.06651,-0.34066,-0.57718,-0.43106,0.2525,-0.06111,-0.03914,0.06478,0.17492,0,-0.39394,-0.13092,-0.56093,-0.2217,0.01941,0.04081,-0.26815,-0.7607,0.23024,0.60512,-1.15306,0.66483,0.06209,0.20372,0.65352,0.42812,-0.64632,-0.03403,0.06438,0.0792,0.04092,0.09234,-0.82083,-0.43016,3.49033,0.19443,0.1153,0.04718
30.22,0.04763,-0.04966,-0.07099,-0.35406,-0.54607,-0.43791,0.23694,-0.08049,-0.03008,0.04904,0.14398,0,-0.33649,-0.12475,-0.50495,-0.28712,0.01729,0.01516,-0.22506,-0.82317,0.26129,0.69285,-1.5,0.73469,0.01753,0.2176,0.61673,0.42058,-0.7246,-0.03463,0.06827,0.08622,0.04445,0.10052,-0.74262,-0.47545,3.39865,0.16957,0.11769,0.04935
30.24,0.04481,-0.0503,-0.07456,-0.37389,-0.47647,-0.44929,0.1822,-0.0945,-0.02296,0.01562,0.10494,0,-0.22674,-0.11216,-0.39616,-0.36026,0.01646,-0.01359,-0.16412,-0.86366,0.27434,0.77407,-1.8922,0.77317,-0.04919,0.22154,0.53626,0.4199,-0.76666,-0.03215,0.06873,0.08927,0.046,0.07817,-0.64145,-0.49209,3.23806,0.14626,0.11557,0.04921
30.26,0.04107,-0.05156,-0.07723,-0.40066,-0.36945,-0.46546,0.08914,-0.10276,-0.01864,-0.03473,0.05831,0,-0.05759,-0.09383,-0.22904,-0.43973,0.01704,-0.04537,-0.08778,-0.87784,0.27175,0.84539,-2.32251,0.78047,-0.13801,0.21455,0.41302,0.42677,-0.77053,-0.02651,0.06576,0.0882,0.04547,0.02482,-0.52122,-0.47984,3.01304,0.12475,0.10996,0.04728
30.28,0.03643,-0.05328,-0.07917,-0.43286,-0.23458,-0.48465,-0.03226,-0.10631,-0.01767,-0.09673,0.00602,0,0.16889,-0.07055,-0.00738,-0.52228,0.01891,-0.0801,-0.00231,-0.8668,0.25605,0.90584,-2.77878,0.76084,-0.2449,0.19742,0.25761,0.43986,-0.73959,-0.01828,0.05983,0.08353,0.04314,-0.05212,-0.38732,-0.4412,2.73459,0.10494,0.10176,0.04401
30.3,0.03102,-0.05517,-0.0807,-0.46712,-0.08945,-0.50327,-0.16363,-0.10742,-0.02031,-0.16083,-0.04846,0,0.44129,-0.04332,0.2556,-0.60248,0.02173,-0.1174,0.08228,-0.83631,0.22984,0.95615,-3.24162,0.72186,-0.36183,0.17253,0.08978,0.456,-0.68183,-0.0086,0.05189,0.07638,0.03956,-0.13814,-0.24721,-0.38107,2.42076,0.08659,0.09178,0.03986
30.32,0.02499,-0.05682,-0.08212,-0.49912,0.04481,-0.51683,-0.2828,-0.10892,-0.02654,-0.21564,-0.10085,0,0.74231,-0.01351,0.54077,-0.67372,0.02503,-0.15646,0.15433,-0.7948,0.19569,0.99807,-3.68775,0.67251,-0.4785,0.14317,-0.06664,0.47109,-0.60759,0.00108,0.0431,0.06818,0.03544,-0.21565,-0.10928,-0.30592,2.09298,0.0694,0.08075,0.03521
30.34,0.01848,-0.05787,-0.08371,-0.52507,0.15036,-0.52146,-0.37096,-0.11325,-0.03602,-0.25172,-0.14744,0,1.05434,0.01719,0.82869,-0.73007,0.02835,-0.19599,0.20402,-0.75052,0.15596,1.03381,-4.09681,0.62047,-0.58539,0.11251,-0.19154,0.48134,-0.52652,0.00955,0.03445,0.06021,0.0314,-0.26997,0.01922,-0.22245,1.76991,0.05309,0.0693,0.0304
30.36,0.01149,-0.05808,-0.08559,-0.54272,0.21711,-0.51492,-0.41725,-0.12189,-0.04803,-0.26404,-0.18577,0,1.36213,0.04655,1.10255,-0.76742,0.03133,-0.23402,0.22558,-0.70986,0.11288,1.06556,-4.45475,0.57048,-0.67553,0.08303,-0.27356,0.48413,-0.44572,0.01607,0.02655,0.05337,0.02787,-0.29333,0.13324,-0.13706,1.46424,0.03739,0.05797,0.02571
30.38,0.00394,-0.05735,-0.08772,-0.55144,0.24323,-0.49687,-0.41957,-0.13511,-0.06134,-0.25244,-0.21457,0,1.65126,0.07159,1.34677,-0.78339,0.03372,-0.26758,0.21761,-0.67713,0.06882,1.09508,-4.75189,0.52427,-0.74416,0.05659,-0.31069,0.4782,-0.36991,0.02045,0.01966,0.04812,0.02508,-0.28564,0.22929,-0.05631,1.18424,0.02229,0.04729,0.0214
30.4,-0.00426,-0.05571,-0.08986,-0.55188,0.23379,-0.46872,-0.38321,-0.15204,-0.07427,-0.22104,-0.23335,0,1.9062,0.0885,1.54536,-0.77701,0.03531,-0.29262,0.18256,-0.65508,0.0266,1.12355,-4.9798,0.48121,-0.78792,0.03465,-0.30861,0.46348,-0.3021,0.0229,0.01374,0.04462,0.0231,-0.2534,0.30453,0.01269,0.93622,0.00805,0.03788,0.01772
30.42,-0.01317,-0.05325,-0.09171,-0.54541,0.19798,-0.43292,-0.31799,-0.17109,-0.08486,-0.17653,-0.24221,0,2.11215,0.09328,1.68366,-0.7488,0.03597,-0.30493,0.12551,-0.64536,-0.01091,1.15162,-5.13061,0.43928,-0.80467,0.01817,-0.27762,0.44076,-0.24387,0.02394,0.0086,0.04274,0.02185,-0.20687,0.35686,0.06334,0.72473,-0.00487,0.03031,0.0149
30.44,-0.02282,-0.05011,-0.09294,-0.53351,0.14562,-0.39199,-0.23432,-0.1906,-0.09141,-0.12583,-0.24181,0,2.25931,0.0829,1.75232,-0.70115,0.03551,-0.30163,0.05285,-0.64903,-0.04136,1.17977,-5.1979,0.39624,-0.79361,0.00737,-0.22873,0.41124,-0.19529,0.02423,0.004,0.04219,0.0212,-0.15609,0.38559,0.09147,0.55133,-0.01605,0.02495,0.01308
30.46,-0.03313,-0.04637,-0.09328,-0.51728,0.08501,-0.34805,-0.14101,-0.20921,-0.09273,-0.07477,-0.23333,0,2.34551,0.05608,1.75012,-0.63882,0.03378,-0.28231,-0.02847,-0.66685,-0.06335,1.20848,-5.17747,0.35053,-0.75559,0.00152,-0.17124,0.3763,-0.15509,0.02441,-0.00019,0.04254,0.02095,-0.10839,0.39199,0.09664,0.41414,-0.0252,0.02183,0.01223
30.48,-0.04383,-0.04214,-0.09255,-0.49748,0.02275,-0.30293,-0.04523,-0.22584,-0.08821,-0.02805,-0.21848,0,2.37596,0.01371,1.68437,-0.56946,0.0306,-0.24935,-0.11052,-0.69924,-0.07629,1.23804,-5.06724,0.30191,-0.69334,-0.00103,-0.11244,0.33775,-0.121,0.02516,-0.00398,0.04325,0.02086,-0.0681,0.3792,0.08242,0.30896,-0.03219,0.02061,0.01217
30.5,-0.05443,-0.03752,-0.09063,-0.47462,-0.03577,-0.25854,0.04678,-0.23949,-0.07776,0.01037,-0.19952,0,2.36167,-0.04127,1.56975,-0.5036,0.0258,-0.20775,-0.18412,-0.74618,-0.08021,1.26824,-4.86715,0.25158,-0.61148,-0.00259,-0.05809,0.29792,-0.09024,0.0271,-0.00724,0.0437,0.02067,-0.03708,0.35193,0.05572,0.23058,-0.03689,0.02072,0.01259
30.52,-0.06431,-0.03268,-0.08747,-0.44898,-0.08637,-0.21667,0.12975,-0.24933,-0.06173,0.03743,-0.17877,0,2.31654,-0.10473,1.4246,-0.45284,0.01926,-0.16394,-0.24019,-0.8069,-0.07568,1.29831,-4.57917,0.20171,-0.51579,-0.0056,-0.01247,0.2593,-0.06029,0.03073,-0.00973,0.04327,0.02012,-0.01547,0.31557,0.02505,0.1736,-0.03924,0.02143,0.01315
30.54,-0.07294,-0.02773,-0.08305,-0.42054,-0.12638,-0.17868,0.20004,-0.25478,-0.04085,0.05146,-0.15809,0,2.25378,-0.17266,1.26581,-0.42706,0.011,-0.12398,-0.27208,-0.87955,-0.06383,1.32669,-4.20764,0.15441,-0.41215,-0.01168,0.0218,0.22378,-0.02973,0.03627,-0.01129,0.04156,0.01907,-0.0023,0.27504,-0.00212,0.13275,-0.03925,0.02208,0.01352
30.56,-0.07997,-0.02281,-0.07745,-0.38902,-0.15468,-0.14529,0.25575,-0.25564,-0.01627,0.05248,-0.13856,0,2.18377,-0.24183,1.10588,-0.43239,0.00124,-0.09259,-0.27713,-0.96068,-0.04646,1.35096,-3.76103,0.11125,-0.30614,-0.0211,0.04381,0.19227,0.0011,0.04355,-0.01186,0.03846,0.01746,0.00388,0.23411,-0.02094,0.10321,-0.0371,0.0222,0.01348
30.58,-0.08524,-0.01806,-0.07084,-0.35414,-0.17145,-0.11686,0.29632,-0.25205,0.01027,0.04225,-0.12049,-0,2.11398,-0.30945,0.95342,-0.47084,-0.0095,-0.07302,-0.25693,-1.0445,-0.02619,1.36754,-3.25543,0.07343,-0.2037,-0.03253,0.05418,0.16488,0.02962,0.0519,-0.01151,0.03425,0.01542,0.00488,0.19559,-0.02947,0.08097,-0.03311,0.02154,0.01292
30.6,-0.08869,-0.0137,-0.0635,-0.31584,-0.17787,-0.09361,0.32199,-0.24443,0.03638,0.02401,-0.1037,-0,2.0496,-0.37265,0.81436,-0.54072,-0.02035,-0.06745,-0.21682,-1.12268,-0.00638,1.3717,-2.71642,0.04211,-0.11173,-0.0432,0.05466,0.14119,0.05121,0.06021,-0.01046,0.02952,0.01321,0.00269,0.16161,-0.02825,0.06304,-0.02778,0.02002,0.01185
30.62,-0.09034,-0.00997,-0.05582,-0.27417,-0.17561,-0.07565,0.33355,-0.23341,0.05936,0.0017,-0.08773,-0,1.99404,-0.42836,0.69245,-0.63803,-0.02995,-0.07694,-0.1643,-1.18559,0.00935,1.35823,-2.17421,0.01831,-0.03703,-0.0497,0.04762,0.12051,0.06051,0.06719,-0.00895,0.02502,0.01116,-0.00076,0.13372,-0.0193,0.04741,-0.02163,0.01769,0.01031
30.64,-0.09029,-0.00701,-0.04809,-0.22913,-0.16643,-0.06279,0.33221,-0.2196,0.0769,-0.02118,-0.07216,0,1.94935,-0.47357,0.58897,-0.7583,-0.03648,-0.10133,-0.10693,-1.22467,0.01804,1.32267,-1.65466,0.00254,0.0156,-0.04932,0.03531,0.1021,0.05358,0.07179,-0.00722,0.02133,0.00951,-0.00402,0.11269,-0.00482,0.03277,-0.01513,0.01463,0.00839
30.66,-0.08875,-0.00489,-0.04049,-0.18062,-0.15186,-0.05444,0.3197,-0.20359,0.08749,-0.04218,-0.05685,0,1.91655,-0.50536,0.50285,-0.89745,-0.03752,-0.13901,-0.05114,-1.23389,0.01797,1.26225,-1.17482,-0.00542,0.04466,-0.04084,0.01951,0.08534,0.02944,0.07349,-0.00547,0.01872,0.00837,-0.00626,0.09852,0.01368,0.01832,-0.00855,0.01086,0.00612
30.68,-0.08602,-0.00354,-0.03314,-0.12883,-0.1333,-0.04968,0.29824,-0.18599,0.09041,-0.05995,-0.04209,0,1.89606,-0.52062,0.43144,-1.05102,-0.03009,-0.18661,-0.00229,-1.20997,0.00876,1.17654,-0.74549,-0.00652,0.05195,-0.02485,0.00153,0.06991,-0.00941,0.07237,-0.00379,0.01709,0.00768,-0.0074,0.09056,0.03541,0.0039,-0.00208,0.00638,0.00352
30.7,-0.08249,-0.00281,-0.02613,-0.07452,-0.11204,-0.04733,0.27054,-0.16759,0.08557,-0.074,-0.0287,0,1.88797,-0.51586,0.37136,-1.21333,-0.01052,-0.23909,0.03497,-1.15203,-0.00876,1.06755,-0.37512,-0.00226,0.04191,-0.00359,-0.0177,0.05587,-0.05732,0.069,-0.00227,0.01603,0.00722,-0.00793,0.08765,0.06013,-0.01001,0.00419,0.0012,0.00062
30.72,-0.07861,-0.00253,-0.01953,-0.01883,-0.08919,-0.04621,0.23946,-0.14918,0.07337,-0.08442,-0.01776,0,1.89218,-0.4877,0.31916,-1.37798,0.0257,-0.29081,0.0569,-1.0609,-0.033,0.93874,-0.07004,0.00564,0.02035,0.01984,-0.03756,0.04353,-0.10715,0.06425,-0.00093,0.015,0.00676,-0.00873,0.08836,0.08763,-0.02253,0.0102,-0.00464,-0.00255
30.74,-0.07475,-0.00252,-0.01339,0.03719,-0.06561,-0.04527,0.20739,-0.13141,0.05446,-0.09157,-0.01028,0,1.90828,-0.43378,0.27178,-1.53934,0.08412,-0.33736,0.06139,-0.93828,-0.06225,0.79343,0.16762,0.01561,-0.00719,0.04255,-0.05774,0.03309,-0.15278,0.05894,0.00022,0.01352,0.00605,-0.01068,0.09119,0.11725,-0.03286,0.01588,-0.01104,-0.00592
30.76,-0.07116,-0.00266,-0.00771,0.09277,-0.04179,-0.04374,0.17608,-0.11466,0.02976,-0.09591,-0.00687,0,1.93544,-0.35367,0.22701,-1.69295,0.17116,-0.37663,0.04846,-0.78673,-0.09494,0.63425,0.34084,0.02645,-0.03647,0.06251,-0.07815,0.02446,-0.19069,0.05372,0.0012,0.01132,0.00499,-0.01439,0.09465,0.1473,-0.04054,0.02115,-0.01776,-0.00939
30.78,-0.06803,-0.00284,-0.00247,0.147,-0.01811,-0.0412,0.14672,-0.09914,0.00058,-0.09787,-0.00775,0,1.97218,-0.24954,0.18395,-1.8344,0.29361,-0.40876,0.02036,-0.61067,-0.12952,0.4641,0.45638,0.03732,-0.06459,0.07863,-0.09879,0.01727,-0.22005,0.04898,0.00204,0.00839,0.00359,-0.02014,0.09733,0.17476,-0.04547,0.02587,-0.0244,-0.01275
30.8,-0.06546,-0.00301,0.00228,0.19851,0.00503,-0.03756,0.12026,-0.08505,-0.03127,-0.09785,-0.01284,0,2.01625,-0.12645,0.14321,-1.95835,0.45772,-0.43563,-0.01857,-0.4171,-0.16426,0.28716,0.52289,0.04763,-0.0897,0.09048,-0.11954,0.01102,-0.2421,0.04497,0.00277,0.00497,0.00197,-0.02785,0.09786,0.19533,-0.04783,0.02979,-0.03035,-0.01573
30.82,-0.06349,-0.00317,0.0065,0.24566,0.02722,-0.03294,0.09738,-0.07254,-0.06376,-0.0961,-0.02185,0,2.06479,0.00885,0.10632,-2.05889,0.66784,-0.46014,-0.06306,-0.21432,-0.19746,0.1082,0.54969,0.05696,-0.11078,0.09812,-0.14018,0.00519,-0.25899,0.04176,0.00343,0.00139,0.00033,-0.03722,0.09509,0.20444,-0.048,0.03263,-0.03496,-0.01803
30.84,-0.06213,-0.00332,0.01016,0.28716,0.0482,-0.02755,0.0784,-0.06159,-0.09514,-0.09279,-0.03449,0,2.11454,0.14978,0.07468,-2.13097,0.9248,-0.48535,-0.10837,-0.00949,-0.22791,-0.06912,0.54585,0.06498,-0.12739,0.1019,-0.16049,-0.00055,-0.27235,0.03931,0.00405,-0.00206,-0.00119,-0.04789,0.08833,0.19897,-0.04649,0.03422,-0.03776,-0.01943
30.86,-0.06129,-0.00347,0.01328,0.32237,0.06785,-0.0216,0.06325,-0.05197,-0.12419,-0.08795,-0.05046,0,2.16195,0.29084,0.04889,-2.17123,1.22373,-0.51382,-0.15126,0.19241,-0.2551,-0.24285,0.51984,0.07137,-0.13953,0.10233,-0.18019,-0.00619,-0.28228,0.03741,0.00463,-0.00531,-0.00256,-0.05947,0.07761,0.17849,-0.04392,0.03454,-0.03861,-0.01987
30.88,-0.06085,-0.00367,0.01593,0.35106,0.08611,-0.01534,0.05158,-0.04333,-0.15005,-0.08152,-0.06943,0,2.20272,0.42669,0.02884,-2.17777,1.55142,-0.54723,-0.18985,0.38724,-0.27904,-0.41158,0.47948,0.07577,-0.14747,0.10005,-0.19882,-0.01128,-0.28691,0.03577,0.00516,-0.00849,-0.00386,-0.0715,0.0637,0.14566,-0.04102,0.03378,-0.03772,-0.01947
30.9,-0.06065,-0.00396,0.01818,0.37314,0.10278,-0.00907,0.04293,-0.03526,-0.17197,-0.0734,-0.09089,0,2.23166,0.55132,0.01392,-2.14973,1.88546,-0.58624,-0.22321,0.57034,-0.30005,-0.57312,0.432,0.07772,-0.15157,0.09576,-0.21563,-0.01501,-0.28272,0.03399,0.00562,-0.01188,-0.00524,-0.08341,0.04817,0.10592,-0.03861,0.03229,-0.03562,-0.01849
30.92,-0.0605,-0.00436,0.02011,0.38856,0.11756,-0.00311,0.0368,-0.02738,-0.18933,-0.06351,-0.11421,0,2.24335,0.65876,0.00326,-2.08709,2.19909,-0.63057,-0.25103,0.73677,-0.31863,-0.72457,0.38378,0.07679,-0.15211,0.0902,-0.22973,-0.01644,-0.26567,0.03168,0.00596,-0.0158,-0.0069,-0.09456,0.0329,0.06599,-0.03749,0.03047,-0.03297,-0.01724
30.94,-0.06026,-0.00491,0.02177,0.39748,0.13022,0.00231,0.03276,-0.01938,-0.20177,-0.05185,-0.13877,0,2.23334,0.74485,-0.00414,-1.99085,2.46959,-0.67934,-0.27338,0.88287,-0.33544,-0.86328,0.33989,0.07273,-0.14907,0.08403,-0.24039,-0.01491,-0.23299,0.02853,0.00614,-0.02048,-0.00898,-0.10442,0.01947,0.03161,-0.0382,0.02868,-0.03036,-0.01601
30.96,-0.05981,-0.00558,0.02323,0.40027,0.14064,0.00707,0.03051,-0.0111,-0.2092,-0.03858,-0.16396,0,2.19906,0.80821,-0.00936,-1.86354,2.68318,-0.73103,-0.29046,1.00681,-0.35126,-0.98705,0.30388,0.06564,-0.142,0.07787,-0.24728,-0.01037,-0.18462,0.02444,0.00614,-0.02591,-0.0115,-0.11266,0.00869,0.00608,-0.04088,0.02713,-0.02815,-0.01497
30.98,-0.05911,-0.00633,0.02453,0.39751,0.14872,0.01118,0.02986,-0.00259,-0.21182,-0.02417,-0.189,0,2.14028,0.84995,-0.01344,-1.71019,2.83458,-0.78318,-0.3024,1.10773,-0.36687,-1.09324,0.27806,0.05606,-0.13005,0.07225,-0.25044,-0.00348,-0.12383,0.01949,0.00596,-0.03181,-0.01431,-0.11913,0.00067,-0.0099,-0.04522,0.02587,-0.02645,-0.01417
31,-0.05817,-0.00706,0.02567,0.38994,0.15434,0.0147,0.0308,0.00581,-0.20996,-0.00941,-0.2128,0,2.059,0.87286,-0.0173,-1.53875,2.92443,-0.83211,-0.3091,1.18473,-0.38284,-1.17793,0.26386,0.04491,-0.11209,0.06772,-0.25016,0.00447,-0.05712,0.01403,0.00559,-0.03761,-0.01713,-0.12375,-0.00511,-0.01774,-0.0505,0.02483,-0.02517,-0.01356
31.02,-0.05702,-0.00768,0.02666,0.3783,0.15735,0.01772,0.03338,0.01365,-0.20403,0.00474,-0.23408,0,1.9585,0.88052,-0.02178,-1.35848,2.95678,-0.87348,-0.31033,1.23684,-0.39944,-1.23671,0.26207,0.03334,-0.0871,0.0647,-0.24687,0.0119,0.00746,0.0085,0.00506,-0.04258,-0.0196,-0.12648,-0.00947,-0.02015,-0.05575,0.02388,-0.02408,-0.01302
31.04,-0.05572,-0.00809,0.02746,0.36318,0.15763,0.0203,0.03764,0.0205,-0.19441,0.01744,-0.25179,0,1.84191,0.87633,-0.0275,-1.17709,2.9366,-0.90338,-0.30583,1.26361,-0.41647,-1.26644,0.27297,0.02234,-0.05482,0.06341,-0.24097,0.01745,0.06295,0.0033,0.0044,-0.04613,-0.02142,-0.12736,-0.01326,-0.02002,-0.06009,0.02285,-0.02295,-0.01245
31.06,-0.05428,-0.00824,0.02807,0.34504,0.15518,0.0225,0.04344,0.02606,-0.18142,0.02817,-0.26526,0,1.71165,0.86294,-0.03487,-0.99936,2.86842,-0.919,-0.29549,1.2656,-0.43313,-1.26643,0.29635,0.01255,-0.01623,0.06367,-0.23278,0.02029,0.10508,-0.0013,0.00365,-0.0479,-0.02239,-0.12646,-0.01712,-0.01967,-0.06288,0.02164,-0.02157,-0.01173
31.08,-0.0527,-0.00812,0.02849,0.32424,0.15011,0.02433,0.05047,0.03018,-0.16545,0.03669,-0.27413,0,1.57024,0.84215,-0.04402,-0.82818,2.75619,-0.9186,-0.27943,1.24434,-0.44782,-1.23869,0.33141,0.00432,0.02603,0.06496,-0.22252,0.02023,0.13233,-0.00517,0.00284,-0.04784,-0.02248,-0.12393,-0.02141,-0.02067,-0.06373,0.02019,-0.01984,-0.01082
31.1,-0.05099,-0.00776,0.0287,0.30125,0.14268,0.02571,0.05818,0.03277,-0.14701,0.04292,-0.27826,0,1.4211,0.81506,-0.05474,-0.66593,2.60341,-0.90122,-0.25807,1.20214,-0.45819,-1.18749,0.37662,-0.00224,0.06764,0.06644,-0.21044,0.01758,0.14539,-0.00828,0.00204,-0.04611,-0.02175,-0.11999,-0.02617,-0.02389,-0.0625,0.01852,-0.01773,-0.00969
31.12,-0.04915,-0.00721,0.02871,0.27654,0.1332,0.02655,0.06589,0.0338,-0.12666,0.04689,-0.27763,0,1.26816,0.78217,-0.06657,-0.51463,2.4119,-0.86594,-0.23211,1.14165,-0.46153,-1.11828,0.4298,-0.00714,0.10357,0.06716,-0.19677,0.01299,0.14637,-0.01063,0.00131,-0.04303,-0.02034,-0.11484,-0.03125,-0.02964,-0.05919,0.01666,-0.01528,-0.00838
31.14,-0.04717,-0.00654,0.0285,0.25053,0.122,0.02675,0.07296,0.03333,-0.10494,0.04879,-0.27235,0,1.11465,0.74369,-0.07885,-0.37542,2.17992,-0.81112,-0.20246,1.0654,-0.45559,-1.03618,0.48834,-0.0105,0.12972,0.0664,-0.18168,0.00722,0.13791,-0.01229,0.00071,-0.03896,-0.01842,-0.10868,-0.03638,-0.03781,-0.05397,0.0147,-0.01255,-0.00691
31.16,-0.04505,-0.00578,0.02807,0.22356,0.10938,0.02625,0.07889,0.03146,-0.08231,0.0489,-0.26271,0,0.96288,0.69977,-0.09077,-0.24844,1.90178,-0.73403,-0.17037,0.97574,-0.43912,-0.94533,0.54909,-0.01249,0.1439,0.06383,-0.16536,0.00094,0.12269,-0.01329,0.00026,-0.03421,-0.01615,-0.10162,-0.04131,-0.04801,-0.04711,0.01266,-0.00962,-0.00532
31.18,-0.04279,-0.00498,0.02744,0.19612,0.09573,0.02504,0.08325,0.02842,-0.05938,0.04766,-0.24921,0,0.81525,0.65091,-0.10132,-0.13396,1.56969,-0.63129,-0.13767,0.87544,-0.41212,-0.84929,0.60786,-0.0133,0.14598,0.05963,-0.14811,-0.00523,0.10339,-0.0137,-5e-05,-0.02911,-0.01369,-0.09382,-0.04573,-0.05952,-0.03906,0.01062,-0.00656,-0.00367
31.2,-0.04042,-0.00419,0.02662,0.169,0.08161,0.02315,0.08568,0.0245,-0.03698,0.04557,-0.23261,0,0.67524,0.59822,-0.10919,-0.03317,1.17528,-0.49921,-0.10686,0.76823,-0.37577,-0.75166,0.65919,-0.01313,0.13755,0.05442,-0.13044,-0.01067,0.08265,-0.01357,-0.00024,-0.02395,-0.0112,-0.08543,-0.04931,-0.07122,-0.03045,0.00863,-0.00353,-0.00204
31.22,-0.03798,-0.00346,0.02565,0.14315,0.0676,0.02066,0.08587,0.02004,-0.01608,0.04316,-0.21381,0,0.54687,0.54318,-0.11308,0.05208,0.70816,-0.33314,-0.08078,0.65823,-0.33201,-0.65583,0.6969,-0.01217,0.12115,0.04905,-0.11299,-0.01484,0.06295,-0.01291,-0.00032,-0.01906,-0.00885,-0.07666,-0.05168,-0.08188,-0.02199,0.00678,-0.00069,-0.00053
31.24,-0.03551,-0.00281,0.02455,0.11933,0.0542,0.01764,0.08368,0.01535,0.00253,0.04085,-0.19368,0,0.43305,0.48717,-0.11211,0.1205,0.15284,-0.12642,-0.06181,0.54881,-0.28286,-0.56416,0.71534,-0.01058,0.09933,0.0443,-0.09627,-0.01738,0.04611,-0.01177,-0.00035,-0.01467,-0.00677,-0.06765,-0.05258,-0.09048,-0.01427,0.00513,0.00184,0.0008
31.26,-0.03302,-0.00225,0.02335,0.09795,0.0417,0.01419,0.07912,0.01063,0.01841,0.03889,-0.17294,0,0.33479,0.43132,-0.10613,0.17197,-0.51134,0.12963,-0.05145,0.44218,-0.23009,-0.4777,0.71019,-0.00854,0.07404,0.04067,-0.08059,-0.01815,0.03312,-0.01019,-0.00034,-0.0109,-0.00502,-0.05849,-0.05192,-0.09643,-0.00767,0.0037,0.00396,0.0019
31.28,-0.03054,-0.0018,0.02206,0.07922,0.03028,0.01044,0.07245,0.00604,0.03134,0.03736,-0.15238,0,0.25186,0.37683,-0.09585,0.20728,-1.30582,0.44401,-0.05029,0.34006,-0.17554,-0.39686,0.67863,-0.00624,0.04671,0.03834,-0.06613,-0.01724,0.02418,-0.00825,-0.00031,-0.0078,-0.00363,-0.0493,-0.04978,-0.0996,-0.00239,0.00252,0.00563,0.00273
31.3,-0.02809,-0.00142,0.02074,0.06328,0.02009,0.00659,0.06416,0.00171,0.0412,0.0362,-0.13291,0,0.18356,0.32541,-0.08274,0.2276,-2.24599,0.82336,-0.05816,0.24445,-0.12146,-0.322,0.61919,-0.0039,0.01843,0.03724,-0.0531,-0.01494,0.0189,-0.00605,-0.00029,-0.00537,-0.00257,-0.04023,-0.04641,-0.10019,0.0015,0.00158,0.00681,0.00329
31.32,-0.02571,-0.00113,0.01941,0.0502,0.01127,0.00285,0.05482,-0.00223,0.04798,0.03523,-0.11552,0,0.12897,0.27891,-0.06864,0.23432,-3.33311,1.26852,-0.0742,0.15738,-0.07025,-0.25334,0.53147,-0.00173,-0.00993,0.03714,-0.04168,-0.01169,0.01651,-0.00372,-0.00027,-0.00359,-0.00183,-0.03152,-0.04215,-0.09863,0.00404,0.0009,0.00749,0.00358
31.34,-0.02344,-0.00089,0.01811,0.03984,0.00389,-0.0006,0.04494,-0.0057,0.05184,0.03423,-0.10097,0,0.08676,0.23868,-0.05516,0.22908,-4.54504,1.77041,-0.09687,0.08001,-0.02385,-0.19041,0.41578,0.00013,-0.03762,0.03769,-0.03199,-0.00788,0.01622,-0.00134,-0.00027,-0.00241,-0.00136,-0.0234,-0.03733,-0.09535,0.00532,0.00047,0.00769,0.00362
31.36,-0.02128,-0.00069,0.01686,0.03176,-0.00208,-0.00364,0.03483,-0.00864,0.05313,0.03293,-0.0897,0,0.05504,0.20521,-0.04334,0.21389,-5.82551,2.30541,-0.12391,0.01223,0.01652,-0.13185,0.27336,0.00158,-0.06391,0.03847,-0.02403,-0.00388,0.01738,0.00099,-0.00029,-0.00173,-0.00111,-0.01606,-0.03225,-0.09072,0.00553,0.00026,0.00746,0.00344
31.38,-0.01926,-0.00052,0.01565,0.02528,-0.00671,-0.00619,0.02466,-0.01102,0.05244,0.03108,-0.08185,0,0.03173,0.17828,-0.03362,0.19118,-7.07165,2.83013,-0.15212,-0.04688,0.05012,-0.07577,0.10746,0.00261,-0.0878,0.03903,-0.01773,3e-05,0.01956,0.00324,-0.00032,-0.00146,-0.00102,-0.00972,-0.02716,-0.08504,0.00491,0.00023,0.0069,0.0031
31.4,-0.0174,-0.00038,0.01451,0.01958,-0.01009,-0.00819,0.01457,-0.01278,0.05047,0.02841,-0.07743,0,0.01477,0.15733,-0.02603,0.16386,-7.121,3.28126,-0.17735,-0.09847,0.07638,-0.02033,-0.07605,0.00328,-0.10794,0.03888,-0.01303,0.00356,0.02248,0.00536,-0.00037,-0.0015,-0.00106,-0.00468,-0.02234,-0.07858,0.00378,0.00034,0.00613,0.00266
31.42,-0.01574,-0.00025,0.01343,0.01383,-0.0123,-0.00959,0.00464,-0.01387,0.04798,0.02469,-0.07628,0,0.00234,0.14157,-0.02027,0.13492,-7.121,3.5895,-0.19527,-0.14373,0.09488,0.03606,-0.26965,0.00363,-0.12287,0.03752,-0.00986,0.00647,0.02606,0.00728,-0.00041,-0.00173,-0.00117,-0.00123,-0.01806,-0.0716,0.00242,0.00055,0.00531,0.0022
31.44,-0.01429,-0.00015,0.01243,0.00738,-0.01344,-0.01041,-0.00506,-0.01427,0.04557,0.01976,-0.07812,0,-0.00715,0.13007,-0.01597,0.10693,-7.121,3.70287,-0.20268,-0.18401,0.10569,0.09462,-0.46637,0.00376,-0.1316,0.03454,-0.00809,0.00864,0.03028,0.00898,-0.00046,-0.00209,-0.00132,0.00047,-0.01452,-0.06442,0.00108,0.0008,0.00454,0.00179
31.46,-0.01304,-6e-05,0.01151,-0.00013,-0.01368,-0.01068,-0.01453,-0.014,0.04359,0.01355,-0.08247,0,-0.01502,0.12179,-0.01278,0.08171,-7.121,3.60269,-0.19832,-0.22072,0.10945,0.15598,-0.66054,0.0037,-0.13394,0.02963,-0.00751,0.01002,0.03518,0.01041,-0.00051,-0.0025,-0.00148,0.00049,-0.01187,-0.05744,-0.00011,0.00106,0.00391,0.00146
31.48,-0.01197,2e-05,0.01068,-0.00871,-0.01324,-0.0105,-0.02367,-0.01315,0.04208,0.00612,-0.08866,0,-0.02223,0.11571,-0.0104,0.06052,-7.121,3.30784,-0.1831,-0.25509,0.10744,0.21963,-0.84658,0.00349,-0.13056,0.02271,-0.00779,0.01071,0.0408,0.01154,-0.00056,-0.00295,-0.00165,-0.00085,-0.01019,-0.05122,-0.00109,0.00129,0.00346,0.00125
31.5,-0.01105,7e-05,0.00999,-0.01796,-0.0124,-0.00998,-0.03229,-0.01183,0.04088,-0.00227,-0.09583,0,-0.02936,0.11086,-0.00868,0.04424,-7.00778,2.87048,-0.15989,-0.28786,0.10139,0.28365,-1.01765,0.00313,-0.12286,0.01383,-0.00852,0.01085,0.04714,0.01233,-0.00061,-0.0034,-0.00183,-0.00302,-0.00954,-0.0465,-0.00192,0.00146,0.00319,0.00115
31.52,-0.01023,0.0001,0.00945,-0.02724,-0.01143,-0.00927,-0.04013,-0.01021,0.03972,-0.01126,-0.10302,0,-0.03665,0.10636,-0.00748,0.03345,-5.76199,2.36026,-0.13258,-0.3194,0.0932,0.34531,-1.16636,0.00261,-0.11254,0.00318,-0.00929,0.01065,0.05414,0.01273,-0.00069,-0.00387,-0.00202,-0.0054,-0.00992,-0.04397,-0.00267,0.00156,0.00308,0.00116
31.54,-0.00948,0.00011,0.0091,-0.03596,-0.01057,-0.00851,-0.04693,-0.0084,0.03836,-0.0205,-0.10935,0,-0.04415,0.10143,-0.0067,0.02833,-4.50171,1.84147,-0.10486,-0.35002,0.08449,0.40221,-1.28672,0.00192,-0.10109,-0.00911,-0.00974,0.01029,0.06164,0.01272,-0.00078,-0.00435,-0.00221,-0.00745,-0.01126,-0.04401,-0.00344,0.00157,0.00311,0.00126
31.56,-0.00879,9e-05,0.00896,-0.0437,-0.01002,-0.00779,-0.05251,-0.00652,0.0367,-0.02968,-0.11411,0,-0.0518,0.09535,-0.00617,0.02869,-3.3361,1.35932,-0.07939,-0.38005,0.07641,0.45293,-1.37518,0.00107,-0.08937,-0.02301,-0.00962,0.00986,0.06939,0.01232,-0.00089,-0.00482,-0.00242,-0.00879,-0.01338,-0.04647,-0.00426,0.00147,0.00326,0.00145
31.58,-0.00815,7e-05,0.00904,-0.0502,-0.00991,-0.0072,-0.05672,-0.00462,0.03484,-0.03853,-0.11678,0,-0.05938,0.08752,-0.00565,0.03395,-2.32803,0.93999,-0.05788,-0.4097,0.06957,0.49678,-1.43009,5e-05,-0.0777,-0.03851,-0.00884,0.00941,0.07695,0.01162,-0.00101,-0.00525,-0.00261,-0.00925,-0.01597,-0.05056,-0.00514,0.00129,0.00352,0.00169
31.6,-0.00757,7e-05,0.00933,-0.05531,-0.01032,-0.00679,-0.05942,-0.00276,0.03307,-0.04667,-0.11694,0,-0.06646,0.07752,-0.00488,0.04316,-1.50605,0.59559,-0.04125,-0.43881,0.06415,0.53332,-1.45087,-0.00109,-0.06595,-0.05546,-0.00738,0.0089,0.08366,0.01073,-0.00114,-0.00559,-0.00277,-0.00881,-0.01859,-0.05499,-0.00601,0.00103,0.00386,0.00197
31.62,-0.00709,9e-05,0.00983,-0.05889,-0.01126,-0.00659,-0.06047,-0.00099,0.03172,-0.05373,-0.11432,0,-0.0725,0.06502,-0.00349,0.05524,-0.87429,0.32812,-0.02989,-0.46683,0.06006,0.56216,-1.43773,-0.00231,-0.05376,-0.07357,-0.00533,0.00827,0.08874,0.00978,-0.00124,-0.00578,-0.00287,-0.00757,-0.02078,-0.0582,-0.0068,0.00071,0.00427,0.00227
31.64,-0.00672,0.00015,0.01053,-0.06087,-0.01271,-0.00665,-0.0598,0.00066,0.03109,-0.05942,-0.10878,0,-0.07697,0.04981,-0.00106,0.06913,-0.42041,0.13275,-0.02375,-0.49302,0.05701,0.58292,-1.39185,-0.00355,-0.04083,-0.09233,-0.00282,0.00743,0.0915,0.00888,-0.00131,-0.00579,-0.00288,-0.00566,-0.02214,-0.05892,-0.00744,0.00036,0.00473,0.00255
31.66,-0.00647,0.00026,0.01142,-0.06119,-0.01458,-0.00694,-0.05747,0.00216,0.03129,-0.06355,-0.10041,0,-0.07945,0.03172,0.00289,0.08394,-0.12205,0.00035,-0.02242,-0.51641,0.05461,0.59515,-1.31579,-0.00478,-0.02714,-0.11089,2e-05,0.00632,0.09142,0.00807,-0.00135,-0.00561,-0.0028,-0.0032,-0.02248,-0.05643,-0.00794,2e-05,0.0052,0.0028
31.68,-0.00631,0.00042,0.01249,-0.0598,-0.01671,-0.00746,-0.05367,0.00351,0.03222,-0.06607,-0.08958,0,-0.0796,0.01082,0.00892,0.09885,0.04856,-0.08047,-0.02522,-0.53563,0.05245,0.59819,-1.21399,-0.00593,-0.01307,-0.12795,0.00301,0.00488,0.0882,0.00734,-0.00134,-0.00524,-0.00262,-0.00033,-0.02176,-0.05067,-0.00834,-0.0003,0.00562,0.00298
31.7,-0.00623,0.0006,0.01372,-0.05667,-0.01886,-0.00816,-0.04877,0.00466,0.03362,-0.06697,-0.07692,0,-0.0772,-0.01254,0.01758,0.11299,0.12151,-0.12205,-0.03119,-0.54886,0.0501,0.59107,-1.09293,-0.00695,0.00051,-0.14165,0.00595,0.00311,0.08175,0.00663,-0.00131,-0.00475,-0.00237,0.00283,-0.02013,-0.04219,-0.00874,-0.00055,0.00593,0.00308
31.72,-0.00618,0.00078,0.01509,-0.05179,-0.02074,-0.009,-0.04319,0.00557,0.03514,-0.06628,-0.06312,0,-0.07226,-0.03782,0.02929,0.12561,0.12735,-0.13698,-0.0392,-0.55402,0.04722,0.57258,-0.95974,-0.00776,0.01251,-0.15003,0.0086,0.00101,0.07219,0.00586,-0.00125,-0.0042,-0.00207,0.00613,-0.01783,-0.03195,-0.00927,-0.00071,0.00604,0.00306
31.74,-0.00614,0.00095,0.01656,-0.04522,-0.02211,-0.00992,-0.03733,0.00617,0.03646,-0.06404,-0.04859,0,-0.06519,-0.06468,0.04427,0.13621,0.09644,-0.13794,-0.0479,-0.54937,0.04367,0.54152,-0.81988,-0.00831,0.02207,-0.15156,0.01075,-0.00136,0.05987,0.00494,-0.00118,-0.00365,-0.00174,0.0094,-0.01517,-0.02096,-0.01002,-0.00073,0.00591,0.00291
31.76,-0.00609,0.00109,0.0181,-0.03715,-0.02276,-0.0109,-0.03155,0.00638,0.03736,-0.06029,-0.03324,0,-0.05702,-0.09297,0.06227,0.14474,0.05875,-0.13761,-0.05581,-0.53391,0.0396,0.49698,-0.67611,-0.00859,0.02878,-0.1457,0.01223,-0.00392,0.04543,0.00382,-0.0011,-0.00313,-0.00141,0.01247,-0.0124,-0.01013,-0.01104,-0.00063,0.00554,0.00264
31.78,-0.00604,0.0012,0.01968,-0.02793,-0.02257,-0.01189,-0.02617,0.0061,0.03774,-0.0551,-0.01655,0,-0.04946,-0.12267,0.08251,0.15148,0.04408,-0.14869,-0.06117,-0.50756,0.03553,0.43871,-0.52926,-0.0086,0.03274,-0.13297,0.01295,-0.00655,0.02994,0.00248,-0.00102,-0.00268,-0.00109,0.01515,-0.00979,-0.0003,-0.01235,-0.00042,0.00497,0.00227
31.8,-0.00601,0.00126,0.02125,-0.01817,-0.02145,-0.01288,-0.02153,0.0052,0.03761,-0.04858,0.00228,0,-0.045,-0.15355,0.10346,0.15701,0.08214,-0.18381,-0.06196,-0.47111,0.03229,0.36726,-0.37928,-0.00835,0.03441,-0.11487,0.0128,-0.00904,0.01487,0.00096,-0.00093,-0.00229,-0.00081,0.01718,-0.00762,0.00769,-0.01388,-0.00012,0.00429,0.00187
31.82,-0.00601,0.0013,0.02273,-0.00854,-0.01938,-0.01384,-0.01798,0.00354,0.037,-0.0408,0.02439,0,-0.04703,-0.18516,0.12264,0.16211,0.20205,-0.25524,-0.05585,-0.42569,0.03097,0.28357,-0.22513,-0.00788,0.0345,-0.09346,0.01175,-0.01118,0.00181,-0.00071,-0.00084,-0.00197,-0.00057,0.01832,-0.00611,0.01316,-0.01554,0.00021,0.00362,0.00149
31.84,-0.00603,0.0013,0.02407,0.00031,-0.01639,-0.01482,-0.01585,0.00093,0.03593,-0.03168,0.05133,0,-0.05992,-0.21671,0.13647,0.16776,0.43104,-0.37438,-0.04032,-0.37203,0.03261,0.18808,-0.06396,-0.00716,0.0338,-0.07072,0.00985,-0.01279,-0.00817,-0.00249,-0.00075,-0.00168,-0.00038,0.01842,-0.00534,0.01579,-0.01725,0.00055,0.00303,0.00117
31.86,-0.00604,0.00128,0.02523,0.00792,-0.01255,-0.0159,-0.01539,-0.00285,0.03432,-0.02096,0.08499,0,-0.08906,-0.24705,0.14005,0.17507,0.79258,-0.55083,-0.01279,-0.31004,0.03812,0.08061,0.10888,-0.00611,0.03306,-0.04819,0.00725,-0.01379,-0.01485,-0.0044,-0.00064,-0.00138,-0.00021,0.01749,-0.00518,0.0158,-0.01897,0.00087,0.00259,0.00094
31.88,-0.00592,0.00127,0.02618,0.01398,-0.00805,-0.01725,-0.01682,-0.00801,0.03198,-0.00825,0.1274,0,-0.14069,-0.27433,0.12711,0.18523,1.3038,-0.79117,0.02919,-0.23926,0.04817,-0.03901,0.29863,-0.0046,0.03297,-0.02707,0.00424,-0.0142,-0.0189,-0.00645,-0.00052,-0.00102,-3e-05,0.01572,-0.00528,0.01396,-0.02068,0.00115,0.00227,0.00079
31.9,-0.00556,0.00129,0.0269,0.0182,-0.00317,-0.01905,-0.02034,-0.01473,0.0287,0.00691,0.18038,0,-0.22165,-0.29575,0.08994,0.19945,1.9719,-1.09724,0.08764,-0.15915,0.06311,-0.17018,0.50967,-0.00244,0.03417,-0.00837,0.00126,-0.0141,-0.02169,-0.00869,-0.00037,-0.00051,0.00021,0.01345,-0.00511,0.01152,-0.02237,0.00141,0.00204,0.00069
31.92,-0.0048,0.00136,0.02737,0.02032,0.00176,-0.02151,-0.02605,-0.02309,0.02423,0.02501,0.24528,0,-0.33897,-0.30733,0.0195,0.21884,2.78902,-1.46427,0.16351,-0.06869,0.08269,-0.31171,0.74494,0.00053,0.03716,0.0071,-0.00119,-0.01362,-0.02493,-0.01117,-0.00019,0.00021,0.00056,0.01112,-0.00408,0.00996,-0.02404,0.00163,0.00182,0.00059
31.94,-0.00351,0.00149,0.02758,0.02002,0.00639,-0.02478,-0.03396,-0.033,0.01837,0.04665,0.32263,0,-0.49935,-0.30378,-0.09425,0.24431,3.72596,-1.87852,0.25585,0.03434,0.10565,-0.46252,1.00574,0.00442,0.04221,0.01892,-0.00264,-0.01293,-0.03004,-0.01393,2e-05,0.00124,0.00108,0.00911,-0.00171,0.01054,-0.02567,0.00184,0.00156,0.00046
31.96,-0.00162,0.00172,0.02757,0.01695,0.01045,-0.02894,-0.04394,-0.04414,0.01107,0.0725,0.384,0,-0.70806,-0.27841,-0.26169,0.27639,4.7243,-2.31426,0.3609,0.1536,0.12939,-0.62162,1.29067,0.00918,0.04931,0.0271,-0.00271,-0.01216,-0.03777,-0.01701,0.00026,0.00261,0.00177,0.00766,0.00219,0.01403,-0.02725,0.00203,0.00125,0.0003
31.98,0.00089,0.00203,0.02737,0.01067,0.01369,-0.03395,-0.05559,-0.05582,0.00245,0.10304,0.384,0,-0.96738,-0.22327,-0.49232,0.31496,5.68686,-2.72961,0.47107,0.29335,0.14966,-0.78691,1.59338,0.0146,0.05803,0.03204,-0.00113,-0.01148,-0.04807,-0.02041,0.00051,0.00435,0.00266,0.00692,0.00752,0.02063,-0.02872,0.00219,0.00092,0.00011
32,0.00395,0.00241,0.02706,0.00074,0.01588,-0.03962,-0.06824,-0.06694,-0.00714,0.13847,0.384,0,-1.27515,-0.12949,-0.7932,0.35911,6.47815,-3.06668,0.5749,0.45758,0.1606,-0.95423,1.90098,0.02025,0.0675,0.03443,0.00226,-0.01103,-0.06007,-0.02409,0.00075,0.00644,0.00371,0.00688,0.01385,0.03002,-0.02999,0.00232,0.00063,-6e-05
32.02,0.00746,0.00286,0.02672,-0.01329,0.01679,-0.04566,-0.08114,-0.07622,-0.01728,0.17875,0.384,0,-1.62466,0.01174,-1.16709,0.4072,6.9533,-3.26388,0.65954,0.64975,0.15554,-1.11822,2.19633,0.02547,0.07614,0.03514,0.00752,-0.011,-0.0725,-0.02798,0.00096,0.00885,0.0049,0.00746,0.02058,0.0416,-0.03095,0.0024,0.00045,-0.00015
32.04,0.01131,0.00335,0.02643,-0.03182,0.01632,-0.0518,-0.09367,-0.08242,-0.02764,0.22376,0.384,0,-2.00536,0.20763,-1.6102,0.45731,7.0059,-3.2764,0.715,0.87281,0.12824,-1.2743,2.46248,0.02936,0.08144,0.03506,0.01462,-0.01159,-0.08421,-0.03202,0.00111,0.01156,0.00618,0.00849,0.02711,0.05478,-0.03154,0.00242,0.00047,-0.00014
32.06,0.01543,0.00387,0.02623,-0.05509,0.01451,-0.05776,-0.10554,-0.08461,-0.03816,0.27325,0.384,0,-2.40193,0.46202,-2.10897,0.50721,6.60149,-3.09061,0.73688,1.12849,0.07393,-1.41945,2.68497,0.03078,0.07973,0.03509,0.02342,-0.01304,-0.0945,-0.0362,0.00119,0.01455,0.00756,0.00973,0.03298,0.06924,-0.03168,0.00236,0.00072,0
32.08,0.01976,0.00443,0.02618,-0.08302,0.01157,-0.06326,-0.11673,-0.08214,-0.04894,0.32654,0.384,0,-2.79103,0.77318,-2.63566,0.55404,5.78789,-2.72855,0.72684,1.41527,-0.01011,-1.55139,2.85056,0.0283,0.06612,0.03606,0.03355,-0.01562,-0.10311,-0.04049,0.00118,0.01784,0.00904,0.01086,0.03784,0.08481,-0.0314,0.00222,0.00119,0.00027
32.1,0.02419,0.00499,0.02629,-0.11505,0.00785,-0.06799,-0.12735,-0.0746,-0.06015,0.38217,0.384,0,-3.14002,1.13261,-3.14709,0.594,4.68714,-2.24448,0.69163,1.72691,-0.12439,-1.66735,2.94574,0.02021,0.03475,0.03874,0.04447,-0.01961,-0.1101,-0.04488,0.00108,0.02139,0.0106,0.01148,0.04141,0.10137,-0.03073,0.00199,0.00184,0.00064
32.12,0.02862,0.00555,0.02658,-0.15028,0.00381,-0.07161,-0.1376,-0.06186,-0.07194,0.43815,0.384,0,-3.41284,1.52694,-3.5931,0.62254,3.46026,-1.70947,0.64058,2.05363,-0.2676,-1.76389,2.95795,0.00434,-0.02037,0.0439,0.05548,-0.02519,-0.11555,-0.04928,0.0009,0.02514,0.01224,0.0112,0.04342,0.1187,-0.02971,0.00168,0.00259,0.00106
32.14,0.03294,0.00611,0.02703,-0.1877,-0.00017,-0.07386,-0.14765,-0.04407,-0.08429,0.49261,0.384,0,-3.58071,1.94168,-3.93151,0.63498,2.25534,-1.18863,0.58222,2.385,-0.43742,-1.83741,2.87874,-0.02196,-0.10389,0.05227,0.06601,-0.03237,-0.11916,-0.05359,0.00062,0.02897,0.01392,0.00975,0.04367,0.13629,-0.02838,0.00127,0.00343,0.00153
32.16,0.03706,0.00666,0.02762,-0.22624,-0.00382,-0.07461,-0.15763,-0.02173,-0.09691,0.54393,0.384,0,-3.62916,2.3623,-4.13736,0.62693,1.17625,-0.72732,0.52209,2.71073,-0.63031,-1.88432,2.70649,-0.06185,-0.21789,0.06456,0.07567,-0.04083,-0.12003,-0.05765,0.00022,0.03269,0.01555,0.00707,0.04199,0.15324,-0.02673,0.00073,0.00434,0.00203
32.18,0.0409,0.00721,0.0283,-0.26451,-0.00699,-0.07385,-0.16748,0.00409,-0.10913,0.59048,0.384,0,-3.55904,2.77137,-4.20332,0.5943,0.28282,-0.35118,0.4627,3.01846,-0.84019,-1.90059,2.44802,-0.11872,-0.36078,0.08132,0.08424,-0.04987,-0.11656,-0.06124,-0.00031,0.03602,0.01699,0.00337,0.03825,0.16805,-0.02473,3e-05,0.00536,0.0026
32.2,0.04433,0.00776,0.02898,-0.30057,-0.00961,-0.0717,-0.17693,0.0317,-0.11982,0.63024,0.384,0,-3.38441,3.14626,-4.13629,0.53353,-0.39795,-0.07098,0.40417,3.29182,-1.05739,-1.88158,2.11872,-0.19574,-0.52687,0.10288,0.09154,-0.0584,-0.10655,-0.06403,-0.00101,0.03854,0.01805,-0.00094,0.03241,0.17862,-0.02234,-0.00088,0.00656,0.00328
32.22,0.04719,0.00832,0.02957,-0.33228,-0.01165,-0.06832,-0.18555,0.0591,-0.12761,0.66093,0.384,0,-3.12735,3.46222,-3.95212,0.44211,-0.86323,0.11324,0.34517,3.51267,-1.26993,-1.823,1.73913,-0.29498,-0.70779,0.12913,0.09746,-0.06517,-0.08774,-0.06564,-0.00191,0.03983,0.01851,-0.00529,0.02448,0.18268,-0.01948,-0.00203,0.00801,0.00413
32.24,0.04941,0.0089,0.02996,-0.35793,-0.01313,-0.06389,-0.19295,0.08448,-0.13131,0.68057,0.384,0,-2.81118,3.69911,-3.6696,0.3195,-1.12756,0.20889,0.28393,3.66598,-1.46636,-1.72263,1.32956,-0.41633,-0.89486,0.15931,0.10198,-0.06914,-0.05854,-0.06579,-0.00301,0.03953,0.01821,-0.0092,0.01457,0.17857,-0.01611,-0.00346,0.00975,0.00517
32.26,0.05095,0.00948,0.03009,-0.37662,-0.01408,-0.05857,-0.19881,0.10652,-0.13009,0.68776,0.3598,0,-2.45718,3.84537,-3.30756,0.16829,-1.21811,0.22843,0.21916,3.74288,-1.63697,-1.58201,0.90789,-0.55624,-1.0801,0.19175,0.10515,-0.06977,-0.01865,-0.06436,-0.0043,0.03752,0.01708,-0.01237,0.00296,0.16577,-0.01217,-0.00515,0.01177,0.0064
32.28,0.05189,0.01008,0.02988,-0.38823,-0.01454,-0.05255,-0.20288,0.12429,-0.12358,0.68167,0.26222,0,-2.0861,3.89767,-2.88657,-0.00449,-1.17193,0.18835,0.15072,3.74059,-1.77283,-1.40781,0.49211,-0.70639,-1.25508,0.22356,0.10709,-0.06704,0.03045,-0.06141,-0.00573,0.03388,0.01519,-0.01464,-0.00983,0.14508,-0.00767,-0.00707,0.01399,0.00778
32.3,0.05235,0.01067,0.02928,-0.39312,-0.01453,-0.04606,-0.20496,0.13704,-0.11183,0.66193,0.17598,0,-1.72025,3.85888,-2.43068,-0.18693,-1.03324,0.10811,0.08006,3.66119,-1.86463,-1.21194,0.1028,-0.8536,-1.40989,0.25064,0.10793,-0.06139,0.08546,-0.05717,-0.00723,0.02892,0.01271,-0.01603,-0.02298,0.1186,-0.00267,-0.00913,0.01625,0.0092
32.32,0.05246,0.01123,0.02823,-0.39194,-0.0141,-0.03936,-0.20486,0.14426,-0.0952,0.62864,0.10363,0,-1.38121,3.73614,-1.96487,-0.36453,-0.84712,0.00762,0.0096,3.51021,-1.9038,-1.00882,-0.23943,-0.98305,-1.53447,0.2686,0.10783,-0.05354,0.14194,-0.05196,-0.00868,0.0231,0.00987,-0.01657,-0.03553,0.08904,0.0027,-0.01121,0.01835,0.01054
32.34,0.05239,0.01173,0.02669,-0.38535,-0.01331,-0.03268,-0.20249,0.14573,-0.07427,0.5824,0.04649,0,-1.08493,3.53903,-1.50975,-0.52425,-0.65143,-0.09627,-0.05818,3.29531,-1.88517,-0.81072,-0.51977,-1.08374,-1.6216,0.27434,0.10694,-0.04429,0.19544,-0.04608,-0.00998,0.01689,0.00693,-0.01626,-0.04664,0.05887,0.00826,-0.0132,0.02012,0.01168
32.36,0.05224,0.01216,0.02467,-0.37385,-0.01227,-0.02623,-0.19791,0.14168,-0.04982,0.52461,0.00435,0,-0.83927,3.27925,-1.07938,-0.6567,-0.47197,-0.19159,-0.12128,3.02631,-1.80897,-0.62525,-0.73243,-1.15189,-1.6687,0.26709,0.1054,-0.03436,0.24217,-0.03974,-0.01105,0.01071,0.00409,-0.01502,-0.0557,0.02974,0.01378,-0.01503,0.02144,0.01255
32.38,0.05214,0.01247,0.02216,-0.35788,-0.01113,-0.02021,-0.19134,0.13278,-0.023,0.45786,-0.02415,0,-0.64534,2.97224,-0.68408,-0.75567,-0.32265,-0.27113,-0.17779,2.71699,-1.68168,-0.45612,-0.87962,-1.19125,-1.67782,0.24872,0.10337,-0.02446,0.2787,-0.03312,-0.01186,0.005,0.00155,-0.01262,-0.06236,0.00263,0.01896,-0.01665,0.02228,0.0131
32.4,0.05215,0.01263,0.01924,-0.33783,-0.0101,-0.01488,-0.18319,0.12014,0.00456,0.38619,-0.04107,0,-0.50002,2.63814,-0.33365,-0.81697,-0.20767,-0.33136,-0.22545,2.38616,-1.51571,-0.30487,-0.96905,-1.21152,-1.65465,0.22337,0.101,-0.01531,0.30175,-0.02637,-0.01234,0.0002,-0.00048,-0.00875,-0.06638,-0.02194,0.02339,-0.01801,0.02264,0.01332
32.42,0.05233,0.01261,0.016,-0.31405,-0.00939,-0.01048,-0.17398,0.10505,0.0311,0.31428,-0.0488,0,-0.39755,2.29869,-0.03704,-0.83835,-0.12445,-0.37151,-0.26192,2.05459,-1.32646,-0.1716,-1.01126,-1.22472,-1.6066,0.19627,0.09847,-0.00757,0.30853,-0.01964,-0.01249,-0.00327,-0.00185,-0.00311,-0.06764,-0.04362,0.02661,-0.01906,0.02254,0.0132
32.44,0.05273,0.01238,0.01253,-0.28679,-0.00918,-0.00718,-0.16418,0.08868,0.05521,0.24611,-0.04974,0,-0.33059,1.97165,0.20048,-0.82011,-0.06687,-0.39269,-0.28544,1.73947,-1.12799,-0.05526,-1.01706,-1.24036,-1.54039,0.17191,0.0959,-0.0017,0.29755,-0.01305,-0.0123,-0.00514,-0.00245,0.00453,-0.0661,-0.06213,0.0283,-0.01977,0.02199,0.01274
32.46,0.05334,0.01197,0.00892,-0.25623,-0.00951,-0.00498,-0.15417,0.07193,0.07622,0.18427,-0.04611,0,-0.29094,1.66811,0.37859,-0.76573,-0.02761,-0.39732,-0.2953,1.45154,-0.93067,0.04588,-0.9959,-1.26212,-1.46069,0.15282,0.09336,0.00217,0.26925,-0.00667,-0.0118,-0.00535,-0.00229,0.01417,-0.06182,-0.07706,0.02831,-0.02011,0.02097,0.01194
32.48,0.05415,0.0114,0.0053,-0.22275,-0.01034,-0.00374,-0.14426,0.05548,0.09409,0.1302,-0.03994,0,-0.27022,1.39412,0.50067,-0.68232,0.00087,-0.38887,-0.29181,1.19665,-0.74213,0.13331,-0.95547,-1.28678,-1.37034,0.13953,0.09091,0.00422,0.22636,-0.00057,-0.01107,-0.00409,-0.00148,0.02551,-0.05503,-0.08773,0.02677,-0.02004,0.01942,0.01079
32.5,0.05512,0.01075,0.0018,-0.18709,-0.01153,-0.00319,-0.13482,0.03998,0.10917,0.08481,-0.03304,0,-0.26035,1.15318,0.57205,-0.58035,0.02591,-0.3716,-0.27607,0.9782,-0.56871,0.20752,-0.90183,-1.30497,-1.27097,0.13085,0.0886,0.00487,0.17375,0.00512,-0.01022,-0.00173,-0.00024,0.03793,-0.04607,-0.09311,0.02397,-0.01954,0.01726,0.0093
32.52,0.05616,0.0101,-0.00138,-0.15019,-0.0129,-0.00301,-0.12618,0.02596,0.12202,0.04854,-0.02706,0,-0.25423,0.94701,0.59911,-0.47156,0.05436,-0.34997,-0.24964,0.79772,-0.41542,0.26833,-0.83935,-1.30456,-1.16349,0.12466,0.08647,0.00463,0.11728,0.01024,-0.00937,0.00125,0.00118,0.05067,-0.03545,-0.09218,0.02033,-0.0186,0.01445,0.00748
32.54,0.05726,0.00953,-0.0041,-0.11277,-0.0143,-0.00287,-0.11856,0.01383,0.13327,0.02127,-0.02354,0,-0.24634,0.77482,0.58904,-0.36583,0.09242,-0.32778,-0.21414,0.65415,-0.28489,0.31591,-0.77071,-1.27561,-1.04834,0.11885,0.0846,0.00397,0.06214,0.01468,-0.00863,0.00437,0.00254,0.06312,-0.02371,-0.08454,0.01624,-0.01724,0.01096,0.00536
32.56,0.05837,0.00909,-0.00626,-0.07525,-0.01567,-0.00248,-0.11202,0.00383,0.14348,0.00226,-0.02392,0,-0.23326,0.63337,0.54986,-0.26931,0.14527,-0.30775,-0.17111,0.54378,-0.17695,0.35135,-0.69712,-1.214,-0.92609,0.11205,0.08309,0.00317,0.01188,0.01843,-0.00806,0.00729,0.00366,0.07496,-0.01154,-0.07082,0.01205,-0.01554,0.00686,0.00302
32.58,0.05952,0.00883,-0.00783,-0.03796,-0.01704,-0.00157,-0.10646,-0.0039,0.15302,-0.00963,-0.02954,0,-0.21381,0.51815,0.49066,-0.18477,0.21676,-0.29152,-0.12224,0.46113,-0.0895,0.37648,-0.61894,-1.12271,-0.79854,0.10382,0.08209,0.00233,-0.0315,0.02148,-0.00768,0.00972,0.00446,0.08617,0.00023,-0.05287,0.008,-0.01365,0.00234,0.00055
32.6,0.06074,0.00877,-0.00877,-0.00144,-0.01852,6e-05,-0.10177,-0.00922,0.16197,-0.01579,-0.04173,0,-0.18899,0.4247,0.42142,-0.11251,0.30891,-0.27983,-0.0697,0.4001,-0.0195,0.39351,-0.53625,-1.01134,-0.66937,0.09459,0.08181,0.00134,-0.06703,0.02389,-0.0075,0.01148,0.00489,0.09687,0.0105,-0.03372,0.00432,-0.0118,-0.00228,-0.00188
32.62,0.06205,0.00892,-0.00906,0.03371,-0.02022,0.00257,-0.09777,-0.012,0.17023,-0.01758,-0.06182,0,-0.16109,0.34904,0.35189,-0.05137,0.42167,-0.27279,-0.01598,0.35468,0.03636,0.40454,-0.44918,-0.89317,-0.54342,0.0854,0.08244,-2e-05,-0.09462,0.02572,-0.00749,0.01246,0.00495,0.10727,0.0181,-0.01693,0.0012,-0.01022,-0.00661,-0.00407
32.64,0.06352,0.00927,-0.00871,0.06709,-0.02221,0.00609,-0.09432,-0.01214,0.17756,-0.01628,-0.09128,0,-0.1325,0.28768,0.28974,0.00055,0.55267,-0.26996,0.03639,0.31933,0.08132,0.41125,-0.35798,-0.78056,-0.42509,0.07727,0.08411,-0.00209,-0.11499,0.02705,-0.00762,0.01264,0.0047,0.11762,0.02204,-0.00567,-0.00127,-0.00912,-0.01033,-0.00589
32.66,0.0652,0.0098,-0.00772,0.09863,-0.02449,0.01066,-0.09133,-0.0096,0.18367,-0.01289,-0.13159,0,-0.10499,0.23766,0.23953,0.04518,0.69651,-0.27051,0.08496,0.28934,0.11827,0.41462,-0.26342,-0.68224,-0.31755,0.07096,0.08682,-0.00523,-0.12964,0.02799,-0.00784,0.01211,0.00421,0.12817,0.02171,-0.00207,-0.0031,-0.00861,-0.01327,-0.00724
32.68,0.06713,0.0105,-0.00613,0.12834,-0.02692,0.01624,-0.08877,-0.00446,0.18817,-0.00819,-0.18403,0,-0.07968,0.197,0.20282,0.0839,0.84361,-0.27323,0.12693,0.26115,0.1493,0.41478,-0.16761,-0.6034,-0.22342,0.0669,0.09039,-0.00982,-0.14068,0.0287,-0.00814,0.01108,0.0036,0.13906,0.01693,-0.00713,-0.0044,-0.00871,-0.01539,-0.00812
32.7,0.06933,0.0113,-0.00399,0.15613,-0.02923,0.02267,-0.08671,0.00314,0.19055,-0.00273,-0.24938,0,-0.05733,0.16503,0.17889,0.11731,0.97986,-0.2766,0.15897,0.23252,0.17551,0.41112,-0.0744,-0.54654,-0.14549,0.06524,0.09449,-0.01623,-0.15057,0.02933,-0.00847,0.00987,0.00299,0.15027,0.00787,-0.02086,-0.00534,-0.00934,-0.01672,-0.00857
32.72,0.07182,0.01215,-0.00137,0.18182,-0.03112,0.02971,-0.08526,0.01294,0.19035,0.00312,-0.32779,0,-0.03846,0.14185,0.16554,0.14545,1.08966,-0.27902,0.17782,0.20229,0.19721,0.40263,0.01159,-0.51202,-0.08628,0.06592,0.09872,-0.02469,-0.16147,0.03001,-0.00881,0.00878,0.00252,0.16161,-0.00504,-0.0426,-0.00611,-0.01038,-0.01737,-0.00864
32.74,0.07458,0.013,0.00167,0.20538,-0.03235,0.03713,-0.08454,0.02466,0.18729,0.00923,-0.384,0,-0.02346,0.12732,0.16012,0.16852,1.16087,-0.27904,0.18135,0.16982,0.21454,0.38852,0.08683,-0.49809,-0.04676,0.06867,0.10279,-0.0352,-0.17449,0.0308,-0.00914,0.00801,0.00225,0.17289,-0.02127,-0.07147,-0.00682,-0.01168,-0.01745,-0.00842
32.76,0.07758,0.01379,0.00509,0.22702,-0.0328,0.04474,-0.08458,0.03792,0.18157,0.0156,-0.384,0,-0.01264,0.12042,0.1602,0.1872,1.18815,-0.27567,0.16948,0.13477,0.22777,0.36861,0.15002,-0.50096,-0.02559,0.07303,0.10659,-0.04739,-0.18906,0.03168,-0.00945,0.00752,0.00216,0.18388,-0.04027,-0.1065,-0.00751,-0.0131,-0.01703,-0.00795
32.78,0.08076,0.01449,0.00881,0.24704,-0.03252,0.05231,-0.08533,0.05218,0.17383,0.0224,-0.384,0,-0.00638,0.11914,0.16374,0.20262,1.17342,-0.26833,0.14435,0.09726,0.2373,0.34367,0.2018,-0.51484,-0.01914,0.07828,0.1102,-0.06042,-0.20267,0.03254,-0.00974,0.00706,0.0021,0.19431,-0.0613,-0.1465,-0.00807,-0.01451,-0.01613,-0.00727
32.8,0.08397,0.01508,0.01273,0.26565,-0.03167,0.05958,-0.0867,0.06662,0.1652,0.02981,-0.384,0,-0.00515,0.12069,0.16907,0.2161,1.12484,-0.25698,0.11009,0.05807,0.24356,0.3153,0.24408,-0.53233,-0.022,0.08351,0.11382,-0.07295,-0.21106,0.03313,-0.01005,0.00618,0.00184,0.20371,-0.08336,-0.18977,-0.0083,-0.01577,-0.01478,-0.00641
32.82,0.08706,0.0155,0.01674,0.28295,-0.0305,0.06621,-0.08851,0.08032,0.15696,0.03807,-0.384,0,-0.00925,0.12202,0.17485,0.22863,1.05418,-0.24207,0.07177,0.0184,0.24691,0.2854,0.27942,-0.54567,-0.02813,0.08773,0.11772,-0.08343,-0.20932,0.03318,-0.01038,0.00434,0.00112,0.21158,-0.1052,-0.23415,-0.00797,-0.01674,-0.01298,-0.00538
32.84,0.08987,0.01575,0.02075,0.29903,-0.02923,0.07195,-0.09058,0.09241,0.15017,0.04737,-0.384,0,-0.01834,0.12063,0.17981,0.24034,0.97335,-0.22457,0.03383,-0.02067,0.2478,0.25521,0.3104,-0.54864,-0.03241,0.09014,0.12212,-0.09064,-0.19361,0.03243,-0.01077,0.00113,-0.00027,0.21747,-0.12547,-0.27719,-0.00694,-0.01729,-0.01076,-0.00423
32.86,0.09228,0.0158,0.02471,0.31397,-0.02802,0.07657,-0.0927,0.10223,0.14539,0.05778,-0.384,0,-0.03111,0.11498,0.18271,0.25002,0.89231,-0.20612,-0.00084,-0.05838,0.2467,0.22474,0.33921,-0.53782,-0.03162,0.09034,0.12713,-0.09395,-0.16236,0.03068,-0.01122,-0.00359,-0.00242,0.22109,-0.1428,-0.31616,-0.00526,-0.01733,-0.00824,-0.00301
32.88,0.0942,0.01564,0.02857,0.32774,-0.02697,0.07992,-0.0946,0.10923,0.14264,0.06922,-0.384,0,-0.04507,0.10472,0.18224,0.25497,0.81913,-0.18914,-0.03088,-0.09408,0.24419,0.19289,0.36723,-0.51295,-0.02471,0.08831,0.13265,-0.09339,-0.11685,0.02784,-0.01174,-0.00967,-0.00526,0.22234,-0.15561,-0.34772,-0.00324,-0.01677,-0.00562,-0.00183
32.9,0.09556,0.01529,0.03229,0.34006,-0.02613,0.08184,-0.096,0.11294,0.1415,0.08135,-0.384,0,-0.0567,0.09058,0.17706,0.25113,0.76047,-0.17675,-0.05608,-0.12695,0.24088,0.15785,0.39494,-0.47666,-0.0126,0.08437,0.13842,-0.08958,-0.06103,0.02393,-0.01233,-0.01664,-0.00857,0.2212,-0.16208,-0.36782,-0.00132,-0.0156,-0.0032,-0.00082
32.92,0.09625,0.01474,0.03581,0.35054,-0.02551,0.08217,-0.09658,0.11297,0.14126,0.09368,-0.384,0,-0.06218,0.07404,0.16604,0.23432,0.72099,-0.17198,-0.07691,-0.15615,0.23738,0.11777,0.4221,-0.43323,0.00271,0.0791,0.14404,-0.08346,-0.00054,0.01902,-0.01297,-0.02382,-0.01206,0.21774,-0.16037,-0.37248,-2e-05,-0.0138,-0.00132,-0.00011
32.94,0.09623,0.014,0.03911,0.3588,-0.02515,0.0808,-0.09607,0.1091,0.14113,0.10574,-0.384,0,-0.05858,0.0567,0.14868,0.20183,0.7021,-0.17635,-0.09408,-0.18115,0.23407,0.07172,0.44834,-0.38682,0.01932,0.07307,0.14915,-0.07606,0.05887,0.01322,-0.0136,-0.03057,-0.0154,0.21209,-0.14911,-0.3592,0.00041,-0.01147,-0.00018,0.00021
32.96,0.09546,0.0131,0.04223,0.36465,-0.02509,0.07766,-0.09426,0.10137,0.14038,0.11716,-0.384,0,-0.04468,0.04006,0.12546,0.15385,0.701,-0.18901,-0.10815,-0.20191,0.2311,0.02041,0.47336,-0.34041,0.03621,0.06678,0.15346,-0.06834,0.11228,0.00667,-0.01418,-0.03638,-0.01834,0.20445,-0.12774,-0.32798,0.00012,-0.00878,0.00019,0.00015
32.98,0.09393,0.01206,0.0452,0.36799,-0.02543,0.07276,-0.09104,0.09015,0.13838,0.12761,-0.384,0,-0.02128,0.02548,0.09807,0.09407,0.71058,-0.20638,-0.11937,-0.21878,0.22832,-0.0332,0.49683,-0.29588,0.05331,0.06068,0.15681,-0.06116,0.15538,-0.00042,-0.01462,-0.04088,-0.02067,0.19514,-0.09678,-0.28179,-0.00032,-0.00606,-3e-05,-0.00019
33,0.0917,0.0109,0.04808,0.36881,-0.02629,0.06622,-0.0864,0.07614,0.13461,0.13669,-0.384,0,0.00896,0.01427,0.06945,0.02957,0.72001,-0.22242,-0.12752,-0.23227,0.22545,-0.08394,0.51829,-0.25434,0.07127,0.05517,0.15903,-0.05536,0.18416,-0.00776,-0.0148,-0.04376,-0.0222,0.18461,-0.05782,-0.22631,8e-05,-0.00374,-0.00051,-0.00059
33.02,0.0888,0.00969,0.05094,0.36706,-0.02774,0.05819,-0.08039,0.06024,0.12875,0.14393,-0.384,0,0.04223,0.00736,0.04327,-0.03084,0.71665,-0.23,-0.13204,-0.24292,0.22232,-0.12576,0.53741,-0.21608,0.09121,0.05057,0.16001,-0.05166,0.19538,-0.015,-0.01461,-0.0448,-0.02277,0.17336,-0.01309,-0.16848,0.00243,-0.00229,-0.00084,-0.00084
33.04,0.08527,0.00844,0.05386,0.36267,-0.02982,0.04878,-0.07308,0.04328,0.12078,0.14889,-0.384,0,0.07475,0.00473,0.0231,-0.07919,0.68892,-0.22286,-0.13221,-0.25131,0.2194,-0.15404,0.55455,-0.18022,0.11432,0.04699,0.15961,-0.05043,0.18755,-0.02186,-0.01398,-0.04396,-0.02231,0.16167,0.0352,-0.11421,0.00763,-0.00204,-0.00071,-0.00078
33.06,0.08111,0.00717,0.05698,0.35546,-0.0324,0.03809,-0.06455,0.02599,0.11113,0.15115,-0.384,0,0.10336,0.00498,0.01191,-0.10997,0.6284,-0.19705,-0.12727,-0.25795,0.21807,-0.16711,0.57111,-0.1446,0.14155,0.04427,0.15772,-0.05163,0.16171,-0.02819,-0.0129,-0.04136,-0.0209,0.14952,0.08515,-0.067,0.01606,-0.0031,-2e-05,-0.00033
33.08,0.07635,0.00589,0.06044,0.34523,-0.03518,0.02623,-0.05494,0.00902,0.10074,0.15031,-0.384,0,0.12553,0.00529,0.01201,-0.12032,0.53068,-0.15143,-0.11653,-0.26324,0.2207,-0.16642,0.58947,-0.10602,0.17337,0.04196,0.15425,-0.05474,0.12175,-0.03395,-0.01143,-0.03736,-0.0187,0.13668,0.13492,-0.02797,0.0275,-0.0053,0.00109,0.0004
33.1,0.07101,0.00458,0.06437,0.33178,-0.03772,0.0134,-0.0445,-0.00688,0.09104,0.14597,-0.384,0,0.13907,0.00147,0.0253,-0.10943,0.39531,-0.08744,-0.09935,-0.2674,0.23067,-0.15611,0.61276,-0.06065,0.20961,0.0394,0.14911,-0.05882,0.07413,-0.03912,-0.00972,-0.03253,-0.01606,0.12279,0.18234,0.00357,0.04113,-0.00825,0.00226,0.00122
33.12,0.06516,0.00325,0.06893,0.315,-0.03952,-0.00018,-0.03349,-0.02097,0.08364,0.13771,-0.384,0,0.14207,-0.01168,0.05347,-0.07757,0.22421,-0.00786,-0.07521,-0.27035,0.25208,-0.1418,0.64455,-0.00461,0.24985,0.03586,0.14227,-0.06275,0.02637,-0.04373,-0.00793,-0.02752,-0.01332,0.10746,0.22518,0.02943,0.05575,-0.0114,0.00301,0.00185
33.14,0.05883,0.00186,0.07424,0.29486,-0.04018,-0.01438,-0.02202,-0.03268,0.07981,0.12515,-0.384,0,0.13296,-0.0399,0.09828,-0.02497,0.01933,0.08507,-0.04371,-0.27167,0.28947,-0.12884,0.68833,0.0653,0.29403,0.03071,0.13374,-0.06556,-0.01525,-0.04785,-0.00622,-0.02286,-0.01081,0.09038,0.26166,0.05178,0.07019,-0.01422,0.00286,0.00203
33.16,0.05201,0.00038,0.08046,0.27152,-0.03955,-0.02923,-0.00994,-0.04172,0.08009,0.10803,-0.34418,0,0.11066,-0.08901,0.16156,0.04876,-0.21826,0.1906,-0.00481,-0.27056,0.34738,-0.12124,0.74706,0.15087,0.3427,0.02356,0.12362,-0.06666,-0.04711,-0.05166,-0.00468,-0.01889,-0.00871,0.0714,0.29075,0.07257,0.0835,-0.0163,0.00142,0.00155
33.18,0.04475,-0.00125,0.08767,0.24554,-0.03774,-0.04482,0.00306,-0.048,0.08423,0.08631,-0.27341,0,0.07468,-0.16447,0.24482,0.14431,-0.48688,0.30899,0.04092,-0.26577,0.4299,-0.12147,0.82265,0.25169,0.39679,0.01437,0.11218,-0.06588,-0.06839,-0.05535,-0.00331,-0.01571,-0.00708,0.05074,0.31197,0.09322,0.09494,-0.01733,-0.00155,0.00027
33.2,0.03715,-0.00309,0.0959,0.21798,-0.03507,-0.06117,0.01736,-0.05158,0.09129,0.06027,-0.21068,0,0.02518,-0.27109,0.34876,0.26216,-0.78248,0.44052,0.09209,-0.25571,0.54029,-0.1306,0.9156,0.36471,0.45704,0.00346,0.09993,-0.06341,-0.08049,-0.05912,-0.0021,-0.01328,-0.0059,0.02905,0.32509,0.11444,0.10383,-0.01712,-0.00617,-0.00187
33.22,0.02933,-0.00514,0.10509,0.19014,-0.03202,-0.07822,0.03332,-0.05263,0.09995,0.03038,-0.15598,0,-0.03734,-0.41272,0.47323,0.4025,-1.09794,0.58472,0.14664,-0.23858,0.681,-0.14851,1.02516,0.4847,0.52351,-0.0086,0.08746,-0.0597,-0.08599,-0.06309,-0.00101,-0.01147,-0.00507,0.00725,0.33,0.13617,0.10967,-0.01555,-0.01236,-0.00485
33.24,0.02142,-0.0074,0.11519,0.16314,-0.02903,-0.09577,0.05119,-0.05142,0.10899,-0.00299,-0.10897,0,-0.11262,-0.59209,0.61731,0.56538,-1.42323,0.73971,0.20233,-0.21272,0.85379,-0.1742,1.14971,0.6053,0.59495,-0.02108,0.07527,-0.05527,-0.08727,-0.06728,-2e-05,-0.01015,-0.00452,-0.01377,0.32658,0.15758,0.1122,-0.01261,-0.01985,-0.00851
33.26,0.01348,-0.00979,0.12617,0.13768,-0.02642,-0.11348,0.07104,-0.04839,0.11754,-0.03962,-0.06898,0,-0.20064,-0.80991,0.77879,0.75018,-1.74435,0.90113,0.25684,-0.17686,1.05913,-0.20582,1.28658,0.71934,0.66813,-0.03322,0.06364,-0.05062,-0.08564,-0.07147,0.00083,-0.00926,-0.00419,-0.03331,0.3147,0.177,0.11156,-0.00844,-0.02809,-0.01259
33.28,0.00558,-0.01213,0.13792,0.11418,-0.02442,-0.13073,0.09257,-0.04416,0.1251,-0.07918,-0.03531,0,-0.30109,-1.06318,0.95294,0.95416,-2.04056,1.06068,0.30739,-0.13047,1.29468,-0.24054,1.43103,0.81802,0.73712,-0.04408,0.05272,-0.0462,-0.08108,-0.07522,0.00145,-0.00883,-0.00408,-0.05078,0.29429,0.19175,0.1083,-0.00332,-0.03615,-0.01664
33.3,-0.00214,-0.01416,0.15019,0.093,-0.02312,-0.14649,0.11499,-0.03948,0.13149,-0.12101,-0.00757,0,-0.41288,-1.34412,1.13162,1.17153,-2.28355,1.2057,0.35046,-0.07392,1.5542,-0.27442,1.57553,0.8905,0.79325,-0.05257,0.04259,-0.04253,-0.07243,-0.07785,0.0017,-0.00896,-0.00423,-0.06552,0.26537,0.19817,0.10327,0.00232,-0.0428,-0.02005
33.32,-0.00952,-0.0156,0.16264,0.07441,-0.02257,-0.15956,0.13726,-0.03516,0.13675,-0.16426,0.01441,0,-0.53493,-1.6419,1.30443,1.39459,-2.44319,1.32187,0.38241,-0.00824,1.82896,-0.30298,1.71095,0.92577,0.82689,-0.05759,0.03327,-0.04006,-0.05802,-0.07854,0.00142,-0.0098,-0.00471,-0.07692,0.22819,0.19252,0.09745,0.00793,-0.04671,-0.02216
33.34,-0.01643,-0.0162,0.17497,0.05851,-0.02268,-0.16901,0.15839,-0.03185,0.14116,-0.20818,0.03081,0,-0.66757,-1.9461,1.46106,1.61638,-2.49775,1.39807,0.40059,0.06533,2.1106,-0.32218,1.8288,0.916,0.83063,-0.05842,0.02456,-0.03922,-0.03665,-0.07658,0.00047,-0.01141,-0.00554,-0.08467,0.18325,0.17227,0.09159,0.01306,-0.04688,-0.02248
33.36,-0.02284,-0.01588,0.18699,0.04517,-0.02327,-0.17436,0.17764,-0.02995,0.14518,-0.25226,0.04207,0,-0.81307,-2.248,1.59243,1.83169,-2.44104,1.42956,0.40411,0.14542,2.39219,-0.32906,1.92249,0.85897,0.80136,-0.05496,0.01611,-0.04033,-0.00832,-0.0715,-0.00118,-0.01372,-0.0067,-0.08888,0.13157,0.13715,0.08602,0.0174,-0.04298,-0.02085
33.38,-0.02872,-0.01467,0.19846,0.03411,-0.02403,-0.17564,0.19444,-0.02956,0.14943,-0.29588,0.04874,0,-0.97468,-2.53864,1.68992,2.03572,-2.28426,1.41838,0.39399,0.22992,2.66637,-0.32175,1.98688,0.75896,0.741,-0.04782,0.00736,-0.04357,0.02537,-0.06316,-0.00344,-0.01652,-0.00808,-0.09008,0.07511,0.0896,0.08064,0.02078,-0.0354,-0.01744
33.4,-0.03407,-0.01273,0.20912,0.02505,-0.02456,-0.17329,0.20819,-0.03056,0.15463,-0.33802,0.05145,0,-1.15565,-2.8068,1.74441,2.22247,-2.05403,1.37226,0.37283,0.31553,2.92344,-0.29924,2.01738,0.62665,0.65628,-0.03824,-0.00229,-0.04903,0.06126,-0.05173,-0.00614,-0.01938,-0.00948,-0.08915,0.01697,0.03467,0.07499,0.02311,-0.02521,-0.01275
33.42,-0.03886,-0.01033,0.21864,0.01769,-0.02442,-0.16799,0.21838,-0.03266,0.16152,-0.37748,0.05078,0,-1.35915,-3.03996,1.74671,2.38518,-1.78471,1.30185,0.34413,0.39803,3.15229,-0.26074,2.00994,0.47773,0.55766,-0.02783,-0.01339,-0.05674,0.09534,-0.03763,-0.00903,-0.02185,-0.0107,-0.08714,-0.03927,-0.02141,0.06849,0.02438,-0.01379,-0.00745
33.44,-0.04308,-0.00769,0.22681,0.01158,-0.02327,-0.16049,0.22471,-0.03548,0.17071,-0.41331,0.04732,0,-1.58877,-3.22726,1.68907,2.51791,-1.50744,1.21711,0.31123,0.47316,3.34313,-0.20485,1.96151,0.33072,0.45768,-0.01822,-0.02633,-0.06664,0.12406,-0.02138,-0.01188,-0.02347,-0.01153,-0.08501,-0.09068,-0.07335,0.06066,0.02463,-0.00242,-0.00214
33.46,-0.04679,-0.00499,0.23359,0.00618,-0.02094,-0.15152,0.22724,-0.03864,0.1826,-0.44502,0.0417,0,-1.84817,-3.36105,1.56659,2.61632,-1.24353,1.12509,0.2768,0.53687,3.48884,-0.12925,1.87061,0.20605,0.37026,-0.01077,-0.04119,-0.07861,0.14499,-0.0036,-0.01449,-0.02397,-0.01182,-0.08354,-0.13565,-0.11812,0.05131,0.02396,0.00807,0.00278
33.48,-0.05003,-0.00239,0.23909,0.00081,-0.01745,-0.14181,0.22637,-0.0417,0.19723,-0.47239,0.03458,0,-2.13904,-3.43605,1.37819,2.67699,-1.00479,1.03009,0.24288,0.58497,3.58401,-0.03103,1.73804,0.12687,0.31116,-0.00661,-0.05759,-0.09237,0.15691,0.01491,-0.01674,-0.02317,-0.0115,-0.08327,-0.17369,-0.1549,0.04073,0.02249,0.01728,0.00711
33.5,-0.05285,-0,0.24345,-0.00526,-0.01304,-0.13216,0.22277,-0.04418,0.21425,-0.49521,0.02673,0,-2.45941,-3.44806,1.1271,2.6966,-0.79616,0.93445,0.21121,0.61292,3.62387,0.09237,1.56711,0.11892,0.29796,-0.00664,-0.07469,-0.10745,0.15952,0.03305,-0.01851,-0.02105,-0.01056,-0.08454,-0.20495,-0.1845,0.02961,0.02043,0.02511,0.01081
33.52,-0.0553,0.00207,0.24687,-0.01268,-0.00803,-0.12333,0.21727,-0.04563,0.23298,-0.51329,0.01887,0,-2.80408,-3.39362,0.81991,2.67198,-0.61798,0.83924,0.18314,0.61729,3.60471,0.24177,1.36267,0.20632,0.34699,-0.01126,-0.09138,-0.12324,0.15327,0.04964,-0.01973,-0.01769,-0.00904,-0.08754,-0.22996,-0.20833,0.01891,0.01799,0.03162,0.01389
33.54,-0.05743,0.00376,0.24959,-0.02192,-0.00278,-0.11586,0.21068,-0.04567,0.25252,-0.52659,0.01156,0,-3.16632,-3.27044,0.46495,2.60095,-0.46781,0.74481,0.15945,0.59825,3.52558,0.41443,1.12927,0.40449,0.46837,-0.01996,-0.10672,-0.1392,0.13917,0.06376,-0.02035,-0.01323,-0.00698,-0.09236,-0.24934,-0.22723,0.00949,0.01542,0.03689,0.01639
33.56,-0.05932,0.00505,0.25181,-0.03311,0.00246,-0.10995,0.20377,-0.04413,0.27183,-0.53532,0.00509,0,-3.53783,-3.07829,0.0725,2.48317,-0.34212,0.65141,0.14029,0.56143,3.38987,0.60217,0.87091,0.71434,0.66192,-0.031,-0.12017,-0.15499,0.11877,0.07501,-0.02044,-0.00787,-0.00451,-0.09904,-0.26362,-0.24061,0.00192,0.01298,0.04091,0.01831
33.58,-0.06104,0.00594,0.25378,-0.04596,0.00748,-0.10556,0.1972,-0.04101,0.28953,-0.53989,-0.00046,0,-3.90588,-2.82041,-0.34235,2.32115,-0.2378,0.56011,0.1253,0.5186,3.20654,0.78948,0.59275,1.11882,0.91492,-0.04123,-0.13152,-0.17031,0.0943,0.08342,-0.0201,-0.00193,-0.00175,-0.10749,-0.27311,-0.2461,-0.00351,0.01094,0.04352,0.01957
33.6,-0.0627,0.00647,0.25569,-0.05976,0.01207,-0.10238,0.19165,-0.03649,0.30388,-0.54076,-0.00519,0,-4.25144,-2.50437,-0.75776,2.12054,-0.15305,0.47337,0.11379,0.48705,2.99005,0.95332,0.30262,1.58349,1.20266,-0.04625,-0.14082,-0.18481,0.06864,0.08936,-0.0195,0.00417,0.00109,-0.11748,-0.27773,-0.23969,-0.0067,0.00963,0.04439,0.01999
33.62,-0.06437,0.00665,0.25769,-0.07357,0.01608,-0.10002,0.18768,-0.03086,0.31311,-0.5384,-0.00926,0,-4.55212,-2.14057,-1.14854,1.88867,-0.0871,0.3943,0.10495,0.48644,2.75725,1.0674,0.00967,2.06611,1.49493,-0.04127,-0.14821,-0.19818,0.04481,0.09331,-0.01885,0.00998,0.00378,-0.12872,-0.27728,-0.21691,-0.00772,0.00936,0.04313,0.01939
33.64,-0.06608,0.00652,0.25992,-0.08672,0.01947,-0.09809,0.18558,-0.02438,0.31602,-0.53315,-0.01281,0,-4.78849,-1.73957,-1.4929,1.6321,-0.03907,0.32538,0.09796,0.53399,2.52222,1.1095,-0.27879,2.53169,1.7663,-0.0224,-0.15394,-0.21027,0.02518,0.09576,-0.01831,0.01511,0.00615,-0.14097,-0.27177,-0.17448,-0.00676,0.01031,0.03951,0.01766
33.66,-0.06789,0.00608,0.26251,-0.09902,0.02231,-0.09626,0.18528,-0.01722,0.31239,-0.52528,-0.01591,0,-4.94774,-1.31166,-1.77612,1.35576,-0.00728,0.26764,0.09205,0.64091,2.29361,1.06645,-0.55848,2.96124,2.00218,0.01234,-0.15828,-0.2212,0.0109,0.09705,-0.01799,0.01938,0.00811,-0.15404,-0.26166,-0.11174,-0.00416,0.01253,0.03359,0.01483
33.68,-0.06975,0.00534,0.26553,-0.11069,0.02484,-0.09434,0.18631,-0.0095,0.30309,-0.51494,-0.01849,0,-4.974,-0.86986,-1.98907,1.06483,0.01064,0.22093,0.08663,0.8109,2.07561,0.93543,-0.82635,3.35082,2.19864,0.06254,-0.16146,-0.23127,0.00195,0.09731,-0.01792,0.02272,0.00964,-0.16778,-0.24806,-0.03141,-0.00038,0.01585,0.02578,0.01108
33.7,-0.07162,0.00428,0.26898,-0.1223,0.02735,-0.09226,0.18788,-0.00134,0.28996,-0.50227,-0.02035,0,-4.974,-0.43231,-2.12578,0.7664,0.01735,0.18452,0.08131,1.03992,1.86994,0.72344,-1.07851,3.70602,2.3593,0.12535,-0.16365,-0.24088,-0.00261,0.09647,-0.01807,0.0252,0.01079,-0.1819,-0.23266,0.06044,0.00398,0.01992,0.01686,0.00681
33.72,-0.07338,0.00289,0.27284,-0.13459,0.03019,-0.09001,0.18901,0.00713,0.27538,-0.48741,-0.02123,0,-4.916,-0.01944,-2.18311,0.46852,0.01556,0.15734,0.07601,1.31765,1.67632,0.44531,-1.31058,4.03412,2.49119,0.19589,-0.16491,-0.25043,-0.00411,0.09428,-0.01838,0.02695,0.01164,-0.1961,-0.21749,0.1558,0.00827,0.02427,0.00781,0.00247
33.74,-0.07492,0.00112,0.27709,-0.14833,0.0337,-0.08758,0.18881,0.01582,0.26158,-0.47045,-0.02095,0,-4.73802,0.35215,-2.1619,0.17732,0.00781,0.13811,0.07096,1.62983,1.49218,0.12081,-1.51954,4.33484,2.59991,0.26804,-0.1651,-0.2603,-0.00355,0.09027,-0.01878,0.02809,0.01225,-0.21009,-0.20443,0.24718,0.01191,0.02848,-0.00048,-0.0015
33.76,-0.07613,-0.00107,0.28172,-0.16419,0.03814,-0.08489,0.18661,0.02462,0.25022,-0.4515,-0.01948,0,-4.48542,0.67285,-2.06813,-0.10387,-0.0036,0.1254,0.06683,1.95863,1.31295,-0.22594,-1.70444,4.59313,2.6861,0.3347,-0.16388,-0.27077,-0.00108,0.08377,-0.01922,0.02877,0.01269,-0.22368,-0.19496,0.32884,0.0145,0.03222,-0.00734,-0.00478
33.78,-0.0769,-0.00371,0.28669,-0.18257,0.04367,-0.08181,0.18207,0.03341,0.24241,-0.43086,-0.01698,0,-4.1705,0.93819,-1.91362,-0.37265,-0.01656,0.11778,0.06472,2.28037,1.13358,-0.56415,-1.86503,4.77502,2.74368,0.38729,-0.16072,-0.28197,0.00404,0.07404,-0.01967,0.02909,0.01301,-0.23666,-0.19015,0.39656,0.01581,0.03526,-0.01231,-0.00715
33.8,-0.07713,-0.00681,0.29192,-0.20352,0.05032,-0.07818,0.17507,0.0419,0.2388,-0.40911,-0.0138,0,-3.81152,1.1461,-1.71571,-0.62551,-0.02904,0.114,0.06617,2.56462,0.94995,-0.85562,-2.00038,4.82924,2.76028,0.41579,-0.15488,-0.29373,0.01344,0.06019,-0.02012,0.02915,0.0132,-0.2487,-0.1908,0.44697,0.01571,0.03744,-0.01511,-0.00846
33.82,-0.07669,-0.01039,0.29727,-0.22682,0.05799,-0.07381,0.16572,0.04977,0.23967,-0.38691,-0.01043,0,-3.42949,1.29635,-1.4943,-0.85811,-0.0389,0.11307,0.07303,2.77983,0.75939,-1.06173,-2.10898,4.70091,2.72134,0.41069,-0.14545,-0.30574,0.02936,0.04127,-0.02057,0.02895,0.01326,-0.25937,-0.19739,0.47762,0.01414,0.03864,-0.01556,-0.00864
33.84,-0.07546,-0.01447,0.30259,-0.25204,0.06652,-0.06849,0.15415,0.0566,0.24492,-0.36477,-0.00743,0,-3.04248,1.39145,-1.26724,-1.06725,-0.04373,0.11437,0.08709,2.90341,0.56051,-1.15546,-2.18994,4.35337,2.61664,0.3663,-0.13145,-0.31756,0.05435,0.01621,-0.02103,0.02845,0.01313,-0.2682,-0.21007,0.48753,0.01103,0.03885,-0.01367,-0.00769
33.86,-0.07334,-0.01909,0.30775,-0.27864,0.07568,-0.062,0.14045,0.06204,0.2541,-0.3429,-0.00537,0,-2.66306,1.43721,-1.04804,-1.25149,-0.04068,0.1177,0.10992,2.9284,0.35376,-1.1296,-2.24363,3.78479,2.44541,0.28326,-0.11193,-0.32876,0.09095,-0.01607,-0.0215,0.0275,0.01272,-0.27476,-0.22849,0.47762,0.00625,0.03814,-0.00962,-0.00569
33.88,-0.07028,-0.02427,0.31256,-0.30572,0.08511,-0.05417,0.12482,0.06567,0.26634,-0.32129,-0.00486,0,-2.30051,1.44233,-0.84693,-1.40987,-0.02645,0.12324,0.14259,2.86466,0.14314,-0.99867,-2.27132,3.03613,2.21866,0.16971,-0.08607,-0.33877,0.14132,-0.05644,-0.022,0.02586,0.01193,-0.27857,-0.25176,0.45081,-0.00033,0.03665,-0.00382,-0.00284
33.9,-0.06624,-0.02999,0.31672,-0.33186,0.09424,-0.04493,0.1076,0.067,0.2803,-0.29994,-0.00654,0,-1.96359,1.41751,-0.67251,-1.54055,0.00274,0.13159,0.1855,2.73646,-0.0629,-0.79613,-2.27467,2.18893,1.95868,0.04075,-0.05343,-0.34686,0.20694,-0.1053,-0.02255,0.02321,0.0106,-0.27907,-0.27827,0.41178,-0.00883,0.03465,0.00312,0.00055
33.92,-0.06126,-0.03616,0.31992,-0.35533,0.10244,-0.03436,0.08923,0.06554,0.2943,-0.27886,-0.01098,0,-1.66007,1.37401,-0.53173,-1.64127,0.05102,0.1437,0.23816,2.57527,-0.25377,-0.56475,-2.25562,1.34418,1.69331,-0.08532,-0.01402,-0.3522,0.28807,-0.16238,-0.02313,0.01928,0.00864,-0.27574,-0.30597,0.36609,-0.01929,0.03242,0.01046,0.00412
33.94,-0.05543,-0.04266,0.32176,-0.37443,0.10916,-0.02278,0.07015,0.06091,0.30649,-0.25796,-0.01854,0,-1.3942,1.32197,-0.42858,-1.71096,0.12273,0.16088,0.29886,2.4097,-0.42106,-0.34284,-2.21663,0.58921,1.44691,-0.19287,0.03148,-0.35403,0.38311,-0.22659,-0.02372,0.01393,0.00598,-0.26824,-0.33265,0.31893,-0.03158,0.03024,0.01751,0.00753
33.96,-0.04886,-0.04927,0.32189,-0.38767,0.11402,-0.01081,0.05081,0.05294,0.31496,-0.2371,-0.0292,0,-1.16561,1.26945,-0.36352,-1.75075,0.22197,0.18473,0.36429,2.25931,-0.56109,-0.15557,-2.16103,-0.02248,1.23491,-0.27254,0.08144,-0.35177,0.48784,-0.29568,-0.02424,0.00731,0.00272,-0.25662,-0.3561,0.27437,-0.04535,0.02831,0.02371,0.0105
33.98,-0.04182,-0.05566,0.31994,-0.39373,0.11682,0.00052,0.03175,0.04174,0.31765,-0.21625,-0.04251,0,-0.97102,1.22258,-0.33391,-1.76383,0.3519,0.21695,0.42891,2.13406,-0.67435,-0.01424,-2.09349,-0.4715,1.06416,-0.32157,0.13286,-0.34508,0.59444,-0.36568,-0.02457,-0.00013,-0.00091,-0.24137,-0.374,0.23555,-0.05984,0.02677,0.0286,0.0128
34,-0.03469,-0.06134,0.31552,-0.39134,0.11747,0.00971,0.01378,0.02772,0.31237,-0.19558,-0.05751,0,-0.80619,1.18586,-0.33482,-1.75481,0.51372,0.25899,0.48496,2.03624,-0.76403,0.08114,-2.02009,-0.76479,0.93524,-0.34247,0.18125,-0.33379,0.69134,-0.43061,-0.02457,-0.00757,-0.00452,-0.22348,-0.38374,0.20497,-0.07388,0.02572,0.03178,0.01423
34.02,-0.02795,-0.06573,0.30829,-0.37942,0.11592,0.01505,-0.00215,0.01152,0.29694,-0.17542,-0.07296,0,-0.66671,1.16179,-0.35954,-1.72888,0.70541,0.31126,0.52409,1.96301,-0.83479,0.13766,-1.94757,-0.92577,0.84458,-0.34105,0.2214,-0.31777,0.76563,-0.48347,-0.02409,-0.01412,-0.00766,-0.20417,-0.38277,0.18426,-0.08604,0.0252,0.03292,0.01463
34.04,-0.02201,-0.06828,0.29794,-0.35728,0.11209,0.01498,-0.01514,-0.00623,0.26967,-0.15601,-0.08767,0,-0.5478,1.14997,-0.39997,-1.69088,0.92009,0.37208,0.54015,1.90918,-0.89169,0.1648,-1.88179,-0.98378,0.78648,-0.32393,0.24891,-0.29667,0.80704,-0.51798,-0.02308,-0.01908,-0.01001,-0.18447,-0.36914,0.17364,-0.09495,0.02517,0.03188,0.01392
34.06,-0.01716,-0.06858,0.28428,-0.32492,0.10584,0.00838,-0.02451,-0.02491,0.22964,-0.1374,-0.10064,0,-0.44449,1.14657,-0.44663,-1.64484,1.14424,0.43668,0.53112,1.86932,-0.93936,0.17104,-1.82697,-0.96701,0.75446,-0.29694,0.26106,-0.2699,0.81066,-0.52977,-0.02165,-0.02221,-0.01147,-0.16498,-0.34199,0.1715,-0.0995,0.02548,0.02874,0.01217
34.08,-0.0136,-0.06633,0.26736,-0.28332,0.09704,-0.00535,-0.02969,-0.0438,0.1771,-0.11957,-0.11105,0,-0.35256,1.14421,-0.48835,-1.59419,1.35545,0.49645,0.49957,1.83863,-0.98136,0.16292,-1.78595,-0.90039,0.74199,-0.26488,0.25698,-0.23673,0.77741,-0.51644,-0.02007,-0.02378,-0.01217,-0.14602,-0.30183,0.1744,-0.09883,0.02589,0.02384,0.00956
34.1,-0.01148,-0.06137,0.24752,-0.23452,0.08557,-0.02626,-0.03019,-0.062,0.11368,-0.10262,-0.11813,0,-0.26928,1.13263,-0.51254,-1.54194,1.5227,0.53931,0.4521,1.81325,-1.01984,0.14496,-1.76063,-0.8054,0.74293,-0.23174,0.23733,-0.1966,0.71327,-0.47737,-0.01878,-0.02439,-0.01244,-0.12775,-0.25057,0.17734,-0.09228,0.02605,0.0178,0.00645
34.12,-0.01085,-0.05368,0.2253,-0.18127,0.07143,-0.05388,-0.02575,-0.07856,0.04202,-0.08671,-0.12131,0,-0.19328,1.10115,-0.50737,-1.49025,1.61356,0.55258,0.39737,1.7902,-1.05569,0.11988,-1.75205,-0.69941,0.75187,-0.20055,0.20398,-0.14943,0.62652,-0.4135,-0.01828,-0.02484,-0.01267,-0.11022,-0.19105,0.17479,-0.07954,0.02561,0.01134,0.00321
34.14,-0.01167,-0.0434,0.20125,-0.12636,0.0548,-0.08724,-0.01652,-0.09282,-0.03469,-0.0721,-0.12042,0,-0.12377,1.04227,-0.46538,-1.43957,1.60592,0.52766,0.34318,1.76708,-1.08898,0.08895,-1.7602,-0.59483,0.76438,-0.17328,0.15961,-0.09597,0.5241,-0.32725,-0.01901,-0.02576,-0.01321,-0.09345,-0.12634,0.16225,-0.06072,0.02426,0.00513,0.00022
34.16,-0.01376,-0.03091,0.17588,-0.07234,0.03619,-0.12477,-0.00333,-0.1045,-0.11287,-0.0591,-0.11583,0,-0.06022,0.95435,-0.38611,-1.3882,1.49632,0.46345,0.29474,1.74188,-1.11916,0.05239,-1.78373,-0.49889,0.77722,-0.15071,0.10758,-0.03826,0.40942,-0.22278,-0.02121,-0.02741,-0.01418,-0.07741,-0.05941,0.13725,-0.03657,0.02184,-0.00031,-0.00225
34.18,-0.01674,-0.01694,0.14984,-0.0219,0.01658,-0.16401,0.01222,-0.11373,-0.18798,-0.04817,-0.10856,0,-0.00278,0.84291,-0.27727,-1.33261,1.30258,0.36752,0.25452,1.71317,-1.14489,0.0097,-1.81983,-0.41433,0.78822,-0.13266,0.05232,0.0198,0.28263,-0.10681,-0.02492,-0.02962,-0.01549,-0.06218,0.0064,0.09982,-0.00874,0.01837,-0.00461,-0.00404
34.2,-0.02011,-0.00257,0.12407,0.02186,-0.00253,-0.20151,0.02777,-0.12089,-0.25415,-0.04006,-0.10021,0,0.04732,0.72023,-0.15417,-1.26798,1.06186,0.25547,0.22289,1.68007,-1.16384,-0.03991,-1.86408,-0.34056,0.79603,-0.11822,-0.00063,0.07242,0.14195,0.01116,-0.02997,-0.03182,-0.01687,-0.04806,0.06703,0.05243,0.02027,0.01404,-0.0075,-0.00505
34.22,-0.02333,0.01094,0.09965,0.0558,-0.01936,-0.23339,0.04073,-0.1264,-0.30505,-0.03561,-0.09259,0,0.0881,0.6019,-0.03577,-1.18912,0.8217,0.14713,0.19888,1.64157,-1.17282,-0.09679,-1.91048,-0.27506,0.79959,-0.10613,-0.04555,0.11316,-0.01437,0.12057,-0.03598,-0.03323,-0.0179,-0.03555,0.11828,-0.00079,0.04753,0.00915,-0.00882,-0.00523
34.24,-0.02598,0.0225,0.07746,0.07759,-0.03246,-0.25641,0.04904,-0.13063,-0.3356,-0.03565,-0.08726,0,0.1177,0.50137,0.06137,-1.09152,0.62658,0.06084,0.18092,1.59544,-1.16824,-0.15994,-1.95159,-0.21501,0.79729,-0.09515,-0.07834,0.1371,-0.18568,0.21282,-0.04253,-0.03318,-0.01825,-0.02514,0.15695,-0.05521,0.07049,0.00403,-0.00856,-0.00464
34.26,-0.0279,0.03143,0.05805,0.08627,-0.04093,-0.26863,0.05171,-0.13373,-0.34302,-0.04074,-0.08516,0,0.13486,0.42654,0.12689,-0.97241,0.50936,0.00973,0.16751,1.53759,-1.14638,-0.22621,-1.97846,-0.15855,0.7865,-0.08433,-0.09755,0.14225,-0.36665,0.28312,-0.04905,-0.0313,-0.01771,-0.01729,0.18154,-0.10636,0.0875,-0.001,-0.00689,-0.00338
34.28,-0.02921,0.03739,0.0417,0.08229,-0.0445,-0.26945,0.04892,-0.13558,-0.327,-0.05115,-0.0866,0,0.13893,0.37951,0.15708,-0.8319,0.4902,0.00129,0.15747,1.46238,-1.10361,-0.28953,-1.98034,-0.1056,0.76345,-0.07322,-0.10451,0.12985,-0.54539,0.33033,-0.05491,-0.0276,-0.01624,-0.01243,0.19219,-0.14963,0.0978,-0.00561,-0.00422,-0.00168
34.3,-0.0302,0.04032,0.02864,0.06724,-0.04338,-0.25938,0.04185,-0.13581,-0.28936,-0.06684,-0.09129,0,0.12966,0.35776,0.15366,-0.67349,0.57785,0.03809,0.14998,1.36321,-1.03657,-0.34095,-1.94488,-0.05803,0.7235,-0.06184,-0.10285,0.10393,-0.70327,0.35606,-0.0593,-0.0224,-0.01397,-0.01104,0.19028,-0.18013,0.10125,-0.00945,-0.00109,0.00017
34.32,-0.03131,0.04036,0.01901,0.04347,-0.03811,-0.23967,0.03227,-0.13391,-0.23338,-0.08741,-0.09847,0,0.10737,0.35616,0.1214,-0.50299,0.76969,0.11851,0.14424,1.23369,-0.94243,-0.37051,-1.85971,-0.01897,0.66197,-0.05056,-0.09728,0.06997,-0.81929,0.36364,-0.06141,-0.01623,-0.01114,-0.01351,0.17798,-0.19326,0.09822,-0.01216,0.00185,0.00183
34.34,-0.03291,0.03777,0.0128,0.0135,-0.02945,-0.21189,0.02186,-0.12943,-0.16281,-0.1121,-0.10715,0,0.07329,0.36936,0.0653,-0.32642,1.05091,0.23735,0.13899,1.06899,-0.81945,-0.37033,-1.71512,0.00856,0.57538,-0.03981,-0.09211,0.03315,-0.87737,0.35704,-0.0607,-0.00966,-0.00798,-0.01995,0.15761,-0.18608,0.08942,-0.01349,0.00407,0.00304
34.36,-0.0352,0.03297,0.00974,-0.02019,-0.01832,-0.17778,0.01191,-0.12217,-0.08162,-0.13963,-0.11613,0,0.02989,0.39336,-0.01121,-0.14924,1.39269,0.38573,0.13214,0.8675,-0.66767,-0.33676,-1.50648,0.02256,0.4626,-0.0299,-0.09019,-0.00272,-0.87138,0.34022,-0.05698,-0.00315,-0.00471,-0.03,0.13135,-0.15822,0.07585,-0.0134,0.00526,0.00364
34.38,-0.03822,0.02651,0.00938,-0.05499,-0.00584,-0.13937,0.00326,-0.11224,0.00556,-0.168,-0.12401,0,-0.01869,0.4258,-0.10616,0.02256,1.74926,0.55003,0.12071,0.63262,-0.49023,-0.27115,-1.23622,0.02205,0.32593,-0.02105,-0.09263,-0.03527,-0.80622,0.31697,-0.05059,0.00292,-0.00154,-0.04273,0.10138,-0.11228,0.05887,-0.01198,0.00532,0.00358
34.4,-0.04179,0.01912,0.01111,-0.088,0.00662,-0.09924,-0.00361,-0.10009,0.09303,-0.19441,-0.12915,0,-0.06665,0.46546,-0.21827,0.18136,2.05892,0.71173,0.10113,0.37359,-0.29408,-0.1795,-0.91456,0.00702,0.17152,-0.01348,-0.09903,-0.06313,-0.69647,0.29101,-0.04225,0.00817,0.00133,-0.05664,0.06998,-0.05363,0.04022,-0.00955,0.00436,0.00296
34.42,-0.04562,0.01156,0.01425,-0.11629,0.01764,-0.06012,-0.00845,-0.08636,0.17465,-0.21572,-0.12988,0,-0.10767,0.51105,-0.34546,0.31892,2.25639,0.8503,0.0702,0.10359,-0.08875,-0.07092,-0.55729,-0.02155,0.00811,-0.00732,-0.10798,-0.08565,-0.56191,0.26559,-0.03295,0.01228,0.00372,-0.06996,0.03939,0.01079,0.02176,-0.00646,0.00261,0.00189
34.44,-0.04938,0.00452,0.01813,-0.13739,0.02607,-0.02439,-0.01123,-0.07175,0.24517,-0.22934,-0.12493,0,-0.13671,0.55949,-0.48326,0.42863,2.29283,0.94835,0.02645,-0.16396,0.11601,0.0448,-0.18177,-0.0614,-0.15523,-0.00247,-0.11788,-0.10256,-0.42123,0.24301,-0.02362,0.01504,0.00547,-0.08116,0.01149,0.07427,0.00508,-0.00311,0.00036,0.00053
34.46,-0.05283,-0.00153,0.02217,-0.14968,0.03125,0.00623,-0.01202,-0.05686,0.30094,-0.23371,-0.11364,0,-0.15127,0.60457,-0.6231,0.50686,2.14971,0.99482,-0.02874,-0.41702,0.31118,0.15828,0.19455,-0.10866,-0.31011,0.00149,-0.12742,-0.11372,-0.28827,0.22426,-0.01496,0.01638,0.00653,-0.08919,-0.01234,0.13138,-0.00874,0.00021,-0.00217,-0.00096
34.48,-0.05574,-0.00628,0.02581,-0.15226,0.03298,0.03053,-0.01105,-0.04232,0.33957,-0.22843,-0.09616,0,-0.15146,0.6362,-0.7508,0.55257,1.84297,0.98529,-0.09048,-0.64339,0.48718,0.26008,0.55159,-0.15739,-0.44791,0.00528,-0.1356,-0.11896,-0.17199,0.20916,-0.0075,0.01636,0.00689,-0.09353,-0.03108,0.17781,-0.01908,0.00323,-0.00473,-0.00246
34.5,-0.05791,-0.0095,0.02854,-0.14488,0.03148,0.04753,-0.00859,-0.02887,0.35949,-0.21409,-0.0734,0,-0.13964,0.64093,-0.8467,0.56651,1.41932,0.92098,-0.1505,-0.8292,0.63282,0.3401,0.86481,-0.19967,-0.55887,0.00989,-0.14171,-0.11801,-0.07778,0.19658,-0.00161,0.01518,0.00661,-0.09408,-0.04386,0.20991,-0.02567,0.00574,-0.0071,-0.00382
34.52,-0.05916,-0.01109,0.02992,-0.12782,0.02719,0.05657,-0.00495,-0.01727,0.35992,-0.19191,-0.04689,0,-0.11936,0.60494,-0.88984,0.55078,0.94109,0.80697,-0.19928,-0.96074,0.73691,0.38877,1.1089,-0.22702,-0.63346,0.01638,-0.14525,-0.11059,-0.00808,0.18496,0.00243,0.01305,0.00578,-0.091,-0.05002,0.22498,-0.02845,0.00754,-0.00908,-0.00494
34.54,-0.05939,-0.01107,0.02965,-0.10189,0.02063,0.05752,-0.00042,-0.00803,0.34117,-0.1634,-0.01844,0,-0.09401,0.51883,-0.86504,0.50873,0.46383,0.65009,-0.22934,-1.02843,0.79167,0.39937,1.26511,-0.23271,-0.66513,0.02575,-0.14595,-0.09671,0.03723,0.17288,0.00452,0.01021,0.0045,-0.08466,-0.04934,0.22187,-0.02758,0.00855,-0.01055,-0.00572
34.56,-0.0586,-0.00959,0.02763,-0.06856,0.01231,0.05101,0.00478,-0.00129,0.30496,-0.13013,0.00997,0,-0.06602,0.38136,-0.76791,0.44515,0.02279,0.45816,-0.23745,-1.02953,0.79503,0.36973,1.32599,-0.21341,-0.65222,0.03871,-0.14377,-0.07683,0.06062,0.15949,0.00473,0.00684,0.00286,-0.07554,-0.04221,0.20154,-0.02344,0.00876,-0.01147,-0.00616
34.58,-0.05688,-0.00694,0.02398,-0.03017,0.00276,0.03847,0.01046,0.00314,0.25477,-0.09392,0.03601,0,-0.03681,0.20122,-0.60665,0.36667,-0.36731,0.2411,-0.22505,-0.96858,0.75104,0.30272,1.29584,-0.16968,-0.59838,0.05561,-0.13892,-0.05213,0.0665,0.14476,0.00333,0.00309,0.00094,-0.06432,-0.02969,0.16724,-0.01662,0.00832,-0.01191,-0.0063
34.6,-0.05442,-0.00358,0.01906,0.00996,-0.00745,0.02209,0.01641,0.0057,0.19575,-0.05706,0.05686,0,-0.0071,-0.00332,-0.40115,0.28187,-0.70706,0.01181,-0.19767,-0.85648,0.66901,0.20589,1.18884,-0.10563,-0.51201,0.07632,-0.13185,-0.02448,0.06078,0.12945,0.00073,-0.00089,-0.00114,-0.05188,-0.01347,0.12433,-0.00789,0.00742,-0.012,-0.00624
34.62,-0.05149,2e-05,0.01333,0.04808,-0.01772,0.00436,0.02244,0.007,0.13384,-0.02198,0.06956,0,0.02284,-0.20886,-0.17768,0.19993,-1.00598,-0.21536,-0.16306,-0.70786,0.56124,0.08966,1.0249,-0.02751,-0.40414,0.10007,-0.12311,0.00383,0.04974,0.11478,-0.00259,-0.00493,-0.00327,-0.03917,0.00443,0.07907,0.00183,0.00632,-0.01193,-0.00608
34.64,-0.0483,0.00343,0.00725,0.08096,-0.02753,-0.01252,0.02833,0.00776,0.07431,0.00929,0.0717,0,0.05293,-0.39403,0.03902,0.12855,-1.27568,-0.42771,-0.12871,-0.53761,0.43981,-0.03518,0.82443,0.05834,-0.28553,0.12542,-0.11323,0.03076,0.03864,0.1019,-0.00615,-0.00888,-0.00534,-0.02699,0.02214,0.0368,0.01175,0.00523,-0.01183,-0.00594
34.66,-0.04503,0.00633,0.00121,0.10645,-0.03648,-0.027,0.03391,0.00867,0.02095,0.03539,0.06182,0,0.08295,-0.5437,0.23039,0.07261,-1.52428,-0.61569,-0.10023,-0.35905,0.31488,-0.1588,0.60545,0.1466,-0.16512,0.15002,-0.10263,0.05475,0.03086,0.0915,-0.00958,-0.01258,-0.00724,-0.01589,0.03816,0.00087,0.02121,0.00428,-0.01175,-0.00583
34.68,-0.04181,0.00855,-0.00448,0.12341,-0.04421,-0.03813,0.03893,0.01046,-0.02372,0.05551,0.03964,0,0.11229,-0.64887,0.38376,0.03437,-1.75304,-0.77172,-0.08117,-0.18485,0.19523,-0.27176,0.38449,0.23258,-0.05051,0.17041,-0.09168,0.07462,0.02769,0.08384,-0.01257,-0.01582,-0.00887,-0.00622,0.05131,-0.02735,0.02967,0.00351,-0.01166,-0.00574
34.7,-0.03877,0.01003,-0.0095,0.13144,-0.05039,-0.04547,0.0431,0.01381,-0.05797,0.06912,0.00596,0,0.13976,-0.70521,0.49078,0.01407,-1.95508,-0.88887,-0.07321,-0.02797,0.08896,-0.36423,0.1778,0.31157,0.0512,0.1821,-0.08081,0.08945,0.02862,0.07887,-0.01488,-0.01835,-0.01008,0.00179,0.06065,-0.04804,0.03662,0.00287,-0.01145,-0.0056
34.72,-0.036,0.01074,-0.01356,0.1307,-0.05471,-0.04893,0.04608,0.01926,-0.08082,0.07601,-0.03749,0,0.16379,-0.71249,0.54729,0.01043,-2.11787,-0.96134,-0.07603,0.09952,0.00299,-0.427,0.00015,0.37873,0.13384,0.18054,-0.07039,0.09854,0.03205,0.07631,-0.01632,-0.01989,-0.01077,0.008,0.06548,-0.06224,0.04165,0.00228,-0.011,-0.00533
34.74,-0.03356,0.01073,-0.0165,0.12195,-0.05701,-0.04871,0.04765,0.02708,-0.09216,0.07632,-0.08838,0,0.18288,-0.67456,0.55427,0.02096,-2.22811,-0.98634,-0.08684,0.18918,-0.05843,-0.45346,-0.13822,0.42943,0.19336,0.16275,-0.0607,0.10166,0.03623,0.07574,-0.01679,-0.02029,-0.01086,0.01243,0.06556,-0.0712,0.04448,0.00168,-0.01019,-0.00485
34.76,-0.03142,0.0101,-0.01827,0.10646,-0.0574,-0.0453,0.04769,0.0371,-0.09293,0.07068,-0.14383,0,0.19588,-0.59965,0.51862,0.04218,-2.27493,-0.96536,-0.10009,0.23786,-0.09457,-0.44099,-0.23317,0.45936,0.2285,0.12851,-0.05184,0.09916,0.03998,0.07665,-0.01632,-0.01954,-0.01037,0.0153,0.06125,-0.07583,0.04508,0.00103,-0.00901,-0.00415
34.78,-0.02955,0.00898,-0.01898,0.0862,-0.05619,-0.03941,0.04628,0.04862,-0.08505,0.06022,-0.19993,0,0.2019,-0.50091,0.45351,0.0695,-2.25003,-0.90457,-0.10723,0.24759,-0.10809,-0.39131,-0.28625,0.46423,0.24061,0.08087,-0.0438,0.09204,0.04277,0.07848,-0.01508,-0.01785,-0.00939,0.01697,0.05353,-0.07653,0.04361,0.00033,-0.00755,-0.0033
34.8,-0.02787,0.00753,-0.01883,0.06377,-0.05392,-0.03201,0.04362,0.06042,-0.07126,0.04654,-0.25164,0,0.20026,-0.39589,0.37736,0.09735,-2.14721,-0.81409,-0.0974,0.22466,-0.10435,-0.31009,-0.30335,0.43983,0.23311,0.02595,-0.03652,0.08185,0.04467,0.08059,-0.01334,-0.01557,-0.00811,0.01791,0.04396,-0.07321,0.04044,-0.00035,-0.00598,-0.00239
34.82,-0.02629,0.00595,-0.01808,0.04199,-0.0512,-0.02415,0.03999,0.07098,-0.05467,0.03144,-0.29341,0,0.19058,-0.30286,0.30977,0.11999,-1.96248,-0.70551,-0.06036,0.17794,-0.08996,-0.20594,-0.29287,0.3833,0.21061,-0.02861,-0.02997,0.07036,0.04616,0.08235,-0.01144,-0.01315,-0.00678,0.0186,0.03433,-0.06548,0.03605,-0.00092,-0.00455,-0.0016
34.84,-0.02472,0.00441,-0.01697,0.02327,-0.04848,-0.01667,0.03559,0.07894,-0.03799,0.01646,-0.32066,0,0.17315,-0.2352,0.26536,0.13281,-1.69492,-0.58824,0.00911,0.11688,-0.07105,-0.08887,-0.26359,0.29533,0.17801,-0.07604,-0.02414,0.05914,0.04787,0.08319,-0.00966,-0.01098,-0.00559,0.01937,0.02619,-0.053,0.0309,-0.00129,-0.00347,-0.00104
34.86,-0.02307,0.00304,-0.01571,0.00916,-0.04601,-0.01011,0.03057,0.0833,-0.02318,0.00271,-0.33058,0,0.14915,-0.19774,0.24971,0.13326,-1.34834,-0.46754,0.10787,0.05037,-0.05218,0.03023,-0.22345,0.18201,0.13997,-0.11192,-0.01902,0.04929,0.05037,0.08272,-0.0082,-0.00936,-0.00469,0.02032,0.02052,-0.03578,0.0254,-0.00141,-0.0029,-0.00082
34.88,-0.02127,0.00193,-0.01447,0.0004,-0.04372,-0.00471,0.025,0.08348,-0.01143,-0.00912,-0.32222,0,0.1209,-0.18612,0.25847,0.12097,-0.93406,-0.34475,0.22292,-0.01309,-0.03613,0.13887,-0.17951,0.05612,0.10102,-0.13427,-0.01475,0.04143,0.05416,0.08067,-0.00718,-0.00845,-0.00418,0.02128,0.01773,-0.01436,0.01991,-0.00123,-0.00295,-0.00098
34.9,-0.01926,0.00118,-0.01338,-0.0029,-0.04139,-0.00045,0.0189,0.07924,-0.0033,-0.01864,-0.29628,0,0.09183,-0.18842,0.27885,0.09753,-0.47246,-0.21878,0.33225,-0.06511,-0.02419,0.22271,-0.13802,-0.06332,0.06574,-0.14305,-0.01151,0.0358,0.05958,0.07695,-0.00662,-0.0083,-0.00408,0.02185,0.01771,0.01014,0.01481,-0.00076,-0.00365,-0.00152
34.92,-0.01703,0.00082,-0.01253,-0.00116,-0.03866,0.00281,0.01233,0.07066,0.00114,-0.02572,-0.2546,0,0.06566,-0.18939,0.29437,0.06582,0.00984,-0.08798,0.41074,-0.09851,-0.01651,0.26826,-0.10406,-0.15551,0.03808,-0.13957,-0.00953,0.03238,0.06679,0.07154,-0.0065,-0.00889,-0.00439,0.02153,0.02002,0.03623,0.01044,-1e-05,-0.00498,-0.00239
34.94,-0.01456,0.00086,-0.01195,0.00485,-0.03528,0.00532,0.00532,0.05803,0.00224,-0.0305,-0.1996,0,0.04514,-0.17661,0.29157,0.029,0.48549,0.04777,0.43906,-0.10913,-0.01254,0.26728,-0.08052,-0.20495,0.02032,-0.12585,-0.00885,0.03087,0.07566,0.06455,-0.00674,-0.01011,-0.00505,0.02,0.02398,0.0624,0.00702,0.00097,-0.00687,-0.00353
34.96,-0.01185,0.00127,-0.01163,0.01403,-0.03117,0.00732,-0.00201,0.04199,0.00074,-0.03341,-0.13416,0,0.03123,-0.14464,0.26469,-0.00997,0.92869,0.18502,0.40989,-0.09716,-0.01133,0.22005,-0.06766,-0.20623,0.01234,-0.10424,-0.00926,0.03077,0.08566,0.05616,-0.00722,-0.01181,-0.00596,0.01721,0.02887,0.08729,0.00464,0.0021,-0.00915,-0.00485
34.98,-0.00897,0.00195,-0.01147,0.02491,-0.02652,0.00906,-0.00943,0.02351,-0.00225,-0.03515,-0.062,0,0.02302,-0.09636,0.21704,-0.04821,1.31217,0.31525,0.32956,-0.06748,-0.01163,0.13639,-0.06301,-0.16514,0.01155,-0.0775,-0.0102,0.03137,0.09579,0.04668,-0.0078,-0.01371,-0.007,0.01352,0.03383,0.10957,0.00324,0.00329,-0.01161,-0.0062
35,-0.00599,0.00275,-0.01135,0.03567,-0.02176,0.01073,-0.01658,0.00407,-0.00528,-0.03661,0.012,0,0.01806,-0.04205,0.15995,-0.08271,1.60522,0.4248,0.21645,-0.02912,-0.01194,0.03461,-0.06187,-0.09717,0.0133,-0.04878,-0.01087,0.03182,0.10457,0.03662,-0.00829,-0.0155,-0.00796,0.0096,0.03789,0.12773,0.00267,0.00439,-0.0139,-0.00741
35.02,-0.00305,0.00352,-0.01111,0.04441,-0.01744,0.0125,-0.02301,-0.01467,-0.00687,-0.03865,0.08237,0,0.01319,0.00452,0.10842,-0.1105,1.77901,0.49849,0.09498,0.00695,-0.01065,-0.06303,-0.05841,-0.02279,0.01208,-0.02127,-0.01039,0.03124,0.11035,0.02658,-0.0085,-0.01681,-0.00866,0.00628,0.04011,0.14038,0.00271,0.00523,-0.01569,-0.00829
35.04,-0.00026,0.0041,-0.01061,0.04954,-0.01402,0.01444,-0.02841,-0.03125,-0.00579,-0.04191,0.14418,0,0.00559,0.03192,0.07474,-0.12924,1.81683,0.5257,-0.01306,0.03096,-0.00626,-0.13712,-0.04732,0.03939,0.00328,0.00243,-0.00808,0.02895,0.11183,0.01714,-0.0083,-0.01736,-0.00893,0.00425,0.03981,0.14658,0.00313,0.00569,-0.01668,-0.00871
35.06,0.00233,0.00442,-0.00975,0.05008,-0.0117,0.01658,-0.03262,-0.04464,-0.00133,-0.04655,0.19362,0,-0.00642,0.03506,0.06419,-0.13754,1.72148,0.50454,-0.0941,0.03647,0.00249,-0.17556,-0.02492,0.07706,-0.0156,0.02072,-0.00365,0.02459,0.10842,0.00875,-0.00759,-0.01701,-0.00868,0.00385,0.03669,0.14619,0.00368,0.00572,-0.01675,-0.0086
35.08,0.00466,0.00443,-0.00851,0.04571,-0.01043,0.01884,-0.03572,-0.05419,0.00659,-0.05221,0.22777,0,-0.0231,0.01605,0.07408,-0.13495,1.51735,0.44293,-0.14364,0.0208,0.01649,-0.17429,0.01043,0.085,-0.04452,0.03291,0.0027,0.01824,0.1003,0.00178,-0.0064,-0.01575,-0.00793,0.00505,0.03093,0.1399,0.00418,0.00534,-0.01588,-0.00798
35.1,0.00671,0.00416,-0.00693,0.0367,-0.00997,0.02105,-0.03789,-0.05953,0.01748,-0.05806,0.24415,0,-0.04338,-0.01664,0.09478,-0.12178,1.24792,0.35737,-0.16463,-0.01534,0.03623,-0.13625,0.05829,0.06424,-0.08107,0.03902,0.01034,0.01033,0.08839,-0.00338,-0.00483,-0.01371,-0.00673,0.0075,0.02311,0.12912,0.0044,0.00461,-0.01424,-0.00693
35.12,0.00845,0.00365,-0.00507,0.02374,-0.00996,0.02298,-0.03938,-0.06052,0.03045,-0.06297,0.24093,0,-0.06538,-0.05123,0.11311,-0.09894,0.96516,0.26841,-0.16464,-0.06882,0.06177,-0.06912,0.11668,0.02033,-0.12135,0.03958,0.01838,0.00157,0.07402,-0.00641,-0.003,-0.01109,-0.0052,0.01066,0.01407,0.11552,0.00419,0.00365,-0.01203,-0.0056
35.14,0.00987,0.00297,-0.00303,0.00774,-0.01009,0.02438,-0.04043,-0.05727,0.04456,-0.06597,0.21738,0,-0.08716,-0.07688,0.11705,-0.06768,0.71395,0.19406,-0.15206,-0.13537,0.09268,0.01761,0.18287,-0.03889,-0.16146,0.03547,0.02601,-0.00732,0.05843,-0.0071,-0.00108,-0.0081,-0.00348,0.01408,0.00461,0.10045,0.00343,0.00255,-0.00948,-0.00411
35.16,0.011,0.00219,-0.00092,-0.0103,-0.01016,0.02505,-0.04117,-0.05024,0.05893,-0.06642,0.17443,0,-0.10725,-0.08655,0.09909,-0.02967,0.52233,0.14546,-0.13363,-0.21022,0.12792,0.11429,0.25362,-0.10452,-0.19826,0.02782,0.03268,-0.0157,0.04254,-0.00551,0.00081,-0.00492,-0.00166,0.0175,-0.00464,0.08453,0.00208,0.00139,-0.00676,-0.00255
35.18,0.01191,0.00137,0.00114,-0.02916,-0.01012,0.02482,-0.04168,-0.04027,0.07267,-0.06411,0.11499,0,-0.12459,-0.0776,0.05706,0.01284,0.40052,0.12628,-0.1139,-0.28769,0.16554,0.2109,0.32482,-0.16648,-0.22937,0.01803,0.03809,-0.023,0.02699,-0.00188,0.00255,-0.00166,0.00016,0.02086,-0.01318,0.06774,0.0002,0.00021,-0.004,-0.00099
35.2,0.01264,0.00059,0.00297,-0.0473,-0.01008,0.02356,-0.04191,-0.02854,0.08486,-0.05918,0.04399,0,-0.13835,-0.05132,-0.00619,0.05681,0.34404,0.13376,-0.0955,-0.36098,0.20259,0.29664,0.39111,-0.21349,-0.25285,0.00778,0.04213,-0.02867,0.01224,0.00328,0.00401,0.00154,0.00189,0.0243,-0.02061,0.04957,-0.00207,-0.00095,-0.00134,0.00053
35.22,0.01328,-6e-05,0.00441,-0.06315,-0.01018,0.02116,-0.04176,-0.01644,0.09462,-0.05205,-0.03243,0,-0.14794,-0.01161,-0.08461,0.09886,0.33907,0.16109,-0.0796,-0.42311,0.23556,0.3613,0.44685,-0.23478,-0.26723,-0.00126,0.04482,-0.03221,-0.00153,0.00936,0.00511,0.00457,0.00345,0.02802,-0.02655,0.02928,-0.00455,-0.0021,0.00115,0.00198
35.24,0.01388,-0.00053,0.00531,-0.07545,-0.01057,0.01751,-0.04111,-0.00524,0.10138,-0.04325,-0.10831,0,-0.153,0.03688,-0.17137,0.1361,0.36904,0.20046,-0.06649,-0.46884,0.26136,0.39773,0.48775,-0.22304,-0.27178,-0.00773,0.04625,-0.03329,-0.0146,0.01576,0.00578,0.0074,0.00481,0.0322,-0.0307,0.0063,-0.00704,-0.00323,0.00339,0.00334
35.26,0.01449,-0.00078,0.00556,-0.08352,-0.01133,0.01256,-0.03985,0.00405,0.10508,-0.0334,-0.17855,0,-0.15352,0.08971,-0.26028,0.16657,0.41885,0.24498,-0.05604,-0.49579,0.27779,0.40343,0.51189,-0.17653,-0.26672,-0.0109,0.04657,-0.03186,-0.02783,0.02192,0.00606,0.01004,0.00596,0.0369,-0.03284,-0.01953,-0.00939,-0.00434,0.00539,0.00461
35.28,0.01512,-0.0008,0.00512,-0.08725,-0.01242,0.00632,-0.03792,0.01065,0.10613,-0.02321,-0.23855,0,-0.14976,0.14262,-0.3455,0.18911,0.47578,0.2889,-0.04786,-0.50448,0.28355,0.38086,0.51973,-0.09984,-0.25325,-0.01063,0.04597,-0.02817,-0.04257,0.02734,0.00605,0.01255,0.00697,0.04202,-0.03281,-0.04766,-0.01148,-0.00543,0.0072,0.00576
35.3,0.01578,-0.00061,0.00399,-0.08697,-0.01371,-0.0011,-0.03532,0.01396,0.10534,-0.01356,-0.28373,0,-0.14224,0.19115,-0.42092,0.20307,0.52909,0.32724,-0.04146,-0.49776,0.27809,0.33674,0.51374,-0.00346,-0.23347,-0.00732,0.04467,-0.02272,-0.06044,0.03154,0.00593,0.01505,0.00791,0.04728,-0.03047,-0.07671,-0.01321,-0.00649,0.00884,0.00678
35.32,0.01645,-0.00022,0.00219,-0.08333,-0.015,-0.0095,-0.03212,0.01346,0.10367,-0.00539,-0.30995,0,-0.13162,0.23069,-0.48038,0.20818,0.56998,0.35577,-0.03631,-0.47972,0.26149,0.28002,0.49756,0.09891,-0.20996,-0.00172,0.04286,-0.01611,-0.08282,0.03404,0.00587,0.01759,0.00888,0.05222,-0.02574,-0.10479,-0.0145,-0.00749,0.01039,0.00762
35.34,0.01711,0.00033,-0.0002,-0.0771,-0.01599,-0.01863,-0.0285,0.00883,0.10194,0.00051,-0.31441,0,-0.1185,0.25699,-0.51848,0.20462,0.59179,0.37123,-0.0319,-0.45427,0.23455,0.21902,0.47511,0.19434,-0.18528,0.0053,0.04066,-0.00883,-0.11008,0.03451,0.00601,0.02018,0.0099,0.05638,-0.01861,-0.12998,-0.01531,-0.00839,0.01188,0.00827
35.36,0.01776,0.00103,-0.00308,-0.06911,-0.01635,-0.0282,-0.02479,-0.0001,0.10063,0.00356,-0.29643,0,-0.10342,0.26629,-0.53105,0.19309,0.59007,0.37144,-0.02782,-0.42426,0.19887,0.15973,0.45004,0.27307,-0.16159,0.01291,0.03813,-0.00116,-0.14109,0.03281,0.0064,0.02269,0.01095,0.05926,-0.00924,-0.15066,-0.01569,-0.00917,0.01329,0.00869
35.38,0.01839,0.00186,-0.00629,-0.06025,-0.01568,-0.03776,-0.02154,-0.01324,0.09981,0.00348,-0.2576,0,-0.08693,0.25531,-0.51507,0.17481,0.56251,0.35525,-0.02378,-0.39151,0.1572,0.10583,0.4258,0.32845,-0.14085,0.0203,0.03522,0.00687,-0.17274,0.029,0.00699,0.02487,0.0119,0.06037,0.002,-0.16541,-0.01577,-0.00977,0.01458,0.00887
35.4,0.019,0.0028,-0.00961,-0.05156,-0.01353,-0.04671,-0.01944,-0.03018,0.09924,0.00016,-0.20167,0,-0.06965,0.22125,-0.46858,0.1516,0.50886,0.32248,-0.01966,-0.35706,0.11344,0.05924,0.40567,0.3563,-0.12485,0.02662,0.03187,0.01532,-0.20013,0.02334,0.00763,0.02631,0.01255,0.05921,0.01449,-0.17285,-0.01574,-0.01011,0.01565,0.0088
35.42,0.01959,0.00381,-0.01277,-0.04406,-0.00951,-0.05438,-0.0192,-0.05026,0.09848,-0.0063,-0.13374,0,-0.05227,0.16236,-0.39109,0.12561,0.43064,0.2739,-0.01545,-0.32152,0.07194,0.02067,0.39232,0.35476,-0.11509,0.0311,0.02799,0.02426,-0.21773,0.01623,0.00812,0.02659,0.01268,0.05536,0.02742,-0.17185,-0.01577,-0.01014,0.01636,0.00848
35.44,0.02014,0.00487,-0.01554,-0.03859,-0.00342,-0.06023,-0.02127,-0.07255,0.09718,-0.01563,-0.05905,0,-0.03531,0.07897,-0.28431,0.099,0.33093,0.21117,-0.01113,-0.2853,0.03642,-0.00999,0.38706,0.32452,-0.11226,0.03327,0.02359,0.03367,-0.22142,0.00812,0.0083,0.02542,0.01213,0.0486,0.04002,-0.16191,-0.01601,-0.0098,0.01661,0.0079
35.46,0.02063,0.00592,-0.01775,-0.03572,0.00461,-0.06397,-0.02566,-0.09585,0.09519,-0.02732,0.01757,0,-0.01915,-0.02552,-0.15315,0.07373,0.2146,0.13719,-0.0067,-0.24902,0.0092,-0.03326,0.38927,0.26932,-0.11599,0.03304,0.01879,0.04326,-0.20982,-0.00054,0.00812,0.02279,0.0109,0.03912,0.05161,-0.14353,-0.01649,-0.0091,0.01636,0.00712
35.48,0.02106,0.00688,-0.01928,-0.03569,0.01407,-0.06557,-0.03183,-0.11848,0.09265,-0.04055,0.09124,0,-0.00405,-0.1436,-0.00684,0.0518,0.08918,0.05661,-0.00213,-0.21382,-0.00872,-0.04983,0.39628,0.19629,-0.12469,0.03079,0.0139,0.05243,-0.18469,-0.0092,0.00762,0.01902,0.00912,0.02755,0.06154,-0.11836,-0.01714,-0.00811,0.01563,0.00617
35.5,0.02136,0.00766,-0.02003,-0.03852,0.02402,-0.0652,-0.03877,-0.13821,0.08992,-0.05416,0.15661,0,0.00966,-0.26365,0.14086,0.03528,-0.03473,-0.02393,0.00258,-0.18152,-0.01733,-0.0603,0.40365,0.11578,-0.13576,0.02723,0.00943,0.06021,-0.15057,-0.01721,0.0069,0.01473,0.00709,0.01498,0.06913,-0.08916,-0.01776,-0.00693,0.01451,0.00515
35.52,0.0215,0.00814,-0.01996,-0.04398,0.03336,-0.06315,-0.04524,-0.15267,0.08748,-0.06683,0.20847,0,0.02165,-0.37232,0.27451,0.02606,-0.14518,-0.09701,0.00743,-0.15414,-0.01741,-0.06522,0.40614,0.03936,-0.14608,0.02327,0.00595,0.06554,-0.11336,-0.02389,0.00615,0.01062,0.00516,0.00277,0.07373,-0.05925,-0.01812,-0.0057,0.01313,0.00417
35.54,0.02146,0.00824,-0.01905,-0.0517,0.04108,-0.05977,-0.05015,-0.16006,0.08566,-0.07734,0.243,0,0.03169,-0.45864,0.38164,0.02515,-0.2318,-0.15643,0.01252,-0.13299,-0.01029,-0.06517,0.39918,-0.02341,-0.15283,0.01964,0.00392,0.06767,-0.07814,-0.02869,0.00549,0.0073,0.00361,-0.0079,0.07495,-0.03155,-0.01804,-0.00454,0.01161,0.0033
35.56,0.02121,0.00796,-0.01735,-0.06108,0.04654,-0.05539,-0.05283,-0.15961,0.0845,-0.08482,0.25851,0,0.03973,-0.5165,0.45566,0.03233,-0.28763,-0.19852,0.01809,-0.11816,0.00219,-0.0609,0.37994,-0.06689,-0.154,0.01673,0.00357,0.06642,-0.04788,-0.03129,0.00496,0.00505,0.00258,-0.01623,0.07275,-0.00805,-0.01744,-0.00354,0.01008,0.00261
35.58,0.02078,0.00731,-0.01497,-0.07126,0.04944,-0.05041,-0.05308,-0.15171,0.0837,-0.08867,0.25551,0,0.04583,-0.54481,0.49596,0.04594,-0.30909,-0.22209,0.02445,-0.10845,0.01765,-0.05335,0.34765,-0.08954,-0.14852,0.01454,0.00484,0.06228,-0.0233,-0.03161,0.0045,0.00382,0.00203,-0.02175,0.0675,0.01013,-0.01637,-0.00274,0.00862,0.00213
35.6,0.02022,0.00642,-0.01212,-0.08112,0.04976,-0.04523,-0.05105,-0.13771,0.08271,-0.08851,0.23633,0,0.05009,-0.54655,0.5067,0.06306,-0.29516,-0.22778,0.03195,-0.10169,0.0332,-0.04366,0.30355,-0.09316,-0.13615,0.01277,0.00746,0.0563,-0.00337,-0.02976,0.00399,0.00328,0.0018,-0.02428,0.05995,0.02249,-0.01498,-0.00217,0.00734,0.00185
35.62,0.01959,0.0054,-0.00902,-0.0894,0.04765,-0.04026,-0.04719,-0.11956,0.08083,-0.08419,0.20444,0,0.05265,-0.52712,0.49489,0.08015,-0.24645,-0.21741,0.04095,-0.09527,0.04591,-0.03303,0.25032,-0.0816,-0.11738,0.01098,0.01104,0.04982,0.01394,-0.02599,0.00325,0.00297,0.00165,-0.02385,0.05104,0.02902,-0.0135,-0.00182,0.00632,0.00177
35.64,0.01895,0.00437,-0.00587,-0.09508,0.04341,-0.03585,-0.04197,-0.09918,0.0775,-0.07576,0.16362,0,0.05372,-0.49246,0.46801,0.09405,-0.16436,-0.1931,0.05182,-0.08685,0.05352,-0.02259,0.19113,-0.05921,-0.09317,0.00883,0.01516,0.04399,0.03055,-0.02063,0.00215,0.00248,0.00135,-0.02063,0.04163,0.0301,-0.01213,-0.00167,0.00561,0.00187
35.66,0.01836,0.00341,-0.00282,-0.09754,0.03737,-0.03216,-0.03587,-0.07815,0.07242,-0.06362,0.11757,0,0.05361,-0.44792,0.43263,0.10259,-0.05076,-0.15692,0.06481,-0.07487,0.05492,-0.01328,0.12919,-0.02987,-0.06494,0.00626,0.01953,0.03952,0.04761,-0.01409,0.00063,0.00153,0.0008,-0.01497,0.03238,0.02639,-0.01098,-0.00171,0.00523,0.00211
35.68,0.01786,0.00258,1e-05,-0.09659,0.03,-0.02926,-0.02932,-0.05772,0.06564,-0.04853,0.07014,0,0.05272,-0.39822,0.3942,0.10466,0.09134,-0.11095,0.08,-0.05877,0.05023,-0.00595,0.06819,0.00308,-0.03477,0.00355,0.02389,0.03666,0.06515,-0.00691,-0.00126,9e-05,-3e-05,-0.00736,0.02379,0.01888,-0.0101,-0.00189,0.00513,0.00244
35.7,0.0175,0.00191,0.00255,-0.09238,0.02188,-0.02714,-0.02281,-0.03906,0.05756,-0.03167,0.02552,0,0.05154,-0.34771,0.35728,0.10007,0.25674,-0.05758,0.09716,-0.03906,0.04074,-0.00139,0.01259,0.0366,-0.00556,0.00129,0.02804,0.03521,0.08204,0.00024,-0.00339,-0.00173,-0.00107,0.00151,0.01626,0.00884,-0.00947,-0.00215,0.00523,0.00281
35.72,0.01733,0.0014,0.00471,-0.08529,0.0136,-0.02572,-0.01675,-0.02314,0.04877,-0.0144,-0.01215,0,0.05063,-0.30014,0.32547,0.08924,0.43713,0.00031,0.11552,-0.01728,0.02867,-0.0003,-0.03261,0.06791,0.01898,0.00026,0.03184,0.03476,0.09647,0.00667,-0.00554,-0.00366,-0.00216,0.01091,0.01007,-0.0024,-0.00902,-0.00246,0.00544,0.00314
35.74,0.01738,0.00106,0.00645,-0.07572,0.00561,-0.02488,-0.01147,-0.01062,0.03978,0.00216,-0.03963,0,0.05061,-0.25805,0.30103,0.07287,0.62003,0.05921,0.13353,0.00398,0.01692,-0.00315,-0.0626,0.0945,0.03455,0.00122,0.03525,0.03479,0.10667,0.0118,-0.00754,-0.00546,-0.00317,0.02029,0.00538,-0.01369,-0.0087,-0.00276,0.00566,0.00339
35.76,0.01768,0.00086,0.00778,-0.064,-0.00186,-0.02449,-0.00709,-0.00182,0.03095,0.0173,-0.0551,0,0.05208,-0.22255,0.28478,0.05174,0.7875,0.11476,0.14868,0.02112,0.00893,-0.0101,-0.07321,0.11411,0.0364,0.00476,0.03836,0.03488,0.11138,0.0153,-0.00926,-0.00696,-0.004,0.0294,0.0022,-0.02427,-0.00843,-0.00301,0.00579,0.00351
35.78,0.01824,0.00079,0.00874,-0.05045,-0.00878,-0.02439,-0.00358,0.00328,0.02244,0.03072,-0.0581,0,0.05569,-0.19355,0.27617,0.02683,0.91438,0.16114,0.15722,0.02932,0.00872,-0.02092,-0.06087,0.12453,0.0192,0.01122,0.04134,0.03465,0.10993,0.01706,-0.01065,-0.00806,-0.0046,0.03822,0.0004,-0.03371,-0.0082,-0.00319,0.00576,0.00348
35.8,0.01905,0.00081,0.0094,-0.03545,-0.01526,-0.02441,-0.00081,0.00492,0.01436,0.04236,-0.04931,0,0.06207,-0.17014,0.27361,-0.00058,0.96869,0.19107,0.1544,0.02248,0.02083,-0.03494,-0.02247,0.12331,-0.02285,0.02071,0.04445,0.03385,0.10212,0.01717,-0.01166,-0.00873,-0.00495,0.04693,-0.00024,-0.04177,-0.00799,-0.00328,0.00551,0.00329
35.82,0.02012,0.00089,0.00982,-0.01938,-0.02149,-0.02441,0.00139,0.00346,0.0067,0.05235,-0.03015,0,0.07188,-0.15124,0.2752,-0.029,0.91779,0.19702,0.13532,-0.00669,0.05003,-0.05104,0.04462,0.1072,-0.09583,0.03311,0.048,0.03225,0.08808,0.01582,-0.01231,-0.00896,-0.00505,0.05578,4e-05,-0.04834,-0.00777,-0.00324,0.00499,0.00293
35.84,0.02144,0.00101,0.01009,-0.00254,-0.02772,-0.02426,0.0032,-0.00062,-0.00066,0.06099,-0.00235,0,0.08576,-0.13617,0.27962,-0.057,0.73857,0.17348,0.09651,-0.06633,0.10062,-0.06765,0.14229,0.0716,-0.20554,0.04806,0.05233,0.02971,0.06808,0.0132,-0.01262,-0.00877,-0.00493,0.0651,0.00102,-0.05326,-0.0075,-0.00309,0.00415,0.0024
35.86,0.02305,0.00115,0.01031,0.01493,-0.03422,-0.02388,0.00472,-0.00678,-0.00795,0.06879,0.03218,0,0.10428,-0.12515,0.28673,-0.08327,0.42532,0.11856,0.03714,-0.16488,0.17581,-0.08264,0.2711,0.01026,-0.35669,0.06495,0.05778,0.02611,0.04249,0.00947,-0.0126,-0.00818,-0.00459,0.07517,0.00253,-0.05626,-0.00708,-0.00279,0.00292,0.00168
35.88,0.02499,0.0013,0.01057,0.03286,-0.04126,-0.02327,0.00599,-0.01432,-0.01549,0.07631,0.07119,0,0.12783,-0.11954,0.29767,-0.10645,-0.0063,0.03479,-0.04032,-0.31041,0.27709,-0.09321,0.42935,-0.08441,-0.55171,0.08278,0.06467,0.02139,0.01195,0.00477,-0.01229,-0.00723,-0.00405,0.08621,0.00448,-0.05691,-0.00636,-0.00236,0.00128,0.00078
35.9,0.0273,0.00146,0.01098,0.051,-0.04901,-0.02245,0.00695,-0.02244,-0.02362,0.08419,0.11195,0,0.15655,-0.12171,0.31469,-0.12491,-0.51969,-0.07102,-0.13006,-0.51003,0.40378,-0.09578,0.61233,-0.22067,-0.78988,0.10004,0.07323,0.01559,-0.0225,-0.00076,-0.01175,-0.00595,-0.00333,0.09823,0.00679,-0.05463,-0.00513,-0.0018,-0.00081,-0.00033
35.92,0.03002,0.00164,0.01164,0.06902,-0.05759,-0.02148,0.00743,-0.03031,-0.03266,0.09304,0.15162,0,0.19063,-0.13434,0.34047,-0.13687,-1.06577,-0.1893,-0.22426,-0.77018,0.55295,-0.08599,0.81304,-0.40632,-1.06766,0.1147,0.08365,0.00881,-0.05946,-0.00703,-0.01103,-0.00439,-0.00245,0.11118,0.00943,-0.04875,-0.00321,-0.00112,-0.00336,-0.00163
35.94,0.03322,0.00186,0.01264,0.08669,-0.06708,-0.02044,0.00717,-0.03726,-0.04301,0.10348,0.18797,0,0.23082,-0.15929,0.37724,-0.14056,-1.59649,-0.31002,-0.31525,-1.09713,0.71979,-0.05886,1.02364,-0.64717,-1.37975,0.12433,0.09614,0.00121,-0.0974,-0.01399,-0.01021,-0.00264,-0.00148,0.125,0.01237,-0.03874,-0.00042,-0.00034,-0.00639,-0.00314
35.96,0.03698,0.00211,0.01405,0.10394,-0.07754,-0.01936,0.0058,-0.0429,-0.05507,0.11608,0.21973,0,0.27862,-0.19671,0.42597,-0.13448,-2.07228,-0.42392,-0.39669,-1.49612,0.8971,-0.00899,1.23573,-0.94501,-1.71866,0.12615,0.11089,-0.00701,-0.13467,-0.02171,-0.0094,-0.00082,-0.00047,0.13973,0.01555,-0.02436,0.00332,0.00053,-0.00987,-0.00485
35.98,0.04135,0.00242,0.01592,0.1207,-0.08889,-0.01827,0.00285,-0.04714,-0.06916,0.13128,0.24646,0,0.33599,-0.24455,0.48588,-0.11736,-2.46015,-0.5219,-0.46321,-1.96841,1.07389,0.06908,1.43881,-1.29508,-2.07211,0.11697,0.12801,-0.01554,-0.1692,-0.03025,-0.00873,0.00086,0.00047,0.15539,0.01885,-0.00579,0.00796,0.00147,-0.01378,-0.00675
36,0.04638,0.0028,0.01826,0.13684,-0.1009,-0.01718,-0.00225,-0.05004,-0.0855,0.14929,0.26824,0,0.40509,-0.29862,0.5544,-0.08823,-2.73058,-0.59446,-0.50989,-2.50879,1.23454,0.18045,1.61912,-1.68433,-2.42115,0.09332,0.14739,-0.02391,-0.19837,-0.03966,-0.00838,0.00218,0.0012,0.17185,0.02211,0.01628,0.01333,0.00245,-0.01801,-0.0088
36.02,0.05205,0.00325,0.02105,0.15204,-0.11317,-0.01612,-0.01006,-0.05183,-0.10422,0.17012,0.28545,0,0.48851,-0.35365,0.62837,-0.04621,-2.85979,-0.63283,-0.53274,-3.10643,1.36036,0.32935,1.76104,-2.0924,-2.74199,0.05221,0.16876,-0.0316,-0.21951,-0.04995,-0.00852,0.00286,0.00158,0.18887,0.02504,0.04062,0.01916,0.0034,-0.0224,-0.01094
36.04,0.05833,0.00376,0.02425,0.16587,-0.12527,-0.01511,-0.0211,-0.0528,-0.12558,0.19369,0.29869,0,0.58973,-0.405,0.70596,0.00954,-2.83606,-0.63127,-0.52985,-3.74778,1.43289,0.5185,1.85032,-2.49433,-3.01043,-0.00788,0.19177,-0.03821,-0.23084,-0.0611,-0.00924,0.00275,0.00152,0.2062,0.02733,0.06559,0.02518,0.00428,-0.02674,-0.01306
36.06,0.06517,0.00433,0.02782,0.17779,-0.13675,-0.0142,-0.03575,-0.05329,-0.14994,0.21976,0.30863,0,0.71311,-0.44964,0.78772,0.07979,-2.66447,-0.58878,-0.50228,-4.41627,1.436,0.74787,1.87618,-2.86108,-3.20409,-0.08593,0.21602,-0.04354,-0.23214,-0.07309,-0.01051,0.00184,0.00101,0.22352,0.02859,0.08906,0.03112,0.00502,-0.03078,-0.01504
36.08,0.07245,0.00492,0.03163,0.18701,-0.14706,-0.01348,-0.05409,-0.05366,-0.17768,0.24778,0.31597,0,0.86303,-0.48611,0.87625,0.16467,-2.36891,-0.50972,-0.45438,-4.974,1.35613,1.01285,1.83132,-3.15667,-3.30119,-0.17762,0.24086,-0.0476,-0.22483,-0.08575,-0.01215,0.00031,0.00015,0.24038,0.02839,0.1082,0.03671,0.00556,-0.03419,-0.01672
36.1,0.07991,0.0055,0.03553,0.19241,-0.15549,-0.01305,-0.07585,-0.05427,-0.20893,0.27671,0.32127,0,1.04303,-0.51383,0.97534,0.26327,-1.99049,-0.40339,-0.39352,-4.974,1.18229,1.30296,1.71137,-3.33766,-3.27985,-0.27529,0.26525,-0.0505,-0.21168,-0.09869,-0.01387,-0.00152,-0.0009,0.25604,0.02621,0.11953,0.04165,0.00579,-0.03653,-0.01788
36.12,0.08722,0.00599,0.03933,0.19274,-0.16127,-0.01304,-0.10052,-0.05545,-0.24358,0.30526,0.325,0,1.25573,-0.53232,1.08891,0.37375,-1.57838,-0.28175,-0.32842,-4.974,0.90712,1.60305,1.51413,-3.36195,-3.12201,-0.36963,0.28794,-0.05241,-0.19592,-0.1114,-0.01533,-0.00325,-0.00193,0.26961,0.02161,0.11971,0.04558,0.00565,-0.0374,-0.01829
36.14,0.0941,0.00635,0.04287,0.18679,-0.16379,-0.01356,-0.12751,-0.0574,-0.28129,0.33223,0.32762,0,1.50322,-0.54008,1.2198,0.49383,-1.17623,-0.15614,-0.26671,-4.974,0.52885,1.89594,1.23901,-3.20393,-2.82041,-0.45259,0.30789,-0.05335,-0.17985,-0.12333,-0.01626,-0.0046,-0.00279,0.28026,0.01441,0.10688,0.04829,0.00509,-0.0365,-0.01781
36.16,0.10029,0.00653,0.04609,0.17366,-0.16273,-0.01465,-0.15619,-0.06018,-0.32141,0.35673,0.32956,0,1.78636,-0.53396,1.36854,0.62072,-0.81414,-0.03537,-0.21345,-4.974,0.05417,2.16337,0.88774,-2.86582,-2.38497,-0.51904,0.32445,-0.05321,-0.16404,-0.13395,-0.01655,-0.00548,-0.00341,0.28738,0.00482,0.0816,0.04968,0.00415,-0.03382,-0.01643
36.18,0.10558,0.00651,0.04898,0.15286,-0.1581,-0.01633,-0.18569,-0.06363,-0.36264,0.37802,0.33125,0,2.10262,-0.50889,1.5319,0.75007,-0.50948,0.0738,-0.17117,-4.974,-0.49772,2.38399,0.46694,-2.38262,-1.84715,-0.5667,0.33727,-0.05163,-0.1472,-0.1427,-0.01627,-0.00603,-0.00387,0.2905,-0.00644,0.04727,0.0498,0.00295,-0.02965,-0.0143
36.2,0.10975,0.00626,0.05157,0.12438,-0.15022,-0.01853,-0.21477,-0.06741,-0.40282,0.39535,0.3331,0,2.44448,-0.45824,1.70227,0.87543,-0.27045,0.16568,-0.1405,-4.974,-1.09377,2.53272,-0.01017,-1.81958,-1.25974,-0.59541,0.34616,-0.04812,-0.12657,-0.14889,-0.01565,-0.00657,-0.0043,0.2893,-0.01816,0.00988,0.04884,0.0017,-0.02454,-0.0117
36.22,0.11254,0.00577,0.05391,0.08859,-0.13954,-0.02115,-0.24199,-0.07107,-0.43933,0.40795,0.33549,0,2.8009,-0.37486,1.86919,0.98911,-0.09866,0.23555,-0.12077,-4.974,-1.69393,2.58604,-0.5261,-1.25568,-0.68531,-0.60667,0.35093,-0.04219,-0.09913,-0.15179,-0.01495,-0.00745,-0.00488,0.28347,-0.02894,-0.02355,0.04701,0.00062,-0.01917,-0.009
36.24,0.11375,0.00502,0.05605,0.04608,-0.12649,-0.02406,-0.26616,-0.07423,-0.46983,0.4152,0.33874,0,3.16067,-0.2528,2.02219,1.08433,0.00915,0.28009,-0.11066,-4.974,-2.2632,2.53125,-1.06402,-0.75833,-0.17753,-0.60326,0.35134,-0.03364,-0.06314,-0.1508,-0.01437,-0.00893,-0.00573,0.27281,-0.03768,-0.04735,0.04454,-0.00011,-0.01408,-0.00648
36.26,0.11323,0.00403,0.05805,-0.00221,-0.11141,-0.02713,-0.28656,-0.07661,-0.49265,0.4168,0.34316,0,3.51352,-0.08898,2.15235,1.15631,0.0598,0.29762,-0.10864,-4.974,-2.77806,2.37343,-1.60919,-0.36764,0.22994,-0.58913,0.34707,-0.02278,-0.01935,-0.14553,-0.01392,-0.01105,-0.00686,0.25726,-0.04393,-0.05874,0.04161,-0.00038,-0.00957,-0.00428
36.28,0.11092,0.0028,0.05992,-0.05472,-0.09459,-0.03019,-0.30286,-0.07809,-0.5067,0.4127,0.34893,0,3.84775,0.11532,2.25156,1.20198,0.06266,0.28792,-0.11309,-4.974,-3.22405,2.13799,-2.14529,-0.09557,0.52306,-0.5694,0.33767,-0.01057,0.02829,-0.13592,-0.01341,-0.01354,-0.00811,0.23699,-0.04788,-0.05811,0.03834,-0.00019,-0.00565,-0.00243
36.3,0.10681,0.00136,0.06167,-0.10897,-0.07642,-0.03302,-0.31489,-0.07863,-0.51125,0.40303,0.35616,0,4.14799,0.35377,2.31164,1.21933,0.02877,0.25194,-0.12241,-4.40391,-3.59132,1.86856,-2.65078,0.06837,0.70259,-0.55012,0.32268,0.00143,0.07289,-0.12219,-0.01249,-0.01589,-0.00923,0.21248,-0.05025,-0.04855,0.03484,0.00035,-0.00213,-0.00081
36.32,0.10095,-0.00024,0.06325,-0.16197,-0.05734,-0.03537,-0.32254,-0.07827,-0.50573,0.38794,0.36499,0,4.39712,0.61644,2.32484,1.20765,-0.03057,0.19156,-0.13505,-3.60596,-3.87302,1.61551,-3.10073,0.1482,0.77939,-0.53714,0.30167,0.01144,0.1065,-0.10477,-0.01076,-0.01749,-0.00989,0.18445,-0.052,-0.0346,0.03122,0.00112,0.00127,0.00072
36.34,0.0934,-0.00196,0.0646,-0.21109,-0.03777,-0.03705,-0.3257,-0.07711,-0.48957,0.36726,0.37576,0,4.58082,0.89267,2.28547,1.16821,-0.10538,0.1094,-0.14959,-2.8519,-4.06585,1.41885,-3.4721,0.17101,0.76998,-0.53426,0.27445,0.01813,0.12309,-0.08416,-0.00795,-0.0179,-0.00988,0.15361,-0.05401,-0.02053,0.02751,0.00198,0.0048,0.00231
36.36,0.08425,-0.00375,0.06566,-0.2544,-0.01813,-0.03789,-0.32422,-0.07525,-0.46224,0.34044,0.384,0,4.69033,1.17189,2.19121,1.10499,-0.18778,0.00906,-0.16476,-2.178,-4.17012,1.29705,-3.7464,0.15986,0.6938,-0.54209,0.24128,0.02101,0.12054,-0.06096,-0.00402,-0.01696,-0.00913,0.12063,-0.05684,-0.00915,0.02374,0.00284,0.00859,0.00401
36.38,0.0737,-0.00557,0.06633,-0.29045,0.00105,-0.03783,-0.31793,-0.0728,-0.4234,0.30671,0.384,0,4.72198,1.44187,2.04397,1.02525,-0.27161,-0.10411,-0.17929,-1.60426,-4.18853,1.2452,-3.90789,0.13184,0.57278,-0.55762,0.20314,0.0205,0.10119,-0.03597,0.00075,-0.01489,-0.00776,0.08642,-0.06061,-0.00168,0.01992,0.00364,0.01256,0.00582
36.4,0.06209,-0.00736,0.06651,-0.31792,0.01901,-0.03684,-0.3066,-0.06993,-0.37307,0.26531,0.384,0,4.67579,1.68713,1.85002,0.93939,-0.35178,-0.22267,-0.19185,-1.14051,-4.12497,1.23863,-3.94166,0.09843,0.43102,-0.57469,0.1619,0.01782,0.0712,-0.01035,0.00579,-0.01221,-0.00608,0.05225,-0.06505,0.00208,0.01609,0.00436,0.01645,0.00761
36.42,0.04983,-0.00904,0.06608,-0.33564,0.03486,-0.03495,-0.29008,-0.0668,-0.3117,0.2158,0.384,0,4.55416,1.8911,1.61835,0.85905,-0.42404,-0.33827,-0.20114,-0.7889,-3.98364,1.24179,-3.83548,0.06647,0.29183,-0.5855,0.11983,0.01458,0.0386,0.01456,0.01042,-0.00961,-0.00448,0.01957,-0.06962,0.00318,0.01229,0.00499,0.0199,0.00922
36.44,0.03729,-0.01052,0.06496,-0.34281,0.04794,-0.03227,-0.26843,-0.0635,-0.24017,0.15839,0.384,0,4.36079,2.04069,1.35815,0.79393,-0.48514,-0.44387,-0.20619,-0.54395,-3.76877,1.22034,-3.58441,0.03965,0.17328,-0.583,0.07888,0.01224,0.01048,0.03757,0.014,-0.00769,-0.00329,-0.01045,-0.0737,0.00283,0.00858,0.00554,0.02259,0.0105
36.46,0.02474,-0.01174,0.06308,-0.33919,0.05793,-0.029,-0.24209,-0.06006,-0.16008,0.09439,0.384,0,4.10089,2.12902,1.07798,0.74992,-0.53271,-0.53493,-0.20646,-0.39295,-3.48543,1.14959,-3.19518,0.01967,0.0855,-0.56243,0.04033,0.01175,-0.00891,0.05783,0.01618,-0.00679,-0.0027,-0.03718,-0.07677,0.00193,0.00496,0.006,0.02431,0.01134
36.48,0.01243,-0.01263,0.06047,-0.32515,0.06487,-0.02543,-0.21212,-0.05643,-0.07437,0.02676,0.384,0,3.7829,2.15529,0.78766,0.72896,-0.56479,-0.60894,-0.20191,-0.31765,-3.14151,1.01702,-2.68977,0.00663,0.03078,-0.52191,0.00493,0.01345,-0.01842,0.07469,0.01684,-0.00699,-0.00277,-0.06036,-0.07833,0.00095,0.0015,0.00638,0.02502,0.01171
36.5,0.0007,-0.01309,0.0572,-0.30155,0.069,-0.022,-0.18033,-0.05255,0.01227,-0.03967,0.384,0,3.4196,2.12341,0.49984,0.72972,-0.57954,-0.66463,-0.19293,-0.29639,-2.74915,0.82173,-2.10581,-0.00055,0.00494,-0.46226,-0.02674,0.01715,-0.01958,0.08756,0.01611,-0.00812,-0.00337,-0.07986,-0.07796,-1e-05,-0.00175,0.00664,0.02478,0.01162
36.52,-0.01008,-0.01306,0.05339,-0.26966,0.07066,-0.0192,-0.14885,-0.04833,0.09424,-0.09918,0.384,0,3.02596,2.04013,0.22857,0.74846,-0.57549,-0.70146,-0.18013,-0.30692,-2.32281,0.57105,-1.48893,-0.00369,-2e-05,-0.38609,-0.05416,0.0223,-0.0155,0.09587,0.01422,-0.00984,-0.00434,-0.0956,-0.07526,-0.00105,-0.00467,0.00677,0.02372,0.01112
36.54,-0.01959,-0.01245,0.04915,-0.23083,0.07015,-0.01748,-0.11959,-0.04365,0.16642,-0.14686,0.384,0,2.61491,1.91315,-0.01424,0.78011,-0.55223,-0.71951,-0.16417,-0.32951,-1.87529,0.27564,-0.88016,-0.00454,0.00719,-0.29661,-0.0769,0.02827,-0.00953,0.09925,0.01147,-0.01181,-0.00546,-0.1075,-0.0699,-0.00224,-0.00716,0.00674,0.02195,0.01025
36.56,-0.0276,-0.01125,0.04454,-0.18656,0.06771,-0.01718,-0.09385,-0.03843,0.22507,-0.17972,0.384,0,2.19585,1.75028,-0.22051,0.81876,-0.51101,-0.71943,-0.14563,-0.34892,-1.41664,-0.05278,-0.30932,-0.00436,0.01926,-0.19701,-0.09462,0.0345,-0.00432,0.09759,0.00812,-0.01368,-0.00655,-0.11549,-0.06165,-0.00341,-0.00915,0.00656,0.01958,0.00905
36.58,-0.03392,-0.00947,0.03965,-0.13876,0.06345,-0.01851,-0.07247,-0.03262,0.26751,-0.19661,0.384,0,1.77741,1.56037,-0.3847,0.85756,-0.45516,-0.70229,-0.12512,-0.35475,-0.95727,-0.39969,0.20226,-0.00376,0.03079,-0.09105,-0.10688,0.0405,-0.0016,0.09105,0.00441,-0.01517,-0.00745,-0.11941,-0.05048,-0.00413,-0.01058,0.00621,0.01666,0.00757
36.6,-0.03834,-0.00717,0.03456,-0.09002,0.05741,-0.02158,-0.05602,-0.02625,0.29163,-0.19784,0.384,0,1.37025,1.35405,-0.50219,0.8887,-0.39,-0.66951,-0.10342,-0.34102,-0.5109,-0.74603,0.6372,-0.00278,0.03808,0.01633,-0.11299,0.04581,-0.00228,0.08004,0.00059,-0.01599,-0.00801,-0.11896,-0.03653,-0.00372,-0.01135,0.00573,0.01328,0.00586
36.62,-0.04064,-0.00444,0.02937,-0.0433,0.04956,-0.02647,-0.04485,-0.01941,0.29605,-0.18473,0.384,0,0.98586,1.14242,-0.56948,0.90444,-0.32177,-0.62268,-0.08131,-0.30519,-0.09288,-1.07053,0.98172,-0.0011,0.03898,0.11955,-0.11218,0.05008,-0.00672,0.06513,-0.0031,-0.01592,-0.0081,-0.11373,-0.02008,-0.00153,-0.0114,0.00514,0.0095,0.00396
36.64,-0.04067,-0.00134,0.02415,-0.00131,0.03981,-0.03322,-0.03897,-0.01218,0.28068,-0.15925,0.384,0,0.63274,0.93442,-0.58561,0.89885,-0.25581,-0.56337,-0.05939,-0.24693,0.28453,-1.35472,1.22818,0.00167,0.03257,0.21363,-0.10375,0.05315,-0.01494,0.04701,-0.00646,-0.01478,-0.00764,-0.10331,-0.00143,0.00282,-0.01066,0.00441,0.00544,0.00197
36.66,-0.03842,0.00207,0.01889,0.03374,0.02807,-0.04193,-0.03797,-0.0046,0.24713,-0.12385,0.384,0,0.31487,0.73576,-0.55329,0.86898,-0.19555,-0.49325,-0.03799,-0.16753,0.61421,-1.58552,1.37638,0.00574,0.01905,0.29467,-0.08734,0.05517,-0.02682,0.02642,-0.00937,-0.01245,-0.00656,-0.08747,0.01916,0.00912,-0.0091,0.00349,0.00126,-3e-05
36.68,-0.034,0.00578,0.01355,0.06,0.01434,-0.05263,-0.04104,0.00328,0.19911,-0.0817,0.384,0,0.03384,0.55013,-0.47928,0.81538,-0.14271,-0.4146,-0.01728,-0.07025,0.89212,-1.75395,1.43231,0.01106,-0.00022,0.3594,-0.0631,0.05658,-0.04207,0.00436,-0.01175,-0.00893,-0.00486,-0.06624,0.04128,0.01652,-0.00673,0.00231,-0.00277,-0.00191
36.7,-0.0277,0.00973,0.00813,0.0757,-0.00123,-0.06526,-0.04703,0.0113,0.14227,-0.03671,0.384,0,-0.20866,0.38075,-0.37389,0.74185,-0.09789,-0.33069,0.00252,0.03944,1.1146,-1.85321,1.40623,0.01737,-0.02281,0.4046,-0.03167,0.05804,-0.06009,-0.01787,-0.01355,-0.00431,-0.0026,-0.04002,0.0643,0.02353,-0.00363,0.00076,-0.00629,-0.00348
36.72,-0.01988,0.01385,0.00261,0.07932,-0.01834,-0.07964,-0.05469,0.01928,0.08305,0.00697,0.384,0,-0.41092,0.23038,-0.24914,0.65412,-0.06095,-0.24522,0.0212,0.15479,1.27851,-1.87877,1.31063,0.02431,-0.04581,0.4275,0.00584,0.06029,-0.08005,-0.03889,-0.0147,0.00124,0.00015,-0.00947,0.08738,0.02837,9e-05,-0.00128,-0.00889,-0.00456
36.74,-0.01089,0.01807,-0.00302,0.07015,-0.03665,-0.09544,-0.06292,0.02698,0.02695,0.04598,0.384,0,-0.57301,0.10029,-0.11597,0.55782,-0.03111,-0.16128,0.03868,0.26964,1.38319,-1.82994,1.15849,0.03169,-0.06675,0.42689,0.04816,0.06388,-0.10082,-0.05766,-0.01516,0.00753,0.00328,0.02466,0.10975,0.02944,0.00425,-0.00388,-0.01024,-0.005
36.76,-0.00106,0.02225,-0.0088,0.04861,-0.05576,-0.11218,-0.07093,0.03419,-0.02254,0.07829,0.33676,0,-0.69764,-0.01009,0.01719,0.4575,-0.00725,-0.08091,0.05502,0.37918,1.43162,-1.71123,0.9627,0.03966,-0.08417,0.40393,0.09379,0.06902,-0.121,-0.07377,-0.01486,0.01431,0.00669,0.06152,0.13074,0.02567,0.0086,-0.00701,-0.01019,-0.00472
36.78,0.00924,0.02624,-0.01472,0.01653,-0.07507,-0.12903,-0.07824,0.04059,-0.06378,0.10308,0.27323,0,-0.78927,-0.10229,0.14376,0.35705,0.01188,-0.00558,0.07029,0.47937,1.43019,-1.53345,0.73727,0.04864,-0.09762,0.36244,0.14073,0.07549,-0.13869,-0.08732,-0.01376,0.02129,0.01021,0.09991,0.14964,0.01662,0.0128,-0.01059,-0.00873,-0.00375
36.8,0.01955,0.02977,-0.02071,-0.02292,-0.09371,-0.14476,-0.08459,0.04579,-0.09651,0.12036,0.21298,0,-0.85294,-0.17796,0.25805,0.26042,0.02745,0.0632,0.08449,0.56609,1.38774,-1.31349,0.49826,0.05927,-0.10742,0.30862,0.1862,0.08267,-0.15147,-0.09881,-0.01181,0.02803,0.01365,0.13808,0.16558,0.00247,0.01638,-0.01438,-0.00605,-0.00219
36.82,0.02938,0.03258,-0.02667,-0.06585,-0.11062,-0.15802,-0.08985,0.04938,-0.12137,0.13068,0.15704,0,-0.89372,-0.23875,0.35528,0.17126,0.04045,0.12392,0.09749,0.63533,1.31418,-1.07138,0.26234,0.07229,-0.11431,0.24973,0.22707,0.08967,-0.15679,-0.10904,-0.00896,0.03406,0.01677,0.17401,0.1777,-0.01612,0.01883,-0.01812,-0.00242,-0.00017
36.84,0.03832,0.03444,-0.03253,-0.10861,-0.12494,-0.16767,-0.09397,0.05111,-0.13958,0.1348,0.10599,0,-0.91673,-0.28679,0.4324,0.09194,0.05171,0.17556,0.10911,0.684,1.21889,-0.82558,0.04386,0.08838,-0.11906,0.19196,0.26067,0.09565,-0.15271,-0.11901,-0.00525,0.03895,0.01937,0.20598,0.18547,-0.03812,0.01975,-0.02153,0.00184,0.00211
36.86,0.04612,0.03528,-0.03827,-0.14835,-0.13611,-0.1731,-0.09689,0.05098,-0.15271,0.13353,0.05991,0,-0.92712,-0.32498,0.4884,0.02316,0.06188,0.21776,0.11913,0.71037,1.11005,-0.59056,-0.14646,0.10803,-0.12214,0.13929,0.28526,0.09993,-0.13834,-0.12993,-0.00081,0.0424,0.02128,0.23288,0.18892,-0.06219,0.01889,-0.02446,0.0064,0.00451
36.88,0.05263,0.03518,-0.04392,-0.18282,-0.14386,-0.17423,-0.09849,0.04929,-0.1624,0.12762,0.01878,0,-0.92994,-0.35669,0.52391,-0.03562,0.07137,0.25055,0.1272,0.71387,0.99518,-0.37809,-0.30033,0.13138,-0.12367,0.09356,0.29993,0.10206,-0.11415,-0.14307,0.0041,0.0442,0.02239,0.25404,0.18863,-0.08646,0.01623,-0.0268,0.01091,0.00684
36.9,0.05774,0.03432,-0.04947,-0.21007,-0.14811,-0.1714,-0.09862,0.0466,-0.17026,0.11781,-0.01723,0,-0.92993,-0.38535,0.54052,-0.08553,0.08027,0.27398,0.13277,0.69475,0.88189,-0.19878,-0.41031,0.15798,-0.12332,0.05504,0.30432,0.1017,-0.08182,-0.15967,0.00908,0.04422,0.0226,0.26907,0.18567,-0.10855,0.01193,-0.02848,0.01495,0.00889
36.92,0.06139,0.03292,-0.05493,-0.22863,-0.14894,-0.16521,-0.09703,0.04358,-0.17764,0.10476,-0.04768,0,-0.93133,-0.41414,0.54013,-0.12775,0.08839,0.28826,0.1352,0.65355,0.7774,-0.06153,-0.46958,0.18663,-0.12032,0.02321,0.29863,0.09866,-0.04384,-0.18071,0.01368,0.04242,0.02188,0.2778,0.18132,-0.12599,0.00629,-0.02947,0.01812,0.01049
36.94,0.06357,0.03124,-0.06034,-0.23783,-0.14669,-0.15643,-0.09344,0.04085,-0.1854,0.08899,-0.07215,0,-0.93761,-0.44565,0.52435,-0.16325,0.09548,0.29415,0.1339,0.59058,0.68751,0.02867,-0.47269,0.21511,-0.11341,-0.00256,0.28361,0.09284,-0.00275,-0.20675,0.01751,0.03889,0.02024,0.28049,0.17673,-0.13711,-0.00034,-0.02982,0.02019,0.01149
36.96,0.06439,0.02942,-0.06579,-0.23813,-0.14197,-0.14582,-0.08752,0.03889,-0.19369,0.07099,-0.09034,0,-0.95123,-0.48165,0.4942,-0.19245,0.10126,0.29324,0.12847,0.50592,0.61611,0.07211,-0.41626,0.23994,-0.10082,-0.02243,0.26072,0.08429,0.03922,-0.2376,0.02041,0.03388,0.0178,0.27794,0.17275,-0.14155,-0.00759,-0.0296,0.0211,0.0119
36.98,0.06402,0.02757,-0.07138,-0.23111,-0.13577,-0.13426,-0.07901,0.038,-0.20191,0.05132,-0.10188,0,-0.97354,-0.52271,0.45018,-0.21489,0.10541,0.28801,0.11875,0.39992,0.56567,0.07417,-0.2993,0.2561,-0.08039,-0.03576,0.2323,0.07326,0.07986,-0.27208,0.02237,0.02788,0.01483,0.2715,0.16989,-0.14037,-0.01501,-0.02899,0.02104,0.01182
37,0.06273,0.02577,-0.0772,-0.21932,-0.12934,-0.12277,-0.06767,0.03832,-0.20868,0.03068,-0.10632,0,-1.00475,-0.56805,0.39255,-0.22912,0.10759,0.28164,0.1049,0.2737,0.53787,0.04422,-0.12335,0.25722,-0.04974,-0.0411,0.20156,0.06021,0.1168,-0.3079,0.02353,0.02159,0.01168,0.26303,0.16836,-0.13583,-0.02206,-0.0282,0.0204,0.01144
37.02,0.06078,0.02405,-0.08335,-0.20575,-0.12404,-0.11232,-0.0534,0.03988,-0.2123,0.00988,-0.10323,0,-1.04402,-0.61608,0.32167,-0.23331,0.10752,0.27733,0.08747,0.12905,0.53392,-0.00661,0.10807,0.23712,-0.00695,-0.03701,0.17199,0.04579,0.14769,-0.34204,0.02412,0.01583,0.00881,0.2545,0.16817,-0.13071,-0.02815,-0.02747,0.01963,0.01101
37.04,0.05846,0.02245,-0.08993,-0.19309,-0.12088,-0.10359,-0.03627,0.04253,-0.21137,-0.01052,-0.09262,0,-1.08969,-0.66517,0.2384,-0.22626,0.1053,0.27728,0.06761,-0.03217,0.5545,-0.06847,0.39023,0.19217,0.04856,-0.02323,0.14644,0.03067,0.17078,-0.37147,0.02438,0.01135,0.00661,0.24748,0.16924,-0.1275,-0.03281,-0.027,0.01915,0.01074
37.06,0.05598,0.02102,-0.09714,-0.18325,-0.12035,-0.09681,-0.01659,0.04602,-0.20523,-0.0302,-0.0753,0,-1.13924,-0.71405,0.1447,-0.20813,0.10155,0.28208,0.04721,-0.20775,0.59954,-0.13447,0.71658,0.12319,0.11523,-0.00159,0.12655,0.01556,0.18519,-0.39354,0.0245,0.00872,0.00537,0.24283,0.17144,-0.1277,-0.03577,-0.02695,0.01922,0.01077
37.08,0.05354,0.01981,-0.10516,-0.17734,-0.1223,-0.09176,0.00492,0.04991,-0.19413,-0.04902,-0.05301,0,-1.18895,-0.76159,0.04444,-0.18075,0.09749,0.29045,0.02913,-0.39389,0.66797,-0.20077,1.07633,0.03634,0.18868,0.0236,0.11277,0.00126,0.19093,-0.40587,0.02463,0.00833,0.00529,0.24061,0.17457,-0.13177,-0.03694,-0.02741,0.01992,0.01114
37.1,0.05132,0.01894,-0.11414,-0.17578,-0.12608,-0.08786,0.02702,0.05359,-0.17916,-0.06686,-0.02844,0,-1.23376,-0.80642,-0.05625,-0.14752,0.09491,0.29949,0.01709,-0.58416,0.75749,-0.26561,1.45279,-0.05719,0.26166,0.04588,0.10463,-0.0112,0.1886,-0.40623,0.02489,0.0104,0.00645,0.24025,0.17844,-0.13917,-0.03637,-0.0284,0.02119,0.01182
37.12,0.04947,0.01849,-0.12421,-0.1784,-0.13071,-0.08435,0.04825,0.05638,-0.16185,-0.08357,-0.00465,0,-1.26834,-0.84687,-0.15041,-0.11266,0.09597,0.30574,0.01471,-0.77083,0.86445,-0.32793,1.82596,-0.14405,0.32583,0.05847,0.10103,-0.02064,0.17913,-0.39277,0.02536,0.01506,0.0089,0.24078,0.1828,-0.14875,-0.03422,-0.02989,0.02286,0.01272
37.14,0.0481,0.01854,-0.13552,-0.18455,-0.13529,-0.08042,0.06741,0.05771,-0.14363,-0.09904,0.01583,0,-1.28878,-0.88126,-0.23262,-0.08014,0.10285,0.30669,0.02398,-0.94744,0.98401,-0.38544,2.17765,-0.21319,0.37459,0.057,0.10066,-0.02581,0.16334,-0.36449,0.02612,0.0223,0.0126,0.24121,0.18748,-0.15924,-0.03068,-0.03182,0.02473,0.01373
37.16,0.04726,0.01908,-0.14825,-0.19316,-0.13915,-0.07538,0.08377,0.05718,-0.12555,-0.1132,0.03152,0,-1.29379,-0.90795,-0.30047,-0.05296,0.1175,0.30179,0.04416,-1.11009,1.10971,-0.43331,2.49395,-0.25873,0.40491,0.04141,0.10219,-0.02555,0.14185,-0.32169,0.02727,0.03199,0.01747,0.24076,0.1924,-0.16958,-0.02595,-0.0341,0.02661,0.01476
37.18,0.04691,0.02002,-0.16251,-0.20263,-0.14188,-0.06872,0.09706,0.05462,-0.10829,-0.12591,0.04199,0,-1.28489,-0.92509,-0.35433,-0.03326,0.14148,0.29275,0.07135,-1.25644,1.23246,-0.46327,2.76326,-0.28028,0.41751,0.0166,0.10433,-0.01875,0.11511,-0.26638,0.02892,0.0438,0.02334,0.23897,0.19751,-0.17888,-0.02029,-0.0366,0.02833,0.01571
37.2,0.04698,0.02119,-0.17829,-0.21089,-0.14333,-0.06009,0.10729,0.05008,-0.09235,-0.13687,0.04766,0,-1.26599,-0.93053,-0.39656,-0.02252,0.17591,0.28328,0.09893,-1.38435,1.34005,-0.46396,2.97401,-0.28196,0.41614,-0.00833,0.10586,-0.0044,0.08357,-0.20233,0.03119,0.05713,0.0299,0.2356,0.20279,-0.18637,-0.01405,-0.03911,0.02972,0.01648
37.22,0.04739,0.02239,-0.19544,-0.2156,-0.14347,-0.04922,0.11459,0.04369,-0.07796,-0.14562,0.04943,0,-1.24217,-0.92216,-0.43054,-0.02168,0.22153,0.27782,0.11943,-1.49124,1.41897,-0.42354,3.11512,-0.27043,0.40597,-0.02279,0.10565,0.01837,0.04784,-0.13433,0.03418,0.07114,0.03674,0.23067,0.20817,-0.19121,-0.00768,-0.0414,0.03058,0.01698
37.24,0.04806,0.02335,-0.21387,-0.21454,-0.14226,-0.03566,0.11919,0.03558,-0.06503,-0.15176,0.04834,0,-1.21799,-0.89862,-0.45957,-0.03106,0.27885,0.27981,0.1274,-1.57415,1.45757,-0.33373,3.17855,-0.25228,0.39152,-0.01878,0.10275,0.05004,0.00873,-0.06684,0.03793,0.08483,0.04339,0.22431,0.21362,-0.19241,-0.00184,-0.04319,0.03071,0.0171
37.26,0.04896,0.02382,-0.23351,-0.20587,-0.13969,-0.01871,0.1213,0.02579,-0.0531,-0.15495,0.04527,0,-1.19637,-0.85991,-0.48618,-0.05028,0.34798,0.29046,0.1214,-1.62956,1.44836,-0.19316,3.16109,-0.23234,0.37524,0.00622,0.09645,0.0905,-0.03256,-0.0034,0.04242,0.09704,0.04928,0.21675,0.21901,-0.18872,0.00261,-0.04421,0.02989,0.01672
37.28,0.05011,0.0235,-0.25415,-0.18825,-0.13564,0.00246,0.12109,0.01437,-0.04138,-0.15496,0.04091,0,-1.1785,-0.8078,-0.5116,-0.07811,0.42813,0.30833,0.10454,-1.65281,1.38838,-0.009,3.06455,-0.21335,0.35729,0.04837,0.08633,0.13868,-0.07405,0.05312,0.04749,0.10634,0.05375,0.20839,0.22417,-0.17863,0.00453,-0.04418,0.0279,0.01571
37.3,0.05154,0.02211,-0.27541,-0.16084,-0.13002,0.0287,0.11868,0.0014,-0.02893,-0.15159,0.03579,0,-1.16417,-0.74582,-0.53579,-0.1125,0.51704,0.32958,0.08376,-1.63789,1.27879,0.20315,2.89536,-0.19629,0.33585,0.09822,0.07231,0.19236,-0.11287,0.10002,0.05285,0.11101,0.05598,0.19984,0.22879,-0.16052,0.00249,-0.04282,0.02454,0.01397
37.32,0.05337,0.01935,-0.29674,-0.12335,-0.12275,0.06072,0.11402,-0.01291,-0.01464,-0.1447,0.03029,0,-1.15222,-0.67838,-0.55792,-0.15098,0.61039,0.34893,0.06748,-1.57865,1.12354,0.42342,2.66316,-0.18075,0.30802,0.14362,0.05463,0.24852,-0.14579,0.13501,0.05816,0.10942,0.05522,0.19198,0.23247,-0.1331,-0.00514,-0.03988,0.01962,0.01142
37.34,0.05576,0.015,-0.31766,-0.07598,-0.11386,0.099,0.10694,-0.02826,0.00268,-0.13413,0.02465,0,-1.14122,-0.60938,-0.57725,-0.19142,0.70136,0.36113,0.06196,-1.47104,0.92765,0.63414,2.37919,-0.16553,0.27099,0.17421,0.03392,0.30395,-0.17036,0.1569,0.06311,0.10051,0.05097,0.18598,0.23483,-0.09616,-0.02002,-0.0353,0.01314,0.00802
37.36,0.05901,0.00892,-0.33785,-0.01964,-0.10352,0.14354,0.09709,-0.04416,0.02427,-0.11982,0.01902,0,-1.12993,-0.54145,-0.59374,-0.2323,0.77999,0.36193,0.06896,-1.31507,0.69684,0.82355,2.05622,-0.14904,0.22296,0.18436,0.01123,0.35551,-0.18551,0.16598,0.06751,0.0843,0.04326,0.18338,0.23551,-0.05123,-0.04365,-0.02926,0.00524,0.00388
37.38,0.06347,0.00113,-0.35704,0.04365,-0.09218,0.19349,0.084,-0.05977,0.05123,-0.10188,0.01347,0,-1.11746,-0.47629,-0.60799,-0.27252,0.83231,0.34826,0.08501,-1.11635,0.43895,0.9853,1.71088,-0.1295,0.16375,0.17382,-0.01177,0.39977,-0.1916,0.16404,0.07126,0.06203,0.03267,0.1861,0.23423,-0.00199,-0.07719,-0.02227,-0.00361,-0.00077
37.4,0.06953,-0.00817,-0.3748,0.11053,-0.08057,0.24693,0.06721,-0.0739,0.08431,-0.08069,0.0081,0,-1.10334,-0.41522,-0.62109,-0.31112,0.84081,0.31819,0.10211,-0.88641,0.16521,1.11659,1.36505,-0.10519,0.09497,0.14698,-0.03271,0.43283,-0.19014,0.15408,0.07432,0.03616,0.02036,0.19642,0.23076,0.04569,-0.12131,-0.01514,-0.01269,-0.00552
37.42,0.0776,-0.01862,-0.39067,0.17705,-0.06958,0.30122,0.04618,-0.08506,0.12369,-0.05684,0.00302,0,-1.08724,-0.35931,-0.63416,-0.34731,0.78839,0.27087,0.11044,-0.64014,-0.11132,1.21667,1.04259,-0.0747,0.01949,0.11092,-0.04894,0.45098,-0.18327,0.13962,0.07665,0.00969,0.00778,0.21676,0.22508,0.08519,-0.17628,-0.00889,-0.02115,-0.00993
37.44,0.08804,-0.02977,-0.40428,0.23996,-0.05999,0.35366,0.02037,-0.09179,0.16873,-0.0311,-0.00164,0,-1.06862,-0.30927,-0.64789,-0.38077,0.66477,0.20656,0.10215,-0.39152,-0.37905,1.28584,0.76307,-0.03732,-0.05955,0.07257,-0.0582,0.45205,-0.17309,0.12381,0.07821,-0.01472,-0.00384,0.24925,0.21761,0.11129,-0.24208,-0.0045,-0.02834,-0.01363
37.46,0.10106,-0.04105,-0.41551,0.2974,-0.05234,0.40182,-0.01075,-0.09283,0.21759,-0.00438,-0.00569,0,-1.04649,-0.26545,-0.66218,-0.41172,0.47142,0.12689,0.07411,-0.15151,-0.62919,1.32458,0.53821,0.00658,-0.13906,0.03692,-0.05909,0.43633,-0.16132,0.10886,0.07895,-0.03538,-0.01368,0.29533,0.20933,0.12164,-0.31823,-0.00278,-0.03399,-0.01645
37.48,0.11667,-0.05173,-0.42433,0.34865,-0.04695,0.44322,-0.04741,-0.08713,0.26687,0.02202,-0.00887,0,-1.01958,-0.22823,-0.67591,-0.44073,0.2241,0.03546,0.02876,0.07067,-0.85421,1.33292,0.37295,0.05511,-0.21556,0.00687,-0.05117,0.40691,-0.14922,0.09601,0.07875,-0.05148,-0.02138,0.35538,0.20195,0.11702,-0.4033,-0.00435,-0.03819,-0.0184
37.5,0.13454,-0.06085,-0.43077,0.39361,-0.04399,0.47507,-0.08937,-0.07386,0.3114,0.04629,-0.01082,0,-0.98641,-0.19832,-0.68695,-0.46839,-0.04787,-0.06189,-0.02639,0.26589,-1.04599,1.31008,0.26768,0.10478,-0.28473,-0.01639,-0.03482,0.36935,-0.13774,0.08574,0.07747,-0.06294,-0.02688,0.42845,0.19775,0.10086,-0.49442,-0.00967,-0.04132,-0.01964
37.52,0.15414,-0.06738,-0.43484,0.43263,-0.04353,0.49471,-0.13583,-0.05256,0.34532,0.06643,-0.01123,0,-0.94553,-0.1765,-0.69262,-0.49516,-0.30907,-0.15833,-0.08133,0.42589,-1.19654,1.2547,0.21967,0.15137,-0.34212,-0.03288,-0.01107,0.33026,-0.12759,0.07813,0.07495,-0.0701,-0.03037,0.51264,0.19895,0.07813,-0.58781,-0.01908,-0.04388,-0.02039
37.54,0.1748,-0.07051,-0.4366,0.46647,-0.04556,0.50055,-0.18555,-0.0234,0.36374,0.0808,-0.01004,0,-0.89549,-0.16299,-0.69036,-0.52119,-0.52945,-0.24814,-0.12719,0.54571,-1.30022,1.16543,0.22387,0.19129,-0.38455,-0.04332,0.01871,0.29526,-0.11934,0.07323,0.07115,-0.07357,-0.03214,0.60573,0.20669,0.05374,-0.67983,-0.03275,-0.0463,-0.02086
37.56,0.19582,-0.06983,-0.4361,0.49628,-0.05002,0.49272,-0.23668,0.01256,0.36387,0.08846,-0.00761,0,-0.83516,-0.15711,-0.67824,-0.54617,-0.69166,-0.32787,-0.15874,0.62505,-1.35509,1.0418,0.27322,0.22251,-0.41101,-0.04881,0.05286,0.26766,-0.11347,0.07139,0.06612,-0.07402,-0.0325,0.70523,0.22026,0.03155,-0.76741,-0.05072,-0.04876,-0.02114
37.58,0.21625,-0.06541,-0.43345,0.52334,-0.0567,0.47322,-0.28638,0.05305,0.34524,0.08919,-0.00476,0,-0.76415,-0.15719,-0.65516,-0.56906,-0.79148,-0.39598,-0.17468,0.66788,-1.36271,0.88517,0.35855,0.24445,-0.4226,-0.05062,0.08921,0.24834,-0.11046,0.07337,0.06015,-0.07219,-0.03181,0.80772,0.23688,0.01428,-0.84745,-0.07267,-0.05118,-0.0212
37.6,0.23483,-0.05772,-0.42876,0.5487,-0.06531,0.44575,-0.33064,0.0945,0.30949,0.08341,-0.00269,0,-0.68314,-0.16079,-0.62084,-0.58805,-0.83525,-0.45209,-0.17701,0.68134,-1.32725,0.69938,0.46875,0.25766,-0.42208,-0.05012,0.12499,0.23619,-0.11079,0.0802,0.0537,-0.0688,-0.03041,0.90837,0.25184,0.00374,-0.91638,-0.0979,-0.05322,-0.02094
37.62,0.25021,-0.04748,-0.42213,0.57304,-0.07536,0.41476,-0.36514,0.13279,0.25976,0.07211,-0.00268,0,-0.59332,-0.16522,-0.57557,-0.60094,-0.83544,-0.49639,-0.16967,0.67439,-1.25469,0.48992,0.59225,0.26331,-0.41301,-0.04863,0.15725,0.22889,-0.11477,0.0928,0.04731,-0.06452,-0.0286,1.00174,0.25955,0.00088,-0.97088,-0.12536,-0.05438,-0.02017
37.64,0.26135,-0.03551,-0.41364,0.59642,-0.08625,0.38422,-0.38672,0.16448,0.19988,0.05686,-0.00555,0,-0.49536,-0.16815,-0.51985,-0.60583,-0.80534,-0.52929,-0.15684,0.65634,-1.15194,0.26232,0.71937,0.2628,-0.39873,-0.04714,0.18378,0.2238,-0.12228,0.11128,0.04139,-0.05988,-0.02665,1.08353,0.25507,0.00574,-1.00942,-0.1539,-0.05424,-0.01875
37.66,0.26782,-0.02258,-0.4033,0.61814,-0.09715,0.35679,-0.39443,0.18758,0.13409,0.03989,-0.01133,0,-0.38911,-0.16809,-0.45436,-0.60167,-0.75562,-0.55104,-0.14175,0.63598,-1.02679,0.02189,0.8434,0.25744,-0.38166,-0.04624,0.20357,0.21864,-0.13249,0.13445,0.0361,-0.05524,-0.0247,1.15151,0.23522,0.01743,-1.0333,-0.18225,-0.05258,-0.01665
37.68,0.26977,-0.00952,-0.39119,0.63648,-0.10691,0.33389,-0.3896,0.20149,0.06738,0.02422,-0.01913,0,-0.27421,-0.16448,-0.38042,-0.58836,-0.69368,-0.56145,-0.12655,0.62148,-0.88867,-0.22461,0.95998,0.24842,-0.3633,-0.04604,0.21681,0.21168,-0.14374,0.15945,0.03135,-0.05078,-0.02284,1.20525,0.19899,0.03399,-1.04665,-0.20886,-0.04944,-0.01394
37.7,0.26782,0.00273,-0.37749,0.64867,-0.11411,0.31594,-0.37553,0.20675,0.00581,0.01361,-0.02723,0,-0.15083,-0.15756,-0.30025,-0.56667,-0.62423,-0.55981,-0.11244,0.62043,-0.74914,-0.46768,1.06605,0.23685,-0.34446,-0.0463,0.22459,0.20176,-0.15368,0.18193,0.02691,-0.04658,-0.02111,1.2453,0.14746,0.05258,-1.05579,-0.23173,-0.04507,-0.01083
37.72,0.26286,0.01323,-0.36243,0.65138,-0.11726,0.30267,-0.35652,0.2045,-0.04439,0.01195,-0.03361,0,-0.01917,-0.14801,-0.21625,-0.53814,-0.54997,-0.54524,-0.09994,0.63955,-0.62013,-0.69693,1.15951,0.22402,-0.32559,-0.04661,0.22842,0.18827,-0.1598,0.1971,0.02247,-0.0426,-0.01946,1.27259,0.08349,0.07029,-1.06775,-0.24871,-0.03989,-0.0076
37.74,0.25577,0.0213,-0.34623,0.64147,-0.11531,0.29339,-0.33653,0.19606,-0.07836,0.02218,-0.03671,0,0.12156,-0.1363,-0.12964,-0.50477,-0.47256,-0.51748,-0.08914,0.68395,-0.51087,-0.9049,1.23944,0.21165,-0.30733,-0.04686,0.22972,0.171,-0.16042,0.20133,0.01779,-0.03873,-0.01784,1.28783,0.01106,0.08528,-1.08824,-0.25806,-0.03436,-0.00455
37.76,0.24725,0.02664,-0.32907,0.61669,-0.10798,0.28711,-0.31833,0.1826,-0.09358,0.04558,-0.03598,0,0.27339,-0.12239,-0.03989,-0.46904,-0.39344,-0.47749,-0.07997,0.75651,-0.42613,-1.08903,1.30592,0.20215,-0.29088,-0.04741,0.22944,0.1502,-0.15529,0.19337,0.01279,-0.03474,-0.01611,1.2911,-0.06482,0.09763,-1.12016,-0.25886,-0.02891,-0.00193
37.78,0.23786,0.02932,-0.31122,0.57593,-0.09586,0.28272,-0.30347,0.16512,-0.09,0.08138,-0.03201,0,0.43861,-0.10569,0.05481,-0.43414,-0.31469,-0.42786,-0.07227,0.85725,-0.36644,-1.25074,1.3595,0.19879,-0.27825,-0.0492,0.22798,0.12673,-0.14582,0.17461,0.00763,-0.03036,-0.01415,1.28164,-0.13758,0.10938,-1.16302,-0.25101,-0.02399,5e-05
37.8,0.22807,0.02973,-0.29313,0.51928,-0.0804,0.27905,-0.29247,0.14459,-0.06961,0.12692,-0.02636,0,0.61857,-0.08523,0.15675,-0.40403,-0.23946,-0.37287,-0.06589,0.98315,-0.32926,-1.39357,1.40056,0.20544,-0.27215,-0.0536,0.22523,0.10208,-0.13483,0.14879,0.00271,-0.0253,-0.01179,1.25792,-0.19896,0.12421,-1.21305,-0.23516,-0.02004,0.0012
37.82,0.21827,0.0284,-0.27534,0.44777,-0.06351,0.27501,-0.28512,0.12188,-0.03573,0.17848,-0.02118,0,0.81348,-0.05974,0.26805,-0.38263,-0.17141,-0.31752,-0.06069,1.12912,-0.31061,-1.52176,1.42906,0.22546,-0.27509,-0.06196,0.22087,0.07807,-0.12558,0.12087,-0.00148,-0.01934,-0.0089,1.21798,-0.24043,0.14626,-1.26452,-0.21242,-0.01751,0.00133
37.84,0.20868,0.02591,-0.25824,0.36297,-0.04712,0.26973,-0.28075,0.09776,0.00791,0.23266,-0.01849,0,1.02284,-0.02779,0.39017,-0.3725,-0.11344,-0.26607,-0.05645,1.2896,-0.30687,-1.63918,1.44455,0.25994,-0.28803,-0.0749,0.21475,0.05627,-0.12034,0.09528,-0.00455,-0.01233,-0.00542,1.16005,-0.25574,0.1786,-1.31162,-0.18398,-0.01666,0.00037
37.86,0.19936,0.02277,-0.24198,0.26702,-0.03281,0.26273,-0.27849,0.07289,0.05768,0.28706,-0.01977,0,1.24494,0.01201,0.52319,-0.37392,-0.0671,-0.22113,-0.05281,1.45915,-0.31605,-1.74825,1.44617,0.30634,-0.30928,-0.09179,0.20723,0.03769,-0.11948,0.07485,-0.00638,-0.0043,-0.0014,1.08319,-0.24273,0.22199,-1.34966,-0.15094,-0.01751,-0.00163
37.88,0.1903,0.01946,-0.22657,0.16329,-0.0219,0.25397,-0.27732,0.04805,0.10972,0.3401,-0.02584,0,1.47511,0.06068,0.66458,-0.38466,-0.03274,-0.18386,-0.04935,1.63132,-0.33804,-1.84875,1.43253,0.35783,-0.33416,-0.11049,0.19927,0.02285,-0.12116,0.06071,-0.00711,0.00445,0.00298,0.98796,-0.20373,0.27431,-1.3751,-0.11455,-0.01981,-0.00451
37.9,0.18145,0.01639,-0.21197,0.05687,-0.01551,0.24383,-0.27612,0.02428,0.15979,0.39057,-0.0369,0,1.70457,0.11867,0.80867,-0.40031,-0.01001,-0.15438,-0.04557,1.79764,-0.37446,-1.93731,1.4018,0.40366,-0.35514,-0.12747,0.1924,0.01193,-0.12174,0.05257,-0.0071,0.01337,0.00738,0.87674,-0.14512,0.33058,-1.38506,-0.07636,-0.02309,-0.00795
37.92,0.17275,0.01391,-0.19816,-0.04627,-0.01449,0.23293,-0.27383,0.0028,0.20355,0.43752,-0.0527,0,1.92227,0.18586,0.94809,-0.41549,0.0018,-0.13223,-0.04095,1.94833,-0.4279,-2.0083,1.35197,0.43169,-0.363,-0.13869,0.18827,0.00487,-0.11696,0.04925,-0.00682,0.02178,0.01141,0.75289,-0.07554,0.38429,-1.37682,-0.03804,-0.02675,-0.01157
37.94,0.16403,0.01223,-0.18507,-0.14096,-0.01914,0.22174,-0.26955,-0.01532,0.23743,0.48039,-0.07267,0,2.11859,0.2619,1.07651,-0.42545,0.00357,-0.11672,-0.03502,2.07433,-0.50092,-2.05587,1.28146,0.43244,-0.34863,-0.14097,0.18795,0.00137,-0.10378,0.04922,-0.00667,0.0291,0.01472,0.61922,-0.00334,0.42944,-1.34738,-0.00105,-0.03031,-0.01506
37.96,0.15503,0.01141,-0.17254,-0.22363,-0.02902,0.21042,-0.2627,-0.02925,0.25899,0.51892,-0.09604,0,2.28727,0.34605,1.19009,-0.42724,-0.00373,-0.10716,-0.02739,2.16827,-0.59508,-2.07521,1.18973,0.40179,-0.30432,-0.13298,0.19151,0.00089,-0.08158,0.05102,-0.00686,0.035,0.01717,0.47745,0.0649,0.46185,-1.29328,0.03359,-0.03347,-0.01823
37.98,0.14543,0.01131,-0.16046,-0.29192,-0.04288,0.19882,-0.25308,-0.03834,0.26692,0.5529,-0.12164,0,2.42458,0.43659,1.28699,-0.41995,-0.0191,-0.10312,-0.0178,2.22385,-0.70998,-2.06261,1.07812,0.3419,-0.22434,-0.11543,0.19783,0.00268,-0.05272,0.05337,-0.00742,0.03938,0.01873,0.32913,0.12423,0.47917,-1.21084,0.06502,-0.03617,-0.021
38,0.13495,0.01168,-0.14886,-0.34398,-0.05865,0.18662,-0.24088,-0.04203,0.26072,0.58181,-0.14784,0,2.52781,0.53043,1.36629,-0.40444,-0.04142,-0.10433,-0.00622,2.23527,-0.84275,-2.01527,0.95024,0.26061,-0.10512,-0.09099,0.20478,0.00583,-0.02219,0.05513,-0.00818,0.04232,0.01955,0.17654,0.1708,0.48053,-1.09663,0.09231,-0.03851,-0.02339
38.02,0.12336,0.01217,-0.13783,-0.37851,-0.07397,0.17343,-0.22645,-0.03989,0.2406,0.60497,-0.17275,0,2.59481,0.62378,1.42732,-0.38264,-0.06917,-0.11033,0.00711,2.1979,-0.98832,-1.93151,0.81122,0.16886,0.05498,-0.06344,0.20973,0.00944,0.00397,0.05538,-0.00887,0.04397,0.0198,0.0225,0.20178,0.46602,-0.94778,0.11458,-0.04065,-0.02544
38.04,0.11044,0.01248,-0.12746,-0.39525,-0.08673,0.15892,-0.21002,-0.03185,0.20743,0.62187,-0.19476,0,2.62432,0.71371,1.46939,-0.35648,-0.10021,-0.11983,0.02162,2.11003,-1.1402,-1.8113,0.66625,0.0769,0.25597,-0.03659,0.21037,0.01288,0.02111,0.05343,-0.00922,0.04448,0.01965,-0.13074,0.21571,0.43638,-0.76243,0.13133,-0.04268,-0.02718
38.06,0.09608,0.01238,-0.11774,-0.39539,-0.09561,0.14291,-0.19147,-0.01837,0.16287,0.63233,-0.21275,0,2.61623,0.79879,1.49146,-0.32734,-0.13135,-0.13024,0.03636,1.97447,-1.29045,-1.65713,0.52016,-0.00797,0.49567,-0.01361,0.20531,0.01592,0.02759,0.0489,-0.00905,0.04396,0.0192,-0.28169,0.2127,0.39282,-0.54071,0.14263,-0.04456,-0.02859
38.08,0.08034,0.01175,-0.1087,-0.38151,-0.10004,0.1256,-0.17051,-0.00059,0.10966,0.63648,-0.22605,0,2.57147,0.87869,1.49186,-0.29607,-0.15809,-0.13744,0.04979,1.79982,-1.42851,-1.47531,0.3783,-0.08134,0.76791,0.00297,0.19419,0.01878,0.02516,0.04176,-0.0083,0.04247,0.01848,-0.42851,0.19446,0.33724,-0.28655,0.14905,-0.04606,-0.02959
38.1,0.06355,0.01056,-0.10038,-0.35742,-0.10005,0.10753,-0.14677,0.01971,0.0518,0.63463,-0.23422,0,2.49196,0.95332,1.46816,-0.26321,-0.17466,-0.13603,0.05984,1.60046,-1.54075,-1.27641,0.24748,-0.14089,1.06124,0.01116,0.17763,0.02203,0.01841,0.03232,-0.00699,0.04,0.01743,-0.56804,0.16407,0.27242,-0.00871,0.15155,-0.04673,-0.02999
38.12,0.04619,0.00886,-0.09287,-0.32741,-0.09609,0.0895,-0.11989,0.04048,-0.00617,0.62709,-0.23702,0,2.38021,1.02232,1.41786,-0.22903,-0.1753,-0.12057,0.06433,1.39332,-1.61285,-1.07311,0.13494,-0.18581,1.36011,0.00963,0.15683,0.02636,0.01316,0.02111,-0.00521,0.03653,0.01598,-0.69633,0.12534,0.20145,0.281,0.1512,-0.04604,-0.02959
38.14,0.02873,0.00673,-0.0862,-0.29525,-0.08871,0.07215,-0.08957,0.05996,-0.06032,0.61402,-0.23436,0,2.23905,1.08465,1.3394,-0.19351,-0.15619,-0.08736,0.06163,1.19262,-1.63406,-0.87641,0.04634,-0.21645,1.64787,-0.00176,0.13294,0.03225,0.01417,0.00872,-0.00306,0.03211,0.01409,-0.81012,0.08188,0.12676,0.57134,0.14896,-0.04345,-0.02814
38.16,0.01147,0.00426,-0.08026,-0.26371,-0.07846,0.05582,-0.05572,0.07703,-0.10792,0.59541,-0.22634,0,2.07195,1.13823,1.23336,-0.15637,-0.11695,-0.03593,0.05125,1.00696,-1.60031,-0.69367,-0.01551,-0.23406,1.90772,-0.02161,0.10677,0.03975,0.02357,-0.00427,-0.00061,0.02688,0.0118,-0.90762,0.03667,0.04973,0.85313,0.14549,-0.03849,-0.02547
38.18,-0.00526,0.00158,-0.07485,-0.23458,-0.06587,0.04061,-0.01868,0.09115,-0.14726,0.57119,-0.21329,0,1.88424,1.1793,1.10335,-0.1174,-0.06126,0.03027,0.03393,0.84003,-1.51499,-0.52953,-0.0504,-0.24051,2.12094,-0.04678,0.07892,0.04834,0.04037,-0.01723,0.00205,0.02117,0.00926,-0.98785,-0.00775,-0.0288,1.11746,0.14116,-0.03086,-0.02144
38.2,-0.02108,-0.00112,-0.06974,-0.20901,-0.05153,0.02655,0.02056,0.1022,-0.17722,0.5413,-0.19579,0,1.6839,1.20224,0.95636,-0.07667,0.00346,0.10411,0.01164,0.69231,-1.38812,-0.38741,-0.05993,-0.23804,2.26559,-0.07251,0.04994,0.05695,0.0608,-0.02941,0.00486,0.01547,0.00673,-1.04987,-0.04898,-0.10803,1.35387,0.1361,-0.02042,-0.01599
38.22,-0.03555,-0.00366,-0.06471,-0.18755,-0.03598,0.01361,0.06067,0.1103,-0.19714,0.50566,-0.17455,0,1.47987,1.20043,0.80095,-0.03442,0.06796,0.17665,-0.01299,0.5622,-1.23293,-0.26971,-0.04673,-0.22902,2.3194,-0.09343,0.02032,0.06426,0.07967,-0.04004,0.00771,0.01035,0.00452,-1.09283,-0.08487,-0.18714,1.55154,0.1302,-0.00721,-0.00915
38.24,-0.04835,-0.00588,-0.05956,-0.17019,-0.01966,0.00179,0.10054,0.11563,-0.20695,0.46404,-0.15026,0,1.27903,1.16776,0.64445,0.00934,0.12409,0.24011,-0.03743,0.44663,-1.06091,-0.17713,-0.01372,-0.21571,2.26552,-0.10518,-0.00957,0.06912,0.09233,-0.04861,0.01052,0.00627,0.00286,-1.11656,-0.114,-0.26572,1.70257,0.12322,0.00858,-0.00101
38.26,-0.05941,-0.0077,-0.05411,-0.1564,-0.00275,-0.00894,0.13957,0.11837,-0.20719,0.41603,-0.12353,0,1.08469,1.0999,0.49148,0.05489,0.16667,0.28977,-0.0597,0.34184,-0.87904,-0.10846,0.03621,-0.2001,2.09697,-0.10539,-0.03952,0.07084,0.096,-0.05499,0.0132,0.00345,0.00187,-1.12194,-0.13583,-0.34368,1.80376,0.11486,0.02655,0.00823
38.28,-0.06878,-0.00909,-0.0483,-0.14521,0.01459,-0.01847,0.17743,0.1186,-0.19905,0.36147,-0.09513,0,0.89769,0.995,0.34471,0.1025,0.1936,0.32403,-0.07831,0.24436,-0.69042,-0.06116,0.09997,-0.18407,1.81859,-0.09396,-0.06919,0.06922,0.0901,-0.05942,0.01563,0.0019,0.00154,-1.11093,-0.15062,-0.42077,1.85621,0.1048,0.04594,0.01822
38.3,-0.07657,-0.01004,-0.04218,-0.13541,0.03223,-0.02651,0.21374,0.11627,-0.18421,0.30071,-0.06608,0,0.71804,0.85376,0.20616,0.15217,0.20522,0.34362,-0.09207,0.1519,-0.49578,-0.03199,0.17405,-0.16938,1.44681,-0.0728,-0.09799,0.06453,0.07596,-0.06245,0.01766,0.00144,0.00175,-1.08634,-0.15913,-0.49588,1.86394,0.09284,0.06558,0.02837
38.32,-0.08292,-0.0106,-0.03589,-0.1257,0.04998,-0.03271,0.2481,0.11133,-0.16461,0.23449,-0.03759,0,0.54547,0.6783,0.07775,0.20376,0.20334,0.35041,-0.09998,0.06337,-0.29407,-0.0174,0.25474,-0.1575,1.00547,-0.04509,-0.12519,0.05734,0.05611,-0.06474,0.01915,0.00179,0.00229,-1.05128,-0.16227,-0.56699,1.83257,0.0789,0.08404,0.03799
38.34,-0.08797,-0.01084,-0.02953,-0.11481,0.06785,-0.03687,0.28025,0.10378,-0.14212,0.16352,-0.01072,0,0.37916,0.47025,-0.03874,0.25747,0.19016,0.34591,-0.10127,-0.02148,-0.08261,-0.01361,0.33881,-0.14921,0.5194,-0.01426,-0.15031,0.0483,0.03332,-0.06697,0.02,0.00261,0.00296,-1.00861,-0.16079,-0.63141,1.76791,0.06307,0.09999,0.04641
38.36,-0.09194,-0.01085,-0.02318,-0.10167,0.086,-0.03905,0.31012,0.09377,-0.11838,0.08847,0.01373,0,0.21818,0.23035,-0.14138,0.31398,0.16754,0.33035,-0.09544,-0.10217,0.14217,-0.01666,0.42352,-0.14438,0.01181,0.01662,-0.17332,0.03809,0.00997,-0.06971,0.02018,0.00358,0.00359,-0.96063,-0.15499,-0.68577,1.67542,0.04577,0.11237,0.0531
38.38,-0.09501,-0.01079,-0.01687,-0.08551,0.10465,-0.03961,0.33759,0.08176,-0.09495,0.01051,0.03506,0,0.06282,-0.04009,-0.22711,0.37406,0.13695,0.30243,-0.08222,-0.17679,0.38288,-0.02241,0.50607,-0.14191,-0.49269,0.04473,-0.19449,0.02745,-0.0119,-0.07338,0.01979,0.00439,0.00402,-0.90936,-0.14478,-0.72551,1.5606,0.02784,0.12039,0.05764
38.4,-0.09736,-0.01079,-0.01067,-0.06594,0.12393,-0.03914,0.3623,0.06849,-0.07342,-0.06827,0.05249,0,-0.08459,-0.33749,-0.29138,0.43808,0.09969,0.25978,-0.06166,-0.24183,0.63961,-0.02656,0.58307,-0.13995,-0.96522,0.06736,-0.2142,0.01723,-0.03045,-0.07824,0.01897,0.00476,0.00414,-0.85689,-0.12968,-0.7448,1.42949,0.01061,0.12335,0.05965
38.42,-0.09911,-0.01104,-0.00468,-0.04296,0.14391,-0.03835,0.38373,0.05483,-0.05528,-0.14529,0.06526,0,-0.22114,-0.65624,-0.32987,0.50595,0.05704,0.20003,-0.03416,-0.29373,0.91036,-0.02455,0.65096,-0.13628,-1.37607,0.08223,-0.23285,0.00826,-0.04419,-0.08445,0.01793,0.00444,0.00387,-0.80523,-0.10912,-0.73761,1.28817,-0.00435,0.12076,0.05884
38.44,-0.10037,-0.01165,0.00109,-0.0168,0.16468,-0.03794,0.40153,0.04156,-0.04155,-0.21848,0.07287,0,-0.34631,-0.9901,-0.3415,0.57706,0.01044,0.1225,-0.00062,-0.33161,1.19252,-0.01161,0.70704,-0.12899,-1.70231,0.08806,-0.25083,0.00115,-0.05234,-0.09214,0.01687,0.00328,0.00315,-0.75594,-0.08279,-0.69971,1.14173,-0.01571,0.11239,0.05506
38.46,-0.10126,-0.01274,0.00669,0.01204,0.18633,-0.03847,0.41568,0.02917,-0.03261,-0.28676,0.07523,0,-0.46362,-1.33194,-0.33059,0.65012,-0.03821,0.02961,0.03742,-0.35904,1.48299,0.01721,0.75009,-0.11685,-1.93213,0.08498,-0.26855,-0.00383,-0.05502,-0.1015,0.01591,0.00122,0.002,-0.71005,-0.05094,-0.63025,0.994,-0.02268,0.0985,0.04841
38.48,-0.1019,-0.01432,0.01219,0.04254,0.20884,-0.04036,0.42639,0.01796,-0.02817,-0.3496,0.07268,0,-0.58014,-1.67114,-0.3074,0.72251,-0.08611,-0.07206,0.0774,-0.38426,1.77604,0.06691,0.78009,-0.09958,-2.06382,0.0747,-0.28618,-0.00675,-0.05329,-0.11265,0.01514,-0.00159,0.00049,-0.66837,-0.01471,-0.53255,0.84864,-0.02502,0.07988,0.03929
38.5,-0.10236,-0.01636,0.01767,0.07306,0.23187,-0.04391,0.434,0.00813,-0.02747,-0.40651,0.06592,0,-0.70515,-1.99178,-0.28734,0.79002,-0.12942,-0.17179,0.1157,-0.41935,2.0616,0.14232,0.79776,-0.07774,-2.10307,0.06022,-0.30364,-0.00795,-0.04898,-0.12564,0.01463,-0.00492,-0.00124,-0.63182,0.02374,-0.41406,0.7101,-0.0229,0.05791,0.02839
38.52,-0.10274,-0.01879,0.02319,0.10168,0.25491,-0.04927,0.43892,-0.00021,-0.0295,-0.45699,0.05586,0,-0.84841,-2.2755,-0.28788,0.8476,-0.16387,-0.2572,0.14827,-0.47809,2.32697,0.24794,0.80417,-0.05241,-2.06013,0.04515,-0.32067,-0.00793,-0.04445,-0.14033,0.01438,-0.00841,-0.00302,-0.60129,0.0617,-0.28471,0.58299,-0.01685,0.03431,0.01659
38.54,-0.10308,-0.02151,0.02882,0.12677,0.27747,-0.05651,0.44163,-0.00709,-0.03322,-0.50083,0.04342,0,-1.01821,-2.50725,-0.324,0.89098,-0.18604,-0.31818,0.17188,-0.57278,2.56062,0.38777,0.80036,-0.02449,-1.94747,0.03263,-0.33709,-0.00723,-0.04201,-0.15638,0.01441,-0.01169,-0.00465,-0.57721,0.09665,-0.15414,0.47054,-0.00752,0.01073,0.00473
38.56,-0.10341,-0.02441,0.03463,0.14734,0.29917,-0.06558,0.44273,-0.01267,-0.03777,-0.53825,0.0295,0,-1.21937,-2.67868,-0.40489,0.91761,-0.1942,-0.34957,0.18481,-0.71179,2.75422,0.56459,0.78722,0.00558,-1.77864,0.02463,-0.35295,-0.00642,-0.04373,-0.17316,0.01469,-0.01445,-0.00601,-0.55934,0.1267,-0.0303,0.37383,0.00426,-0.01141,-0.00647
38.58,-0.10376,-0.02734,0.04065,0.16294,0.31958,-0.07627,0.4429,-0.01723,-0.04246,-0.56955,0.015,0,-1.45135,-2.78751,-0.53264,0.92666,-0.18834,-0.35144,0.18696,-0.89799,2.90149,0.77862,0.76545,0.03771,-1.56908,0.02183,-0.36842,-0.00599,-0.05129,-0.18958,0.0152,-0.0164,-0.00694,-0.54681,0.15043,0.07988,0.29242,0.0175,-0.03087,-0.01637
38.6,-0.10409,-0.03012,0.04684,0.17348,0.3381,-0.08815,0.44286,-0.0211,-0.04673,-0.59487,0.00093,0,-1.70749,-2.83552,-0.70247,0.91865,-0.16994,-0.32828,0.17955,-1.12833,2.99665,1.02658,0.73567,0.07186,-1.33664,0.02387,-0.38366,-0.00642,-0.06594,-0.20407,0.01589,-0.01726,-0.00733,-0.53839,0.16669,0.16979,0.22513,0.03096,-0.04637,-0.02433
38.62,-0.10435,-0.03252,0.05311,0.17913,0.35402,-0.10063,0.44328,-0.02461,-0.05012,-0.61416,-0.01175,0,-1.97735,-2.82683,-0.90538,0.89506,-0.1415,-0.28708,0.16448,-1.39559,3.03455,1.30263,0.69841,0.10769,-1.09947,0.02964,-0.3987,-0.00811,-0.08824,-0.21486,0.0167,-0.01683,-0.00708,-0.53259,0.17456,0.23361,0.17049,0.04336,-0.05679,-0.02977
38.64,-0.10445,-0.03436,0.05935,0.1803,0.36671,-0.11307,0.44464,-0.0281,-0.05223,-0.62739,-0.02245,0,-2.25106,-2.76639,-1.13209,0.85794,-0.10581,-0.23488,0.14359,-1.69132,3.01193,1.60049,0.65416,0.14429,-0.8722,0.03789,-0.41342,-0.01124,-0.1177,-0.22049,0.01755,-0.01503,-0.00618,-0.52785,0.17364,0.26787,0.12661,0.05365,-0.06149,-0.03235
38.66,-0.10423,-0.03549,0.06554,0.17761,0.3758,-0.12486,0.44711,-0.03186,-0.05274,-0.63468,-0.03109,0,-2.5213,-2.65942,-1.37497,0.80985,-0.06565,-0.17731,0.11823,-2.00681,2.92869,1.91379,0.60352,0.17978,-0.66411,0.04746,-0.42741,-0.01574,-0.15232,-0.22015,0.01833,-0.01204,-0.00471,-0.52263,0.16419,0.27244,0.09134,0.06122,-0.0605,-0.03209
38.68,-0.10351,-0.03579,0.07163,0.17189,0.38108,-0.13531,0.45051,-0.03609,-0.05133,-0.63625,-0.0381,0,-2.78179,-2.5118,-1.62675,0.75414,-0.02406,-0.11854,0.08926,-2.33105,2.78848,2.23386,0.54761,0.21099,-0.48033,0.05738,-0.43989,-0.02121,-0.18832,-0.21373,0.01893,-0.00825,-0.00288,-0.51548,0.14724,0.25063,0.0625,0.06587,-0.05461,-0.02935
38.7,-0.10205,-0.0352,0.07752,0.1642,0.38244,-0.1436,0.45436,-0.04091,-0.0477,-0.63232,-0.04427,0,-3.02538,-2.33055,-1.87893,0.69509,0.01556,-0.06183,0.05735,-2.64896,2.59878,2.54796,0.48835,0.23343,-0.3236,0.0667,-0.44964,-0.02698,-0.22012,-0.20178,0.01919,-0.00431,-0.00098,-0.50511,0.12451,0.20871,0.0383,0.06771,-0.04526,-0.02482
38.72,-0.09963,-0.03366,0.08311,0.15558,0.37984,-0.14891,0.45798,-0.04633,-0.04161,-0.62316,-0.05056,0,-3.2443,-2.12305,-2.12229,0.6372,0.04985,-0.00961,0.02316,-2.94335,2.36921,2.84102,0.42799,0.24243,-0.19495,0.07459,-0.45527,-0.03217,-0.24146,-0.18524,0.01895,-0.00095,0.00061,-0.49051,0.09813,0.15459,0.01736,0.06707,-0.03417,-0.01935
38.74,-0.09609,-0.0312,0.08832,0.14688,0.37336,-0.15065,0.46079,-0.05225,-0.03291,-0.60908,-0.05783,0,-3.4321,-1.89555,-2.3489,0.58392,0.07627,0.0366,-0.01245,-3.19942,2.10906,3.09983,0.36838,0.23493,-0.09362,0.08027,-0.45564,-0.03603,-0.24714,-0.16515,0.0181,0.0012,0.0016,-0.47116,0.07011,0.09598,-0.00124,0.06438,-0.02295,-0.01372
38.76,-0.09139,-0.02788,0.09311,0.13854,0.36328,-0.1487,0.46236,-0.05844,-0.02156,-0.59055,-0.06668,0,-3.58434,-1.65297,-2.55277,0.53694,0.09363,0.07608,-0.04816,-3.407,1.82653,3.31511,0.31056,0.21076,-0.01718,0.08309,-0.45025,-0.03803,-0.23423,-0.14246,0.01659,0.00177,0.00181,-0.44725,0.04214,0.03936,-0.01801,0.06015,-0.01275,-0.00852
38.78,-0.08567,-0.02388,0.09749,0.13068,0.35014,-0.14335,0.46253,-0.06449,-0.00776,-0.56837,-0.07728,0,-3.69754,-1.40063,-2.72836,0.49642,0.10204,0.10856,-0.08182,-3.55943,1.53056,3.48028,0.25512,0.17314,0.03778,0.0825,-0.43931,-0.03787,-0.20241,-0.11823,0.01448,0.00065,0.00118,-0.41984,0.01573,-0.00982,-0.03284,0.05497,-0.00433,-0.00414
38.8,-0.07925,-0.01946,0.10144,0.12316,0.33476,-0.13537,0.46131,-0.06981,0.00799,-0.5437,-0.08943,0,-3.76794,-1.14575,-2.86917,0.46143,0.10266,0.13394,-0.1104,-3.65178,1.23251,3.5897,0.20262,0.12835,0.07483,0.07797,-0.42367,-0.03552,-0.15381,-0.09368,0.01189,-0.00198,-0.00019,-0.39096,-0.00762,-0.04685,-0.045,0.0495,0.0019,-0.00083
38.82,-0.07253,-0.01494,0.10491,0.11573,0.31815,-0.12571,0.45881,-0.07372,0.02501,-0.51789,-0.10262,0,-3.7918,-0.89642,-2.96853,0.43042,0.09733,0.15237,-0.13061,-3.68069,0.94465,3.63891,0.15359,0.08396,0.09744,0.06916,-0.40463,-0.0311,-0.09216,-0.07008,0.00902,-0.00581,-0.00217,-0.36309,-0.02663,-0.06821,-0.05343,0.04439,0.0058,0.00129
38.84,-0.06591,-0.01062,0.1079,0.10815,0.30124,-0.11527,0.45518,-0.07571,0.04264,-0.49207,-0.1163,0,-3.76679,-0.65893,-3.02178,0.40154,0.08822,0.16449,-0.14006,-3.64544,0.67669,3.62625,0.1081,0.04633,0.10894,0.05602,-0.38355,-0.0249,-0.02164,-0.04846,0.00604,-0.01048,-0.00457,-0.33834,-0.0406,-0.07254,-0.05736,0.04013,0.00745,0.00224
38.86,-0.05965,-0.00667,0.11038,0.1003,0.28484,-0.1047,0.45051,-0.07554,0.06024,-0.46696,-0.13002,0,-3.69306,-0.43673,-3.02777,0.37299,0.0776,0.1717,-0.138,-3.54898,0.43424,3.55415,0.06572,0.0189,0.11247,0.03898,-0.36174,-0.01734,0.05367,-0.02942,0.00308,-0.01564,-0.00721,-0.31801,-0.04975,-0.06133,-0.05662,0.03692,0.00721,0.00219
38.88,-0.05394,-0.00321,0.11235,0.09232,0.26969,-0.09448,0.44484,-0.07326,0.07715,-0.44309,-0.14334,0,-3.57396,-0.2319,-2.98899,0.34333,0.06783,0.1761,-0.12555,-3.3987,0.22031,3.42983,0.02578,0.00201,0.11096,0.01908,-0.34051,-0.00909,0.12939,-0.01328,0.00026,-0.02092,-0.00991,-0.3026,-0.05509,-0.03914,-0.05182,0.03475,0.00564,0.00142
38.9,-0.04896,-0.00034,0.11377,0.08457,0.2566,-0.08495,0.43826,-0.06924,0.09254,-0.4209,-0.15573,0,-3.41607,-0.0468,-2.91108,0.31164,0.06145,0.1803,-0.1054,-3.20632,0.03724,3.26499,-0.01227,-0.00654,0.10706,-0.00201,-0.32136,-0.00102,0.20045,-0.00022,-0.00232,-0.02592,-0.01246,-0.29203,-0.05832,-0.01325,-0.04419,0.03335,0.00351,0.00035
38.92,-0.04483,0.0019,0.11459,0.07755,0.24633,-0.0764,0.43081,-0.06396,0.10555,-0.40077,-0.16667,0,-3.22777,0.11609,-2.80141,0.2776,0.06097,0.18696,-0.08099,-2.98568,-0.11328,3.07354,-0.04871,-0.01041,0.10303,-0.02234,-0.30571,0.00595,0.26175,0.00966,-0.00454,-0.03026,-0.01466,-0.28588,-0.06141,0.00794,-0.03531,0.03238,0.00165,-0.00056
38.94,-0.04164,0.00347,0.11479,0.07158,0.23942,-0.06896,0.42251,-0.05787,0.11561,-0.38284,-0.17579,0,-3.01711,0.25551,-2.66734,0.24123,0.06863,0.19816,-0.05523,-2.74914,-0.23139,2.86808,-0.08363,-0.01326,0.10067,-0.04033,-0.29462,0.01109,0.30955,0.01636,-0.00635,-0.03365,-0.01636,-0.28348,-0.0661,0.01715,-0.0267,0.03147,0.00075,-0.00093
38.96,-0.03938,0.0044,0.11437,0.06674,0.23599,-0.06265,0.41332,-0.05129,0.12259,-0.36698,-0.18297,0,-2.79108,0.37206,-2.51563,0.20303,0.08614,0.21492,-0.02982,-2.50607,-0.31969,2.65825,-0.11685,-0.0178,0.10131,-0.05514,-0.28845,0.01404,0.3422,0.02005,-0.00772,-0.03594,-0.01749,-0.28412,-0.07355,0.00986,-0.0195,0.03035,0.00128,-0.0005
38.98,-0.038,0.00471,0.11336,0.06279,0.2358,-0.05744,0.40324,-0.04441,0.12675,-0.35289,-0.18831,0,-2.55708,0.46732,-2.35327,0.16418,0.11452,0.23694,-0.00518,-2.26415,-0.38256,2.45188,-0.14762,-0.02547,0.10576,-0.06662,-0.28695,0.01483,0.36014,0.02096,-0.00866,-0.03715,-0.01805,-0.287,-0.08417,-0.01537,-0.01453,0.02886,0.00341,0.00082
39,-0.03741,0.00445,0.11185,0.0593,0.23827,-0.05324,0.39233,-0.03739,0.12869,-0.34021,-0.19204,0,-2.32425,0.54286,-2.1883,0.12676,0.1541,0.26265,0.01922,-2.03113,-0.42525,2.25637,-0.17444,-0.03651,0.11435,-0.07516,-0.28931,0.01381,0.36529,0.01939,-0.00917,-0.03738,-0.01811,-0.29132,-0.09768,-0.05709,-0.01231,0.02694,0.00708,0.00296
39.02,-0.03749,0.00368,0.10993,0.05574,0.24268,-0.04999,0.38073,-0.03031,0.12914,-0.32861,-0.19445,0,-2.10233,0.5999,-2.0288,0.09339,0.20492,0.28964,0.04462,-1.81414,-0.45311,2.07822,-0.19541,-0.0503,0.12703,-0.08149,-0.29447,0.01145,0.36034,0.01565,-0.0093,-0.0368,-0.01775,-0.29629,-0.11326,-0.1118,-0.01313,0.02462,0.01202,0.00578
39.04,-0.03814,0.00247,0.10769,0.05161,0.24827,-0.04756,0.36855,-0.02326,0.12873,-0.31776,-0.19589,0,-1.89883,0.63959,-1.88061,0.06646,0.26729,0.31537,0.07269,-1.6177,-0.47115,1.92114,-0.20884,-0.06572,0.14343,-0.08645,-0.30134,0.00816,0.34768,0.01009,-0.00907,-0.03554,-0.01705,-0.3013,-0.12992,-0.17512,-0.01698,0.02197,0.01791,0.00905
39.06,-0.03924,0.0009,0.10517,0.04659,0.25438,-0.04578,0.35588,-0.0163,0.12788,-0.30732,-0.19665,0,-1.71782,0.66303,-1.74629,0.04773,0.34197,0.33756,0.10518,-1.44288,-0.4836,1.78533,-0.2136,-0.08152,0.1629,-0.09086,-0.30905,0.00408,0.32893,0.0031,-0.0085,-0.03367,-0.01606,-0.30594,-0.14662,-0.24239,-0.0236,0.01907,0.02437,0.01257
39.08,-0.04068,-0.00091,0.10242,0.04059,0.2604,-0.04441,0.34288,-0.00956,0.12674,-0.29709,-0.19703,0,-1.56101,0.6711,-1.62587,0.03837,0.42971,0.35414,0.14369,-1.28846,-0.49376,1.66831,-0.20924,-0.09617,0.18434,-0.09545,-0.31685,-0.00085,0.3048,-0.00483,-0.00763,-0.03121,-0.01479,-0.30997,-0.16222,-0.3083,-0.03236,0.01604,0.03101,0.01606
39.1,-0.04235,-0.00281,0.09948,0.03376,0.26574,-0.04322,0.32983,-0.00324,0.12521,-0.28699,-0.19726,0,-1.42916,0.66431,-1.51813,0.03915,0.53061,0.36316,0.18929,-1.15246,-0.50389,1.56627,-0.19584,-0.10787,0.20614,-0.10077,-0.32416,-0.00691,0.27538,-0.0131,-0.00647,-0.02812,-0.01323,-0.3133,-0.17539,-0.36656,-0.04234,0.01305,0.0373,0.01921
39.12,-0.04411,-0.00464,0.09641,0.02638,0.26989,-0.04196,0.31709,0.00237,0.12307,-0.27713,-0.19757,0,-1.32202,0.6434,-1.42116,0.05049,0.64376,0.36322,0.24206,-1.03255,-0.51534,1.47478,-0.17382,-0.11484,0.22652,-0.10709,-0.3305,-0.01437,0.24063,-0.02105,-0.00508,-0.02437,-0.01137,-0.31597,-0.18467,-0.41052,-0.05242,0.01031,0.04268,0.0217
39.14,-0.04588,-0.00627,0.09323,0.01873,0.27252,-0.04046,0.3049,0.00708,0.12005,-0.26761,-0.19816,0,-1.23713,0.61027,-1.33257,0.07238,0.76702,0.35424,0.3006,-0.92579,-0.52878,1.38925,-0.14385,-0.11585,0.24396,-0.11428,-0.33556,-0.02328,0.201,-0.02811,-0.00349,-0.02001,-0.00922,-0.31814,-0.18876,-0.43444,-0.06161,0.00805,0.0466,0.02323
39.16,-0.04763,-0.00762,0.08997,0.01104,0.27353,-0.0386,0.29333,0.01083,0.11593,-0.25858,-0.19924,0,-1.16932,0.56878,-1.24989,0.10422,0.89641,0.33803,0.36145,-0.82868,-0.54437,1.30539,-0.10679,-0.11058,0.25756,-0.12165,-0.33928,-0.03333,0.15802,-0.03393,-0.00179,-0.01518,-0.00688,-0.32012,-0.1867,-0.43433,-0.06919,0.00651,0.04863,0.02358
39.18,-0.04935,-0.00865,0.08663,0.00349,0.27308,-0.03638,0.28234,0.01364,0.1106,-0.25022,-0.201,0,-1.11107,0.52531,-1.1713,0.1446,1.02496,0.31855,0.4185,-0.73797,-0.56165,1.22001,-0.06398,-0.09979,0.26697,-0.12788,-0.34175,-0.0437,0.11476,-0.03826,-0.00011,-0.01023,-0.0045,-0.32231,-0.17786,-0.408,-0.07465,0.00593,0.04837,0.02264
39.2,-0.05105,-0.00937,0.08326,-0.00376,0.27153,-0.0339,0.27186,0.01564,0.10408,-0.24283,-0.20362,0,-1.05351,0.48846,-1.0962,0.1912,1.14232,0.30158,0.46299,-0.65144,-0.5795,1.13156,-0.01739,-0.08512,0.27221,-0.13106,-0.34321,-0.05307,0.07582,-0.04098,0.00138,-0.00564,-0.00231,-0.3252,-0.162,-0.3551,-0.07769,0.00659,0.04553,0.02036
39.22,-0.05272,-0.00979,0.07993,-0.01052,0.26933,-0.03133,0.26182,0.01697,0.09649,-0.23677,-0.20725,0,-0.98798,0.46714,-1.02475,0.2412,1.23658,0.29318,0.48559,-0.56783,-0.5964,1.03973,0.03069,-0.06874,0.27344,-0.1291,-0.34396,-0.06001,0.04612,-0.04208,0.00252,-0.00196,-0.00059,-0.32921,-0.1393,-0.277,-0.07817,0.00869,0.03993,0.0168
39.24,-0.05435,-0.00994,0.07666,-0.01671,0.2669,-0.02879,0.25203,0.01777,0.08799,-0.23226,-0.21198,0,-0.90789,0.46746,-0.95694,0.29212,1.29771,0.2973,0.47955,-0.48639,-0.61085,0.94454,0.07834,-0.05258,0.27065,-0.12036,-0.34426,-0.06355,0.02886,-0.04163,0.00319,0.00045,0.0005,-0.33461,-0.1105,-0.17706,-0.07611,0.01228,0.03165,0.0121
39.26,-0.05588,-0.00987,0.07347,-0.02238,0.26455,-0.02637,0.24223,0.0182,0.07876,-0.22935,-0.2178,0,-0.81033,0.4906,-0.89206,0.34212,1.31977,0.31417,0.443,-0.40674,-0.62169,0.84599,0.12427,-0.03798,0.26353,-0.10414,-0.34432,-0.06358,0.02423,-0.03991,0.00339,0.00155,0.00094,-0.34129,-0.07705,-0.06103,-0.07181,0.01715,0.02113,0.00652
39.28,-0.0572,-0.00964,0.07037,-0.02766,0.26247,-0.0241,0.23209,0.01836,0.06908,-0.22788,-0.22456,0,-0.69719,0.53214,-0.82912,0.38972,1.30118,0.33969,0.37976,-0.32943,-0.62801,0.74471,0.16757,-0.02567,0.2514,-0.08088,-0.34422,-0.06093,0.02905,-0.0373,0.00323,0.00164,0.00089,-0.34877,-0.04149,0.06195,-0.0658,0.02276,0.00924,0.00054
39.3,-0.05812,-0.0093,0.06739,-0.0327,0.26073,-0.02199,0.22138,0.01833,0.05938,-0.22754,-0.23195,0,-0.57522,0.58263,-0.76734,0.43344,1.24409,0.36599,0.29879,-0.25646,-0.62909,0.64258,0.20732,-0.01595,0.23338,-0.05214,-0.34398,-0.05725,0.03736,-0.03439,0.00293,0.0013,0.00064,-0.35617,-0.00738,0.17917,-0.05888,0.0283,-0.00265,-0.00521
39.32,-0.05843,-0.00893,0.06454,-0.03766,0.25934,-0.02,0.20991,0.01816,0.05013,-0.22795,-0.23954,0,-0.45379,0.63019,-0.70621,0.47188,1.15322,0.38351,0.21167,-0.19054,-0.62441,0.54216,0.2426,-0.00882,0.20855,-0.0201,-0.34351,-0.05453,0.04207,-0.03177,0.00273,0.00124,0.00055,-0.36241,0.02133,0.2769,-0.05194,0.03281,-0.01304,-0.01004
39.34,-0.05797,-0.00857,0.06187,-0.04259,0.25823,-0.0181,0.19757,0.01787,0.04166,-0.22881,-0.24692,0,-0.34128,0.66435,-0.64523,0.50406,1.03449,0.38413,0.12875,-0.13379,-0.61375,0.44553,0.27271,-0.00409,0.1763,0.01325,-0.34268,-0.05443,0.03732,-0.02996,0.00284,0.00204,0.00092,-0.36655,0.04159,0.34453,-0.04571,0.03556,-0.02072,-0.01342
39.36,-0.05663,-0.00825,0.05936,-0.04747,0.2573,-0.01624,0.18435,0.01744,0.03409,-0.22989,-0.25371,0,-0.24291,0.67852,-0.584,0.52958,0.89447,0.36338,0.05687,-0.08694,-0.59734,0.35373,0.29722,-0.00153,0.13663,0.04645,-0.34128,-0.05782,0.0202,-0.02924,0.00335,0.00401,0.00188,-0.36802,0.05198,0.37733,-0.04062,0.03619,-0.02509,-0.01508
39.38,-0.0544,-0.00798,0.05703,-0.05208,0.25642,-0.01438,0.17044,0.01684,0.02737,-0.23112,-0.25957,0,-0.16093,0.67054,-0.52264,0.54845,0.74132,0.32109,-0.00073,-0.04957,-0.57595,0.26731,0.31579,-0.00087,0.09055,0.07852,-0.33909,-0.06464,-0.00879,-0.02968,0.00424,0.00709,0.00341,-0.36662,0.05286,0.37681,-0.03684,0.03478,-0.02622,-0.01512
39.4,-0.05137,-0.00776,0.0549,-0.05603,0.25541,-0.01249,0.15632,0.01601,0.02131,-0.23251,-0.2641,0,-0.09567,0.64209,-0.46219,0.56082,0.58531,0.26105,-0.04351,-0.02055,-0.55096,0.18709,0.32797,-0.00188,0.04023,0.10861,-0.33583,-0.07397,-0.04594,-0.03117,0.00536,0.01094,0.00533,-0.36249,0.04603,0.34966,-0.03428,0.03177,-0.0247,-0.01386
39.42,-0.04766,-0.00758,0.05299,-0.05885,0.25412,-0.01058,0.14261,0.01488,0.0157,-0.23413,-0.26692,0,-0.04616,0.59741,-0.40431,0.56695,0.43728,0.18953,-0.07271,0.00162,-0.52408,0.11402,0.33332,-0.00435,-0.01145,0.13597,-0.33125,-0.08437,-0.0857,-0.03346,0.0065,0.01499,0.00734,-0.35599,0.03412,0.30538,-0.03273,0.02783,-0.02143,-0.01178
39.44,-0.04342,-0.00741,0.05133,-0.06016,0.2524,-0.00867,0.12984,0.01346,0.01038,-0.23606,-0.26777,0,-0.01064,0.54158,-0.35061,0.56722,0.30573,0.11305,-0.09039,0.01856,-0.49694,0.04873,0.33165,-0.00817,-0.06162,0.15999,-0.32512,-0.09441,-0.1226,-0.03627,0.00748,0.0187,0.00917,-0.34745,0.01966,0.25311,-0.03197,0.02358,-0.01727,-0.00933
39.46,-0.03876,-0.00726,0.04993,-0.05977,0.25013,-0.0068,0.11831,0.01178,0.00527,-0.23827,-0.26652,0,0.01314,0.47952,-0.30224,0.5622,0.19523,0.03719,-0.0987,0.03182,-0.47086,-0.00874,0.32324,-0.01329,-0.10785,0.18013,-0.31728,-0.1029,-0.15244,-0.03936,0.00814,0.02166,0.0106,-0.33719,0.00461,0.19963,-0.03179,0.01949,-0.0129,-0.00685
39.48,-0.03377,-0.00714,0.04879,-0.05768,0.24726,-0.00506,0.10815,0.00999,0.00044,-0.24068,-0.26325,0,0.02754,0.41623,-0.26025,0.55264,0.1069,-0.03317,-0.09966,0.04276,-0.44701,-0.05844,0.30892,-0.01968,-0.14782,0.19581,-0.30772,-0.10897,-0.17242,-0.0425,0.00842,0.02358,0.01151,-0.32546,-0.00972,0.14924,-0.03209,0.01582,-0.00875,-0.00455
39.5,-0.02863,-0.00704,0.04789,-0.05413,0.24382,-0.0036,0.09945,0.0083,-0.00385,-0.24309,-0.25819,0,0.03479,0.35706,-0.22595,0.53949,0.03961,-0.09338,-0.09501,0.05236,-0.4266,-0.10014,0.29006,-0.02731,-0.17909,0.20619,-0.29664,-0.11196,-0.18078,-0.04548,0.00828,0.02428,0.01179,-0.31258,-0.02251,0.10433,-0.03281,0.01273,-0.00507,-0.00255
39.52,-0.02348,-0.007,0.04725,-0.04942,0.23987,-0.00255,0.09225,0.00697,-0.00723,-0.24525,-0.25167,0,0.03685,0.30723,-0.20066,0.52373,-0.00918,-0.1393,-0.08621,0.06112,-0.41063,-0.13325,0.26835,-0.0361,-0.19939,0.21034,-0.2843,-0.11144,-0.17672,-0.04808,0.00775,0.02368,0.01142,-0.29887,-0.03328,0.06602,-0.03395,0.01026,-0.00197,-0.0009
39.54,-0.01846,-0.00703,0.04685,-0.0439,0.23543,-0.00205,0.08649,0.00619,-0.00941,-0.24692,-0.24394,0,0.03539,0.27076,-0.18532,0.50614,-0.04261,-0.16811,-0.07444,0.06906,-0.3996,-0.15716,0.24535,-0.04577,-0.20738,0.20751,-0.27096,-0.10726,-0.16035,-0.05021,0.00684,0.02178,0.01041,-0.28458,-0.04172,0.03479,-0.03551,0.00843,0.00049,0.00039
39.56,-0.01366,-0.00714,0.04666,-0.0378,0.23055,-0.00213,0.08209,0.00601,-0.01017,-0.24794,-0.23521,0,0.03173,0.24986,-0.18006,0.4872,-0.06391,-0.17892,-0.06065,0.07559,-0.39319,-0.17142,0.22241,-0.05583,-0.20315,0.19728,-0.25684,-0.09961,-0.13281,-0.05183,0.00563,0.01869,0.00883,-0.2699,-0.04763,0.01101,-0.03752,0.00722,0.00228,0.0013
39.58,-0.00914,-0.00732,0.04662,-0.03136,0.22522,-0.00276,0.07889,0.00637,-0.00948,-0.2482,-0.22559,0,0.02691,0.24495,-0.18429,0.46723,-0.07607,-0.17269,-0.04572,0.07945,-0.39033,-0.17559,0.2007,-0.06543,-0.18833,0.17976,-0.24215,-0.08911,-0.09646,-0.05304,0.00417,0.01463,0.00679,-0.25502,-0.0508,-0.00472,-0.03996,0.00662,0.00334,0.00181
39.6,-0.005,-0.00758,0.04668,-0.02479,0.2195,-0.00385,0.07675,0.00708,-0.00737,-0.24767,-0.21523,0,0.02168,0.25505,-0.19679,0.44652,-0.08156,-0.15193,-0.03047,0.0788,-0.38931,-0.16918,0.18145,-0.07339,-0.16586,0.1555,-0.22723,-0.07677,-0.05482,-0.05399,0.00258,0.00997,0.00448,-0.24028,-0.05099,-0.01146,-0.04278,0.00663,0.0036,0.00188
39.62,-0.00132,-0.00789,0.04676,-0.01832,0.21346,-0.00523,0.07553,0.0079,-0.004,-0.24633,-0.2043,0,0.01653,0.27831,-0.21605,0.42533,-0.08224,-0.11986,-0.01571,0.07173,-0.38822,-0.15176,0.16574,-0.07845,-0.13924,0.12546,-0.21246,-0.06372,-0.01175,-0.05488,0.00096,0.0051,0.00211,-0.22604,-0.04802,-0.00829,-0.0459,0.00725,0.003,0.00147
39.64,0.00183,-0.00824,0.04682,-0.01207,0.20715,-0.00676,0.07506,0.0086,0.00048,-0.24414,-0.19288,0,0.01179,0.3127,-0.24062,0.40389,-0.07931,-0.0794,-0.00202,0.05705,-0.38547,-0.12333,0.15421,-0.07966,-0.11136,0.09069,-0.19809,-0.05087,0.02987,-0.05588,-0.00061,0.00031,-0.00016,-0.21258,-0.04192,0.00503,-0.04921,0.00846,0.00152,0.00057
39.66,0.00446,-0.00861,0.04682,-0.00606,0.20056,-0.0083,0.07512,0.00899,0.00589,-0.24109,-0.18104,0,0.00762,0.35624,-0.26935,0.38236,-0.07334,-0.03262,0.0102,0.03491,-0.38017,-0.08463,0.14689,-0.07675,-0.08382,0.05237,-0.18419,-0.03864,0.06885,-0.05709,-0.0021,-0.00426,-0.00228,-0.19998,-0.03308,0.02751,-0.0526,0.01018,-0.00076,-0.00078
39.68,0.00661,-0.00897,0.04676,-0.00029,0.19372,-0.00972,0.07548,0.00898,0.01199,-0.23712,-0.16888,0,0.00409,0.40681,-0.30112,0.36108,-0.06423,0.01909,0.02072,0.00712,-0.37228,-0.03751,0.1432,-0.07014,-0.05697,0.01208,-0.17071,-0.02701,0.10567,-0.05855,-0.00353,-0.00863,-0.00427,-0.1882,-0.02235,0.05664,-0.05589,0.01226,-0.00364,-0.00246
39.7,0.00833,-0.00931,0.04664,0.00531,0.18672,-0.0109,0.07582,0.0085,0.01848,-0.23224,-0.15661,0,0.00119,0.46192,-0.33474,0.34061,-0.05137,0.07461,0.02933,-0.02299,-0.36253,0.01496,0.14207,-0.06092,-0.03026,-0.02802,-0.15763,-0.01571,0.14184,-0.0602,-0.00494,-0.01294,-0.0062,-0.17722,-0.01103,0.0885,-0.05883,0.0145,-0.0068,-0.00427
39.72,0.00969,-0.00959,0.0465,0.01074,0.17963,-0.01172,0.07586,0.00759,0.02501,-0.22642,-0.1445,0,-0.00111,0.51884,-0.36887,0.32164,-0.03368,0.13291,0.03581,-0.05133,-0.35206,0.06899,0.14222,-0.05052,-0.00272,-0.06538,-0.14492,-0.00438,0.17901,-0.06189,-0.00636,-0.0173,-0.00816,-0.16696,-0.00063,0.11845,-0.06116,0.01665,-0.00986,-0.00599
39.74,0.01075,-0.00978,0.04635,0.01604,0.17242,-0.01211,0.07539,0.00629,0.03131,-0.21964,-0.13272,0,-0.00288,0.57507,-0.40212,0.30456,-0.00979,0.193,0.03995,-0.07445,-0.34194,0.12102,0.14237,-0.0402,0.02638,-0.09758,-0.13256,0.00704,0.2178,-0.06341,-0.0078,-0.02175,-0.01019,-0.15724,0.00753,0.14235,-0.06258,0.01849,-0.01247,-0.00743
39.76,0.01161,-0.00982,0.04621,0.02123,0.16494,-0.01205,0.07427,0.00471,0.03715,-0.21183,-0.12128,0,-0.0042,0.62843,-0.43304,0.28931,0.02173,0.25362,0.04154,-0.09032,-0.33282,0.16811,0.14151,-0.03082,0.05705,-0.12259,-0.12047,0.01819,0.25679,-0.06445,-0.00918,-0.02613,-0.01223,-0.14774,0.01253,0.1573,-0.06286,0.01987,-0.01439,-0.00843
39.78,0.01233,-0.00968,0.0461,0.02628,0.15692,-0.01161,0.07253,0.00303,0.04237,-0.20296,-0.1101,0,-0.00516,0.67666,-0.45981,0.27543,0.06214,0.31274,0.04037,-0.09847,-0.3249,0.20776,0.13889,-0.02282,0.08822,-0.13862,-0.1087,0.02805,0.29207,-0.06461,-0.01037,-0.03004,-0.01408,-0.13805,0.01387,0.16169,-0.06178,0.02067,-0.01544,-0.00892
39.8,0.01299,-0.00928,0.04602,0.03106,0.14805,-0.01087,0.07029,0.00147,0.04683,-0.19306,-0.09907,0,-0.00583,0.71714,-0.48014,0.26224,0.1122,0.36727,0.03618,-0.09963,-0.31809,0.23751,0.13408,-0.0163,0.11767,-0.14393,-0.09742,0.03503,0.31729,-0.06339,-0.01115,-0.03286,-0.01545,-0.12774,0.01143,0.15496,-0.05917,0.02085,-0.01552,-0.00884
39.82,0.01362,-0.00857,0.04596,0.03543,0.13806,-0.00999,0.06774,0.00029,0.05036,-0.18224,-0.08815,0,-0.00627,0.74721,-0.49156,0.24899,0.17182,0.41356,0.02884,-0.0953,-0.31224,0.2552,0.12684,-0.01116,0.14274,-0.137,-0.08688,0.03736,0.32548,-0.0603,-0.01129,-0.03389,-0.01599,-0.11647,0.00537,0.13746,-0.05489,0.02035,-0.01462,-0.00821
39.84,0.01428,-0.0075,0.04591,0.03927,0.12668,-0.00907,0.06504,-0.00031,0.05288,-0.17061,-0.07722,0,-0.00653,0.76501,-0.49204,0.23503,0.23954,0.44858,0.01847,-0.08714,-0.30743,0.25949,0.11717,-0.00719,0.16149,-0.11694,-0.07721,0.03386,0.3117,-0.05491,-0.01064,-0.03266,-0.01547,-0.10395,-0.00393,0.11018,-0.04885,0.0192,-0.01276,-0.00705
39.86,0.01498,-0.00606,0.04583,0.04258,0.11379,-0.00819,0.06232,-0.00023,0.05435,-0.15827,-0.06619,0,-0.00664,0.77001,-0.4805,0.21993,0.31203,0.47054,0.00564,-0.07658,-0.30419,0.25033,0.10527,-0.00419,0.17344,-0.08384,-0.06837,0.02438,0.27506,-0.047,-0.00924,-0.02907,-0.01384,-0.09002,-0.01588,0.07482,-0.04104,0.01741,-0.01008,-0.00545
39.88,0.01569,-0.00424,0.04568,0.04546,0.09946,-0.00737,0.05962,0.00054,0.0548,-0.14541,-0.05503,0,-0.00661,0.76304,-0.45689,0.20367,0.38336,0.47888,-0.00854,-0.06476,-0.30354,0.229,0.09162,-0.00196,0.17968,-0.03912,-0.06017,0.01004,0.2194,-0.03658,-0.00728,-0.02352,-0.01127,-0.07481,-0.02962,0.03397,-0.0316,0.01505,-0.0068,-0.00354
39.9,0.01638,-0.00209,0.04541,0.04802,0.08404,-0.0066,0.05697,0.00189,0.0543,-0.13239,-0.04386,0,-0.00644,0.74613,-0.42226,0.18668,0.44497,0.47397,-0.0224,-0.05268,-0.30707,0.19807,0.07703,-0.00037,0.18258,0.0145,-0.05236,-0.00691,0.15288,-0.02398,-0.00514,-0.01683,-0.00817,-0.05875,-0.04392,-0.00877,-0.02087,0.01226,-0.00325,-0.0015
39.92,0.01699,0.00028,0.04495,0.05042,0.06809,-0.00587,0.05437,0.00369,0.05297,-0.11968,-0.03289,0,-0.00609,0.72215,-0.37836,0.1697,0.48749,0.45696,-0.03413,-0.04113,-0.31669,0.16086,0.06248,0.00063,0.18523,0.07364,-0.04468,-0.02372,0.08569,-0.00971,-0.00325,-0.01003,-0.00502,-0.04247,-0.05744,-0.04933,-0.00929,0.00919,0.00016,0.00045
39.94,0.01743,0.0028,0.04425,0.05272,0.05212,-0.00512,0.05178,0.00579,0.05096,-0.10771,-0.02226,0,-0.00551,0.69431,-0.32722,0.15347,0.50371,0.42965,-0.04247,-0.03066,-0.33441,0.12071,0.04879,0.00111,0.19081,0.13534,-0.03696,-0.03807,0.02653,0.0056,-0.00198,-0.00399,-0.00223,-0.0266,-0.069,-0.08407,0.00265,0.00599,0.00311,0.00213
39.96,0.01766,0.00536,0.04329,0.05492,0.03658,-0.00431,0.04912,0.00813,0.04848,-0.0968,-0.01203,0,-0.0046,0.666,-0.27108,0.13859,0.49073,0.39453,-0.04712,-0.02157,-0.36211,0.08063,0.03651,0.00105,0.20196,0.19763,-0.02913,-0.04865,-0.01954,0.02131,-0.00151,0.00079,-4e-05,-0.01164,-0.07774,-0.11036,0.01449,0.00279,0.00535,0.0034
39.98,0.0176,0.00784,0.04207,0.05689,0.0219,-0.00343,0.04631,0.01065,0.04581,-0.08726,-0.00219,0,-0.00322,0.64091,-0.21269,0.12558,0.45044,0.35502,-0.0488,-0.01397,-0.40124,0.0435,0.02593,0.00047,0.22068,0.25914,-0.02132,-0.05526,-0.05133,0.03662,-0.00181,0.00418,0.00148,0.00195,-0.08314,-0.12646,0.02567,-0.00026,0.00673,0.00418
40,0.01719,0.01008,0.04063,0.05835,0.00864,-0.00246,0.04328,0.01332,0.04331,-0.07941,0.00724,0,-0.00125,0.62305,-0.15561,0.11497,0.38898,0.31551,-0.04908,-0.00792,-0.45261,0.01226,0.01721,-0.00068,0.24816,0.31859,-0.0139,-0.05858,-0.07074,0.0505,-0.00267,0.00636,0.00245,0.01365,-0.0849,-0.13133,0.03552,-0.003,0.00719,0.00442
40.02,0.01638,0.0119,0.03903,0.05902,-0.00261,-0.00139,0.03998,0.01611,0.04131,-0.07357,0.01623,0,0.00148,0.61594,-0.1035,0.1071,0.31474,0.28052,-0.04993,-0.00336,-0.51603,-0.01064,0.0104,-0.00243,0.28459,0.37438,-0.00737,-0.05978,-0.0814,0.06185,-0.00381,0.00768,0.00303,0.02289,-0.08298,-0.12465,0.04332,-0.00526,0.00671,0.00411
40.04,0.01514,0.01316,0.03732,0.0587,-0.01136,-0.00022,0.03635,0.01896,0.04002,-0.06987,0.02477,0,0.00512,0.62123,-0.05897,0.10176,0.23537,0.25333,-0.05301,-0.00025,-0.58986,-0.02416,0.00549,-0.00482,0.3288,0.42431,-0.00223,-0.06002,-0.087,0.06981,-0.00493,0.00849,0.00339,0.02928,-0.07762,-0.10714,0.04854,-0.00695,0.00537,0.0033
40.06,0.01346,0.0138,0.03552,0.0574,-0.01733,0.00108,0.03238,0.02174,0.03941,-0.06816,0.03297,0,0.00978,0.63773,-0.0228,0.09797,0.15611,0.23507,-0.05923,0.00152,-0.67044,-0.02938,0.00233,-0.00787,0.37792,0.46527,0.00116,-0.06005,-0.0901,0.07395,-0.00585,0.00902,0.00366,0.03263,-0.06943,-0.08078,0.05092,-0.00804,0.00335,0.00209
40.08,0.01137,0.01381,0.03367,0.05531,-0.02043,0.00251,0.0281,0.02424,0.0392,-0.06799,0.0409,0,0.01548,0.66108,0.0059,0.09392,0.07992,0.22471,-0.06861,0.00206,-0.75136,-0.02954,0.00073,-0.01156,0.42689,0.49277,0.00256,-0.06016,-0.09184,0.07425,-0.00646,0.00934,0.00386,0.03297,-0.05949,-0.04913,0.05057,-0.00862,0.00092,0.00063
40.1,0.00896,0.01322,0.03176,0.05286,-0.02065,0.00409,0.02362,0.02616,0.0389,-0.06869,0.04864,0,0.02215,0.68401,0.02924,0.08718,0.00825,0.21938,-0.08024,0.00147,-0.82332,-0.02972,0.00045,-0.01579,0.46845,0.50098,0.00179,-0.06023,-0.09201,0.07107,-0.00676,0.00939,0.00395,0.03051,-0.04925,-0.01711,0.0478,-0.00881,-0.00155,-0.00083
40.12,0.00634,0.01213,0.02983,0.05056,-0.01812,0.00581,0.01909,0.02715,0.03796,-0.06947,0.05619,0,0.02952,0.69774,0.04999,0.07513,-0.05828,0.21498,-0.09255,-0.00016,-0.87569,-0.0357,0.00126,-0.02043,0.49432,0.48388,-0.00121,-0.05988,-0.08975,0.06498,-0.00677,0.00902,0.00386,0.02556,-0.0403,0.00993,0.04314,-0.00879,-0.00363,-0.00206
40.14,0.00364,0.01063,0.02785,0.04885,-0.01313,0.00766,0.01469,0.02694,0.03587,-0.0696,0.06359,0,0.03705,0.69406,0.07092,0.05573,-0.11932,0.20698,-0.1036,-0.00276,-0.89932,-0.05233,0.00291,-0.0253,0.4972,0.43742,-0.00637,-0.0588,-0.08443,0.05665,-0.00655,0.00815,0.00353,0.01853,-0.03384,0.02791,0.03716,-0.00867,-0.00504,-0.00288
40.16,0.00099,0.00884,0.0258,0.04797,-0.00613,0.00964,0.01057,0.02539,0.03238,-0.06854,0.07091,0,0.04389,0.66685,0.0943,0.02801,-0.1742,0.191,-0.11124,-0.00626,-0.8884,-0.08238,0.00511,-0.03023,0.47221,0.3611,-0.0134,-0.05689,-0.07635,0.04677,-0.0061,0.00679,0.00295,0.00988,-0.03037,0.03508,0.03045,-0.00851,-0.00564,-0.00321
40.18,-0.00148,0.00689,0.02361,0.048,0.00213,0.01171,0.0069,0.02248,0.02748,-0.06598,0.07822,0,0.04875,0.61252,0.1216,-0.00754,-0.22131,0.16305,-0.11316,-0.01052,-0.84091,-0.12605,0.00757,-0.03496,0.41732,0.25892,-0.02176,-0.05435,-0.06694,0.03614,-0.00543,0.0051,0.00221,0.00026,-0.02967,0.0322,0.02367,-0.00829,-0.0055,-0.00309
40.2,-0.00361,0.00493,0.02124,0.04883,0.01067,0.01379,0.00388,0.01839,0.02141,-0.06179,0.08549,0,0.04997,0.53005,0.1534,-0.04899,-0.25806,0.11967,-0.10684,-0.01537,-0.75828,-0.18102,0.00994,-0.03916,0.33327,0.13928,-0.03064,-0.05167,-0.05867,0.02565,-0.0045,0.00336,0.00145,-0.00955,-0.03089,0.02221,0.01754,-0.00792,-0.00484,-0.00268
40.22,-0.0052,0.00315,0.01863,0.05026,0.01839,0.01581,0.00167,0.01334,0.0146,-0.05602,0.09267,0,0.04593,0.42047,0.18964,-0.09365,-0.28207,0.05825,-0.09016,-0.02052,-0.64422,-0.24341,0.01178,-0.04249,0.22287,0.01295,-0.03909,-0.04942,-0.05447,0.01621,-0.00331,0.00192,0.00082,-0.01868,-0.03284,0.00915,0.0128,-0.00725,-0.00398,-0.00216
40.24,-0.00612,0.00166,0.0157,0.05207,0.02436,0.01766,0.00034,0.00757,0.00744,-0.04875,0.09972,0,0.03558,0.28624,0.23008,-0.13903,-0.29339,-0.02255,-0.06214,-0.02553,-0.5032,-0.30926,0.01256,-0.04465,0.09005,-0.11007,-0.04624,-0.04806,-0.05681,0.00853,-0.00181,0.00109,0.00048,-0.02636,-0.03434,-0.00325,0.01004,-0.0062,-0.00322,-0.00174
40.26,-0.00626,0.00056,0.01238,0.05408,0.02795,0.01926,-0.00023,0.00126,0.00022,-0.04016,0.10659,0,0.01897,0.13123,0.27446,-0.1835,-0.29591,-0.12218,-0.02366,-0.02974,-0.33994,-0.37528,0.01165,-0.0455,-0.06033,-0.22242,-0.05143,-0.04776,-0.06705,0.00298,-2e-05,0.00104,0.00051,-0.03205,-0.03455,-0.01251,0.00963,-0.00471,-0.00275,-0.00152
40.28,-0.0056,-0.00016,0.00857,0.05617,0.02888,0.02052,-0.00037,-0.0054,-0.00682,-0.03048,0.11327,0,-0.00258,-0.03816,0.32225,-0.22602,-0.29775,-0.23738,0.02215,-0.03225,-0.16039,-0.43856,0.00829,-0.04504,-0.22143,-0.31892,-0.0542,-0.04836,-0.08528,-0.00039,0.00202,0.00178,0.00092,-0.03542,-0.03295,-0.01758,0.01169,-0.00284,-0.00267,-0.00155
40.3,-0.00414,-0.0005,0.00425,0.05824,0.02711,0.02134,-0.00056,-0.01222,-0.01349,-0.02011,0.11964,0,-0.0265,-0.21238,0.3724,-0.26584,-0.31059,-0.36189,0.06994,-0.03185,0.0274,-0.49618,0.0016,-0.04336,-0.38378,-0.39563,-0.05426,-0.04942,-0.1103,-0.00178,0.00422,0.00322,0.00166,-0.03626,-0.02936,-0.01863,0.01611,-0.00071,-0.003,-0.00182
40.32,-0.00193,-0.0005,-0.00063,0.06022,0.02278,0.02161,-0.00136,-0.01901,-0.01962,-0.00948,0.12551,0,-0.04961,-0.38065,0.42364,-0.30237,-0.34729,-0.48792,0.11337,-0.02706,0.21452,-0.54557,-0.00933,-0.04054,-0.53679,-0.44968,-0.05139,-0.05026,-0.14,-0.00147,0.00644,0.00515,0.00263,-0.03445,-0.02383,-0.01672,0.02271,0.00149,-0.00366,-0.00227
40.34,0.00096,-0.00023,-0.00613,0.06214,0.01608,0.02126,-0.00325,-0.02565,-0.02523,0.00111,0.1307,0,-0.06906,-0.53442,0.4752,-0.33539,-0.41856,-0.60884,0.14704,-0.01605,0.39371,-0.58542,-0.02545,-0.03651,-0.67173,-0.47966,-0.04546,-0.0501,-0.17193,0.00024,0.00857,0.00733,0.00371,-0.02996,-0.01652,-0.01328,0.03129,0.00359,-0.00457,-0.00284
40.36,0.00447,0.00027,-0.01233,0.06407,0.00719,0.02027,-0.00657,-0.03218,-0.03051,0.01158,0.13499,0,-0.08295,-0.66928,0.52702,-0.36494,-0.53022,-0.72051,0.1677,0.00321,0.56048,-0.6162,-0.04754,-0.03092,-0.78332,-0.48579,-0.03643,-0.04813,-0.20345,0.00317,0.01049,0.00949,0.00477,-0.02284,-0.00764,-0.00982,0.04177,0.00542,-0.00563,-0.00344
40.38,0.0085,0.00096,-0.0193,0.06616,-0.00367,0.01867,-0.01147,-0.0387,-0.03582,0.022,0.1381,0,-0.09034,-0.78438,0.57952,-0.39117,-0.68187,-0.82084,0.1744,0.03288,0.71213,-0.63999,-0.07613,-0.02317,-0.86918,-0.46989,-0.02438,-0.04353,-0.23166,0.00726,0.01208,0.01135,0.00565,-0.01328,0.00249,-0.00787,0.05406,0.00686,-0.00673,-0.00401
40.4,0.01291,0.00181,-0.02705,0.06859,-0.01617,0.01657,-0.01789,-0.04533,-0.0416,0.03251,0.13973,0,-0.09102,-0.88103,0.63311,-0.41404,-0.86665,-0.90873,0.16807,0.0751,0.84635,-0.66007,-0.1113,-0.01248,-0.9288,-0.43509,-0.0096,-0.0355,-0.25323,0.01249,0.01324,0.01258,0.00621,-0.0016,0.01345,-0.00898,0.06801,0.0078,-0.00772,-0.00449
40.42,0.01754,0.00275,-0.03558,0.07151,-0.02995,0.01405,-0.02566,-0.05218,-0.04833,0.0433,0.13953,0,-0.085,-0.96166,0.68819,-0.43347,-1.07302,-0.98351,0.15076,0.13186,0.96092,-0.68024,-0.1527,0.00213,-0.96271,-0.38527,0.00755,-0.02331,-0.26491,0.01889,0.01386,0.01288,0.00628,0.0119,0.0248,-0.01448,0.08325,0.00813,-0.00849,-0.00481
40.44,0.02228,0.00375,-0.0449,0.07498,-0.0447,0.01117,-0.03471,-0.05931,-0.05635,0.0547,0.13734,0,-0.07189,-1.02892,0.74521,-0.4495,-1.28777,-1.04476,0.12471,0.20485,1.05414,-0.70395,-0.19965,0.02179,-0.97208,-0.32442,0.02676,-0.00646,-0.26447,0.02641,0.01387,0.01204,0.00575,0.02717,0.03639,-0.0252,0.09905,0.00774,-0.00891,-0.00493
40.46,0.02714,0.00471,-0.05505,0.07887,-0.06021,0.00788,-0.04505,-0.06665,-0.0658,0.06706,0.1332,0,-0.05054,-1.08499,0.80462,-0.4625,-1.49728,-1.09198,0.09179,0.29515,1.12487,-0.7337,-0.25099,0.04766,-0.95846,-0.25641,0.04784,0.01524,-0.25137,0.0349,0.01329,0.01002,0.00463,0.04454,0.04842,-0.04118,0.11419,0.00655,-0.00894,-0.00482
40.48,0.03214,0.00554,-0.06605,0.08286,-0.0762,0.00407,-0.05681,-0.07399,-0.0765,0.08076,0.12746,0,-0.01906,-1.13085,0.86639,-0.47305,-1.68625,-1.12413,0.05362,0.40244,1.17191,-0.77063,-0.30472,0.08079,-0.92373,-0.18542,0.07053,0.04145,-0.22695,0.04396,0.01221,0.00694,0.00298,0.06465,0.06141,-0.06151,0.12676,0.00449,-0.00854,-0.00448
40.5,0.03735,0.00608,-0.0778,0.08639,-0.09228,-0.00044,-0.07011,-0.08088,-0.08793,0.09606,0.12073,0,0.02493,-1.16598,0.92966,-0.48182,-1.83679,-1.13929,0.01178,0.52463,1.19352,-0.81451,-0.35777,0.1218,-0.87008,-0.11629,0.09441,0.07124,-0.19434,0.05296,0.01078,0.00311,0.00099,0.08829,0.07609,-0.08437,0.1341,0.00155,-0.00775,-0.00391
40.52,0.04286,0.00618,-0.09016,0.08884,-0.10792,-0.00582,-0.08513,-0.08679,-0.09936,0.11314,0.11381,0,0.08407,-1.1889,0.99321,-0.48956,-1.93102,-1.13515,-0.03205,0.65858,1.18783,-0.86436,-0.40668,0.17059,-0.79993,-0.05399,0.11892,0.10328,-0.1577,0.06113,0.00921,-0.00103,-0.0011,0.11657,0.09322,-0.10753,0.13287,-0.00234,-0.00659,-0.00315
40.54,0.04882,0.00568,-0.10297,0.08966,-0.1226,-0.01223,-0.10222,-0.09122,-0.11004,0.13222,0.10745,0,0.16088,-1.19822,1.0563,-0.49706,-1.95601,-1.10994,-0.07605,0.80154,1.15394,-0.9195,-0.44883,0.22595,-0.7157,-0.00251,0.14356,0.13628,-0.12122,0.06775,0.0077,-0.00506,-0.00306,0.15105,0.11339,-0.12914,0.11925,-0.00727,-0.0051,-0.0022
40.56,0.05541,0.00448,-0.11615,0.08852,-0.13579,-0.01975,-0.12192,-0.09382,-0.11934,0.15351,0.1023,0,0.25718,-1.19338,1.11914,-0.50519,-1.9073,-1.06324,-0.11816,0.95165,1.09279,-0.98003,-0.48313,0.28503,-0.62012,0.03573,0.16789,0.16916,-0.08851,0.0723,0.0064,-0.00862,-0.0047,0.19383,0.13686,-0.14819,0.08914,-0.01341,-0.00327,-0.00104
40.58,0.06283,0.00249,-0.12953,0.08539,-0.14692,-0.02833,-0.1448,-0.09438,-0.12671,0.17709,0.09888,0,0.37333,-1.17485,1.18249,-0.51479,-1.78989,-0.99642,-0.15566,1.10695,1.00784,-1.04656,-0.50992,0.34282,-0.51691,0.0597,0.19137,0.20082,-0.06269,0.07439,0.00547,-0.01138,-0.00587,0.24718,0.1633,-0.16456,0.03843,-0.02096,-0.00106,0.00036
40.6,0.07122,-0.00029,-0.14284,0.08044,-0.15522,-0.03774,-0.17135,-0.09282,-0.13158,0.20276,0.09762,0,0.50774,-1.14395,1.24717,-0.52665,-1.61732,-0.91276,-0.1851,1.26437,0.90498,-1.11974,-0.53056,0.39212,-0.41126,0.06939,0.2132,0.22998,-0.04657,0.07378,0.005,-0.01303,-0.00645,0.31331,0.19171,-0.17866,-0.0368,-0.03012,0.00154,0.00205
40.62,0.08069,-0.00385,-0.15568,0.074,-0.15983,-0.04762,-0.20197,-0.08911,-0.13336,0.23013,0.09888,0,0.65743,-1.10236,1.31397,-0.54142,-1.40771,-0.81653,-0.20324,1.4201,0.79111,-1.20008,-0.54693,0.42502,-0.30892,0.06565,0.23238,0.25532,-0.04228,0.07039,0.00507,-0.01335,-0.00636,0.3941,0.22055,-0.19106,-0.13985,-0.04105,0.00456,0.00406
40.64,0.09125,-0.00811,-0.16768,0.06641,-0.16,-0.05759,-0.23702,-0.08328,-0.13153,0.25881,0.10285,0,0.81934,-1.05145,1.38383,-0.55959,-1.17807,-0.71168,-0.20863,1.57082,0.67175,-1.28808,-0.56081,0.43541,-0.21447,0.05018,0.24798,0.27595,-0.05047,0.06442,0.00566,-0.01227,-0.0056,0.49109,0.24806,-0.20196,-0.27287,-0.05393,0.00798,0.00641
40.66,0.10285,-0.01292,-0.17853,0.05793,-0.15518,-0.06726,-0.27681,-0.07536,-0.12566,0.28851,0.10953,0,0.99056,-0.99195,1.45774,-0.58141,-0.94125,-0.60126,-0.20275,1.71406,0.5499,-1.38387,-0.57353,0.42073,-0.13045,0.02564,0.25918,0.29161,-0.06981,0.05637,0.00669,-0.00992,-0.00425,0.60504,0.27241,-0.21082,-0.43602,-0.06886,0.01171,0.00906
40.68,0.11528,-0.01803,-0.18794,0.04881,-0.14509,-0.07623,-0.32123,-0.0655,-0.11545,0.31876,0.11861,0,1.1672,-0.92431,1.53615,-0.60672,-0.70686,-0.48805,-0.19027,1.84719,0.42659,-1.48656,-0.58576,0.38245,-0.05781,-0.00418,0.26528,0.30267,-0.09664,0.04718,0.00792,-0.0067,-0.00254,0.73502,0.2915,-0.21614,-0.62606,-0.0858,0.01559,0.01192
40.7,0.12806,-0.02309,-0.19549,0.03931,-0.12978,-0.08392,-0.36955,-0.05395,-0.10076,0.34879,0.12952,0,1.34338,-0.84909,1.61852,-0.63481,-0.48314,-0.37538,-0.17857,1.96639,0.30196,-1.59357,-0.59741,0.32563,0.00341,-0.03438,0.26559,0.30982,-0.12532,0.03822,0.00904,-0.00325,-0.00076,0.87775,0.30289,-0.21549,-0.83557,-0.10444,0.0193,0.01482
40.72,0.14056,-0.02767,-0.20078,0.02964,-0.10959,-0.08971,-0.42046,-0.04107,-0.08158,0.37772,0.1415,0,1.51233,-0.76688,1.70378,-0.66477,-0.27709,-0.2668,-0.1757,2.06697,0.17563,-1.70113,-0.60802,0.25721,0.05376,-0.05961,0.25955,0.31382,-0.14963,0.03098,0.0097,-0.00023,0.00074,1.02823,0.30399,-0.20573,-1.0539,-0.12419,0.02239,0.01746
40.74,0.15217,-0.03138,-0.20346,0.01977,-0.08529,-0.09296,-0.47239,-0.02728,-0.05794,0.40494,0.1538,0,1.66879,-0.67779,1.79117,-0.69587,-0.09364,-0.16521,-0.18752,2.14457,0.04676,-1.80539,-0.61715,0.1835,0.0945,-0.07511,0.24704,0.31508,-0.16491,0.02679,0.00965,0.00186,0.00173,1.18105,0.29259,-0.18332,-1.26936,-0.14423,0.0242,0.01946
40.76,0.16236,-0.03395,-0.20341,0.00937,-0.05813,-0.09308,-0.5235,-0.01301,-0.03,0.43032,0.16575,0,1.81014,-0.58159,1.88064,-0.72782,0.06444,-0.0726,-0.21559,2.19579,-0.08548,-1.90281,-0.62471,0.10883,0.12757,-0.07744,0.22855,0.31344,-0.16961,0.02649,0.00878,0.00285,0.00214,1.33081,0.26724,-0.1448,-1.46996,-0.16346,0.02386,0.02033
40.78,0.17061,-0.03521,-0.2007,-0.00215,-0.03012,-0.08957,-0.57135,0.00115,0.0018,0.45408,0.17671,0,1.93561,-0.47832,1.97224,-0.7606,0.19526,0.00938,-0.25645,2.21789,-0.22078,-1.98952,-0.63102,0.03566,0.15526,-0.06459,0.20545,0.30805,-0.16549,0.03039,0.00719,0.00297,0.00209,1.47106,0.22754,-0.08701,-1.64201,-0.18038,0.02028,0.01945
40.8,0.1764,-0.03506,-0.19556,-0.01551,-0.00405,-0.08202,-0.61264,0.01443,0.03652,0.47657,0.18597,0,2.04502,-0.36894,2.06546,-0.79413,0.29666,0.0787,-0.30216,2.20836,-0.35694,-2.06074,-0.63663,-0.0347,0.1799,-0.0359,0.1799,0.29757,-0.15726,0.03837,0.00515,0.00276,0.00186,1.59352,0.17412,-0.00754,-1.76931,-0.19304,0.01224,0.01612
40.82,0.1792,-0.0335,-0.18834,-0.03144,0.01706,-0.07024,-0.64382,0.02605,0.0729,0.49814,0.19289,0,2.13837,-0.25488,2.15923,-0.82829,0.3665,0.13328,-0.3426,2.16538,-0.49038,-2.11154,-0.6422,-0.10156,0.20346,0.0079,0.15444,0.2806,-0.15104,0.04988,0.00301,0.00291,0.00183,1.68949,0.10825,0.09456,-1.83593,-0.1995,-0.00129,0.00974
40.84,0.17868,-0.03064,-0.17939,-0.0505,0.03088,-0.05459,-0.66232,0.03563,0.10961,0.51912,0.19706,0,2.21597,-0.13706,2.25235,-0.86289,0.40413,0.17196,-0.36909,2.08877,-0.61763,-2.13848,-0.64829,-0.1645,0.22727,0.0645,0.1312,0.2564,-0.15236,0.06415,0.0011,0.00405,0.00231,1.75257,0.03108,0.21792,-1.83138,-0.19872,-0.02056,0.00012
40.86,0.1748,-0.02673,-0.16904,-0.07294,0.03645,-0.03615,-0.66734,0.04339,0.14536,0.53975,0.1985,0,2.27829,-0.01554,2.34342,-0.89759,0.41129,0.1951,-0.37674,1.98102,-0.73593,-2.14063,-0.65521,-0.22296,0.25173,0.12974,0.11145,0.2255,-0.16466,0.08013,-0.00034,0.00654,0.00348,1.78052,-0.05652,0.35771,-1.75441,-0.19105,-0.04469,-0.01226
40.88,0.16786,-0.02222,-0.15765,-0.09844,0.03422,-0.01696,-0.6599,0.05018,0.17864,0.55997,0.1976,0,2.32544,0.10962,2.43018,-0.93166,0.39222,0.20442,-0.36495,1.84826,-0.84247,-2.11982,-0.66294,-0.27557,0.27601,0.19702,0.09566,0.19003,-0.18891,0.09647,-0.00117,0.01045,0.00538,1.77534,-0.15341,0.50438,-1.6143,-0.17849,-0.0713,-0.02613
40.9,0.15849,-0.01772,-0.14571,-0.12608,0.02584,7e-05,-0.64261,0.0573,0.20753,0.57933,0.19513,0,2.35666,0.23757,2.50898,-0.96378,0.35316,0.20274,-0.33687,1.70042,-0.93356,-2.08019,-0.67106,-0.31994,0.29807,0.25727,0.08372,0.15376,-0.22371,0.1114,-0.00136,0.01554,0.00788,1.74249,-0.25752,0.64354,-1.42999,-0.16446,-0.09663,-0.03948
40.92,0.14742,-0.01393,-0.13372,-0.15459,0.01359,0.01163,-0.61876,0.06619,0.22997,0.59707,0.19204,0,2.3706,0.36696,2.57541,-0.99254,0.30126,0.1935,-0.29778,1.5492,-1.00512,-2.02719,-0.67893,-0.35315,0.31528,0.30059,0.07519,0.1213,-0.26578,0.12305,-0.00091,0.02137,0.01074,1.68898,-0.36579,0.75953,-1.22557,-0.15299,-0.11643,-0.04999
40.94,0.13529,-0.0114,-0.12214,-0.18287,-0.0004,0.01503,-0.59117,0.07809,0.24437,0.61239,0.18928,0,2.366,0.49694,2.62566,-1.01734,0.24304,0.1803,-0.2529,1.40465,-1.05389,-1.96612,-0.68587,-0.37286,0.32549,0.31891,0.06954,0.09681,-0.31087,0.12993,0.0001,0.02737,0.0137,1.621,-0.47449,0.84115,-1.02351,-0.14747,-0.12745,-0.05589
40.96,0.12242,-0.01047,-0.11128,-0.21021,-0.01463,0.00881,-0.56147,0.09361,0.25001,0.62454,0.1877,0,2.34225,0.62744,2.6574,-1.03882,0.18357,0.16665,-0.20602,1.27335,-1.07827,-1.90137,-0.69123,-0.37807,0.32774,0.30783,0.06639,0.08326,-0.3541,0.13125,0.0016,0.03297,0.01644,1.54255,-0.579,0.88546,-0.8408,-0.14983,-0.12835,-0.05642
40.98,0.10896,-0.01121,-0.10142,-0.23616,-0.02824,-0.00709,-0.53013,0.11264,0.24703,0.63279,0.18798,0,2.29965,0.75825,2.66966,-1.05893,0.12673,0.15599,-0.15952,1.15895,-1.07825,-1.83672,-0.69443,-0.36921,0.32241,0.26712,0.06553,0.08226,-0.38974,0.12699,0.00344,0.03751,0.01866,1.45555,-0.67299,0.89832,-0.68937,-0.16031,-0.11997,-0.05197
41,0.09494,-0.01345,-0.09284,-0.26033,-0.04088,-0.03143,-0.49681,0.13425,0.23632,0.63634,0.19066,0,2.23939,0.88812,2.66239,-1.08055,0.07574,0.15176,-0.11474,1.06332,-1.05497,-1.77576,-0.69496,-0.34796,0.31102,0.20028,0.06694,0.09435,-0.41123,0.11779,0.00545,0.04027,0.02001,1.36058,-0.74805,0.8928,-0.57759,-0.17765,-0.105,-0.04391
41.02,0.0803,-0.01689,-0.08584,-0.28231,-0.05254,-0.06216,-0.46064,0.15701,0.21914,0.63443,0.19615,0,2.16315,1.01514,2.63608,-1.10699,0.03357,0.15703,-0.07223,0.98697,-1.01048,-1.72157,-0.69258,-0.31695,0.29595,0.1133,0.07064,0.11906,-0.41263,0.1047,0.00744,0.0406,0.02019,1.25719,-0.79532,0.88492,-0.51069,-0.19968,-0.08713,-0.03416
41.04,0.06495,-0.02119,-0.0806,-0.30174,-0.06339,-0.09707,-0.42066,0.17944,0.19671,0.62657,0.2046,0,2.07243,1.13782,2.59128,-1.14134,0.00318,0.17406,-0.03183,0.929,-0.94737,-1.67602,-0.68774,-0.27945,0.27985,0.0128,0.07645,0.155,-0.39086,0.08889,0.00927,0.03817,0.01905,1.14414,-0.80854,0.88781,-0.49016,-0.22419,-0.0697,-0.02446
41.06,0.04877,-0.02602,-0.07719,-0.31835,-0.07365,-0.13414,-0.37615,0.20027,0.17002,0.61274,0.21584,0,1.96846,1.25551,2.52864,-1.1859,-0.01214,0.20382,0.00717,0.88716,-0.86886,-1.63945,-0.68182,-0.23926,0.26544,-0.09478,0.08379,0.19978,-0.34749,0.07148,0.01087,0.03317,0.01669,1.01991,-0.78608,0.90764,-0.51336,-0.2494,-0.05494,-0.016
41.08,0.03179,-0.03103,-0.07549,-0.33176,-0.08344,-0.17137,-0.32712,0.21834,0.13996,0.59354,0.22934,0,1.85293,1.3676,2.44918,-1.24172,-0.0086,0.24568,0.04567,0.85824,-0.77942,-1.6108,-0.67727,-0.20098,0.25552,-0.20269,0.09157,0.24966,-0.28941,0.05362,0.01222,0.02638,0.01347,0.88375,-0.73156,0.94252,-0.57336,-0.27393,-0.04384,-0.00934
41.1,0.01424,-0.03583,-0.07534,-0.34141,-0.09277,-0.20654,-0.27448,0.23244,0.10749,0.57018,0.24408,0,1.7285,1.47265,2.35464,-1.30843,0.01828,0.29751,0.08442,0.83854,-0.68501,-1.58803,-0.67756,-0.17018,0.25302,-0.30322,0.09825,0.29948,-0.2283,0.03658,0.01337,0.0191,0.01001,0.73644,-0.6533,0.98321,-0.65941,-0.29659,-0.03641,-0.00456
41.12,-0.00349,-0.04007,-0.0765,-0.34672,-0.1015,-0.23739,-0.21979,0.24141,0.07365,0.5442,0.25878,0,1.59828,1.56875,2.2469,-1.38472,0.07372,0.35663,0.12398,0.82407,-0.5924,-1.56828,-0.68685,-0.15275,0.26085,-0.38841,0.10211,0.34358,-0.17762,0.02162,0.01435,0.01286,0.00704,0.5799,-0.56207,1.01636,-0.75881,-0.31638,-0.03198,-0.00139
41.14,-0.02104,-0.04342,-0.07874,-0.34736,-0.10946,-0.26208,-0.16459,0.24435,0.03941,0.51699,0.27216,0,1.46443,1.6545,2.12694,-1.4692,0.16352,0.42122,0.16476,0.81075,-0.50773,-1.54795,-0.70948,-0.15388,0.28153,-0.45161,0.10174,0.37737,-0.14808,0.00972,0.01519,0.00888,0.00514,0.41606,-0.46786,1.02923,-0.85955,-0.3326,-0.02971,0.00053
41.16,-0.03813,-0.04569,-0.08181,-0.34349,-0.1165,-0.27943,-0.11014,0.24082,0.00571,0.48956,0.28305,0,1.3277,1.72947,1.99461,-1.56064,0.29352,0.49112,0.20693,0.79447,-0.43575,-1.52279,-0.74949,-0.17719,0.31684,-0.4884,0.0964,0.39826,-0.14456,0.0014,0.01584,0.00776,0.0046,0.24664,-0.37794,1.01288,-0.95177,-0.34489,-0.02886,0.00154
41.18,-0.0545,-0.04679,-0.08548,-0.3358,-0.12243,-0.28885,-0.0578,0.23082,-0.02626,0.46269,0.29038,0,1.18839,1.79377,1.84946,-1.65743,0.46879,0.56751,0.25009,0.77128,-0.38027,-1.48809,-0.81031,-0.22447,0.36752,-0.49644,0.08608,0.40571,-0.16542,-0.00326,0.0162,0.00943,0.00537,0.07432,-0.29711,0.96309,-1.02748,-0.35313,-0.02887,0.0019
41.2,-0.06974,-0.0467,-0.08946,-0.32551,-0.12695,-0.2901,-0.00937,0.21482,-0.05494,0.43715,0.29307,0,1.04725,1.84725,1.69171,-1.75702,0.69201,0.65213,0.29295,0.73753,-0.34464,-1.43906,-0.89446,-0.29556,0.43304,-0.47508,0.07149,0.4009,-0.20334,-0.00445,0.01608,0.01323,0.00714,-0.09617,-0.22843,0.88007,-1.07977,-0.3573,-0.02939,0.0018
41.22,-0.08337,-0.04546,-0.09348,-0.31408,-0.12971,-0.28327,0.03314,0.19361,-0.07858,0.4137,0.29016,0,0.90549,1.88919,1.52227,-1.85638,0.96092,0.74604,0.33331,0.69027,-0.33147,-1.37142,-1.00346,-0.388,0.51148,-0.42521,0.05369,0.38601,-0.24783,-0.00253,0.01527,0.01814,0.00941,-0.25883,-0.17343,0.76747,-1.10301,-0.35742,-0.03022,0.00134
41.24,-0.09505,-0.04312,-0.09729,-0.30285,-0.13035,-0.26874,0.06811,0.16809,-0.0959,0.39296,0.28094,0,0.76398,1.91804,1.3422,-1.95315,1.26501,0.84815,0.36826,0.62763,-0.34169,-1.28228,-1.13779,-0.49676,0.59947,-0.34934,0.03362,0.36346,-0.28896,0.00213,0.01355,0.02321,0.01173,-0.40832,-0.13194,0.63101,-1.09357,-0.35343,-0.03124,0.00059
41.26,-0.10463,-0.03974,-0.1007,-0.29285,-0.12861,-0.24729,0.09461,0.13927,-0.10642,0.37541,0.26517,0,0.62319,1.9313,1.15294,-2.04606,1.58208,0.9539,0.39416,0.54941,-0.37389,-1.17108,-1.29632,-0.61351,0.69187,-0.25207,0.01185,0.33541,-0.31966,0.00928,0.01078,0.02775,0.01376,-0.54081,-0.10204,0.47812,-1.0504,-0.34524,-0.03237,-0.00041
41.28,-0.11212,-0.03544,-0.10355,-0.2848,-0.12429,-0.22019,0.11224,0.10847,-0.11043,0.36154,0.24319,0,0.48426,1.92526,0.95779,-2.13436,1.87486,1.05407,0.40645,0.45778,-0.42394,-1.0406,-1.47508,-0.72561,0.78091,-0.14079,-0.01136,0.30389,-0.33606,0.01874,0.00687,0.03137,0.01531,-0.65317,-0.08037,0.31886,-0.97543,-0.33274,-0.03355,-0.00165
41.3,-0.11761,-0.03036,-0.10568,-0.2792,-0.11727,-0.18932,0.12094,0.07742,-0.10883,0.35186,0.21598,0,0.3499,1.89512,0.76296,-2.21692,2.09195,1.13481,0.39973,0.35744,-0.48517,-0.89728,-1.6664,-0.81612,0.8561,-0.02589,-0.03583,0.27088,-0.33708,0.03031,0.00186,0.03392,0.01628,-0.74197,-0.06257,0.16647,-0.8735,-0.31587,-0.03473,-0.00308
41.32,-0.12119,-0.02472,-0.10694,-0.27628,-0.10754,-0.15676,0.12084,0.04803,-0.10288,0.34666,0.18476,0,0.22379,1.83584,0.5764,-2.29148,2.1797,1.18062,0.36915,0.25444,-0.54958,-0.74957,-1.8598,-0.86721,0.906,0.08114,-0.06137,0.23821,-0.32358,0.04374,-0.00412,0.03543,0.0167,-0.80389,-0.04413,0.03507,-0.75134,-0.29463,-0.03586,-0.0047
41.34,-0.12297,-0.01874,-0.10722,-0.2759,-0.09518,-0.12425,0.11239,0.02177,-0.0939,0.34546,0.15058,0,0.1091,1.74362,0.40515,-2.35411,2.10147,1.17928,0.31257,0.15408,-0.60973,-0.60503,-2.04409,-0.86567,0.92151,0.17095,-0.08772,0.20709,-0.29757,0.05854,-0.01082,0.03603,0.01661,-0.83696,-0.02146,-0.06445,-0.61602,-0.26924,-0.03691,-0.00647
41.36,-0.12306,-0.01268,-0.10645,-0.27745,-0.08042,-0.09288,0.09643,-0.00056,-0.0831,0.34659,0.11401,0,0.00773,1.6173,0.25407,-2.39863,1.85153,1.12535,0.23231,0.0598,-0.65984,-0.46883,-2.20813,-0.8069,0.89811,0.23815,-0.11436,0.17803,-0.26167,0.07395,-0.01782,0.03588,0.01612,-0.84144,0.00733,-0.12695,-0.4744,-0.24016,-0.03785,-0.00836
41.38,-0.12156,-0.00685,-0.10461,-0.27985,-0.06379,-0.06323,0.07431,-0.01874,-0.0716,0.34713,0.07539,0,-0.07903,1.45954,0.12673,-2.41602,1.45994,1.02132,0.13616,-0.02639,-0.69564,-0.34446,-2.33973,-0.69615,0.83643,0.28131,-0.14033,0.15095,-0.21924,0.0887,-0.02452,0.03517,0.01535,-0.81989,0.04199,-0.15311,-0.334,-0.20842,-0.03867,-0.0103
41.4,-0.11858,-0.00166,-0.10176,-0.2816,-0.04611,-0.03568,0.04794,-0.03293,-0.06052,0.34309,0.0351,0,-0.14974,1.27721,0.02647,-2.39469,0.98921,0.877,0.037,-0.10311,-0.71397,-0.23478,-2.42488,-0.54767,0.74181,0.30205,-0.1641,0.12551,-0.17444,0.10103,-0.03004,0.03411,0.01446,-0.77681,0.08018,-0.14832,-0.20373,-0.17568,-0.03934,-0.01222
41.42,-0.11423,0.00246,-0.09797,-0.28106,-0.02836,-0.01048,0.01954,-0.04349,-0.05082,0.33012,-0.00633,0,-0.20309,1.07977,-0.04413,-2.32293,0.51669,0.70649,-0.05034,-0.16937,-0.71267,-0.14211,-2.44991,-0.38043,0.62247,0.30379,-0.18392,0.10123,-0.13163,0.10909,-0.03322,0.03292,0.01363,-0.71775,0.11831,-0.12067,-0.09253,-0.14391,-0.03983,-0.01399
41.44,-0.10869,0.00521,-0.09334,-0.2769,-0.01137,0.01231,-0.00876,-0.05086,-0.04311,0.3046,-0.0482,0,-0.23881,0.87643,-0.08486,-2.19289,0.10827,0.52374,-0.11415,-0.22485,-0.69083,-0.06776,-2.40549,-0.21194,0.48675,0.29057,-0.19855,0.07767,-0.09428,0.1115,-0.03256,0.0318,0.01308,-0.64813,0.15287,-0.07857,-0.00674,-0.11472,-0.04008,-0.0155
41.46,-0.10226,0.00652,-0.08798,-0.26843,0.00438,0.03271,-0.03508,-0.05547,-0.03749,0.26445,-0.08957,0,-0.2582,0.67485,-0.09897,-2.00386,-0.19845,0.34009,-0.14909,-0.26981,-0.64912,-0.01176,-2.28985,-0.05454,0.34186,0.26614,-0.20761,0.05454,-0.06432,0.10779,-0.02632,0.03093,0.01301,-0.57276,0.18122,-0.02925,0.05155,-0.08902,-0.04005,-0.0167
41.48,-0.09538,0.00657,-0.08206,-0.25566,0.01867,0.0507,-0.05763,-0.05767,-0.0336,0.20964,-0.12886,0,-0.26411,0.48241,-0.09326,-1.76438,-0.39586,0.16506,-0.1567,-0.30473,-0.59004,0.02667,-2.11015,0.08437,0.19453,0.234,-0.21168,0.03191,-0.04227,0.09857,-0.01245,0.03044,0.01367,-0.49622,0.20159,0.02127,0.08432,-0.06713,-0.03965,-0.01752
41.5,-0.08869,0.00572,-0.07583,-0.23935,0.03141,0.06604,-0.07458,-0.05772,-0.03072,0.14221,-0.16371,0,-0.26052,0.30738,-0.07728,-1.49222,-0.50084,0.0076,-0.14428,-0.32993,-0.51793,0.04857,-1.88206,0.2008,0.05193,0.19743,-0.21207,0.01036,-0.02758,0.08534,0.01129,0.03046,0.0153,-0.42327,0.2128,0.06783,0.09671,-0.04903,-0.0388,-0.01793
41.52,-0.08288,0.00443,-0.06957,-0.22058,0.04259,0.07835,-0.08429,-0.05576,-0.02798,0.06547,-0.19147,0,-0.25168,0.15798,-0.06135,-1.20997,-0.54409,-0.12443,-0.1221,-0.34542,-0.43809,0.05502,-1.62594,0.2932,-0.07903,0.15926,-0.21046,-0.00922,-0.01908,0.07013,0.04716,0.03111,0.01813,-0.35846,0.21425,0.10627,0.09544,-0.03445,-0.03742,-0.01789
41.54,-0.07847,0.0031,-0.06347,-0.20022,0.05237,0.08736,-0.08581,-0.05193,-0.02468,-0.01728,-0.21019,0,-0.24108,0.03979,-0.05361,-0.93775,-0.5565,-0.226,-0.09959,-0.35099,-0.35526,0.0472,-1.3608,0.36195,-0.19344,0.12147,-0.20846,-0.02606,-0.01539,0.05482,0.09726,0.03249,0.02239,-0.30506,0.20595,0.13383,0.08686,-0.02298,-0.03547,-0.0174
41.56,-0.07567,0.00204,-0.05761,-0.17866,0.06107,0.093,-0.07928,-0.04638,-0.0205,-0.10331,-0.21922,0,-0.23076,-0.04564,-0.0581,-0.68919,-0.56002,-0.29582,-0.08283,-0.34631,-0.27285,0.0265,-1.10124,0.40881,-0.28918,0.08502,-0.20726,-0.03973,-0.01525,0.04078,0.1631,0.03465,0.02821,-0.26453,0.18867,0.14933,0.07576,-0.01407,-0.03295,-0.0165
41.58,-0.0744,0.00137,-0.05198,-0.15585,0.06908,0.09537,-0.066,-0.03939,-0.01559,-0.19006,-0.21931,0,-0.22124,-0.10044,-0.07423,-0.4723,-0.56504,-0.33591,-0.07403,-0.33089,-0.19347,-0.00543,-0.85851,0.43632,-0.3664,0.05005,-0.20758,-0.05006,-0.0176,0.0289,0.24511,0.03764,0.03562,-0.23673,0.16411,0.15313,0.06506,-0.00715,-0.02996,-0.01525
41.6,-0.07428,0.00111,-0.04653,-0.13152,0.07681,0.09475,-0.04834,-0.03131,-0.01054,-0.27447,-0.21235,0,-0.21169,-0.12927,-0.09733,-0.29164,-0.5715,-0.35069,-0.07203,-0.30425,-0.11948,-0.04641,-0.64248,0.44731,-0.42646,0.01632,-0.20974,-0.05704,-0.0216,0.01967,0.34199,0.04142,0.0445,-0.22037,0.13479,0.14676,0.05604,-0.00169,-0.02665,-0.01378
41.62,-0.07483,0.0012,-0.04117,-0.10535,0.08456,0.09144,-0.02918,-0.02258,-0.00612,-0.35336,-0.20082,0,-0.20062,-0.13814,-0.12057,-0.14914,-0.57276,-0.34575,-0.07363,-0.2663,-0.05312,-0.09364,-0.46114,0.4445,-0.47109,-0.01643,-0.21364,-0.06079,-0.02659,0.01331,0.44986,0.0458,0.05442,-0.21344,0.10363,0.13251,0.0488,0.00271,-0.02325,-0.0122
41.64,-0.07551,0.00154,-0.03584,-0.07712,0.09254,0.08584,-0.01107,-0.01357,-0.00293,-0.42421,-0.18712,0,-0.18666,-0.133,-0.13773,-0.04391,-0.56118,-0.32655,-0.07535,-0.218,0.00378,-0.14347,-0.31875,0.43022,-0.50163,-0.04799,-0.21892,-0.06157,-0.03208,0.00975,0.56133,0.05037,0.06465,-0.21363,0.07316,0.11276,0.04289,0.00639,-0.01992,-0.01063
41.66,-0.0759,0.00202,-0.03047,-0.04687,0.10071,0.07839,0.00421,-0.00455,-0.00116,-0.48555,-0.17314,0,-0.16921,-0.11905,-0.14508,0.0277,-0.53212,-0.29767,-0.07467,-0.16197,0.04982,-0.1911,-0.21479,0.40636,-0.5185,-0.07736,-0.22494,-0.05981,-0.03773,0.00865,0.66443,0.05443,0.07395,-0.21849,0.04512,0.0897,0.03776,0.00956,-0.01676,-0.00912
41.68,-0.07565,0.00257,-0.02503,-0.01524,0.10875,0.06965,0.01569,0.00422,-0.00053,-0.53654,-0.16025,0,-0.14874,-0.10047,-0.14178,0.07137,-0.48516,-0.26276,-0.07034,-0.10311,0.08369,-0.23005,-0.14468,0.37445,-0.52083,-0.10233,-0.23077,-0.05614,-0.04325,0.00945,0.7415,0.05687,0.08056,-0.22555,0.02054,0.06539,0.0329,0.01228,-0.0138,-0.00771
41.7,-0.0745,0.0031,-0.01961,0.01647,0.11602,0.06031,0.023,0.01249,-0.00038,-0.57644,-0.14944,0,-0.12673,-0.08059,-0.12949,0.09389,-0.42376,-0.2248,-0.0623,-0.04846,0.1039,-0.25243,-0.10111,0.33587,-0.50658,-0.11962,-0.2352,-0.05132,-0.04839,0.01138,0.76989,0.05631,0.08218,-0.23228,0,0.04185,0.02789,0.01449,-0.01104,-0.00637
41.72,-0.07228,0.00354,-0.01432,0.0466,0.12169,0.05112,0.02623,0.01997,0.00015,-0.60449,-0.14129,0,-0.10524,-0.0619,-0.11139,0.10222,-0.35396,-0.18613,-0.05125,-0.00554,0.10929,-0.25088,-0.07559,0.29183,-0.47369,-0.12584,-0.23683,-0.04613,-0.05278,0.01364,0.72763,0.05137,0.07661,-0.23624,-0.01636,0.02079,0.02243,0.01601,-0.00845,-0.00508
41.74,-0.06886,0.00384,-0.00928,0.07378,0.12494,0.04263,0.02567,0.02646,0.00178,-0.61999,-0.13595,0,-0.08607,-0.04605,-0.09075,0.10241,-0.28213,-0.14859,-0.03821,0.02047,0.10014,-0.22181,-0.06025,0.24345,-0.42179,-0.1193,-0.23439,-0.04113,-0.05584,0.01553,0.6024,0.04116,0.06257,-0.2353,-0.02894,0.00304,0.01631,0.01667,-0.00599,-0.00383
41.76,-0.06421,0.00397,-0.00454,0.0973,0.12516,0.03515,0.02171,0.03184,0.00494,-0.6224,-0.13314,0,-0.07029,-0.03384,-0.07004,0.09902,-0.21383,-0.11358,-0.02418,0.0286,0.07894,-0.16782,-0.0489,0.1919,-0.35363,-0.10113,-0.22685,-0.03654,-0.05667,0.01659,0.39833,0.02573,0.0404,-0.22779,-0.03872,-0.01171,0.00946,0.01637,-0.00361,-0.00258
41.78,-0.05836,0.00392,-0.00013,0.11699,0.12189,0.02877,0.01484,0.03607,0.00967,-0.61129,-0.1321,0,-0.05826,-0.02542,-0.05088,0.09491,-0.15397,-0.08242,-0.01015,0.02246,0.05069,-0.09862,-0.03752,0.13883,-0.27595,-0.07579,-0.21359,-0.03223,-0.05402,0.01664,0.13906,0.00622,0.01235,-0.21255,-0.0472,-0.02491,0.00202,0.01509,-0.00128,-0.00132
41.8,-0.05148,0.00371,0.00393,0.13303,0.11491,0.0234,0.00566,0.03912,0.01563,-0.58631,-0.13178,0,-0.04979,-0.02039,-0.03421,0.0914,-0.10724,-0.05658,0.00279,0.00951,0.02265,-0.03024,-0.0242,0.08663,-0.19926,-0.05062,-0.19435,-0.02781,-0.04637,0.01573,-0.13374,-0.01517,-0.01751,-0.18901,-0.05619,-0.03885,-0.0057,0.0129,0.00099,-4e-05
41.82,-0.04381,0.00338,0.0076,0.14579,0.10412,0.01888,-0.00521,0.04095,0.02225,-0.54725,-0.13097,0,-0.04437,-0.01805,-0.0205,0.08866,-0.07747,-0.03739,0.01361,-0.00119,0.00256,0.01918,-0.00865,0.03809,-0.13521,-0.03383,-0.16922,-0.02277,-0.03242,0.01406,-0.37061,-0.03577,-0.04435,-0.15716,-0.06737,-0.05588,-0.01325,0.00992,0.00318,0.00123
41.84,-0.03557,0.00296,0.01085,0.15578,0.08959,0.01502,-0.01717,0.04154,0.02891,-0.49433,-0.12869,0,-0.04132,-0.01758,-0.0098,0.08634,-0.06644,-0.02557,0.02161,-0.00226,-0.00382,0.03586,0.0085,-0.00444,-0.09262,-0.03158,-0.1386,-0.01675,-0.01168,0.01198,-0.53007,-0.05326,-0.06409,-0.11756,-0.08172,-0.0774,-0.02023,0.00631,0.00527,0.00247
41.86,-0.02699,0.0025,0.01371,0.16359,0.07158,0.01162,-0.02968,0.04088,0.03508,-0.42851,-0.12436,0,-0.03995,-0.01828,-0.00195,0.08396,-0.07296,-0.02087,0.02654,0.00984,0.00545,0.01471,0.0262,-0.03948,-0.07476,-0.04593,-0.10322,-0.00969,0.01492,0.00987,-0.58905,-0.06631,-0.07442,-0.07149,-0.09903,-0.10316,-0.02641,0.00227,0.00724,0.00368
41.88,-0.01829,0.00207,0.0162,0.16984,0.05071,0.00854,-0.04216,0.03898,0.0403,-0.35209,-0.11792,0,-0.03963,-0.01954,0.0034,0.08105,-0.0927,-0.02207,0.02862,0.03415,0.02804,-0.0394,0.04294,-0.06618,-0.07882,-0.07423,-0.06443,-0.0019,0.04472,0.00819,-0.5449,-0.07453,-0.07498,-0.02133,-0.11767,-0.13078,-0.03165,-0.00194,0.00907,0.00482
41.9,-0.00979,0.00173,0.01833,0.17503,0.028,0.0057,-0.05391,0.03585,0.04412,-0.26892,-0.10977,0,-0.03976,-0.02086,0.00667,0.07719,-0.1186,-0.0271,0.02843,0.06567,0.05788,-0.11283,0.05669,-0.08409,-0.0969,-0.10964,-0.02437,0.00591,0.07347,0.00748,-0.41287,-0.07833,-0.06706,0.02931,-0.13466,-0.15596,-0.0359,-0.00599,0.01074,0.00586
41.92,-0.00185,0.00155,0.02009,0.17957,0.0047,0.00308,-0.06423,0.03156,0.04615,-0.18375,-0.10062,0,-0.0398,-0.02187,0.00828,0.07197,-0.14254,-0.03358,0.02677,0.09731,0.08708,-0.18761,0.06538,-0.09313,-0.11856,-0.14335,0.0145,0.01286,0.09635,0.00823,-0.22021,-0.07856,-0.05306,0.07627,-0.14647,-0.17353,-0.03913,-0.00951,0.01219,0.00678
41.94,0.0053,0.00158,0.02148,0.18371,-0.01804,0.00065,-0.07259,0.02624,0.04618,-0.10096,-0.09119,0,-0.03929,-0.02226,0.00865,0.06508,-0.15773,-0.03942,0.02438,0.1227,0.10879,-0.24785,0.06756,-0.09379,-0.13447,-0.16777,0.05009,0.01827,0.10968,0.01074,0.00189,-0.07613,-0.03567,0.11607,-0.15017,-0.17926,-0.04133,-0.01223,0.0134,0.00753
41.96,0.01154,0.00181,0.02253,0.18757,-0.03935,-0.00162,-0.07875,0.02009,0.04426,-0.02393,-0.08202,0,-0.03781,-0.02183,0.00813,0.05631,-0.1603,-0.04324,0.02183,0.13804,0.11905,-0.28399,0.06291,-0.08728,-0.13884,-0.17866,0.08113,0.02187,0.11207,0.01501,0.22286,-0.07176,-0.01745,0.14664,-0.1443,-0.17105,-0.04249,-0.01399,0.01434,0.0081
41.98,0.0169,0.00219,0.02324,0.19104,-0.05847,-0.00376,-0.08276,0.0135,0.04067,0.04449,-0.07354,0,-0.03501,-0.02045,0.00699,0.04563,-0.14967,-0.04445,0.0195,0.14245,0.11722,-0.29353,0.05239,-0.07564,-0.12999,-0.17554,0.10702,0.02382,0.10463,0.02069,0.41231,-0.06595,-0.00086,0.16722,-0.1291,-0.14929,-0.04258,-0.01483,0.015,0.00848
42,0.02143,0.00263,0.02363,0.19381,-0.07467,-0.0058,-0.08484,0.007,0.03598,0.10145,-0.06611,0,-0.03064,-0.01811,0.00547,0.03325,-0.12816,-0.04313,0.0176,0.13754,0.10553,-0.28004,0.03805,-0.06161,-0.10987,-0.16124,0.12753,0.02465,0.0906,0.02707,0.5395,-0.05901,0.01173,0.17802,-0.10632,-0.11661,-0.04156,-0.01484,0.01534,0.00867
42.02,0.02524,0.00303,0.0237,0.19543,-0.08721,-0.00774,-0.08532,0.0012,0.03085,0.14429,-0.06,0,-0.02457,-0.01483,0.00375,0.01962,-0.09979,-0.03976,0.0162,0.12636,0.08787,-0.25073,0.02254,-0.0483,-0.08267,-0.14048,0.14266,0.02505,0.07431,0.03326,0.57782,-0.05115,0.01826,0.17989,-0.07861,-0.07694,-0.03939,-0.01422,0.01537,0.00866
42.04,0.02842,0.0033,0.02347,0.19543,-0.09562,-0.00958,-0.08453,-0.00343,0.02595,0.17129,-0.05527,0,-0.01687,-0.01076,0.00199,0.00539,-0.06855,-0.03485,0.01524,0.11204,0.06822,-0.21319,0.00826,-0.03859,-0.05275,-0.11804,0.15261,0.02557,0.05948,0.03846,0.51267,-0.04254,0.01758,0.17398,-0.04863,-0.03419,-0.03604,-0.01315,0.01507,0.00846
42.06,0.03108,0.00338,0.02295,0.19343,-0.09975,-0.01129,-0.08277,-0.00663,0.0218,0.18209,-0.05178,0,-0.00786,-0.00611,0.0003,-0.00855,-0.03744,-0.02868,0.01457,0.09685,0.04957,-0.17333,-0.00313,-0.03483,-0.0234,-0.09754,0.15773,0.02645,0.0483,0.04209,0.34735,-0.03341,0.00984,0.16162,-0.01848,0.00853,-0.03161,-0.01178,0.01445,0.00809
42.08,0.03327,0.00331,0.02219,0.18915,-0.09978,-0.01283,-0.08027,-0.00839,0.01881,0.17767,-0.04915,0,0.00174,-0.00124,-0.0012,-0.02099,-0.00834,-0.0213,0.01396,0.08211,0.03384,-0.13513,-0.01079,-0.03872,0.00327,-0.08128,0.15849,0.02759,0.04117,0.0438,0.10547,-0.02415,-0.00344,0.14428,0.01013,0.04878,-0.02629,-0.01025,0.01355,0.00755
42.1,0.035,0.00311,0.02124,0.18244,-0.09614,-0.01412,-0.07724,-0.00886,0.01728,0.16012,-0.04685,0,0.01089,0.00335,-0.00236,-0.03034,0.01765,-0.01257,0.01309,0.06838,0.02206,-0.10103,-0.01447,-0.05152,0.02607,-0.0705,0.15534,0.02853,0.037,0.04346,-0.17083,-0.01533,-0.01945,0.12368,0.03575,0.08446,-0.02041,-0.00864,0.01243,0.00691
42.12,0.03623,0.00288,0.02015,0.17321,-0.0894,-0.01505,-0.07382,-0.00833,0.01743,0.13221,-0.0443,0,0.01838,0.00712,-0.00308,-0.03486,0.0402,-0.0021,0.01164,0.05572,0.01461,-0.07233,-0.0144,-0.0742,0.04457,-0.06573,0.14878,0.02869,0.03391,0.04107,-0.43126,-0.00761,-0.03483,0.10156,0.05712,0.11383,-0.0144,-0.00706,0.01116,0.00618
42.14,0.03695,0.00266,0.01899,0.16146,-0.08019,-0.01556,-0.07011,-0.0071,0.01929,0.09692,-0.04107,0,0.02319,0.00962,-0.00324,-0.03313,0.05976,0.0108,0.0093,0.04405,0.01145,-0.04958,-0.01097,-0.10787,0.05905,-0.06718,0.13932,0.02757,0.03011,0.03678,-0.63299,-0.00152,-0.04672,0.07945,0.07344,0.13577,-0.00862,-0.00557,0.00981,0.00541
42.16,0.03718,0.00249,0.01778,0.1473,-0.06915,-0.01559,-0.06618,-0.00544,0.02271,0.05726,-0.03691,0,0.02474,0.01065,-0.00281,-0.02439,0.07755,0.02708,0.00592,0.03339,0.01229,-0.03283,-0.00466,-0.15375,0.07038,-0.07493,0.12754,0.02494,0.02455,0.03085,-0.75075,0.00263,-0.05342,0.05854,0.08442,0.14993,-0.00338,-0.00423,0.00842,0.00463
42.18,0.03698,0.00236,0.01654,0.13102,-0.057,-0.01515,-0.06206,-0.00362,0.02729,0.01648,-0.0319,0,0.0229,0.01018,-0.00176,-0.0086,0.09542,0.04791,0.00143,0.02402,0.0166,-0.0219,0.004,-0.21297,0.07998,-0.08904,0.11418,0.02094,0.01712,0.02369,-0.77838,0.00476,-0.05454,0.0398,0.09023,0.15654,0.00109,-0.0031,0.00705,0.00387
42.2,0.03643,0.00223,0.01532,0.11323,-0.04459,-0.0143,-0.05779,-0.00186,0.03238,-0.02175,-0.02639,0,0.01795,0.00842,-0.00016,0.01349,0.11557,0.07441,-0.00403,0.01651,0.02368,-0.0165,0.01438,-0.28605,0.08952,-0.10933,0.10021,0.01599,0.00858,0.01591,-0.72578,0.00498,-0.05075,0.02417,0.09134,0.15632,0.00457,-0.00226,0.00574,0.00316
42.22,0.03565,0.00205,0.01412,0.09466,-0.03275,-0.01311,-0.05345,-0.00039,0.03725,-0.05381,-0.02089,0,0.01045,0.00566,0.00192,0.04054,0.13976,0.10719,-0.01023,0.01153,0.03268,-0.01617,0.02577,-0.37216,0.10053,-0.13517,0.08661,0.01071,0.00013,0.00818,-0.6124,0.00349,-0.0434,0.0124,0.08843,0.15023,0.0069,-0.00177,0.00456,0.00252
42.24,0.03473,0.00177,0.01295,0.07602,-0.02212,-0.01169,-0.04908,0.00066,0.04126,-0.07699,-0.01583,0,0.00107,0.00222,0.00434,0.0709,0.16845,0.14572,-0.01685,0.00945,0.04263,-0.02011,0.03746,-0.46821,0.11377,-0.16502,0.07412,0.00565,-0.00718,0.00107,-0.45855,0.0005,-0.03388,0.00485,0.08226,0.13937,0.00798,-0.00166,0.00353,0.00198
42.26,0.03372,0.00137,0.0118,0.05787,-0.013,-0.01014,-0.04472,0.00123,0.04396,-0.09003,-0.01149,0,-0.00944,-0.00163,0.00693,0.10261,0.20004,0.18778,-0.02351,0.0101,0.05248,-0.02703,0.04871,-0.56789,0.12875,-0.19598,0.06306,0.0012,-0.01289,-0.00503,-0.28015,-0.00377,-0.02326,0.0013,0.07368,0.12485,0.00787,-0.00189,0.00267,0.00154
42.28,0.03267,0.00087,0.01066,0.04076,-0.0054,-0.00861,-0.04042,0.00132,0.04511,-0.09315,-0.00794,0,-0.02025,-0.00565,0.00948,0.13325,0.23038,0.22898,-0.02971,0.01273,0.061,-0.03504,0.05868,-0.66062,0.14355,-0.22352,0.05339,-0.00242,-0.01716,-0.00989,-0.08858,-0.00912,-0.01228,0.00099,0.06364,0.10793,0.00675,-0.00238,0.00197,0.00119
42.3,0.0316,0.00029,0.00951,0.02532,0.00089,-0.00728,-0.03628,0.00102,0.04466,-0.08778,-0.00513,0,-0.03035,-0.00963,0.01168,0.15979,0.25307,0.26284,-0.03483,0.01607,0.06677,-0.04177,0.06639,-0.73164,0.15486,-0.24154,0.04479,-0.00515,-0.02068,-0.01338,0.10756,-0.0153,-0.00144,0.00269,0.05324,0.09005,0.00493,-0.00296,0.00143,0.00093
42.32,0.03052,-0.0003,0.00832,0.01221,0.00617,-0.00631,-0.03242,0.00044,0.04273,-0.07605,-0.00286,0,-0.03874,-0.0133,0.01325,0.1792,0.26116,0.28223,-0.0382,0.01867,0.06841,-0.04472,0.07093,-0.76484,0.15889,-0.24371,0.03683,-0.00699,-0.02435,-0.01548,0.3005,-0.02197,0.00887,0.00497,0.04358,0.07268,0.00275,-0.00346,0.00102,0.00073
42.34,0.02943,-0.00086,0.0071,0.00184,0.01082,-0.0058,-0.02894,-0.00033,0.03952,-0.06028,-0.00081,0,-0.04459,-0.0164,0.01398,0.18946,0.2499,0.28167,-0.03933,0.01936,0.06501,-0.04203,0.07183,-0.74759,0.1526,-0.2256,0.02906,-0.00804,-0.02891,-0.01625,0.48146,-0.02863,0.01829,0.00653,0.03555,0.05705,0.00056,-0.00374,0.00071,0.00058
42.36,0.02832,-0.00135,0.00581,-0.0057,0.01517,-0.00573,-0.02585,-0.00124,0.0354,-0.04259,0.0015,0,-0.04748,-0.01865,0.01384,0.19021,0.21864,0.25897,-0.03803,0.01757,0.05639,-0.03285,0.06926,-0.67416,0.13466,-0.18616,0.02112,-0.00844,-0.03469,-0.0159,0.63868,-0.03457,0.02637,0.00641,0.0297,0.04399,-0.00139,-0.00374,0.00048,0.00045
42.38,0.0272,-0.00177,0.00447,-0.01065,0.01953,-0.00596,-0.02316,-0.00227,0.03085,-0.02495,0.00467,0,-0.04734,-0.01968,0.01298,0.1829,0.17157,0.21575,-0.03442,0.01341,0.04325,-0.01757,0.06416,-0.54702,0.1058,-0.12843,0.01281,-0.00838,-0.04145,-0.01473,0.75562,-0.0388,0.03245,0.00408,0.02624,0.03401,-0.00295,-0.00345,0.00028,0.00032
42.4,0.02606,-0.0021,0.00311,-0.01345,0.0241,-0.00625,-0.02083,-0.00343,0.02654,-0.0093,0.00939,0,-0.0444,-0.01909,0.01172,0.17056,0.11726,0.15715,-0.0289,0.00764,0.02712,0.00225,0.05815,-0.37642,0.06866,-0.05928,0.00417,-0.00808,-0.04845,-0.01313,0.81111,-0.04007,0.03571,-0.00062,0.02515,0.02745,-0.00398,-0.00295,7e-05,0.00018
42.42,0.02493,-0.00237,0.00176,-0.01463,0.02901,-0.0063,-0.01881,-0.00479,0.02314,0.00258,0.01635,0,-0.03913,-0.01638,0.01044,0.15699,0.06651,0.0903,-0.02194,0.00137,0.00997,0.02431,0.05312,-0.17771,0.027,0.01227,-0.00465,-0.00776,-0.05469,-0.01155,0.78456,-0.0372,0.03534,-0.00758,0.02619,0.02444,-0.00443,-0.00236,-0.00019,0
42.44,0.02381,-0.00259,0.00045,-0.01467,0.0343,-0.00582,-0.01701,-0.00639,0.02116,0.00934,0.02614,0,-0.03209,-0.01101,0.00949,0.14572,0.02913,0.0221,-0.01368,-0.00428,-0.00634,0.04617,0.05075,0.03278,-0.01554,0.07758,-0.01345,-0.00766,-0.05929,-0.01035,0.66456,-0.02949,0.0309,-0.01655,0.02904,0.02494,-0.00428,-0.0018,-0.00054,-0.00023
42.46,0.02269,-0.00279,-0.0008,-0.01394,0.03998,-0.00457,-0.0153,-0.00833,0.02079,0.01022,0.0391,0,-0.02389,-0.00242,0.00913,0.13925,0.01176,-0.04203,-0.00383,-0.0084,-0.02037,0.06561,0.05213,0.23978,-0.0561,0.12992,-0.0221,-0.00798,-0.06175,-0.00977,0.45547,-0.01716,0.02259,-0.0272,0.03328,0.0287,-0.00354,-0.00141,-0.00101,-0.00052
42.48,0.02158,-0.00298,-0.00197,-0.01262,0.04593,-0.0024,-0.0135,-0.0107,0.02191,0.00506,0.05524,0,-0.01523,0.0099,0.00948,0.13895,0.01756,-0.09802,0.00842,-0.01033,-0.0311,0.08055,0.05769,0.42798,-0.0925,0.16447,-0.03049,-0.00886,-0.06201,-0.00993,0.18042,-0.00144,0.0114,-0.03905,0.0384,0.03518,-0.00228,-0.00127,-0.00162,-0.00088
42.5,0.02047,-0.0032,-0.00305,-0.01078,0.05191,0.00077,-0.01142,-0.01354,0.0241,-0.00575,0.07414,0,-0.00696,0.02631,0.01054,0.14517,0.04649,-0.14266,0.02411,-0.00962,-0.03781,0.08897,0.06719,0.58113,-0.12292,0.17785,-0.03843,-0.01043,-0.06032,-0.01081,-0.1201,0.01543,-0.00098,-0.05144,0.04376,0.04365,-0.00063,-0.00148,-0.00236,-0.0013
42.52,0.01935,-0.00347,-0.00402,-0.00843,0.05762,0.0049,-0.00891,-0.01688,0.02681,-0.02139,0.0951,0,0.0001,0.04681,0.01223,0.15735,0.09575,-0.17366,0.04418,-0.00607,-0.04002,0.08913,0.07993,0.68421,-0.14601,0.16823,-0.04568,-0.01273,-0.05707,-0.01232,-0.39822,0.0308,-0.01258,-0.06359,0.04868,0.05315,0.0013,-0.00213,-0.00324,-0.00177
42.54,0.01822,-0.0038,-0.00487,-0.00563,0.06276,0.0099,-0.00588,-0.02066,0.0295,-0.0408,0.11722,0,0.00526,0.07082,0.01439,0.17416,0.16008,-0.19015,0.06878,0.00023,-0.03762,0.08006,0.09493,0.72788,-0.16119,0.13579,-0.05202,-0.01568,-0.05241,-0.01434,-0.6141,0.04243,-0.02176,-0.07476,0.05254,0.0627,0.00338,-0.00324,-0.00423,-0.00227
42.56,0.01708,-0.00421,-0.00561,-0.00261,0.06712,0.01555,-0.00238,-0.02473,0.03181,-0.06267,0.13956,0,0.00819,0.09685,0.01679,0.19352,0.23183,-0.19299,0.09685,0.00882,-0.03085,0.06189,0.11102,0.71147,-0.16889,0.08324,-0.05723,-0.01901,-0.04611,-0.01678,-0.74581,0.04905,-0.02761,-0.08436,0.05483,0.07124,0.00555,-0.00482,-0.00529,-0.00278
42.58,0.01591,-0.00466,-0.00624,0.00023,0.07054,0.0215,0.00138,-0.0288,0.03353,-0.0853,0.16089,0,0.00884,0.12229,0.01912,0.21246,0.30038,-0.18475,0.1257,0.01879,-0.02041,0.03612,0.1267,0.64373,-0.17046,0.01624,-0.0611,-0.02225,-0.0375,-0.01952,-0.79073,0.05047,-0.03005,-0.09187,0.05517,0.07766,0.00774,-0.0068,-0.0064,-0.00329
42.6,0.01472,-0.00512,-0.00678,0.00229,0.07289,0.0272,0.00505,-0.03241,0.03463,-0.10654,0.17964,0,0.00743,0.14338,0.02099,0.22715,0.35233,-0.16943,0.15113,0.02879,-0.00743,0.0055,0.14018,0.54161,-0.16804,-0.05664,-0.06334,-0.02474,-0.02562,-0.02242,-0.76241,0.04736,-0.02965,-0.09676,0.05328,0.08072,0.00993,-0.00904,-0.00749,-0.00376
42.62,0.01351,-0.00554,-0.00724,0.0029,0.07406,0.03206,0.00819,-0.03506,0.03513,-0.12408,0.1941,0,0.00437,0.15598,0.02198,0.23357,0.37403,-0.15156,0.16827,0.03723,0.00673,-0.02638,0.14957,0.42606,-0.16389,-0.12535,-0.06369,-0.02576,-0.00963,-0.02535,-0.68373,0.04095,-0.02735,-0.09857,0.04901,0.07934,0.01208,-0.01138,-0.00847,-0.00415
42.64,0.0123,-0.00586,-0.00763,0.00153,0.07389,0.03561,0.01052,-0.03632,0.03512,-0.136,0.20287,0,0.00016,0.15678,0.02177,0.22856,0.3558,-0.13485,0.17306,0.04261,0.02071,-0.05592,0.15344,0.31602,-0.15976,-0.18074,-0.06195,-0.02487,0.01074,-0.02815,-0.57805,0.03257,-0.0241,-0.09702,0.04243,0.07293,0.01417,-0.01365,-0.00927,-0.00443
42.66,0.01107,-0.00606,-0.00795,-0.00211,0.07228,0.03757,0.01194,-0.03593,0.03472,-0.14112,0.20516,0,-0.00465,0.14417,0.0202,0.21064,0.29489,-0.12141,0.16325,0.04378,0.03334,-0.07992,0.15112,0.22468,-0.15633,-0.21597,-0.0581,-0.02198,0.03467,-0.03067,-0.46357,0.02337,-0.02058,-0.0921,0.0339,0.0617,0.01618,-0.0157,-0.00984,-0.00458
42.68,0.00983,-0.00608,-0.00821,-0.008,0.0691,0.03793,0.01265,-0.03384,0.03403,-0.13901,0.20082,0,-0.00943,0.1185,0.0173,0.18026,0.19659,-0.11166,0.13867,0.03994,0.04354,-0.09552,0.14283,0.15924,-0.15312,-0.22655,-0.0523,-0.01753,0.06006,-0.03274,-0.35261,0.0143,-0.01719,-0.08415,0.02414,0.04686,0.01809,-0.01742,-0.01013,-0.00459
42.7,0.00859,-0.00591,-0.00841,-0.01579,0.06427,0.03686,0.013,-0.03017,0.03318,-0.12992,0.19026,0,-0.01347,0.08198,0.01331,0.13972,0.07362,-0.10454,0.10113,0.03066,0.05032,-0.10004,0.12955,0.12205,-0.14869,-0.20998,-0.04494,-0.01233,0.08349,-0.03414,-0.25283,0.0062,-0.01406,-0.07383,0.01425,0.03047,0.01985,-0.01868,-0.01011,-0.00445
42.72,0.00735,-0.00553,-0.00855,-0.02494,0.05776,0.03465,0.01345,-0.02516,0.0323,-0.11458,0.17428,0,-0.01612,0.03801,0.00856,0.0925,-0.05737,-0.09816,0.0538,0.01594,0.0529,-0.09129,0.11296,0.11178,-0.14125,-0.16586,-0.03652,-0.0074,0.10117,-0.03468,-0.16825,-0.00026,-0.01118,-0.06198,0.00539,0.0149,0.02142,-0.01936,-0.00977,-0.00417
42.74,0.00611,-0.00493,-0.00861,-0.03483,0.04965,0.03162,0.01435,-0.01914,0.03148,-0.09401,0.15387,0,-0.017,-0.00976,0.00341,0.04227,-0.18103,-0.09048,0.00045,-0.00368,0.05115,-0.0681,0.09522,0.12469,-0.12948,-0.09625,-0.02757,-0.00359,0.11032,-0.03416,-0.10025,-0.00468,-0.00848,-0.04938,-0.0016,0.00203,0.02275,-0.01937,-0.00912,-0.00376
42.76,0.00486,-0.00411,-0.00858,-0.04483,0.04019,0.02811,0.01584,-0.01244,0.03081,-0.06947,0.13017,0,-0.01616,-0.05789,-0.00179,-0.00764,-0.28646,-0.07993,-0.05497,-0.0269,0.04579,-0.03084,0.07887,0.15534,-0.11324,-0.0062,-0.01856,-0.00132,0.11005,-0.03251,-0.04838,-0.00701,-0.00593,-0.03668,-0.0065,-0.00738,0.02384,-0.01867,-0.00818,-0.00325
42.78,0.00357,-0.00313,-0.00846,-0.05426,0.02987,0.02442,0.01782,-0.00546,0.03035,-0.04263,0.10462,0,-0.01407,-0.10295,-0.00668,-0.05403,-0.36723,-0.06558,-0.10796,-0.0515,0.03854,0.01823,0.06696,0.1966,-0.09381,0.09545,-0.01,-0.00054,0.10167,-0.02973,-0.01105,-0.00752,-0.00354,-0.02444,-0.00974,-0.01368,0.0247,-0.01728,-0.00706,-0.00269
42.8,0.00223,-0.00202,-0.00824,-0.06231,0.01945,0.0209,0.01994,0.00126,0.03015,-0.01565,0.07906,0,-0.01163,-0.14123,-0.0109,-0.09347,-0.42024,-0.04719,-0.15332,-0.07428,0.03199,0.07499,0.06313,0.2399,-0.07381,0.19614,-0.00243,-0.00086,0.08833,-0.02592,0.01392,-0.00673,-0.00144,-0.01322,-0.01227,-0.01818,0.02535,-0.01524,-0.00587,-0.00214
42.82,0.00083,-0.00087,-0.0079,-0.0682,0.0098,0.01787,0.02178,0.00719,0.03028,0.00915,0.0555,0,-0.00989,-0.16928,-0.01408,-0.12277,-0.44501,-0.02516,-0.18595,-0.09165,0.02923,0.13443,0.07141,0.27668,-0.05653,0.28217,0.00361,-0.00166,0.07399,-0.02128,0.02892,-0.00531,0.00025,-0.0035,-0.01522,-0.02256,0.02583,-0.01266,-0.00476,-0.00168
42.84,-0.00063,0.00024,-0.00745,-0.07139,0.00159,0.01555,0.02295,0.01187,0.03088,0.02988,0.03565,0,-0.00972,-0.18481,-0.016,-0.13977,-0.44318,-0.00034,-0.20234,-0.10052,0.03315,0.19232,0.09581,0.30071,-0.04488,0.34278,0.00778,-0.0024,0.06202,-0.01602,0.03627,-0.00381,0.00141,0.00442,-0.01952,-0.02828,0.02612,-0.00966,-0.00386,-0.00136
42.86,-0.00213,0.00128,-0.00695,-0.07174,-0.00484,0.01404,0.02331,0.01502,0.03217,0.04542,0.0207,0,-0.01157,-0.18738,-0.01661,-0.14392,-0.41823,0.02593,-0.20161,-0.09892,0.04599,0.24604,0.13992,0.30963,-0.04071,0.37289,0.01004,-0.00275,0.05418,-0.01038,0.03803,-0.0026,0.00202,0.01053,-0.02556,-0.03604,0.02618,-0.00637,-0.00321,-0.0012
42.88,-0.00359,0.00218,-0.00645,-0.06954,-0.00956,0.01331,0.02292,0.01656,0.03447,0.05536,0.01137,0,-0.01542,-0.17846,-0.01611,-0.13632,-0.37556,0.05168,-0.18573,-0.08616,0.06916,0.29447,0.20656,0.30522,-0.04462,0.37344,0.01066,-0.00268,0.05047,-0.00465,0.03591,-0.00179,0.00214,0.01511,-0.03306,-0.04559,0.02592,-0.003,-0.00284,-0.0012
42.9,-0.00492,0.0029,-0.00606,-0.06546,-0.01285,0.01321,0.02203,0.01651,0.03814,0.05985,0.00804,0,-0.02079,-0.16118,-0.01483,-0.11946,-0.32227,0.07417,-0.15909,-0.06263,0.10324,0.33735,0.29749,0.29275,-0.05622,0.35048,0.01015,-0.00239,0.04939,0.00076,0.03127,-0.00132,0.00192,0.01859,-0.04113,-0.05582,0.0252,0.00021,-0.0027,-0.00132
42.92,-0.006,0.00339,-0.00587,-0.06031,-0.01515,0.01357,0.02104,0.01498,0.04356,0.05937,0.01081,0,-0.02697,-0.13945,-0.0132,-0.09665,-0.26623,0.09031,-0.12739,-0.02938,0.14818,0.37483,0.41348,0.27919,-0.07446,0.31301,0.00913,-0.00221,0.0487,0.00547,0.02511,-0.00098,0.00152,0.02143,-0.04855,-0.06515,0.02389,0.00301,-0.00273,-0.00152
42.94,-0.00674,0.00363,-0.00597,-0.05487,-0.01689,0.01421,0.02026,0.01217,0.05099,0.05456,0.01939,0,-0.03327,-0.11685,-0.0116,-0.07105,-0.21447,0.0974,-0.09587,0.01261,0.20366,0.40692,0.55433,0.27046,-0.09819,0.27004,0.00813,-0.00244,0.04638,0.00915,0.01812,-0.00058,0.00109,0.02402,-0.05425,-0.07211,0.02193,0.0052,-0.00287,-0.00173
42.96,-0.00714,0.00362,-0.00638,-0.04963,-0.01835,0.01502,0.01994,0.00832,0.0605,0.0461,0.03312,0,-0.03918,-0.09584,-0.01025,-0.04523,-0.17229,0.09357,-0.06832,0.06267,0.26907,0.43312,0.71848,0.26975,-0.12645,0.22878,0.00746,-0.00325,0.04139,0.01167,0.01074,3e-05,0.00074,0.02652,-0.05762,-0.07579,0.01931,0.00668,-0.00306,-0.00194
42.98,-0.00723,0.00339,-0.00707,-0.04485,-0.01967,0.01594,0.02018,0.00374,0.07186,0.03477,0.05076,0,-0.0444,-0.07779,-0.00926,-0.02124,-0.14344,0.07794,-0.04702,0.12017,0.34309,0.45203,0.90168,0.27699,-0.15833,0.1945,0.00723,-0.00465,0.03387,0.01307,0.0032,0.00085,0.00048,0.02883,-0.0585,-0.07584,0.01618,0.0075,-0.00325,-0.00211
43,-0.00711,0.00298,-0.00794,-0.0406,-0.02078,0.01697,0.02094,-0.00115,0.08453,0.02145,0.07055,0,-0.04877,-0.06321,-0.00859,-0.00076,-0.13039,0.05056,-0.033,0.18422,0.42331,0.4613,1.0962,0.28928,-0.19274,0.17086,0.00731,-0.00648,0.02499,0.01351,-0.00435,0.00183,0.0003,0.0306,-0.05717,-0.07244,0.01282,0.00775,-0.00342,-0.00224
43.02,-0.00693,0.00245,-0.00889,-0.0368,-0.02156,0.01814,0.02213,-0.00592,0.09775,0.00706,0.09041,0,-0.05217,-0.052,-0.00809,0.01491,-0.13435,0.01235,-0.0264,0.25375,0.50662,0.45805,1.29213,0.30198,-0.22831,0.16002,0.00743,-0.00851,0.01649,0.01322,-0.01184,0.00283,0.00013,0.03134,-0.05412,-0.06606,0.00953,0.0076,-0.00355,-0.00232
43.04,-0.00681,0.00186,-0.00979,-0.03329,-0.02184,0.01946,0.0236,-0.01017,0.11072,-0.00756,0.10841,0,-0.05451,-0.04377,-0.00751,0.02505,-0.15493,-0.03495,-0.02663,0.32783,0.59007,0.43967,1.47993,0.31042,-0.26339,0.16258,0.00732,-0.0105,0.0099,0.01244,-0.01912,0.00374,-6e-05,0.0306,-0.04985,-0.05725,0.0066,0.00721,-0.00362,-0.00236
43.06,-0.00685,0.00126,-0.01057,-0.02987,-0.02152,0.02091,0.0252,-0.01364,0.12272,-0.02172,0.12297,0,-0.05564,-0.03803,-0.00652,0.0296,-0.18976,-0.08868,-0.03261,0.40563,0.6711,0.40448,1.65162,0.31102,-0.29589,0.17749,0.00674,-0.01232,0.00599,0.01137,-0.02595,0.00444,-0.00032,0.02807,-0.04474,-0.04648,0.00416,0.00672,-0.00362,-0.00235
43.08,-0.00711,0.00068,-0.01116,-0.02633,-0.02055,0.02242,0.02677,-0.01616,0.13301,-0.03478,0.13283,0,-0.05535,-0.03429,-0.0047,0.02916,-0.23423,-0.14482,-0.0427,0.48588,0.74708,0.35211,1.79968,0.3015,-0.32298,0.20189,0.00549,-0.0139,0.00472,0.01016,-0.0319,0.00487,-0.00061,0.02366,-0.03901,-0.03421,0.00225,0.00624,-0.00355,-0.0023
43.1,-0.00764,0.00013,-0.01152,-0.02247,-0.01899,0.02387,0.02813,-0.01763,0.14076,-0.04602,0.13692,0,-0.05333,-0.03215,-0.00157,0.02487,-0.2816,-0.19785,-0.05481,0.56633,0.81473,0.28361,1.916,0.28084,-0.34105,0.23135,0.00348,-0.01524,0.00535,0.00896,-0.03629,0.00499,-0.00092,0.01747,-0.0328,-0.02092,0.0008,0.00586,-0.00342,-0.00221
43.12,-0.00842,-0.00035,-0.01165,-0.01815,-0.01689,0.02508,0.02909,-0.018,0.14518,-0.05476,0.13441,0,-0.0493,-0.03128,0.00336,0.01812,-0.3243,-0.24183,-0.06669,0.64406,0.8705,0.20103,1.99258,0.24909,-0.34625,0.26074,0.00064,-0.01635,0.00674,0.00784,-0.03811,0.00476,-0.00116,0.00978,-0.02624,-0.00717,-0.0003,0.00561,-0.00323,-0.00208
43.14,-0.00946,-0.00076,-0.01153,-0.01327,-0.01437,0.02592,0.02949,-0.0173,0.14564,-0.06044,0.1249,0,-0.04303,-0.03141,0.01055,0.0102,-0.35596,-0.27208,-0.07645,0.71618,0.91155,0.10681,2.02375,0.20715,-0.33566,0.28557,-0.00298,-0.01726,0.00783,0.00687,-0.03601,0.00413,-0.00124,0.00098,-0.01946,0.00644,-0.00124,0.00554,-0.00298,-0.00191
43.16,-0.01073,-0.0011,-0.01122,-0.00781,-0.01154,0.02629,0.02923,-0.01565,0.14188,-0.06278,0.1086,0,-0.03445,-0.03231,0.02031,0.00211,-0.37273,-0.28637,-0.08276,0.78017,0.93631,0.00369,2.0076,0.15682,-0.30808,0.30286,-0.0073,-0.01796,0.00792,0.00604,-0.02826,0.00302,-0.00106,-0.0084,-0.01267,0.01925,-0.00219,0.00562,-0.00266,-0.00171
43.18,-0.01217,-0.00139,-0.01074,-0.00186,-0.00855,0.02616,0.02826,-0.01327,0.13401,-0.06176,0.08641,0,-0.02376,-0.03378,0.03277,-0.00546,-0.37344,-0.28504,-0.08499,0.8334,0.94438,-0.10459,1.94635,0.10114,-0.26438,0.31118,-0.01208,-0.01839,0.00671,0.00532,-0.01282,0.00134,-0.00049,-0.01766,-0.00626,0.03043,-0.00336,0.00581,-0.00228,-0.00146
43.2,-0.01371,-0.00163,-0.0102,0.00433,-0.00562,0.02551,0.02659,-0.01045,0.12253,-0.05754,0.06002,0,-0.01143,-0.03564,0.04776,-0.01204,-0.3592,-0.27054,-0.08299,0.87277,0.93619,-0.21275,1.84587,0.0445,-0.20746,0.31042,-0.01699,-0.01846,0.00433,0.00468,0.01265,-0.00101,0.00061,-0.02589,-0.00078,0.03894,-0.00496,0.00605,-0.00183,-0.00118
43.22,-0.01524,-0.00185,-0.00967,0.01045,-0.00296,0.02438,0.02426,-0.00756,0.10815,-0.05046,0.0315,0,0.0018,-0.03768,0.06468,-0.01731,-0.33262,-0.24647,-0.07708,0.89502,0.91263,-0.31469,1.71403,-0.00818,-0.14141,0.30128,-0.0216,-0.01806,0.00111,0.00405,0.05052,-0.00416,0.00236,-0.03215,0.00319,0.04373,-0.00712,0.00623,-0.00132,-0.00086
43.24,-0.0167,-0.00205,-0.00923,0.01619,-0.00075,0.02282,0.02137,-0.0049,0.09164,-0.04095,0.00276,0,0.01504,-0.03958,0.0824,-0.02113,-0.29674,-0.2162,-0.06784,0.89771,0.87478,-0.40506,1.55845,-0.05297,-0.07024,0.28482,-0.02559,-0.0171,-0.00252,0.0034,0.10303,-0.00823,0.00489,-0.03575,0.00526,0.04413,-0.00994,0.0063,-0.00076,-0.00053
43.26,-0.01803,-0.00224,-0.00894,0.02137,0.00092,0.02091,0.01801,-0.0027,0.07373,-0.02953,-0.02472,0,0.02725,-0.04088,0.09905,-0.02344,-0.25457,-0.1821,-0.0561,0.87985,0.82384,-0.48008,1.38557,-0.0878,0.00273,0.26211,-0.02875,-0.01557,-0.00625,0.0027,0.17182,-0.01332,0.00829,-0.03647,0.00534,0.0401,-0.01336,0.00622,-0.00016,-0.00018
43.28,-0.01921,-0.00242,-0.00882,0.02584,0.00201,0.01876,0.01434,-0.0011,0.05525,-0.01696,-0.04976,0,0.03715,-0.04093,0.1119,-0.02427,-0.20916,-0.14558,-0.04298,0.84212,0.76144,-0.53712,1.20161,-0.11241,0.07451,0.23436,-0.03103,-0.01353,-0.0098,0.00201,0.25743,-0.01948,0.01257,-0.03462,0.00375,0.03234,-0.01716,0.00598,0.00045,0.00016
43.3,-0.02023,-0.00258,-0.00888,0.02949,0.00253,0.01651,0.01058,-0.00018,0.03717,-0.00417,-0.07129,0,0.0432,-0.03893,0.11739,-0.02372,-0.16387,-0.10742,-0.02993,0.78682,0.68993,-0.5741,1.01366,-0.12789,0.14187,0.20299,-0.03246,-0.01111,-0.01299,0.00139,0.3586,-0.02664,0.01766,-0.03091,0.00111,0.02221,-0.02098,0.00562,0.00101,0.00047
43.32,-0.02108,-0.00269,-0.00909,0.03221,0.00254,0.01434,0.00698,2e-05,0.02056,0.00778,-0.0884,0,0.04395,-0.03416,0.11204,-0.02188,-0.12199,-0.0681,-0.01845,0.71725,0.61203,-0.58957,0.82905,-0.13607,0.20158,0.16955,-0.03315,-0.0085,-0.01563,0.00094,0.4714,-0.03457,0.02335,-0.02628,-0.00182,0.01138,-0.02438,0.00519,0.00147,0.00071
43.34,-0.02178,-0.00274,-0.00945,0.03391,0.0021,0.01239,0.00374,-0.00047,0.00625,0.018,-0.10054,0,0.03855,-0.02626,0.09377,-0.01889,-0.08606,-0.02811,-0.00961,0.63688,0.53028,-0.58329,0.65356,-0.13896,0.25097,0.13541,-0.0332,-0.00588,-0.01768,0.00076,0.58827,-0.04275,0.02924,-0.02157,-0.00439,0.0013,-0.02697,0.00475,0.0018,0.00088
43.36,-0.02232,-0.00272,-0.00992,0.03453,0.00125,0.01076,0.00098,-0.00156,-0.00528,0.02591,-0.10769,0,0.0272,-0.01548,0.0629,-0.01488,-0.05753,0.01168,-0.00381,0.54905,0.44682,-0.5567,0.49082,-0.13821,0.28822,0.10167,-0.03274,-0.00341,-0.01913,0.0009,0.6969,-0.05033,0.03471,-0.01734,-0.0062,-0.00707,-0.02857,0.00435,0.00197,0.00096
43.38,-0.02273,-0.00263,-0.01049,0.03402,5e-05,0.0095,-0.00125,-0.00312,-0.01381,0.03119,-0.1103,0,0.0113,-0.00282,0.02262,-0.01003,-0.03683,0.04962,-0.00075,0.45756,0.36402,-0.51316,0.34344,-0.13511,0.31208,0.06943,-0.0319,-0.00122,-0.0201,0.00137,0.77905,-0.05597,0.03886,-0.01381,-0.00714,-0.0133,-0.02914,0.00402,0.00201,0.00096
43.4,-0.02302,-0.00245,-0.01111,0.03234,-0.00143,0.00866,-0.00296,-0.00492,-0.01933,0.03372,-0.10916,0,-0.00666,0.01001,-0.02121,-0.0046,-0.02376,0.08312,0.00046,0.3671,0.28495,-0.45786,0.21416,-0.13052,0.3216,0.04002,-0.0308,0.00057,-0.02075,0.00214,0.8112,-0.05798,0.04052,-0.01098,-0.00736,-0.01739,-0.02881,0.0038,0.00195,0.00091
43.42,-0.02321,-0.00221,-0.01174,0.0295,-0.00314,0.00825,-0.00418,-0.00674,-0.02196,0.03353,-0.10525,0,-0.02369,0.021,-0.06159,0.00113,-0.01754,0.10928,0.00096,0.28266,0.21296,-0.39679,0.10565,-0.12493,0.31614,0.01474,-0.02952,0.00186,-0.02121,0.00319,0.77022,-0.05467,0.03854,-0.00869,-0.00713,-0.0196,-0.02777,0.00371,0.00185,0.00084
43.44,-0.0233,-0.0019,-0.01236,0.02553,-0.00502,0.00826,-0.00498,-0.00837,-0.02192,0.03079,-0.09945,0,-0.0373,0.02854,-0.09267,0.00688,-0.01694,0.1259,0.00174,0.20815,0.15053,-0.3353,0.01927,-0.11861,0.29573,-0.00544,-0.02813,0.00258,-0.02156,0.00443,0.6423,-0.04505,0.03224,-0.00674,-0.00673,-0.02026,-0.02626,0.00377,0.00175,0.00076
43.46,-0.02329,-0.00155,-0.01295,0.02059,-0.00704,0.00868,-0.00543,-0.0097,-0.01958,0.02581,-0.09247,0,-0.04604,0.03184,-0.11126,0.01236,-0.02028,0.13217,0.00335,0.14571,0.09877,-0.27727,-0.04553,-0.11162,0.26138,-0.02022,-0.02664,0.00278,-0.02168,0.00582,0.42972,-0.0293,0.02173,-0.00494,-0.00635,-0.01971,-0.02444,0.00395,0.00168,0.00071
43.48,-0.0232,-0.00116,-0.01349,0.01495,-0.00913,0.00944,-0.00565,-0.01066,-0.01543,0.01907,-0.08486,0,-0.04966,0.031,-0.11705,0.01727,-0.02539,0.1288,0.00583,0.09607,0.05765,-0.22536,-0.09085,-0.10393,0.21537,-0.02983,-0.02502,0.00258,-0.02131,0.00725,0.15399,-0.00902,0.00808,-0.00322,-0.00605,-0.0182,-0.02249,0.00423,0.00166,0.00068
43.5,-0.02301,-0.00076,-0.01398,0.00906,-0.01125,0.01047,-0.00574,-0.01127,-0.01009,0.01123,-0.07702,0,-0.04885,0.02689,-0.11214,0.02126,-0.02977,0.11775,0.00873,0.05906,0.02653,-0.18144,-0.11956,-0.09545,0.16134,-0.03489,-0.02322,0.00216,-0.02003,0.00864,-0.14555,0.0129,-0.00677,-0.00158,-0.00579,-0.01596,-0.02053,0.00457,0.00168,0.00066
43.52,-0.02273,-0.00039,-0.0144,0.00343,-0.01331,0.01168,-0.00582,-0.01157,-0.00425,0.00305,-0.06928,0,-0.04488,0.0208,-0.10003,0.02396,-0.0309,0.10168,0.01136,0.03385,0.00433,-0.14657,-0.13485,-0.08608,0.10372,-0.03622,-0.02117,0.00175,-0.01739,0.00985,-0.42178,0.03297,-0.02051,-5e-05,-0.00548,-0.01316,-0.01867,0.0049,0.00171,0.00066
43.54,-0.02236,-5e-05,-0.01476,-0.0015,-0.01526,0.013,-0.00597,-0.01159,0.00151,-0.00482,-0.06183,0,-0.0391,0.01398,-0.08422,0.02519,-0.02686,0.08312,0.01304,0.01881,-0.01042,-0.12061,-0.13983,-0.0757,0.04682,-0.0347,-0.01881,0.00152,-0.01305,0.01081,-0.63531,0.0483,-0.03117,0.00128,-0.00498,-0.00992,-0.01696,0.00517,0.00174,0.00066
43.56,-0.0219,0.00023,-0.01505,-0.00545,-0.01706,0.01436,-0.00626,-0.01138,0.00673,-0.0119,-0.05478,0,-0.03256,0.00735,-0.06741,0.02498,-0.01676,0.06403,0.01338,0.01148,-0.01958,-0.10208,-0.1373,-0.06422,-0.00561,-0.03114,-0.01611,0.00157,-0.00692,0.01146,-0.76456,0.0573,-0.03769,0.00235,-0.00421,-0.00636,-0.01538,0.00533,0.00172,0.00064
43.58,-0.02135,0.00046,-0.01527,-0.00824,-0.01872,0.01574,-0.00671,-0.01097,0.0111,-0.01785,-0.04822,0,-0.02604,0.00146,-0.05136,0.02362,-0.00087,0.04586,0.01226,0.00864,-0.02525,-0.08823,-0.12968,-0.05168,-0.05008,-0.02631,-0.0131,0.00193,0.00076,0.01178,-0.80711,0.05983,-0.03997,0.00312,-0.0031,-0.0026,-0.01385,0.00533,0.00164,0.00058
43.6,-0.02073,0.00062,-0.01542,-0.00981,-0.0202,0.01707,-0.00731,-0.01039,0.01435,-0.02239,-0.04227,0,-0.02005,-0.00344,-0.03708,0.0216,0.0194,0.02962,0.00987,0.00656,-0.02965,-0.07543,-0.119,-0.03831,-0.08306,-0.02093,-0.00988,0.00251,0.00945,0.01179,-0.7766,0.05692,-0.03865,0.00351,-0.00165,0.00122,-0.01225,0.00514,0.00143,0.00046
43.62,-0.02006,0.00073,-0.01549,-0.01016,-0.02151,0.01834,-0.00803,-0.00964,0.01631,-0.02536,-0.03701,0,-0.01491,-0.00727,-0.02502,0.01949,0.04186,0.01601,0.00654,0.00171,-0.03474,-0.06007,-0.10685,-0.02451,-0.10156,-0.01565,-0.00656,0.00319,0.0184,0.01152,-0.69598,0.05032,-0.03489,0.00349,0.00011,0.00491,-0.01045,0.00472,0.00108,0.00026
43.64,-0.01937,0.0008,-0.01549,-0.00933,-0.02266,0.01953,-0.0088,-0.00874,0.0169,-0.02669,-0.03252,0,-0.01077,-0.01007,-0.01525,0.01776,0.06414,0.00537,0.00266,-0.00827,-0.04181,-0.03971,-0.09435,-0.01075,-0.10421,-0.01091,-0.00329,0.00384,0.02689,0.01104,-0.58859,0.04178,-0.02982,0.00299,0.00211,0.00832,-0.00829,0.00407,0.00055,-3e-05
43.66,-0.01867,0.00084,-0.01539,-0.00744,-0.02364,0.02064,-0.00957,-0.00767,0.01617,-0.02647,-0.02876,0,-0.00765,-0.01191,-0.00763,0.01658,0.08397,-0.00231,-0.00137,-0.02387,-0.05107,-0.01395,-0.08212,0.00248,-0.09202,-0.00695,-0.00016,0.00431,0.03433,0.01039,-0.4726,0.03266,-0.02433,0.00201,0.00422,0.01134,-0.00562,0.00319,-0.00018,-0.00042
43.68,-0.01799,0.00085,-0.0152,-0.00463,-0.02449,0.02169,-0.01025,-0.00644,0.01427,-0.02496,-0.02563,0,-0.00544,-0.01287,-0.00193,0.01589,0.09907,-0.00731,-0.0052,-0.04345,-0.06159,0.01516,-0.0704,0.0145,-0.06864,-0.00384,0.00274,0.00447,0.04024,0.00967,-0.36032,0.02389,-0.01903,0.00054,0.00621,0.01383,-0.00232,0.00208,-0.00109,-0.0009
43.7,-0.01736,0.00087,-0.0149,-0.00113,-0.02523,0.0227,-0.01075,-0.00503,0.0115,-0.02253,-0.02302,0,-0.00399,-0.01299,0.00212,0.01537,0.10717,-0.01012,-0.00843,-0.06336,-0.07135,0.04326,-0.05917,0.02449,-0.04005,-0.00146,0.00528,0.00418,0.04422,0.00896,-0.25937,0.01602,-0.01428,-0.00138,0.00782,0.01569,0.00171,0.00081,-0.00216,-0.00145
43.72,-0.01683,0.0009,-0.01447,0.00283,-0.02587,0.02369,-0.01096,-0.00347,0.00818,-0.0196,-0.02079,0,-0.00311,-0.01231,0.00479,0.01457,0.10629,-0.01129,-0.01074,-0.07909,-0.07782,0.06496,-0.04828,0.03157,-0.01323,0.00034,0.00737,0.00336,0.04594,0.00837,-0.17378,0.00936,-0.01025,-0.00372,0.00875,0.0168,0.00649,-0.00058,-0.00334,-0.00203
43.74,-0.01641,0.00095,-0.01391,0.00701,-0.02641,0.02466,-0.01083,-0.00175,0.00461,-0.01658,-0.01879,0,-0.00263,-0.01086,0.00633,0.01311,0.09547,-0.01135,-0.01193,-0.08683,-0.07892,0.07581,-0.03756,0.03523,0.00579,0.00177,0.00891,0.00195,0.04529,0.00797,-0.10489,0.00399,-0.00701,-0.00646,0.00876,0.01709,0.01207,-0.00203,-0.00459,-0.00263
43.76,-0.01614,0.00102,-0.01322,0.01122,-0.02683,0.02558,-0.01033,0.00014,0.00103,-0.01372,-0.01684,0,-0.00244,-0.00869,0.00697,0.01076,0.07528,-0.01077,-0.01201,-0.08464,-0.07363,0.0736,-0.02698,0.0355,0.01323,0.00297,0.00988,-1e-05,0.04243,0.00781,-0.05225,-0.00012,-0.00453,-0.00966,0.00776,0.0166,0.01846,-0.00352,-0.00586,-0.00323
43.78,-0.016,0.00112,-0.0124,0.01528,-0.02711,0.02639,-0.00952,0.00219,-0.00239,-0.0112,-0.01476,0,-0.00245,-0.00591,0.0069,0.00748,0.04806,-0.00995,-0.01122,-0.07267,-0.06215,0.05869,-0.0167,0.03302,0.00778,0.00406,0.01026,-0.00238,0.03781,0.00786,-0.01424,-0.00311,-0.00273,-0.01339,0.0058,0.01544,0.02564,-0.00503,-0.00713,-0.00379
43.8,-0.016,0.00121,-0.01147,0.01899,-0.02719,0.02698,-0.0085,0.00437,-0.00553,-0.00911,-0.01239,0,-0.00265,-0.00266,0.00627,0.00346,0.01779,-0.00917,-0.01,-0.05303,-0.0459,0.0338,-0.00722,0.02896,-0.00963,0.00505,0.01012,-0.00492,0.03219,0.0081,0.01133,-0.00516,-0.00151,-0.01771,0.00308,0.01384,0.03346,-0.00655,-0.00833,-0.00431
43.82,-0.01611,0.00129,-0.01046,0.02213,-0.02705,0.02724,-0.0074,0.00665,-0.00826,-0.00744,-0.00957,0,-0.00302,0.0009,0.0052,-0.00104,-0.01082,-0.00865,-0.00884,-0.02917,-0.02713,0.00339,0.00059,0.02467,-0.03648,0.00592,0.00954,-0.0073,0.02645,0.00845,0.02688,-0.00644,-0.00077,-0.02268,-0.00011,0.01204,0.04173,-0.00808,-0.00943,-0.00475
43.84,-0.01632,0.00133,-0.00937,0.0245,-0.02669,0.02701,-0.00635,0.00901,-0.01052,-0.00606,-0.00611,0,-0.00348,0.00463,0.00376,-0.00574,-0.03378,-0.00851,-0.00819,-0.00512,-0.00848,-0.02729,0.00544,0.02129,-0.06946,0.00655,0.00869,-0.00925,0.02137,0.00885,0.03475,-0.00714,-0.0004,-0.02828,-0.00344,0.01033,0.05027,-0.00964,-0.01037,-0.00512
43.86,-0.01658,0.00134,-0.00821,0.0259,-0.02624,0.02618,-0.00541,0.01143,-0.01231,-0.0047,-0.00182,0,-0.00385,0.00843,0.00198,-0.0105,-0.04874,-0.00878,-0.00828,0.01503,0.00727,-0.05267,0.00557,0.01943,-0.10487,0.00676,0.00782,-0.01052,0.01752,0.00923,0.03706,-0.00742,-0.00031,-0.03442,-0.00663,0.00894,0.05897,-0.01126,-0.01115,-0.00539
43.88,-0.01683,0.00131,-0.00697,0.02614,-0.02591,0.02461,-0.00464,0.01389,-0.01362,-0.00296,0.00351,0,-0.00385,0.01223,-0.00011,-0.01525,-0.05508,-0.00942,-0.00917,0.02703,0.01713,-0.06683,-0.00123,0.01912,-0.13849,0.00631,0.0073,-0.01093,0.01523,0.00953,0.03561,-0.00742,-0.0004,-0.04084,-0.00938,0.00811,0.0677,-0.01299,-0.01175,-0.00556
43.9,-0.01702,0.00126,-0.00563,0.02505,-0.026,0.02221,-0.00405,0.01636,-0.01449,-0.00031,0.01002,0,-0.00307,0.01591,-0.00247,-0.01994,-0.05364,-0.01025,-0.0107,0.02649,0.01789,-0.06338,-0.01769,0.01987,-0.16548,0.00487,0.0076,-0.01034,0.01466,0.00968,0.03185,-0.00723,-0.0006,-0.04711,-0.0114,0.00803,0.07623,-0.01486,-0.01218,-0.00565
43.92,-0.01706,0.00122,-0.00418,0.02241,-0.02689,0.0189,-0.00365,0.0188,-0.01494,0.00384,0.01786,0,-0.00097,0.01934,-0.00507,-0.0245,-0.04611,-0.01099,-0.01256,0.00931,0.00635,-0.03613,-0.04689,0.02086,-0.18096,0.00209,0.00926,-0.00868,0.01577,0.00963,0.02691,-0.00693,-0.00085,-0.05253,-0.01244,0.00883,0.08422,-0.01688,-0.01242,-0.00564
43.94,-0.01685,0.0012,-0.00259,0.01802,-0.02901,0.01462,-0.00345,0.02117,-0.01494,0.01016,0.02724,0,0.00307,0.02226,-0.00784,-0.0288,-0.03435,-0.01118,-0.01434,-0.02739,-0.02006,0.01985,-0.09213,0.02116,-0.18109,-0.00242,0.01288,-0.00595,0.01842,0.00933,0.02158,-0.00655,-0.0011,-0.05618,-0.01243,0.01045,0.09114,-0.01898,-0.01247,-0.00554
43.96,-0.01629,0.00122,-0.0008,0.01167,-0.03279,0.00935,-0.00346,0.02346,-0.0144,0.01932,0.03839,0,0.00981,0.02434,-0.01068,-0.03253,-0.01992,-0.01014,-0.01551,-0.08451,-0.06281,0.1072,-0.1566,0.01989,-0.16383,-0.00898,0.01901,-0.00225,0.02229,0.00876,0.01641,-0.00611,-0.0013,-0.05683,-0.01154,0.01261,0.09623,-0.02098,-0.01225,-0.0053
43.98,-0.0153,0.0013,0.00125,0.00321,-0.03866,0.00314,-0.00372,0.02568,-0.01317,0.0319,0.05152,0,0.02002,0.02506,-0.01341,-0.03522,-0.00409,-0.00698,-0.01548,-0.16043,-0.1219,0.22548,-0.24291,0.01625,-0.12923,-0.01784,0.02817,0.00216,0.02688,0.00791,0.01174,-0.00559,-0.00142,-0.05298,-0.0102,0.01471,0.09848,-0.02256,-0.01169,-0.00491
44,-0.01376,0.00143,0.0036,-0.00741,-0.04696,-0.00384,-0.00428,0.0278,-0.01105,0.04838,0.06674,0,0.03449,0.0238,-0.01577,-0.03619,0.01209,-0.00068,-0.01359,-0.25092,-0.19565,0.3709,-0.35264,0.00954,-0.07929,-0.0291,0.04076,0.00688,0.03155,0.00682,0.00773,-0.00494,-0.00141,-0.04281,-0.00907,0.01595,0.09657,-0.02327,-0.01066,-0.00432
44.02,-0.01157,0.00164,0.00631,-0.02015,-0.058,-0.01129,-0.00527,0.02977,-0.00786,0.06906,0.08399,0,0.05397,0.01978,-0.01739,-0.03463,0.02781,0.00972,-0.0092,-0.35005,-0.28123,0.53737,-0.48642,-0.00085,-0.01721,-0.04273,0.0571,0.01138,0.03559,0.00552,0.00445,-0.00413,-0.00125,-0.02434,-0.00887,0.01548,0.08903,-0.02254,-0.00904,-0.00348
44.04,-0.00862,0.00194,0.00941,-0.03494,-0.07201,-0.01885,-0.00688,0.03149,-0.00343,0.09413,0.10308,0,0.07914,0.0122,-0.01778,-0.0297,0.04264,0.02474,-0.00191,-0.45191,-0.37538,0.71826,-0.64416,-0.01554,0.05364,-0.05859,0.07742,0.01508,0.03846,0.00409,0.00186,-0.00308,-0.00092,0.00445,-0.01013,0.0128,0.07442,-0.0197,-0.00669,-0.00236
44.06,-0.00478,0.00241,0.01295,-0.05165,-0.08902,-0.02606,-0.00943,0.03277,0.00224,0.12352,0.12363,0,0.1105,0.00029,-0.01635,-0.02064,0.05656,0.04417,0.00832,-0.55128,-0.47467,0.90705,-0.82462,-0.03502,0.13025,-0.07638,0.10181,0.01736,0.03989,0.00264,-0.00014,-0.00178,-0.00042,0.04532,-0.01305,0.00794,0.05158,-0.01404,-0.00352,-0.00094
44.08,4e-05,0.00312,0.01693,-0.06993,-0.10884,-0.03231,-0.01336,0.03334,0.00902,0.15673,0.14487,0,0.14808,-0.01661,-0.01241,-0.00687,0.06985,0.06687,0.02104,-0.6431,-0.57481,1.09602,-1.02404,-0.0596,0.20949,-0.0955,0.13002,0.01758,0.03991,0.00128,-0.00166,-0.00021,0.00027,0.09948,-0.01739,0.00164,0.01979,-0.00484,0.00054,0.00079
44.1,0.00592,0.00418,0.02132,-0.08918,-0.13085,-0.03678,-0.01919,0.03287,0.01656,0.19263,0.16554,0,0.19133,-0.03894,-0.00517,0.012,0.08296,0.09069,0.03533,-0.72189,-0.67008,1.27524,-1.2352,-0.08923,0.2876,-0.11499,0.16135,0.01502,0.03882,0.00021,-0.00285,0.00162,0.0011,0.16736,-0.02251,-0.00481,-0.02102,0.00861,0.00547,0.00277
44.12,0.01288,0.0057,0.02603,-0.10866,-0.15416,-0.03854,-0.02756,0.03095,0.02445,0.22967,0.18403,0,0.23921,-0.06703,0.00618,0.03617,0.09626,0.11279,0.0501,-0.78229,-0.75407,1.43393,-1.44872,-0.12339,0.3604,-0.13379,0.1947,0.00891,0.03706,-0.00039,-0.00383,0.00369,0.00205,0.24869,-0.02748,-0.00977,-0.07019,0.02691,0.01119,0.00493
44.14,0.02096,0.00779,0.03099,-0.12786,-0.17775,-0.03662,-0.03928,0.02724,0.03232,0.26631,0.19867,0,0.29049,-0.10116,0.02236,0.06569,0.10988,0.13015,0.06457,-0.8205,-0.82124,1.56336,-1.65573,-0.16115,0.42386,-0.15112,0.22889,-0.00155,0.03509,-0.00038,-0.00475,0.00599,0.0031,0.34279,-0.03125,-0.01179,-0.12617,0.05052,0.01755,0.00715
44.16,0.03018,0.01054,0.03614,-0.14657,-0.20054,-0.03015,-0.05529,0.02149,0.04001,0.30119,0.20788,0,0.34385,-0.1415,0.04386,0.10042,0.12346,0.13985,0.07857,-0.83511,-0.86773,1.6585,-1.84906,-0.20093,0.4744,-0.16678,0.26267,-0.01713,0.03331,0.00032,-0.00574,0.00858,0.00427,0.44843,-0.03279,-0.00988,-0.18625,0.07963,0.02432,0.00932
44.18,0.04052,0.01399,0.04141,-0.16483,-0.22124,-0.01841,-0.07656,0.01363,0.04745,0.33288,0.21015,0,0.39742,-0.18783,0.07077,0.13972,0.136,0.13905,0.09246,-0.8272,-0.89122,1.71756,-2.02199,-0.24019,0.50845,-0.18106,0.29449,-0.03847,0.03204,0.00168,-0.0069,0.01152,0.00558,0.563,-0.03101,-0.00362,-0.24606,0.11392,0.03113,0.01126
44.2,0.0518,0.01813,0.04665,-0.18274,-0.23822,-0.00083,-0.10394,0.00376,0.05463,0.35966,0.20394,0,0.4485,-0.23927,0.10255,0.18223,0.14586,0.12502,0.10699,-0.79985,-0.89046,1.74108,-2.16702,-0.27532,0.52223,-0.19453,0.32233,-0.06592,0.03158,0.00361,-0.00833,0.0149,0.00704,0.68199,-0.02489,0.00687,-0.29932,0.15243,0.03746,0.01274
44.22,0.06375,0.02288,0.05173,-0.20032,-0.24979,0.02285,-0.13792,-0.00785,0.06146,0.3797,0.18796,0,0.49386,-0.29421,0.13755,0.22575,0.15103,0.09566,0.12288,-0.75726,-0.86514,1.73133,-2.27683,-0.30232,0.51247,-0.20782,0.34405,-0.09949,0.03232,0.00598,-0.01008,0.01874,0.00868,0.7996,-0.0135,0.02085,-0.33848,0.19366,0.04281,0.01358
44.24,0.07604,0.02816,0.0565,-0.21742,-0.25478,0.05258,-0.17837,-0.02082,0.06763,0.39141,0.16146,0,0.53036,-0.35046,0.17254,0.26723,0.14966,0.05026,0.14039,-0.7036,-0.81613,1.69222,-2.34667,-0.31789,0.47775,-0.22124,0.35808,-0.13879,0.03501,0.0087,-0.01215,0.023,0.01047,0.9102,0.00375,0.03691,-0.35612,0.23601,0.04686,0.0137
44.26,0.08829,0.03386,0.06089,-0.23361,-0.25283,0.08777,-0.22422,-0.03467,0.07249,0.3938,0.12464,0,0.55533,-0.40516,0.20218,0.30266,0.14036,-0.00968,0.15895,-0.64242,-0.74583,1.62942,-2.37594,-0.32028,0.41959,-0.23453,0.36382,-0.18281,0.04079,0.01177,-0.01451,0.02751,0.01233,1.00897,0.02688,0.0529,-0.3458,0.27784,0.0497,0.01322
44.28,0.09999,0.0398,0.06486,-0.24799,-0.24453,0.12701,-0.27299,-0.04872,0.07503,0.38638,0.07894,0,0.56645,-0.45432,0.21866,0.32673,0.1224,-0.07987,0.17688,-0.57693,-0.65869,1.55073,-2.3682,-0.30939,0.34314,-0.24672,0.36171,-0.22956,0.05127,0.01527,-0.01703,0.03192,0.01412,1.09128,0.0552,0.06575,-0.30227,0.31718,0.05181,0.01246
44.3,0.11043,0.04572,0.06835,-0.25916,-0.23129,0.16794,-0.32074,-0.06202,0.07383,0.3692,0.02717,0,0.56155,-0.49264,0.21188,0.33282,0.09571,-0.15327,0.19147,-0.5104,-0.56137,1.46618,-2.33042,-0.28656,0.25695,-0.25611,0.35305,-0.27592,0.06834,0.01931,-0.0195,0.0357,0.01561,1.15198,0.08718,0.07148,-0.22145,0.35152,0.05398,0.01194
44.32,0.11881,0.0513,0.0713,-0.26558,-0.21499,0.20776,-0.36279,-0.07345,0.06735,0.34266,-0.02732,0,0.53889,-0.51463,0.17106,0.3142,0.06071,-0.22179,0.19969,-0.44581,-0.46148,1.38659,-2.27152,-0.25394,0.17094,-0.26076,0.33962,-0.31827,0.09376,0.024,-0.02169,0.03827,0.01655,1.18585,0.12089,0.06575,-0.1005,0.37817,0.05713,0.01225
44.34,0.12445,0.05628,0.07368,-0.26606,-0.19746,0.24397,-0.39507,-0.08209,0.05433,0.30752,-0.08179,0,0.49769,-0.51634,0.08736,0.26588,0.01816,-0.27901,0.19923,-0.38519,-0.3655,1.32128,-2.20048,-0.21372,0.09318,-0.25926,0.32319,-0.35361,0.12854,0.02943,-0.0234,0.03919,0.01678,1.18875,0.1546,0.04474,0.06208,0.39504,0.06207,0.01391
44.36,0.12699,0.06048,0.0755,-0.26022,-0.18019,0.27494,-0.41495,-0.08729,0.03412,0.2649,-0.13477,0,0.43871,-0.4967,-0.04399,0.18621,-0.03077,-0.32184,0.18934,-0.32933,-0.27763,1.27674,-2.12536,-0.16771,0.02795,-0.25126,0.30525,-0.38021,0.17237,0.03558,-0.02452,0.03828,0.0162,1.15851,0.18715,0.00581,0.2656,0.40108,0.06929,0.01719
44.38,0.12633,0.0638,0.07679,-0.24858,-0.16441,0.2997,-0.4213,-0.08871,0.00686,0.21668,-0.18584,0,0.36478,-0.45794,-0.22228,0.07773,-0.08422,-0.35063,0.17107,-0.27813,-0.20021,1.25665,-2.05357,-0.11756,-0.02427,-0.23763,0.28707,-0.3976,0.22318,0.04229,-0.02504,0.03567,0.01491,1.09524,0.21776,-0.05204,0.50565,0.39639,0.07888,0.02215
44.4,0.1226,0.06617,0.07761,-0.23246,-0.15118,0.31769,-0.41411,-0.08626,-0.02645,0.16563,-0.23511,0,0.28087,-0.40531,-0.44104,-0.05275,-0.1394,-0.36849,0.14705,-0.23107,-0.13449,1.26239,-1.9923,-0.06495,-0.06598,-0.22035,0.26979,-0.40615,0.2771,0.04924,-0.02501,0.03176,0.01307,1.00122,0.24582,-0.12808,0.77318,0.38197,0.09049,0.02856
44.42,0.1161,0.06754,0.07799,-0.21356,-0.14137,0.32866,-0.39422,-0.08002,-0.0643,0.11493,-0.28297,0,0.19304,-0.34588,-0.69005,-0.19581,-0.19335,-0.38015,0.12049,-0.18748,-0.0808,1.29355,-1.94768,-0.01087,-0.10167,-0.20174,0.25439,-0.40682,0.32937,0.05599,-0.02454,0.02709,0.01096,0.88,0.27099,-0.22018,1.05625,0.35946,0.1034,0.03597
44.44,0.10714,0.06792,0.07798,-0.19331,-0.13543,0.33266,-0.36286,-0.07026,-0.10522,0.06736,-0.32985,0,0.10655,-0.28674,-0.95864,-0.34211,-0.24412,-0.39063,0.0938,-0.1466,-0.03843,1.34815,-1.92336,0.04551,-0.13679,-0.18342,0.24143,-0.40073,0.37595,0.06214,-0.02371,0.02213,0.00877,0.73509,0.29356,-0.3255,1.34348,0.33066,0.11665,0.04383
44.46,0.096,0.06737,0.0776,-0.1725,-0.13335,0.3301,-0.32154,-0.05746,-0.14809,0.02481,-0.37601,0,0.02496,-0.23401,-1.23706,-0.48367,-0.2915,-0.40422,0.06771,-0.10767,-0.00564,1.42269,-1.91946,0.10748,-0.17691,-0.1656,0.23099,-0.38899,0.4144,0.06739,-0.02263,0.0172,0.00666,0.56967,0.31458,-0.44051,1.62544,0.2974,0.12908,0.05146
44.48,0.08304,0.06599,0.07687,-0.15131,-0.13463,0.32173,-0.27231,-0.04238,-0.19181,-0.01145,-0.384,0,-0.04953,-0.19296,-1.51471,-0.6132,-0.33679,-0.42418,0.04119,-0.07032,0.02009,1.51157,-1.93246,0.18051,-0.22723,-0.14705,0.22271,-0.37272,0.44386,0.07154,-0.02133,0.01246,0.00467,0.38761,0.33576,-0.56016,1.89279,0.26171,0.13925,0.05806
44.5,0.06871,0.06394,0.07581,-0.12956,-0.13834,0.30862,-0.2179,-0.02613,-0.23503,-0.04049,-0.384,0,-0.11537,-0.16841,-1.77848,-0.72309,-0.38225,-0.45263,0.01194,-0.03483,0.04169,1.60682,-1.9556,0.27146,-0.29215,-0.12547,0.21593,-0.35308,0.46455,0.07438,-0.01987,0.00796,0.00281,0.19451,0.35917,-0.67743,2.1345,0.226,0.1454,0.06263
44.52,0.05353,0.06142,0.07442,-0.10678,-0.14337,0.29197,-0.16132,-0.01002,-0.27622,-0.06167,-0.384,0,-0.17162,-0.16448,-2.01405,-0.80615,-0.43013,-0.49038,-0.0226,-0.0019,0.0621,1.69875,-1.98014,0.38717,-0.37478,-0.0985,0.20986,-0.33125,0.4774,0.07577,-0.01829,0.00365,0.00101,-0.0031,0.38674,-0.78458,2.33888,0.19271,0.1458,0.06421
44.54,0.0379,0.05859,0.07278,-0.08239,-0.1487,0.27291,-0.10504,0.00472,-0.31392,-0.0749,-0.384,0,-0.21813,-0.184,-2.20916,-0.85723,-0.48155,-0.53679,-0.06393,0.02785,0.08397,1.77716,-1.997,0.53278,-0.47633,-0.06504,0.20375,-0.30826,0.48367,0.07559,-0.0166,-0.00053,-0.00076,-0.1995,0.41956,-0.87566,2.49663,0.16372,0.1393,0.06215
44.56,0.02208,0.05558,0.071,-0.0558,-0.15359,0.25244,-0.05067,0.01705,-0.34685,-0.08078,-0.384,0,-0.25562,-0.22793,-2.3554,-0.87434,-0.5356,-0.58949,-0.11139,0.05406,0.10934,1.83202,-1.998,0.70985,-0.59528,-0.02628,0.19705,-0.285,0.48463,0.07383,-0.0148,-0.00467,-0.00256,-0.39043,0.45734,-0.9479,2.60251,0.13999,0.12571,0.05631
44.58,0.00632,0.05251,0.06924,-0.02668,-0.15756,0.23155,0.00077,0.02607,-0.37365,-0.08061,-0.384,0,-0.2854,-0.29496,-2.44733,-0.85865,-0.58866,-0.64393,-0.16154,0.07654,0.1394,1.85309,-1.97598,0.9148,-0.72638,0.01372,0.18953,-0.26241,0.48152,0.07052,-0.01292,-0.00883,-0.00442,-0.57172,0.49799,-1.00149,2.65477,0.12172,0.10602,0.04719
44.6,-0.00908,0.0495,0.06779,0.0049,-0.16034,0.21132,0.04835,0.03093,-0.39267,-0.07616,-0.384,0,-0.30899,-0.38151,-2.48118,-0.81398,-0.63439,-0.69326,-0.20825,0.09504,0.17433,1.82956,-1.92481,1.13797,-0.86014,0.04825,0.18122,-0.2416,0.47547,0.06582,-0.01097,-0.01301,-0.00633,-0.73804,0.5376,-1.03863,2.65393,0.10853,0.08231,0.03584
44.62,-0.02377,0.04666,0.06693,0.03866,-0.16183,0.1928,0.09126,0.03093,-0.40226,-0.06938,-0.384,0,-0.32796,-0.4825,-2.45467,-0.74567,-0.66518,-0.72955,-0.24429,0.10937,0.21354,1.75054,-1.83943,1.3649,-0.98425,0.06966,0.17237,-0.22374,0.46726,0.05987,-0.00899,-0.01715,-0.00824,-0.88362,0.57137,-1.06232,2.60185,0.09974,0.05719,0.02363
44.64,-0.03746,0.04405,0.067,0.07445,-0.16198,0.17674,0.12895,0.02567,-0.4013,-0.06198,-0.384,0,-0.34386,-0.59267,-2.3678,-0.65923,-0.67449,-0.7456,-0.26386,0.1196,0.25606,1.60618,-1.71603,1.57892,-1.08612,0.07216,0.16326,-0.20978,0.45714,0.05276,-0.007,-0.02121,-0.01013,-1.00417,0.59524,-1.07503,2.50104,0.0945,0.03295,0.01172
44.66,-0.05003,0.04165,0.06826,0.11241,-0.1608,0.1634,0.16124,0.01527,-0.38964,-0.05509,-0.384,0,-0.35818,-0.70705,-2.22377,-0.55971,-0.65857,-0.73637,-0.26427,0.12625,0.30062,1.3892,-1.55278,1.76233,-1.15442,0.05368,0.15407,-0.20028,0.44466,0.04447,-0.00503,-0.02511,-0.01195,-1.09798,0.60686,-1.07776,2.35472,0.09192,0.01101,0.00089
44.68,-0.06134,0.03939,0.07095,0.15267,-0.15828,0.15263,0.18798,0.00041,-0.36823,-0.04932,-0.384,0,-0.3722,-0.82023,-2.03013,-0.45228,-0.61683,-0.69921,-0.2464,0.13026,0.34542,1.09652,-1.35099,1.89504,-1.17872,0.01651,0.14493,-0.19547,0.42869,0.03494,-0.00309,-0.02876,-0.01364,-1.16531,0.60575,-1.06975,2.16779,0.09113,-0.00799,-0.00853
44.7,-0.07124,0.03719,0.07524,0.19516,-0.15447,0.14402,0.2089,-0.01761,-0.33911,-0.0448,-0.384,0,-0.38686,-0.92572,-1.79911,-0.34273,-0.5517,-0.63378,-0.21418,0.13284,0.38778,0.7306,-1.11586,1.95412,-1.14928,-0.03316,0.13604,-0.19533,0.40768,0.02411,-0.00123,-0.032,-0.01513,-1.20751,0.593,-1.04867,1.94744,0.09135,-0.024,-0.01648
44.72,-0.07952,0.03492,0.08126,0.23955,-0.14945,0.13697,0.2236,-0.03716,-0.30491,-0.04129,-0.32407,0,-0.40268,-1.01655,-1.54535,-0.23685,-0.46765,-0.54174,-0.17327,0.13505,0.42442,0.29924,-0.85497,1.91736,-1.05842,-0.08705,0.12763,-0.19959,0.38,0.01195,0.0005,-0.03468,-0.01634,-1.22635,0.57063,-1.0116,1.70206,0.09185,-0.03731,-0.02309
44.74,-0.08599,0.03251,0.08907,0.28549,-0.14339,0.13076,0.23191,-0.05663,-0.26827,-0.03832,-0.25407,0,-0.41965,-1.08686,-1.28226,-0.13904,-0.36988,-0.42632,-0.12912,0.13732,0.45196,-0.18558,-0.57545,1.76976,-0.90306,-0.13742,0.12002,-0.20775,0.34455,-0.00156,0.00205,-0.03668,-0.01723,-1.22376,0.54081,-0.95653,1.43905,0.09196,-0.04831,-0.02852
44.76,-0.09057,0.02988,0.09862,0.33256,-0.13663,0.12457,0.23404,-0.07464,-0.2315,-0.0353,-0.18353,0,-0.43718,-1.13274,-1.02036,-0.05162,-0.26384,-0.29258,-0.08585,0.1391,0.46722,-0.70656,-0.28305,1.50868,-0.68724,-0.17874,0.11357,-0.21895,0.30124,-0.01636,0.00337,-0.038,-0.01779,-1.2017,0.50543,-0.88357,1.16429,0.09115,-0.05739,-0.03296
44.78,-0.09324,0.02702,0.1097,0.37995,-0.12965,0.11758,0.23063,-0.08994,-0.19677,-0.03153,-0.11506,0,-0.45388,-1.15203,-0.76883,0.02458,-0.15577,-0.14832,-0.04626,0.13873,0.46713,-1.237,0.01597,1.14684,-0.42413,-0.20777,0.10879,-0.23192,0.25143,-0.03223,0.00442,-0.03871,-0.01807,-1.16221,0.46625,-0.79584,0.884,0.08891,-0.06473,-0.03648
44.8,-0.09398,0.024,0.1219,0.42611,-0.12319,0.10902,0.22261,-0.10131,-0.16633,-0.02626,-0.05156,0,-0.46759,-1.14382,-0.5373,0.0895,-0.05327,-0.00458,-0.01222,0.13362,0.44873,-1.73891,0.31284,0.71208,-0.1362,-0.2231,0.10634,-0.24495,0.19808,-0.04866,0.00513,-0.03899,-0.01816,-1.10747,0.42508,-0.69945,0.60654,0.08489,-0.07031,-0.03904
44.82,-0.09279,0.02091,0.13459,0.46899,-0.11796,0.09827,0.21106,-0.10769,-0.14222,-0.01886,0.00403,0,-0.47582,-1.10832,-0.33494,0.14342,0.03588,0.12644,0.01517,0.12099,0.40975,-2.16997,0.59711,0.24099,0.14956,-0.22471,0.1068,-0.25615,0.14492,-0.06498,0.00546,-0.03901,-0.01815,-1.03969,0.38365,-0.60203,0.34149,0.07884,-0.07396,-0.04055
44.84,-0.08973,0.01786,0.14706,0.50651,-0.11443,0.08501,0.19698,-0.10847,-0.12563,-0.00903,0.04959,0,-0.47647,-1.04691,-0.16795,0.1869,0.10586,0.23487,0.03551,0.09901,0.34965,-2.49635,0.85908,-0.23137,0.40949,-0.21362,0.11042,-0.26392,0.09531,-0.08048,0.00536,-0.03893,-0.01812,-0.96094,0.34323,-0.51005,0.09704,0.07068,-0.07553,-0.04093
44.86,-0.08494,0.01491,0.15855,0.5368,-0.1126,0.06937,0.18113,-0.10371,-0.11654,0.00308,0.08426,0,-0.46837,-0.96255,-0.03815,0.22065,0.15409,0.31531,0.04904,0.06763,0.27059,-2.70064,1.0908,-0.67687,0.62781,-0.19171,0.11679,-0.26715,0.05141,-0.0945,0.00488,-0.03878,-0.01809,-0.87326,0.30453,-0.42748,-0.12108,0.06062,-0.07503,-0.04018
44.88,-0.0787,0.01213,0.16815,0.55799,-0.11198,0.05203,0.1642,-0.09422,-0.11368,0.01669,0.10824,0,-0.45145,-0.86037,0.05615,0.24516,0.18113,0.36668,0.05651,0.02903,0.17816,-2.78199,1.28437,-1.07227,0.79603,-0.1618,0.12485,-0.26529,0.01446,-0.10636,0.00407,-0.0385,-0.01802,-0.7794,0.26793,-0.35593,-0.30815,0.04917,-0.07262,-0.03841
44.9,-0.07142,0.00958,0.17476,0.56803,-0.11164,0.0343,0.14682,-0.08147,-0.11478,0.03038,0.1224,0,-0.42664,-0.74788,0.11881,0.26045,0.18998,0.39116,0.05898,-0.01248,0.08147,-2.7525,1.43035,-1.39591,0.91069,-0.12759,0.13284,-0.25829,-0.0149,-0.11525,0.00307,-0.03797,-0.01785,-0.68319,0.23376,-0.29553,-0.45882,0.03722,-0.06862,-0.03584
44.92,-0.06358,0.00736,0.17716,0.56475,-0.11044,0.0178,0.12957,-0.06725,-0.11709,0.04246,0.12797,0,-0.39538,-0.63349,0.15476,0.26619,0.18493,0.39278,0.05762,-0.05147,-0.00874,-2.63133,1.51866,-1.62836,0.9716,-0.09313,0.1387,-0.24633,-0.03642,-0.1203,0.00202,-0.03697,-0.01746,-0.58882,0.20232,-0.2454,-0.56755,0.02583,-0.0634,-0.03268
44.94,-0.05554,0.00549,0.17432,0.54627,-0.1073,0.00391,0.11278,-0.05315,-0.11798,0.05141,0.12623,0,-0.35894,-0.52401,0.16914,0.26203,0.17026,0.37593,0.05353,-0.0831,-0.08317,-2.43752,1.54122,-1.75579,0.98067,-0.0618,0.14055,-0.22961,-0.05026,-0.12079,0.00106,-0.03529,-0.01674,-0.49936,0.17356,-0.20392,-0.63051,0.01589,-0.05728,-0.02915
44.96,-0.04749,0.00399,0.16553,0.51135,-0.10135,-0.0065,0.09648,-0.04024,-0.11545,0.05622,0.11839,0,-0.31802,-0.42334,0.16679,0.24791,0.14951,0.34448,0.04757,-0.10411,-0.13586,-2.18606,1.49389,-1.77214,0.9412,-0.03575,0.13704,-0.20824,-0.05694,-0.11632,0.00027,-0.03279,-0.01561,-0.41599,0.14702,-0.16902,-0.64677,0.00793,-0.05046,-0.02537
44.98,-0.0395,0.00281,0.15055,0.45964,-0.0921,-0.01312,0.08054,-0.02911,-0.10823,0.05646,0.10558,0,-0.273,-0.33288,0.15201,0.22421,0.1253,0.30165,0.04042,-0.11294,-0.16418,-1.88841,1.37696,-1.67913,0.85773,-0.01603,0.12746,-0.18236,-0.05728,-0.10679,-0.00029,-0.02937,-0.01403,-0.33847,0.12201,-0.13855,-0.61829,0.00217,-0.04305,-0.02141
45,-0.03152,0.00164,0.13556,0.40792,-0.08285,-0.01973,0.06459,-0.01797,-0.10101,0.05669,0.09277,0,-0.22798,-0.24242,0.13724,0.2005,0.1011,0.25882,0.03327,-0.12177,-0.19249,-1.59076,1.26003,-1.58612,0.77426,0.00369,0.11789,-0.15648,-0.05762,-0.09726,-0.00085,-0.02594,-0.01244,-0.26094,0.097,-0.10809,-0.58981,-0.00359,-0.03564,-0.01745
