T,J1,J2,J3,J4,J5,J6,J7,J8,J9,J10,J11,J12,J13,J14,J15,J16,J17,J18,J19,J20,J21,J22,J23,J24,J25,J26,J27,J28,J29,J30,J31,J32,J33,J34,J35,J36,J37,J38,J39,J40
0,0.01594,0.00111,0.00141,-0.12192,0,-0.017,-0.02013,0.00058,0.18255,-0.02767,0.03591,-0.06529,0.05789,-0.06329,-0.07275,-0.11167,-0.3133,0.06338,-0.05877,-0.0627,-0.00114,0.409,-0.26082,-0.00854,-0.06159,-0.06142,0.05063,0.45429,7.25968,-0.0124,-1.21566,-1.73185,-7.47226,0.04881,0.01383,0.20839,-0.0886,0.04732,0.06681,-0.11801
0.02,0.01763,0.00096,0.00137,-0.13601,0,-0.01939,-0.02102,0.00166,0.19306,-0.04316,0.03704,-0.06517,0.13947,-0.07147,-0.04624,-0.13379,-0.35299,0.0715,-0.05623,-0.06697,-0.0028,0.40245,-0.26508,0.10302,-0.02793,-0.08109,0.05266,0.47049,7.50912,-0.01022,-1.26236,-1.80682,-7.71823,0.04971,0.0154,0.22008,-0.08998,0.05091,0.06695,-0.11757
0.04,0.01987,0.00069,0.00126,-0.15376,0,-0.02242,-0.0214,0.00303,0.20395,-0.06477,0.03804,-0.06341,0.27372,-0.08129,0.01627,-0.15787,-0.3964,0.08957,-0.05179,-0.06224,-0.00637,0.36442,-0.25377,0.25508,0.02402,-0.10655,0.05476,0.4824,7.6861,-0.00717,-1.30096,-1.87719,-7.88539,0.05023,0.01736,0.23285,-0.09031,0.05507,0.06587,-0.11474
0.06,0.02268,0.00028,0.00111,-0.17412,0,-0.02594,-0.02087,0.00456,0.21387,-0.09284,0.03883,-0.05966,0.46813,-0.09279,0.12327,-0.18184,-0.43993,0.12021,-0.04498,-0.04514,-0.01239,0.28489,-0.22076,0.44802,0.09697,-0.13723,0.05676,0.4863,7.7322,-0.00337,-1.3227,-1.93211,-7.91425,0.05033,0.01961,0.24532,-0.08926,0.0595,0.06329,-0.10901
0.08,0.02603,-0.00029,0.00094,-0.19574,0,-0.02973,-0.01896,0.00607,0.22128,-0.12715,0.03935,-0.05363,0.72928,-0.10577,0.2843,-0.20264,-0.47839,0.16651,-0.03546,-0.01149,-0.02141,0.15291,-0.15912,0.67798,0.19276,-0.17188,0.05853,0.47825,7.58495,0.00095,-1.3183,-1.96022,-7.74154,0.04998,0.02197,0.25606,-0.08656,0.06383,0.05903,-0.10003
0.1,0.02991,-0.00102,0.00074,-0.2173,0,-0.03355,-0.01524,0.00734,0.2249,-0.16694,0.03959,-0.04519,1.06275,-0.1197,0.51025,-0.21621,-0.50534,0.23219,-0.0233,0.04391,-0.03407,-0.04287,-0.06148,0.93575,0.31176,-0.20849,0.05999,0.45501,7.19373,0.00543,-1.28051,-1.95325,-7.31648,0.04928,0.02431,0.26398,-0.08218,0.06774,0.05309,-0.08786
0.12,0.03426,-0.00194,0.00054,-0.23773,0,-0.03718,-0.00936,0.00817,0.22388,-0.21077,0.03965,-0.03439,1.47257,-0.13363,0.81284,-0.21745,-0.5133,0.32155,-0.00912,0.12722,-0.05098,-0.31345,0.07947,1.20582,0.45235,-0.24438,0.06121,0.41481,6.53161,0.0096,-1.2058,-1.90776,-6.61283,0.04844,0.0265,0.26868,-0.07637,0.07099,0.04572,-0.07306
0.14,0.03908,-0.00301,0.00031,-0.25626,0,-0.04041,-0.00108,0.00835,0.21796,-0.25657,0.03965,-0.02148,1.96,-0.1462,1.20357,-0.2002,-0.49418,0.43901,0.00584,0.24532,-0.07269,-0.66857,0.27047,1.46594,0.61023,-0.27627,0.06242,0.35779,5.6025,0.01293,-1.09498,-1.82527,-5.63603,0.04776,0.02845,0.27042,-0.06963,0.07344,0.03741,-0.0566
0.16,0.04435,-0.00421,4e-05,-0.27247,0,-0.04308,0.00965,0.00769,0.20743,-0.30166,0.03971,-0.00684,2.52208,-0.15549,1.69204,-0.15736,-0.43957,0.58843,0.01966,0.40533,-0.0996,-1.11581,0.51712,1.68724,0.77787,-0.30041,0.06401,0.28621,4.44351,0.01482,-0.95299,-1.71104,-4.42547,0.04763,0.03012,0.26999,-0.06264,0.07504,0.02876,-0.03976
0.18,0.05007,-0.00548,-0.0003,-0.28613,0,-0.04509,0.02267,0.00605,0.19306,-0.34289,0.03987,0.00912,3.15,-0.15905,2.28406,-0.08089,-0.34109,0.77213,0.02983,0.6139,-0.13184,-1.65949,0.82334,1.83517,0.94397,-0.31282,0.06652,0.20428,3.12323,0.01468,-0.78815,-1.57222,-3.05247,0.04845,0.03152,0.26845,-0.0561,0.07575,0.02042,-0.0239
0.2,0.05626,-0.00674,-0.00074,-0.2972,0,-0.04636,0.03758,0.00334,0.17591,-0.37673,0.04004,0.02594,3.82767,-0.15387,2.97972,0.03796,-0.1908,0.98978,0.03334,0.87616,-0.1691,-2.29961,1.19087,1.8713,1.09311,-0.30959,0.07054,0.11785,1.7358,0.012,-0.61107,-1.41611,-1.6141,0.05055,0.03265,0.26679,-0.05061,0.07554,0.01298,-0.01019
0.22,0.06293,-0.0079,-0.00128,-0.30561,0,-0.04688,0.05375,-0.00046,0.15723,-0.39949,0.03993,0.0432,4.53076,-0.13651,3.77162,0.20843,0.01851,1.23707,0.02692,1.19453,-0.21057,-3.03081,1.61886,1.75608,1.20562,-0.28725,0.07667,0.03376,0.39081,0.00633,-0.43339,-1.2489,-0.22284,0.0542,0.03357,0.26567,-0.04662,0.07427,0.00686,0.00053
0.24,0.07009,-0.00885,-0.00195,-0.31122,0,-0.04666,0.07028,-0.00527,0.13835,-0.4075,0.03909,0.06043,5.22632,-0.10321,4.64362,0.4399,0.29312,1.50452,0.00727,1.56729,-0.25473,-3.84146,2.10364,1.45257,1.25776,-0.24315,0.08547,-0.04103,-0.80038,-0.00268,-0.26646,-1.07528,1.00735,0.05958,0.0343,0.26518,-0.04435,0.07175,0.00232,0.00793
0.26,0.0777,-0.00944,-0.00274,-0.31368,0,-0.04573,0.08605,-0.01096,0.12049,-0.39739,0.03689,0.07708,5.87335,-0.05025,5.5703,0.7415,0.63822,1.77631,-0.0286,1.98717,-0.29934,-4.71311,2.63883,0.93072,1.22241,-0.17585,0.09734,-0.10039,-1.74045,-0.01523,-0.12014,-0.89873,1.97701,0.06676,0.03486,0.26468,-0.0439,0.06764,-0.00057,0.01219
0.28,0.08571,-0.00956,-0.00361,-0.31239,0,-0.04412,0.09981,-0.01729,0.10473,-0.36637,0.03263,0.09243,6.42435,0.02576,6.51726,1.12156,1.05778,2.0297,-0.08305,2.44023,-0.34139,-5.62053,3.21566,0.17182,1.07024,-0.08547,0.11248,-0.14,-2.36092,-0.03142,-0.00177,-0.72228,2.61614,0.07578,0.03522,0.26281,-0.04522,0.06155,-0.00185,0.01402
0.3,0.09399,-0.00908,-0.00451,-0.30652,0,-0.04187,0.11022,-0.02398,0.09193,-0.3125,0.02562,0.1056,6.82782,0.12737,7.44243,1.58698,1.55454,2.23494,-0.15756,2.9052,-0.37722,-6.53219,3.82372,-0.8277,0.77143,0.02618,0.13082,-0.15799,-2.63276,-0.0512,0.08447,-0.54925,2.89487,0.0866,0.03532,0.25761,-0.04826,0.05302,-0.00169,0.01452
0.32,0.10234,-0.00791,-0.00538,-0.29508,0,-0.03901,0.11595,-0.03066,0.08266,-0.23504,0.01523,0.11552,7.03153,0.25574,8.29826,2.1425,2.12982,2.35618,-0.25253,3.35362,-0.40274,-7.41159,4.45181,-2.0539,0.29805,0.15565,0.15196,-0.15517,-2.56976,-0.07432,0.13766,-0.38379,2.8269,0.09916,0.03506,0.24677,-0.05295,0.04164,-0.0003,0.01502
0.34,0.11052,-0.00597,-0.00612,-0.27708,0,-0.03558,0.11583,-0.03695,0.07723,-0.13465,0.00106,0.12109,6.98644,0.4101,9.03494,2.78987,2.78341,2.3533,-0.3672,3.75087,-0.41372,-8.21913,5.08913,-3.47483,-0.37312,0.29827,0.17515,-0.13473,-2.22384,-0.10027,0.15986,-0.23073,2.46485,0.11329,0.03434,0.22802,-0.05925,0.02712,0.00203,0.01686
0.36,0.11819,-0.00324,-0.00664,-0.2517,0,-0.03163,0.10895,-0.04245,0.07562,-0.01354,-0.01704,0.12132,6.65123,0.58721,9.60455,3.52695,3.51326,2.18473,-0.49965,4.05832,-0.40625,-8.91491,5.72638,-5.04175,-1.2573,0.44875,0.19931,-0.10154,-1.67369,-0.12824,0.15535,-0.09506,1.88878,0.12873,0.03303,0.19958,-0.0671,0.00941,0.00496,0.02109
0.38,0.12496,0.00023,-0.00685,-0.2185,0,-0.02722,0.0948,-0.04682,0.07758,0.12448,-0.03882,0.11551,5.99717,0.78093,9.96612,4.34698,4.31495,1.81111,-0.64684,4.2364,-0.37715,-9.46232,6.35679,-6.69183,-2.35817,0.60209,0.22309,-0.06122,-1.01002,-0.15704,0.12971,0.01895,1.19136,0.14508,0.03107,0.16059,-0.0764,-0.01123,0.00808,0.02828
0.4,0.13039,0.00435,-0.00669,-0.17756,0,-0.02244,0.07334,-0.04973,0.08257,0.27408,-0.06367,0.1034,5.01273,0.98198,10.09077,5.23766,5.18068,1.1993,-0.80453,4.24839,-0.32436,-9.83187,6.97655,-8.3515,-3.66454,0.75442,0.24489,-0.01924,-0.32105,-0.18515,0.089,0.10852,0.46323,0.16171,0.0284,0.11144,-0.0869,-0.03417,0.01089,0.03835
0.42,0.13403,0.00897,-0.0061,-0.1296,0,-0.01745,0.04505,-0.05095,0.0899,0.4287,-0.09059,0.08528,3.70706,1.178,9.96623,6.18052,6.09771,0.32644,-0.96714,4.06458,-0.24714,-10.00469,7.58407,-9.94007,-5.14746,0.90382,0.263,0.01977,0.31864,-0.21076,0.03902,0.17285,-0.21845,0.17781,0.02505,0.05373,-0.09821,-0.05846,0.01287,0.05063
0.44,0.13542,0.01389,-0.00506,-0.07594,0,-0.01237,0.01092,-0.05031,0.09871,0.58103,-0.11829,0.06196,2.11172,1.35405,9.59999,7.1502,7.04629,-0.81634,-1.12756,3.66632,-0.14612,-9.97529,8.17805,-11.37357,-6.75846,1.05095,0.27576,0.05243,0.85467,-0.23196,-0.01504,0.21314,-0.79679,0.19236,0.02108,-0.00982,-0.1097,-0.0829,0.01345,0.06398
0.46,0.13413,0.01885,-0.00358,-0.01839,0,-0.00737,-0.02767,-0.04773,0.10811,0.72365,-0.14531,0.03467,0.28055,1.49341,9.0211,8.11435,7.99769,-2.22077,-1.277,3.04968,-0.02315,-9.75334,8.75479,-12.56905,-8.42938,1.19943,0.28163,0.07671,1.25461,-0.24689,-0.06885,0.23227,-1.23729,0.20418,0.01659,-0.07594,-0.12049,-0.10622,0.01212,0.07708
0.48,0.12978,0.0236,-0.00168,0.04093,0,-0.0026,-0.06904,-0.04315,0.11726,0.84977,-0.17019,0.00489,-1.71201,1.5789,8.28048,9.03407,8.91309,-3.85902,-1.40501,2.22819,0.11878,-9.36448,9.30544,-13.44945,-10.07404,1.35589,0.27941,0.09183,1.50641,-0.25406,-0.11889,0.23419,-1.52651,0.21197,0.01169,-0.14121,-0.12949,-0.12725,0.00845,0.08875
0.5,0.12211,0.02789,0.00058,0.09977,0,0.00183,-0.11141,-0.03656,0.12539,0.95392,-0.1916,-0.02583,-3.77415,1.59438,7.44941,9.86527,9.74386,-5.6823,-1.49998,1.23382,0.27555,-8.84969,9.81381,-13.94881,-11.59218,1.52952,0.26837,0.09801,1.61466,-0.25246,-0.16237,0.22329,-1.66853,0.21449,0.00647,-0.20265,-0.13543,-0.14503,0.00223,0.09815
0.52,0.11095,0.03149,0.00314,0.15595,0,0.00584,-0.15296,-0.02798,0.13188,1.03238,-0.20853,-0.05605,-5.80153,1.52652,6.61533,10.56047,10.43374,-7.62081,-1.55004,0.11545,0.44179,-8.26231,10.25503,-14.01724,-12.8756,1.73098,0.24828,0.09623,1.59603,-0.24177,-0.19711,0.20382,-1.68036,0.21057,0.00102,-0.25787,-0.13704,-0.15893,-0.0065,0.10491
0.54,0.09629,0.03419,0.00593,0.20746,0,0.00937,-0.19202,-0.01738,0.13628,1.08342,-0.22031,-0.08463,-7.68396,1.36654,5.87464,11.0714,10.92289,-9.5856,-1.54445,-1.06571,0.61047,-7.66247,10.59542,-13.62519,-13.81657,1.97068,0.21946,0.08791,1.47471,-0.22233,-0.22157,0.17947,-1.58711,0.19933,-0.00458,-0.30524,-0.13315,-0.1686,-0.01741,0.10903
0.56,0.07822,0.03585,0.00885,0.25265,0,0.0124,-0.22715,-0.00473,0.1383,1.10724,-0.22667,-0.11085,-9.31361,1.11196,5.32296,11.3521,11.15368,-11.47243,-1.47526,-2.24299,0.77255,-7.1096,10.79352,-12.76699,-14.31791,2.25647,0.18272,0.07471,1.27832,-0.19511,-0.23479,0.15321,-1.4176,0.18021,-0.01025,-0.34367,-0.12292,-0.17386,-0.02984,0.11064
0.58,0.05698,0.03635,0.01181,0.29025,0,0.01493,-0.25724,0.01006,0.13779,1.10588,-0.22772,-0.13441,-10.59422,0.76805,5.04414,11.36257,11.07743,-13.16743,-1.33903,-3.35246,0.91662,-6.65415,10.80254,-11.46356,-14.30375,2.59114,0.13924,0.05835,1.03467,-0.16152,-0.23647,0.12717,-1.20059,0.15316,-0.01589,-0.37244,-0.10601,-0.17466,-0.04282,0.10977
0.6,0.03294,0.03567,0.0147,0.31948,0,0.01697,-0.28163,0.02705,0.1347,1.08287,-0.22383,-0.1554,-11.44983,0.34885,5.09956,11.07222,10.66072,-14.55421,-1.13806,-4.34055,1.0288,-6.33014,10.57375,-9.76331,-13.7288,2.9699,0.0905,0.04041,0.76933,-0.12329,-0.22701,0.10272,-0.96214,0.11864,-0.02139,-0.39096,-0.08272,-0.17089,-0.05516,0.10613
0.62,0.00657,0.03379,0.01742,0.34,0,0.01855,-0.30007,0.04629,0.12914,1.04288,-0.21552,-0.17412,-11.83185,-0.12269,5.51869,10.46241,9.88983,-15.52154,-0.88066,-5.17002,1.09311,-6.14918,10.0601,-7.7401,-12.58416,3.37831,0.03817,0.02232,0.50415,-0.08229,-0.20745,0.08062,-0.72384,0.07764,-0.02661,-0.39873,-0.05398,-0.16245,-0.06553,0.09913
0.64,-0.02152,0.03079,0.01988,0.35189,0,0.01971,-0.31282,0.06768,0.12129,0.99122,-0.20321,-0.19074,-11.7237,-0.6156,6.29185,9.52738,8.77229,-15.97152,-0.58049,-5.82342,1.0923,-6.09699,9.21985,-5.48752,-10.89834,3.79089,-0.01604,0.00522,0.2564,-0.04036,-0.17938,0.06114,-0.502,0.03164,-0.03143,-0.39534,-0.02128,-0.14918,-0.07267,0.08793
0.66,-0.05064,0.02675,0.02198,0.35554,0,0.02058,-0.32051,0.09093,0.11146,0.93327,-0.18703,-0.20498,-11.14306,-1.09282,7.36594,8.27413,7.33612,-15.82796,-0.25484,-6.30399,1.00916,-6.13239,8.02026,-3.11014,-8.73433,4.17101,-0.07044,-0.01005,0.03852,0.00085,-0.14471,0.0442,-0.30761,-0.01757,-0.03577,-0.38067,0.01354,-0.131,-0.07555,0.07184
0.68,-0.08003,0.02179,0.02363,0.35156,0,0.02128,-0.32414,0.11544,0.10002,0.87394,-0.16662,-0.21582,-10.14222,-1.51377,8.64344,6.72177,5.62736,-15.04493,0.0774,-6.63439,0.82837,-6.18925,6.4415,-0.71338,-6.18406,4.47233,-0.12347,-0.02296,-0.14173,0.04002,-0.10546,0.02954,-0.14674,-0.06804,-0.03961,-0.3551,0.04855,-0.10802,-0.07358,0.05054
0.7,-0.10885,0.01607,0.02477,0.34074,0,0.02204,-0.32492,0.14031,0.08742,0.81719,-0.14114,-0.22136,-8.806,-1.83741,9.98572,4.90085,3.70693,-13.61415,0.39768,-6.85326,0.53841,-6.18137,4.48073,1.60611,-3.36181,4.64244,-0.17379,-0.0333,-0.28087,0.07623,-0.06356,0.0168,-0.02137,-0.11781,-0.04302,-0.31971,0.08194,-0.08062,-0.06673,0.02444
0.72,-0.13626,0.00974,0.02533,0.32395,0,0.02307,-0.32416,0.16431,0.0741,0.7656,-0.10944,-0.21898,-7.24667,-2.02537,11.22106,2.85258,1.64674,-11.56968,0.68927,-7.00945,0.13351,-6.01026,2.15567,3.7684,-0.39705,4.62867,-0.22031,-0.04111,-0.37898,0.10904,-0.02078,0.00567,0.06975,-0.16508,-0.04611,-0.27631,0.11224,-0.04957,-0.05556,-0.00531
0.74,-0.16141,0.003,0.02527,0.30213,0,0.02459,-0.3231,0.18604,0.06045,0.72011,-0.07039,-0.20575,-5.59534,-2.04512,12.15775,0.62766,-0.47487,-8.98861,0.93797,-7.15441,-0.38459,-5.57551,-0.4928,5.71576,2.57328,4.38579,-0.26219,-0.04657,-0.43893,0.13841,0.02136,-0.00413,0.13018,-0.20827,-0.04899,-0.22731,0.13839,-0.01598,-0.04114,-0.03692
0.76,-0.18347,-0.00394,0.0245,0.27625,0,0.02672,-0.32262,0.20402,0.04669,0.67976,-0.02337,-0.17908,-3.99032,-1.87298,12.60182,-1.71514,-2.57832,-5.98793,1.13227,-7.33332,-1.00549,-4.78708,-3.39944,7.41563,5.4128,3.88473,-0.29884,-0.04994,-0.46556,0.16467,0.06149,-0.01271,0.16492,-0.24606,-0.0517,-0.1754,0.15976,0.01877,-0.02484,-0.06825
0.78,-0.2017,-0.01087,0.02298,0.24737,0,0.02945,-0.32316,0.21689,0.03274,0.64175,0.03127,-0.1374,-2.56394,-1.49703,12.37774,-4.11042,-4.58831,-2.71817,1.26306,-7.57669,-1.70943,-3.57816,-6.47479,8.86084,7.99379,3.12058,-0.32989,-0.05144,-0.46493,0.18844,0.09839,-0.02011,0.1797,-0.27745,-0.0541,-0.12325,0.17613,0.05312,-0.00817,-0.09729
0.8,-0.21547,-0.01753,0.02062,0.21664,0,0.03262,-0.32452,0.22358,0.01815,0.60163,0.09197,-0.0808,-1.42911,-0.91955,11.34993,-6.48753,-6.43927,0.64577,1.3232,-7.89367,-2.46754,-1.91687,-9.60697,10.06657,10.20453,2.11775,-0.35519,-0.05119,-0.44364,0.21045,0.1309,-0.02622,0.1804,-0.30172,-0.0559,-0.07316,0.18763,0.08551,0.00751,-0.12246
0.82,-0.22432,-0.02368,0.01737,0.18537,0,0.03589,-0.32587,0.22336,0.00206,0.55376,0.15589,-0.01127,-0.66701,-0.15856,9.44203,-8.77168,-8.08024,3.91669,1.30698,-8.2682,-3.2431,0.18532,-12.66543,11.06373,11.95567,0.93024,-0.37469,-0.04918,-0.40836,0.23141,0.15795,-0.03087,0.17253,-0.31846,-0.05661,-0.02695,0.19461,0.11447,0.02107,-0.1429
0.84,-0.22795,-0.02908,0.01317,0.15506,0,0.03881,-0.3258,0.21585,-0.01686,0.49199,0.21931,0.06725,-0.31678,0.75189,6.65192,-10.88545,-9.4791,6.91013,1.20983,-8.65873,-3.99406,2.66965,-15.50725,11.88922,13.18518,-0.36384,-0.38843,-0.04534,-0.36545,0.25182,0.17862,-0.03384,0.16089,-0.32747,-0.05567,0.01405,0.19757,0.1388,0.0317,-0.15849
0.86,-0.22626,-0.03354,0.00805,0.12743,0,0.04091,-0.32247,0.20102,-0.04028,0.41054,0.27819,0.14935,-0.3684,1.76268,3.06087,-12.75097,-10.6255,9.46124,1.02818,-9.00147,-4.6765,5.43128,-17.98603,12.57465,13.86229,-1.67238,-0.39643,-0.03956,-0.32072,0.27177,0.1923,-0.03498,0.14931,-0.32876,-0.05251,0.04888,0.19705,0.15764,0.03895,-0.16971
0.88,-0.21932,-0.03691,0.00207,0.10432,0,0.0418,-0.31382,0.17907,-0.07011,0.3049,0.32888,0.22867,-0.75996,2.81212,-1.16456,-14.29333,-11.53193,11.44113,0.75971,-9.21701,-5.24869,8.32537,-19.96289,13.13646,13.98999,-2.90183,-0.39865,-0.03185,-0.27921,0.29084,0.19879,-0.03422,0.14044,-0.32249,-0.04674,0.07675,0.19352,0.17054,0.04262,-0.17747
0.9,-0.20744,-0.0391,-0.00459,0.08765,0,0.04123,-0.29787,0.15041,-0.10822,0.17264,0.36869,0.29869,-1.38151,3.82973,-5.7799,-15.44493,-12.23149,12.76978,0.40391,-9.21957,-5.6749,11.1778,-21.31819,13.56962,13.60535,-3.96905,-0.39495,-0.02236,-0.24502,0.30801,0.19845,-0.03161,0.1357,-0.30898,-0.03827,0.09693,0.18737,0.17753,0.04274,-0.18279
0.92,-0.19111,-0.04011,-0.01168,0.07912,0,0.03916,-0.27289,0.11573,-0.1561,0.01396,0.39617,0.35331,-2.08662,4.74163,-10.4816,-16.15048,-12.77106,13.42235,-0.03703,-8.92786,-5.92826,13.80037,-21.9622,13.84701,12.77634,-4.81027,-0.38509,-0.01148,-0.22109,0.32169,0.19218,-0.02742,0.13526,-0.28865,-0.02731,0.1087,0.17882,0.17905,0.03951,-0.18662
0.94,-0.17097,-0.04002,-0.01882,0.07998,0,0.03572,-0.23768,0.07599,-0.2144,-0.16808,0.41095,0.3875,-2.7118,5.4771,-14.93767,-16.37216,-13.20005,13.42797,-0.55721,-8.27673,-5.99243,16.00983,-21.84382,13.92464,11.59465,-5.38584,-0.36875,0.00022,-0.20895,0.32984,0.18134,-0.02203,0.13818,-0.2621,-0.01443,0.11148,0.16794,0.17588,0.03327,-0.18964
0.96,-0.14779,-0.03895,-0.02561,0.09065,0,0.0312,-0.19162,0.0326,-0.28253,-0.36769,0.41341,0.3977,-3.10119,5.9762,-18.82673,-16.09491,-13.55658,12.86213,-1.14574,-7.22828,-5.86202,17.64914,-20.95701,13.75192,10.16565,-5.68113,-0.34557,0.01203,-0.20846,0.33022,0.16752,-0.01598,0.1426,-0.23,-0.00044,0.1051,0.15467,0.16902,0.02452,-0.19216
0.98,-0.12242,-0.03704,-0.0316,0.11038,0,0.02592,-0.13489,-0.01256,-0.35821,-0.5768,0.40407,0.38217,-3.13179,6.19703,-21.87866,-15.33109,-13.85469,11.83508,-1.78555,-5.78116,-5.54238,18.60775,-19.34492,13.28459,8.59749,-5.7045,-0.31523,0.02317,-0.21764,0.32066,0.15235,-0.00988,0.14603,-0.19322,0.0137,0.09002,0.1388,0.15952,0.01394,-0.1941
1,-0.09571,-0.03445,-0.03634,0.13704,0,0.02024,-0.06846,-0.05702,-0.43731,-0.78563,0.38315,0.34112,-2.73353,6.12131,-23.90822,-14.12344,-14.0762,10.47859,-2.45218,-3.9756,-5.04876,18.83653,-17.10036,12.49672,6.99151,-5.48351,-0.27757,0.0329,-0.23268,0.29937,0.13725,-0.00435,0.14571,-0.15271,0.02701,0.06758,0.12009,0.14838,0.00238,-0.19491
1.02,-0.06852,-0.03135,-0.03943,0.16706,0,0.01441,0.00593,-0.09787,-0.5139,-0.98352,0.35031,0.27671,-1.89942,5.7568,-24.83388,-12.54436,-14.16976,8.93245,-3.11286,-1.89227,-4.40488,18.35316,-14.36075,11.38875,5.43491,-5.05993,-0.23265,0.0406,-0.24828,0.26524,0.1233,2e-05,0.139,-0.10964,0.03858,0.04,0.09828,0.13649,-0.00913,-0.19365
1.04,-0.04168,-0.02787,-0.04054,0.19568,0,0.00865,0.0858,-0.13195,-0.58067,-1.15971,0.30469,0.19276,-0.68354,5.13571,-24.67854,-10.69067,-14.0581,7.33143,-3.72623,0.35605,-3.64078,17.23629,-11.29686,9.98953,3.99632,-4.48411,-0.18092,0.04576,-0.25825,0.21807,0.11123,0.00271,0.12379,-0.06526,0.04763,0.01023,0.07322,0.12452,-0.01942,-0.18893
1.06,-0.0159,-0.02416,-0.03945,0.21733,0,0.00308,0.16815,-0.1562,-0.62962,-1.30435,0.24519,0.09436,0.81158,4.30995,-23.55485,-8.67474,-13.65228,5.79389,-4.24325,2.63841,-2.79035,15.61062,-8.09647,8.3529,2.72406,-3.80946,-0.12321,0.04804,-0.25638,0.15867,0.10139,0.0033,0.09894,-0.02096,0.05354,-0.01844,0.04488,0.11303,-0.02726,-0.179
1.08,0.00815,-0.02037,-0.03607,0.22626,0,-0.00223,0.24967,-0.16802,-0.653,-1.40944,0.17094,-0.01264,2.4539,3.34431,-21.64104,-6.61402,-12.86995,4.41283,-4.60967,4.8223,-1.88887,13.62737,-4.9465,6.55086,1.64655,-3.08758,-0.06083,0.04725,-0.23744,0.08895,0.0939,0.00153,0.0646,0.02185,0.05586,-0.04276,0.0135,0.1024,-0.03146,-0.16185
1.1,0.02996,-0.01665,-0.03042,0.21722,0,-0.00722,0.32698,-0.16569,-0.64434,-1.46954,0.08189,-0.12207,4.10246,2.30923,-19.15378,-4.62091,-11.65328,3.25063,-4.7705,6.78905,-0.97098,11.44475,-2.0166,4.66526,0.77447,-2.3646,0.00438,0.04335,-0.19801,0.01193,0.08869,-0.00273,0.02236,0.06172,0.05434,-0.05998,-0.0204,0.09297,-0.03102,-0.13544
1.12,0.04907,-0.01316,-0.02272,0.18618,0,-0.01182,0.39685,-0.14865,-0.59942,-1.48236,-0.02084,-0.22792,5.62537,1.27386,-16.32201,-2.79425,-9.98258,2.33781,-4.6767,8.44497,-0.06926,9.21153,0.5534,2.77942,0.10389,-1.67905,0.07012,0.03646,-0.13706,-0.06847,0.08563,-0.00945,-0.02479,0.09728,0.04893,-0.06811,-0.05592,0.08499,-0.02526,-0.09809
1.14,0.06513,-0.01006,-0.01332,0.13094,0,-0.01594,0.4565,-0.11761,-0.51702,-1.44879,-0.13457,-0.32461,6.91326,0.30004,-13.36434,-1.21295,-7.88298,1.67575,-4.29335,9.72713,0.78682,7.05524,2.66135,0.97049,-0.38004,-1.06095,0.13366,0.02684,-0.05626,-0.14762,0.08453,-0.0184,-0.07277,0.12722,0.03979,-0.06607,-0.09181,0.07867,-0.01397,-0.04897
1.16,0.07785,-0.00749,-0.0027,0.05175,0,-0.01945,0.50372,-0.07457,-0.39953,-1.37277,-0.25508,-0.40733,7.88761,-0.56246,-10.4714,0.06812,-5.42427,1.24242,-3.60848,10.60405,1.57153,5.07531,4.24624,-0.69702,-0.69948,-0.53204,0.19202,0.01493,0.04026,-0.22059,0.08514,-0.02922,-0.11698,0.15038,0.02735,-0.05364,-0.12644,0.07419,0.00251,0.01144
1.18,0.08698,-0.00559,0.0085,-0.04843,0,-0.0222,0.53716,-0.02272,-0.25316,-1.26086,-0.37665,-0.47219,8.50448,-1.27938,-7.79406,1.0202,-2.71525,0.99984,-2.64054,11.07302,2.26334,3.34056,5.28815,-2.17588,-0.88049,-0.10684,0.24214,0.00132,0.14627,-0.28261,0.08714,-0.04138,-0.15287,0.1658,0.0123,-0.03137,-0.15791,0.07161,0.02318,0.08087
1.2,0.09232,-0.00444,0.01961,-0.16387,0,-0.02405,0.55634,0.03383,-0.08771,-1.12167,-0.49238,-0.5164,8.75436,-1.83363,-5.4377,1.64056,0.10575,0.90177,-1.44196,11.15548,2.84528,1.89029,5.80524,-3.43859,-0.95022,0.206,0.28115,-0.01322,0.25409,-0.3295,0.09008,-0.05425,-0.17655,0.17281,-0.00443,-0.00046,-0.18417,0.07087,0.04646,0.15519
1.22,0.09374,-0.00407,0.0299,-0.28642,0,-0.02483,0.56175,0.09031,0.08412,-0.9652,-0.59456,-0.53837,8.65824,-2.22499,-3.46216,1.95038,2.88329,0.90045,-0.09668,10.89132,3.30515,0.73779,5.84829,-4.47714,-0.93476,0.40221,0.30661,-0.02783,0.3553,-0.35809,0.0934,-0.06707,-0.18523,0.17109,-0.02169,0.03734,-0.20322,0.07179,0.07026,0.2286
1.24,0.09119,-0.00443,0.03865,-0.40631,0,-0.02439,0.55466,0.14176,0.24808,-0.80195,-0.67523,-0.53767,8.26072,-2.46804,-1.88644,1.99074,5.45932,0.95189,1.28922,10.33276,3.63574,-0.12471,5.49323,-5.30041,-0.85755,0.48052,0.31679,-0.04159,0.44159,-0.36657,0.09642,-0.07911,-0.17746,0.16073,-0.03826,0.0798,-0.21332,0.07398,0.09222,0.29437
1.26,0.08474,-0.00543,0.04526,-0.51329,0,-0.02263,0.53691,0.18344,0.39011,-0.64208,-0.72688,-0.51503,7.62125,-2.58859,-0.69654,1.81737,7.68877,1.01926,2.6022,9.5386,3.83506,-0.72052,4.83254,-5.92972,-0.73855,0.44184,0.31093,-0.05368,0.50563,-0.35469,0.09837,-0.08962,-0.15314,0.14232,-0.05297,0.12423,-0.21327,0.07692,0.1101,0.34581
1.28,0.07462,-0.0069,0.04926,-0.59788,0,-0.01946,0.51072,0.21134,0.49812,-0.4945,-0.74314,-0.47224,6.80548,-2.61941,0.14509,1.49471,9.45409,1.07486,3.73802,8.56963,3.90668,-1.08316,3.96661,-6.39381,-0.59389,0.28879,0.28941,-0.06341,0.5419,-0.32391,0.09848,-0.09793,-0.11356,0.11694,-0.06484,0.16756,-0.20268,0.07993,0.12201,0.37744
1.3,0.06128,-0.00862,0.05042,-0.65264,0,-0.01489,0.47837,0.22259,0.56365,-0.36631,-0.7196,-0.41207,5.87786,-2.59578,0.69009,1.09008,10.67646,1.10071,4.61646,7.48523,3.85989,-1.25151,2.99579,-6.7238,-0.43593,0.02593,0.25381,-0.07032,0.54737,-0.27728,0.09606,-0.10348,-0.06126,0.08617,-0.0732,0.20654,-0.18205,0.08224,0.12681,0.3859
1.32,0.04532,-0.01037,0.04872,-0.67297,0,-0.009,0.44208,0.21571,0.58282,-0.26244,-0.65438,-0.33803,4.89648,-2.5513,0.99595,0.6682,11.32149,1.08801,5.19052,6.341,3.70937,-1.26599,2.01368,-6.94881,-0.27375,-0.33954,0.2069,-0.07421,0.52207,-0.21921,0.09061,-0.1058,2e-05,0.05197,-0.07777,0.23796,-0.15283,0.08313,0.12417,0.37052
1.34,0.02754,-0.01189,0.04435,-0.65761,0,-0.00199,0.40383,0.19082,0.55658,-0.1856,-0.54867,-0.2542,3.91018,-2.5142,1.11959,0.28622,11.39865,1.03573,5.44875,5.18715,3.4743,-1.16565,1.10143,-7.09248,-0.11378,-0.79659,0.15228,-0.07505,0.46919,-0.15492,0.08189,-0.10447,0.06539,0.01649,-0.07857,0.25913,-0.11727,0.08195,0.11467,0.33323
1.36,0.00882,-0.01297,0.03772,-0.60867,0,0.00575,0.3653,0.14957,0.49031,-0.13647,-0.40693,-0.16487,2.95775,-2.50447,1.11311,-0.0103,10.95551,0.94862,5.41123,4.06723,3.17686,-0.98624,0.32353,-7.17051,0.03937,-1.32889,0.09398,-0.07294,0.39505,-0.0898,0.06999,-0.09902,0.12889,-0.01812,-0.07589,0.26834,-0.07802,0.07834,0.09957,0.27814
1.38,-0.00995,-0.01346,0.02935,-0.53132,0,0.01373,0.32778,0.09499,0.39288,-0.11404,-0.23687,-0.07421,2.06868,-2.53205,1.02122,-0.19047,10.06907,0.83502,5.12174,3.01749,2.84064,-0.75914,-0.27515,-7.18927,0.18219,-1.91335,0.03599,-0.06794,0.30877,-0.02871,0.05542,-0.08892,0.18357,-0.05004,-0.07015,0.2653,-0.03787,0.07225,0.08066,0.21069
1.4,-0.02793,-0.01327,0.01983,-0.43323,0,0.02126,0.29222,0.03124,0.27548,-0.11595,-0.04908,0.01394,1.26456,-2.59635,0.88021,-0.23959,8.83588,0.70493,4.63843,2.06657,2.48904,-0.51103,-0.67052,-7.14508,0.31144,-2.51892,-0.01818,-0.06005,0.22172,0.0246,0.039,-0.07352,0.22173,-0.0779,-0.06182,0.25139,0.00066,0.064,0.05992,0.13689
1.42,-0.04439,-0.0124,0.00977,-0.32375,0,0.02761,0.25925,-0.03675,0.15032,-0.1388,0.14377,0.09625,0.56065,-2.68723,0.71793,-0.15897,7.36222,0.56839,4.02491,1.23543,2.1438,-0.26397,-0.85857,-7.02414,0.42366,-3.1061,-0.06583,-0.04914,0.14673,0.0678,0.02184,-0.05206,0.23526,-0.10094,-0.05133,0.22956,0.03556,0.05427,0.03935,0.06255
1.44,-0.05875,-0.01093,-0.00026,-0.21287,0,0.03205,0.22916,-0.10384,0.02929,-0.17839,0.32812,0.17,-0.03324,-2.78737,0.55443,0.03615,5.75493,0.43435,3.34294,0.53738,1.82365,-0.03585,-0.85273,-6.8027,0.51475,-3.62738,-0.10514,-0.03501,0.09708,0.10005,0.00514,-0.02385,0.21624,-0.11895,-0.03906,0.20387,0.06543,0.0439,0.02066,-0.00724
1.46,-0.07061,-0.00897,-0.00976,-0.11011,0,0.03399,0.20201,-0.16517,-0.07727,-0.22983,0.49112,0.23303,-0.51234,-2.87571,0.40302,0.3201,4.11341,0.30995,2.64709,-0.02203,1.54321,0.15917,-0.68001,-6.44824,0.5799,-4.02908,-0.13522,-0.01745,0.08518,0.12176,-0.01005,0.01168,0.1577,-0.13221,-0.02542,0.17869,0.08952,0.03372,0.00512,-0.06842
1.48,-0.0797,-0.00666,-0.01836,-0.02343,0,0.0331,0.17756,-0.21671,-0.16159,-0.28769,0.62213,0.28378,-0.877,-2.93132,0.27153,0.66096,2.52354,0.20028,1.98156,-0.44491,1.31219,0.31019,-0.37642,-5.92211,0.61381,-4.25487,-0.15595,0.00363,0.12123,0.13425,-0.02302,0.0547,0.05453,-0.14124,-0.01082,0.15783,0.10759,0.02431,-0.00654,-0.11809
1.5,-0.08594,-0.00412,-0.02581,0.04158,0,0.02943,0.15538,-0.25569,-0.21917,-0.34613,0.71401,0.32118,-1.13272,-2.93687,0.16354,1.02477,1.0539,0.10833,1.37876,-0.74053,1.1351,0.40936,0.01746,-5.18436,0.6112,-4.25075,-0.16785,0.02807,0.21178,0.13931,-0.03357,0.10484,-0.09553,-0.14669,0.00421,0.14381,0.11981,0.01589,-0.01416,-0.15452
1.52,-0.08935,-0.00147,-0.03198,0.08227,0,0.02335,0.13488,-0.28078,-0.24894,-0.39912,0.76377,0.34464,-1.28974,-2.88116,0.07955,1.3791,-0.24557,0.03522,0.85945,-0.92428,1.01146,0.45185,0.46029,-4.20079,0.56765,-3.97171,-0.17184,0.05535,0.35845,0.13886,-0.04197,0.16098,-0.29094,-0.1491,0.01903,0.1373,0.12658,0.00826,-0.01809,-0.17701
1.54,-0.09005,0.00121,-0.03687,0.09893,0,0.01561,0.11537,-0.29207,-0.25301,-0.44077,0.77247,0.35404,-1.36208,-2.7601,0.01798,1.69578,-1.34283,-0.01942,0.43383,-1.01589,0.93642,0.43607,0.91298,-2.95173,0.48062,-3.3892,-0.16906,0.08457,0.55687,0.13463,-0.04888,0.22116,-0.52557,-0.14878,0.03295,0.13712,0.12829,0.00092,-0.01905,-0.18575
1.56,-0.08822,0.00385,-0.04058,0.09451,0,0.00713,0.09613,-0.29086,-0.236,-0.46579,0.74456,0.3497,-1.36609,-2.57644,-0.02397,1.95267,-2.22157,-0.05711,0.1034,-1.03724,0.90184,0.3641,1.34088,-1.44154,0.35052,-2.49882,-0.16076,0.1144,0.79595,0.12795,-0.05511,0.28251,-0.78809,-0.14574,0.04524,0.14044,0.12527,-0.00673,-0.01787,-0.18161
1.58,-0.08408,0.00638,-0.04325,0.07406,0,-0.0011,0.07648,-0.27931,-0.20404,-0.46994,0.68684,0.33244,-1.31886,-2.33869,-0.04969,2.13472,-2.87839,-0.0801,-0.13707,-1.0101,0.89757,0.24199,1.71535,0.29339,0.18168,-1.3266,-0.14814,0.14314,1.05754,0.11971,-0.06131,0.34124,-1.06171,-0.13971,0.05527,0.14332,0.11759,-0.01515,-0.01533,-0.16599
1.6,-0.07787,0.00872,-0.04508,0.044,0,-0.00818,0.05589,-0.26004,-0.16384,-0.45052,0.60726,0.30363,-1.23677,-2.05948,-0.06271,2.23431,-3.32001,-0.09104,-0.29735,-0.95405,0.91267,0.07993,2.01465,2.18021,-0.01718,0.06793,-0.13229,0.16877,1.31672,0.11033,-0.06779,0.39273,-1.32427,-0.13013,0.06256,0.14143,0.10514,-0.02446,-0.01197,-0.14067
1.62,-0.06983,0.0108,-0.04624,0.01132,0,-0.01342,0.03398,-0.23579,-0.12172,-0.40666,0.5139,0.26523,-1.13448,-1.75383,-0.06635,2.25089,-3.56091,-0.09266,-0.38995,-0.88496,0.93655,-0.10822,2.22441,4.11146,-0.23313,1.59379,-0.11419,0.18908,1.54277,0.09984,-0.0744,0.43165,-1.54893,-0.11635,0.06689,0.13075,0.08767,-0.03433,-0.00804,-0.10775
1.64,-0.06024,0.01252,-0.04693,-0.01723,0,-0.0164,0.01063,-0.20911,-0.08279,-0.33943,0.41411,0.21976,-1.0243,-1.43727,-0.06353,2.19007,-3.62169,-0.08755,-0.42841,-0.81425,0.95987,-0.30593,2.33758,5.9539,-0.4501,3.13649,-0.09468,0.20172,1.7011,0.08807,-0.08053,0.45218,-1.70547,-0.09779,0.06828,0.10824,0.06498,-0.04405,-0.00352,-0.06959
1.66,-0.04939,0.01379,-0.04729,-0.03593,0,-0.01699,-0.01401,-0.18211,-0.05041,-0.25175,0.3139,0.17023,-0.9161,-1.12426,-0.05669,2.06227,-3.52796,-0.07804,-0.42613,-0.7487,0.97513,-0.49555,2.35415,7.56348,-0.65057,4.57079,-0.07451,0.20445,1.75616,0.07473,-0.08531,0.44838,-1.76259,-0.07418,0.06701,0.07235,0.03718,-0.0527,0.00172,-0.02879
1.68,-0.03759,0.01456,-0.04745,-0.04067,0,-0.01536,-0.03955,-0.15636,-0.02583,-0.14814,0.21765,0.12,-0.81747,-0.8268,-0.04774,1.88119,-3.30977,-0.06609,-0.39541,-0.69091,0.977,-0.66018,2.28062,8.80366,-0.8177,5.77604,-0.05435,0.19531,1.67525,0.05963,-0.08781,0.41474,-1.69099,-0.04569,0.06356,0.02342,0.00487,-0.05935,0.00776,0.01191
1.7,-0.02521,0.0148,-0.04749,-0.02943,0,-0.01188,-0.06539,-0.13276,-0.00823,-0.03425,0.12806,0.07261,-0.73408,-0.55378,-0.03811,1.66246,-3.0008,-0.05326,-0.34694,-0.64028,0.96251,-0.78543,2.12921,9.56336,-0.93736,6.65096,-0.03482,0.17289,1.43307,0.04277,-0.08731,0.34701,-1.4674,-0.01311,0.05853,-0.03626,-0.0307,-0.06334,0.0145,0.04969
1.72,-0.01263,0.01458,-0.04746,-0.00239,0,-0.0071,-0.0908,-0.11166,0.00498,0.08364,0.04636,0.03153,-0.67006,-0.31074,-0.02879,1.42226,-2.63691,-0.0407,-0.28944,-0.59422,0.93087,-0.86085,1.91663,9.77119,-0.99973,7.12511,-0.01644,0.13668,1.01669,0.02439,-0.0834,0.24315,-1.07921,0.02218,0.0526,-0.10267,-0.06768,-0.06437,0.02155,0.08186
1.74,-0.00025,0.01396,-0.04735,0.03816,0,-0.00164,-0.11504,-0.09295,0.0174,0.19938,-0.02723,-0.00019,-0.6281,-0.10033,-0.02041,1.17609,-2.25373,-0.0292,-0.22969,-0.54959,0.8831,-0.88085,1.66242,9.40411,-1.00032,7.16576,0.00037,0.08738,0.43028,0.00497,-0.0761,0.10445,-0.52923,0.05835,0.04645,-0.17055,-0.10378,-0.06259,0.02828,0.10613
1.76,0.01154,0.01308,-0.04713,0.08829,0,0.00387,-0.13755,-0.07623,0.03276,0.30763,-0.09304,-0.02023,-0.6096,0.07696,-0.01331,0.93768,-1.88352,-0.01925,-0.17256,-0.50408,0.82148,-0.84503,1.38694,8.49016,-0.94024,6.77991,0.01537,0.02713,-0.30114,-0.01489,-0.06584,-0.06353,0.16026,0.09335,0.04062,-0.23428,-0.13663,-0.05856,0.0339,0.12093
1.78,0.02246,0.01208,-0.04669,0.14293,0,0.00888,-0.15802,-0.06099,0.054,0.40451,-0.15139,-0.02738,-0.61453,0.22186,-0.0076,0.71818,-1.55197,-0.01107,-0.12125,-0.45731,0.749,-0.75808,1.10937,7.10615,-0.82598,6.01244,0.0286,-0.0403,-1.12987,-0.03456,-0.05337,-0.25039,0.9453,0.12525,0.03547,-0.28861,-0.16418,-0.0531,0.03764,0.1257
1.8,0.03228,0.01111,-0.04592,0.19649,0,0.01298,-0.1765,-0.0468,0.08253,0.48797,-0.20225,-0.02171,-0.64139,0.33551,-0.00326,0.52561,-1.27579,-0.00469,-0.07758,-0.41142,0.66888,-0.62917,0.84616,5.37056,-0.66871,4.94065,0.04039,-0.10965,-1.98719,-0.0535,-0.03963,-0.44107,1.76128,0.15246,0.03119,-0.32947,-0.18495,-0.04716,0.0389,0.12108
1.82,0.04091,0.01032,-0.04467,0.24346,0,0.01588,-0.19341,-0.03337,0.11789,0.55778,-0.24507,-0.00463,-0.68709,0.41899,-0.00016,0.3647,-1.06159,0,-0.04226,-0.37093,0.58428,-0.47094,0.60996,3.4318,-0.48298,3.66561,0.05131,-0.17461,-2.78929,-0.07132,-0.02571,-0.61712,2.52849,0.17391,0.02772,-0.35431,-0.19828,-0.04169,0.03736,0.10886
1.84,0.04839,0.00979,-0.04277,0.27882,0,0.01745,-0.20942,-0.02058,0.15786,0.61504,-0.27882,0.02125,-0.74702,0.47319,0.00189,0.23708,-0.90634,0.0032,-0.01517,-0.34169,0.49813,-0.298,0.40924,1.45209,-0.28515,2.3006,0.06212,-0.22856,-3.44775,-0.0878,-0.01272,-0.75911,3.16219,0.18909,0.02486,-0.36217,-0.20423,-0.03751,0.03302,0.09167
1.86,0.05482,0.0096,-0.04013,0.29854,0,0.01766,-0.22524,-0.00846,0.19898,0.66146,-0.30238,0.05249,-0.81513,0.49912,0.00308,0.14162,-0.79919,0.00515,0.00435,-0.32939,0.41314,-0.12513,0.24846,-0.41111,-0.09142,0.958,0.07358,-0.26559,-3.88308,-0.10281,-0.00175,-0.84971,3.58587,0.19798,0.02234,-0.35339,-0.20342,-0.03521,0.0262,0.07259
1.88,0.06039,0.00977,-0.03665,0.29981,0,0.01657,-0.24146,0.00289,0.23728,0.6985,-0.31484,0.08522,-0.88427,0.49833,0.00361,0.07508,-0.72428,0.0061,0.01731,-0.33786,0.33184,0.0344,0.1286,-2.02313,0.08395,-0.2634,0.08629,-0.28147,-4.03841,-0.11626,0.0062,-0.8769,3.74468,0.20089,0.0199,-0.32922,-0.19672,-0.03515,0.01745,0.05452
1.9,0.06531,0.01027,-0.03235,0.2813,0,0.01427,-0.25835,0.01339,0.26901,0.72673,-0.31593,0.11563,-0.94659,0.47341,0.00368,0.03272,-0.66374,0.00631,0.02486,-0.36768,0.25662,0.17026,0.04783,-3.28646,0.23015,-1.28831,0.1005,-0.27446,-3.88984,-0.12794,0.01021,-0.83636,3.61573,0.19832,0.01736,-0.29139,-0.18499,-0.03736,0.00747,0.03975
1.92,0.06977,0.01104,-0.02731,0.24326,0,0.01085,-0.27574,0.02304,0.29123,0.74554,-0.3062,0.14036,-0.99413,0.42817,0.00343,0.00907,-0.60062,0.006,0.02818,-0.41563,0.18971,0.27582,0.00224,-4.14837,0.34058,-2.0705,0.11605,-0.24553,-3.45041,-0.13742,0.00958,-0.73231,3.2119,0.19082,0.0147,-0.24179,-0.16888,-0.04168,-0.00302,0.02959
1.94,0.07393,0.01198,-0.02171,0.18746,0,0.00642,-0.29306,0.03189,0.30212,0.75323,-0.28704,0.15684,-1.01955,0.36746,0.00299,-0.00142,-0.52118,0.00535,0.0284,-0.47499,0.13296,0.34834,-0.01354,-4.60113,0.41296,-2.59334,0.13221,-0.19811,-2.76637,-0.14399,0.00381,-0.57648,2.57816,0.17892,0.01203,-0.18235,-0.14872,-0.04771,-0.01337,0.02426
1.96,0.07788,0.01297,-0.01575,0.11707,0,0.00113,-0.30938,0.04005,0.30108,0.74751,-0.26039,0.16348,-1.01686,0.29679,0.00247,-0.00378,-0.4165,0.00452,0.02648,-0.53675,0.0876,0.3885,-0.00585,-4.67588,0.44878,-2.86618,0.14781,-0.1373,-1.90719,-0.14656,-0.00731,-0.38566,1.7816,0.16305,0.00957,-0.11508,-0.12458,-0.05501,-0.02313,0.023
1.98,0.08159,0.01391,-0.00971,0.03639,0,-0.00485,-0.32358,0.04762,0.28854,0.72628,-0.22854,0.1598,-0.9822,0.22167,0.00194,-0.00203,-0.28341,0.00363,0.02326,-0.59117,0.05392,0.39961,0.01838,-4.43248,0.45238,-2.91811,0.16127,-0.06888,-0.95228,-0.14369,-0.02362,-0.17835,0.89828,0.14361,0.00758,-0.04215,-0.09633,-0.06309,-0.03206,0.02425
2,0.08498,0.01466,-0.00385,-0.04941,0,-0.01126,-0.33453,0.05462,0.26579,0.6883,-0.19371,0.14643,-0.9144,0.14704,0.00143,0.0011,-0.12454,0.00277,0.01938,-0.6295,0.03109,0.3867,0.05206,-3.94814,0.4299,-2.79083,0.17077,0.00163,0.02185,-0.13377,-0.04458,0.02824,0.00058,0.12098,0.00631,0.03389,-0.06389,-0.07156,-0.04022,0.026
2.02,0.08784,0.01515,0.00159,-0.13468,0,-0.01777,-0.34124,0.061,0.23468,0.63374,-0.15785,0.12494,-0.81529,0.07684,0.00099,0.00421,0.05238,0.00198,0.01533,-0.64526,0.01723,0.35561,0.0883,-3.30653,0.38829,-2.53183,0.17452,0.06969,0.95114,-0.11519,-0.06927,0.22049,-0.85213,0.09559,0.00593,0.11012,-0.02731,-0.08012,-0.04785,0.02617
2.04,0.08996,0.0153,0.00639,-0.21376,0,-0.02398,-0.34299,0.06658,0.19734,0.56439,-0.1225,0.0976,-0.68953,0.01377,0.00063,0.0071,0.23602,0.00131,0.01146,-0.635,0.00966,0.31228,0.12091,-2.58872,0.3345,-2.18872,0.17101,0.13201,1.78891,-0.08672,-0.09641,0.38932,-1.61803,0.06801,0.00647,0.18328,0.01302,-0.08856,-0.05532,0.0229
2.06,0.09108,0.01507,0.01039,-0.28141,0,-0.02947,-0.33945,0.07109,0.15595,0.48352,-0.0887,0.06704,-0.54408,-0.04069,0.00035,0.01034,0.4135,0.00075,0.00799,-0.59849,0.00537,0.26218,0.14491,-1.86627,0.27481,-1.805,0.15926,0.18658,2.50624,-0.04794,-0.12448,0.53003,-2.2728,0.03896,0.00784,0.24995,0.05626,-0.09676,-0.06298,0.01488
2.08,0.09099,0.01447,0.01349,-0.33335,0,-0.03383,-0.33068,0.07423,0.11249,0.39553,-0.05711,0.03588,-0.38751,-0.08612,0.00014,0.01491,0.57261,0.00032,0.00502,-0.53848,0.00158,0.20998,0.15699,-1.19666,0.21453,-1.41727,0.13912,0.23234,3.08902,0.00051,-0.15181,0.64129,-2.80621,0.00936,0.00982,0.30688,0.10111,-0.10458,-0.07098,0.00156
2.1,0.08954,0.01354,0.01565,-0.36661,0,-0.03669,-0.31715,0.07569,0.06867,0.30553,-0.02805,0.0064,-0.22917,-0.12292,0,0.0217,0.70361,1e-05,0.00262,-0.46018,-0.00376,0.15934,0.15582,-0.62099,0.15773,-1.05381,0.11137,0.26881,3.53324,0.05661,-0.17672,0.72385,-3.21706,-0.01966,0.01208,0.35127,0.14581,-0.11184,-0.07919,-0.01671
2.12,0.08671,0.01232,0.01688,-0.3798,0,-0.03781,-0.2997,0.07523,0.02587,0.2188,-0.00166,-0.01967,-0.07833,-0.15197,-8e-05,0.03121,0.80052,-0.00021,0.00078,-0.3705,-0.01167,0.11294,0.14207,-0.16363,0.10723,-0.73429,0.07774,0.29572,3.83975,0.11706,-0.1976,0.77917,-3.50762,-0.04685,0.01424,0.38104,0.18824,-0.11827,-0.08718,-0.03873
2.14,0.08252,0.01091,0.01724,-0.37317,0,-0.03708,-0.2794,0.07274,-0.01484,0.14033,0.02198,-0.04126,0.05656,-0.17434,-0.00013,0.04341,0.86146,-0.00034,-0.00055,-0.27731,-0.02208,0.0725,0.11816,0.16647,0.06473,-0.47014,0.04066,0.31262,4.00957,0.17759,-0.21299,0.80831,-3.6789,-0.07091,0.01589,0.395,0.22606,-0.1235,-0.09424,-0.0626
2.16,0.07712,0.00938,0.01684,-0.34847,0,-0.03453,-0.25741,0.0683,-0.05264,0.07431,0.04277,-0.05792,0.16866,-0.19098,-0.00014,0.05767,0.88832,-0.0004,-0.00143,-0.18846,-0.0339,0.03891,0.08774,0.37339,0.0309,-0.26566,0.00298,0.31876,4.04055,0.23346,-0.22164,0.81132,-3.72731,-0.09065,0.01671,0.39294,0.257,-0.12705,-0.09952,-0.08597
2.18,0.0707,0.00781,0.01582,-0.30875,0,-0.03038,-0.23482,0.06215,-0.08685,0.02379,0.06055,-0.06978,0.25323,-0.20258,-0.00014,0.07288,0.88589,-0.00042,-0.00193,-0.11105,-0.04538,0.01243,0.055,0.47115,0.00563,-0.11924,-0.03249,0.31304,3.92593,0.28016,-0.22255,0.78706,-3.64343,-0.10511,0.01648,0.37566,0.27907,-0.12841,-0.10219,-0.10639
2.2,0.06346,0.00627,0.01433,-0.25801,0,-0.02502,-0.21248,0.05477,-0.1169,-0.00965,0.07503,-0.07739,0.30809,-0.20941,-0.00012,0.08759,0.86086,-0.0004,-0.00212,-0.0507,-0.05443,-0.00718,0.02409,0.48049,-0.01176,-0.02488,-0.06336,0.29412,3.65505,0.314,-0.21509,0.73341,-3.41302,-0.11371,0.01516,0.34493,0.29083,-0.12706,-0.10157,-0.12167
2.22,0.05561,0.00478,0.01253,-0.2008,0,-0.01894,-0.19094,0.04678,-0.14227,-0.02601,0.08585,-0.08159,0.33369,-0.21136,-0.0001,0.10024,0.82069,-0.00035,-0.00209,-0.01099,-0.059,-0.0205,-0.00147,0.42567,-0.02237,0.02641,-0.08787,0.26077,3.21637,0.33257,-0.19897,0.64806,-3.02039,-0.11633,0.01286,0.30328,0.29158,-0.12258,-0.09733,-0.13011
2.24,0.04735,0.00337,0.01058,-0.14175,0,-0.0127,-0.17037,0.03889,-0.16252,-0.02686,0.09263,-0.0834,0.33293,-0.20802,-8e-05,0.10932,0.77265,-0.0003,-0.00191,0.00678,-0.05736,-0.02833,-0.01909,0.33157,-0.02749,0.04523,-0.10511,0.21226,2.60218,0.33493,-0.17442,0.52942,-2.45363,-0.11334,0.00986,0.25385,0.28142,-0.11468,-0.08944,-0.13075
2.26,0.03882,0.00203,0.00864,-0.08507,0,-0.00686,-0.15057,0.03182,-0.17734,-0.01522,0.09506,-0.08384,0.31074,-0.19889,-6e-05,0.11362,0.723,-0.00024,-0.00162,0.00377,-0.04834,-0.03161,-0.02731,0.2212,-0.02849,0.0426,-0.11496,0.14879,1.8144,0.32158,-0.14213,0.37775,-1.71085,-0.10553,0.00651,0.2,0.26128,-0.10333,-0.07826,-0.12349
2.28,0.03014,0.00076,0.00684,-0.03414,0,-0.00191,-0.13099,0.02619,-0.18664,0.00472,0.09304,-0.08391,0.27357,-0.18361,-5e-05,0.11232,0.67637,-0.00018,-0.00129,-0.01646,-0.03156,-0.03136,-0.02585,0.11383,-0.0267,0.02899,-0.11799,0.07193,0.87009,0.29432,-0.10339,0.19625,-0.80619,-0.09407,0.0032,0.14509,0.23282,-0.08875,-0.06444,-0.10909
2.3,0.02137,-0.00046,0.0053,0.00878,0,0.00181,-0.11086,0.02239,-0.1906,0.02788,0.08672,-0.08443,0.22875,-0.1622,-4e-05,0.10519,0.63546,-0.00012,-0.00095,-0.04819,-0.00745,-0.02866,-0.01553,0.02383,-0.02336,0.0137,-0.11536,-0.01511,-0.19483,0.25599,-0.05998,-0.00831,0.22621,-0.08039,0.00029,0.09217,0.19835,-0.07146,-0.04886,-0.08915
2.32,0.01254,-0.00164,0.00412,0.04269,0,0.00414,-0.08925,0.02061,-0.18973,0.04864,0.07662,-0.086,0.18397,-0.13523,-3e-05,0.09262,0.6009,-7e-05,-0.00063,-0.08399,0.02262,-0.02457,0.00188,-0.03963,-0.01954,0.00444,-0.10858,-0.10754,-1.32521,0.21014,-0.01421,-0.22543,1.33169,-0.06607,-0.00196,0.0439,0.16067,-0.05229,-0.0326,-0.066
2.34,0.00366,-0.00278,0.00336,0.06771,0,0.0051,-0.06523,0.02079,-0.18477,0.06129,0.06361,-0.08896,0.14671,-0.10389,-3e-05,0.07559,0.57129,-4e-05,-0.00035,-0.11532,0.05647,-0.02012,0.02383,-0.07203,-0.01615,0.00741,-0.09937,-0.19931,-2.45027,0.16072,0.03133,-0.44153,2.43885,-0.05269,-0.00339,0.00244,0.12281,-0.03224,-0.01677,-0.04247
2.36,-0.00524,-0.00386,0.00308,0.08483,0,0.00482,-0.03797,0.02266,-0.17668,0.06042,0.04892,-0.09328,0.12374,-0.07003,-3e-05,0.05564,0.54351,-1e-05,-0.00012,-0.1333,0.09119,-0.01628,0.04726,-0.07246,-0.01395,0.02739,-0.0895,-0.28374,-3.49079,0.11179,0.07394,-0.64127,3.467,-0.04178,-0.00395,-0.03051,0.08783,-0.01245,-0.00252,-0.02162
2.38,-0.01414,-0.00485,0.00329,0.09553,0,0.00358,-0.00689,0.02587,-0.16643,0.04146,0.03402,-0.09864,0.12062,-0.03599,-2e-05,0.03471,0.51307,2e-05,6e-05,-0.12963,0.12341,-0.0139,0.06888,-0.04217,-0.01351,0.06807,-0.08063,-0.3543,-4.36827,0.06717,0.11107,-0.80921,4.33586,-0.03461,-0.00369,-0.05365,0.05857,0.00599,0.00912,-0.00643
2.4,-0.02296,-0.00573,0.00401,0.10146,0,0.00166,0.02825,0.02999,-0.15496,0.00104,0.02051,-0.10434,0.14134,-0.00445,-2e-05,0.01496,0.47464,3e-05,0.00019,-0.09741,0.14951,-0.01366,0.08544,0.01663,-0.01526,0.13218,-0.07418,-0.40541,-5.01435,0.03023,0.14055,-0.93165,4.97529,-0.03216,-0.00272,-0.06603,0.03735,0.02212,0.01724,0.00047
2.42,-0.03159,-0.00646,0.00522,0.10409,0,-0.00061,0.06728,0.03462,-0.14302,-0.06254,0.00994,-0.10944,0.1879,0.02184,-2e-05,-0.00142,0.42259,4e-05,0.00028,-0.03196,0.16605,-0.01606,0.09414,0.10177,-0.01948,0.22152,-0.0713,-0.43308,-5.37858,0.0037,0.16076,-0.99814,5.33344,-0.03503,-0.00124,-0.06706,0.02587,0.03522,0.02119,-0.00287
2.44,-0.03988,-0.00699,0.00689,0.10456,0,-0.00297,0.10958,0.03944,-0.13112,-0.14906,0.00366,-0.11283,0.26005,0.04041,-2e-05,-0.01244,0.3516,4e-05,0.00032,0.06855,0.17016,-0.02136,0.09289,0.21149,-0.02627,0.33672,-0.07276,-0.43528,-5.4336,-0.01049,0.17073,-1.00276,5.3822,-0.04339,0.00058,-0.05656,0.02503,0.04483,0.02053,-0.01756
2.46,-0.04766,-0.00728,0.00898,0.10354,0,-0.00517,0.1541,0.04422,-0.11945,-0.2561,0.00252,-0.11338,0.35503,0.04939,-2e-05,-0.01659,0.25729,4e-05,0.00034,0.20265,0.15996,-0.02957,0.08069,0.34436,-0.03555,0.47682,-0.07896,-0.41216,-5.17767,-0.0113,0.17013,-0.94476,5.1197,-0.05696,0.0025,-0.03482,0.03484,0.0508,0.01517,-0.04367
2.48,-0.05474,-0.00729,0.0114,0.10128,0,-0.00707,0.19942,0.04883,-0.1079,-0.37896,0.00676,-0.11007,0.46749,0.04793,-2e-05,-0.01307,0.1368,4e-05,0.00032,0.36527,0.13496,-0.0404,0.05785,0.49881,-0.04702,0.63867,-0.08987,-0.36597,-4.63464,0.00132,0.15932,-0.8289,4.57033,-0.07505,0.00432,-0.00276,0.05447,0.05321,0.00533,-0.08019
2.5,-0.06094,-0.00701,0.0141,0.09764,0,-0.00856,0.24381,0.05326,-0.09605,-0.51072,0.01578,-0.10216,0.58954,0.0364,-2e-05,-0.00195,-0.01061,3e-05,0.00029,0.54775,0.09635,-0.0533,0.02609,0.67238,-0.06017,0.81645,-0.10506,-0.30086,-3.85144,0.02644,0.1392,-0.66504,3.78206,-0.09659,0.00586,0.03805,0.08218,0.05239,-0.00841,-0.12497
2.52,-0.06612,-0.00643,0.01696,0.09215,0,-0.0096,0.28526,0.05754,-0.08322,-0.64238,0.02818,-0.08924,0.71101,0.01655,-1e-05,0.01568,-0.18308,3e-05,0.00025,0.73807,0.04703,-0.06742,-0.01155,0.86087,-0.07421,1.00122,-0.12369,-0.2224,-2.89305,0.06216,0.11125,-0.46726,2.8212,-0.12015,0.00695,0.08538,0.11552,0.04889,-0.02515,-0.17489
2.54,-0.07015,-0.00558,0.01986,0.08414,0,-0.0102,0.32162,0.06176,-0.06861,-0.76336,0.04177,-0.07135,0.82001,-0.00856,-1e-05,0.03775,-0.37592,2e-05,0.00019,0.92152,-0.00857,-0.08163,-0.05108,1.05764,-0.0881,1.18078,-0.14449,-0.13694,-1.83494,0.10566,0.07732,-0.25218,1.76463,-0.14407,0.00747,0.13645,0.15145,0.0434,-0.04366,-0.22605
2.56,-0.07291,-0.00451,0.02262,0.07283,0,-0.01039,0.35065,0.06595,-0.05134,-0.86217,0.05379,-0.04892,0.90377,-0.03486,-1e-05,0.06136,-0.58147,2e-05,0.00014,1.08166,-0.06491,-0.09461,-0.08808,1.25312,-0.10061,1.34002,-0.16587,-0.05089,-0.75409,0.15339,0.03959,-0.03693,0.69053,-0.16656,0.00735,0.18815,0.18654,0.03674,-0.06249,-0.27411
2.58,-0.07435,-0.0033,0.02506,0.05746,0,-0.01023,0.37016,0.07011,-0.03069,-0.92727,0.06122,-0.02278,0.94972,-0.0576,-0,0.08298,-0.78931,1e-05,9e-05,1.20163,-0.11591,-0.10489,-0.11831,1.43487,-0.11032,1.46173,-0.18594,0.03005,0.27994,0.20128,0.0004,0.16295,-0.33074,-0.18582,0.00657,0.23728,0.21734,0.02981,-0.08005,-0.31466
2.6,-0.07442,-0.00205,0.02693,0.03746,0,-0.00976,0.37821,0.0741,-0.00623,-0.94811,0.06113,0.00589,0.94681,-0.07196,-0,0.09885,-0.98669,0,4e-05,1.26563,-0.15562,-0.111,-0.1383,1.58829,-0.1158,1.52811,-0.20265,0.10144,1.21196,0.24497,-0.03785,0.33523,-1.2439,-0.20016,0.00517,0.28076,0.24057,0.02353,-0.09472,-0.34368
2.62,-0.07313,-0.00089,0.02798,0.01262,0,-0.00903,0.3733,0.07766,0.02193,-0.91632,0.05119,0.03554,0.88682,-0.0736,0,0.1054,-1.15932,0,0,1.26051,-0.17887,-0.11161,-0.14574,1.69808,-0.11575,1.52285,-0.21396,0.16045,2.00504,0.2802,-0.07289,0.47197,-2.01266,-0.20817,0.00324,0.31577,0.25342,0.01874,-0.10496,-0.35785
2.64,-0.07052,5e-05,0.02795,-0.01667,0,-0.00804,0.3546,0.08035,0.05297,-0.82673,0.03004,0.06435,0.76575,-0.05936,0,0.09978,-1.29247,-0,-3e-05,1.1772,-0.18184,-0.10577,-0.13975,1.75044,-0.10919,1.43374,-0.21805,0.20587,2.64061,0.30316,-0.10273,0.56964,-2.61996,-0.20878,0.00094,0.33986,0.25382,0.01615,-0.10952,-0.35486
2.66,-0.0667,0.00066,0.02659,-0.0493,0,-0.00677,0.32219,0.08161,0.08519,-0.67839,-0.00219,0.09021,0.58488,-0.02786,1e-05,0.08039,-1.3723,-1e-05,-6e-05,1.01217,-0.16261,-0.09305,-0.1209,1.73551,-0.09569,1.25537,-0.21359,0.23782,3.11564,0.31086,-0.12578,0.62852,-3.06502,-0.20136,-0.00152,0.35088,0.24056,0.01619,-0.10751,-0.3337
2.68,-0.06182,0.00088,0.02373,-0.08324,0,-0.00518,0.27723,0.08078,0.11591,-0.47531,-0.04366,0.11086,0.35156,0.01999,1e-05,0.04732,-1.3874,-1e-05,-7e-05,0.76844,-0.12154,-0.07373,-0.09111,1.64966,-0.07551,0.99139,-0.19991,0.25745,3.43793,0.30155,-0.14104,0.65161,-3.35851,-0.18582,-0.00391,0.34703,0.21351,0.01898,-0.09856,-0.29472
2.7,-0.05615,0.00068,0.01927,-0.11559,0,-0.00318,0.22205,0.07713,0.14157,-0.22681,-0.09065,0.12404,0.07929,0.08071,1e-05,0.00261,-1.33023,-1e-05,-9e-05,0.45609,-0.06149,-0.04888,-0.0535,1.49674,-0.04973,0.65566,-0.17721,0.26641,3.62091,0.27489,-0.14814,0.64347,-3.51719,-0.16262,-0.00599,0.32684,0.17363,0.02423,-0.08292,-0.23972
2.72,-0.05001,9e-05,0.01322,-0.14273,0,-0.00069,0.16015,0.06995,0.15799,0.05295,-0.13776,0.12769,-0.21312,0.14839,1e-05,-0.04978,-1.19818,-1e-05,-9e-05,0.09198,0.01224,-0.02027,-0.01213,1.28769,-0.02014,0.27143,-0.14658,0.26648,3.67906,0.23205,-0.14733,0.60911,-3.55895,-0.13277,-0.00752,0.28932,0.12296,0.03132,-0.06143,-0.17182
2.74,-0.0438,-0.00079,0.00573,-0.16064,0,0.00238,0.09586,0.05863,0.16085,0.34603,-0.17848,0.12034,-0.50342,0.21514,1e-05,-0.10435,-0.99422,-1e-05,-9e-05,-0.30158,0.09222,0.00983,0.02822,1.0383,0.01092,-0.13145,-0.1099,0.25926,3.62449,0.17553,-0.13936,0.55323,-3.49917,-0.09778,-0.00832,0.23408,0.0644,0.03931,-0.03546,-0.09519
2.76,-0.03796,-0.00185,-0.00293,-0.16547,0,0.00608,0.034,0.04279,0.14631,0.63252,-0.20596,0.10136,-0.76857,0.27204,1e-05,-0.15471,-0.72693,-1e-05,-9e-05,-0.69884,0.16952,0.03898,0.0624,0.76555,0.04098,-0.521,-0.06962,0.24592,3.46531,0.10876,-0.1253,0.47971,-3.34861,-0.05953,-0.00826,0.16157,0.0015,0.04718,-0.00675,-0.01459
2.78,-0.03297,-0.00294,-0.01237,-0.15405,0,0.01039,-0.02068,0.0223,0.11169,0.89264,-0.21398,0.07133,-0.98768,0.31016,1e-05,-0.19449,-0.41018,-1e-05,-8e-05,-1.07322,0.23451,0.06499,0.08529,0.48372,0.06776,-0.86816,-0.02845,0.22719,3.2057,0.03571,-0.10634,0.39154,-3.11317,-0.02015,-0.00731,0.07331,-0.06195,0.05392,0.02274,0.06502
2.8,-0.02928,-0.00395,-0.02208,-0.12453,0,0.01523,-0.06396,-0.00254,0.05618,1.10872,-0.19787,0.03222,-1.14463,0.32174,1e-05,-0.21809,-0.06234,-1e-05,-7e-05,-1.39972,0.27783,0.08622,0.09217,0.20122,0.08958,-1.15113,0.01093,0.2034,2.8478,-0.03959,-0.0836,0.29105,-2.79544,0.01818,-0.00556,-0.02793,-0.12223,0.05872,0.05111,0.13901
2.82,-0.02731,-0.00476,-0.03151,-0.0768,0,0.02044,-0.09254,-0.03104,-0.01882,1.26681,-0.15526,-0.01269,-1.22977,0.30121,1e-05,-0.22151,0.29501,-0,-6e-05,-1.65707,0.29141,0.10176,0.07927,-0.08064,0.10552,-1.35815,0.04614,0.1747,2.39491,-0.11334,-0.0581,0.18037,-2.39765,0.05332,-0.00318,-0.13804,-0.17598,0.06111,0.07659,0.20338
2.84,-0.02737,-0.00532,-0.04004,-0.01275,0,0.02575,-0.10442,-0.06205,-0.10947,1.35765,-0.08658,-0.05907,-1.24058,0.24602,1e-05,-0.20285,0.63878,-0,-4e-05,-1.8292,0.26949,0.11152,0.04431,-0.36691,0.11548,-1.48801,0.07529,0.14131,1.85542,-0.18222,-0.03072,0.06214,-1.92554,0.08334,-0.00046,-0.25165,-0.22047,0.06097,0.09778,0.2551
2.86,-0.02963,-0.0056,-0.04711,0.06373,0,0.03087,-0.09898,-0.09402,-0.20966,1.37713,0.00479,-0.10204,-1.18122,0.15714,1e-05,-0.16256,0.94653,-0,-3e-05,-1.90627,0.20949,0.11611,-0.01297,-0.66628,0.12008,-1.54873,0.09711,0.1039,1.2466,-0.24354,-0.00228,-0.05992,-1.39221,0.10668,0.00228,-0.36245,-0.25379,0.05858,0.11367,0.29221
2.88,-0.03407,-0.00562,-0.05222,0.14687,0,0.03545,-0.07707,-0.12513,-0.31141,1.3263,0.11266,-0.13682,-1.06145,0.03926,0,-0.10357,1.19856,-0,-1e-05,-1.88511,0.11272,0.11663,-0.0904,-0.98743,0.12046,-1.55491,0.11101,0.06373,0.59701,-0.29522,0.0264,-0.18049,-0.82074,0.12222,0.00468,-0.46357,-0.27497,0.05451,0.12375,0.31392
2.9,-0.04049,-0.00544,-0.05501,0.22952,0,0.03913,-0.04094,-0.15335,-0.40555,1.21103,0.2285,-0.15928,-0.89516,-0.09941,0,-0.03098,1.37982,-0,0,-1.7693,-0.01533,0.11442,-0.18318,-1.33538,0.11802,-1.52461,0.11707,0.02275,-0.05384,-0.33586,0.05451,-0.2926,-0.24422,0.12941,0.00644,-0.54813,-0.28405,0.04958,0.128,0.32061
2.92,-0.04849,-0.00514,-0.0553,0.30373,0,0.04161,0.00601,-0.1767,-0.48258,1.04129,0.34215,-0.16648,-0.6987,-0.2478,0,0.04839,1.48112,0,1e-05,-1.56874,-0.16529,0.11089,-0.2841,-1.70876,0.1142,-1.47628,0.11604,-0.01657,-0.65962,-0.36472,0.08131,-0.38803,0.2979,0.12832,0.00732,-0.60986,-0.28207,0.04478,0.12686,0.31371
2.94,-0.05749,-0.00483,-0.05309,0.36163,0,0.04263,0.0595,-0.19342,-0.5337,0.83014,0.44298,-0.15695,-0.4892,-0.39315,0,0.12677,1.49957,0,2e-05,-1.29862,-0.32479,0.10726,-0.38419,-2.09846,0.11026,-1.42615,0.10917,-0.05171,-1.17506,-0.38175,0.10638,-0.4584,0.76712,0.11963,0.00718,-0.64367,-0.2709,0.04109,0.12117,0.29551
2.96,-0.06677,-0.00458,-0.0486,0.3964,0,0.04202,0.11488,-0.20217,-0.55192,0.59244,0.52106,-0.13077,-0.28299,-0.5225,-0,0.1965,1.4384,0,2e-05,-0.97806,-0.47986,0.10443,-0.47361,-2.48782,0.10716,-1.38623,0.09812,-0.08071,-1.56611,-0.38758,0.12987,-0.49652,1.13532,0.1046,0.00598,-0.64625,-0.25306,0.03944,0.11205,0.26887
2.98,-0.07556,-0.00447,-0.04221,0.40322,0,0.03972,0.16753,-0.2023,-0.53312,0.3436,0.56845,-0.0896,-0.09424,-0.62426,-0,0.2509,1.30622,0,2e-05,-0.62847,-0.61664,0.1029,-0.54294,-2.85407,0.10541,-1.36308,0.08475,-0.10275,-1.81938,-0.38351,0.15262,-0.49796,1.3935,0.08499,0.00385,-0.61661,-0.23145,0.04054,0.10073,0.23696
3,-0.0831,-0.00453,-0.03445,0.37996,0,0.0358,0.2133,-0.19394,-0.4767,0.09837,0.58019,-0.03643,0.06601,-0.6896,-0,0.28518,1.11601,0,2e-05,-0.27196,-0.72293,0.10272,-0.58423,-3.17062,0.10506,-1.35728,0.07098,-0.11844,-1.94737,-0.37147,0.17616,-0.46218,1.55645,0.06292,0.00101,-0.55635,-0.2091,0.04483,0.0885,0.20298
3.02,-0.0887,-0.00475,-0.02597,0.32755,0,0.03042,0.24886,-0.178,-0.38582,-0.13008,0.55486,0.02468,0.19048,-0.71336,-0,0.29689,0.8838,0,1e-05,0.07028,-0.78946,0.10352,-0.59198,-3.40971,0.10573,-1.36368,0.05861,-0.12976,-1.98672,-0.35382,0.20236,-0.39301,1.66059,0.04068,-0.00222,-0.46963,-0.18884,0.05237,0.07655,0.16993
3.04,-0.09176,-0.00508,-0.01746,0.24976,0,0.02388,0.27188,-0.15612,-0.26701,-0.33099,0.49453,0.08905,0.27578,-0.69431,-0,0.28597,0.62721,0,1e-05,0.37947,-0.8107,0.10454,-0.56374,-3.5453,0.10664,-1.37222,0.04913,-0.13947,-1.98878,-0.33311,0.23271,-0.29819,1.75449,0.02057,-0.00546,-0.36277,-0.17308,0.06285,0.06591,0.14042
3.06,-0.09188,-0.00546,-0.00959,0.15265,0,0.01651,0.28111,-0.13036,-0.12926,-0.49647,0.40425,0.15182,0.32221,-0.63493,-0,0.25453,0.36386,0,1e-05,0.64065,-0.78514,0.10478,-0.50032,-3.55581,0.10676,-1.36939,0.04366,-0.15017,-2.00466,-0.31163,0.26752,-0.18824,1.88409,0.00459,-0.0083,-0.24355,-0.16352,0.07552,0.05737,0.11649
3.08,-0.08882,-0.00579,-0.00292,0.04371,0,0.00872,0.2764,-0.10298,0.01715,-0.62185,0.29128,0.20847,0.33333,-0.54075,-0,0.20627,0.10996,0,1e-05,0.84372,-0.71521,0.10311,-0.40572,-3.42687,0.10491,-1.34013,0.04277,-0.1634,-2.06926,-0.29116,0.30516,-0.07481,2.07714,-0.00574,-0.0104,-0.12032,-0.16095,0.08932,0.05147,0.09949
3.1,-0.08256,-0.00598,0.00214,-0.06897,0,0.0009,0.25862,-0.07613,0.1618,-0.70572,0.1641,0.25519,0.3153,-0.41954,-0,0.14589,-0.1208,0,1e-05,0.98409,-0.60681,0.09844,-0.28672,-3.15346,0.09996,-1.26992,0.04647,-0.17886,-2.1893,-0.27264,0.34169,0.03089,2.33177,-0.00957,-0.01148,-0.00117,-0.16518,0.10287,0.04842,0.09
3.12,-0.07329,-0.00594,0.00536,-0.17752,0,-0.00659,0.2295,-0.05165,0.29519,-0.74974,0.03155,0.28911,0.27619,-0.28035,-0,0.0785,-0.31779,0,2e-05,1.06261,-0.4686,0.08989,-0.15221,-2.74122,0.09098,-1.14698,0.05421,-0.19432,-2.33978,-0.25613,0.37122,0.11948,2.61368,-0.00682,-0.01141,0.10684,-0.17505,0.11468,0.04817,0.08782
3.14,-0.06137,-0.00562,0.00672,-0.27491,0,-0.0134,0.19145,-0.0309,0.40948,-0.75807,-0.09799,0.30843,0.22504,-0.13258,-1e-05,0.00905,-0.47367,0,4e-05,1.08485,-0.31089,0.07691,-0.01214,-2.20665,0.0774,-0.96435,0.06499,-0.20603,-2.4702,-0.24091,0.38679,0.18424,2.86309,0.00189,-0.01015,0.19818,-0.18858,0.12324,0.05035,0.09193
3.16,-0.04734,-0.00499,0.00636,-0.3554,0,-0.01926,0.14724,-0.01471,0.49898,-0.7367,-0.21722,0.31233,0.171,0.01491,-1e-05,-0.05812,-0.58408,0,5e-05,1.05981,-0.14449,0.05943,0.12364,-1.57615,0.05916,-0.72149,0.07751,-0.20975,-2.51889,-0.22577,0.382,0.22157,3.00991,0.01534,-0.00778,0.26918,-0.20324,0.12726,0.05433,0.10059
3.18,-0.0318,-0.00406,0.00456,-0.41486,0,-0.02395,0.09979,-0.00336,0.56035,-0.69263,-0.32047,0.30084,0.12246,0.15456,-1e-05,-0.11957,-0.64726,1e-05,7e-05,0.99841,0.0205,0.03793,0.24653,-0.88428,0.03675,-0.42546,0.09033,-0.20186,-2.43087,-0.2093,0.35255,0.23095,2.99245,0.03189,-0.00452,0.31814,-0.21626,0.12583,0.05924,0.11146
3.2,-0.01546,-0.00286,0.0017,-0.45085,0,-0.0273,0.05188,0.00335,0.59258,-0.63309,-0.40385,0.27475,0.08628,0.2805,-1e-05,-0.17293,-0.66366,1e-05,8e-05,0.912,0.17552,0.01344,0.35009,-0.17132,0.01127,-0.09101,0.10205,-0.18047,-2.17374,-0.19032,0.29757,0.21471,2.77383,0.04968,-0.00061,0.34525,-0.22496,0.11855,0.06407,0.12184
3.22,0.00102,-0.00146,-0.00177,-0.4626,0,-0.02921,0.00601,0.006,0.59677,-0.56491,-0.46532,0.23548,0.06722,0.38871,-1e-05,-0.2169,-0.6356,1e-05,9e-05,0.81115,0.31407,-0.01255,0.43043,0.51983,-0.01569,0.26049,0.11147,-0.14596,-1.74672,-0.16807,0.22012,0.17746,2.35144,0.06689,0.00362,0.35222,-0.22698,0.10551,0.06775,0.12891
3.24,0.017,6e-05,-0.00539,-0.45082,0,-0.02964,-0.03582,0.00544,0.57564,-0.49394,-0.50439,0.185,0.06761,0.47679,-1e-05,-0.25099,-0.56711,1e-05,9e-05,0.70468,0.43174,-0.03823,0.48621,1.14733,-0.0422,0.60354,0.11764,-0.10094,-1.18078,-0.14233,0.12679,0.12545,1.75705,0.08181,0.0078,0.3418,-0.22055,0.0873,0.06923,0.13016
3.26,0.03193,0.0016,-0.00874,-0.41738,0,-0.02861,-0.07215,0.0026,0.53299,-0.42462,-0.52172,0.1258,0.08719,0.54356,-1e-05,-0.27531,-0.46386,1e-05,9e-05,0.59917,0.52588,-0.06176,0.51809,1.67442,-0.06629,0.9119,0.11997,-0.04966,-0.53053,-0.11337,0.02644,0.06573,1.04841,0.09307,0.01156,0.31715,-0.20452,0.06481,0.06767,0.12381
3.28,0.04537,0.00309,-0.01142,-0.36503,0,-0.02617,-0.10215,-0.00159,0.47313,-0.35982,-0.51873,0.06082,0.12321,0.58856,-1e-05,-0.29021,-0.33323,1e-05,8e-05,0.49874,0.59518,-0.08152,0.52814,2.07317,-0.08622,1.16242,0.11817,0.0029,0.13853,-0.08183,-0.07147,0.00542,0.29602,0.09973,0.01453,0.28128,-0.17849,0.03907,0.06249,0.10909
3.3,0.05707,0.00445,-0.01313,-0.29712,0,-0.02245,-0.12558,-0.00635,0.4004,-0.30076,-0.4972,-0.00659,0.17079,0.61165,-1e-05,-0.29605,-0.18416,0,6e-05,0.40518,0.63915,-0.09636,0.5191,2.32736,-0.10074,1.33828,0.11232,0.05197,0.76363,-0.04862,-0.15847,-0.04892,-0.43098,0.10132,0.01638,0.23663,-0.14285,0.01114,0.05352,0.08654
3.32,0.06688,0.00564,-0.01364,-0.21739,0,-0.01765,-0.14279,-0.01107,0.3189,-0.24723,-0.45905,-0.07283,0.22343,0.61282,-0,-0.29308,-0.02691,0,4e-05,0.31841,0.65783,-0.10567,0.49387,2.43369,-0.10919,1.43099,0.10274,0.09384,1.29545,-0.01469,-0.22832,-0.09183,-1.07625,0.09794,0.01684,0.18493,-0.09879,-0.01801,0.04101,0.05794
3.34,0.07483,0.00664,-0.01286,-0.12976,0,-0.01203,-0.15452,-0.01535,0.23237,-0.19796,-0.4063,-0.13426,0.27387,0.59224,-0,-0.28141,0.12761,0,2e-05,0.23702,0.65168,-0.10945,0.45524,2.40123,-0.11157,1.44081,0.09004,0.1262,1.70443,0.019,-0.2776,-0.11919,-1.603,0.09019,0.01575,0.12735,-0.0483,-0.04738,0.02563,0.02607
3.36,0.08102,0.00743,-0.01077,-0.03828,0,-0.00594,-0.16184,-0.01892,0.14416,-0.1511,-0.34109,-0.18753,0.31499,0.55046,0,-0.26115,0.26864,0,0,0.15905,0.62168,-0.10818,0.40578,2.24933,-0.10845,1.37584,0.07496,0.14839,1.98216,0.05161,-0.30572,-0.12839,-1.99612,0.07917,0.01312,0.06487,0.00589,-0.07596,0.00835,-0.00584
3.38,0.08561,0.00801,-0.00748,0.05298,0,0.00019,-0.16588,-0.02159,0.05737,-0.1047,-0.26591,-0.22987,0.34079,0.4888,0,-0.2326,0.38666,-0,-2e-05,0.08261,0.56955,-0.10266,0.34796,2.00459,-0.10077,1.25008,0.05836,0.1612,2.13922,0.0824,-0.3145,-0.1183,-2.26042,0.06632,0.00914,-0.00128,0.06044,-0.10256,-0.00964,-0.03462
3.4,0.08881,0.00838,-0.0032,0.14003,0,0.00588,-0.16778,-0.02323,-0.02503,-0.05726,-0.18367,-0.25939,0.34711,0.40967,0,-0.19644,0.47419,-0,-4e-05,0.00652,0.49803,-0.09388,0.28427,1.69757,-0.08972,1.08121,0.04112,0.16656,2.20061,0.11077,-0.30751,-0.08919,-2.41641,0.05333,0.00418,-0.06921,0.11165,-0.12585,-0.0271,-0.05772
3.42,0.09081,0.00855,0.00181,0.21904,0,0.01062,-0.16851,-0.02364,-0.10021,-0.00795,-0.09784,-0.27519,0.33206,0.31675,1e-05,-0.15388,0.52647,-0,-5e-05,-0.06938,0.4109,-0.08286,0.21737,1.35949,-0.07657,0.8882,0.02415,0.16713,2.19994,0.13624,-0.28933,-0.04261,-2.49463,0.04189,-0.00124,-0.13619,0.15577,-0.14439,-0.04286,-0.07357
3.44,0.09177,0.00851,0.00723,0.28645,0,0.01393,-0.16882,-0.02261,-0.16542,0.04324,-0.01233,-0.27736,0.29603,0.21482,1e-05,-0.10665,0.54172,-0,-6e-05,-0.14412,0.31296,-0.07052,0.15,1.01943,-0.06251,0.68929,0.00827,0.16579,2.1733,0.15841,-0.26478,0.01882,-2.52946,0.03346,-0.00649,-0.19872,0.18952,-0.15684,-0.05599,-0.08171
3.46,0.09185,0.00828,0.01274,0.33917,0,0.01544,-0.16919,-0.01991,-0.21823,0.09554,0.0687,-0.26688,0.24131,0.10948,1e-05,-0.05689,0.52109,-0,-6e-05,-0.2158,0.20963,-0.05768,0.08492,0.70184,-0.04856,0.5002,-0.00578,0.16513,2.15333,0.1769,-0.23834,0.09162,-2.55299,0.02901,-0.01098,-0.25287,0.21056,-0.16225,-0.06582,-0.08273
3.48,0.09116,0.00788,0.01806,0.37481,0,0.01494,-0.1698,-0.01532,-0.25667,0.14763,0.1412,-0.24538,0.17163,0.00661,1e-05,-0.007,0.46831,-0,-6e-05,-0.28191,0.10657,-0.045,0.02464,0.42492,-0.03552,0.33289,-0.01738,0.16701,2.16424,0.1914,-0.21363,0.17163,-2.58974,0.02883,-0.01424,-0.29479,0.21797,-0.16031,-0.0721,-0.07804
3.5,0.08977,0.00735,0.02295,0.39185,0,0.01244,-0.17061,-0.00868,-0.2795,0.19781,0.20155,-0.21493,0.0915,-0.08817,1e-05,0.04054,0.38925,-0,-6e-05,-0.33974,0.00918,-0.033,-0.02874,0.19973,-0.02398,0.19496,-0.02607,0.17226,2.21796,0.20162,-0.19305,0.25412,-2.65261,0.03238,-0.01601,-0.32123,0.21249,-0.15158,-0.07497,-0.06958
3.52,0.08777,0.00675,0.02728,0.38984,0,0.00817,-0.17135,4e-05,-0.28632,0.24422,0.24687,-0.17787,0.00579,-0.16996,1e-05,0.08346,0.29124,-0,-5e-05,-0.38672,-0.07778,-0.02206,-0.0737,0.03025,-0.01424,0.08954,-0.03158,0.18048,2.31198,0.20729,-0.17769,0.33394,-2.74041,0.0384,-0.01628,-0.32999,0.19649,-0.13746,-0.07493,-0.05949
3.54,0.08519,0.00614,0.03097,0.3694,0,0.00257,-0.17162,0.01077,-0.27767,0.28502,0.27528,-0.13659,-0.08072,-0.23495,1e-05,0.1198,0.18233,-0,-5e-05,-0.42071,-0.15052,-0.01246,-0.10933,-0.08565,-0.00644,0.01589,-0.0338,0.19006,2.42893,0.2082,-0.16732,0.40553,-2.83735,0.04513,-0.01529,-0.32021,0.17354,-0.12001,-0.0727,-0.04982
3.56,0.08208,0.00558,0.03401,0.33227,0,-0.0038,-0.1709,0.02322,-0.25498,0.31851,0.28606,-0.09341,-0.16355,-0.28072,0,0.14813,0.07054,-0,-4e-05,-0.44021,-0.20646,-0.00438,-0.13533,-0.15471,-0.00052,-0.02968,-0.03287,0.19837,2.53791,0.20424,-0.16055,0.46303,-2.91429,0.05066,-0.01341,-0.29246,0.14769,-0.10152,-0.06911,-0.04227
3.58,0.07846,0.00514,0.03644,0.28118,0,-0.01034,-0.16865,0.03698,-0.22049,0.34319,0.27976,-0.05053,-0.23866,-0.30637,0,0.16763,-0.03693,-0,-3e-05,-0.44448,-0.24432,0.0021,-0.15195,-0.18637,0.00368,-0.05265,-0.02909,0.20204,2.59767,0.19541,-0.15519,0.50047,-2.93185,0.05337,-0.01112,-0.24876,0.1227,-0.08414,-0.0649,-0.03801
3.6,0.07431,0.00484,0.03828,0.21973,0,-0.01645,-0.16439,0.05149,-0.17709,0.35787,0.25811,-0.00988,-0.30261,-0.3125,0,0.17817,-0.13416,-0,-2e-05,-0.43359,-0.26415,0.00699,-0.15984,-0.19099,0.00641,-0.05916,-0.02297,0.19747,2.56136,0.18191,-0.14858,0.51212,-2.84518,0.05225,-0.00887,-0.19238,0.10138,-0.06943,-0.06061,-0.03755
3.62,0.06967,0.00469,0.03958,0.15213,0,-0.02167,-0.15774,0.06605,-0.12813,0.36173,0.22392,0.02683,-0.35257,-0.30106,0,0.18023,-0.21683,-0,-2e-05,-0.40844,-0.26716,0.01038,-0.15998,-0.17845,0.00795,-0.05514,-0.01518,0.18126,2.38267,0.16414,-0.13802,0.49296,-2.61008,0.04708,-0.00704,-0.12757,0.08518,-0.05815,-0.05651,-0.04072
3.64,0.06453,0.00465,0.04036,0.08285,0,-0.02566,-0.14848,0.07994,-0.0771,0.35441,0.18071,0.05822,-0.38641,-0.27505,0,0.17485,-0.28222,-0,-1e-05,-0.37071,-0.25548,0.01243,-0.15348,-0.1571,0.00856,-0.04567,-0.00649,0.15079,2.02309,0.14277,-0.12123,0.43938,-2.19018,0.03845,-0.00588,-0.05917,0.07412,-0.05026,-0.05261,-0.04677
3.66,0.05895,0.00469,0.04065,0.01626,0,-0.02822,-0.13658,0.09246,-0.02743,0.33605,0.13232,0.08324,-0.40284,-0.23803,0,0.16335,-0.32899,-0,-1e-05,-0.32269,-0.23177,0.01333,-0.14147,-0.13329,0.00852,-0.0347,0.00232,0.10467,1.45936,0.11869,-0.09674,0.34994,-1.56431,0.02757,-0.00551,0.00787,0.06713,-0.04507,-0.04875,-0.05451
3.68,0.05302,0.00475,0.04046,-0.04378,0,-0.02932,-0.12225,0.10301,0.0179,0.30735,0.08244,0.10119,-0.40145,-0.19374,-0,0.14722,-0.3569,-0,-0,-0.26716,-0.19891,0.01331,-0.12505,-0.11125,0.00803,-0.02498,0.01048,0.04324,0.69018,0.09301,-0.06421,0.22612,-0.73308,0.01597,-0.00596,0.06899,0.06243,-0.0415,-0.04469,-0.06249
3.7,0.04686,0.00477,0.03981,-0.09427,0,-0.02902,-0.1059,0.11115,0.0565,0.26962,0.03429,0.11176,-0.38281,-0.14564,-0,0.12788,-0.36649,0,0,-0.2072,-0.15962,0.0126,-0.10515,-0.09329,0.00726,-0.01813,0.01739,-0.03126,-0.2594,0.06699,-0.02465,0.07282,0.27676,0.00521,-0.00713,0.12048,0.05813,-0.03842,-0.04024,-0.06926
3.72,0.04068,0.0047,0.03875,-0.13323,0,-0.02752,-0.08816,0.11666,0.08677,0.2247,-0.00969,0.11504,-0.34846,-0.09668,-0,0.10658,-0.35888,0,0,-0.14605,-0.11632,0.01142,-0.0826,-0.0801,0.00635,-0.01485,0.0226,-0.11463,-1.33727,0.04199,0.01969,-0.10146,1.41159,-0.0034,-0.00891,0.1597,0.05259,-0.03486,-0.03536,-0.07354
3.74,0.03471,0.00451,0.03732,-0.15976,0,-0.02505,-0.06978,0.11949,0.10788,0.17486,-0.04787,0.11147,-0.3008,-0.04916,-0,0.08433,-0.33565,0,0,-0.08682,-0.07103,0.00994,-0.0581,-0.07119,0.00537,-0.01507,0.02591,-0.2011,-2.46793,0.0193,0.06549,-0.28509,2.59446,-0.00891,-0.01112,0.18531,0.04478,-0.03019,-0.03015,-0.07441
3.76,0.02921,0.00419,0.03562,-0.17397,0,-0.02187,-0.05161,0.1198,0.11979,0.12261,-0.07943,0.10177,-0.24288,-0.00469,-0,0.0619,-0.29885,0,1e-05,-0.0323,-0.02536,0.00831,-0.03234,-0.06533,0.00438,-0.01817,0.02734,-0.28384,-3.56009,6e-05,0.10889,-0.46415,3.73258,-0.01089,-0.01361,0.19721,0.03434,-0.0242,-0.02487,-0.07148
3.78,0.02444,0.00373,0.03373,-0.17679,0,-0.01827,-0.03445,0.11785,0.1231,0.07047,-0.10417,0.08691,-0.17814,0.03568,-0,0.03987,-0.25105,0,1e-05,0.01528,0.01938,0.00665,-0.006,-0.06094,0.00338,-0.02311,0.02716,-0.35574,-4.51684,-0.01494,0.14599,-0.62371,4.72736,-0.00938,-0.01619,0.19647,0.02161,-0.01706,-0.01989,-0.06489
3.8,0.02061,0.00318,0.03173,-0.1698,0,-0.01448,-0.01898,0.11399,0.11891,0.02078,-0.12238,0.06806,-0.11021,0.07137,-0,0.01868,-0.19546,0,1e-05,0.05437,0.06204,0.005,0.02013,-0.05641,0.00237,-0.02864,0.02582,-0.4102,-5.24662,-0.02534,0.17344,-0.74926,5.48537,-0.00482,-0.01873,0.18515,0.00749,-0.00926,-0.01558,-0.05539
3.82,0.01786,0.00258,0.02972,-0.15497,0,-0.01071,-0.00571,0.10858,0.10871,-0.02445,-0.13464,0.04651,-0.04264,0.10205,-0,-0.00125,-0.13591,0,1e-05,0.08423,0.10156,0.00338,0.04517,-0.05029,0.00134,-0.03335,0.02392,-0.44184,-5.67338,-0.03122,0.18882,-0.82817,5.92866,0.00197,-0.02106,0.16598,-0.00669,-0.0015,-0.01232,-0.0442
3.84,0.01626,0.00197,0.02777,-0.13447,0,-0.00711,0.00507,0.10194,0.09417,-0.06366,-0.1416,0.02362,0.02124,0.12756,-0,-0.01952,-0.07674,0,1e-05,0.10484,0.13684,0.00177,0.06812,-0.0414,0.00025,-0.03583,0.02207,-0.44708,-5.74509,-0.03313,0.19092,-0.85109,6.00353,0.00996,-0.02308,0.14204,-0.01945,0.00542,-0.01039,-0.03288
3.86,0.01572,0.00141,0.0259,-0.11043,0,-0.00379,0.01335,0.09434,0.07703,-0.09577,-0.14391,0.00079,0.07848,0.14774,-0,-0.03566,-0.02256,0,1e-05,0.11683,0.16677,0.00012,0.08798,-0.02885,-0.00095,-0.03475,0.02086,-0.42455,-5.43981,-0.03197,0.17986,-0.81308,5.68704,0.01799,-0.02466,0.11639,-0.02928,0.01074,-0.00995,-0.02303
3.88,0.01605,0.00095,0.02413,-0.08485,0,-0.00082,0.01932,0.08593,0.05896,-0.12019,-0.14211,-0.02063,0.12668,0.16239,-0,-0.04916,0.02207,0,1e-05,0.12131,0.1902,-0.0016,0.1038,-0.01202,-0.0023,-0.029,0.0207,-0.37531,-4.76931,-0.02882,0.15699,-0.71448,4.99103,0.02495,-0.0257,0.09175,-0.03496,0.01384,-0.01102,-0.01607
3.9,0.01696,0.00061,0.02239,-0.05941,0,0.00175,0.02342,0.07678,0.04145,-0.13677,-0.13661,-0.03933,0.16401,0.17124,-0,-0.05945,0.05313,0,1e-05,0.11972,0.20603,-0.00347,0.11476,0.00943,-0.00388,-0.01775,0.02178,-0.30282,-3.77919,-0.02485,0.12477,-0.56125,3.96253,0.02981,-0.0261,0.07018,-0.03563,0.01436,-0.01347,-0.013
3.92,0.01804,0.00043,0.02062,-0.03552,0,0.00389,0.02621,0.06689,0.02577,-0.14576,-0.12771,-0.05414,0.18925,0.17396,-0,-0.06598,0.06751,0,1e-05,0.11364,0.21326,-0.00553,0.12026,0.03553,-0.00573,-0.0006,0.02404,-0.21262,-2.54489,-0.0211,0.0864,-0.36455,2.67981,0.03181,-0.02577,0.05299,-0.031,0.01221,-0.01701,-0.01422
3.94,0.01887,0.00039,0.01874,-0.01423,0,0.00557,0.02831,0.05627,0.01292,-0.14769,-0.11566,-0.06405,0.20182,0.17023,-0,-0.06831,0.06348,0,1e-05,0.10468,0.21113,-0.00779,0.11993,0.06578,-0.0079,0.02234,0.02713,-0.11176,-1.16333,-0.01837,0.04545,-0.13962,1.24386,0.03051,-0.02465,0.0407,-0.02134,0.0076,-0.02121,-0.01949
3.96,0.01908,0.00048,0.01665,0.00366,0,0.00675,0.03029,0.04497,0.00361,-0.14327,-0.10074,-0.06824,0.20168,0.15988,-0,-0.06617,0.04106,0,1e-05,0.09435,0.1992,-0.01024,0.11364,0.09902,-0.01038,0.05032,0.03055,-0.00792,0.25846,-0.0171,0.00536,0.09597,-0.23361,0.02583,-0.02268,0.03314,-0.00752,0.00103,-0.02559,-0.028
3.98,0.01837,0.00068,0.01432,0.01755,0,0.00736,0.03256,0.03314,-0.0017,-0.13331,-0.08334,-0.06617,0.18931,0.14293,-0,-0.05957,0.00223,0,1e-05,0.08396,0.17742,-0.01282,0.10151,0.13323,-0.01313,0.08191,0.03368,0.09144,1.61571,-0.01728,-0.03098,0.32432,-1.64303,0.01813,-0.01985,0.02964,0.00909,-0.00675,-0.02956,-0.03846
4,0.01663,0.00097,0.01175,0.02705,0,0.00731,0.03531,0.02109,-0.00276,-0.11863,-0.06406,-0.05759,0.16566,0.11974,-0,-0.04886,-0.04898,0,1e-05,0.07459,0.14626,-0.0154,0.08388,0.16536,-0.016,0.11493,0.03588,0.17982,2.81657,-0.01852,-0.06156,0.5289,-2.88822,0.00814,-0.0162,0.02922,0.02676,-0.01488,-0.03259,-0.04928
4.02,0.01391,0.0013,0.00899,0.03187,0,0.00653,0.03848,0.0093,0.00043,-0.10002,-0.04369,-0.04258,0.13209,0.09101,-0,-0.03475,-0.10684,0,1e-05,0.06705,0.10672,-0.0178,0.06136,0.19132,-0.01878,0.14648,0.03661,0.25219,3.78919,-0.02005,-0.08539,0.69585,-3.89391,-0.00312,-0.0118,0.03082,0.04356,-0.02244,-0.0342,-0.05877
4.04,0.0104,0.00164,0.00615,0.03184,0,0.00496,0.04179,-0.00169,0.00777,-0.07826,-0.02323,-0.02154,0.09027,0.05786,-0,-0.01824,-0.16444,0,0,0.0619,0.06033,-0.01973,0.03476,0.20616,-0.02111,0.17302,0.03551,0.30511,4.48456,-0.02098,-0.10248,0.81449,-4.60883,-0.01446,-0.00681,0.03343,0.05768,-0.02857,-0.03402,-0.06538
4.06,0.00642,0.00197,0.00336,0.02698,0,0.0026,0.04478,-0.0113,0.01902,-0.05413,-0.00377,0.00482,0.04214,0.02167,0,-0.0005,-0.21461,-0,-0,0.05945,0.00908,-0.0208,0.0052,0.2043,-0.02252,0.19047,0.03242,0.3367,4.87597,-0.02045,-0.11354,0.87752,-5.00512,-0.02473,-0.00145,0.03626,0.06762,-0.03261,-0.03188,-0.06786
4.08,0.00234,0.00227,0.00079,0.01746,0,-0.00047,0.04693,-0.01902,0.03387,-0.02839,0.01354,0.03549,-0.01022,-0.0159,0,0.01724,-0.25083,-0,-1e-05,0.05976,-0.04468,-0.02053,-0.02599,0.17992,-0.02243,0.19447,0.02745,0.34643,4.95653,-0.0179,-0.11974,0.88083,-5.0758,-0.03301,0.004,0.03879,0.07244,-0.03417,-0.02783,-0.06544
4.1,-0.00149,0.0025,-0.00145,0.0037,0,-0.00406,0.04773,-0.02452,0.05197,-0.00187,0.02764,0.06922,-0.06464,-0.05305,0,0.03382,-0.2682,-0,-1e-05,0.06269,-0.09834,-0.01831,-0.0572,0.1274,-0.02015,0.18051,0.02098,0.33488,4.7365,-0.01325,-0.12233,0.82351,-4.83199,-0.0387,0.00923,0.04077,0.07188,-0.03316,-0.0221,-0.0579
4.12,-0.00476,0.00265,-0.00327,-0.01363,0,-0.00792,0.04676,-0.02765,0.07293,0.02458,0.0376,0.10457,-0.11894,-0.08792,0,0.04824,-0.26407,-0,-2e-05,0.06786,-0.14912,-0.0135,-0.08658,0.04178,-0.01492,0.1442,0.01361,0.30365,4.24142,-0.00688,-0.1224,0.70798,-4.30093,-0.04159,0.0139,0.04218,0.06633,-0.02978,-0.01512,-0.04556
4.14,-0.00727,0.0027,-0.0046,-0.03364,0,-0.01173,0.04375,-0.02845,0.09629,0.05007,0.04265,0.13994,-0.17102,-0.11859,0,0.05972,-0.23844,-0,-2e-05,0.07467,-0.19417,-0.00538,-0.11215,-0.08084,-0.00596,0.08149,0.00609,0.25532,3.51138,0.00033,-0.12072,0.54044,-3.52518,-0.04174,0.01769,0.04312,0.05661,-0.02446,-0.00738,-0.02913
4.16,-0.00889,0.00262,-0.00545,-0.05526,0,-0.01518,0.03858,-0.02709,0.12154,0.07378,0.0422,0.17366,-0.21896,-0.14318,0,0.06772,-0.19395,-0,-3e-05,0.08228,-0.2307,0.00668,-0.13186,-0.24289,0.00742,-0.01108,-0.00073,0.19352,2.6009,0.00728,-0.11769,0.33131,-2.56239,-0.03939,0.02034,0.04363,0.04369,-0.01765,0.00066,-0.00951
4.18,-0.00958,0.00241,-0.00583,-0.07729,0,-0.01804,0.03126,-0.02384,0.14807,0.09498,0.03585,0.20406,-0.26109,-0.1599,0,0.0719,-0.13565,-0,-3e-05,0.08959,-0.2561,0.02321,-0.14376,-0.44481,0.02579,-0.13591,-0.00607,0.12291,1.57833,0.0128,-0.11332,0.09546,-1.48472,-0.03473,0.02173,0.04359,0.02834,-0.00972,0.0087,0.01239
4.2,-0.00935,0.00204,-0.0058,-0.09847,0,-0.02016,0.02196,-0.01896,0.17518,0.11313,0.0234,0.22955,-0.29612,-0.1671,0,0.07209,-0.07036,-0,-3e-05,0.09534,-0.2681,0.04449,-0.14617,-0.68452,0.0494,-0.29389,-0.00932,0.04909,0.5232,0.01597,-0.10733,-0.14823,-0.37595,-0.02785,0.02182,0.04266,0.01096,-0.00086,0.01665,0.03582
4.22,-0.00829,0.00149,-0.00542,-0.11754,0,-0.02153,0.01097,-0.01268,0.20206,0.12791,0.00485,0.24871,-0.32314,-0.16347,0,0.06831,-0.00594,-0,-2e-05,0.09816,-0.26498,0.0704,-0.13785,-0.95673,0.07812,-0.48358,-0.01009,-0.02189,-0.47987,0.0162,-0.09924,-0.37833,0.67485,-0.01868,0.02075,0.04027,-0.00847,0.00894,0.02462,0.06021
4.24,-0.00651,0.00077,-0.00477,-0.13334,0,-0.02224,-0.00135,-0.00525,0.22782,0.13926,-0.01949,0.26035,-0.34166,-0.14809,0,0.06067,0.04981,-0,-2e-05,0.09674,-0.24571,0.10035,-0.11821,-1.25226,0.11125,-0.70044,-0.00832,-0.08416,-1.351,0.0134,-0.08846,-0.57344,1.58361,-0.00708,0.01874,0.03582,-0.0302,0.01977,0.03285,0.085
4.26,-0.0042,-0.00012,-0.00392,-0.14481,0,-0.02242,-0.0145,0.00309,0.25151,0.14735,-0.04899,0.26356,-0.35163,-0.12067,0,0.0494,0.09026,-0,-1e-05,0.09002,-0.21017,0.13313,-0.08742,-1.55738,0.14742,-0.93594,-0.00428,-0.13302,-2.02702,0.00794,-0.07436,-0.71547,2.28374,0.00693,0.01609,0.02881,-0.05436,0.03172,0.04151,0.10951
4.28,-0.00154,-0.00114,-0.00293,-0.15108,0,-0.0222,-0.02798,0.01205,0.27219,0.15261,-0.08263,0.25778,-0.35342,-0.08164,0,0.03482,0.11097,-0,-1e-05,0.07737,-0.15931,0.16679,-0.0466,-1.85344,0.18451,-1.17679,0.00143,-0.16572,-2.47267,0.0006,-0.05642,-0.79282,2.73787,0.023,0.01311,0.01912,-0.08055,0.04464,0.05062,0.13268
4.3,0.00123,-0.00226,-0.00186,-0.15152,0,-0.02163,-0.04119,0.02124,0.28899,0.1557,-0.11896,0.2429,-0.3478,-0.03231,0,0.01733,0.11041,-0,-0,0.05875,-0.09526,0.19867,0.00215,-2.11674,0.21957,-1.40464,0.00795,-0.18202,-2.68714,-0.00757,-0.03431,-0.80262,2.94469,0.04032,0.01004,0.00715,-0.10761,0.05804,0.05985,0.15298
4.32,0.00383,-0.00341,-0.00075,-0.14581,0,-0.0207,-0.05357,0.03017,0.30118,0.15754,-0.15612,0.21922,-0.33599,0.02511,-0,-0.00255,0.09019,0,0,0.03472,-0.02131,0.2254,0.05573,-2.31903,0.24893,-1.59618,0.01422,-0.18414,-2.70289,-0.01536,-0.00809,-0.7511,2.93791,0.05756,0.00706,-0.00616,-0.13349,0.07104,0.06855,0.16846
4.34,0.00599,-0.0045,0.00035,-0.13394,0,-0.0193,-0.06457,0.03827,0.30822,0.15926,-0.19195,0.18751,-0.31957,0.08764,-0,-0.02418,0.05466,0,1e-05,0.00642,0.05825,0.24308,0.11024,-2.42877,0.2683,-1.72411,0.01919,-0.17607,-2.57605,-0.02163,0.02173,-0.65184,2.77639,0.073,0.00425,-0.01949,-0.15557,0.08248,0.07583,0.17703
4.36,0.00746,-0.00547,0.00141,-0.11628,0,-0.0173,-0.07372,0.04494,0.30978,0.16222,-0.22411,0.14893,-0.30047,0.15168,-0,-0.04683,0.01012,0,1e-05,-0.02465,0.13846,0.24755,0.16125,-2.41326,0.27315,-1.75909,0.02191,-0.16244,-2.37056,-0.02544,0.05399,-0.52245,2.5277,0.08483,0.00165,-0.03132,-0.17099,0.09106,0.08066,0.17683
4.38,0.00802,-0.00622,0.0024,-0.09354,0,-0.01457,-0.0807,0.04965,0.30578,0.16796,-0.25027,0.10499,-0.28089,0.21332,-0,-0.06961,-0.03631,0,1e-05,-0.05687,0.21403,0.23482,0.20416,-2.24196,0.2591,-1.67265,0.02173,-0.14722,-2.1406,-0.02618,0.08685,-0.38054,2.25,0.09141,-0.00081,-0.04034,-0.17728,0.09562,0.08218,0.16673
4.4,0.00752,-0.00671,0.00326,-0.06676,0,-0.01106,-0.0853,0.05194,0.29634,0.17811,-0.26828,0.05748,-0.26316,0.26864,-0,-0.0916,-0.07773,0,2e-05,-0.08885,0.27987,0.20167,0.23473,-1.89091,0.2226,-1.44128,0.01844,-0.13272,-1.91697,-0.02372,0.11787,-0.24028,1.97769,0.09163,-0.00317,-0.04567,-0.17283,0.09531,0.07978,0.14662
4.42,0.00589,-0.00689,0.00396,-0.03719,0,-0.00679,-0.08753,0.05152,0.28172,0.1942,-0.27638,0.0083,-0.24955,0.314,-0,-0.11177,-0.10835,0,2e-05,-0.11972,0.33152,0.14628,0.24957,-1.34791,0.16162,-1.05124,0.01223,-0.11915,-1.7013,-0.01839,0.14422,-0.11032,1.71531,0.08503,-0.0055,-0.04712,-0.15722,0.08977,0.0733,0.11762
4.44,0.00314,-0.00676,0.00446,-0.00614,0,-0.00191,-0.08752,0.04826,0.26222,0.21742,-0.27331,-0.04067,-0.24202,0.34634,-0,-0.12913,-0.12401,0,2e-05,-0.14947,0.3656,0.06897,0.2467,-0.61808,0.07648,-0.50372,0.00374,-0.10485,-1.47019,-0.01091,0.16303,0.00632,1.4413,0.07194,-0.00779,-0.04514,-0.13124,0.07914,0.06302,0.08189
4.46,-0.00061,-0.00632,0.00468,0.02519,0,0.00338,-0.08551,0.04216,0.23797,0.24836,-0.25836,-0.08772,-0.24191,0.36338,-0,-0.14277,-0.12245,0,1e-05,-0.17913,0.38018,-0.02722,0.22605,0.27138,-0.02954,0.18057,-0.00616,-0.08718,-1.18727,-0.00232,0.17191,0.11084,1.12021,0.05331,-0.01004,-0.04087,-0.09675,0.06405,0.04958,0.04229
4.48,-0.00517,-0.0056,0.0046,0.05592,0,0.00881,-0.08179,0.03332,0.20891,0.28674,-0.23147,-0.13148,-0.24966,0.36389,-0,-0.15191,-0.10329,0,1e-05,-0.21081,0.37506,-0.13618,0.18969,1.26845,-0.14974,0.95878,-0.01646,-0.0636,-0.81929,0.00623,0.16942,0.20625,0.71883,0.03063,-0.01216,-0.03581,-0.05634,0.04547,0.03387,0.00192
4.5,-0.0103,-0.00467,0.00416,0.08557,0,0.0141,-0.07664,0.02195,0.17464,0.3312,-0.19325,-0.171,-0.26461,0.3477,-0,-0.15604,-0.06795,0,1e-05,-0.24746,0.35181,-0.24887,0.14188,2.29739,-0.27422,1.76668,-0.0262,-0.03279,-0.35079,0.01362,0.15543,0.29493,0.22121,0.00566,-0.01404,-0.03169,-0.01291,0.0246,0.01687,-0.03641
4.52,-0.0157,-0.00356,0.00335,0.11406,0,0.01902,-0.07031,0.00833,0.13459,0.37926,-0.14494,-0.20572,-0.28497,0.31579,-0,-0.15482,-0.01945,0,1e-05,-0.2923,0.31364,-0.35409,0.08864,3.26495,-0.39068,2.52425,-0.03458,0.00473,0.20687,0.01888,0.13125,0.37685,-0.36208,-0.01977,-0.01554,-0.03013,0.03062,0.00271,-0.00044,-0.0705
4.54,-0.02107,-0.00236,0.00215,0.14158,0,0.02336,-0.06294,-0.00718,0.08814,0.42743,-0.08837,-0.23538,-0.30792,0.27006,-0,-0.14818,0.0378,0,0,-0.34794,0.26487,-0.44001,0.03688,4.07202,-0.48608,3.14615,-0.04105,0.04646,0.8146,0.02129,0.09944,0.44889,-0.99276,-0.04391,-0.01653,-0.03239,0.07167,-0.01893,-0.01719,-0.09896
4.56,-0.02611,-0.00113,0.00061,0.16838,0,0.02698,-0.0546,-0.02413,0.03489,0.47151,-0.02583,-0.25982,-0.32991,0.21314,-0,-0.13618,0.09829,0,0,-0.41534,0.2103,-0.49606,-0.00677,4.62901,-0.54875,3.55563,-0.04532,0.08838,1.41227,0.02045,0.06342,0.50525,-1.61127,-0.06533,-0.01689,-0.03912,0.10814,-0.03919,-0.03267,-0.12123
4.58,-0.03056,6e-05,-0.00122,0.19451,0,0.02979,-0.04523,-0.04197,-0.02505,0.50695,0.04008,-0.27885,-0.34699,0.14805,-0,-0.11901,0.15575,-0,-0,-0.49293,0.15451,-0.51495,-0.03713,4.87166,-0.57055,3.69877,-0.04731,0.12571,1.93037,0.01626,0.02688,0.53874,-2.14831,-0.08298,-0.01656,-0.05025,0.13856,-0.05711,-0.04633,-0.13746
4.6,-0.03424,0.00115,-0.00323,0.21964,0,0.03176,-0.03472,-0.06001,-0.09079,0.52928,0.10656,-0.29205,-0.35526,0.07799,0,-0.09696,0.20367,-0,-1e-05,-0.57607,0.10119,-0.49411,-0.05144,4.7733,-0.54857,3.55533,-0.04717,0.15382,2.30338,0.00893,-0.00675,0.54243,-2.5381,-0.09624,-0.01553,-0.06489,0.16206,-0.07194,-0.0578,-0.14835
4.62,-0.03704,0.00209,-0.00529,0.24288,0,0.0329,-0.02287,-0.07747,-0.16062,0.53458,0.1708,-0.29883,-0.35122,0.00606,0,-0.07041,0.23592,-0,-1e-05,-0.65722,0.05284,-0.43628,-0.04977,4.34982,-0.48566,3.14301,-0.0452,0.1691,2.48171,-0.00102,-0.03472,0.5114,-2.73038,-0.10496,-0.01388,-0.08141,0.17838,-0.08314,-0.06684,-0.15483
4.64,-0.0389,0.00284,-0.00724,0.26286,0,0.03323,-0.00951,-0.09347,-0.23199,0.51982,0.23011,-0.29847,-0.33205,-0.06483,0,-0.03996,0.24761,-0,-2e-05,-0.72684,0.01067,-0.34891,-0.0348,3.656,-0.38993,2.51364,-0.0418,0.16954,2.4404,-0.01284,-0.05526,0.44419,-2.69915,-0.10935,-0.01175,-0.0977,0.18762,-0.09039,-0.07328,-0.1579
4.66,-0.03988,0.00336,-0.00892,0.2778,0,0.03278,0.00552,-0.10712,-0.30176,0.48313,0.28206,-0.29034,-0.29589,-0.13209,0,-0.00643,0.23593,-0,-2e-05,-0.77482,-0.02521,-0.24264,-0.01108,2.77444,-0.273,1.74271,-0.03741,0.15514,2.1836,-0.02559,-0.06764,0.34368,-2.44739,-0.10987,-0.0093,-0.11143,0.19015,-0.09354,-0.07704,-0.15833
4.68,-0.04008,0.00363,-0.01018,0.28578,0,0.03156,0.02224,-0.11758,-0.36646,0.42408,0.32468,-0.27412,-0.24192,-0.1935,0,0.02898,0.20087,-0,-3e-05,-0.79224,-0.05545,-0.12936,0.01599,1.80067,-0.14791,0.91544,-0.03252,0.12791,1.74483,-0.0382,-0.07213,0.21747,-2.00744,-0.10709,-0.00671,-0.12049,0.18642,-0.09258,-0.07803,-0.15655
4.7,-0.03964,0.00364,-0.01089,0.28497,0,0.02954,0.04058,-0.12415,-0.4227,0.34369,0.35649,-0.25001,-0.17048,-0.24722,0,0.06476,0.14564,-0,-3e-05,-0.77288,-0.0811,-0.02019,0.04117,0.82813,-0.02697,0.11298,-0.02757,0.09168,1.18273,-0.04955,-0.06983,0.07739,-1.43703,-0.10162,-0.00413,-0.12324,0.17682,-0.08764,-0.07618,-0.15255
4.72,-0.03874,0.00341,-0.01099,0.27391,0,0.0267,0.06031,-0.12632,-0.46746,0.24444,0.37667,-0.21885,-0.08302,-0.29181,0,0.09907,0.07639,-0,-4e-05,-0.71417,-0.10323,0.07592,0.06022,-0.06359,0.07987,-0.59814,-0.02298,0.05147,0.57242,-0.05861,-0.06237,-0.06194,-0.81075,-0.09398,-0.00168,-0.11876,0.16166,-0.07897,-0.07149,-0.14594
4.74,-0.03757,0.00295,-0.01042,0.25176,0,0.02302,0.08107,-0.12381,-0.49843,0.13004,0.38499,-0.18206,0.01801,-0.32625,0,0.12996,0.00141,-0,-4e-05,-0.61741,-0.12277,0.15298,0.07031,-0.81585,0.16586,-1.17188,-0.01909,0.01269,-0.00688,-0.06451,-0.05167,-0.18534,-0.20778,-0.08461,0.00054,-0.10689,0.14123,-0.0669,-0.064,-0.13608
4.76,-0.03629,0.0023,-0.0092,0.21841,0,0.01848,0.10241,-0.11661,-0.51417,0.005,0.38181,-0.14153,0.12938,-0.34993,0,0.15559,-0.07021,-0,-4e-05,-0.48726,-0.14036,0.20807,0.07015,-1.39339,0.22761,-1.58397,-0.01614,-0.0199,-0.486,-0.06667,-0.03953,-0.27979,0.30226,-0.07387,0.0025,-0.08818,0.1159,-0.05187,-0.0539,-0.12238
4.78,-0.03505,0.00151,-0.00736,0.17467,0,0.01315,0.1238,-0.105,-0.51431,-0.12572,0.36805,-0.09935,0.24733,-0.36273,0,0.1745,-0.1301,-0,-4e-05,-0.33085,-0.15635,0.24093,0.0598,-1.78302,0.2647,-1.82976,-0.01424,-0.04305,-0.81882,-0.06491,-0.02743,-0.33706,0.6723,-0.06214,0.00415,-0.06375,0.08628,-0.03443,-0.04159,-0.1045
4.8,-0.03392,0.00062,-0.00499,0.12224,0,0.00715,0.14471,-0.08949,-0.49962,-0.25714,0.34503,-0.05761,0.36777,-0.36495,0,0.18579,-0.17186,-0,-3e-05,-0.15674,-0.17083,0.25334,0.04044,-1.98998,0.27901,-1.92006,-0.01341,-0.05569,-0.99043,-0.05944,-0.0163,-0.35539,0.88602,-0.04977,0.00548,-0.03507,0.05331,-0.01526,-0.02767,-0.08257
4.82,-0.03296,-0.0003,-0.00218,0.0637,0,0.00071,0.16459,-0.07086,-0.47194,-0.38448,0.31446,-0.01826,0.4865,-0.35736,0,0.18929,-0.19189,-0,-2e-05,0.0259,-0.18368,0.24841,0.01397,-2.03313,0.27394,-1.8762,-0.01355,-0.05892,-1.01788,-0.05093,-0.00653,-0.33962,0.95868,-0.03723,0.00645,-0.00388,0.01839,0.00486,-0.01299,-0.05737
4.84,-0.03213,-0.00118,0.00093,0.00232,0,-0.00587,0.1829,-0.05007,-0.43401,-0.50337,0.27825,0.01706,0.59932,-0.34109,0,0.18544,-0.18941,-0,-1e-05,0.20806,-0.19457,0.22987,-0.01723,-1.93968,0.25367,-1.72521,-0.01445,-0.05557,-0.94287,-0.04028,0.00199,-0.29972,0.92985,-0.02502,0.00702,0.02804,-0.01672,0.02502,0.00142,-0.03025
4.86,-0.03139,-0.00197,0.00421,-0.05821,0,-0.0122,0.19905,-0.02822,-0.38911,-0.60989,0.23839,0.04707,0.70218,-0.3175,-0,0.17516,-0.16609,0,0,0.38131,-0.20302,0.20158,-0.05058,-1.74037,0.22255,-1.49556,-0.01589,-0.04923,-0.81829,-0.02858,0.00959,-0.24803,0.85011,-0.01371,0.00715,0.05894,-0.04999,0.04423,0.01447,-0.00303
4.88,-0.03064,-0.00262,0.00752,-0.11412,0,-0.01789,0.21244,-0.00646,-0.34075,-0.70063,0.1968,0.0708,0.79121,-0.28806,-0,0.15965,-0.12524,0,2e-05,0.53812,-0.20837,0.16711,-0.08351,-1.4654,0.18462,-1.21395,-0.01761,-0.04322,-0.69294,-0.0168,0.01661,-0.19604,0.76584,-0.00385,0.00678,0.08718,-0.07932,0.06146,0.0251,0.02228
4.9,-0.02974,-0.00309,0.0107,-0.16193,0,-0.02255,0.22241,0.0141,-0.29232,-0.77267,0.15523,0.08768,0.86292,-0.25423,-0,0.14015,-0.071,0,4e-05,0.67203,-0.20982,0.12953,-0.11361,-1.14164,0.14336,-0.90322,-0.01938,-0.03973,-0.59917,-0.00575,0.0232,-0.15179,0.70706,0.00405,0.00586,0.1113,-0.10275,0.07568,0.03242,0.04368
4.92,-0.02857,-0.00335,0.0136,-0.19873,0,-0.02582,0.22827,0.03244,-0.24672,-0.82364,0.11513,0.09745,0.91424,-0.21734,-1e-05,0.11783,-0.00776,0,6e-05,0.7778,-0.20656,0.09127,-0.13881,-0.79116,0.10152,-0.58137,-0.02101,-0.0394,-0.54735,0.00407,0.02928,-0.11864,0.6821,0.0096,0.00436,0.13015,-0.11867,0.08595,0.03581,0.0595
4.94,-0.027,-0.0034,0.0161,-0.22249,0,-0.02745,0.22937,0.04773,-0.20616,-0.85171,0.0776,0.10019,0.94259,-0.17858,-1e-05,0.09369,0.06018,1e-05,7e-05,0.85156,-0.1978,0.05414,-0.15746,-0.43108,0.0611,-0.26165,-0.02236,-0.04154,-0.52854,0.01241,0.03456,-0.09568,0.68046,0.01257,0.00228,0.14288,-0.12598,0.09152,0.03497,0.06854
4.96,-0.02492,-0.00323,0.01807,-0.23227,0,-0.02729,0.22511,0.05938,-0.17192,-0.85576,0.04337,0.0963,0.94606,-0.13887,-1e-05,0.06856,0.12862,1e-05,8e-05,0.89094,-0.18296,0.01939,-0.16846,-0.07432,0.02348,0.04667,-0.02329,-0.04476,-0.52383,0.01923,0.03875,-0.07953,0.68238,0.0129,-0.00035,0.14906,-0.12422,0.09192,0.02999,0.07032
4.98,-0.02224,-0.00287,0.01942,-0.22831,0,-0.02534,0.21507,0.06707,-0.14428,-0.8354,0.01278,0.08651,0.92347,-0.09892,-1e-05,0.04317,0.19345,1e-05,9e-05,0.89527,-0.16183,-0.01215,-0.1714,0.26894,-0.01051,0.33701,-0.02369,-0.04778,-0.51634,0.02458,0.04179,-0.06672,0.67099,0.01078,-0.00345,0.14872,-0.11367,0.08701,0.02131,0.06507
5,-0.01891,-0.00236,0.0201,-0.21209,0,-0.02173,0.19906,0.07082,-0.12258,-0.79122,-0.01418,0.07188,0.87465,-0.05926,-1e-05,0.01821,0.25047,1e-05,8e-05,0.86575,-0.13463,-0.03998,-0.16649,0.58967,-0.04034,0.60403,-0.02342,-0.05017,-0.50114,0.02847,0.04394,-0.05568,0.64234,0.00661,-0.00691,0.1423,-0.09536,0.07707,0.00976,0.05384
5.02,-0.01492,-0.00173,0.02008,-0.18608,0,-0.01677,0.17721,0.07092,-0.10534,-0.72486,-0.03775,0.05373,0.80055,-0.02031,-1e-05,-0.00561,0.29556,1e-05,7e-05,0.80537,-0.10216,-0.06374,-0.15462,0.87867,-0.06569,0.84237,-0.02232,-0.05256,-0.4891,0.03084,0.04586,-0.0477,0.60916,0.00101,-0.01055,0.13066,-0.07101,0.06282,-0.00357,0.03834
5.04,-0.0103,-0.00103,0.01938,-0.15348,0,-0.01087,0.14997,0.06791,-0.09061,-0.63901,-0.05831,0.03356,0.70337,0.01748,-1e-05,-0.02756,0.32494,0,6e-05,0.71875,-0.06574,-0.08314,-0.13712,1.1257,-0.08629,1.04566,-0.02024,-0.05642,-0.50321,0.03153,0.04838,-0.04628,0.59692,-0.00523,-0.01415,0.11482,-0.04289,0.04533,-0.01735,0.02082
5.06,-0.00511,-0.00031,0.01805,-0.11774,0,-0.00451,0.11814,0.06245,-0.07636,-0.53739,-0.07615,0.01298,0.58659,0.05352,-1e-05,-0.04685,0.33567,0,4e-05,0.61177,-0.02718,-0.09784,-0.11564,1.31933,-0.10182,1.20609,-0.017,-0.06334,-0.56878,0.03037,0.05223,-0.05552,0.63368,-0.01119,-0.01747,0.09586,-0.01361,0.02589,-0.03016,0.00374
5.08,0.00056,0.00038,0.01614,-0.08208,0,0.00177,0.08281,0.05527,-0.06086,-0.42459,-0.09141,-0.00648,0.45493,0.08697,-0,-0.06274,0.32619,0,2e-05,0.49107,0.0114,-0.10743,-0.09187,1.44753,-0.1119,1.31462,-0.01246,-0.07422,-0.70122,0.02722,0.05774,-0.0778,0.73749,-0.01592,-0.02025,0.07464,0.01417,0.00596,-0.04056,-0.01047
5.1,0.00659,0.00099,0.01375,-0.0491,0,0.00746,0.04532,0.04705,-0.04301,-0.30587,-0.1039,-0.02343,0.31424,0.11666,-0,-0.07456,0.29673,0,1e-05,0.36369,0.04764,-0.1115,-0.06739,1.49882,-0.11609,1.36177,-0.00654,-0.08857,-0.89628,0.02208,0.06458,-0.11205,0.90627,-0.0185,-0.02223,0.05171,0.03793,-0.01307,-0.04729,-0.01974
5.12,0.01283,0.00148,0.01098,-0.02058,0,0.01213,0.00716,0.03836,-0.02253,-0.18691,-0.11312,-0.03676,0.17122,0.14112,0,-0.08174,0.2495,-0,-1e-05,0.23653,0.07916,-0.10966,-0.04355,1.46405,-0.11404,1.33906,0.00078,-0.10431,-1.1265,0.01511,0.07168,-0.15306,1.11411,-0.01816,-0.02319,0.02732,0.05557,-0.02993,-0.04931,-0.02254
5.14,0.01914,0.00182,0.00794,0.00259,0,0.01543,-0.03012,0.02964,1e-05,-0.07343,-0.11829,-0.04562,0.0329,0.15863,0,-0.08387,0.18848,-0,-2e-05,0.11604,0.10368,-0.10168,-0.02149,1.3383,-0.10556,1.24092,0.0094,-0.11806,-1.34553,0.00667,0.07741,-0.19227,1.31561,-0.01432,-0.02296,0.00148,0.06558,-0.04361,-0.046,-0.01805
5.16,0.02537,0.002,0.00475,0.02024,0,0.01715,-0.06503,0.02115,0.02345,0.02928,-0.11849,-0.04948,-0.09386,0.16745,0,-0.08071,0.11888,-0,-3e-05,0.0078,0.11914,-0.0877,-0.00216,1.12297,-0.0908,1.06669,0.01915,-0.12601,-1.49907,-0.00275,0.07991,-0.21976,1.45697,-0.00673,-0.02145,-0.02584,0.06715,-0.0534,-0.03715,-0.00622
5.18,0.03137,0.00201,0.00153,0.03275,0,0.01723,-0.09632,0.01307,0.04619,0.11675,-0.1128,-0.0481,-0.2031,0.16599,1e-05,-0.07219,0.04643,-0,-4e-05,-0.08373,0.12392,-0.06828,0.01359,0.82728,-0.0704,0.82241,0.02974,-0.12482,-1.53892,-0.0126,0.07746,-0.22683,1.49022,0.00452,-0.01869,-0.05441,0.06025,-0.05893,-0.0231,0.01225
5.2,0.03699,0.00185,-0.0016,0.04072,0,0.01577,-0.12301,0.00546,0.06659,0.18574,-0.10058,-0.04154,-0.29021,0.15311,1e-05,-0.05847,-0.02329,-0,-5e-05,-0.15547,0.11694,-0.04455,0.02499,0.46893,-0.04554,0.52169,0.04079,-0.11261,-1.43551,-0.02232,0.06896,-0.20828,1.38594,0.01896,-0.0148,-0.08365,0.04565,-0.06018,-0.00468,0.036
5.22,0.04211,0.00154,-0.00452,0.04483,0,0.013,-0.1445,-0.00166,0.08319,0.23442,-0.08157,-0.03012,-0.35237,0.12835,1e-05,-0.03994,-0.08547,-0,-5e-05,-0.20574,0.09787,-0.01813,0.0313,0.07317,-0.01795,0.18523,0.05188,-0.08941,-1.18527,-0.03142,0.05414,-0.16372,1.14067,0.03577,-0.01004,-0.11244,0.02479,-0.05748,0.01679,0.06309
5.24,0.04661,0.00113,-0.00713,0.04571,0,0.00925,-0.16053,-0.00829,0.09494,0.26238,-0.05607,-0.01444,-0.38855,0.09211,1e-05,-0.01727,-0.13653,-0,-5e-05,-0.23424,0.06721,0.00899,0.03198,-0.32975,0.01031,-0.16133,0.06255,-0.05717,-0.81078,-0.0395,0.03366,-0.09756,0.77698,0.05384,-0.00473,-0.13922,-0.00035,-0.05141,0.03963,0.09125
5.26,0.05041,0.00063,-0.00934,0.04382,0,0.00494,-0.17118,-0.0144,0.10132,0.27051,-0.02502,0.00462,-0.39949,0.04583,1e-05,0.00857,-0.17428,-0,-5e-05,-0.24194,0.0264,0.03472,0.02678,-0.70837,0.03708,-0.49071,0.07233,-0.01929,-0.35465,-0.0463,0.00902,-0.01778,0.33711,0.07193,0.00074,-0.16215,-0.0275,-0.04274,0.062,0.11806
5.28,0.05341,0.00012,-0.01107,0.03957,0,0.00048,-0.17678,-0.0199,0.10241,0.26082,0.01001,0.02597,-0.38742,-0.00805,2e-05,0.03629,-0.19799,-1e-05,-4e-05,-0.23089,-0.02216,0.05715,0.01598,-1.03432,0.06035,-0.77787,0.08082,0.02012,0.13046,-0.05168,-0.01768,0.06588,-0.12721,0.08877,0.00601,-0.17934,-0.05437,-0.03236,0.08207,0.14124
5.3,0.05556,-0.00038,-0.01229,0.03328,0,-0.00375,-0.17782,-0.02464,0.09886,0.23613,0.04686,0.04828,-0.35575,-0.06608,2e-05,0.06429,-0.2083,-1e-05,-4e-05,-0.20402,-0.07514,0.07478,0.00042,-1.286,0.07861,-1.00333,0.08769,0.05706,0.59242,-0.0556,-0.04401,0.14397,-0.56542,0.10324,0.01072,-0.18912,-0.07887,-0.02118,0.09823,0.1588
5.32,0.05681,-0.00082,-0.01298,0.02528,0,-0.00743,-0.17492,-0.02841,0.09184,0.19984,0.08291,0.07009,-0.30871,-0.12405,2e-05,0.09075,-0.20693,-1e-05,-4e-05,-0.16488,-0.12852,0.08675,-0.0184,-1.45078,0.09095,-1.15534,0.09269,0.08821,0.98802,-0.05809,-0.06757,0.20887,-0.93656,0.11442,0.01461,-0.19028,-0.09927,-0.01003,0.10926,0.16928
5.34,0.05713,-0.00115,-0.01317,0.01595,0,-0.01035,-0.16875,-0.03096,0.08278,0.15562,0.11532,0.08987,-0.25099,-0.17733,2e-05,0.11375,-0.19626,-1e-05,-3e-05,-0.11744,-0.17786,0.09277,-0.03847,-1.52545,0.09711,-1.23034,0.09565,0.11137,1.28793,-0.0592,-0.0863,0.25564,-1.21388,0.1217,0.01753,-0.18222,-0.11435,0.00035,0.11437,0.17179
5.36,0.05651,-0.00134,-0.01289,0.00572,0,-0.01239,-0.15995,-0.03203,0.07324,0.10723,0.14131,0.10618,-0.18735,-0.22135,2e-05,0.13143,-0.17892,-1e-05,-3e-05,-0.06577,-0.2188,0.09316,-0.05752,-1.51509,0.0974,-1.23214,0.0965,0.1255,1.47801,-0.05897,-0.09871,0.28222,-1.38577,0.12474,0.01942,-0.16502,-0.12338,0.0094,0.11332,0.16612
5.38,0.05498,-0.00138,-0.0122,-0.00495,0,-0.01355,-0.14911,-0.03139,0.06466,0.0582,0.15851,0.11778,-0.12228,-0.25214,1e-05,0.14219,-0.15736,-1e-05,-2e-05,-0.01378,-0.24748,0.08864,-0.07328,-1.4309,0.09259,-1.17006,0.09518,0.13067,1.55796,-0.05739,-0.1041,0.28909,-1.4539,0.1235,0.0203,-0.13944,-0.12612,0.01675,0.10637,0.15268
5.4,0.05257,-0.00126,-0.01119,-0.01553,0,-0.01393,-0.13677,-0.02885,0.05817,0.01171,0.16516,0.12375,-0.05973,-0.26676,1e-05,0.1449,-0.13356,-1e-05,-1e-05,0.03498,-0.26105,0.0802,-0.08381,-1.2878,0.08371,-1.05691,0.0917,0.12781,1.53845,-0.05434,-0.10268,0.27867,-1.42994,0.11821,0.02031,-0.10692,-0.12281,0.02221,0.09426,0.13249
5.42,0.04935,-0.00098,-0.00992,-0.02549,0,-0.01368,-0.12337,-0.02437,0.05445,-0.02963,0.16042,0.12362,-0.00295,-0.26363,-1e-05,0.13901,-0.1089,-1e-05,1e-05,0.07763,-0.25792,0.06893,-0.0877,-1.10222,0.07191,-0.90696,0.08605,0.11846,1.43763,-0.04967,-0.0955,0.2546,-1.33201,0.10934,0.01963,-0.06945,-0.11409,0.02578,0.07811,0.10706
5.44,0.04542,-0.00055,-0.00848,-0.03428,0,-0.01303,-0.10928,-0.018,0.05372,-0.0639,0.14434,0.11735,0.04571,-0.24268,-2e-05,0.12466,-0.0843,-1e-05,3e-05,0.11205,-0.23797,0.05591,-0.0843,-0.89032,0.05831,-0.73431,0.0783,0.10453,1.27784,-0.04313,-0.08428,0.22106,-1.18133,0.09755,0.0185,-0.02944,-0.10092,0.02762,0.05932,0.07825
5.46,0.04092,-2e-05,-0.00692,-0.04135,0,-0.0122,-0.09479,-0.00993,0.05572,-0.08997,0.11796,0.10537,0.08482,-0.20532,-4e-05,0.10265,-0.06038,-0,5e-05,0.13708,-0.2025,0.04213,-0.0737,-0.6668,0.04393,-0.55181,0.0685,0.08799,1.08271,-0.03448,-0.07114,0.18225,-0.99978,0.08366,0.01713,0.01048,-0.08449,0.02797,0.03937,0.04808
5.48,0.03599,0.00059,-0.00528,-0.04618,0,-0.01141,-0.0801,-0.00046,0.05986,-0.10761,0.08309,0.08849,0.11387,-0.15425,-7e-05,0.07439,-0.03779,0,8e-05,0.15259,-0.15408,0.02844,-0.05679,-0.4443,0.02966,-0.37037,0.0568,0.07076,0.87498,-0.02351,-0.05823,0.14193,-0.80814,0.06859,0.01572,0.04766,-0.06619,0.0271,0.01969,0.01854
5.5,0.03082,0.00123,-0.0036,-0.04834,0,-0.01081,-0.06535,0.00998,0.06527,-0.11745,0.04223,0.06785,0.13329,-0.09319,-0.0001,0.04184,-0.01736,1e-05,0.00011,0.15947,-0.09632,0.01548,-0.0351,-0.23318,0.01616,-0.19869,0.0434,0.05454,0.67507,-0.01011,-0.04754,0.10319,-0.62502,0.05328,0.0144,0.07969,-0.04739,0.02527,0.00154,-0.00858
5.52,0.02558,0.00187,-0.00187,-0.0475,0,-0.0105,-0.05063,0.02088,0.07098,-0.12088,-0.00171,0.04482,0.14425,-0.02655,-0.00014,0.00727,-0.00017,2e-05,0.00015,0.15946,-0.03352,0.00376,-0.01065,-0.04161,0.00397,-0.04338,0.02857,0.0407,0.50022,0.00573,-0.04057,0.06828,-0.46636,0.03863,0.01324,0.10451,-0.02942,0.02268,-0.01414,-0.03186
5.54,0.02044,0.00246,-9e-05,-0.04346,0,-0.01049,-0.03599,0.03166,0.076,-0.1198,-0.04567,0.02087,0.14848,0.04102,-0.00019,-0.02694,0.01261,4e-05,0.00019,0.15488,0.02977,-0.00635,0.01431,0.12419,-0.00654,0.09079,0.01265,0.03027,0.36411,0.02383,-0.03833,0.0386,-0.34515,0.02537,0.01222,0.12064,-0.01333,0.01945,-0.02674,-0.05031
5.56,0.01556,0.00297,0.00176,-0.03626,0,-0.01072,-0.02144,0.04174,0.07952,-0.11639,-0.08671,-0.00254,0.14806,0.10502,-0.00023,-0.05852,0.02005,6e-05,0.00022,0.14825,0.08921,-0.01462,0.03755,0.25969,-0.01513,0.20057,-0.00397,0.02392,0.27683,0.04385,-0.04128,0.01476,-0.2713,0.01401,0.01125,0.1273,0.00019,0.0156,-0.03603,-0.06347
5.58,0.01101,0.00337,0.00369,-0.02616,0,-0.01105,-0.00702,0.05056,0.08093,-0.11267,-0.12234,-0.0241,0.14506,0.16159,-0.00027,-0.0856,0.02183,8e-05,0.00025,0.14184,0.14108,-0.0209,0.0572,0.36186,-0.02164,0.28387,-0.02087,0.02197,0.24488,0.06533,-0.04942,-0.00334,-0.2515,0.0047,0.01018,0.12444,0.01098,0.01107,-0.04211,-0.07137
5.6,0.00685,0.00364,0.00569,-0.01366,0,-0.0113,0.00723,0.05766,0.07992,-0.11025,-0.15074,-0.04275,0.1413,0.20776,-0.00029,-0.10689,0.01848,0.0001,0.00027,0.13731,0.18266,-0.0251,0.07193,0.429,-0.02599,0.33958,-0.03765,0.0244,0.27114,0.08763,-0.06232,-0.01633,-0.28897,-0.0028,0.00885,0.11279,0.01942,0.00575,-0.04535,-0.07451
5.62,0.00307,0.00378,0.00777,0.00053,0,-0.01127,0.02118,0.06265,0.0765,-0.11001,-0.17081,-0.05774,0.13809,0.24168,-0.0003,-0.12173,0.01143,0.00012,0.00027,0.13542,0.21243,-0.02721,0.08109,0.46073,-0.02818,0.36742,-0.05387,0.03087,0.35464,0.11,-0.07921,-0.02523,-0.38308,-0.00899,0.00707,0.09375,0.02632,-0.00049,-0.04636,-0.07376
5.64,-0.00037,0.00378,0.00988,0.01553,0,-0.01076,0.03458,0.06529,0.07098,-0.11197,-0.18224,-0.06865,0.13598,0.26262,-0.00028,-0.13011,0.00288,0.00015,0.00024,0.13588,0.23002,-0.02729,0.08472,0.45799,-0.02827,0.36806,-0.06913,0.04069,0.49017,0.13157,-0.099,-0.03125,-0.52878,-0.01459,0.00472,0.06923,0.03276,-0.00773,-0.04579,-0.07021
5.66,-0.0035,0.00366,0.01197,0.03047,0,-0.00965,0.04696,0.06548,0.06383,-0.11516,-0.18538,-0.07536,0.13457,0.27085,-0.00022,-0.13251,-0.00466,0.00016,0.00019,0.1373,0.23612,-0.02547,0.08345,0.42316,-0.02641,0.34321,-0.08295,0.05291,0.66769,0.15133,-0.12026,-0.0356,-0.71608,-0.02026,0.00171,0.04136,0.03977,-0.01597,-0.04433,-0.06498
5.68,-0.00634,0.00344,0.01399,0.04455,0,-0.00789,0.05762,0.06323,0.05568,-0.11766,-0.18105,-0.07803,0.13243,0.26744,-0.0001,-0.12976,-0.00883,0.00017,9e-05,0.13729,0.2322,-0.02198,0.07837,0.3601,-0.02285,0.29587,-0.0948,0.06624,0.87191,0.16814,-0.14121,-0.03936,-0.92955,-0.02644,-0.00193,0.01227,0.04802,-0.02504,-0.04249,-0.05907
5.7,-0.00882,0.00315,0.01585,0.05719,0,-0.00552,0.06558,0.05869,0.0471,-0.11669,-0.17039,-0.07701,0.1271,0.25397,9e-05,-0.1228,-0.00786,0.00017,-5e-05,0.13263,0.22026,-0.01716,0.07082,0.27412,-0.01793,0.23041,-0.10398,0.07912,1.08218,0.18066,-0.15968,-0.04333,-1.14832,-0.03313,-0.00606,-0.01622,0.05752,-0.03457,-0.04064,-0.05316
5.72,-0.01081,0.0028,0.01747,0.06803,0,-0.00272,0.06954,0.05206,0.03864,-0.10878,-0.15461,-0.0728,0.1152,0.23228,0.00037,-0.11255,-0.00084,0.00014,-0.00023,0.11948,0.20246,-0.01143,0.06226,0.17173,-0.0121,0.15241,-0.10958,0.08976,1.27292,0.18722,-0.17315,-0.04793,-1.34658,-0.0398,-0.01043,-0.04273,0.06754,-0.04402,-0.0389,-0.04759
5.74,-0.01205,0.00243,0.01876,0.07696,0,0.00026,0.06793,0.04357,0.03066,-0.09006,-0.13482,-0.06592,0.09267,0.20415,0.00074,-0.09976,0.01228,8e-05,-0.00046,0.09369,0.18091,-0.00528,0.05411,0.06014,-0.00587,0.06827,-0.11038,0.09622,1.41493,0.18577,-0.1788,-0.05318,-1.49492,-0.04536,-0.01469,-0.06639,0.07655,-0.05266,-0.03719,-0.04229
5.76,-0.01222,0.00205,0.01963,0.08402,0,0.00313,0.05895,0.0334,0.02334,-0.0566,-0.11184,-0.05687,0.05516,0.17102,0.00121,-0.08493,0.03084,-0,-0.00072,0.05107,0.15736,0.00078,0.04765,-0.05345,0.00027,-0.0154,-0.10475,0.09653,1.47769,0.17368,-0.17364,-0.05867,-1.56268,-0.0483,-0.01844,-0.08686,0.08242,-0.05964,-0.0353,-0.03687
5.78,-0.01088,0.00167,0.01997,0.08936,0,0.00558,0.04066,0.02162,0.01664,-0.00482,-0.08612,-0.04604,-0.00147,0.13384,0.00178,-0.06826,0.05377,-0.00014,-0.00101,-0.01214,0.13301,0.00628,0.04394,-0.16263,0.00583,-0.09253,-0.09062,0.08889,1.43249,0.14766,-0.15479,-0.0637,-1.52112,-0.04685,-0.02126,-0.10421,0.08274,-0.06411,-0.03297,-0.0307
5.8,-0.00756,0.00127,0.01967,0.09308,0,0.00739,0.01117,0.00811,0.01031,0.06807,-0.05764,-0.03365,-0.08071,0.09287,0.00243,-0.04963,0.07994,-0.00032,-0.0013,-0.09894,0.1084,0.01085,0.04375,-0.26236,0.01045,-0.15818,-0.06545,0.07187,1.25643,0.10379,-0.1198,-0.06732,-1.34748,-0.03919,-0.02282,-0.11886,0.07508,-0.06526,-0.02993,-0.02306
5.82,-0.00175,0.00083,0.01864,0.09519,0,0.00845,-0.03129,-0.00747,0.00395,0.16367,-0.02596,-0.01976,-0.1848,0.04768,0.00314,-0.02871,0.10843,-0.00056,-0.00157,-0.21107,0.08335,0.01424,0.04756,-0.34938,0.01389,-0.20903,-0.02632,0.04472,0.93694,0.03759,-0.06712,-0.06863,-1.02944,-0.02372,-0.02288,-0.13135,0.05746,-0.06255,-0.02603,-0.01325
5.84,0.00706,0.00032,0.01676,0.09545,0,0.00884,-0.0881,-0.02571,-0.00297,0.28195,0.00969,-0.00423,-0.3143,-0.00272,0.00385,-0.005,0.13868,-0.00085,-0.00178,-0.34859,0.05705,0.01632,0.05554,-0.42222,0.01607,-0.24345,0.0299,0.00764,0.47622,-0.05568,0.00341,-0.06692,-0.56962,0.00071,-0.02136,-0.14226,0.02867,-0.05571,-0.0212,-0.00069
5.86,0.01931,-0.00029,0.01394,0.09341,0,0.00883,-0.16012,-0.0474,-0.01104,0.4209,0.05025,0.0132,-0.46764,-0.05974,0.00448,0.02204,0.17053,-0.00119,-0.00188,-0.50946,0.02814,0.01711,0.06752,-0.48095,0.01704,-0.26146,0.10628,-0.03799,-0.10511,-0.18056,0.09008,-0.06199,0.01075,0.03458,-0.01842,-0.15196,-0.01141,-0.04496,-0.01549,0.01491
5.88,0.03535,-0.00106,0.0101,0.0883,0,0.00895,-0.24745,-0.07354,-0.02076,0.5763,0.09665,0.03286,-0.64081,-0.12494,0.00493,0.05286,0.2042,-0.00157,-0.00183,-0.68922,-0.00508,0.01675,0.08305,-0.5268,0.01698,-0.26445,0.20554,-0.08948,-0.76615,-0.34089,0.18901,-0.05426,0.6701,0.07754,-0.01443,-0.16055,-0.06159,-0.03098,-0.00905,0.03351
5.9,0.05539,-0.00203,0.00518,0.07913,0,0.00991,-0.34926,-0.1052,-0.03253,0.74158,0.14956,0.05506,-0.82714,-0.19964,0.00505,0.08764,0.2401,-0.00198,-0.00158,-0.88074,-0.04439,0.01545,0.10139,-0.56157,0.01616,-0.25478,0.32952,-0.14295,-1.44715,-0.53905,0.29413,-0.04489,1.34799,0.12827,-0.01,-0.16771,-0.11926,-0.015,-0.0021,0.05469
5.92,0.07941,-0.00322,-0.00086,0.06473,0,0.01265,-0.46363,-0.14347,-0.04646,0.90781,0.20915,0.07998,-1.01729,-0.28464,0.00468,0.12613,0.27868,-0.00236,-0.00106,-1.07422,-0.09135,0.01353,0.12161,-0.58722,0.01495,-0.23543,0.47877,-0.19368,-2.07512,-0.77519,0.39762,-0.0356,1.97088,0.18456,-0.00597,-0.17268,-0.18052,0.00131,0.00504,0.0776
5.94,0.10721,-0.00467,-0.00798,0.04386,0,0.01818,-0.58748,-0.1893,-0.06236,1.06397,0.27496,0.10756,-1.19947,-0.37981,0.00361,0.1675,0.32016,-0.00268,-0.00021,-1.25738,-0.14706,0.01132,0.14257,-0.60532,0.01372,-0.20959,0.652,-0.23676,-2.57379,-1.04653,0.49078,-0.02839,2.46226,0.24342,-0.00332,-0.17422,-0.24043,0.016,0.01201,0.10097
5.96,0.13828,-0.00639,-0.01612,0.0154,0,0.02752,-0.71657,-0.24328,-0.07966,1.19745,0.34569,0.13737,-1.35992,-0.48375,0.0016,0.2102,0.36432,-0.00286,0.00101,-1.41598,-0.21179,0.00917,0.16307,-0.61677,0.01288,-0.18033,0.84564,-0.26794,-2.87643,-1.34657,0.56525,-0.02508,2.75572,0.30127,-0.00311,-0.1707,-0.29355,0.02707,0.01835,0.12321
5.98,0.17186,-0.0084,-0.02512,-0.02155,0,0.04155,-0.84558,-0.30555,-0.09737,1.2948,0.41912,0.16853,-1.4837,-0.59358,-0.00156,0.25189,0.41027,-0.00282,0.00266,-1.53465,-0.28476,0.00745,0.18193,-0.62155,0.01278,-0.15032,1.05352,-0.2845,-2.93872,-1.66475,0.61435,-0.02681,2.80801,0.35434,-0.00631,-0.16017,-0.33447,0.03273,0.02352,0.14249
6,0.20691,-0.0107,-0.03477,-0.06747,0,0.06087,-0.96833,-0.37553,-0.11409,1.34275,0.49205,0.19972,-1.55574,-0.70476,-0.00611,0.28945,0.45629,-0.00246,0.00477,-1.59797,-0.36394,0.00651,0.19803,-0.61871,0.01375,-0.12163,1.26675,-0.28579,-2.74835,-1.98629,0.6341,-0.03374,2.60866,0.39896,-0.01374,-0.14061,-0.35846,0.03166,0.0269,0.15686
6.02,0.24214,-0.01327,-0.04475,-0.12232,0,0.08565,-1.0781,-0.45182,-0.12813,1.3293,0.56037,0.22928,-1.56209,-0.81113,-0.01224,0.31911,0.49981,-0.00164,0.00734,-1.59178,-0.44594,0.00665,0.21046,-0.60651,0.01602,-0.09565,1.47393,-0.27343,-2.32825,-2.2926,0.62373,-0.04492,2.18317,0.43187,-0.02585,-0.11007,-0.36195,0.0232,0.0279,0.16445
6.04,0.2761,-0.01606,-0.05468,-0.18545,0,0.11551,-1.16803,-0.53205,-0.13762,1.24504,0.61919,0.25529,-1.49132,-0.90515,-0.02003,0.33671,0.53741,-0.00023,0.01031,-1.50464,-0.52607,0.00813,0.21854,-0.58263,0.01969,-0.07309,1.66172,-0.25089,-1.73232,-2.56212,0.58562,-0.05848,1.58844,0.45055,-0.0427,-0.06694,-0.34296,0.00743,0.02594,0.16366
6.06,0.30719,-0.01899,-0.06408,-0.25557,0,0.1494,-1.23159,-0.61285,-0.14076,1.08437,0.66305,0.27583,-1.33595,-0.9783,-0.02946,0.33806,0.565,0.0019,0.0136,-1.32924,-0.59859,0.01115,0.22185,-0.54463,0.02476,-0.05401,1.81564,-0.22273,-1.03489,-2.77183,0.52451,-0.07205,0.90193,0.45339,-0.06376,-0.01024,-0.3013,-0.01484,0.02063,0.15335
6.08,0.3338,-0.02194,-0.07245,-0.33078,0,0.18557,-1.26318,-0.68984,-0.13599,0.84671,0.68633,0.28926,-1.09383,-1.0217,-0.0403,0.31938,0.57808,0.00487,0.01699,-1.06391,-0.65703,0.01581,0.22025,-0.49032,0.031,-0.03796,1.92133,-0.19353,-0.31702,-2.89904,0.44656,-0.08323,0.20744,0.43983,-0.0879,0.06015,-0.23876,-0.04207,0.01186,0.13303
6.1,0.35443,-0.02471,-0.07924,-0.40861,0,0.22156,-1.25864,-0.75786,-0.12223,0.53737,0.68373,0.29433,-0.76916,-1.02692,-0.05206,0.27783,0.57205,0.00877,0.02019,-0.71368,-0.69475,0.02212,0.21388,-0.41816,0.03802,-0.02411,1.96572,-0.16701,0.3469,-2.92349,0.35827,-0.09008,-0.41862,0.4105,-0.11334,0.14329,-0.15893,-0.0722,-0.00014,0.10302
6.12,0.36773,-0.02706,-0.08393,-0.48607,0,0.25431,-1.21563,-0.81114,-0.09912,0.16785,0.65081,0.29032,-0.37295,-0.98679,-0.06391,0.21198,0.54269,0.01364,0.02278,-0.29078,-0.70557,0.02992,0.20301,-0.32753,0.04512,-0.01136,1.93829,-0.14529,0.89923,-2.82925,0.26563,-0.09142,-0.91759,0.36709,-0.13775,0.23699,-0.06702,-0.10277,-0.01478,0.06451
6.14,0.37264,-0.02874,-0.08606,-0.55971,0,0.28035,-1.13384,-0.84377,-0.06704,-0.2446,0.58462,0.27702,0.07743,-0.89624,-0.07463,0.12214,0.48648,0.01941,0.02419,0.18571,-0.68452,0.03884,0.188,-0.21885,0.05135,0.00152,1.83198,-0.1286,1.30439,-2.60631,0.17352,-0.08684,-1.25394,0.31217,-0.1583,0.33782,0.03071,-0.13112,-0.0311,0.01948
6.16,0.36839,-0.02946,-0.08528,-0.62576,0,0.29608,-1.015,-0.85015,-0.0272,-0.67807,0.48424,0.25457,0.55934,-0.75315,-0.08252,0.01072,0.40106,0.0259,0.02371,0.69094,-0.62854,0.04829,0.16911,-0.09354,0.05542,0.01574,1.64406,-0.11535,1.54963,-2.25193,0.08545,-0.07657,-1.41595,0.24894,-0.17195,0.4412,0.12755,-0.15466,-0.04789,-0.02944
6.18,0.35458,-0.02897,-0.08143,-0.68025,0,0.29811,-0.86278,-0.8256,0.01839,-1.1076,0.35135,0.22332,1.0465,-0.55902,-0.0854,-0.1177,0.28563,0.03276,0.02049,1.19598,-0.53724,0.05736,0.14639,0.04606,0.05571,0.03241,1.3766,-0.10253,1.64226,-1.77152,0.00347,-0.06121,-1.41286,0.18082,-0.17569,0.54161,0.21709,-0.17114,-0.06379,-0.07915
6.2,0.33123,-0.02707,-0.07454,-0.71928,0,0.28362,-0.6826,-0.76689,0.06704,-1.50705,0.19051,0.18377,1.51095,-0.31947,-0.08058,-0.25633,0.14126,0.03943,0.0136,1.66986,-0.41338,0.06479,0.11964,0.19672,0.05028,0.05237,1.03689,-0.08626,1.60495,-1.17907,-0.07165,-0.04146,-1.27004,0.11118,-0.16687,0.63291,0.29382,-0.17881,-0.07747,-0.12636
6.22,0.29875,-0.02361,-0.06489,-0.73922,0,0.25078,-0.48132,-0.67281,0.11553,-1.85099,0.00915,0.13649,1.92498,-0.04436,-0.06494,-0.39649,-0.02891,0.04509,0.00202,2.08186,-0.26297,0.06891,0.0885,0.35427,0.03691,0.07609,0.63721,-0.06248,1.47016,-0.4969,-0.14017,-0.01789,-1.02351,0.04307,-0.14353,0.7087,0.35359,-0.1767,-0.08769,-0.16779
6.24,0.25798,-0.01857,-0.05295,-0.73698,0,0.19899,-0.26685,-0.54439,0.16036,-2.1167,-0.18285,0.08222,2.26313,0.25264,-0.03503,-0.52806,-0.21963,0.04867,-0.01522,2.40382,-0.09505,0.06767,0.05262,0.51344,0.01322,0.10352,0.19418,-0.02762,1.27462,0.24559,-0.20305,0.00906,-0.71449,-0.02098,-0.10474,0.76277,0.39389,-0.16468,-0.09345,-0.2004
6.26,0.21008,-0.01201,-0.03938,-0.71027,0,0.12912,-0.04754,-0.3851,0.19802,-2.28592,-0.37395,0.02201,2.50407,0.5549,0.01269,-0.64028,-0.42363,0.0488,-0.03893,2.61255,0.07918,0.05861,0.012,0.66764,-0.02315,0.13395,-0.27236,0.02075,1.05435,1.01395,-0.26165,0.03908,-0.38458,-0.079,-0.05082,0.78966,0.41388,-0.14354,-0.09402,-0.22165
6.28,0.15651,-0.0041,-0.02492,-0.6579,0,0.04364,0.16835,-0.20075,0.22535,-2.34664,-0.552,-0.04262,2.63244,0.84396,0.08154,-0.72254,-0.63164,0.04381,-0.06966,2.69214,0.24741,0.03896,-0.03261,0.80856,-0.07434,0.16584,-0.74085,0.0834,0.84061,1.7712,-0.31743,0.07185,-0.07177,-0.12975,0.01643,0.78516,0.4143,-0.11497,-0.08907,-0.22968
6.3,0.09887,0.0049,-0.01039,-0.57999,0,-0.05341,0.37326,0.0007,0.23985,-2.29436,-0.70534,-0.1096,2.64025,1.10098,0.17419,-0.76531,-0.8324,0.03183,-0.10744,2.63567,0.39762,0.00578,-0.07929,0.92591,-0.14188,0.19674,-1.18952,0.15911,0.65706,2.48055,-0.37164,0.10686,0.19263,-0.17265,0.09374,0.74687,0.39736,-0.08145,-0.07866,-0.2236
6.32,0.0389,0.01462,0.00343,-0.47808,0,-0.15665,0.56077,0.20968,0.23989,-2.13269,-0.82391,-0.17632,2.52769,1.30802,0.29207,-0.76089,-1.01245,0.01083,-0.15162,2.44629,0.51958,-0.04386,-0.12449,1.00703,-0.22633,0.22313,-1.59789,0.24465,0.51812,3.10789,-0.42516,0.14334,0.38608,-0.20784,0.17652,0.67462,0.3665,-0.04609,-0.06333,-0.20362
6.34,-0.02168,0.02468,0.01583,-0.35503,0,-0.25975,0.72595,0.41566,0.22492,-1.87321,-0.90017,-0.2398,2.3032,1.44949,0.43471,-0.70391,-1.15573,-0.02123,-0.20057,2.13708,0.60636,-0.11251,-0.16274,1.03665,-0.32677,0.2404,-1.94812,0.33494,0.42861,3.62411,-0.47825,0.1802,0.49609,-0.23609,0.25924,0.57065,0.32607,-0.01227,-0.04411,-0.17129
6.36,-0.08127,0.03462,0.02621,-0.21488,0,-0.35606,0.86567,0.60813,0.1955,-1.5345,-0.92984,-0.29697,1.98277,1.51332,0.59894,-0.59182,-1.24332,-0.06617,-0.25152,1.73016,0.65584,-0.20201,-0.18649,0.99697,-0.44024,0.24291,-2.22625,0.42359,0.3845,4.00701,-0.53052,0.21608,0.52055,-0.25879,0.33601,0.43965,0.28109,0.01668,-0.02249,-0.12952
6.38,-0.13848,0.04402,0.03418,-0.06255,0,-0.4393,0.97873,0.77757,0.15335,-1.14068,-0.91246,-0.34503,1.58877,1.49204,0.77808,-0.42508,-1.25327,-0.12533,-0.30024,1.2551,0.67175,-0.31289,-0.1863,0.86809,-0.56115,0.22408,-2.42316,0.50359,0.37436,4.24296,-0.58093,0.24945,0.46744,-0.27774,0.40121,0.28859,0.23673,0.03793,-0.00038,-0.08252
6.4,-0.19222,0.0525,0.03951,0.09647,0,-0.50415,1.06584,0.91632,0.10118,-0.71961,-0.85151,-0.38179,1.14824,1.38344,0.96104,-0.20741,-1.16098,-0.1992,-0.34096,0.7469,0.6642,-0.44383,-0.15137,0.62893,-0.68077,0.17671,-2.53516,0.56796,0.38146,4.32772,-0.62789,0.27871,0.35368,-0.29504,0.45011,0.1263,0.19795,0.0494,0.02001,-0.03554
6.42,-0.24163,0.05973,0.04225,0.2563,0,-0.54677,1.12937,1.01917,0.04254,-0.30075,-0.75416,-0.4058,0.69084,1.19071,1.13169,0.05424,-0.94009,-0.28703,-0.36621,0.24365,0.64926,-0.59094,-0.07063,0.25898,-0.7867,0.09342,-2.56387,0.61055,0.38625,4.26634,-0.66958,0.30239,0.20305,-0.31265,0.47934,-0.03717,0.16886,0.0501,0.03636,0.00565
6.44,-0.2861,0.06553,0.04264,0.41102,0,-0.56506,1.17281,1.08362,-0.01852,0.08724,-0.63039,-0.41641,0.24618,0.92181,1.2682,0.34974,-0.56429,-0.38634,-0.36695,-0.21608,0.64744,-0.74705,0.06565,-0.25938,-0.86263,-0.0328,-2.51544,0.62655,0.36901,4.07185,-0.70422,0.31919,0.0433,-0.33205,0.48706,-0.19152,0.15211,0.04012,0.04649,0.03558
6.46,-0.32509,0.06981,0.04113,0.55482,0,-0.55876,1.20011,1.10984,-0.07784,0.41903,-0.49183,-0.41366,-0.15887,0.58857,1.34296,0.666,-0.00986,-0.49246,-0.33277,-0.59612,0.68139,-0.901,0.26386,-0.93784,-0.88831,-0.20778,-2.39923,0.61305,0.31252,3.76314,-0.73052,0.32812,-0.09739,-0.3537,0.47305,-0.3273,0.14825,0.02059,0.04872,0.05003
6.48,-0.35808,0.07261,0.03838,0.68233,0,-0.52939,1.215,1.1004,-0.1316,0.67497,-0.35041,-0.39815,-0.50282,0.20554,1.32281,0.98708,0.7408,-0.59802,-0.25238,-0.86535,0.77295,-1.03703,0.52477,-1.77848,-0.83989,-0.43531,-2.22635,0.5693,0.2044,3.36249,-0.74796,0.3286,-0.194,-0.37659,0.43859,-0.4371,0.15522,-0.0064,0.04215,0.04701
6.5,-0.38441,0.0741,0.03518,0.78879,0,-0.48001,1.22038,1.05989,-0.17664,0.84278,-0.21711,-0.37084,-0.77125,-0.21082,1.17,1.29417,1.69496,-0.69258,-0.11436,-0.99993,0.94012,-1.13439,0.84138,-2.7698,-0.69082,-0.71619,-2.00823,0.49685,0.03887,2.8933,-0.75698,0.32053,-0.22783,-0.39802,0.38619,-0.51648,0.16811,-0.03809,0.02694,0.02743
6.52,-0.40325,0.07452,0.03244,0.87032,0,-0.4149,1.21792,0.99437,-0.21071,0.91843,-0.10105,-0.33299,-0.95743,-0.64257,0.84391,1.56536,2.84489,-0.76235,0.09182,-0.98469,1.19418,-1.16715,1.19713,-3.88278,-0.41328,-1.0473,-1.75555,0.39947,-0.18256,2.37817,-0.75879,0.30442,-0.18858,-0.4136,0.31929,-0.56455,0.17936,-0.07126,0.00443,-0.00455
6.54,-0.41358,0.07415,0.03112,0.92412,0,-0.3391,1.20786,0.91075,-0.23262,0.9059,-0.0089,-0.28611,-1.06156,-1.07021,0.30359,1.77531,4.16302,-0.79015,0.37452,-0.81363,1.53731,-1.10454,1.56477,-5.06753,0.01973,-1.42085,-1.47742,0.28263,-0.45136,1.8374,-0.75497,0.28133,-0.07522,-0.41752,0.24182,-0.58405,0.17949,-0.10247,-0.0229,-0.04185
6.56,-0.4142,0.07321,0.03218,0.9486,0,-0.25784,1.18903,0.81604,-0.24214,0.81616,0.05534,-0.23198,-1.08887,-1.47237,-0.48875,1.89507,5.59774,-0.75567,0.73836,-0.48964,1.96077,-0.91172,1.90616,-6.25106,0.63164,-1.82396,-1.18095,0.15291,-0.75325,1.28803,-0.74671,0.25294,0.10427,-0.40319,0.15777,-0.58091,0.15814,-0.12842,-0.05159,-0.07519
6.58,-0.4038,0.0718,0.03647,0.94357,0,-0.176,1.1591,0.71674,-0.23996,0.66553,0.09028,-0.17272,-1.04716,-1.82551,-1.56348,1.89227,7.07033,-0.6361,1.18264,-0.02384,2.44386,-0.55126,2.17307,-7.33716,1.43902,-2.23868,-0.87119,0.01727,-1.07006,0.7434,-0.73407,0.22136,0.33415,-0.36396,0.07075,-0.56348,0.10541,-0.14612,-0.07757,-0.09427
6.6,-0.38116,0.06981,0.04472,0.91031,0,-0.0977,1.11497,0.61836,-0.22747,0.47393,0.09697,-0.11082,-0.9442,-2.10395,-2.93877,1.7321,8.47402,-0.40723,1.69973,0.56529,2.95368,0.01479,2.30914,-8.20892,2.44786,-2.64266,-0.55143,-0.11768,-1.38172,0.21326,-0.71541,0.189,0.59281,-0.29401,-0.01627,-0.5415,0.01312,-0.15314,-0.09654,-0.08913
6.62,-0.34525,0.06697,0.05743,0.8515,0,-0.02602,1.05324,0.52501,-0.20657,0.2631,0.07856,-0.04911,-0.78541,-2.28044,-4.61548,1.37934,9.67608,-0.04503,2.27375,1.25289,3.44598,0.82196,2.25325,-8.73467,3.64977,-3.01064,-0.22377,-0.24616,-1.66808,-0.29567,-0.68709,0.15815,0.85505,-0.18908,-0.10113,-0.52478,-0.12408,-0.14772,-0.10446,-0.05155
6.64,-0.29546,0.06275,0.07483,0.77099,0,0.03714,0.97068,0.43936,-0.1794,0.05493,0.03994,0.00932,-0.57224,-2.32762,-6.57251,0.80128,10.52368,0.47227,2.87978,2.00869,3.8672,1.89998,1.94421,-8.77776,5.01856,-3.31662,0.11016,-0.36352,-1.91054,-0.77889,-0.64363,0.13055,1.09469,-0.04704,-0.18237,-0.52182,-0.30806,-0.12879,-0.09798,0.0236
6.66,-0.23172,0.05648,0.09683,0.6734,0,0.09094,0.86472,0.36251,-0.14815,-0.13007,-0.01264,0.06139,-0.30138,-2.22023,-8.76318,-0.02827,10.8541,1.16168,3.48396,2.79813,4.15779,3.26868,1.3268,-8.20978,6.50766,-3.5366,0.44854,-0.4664,-2.09328,-1.23328,-0.57816,0.10688,1.2873,0.13166,-0.25914,-0.53838,-0.53685,-0.09599,-0.07499,0.13728
6.68,-0.15467,0.04739,0.12298,0.56374,0,0.13551,0.7339,0.29424,-0.11484,-0.27402,-0.07198,0.10431,0.03489,-1.93794,-11.11341,-1.12437,10.50921,2.0327,4.04476,3.58363,4.25684,4.93382,0.35877,-6.92646,8.04912,-3.65156,0.78868,-0.55276,-2.20431,-1.65632,-0.48317,0.08623,1.41263,0.34386,-0.33086,-0.57633,-0.80471,-0.04955,-0.03491,0.28543
6.7,-0.06579,0.03467,0.15248,0.44702,0,0.1717,0.57826,0.23318,-0.08126,-0.36283,-0.13038,0.13583,0.44699,-1.46852,-13.52265,-2.48615,9.35349,3.08447,4.51556,4.3259,4.10761,6.88286,-0.98192,-4.86429,9.55474,-3.64988,1.12662,-0.62178,-2.23629,-2.04576,-0.35148,0.06597,1.45661,0.58369,-0.39702,-0.63292,-1.10247,0.0098,0.02101,0.45876
6.72,0.03261,0.01763,0.18413,0.32798,0,0.20084,0.39963,0.17714,-0.04899,-0.38695,-0.18003,0.15462,0.94507,-0.81087,-15.86812,-4.09261,7.29427,4.30323,4.84888,4.98544,3.66368,9.08138,-2.69022,-2.01573,10.92007,-3.52873,1.45706,-0.67373,-2.18703,-2.39953,-0.17706,0.0418,1.41239,0.84283,-0.45694,-0.70072,-1.41822,0.08087,0.08972,0.64319
6.74,0.13743,-0.00428,0.21641,0.21096,0,0.22448,0.20166,0.12341,-0.01948,-0.34197,-0.21353,0.16039,1.5347,0.02271,-18.01254,-5.89949,4.30231,5.66042,5.00178,5.52404,2.89527,11.47039,-4.72862,1.5591,12.03136,-3.29394,1.77353,-0.70983,-2.05962,-2.71623,0.04417,0.00826,1.28048,1.11112,-0.50962,-0.76833,-1.73821,0.16212,0.16664,0.82101
6.76,0.24495,-0.03131,0.24754,0.09982,0,0.2442,-0.01019,0.06913,0.00582,-0.22894,-0.22443,0.15409,2.21201,1.00511,-19.81508,-7.83788,0.43024,7.11186,4.94216,5.90645,1.79516,13.96514,-7.02368,5.72581,12.77566,-2.95878,2.06899,-0.73203,-1.86229,-2.99592,0.31367,-0.04039,1.06791,1.37727,-0.55369,-0.82172,-2.04799,0.25173,0.24611,0.9727
6.78,0.35103,-0.0634,0.27554,-0.00209,0,0.26143,-0.22896,0.01168,0.02532,-0.05441,-0.2078,0.1379,2.95911,2.0943,-21.14372,-9.81508,-4.17469,8.59839,4.65459,6.10209,0.38346,16.45577,-9.46557,10.27574,13.05308,-2.54192,2.33645,-0.74286,-1.60796,-3.24101,0.62978,-0.1093,0.7871,1.62977,-0.58749,-0.84602,-2.33364,0.34759,0.32203,1.07913
6.8,0.45139,-0.10006,0.29835,-0.09179,0,0.27727,-0.44644,-0.05105,0.03742,0.16983,-0.16086,0.11513,3.74073,3.23495,-21.88685,-11.71793,-9.26805,10.04823,4.14444,6.0863,-1.28982,18.80955,-11.91106,14.93439,12.78973,-2.06523,2.56959,-0.74527,-1.31352,-3.45692,0.9873,-0.20203,0.45435,1.8577,-0.60918,-0.82747,-2.58274,0.44737,0.38842,1.12371
6.82,0.54176,-0.14038,0.31397,-0.16662,0,0.29242,-0.65358,-0.12023,0.04073,0.42737,-0.08342,0.08983,4.50315,4.36203,-21.96121,-13.41904,-14.52032,11.3812,3.43862,5.84079,-3.14583,20.87512,-14.19112,19.38012,11.94935,-1.55159,2.763,-0.74241,-0.99854,-3.65208,1.37721,-0.3199,0.08843,2.05132,-0.61694,-0.75523,-2.78511,0.54836,0.43999,1.09421
6.84,0.61814,-0.18298,0.32055,-0.22408,0,0.30714,-0.84095,-0.19588,0.03457,0.69835,0.02169,0.06636,5.17612,5.40662,-21.31528,-14.786,-19.54513,12.51474,2.58245,5.35326,-5.08197,22.48867,-16.1232,23.27312,10.542,-1.02285,2.91194,-0.73738,-0.68355,-3.837,1.78668,-0.46166,-0.29072,2.20245,-0.60917,-0.62291,-2.93297,0.64748,0.47246,0.98401
6.86,0.67691,-0.22612,0.31657,-0.26178,0,0.32116,-0.99927,-0.27659,0.01949,0.96092,0.14847,0.0487,5.67778,6.30326,-19.9289,-15.6931,-23.94079,13.37139,1.63334,4.61662,-6.98073,23.48267,-17.5279,26.29197,8.62896,-0.49814,3.01187,-0.73296,-0.38783,-4.0227,2.19922,-0.62335,-0.66327,2.30456,-0.58472,-0.4297,-3.02089,0.74116,0.48287,0.79288
6.88,0.71506,-0.26774,0.30088,-0.2774,0,0.33376,-1.12004,-0.35945,-0.00217,1.19303,0.28788,0.03983,5.92238,6.99775,-17.81116,-16.03465,-27.33795,13.88655,0.65299,3.62878,-8.72087,23.69734,-18.24798,28.17179,6.32271,0.00749,3.05787,-0.73125,-0.12717,-4.21883,2.59523,-0.79856,-1.01042,2.3529,-0.54307,-0.18102,-3.04551,0.82536,0.46972,0.52709
6.9,0.73033,-0.30561,0.27292,-0.26868,0,0.34375,-1.19602,-0.44011,-0.02616,1.37401,0.42831,0.04123,5.82998,7.45365,-14.99787,-15.73748,-29.44371,14.01511,-0.3001,2.39376,-10.18907,22.99397,-18.16712,28.73575,3.78071,0.48377,3.0442,-0.7335,0.08818,-4.4317,2.95285,-0.97868,-1.31518,2.3446,-0.48452,0.11134,-3.00541,0.89571,0.43304,0.19917
6.92,0.72136,-0.33744,0.23271,-0.23355,0,0.34961,-1.22172,-0.51303,-0.04659,1.48602,0.5565,0.05259,5.33738,7.65593,-11.54908,-14.77053,-30.07377,13.73483,-1.17626,0.92433,-11.29032,21.26857,-17.22499,27.91254,1.19105,0.92534,2.964,-0.73981,0.25491,-4.66261,3.24899,-1.15321,-1.56278,2.27867,-0.41025,0.42982,-2.90089,0.94775,0.37442,-0.17298
6.94,0.68782,-0.36111,0.18091,-0.17026,0,0.3495,-1.19366,-0.57193,-0.05675,1.51506,0.65892,0.07192,4.40901,7.61111,-7.54655,-13.14993,-29.16796,13.04598,-1.93789,-0.75407,-11.95612,18.46475,-15.42678,25.73668,-1.24964,1.33132,2.80938,-0.74901,0.37729,-4.9065,3.46074,-1.31016,-1.74085,2.15606,-0.32229,0.75235,-2.73382,0.97727,0.29691,-0.56756
6.96,0.63043,-0.37478,0.11875,-0.07757,0,0.34149,-1.1105,-0.61047,-0.05035,1.45174,0.72353,0.09587,3.04681,7.34423,-3.0917,-10.93953,-26.79032,11.968,-2.56034,-2.59902,-12.15024,14.58541,-12.84657,22.33462,-3.36345,1.70436,2.57178,-0.75862,0.46701,-5.1512,3.56694,-1.43649,-1.83951,1.97957,-0.2234,1.05438,-2.50747,0.98082,0.20477,-0.96075
6.98,0.55108,-0.37715,0.04798,0.04488,0,0.32367,-0.97316,-0.62305,-0.02282,1.2918,0.74151,0.12025,1.29735,6.89394,1.69522,-8.2476,-23.11757,10.53497,-3.03126,-4.54778,-11.87194,9.70281,-9.62492,17.90337,-5.01785,2.04941,2.24285,-0.76493,0.54219,-5.37758,3.55004,-1.51871,-1.8516,1.7539,-0.11684,1.31119,-2.22652,0.95612,0.10324,-1.32884
7,0.45279,-0.36754,-0.02924,0.19624,0,0.29448,-0.78488,-0.60561,0.02766,1.03648,0.70868,0.14067,-0.74607,6.30663,6.67469,-5.21973,-18.41918,8.79142,-3.34884,-6.51645,-11.15592,3.96533,-5.96002,12.68842,-6.14521,2.37222,1.81577,-0.7633,0.62544,-5.56052,3.39783,-1.54379,-1.77303,1.48561,-0.00621,1.50031,-1.89709,0.90237,-0.00186,-1.65017
7.02,0.33974,-0.34599,-0.11045,0.37392,0,0.253,-0.55117,-0.55638,0.0996,0.69263,0.62626,0.15311,-2.94837,5.63032,11.68673,-2.02754,-13.03064,6.78925,-3.5197,-8.40318,-10.06809,-2.40171,-2.09151,6.9649,-6.74955,2.67762,1.28685,-0.74867,0.74112,-5.6708,3.10476,-1.5002,-1.60332,1.183,0.10464,1.60359,-1.52655,0.82031,-0.10466,-1.90673
7.04,0.2171,-0.31325,-0.19308,0.57323,0,0.19927,-0.27963,-0.47633,0.1885,0.2725,0.5008,0.15444,-5.14545,4.90873,16.55034,1.14673,-7.32117,4.58585,-3.55664,-10.09583,-8.69691,-9.10322,1.72314,1.02343,-6.89876,2.96783,0.65717,-0.71619,0.91187,-5.6777,2.67273,-1.37923,-1.34621,0.85573,0.21177,1.60898,-1.12323,0.71193,-0.19986,-2.0853
7.06,0.0908,-0.27063,-0.27462,0.78695,0,0.13464,0.02026,-0.36951,0.2876,-0.20671,0.34329,0.14287,-7.1631,4.17614,21.06538,4.12833,-1.65888,2.24333,-3.4767,-11.48348,-7.14174,-15.78997,5.23706,-4.8404,-6.70483,3.24083,-0.06583,-0.66205,1.15471,-5.55214,2.11122,-1.17627,-1.01025,0.51422,0.31126,1.51164,-0.6959,0.57991,-0.28332,-2.17798
7.08,-0.03272,-0.21992,-0.35277,1.0052,0,0.06194,0.33758,-0.24292,0.38913,-0.72358,0.16775,0.11816,-8.83845,3.45365,25.01836,6.76789,3.62235,-0.17157,-3.29959,-12.46953,-5.50032,-22.08106,8.24239,-10.33509,-6.29814,3.48954,-0.86716,-0.58414,1.47766,-5.27018,1.43703,-0.89208,-0.6091,0.16913,0.39933,1.3147,-0.25322,0.42709,-0.35268,-2.18255
7.1,-0.14686,-0.16324,-0.42564,1.21558,0,-0.01455,0.66025,-0.10617,0.48549,-1.25339,-0.01047,0.08176,-10.03936,2.74752,28.19319,8.95539,8.24935,-2.58746,-3.04661,-12.98332,-3.85817,-27.59145,10.59272,-15.18366,-5.80268,3.70174,-1.7237,-0.48261,1.87733,-4.8161,0.67371,-0.53356,-0.16133,-0.16917,0.4726,1.02927,0.19656,0.25601,-0.40765,-2.1023
7.12,-0.24511,-0.10289,-0.49181,1.40365,0,-0.08939,0.97549,0.02942,0.57027,-1.76928,-0.17647,0.0367,-10.67784,2.0499,30.38709,10.62757,12.02624,-4.9291,-2.73968,-12.98753,-2.28126,-31.96248,12.21485,-19.13806,-5.31761,3.86112,-2.60464,-0.36004,2.33837,-4.18451,-0.14957,-0.11374,0.31065,-0.4909,0.52835,0.67366,0.64566,0.06875,-0.44983,-1.94544
7.14,-0.32139,-0.04128,-0.55038,1.55393,0,-0.1566,1.27022,0.15212,0.6388,-2.2437,-0.31749,-0.01276,-10.71556,1.34178,31.43122,11.76756,14.8402,-7.11977,-2.40051,-12.47983,-0.8128,-34.89387,13.10786,-21.99836,-4.90777,3.94935,-3.47309,-0.22105,2.83489,-3.38103,-0.99958,0.34905,0.78263,-0.78704,0.56492,0.27171,1.08666,-0.13286,-0.48227,-1.72406
7.16,-0.37037,0.01916,-0.60094,1.65122,0,-0.21054,1.53163,0.25132,0.6884,-2.65012,-0.42446,-0.06162,-10.16232,0.59783,31.21424,12.39841,16.65822,-9.08526,-2.04977,-11.4897,0.52626,-36.17529,13.33175,-23.63507,-4.60302,3.94898,-4.28877,-0.07168,3.33366,-2.4216,-1.84107,0.83294,1.23129,-1.04942,0.58205,-0.14957,1.51216,-0.34689,-0.50849,-1.45275
7.18,-0.38776,0.07606,-0.64354,1.68216,0,-0.24683,1.74784,0.31914,0.71826,-2.96491,-0.49299,-0.10472,-9.06968,-0.20779,29.70545,12.57298,17.51791,-10.75913,-1.70639,-10.07237,1.73375,-35.7137,12.9898,-24.0099,-4.40402,3.8465,-5.01144,0.08156,3.79827,-1.33108,-2.63876,1.31448,1.637,-1.27072,0.58131,-0.5627,1.91454,-0.57066,-0.5316,-1.14716
7.2,-0.37065,0.12714,-0.67864,1.63682,0,-0.26305,1.90856,0.35154,0.72905,-3.16904,-0.52384,-0.13732,-7.52186,-1.09556,26.97132,12.36309,17.51483,-12.08803,-1.38713,-8.3018,2.82093,-33.55033,12.20944,-23.18785,-4.29111,3.63493,-5.60437,0.23252,4.1934,-0.14129,-3.35912,1.7706,1.9859,-1.44461,0.56617,-0.94226,2.28581,-0.80027,-0.55344,-0.82278
7.22,-0.31765,0.1703,-0.70713,1.50994,0,-0.25914,2.00572,0.3488,0.72239,-3.24939,-0.52241,-0.1556,-5.62534,-2.07555,23.17924,11.84945,16.78769,-13.03609,-1.1062,-6.26359,3.80596,-29.86075,11.1246,-21.33381,-4.23361,3.31505,-6.03719,0.37605,4.48823,1.11115,-3.97135,2.18011,2.27077,-1.56582,0.54188,-1.267,2.61765,-1.03015,-0.57413,-0.49394
7.24,-0.22902,0.20362,-0.73016,1.3017,0,-0.23728,2.03395,0.31515,0.70019,-3.19948,-0.49748,-0.15701,-3.49812,-3.14387,18.58561,11.11352,15.5026,-13.58779,-0.8751,-4.04852,4.7074,-24.93546,9.8616,-18.69114,-4.19751,2.89498,-6.28792,0.50839,4.65854,2.38721,-4.44785,2.52451,2.49021,-1.63035,0.51496,-1.52129,2.90179,-1.25295,-0.59199,-0.17321
7.26,-0.10668,0.22546,-0.74918,1.01798,0,-0.20143,1.99104,0.25774,0.66401,-3.01965,-0.45922,-0.14049,-1.25926,-4.28095,13.51028,10.23172,13.83756,-13.74936,-0.70239,-1.7469,5.53821,-19.14499,8.52941,-15.5463,-4.15094,2.38852,-6.34421,0.62729,4.68779,3.64803,-4.76421,2.7884,2.64676,-1.63577,0.49242,-1.69596,3.13068,-1.45964,-0.60395,0.12909
7.28,0.04588,0.23455,-0.7658,0.67021,0,-0.15667,1.8782,0.18529,0.61455,-2.71702,-0.41714,-0.10657,0.97995,-5.45152,8.30366,9.27207,11.96886,-13.54926,-0.59347,0.55577,6.30151,-12.89784,7.21423,-12.18805,-4.06776,1.81293,-6.20395,0.732,4.56735,4.85714,-4.89933,2.9596,2.74438,-1.5816,0.48089,-1.78856,3.29838,-1.63997,-0.60607,0.40502
7.3,0.22373,0.23007,-0.78177,0.27477,0,-0.10849,1.70027,0.1067,0.55156,-2.30509,-0.37832,-0.05734,3.12264,-6.60634,3.31291,8.29284,10.06016,-13.03715,-0.55038,2.78188,6.98836,-6.6002,5.9781,-8.87107,-3.92961,1.18712,-5.87523,0.82321,4.29627,5.9822,-4.83601,3.0292,2.786,-1.46974,0.48583,-1.80309,3.40159,-1.78302,-0.59426,0.64907
7.32,0.42076,0.21175,-0.79886,-0.14812,0,-0.06224,1.46548,0.03007,0.47407,-1.80293,-0.3465,0.00372,5.09022,-7.68562,-1.14817,7.34229,8.25429,-12.28105,-0.57152,4.86345,7.57831,-0.62347,4.86057,-5.79116,-3.72661,0.53061,-5.37542,0.90289,3.88063,6.99562,-4.56195,2.9917,2.77181,-1.30473,0.5111,-1.74906,3.44045,-1.87785,-0.56477,0.85811
7.34,0.62996,0.17997,-0.81869,-0.576,0,-0.02282,1.18487,-0.03791,0.38099,-1.23398,-0.32196,0.07205,6.8237,-8.62379,-4.82311,6.4589,6.66741,-11.36214,-0.6513,6.74317,8.04244,4.71804,3.88253,-3.07515,-3.4574,-0.1364,-4.7293,0.97423,3.33246,7.87425,-4.07126,2.84506,2.69845,-1.09384,0.55879,-1.63994,3.41895,-1.91419,-0.51456,1.03117
7.36,0.84387,0.13577,-0.84253,-0.98612,0,0.00549,0.87132,-0.09212,0.27205,-0.62437,-0.30231,0.14238,8.28301,-9.35561,-7.52997,5.6718,5.38523,-10.36792,-0.78006,8.37491,8.3486,9.17958,3.05136,-0.78456,-3.12864,-0.79236,-3.96637,1.04151,2.66864,8.59857,-3.3665,2.59104,2.55927,-0.84691,0.62933,-1.49121,3.34507,-1.88315,-0.44146,1.16934
7.38,1.05505,0.08097,-0.87113,-1.35756,0,0.01909,0.53855,-0.12884,0.14871,-0.00114,-0.28379,0.20928,9.445,-9.82292,-9.17146,5.00169,4.46109,-9.38515,-0.94406,9.72406,8.46772,12.59075,2.36666,1.07118,-2.75478,-1.41341,-3.11826,1.10987,1.90968,9.15183,-2.46094,2.23558,2.34562,-0.57612,0.72179,-1.31828,3.23061,-1.77798,-0.34418,1.27549
7.4,1.25643,0.01812,-0.90458,-1.67301,0,0.01503,0.20013,-0.14552,0.01476,0.60939,-0.26262,0.26754,10.30047,-9.98078,-9.73751,4.46225,3.91591,-8.49358,-1.12623,10.76734,8.37971,14.85471,1.82578,2.5168,-2.35813,-1.97298,-2.21639,1.18498,1.07885,9.51955,-1.38063,1.78934,2.04894,-0.29561,0.83425,-1.13465,3.09087,-1.5949,-0.22238,1.354
7.42,1.44164,-0.04948,-0.94215,-1.91993,0,-0.00886,-0.13128,-0.14054,-0.12349,1.1831,-0.2362,0.31273,10.8504,-9.80217,-9.29945,4.06205,3.73987,-7.76083,-1.30735,11.49171,8.07745,15.94334,1.4285,3.59304,-1.96936,-2.44239,-1.29024,1.27233,0.20133,9.68946,-0.16568,1.26795,1.66331,-0.02104,0.96399,-0.95041,2.94375,-1.33377,-0.07675,1.41028
7.44,1.60509,-0.11792,-0.98231,-2.09109,0,-0.05376,-0.44454,-0.11313,-0.25772,1.69926,-0.20379,0.34145,11.10157,-9.28033,-7.99622,3.80673,3.89569,-7.23885,-1.4681,11.89246,7.56807,15.88988,1.18029,4.34125,-1.62815,-2.79274,-0.36623,1.37626,-0.69662,9.65182,1.12992,0.69188,1.18806,0.23107,1.10751,-0.77129,2.80851,-0.99859,0.09085,1.4501
7.46,1.74204,-0.18283,-1.02267,-2.18438,0,-0.11962,-0.73033,-0.06335,-0.37866,2.14154,-0.16678,0.35167,11.06242,-8.42918,-6.01503,3.70119,4.32319,-6.96159,-1.59156,11.97097,6.87181,14.78073,1.09404,4.79251,-1.38351,-2.9979,0.53293,1.49885,-1.58855,9.40048,2.4401,0.08591,0.6302,0.44414,1.26043,-0.59828,2.70398,-0.59781,0.27718,1.47879
7.48,1.84859,-0.23961,-1.06012,-2.20236,0,-0.20478,-0.98138,0.00768,-0.4774,2.49866,-0.12849,0.34286,10.73997,-7.28239,-3.56994,3.75147,4.94496,-6.94412,-1.66576,11.73277,6.01951,12.74764,1.1903,4.96166,-1.29328,-3.03782,1.38832,1.63877,-2.44859,8.93453,3.6899,-0.52182,0.00616,0.60253,1.41729,-0.42776,2.64658,-0.14455,0.47738,1.50046
7.5,1.9217,-0.28372,-1.09095,-2.15141,0,-0.30565,-1.19248,0.09753,-0.54666,2.76467,-0.09367,0.31601,10.1384,-5.89144,-0.88197,3.96581,5.67281,-7.18272,-1.6858,11.18661,5.04942,9.96034,1.49609,4.84638,-1.42205,-2.90125,2.18438,1.7906,-3.25202,8.26057,4.80012,-1.10092,-0.65759,0.69255,1.57124,-0.25243,2.64824,0.34337,0.68483,1.51745
7.52,1.95916,-0.31093,-1.11113,-2.04081,0,-0.41654,-1.36028,0.20228,-0.58168,2.93858,-0.06774,0.27338,9.25926,-4.32253,1.83723,4.35436,6.41481,-7.65577,-1.65492,10.34398,4.00395,6.61864,2.04229,4.43087,-1.83674,-2.58693,2.90813,1.94461,-3.97541,7.3946,5.693,-1.62025,-1.32558,0.7036,1.71391,-0.06276,2.71432,0.84354,0.89096,1.52997
7.54,1.95953,-0.3176,-1.11647,-1.88148,0,-0.52967,-1.483,0.31629,-0.5807,3.02338,-0.05592,0.21812,8.10332,-2.65214,4.39725,4.92725,7.08258,-8.3252,-1.58417,9.21938,2.92649,2.94305,2.85956,3.69335,-2.59968,-2.10299,3.54805,2.08719,-4.59659,6.36322,6.29885,-2.04975,-1.95627,0.62918,1.83518,0.15097,2.84167,1.32956,1.08542,1.536
7.56,1.92208,-0.30101,-1.10295,-1.68485,0,-0.63543,-1.56003,0.43224,-0.54496,3.02475,-0.06223,0.15364,6.67368,-0.96174,6.6368,5.69127,7.59869,-9.13829,-1.49089,7.83108,1.85851,-0.83607,3.97323,2.6162,-3.75935,-1.4649,4.09312,2.20198,-5.09452,5.20396,6.56329,-2.36258,-2.50659,0.46788,1.92333,0.39625,3.01699,1.77201,1.25628,1.53151
7.58,1.84683,-0.25957,-1.06702,-1.4617,0,-0.72294,-1.59168,0.54133,-0.47834,2.94977,-0.08871,0.08308,4.97997,0.66791,8.42847,6.64561,7.90321,-10.03002,-1.39622,6.20276,0.83739,-4.49005,5.39739,1.19719,-5.33994,-0.69309,4.53216,2.27157,-5.44961,3.96471,6.45396,-2.53775,-2.93735,0.2242,1.96531,0.67593,3.21583,2.14,1.39063,1.51089
7.6,1.73467,-0.1931,-1.00596,-1.22138,0,-0.78084,-1.57895,0.63369,-0.38699,2.80597,-0.13477,0.00879,3.04298,2.162,9.68112,7.77707,7.95845,-10.92562,-1.32205,4.3656,-0.10485,-7.80325,7.12877,-0.54058,-7.33097,0.18857,4.85372,2.27946,-5.64443,2.70223,5.96558,-2.56277,-3.21858,-0.09098,1.94754,0.98614,3.40257,2.4032,1.47535,1.46755
7.62,1.58743,-0.10293,-0.91818,-0.97115,0,-0.79835,-1.52352,0.69917,-0.2788,2.60086,-0.19701,-0.06789,0.89844,3.45605,10.34049,9.05547,7.75057,-11.74325,-1.28765,2.36026,-0.94202,-10.58368,9.14081,-2.5419,-9.67846,1.15296,5.04646,2.21208,-5.66496,1.4792,5.12172,-2.4361,-3.33385,-0.46041,1.85691,1.31496,3.53167,2.53437,1.4981,1.39451
7.64,1.40803,0.0081,-0.80346,-0.71597,0,-0.76655,-1.42778,0.72835,-0.16289,2.34191,-0.26953,-0.14663,-1.40067,4.49932,10.38837,10.42971,7.28778,-12.39669,-1.30617,0.23817,-1.65338,-12.67287,11.37886,-4.71734,-12.27912,2.16816,5.1001,2.06076,-5.50213,0.35971,3.9727,-2.16904,-3.28285,-0.86129,1.6821,1.64213,3.55028,2.51224,1.44843,1.285
7.66,1.20041,0.1357,-0.66305,-0.45841,0,-0.67972,-1.2949,0.71372,-0.04907,2.037,-0.34453,-0.22786,-3.7839,5.2574,9.84097,11.82575,6.59583,-12.79876,-1.38148,-1.93837,-2.22298,-13.95503,13.75715,-6.94616,-14.97901,3.19491,5.00691,1.8232,-5.15379,-0.59649,2.59022,-1.78668,-3.08223,-1.26669,1.41511,1.94006,3.40238,2.32473,1.31914,1.13301
7.68,0.96958,0.27441,-0.49976,-0.19897,0,-0.53662,-1.12909,0.65104,0.05267,1.69509,-0.41326,-0.31233,-6.16515,5.71369,8.74692,13.14744,5.71242,-12.86564,-1.50558,-4.09705,-2.63884,-14.3654,16.15859,-9.08381,-17.5778,4.18397,4.76353,1.5046,-4.62669,-1.33998,1.06001,-1.32741,-2.76445,-1.64774,1.05293,2.17611,3.03415,1.97216,1.10769,0.93376
7.7,0.7216,0.41778,-0.31787,0.06325,0,-0.34141,-0.9357,0.54034,0.13277,1.32682,-0.46708,-0.40066,-8.44654,5.86973,7.18432,14.2813,4.68192,-12.52232,-1.65725,-6.15761,-2.89233,-13.89626,18.43817,-10.97325,-19.83982,5.07473,4.37274,1.11804,-3.93805,-1.83688,-0.52588,-0.84049,-2.37461,-1.97614,0.59893,2.31619,2.40021,1.46996,0.81752,0.68427
7.72,0.4634,0.55875,-0.12299,0.32957,0,-0.104,-0.72126,0.38661,0.18285,0.94478,-0.49838,-0.49285,-10.52429,5.74373,5.25603,15.10568,3.55129,-11.70862,-1.80235,-8.03516,-2.97793,-12.59898,20.43051,-12.45929,-21.51249,5.79607,3.84477,0.68368,-3.11607,-2.07216,-2.07633,-0.38098,-1.96506,-2.22712,0.06383,2.32951,1.47016,0.85021,0.45912,0.38374
7.74,0.20258,0.68997,0.07836,0.60052,0,0.16043,-0.49332,0.19983,0.19643,0.56316,-0.50142,-0.58792,-12.29658,5.36723,3.08257,15.5039,2.36732,-10.38541,-1.89607,-9.64488,-2.89331,-10.58102,21.96152,-13.40495,-22.35164,6.27025,3.19766,0.22691,-2.19886,-2.05068,-3.50739,-0.00227,-1.58792,-2.38232,-0.53409,2.19414,0.23484,0.16145,0.05052,0.03384
7.76,-0.05305,0.80424,0.27924,0.87455,0,0.43265,-0.25996,-0.00562,0.16974,0.19679,-0.47285,-0.68358,-13.67275,4.78063,0.79292,15.38034,1.17498,-8.54088,-1.88741,-10.90837,-2.64001,-7.99811,22.86402,-13.70843,-22.15185,6.41991,2.45672,-0.22451,-1.23208,-1.79616,-4.74741,0.25288,-1.28658,-2.43273,-1.1696,1.90263,-1.28846,-0.5335,-0.38301,-0.36102
7.78,-0.29594,0.89494,0.47287,1.14699,0,0.691,-0.02936,-0.21206,0.10239,-0.14011,-0.41207,-0.77622,-14.58257,4.02845,-1.48546,14.67666,0.01636,-6.19651,-1.72555,-11.76085,-2.22449,-5.04298,22.99554,-13.31824,-20.77761,6.17773,1.65347,-0.64371,-0.26557,-1.34869,-5.74099,0.36077,-1.08789,-2.38091,-1.81183,1.46652,-3.05232,-1.16176,-0.81011,-0.79357
7.8,-0.51927,0.95654,0.65318,1.40942,0,0.9135,0.19081,-0.40009,-0.00241,-0.43537,-0.32118,-0.86095,-14.98351,3.15524,-3.63624,13.38459,-1.07079,-3.4117,-1.36803,-12.15839,-1.65942,-1.9312,22.25548,-12.24299,-18.18917,5.49748,0.82413,-1.00757,0.65019,-0.76123,-6.45132,0.32227,-0.99686,-2.24215,-2.4262,0.9183,-4.97848,-1.64683,-1.19561,-1.2534
7.82,-0.71728,0.98491,0.8151,1.64981,0,1.07985,0.39381,-0.55049,-0.1381,-0.6801,-0.20448,-0.93192,-14.86386,2.20265,-5.56237,11.55136,-2.05541,-0.28553,-0.78994,-12.08377,-0.96479,1.11563,20.59839,-10.55234,-14.45683,4.3651,0.00772,-1.29893,1.46768,-0.09542,-6.86082,0.16356,-0.99557,-2.0438,-2.97692,0.30945,-6.96067,-1.91698,-1.50397,-1.72675
7.84,-0.88558,0.9776,0.95482,1.85337,0,1.17349,0.57418,-0.6464,-0.29569,-0.86969,-0.06772,-0.98284,-14.24086,1.20772,-7.19235,9.27601,-2.91654,3.04565,0.00668,-11.55006,-0.16859,3.88879,18.04127,-8.36807,-9.76025,2.80815,-0.75629,-1.50757,2.14565,0.58316,-6.96981,-0.06867,-1.04676,-1.82253,-3.42986,-0.29577,-8.87194,-1.91542,-1.70386,-2.19638
7.86,-1.02133,0.93406,1.06977,2.00424,0,1.18338,0.72808,-0.67558,-0.46514,-1.00448,0.08311,-1.00755,-13.15492,0.20224,-8.48457,6.69769,-3.64731,6.41494,0.98495,-10.60176,0.69318,6.21217,14.6647,-5.84695,-4.37349,0.90216,-1.43069,-1.63042,2.65226,1.20994,-6.7941,-0.31646,-1.10125,-1.62005,-3.75587,-0.82991,-10.57559,-1.61071,-1.77317,-2.64168
7.88,-1.1233,0.8557,1.15864,2.08752,0,1.10545,0.85342,-0.63231,-0.63689,-1.09005,0.24277,-1.00079,-11.66193,-0.7872,-9.42941,3.97931,-4.25791,9.63561,2.069,-9.31351,1.57726,7.95968,10.60887,-3.16016,1.36026,-1.22803,-1.98329,-1.67092,2.9675,1.72634,-6.36197,-0.52185,-1.10745,-1.4778,-3.9339,-1.23327,-11.93836,-1.0057,-1.70362,-3.03929
7.9,-1.19196,0.7459,1.22128,2.09151,0,0.94338,0.94985,-0.51862,-0.80327,-1.13685,0.40756,-0.95877,-9.82572,-1.73883,-10.04844,1.28988,-4.77577,12.51485,3.14603,-7.78576,2.43452,9.06676,6.06446,-0.47377,7.06039,-3.41406,-2.38935,-1.638,3.08485,2.08411,-5.71132,-0.63742,-1.02069,-1.43187,-3.95355,-1.46359,-12.84335,-0.14219,-1.50353,-3.36436
7.92,-1.22923,0.60992,1.25859,2.00945,0,0.70842,1.01861,-0.34437,-0.95937,-1.15929,0.57556,-0.87962,-7.71167,-2.63557,-10.38998,-1.21175,-5.24123,14.86994,4.07693,-6.13661,3.21232,9.53274,1.25798,2.06615,12.34392,-5.45907,-2.63336,-1.54473,3.01153,2.24881,-4.88681,-0.63363,-0.81046,-1.50868,-3.81635,-1.50249,-13.20082,0.90081,-1.19773,-3.59238
7.94,-1.23826,0.45454,1.27232,1.84083,0,0.41821,1.0621,-0.12606,-1.10324,-1.17399,0.74615,-0.76354,-5.38187,-3.46508,-10.52082,-3.39065,-5.69862,16.54603,4.71544,-4.48974,3.85776,9.41322,-3.56849,4.34215,16.8619,-7.16164,-2.71002,-1.40668,2.76735,2.20213,-3.93719,-0.50179,-0.46451,-1.72182,-3.53545,-1.3574,-12.95536,2.01604,-0.82415,-3.70175
7.96,-1.22293,0.28758,1.2649,1.59188,0,0.09472,1.08329,0.11541,-1.23558,-1.19763,0.91923,-0.61262,-2.89209,-4.22039,-10.51553,-5.14657,-6.18397,17.43411,4.93334,-2.95982,4.32161,8.8046,-8.18115,6.26857,20.33438,-8.34578,-2.62436,-1.24032,2.38234,1.94309,-2.91277,-0.25296,0.01022,-2.07041,-3.13396,-1.05946,-12.08992,3.08271,-0.42763,-3.6765
7.98,-1.18743,0.11735,1.23927,1.27557,0,-0.23822,1.08519,0.35744,-1.35894,-1.2446,1.09412,-0.43058,-0.29063,-4.9005,-10.44526,-6.42155,-6.71246,17.4869,4.64635,-1.63812,4.56245,7.82536,-12.37773,7.79069,22.57983,-8.89056,-2.39136,-1.06153,1.89378,1.48813,-1.86329,0.08611,0.58914,-2.5387,-2.64248,-0.65819,-10.62696,3.9838,-0.05262,-3.50906
8,-1.13589,-0.04794,1.19879,0.91095,0,-0.55726,1.07026,0.5784,-1.4768,-1.32495,1.26862,-0.22245,2.38113,-5.51053,-10.36814,-7.20396,-7.26883,16.72866,3.83418,-0.58167,4.55019,6.59841,-16.00543,8.88178,23.53341,-8.75208,-2.03485,-0.88449,1.34311,0.86998,-0.83618,0.47837,1.23331,-3.09703,-2.09618,-0.21444,-8.62717,4.6221,0.26371,-3.20195
8.02,-1.07204,-0.20065,1.14705,0.5217,0,-0.84149,1.04006,0.75959,-1.59244,-1.44293,1.43856,0.00589,5.08689,-6.06078,-10.32247,-7.5284,-7.80346,15.25523,2.54913,0.19174,4.26814,5.23801,-18.96948,9.53943,23.24878,-7.97086,-1.58568,-0.72085,0.77289,0.13504,0.12489,0.88209,1.89391,-3.70406,-1.53176,0.2076,-6.18508,4.93153,0.49653,-2.76803
8.04,-0.99897,-0.33418,1.08765,0.13404,0,-1.0738,0.99497,0.88654,-1.70792,-1.59619,1.59771,0.24806,7.79277,-6.56441,-10.32342,-7.4713,-8.23567,13.22277,0.91045,0.7017,3.71348,3.84258,-21.23111,9.78201,21.88215,-6.66241,-1.07914,-0.57934,0.22399,-0.66094,0.9814,1.25592,2.51728,-4.31022,-0.98434,0.54836,-3.42141,4.88232,0.63572,-2.22863
8.06,-0.91897,-0.44339,1.02403,-0.22607,0,-1.24163,0.93403,0.94942,-1.8232,-1.7759,1.73828,0.49759,10.46452,-7.03427,-10.36299,-7.1427,-8.46385,10.82739,-0.91356,0.99746,2.89638,2.49307,-22.7973,9.64587,19.66236,-4.99368,-0.55172,-0.46574,-0.26699,-1.45822,1.70143,1.563,3.05044,-4.86206,-0.48456,0.76019,-0.47304,4.48029,0.68569,-1.61037
8.08,-0.83346,-0.52492,0.95916,-0.53571,0,-1.33732,0.85514,0.94303,-1.9355,-1.96748,1.85174,0.74817,13.0644,-7.47923,-10.41265,-6.67512,-8.38076,8.28039,-2.7309,1.14663,1.83879,1.25493,-23.70645,9.18305,16.85474,-3.15245,-0.03799,-0.383,-0.66992,-2.19893,2.2611,1.77418,3.44631,-5.3072,-0.05612,0.81335,2.5178,3.76216,0.66309,-0.94146
8.1,-0.74311,-0.57729,0.89546,-0.77753,0,-1.35808,0.75532,0.86642,-2.03904,-2.152,1.92973,0.99376,15.54785,-7.90077,-10.42759,-6.20996,-7.89139,5.78416,-4.35277,1.22299,0.57345,0.18147,-24.01395,8.45895,13.72667,-1.31756,0.43221,-0.33162,-0.96287,-2.83238,2.64574,1.87012,3.66835,-5.59895,0.2857,0.69944,5.41343,2.78847,0.59312,-0.24859
8.12,-0.64798,-0.60098,0.83466,-0.94155,0,-1.30558,0.63121,0.72238,-2.12519,-2.30791,1.96473,1.22849,17.85975,-8.29019,-10.35142,-5.88177,-6.93074,3.51239,-5.61701,1.29542,-0.85632,-0.68363,-23.78027,7.54867,10.52012,0.36372,0.8357,-0.31011,-1.13321,-3.31889,2.85054,1.84232,3.69376,-5.70013,0.53457,0.43197,8.08864,1.63557,0.50485,0.4448
8.14,-0.5478,-0.59815,0.77773,-1.02595,0,-1.18528,0.47968,0.5169,-2.183,-2.41316,1.95068,1.44629,19.93089,-8.6267,-10.1208,-5.80119,-5.47913,1.59649,-6.40527,1.41944,-2.39634,-1.30599,-23.06298,6.53161,7.43399,1.78793,1.15689,-0.31549,-1.1781,-3.6321,2.88064,1.69307,3.51526,-5.5856,0.69238,0.04338,10.43633,0.38749,0.42617,1.1187
8.16,-0.44221,-0.57229,0.72487,-1.03711,0,-1.00567,0.29856,0.25866,-2.20007,-2.44753,1.88348,1.64057,21.67601,-8.87705,-9.66995,-6.03851,-3.57347,0.11833,-6.65327,1.63175,-3.98132,-1.66251,-21.91349,5.48487,4.61612,2.8977,1.38794,-0.34374,-1.10432,-3.75971,2.75059,1.43458,3.14129,-5.24376,0.76765,-0.42036,12.37128,-0.87179,0.37896,1.75553
8.18,-0.33105,-0.5278,0.67559,-0.98883,0,-0.7774,0.08725,-0.04145,-2.16382,-2.39486,1.76186,1.80399,22.99509,-8.99699,-8.93573,-6.61078,-1.31242,-0.89108,-6.35452,1.94783,-5.53527,-1.74479,-20.37808,4.47675,2.16317,3.67661,1.52831,-0.39023,-0.9277,-3.70317,2.48351,1.0874,2.59517,-4.67713,0.7735,-0.90673,13.83246,-2.06498,0.37532,2.33862
8.2,-0.2147,-0.46956,0.62883,-0.90108,0,-0.51259,-0.15261,-0.37069,-2.06277,-2.24504,1.58895,1.92861,23.77919,-8.93491,-7.86315,-7.47613,1.14654,-1.44798,-5.55795,2.3623,-6.97349,-1.56266,-18.50186,3.56187,0.12619,4.1398,1.58382,-0.45,-0.6719,-3.47661,2.10972,0.67844,1.91305,-3.90219,0.72545,-1.36347,14.7839,-3.12664,0.41553,2.85114
8.22,-0.09426,-0.40253,0.58316,-0.79825,0,-0.22426,-0.41679,-0.71487,-1.8879,-1.99524,1.37409,2.00636,23.9208,-8.63743,-6.41151,-8.53796,3.60042,-1.60776,-4.35938,2.8519,-8.20679,-1.14619,-16.3335,2.77878,-1.48061,4.3231,1.56547,-0.51785,-0.36657,-3.10507,1.66477,0.23857,1.14074,-2.94825,0.6395,-1.74433,15.21372,-4.00657,0.48857,3.27594
8.24,0.02834,-0.33146,0.53696,-0.70696,0,0.07416,-0.69837,-1.05881,-1.63373,-1.65026,1.13281,2.02998,23.32835,-8.05664,-4.56042,-9.65958,5.82445,-1.45338,-2.88765,3.38066,-9.1483,-0.54548,-13.92892,2.15034,-2.6699,4.27263,1.48796,-0.58841,-0.04479,-2.62211,1.18692,-0.20027,0.32934,-1.85521,0.53049,-2.01303,15.13154,-4.67134,0.57507,3.59679
8.26,0.15028,-0.26056,0.48871,-0.65352,0,0.36929,-0.988,-1.38691,-1.29907,-1.22205,0.88233,1.99422,21.94309,-7.15819,-2.31573,-10.68715,7.60317,-1.08193,-1.28728,3.90639,-9.72223,0.17204,-11.35352,1.68616,-3.47164,4.03625,1.36817,-0.65602,0.25999,-2.06702,0.71407,-0.60815,-0.46992,-0.67041,0.41105,-2.14542,14.56489,-5.10447,0.65222,3.80073
8.28,0.26798,-0.19337,0.43717,-0.66138,0,0.64819,-1.27429,-1.68388,-0.88771,-0.72876,0.63513,1.89718,19.75551,-5.92928,0.28547,-11.4757,8.76285,-0.59129,0.29964,4.38757,-9.87342,0.92642,-8.683,1.386,-3.92504,3.65751,1.22357,-0.71468,0.51719,-1.48193,0.28067,-0.96002,-1.21093,0.5548,0.29098,-2.13018,13.55595,-5.3056,0.6992,3.88073
8.3,0.37721,-0.13257,0.38158,-0.74878,0,0.89874,-1.54451,-1.93547,-0.40857,-0.19329,0.39602,1.74135,16.81655,-4.38468,3.17152,-11.91245,9.1979,-0.06885,1.74889,4.78913,-9.57541,1.63161,-6.00279,1.24277,-4.07278,3.17259,1.07086,-0.75816,0.70187,-0.90913,-0.0849,-1.23808,-1.85708,1.76847,0.1772,-1.9682,12.1589,-5.28874,0.70172,3.83783
8.32,0.4733,-0.08,0.32177,-0.92669,0,1.10996,-1.78527,-2.12918,0.12444,0.35834,0.16343,1.53395,13.23899,-2.56911,6.23603,-11.93175,8.8847,0.41605,2.96505,5.08604,-8.83499,2.20301,-3.40527,1.24402,-3.95781,2.60998,0.92472,-0.78021,0.79688,-0.38853,-0.36215,-1.43301,-2.38425,2.92107,0.07424,-1.67088,10.43781,-5.07965,0.65449,3.68162
8.34,0.55142,-0.03665,0.25818,-1.19738,0,1.27239,-1.98327,-2.25486,0.69329,0.89889,-0.06826,1.28651,9.18687,-0.55478,9.34183,-11.5194,7.88023,0.81568,3.88667,5.26437,-7.69203,2.56581,-0.9846,1.37162,-3.62242,1.99262,0.79669,-0.77504,0.79404,0.04468,-0.53941,-1.54415,-2.78192,3.96803,-0.01498,-1.25749,8.46458,-4.71219,0.56096,3.42878
8.36,0.60684,-0.00269,0.19171,-1.55354,0,1.37854,-2.12621,-2.30531,1.27702,1.40201,-0.30632,1.01365,4.85501,1.56514,12.32909,-10.70736,6.30746,1.10364,4.48645,5.32008,-6.21524,2.66337,1.17041,1.60013,-3.10918,1.34148,0.69427,-0.73793,0.69443,0.36214,-0.61387,-1.57857,-3.05262,4.87211,-0.08807,-0.75219,6.31692,-4.22437,0.43095,3.10004
8.38,0.63533,0.02237,0.12361,-1.97813,0,1.42331,-2.20368,-2.2768,1.85322,1.84435,-0.55729,0.73141,0.44387,3.68602,15.02705,-9.56261,4.33257,1.27216,4.76786,5.25662,-4.49508,2.46448,2.98405,1.89511,-2.46269,0.67957,0.62037,-0.66606,0.50812,0.54404,-0.59091,-1.54943,-3.20993,5.60518,-0.14223,-0.18117,4.07642,-3.65448,0.27713,2.71669
8.4,0.6335,0.0396,0.05532,-2.44505,0,1.40449,-2.20808,-2.16945,2.39945,2.20742,-0.82457,0.45556,-3.86416,5.70204,17.26779,-8.17395,2.14001,1.32801,4.75962,5.08222,-2.63562,1.96796,4.4005,2.21302,-1.73092,0.03504,0.57315,-0.55919,0.25319,0.58015,-0.48291,-1.4738,-3.27534,6.14957,-0.17367,0.42926,1.82658,-3.03806,0.11167,2.29774
8.42,0.59913,0.05045,-0.01166,-2.92074,0,1.32294,-2.13539,-1.9873,2.89424,2.47898,-1.10586,0.20003,-7.92245,7.51609,18.90083,-6.63955,-0.09026,1.28804,4.50903,4.80732,-0.74577,1.2034,5.38817,2.50374,-0.96508,-0.5579,0.54645,-0.42032,-0.04561,0.47007,-0.30756,-1.37015,-3.27403,6.49826,-0.17759,1.05361,-0.34982,-2.40586,-0.05585,1.85847
8.44,0.5314,0.05655,-0.0759,-3.36667,0,1.18272,-1.98559,-1.73796,3.31785,2.65381,-1.3905,-0.02435,-11.62976,9.04842,19.80737,-5.05696,-2.20058,1.17505,4.0749,4.44272,1.06928,0.2272,5.94126,2.71629,-0.21729,-1.06057,0.53084,-0.25594,-0.35882,0.22239,-0.08573,-1.2557,-3.22994,6.65419,-0.14883,1.66688,-2.37436,-1.78278,-0.21889,1.41065
8.46,0.43103,0.0595,-0.13612,-3.7427,0,0.99085,-1.76295,-1.432,3.65282,2.734,-1.65803,-0.21081,-14.93217,10.24368,19.91344,-3.51608,-4.06781,1.01419,3.52087,3.9984,2.71622,-0.885,6.07874,2.80676,0.4634,-1.43378,0.51493,-0.07603,-0.65452,-0.14682,0.16083,-1.14391,-3.16083,6.62876,-0.0831,2.24369,-4.17751,-1.18782,-0.37291,0.96414
8.48,0.30044,0.06064,-0.19128,-4.01093,0,0.75709,-1.47605,-1.0822,3.88462,2.72877,-1.88184,-0.35714,-17.81889,11.07617,19.20041,-2.09528,-5.60977,0.83029,2.9096,3.4832,4.12056,-2.04796,5.84164,2.74674,1.03584,-1.64303,0.48714,0.10634,-0.9009,-0.61587,0.4118,-1.04256,-3.07435,6.44009,0.02174,2.75736,-5.70337,-0.63462,-0.51358,0.52898
8.5,0.14366,0.06096,-0.24062,-4.13939,0,0.49354,-1.13756,-0.70288,4.0025,2.65374,-2.03892,-0.46575,-20.3136,11.55223,17.71027,-0.86006,-6.78627,0.64591,2.29836,2.90506,5.2315,-3.17638,5.28925,2.52973,1.47094,-1.66359,0.43717,0.27571,-1.06882,-1.1594,0.65016,-0.9529,-2.96624,6.11127,0.16437,3.1798,-6.91335,-0.13239,-0.63526,0.11715
8.52,-0.03371,0.06093,-0.28372,-4.10508,0,0.21415,-0.76376,-0.30926,4.00054,2.52966,-2.11876,-0.54324,-22.46227,11.70903,15.54281,0.13626,-7.59481,0.4802,1.73605,2.27155,6.02408,-4.19282,4.49434,2.17344,1.75401,-1.48419,0.35732,0.41539,-1.13422,-1.74995,0.86348,-0.87007,-2.82129,5.66859,0.33947,3.48268,-7.78793,0.31295,-0.73037,-0.25706
8.54,-0.22486,0.0606,-0.32053,-3.89608,0,-0.06592,-0.37343,0.08301,3.87877,2.3803,-2.12547,-0.59942,-24.31882,11.60933,12.84371,0.85085,-8.06192,0.34825,1.26152,1.59036,6.49829,-5.0333,3.53768,1.71698,1.88489,-1.10882,0.2433,0.50894,-1.0803,-2.35934,1.04458,-0.78492,-2.61725,5.13958,0.53768,3.64006,-8.32611,0.69788,-0.79008,-0.57824
8.56,-0.42219,0.05956,-0.35136,-3.51254,0,-0.33112,0.01342,0.45842,3.64427,2.22999,-2.07431,-0.64605,-25.93058,11.3332,9.78568,1.24934,-8.23177,0.26091,0.90288,0.86969,6.67599,-5.65043,2.50221,1.21367,1.87596,-0.55657,0.09453,0.5419,-0.8994,-2.95958,1.19138,-0.68683,-2.33095,4.55118,0.7465,3.63223,-8.54298,1.02054,-0.80616,-0.83249
8.58,-0.61785,0.05714,-0.37693,-2.96692,0,-0.56642,0.37712,0.80215,3.31197,2.10091,-1.98673,-0.6954,-27.3256,10.9684,6.54713,1.30436,-8.15442,0.22472,0.67746,0.11848,6.59625,-6.01456,1.46739,0.7214,1.74901,0.13969,-0.08596,0.50353,-0.59459,-3.52366,1.30629,-0.56683,-1.9452,3.92824,0.95145,3.44982,-8.4664,1.28038,-0.77339,-1.01068
8.6,-0.80427,0.05257,-0.39829,-2.28325,0,-0.75827,0.69981,1.10068,2.90465,2.0107,-1.88567,-0.75888,-28.50325,10.60075,3.29323,0.99502,-7.87568,0.24208,0.59219,-0.6532,6.31012,-6.11336,0.50439,0.29266,1.53168,0.93527,-0.29201,0.38827,-0.18063,-4.026,1.39506,-0.42032,-1.45486,3.29251,1.13762,3.09709,-8.13345,1.47789,-0.69162,-1.11109
8.62,-0.97461,0.04508,-0.41677,-1.49537,0,-0.89542,0.96666,1.34245,2.45163,1.9705,-1.79147,-0.846,-29.42882,10.30542,0.16263,0.30793,-7.43011,0.31129,0.64405,-1.43399,5.87486,-5.94966,-0.32773,-0.03357,1.25408,1.77591,-0.51514,0.19642,0.31596,-4.44263,1.46516,-0.2486,-0.87026,2.66211,1.2911,2.59314,-7.58682,1.61448,-0.56689,-1.1406
8.64,-1.12314,0.0341,-0.43378,-0.64399,0,-0.96975,1.16674,1.51866,1.9859,1.98368,-1.71892,-0.96353,-30.03293,10.1394,-2.73885,-0.76034,-6.8378,0.42657,0.82046,-2.21106,5.34805,-5.5382,-0.98476,-0.2372,0.9461,2.60015,-0.7457,-0.06577,0.85789,-4.75121,1.52385,-0.05891,-0.21737,2.05126,1.40025,1.97049,-6.87141,1.69243,-0.41107,-1.11397
8.66,-1.24552,0.01935,-0.45066,0.22706,0,-0.9769,1.29371,1.62407,1.54012,2.04526,-1.67532,-1.11503,-30.21683,10.13576,-5.3382,-2.19929,-6.10511,0.57813,1.09978,-2.97019,4.78194,-4.90159,-1.43911,-0.31915,0.63527,3.34227,-0.9741,-0.38683,1.39937,-4.9311,1.57616,0.13676,0.46514,1.47032,1.45673,1.27151,-6.03133,1.7148,-0.24034,-1.05148
8.68,-1.33903,0.00098,-0.46848,1.07471,0,-0.9168,1.34608,1.65773,1.14224,2.14214,-1.65971,-1.30058,-29.86488,10.29982,-7.59058,-3.97954,-5.229,0.75216,1.45173,-3.69609,4.21879,-4.06682,-1.68071,-0.30034,0.3453,3.93592,-1.192,-0.75111,1.88938,-4.96392,1.62336,0.32387,1.13095,0.92611,1.45634,0.54351,-5.10774,1.68557,-0.07276,-0.97552
8.7,-1.40266,-0.02047,-0.48794,1.85997,0,-0.79393,1.3272,1.6234,0.8119,2.25422,-1.66325,-1.51656,-28.86416,10.60763,-9.47225,-6.04758,-4.2042,0.93112,1.83819,-4.37265,3.68756,-3.06262,-1.71676,-0.21777,0.09519,4.31892,-1.3931,-1.14,2.27601,-4.83457,1.66204,0.4876,1.73193,0.42239,1.3994,-0.16618,-4.13767,1.6097,0.07424,-0.90711
8.72,-1.43703,-0.04404,-0.50931,2.55014,0,-0.61708,1.24487,1.52942,0.55814,2.35637,-1.6707,-1.7555,-27.13002,11.00671,-10.97257,-8.32111,-3.032,1.09421,2.21451,-4.98333,3.20249,-1.91832,-1.57038,-0.118,-0.10134,4.43926,-1.57333,-1.53306,2.51152,-4.53267,1.68448,0.61493,2.22372,-0.03936,1.29079,-0.81434,-3.15352,1.49319,0.18611,-0.863
8.74,-1.44416,-0.06853,-0.53252,3.11973,0,-0.39872,1.11036,1.3878,0.37897,2.42118,-1.6629,-2.00602,-24.63584,11.41909,-12.0867,-10.68621,-1.72933,1.21836,2.53179,-5.51141,2.76341,-0.66389,-1.27775,-0.04845,-0.23621,4.26196,-1.73042,-1.90895,2.55791,-4.05432,1.67998,0.69611,2.57049,-0.45925,1.13938,-1.36482,-2.18319,1.34312,0.25281,-0.85368
8.76,-1.42703,-0.09258,-0.55727,3.55048,0,-0.15387,0.93727,1.21289,0.26258,2.42221,-1.6203,-2.25286,-21.44418,11.74693,-12.81029,-12.99767,-0.33635,1.27982,2.74023,-5.94041,2.35776,0.66894,-0.88435,-0.04806,-0.30703,3.77605,-1.86297,-2.24632,2.39251,-3.40398,1.63712,0.7256,2.7486,-0.83819,0.95713,-1.79036,-1.25044,1.16741,0.26977,-0.88251
8.78,-1.38924,-0.11494,-0.58325,3.83081,0,0.10116,0.74019,1.01975,0.18974,2.33747,-1.52713,-2.47735,-17.72274,11.88064,-13.13692,-15.08368,1.07962,1.25644,2.7939,-6.25469,1.96407,2.04513,-0.44055,-0.13891,-0.317,3.00021,-1.96938,-2.5246,2.01254,-2.59625,1.54646,0.70245,2.74906,-1.17732,0.75796,-2.07338,-0.37557,0.97479,0.23821,-0.94574
8.8,-1.33464,-0.13459,-0.61038,3.95514,0,0.35005,0.53346,0.82267,0.13696,2.15239,-1.37612,-2.65844,-13.7088,11.70942,-13.05865,-16.75602,2.42588,1.1306,2.65688,-6.4401,1.55653,3.4248,0.00303,-0.32107,-0.27443,1.98503,-2.04705,-2.72479,1.43758,-1.6571,1.40275,0.6303,2.57863,-1.47749,0.55665,-2.20608,0.42376,0.77449,0.16485,-1.03334
8.82,-1.26704,-0.15091,-0.63894,3.92333,0,0.57762,0.33022,0.63402,0.07993,1.86182,-1.17158,-2.77429,-9.62414,11.13342,-12.56924,-17.82605,3.59402,0.89272,2.31025,-6.48462,1.11021,4.76236,0.39993,-0.5723,-0.19175,0.81,-2.09193,-2.83025,0.70872,-0.62381,1.20632,0.517,2.25925,-1.73882,0.36785,-2.18992,1.13176,0.57608,0.06108,-1.13042
8.84,-1.19003,-0.16368,-0.66969,3.74024,0,0.77064,0.14171,0.46353,-0.00322,1.47071,-0.92662,-2.80453,-5.60744,10.07669,-11.66935,-18.12597,4.47688,0.54481,1.75929,-6.37866,0.60654,6.00698,0.71197,-0.85313,-0.08404,-0.42527,-2.09868,-2.82736,-0.11605,0.45661,0.96316,0.37403,1.82575,-1.96053,0.20524,-2.03462,1.73392,0.38904,-0.05837,-1.21908
8.86,-1.10679,-0.17311,-0.70387,3.41557,0,0.91856,-0.02324,0.31798,-0.12891,0.99348,-0.65517,-2.73294,-1.70814,8.4998,-10.37299,-17.53325,4.99036,0.10356,1.03931,-6.11538,0.03824,7.10437,0.91274,-1.11605,0.03286,-1.61449,-2.06138,-2.70629,-0.96938,1.53059,0.68381,0.21551,1.32223,-2.14076,0.08076,-1.75687,2.21675,0.22232,-0.17713,-1.28058
8.88,-1.02013,-0.17978,-0.74309,2.96398,0,1.0139,-0.15838,0.20132,-0.30591,0.45252,-0.36571,-2.55012,2.08133,6.41041,-8.71379,-15.99407,5.09423,-0.39814,0.21804,-5.69122,-0.58681,7.99995,0.99032,-1.31642,0.14425,-2.65961,-1.97454,-2.46174,-1.78327,2.54199,0.38167,0.05724,0.7976,-2.27678,0.00406,-1.37906,2.56786,0.08387,-0.27899,-1.29744
8.9,-0.93242,-0.18453,-0.78922,2.40524,0,1.05247,-0.26001,0.11502,-0.53408,-0.12403,-0.06066,-2.25563,5.78627,3.86917,-6.74926,-13.5399,4.80556,-0.91231,-0.60807,-5.10664,-1.24398,8.64283,0.94843,-1.42207,0.23818,-3.48399,-1.83443,-2.09368,-2.49723,3.43655,0.071,-0.0845,0.30103,-2.36511,-0.01789,-0.92802,2.77617,-0.01979,-0.34956,-1.25536
8.92,-0.84576,-0.18832,-0.84408,1.76396,0,1.03324,-0.32677,0.05865,-0.8044,-0.70498,0.26115,-1.85887,9.41147,0.98834,-4.5609,-10.29169,4.19904,-1.38066,-1.32531,-4.36696,-1.89315,8.98996,0.8059,-1.41905,0.30648,-4.04069,-1.6401,-1.60765,-3.064,4.16596,-0.2347,-0.19418,-0.12237,-2.40176,0.01884,-0.43366,2.83225,-0.08392,-0.37759,-1.14456
8.94,-0.76194,-0.19214,-0.90911,1.06881,0,0.95802,-0.35916,0.03054,-1.10036,-1.25902,0.60144,-1.37851,12.9039,-2.07817,-2.24922,-6.44897,3.39259,-1.74299,-1.82209,-3.48291,-2.48328,9.0101,0.59395,-1.31263,0.34507,-4.31467,-1.3941,-1.01473,-3.45231,4.69142,-0.52402,-0.25833,-0.43544,-2.3824,0.11507,0.07231,2.72862,-0.10567,-0.3559,-0.96048
8.96,-0.68247,-0.19679,-0.98494,0.35112,0,0.83087,-0.35914,0.02854,-1.40055,-1.75792,0.95919,-0.84056,16.1293,-5.15176,0.07559,-2.26608,2.52157,-1.94798,-2.01286,-2.47101,-2.95955,8.68751,0.35201,-1.12391,0.35371,-4.31967,-1.10285,-0.33105,-3.64692,4.98664,-0.78833,-0.26685,-0.61216,-2.30244,0.26842,0.55794,2.45999,-0.08422,-0.28181,-0.70388
8.98,-0.60862,-0.20279,-1.07102,-0.35672,0,0.65757,-0.32957,0.0505,-1.68177,-2.17921,1.32724,-0.27568,18.89565,-8.04975,2.30502,1.97867,1.70917,-1.96389,-1.86071,-1.35367,-3.27169,8.02504,0.1225,-0.88402,0.33523,-4.09166,-0.77658,0.4229,-3.64687,5.04016,-1.0221,-0.21432,-0.64013,-2.15715,0.47327,0.99242,2.02371,-0.02075,-0.15726,-0.38068
9,-0.54142,-0.21025,-1.16532,-1.02286,0,0.44516,-0.27397,0.09476,-1.92227,-2.50819,1.68875,0.28376,21.02528,-10.6054,4.34295,6.01441,1.04167,-1.7862,-1.39163,-0.15907,-3.38172,7.04608,-0.05432,-0.62816,0.29479,-3.68093,-0.42909,1.223,-3.46293,4.85667,-1.22259,-0.10089,-0.52186,-1.94186,0.72075,1.34738,1.42013,0.08161,0.0114,-0.0015
9.02,-0.48165,-0.21879,-1.2642,-1.61735,0,0.20171,-0.19628,0.16016,-2.10442,-2.73853,2.01519,0.80632,22.41809,-12.68375,6.11349,9.60441,0.55566,-1.43947,-0.69439,1.07973,-3.2695,5.79439,-0.14499,-0.3909,0.23901,-3.14463,-0.07709,2.04214,-3.11482,4.45684,-1.38915,0.06713,-0.27455,-1.65199,0.99872,1.59787,0.65295,0.21794,0.21394,0.41878
9.04,-0.42991,-0.2275,-1.36246,-2.11325,0,-0.06382,-0.10088,0.24591,-2.21662,-2.87156,2.27074,1.26381,23.06459,-14.19166,7.56514,12.56544,0.24008,-0.97275,0.09562,2.32626,-2.93533,4.33134,-0.12632,-0.20381,0.17526,-2.54053,0.26083,2.85098,-2.62871,3.87553,-1.52213,0.27746,0.07156,-1.2831,1.29185,1.72315,-0.27061,0.38172,0.43708,0.8616
9.06,-0.38654,-0.23503,-1.45352,-2.48758,0,-0.34152,0.00733,0.35106,-2.25424,-2.91442,2.42339,1.63318,23.02544,-15.08225,8.67134,14.7796,0.05102,-0.4496,0.82504,3.54295,-2.3996,2.73086,0.01233,-0.09499,0.11119,-1.92255,0.56548,3.61888,-2.03506,3.15854,-1.62172,0.51247,0.47643,-0.831,1.58174,1.70733,-1.33958,0.56509,0.66557,1.30544
9.08,-0.35162,-0.2396,-1.52985,-2.72237,0,-0.62044,0.12273,0.47385,-2.21991,-2.87785,2.45513,1.89797,22.40445,-15.35491,9.42843,16.19898,-0.06701,0.06418,1.35596,4.69355,-1.70027,1.07324,0.26811,-0.08946,0.05429,-1.33791,0.81856,4.31485,-1.36704,2.35884,-1.68691,0.7506,0.89424,-0.29215,1.84734,1.54028,-2.53875,0.75913,0.88338,1.7265
9.1,-0.32503,-0.23918,-1.58355,-2.80565,0,-0.88848,0.23906,0.61102,-2.12274,-2.77404,2.36462,2.04939,21.3247,-15.05143,9.85162,16.84368,-0.1606,0.51171,1.59444,5.74519,-0.88894,-0.56133,0.62536,-0.20917,0.01168,-0.82578,1.00404,4.90876,-0.65928,1.53253,-1.71509,0.96808,1.27792,0.33538,2.06548,1.21864,-3.84755,0.95407,1.07481,2.09956
9.12,-0.30648,-0.23166,-1.60693,-2.7325,0,-1.13232,0.34946,0.75713,-1.97684,-2.61501,2.16438,2.08677,19.90964,-14.24858,9.96944,16.79285,-0.25387,0.85221,1.50652,6.66946,-0.02587,-2.09876,1.0578,-0.47139,-0.01012,-0.41703,1.10933,5.37239,0.05331,0.73509,-1.70216,1.14128,1.58382,1.0504,2.21169,0.74709,-5.2381,1.13946,1.22555,2.39887
9.14,-0.29557,-0.21505,-1.59311,-2.50587,0,-1.33761,0.44696,0.90408,-1.79887,-2.41167,1.8766,2.01751,18.27003,-13.04734,9.81722,16.16955,-0.34514,1.06311,1.11812,7.44249,0.82566,-3.47631,1.53237,-0.88543,-0.00537,-0.13457,1.12609,5.6806,0.73692,0.01786,-1.6435,1.24926,1.776,1.84664,2.26131,0.13954,-6.6729,1.30427,1.32337,2.59917
9.16,-0.29185,-0.18773,-1.53672,-2.13728,0,-1.48942,0.52507,1.04092,-1.60512,-2.17355,1.52892,1.85651,16.49664,-11.56057,9.43077,15.12169,-0.41281,1.1376,0.50106,8.0443,1.60523,-4.64682,2.01398,-1.44793,0.03062,0.00599,1.05074,5.81255,1.36044,-0.57517,-1.53536,1.27647,1.83011,2.71064,2.19101,-0.57971,-8.10247,1.43708,1.35891,2.67703
9.18,-0.29497,-0.14866,-1.43442,-1.64727,0,-1.57304,0.57849,1.15419,-1.40868,-1.90907,1.15053,1.62508,14.65814,-9.90095,8.84143,13.80252,-0.42722,1.07984,-0.24892,8.45803,2.26079,-5.58169,2.47042,-2.13836,0.10121,-0.00418,0.88476,5.75327,1.89737,-1.00996,-1.37652,1.21517,1.73622,3.61995,1.98079,-1.37537,-9.46388,1.52639,1.32614,2.61251
9.2,-0.30469,-0.09765,-1.2855,-1.0652,0,-1.57524,0.60379,1.2288,-1.21733,-1.62607,0.76906,1.34952,12.80296,-8.17139,8.07367,12.35371,-0.36351,0.90006,-1.03461,8.66941,2.75314,-6.27185,2.87613,-2.91628,0.20796,-0.16729,0.6346,5.49533,2.32761,-1.26436,-1.16968,1.06685,1.5002,4.54214,1.6163,-2.20138,-10.68094,1.5612,1.22294,2.39106
9.22,-0.32098,-0.03544,-1.09216,-0.42813,0,-1.48572,0.59984,1.24954,-1.03252,-1.33234,0.40803,1.05906,10.96306,-6.45848,7.14558,10.89283,-0.21176,0.6116,-1.77425,8.66656,3.05861,-6.72619,3.21405,-3.72201,0.35008,-0.47871,0.31135,5.04031,2.63889,-1.32898,-0.92216,0.84243,1.14287,5.43512,1.09139,-3.00239,-11.66638,1.53173,1.05143,2.0055
9.24,-0.34402,0.03618,-0.85953,0.22151,0,-1.29885,0.56794,1.2032,-0.84963,-1.03582,0.08517,0.78321,9.15845,-4.82938,6.07195,9.50593,0.01821,0.23066,-2.40982,8.44013,3.16991,-6.96748,3.47521,-4.4813,0.52381,-0.92615,-0.0701,4.39977,2.82789,-1.20708,-0.64555,0.56067,0.69695,6.24902,0.41046,-3.71694,-12.32657,1.43044,0.81807,1.45794
9.26,-0.37415,0.11442,-0.59538,0.83925,0,-1.01536,0.51163,1.08097,-0.65941,-0.74451,-0.18859,0.54871,7.40143,-3.33157,4.86926,8.24507,0.29748,-0.2217,-2.90715,7.98409,3.09522,-7.02643,3.65634,-5.11355,0.72185,-1.48851,-0.49214,3.59568,2.90059,-0.91368,-0.35455,0.24549,0.20225,6.92962,-0.40956,-4.28224,-12.56858,1.253,0.53352,0.76142
9.28,-0.41176,0.19565,-0.30971,1.38254,0,-0.64378,0.43625,0.88077,-0.45024,-0.46613,-0.4095,0.37656,5.70061,-1.99472,3.5611,7.12991,0.58284,-0.71661,-3.25052,7.29721,2.85605,-6.93526,3.75661,-5.54201,0.93282,-2.13464,-0.93565,2.66029,2.87206,-0.47403,-0.06524,-0.07749,-0.29988,7.42318,-1.33814,-4.64014,-12.30921,0.99933,0.21217,-0.05886
9.3,-0.45724,0.27552,-0.01411,1.81465,0,-0.2011,0.34837,0.60886,-0.21075,-0.20769,-0.58052,0.27965,4.06426,-0.83375,2.18233,6.15239,0.82409,-1.21548,-3.4355,6.38509,2.48422,-6.72204,3.77424,-5.70382,1.14104,-2.82225,-1.38112,1.63531,2.76516,0.07816,0.20679,-0.3842,-0.77161,7.68167,-2.33143,-4.7438,-11.48454,0.67422,-0.12867,-0.96498
9.32,-0.51073,0.34924,0.27892,2.10798,0,0.2876,0.25493,0.28019,0.06764,0.02498,-0.7101,0.26129,2.50271,0.14793,0.78022,5.28317,0.97206,-1.67065,-3.46293,5.26205,2.01804,-6.40644,3.70391,-5.55781,1.32664,-3.49754,-1.80951,0.56997,2.60799,0.70283,0.44824,-0.65474,-1.18234,7.66789,-3.33449,-4.56392,-10.05857,0.28728,-0.47017,-1.90699
9.34,-0.57193,0.41189,0.55687,2.24655,0,0.79094,0.16245,-0.08282,0.38866,0.22764,-0.81028,0.31512,1.02931,0.95555,-0.58833,4.47903,0.98611,-2.02931,-3.33579,3.95251,1.49797,-5.99747,3.53533,-5.08917,1.46632,-4.09605,-2.20294,-0.48227,2.43,1.35595,0.64944,-0.87486,-1.51066,7.35965,-4.28563,-4.09417,-8.02966,-0.14778,-0.79372,-2.82509
9.36,-0.6399,0.45875,0.80808,2.22743,0,1.27418,0.0761,-0.45273,0.74964,0.398,-0.89421,0.42601,-0.3399,1.60081,-1.86282,3.6906,0.84024,-2.24017,-3.05924,2.4916,0.9621,-5.49323,3.25344,-4.3107,1.53479,-4.54512,-2.54513,-1.46795,2.25736,1.99217,0.80534,-1.03658,-1.74456,6.75308,-5.12243,-3.35487,-5.43455,-0.61459,-1.08315,-3.6535
9.38,-0.71292,0.4857,1.02271,2.06108,0,1.70279,-0.00101,-0.80041,1.1409,0.53586,-0.97383,0.57205,-1.58746,2.10016,-2.98681,2.87022,0.52681,-2.26114,-2.64267,0.92501,0.44223,-4.88283,2.84024,-3.26141,1.50707,-4.76861,-2.82189,-2.33833,2.10856,2.56753,0.91596,-1.13786,-1.88057,5.86462,-5.78848,-2.3944,-2.34998,-1.09573,-1.32668,-4.32579
9.4,-0.7885,0.48959,1.19348,1.77038,0,2.04588,-0.06813,-1.09836,1.54604,0.64293,-1.05778,0.72705,-2.69606,2.47322,-3.91509,1.97935,0.05714,-2.06596,-2.1022,-0.69208,-0.0388,-4.14987,2.2784,-2.00282,1.3616,-4.69382,-3.02153,-3.05351,1.9914,3.04201,0.98627,-1.1817,-1.92202,4.73141,-6.2394,-1.28717,1.10864,-1.57421,-1.51835,-4.78122
9.42,-0.86353,0.46856,1.31604,1.38803,0,2.27911,-0.12673,-1.32368,1.94329,0.72224,-1.1502,0.86362,-3.65025,2.74085,-4.61849,0.99527,-0.54167,-1.64779,-1.46199,-2.29728,-0.46801,-3.27725,1.55606,-0.61323,1.08407,-4.26073,-3.13534,-3.58542,1.90213,3.38181,1.02532,-1.17475,-1.87703,3.40915,-6.44684,-0.12709,4.79225,-2.03437,-1.65832,-4.97163
9.44,-0.9346,0.42221,1.38905,0.95239,0,2.38653,-0.1798,-1.46019,2.30797,0.77713,-1.25029,0.9564,-4.43799,2.92289,-5.08557,-0.08383,-1.23349,-1.01902,-0.7534,-3.82477,-0.84134,-2.25248,0.67246,0.81994,0.67153,-3.43279,-3.15789,-3.91921,1.82704,3.56101,1.04465,-1.12552,-1.75633,1.96727,-6.39984,0.98349,8.52744,-2.46222,-1.75194,-4.86822
9.46,-0.99848,0.35169,1.41391,0.5023,0,2.36163,-0.23076,-1.49979,2.61563,0.81008,-1.35282,0.98525,-5.05203,3.0357,-5.32154,-1.23567,-1.98207,-0.20779,-0.01232,-5.21023,-1.16128,-1.07316,-0.3566,2.20889,0.13618,-2.2078,-3.0874,-4.05337,1.74612,3.56303,1.05629,-1.04261,-1.57131,0.48199,-6.10408,1.94797,12.12922,-2.84516,-1.80779,-4.4675
9.48,-1.05265,0.25971,1.39434,0.07197,0,2.20755,-0.28225,-1.44305,2.84534,0.82164,-1.44913,0.93802,-5.49096,3.09023,-5.34542,-2.41345,-2.75963,0.74712,0.72459,-6.39608,-1.4338,0.24825,-1.49472,3.47413,-0.49221,-0.62683,-2.92619,-3.99885,1.63775,3.38166,1.07051,-0.93313,-1.33249,-0.97136,-5.57969,2.68988,15.41544,-3.17162,-1.83534,-3.79531
9.5,-1.09574,0.15047,1.33592,-0.31298,0,1.93658,-0.33503,-1.29906,2.98246,0.80984,-1.52855,0.81246,-5.75964,3.09105,-5.1865,-3.54888,-3.55226,1.80127,1.42329,-7.33603,-1.66547,1.68107,-2.68374,4.55173,-1.16644,1.222,-2.68102,-3.77749,1.48334,3.0216,1.09385,-0.80167,-1.04865,-2.32505,-4.85853,3.16412,18.22026,-3.43055,-1.84259,-2.90724
9.52,-1.1278,0.02945,1.24546,-0.63737,0,1.569,-0.38742,-1.08452,3.0199,0.77024,-1.57973,0.61663,-5.86863,3.03668,-4.88083,-4.55938,-4.35991,2.90797,2.05449,-7.99767,-1.86128,3.17548,-3.84671,5.39785,-1.82558,3.20729,-2.36304,-3.41985,1.27073,2.4982,1.12764,-0.64996,-0.72676,-3.52376,-3.98125,3.36193,20.40431,-3.61108,-1.83436,-1.88408
9.54,-1.15028,-0.09693,1.13046,-0.89596,0,1.13119,-0.43516,-0.82205,2.95798,0.69682,-1.59183,0.3678,-5.83252,2.92153,-4.46796,-5.35935,-5.19051,4.01961,2.5942,-8.36305,-2.02366,4.6644,-4.89553,5.99024,-2.40246,5.16694,-1.98739,-2.96233,0.99592,1.83622,1.16718,-0.47733,-0.37234,-4.52691,-2.99427,3.30873,21.86095,-3.70252,-1.8112,-0.82185
9.56,-1.16576,-0.22176,0.99847,-1.09101,0,0.65312,-0.47193,-0.53782,2.80291,0.58352,-1.55555,0.09,-5.66776,2.73877,-3.98828,-5.87405,-6.04964,5.08747,3.02302,-8.42742,-2.15244,6.06828,-5.74217,6.327,-2.8339,6.92775,-1.57216,-2.44408,0.663,1.06761,1.2017,-0.28181,0.00952,-5.30898,-1.94693,3.05566,22.51933,-3.6947,-1.76932,0.18196
9.58,-1.17762,-0.33812,0.85663,-1.22885,0,0.16591,-0.49016,-0.25914,2.56468,0.42602,-1.464,-0.1893,-5.3906,2.48388,-3.48095,-6.05343,-6.92922,6.06085,3.32501,-8.19736,-2.24574,7.30174,-6.31137,6.42345,-3.07144,8.32839,-1.13708,-1.90399,0.28296,0.22872,1.21502,-0.06153,0.41312,-5.85849,-0.88893,2.66786,22.34581,-3.57904,-1.70134,1.04322
9.6,-1.18952,-0.43958,0.71133,-1.3164,0,-0.30055,-0.48209,-0.01203,2.25508,0.22348,-1.31343,-0.4427,-5.01586,2.15751,-2.98209,-5.88245,-7.79861,6.88688,3.48688,-7.6887,-2.30098,8.28118,-6.55194,6.30766,-3.08996,9.24072,-0.70188,-1.37811,-0.12819,-0.64297,1.18683,0.1837,0.83115,-6.17635,0.13178,2.21223,21.34437,-3.35011,-1.59776,1.70327
9.62,-1.20495,-0.52056,0.56801,-1.35866,0,-0.71949,-0.44088,0.18084,1.88627,-0.02039,-1.10372,-0.6461,-4.55684,1.7673,-2.52301,-5.3849,-8.60148,7.51177,3.49837,-6.92478,-2.31579,8.93222,-6.4439,6.01504,-2.89168,9.58531,-0.28433,-0.89764,-0.55149,-1.51221,1.09453,0.45121,1.25419,-6.27391,1.0708,1.74736,19.55565,-3.00746,-1.44905,2.13559
9.64,-1.2267,-0.5766,0.43111,-1.35745,0,-1.06854,-0.36157,0.3017,1.47003,-0.29687,-0.83861,-0.78146,-4.02632,1.32774,-2.12827,-4.61944,-9.2595,7.88411,3.35373,-5.93488,-2.28835,9.1962,-6.00031,5.58239,-2.50467,9.33884,0.10187,-0.48761,-0.96708,-2.34955,0.91563,0.73461,1.67074,-6.17096,1.88901,1.31699,17.0546,-2.5576,-1.24799,2.34572
9.66,-1.25647,-0.60457,0.30411,-1.31155,0,-1.33079,-0.24192,0.33882,1.01781,-0.59273,-0.5257,-0.83873,-3.43834,0.85861,-1.81368,-3.66924,-9.68244,7.96008,3.05416,-4.75311,-2.21735,9.03578,-5.26419,5.04227,-1.9766,8.5338,0.44927,-0.16595,-1.35609,-3.13465,0.63034,1.02368,2.06793,-5.89408,2.55431,0.94705,13.94702,-2.01547,-0.99194,2.36546
9.68,-1.29443,-0.60277,0.18964,-1.21782,0,-1.49533,-0.083,0.28724,0.5411,-0.8912,-0.17608,-0.81695,-2.81027,0.38248,-1.58485,-2.62834,-9.78201,7.70987,2.61049,-3.41791,-2.10175,8.43908,-4.30185,4.41865,-1.36582,7.25198,0.7584,0.05692,-1.70228,-3.85884,0.22441,1.30476,2.43264,-5.47532,3.04328,0.64603,10.36592,-1.40515,-0.68475,2.24337
9.7,-1.33914,-0.571,0.08962,-1.07286,0,-1.55765,0.11043,0.14914,0.05211,-1.17337,0.19646,-0.72429,-2.16424,-0.07799,-1.43666,-1.58821,-9.48618,7.12398,2.04494,-1.97171,-1.94046,7.42185,-3.19432,3.72489,-0.73209,5.6138,1.03865,0.17807,-1.99335,-4.52612,-0.30832,1.5617,2.75276,-4.95122,3.34259,0.40774,6.46763,-0.75914,-0.33754,2.03447
9.72,-1.38745,-0.51053,0.00544,-0.87459,0,-1.51962,0.32994,-0.06637,-0.43591,-1.41976,0.57624,-0.57682,-1.52729,-0.50232,-1.35437,-0.62732,-8.75053,6.21765,1.39084,-0.46056,-1.73222,6.02662,-2.02794,2.96462,-0.12893,3.76413,1.30773,0.20165,-2.22179,-5.15187,-0.96389,1.77743,3.01825,-4.36166,3.44976,0.21577,2.42666,-0.11552,0.03198,1.791
9.74,-1.43467,-0.42394,-0.06189,-0.62359,0,-1.38926,0.56379,-0.34384,-0.90879,-1.61188,0.94587,-0.3961,-0.92956,-0.8739,-1.31622,0.19501,-7.56488,5.03254,0.68997,1.06684,-1.47562,4.31849,-0.8848,2.13526,0.40151,1.85592,1.58961,0.13816,-2.38535,-5.7592,-1.72695,1.93581,3.22194,-3.74822,3.37324,0.04885,-1.57146,0.48686,0.4018,1.55569
9.76,-1.47488,-0.31496,-0.11169,-0.32386,0,-1.18014,0.79777,-0.66257,-1.35208,-1.73392,1.28688,-0.2059,-0.40096,-1.18082,-1.29721,0.84066,-5.95508,3.63521,-0.01219,2.56083,-1.16937,2.37839,0.16599,1.23345,0.83087,0.03308,1.91122,0.00339,-2.48689,-6.37331,-2.5703,2.02376,3.35973,-3.15215,3.13173,-0.11353,-5.33967,1.01468,0.74912,1.35782
9.78,-1.50133,-0.18822,-0.14357,0.0168,0,-0.91061,1.01621,-0.99809,-1.75203,-1.7743,1.58121,-0.02879,0.03286,-1.41626,-1.2733,1.29164,-3.98127,2.1128,-0.67205,3.97296,-0.81277,0.29533,1.07526,0.26114,1.14493,-1.58499,2.29847,-0.18282,-2.53389,-7.01516,-3.45513,2.03323,3.43049,-2.61201,2.7531,-0.28638,-8.7002,1.44607,1.05429,1.21191
9.8,-1.50709,-0.04909,-0.15747,0.38692,0,-0.60278,1.20319,-1.32382,-2.09657,-1.72704,1.81303,0.11678,0.35445,-1.57821,-1.22506,1.54742,-1.73346,0.56594,-1.253,5.25828,-0.40646,-1.84056,1.81774,-0.76962,1.34225,-2.91477,2.77215,-0.39788,-2.53736,-7.69534,-4.33181,1.96254,3.4353,-2.16134,2.27273,-0.47588,-11.49565,1.77461,1.30391,1.11862
9.82,-1.48554,0.09659,-0.15369,0.77194,0,-0.28111,1.34381,-1.61299,-2.37605,-1.5926,1.97009,0.21821,0.55722,-1.66882,-1.13995,1.62152,0.67494,-0.90107,-1.72873,6.37749,0.04691,-3.94328,2.3922,-1.83444,1.43184,-3.91379,3.34425,-0.61783,-2.51,-8.40908,-5.14128,1.81668,3.3759,-1.82638,1.73122,-0.67842,-13.59916,2.00976,1.4925,1.0674
9.84,-1.43102,0.24265,-0.133,1.15525,0,0.02935,1.42537,-1.84069,-2.58371,-1.37828,2.04457,0.26918,0.64665,-1.69337,-1.0129,1.53839,3.11552,-2.1923,-2.08451,7.29877,0.54194,-5.93408,2.81769,-2.89769,1.43024,-4.57922,4.01517,-0.81894,-2.46373,-9.13297,-5.81727,1.60627,3.2526,-1.6239,1.17139,-0.88202,-14.92325,2.1733,1.62214,1.04041
9.86,-1.33924,0.38282,-0.09672,1.51965,0,0.30506,1.43852,-1.98595,-2.71571,-1.09784,2.03373,0.26889,0.63977,-1.65911,-0.84534,1.3305,5.45467,-3.23316,-2.31647,7.9994,1.06995,-7.74299,3.12671,-3.91657,1.35837,-4.94094,4.77194,-0.97921,-2.40704,-9.82381,-6.28951,1.34568,3.06205,-1.55934,0.63482,-1.06972,-15.42714,2.29272,1.70058,1.01696
9.88,-1.20784,0.51103,-0.04677,1.84901,0,0.52599,1.37812,-2.03372,-2.77123,-0.77068,1.94029,0.22072,0.56318,-1.57421,-0.64348,1.03594,7.56428,-3.98173,-2.42969,8.46702,1.61858,-9.30938,3.35713,-4.84685,1.23864,-5.05145,5.58782,-1.07995,-2.34273,-10.41992,-6.48855,1.05068,2.79579,-1.62553,0.15839,-1.22384,-15.12203,2.39358,1.73839,0.97792
9.9,-1.03674,0.62163,0.01425,2.12992,0,0.67737,1.24392,-1.97627,-2.75236,-0.42032,1.7724,0.13073,0.44983,-1.44695,-0.41642,0.69584,9.332,-4.4354,-2.43581,8.70014,2.17144,-10.58203,3.54419,-5.64832,1.09252,-4.97481,6.42316,-1.10713,-2.2669,-10.84462,-6.35196,0.73641,2.44034,-1.80242,-0.22862,-1.33008,-14.07306,2.49288,1.74608,0.90903
9.92,-0.82831,0.70972,0.08314,2.3531,0,0.75057,1.04054,-1.8138,-2.66398,-0.07226,1.54328,0.00649,0.33472,-1.28527,-0.1747,0.35157,10.67041,-4.63031,-2.35072,8.70735,2.7081,-11.51907,3.71437,-6.28875,0.93877,-4.77653,7.22771,-1.05229,-2.16956,-11.01188,-5.83184,0.41605,1.97948,-2.05823,-0.50641,-1.38017,-12.39587,2.59553,1.73184,0.80266
9.94,-0.58736,0.77135,0.15626,2.51425,0,0.74341,0.77692,-1.55401,-2.51353,0.24887,1.2701,-0.14354,0.24989,-1.09662,0.07037,0.04128,11.52438,-4.6329,-2.19253,8.50498,3.20427,-12.08826,3.88142,-6.74541,0.79225,-4.51524,7.9442,-0.9131,-2.03701,-10.83376,-4.90303,0.10035,1.39852,-2.35189,-0.66538,-1.37276,-10.24713,2.69445,1.70015,0.65775
9.96,-0.32078,0.80387,0.22972,2.61463,0,0.65956,0.46519,-1.21081,-2.31059,0.5224,0.97255,-0.31017,0.21938,-0.88811,0.307,-0.20382,11.87625,-4.52529,-1.98018,8.11396,3.6325,-12.26775,4.04505,-7.00455,0.66336,-4.2369,8.51334,-0.69334,-1.85549,-10.22943,-3.57121,-0.20211,0.69001,-2.63681,-0.7058,-1.31258,-7.81035,2.77409,1.6514,0.47805
9.98,-0.03712,0.80605,0.29974,2.66101,0,0.50768,0.1194,-0.80258,-2.06651,0.73447,0.67098,-0.48338,0.25494,-0.66667,0.52275,-0.36267,11.74813,-4.3885,-1.7324,7.55659,3.9635,-12.04775,4.19184,-7.05978,0.55795,-3.97146,8.87945,-0.40272,-1.6152,-9.13523,-1.87951,-0.48421,-0.14051,-2.86524,-0.63673,-1.20843,-5.27945,2.81594,1.58223,0.26967
10,0.25401,0.77827,0.36292,2.66503,0,0.3003,-0.24576,-0.35028,-1.79381,0.88,0.38468,-0.6523,0.35385,-0.43936,0.70472,-0.42651,11.2,-4.2874,-1.46702,6.85425,4.16807,-11.43251,4.2978,-6.91008,0.47763,-3.73208,8.99629,-0.05629,-1.31357,-7.51451,0.08831,-0.73968,-1.07036,-2.99256,-0.47436,-1.0706,-2.84312,2.80434,1.48627,0.03839
10.02,0.54249,0.72237,0.4165,2.64178,0,0.05257,-0.61602,0.1243,-1.5054,0.96292,0.13011,-0.80552,0.49939,-0.21326,0.84015,-0.39883,10.32207,-4.26098,-1.20028,6.02617,4.2195,-10.44172,4.33223,-6.55808,0.42039,-3.5164,8.83182,0.32632,-0.9567,-5.36595,2.21024,-0.96272,-2.05862,-2.98086,-0.23999,-0.90832,-0.67145,2.73091,1.35494,-0.2123
10.04,0.81841,0.64131,0.45858,2.6076,0,-0.21877,-0.97824,0.60013,-1.21344,0.99482,-0.08055,-0.93184,0.66449,0.00478,0.91781,-0.29335,9.22142,-4.31943,-0.94609,5.08941,4.09645,-9.11073,4.26214,-6.0088,0.38132,-3.30976,8.37161,0.72211,-0.55859,-2.72892,4.33486,-1.14818,-3.0488,-2.80147,0.04229,-0.72763,1.09417,2.59672,1.17814,-0.48236
10.06,1.07271,0.53869,0.48826,2.57733,0,-0.49655,-1.32088,1.05824,-0.92806,0.99206,-0.24059,-1.02145,0.81766,0.20868,0.92984,-0.13019,8.00498,-4.44754,-0.71511,4.05985,3.78585,-7.48961,4.05704,-5.26948,0.35364,-3.08961,7.62067,1.10614,-0.13849,0.3142,6.2961,-1.29219,-3.97497,-2.43654,0.34804,-0.52992,2.34821,2.41227,0.94482,-0.77522
10.08,1.29787,0.4182,0.50568,2.5617,0,-0.76414,-1.63415,1.48271,-0.65626,0.9722,-0.34946,-1.06722,0.92988,0.39378,0.87372,0.06851,6.76308,-4.61245,-0.5141,2.95394,3.28568,-5.64136,3.69358,-4.3504,0.32959,-2.8307,6.6041,1.45326,0.28251,3.63887,7.93148,-1.39292,-4.76985,-1.87993,0.6547,-0.31144,3.0253,2.19573,0.64369,-1.09694
10.1,1.48841,0.28322,0.512,2.56547,0,-1.00622,-1.91005,1.86115,-0.40134,0.95058,-0.41264,-1.0658,0.98085,0.55724,0.75375,0.2824,5.55772,-4.77306,-0.34563,1.79049,2.60686,-3.63938,3.15946,-3.26686,0.3015,-2.51012,5.36628,1.73978,0.68466,7.08256,9.10101,-1.45107,-5.37318,-1.13757,0.94355,-0.06405,3.10187,1.9702,0.26416,-1.45457
10.12,1.64104,0.13653,0.50921,2.58652,0,-1.20947,-2.14199,2.18468,-0.16309,0.93759,-0.4407,-1.01808,0.96297,0.69803,0.58137,0.49531,4.41882,-4.88878,-0.20845,0.59206,1.77355,-1.56373,2.45577,-2.04181,0.26266,-2.11168,3.96823,1.94511,1.05141,10.45292,9.70388,-1.46976,-5.73866,-0.22736,1.20095,0.22286,2.59501,1.76051,-0.20226,-1.85401
10.14,1.75456,-0.01967,0.49986,2.61629,0,-1.36305,-2.32443,2.44736,0.06123,0.93712,-0.44735,-0.92892,0.88246,0.81648,0.37423,0.69566,3.34917,-4.92615,-0.09842,-0.61487,0.82139,0.50393,1.59764,-0.70837,0.20817,-1.62894,2.48275,2.05321,1.36964,13.54019,9.69115,-1.45365,-5.83867,0.82161,1.41895,0.55922,1.55887,1.58987,-0.76011,-2.2974
10.16,1.82955,-0.1836,0.48669,2.64129,0,-1.45899,-2.45233,2.64538,0.27526,0.94627,-0.44686,-0.80626,0.75775,0.91358,0.15394,0.87541,2.33633,-4.86311,-0.01003,-1.80075,-0.20576,2.48635,0.61314,0.68811,0.13555,-1.06682,0.98804,2.0539,1.62872,16.13372,9.07349,-1.40761,-5.66658,1.97026,1.59534,0.95045,0.07908,1.47676,-1.40772,-2.78055
10.18,1.8679,-0.35355,0.47221,2.6454,0,-1.49256,-2.52089,2.77612,0.48175,0.95609,-0.45137,-0.6598,0.61588,0.99008,-0.05665,1.02826,1.36751,-4.69107,0.06207,-2.93473,-1.26005,4.31678,-0.4589,2.08947,0.04518,-0.44195,-0.43943,1.9439,1.81889,18.04074,7.9233,-1.33536,-5.23709,3.17116,1.73319,1.39379,-1.73368,1.43235,-2.13467,-3.29061
10.2,1.87244,-0.5275,0.45844,2.61232,0,-1.46237,-2.52553,2.83743,0.68097,0.95327,-0.46861,-0.49963,0.48795,1.04582,-0.23648,1.14789,0.44265,-4.41527,0.12172,-3.98669,-2.29372,5.94385,-1.57164,3.42621,-0.05957,0.21847,-1.73148,1.72753,1.93018,19.10512,6.36993,-1.23865,-4.5848,4.37026,1.84011,1.87542,-3.75031,1.4588,-2.91912,-3.80443
10.22,1.84655,-0.70263,0.4467,2.52781,0,-1.37043,-2.46212,2.82714,0.86973,0.92244,-0.50058,-0.335,0.4042,1.0794,-0.36868,1.22723,-0.4182,-4.05358,0.17053,-4.92939,-3.2625,7.33412,-2.67338,4.6219,-0.17263,0.87925,-2.83336,1.41677,1.95235,19.22318,4.58656,-1.11748,-3.76074,5.50888,1.92701,2.36945,-5.82996,1.5486,-3.72551,-4.28788
10.24,1.79383,-0.87497,0.43765,2.38127,0,-1.22176,-2.32754,2.74279,1.04128,0.84891,-0.54333,-0.17342,0.38958,1.08827,-0.44239,1.25902,-1.17543,-3.6339,0.20791,-5.74023,-4.12794,8.47226,-3.71083,5.60052,-0.28592,1.5012,-3.70735,1.03047,1.87617,18.35523,2.76896,-0.97115,-2.82725,6.52606,2.00661,2.83895,-7.82672,1.68511,-4.50289,-4.69645
10.26,1.71789,-1.03915,0.43137,2.16669,0,-1.0239,-2.12033,2.58185,1.18599,0.7215,-0.58792,-0.01998,0.45993,1.06924,-0.45378,1.23743,-1.77716,-3.19068,0.23171,-6.40289,-4.85881,9.35917,-4.6324,6.29612,-0.39032,2.04596,-4.33461,0.59296,1.69599,16.53217,1.1087,-0.80023,-1.85144,7.36134,2.09171,3.239,-9.5967,1.844,-5.18463,-4.97732
10.28,1.62221,-1.18834,0.42761,1.88316,0,-0.78629,-1.8416,2.34229,1.29268,0.53501,-0.6221,0.12275,0.61941,1.0193,-0.40633,1.16049,-2.17055,-2.76099,0.23925,-6.90856,-5.43183,10.00904,-5.39139,6.66292,-0.47678,2.48102,-4.71568,0.13202,1.41274,13.85754,-0.23418,-0.60856,-0.8986,7.95826,2.19357,3.52137,-11.00546,1.99557,-5.68986,-5.07272
10.3,1.51019,-1.31444,0.42613,1.53502,0,-0.51969,-1.49573,2.02349,1.35029,0.29191,-0.63246,0.2545,0.85935,0.93636,-0.31043,1.0323,-2.31306,-2.38069,0.22832,-7.2564,-5.83177,10.44602,-5.94846,6.68348,-0.53727,2.78362,-4.86951,-0.32337,1.03665,10.50371,-1.15308,-0.40468,-0.0264,8.26807,2.32031,3.63985,-11.9355,2.10742,-5.92747,-4.92471
10.32,1.38514,-1.40852,0.42699,1.13147,0,-0.23562,-1.09075,1.62733,1.34952,0.00271,-0.60668,0.37665,1.15909,0.81996,-0.18225,0.86452,-2.18057,-2.08087,0.19799,-7.45287,-6.05084,10.70064,-6.27307,6.37263,-0.56544,2.94277,-4.83074,-0.74543,0.58855,6.70068,-1.60677,-0.20202,0.71946,8.25347,2.47582,3.55565,-12.29329,2.14725,-5.80279,-4.4808
10.34,1.2503,-1.46148,0.43085,0.68595,0,0.05422,-0.63824,1.15931,1.2843,-0.31512,-0.53561,0.49117,1.48861,0.6715,-0.04208,0.67664,-1.77046,-1.88458,0.14887,-7.5098,-6.08755,10.80631,-6.34374,5.77621,-0.5568,2.95901,-4.6455,-1.11014,0.0994,2.71686,-1.61937,-0.01754,1.30764,7.89193,2.65883,3.24222,-12.01537,2.08561,-5.22734,-3.70027
10.36,1.1088,-1.46498,0.43912,0.21499,0,0.33843,-0.15261,0.62937,1.15301,-0.63944,-0.415,0.59942,1.81276,0.49418,0.08776,0.49502,-1.10036,-1.80399,0.08304,-7.44156,-5.9452,10.79622,-6.14752,4.96518,-0.50867,2.84242,-4.36614,-1.39952,-0.39194,-1.16629,-1.26969,0.13093,1.72206,7.17846,2.86263,2.68928,-11.07361,1.89849,-4.13133,-2.56097
10.38,0.96367,-1.41244,0.45415,-0.26293,0,0.60637,0.3498,0.05262,0.95924,-0.94645,-0.24666,0.70105,2.09622,0.29262,0.185,0.35122,-0.20417,-1.83817,0.00368,-7.2622,-5.63054,10.70109,-5.67905,4.027,-0.41987,2.60952,-4.04568,-1.60359,-0.8423,-4.68171,-0.67402,0.22786,1.96134,6.12798,3.0753,1.90584,-9.47933,1.56963,-2.47809,-1.06608
10.4,0.81784,-1.30003,0.47912,-0.72866,0,0.84848,0.85178,-0.5506,0.71208,-1.21368,-0.03901,0.79331,2.3083,0.07227,0.22911,0.27976,0.87231,-1.97164,-0.08543,-6.98305,-5.15251,10.54762,-4.9398,3.05608,-0.29054,2.28026,-3.7329,-1.72138,-1.20844,-7.60155,0.03353,0.26306,2.0372,4.77633,3.28055,0.92159,-7.28515,1.09241,-0.27874,0.74997
10.42,0.67423,-1.12738,0.5179,-1.16356,0,1.05643,1.33623,-1.15514,0.42573,-1.42244,0.19348,0.87097,2.42683,-0.16136,0.20231,0.3159,2.0746,-2.17403,-0.18033,-6.61119,-4.52111,10.35745,-3.93727,2.14469,-0.12214,1.87541,-3.46841,-1.7606,-1.4514,-9.75557,0.7194,0.23365,1.97198,3.17944,3.45919,-0.2137,-4.58327,0.47092,2.39488,2.8175
10.44,0.53576,-0.89795,0.57462,-1.55055,0,1.22313,1.78705,-1.73251,0.11836,-1.55947,0.4317,0.92687,2.44048,-0.40355,0.08989,0.49316,3.34078,-2.40109,-0.27718,-6.14861,-3.74631,10.14612,-2.68437,1.37505,0.08248,1.41499,-3.28197,-1.73592,-1.5406,-11.04149,1.26561,0.14461,1.79529,1.40994,3.59103,-1.4334,-1.49916,-0.27993,5.40167,5.03081
10.46,0.40533,-0.61896,0.65317,-1.87519,0,1.34269,2.18997,-2.25296,-0.18968,-1.61776,0.65412,0.95306,2.3497,-0.6511,-0.12,0.84095,4.60136,-2.59737,-0.37261,-5.59234,-2.83702,9.92222,-1.19927,0.8127,0.31859,0.91754,-3.19101,-1.66623,-1.45738,-11.42786,1.58058,0.00809,1.5403,-0.44832,3.65706,-2.65922,1.81836,-1.13514,8.52956,7.25127
10.48,0.28581,-0.30108,0.75667,-2.1266,0,1.41052,2.53318,-2.68802,-0.47783,-1.5967,0.83934,0.94216,2.1662,-0.90266,-0.43654,1.38184,5.77861,-2.70081,-0.46399,-4.9353,-1.80064,9.68687,0.49379,0.50139,0.57914,0.40035,-3.20043,-1.57154,-1.19756,-10.95093,1.60565,-0.15832,1.24013,-2.3067,3.64165,-3.80788,5.20891,-2.06104,11.50334,9.31473
10.5,0.18003,0.04214,0.88698,-2.29804,0,1.42354,2.80781,-3.01305,-0.72722,-1.50175,0.96835,0.88848,1.91125,-1.15833,-0.86614,2.1286,6.78705,-2.64942,-0.54995,-4.16766,-0.64328,9.43336,2.36249,0.45944,0.85423,-0.11973,-3.30349,-1.47016,-0.77248,-9.70674,1.31737,-0.33385,0.92461,-4.07821,3.53412,-4.79809,8.51207,-3.01714,14.00487,11.04385
10.52,0.09067,0.39513,1.04445,-2.38712,0,1.38047,3.00803,-3.2093,-0.9221,-1.34355,1.02625,0.78867,1.61265,-1.41832,-1.41153,3.08099,7.53604,-2.38995,-0.63104,-3.27822,0.62933,9.14679,4.36322,0.67784,1.13068,-0.62525,-3.48351,-1.37689,-0.20815,-7.83883,0.7256,-0.49702,0.61784,-5.68281,3.32922,-5.55709,11.57698,-3.95829,15.70747,12.26495
10.54,0.02018,0.74138,1.22776,-2.3955,0,1.28232,3.13072,-3.26525,-1.05075,-1.13662,1.00305,0.64172,1.3006,-1.68078,-2.07019,4.22243,7.93538,-1.88786,-0.71048,-2.25574,2.01017,8.80364,6.43733,1.12015,1.39196,-1.09708,-3.71644,-1.30212,0.45783,-5.52224,-0.1322,-0.62801,0.33661,-7.05163,3.0264,-6.02633,14.26983,-4.8371,16.32298,12.82897
10.56,-0.02939,1.0647,1.43403,-2.32819,0,1.13285,3.17494,-3.17738,-1.10591,-0.8978,0.89393,0.4484,1.00303,-1.93912,-2.83211,5.51716,7.90377,-1.13723,-0.79498,-1.09021,3.48875,8.37155,8.5079,1.72435,1.61861,-1.51393,-3.9739,-1.25207,1.18076,-2.94535,-1.19917,-0.71082,0.08963,-8.13,2.62816,-6.16613,16.4793,-5.60672,15.65536,12.63403
10.58,-0.05656,1.35062,1.65905,-2.19283,0,0.93892,3.14141,-2.95042,-1.08485,-0.64459,0.69908,0.21066,0.74108,-2.17982,-3.67773,6.90835,7.37934,-0.16827,-0.89506,0.22515,5.04844,7.81,10.47847,2.40693,1.78928,-1.85248,-4.22633,-1.22959,1.91386,-0.29216,-2.40811,-0.73488,-0.12243,-8.87966,2.13818,-5.95924,18.12071,-6.2237,13.64945,11.64577
10.6,-0.06058,1.5874,1.89751,-1.999,0,0.71062,3.03203,-2.59713,-0.98916,-0.39362,0.42363,-0.06871,0.52587,-2.38127,-4.57629,8.31796,6.33058,0.9504,-1.02464,1.691,6.6633,7.07241,12.23504,3.06945,1.88249,-2.08863,-4.44602,-1.23517,2.61249,2.27262,-3.6897,-0.69605,-0.30612,-9.27996,1.56006,-5.4128,19.13872,-6.65068,10.42094,9.90987
10.62,-0.04144,1.76686,2.14326,-1.75768,0,0.46086,2.84945,-2.13751,-0.82441,-0.15932,0.07776,-0.38579,0.35707,-2.5146,-5.48547,9.64914,4.76566,2.11705,-1.1995,3.29775,8.29482,6.1097,13.65238,3.60785,1.87911,-2.19985,-4.60934,-1.26772,3.23666,4.61386,-4.97841,-0.59657,-0.47353,-9.32786,0.89695,-4.55802,19.50809,-6.85836,6.25483,7.55196
10.64,9e-05,1.88453,2.38936,-1.48077,0,0.20436,2.59685,-1.59734,-0.59961,0.04713,-0.32297,-0.73462,0.22354,-2.54654,-6.35242,10.79132,2.73862,3.21038,-1.43439,5.02064,9.88899,4.87539,14.60492,3.92431,1.76544,-2.16857,-4.69808,-1.32492,3.75159,6.63144,-6.21583,-0.44416,-0.64005,-9.03657,0.15248,-3.44731,19.23249,-6.82679,1.56822,4.76274
10.66,0.0626,1.93962,2.62816,-1.1808,0,-0.04389,2.27768,-1.00627,-0.32655,0.21857,-0.7574,-1.10589,0.10588,-2.44397,-7.11651,11.62827,0.35154,4.10923,-1.73923,6.81483,11.37464,3.33194,14.98129,3.94039,1.53635,-1.98605,-4.7,-1.40301,4.12669,8.26115,-7.35153,-0.2504,-0.82167,-8.43336,-0.6676,-2.1493,18.34209,-6.54608,-3.15562,1.77146
10.68,0.1441,1.93456,2.85139,-0.8707,0,-0.27027,1.8958,-0.3957,-0.01915,0.35235,-1.19883,-1.48571,-0.02013,-2.17948,-7.71335,12.04837,-2.24803,4.71423,-2.11473,8.61179,12.66416,1.45815,14.70018,3.60936,1.19801,-1.65606,-4.60884,-1.49637,4.33408,9.47259,-8.3424,-0.02879,-1.03225,-7.55718,-1.55308,-0.74263,16.89109,-6.0172,-7.44559,-1.18612
10.7,0.24219,1.87458,3.05026,-0.56374,0,-0.464,1.45589,0.20314,0.30719,0.45031,-1.61601,-1.85494,-0.17974,-1.73654,-8.0796,11.95582,-4.87509,4.96598,-2.54839,10.31838,13.65748,-0.74333,13.72413,2.92484,0.76915,-1.19694,-4.424,-1.59686,4.34747,10.26455,-9.15103,0.20674,-1.2812,-6.45633,-2.48723,0.69045,14.95519,-5.25283,-10.91434,-3.89755
10.72,0.35407,1.76699,3.21557,-0.27334,0,-0.61817,0.96393,0.76086,0.63621,0.51828,-1.97531,-2.18974,-0.39607,-1.11329,-8.15793,11.28137,-7.32166,4.85521,-3.01142,11.81968,14.24955,-3.23944,12.06765,1.92329,0.28015,-0.64131,-4.14973,-1.69327,4.14223,10.65862,-9.74369,0.44287,-1.57183,-5.18616,-3.44529,2.07026,12.62852,-4.27824,-13.30683,-6.19551
10.74,0.47661,1.62042,3.33782,-0.01281,0,-0.73004,0.42786,1.25124,0.95151,0.56508,-2.24432,-2.46327,-0.68777,-0.32422,-7.90176,9.99127,-9.37752,4.42283,-3.4574,12.98626,14.34131,-5.96215,9.79772,0.67915,-0.2303,-0.03277,-3.79383,-1.77092,3.69689,10.69152,-10.0884,0.66714,-1.90061,-3.80638,-4.3943,3.32524,10.01933,-3.13161,-14.51871,-7.96892
10.76,0.60635,1.44405,3.40743,0.2051,0,-0.80084,-0.14194,1.65237,1.23728,0.60119,-2.39643,-2.64869,-1.06748,0.60013,-7.27971,8.09407,-10.85515,3.75087,-3.82331,13.68564,13.85306,-8.80699,7.02747,-0.70621,-0.72054,0.57969,-3.36625,-1.81171,2.9961,10.40715,-10.15372,0.86758,-2.25717,-2.37823,-5.29414,4.39672,7.24464,-1.86383,-14.58647,-9.164
10.78,0.73952,1.24686,3.41521,0.36887,0,-0.83512,-0.73216,1.94749,1.47917,0.63721,-2.41583,-2.72284,-1.54088,1.61514,-6.27994,5.64455,-11.61474,2.94754,-4.03341,13.79644,12.73821,-11.63523,3.9051,-2.11902,-1.15197,1.1484,-2.87769,-1.79471,2.03453,9.84957,-9.90902,1.03225,-2.62488,-0.96164,-6.10001,5.24256,4.42451,-0.53727,-13.65858,-9.77828
10.8,0.87205,1.03714,3.353,0.46881,0,-0.83982,-1.32645,2.12574,1.66506,0.68258,-2.30179,-2.66985,-2.10593,2.66502,-4.91387,2.7438,-11.58393,2.13014,-4.00664,13.22303,10.99426,-14.28037,0.60044,-3.44802,-1.49437,1.63315,-2.33864,-1.69734,0.82092,9.0576,-9.32624,1.14881,-2.98171,0.38727,-6.76585,5.83898,1.6764,0.77686,-11.95768,-9.85056
10.82,0.99964,0.82217,3.21449,0.49776,0,-0.82326,-1.90555,2.18239,1.78573,0.74453,-2.07078,-2.48404,-2.75205,3.68643,-3.21862,-0.46621,-10.76735,1.40897,-3.6674,11.90822,8.66776,-16.55963,-2.7095,-4.59718,-1.72926,2.00552,-1.75873,-1.49738,-0.61881,8.06142,-8.38304,1.2047,-3.30112,1.61842,-7.24839,6.18006,-0.89038,2.00301,-9.74195,-9.44929
10.84,1.11783,0.60808,2.99606,0.45173,0,-0.79398,-2.44794,2.11886,1.8354,0.82743,-1.75338,-2.17175,-3.45926,4.6127,-1.25745,-3.81396,-9.24388,0.87388,-2.95911,9.84231,5.85163,-18.2901,-5.85505,-5.49475,-1.85084,2.25079,-1.14653,-1.17547,-2.24,6.88108,-7.0669,1.18795,-3.5529,2.68988,-7.51151,6.27492,-3.18039,3.06791,-7.27086,-8.66092
10.86,1.22212,0.3998,2.6975,0.33036,0,-0.75966,-2.93103,1.94244,1.81206,0.9326,-1.38433,-1.75076,-4.19771,5.3784,0.88184,-7.11441,-7.1534,0.58454,-1.85884,7.06824,2.67578,-19.30861,-8.68762,-6.09827,-1.86473,2.36749,-0.5096,-0.71804,-3.97964,5.527,-5.38004,1.08858,-3.70432,3.56976,-7.5306,6.14343,-5.11762,3.90857,-4.77799,-7.57966
10.88,1.3082,0.20123,2.32286,0.13737,0,-0.72621,-3.33259,1.66577,1.71774,1.05833,-0.99116,-1.24528,-4.92798,5.92407,3.0906,-10.18663,-4.67723,0.56477,-0.38978,3.68293,-0.70627,-19.49258,-11.09123,-6.39587,-1.78527,2.3654,0.14491,-0.12025,-5.7585,4.00253,-3.34465,0.90059,-3.72175,4.23783,-7.29647,5.8117,-6.65042,4.4802,-2.4523,-6.29939
10.9,1.3722,0.01541,1.88087,-0.11934,0,-0.6971,-3.63239,1.30624,1.55858,1.20015,-0.58944,-0.67767,-5.60275,6.20077,5.24492,-12.86956,-2.01703,0.80118,1.37199,-0.16532,-4.13165,-18.77777,-12.98987,-6.40385,-1.63227,2.26254,0.80947,0.61157,-7.48478,2.30825,-1.00758,0.62383,-3.57307,4.68635,-6.81802,5.30862,-7.75436,4.76211,-0.42816,-4.90823
10.92,1.41092,-0.15526,1.38502,-0.42795,0,-0.67305,-3.81354,0.88508,1.34455,1.3511,-0.18485,-0.06307,-6.17025,6.1737,7.21342,-15.0328,0.62461,1.24644,3.29993,-4.28444,-7.44123,-17.16875,-14.34918,-6.1606,-1.42797,2.08178,1.47492,1.45864,-9.05931,0.44756,1.55659,0.26576,-3.23097,4.91973,-6.12258,4.66415,-8.4322,4.7599,1.21609,-3.4854
10.94,1.42196,-0.30873,0.8529,-0.77341,0,-0.65195,-3.86354,0.42606,1.08881,1.50211,0.22287,0.58924,-6.57938,5.82474,8.86724,-16.58152,3.06011,1.82677,5.22989,-8.45154,-10.49052,-14.73998,-15.17223,-5.71741,-1.19441,1.84738,2.12927,2.38988,-10.38203,-1.5673,4.2455,-0.15763,-2.67673,4.95293,-5.25338,3.90934,-8.7106,4.50322,2.45232,-2.09983
10.96,1.40395,-0.44323,0.30496,-1.13854,0,-0.62931,-3.77506,-0.04609,0.80663,1.6424,0.63582,1.27041,-6.78597,5.15403,10.0917,-17.4567,5.129,2.4528,6.98151,-12.43044,-13.15822,-11.62847,-15.49093,-5.12776,-0.9515,1.58189,2.75665,3.36363,-11.35971,-3.70938,6.93213,-0.62157,-1.90433,4.80893,-4.26497,3.07769,-8.63445,4.03988,3.2918,-0.80999
10.98,1.3566,-0.55717,-0.23708,-1.5053,0,-0.59878,-3.54658,-0.50724,0.51425,1.76011,1.05384,1.96552,-6.75912,4.18056,10.79846,-17.63283,6.70615,3.03181,8.38386,-15.99144,-15.35234,-8.02059,-15.35594,-4.43733,-0.71587,1.30374,3.33676,4.33055,-11.91416,-5.93259,9.47136,-1.09324,-0.92394,4.51599,-3.21732,2.20699,-8.26042,3.42812,3.77233,0.33571
11,1.28097,-0.64917,-0.75178,-1.85615,0,-0.55309,-3.18281,-0.93535,0.2276,1.84318,1.47032,2.64846,-6.48586,2.94175,10.93604,-17.11527,7.70634,3.47947,9.29964,-18.93032,-17.01365,-4.13576,-14.82733,-3.67733,-0.50022,1.02594,3.84508,5.23744,-11.98984,-8.16931,11.70965,-1.53338,0.23624,4.10523,-2.17022,1.3402,-7.65093,2.72883,3.94594,1.29862
11.02,1.17948,-0.71828,-1.2195,-2.17509,0,-0.48503,-2.69485,-1.31149,-0.03885,1.88038,1.86955,3.28265,-5.97254,1.49161,10.49657,-15.93788,8.08518,3.72952,9.64299,-21.08392,-18.11554,-0.20843,-13.96739,-2.8625,-0.31327,0.75589,4.25402,6.03146,-11.5592,-10.33131,13.49751,-1.89899,1.53073,3.60873,-1.17834,0.5244,-6.86942,1.99922,3.86915,2.04991
11.04,1.05589,-0.76409,-1.62359,-2.44842,0,-0.38852,-2.09974,-1.62055,-0.27323,1.86266,2.22903,3.82874,-5.24247,-0.10288,9.51777,-14.16148,7.83702,3.74015,9.38845,-22.34093,-18.6608,3.53078,-12.83619,-1.99437,-0.15998,0.49629,4.53501,6.66453,-10.62519,-12.31439,14.70416,-2.14705,2.90057,3.05821,-0.28755,-0.19288,-5.97703,1.28844,3.59672,2.57142
11.06,0.91523,-0.78709,-1.95141,-2.66534,0,-0.2597,-1.41967,-1.8516,-0.46718,1.78458,2.52668,4.25302,-4.33041,-1.76676,8.08043,-11.8732,6.99078,3.49742,8.57108,-22.64819,-18.67616,6.87353,-11.49,-1.06853,-0.04202,0.24693,4.66155,7.09781,-9.22099,-14.00637,15.23329,-2.23908,4.27962,2.48432,0.46762,-0.76925,-5.03073,0.63528,3.17873,2.85708
11.08,0.76355,-0.78888,-2.19509,-2.81826,0,-0.09771,-0.68103,-1.99812,-0.61659,1.64567,2.74705,4.53174,-3.2761,-3.4225,6.30263,-9.18647,5.60532,3.01555,7.27972,-22.01324,-18.20658,9.6499,-9.98214,-0.0837,0.04166,0.00678,4.61264,7.30571,-7.40775,-15.29747,15.03754,-2.14588,5.60174,1.91619,1.06523,-1.17374,-4.08258,0.06759,2.66024,2.91435
11.1,0.60778,-0.77238,-2.35188,-2.90303,0,0.09472,0.08672,-2.05805,-0.72186,1.45148,2.88287,4.65218,-2.11847,-4.99499,4.3313,-6.24039,3.765,2.33457,5.64507,-20.50262,-17.30993,11.73979,-8.36504,0.95023,0.09418,-0.22416,4.37613,7.27874,-5.27046,-16.09096,14.12819,-1.85186,6.80705,1.3813,1.49617,-1.39175,-3.17947,-0.39728,2.08211,2.76481
11.12,0.45541,-0.74174,-2.42407,-2.91872,0,0.31138,0.85218,-2.03366,-0.78776,1.21393,2.93403,4.61267,-0.8922,-6.41541,2.33166,-3.19667,1.57576,1.51516,3.82393,-18.23483,-16.05233,13.07766,-6.69229,2.00747,0.12014,-0.44359,3.95118,7.02434,-2.91184,-16.31219,12.5767,-1.35795,7.84574,0.90505,1.76313,-1.42723,-2.36281,-0.75125,1.48171,2.44288
11.14,0.31417,-0.70211,-2.41832,-2.86727,0,0.54319,1.58335,-1.93121,-0.82255,0.95071,2.90584,4.42183,0.37303,-7.6237,0.4744,-0.23286,-0.83884,0.6309,1.98066,-15.36768,-14.50391,13.65006,-5.01927,3.04636,0.12496,-0.64664,3.3493,6.5653,-0.44416,-15.91493,10.5066,-0.68288,8.67884,0.50999,1.87872,-1.3014,-1.66748,-0.99425,0.89288,1.99251
11.16,0.19154,-0.65911,-2.3446,-2.75278,0,0.77931,2.24912,-1.76041,-0.83675,0.68387,2.80737,4.09749,1.65088,-8.56998,-1.07851,2.46811,-3.34174,-0.24104,0.26785,-12.08165,-12.73528,13.48775,-3.40224,4.01365,0.11437,-0.82639,2.59417,5.93628,2.02014,-14.88523,8.07765,0.13726,9.27657,0.21467,1.86294,-1.04851,-1.12019,-1.1328,0.3448,1.4621
11.18,0.09435,-0.61822,-2.21504,-2.58088,0,1.00842,2.82092,-1.53377,-0.8416,0.43781,2.6499,3.66553,2.91535,-9.21548,-2.18791,4.7307,-5.78723,-1.02925,-1.19112,-8.56253,-10.81488,12.65521,-1.89614,4.85157,0.09392,-0.97492,1.72049,5.17933,4.37757,-13.24357,5.46613,1.05096,9.6157,0.03234,1.74054,-0.71004,-0.73783,-1.17883,-0.1396,0.89881
11.2,0.02827,-0.58428,-2.04276,-2.35821,0,1.21992,3.27422,-1.2657,-0.84748,0.23693,2.4456,3.15891,4.13752,-9.53293,-2.74964,6.40024,-8.02675,-1.67583,-2.31459,-4.9861,-8.80716,11.23979,-0.55145,5.5054,0.0686,-1.08464,0.77215,4.3394,6.54034,-11.0452,2.84591,1.99411,9.67698,-0.02998,1.53862,-0.32877,-0.52615,-1.14841,-0.54513,0.34344
11.22,-0.00241,-0.56096,-1.84086,-2.09184,0,1.40465,3.58972,-0.97124,-0.86243,0.10316,2.20653,2.61633,5.28336,-9.50643,-2.70335,7.35544,-9.91622,-2.141,-3.06791,-1.50669,-6.77083,9.34212,0.58967,5.92977,0.04259,-1.1493,-0.20035,3.46008,8.43968,-8.37826,0.37313,2.89402,9.44362,0.02801,1.2846,0.05588,-0.47968,-1.06044,-0.86492,-0.17319
11.24,0.00489,-0.55046,-1.62152,-1.78883,0,1.55511,3.75427,-0.6646,-0.89098,0.05351,1.94381,2.07788,6.31323,-9.13097,-2.03711,7.51908,-11.32507,-2.40443,-3.46095,1.74998,-4.7567,7.06822,1.49767,6.09253,0.01908,-1.16466,-1.14313,2.58014,10.02531,-5.35913,-1.82404,3.67431,8.90128,0.20018,1.00476,0.41077,-0.5828,-0.9351,-1.10011,-0.63192
11.26,0.05096,-0.55333,-1.39526,-1.45583,0,1.66528,3.76138,-0.35733,-0.93328,0.09788,1.66734,1.57721,7.18345,-8.41178,-0.78791,6.86636,-12.14666,-2.46347,-3.53918,4.69021,-2.80529,4.5236,2.15989,5.97645,0.00027,-1.12878,-2.00266,1.73075,11.2623,-2.12545,-3.65064,4.26075,8.03977,0.47483,0.72321,0.71012,-0.81186,-0.79216,-1.25847,-1.02498
11.28,0.13469,-0.56843,-1.1705,-1.0988,0,1.73018,3.61172,-0.05689,-0.98484,0.23737,1.38606,1.13439,7.84959,-7.36425,0.96111,5.43032,-12.30893,-2.32971,-3.37122,7.25261,-0.94487,1.80952,2.58403,5.57914,-0.01266,-1.04204,-2.72967,0.93394,12.12709,1.17209,-5.04641,4.58784,6.85667,0.83583,0.46126,0.9352,-1.13789,-0.64935,-1.35237,-1.35442
11.3,0.2531,-0.59299,-0.95339,-0.72303,0,1.74548,3.31328,0.23429,-1.03693,0.46344,1.10898,0.75466,8.27089,-6.01451,3.0867,3.30314,-11.78311,-2.02503,-3.03599,9.40604,0.80903,-0.97922,2.79958,4.91202,-0.01945,-0.9069,-3.28244,0.20231,12.60418,4.37808,-5.98434,4.60542,5.36203,1.26373,0.23717,1.07309,-1.5292,-0.52101,-1.39661,-1.62935
11.32,0.40135,-0.6228,-0.74803,-0.3333,0,1.70726,2.88116,0.51867,-1.07774,0.7583,0.84542,0.43149,8.41487,-4.40011,5.4345,0.63164,-10.58818,-1.57797,-2.61157,11.14562,2.45237,-3.75546,2.85622,3.99838,-0.02053,-0.72759,-3.62941,-0.45983,12.68463,7.34065,-6.4675,4.2847,3.58341,1.73671,0.06608,1.11508,-1.95353,-0.41709,-1.40613,-1.86264
11.34,0.57292,-0.65245,-0.55681,0.06585,0,1.61195,2.33679,0.80254,-1.09429,1.09661,0.60316,0.15051,8.26154,-2.57065,7.83119,-2.39364,-8.78985,-1.02091,-2.16735,12.48753,3.98943,-6.4406,2.81884,2.87096,-0.01685,-0.50971,-3.7505,-1.05419,12.36658,9.91949,-6.52455,3.62323,1.5699,2.23119,-0.04001,1.05503,-2.37949,-0.34268,-1.39399,-2.06728
11.36,0.75987,-0.67572,-0.38099,0.46976,0,1.45666,1.70664,1.09388,-1.07488,1.44809,0.38538,-0.10724,7.80714,-0.58788,10.09877,-5.55457,-6.49474,-0.38844,-1.75934,13.46337,5.42831,-8.9656,2.75988,1.56935,-0.00957,-0.25975,-3.63786,-1.58552,11.65798,11.99395,-6.20504,2.64799,-0.60544,2.72226,-0.0723,0.88806,-2.77742,-0.29792,-1.36975,-2.25288
11.38,0.95306,-0.68595,-0.22127,0.87332,0,1.23989,1.02087,1.39983,-1.01159,1.78081,0.18988,-0.36232,7.06698,1.47483,12.06946,-8.62422,-3.84131,0.28342,-1.42855,14.11497,6.77612,-11.27179,2.75053,0.13771,0.0002,0.01521,-3.29593,-2.05867,10.58053,13.4709,-5.57488,1.41642,-2.84582,3.18401,-0.02541,0.6099,-3.12005,-0.27824,-1.3383,-2.42269
11.4,1.14257,-0.67662,-0.07837,1.27067,0,0.9625,0.31188,1.72402,-0.90243,2.06417,0.01044,-0.63425,6.07683,3.53385,13.5991,-11.3852,-0.98928,0.95716,-1.20128,14.48959,8.03439,-13.31081,2.85222,-1.37676,0.01159,0.30768,-2.74147,-2.47629,9.1736,14.29152,-4.71222,0.01408,-5.03445,3.59,0.10228,0.21706,-3.38304,-0.27499,-1.29937,-2.57152
11.42,1.31797,-0.6419,0.04655,1.65494,0,0.62894,-0.38696,2.06411,-0.75255,2.27127,-0.16114,-0.93879,4.89209,5.49816,14.57696,-13.64502,1.89189,1.59341,-1.09094,14.63532,9.19575,-15.04295,3.10994,-2.92455,0.02415,0.60968,-2.00301,-2.83773,7.49607,14.43577,-3.70327,-1.45181,-7.04258,3.91374,0.30813,-0.29207,-3.54561,-0.27614,-1.24768,-2.685
11.44,1.46872,-0.5772,0.15172,2.01819,0,0.24842,-1.04269,2.41015,-0.57423,2.3803,-0.33321,-1.28519,3.58408,7.27379,14.93114,-15.24746,4.63483,2.15062,-1.10033,14.59652,10.24205,-16.43404,3.54786,-4.45409,0.03786,0.91253,-1.12002,-3.13934,5.62511,13.92397,-2.63785,-2.86328,-8.74204,4.12949,0.58475,-0.91545,-3.59145,-0.2674,-1.17375,-2.74015
11.46,1.58461,-0.47977,0.23483,2.35151,0,-0.16429,-1.62413,2.74377,-0.38571,2.37523,-0.51249,-1.67301,2.23416,8.76999,14.63035,-16.08016,7.08605,2.58541,-1.22413,14.4096,11.14448,-17.45174,4.1676,-5.91172,0.05307,1.20654,-0.14139,-3.37597,3.65195,12.8157,-1.60448,-4.10553,-10.02087,4.21327,0.91967,-1.64509,-3.50987,-0.23342,-1.06525,-2.70729
11.48,1.65624,-0.34925,0.29327,2.64518,0,-0.58852,-2.1034,3.03869,-0.20905,2.24597,-0.70231,-2.08869,0.92651,9.90621,13.68289,-16.07933,9.11655,2.85388,-1.45099,14.10003,11.86569,-18.06278,4.94856,-7.24176,0.07041,1.48067,0.87659,-3.54315,1.67579,11.20652,-0.6852,-5.08147,-10.79904,4.14446,1.29541,-2.46493,-3.29721,-0.15943,-0.90864,-2.55312
11.5,1.67566,-0.18802,0.32459,2.88904,0,-0.99839,-2.45733,3.26269,-0.0674,1.98856,-0.90079,-2.50236,-0.25904,10.61868,12.13376,-15.2313,10.62995,2.91443,-1.76494,13.68069,12.36345,-18.2319,5.85013,-8.38696,0.09057,1.7224,1.87295,-3.63927,-0.20311,9.22227,0.0496,-5.72346,-11.04054,3.90756,1.6903,-3.34932,-2.95828,-0.03302,-0.69097,-2.24452
11.52,1.6369,-0.00136,0.32696,3.07256,0,-1.36472,-2.66885,3.38111,0.01817,1.60515,-1.09895,-2.86888,-1.25349,10.86536,10.0595,-13.57071,11.5668,2.73191,-2.14578,13.15162,12.59522,-17.92309,6.81516,-9.28945,0.11413,1.91771,2.78559,-3.6668,-1.89042,7.01029,0.54624,-5.99974,-10.75803,3.49399,2.08005,-4.26277,-2.50725,0.1538,-0.4014,-1.75275
11.54,1.53655,0.20274,0.29973,3.18505,0,-1.65817,-2.7281,3.36172,0.03193,1.10418,-1.27874,-3.13765,-2.00399,10.62855,7.56078,-11.17502,11.90492,2.28327,-2.56872,12.50097,12.52325,-17.10282,7.77451,-9.89235,0.14129,2.05145,3.55582,-3.63242,-3.30436,4.72724,0.77236,-5.91425,-10.00896,2.90358,2.44044,-5.16128,-1.96779,0.40258,-0.03257,-1.0577
11.56,1.37415,0.41407,0.24388,3.2158,0,-1.85334,-2.6334,3.18038,-0.0335,0.50048,-1.4131,-3.26716,-2.47789,9.91566,4.7537,-8.15661,11.65664,1.56382,-3.0034,11.70723,12.11986,-15.74537,8.65248,-10.14257,0.17173,2.10804,4.13352,-3.54606,-4.38188,2.52468,0.72076,-5.50095,-8.8843,2.14569,2.75038,-5.99528,-1.37209,0.70654,0.4184,-0.15191
11.58,1.15256,0.62093,0.16239,3.15463,0,-1.93294,-2.39191,2.82641,-0.17491,-0.18478,-1.47239,-3.23421,-2.66551,8.7588,1.76085,-4.65423,10.86471,0.59315,-3.41297,10.74296,11.37256,-13.83982,9.37246,-9.99482,0.20437,2.07278,4.48235,-3.41937,-5.08376,0.53468,0.41154,-4.81504,-7.49363,1.23976,2.99507,-6.71383,-0.75876,1.04955,0.94902,0.95581
11.6,0.87815,0.81102,0.06039,2.99292,0,-1.89107,-2.01979,2.30659,-0.37768,-0.92439,-1.43583,-3.03564,-2.58134,7.2135,-1.29639,-0.82521,9.59786,-0.5809,-3.75374,9.57976,10.28819,-11.39711,9.86226,-9.41672,0.23731,1.9335,4.58384,-3.26421,-5.39792,-1.14191,-0.10842,-3.92356,-5.95015,0.21502,3.16812,-7.26945,-0.16956,1.40621,1.5505,2.23758
11.62,0.56058,0.97244,-0.05506,2.725,0,-1.73455,-1.54138,1.64615,-0.6168,-1.68607,-1.2992,-2.68652,-2.26318,5.35636,-4.304,3.16115,7.94635,-1.88172,-3.97595,8.19378,8.89475,-8.45552,10.05822,-8.39405,0.26783,1.68264,4.43946,-3.09122,-5.34018,-2.44259,-0.76979,-2.89715,-4.35842,-0.89097,3.27202,-7.62278,0.35542,1.74374,2.20698,3.64517
11.64,0.21226,1.09464,-0.17551,2.34994,0,-1.48207,-0.98744,0.88656,-0.86005,-2.4343,-1.07509,-2.21683,-1.76928,3.28147,-7.15989,7.1295,6.01742,-3.20788,-4.02615,6.57118,7.24021,-5.08296,9.90793,-6.93572,0.29251,1.31943,4.07008,-2.90897,-4.95209,-3.34489,-1.48897,-1.80406,-2.80601,-2.03522,3.3165,-7.74658,0.78365,2.02563,2.89481,5.11062
11.66,-0.15262,1.16941,-0.29197,1.87336,0,-1.16129,-0.39248,0.08032,-1.07266,-3.13269,-0.78877,-1.66699,-1.17364,1.09545,-9.77735,10.90399,3.93033,-4.44143,-3.85136,4.71299,5.38886,-1.37618,9.37196,-5.07765,0.30738,0.85199,3.51318,-2.72339,-4.29629,-3.86334,-2.17913,-0.7063,-1.35938,-3.17324,3.31539,-7.62885,1.09648,2.21663,3.58244,6.54907
11.68,-0.51925,1.19177,-0.3959,1.30911,0,-0.80478,0.20824,-0.71575,-1.22262,-3.74687,-0.47321,-1.08285,-0.56027,-1.0881,-12.08732,14.31425,1.81082,-5.45951,-3.40524,2.63914,3.41616,2.5427,8.42513,-2.88514,0.30821,0.29903,2.81863,-2.53795,-3.45045,-4.04307,-2.76209,0.34217,-0.06336,-4.26326,3.28279,-7.27467,1.29455,2.28824,4.23096,7.86387
11.7,-0.87328,1.16052,-0.48006,0.68016,0,-0.44578,0.78154,-1.44735,-1.28552,-4.24691,-0.164,-0.51085,-0.01709,-3.15466,-14.03961,17.20149,-0.21562,-6.14803,-2.65582,0.39065,1.40311,6.53146,7.0579,-0.45252,0.29074,-0.30942,2.04374,-2.35411,-2.50039,-3.9515,-3.17819,1.29607,1.05677,-5.26983,3.22964,-6.70619,1.40041,2.22335,4.79587,8.95373
11.72,-1.2018,1.07841,-0.53908,0.0182,0,-0.11437,1.29849,-2.06842,-1.24774,-4.60909,0.10493,0.00623,0.37034,-4.995,-15.60253,19.42513,-2.03223,-6.41578,-1.59425,-1.97083,-0.56915,10.43495,5.27739,2.1011,0.2509,-0.93268,1.24797,-2.17211,-1.53296,-3.66901,-3.39228,2.11882,1.99141,-6.16573,3.16134,-5.95995,1.45707,2.01895,5.23006,9.72152
11.74,-1.49404,0.95175,-0.5697,-0.63832,0,0.16545,1.73598,-2.54505,-1.10765,-4.81663,0.30472,0.4328,0.52485,-6.51184,-16.76109,20.86981,-3.54139,-6.20773,-0.24338,-4.3668,-2.42466,14.09416,3.10818,4.64064,0.18492,-1.52182,0.48776,-1.99184,-0.62885,-3.27949,-3.39472,2.78251,2.7419,-6.93221,3.07676,-5.08142,1.52202,1.6865,5.48817,10.08439
11.76,-1.74184,0.78963,-0.57068,-1.24751,0,0.37771,2.07747,-2.85768,-0.8749,-4.85955,0.41384,0.74314,0.38331,-7.62645,-17.51479,21.45307,-4.67586,-5.51605,1.33532,-6.7087,-4.09726,17.35696,0.5929,7.02744,0.08949,-2.02366,-0.18841,-1.81365,0.1441,-2.86139,-3.19814,3.26819,3.31582,-7.5578,2.96878,-4.11781,1.65757,1.24994,5.53184,9.98427
11.78,-1.94008,0.6029,-0.54254,-1.76816,0,0.51539,2.31325,-3.00169,-0.56824,-4.73421,0.41955,0.92319,-0.09835,-8.28464,-17.87571,21.13329,-5.40841,-4.38707,3.0386,-8.9066,-5.53449,20.08943,-2.20706,9.13318,-0.03808,-2.38572,-0.74409,-1.63915,0.73649,-2.48011,-2.83162,3.56627,3.723,-8.03634,2.82581,-3.11095,1.91987,0.74237,5.33527,9.39739
11.8,-2.08669,0.40316,-0.48713,-2.16375,0,0.58038,2.44022,-2.98671,-0.21263,-4.44261,0.31853,0.97127,-0.9413,-8.46095,-17.86727,19.91594,-5.75692,-2.92148,4.72466,-10.87805,-6.69981,22.18592,-5.2106,10.85232,-0.19962,-2.56144,-1.15761,-1.47164,1.12095,-2.18271,-2.33422,3.67698,3.97271,-8.36511,2.63389,-2.09226,2.34877,0.20187,4.88982,8.34047
11.82,-2.18251,0.20181,-0.40729,-2.40581,0,0.58247,2.46107,-2.83457,0.16405,-3.99154,0.11662,0.89751,-2.14172,-8.15956,-17.52321,17.8561,-5.78205,-1.26557,6.22471,-12.5558,-7.57288,23.57589,-8.31614,12.1106,-0.39568,-2.51493,-1.423,-1.31629,1.29297,-1.99506,-1.74909,3.61024,4.07229,-8.54307,2.37878,-1.08115,2.96091,-0.33256,4.20642,6.87145
11.84,-2.23079,0.00935,-0.3065,-2.47614,0,0.53746,2.38311,-2.57617,0.5343,-3.39175,-0.17199,0.72215,-3.67064,-7.41165,-16.88654,15.05576,-5.57696,0.40694,7.36321,-13.89352,-8.14776,24.22679,-11.40181,12.86868,-0.62499,-2.22489,-1.54898,-1.17963,1.26888,-1.92195,-1.11905,3.38475,4.02735,-8.56962,2.04778,-0.0872,3.74694,-0.82489,3.31528,5.08363
11.86,-2.23648,-0.16526,-0.18858,-2.36808,0,0.46463,2.21682,-2.24767,0.87405,-2.65709,-0.52626,0.47272,-5.47572,-6.26994,-16.0082,11.65688,-5.25081,1.91987,7.98402,-14.86949,-8.42972,24.14365,-14.32751,13.12131,-0.88387,-1.68759,-1.5564,-1.06879,1.08139,-1.94951,-0.48371,3.02656,3.84312,-8.44404,1.63112,0.88479,4.67278,-1.24535,2.26306,3.0946
11.88,-2.20553,-0.31499,-0.05752,-2.08695,0,0.38415,1.9745,-1.88647,1.16514,-1.8042,-0.92015,0.18096,-7.48421,-4.80208,-14.94585,7.83193,-4.9103,3.12115,7.97729,-15.48812,-8.43185,23.36674,-16.9395,12.89386,-1.16549,-0.91904,-1.47464,-0.99041,0.7739,-2.04933,0.12206,2.5672,3.52679,-8.16593,1.12315,1.82854,5.68403,-1.57289,1.10845,1.03241
11.9,-2.14424,-0.43494,0.08263,-1.64969,0,0.31455,1.66924,-1.52769,1.39695,-0.85272,-1.3247,-0.12041,-9.60679,-3.08434,-13.76194,3.77384,-4.6436,3.90492,7.30039,-15.77884,-8.17204,21.96782,-19.07799,12.23704,-1.45937,0.0439,-1.33767,-0.94966,0.39443,-2.18369,0.66886,2.04168,3.08984,-7.73622,0.52341,2.73097,6.71212,-1.79662,-0.08293,-0.97769
11.92,-2.05873,-0.52242,0.22771,-1.08377,0,0.27084,1.31422,-1.20128,1.5667,0.1741,-1.7102,-0.40047,-11.74172,-1.19658,-12.52027,-0.31429,-4.51018,4.2238,5.98687,-15.79134,-7.67085,20.04426,-20.58754,11.2206,-1.75084,1.14382,-1.17999,-0.94934,-0.00996,-2.31106,1.13297,1.48649,2.54984,-7.15854,-0.16246,3.56949,7.68115,-1.91578,-1.24377,-2.8241
11.94,-1.95449,-0.57675,0.37343,-0.42528,0,0.26322,0.9224,-0.92998,1.67867,1.24847,-2.0485,-0.63236,-13.77936,0.78146,-11.28047,-4.22976,-4.53799,4.08961,4.1412,-15.5871,-6.9503,17.71106,-21.33035,9.9262,-2.02101,2.30487,-1.03285,-0.98932,-0.39773,-2.39165,1.49661,0.93729,1.93102,-6.44034,-0.92204,4.31279,8.51459,-1.9384,-2.31012,-4.41597
11.96,-1.83602,-0.59907,0.5153,0.28366,0,0.29649,0.50649,-0.72808,1.74226,2.33732,-2.31525,-0.79504,-15.60722,2.77231,-10.09117,-7.78101,-4.72686,3.56368,1.92142,-15.22874,-6.03369,15.09147,-21.20146,8.44025,-2.24718,3.43685,-0.92093,-1.0662,-0.73633,-2.39255,1.7482,0.42672,1.26376,-5.59383,-1.73579,4.92495,9.14181,-1.87899,-3.22611,-5.68715
11.98,-1.70666,-0.59199,0.64857,0.99784,0,0.37001,0.07905,-0.60102,1.76963,3.40192,-2.49203,-0.87451,-17.11557,4.7018,-8.98347,-10.79827,-5.05539,2.74126,-0.48477,-14.76935,-4.9464,12.30816,-20.14427,6.84745,-2.40415,4.44146,-0.85968,-1.17329,-1.00434,-2.2921,1.88276,-0.01767,0.58306,-4.6367,-2.57719,5.37143,9.50391,-1.75567,-3.94793,-6.59739
12,-1.56864,-0.55933,0.76828,1.67181,0,0.47806,-0.34731,-0.54565,1.77317,4.3984,-2.56788,-0.86455,-18.203,6.49922,-7.96634,-13.14298,-5.48777,1.73442,-2.88374,-14.24423,-3.71723,9.47613,-18.16327,5.22572,-2.46633,5.22045,-0.85374,-1.30082,-1.19218,-2.08315,1.90209,-0.37504,-0.07368,-3.5925,-3.4134,5.62531,9.55866,-1.58759,-4.44681,-7.13173
12.02,-1.42323,-0.50584,0.86934,2.26275,0,0.61065,-0.75983,-0.5513,1.76323,5.27921,-2.54012,-0.76682,-18.78125,8.09699,-7.02503,-14.7155,-5.97785,0.65727,-5.09481,-13.66611,-2.37967,6.69769,-15.33018,3.64241,-2.4109,5.68554,-0.89646,-1.43637,-1.30134,-1.77448,1.81446,-0.63218,-0.66934,-2.49024,-4.20675,5.67186,9.2835,-1.39269,-4.71032,-7.29833
12.04,-1.27089,-0.43684,0.94672,2.7329,0,0.75457,-1.14578,-0.6014,1.74634,5.99607,-2.41421,-0.59043,-18.77913,9.43031,-6.12293,-15.46045,-6.46934,-0.38462,-6.96185,-13.02462,-0.97249,4.05926,-11.7816,2.15166,-2.22161,5.76951,-0.97078,-1.56545,-1.34214,-1.39028,1.63364,-0.78382,-1.17019,-1.36307,-4.91703,5.51082,8.67665,-1.18625,-4.74202,-7.12526
12.06,-1.11158,-0.35794,0.9957,3.05191,0,0.89466,-1.49296,-0.67561,1.72404,6.50408,-2.20308,-0.35089,-18.14589,10.43768,-5.20665,-15.37009,-6.89358,-1.30062,-8.35846,-12.28965,0.46057,1.62974,-7.70882,0.79283,-1.89286,5.43727,-1.05126,-1.6724,-1.33059,-0.96767,1.37745,-0.83225,-1.5492,-0.24599,-5.50452,5.15628,7.75631,-0.98008,-4.55979,-6.65662
12.08,-0.94501,-0.27473,1.01229,3.19873,0,1.01527,-1.79028,-0.75215,1.69263,6.76678,-1.92637,-0.0688,-16.8549,11.06266,-4.21362,-14.48579,-7.16745,-2.01811,-9.18929,-11.41799,1.87175,-0.54007,-3.34237,-0.40988,-1.43308,4.69481,-1.10697,-1.74139,-1.285,-0.55291,1.066,-0.7865,-1.7889,0.82667,-5.93364,4.63501,6.55896,-0.78238,-4.19322,-5.94859
12.1,-0.77109,-0.19251,0.99355,3.16294,0,1.10165,-2.02849,-0.81009,1.64385,6.76136,-1.60956,0.23183,-14.90743,11.25693,-3.08123,-12.8965,-7.19503,-2.48377,-9.3903,-10.36159,3.21106,-2.41698,1.0662,-1.44641,-0.86639,3.59337,-1.10509,-1.75762,-1.22298,-0.19651,0.71999,-0.6612,-1.88345,1.8236,-6.17647,3.9839,5.1368,-0.59816,-3.68063,-5.06529
12.12,-0.59019,-0.11601,0.93794,2.94507,0,1.14124,-2.20069,-0.83128,1.5665,6.48296,-1.28138,0.52558,-12.33556,10.98439,-1.75625,-10.73299,-6.87524,-2.66427,-8.93,-9.07607,4.42858,-3.98454,5.26386,-2.31837,-0.23143,2.22627,-1.01468,-1.70855,-1.15942,0.05232,0.3591,-0.47495,-1.83918,2.71829,-6.21542,3.24693,3.55425,-0.4299,-3.06552,-4.07427
12.14,-0.4035,-0.04911,0.8455,2.55597,0,1.12478,-2.30262,-0.80193,1.44893,5.94773,-0.96841,0.78771,-9.20344,10.22599,-0.20349,-8.15699,-6.11618,-2.54705,-7.81265,-7.52804,5.47744,-5.24193,9.01607,-3.03537,0.42293,0.71754,-0.81061,-1.58506,-1.10563,0.15167,0.00068,-0.24846,-1.67345,3.49005,-6.04497,2.47179,1.88345,-0.27844,-2.39285,-3.04146
12.16,-0.21321,0.00541,0.71793,2.01523,0,1.04713,-2.33277,-0.71367,1.28193,5.19437,-0.68969,0.99655,-5.60677,8.9848,1.58686,-5.34664,-4.85419,-2.14133,-6.08296,-5.70101,6.31744,-6.20293,12.12604,-3.61075,1.04434,-0.7957,-0.47725,-1.38258,-1.06952,0.07279,-0.34127,-0.00257,-1.41208,4.12453,-5.67215,1.70646,0.19895,-0.14389,-1.70523,-2.02607
12.18,-0.02253,0.04607,0.55859,1.34948,0,0.9079,-2.2925,-0.56419,1.06154,4.28256,-0.45532,1.13559,-1.67074,7.29107,3.59419,-2.48055,-3.07342,-1.47893,-3.83064,-3.59985,6.91883,-6.89482,14.45144,-4.05767,1.5847,-2.18328,-0.01164,-1.102,-1.05661,-0.19477,-0.65671,0.24367,-1.08604,4.61384,-5.11635,0.99596,-1.42753,-0.02636,-1.03964,-1.07612
12.2,0.16423,0.07275,0.37244,0.59062,0,0.71167,-2.18595,-0.3573,0.79097,3.28292,-0.26822,1.19507,2.45378,5.20576,5.76535,0.27671,-0.82051,-0.61372,-1.19188,-1.25336,7.26573,-7.35675,15.91587,-4.38627,2.00683,-3.33961,0.5745,-0.75021,-1.0714,-0.63987,-0.93956,0.47432,-0.72788,4.95636,-4.40817,0.37948,-2.93172,0.07359,-0.42523,-0.22573
12.22,0.3419,0.08663,0.16583,-0.22551,0,0.46776,-2.0199,-0.10245,0.48099,2.25908,-0.12653,1.17275,6.59658,2.82125,8.01661,2.78597,1.79098,0.38122,1.65514,1.28538,7.35813,-7.6369,16.51228,-4.60242,2.28881,-4.19529,1.2542,-0.34015,-1.11869,-1.22901,-1.18706,0.67729,-0.3685,5.15623,-3.58721,-0.11202,-4.26009,0.15492,0.11754,0.50528
12.24,0.50479,0.08985,-0.0538,-1.06036,0,0.18935,-1.80346,0.18648,0.14859,1.25429,-0.02541,1.07362,10.57753,0.25798,10.23983,4.94096,4.58866,1.41937,4.50228,3.94157,7.21227,-7.78823,16.29786,-4.70841,2.42498,-4.72076,1.98671,0.11003,-1.2045,-1.9087,-1.39853,0.84425,-0.03441,5.22241,-2.69872,-0.45776,-5.37183,0.21642,0.57637,1.10942
12.26,0.64714,0.08513,-0.27839,-1.87379,0,-0.10778,-1.5475,0.49276,-0.18577,0.29088,0.04141,0.90878,14.21878,-2.34281,12.31277,6.67213,7.36071,2.40911,7.13021,6.6236,6.85938,-7.86329,15.38192,-4.70498,2.42417,-4.92305,2.72061,0.57828,-1.3365,-2.61048,-1.57383,0.97007,0.25435,5.16767,-1.78943,-0.64858,-6.23983,0.25745,0.94566,1.58777
12.28,0.76374,0.07531,-0.49979,-2.62534,0,-0.40679,-1.26412,0.79872,-0.50165,-0.62164,0.08066,0.69379,17.35827,-4.82931,14.1117,7.94736,9.88221,3.26317,9.33078,9.22977,6.34325,-7.90903,13.91016,-4.59425,2.30617,-4.83778,3.39827,1.04063,-1.52354,-3.25788,-1.71184,1.05194,0.48547,5.00758,-0.90328,-0.68775,-6.85082,0.27866,1.22451,1.94575
12.3,0.85041,0.0629,-0.71024,-3.27591,0,-0.69128,-0.96607,1.08738,-0.78177,-1.47693,0.09878,0.44684,19.86208,-7.05094,15.52454,8.76984,11.94289,3.9078,10.92918,11.65529,5.71668,-7.9623,12.04821,-4.38232,2.09739,-4.51937,3.96104,1.47311,-1.77434,-3.77408,-1.80947,1.08856,0.65475,4.75965,-0.07794,-0.59069,-7.20487,0.2825,1.41495,2.18936
12.32,0.90438,0.04988,-0.90282,-3.78987,0,-0.9465,-0.6661,1.34388,-1.01413,-2.26272,0.1015,0.18696,21.63364,-8.87099,16.46223,9.17309,13.37141,4.28993,11.80187,13.79902,5.0368,-8.04678,9.96605,-4.08053,1.82691,-4.03135,4.35448,1.85386,-2.09515,-4.08954,-1.86139,1.0796,0.76542,4.44242,0.65749,-0.38344,-7.31403,0.27337,1.52066,2.32307
12.34,0.92449,0.03752,-1.07179,-4.13769,0,-1.16035,-0.37624,1.55632,-1.19276,-2.95415,0.09363,-0.06764,22.6186,-10.17894,16.8672,9.21348,14.05342,4.38181,11.88866,15.56939,4.35924,-8.17129,7.82448,-3.70505,1.52301,-3.4381,4.53349,2.16484,-2.48653,-4.14873,-1.86062,1.02559,0.82655,4.07433,1.2834,-0.09971,-7.20014,0.25714,1.5464,2.34958
12.36,0.91116,0.02649,-1.21286,-4.29902,0,-1.32397,-0.10704,1.71623,-1.31715,-3.51579,0.07904,-0.30093,22.80618,-10.90211,16.71891,8.96148,13.94268,4.18281,11.19807,16.88979,3.73192,-8.32986,5.76385,-3.27496,1.21079,-2.79864,4.46684,2.39351,-2.93989,-3.9159,-1.7999,0.9281,0.85075,3.67267,1.78944,0.22317,-6.89224,0.24023,1.49828,2.2714
12.38,0.86633,0.01697,-1.3234,-4.26559,0,-1.43221,0.13317,1.81876,-1.3909,-3.91375,0.06066,-0.50017,22.22795,-11.01481,16.03635,8.49278,13.0653,3.7188,9.80669,17.70354,3.18934,-8.50337,3.8961,-2.80979,0.91068,-2.16262,4.14102,2.53404,-3.43464,-3.3792,-1.67357,0.79017,0.85176,3.25265,2.17349,0.54855,-6.42399,0.22857,1.38433,2.09334
12.4,0.79328,0.00885,-1.40256,-4.04331,0,-1.48377,0.33864,1.86264,-1.42002,-4.12899,0.04066,-0.6564,20.95451,-10.54327,14.87716,7.88065,11.51702,3.03909,7.85205,17.97783,2.74885,-8.6625,2.3002,-2.32747,0.63773,-1.56825,3.56254,2.58796,-3.93685,-2.5528,-1.47942,0.6168,0.84228,2.82696,2.44026,0.84442,-5.8316,0.22653,1.21512,1.825
12.42,0.69647,0.00194,-1.45111,-3.65259,0,-1.48104,0.50639,1.84997,-1.41126,-4.16207,0.0206,-0.76456,19.08931,-9.56367,13.33201,7.18996,9.45243,2.21096,5.51856,17.70563,2.4094,-8.77154,1.02114,-1.84328,0.40172,-1.04189,2.75811,2.56401,-4.40033,-1.47609,-1.22012,0.4151,0.83239,2.40564,2.59957,1.08621,-5.15187,0.23637,1.00393,1.48215
12.44,0.58119,-0.00394,-1.47124,-3.1266,0,-1.42969,0.63585,1.78569,-1.37071,-4.03054,0.00163,-0.82297,16.75939,-8.19294,11.51424,6.47309,7.06662,1.31169,3.0166,16.90525,2.15336,-8.79256,0.07213,-1.37011,0.20758,-0.59884,1.77222,2.4769,-4.77031,-0.2097,-0.90399,0.19419,0.8289,1.99635,2.66469,1.25827,-4.42064,0.25795,0.76619,1.08658
12.46,0.45329,-0.00887,-1.46611,-2.50772,0,-1.33796,0.72838,1.67708,-1.30296,-3.76379,-0.01529,-0.83257,14.10434,-6.57355,9.54619,5.76779,4.57139,0.41937,0.55754,15.61798,1.95071,-8.68987,-0.56097,-0.91958,0.05623,-0.24489,0.6627,2.34541,-4.98951,1.17094,-0.54489,-0.03537,0.83528,1.60482,2.65084,1.35401,-3.67126,0.28906,0.51838,0.66442
12.48,0.31881,-0.01279,-1.43942,-1.843,0,-1.2159,0.78662,1.5331,-1.21069,-3.39771,-0.02927,-0.79608,11.26533,-4.85593,7.54501,5.0969,2.17037,-0.39639,-1.67139,13.90508,1.76472,-8.43432,-0.91372,-0.5036,-0.05447,0.02167,-0.50488,2.19009,-5.00553,2.58343,-0.16146,-0.26233,0.85218,1.23546,2.57393,1.37511,-2.93356,0.32597,0.27653,0.24355
12.5,0.18377,-0.01558,-1.39506,-1.17955,0,-1.07452,0.81385,1.36378,-1.09486,-2.96997,-0.03923,-0.71724,8.37586,-3.1816,5.61084,4.46962,0.03727,-1.08179,-3.52718,11.84435,1.558,-8.00685,-1.03678,-0.13553,-0.12881,0.20802,-1.66307,2.0309,-4.77823,3.94598,0.22415,-0.47561,0.87822,0.89203,2.44963,1.32999,-2.23317,0.36415,0.05485,-0.1492
12.52,0.0538,-0.01706,-1.33681,-0.56035,0,-0.92489,0.81359,1.17958,-0.95534,-2.51633,-0.04386,-0.6005,5.55491,-1.66995,3.81917,3.88408,-1.69942,-1.60311,-4.92251,9.52613,1.29777,-7.40047,-0.98942,0.1698,-0.17234,0.32483,-2.74767,1.88509,-4.28567,5.18377,0.5882,-0.66509,0.91075,0.5781,2.29255,1.23186,-1.59109,0.39897,-0.13528,-0.49043
12.54,-0.06597,-0.01708,-1.26812,-0.02088,0,-0.77724,0.78926,0.99056,-0.79183,-2.06815,-0.04146,-0.45098,2.90247,-0.4096,2.21804,3.33055,-2.96384,-1.94741,-5.8271,7.04835,0.95976,-6.62022,-0.83351,0.3974,-0.19114,0.3845,-3.70214,1.76546,-3.52777,6.23366,0.90758,-0.82229,0.94638,0.29718,2.11561,1.0964,-1.02343,0.4263,-0.28591,-0.76202
12.56,-0.17127,-0.0156,-1.19193,0.41336,0,-0.64003,0.74413,0.80566,-0.605,-1.65098,-0.02992,-0.27474,0.49704,0.5456,0.82953,2.79514,-3.733,-2.12009,-6.26047,4.51091,0.53063,-5.68162,-0.62818,0.53473,-0.19126,0.39985,-4.48104,1.67905,-2.52755,7.04731,1.16235,-0.94088,0.9814,0.05264,1.92948,0.93953,-0.54117,0.44302,-0.39258,-0.95222
12.58,-0.25877,-0.01276,-1.11069,0.72837,0,-0.51925,0.68138,0.63197,-0.39753,-1.2841,-0.00677,-0.07911,-1.60505,1.17662,-0.34561,2.26335,-4.03162,-2.14058,-6.27936,2.01033,0.00897,-4.6083,-0.42528,0.57461,-0.17825,0.38306,-5.05249,1.62652,-1.33025,7.59293,1.33806,-1.01711,1.012,-0.15266,1.74221,0.77534,-0.15005,0.44727,-0.45417,-1.05611
12.6,-0.32631,-0.00887,-1.02636,0.92202,0,-0.41804,0.60427,0.47434,-0.17489,-0.98067,0.03071,0.12698,-3.36877,1.49618,-1.32186,1.72321,-3.92326,-2.03731,-5.96349,-0.36479,-0.59491,-3.42964,-0.26606,0.51773,-0.15697,0.34495,-5.39961,1.60227,-0.00052,7.85592,1.42752,-1.05002,1.03441,-0.31674,1.55926,0.61477,0.14926,0.43862,-0.4725,-1.07559
12.62,-0.37289,-0.00445,-0.94052,1.00312,0,-0.33667,0.51626,0.33534,0.05441,-0.74835,0.08522,0.33316,-4.77823,1.54315,-2.1224,1.16738,-3.49925,-1.84296,-5.40215,-2.53698,-1.26025,-2.17867,-0.17904,0.37389,-0.1314,0.29467,-5.52032,1.59542,1.38248,7.83799,1.43143,-1.04133,1.04499,-0.43876,1.38373,0.46489,0.3607,0.41803,-0.45185,-1.01876
12.64,-0.39866,-0.0001,-0.85446,0.98942,0,-0.27302,0.42103,0.21552,0.2793,-0.58994,0.15909,0.52805,-5.83384,1.37519,-2.77336,0.59407,-2.86629,-1.59035,-4.68336,-4.4422,-1.95825,-0.89028,-0.17923,0.16145,-0.10464,0.23944,-5.42585,1.59155,2.73187,7.55498,1.35784,-0.99513,1.0402,-0.51928,1.21683,0.32917,0.49205,0.38758,-0.39849,-0.89895
12.66,-0.40475,0.00354,-0.7692,0.90468,0,-0.22332,0.32243,0.11396,0.48717,-0.50406,0.25367,0.70026,-6.54915,1.06042,-3.29923,0.00672,-2.13401,-1.30952,-3.88614,-6.03123,-2.65521,0.40017,-0.26845,-0.09473,-0.07892,0.18468,-5.13805,1.57494,3.96132,7.03382,1.22051,-0.91728,1.01674,-0.56025,1.05856,0.20817,0.55397,0.3501,-0.32018,-0.73324
12.68,-0.39314,0.00594,-0.68555,0.77545,0,-0.18311,0.2243,0.02898,0.6653,-0.48577,0.36864,0.83949,-6.94796,0.66913,-3.71988,-0.58689,-1.40362,-1.02574,-3.07592,-7.27063,-3.31608,1.6579,-0.43662,-0.36626,-0.05575,0.13411,-4.6863,1.53106,4.9937,6.30918,1.03689,-0.8148,0.97154,-0.56496,0.90838,0.10066,0.55889,0.30872,-0.22565,-0.54091
12.7,-0.36643,0.00676,-0.6042,0.62796,0,-0.14813,0.13026,-0.04129,0.80233,-0.52713,0.50098,0.93751,-7.06174,0.26661,-4.04897,-1.17599,-0.75904,-0.75856,-2.30267,-8.14289,-3.90778,2.84924,-0.6638,-0.62449,-0.03596,0.09001,-4.10447,1.4487,5.76866,5.42037,0.82588,-0.69523,0.90196,-0.5379,0.76588,0.00473,0.51996,0.26653,-0.12409,-0.34175
12.72,-0.32762,0.00591,-0.52571,0.48559,0,-0.11495,0.04351,-0.09836,0.88957,-0.61778,0.64391,0.98895,-6.92728,-0.09236,-4.29378,-1.74804,-0.26102,-0.52158,-1.60098,-8.64573,-4.40201,3.94193,-0.92301,-0.84336,-0.0199,0.05351,-3.42794,1.32137,6.24802,4.40828,0.60594,-0.56609,0.80594,-0.48442,0.63115,-0.08152,0.45005,0.22621,-0.02459,-0.15441
12.74,-0.27986,0.00354,-0.45057,0.367,0,-0.08139,-0.03351,-0.14326,0.92186,-0.74548,0.78557,0.99146,-6.58439,-0.36712,-4.45621,-2.2898,0.05536,-0.32288,-0.99169,-8.79039,-4.77708,4.90537,-1.18362,-1.00163,-0.00754,0.02481,-2.69086,1.14778,6.41824,3.31252,0.39368,-0.43444,0.68214,-0.41033,0.50491,-0.15957,0.36092,0.18991,0.0646,0.00528
12.76,-0.22622,1e-05,-0.37909,0.28505,0,-0.04655,-0.09929,-0.17649,0.89817,-0.89676,0.90922,0.94566,-6.07378,-0.53277,-4.53469,-2.78834,0.18018,-0.16571,-0.48418,-8.59951,-5.01916,5.71102,-1.41514,-1.08448,0.0014,0.00351,-1.92378,0.93143,6.29037,2.16877,0.20292,-0.30653,0.5301,-0.3214,0.38833,-0.23067,0.26251,0.1591,0.13678,0.12571
12.78,-0.1694,-0.00422,-0.31145,0.24631,0,-0.01065,-0.15351,-0.19829,0.82174,-1.05755,0.99765,0.8547,-5.43556,-0.58031,-4.52659,-3.23178,0.12598,-0.04951,-0.07913,-8.10497,-5.12283,6.33333,-1.59088,-1.08435,0.00737,-0.01121,-1.15189,0.67969,5.8979,1.00686,0.04423,-0.18752,0.35052,-0.22294,0.28274,-0.29605,0.1625,0.13466,0.18743,0.20066
12.8,-0.11165,-0.00865,-0.2477,0.25128,0,0.02524,-0.19706,-0.20887,0.6999,-1.21388,1.04015,0.72384,-4.70817,-0.51529,-4.43055,-3.60995,-0.07655,0.02912,0.22894,-7.34611,-5.09101,6.75091,-1.69107,-1.00144,0.01088,-0.02038,-0.39411,0.40278,5.29301,-0.15011,-0.07508,-0.08142,0.14551,-0.11949,0.18927,-0.35725,0.06615,0.11687,0.21468,0.22975
12.82,-0.05473,-0.01283,-0.18778,0.29511,0,0.05954,-0.23194,-0.20872,0.54344,-1.35253,1.03607,0.55993,-3.92779,-0.35535,-4.2482,-3.91469,-0.38403,0.07543,0.44925,-6.36788,-4.93407,6.94792,-1.70479,-0.84356,0.01247,-0.02513,0.33685,0.11264,4.54108,-1.28557,-0.15055,0.0089,-0.08097,-0.01468,0.10867,-0.41617,-0.02356,0.10554,0.21931,0.21813
12.84,0.0001,-0.01639,-0.13169,0.3688,0,0.09053,-0.26092,-0.19877,0.36554,-1.46172,0.99344,0.37097,-3.12774,-0.12661,-3.98487,-4.14001,-0.74656,0.09565,0.59305,-5.21895,-4.66807,6.91544,-1.63063,-0.62551,0.01264,-0.02653,1.03367,-0.17789,3.71384,-2.38804,-0.18001,0.08159,-0.32275,0.08861,0.04121,-0.47476,-0.10546,0.10008,0.20444,0.17525
12.86,0.05187,-0.01907,-0.07953,0.46076,0,0.1166,-0.2871,-0.18049,0.18041,-1.5317,0.92569,0.16568,-2.33807,0.14047,-3.64948,-4.28212,-1.11404,0.09627,0.67226,-3.94977,-4.31244,6.6529,-1.47615,-0.36798,0.01184,-0.02555,1.69295,-0.4558,2.88175,-3.44914,-0.16276,0.13567,-0.57112,0.18803,-0.0133,-0.53453,-0.17953,0.09965,0.1748,0.11301
12.88,0.09983,-0.02074,-0.03169,0.55843,0,0.13654,-0.31329,-0.15598,0.0018,-1.55546,0.84841,-0.04695,-1.58512,0.41528,-3.2539,-4.33953,-1.44194,0.08346,0.69872,-2.61078,-3.88782,6.16944,-1.25642,-0.09599,0.01043,-0.02304,2.31342,-0.70842,2.10688,-4.46111,-0.09885,0.17081,-0.81453,0.28142,-0.05541,-0.59593,-0.24619,0.10317,0.1359,0.04362
12.9,0.14319,-0.0214,0.01109,0.64984,0,0.14976,-0.34155,-0.12788,-0.15838,-1.52921,0.77654,-0.25795,-0.89125,0.67059,-2.81218,-4.31328,-1.69576,0.06273,0.68368,-1.25115,-3.41419,5.48492,-0.99209,0.16299,0.00872,-0.01968,2.89404,-0.92372,1.4373,-5.41434,0.01142,0.18724,-1.03853,0.36651,-0.08582,-0.65788,-0.30572,0.10948,0.09316,-0.02225
12.92,0.18107,-0.02111,0.0477,0.72484,0,0.15632,-0.37276,-0.09932,-0.29109,-1.45272,0.72232,-0.45874,-0.27454,0.88502,-2.33971,-4.20706,-1.85352,0.03861,0.63756,0.08238,-2.90976,4.6299,-0.70699,0.38145,0.00693,-0.01599,3.43225,-1.09052,0.90408,-6.29519,0.16781,0.18562,-1.22584,0.44075,-0.10536,-0.71759,-0.35782,0.11735,0.05129,-0.07681
12.94,0.21234,-0.02003,0.07661,0.77594,0,0.15702,-0.40637,-0.07382,-0.39086,-1.3293,0.69418,-0.64155,0.25168,1.04418,-1.85237,-4.02718,-1.90608,0.01462,0.56974,1.34647,-2.39047,3.64429,-0.42554,0.53461,0.00522,-0.01234,3.92247,-1.1986,0.52097,-7.0844,0.37002,0.16703,-1.35683,0.50123,-0.11487,-0.77084,-0.40149,0.12564,0.01389,-0.11572
12.96,0.23563,-0.01837,0.09604,0.79882,0,0.1533,-0.44032,-0.05505,-0.45609,-1.1655,0.69631,-0.79978,0.67927,1.14073,-1.36571,-3.78241,-1.85576,-0.00678,0.4884,2.50238,-1.87001,2.57483,-0.17013,0.60325,0.00369,-0.00899,4.35523,-1.23886,0.2864,-7.7564,0.61731,0.133,-1.41035,0.54481,-0.11522,-0.8125,-0.4352,0.13333,-0.01676,-0.13791
12.98,0.24937,-0.01635,0.10411,0.7925,0,0.14715,-0.47111,-0.04665,-0.48893,-0.9707,0.72903,-0.9285,1.00571,1.17364,-0.89436,-3.48377,-1.71388,-0.02406,0.40047,3.51709,-1.36033,1.47202,0.04122,0.57648,0.00239,-0.00607,4.71691,-1.20363,0.18707,-8.27986,0.90778,0.08564,-1.36503,0.56839,-0.10735,-0.83737,-0.45719,0.13969,-0.03959,-0.14507
13,0.25185,-0.01422,0.09902,0.75918,0,0.14094,-0.49414,-0.05197,-0.49486,-0.75643,0.78931,-1.02479,1.23416,1.14703,-0.45162,-3.14418,-1.49794,-0.03654,0.31159,4.36425,-0.87231,0.38691,0.1965,0.45349,0.00134,-0.00366,4.99037,-1.08713,0.20221,-8.61953,1.23748,0.02776,-1.20099,0.56914,-0.09239,-0.84098,-0.46582,0.14435,-0.05456,-0.14071
13.02,0.24139,-0.01228,0.07926,0.70389,0,0.13725,-0.50402,-0.07378,-0.48186,-0.5357,0.87169,-1.08796,1.37296,1.06872,-0.04924,-2.77781,-1.22904,-0.0442,0.22615,5.02487,-0.41633,-0.6318,0.29053,0.24409,0.00054,-0.00176,5.1562,-0.88611,0.30775,-8.73902,1.59941,-0.03697,-0.90187,0.54486,-0.07164,-0.82027,-0.45992,0.14742,-0.06233,-0.12942
13.04,0.21642,-0.01082,0.0438,0.63373,0,0.13862,-0.49518,-0.11406,-0.45921,-0.32198,0.969,-1.11948,1.43446,0.94885,0.30273,-2.39904,-0.92958,-0.0475,0.14745,5.48744,-0.00253,-1.54041,0.32473,-0.0324,-4e-05,-0.00033,5.19457,-0.60053,0.47994,-8.60455,1.98247,-0.10397,-0.45712,0.49409,-0.04661,-0.77393,-0.43899,0.14964,-0.06387,-0.11612
13.06,0.1757,-0.01022,-0.0077,0.55707,0,0.14729,-0.46243,-0.17361,-0.43615,-0.12823,1.0732,-1.12282,1.43343,0.79848,0.59604,-2.02114,-0.62157,-0.04725,0.07782,5.748,0.35936,-2.30259,0.30605,-0.34952,-0.00042,0.00068,5.0877,-0.23432,0.69804,-8.18933,2.37078,-0.16773,0.13544,0.41629,-0.01897,-0.70256,-0.4033,0.1524,-0.06006,-0.10545
13.08,0.11842,-0.01088,-0.07478,0.48251,0,0.16498,-0.40157,-0.25188,-0.42051,0.03416,1.17602,-1.10313,1.3853,0.62857,0.82446,-1.6551,-0.32529,-0.0444,0.0188,5.81014,0.66039,-2.89133,0.24543,-0.67697,-0.00065,0.00135,4.82253,0.20397,0.94581,-7.47831,2.74338,-0.22199,0.86714,0.31197,0.00953,-0.60857,-0.35395,0.15776,-0.05135,-0.10135
13.1,0.04438,-0.01328,-0.15606,0.41816,0,0.19258,-0.31001,-0.34667,-0.41768,0.15628,1.26951,-1.06674,1.30466,0.44916,0.98388,-1.30878,-0.05843,-0.03993,-0.02871,5.68484,0.89303,-3.29032,0.15604,-0.9841,-0.00076,0.00173,4.39331,0.70074,1.21169,-6.47242,3.07464,-0.26002,1.71604,0.18277,0.03722,-0.49604,-0.29289,0.16836,-0.03742,-0.10674
13.12,-0.04591,-0.0179,-0.24926,0.37083,0,0.22996,-0.18711,-0.45407,-0.42999,0.2322,1.34646,-1.02064,1.2041,0.26893,1.07259,-0.98683,0.16465,-0.03475,-0.06434,5.39008,1.05178,-3.49444,0.05155,-1.2431,-0.00078,0.0019,3.80337,1.23734,1.48747,-5.19135,3.33549,-0.27521,2.64522,0.03151,0.06267,-0.37044,-0.22303,0.1872,-0.017,-0.12316
13.14,-0.15116,-0.02519,-0.35124,0.34562,0,0.27574,-0.03439,-0.56839,-0.45666,0.2593,1.40061,-0.9718,1.09367,0.09511,1.09133,-0.69102,0.33348,-0.0296,-0.08815,4.94979,1.13367,-3.50938,-0.05539,-1.43167,-0.00073,0.00191,3.06583,1.79064,1.76583,-3.67407,3.49563,-0.26179,3.60219,-0.13771,0.08487,-0.2383,-0.14826,0.21727,0.01213,-0.15054
13.16,-0.26938,-0.03552,-0.4582,0.34558,0,0.32725,0.14458,-0.68234,-0.49418,0.23824,1.42675,-0.92642,0.98073,-0.06654,1.04349,-0.42125,0.44199,-0.02504,-0.10068,4.39257,1.13871,-3.35047,-0.15434,-1.53494,-0.00065,0.0018,2.20316,2.33427,2.03719,-1.9774,3.52646,-0.21584,4.5198,-0.31957,0.10345,-0.10679,-0.07353,0.26111,0.05305,-0.18701
13.18,-0.39785,-0.04904,-0.5659,0.37155,0,0.3805,0.34431,-0.78737,-0.53711,0.17269,1.4209,-0.88926,0.87027,-0.21153,0.93516,-0.17661,0.48887,-0.0214,-0.10286,3.75014,1.07026,-3.04125,-0.23792,-1.5467,-0.00055,0.00161,1.24613,2.84024,2.28697,-0.17295,3.40467,-0.13636,5.31913,-0.50759,0.1188,0.01672,-0.00494,0.32027,0.10946,-0.2288
13.2,-0.53329,-0.06571,-0.66994,0.42217,0,0.43033,0.5578,-0.87415,-0.57889,0.06898,1.38046,-0.86322,0.76544,-0.33639,0.77509,0.04349,0.47755,-0.01878,-0.09607,3.05593,0.93503,-2.61169,-0.30212,-1.46968,-0.00044,0.00137,0.23205,3.28085,2.49428,1.65681,3.11592,-0.0264,5.91463,-0.69422,0.13217,0.1251,0.05026,0.39497,0.18528,-0.27035
13.22,-0.67194,-0.08518,-0.76606,0.49404,0,0.47075,0.77691,-0.93326,-0.61272,-0.06446,1.30443,-0.84906,0.66804,-0.43854,0.57439,0.23866,0.41581,-0.01711,-0.08206,2.34352,0.74283,-2.09615,-0.34612,-1.31472,-0.00034,0.0011,-0.79731,3.63052,2.63267,3.42334,2.65789,0.10604,6.22177,-0.87106,0.14556,0.21197,0.08373,0.48377,0.28414,-0.30475
13.24,-0.80972,-0.10685,-0.85032,0.58192,0,0.49546,0.99283,-0.95597,-0.63216,-0.21775,1.19359,-0.84555,0.57912,-0.51619,0.34581,0.40734,0.31473,-0.01617,-0.06284,1.64489,0.50589,-1.53108,-0.37159,-1.09896,-0.00024,0.00084,-1.7984,3.86754,2.67324,5.03754,2.0424,0.24748,6.16675,-1.02912,0.16151,0.2722,0.08615,0.58349,0.4087,-0.32438
13.26,-0.94238,-0.12988,-0.91943,0.67907,0,0.49847,1.19672,-0.9352,-0.63173,-0.38031,1.05068,-0.84972,0.49928,-0.56833,0.10295,0.54712,0.18734,-0.01561,-0.04052,0.98866,0.23783,-0.9525,-0.38163,-0.84321,-0.00016,0.00058,-2.72893,3.97565,2.58964,6.41602,1.29628,0.37902,5.69761,-1.15913,0.18274,0.30239,0.04762,0.68935,0.55995,-0.32196
13.28,-1.06572,-0.15328,-0.97086,0.77768,0,0.47484,1.38021,-0.8664,-0.60725,-0.54158,0.88057,-0.85741,0.42896,-0.59485,-0.14085,0.65542,0.04709,-0.01508,-0.01713,0.39842,-0.04746,-0.39367,-0.37967,-0.56909,-9e-05,0.00034,-3.55094,3.9454,2.36363,7.4874,0.46082,0.47719,4.79515,-1.25204,0.21174,0.30144,-0.04203,0.79518,0.73642,-0.29164
13.3,-1.17579,-0.17593,-1.00308,0.86931,0,0.42136,1.53592,-0.74837,-0.55609,-0.6917,0.69023,-0.86384,0.3686,-0.59667,-0.3733,0.73028,-0.09359,-0.01422,0.00553,-0.10844,-0.33679,0.11682,-0.36853,-0.29655,-3e-05,0.00014,-4.23354,3.77515,1.98989,8.19806,-0.4103,0.51601,3.48112,-1.29938,0.25038,0.27091,-0.19272,0.89381,0.93338,-0.23022
13.32,-1.269,-0.1967,-1.01558,0.94533,0,0.33707,1.65781,-0.58365,-0.47726,-0.82199,0.48852,-0.86422,0.3187,-0.57584,-0.58385,0.77103,-0.22429,-0.01272,0.02605,-0.52123,-0.6184,0.55636,-0.34991,-0.04207,0,-2e-05,-4.75468,3.47119,1.47845,8.51635,-1.25499,0.47009,1.82162,-1.2937,0.29967,0.21525,-0.41362,0.97748,1.1422,-0.1382
13.34,-1.34223,-0.21446,-1.00879,0.9974,0,0.22352,1.74133,-0.37856,-0.37138,-0.92529,0.28567,-0.85417,0.27977,-0.53546,-0.76397,0.77876,-0.33724,-0.01036,0.04342,-0.83585,-0.88229,0.90894,-0.32427,0.18225,3e-05,-0.00015,-5.10202,3.0471,0.85423,8.43484,-2.00875,0.31897,-0.07588,-1.22876,0.35952,0.14178,-0.71259,1.0382,1.34987,-0.02051
13.36,-1.39283,-0.22815,-0.98393,1.01786,0,0.08483,1.78337,-0.14278,-0.24058,-0.99613,0.09241,-0.83009,0.25222,-0.47962,-0.9073,0.75648,-0.42743,-0.00699,0.05708,-1.05409,-1.12036,1.16526,-0.2912,0.36877,5e-05,-0.00024,-5.27301,2.52226,0.15385,7.97075,-2.6119,0.05183,-2.0714,-1.09974,0.42876,0.06046,-1.09559,1.06827,1.53883,0.11299
13.38,-1.41874,-0.23683,-0.94277,1.0002,0,-0.07249,1.78226,0.11129,-0.08832,-1.0308,-0.08101,-0.78932,0.23622,-0.41314,-1.00955,0.70912,-0.49249,-0.00257,0.0669,-1.1827,-1.32625,1.32245,-0.25004,0.51391,6e-05,-0.00029,-5.2743,1.92011,-0.57925,7.16503,-3.0171,-0.32825,-4.00573,-0.90346,0.50522,-0.01671,-1.56601,1.06077,1.68729,0.24753
13.4,-1.4185,-0.23972,-0.88748,0.93945,0,-0.23981,1.73768,0.36944,0.08065,-1.02731,-0.22583,-0.73011,0.23153,-0.34127,-1.06832,0.6433,-0.53231,0.00289,0.07308,-1.2322,-1.495,1.38351,-0.20044,0.6173,6e-05,-0.00032,-5.12084,1.26645,-1.3001,6.07983,-3.19548,-0.80179,-5.71609,-0.63863,0.58593,-0.07636,-2.12392,1.01013,1.77007,0.36391
13.42,-1.39134,-0.23627,-0.82041,0.83249,0,-0.40688,1.65058,0.61653,0.26036,-0.98518,-0.33571,-0.65141,0.23745,-0.26934,-1.08286,0.56683,-0.54848,0.0093,0.07612,-1.21574,-1.62271,1.35637,-0.14284,0.68097,6e-05,-0.00032,-4.83435,0.58785,-1.967,4.79406,-3.1401,-1.33322,-7.0527,-0.30613,0.66736,-0.10474,-2.76525,0.91266,1.76013,0.43966
13.44,-1.33718,-0.22617,-0.74393,0.67812,0,-0.56248,1.52295,0.83755,0.44361,-0.90515,-0.40735,-0.55233,0.25272,-0.20223,-1.05378,0.48809,-0.54375,0.0165,0.07668,-1.14789,-1.706,1.25285,-0.07867,0.70848,5e-05,-0.00031,-4.44116,-0.08973,-2.54528,3.39693,-2.86612,-1.87439,-7.89487,0.09072,0.74578,-0.08899,-3.48083,0.76707,1.63074,0.45084
13.46,-1.25665,-0.20939,-0.66023,0.47715,0,-0.69525,1.3577,1.01871,0.62205,-0.78878,-0.44099,-0.43169,0.27551,-0.14388,-0.9828,0.41521,-0.52143,0.02431,0.07555,-1.04359,-1.74165,1.08734,-0.01017,0.70424,5e-05,-0.00028,-3.96976,-0.74217,-3.00987,1.98002,-2.40795,-2.37059,-8.16538,0.546,0.81764,-0.01853,-4.25569,0.57487,1.35837,0.37451
13.48,-1.15105,-0.18621,-0.57122,0.23236,0,-0.79457,1.15852,1.14849,0.78647,-0.63822,-0.44052,-0.28764,0.30348,-0.09685,-0.87261,0.35537,-0.48487,0.03245,0.07348,-0.91718,-1.72649,0.87567,0.0598,0.673,4e-05,-0.00024,-3.4485,-1.34822,-3.34666,0.62918,-1.81445,-2.76761,-7.84134,1.05094,0.87993,0.11328,-5.06837,0.34074,0.926,0.1917
13.5,-1.02252,-0.15725,-0.47848,-0.05141,0,-0.85158,0.92982,1.21869,0.92726,-0.45609,-0.41319,-0.11777,0.33381,-0.06205,-0.72687,0.3141,-0.4371,0.04059,0.07118,-0.78176,-1.65765,0.63406,0.12814,0.61955,3e-05,-0.00019,-2.90379,-1.89021,-3.55262,-0.58235,-1.14304,-3.01812,-6.95911,1.59379,0.93062,0.3076,-5.89062,0.07275,0.32662,-0.1096
13.52,-0.87399,-0.12345,-0.38324,-0.36723,0,-0.86004,0.67679,1.22514,1.0352,-0.24563,-0.36884,0.08014,0.36325,-0.03871,-0.55029,0.29502,-0.38065,0.04825,0.0692,-0.64872,-1.53313,0.37833,0.19181,0.54846,2e-05,-0.00014,-2.35888,-2.35446,-3.63457,-1.59862,-0.45363,-3.08581,-5.61085,2.15974,0.96892,0.55871,-6.68734,-0.21763,-0.43362,-0.53149
13.54,-0.70922,-0.08598,-0.28646,-0.70604,0,-0.81715,0.40536,1.16816,1.10251,-0.01107,-0.31859,0.30685,0.38828,-0.02471,-0.34879,0.29969,-0.3175,0.05474,0.06791,-0.52734,-1.35271,0.12325,0.24797,0.46401,1e-05,-9e-05,-1.8332,-2.73146,-3.6067,-2.38319,0.19746,-2.9468,-3.93214,2.73102,0.99546,0.85294,-7.41698,-0.51591,-1.33292,-1.06376
13.56,-0.5327,-0.0462,-0.18884,-1.05669,0,-0.72403,0.12221,1.05264,1.12407,0.24192,-0.27322,0.56012,0.40521,-0.01705,-0.12965,0.32774,-0.24915,0.05911,0.06749,-0.42465,-1.11901,-0.11796,0.29416,0.3701,1e-05,-4e-05,-1.34223,-3.01583,-3.48725,-2.91915,0.76277,-2.58913,-2.08277,3.28725,1.01218,1.16823,-8.03252,-0.80529,-2.33247,-1.68231
13.58,-0.34956,-0.00555,-0.09092,-1.40622,0,-0.58603,-0.16528,0.88784,1.09849,0.50578,-0.24157,0.83321,0.4105,-0.01243,0.09847,0.37712,-0.17683,0.06007,0.06786,-0.34527,-0.8385,-0.33397,0.32827,0.27027,0,0,-0.89768,-3.20625,-3.29504,-3.20759,1.20788,-2.01153,-0.22512,3.80605,1.02218,1.4744,-8.48326,-1.06771,-3.37636,-2.34865
13.6,-0.16546,0.03457,0.0068,-1.74023,0,-0.4125,-0.44914,0.68671,1.02873,0.77072,-0.22912,1.11418,0.40111,-0.00782,0.32557,0.44428,-0.10175,0.05592,0.06868,-0.29133,-0.52219,-0.5156,0.34856,0.16776,-0,3e-05,-0.50785,-3.30528,-3.04638,-3.26504,1.51382,-1.22336,1.49521,4.26387,1.02914,1.73448,-8.7173,-1.2852,-4.39337,-3.01085
13.62,0.01362,0.07287,0.10381,-2.04371,0,-0.21603,-0.72086,0.46475,0.92191,1.02478,-0.23734,1.38619,0.37512,-0.00076,0.54073,0.52425,-0.02534,0.04466,0.06934,-0.26251,-0.18554,-0.65602,0.35358,0.06558,-1e-05,5e-05,-0.1781,-3.31894,-2.75279,-3.12028,1.67709,-0.24626,2.96272,4.63691,1.03658,1.90713,-8.68438,-1.44142,-5.30081,-3.6065
13.64,0.1816,0.10826,0.19948,-2.30194,0,-0.011,-0.97166,0.23836,0.78817,1.25421,-0.26357,1.62918,0.33232,0.01051,0.73265,0.61051,0.05052,0.02399,0.06891,-0.25599,0.15242,-0.75077,0.34215,-0.03341,-1e-05,6e-05,0.08896,-3.25596,-2.41973,-2.81071,1.70751,0.88213,4.09794,4.90219,1.04672,1.9504,-8.33909,-1.52336,-6.01075,-4.06755
13.66,0.33261,0.13987,0.29303,-2.50182,0,0.18822,-1.19284,0.02286,0.63893,1.44432,-0.30173,1.82253,0.27489,0.02713,0.89064,0.69487,0.12331,-0.00846,0.06614,-0.26652,0.47071,-0.79788,0.31327,-0.12641,-1e-05,7e-05,0.29327,-3.12691,-2.04642,-2.37861,1.62426,2.1041,4.85663,5.03877,1.05938,1.82635,-7.64444,-1.52316,-6.43835,-4.32708
13.68,0.46137,0.16711,0.38352,-2.63319,0,0.36924,-1.37624,-0.16939,0.48486,1.58065,-0.34327,1.94829,0.20793,0.04981,1.00557,0.76723,0.18971,-0.05485,0.05947,-0.28658,0.74847,-0.79793,0.26614,-0.21076,-1e-05,6e-05,0.43736,-2.94349,-1.62691,-1.86775,1.45138,3.33916,5.22502,5.02933,1.07101,1.50611,-6.57607,-1.43969,-6.51148,-4.32705
13.7,0.56349,0.18965,0.46994,-2.69003,0,0.52309,-1.5148,-0.33031,0.33424,1.65019,-0.37846,1.99397,0.13957,0.079,1.07077,0.81565,0.24547,-0.11682,0.04708,-0.30664,0.96686,-0.75408,0.20017,-0.28399,-1e-05,5e-05,0.52617,-2.71786,-1.15231,-1.32042,1.2136,4.48575,5.21346,4.86191,1.07446,0.9744,-5.12663,-1.27987,-6.18035,-4.02604
13.72,0.63577,0.20744,0.55123,-2.67111,0,0.64498,-1.60301,-0.45665,0.19205,1.64255,-0.39755,1.95441,0.08067,0.11493,1.08259,0.82659,0.28525,-0.19496,0.02701,-0.31561,1.1107,-0.67201,0.11504,-0.344,-0,4e-05,0.56673,-2.46236,-0.61398,-0.77509,0.93347,5.42912,4.85075,4.53154,1.05945,0.23285,-3.30978,-1.05911,-5.4256,-3.4058
13.74,0.67629,0.22058,0.62641,-2.58002,0,0.7341,-1.63739,-0.54942,0.06001,1.5509,-0.39174,1.83221,0.04381,0.15753,1.04062,0.78549,0.30252,-0.28835,-0.00263,-0.30155,1.16941,-0.55969,0.01078,-0.38929,-0,2e-05,0.56754,-2.18927,-0.00736,-0.2645,0.62997,6.05597,4.18003,4.04153,1.01401,-0.69856,-1.16305,-0.80072,-4.26396,-2.47572
13.76,0.68455,0.22929,0.69467,-2.42463,0,0.79277,-1.61681,-0.61268,-0.06264,1.37263,-0.35403,1.63694,0.04186,0.20619,0.94753,0.67775,0.28954,-0.39395,-0.04344,-0.25254,1.1375,-0.42695,-0.11212,-0.41925,-0,1e-05,0.53777,-1.91063,0.6641,0.18573,0.31852,6.27366,3.25654,3.40428,0.92662,-1.78175,1.25078,-0.5343,-2.75073,-1.27493
13.78,0.66145,0.2338,0.75554,-2.21625,0,0.82513,-1.54277,-0.65184,-0.17787,1.10988,-0.27989,1.38358,0.0863,0.25952,0.80879,0.48983,0.23746,-0.50602,-0.09639,-0.1577,1.01465,-0.28502,-0.25261,-0.43436,-0,1e-05,0.48641,-1.63828,1.3859,0.55797,0.01187,6.02975,2.14637,2.64165,0.78851,-2.96231,3.84403,-0.29317,-0.97896,0.12822
13.8,0.60922,0.23433,0.80898,-1.96862,0,0.83585,-1.41953,-0.67212,-0.28754,0.76966,-0.16768,1.09053,0.18568,0.31511,0.63239,0.21053,0.13666,-0.61562,-0.16142,-0.00828,0.80564,-0.14581,-0.40893,-0.43625,-0,1e-05,0.42158,-1.38374,2.13106,0.84275,-0.27873,5.32615,0.92517,1.78456,0.59566,-4.17229,6.50665,-0.11103,0.92545,1.63969
13.82,0.53128,0.23105,0.85539,-1.69683,0,0.82918,-1.25393,-0.67743,-0.39243,0.36365,-0.01904,0.77774,0.34444,0.36951,0.4286,-0.16787,-0.0227,-0.7102,-0.23707,0.20138,0.52004,-0.02118,-0.57845,-0.42745,-0,1e-05,0.35014,-1.15798,2.86125,1.03818,-0.54281,4.22318,-0.32471,0.87138,0.34993,-5.33397,9.11148,-0.0179,2.81339,3.14672
13.84,0.43199,0.22408,0.89556,-1.41615,0,0.80845,-1.05488,-0.66987,-0.49174,-0.09254,0.16101,0.46488,0.56228,0.4184,0.20972,-0.64863,-0.24979,-0.77354,-0.32007,0.47301,0.17172,0.07798,-0.75752,-0.41095,-0,1e-05,0.2775,-0.97086,3.5306,1.14865,-0.7705,2.83131,-1.51932,-0.05487,0.05895,-6.3644,11.52252,-0.03575,4.527,4.52829
13.86,0.31623,0.21356,0.9305,-1.14084,0,0.77601,-0.8326,-0.64993,-0.58319,-0.58044,0.36418,0.16981,0.83404,0.45688,-0.01001,-1.22971,-0.55204,-0.78593,-0.40509,0.80384,-0.22167,0.14274,-0.94142,-0.38955,-0,2e-05,0.20786,-0.83041,4.09187,1.18297,-0.95314,1.29283,-2.58003,-0.95048,-0.26489,-7.1809,13.60583,-0.17415,5.91762,5.66829
13.88,0.18912,0.19968,0.96125,-0.88312,0,0.73356,-0.59779,-0.61702,-0.66343,-1.08004,0.5792,-0.0926,1.1499,0.47995,-0.2147,-1.90298,-0.93382,-0.72503,-0.48447,1.18624,-0.6394,0.16688,-1.12427,-0.36523,-0,2e-05,0.14446,-0.74199,4.50347,1.15244,-1.08434,-0.2417,-3.44128,-1.77528,-0.6063,-7.70715,15.24161,-0.427,6.86446,6.46919
13.9,0.05571,0.18279,0.98879,-0.65233,0,0.68265,-0.36088,-0.57035,-0.72874,-1.57098,0.79239,-0.31124,1.49582,0.48308,-0.38711,-2.65341,-1.39506,-0.56724,-0.54832,1.60774,-1.05835,0.14753,-1.29917,-0.33889,-0,2e-05,0.09002,-0.70769,4.73575,1.06904,-1.16094,-1.63601,-4.05706,-2.49638,-0.94903,-7.87932,16.33521,-0.77106,7.2902,6.86397
13.92,-0.07924,0.16338,1.0138,-0.45441,0,0.6251,-0.13147,-0.50969,-0.77568,-2.03349,0.98856,-0.4791,1.85407,0.46256,-0.50922,-3.45825,-1.92987,-0.28987,-0.58483,2.05144,-1.45376,0.08519,-1.45828,-0.31041,-0,2e-05,0.04696,-0.72603,4.77508,0.94408,-1.18376,-2.78504,-4.40487,-3.09061,-1.27779,-7.65168,16.82504,-1.16742,7.17051,6.82374
13.94,-0.21131,0.14216,1.0366,-0.29158,0,0.56331,0.08197,-0.43601,-0.80166,-2.44914,1.15218,-0.59324,2.20371,0.41596,-0.5632,-4.28644,-2.52531,0.12588,-0.581,2.49682,-1.80027,-0.0167,-1.59307,-0.27927,-0,1e-05,0.01763,-0.79204,4.62483,0.78733,-1.15763,-3.6237,-4.48632,-3.54549,-1.57971,-7.00114,16.68614,-1.56595,6.53571,6.36008
13.96,-0.33646,0.11998,1.05702,-0.16238,0,0.50036,0.27227,-0.35181,-0.80534,-2.80131,1.26903,-0.65447,2.52143,0.34236,-0.53267,-5.09844,-3.16039,0.69129,-0.52379,2.92107,-2.07313,-0.1526,-1.69471,-0.24548,0,-0,0.00422,-0.89776,4.30366,0.6067,-1.09095,-4.12769,-4.32466,-3.85893,-1.84547,-5.93076,15.93027,-1.91231,5.46535,5.52238
13.98,-0.45103,0.09779,1.07437,-0.06195,0,0.43989,0.43362,-0.26124,-0.7869,-3.07566,1.3279,-0.66674,2.78253,0.24264,-0.40447,-5.84723,-3.80532,1.40587,-0.40186,3.3007,-2.24972,-0.31583,-1.75459,-0.21048,0,-1e-05,0.00864,-1.03296,3.84203,0.40834,-0.99481,-4.30871,-3.96033,-4.03802,-2.06992,-4.47213,14.60375,-2.15594,4.07756,4.39147
14,-0.55171,0.0766,1.08756,0.01737,0,0.38587,0.56153,-0.1699,-0.74809,-3.26055,1.32248,-0.63656,2.96238,0.11971,-0.17065,-6.48049,-4.42113,2.25296,-0.20765,3.61314,-2.31131,-0.49943,-1.76491,-0.17791,0,-3e-05,0.03227,-1.18603,3.27768,0.19713,-0.88198,-4.20624,-3.4455,-4.09731,-2.25221,-2.6862,12.78393,-2.25747,2.51512,3.07068
14.02,-0.63553,0.0574,1.09512,0.0851,0,0.34222,0.6528,-0.08447,-0.69203,-3.34737,1.25295,-0.57214,3.03815,-0.02124,0.16937,-6.94428,-4.9598,3.19577,0.06006,3.83831,-2.24481,-0.69667,-1.71934,-0.15362,0,-4e-05,0.07564,-1.34481,2.65098,-0.02263,-0.76581,-3.87798,-2.83809,-4.05676,-2.39527,-0.66168,10.5741,-2.19401,0.9299,1.6752
14.04,-0.69986,0.04111,1.09543,0.15135,0,0.31227,0.7055,-0.01198,-0.62289,-3.33074,1.12722,-0.48256,2.99096,-0.17258,0.60685,-7.18814,-5.36506,4.1746,0.39367,3.95971,-2.04443,-0.90119,-1.61361,-0.14511,0,-5e-05,0.13821,-1.49747,2.00037,-0.24645,-0.65911,-3.39023,-2.19577,-3.93944,-2.50472,1.4896,8.09689,-1.96153,-0.53352,0.32013
14.06,-0.74249,0.02851,1.08679,0.22535,0,0.29821,0.71902,0.041,-0.54527,-3.20879,0.96083,-0.37681,2.80813,-0.32438,1.12223,-7.1711,-5.57469,5.10626,0.77475,3.96538,-1.71315,-1.10663,-1.44607,-0.16023,0,-6e-05,0.21814,-1.63313,1.35831,-0.46908,-0.57318,-2.80934,-1.57052,-3.7693,-2.5874,3.64019,5.4864,-1.57445,-1.75338,-0.89147
14.08,-0.76174,0.02017,1.06769,0.31398,0,0.30063,0.69416,0.06935,-0.46369,-2.98339,0.7736,-0.263,2.48538,-0.46479,1.68457,-6.86763,-5.52463,5.88702,1.17323,3.84863,-1.26372,-1.30629,-1.21829,-0.20563,1e-05,-7e-05,0.31237,-1.74257,0.74826,-0.68411,-0.51689,-2.19485,-1.00414,-3.56919,-2.64982,5.65667,2.88005,-1.06309,-2.64376,-1.87913
14.1,-0.75661,0.01641,1.03698,0.42049,0,0.31816,0.63321,0.07007,-0.38206,-2.66047,0.58386,-0.14769,2.02852,-0.58108,2.25255,-6.27211,-5.15545,6.40014,1.54862,3.60865,-0.71903,-1.49253,-0.9355,-0.28519,1e-05,-7e-05,0.41673,-1.81869,0.18311,-0.88411,-0.49611,-1.59489,-0.52533,-3.35935,-2.69685,7.41025,0.41053,-0.46981,-3.16261,-2.59221
14.12,-0.7269,0.01728,0.99407,0.54368,0,0.34748,0.53999,0.04284,-0.30345,-2.25009,0.40457,-0.03547,1.45395,-0.66119,2.77732,-5.40028,-4.42109,6.5288,1.85399,3.25057,-0.1112,-1.6564,-0.6069,-0.39871,1e-05,-8e-05,0.52659,-1.85675,-0.33485,-1.06123,-0.51339,-1.04385,-0.14877,-3.15627,-2.7308,8.78765,-1.80173,0.15582,-3.31319,-3.01248
14.14,-0.67323,0.02251,0.93895,0.67756,0,0.38355,0.41967,-0.00986,-0.22994,-1.76612,0.24303,0.07119,0.78782,-0.69587,3.20747,-4.28702,-3.29907,6.17374,2.0426,2.78507,0.52057,-1.78748,-0.24564,-0.54129,1e-05,-8e-05,0.63754,-1.85438,-0.81228,-1.2084,-0.56789,-0.56239,0.12395,-2.97194,-2.75102,9.70131,-3.65591,0.76232,-3.13844,-3.15157
14.16,-0.59704,0.03152,0.8722,0.81162,0,0.42017,0.27859,-0.0829,-0.16273,-1.22559,0.1024,0.17182,0.06385,-0.68107,3.4955,-2.98129,-1.80102,5.27352,2.07625,2.22755,1.13338,-1.87399,0.13162,-0.70321,1e-05,-7e-05,0.74645,-1.81131,-1.26201,-1.32079,-0.65561,-0.15899,0.30179,-2.81344,-2.75391,10.09865,-5.07753,1.30163,-2.70974,-3.04444
14.18,-0.50056,0.04346,0.795,0.93169,0,0.45069,0.12385,-0.16901,-0.10232,-0.64789,-0.01675,0.26762,-0.67958,-0.61993,3.60475,-1.5397,0.01915,3.82304,1.93357,1.59702,1.68458,-1.90325,0.50549,-0.87053,1e-05,-7e-05,0.85232,-1.72907,-1.69972,-1.39737,-0.76983,0.16728,0.40088,-2.68299,-2.7335,9.96895,-6.02399,1.73399,-2.11306,-2.74074
14.2,-0.38671,0.05723,0.70899,1.0212,0,0.46876,-0.03708,-0.25943,-0.04873,-0.05373,-0.11494,0.36095,-1.40262,-0.52379,3.51527,-0.0206,2.06205,1.88534,1.61594,0.91502,2.13563,-1.8626,0.85503,-1.02624,0,-6e-05,0.95689,-1.61056,-2.14064,-1.44185,-0.90156,0.42364,0.44085,-2.57837,-2.68246,9.34643,-6.48762,2.03156,-1.43552,-2.29615
14.22,-0.25901,0.07158,0.61624,1.06295,0,0.4689,-0.19682,-0.34469,-0.00171,0.53592,-0.19266,0.45459,-2.067,-0.41147,3.22733,1.52011,4.18758,-0.40833,1.14907,0.20435,2.45545,-1.74036,1.1593,-1.15203,0,-4e-05,1.06461,-1.45958,-2.59694,-1.46274,-1.04017,0.62054,0.44154,-2.49378,-2.59317,8.30734,-6.49507,2.18034,-0.75475,-1.76518
14.24,-0.12132,0.08518,0.51907,1.0411,0,0.44702,-0.34859,-0.41554,0.03914,1.10107,-0.24948,0.55093,-2.63883,-0.30669,2.76175,3.03118,6.2284,-2.87189,0.57936,-0.51218,2.62269,-1.52718,1.39923,-1.23041,0,-2e-05,1.18193,-1.28022,-3.07592,-1.47228,-1.17391,0.76915,0.42026,-2.42088,-2.45893,6.96076,-6.1026,2.18019,-0.13224,-1.19627
14.26,0.02235,0.09678,0.41983,0.94337,0,0.40072,-0.48671,-0.4639,0.07435,1.62404,-0.2842,0.65117,-3.09095,-0.23409,2.15731,4.46632,8.01049,-5.28902,-0.03391,-1.21308,2.62723,-1.21734,1.55981,-1.24712,-0,0,1.31604,-1.07622,-3.57913,-1.48435,-1.29061,0.87937,0.38998,-2.35006,-2.27508,5.43438,-5.38832,2.04318,0.38936,-0.62919
14.28,0.16816,0.1053,0.32074,0.76309,0,0.3294,-0.60707,-0.48372,0.10454,2.09064,-0.29659,0.75463,-3.40488,-0.21476,1.46616,5.78362,9.37678,-7.44342,-0.62859,-1.87933,2.47074,-0.81026,1.63208,-1.1933,-0,3e-05,1.4733,-0.85048,-4.10236,-1.51195,-1.37823,0.95868,0.35842,-2.27178,-2.04,3.85845,-4.44292,1.79105,0.78598,-0.09433
14.3,0.31259,0.10995,0.22368,0.50072,0,0.23434,-0.70725,-0.47166,0.13049,2.49087,-0.28933,0.85843,-3.57197,-0.26229,0.748,6.94481,10.20836,-9.14774,-1.14921,-2.49494,2.16655,-0.31175,1.61456,-1.06692,-0,5e-05,1.65767,-0.60471,-4.63592,-1.56464,-1.42553,1.0116,0.3281,-2.17768,-1.75583,2.35116,-3.36067,1.45218,1.04975,0.38664
14.32,0.4526,0.11026,0.13013,0.16452,0,0.11856,-0.78652,-0.42747,0.15314,2.81897,-0.26819,0.95757,-3.59366,-0.38041,0.06372,7.91496,10.43901,-10.26542,-1.55404,-3.04687,1.73841,0.26498,1.51382,-0.87313,-1e-05,7e-05,1.8694,-0.33939,-5.16516,-1.64647,-1.42249,1.03983,0.29741,-2.06146,-1.42866,1.00779,-2.23182,1.05855,1.18571,0.79945
14.34,0.58561,0.10608,0.04101,-0.22988,0,-0.01336,-0.8454,-0.35391,0.17348,3.07271,-0.24067,1.0455,-3.48051,-0.56258,-0.53104,8.66313,10.06051,-10.72254,-1.81862,-3.52433,1.21835,0.89902,1.34371,-0.62322,-1e-05,9e-05,2.10411,-0.05395,-5.671,-1.75447,-1.36077,1.04295,0.26242,-1.91915,-1.0681,-0.10518,-1.13664,0.64281,1.20811,1.13568
14.36,0.70948,0.09756,-0.04328,-0.66081,0,-0.15568,-0.885,-0.25642,0.19249,3.25221,-0.21422,1.11506,-3.25052,-0.79329,-0.99186,9.16414,9.11953,-10.50977,-1.9359,-3.91766,0.64375,1.5622,1.12368,-0.33255,-1e-05,0.0001,2.35243,0.25281,-6.13052,-1.87817,-1.23407,1.01942,0.21931,-1.74909,-0.68632,-0.95147,-0.1415,0.23564,1.13689,1.39136
14.38,0.82244,0.08504,-0.12296,-1.10261,0,-0.30186,-0.90637,-0.14246,0.21098,3.35867,-0.19496,1.1595,-2.92706,-1.05062,-1.29061,9.40114,7.70872,-9.67691,-1.91389,-4.21743,0.05423,2.22025,0.87656,-0.01817,-1e-05,0.0001,2.60017,0.58215,-6.51798,-1.99987,-1.03863,0.96788,0.16673,-1.55163,-0.29686,-1.52282,0.70344,-0.13639,0.99471,1.56583
14.4,0.92306,0.06897,-0.19872,-1.52774,0,-0.44493,-0.90993,-0.0208,0.22942,3.39333,-0.18694,1.17348,-2.53678,-1.30923,-1.41844,9.36817,5.95428,-8.32219,-1.7721,-4.41406,-0.51128,2.83483,0.62613,0.30334,-1e-05,0.0001,2.82913,0.93472,-6.80617,-2.09587,-0.77391,0.88826,0.10768,-1.32884,0.08656,-1.83465,1.36494,-0.45238,0.80458,1.66103
14.42,1.01013,0.0499,-0.27167,-1.90895,0,-0.57791,-0.89516,0.09929,0.24772,3.35696,-0.19192,1.15354,-2.10761,-1.54303,-1.38641,9.07167,4.00198,-6.57787,-1.53735,-4.49815,-1.0169,3.36628,0.39497,0.61718,-1e-05,8e-05,3.01826,1.30986,-6.9681,-2.13852,-0.44331,0.78259,0.05021,-1.08424,0.45095,-1.92042,1.82614,-0.69784,0.58813,1.68104
14.44,1.08271,0.02839,-0.34313,-2.2211,0,-0.69413,-0.86065,0.20884,0.26506,3.24979,-0.20983,1.09813,-1.66699,-1.72751,-1.2232,8.53053,2.00258,-4.5936,-1.23978,-4.46162,-1.43155,3.77716,0.20265,0.91063,-0,6e-05,3.14539,1.70488,-6.97888,-2.09909,-0.05507,0.65529,0.00691,-0.82253,0.78483,-1.82558,2.08485,-0.86491,0.36451,1.63187
14.46,1.14001,0.00502,-0.41445,-2.44283,0,-0.78755,-0.80432,0.30001,0.27977,3.07205,-0.23953,1.00722,-1.2402,-1.84134,-0.97057,7.77456,0.09782,-2.5193,-0.90934,-4.29956,-1.73018,4.0362,0.06434,1.17253,-0,4e-05,3.18927,2.11459,-6.81801,-1.95105,0.37712,0.513,-0.007,-0.54932,1.07861,-1.60158,2.15121,-0.95192,0.14971,1.52139
14.48,1.18156,-0.0196,-0.48677,-2.55791,0,-0.85321,-0.72399,0.36682,0.28932,2.82491,-0.27978,0.8817,-0.84908,-1.86766,-0.67745,6.84237,-1.59166,-0.49007,-0.57307,-4.01234,-1.89463,4.12223,-0.0101,1.39246,-0,1e-05,3.13172,2.531,-6.47177,-1.67365,0.83365,0.36391,0.02338,-0.27095,1.32503,-1.30066,2.04505,-0.96266,-0.0437,1.3594
14.5,1.20721,-0.04485,-0.56086,-2.55633,0,-0.88759,-0.61804,0.40582,0.29046,2.51162,-0.33008,0.72292,-0.51091,-1.79493,-0.39369,5.77881,-2.97518,1.38457,-0.25326,-3.60756,-1.91432,4.02719,-0.01649,1.56008,0,-2e-05,2.95978,2.9433,-5.93561,-1.25506,1.28912,0.21683,0.10909,0.00586,1.51937,-0.97145,1.79307,-0.90546,-0.20662,1.15754
14.52,1.21723,-0.07004,-0.63692,-2.43484,0,-0.88901,-0.48598,0.41647,0.27959,2.13846,-0.391,0.53249,-0.23769,-1.61752,-0.16421,4.63199,-3.99673,3.02559,0.03331,-3.10101,-1.78657,3.75733,0.04381,1.66506,0,-4e-05,2.66717,3.33809,-5.21569,-0.69454,1.71324,0.07994,0.25345,0.2744,1.65968,-0.65572,1.42593,-0.79206,-0.33324,0.92897
14.54,1.2123,-0.09438,-0.71449,-2.197,0,-0.858,-0.32897,0.4013,0.25335,1.71522,-0.46405,0.31235,-0.03567,-1.33604,-0.0242,3.45013,-4.63533,4.38342,0.27543,-2.51628,-1.51674,3.33237,0.16461,1.69781,1e-05,-7e-05,2.25515,3.69992,-4.3294,-0.00339,2.07264,-0.04049,0.44869,0.52855,1.74688,-0.38618,0.97523,-0.63644,-0.42076,0.68763
14.56,1.19349,-0.11699,-0.79234,-1.85283,0,-0.79747,-0.15012,0.36585,0.20928,1.25531,-0.55112,0.06516,0.09484,-0.95736,0.00449,2.27824,-4.90178,5.43243,0.46676,-1.88323,-1.11809,2.78289,0.33597,1.6509,1e-05,-9e-05,1.73253,4.01216,-3.30459,0.79539,2.33366,-0.14142,0.67357,0.7635,1.78488,-0.18519,0.47064,-0.45356,-0.46908,0.44718
14.58,1.16225,-0.13688,-0.86855,-1.41812,0,-0.7129,0.04535,0.31821,0.14654,0.77544,-0.65356,-0.20511,0.15925,-0.49453,-0.08468,1.15539,-4.8331,6.16355,0.60494,-1.23572,-0.61155,2.14668,0.54545,1.52083,1e-05,-0.00011,1.11526,4.25816,-2.17801,1.66859,2.4657,-0.22399,0.89312,0.97656,1.78056,-0.06427,-0.06271,-0.25824,-0.48049,0.2198
14.6,1.12038,-0.15302,-0.94057,-0.91374,0,-0.6121,0.25015,0.26839,0.0664,0.29506,-0.77136,-0.49263,0.16796,0.03358,-0.28273,0.11298,-4.48551,6.57744,0.69051,-0.6091,-0.02513,1.46499,0.77942,1.30968,1e-05,-0.00012,0.42554,4.4226,-0.99293,2.57505,2.44487,-0.29373,1.0614,1.1677,1.74364,-0.0244,-0.606,-0.06425,-0.45934,0.0151
14.62,1.07002,-0.16438,-1.00537,-0.36469,0,-0.50471,0.45517,0.22728,-0.02753,-0.16452,-0.90241,-0.78931,0.13483,0.60305,-0.56709,-0.82564,-3.9268,6.68032,0.72607,-0.03788,0.60712,0.77913,1.02419,1.026,1e-05,-0.00012,-0.30939,4.49267,0.20403,3.46868,2.25733,-0.35991,1.12804,1.33979,1.68611,-0.05716,-1.14765,0.11636,-0.41173,-0.16071
14.64,1.01356,-0.17006,-1.05967,0.20108,0,-0.40126,0.64999,0.20533,-0.12955,-0.58128,-1.04214,-1.0847,0.07517,1.18618,-0.90553,-1.64435,-3.22829,6.48304,0.71568,0.44644,1.24676,0.12758,1.26688,0.68466,1e-05,-0.00011,-1.05908,4.45904,1.36696,4.30208,1.90194,-0.43382,1.04829,1.49841,1.62131,-0.14645,-1.68321,0.27371,-0.34507,-0.30522
14.66,0.95354,-0.16938,-1.10015,0.75415,0,-0.3119,0.8236,0.21106,-0.23242,-0.93404,-1.18352,-1.36626,0.00322,1.75328,-1.26149,-2.33269,-2.45747,6.00326,0.66451,0.81732,1.85332,-0.45621,1.49615,0.3058,1e-05,-0.0001,-1.79186,4.31665,2.45494,5.03054,1.39196,-0.52632,0.79481,1.65131,1.56261,-0.27092,-2.21444,0.40029,-0.26763,-0.41994
14.68,0.89249,-0.16206,-1.12379,1.26512,0,-0.24514,0.96528,0.24965,-0.32812,-1.20404,-1.31742,-1.62001,-0.07004,2.27464,-1.59974,-2.88396,-1.67199,5.26916,0.57867,1.05477,2.38697,-0.94534,1.70257,-0.08697,1e-05,-9e-05,-2.47705,4.06533,3.43584,5.61595,0.75561,-0.64531,0.36858,1.80751,1.52209,-0.40658,-2.74775,0.4911,-0.18808,-0.51008
14.7,0.83286,-0.14828,-1.12812,1.70622,0,-0.20671,1.06547,0.32198,-0.40872,-1.37657,-1.4333,-1.83143,-0.13842,2.72259,-1.89114,-3.29386,-0.91611,4.32264,0.46525,1.14669,2.81128,-1.32038,1.87872,-0.46864,0,-6e-05,-3.08679,3.71036,4.28856,6.03,0.03496,-0.7935,-0.19486,1.97643,1.50938,-0.52956,-3.29219,0.54369,-0.11507,-0.58408
14.72,0.77691,-0.12877,-1.11147,2.0527,0,-0.19896,1.1166,0.42428,-0.46706,-1.44221,-1.5202,-1.98652,-0.20076,3.07324,-2.11552,-3.55966,-0.22,3.21993,0.33218,1.08963,3.09575,-1.56956,2.0189,-0.81502,0,-3e-05,-3.59736,3.26256,5.00272,6.25578,-0.71716,-0.96722,-0.82647,2.16669,1.53086,-0.61865,-3.85708,0.55807,-0.05679,-0.65289
14.74,0.72649,-0.10476,-1.07309,2.28413,0,-0.2208,1.11368,0.5486,-0.49732,-1.39781,-1.56776,-2.07298,-0.2597,3.3078,-2.26224,-3.68048,0.39811,2.02846,0.18801,0.88913,3.2179,-1.68847,2.11855,-1.10471,0,-1e-05,-3.9898,2.73779,5.57589,6.28773,-1.4424,-1.15634,-1.43326,2.38499,1.58924,-0.65766,-4.44948,0.53662,-0.02057,-0.72907
14.76,0.68293,-0.07792,-1.01319,2.38559,0,-0.26807,1.05482,0.68394,-0.49539,-1.24703,-1.56744,-2.08143,-0.31951,3.41359,-2.32887,-3.65828,0.92786,0.82058,0.0415,0.55954,3.165,-1.67937,2.17343,-1.32098,-0,2e-05,-4.25021,2.15602,6.00917,6.13024,-2.08359,-1.34522,-1.91441,2.63496,1.68352,-0.6373,-5.07157,0.48392,-0.01256,-0.82557
14.78,0.64686,-0.05019,-0.93291,2.34875,0,-0.33432,0.9415,0.81775,-0.45915,-1.00062,-1.51368,-2.00661,-0.38342,3.38486,-2.31877,-3.49937,1.36191,-0.33437,-0.09883,0.1235,2.9353,-1.55042,2.17909,-1.45306,-0,5e-05,-4.3699,1.54013,6.30273,5.79572,-2.59166,-1.51427,-2.18005,2.91613,1.80929,-0.5567,-5.71843,0.40653,-0.03735,-0.95463
14.8,0.61811,-0.02368,-0.83432,2.17273,0,-0.41176,0.77878,0.93759,-0.38857,-0.6762,-1.40467,-1.84827,-0.45127,3.22316,-2.23856,-3.21581,1.69203,-1.3774,-0.22525,-0.38897,2.53863,-1.31494,2.13064,-1.49682,-1e-05,8e-05,-4.3455,0.91461,6.45279,5.30263,-2.93127,-1.64152,-2.16788,3.22322,1.95919,-0.4242,-6.37622,0.31275,-0.0977,-1.12644
14.82,0.59567,-0.00043,-0.72036,1.86442,0,-0.49218,0.57513,1.03256,-0.28583,-0.29768,-1.24284,-1.61165,-0.5182,2.93725,-2.09602,-2.82593,1.90704,-2.26513,-0.33118,-0.9419,1.99597,-0.99054,2.02313,-1.45441,-1e-05,9e-05,-4.17917,0.30414,6.45123,4.67379,-3.08381,-1.70382,-1.85349,3.54556,2.12339,-0.25723,-7.02092,0.21217,-0.19431,-1.34795
14.84,0.57774,0.01775,-0.59463,1.43824,0,-0.56781,0.34196,1.09432,-0.15519,0.10609,-1.0345,-1.30722,-0.57465,2.54239,-1.89908,-2.35369,1.99336,-2.97196,-0.41156,-1.49541,1.33796,-0.59836,1.85235,-1.33301,-1e-05,0.00011,-3.87867,-0.26795,6.28807,3.93501,-3.0474,-1.67771,-1.25238,3.86703,2.29002,-0.08115,-7.61784,0.11515,-0.32571,-1.62172
14.86,0.56181,0.02941,-0.46125,0.91525,0,-0.632,0.09293,1.11777,-0.00289,0.5031,-0.78915,-0.94987,-0.60756,2.05914,-1.65555,-1.82696,1.93778,-3.48952,-0.46306,-2.00817,0.60237,-0.16214,1.61607,-1.14286,-1e-05,0.00011,-3.4574,-0.78124,5.95635,3.11408,-2.83422,-1.5402,-0.4146,4.16627,2.44563,0.07287,-8.12218,0.03202,-0.48825,-1.94492
14.88,0.5448,0.03367,-0.32458,0.32205,0,-0.67972,-0.15698,1.10124,0.16313,0.86037,-0.51845,-0.55784,-0.60241,1.51195,-1.37387,-1.27524,1.73169,-3.82398,-0.4842,-2.44018,-0.16878,0.29267,1.31546,-0.89533,-1e-05,0.00011,-2.93436,-1.21974,5.45798,2.24003,-2.46676,-1.27023,0.58542,4.41761,2.57561,0.17065,-8.4808,-0.02776,-0.67607,-2.30863
14.9,0.52336,0.03034,-0.18911,-0.31065,0,-0.70772,-0.39241,1.04641,0.33353,1.14614,-0.23518,-0.15143,-0.54562,0.92787,-1.06401,-0.7274,1.37534,-3.99199,-0.47537,-2.75538,-0.93213,0.73986,0.9562,-0.60142,-1e-05,0.0001,-2.33386,-1.57301,4.80881,1.3427,-1.97391,-0.85129,1.66051,4.59243,2.66476,0.1782,-8.63548,-0.05656,-0.88119,-2.69744
14.92,0.49409,0.01995,-0.05924,-0.94966,0,-0.71441,-0.59854,0.95761,0.49798,1.33204,0.04766,0.24825,-0.42672,0.33523,-0.73852,-0.20968,0.88112,-4.01587,-0.43872,-2.92378,-1.6455,1.15346,0.54896,-0.27123,-1e-05,9e-05,-1.68458,-1.83673,4.04082,0.45204,-1.38808,-0.27574,2.72132,4.66105,2.69777,0.06519,-8.52722,-0.0495,-1.09361,-3.08966
14.94,0.4539,0.00377,0.06083,-1.56109,0,-0.69937,-0.76196,0.84082,0.64576,1.39499,0.31759,0.62061,-0.24007,-0.23758,-0.41301,0.25584,0.27482,-3.91859,-0.37782,-2.92306,-2.26998,1.50886,0.10897,0.08557,-1e-05,8e-05,-1.01786,-2.01257,3.20071,-0.40297,-0.74351,0.44976,3.68452,4.59499,2.65975,-0.1917,-8.10167,-0.00524,-1.30141,-3.45797
14.96,0.40028,-0.01627,0.16728,-2.11239,0,-0.66269,-0.87149,0.70244,0.76638,1.31904,0.56322,0.94679,0.01397,-0.76339,-0.10612,0.65218,-0.40526,-3.71929,-0.29727,-2.73971,-2.77174,1.78407,-0.34512,0.45862,-0,6e-05,-0.36529,-2.10761,2.34505,-1.19579,-0.07571,1.29867,4.47829,4.36959,2.53704,-0.60549,-7.3154,0.07338,-1.49101,-3.77078
14.98,0.33162,-0.03771,0.25683,-2.5745,0,-0.60436,-0.91903,0.54806,0.85048,1.09692,0.77467,1.21087,0.32836,-1.21747,0.16121,0.96806,-1.11108,-3.43016,-0.20221,-2.36992,-3.12346,1.96101,-0.79289,0.83542,-0,4e-05,0.24384,-2.13332,1.53356,-1.90389,0.57877,2.22077,5.04585,3.96691,2.3181,-1.17616,-6.14262,0.17909,-1.64756,-3.99417
15,0.24751,-0.05781,0.32687,-2.92365,0,-0.52389,-0.90021,0.38171,0.89057,0.73144,0.94381,1.40088,0.68935,-1.57868,0.36722,1.19797,-1.78945,-3.05542,-0.09792,-1.82036,-3.30542,2.02659,-1.21378,1.20037,-0,3e-05,0.78477,-2.10435,0.82194,-2.51001,1.18278,3.14231,5.34751,3.37848,1.99499,-1.88868,-4.58159,0.30045,-1.75545,-4.09434
15.02,0.14882,-0.07379,0.37564,-3.14277,0,-0.42034,-0.81488,0.20558,0.88187,0.23627,1.06443,1.5094,1.0768,-1.83051,0.49137,1.34177,-2.38791,-2.59265,0.01063,-1.10861,-3.30612,1.97337,-1.58847,1.53474,-0,1e-05,1.23881,-2.03708,0.25578,-3.0028,1.70018,3.97176,5.36183,2.6075,1.56485,-2.71225,-2.6593,0.42278,-1.79889,-4.04028
15.04,0.0378,-0.08315,0.40231,-3.22232,0,-0.29284,-0.66728,0.02046,0.82288,-0.36397,1.13234,1.53392,1.46528,-1.96192,0.5171,1.40395,-2.86164,-2.03645,0.11908,-0.26316,-3.12251,1.79965,-1.89984,1.81785,0,-0,1.59399,-1.94804,-0.13404,-3.37659,2.09866,4.61179,5.08603,1.66999,1.0315,-3.60118,-0.43363,0.52987,-1.76273,-3.8065
15.06,-0.0821,-0.08403,0.40714,-3.16056,0,-0.14131,-0.46596,-0.17343,0.71582,-1.03442,1.14539,1.47683,1.82567,-1.96813,0.43479,1.39257,-3.18045,-1.3837,0.22387,0.67726,-2.75977,1.50925,-2.13365,2.02923,0,-1e-05,1.84491,-1.85223,-0.33402,-3.63072,2.35364,4.97537,4.53604,0.59484,0.40687,-4.49724,2.00751,0.60608,-1.63354,-3.37594
15.08,-0.20643,-0.07551,0.39152,-2.96342,0,0.0326,-0.22339,-0.3753,0.56679,-1.73163,1.10358,1.34517,2.12734,-1.85129,0.24444,1.31814,-3.33452,-0.63899,0.32242,1.66499,-2.23114,1.11102,-2.27915,2.15146,0,-1e-05,1.99218,-1.76181,-0.34892,-3.76847,2.45223,5.00272,3.74602,-0.57717,-0.28818,-5.33345,4.54993,0.63865,-1.40111,-2.74283
15.1,-0.33006,-0.05775,0.35798,-2.64396,0,0.2248,0.04471,-0.58283,0.38561,-2.40605,1.00919,1.1502,2.34076,-1.62085,-0.04268,1.19251,-3.33731,0.18108,0.41303,2.64561,-1.55771,0.61845,-2.3296,2.17265,0,-1e-05,2.0414,-1.68513,-0.20089,-3.79601,2.396,4.67433,2.76693,-1.79537,-1.02385,-6.0389,7.0599,0.61954,-1.06031,-1.9153
15.12,-0.44758,-0.03203,0.31006,-2.22128,0,0.42851,0.32043,-0.79159,0.18517,-3.0056,0.86691,0.90652,2.44029,-1.29347,-0.40399,1.02775,-3.22418,1.04637,0.49471,3.56117,-0.76798,0.04932,-2.28299,2.0882,0,-0,2.00198,-1.62642,0.07319,-3.72138,2.20135,4.01621,1.6635,-3.0024,-1.7629,-6.5442,9.39395,0.54649,-0.61328,-0.91715
15.14,-0.55369,-0.00056,0.25205,-1.71875,0,0.63457,0.5851,-0.99498,-0.01982,-3.48017,0.68382,0.63097,2.40717,-0.8922,-0.80753,0.83522,-3.04619,1.91491,0.56683,4.35455,0.10283,-0.57476,-2.14252,1.9013,-0,0,1.88578,-1.58597,0.42594,-3.5535,1.89713,3.09558,0.50923,-4.13863,-2.46349,-6.7875,11.4116,0.42297,-0.07165,0.21163
15.16,-0.64368,0.0339,0.18864,-1.16185,0,0.83229,0.82103,-1.18472,-0.21435,-3.78679,0.4693,0.34118,2.23219,-0.44507,-1.21551,0.62469,-2.86046,2.73763,0.62869,4.97457,1.01402,-1.22875,-1.9172,1.62228,-0,1e-05,1.70582,-1.56091,0.80489,-3.30151,1.51989,2.00851,-0.62025,-5.14743,-3.0835,-6.72055,12.98992,0.2573,0.54181,1.41583
15.18,-0.71387,0.06843,0.12446,-0.57591,0,1.01061,1.0132,-1.35174,-0.38488,-3.89469,0.23471,0.05409,1.91792,0.01687,-1.58887,0.40379,-2.71924,3.46472,0.67917,5.38128,1.92092,-1.88483,-1.62202,1.26734,-0,1e-05,1.47522,-1.5462,1.15826,-2.97452,1.10822,0.86323,-1.65428,-5.98053,-3.58521,-6.31476,14.03782,0.06122,1.19249,2.62757
15.2,-0.76197,0.10037,0.06375,0.01567,0,1.15933,1.15068,-1.48722,-0.52076,-3.78924,-0.007,-0.21532,1.47976,0.4618,-1.89189,0.17794,-2.66044,4.05214,0.71653,5.55017,2.77699,-2.51328,-1.27761,0.85704,-0,1e-05,1.2066,-1.53573,1.44029,-2.5819,0.69737,-0.23661,-2.5336,-6.6024,-3.93963,-5.56603,14.507,-0.15178,1.83505,3.77057
15.22,-0.78717,0.1276,0.01005,0.59272,0,1.27007,1.22742,-1.58345,-0.61524,-3.47381,-0.2421,-0.45493,0.94521,0.85971,-2.09604,-0.04936,-2.70167,4.46681,0.73852,5.47434,3.53618,-3.08358,-0.90888,0.41464,-0,0,0.91179,-1.52326,1.61545,-2.13383,0.31549,-1.20502,-3.2151,-6.99265,-4.12938,-4.49743,14.39652,-0.36786,2.41691,4.76614
15.24,-0.79017,0.14864,-0.03394,1.13883,0,1.33697,1.24229,-1.63458,-0.66576,-2.969,-0.45708,-0.65604,0.35119,1.18501,-2.18283,-0.27565,-2.83884,4.68969,0.74267,5.16417,4.1559,-3.56596,-0.54271,-0.03534,0,-1e-05,0.60205,-1.50304,1.66112,-1.64215,-0.0181,-1.98156,-3.67431,-7.146,-4.1499,-3.15904,13.74988,-0.57399,2.8842,5.54084
15.26,-0.77285,0.16268,-0.06642,1.64145,0,1.35694,1.19856,-1.63704,-0.67376,-2.30972,-0.63988,-0.8135,-0.26024,1.41922,-2.1453,-0.49848,-3.04889,4.71681,0.72684,4.64476,4.60025,-3.93336,-0.20477,-0.46854,0,-2e-05,0.28842,-1.47015,1.56878,-1.12121,-0.29284,-2.53379,-3.90582,-7.0704,-4.00886,-1.62496,12.64591,-0.75877,3.18939,6.03507
15.28,-0.73803,0.16946,-0.08651,2.0915,0,1.32976,1.10292,-1.58983,-0.64393,-1.54082,-0.78121,-0.92553,-0.84691,1.55298,-1.98842,-0.71433,-3.29545,4.5587,0.68984,3.9523,4.84334,-4.16354,0.08373,-0.86205,0,-2e-05,-0.01785,-1.42066,1.34396,-0.58847,-0.50538,-2.85563,-3.92205,-6.78418,-3.72464,0.01198,11.18641,-0.91293,3.29922,6.21134
15.3,-0.68908,0.16915,-0.09413,2.48276,0,1.25798,0.9645,-1.49465,-0.58332,-0.71246,-0.8755,-0.99333,-1.37122,1.58722,-1.72834,-0.91781,-3.53559,4.23849,0.63196,3.12995,4.87185,-4.24117,0.30861,-1.19556,0,-3e-05,-0.30497,-1.3518,1.00477,-0.06482,-0.65754,-2.963,-3.75059,-6.31307,-3.32398,1.64724,9.48332,-1.02958,3.20079,6.06018
15.32,-0.62964,0.16223,-0.08991,2.81104,0,1.14652,0.79383,-1.35575,-0.50018,0.1245,-0.92134,-1.02034,-1.80369,1.53265,-1.39031,-1.10139,-3.72626,3.78893,0.55516,2.22404,4.68631,-4.15922,0.46397,-1.45236,0,-4e-05,-0.56062,-1.26193,0.5794,0.42599,-0.75419,-2.88791,-3.43011,-5.68746,-2.8392,3.17317,7.6474,-1.10424,2.90418,5.60211
15.34,-0.56329,0.14936,-0.0751,3.0734,0,1.00215,0.60187,-1.17956,-0.40287,0.92253,-0.92142,-1.01137,-2.12491,1.40766,-1.00548,-1.25575,-3.82943,3.24835,0.46303,1.28043,4.30074,-3.91959,0.55192,-1.62037,0,-4e-05,-0.7724,-1.15069,0.10236,0.85868,-0.80147,-2.67191,-3.00531,-4.94011,-2.30504,4.48887,5.77917,-1.13471,2.44081,4.88463
15.36,-0.49333,0.13135,-0.05137,3.26739,0,0.83285,0.39929,-0.97417,-0.29869,1.64081,-0.88174,-0.97164,-2.32618,1.23496,-0.60693,-1.37075,-3.81561,2.65626,0.36022,0.3416,3.74076,-3.53296,0.58103,-1.693,0,-4e-05,-0.92881,-1.01892,-0.38994,1.20867,-0.80563,-2.35974,-2.52122,-4.10438,-1.75548,5.51052,3.9626,-1.12084,1.8581,3.97538
15.38,-0.42259,0.10906,-0.0207,3.39077,0,0.64716,0.19587,-0.74866,-0.19314,2.2478,-0.81068,-0.90592,-2.40887,1.03775,-0.22557,-1.43676,-3.66608,2.04912,0.25191,-0.55562,3.04104,-3.01815,0.564,-1.66986,0,-4e-05,-1.02034,-0.86876,-0.86349,1.4547,-0.77239,-1.99399,-2.01811,-3.21314,-1.2209,6.18072,2.26177,-1.06428,1.21214,2.95304
15.4,-0.35336,0.08348,0.01469,3.44158,0,0.4536,0.00012,-0.51261,-0.08939,2.72265,-0.71788,-0.81807,-2.38305,0.83632,0.11326,-1.44605,-3.37353,1.45697,0.14313,-1.38146,2.24242,-2.401,0.51518,-1.55715,0,-3e-05,-1.04078,-0.70367,-1.29028,1.58138,-0.70683,-1.61106,-1.52771,-2.29821,-0.72599,6.47496,0.72024,-0.96836,0.55994,1.89802
15.42,-0.28736,0.05563,0.05251,3.41862,0,0.26023,-0.18086,-0.27551,0.01154,3.05547,-0.61316,-0.71088,-2.26548,0.64582,0.39197,-1.394,-2.94147,0.90144,0.03825,-2.11367,1.38902,-1.71281,0.44849,-1.36736,0,-3e-05,-0.98819,-0.52827,-1.65036,1.5812,-0.6136,-1.23905,-1.07156,-1.38995,-0.28867,6.40344,-0.63724,-0.83792,-0.04701,0.88454
15.44,-0.22583,0.02663,0.09048,3.32222,0,0.07436,-0.34141,-0.04637,0.11019,3.24626,-0.50557,-0.58642,-2.07713,0.47534,0.60143,-1.27985,-2.38222,0.39506,-0.05935,-2.73726,0.52539,-0.98811,0.37603,-1.1183,0,-2e-05,-0.86548,-0.34813,-1.93223,1.45571,-0.4973,-0.89718,-0.66146,-0.51678,0.0801,6.00749,-1.80118,-0.67916,-0.56753,-0.02543
15.46,-0.16953,-0.00238,0.12643,3.15514,0,-0.09772,-0.47723,0.16672,0.20773,3.30303,-0.40262,-0.4466,-1.84055,0.32827,0.74045,-1.10702,-1.71429,-0.0581,-0.14746,-3.24379,-0.30614,-0.26202,0.30724,-0.83138,0,-2e-05,-0.6806,-0.16933,-2.13199,1.21582,-0.36293,-0.59669,-0.30161,0.29559,0.37569,5.35178,-2.77296,-0.49942,-0.97336,-0.78599
15.48,-0.1189,-0.03024,0.15839,2.92356,0,-0.25086,-0.58534,0.35697,0.30483,3.23972,-0.30977,-0.29399,-1.57748,0.20366,0.81442,-0.88308,-0.95951,-0.46093,-0.22501,-3.63047,-1.06783,0.4324,0.24875,-0.5297,0,-2e-05,-0.44626,0.00202,-2.25163,0.88128,-0.21636,-0.3425,0.00827,1.02497,0.59874,4.51439,-3.56047,-0.307,-1.25014,-1.36925
15.5,-0.07412,-0.05588,0.18471,2.63773,0,-0.3812,-0.66394,0.5191,0.40083,3.07403,-0.23017,-0.13239,-1.30703,0.09784,0.83342,-0.61938,-0.14095,-0.82099,-0.29192,-3.8992,-1.72829,1.06647,0.20446,-0.23595,0,-1e-05,-0.17925,0.16024,-2.29718,0.47935,-0.06446,-0.13521,0.26999,1.65357,0.75386,3.57671,-4.1743,-0.1108,-1.39688,-1.76529
15.52,-0.03518,-0.07828,0.20412,2.31193,0,-0.4861,-0.71244,0.64946,0.49326,2.82577,-0.16475,0.03278,-1.04459,0.00602,0.81041,-0.33038,0.71823,-1.14806,-0.34888,-4.05573,-2.26359,1.61761,0.17591,0.02932,0,-2e-05,0.10085,0.30045,-2.27708,0.04263,0.08497,0.02716,0.48479,2.16852,0.84838,2.61512,-4.62525,0.08002,-1.42407,-1.98054
15.54,-0.00194,-0.09664,0.21579,1.96357,0,-0.56416,-0.73134,0.74612,0.57794,2.51547,-0.1126,0.19462,-0.80145,-0.07636,0.7594,-0.03251,1.59494,-1.45144,-0.39699,-4.10869,-2.65774,2.07024,0.16262,0.24936,0,-2e-05,0.37333,0.41886,-2.20099,-0.39398,0.22373,0.14791,0.65251,2.56223,0.89118,1.69472,-4.92325,0.25665,-1.35095,-2.03467
15.56,0.02587,-0.11032,0.21936,1.61156,0,-0.61519,-0.72229,0.80873,0.64961,2.1635,-0.07147,0.34525,-0.5851,-0.15283,0.69396,0.25706,2.46549,-1.7377,-0.43738,-4.06888,-2.90268,2.41612,0.16246,0.41239,0,-2e-05,0.61851,0.5129,-2.07916,-0.79683,0.344,0.23096,0.77203,2.8326,0.89188,0.86571,-5.07755,0.41128,-1.20212,-1.95669
15.58,0.04864,-0.11901,0.21498,1.27439,0,-0.64008,-0.68804,0.83853,0.70284,1.78946,-0.0385,0.47664,-0.39989,-0.22542,0.62611,0.52192,3.30483,-2.00879,-0.47092,-3.94873,-2.99804,2.65409,0.17202,0.51246,0,-3e-05,0.81979,0.58137,-1.9222,-1.1371,0.43929,0.28055,0.84249,2.983,0.86011,0.16178,-5.09798,0.53779,-1.00415,-1.78066
15.6,0.06689,-0.12267,0.2033,0.96833,0,-0.64079,-0.63248,0.83815,0.73299,1.41204,-0.01084,0.58142,-0.24797,-0.2945,0.56549,0.74762,4.0859,-2.26116,-0.49802,-3.76184,-2.95058,2.78939,0.18695,0.54981,0,-3e-05,0.96537,0.62442,-1.7411,-1.3937,0.50521,0.30128,0.86466,3.02207,0.80512,-0.39962,-4.99641,0.63222,-0.78264,-1.54181
15.62,0.08127,-0.12159,0.18541,0.70613,0,-0.62011,-0.56049,0.81147,0.73698,1.04867,0.01383,0.65367,-0.13017,-0.35887,0.51892,0.92268,4.77988,-2.48582,-0.51849,-3.52249,-2.7734,2.8323,0.20236,0.53065,0,-4e-05,1.04926,0.64341,-1.54716,-1.55495,0.54002,0.29809,0.84192,2.96311,0.73532,-0.8156,-4.78774,0.69304,-0.55999,-1.27319
15.64,0.09247,-0.11633,0.1628,0.4963,0,-0.58146,-0.47764,0.76331,0.71379,0.71528,0.03689,0.6894,-0.04671,-0.41604,0.49035,1.03915,5.35726,-2.66951,-0.53159,-3.24492,-2.48469,2.79633,0.21328,0.46625,0,-4e-05,1.07132,0.64067,-1.35162,-1.61883,0.54458,0.2762,0.78044,2.8229,0.65806,-1.09524,-4.48996,0.72092,-0.35396,-1.00315
15.66,0.10117,-0.10764,0.13717,0.34288,0,-0.52857,-0.38984,0.69915,0.66457,0.42566,0.05865,0.68687,0.0023,-0.46258,0.4809,1.09286,5.79003,-2.79681,-0.53624,-2.94241,-2.10624,2.69617,0.21516,0.37159,0,-4e-05,1.03664,0.61919,-1.16514,-1.59195,0.52211,0.24093,0.68875,2.62026,0.57923,-1.25636,-4.12344,0.71842,-0.17708,-0.75364
15.68,0.10796,-0.09637,0.11029,0.24582,0,-0.46516,-0.30289,0.62471,0.59257,0.19091,0.07831,0.64672,0.01675,-0.49459,0.48922,1.08344,6.0546,-2.85272,-0.53125,-2.62644,-1.66202,2.54573,0.20434,0.26362,0,-4e-05,0.95437,0.58228,-0.99706,-1.48777,0.47755,0.19744,0.57678,2.37462,0.50313,-1.32224,-3.70971,0.68937,-0.03665,-0.53939
15.7,0.11331,-0.08342,0.08392,0.20158,0,-0.39472,-0.22204,0.54575,0.5028,0.01881,0.09416,0.57191,-0.00342,-0.50809,0.51189,1.01404,6.13466,-2.82537,-0.51562,-2.30608,-1.17684,2.35666,0.17853,0.15945,0,-4e-05,0.8363,0.53334,-0.85488,-1.32434,0.41695,0.15044,0.45469,2.10469,0.43244,-1.31848,-3.27019,0.63842,0.06479,-0.36802
15.72,0.1175,-0.06962,0.05966,0.20404,0,-0.32037,-0.15169,0.46769,0.4017,-0.08661,0.10381,0.46743,-0.05787,-0.49952,0.54396,0.89087,6.02346,-2.70809,-0.48881,-1.98753,-0.67514,2.1375,0.13708,0.07453,0,-3e-05,0.69546,0.47561,-0.74375,-1.12197,0.34676,0.10397,0.33187,1.82743,0.3683,-1.27022,-2.82507,0.57056,0.12859,-0.24093
15.74,0.12064,-0.05575,0.03884,0.24554,0,-0.24475,-0.09512,0.39539,0.29649,-0.12531,0.10461,0.3399,-0.14533,-0.46607,0.5795,0.72242,5.72496,-2.50067,-0.45091,-1.67395,-0.17996,1.89349,0.08114,0.02096,0,-1e-05,0.5447,0.41209,-0.66636,-0.90102,0.27325,0.0612,0.21608,1.55737,0.3107,-1.19977,-2.39225,0.49087,0.15894,-0.15499
15.76,0.12273,-0.04244,0.02251,0.31788,0,-0.17003,-0.05431,0.33287,0.1946,-0.10131,0.09414,0.1969,-0.26293,-0.40601,0.61218,0.51857,5.25383,-2.20972,-0.40275,-1.36553,0.28807,1.62703,0.01363,0.00614,-0,1e-05,0.39552,0.34548,-0.62289,-0.67986,0.20196,0.02429,0.11282,1.30614,0.2589,-1.12485,-1.9865,0.40435,0.16174,-0.10456
15.78,0.12365,-0.0302,0.01134,0.41328,0,-0.09795,-0.02988,0.28308,0.10299,-0.02255,0.07065,0.04641,-0.40561,-0.31903,0.63591,0.28977,4.63473,-1.84838,-0.3459,-1.05982,0.71143,1.33862,-0.06102,0.03181,-0,3e-05,0.25709,0.27815,-0.61124,-0.47335,0.13737,-0.00561,0.02502,1.08222,0.21189,-1.05754,-1.61899,0.31582,0.14355,-0.08354
15.8,0.12332,-0.01942,0.00562,0.52511,0,-0.02987,-0.02106,0.2477,0.02753,0.09945,0.03353,-0.10379,-0.56565,-0.20657,0.64542,0.04632,3.90091,-1.43533,-0.2826,-0.75248,1.07618,1.02811,-0.13717,0.09384,-0,5e-05,0.13567,0.2122,-0.62726,-0.29186,0.08262,-0.02839,-0.04706,0.89106,0.16885,-1.00399,-1.29702,0.22983,0.11071,-0.08697
15.82,0.12165,-0.01034,0.00525,0.64829,0,0.03312,-0.02578,0.22704,-0.02751,0.25023,-0.01636,-0.24647,-0.73256,-0.07206,0.63684,-0.20205,3.09185,-0.99332,-0.21562,-0.43823,1.37201,0.69602,-0.20847,0.18284,-1e-05,6e-05,0.03442,0.14949,-0.66516,-0.14098,0.03951,-0.04485,-0.10559,0.73515,0.12941,-0.96504,-1.02406,0.15058,0.06874,-0.11181
15.84,0.11865,-0.00311,0.00971,0.77934,0,0.09021,-0.0408,0.21996,-0.05989,0.41329,-0.07658,-0.37527,-0.89339,0.07883,0.60811,-0.44634,2.25023,-0.54694,-0.14806,-0.11209,1.59189,0.34463,-0.26854,0.28568,-1e-05,8e-05,-0.0464,0.0917,-0.71782,-0.0219,0.00849,-0.05649,-0.15486,0.61435,0.09365,-0.93764,-0.8,0.08164,0.02201,-0.15678
15.86,0.11442,0.00224,0.01809,0.91618,0,0.14084,-0.06196,0.22391,-0.06965,0.57133,-0.14314,-0.48483,-1.03347,0.23819,0.55934,-0.67827,1.41821,-0.12025,-0.08297,0.22939,1.73162,-0.02117,-0.31166,0.38766,-1e-05,9e-05,-0.10889,0.04024,-0.77725,0.06774,-0.01106,-0.06533,-0.20058,0.52613,0.06208,-0.91674,-0.62148,0.02565,-0.02627,-0.22148
15.88,0.10915,0.00576,0.02914,1.05771,0,0.18471,-0.08445,0.23506,-0.05918,0.70753,-0.2107,-0.57091,-1.13752,0.39607,0.4929,-0.89016,0.63394,0.26568,-0.02312,0.58683,1.78937,-0.39338,-0.33348,0.47497,-1e-05,8e-05,-0.15679,-0.00369,-0.83512,0.13265,-0.0206,-0.0736,-0.24918,0.46596,0.0353,-0.89739,-0.48242,-0.01597,-0.07395,-0.30516
15.9,0.10311,0.00757,0.04136,1.2032,0,0.22181,-0.10323,0.24853,-0.03309,0.80702,-0.27305,-0.6304,-1.19104,0.54092,0.4135,-1.07482,-0.07117,0.59455,0.02927,0.95709,1.76543,-0.76085,-0.33163,0.53675,-1e-05,8e-05,-0.19468,-0.03925,-0.88338,0.17864,-0.02211,-0.08345,-0.30689,0.42776,0.01386,-0.8763,-0.37473,-0.04319,-0.11968,-0.40553
15.92,0.09664,0.00786,0.05307,1.3517,0,0.25236,-0.11342,0.25886,0.00229,0.85814,-0.32367,-0.66143,-1.18185,0.66048,0.32773,-1.22553,-0.67396,0.85578,0.07268,1.33267,1.66216,-1.10968,-0.30605,0.56647,-1e-05,6e-05,-0.22712,-0.06588,-0.91502,0.2115,-0.01773,-0.09666,-0.37872,0.40452,-0.00198,-0.85272,-0.2892,-0.05738,-0.16271,-0.51815
15.94,0.09015,0.00683,0.06261,1.5014,0,0.27677,-0.11081,0.26053,0.03965,0.85345,-0.35654,-0.66332,-1.10154,0.743,0.24345,-1.3361,-1.15965,1.0445,0.10624,1.70165,1.4842,-1.42425,-0.25906,0.56239,-0,4e-05,-0.25798,-0.08345,-0.9249,0.23605,-0.00947,-0.1144,-0.46751,0.38897,-0.01232,-0.8283,-0.21657,-0.06101,-0.20258,-0.63643
15.96,0.08405,0.00474,0.06854,1.64906,0,0.29555,-0.09234,0.24864,0.07174,0.79063,-0.36693,-0.63669,-0.94687,0.77864,0.16886,-1.40114,-1.521,1.16068,0.12971,2.04838,1.2389,-1.68862,-0.19512,0.52713,-0,2e-05,-0.28979,-0.09215,-0.91056,0.25553,0.00109,-0.13701,-0.573,0.37436,-0.01758,-0.8061,-0.1486,-0.0572,-0.23897,-0.75232
15.98,0.07874,0.00182,0.06976,1.78974,0,0.30922,-0.05654,0.21955,0.09235,0.67284,-0.35225,-0.58344,-0.72077,0.761,0.11151,-1.41648,-1.7569,1.208,0.1433,2.35453,0.93668,-1.88826,-0.12037,0.46665,0,-1e-05,-0.3234,-0.0926,-0.87275,0.27131,0.01296,-0.16384,-0.69124,0.35514,-0.01844,-0.78927,-0.07907,-0.0492,-0.27158,-0.85738
16,0.07459,-0.00169,0.06571,1.91675,0,0.31824,-0.00382,0.17142,0.09718,0.50867,-0.3125,-0.50676,-0.43278,0.6882,0.07732,-1.3797,-1.87092,1.19266,0.14757,2.60065,0.59129,-2.01166,-0.04204,0.38896,0,-3e-05,-0.35786,-0.08572,-0.81566,0.28287,0.02586,-0.1933,-0.81453,0.32757,-0.01571,-0.7797,-0.00458,-0.03989,-0.29999,-0.94393
16.02,0.07192,-0.00559,0.05641,2.022,0,0.3229,0.06355,0.1045,0.08439,0.31142,-0.25043,-0.41101,-0.09864,0.56337,0.06996,-1.29057,-1.87022,1.12246,0.1433,2.76802,0.21962,-2.05159,0.03222,0.30278,0,-5e-05,-0.3906,-0.07273,-0.7464,0.28821,0.04004,-0.22295,-0.93204,0.28999,-0.01023,-0.77724,0.07522,-0.03138,-0.32368,-1.00589
16.04,0.07095,-0.00966,0.0424,2.09663,0,0.32336,0.14165,0.02111,0.05469,0.09757,-0.17113,-0.30148,0.26118,0.39431,0.09048,-1.1514,-1.7648,1.00631,0.13144,2.84048,-0.15915,-2.0058,0.09511,0.21637,1e-05,-6e-05,-0.41795,-0.05499,-0.67376,0.28448,0.0561,-0.24977,-1.03116,0.24279,-0.00273,-0.77936,0.15771,-0.02488,-0.34199,-1.03934
16.06,0.07177,-0.01372,0.02463,2.13188,0,0.31956,0.22544,-0.07462,0.01105,-0.1152,-0.08131,-0.18398,0.62368,0.19248,0.13729,-0.96725,-1.56739,0.85411,0.11313,2.80645,-0.52486,-1.87726,0.14047,0.13648,1e-05,-6e-05,-0.43587,-0.0339,-0.60656,0.26878,0.07458,-0.27066,-1.09938,0.18808,0.00619,-0.78162,0.23803,-0.02073,-0.3541,-1.04256
16.08,0.07438,-0.01758,0.00433,2.12026,0,0.31129,0.30935,-0.17727,-0.04182,-0.3102,0.01169,-0.06446,0.96591,-0.02835,0.20634,-0.74594,-1.29348,0.6768,0.0897,2.66065,-0.858,-1.67396,0.16394,0.06783,1e-05,-7e-05,-0.44073,-0.01072,-0.55177,0.23906,0.0956,-0.28279,-1.12633,0.1292,0.01615,-0.7784,0.30991,-0.01849,-0.35914,-1.01589
16.1,0.07864,-0.02106,-0.0172,2.05646,0,0.29825,0.38789,-0.28064,-0.09814,-0.47365,0.10078,0.05142,1.2674,-0.25354,0.2916,-0.4979,-0.96152,0.48641,0.06272,2.40541,-1.14125,-1.40833,0.16347,0.01285,1e-05,-6e-05,-0.43002,0.01352,-0.51311,0.19473,0.1186,-0.28407,-1.10557,0.07012,0.02696,-0.76394,0.3667,-0.01722,-0.35622,-0.96138
16.12,0.08427,-0.024,-0.03869,1.93816,0,0.28009,0.45617,-0.37832,-0.15176,-0.596,0.1798,0.15857,1.51194,-0.46885,0.38565,-0.23575,-0.59261,0.29576,0.03391,2.0511,-1.36072,-1.09634,0.13957,-0.02795,1e-05,-6e-05,-0.40279,0.03804,-0.49036,0.13705,0.1422,-0.27341,-1.0355,0.01496,0.03857,-0.73315,0.40234,-0.01572,-0.34455,-0.88235
16.14,0.09093,-0.02622,-0.059,1.7662,0,0.25653,0.51023,-0.46421,-0.19678,-0.67243,0.24395,0.25269,1.68857,-0.66138,0.48041,0.02651,-0.2097,0.1178,0.00513,1.61542,-1.50667,-0.75615,0.09518,-0.05528,1e-05,-6e-05,-0.35973,0.06238,-0.47953,0.06903,0.16433,-0.25082,-0.91947,-0.03256,0.05108,-0.68237,0.41206,-0.01271,-0.32358,-0.783
16.16,0.09818,-0.02761,-0.07721,1.5445,0,0.22741,0.54719,-0.53296,-0.22811,-0.7027,0.28985,0.33042,1.79183,-0.82023,0.56793,0.27455,0.16383,-0.03551,-0.02179,1.12178,-1.57391,-0.40648,0.03525,-0.07012,2e-05,-5e-05,-0.30298,0.08625,-0.47387,-0.00502,0.18257,-0.21735,-0.76498,-0.0695,0.0646,-0.60966,0.39304,-0.00707,-0.29304,-0.66786
16.18,0.10556,-0.02807,-0.09259,1.27965,0,0.1928,0.56535,-0.58041,-0.24196,-0.69051,0.31556,0.38944,1.82149,-0.937,0.64116,0.49489,0.50587,-0.15444,-0.04523,0.5972,-1.56187,-0.065,-0.03387,-0.07281,2e-05,-5e-05,-0.23569,0.10952,-0.4653,-0.08009,0.19448,-0.1749,-0.5823,-0.09399,0.0792,-0.51502,0.34475,0.00201,-0.25311,-0.54153
16.2,0.1126,-0.02758,-0.10465,0.98047,0,0.15307,0.56422,-0.60387,-0.2361,-0.64259,0.32041,0.42847,1.78193,-1.00604,0.6946,0.67602,0.7972,-0.23258,-0.06388,0.07004,-1.47448,0.25301,-0.10512,-0.06257,1e-05,-4e-05,-0.16166,0.13208,-0.44598,-0.15118,0.1981,-0.12598,-0.38312,-0.10536,0.09483,-0.4003,0.26909,0.01492,-0.2045,-0.40838
16.22,0.11889,-0.02619,-0.11312,0.65738,0,0.10894,0.54441,-0.60228,-0.21004,-0.56767,0.30496,0.44729,1.68124,-1.02467,0.72468,0.80928,1.02289,-0.26749,-0.07691,-0.43216,-1.31977,0.5356,-0.17156,-0.03764,1e-05,-3e-05,-0.08483,0.15371,-0.40962,-0.21385,0.19222,-0.07349,-0.17914,-0.1042,0.11126,-0.26895,0.17029,0.03161,-0.1485,-0.2725
16.24,0.12405,-0.02399,-0.11792,0.32182,0,0.06151,0.50753,-0.57625,-0.16498,-0.47545,0.27091,0.44668,1.5301,-0.99323,0.72986,0.88939,1.17323,-0.26085,-0.08393,-0.8846,-1.10938,0.77459,-0.22708,0.00392,1e-05,-1e-05,-0.00906,0.17409,-0.35231,-0.26454,0.17653,-0.02038,0.01898,-0.09222,0.12806,-0.12559,0.05451,0.05154,-0.08694,-0.13761
16.26,0.12774,-0.02113,-0.1192,-0.01454,0,0.0122,0.45608,-0.52795,-0.10363,-0.37567,0.22111,0.42837,1.34065,-0.91511,0.71047,0.91476,1.24418,-0.21803,-0.08506,-1.26679,-0.8577,0.96549,-0.26714,0.06298,-0,3e-05,0.06219,0.19265,-0.27291,-0.3008,0.15172,0.0306,0.20238,-0.07197,0.14458,0.02454,-0.07079,0.07378,-0.02216,-0.00712
16.28,0.12969,-0.01779,-0.11728,-0.34046,0,-0.03727,0.39324,-0.46088,-0.02994,-0.27728,0.15957,0.39492,1.12546,-0.79662,0.66845,0.88749,1.23746,-0.14725,-0.08085,-1.56386,-0.58113,1.10724,-0.28922,0.13807,-2e-05,0.0001,0.12598,0.20865,-0.17296,-0.32133,0.11932,0.0771,0.36452,-0.04657,0.16001,0.17619,-0.19758,0.09704,0.04319,0.11583
16.3,0.1297,-0.01416,-0.11266,-0.6457,0,-0.085,0.32277,-0.37965,0.05123,-0.18789,0.09139,0.34966,0.89667,-0.64684,0.60694,0.81319,1.16019,-0.0585,-0.07215,-1.76728,-0.29719,1.20161,-0.29318,0.22466,-4e-05,0.00019,0.18,0.22119,-0.05636,-0.32592,0.08155,0.11733,0.50126,-0.01936,0.17338,0.3245,-0.31798,0.11984,0.10628,0.22838
16.32,0.12764,-0.01042,-0.10601,-0.92154,0,-0.12903,0.24873,-0.28967,0.13444,-0.11343,0.02254,0.29651,0.66542,-0.47719,0.52992,0.70056,1.02405,0.03773,-0.0601,-1.87494,-0.02361,1.25248,-0.28111,0.31527,-7e-05,0.0003,0.22261,0.22924,0.07124,-0.31537,0.04111,0.15016,0.61079,0.00643,0.18366,0.46538,-0.42491,0.14058,0.16428,0.32798
16.34,0.12346,-0.00671,-0.09805,-1.16105,0,-0.16744,0.17531,-0.1967,0.21398,-0.05803,-0.04051,0.23984,0.44149,-0.30072,0.44176,0.56059,0.84393,0.13176,-0.04591,-1.89062,0.22266,1.26493,-0.25692,0.40076,-0.0001,0.00045,0.25291,0.23184,0.20323,-0.29138,0.00091,0.17504,0.69328,0.02793,0.18986,0.59556,-0.51262,0.15772,0.21463,0.41249
16.36,0.11722,-0.00319,-0.08956,-1.35939,0,-0.19855,0.10648,-0.10645,0.28427,-0.0241,-0.09137,0.18419,0.23304,-0.13115,0.34681,0.40574,0.6363,0.21599,-0.03081,-1.82288,0.42646,1.24447,-0.2256,0.47222,-0.00014,0.00062,0.27076,0.22817,0.33289,-0.25642,-0.03627,0.19191,0.75036,0.0429,0.19111,0.71262,-0.57706,0.16991,0.25523,0.48037
16.38,0.10907,6e-05,-0.08123,-1.51393,0,-0.22108,0.04572,-0.02415,0.34009,-0.01242,-0.12434,0.13406,0.04658,0.01819,0.24907,0.24887,0.41747,0.28571,-0.0159,-1.6838,0.57548,1.19626,-0.19243,0.52307,-0.00018,0.00081,0.27682,0.21773,0.45422,-0.21361,-0.06799,0.20111,0.78463,0.04994,0.1868,0.81484,-0.61612,0.17614,0.28464,0.53089
16.4,0.09933,0.00298,-0.07364,-1.62436,0,-0.23429,-0.00429,0.0458,0.37696,-0.02241,-0.13493,0.09367,-0.11302,0.13535,0.15188,0.10231,0.20213,0.33955,-0.00209,-1.48767,0.66098,1.12471,-0.16223,0.55048,-0.00022,0.00099,0.27259,0.20049,0.56252,-0.16663,-0.09237,0.2032,0.79922,0.04858,0.17668,0.90107,-0.62978,0.17585,0.30229,0.56426
16.42,0.08846,0.00553,-0.06719,-1.69249,0,-0.23808,-0.04183,0.1001,0.39123,-0.05228,-0.12024,0.06683,-0.24249,0.21065,0.05781,-0.02293,0.00225,0.37898,0.01,-1.24972,0.67831,1.03334,-0.13894,0.55555,-0.00026,0.00115,0.26038,0.17702,0.65469,-0.11962,-0.10827,0.19894,0.7974,0.03933,0.16096,0.97062,-0.61997,0.16903,0.30847,0.58166
16.44,0.07711,0.00769,-0.06201,-1.72191,0,-0.23305,-0.06631,0.13657,0.38026,-0.09923,-0.07913,0.05682,-0.34,0.23732,-0.03147,-0.11789,-0.17352,0.40727,0.01997,-0.98505,0.6269,0.9249,-0.12543,0.54208,-0.00029,0.00126,0.2432,0.1485,0.72921,-0.077,-0.11523,0.18917,0.78235,0.02359,0.14042,1.02307,-0.59028,0.15627,0.30434,0.58506
16.46,0.06607,0.00947,-0.05804,-1.71749,0,-0.22044,-0.07829,0.15423,0.34247,-0.1596,-0.01216,0.06625,-0.40513,0.21191,-0.11518,-0.17621,-0.31997,0.42784,0.02769,-0.7076,0.51005,0.80175,-0.12356,0.51421,-0.0003,0.00126,0.2246,0.11675,0.78578,-0.0433,-0.11349,0.17482,0.757,0.00354,0.11639,1.05831,-0.54553,0.13868,0.29169,0.57701
16.48,0.05628,0.01087,-0.05493,-1.68491,0,-0.20203,-0.07945,0.15316,0.27742,-0.22911,0.07857,0.09699,-0.43871,0.13454,-0.19328,-0.19445,-0.43517,0.44261,0.03321,-0.42953,0.33448,0.66633,-0.13442,0.47399,-0.00028,0.00113,0.20846,0.08408,0.825,-0.02288,-0.10388,0.15693,0.72403,-0.01814,0.09072,1.07645,-0.4912,0.11785,0.27282,0.56027
16.5,0.04874,0.0119,-0.05215,-1.63023,0,-0.18005,-0.07243,0.13442,0.18587,-0.30307,0.18962,0.14992,-0.44277,0.00894,-0.26629,-0.17231,-0.51998,0.45086,0.03673,-0.16077,0.10973,0.52172,-0.15848,0.41959,-0.00022,0.00079,0.19869,0.05316,0.84792,-0.01962,-0.08764,0.13663,0.68579,-0.03852,0.06568,1.07794,-0.4329,0.09567,0.25023,0.5376
16.52,0.04444,0.01257,-0.04902,-1.5596,0,-0.15694,-0.06061,0.0999,0.06986,-0.37669,0.31649,0.22473,-0.42026,-0.1578,-0.33494,-0.11247,-0.57736,0.4489,0.03854,0.09095,-0.15238,0.37192,-0.1957,0.34515,-0.0001,0.00021,0.19892,0.02677,0.85589,-0.03661,-0.06639,0.11514,0.64438,-0.05477,0.04371,1.0636,-0.37586,0.07414,0.22645,0.5116
16.54,0.0442,0.01289,-0.04481,-1.47892,0,-0.13511,-0.04771,0.05218,-0.06719,-0.44552,0.45378,0.31957,-0.37478,-0.35566,-0.39969,-0.02027,-0.61162,0.43082,0.039,0.31988,-0.43843,0.22202,-0.24536,0.24232,9e-05,-0.00069,0.21205,0.00745,0.8505,-0.07567,-0.04192,0.09373,0.60151,-0.06447,0.02714,1.03459,-0.32442,0.05507,0.20381,0.4846
16.56,0.04858,0.01291,-0.03888,-1.39376,0,-0.11663,-0.03737,-0.00559,-0.2205,-0.50583,0.59548,0.43077,-0.31021,-0.57239,-0.46036,0.0969,-0.62753,0.39003,0.03847,0.52185,-0.73408,0.07796,-0.30584,0.10336,0.00036,-0.00196,0.23993,-0.00287,0.83363,-0.13706,-0.01612,0.07362,0.55848,-0.066,0.01784,0.99247,-0.28165,0.03983,0.18421,0.4587
16.58,0.05769,0.01265,-0.03073,-1.30921,0,-0.10302,-0.03274,-0.06986,-0.38393,-0.55509,0.73514,0.55264,-0.23045,-0.79436,-0.5157,0.23025,-0.6296,0.32111,0.03728,0.69377,-1.0247,-0.05375,-0.37436,-0.07546,0.00073,-0.00362,0.28293,-0.00317,0.80767,-0.21904,0.00912,0.0559,0.51609,-0.05877,0.01682,0.9391,-0.24908,0.02903,0.16903,0.43586
16.6,0.07111,0.01222,-0.02011,-1.22989,0,-0.09503,-0.03613,-0.13678,-0.5502,-0.59214,0.86616,0.6775,-0.13921,-1.00731,-0.56334,0.37033,-0.62146,0.22161,0.03574,0.83318,-1.29605,-0.16655,-0.44678,-0.29096,0.0012,-0.00569,0.33972,0.00639,0.77561,-0.31771,0.03201,0.04144,0.4747,-0.04345,0.02408,0.87671,-0.22655,0.02243,0.15905,0.41791
16.62,0.08794,0.0117,-0.00711,-1.1599,0,-0.09265,-0.04882,-0.20227,-0.71116,-0.61719,0.98201,0.79598,-0.04011,-1.19713,-0.59988,0.50755,-0.60551,0.09295,0.03409,0.93789,-1.53473,-0.25428,-0.51772,-0.53183,0.00176,-0.00815,0.40723,0.02451,0.741,-0.42695,0.05091,0.03086,0.43437,-0.02188,0.03852,0.80787,-0.21232,0.0189,0.15443,0.40655
16.64,0.10682,0.01122,0.00794,-1.1027,0,-0.09517,-0.07109,-0.26217,-0.85832,-0.63146,1.07651,0.89777,0.06318,-1.35057,-0.62147,0.63277,-0.58278,-0.05943,0.03248,1.00583,-1.72866,-0.31176,-0.5809,-0.77952,0.0024,-0.01091,0.48076,0.04885,0.70761,-0.53866,0.06441,0.02452,0.39508,0.00304,0.05814,0.73543,-0.2034,0.01666,0.1548,0.40318
16.66,0.12612,0.0109,0.02443,-1.061,0,-0.1014,-0.10235,-0.31237,-0.98346,-0.63665,1.14413,0.97259,0.16655,-1.45582,-0.62452,0.73763,-0.55311,-0.22694,0.03093,1.03501,-1.86746,-0.33525,-0.62983,-1.01097,0.00309,-0.01381,0.55436,0.07643,0.67896,-0.64331,0.07138,0.02257,0.35705,0.0278,0.08041,0.66246,-0.19593,0.01357,0.15939,0.40873
16.68,0.14414,0.01083,0.0416,-1.03655,0,-0.10997,-0.14138,-0.34894,-1.07942,-0.63426,1.18034,1.01135,0.26511,-1.50318,-0.60657,0.81497,-0.51548,-0.39916,0.02939,1.02377,-1.94296,-0.32294,-0.65856,-1.20246,0.00378,-0.01663,0.62137,0.10408,0.65776,-0.73058,0.071,0.02495,0.32097,0.04871,0.10267,0.5921,-0.18581,0.00761,0.16719,0.42338
16.7,0.15931,0.01109,0.05863,-1.03007,0,-0.11957,-0.18656,-0.36837,-1.1407,-0.62504,1.18193,1.00728,0.353,-1.48565,-0.56711,0.85906,-0.46868,-0.56531,0.02768,0.97103,-1.94961,-0.27528,-0.66248,-1.33351,0.00438,-0.01899,0.67503,0.12885,0.64555,-0.79035,0.06284,0.0315,0.2882,0.06235,0.1226,0.52752,-0.16918,-0.00284,0.1771,0.44645
16.72,0.17035,0.01171,0.07469,-1.04115,0,-0.12911,-0.23608,-0.3678,-1.16395,-0.60871,1.14731,0.95673,0.42342,-1.39944,-0.5081,0.86582,-0.412,-0.71549,0.0256,0.87668,-1.88485,-0.19513,-0.639,-1.39002,0.00479,-0.02045,0.70915,0.14838,0.6425,-0.81361,0.04689,0.04193,0.26067,0.06599,0.13845,0.47167,-0.14299,-0.01865,0.18809,0.47635
16.74,0.17636,0.01265,0.08906,-1.06824,0,-0.13786,-0.28797,-0.34525,-1.14815,-0.58384,1.07656,0.85965,0.46892,-1.24433,-0.43406,0.8329,-0.34606,-0.84155,0.02297,0.74191,-1.74932,-0.08771,-0.58782,-1.36605,0.00487,-0.0204,0.71872,0.16105,0.6476,-0.79347,0.02359,0.05585,0.24058,0.05784,0.14917,0.42717,-0.10526,-0.03988,0.19927,0.51068
16.76,0.17689,0.01385,0.10113,-1.10872,0,-0.14538,-0.3402,-0.29988,-1.09451,-0.54812,0.97148,0.71963,0.48208,-1.02393,-0.35177,0.75975,-0.2735,-0.9375,0.01975,0.56944,-1.54695,0.0397,-0.51112,-1.26425,0.00445,-0.01814,0.70055,0.16607,0.65898,-0.72609,-0.00619,0.07278,0.22991,0.03728,0.15439,0.39599,-0.0554,-0.0658,0.20993,0.54653
16.78,0.17191,0.01521,0.11043,-1.15898,0,-0.15149,-0.39062,-0.23223,-1.00629,-0.49877,0.83552,0.54357,0.45633,-0.7457,-0.26965,0.64765,-0.19932,-0.99966,0.01611,0.36375,-1.28492,0.17813,-0.41334,-1.09511,0.00335,-0.01287,0.65364,0.16342,0.6744,-0.61148,-0.04117,0.09208,0.22985,0.00486,0.1543,0.3793,0.00575,-0.09504,0.21954,0.58072
16.8,0.16178,0.0166,0.11671,-1.21458,0,-0.15614,-0.43698,-0.14434,-0.88852,-0.43316,0.67368,0.3412,0.38687,-0.42093,-0.1969,0.49971,-0.13081,-1.02665,0.01242,0.13124,-0.97355,0.31747,-0.30087,-0.87514,0.00136,-0.00373,0.57954,0.15378,0.69174,-0.45392,-0.07965,0.11299,0.24038,-0.03769,0.14945,0.37728,0.07593,-0.12572,0.22772,0.61019
16.82,0.1472,0.0179,0.11987,-1.27048,0,-0.15932,-0.47698,-0.03979,-0.74756,-0.34942,0.49228,0.12418,0.27153,-0.06431,-0.14239,0.32083,-0.07666,-1.01912,0.00926,-0.11988,-0.62589,0.44699,-0.18141,-0.62437,-0.00173,0.01012,0.48228,0.13832,0.70927,-0.26193,-0.11964,0.13454,0.26004,-0.08761,0.14058,0.38911,0.15161,-0.15574,0.23414,0.63213
16.84,0.12914,0.01895,0.11998,-1.32119,0,-0.161,-0.50837,0.07642,-0.59071,-0.24706,0.29871,-0.09492,0.11141,0.30682,-0.11341,0.11758,-0.04533,-0.97951,0.00726,-0.37973,-0.25706,0.55591,-0.06325,-0.36323,-0.00609,0.02942,0.36798,0.11859,0.72564,-0.04757,-0.15892,0.15561,0.28597,-0.14131,0.12854,0.41295,0.22828,-0.18285,0.23843,0.6441
16.86,0.10868,0.01964,0.11725,-1.36099,0,-0.16106,-0.52912,0.19824,-0.4256,-0.12732,0.10091,-0.30391,-0.08865,0.6736,-0.11442,-0.10211,-0.0429,-0.91165,0.00697,-0.63722,0.11683,0.63394,0.04569,-0.10934,-0.01186,0.05465,0.24423,0.09628,0.73978,0.17467,-0.19516,0.17495,0.31425,-0.19474,0.11415,0.44619,0.30083,-0.20491,0.24009,0.64401
16.88,0.08701,0.01984,0.11198,-1.3842,0,-0.15927,-0.53764,0.31901,-0.25979,0.00655,-0.09301,-0.49213,-0.3199,1.01687,-0.1457,-0.32933,-0.07074,-0.8204,0.00859,-0.88059,0.47977,0.67173,0.13877,0.12515,-0.01905,0.08592,0.11926,0.07312,0.75057,0.38938,-0.22614,0.19122,0.34043,-0.24362,0.09818,0.48558,0.36403,-0.21999,0.23839,0.63007
16.9,0.06523,0.01946,0.10457,-1.38557,0,-0.15533,-0.53297,0.43189,-0.10029,0.1494,-0.27533,-0.65142,-0.56982,1.31837,-0.20241,-0.55463,-0.12354,-0.71122,0.01185,-1.09788,0.81706,0.66105,0.21141,0.33495,-0.02757,0.12276,0.00113,0.05068,0.7566,0.58166,-0.24986,0.20312,0.36006,-0.28388,0.0813,0.52747,0.41297,-0.22651,0.23244,0.60089
16.92,0.04438,0.01846,0.09546,-1.36055,0,-0.14891,-0.51498,0.53044,0.04667,0.29471,-0.43902,-0.77665,-0.82253,1.56176,-0.27388,-0.76859,-0.18825,-0.58971,0.01589,-1.27743,1.1163,0.59477,0.26152,0.52115,-0.03711,0.16389,-0.10293,0.0303,0.75608,0.73843,-0.26474,0.20952,0.36925,-0.31187,0.06414,0.568,0.4434,-0.2234,0.22123,0.55553
16.94,0.02531,0.01683,0.08518,-1.3057,0,-0.13971,-0.48445,0.60906,0.17588,0.43545,-0.57819,-0.86571,-1.05972,1.73328,-0.34356,-0.96245,-0.24401,-0.4609,0.01923,-1.40816,1.36824,0.46639,0.28969,0.68898,-0.04712,0.20706,-0.18705,0.01299,0.74675,0.84947,-0.26975,0.20953,0.36509,-0.32458,0.0472,0.60327,0.45204,-0.21019,0.20386,0.49376
16.96,0.00869,0.01459,0.0743,-1.21898,0,-0.1275,-0.44303,0.6634,0.28328,0.56524,-0.68834,-0.91916,-1.26174,1.82228,-0.38946,-1.12878,-0.26338,-0.32861,0.01991,-1.47978,1.56751,0.2695,0.29915,0.84407,-0.05674,0.24881,-0.24705,-0.00057,0.72615,0.90804,-0.26451,0.20269,0.34592,-0.31987,0.03086,0.62938,0.43673,-0.18709,0.1798,0.41629
16.98,-0.00508,0.01186,0.06349,-1.10006,0,-0.11223,-0.39325,0.69079,0.36603,0.67962,-0.76663,-0.93965,-1.40884,1.82148,-0.38523,-1.26199,-0.21442,-0.19471,0.01562,-1.48286,1.71303,-0.00287,0.29557,0.98836,-0.06478,0.28433,-0.28063,-0.01012,0.69177,0.91136,-0.24938,0.18906,0.31156,-0.29645,0.01541,0.6427,0.39657,-0.15503,0.14913,0.32502
17,-0.01578,0.00878,0.05347,-0.95055,0,-0.09407,-0.33836,0.69042,0.42262,0.77689,-0.81198,-0.93117,-1.48229,1.72722,-0.30174,-1.35868,-0.06355,-0.05858,0.0039,-1.40872,1.80828,-0.35858,0.28695,1.11679,-0.06971,0.30741,-0.28736,-0.01571,0.64146,0.86058,-0.22544,0.16931,0.26336,-0.254,0.00098,0.63999,0.33186,-0.11566,0.11269,0.22314
17.02,-0.02342,0.00556,0.04506,-0.77413,0,-0.07342,-0.28219,0.66338,0.45287,0.85853,-0.82502,-0.89839,-1.46508,1.5394,-0.10939,-1.41739,0.22102,0.0832,-0.01752,-1.24914,1.86095,-0.80631,0.28368,1.21548,-0.06964,0.31043,-0.2684,-0.01776,0.5737,0.76049,-0.19446,0.1447,0.20413,-0.19305,-0.01239,0.61878,0.24406,-0.07122,0.07212,0.11502
17.04,-0.02815,0.00243,0.03918,-0.57637,0,-0.05094,-0.22897,0.61241,0.45798,0.92882,-0.80789,-0.8461,-1.34223,1.26126,0.21914,-1.43799,0.66548,0.23679,-0.05054,-0.99581,1.8822,-1.35487,0.29864,1.26223,-0.06238,0.2846,-0.22621,-0.01688,0.48778,0.61871,-0.1587,0.11701,0.13792,-0.11483,-0.0247,0.57767,0.13551,-0.02434,0.02966,0.00583
17.06,-0.03019,-0.00036,0.03681,-0.36437,0,-0.02746,-0.18298,0.54147,0.44045,0.99398,-0.76381,-0.77871,-1.10085,0.89906,0.70544,-1.42051,1.28638,0.4106,-0.09633,-0.63994,1.88555,-2.01184,0.34733,1.22883,-0.04558,0.22032,-0.16399,-0.01384,0.38391,0.44477,-0.12068,0.0883,0.06973,-0.02107,-0.03599,0.51674,0.0092,0.02226,-0.01216,-0.09913
17.08,-0.02977,-0.00257,0.03891,-0.14631,0,-0.00393,-0.14823,0.4553,0.40402,1.06086,-0.69675,-0.70002,-0.73027,0.46179,1.36179,-1.36387,2.08663,0.61431,-0.1551,-0.17214,1.88547,-2.78141,0.4479,1.08479,-0.0169,0.10787,-0.08527,-0.00946,0.26327,0.24902,-0.08288,0.06078,0.00502,0.08616,-0.04622,0.4378,-0.13149,0.06607,-0.05096,-0.19512
17.1,-0.0271,-0.004,0.04641,0.06908,0,0.01865,-0.12812,0.35889,0.35349,1.13557,-0.61107,-0.61312,-0.22251,-0.0389,2.18736,-1.26461,3.052,0.85717,-0.2258,0.41696,1.89608,-3.66127,0.62078,0.8016,0.02573,-0.06176,0.00643,-0.00452,0.12798,0.04178,-0.04761,0.0365,-0.05071,0.20455,-0.0553,0.34457,-0.2829,0.10498,-0.08483,-0.27852
17.12,-0.02235,-0.00451,0.06002,0.27311,0,0.03933,-0.12506,0.25715,0.29442,1.22217,-0.5113,-0.52056,0.42675,-0.58861,3.16485,-1.11577,4.14839,1.14576,-0.30602,1.13512,1.92976,-4.63871,0.88774,0.35673,0.08376,-0.29569,0.10766,0.00025,-0.01896,-0.16716,-0.01675,0.01725,-0.09243,0.33142,-0.06303,0.24252,-0.44093,0.13743,-0.11266,-0.34724
17.14,-0.01567,-0.00398,0.08015,0.45769,0,0.05733,-0.14009,0.15459,0.23259,1.32159,-0.40201,-0.42458,1.21668,-1.17009,4.25784,-0.90617,5.32061,1.4811,-0.39181,1.98609,1.99603,-5.68626,1.2702,-0.26289,0.15764,-0.59778,0.21496,0.00423,-0.17377,-0.36876,0.00824,0.00434,-0.11603,0.46353,-0.06914,0.13839,-0.60083,0.1623,-0.13424,-0.40076
17.16,-0.00725,-0.00236,0.10668,0.61587,0,0.07205,-0.17257,0.05519,0.17346,1.43086,-0.28771,-0.32738,2.1394,-1.76314,5.40924,-0.62011,6.49295,1.85561,-0.47781,2.96646,2.10043,-6.75742,1.78708,-1.05801,0.24633,-0.96722,0.32451,0.00685,-0.33209,-0.55461,0.02632,-0.00143,-0.11881,0.59678,-0.07338,0.03937,-0.75678,0.17881,-0.15017,-0.43986
17.18,0.00262,0.00035,0.13885,0.7424,0,0.0832,-0.21992,-0.03775,0.12153,1.54283,-0.17287,-0.23144,3.17796,-2.34487,6.54123,-0.23774,7.57211,2.25037,-0.55741,4.06246,2.24394,-7.78381,2.45212,-2.01445,0.34681,-1.397,0.43186,0.0076,-0.48912,-0.71678,0.03682,0.00013,-0.0998,0.72591,-0.07553,-0.04777,-0.9016,0.18632,-0.16181,-0.46625
17.2,0.01348,0.00411,0.17516,0.83402,0,0.0908,-0.27758,-0.12161,0.07988,1.64631,-0.06186,-0.13957,4.30439,-2.89041,7.55704,0.2638,8.45256,2.63332,-0.6232,5.24696,2.42265,-8.67453,3.27117,-3.1005,0.45372,-1.87268,0.53163,0.00598,-0.63978,-0.84761,0.03937,0.00863,-0.06005,0.84435,-0.0755,-0.1176,-1.02661,0.18418,-0.17095,-0.48207
17.22,0.02469,0.00884,0.21332,0.88962,0,0.09515,-0.33911,-0.19438,0.04991,1.72673,0.04111,-0.05486,5.47831,-3.37413,8.34491,0.90834,9.02464,2.95915,-0.66757,6.4775,2.62799,-9.31883,4.23968,-4.26439,0.55898,-2.3716,0.61747,0.00159,-0.77869,-0.93971,0.03384,0.02307,-0.00264,0.94433,-0.07334,-0.16666,-1.12182,0.17167,-0.17958,-0.48937
17.24,0.03544,0.01441,0.25037,0.91005,0,0.09677,-0.39659,-0.2547,0.03139,1.7673,0.13216,0.01972,6.64646,-3.7715,8.78458,1.71774,9.18512,3.17111,-0.6835,7.6957,2.84737,-9.59258,5.34058,-5.43237,0.65178,-2.86281,0.6823,-0.00589,-0.90023,-0.98626,0.02033,0.04194,0.0675,1.01716,-0.06927,-0.19386,-1.17655,0.1481,-0.18954,-0.48969
17.26,0.04476,0.02063,0.28283,0.89782,0,0.09629,-0.44134,-0.30175,0.02268,1.75068,0.20802,0.08191,7.74355,-4.06135,8.75627,2.70821,8.84962,3.20523,-0.66556,8.82855,3.06527,-9.36837,6.54285,-6.50817,0.71881,-3.30811,0.71887,-0.01659,-0.99851,-0.9815,-0.00082,0.06333,0.14403,1.05399,-0.06362,-0.20065,-1.18041,0.11298,-0.20221,-0.48371
17.28,0.05168,0.02727,0.30699,0.85662,0,0.09438,-0.46472,-0.33529,0.02121,1.66094,0.2663,0.13072,8.69464,-4.22823,8.15172,3.88609,7.96517,2.99653,-0.61087,9.79158,3.26454,-8.52873,7.80093,-7.37534,0.74499,-3.66441,0.72057,-0.03033,-1.06753,-0.9216,-0.02892,0.08498,0.21975,1.04669,-0.05684,-0.19077,-1.12466,0.06632,-0.21824,-0.47103
17.3,0.05527,0.03399,0.31932,0.79094,0,0.09161,-0.45921,-0.35559,0.02406,1.48572,0.30571,0.16681,9.41918,-4.26416,6.88623,5.24346,6.52096,2.48716,-0.51995,10.4941,3.4279,-6.98072,9.05513,-7.90346,0.71481,-3.88751,0.68238,-0.0466,-1.10151,-0.80569,-0.06286,0.10454,0.28726,0.98904,-0.04946,-0.16998,-1.00371,0.00891,-0.23732,-0.45019
17.32,0.05479,0.04038,0.31681,0.70564,0,0.08842,-0.41935,-0.36352,0.02851,1.2182,0.32612,0.19262,9.83641,-4.1692,4.91051,6.75397,4.55448,1.63574,-0.39718,10.84589,3.53908,-4.67032,10.23291,-7.9593,0.61425,-3.93743,0.60197,-0.06453,-1.09547,-0.63682,-0.10099,0.11962,0.33961,0.87787,-0.04208,-0.14537,-0.81667,-0.05737,-0.25808,-0.41883
17.34,0.04981,0.04595,0.29745,0.60568,0,0.08517,-0.34278,-0.36041,0.03263,0.85875,0.32848,0.21192,9.87208,-3.95056,2.22098,8.3693,2.15185,0.42729,-0.25086,10.76533,3.58374,-1.59507,11.25125,-7.42271,0.43348,-3.78478,0.48062,-0.08287,-1.04595,-0.42288,-0.14095,0.12808,0.37096,0.71416,-0.03542,-0.12459,-0.56853,-0.12944,-0.27814,-0.37403
17.36,0.04028,0.05012,0.26056,0.49586,0,0.08215,-0.23099,-0.3481,0.03572,0.416,0.31453,0.22914,9.46614,-3.62054,-1.13197,10.01686,-0.55767,-1.11752,-0.09269,10.18836,3.55002,2.18611,12.02008,-6.20581,0.16997,-3.41742,0.32396,-0.10012,-0.952,-0.1771,-0.17967,0.12818,0.37717,0.50388,-0.03032,-0.11493,-0.27108,-0.20293,-0.29425,-0.31287
17.38,0.02662,0.05223,0.20714,0.38065,0,0.07964,-0.08982,-0.32882,0.0385,-0.09259,0.28656,0.24853,8.58064,-3.19402,-5.03868,11.59912,-3.41154,-2.93505,0.06316,9.07759,3.42904,6.54666,12.44674,-4.27241,-0.16787,-2.84601,0.14243,-0.11462,-0.81597,0.08187,-0.21338,0.11879,0.3563,0.25847,-0.02776,-0.12233,0.05687,-0.27231,-0.3026,-0.233
17.4,0.00972,0.05161,0.14001,0.26422,0,0.07797,0.07051,-0.30512,0.04316,-0.64119,0.24701,0.27329,7.20668,-2.68622,-9.32892,12.99518,-6.22688,-4.91558,0.20144,7.43005,3.21513,11.29119,12.44068,-1.6535,-0.55732,-2.10671,-0.04895,-0.12475,-0.64424,0.3306,-0.23781,0.09962,0.30905,-0.00528,-0.0288,-0.15054,0.39006,-0.33119,-0.2992,-0.1334
17.42,-0.00912,0.04765,0.06374,0.15043,0,0.07755,0.23607,-0.27971,0.05283,-1.19701,0.19828,0.30501,5.36867,-2.11102,-13.77638,14.06468,-8.81553,-6.90618,0.30757,5.28167,2.90585,16.16125,11.91791,1.54532,-0.9585,-1.25928,-0.2314,-0.12906,-0.44735,0.54246,-0.24856,0.07137,0.23884,-0.26613,-0.03446,-0.20047,0.69839,-0.37276,-0.28036,-0.01497
17.44,-0.02827,0.03982,-0.01572,0.04291,0,0.07875,0.39057,-0.25525,0.0709,-1.72301,0.14249,0.34342,3.12498,-1.48016,-18.1099,14.65457,-11.00058,-8.72047,0.36962,2.7075,2.50168,20.84897,10.8048,5.14702,-1.31284,-0.38008,-0.38417,-0.12643,-0.23955,0.69015,-0.24165,0.03577,0.15171,-0.50031,-0.04555,-0.26988,0.94979,-0.39044,-0.24324,0.11896
17.46,-0.04606,0.02781,-0.09163,-0.05491,0,0.08188,0.51722,-0.23409,0.09999,-2.18147,0.08142,0.38645,0.56515,-0.80319,-22.03137,14.60897,-12.63331,-10.15475,0.38049,-0.18223,2.00542,25.01852,9.042,8.9166,-1.54345,0.44889,-0.48686,-0.11624,-0.03769,0.74892,-0.2142,-0.00436,0.05595,-0.68405,-0.06237,-0.35333,1.11387,-0.37869,-0.18636,0.26235
17.48,-0.06089,0.01162,-0.15717,-0.13979,0,0.08704,0.60091,-0.2181,0.141,-2.53807,0.01657,0.4306,-2.19536,-0.08818,-25.23844,13.78182,-13.60887,-11.00795,0.33971,-3.24926,1.42172,28.33292,6.58924,12.58258,-1.55812,1.15247,-0.52208,-0.09844,0.14032,0.70004,-0.16506,-0.04521,-0.03845,-0.79654,-0.08446,-0.44258,1.16607,-0.33377,-0.11006,0.4065
17.5,-0.07147,-0.00841,-0.2062,-0.2088,0,0.09398,0.6301,-0.20846,0.19235,-2.76549,-0.0507,0.47149,-5.02214,0.65704,-27.44937,12.05152,-13.87805,-11.10266,0.2546,-6.33647,0.75665,30.48305,3.43165,15.86356,-1.25555,1.67331,-0.47783,-0.07362,0.27723,0.53382,-0.09529,-0.0821,-0.12047,-0.8227,-0.11045,-0.52726,1.09129,-0.25452,-0.01677,0.54041
17.52,-0.07692,-0.03155,-0.2339,-0.25949,0,0.10207,0.5982,-0.2057,0.24989,-2.84612,-0.11884,0.50448,-7.76999,1.42352,-28.42705,9.33594,-13.45244,-10.30389,0.14035,-9.27871,0.01745,31.21503,-0.41284,18.49696,-0.53558,1.97899,-0.34924,-0.04295,0.3583,0.25149,-0.00829,-0.10979,-0.1788,-0.75528,-0.13795,-0.59595,0.88658,-0.1428,0.08897,0.65175
17.54,-0.07684,-0.05666,-0.23725,-0.29018,0,0.11024,0.50418,-0.2098,0.30721,-2.77334,-0.18581,0.52539,-10.29228,2.19985,-28.00043,5.60664,-12.40193,-8.53409,0.01871,-11.91478,-0.78764,30.35407,-4.88575,20.26763,0.6871,2.0639,-0.13934,-0.00806,0.37299,-0.13429,0.0905,-0.12279,-0.20267,-0.59607,-0.16367,-0.63751,0.56221,-0.00363,0.20085,0.72819
17.56,-0.07122,-0.08234,-0.21535,-0.30028,0,0.117,0.35247,-0.22038,0.35666,-2.55163,-0.24867,0.5311,-12.45116,2.9713,-26.08294,0.90127,-10.84561,-5.78388,-0.08447,-14.10031,-1.64949,27.82405,-9.88103,21.03386,2.46689,1.94667,0.14098,0.02919,0.31651,-0.60036,0.19427,-0.11585,-0.18266,-0.35609,-0.18364,-0.6427,0.14138,0.15501,0.31136,0.75904
17.58,-0.06039,-0.10693,-0.16959,-0.29062,0,0.12057,0.15236,-0.23694,0.39054,-2.19573,-0.30342,0.52013,-14.1279,3.71972,-22.68721,-4.66651,-8.93839,-2.1186,-0.14248,-15.72019,-2.55815,23.66228,-15.24017,20.74714,4.81133,1.66425,0.47386,0.06685,0.19087,-1.115,0.29578,-0.08443,-0.11152,-0.0549,-0.19356,-0.60565,-0.34159,0.32276,0.41262,0.73703
17.6,-0.04493,-0.12871,-0.10356,-0.26353,0,0.119,-0.08299,-0.25904,0.40241,-1.72927,-0.34506,0.49301,-15.23218,4.42418,-17.93375,-10.90159,-6.85579,2.31968,-0.13144,-16.69866,-3.50276,18.02714,-20.75108,19.46059,7.66831,1.26476,0.83577,0.10305,0.00525,-1.64065,0.38846,-0.02517,0.01518,0.28094,-0.18928,-0.52501,-0.84403,0.48761,0.49715,0.65958
17.62,-0.02553,-0.14605,-0.02281,-0.22267,0,0.11037,-0.33772,-0.2863,0.38806,-1.18276,-0.36795,0.45235,-15.70859,5.06264,-12.0502,-17.52862,-4.77786,7.31619,-0.03383,-17.0052,-4.47128,11.19494,-26.15258,17.32117,10.91958,0.80017,1.19941,0.13602,-0.22455,-2.13699,0.46742,0.06372,0.19851,0.6202,-0.16721,-0.40453,-1.31888,0.63699,0.5586,0.52948
17.64,-0.00293,-0.15751,0.06567,-0.17253,0,0.09303,-0.59465,-0.31832,0.34615,-0.59119,-0.36662,0.40261,-15.54005,5.6144,-5.35922,-24.2021,-2.87331,12.59418,0.15842,-16.65504,-5.45008,3.54385,-31.14616,14.54475,14.38247,0.31989,1.53581,0.16395,-0.47766,-2.56435,0.53033,0.18221,0.43596,0.93017,-0.12473,-0.25274,-1.71941,0.75897,0.59231,0.3546
17.66,0.02217,-0.16199,0.15411,-0.11765,0,0.06587,-0.83661,-0.3544,0.27849,0.00861,-0.33683,0.34952,-14.7484,6.06297,1.74414,-30.5257,-1.28439,17.8322,0.44163,-15.70541,-6.42346,-4.47351,-35.41519,11.37866,17.8202,-0.13424,1.81672,0.18484,-0.73053,-2.88718,0.57809,0.32828,0.72128,1.18022,-0.06063,-0.08209,-2.00448,0.8436,0.59571,0.14691
17.68,0.04917,-0.15889,0.23472,-0.06167,0,0.02858,-1.04777,-0.39323,0.1899,0.5806,-0.27667,0.29934,-13.39326,6.39881,8.82167,-36.07977,-0.11398,22.68624,0.79936,-14.2489,-7.37304,-12.36489,-38.65051,8.06113,20.95955,-0.53101,2.01699,0.19624,-0.95963,-3.07731,0.61504,0.49772,1.04444,1.34545,0.02458,0.09242,-2.14358,0.88407,0.56851,-0.07907
17.7,0.07752,-0.14816,0.3004,-0.0065,0,-0.0182,-1.21464,-0.43258,0.0878,1.09164,-0.18749,0.25803,-11.5694,6.62077,15.42451,-40.45459,0.5838,26.81447,1.20306,-12.40507,-8.27681,-19.63565,-40.57922,4.78746,23.51399,-0.85097,2.11652,0.19508,-1.14406,-3.11648,0.64876,0.68395,1.39142,1.40962,0.12854,0.25467,-2.12077,0.87763,0.51268,-0.30791
17.72,0.10681,-0.13035,0.34528,0.04829,0,-0.07271,-1.32671,-0.46915,-0.01836,1.51301,-0.0744,0.23038,-9.40181,6.73533,21.12592,-43.28705,0.80804,29.90244,1.61484,-10.31043,-9.10777,-25.82535,-40.99346,1.69093,25.21019,-1.08508,2.10161,0.17764,-1.26746,-2.99773,0.68908,0.87789,1.74389,1.36695,0.24692,0.38883,-1.93666,0.8258,0.43224,-0.52478
17.74,0.13663,-0.10651,0.36509,0.10583,0,-0.13213,-1.37659,-0.4985,-0.11803,1.82133,0.05385,0.21921,-7.03829,6.75347,25.55322,-44.29954,0.61016,31.68772,1.99236,-8.10701,-9.83223,-30.54187,-39.77689,-1.15888,25.81598,-1.23152,1.96549,0.1396,-1.31914,-2.72546,0.74645,1.06765,2.07886,1.22241,0.3737,0.48053,-1.60814,0.73403,0.33271,-0.71677
17.76,0.16658,-0.0781,0.3574,0.17189,0,-0.1927,-1.35988,-0.51519,-0.20059,1.99902,0.18563,0.22474,-4.63942,6.68595,28.41785,-43.34097,0.08769,31.98315,2.29506,-5.93019,-10.40862,-33.49221,-36.9289,-3.74253,25.16781,-1.29133,1.70822,0.07631,-1.29444,-2.31427,0.82981,1.23852,2.36848,0.99072,0.50153,0.51786,-1.16601,0.61066,0.22045,-0.8739
17.78,0.19625,-0.04684,0.32165,0.25449,0,-0.25001,-1.27498,-0.51319,-0.25658,2.03473,0.30759,0.24424,-2.36681,6.53859,29.54134,-40.42874,-0.6263,30.69761,2.49066,-3.89741,-10.78787,-34.50843,-32.58619,-6.06803,23.19459,-1.26413,1.3362,-0.01674,-1.19465,-1.78722,0.94433,1.37313,2.58036,0.69436,0.62235,0.49218,-0.65118,0.4658,0.10195,-0.98982
17.8,0.22522,-0.01459,0.25913,0.36313,0,-0.29933,-1.12285,-0.48639,-0.27882,1.9239,0.40621,0.272,-0.37039,6.30916,28.87336,-35.78721,-1.37759,27.8508,2.56009,-2.09898,-10.91605,-33.56482,-27.03205,-8.14647,19.93295,-1.14538,0.86158,-0.14342,-1.02657,-1.17366,1.08942,1.45202,2.67871,0.36106,0.72806,0.39877,-0.11016,0.3101,-0.01677,-1.06221
17.82,0.2531,0.01681,0.17282,0.50773,0,-0.33604,-0.90701,-0.42937,-0.26357,1.66943,0.46944,0.2999,1.22498,5.98706,26.49725,-29.84835,-2.00847,23.57779,2.49983,-0.59211,-10.73965,-30.78166,-20.65974,-9.97221,15.52868,-0.926,0.30148,-0.30625,-0.80193,-0.50704,1.25742,1.45477,2.6265,0.02091,0.81135,0.23722,0.40969,0.15384,-0.1305,-1.09277
17.84,0.27967,0.04558,0.06713,0.69715,0,-0.35605,-0.63349,-0.33823,-0.2114,1.28256,0.48841,0.31841,2.33274,5.55595,22.62103,-23.15251,-2.37753,18.1208,2.32079,0.60158,-10.21317,-26.41364,-13.87101,-11.51182,10.22228,-0.59482,-0.32275,-0.50572,-0.53652,0.1775,1.43324,1.3616,2.38872,-0.29659,0.86641,0.01164,0.86488,0.0063,-0.23501,-1.08686
17.86,0.305,0.07007,-0.05251,0.93759,0,-0.35627,-0.311,-0.2115,-0.12766,0.78362,0.45895,0.31805,2.91641,4.99888,17.55604,-16.17945,-2.37964,11.80982,2.04456,1.49516,-9.30827,-20.82504,-6.97234,-12.70316,4.32135,-0.14309,-0.98651,-0.73964,-0.24923,0.84543,1.59505,1.1556,1.93671,-0.56551,0.88968,-0.26945,1.22009,-0.12453,-0.32697,-1.05267
17.88,0.32956,0.08882,-0.17999,1.23094,0,-0.33501,0.04908,-0.05085,-0.02255,0.2024,0.38257,0.29086,2.99759,4.30464,11.68788,-9.24331,-1.9628,5.03532,1.69818,2.13242,-8.02259,-14.45673,-0.15109,-13.46367,-1.83332,0.43009,-1.66285,-1.00259,0.03921,1.46501,1.71603,0.82534,1.25308,-0.76599,0.88048,-0.59342,1.45168,-0.23217,-0.40375,-1.00023
17.9,0.35439,0.10055,-0.30896,1.57335,0,-0.29219,0.43279,0.13839,0.08966,-0.4223,0.26674,0.23177,2.65703,3.47331,5.44386,-2.50206,-1.13795,-1.78311,1.30899,2.58081,-6.38603,-7.7891,6.47595,-13.70585,-7.90099,1.11312,-2.32346,-1.28571,0.30783,2.00913,1.76712,0.36759,0.33662,-0.88619,0.84121,-0.94416,1.54989,-0.31174,-0.46327,-0.94013
17.92,0.38107,0.10428,-0.43325,1.9542,0,-0.22936,0.82404,0.34727,0.19225,-1.04452,0.12404,0.13936,2.02615,2.51948,-0.74066,3.9803,0.02184,-8.23052,0.90066,2.92153,-4.46188,-1.30352,12.79449,-13.35709,-13.56805,1.87956,-2.93964,-1.57675,0.53736,2.45656,1.72062,-0.21022,-0.79362,-0.92306,0.77727,-1.30298,1.51924,-0.36012,-0.50388,-0.88206
17.94,0.41163,0.0993,-0.54719,2.35571,0,-0.14945,1.20557,0.56378,0.26857,-1.61455,-0.02987,0.01608,1.26858,1.47204,-6.45583,10.16628,1.39364,-13.93112,0.49101,3.23719,-2.34163,4.55647,18.62661,-12.38109,-18.56705,2.68877,-3.48333,-1.86057,0.71254,2.79275,1.55438,-0.88819,-2.09578,-0.88212,0.6964,-1.64998,1.37703,-0.37628,-0.52436,-0.83322
17.96,0.44837,0.08528,-0.64603,2.75326,0,-0.05632,1.56018,0.774,0.30512,-2.08359,-0.17904,-0.13226,0.55445,0.37105,-11.34887,15.97978,2.8262,-18.58149,0.09151,3.5986,-0.13446,9.42196,23.69162,-10.79764,-22.6882,3.48949,-3.92846,-2.12008,0.82447,3.01013,1.25611,-1.63316,-3.50473,-0.77618,0.60766,-1.96557,1.15031,-0.3616,-0.52405,-0.7968
17.98,0.49367,0.06231,-0.72616,3.11663,0,0.04576,1.87221,0.96352,0.29447,-2.40892,-0.31031,-0.29748,0.03288,-0.73711,-15.1507,21.24434,4.16567,-21.97847,-0.2918,4.05288,2.04592,13.02971,27.6499,-8.69674,-25.7852,4.2254,-4.25227,-2.33739,0.87248,3.10809,0.82715,-2.39933,-4.93414,-0.62356,0.52036,-2.23217,0.87191,-0.32016,-0.50306,-0.77088
18,0.54971,0.03091,-0.78541,3.41201,0,0.15252,2.12885,1.11904,0.23735,-2.55846,-0.41583,-0.47035,-0.19085,-1.80475,-17.69375,25.65744,5.27952,-24.03627,-0.65673,4.61527,4.09423,15.24251,30.22305,-6.24188,-27.77695,4.84139,-4.43678,-2.4951,0.86482,3.09247,0.28478,-3.13056,-6.28135,-0.44582,0.44307,-2.43561,0.57646,-0.2589,-0.4625,-0.7481
18.02,0.61825,-0.00791,-0.82304,3.60484,0,0.25995,2.3209,1.22979,0.14319,-2.51388,-0.49451,-0.6421,-0.06839,-2.78677,-18.91739,28.86892,6.07363,-24.78776,-1.00312,5.26666,5.92361,16.05453,31.2901,-3.65808,-28.64554,5.28939,-4.46993,-2.57741,0.81767,2.97456,-0.33793,-3.76491,-7.43548,-0.26554,0.38309,-2.56595,0.29662,-0.18727,-0.40466,-0.71638
18.04,0.70048,-0.05276,-0.83964,3.66327,0,0.36429,2.44304,1.28876,0.02886,-2.27172,-0.55195,-0.8059,0.39079,-3.64314,-18.86039,30.63406,6.50035,-24.36858,-1.33116,5.95759,7.47191,15.58027,30.90234,-1.20392,-28.43131,5.53318,-4.34622,-2.57107,0.75219,2.76943,-0.99487,-4.24104,-8.28844,-0.10408,0.34622,-2.61765,0.06013,-0.11646,-0.33304,-0.66074
18.06,0.79689,-0.10195,-0.83689,3.56211,0,0.46192,2.49353,1.29349,-0.08409,-1.8427,-0.59917,-0.95818,1.12911,-4.33997,-17.64327,30.90446,6.55779,-22.9883,-1.64021,6.61761,8.70392,14.03035,29.24818,0.8682,-27.2263,5.55171,-4.06711,-2.46607,0.69029,2.4939,-1.63203,-4.50606,-8.74799,0.02056,0.3369,-2.58923,-0.11255,-0.0583,-0.25227,-0.56589
18.08,0.9071,-0.15359,-0.81722,3.28657,0,0.54917,2.47372,1.24661,-0.173,-1.24982,-0.6503,-1.09942,2.05716,-4.84993,-15.44594,29.81055,6.28297,-20.89563,-1.92801,7.16789,9.61067,11.67975,26.60498,2.35415,-25.16732,5.34124,-3.6412,-2.25634,0.64992,2.16464,-2.19381,-4.52344,-8.75055,0.09545,0.35854,-2.48263,-0.20964,-0.02389,-0.16797,-0.41924
18.1,1.0299,-0.20569,-0.78353,2.83522,0,0.62217,2.3874,1.15578,-0.21767,-0.52569,-0.71984,-1.23412,3.07168,-5.15247,-12.4852,27.60114,5.74142,-18.34544,-2.19044,7.53396,10.20604,8.83421,23.29116,3.13184,-22.42826,4.91566,-3.08409,-1.94028,0.64113,1.79669,-2.62933,-4.27903,-8.27098,0.11401,0.4137,-2.30247,-0.2287,-0.02242,-0.08648,-0.21343
18.12,1.16316,-0.25627,-0.73882,2.22134,0,0.67685,2.2401,1.03297,-0.20318,0.29055,-0.8198,-1.36963,4.07117,-5.23426,-8.99518,24.58525,5.0154,-15.57242,-2.42155,7.65616,10.52116,5.79878,19.6251,3.17764,-19.21022,4.30489,-2.4179,-1.52123,0.66394,1.40266,-2.89752,-3.78365,-7.32666,0.07648,0.50409,-2.05537,-0.1764,-0.06019,-0.01456,0.052
18.14,1.30377,-0.30336,-0.68595,1.47212,0,0.70917,2.03843,0.89313,-0.12163,1.15658,-0.95709,-1.51385,4.96699,-5.09013,-5.21177,21.08383,4.19206,-12.77385,-2.61395,7.4962,10.59702,2.85048,15.8937,2.56184,-15.72835,3.55111,-1.6701,-1.00753,0.70827,0.99261,-2.97052,-3.07149,-5.97459,-0.01023,0.6302,-1.7493,-0.06729,-0.14007,0.04095,0.37026
18.16,1.44769,-0.345,-0.62732,0.62616,0,0.7155,1.78945,0.75223,0.02726,2.03013,-1.13149,-1.67226,5.68972,-4.72447,-1.36112,17.39405,3.35284,-10.10153,-2.75954,7.04013,10.47645,0.21672,12.33155,1.42629,-12.19619,2.70357,-0.87191,-0.41244,0.75599,0.57457,-2.83556,-2.19492,-4.30282,-0.13341,0.79061,-1.39304,0.0779,-0.26138,0.07359,0.72802
18.18,1.58998,-0.37925,-0.56478,-0.27013,0,0.69317,1.50032,0.62523,0.2364,2.87181,-1.33432,-1.84491,6.19174,-4.15298,2.34854,13.76627,2.56507,-7.66117,-2.85035,6.29842,10.19683,-1.93978,9.11005,-0.04782,-8.80985,1.81309,-0.05648,0.24613,0.78437,0.15556,-2.49556,-1.21728,-2.41885,-0.27587,0.98118,-0.99595,0.2345,-0.41997,0.07784,1.10713
18.2,1.72488,-0.40422,-0.49951,-1.16648,0,0.64098,1.17822,0.52418,0.49217,3.64711,-1.5484,-2.02424,6.44725,-3.40416,5.73289,10.39247,1.87665,-5.51706,-2.87954,5.30409,9.78465,-3.52819,6.33518,-1.67266,-5.73402,0.92728,0.74271,0.94615,0.77014,-0.25714,-1.96891,-0.20544,-0.43795,-0.41743,1.19428,-0.56798,0.37604,-0.60855,0.04969,1.48657
18.22,1.846,-0.41799,-0.43211,-2.01251,0,0.55963,0.83048,0.45691,0.77567,4.3271,-1.74933,-2.19442,6.4505,-2.51977,8.63645,7.40388,1.31407,-3.69929,-2.84218,4.10928,9.2526,-4.52828,4.05208,-3.27935,-3.09134,0.08738,1.49327,1.66204,0.69355,-0.65478,-1.28846,0.77673,1.52646,-0.53656,1.41815,-0.11991,0.47639,-0.8171,-0.01277,1.84452
18.24,1.94643,-0.4187,-0.36279,-2.76105,0,0.45195,0.46491,0.42623,1.06422,4.88804,-1.90837,-2.33239,6.21323,-1.55376,10.93773,4.87537,0.88389,-2.21174,-2.73585,2.7804,8.59921,-4.98105,2.25445,-4.73268,-0.95554,-0.67314,2.16504,2.36572,0.54171,-1.02611,-0.49969,1.67313,3.36969,-0.61201,1.63671,0.33633,0.51158,-1.03333,-0.10879,2.16026
18.26,2.01897,-0.40453,-0.29151,-3.37105,0,0.32286,0.09018,0.42994,1.33318,5.31032,-1.99684,-2.41063,5.76159,-0.56959,12.55478,2.83384,0.57664,-1.0394,-2.56092,1.39251,7.8112,-4.97344,0.8968,-5.93546,0.65142,-1.32855,2.73103,3.02796,0.31121,-1.35678,0.3419,2.43867,4.99997,-0.6245,1.82983,0.78745,0.46151,-1.24323,-0.23442,2.41566
18.28,2.05652,-0.37385,-0.21836,-3.81006,0,0.17921,-0.28393,0.46123,1.5578,5.57728,-1.99164,-2.40092,5.13322,0.36366,13.45054,1.26894,0.37226,-0.15475,-2.32079,0.02332,6.86808,-4.62044,-0.09201,-6.82592,1.75821,-1.85996,3.16833,3.61997,0.00945,-1.62923,1.17407,3.04089,6.34095,-0.55831,1.97407,1.21871,0.31147,-1.43167,-0.38219,2.59631
18.3,2.0525,-0.32534,-0.14371,-4.05608,0,0.02949,-0.64627,0.50962,1.71512,5.67463,-1.88148,-2.27855,4.37435,1.17609,13.63626,0.14397,0.24561,0.47705,-2.022,-1.2524,5.74836,-4.04777,-0.79549,-7.37207,2.43846,-2.25416,3.45889,4.11513,-0.34536,-1.82326,1.93196,3.46043,7.33326,-0.40284,2.04395,1.61439,0.05361,-1.58294,-0.54114,2.692
18.32,2.00137,-0.25823,-0.06849,-4.09864,0,-0.11673,-0.98449,0.56224,1.7859,5.59066,-1.67122,-2.02599,3.53659,1.80233,13.17082,-0.59418,0.17134,0.89415,-1.67412,-2.36797,4.4364,-3.37733,-1.29753,-7.56656,2.80022,-2.50275,3.59008,4.49048,-0.72574,-1.91708,2.55292,3.6903,7.93593,-0.15385,2.01379,1.95856,-0.31185,-1.68141,-0.69709,2.69639
18.34,1.89908,-0.17253,0.00574,-3.93908,0,-0.2494,-1.28546,0.60533,1.75632,5.31733,-1.37924,-1.63574,2.67308,2.18731,12.15499,-1.00686,0.12723,1.13509,-1.28936,-3.26933,2.92901,-2.71648,-1.67221,-7.4237,2.97091,-2.60183,3.555,4.72801,-1.09825,-1.88913,2.98208,3.7344,8.12788,0.18552,1.85981,2.2365,-0.77555,-1.71209,-0.83362,2.60588
18.36,1.74353,-0.06927,0.07679,-3.59004,0,-0.35881,-1.53619,0.62592,1.61949,4.85224,-1.02696,-1.11201,1.83432,2.29188,10.72141,-1.15767,0.09618,1.23688,-0.88193,-3.91897,1.24121,-2.15129,-1.97592,-6.9789,3.07937,-2.55238,3.35273,4.81574,-1.42791,-1.7203,3.1783,3.60548,7.90976,0.60422,1.5627,2.43642,-1.31838,-1.66145,-0.93338,2.41821
18.38,1.53503,0.04928,0.14194,-3.07453,0,-0.43647,-1.7249,0.61338,1.37676,4.20118,-0.62913,-0.47132,1.06408,2.09786,9.02204,-1.10838,0.0669,1.23398,-0.4672,-4.29903,-0.5895,-1.74293,-2.24174,-6.28916,3.2376,-2.3611,2.98859,4.74874,-1.68304,-1.39656,3.1195,3.32322,7.30564,1.08315,1.1102,2.5513,-1.91121,-1.51864,-0.97991,2.13132
18.4,1.27664,0.17951,0.19813,-2.42456,0,-0.47602,-1.84226,0.56082,1.03837,3.38066,-0.19146,0.25809,0.39588,1.61121,7.21482,-0.91638,0.0337,1.15778,-0.06086,-4.41301,-2.50125,-1.52645,-2.47628,-5.43229,3.52518,-2.04125,2.47439,4.52988,-1.83955,-0.91149,2.8064,2.91255,6.36343,1.59565,0.4995,2.58026,-2.51536,-1.27706,-0.95963,1.74302
18.42,0.97435,0.31642,0.24218,-1.67911,0,-0.47394,-1.88238,0.46589,0.62334,2.41954,0.28649,1.0383,-0.14929,0.8626,5.45042,-0.63327,-0.00441,1.03656,0.32203,-4.28548,-4.40916,-1.51114,-2.65926,-4.50257,3.9787,-1.61304,1.82848,4.17008,-1.88379,-0.26838,2.26324,2.40219,5.15295,2.10868,-0.26108,2.52897,-3.0839,-0.9364,-0.86391,1.25204
18.44,0.63685,0.45389,0.27114,-0.8814,0,-0.43016,-1.84365,0.33105,0.15823,1.35757,0.80687,1.82507,-0.56412,-0.09525,3.85981,-0.30414,-0.04496,0.89551,0.66803,-3.95956,-6.21036,-1.68188,-2.74571,-3.60167,4.58754,-1.10325,1.07533,3.68776,-1.81354,0.51848,1.53512,1.82344,3.76078,2.5849,-1.15129,2.40906,-3.56399,-0.50469,-0.69093,0.6602
18.46,0.27513,0.58497,0.28253,-0.07567,0,-0.34838,-1.72909,0.16318,-0.32488,0.23917,1.36874,2.57228,-0.85485,-1.19293,2.54325,0.03279,-0.08352,0.75686,0.96634,-3.49244,-7.79248,-2.00113,-2.67089,-2.82594,5.29583,-0.54397,0.24479,3.10775,-1.63744,1.42345,0.68259,1.20899,2.28254,2.98545,-2.13939,2.2365,-3.90036,-0.00027,-0.44711,-0.02459
18.48,-0.09823,0.70241,0.27472,0.69614,0,-0.23605,-1.54658,-0.02722,-0.79123,-0.89288,1.96282,3.23668,-1.03998,-2.35118,1.56213,0.34621,-0.11508,0.6398,1.20965,-2.94981,-9.04419,-2.4113,-2.35742,-2.2525,6.00938,0.02901,-0.62902,2.45981,-1.37306,2.40999,-0.2255,0.59183,0.81409,3.2733,-3.18342,2.02979,-4.03966,0.54726,-0.1478,-0.78516
18.5,-0.46971,0.7992,0.24716,1.39726,0,-0.10403,-1.30862,-0.22729,-1.20628,-1.99597,2.56592,3.78211,-1.14793,-3.48822,0.93492,0.61163,-0.13527,0.56019,1.39468,-2.39976,-9.86597,-2.83785,-1.72429,-1.92767,6.60625,0.57821,-1.50903,1.77696,-1.04436,3.43202,-1.11924,0.00396,-0.55679,3.41663,-4.23343,1.80817,-3.93531,1.09745,0.18304,-1.59285
18.52,-0.82558,0.86907,0.20047,1.99809,0,0.03433,-1.03165,-0.42335,-1.53865,-3.02099,3.13579,4.18242,-1.21348,-4.52628,0.63838,0.81109,-0.1412,0.52991,1.52217,-1.90662,-10.17961,-3.1931,-0.69736,-1.86005,6.94978,1.06638,-2.35673,1.09365,-0.67881,4.43625,-1.93398,-0.52515,-1.75695,3.39177,-5.23448,1.59048,-3.55241,1.60174,0.51476,-2.40703
18.54,-1.15265,0.90696,0.13637,2.47728,0,0.16462,-0.73474,-0.60265,-1.76287,-3.91178,3.61203,4.42271,-1.27328,-5.39709,0.61416,0.9328,-0.1319,0.55602,1.59625,-1.52486,-9.93535,-3.38122,0.779,-2.01983,6.9032,1.45857,-3.13402,0.44353,-0.3043,5.36544,-2.61524,-0.97035,-2.73223,3.1855,-6.13049,1.39441,-2.87212,2.00847,0.81341,-3.17692
18.56,-1.439,0.90936,0.05754,2.82199,0,0.27313,-0.43791,-0.75522,-1.86171,-4.61388,3.93022,4.49916,-1.36084,-6.04605,0.77963,0.97066,-0.10834,0.63962,1.62345,-1.2935,-9.11682,-3.30447,2.72992,-2.34367,6.34512,1.7242,-3.8054,-0.14282,0.05369,6.16247,-3.12217,-1.31297,-3.44958,2.79654,-6.86862,1.23639,-1.89554,2.26968,1.04628,-3.84567
18.58,-1.67474,0.87466,-0.03272,3.02765,0,0.3487,-0.16026,-0.87531,-1.82803,-5.08449,4.04333,4.41802,-1.50161,-6.43519,1.04076,0.92385,-0.07328,0.77501,1.61148,-1.23125,-7.74397,-2.8708,5.13842,-2.7435,5.18479,1.83921,-4.34023,-0.64013,0.37433,6.77486,-3.42952,-1.54257,-3.8972,2.23639,-7.40389,1.13147,-0.64651,2.34847,1.18674,-4.35603
18.6,-1.85262,0.80339,-0.13077,3.09716,0,0.38418,0.08169,-0.96235,-1.66572,-5.29827,3.9347,4.19393,-1.70914,-6.54459,1.30475,0.79633,-0.03092,0.94929,1.56816,-1.33317,-5.87394,-2.00241,7.93559,-3.11725,3.37582,1.78808,-4.7147,-1.03029,0.64291,7.159,-3.52833,-1.6579,-4.08293,1.52918,-7.70315,1.09313,0.82711,2.22523,1.21835,-4.65664
18.62,-1.96846,0.69822,-0.23292,3.03973,0,0.37729,0.27537,-1.02085,-1.38944,-5.24961,3.61859,3.84807,-1.98289,-6.37187,1.49058,0.59613,0.01349,1.14296,1.50057,-1.56929,-3.5991,-0.64491,10.99439,-3.35963,0.9264,1.56558,-4.91321,-1.30337,0.85096,7.28318,-3.42517,-1.66648,-4.03092,0.71039,-7.74757,1.13241,2.45452,1.9012,1.13725,-4.70802
18.64,-2.02133,0.56382,-0.33571,2.8693,0,0.33062,0.41293,-1.05928,-1.02298,-4.95285,3.13449,3.40589,-2.30792,-5.92991,1.53632,0.33458,0.05408,1.3314,1.41458,-1.88557,-1.0418,1.22362,14.1285,-3.37218,-2.09497,1.17806,-4.92882,-1.45799,0.99529,7.12929,-3.13999,-1.58266,-3.77674,-0.17583,-7.53334,1.25644,4.14577,1.39886,0.95249,-4.48765
18.66,-2.01342,0.40654,-0.43613,2.60285,0,0.25095,0.49161,-1.08819,-0.59658,-4.44057,2.53683,2.89515,-2.65669,-5.24331,1.40314,0.02529,0.08482,1.4875,1.31461,-2.20745,1.65368,3.58429,17.09763,-3.07194,-5.55848,0.64405,-4.76309,-1.50083,1.07624,6.6932,-2.70309,-1.42444,-3.36176,-1.08038,-7.07078,1.46646,5.79818,0.75918,0.68438,-3.99369
18.68,-1.94989,0.23397,-0.53176,2.25883,0,0.14815,0.51365,-1.11804,-0.14373,-3.76074,1.87965,2.34433,-2.99211,-4.34476,1.07665,-0.31678,0.09999,1.58478,1.20375,-2.44578,4.33125,6.37082,19.62018,-2.39865,-9.27649,-0.00594,-4.42551,-1.44581,1.09561,5.98443,-2.1517,-1.21018,-2.82773,-1.95348,-6.38267,1.75576,7.30438,0.03682,0.36162,-3.24706
18.7,-1.83858,0.05443,-0.62085,1.85606,0,0.03388,0.48577,-1.15724,0.30204,-2.97296,1.20358,1.78069,-3.27174,-3.27219,0.56578,-0.67614,0.09477,1.60074,1.084,-2.50501,6.83384,9.4662,21.39353,-1.32031,-13.01118,-0.73065,-3.93264,-1.31277,1.05504,5.02519,-1.52668,-0.95562,-2.21245,-2.74866,-5.50209,2.10825,8.56094,-0.70556,0.01768,-2.29132
18.72,-1.68943,-0.12345,-0.70226,1.41305,0,-0.07958,0.41832,-1.21092,0.70979,-2.14394,0.53252,1.22592,-3.4523,-2.06707,-0.10027,-1.03722,0.06583,1.51998,0.95657,-2.29351,9.01446,12.70407,22.12199,0.16358,-16.48682,-1.48089,-3.30689,-1.12581,0.95511,3.84874,-0.86956,-0.67228,-1.54722,-3.42604,-4.46991,2.49799,9.47652,-1.4032,-0.31278,-1.18975
18.74,-1.51376,-0.29128,-0.77532,0.9477,0,-0.18042,0.324,-1.28051,1.05316,-1.34231,-0.12177,0.69133,-3.49429,-0.77382,-0.87678,-1.38474,0.01201,1.3365,0.82204,-1.73539,10.7468,15.87585,21.55086,2.0214,-19.40683,-2.2038,-2.57488,-0.91132,0.79551,2.49693,-0.21994,-0.36724,-0.85604,-3.95463,-3.33197,2.89016,9.9789,-1.99485,-0.59747,-0.01929
18.76,-1.32337,-0.44136,-0.83954,0.4774,0,-0.25813,0.21636,-1.36406,1.31176,-0.63293,-0.75299,0.17721,-3.36649,0.55992,-1.70937,-1.70387,-0.06511,1.05535,0.68063,-0.78278,11.93503,18.74363,19.50392,4.19146,-21.47553,-2.84837,-1.76549,-0.69584,0.57603,1.01726,0.38677,-0.04422,-0.15645,-4.31374,-2.13606,3.2433,10.02097,-2.42786,-0.80942,1.13777
18.78,-1.12961,-0.56717,-0.89441,0.0194,0,-0.30415,0.10827,-1.4571,1.47183,-0.07145,-1.3537,-0.32321,-3.05007,1.88294,-2.54012,-1.98049,-0.16086,0.69307,0.53235,0.57326,12.52184,21.05739,15.91853,6.58644,-22.42299,-3.37121,-0.90802,-0.50389,0.29814,-0.54016,0.92096,0.29455,0.53874,-4.49381,-0.92919,3.51266,9.5854,-2.66264,-0.92954,2.20281
18.8,-0.94262,-0.66374,-0.93917,-0.40877,0,-0.3125,0.01065,-1.5536,1.52651,0.30046,-1.90905,-0.81855,-2.54173,3.14055,-3.3131,-2.20161,-0.26756,0.27691,0.37742,2.29547,12.49265,22.57455,10.87081,9.10032,-22.03058,-3.74149,-0.03077,-0.35619,-0.03354,-2.125,1.35999,0.64629,1.21928,-4.49649,0.24457,3.65398,8.68765,-2.67612,-0.94824,3.10865
18.82,-0.77084,-0.72784,-0.97275,-0.7888,0,-0.28021,-0.06851,-1.64668,1.47544,0.4585,-2.39281,-1.31418,-1.85543,4.2759,-3.97874,-2.35597,-0.37524,-0.15757,0.21678,4.29912,11.87458,23.07941,4.58287,11.61736,-20.15397,-3.94397,0.84004,-0.26829,-0.41012,-3.68849,1.68856,1.00605,1.87564,-4.33407,1.34555,3.62739,7.37597,-2.46389,-0.86602,3.8049
18.84,-0.62061,-0.75798,-0.99366,-1.10143,0,-0.2076,-0.12462,-1.72899,1.32391,0.3976,-2.77042,-1.80727,-1.02224,5.23294,-4.49677,-2.4349,-0.4729,-0.57056,0.05275,6.45755,10.7293,22.40138,-2.59136,14.02286,-16.74164,-3.97957,1.68079,-0.24977,-0.81816,-5.18462,1.89855,1.36578,2.49783,-4.02799,2.33943,3.40104,5.72819,-2.04084,-0.69308,4.25994
18.86,-0.4961,-0.75436,-1.00012,-1.32668,0,-0.09855,-0.15656,-1.7927,1.08169,0.13233,-3.00851,-2.28353,-0.08853,5.96089,-4.83795,-2.43328,-0.55023,-0.92311,-0.11037,8.61393,9.14153,20.43155,-10.19936,16.21429,-11.84806,-3.86363,2.47076,-0.30397,-1.24001,-6.57084,1.98845,1.71433,3.07497,-3.60688,3.19794,2.95443,3.84565,-1.44021,-0.44782,4.46034
18.88,-0.39931,-0.71871,-0.99019,-1.44469,0,0.03949,-0.16641,-1.82944,0.76177,-0.30404,-3.08338,-2.71995,0.88713,6.41956,-4.98504,-2.35062,-0.5994,-1.18252,-0.26587,10.59694,7.20614,17.13729,-17.73469,18.11043,-5.64126,-3.62241,3.19227,-0.42822,-1.65477,-7.80881,1.96276,2.03804,3.59547,-3.10428,3.89936,2.28121,1.84534,-0.71131,-0.15482,4.4086
18.9,-0.33029,-0.65406,-0.96201,-1.43726,0,0.19575,-0.1589,-1.8303,0.37923,-0.86176,-2.98465,-3.0926,1.83796,6.58421,-4.93309,-2.19183,-0.61638,-1.32668,-0.40462,12.2373,5.01671,12.57311,-24.68435,19.65531,1.5972,-3.28833,3.83063,-0.61448,-2.03937,-8.86491,1.83135,2.32182,4.04757,-2.55639,4.4291,1.39147,-0.14871,0.08424,0.15766,4.12024
18.92,-0.28741,-0.56459,-0.91409,-1.2899,0,0.35671,-0.14064,-1.78613,-0.04974,-1.47805,-2.71612,-3.38288,2.69366,6.44897,-4.6891,-1.96731,-0.6014,-1.34659,-0.51576,13.38282,2.65765,6.88498,-30.57176,20.81427,9.48268,-2.89427,4.37393,-0.85056,-2.36957,-9.71076,1.60909,2.55033,4.4196,-1.99976,4.78009,0.31272,-2.01422,0.87776,0.46034,3.62105
18.94,-0.26773,-0.45533,-0.84547,-0.99457,0,0.50713,-0.11922,-1.68814,-0.50858,-2.08207,-2.29548,-3.57882,3.38562,6.02791,-4.27107,-1.69234,-0.55844,-1.24644,-0.58799,13.91052,0.20057,0.30651,-34.99201,21.56246,17.55024,-2.46755,4.81282,-1.12163,-2.62091,-10.32339,1.31539,2.70916,4.70016,-1.46892,4.9531,-0.91052,-3.63948,1.60037,0.72571,2.94467
18.96,-0.26739,-0.33188,-0.75596,-0.55238,0,0.63142,-0.10214,-1.52876,-0.98093,-2.60087,-1.75293,-3.67391,3.8527,5.35405,-3.70655,-1.38568,-0.49395,-1.04182,-0.61135,13.73597,-2.2953,-6.85304,-37.63936,21.86962,25.289,-2.02434,5.14022,-1.412,-2.76971,-10.68567,0.9737,2.78596,4.87791,-0.994,4.95693,-2.21889,-4.93181,2.19056,0.93068,2.13074
18.98,-0.28193,-0.20018,-0.64628,0.02392,0,0.71521,-0.09586,-1.30284,-1.45093,-2.96619,-1.12882,-3.66577,4.04703,4.47679,-3.03097,-1.06777,-0.41515,-0.7565,-0.57924,12.82014,-4.77961,-14.22674,-38.3277,21.6879,32.18443,-1.56587,5.35138,-1.70691,-2.79435,-10.78705,0.61092,2.77142,4.94143,-0.59859,4.80853,-3.54171,-5.82508,2.60154,1.05887,1.22353
19,-0.30663,-0.06622,-0.51822,0.70864,0,0.74682,-0.10497,-1.00877,-1.90324,-3.12106,-0.47051,-3.55515,3.93917,3.45824,-2.28581,-0.75886,-0.32857,-0.41896,-0.49002,11.17371,-7.20548,-21.4122,-37.00341,20.94945,37.76332,-1.07789,5.44387,-1.99392,-2.67711,-10.62421,0.25621,2.66008,4.87905,-0.29819,4.5326,-4.80192,-6.28501,2.80668,1.10211,0.2707
19.02,-0.33674,0.06423,-0.37471,1.46353,0,0.71854,-0.13157,-0.64947,-2.32278,-3.0258,0.17161,-3.34561,3.52203,2.36835,-1.51632,-0.47724,-0.23907,-0.05907,-0.34784,8.85791,-9.52341,-27.99681,-33.74849,19.57798,41.63668,-0.53404,5.41755,-2.26352,-2.4064,-10.20132,-0.06077,2.45056,4.67862,-0.09926,4.16031,-5.92217,-6.31139,2.80172,1.06086,-0.6782
19.04,-0.36756,0.18584,-0.21977,2.24037,0,0.62744,-0.17499,-0.23289,-2.69418,-2.6627,0.74884,-3.04391,2.8129,1.2792,-0.76875,-0.23759,-0.14962,0.29464,-0.16256,5.98144,-11.67593,-33.58563,-28.77292,17.51423,43.53672,0.09654,5.27427,-2.5091,-1.97934,-9.52944,-0.31247,2.14544,4.32739,0.00083,3.72696,-6.83189,-5.93656,2.60345,0.94335,-1.57389
19.06,-0.39462,0.29399,-0.05835,2.98535,0,0.47573,-0.23182,0.22801,-3.00143,-2.03916,1.21922,-2.66099,1.85353,0.25871,-0.0872,-0.0498,-0.06173,0.61697,0.0513,2.69377,-13.59423,-37.83125,-22.39805,14.74988,43.34598,0.83903,5.01757,-2.72616,-1.404,-8.62548,-0.47655,1.75059,3.81216,0.01321,3.26871,-7.47476,-5.22096,2.24523,0.76383,-2.37017
19.08,-0.41364,0.38506,0.10388,3.64452,0,0.27076,-0.29619,0.71568,-3.22779,-1.189,1.55222,-2.21291,0.70831,-0.63522,0.48956,0.08194,0.02369,0.88737,0.27612,-0.82429,-15.19799,-40.46339,-15.03366,11.35958,41.11514,1.70222,4.65252,-2.91125,-0.70074,-7.51128,-0.53913,1.27442,3.1203,-0.04373,2.8193,-7.81548,-4.2466,1.77087,0.54026,-3.02709
19.1,-0.42076,0.45654,0.26088,4.1692,0,0.02459,-0.36033,1.20896,-3.35629,-0.17118,1.73189,-1.72127,-0.53958,-1.35925,0.93069,0.15938,0.10547,1.09071,0.493,-4.37191,-16.39891,-41.31379,-7.15048,7.51818,37.06373,2.67038,4.18599,-3.06086,0.09833,-6.21313,-0.4973,0.72723,2.24184,-0.1461,2.4071,-7.84434,-3.10952,1.22835,0.29202,-3.51389
19.12,-0.4126,0.50713,0.40653,4.52049,0,-0.24703,-0.41528,1.68443,-3.37091,0.93456,1.75791,-1.21232,-1.7944,-1.88704,1.21511,0.18967,0.18148,1.21731,0.6835,-7.74167,-17.10819,-40.33158,0.75214,3.49213,31.55742,3.69998,3.62703,-3.17031,0.95262,-4.76171,-0.36046,0.1206,1.17265,-0.26671,2.05316,-7.57779,-1.91162,0.66439,0.038,-3.81125
19.14,-0.38651,0.53661,0.53506,4.6724,0,-0.52599,-0.45185,2.11834,-3.25839,2.0355,1.64408,-0.71455,-2.95637,-2.20942,1.33223,0.18422,0.24836,1.26268,0.83111,-10.73465,-17.24744,-37.5864,8.18327,-0.39828,25.06053,4.72249,2.9874,-3.23309,1.8191,-3.19201,-0.14987,-0.53291,-0.08159,-0.37771,1.77024,-7.05476,-0.75225,0.12044,-0.20489,-3.91248
19.16,-0.3408,0.54566,0.64145,4.6135,0,-0.79365,-0.4617,2.48873,-3.01055,3.03625,1.41485,-0.25508,-3.9318,-2.33271,1.28206,0.15696,0.30173,1.2269,0.92256,-13.17666,-16.76187,-33.26089,14.69987,-3.83831,18.07167,5.65287,2.28199,-3.24045,2.65995,-1.54339,0.10319,-1.21995,-1.5011,-0.45327,1.56281,-6.32954,0.27996,-0.36977,-0.42262,-3.82381
19.18,-0.27492,0.53564,0.72186,4.34768,0,-1.03266,-0.43833,2.77762,-2.62673,3.84988,1.10098,0.14425,-4.64335,-2.27588,1.07483,0.12238,0.33671,1.11408,0.9488,-14.93368,-15.63381,-27.63557,19.94355,-6.58295,11.0568,6.40159,1.52925,-3.18188,3.44975,0.14049,0.36063,-1.92612,-3.04829,-0.47218,1.42791,-5.46335,1.11416,-0.78145,-0.60461,-3.56389
19.2,-0.18959,0.50833,0.77392,3.89374,0,-1.22849,-0.37806,2.97265,-2.11584,4.40799,0.73536,0.46991,-5.03836,-2.06749,0.73056,0.09381,0.34867,0.93183,0.90579,-15.92356,-13.89304,-21.06812,23.66777,-8.50592,4.39586,6.88782,0.75125,-3.04615,4.17973,1.81175,0.58155,-2.63527,-4.66564,-0.41972,1.35642,-4.51673,1.70214,-1.09889,-0.7439,-3.16247
19.22,-0.08674,0.46572,0.79693,3.28402,0,-1.3705,-0.28058,3.06776,-1.49738,4.66771,0.34987,0.71811,-5.09362,-1.74258,0.27858,0.082,0.3341,0.69099,0.79485,-16.12136,-11.62048,-13.96688,25.74994,-9.61716,-1.6455,7.05115,-0.02674,-2.82306,4.8568,3.41897,0.72673,-3.32831,-6.27609,-0.28851,1.33463,-3.54411,2.02029,-1.31495,-0.83719,-2.65815
19.24,0.03076,0.40983,0.79172,2.56184,0,-1.45228,-0.14911,3.06287,-0.80092,4.61477,-0.02646,0.89413,-4.81581,-1.33995,-0.24307,0.09443,0.2914,0.40543,0.62274,-15.55727,-8.9435,-6.75863,26.18651,-10.04299,-6.91534,6.8604,-0.77742,-2.50567,5.49721,4.90853,0.76335,-3.98179,-7.78675,-0.07824,1.34595,-2.59118,2.06851,-1.43003,-0.88467,-2.09506
19.26,0.15952,0.34257,0.76048,1.77792,0,-1.47149,0.00975,2.96267,-0.06424,4.26308,-0.36808,1.00996,-4.2381,-0.89981,-0.78855,0.13502,0.22147,0.09182,0.40125,-14.30842,-6.02375,0.14689,25.07478,-9.97692,-11.3516,6.31874,-1.47335,-2.09257,6.11612,6.22707,0.66942,-4.56678,-9.09576,0.20551,1.37252,-1.69468,1.86659,-1.45083,-0.88972,-1.51882
19.28,0.29613,0.26562,0.7064,0.98653,0,-1.42947,0.18662,2.77522,0.66966,3.65148,-0.65294,1.08103,-3.41433,-0.46159,-1.30582,0.20428,0.12812,-0.23068,0.14647,-12.48741,-3.04057,6.39116,22.58821,-9.61869,-14.94683,5.46486,-2.08913,-1.58988,6.7164,7.32467,0.43758,-5.04866,-10.10153,0.55291,1.39681,-0.88395,1.44942,-1.38906,-0.85855,-0.97232
19.3,0.43754,0.1805,0.63337,0.24133,0,-1.33067,0.37008,2.51065,1.35613,2.8386,-0.86252,1.12283,-2.41211,-0.062,-1.73924,0.29972,0.01793,-0.54112,-0.12227,-10.22988,-0.17323,11.69424,18.95134,-9.12278,-17.71489,4.36985,-2.60345,-1.01229,7.28007,8.15843,0.07732,-5.38858,-10.71309,0.95148,1.40318,-0.18295,0.86196,-1.26019,-0.79963,-0.49203
19.32,0.58128,0.08865,0.54565,-0.40854,0,-1.18221,0.54773,2.18046,1.95278,1.89628,-0.9823,1.14826,-1.30557,0.2671,-2.03343,0.41629,-0.10034,-0.81792,-0.38402,-7.68257,2.4157,15.87135,14.41837,-8.57294,-19.67054,3.12885,-3.00059,-0.38245,7.76529,8.69588,-0.38489,-5.54678,-10.85989,1.38718,1.3791,0.38831,0.15492,-1.08219,-0.72291,-0.10519
19.34,0.72548,-0.00848,0.44755,-0.92219,0,-0.99345,0.70731,1.7973,2.42347,0.90188,-1.00304,1.16606,-0.16849,0.50096,-2.13859,0.54694,-0.21698,-1.04058,-0.61809,-4.99243,4.59441,18.83742,9.25704,-7.98952,-20.82679,1.8481,-3.27123,0.27144,8.11003,8.91785,-0.90798,-5.48781,-10.50035,1.84502,1.31624,0.8134,-0.61863,-0.87413,-0.63868,0.17197
19.36,0.86865,-0.10921,0.34319,-1.27037,0,-0.77563,0.83799,1.37521,2.74208,-0.06963,-0.92244,1.18034,0.93192,0.62422,-2.01665,0.68313,-0.32287,-1.19184,-0.80634,-2.29744,6.2728,20.60177,3.73782,-7.36424,-21.20829,0.62882,-3.41266,0.91938,8.24168,8.82087,-1.44064,-5.18698,-9.6284,2.30909,1.21118,1.08056,-1.4057,-0.65485,-0.55636,0.33491
19.38,1.00944,-0.21154,0.23627,-1.4381,0,-0.54154,0.93152,0.93007,2.89558,-0.95302,-0.74698,1.19105,1.94005,0.63275,-1.64723,0.81541,-0.41104,-1.25981,-0.93526,0.28027,7.40972,21.25628,-1.87242,-6.70728,-20.87295,-0.44867,-3.42857,1.53393,8.09009,8.41899,-1.92709,-4.63695,-8.27757,2.76242,1.06588,1.18459,-2.15508,-0.44158,-0.48324,0.39045
19.4,1.14638,-0.31297,0.12998,-1.42622,0,-0.30514,0.98315,0.47993,2.88573,-1.6984,-0.49279,1.1951,2.81522,0.53441,-1.03229,0.93409,-0.47786,-1.23967,-0.99758,2.63846,8.01535,20.96007,-7.31422,-6.08795,-19.93081,-1.33712,-3.32855,2.09376,7.60052,7.74455,-2.31301,-3.85261,-6.52166,3.18679,0.88773,1.12903,-2.81857,-0.24877,-0.42355,0.3557
19.42,1.27762,-0.41048,0.027,-1.25107,0,-0.08093,0.99202,0.04476,2.72882,-2.27415,-0.18515,1.18762,3.53293,0.34821,-0.1978,1.02994,-0.52338,-1.1343,-0.99289,4.69602,8.14795,19.92197,-12.33905,-5.65246,-18.55015,-2.0278,-3.1272,2.58572,6.74349,6.8471,-2.55098,-2.87252,-4.47041,3.56278,0.689,0.92781,-3.35202,-0.08707,-0.37794,0.25598
19.44,1.40076,-0.50059,-0.07049,-0.94249,0,0.11696,0.96099,-0.35453,2.45312,-2.6672,0.14393,1.1634,4.08413,0.10168,0.80779,1.09495,-0.55088,-0.95379,-0.92722,6.39181,7.90467,18.38165,-16.7147,-5.61107,-16.94559,-2.54809,-2.8429,3.00479,5.51958,5.79007,-2.60496,-1.75633,-2.25973,3.87022,0.4857,0.60608,-3.71659,0.03737,-0.34356,0.12211
19.46,1.51287,-0.5795,-0.16068,-0.5403,0,0.27591,0.89601,-0.69785,2.09468,-2.88095,0.45956,1.11814,4.47296,-0.17328,1.91824,1.12318,-0.56555,-0.71392,-0.81171,7.68239,7.40788,16.59063,-20.23369,-6.19735,-15.35054,-2.95224,-2.49633,3.3525,3.95949,4.64564,-2.45365,-0.57828,-0.0377,4.08898,0.29585,0.19993,-3.8802,0.12346,-0.31462,-0.01293
19.48,1.61052,-0.64333,-0.24202,-0.08998,0,0.38606,0.8052,-0.96796,1.6924,-2.93191,0.72856,1.04951,4.71366,-0.44504,3.0559,1.11164,-0.57292,-0.4342,-0.6608,8.53977,6.78945,14.79404,-22.72448,-7.61108,-13.98117,-3.30777,-2.10893,3.6343,2.12082,3.48861,-2.09293,0.58126,2.05119,4.20037,0.1375,-0.24475,-3.81951,0.17528,-0.28324,-0.1173
19.5,1.69007,-0.68836,-0.3131,0.36159,0,0.44143,0.69795,-1.15245,1.28339,-2.8458,0.92378,0.95799,4.82728,-0.68661,4.13859,1.06089,-0.57728,-0.13583,-0.49039,8.95013,6.17536,13.21394,-24.06371,-9.95966,-13.00111,-3.68051,-1.70152,3.85679,0.08311,2.39038,-1.53716,1.64476,3.88053,4.18863,0.02682,-0.67428,-3.52188,0.20179,-0.24061,-0.16336
19.52,1.74778,-0.71135,-0.37253,0.76979,0,0.44065,0.58392,-1.2452,0.8994,-2.65374,1.02717,0.84722,4.83846,-0.87881,5.08584,0.97551,-0.58054,0.15985,-0.31628,8.91391,5.6721,12.0337,-24.18713,-13.21149,-12.49439,-4.12078,-1.29312,4.02533,-2.05786,1.41337,-0.81916,2.54543,5.35294,4.0424,-0.02367,-1.03001,-2.98715,0.21591,-0.17802,-0.12985
19.54,1.78009,-0.70968,-0.41885,1.09518,0,0.38722,0.47229,-1.24705,0.56468,-2.389,1.03138,0.72386,4.77251,-1.01179,5.82401,0.86392,-0.5816,0.43248,-0.15302,8.4473,5.35622,11.38368,-23.09784,-17.17077,-12.45106,-4.65268,-0.89975,4.14234,-4.19619,0.60641,0.01143,3.23329,6.4065,3.75587,-0.00643,-1.25209,-2.22879,0.23306,-0.08802,-0.00328
19.56,1.7838,-0.68164,-0.45052,1.3057,0,0.28933,0.37113,-1.16574,0.29514,-2.08426,0.93974,0.59707,4.65291,-1.08512,6.29043,0.7379,-0.57633,0.66332,-0.01317,7.58463,5.26742,11.32912,-20.87093,-21.47785,-12.76718,-5.26744,-0.53367,4.20665,-6.22215,0.00116,0.89127,3.6791,7.01661,3.32964,0.08015,-1.28405,-1.27443,0.26907,0.03472,0.22151
19.58,1.75629,-0.62652,-0.46591,1.37823,0,0.15927,0.28688,-1.01525,0.09855,-1.76969,0.76506,0.47745,4.49966,-1.10654,6.43678,0.6117,-0.55787,0.83555,0.09309,6.38082,5.40566,11.86221,-17.65427,-25.63557,-13.25819,-5.92189,-0.20285,4.21363,-8.02866,-0.38987,1.74789,3.87618,7.19445,2.77143,0.23119,-1.07814,-0.16586,0.33791,0.19256,0.54132
19.6,1.69579,-0.54484,-0.46345,1.29977,0,0.01251,0.22422,-0.81467,-0.02459,-1.4717,0.52763,0.37595,4.32826,-1.08987,6.23182,0.50076,-0.51716,0.93454,0.15824,4.91223,5.73284,12.90086,-13.6635,-29.06065,-13.68409,-6.54247,0.08884,4.15625,-9.5177,-0.57343,2.50545,3.83982,6.98244,2.09653,0.43513,-0.60089,1.04166,0.44939,0.38434,0.94497
19.62,1.60157,-0.43845,-0.44177,1.06814,0,-0.13352,0.18595,-0.58658,-0.0799,-1.21215,0.25264,0.30231,4.14929,-1.05225,5.66333,0.42024,-0.44335,0.9482,0.17757,3.27427,6.17912,14.29615,-9.16881,-31.15773,-13.78441,-7.03511,0.34075,4.0264,-10.60654,-0.57307,3.0915,3.60406,6.44698,1.32766,0.67423,0.16151,2.28104,0.60712,0.60498,1.41388
19.64,1.474,-0.31051,-0.39991,0.69229,0,-0.2609,0.17314,-0.35499,-0.07784,-1.00794,-0.03275,0.26366,3.96848,-1.01106,4.73912,0.38319,-0.32426,0.86752,0.14941,1.57485,6.65359,15.84879,-4.47256,-31.41021,-13.31955,-7.30038,0.5539,3.81651,-11.23351,-0.42453,3.44453,3.216,5.66924,0.49427,0.92543,1.19855,3.47626,0.80711,0.84554,1.92288
19.66,1.31459,-0.16546,-0.33752,0.19211,0,-0.35288,0.1854,-0.1431,-0.03239,-0.87071,-0.30244,0.26297,3.78703,-0.98085,3.4872,0.39869,-0.14677,0.68736,0.07528,-0.07547,7.05798,17.33316,0.1198,-29.47629,-12.11377,-7.25172,0.72913,3.5212,-11.36338,-0.16948,3.52163,2.72845,4.73474,-0.36892,1.16193,2.47195,4.54642,1.03706,1.09351,2.44129
19.68,1.12593,-0.00886,-0.25511,-0.40221,0,-0.39565,0.2211,0.02899,0.04015,-0.80671,-0.53408,0.29802,3.60236,-0.97074,1.9553,0.47017,0.10251,0.40747,-0.03986,-1.5746,7.30118,18.52492,4.3304,-25.27168,-10.09222,-6.83345,0.86545,3.13894,-10.99181,0.151,3.30509,2.19256,3.72377,-1.22376,1.35522,3.91424,5.4108,1.27686,1.33351,2.93437
19.7,0.91175,0.1528,-0.15419,-1.05163,0,-0.37975,0.27756,0.14621,0.12253,-0.81664,-0.71124,0.36095,3.4089,-0.98287,0.20948,0.59419,0.43609,0.0336,-0.18768,-2.83898,7.31181,19.2274,7.93492,-19.01625,-7.30337,-6.03422,0.95896,2.67341,-10.1477,0.50181,2.80632,1.65162,2.70387,-2.0308,1.47744,5.43013,5.99429,1.50026,1.54834,3.36512
19.72,0.67688,0.31243,-0.03732,-1.71063,0,-0.30126,0.35119,0.19981,0.19791,-0.89564,-0.82447,0.43882,3.19887,-1.01211,-1.66866,0.76013,0.86389,-0.42167,-0.35668,-3.81045,7.04646,19.29219,10.77924,-11.22451,-3.91862,-4.89196,1.00302,2.13439,-8.89194,0.85694,2.06563,1.13741,1.72556,-2.75146,1.50398,6.90154,6.23266,1.67811,1.72021,3.69642
19.74,0.42721,0.46267,0.09199,-2.33066,0,-0.1623,0.43739,0.18801,0.25135,-1.03325,-0.87146,0.51519,2.96292,-1.04732,-3.58651,0.95076,1.39084,-0.93832,-0.53286,-4.45903,6.49242,18.63135,12.7847,-2.6336,-0.20686,-3.48889,0.98956,1.5377,-7.31195,1.19993,1.14732,0.66921,0.82157,-3.35036,1.41617,8.19686,6.07746,1.78297,1.83239,3.89373
19.76,0.16945,0.5964,0.22952,-2.86448,0,0.02892,0.53056,0.11591,0.27136,-1.21363,-0.85627,0.57247,2.69068,-1.07371,-5.44662,1.14385,2.01409,-1.48907,-0.70072,-4.78213,5.66557,17.22172,13.94364,5.91743,3.51105,-1.93812,0.91141,0.90445,-5.5129,1.522,0.13099,0.25533,0.00892,-3.79777,1.20382,9.18377,5.50049,1.79431,1.87095,3.92802
19.78,-0.089,0.7072,0.37063,-3.27086,0,0.25861,0.62396,-0.00529,0.25122,-1.4161,-0.78795,0.59457,2.37143,-1.07592,-7.15383,1.31436,2.72028,-2.04,-0.84458,-4.80105,4.60518,15.10301,14.30836,13.62775,6.91667,-0.36558,0.76507,0.25974,-3.60747,1.81876,-0.89905,-0.10381,-0.70704,-4.07209,0.86733,9.74426,4.49781,1.70351,1.8266,3.77907
19.8,-0.34041,0.78988,0.51061,-3.51879,0,0.50844,0.70988,-0.15946,0.18983,-1.61609,-0.679,0.5694,1.99506,-1.04103,-8.62223,1.43709,3.4833,-2.55217,-0.94992,-4.55601,3.36739,12.37098,13.97701,19.85913,9.74376,1.1079,0.55316,-0.36915,-1.70625,2.08661,-1.86371,-0.41203,-1.32788,-4.16206,0.4189,9.78969,3.09274,1.517,1.69631,3.43857
19.82,-0.57697,0.84081,0.64496,-3.59048,0,0.75711,0.77994,-0.32732,0.09184,-1.78687,-0.54369,0.49047,1.55328,-0.96104,-9.78125,1.48946,4.26305,-2.98404,-1.00484,-4.10023,2.01851,9.16588,13.0783,24.21594,11.81264,2.38109,0.28593,-0.95464,0.09009,2.31965,-2.69684,-0.67399,-1.85749,-4.06832,-0.11767,9.27341,1.33711,1.25654,1.48436,2.91234
19.84,-0.7912,0.85805,0.7696,-3.48277,0,0.98236,0.82565,-0.48858,-0.03307,-1.90175,-0.3965,0.35755,1.04101,-0.83426,-10.58025,1.45424,5.00595,-3.29483,-1.00127,-3.49364,0.6289,5.65691,11.75663,26.56789,13.04395,3.38135,-0.01872,-1.47118,1.69629,2.50779,-3.34981,-0.89276,-2.2986,-3.80401,-0.70876,8.1994,-0.68987,0.95611,1.20258,2.22149
19.86,-0.97645,0.8415,0.88103,-3.20689,0,1.16345,0.83922,-0.62434,-0.1717,-1.93694,-0.25073,0.17634,0.45784,-0.66582,-10.99186,1.32203,5.64733,-3.44869,-0.93598,-2.79676,-0.73248,2.02407,10.1588,27.02109,13.45335,4.06836,-0.33641,-1.89749,3.0458,2.63618,-3.79305,-1.06855,-2.65051,-3.39441,-1.31428,6.62614,-2.88509,0.65605,0.86982,1.40209
19.88,-1.12738,0.79281,0.9765,-2.78713,0,1.28348,0.81449,-0.71937,-0.30932,-1.87437,-0.11734,-0.0426,-0.19075,-0.46721,-11.01423,1.09353,6.11617,-3.41924,-0.81123,-2.06544,-2.00239,-1.55957,8.42336,25.85616,13.13313,4.43353,-0.63858,-2.2187,4.09223,2.68597,-4.01541,-1.19841,-2.90841,-2.87582,-1.89165,4.66522,-5.12715,0.39593,0.51066,0.50353
19.9,-1.2404,0.71527,1.05408,-2.25827,0,1.33133,0.74781,-0.76388,-0.4318,-1.70428,-0.0042,-0.28528,-0.89259,-0.25517,-10.67167,0.7811,6.34207,-3.19378,-0.63483,-1.3468,-3.12651,-4.94249,6.67301,23.45435,12.22752,4.49654,-0.89526,-2.42781,4.80943,2.63619,-4.02211,-1.27706,-3.06404,-2.29351,-2.40015,2.47369,-7.28347,0.20784,0.15339,-0.41461
19.92,-1.31395,0.61367,1.1127,-1.66206,0,1.30284,0.63862,-0.75453,-0.52759,-1.42667,0.08434,-0.53595,-1.62885,-0.0499,-10.0131,0.40948,6.26423,-2.77634,-0.41945,-0.6768,-4.06155,-8.00419,5.00981,20.22881,10.90692,4.29985,-1.07807,-2.52616,5.19014,2.46637,-3.83167,-1.29825,-3.10748,-1.69848,-2.80461,0.23923,-9.21881,0.1115,-0.17266,-1.28738
19.94,-1.34847,0.49394,1.1521,-1.04275,0,1.20083,0.48983,-0.69435,-0.5895,-1.05166,0.14741,-0.77876,-2.37514,0.12719,-9.10779,0.01528,5.84147,-2.18911,-0.18104,-0.07922,-4.77645,-10.65921,3.51279,16.57078,9.34441,3.90205,-1.16314,-2.52268,5.24378,2.15965,-3.47244,-1.25673,-3.02997,-1.14314,-3.07853,-1.84169,-10.80499,0.11199,-0.44043,-2.05094
19.96,-1.34637,0.36274,1.17271,-0.44215,0,1.03432,0.30764,-0.59187,-0.61577,-0.59848,0.1873,-0.99931,-3.10351,0.2561,-8.03907,-0.35471,5.06225,-1.47209,0.06335,0.43401,-5.25294,-12.85644,2.23734,12.81427,7.69686,3.3707,-1.13383,-2.43225,4.9938,1.70601,-2.97898,-1.15031,-2.82704,-0.6762,-3.20612,-3.59008,-11.93134,0.19999,-0.62874,-2.64995
19.98,-1.31167,0.22703,1.1756,0.10485,0,0.81721,0.10126,-0.45967,-0.61072,-0.09375,0.20889,-1.18599,-3.78506,0.32074,-6.89686,-0.64621,3.95208,-0.68101,0.29796,0.8615,-5.48586,-14.57562,1.21598,9.2181,6.09165,2.77545,-0.98291,-2.27367,4.47516,1.10545,-2.38892,-0.9817,-2.50172,-0.33756,-3.1837,-4.86997,-12.51481,0.35405,-0.72548,-3.0448
20,-1.24982,0.09368,1.16243,0.57358,0,0.56655,-0.11772,-0.31265,-0.5843,0.43103,0.21892,-1.33083,-4.39265,0.31115,-5.77007,-0.80095,2.57588,0.11658,0.51038,1.21036,-5.483,-15.82198,0.46036,5.96184,4.61954,2.18203,-0.71406,-2.06753,3.73222,0.37025,-1.74037,-0.75964,-2.06676,-0.15436,-3.01981,-5.60751,-12.50789,0.54411,-0.72976,-3.217
20.02,-1.16723,-0.03097,1.13533,0.95084,0,0.30085,-0.33614,-0.16625,-0.5508,0.94226,0.22513,-1.42984,-4.90312,0.22483,-4.73901,-0.76096,1.0325,0.84694,0.69297,1.49366,-5.26436,-16.61998,-0.03608,3.15162,3.33364,1.64705,-0.34215,-1.83438,2.81688,-0.4739,-1.07002,-0.49885,-1.54521,-0.13866,-2.73422,-5.79852,-11.90248,0.73575,-0.6523,-3.17126
20.04,-1.07086,-0.14141,1.09691,1.23409,0,0.03842,-0.5403,-0.03481,-0.52632,1.40737,0.2353,-1.48257,-5.29886,0.06725,-3.86834,-0.47354,-0.55895,1.43763,0.84324,1.72744,-4.86044,-17.00668,-0.2947,0.83209,2.25352,1.21401,0.1077,-1.59324,1.78682,-1.38857,-0.41172,-0.21863,-0.96901,-0.28733,-2.35544,-5.50264,-10.72876,0.89466,-0.51379,-2.93384
20.06,-0.96765,-0.23327,1.05002,1.42888,0,-0.20426,-0.71716,0.06994,-0.52578,1.79801,0.25629,-1.49142,-5.56873,-0.1486,-3.20077,0.10332,-2.07863,1.82595,0.96345,1.92783,-4.31006,-17.02593,-0.34811,-0.99879,1.37303,0.91038,0.60229,-1.36053,0.70355,-2.325,0.20463,0.05958,-0.37577,-0.58371,-1.91733,-4.82656,-9.05008,0.99095,-0.34166,-2.5476
20.08,-0.86406,-0.30359,0.99778,1.54546,0,-0.41375,-0.85559,0.14002,-0.55978,2.09297,0.29316,-1.46055,-5.70839,-0.40333,-2.75256,0.99523,-3.42645,1.96711,1.05947,2.10844,-3.6577,-16.72408,-0.23658,-2.37462,0.66974,0.7461,1.10344,-1.14946,-0.36967,-3.22776,0.75378,0.31513,0.19538,-1.00045,-1.45532,-3.90129,-6.9555,1.00278,-0.1659,-2.06529
20.1,-0.76561,-0.35097,0.94343,1.5954,0,-0.58061,-0.94747,0.17194,-0.63227,2.28038,0.34833,-1.39505,-5.71996,-0.67286,-2.5115,2.20616,-4.53762,1.84031,1.13912,2.27839,-2.95078,-16.14752,-0.00458,-3.347,0.11408,0.71373,1.57145,-0.96967,-1.37024,-4.03947,1.21582,0.53082,0.708,-1.50276,-1.00297,-2.8595,-4.55178,0.91874,-0.01489,-1.54229
20.12,-0.67658,-0.37554,0.89023,1.58899,0,-0.69979,-0.98849,0.16686,-0.73945,2.35872,0.42111,-1.30012,-5.61089,-0.93045,-2.43828,3.71419,-5.3888,1.45145,1.21029,2.44122,-2.23664,-15.34164,0.30243,-3.97476,-0.32346,0.79064,1.96886,-0.82727,-2.23922,-4.70595,1.57652,0.69482,1.13192,-2.05156,-0.58929,-1.81748,-1.95557,0.7387,0.08798,-1.03023
20.14,-0.59971,-0.37882,0.84132,1.53378,0,-0.7705,-0.97853,0.13025,-0.87034,2.33647,0.50738,-1.18072,-5.39184,-1.1492,-2.47123,5.46899,-5.99288,0.83165,1.27881,2.59471,-1.55937,-14.35055,0.64104,-4.31661,-0.66799,0.9431,2.26411,-0.72497,-2.92498,-5.18164,1.8277,0.80134,1.44582,-2.60629,-0.23697,-0.86411,0.71401,0.47275,0.1267,-0.57191
20.16,-0.53608,-0.36349,0.79948,1.43427,0,-0.79572,-0.92174,0.07098,-1.00868,2.23052,0.59978,-1.04133,-5.07431,-1.30462,-2.53392,7.39148,-6.38502,0.03232,1.34663,2.73163,-0.95652,-13.21745,0.97259,-4.42702,-0.93858,1.13169,2.4349,-0.66232,-3.38723,-5.43466,1.96746,0.85043,1.63867,-3.12725,0.03851,-0.05701,3.34204,0.13888,0.0938,-0.19783
20.18,-0.4851,-0.33298,0.76696,1.29262,0,-0.78136,-0.82615,0.00013,-1.13569,2.06395,0.68814,-0.88609,-4.66849,-1.37724,-2.54428,9.376,-6.60467,-0.88198,1.41053,2.84119,-0.45625,-11.98557,1.26548,-4.3547,-1.14872,1.31727,2.47081,-0.63613,-3.60102,-5.45118,2.0003,0.84706,1.71014,-3.57759,0.229,0.57584,5.82351,-0.24013,-0.00949,0.07552
20.2,-0.44465,-0.29123,0.74529,1.10988,0,-0.73538,-0.70303,-0.07035,-1.23302,1.86316,0.76047,-0.71905,-4.18214,-1.35486,-2.42382,11.29526,-6.67955,-1.8411,1.46182,2.91089,-0.07551,-10.69919,1.4967,-4.14274,-1.30771,1.46615,2.3747,-0.64099,-3.55957,-5.23778,1.9369,0.79981,1.67011,-3.92503,0.33319,1.03088,8.06756,-0.63971,-0.1739,0.24566
20.22,-0.41144,-0.24231,0.73521,0.88749,0,-0.66667,-0.5658,-0.12911,-1.28527,1.65491,0.80422,-0.54446,-3.62067,-1.23401,-2.10567,13.00841,-6.61612,-2.77623,1.48726,2.92856,0.18042,-9.40363,1.65242,-3.82922,-1.42218,1.55383,2.16218,-0.66996,-3.27516,-4.821,1.79326,0.71951,1.53708,-4.14309,0.35557,1.3221,10.00008,-1.0358,-0.38353,0.32242
20.24,-0.38153,-0.19014,0.73655,0.62852,0,-0.58409,-0.42861,-0.16668,-1.2817,1.46333,0.80802,-0.36696,-2.98847,-1.02059,-1.54055,14.37197,-6.39889,-3.62539,1.4713,2.88416,0.31695,-8.14386,1.7276,-3.44783,-1.49724,1.5666,1.85913,-0.71533,-2.77763,-4.24363,1.5892,0.61798,1.33566,-4.21206,0.3051,1.47373,11.56485,-1.4063,-0.61781,0.32469
20.26,-0.35093,-0.13828,0.74824,0.33867,0,-0.49542,-0.30469,-0.17674,-1.21716,1.30707,0.76355,-0.19163,-2.29116,-0.72955,-0.70071,15.25319,-5.9978,-4.33732,1.39917,2.7714,0.34789,-6.96172,1.72474,-3.02804,-1.53708,1.50141,1.49761,-0.76952,-2.11071,-3.55853,1.3463,0.50685,1.09353,-4.11972,0.19364,1.51375,12.72373,-1.73185,-0.85395,0.27624
20.28,-0.31623,-0.08966,0.76832,0.02681,0,-0.40657,-0.20479,-0.15698,-1.09233,1.19718,0.6672,-0.02387,-1.53822,-0.38375,0.41806,15.54405,-5.38077,-4.87378,1.26031,2.58899,0.29267,-5.89276,1.65221,-2.59511,-1.5451,1.3644,1.11123,-0.82588,-1.3274,-2.82143,1.08576,0.3967,0.83826,-3.86201,0.03447,1.46851,13.45656,-1.99602,-1.06944,0.2013
20.3,-0.27515,-0.04654,0.79412,-0.29516,0,-0.32113,-0.13596,-0.10959,-0.91331,1.13605,0.52128,0.1309,-0.74525,-0.01212,1.79621,15.17343,-4.52739,-5.2101,1.05126,2.34115,0.17328,-4.9635,1.52242,-2.17003,-1.52403,1.16875,0.73086,-0.87937,-0.48485,-2.08432,0.82667,0.29639,0.59469,-3.44352,-0.15894,1.35927,13.76053,-2.18559,-1.24449,0.12072
20.32,-0.22684,-0.01044,0.82239,-0.61302,0,-0.24026,-0.10098,-0.04107,-0.69066,1.11768,0.3342,0.26769,0.06504,0.35301,3.39214,14.11484,-3.43995,-5.33383,0.77721,2.0374,0.01179,-4.18937,1.35,-1.7695,-1.47597,0.9322,0.38153,-0.92685,0.36024,-1.39054,0.58474,0.21258,0.38309,-2.87744,-0.37378,1.20052,13.6488,-2.29088,-1.36392,0.04943
20.34,-0.17197,0.01787,0.84951,-0.91172,0,-0.16303,-0.09854,0.03857,-0.43797,1.12936,0.11954,0.38262,0.86337,0.67924,5.1458,12.38816,-2.14948,-5.24172,0.45196,1.69118,-0.17173,-3.5737,1.15006,-1.40595,-1.40259,0.67454,0.08078,-0.9671,1.15571,-0.77207,0.37182,0.14948,0.21826,-2.18494,-0.59834,1.00013,13.14796,-2.30637,-1.41851,-0.00463
20.36,-0.11248,0.03818,0.87178,-1.17731,0,-0.08705,-0.12395,0.11716,-0.17013,1.1544,-0.10576,0.47363,1.61614,0.93776,6.98391,10.05629,-0.71643,-4.93564,0.09626,1.31779,-0.36049,-3.10774,0.93677,-1.08759,-1.30549,0.41528,-0.16158,-1.00046,1.85719,-0.24897,0.196,0.10869,0.10948,-1.39386,-0.82217,0.76099,12.29521,-2.23161,-1.40576,-0.04008
20.38,-0.05129,0.05083,0.88565,-1.39902,0,-0.00932,-0.17031,0.18204,0.09844,1.1755,-0.32375,0.54108,2.28866,1.10691,8.82616,7.21834,0.77301,-4.4185,-0.26469,0.93212,-0.54166,-2.77161,0.7221,-0.81863,-1.18663,0.17169,-0.34264,-1.02836,2.43047,0.16971,0.06206,0.08931,0.06101,-0.5371,-1.03604,0.48348,11.13571,-2.07203,-1.32985,-0.06063
20.4,0.0082,0.05651,0.88803,-1.57088,0,0.07299,-0.22976,0.22164,0.3552,1.1778,-0.51774,0.58805,2.84865,1.17486,10.59158,4.00103,2.21377,-3.691,-0.60415,0.54657,-0.70649,-2.53614,0.51508,-0.59954,-1.04871,-0.04269,-0.46497,-1.05269,2.85282,0.48392,-0.02788,0.08818,0.07273,0.34917,-1.23188,0.16805,9.72078,-1.83939,-1.20096,-0.07294
20.42,0.0625,0.05614,0.87653,-1.69246,0,0.16177,-0.2946,0.22687,0.59044,1.1513,-0.6742,0.62011,3.26949,1.14082,12.20417,0.54897,3.49085,-2.74991,-0.89655,0.16977,-0.8499,-2.36546,0.32146,-0.42741,-0.89521,-0.21884,-0.53487,-1.07531,3.11302,0.70019,-0.07385,0.10037,0.14084,1.22749,-1.40275,-0.18258,8.10654,-1.55133,-1.03365,-0.08417
20.44,0.10847,0.05078,0.84954,-1.76862,0,0.25756,-0.35822,0.19214,0.79763,1.09205,-0.78394,0.64453,3.53269,1.01458,13.59757,-2.98586,4.48984,-1.58819,-1.11973,-0.19405,-0.96969,-2.2201,0.1437,-0.29634,-0.73024,-0.35265,-0.56065,-1.09753,3.21016,0.82921,-0.07764,0.11993,0.25843,2.06123,-1.54295,-0.56205,6.35263,-1.22983,-0.84441,-0.09968
20.46,0.14362,0.04148,0.80635,-1.80826,0,0.3593,-0.41569,0.11587,0.9733,1.00243,-0.84265,0.66906,3.62956,0.81464,14.71886,-6.45468,5.10823,-0.19716,-1.25668,-0.5448,-1.06545,-2.06045,-0.01866,-0.19798,-0.558,-0.44469,-0.55112,-1.11971,3.15174,0.88369,-0.04263,0.14075,0.41584,2.81686,-1.64818,-0.95992,4.52098,-0.89879,-0.64879,-0.12109
20.48,0.16643,0.02922,0.74713,-1.82273,0,0.46434,-0.46407,0.0007,1.11658,0.89051,-0.85093,0.70053,3.56215,0.56559,15.53144,-9.72143,5.26661,1.429,-1.29676,-0.88591,-1.13751,-1.85018,-0.16845,-0.12208,-0.38223,-0.49965,-0.51444,-1.14099,2.95158,0.87671,0.02621,0.15741,0.60101,3.46617,-1.71587,-1.36191,2.67449,-0.58131,-0.45876,-0.14507
20.5,0.17641,0.0149,0.67291,-1.82411,0,0.56858,-0.50251,-0.14673,1.22864,0.76906,-0.81382,0.74367,3.3431,0.29523,16.01647,-12.66964,4.91832,3.28658,-1.2365,-1.22334,-1.18596,-1.55935,-0.31011,-0.05728,-0.20581,-0.5256,-0.45741,-1.15918,2.628,0.82072,0.12243,0.16591,0.80001,3.98807,-1.74524,-1.75063,0.87572,-0.29716,-0.2809,-0.16327
20.52,0.1741,-0.00071,0.58545,-1.82367,0,0.66682,-0.532,-0.31635,1.31203,0.65415,-0.73999,0.80031,2.99432,0.03216,16.17206,-15.20574,4.05632,5.35388,-1.07974,-1.56457,-1.21,-1.16675,-0.4489,0.00802,-0.03068,-0.53293,-0.38532,-1.17077,2.2026,0.72703,0.23817,0.16405,0.99768,4.36956,-1.73723,-2.10668,-0.81511,-0.06103,-0.11603,-0.16355
20.54,0.16087,-0.01695,0.48709,-1.83084,0,0.75315,-0.55491,-0.49557,1.37005,0.56364,-0.64061,0.86919,2.54443,-0.19624,16.01005,-17.25864,2.71636,7.58202,-0.83729,-1.91754,-1.2075,-0.66124,-0.58999,0.08445,0.142,-0.53317,-0.30218,-1.17102,1.69946,0.60595,0.36459,0.15155,1.17873,4.60585,-1.694,-2.40986,-2.3428,0.11831,0.03954,-0.1325
20.56,0.13861,-0.03317,0.38046,-1.85243,0,0.82143,-0.57434,-0.67049,1.40623,0.51552,-0.52802,0.94625,2.0253,-0.36528,15.55124,-18.77695,0.97667,9.88677,-0.52616,-2.28983,-1.17507,-0.04207,-0.73767,0.18062,0.31127,-0.53776,-0.21132,-1.15423,1.14484,0.46717,0.49243,0.12969,1.329,4.69972,-1.61821,-2.64062,-3.66068,0.23802,0.19168,-0.05876
20.58,0.10937,-0.04877,0.26825,-1.89248,0,0.8659,-0.59347,-0.8272,1.42397,0.52624,-0.41433,1.02542,1.46851,-0.45412,14.82081,-19.72548,-1.0453,12.14372,-0.16855,-2.6878,-1.10839,0.68151,-0.89467,0.30201,0.4758,-0.55683,-0.1161,-1.11408,0.56703,0.3203,0.61263,0.10093,1.43681,4.66063,-1.51231,-2.78167,-4.7342,0.3005,0.34557,0.06362
20.6,0.07508,-0.06308,0.153,-1.9522,0,0.88164,-0.61499,-0.95303,1.42625,0.60915,-0.31012,1.09953,0.90242,-0.4468,13.84493,-20.08231,-3.1989,14.18924,0.20919,-3.11569,-1.00302,1.49131,-1.06172,0.45033,0.63321,-0.59818,-0.02048,-1.04423,-0.00406,0.17517,0.717,0.06829,1.49395,4.50351,-1.3781,-2.81963,-5.54364,0.31239,0.5033,0.23288
20.62,0.0373,-0.07546,0.03699,-2.03026,0,0.86505,-0.64059,-1.03752,1.4155,0.77295,-0.22344,1.16137,0.35035,-0.3332,12.64903,-19.83675,-5.30905,15.82925,0.57777,-3.57455,-0.85539,2.36184,-1.23733,0.62334,0.7797,-0.66656,0.07068,-0.93894,-0.5379,0.04174,0.7987,0.03484,1.49623,4.2474,-1.21659,-2.7465,-6.08514,0.28327,0.6626,0.43893
20.64,-0.00285,-0.08521,-0.07783,-2.12301,0,0.81415,-0.67071,-1.07311,1.3934,1.02036,-0.15892,1.20456,-0.17,-0.11013,11.25774,-18.98854,-7.18801,16.85653,0.90621,-4.06099,-0.66407,3.26256,-1.41792,0.81532,0.90992,-0.7632,0.15183,-0.79385,-1.00513,-0.07058,0.85252,0.00325,1.44324,3.91377,-1.02821,-2.56093,-6.36983,0.22442,0.817,0.66489
20.66,-0.04469,-0.09174,-0.18983,-2.22486,0,0.72869,-0.70446,-1.05554,1.36085,1.34698,-0.11733,1.22438,-0.64591,0.21781,9.69631,-17.54894,-8.64999,17.07513,1.16358,-4.56591,-0.43084,4.16059,-1.5982,1.01808,1.01712,-0.8857,0.21717,-0.60666,-1.38008,-0.15399,0.87505,-0.02459,1.33767,3.5249,-0.81337,-2.26898,-6.42117,0.1475,0.9573,0.89028
20.68,-0.08789,-0.09456,-0.29763,-2.32862,0,0.61034,-0.73964,-0.98407,1.31791,1.74048,-0.09548,1.21833,-1.06833,0.63758,7.99331,-15.54389,-9.52758,16.32856,1.32101,-5.07351,-0.16174,5.02366,-1.77171,1.22218,1.09369,-1.02822,0.26142,-0.37788,-1.64355,-0.20357,0.86462,-0.04771,1.1844,3.10227,-0.57324,-1.8846,-6.2717,0.06356,1.07373,1.09496
20.7,-0.13238,-0.09341,-0.40013,-2.42593,0,0.46269,-0.7729,-0.86141,1.26396,2.18026,-0.0866,1.18641,-1.42994,1.12782,6.18372,-13.01886,-9.68851,14.52654,1.35431,-5.56086,0.13253,5.82285,-1.93142,1.4181,1.13193,-1.18183,0.28042,-0.11138,-1.78523,-0.21827,0.82132,-0.0661,0.9897,2.66552,-0.31043,-1.42926,-5.95945,-0.01783,1.15806,1.26267
20.72,-0.17821,-0.08826,-0.49633,-2.50768,0,0.29117,-0.79989,-0.69355,1.1979,2.63782,-0.08125,1.13108,-1.72337,1.65999,4.31121,-10.0439,-9.05096,11.66518,1.24703,-5.99809,0.43688,6.53462,-2.07026,1.59718,1.12487,-1.33515,0.27164,0.18536,-1.80502,-0.20136,0.74682,-0.08054,0.76082,2.23161,-0.02953,-0.93069,-5.52461,-0.08909,1.20502,1.3833
20.74,-0.22546,-0.0794,-0.58536,-2.5643,0,0.10289,-0.81551,-0.48924,1.11845,3.07789,-0.06878,1.05669,-1.93951,2.2007,2.42887,-6.71744,-7.59602,7.83721,0.99371,-6.3495,0.73306,7.14218,-2.18143,1.75201,1.06723,-1.4751,0.23429,0.50139,-1.71311,-0.16013,0.64419,-0.09229,0.50581,1.81432,0.26278,-0.42053,-5.00647,-0.14485,1.21273,1.45326
20.76,-0.27421,-0.06735,-0.66642,-2.58616,0,-0.09372,-0.81411,-0.25938,1.02444,3.46048,-0.03903,0.96873,-2.06668,2.71496,0.5979,-3.16816,-5.37619,3.23184,0.60287,-6.5755,1.00159,7.63589,-2.25868,1.8766,0.95633,-1.58791,0.16914,0.82288,-1.52874,-0.10496,0.5176,-0.10259,0.23374,1.42401,0.55794,0.06889,-4.44087,-0.18196,1.18222,1.4744
20.78,-0.32451,-0.05291,-0.73881,-2.56405,0,-0.28937,-0.78985,-0.0162,0.91523,3.74376,0.01584,0.87292,-2.09069,3.16997,-1.11497,0.44569,-2.5188,-1.87455,0.0989,-6.63577,1.22397,8.01331,-2.29648,1.96641,0.79291,-1.66014,0.07818,1.13408,-1.27789,-0.04789,0.37214,-0.11229,-0.04505,1.06758,0.84613,0.50798,-3.85842,-0.19925,1.11646,1.45196
20.8,-0.37638,-0.03701,-0.80198,-2.48984,0,-0.47439,-0.73709,0.22748,0.79107,3.88751,0.09998,0.77439,-1.99633,3.53841,-2.6412,3.94026,0.77791,-7.13601,-0.47811,-6.49298,1.38483,8.27831,-2.29029,2.01839,0.58174,-1.67985,-0.03582,1.41856,-0.99024,-0.00103,0.21361,-0.12153,-0.31879,0.7487,1.11695,0.87284,-3.28358,-0.19727,1.01939,1.3925
20.82,-0.42984,-0.02072,-0.8556,-2.35714,0,-0.63932,-0.65095,0.459,0.65346,3.85691,0.21312,0.67717,-1.7701,3.80079,-3.91486,7.11462,4.25809,-12.16255,-1.07546,-6.11701,1.47344,8.43931,-2.2368,2.03118,0.33175,-1.63758,-0.16962,1.66056,-0.69562,0.02498,0.0484,-0.12961,-0.5745,0.46825,1.36023,1.14717,-2.73436,-0.17783,0.89524,1.3022
20.84,-0.48486,-0.00515,-0.89955,-2.16199,0,-0.77559,-0.52785,0.66661,0.50527,3.62646,0.3507,0.58389,-1.40416,3.94642,-4.87771,9.76417,7.63163,-16.55321,-1.6341,-5.48903,1.48441,8.50629,-2.1341,2.00539,0.05574,-1.52722,-0.31987,1.84656,-0.42006,0.02236,-0.11668,-0.13518,-0.79878,0.22471,1.56683,1.32291,-2.22265,-0.14358,0.74834,1.18605
20.86,-0.54139,0.00868,-0.934,-1.90352,0,-0.87617,-0.36616,0.84022,0.35076,3.18356,0.50461,0.49583,-0.90084,3.97333,-5.48475,11.69828,10.60526,-19.9343,-2.09721,-4.60517,1.41777,8.48733,-1.98181,1.94402,-0.23047,-1.34665,-0.4833,1.96675,-0.18201,-0.0127,-0.27452,-0.13655,-0.97898,0.01478,1.72944,1.39974,-1.75488,-0.09757,0.58336,1.0478
20.88,-0.59932,0.01987,-0.95939,-1.5845,0,-0.93624,-0.16672,0.97202,0.19541,2.53148,0.66445,0.41309,-0.2767,3.88743,-5.70989,12.75982,12.91616,-21.99825,-2.41915,-3.47952,1.27856,8.38532,-1.78134,1.85269,-0.50909,-1.09831,-0.65683,2.01645,0.01055,-0.0792,-0.41801,-0.13221,-1.10478,-0.16617,1.84328,1.38395,-1.33301,-0.04289,0.40573,0.89052
20.9,-0.65848,0.02775,-0.97654,-1.21175,0,-0.95372,0.06684,1.05708,0.04552,1.69101,0.81879,0.33502,0.4351,3.70153,-5.55072,12.84283,14.36161,-22.53695,-2.57274,-2.1456,1.07615,8.19545,-1.53603,1.7396,-0.76158,-0.78956,-0.83763,1.99695,0.16144,-0.17095,-0.54028,-0.12126,-1.16966,-0.32345,1.90665,1.2868,-0.95576,0.01755,0.22208,0.71735
20.92,-0.71863,0.03195,-0.98658,-0.79608,0,-0.9295,0.32796,1.09365,-0.09232,0.69999,0.95628,0.26061,1.18524,3.43411,-5.03164,11.90529,14.81905,-21.4635,-2.55283,-0.65549,0.82356,7.9039,-1.25116,1.61483,-0.96982,-0.43266,-1.02311,1.91575,0.28525,-0.27661,-0.63511,-0.10381,-1.1721,-0.46249,1.92116,1.1229,-0.6199,0.08109,0.04029,0.53216
20.94,-0.77938,0.03238,-0.99087,-0.35177,0,-0.86734,0.60758,1.08317,-0.21193,-0.38972,1.06631,0.18882,1.91197,3.10808,-4.20442,9.97493,14.25385,-18.81962,-2.37533,0.92384,0.53661,7.48789,-0.93374,1.48883,-1.11721,-0.04441,-1.21084,1.78569,0.40406,-0.38042,-0.69742,-0.08113,-1.1162,-0.58825,1.89148,0.90855,-0.32146,0.14518,-0.13095,0.33981
20.96,-0.8401,0.02926,-0.99092,0.10443,0,-0.77345,0.89477,1.03012,-0.30847,-1.51721,1.13951,0.1189,2.54783,2.74937,-3.14643,7.14851,12.71598,-14.76981,-2.07249,2.51652,0.23311,6.91724,-0.59206,1.37049,-1.18979,0.35482,-1.39837,1.6235,0.54228,-0.46338,-0.72379,-0.05563,-1.01178,-0.70463,1.82482,0.66033,-0.05676,0.20722,-0.28295,0.14604
20.98,-0.89996,0.02309,-0.98825,0.55456,0,-0.65592,1.17764,0.94159,-0.37909,-2.61861,1.16797,0.05051,3.02786,2.38552,-1.95653,3.5862,10.32874,-9.58579,-1.6859,4.04497,-0.06805,6.15768,-0.23501,1.26495,-1.17741,0.74238,-1.58308,1.44784,0.72102,-0.50525,-0.71304,-0.03059,-0.87374,-0.81409,1.73026,0.39398,0.17675,0.2644,-0.4081,-0.04288
21,-0.95783,0.01459,-0.98427,0.9807,0,-0.52402,1.44417,0.82678,-0.4234,-3.63292,1.14555,-0.01619,3.29786,2.04396,-0.74885,-0.49796,7.27299,-3.62399,-1.2592,5.43689,-0.34775,5.17572,0.12856,1.17189,-1.07491,1.09502,-1.76178,1.27732,0.95312,-0.4869,-0.66666,-0.00981,-0.72094,-0.91736,1.61793,0.12363,0.37998,0.3137,-0.50084,-0.22057
21.02,-1.01228,0.00463,-0.98027,1.36599,0,-0.38744,1.68298,0.6962,-0.44345,-4.50681,1.06812,-0.08069,3.32099,1.74979,0.35573,-4.84911,3.76846,2.70244,-0.83197,6.63078,-0.58768,3.94459,0.49068,1.08453,-0.88332,1.39095,-1.93023,1.12862,1.24018,-0.39324,-0.58906,0.00303,-0.57421,-1.01333,1.49824,-0.13851,0.55197,0.35209,-0.55819,-0.38086
21.04,-1.0616,-0.00585,-0.97727,1.69545,0,-0.25547,1.88373,0.5608,-0.44309,-5.19776,0.93401,-0.14236,3.08215,1.52309,1.24034,-9.18818,0.05381,8.95648,-0.43558,7.57971,-0.77143,2.45071,0.84509,0.98963,-0.61091,1.61207,-2.0825,1.01497,1.5719,-0.2163,-0.48735,0.005,-0.45382,-1.0993,1.38097,-0.38227,0.69017,0.37708,-0.57988,-0.5181
21.06,-1.10377,-0.01596,-0.97598,1.95666,0,-0.13628,2.03754,0.43084,-0.42704,-5.67595,0.74448,-0.20076,2.5898,1.37588,1.80425,-13.23117,-3.6332,14.71279,-0.09115,8.25335,-0.88576,0.70007,1.18806,0.86839,-0.27407,1.74627,-2.21039,0.94492,1.92787,0.04181,-0.37093,-0.00534,-0.37651,-1.17127,1.27448,-0.59933,0.79083,0.38728,-0.56799,-0.62721
21.08,-1.13655,-0.02499,-0.97681,2.14027,0,-0.03619,2.1372,0.31495,-0.39987,-5.92505,0.50414,-0.25598,1.87578,1.30942,1.97466,-16.70928,-7.07335,19.59243,0.19054,8.6388,-0.92179,-1.2764,1.51914,0.69822,0.10206,1.78951,-2.30318,0.92169,2.28071,0.36685,-0.25058,-0.02747,-0.35268,-1.22449,1.18506,-0.78299,0.8498,0.38306,-0.52639,-0.70391
21.1,-1.15766,-0.03243,-0.97986,2.24048,0,0.04072,2.17748,0.21929,-0.36515,-5.94235,0.2213,-0.30876,0.99319,1.31261,1.7162,-19.38755,-10.07908,23.29204,0.40779,8.74045,-0.87593,-3.4195,1.84161,0.45497,0.4835,1.74701,-2.34805,0.94301,2.59983,0.73187,-0.13748,-0.05863,-0.38443,-1.25407,1.11657,-0.92786,0.86318,0.36688,-0.46001,-0.74489
21.12,-1.16489,-0.03811,-0.98498,2.25524,0,0.09281,2.15539,0.14723,-0.32515,-5.73808,-0.09201,-0.36043,0.01244,1.36191,1.03604,-21.07957,-12.50175,25.60358,0.56552,8.57853,-0.75034,-5.64165,2.16237,0.11555,0.82812,1.63324,-2.33113,1.00166,2.85497,1.09898,-0.04185,-0.09412,-0.46478,-1.25548,1.07032,-1.0296,0.82799,0.34325,-0.37427,-0.74816
21.14,-1.15636,-0.04208,-0.99181,2.1864,0,0.12063,2.07033,0.09925,-0.28107,-5.33398,-0.42055,-0.41262,-0.98446,1.42329,-0.01638,-21.65772,-14.23306,26.42298,0.67237,8.18663,-0.55275,-7.83101,2.49136,-0.33936,1.08722,1.47036,-2.23931,1.08654,3.01893,1.42353,0.02847,-0.12805,-0.57847,-1.22502,1.04534,-1.08482,0.74245,0.31802,-0.27451,-0.71344
21.16,-1.13071,-0.04468,-0.99981,2.03957,0,0.1266,1.92426,0.07333,-0.2337,-4.76145,-0.74683,-0.46669,-1.91103,1.45591,-1.3546,-21.05934,-15.20245,25.7493,0.73765,7.60833,-0.29571,-9.85929,2.84039,-0.92275,1.20822,1.28538,-2.06261,1.18429,3.06962,1.66023,0.06942,-0.15445,-0.70405,-1.16005,1.03885,-1.09103,0.6061,0.29739,-0.16571,-0.64267
21.18,-1.08732,-0.04639,-1.00833,1.82411,0,0.11435,1.72191,0.06558,-0.18433,-4.05953,-1.0523,-0.52327,-2.68391,1.41702,-2.86427,-19.29033,-15.37285,23.677,0.7687,6.89379,0.00449,-11.59264,3.22188,-1.63888,1.13813,1.10656,-1.79662,1.28107,2.99154,1.77012,0.08177,-0.16848,-0.81688,-1.05919,1.04684,-1.04687,0.4197,0.28675,-0.05222,-0.54035
21.2,-1.02651,-0.0478,-1.01669,1.55281,0,0.08811,1.47076,0.0709,-0.13542,-3.27273,-1.31878,-0.58176,-3.23011,1.26749,-4.41475,-16.42579,-14.73707,20.38296,0.76945,6.09624,0.32921,-12.90353,3.64731,-2.48158,0.82763,0.95968,-1.44455,1.36426,2.77679,1.72681,0.07144,-0.16737,-0.89238,-0.92231,1.06482,-0.95258,0.18489,0.28964,0.0622,-0.41372
21.22,-0.94964,-0.04953,-1.02418,1.24154,0,0.05219,1.18092,0.08378,-0.09093,-2.44871,-1.52984,-0.64025,-3.49293,0.97719,-5.87212,-12.60689,-13.31569,16.10825,0.74031,5.26858,0.65881,-13.68239,4.1257,-3.43316,0.23551,0.86455,-1.01827,1.42381,2.42567,1.52084,0.04877,-0.15088,-0.90908,-0.75031,1.08832,-0.81052,-0.0963,0.30727,0.17434,-0.27246
21.24,-0.85902,-0.05211,-1.03007,0.90847,0,0.01045,0.86454,0.09901,-0.05598,-1.63539,-1.67204,-0.69565,-3.43633,0.52962,-7.11283,-8.03294,-11.15676,11.13522,0.67948,4.45974,0.97425,-13.84789,4.66209,-4.46446,-0.66681,0.83229,-0.53795,1.45308,1.94682,1.16126,0.02682,-0.12109,-0.85115,-0.5447,1.11329,-0.62578,-0.42218,0.33845,0.28136,-0.12784
21.26,-0.75778,-0.05597,-1.03359,0.57302,0,-0.034,0.53494,0.1123,-0.03612,-0.87782,-1.73606,-0.74407,-3.04763,-0.07453,-8.03678,-2.94916,-8.33743,5.76206,0.58543,3.71109,1.25843,-13.35546,5.25632,-5.53575,-1.89079,0.86346,-0.03042,1.44913,1.35692,0.67466,0.01882,-0.0817,-0.71024,-0.30698,1.13631,-0.40666,-0.79202,0.38015,0.38064,0.00845
21.28,-0.64953,-0.06136,-1.03381,0.25462,0,-0.07904,0.20562,0.12071,-0.03621,-0.21497,-1.71757,-0.78144,-2.33888,-0.8155,-8.57848,2.36835,-4.96659,0.27868,0.45963,3.05321,1.49757,-12.20376,5.90222,-6.59836,-3.42652,0.94742,0.47332,1.41261,0.68015,0.10217,0.03547,-0.03705,-0.48656,-0.0381,1.15456,-0.165,-1.20667,0.4282,0.46957,0.12573
21.3,-0.53814,-0.06831,-1.0297,-0.0285,0,-0.12343,-0.11079,0.12288,-0.0594,0.323,-1.61771,-0.80402,-1.34659,-1.65481,-8.71402,7.62936,-1.18708,-5.0524,0.30878,2.50349,1.68206,-10.43794,6.58736,-7.59666,-5.23919,1.06325,0.94106,1.3473,-0.05287,-0.50506,0.08279,0.00882,-0.18919,0.26183,1.16569,0.08401,-1.66856,0.47812,0.5455,0.21543
21.32,-0.42745,-0.07662,-1.02003,-0.26056,0,-0.16669,-0.40344,0.11904,-0.10638,0.71684,-1.44305,-0.80879,-0.12977,-2.53841,-8.4619,12.54761,2.82478,-10.00783,0.14563,2.06477,1.80678,-8.14807,7.29344,-8.47007,-7.26676,1.18231,1.34234,1.25924,-0.80667,-1.09126,0.16095,0.05276,0.16466,0.59357,1.16753,0.32253,-2.18113,0.52568,0.60565,0.27197
21.34,-0.32096,-0.08586,-1.00334,-0.42936,0,-0.20865,-0.66402,0.11063,-0.17503,0.95934,-1.20478,-0.79353,1.23417,-3.40269,-7.87722,16.85988,6.86409,-14.40774,-0.01183,1.72527,1.87089,-5.46212,7.99703,-9.15528,-9.41957,1.27247,1.6514,1.15557,-1.54323,-1.60213,0.26458,0.09271,0.55137,0.95831,1.1575,0.53154,-2.74753,0.56722,0.64721,0.2929
21.36,-0.22158,-0.09539,-0.97794,-0.52733,0,-0.24896,-0.88734,0.09982,-0.26047,1.05567,-0.91751,-0.75676,2.65523,-4.18254,-7.04058,20.34551,10.70709,-18.11447,-0.14286,1.45979,1.87702,-2.53446,8.67067,-9.58921,-11.58242,1.30338,1.84964,1.0432,-2.22487,-1.99089,0.38408,0.12753,0.94347,1.35694,1.13219,0.6928,-3.36874,0.59963,0.66739,0.27869
21.38,-0.13142,-0.10439,-0.94194,-0.5523,0,-0.28658,-1.07165,0.08885,-0.35541,1.0228,-0.59782,-0.69759,4.03775,-4.82002,-6.04463,22.84395,14.12504,-21.02843,-0.22723,1.2325,1.83043,0.46786,9.28419,-9.71347,-13.61932,1.2519,1.92772,0.92754,-2.81736,-2.22387,0.50777,0.15661,1.31252,1.78914,1.08689,0.79114,-4.04143,0.62025,0.66361,0.23202
21.4,-0.05164,-0.1119,-0.89334,-0.50795,0,-0.31941,-1.21863,0.0794,-0.45069,0.88796,-0.26297,-0.61551,5.28767,-5.27155,-4.9813,24.267,16.90081,-23.08349,-0.24866,1.00121,1.73809,3.37853,9.80535,-9.48057,-15.38107,1.10641,1.88665,0.81163,-3.29267,-2.28441,0.62391,0.17942,1.63199,2.25224,1.01552,0.81644,-4.75575,0.6267,0.63366,0.15699
21.42,0.01741,-0.11694,-0.83029,-0.40361,0,-0.3441,-1.33285,0.07214,-0.53584,0.68596,0.07014,-0.51045,6.31952,-5.51215,-3.93168,24.60224,18.84658,-24.2432,-0.19775,0.72342,1.60808,6.04369,10.19959,-8.86165,-16.71547,0.869,1.73783,0.69567,-3.63087,-2.17452,0.72251,0.1952,1.87958,2.7402,0.91093,0.76502,-5.49339,0.61681,0.57573,0.0581
21.44,0.07614,-0.11856,-0.75129,-0.25345,0,-0.3562,-1.42079,0.06635,-0.59971,0.4554,0.3856,-0.38281,7.06282,-5.5358,-2.95978,23.90632,19.82143,-24.49866,-0.07369,0.36349,1.44899,8.33103,10.42867,-7.85475,-17.4798,0.55505,1.50156,0.57723,-3.82109,-1.91386,0.79625,0.20294,2.03891,3.24264,0.76561,0.64021,-6.22612,0.58865,0.48839,-0.06063
21.46,0.12538,-0.11594,-0.65545,-0.07514,0,-0.35048,-1.4896,0.0599,-0.63105,0.23422,0.66895,-0.23368,7.4677,-5.3527,-2.10983,22.29054,19.74732,-23.86839,0.11499,-0.09968,1.26968,10.13655,10.44895,-6.49212,-17.55477,0.19044,1.2047,0.45185,-3.86149,-1.53651,0.84085,0.20146,2.10055,3.74425,0.57276,0.45211,-6.91521,0.54074,0.37049,-0.19646
21.48,0.16614,-0.10851,-0.54282,0.11192,0,-0.32161,-1.5457,0.04936,-0.61929,0.05515,0.90743,-0.06514,7.50949,-4.98475,-1.40682,19.90277,18.62116,-22.39961,0.3511,-0.66595,1.07908,11.38896,10.21079,-4.84416,-16.85841,-0.19274,0.87757,0.31405,-3.75874,-1.08631,0.85494,0.18979,2.06247,4.22476,0.32761,0.21667,-7.51198,0.4723,0.22118,-0.34844
21.5,0.19933,-0.09608,-0.41454,0.28835,0,-0.26486,-1.59374,0.03039,-0.55535,-0.05804,1.09027,0.11956,7.19142,-4.46072,-0.85887,16.90952,16.51934,-20.1689,0.61041,-1.30991,0.88602,12.05163,9.65982,-3.01678,-15.35701,-0.56104,0.55094,0.15849,-3.52707,-0.61177,0.83966,0.1675,1.93003,4.65952,0.02876,-0.04571,-7.95978,0.38346,0.04002,-0.51741
21.52,0.22554,-0.07885,-0.27301,0.43656,0,-0.17694,-1.63584,-0.00163,-0.4326,-0.09295,1.20911,0.31588,6.54454,-3.81204,-0.4608,13.48045,13.59084,-17.27969,0.8645,-1.98097,0.69899,12.12141,8.74094,-1.13972,-13.07024,-0.88424,0.25328,-0.01888,-3.18685,-0.16118,0.79817,0.13499,1.7153,5.02078,-0.32065,-0.31199,-8.19729,0.27545,-0.17268,-0.70555
21.54,0.24502,-0.05751,-0.1218,0.54224,0,-0.05679,-1.67137,-0.05085,-0.24788,-0.04911,1.25852,0.51807,5.62438,-3.06983,-0.19807,9.7761,10.03821,-13.8555,1.08446,-2.60823,0.52553,11.62468,7.40493,0.65426,-10.06903,-1.13917,0.00852,-0.21988,-2.7628,0.2218,0.73517,0.09366,1.43581,5.27967,-0.71225,-0.55857,-8.16309,0.15054,-0.41528,-0.91525
21.56,0.25763,-0.03323,0.03463,0.59566,0,0.09382,-1.69724,-0.11998,-0.00252,0.06287,1.23662,0.71942,4.505,-2.26324,-0.05051,5.93964,6.09013,-10.03034,1.24504,-3.10971,0.37153,10.61157,5.61727,2.25564,-6.46765,-1.31245,-0.16562,-0.44335,-2.28196,0.5017,0.6565,0.04592,1.1128,5.40877,-1.13219,-0.76363,-7.80155,0.01175,-0.68418,-1.14766
21.58,0.26296,-0.00759,0.19124,0.59252,0,0.2698,-1.70856,-0.2095,0.2968,0.2236,1.14562,0.9126,3.27147,-1.41917,0.00444,2.09273,1.97282,-5.9397,1.32841,-3.40407,0.24027,9.14994,3.36826,3.6025,-2.41297,-1.40182,-0.25868,-0.68484,-1.7717,0.65401,0.5688,-0.00501,0.7693,5.38516,-1.5615,-0.90922,-7.06942,-0.13746,-0.97315,-1.40107
21.6,0.26052,0.01745,0.34288,0.53442,0,0.46269,-1.69963,-0.31701,0.63755,0.40778,0.99216,1.08999,2.01211,-0.56298,-0.01092,-1.66443,-2.11169,-1.71563,1.32673,-3.42301,0.13152,7.32035,0.6825,4.6947,1.92592,-1.41599,-0.26782,-0.93657,-1.25809,0.66663,0.47919,-0.05539,0.42821,5.19336,-1.97706,-0.98302,-5.94241,-0.29361,-1.27287,-1.66943
21.62,0.2499,0.03972,0.48467,0.42857,0,0.66102,-1.66492,-0.43698,1.00137,0.58772,0.78696,1.24383,0.81098,0.28034,-0.07632,-5.24973,-5.99488,2.51231,1.24261,-3.1222,0.04086,5.21227,-2.37408,5.59111,6.36615,-1.37248,-0.1975,-1.18795,-0.76459,0.5401,0.39492,-0.1015,0.11053,4.82772,-2.35322,-0.97927,-4.42061,-0.45366,-1.57073,-1.94137
21.64,0.23093,0.05698,0.61242,0.28692,0,0.85121,-1.60012,-0.56105,1.36495,0.73685,0.54386,1.36626,-0.25887,1.08481,-0.17459,-8.59358,-9.53738,6.61066,1.08739,-2.48944,-0.04078,2.9213,-5.6916,6.38829,10.71719,-1.29391,-0.05832,-1.4265,-0.31114,0.28645,0.3229,-0.1402,-0.16617,4.29363,-2.66401,-0.89892,-2.53174,-0.61536,-1.85114,-2.19986
21.66,0.2039,0.06716,0.72302,0.12465,0,1.01893,-1.50291,-0.67866,1.70143,0.83322,0.27829,1.44928,-1.1411,1.82259,-0.29222,-11.63281,-12.6151,10.43313,0.87773,-1.54932,-0.12698,0.54691,-9.11847,7.18566,14.7859,-1.20312,0.13451,-1.63915,0.08653,-0.07309,0.26921,-0.16957,-0.38909,3.60779,-2.88587,-0.74897,-0.33225,-0.77749,-2.09631,-2.42281
21.68,0.16957,0.06858,0.81472,-0.04156,0,1.1507,-1.37369,-0.77816,1.9825,0.86235,0.00557,1.48471,-1.80031,2.46362,-0.41943,-14.30552,-15.10338,13.81367,0.63156,-0.36397,-0.2351,-1.80987,-12.46887,8.04734,18.38209,-1.1183,0.36312,-1.81383,0.41718,-0.51082,0.23857,-0.18951,-0.55111,2.79761,-3.00053,-0.54153,2.09389,-0.93992,-2.28757,-2.58454
21.7,0.12932,0.06014,0.88735,-0.19532,0,1.23545,-1.21589,-0.84805,2.18057,0.81914,-0.26057,1.46433,-2.22406,2.97623,-0.55022,-16.54825,-16.86778,16.5667,0.36484,0.97073,-0.3847,-4.04966,-15.53495,8.9727,21.32592,-1.04943,0.60872,-1.94093,0.67411,-0.9956,0.23395,-0.20205,-0.65125,1.89975,-2.99747,-0.29251,4.63866,-1.10327,-2.40709,-2.65839
21.72,0.08503,0.04146,0.94228,-0.32208,0,1.26582,-1.03584,-0.8783,2.2711,0.70832,-0.50902,1.38019,-2.42234,3.32867,-0.6824,-18.29593,-17.76806,18.49813,0.08986,2.33416,-0.59491,-6.07954,-18.10374,9.88539,23.45828,-0.99679,0.85318,-2.01442,0.85482,-1.4955,0.25641,-0.2113,-0.69441,0.95779,-2.87547,-0.02051,7.17612,-1.26818,-2.43982,-2.62008
21.74,0.03897,0.01299,0.98213,-0.41033,0,1.23895,-0.84214,-0.86156,2.23454,0.54333,-0.73159,1.2251,-2.42429,3.49172,-0.81766,-19.4853,-17.67753,19.42828,-0.18445,3.59484,-0.88094,-7.81981,-19.97787,10.64469,24.65404,-0.952,1.0802,-2.0325,0.96043,-1.98014,0.30509,-0.22298,-0.69048,0.0187,-2.64295,0.25446,9.57128,-1.43412,-2.37544,-2.45179
21.76,-0.00646,-0.02405,1.01041,-0.45258,0,1.15685,-0.64456,-0.79415,2.0582,0.34398,-0.92292,0.99332,-2.27306,3.4421,-0.96179,-20.06119,-16.5143,19.22368,-0.45065,4.62759,-1.25018,-9.21207,-20.9985,11.07611,24.83755,-0.90107,1.27608,-1.99775,0.99502,-2.42254,0.37745,-0.24363,-0.65284,-0.8713,-2.3171,0.51204,11.69125,-1.59809,-2.21025,-2.1462
21.78,-0.04904,-0.06769,1.03098,-0.44588,0,1.0262,-0.45281,-0.67684,1.73767,0.13341,-1.07989,0.68159,-2.02007,3.1662,-1.1247,-19.98481,-14.27609,17.83072,-0.7003,5.3308,-1.69867,-10.22691,-21.0673,11.01187,23.99759,-0.82864,1.43015,-1.91679,0.96507,-2.80039,0.46952,-0.27958,-0.59669,-1.6711,-1.92226,0.73274,13.41718,-1.75343,-1.94852,-1.70988
21.8,-0.087,-0.11536,1.04767,-0.39207,0,0.85775,-0.27537,-0.51498,1.2778,-0.06496,-1.201,0.29018,-1.71972,2.66337,-1.32025,-19.24167,-11.06691,15.3016,-0.92203,5.64004,-2.20888,-10.86877,-20.16241,10.32951,22.1973,-0.72199,1.53472,-1.79958,0.87912,-3.09655,0.57622,-0.33596,-0.53725,-2.3484,-1.4876,0.89901,14.65502,-1.8893,-1.60304,-1.16486
21.82,-0.1193,-0.164,1.06381,-0.2977,0,0.66505,-0.11865,-0.31801,0.69277,-0.22995,-1.28565,-0.17594,-1.42568,1.94787,-1.56539,-17.84659,-7.10508,11.80362,-1.10109,5.53467,-2.74951,-11.17558,-18.34382,8.9784,19.57444,-0.57406,1.58469,-1.65815,0.74775,-3.29875,0.69147,-0.41586,-0.48819,-2.88213,-1.04431,0.99643,15.34286,-1.99092,-1.19423,-0.5474
21.84,-0.1458,-0.21028,1.08205,-0.1735,0,0.46274,0.01355,-0.09821,0.00534,-0.34439,-1.33367,-0.7062,-1.18871,1.04904,-1.87867,-15.84437,-2.70742,7.60731,-1.22078,5.0362,-3.27782,-11.21217,-15.74581,6.98871,16.32955,-0.38463,1.57669,-1.50495,0.58382,-3.39843,0.80826,-0.51975,-0.46038,-3.26344,-0.6225,1.01489,15.45418,-2.04087,-0.74782,0.09635
21.86,-0.16739,-0.25082,1.10409,-0.0336,0,0.26449,0.12021,0.13106,-0.75489,-0.39613,-1.34494,-1.28376,-1.05598,0.00967,-2.278,-13.30662,1.74766,3.0557,-1.26552,4.19951,-3.74402,-11.05884,-12.55858,4.46388,12.704,-0.15993,1.50818,-1.35098,0.40288,-3.38913,0.91867,-0.64517,-0.46093,-3.49537,-0.2479,0.94977,14.99745,-2.02131,-0.29145,0.71699
21.88,-0.18599,-0.2824,1.13073,0.10534,0,0.0811,0.20282,0.35722,-1.55346,-0.37833,-1.31938,-1.88533,-1.07099,-1.11689,-2.7779,-10.32644,5.8692,-1.4779,-1.22454,3.09984,-4.09693,-10.79753,-9.00371,1.56214,8.95292,0.08889,1.37659,-1.20415,0.22342,-3.26519,1.0139,-0.78669,-0.4926,-3.59158,0.06093,0.80297,14.01338,-1.91672,0.14901,1.26932
21.9,-0.20443,-0.3022,1.16187,0.22499,0,-0.08072,0.26499,0.56992,-2.35324,-0.28928,-1.25724,-2.48165,-1.27333,-2.27053,-3.38631,-7.01236,9.30403,-5.63499,-1.09512,1.81898,-4.28966,-10.49845,-5.30849,-1.52647,5.3182,0.34781,1.17907,-1.06835,0.06684,-3.02104,1.0845,-0.93603,-0.55367,-3.57458,0.29438,0.5836,12.57056,-1.71679,0.55247,1.71858
21.92,-0.22625,-0.30794,1.19673,0.30616,0,-0.2187,0.31176,0.76175,-3.11633,-0.13173,-1.15951,-3.03867,-1.69745,-3.38869,-4.10137,-3.48195,11.77895,-9.11254,-0.88418,0.43305,-4.28434,-10.20916,-1.68271,-4.60216,2.00575,0.60201,0.91279,-0.94354,-0.04319,-2.65153,1.12079,-1.08245,-0.63821,-3.47331,0.45212,0.30808,10.75948,-1.41894,0.90415,2.04409
21.94,-0.25525,-0.298,1.23397,0.32953,0,-0.33426,0.34866,0.92802,-3.80576,0.08806,-1.02848,-3.51974,-2.37,-4.41098,-4.90825,0.14438,13.12951,-11.69464,-0.60783,-0.99651,-4.05532,-9.94752,1.69978,-7.4735,-0.83103,0.83764,0.57584,-0.82674,-0.08225,-2.15328,1.11351,-1.21322,-0.73681,-3.32038,0.54188,-0.00067,8.68505,-1.02989,1.19554,2.23954
21.96,-0.29508,-0.27145,1.27192,0.27642,0,-0.43088,0.38089,1.06585,-4.387,0.36128,-0.86829,-3.88871,-3.30589,-5.28383,-5.77685,3.74897,13.31385,-13.27299,-0.28901,-2.4278,-3.59104,-9.69909,4.71358,-9.97035,-3.10016,1.04317,0.16875,-0.71398,-0.02724,-1.52684,1.05481,-1.31445,-0.83765,-3.14902,0.57697,-0.31484,6.45806,-0.56641,1.42302,2.31049
21.98,-0.34868,-0.22816,1.30877,0.12987,0,-0.51228,0.41248,1.17307,-4.82959,0.6774,-0.68534,-4.11384,-4.50355,-5.96451,-6.6608,7.22074,12.41242,-13.85431,0.04587,-3.83926,-2.89525,-9.41925,7.28673,-11.95129,-4.7719,1.2104,-0.30398,-0.60235,0.141,-0.77919,0.93919,-1.37211,-0.92791,-2.99015,0.57316,-0.60403,4.18694,-0.05485,1.58589,2.27051
22,-0.41783,-0.16883,1.34283,-0.12399,0,-0.58068,0.44578,1.24712,-5.10879,1.02445,-0.48828,-4.17206,-5.94006,-6.42374,-7.49868,10.45587,10.61413,-13.55279,0.37046,-5.2258,-1.9878,-9.04011,9.39696,-13.30564,-5.87061,1.33501,-0.83243,-0.49188,0.43511,0.07395,0.76457,-1.37329,-0.9952,-2.86967,0.54567,-0.83814,1.97077,0.47039,1.68462,2.13711
22.02,-0.50282,-0.09508,1.37253,-0.49411,0,-0.63583,0.48127,1.2846,-5.20702,1.3887,-0.28752,-4.05324,-7.56724,-6.6461,-8.21767,13.35512,8.18883,-12.56552,0.66128,-6.59076,-0.90523,-8.48148,11.05845,-13.9501,-6.45757,1.41675,-1.40049,-0.3865,0.85885,1.00698,0.53297,-1.30771,-1.02907,-2.80613,0.50673,-0.99058,-0.10626,0.96985,1.71991,1.92889
22.04,-0.60225,-0.0095,1.39654,-0.98239,0,-0.67493,0.51786,1.28142,-5.11517,1.75384,-0.09419,-3.76389,-9.30927,-6.62805,-8.73988,15.81838,5.44816,-11.13256,0.89949,-7.93466,0.29918,-7.66495,12.30057,-13.82148,-6.6064,1.45915,-1.98602,-0.29388,1.40555,1.98457,0.25087,-1.16924,-1.02223,-2.80888,0.46412,-1.04166,-1.97858,1.40327,1.69277,1.66415
22.06,-0.71306,0.08433,1.41359,-1.58148,0,-0.69336,0.55345,1.23362,-4.8337,2.09995,0.08136,-3.33048,-11.06309,-6.3744,-8.99072,17.73902,2.70003,-9.48799,1.07165,-9.24294,1.55638,-6.52954,13.14321,-12.86829,-6.37587,1.46895,-2.56189,-0.22422,2.05717,2.96344,-0.07098,-0.9573,-0.97159,-2.87681,0.42072,-0.98155,-3.60156,1.73464,1.60561,1.36099
22.08,-0.83064,0.18188,1.42245,-2.27316,0,-0.68595,0.58562,1.13851,-4.37339,2.40296,0.23098,-2.79891,-12.7021,-5.89456,-8.90818,19.00143,0.20498,-7.81301,1.1697,-10.47609,2.784,-5.04626,13.57558,-11.04526,-5.78713,1.45515,-3.09781,-0.18846,2.78434,3.89526,-0.41811,-0.67799,-0.87892,-2.99808,0.3749,-0.81242,-4.95219,1.93748,1.46381,1.03828
22.1,-0.9492,0.27787,1.42188,-3.02764,0,-0.64843,0.61234,0.99596,-3.75556,2.63512,0.34965,-2.22382,-14.08387,-5.19975,-8.45101,19.48462,-1.85625,-6.20285,1.19051,-11.56544,3.89125,-3.22854,13.54584,-8.3141,-4.81313,1.42775,-3.5626,-0.19627,3.54742,4.73015,-0.77331,-0.34436,-0.75085,-3.15108,0.32159,-0.54876,-6.02788,1.99895,1.27701,0.71657
22.12,-1.06212,0.36656,1.41063,-3.80455,0,-0.57861,0.6323,0.80923,-3.0111,2.76686,0.43557,-1.65144,-15.06187,-4.30211,-7.60415,19.07381,-3.39687,-4.65687,1.1352,-12.41703,4.78665,-1.13541,12.96666,-4.65285,-3.38572,1.39615,-3.92658,-0.25429,4.29861,5.42049,-1.11803,0.02434,-0.5982,-3.30676,0.25393,-0.21537,-6.8431,1.92204,1.05959,0.41819
22.14,-1.16247,0.44229,1.38748,-4.55571,0,-0.47709,0.64501,0.58538,-2.17818,2.7702,0.48925,-1.11002,-15.50103,-3.21562,-6.38029,17.67982,-4.41779,-3.09452,1.00847,-12.92421,5.38857,1.13381,11.73779,-0.07348,-1.42163,1.36721,-4.16393,-0.36482,4.98517,5.92454,-1.43409,0.40463,-0.43445,-3.43239,0.16508,0.15721,-7.42398,1.7253,0.82993,0.1661
22.16,-1.24358,0.50005,1.35127,-5.22957,0,-0.34753,0.65049,0.33498,-1.29885,2.62336,0.51206,-0.61118,-15.29556,-1.95878,-4.81803,15.2638,-4.98488,-1.39267,0.81794,-12.98688,5.63744,3.45215,9.78116,5.35405,1.13768,1.34334,-4.2549,-0.52511,5.55367,6.20996,-1.70577,0.77184,-0.27362,-3.49625,0.0502,0.53873,-7.80187,1.44031,0.60856,-0.01848
22.18,-1.29962,0.53618,1.30107,-5.77645,0,-0.19645,0.64895,0.07142,-0.41524,2.31551,0.50462,-0.15519,-14.38661,-0.55809,-2.9781,11.86238,-5.19788,0.56691,0.57383,-12.53319,5.50727,5.68185,7.07956,11.47585,4.28232,1.32098,-4.18786,-0.72722,5.95466,6.25697,-1.92171,1.10341,-0.12806,-3.4726,-0.0919,0.90545,-8.00695,1.10757,0.41566,-0.11895
22.2,-1.32611,0.54891,1.23631,-6.15371,0,-0.03282,0.64042,-0.19007,0.4338,1.85064,0.46579,0.26405,-12.77585,0.94874,-0.93861,7.60606,-5.1605,2.85284,0.2887,-11.5378,5.01338,7.69152,3.70712,18.03199,7.89862,1.29002,-3.96074,-0.9583,6.14705,6.06055,-2.07652,1.38188,-0.00661,-3.34596,-0.2577,1.24444,-8.06316,0.77148,0.26849,-0.12608
22.22,-1.32028,0.53858,1.15691,-6.32977,0,0.13266,0.62455,-0.43362,1.21534,1.24936,0.39275,0.65441,-10.53087,2.51106,1.20986,2.72404,-4.95908,5.45376,-0.02263,-10.03147,4.21341,9.3706,-0.15839,24.64453,11.75294,1.23446,-3.58151,-1.2015,6.10146,5.63126,-2.1715,1.59683,0.08643,-3.11368,-0.43881,1.55467,-7.98505,0.47505,0.17929,-0.03981
22.24,-1.28115,0.50772,1.06332,-6.28641,0,0.28843,0.60068,-0.64408,1.90379,0.54781,0.28229,1.02122,-7.78056,4.06575,3.36929,-2.46818,-4.65342,8.26831,-0.34323,-8.09925,3.20062,10.63937,-4.24682,30.82109,15.5007,1.13449,-3.06749,-1.4372,5.80204,4.99409,-2.21442,1.74561,0.1514,-2.78628,-0.62273,1.84429,-7.77693,0.25461,0.15374,0.13021
22.26,-1.20945,0.46061,0.95647,-6.01963,0,0.42302,0.5681,-0.80841,2.48149,-0.20585,0.13299,1.36336,-4.70138,5.5402,5.43923,-7.59698,-4.27897,11.11529,-0.65442,-5.86854,2.09056,11.45448,-8.22764,35.97751,18.71924,0.96968,-2.44368,-1.6447,5.24705,4.18601,-2.21835,1.83273,0.1924,-2.38592,-0.79452,2.12509,-7.43426,0.13522,0.19036,0.36539
22.28,-1.10749,0.40287,0.83773,-5.53931,0,0.52605,0.5265,-0.91699,2.93848,-0.95685,-0.0522,1.66956,-1.4977,6.85708,7.32198,-12.26872,-3.85625,13.75865,-0.93634,-3.49081,1.00448,11.81079,-11.75473,39.48088,20.95807,0.72272,-1.74063,-1.80396,4.44865,3.25262,-2.20006,1.86847,0.21587,-1.94332,-0.93886,2.40578,-6.94692,0.12718,0.2806,0.64008
22.3,-0.97889,0.34078,0.70885,-4.86805,0,0.58914,0.47652,-0.96461,3.27172,-1.64993,-0.26397,1.9177,1.62014,7.94013,8.92761,-16.11079,-3.40178,15.94008,-1.16895,-1.12154,0.05289,11.73968,-14.51309,40.71264,21.79705,0.38306,-0.99211,-1.8974,3.43195,2.24463,-2.17793,1.86688,0.22887,-1.49405,-1.04214,2.68632,-6.30374,0.22445,0.40969,0.9242
22.32,-0.82837,0.28062,0.57189,-4.03911,0,0.60652,0.42017,-0.951,3.48372,-2.23556,-0.48587,2.08255,4.45757,8.72012,10.17868,-18.80935,-2.93578,17.41291,-1.33348,1.09825,-0.67758,11.30408,-16.25857,39.14889,20.90389,-0.05042,-0.23296,-1.91123,2.2336,1.21445,-2.16978,1.84346,0.23737,-1.07443,-1.09401,2.95494,-5.49709,0.40557,0.55828,1.1864
22.34,-0.66138,0.22806,0.42906,-3.0934,0,0.57547,0.36125,-0.88068,3.5809,-2.67551,-0.69513,2.14887,6.85534,9.14049,11.01477,-20.14003,-2.48392,17.97297,-1.41431,3.05667,-1.13256,10.59042,-16.84525,34.45209,18.08418,-0.56796,0.50302,-1.83641,0.89946,0.21278,-2.19067,1.8127,0.24474,-0.71738,-1.08837,3.18872,-4.52715,0.63708,0.70476,1.39749
22.36,-0.48382,0.18749,0.28264,-2.07591,0,0.49644,0.30538,-0.76242,3.57182,-2.94754,-0.86502,2.1182,8.70571,9.16248,11.39662,-19.98995,-2.07359,17.48382,-1.40097,4.68108,-1.29324,9.69884,-16.23914,26.56313,13.31993,-1.14898,1.18507,-1.6692,-0.51816,-0.71446,-2.2508,1.78586,0.25074,-0.44866,-1.02372,3.35746,-3.40518,0.87896,0.82793,1.53389
22.38,-0.30163,0.16159,0.13483,-1.03223,0,0.37309,0.25986,-0.6083,3.46598,-3.0485,-0.96816,2.00646,9.96341,8.7695,11.30977,-18.37,-1.72712,15.89504,-1.2901,5.94302,-1.17536,8.73357,-14.51941,15.77648,6.79267,-1.76339,1.78709,-1.41146,-1.96348,-1.52882,-2.35391,1.7692,0.25106,-0.2838,-0.90299,3.42952,-2.15577,1.09101,0.90977,1.58055
22.4,-0.12052,0.15103,-0.01232,-0.00555,0,0.2121,0.23317,-0.43268,3.27308,-2.99533,-0.98034,1.8383,10.64901,7.97018,10.76654,-15.41487,-1.45551,13.25067,-1.08653,6.85739,-0.82432,7.79496,-11.86763,2.75833,-1.11459,-2.37398,2.28898,-1.07072,-3.37988,-2.20133,-2.49639,1.7631,0.23758,-0.22633,-0.73316,3.37813,-0.81754,1.2387,0.9377,1.53286
22.42,0.05423,0.15445,-0.15688,0.96546,0,0.02289,0.23399,-0.25105,3.00318,-2.82306,-0.8839,1.64185,10.84276,6.79887,9.80523,-11.36851,-1.25532,9.6855,-0.80324,7.47553,-0.30723,6.97389,-8.54516,-11.53129,-9.84189,-2.93988,2.67739,-0.66001,-4.71225,-2.71351,-2.66723,1.76226,0.19958,-0.2677,-0.52452,3.18651,0.55809,1.29754,0.90589,1.39702
22.44,0.21806,0.16875,-0.29702,1.848,0,-0.18289,0.26997,-0.0789,2.66733,-2.5798,-0.67059,1.44442,10.66858,5.31342,8.48604,-6.55452,-1.11024,5.40875,-0.45984,7.8727,0.29748,6.34846,-4.85993,-25.95281,-18.70535,-3.42063,2.94586,-0.19738,-5.90889,-3.05754,-2.84897,1.75693,0.12568,-0.38881,-0.28988,2.85096,1.91048,1.25537,0.81556,1.18858
22.46,0.36729,0.18952,-0.4309,2.61583,0,-0.39203,0.34615,0.06947,2.27866,-2.31947,-0.34343,1.26923,10.27128,3.5905,6.88446,-1.33616,-0.99666,0.67846,-0.07993,8.13207,0.91156,5.98215,-1.12716,-39.25454,-26.97236,-3.78077,3.09467,0.295,-6.92341,-3.23573,-3.0194,1.73498,0.00635,-0.56309,-0.0435,2.38172,3.17509,1.11262,0.67421,0.92966
22.48,0.49931,0.2117,-0.55668,3.24976,0,-0.59066,0.46355,0.18196,1.85336,-2.09356,0.08255,1.13324,9.79174,1.71965,5.08417,3.92607,-0.89124,-4.22723,0.31189,8.3285,1.46776,5.9221,2.36933,-50.16576,-33.94674,-3.99416,3.13031,0.79201,-7.71678,-3.2596,-3.154,1.68443,-0.16348,-0.76008,0.19993,1.80204,4.28971,0.88104,0.49424,0.64536
22.5,0.6127,0.23022,-0.67244,3.73786,0,-0.76518,0.61812,0.24957,1.41114,-1.94357,0.58082,1.04603,9.34554,-0.20281,3.17081,8.91033,-0.77801,-9.03506,0.6927,8.51545,1.91791,6.19612,5.40727,-57.58527,-39.04784,-4.04718,3.06482,1.26703,-8.25952,-3.14868,-3.22851,1.59574,-0.38233,-0.94913,0.42636,1.14578,5.20025,0.58157,0.29125,0.36026
22.52,0.70714,0.24051,-0.77625,4.07553,0,-0.90337,0.8004,0.26707,0.97457,-1.89539,1.11542,1.00971,9.00896,-2.07971,1.22777,13.35621,-0.65255,-13.49345,1.04291,8.71732,2.23684,6.80718,7.84214,-60.76595,-41.87024,-3.94004,2.91473,1.69374,-8.53368,-2.92897,-3.22135,1.4635,-0.64116,-1.10232,0.62335,0.45382,5.86497,0.24144,0.08219,0.0955
22.54,0.78335,0.23893,-0.86625,4.26561,0,-0.99549,0.99611,0.23335,0.56706,-1.95613,1.64466,1.01962,8.81406,-3.81842,-0.66589,17.07229,-0.52235,-17.37964,1.34666,8.92849,2.4214,7.72575,9.60722,-59.40671,-42.21711,-3.68579,2.69966,2.04817,-8.53445,-2.63108,-3.11569,1.28704,-0.92352,-1.19652,0.78099,-0.23053,6.25676,-0.1089,-0.1164,-0.1332
22.56,0.84279,0.2231,-0.94081,4.31829,0,-1.03535,1.18737,0.15153,0.20989,-2.11372,2.12584,1.06572,8.75219,-5.33592,-2.43603,19.93129,-0.40361,-20.50003,1.59146,9.1182,2.48569,8.88183,10.70082,-53.66918,-40.10827,-3.30755,2.44067,2.31088,-8.27129,-2.28815,-2.90097,1.07023,-1.20706,-1.21445,0.89272,-0.86648,6.36384,-0.43896,-0.28995,-0.31656
22.58,0.88748,0.19197,-0.99871,4.25095,0,-1.0212,1.35467,0.02867,-0.08103,-2.33883,2.52047,1.13433,8.78321,-6.56336,-4.01325,21.8586,-0.31581,-22.68815,1.76723,9.23932,2.45398,10.16012,11.16642,-44.14576,-35.76826,-2.83468,2.1587,2.46908,-7.76855,-1.93365,-2.57383,0.82056,-1.46582,-1.14517,0.95594,-1.42045,6.18925,-0.72118,-0.42719,-0.45193
22.6,0.91971,0.14592,-1.03933,4.08754,0,-0.95612,1.47882,-0.12466,-0.29768,-2.58876,2.79875,1.21002,8.84722,-7.4497,-5.33303,22.82025,-0.27597,-23.80526,1.86575,9.23845,2.35345,11.40211,11.0723,-31.78743,-29.59822,-2.29897,1.8732,2.51813,-7.06477,-1.59937,-2.13848,0.54789,-1.673,-0.98416,0.9722,-1.86954,5.74977,-0.93336,-0.52096,-0.54264
22.62,0.94186,0.08664,-1.06275,3.85702,0,-0.8478,1.54294,-0.29541,-0.44096,-2.8129,2.94251,1.27741,8.87574,-7.96418,-6.33704,22.81454,-0.29407,-23.74654,1.88063,9.06482,2.20813,12.4182,10.49561,-17.79546,-22.13318,-1.73129,1.60109,2.46199,-6.21011,-1.31345,-1.60604,0.26302,-1.80372,-0.73305,0.94693,-2.20307,5.07432,-1.06023,-0.56857,-0.59676
22.64,0.95614,0.0169,-1.06974,3.59079,0,-0.70748,1.53407,-0.46926,-0.51992,-2.95934,2.94628,1.32277,8.8005,-8.09734,-6.97591,21.8693,-0.37041,-22.4538,1.80808,8.67649,2.03494,13.01018,9.51332,-3.48357,-13.98667,-1.15903,1.35608,2.3125,-5.26138,-1.09846,-0.99296,-0.02366,-1.83757,-0.39929,0.88855,-2.42199,4.20178,-1.09429,-0.57154,-0.62535
22.66,0.96442,-0.05975,-1.06156,3.31934,0,-0.54832,1.44436,-0.63221,-0.54956,-2.98192,2.81653,1.33531,8.5597,-7.86081,-7.21364,20.04464,-0.49502,-19.93311,1.64834,8.04402,1.84197,13.00149,8.19995,9.87532,-5.78793,-0.60449,1.1482,2.08757,-4.27549,-0.96971,-0.3187,-0.30352,-1.7608,0.00438,0.80713,-2.53657,3.17866,-1.03586,-0.53487,-0.64041
22.68,0.96811,-0.13929,-1.03992,3.06882,0,-0.38363,1.27204,-0.77209,-0.54763,-2.84682,2.56987,1.30816,8.10245,-7.28624,-7.03248,17.43832,-0.64848,-16.27268,1.4072,7.15212,1.62867,12.26888,6.62992,21.19537,1.87975,-0.08411,0.98367,1.80899,-3.30274,-0.93377,0.39676,-0.57062,-1.56786,0.4604,0.71302,-2.5631,2.0568,-0.89259,-0.46625,-0.65297
22.7,0.9681,-0.2176,-1.00678,2.85829,0,-0.22518,1.02176,-0.8798,-0.5315,-2.53757,2.23044,1.23891,7.39195,-6.42308,-6.43723,14.18953,-0.80353,-11.65415,1.0969,6.00024,1.38744,10.76779,4.88137,29.69185,8.53068,0.39139,0.86495,1.50019,-2.38128,-0.98757,1.13481,-0.82219,-1.26228,0.94705,0.6156,-2.5205,0.89134,-0.67855,-0.37501,-0.67155
22.72,0.96477,-0.29066,-0.96427,2.69799,0,-0.08211,0.70443,-0.94994,-0.51551,-2.0573,1.82716,1.12966,6.40794,-5.33483,-5.45703,10.47594,-0.92693,-6.35021,0.73592,4.60217,1.10594,8.54404,3.03793,34.94271,13.81184,0.81628,0.79106,1.18431,-1.53408,-1.11825,1.87932,-1.05845,-0.8563,1.43923,0.5225,-2.42725,-0.26119,-0.41299,-0.2714,-0.70133
22.74,0.95792,-0.35476,-0.91461,2.58894,0,0.0396,0.33638,-0.98074,-0.5093,-1.42776,1.39067,0.98638,5.14843,-4.0935,-4.14411,6.50181,-0.98143,-0.70511,0.3471,2.98492,0.76986,5.72857,1.18669,36.89083,17.51914,1.18846,0.75796,0.88262,-0.76853,-1.30384,2.61663,-1.28183,-0.36952,1.90952,0.43927,-2.29917,-1.34489,-0.11867,-0.16581,-0.74397
22.76,0.94686,-0.40662,-0.86,2.52384,0,0.13695,-0.06209,-0.97351,-0.51719,-0.68567,0.95049,0.81786,3.63089,-2.77292,-2.56957,2.47843,-0.92821,4.89971,-0.04528,1.18718,0.36575,2.51737,-0.58771,35.79612,19.59704,1.50798,0.75903,0.61351,-0.07864,-1.51479,3.33466,-1.49564,0.1735,2.32967,0.36955,-2.14805,-2.30684,0.18001,-0.0682,-0.79814
22.78,0.93047,-0.44354,-0.80263,2.48882,0,0.20952,-0.46843,-0.93171,-0.53843,0.12258,0.53254,0.63434,1.8929,-1.442,-0.81756,-1.39855,-0.73033,10.08789,-0.41888,-0.74244,-0.11631,-0.85742,-2.21105,32.1572,20.12603,1.7755,0.78576,0.39177,0.55112,-1.71617,4.02151,-1.7026,0.74584,2.67229,0.31545,-1.98124,-3.09952,0.45892,0.0123,-0.86036
22.8,0.90738,-0.46344,-0.74464,2.4659,0,0.25869,-0.85962,-0.85995,-0.56809,0.94682,0.1573,0.44616,-0.00817,-0.15917,1.02122,-4.96924,-0.35779,14.52968,-0.75602,-2.74701,-0.68022,-4.15808,-3.62727,26.62268,19.30145,1.99108,0.82837,0.22822,1.141,-1.87028,4.66377,-1.90343,1.3206,2.91282,0.27812,-1.80211,-3.68334,0.69606,0.06788,-0.92597
22.82,0.87613,-0.46501,-0.68812,2.43556,0,0.28695,-1.21383,-0.76316,-0.59853,1.73837,-0.16124,0.26241,-1.99729,1.03112,2.85589,-8.12272,0.20553,17.97548,-1.04514,-4.76317,-1.32191,-7.16797,-4.8037,19.90709,17.40584,2.15337,0.87657,0.12957,1.71112,-1.93971,5.24487,-2.09562,1.87255,3.03133,0.25812,-1.61113,-4.02895,0.87301,0.09241,-0.98988
22.84,0.83545,-0.44776,-0.63503,2.37917,0,0.29727,-1.51191,-0.64595,-0.6211,2.4545,-0.41587,0.08986,-3.98604,2.09962,4.60114,-10.80142,0.95358,20.27755,-1.2805,-6.72342,-2.02817,-9.71132,-5.73287,12.7194,14.77648,2.25934,0.92034,0.0984,2.27719,-1.89044,5.74372,-2.2728,2.37891,3.01421,0.25565,-1.40734,-4.11916,0.9761,0.08188,-1.04701
22.86,0.78444,-0.4121,-0.58707,2.28126,0,0.2926,-1.73859,-0.5122,-0.62788,3.06176,-0.60579,-0.06788,-5.87919,3.03147,6.18241,-12.99722,1.85013,21.39921,-1.46066,-8.5591,-2.77624,-11.66567,-6.43076,5.70734,11.77089,2.30452,0.95072,0.13327,2.84715,-1.69502,6.13422,-2.4246,2.81954,2.85561,0.27058,-1.19001,-3.95056,0.99724,0.03479,-1.09245
22.88,0.72279,-0.35941,-0.54561,2.13132,0,0.27563,-1.88353,-0.36499,-0.61333,3.53816,-0.73571,-0.21072,-7.58255,3.82389,7.53994,-14.74165,2.82346,21.413,-1.58629,-10.20403,-3.53436,-12.9675,-6.93214,-0.58234,8.73376,2.28388,0.96054,0.22887,3.41918,-1.33559,6.38586,-2.53718,3.17672,2.55855,0.30227,-0.96028,-3.5346,0.93437,-0.04748,-1.12148
22.9,0.65095,-0.29209,-0.51158,1.92499,0,0.24867,-1.94186,-0.20665,-0.57541,3.874,-0.81472,-0.34196,-9.0111,4.48276,8.63117,-16.09218,3.76682,20.48795,-1.65804,-11.59837,-4.26333,-13.61187,-7.28354,-5.72932,5.96839,2.19302,0.94492,0.37632,3.98123,-0.80625,6.46576,-2.59442,3.435,2.13539,0.34941,-0.72222,-2.8978,0.79157,-0.16057,-1.12956
22.92,0.5702,-0.21348,-0.48541,1.66448,0,0.21369,-1.91427,-0.03908,-0.51598,4.0712,-0.85473,-0.46735,-10.09634,5.01867,9.43094,-17.11644,4.54696,18.86596,-1.67527,-12.69219,-4.9191,-13.64613,-7.53429,-9.45259,3.71457,2.0296,0.90155,0.56374,4.51217,-0.11449,6.3421,-2.57974,3.58116,1.60736,0.4098,-0.4833,-2.08055,0.5786,-0.29723,-1.11245
22.94,0.48256,-0.12771,-0.46704,1.3579,0,0.17248,-1.80647,0.13596,-0.44039,4.14126,-0.8689,-0.59374,-10.79211,5.44261,9.92954,-17.8761,5.02144,16.82816,-1.63579,-13.44851,-5.45629,-13.1586,-7.72643,-11.61345,2.13364,1.79469,0.83059,0.77699,4.98451,0.71885,5.98863,-2.47828,3.6046,1.00292,0.48028,-0.25377,-1.13415,0.30998,-0.44784,-1.06647
22.96,0.39057,-0.03942,-0.45592,1.01795,0,0.12689,-1.62816,0.31643,-0.3564,4.10217,-0.86995,-0.72712,-11.07882,5.76225,10.12926,-18.41256,5.0622,14.6558,-1.53666,-13.8458,-5.83261,-12.2641,-7.88503,-12.21094,1.30049,1.49407,0.73416,1.00067,5.36836,1.66069,5.38987,-2.2794,3.49808,0.35519,0.55669,-0.04547,-0.11655,0.00354,-0.60121,-0.9889
22.98,0.29701,0.04654,-0.45105,0.66017,0,0.07904,-1.39184,0.49969,-0.27279,3.97503,-0.86866,-0.87086,-10.96585,5.97913,10.0408,-18.73689,4.58092,12.59197,-1.3757,-13.87998,-6.01353,-11.08903,-8.01083,-11.37143,1.20243,1.13911,0.61583,1.21915,5.63584,2.66795,4.5462,-1.97905,3.25894,-0.30109,0.63406,0.12987,0.91256,-0.32116,-0.74555,-0.87838
23,0.20467,0.12546,-0.45113,0.30112,0,0.03156,-1.11153,0.68225,-0.19794,3.78094,-0.8728,-1.02436,-10.49122,6.08767,9.68041,-18.82618,3.54984,10.81132,-1.15313,-13.56507,-5.97655,-9.75797,-8.07746,-9.33198,1.74506,0.74712,0.47993,1.41755,5.76502,3.69033,3.47768,-1.58158,2.89042,-0.93243,0.70674,0.26224,1.89638,-0.64433,-0.86952,-0.73545
23.02,0.11605,0.1931,-0.45465,-0.04316,0,-0.01236,-0.80157,0.85965,-0.13875,3.53851,-0.88643,-1.18254,-9.71774,6.07587,9.068,-18.62718,2.01275,9.40287,-0.87301,-12.93166,-5.71404,-8.3832,-8.03457,-6.41624,2.76577,0.34086,0.33089,1.58253,5.74234,4.67364,2.22517,-1.10048,2.40281,-1.50898,0.76876,0.34461,2.78469,-0.9473,-0.96309,-0.56269
23.04,0.03324,0.24585,-0.4601,-0.35842,0,-0.04901,-0.47552,1.02652,-0.09995,3.26205,-0.90982,-1.33636,-8.72519,5.92794,8.22631,-18.06704,0.08328,8.368,-0.5439,-12.02275,-5.23418,-7.05736,-7.81705,-3.00257,4.05437,-0.05302,0.17271,1.70271,5.56324,5.56337,0.84821,-0.55769,1.814,-2.00621,0.81413,0.37359,3.53652,-1.21357,-1.01821,-0.36468
23.06,-0.04221,0.28108,-0.46613,-0.63311,0,-0.07439,-0.14524,1.17681,-0.08387,2.96075,-0.93982,-1.47415,-7.59984,5.6283,7.18114,-17.06986,-2.06857,7.63221,-0.17894,-10.88777,-4.56029,-5.84936,-7.35887,0.51348,5.37919,-0.40644,0.00846,1.76902,5.23114,6.30858,-0.58004,0.01827,1.14939,-2.40596,0.83732,0.34961,4.12156,-1.42952,-1.02934,-0.14772
23.08,-0.10938,0.29722,-0.47164,-0.85898,0,-0.08457,0.17974,1.30422,-0.09055,2.63875,-0.97059,-1.58357,-6.4234,5.16635,5.96228,-15.57578,-4.23814,7.06673,0.20464,-9.57655,-3.72889,-4.80313,-6.6088,3.75773,6.51514,-0.69276,-0.16,1.7749,4.75567,6.86574,-1.9796,0.59498,0.44112,-2.69693,0.83369,0.27672,4.52087,-1.58498,-0.99381,0.08063
23.1,-0.16789,0.29387,-0.47599,-1.03139,0,-0.07611,0.49241,1.40276,-0.11802,2.2962,-0.99458,-1.65347,-5.26385,4.54078,4.6045,-13.55878,-6.21164,6.51529,0.58639,-8.13442,-2.78686,-3.93888,-5.54406,6.4119,7.27015,-0.88979,-0.33206,1.71655,4.1508,7.20192,-3.27079,1.13903,-0.2735,-2.87448,0.80008,0.1622,4.72656,-1.67351,-0.9119,0.31198
23.12,-0.21778,0.27188,-0.47896,-1.14925,0,-0.04661,0.78801,1.4673,-0.16272,1.93101,-1.00355,-1.67554,-4.16936,3.76237,3.14763,-11.03865,-7.79194,5.82171,0.94371,-6.5994,-1.78777,-3.25606,-4.17866,8.23976,7.50623,-0.98221,-0.50812,1.59317,3.43327,7.29676,-4.38068,1.61876,-0.95447,-2.93994,0.73517,0.01614,4.74064,-1.69231,-0.78688,0.53753
23.14,-0.25934,0.23316,-0.48073,-1.21464,0,0.00487,1.06327,1.4941,-0.21993,1.54113,-0.98958,-1.64511,-3.16629,2.85455,1.63543,-8.08496,-8.82179,4.85516,1.25317,-5.00153,-0.78747,-2.73758,-2.56433,9.10307,7.15344,-0.96342,-0.68901,1.40709,2.62142,7.14301,-5.24825,2.0067,-1.56246,-2.89919,0.63987,-0.14908,4.57292,-1.64188,-0.62457,0.74835
23.16,-0.2928,0.18054,-0.48173,-1.23235,0,0.07726,1.31543,1.48126,-0.28423,1.12693,-0.94609,-1.56154,-2.26065,1.85198,0.11328,-4.81302,-9.20279,3.53087,1.49219,-3.36402,0.1608,-2.35472,-0.78478,8.9673,6.21597,-0.83647,-0.87543,1.16399,1.7348,6.74596,-5.82846,2.28162,-2.06283,-2.76106,0.51752,-0.31937,4.2386,-1.52546,-0.43286,0.93575
23.18,-0.31818,0.11757,-0.48249,-1.20926,0,0.16727,1.5413,1.4292,-0.34986,0.69328,-0.86865,-1.42805,-1.4424,0.7977,-1.37425,-1.37411,-8.90807,1.82447,1.64087,-1.70585,1.01107,-2.07224,1.05467,7.89857,4.77071,-0.61419,-1.06729,0.87294,0.79438,6.12255,-6.09511,2.43012,-2.42947,-2.53585,0.37389,-0.47962,3.75598,-1.34855,-0.22107,1.0916
23.2,-0.33509,0.04822,-0.48348,-1.15377,0,0.26923,1.73653,1.34077,-0.41112,0.25071,-0.75574,-1.25126,-0.69124,-0.26033,-2.78494,2.05783,-7.9862,-0.22208,1.68428,-0.04494,1.72837,-1.85322,2.83956,6.05227,2.95795,-0.31818,-1.26328,0.54639,-0.17638,5.30055,-6.04259,2.44764,-2.64757,-2.23423,0.21706,-0.61464,3.14493,-1.11848,0.00075,1.20894
23.22,-0.34278,-0.02334,-0.48503,-1.07532,0,0.37536,1.89542,1.22126,-0.46267,-0.18471,-0.60914,-1.04055,0.01699,-1.27287,-4.07899,5.3017,-6.55395,-2.50489,1.61458,1.59903,2.29091,-1.66325,4.45878,3.65335,0.96362,0.0232,-1.46086,0.19983,-1.1502,4.31776,-5.68609,2.33867,-2.71466,-1.86684,0.05694,-0.71034,2.42617,-0.84429,0.22244,1.28259
23.24,-0.34019,-0.09295,-0.48727,-0.98381,0,0.47641,2.01124,1.07783,-0.49981,-0.59313,-0.43405,-0.80713,0.70436,-2.19294,-5.21762,8.1856,-4.77766,-4.87308,1.43321,3.20284,2.69057,-1.47376,5.81585,0.96905,-1.00598,0.37807,-1.65645,-0.14895,-2.09456,3.22111,-5.0601,2.11612,-2.63947,-1.44441,-0.09548,-0.75519,1.62132,-0.53654,0.43441,1.30991
23.26,-0.32624,-0.15673,-0.49007,-0.88912,0,0.56256,2.07703,0.91877,-0.51867,-0.9539,-0.23878,-0.56308,1.38593,-2.97925,-6.16116,10.56324,-2.84653,-7.15179,1.15249,4.73929,2.93192,-1.26422,6.83837,-1.72323,-2.75406,0.71494,-1.84604,-0.48099,-2.97086,2.06538,-4.21555,1.79991,-2.43915,-0.97829,-0.22916,-0.74177,0.75358,-0.20735,0.62817,1.29155
23.28,-0.30006,-0.21128,-0.49309,-0.80059,0,0.62452,2.08678,0.7526,-0.51653,-1.2491,-0.03425,-0.32041,2.06635,-3.59913,-6.86799,12.32829,-0.94348,-9.16868,0.79623,6.17795,3.03018,-1.02338,7.48479,-4.16825,-4.12244,1.00661,-2.02579,-0.77757,-3.73486,0.91133,-3.21597,1.41522,-2.13593,-0.48127,-0.33415,-0.66806,-0.15143,0.12972,0.79687,1.23198
23.3,-0.26133,-0.25393,-0.49586,-0.72659,0,0.65466,2.03661,0.58715,-0.49198,-1.46675,0.16694,-0.09015,2.73846,-4.03089,-7.2957,13.42453,0.77977,-10.77811,0.39877,7.48683,3.00857,-0.74933,7.74778,-6.16026,-5.01379,1.23317,-2.19247,-1.02171,-4.3387,-0.17716,-2.133,0.99043,-1.75402,0.03179,-0.40265,-0.53824,-1.06493,0.45994,0.9356,1.13958
23.32,-0.21043,-0.28284,-0.49778,-0.67396,0,0.64791,1.92568,0.4289,-0.44509,-1.60283,0.35155,0.11827,3.38416,-4.26498,-7.40526,13.84918,2.21832,-11.87839,0.00177,8.63438,2.89508,-0.44831,7.65306,-7.56123,-5.40176,1.38346,-2.3434,-1.19955,-4.73506,-1.13751,-1.04103,0.55503,-1.31757,0.54376,-0.42982,-0.36235,-1.95509,0.76798,1.04149,1.02588
23.34,-0.14855,-0.29712,-0.49814,-0.64749,0,0.60238,1.75654,0.28236,-0.37751,-1.6618,0.50704,0.29751,3.97757,-4.30402,-7.16831,13.64897,3.31851,-12.41998,-0.35121,9.5918,2.71903,-0.13227,7.2538,-8.30814,-5.32726,1.45466,-2.47585,-1.3016,-4.88319,-1.91432,-0.01127,0.13734,-0.84983,1.03573,-0.41422,-0.15491,-2.78797,1.03891,1.11346,0.90402
23.36,-0.07758,-0.2969,-0.49617,-0.64939,0,0.51963,1.53507,0.14983,-0.29239,-1.65575,0.62307,0.44268,4.48997,-4.16194,-6.57635,12.91035,4.07228,-12.40502,-0.62167,10.33545,2.50762,0.18443,6.62147,-8.41041,-4.88313,1.4505,-2.5861,-1.32378,-4.7562,-2.46623,0.89452,-0.23766,-0.37338,1.48821,-0.35801,0.06733,-3.52963,1.25947,1.15187,0.7866
23.38,-1e-05,-0.28329,-0.49099,-0.67891,0,0.40468,1.27008,0.03133,-0.19433,-1.60244,0.69278,0.55144,4.89534,-3.86233,-5.64967,11.74656,4.50546,-11.88102,-0.78292,10.84933,2.28317,0.48844,5.83553,-7.94,-4.19216,1.37872,-2.66861,-1.26801,-4.34804,-2.77241,1.6297,-0.55031,0.0892,1.88275,-0.26669,0.28805,-4.14881,1.4195,1.15812,0.68345
23.4,0.0813,-0.25832,-0.48172,-0.73222,0,0.26565,0.97262,-0.07516,-0.08915,-1.52277,0.71371,0.62391,5.1753,-3.43644,-4.44305,10.28417,4.66397,-10.93072,-0.82514,11.12684,2.06115,0.77031,4.97369,-7.01675,-3.3843,1.24863,-2.71549,-1.14236,-3.67821,-2.83685,2.16658,-0.78764,0.51483,2.20357,-0.14867,0.49373,-4.6197,1.51305,1.13431,0.59994
23.42,0.16336,-0.22478,-0.46744,-0.80263,0,0.113,0.65517,-0.1731,0.01652,-1.43807,0.68798,0.66232,5.32208,-2.92052,-3.04515,8.65075,4.6017,-9.65989,-0.75681,11.17124,1.84962,1.02616,4.1042,-5.79059,-2.57751,1.06939,-2.71675,-0.96045,-2.79238,-2.68888,2.49774,-0.94392,0.88032,2.43901,-0.01446,0.67518,-4.92414,1.53901,1.08298,0.53617
23.44,0.2433,-0.18589,-0.4473,-0.88132,0,-0.04155,0.3306,-0.26661,0.11567,-1.36724,0.6218,0.67034,5.33896,-2.35268,-1.57067,6.96428,4.37163,-8.18415,-0.60227,10.99442,1.64974,1.25787,3.28078,-4.42215,-1.86485,0.8493,-2.66125,-0.73995,-1.75804,-2.37929,2.6343,-1.02046,1.16396,2.5824,0.12437,0.82811,-5.05306,1.50098,1.00701,0.48738
23.46,0.31857,-0.14496,-0.42059,-0.95833,0,-0.1864,0.01107,-0.35948,0.20163,-1.32433,0.52422,0.65241,5.23871,-1.76953,-0.14633,5.32509,4.0211,-6.61634,-0.39599,10.61457,1.45743,1.47194,2.5402,-3.0634,-1.30793,0.59599,-2.5383,-0.50063,-0.65615,-1.97289,2.60189,-1.02454,1.34809,2.63259,0.25647,0.95272,-5.00709,1.40655,0.90964,0.44533
23.48,0.38721,-0.10505,-0.38679,-1.02376,0,-0.31135,-0.29298,-0.45426,0.26874,-1.31666,0.40574,0.61299,5.04071,-1.20317,1.10592,3.81056,3.59026,-5.05585,-0.17522,10.05362,1.26547,1.67736,1.90219,-1.84068,-0.936,0.31728,-2.33969,-0.26203,0.4291,-1.53915,2.43547,-0.96803,1.42222,2.59403,0.37189,1.0527,-4.79664,1.26627,0.79453,0.4003
23.5,0.44791,-0.06864,-0.34569,-1.06896,0,-0.40882,-0.57349,-0.55158,0.31293,-1.34399,0.27696,0.55614,4.76774,-0.67894,2.08472,2.47287,3.11253,-3.58143,0.02692,9.33523,1.06577,1.88291,1.37118,-0.84241,-0.74893,0.02209,-2.06163,-0.04155,1.42003,-1.14299,2.17396,-0.86577,1.38569,2.47649,0.46312,1.13375,-4.44146,1.09248,0.66591,0.34309
23.52,0.50002,-0.03743,-0.29745,-1.08743,0,-0.47443,-0.82509,-0.64992,0.33215,-1.39889,0.14759,0.48542,4.44312,-0.2146,2.72062,1.33971,2.6157,-2.24803,0.18635,8.48346,0.85108,2.09433,0.93933,-0.11311,-0.72282,-0.27885,-1.70624,0.14696,2.25266,-0.83726,1.85578,-0.73389,1.24933,2.29438,0.52559,1.20219,-3.96945,0.89815,0.52858,0.26683
23.54,0.54343,-0.01234,-0.24266,-1.07537,0,-0.50712,-1.04483,-0.74575,0.3266,-1.46827,0.02593,0.40415,4.08827,0.17944,2.98163,0.41742,2.12281,-1.08759,0.29018,7.52198,0.61618,2.31161,0.59039,0.34585,-0.81718,-0.57297,-1.28205,0.29386,2.88064,-0.6579,1.51549,-0.58828,1.03531,2.0654,0.55778,1.26351,-3.41468,0.69585,0.38776,0.16801
23.56,0.57837,0.00642,-0.18228,-1.03195,0,-0.50878,-1.2317,-0.8342,0.29863,-1.53594,-0.08121,0.3159,3.72117,0.49876,2.87306,-0.30411,1.65247,-0.11288,0.33616,6.47401,0.35835,2.52689,0.30387,0.56957,-0.98279,-0.84646,-0.80376,0.39378,3.27613,-0.62162,1.18176,-0.44316,0.77543,1.80903,0.56084,1.32127,-2.81487,0.49688,0.24884,0.04697
23.58,0.60513,0.01924,-0.11766,-0.95916,0,-0.48357,-1.38594,-0.90989,0.25259,-1.58558,-0.16843,0.22503,3.35557,0.74317,2.43323,-0.84582,1.21876,0.6769,0.33033,5.36272,0.07761,2.72341,0.05932,0.61906,-1.16957,-1.08542,-0.29132,0.44522,3.42888,-0.72614,0.87643,-0.31,0.50788,1.54479,0.53799,1.37636,-2.20874,0.31051,0.11697,-0.09227
23.6,0.62394,0.02687,-0.05044,-0.86161,0,-0.43712,-1.50839,-0.9678,0.19435,-1.60345,-0.23161,0.13703,3.00101,0.91492,1.72657,-1.23388,0.83133,1.29028,0.28392,4.21176,-0.22314,2.87578,-0.1599,0.5687,-1.3337,-1.27731,0.23159,0.44996,3.34448,-0.95224,0.61439,-0.19678,0.27292,1.29092,0.49383,1.42668,-1.63359,0.14366,-0.00332,-0.24259
23.62,0.63484,0.03029,0.01748,-0.74598,0,-0.37577,-1.60004,-1.00401,0.13087,-1.58039,-0.26798,0.05839,2.66322,1.01747,0.83527,-1.49482,0.49569,1.73858,0.21028,3.04549,-0.53773,2.95208,-0.36348,0.4935,-1.44368,-1.41237,0.73927,0.4124,3.04259,-1.26744,0.40408,-0.10779,0.10771,1.06325,0.43372,1.46743,-1.12334,0.00061,-0.10847,-0.39474
23.64,0.63769,0.03052,0.0841,-0.6203,0,-0.30582,-1.66173,-1.01609,0.06943,-1.51259,-0.27635,-0.00405,2.34485,1.05476,-0.14963,-1.6518,0.21408,2.03255,0.12249,1.88824,-0.85614,2.91754,-0.55201,0.45737,-1.48484,-1.48498,1.20623,0.339,2.55552,-1.63094,0.24826,-0.04389,0.04068,0.87462,0.36316,1.49172,-0.70706,-0.11684,-0.19618,-0.53859
23.66,0.63226,0.02854,0.14741,-0.49315,0,-0.23303,-1.69416,-1.00323,0.01697,-1.40148,-0.2576,-0.0441,2.04614,1.03123,-1.137,-1.72212,-0.01324,2.18059,0.03172,0.76288,-1.16385,2.73962,-0.71573,0.50346,-1.46228,-1.49459,1.60947,0.2377,1.92702,-1.99912,0.14484,-0.00308,0.08629,0.73455,0.28742,1.49166,-0.4078,-0.20919,-0.26564,-0.66453
23.68,0.61842,0.02522,0.2056,-0.37273,0,-0.16217,-1.6981,-0.9662,-0.02061,-1.25272,-0.21513,-0.05742,1.76558,0.95215,-2.04354,-1.7158,-0.18636,2.1881,-0.05366,-0.31102,-1.44145,2.39359,-0.83433,0.64757,-1.40192,-1.44629,1.93072,0.11753,1.21083,-2.33106,0.08796,0.01868,0.24112,0.64933,0.21121,1.45959,-0.24195,-0.2788,-0.31765,-0.76487
23.7,0.59628,0.02129,0.25716,-0.26611,0,-0.09684,-1.67476,-0.90716,-0.03896,-1.07488,-0.15512,-0.04241,1.50021,0.82393,-2.80002,-1.63508,-0.30404,2.0572,-0.12837,-1.31877,-1.66475,1.86763,-0.87772,0.87585,-1.34942,-1.3505,2.15813,-0.01195,0.4683,-2.59317,0.06896,0.02662,0.4826,0.62234,0.13851,1.38934,-0.21893,-0.32947,-0.35461,-0.83496
23.72,0.56639,0.01729,0.30102,-0.17866,0,-0.03933,-1.6261,-0.82939,-0.03545,-0.87775,-0.08625,-0.00065,1.24562,0.6542,-3.35535,-1.47458,-0.36213,1.7863,-0.19009,-2.25144,-1.80585,1.16636,-0.80795,1.14751,-1.36646,-1.22175,2.28718,-0.14118,-0.23586,-2.7622,0.07749,0.02632,0.77144,0.65448,0.07251,1.27711,-0.34139,-0.36582,-0.38039,-0.87394
23.74,0.52975,0.01367,0.3366,-0.11359,0,0.00923,-1.5551,-0.73694,-0.00915,-0.67074,-0.01894,0.06342,0.99541,0.45121,-3.67838,-1.22204,-0.35232,1.36905,-0.2391,-3.10613,-1.83525,0.31227,-0.58219,1.40271,-1.52414,-1.07632,2.32051,-0.26131,-0.83971,-2.82641,0.10264,0.02313,1.0579,0.74479,0.0156,1.12203,-0.60563,-0.39265,-0.39999,-0.88491
23.76,0.48778,0.01071,0.36389,-0.07178,0,0.04872,-1.46579,-0.63428,0.03955,-0.46131,0.03593,0.14335,0.74041,0.22297,-3.7578,-0.85958,-0.26144,0.79324,-0.27775,-3.88532,-1.72478,-0.65511,-0.15688,1.57424,-1.89418,-0.9292,2.26706,-0.36502,-1.29158,-2.78513,0.13411,0.02162,1.29083,0.89097,-0.03065,0.92621,-1.00227,-0.41426,-0.41907,-0.87457
23.78,0.44227,0.00862,0.38338,-0.05167,0,0.07982,-1.36327,-0.52592,0.10935,-0.25385,0.06851,0.23182,0.46807,-0.02388,-3.60093,-0.36561,-0.07154,0.04014,-0.30993,-4.59577,-1.45128,-1.68163,0.5073,1.60078,-2.5386,-0.79081,2.1406,-0.4472,-1.55747,-2.64722,0.16314,0.02528,1.4274,1.08975,-0.0654,0.6945,-1.51684,-0.43392,-0.44333,-0.85255
23.8,0.3952,0.00754,0.3961,-0.04931,0,0.10372,-1.25352,-0.41624,0.19836,-0.0492,0.07139,0.32183,0.16255,-0.28479,-3.23155,0.28266,0.23913,-0.91472,-0.34056,-5.24672,-1.00027,-2.70223,1.43984,1.43893,-3.4993,-0.66427,1.95812,-0.50552,-1.62624,-2.42891,0.18322,0.03632,1.44115,1.33714,-0.08853,0.43402,-2.13002,-0.45339,-0.47799,-0.83037
23.82,0.34862,0.00755,0.40347,-0.05861,0,0.12191,-1.14307,-0.30931,0.30434,0.15505,0.04068,0.40767,-0.19437,-0.55766,-2.68723,1.10587,0.69396,-2.09857,-0.37511,-5.8474,-0.36906,-3.64551,2.65462,1.07174,-4.78849,-0.54374,1.73814,-0.5404,-1.5112,-2.15124,0.19039,0.05556,1.32599,1.62817,-0.10059,0.15347,-2.81758,-0.47266,-0.52713,-0.82012
23.84,0.30446,0.00873,0.40716,-0.07162,0,0.13598,-1.0384,-0.20882,0.42465,0.36347,-0.02342,0.48539,-0.62112,-0.84235,-2.01592,2.11866,1.31463,-3.53623,-0.41927,-6.40417,0.43101,-4.4391,4.14441,0.51229,-6.38123,-0.41422,1.49903,-0.55473,-1.2472,-1.83749,0.18308,0.08248,1.09561,1.9565,-0.10271,-0.13778,-3.5499,-0.48998,-0.59314,-0.83303
23.86,0.26424,0.01111,0.40887,-0.07912,0,0.14743,-0.94526,-0.11806,0.55607,0.58112,-0.1166,0.55292,-1.13333,-1.13965,-1.27222,3.3253,2.11689,-5.24297,-0.47867,-6.91748,1.37347,-5.01552,5.8761,-0.19739,-8.21085,-0.25278,1.25747,-0.55307,-0.88415,-1.51056,0.16163,0.11532,0.77861,2.31363,-0.09659,-0.4306,-4.29141,-0.50212,-0.6763,-0.87789
23.88,0.22897,0.01475,0.41014,-0.07123,0,0.1576,-0.8679,-0.03994,0.6945,0.81167,-0.23087,0.60986,-1.74032,-1.44978,-0.51343,4.71522,3.10561,-7.21623,-0.55868,-7.37957,2.41669,-5.31828,7.78737,-0.99118,-10.16842,-0.03123,1.02721,-0.54073,-0.47847,-1.19083,0.12759,0.15124,0.41147,2.68822,-0.08442,-0.71697,-5.00021,-0.50482,-0.77444,-0.9596
23.9,0.19893,0.01966,0.41219,-0.0383,0,0.16763,-0.80856,0.02301,0.83474,1.05576,-0.35546,0.65689,-2.44148,-1.77061,0.20422,6.25897,4.26996,-9.42754,-0.66436,-7.7732,3.50496,-5.3074,9.78549,-1.78633,-12.10718,0.28019,0.8183,-0.52302,-0.08458,-0.89461,0.08318,0.18659,0.0311,3.06547,-0.06887,-0.99046,-5.62818,-0.49355,-0.8829,-1.07815
23.92,0.17363,0.02584,0.41579,0.02813,0,0.1785,-0.76714,0.06864,0.97034,1.30986,-0.47804,0.69509,-3.22338,-2.09592,0.82926,7.90505,5.57905,-11.81557,-0.80043,-8.07177,4.57091,-4.96367,11.74909,-2.49255,-13.85291,0.70802,0.63669,-0.50458,0.25199,-0.63331,0.03075,0.21722,-0.33096,3.42682,-0.05305,-1.24631,-6.12177,-0.46433,-0.99479,-1.22798
23.94,0.15183,0.03327,0.42119,0.13411,0,0.19103,-0.74117,0.09526,1.09372,1.56594,-0.58623,0.72512,-4.05785,-2.41379,1.31853,9.57827,6.9789,-14.28182,-0.97123,-8.24106,5.5393,-4.29114,13.53356,-3.02211,-15.22001,1.27032,0.48445,-0.4891,0.49907,-0.4133,-0.02732,0.23883,-0.65206,3.75001,-0.04049,-1.48094,-6.42376,-0.4147,-1.10148,-1.39817
23.96,0.13158,0.04184,0.42817,0.28225,0,0.20602,-0.72613,0.10176,1.1965,1.81193,-0.66925,0.74638,-4.90164,-2.70572,1.64049,11.18064,8.39152,-16.69001,-1.18053,-8.2426,6.33224,-3.31766,14.98028,-3.30012,-16.03218,1.97125,0.36024,-0.47928,0.6398,-0.23637,-0.08864,0.24741,-0.91947,4.00979,-0.03498,-1.69132,-6.47617,-0.34477,-1.19349,-1.57305
23.98,0.11043,0.05139,0.43605,0.47064,0,0.22421,-0.71593,0.08782,1.27015,2.03285,-0.71943,0.75655,-5.69794,-2.94657,1.77793,12.59513,9.71677,-18.87049,-1.43109,-8.03838,6.87531,-2.09381,15.92943,-3.27427,-16.14476,2.79619,0.26011,-0.47699,0.67244,-0.10053,-0.15067,0.23966,-1.12952,4.17928,-0.04038,-1.87417,-6.22454,-0.25804,-1.26151,-1.73351
24,0.08565,0.06164,0.4439,0.69237,0,0.24626,-0.70366,0.05409,1.3068,2.21235,-0.73325,0.7515,-6.37997,-3.10587,1.72963,13.69292,10.83777,-20.63034,-1.72371,-7.59646,7.10416,-0.68976,16.23523,-2.92262,-15.46445,3.70841,0.1784,-0.48337,0.60848,-0.00116,-0.21049,0.21342,-1.28555,4.23192,-0.06033,-2.0256,-5.62319,-0.16214,-1.29753,-1.85858
24.02,0.05447,0.07219,0.45065,0.93559,0,0.27254,-0.68236,0.00248,1.30026,2.33442,-0.71174,0.72581,-6.87668,-3.15057,1.51036,14.34416,11.63013,-21.76922,-2.05572,-6.89659,6.97054,0.81,15.78194,-2.25826,-13.96243,4.64796,0.10876,-0.49903,0.46957,0.06788,-0.26471,0.16802,-1.39532,4.14403,-0.09778,-2.14118,-4.64108,-0.06897,-1.29586,-1.92731
24.04,0.01438,0.08249,0.45525,1.1843,0,0.30283,-0.64586,-0.0637,1.24703,2.38509,-0.65996,0.67388,-7.12045,-3.04918,1.1491,14.4316,11.97477,-22.10045,-2.41894,-5.93497,6.4474,2.31428,14.49954,-1.32997,-11.67855,5.53368,0.04505,-0.52388,0.28359,0.11317,-0.30954,0.10442,-1.46831,3.89751,-0.15441,-2.21646,-3.2676,0.00569,-1.25392,-1.92077
24.06,-0.03656,0.09184,0.4569,1.41986,0,0.33595,-0.58954,-0.13968,1.14721,2.35406,-0.58591,0.59134,-7.05589,-2.77681,0.68568,13.86614,11.77333,-21.47535,-2.79738,-4.72783,5.53279,3.73429,12.37726,-0.21883,-8.71725,6.26828,-0.01788,-0.55706,0.08033,0.14075,-0.34097,0.02533,-1.51337,3.48267,-0.23007,-2.24802,-1.51795,0.04324,-1.17279,-1.82402
24.08,-0.09948,0.09939,0.45513,1.62292,0,0.36946,-0.51095,-0.21924,1.00522,2.23596,-0.49904,0.4766,-6.64847,-2.32026,0.16657,12.60166,10.96385,-19.80708,-3.16534,-3.31328,4.2524,4.99272,9.47347,0.96893,-5.23717,6.74655,-0.08361,-0.59673,-0.11249,0.15545,-0.35511,-0.06495,-1.53704,2.90084,-0.32234,-2.2347,0.56285,0.02398,-1.05737,-1.62808
24.1,-0.17451,0.10419,0.44995,1.77544,0,0.39966,-0.41013,-0.29499,0.83002,2.0312,-0.40888,0.33198,-5.89094,-1.68194,-0.35957,10.64599,9.53335,-17.08863,-3.48628,-1.75064,2.66013,6.03081,5.91866,2.11255,-1.43679,6.86602,-0.15378,-0.64002,-0.2724,0.16053,-0.34861,-0.16085,-1.54265,2.16616,-0.42636,-2.17855,2.89804,-0.07053,-0.91617,-1.33156
24.12,-0.26078,0.10525,0.44187,1.86253,0,0.42172,-0.28965,-0.35889,0.63458,1.74589,-0.32392,0.16398,-4.80572,-0.88148,-0.84601,8.06431,7.52424,-13.39943,-3.71321,-0.11635,0.83571,6.81197,1.90842,3.09056,2.46308,6.53933,-0.2282,-0.68314,-0.38401,0.15764,-0.319,-0.25602,-1.53046,1.30576,-0.53522,-2.08523,5.38078,-0.2547,-0.76045,-0.94158
24.14,-0.35646,0.10164,0.43178,1.87397,0,0.43033,-0.15407,-0.40306,0.43459,1.39096,-0.25098,-0.01734,-3.44236,0.04546,-1.25165,4.97337,5.03244,-8.89825,-3.79099,1.50371,-1.1208,7.32125,-2.31477,3.79695,6.23886,5.70742,-0.30513,-0.72174,-0.43938,0.1472,-0.26509,-0.34409,-1.49856,0.35822,-0.64072,-1.9635,7.87992,-0.53568,-0.60283,-0.47388
24.16,-0.45902,0.09263,0.4208,1.80523,0,0.42052,-0.00919,-0.42067,0.24646,0.98055,-0.19491,-0.19976,-1.87094,1.05102,-1.54409,1.5282,2.19816,-3.80437,-3.66078,3.02465,-3.09741,7.56162,-6.48854,4.15797,9.68468,4.35217,-0.38193,-0.7515,-0.43729,0.12897,-0.18715,-0.41948,-1.44453,-0.6297,-0.73463,-1.82394,10.24967,-0.9103,-0.45538,0.0479
24.18,-0.56549,0.07775,0.41008,1.6581,0,0.38862,0.13888,-0.40703,0.08519,0.5302,-0.15868,-0.37078,-0.17338,2.08029,-1.70202,-2.09539,-0.80858,1.62725,-3.26682,4.37339,-4.97979,7.54869,-10.36103,4.14638,12.63098,2.50647,-0.45579,-0.76872,-0.38174,0.10274,-0.08713,-0.47824,-1.36714,-1.60727,-0.81003,-1.67726,12.3417,-1.36261,-0.32779,0.59381
24.2,-0.67279,0.05698,0.40062,1.44085,0,0.33305,0.28457,-0.36034,-0.03765,0.05532,-0.14352,-0.51938,1.56503,3.07682,-1.71686,-5.71808,-3.80487,7.1311,-2.56529,5.49755,-6.66071,7.30535,-13.71829,3.78938,14.95847,0.25895,-0.52433,-0.77095,-0.28039,0.06889,0.0314,-0.51857,-1.26774,-2.52424,-0.86247,-1.53238,14.01781,-1.86286,-0.2257,1.12975
24.22,-0.7779,0.03073,0.39315,1.16765,0,0.25489,0.42331,-0.28216,-0.11516,-0.42973,-0.14917,-0.63734,3.26247,3.9874,-1.59324,-9.17145,-6.61255,12.45177,-1.53447,6.36999,-8.04777,6.85756,-16.40309,3.167,16.60465,-2.24924,-0.58598,-0.75744,-0.14331,0.02865,0.1633,-0.54096,-1.15088,-3.33482,-0.89059,-1.39465,15.16126,-2.36839,-0.1499,1.62019
24.24,-0.87803,-0.00013,0.38803,0.85738,0,0.15789,0.55177,-0.17743,-0.14571,-0.91187,-0.17397,-0.71988,4.84491,4.7656,-1.34842,-12.30789,-9.07501,17.35861,-0.18532,6.98838,-9.06895,6.23169,-18.32317,2.39974,17.56205,-4.83668,-0.64007,-0.72924,0.01785,-0.01594,0.30228,-0.5478,-1.02378,-4.00104,-0.89625,-1.26438,15.68589,-2.82699,-0.09618,2.03148
24.26,-0.97066,-0.03434,0.38523,0.53176,0,0.04815,0.66767,-0.05393,-0.13269,-1.37897,-0.21491,-0.76568,6.24833,5.37427,-1.01053,-15.00649,-11.07208,21.65488,1.42975,7.37044,-9.67622,5.45352,-19.44969,1.62772,17.87001,-7.30153,-0.68659,-0.68909,0.19028,-0.06241,0.44135,-0.54268,-0.89498,-4.49528,-0.88395,-1.13594,15.54296,-3.18219,-0.0561,2.33534
24.28,-1.05353,-0.07033,0.38442,0.21338,0,-0.06647,0.76947,0.0784,-0.08372,-1.81918,-0.26771,-0.77643,7.41948,5.7871,-0.61594,-17.17582,-12.53104,25.18266,3.21221,7.54662,-9.84743,4.54873,-19.80931,0.98604,17.60267,-9.44523,-0.72585,-0.6411,0.3601,-0.10843,0.57337,-0.52944,-0.77266,-4.80217,-0.86004,-0.99784,14.72592,-3.37991,-0.01832,2.51212
24.3,-1.12467,-0.10635,0.38497,-0.07624,0,-0.17715,0.85592,0.20836,-0.00961,-2.2202,-0.32687,-0.75626,8.31579,5.98934,-0.2059,-18.75415,-13.43147,27.82501,5.02005,7.55221,-9.58664,3.54408,-19.47245,0.58183,16.85592,-11.09542,-0.75808,-0.59032,0.51261,-0.15227,0.69155,-0.51137,-0.66304,-4.91937,-0.83183,-0.83402,13.27247,-3.37529,0.02967,2.55318
24.32,-1.18235,-0.14058,0.38608,-0.31817,0,-0.27489,0.92568,0.3244,0.07695,-2.56869,-0.38603,-0.71099,8.905,5.9776,0.17764,-19.70743,-13.80165,29.50569,6.68021,7.42013,-8.92244,2.46859,-18.53958,0.47757,15.73466,-12.12408,-0.78315,-0.54222,0.63285,-0.19324,0.78983,-0.49063,-0.5695,-4.85722,-0.80674,-0.62654,11.26296,-3.13866,0.09956,2.46168
24.34,-1.22501,-0.17123,0.38684,-0.49722,0,-0.35127,0.97699,0.41551,0.16264,-2.85018,-0.43834,-0.64739,9.16482,5.75888,0.49669,-20.02579,-13.70659,30.1874,8.01098,7.1754,-7.90425,1.35383,-17.12695,0.68338,14.34141,-12.45875,-0.80029,-0.50205,0.70649,-0.23174,0.86305,-0.46801,-0.49234,-4.6369,-0.79159,-0.35957,8.81425,-2.65993,0.2003,2.25152
24.36,-1.25119,-0.19661,0.38632,-0.60269,0,-0.39917,1.00753,0.47205,0.23482,-3.04935,-0.4771,-0.57255,9.08341,5.34902,0.72218,-19.7197,-13.23028,29.87014,8.85127,6.83199,-6.59723,0.23334,-15.35341,1.15807,12.76744,-12.08695,-0.80809,-0.47422,0.72133,-0.26924,0.90702,-0.44303,-0.4294,-4.28763,-0.79204,-0.02393,6.07009,-1.95117,0.33637,1.94495
24.38,-1.25955,-0.21527,0.38361,-0.62885,0,-0.41346,1.01445,0.48655,0.28273,-3.15113,-0.49651,-0.49328,8.66066,4.77125,0.83837,-18.81744,-12.45711,28.59085,9.09045,6.3925,-5.07684,-0.8589,-13.33015,1.81771,11.08729,-11.0549,-0.80454,-0.46174,0.66877,-0.30797,0.91855,-0.41428,-0.37703,-3.84358,-0.8122,0.37874,3.18967,-1.04712,0.50647,1.5693
24.4,-1.24893,-0.22603,0.37794,-0.57519,0,-0.39149,0.99467,0.45433,0.2985,-3.14214,-0.49225,-0.41567,7.91028,4.05484,0.84575,-17.3643,-11.45745,26.4241,8.69088,5.85061,-3.42388,-1.89051,-11.1544,2.54961,9.35751,-9.46137,-0.78717,-0.46572,0.54529,-0.35063,0.89549,-0.37992,-0.33112,-3.34081,-0.85422,0.83348,0.33576,-0.00349,0.70309,1.15382
24.42,-1.21841,-0.2281,0.36868,-0.4466,0,-0.33353,0.94526,0.37405,0.27791,-3.01263,-0.46201,-0.34461,6.86197,3.2339,0.76182,-15.42308,-10.28068,23.48223,7.69636,5.19619,-1.72022,-2.83318,-8.90723,3.22992,7.61929,-7.44672,-0.75323,-0.4852,0.35336,-0.4001,0.83679,-0.3381,-0.28793,-2.81456,-0.91791,1.31225,-2.33642,1.10744,0.91302,0.72693
24.44,-1.16738,-0.22107,0.35542,-0.25319,0,-0.24288,0.86398,0.24796,0.22089,-2.75841,-0.40565,-0.28338,5.56295,2.34612,0.61922,-13.07505,-8.95688,19.91341,6.22359,4.42219,-0.04512,-3.66544,-6.65468,3.74293,5.90401,-5.17771,-0.69989,-0.51704,0.10157,-0.45916,0.74258,-0.28735,-0.24446,-2.29702,-1.00035,1.77723,-4.68952,2.20386,1.11902,0.31427
24.46,-1.09565,-0.20498,0.33797,-0.01005,0,-0.12587,0.7499,0.08199,0.13162,-2.38275,-0.32522,-0.23328,4.07847,1.43125,0.46173,-10.42057,-7.50541,15.89735,4.43955,3.53234,1.52787,-4.37533,-4.45111,3.99987,4.24052,-2.82961,-0.62436,-0.55617,-0.19583,-0.53025,0.61424,-0.2268,-0.19832,-1.81553,-1.09553,2.18665,-6.61314,3.20345,1.30226,-0.0626
24.48,-1.0035,-0.18025,0.31636,0.26337,0,0.00842,0.60396,-0.11447,0.01834,-1.89779,-0.22472,-0.19345,2.49092,0.52964,0.33888,-7.57872,-5.94679,11.63876,2.53145,2.5479,2.93351,-4.96253,-2.34319,3.9539,2.66217,-0.56825,-0.52413,-0.59594,-0.52009,-0.61533,0.45449,-0.15628,-0.14735,-1.39132,-1.19422,2.50184,-8.03108,4.03283,1.44517,-0.38679
24.5,-0.89188,-0.14772,0.29089,0.54422,0,0.1486,0.42943,-0.3289,-0.10738,-1.32516,-0.10966,-0.16076,0.89689,-0.31955,0.30035,-4.68433,-4.31299,7.3581,0.67722,1.51157,4.11686,-5.43909,-0.37278,3.60783,1.21129,1.46508,-0.39715,-0.6287,-0.84951,-0.71575,0.26735,-0.07619,-0.08896,-1.03897,-1.28422,2.69364,-8.9058,4.63563,1.53395,-0.64636
24.52,-0.76241,-0.10855,0.26209,0.80762,0,0.28171,0.23202,-0.54645,-0.23176,-0.69506,0.01339,-0.13011,-0.59853,-1.08034,0.39068,-1.88086,-2.65187,3.27849,-0.97722,0.48679,5.03465,-5.82804,1.42295,3.01156,-0.06064,3.16417,-0.24208,-0.64651,-1.1614,-0.8321,0.05794,0.01268,-0.0195,-0.76637,-1.35109,2.74679,-9.23872,4.97759,1.56026,-0.83414
24.54,-0.6174,-0.0641,0.2307,1.02865,0,0.39416,0.0197,-0.75099,-0.34047,-0.04383,0.13756,-0.095,-1.89054,-1.72226,0.64495,0.69155,-1.0238,-0.39161,-2.33069,-0.44842,5.65611,-6.15965,3.0147,2.24866,-1.09807,4.46282,-0.05847,-0.64187,-1.43419,-0.96406,-0.16791,0.10954,0.06631,-0.57521,-1.3794,2.66142,-9.06648,5.04813,1.52179,-0.94754
24.56,-0.45975,-0.01578,0.19759,1.18469,0,0.47301,-0.19789,-0.92643,-0.42065,0.58998,0.25637,-0.04833,-2.88563,-2.22288,1.08549,2.91155,0.50833,-3.47842,-3.32982,-1.21193,5.96363,-6.46604,4.38687,1.41496,-1.85069,5.33512,0.15297,-0.6086,-1.64969,-1.11029,-0.4042,0.21405,0.17569,-0.46178,-1.35445,2.45191,-8.4539,4.85861,1.42188,-0.98814
24.58,-0.29283,0.03505,0.16372,1.25784,0,0.50715,-0.4102,-1.05817,-0.46286,1.16995,0.36454,0.01658,-3.51284,-2.57017,1.71947,4.69226,1.89195,-5.86212,-3.96467,-1.72996,5.95331,-6.77523,5.54374,0.59452,-2.28446,5.79214,0.39024,-0.54258,-1.7951,-1.26831,-0.64523,0.32664,0.31772,-0.41802,-1.26412,2.14389,-7.4854,4.43864,1.26845,-0.96137
24.6,-0.12037,0.0872,0.13004,1.23696,0,0.48851,-0.60655,-1.13446,-0.4626,1.66595,0.45852,0.10497,-3.73285,-2.76384,2.53749,5.99328,3.09576,-7.49055,-4.26006,-1.94858,5.63516,-7.106,6.5132,-0.16063,-2.39107,5.87609,0.6498,-0.4424,-1.86441,-1.43441,-0.88587,0.44861,0.50273,-0.43263,-1.10065,1.77016,-6.25644,3.83127,1.07272,-0.87592
24.62,0.05365,0.13967,0.09744,1.11899,0,0.41289,-0.77686,-1.14733,-0.42119,2.05713,0.53692,0.21973,-3.54288,-2.81525,3.51315,6.82539,4.11481,-8.38381,-4.26509,-1.84166,5.03266,-7.46417,7.34564,-0.84178,-2.19322,5.65285,0.92647,-0.30973,-1.85879,-1.60363,-1.12144,0.5818,0.74107,-0.49217,-0.8619,1.36634,-4.86557,3.08792,0.84788,-0.74302
24.64,0.22515,0.19156,0.06666,0.90922,0,0.28041,-0.91223,-1.0932,-0.34551,2.33341,0.60058,0.36061,-2.9761,-2.74556,4.60368,7.24671,4.96821,-8.628,-4.04244,-1.4141,4.18128,-7.84105,8.10686,-1.48354,-1.74415,5.20323,1.21329,-0.14925,-1.78586,-1.76979,-1.34714,0.72795,1.04123,-0.58211,-0.55187,0.96653,-3.4076,2.26324,0.60785,-0.57544
24.66,0.39007,0.24197,0.03823,0.6206,0,0.09561,-1.00539,-0.97294,-0.2471,2.49563,0.65234,0.52376,-2.09656,-2.58248,5.75169,7.35161,5.69044,-8.36005,-3.65901,-0.70049,3.12646,-8.21391,8.86644,-2.15346,-1.12188,4.61399,1.50153,0.03162,-1.65795,-1.92549,-1.55735,0.88771,1.40759,-0.68785,-0.18063,0.59951,-1.968,1.41047,0.36628,-0.38622
24.68,0.54455,0.28987,0.01235,0.27249,0,-0.13278,-1.05102,-0.79175,-0.14061,2.55453,0.69663,0.70161,-0.99098,-2.35649,6.88799,7.25531,6.31938,-7.74734,-3.17842,0.23943,1.92126,-8.54824,9.68401,-2.93468,-0.41996,3.96954,1.78084,0.22332,-1.48996,-2.06236,-1.74492,1.05967,1.83819,-0.7956,0.23635,0.28583,-0.61877,0.57762,0.13563,-0.18761
24.7,0.68499,0.33404,-0.01112,-0.11114,0,-0.39233,-1.04597,-0.55875,-0.04197,2.52878,0.73876,0.88303,0.24052,-2.09716,7.93521,7.07771,6.88474,-6.96635,-2.65595,1.32724,0.62437,-8.80118,10.59657,-3.90605,0.26329,3.34513,2.03946,0.41478,-1.29699,-2.1712,-1.90086,1.23952,2.32281,-0.89315,0.67928,0.03628,0.58396,-0.19525,-0.07339,0.00989
24.72,0.80817,0.37301,-0.03267,-0.50375,0,-0.66763,-0.9892,-0.28629,0.03334,2.44231,0.7841,1.0541,1.49368,-1.83027,8.81217,6.92888,7.39978,-6.18335,-2.13587,2.473,-0.70173,-8.92543,11.60926,-5.12337,0.8354,2.80195,2.26451,0.59418,-1.09232,-2.24227,-2.01454,1.41969,2.84201,-0.97057,1.12532,-0.14808,1.60076,-0.87747,-0.25231,0.19788
24.74,0.91126,0.40512,-0.0532,-0.87846,0,-0.94127,-0.88166,0.01093,0.07189,2.32093,0.83705,1.1992,2.66846,-1.57591,9.43897,6.89772,7.85801,-5.53892,-1.65089,3.58276,-1.99242,-8.87319,12.69126,-6.60452,1.21897,2.38419,2.44233,0.74966,-0.88574,-2.26545,-2.07455,1.58947,3.36721,-1.02061,1.55031,-0.27425,2.40836,-1.44801,-0.39519,0.37004
24.76,0.99181,0.42865,-0.07389,-1.21035,0,-1.19504,-0.72594,0.31702,0.06378,2.18888,0.89997,1.30259,3.67623,-1.34759,9.74272,7.04438,8.23483,-5.13719,-1.22332,4.56581,-3.18278,-8.60028,13.77703,-8.3202,1.35887,2.11788,2.55914,0.87017,-0.68245,-2.23068,-2.07019,1.73577,3.86204,-1.03895,1.93058,-0.35454,2.99809,-1.89492,-0.49885,0.52178
24.78,1.04788,0.44204,-0.09617,-1.4786,0,-1.41134,-0.52604,0.61607,0.00366,2.06565,0.97243,1.35024,4.44552,-1.15239,9.66374,7.39655,8.49287,-5.03998,-0.86722,5.34159,-4.20971,-8.07058,14.77274,-10.19099,1.22672,2.01119,2.60183,0.9462,-0.48281,-2.12854,-1.99334,1.84424,4.28473,-1.02431,2.24491,-0.40322,3.37378,-2.21422,-0.56292,0.64957
24.8,1.07816,0.44403,-0.12153,-1.66811,0,-1.57456,-0.28723,0.89342,-0.10845,1.96378,1.05073,1.33154,4.92587,-0.99188,9.16155,7.94911,8.58915,-5.26593,-0.59088,5.84567,-5.01441,-7.26057,15.56673,-12.09156,0.82189,2.05583,2.55921,0.97065,-0.28277,-1.95133,-1.84043,1.9007,4.59143,-0.97819,2.47631,-0.43354,3.54937,-2.40849,-0.58974,0.75053
24.82,1.08215,0.43388,-0.15141,-1.77038,0,-1.67241,-0.01609,1.13663,-0.26692,1.888,1.12806,1.24079,5.08947,-0.86348,8.21957,8.66691,8.48203,-5.79434,-0.3991,6.03429,-5.54532,-6.16369,16.04257,-13.86214,0.1686,2.22939,2.42332,0.9395,-0.07537,-1.69428,-1.61401,1.89263,4.74007,-0.90429,2.61339,-0.45555,3.54607,-2.48537,-0.58392,0.82203
24.84,1.06039,0.41139,-0.18689,-1.78353,0,-1.69701,0.27935,1.33638,-0.46078,1.83569,1.19531,1.07814,4.93056,-0.76232,6.84787,9.49006,8.137,-6.57314,-0.29484,5.88723,-5.76143,-4.7936,16.09362,-15.32667,-0.69081,2.4982,2.19084,0.85231,0.14709,-1.35711,-1.32368,1.81056,4.69448,-0.80753,2.65116,-0.47508,3.38946,-2.45599,-0.55168,0.86171
24.86,1.01466,0.37699,-0.22855,-1.71167,0,-1.64572,0.58948,1.48714,-0.67441,1.79859,1.2423,0.85008,4.46309,-0.68302,5.08402,10.34126,7.53103,-7.52944,-0.28004,5.40888,-5.63611,-3.18637,15.63772,-16.31554,-1.70485,2.82067,1.86448,0.71261,0.39051,-0.94545,-0.98634,1.64928,4.42863,-0.69278,2.59134,-0.49392,3.1066,-2.33362,-0.4999,0.86773
24.88,0.94817,0.33164,-0.27623,-1.56374,0,-1.52166,0.903,1.58745,-0.88889,1.76517,1.25941,0.56931,3.71753,-0.62133,2.99226,11.13418,6.65604,-8.58081,-0.35571,4.62759,-5.16103,-1.40072,14.63026,-16.68896,-2.82176,3.15064,1.45399,0.52792,0.65652,-0.47198,-0.62553,1.40891,3.93061,-0.56375,2.44223,-0.5107,2.72355,-2.13256,-0.4353,0.83924
24.9,0.86566,0.27679,-0.32896,-1.35227,0,-1.33363,1.20709,1.63985,-1.08362,1.72307,1.23909,0.25412,2.73743,-0.57528,0.66085,11.78187,5.52165,-9.64461,-0.52131,3.59279,-4.34953,0.4841,13.0728,-16.35588,-3.99559,3.4405,0.97662,0.30959,0.94094,0.04314,-0.27003,1.09559,3.20563,-0.42206,2.21801,-0.52237,2.26362,-1.86745,-0.36359,0.77687
24.92,0.77322,0.21428,-0.38501,-1.09198,0,-1.09539,1.4879,1.6502,-1.23836,1.66113,1.17704,-0.07293,1.57574,-0.54549,-1.8027,12.20393,4.15706,-10.64382,-0.77361,2.36938,-3.23846,2.37386,11.01447,-15.28385,-5.18741,3.64365,0.45659,0.072,1.23346,0.57309,0.04852,0.72163,2.27735,-0.26696,1.93744,-0.52563,1.7465,-1.55279,-0.28909,0.68314
24.94,0.67798,0.14616,-0.44206,-0.79837,0,-0.82406,1.73142,1.62634,-1.33551,1.57068,1.07283,-0.38702,0.2911,-0.53465,-4.2789,12.33204,2.6117,-11.50852,-1.10518,1.02946,-1.88788,4.16851,8.54518,-13.498,-6.36148,3.71665,-0.07674,-0.16861,1.51894,1.08643,0.29899,0.30495,1.187,-0.09558,1.62195,-0.51825,1.18797,-1.20277,-0.21453,0.56249
24.96,0.58742,0.07451,-0.49751,-0.4864,0,-0.53792,1.92471,1.57648,-1.36239,1.446,0.92993,-0.66363,-1.05579,-0.54631,-6.6455,12.11408,0.95438,-12.17445,-1.50255,-0.35736,-0.37838,5.77397,5.78196,-11.07098,-7.47792,3.62096,-0.59165,-0.39574,1.77992,1.55045,0.45459,-0.13212,-0.00945,0.09626,1.29317,-0.50009,0.60041,-0.83108,-0.14128,0.42114
24.98,0.50873,0.0013,-0.5489,-0.16945,0,-0.25417,2.05726,1.50753,-1.31318,1.28436,0.75532,-0.88123,-2.40566,-0.5834,-8.78744,11.51724,-0.7293,-12.58061,-1.94443,-1.73298,1.19351,7.11443,2.85251,-8.1085,-8.48507,3.32503,-1.05732,-0.59435,1.99971,1.935,0.49688,-0.56451,-1.24563,0.31293,0.97065,-0.47362,-0.00627,-0.45093,-0.0697,0.26672
25,0.44814,-0.07181,-0.59418,0.14137,0,0.01302,2.12219,1.42395,-1.18995,1.08567,0.55868,-1.02375,-3.70356,-0.64671,-10.60563,10.53029,-2.34191,-12.66817,-2.40009,-3.05659,2.72165,8.14226,-0.12048,-4.73512,-9.31504,2.80695,-1.44701,-0.75219,2.16525,2.21608,0.41889,-0.96637,-2.44986,0.55776,0.67,-0.444,-0.62348,-0.07507,0.00034,0.10766
25.02,0.4105,-0.14344,-0.63207,0.43755,0,0.25366,2.11698,1.32735,-1.00244,0.85209,0.35117,-1.08245,-4.90118,-0.73392,-12.02334,9.16432,-3.78186,-12.38191,-2.8283,-4.30537,4.09826,8.84326,-3.03109,-1.08351,-9.88519,2.05749,-1.74046,-0.8607,2.26886,2.37865,0.22689,-1.31313,-3.55054,0.832,0.40192,-0.41851,-1.2426,0.28426,0.06897,-0.04749
25.04,0.39891,-0.21253,-0.66207,0.71292,0,0.46218,2.04351,1.21682,-0.76633,0.58738,0.14404,-1.05678,-5.95858,-0.83918,-12.98941,7.45199,-4.95412,-11.67489,-3.17738,-5.46992,5.22332,9.23592,-5.79684,2.71191,-10.10651,1.08358,-1.92546,-0.91513,2.3087,2.41805,-0.05969,-1.58367,-4.48178,1.13399,0.17215,-0.40545,-1.85393,0.61551,0.13585,-0.19082
25.06,0.41469,-0.27827,-0.6845,0.96333,0,0.637,1.9076,1.09002,-0.50046,0.29649,-0.05294,-0.95452,-6.84552,-0.95333,-13.47898,5.4452,-5.78289,-10.51575,-3.38681,-6.54596,6.01461,9.36582,-8.36057,6.51764,-9.89789,-0.0885,-1.99845,-0.91412,2.28788,2.34029,-0.40987,-1.76234,-5.18877,1.45884,-0.01776,-0.41269,-2.44586,0.90816,0.19988,-0.31598
25.08,0.45738,-0.34,-0.70034,1.1861,0,0.77951,1.71822,0.94457,-0.22379,-0.01488,-0.23277,-0.79095,-7.54249,-1.06474,-13.49259,3.21209,-6.2244,-8.89744,-3.39126,-7.52536,6.41715,9.29695,-10.68856,10.20213,-9.20318,-1.4108,-1.96444,-0.85901,2.21297,2.16129,-0.7839,-1.84077,-5.63264,1.79836,-0.16925,-0.44609,-3.00458,1.15319,0.25899,-0.41887
25.1,0.52495,-0.39711,-0.71115,1.37947,0,0.89289,1.48652,0.77937,0.04713,-0.34046,-0.39192,-0.58737,-8.04104,-1.16038,-13.0542,0.83354,-6.277,-6.84481,-3.12739,-8.38974,6.40999,9.10189,-12.76578,13.63756,-8.00656,-2.81333,-1.83627,-0.75302,2.09214,1.90533,-1.13665,-1.819,-5.79387,2.14141,-0.28543,-0.50838,-3.51406,1.34342,0.31014,-0.49814
25.12,0.61405,-0.44901,-0.7188,1.54228,0,0.9811,1.22494,0.59544,0.29949,-0.67344,-0.53025,-0.3688,-8.3431,-1.2272,-12.20795,-1.60107,-5.98589,-4.41866,-2.54366,-9.10913,6.00859,8.85229,-14.58937,16.70436,-6.34219,-4.20669,-1.63327,-0.60057,1.93357,1.6026,-1.42117,-1.70573,-5.67343,2.47449,-0.36986,-0.59855,-3.95656,1.47378,0.34947,-0.55529
25.14,0.7203,-0.49505,-0.72529,1.67375,0,1.04798,0.94611,0.39607,0.52415,-1.00635,-0.65,-0.16101,-8.45913,-1.25352,-11.0138,-3.99879,-5.44102,-1.71436,-1.61225,-9.64653,5.26197,8.61048,-16.16121,19.29932,-4.29549,-5.48814,-1.37928,-0.40679,1.74416,1.28619,-1.59228,-1.51735,-5.29158,2.7826,-0.42577,-0.71208,-4.31344,1.54133,0.37256,-0.59427
25.16,0.83866,-0.5345,-0.73251,1.77342,0,1.09673,0.66204,0.1864,0.71447,-1.33102,-0.75425,0.01277,-8.40554,-1.23033,-9.54249,-6.269,-4.768,1.14451,-0.34138,-9.96722,4.24561,8.42278,-17.48104,21.34632,-1.99651,-6.55076,-1.10036,-0.17723,1.52875,0.98859,-1.6101,-1.27612,-4.68455,3.05038,-0.45566,-0.84176,-4.56642,1.54512,0.37496,-0.62076
25.18,0.9638,-0.56665,-0.74201,1.84132,0,1.12966,0.38327,-0.02744,0.86478,-1.63861,-0.84516,0.13495,-8.20193,-1.15253,-7.87088,-8.3292,-4.11352,4.01619,1.21507,-10.04979,3.05189,8.31522,-18.54124,22.80692,0.39275,-7.29431,-0.82224,0.08224,1.28991,0.73829,-1.44342,-1.00792,-3.9005,3.26333,-0.46123,-0.97892,-4.69911,1.48605,0.35269,-0.64118
25.2,1.09041,-0.5908,-0.75486,1.878,0,1.14819,0.11845,-0.23906,0.96917,-1.9198,-0.92279,0.19584,-7.86862,-1.01965,-6.07793,-10.11014,-3.62623,6.75264,2.95437,-9.89482,1.78014,8.29169,-19.32432,23.6862,2.69466,-7.63591,-0.56818,0.3653,1.02822,0.55713,-1.07291,-0.73979,-2.99532,3.40904,-0.44353,-1.11465,-4.69863,1.36673,0.3028,-0.66176
25.22,1.21349,-0.60636,-0.77156,1.88453,0,1.15293,-0.12593,-0.44247,1.02119,-2.16533,-0.98458,0.19443,-7.4246,-0.83618,-4.24148,-11.55908,-3.43473,9.21192,4.73122,-9.52765,0.52771,8.33478,-19.80287,24.0299,4.73405,-7.51867,-0.35698,0.66512,0.74295,0.45856,-0.49363,-0.49782,-2.02899,3.47809,-0.40321,-1.24079,-4.55689,1.19133,0.2239,-0.68758
25.24,1.32852,-0.61289,-0.79193,1.86215,0,1.14388,-0.34549,-0.63227,1.01485,-2.36668,-1.02597,0.13775,-6.88579,-0.61113,-2.43523,-12.6412,-3.6243,11.27018,6.37458,-8.99366,-0.61749,8.40878,-19.94221,23.91124,6.35658,-6.91746,-0.20163,0.97421,0.43298,0.44714,0.28309,-0.30522,-1.06241,3.46462,-0.34078,-1.35046,-4.27133,0.96543,0.11651,-0.72186
25.26,1.43163,-0.6101,-0.81511,1.81189,0,1.1206,-0.5378,-0.8036,0.94648,-2.51704,-1.04175,0.03882,-6.26385,-0.35707,-0.72608,-13.33953,-4.216,12.83267,7.71246,-8.34757,-1.5825,8.46478,-19.70547,23.41067,7.44606,-5.84188,-0.10831,1.28441,0.09786,0.51905,1.22884,-0.18083,-0.15461,3.36648,-0.25683,-1.43824,-3.84517,0.69587,-0.0167,-0.7655
25.28,1.51966,-0.5979,-0.83956,1.73419,0,1.08242,-0.70202,-0.95197,0.81698,-2.61224,-1.02783,-0.08601,-5.56604,-0.08889,0.82841,-13.65411,-5.15253,13.84258,8.59947,-7.6405,-2.31325,8.44706,-19.06067,22.59429,7.93856,-4.33699,-0.07596,1.58704,-0.26123,0.66321,2.29842,-0.13784,0.63991,3.18521,-0.15225,-1.50016,-3.28743,0.3906,-0.17087,-0.8168
25.3,1.59027,-0.57644,-0.86321,1.62879,0,1.02872,-0.83863,-1.07306,0.63351,-2.65147,-0.98275,-0.21983,-4.79595,0.17743,2.18204,-13.60052,-6.29666,14.28611,8.94038,-6.90888,-2.77684,8.30009,-17.98856,21.4971,7.83062,-2.48227,-0.09647,1.87307,-0.64073,0.86283,3.43155,-0.18292,1.27401,2.92596,-0.02837,-1.53358,-2.61258,0.05861,-0.33899,-0.87157
25.32,1.64197,-0.5461,-0.88359,1.49492,0,0.9591,-0.94902,-1.16269,0.40982,-2.63738,-0.9085,-0.34734,-3.95509,0.426,3.30166,-13.20769,-7.44615,14.19184,8.70375,-6.16842,-2.9621,7.97499,-16.48919,20.11563,7.179,-0.38831,-0.15548,2.13341,-1.0343,1.09699,4.55637,-0.31558,1.71119,2.59698,0.11287,-1.53712,-1.83989,-0.29019,-0.51224,-0.92336
25.34,1.67401,-0.50751,-0.89801,1.33177,0,0.87352,-1.03522,-1.21698,0.16502,-2.57555,-0.81034,-0.45621,-3.04501,0.64192,4.1685,-12.51473,-8.36576,13.62406,7.92319,-5.41443,-2.87871,7.43492,-14.58609,18.4115,6.09144,1.80878,-0.23394,2.3592,-1.43298,1.34215,5.59483,-0.52795,1.92934,2.20898,0.26889,-1.51066,-0.99217,-0.64517,-0.68053,-0.96414
25.36,1.68624,-0.46149,-0.90377,1.13925,0,0.77232,-1.09954,-1.23272,-0.07913,-2.47334,-0.69574,-0.53778,-2.06973,0.81209,4.77898,-11.56744,-8.83115,12.67157,6.68731,-4.62791,-2.55509,6.65923,-12.32798,16.32504,4.71,3.95562,-0.3101,2.54227,-1.82582,1.5736,6.46971,-0.80489,1.92434,1.77416,0.43642,-1.45529,-0.09425,-0.99528,-0.83316,-0.985
25.38,1.67899,-0.40901,-0.89837,0.91882,0,0.65636,-1.14443,-1.20792,-0.30157,-2.33863,-0.57283,-0.58697,-1.03808,0.92588,5.14506,-10.41534,-8.6749,11.43493,5.12282,-3.78508,-2.03546,5.64624,-9.78829,13.79549,3.19099,5.8919,-0.36192,2.67563,-2.2008,1.76696,7.11221,-1.12458,1.71296,1.3053,0.6115,-1.37339,0.82868,-1.32936,-0.95972,-0.97713
25.4,1.65299,-0.35118,-0.87977,0.67422,0,0.52699,-1.17222,-1.1423,-0.48517,-2.17869,-0.44896,-0.60202,0.03445,0.97577,5.29325,-9.10947,-7.82273,10.01492,3.37519,-2.86726,-1.37618,4.41448,-7.06268,10.78282,1.68531,7.46238,-0.36934,2.75395,-2.54591,1.89956,7.46905,-1.45953,1.33349,0.81512,0.78955,-1.26844,1.75222,-1.63643,-1.05086,-0.93269
25.42,1.60918,-0.28925,-0.84652,0.41183,0,0.38617,-1.18494,-1.0376,-0.61893,-1.99942,-0.32947,-0.58388,1.12477,0.958,5.26185,-7.70106,-6.30942,8.50386,1.59061,-1.86831,-0.6413,3.0016,-4.26395,7.28597,0.32235,8.53012,-0.31638,2.774,-2.85003,1.95195,7.50754,-1.77835,0.84302,0.31582,0.96532,-1.14464,2.65349,-1.90583,-1.09898,-0.84557
25.44,1.5486,-0.22451,-0.79786,0.14056,0,0.23648,-1.18407,-0.89765,-0.69904,-1.80495,-0.21713,-0.53569,2.20279,0.87305,5.09623,-6.24052,-4.2704,6.98061,-0.09879,-0.79813,0.10269,1.46087,-1.51401,3.35413,-0.80083,8.99026,-0.19278,2.7347,-3.10357,1.90932,7.21809,-2.04805,0.3111,-0.18117,1.13302,-1.00607,3.51127,-2.12734,-1.09875,-0.71196
25.46,1.47214,-0.15832,-0.73369,-0.12872,0,0.08107,-1.17026,-0.72811,-0.72857,-1.5977,-0.11215,-0.46222,3.23317,0.72608,4.84289,-4.77678,-1.91243,5.50889,-1.58568,0.31813,0.7926,-0.14448,1.06634,-0.9102,-1.62495,8.78316,0.0049,2.63716,-3.29897,1.76288,6.61431,-2.23706,-0.18958,-0.66527,1.28627,-0.85564,4.30579,-2.29122,-1.04743,-0.5307
25.48,1.3805,-0.09203,-0.65455,-0.3841,0,-0.07633,-1.1432,-0.53611,-0.71633,-1.37873,-0.01264,-0.36942,4.17817,0.52726,4.54346,-3.35694,0.52707,4.13817,-2.79414,1.44368,1.37406,-1.74788,3.36792,-5.3554,-2.12909,7.90498,0.27257,2.48461,-3.43096,1.51119,5.73133,-2.31848,-0.59346,-1.12664,1.41831,-0.69402,5.01838,-2.38857,-0.94509,-0.30347
25.5,1.27412,-0.02693,-0.56159,-0.61355,0,-0.23145,-1.10162,-0.32988,-0.67517,-1.14826,0.08463,-0.26406,5.00072,0.29163,4.23009,-2.0261,2.82082,2.90599,-3.68221,2.53538,1.80597,-3.28593,5.30206,-9.79159,-2.32682,6.41253,0.5987,2.28227,-3.49672,1.16104,4.62263,-2.27321,-0.85133,-1.55612,1.52216,-0.51872,5.63122,-2.41189,-0.79481,-0.03493
25.52,1.15332,0.03569,-0.45651,-0.80581,0,-0.37955,-1.04346,-0.11827,-0.62007,-0.90612,0.18331,-0.15335,5.66749,0.03854,3.92297,-0.82694,4.78341,1.84032,-4.24054,3.54923,2.06321,-4.70386,6.80614,-14.00732,-2.25862,4.41971,0.96493,2.03721,-3.49567,0.7276,3.35547,-2.09251,-0.93651,-1.94496,1.59077,-0.32374,6.12705,-2.35595,-0.60265,0.26732
25.54,1.01836,0.09467,-0.34148,-0.95115,0,-0.51549,-0.96624,0.08961,-0.56621,-0.65209,0.28645,-0.04464,6.15147,-0.20959,3.63046,0.20122,6.28933,0.96126,-4.48772,4.4455,2.13725,-5.95964,7.84538,-17.79106,-1.98119,2.08451,1.34756,1.75793,-3.42903,0.23379,2.00493,-1.77948,-0.84706,-2.28468,1.61731,-0.0997,6.48908,-2.21884,-0.37752,0.59285
25.56,0.86967,0.14892,-0.21905,-1.04195,0,-0.63392,-0.86749,0.28482,-0.52718,-0.38607,0.39568,0.05501,6.43427,-0.42905,3.35137,1.02385,7.27737,0.28172,-4.46339,5.19311,2.035,-7.02662,8.41132,-20.95537,-1.55525,-0.41125,1.71963,1.45391,-3.29915,-0.29136,0.64709,-1.3496,-0.60428,-2.56703,1.59538,0.16546,6.70134,-2.00314,-0.1308,0.92884
25.58,0.70806,0.1975,-0.09197,-1.07321,0,-0.72956,-0.74534,0.45902,-0.5135,-0.10832,0.5105,0.13914,6.50821,-0.59677,3.07864,1.61289,7.74512,-0.19241,-4.22059,5.77311,1.77636,-7.89472,8.51837,-23.3596,-1.03365,-2.88461,2.05344,1.13507,-3.10904,-0.81486,-0.64762,-0.8301,-0.24839,-2.78419,1.51945,0.48511,6.74947,-1.71699,0.12417,1.26053
25.6,0.53488,0.23968,0.03684,-1.04289,0,-0.79754,-0.59902,0.60492,-0.53154,0.18031,0.62784,0.20226,6.37801,-0.69225,2.80344,1.94798,7.73741,-0.46191,-3.81846,6.18083,1.39096,-8.56989,8.19924,-24.9257,-0.45192,-5.17157,2.32306,0.81133,-2.86218,-1.30227,-1.81991,-0.25811,0.16768,-2.92914,1.38532,0.87219,6.62202,-1.37487,0.37275,1.57204
25.62,0.35227,0.27497,0.16447,-0.95209,0,-0.8338,-0.4292,0.71665,-0.58298,0.47775,0.74203,0.2401,6.06155,-0.69903,2.51856,2.01712,7.33233,-0.53341,-3.31609,6.42638,0.91451,-9.07143,7.49984,-25.64233,0.17716,-7.14022,2.50654,0.49212,-2.56255,-1.72038,-2.82517,0.32261,0.58535,-2.9962,1.19065,1.33699,6.31187,-0.99743,0.59993,1.84714
25.64,0.16312,0.30316,0.28808,-0.80498,0,-0.83559,-0.23813,0.7902,-0.66481,0.78007,0.84513,0.24978,5.5897,-0.60562,2.22049,1.81642,6.62707,-0.41771,-2.76783,6.53329,0.38468,-9.42719,6.4741,-25.55573,0.86442,-8.69547,2.58771,0.186,-2.21497,-2.03989,-3.63491,0.8663,0.94785,-2.98157,0.93542,1.88462,5.8175,-0.61042,0.79132,2.07032
25.66,-0.02894,0.32439,0.4051,-0.60865,0,-0.80189,-0.02948,0.82374,-0.76977,1.08067,0.92765,0.22988,5.00498,-0.40607,1.91033,1.34947,5.72506,-0.12792,-2.2201,6.53575,-0.16273,-9.6674,5.17936,-24.75031,1.64093,-9.77684,2.55743,-0.09983,-1.8256,-2.23796,-4.23639,1.3307,1.2072,-2.88396,0.62237,2.51263,5.14425,-0.24249,0.93446,2.22793
25.68,-0.21975,0.33913,0.51334,-0.37272,0,-0.73378,0.19189,0.8179,-0.88717,1.36978,0.97954,0.18049,4.35954,-0.10005,1.59356,0.62692,4.72548,0.32204,-1.70953,6.47498,-0.69724,-9.8184,3.67306,-23.32526,2.55166,-10.3525,2.41445,-0.35993,-1.40253,-2.30053,-4.63103,1.68262,1.33017,-2.70523,0.2573,3.20887,4.30537,0.07777,1.02003,2.30937
25.7,-0.40484,0.34823,0.6111,-0.10901,0,-0.63466,0.42026,0.77586,-1.00385,1.63423,0.99131,0.1031,3.71235,0.30702,1.27938,-0.3332,3.71528,0.91749,-1.26235,6.39508,-1.19602,-9.89715,2.0113,-21.37308,3.64747,-10.41307,2.16561,-0.59083,-0.95622,-2.22376,-4.83211,1.9022,1.30213,-2.45097,-0.15074,3.95005,3.32292,0.32516,1.04301,2.3081
25.72,-0.57964,0.35287,0.69719,0.16898,0,-0.51013,0.64938,0.70307,-1.10533,1.85795,0.95515,0.0004,3.12535,0.80416,0.97955,-1.50419,2.76373,1.64117,-0.89461,6.33863,-1.64484,-9.90727,0.24915,-18.96446,4.97662,-9.96759,1.82529,-0.79106,-0.49968,-2.01452,-4.86187,1.98512,1.1281,-2.13065,-0.58947,4.70153,2.22788,0.48144,1.00332,2.22223
25.74,-0.73977,0.35438,0.77089,0.44674,0,-0.36751,0.87278,0.60661,-1.17691,2.02302,0.86592,-0.12402,2.65861,1.37503,0.70715,-2.8484,1.9192,2.46956,-0.613,6.34207,-2.03759,-9.837,-1.55761,-16.14136,6.57664,-9.04278,1.41402,-0.96102,-0.04801,-1.68944,-4.74829,1.94212,0.83076,-1.75731,-1.04382,5.41828,1.05923,0.53864,0.90602,2.0546
25.76,-0.8813,0.35411,0.83186,0.70943,0,-0.21505,1.08408,0.49436,-1.20481,2.1115,0.72198,-0.26594,2.36478,1.99821,0.47523,-4.31467,1.2079,3.36825,-0.41607,6.43148,-2.37455,-9.65949,-3.35007,-12.91832,8.46716,-7.6854,0.95637,-1.1026,0.38251,-1.27304,-4.52196,1.79638,0.44601,-1.34679,-1.4967,6.04754,-0.13801,0.50162,0.761,1.81233
25.78,-1.00108,0.35327,0.88002,0.94275,0,-0.0611,1.27729,0.37398,-1.17734,2.1075,0.52581,-0.42079,2.28367,2.64765,0.2956,-5.83622,0.63464,4.28782,-0.29565,6.61942,-2.66018,-9.33563,-5.06418,-9.29035,10.64433,-5.96588,0.4787,-1.21879,0.77573,-0.79517,-4.21326,1.57936,0.01721,-0.91674,-1.92994,6.53271,-1.31537,0.38945,0.58216,1.50629
25.8,-1.09697,0.35268,0.91552,1.13359,0,0.08671,1.44707,0.2522,-1.08595,1.99936,0.28436,-0.58354,2.43788,3.29301,0.17779,-7.32997,0.18573,5.162,-0.23845,6.90349,-2.90074,-8.81948,-6.6299,-5.2448,13.07688,-3.98073,0.00694,-1.3132,1.11697,-0.28848,-3.85029,1.32626,-0.41078,-0.48554,-2.3254,6.81836,-2.42389,0.23458,0.38631,1.15038
25.82,-1.16795,0.3527,0.93865,1.27059,0,0.22201,1.58887,0.13422,-0.92603,1.78128,0.00893,-0.74838,2.83015,3.90013,0.12829,-8.69821,-0.16599,5.90962,-0.22777,7.26708,-3.10213,-8.06563,-7.97254,-0.77417,15.70432,-1.85093,-0.43507,-1.38958,1.39434,0.21398,-3.45729,1.07152,-0.79656,-0.07129,-2.66593,6.85576,-3.41719,0.07928,0.19164,0.76087
25.84,-1.2141,0.35309,0.94983,1.34445,0,0.3399,1.699,0.02364,-0.69754,1.45437,-0.28544,-0.90806,3.44299,4.43164,0.15005,-9.83329,-0.45431,6.44096,-0.2453,7.68212,-3.26831,-7.03799,-9.01666,4.11176,18.43714,0.28526,-0.82691,-1.45128,1.59982,0.68084,-3.05371,0.845,-1.10605,0.30928,-2.93625,6.60852,-4.25447,-0.03061,0.01581,0.35563
25.86,-1.2365,0.35302,0.94958,1.34822,0,0.43701,1.77465,-0.07743,-0.40527,1.02697,-0.58106,-1.05315,4.24032,4.84823,0.2421,-10.62527,-0.7119,6.66795,-0.2729,8.11367,-3.40035,-5.71887,-9.6924,9.37498,21.15913,2.28436,-1.15232,-1.50085,1.72997,1.0841,-2.65371,0.66895,-1.31474,0.64177,-3.12375,6.05796,-4.90354,-0.05391,-0.12597,-0.04666
25.88,-1.23708,0.35106,0.93853,1.27756,0,0.5113,1.81394,-0.16802,-0.05888,0.51437,-0.85899,-1.1716,5.17085,5.11063,0.39926,-10.97209,-0.96313,6.51679,-0.29424,8.52527,-3.49628,-4.11718,-9.94337,14.93816,23.7312,4.01237,-1.39975,-1.53972,1.78646,1.4006,-2.2663,0.55609,-1.40885,0.91498,-3.21929,5.20762,-5.34343,0.03768,-0.22289,-0.42749
25.9,-1.21841,0.34538,0.91751,1.1311,0,0.56193,1.81601,-0.24792,0.32737,-0.06192,-1.10051,-1.24889,6.1726,5.18262,0.61187,-10.79083,-1.21904,5.94031,-0.29624,8.88409,-3.55153,-2.27373,-9.7345,20.67241,25.99567,5.35897,-1.56243,-1.56813,1.7759,1.61302,-1.89588,0.50889,-1.38542,1.12161,-3.21787,4.0859,-5.56613,0.25316,-0.26977,-0.76939
25.92,-1.18357,0.33387,0.88754,0.9109,0,0.58898,1.78106,-0.3173,0.73526,-0.67539,-1.28865,-1.26899,7.17816,5.03497,0.86554,-10.02854,-1.47573,4.92803,-0.26994,9.16434,-3.55995,-0.26167,-9.05807,26.38409,27.78012,6.24864,-1.63837,-1.58532,1.70911,1.71053,-1.54328,0.52028,-1.25131,1.25852,-3.11906,2.74572,-5.57695,0.57952,-0.26768,-1.05711
25.94,-1.13588,0.31449,0.84979,0.62286,0,0.5934,1.71042,-0.37655,1.1437,-1.29643,-1.40949,-1.21628,8.12019,4.6499,1.14095,-8.67132,-1.71656,3.51184,-0.21099,9.34863,-3.51509,1.81879,-7.93682,31.80334,28.90137,6.64716,-1.62995,-1.58985,1.59963,1.68906,-1.20692,0.57551,-1.02158,1.32676,-2.92705,1.26056,-5.39319,0.98349,-0.22335,-1.27869
25.96,-1.07869,0.28554,0.80547,0.27712,0,0.57687,1.60644,-0.42615,1.53019,-1.89444,-1.45336,-1.07812,8.93709,4.02563,1.4141,-6.75083,-1.9175,1.76707,-0.11961,9.42737,-3.41161,3.85065,-6.42403,36.58016,29.17153,6.56358,-1.54346,-1.58008,1.4617,1.55121,-0.88412,0.65509,-0.71717,1.33121,-2.65044,-0.28248,-5.04166,1.41708,-0.148,-1.42668
25.98,-1.01517,0.24596,0.7558,-0.11172,0,0.54183,1.47253,-0.46672,1.87258,-2.44018,-1.41577,-0.84757,9.57811,3.1802,1.65699,-4.34735,-2.0541,-0.19132,-0.00019,9.3971,-3.24664,5.71332,-4.60072,40.29561,28.40913,6.04806,-1.38857,-1.55471,1.30833,1.30597,-0.57236,0.73801,-0.36254,1.2802,-2.30183,-1.79129,-4.55566,1.82557,-0.05549,-1.49923
26,-0.9482,0.19559,0.70194,-0.52477,0,0.49137,1.31307,-0.499,2.15081,-2.90781,-1.29794,-0.52571,10.00718,2.1531,1.83928,-1.58788,-2.10807,-2.21743,0.13938,9.25837,-3.02066,7.29595,-2.57039,42.49525,26.45711,5.18613,-1.17774,-1.51329,1.14968,0.96825,-0.27031,0.8047,0.01654,1.18497,-1.89729,-3.17733,-3.97227,2.15591,0.03951,-1.50065
26.02,-0.88027,0.13522,0.64497,-0.93951,0,0.4291,1.13325,-0.52385,2.34837,-3.27632,-1.10681,-0.12271,10.20441,1.00365,1.93085,1.36224,-2.07176,-4.14825,0.28867,9.01333,-2.73761,8.50876,-0.45065,42.74896,23.2076,4.08921,-0.92555,-1.45643,0.99228,0.55797,0.02146,0.83926,0.39481,1.05904,-1.45562,-4.36295,-3.33005,2.36392,0.1233,-1.44132
26.04,-0.81342,0.06663,0.58588,-1.33109,0,0.35887,0.93873,-0.54214,2.45351,-3.53023,-0.85424,0.34237,10.16501,-0.19455,1.90534,4.31491,-1.94977,-5.82216,0.43592,8.66336,-2.404,9.29115,1.63777,40.7341,18.63126,2.88208,-0.64785,-1.38564,0.83904,0.09881,0.30034,0.8306,0.74894,0.91752,-0.99724,-5.28706,-2.66728,2.41953,0.18452,-1.33668
26.06,-0.74917,-0.00769,0.52557,-1.67436,0,0.28436,0.73517,-0.5546,2.46007,-3.65979,-0.55588,0.84332,9.89629,-1.36217,1.74415,7.07997,-1.75779,-7.09999,0.5693,8.20728,-2.02729,9.61641,3.58381,36.3309,12.80692,1.68854,-0.36074,-1.30301,0.69002,-0.38343,0.5619,0.77277,1.05862,0.77624,-0.54282,-5.90882,-2.02065,2.30963,0.2152,-1.20549
26.08,-0.68854,-0.08478,0.4649,-1.94601,0,0.20876,0.5278,-0.5616,2.36803,-3.66083,-0.22959,1.34932,9.41388,-2.42412,1.4402,9.48754,-1.51952,-7.88521,0.67827,7.64044,-1.61424,9.49343,5.29822,29.70869,5.94447,0.61753,-0.07963,-1.21078,0.54366,-0.8626,0.80051,0.66454,1.30736,0.65082,-0.11196,-6.2099,-1.42423,2.03898,0.21133,-1.06765
26.1,-0.63208,-0.16148,0.40473,-2.12689,0,0.13442,0.32108,-0.5631,2.18363,-3.53448,0.106,1.82783,8.73837,-3.31841,1.00031,11.4071,-1.26274,-8.13864,0.75461,6.95527,-1.16964,8.96529,6.72262,21.35079,-1.60848,-0.24763,0.18163,-1.11094,0.39802,-1.31384,1.01004,0.50875,1.48303,0.5556,0.27808,-6.19492,-0.90847,1.6293,0.17309,-0.94202
26.12,-0.57995,-0.23467,0.34594,-2.20371,0,0.06283,0.11847,-0.55862,1.91895,-3.28677,0.43282,2.24745,7.89251,-4.00238,0.44533,12.7594,-1.01535,-7.88363,0.79324,6.14293,-0.69592,8.10444,7.83316,11.95257,-9.38468,-0.85524,0.41135,-1.00506,0.25195,-1.71492,1.18456,0.31156,1.57828,0.50257,0.61327,-5.89005,-0.49887,1.11659,0.10462,-0.84434
26.14,-0.53202,-0.30146,0.28943,-2.17022,0,-0.00532,-0.07756,-0.54735,1.59079,-2.92794,0.73438,2.58044,6.8994,-4.45533,-0.1924,13.51949,-0.8019,-7.2003,0.79247,5.19585,-0.19368,7.0044,8.6381,2.24673,-16.84332,-1.18556,0.6004,-0.89432,0.10564,-2.04728,1.31893,0.08171,1.59059,0.50011,0.88335,-5.33961,-0.2143,0.54697,0.0133,-0.78559
26.16,-0.48796,-0.3593,0.23609,-2.02774,0,-0.06989,-0.26539,-0.52835,1.2191,-2.47172,0.99665,2.80486,5.78154,-4.67791,-0.87364,13.71202,-0.64103,-6.21062,0.75397,4.11084,0.33698,5.76923,9.17059,-7.08848,-23.43799,-1.24666,0.74243,-0.77965,-0.03917,-2.29677,1.40928,-0.17011,1.52234,0.55179,1.08217,-4.60118,-0.06496,-0.02857,-0.09121,-0.77075
26.18,-0.44734,-0.40604,0.18673,-1.7852,0,-0.13088,-0.44407,-0.5008,0.82521,-1.93471,1.20858,2.90625,4.56102,-4.68929,-1.55773,13.40153,-0.54414,-5.05846,0.68257,2.89228,0.89485,4.50252,9.47886,-15.40592,-28.69268,-1.0675,0.83391,-0.66199,-0.17931,-2.45413,1.45342,-0.43187,1.38055,0.65545,1.20776,-3.74014,-0.0505,-0.55983,-0.19816,-0.79817
26.2,-0.40974,-0.44002,0.14207,-1.45859,0,-0.18822,-0.61303,-0.46431,0.43012,-1.33569,1.36254,2.87875,3.26025,-4.52322,-2.20747,12.68042,-0.51531,-3.88926,0.58584,1.55471,1.47618,3.29756,9.6164,-22.07895,-32.26801,-0.69032,0.87408,-0.54259,-0.31047,-2.51523,1.45108,-0.69068,1.17654,0.80275,1.26219,-2.82411,-0.15895,-1.00248,-0.29686,-0.85972
26.22,-0.37487,-0.46006,0.10264,-1.06994,0,-0.24145,-0.77177,-0.41907,0.05311,-0.69498,1.45436,2.72535,1.90295,-4.22337,-2.79219,11.65638,-0.5528,-2.83284,0.47372,0.12387,2.07379,2.23016,9.63371,-26.59658,-34.00244,-0.16396,0.86462,-0.42309,-0.42754,-2.48089,1.40393,-0.93341,0.92509,0.9794,1.2512,-1.9178,-0.36702,-1.32215,-0.37773,-0.94173
26.24,-0.34263,-0.4655,0.0688,-0.64548,0,-0.28971,-0.91957,-0.36593,-0.28932,-0.03363,1.48315,2.45721,0.51464,-3.83877,-3.28873,10.44034,-0.65166,-1.99123,0.35796,-1.36416,2.67716,1.35414,9.57253,-28.70023,-33.92148,0.46106,0.8093,-0.30544,-0.52488,-2.35632,1.3154,-1.14739,0.6432,1.16625,1.18361,-1.07817,-0.64195,-1.49714,-0.43315,-1.02668
26.26,-0.31308,-0.45613,0.04067,-0.21344,0,-0.33179,-1.05532,-0.30636,-0.58427,0.62763,1.45097,2.09229,-0.87733,-3.41942,-3.68068,9.13598,-0.80689,-1.43181,0.25149,-2.86562,3.27347,0.69965,9.46303,-28.4406,-32.21838,1.13553,0.7134,-0.19163,-0.59662,-2.1502,1.1903,-1.32112,0.34857,1.34118,1.07047,-0.35044,-0.94479,-1.5197,-0.45804,-1.09559
26.28,-0.28653,-0.43223,0.01816,0.19836,0,-0.36631,-1.1774,-0.24231,-0.82283,1.26928,1.3624,1.65353,-2.24433,-3.01255,-3.95689,7.83176,-1.01619,-1.1851,0.16755,-4.33281,3.84923,0.2736,9.32343,-26.13771,-29.2165,1.81294,0.58321,-0.08338,-0.63696,-1.87371,1.0344,-1.44511,0.05797,1.48129,0.92429,0.23495,-1.2344,-1.39613,-0.4503,-1.13051
26.3,-0.26344,-0.39456,0.00095,0.56477,0,-0.39199,-1.28375,-0.17604,-1.0003,1.87385,1.22409,1.16683,-3.55727,-2.65973,-4.11034,6.59607,-1.28113,-1.24636,0.11857,-5.71789,4.39216,0.06165,9.16151,-22.30227,-25.32389,2.44993,0.42544,0.01817,-0.64064,-1.53962,0.85405,-1.51247,-0.21408,1.56529,0.75811,0.66376,-1.47166,-1.14552,-0.4108,-1.11687
26.32,-0.24441,-0.3443,-0.01149,0.86511,0,-0.40784,-1.37193,-0.10994,-1.11593,2.42628,1.04419,0.659,-4.78779,-2.39479,-4.13803,5.47534,-1.60588,-1.58009,0.11467,-6.97605,4.89283,0.03151,8.9769,-17.55304,-20.98765,3.00607,0.24685,0.11255,-0.60346,-1.16135,0.65582,-1.51924,-0.4561,1.57552,0.58473,0.93741,-1.62296,-0.79728,-0.34317,-1.04502
26.34,-0.23005,-0.28296,-0.01981,1.08446,0,-0.41332,-1.43945,-0.04629,-1.17243,2.91398,0.83183,0.1557,-5.90969,-2.24233,-4.04215,4.49491,-1.99355,-2.12676,0.16192,-8.06768,5.34571,0.1371,8.7635,-12.54007,-16.65219,3.44377,0.0538,0.19993,-0.52293,-0.75209,0.44624,-1.46428,-0.65991,1.49957,0.41584,1.07045,-1.66297,-0.38733,-0.25313,-0.91106
26.36,-0.22091,-0.2123,-0.02472,1.21433,0,-0.40849,-1.48394,0.01293,-1.17527,3.32674,0.59641,-0.32057,-6.90067,-2.21691,-3.83221,3.66187,-2.44087,-2.81093,0.26062,-8.95993,5.74974,0.32328,8.51174,-7.87924,-12.72394,3.72843,-0.14812,0.28086,-0.39894,-0.32402,0.23149,-1.34894,-0.82048,1.33128,0.26129,1.08674,-1.57638,0.04639,-0.14762,-0.71669
26.38,-0.21735,-0.13418,-0.02694,1.25298,0,-0.394,-1.50364,0.06621,-1.1318,3.65664,0.34707,-0.75208,-7.74421,-2.32284,-3.5273,2.96932,-2.93296,-3.54977,0.40395,-9.62792,6.10836,0.53102,8.21087,-4.10105,-9.54384,3.82913,-0.35427,0.35603,-0.23427,0.11233,0.01721,-1.17657,-0.93541,1.0713,0.12846,1.01494,-1.35872,0.46858,-0.03385,-0.46863
26.4,-0.21944,-0.05049,-0.02713,1.2051,0,-0.37108,-1.49766,0.11261,-1.05057,3.89805,0.0923,-1.12675,-8.43104,-2.55446,-3.15723,2.40097,-3.44016,-4.26104,0.57763,-10.05573,6.42877,0.70274,7.85078,-1.61484,-7.36799,3.71976,-0.5611,0.42597,-0.03483,0.54839,-0.19162,-0.95217,-1.00449,0.72709,0.02189,0.88445,-1.01641,0.8504,0.08161,-0.17754
26.42,-0.22694,0.03687,-0.02586,1.08093,0,-0.34143,-1.46623,0.15168,-0.94051,4.04772,-0.16029,-1.43834,-8.95965,-2.89711,-2.76135,1.93557,-3.91835,-4.86992,0.76096,-10.23705,6.72039,0.78768,7.42343,-0.68851,-6.35628,3.38038,-0.76602,0.49085,0.19061,0.97747,-0.39082,-0.68211,-1.02918,0.3122,-0.05668,0.72223,-0.56573,1.172,0.19345,0.1431
26.44,-0.2393,0.12606,-0.02359,0.89481,0,-0.30701,-1.41078,0.18336,-0.81025,4.10489,-0.40393,-1.68555,-9.33568,-3.3285,-2.38462,1.55039,-4.31351,-5.31425,0.92941,-10.17546,6.9924,0.74699,6.92325,-1.44174,-6.56778,2.79887,-0.96713,0.55044,0.43135,1.39443,-0.57698,-0.37405,-1.01234,-0.15502,-0.10805,0.55108,-0.0308,1.42335,0.29795,0.47833
26.46,-0.2557,0.21526,-0.02064,0.6633,0,-0.26979,-1.33376,0.2078,-0.66752,4.07161,-0.63268,-1.87069,-9.57044,-3.82062,-2.07147,1.22386,-4.5696,-5.54843,1.05829,-9.88441,7.25078,0.55839,6.34712,-3.84923,-7.96116,1.97284,-1.16286,0.60415,0.67597,1.79509,-0.74754,-0.0369,-0.95802,-0.65334,-0.13489,0.38894,0.55904,1.60363,0.39309,0.81295
26.48,-0.27511,0.30266,-0.01731,0.40332,0,-0.23148,-1.23854,0.22508,-0.51876,3.95298,-0.84123,-1.99802,-9.67924,-4.34178,-1.8589,0.93714,-4.63817,-5.54603,1.12686,-9.38726,7.4958,0.21946,5.69421,-7.74933,-10.39856,0.91222,-1.35157,0.65118,0.91386,2.17562,-0.90074,0.31916,-0.87145,-1.16066,-0.14107,0.24919,1.17224,1.71959,0.47835,1.13276
26.5,-0.2964,0.38642,-0.01377,0.13052,0,-0.19335,-1.12911,0.23516,-0.36889,3.75744,-1.02482,-2.0723,-9.67968,-4.85865,-1.77067,0.67509,-4.48703,-5.30098,1.12177,-8.71706,7.72049,-0.25111,4.96589,-12.85509,-13.65187,-0.35765,-1.53119,0.69067,1.13633,2.53192,-1.03556,0.68264,-0.7589,-1.6558,-0.13093,0.14124,1.77769,1.78326,0.55444,1.4254
26.52,-0.31836,0.46466,-0.01017,-0.14181,0,-0.1562,-1.00994,0.2378,-0.22144,3.49659,-1.17919,-2.09781,-9.59004,-5.33796,-1.81374,0.42636,-4.10579,-4.82718,1.03905,-7.91546,7.91035,-0.8152,4.16589,-18.76638,-17.41168,-1.79277,-1.69898,0.72183,1.33725,2.85911,-1.15154,1.04094,-0.62751,-2.1198,-0.10869,0.07114,2.34684,1.80937,0.62283,1.68088
26.54,-0.33979,0.53541,-0.00661,-0.4033,0,-0.12039,-0.8856,0.23273,-0.07881,3.18443,-1.30056,-2.07787,-9.42756,-5.7477,-1.97783,0.18303,-3.50725,-4.15617,0.88419,-7.03043,8.04455,-1.42002,3.30034,-24.98483,-21.29992,-3.32774,-1.85134,0.74392,1.51298,3.15115,-1.24839,1.38072,-0.4848,-2.53657,-0.07812,0.04196,2.85508,1.81273,0.68525,1.89164
26.56,-0.35947,0.59663,-0.00313,-0.64649,0,-0.08599,-0.76049,0.21978,0.05727,2.8362,-1.38581,-2.01495,-9.20712,-6.05822,-2.23778,-0.06026,-2.72484,-3.33344,0.6706,-6.11313,8.09846,-2.00549,2.37794,-30.93478,-24.88844,-4.87476,-1.98377,0.75625,1.66168,3.40073,-1.32567,1.68855,-0.33805,-2.89307,-0.04227,0.0539,3.28246,1.8058,0.74315,2.05243
26.58,-0.37619,0.64624,0.0003,-0.86647,0,-0.05296,-0.63856,0.19922,0.1852,2.46707,-1.43264,-1.91112,-8.9403,-6.24325,-2.55789,-0.30723,-1.80747,-2.41391,0.41698,-5.21457,8.04709,-2.51241,1.4103,-35.99512,-27.72555,-6.32558,-2.09108,0.75807,1.7825,3.59948,-1.38249,1.95175,-0.19368,-3.17921,-0.00348,0.10415,3.61405,1.79679,0.79722,2.16001
26.6,-0.3888,0.68221,0.00378,-1.06034,0,-0.02139,-0.52316,0.17186,0.30314,2.09105,-1.43983,-1.76873,-8.63527,-6.28111,-2.89713,-0.56081,-0.81334,-1.45721,0.14449,-4.38261,7.86877,-2.89008,0.41219,-39.54595,-29.3719,-7.55781,-2.16763,0.74859,1.87462,3.73831,-1.41723,2.15921,-0.05667,-3.38757,0.03652,0.18688,3.83986,1.78853,0.84704,2.21284
26.62,-0.39621,0.70269,0.00746,-1.22652,0,0.00846,-0.41688,0.13918,0.40862,1.72012,-1.40733,-1.59084,-8.29689,-6.15584,-3.21422,-0.82366,0.19631,-0.52282,-0.12599,-3.6597,7.5481,-3.10166,-0.59811,-41.03213,-29.44583,-8.44647,-2.20771,0.72693,1.93664,3.80804,-1.42761,2.30209,0.06965,-3.51301,0.0765,0.29342,3.95444,1.77826,0.89088,2.21086
26.64,-0.39741,0.70607,0.01155,-1.3641,0,0.03606,-0.32161,0.10317,0.49855,1.36365,-1.33618,-1.38143,-7.92705,-5.85825,-3.47205,-1.09824,1.16285,0.33452,-0.3759,-3.08123,7.07763,-3.12652,-1.5991,-40.04108,-27.67531,-8.88048,-2.20582,0.69223,1.9662,3.79989,-1.41076,2.37424,0.18356,-3.55221,0.11548,0.4129,3.95616,1.75827,0.92564,2.15519
26.66,-0.39153,0.69113,0.01625,-1.47231,0,0.06074,-0.23855,0.06605,0.56935,1.02822,-1.22838,-1.14526,-7.52528,-5.38689,-3.64116,-1.38661,2.03496,1.06935,-0.59046,-2.67445,6.45843,-2.96006,-2.56666,-36.38563,-23.95059,-8.78187,-2.15707,0.64368,1.96014,3.7061,-1.36355,2.3724,0.28468,-3.50332,0.15256,0.53307,3.8464,1.71742,0.94702,2.04804
26.68,-0.37788,0.65716,0.02175,-1.55014,0,0.08181,-0.16832,0.02992,0.61728,0.7177,-1.08665,-0.88759,-7.08971,-4.74906,-3.70228,-1.69005,2.77222,1.64911,-0.75945,-2.4581,5.69982,-2.61146,-3.47535,-30.17534,-18.36681,-8.12389,-2.05756,0.58065,1.91482,3.52072,-1.28301,2.29632,0.37348,-3.36585,0.1867,0.64145,3.62889,1.64307,0.94987,1.89263
26.7,-0.356,0.60411,0.02816,-1.59625,0,0.09878,-0.11117,-0.00363,0.63895,0.43365,-0.91431,-0.61394,-6.61853,-3.96154,-3.64761,-2.00848,3.34721,2.05664,-0.87753,-2.44246,4.81846,-2.10038,-4.30006,-21.84013,-11.24243,-6.94242,-1.90478,0.50285,1.82683,3.24028,-1.16688,2.14871,0.45082,-3.14084,0.2166,0.72633,3.30941,1.5232,0.92868,1.69324
26.72,-0.32574,0.53267,0.0355,-1.60895,0,0.11153,-0.06716,-0.03375,0.63174,0.17596,-0.71519,-0.32993,-6.11136,-3.05073,-3.48083,-2.34001,3.74607,2.2909,-0.94385,-2.62982,3.8368,-1.45301,-5.0179,-12.05712,-3.10026,-5.33632,-1.69799,0.41036,1.69365,2.86442,-1.014,1.93495,0.51746,-2.8311,0.24054,0.77759,2.8956,1.34826,0.87828,1.45521
26.74,-0.28724,0.44422,0.0437,-1.58645,0,0.12047,-0.03638,-0.0606,0.59431,-0.05639,-0.49361,-0.04121,-5.57058,-2.05171,-3.21567,-2.68054,3.96748,2.36573,-0.96139,-3.01513,2.78079,-0.69804,-5.61033,-1.60108,5.39297,-3.45465,-1.43832,0.30366,1.5142,2.39611,-0.82466,1.66257,0.57371,-2.44148,0.25638,0.78724,2.39696,1.11259,0.79451,1.18478
26.76,-0.2409,0.34082,0.05259,-1.52705,0,0.1266,-0.01919,-0.08532,0.52689,-0.26456,-0.25428,0.24653,-5.00236,-1.00644,-2.8734,-3.02366,4.02061,2.30724,-0.93594,-3.58681,1.67707,0.1372,-6.06534,8.76312,13.5195,-1.47355,-1.12881,0.18353,1.28927,1.84166,-0.60076,1.34052,0.61924,-1.97911,0.26157,0.74965,1.82492,0.81536,0.67496,0.88884
26.78,-0.18744,0.22507,0.06192,-1.42964,0,0.13159,-0.01635,-0.10996,0.43155,-0.44913,-0.00237,0.52756,-4.41754,0.03863,-2.47997,-3.36088,3.92264,2.15014,-0.87503,-4.32752,0.55038,1.02979,-6.37933,18.29295,20.61538,0.43149,-0.77441,0.05107,1.0219,1.2107,-0.34591,0.97845,0.65294,-1.45363,0.25328,0.66169,1.19303,0.46101,0.5196,0.57462
26.8,-0.12778,0.10004,0.07136,-1.29397,0,0.13758,-0.02914,-0.13727,0.31222,-0.60961,0.25661,0.79618,-3.83219,1.03527,-2.06323,-3.68224,3.69623,1.9339,-0.787,-5.21479,-0.57858,1.96309,-6.55809,26.28934,26.16259,2.11101,-0.38198,-0.0923,0.7175,0.51611,-0.06552,0.58619,0.67301,-0.87734,0.22866,0.52274,0.51711,0.05936,0.3313,0.24948
26.82,-0.06307,-0.03087,0.08056,-1.12098,0,0.14693,-0.05927,-0.17032,0.17447,-0.74418,0.51693,1.04689,-3.26759,1.93617,-1.65062,-3.97713,3.3674,1.69891,-0.68016,-6.22129,-1.6942,2.92697,-6.61624,32.20026,29.84801,3.45908,0.03972,-0.24471,0.38385,-0.22596,0.23326,0.17337,0.67711,-0.26519,0.18512,0.33474,-0.18473,-0.37481,0.11591,-0.07928
26.84,0.00538,-0.16399,0.08908,-0.91278,0,0.16179,-0.10881,-0.21206,0.02501,-0.84981,0.77282,1.27473,-2.74933,2.69786,-1.26751,-4.23546,2.96369,1.48287,-0.5623,-7.31491,-2.78612,3.91661,-6.57483,35.72711,31.57997,4.42027,0.48015,-0.40355,0.03072,-0.99628,0.54157,-0.25069,0.6625,0.36576,0.12082,0.10216,-0.89243,-0.82262,-0.11794,-0.40457
26.86,0.07614,-0.29556,0.09647,-0.67254,0,0.18355,-0.1799,-0.26474,-0.12914,-0.92262,1.0188,1.47567,-2.30582,3.28367,-0.93619,-4.4488,2.51283,1.31779,-0.4403,-8.45866,-3.84859,4.92998,-6.45777,36.8478,31.46706,4.98706,0.92719,-0.56528,-0.33066,-1.77285,0.84914,-0.67706,0.62636,0.99706,0.03506,-0.16806,-1.58468,-1.26243,-0.35956,-0.71968
26.88,0.14779,-0.42183,0.10222,-0.40426,0,0.21239,-0.27443,-0.32945,-0.28136,-0.95864,1.24998,1.64701,-1.96643,3.66681,-0.6758,-4.61163,2.04203,1.22744,-0.32007,-9.6107,-4.87917,5.96462,-6.28789,35.77091,29.77238,5.19065,1.36748,-0.72518,-0.68846,-2.5315,1.14459,-1.09712,0.56612,1.60986,-0.07128,-0.4666,-2.23987,-1.67144,-0.59708,-1.01837
26.9,0.21889,-0.53921,0.10579,-0.11258,0,0.2469,-0.39372,-0.40564,-0.4262,-0.95467,1.46216,1.78748,-1.75992,3.83304,-0.50319,-4.72225,1.57782,1.22576,-0.20652,-10.72433,-5.87689,7.01412,-6.08379,32.86614,26.85819,5.08881,1.7869,-0.87728,-1.0309,-3.24661,1.41599,-1.50243,0.4798,2.18589,-0.19542,-0.78194,-2.83699,-2.02747,-0.81848,-1.29507
26.92,0.28806,-0.64436,0.10664,0.19731,0,0.28397,-0.53811,-0.49095,-0.55971,-0.90917,1.65174,1.89689,-1.71295,3.78274,-0.4345,-4.78288,1.1462,1.31618,-0.10384,-11.74805,-6.84004,8.0646,-5.85786,28.59366,23.13168,4.75361,2.17099,-1.01453,-1.34704,-3.89205,1.65134,-1.88454,0.36639,2.70815,-0.33262,-1.1007,-3.35639,-2.31061,-1.01251,-1.54491
26.94,0.35399,-0.73431,0.10421,0.51977,0,0.31906,-0.70674,-0.58115,-0.6796,-0.82311,1.81525,1.97534,-1.84901,3.53196,-0.48737,-4.79889,0.77301,1.49188,-0.01565,-12.62573,-7.76374,9.0918,-5.61576,23.44154,18.99863,4.26075,2.50566,-1.12916,-1.62728,-4.4424,1.83931,-2.23492,0.22621,3.16149,-0.47636,-1.40819,-3.7804,-2.50472,-1.1696,-1.7638
26.96,0.41543,-0.80652,0.09797,0.84872,0,0.34662,-0.89731,-0.67042,-0.78495,-0.70062,1.94881,2.02215,-2.18734,3.11249,-0.68294,-4.77742,0.48398,1.73693,0.05466,-13.2975,-8.63783,10.05924,-5.35727,17.87596,14.82787,3.68148,2.77794,-1.21338,-1.86396,-4.8744,1.96997,-2.54494,0.06115,3.53297,-0.61873,-1.68923,-4.09387,-2.59882,-1.2826,-1.94849
26.98,0.47123,-0.85901,0.08746,1.17758,0,0.36085,-1.10603,-0.75176,-0.87584,-0.54932,2.04769,2.03483,-2.7415,2.57106,-1.04686,-4.72577,0.30443,2.02816,0.10387,-13.7021,-9.44563,10.9183,-5.07813,12.30628,10.92712,3.0772,2.97692,-1.26012,-2.0517,-5.16878,2.03569,-2.80605,-0.12511,3.81232,-0.75109,-1.92903,-4.28478,-2.58824,-1.34735,-2.09662
27,0.52036,-0.89049,0.07236,1.49924,0,0.35638,-1.32775,-0.8176,-0.95283,-0.38025,2.10616,2.00872,-3.51743,1.96737,-1.60848,-4.64994,0.25824,2.33755,0.1288,-13.78081,-10.16388,11.61047,-4.77226,7.06478,7.52944,2.49653,3.09464,-1.26399,-2.18777,-5.31189,2.03194,-3.0101,-0.32696,3.99232,-0.86469,-2.11418,-4.34503,-2.47526,-1.36305,-2.20679
27.02,0.56197,-0.90045,0.05254,1.80584,0,0.32898,-1.55612,-0.86046,-1.01647,-0.20706,2.11772,1.93722,-4.51056,1.37075,-2.39718,-4.55364,0.36582,2.63489,0.12645,-13.48272,-10.76398,12.07195,-4.43369,2.39907,4.78828,1.97434,3.12683,-1.22188,-2.27207,-5.29709,1.95786,-3.14962,-0.53683,4.06916,-0.95134,-2.23344,-4.27113,-2.26916,-1.33221,-2.27838
27.04,0.59542,-0.88918,0.02811,2.08863,0,0.27611,-1.7841,-0.87368,-1.06678,-0.04464,2.07589,1.81291,-5.70215,0.85519,-3.43615,-4.4377,0.64125,2.89071,0.09434,-12.77093,-11.2145,12.24027,-4.05766,-1.52536,2.77932,1.53224,3.07331,-1.13352,-2.30685,-5.12541,1.81649,-3.21818,-0.7454,4.04255,-1.00395,-2.27834,-4.06476,-1.98539,-1.26022,-2.31136
27.06,0.62034,-0.85778,-0.00049,2.33793,0,0.19732,-2.00446,-0.85212,-1.10286,0.09281,1.97535,1.62926,-7.05555,0.49315,-4.73399,-4.3,1.08858,3.0792,0.03091,-11.62913,-11.48487,12.06242,-3.64113,-4.61625,1.50694,1.18004,2.93811,-1.00171,-2.29629,-4.80564,1.6147,-3.21069,-0.94193,3.91581,-1.01701,-2.24363,-3.7332,-1.64416,-1.15459,-2.30586
27.08,0.63666,-0.8081,-0.03247,2.54324,0,0.09443,-2.2104,-0.79285,-1.12273,0.19392,1.81338,1.38273,-8.51313,0.34881,-6.276,-4.13604,1.6982,3.18097,-0.06386,-10.06775,-11.54997,11.50345,-3.18295,-6.8423,0.91412,0.91784,2.72939,-0.83224,-2.24586,-4.35412,1.36281,-3.1239,-1.11495,3.69591,-0.98707,-2.12769,-3.28957,-1.26862,-1.02409,-2.26191
27.1,0.64472,-0.74274,-0.06668,2.69362,0,-0.02842,-2.39615,-0.69565,-1.12329,0.25189,1.59129,1.07458,-9.99492,0.47184,-8.01672,-3.93988,2.44371,3.18517,-0.18786,-8.12799,-11.39461,10.55333,-2.68393,-8.22031,0.89481,0.7383,2.45918,-0.63373,-2.16176,-3.79405,1.07411,-2.95697,-1.25294,3.39334,-0.91302,-1.93287,-2.75267,-0.88314,-0.87789,-2.17936
27.12,0.64517,-0.66489,-0.10164,2.77834,0,-0.16501,-2.55724,-0.56328,-1.10061,0.26567,1.3156,0.71197,-11.40004,0.89232,-9.87564,-3.70527,3.28044,3.09047,-0.33631,-5.88182,-11.01693,9.23036,-2.14714,-8.80352,1.30847,0.629,2.14268,-0.41703,-2.05023,-3.15417,0.76392,-2.71189,-1.34529,3.02166,-0.79633,-1.66567,-2.14615,-0.51166,-0.72483,-2.05786
27.14,0.63897,-0.57812,-0.13562,2.78761,0,-0.30746,-2.69053,-0.40137,-1.05029,0.24021,0.99786,0.30799,-12.61121,1.61753,-11.7372,-3.42671,4.14597,2.90482,-0.50146,-3.42703,-10.42985,7.57977,-1.57817,-8.67202,1.9963,0.57461,1.79717,-0.19435,-1.91686,-2.46673,0.44851,-2.39375,-1.3833,2.59654,-0.641,-1.33669,-1.49678,-0.17629,-0.5728,-1.8971
27.16,0.6272,-0.48613,-0.16678,2.71363,0,-0.447,-2.79396,-0.21794,-0.96809,0.1859,0.65201,-0.11925,-13.50279,2.63059,-13.45563,-3.10042,4.96318,2.64398,-0.67247,-0.87801,-9.66089,5.66824,-0.98544,-7.92571,2.79789,0.55878,1.44058,0.02193,-1.76592,-1.76488,0.14363,-2.01078,-1.36111,2.13446,-0.45339,-0.96035,-0.83206,0.10393,-0.42832,-1.69707
27.18,0.61094,-0.39241,-0.19336,2.55173,0,-0.57475,-2.86627,-0.02277,-0.85062,0.11731,0.29013,-0.54836,-13.95173,3.89114,-14.8644,-2.72515,5.64586,2.32943,-0.83578,1.64557,-8.7506,3.57576,-0.38048,-6.67945,3.56681,0.56565,1.08988,0.22045,-1.60004,-1.07992,-0.13683,-1.57422,-1.27665,1.65142,-0.24186,-0.55435,-0.17767,0.31403,-0.29624,-1.45856
27.2,0.5911,-0.30002,-0.2138,2.30151,0,-0.68257,-2.90667,0.17348,-0.69606,0.05152,-0.07972,-0.95675,-13.85019,5.33792,-15.78944,-2.3028,6.1066,1.98589,-0.97573,4.02995,-7.75005,1.38666,0.22221,-5.05949,4.1831,0.5809,0.75978,0.3919,-1.42017,-0.43894,-0.38195,-1.09799,-1.1322,1.16182,-0.01635,-0.13906,0.44469,0.44387,-0.17972,-1.18364
27.22,0.56834,-0.21142,-0.22692,1.96764,0,-0.76383,-2.91447,0.36019,-0.5047,0.00602,-0.45206,-1.32281,-13.11828,6.89344,-16.06494,-1.83851,6.26674,1.63866,-1.07585,6.17637,-6.71701,-0.81922,0.80575,-3.19963,4.56091,0.59234,0.46164,0.52982,-1.22612,0.137,-0.58455,-0.59808,-0.93441,0.67782,0.21222,0.26354,1.01864,0.48861,-0.0803,-0.87605
27.24,0.54291,-0.1283,-0.23198,1.56016,0,-0.81403,-2.88876,0.52779,-0.27933,-0.00345,-0.8206,-1.62808,-11.71556,8.47062,-15.55077,-1.34013,6.06744,1.31096,-1.12044,8.0074,-5.71077,-2.97454,1.35224,-1.23623,4.65094,0.58995,0.20271,0.63094,-1.01736,0.63392,-0.74125,-0.09143,-0.69373,0.20906,0.43271,0.63111,1.53357,0.44888,0.00181,-0.54142
27.26,0.51462,-0.05159,-0.22877,1.09428,0,-0.83123,-2.82803,0.66869,-0.02534,0.03481,-1.17521,-1.85914,-9.65027,9.98091,-14.14982,-0.81735,5.48077,1.02162,-1.09656,9.4707,-4.78629,-5.03093,1.84469,0.69814,4.43839,0.56567,-0.01413,0.69513,-0.79415,1.04537,-0.8523,0.40531,-0.42324,-0.23728,0.63455,0.94267,1.98431,0.33074,0.06742,-0.18722
27.28,0.48283,0.01856,-0.21758,0.58972,0,-0.81625,-2.73018,0.77807,0.24941,0.12665,-1.50176,-2.00906,-6.98523,11.34272,-11.82344,-0.28046,4.51852,0.78329,-0.99599,10.54044,-3.98865,-6.96334,2.26924,2.48161,3.93798,0.5131,-0.19043,0.72518,-0.55855,1.3722,-0.92098,0.87722,-0.13729,-0.65618,0.80863,1.18037,2.37028,0.14535,0.11799,0.17745
27.3,0.44649,0.08267,-0.19926,0.0696,0,-0.77262,-2.59253,0.85428,0.53483,0.27069,-1.78549,-2.078,-3.8383,12.48854,-8.60125,0.26064,3.23619,0.60178,-0.81681,11.21669,-3.34879,-8.77098,2.61711,4.00955,3.18761,0.4273,-0.33163,0.72623,-0.31512,1.62178,-0.95287,1.31213,0.14981,-1.04435,0.94802,1.33124,2.69434,-0.09156,0.15535,0.54214
27.32,0.4043,0.1418,-0.17506,-0.44105,0,-0.70605,-2.41219,0.8987,0.81912,0.45796,-2.015,-2.07277,-0.37533,13.36929,-4.58211,0.79718,1.72949,0.47664,-0.56419,11.52243,-2.88144,-10.47415,2.8859,5.19979,2.24153,0.30495,-0.44624,0.70505,-0.07089,1.80656,-0.95503,1.70112,0.42493,-1.39981,1.04833,1.38851,2.96154,-0.36057,0.18153,0.89552
27.34,0.35487,0.19725,-0.1466,-0.91729,0,-0.62365,-2.18639,0.91498,1.08942,0.67255,-2.18372,-2.00518,3.20519,13.95528,0.07522,1.32196,0.12261,0.40295,-0.25022,11.49871,-2.58512,-12.10686,3.07982,5.99627,1.16368,0.14478,-0.54455,0.66921,0.16538,1.94205,-0.93507,2.03841,0.67675,-1.72146,1.1079,1.35251,3.17788,-0.6399,0.19865,1.22586
27.36,0.29695,0.2504,-0.11564,-1.33658,0,-0.53273,-1.91299,0.90799,1.33269,0.89323,-2.28923,-1.88956,6.69385,14.23438,5.16998,1.82953,-1.44973,0.3739,0.10708,11.19851,-2.44412,-13.70685,3.2093,6.37112,0.02149,-0.05175,-0.63709,0.62604,0.38463,2.04456,-0.90036,2.32082,0.89631,-2.00883,1.12755,1.23097,3.34923,-0.90692,0.20898,1.52177
27.38,0.22971,0.3024,-0.08395,-1.68098,0,-0.43974,-1.59097,0.88258,1.53675,1.09564,-2.33187,-1.74019,9.8943,14.20896,10.48114,2.31626,-2.8625,0.38348,0.48521,10.68076,-2.43165,-15.3047,3.28979,6.32531,-1.11941,-0.27966,-0.73321,0.58185,0.57919,2.12899,-0.85728,2.54701,1.07711,-2.26193,1.11027,1.03876,3.48056,-1.13998,0.21494,1.77289
27.4,0.15288,0.354,-0.05314,-1.93897,0,-0.34936,-1.22108,0.84264,1.69121,1.25484,-2.3137,-1.569,12.64431,13.89228,15.78782,2.7803,-4.01776,0.42832,0.85867,10.00531,-2.51339,-16.91445,3.34037,5.88769,-2.19945,-0.52997,-0.83977,0.54121,0.74409,2.20703,-0.81071,2.71664,1.21521,-2.48112,1.0608,0.79701,3.57542,-1.32001,0.21911,1.97069
27.42,0.067,0.40537,-0.0245,-2.10624,0,-0.26408,-0.80629,0.7907,1.7883,1.34772,-2.23769,-1.38434,14.82969,13.30493,20.8844,3.2215,-4.85539,0.50823,1.20023,9.22906,-2.65074,-18.52684,3.38183,5.1118,-3.16827,-0.78955,-0.96034,0.50663,0.87784,2.28598,-0.76378,2.82981,1.30911,-2.66691,0.98508,0.53145,3.63566,-1.43193,0.22409,2.10899
27.44,-0.02661,0.45607,0.00106,-2.18549,0,-0.1843,-0.35199,0.72796,1.82341,1.35529,-2.10753,-1.19067,16.38926,12.47145,25.58891,3.64129,-5.35535,0.625,1.48198,8.40319,-2.80338,-20.10611,3.43456,4.07039,-3.98684,-1.04171,-1.09493,0.47854,0.98227,2.36834,-0.7178,2.88651,1.35953,-2.81956,0.88971,0.2699,3.66117,-1.46553,0.23227,2.1843
27.46,-0.12583,0.50502,0.02313,-2.18531,0,-0.10883,0.13407,0.65497,1.79542,1.26456,-1.92781,-0.98934,17.31221,11.41762,29.74583,4.04246,-5.53243,0.77987,1.67626,7.5716,-2.93123,-21.59081,3.5163,2.84814,-4.62892,-1.26738,-1.24023,0.45556,1.06168,2.45207,-0.6724,2.88653,1.3691,-2.93871,0.78137,0.03927,3.64996,-1.41613,0.24542,2.19605
27.48,-0.22789,0.55062,0.04177,-2.11864,0,-0.03566,0.64201,0.57239,1.70685,1.06999,-1.70457,-0.78001,17.63032,10.16899,33.22544,4.42883,-5.42642,0.97046,1.75673,6.77028,-2.99602,-22.89808,3.64005,1.53371,-5.08187,-1.44686,-1.39019,0.43498,1.12169,2.53143,-0.62594,2.82962,1.34209,-3.02311,0.66626,-0.13754,3.59833,-1.28473,0.26438,2.14661
27.5,-0.32958,0.59091,0.05749,-2.00093,0,0.03724,1.16021,0.4818,1.56369,0.7744,-1.44573,-0.56226,17.4079,8.75072,35.92179,4.8046,-5.09067,1.18802,1.69989,6.0274,-2.96262,-23.93039,3.81241,0.21228,-5.34676,-1.5618,-1.5369,0.4134,1.16802,2.59817,-0.57596,2.71589,1.28404,-3.07053,0.54973,-0.24412,3.50148,-1.07789,0.28878,2.04118
27.52,-0.42741,0.62375,0.07116,-1.84854,0,0.11135,1.67582,0.3861,1.37495,0.38903,-1.16124,-0.33712,16.7308,7.18821,37.74985,5.17298,-4.58168,1.41579,1.4872,5.36358,-2.80047,-24.58325,4.03238,-1.04079,-5.43741,-1.59736,-1.67149,0.38731,1.2056,2.64279,-0.51977,2.54639,1.20117,-3.07797,0.436,-0.27213,3.35409,-0.80712,0.31712,1.88748
27.54,-0.51796,0.64702,0.08383,-1.67715,0,0.18726,2.17543,0.28946,1.15184,-0.06733,-0.86268,-0.10806,15.69556,5.50804,38.64312,5.53429,-3.95112,1.62899,1.10772,4.79182,-2.48495,-24.75312,4.2907,-2.16471,-5.3783,-1.54415,-1.78503,0.35365,1.23808,2.65577,-0.4551,2.32355,1.09978,-3.0419,0.328,-0.22164,3.15105,-0.48779,0.34691,1.69507
27.56,-0.59804,0.65884,0.09655,-1.50053,0,0.26462,2.64587,0.19682,0.90656,-0.56997,-0.56239,0.11861,14.39986,3.73901,38.55322,5.8837,-3.24069,1.79642,0.56118,4.31726,-1.99899,-24.34567,4.56994,-3.11628,-5.2015,-1.39998,-1.86931,0.3103,1.26784,2.62865,-0.38062,2.0516,0.98545,-2.95889,0.22735,-0.10029,2.88831,-0.13765,0.3752,1.47451
27.58,-0.66511,0.65778,0.11017,-1.32967,0,0.34231,3.07512,0.11315,0.65122,-1.09039,-0.27234,0.33383,12.93517,1.91325,37.45256,6.20949,-2.47987,1.88331,-0.13878,3.93708,-1.33471,-23.28465,4.84534,-3.87082,-4.94315,-1.171,-1.91765,0.25634,1.29619,2.55498,-0.29651,1.73707,0.86247,-2.8263,0.13446,0.0782,2.56369,0.22471,0.39909,1.23649
27.6,-0.71738,0.64309,0.12516,-1.17239,0,0.41866,3.45315,0.04275,0.39683,-1.59858,-0.00315,0.52652,11.38179,0.06697,35.33975,6.49215,-1.68605,1.85499,-0.962,3.64069,-0.49495,-21.52078,5.08635,-4.42078,-4.63961,-0.87212,-1.92549,0.19227,1.32378,2.43121,-0.20476,1.38911,0.73349,-2.64316,0.04874,0.29596,2.17793,0.58125,0.41622,0.99107
27.62,-0.75402,0.61479,0.14156,-1.03323,0,0.4917,3.7724,-0.01129,0.15265,-2.06523,0.23653,0.68472,9.806,-1.75926,32.24559,6.70481,-0.86628,1.68071,-1.86042,3.41066,0.50571,-19.0393,5.25897,-4.77153,-4.32349,-0.52615,-1.89087,0.12002,1.35083,2.25709,-0.10922,1.01968,0.5996,-2.41084,-0.03101,0.53303,1.73539,0.91554,0.42507,0.74719
27.64,-0.77514,0.57367,0.15895,-0.91382,0,0.55931,4.02808,-0.04723,-0.07407,-2.46371,0.44041,0.7971,8.25872,-3.52145,28.23798,6.8151,-0.02034,1.33752,-2.76855,3.22418,1.64082,-15.86493,5.32849,-4.93487,-4.01969,-0.1617,-1.81444,0.04267,1.37722,2.03576,-0.01539,0.64339,0.46088,-2.13351,-0.10618,0.76932,1.24458,1.21343,0.42502,0.51227
27.66,-0.78164,0.52129,0.17653,-0.81345,0,0.61926,4.21809,-0.06463,-0.27808,-2.77185,0.60435,0.85479,6.7754,-5.1741,23.42533,6.78848,0.85525,0.81368,-3.60636,3.05517,2.87285,-12.06446,5.26285,-4.92168,-3.74196,0.19006,-1.69939,-0.03585,1.40232,1.77346,0.07018,0.27695,0.31714,-1.81826,-0.17782,0.98651,0.71827,1.46341,0.41618,0.29213
27.68,-0.77511,0.45983,0.19322,-0.72979,0,0.66935,4.34296,-0.06406,-0.45591,-2.97351,0.72619,0.85298,5.37713,-6.673,17.95854,6.59258,1.76243,0.11172,-4.28463,2.87664,4.15495,-7.74715,5.03629,-4.73574,-3.49093,0.49897,-1.55117,-0.11128,1.42492,1.47909,0.14061,-0.06183,0.16882,-1.47503,-0.24623,1.16961,0.17321,1.65683,0.39917,0.09089
27.7,-0.75768,0.39196,0.20784,-0.65974,0,0.70749,4.40578,-0.04682,-0.60552,-3.05965,0.80524,0.79215,4.07284,-7.97811,12.0302,6.20194,2.69605,-0.74941,-4.71286,2.66316,5.4335,-3.06276,4.63276,-4.37099,-3.25429,0.7393,-1.37712,-0.17942,1.44316,1.1636,0.18963,-0.3554,0.0177,-1.11633,-0.31061,1.30822,-0.37039,1.788,0.37482,-0.08882
27.72,-0.73179,0.32071,0.21922,-0.60021,0,0.73181,4.41191,-0.01469,-0.72592,-3.02886,0.84191,0.67846,2.86218,-9.05606,5.86911,5.60231,3.63807,-1.73348,-4.80951,2.39299,6.65135,1.80406,4.04865,-3.81371,-3.00976,0.89228,-1.18607,-0.23645,1.45474,0.83943,0.21241,-0.58819,-0.13276,-0.75675,-0.36898,1.39722,-0.88987,1.85421,0.34403,-0.24574
27.74,-0.70005,0.24924,0.22628,-0.54871,0,0.74085,4.36853,0.03024,-0.81693,-2.88701,0.8374,0.52312,1.73868,-9.88204,-0.2716,4.79382,4.55211,-2.78783,-4.51402,2.04951,7.75179,6.64384,3.29421,-3.04971,-2.73068,0.94759,-0.98765,-0.27923,1.45725,0.51966,0.20645,-0.74865,-0.27761,-0.41205,-0.41828,1.43696,-1.36167,1.85582,0.30771,-0.37968
27.76,-0.66507,0.18065,0.22815,-0.50381,0,0.73377,4.28409,0.0856,-0.87891,-2.64647,0.79346,0.34093,0.69291,-10.44118,-6.13181,3.79285,5.38004,-3.84615,-3.79902,1.6222,8.68318,11.23654,2.39378,-2.07486,-2.39317,0.90375,-0.79168,-0.30533,1.44871,0.21724,0.17216,-0.83129,-0.41105,-0.09798,-0.45474,1.4329,-1.76317,1.79619,0.26685,-0.49132
27.78,-0.62927,0.11779,0.22423,-0.46527,0,0.71053,4.1678,0.14881,-0.91279,-2.32488,0.71236,0.14837,-0.2846,-10.72967,-11.46445,2.63259,6.04231,-4.83312,-2.68058,1.10707,9.40356,15.36798,1.3848,-0.90612,-1.98333,0.76771,-0.60745,-0.31316,1.42814,-0.05573,0.11321,-0.83826,-0.52729,0.17096,-0.47442,1.39484,-2.07482,1.68179,0.22268,-0.58192
27.8,-0.59481,0.0631,0.21421,-0.43394,0,0.672,4.02922,0.21717,-0.9201,-1.94375,0.59705,-0.03848,-1.20099,-10.75534,-16.0545,1.36201,6.44417,-5.6709,-1.22345,0.5068,9.88467,18.84625,0.31567,0.41082,-1.50242,0.55389,-0.44334,-0.30191,1.39596,-0.28863,0.03634,-0.77992,-0.62149,0.38268,-0.47384,1.33582,-2.28198,1.52217,0.17685,-0.65293
27.82,-0.56356,0.01855,0.19814,-0.41129,0,0.61991,3.87787,0.28817,-0.90312,-1.52697,0.45135,-0.20571,-2.05943,-10.53724,-19.73402,0.04292,6.48882,-6.28708,0.46158,-0.16953,10.11419,21.51572,-0.7577,1.80052,-0.96808,0.28266,-0.30645,-0.27159,1.35403,-0.47249,-0.04943,-0.67376,-0.69046,0.52852,-0.45054,1.27061,-2.37629,1.32977,0.13166,-0.70564
27.84,-0.53697,-0.01442,0.17647,-0.39859,0,0.55661,3.72259,0.35984,-0.86504,-1.09904,0.28026,-0.34304,-2.85839,-10.10392,-22.39213,-1.25515,6.09694,-6.62372,2.22908,-0.90725,10.09584,23.26776,-1.77673,3.16472,-0.41126,-0.02153,-0.20261,-0.22292,1.30528,-0.60008,-0.13418,-0.54168,-0.73302,0.60382,-0.40364,1.2138,-2.35625,1.1194,0.09007,-0.74066
27.86,-0.51609,-0.03488,0.15003,-0.39599,0,0.48467,3.57097,0.43122,-0.81004,-0.68322,0.09017,-0.44471,-3.59195,-9.49093,-23.9802,-2.46161,5.22943,-6.64659,3.91748,-1.68717,9.8478,24.04816,-2.68592,4.39587,0.13055,-0.33225,-0.13635,-0.15728,1.25307,-0.66569,-0.20895,-0.40614,-0.75009,0.60834,-0.33416,1.17787,-2.2273,0.90734,0.05572,-0.75741
27.88,-0.5015,-0.04234,0.12004,-0.4017,0,0.40647,3.42878,0.50277,-0.74333,-0.29989,-0.11105,-0.5099,-4.25082,-8.73809,-24.5132,-3.51202,3.90789,-6.353,5.37086,-2.48702,9.40007,23.86164,-3.43859,5.39367,0.62131,-0.62331,-0.11106,-0.07667,1.20041,-0.66498,-0.26758,-0.28589,-0.7445,0.54634,-0.24531,1.17142,-2.00146,0.71033,0.0327,-0.75393
27.9,-0.49333,-0.03673,0.08802,-0.41156,0,0.32394,3.29965,0.57641,-0.67094,0.03493,-0.31406,-0.54251,-4.8238,-7.88705,-24.06715,-4.35436,2.22584,-5.77619,6.45905,-3.28269,8.79144,22.77228,-4.0015,6.08015,1.03332,-0.87083,-0.12902,0.01638,1.14952,-0.59486,-0.308,-0.19268,-0.72068,0.42642,-0.1424,1.19801,-1.69676,0.5444,0.02531,-0.72688
27.92,-0.4912,-0.01838,0.05577,-0.4193,0,0.23854,3.18479,0.65515,-0.59923,0.31037,-0.50843,-0.55034,-5.29933,-6.97902,-22.77138,-4.9532,0.34489,-4.98407,7.09222,-4.0495,8.06599,20.89838,-4.35728,6.40942,1.35088,-1.05495,-0.19135,0.11889,1.1017,-0.45354,-0.33277,-0.12962,-0.6842,0.261,-0.03254,1.25591,-1.33648,0.42353,0.03747,-0.67206
27.94,-0.4942,0.01206,0.02511,-0.41743,0,0.15135,3.08282,0.74214,-0.53419,0.52122,-0.6833,-0.54365,-5.66688,-6.05269,-20.79583,-5.29135,-1.52617,-4.07157,7.22784,-4.76318,7.26915,18.40104,-4.5043,6.37037,1.56981,-1.16132,-0.29784,0.22751,1.05766,-0.24072,-0.3485,-0.09163,-0.64126,0.06548,0.07597,1.3387,-0.94802,0.35841,0.07219,-0.58532
27.96,-0.50091,0.05355,-0.00223,-0.39873,0,0.06349,2.98974,0.83949,-0.48044,0.66776,-0.8283,-0.5333,-5.91829,-5.14229,-18.33461,-5.36922,-3.16562,-3.14787,6.87066,-5.40086,6.44384,15.46827,-4.45447,5.98307,1.69373,-1.18204,-0.44665,0.33866,1.01821,0.04203,-0.36438,-0.06775,-0.59804,-0.14289,0.17453,1.43667,-0.56169,0.35513,0.1308,-0.46383
27.98,-0.50935,0.10472,-0.02483,-0.35779,0,-0.02348,2.89913,0.94695,-0.44038,0.75532,-0.93459,-0.52891,-6.04908,-4.27626,-15.58913,-5.20273,-4.37819,-2.32128,6.06761,-5.94208,5.62703,12.29768,-4.22986,5.2916,1.72877,-1.11643,-0.63401,0.44859,0.98492,0.39075,-0.39027,-0.0444,-0.56023,-0.34623,0.25506,1.53832,-0.2094,0.41403,0.21234,-0.30742
28,-0.51715,0.16378,-0.04174,-0.29241,0,-0.10714,2.80268,1.061,-0.41367,0.7934,-0.99574,-0.53724,-6.05941,-3.47654,-12.75275,-4.82032,-5.02941,-1.68483,4.89962,-6.36973,4.84743,9.08099,-3.85893,4.35596,1.67879,-0.97109,-0.85399,0.55337,0.96071,0.79853,-0.43475,-0.00888,-0.53245,-0.52716,0.31073,1.63178,0.07664,0.52902,0.31299,-0.11977
28.02,-0.52168,0.22858,-0.05251,-0.20417,0,-0.18401,2.69086,1.17445,-0.39718,0.79444,-1.0083,-0.56119,-5.95454,-2.75847,-9.99843,-4.25938,-5.06644,-1.30516,3.47188,-6.6707,4.12413,5.99162,-3.37294,3.24521,1.54311,-0.75944,-1.09843,0.64878,0.94983,1.25507,-0.50343,0.04794,-0.51797,-0.66981,0.33632,1.70536,0.26513,0.68744,0.42594,0.09095
28.04,-0.52031,0.29655,-0.05721,-0.09833,0,-0.24952,2.55385,1.27689,-0.38566,0.77218,-0.97192,-0.59959,-5.7445,-2.13107,-7.46939,-3.56222,-4.52149,-1.21606,1.90319,-6.8361,3.46635,3.17623,-2.80285,2.0327,1.31712,-0.50047,-1.35724,0.73012,0.95721,1.74647,-0.59797,0.12998,-0.5184,-0.76051,0.32812,1.74736,0.32694,0.8706,0.54158,0.31202
28.06,-0.51073,0.36478,-0.05623,0.01722,0,-0.29836,2.38252,1.35575,-0.37271,0.73992,-0.88914,-0.64754,-5.44331,-1.59759,-5.27308,-2.77205,-3.49935,-1.41685,0.31538,-6.86149,2.87409,0.74957,-2.17668,0.79331,0.99575,-0.21683,-1.61878,0.79202,0.9874,2.25522,-0.71568,0.23547,-0.53356,-0.78843,0.28364,1.74525,0.23651,1.05518,0.64811,0.52683
28.08,-0.49126,0.43005,-0.05022,0.13326,0,-0.32495,2.16948,1.39791,-0.35215,0.70876,-0.76493,-0.69742,-5.06791,-1.15629,-3.47836,-1.9292,-2.15481,-1.87481,-1.1766,-6.74703,2.33958,-1.20746,-1.5174,-0.39817,0.5783,0.06738,-1.87062,0.82846,1.04319,2.7607,-0.84964,0.35753,-0.5615,-0.74596,0.20127,1.68487,-0.02659,1.21515,0.73243,0.71599
28.1,-0.4611,0.48896,-0.03989,0.24066,0,-0.32418,1.91011,1.39151,-0.31904,0.68633,-0.60627,-0.74008,-4.6372,-0.80121,-2.11597,-1.068,-0.6665,-2.5311,-2.47295,-6.49783,1.8495,-2.6474,-0.84131,-1.46873,0.07291,0.32892,-2.1002,0.83303,1.12456,3.23985,-0.98936,0.48526,-0.5987,-0.6292,0.08,1.55029,-0.47593,1.32431,0.7813,0.85875
28.12,-0.42054,0.53807,-0.02596,0.33151,0,-0.29223,1.60319,1.32758,-0.27047,0.67591,-0.42173,-0.76617,-4.17097,-0.52309,-1.18218,-0.21437,0.78748,-3.30921,-3.49553,-6.12407,1.38753,-3.55376,-0.15669,-2.35018,-0.50082,0.54757,-2.29558,0.79958,1.22803,3.66824,-1.12173,0.60534,-0.64035,-0.43821,-0.08036,1.32456,-1.1164,1.35914,0.78259,0.93456
28.14,-0.37089,0.574,-0.00906,0.39975,0,-0.22736,1.25112,1.20138,-0.20565,0.67636,-0.22106,-0.76743,-3.68879,-0.31006,-0.645,0.61592,2.0492,-4.12549,-4.19216,-5.64086,0.9371,-3.93716,0.53742,-2.98385,-1.112,0.70798,-2.44592,0.72326,1.34662,4.02138,-1.23231,0.70364,-0.68087,-0.17729,-0.27872,0.99186,-1.94236,1.30183,0.72648,0.9247
28.16,-0.31437,0.59369,0.01019,0.4415,0,-0.13068,0.85977,1.0133,-0.12558,0.68248,-0.01483,-0.73777,-3.20882,-0.14829,-0.452,1.41817,2.99477,-4.90032,-4.53922,-5.06763,0.48407,-3.83094,1.25203,-3.32659,-1.72143,0.80112,-2.54201,0.6017,1.47045,4.27626,-1.30675,0.76702,-0.71445,0.145,-0.51189,0.54045,-2.936,1.14311,0.60678,0.81401
28.18,-0.25384,0.59457,0.03117,0.45497,0,-0.00666,0.43796,0.76925,-0.03242,0.68589,0.18591,-0.67425,-2.74682,-0.02269,-0.53861,2.19878,3.54325,-5.56845,-4.5423,-4.42757,0.01899,-3.28667,2.00832,-3.35649,-2.28638,0.82507,-2.57666,0.43619,1.58766,4.4132,-1.33224,0.78486,-0.73563,0.51585,-0.77383,-0.03378,-4.06602,0.88455,0.42188,0.59267
28.2,-0.19253,0.57479,0.05321,0.44039,0,0.13671,-0.00312,0.48057,0.07112,0.67617,0.37012,-0.57758,-2.3154,0.08238,-0.83565,2.9741,3.66094,-6.08653,-4.23479,-3.74678,-0.46138,-2.37003,2.83644,-3.07623,-2.76627,0.78505,-2.54513,0.2324,1.68554,4.41748,-1.29887,0.75029,-0.73977,0.91847,-1.05517,-0.72408,-5.28686,0.53951,0.1756,0.25801
28.22,-0.13375,0.53342,0.07554,0.39975,0,0.28842,-0.45065,0.16315,0.18223,0.64199,0.52735,-0.45223,-1.92342,0.18209,-1.2753,3.76787,3.36186,-6.43615,-3.67388,-3.05305,-0.95351,-1.15685,3.77254,-2.51232,-3.12805,0.69233,-2.44543,0.0004,1.75149,4.28054,-1.2006,0.66089,-0.72333,1.33258,-1.34319,-1.51071,-6.53888,0.13232,-0.12259,-0.1839
28.24,-0.08063,0.47062,0.09727,0.33675,0,0.43543,-0.89106,-0.16404,0.29812,0.57228,0.64854,-0.30599,-1.57561,0.28999,-1.7952,4.60726,2.70461,-6.62183,-2.93383,-2.37406,-1.44781,0.27079,4.85388,-1.70938,-3.35063,0.56209,-2.27831,-0.24625,1.77371,4.00055,-1.03571,0.51881,-0.68387,1.7354,-1.62263,-2.36034,-7.74972,-0.30455,-0.45792,-0.71696
28.26,-0.03584,0.38762,0.11744,0.2566,0,0.56419,-1.31093,-0.4811,0.41592,0.45732,0.72687,-0.14901,-1.27226,0.41662,-2.34071,5.518,1.7863,-6.66505,-2.09738,-1.73508,-1.93021,1.8284,6.11258,-0.72084,-3.42786,0.41051,-2.04721,-0.49209,1.7418,3.58235,-0.80692,0.33032,-0.6199,2.10301,-1.87696,-3.22729,-8.83731,-0.73496,-0.81125,-1.31448
28.28,-0.00143,0.2868,0.13506,0.16595,0,0.66239,-1.69797,-0.76942,0.53237,0.28972,0.7587,0.0074,-1.00918,0.56829,-2.86595,6.51932,0.73375,-6.59618,-1.24666,-1.15648,-2.38437,3.43261,7.56867,0.40174,-3.36981,0.25178,-1.75812,-0.72171,1.64719,3.0371,-0.52116,0.1051,-0.53075,2.412,-2.09006,-4.05648,-9.7144,-1.12421,-1.16045,-1.93945
28.3,0.02132,0.17159,0.14919,0.07266,0,0.72048,-2.04184,-1.01374,0.64358,0.06529,0.74422,0.15219,-0.77796,0.74598,-3.33391,7.61938,-0.30783,-6.44654,-0.45508,-0.65147,-2.7938,5.00418,9.22358,1.61762,-3.2016,0.09552,-1.41942,-0.9216,1.48372,2.38179,-0.18911,-0.1448,-0.41649,2.64147,-2.24779,-4.78776,-10.29456,-1.44368,-1.48199,-2.54603
28.32,0.03193,0.04634,0.15898,-0.0147,0,0.73271,-2.33471,-1.20355,0.74481,-0.21624,0.68766,0.27594,-0.56662,0.94478,-3.7161,8.81193,-1.18895,-6.24186,0.21866,-0.22433,-3.14342,6.47024,11.05467,2.90197,-2.95959,-0.05462,-1.04157,-1.08141,1.24828,1.63831,0.17546,-0.40605,-0.27809,2.7748,-2.33914,-5.36143,-10.49909,-1.67414,-1.75268,-3.08268
28.34,0.03066,-0.08396,0.16369,-0.08747,0,0.69756,-2.57152,-1.33377,0.83053,-0.55082,0.59696,0.37217,-0.36051,1.15395,-3.99192,10.07429,-1.77239,-5.99822,0.73404,0.13079,-3.4204,7.76608,13.0118,4.24593,-2.68486,-0.20115,-0.63667,-1.19454,0.94135,0.83225,0.5566,-0.66516,-0.11775,2.8014,-2.3568,-5.7246,-10.26453,-1.80717,-1.95136,-3.4967
28.36,0.01835,-0.21405,0.16278,-0.13786,0,0.61757,-2.75007,-1.40473,0.89468,-0.92997,0.48294,0.43834,-0.14359,1.35749,-4.14808,11.36739,-1.95085,-5.72048,1.06981,0.43024,-3.61429,8.83656,15.01651,5.65214,-2.41525,-0.35169,-0.21772,-1.2581,0.56768,-0.00874,0.93731,-0.90978,0.06068,2.71811,-2.29709,-5.83779,-9.55019,-1.84489,-2.06069,-3.7402
28.38,-0.00373,-0.33885,0.15589,-0.15993,0,0.49871,-2.87098,-1.42158,0.93128,-1.34084,0.35816,0.47648,0.1002,1.53532,-4.17821,12.6376,-1.66309,-5.40298,1.22321,0.70034,-3.71676,9.63767,16.96423,7.12703,-2.17774,-0.51713,0.20209,-1.2725,0.13656,-0.8567,1.30082,-1.12969,0.25139,2.53022,-2.1598,-5.68103,-8.34516,-1.7984,-2.06879,-3.77631
28.4,-0.03403,-0.45385,0.14293,-0.15054,0,0.34965,-2.93753,-1.39346,0.93526,-1.76679,0.23562,0.49313,0.38556,1.66473,-4.08235,13.82034,-0.90527,-5.03189,1.2079,0.97573,-3.72107,10.13783,18.72983,8.6716,-1.98344,-0.7093,0.61026,-1.24088,-0.33808,-1.68519,1.63176,-1.31779,0.4466,2.25181,-1.9478,-5.25795,-6.67318,-1.68546,-1.97066,-3.58476
28.42,-0.07094,-0.55546,0.12408,-0.11006,0,0.18077,-2.95542,-1.33221,0.90341,-2.18808,0.12748,0.49845,0.72453,1.72211,-3.86626,14.84488,0.26546,-4.58846,1.05077,1.29626,-3.62146,10.31872,20.17606,10.27214,-1.82667,-0.93866,0.99569,-1.16859,-0.83829,-2.47086,1.91732,-1.47058,0.63695,1.905,-1.66667,-4.59671,-4.59382,-1.52763,-1.76902,-3.16533
28.44,-0.11289,-0.64127,0.09988,-0.04263,0,0.00327,-2.93221,-1.25096,0.8354,-2.58312,0.04386,0.50449,1.12542,1.68479,-3.54026,15.64013,1.73638,-4.05248,0.78809,1.70269,-3.41249,10.1753,21.16489,11.89227,-1.68872,-1.21213,1.34944,-1.06271,-1.34343,-3.19493,2.14815,-1.58833,0.81255,1.51804,-1.32435,-3.747,-2.1989,-1.34734,-1.47451,-2.53882
28.46,-0.15845,-0.71016,0.07123,0.04383,0,-0.17181,-2.87666,-1.16267,0.73466,-2.92991,-0.00823,0.52289,1.59216,1.53297,-3.11765,16.14104,3.35265,-3.40573,0.46142,2.23152,-3.08865,9.71518,21.57085,13.46738,-1.54513,-1.53129,1.66531,-0.93161,-1.83209,-3.84436,2.31901,-1.67478,0.96429,1.12234,-0.9307,-2.77384,0.39502,-1.16508,-1.10517,-1.74536
28.48,-0.20644,-0.76242,0.03943,0.13823,0,-0.33448,-2.79815,-1.07863,0.60888,-3.20777,-0.02561,0.56248,2.12394,1.25169,-2.61307,16.29538,4.93557,-2.63505,0.1135,2.90967,-2.64462,8.95752,21.2954,14.9028,-1.37466,-1.89099,1.94015,-0.78469,-2.28417,-4.41258,2.42928,-1.73668,1.08531,0.74915,-0.49725,-1.74968,3.05683,-0.99712,-0.68531,-0.84075
28.5,-0.25603,-0.79965,0.00612,0.22717,0,-0.47655,-2.70597,-1.00744,0.4699,-3.39892,-0.00929,0.62735,2.71535,0.83264,-2.04088,16.06934,6.3024,-1.7348,-0.21527,3.75017,-2.07624,7.93136,20.27952,16.07625,-1.16704,-2.27846,2.17371,-0.63191,-2.68282,-4.89927,2.48294,-1.78297,1.17209,0.42642,-0.03677,-0.74627,5.65149,-0.85424,-0.24384,0.10871
28.52,-0.30674,-0.82459,-0.02675,0.29645,0,-0.59227,-2.60878,-0.95422,0.33274,-3.48967,0.03577,0.71589,3.3569,0.27555,-1.41373,15.45079,7.28475,-0.70821,-0.48952,4.74934,-1.38243,6.67256,18.51187,16.845,-0.9276,-2.67296,2.36784,-0.48323,-3.01559,-5.30898,2.48791,-1.82366,1.22479,0.1762,0.43719,0.17244,8.05017,-0.74151,0.18803,1.03259
28.54,-0.35856,-0.84071,-0.05712,0.33283,0,-0.6787,-2.51388,-0.92033,0.21357,-3.4711,0.10141,0.82098,4.03608,-0.41098,-0.74114,14.44918,7.74386,0.43262,-0.6809,5.88611,-0.5675,5.21953,16.03077,17.05774,-0.67727,-3.04609,2.5249,-0.34774,-3.27471,-5.64836,2.45477,-1.86847,1.24676,0.01295,0.91094,0.95583,10.13901,-0.65926,0.57968,1.8635
28.56,-0.41198,-0.85174,-0.08297,0.32605,0,-0.73597,-2.42652,-0.90352,0.1271,-3.33928,0.17748,0.93124,4.73875,-1.20918,-0.02842,13.09277,7.58215,1.66782,-0.76928,7.1232,0.3561,3.60806,12.92073,16.57039,-0.44871,-3.36285,2.64587,-0.23268,-3.45665,-5.92273,2.39491,-1.92531,1.24326,-0.05741,1.37145,1.57029,11.82652,-0.60484,0.90426,2.54445
28.58,-0.46803,-0.86116,-0.10253,0.27068,0,-0.76721,-2.34944,-0.89842,0.08387,-3.09521,0.25328,1.03297,5.45064,-2.09229,0.72398,11.4244,6.75085,2.97173,-0.74335,8.40994,1.36539,1.86665,9.3053,15.26414,-0.27953,-3.58342,2.72845,-0.14255,-3.56111,-6.13265,2.31857,-1.99871,1.21993,-0.03766,1.8071,2.00115,13.04936,-0.57468,1.14171,3.03535
28.6,-0.52828,-0.87168,-0.11444,0.16735,0,-0.77815,-2.28266,-0.89753,0.08799,-2.74458,0.319,1.11239,6.15866,-3.02508,1.52023,9.49656,5.25308,4.31497,-0.60085,9.68567,2.42528,0.01367,5.33768,13.06311,-0.20472,-3.66573,2.76578,-0.07858,-3.58976,-6.27152,2.23312,-2.08867,1.18118,0.06104,2.20811,2.25257,13.77577,-0.56606,1.28095,3.31732
28.62,-0.59484,-0.88488,-0.11789,0.02307,0,-0.77629,-2.2235,-0.89232,0.13624,-2.29723,0.36679,1.15765,6.85143,-3.96475,2.36792,7.36618,3.14155,5.6664,-0.34818,10.88341,3.48864,-1.94291,1.18954,9.94836,-0.24957,-3.56856,2.74601,-0.03877,-3.54472,-6.32455,2.14174,-2.18975,1.12909,0.22023,2.56642,2.34549,14.00566,-0.57809,1.32077,3.39367
28.64,-0.6702,-0.90089,-0.11251,-0.14971,0,-0.76966,-2.16695,-0.87471,0.21833,-1.76624,0.39162,1.16056,7.51897,-4.86235,3.27586,5.08906,0.51103,6.99497,0.00029,11.93328,4.49825,-4.00275,-2.96174,5.96654,-0.42411,-3.25542,2.65296,-0.01865,-3.42707,-6.26959,2.04269,-2.29076,1.06275,0.41563,2.87503,2.31362,13.76724,-0.61154,1.26908,3.28721
28.66,-0.75705,-0.91826,-0.0984,-0.33482,0,-0.7652,-2.10628,-0.83847,0.31864,-1.16686,0.39161,1.11762,8.15181,-5.6648,4.25093,2.7145,-2.51318,8.27133,0.42337,12.76629,5.39051,-6.16783,-6.94702,1.23343,-0.71921,-2.69897,2.468,-0.01257,-3.23558,-6.07979,1.92921,-2.37497,0.97823,0.61915,3.12697,2.19815,13.11099,-0.66796,1.14096,3.03467
28.68,-0.85804,-0.93395,-0.07591,-0.51481,0,-0.76728,-2.03394,-0.78064,0.41863,-0.51535,0.36815,1.03072,8.73971,-6.31756,5.29454,0.28092,-5.78771,9.46967,0.89428,13.31866,6.10048,-8.43522,-10.6188,-4.06654,-1.10441,-1.88613,2.17275,-0.0152,-2.96611,-5.72791,1.79002,-2.42089,0.8693,0.80121,3.31432,2.04196,12.10255,-0.74815,0.95597,2.67973
28.7,-0.97547,-0.94355,-0.04554,-0.67324,0,-0.7765,-1.94255,-0.70245,0.49964,0.17188,0.32566,0.90713,9.27031,-6.76774,6.39887,-2.1865,-9.16202,10.56932,1.38193,13.53679,6.56713,-10.78863,-13.8625,-9.6837,-1.52737,-0.82352,1.75254,-0.02302,-2.61208,-5.19172,1.61044,-2.40369,0.72848,0.9331,3.42756,1.88442,10.81563,-0.8508,0.73538,2.26625
28.72,-1.11094,-0.94164,-0.00783,-0.79663,0,-0.78907,-1.82594,-0.60977,0.5454,0.87895,0.27108,0.75887,9.72765,-6.96736,7.54324,-4.67597,-12.48556,11.55597,1.85222,13.38237,6.73804,-13.18998,-16.6039,-15.31005,-1.91495,0.45759,1.20004,-0.03538,-2.16603,-4.4597,1.37389,-2.29699,0.5487,0.98948,3.45542,1.75705,9.32523,-0.97148,0.49979,1.83301
28.74,-1.26488,-0.92229,0.03673,-0.87575,0,-0.79702,-1.68004,-0.51262,0.54414,1.59095,0.21312,0.60138,10.09087,-6.87671,8.69131,-7.18693,-15.61103,12.42214,2.26949,12.83726,6.57306,-15.57211,-18.81233,-20.59126,-2.17642,1.89772,0.51869,-0.05499,-1.62221,-3.53641,1.0638,-2.07522,0.32504,0.95063,3.38533,1.68082,7.7016,-1.10243,0.26736,1.41035
28.76,-1.43615,-0.8797,0.08777,-0.9062,0,-0.78912,-1.50356,-0.42409,0.48996,2.2941,0.16129,0.45171,10.33356,-6.46755,9.78975,-9.72627,-18.39485,13.1668,2.59823,11.90785,6.04709,-17.83502,-20.50018,-25.14589,-2.20926,3.40816,-0.27444,-0.08777,-0.97983,-2.44687,0.66571,-1.71625,0.05665,0.80447,3.20469,1.6647,6.00525,-1.23288,0.05271,1.01897
28.78,-1.62174,-0.80888,0.14495,-0.88839,0,-0.75233,-1.29849,-0.35865,0.38359,2.97574,0.12479,0.32642,10.42457,-5.72632,10.76941,-12.30352,-20.69692,13.794,2.80526,10.62833,5.1522,-19.84763,-21.71962,-28.59402,-1.90807,4.87403,-1.14665,-0.14206,-0.2465,-1.23956,0.16948,-1.20429,-0.2517,0.54821,2.90263,1.70574,4.28382,-1.3501,-0.13359,0.67029
28.8,-1.81651,-0.70634,0.20795,-0.827,0,-0.6738,-1.07026,-0.33021,0.23224,3.624,0.11149,0.23966,10.3307,-4.65664,11.54962,-14.92573,-22.38138,14.30976,2.8624,9.06184,3.89925,-21.45734,-22.55662,-30.59595,-1.17702,6.1627,-2.04914,-0.22722,0.559,0.01301,-0.42866,-0.53278,-0.58858,0.1891,2.47233,1.7903,2.5715,-1.4405,-0.28496,0.36795
28.82,-2.01328,-0.57059,0.27628,-0.72996,0,-0.54293,-0.82738,-0.34991,0.04862,4.22705,0.12687,0.20155,10.02118,-3.28048,12.04591,-17.59212,-23.31959,14.71657,2.7495,7.29773,2.31845,-22.50784,-23.12154,-30.90015,0.05428,7.13869,-2.91843,-0.35175,1.40546,1.21687,-1.12445,0.29315,-0.93586,-0.25583,1.91325,1.89637,0.89094,-1.49082,-0.39843,0.10996
28.84,-2.20301,-0.40245,0.3491,-0.60693,0,-0.35343,-0.58059,-0.42412,-0.15093,4.77212,0.17326,0.21704,9.47347,-1.63761,12.18078,-20.28918,-23.3961,15.00588,2.45761,5.44429,0.45893,-22.86431,-23.53624,-29.3961,1.81266,7.68436,-3.68022,-0.52104,2.24975,2.26313,-1.90457,1.25493,-1.26969,-0.76136,1.23318,1.99684,-0.74255,-1.48912,-0.47382,-0.10907
28.86,-2.37528,-0.20513,0.42505,-0.46764,0,-0.10516,-0.34157,-0.55264,-0.34892,5.24464,0.24927,0.28532,8.67957,0.21658,11.89621,-22.98676,-22.51782,15.15038,1.99189,3.61768,-1.61305,-22.44218,-23.9189,-26.1638,4.06388,7.72329,-4.25529,-0.73499,3.03941,3.03783,-2.74625,2.31984,-1.56263,-1.29683,0.44966,2.0633,-2.31548,-1.42557,-0.51301,-0.29587
28.88,-2.51906,0.01591,0.50202,-0.32026,0,0.19463,-0.12136,-0.7275,-0.52937,5.62775,0.34962,0.39972,7.65161,2.21405,11.16561,-25.63568,-20.62605,15.09921,1.37357,1.92889,-3.81657,-21.2328,-24.36848,-21.50621,6.69998,7.24098,-4.567,-0.98602,3.71667,3.43425,-3.61747,3.44129,-1.78638,-1.82957,-0.40931,2.07011,-3.8104,-1.29309,-0.51906,-0.45679
28.9,-2.62352,0.25319,0.57707,-0.17003,0,0.53081,0.07099,-0.93274,-0.68013,5.90273,0.46555,0.54809,6.42453,4.27739,10.00205,-28.16677,-17.70926,14.77896,0.64007,0.47122,-6.05935,-19.31728,-24.95039,-15.94755,9.53674,6.29615,-4.54935,-1.25799,4.22344,3.36578,-4.47773,4.56042,-1.91493,-2.3285,-1.30568,1.99799,-5.20115,-1.08794,-0.49579,-0.59676
28.92,-2.67902,0.49767,0.64638,-0.01852,0,0.8812,0.22959,-1.14551,-0.79432,6.05021,0.58579,0.7137,5.05419,6.32287,8.45938,-30.49078,-13.81362,14.10223,-0.15759,-0.6903,-8.24167,-16.86088,-25.6842,-10.18255,12.32551,5.0167,-4.15453,-1.52637,4.50668,2.77807,-5.27922,5.60909,-1.92741,-2.76752,-2.19312,1.8368,-6.45024,-0.80998,-0.4474,-0.71892
28.94,-2.67787,0.73936,0.70538,0.13643,0,1.21859,0.35229,-1.33841,-0.87087,6.05221,0.69819,0.87667,3.61006,8.26359,6.62531,-32.4995,-9.04937,12.98369,-0.96033,-1.52612,-10.26119,-14.08542,-26.53462,-4.97467,14.78079,3.57885,-3.35935,-1.75992,4.52364,1.65898,-5.96867,6.5145,-1.81058,-3.12824,-3.02045,1.58693,-7.5091,-0.46287,-0.37865,-0.82493
28.96,-2.61511,0.96806,0.74899,0.30015,0,1.51385,0.44097,-1.48298,-0.91408,5.89495,0.7917,1.01581,2.16386,10.01272,4.60797,-34.06866,-3.59207,11.36117,-1.70865,-2.04581,-12.0187,-11.2258,-27.40711,-1.01936,16.61977,2.17345,-2.17011,-1.92384,4.24688,0.04579,-6.49001,7.20524,-1.56065,-3.40191,-3.73628,1.25952,-8.32134,-0.05392,-0.29501,-0.91578
28.98,-2.48916,1.17414,0.77195,0.47995,0,1.73953,0.5013,-1.55361,-0.93245,5.57192,0.85835,1.11077,0.77713,11.48709,2.51984,-35.0639,2.32065,9.21717,-2.35078,-2.29767,-13.42435,-8.48265,-28.15051,1.19519,17.60613,0.96823,-0.62543,-1.98378,3.66863,-1.97123,-6.788,7.61823,-1.1842,-3.59043,-4.2943,0.87543,-8.8286,0.40594,-0.20295,-0.99269
29,-2.30229,1.34926,0.76936,0.68341,0,1.87323,0.54207,-1.53104,-0.93703,5.08661,0.8946,1.14424,-0.5089,12.61099,0.46351,-35.34929,8.39745,6.59453,-2.84919,-2.36375,-14.40353,-5.98501,-28.56799,1.49165,17.58784,0.07635,1.20347,-1.91024,2.80373,-4.25007,-6.81267,7.70557,-0.69805,-3.70591,-4.65805,0.46318,-8.97807,0.90236,-0.11002,-1.05783
29.02,-2.06068,1.48684,0.73719,0.91635,0,1.9001,0.5741,-1.40491,-0.93947,4.45398,0.90174,1.10397,-1.67847,13.31974,-1.47761,-34.79783,14.30733,3.60074,-3.18383,-2.34987,-14.90129,-3.77394,-28.43691,0.03964,16.51997,-0.46034,3.21617,-1.68259,1.69053,-6.60439,-6.52433,7.44033,-0.12757,-3.76845,-4.80434,0.05574,-8.73044,1.41773,-0.02444,-1.11429
29.04,-1.77397,1.58226,0.67281,1.1806,0,1.81424,0.60873,-1.1748,-0.95004,3.70022,0.8851,0.98438,-2.74035,13.56303,-3.24234,-33.30279,19.70042,0.39826,-3.35152,-2.37099,-14.88491,-1.81112,-27.53666,-2.68761,14.46812,-0.66996,5.29029,-1.29237,0.38898,-8.81746,-5.89875,6.82032,0.49633,-3.80221,-4.72483,-0.31361,-8.06747,1.93152,0.04568,-1.16539
29.06,-1.45442,1.6329,0.57547,1.47197,0,1.61884,0.65623,-0.84991,-0.97567,2.86088,0.85239,0.78775,-3.72151,13.30831,-4.78946,-30.79034,24.23473,-2.81697,-3.36209,-2.53375,-14.34504,-0.0082,-25.68205,-6.02297,11.59431,-0.63336,7.29207,-0.74553,-1.02355,-10.66176,-4.9323,5.86991,1.1411,-3.8304,-4.42592,-0.61589,-6.9983,2.42094,0.09365,-1.21337
29.08,-1.11586,1.638,0.44673,1.77893,0,1.32561,0.72423,-0.44784,-1.01864,1.97791,0.81157,0.52456,-4.65751,12.54446,-6.09227,-27.23307,27.60631,-5.84305,-3.2332,-2.91906,-13.29627,1.7335,-22.75734,-9.249,8.13139,-0.45791,9.08866,-0.06345,-2.4583,-11.9214,-3.64636,4.63981,1.77626,-3.87034,-3.92763,-0.83079,-5.56389,2.86201,0.11554,-1.25799
29.1,-0.77268,1.59851,0.2906,2.08246,0,0.95354,0.81661,0.00744,-1.076,1.09611,0.76908,0.21304,-5.58181,11.28528,-7.13282,-22.66291,29.57867,-8.49853,-2.98531,-3.56835,-11.77722,3.48549,-18.74406,-11.73602,4.3526,-0.25051,10.56013,0.71757,-3.8219,-12.41417,-2.09035,3.20441,2.3757,-3.92977,-3.26168,-0.94972,-3.83809,3.23119,0.11137,-1.29536
29.12,-0.43892,1.5169,0.11345,2.3575,0,0.52712,0.93316,0.48793,-1.14001,0.2592,0.72863,-0.12258,-6.51628,9.57179,-7.8977,-17.18021,30.00714,-10.64209,-2.63839,-4.47623,-9.84966,5.26764,-13.7356,-13.04227,0.54109,-0.09658,11.60924,1.54874,-5.02365,-12.0096,-0.34173,1.65632,2.91776,-4.00536,-2.46898,-0.97686,-1.92406,3.50739,0.08585,-1.31761
29.14,-0.1274,1.39674,-0.07646,2.57605,0,0.07423,1.06986,0.96423,-1.19976,-0.49414,0.69098,-0.45502,-7.46411,7.4724,-8.37678,-10.95668,28.85531,-12.18272,-2.21086,-5.59114,-7.59615,7.04211,-7.93465,-12.95929,-3.03756,-0.04887,12.16819,2.37313,-5.98257,-10.64152,1.49734,0.09772,3.38298,-4.08368,-1.59665,-0.92787,0.05462,3.67445,0.04842,-1.31338
29.16,0.15093,1.24247,-0.26981,2.71142,0,-0.37634,1.21998,1.40823,-1.24345,-1.13405,0.65448,-0.75774,-8.40624,5.08106,-8.56482,-4.23149,26.20318,-13.0811,-1.72056,-6.82311,-5.11637,8.72464,-1.6348,-11.50496,-6.15828,-0.12588,12.20253,3.13163,-6.63429,-8.31485,3.30696,-1.37027,3.75052,-4.14427,-0.69456,-0.82666,1.96687,3.72367,0.01258,-1.26922
29.18,0.38751,1.05901,-0.45712,2.74298,0,-0.79717,1.3754,1.79565,-1.26089,-1.6424,0.6161,-1.00877,-9.30145,2.51347,-8.46508,2.69888,22.24659,-13.34496,-1.18674,-8.05677,-2.52247,10.20701,4.80866,-8.87978,-8.65349,-0.31751,11.71269,3.76938,-6.9368,-5.10741,4.95899,-2.65872,3.99486,-4.16414,0.18799,-0.70107,3.68852,3.65605,-0.00531,-1.1716
29.2,0.5765,0.8516,-0.6297,2.65997,0,-1.1643,1.52793,2.10796,-1.24563,-2.01428,0.57265,-1.19381,-10.09021,-0.09864,-8.09303,9.49692,17.28652,-13.02118,-0.632,-9.16687,0.06625,11.38246,11.01318,-5.40544,-10.42278,-0.59413,10.7333,4.24161,-6.87435,-1.16684,6.32805,-3.70004,4.08458,-4.1222,1.00539,-0.57846,5.11519,3.48338,0.01235,-1.00926
29.22,0.71482,0.62567,-0.78031,2.46357,0,-1.45869,1.67031,2.33346,-1.19593,-2.25734,0.52155,-1.30763,-10.70201,-2.61553,-7.47846,15.80682,11.70559,-12.18662,-0.08289,-10.03376,2.52971,12.16686,16.60442,-1.46144,-11.43417,-0.91632,9.32972,4.51762,-6.45829,3.29799,7.30297,-4.4535,3.98448,-4.00281,1.71823,-0.48192,6.17111,3.22768,0.08238,-0.77537
29.24,0.80198,0.38667,-0.90366,2.16656,0,-1.66711,1.7966,2.46754,-1.11445,-2.38906,0.46129,-1.35372,-11.06544,-4.8999,-6.66478,21.28378,5.93126,-10.93876,0.43138,-10.55744,4.75454,12.51151,21.25021,2.57029,-11.7171,-1.24314,7.59181,4.58264,-5.7245,8.03146,7.79801,-4.9065,3.66151,-3.79763,2.29542,-0.42769,6.81272,2.91838,0.21867,-0.46929
29.26,0.83974,0.14003,-0.99661,1.79104,0,-1.78246,1.9022,2.5121,-1.00694,-2.43239,0.39133,-1.34227,-11.12006,-6.82901,-5.70591,25.62752,0.38973,-9.38713,0.88191,-10.66918,6.64243,12.40738,24.69111,6.34845,-11.34951,-1.53813,5.62554,4.43768,-4.72816,12.75037,7.76303,-5.07192,3.09332,-3.50582,2.71581,-0.42377,7.0277,2.58805,0.43002,-0.09781
29.28,0.8317,-0.10896,-1.05823,1.3648,0,-1.80391,1.98362,2.47466,-0.88034,-2.41106,0.31183,-1.28729,-10.82805,-8.30675,-4.66157,28.61534,-4.54132,-7.64606,1.24394,-10.34013,8.11812,11.88288,26.76496,9.60189,-10.44214,-1.77317,3.54412,4.09803,-3.53726,17.16555,7.19145,-4.98302,2.27763,-3.13317,2.96942,-0.46963,6.83084,2.26748,0.71817,0.32435
29.3,0.78287,-0.35514,-1.08966,0.91753,0,-1.7367,2.03825,2.36736,-0.74108,-2.34542,0.22337,-1.20362,-10.18307,-9.2731,-3.59228,30.12777,-8.57211,-5.82838,1.50035,-9.58541,9.13565,10.9974,27.42168,12.14593,-9.12302,-1.93031,1.45967,3.59116,-2.22616,21.00263,6.1243,-4.68706,1.23937,-2.6905,3.05797,-0.55697,6.25798,1.98122,1.07645,0.77493
29.32,0.69932,-0.59345,-1.09383,0.47729,0,-1.59171,2.06422,2.20585,-0.59399,-2.24995,0.12675,-1.10439,-9.21387,-9.70891,-2.55468,30.16041,-11.52462,-4.03968,1.6439,-8.4626,9.68101,9.83271,26.72411,13.88627,-7.5239,-2.00204,-0.52363,2.95407,-0.87006,24.01986,4.64835,-4.23861,0.03334,-2.19165,2.99455,-0.67125,5.35928,1.74453,1.48925,1.22548
29.34,0.5877,-0.81889,-1.07506,0.06781,0,-1.38483,2.06042,2.00826,-0.44206,-2.13249,0.0232,-0.99934,-7.98138,-9.63493,-1.59748,28.81918,-13.33825,-2.37241,1.67763,-7.06408,9.77092,8.48308,24.83402,14.81215,-5.76968,-1.99018,-2.31506,2.23032,0.4594,26.02169,2.88758,-3.69298,-1.2592,-1.65119,2.80225,-0.79392,4.19203,1.56201,1.9326,1.64387
29.36,0.45491,-1.02649,-1.03846,-0.29331,0,-1.13598,2.02665,1.79407,-0.28701,-1.99528,-0.08533,-0.89397,-6.57047,-9.10628,-0.75834,26.30186,-14.05939,-0.90018,1.61369,-5.50458,9.44832,7.04563,21.98668,14.98222,-3.97076,-1.90404,-3.84152,1.46691,1.6973,26.86909,0.98935,-3.10058,-2.53904,-1.08222,2.51194,-0.90513,2.81427,1.42789,2.37555,1.99746
29.38,0.30784,-1.21136,-0.98948,-0.59549,0,-0.86799,1.96386,1.58312,-0.13026,-1.837,-0.19567,-0.78962,-5.07873,-8.20408,-0.06185,22.87187,-13.82042,0.32702,1.47104,-3.90685,8.77609,5.61179,18.46012,14.50657,-2.21876,-1.75819,-5.0505,0.71127,2.78767,26.48734,-0.89224,-2.50267,-3.70096,-0.49445,2.15963,-0.98647,1.27958,1.32766,2.78231,2.25677
29.4,0.1532,-1.36871,-0.93343,-0.83512,0,-0.60523,1.87429,1.39445,0.02595,-1.65515,-0.30299,-0.68407,-3.60511,-7.0263,0.48122,18.83001,-12.81381,1.28533,1.27276,-2.38792,7.8302,4.26074,14.54522,13.52811,-0.58476,-1.57021,-5.9118,0.00848,3.68485,24.87114,-2.61262,-1.92897,-4.64624,0.10693,1.78355,-1.02343,-0.36597,1.24044,3.11454,2.39848
29.42,-0.0025,-1.49395,-0.87508,-1.01457,0,-0.37189,1.76132,1.245,0.17776,-1.44787,-0.40064,-0.57267,-2.24012,-5.67872,0.87328,14.48773,-11.26516,1.97643,1.0434,-1.04818,6.69298,3.055,10.52039,12.20459,0.88001,-1.35869,-6.41775,-0.60131,4.35404,22.0856,-4.05024,-1.39736,-5.29357,0.7217,1.42122,-1.00727,-2.08465,1.14176,3.33366,2.4076
29.44,-0.15288,-1.58271,-0.81838,-1.14053,0,-0.18993,1.62883,1.14807,0.31951,-1.21492,-0.48026,-0.44968,-1.05865,-4.26673,1.12791,10.14353,-9.40792,2.42363,0.80661,0.03608,5.44672,2.03801,6.63251,10.69238,2.14207,-1.14135,-6.58206,-1.08529,4.7716,18.26239,-5.11621,-0.9155,-5.58721,1.35407,1.10646,-0.93599,-3.84567,1.00644,3.40301,2.27824
29.46,-0.29163,-1.63097,-0.76623,-1.22184,0,-0.07677,1.48042,1.11159,0.444,-0.95789,-0.53229,-0.30973,-0.11542,-2.88816,1.26704,6.06345,-7.46134,2.66528,0.58317,0.81655,4.16815,1.23338,3.08432,9.13256,3.18264,-0.93356,-6.43758,-1.42019,4.92518,13.59178,-5.75967,-0.48387,-5.50201,2.01143,0.86651,-0.81456,-5.62227,0.81128,3.29008,2.01328
29.48,-0.41244,-1.63529,-0.72038,-1.26741,0,-0.0431,1.31859,1.13667,0.54341,-0.68002,-0.54689,-0.14921,0.55743,-1.62764,1.31758,2.46632,-5.61293,2.74707,0.38961,1.2741,2.92412,0.64569,0.02773,7.64043,3.99428,-0.74724,-6.03364,-1.59423,4.81409,8.31238,-5.96934,-0.09942,-5.04554,2.70263,0.71963,-0.65434,-7.38776,0.53773,2.96915,1.62355
29.5,-0.50907,-1.59311,-0.68137,-1.2846,0,-0.09115,1.14419,1.21653,0.61036,-0.386,-0.51516,0.03262,0.95084,-0.5524,1.30823,-0.48592,-4.00621,2.71441,0.23727,1.41762,1.76886,0.26258,-2.43783,6.29875,4.57753,-0.59019,-5.43284,-1.60832,4.44995,2.6993,-5.77112,0.241,-4.25728,3.43575,0.67331,-0.47204,-9.11137,0.17418,2.4245,1.12674
29.52,-0.57544,-1.50309,-0.64861,-1.27829,0,-0.21379,0.95643,1.33636,0.63922,-0.08232,-0.43065,0.23298,1.07798,0.29028,1.26657,-2.69295,-2.73385,2.60631,0.13189,1.28119,0.74289,0.05796,-4.2629,5.15501,4.93766,-0.46585,-4.70729,-1.47631,3.85711,-2.94951,-5.22175,0.53815,-3.20476,4.21566,0.7236,-0.28797,-10.7542,-0.28215,1.65396,0.54644
29.54,-0.60602,-1.36544,-0.6205,-1.25093,0,-0.39474,0.7534,1.47416,0.62726,0.222,-0.29092,0.44544,0.97225,0.87433,1.21672,-4.11641,-1.83596,2.45121,0.07373,0.9198,-0.12681,-0.00374,-5.44259,4.22235,5.08186,-0.37354,-3.93399,-1.22391,3.07275,-8.32958,-4.39887,0.78932,-1.97646,5.04151,0.8555,-0.1238,-12.26612,-0.82394,0.67256,-0.08872
29.56,-0.59618,-1.18218,-0.59458,-1.20334,0,-0.60982,0.53299,1.60254,0.57581,0.5144,-0.09903,0.66034,0.68444,1.19505,1.1777,-4.77682,-1.30289,2.26516,0.05796,0.40411,-0.82554,0.03703,-6.00959,3.48356,5.01724,-0.30899,-3.18949,-0.88651,2.14632,-13.1486,-3.38913,0.9886,-0.67249,5.90456,1.0446,-4e-05,-13.58418,-1.43322,-0.4843,-0.74582
29.58,-0.54281,-0.95745,-0.56779,-1.13607,0,-0.82908,0.29404,1.69133,0.49095,0.7779,0.13531,0.86573,0.27909,1.26822,1.16235,-4.74787,-1.08164,2.05236,0.07549,-0.18536,-1.34916,0.13974,-6.02661,2.89759,4.75006,-0.26518,-2.54438,-0.50611,1.13828,-17.14626,-2.27657,1.12823,0.60556,6.7865,1.25942,0.06667,-14.63316,-2.08174,-1.75917,-1.38857
29.6,-0.4448,-0.69764,-0.53677,-1.05104,0,-1.01972,0.03743,1.71076,0.38391,0.99101,0.39548,1.0485,-0.16987,1.12819,1.17696,-4.14816,-1.08559,1.80777,0.114,-0.76444,-1.70211,0.26779,-5.57898,2.40794,4.2865,-0.23335,-2.05807,-0.12764,0.11781,-20.11282,-1.13379,1.20056,1.76423,7.65873,1.46468,0.06571,-15.32838,-2.73229,-3.07321,-1.97842
29.62,-0.30344,-0.41139,-0.49814,-0.95293,0,-1.14944,-0.23327,1.63479,0.27059,1.12867,0.65862,1.19586,-0.58464,0.82448,1.22149,-3.13005,-1.20699,1.52151,0.15938,-1.25171,-1.89547,0.3917,-4.76725,1.95213,3.63497,-0.20416,-1.77408,0.2052,-0.84088,-21.90433,-0.01759,1.20007,2.72593,8.48265,1.62488,-0.00582,-15.58057,-3.34125,-4.33055,-2.47621
29.64,-0.12262,-0.10932,-0.44889,-0.85016,0,-1.1902,-0.51158,1.44445,0.17041,1.1647,0.89769,1.29676,-0.8899,0.41708,1.29039,-1.86569,-1.33169,1.18456,0.19724,-1.575,-1.94515,0.49092,-3.69993,1.47169,2.80939,-0.16888,-1.71616,0.45431,-1.66389,-22.45325,1.03077,1.12524,3.43442,9.21114,1.70833,-0.14254,-15.30282,-3.8624,-5.42649,-2.84447
29.66,0.09122,0.19655,-0.38664,-0.75528,0,-1.12186,-0.7886,1.13075,0.10435,1.07517,1.08461,1.34345,-1.01985,-0.02949,1.37395,-0.53109,-1.35463,0.79474,0.21468,-1.67769,-1.87046,0.5545,-2.48651,0.92163,1.83304,-0.12054,-1.88554,0.59145,-2.28426,-21.77436,1.98158,0.97997,3.85809,9.79135,1.69102,-0.33101,-14.41925,-4.25185,-6.25904,-3.05037
29.68,0.32937,0.49348,-0.30998,-0.68454,0,-0.93543,-1.0538,0.69692,0.09245,0.84235,1.19401,1.33276,-0.92492,-0.45251,1.46011,0.70989,-1.19406,0.36178,0.20179,-1.52413,-1.69307,0.58058,-1.23116,0.27827,0.74188,-0.05494,-2.25971,0.60173,-2.64883,-19.96619,2.81111,0.77434,3.99097,10.16888,1.56006,-0.55107,-12.87515,-4.47343,-6.74186,-3.06906
29.7,0.58126,0.76878,-0.21867,-0.65672,0,-0.63496,-1.29608,0.15929,0.15109,0.4582,1.20705,1.26698,-0.57704,-0.79725,1.53668,1.71988,-0.80187,-0.08997,0.15282,-1.10318,-1.4363,0.57487,-0.02766,-0.45621,-0.4139,0.02871,-2.79334,0.48551,-2.72426,-17.20631,3.49708,0.52449,3.85171,10.29278,1.3158,-0.77796,-10.64729,-4.50391,-6.81632,-2.88696
29.72,0.83519,1.01046,-0.11372,-0.69099,0,-0.23776,-1.50485,-0.45359,0.29022,-0.07326,1.11469,1.15406,0.02767,-1.02218,1.59362,2.39872,-0.16802,-0.52247,0.06666,-0.42895,-1.12456,0.54819,1.04449,-1.25361,-1.57123,0.12766,-3.42194,0.25812,-2.50083,-13.73861,4.01676,0.25151,3.48016,10.12086,0.97213,-0.9854,-7.75249,-4.337,-6.46007,-2.50424
29.74,1.07911,1.2079,0.00267,-0.80398,0,0.22761,-1.67104,-1.10383,0.51098,-0.73529,0.91995,1.00696,0.86916,-1.10306,1.62543,2.69007,0.68163,-0.88886,-0.05339,0.46156,-0.78279,0.51329,1.92276,-2.06444,-2.6589,0.23597,-4.06829,-0.05287,-1.99348,-9.85173,4.34874,-0.02095,2.93176,9.6247,0.55468,-1.14929,-4.2531,-3.98549,-5.69095,-1.93625
29.76,1.30168,1.35243,0.12737,-1.00645,0,0.72495,-1.78801,-1.74876,0.80387,-1.49931,0.63773,0.84218,1.90641,-1.03544,1.6331,2.58379,1.69306,-1.14146,-0.20048,1.51343,-0.43574,0.48141,2.56341,-2.8267,-3.60519,0.34538,-4.65102,-0.41235,-1.24022,-5.85091,4.47775,-0.26968,2.27035,8.79405,0.09715,-1.25155,-0.25888,-3.48145,-4.56604,-1.21356
29.78,1.49323,1.43791,0.25659,-1.30026,0,1.21506,-1.85223,-2.34608,1.14796,-2.32701,0.29032,0.67787,3.0822,-0.83553,1.62533,2.11457,2.79468,-1.24109,-0.36536,2.66015,-0.1071,0.45927,2.94261,-3.47664,-4.34679,0.44652,-5.09409,-0.78315,-0.29851,-2.02811,4.40072,-0.4751,1.56086,7.6404,-0.3632,-1.28318,4.07464,-2.87419,-3.1766,-0.38062
29.8,1.64666,1.46118,0.38624,-1.67653,0,1.66034,-1.8637,-2.8588,1.51163,-3.1731,-0.09893,0.53163,4.32859,-0.53896,1.61832,1.35697,3.90807,-1.16527,-0.53758,3.82997,0.18175,0.44736,3.05683,-3.95919,-4.83693,0.53014,-5.33539,-1.13124,0.7599,1.36454,4.13157,-0.62385,0.86283,6.19879,-0.79017,-1.24563,8.55179,-2.22609,-1.63939,0.50713
29.82,1.75782,1.42237,0.51223,-2.11551,0,2.02858,-1.82586,-3.25877,1.85518,-3.98841,-0.50797,0.41825,5.57239,-0.19715,1.63376,0.4168,4.95648,-0.91358,-0.70638,4.95123,0.4132,0.43994,2.92227,-4.23603,-5.05099,0.58833,-5.33299,-1.42948,1.85529,4.13393,3.70262,-0.71003,0.22572,4.52672,-1.15255,-1.14969,12.94668,-1.60566,-0.08467,1.38792
29.84,1.82558,1.32497,0.63071,-2.5886,0,2.29561,-1.74495,-3.5285,2.13534,-4.72302,-0.91368,0.34755,6.74024,0.12887,1.69469,-0.5811,5.87006,-0.50884,-0.86129,5.95627,0.57528,0.42697,2.57323,-4.2901,-4.98869,0.61547,-5.06826,-1.65964,2.90711,6.15636,3.16139,-0.73503,-0.31368,2.69979,-1.4269,-1.01161,17.01828,-1.07837,1.35843,2.20002
29.86,1.85144,1.17564,0.73837,-3.06198,0,2.44677,-1.62911,-3.66145,2.31124,-5.32945,-1.28868,0.32256,7.76296,0.37643,1.81984,-1.50732,6.58841,0.00539,-0.99241,6.78399,0.66363,0.39746,2.05965,-4.12657,-4.67294,0.60888,-4.54611,-1.81262,3.84144,7.37976,2.56369,-0.70604,-0.73195,0.80443,-1.59927,-0.84749,20.52964,-0.69634,2.57776,2.88896
29.88,1.83899,0.984,0.83252,-3.50111,0,2.47735,-1.48727,-3.66108,2.35061,-5.76547,-1.60211,0.3382,8.57916,0.4898,2.01739,-2.24308,7.06124,0.56998,-1.09054,7.38141,0.68335,0.34336,1.44413,-3.77083,-4.1464,0.56925,-3.79311,-1.8876,4.59777,7.81979,1.96474,-0.63387,-1.01839,-1.07043,-1.66589,-0.66746,23.26909,-0.48896,3.49236,3.41439
29.9,1.79336,0.76213,0.91131,-3.87494,0,2.3921,-1.32828,-3.53907,2.23496,-5.99635,-1.82596,0.38083,9.13749,0.42794,2.2793,-2.69367,7.24882,1.11672,-1.14737,7.7044,0.65017,0.2626,0.79845,-3.26417,-3.46648,0.50048,-2.85431,-1.8904,5.13383,7.55141,1.41078,-0.53072,-1.17344,-2.84149,-1.63283,-0.47145,25.07016,-0.45682,4.06214,3.7548
29.92,1.72059,0.52399,0.9737,-4.15875,0,2.20395,-1.16026,-3.31301,1.96249,-5.99593,-1.94319,0.42909,9.3972,0.17004,2.57735,-2.79852,7.12276,1.57519,-1.15575,7.71768,0.59041,0.16064,0.19958,-2.65738,-2.69932,0.4092,-1.78897,-1.83156,5.42753,6.69693,0.93305,-0.40832,-1.20668,-4.4373,-1.51474,-0.24825,25.82651,-0.57116,4.29022,3.90857
29.94,1.62707,0.28451,1.01936,-4.33534,0,1.9318,-0.99034,-3.00353,1.5481,-5.74673,-1.95182,0.45585,9.32701,-0.28163,2.86166,-2.5369,6.6677,1.87927,-1.11009,7.39444,0.53954,0.04982,-0.27499,-2.00307,-1.91307,0.30365,-0.66542,-1.72449,5.47563,5.41158,0.54502,-0.27684,-1.13456,-5.80252,-1.33276,0.02188,25.50031,-0.77918,4.21736,3.89109
29.96,1.51908,0.05856,1.04858,-4.3947,0,1.59799,-0.82459,-2.63149,1.02082,-5.23933,-1.86454,0.43146,8.90334,-0.90181,3.06213,-1.92939,5.88384,1.97324,-1.00705,6.71619,0.53914,-0.05305,-0.55271,-1.34755,-1.17109,0.1923,0.4446,-1.58366,5.28992,3.8678,0.24288,-0.14443,-0.9783,-6.9,-1.11169,0.36143,24.12451,-1.01444,3.91003,3.72877
29.98,1.4024,-0.14029,1.06207,-4.33291,0,1.22566,-0.66815,-2.21563,0.41966,-4.4722,-1.70592,0.32757,8.10921,-1.64454,3.09288,-1.03587,4.78986,1.81727,-0.84627,5.67378,0.63262,-0.13014,-0.57212,-0.7239,-0.52578,0.08252,1.47153,-1.42319,4.89237,2.23975,0.00865,-0.01735,-0.76203,-7.71142,-0.87711,0.78827,21.80031,-1.20947,3.44559,3.45193
30,1.28214,-0.30075,1.06079,-4.15072,0,0.83663,-0.52544,-1.77107,-0.21112,-3.4524,-1.50865,0.12136,6.93494,-2.44732,2.85985,0.04943,3.42497,1.3922,-0.63113,4.27012,0.85994,-0.16593,-0.28913,-0.14791,-0.01376,-0.02048,2.35316,-1.25572,4.31057,0.68959,-0.18511,0.09955,-0.51133,-8.23634,-0.6527,1.30876,18.69043,-1.30781,2.89835,3.08856
30.02,1.16271,-0.41468,1.04585,-3.85244,0,0.44985,-0.40017,-1.30888,-0.82656,-2.19754,-1.30885,-0.20069,5.38106,-3.23674,2.27119,1.20578,1.84879,0.70306,-0.36925,2.52438,1.25154,-0.14976,0.31673,0.38214,0.34694,-0.11408,3.03876,-1.0916,3.57421,-0.64376,-0.36968,0.20228,-0.25212,-8.48989,-0.45806,1.91287,15.00705,-1.27288,2.32933,2.66064
30.04,1.04779,-0.47773,1.0183,-3.44505,0,0.08068,-0.29514,-0.83672,-1.385,-0.73852,-1.14107,-0.63957,3.46314,-3.93526,1.25006,2.29632,0.13836,-0.21874,-0.0726,0.47719,1.82222,-0.07702,1.23699,0.88142,0.55736,-0.19797,3.49231,-0.93834,2.71323,-1.65316,-0.57446,0.28713,-0.00986,-8.49918,-0.30722,2.57242,10.99446,-1.09213,1.78131,2.18349
30.06,0.94038,-0.48958,0.97904,-2.93781,0,-0.25919,-0.2119,-0.36036,-1.85125,0.87731,-1.03317,-1.18168,1.21774,-4.46871,-0.25155,3.18063,-1.61753,-1.31522,0.24284,-1.80426,2.5655,0.0509,2.43045,1.37128,0.63614,-0.27335,3.69462,-0.8002,1.75727,-2.26906,-0.82165,0.35033,0.19125,-8.29897,-0.20783,3.24261,6.90778,-0.77678,1.27874,1.66779
30.08,0.84291,-0.454,0.9287,-2.34225,0,-0.56144,-0.15037,0.11449,-2.19897,2.58394,-1.00201,-1.79812,-1.29222,-4.77379,-2.24001,3.72832,-3.32569,-2.50372,0.55804,-4.22288,3.44978,0.22745,3.82209,1.87081,0.61613,-0.34183,3.64455,-0.67825,0.73614,-2.46255,-1.12201,0.38794,0.3289,-7.92752,-0.16103,3.86636,2.99084,-0.35795,0.83115,1.12303
30.1,0.75733,-0.37863,0.86774,-1.67224,0,-0.82033,-0.10856,0.58033,-2.41218,4.29641,-1.05066,-2.44581,-3.97445,-4.80452,-4.67079,3.83245,-4.89606,-3.68153,0.8523,-6.65181,4.41742,0.44213,5.30599,2.38931,0.53963,-0.40443,3.35902,-0.57066,-0.31927,-2.24535,-1.47225,0.39593,0.38358,-7.42299,-0.16206,4.38053,-0.54362,0.11945,0.43827,0.56095
30.12,0.68524,-0.27426,0.79646,-0.94395,0,-1.03195,-0.08257,1.02653,-2.48573,5.91394,-1.16775,-3.07082,-6.70898,-4.53668,-7.44542,3.42136,-6.24847,-4.73378,1.10523,-8.93994,5.38809,0.68163,6.75337,2.92162,0.45243,-0.46089,2.87141,-0.47346,-1.37662,-1.66625,-1.85472,0.37062,0.33957,-6.82054,-0.20154,4.72343,-3.52912,0.60402,0.09497,-0.00263
30.14,0.62791,-0.15387,0.71519,-0.17526,0,-1.19339,-0.06706,1.43892,-2.42477,7.32692,-1.32928,-3.61407,-9.35533,-3.96961,-10.4159,2.46815,-7.31812,-5.54442,1.29924,-10.92339,6.2665,0.93065,8.02596,3.44722,0.39705,-0.50952,2.22817,-0.38161,-2.40243,-0.80386,-2.23932,0.30921,0.1862,-6.15018,-0.26736,4.84271,-5.85534,1.04562,-0.20484,-0.54813
30.16,0.58628,-0.03132,0.6244,0.61517,0,-1.30216,-0.05579,1.80019,-2.24343,8.42729,-1.50254,-4.01885,-11.76481,-3.12566,-13.39619,0.99695,-8.05963,-6.00939,1.42215,-12.44222,6.95377,1.17255,8.99318,3.93304,0.40597,-0.54749,1.48426,-0.29034,-3.36349,0.24324,-2.58755,0.21053,-0.08081,-5.43541,-0.34686,4.70294,-7.47265,1.4026,-0.46579,-1.05459
30.18,0.56086,0.08003,0.52491,1.40898,0,-1.35584,-0.04255,2.09112,-1.96298,9.12067,-1.65164,-4.23914,-13.7957,-2.04756,-16.17864,-0.9145,-8.44979,-6.04965,1.46971,-13.35933,7.36052,1.38995,9.55022,4.33874,0.496,-0.57144,0.69799,-0.19636,-4.22868,1.36758,-2.85776,0.07571,-0.45803,-4.69296,-0.42907,4.29186,-8.39175,1.64774,-0.69013,-1.50294
30.2,0.55176,0.16864,0.41798,2.1889,0,-1.35213,-0.02196,2.29248,-1.60972,9.33778,-1.74353,-4.24755,-15.32822,-0.79424,-18.55276,-3.13728,-8.48844,-5.62147,1.44718,-13.57793,7.41888,1.56539,9.63286,4.62314,0.66512,-0.57823,-0.07383,-0.09889,-4.9709,2.46329,-3.01069,-0.09128,-0.93344,-3.93352,-0.50636,3.62381,-8.67827,1.7716,-0.8776,-1.87909
30.22,0.55856,0.22574,0.3055,2.93902,0,-1.28914,0.00987,2.38707,-1.21255,9.04291,-1.75403,-4.04116,-16.27645,0.56497,-20.32351,-5.49991,-8.19714,-4.72119,1.36949,-13.05383,7.09119,1.68239,9.22561,4.75026,0.89273,-0.56556,-0.77987,-7e-05,-5.56828,3.43495,-3.01441,-0.2836,-1.48619,-3.16348,-0.57529,2.73903,-8.44201,1.78275,-1.02607,-2.17542
30.24,0.58033,0.24598,0.18985,3.64452,0,-1.16602,0.0549,2.36193,-0.80032,8.23812,-1.6731,-3.64484,-16.59568,1.95745,-21.32777,-7.80359,-7.61518,-3.3836,1.25977,-11.80042,6.37389,1.72681,8.36132,4.6943,1.14385,-0.53236,-1.37725,0.09529,-6.00472,4.20407,-2.84809,-0.49185,-2.08735,-2.38712,-0.63643,1.69845,-7.8213,1.7044,-1.13235,-2.39053
30.26,0.61557,0.22768,0.07388,4.29107,0,-0.98377,0.11295,2.21054,-0.39919,6.96334,-1.50791,-3.10886,-16.2851,3.31502,-21.44834,-9.84264,-6.79373,-1.67498,1.14633,-9.88712,5.29703,1.68844,7.11349,4.44306,1.37616,-0.47901,-1.83346,0.18043,-6.26976,4.71338,-2.50457,-0.70487,-2.70149,-1.60903,-0.69333,0.57493,-6.96437,1.56859,-1.19319,-2.52736
30.28,0.66223,0.17282,-0.03934,4.86431,0,-0.74607,0.18177,1.93459,-0.03034,5.29328,-1.27999,-2.49578,-15.38691,4.58097,-20.62495,-11.42735,-5.78903,0.3167,1.05879,-7.43259,3.92039,1.56259,5.58403,4.00007,1.54841,-0.40736,-2.12747,0.24786,-6.35846,4.92915,-1.99165,-0.91082,-3.28909,-0.83631,-0.75106,-0.55693,-6.01114,1.40915,-1.20626,-2.5906
30.3,0.71776,0.08668,-0.1467,5.34956,0,-0.45999,0.25727,1.54519,0.2915,3.33192,-1.0154,-1.86105,-13.98186,5.71489,-18.86063,-12.40503,-4.6557,2.49141,1.0239,-4.59468,2.3273,1.35121,3.88952,3.38509,1.62813,-0.32057,-2.24999,0.29056,-6.27131,4.84162,-1.33198,-1.09816,-3.80922,-0.08016,-0.81451,-1.63,-5.07829,1.25543,-1.17098,-2.58435
30.32,0.77916,-0.02277,-0.24522,5.73186,0,-0.13634,0.33393,1.06285,0.55846,1.20468,-0.73484,-1.24135,-12.18087,6.69398,-16.22128,-12.67593,-3.4405,4.74473,1.06165,-1.55741,0.61679,1.06308,2.14812,2.63289,1.59687,-0.22296,-2.20285,0.30311,-6.01427,4.46353,-0.56153,-1.25662,-4.22238,0.64384,-0.88696,-2.59092,-4.25027,1.12791,-1.08904,-2.51082
30.34,0.84312,-0.14574,-0.33221,5.9966,0,0.2106,0.4054,0.51628,0.76877,-0.95164,-0.45011,-0.65515,-10.11299,7.51066,-12.8277,-12.20201,-2.1775,6.97264,1.18202,1.48424,-1.10553,0.71286,0.46834,1.79007,1.4522,-0.11968,-1.99764,0.28248,-5.59885,3.82667,0.27366,-1.3777,-4.4933,1.31681,-0.9691,-3.40287,-3.57676,1.03642,-0.96452,-2.37038
30.36,0.90614,-0.27166,-0.40543,6.13052,0,0.56379,0.46517,-0.06008,0.92514,-3.00025,-0.16563,-0.10823,-7.91098,8.16724,-8.84175,-11.00881,-0.88524,9.07385,1.38259,4.34085,-2.73716,0.31935,-1.05972,0.91046,1.20659,-0.01632,-1.65381,0.22851,-5.04225,2.97725,1.12186,-1.45516,-4.59359,1.9188,-1.05842,-4.04492,-3.07585,0.98077,-0.80383,-2.16279
30.38,0.96473,-0.39026,-0.4632,6.12322,0,0.90453,0.50733,-0.62909,1.03289,-4.816,0.11871,0.40039,-5.69737,8.66949,-4.45016,-9.18159,0.4326,10.95091,1.64734,6.84448,-4.18784,-0.09676,-2.37033,0.04977,0.88424,0.08144,-1.19659,0.14418,-4.36749,1.97081,1.93064,-1.48512,-4.50428,2.43156,-1.1492,-4.50938,-2.74086,0.95308,-0.6153,-1.88932
30.4,1.01557,-0.4925,-0.50451,5.96869,0,1.2138,0.52727,-1.15417,1.09807,-6.29542,0.40468,0.87299,-3.57323,9.0208,0.15076,-6.85653,1.78185,12.51096,1.94679,8.8619,-5.38674,-0.51494,-3.42511,-0.73963,0.51679,0.1683,-0.65499,0.03545,-3.60314,0.86747,2.65138,-1.46613,-4.21784,2.84104,-1.23292,-4.79804,-2.54841,0.94083,-0.40879,-1.55482
30.42,1.05569,-0.5713,-0.52906,5.66631,0,1.47359,0.52226,-1.60216,1.12632,-7.36405,0.69286,1.30801,-1.61161,9.21801,4.76752,-4.20726,3.1672,13.66728,2.23988,10.30329,-6.28673,-0.91636,-4.21261,-1.41335,0.13889,0.2397,-0.06005,-0.08909,-2.78242,-0.2721,3.24289,-1.39902,-3.73929,3.13872,-1.29902,-4.91843,-2.46582,0.92989,-0.19521,-1.16924
30.44,1.08264,-0.62189,-0.53724,5.22122,0,1.66816,0.49184,-1.94578,1.12226,-7.98038,0.97974,1.69644,0.14399,9.24967,9.21835,-1.42702,4.57752,14.34205,2.47753,11.12583,-6.86545,-1.28464,-4.74506,-1.93853,-0.21581,0.29222,0.55687,-0.2189,-1.94105,-1.39,3.67383,-1.28658,-3.08605,3.32176,-1.33602,-4.8806,-2.45645,0.90684,0.01399,-0.74792
30.46,1.09451,-0.64198,-0.53008,4.64398,0,1.78526,0.438,-2.16559,1.08968,-8.13681,1.25485,2.02304,1.67684,9.09696,13.3392,1.29169,5.97028,14.47094,2.60782,11.33277,-7.12366,-1.6062,-5.05291,-2.29642,-0.51804,0.32386,1.16555,-0.34244,-1.11443,-2.43374,3.92391,-1.13316,-2.28677,3.39194,-1.33288,-4.69499,-2.48327,0.86071,0.20746,-0.31089
30.48,1.09008,-0.63162,-0.50917,3.95007,0,1.81725,0.36512,-2.25128,1.03211,-7.85808,1.49968,2.27296,2.99124,8.73684,16.98763,3.77691,7.26027,14.00922,2.58219,10.96924,-7.082,-1.87009,-5.17849,-2.48367,-0.74526,0.33436,1.73823,-0.44817,-0.33453,-3.35819,3.98454,-0.94428,-1.37943,3.35437,-1.28039,-4.3715,-2.51078,0.78397,0.37455,0.11871
30.5,1.06885,-0.59301,-0.4766,3.15943,0,1.76189,0.27967,-2.20241,0.95333,-7.19755,1.6923,2.43792,4.10536,8.14671,20.04497,5.89319,8.31821,12.93831,2.36211,10.11556,-6.77682,-2.06792,-5.16952,-2.51225,-0.883,0.32523,2.25053,-0.5257,0.37265,-4.12692,3.85866,-0.72642,-0.40891,3.2162,-1.17252,-3.91975,-2.50653,0.67303,0.50599,0.51663
30.52,1.03115,-0.53017,-0.43485,2.29601,0,1.62265,0.18956,-2.02819,0.85771,-6.23102,1.81635,2.51734,5.0439,7.3094,22.41724,7.55103,8.98355,11.27122,1.92521,8.87797,-6.25553,-2.19384,-5.07324,-2.40747,-0.92488,0.29964,2.6821,-0.56671,0.98864,-4.71284,3.56014,-0.48686,0.5759,2.98592,-1.00739,-3.35023,-2.44265,0.52844,0.59455,0.85967
30.54,0.97803,-0.44842,-0.38664,1.38715,0,1.4085,0.10327,-1.74631,0.74995,-5.04829,1.8667,2.51606,5.83157,6.21779,24.03527,8.70889,9.09185,9.05553,1.27029,7.37739,-5.57167,-2.24471,-4.93148,-2.20444,-0.87145,0.26208,3.01691,-0.56579,1.50284,-5.09828,3.11238,-0.23362,1.52543,2.67341,-0.7878,-2.67581,-2.29774,0.35465,0.63562,1.12778
30.56,0.9112,-0.35391,-0.33478,0.46293,0,1.1331,0.02867,-1.38103,0.63449,-3.74338,1.84888,2.44215,6.48811,4.87858,24.85517,9.36891,8.51212,6.37348,0.42069,5.73702,-4.78022,-2.22055,-4.77694,-1.94314,-0.72835,0.21771,3.2434,-0.52098,1.91186,-5.27471,2.54653,0.02457,2.39307,2.29054,-0.52118,-1.91357,-2.05924,0.1596,0.62777,1.30601
30.58,0.8329,-0.25307,-0.282,-0.44474,0,0.81377,-0.02806,-0.9608,0.51475,-2.40493,1.7757,2.30567,7.02511,3.31518,24.85971,9.56868,7.1849,3.33937,-0.57476,4.07075,-3.93353,-2.12501,-4.6311,-1.66334,-0.50421,0.17184,3.3546,-0.43409,2.21832,-5.24258,1.89935,0.27843,3.13871,1.85212,-0.21921,-1.08625,-1.72573,-0.0459,0.57322,1.38615
30.6,0.74583,-0.15212,-0.23082,-1.30315,0,0.47005,-0.06335,-0.5158,0.39246,-1.10844,1.66386,2.11812,7.44475,1.56914,24.06008,9.37122,5.14943,0.09359,-1.64397,2.47408,-3.0784,-1.96568,-4.50374,-1.40011,-0.20885,0.12924,3.34836,-0.31058,2.42931,-5.01103,1.21086,0.51836,3.73152,1.37675,0.10294,-0.22316,-1.30845,-0.24901,0.47793,1.3678
30.62,0.65304,-0.05666,-0.18338,-2.08004,0,0.12225,-0.07667,-0.07545,0.26751,0.08877,1.53116,1.89208,7.74038,-0.30036,22.49681,8.85457,2.55012,-3.20706,-2.69771,1.01847,-2.2542,-1.75393,-4.39421,-1.18078,0.14764,0.09382,3.22748,-0.15897,2.55493,-4.59751,0.52161,0.73486,4.1516,0.88706,0.42788,0.64015,-0.83137,-0.43592,0.35138,1.25863
30.64,0.55775,0.02864,-0.14138,-2.74539,0,-0.21023,-0.07045,0.33389,0.13817,1.14928,1.39426,1.64084,7.89851,-2.21948,20.23873,8.10202,-0.38179,-6.40306,-3.63978,-0.25037,-1.49193,-1.50404,-4.29402,-1.0234,0.55503,0.06826,2.9997,0.01025,2.60694,-4.02693,-0.1304,0.91922,4.39028,0.40894,0.73747,1.46381,-0.32924,-0.59307,0.20581,1.07361
30.66,0.4632,0.10035,-0.10596,-3.2734,0,-0.51065,-0.04955,0.69104,0.00181,2.05457,1.26716,1.37786,7.90228,-4.10481,17.38057,7.19387,-3.36691,-9.34815,-4.37989,-1.311,-0.81415,-1.23177,-4.19055,-0.93681,1.0022,0.05405,2.67744,0.18607,2.59773,-3.33049,-0.71287,1.06442,4.44929,-0.03022,1.01468,2.20666,0.15603,-0.70857,0.05503,0.83356
30.68,0.37247,0.15644,-0.07767,-3.64469,0,-0.76637,-0.02034,0.98159,-0.14415,2.80196,1.16032,1.11613,7.73574,-5.86971,14.03996,6.20134,-6.12615,-11.92458,-4.84695,-2.16239,-0.23545,-0.95276,-4.07108,-0.92159,1.47594,0.05146,2.27747,0.35846,2.53954,-2.54421,-1.20212,1.16599,4.33942,-0.40381,1.24532,2.8302,0.58023,-0.77362,-0.08698,0.56303
30.7,0.28824,0.19629,-0.0565,-3.84806,0,-0.96985,0.01036,1.19879,-0.3013,3.40025,1.08029,0.8676,7.38837,-7.43072,10.3543,5.18307,-8.42561,-14.05371,-4.99972,-2.81865,0.23662,-0.68094,-3.92646,-0.97151,1.95962,0.05976,1.82025,0.51956,2.44385,-1.70725,-1.58487,1.22258,4.07893,-0.68866,1.41954,3.30234,0.90208,-0.78359,-0.20745,0.28797
30.72,0.21271,0.22066,-0.04194,-3.88141,0,-1.11887,0.0364,1.34335,-0.46944,3.86464,1.02981,0.64264,6.85888,-8.71317,6.47667,4.18404,-10.10732,-15.69849,-4.83223,-3.30321,0.60019,-0.42735,-3.75347,-1.07498,2.43202,0.07739,1.32868,0.66423,2.32085,-0.85969,-1.85862,1.23621,3.69177,-0.86741,1.53261,3.6003,1.08812,-0.73859,-0.2961,0.03328
30.74,0.14737,0.23135,-0.03318,-3.75157,0,-1.21594,0.05331,1.42237,-0.64619,4.2117,1.00824,0.44958,6.15776,-9.65557,2.57006,3.23654,-11.10051,-16.85701,-4.37277,-3.64295,0.85778,-0.19933,-3.55556,-1.21626,2.86693,0.10216,0.82638,0.79005,2.1788,-0.03988,-2.03025,1.21176,3.20577,-0.93061,1.58492,3.71244,1.11692,-0.6435,-0.34611,-0.17962
30.76,0.09287,0.23092,-0.02931,-3.47336,0,-1.26707,0.05922,1.4473,-0.8269,4.45467,1.01213,0.29428,5.30851,-10.21299,-1.1999,2.36257,-11.41498,-17.54922,-3.67742,-3.86312,1.01492,-0.0001,-3.34195,-1.37635,3.23335,0.13149,0.3355,0.89663,2.02345,0.71856,-2.11335,1.15609,2.65075,-0.8782,1.5814,3.63889,0.98225,-0.50732,-0.35475,-0.33499
30.78,0.0489,0.22219,-0.02946,-3.06814,0,-1.2802,0.05535,1.43175,-1.00484,4.59993,1.03587,0.17986,4.34794,-10.35959,-4.67299,1.577,-11.12251,-17.80106,-2.82035,-3.98323,1.07909,0.17133,-3.12567,-1.53397,3.4969,0.16254,-0.12537,0.98464,1.85782,1.38937,-2.12498,1.07697,2.05693,-0.72025,1.5304,3.39145,0.69487,-0.34221,-0.32368,-0.42456
30.8,0.0142,0.20794,-0.03301,-2.56232,0,-1.26372,0.04625,1.38928,-1.17157,4.64506,1.07225,0.10647,3.32541,-10.09026,-7.702,0.89064,-10.33337,-17.63028,-1.88339,-4.01466,1.05904,0.32007,-2.9209,-1.6665,3.62211,0.19242,-0.54255,1.05494,1.68249,1.95525,-2.08252,0.98199,1.45349,-0.47684,1.44252,2.99275,0.28247,-0.16228,-0.25884,-0.44845
30.82,-0.01334,0.19057,-0.03959,-1.98592,0,-1.22517,0.03938,1.33177,-1.31742,4.57852,1.11291,0.07143,2.30082,-9.42069,-10.15957,0.31258,-9.17351,-17.03708,-0.94668,-3.95986,0.96442,0.45503,-2.73995,-1.75136,3.57567,0.21819,-0.90761,1.10771,1.49655,2.4078,-2.00113,0.87766,0.86732,-0.17649,1.32912,2.47474,-0.21259,0.01781,-0.16976,-0.41502
30.84,-0.03646,0.1719,-0.04903,-1.37103,0,-1.17035,0.04417,1.26825,-1.432,4.38134,1.14847,0.06938,1.3412,-8.38583,-11.94387,-0.14889,-7.76593,-16.00137,-0.08151,-3.81322,0.80578,0.58844,-2.59022,-1.76773,3.33039,0.23695,-1.21654,1.14207,1.29904,2.74579,-1.89218,0.76893,0.32184,0.1466,1.20108,1.87637,-0.73795,0.18417,-0.06845,-0.33954
30.86,-0.05817,0.15308,-0.06122,-0.75038,0,-1.10284,0.07068,1.20448,-1.50469,4.03036,1.16865,0.09278,0.51597,-7.03693,-12.98375,-0.48646,-6.21798,-14.48708,0.65453,-3.56354,0.59487,0.73511,-2.47154,-1.69858,2.86969,0.24584,-1.46801,1.15598,1.09073,2.97219,-1.76265,0.65887,-0.1641,0.4564,1.06743,1.24072,-1.23766,0.32505,0.03215,-0.24189
30.88,-0.08135,0.13457,-0.07586,-0.15589,0,-1.02401,0.12792,1.14299,-1.5254,3.50288,1.16241,0.13243,-0.1087,-5.43806,-13.24346,-0.69508,-4.61508,-12.45267,1.22006,-3.19742,0.34509,0.91138,-2.37446,-1.53284,2.19187,0.24219,-1.66145,1.14645,0.87558,3.09092,-1.61536,0.54878,-0.57704,0.7193,0.93452,0.61185,-1.65922,0.43198,0.11979,-0.14372
30.9,-0.10834,0.11624,-0.09234,0.38281,0,-0.93327,0.22231,1.08357,-1.48536,2.78196,1.11821,0.17806,-0.47571,-3.66246,-12.72637,-0.7736,-3.02037,-9.86603,1.59054,-2.70323,0.0719,1.13353,-2.2802,-1.26717,1.31362,0.22365,-1.79524,1.10996,0.66135,3.10415,-1.44977,0.4385,-0.90919,0.90793,0.80545,0.03163,-1.9601,0.50045,0.18434,-0.06556
30.92,-0.14064,0.09749,-0.10958,0.83981,0,-0.82867,0.35635,1.02403,-1.37789,1.86162,1.02464,0.21903,-0.5427,-1.78861,-11.47658,-0.7264,-1.47937,-6.72118,1.75724,-2.07494,-0.20697,1.41555,-2.16235,-0.90702,0.27151,0.18856,-1.86585,1.04297,0.45895,3.01104,-1.26318,0.32697,-1.15799,1.00408,0.68008,-0.46324,-2.11226,0.53017,0.21887,-0.02433
30.94,-0.17859,0.0775,-0.12605,1.19457,0,-0.70763,0.52769,0.96102,-1.19929,0.75142,0.87132,0.24506,-0.28716,0.10395,-9.57789,-0.56459,-0.02793,-3.05408,1.72493,-1.3152,-0.47171,1.76648,-1.99057,-0.46654,-0.87888,0.13627,-1.8678,0.94236,0.2802,2.80788,-1.05204,0.2128,-1.32499,1.00021,0.55561,-0.84391,-2.10447,0.52461,0.2201,-0.03147
30.96,-0.22128,0.05538,-0.1398,1.43359,0,-0.56773,0.72881,0.89091,-0.94965,-0.52033,0.6501,0.24693,0.2894,1.93904,-7.15003,-0.30658,1.29865,1.04451,1.50899,-0.43759,-0.70121,2.18745,-1.73562,0.03249,-2.06641,0.06762,-1.79474,0.80591,0.13464,2.48994,-0.81317,0.09493,-1.4143,0.89965,0.42748,-1.09182,-1.94228,0.49015,0.18844,-0.09178
30.98,-0.26652,0.03046,-0.14871,1.55182,0,-0.4075,0.94719,0.81058,-0.63349,-1.90493,0.35648,0.21714,1.1587,3.64778,-4.34297,0.02215,2.45798,5.42171,1.1327,0.53207,-0.87417,2.66926,-1.37482,0.56272,-3.20985,-0.01479,-1.64112,0.63271,0.02621,2.05424,-0.545,-0.02681,-1.43114,0.71575,0.29058,-1.2004,-1.64625,0.43493,0.12757,-0.20296
31,-0.31097,0.00242,-0.15064,1.55361,0,-0.22712,1.16606,0.71799,-0.26021,-3.33392,-0.00895,0.15058,2.2651,5.17158,-1.32929,0.39018,3.39723,9.86338,0.62521,1.55571,-0.97075,3.19092,-0.8966,1.09384,-4.22491,-0.10657,-1.4042,0.42371,-0.049,1.50263,-0.24858,-0.15134,-1.38082,0.47007,0.14052,-1.17582,-1.24886,0.36764,0.04379,-0.35602
31.02,-0.35047,-0.02856,-0.14379,1.45251,0,-0.02889,1.36578,0.61252,0.15588,-4.72263,-0.43928,0.04492,3.52809,6.46344,1.70572,0.76243,4.05606,14.10593,0.02047,2.58433,-0.97453,3.72004,-0.30316,1.59576,-5.03222,-0.20183,-1.08585,0.1821,-0.10317,0.84445,0.07177,-0.27617,-1.26852,0.18988,-0.02526,-1.03634,-0.79047,0.29646,-0.05487,-0.53636
31.04,-0.38046,-0.06175,-0.12695,1.27004,0,0.18264,1.52571,0.49497,0.5962,-5.97684,-0.92057,-0.09912,4.84801,7.4878,4.57649,1.10341,4.37635,17.85967,-0.6429,3.56105,-0.87459,4.21496,0.3894,2.042,-5.56574,-0.29403,-0.6938,-0.08631,-0.15476,0.09813,0.40809,-0.39766,-1.09989,-0.09511,-0.20666,-0.81016,-0.31459,0.22814,-0.15953,-0.72577
31.06,-0.39655,-0.09589,-0.09977,1.03338,0,0.40083,1.62655,0.36719,1.03907,-7.00231,-1.43175,-0.2778,6.11472,8.21947,7.11123,1.38118,4.31679,20.84134,-1.32137,4.42551,-0.66763,4.6288,1.15322,2.41286,-5.78099,-0.37695,-0.24216,-0.37288,-0.22476,-0.7085,0.74903,-0.51143,-0.88228,-0.35616,-0.40049,-0.53203,0.1371,0.1675,-0.26153,-0.90479
31.08,-0.39509,-0.12935,-0.06298,0.77254,0,0.61736,1.6527,0.23168,1.46125,-7.71582,-1.94519,-0.48438,7.21795,8.64229,9.16587,1.57104,3.8688,22.81016,-1.96664,5.11931,-0.35952,4.91451,1.95229,2.6979,-5.66183,-0.44577,0.24874,-0.66621,-0.33194,-1.53911,1.08035,-0.61297,-0.62612,-0.56879,-0.60034,-0.23935,0.52921,0.11702,-0.35322,-1.05526
31.1,-0.37366,-0.16018,-0.0185,0.51746,0,0.82283,1.59429,0.09113,1.83973,-8.05621,-2.42832,-0.70947,8.05781,8.74816,10.63527,1.6582,3.06873,23.59961,-2.52694,5.5916,0.03396,5.03018,2.74642,2.89661,-5.22413,-0.49779,0.75332,-0.95241,-0.48842,-2.351,1.38583,-0.69824,-0.3459,-0.71532,-0.7969,0.03159,0.83588,0.07693,-0.42856,-1.16241
31.12,-0.33135,-0.18638,0.03065,0.2953,0,1.00747,1.44842,-0.0519,2.15345,-7.99364,-2.84602,-0.94131,8.55381,8.53651,11.45944,1.63836,2.00207,23.13814,-2.95016,5.80396,0.48787,4.94361,3.495,3.01688,-4.51484,-0.53257,1.24259,-1.21583,-0.69652,-3.09833,1.64842,-0.76401,-0.06022,-0.78614,-0.97867,0.2488,1.04232,0.04555,-0.48342,-1.21624
31.14,-0.26886,-0.20602,0.08053,0.12823,0,1.16192,1.21942,-0.19521,2.385,-7.53606,-3.16411,-1.16636,8.65168,8.01429,11.62389,1.51624,0.79766,21.45494,-3.189,5.73426,0.97048,4.63551,4.15987,3.07103,-3.60578,-0.55135,1.68678,-1.44016,-0.94752,-3.73644,1.85171,-0.80804,0.20953,-0.77959,-1.13307,0.38683,1.14437,0.01992,-0.51538,-1.21188
31.16,-0.18828,-0.21748,0.12673,0.03175,0,1.27801,0.91824,-0.33695,2.52207,-6.73286,-3.35341,-1.37002,8.32788,7.19656,11.15507,1.30232,-0.38706,18.67246,-3.20741,5.37932,1.44691,4.10149,4.70768,3.07049,-2.58343,-0.55604,2.0586,-1.60987,-1.22236,-4.22676,1.98143,-0.829,0.44148,-0.70078,-1.24778,0.42817,1.14657,-0.00335,-0.5234,-1.1492
31.18,-0.09282,-0.21965,0.16481,0.01365,0,1.34953,0.56116,-0.47558,2.55871,-5.67082,-3.39403,-1.53751,7.59172,6.10774,10.11274,1.00892,-1.38627,14.98948,-2.987,4.75613,1.88346,3.35271,5.11168,3.0206,-1.53703,-0.54809,2.33645,-1.71182,-1.49391,-4.54171,2.02707,-0.82614,0.61642,-0.55964,-1.31217,0.36398,1.05947,-0.02719,-0.50738,-1.03203
31.2,0.01358,-0.21201,0.19077,0.07388,0,1.3728,0.16821,-0.6096,2.49607,-4.45255,-3.27897,-1.65502,6.48493,4.78287,8.58093,0.64678,-2.04703,10.65895,-2.5315,3.90154,2.25152,2.4153,5.3532,2.91741,-0.54753,-0.52759,2.5071,-1.73676,-1.73031,-4.66833,1.98305,-0.79888,0.7209,-0.36889,-1.31853,0.1942,0.89683,-0.05347,-0.46787,-0.86728
31.22,0.12658,-0.1947,0.20139,0.20527,0,1.34682,-0.23858,-0.73725,2.3424,-3.16442,-3.0162,-1.71076,5.07794,3.26835,6.65827,0.22307,-2.24807,5.96295,-1.86758,2.86959,2.53065,1.3284,5.42262,2.74768,0.32042,-0.49309,2.56696,-1.68025,-1.89894,-4.60987,1.84933,-0.74628,0.74997,-0.14225,-1.26281,-0.0728,0.67341,-0.0825,-0.4061,-0.66432
31.24,0.24184,-0.16849,0.19451,0.39525,0,1.27309,-0.63704,-0.85618,2.11217,-1.85858,-2.62886,-1.69616,3.46259,1.62142,4.44822,-0.25884,-1.91367,1.18641,-1.04133,1.72652,2.71005,0.14048,5.31997,2.49246,1.02271,-0.44209,2.5218,-1.54314,-1.9705,-4.38476,1.63122,-0.66646,0.70896,0.107,-1.14469,-0.42105,0.40356,-0.11311,-0.32425,-0.43463
31.26,0.35532,-0.1346,0.16915,0.62823,0,1.15508,-1.0067,-0.96315,1.82443,-0.55629,-2.1529,-1.60687,1.7424,-0.09173,2.04978,-0.79785,-1.02233,-3.40812,-0.11126,0.54384,2.78875,-1.09536,5.05516,2.13352,1.53641,-0.37211,2.38521,-1.33135,-1.923,-4.02337,1.33855,-0.55608,0.61418,0.3669,-0.96723,-0.82825,0.10056,-0.14295,-0.22599,-0.19163
31.28,0.46352,-0.09455,0.12548,0.88822,0,0.9976,-1.33031,-1.05384,1.50094,0.73992,-1.63094,-1.44366,0.02176,-1.7989,-0.45037,-1.3925,0.39001,-7.60175,0.86031,-0.60897,2.77477,-2.32649,4.64797,1.66063,1.85783,-0.28206,2.17609,-1.05532,-1.74496,-3.56348,0.98454,-0.41019,0.49254,0.62734,-0.73625,-1.26741,-0.2233,-0.16906,-0.117,0.04929
31.3,0.56367,-0.05001,0.0648,1.16123,0,0.80628,-1.59503,-1.12304,1.16425,2.03317,-1.10291,-1.21276,-1.60389,-3.42558,-2.98354,-2.03777,2.23178,-11.23335,1.81523,-1.67109,2.68331,-3.50533,4.12754,1.07763,1.99907,-0.17334,1.91592,-0.72917,-1.43729,-3.04548,0.58473,-0.22243,0.37981,0.88015,-0.45955,-1.70875,-0.55633,-0.18853,-0.00533,0.27095
31.32,0.65375,-0.00266,-0.01063,1.43701,0,0.58708,-1.79284,-1.1649,0.83599,3.31912,-0.59917,-0.92563,-3.05562,-4.8992,-5.50202,-2.72201,4.36313,-14.20397,2.70501,-2.5949,2.53442,-4.59251,3.53096,0.40503,1.98397,-0.0503,1.62603,-0.36963,-1.01327,-2.50762,0.15588,0.01404,0.31737,1.119,-0.14637,-2.12199,-0.88706,-0.19912,0.09884,0.45493
31.34,0.73243,0.04587,-0.0978,1.70999,0,0.34617,-1.92034,-1.17367,0.53548,4.57387,-0.13992,-0.59777,-4.27588,-6.15398,-7.97924,-3.42468,6.60854,-16.47163,3.49307,-3.34832,2.34992,-5.55865,2.90071,-0.32148,1.84397,0.08006,1.32506,0.00531,-0.49631,-1.98204,-0.28474,0.30512,0.34761,1.33915,0.19319,-2.47892,-1.2039,-0.19977,0.18391,0.58256
31.36,0.79894,0.09408,-0.19326,1.97937,0,0.08973,-1.97804,-1.14447,0.27854,5.74923,0.26086,-0.24705,-5.23061,-7.13606,-10.40742,-4.11511,8.7739,-18.03911,4.15416,-3.91495,2.15031,-6.38458,2.28123,-1.0564,1.61446,0.20911,1.027,0.3779,0.08384,-1.49149,-0.72011,0.65392,0.50829,1.5371,0.54849,-2.75619,-1.49516,-0.19086,0.23808,0.63647
31.38,0.85286,0.14054,-0.29338,2.24867,0,-0.17593,-1.96929,-1.07425,0.07666,6.78423,0.59122,0.10826,-5.909,-7.80844,-12.79259,-4.75269,10.66599,-18.93899,4.67173,-4.29265,1.9519,-7.06059,1.71508,-1.75169,1.3316,0.32803,0.73975,0.73208,0.69562,-1.04733,-1.13394,1.0588,0.82668,1.71033,0.90869,-2.93793,-1.74934,-0.17441,0.25095,0.60239
31.4,0.894,0.18394,-0.39465,2.52469,0,-0.44438,-1.89931,-0.96254,-0.06355,7.62627,0.83948,0.45118,-6.32108,-8.1547,-15.14686,-5.28859,12.11208,-19.21982,5.03462,-4.49119,1.76487,-7.58452,1.23928,-2.36386,1.02984,0.42913,0.46459,1.05482,1.30985,-0.64879,-1.51123,1.51169,1.31441,1.85716,1.2629,-3.01794,-1.95564,-0.15392,0.21493,0.47099
31.42,0.92227,0.22307,-0.49389,2.8162,0,-0.70907,-1.7743,-0.81187,-0.14065,8.24276,0.99686,0.76709,-6.49323,-8.18045,-17.47782,-5.6691,12.97733,-18.93616,5.23374,-4.52894,1.5924,-7.95896,0.8823,-2.85922,0.73995,0.50688,0.19663,1.3371,1.90257,-0.28386,-1.83875,1.99715,1.96401,1.97652,1.60037,-3.00073,-2.1045,-0.134,0.12648,0.23944
31.44,0.93753,0.25675,-0.58836,3.13223,0,-0.96346,-1.60062,-0.62766,-0.15831,8.61919,1.06195,1.04421,-6.46179,-7.91206,-19.77571,-5.84038,13.17854,-18.14358,5.25968,-4.42935,1.43112,-8.18764,0.66181,-3.21629,0.48738,0.55832,-0.07385,1.57444,2.45627,0.06842,-2.10552,2.49228,2.74758,2.0679,1.9107,-2.90124,-2.18822,-0.1198,-0.01324,-0.08759
31.46,0.93961,0.28391,-0.67593,3.48036,0,-1.20129,-1.38439,-0.41778,-0.12501,8.75322,1.04216,1.27345,-6.26606,-7.3932,-22.00084,-5.75452,12.69373,-16.8987,5.10169,-4.21738,1.2726,-8.27185,0.5833,-3.42569,0.29096,0.58294,-0.35924,1.76713,2.95957,0.4344,-2.30341,2.96771,3.61768,2.13138,2.18407,-2.74329,-2.20159,-0.11616,-0.19823,-0.4975
31.48,0.92831,0.30356,-0.75504,3.86508,0,-1.41691,-1.13141,-0.1918,-0.05338,8.64969,0.95173,1.44806,-5.94181,-6.68018,-24.07424,-5.37603,11.5668,-15.26299,4.74848,-3.91673,1.10555,-8.20777,0.63978,-3.48831,0.16181,0.58229,-0.67207,1.91992,3.40568,0.84153,-2.42762,3.38951,4.51031,2.16769,2.41163,-2.5571,-2.14258,-0.12675,-0.41797,-0.97003
31.5,0.90359,0.31482,-0.82479,4.28666,0,-1.60566,-0.84746,0.03977,0.0408,8.31754,0.80862,1.56333,-5.51684,-5.83679,-25.87479,-4.68782,9.9059,-13.30793,4.19098,-3.54817,0.91832,-7.9858,0.81243,-3.41281,0.10262,0.55934,-1.02228,2.04137,3.79001,1.31387,-2.47697,3.72178,5.34948,2.17851,2.5858,-2.37603,-2.01287,-0.15335,-0.65819,-1.47821
31.52,0.86574,0.31696,-0.88484,4.74022,0,-1.76393,-0.53897,0.26611,0.14011,7.76852,0.63188,1.61645,-5.0092,-4.9292,-27.24479,-3.69538,7.87359,-11.11864,3.42665,-3.12916,0.7012,-7.59189,1.07259,-3.21303,0.1073,0.5179,-1.4147,2.14252,4.10743,1.86777,-2.45364,3.92978,6.0532,2.16665,2.70052,-2.23273,-1.81821,-0.19524,-0.90204,-1.99019
31.54,0.81568,0.30935,-0.93527,5.21547,0,-1.8892,-0.21389,0.47667,0.22733,7.01769,0.43964,1.60678,-4.42828,-4.02096,-28.0045,-2.42839,5.66851,-8.794,2.46483,-2.67467,0.44821,-7.0111,1.38487,-2.90595,0.16125,0.46207,-1.84699,2.2351,4.34938,2.50824,-2.36237,3.98329,6.54052,2.13623,2.75126,-2.15489,-1.5683,-0.24901,-1.1316,-2.47175
31.56,0.75513,0.29149,-0.97645,5.69686,0,-1.97981,0.1175,0.66161,0.28762,6.08515,0.2477,1.53627,-3.77832,-3.16838,-27.97464,-0.93962,3.50063,-6.44323,1.33205,-2.19868,0.15834,-6.23271,1.71103,-2.5101,0.24229,0.39582,-2.30834,2.32937,4.50155,3.2264,-2.20937,3.86008,6.73938,2.09266,2.73503,-2.16082,-1.27635,-0.30869,-1.32961,-2.88949
31.58,0.68678,0.26301,-1.00885,6.16436,0,-2.03478,0.44193,0.81218,0.31059,4.99832,0.06886,1.41011,-3.06319,-2.4167,-27.00332,0.69846,1.56445,-4.17958,0.07597,-1.71597,-0.16369,-5.25603,2.01416,-2.04462,0.32243,0.32277,-2.77905,2.43212,4.54274,3.99826,-2.00112,3.54915,6.59452,2.04248,2.65039,-2.25581,-0.9582,-0.36619,-1.48109,-3.21384
31.6,0.61438,0.22371,-1.03296,6.59455,0,-2.05372,0.7431,0.92116,0.29189,3.79363,-0.08749,1.23706,-2.29104,-1.79752,-24.99215,2.39923,0.01498,-2.11255,-1.2338,-1.2431,-0.50735,-4.09527,2.26226,-1.52863,0.37066,0.24593,-3.23123,2.54519,4.44545,4.78531,-1.74356,3.0532,6.07436,1.99295,2.4976,-2.42969,-0.63116,-0.4121,-1.57465,-3.42164
31.62,0.54257,0.17367,-1.04924,6.96191,0,-2.03671,1.00235,0.98325,0.23389,2.5165,-0.21534,1.02926,-1.47749,-1.32743,-21.9159,4.06934,-1.0496,-0.33918,-2.50955,-0.79828,-0.85669,-2.78202,2.43064,-0.98058,0.35684,0.1677,-3.63071,2.66482,4.17853,5.53721,-1.44181,2.38973,5.17567,1.95129,2.27886,-2.65641,-0.3125,-0.4368,-1.60309,-3.49718
31.64,0.47648,0.1133,-1.05802,7.24013,0,-1.98432,1.20021,0.99556,0.14536,1.21885,-0.31197,0.80135,-0.6465,-1.00799,-17.83246,5.61792,-1.59646,1.065,-3.6543,-0.3995,-1.19145,-1.36459,2.50291,-0.41738,0.25657,0.0898,-3.94028,2.78185,3.7117,6.19654,-1.10038,1.59022,3.92519,1.92347,1.99842,-2.89578,-0.01755,-0.43181,-1.56322,-3.43193
31.66,0.42114,0.04352,-1.05951,7.40359,0,-1.89763,1.31866,0.95798,0.04016,-0.04546,-0.37761,0.56895,0.17092,-0.82685,-12.88269,6.96659,-1.65824,2.05451,-4.57467,-0.06152,-1.48867,0.09589,2.47076,0.14665,0.05624,0.01324,-4.1238,2.88292,3.02147,6.70525,-0.72389,0.69776,2.37835,1.91285,1.66283,-3.09723,0.24224,-0.39118,-1.45512,-3.22305
31.68,0.38083,-0.03417,-1.05387,7.42928,0,-1.77844,1.34364,0.8736,-0.06478,-1.22612,-0.41517,0.34688,0.93966,-0.75969,-7.28246,8.05876,-1.32566,2.6209,-5.19488,0.20748,-1.7248,1.53122,2.33299,0.70072,-0.2426,-0.06162,-4.15089,2.95228,2.09747,7.01201,-0.31813,-0.23653,0.61575,1.91897,1.28106,-3.20503,0.46102,-0.31287,-1.2811,-2.87154
31.7,0.35848,-0.11757,-1.0412,7.29893,0,-1.62948,1.26737,0.74882,-0.15179,-2.28145,-0.42963,0.14742,1.62413,-0.77283,-1.30815,8.86622,-0.73445,2.79634,-5.46855,0.40838,-1.87804,2.87265,2.09424,1.23789,-0.62112,-0.13496,-4.00115,2.97387,0.94768,7.0789,0.10894,-1.15769,-1.26236,1.93684,0.86462,-3.16413,0.63938,-0.1996,-1.04489,-2.38068
31.72,0.35527,-0.20375,-1.02162,7.00111,0,-1.45462,1.08977,0.59319,-0.20492,-3.18178,-0.42733,-0.02101,2.19184,-0.82641,4.72388,9.39086,-0.04727,2.65229,-5.38526,0.55182,-1.93071,4.05713,1.76374,1.75475,-1.04422,-0.20731,-3.6672,2.93334,-0.39876,6.88639,0.54629,-2.01139,-3.14337,1.95705,0.42742,-2.92597,0.78403,-0.05912,-0.75099,-1.75526
31.74,0.3705,-0.28913,-0.99528,6.53297,0,-1.25889,0.81887,0.41863,-0.21217,-3.91093,-0.41498,-0.1546,2.61655,-0.87798,10.4834,9.66116,0.5677,2.29275,-4.97055,0.65672,-1.87149,5.03279,1.35405,2.25003,-1.46517,-0.27924,-3.15605,2.8197,-1.89195,6.43562,0.97958,-2.74849,-4.91134,1.96676,-0.01474,-2.45369,0.90621,0.09643,-0.40462,-1.00175
31.76,0.40159,-0.36957,-0.96225,5.9016,0,-1.04839,0.47012,0.23834,-0.16746,-4.46564,-0.39853,-0.2544,2.88089,-0.8863,15.65611,9.72424,0.95968,1.8427,-4.28003,0.74693,-1.69742,5.7633,0.88017,2.72273,-1.83307,-0.35106,-2.48876,2.62654,-3.46481,5.74821,1.39138,-3.32938,-6.45716,1.95137,-0.44498,-1.72653,1.01891,0.25179,-0.01191,-0.12942
31.78,0.44442,-0.44065,-0.92251,5.12478,0,-0.83,0.06499,0.0655,-0.07194,-4.85377,-0.38216,-0.32584,2.97817,-0.81518,19.97335,9.63574,1.0163,1.43352,-3.38998,0.84678,-1.41537,6.231,0.3588,3.16991,-2.10148,-0.42247,-1.69888,2.35288,-5.03877,4.86425,1.762,-3.72775,-7.68875,1.89667,-0.84644,-0.74323,1.13368,0.39048,0.41945,0.84783
31.8,0.4937,-0.49791,-0.87594,4.23091,0,-0.611,-0.37088,-0.08811,0.06557,-5.09157,-0.36745,-0.37782,2.91341,-0.63692,23.23669,9.44968,0.67925,1.18745,-2.38675,0.97673,-1.04273,6.43819,-0.19217,3.58468,-2.23606,-0.49228,-0.82985,2.00341,-6.53054,3.83866,2.07073,-3.93294,-8.53954,1.791,-1.20349,0.47594,1.25753,0.49674,0.87952,1.90921
31.82,0.54351,-0.53721,-0.82227,3.25746,0,-0.39853,-0.80981,-0.21324,0.2293,-5.20044,-0.35308,-0.42114,2.70301,-0.33501,25.33302,9.2097,-0.04855,1.20272,-1.35685,1.14975,-0.60689,6.40606,-0.75406,3.95469,-2.21956,-0.55822,0.06855,1.5882,-7.85887,2.73619,2.29754,-3.95047,-8.97382,1.62693,-1.5028,1.88904,1.39046,0.55753,1.35534,3.02491
31.84,0.58783,-0.55498,-0.76111,2.24763,0,-0.19883,-1.22434,-0.30409,0.39841,-5.2034,-0.33494,-0.46652,2.3732,0.09412,26.23848,8.94282,-1.10559,1.54086,-0.37884,1.36911,-0.14322,6.17114,-1.3079,4.26148,-2.05324,-0.6169,0.94448,1.12155,-8.95096,1.62519,2.42486,-3.80034,-8.98828,1.40215,-1.73444,3.43451,1.52403,0.56422,1.83055,4.15465
31.86,0.62116,-0.54863,-0.69192,1.24579,0,-0.01646,-1.58942,-0.35882,0.54987,-5.12186,-0.30683,-0.5225,1.95732,0.64037,26.01268,8.65623,-2.38296,2.21739,0.48279,1.62774,0.30808,5.77997,-1.83506,4.48091,-1.75491,-0.66391,1.74886,0.62035,-9.74789,0.57061,2.43966,-3.51359,-8.61028,1.11975,-1.89267,5.03519,1.64105,0.51392,2.28532,5.24743
31.88,0.639,-0.51678,-0.61403,0.29247,0,0.14636,-1.88447,-0.37974,0.66162,-4.97302,-0.26146,-0.59344,1.49252,1.28043,24.78665,8.33739,-3.74131,3.19726,1.1814,1.90897,0.70596,5.28307,-2.31806,4.58493,-1.35481,-0.69422,2.43996,0.10235,-10.20909,-0.37241,2.3354,-3.1282,-7.89391,0.78782,-1.97656,6.60354,1.71652,0.41037,2.69695,6.2429
31.9,0.63836,-0.4596,-0.52676,-0.57984,0,0.2901,-2.09483,-0.37296,0.71559,-4.76857,-0.19167,-0.67833,1.01617,1.9792,22.74665,7.95747,-5.03013,4.39686,1.68991,2.18856,1.01263,4.72947,-2.74132,4.54472,-0.89027,-0.7027,2.9869,-0.4153,-10.3148,-1.16349,2.11348,-2.68487,-6.91469,0.41872,-1.9901,8.04749,1.71951,0.26425,3.04104,7.07461
31.92,0.6179,-0.37888,-0.42953,-1.34941,0,0.41773,-2.21247,-0.3475,0.69973,-4.51447,-0.09175,-0.77052,0.56228,2.69265,20.11513,7.47769,-6.1066,5.6937,2.00034,2.43769,1.19729,4.16226,-3.09196,4.33498,-0.40041,-0.68482,3.37161,-0.91699,-10.06589,-1.77934,1.78394,-2.22349,-5.76307,0.02789,-1.94164,9.276,1.6162,0.09258,3.29326,7.67542
31.94,0.57797,-0.278,-0.32198,-2.00618,0,0.53391,-2.23582,-0.31388,0.60909,-4.21205,0.04139,-0.8587,0.15825,3.37178,17.12946,6.85767,-6.85217,6.94378,2.12147,2.62674,1.23922,3.61551,-3.36032,3.93892,0.07886,-0.63756,3.58871,-1.38893,-9.48062,-2.21347,1.36494,-1.78025,-4.53696,-0.36765,-1.84255,10.20424,1.37368,-0.08261,3.43171,7.9846
31.96,0.52037,-0.16178,-0.20408,-2.55102,0,0.64386,-2.16887,-0.28234,0.44576,-3.85989,0.20722,-0.92883,-0.17795,3.96766,14.02036,6.06497,-7.18577,8.00432,2.07538,2.72937,1.13002,3.11275,-3.54046,3.35342,0.51872,-0.56016,3.64405,-1.81907,-8.58969,-2.47367,0.88135,-1.38564,-3.33367,-0.75107,-1.70539,10.75884,0.96445,-0.23649,3.43959,7.9563
31.98,0.44808,-0.03612,-0.07623,-2.99387,0,0.75199,-2.02002,-0.26109,0.21813,-3.45635,0.40101,-0.96668,-0.43955,4.43657,10.99281,5.08378,-7.07286,8.75712,1.89325,2.72647,0.87497,2.66676,-3.63056,2.59315,0.90014,-0.45488,3.55224,-2.19682,-7.43097,-2.57832,0.36266,-1.06304,-2.24197,-1.1075,-1.54188,10.88318,0.37105,-0.34399,3.30792,7.56765
32,0.36489,0.09233,0.0606,-3.35133,0,0.86083,-1.80081,-0.25491,-0.06035,-3.00197,0.61372,-0.96037,-0.63119,4.74463,8.21181,3.9211,-6.52898,9.12741,1.61132,2.60902,0.49303,2.2805,-3.63311,1.69246,1.21479,-0.32719,3.33416,-2.51301,-6.04577,-2.55245,-0.1594,-0.82785,-1.33499,-1.42566,-1.36126,10.54272,-0.4096,-0.3826,3.03758,6.82493
32.02,0.27506,0.21667,0.20484,-3.6438,0,0.97025,-1.52474,-0.26444,-0.37258,-2.50118,0.83267,-0.90248,-0.76729,4.87072,5.79434,2.60814,-5.61649,9.09317,1.2672,2.3792,0.01543,1.949,-3.55457,0.7036,1.46405,-0.18545,3.0145,-2.75997,-4.4772,-2.42437,-0.65332,-0.6869,-0.6645,-1.69901,-1.16913,9.72967,-1.36303,-0.33484,2.64015,5.76543
32.04,0.18307,0.33019,0.35436,-3.89275,0,1.07739,-1.20622,-0.2863,-0.6994,-1.96287,1.04282,-0.79137,-0.86837,4.80753,3.80757,1.1963,-4.43446,8.68321,0.89678,2.04964,-0.51742,1.66172,-3.40461,-0.30906,1.65617,-0.03988,2.61972,-2.93216,-2.77083,-2.22316,-1.09029,-0.6381,-0.25661,-1.92647,-0.96703,8.4664,-2.45552,-0.19042,2.13715,4.45439
32.06,0.09325,0.42694,0.50651,-4.11815,0,1.17698,-0.85971,-0.31395,-1.02117,-1.40001,1.2287,-0.63165,-0.95618,4.56098,2.27229,-0.25121,-3.10354,7.96557,0.53169,1.6409,-1.06027,1.4052,-3.19494,-1.27789,1.8023,0.09897,2.17644,-3.02703,-0.97689,-1.97709,-1.44646,-0.67038,-0.1094,-2.11251,-0.75275,6.80712,-3.63432,0.05215,1.55788,2.97753
32.08,0.00962,0.5022,0.65827,-4.33655,0,1.2623,-0.49908,-0.33903,-1.31931,-0.82853,1.37653,-0.4339,-1.04857,4.14849,1.17011,-1.66981,-1.74896,7.03076,0.19767,1.17824,-1.56795,1.1657,-2.93808,-2.14198,1.9123,0.22194,1.71038,-3.04608,0.84698,-1.71288,-1.70491,-0.76413,-0.19262,-2.26674,-0.52126,4.83763,-4.82986,0.38465,0.93637,1.43119
32.1,-0.06428,0.55287,0.80647,-4.55968,0,1.32615,-0.13725,-0.35288,-1.57758,-0.26595,1.47602,-0.21369,-1.15544,3.59681,0.45264,-3.00317,-0.48512,5.97447,-0.08641,0.68844,-1.99999,0.93136,-2.64644,-2.85559,1.99155,0.3226,1.24562,-2.99559,2.63402,-1.45528,-1.85694,-0.89241,-0.45014,-2.40301,-0.26605,2.67209,-5.95985,0.78906,0.30818,-0.08794
32.12,-0.12552,0.57763,0.94783,-4.79381,0,1.36199,0.21403,-0.34804,-1.78319,0.27,1.52162,0.01015,-1.27673,2.93948,0.05147,-4.20977,0.59545,4.88334,-0.30865,0.19725,-2.32432,0.69374,-2.33164,-3.39317,2.03933,0.39801,0.80412,-2.88677,4.30909,-1.22679,-1.90242,-1.02324,-0.80569,-2.5377,0.01908,0.44559,-6.93545,1.23866,-0.29278,-1.49186
32.14,-0.17182,0.57686,1.07921,-5.03959,0,1.36489,0.54433,-0.31945,-1.9274,0.76265,1.5128,0.21775,-1.40296,2.21405,-0.1122,-5.26538,1.42789,3.82596,-0.4635,-0.27215,-2.51966,0.4484,-2.00417,-3.75006,2.0494,0.44866,0.40525,-2.73488,5.79271,-1.04699,-1.84914,-1.123,-1.1719,-2.68741,0.33831,-1.69767,-7.6693,1.70012,-0.83703,-2.70826
32.16,-0.20161,0.5524,1.19762,-5.29252,0,1.33231,0.84457,-0.26526,-2.00601,1.19754,1.45372,0.39081,-1.51781,1.45938,-0.11886,-6.16191,1.97585,2.84897,-0.5507,-0.69983,-2.57664,0.19473,-1.67327,-3.93929,2.0122,0.47774,0.06519,-2.55767,7.00797,-0.93171,-1.71127,-1.16057,-1.46153,-2.86626,0.69203,-3.61952,-8.08478,2.13678,-1.30183,-3.6854
32.18,-0.21397,0.5072,1.30049,-5.54392,0,1.26461,1.10719,-0.18728,-2.01951,1.56333,1.35219,0.51507,-1.60216,0.71325,-0.04351,-6.90397,2.2289,1.97754,-0.57398,-1.06928,-2.49782,-0.06481,-1.34709,-3.98621,1.9181,0.49005,-0.2036,-2.37349,7.88928,-0.89198,-1.50754,-1.11161,-1.59935,-3.08339,1.07546,-5.20346,-8.12535,2.51233,-1.67269,-4.39459
32.2,-0.20864,0.44492,1.38575,-5.78217,0,1.16529,1.32618,-0.09093,-1.97288,1.85237,1.21856,0.58215,-1.63822,0.0105,0.04964,-7.50441,2.19806,1.2186,-0.53986,-1.36713,-2.29678,-0.32576,-1.03279,-3.92235,1.76059,0.49078,-0.39283,-2.19941,8.39065,-0.93314,-1.25919,-0.96213,-1.53223,-3.34094,1.47777,-6.36745,-7.76211,2.79453,-1.94395,-4.83036
32.22,-0.18593,0.36962,1.452,-5.99395,0,1.04077,1.49712,0.0154,-1.87507,2.06091,1.06439,0.59031,-1.61294,-0.61823,0.11034,-7.9799,1.91073,0.56541,-0.45651,-1.58299,-1.99609,-0.58277,-0.73667,-3.77989,1.5385,0.48461,-0.49867,-2.04969,8.49191,-1.05434,-0.98818,-0.7105,-1.23573,-3.63312,1.88209,-7.07095,-6.99786,2.95834,-2.11807,-5.00797
32.24,-0.14657,0.2854,1.49858,-6.16539,0,0.89967,1.61712,0.12148,-1.73785,2.18882,0.90113,0.54407,-1.52,-1.14719,0.10338,-8.34725,1.4058,0.0024,-0.33304,-1.70941,-1.62442,-0.8308,-0.46394,-3.58758,1.25675,0.47508,-0.52179,-1.93468,8.2016,-1.24841,-0.71556,-0.36756,-0.71615,-3.94634,2.26626,-7.3151,-5.86673,2.98821,-2.20377,-4.95859
32.26,-0.09157,0.19618,1.52557,-6.28301,0,0.75176,1.68476,0.21676,-1.57451,2.23915,0.73898,0.45275,-1.36051,-1.55595,0.00805,-8.621,0.72937,-0.49038,-0.17893,-1.74212,-1.21304,-1.06607,-0.21839,-3.36808,0.92573,0.46438,-0.46714,-1.86019,7.55659,-1.50226,-0.46012,0.04497,-0.00836,-4.26047,2.60459,-7.13699,-4.42985,2.8794,-2.21335,-4.72296
32.28,-0.02205,0.10547,1.5338,-6.33483,0,0.60675,1.70006,0.29196,-1.39833,2.21755,0.58598,0.32852,-1.14264,-1.82963,-0.18355,-8.81218,-0.0687,-0.93354,-0.00373,-1.68048,-0.79237,-1.28692,-0.00197,-3.13715,0.55979,0.45347,-0.34374,-1.82743,6.61918,-1.79755,-0.23742,0.49738,0.82966,-4.55088,2.87008,-6.60028,-2.76871,2.63851,-2.15993,-4.34506
32.3,0.06084,0.01632,1.52491,-6.31138,0,0.47332,1.66442,0.34036,-1.22139,2.13173,0.44745,0.18443,-0.88046,-1.95911,-0.46863,-8.92818,-0.93765,-1.34522,0.18312,-1.52795,-0.38897,-1.49425,0.18544,-2.90392,0.17536,0.44239,-0.16421,-1.83339,5.47208,-2.11165,-0.05912,0.95545,1.72414,-4.79097,3.03683,-5.78467,-0.97739,2.28298,-2.05532,-3.86676
32.32,0.15602,-0.06873,1.50113,-6.20649,0,0.35831,1.58053,0.35861,-1.05363,1.99105,0.326,0.03275,-0.59237,-1.94117,-0.83598,-8.97305,-1.82821,-1.73883,0.37248,-1.29229,-0.02367,-1.69149,0.34599,-2.67219,-0.21076,0.4306,0.05575,-1.87168,4.21126,-2.41872,0.06726,1.38409,2.59401,-4.95461,3.08229,-4.77577,0.84531,1.83956,-1.90885,-3.32445
32.34,0.26241,-0.14758,1.46513,-6.01765,0,0.26642,1.45213,0.34675,-0.90234,1.80599,0.22182,-0.11603,-0.2992,-1.77861,-1.2681,-8.94792,-2.69482,-2.12148,0.55571,-0.9854,0.28937,-1.88415,0.48345,-2.44214,-0.58278,0.41738,0.29812,-1.93351,2.93688,-2.69085,0.13831,1.75089,3.35977,-5.01824,2.98902,-3.6564,2.60336,1.34141,-1.72739,-2.74777
32.36,0.37892,-0.21851,1.41965,-5.7461,0,0.20011,1.28368,0.30781,-0.772,1.5878,0.13343,-0.25375,-0.02211,-1.48036,-1.74317,-8.85157,-3.49764,-2.49314,0.72499,-0.62267,0.54266,-2.07885,0.6025,-2.21226,-0.92689,0.40211,0.54347,-2.00903,1.74341,-2.89941,0.15442,2.0293,3.95204,-4.96269,2.74614,-2.4999,4.21044,0.82449,-1.5164,-2.16016
32.38,0.50427,-0.28011,1.36721,-5.39689,0,0.15983,1.08017,0.24688,-0.66442,1.34816,0.05842,-0.37466,0.21929,-1.06151,-2.23671,-8.68126,-4.20429,-2.84641,0.87359,-0.2222,0.73464,-2.2823,0.70793,-1.98113,-1.23183,0.38449,0.77191,-2.08841,0.71009,-3.01656,0.1194,2.20115,4.31896,-4.77472,2.35038,-1.36579,5.59559,0.32361,-1.2814,-1.58058
32.4,0.63691,-0.33115,1.30985,-4.9788,0,0.14428,0.84693,0.17026,-0.57911,1.09886,-0.00573,-0.47513,0.4087,-0.54324,-2.72303,-8.43378,-4.79069,-3.16694,0.99611,0.19619,0.86872,-2.50007,0.80381,-1.74873,-1.48905,0.3646,0.96409,-2.16284,-0.10613,-3.01691,0.03996,2.2583,4.43126,-4.44823,1.80683,-0.2978,6.70711,-0.13115,-1.02939,-1.02546
32.42,0.77481,-0.37055,1.24902,-4.50402,0,0.15074,0.5896,0.08462,-0.51378,0.85149,-0.06113,-0.55339,0.53424,0.04781,-3.17635,-8.10643,-5.24076,-3.43442,1.08854,0.61197,0.95216,-2.73548,0.89294,-1.51695,-1.69257,0.34287,1.10214,-2.2249,-0.67429,-2.87919,-0.07488,2.20288,4.28404,-3.98469,1.12917,0.6758,7.51396,-0.51703,-0.76946,-0.51002
32.44,0.91527,-0.39731,1.18545,-3.98739,0,0.17532,0.31418,-0.00365,-0.46484,0.61691,-0.10924,-0.60908,0.5892,0.68066,-3.57184,-7.69756,-5.54485,-3.62404,1.14807,1.00494,0.99496,-2.98854,0.97641,-1.28914,-1.83852,0.31985,1.17049,-2.26842,-0.98914,-2.58792,-0.21437,2.04618,3.89493,-3.39297,0.33929,1.53989,8.00481,-0.82021,-0.51254,-0.04855
32.46,1.05477,-0.41051,1.11919,-3.44539,0,0.21318,0.02707,-0.08878,-0.42791,0.40468,-0.15092,-0.64298,0.57226,1.32171,-3.88654,-7.20704,-5.69754,-3.70867,1.17283,1.35639,1.00884,-3.25508,1.05351,-1.06891,-1.92465,0.29588,1.15676,-2.28783,-1.06755,-2.13507,-0.36664,1.80642,3.29931,-2.68851,-0.53376,2.28907,8.18537,-1.03626,-0.27006,0.34644
32.48,1.18895,-0.40939,1.04967,-2.89503,0,0.2587,-0.26481,-0.16588,-0.39829,0.22244,-0.18661,-0.65663,0.48746,1.93672,-4.10037,-6.63656,-5.69546,-3.6617,1.16164,1.6501,1.00637,-3.52618,1.1219,-0.85858,-1.94976,0.27083,1.05259,-2.2775,-0.94296,-1.52196,-0.51919,1.50591,2.54414,-1.89228,-1.45516,2.92373,8.07515,-1.16979,-0.05235,0.66559
32.5,1.31261,-0.39339,0.97592,-2.35309,0,0.30569,-0.55393,-0.23096,-0.37133,0.07543,-0.21661,-0.65213,0.34377,2.49277,-4.19719,-5.99008,-5.53593,-3.46045,1.11394,1.8732,1,-3.78793,1.17788,-0.65785,-1.91341,0.24384,0.85462,-2.23113,-0.65917,-0.7611,-0.65925,1.16831,1.68163,-1.0299,-2.38584,3.44624,7.70433,-1.23323,0.13295,0.90414
32.52,1.41986,-0.36231,0.89677,-1.8355,0,0.34772,-0.83207,-0.28105,-0.34263,-0.03378,-0.2413,-0.63187,0.15443,2.95982,-4.16555,-5.27389,-5.21682,-3.08979,1.02986,2.01664,1.00114,-4.02151,1.21685,-0.46295,-1.8157,0.2133,0.56526,-2.1415,-0.2646,0.12215,-0.77395,0.81615,0.76394,-0.1308,-3.2843,3.85805,7.11116,-1.24509,0.28192,1.06259
32.54,1.50439,-0.31645,0.81107,-1.35684,0,0.37847,-1.09041,-0.31414,-0.30822,-0.10528,-0.26117,-0.59814,-0.06404,3.31202,-3.99927,-4.49629,-4.73754,-2.54578,0.91048,2.07524,1.01899,-4.20365,1.23374,-0.26657,-1.6572,0.17699,0.19335,-2.00067,0.19256,1.08853,-0.8503,0.46894,-0.16085,0.77258,-4.10854,4.15778,6.33986,-1.22744,0.39451,1.14666
32.56,1.55983,-0.25666,0.71783,-0.93011,0,0.39226,-1.31971,-0.3293,-0.26453,-0.14165,-0.27681,-0.55287,-0.29303,3.52865,-3.69771,-3.66689,-4.10115,-1.83894,0.75827,2.04752,1.05943,-4.30758,1.2235,-0.05856,-1.43919,0.13242,-0.24552,-1.80056,0.66771,2.0848,-0.87526,0.14186,-1.05112,1.64573,-4.81829,4.3407,5.43905,-1.20324,0.47415,1.16635
32.58,1.58024,-0.18453,0.61641,-0.56651,0,0.38459,-1.5107,-0.32674,-0.20844,-0.14754,-0.2888,-0.49727,-0.51316,3.59498,-3.26605,-2.79605,-3.31688,-0.99644,0.57746,1.93535,1.12406,-4.30467,1.1816,0.1727,-1.16423,0.07727,-0.72916,-1.53394,1.12217,3.04477,-0.83601,-0.15484,-1.87269,2.45322,-5.37757,4.39953,4.46062,-1.19369,0.52682,1.13465
32.6,1.56067,-0.10236,0.50671,-0.27543,0,0.35273,-1.65458,-0.30793,-0.13722,-0.1292,-0.29759,-0.43167,-0.70555,3.50297,-2.71531,-1.89443,-2.40242,-0.06279,0.37435,1.74368,1.20966,-4.16668,1.10448,0.43844,-0.83701,0.00992,-1.22941,-1.19565,1.52408,3.89201,-0.72069,-0.4158,-2.59851,3.16016,-5.75715,4.32649,3.45863,-1.21594,0.56016,1.0661
32.62,1.49768,-0.0132,0.38922,-0.06446,0,0.29615,-1.74352,-0.27578,-0.04865,-0.09387,-0.30349,-0.3554,-0.85292,3.25178,-2.06214,-0.97301,-1.38494,0.90218,0.15724,1.48013,1.30823,-3.86861,0.98991,0.74725,-0.46549,-0.07006,-1.71368,-0.78378,1.84839,4.54433,-0.51968,-0.63973,-3.20718,3.734,-5.93674,4.11608,2.4877,-1.28156,0.58265,0.97568
32.64,1.38971,0.07935,0.26509,0.06058,0,0.2168,-1.77119,-0.23461,0.05887,-0.04914,-0.30667,-0.26693,-0.94062,2.84792,-1.32804,-0.04308,-0.30033,1.82796,-0.06405,1.15463,1.40775,-3.39172,0.83711,1.10282,-0.06204,-0.16156,-2.14731,-0.30068,2.07593,4.92036,-0.22732,-0.8282,-3.68076,4.14671,-5.90663,3.76828,1.60032,-1.3958,0.60305,0.87785
32.66,1.23735,0.17136,0.13603,0.09579,0,0.11923,-1.73332,-0.19015,0.1862,-0.00226,-0.30727,-0.16406,-0.95744,2.30509,-0.53809,0.88354,0.80918,2.64067,-0.27903,0.77903,1.4935,-2.72674,0.64689,1.50188,0.3557,-0.26171,-2.49683,0.2464,2.19223,4.94785,0.15607,-0.98393,-4.00259,4.37729,-5.66874,3.29176,0.84345,-1.55748,0.63007,0.78603
32.68,1.04353,0.25881,0.00423,0.03939,0,0.01038,-1.62819,-0.14932,0.33327,0.04042,-0.3056,-0.04436,-0.89644,1.64399,0.28035,1.79434,1.89843,3.2714,-0.47761,0.36668,1.54988,-1.87675,0.42174,1.93277,0.76454,-0.36582,-2.73355,0.84494,2.18644,4.57292,0.62253,-1.10931,-4.15562,4.41433,-5.23722,2.70633,0.25467,-1.75963,0.67199,0.7121
32.7,0.81358,0.33793,-0.12774,-0.10787,0,-0.10069,-1.4571,-0.11983,0.49898,0.07398,-0.30227,0.09431,-0.75558,0.89182,1.09898,2.67603,2.92304,3.6645,-0.65107,-0.06791,1.56229,-0.85919,0.16596,2.37499,1.13648,-0.4676,-2.83722,1.47733,2.05088,3.76881,1.15549,-1.20515,-4.12217,4.25806,-4.63822,2.04407,-0.14104,-1.99043,0.736,0.66594
32.72,0.55505,0.40533,-0.25704,-0.34225,0,-0.20362,-1.22457,-0.10946,0.68117,0.09515,-0.29832,0.25309,-0.53821,0.08144,1.88972,3.51456,3.8427,3.78411,-0.7928,-0.50945,1.51891,0.29381,-0.11402,2.80027,1.44084,-0.55962,-2.79888,2.1215,1.78138,2.54278,1.73024,-1.27009,-3.88518,3.92117,-3.90839,1.3481,-0.33355,-2.23436,0.82711,0.65476
32.74,0.27735,0.45819,-0.38069,-0.65654,0,-0.28759,-0.93817,-0.12516,0.87671,0.10237,-0.2953,0.43142,-0.25326,-0.75,2.62577,4.29537,4.6237,3.61837,-0.89868,-0.94241,1.41215,1.53698,-0.40939,3.17504,1.64766,-0.63397,-2.62275,2.75224,1.37846,0.9399,2.31588,-1.3007,-3.43116,3.42819,-3.09192,0.66875,-0.32839,-2.47355,0.94666,0.68216
32.76,-0.00894,0.49425,-0.49569,-1.03965,0,-0.3426,-0.60811,-0.17197,1.08178,0.09568,-0.29519,0.62638,0.08502,-1.5631,3.28258,5.00395,5.24089,3.18105,-0.96718,-1.35169,1.23963,2.81539,-0.70874,3.46433,1.73224,-0.6833,-2.32687,3.34302,0.84911,-0.95657,2.87854,-1.29224,-2.75425,2.81352,-2.23647,0.05767,-0.14618,-2.68913,1.09068,0.74722
32.78,-0.29278,0.51196,-0.59919,-1.47647,0,-0.36067,-0.24671,-0.25193,1.2921,0.07646,-0.30029,0.83216,0.45758,-2.31847,3.83904,5.62664,5.67869,2.5108,-0.99913,-1.72342,1.00482,4.06903,-0.99813,3.63648,1.67962,-0.70171,-1.9425,3.86821,0.20866,-3.02844,3.38506,-1.23966,-1.86076,2.11868,-1.38882,-0.43881,0.17903,-2.86273,1.2488,0.84388
32.8,-0.56341,0.51039,-0.68868,-1.94806,0,-0.33682,0.13226,-0.36332,1.50332,0.04721,-0.31305,1.03996,0.8417,-2.97915,4.27861,6.15129,5.93127,1.66807,-0.9974,-2.04582,0.71714,5.23769,-1.26149,3.66784,1.48817,-0.68576,-1.51201,4.30521,-0.51774,-5.12955,3.80635,-1.1388,-0.77298,1.38923,-0.59093,-0.78576,0.6024,-2.97784,1.40419,0.96105
32.82,-0.81093,0.48935,-0.76213,-2.43239,0,-0.26974,0.51411,-0.50049,1.71122,0.01121,-0.33578,1.23824,1.21269,-3.51288,4.59041,6.56752,6.00145,0.72948,-0.96624,-2.30984,0.39141,6.2654,-1.48159,3.54656,1.17104,-0.63503,-1.08503,4.6361,-1.29491,-7.09701,4.11929,-0.98713,0.46903,0.67164,0.12285,-0.96373,1.0718,-3.02104,1.53521,1.08384
32.84,-1.0268,0.44933,-0.81818,-2.90573,0,-0.16188,0.8839,-0.6541,1.91178,-0.02763,-0.3703,1.41362,1.54617,-3.89406,4.77007,6.86651,5.8984,-0.22024,-0.91065,-2.50974,0.04656,7.10421,-1.6415,3.2751,0.75508,-0.55243,-0.71297,4.84873,-2.07894,-8.76617,4.30719,-0.78415,1.80825,0.01017,0.72745,-0.97033,1.53205,-2.98289,1.61872,1.19587
32.86,-1.2042,0.3915,-0.85623,-3.34448,0,-0.01911,1.2271,-0.81214,2.1012,-0.06501,-0.41763,1.55219,1.82082,-4.10554,4.82065,7.04049,5.63476,-1.09775,-0.8356,-2.64345,-0.29629,7.7171,-1.7266,2.87098,0.27755,-0.44398,-0.44237,4.93718,-2.82007,-9.98839,4.35901,-0.53148,3.17412,-0.55612,1.20759,-0.8194,1.92966,-2.85857,1.63452,1.28236
32.88,-1.33829,0.31775,-0.87655,-3.72737,0,0.14989,1.53022,-0.9611,2.27578,-0.09637,-0.4775,1.64118,2.02115,-4.14009,4.75322,7.08252,5.22411,-1.83075,-0.74543,-2.71272,-0.61614,8.08025,-1.72678,2.36589,-0.21858,-0.31835,-0.30833,4.90198,-3.46668,-10.64872,4.26817,-0.23273,4.48782,-0.99599,1.55751,-0.53834,2.2176,-2.64841,1.56995,1.3333
32.9,-1.4264,0.23063,-0.88042,-4.0374,0,0.33449,1.78156,-1.0874,2.43165,-0.11711,-0.54814,1.67082,2.13971,-4.00142,4.58723,6.98668,4.67946,-2.36592,-0.64344,-2.72291,-0.89452,8.18423,-1.63834,1.8029,-0.68964,-0.18601,-0.32932,4.74983,-3.96982,-10.68006,4.03162,0.10623,5.66846,-1.28788,1.78009,-0.16424,2.3594,-2.35814,1.42331,1.34576
32.92,-1.46795,0.13331,-0.87,-4.26335,0,0.52292,1.97172,-1.17864,2.56438,-0.12275,-0.62595,1.63586,2.17826,-3.70422,4.34996,6.74864,4.01325,-2.67363,-0.53196,-2.68232,-1.11774,8.03362,-1.46537,1.23143,-1.09589,-0.0581,-0.50446,4.49294,-4.28759,-10.07055,3.64971,0.47678,6.63933,-1.42099,1.88562,0.26065,2.33212,-1.99877,1.2048,1.32465
32.94,-1.46427,0.02944,-0.84818,-4.40025,0,0.70322,2.09412,-1.22457,2.66836,-0.10913,-0.70541,1.53688,2.14759,-3.27315,4.07508,6.36659,3.23873,-2.74905,-0.41252,-2.60082,-1.27884,7.64505,-1.22012,0.70028,-1.4052,0.05493,-0.81393,4.14772,-4.38908,-8.86259,3.12688,0.86672,7.33384,-1.39524,1.89028,0.69377,2.12775,-1.58597,0.93481,1.28155
32.96,-1.41822,-0.07702,-0.81828,-4.44935,0,0.86398,2.14535,-1.21788,2.73622,-0.07262,-0.77913,1.38092,2.06613,-2.74093,3.80025,5.84254,2.37254,-2.60983,-0.28649,-2.48813,-1.37903,7.0439,-0.92252,0.24936,-1.59567,0.1448,-1.22196,3.73304,-4.25765,-7.14484,2.47317,1.25931,7.70082,-1.22049,1.81447,1.09689,1.75335,-1.13896,0.63973,1.23202
32.98,-1.33386,-0.18203,-0.7837,-4.4174,0,0.99518,2.12552,-1.15467,2.75852,-0.01032,-0.83803,1.18176,1.95775,-2.14595,3.56442,5.18375,1.43762,-2.29177,-0.15565,-2.352,-1.4286,6.26056,-0.59902,-0.09827,-1.65719,0.20678,-1.68164,3.26863,-3.89337,-5.03978,1.706,1.63273,7.70902,-0.9152,1.6812,1.43996,1.23006,-0.67932,0.3468,1.19206
33,-1.21611,-0.2817,-0.74762,-4.31561,0,1.08874,2.03842,-1.03472,2.72377,0.07983,-0.87168,0.95929,1.84908,-1.52966,3.40496,4.40416,0.46561,-1.84331,-0.02279,-2.19674,-1.44687,5.32678,-0.28085,-0.34233,-1.59189,0.24065,-2.14057,2.77354,-3.31417,-2.68985,0.85161,1.96024,7.35004,-0.50485,1.51462,1.70358,0.59131,-0.22966,0.07917,1.1749
33.02,-1.07046,-0.37246,-0.71274,-4.15816,0,1.13887,1.89131,-0.86135,2.61912,0.19908,-0.86886,0.7381,1.76661,-0.93391,3.35504,3.52502,-0.50226,-1.31989,0.108,-2.02219,-1.46101,4.27225,-0.00185,-0.50766,-1.41319,0.25091,-2.54623,2.26511,-2.55513,-0.24388,-0.05463,2.21163,6.63905,-0.01999,1.33841,1.87938,-0.11976,0.1876,-0.14743,1.18851
33.04,-0.90267,-0.4512,-0.68104,-3.96018,0,1.14222,1.69437,-0.64098,2.4314,0.348,-0.81817,0.54501,1.73377,-0.39826,3.44111,2.57458,-1.41639,-0.77847,0.23132,-1.82329,-1.50353,3.12161,0.2042,-0.64231,-1.14378,0.24634,-2.85084,1.75804,-1.66561,2.1549,-0.96954,2.35586,5.61273,0.50586,1.1743,1.96846,-0.85367,0.5514,-0.326,1.23457
33.06,-0.71853,-0.51538,-0.65365,-3.73553,0,1.09772,1.4598,-0.38235,2.14871,0.52669,-0.70901,0.4059,1.7681,0.04272,3.68077,1.58665,-2.22212,-0.27263,0.34088,-1.59027,-1.6087,1.89221,0.30661,-0.81183,-0.81253,0.2388,-3.01529,1.26395,-0.70461,4.37908,-1.84492,2.365,4.32538,1.03843,1.04055,1.97819,-1.55865,0.84323,-0.45767,1.30841
33.08,-0.52363,-0.56308,-0.63077,-3.49478,0,1.0064,1.2008,-0.09568,1.76224,0.73497,-0.53265,0.34212,1.87915,0.36192,4.08104,0.59867,-2.86443,0.15149,0.43005,-1.30945,-1.80843,0.59296,0.28086,-1.09101,-0.45119,0.24164,-3.01222,0.79124,0.26486,6.32477,-2.6315,2.2186,2.84412,1.54497,0.95072,1.91843,-2.18477,1.04824,-0.54983,1.39989
33.1,-0.32327,-0.5931,-0.61173,-3.24377,0,0.87114,0.93052,0.20815,1.26809,0.97237,-0.28359,0.3673,2.06709,0.54182,4.63737,-0.35049,-3.29318,0.45814,0.49259,-0.96453,-2.12805,-0.77509,0.11156,-1.55435,-0.09122,0.268,-2.82792,0.34545,1.18149,7.91643,-3.28312,1.90794,1.24443,1.99618,0.91295,1.79808,-2.68798,1.15625,-0.61362,1.49451
33.12,-0.1225,-0.60488,-0.59516,-2.98269,0,0.69632,0.66124,0.51823,0.66861,1.23789,0.03898,0.48485,2.32254,0.57584,5.33318,-1.22271,-3.46805,0.62377,0.52329,-0.53817,-2.58244,-2.21638,-0.2051,-2.26667,0.23883,0.32921,-2.46291,-0.07004,1.99079,9.1083,-3.76066,1.43906,-0.39362,2.36779,0.92976,1.62273,-3.03343,1.16252,-0.66168,1.57437
33.14,0.07396,-0.59839,-0.57916,-2.70607,0,0.4875,0.40353,0.82425,-0.02683,1.52946,0.42978,0.68657,2.62762,0.469,6.14024,-1.98279,-3.36286,0.63771,0.51856,-0.01393,-3.17299,-3.73672,-0.65973,-3.27451,0.51519,0.43342,-1.93096,-0.45301,2.64932,9.88275,-4.03537,0.83413,-1.98832,2.64166,0.99862,1.39368,-3.19793,1.06822,-0.70619,1.61883
33.16,0.26162,-0.57406,-0.56157,-2.40346,0,0.25097,0.16564,1.1168,-0.80184,1.84324,0.87623,0.95258,2.95806,0.23777,7.01964,-2.6005,-2.96889,0.50207,0.47683,0.6218,-3.88544,-5.33813,-1.22878,-4.59877,0.72005,0.58456,-1.25711,-0.80136,3.12785,10.24636,-4.0915,0.13093,-3.45896,2.80646,1.11294,1.10838,-3.17185,0.88072,-0.75763,1.60498
33.18,0.43625,-0.53261,-0.54031,-2.06082,0,-0.00647,-0.0469,1.38769,-1.63346,2.17285,1.35776,1.25253,3.28602,-0.09073,7.92337,-3.05243,-2.29754,0.23137,0.39888,1.3777,-4.68888,-7.01323,-1.8746,-6.22904,0.84216,0.7816,-0.47495,-1.11218,3.41316,10.22524,-3.92828,-0.61938,-4.72869,2.85812,1.26343,0.76172,-2.96024,0.61363,-0.824,1.5084
33.2,0.59385,-0.47504,-0.51358,-1.6626,0,-0.27771,-0.2314,1.63011,-2.49304,2.50886,1.84586,1.5483,3.58316,-0.48038,8.79608,-3.32332,-1.3818,-0.1479,0.28799,2.25551,-5.53609,-8.74024,-2.54642,-8.11976,0.87698,1.01821,0.37619,-1.38128,3.50827,9.8602,-3.56091,-1.35624,-5.72804,2.79994,1.43933,0.34794,-2.58331,0.28664,-0.91031,1.30439
33.22,0.73067,-0.4026,-0.48009,-1.19427,0,-0.55522,-0.38782,1.83851,-3.34736,2.83837,2.30536,1.79811,3.82345,-0.88853,9.57687,-3.40652,-0.27619,-0.59755,0.14989,3.24838,-6.36538,-10.47923,-3.1825,-10.18893,0.82632,1.28281,1.25398,-1.60313,3.43064,9.20225,-3.02022,-2.01525,-6.39942,2.64211,1.62944,-0.1377,-2.07584,-0.07511,-1.01828,0.97018
33.24,0.84319,-0.31684,-0.43912,-0.64493,0,-0.83094,-0.51815,2.00842,-4.1601,3.14514,2.69706,1.96215,3.98554,-1.26937,10.20107,-3.30376,0.94526,-1.06813,-0.00753,4.33956,-7.10409,-12.17044,-3.71371,-12.31979,0.69771,1.559,2.11563,-1.77153,3.20836,8.30848,-2.35074,-2.53515,-6.70262,2.40069,1.82279,-0.69751,-1.48543,-0.44199,-1.1461,0.48793
33.26,0.92819,-0.2197,-0.3905,-0.01008,0,-1.09599,-0.62568,2.13623,-4.89365,3.41008,2.98205,2.0094,4.05452,-1.57812,10.60246,-3.02422,2.19308,-1.50006,-0.17475,5.50193,-7.67364,-13.7353,-4.06852,-14.36609,0.50357,1.82657,2.92035,-1.88076,2.87515,7.23849,-1.6073,-2.8655,-6.62071,2.09601,2.00891,-1.3305,-0.86946,-0.78152,-1.28828,-0.15152
33.28,0.98285,-0.11359,-0.33448,0.70605,0,-1.34057,-0.71405,2.21895,-5.51132,3.61227,3.12742,1.92513,4.02337,-1.77548,10.71663,-2.58353,3.3685,-1.82595,-0.34131,6.69846,-7.99604,-15.08042,-4.17917,-16.16114,0.26055,2.06296,3.63151,-1.92707,2.46535,6.05186,-0.85072,-2.97375,-6.16516,1.75073,2.17797,-2.03172,-0.29119,-1.06022,-1.4357,-0.94489
33.3,1.00485,-0.00142,-0.27165,1.48875,0,-1.55407,-0.78627,2.25416,-5.97956,3.7304,3.11315,1.71565,3.89367,-1.83197,10.4855,-2.00305,4.37121,-1.97509,-0.49664,7.88358,-8.00093,-16.10456,-3.98864,-17.5305,-0.01089,2.24508,4.21836,-1.91014,2.01011,4.80629,-0.14278,-2.85034,-5.37837,1.38772,2.32089,-2.79173,0.18505,-1.24583,-1.57609,-1.87322
33.32,0.99243,0.11343,-0.20275,2.31216,0,-1.72533,-0.84385,2.24003,-6.27004,3.74444,2.93966,1.40402,3.67567,-1.73137,9.86297,-1.30933,5.10873,-1.88053,-0.63096,9.00565,-7.63259,-16.70796,-3.45764,-18.30783,-0.28654,2.35148,4.65724,-1.83414,1.53555,3.55632,0.45902,-2.51016,-4.33159,1.02762,2.4294,-3.59601,0.4992,-1.30959,-1.69486,-2.90018
33.34,0.94439,0.22723,-0.12853,3.14002,0,-1.84332,-0.88607,2.17539,-6.3614,3.63742,2.6328,1.01696,3.38724,-1.4731,8.82109,-0.53386,5.50693,-1.48867,-0.73617,10.01041,-6.85617,-16.80351,-2.5712,-18.35299,-0.53853,2.36471,4.93204,-1.70814,1.06318,2.352,0.90692,-1.98995,-3.1177,0.68645,2.49613,-4.42428,0.60148,-1.22863,-1.77652,-3.97235
33.36,0.86005,0.33616,-0.04958,3.92784,0,-1.89813,-0.90955,2.05998,-6.2408,3.39717,2.23876,0.57402,3.05213,-1.07329,7.35638,0.28735,5.52068,-0.77043,-0.80677,10.84533,-5.66288,-16.3288,-1.34388,-17.57104,-0.73574,2.27361,5.03441,-1.54585,0.61184,1.23752,1.16793,-1.34237,-1.8398,0.37321,2.51493,-5.25005,0.4585,-0.98829,-1.80633,-5.02172
33.38,0.73928,0.4366,0.03373,4.62646,0,-1.88217,-0.90819,1.89475,-5.9054,3.01816,1.80766,0.08566,2.69764,-0.56444,5.49522,1.11442,5.14319,0.26803,-0.84051,11.46438,-4.0737,-15.25758,0.17699,-15.9295,-0.84521,2.07528,4.96366,-1.36471,0.20031,0.24982,1.22794,-0.62811,-0.59825,0.08815,2.4812,-6.04063,0.05882,-0.58442,-1.77222,-5.97017
33.4,0.58262,0.52536,0.12134,5.18645,0,-1.79138,-0.87375,1.68237,-5.36348,2.50287,1.37797,-0.44318,2.35204,0.00638,3.29682,1.90504,4.41163,1.57746,-0.83873,11.83233,-2.14089,-13.60802,1.91153,-13.46996,-0.83521,1.77623,4.72665,-1.18456,-0.15096,-0.58253,1.0937,0.09191,0.52116,-0.17788,2.3924,-6.75781,-0.58304,-0.02524,-1.66628,-6.73561
33.42,0.39149,0.59984,0.21333,5.56315,0,-1.62628,-0.79691,1.42763,-4.63498,1.86252,0.97161,-1.00827,2.04158,0.58123,0.85198,2.61694,3.40678,3.06326,-0.8061,11.92737,0.05383,-11.44487,3.75222,-10.30985,-0.68028,1.39212,4.33726,-1.02558,-0.41987,-1.24018,0.7921,0.76318,1.45538,-0.44246,2.24845,-7.35932,-1.42517,0.66756,-1.48577,-7.23928
33.44,0.16845,0.65802,0.3098,5.72189,0,-1.39254,-0.66895,1.13767,-3.75086,1.11679,0.59651,-1.60069,1.78732,1.09675,-1.7234,3.21153,2.24571,4.58993,-0.74979,11.74162,2.40503,-8.87416,5.57384,-6.63237,-0.36806,0.94598,3.81554,-0.90597,-0.58507,-1.71345,0.36626,1.34222,2.16787,-0.7291,2.05184,-7.80122,-2.39996,1.45883,-1.23322,-7.41379
33.46,-0.08257,0.69841,0.41057,5.64304,0,-1.10113,-0.4838,0.82206,-2.75171,0.29271,0.25069,-2.20125,1.60184,1.49097,-4.29942,3.65835,1.06824,5.99237,-0.67813,11.27985,4.79255,-6.03145,7.24741,-2.66652,0.09329,0.46523,3.18649,-0.83935,-0.63016,-2.00269,-0.13078,1.79916,2.64801,-1.06333,1.80766,-8.04124,-3.41881,2.30116,-0.91593,-7.21151
33.48,-0.35601,0.71998,0.515,5.32625,0,-0.76797,-0.23998,0.49258,-1.68552,-0.577,-0.07401,-2.77464,1.48614,1.71039,-6.74601,3.93965,0.0196,7.09242,-0.59911,10.55713,7.09236,-3.06641,8.65585,1.33835,0.66892,-0.02192,2.4788,-0.83254,-0.54856,-2.11825,-0.64337,2.11846,2.90755,-1.46823,1.5233,-8.04307,-4.37909,3.13751,-0.5452,-6.61226
33.5,-0.64463,0.72204,0.62181,4.79288,0,-0.41307,0.05787,0.16277,-0.60517,-1.45577,-0.38835,-3.26763,1.42724,1.71622,-8.94716,4.05384,-0.76813,7.71853,-0.51908,9.59587,9.18728,-0.12665,9.70795,5.1385,1.29466,-0.48967,1.72384,-0.88432,-0.3475,-2.08025,-1.12023,2.29819,2.97517,-1.9601,1.20807,-7.78085,-5.17266,3.90502,-0.13558,-5.6291
33.52,-0.93953,0.70427,0.72904,4.08551,0,-0.05904,0.39829,-0.15285,0.43478,-2.30508,-0.70242,-3.6205,1.39676,1.48857,-10.81329,4.01674,-1.19339,7.72668,-0.44175,8.42236,10.97606,2.65701,10.34801,8.5182,1.88013,-0.91702,0.95446,-0.9854,-0.04959,-1.91765,-1.51956,2.34795,2.89026,-2.54507,0.87244,-7.24329,-5.69504,4.54022,0.29562,-4.31033
33.54,-1.23059,0.66673,0.83417,3.26411,0,0.27104,0.76362,-0.44,1.38167,-3.08643,-1.02239,-3.78855,1.35094,1.02818,-12.29066,3.86003,-1.19947,7.02034,-0.36784,7.06268,12.38002,5.18272,10.55972,11.30682,2.3181,-1.2889,0.20389,-1.12,0.3085,-1.66666,-1.81198,2.28582,2.69662,-3.21695,0.52701,-6.43675,-5.85488,4.98529,0.72863,-2.73705
33.56,-1.50701,0.60992,0.93436,2.39939,0,0.5562,1.13144,-0.68611,2.18884,-3.76338,-1.34734,-3.756,1.23216,0.35593,-13.36728,3.62717,-0.78466,5.56787,-0.29512,5.53887,13.34729,7.38644,10.3647,13.39045,2.49903,-1.59635,-0.49562,-1.26856,0.68019,-1.36843,-1.98126,2.13468,2.43664,-3.95661,0.18122,-5.387,-5.58325,5.19489,1.14143,-1.01644
33.58,-1.75814,0.53493,1.02678,1.56483,0,0.78014,1.47692,-0.88184,2.81957,-4.30381,-1.66602,-3.5357,0.97225,-0.48912,-14.07504,3.36756,-0.00665,3.41441,-0.21906,3.86601,13.85495,9.24699,9.81702,14.71835,2.32789,-1.83585,-1.11424,-1.41108,1.01493,-1.06636,-2.02332,1.91877,2.14669,-4.73267,-0.15776,-4.1395,-4.84206,5.1425,1.51034,0.7281
33.6,-1.97425,0.44359,1.10896,0.8287,0,0.93327,1.77528,-1.02221,3.25019,-4.68207,-1.95405,-3.16226,0.49771,-1.45236,-14.48709,3.12976,1.02045,0.68512,-0.13376,2.05132,13.90849,10.78613,8.99501,15.30412,1.73962,-2.00821,-1.62594,-1.53032,1.26459,-0.80321,-1.94436,1.66067,1.85396,-5.5034,-0.48585,-2.7579,-3.63063,4.82486,1.81113,2.36852
33.62,-2.14722,0.33847,1.17902,0.24746,0,1.01376,2.00419,-1.10722,3.47184,-4.88107,-2.17544,-2.68407,-0.26311,-2.46668,-14.70912,2.95441,2.13795,-2.42365,-0.03315,0.09545,13.53824,12.06277,7.99104,15.22115,0.71016,-2.11732,-2.00981,-1.61411,1.38945,-0.61803,-1.75816,1.37933,1.57508,-6.21949,-0.8022,-1.31993,-1.98891,4.26303,2.02106,3.78471
33.64,-2.27097,0.22289,1.23579,-0.1391,0,1.02741,2.14587,-1.1416,3.49055,-4.89382,-2.29454,-2.15551,-1.37114,-3.45564,-14.86476,2.86744,3.16322,-5.66598,0.08773,-2.00402,12.79249,13.16128,6.89978,14.59225,-0.73889,-2.16874,-2.25119,-1.65659,1.36279,-0.54311,-1.48323,1.08911,1.31654,-6.82773,-1.10862,0.08946,0.00347,3.49953,2.12172,4.87689
33.66,-2.34175,0.10076,1.27878,-0.3107,0,0.98647,2.18867,-1.13405,3.32582,-4.72471,-2.29245,-1.62962,-2.86678,-4.33714,-15.07676,2.87434,3.91627,-8.7778,0.23144,-4.24747,11.72879,14.17577,5.80635,13.57508,-2.54183,-2.16858,-2.34274,-1.6582,1.17408,-0.60113,-1.13994,0.79964,1.0764,-7.2753,-1.40858,1.38688,2.23196,2.59231,2.1023,5.57714
33.68,-2.35831,-0.02366,1.30811,-0.26754,0,0.90777,2.12825,-1.09598,3.00837,-4.39033,-2.17378,-1.15205,-4.76038,-5.02764,-15.44729,2.95637,4.24729,-11.51166,0.39721,-6.62741,10.40531,15.19297,4.77595,12.34545,-4.59523,-2.12263,-2.28528,-1.62491,0.83039,-0.80284,-0.74816,0.51658,0.84712,-7.51462,-1.70578,2.49964,4.55516,1.60712,1.96271,5.85814
33.7,-2.32197,-0.14599,1.32441,-0.02943,0,0.81048,1.96817,-1.04012,2.57721,-3.91933,-1.96189,-0.75663,-7.02463,-5.44721,-16.04086,3.06995,4.05913,-13.66727,0.58043,-9.12261,8.87404,16.27635,3.84674,11.08017,-6.76773,-2.03592,-2.0881,-1.56692,0.35606,-1.14564,-0.32563,0.24271,0.61875,-7.50795,-2.00283,3.37338,6.81508,0.61014,1.71534,5.73708
33.72,-2.23651,-0.26199,1.32864,0.36698,0,0.71392,1.71958,-0.97912,2.0764,-3.35113,-1.69073,-0.46298,-9.59057,-5.52537,-16.87221,3.14983,3.31958,-15.11108,0.77291,-11.69347,7.17696,17.45366,3.02709,9.94046,-8.91177,-1.91261,-1.76856,-1.49691,-0.20991,-1.61371,0.11281,-0.02071,0.38204,-7.23121,-2.30008,3.97633,8.84921,-0.33789,1.38469,5.27278
33.74,-2.10778,-0.36781,1.32191,0.87262,0,0.63533,1.40011,-0.92425,1.55147,-2.73294,-1.39732,-0.27608,-12.34812,-5.20761,-17.90087,3.11642,2.06126,-15.78237,0.96381,-14.27919,5.3453,18.70899,2.29757,9.05655,-10.87656,-1.75621,-1.35072,-1.42817,-0.81835,-2.17955,0.55507,-0.27275,0.13118,-6.67647,-2.59485,4.29997,10.50392,-1.18557,1.00448,4.55554
33.76,-1.94314,-0.46021,1.30523,1.43162,0,0.58813,1.03199,-0.88429,1.04578,-2.11554,-1.11537,-0.18756,-15.15152,-4.46232,-19.03276,2.88638,0.371,-15.68717,1.14123,-16.79741,3.40174,19.98037,1.61687,8.51448,-12.52131,-1.57004,-0.86329,-1.37272,-1.41609,-2.80689,0.99112,-0.51168,-0.13424,-5.85322,-2.88112,4.35647,11.64849,-1.89277,0.61271,3.69167
33.78,-1.75098,-0.53682,1.27937,1.9873,0,0.58044,0.63982,-0.86469,0.59729,-1.5486,-0.87042,-0.17828,-17.82888,-3.28719,-20.12818,2.38478,-1.62703,-14.88453,1.29387,-19.14657,1.36508,21.16292,0.93048,8.34662,-13.72729,-1.35797,-0.33715,-1.33966,-1.95243,-3.45438,1.41182,-0.73434,-0.40818,-4.78863,-3.14971,4.17435,12.1885,-2.43128,0.24588,2.78617
33.8,-1.54014,-0.5962,1.24481,2.48756,0,0.61436,0.24841,-0.86711,0.23603,-1.07616,-0.677,-0.22165,-20.19476,-1.7139,-21.01544,1.55676,-3.7893,-13.46964,1.41258,-21.2107,-0.74381,22.11741,0.18045,8.52784,-14.40695,-1.1253,0.19684,-1.33394,-2.38502,-4.0793,1.80787,-0.93582,-0.67822,-3.52672,-3.38897,3.79388,12.07628,-2.78466,-0.06621,1.92755
33.82,-1.3195,-0.63783,1.20163,2.88898,0,0.68591,-0.11925,-0.88933,-0.01745,-0.73299,-0.53825,-0.28753,-22.06445,0.19055,-21.50839,0.37673,-5.96801,-11.55696,1.4911,-22.86591,-2.89575,22.68342,-0.68514,8.97841,-14.50808,-0.87947,0.70988,-1.35578,-2.68393,-4.64077,2.16883,-1.10968,-0.92696,-2.12612,-3.58573,3.26289,11.31622,-2.9478,-0.30411,1.17797
33.84,-1.09746,-0.66197,1.14965,3.15935,0,0.7858,-0.44357,-0.92562,-0.15255,-0.54197,-0.44758,-0.34612,-23.26923,2.32674,-21.4267,-1.14629,-8.02171,-9.26552,1.5261,-23.98862,-5.04791,22.6962,-1.70403,9.57409,-14.0129,-0.63068,1.17656,-1.40063,-2.83357,-5.10214,2.48268,-1.24867,-1.13471,-0.65605,-3.72645,2.63355,9.96379,-2.92635,-0.4601,0.56992
33.86,-0.88155,-0.66944,1.08838,3.27875,0,0.90074,-0.70975,-0.96746,-0.16824,-0.51252,-0.39213,-0.37184,-23.67187,4.5696,-20.61754,-2.96703,-9.82163,-6.70783,1.51654,-24.46541,-7.14047,22.00641,-2.89336,10.16227,-12.93331,-0.39192,1.57597,-1.4597,-2.83274,-5.43281,2.7359,-1.34578,-1.28304,0.80903,-3.79859,1.95998,8.11907,-2.73628,-0.53759,0.1089
33.88,-0.67806,-0.66129,1.0172,3.23968,0,1.01518,-0.90863,-1.00452,-0.07219,-0.64001,-0.35674,-0.34647,-23.18147,6.77815,-18.97676,-5.00589,-11.25555,-3.98345,1.4628,-24.20434,-9.09598,20.50085,-4.24531,10.58172,-11.30526,-0.17851,1.89238,-1.52094,-2.69344,-5.60954,2.91407,-1.39554,-1.35862,2.19544,-3.79196,1.29628,5.91651,-2.40332,-0.54892,-0.21985
33.9,-0.49178,-0.63864,0.93554,3.04651,0,1.11305,-1.03718,-1.02584,0.12044,-0.90602,-0.32765,-0.26128,-21.76514,8.80659,-16.46605,-7.15365,-12.23094,-1.17758,1.36602,-23.14615,-10.82206,18.12126,-5.72502,10.68296,-9.18433,-0.00684,2.1156,-1.57023,-2.43894,-5.6175,3.00283,-1.39524,-1.35648,3.43609,-3.69996,0.69417,3.5126,-1.96195,-0.51235,-0.44288
33.92,-0.32593,-0.60255,0.84292,2.71433,0,1.17934,-1.09838,-1.02103,0.38827,-1.27948,-0.29489,-0.11766,-19.45356,10.51572,-13.12269,-9.27875,-12.67864,1.63575,1.22784,-21.27356,-12.2178,14.87754,-7.27105,10.34627,-6.64392,0.1078,2.24105,-1.59262,-2.10153,-5.45085,2.98918,-1.34565,-1.28177,4.47535,-3.52025,0.19993,1.07217,-1.45342,-0.44867,-0.59051
33.94,-0.18215,-0.554,0.73916,2.26732,0,1.20128,-1.10057,-0.98143,0.70503,-1.71871,-0.25306,0.07395,-16.33916,11.78393,-9.05964,-11.23706,-12.55776,4.38704,1.05068,-18.61687,-13.18373,10.85316,-8.79877,9.49551,-3.77568,0.15405,2.26952,-1.57356,-1.72005,-5.11278,2.86268,-1.25137,-1.14989,5.27275,-3.2547,-0.14987,-1.24586,-0.9226,-0.37797,-0.69036
33.96,-0.06058,-0.49389,0.6243,1.73673,0,1.1692,-1.05632,-0.90117,1.04105,-2.17435,-0.20064,0.2964,-12.56775,12.51752,-4.45672,-12.88366,-11.86141,7.00346,0.83845,-15.25616,-13.63461,6.2028,-10.20659,8.10718,-0.69143,0.12776,2.20669,-1.50005,-1.33724,-4.61519,2.61685,-1.12049,-0.98491,5.80541,-2.90887,-0.33313,-3.30253,-0.41386,-0.31676,-0.76314
33.98,0.03995,-0.42324,0.4987,1.15864,0,1.07718,-0.981,-0.77797,1.36491,-2.59285,-0.13844,0.52896,-8.32628,12.65952,0.45463,-14.08573,-10.62194,9.40233,0.59737,-11.32022,-13.51288,1.14326,-11.38468,6.21446,2.47562,0.03458,2.06252,-1.36172,-0.99695,-3.97812,2.25052,-0.964,-0.81683,6.06931,-2.49131,-0.34623,-4.99087,0.0332,-0.27587,-0.82069
34,0.12166,-0.34334,0.36309,0.57152,0,0.92337,-0.89125,-0.6137,1.64532,-2.92051,-0.06788,0.75061,-3.82892,12.19577,5.41056,-14.73507,-8.91323,11.48854,0.33656,-6.98226,-12.79995,-4.06107,-12.22544,3.90572,5.57257,-0.10885,1.85051,-1.15184,-0.74105,-3.22878,1.76901,-0.79493,-0.67816,6.07904,-2.01286,-0.20589,-6.24412,0.38761,-0.25947,-0.86607
34.02,0.18742,-0.25586,0.21863,0.01348,0,0.71017,-0.80342,-0.41441,1.85338,-3.10774,0.01023,0.94279,0.69754,11.15659,10.1364,-14.7584,-6.8474,13.15783,0.06805,-2.45092,-11.5223,-9.11833,-12.63468,1.31644,8.43393,-0.27601,1.58667,-0.86801,-0.60587,-2.39997,1.18495,-0.62723,-0.6003,5.86555,-1.48616,0.05254,-7.03838,0.62946,-0.26532,-0.8953
34.04,0.24032,-0.16297,0.06692,-0.48068,0,0.44405,-0.73191,-0.18977,1.96506,-3.11342,0.09618,1.09152,5.02876,9.61337,14.36978,-14.12457,-4.56475,14.30672,-0.19416,2.04387,-9.75085,-13.7342,-12.5429,-1.38541,10.89497,-0.43427,1.28816,-0.51262,-0.61831,-1.52775,0.51838,-0.47458,-0.60983,5.47194,-0.92521,0.38075,-7.38928,0.75096,-0.28627,-0.90054
34.06,0.28318,-0.0673,-0.08989,-0.88268,0,0.13518,-0.68775,0.04791,1.9639,-2.90919,0.19106,1.18863,8.95778,7.67083,17.8839,-12.84857,-2.21838,14.84764,-0.43555,6.26938,-7.59421,-17.64021,-11.91553,-4.01893,12.81009,-0.55048,0.97175,-0.09295,-0.79178,-0.64845,-0.20379,-0.34904,-0.7252,4.94792,-0.34506,0.726,-7.34415,0.75601,-0.31268,-0.8739
34.08,0.31816,0.02811,-0.24916,-1.17352,0,-0.20312,-0.6774,0.28494,1.84336,-2.48319,0.29593,1.23225,12.30892,5.45695,20.50848,-10.99245,0.04323,14.72612,-0.64299,10.01008,-5.18818,-20.62149,-10.76129,-6.41119,14.07245,-0.59729,0.65235,0.37897,-1.12269,0.20436,-0.94881,-0.25984,-0.9538,4.344,0.23837,1.0406,-6.97174,0.65866,-0.33512,-0.81101
34.1,0.34646,0.11994,-0.40775,-1.34531,0,-0.55507,-0.70213,0.50759,1.60834,-1.8427,0.41079,1.22652,14.94896,3.11206,22.14487,-8.66281,2.09175,13.93538,-0.8064,13.08613,-2.68331,-22.53892,-9.13627,-8.41563,14.63013,-0.55854,0.34186,0.88672,-1.58844,1.00232,-1.67961,-0.21235,-1.29001,3.70654,0.80852,1.28969,-6.35184,0.48091,-0.34662,-0.71363
34.12,0.36824,0.20476,-0.56206,-1.40175,0,-0.90326,-0.75798,0.70319,1.2753,-1.01496,0.53379,1.18052,16.7943,0.77813,22.77199,-6.0035,3.82963,12.52384,-0.91979,15.36725,-0.23216,-23.34091,-7.14168,-9.92478,14.49396,-0.43243,0.0486,1.41021,-2.14753,1.72376,-2.35676,-0.20736,-1.71443,3.07432,1.34833,1.4555,-5.56621,0.25004,-0.34393,-0.59023
34.14,0.38273,0.27924,-0.70815,-1.35675,0,-1.22965,-0.83651,0.86111,0.87056,-0.04558,0.66072,1.10654,17.81353,-1.41152,22.4418,-3.18339,5.1946,10.5932,-0.9816,16.78098,2.02304,-23.06296,-4.91424,-10.87588,13.73501,-0.23167,-0.22274,1.92667,-2.74243,2.35412,-2.94083,-0.24087,-2.19449,2.47678,1.8408,1.53717,-4.69159,-0.00446,-0.32755,-0.45461
34.16,0.38858,0.34036,-0.84194,-1.23188,0,-1.51681,-0.92608,0.97348,0.42729,1.00512,0.78501,1.01792,18.02627,-3.34154,21.26658,-0.38025,6.15889,8.28816,-0.99433,17.31556,3.96168,-21.81685,-2.61071,-11.25053,12.4731,0.01896,-0.47065,2.41204,-3.30484,2.88541,-3.39524,-0.30428,-2.68649,1.93386,2.26959,1.5467,-3.79508,-0.25387,-0.30068,-0.32274
34.18,0.38421,0.38574,-0.95944,-1.05296,0,-1.74917,-1.0135,1.03561,-0.0185,2.06728,0.89822,0.92695,17.49921,-4.92246,19.40174,2.23646,6.72485,5.78087,-0.96367,17.01837,5.49389,-19.77321,-0.38973,-11.07026,10.85992,0.287,-0.69593,2.84262,-3.76266,3.31515,-3.68926,-0.38512,-3.13896,1.45696,2.62006,1.50283,-2.93153,-0.47306,-0.26761,-0.20901
34.2,0.36831,0.41379,-1.05705,-0.8466,0,-1.91422,-1.08571,1.04624,-0.4319,3.06754,0.99083,0.84312,16.3397,-6.09608,17.02775,4.52099,6.91907,3.25359,-0.89758,15.99018,6.56626,-17.14121,1.60538,-10.39019,9.06052,0.53747,-0.90075,3.19673,-4.04772,3.64491,-3.80087,-0.4682,-3.49691,1.05065,2.88021,1.4249,-2.14269,-0.64261,-0.23214,-0.12295
34.22,0.34014,0.42392,-1.13183,-0.6372,0,-2.00346,-1.13128,1.00747,-0.78262,3.93528,1.05342,0.77215,14.68602,-6.83774,14.33301,6.36246,6.78627,0.88203,-0.8053,14.37457,7.16307,-14.14722,3.26006,-9.29168,7.23578,0.73797,-1.08758,3.45619,-4.10324,3.87864,-3.71895,-0.53725,-3.70693,0.71441,3.04165,1.32812,-1.45753,-0.75015,-0.19649,-0.06736
34.24,0.2997,0.4165,-1.18166,-0.44463,0,-2.01295,-1.14152,0.92426,-1.04769,4.60886,1.078,0.71586,12.6946,-7.15519,11.49867,7.69088,6.38385,-1.17934,-0.69654,12.34275,7.30291,-11.01385,4.49689,-7.87463,5.52747,0.8631,-1.25819,3.60754,-3.89043,4.02109,-3.44454,-0.577,-3.72268,0.44427,3.10031,1.22135,-0.89309,-0.79059,-0.1609,-0.0384
34.26,0.24788,0.39288,-1.20547,-0.28262,0,-1.94355,-1.11116,0.80384,-1.21327,5.0414,1.05934,0.67274,10.52526,-7.08472,8.68626,8.47858,5.77739,-2.80928,-0.58078,10.07556,7.03184,-7.94088,5.27901,-6.25007,4.04668,0.89784,-1.41285,3.64294,-3.39376,4.0763,-2.99132,-0.57533,-3.51053,0.23403,3.0569,1.1071,-0.45576,-0.76565,-0.12407,-0.02726
34.28,0.18634,0.35523,-1.20336,-0.15814,0,-1.80094,-1.03877,0.65488,-1.27553,5.20563,0.99613,0.63897,8.32701,-6.68557,6.02891,8.73794,5.03705,-3.92835,-0.46682,7.74565,6.41507,-5.09036,5.60944,-4.53299,2.86639,0.83956,-1.54979,3.56097,-2.62435,4.04674,-2.38519,-0.52521,-3.05472,0.07616,2.91736,0.98337,-0.14267,-0.68271,-0.08388,-0.0229
34.3,0.11744,0.30644,-1.17672,-0.07147,0,-1.59529,-0.92679,0.48676,-1.24053,5.09692,0.89161,0.60961,6.22662,-6.03328,3.62656,8.51638,4.23439,-4.50345,-0.36235,5.50275,5.529,-2.57754,5.52701,-2.83579,2.01867,0.69842,-1.66501,3.367,-1.62099,3.93299,-1.66318,-0.42595,-2.36098,-0.0375,2.69283,0.84613,0.05666,-0.55346,-0.03847,-0.01484
34.32,0.04406,0.24987,-1.12822,-0.01713,0,-1.34058,-0.78121,0.30893,-1.12292,4.73357,0.75342,0.57957,4.32141,-5.21225,1.54505,7.88896,3.43879,-4.54759,-0.27373,3.464,4.45453,-0.46894,5.09939,-1.26144,1.49662,0.49569,-1.75239,3.07304,-0.4477,3.73402,-0.87138,-0.28319,-1.45784,-0.11521,2.39926,0.69172,0.15847,-0.39227,0.01306,0.00453
34.34,-0.03055,0.18919,-1.06162,0.01447,0,-1.05352,-0.61088,0.1303,-0.94372,4.15404,0.59253,0.54431,2.67647,-4.30792,-0.18137,6.94903,2.713,-4.1148,-0.20566,1.70975,3.27215,1.21301,4.41374,0.10349,1.2607,0.26028,-1.80422,2.69683,0.81237,3.44793,-0.06164,-0.10766,-0.39487,-0.16492,2.05635,0.51855,0.18271,-0.21459,0.07006,0.03873
34.36,-0.10306,0.12804,-0.98152,0.035,0,-0.75207,-0.42655,-0.04126,-0.72722,3.41175,0.42151,0.50023,1.32584,-3.39891,-1.54545,5.79803,2.10818,-3.29143,-0.16094,0.28436,2.05867,2.48027,3.56609,1.19575,1.24828,0.02382,-1.8119,2.26042,2.06584,3.07314,0.71249,0.08701,0.7617,-0.1938,1.68597,0.32796,0.15083,-0.0354,0.13029,0.08695
34.38,-0.17022,0.06982,-0.89303,0.056,0,-0.45394,-0.23984,-0.19926,-0.49784,2.5687,0.25261,0.44479,0.2765,-2.55043,-2.56102,4.53585,1.65901,-2.18561,-0.14025,-0.79968,0.88504,3.36742,2.65105,1.98093,1.38447,-0.1845,-1.76705,1.78841,3.2195,2.60983,1.40025,0.2869,1.93507,-0.20804,1.31047,0.12435,0.08383,0.13216,0.1901,0.14471
34.4,-0.22912,0.01745,-0.80141,0.08696,0,-0.17526,-0.06223,-0.33886,-0.27729,1.68909,0.09608,0.37659,-0.48623,-1.80976,-3.2569,3.25314,1.38018,-0.91646,-0.14203,-1.55561,-0.18534,3.9203,1.75303,2.45608,1.5925,-0.34235,-1.66248,1.30617,4.18999,2.06129,1.9578,0.48009,3.04482,-0.21257,0.95101,-0.08521,0.00054,0.2777,0.24494,0.20495
34.42,-0.27729,-0.02674,-0.71176,0.13394,0,0.07055,0.09576,-0.45694,-0.08258,0.83387,-0.0408,0.29552,-0.99258,-1.20452,-3.67115,2.02616,1.26487,0.39584,-0.16255,-2.01551,-1.09859,4.18744,0.94012,2.64793,1.80204,-0.43687,-1.49321,0.83813,4.91161,1.43498,2.35163,0.65788,4.01374,-0.21106,0.62618,-0.29172,-0.08347,0.3941,0.2899,0.25946
34.44,-0.31287,-0.06119,-0.62873,0.19898,0,0.27336,0.22517,-0.55202,0.07496,0.05641,-0.15387,0.20284,-1.28269,-0.74381,-3.84623,0.91425,1.28591,1.63867,-0.19619,-2.22376,-1.81302,4.2151,0.2608,2.60654,1.95491,-0.46525,-1.25705,0.40615,5.34113,0.7429,2.56085,0.81501,4.77428,-0.20599,0.35089,-0.48523,-0.15642,0.47752,0.32042,0.30028
34.46,-0.33463,-0.08507,-0.55617,0.28007,0,0.4268,0.31908,-0.6241,0.18976,-0.60043,-0.24156,0.10133,-1.40152,-0.42158,-3.82529,-0.04037,1.39928,2.71409,-0.23587,-2.23118,-2.30224,4.04596,-0.25676,2.39545,2.00802,-0.43331,-0.95513,0.02801,5.46013,0.00143,2.57846,0.94886,5.27437,-0.19887,0.1356,-0.65588,-0.21037,0.527,0.333,0.32105
34.48,-0.34204,-0.09828,-0.4969,0.37175,0,0.52827,0.3729,-0.67443,0.26144,-1.10614,-0.30397,-0.00458,-1.39477,-0.22125,-3.64961,-0.8114,1.54948,3.54448,-0.27373,-2.09032,-2.55793,3.72021,-0.6034,2.0806,1.93451,-0.35304,-0.59216,-0.28365,5.27504,-0.76912,2.41184,1.05817,5.48234,-0.19056,-0.01411,-0.79493,-0.24083,0.54391,0.32575,0.318
34.5,-0.33535,-0.10142,-0.45263,0.46599,0,0.57875,0.38455,-0.70523,0.29382,-1.44329,-0.34195,-0.10897,-1.30565,-0.1205,-3.35723,-1.38636,1.67623,4.07642,-0.30184,-1.85176,-2.59123,3.27756,-0.78624,1.72051,1.72336,-0.23967,-0.1766,-0.52192,4.8156,-1.54497,2.08221,1.14191,5.39029,-0.18158,-0.09757,-0.89555,-0.2462,0.5313,0.29878,0.29058
34.52,-0.31555,-0.09566,-0.42387,0.55327,0,0.58237,0.35452,-0.71934,0.29369,-1.60715,-0.35649,-0.20477,-1.17256,-0.0953,-2.98221,-1.7644,1.7217,4.28264,-0.31303,-1.56143,-2.43143,2.75843,-0.82494,1.35969,1.37816,-0.10904,0.27923,-0.68544,4.1315,-2.29916,1.62312,1.19858,5.01519,-0.17244,-0.11861,-0.95335,-0.22706,0.49328,0.25425,0.24146
34.54,-0.28437,-0.0826,-0.41013,0.62377,0,0.54568,0.28575,-0.71983,0.26958,-1.60457,-0.34855,-0.28448,-1.02738,-0.12266,-2.55444,-1.95419,1.63781,4.16188,-0.30168,-1.25867,-2.12182,2.20361,-0.74744,1.02607,0.91517,0.0244,0.75934,-0.77748,3.28741,-3.00179,1.07764,1.22638,4.39746,-0.16391,-0.08476,-0.9664,-0.18549,0.43456,0.19606,0.17596
34.56,-0.24421,-0.06409,-0.41002,0.66848,0,0.47681,0.1835,-0.70953,0.23059,-1.45209,-0.31929,-0.34118,-0.89442,-0.18219,-2.09977,-1.97234,1.39287,3.73718,-0.26449,-0.97493,-1.7132,1.65227,-0.58566,0.73218,0.36099,0.14883,1.24447,-0.80458,2.357,-3.62021,0.49473,1.22388,3.59716,-0.15719,-0.00609,-0.93513,-0.12434,0.36003,0.12923,0.10099
34.58,-0.19806,-0.04204,-0.42156,0.68032,0,0.38459,0.05503,-0.69071,0.18533,-1.17392,-0.27058,-0.36951,-0.78992,-0.25661,-1.64022,-1.84205,0.97683,3.05276,-0.20105,-0.73312,-1.25658,1.13907,-0.37149,0.47886,-0.25002,0.25565,1.71253,-0.7749,1.41646,-4.11953,-0.07511,1.19113,2.68854,-0.15398,0.10596,-0.86197,-0.0468,0.27459,0.05927,0.02389
34.6,-0.14943,-0.0183,-0.44244,0.65503,0,0.27774,-0.09062,-0.66472,0.14107,-0.79968,-0.20551,-0.3666,-0.72228,-0.33175,-1.19429,-1.59194,0.40374,2.16994,-0.11409,-0.54762,-0.79669,0.69143,-0.13383,0.26007,-0.87844,0.33957,2.13925,-0.69686,0.53835,-4.46341,-0.58415,1.13059,1.75346,-0.15652,0.23972,-0.75105,0.04396,0.18302,-0.00858,-0.04866
34.62,-0.10221,0.00552,-0.47023,0.59171,0,0.16424,-0.24312,-0.63182,0.10317,-0.36212,-0.12858,-0.33255,-0.69276,-0.39625,-0.77709,-1.25449,-0.28931,1.16161,-0.00931,-0.4249,-0.36761,0.32762,0.1033,0.06734,-1.48287,0.39829,2.49884,-0.57808,-0.21386,-4.61537,-0.99168,1.04755,0.87395,-0.16736,0.3843,-0.60795,0.14479,0.08997,-0.06975,-0.11137
34.64,-0.06049,0.0281,-0.50254,0.49308,0,0.05076,-0.39131,-0.59109,0.0747,0.10524,-0.0456,-0.27044,-0.69689,-0.4414,-0.40021,-0.8641,-1.04725,0.10557,0.10529,-0.3648,0.00902,0.05622,0.32142,-0.10671,-2.02323,0.43199,2.76482,-0.42484,-0.79036,-4.54051,-1.26777,0.9497,0.12418,-0.18908,0.53021,-0.43952,0.25249,3e-05,-0.12062,-0.16056
34.66,-0.02836,0.04845,-0.53719,0.36523,0,-0.05764,-0.52384,-0.54044,0.05633,0.57038,0.03682,-0.18592,-0.72621,-0.46096,-0.07137,-0.45469,-1.8052,-0.92291,0.22052,-0.36215,0.32338,-0.12329,0.50724,-0.26638,-2.46427,0.44266,2.91116,-0.24212,-1.15852,-4.20815,-1.39645,0.84611,-0.43751,-0.22389,0.66979,-0.25371,0.36337,-0.08233,-0.1585,-0.19401
34.68,-0.00964,0.06593,-0.57224,0.21714,0,-0.15771,-0.62995,-0.47677,0.04648,1.00489,0.11195,-0.08654,-0.77009,-0.45123,0.20587,-0.05722,-2.49794,-1.85824,0.32718,-0.4085,0.5751,-0.21896,0.65185,-0.41197,-2.77889,0.43346,2.91388,-0.03389,-1.30518,-3.59514,-1.37797,0.74576,-0.77559,-0.27311,0.79743,-0.05939,0.47291,-0.15269,-0.18148,-0.21053
34.7,-0.0076,0.08023,-0.60604,0.05991,0,-0.24803,-0.7001,-0.39624,0.04171,1.3855,0.17366,0.01916,-0.81745,-0.411,0.43223,0.30239,-3.06878,-2.65009,0.41727,-0.49377,0.77028,-0.24434,0.7497,-0.54005,-2.95066,0.40817,2.75318,0.19631,-1.23696,-2.69002,-1.2296,0.65613,-0.88176,-0.3368,0.90956,0.1339,0.57534,-0.20678,-0.18813,-0.20944
34.72,-0.02474,0.09131,-0.63724,-0.0944,0,-0.32876,-0.72673,-0.29462,0.0374,1.6949,0.21699,0.12239,-0.85793,-0.34143,0.61227,0.60475,-3.47597,-3.26646,0.48481,-0.60744,0.91846,-0.21622,0.79787,-0.64442,-2.97495,0.37072,2.41585,0.44474,-0.97851,-1.49734,-0.98448,0.58218,-0.77596,-0.41334,1.00446,0.31641,0.66338,-0.24052,-0.17723,-0.19016
34.74,-0.06246,0.09934,-0.66473,-0.23408,0,-0.40134,-0.70478,-0.16777,0.0286,1.92194,0.23852,0.21496,-0.88256,-0.24565,0.75348,0.83767,-3.69583,-3.694,0.52624,-0.73942,1.03002,-0.15248,0.79572,-0.71748,-2.85863,0.32488,1.89795,0.70699,-0.56842,-0.04159,-0.6883,0.52567,-0.50322,-0.49918,1.08185,0.4789,0.72812,-0.2503,-0.1475,-0.15194
34.76,-0.1209,0.10462,-0.68754,-0.34919,0,-0.46797,-0.63214,-0.01205,0.01106,2.06112,0.23656,0.28987,-0.88403,-0.12828,0.8649,0.99613,-3.72292,-3.93583,0.5405,-0.88045,1.11452,-0.07013,0.74491,-0.75206,-2.61828,0.27407,1.20724,0.9776,-0.05355,1.62973,-0.39403,0.48515,-0.12718,-0.5888,1.14246,0.61352,0.75911,-0.23311,-0.09744,-0.09391
34.78,-0.19875,0.10745,-0.70484,-0.43284,0,-0.53116,-0.51003,0.17504,-0.01794,2.11201,0.21112,0.34186,-0.85666,0.00515,0.95564,1.08177,-3.56805,-4.0081,0.52874,-1.02225,1.17962,0.0162,0.64974,-0.74302,-2.27783,0.22123,0.36508,1.24989,0.51703,3.44481,-0.1555,0.45627,0.2786,-0.6747,1.18762,0.7147,0.74469,-0.18692,-0.02541,-0.01533
34.8,-0.29323,0.1081,-0.7159,-0.48199,0,-0.59319,-0.34306,0.3944,-0.05896,2.07841,0.16387,0.36768,-0.7964,0.14863,1.03352,1.10198,-3.25493,-3.93581,0.49397,-1.15753,1.23079,0.09526,0.51747,-0.68863,-1.86581,0.16882,-0.5929,1.51599,1.09726,5.30886,-0.02066,0.43252,0.64008,-0.74765,1.21888,0.77992,0.67243,-0.11087,0.07006,0.08381
34.82,-0.40013,0.10674,-0.72007,-0.49742,0,-0.65577,-0.13916,0.64479,-0.1104,1.96771,0.09803,0.36612,-0.70095,0.29595,1.10411,1.06864,-2.81618,-3.74875,0.44048,-1.27991,1.27153,0.15951,0.35839,-0.59127,-1.41271,0.11885,-1.61816,1.76695,1.64743,7.10897,-0.02514,0.40616,0.89166,-0.79701,1.23782,0.80997,0.5297,-0.00555,0.18967,0.20202
34.84,-0.51407,0.10338,-0.71683,-0.48302,0,-0.71979,0.091,0.92246,-0.16894,1.79014,0.01813,0.33784,-0.56999,0.44068,1.17026,0.99666,-2.28898,-3.47779,0.37329,-1.38385,1.30393,0.20482,0.18542,-0.45737,-0.94848,0.07293,-2.65268,1.99305,2.13548,8.72286,-0.18696,0.36929,0.98378,-0.81125,1.24592,0.8088,0.30433,0.12697,0.3324,0.3354
34.86,-0.6289,0.09788,-0.70577,-0.44433,0,-0.78513,0.33473,1.22089,-0.23048,1.55829,-0.0702,0.28495,-0.40563,0.57618,1.23205,0.90237,-1.71101,-3.15185,0.29756,-1.46459,1.32954,0.22967,0.01332,-0.29669,-0.50036,0.03229,-3.63447,2.18422,2.53645,10.03095,-0.5026,0.31502,0.88867,-0.77854,1.24451,0.78288,-0.01469,0.28305,0.49451,0.47668
34.88,-0.73814,0.08997,-0.68669,-0.38694,0,-0.85066,0.57827,1.53085,-0.29109,1.28664,-0.16058,0.21048,-0.21281,0.69541,1.28733,0.80194,-1.11697,-2.79576,0.21813,-1.51808,1.35028,0.23397,-0.14235,-0.12114,-0.09112,-0.0022,-4.50383,2.3307,2.83109,10.92975,-0.94546,0.2384,0.60385,-0.68747,1.2349,0.74027,-0.43636,0.45755,0.6686,0.61455
34.9,-0.83546,0.0793,-0.65963,-0.31507,0,-0.91433,0.8077,1.8406,-0.34791,0.99134,-0.2464,0.11786,0.0004,0.79099,1.33235,0.71003,-0.53624,-2.42921,0.13916,-1.54087,1.36931,0.21783,-0.26639,0.05656,0.26213,-0.02998,-5.20939,2.42371,3.00447,11.34418,-1.46714,0.13728,0.15258,-0.52782,1.2185,0.68959,-0.96687,0.64381,0.84293,0.73346
34.92,-0.91503,0.0655,-0.62488,-0.23068,0,-0.97332,1.00974,2.1364,-0.39939,0.68986,-0.32139,0.01052,0.22298,0.85539,1.36272,0.6387,0.00824,-2.06646,0.06398,-1.52972,1.39162,0.18034,-0.345,0.22418,0.5485,-0.05083,-5.71255,2.45615,3.04525,11.23624,-2.00242,0.01266,-0.41915,-0.29129,1.19684,0.63888,-1.60866,0.83366,1.00143,0.81403
34.94,-0.9718,0.04827,-0.58293,-0.13334,0,-1.02416,1.17235,2.40334,-0.44507,0.40047,-0.38043,-0.10855,0.44161,0.88141,1.37425,0.59655,0.49996,-1.71692,-0.00495,-1.48108,1.42414,0.11864,-0.36676,0.37117,0.76334,-0.06487,-5.98998,2.42314,2.94598,10.60866,-2.47774,-0.1314,-1.0492,0.02794,1.17157,0.59457,-2.35967,1.01743,1.12426,0.83432
34.96,-1.00169,0.02752,-0.53439,-0.02078,0,-1.06299,1.28528,2.62635,-0.4849,0.1415,-0.42035,-0.23694,0.64197,0.86283,1.36393,0.5882,0.92776,-1.38611,-0.06591,-1.39029,1.47546,0.02717,-0.32335,0.48956,0.90776,-0.07255,-6.03426,2.32248,2.70439,9.50391,-2.8222,-0.28821,-1.66836,0.43257,1.14425,0.56056,-3.21253,1.18404,1.18924,0.77185
34.98,-1.00172,0.00344,-0.47987,0.11009,0,-1.08574,1.34056,2.79143,-0.51833,-0.06969,-0.44071,-0.37289,0.81044,0.79517,1.33093,0.61404,1.28445,-1.07697,-0.11773,-1.25092,1.55512,-0.1025,-0.21018,0.5746,0.98781,-0.07468,-5.85311,2.15501,2.32523,7.99954,-2.97893,-0.44923,-2.21048,0.92159,1.11618,0.53754,-4.15384,1.32122,1.17368,0.60606
35,-0.97017,-0.02346,-0.42,0.26192,0,-1.08841,1.33301,2.88674,-0.54362,-0.21795,-0.44414,-0.51501,0.93624,0.67632,1.27749,0.67029,1.56515,-0.79106,-0.15959,-1.05418,1.67253,-0.28137,-0.02682,0.62505,1.01346,-0.07237,-5.46774,1.92477,1.82188,6.20086,-2.91432,-0.60493,-2.62132,1.48963,1.08813,0.52264,-5.1633,1.41604,1.05666,0.32105
35.02,-0.90672,-0.05222,-0.35532,0.43565,0,-1.06721,1.26064,2.90342,-0.55766,-0.29184,-0.4363,-0.66188,1.01365,0.50685,1.20977,0.74936,1.76593,-0.52947,-0.19087,-0.78868,1.83546,-0.52208,0.22284,0.64285,0.99732,-0.06693,-4.91013,1.63888,1.21707,4.23111,-2.62285,-0.74564,-2.86474,2.12613,1.06016,0.50956,-6.21282,1.45563,0.82135,-0.09195
35.04,-0.81253,-0.08157,-0.28639,0.62946,0,-1.01866,1.12506,2.83593,-0.55619,-0.2852,-0.42513,-0.81123,1.0442,0.28993,1.13836,0.84051,1.88286,-0.29322,-0.21107,-0.44056,2.04822,-0.83742,0.53064,0.63245,0.95316,-0.05979,-4.21956,1.30697,0.54213,2.21963,-2.12655,-0.86235,-2.92523,2.81469,1.03133,0.48911,-7.26564,1.42815,0.45721,-0.63239
35.06,-0.69027,-0.1099,-0.21379,0.8381,0,-0.93974,0.93169,2.68206,-0.53467,-0.19869,-0.41965,-0.95928,1.03851,0.03085,1.07855,0.93084,1.91166,-0.0832,-0.21975,0.00603,2.30972,-1.23841,0.88449,0.59964,0.89446,-0.05226,-3.4387,0.94027,-0.16518,0.28899,-1.46983,-0.94743,-2.8072,3.53249,0.99953,0.45022,-8.27584,1.32411,-0.03784,-1.2889
35.08,-0.54418,-0.13547,-0.13818,1.05259,0,-0.82803,0.68991,2.4429,-0.48932,-0.04101,-0.42844,-1.10007,1.01754,-0.2636,1.05014,1.00636,1.84804,0.10023,-0.21664,0.56792,2.61169,-1.73241,1.26881,0.55035,0.83315,-0.0454,-2.60994,0.55076,-0.8638,-1.45682,-0.71145,-0.99523,-2.5319,4.25026,0.96153,0.38127,-9.1886,1.13783,-0.65564,-2.03835
35.1,-0.38,-0.1565,-0.0604,1.26047,0,-0.68205,0.41295,2.12274,-0.41811,0.17073,-0.45811,-1.22526,1.01252,-0.58575,1.07684,1.0532,1.68858,0.25779,-0.20173,1.26137,2.93752,-2.32148,1.66503,0.48946,0.77861,-0.03983,-1.77248,0.15027,-1.51286,-2.9412,0.08424,-1.00257,-2.13293,4.93269,0.91323,0.27159,-9.94156,0.86886,-1.37625,-2.84569
35.12,-0.20482,-0.17136,0.01856,1.44665,0,-0.5017,0.11733,1.72906,-0.32143,0.41172,-0.51194,-1.32449,1.06339,-0.92759,1.18483,1.0588,1.43204,0.39169,-0.17536,2.10013,3.26181,-3.0014,2.05205,0.41989,0.73735,-0.0357,-0.96041,-0.25,-2.07526,-4.11916,0.85515,-0.96903,-1.65113,5.5396,0.85014,0.11298,-10.467,0.52328,-2.16723,-3.66487
35.14,-0.0267,-0.17868,0.09758,1.59473,0,-0.28875,-0.17808,1.27241,-0.2022,0.65156,-0.58895,-1.38632,1.21522,-1.28095,1.4007,1.01288,1.08087,0.50591,-0.13839,3.09296,3.55109,-3.76153,2.40685,0.34203,0.71312,-0.03269,-0.20179,-0.63977,-2.52088,-4.9764,1.54752,-0.89698,-1.12929,6.02788,0.76824,-0.09885,-10.69535,0.11431,-2.98381,-4.44077
35.16,0.14578,-0.17757,0.17546,1.68883,0,-0.04742,-0.45355,0.76627,-0.0655,0.8574,-0.68336,-1.39968,1.51324,-1.63758,1.74867,0.90839,0.64271,0.60622,-0.09223,4.24106,3.76556,-4.58527,2.70525,0.25355,0.70743,-0.0301,0.48157,-1.00977,-2.82926,-5.52445,2.11996,-0.79135,-0.60727,6.35426,0.66478,-0.36307,-10.55974,-0.33758,-3.77037,-5.11239
35.18,0.30418,-0.16763,0.25112,1.71552,0,0.21537,-0.69017,0.22681,0.08204,0.99778,-0.78477,-1.35561,1.99688,-1.98885,2.24744,0.74233,0.13158,0.69993,-0.03892,5.53541,3.86186,-5.45107,2.92303,0.14965,0.72035,-0.02697,1.07372,-1.35173,-2.99157,-5.79353,2.54565,-0.65931,-0.11806,6.47864,0.53918,-0.67294,-10.0017,-0.8055,-4.46318,-5.61693
35.2,0.44073,-0.14913,0.32367,1.66563,0,0.48983,-0.87145,-0.32745,0.23312,1.0463,-0.87898,-1.24878,2.6939,-2.32524,2.90709,0.51627,-0.43156,0.79532,0.01896,6.95436,3.79672,-6.33336,3.03755,0.02365,0.75131,-0.02224,1.56399,-1.65835,-3.01119,-5.82506,2.81279,-0.50977,0.31461,6.36774,0.39352,-1.01549,-8.97728,-1.25788,-4.99469,-5.89436
35.22,0.54887,-0.12295,0.39253,1.53535,0,0.76382,-0.98469,-0.87629,0.38051,0.98475,-0.94951,-1.0786,3.61526,-2.63545,3.7262,0.23668,-1.01938,0.90072,0.07831,8.46171,3.53098,-7.20302,3.02963,-0.13205,0.79967,-0.0149,1.94634,-1.92336,-2.90275,-5.66498,2.9236,-0.35271,0.67686,5.99819,0.23252,-1.37205,-7.46266,-1.66137,-5.2991,-5.89201
35.24,0.62361,-0.09056,0.45745,1.32668,0,1.02374,-1.02201,-1.39874,0.5178,0.80514,-0.97986,-0.84953,4.75137,-2.90539,4.6897,-0.08527,-1.59992,1.02333,0.1358,10.00568,3.03387,-8.02745,2.8858,-0.32478,0.86502,-0.00404,2.21874,-2.14161,-2.68926,-5.35878,2.89193,-0.19837,0.96336,5.35892,0.06291,-1.71953,-5.45845,-1.98473,-5.31912,-5.56903
35.26,0.66183,-0.05382,0.51856,1.04713,0,1.25595,-0.9809,-1.87442,0.63984,0.5106,-0.95613,-0.57075,6.07009,-3.11732,5.76753,-0.43428,-2.13945,1.1679,0.1881,11.5192,2.28714,-8.77041,2.60064,-0.56029,0.94716,0.01104,2.38294,-2.30937,-2.39808,-4.94826,2.74012,-0.05633,1.17483,4.45276,-0.10776,-2.03243,-2.99273,-2.20344,-5.0135,-4.90045
35.28,0.66245,-0.01485,0.57635,0.709,0,1.44837,-0.86444,-2.28505,0.74317,0.11535,-0.86961,-0.25533,7.51667,-3.24967,6.91452,-0.7919,-2.60584,1.33559,0.2322,12.92197,1.28887,-9.39227,2.17885,-0.84166,1.04608,0.03088,2.44422,-2.42472,-2.05664,-4.47013,2.49563,0.06534,1.31498,3.29748,-0.27255,-2.28541,-0.12285,-2.30404,-4.36421,-3.88116
35.3,0.62651,0.02414,0.63161,0.32831,0,1.59188,-0.68109,-2.61576,0.82601,-0.35657,-0.71867,0.08079,9.0159,-3.27783,8.0715,-1.13778,-2.97182,1.52323,0.26574,14.1244,0.05619,-9.85086,1.63657,-1.16864,1.1619,0.05582,2.41134,-2.48793,-1.68878,-3.9557,2.188,0.16078,1.38784,1.92613,-0.42635,-2.45576,3.06407,-2.28721,-3.38197,-2.52916
35.32,0.55701,0.06101,0.68539,-0.07629,0,1.68125,-0.44395,-2.85605,0.88814,-0.87357,-0.50953,0.42002,10.47639,-3.17625,9.16792,-1.45123,-3.21747,1.72339,0.28717,15.03326,-1.37368,-10.10311,1.00133,-1.53754,1.29492,0.08613,2.29621,-2.50169,-1.31264,-3.43127,1.84627,0.22657,1.39615,0.38641,-0.56681,-2.52565,6.45273,-2.16856,-2.10855,-0.88749
35.34,0.45865,0.09385,0.73886,-0.48483,0,1.71539,-0.16948,-3.00019,0.93038,-1.39986,-0.25553,0.74438,11.79723,-2.92172,10.12587,-1.71301,-3.33155,1.92504,0.29581,15.55884,-2.9447,-10.10747,0.31023,-1.94198,1.44584,0.12208,2.11321,-2.47091,-0.94017,-2.91853,1.49699,0.26176,1.34106,-1.26132,-0.69462,-2.48374,9.90373,-1.9768,-0.61492,0.97569
35.36,0.33735,0.12101,0.79316,-0.87739,0,1.69711,0.12413,-3.04723,0.954,-1.89951,0.02474,1.03679,12.87644,-2.49754,10.86574,-1.90722,-3.31167,2.115,0.29189,15.62352,-4.58531,-9.82717,-0.3933,-2.37397,1.61596,0.16402,1.8783,-2.40249,-0.57807,-2.43498,1.16292,0.26742,1.22305,-2.94725,-0.81334,-2.32622,13.2604,-1.74946,1.00431,2.96924
35.38,0.19976,0.14123,0.84931,-1.23543,0,1.63252,0.41874,-3.00081,0.96014,-2.34051,0.31009,1.2823,13.62053,-1.89784,11.31278,-2.0231,-3.16355,2.27962,0.27634,15.17081,-6.2133,-9.23433,-1.06361,-2.82521,1.80726,0.21248,1.6082,-2.30488,-0.22973,-1.99441,0.86224,0.24615,1.04356,-4.59623,-0.92887,-2.05731,16.35774,-1.52742,2.63909,4.98317
35.4,0.0528,0.15367,0.90806,-1.54302,0,1.53037,0.69776,-2.86882,0.94942,-2.69817,0.57937,1.46909,13.95345,-1.13102,11.40398,-2.05635,-2.89922,2.40642,0.25058,14.17349,-7.74152,-8.31427,-1.65707,-3.28794,2.02204,0.26816,1.31964,-2.18771,0.10262,-1.60757,0.6084,0.2015,0.80675,-6.13221,-1.04866,-1.68907,19.03246,-1.34903,4.1736,6.8948
35.42,-0.09671,0.15797,0.9698,-1.78792,0,1.40136,0.94726,-2.66302,0.92193,-2.95705,0.81371,1.58918,13.82345,-0.2213,11.09397,-2.00961,-2.53437,2.48523,0.21616,12.63867,-9.08374,-7.06902,-2.13571,-3.75487,2.26186,0.3318,1.02903,-2.06135,0.41626,-1.28305,0.41032,0.13751,0.52072,-7.48271,-1.18092,-1.24055,21.13311,-1.24501,5.49611,8.57703
35.44,-0.24236,0.1542,1.03447,-1.96229,0,1.25748,1.15656,-2.39833,0.87746,-3.1112,0.99817,1.63879,13.20678,0.79217,10.35941,-1.89191,-2.08474,2.5087,0.17441,10.60888,-10.16044,-5.51954,-2.47012,-4.21819,2.5259,0.40401,0.75223,-1.9365,0.70694,-1.02829,0.27291,0.05836,0.19783,-8.58318,-1.33372,-0.73597,22.52979,-1.23438,6.50873,9.90843
35.46,-0.3784,0.14291,1.10145,-2.06325,0,1.11141,1.31833,-2.09212,0.81607,-3.16301,1.1226,1.61843,12.10883,1.85842,9.20166,-1.71732,-1.56248,2.47226,0.12598,8.15945,-10.90442,-3.70636,-2.64155,-4.66801,2.80898,0.48489,0.50458,-1.82368,0.96883,-0.85053,0.19777,-0.0318,-0.1459,-9.38122,-1.51417,-0.20234,23.12374,-1.32187,7.13643,10.78485
35.48,-0.49989,0.12507,1.16961,-2.09315,0,0.97593,1.42844,-1.76334,0.73877,-3.12133,1.18201,1.53268,10.56331,2.91934,7.64818,-1.50315,-0.97298,2.37398,0.07049,5.39336,-11.26618,-1.68897,-2.64317,-5.09072,3.09988,0.57383,0.30092,-1.73273,1.19501,-0.75753,0.18377,-0.12892,-0.49194,-9.84066,-1.72765,0.33312,22.85649,-1.49691,7.33457,11.13111
35.5,-0.60279,0.10198,1.23728,-2.05948,0,0.86333,1.48559,-1.43166,0.64807,-2.99916,1.17651,1.38994,8.6299,3.91488,5.75217,-1.26804,-0.3135,2.21446,0.00646,2.43447,-11.21807,0.45616,-2.48061,-5.46811,3.38054,0.6692,0.1554,-1.67235,1.37833,-0.75779,0.2275,-0.22901,-0.82068,-9.94461,-1.9772,0.84534,21.71741,-1.73434,7.09405,10.91059
35.52,-0.68397,0.07524,1.30235,-1.97418,0,0.78474,1.49085,-1.11646,0.54825,-2.81163,1.11079,1.20185,6.39031,4.78799,3.58981,-1.03011,0.42593,1.99703,-0.06863,-0.5804,-10.7566,2.63925,-2.17136,-5.77744,3.62665,0.76823,0.08109,-1.64953,1.5123,-0.85997,0.3235,-0.32803,-1.11288,-9.69697,-2.26283,1.31315,19.74755,-1.99675,6.44245,10.13071
35.54,-0.74125,0.04655,1.36233,-1.85238,0,0.74927,1.44711,-0.83557,0.44524,-2.57406,0.99331,0.98242,3.94225,5.48906,1.25485,-0.80547,1.25926,1.72808,-0.15788,-3.51087,-9.90212,4.76274,-1.74326,-5.99283,3.80976,0.86707,0.08913,-1.66892,1.59169,-1.07161,0.46417,-0.42183,-1.35083,-9.12164,-2.58102,1.7203,17.03862,-2.2387,5.44095,8.84283
35.56,-0.77323,0.01758,1.41448,-1.71067,0,0.76301,1.3586,-0.60388,0.34602,-2.30068,0.83528,0.74702,1.39217,5.97953,-1.149,-0.60696,2.19914,1.41745,-0.26436,-6.22304,-8.69662,6.72862,-1.23197,-6.08762,3.90077,0.96089,0.18761,-1.73216,1.61312,-1.3971,0.63952,-0.50603,-1.51938,-8.26009,-2.92438,2.05587,13.7275,-2.41215,4.17746,7.13741
35.58,-0.77935,-0.01019,1.45595,-1.56521,0,0.82809,1.23043,-0.43199,0.25778,-2.00366,0.64962,0.51117,-1.15235,6.23484,-3.51654,-0.44339,3.25102,1.07862,-0.39027,-8.59941,-7.20021,8.44633,-0.678,-6.03743,3.87426,1.0442,0.38033,-1.83728,1.57532,-1.83563,0.83692,-0.57606,-1.60676,-7.16789,-3.28146,2.31417,9.98773,-2.47253,2.75749,5.13552
35.6,-0.75981,-0.03562,1.48403,-1.43001,0,0.94195,1.06834,-0.32511,0.18703,-1.69284,0.44998,0.2895,-3.58942,6.24623,-5.74874,-0.31931,4.40766,0.7283,-0.53628,-10.54712,-5.48704,9.84019,-0.12354,-5.82298,3.71272,1.11123,0.66579,-1.97833,1.47931,-2.37939,1.0409,-0.62721,-1.60514,-5.91072,-3.63707,2.49425,6.01872,-2.38453,1.29395,2.97819
35.62,-0.71559,-0.05795,1.4963,-1.31554,0,1.09696,0.87852,-0.28249,0.13865,-1.37574,0.24988,0.0947,-5.82814,6.02091,-7.75865,-0.23525,5.64537,0.38493,-0.7009,-12.00326,-3.64056,10.855,0.3908,-5.43189,3.40985,1.15618,1.03662,-2.14527,1.32837,-3.01257,1.23343,-0.65477,-1.51085,-4.55978,-3.9728,2.59896,2.03259,-2.12678,-0.10297,0.81416
35.64,-0.64835,-0.0768,1.49077,-1.22787,0,1.28051,0.66733,-0.29734,0.11509,-1.0578,0.06198,-0.06334,-7.79242,5.58066,-9.47521,-0.18859,6.92274,0.06633,-0.88017,-12.93696,-1.74803,11.45926,0.82913,-4.85909,2.97235,1.1736,1.47963,-2.32432,1.12771,-3.71137,1.39447,-0.65425,-1.32434,-3.18671,-4.26796,2.63373,-1.76131,-1.69479,-1.33556,-1.21345
35.66,-0.56041,-0.09209,1.46596,-1.16821,0,1.47565,0.44129,-0.35741,0.11582,-0.74289,-0.10256,-0.17827,-9.42369,4.95901,-10.84536,-0.1746,8.18201,-0.21344,-1.06767,-13.34869,0.10533,11.64639,1.1632,-4.10609,2.42007,1.15865,1.97653,-2.49853,0.88407,-4.44517,1.50314,-0.62167,-1.04992,-1.8583,-4.50086,2.60529,-5.17333,-1.10214,-2.32721,-2.98045
35.68,-0.45471,-0.10395,1.42102,-1.133,0,1.66214,0.20686,-0.44592,0.13699,-0.43387,-0.2346,-0.24778,-10.6826,4.19789,-11.83503,-0.18769,9.35298,-0.44685,-1.25475,-13.26785,1.84194,11.43434,1.37487,-3.18001,1.78473,1.10739,2.50502,-2.64887,0.60526,-5.17829,1.53915,-0.55395,-0.69548,-0.63173,-4.65048,2.52059,-8.04933,-0.37991,-3.02909,-4.39334
35.7,-0.33473,-0.1126,1.35577,-1.11439,0,1.81789,-0.02949,-0.54309,0.17149,-0.13325,-0.3273,-0.2738,-11.54985,3.34425,-12.42944,-0.22245,10.3586,-0.63442,-1.43118,-12.74888,3.39634,10.86381,1.45743,-2.09299,1.10722,1.01724,3.04013,-2.75547,0.29982,-5.8723,1.48454,-0.44936,-0.27233,0.44888,-4.69811,2.38609,-10.28284,0.42574,-3.4237,-5.3973
35.72,-0.20451,-0.11822,1.27073,-1.10128,0,1.92071,-0.26128,-0.6278,0.20954,0.15612,-0.37631,-0.26229,-12.02564,2.44681,-12.63229,-0.27428,11.12178,-0.78421,-1.58585,-11.86589,4.71808,9.99456,1.41578,-0.86247,0.43354,0.88731,3.55554,-2.79911,-0.02319,-6.48809,1.32535,-0.30798,0.2049,1.35415,-4.62887,2.20756,-11.82075,1.25771,-3.52438,-5.97889
35.74,-0.06844,-0.12083,1.16701,-1.08048,0,1.95014,-0.48197,-0.6797,0.2396,0.43047,-0.3797,-0.22254,-12.1277,1.55304,-12.46417,-0.33959,11.57263,-0.90892,-1.70783,-10.70568,5.77288,8.89979,1.26491,0.48778,-0.19042,0.71875,4.0247,-2.76258,-0.35443,-6.9878,1.05322,-0.13205,0.71826,2.06933,-4.43274,1.99025,-12.66201,2.05407,-3.37052,-6.16267
35.76,0.06881,-0.12031,1.04613,-1.03834,0,1.88956,-0.68501,-0.68135,0.24985,0.68475,-0.33778,-0.16612,-11.88859,0.70636,-11.9604,-0.41554,11.65601,-1.02154,-1.78747,-9.35994,6.54253,7.65931,1.02733,1.92613,-0.72486,0.51514,4.42205,-2.63222,-0.68429,-7.33639,0.6668,0.07374,1.24658,2.59271,-4.10537,1.73944,-12.85069,2.75517,-3.01952,-6.00331
35.78,0.20253,-0.11628,0.90986,-0.96225,0,1.7281,-0.86391,-0.62036,0.22963,0.91254,-0.25292,-0.10558,-11.35267,-0.05613,-11.16878,-0.49962,11.33859,-1.13056,-1.81751,-7.91799,7.02387,6.35273,0.72986,3.41138,-1.14153,0.2827,4.72402,-2.39939,-1.00312,-7.5032,0.17304,0.30203,1.76573,2.93323,-3.64864,1.46104,-12.46576,3.3109,-2.53737,-5.57495
35.8,0.32818,-0.10829,0.76008,-0.84215,0,1.46235,-1.01249,-0.49102,0.17093,1.10628,-0.12932,-0.05315,-10.57325,-0.70541,-10.14731,-0.58909,10.61423,-1.23644,-1.79408,-6.46087,7.22718,5.05365,0.40047,4.89171,-1.42764,0.03052,4.90994,-2.06174,-1.30135,-7.46305,-0.41187,0.54283,2.24902,3.10791,-3.07117,1.16204,-11.60996,3.68651,-1.98963,-4.96033
35.82,0.44155,-0.09584,0.59877,-0.67161,0,1.09735,-1.12521,-0.29533,0.06943,1.25786,0.0272,-0.01945,-9.60936,-1.2216,-8.96106,-0.68059,9.50633,-1.33038,-1.71716,-5.05734,7.17386,3.82542,0.06549,6.30476,-1.58697,-0.22954,4.96255,-1.62411,-1.56974,-7.19688,-1.06203,0.7837,2.66802,3.13918,-2.38857,0.85053,-10.39905,3.86582,-1.4344,-4.24112
35.84,0.53902,-0.07862,0.42795,-0.44845,0,0.64669,-1.1976,-0.04303,-0.07487,1.35965,0.20937,-0.01239,-8.52211,-1.59437,-7.67816,-0.76993,8.06615,-1.39608,-1.59064,-3.76152,6.89351,2.71851,-0.2524,7.57962,-1.63816,-0.48319,4.8681,-1.09872,-1.79977,-6.69157,-1.74224,1.01022,2.99379,3.05264,-1.62304,0.53511,-8.95195,3.85137,-0.91777,-3.49025
35.86,0.61769,-0.05671,0.24966,-0.17495,0,0.13181,-1.22673,0.24922,-0.25756,1.40563,0.40867,-0.03633,-7.37089,-1.82284,-6.36501,-0.85224,6.36796,-1.41379,-1.42178,-2.61224,6.42082,1.76929,-0.53562,8.6407,-1.61048,-0.71444,4.61626,-0.50471,-1.98403,-5.93961,-2.40928,1.20689,3.19852,2.87518,-0.80258,0.22386,-7.38263,3.66186,-0.47174,-2.76667
35.88,0.67557,-0.03073,0.06604,0.14225,0,-0.41953,-1.21177,0.55938,-0.47003,1.39267,0.61554,-0.09151,-6.20996,-1.91499,-5.08173,-0.92224,4.50201,-1.36557,-1.22045,-1.63343,5.7929,0.99985,-0.77247,9.41373,-1.53843,-0.9067,4.20032,0.13292,-2.11669,-4.93887,-3.01435,1.35813,3.25768,2.6335,0.04028,-0.07678,-5.79392,3.32803,-0.11436,-2.1125
35.9,0.71176,-0.00199,-0.12063,0.49252,0,-0.97529,-1.15429,0.86227,-0.70016,1.32145,0.81953,-0.17392,-5.086,-1.88664,-3.87859,-0.97482,2.56686,-1.24015,-0.99817,-0.83551,5.04726,0.41865,-0.95732,9.83288,-1.45655,-1.04429,3.61763,0.78494,-2.19387,-3.69326,-3.50664,1.44962,3.15226,2.35312,0.87017,-0.36271,-4.27341,2.88799,0.14885,-1.55237
35.92,0.7264,0.02763,-0.30784,0.86171,0,-1.50175,-1.05838,1.13209,-0.93318,1.19676,1.00951,-0.27566,-4.03661,-1.75968,-2.79382,-1.00571,0.66147,-1.03602,-0.76715,-0.21715,4.22059,0.02162,-1.09041,9.84858,-1.39534,-1.11405,2.87052,1.42008,-2.2136,-2.21394,-3.83804,1.46961,2.87084,2.05737,1.65105,-0.63224,-2.89106,2.38267,0.32241,-1.09479
35.94,0.72063,0.05585,-0.49283,1.23289,0,-1.96652,-0.93027,1.34544,-1.15282,1.02704,1.174,-0.38585,-3.08962,-1.55978,-1.85289,-1.01209,-1.12242,-0.76207,-0.53913,0.23275,3.34801,-0.20652,-1.17706,9.43521,-1.37877,-1.10728,1.9673,2.00781,-2.17555,-0.52101,-3.96868,1.41023,2.41134,1.76652,2.34887,-0.88531,-1.69814,1.85185,0.41805,-0.735
35.96,0.69641,0.08035,-0.67258,1.58722,0,-2.34186,-0.77776,1.48425,-1.34271,0.8233,1.30154,-0.49193,-2.26315,-1.3136,-1.06885,-0.99327,-2.70733,-0.43598,-0.32443,0.53311,2.46272,-0.29075,-1.22667,8.59832,-1.42314,-1.0215,0.92333,2.52138,-2.08054,1.35459,-3.87284,1.26867,1.78219,1.49679,2.93458,-1.12219,-0.72704,1.331,0.4517,-0.45878
35.98,0.6563,0.09911,-0.8439,1.90516,0,-2.60765,-0.60943,1.53839,-1.4878,0.59776,1.38137,-0.58127,-1.56619,-1.04607,-0.44378,-0.95125,-4.03564,-0.08128,-0.13099,0.70873,1.59601,-0.26382,-1.25155,7.38095,-1.53666,-0.8619,-0.23788,2.94073,-1.93024,3.36931,-3.54428,1.04816,1.00326,1.25965,3.38704,-1.34195,0.00813,0.84902,0.44079,-0.24673
36,0.6033,0.11082,-1.00352,2.16775,0,-2.75368,-0.43395,1.50735,-1.57583,0.36255,1.40422,-0.64266,-0.99971,-0.77813,0.0293,-0.89102,-5.07308,0.27606,0.03612,0.78825,0.77718,-0.1638,-1.26554,5.86764,-1.71878,-0.64195,-1.48405,3.25451,-1.72725,5.46591,-2.99938,0.7585,0.1061,1.06143,3.69527,-1.54126,0.51008,0.427,0.40199,-0.07829
36.02,0.54072,0.11499,-1.1482,2.35804,0,-2.78047,-0.25952,1.40035,-1.59844,0.12866,1.36338,-0.66763,-0.558,-0.52525,0.36416,-0.82046,-5.80905,0.61047,0.17483,0.80177,0.03325,-0.03076,-1.28273,4.18463,-1.95898,-0.38276,-2.77424,3.46065,-1.47568,7.57364,-2.27708,0.41586,-0.86663,0.90351,3.85922,-1.7138,0.79607,0.07796,0.34963,0.06497
36.04,0.47202,0.11205,-1.27488,2.46252,0,-2.69853,-0.0935,1.23492,-1.55196,-0.09463,1.25568,-0.65134,-0.23009,-0.29681,0.57914,-0.74981,-6.25399,0.89892,0.28579,0.77828,-0.61185,0.09744,-1.31593,2.49492,-2.23463,-0.11101,-4.06012,3.56524,-1.18224,9.61017,-1.43478,0.04178,-1.86285,0.78295,3.88914,-1.85058,0.89484,-0.19271,0.29474,0.19697
36.06,0.40069,0.10315,-1.38077,2.47257,0,-2.52626,0.05781,1.034,-1.43788,-0.29996,1.08251,-0.59313,-0.00122,-0.09637,0.69499,-0.69067,-6.43456,1.12204,0.37175,0.74291,-1.13865,0.18972,-1.3754,0.98818,-2.50898,0.14419,-5.28831,3.58019,-0.8573,11.48566,-0.54106,-0.33862,-2.82395,0.69361,3.8035,-1.94096,0.84304,-0.38611,0.24475,0.32587
36.08,0.3302,0.08997,-1.4636,2.3857,0,-2.28716,0.18923,0.82246,-1.26286,-0.48177,0.85061,-0.49658,0.14594,0.07742,0.73312,-0.65468,-6.38783,1.26484,0.4368,0.71455,-1.53367,0.22599,-1.46767,-0.13379,-2.73026,0.35493,-6.40377,3.52034,-0.51588,13.10843,0.3331,-0.69891,-3.68856,0.62744,3.62629,-1.97439,0.68154,-0.50847,0.20362,0.45372
36.1,0.26388,0.07441,-1.52179,2.20637,0,-2.00683,0.29669,0.62363,-1.03839,-0.63605,0.57225,-0.36924,0.22995,0.22934,0.71417,-0.65216,-6.15604,1.31703,0.48561,0.70411,-1.79081,0.2,-1.5949,-0.6753,-2.83365,0.49778,-7.35344,3.40082,-0.1776,14.39179,1.12279,-1.01376,-4.39704,0.5759,3.38414,-1.94217,0.4519,-0.56964,0.1723,0.57703
36.12,0.2048,0.05837,-1.55457,1.94601,0,-1.71025,0.3772,0.45652,-0.77986,-0.75988,0.26463,-0.22186,0.26945,0.36587,0.65702,-0.69065,-5.78232,1.27337,0.52284,0.71404,-1.91208,0.11982,-1.75476,-0.46767,-2.74714,0.55611,-8.08994,3.23513,0.13459,15.26087,1.77568,-1.2612,-4.89621,0.53107,3.1036,-1.83907,0.1934,-0.58166,0.14949,0.68807
36.14,0.15566,0.04346,-1.56206,1.62197,0,-1.41943,0.42879,0.33389,-0.50507,-0.85104,-0.05163,-0.06722,0.28212,0.49325,0.57807,-0.77361,-5.30793,1.13406,0.55274,0.73899,-1.90748,0.00583,-1.94089,0.60812,-2.40142,0.52127,-8.57471,3.03407,0.39718,15.65887,2.25602,-1.42457,-5.14416,0.48648,2.80872,-1.66441,-0.05955,-0.55735,0.13239,0.77679
36.16,0.11852,0.03087,-1.54519,1.25579,0,-1.15167,0.45048,0.26146,-0.23233,-0.90773,-0.35486,0.08143,0.28367,0.61568,0.49091,-0.89943,-4.77082,0.90519,0.57894,0.76771,-1.79424,-0.11353,-2.14393,2.59914,-1.74279,0.39257,-8.78094,2.80567,0.58994,15.55273,2.54601,-1.49412,-5.11483,0.43771,2.51911,-1.42265,-0.27929,-0.50922,0.11762,0.83309
36.18,0.09469,0.02129,-1.50572,0.87103,0,-0.9185,0.44234,0.23787,0.02158,-0.92838,-0.62491,0.21191,0.28711,0.73391,0.40616,-1.0609,-4.20532,0.59899,0.60442,0.7857,-1.5953,-0.20734,-2.3528,5.46162,-0.74656,0.17665,-8.69602,2.55585,0.6999,14.93772,2.64523,-1.46806,-4.80196,0.38252,2.24878,-1.1234,-0.4462,-0.44859,0.10192,0.84906
36.2,0.08454,0.01482,-1.44614,0.49112,0,-0.72529,0.40555,0.25551,0.24299,-0.91171,-0.84553,0.31445,0.30227,0.84456,0.33161,-1.24549,-3.64216,0.23368,0.63149,0.77818,-1.33761,-0.2478,-2.55608,9.04966,0.57219,-0.11337,-8.32323,2.28936,0.72432,13.83994,2.56864,-1.35283,-4.2215,0.32088,2.00559,-0.78109,-0.54932,-0.38489,0.0828,0.82074
36.22,0.08743,0.0111,-1.36955,0.13754,0,-0.57168,0.34242,0.30194,0.42247,-0.85694,-1.00594,0.38266,0.33576,0.94033,0.27235,-1.43651,-3.10846,-0.1675,0.66178,0.73303,-1.04991,-0.215,-2.74319,13.11569,2.15339,-0.45874,-7.68187,2.0107,0.67175,12.31532,2.3435,-1.16251,-3.41151,0.25463,1.7916,-0.41395,-0.58601,-0.32541,0.05886,0.74899
36.24,0.10178,0.00932,-1.27946,-0.17165,0,-0.45261,0.25641,0.36183,0.55515,-0.76413,-1.10158,0.41389,0.39125,1.01122,0.23104,-1.6152,-2.62701,-0.57825,0.6961,0.64323,-0.76035,-0.10024,-2.90511,17.3249,3.89407,-0.83588,-6.80561,1.72473,0.56073,10.44443,2.00554,-0.91705,-2.42912,0.18699,1.60398,-0.04259,-0.56085,-0.27518,0.0299,0.63937
36.26,0.12519,0.00847,-1.17946,-0.4228,0,-0.35985,0.15203,0.41917,0.64046,-0.6346,-1.13387,0.40909,0.47004,1.04649,0.20824,-1.76347,-2.21526,-0.9717,0.73437,0.50871,-0.49397,0.0924,-3.03488,21.28315,5.65739,-1.21709,-5.73942,1.43676,0.41646,8.32408,1.59481,-0.63977,-1.34501,0.12188,1.43645,0.31191,-0.48396,-0.23707,-0.00326,0.5011
36.28,0.15464,0.00749,-1.07296,-0.60729,0,-0.2837,0.03474,0.45943,0.68145,-0.47132,-1.10945,0.3724,0.57166,1.037,0.20259,-1.86674,-1.88454,-1.32311,0.77558,0.33727,-0.27056,0.34621,-3.12773,24.57505,7.28704,-1.57177,-4.53585,1.15247,0.26647,6.05788,1.1517,-0.35464,-0.23638,0.06319,1.28094,0.63,-0.36894,-0.21207,-0.03905,0.34553
36.3,0.18674,0.00541,-0.96305,-0.72173,0,-0.21467,-0.08928,0.47151,0.68386,-0.27916,-1.0389,0.31038,0.69442,0.97727,0.21111,-1.91621,-1.64031,-1.61194,0.81802,0.14434,-0.10311,0.63375,-3.18106,26.80758,8.62465,-1.86811,-3.25146,0.8777,0.1362,3.74762,0.71354,-0.08358,0.8203,0.01419,1.12932,0.89537,-0.23091,-0.19958,-0.07543,0.18462
36.32,0.21796,0.00151,-0.85232,-0.76779,0,-0.14483,-0.21337,0.44885,0.65526,-0.06485,-0.93528,0.23123,0.83564,0.86683,0.22935,-1.90991,-1.48378,-1.8227,0.85966,-0.0487,0.0027,0.92037,-3.19405,27.65433,9.52826,-2.07573,-1.94342,0.61808,0.04553,1.48681,0.31198,0.15539,1.75603,-0.02294,0.97478,1.09617,-0.08481,-0.19778,-0.11026,0.02954
36.34,0.2449,-0.00458,-0.7428,-0.75162,0,-0.06872,-0.33083,0.38999,0.60406,0.16344,-0.8125,0.14382,0.99153,0.71062,0.25158,-1.85232,-1.41499,-1.94458,0.89893,-0.21761,0.048,1.16922,-3.16703,26.89643,9.88981,-2.16919,-0.66657,0.37875,0.00666,-0.64347,-0.02875,0.34942,2.51489,-0.0474,0.81276,1.22559,0.05603,-0.204,-0.1414,-0.11029
36.36,0.26455,-0.01293,-0.636,-0.68302,0,0.0162,-0.43534,0.29831,0.53875,0.3968,-0.68382,0.05678,1.15694,0.5183,0.27099,-1.75274,-1.43649,-1.97016,0.9354,-0.33922,0.03939,1.34706,-3.10078,24.45652,9.65051,-2.13188,0.52937,0.1639,0.0234,-2.57653,-0.29281,0.49119,3.05846,-0.05981,0.64143,1.28188,0.18084,-0.21507,-0.16696,-0.22769
36.38,0.27446,-0.02325,-0.5329,-0.57436,0,0.10949,-0.52149,0.18127,0.46729,0.62649,-0.56045,-0.0223,1.32514,0.30302,0.28015,-1.62301,-1.55665,-1.89392,0.97047,-0.3956,-0.01286,1.42982,-2.99595,20.42127,8.81173,-1.95965,1.60198,-0.02344,0.09168,-4.26059,-0.473,0.57878,3.36868,-0.06206,0.46176,1.26803,0.28201,-0.22764,-0.18531,-0.31794
36.4,0.27299,-0.03497,-0.4341,-0.43959,0,0.20812,-0.58523,0.04927,0.39655,0.84475,-0.45074,-0.0876,1.48779,0.07959,0.27161,-1.47518,-1.79082,-1.71141,1.00749,-0.37715,-0.09651,1.40672,-2.85295,15.04553,7.43885,-1.66301,2.51778,-0.18168,0.20088,-5.65842,-0.57029,0.61503,3.44869,-0.05712,0.27727,1.19118,0.35536,-0.23852,-0.19524,-0.37878
36.42,0.25935,-0.04733,-0.33995,-0.29304,0,0.30701,-0.62413,-0.08562,0.33208,1.04532,-0.3598,-0.13539,1.63544,-0.13736,0.23879,-1.31954,-2.15954,-1.41959,1.05121,-0.28404,-0.19886,1.28182,-2.67223,8.73155,5.65542,-1.26689,3.2532,-0.3106,0.33579,-6.74644,-0.5927,0.60653,3.3213,-0.0486,0.0935,1.06178,0.39997,-0.24495,-0.19599,-0.41021
36.44,0.23365,-0.05946,-0.25066,-0.14829,0,0.39998,-0.63752,-0.21118,0.27784,1.22377,-0.28981,-0.16421,1.7584,-0.33536,0.17711,-1.16339,-2.68326,-1.01841,1.10648,-0.12559,-0.30763,1.07272,-2.45494,1.98156,3.62689,-0.80773,3.79488,-0.41135,0.47894,-7.51401,-0.55357,0.56242,3.02492,-0.04035,-0.08286,0.89271,0.41773,-0.2449,-0.18742,-0.41424
36.46,0.19687,-0.07045,-0.16641,-0.01702,0,0.48073,-0.62644,-0.31649,0.23609,1.37752,-0.24059,-0.17475,1.84805,-0.50583,0.08507,-1.01036,-3.37478,-0.51327,1.17637,0.0822,-0.41149,0.8068,-2.20385,-4.66947,1.53654,-0.32823,4.1395,-0.48612,0.61297,-7.96294,-0.46942,0.49308,2.60775,-0.03594,-0.24493,0.69818,0.41262,-0.23721,-0.17012,-0.39456
36.48,0.15073,-0.07949,-0.0874,0.09192,0,0.54386,-0.59351,-0.39321,0.20741,1.50564,-0.21062,-0.16958,1.89808,-0.64535,-0.03504,-0.86042,-4.23137,0.08232,1.26041,0.31997,-0.50016,0.51628,-1.9243,-10.72704,-0.44118,0.12883,4.29341,-0.53795,0.7229,-8.10736,-0.3578,0.40889,2.12127,-0.03816,-0.38661,0.4927,0.39002,-0.22185,-0.14546,-0.35629
36.5,0.09757,-0.08594,-0.01393,0.17322,0,0.5857,-0.5427,-0.4365,0.19079,1.60862,-0.19783,-0.15276,1.90545,-0.75634,-0.17722,-0.71033,-5.22891,0.74496,1.35347,0.56838,-0.56449,0.23334,-1.62496,-15.80003,-2.16406,0.52631,4.27183,-0.57037,0.79772,-7.97342,-0.23538,0.31924,1.61429,-0.04869,-0.5034,0.29014,0.35586,-0.19988,-0.11567,-0.30554
36.52,0.04021,-0.08936,0.05362,0.22535,0,0.60474,-0.47905,-0.44537,0.1838,1.68803,-0.20036,-0.1294,1.87053,-0.84661,-0.33299,-0.55434,-6.32019,1.44142,1.44565,0.81074,-0.59652,-0.01367,-1.31786,-19.6402,-3.5376,0.83675,4.0975,-0.58711,0.83125,-7.59806,-0.11655,0.23187,1.12836,-0.06789,-0.59287,0.10283,0.31607,-0.17342,-0.08366,-0.24905
36.54,-0.01825,-0.08954,0.11478,0.25037,0,0.60172,-0.4083,-0.42246,0.18295,1.74612,-0.21688,-0.10514,1.79631,-0.92803,-0.49365,-0.38508,-7.43811,2.13087,1.52357,1.03447,-0.58967,-0.2023,-1.01767,-22.15264,-4.52045,1.04427,3.79868,-0.59186,0.82201,-7.02651,-0.01255,0.15258,0.69493,-0.09477,-0.65472,-0.05918,0.27601,-0.14539,-0.05283,-0.19364
36.56,-0.07464,-0.08648,0.16913,0.25335,0,0.57923,-0.3365,-0.37326,0.18404,1.78538,-0.24673,-0.08557,1.68707,-1.01449,-0.65322,-0.19443,-8.50344,2.76908,1.57264,1.23143,-0.53904,-0.31661,-0.74012,-23.38061,-5.12067,1.14442,3.4067,-0.58794,0.77241,-6.30885,0.06881,0.08517,0.3342,-0.12713,-0.69056,-0.18884,0.24015,-0.11914,-0.02663,-0.14564
36.58,-0.12592,-0.08039,0.21631,0.24148,0,0.54125,-0.26959,-0.30516,0.18266,1.80831,-0.28967,-0.07576,1.54689,-1.11956,-0.81102,0.02548,-9.43537,3.31348,1.58002,1.39745,-0.44194,-0.34663,-0.50015,-23.47395,-5.38583,1.14257,2.95356,-0.57816,0.68752,-5.49623,0.12306,0.0317,0.05537,-0.16193,-0.70347,-0.2825,0.21185,-0.09805,-0.00813,-0.11032
36.6,-0.16937,-0.07161,0.25616,0.22309,0,0.49251,-0.21303,-0.22631,0.17463,1.81716,-0.34569,-0.07972,1.37869,-1.25446,-0.973,0.28138,-10.16228,3.72801,1.5374,1.53143,-0.29821,-0.28722,-0.30989,-22.65087,-5.38999,1.05162,2.46978,-0.56475,0.5738,-4.63754,0.14877,-0.00721,-0.14198,-0.19556,-0.69748,-0.34014,0.19324,-0.08508,0.0003,-0.09141
36.62,-0.20277,-0.0606,0.28874,0.2066,0,0.43792,-0.17151,-0.1447,0.15652,1.81383,-0.41467,-0.10002,1.18416,-1.42668,-1.15086,0.57804,-10.63058,3.98648,1.44312,1.63422,-0.11058,-0.13686,-0.17707,-21.16051,-5.2202,0.88943,1.98276,-0.54928,0.43808,-3.77669,0.147,-0.03208,-0.26581,-0.22431,-0.67707,-0.36505,0.1853,-0.08247,-0.0027,-0.09079
36.64,-0.22445,-0.04789,0.31433,0.19948,0,0.38209,-0.14868,-0.06734,0.12606,1.79977,-0.49611,-0.13746,0.96461,-1.63955,-1.35886,0.91756,-10.81016,4.07401,1.30302,1.70757,0.11542,0.10325,-0.10378,-19.25103,-4.96413,0.67649,1.51556,-0.53277,0.28682,-2.95054,0.12073,-0.04417,-0.32906,-0.24472,-0.64671,-0.36321,0.18788,-0.09148,-0.0174,-0.10842
36.66,-0.23343,-0.03403,0.33342,0.20731,0,0.32891,-0.14694,0.00026,0.08248,1.77592,-0.58894,-0.1909,0.72256,-1.89251,-1.60897,1.29885,-10.69644,3.98677,1.13026,1.7533,0.37168,0.42985,-0.08584,-17.14548,-4.69986,0.43383,1.08616,-0.51578,0.12582,-2.18758,0.07432,-0.04524,-0.34695,-0.25399,-0.6105,-0.34227,0.19996,-0.11231,-0.04298,-0.14239
36.68,-0.22938,-0.01957,0.3466,0.23302,0,0.28134,-0.16734,0.05443,0.02682,1.74283,-0.6914,-0.25716,0.46347,-2.18198,-1.90581,1.71746,-10.30955,3.73067,0.94402,1.77274,0.64798,0.83775,-0.11276,-15.02628,-4.48861,0.18136,0.7072,-0.49853,-0.03978,-1.50739,0.01288,-0.03732,-0.33451,-0.25023,-0.57188,-0.31042,0.21978,-0.14411,-0.07773,-0.18914
36.7,-0.21271,-0.00501,0.35456,0.2764,0,0.24125,-0.20951,0.09347,-0.03793,1.70072,-0.80096,-0.33108,0.19692,-2.50239,-2.24304,2.1656,-9.69092,3.31964,0.76748,1.76649,0.93255,1.31959,-0.16825,-13.02801,-4.37038,-0.06329,0.38608,-0.48106,-0.20529,-0.92086,-0.05822,-0.02256,-0.3046,-0.23276,-0.5335,-0.27533,0.24509,-0.18503,-0.11917,-0.24374
36.72,-0.18448,0.00922,0.35798,0.33396,0,0.20942,-0.2717,0.11746,-0.10693,1.6497,-0.91427,-0.40575,-0.06331,-2.847,-2.60237,2.63253,-8.89726,2.77381,0.62515,1.73442,1.21277,1.86538,-0.23155,-11.23693,-4.3628,-0.28556,0.12553,-0.46333,-0.36615,-0.4311,-0.13384,-0.003,-0.26673,-0.20217,-0.49714,-0.24335,0.27332,-0.23251,-0.16432,-0.30024
36.74,-0.14636,0.02276,0.35746,0.39922,0,0.18562,-0.3509,0.12802,-0.17372,1.58984,-1.02715,-0.47293,-0.30067,-3.20844,-2.95587,3.10531,-7.99215,2.11779,0.53967,1.67587,1.47588,2.46187,-0.2793,-9.69565,-4.46269,-0.47442,-0.07554,-0.44528,-0.51756,-0.0349,-0.20953,0.01948,-0.22663,-0.16029,-0.46376,-0.21899,0.3018,-0.2835,-0.20986,-0.35199
36.76,-0.10046,0.03537,0.35347,0.46336,0,0.16872,-0.44304,0.12782,-0.23075,1.52124,-1.13466,-0.52364,-0.49821,-3.5789,-3.27094,3.56976,-7.03661,1.37914,0.52858,1.58995,1.70971,3.0921,-0.28807,-8.41134,-4.64978,-0.62261,-0.22108,-0.42676,-0.65425,0.27551,-0.2819,0.04335,-0.18653,-0.10997,-0.43352,-0.20471,0.32786,-0.33488,-0.25237,-0.3921
36.78,-0.04926,0.04696,0.34628,0.51604,0,0.15698,-0.54329,0.12011,-0.26999,1.4441,-1.23116,-0.54888,-0.64154,-3.9502,-3.51645,4.01167,-6.08057,0.58709,0.6014,1.47606,1.9036,3.73519,-0.23709,-7.36568,-4.89172,-0.72659,-0.31685,-0.40761,-0.77041,0.51065,-0.34896,0.06747,-0.14598,-0.05479,-0.40592,-0.201,0.34892,-0.38385,-0.28854,-0.41386
36.8,0.0046,0.05754,0.33598,0.54651,0,0.14821,-0.64635,0.10819,-0.28366,1.35872,-1.31065,-0.54036,-0.72115,-4.31383,-3.66824,4.41773,-5.15706,-0.22865,0.75781,1.33445,2.04912,4.36657,-0.11098,-6.52491,-5.14937,-0.78635,-0.36948,-0.38759,-0.85981,0.68205,-0.41024,0.09116,-0.10272,0.00132,-0.37994,-0.20658,0.36258,-0.42824,-0.3154,-0.41126
36.82,0.05847,0.06732,0.3225,0.54456,0,0.14006,-0.74668,0.09503,-0.26496,1.26543,-1.367,-0.4913,-0.7336,-4.66089,-3.71239,4.77602,-4.28051,-1.03904,0.98725,1.16666,2.1407,4.95879,0.09798,-5.84845,-5.38147,-0.80496,-0.38564,-0.36641,-0.91613,0.80073,-0.4667,0.11411,-0.05363,0.0545,-0.3543,-0.21882,0.36654,-0.46681,-0.33058,-0.37954
36.84,0.1098,0.07661,0.30565,0.50162,0,0.13032,-0.83881,0.08289,-0.20874,1.16436,-1.39444,-0.39705,-0.6811,-4.98207,-3.64546,5.07597,-3.44921,-1.81708,1.27028,0.97588,2.17598,5.48286,0.38825,-5.29517,-5.54841,-0.78779,-0.3714,-0.34384,-0.9336,0.87613,-0.52045,0.13636,0.00454,0.10142,-0.3276,-0.23416,0.35854,-0.49937,-0.33248,-0.31577
36.86,0.15633,0.08585,0.28517,0.41157,0,0.11711,-0.9176,0.07314,-0.11214,1.05519,-1.38811,-0.25567,-0.56985,-5.26766,-3.47219,5.30785,-2.65109,-2.53925,1.58117,0.76703,2.15608,5.91015,0.74833,-4.82739,-5.61501,-0.74171,-0.33181,-0.31972,-0.90772,0.91537,-0.57427,0.15804,0.07462,0.13969,-0.29856,-0.2486,0.3362,-0.52679,-0.32056,-0.21938
36.88,0.19625,0.09556,0.26089,0.27157,0,0.09914,-0.97846,0.06611,0.02487,0.9369,-1.3449,-0.06836,-0.40766,-5.50772,-3.20202,5.4623,-1.87102,-3.18667,1.89134,0.5467,2.08572,6.21475,1.15711,-4.41333,-5.55299,-0.67414,-0.27077,-0.29407,-0.83614,0.92298,-0.63099,0.17927,0.15877,0.16823,-0.2662,-0.25803,0.29705,-0.55084,-0.29543,-0.0927
36.9,0.22828,0.10629,0.23273,0.08258,0,0.07583,-1.01764,0.06112,0.19921,0.80777,-1.26436,0.16023,-0.20169,-5.6922,-2.84569,5.52998,-1.09739,-3.74551,2.17267,0.32277,1.97335,6.37578,1.58551,-4.02839,-5.34296,-0.59239,-0.19103,-0.26717,-0.71948,0.90107,-0.69304,0.19998,0.2583,0.18743,-0.22997,-0.25859,0.23858,-0.57404,-0.25902,0.05869
36.92,0.25172,0.11856,0.20088,-0.15037,0,0.04732,-1.03241,0.05666,0.40456,0.6655,-1.14984,0.42198,0.04307,-5.8109,-2.41315,5.50134,-0.32611,-4.20628,2.4,0.10389,1.8311,6.37905,1.99959,-3.65589,-4.97631,-0.50307,-0.09447,-0.23954,-0.56189,0.84988,-0.7619,0.21983,0.37368,0.19911,-0.18983,-0.24666,0.15864,-0.59923,-0.21439,0.2259
36.94,0.26652,0.13274,0.1658,-0.41844,0,0.0144,-1.02117,0.05061,0.6316,0.50758,-1.00931,0.70555,0.32435,-5.85306,-1.9131,5.36676,0.43905,-4.56194,2.55271,-0.10142,1.67446,6.2179,2.36491,-3.28738,-4.45656,-0.41177,0.01743,-0.21191,-0.3712,0.7686,-0.83781,0.23815,0.50452,0.20616,-0.14619,-0.21884,0.05587,-0.62912,-0.16559,0.39697
36.96,0.27311,0.149,0.12823,-0.70948,0,-0.02163,-0.98351,0.04062,0.86853,0.33175,-0.85457,0.99698,0.64215,-5.80691,-1.35432,5.11688,1.18924,-4.80535,2.61527,-0.28569,1.52172,5.89324,2.65179,-2.92253,-3.8003,-0.32303,0.14308,-0.18509,-0.15864,0.65645,-0.91959,0.25405,0.64976,0.212,-0.09984,-0.17181,-0.06966,-0.66573,-0.1171,0.55761
36.98,0.27241,0.16719,0.08921,-1.00885,0,-0.05925,-0.92015,0.02453,1.10175,0.13647,-0.69756,1.28043,0.99742,-5.65944,-0.74795,4.74356,1.91545,-4.92701,2.57734,-0.44331,1.39318,5.41304,2.84042,-2.56879,-3.03725,-0.24029,0.28024,-0.15983,0.06177,0.51377,-1.00457,0.26642,0.80759,0.22,-0.0518,-0.10237,-0.21584,-0.70986,-0.07341,0.69233
37,0.26566,0.18678,0.05001,-1.3005,0,-0.09688,-0.83293,0.00067,1.31668,-0.07866,-0.54591,1.53913,1.39049,-5.39666,-0.11026,4.24127,2.61347,-4.91389,2.43363,-0.57076,1.31007,4.7913,2.92453,-2.24041,-2.2092,-0.16615,0.42552,-0.13672,0.27441,0.34297,-1.08868,0.27414,0.97548,0.23282,-0.00318,-0.00773,-0.37818,-0.76069,-0.03841,0.78603
37.02,0.25429,0.20682,0.0121,-1.56801,0,-0.13302,-0.72458,-0.0318,1.49853,-0.31285,-0.401,1.75632,1.81921,-5.00429,0.53524,3.60855,3.28764,-4.74984,2.18374,-0.66617,1.29308,4.04656,2.91264,-1.95662,-1.36697,-0.10251,0.57419,-0.11615,0.46341,0.14912,-1.16662,0.27616,1.14984,0.25199,0.04481,0.11373,-0.5497,-0.81556,-0.01491,0.82585
37.04,0.23981,0.22601,-0.02301,-1.79578,0,-0.16636,-0.59837,-0.07278,1.63305,-0.56433,-0.25865,1.91624,2.2774,-4.46881,1.15683,2.84947,3.95227,-4.41778,1.83217,-0.72813,1.36063,3.19962,2.82626,-1.73877,-0.5654,-0.0508,0.72012,-0.09821,0.61455,-0.06003,-1.23205,0.27163,1.32571,0.27767,0.09098,0.26131,-0.72133,-0.86994,-0.0042,0.80327
37.06,0.22357,0.24272,-0.05386,-1.97018,0,-0.19578,-0.45774,-0.12116,1.7073,-0.83077,-0.11066,2.00507,2.75367,-3.77904,1.715,1.97481,4.63077,-3.90346,1.38831,-0.75401,1.52671,2.27117,2.69577,-1.60678,0.14325,-0.01208,0.85606,-0.08283,0.71717,-0.27435,-1.27796,0.25994,1.49633,0.30856,0.13401,0.43075,-0.88265,-0.91772,-0.00578,0.71612
37.08,0.20671,0.25512,-0.07921,-2.08064,0,-0.22031,-0.30591,-0.17491,1.71044,-1.10988,0.05375,2.01195,3.23092,-2.92806,2.16428,1.00302,5.35249,-3.19997,0.86655,-0.73841,1.7989,1.27985,2.5549,-1.57559,0.71609,0.01287,0.97419,-0.06975,0.76597,-0.4822,-1.29698,0.24084,1.65282,0.34214,0.17253,0.6132,-1.02297,-0.95159,-0.01727,0.57011
37.1,0.19003,0.26133,-0.09812,-2.12052,0,-0.23911,-0.14556,-0.23124,1.63451,-1.39981,0.24641,1.92988,3.68653,-1.91551,2.45637,-0.03924,6.14777,-2.312,0.28612,-0.67225,2.17659,0.2415,2.43516,-1.65233,1.12497,0.0235,1.06677,-0.05863,0.76211,-0.67139,-1.28199,0.21447,1.78421,0.37493,0.20502,0.79497,-1.1324,-0.96375,-0.03458,0.37923
37.12,0.17403,0.25958,-0.11006,-2.08752,0,-0.25143,0.02113,-0.28676,1.47512,-1.69918,0.47843,1.7563,4.09344,-0.74971,2.54419,-1.11739,7.04144,-1.25878,-0.32947,-0.54311,2.64995,-0.8301,2.3613,-1.83484,1.35946,0.01953,1.12686,-0.04912,0.71332,-0.83032,-1.22652,0.18138,1.87785,0.40303,0.22985,0.95831,-1.20283,-0.94654,-0.05238,0.16468
37.14,0.15895,0.24837,-0.11488,-1.98358,0,-0.25659,0.19243,-0.33786,1.23202,-2.00676,0.75828,1.49339,4.42203,0.55075,2.38689,-2.1902,8.04539,-0.0748,-0.95371,-0.33688,3.19964,-1.92097,2.34811,-2.11171,1.42651,0.00101,1.14907,-0.04084,0.63291,-0.94919,-1.12537,0.14249,1.92021,0.42259,0.24538,1.08349,-1.22865,-0.89322,-0.06487,-0.0479
37.16,0.14488,0.22664,-0.11276,-1.81431,0,-0.254,0.36674,-0.38091,0.90942,-2.32086,1.08936,1.14799,4.64283,1.95592,1.95538,-3.21204,9.15145,1.19152,-1.55896,-0.04083,3.79752,-3.01376,2.39905,-2.46355,1.34754,-0.03155,1.13027,-0.03342,0.53766,-1.02105,-0.97508,0.09904,1.89815,0.43044,0.25009,1.15187,-1.20724,-0.79873,-0.06669,-0.23242
37.18,0.13191,0.19388,-0.1042,-1.58836,0,-0.24319,0.54229,-0.4127,0.51625,-2.63873,1.46717,0.73137,4.7296,3.42413,1.23786,-4.13579,10.32624,2.48083,-2.11858,0.35248,4.4083,-4.0843,2.50635,-2.86486,1.15373,-0.07694,1.07012,-0.02652,0.44529,-1.04269,-0.77445,0.05247,1.80051,0.42462,0.24271,1.14917,-1.13919,-0.66042,-0.05394,-0.36679
37.2,0.1202,0.15032,-0.0899,-1.3166,0,-0.22386,0.71691,-0.43065,0.06621,-2.95605,1.87603,0.25886,4.66239,4.90233,0.24455,-4.91592,11.50951,3.72694,-2.60899,0.84082,4.99201,-5.09892,2.65255,-3.28572,0.88074,-0.13305,0.97141,-0.0198,0.37195,-1.01518,-0.52505,0.00436,1.61972,0.40466,0.22247,1.06837,-1.02824,-0.47857,-0.02489,-0.43651
37.22,0.11012,0.0969,-0.0707,-1.01148,0,-0.19599,0.88783,-0.43307,-0.42254,-3.2668,2.28723,-0.25071,4.42999,6.32723,-0.98936,-5.51126,12.61725,4.86152,-3.0111,1.4082,5.50712,-6.01323,2.8131,-3.69269,0.56367,-0.19656,0.83991,-0.01302,0.33,-0.94362,-0.23154,-0.04376,1.35324,0.37166,0.18915,0.91139,-0.88086,-0.25673,0.01972,-0.43688
37.24,0.10215,0.03531,-0.0475,-0.68628,0,-0.15983,1.05175,-0.41921,-0.92809,-3.56338,2.6632,-0.77584,4.03121,7.6275,-2.40314,-5.8874,13.54979,5.8191,-3.31128,2.02156,5.91432,-6.77299,2.95974,-4.04858,0.23285,-0.26259,0.68388,-0.00607,0.32655,-0.83642,0.09826,-0.09054,1.00452,0.32803,0.14317,0.68906,-0.70544,-0.00165,0.07685,-0.37305
37.26,0.09688,-0.03213,-0.02122,-0.35449,0,-0.11599,1.20506,-0.38934,-1.42599,-3.83719,2.96699,-1.29344,3.47508,8.72726,-3.91264,-6.01883,14.20403,6.54216,-3.50165,2.62857,6.18071,-7.31723,3.0643,-4.31144,-0.08919,-0.32443,0.51308,0.00092,0.36272,-0.70392,0.45357,-0.13489,0.58353,0.27699,0.0856,0.41976,-0.51126,0.27711,0.14176,-0.25842
37.28,0.09486,-0.10261,0.00726,-0.02925,0,-0.06544,1.34417,-0.34462,-1.89075,-4.07949,3.17005,-1.78008,2.78,9.55056,-5.41463,-5.89081,14.48769,6.98572,-3.58008,3.15715,6.28421,-7.58349,3.10225,-4.43335,-0.38944,-0.37334,0.3377,0.0075,0.43355,-0.55692,0.82107,-0.17617,0.10674,0.22199,0.01811,0.12693,-0.30747,0.56785,0.20885,-0.11181
37.3,0.09655,-0.17305,0.0371,0.27716,0,-0.00953,1.46585,-0.28701,-2.29756,-4.28227,3.25448,-2.21331,1.97173,10.02649,-6.79336,-5.50107,14.33247,7.12063,-3.55002,3.517,6.21757,-7.51448,3.05535,-4.35962,-0.6647,-0.39841,0.16743,0.01287,0.52867,-0.40539,1.18558,-0.21409,-0.4035,0.16618,-0.05713,-0.16385,-0.10234,0.85753,0.27258,0.04579
37.32,0.10223,-0.24024,0.06755,0.55369,0,0.05005,1.56751,-0.21914,-2.62404,-4.43884,3.21264,-2.5729,1.08023,10.09428,-7.9289,-4.86081,13.70308,6.93468,-3.41998,3.60376,5.99106,-7.06542,2.91267,-4.02892,-0.92013,-0.38678,0.01074,0.01589,0.63351,-0.25756,1.53098,-0.24868,-0.9201,0.11223,-0.13749,-0.42784,0.09717,1.13275,0.32817,0.19428
37.34,0.11197,-0.30114,0.0979,0.79092,0,0.11129,1.64716,-0.14411,-2.85183,-4.54404,3.04612,-2.84202,0.13514,9.70797,-8.70701,-3.99489,12.6005,6.43119,-3.2027,3.30602,5.63334,-6.21131,2.66987,-3.37488,-1.16645,-0.32403,-0.12555,0.01524,0.73118,-0.1197,1.84135,-0.28002,-1.41329,0.06224,-0.22004,-0.64386,0.28527,1.3807,0.37207,0.31697
37.36,0.1257,-0.35304,0.12753,0.98137,0,0.172,1.70342,-0.06522,-2.96821,-4.59405,2.76452,-3.0083,-0.83937,8.84076,-9.03017,-2.94126,11.06008,5.62586,-2.91419,2.51519,5.19035,-4.95363,2.32691,-2.32943,-1.4158,-0.19498,-0.23628,0.00954,0.80459,0.0038,2.10232,-0.30799,-1.85314,0.01796,-0.30165,-0.7965,0.457,1.59023,0.40222,0.40236
37.38,0.14325,-0.39382,0.15588,1.11986,0,0.22993,1.73535,0.01421,-2.96739,-4.58618,2.38414,-3.06481,-1.82954,7.48891,-8.82846,-1.74998,9.146,4.54292,-2.57281,1.13788,4.7222,-3.32575,1.88525,-0.82824,-1.6771,0.01513,-0.31783,-0.00243,0.8387,0.10978,2.30248,-0.33194,-2.21234,-0.01885,-0.3792,-0.87772,0.6077,1.75285,0.41808,0.44511
37.4,0.16444,-0.42212,0.18245,1.20371,0,0.28293,1.74231,0.09097,-2.85135,-4.51846,1.92678,-3.01082,-2.83539,5.67472,-8.06858,-0.4818,6.94372,3.21169,-2.19833,-0.89038,4.29788,-1.3959,1.3451,1.18178,-1.95139,0.31912,-0.36783,-0.02152,0.82245,0.19566,2.43463,-0.35062,-2.46881,-0.04618,-0.44977,-0.88735,0.73256,1.86349,0.42043,0.44619
37.42,0.1891,-0.43742,0.20679,1.23273,0,0.32915,1.72379,0.16207,-2.62982,-4.38931,1.41835,-2.85187,-3.87173,3.44764,-6.75902,0.79381,4.55136,1.66413,-1.81107,-3.5909,3.9876,0.73352,0.70367,3.73319,-2.22784,0.72595,-0.38474,-0.0481,0.74997,0.25875,2.49658,-0.36214,-2.60764,-0.06165,-0.51085,-0.8324,0.82652,1.92085,0.4112,0.41214
37.44,0.21714,-0.44004,0.22855,1.20893,0,0.36717,1.67928,0.22469,-2.31937,-4.197,0.8873,-2.59934,-4.96612,0.88285,-4.95025,2.00146,2.07029,-0.06647,-1.43095,-6.92857,3.85288,2.93094,-0.04541,6.82744,-2.48099,1.23858,-0.36756,-0.08202,0.62108,0.29568,2.49136,-0.36425,-2.62205,-0.06258,-0.56052,-0.72516,0.88441,1.92723,0.39308,0.35344
37.46,0.24856,-0.43104,0.24743,1.13617,0,0.3962,1.60812,0.27617,-1.94159,-3.93929,0.36278,-2.26936,-6.15427,-1.92253,-2.73027,3.0637,-0.40402,-1.94562,-1.07641,-10.80045,3.93553,5.04388,-0.91117,10.42405,-2.67012,1.85176,-0.31543,-0.12257,0.44092,0.30212,2.42691,-0.35469,-2.51369,-0.0463,-0.59765,-0.5805,0.90155,1.88807,0.36912,0.2825
37.48,0.28341,-0.4121,0.26321,1.01966,0,0.41616,1.50956,0.31398,-1.52104,-3.61359,-0.12719,-1.88143,-7.47338,-4.85481,-0.2165,3.90571,-2.78974,-3.9369,-0.76341,-15.02785,4.2475,6.90871,-1.90271,14.43056,-2.74136,2.55001,-0.22757,-0.16864,0.21919,0.27283,2.31551,-0.3317,-2.29218,-0.01054,-0.622,-0.41295,0.87447,1.8112,0.34244,0.21133
37.5,0.32178,-0.38535,0.27577,0.86571,0,0.42771,1.38301,0.33577,-1.08311,-3.21762,-0.55744,-1.45703,-8.95414,-7.78992,2.45495,4.46054,-5.02366,-6.00055,-0.50453,-19.3535,4.76389,8.3594,-3.02511,18.69495,-2.63332,3.30612,-0.10333,-0.21872,-0.03106,0.202,2.17283,-0.29443,-1.97417,0.04614,-0.63431,-0.23449,0.80169,1.70612,0.31588,0.14973
37.52,0.36366,-0.35317,0.2851,0.68147,0,0.43219,1.2284,0.3395,-0.65225,-2.75074,-0.90709,-1.01807,-10.61202,-10.6,5.14193,4.67461,-7.06267,-8.09168,-0.30827,-23.44628,5.4212,9.23387,-4.27397,23.00223,-2.28667,4.08055,0.05749,-0.27107,-0.29469,0.08396,2.01671,-0.24327,-1.5818,0.124,-0.63609,-0.05336,0.6842,1.58323,0.29188,0.10407
37.54,0.40888,-0.31803,0.29125,0.47483,0,0.43136,1.04671,0.32377,-0.25041,-2.21565,-1.16078,-0.58543,-12.43824,-13.16011,7.7102,4.51302,-8.88144,-10.15851,-0.17865,-26.91575,6.12164,9.37816,-5.6292,27.07712,-1.65687,4.822,0.25414,-0.32372,-0.55585,-0.08581,1.86572,-0.17988,-1.14062,0.22199,-0.62936,0.12571,0.52562,1.45307,0.27238,0.07686
37.56,0.45698,-0.28223,0.29435,0.25449,0,0.42704,0.84043,0.28805,0.10413,-1.62021,-1.3095,-0.17747,-14.39151,-15.35484,10.04752,3.96424,-10.46756,-12.14088,-0.115,-29.33845,6.74328,8.65082,-7.04934,30.59442,-0.72852,5.4695,0.4843,-0.37461,-0.79934,-0.30958,1.73744,-0.10708,-0.67726,0.33773,-0.61616,0.3002,0.33193,1.32568,0.25885,0.0672
37.58,0.50709,-0.24776,0.29456,0.02988,0,0.42081,0.61406,0.23313,0.39762,-0.97907,-1.35116,0.19109,-16.39107,-17.08422,12.07553,3.0436,-11.81516,-13.96876,-0.11224,-30.29652,7.15448,6.93102,-8.46796,33.19796,0.47212,5.95588,0.7435,-0.42155,-1.01167,-0.5863,1.64678,-0.02858,-0.21715,0.46779,-0.59811,0.46785,0.11089,1.21001,0.25235,0.07161
37.6,0.5579,-0.21616,0.29206,-0.18875,0,0.41364,0.37435,0.16131,0.6213,-0.31446,-1.29066,0.50997,-18.31226,-18.26743,13.75681,1.7942,-12.91832,-15.56053,-0.1617,-29.42779,7.23063,4.13369,-9.7938,34.52795,1.87005,6.21257,1.02476,-0.46227,-1.1818,-0.91081,1.6046,0.05128,0.21708,0.60798,-0.57603,0.62484,-0.12878,1.11356,0.25367,0.08514
37.62,0.60766,-0.18846,0.28704,-0.39053,0,0.40573,0.13021,0.07649,0.77161,0.34434,-1.13917,0.77334,-19.98539,-18.8432,15.09433,0.28427,-13.76517,-16.82068,-0.2526,-26.48438,6.87085,0.23313,-10.916,34.25547,3.34346,6.17549,1.31856,-0.4944,-1.30133,-1.27368,1.61662,0.12792,0.60645,0.75398,-0.54979,0.76458,-0.37842,1.04208,0.26334,0.10237
37.64,0.65425,-0.16514,0.27969,-0.56437,0,0.39646,-0.10783,-0.01606,0.84995,0.96317,-0.91292,0.97939,-21.19936,-18.76705,16.12295,-1.39949,-14.33339,-17.63763,-0.374,-21.39458,6.01322,-4.70721,-11.71478,32.122,4.73586,5.79167,1.61325,-0.51536,-1.36415,-1.66159,1.68278,0.19675,0.9356,0.90184,-0.5183,0.87736,-0.63055,0.99941,0.28176,0.11832
37.66,0.69527,-0.14622,0.27017,-0.6995,0,0.38453,-0.32854,-0.11007,0.86224,1.50647,-0.63126,1.12943,-21.71213,-18.00718,16.89485,-3.16171,-14.58819,-17.88347,-0.51699,-14.31349,4.64668,-10.50461,-12.07655,27.98073,5.87717,5.02627,1.89587,-0.5224,-1.36585,-2.05846,1.79703,0.25346,1.19222,1.04865,-0.47976,0.95109,-0.88003,0.98734,0.3091,0.12899
37.68,0.72831,-0.13129,0.25861,-0.7864,0,0.36816,-0.5211,-0.19894,0.81831,1.94144,-0.31485,1.22687,-21.26993,-16.54253,17.46258,-4.90904,-14.48375,-17.41818,-0.67648,-5.62302,2.81832,-16.8369,-11.91119,21.83366,6.6094,3.86959,2.15322,-0.51269,-1.30325,-2.44678,1.94769,0.29432,1.36637,1.19304,-0.43211,0.97277,-1.12483,1.00554,0.34532,0.13172
37.7,0.75105,-0.11971,0.24515,-0.81766,0,0.3456,-0.67616,-0.27634,0.731,2.24194,0.01598,1.27638,-19.6363,-14.3654,17.86365,-6.55949,-13.96843,-16.10046,-0.85173,4.14335,0.63354,-23.24385,-11.16775,13.85613,6.81211,2.34265,2.37297,-0.48365,-1.17429,-2.80905,2.11831,0.31639,1.45017,1.33532,-0.37358,0.93035,-1.36638,1.05151,0.39006,0.12526
37.72,0.76151,-0.11068,0.22989,-0.78896,0,0.31554,-0.78665,-0.3369,0.61513,2.39131,0.34223,1.28333,-16.63028,-11.48982,18.10933,-8.04811,-12.9934,-13.80578,-1.04532,14.38536,-1.75293,-29.15977,-9.84539,4.39939,6.42266,0.50026,2.54454,-0.43342,-0.9786,-3.12898,2.28895,0.31782,1.43818,1.47718,-0.30326,0.8148,-1.60901,1.12059,0.44253,0.10962
37.74,0.75808,-0.10344,0.21296,-0.69987,0,0.27769,-0.84831,-0.37674,0.4861,2.38376,0.64656,1.25357,-12.17047,-7.96482,18.17926,-9.32857,-11.52355,-10.45086,-1.26033,24.43709,-4.15544,-33.97944,-7.99715,-6.03278,5.44852,-1.56944,2.6597,-0.36159,-0.71866,-3.39217,2.43804,0.29802,1.32843,1.62087,-0.22169,0.62199,-1.85858,1.20595,0.50137,0.08575
37.76,0.73965,-0.0974,0.19448,-0.55448,0,0.23319,-0.85982,-0.39386,0.35853,2.2245,0.91328,1.19361,-6.31864,-3.88972,18.02268,-10.37092,-9.54893,-6.02131,-1.49618,33.52277,-6.38275,-37.14832,-5.72678,-16.83035,3.97082,-3.74936,2.71286,-0.26981,-0.40123,-3.5866,2.5444,0.25788,1.12408,1.76802,-0.13123,0.35421,-2.12057,1.29876,0.56462,0.05509
37.78,0.70566,-0.09226,0.1746,-0.36181,0,0.18482,-0.82284,-0.38834,0.24487,1.92893,1.12815,1.11085,0.68745,0.57341,17.56575,-11.15735,-7.09377,-0.59699,-1.74447,40.80945,-8.26514,-38.25763,-3.17975,-27.33636,2.13963,-5.90109,2.70129,-0.16234,-0.03867,-3.703,2.58949,0.19982,0.83503,1.91849,-0.03614,0.02125,-2.39798,1.38848,0.62965,0.01914
37.8,0.65616,-0.08809,0.1535,-0.13571,0,0.13687,-0.74185,-0.36217,0.1545,1.52141,1.27838,1.01367,8.42442,5.19617,16.7238,-11.67699,-4.21959,5.63216,-1.98565,45.58354,-9.67709,-37.11958,-0.52962,-36.90774,0.16137,-7.87553,2.62531,-0.04602,0.35057,-3.73514,2.55928,0.12778,0.47882,2.0694,0.05768,-0.35919,-2.68966,1.46348,0.69335,-0.02092
37.82,0.59186,-0.08532,0.13144,0.10576,0,0.09452,-0.62397,-0.31873,0.09328,1.03369,1.35315,0.9112,16.3084,9.69462,15.41673,-11.921,-1.01936,12.36668,-2.18793,47.41599,-10.55031,-33.80071,2.03935,-44.96836,-1.72172,-9.52591,2.48825,0.07038,0.74278,-3.68015,2.44547,0.04698,0.08025,2.21479,0.14356,-0.76214,-2.98935,1.51203,0.75237,-0.06432
37.84,0.5142,-0.0847,0.10871,0.34167,0,0.06268,-0.47856,-0.26186,0.06376,0.50302,1.3446,0.81252,23.658,13.75628,13.58551,-11.87859,2.39766,19.21798,-2.30889,46.22002,-10.87506,-28.60418,4.35245,-51.04972,-3.25907,-10.7225,2.29633,0.17755,1.11138,-3.53868,2.24594,-0.03659,-0.33067,2.34583,0.2153,-1.15696,-3.28574,1.52344,0.80355,-0.11072
37.86,0.42529,-0.08717,0.08569,0.55015,0,0.04469,-0.3168,-0.1948,0.06578,-0.02987,1.2493,0.72555,29.78688,17.07985,11.20814,-11.53495,5.9264,25.74636,-2.29976,42.22635,-10.69133,-22.00866,6.26546,-54.81957,-4.22374,-11.36799,2.05838,0.26751,1.43048,-3.3151,1.96441,-0.1168,-0.72212,2.45167,0.26879,-1.51004,-3.56341,1.48948,0.8444,-0.15994
37.88,0.32791,-0.09366,0.0628,0.71071,0,0.04102,-0.15114,-0.11928,0.09724,-0.52308,1.06973,0.65583,34.10667,19.41894,8.31284,-10.87179,9.48429,31.50929,-2.11212,35.92006,-10.07412,-14.58402,7.68295,-56.10022,-4.4442,-11.41105,1.78547,0.33544,1.67884,-3.01763,1.60977,-0.18815,-1.06448,2.52079,0.30337,-1.78804,-3.8045,1.40568,0.87361,-0.21173
37.9,0.22546,-0.10497,0.04051,0.80652,0,0.04863,0.00532,-0.03514,0.15484,-0.93598,0.81539,0.60565,36.21614,20.61864,4.98535,-9.87086,13.01865,36.1105,-1.70595,27.96001,-9.11733,-6.9066,8.56961,-54.87598,-3.83046,-10.85507,1.49046,0.38095,1.84307,-2.6585,1.1952,-0.24647,-1.33392,2.54254,0.32258,-1.96148,-3.99086,1.27227,0.89138,-0.26549
37.92,0.1218,-0.12159,0.01923,0.82645,0,0.06124,0.13962,0.05927,0.23433,-1.23188,0.50268,0.57372,35.95562,20.63531,1.36718,-8.51978,16.49711,39.24096,-1.05825,19.08466,-7.91951,0.50823,8.95111,-51.28767,-2.3894,-9.75885,1.18735,0.40812,1.91929,-2.2537,0.73728,-0.28947,-1.51504,2.50857,0.33385,-2.00805,-4.10599,1.09438,0.89954,-0.32013
37.94,0.02104,-0.1436,-0.00065,0.76657,0,0.07061,0.23988,0.16589,0.33052,-1.38084,0.15285,0.5556,33.41676,19.53513,-2.35644,-6.81965,19.88063,40.70719,-0.171,10.0084,-6.57321,7.24754,8.90374,-45.61359,-0.22668,-8.2283,0.89032,0.42446,1.91274,-1.82216,0.25509,-0.31708,-1.6018,2.41396,0.34704,-1.91543,-4.13675,0.88141,0.90122,-0.37414
37.96,-0.07273,-0.17061,-0.01892,0.63102,0,0.06853,0.29628,0.28517,0.43691,-1.36257,-0.21089,0.54471,28.91199,17.47438,-5.97714,-4.79305,23.08693,40.44601,0.92281,1.34825,-5.15868,13.01691,8.53521,-38.24043,2.4642,-6.40092,0.61257,0.43876,1.8357,-1.3846,-0.23082,-0.33155,-1.59717,2.25796,0.37213,-1.68334,-4.07466,0.64566,0.90037,-0.4257
37.98,-0.15582,-0.2017,-0.03553,0.43218,0,0.04911,0.30207,0.41439,0.54543,-1.16889,-0.56503,0.5337,22.91749,14.66897,-9.28824,-2.49088,25.95771,38.52718,2.15666,-6.39169,-3.74116,17.63733,7.96205,-29.62996,5.42301,-4.42697,0.36513,0.45868,1.70455,-0.96198,-0.69937,-0.33741,-1.51181,2.0444,0.41668,-1.32465,-3.91684,0.40059,0.9011,-0.47294
38,-0.22518,-0.23548,-0.05067,0.18988,0,0.0104,0.25433,0.54662,0.64648,-0.80515,-0.88636,0.51596,16.00482,11.36159,-12.1083,0.00422,28.24504,35.14351,3.43337,-12.82412,-2.37096,21.03078,7.28924,-20.28542,8.35094,-2.45169,0.15586,0.48867,1.53666,-0.57388,-1.13002,-0.34125,-1.36211,1.78159,0.48376,-0.86507,-3.66645,0.15923,0.90714,-0.51411
38.02,-0.27871,-0.27006,-0.0647,-0.07047,0,-0.04486,0.15424,0.67078,0.72959,-0.29012,-1.15377,0.48677,8.77262,7.79271,-14.29914,2.58,29.62824,30.58695,4.63492,-17.70477,-1.08501,23.20109,6.5963,-10.71884,10.94326,-0.60166,-0.01117,0.52896,1.34789,-0.23687,-1.50388,-0.35138,-1.16799,1.48167,0.57107,-0.34112,-3.33242,-0.06715,0.92148,-0.54765
38.04,-0.31529,-0.30319,-0.07806,-0.32077,0,-0.10991,0.00699,0.77317,0.78467,0.346,-1.3509,0.44414,1.78504,4.17866,-15.77606,5.1033,29.76426,25.21127,5.63898,-20.94785,0.09104,24.21478,5.93197,-1.41939,12.92402,1.02324,-0.13593,0.57565,1.15102,0.03704,-1.80482,-0.37728,-0.95072,1.15922,0.67131,0.20384,-2.92826,-0.26981,0.94615,-0.57213
38.06,-0.33491,-0.33237,-0.0912,-0.53392,0,-0.17565,-0.17891,0.83995,0.80389,1.06503,-1.46791,0.38911,-4.47887,0.6977,-16.51079,7.43418,28.36273,19.38665,6.33999,-22.60938,1.14082,24.18474,5.31667,7.17646,14.07979,2.35264,-0.22232,0.62205,0.95506,0.24186,-2.02087,-0.42894,-0.73074,0.82947,0.77381,0.72484,-2.47035,-0.44291,0.98228,-0.586
38.08,-0.33863,-0.35494,-0.1044,-0.68744,0,-0.23287,-0.39242,0.86009,0.78339,1.82504,-1.50206,0.32573,-9.66181,-2.51642,-16.52896,9.44253,25.26683,13.4551,6.67012,-22.85453,2.05528,23.25776,4.75041,14.71057,14.28783,3.34449,-0.27764,0.6605,0.76543,0.37856,-2.14537,-0.51606,-0.52597,0.50643,0.86675,1.18095,-1.97591,-0.58347,1.03016,-0.58749
38.1,-0.32845,-0.36832,-0.11772,-0.7664,0,-0.27433,-0.62094,0.82787,0.72463,2.58435,-1.45727,0.2606,-13.54838,-5.37457,-15.9033,11.02336,20.51555,7.69592,6.61442,-21.922,2.83075,21.60462,4.22244,20.92101,13.53273,3.98156,-0.31199,0.68428,0.5846,0.45543,-2.17794,-0.64723,-0.35046,0.20126,0.93938,1.53994,-1.4613,-0.69115,1.08932,-0.57446
38.12,-0.30719,-0.37012,-0.13095,-0.76487,0,-0.29613,-0.85125,0.74414,0.63456,3.30465,-1.34308,0.20214,-16.06653,-7.82748,-14.74338,12.10755,14.36594,2.30763,6.21538,-20.08984,3.46685,19.41051,3.71993,25.64984,11.90637,4.26679,-0.33724,0.68895,0.41303,0.48746,-2.12479,-0.82897,-0.21382,-0.07865,0.98361,1.78115,-0.94067,-0.76784,1.15842,-0.54457
38.14,-0.27821,-0.3583,-0.14368,-0.68565,0,-0.2981,-1.07025,0.61614,0.52469,3.953,-1.17281,0.15949,-17.27158,-9.85753,-13.18247,12.6663,7.26602,-2.5922,5.56486,-17.64508,3.96413,16.86422,3.23353,28.84043,9.58956,4.21867,-0.36604,0.67291,0.25004,0.49472,-1.99825,-1.06483,-0.12114,-0.32995,0.99469,1.8961,-0.42506,-0.81725,1.23493,-0.49559
38.16,-0.24514,-0.33137,-0.15538,-0.53858,0,-0.28332,-1.2657,0.45591,0.40897,4.50275,-0.96143,0.14132,-17.31741,-11.46909,-11.3631,12.71013,-0.21423,-6.9521,4.78548,-14.85896,4.32194,14.14648,2.7597,30.52647,6.81944,3.86743,-0.4106,0.63722,0.09465,0.49994,-1.81562,-1.35444,-0.07333,-0.55296,0.9711,1.88704,0.07793,-0.84442,1.31469,-0.42587
38.18,-0.21154,-0.28845,-0.16556,-0.33794,0,-0.25702,-1.42678,0.27799,0.30137,4.93371,-0.72347,0.15454,-16.42179,-12.67903,-9.42353,12.28396,-7.47302,-10.76362,4.00643,-11.9688,4.53663,11.41913,2.3005,30.81637,3.85067,3.2526,-0.48152,0.58491,-0.05387,0.5258,-1.5977,-1.69268,-0.06788,-0.75087,0.91385,1.76441,0.56411,-0.85536,1.39141,-0.33494
38.2,-0.18063,-0.22946,-0.17393,-0.09985,0,-0.22533,-1.54463,0.09706,0.21354,5.23198,-0.47146,0.2032,-14.83223,-13.50852,-7.48693,11.45992,-13.96377,-14.03726,3.33968,-9.16696,4.60042,8.81682,1.86204,29.87485,0.91955,2.42219,-0.58689,0.52011,-0.19572,0.59226,-1.36695,-2.06915,-0.0996,-0.92864,0.82573,1.5438,1.03225,-0.85661,1.45649,-0.22401
38.22,-0.15507,-0.15513,-0.18047,0.16014,0,-0.19421,-1.61264,-0.07404,0.15315,5.38922,-0.21527,0.28767,-12.79696,-13.97671,-5.65405,10.32874,-19.25861,-16.78344,2.86135,-6.59632,4.50118,6.44223,1.45246,27.90261,-1.78219,1.43305,-0.73151,0.44728,-0.33061,0.7145,-1.14568,-2.46779,-0.16138,-1.09193,0.71049,1.24323,1.48319,-0.85484,1.49897,-0.0963
38.24,-0.13682,-0.06707,-0.18552,0.42854,0,-0.16867,-1.62657,-0.22539,0.12322,5.40185,0.03773,0.40432,-10.54287,-14.09665,-3.99962,8.99023,-23.07926,-19.00212,2.60106,-4.35106,4.22311,4.36477,1.07999,25.11505,-4.1207,0.35187,-0.91652,0.37065,-0.45803,0.90158,-0.95412,-2.86704,-0.24486,-1.24599,0.57244,0.88082,1.91884,-0.85642,1.50599,0.04291
38.26,-0.12697,0.03237,-0.1897,0.69489,0,-0.15244,-1.58461,-0.35048,0.12241,5.27025,0.28161,0.54553,-8.26131,-13.87367,-2.57187,7.54396,-25.29746,-20.68177,2.53976,-2.48134,3.74866,2.6223,0.7515,21.72237,-6.02123,-0.74429,-1.13941,0.29386,-0.57786,1.15587,-0.80867,-3.24057,-0.34101,-1.39481,0.41619,0.47332,2.34105,-0.86683,1.46356,0.1866
38.28,-0.12579,0.14015,-0.19393,0.952,0,-0.14787,-1.4874,-0.44601,0.14581,4.99835,0.51064,0.70008,-6.10079,-13.30645,-1.39461,6.0812,-25.91529,-21.8055,2.61521,-1.00045,3.06164,1.22501,0.47161,17.91468,-7.46076,-1.76886,-1.3942,0.21988,-0.69087,1.47316,-0.72032,-3.55862,-0.44058,-1.54057,0.24667,0.03527,2.75073,-0.89033,1.35779,0.3264
38.3,-0.13272,0.25273,-0.19931,1.19572,0,-0.15605,-1.33796,-0.51139,0.18627,4.59366,0.718,0.85388,-4.16554,-12.3902,-0.47083,4.6789,-25.03669,-22.36069,2.73349,0.1069,2.15161,0.16072,0.24221,13.85478,-8.45601,-2.62961,-1.67204,0.15109,-0.79911,1.84337,-0.69379,-3.79009,-0.53453,-1.68332,0.06925,-0.42107,3.14714,-0.92947,1.17635,0.4533
38.32,-0.1465,0.36623,-0.20705,1.42452,0,-0.17705,-1.14165,-0.54805,0.23565,4.06762,0.895,0.99094,-2.51839,-11.12113,0.2127,3.39629,-22.83917,-22.34809,2.78539,0.87619,1.01902,-0.5993,0.06258,9.67967,-9.0501,-3.23616,-1.96187,0.08936,-0.90586,2.25164,-0.72722,-3.90517,-0.6145,-1.82112,-0.1101,-0.88541,3.52759,-0.98496,0.91009,0.55832
38.34,-0.16536,0.47663,-0.21836,1.63869,0,-0.21003,-0.90588,-0.55874,0.28606,3.436,1.03102,1.09456,-1.18649,-9.50146,0.68075,2.2737,-19.55052,-21.78794,2.66562,1.35531,-0.31952,-1.0946,-0.07033,5.50963,-9.3002,-3.51125,-2.25137,0.03619,-1.01518,2.67979,-0.81275,-3.87847,-0.67324,-1.95038,-0.28488,-1.34861,3.88751,-1.05551,0.55457,0.63326
38.36,-0.18721,0.58,-0.23437,1.83962,0,-0.25347,-0.63977,-0.54689,0.33084,2.71933,1.11409,1.14879,-0.16847,-7.54448,0.96506,1.33345,-15.43236,-20.7228,2.2926,1.59792,-1.82672,-1.37038,-0.16134,1.46175,-9.26759,-3.40406,-2.52795,-0.00718,-1.13104,3.10805,-0.93773,-3.69234,-0.70506,-2.06653,-0.4482,-1.80187,4.22088,-1.13792,0.11144,0.67149
38.38,-0.20991,0.67275,-0.25603,2.02913,0,-0.30528,-0.35381,-0.5161,0.36535,1.94338,1.13213,1.13979,0.55793,-5.27953,1.10048,0.58196,-10.76916,-19.21774,1.62542,1.65817,-3.44202,-1.47311,-0.21645,-2.33698,-9.01074,-2.90267,-2.77984,-0.0397,-1.25633,3.51684,-1.08633,-3.34013,-0.70641,-2.16477,-0.59309,-2.23597,4.52097,-1.22731,-0.41047,0.66865
38.4,-0.23144,0.75183,-0.28399,2.20884,0,-0.36294,-0.05946,-0.46976,0.38731,1.13927,1.07441,1.05735,1.02867,-2.756,1.1218,0.01288,-5.85929,-17.35841,0.67417,1.58678,-5.08242,-1.44726,-0.24222,-5.74222,-8.58138,-2.04162,-2.99702,-0.06048,-1.392,3.8883,-1.24136,-2.82855,-0.67623,-2.24083,-0.71287,-2.64087,4.7811,-1.31748,-0.99462,0.62321
38.42,-0.25012,0.81485,-0.31857,2.37973,0,-0.42366,0.2312,-0.4108,0.3969,0.34318,0.93308,0.89586,1.28702,-0.04542,1.06144,-0.38966,-1.00409,-15.24638,-0.49962,1.42854,-6.64782,-1.33287,-0.24526,-8.59518,-8.02294,-0.90127,-3.17177,-0.06869,-1.5364,4.20739,-1.38601,-2.17854,-0.61627,-2.2914,-0.80153,-3.00553,4.99524,-1.40133,-1.6171,0.5368
38.44,-0.26465,0.86014,-0.35965,2.54171,0,-0.48453,0.50587,-0.34148,0.39646,-0.40489,0.70452,0.65516,1.37848,2.75933,0.94789,-0.64764,3.50769,-12.99186,-1.79324,1.22086,-8.0312,-1.16418,-0.23182,-10.73751,-7.37072,0.40239,-3.2988,-0.06355,-1.68502,4.46233,-1.50534,-1.42409,-0.5311,-2.31434,-0.85413,-3.31834,5.15809,-1.47142,-2.24785,0.41419
38.46,-0.27415,0.8867,-0.40658,2.69341,0,-0.54275,0.75251,-0.2634,0.38983,-1.06332,0.39044,0.34078,1.34686,5.54781,0.80491,-0.78622,7.41967,-10.70473,-3.08174,0.99334,-9.13233,-0.96898,-0.20749,-12.03564,-6.65327,1.73553,-3.37508,-0.04429,-1.83072,4.64463,-1.58759,-0.6093,-0.42781,-2.3085,-0.86712,-3.56785,5.26515,-1.52058,-2.85291,0.26294
38.48,-0.27813,0.89416,-0.45822,2.83215,0,-0.59578,0.95993,-0.17753,0.38164,-1.59168,-0.00129,-0.03591,1.23165,8.19848,0.65123,-0.83128,10.52842,-8.48563,-4.2406,0.76797,-9.87243,-0.76857,-0.17699,-12.40828,-5.89452,2.96755,-3.39956,-0.01024,-1.96429,4.74902,-1.62508,0.2158,-0.31554,-2.27353,-0.83872,-3.74377,5.31261,-1.54253,-3.39736,0.09284
38.5,-0.2765,0.88279,-0.51288,2.9541,0,-0.64148,1.11832,-0.08445,0.37651,-1.95412,-0.45613,-0.45792,1.06644,10.58701,0.50072,-0.80748,12.70009,-6.41897,-5.16646,0.55989,-10.20613,-0.57821,-0.1441,-11.84871,-5.11602,3.99028,-3.3729,0.03906,-2.07528,4.77331,-1.61476,1.00008,-0.20467,-2.20976,-0.76918,-3.83804,5.29752,-1.53266,-3.84848,-0.08483
38.52,-0.26948,0.85345,-0.56843,3.05461,0,-0.67817,1.21986,0.01523,0.37832,-2.12284,-0.95302,-0.90319,0.87827,12.59586,0.36285,-0.73697,13.87872,-4.56838,-5.79127,0.37834,-10.12741,-0.40787,-0.1117,-10.4344,-4.33839,4.73091,-3.29719,0.10359,-2.15311,4.71824,-1.55813,1.69612,-0.10576,-2.1181,-0.66094,-3.8454,5.21795,-1.48852,-4.1789,-0.25831
38.54,-0.25759,0.80754,-0.62232,3.1285,0,-0.70451,1.2592,0.12035,0.38958,-2.08149,-1.46503,-1.34551,0.68762,14.12467,0.24336,-0.63859,14.08446,-2.97512,-6.0876,0.22783,-9.6683,-0.2631,-0.08179,-8.32034,-3.5818,5.1567,-3.1757,0.18245,-2.18808,4.58722,-1.46068,2.26485,-0.02822,-2.00001,-0.51855,-3.7635,5.07325,-1.41032,-4.36927,-0.41631
38.56,-0.24154,0.74699,-0.67176,3.17052,0,-0.71935,1.23399,0.22875,0.41107,-1.82821,-1.96082,-1.75592,0.5089,15.10076,0.14495,-0.52754,13.40322,-1.65874,-6.06583,0.10926,-8.89123,-0.14595,-0.05561,-5.71835,-2.86526,5.27219,-3.01258,0.27355,-2.17246,4.3861,-1.33077,2.6796,0.02112,-1.85762,-0.34851,-3.59259,4.8642,-1.30118,-4.41056,-0.54922
38.58,-0.22218,0.67417,-0.71385,3.17586,0,-0.72162,1.14523,0.33676,0.44149,-1.37774,-2.40682,-2.10457,0.35126,15.48846,0.06803,-0.41537,11.97128,-0.61966,-5.76589,0.02095,-7.87796,-0.05594,-0.0338,-2.86844,-2.2055,5.1114,-2.81282,0.37324,-2.10152,4.12307,-1.1784,2.92909,0.0392,-1.69389,-0.15888,-3.33513,4.59338,-1.16717,-4.30564,-0.65012
38.6,-0.20053,0.59193,-0.74582,3.14067,0,-0.71026,0.99759,0.43912,0.47754,-0.76214,-2.76985,-2.36298,0.21952,15.29501,0.01136,-0.31028,9.95815,0.15719,-5.24687,-0.0404,-6.71788,0.00919,-0.01651,-0.00924,-1.61576,4.72785,-2.5822,0.47625,-1.97423,3.80852,-1.01404,3.01872,0.02753,-1.51278,0.04105,-2.99545,4.26538,-1.01734,-4.06999,-0.71549
38.62,-0.17767,0.50344,-0.7651,3.06239,0,-0.68429,0.79933,0.52921,0.5141,-0.02923,-3.02022,-2.50651,0.11513,14.57074,-0.02733,-0.21747,7.54987,0.69818,-4.57661,-0.07901,-5.49787,0.05273,-0.00351,2.64682,-1.10502,4.18469,-2.32731,0.57583,-1.7936,3.45478,-0.84763,2.96951,-0.00792,-1.3193,0.24135,-2.57961,3.88662,-0.86324,-3.73081,-0.74554
38.64,-0.15473,0.4121,-0.76948,2.93989,0,-0.64297,0.56187,0.59968,0.54472,0.76138,-3.13508,-2.51702,0.03711,13.40261,-0.0509,-0.13971,4.93386,1.03679,-3.82286,-0.09939,-4.29457,0.07847,0.00562,4.93074,-0.67768,3.54618,-2.05533,0.6643,-1.56631,3.07543,-0.68784,2.81451,-0.05756,-1.11931,0.43196,-2.09531,3.46465,-0.71826,-3.32454,-0.74392
38.66,-0.13287,0.32127,-0.75717,2.77332,0,-0.58609,0.29906,0.64346,0.56236,1.54425,-3.10185,-2.38538,-0.01718,11.90251,-0.06238,-0.07785,2.2861,1.20984,-3.04679,-0.10594,-3.16963,0.09029,0.01145,6.72632,-0.33371,2.87129,-1.77373,0.7338,-1.30197,2.68439,-0.54162,2.59344,-0.10985,-0.91917,0.60334,-1.5519,3.00714,-0.59655,-2.89295,-0.71704
38.68,-0.11322,0.23407,-0.72681,2.56393,0,-0.51425,0.02625,0.65492,0.56024,2.2549,-2.92131,-2.11364,-0.05135,10.1934,-0.06477,-0.0313,-0.23882,1.2543,-2.29878,-0.10265,-2.16749,0.09181,0.01463,7.97274,-0.06925,2.20948,-1.49001,0.77723,-1.01204,2.29492,-0.41396,2.34668,-0.15315,-0.72536,0.74718,-0.96051,2.52086,-0.51178,-2.4786,-0.67318
38.7,-0.09687,0.15316,-0.67764,2.31388,0,-0.42912,-0.2406,0.63087,0.53271,2.83621,-2.60984,-1.71622,-0.06944,8.39615,-0.06083,0.00153,-2.51437,1.20488,-1.61646,-0.09295,-1.31547,0.08624,0.01575,8.66182,0.12263,1.59848,-1.21137,0.78915,-0.70871,1.91881,-0.30788,2.10981,-0.17756,-0.54418,0.85692,-0.33412,2.01105,-0.47577,-2.1203,-0.6215
38.72,-0.08486,0.08063,-0.60941,2.02591,0,-0.33351,-0.48581,0.57119,0.47617,3.2432,-2.19898,-1.21957,-0.07556,6.61901,-0.05297,0.02281,-4.44541,1.09228,-1.02449,-0.07963,-0.62531,0.07629,0.0154,8.83077,0.25099,1.06385,-0.94449,0.76639,-0.40386,1.56574,-0.2246,1.90982,-0.1762,-0.38158,0.92808,0.31255,1.48144,-0.49726,-1.84908,-0.57118
38.74,-0.07816,0.01788,-0.5225,1.70304,0,-0.23128,-0.69474,0.47897,0.38972,3.44579,-1.72954,-0.65994,-0.07362,4.95061,-0.04328,0.03503,-5.96878,0.94226,-0.53568,-0.06484,-0.09583,0.06409,0.01407,8.55173,0.32608,0.61969,-0.69527,0.70828,-0.10809,1.24284,-0.16382,1.76325,-0.14579,-0.24322,0.95848,0.96347,0.93474,-0.58063,-1.68497,-0.53066
38.76,-0.07768,-0.03439,-0.41783,1.34814,0,-0.12695,-0.85447,0.36009,0.27565,3.42971,-1.24084,-0.07973,-0.06717,3.45638,-0.03345,0.04079,-7.05173,0.77525,-0.15287,-0.05016,0.28404,0.05126,0.01216,7.91955,0.35851,0.27017,-0.46851,0.61665,0.17012,0.95448,-0.124,1.67625,-0.08666,-0.13454,0.94804,1.60206,0.37379,-0.72501,-1.63479,-0.50698
38.78,-0.08421,-0.07613,-0.29682,0.96375,0,-0.02524,-0.95454,0.22258,0.13955,3.19613,-0.76215,0.47709,-0.05931,2.17804,-0.02488,0.04259,-7.68939,0.60635,0.12875,-0.03662,0.53207,0.03893,0.01,7.03976,0.35855,0.01154,-0.26774,0.49544,0.42497,0.7022,-0.10271,1.64605,-0.00217,-0.06096,0.89868,2.21206,-0.19702,-0.92352,-1.69107,-0.50529
38.8,-0.09839,-0.1079,-0.16142,0.55216,0,0.06941,-0.98756,0.07573,-0.00994,2.76045,-0.31136,0.96947,-0.05265,1.13532,-0.01869,0.04275,-7.90124,0.44586,0.31928,-0.02485,0.66995,0.02784,0.00783,6.01808,0.33562,-0.16584,-0.09505,0.35027,0.65352,0.48504,-0.09696,1.66324,0.102,-0.02785,0.81386,2.77829,-0.77003,-1.16321,-1.83236,-0.52822
38.82,-0.1206,-0.1307,-0.01405,0.11589,0,0.15332,-0.94974,-0.07085,-0.16195,2.15055,0.10145,1.36317,-0.04931,0.32929,-0.01574,0.04331,-7.72694,0.29988,0.43198,-0.01514,0.72076,0.01838,0.00579,4.95221,0.29791,-0.27548,0.04886,0.18773,0.85555,0.29989,-0.10346,1.71425,0.21876,-0.0405,0.69821,3.28698,-1.33279,-1.42553,-2.02511,-0.57538
38.84,-0.1509,-0.14585,0.14245,-0.34168,0,0.22396,-0.84135,-0.20818,-0.30468,1.40452,0.46954,1.63357,-0.05091,-0.25368,-0.01669,0.04599,-7.22132,0.17117,0.48146,-0.00752,0.70714,0.01071,0.00401,3.92613,0.25225,-0.33305,0.16458,0.01472,1.03292,0.14219,-0.11882,1.78365,0.34045,-0.10372,0.55683,3.72573,-1.86689,-1.68759,-2.22705,-0.64275
38.86,-0.18881,-0.15476,0.3049,-0.81543,0,0.28025,-0.66695,-0.32876,-0.42706,0.56804,0.78535,1.76751,-0.05852,-0.63761,-0.02199,0.05214,-6.44923,0.05993,0.48229,-0.00188,0.6499,0.00478,0.00251,3.00663,0.20397,-0.3549,0.25385,-0.16238,1.18873,0.00656,-0.13978,1.85617,0.45957,-0.22124,0.39471,4.08324,-2.34766,-1.92407,-2.39183,-0.72224
38.88,-0.2333,-0.1588,0.46991,-1.29786,0,0.3227,-0.43548,-0.42726,-0.52044,-0.30834,1.03752,1.76399,-0.07269,-0.85303,-0.03182,0.06264,-5.48076,-0.03523,0.44806,0.00203,0.56714,0.00045,0.00132,2.24197,0.15704,-0.35701,0.31927,-0.33837,1.32642,-0.11256,-0.16325,1.91818,0.56946,-0.39486,0.21613,4.34903,-2.74488,-2.10967,-2.47423,-0.80152
38.9,-0.28267,-0.15918,0.63399,-1.77857,0,0.35341,-0.16007,-0.50095,-0.57983,-1.17203,1.21115,1.63382,-0.09329,-0.93353,-0.04609,0.07787,-4.38733,-0.11655,0.39075,0.00449,0.47385,-0.00252,0.00043,1.66217,0.11417,-0.35399,0.36422,-0.50968,1.44896,-0.2204,-0.18637,1.95872,0.66467,-0.62347,0.02427,4.51338,-3.02485,-2.22157,-2.43536,-0.86447
38.92,-0.33457,-0.15688,0.79364,-2.24437,0,0.37586,0.14263,-0.54981,-0.6043,-1.97139,1.29241,1.3981,-0.11944,-0.91312,-0.06434,0.09758,-3.23855,-0.18635,0.32047,0.00579,0.3818,-0.00436,-0.00021,1.28069,0.07699,-0.35853,0.39268,-0.67446,1.5583,-0.32159,-0.20652,1.96983,0.74125,-0.90201,-0.1788,4.56742,-3.15389,-2.24183,-2.24695,-0.89223
38.94,-0.38611,-0.15266,0.94542,-2.67996,0,0.39446,0.45356,-0.57617,-0.59665,-2.65887,1.27411,1.08552,-0.14938,-0.82429,-0.08563,0.1208,-2.09972,-0.2463,0.24535,0.00623,0.2996,-0.00533,-0.00062,1.09682,0.04627,-0.38076,0.40913,-0.83238,1.65511,-0.42014,-0.22124,1.94639,0.79668,-1.22057,-0.39194,4.50349,-3.1031,-2.1593,-1.89436,-0.86513
38.96,-0.43406,-0.14714,1.08609,-3.06913,0,0.41396,0.7528,-0.58411,-0.56217,-3.19435,1.15793,0.72885,-0.1803,-0.69674,-0.1084,0.14566,-1.02998,-0.29691,0.17169,0.00605,0.23306,-0.00566,-0.00086,1.09855,0.0221,-0.42784,0.41853,-0.9841,1.73884,-0.51954,-0.22815,1.88549,0.82977,-1.56378,-0.61444,4.31586,-2.85402,-1.97097,-1.37828,-0.76523
38.98,-0.47508,-0.14087,1.21272,-3.39649,0,0.43878,1.02131,-0.57865,-0.50726,-3.54835,0.95382,0.36128,-0.20818,-0.55675,-0.13041,0.16933,-0.08092,-0.337,0.10411,0.00549,0.18543,-0.00555,-0.00096,1.26528,0.00409,-0.50345,0.42617,-1.13062,1.80797,-0.623,-0.22494,1.7858,0.84048,-1.91076,-0.84542,4.00193,-2.404,-1.68271,-0.71509,-0.57906
39,-0.50606,-0.13444,1.32276,-3.64911,0,0.47233,1.24255,-0.565,-0.43801,-3.7045,0.67845,0.01313,-0.22767,-0.42694,-0.14857,0.18784,0.70408,-0.36337,0.04583,0.0047,0.15779,-0.00515,-0.00096,1.57001,-0.00844,-0.6073,0.4376,-1.27264,1.86042,-0.73356,-0.20938,1.64713,0.82981,-2.2358,-1.08314,3.56374,-1.77014,-1.30911,0.06411,-0.30022
39.02,-0.52429,-0.12846,1.41418,-3.81795,0,0.51653,1.40378,-0.54777,-0.35937,-3.66081,0.35363,-0.29055,-0.2321,-0.32623,-0.15886,0.19604,1.2899,-0.37056,-0.00099,0.00383,0.14928,-0.00458,-0.00089,1.98088,-0.01635,-0.73461,0.45828,-1.41002,1.89384,-0.85395,-0.17948,1.47037,0.79976,-2.51012,-1.32438,3.00957,-0.99043,-0.87224,0.91594,0.06881
39.04,-0.52771,-0.12364,1.48541,-3.89865,0,0.5714,1.49682,-0.53036,-0.27478,-3.42931,0.00469,-0.53132,-0.21349,-0.27001,-0.15631,0.18761,1.64943,-0.35081,-0.03493,0.00296,0.15738,-0.00393,-0.00079,2.46183,-0.02056,-0.87565,0.49317,-1.54133,1.90579,-0.98621,-0.13371,1.25778,0.75337,-2.70441,-1.56399,2.35518,-0.12142,-0.39908,1.78878,0.51581
39.06,-0.51507,-0.12066,1.53536,-3.89187,0,0.63494,1.51835,-0.51458,-0.18651,-3.03455,-0.34146,-0.69789,-0.16282,-0.27015,-0.13511,0.1552,1.76309,-0.2943,-0.05508,0.00216,0.17802,-0.00325,-0.00066,2.97272,-0.02194,-1.01519,0.54619,-1.66371,1.89378,-1.13113,-0.07138,1.01359,0.69479,-2.79227,-1.79464,1.62462,0.76715,0.08174,2.62781,1.01915
39.08,-0.48598,-0.12008,1.56338,-3.8033,0,0.70309,1.46999,-0.5004,-0.09627,-2.5111,-0.65826,-0.78582,-0.07051,-0.33491,-0.0887,0.09072,1.61853,-0.18957,-0.06073,0.00147,0.20572,-0.00258,-0.00053,3.46915,-0.02132,-1.13228,0.6196,-1.77294,1.85525,-1.28758,0.007,0.74476,0.62931,-2.75377,-2.00694,0.85024,1.59973,0.54355,3.38067,1.54908
39.1,-0.44106,-0.1223,1.56926,-3.64325,0,0.7701,1.35788,-0.48607,-0.00593,-1.90068,-0.92165,-0.79694,0.07281,-0.46853,-0.01025,-0.01414,1.21055,-0.02434,-0.05129,0.0009,0.23363,-0.00194,-0.0004,3.90231,-0.01938,-1.2002,0.71362,-1.86374,1.78765,-1.45209,0.09924,0.46165,0.56322,-2.57847,-2.18984,0.0718,2.30305,0.9645,4.00242,2.06995
39.12,-0.38186,-0.12743,1.55327,-3.42574,0,0.82897,1.19207,-0.46845,0.0819,-1.24898,-1.11231,-0.73846,0.27529,-0.67053,0.10687,-0.16714,0.54125,0.21322,-0.0262,0.00046,0.25365,-0.00134,-0.00029,4.21915,-0.01669,-1.18686,0.82609,-1.93023,1.68845,-1.61859,0.20111,0.17829,0.50343,-2.26718,-2.33139,-0.66591,2.81368,1.32931,4.45938,2.54317
39.14,-0.31081,-0.13526,1.51604,-3.16713,0,0.87214,0.98549,-0.44359,0.16356,-0.60219,-1.21809,-0.62194,0.5424,-0.93475,0.26823,-0.37441,-0.37956,0.5329,0.01495,0.00013,0.25654,-0.00081,-0.00018,4.36335,-0.01369,-1.05577,0.95253,-1.9665,1.55519,-1.77861,0.30612,-0.08801,0.45678,-1.83203,-2.41978,-1.31698,3.0845,1.62957,4.73114,2.93092
39.16,-0.23104,-0.14524,1.45852,-2.88435,0,0.89235,0.75268,-0.4075,0.23447,-0.00355,-1.23664,-0.46217,0.8752,-1.24809,0.4773,-0.63911,-1.5339,0.94025,0.07229,-0.0001,0.23219,-0.00034,-0.0001,4.27712,-0.0107,-0.76785,1.08643,-1.96733,1.38562,-1.92185,0.40538,-0.31758,0.42918,-1.29511,-2.44459,-1.83933,3.08958,1.86278,4.81126,3.20015
39.18,-0.14616,-0.15651,1.38191,-2.59326,0,0.8835,0.50857,-0.35691,0.28938,0.50981,-1.17749,-0.27608,1.26829,-1.58912,0.73417,-0.95974,-2.89477,1.43407,0.14533,-0.00025,0.17004,5e-05,-3e-05,3.90448,-0.00793,-0.28411,1.21971,-1.92885,1.17789,-2.03708,0.4878,-0.48981,0.4247,-0.68604,-2.39814,-2.19998,2.8273,2.03084,4.70668,3.3266
39.2,-0.06006,-0.16796,1.28766,-2.30729,0,0.84147,0.26732,-0.28996,0.32298,0.90932,-1.06082,-0.0816,1.70763,-1.92689,1.03396,-1.32831,-4.42532,2.00345,0.23262,-0.00033,0.05968,0.00035,2e-05,3.19576,-0.00551,0.43067,1.34352,-1.84922,0.93101,-2.1133,0.54046,-0.58481,0.44506,-0.03927,-2.27667,-2.37949,2.32106,2.13822,4.43633,3.29784
39.22,0.02333,-0.17828,1.17753,-2.03668,0,0.76465,0.04143,-0.20661,0.33044,1.17636,-0.91092,0.10349,2.16833,-2.21991,1.36521,-1.72831,-6.07803,2.62464,0.33121,-0.00035,-0.10829,0.00058,5e-05,2.11325,-0.00349,1.40321,1.44898,-1.72897,0.64533,-2.14096,0.54934,-0.58524,0.48955,0.6088,-2.08111,-2.37434,1.61708,2.19039,4.02874,3.11485
39.24,0.10023,-0.18613,1.05351,-1.78814,0,0.6541,-0.1588,-0.10864,0.30805,1.30261,-0.74806,0.26293,2.6127,-2.4159,1.70814,-2.13273,-7.79417,3.25796,0.43619,-0.00035,-0.34123,0.00072,7e-05,0.63775,-0.0019,2.64623,1.52805,-1.57107,0.32304,-2.11312,0.50033,-0.47801,0.55545,1.22254,-1.81712,-2.1971,0.77914,2.19275,3.51887,2.79164
39.26,0.16725,-0.19023,0.91783,-1.56504,0,0.51346,-0.3257,0.00052,0.25376,1.28946,-0.58459,0.38322,2.98893,-2.45253,2.03309,-2.50246,-9.50412,3.84517,0.5402,-0.00032,-0.64313,0.00079,8e-05,-1.22441,-0.0007,4.15244,1.57438,-1.38066,-0.03126,-2.02647,0.38056,-0.25601,0.63897,1.76958,-1.49465,-1.87435,-0.119,2.15,2.94441,2.35323
39.28,0.22162,-0.1895,0.77287,-1.36794,0,0.34865,-0.45438,0.1163,0.16766,1.14688,-0.42537,0.45485,3.23074,-2.25953,2.29934,-2.78519,-11.12841,4.30762,0.63295,-0.00027,-1.01326,0.0008,9e-05,-3.43452,0.00015,5.88861,1.58407,-1.16461,-0.41012,-1.88227,0.1799,0.08037,0.73622,2.22297,-1.12717,-1.44322,-1.00212,2.06609,2.34224,1.83268
39.3,0.26129,-0.18317,0.62125,-1.19536,0,0.16741,-0.5427,0.2334,0.05227,0.89195,-0.26931,0.4731,3.25862,-1.76263,2.45462,-2.91534,-12.57974,4.54593,0.701,-0.00022,-1.44481,0.00077,8e-05,-5.9158,0.0007,7.79057,1.5562,-0.93102,-0.8029,-1.6868,-0.10754,0.52214,0.84415,2.56284,-0.73067,-0.94725,-1.80142,1.94446,1.74548,1.26757
39.32,0.28507,-0.17091,0.46571,-1.04447,0,-0.02123,-0.5911,0.34628,-0.08746,0.54716,-0.11107,0.43832,2.98294,-0.88938,2.43551,-2.81537,-13.76569,4.4417,0.72767,-0.00017,-1.92367,0.00069,7e-05,-8.55019,0.00101,9.7602,1.49301,-0.68866,-1.19565,-1.45139,-0.48208,1.05105,0.96088,2.77718,-0.32265,-0.43204,-2.46059,1.78848,1.18146,0.69652
39.34,0.29266,-0.15285,0.30912,-0.91167,0,-0.20755,-0.60225,0.44942,-0.24439,0.13864,0.05741,0.35547,2.3096,0.42273,2.16934,-2.3989,-14.59236,3.862,0.69335,-0.00013,-2.4277,0.0006,6e-05,-11.17911,0.00115,11.66545,1.39955,-0.44633,-1.57137,-1.19164,-0.93746,1.63982,1.08551,2.86201,0.07904,0.0589,-2.9395,1.60173,0.67069,0.15588
39.36,0.28455,-0.12956,0.1543,-0.793,0,-0.38177,-0.58057,0.53764,-0.40986,-0.30582,0.24527,0.23317,1.14838,2.21632,1.57768,-1.57603,-14.96917,2.6671,0.57624,-9e-05,-2.92665,0.00049,5e-05,-13.60939,0.00115,13.34481,1.28294,-0.21219,-1.91072,-0.92601,-1.46028,2.25311,1.21743,2.82085,0.45733,0.48794,-3.21571,1.38833,0.22662,-0.32334
39.38,0.26197,-0.10205,0.00395,-0.68439,0,-0.53481,-0.53181,0.60627,-0.57441,-0.7585,0.46095,0.08239,-0.57579,4.50262,0.58185,-0.26116,-14.8151,0.72211,0.35359,-6e-05,-3.38305,0.00038,4e-05,-15.62518,0.00107,14.61717,1.15136,0.00686,-2.19318,-0.67404,-2.0299,2.84932,1.35521,2.66389,0.79711,0.82631,-3.28423,1.15308,-0.14394,-0.71782
39.4,0.22678,-0.07166,-0.13952,-0.58172,0,-0.65888,-0.46249,0.65137,-0.72871,-1.1935,0.71031,-0.08496,-2.90909,7.24956,-0.88947,1.61672,-14.06587,-2.08765,0.00347,-3e-05,-3.75429,0.00027,3e-05,-17.00624,0.00094,15.29779,1.0129,0.20567,-2.39865,-0.45428,-2.61875,3.38302,1.4955,2.407,1.08614,1.05597,-3.15609,0.9017,-0.43988,-1.0135
39.42,0.18128,-0.04,-0.27406,-0.48081,0,-0.74801,-0.37935,0.66995,-0.86452,-1.58807,0.99436,-0.25729,-5.8532,10.37083,-2.89047,4.10144,-12.68109,-5.83757,-0.49274,-1e-05,-3.99599,0.00018,2e-05,-17.55226,0.00079,15.22014,0.87443,0.38115,-2.5093,-0.28226,-3.19335,3.80801,1.632,2.07046,1.31575,1.17008,-2.8558,0.64089,-0.66461,-1.20609
39.44,0.12806,-0.00879,-0.39806,-0.37734,0,-0.79854,-0.28886,0.66014,-0.97547,-1.92386,1.30683,-0.42448,-9.3494,13.71814,-5.44673,7.19545,-10.65078,-10.54218,-1.14753,0,-4.06653,0.0001,1e-05,-17.11159,0.00063,14.26212,0.74051,0.5324,-2.51167,-0.1685,-3.71592,4.08091,1.75473,1.67752,1.48122,1.17204,-2.41805,0.37824,-0.82469,-1.30033
39.46,0.06973,0.02029,-0.5104,-0.26672,0,-0.80933,-0.19664,0.62145,-1.05782,-2.1878,1.6324,-0.57866,-13.26459,17.07925,-8.54271,10.8453,-8.00124,-16.1327,-1.96391,1e-05,-3.9325,3e-05,0,-15.611,0.00047,12.37338,0.61241,0.66068,-2.39872,-0.11679,-4.14682,4.16509,1.84985,1.25275,1.58189,1.07344,-1.88395,0.12201,-0.92854,-1.30854
39.48,0.00881,0.04571,-0.61052,-0.14415,0,-0.78191,-0.10701,0.55494,-1.11089,-2.37282,1.94892,-0.71468,-17.38233,20.18493,-12.10927,14.92852,-4.8003,-22.43657,-2.9321,2e-05,-3.57405,-2e-05,-0,-13.08059,0.00034,9.59812,0.48772,0.76912,-2.17156,-0.12306,-4.44758,4.03475,1.9001,0.82046,1.62112,0.89149,-1.29725,-0.11923,-0.98526,-1.24847
39.5,-0.05251,0.0663,-0.69841,-0.00495,0,-0.7204,-0.02273,0.4633,-1.13723,-2.47815,2.23415,-0.83016,-21.40272,22.728,-16.01301,19.24441,-1.16139,-29.16245,-4.0265,2e-05,-2.98911,-5e-05,-1e-05,-9.66617,0.00022,6.08613,0.36038,0.86229,-1.84049,-0.17512,-4.5845,3.6784,1.88595,0.40329,1.60587,0.64651,-0.70093,-0.33704,-1.00381,-1.14105
39.52,-0.1124,0.08125,-0.77453,0.1548,0,-0.63107,0.05507,0.35078,-1.14208,-2.50899,2.47177,-0.92505,-24.95559,24.39737,-20.04931,23.51186,2.75506,-35.89539,-5.20343,2e-05,-2.19525,-7e-05,-1e-05,-5.62191,0.00013,2.08519,0.22161,0.94555,-1.4247,-0.25359,-4.53217,3.10112,1.7877,0.021,1.54595,0.35982,-0.13433,-0.52357,-0.99233,-1.00808
39.54,-0.16938,0.09015,-0.83971,0.33728,0,-0.5216,0.12668,0.22288,-1.13235,-2.47546,2.65248,-1.00071,-27.6318,24.92871,-23.94173,27.37736,6.74432,-42.10725,-6.40042,2e-05,-1.22868,-8e-05,-1e-05,-1.28088,6e-05,-2.08713,0.06153,1.02412,-0.95044,-0.33406,-4.27676,2.32511,1.58801,-0.31046,1.45299,0.05222,0.36928,-0.67215,-0.95781,-0.87002
39.56,-0.22235,0.09299,-0.89492,0.54182,0,-0.40014,0.19344,0.0858,-1.11523,-2.39109,2.77196,-1.05877,-29.03659,24.17164,-27.35014,30.43685,10.56537,-47.18758,-7.53754,2e-05,-0.14055,-8e-05,-1e-05,2.99166,1e-05,-6.08796,-0.1287,1.10215,-0.448,-0.39024,-3.81881,1.38855,1.27501,-0.5798,1.33903,-0.25694,0.78446,-0.7779,-0.90603,-0.74415
39.58,-0.27044,0.09009,-0.94114,0.76394,0,-0.27429,0.25729,-0.05403,-1.09665,-2.27111,2.82844,-1.09999,-28.86776,22.16125,-29.88985,32.27393,13.95464,-50.49913,-8.52144,1e-05,1.00826,-7e-05,-1e-05,6.85156,-3e-05,-9.59974,-0.3547,1.1819,0.05191,-0.39749,-3.17496,0.34308,0.84518,-0.78082,1.21525,-0.55023,1.09492,-0.83823,-0.84159,-0.64308
39.6,-0.31299,0.08207,-0.97923,0.99476,0,-0.1504,0.32019,-0.19046,-1.08015,-2.13068,2.82128,-1.12347,-27.01816,19.13892,-31.16337,32.51589,16.64572,-51.46024,-9.25245,1e-05,2.15283,-5e-05,-1e-05,10.02299,-5e-05,-12.37463,-0.61708,1.2632,0.52166,-0.3361,-2.37814,-0.74987,0.30544,-0.91256,1.09101,-0.81237,1.29391,-0.85323,-0.76817,-0.57394
39.62,-0.34944,0.06973,-1.00985,1.2212,0,-0.03311,0.38367,-0.3179,-1.06619,-1.98347,2.75026,-1.12637,-23.64956,15.45808,-30.80425,30.906,18.39466,-49.65228,-9.63474,1e-05,3.22958,-4e-05,-0,12.329,-6e-05,-14.26285,-0.91048,1.34351,0.93946,-0.1937,-1.47544,-1.8239,-0.32622,-0.97896,0.97326,-1.03031,1.38384,-0.82578,-0.68878,-0.53831
39.64,-0.37926,0.05403,-1.03339,1.42702,0,0.07461,0.44847,-0.43148,-1.05219,-1.84027,2.61591,-1.10432,-19.12414,11.4298,-28.53069,27.38691,19.00971,-44.94437,-9.58886,0,4.18092,-2e-05,-0,13.70089,-7e-05,-15.22012,-1.22382,1.41832,1.29106,0.03351,-0.52332,-2.81347,-1.02179,-0.98791,0.86648,-1.19328,1.37489,-0.76118,-0.60588,-0.53287
39.66,-0.40195,0.036,-1.05004,1.59457,0,0.17111,0.51427,-0.52696,-1.03319,-1.70816,2.42045,-1.0523,-13.8105,7.23988,-24.20221,22.15414,18.38256,-37.58585,-9.06513,0,4.95907,-0,0,14.1686,-7e-05,-15.29678,-1.54145,1.48209,1.57041,0.34061,0.41901,-3.66018,-1.74588,-0.95008,0.773,-1.29309,1.28303,-0.66661,-0.52156,-0.5506
39.68,-0.41699,0.01672,-1.05977,1.70705,0,0.25553,0.57956,-0.60071,-1.00287,-1.58994,2.16947,-0.96589,-7.94751,2.95995,-17.86879,15.59891,16.51542,-28.15361,-8.05489,0,5.52907,1e-05,0,13.83854,-6e-05,-14.61489,-1.84501,1.52933,1.77918,0.71474,1.29684,-4.31879,-2.4592,-0.87747,0.69367,-1.32444,1.12767,-0.55038,-0.43763,-0.58238
39.7,-0.42396,-0.00276,-1.06256,1.75079,0,0.32726,0.64174,-0.64966,-0.95486,-1.48415,1.87389,-0.84261,-1.6413,-1.41079,-9.79798,8.15181,13.53672,-17.33138,-6.59622,-0,5.87073,2e-05,0,12.86649,-6e-05,-13.34097,-2.11562,1.55561,1.92529,1.13637,2.06608,-4.76166,-3.12204,-0.78218,0.62844,-1.28545,0.92952,-0.42121,-0.35564,-0.61847
39.72,-0.4225,-0.02146,-1.0584,1.71707,0,0.38554,0.69726,-0.6714,-0.8838,-1.38562,1.55134,-0.68288,5.07979,-5.90246,-0.46655,0.16923,9.69788,-5.70075,-4.77068,-0,5.9792,3e-05,0,11.431,-5e-05,-11.65975,-2.3358,1.55821,2.02038,1.58104,2.69699,-4.98051,-3.69711,-0.6753,0.57699,-1.17794,0.7087,-0.28757,-0.27701,-0.64984
39.74,-0.41246,-0.03849,-1.04741,1.6034,0,0.4293,0.74193,-0.66434,-0.7863,-1.28637,1.22491,-0.49059,12.20182,-10.53035,9.48799,-8.06224,5.34854,6.29903,-2.69027,-0,5.86418,3e-05,0,9.71086,-4e-05,-9.75238,-2.49112,1.53627,2.07655,2.02125,3.17505,-4.98525,-4.15156,-0.56615,0.53902,-1.00775,0.48327,-0.15717,-0.20296,-0.66908
39.76,-0.39392,-0.05313,-1.02988,1.41406,0,0.45727,0.7714,-0.62805,-0.66152,-1.17692,0.91771,-0.27311,19.65773,-15.24969,19.34837,-16.25648,0.8939,18.28419,-0.47763,-0,5.54792,3e-05,0,7.86817,-3e-05,-7.78039,-2.57138,1.49049,2.1028,2.42863,3.49938,-4.80043,-4.4583,-0.46184,0.51434,-0.78467,0.26821,-0.03653,-0.13457,-0.67089
39.78,-0.36725,-0.06485,-1.00629,1.16005,0,0.46815,0.78151,-0.56357,-0.51144,-1.0477,0.64673,-0.04085,27.25599,-19.90931,28.41224,-24.04643,-3.25658,29.80767,1.75481,-0,5.06281,3e-05,0,6.03747,-2e-05,-5.87592,-2.57142,1.42275,2.10213,2.77613,3.6796,-4.46035,-4.597,-0.367,0.50278,-0.52228,0.0748,0.06927,-0.07274,-0.65233
39.8,-0.33315,-0.07332,-0.97733,0.85852,0,0.46099,0.76882,-0.4737,-0.34089,-0.89032,0.42069,0.19348,34.60657,-24.20487,36.07829,-30.93061,-6.73868,40.26173,3.91995,-0,4.44845,2e-05,0,4.32033,-1e-05,-4.13718,-2.49157,1.33565,2.07005,3.04014,3.73226,-4.00422,-4.55512,-0.28384,0.50408,-0.2374,-0.08964,0.15673,-0.01817,-0.61279
39.82,-0.29265,-0.07846,-0.94395,0.53155,0,0.43545,0.73078,-0.36307,-0.15725,-0.69853,0.24156,0.41608,41.08176,-27.6701,41.9052,-36.32454,-9.27229,48.89091,5.96046,-0,3.74851,1e-05,0,2.78444,-1e-05,-2.62847,-2.33748,1.23232,1.99521,3.20221,3.67746,-3.47184,-4.32897,-0.21233,0.51776,0.05082,-0.22168,0.224,0.02865,-0.5538
39.84,-0.24703,-0.08042,-0.9073,0.20427,0,0.39197,0.66592,-0.23794,0.0302,-0.46876,0.10687,0.61339,45.91537,-29.78952,45.63536,-39.72996,-10.68514,54.98169,7.8412,-0,3.00722,1e-05,0,1.46617,-0,-1.38316,-2.11934,1.1163,1.86212,3.25038,3.53618,-2.9004,-3.92475,-0.1505,0.54298,0.32229,-0.32147,0.2707,0.06744,-0.47867
39.86,-0.19772,-0.07952,-0.86863,-0.09741,0,0.33185,0.57377,-0.10571,0.21114,-0.20021,0.01147,0.77368,48.46003,-30.20717,47.1877,-40.89108,-10.92159,58.09818,9.53305,-0,2.26576,-0,-0,0.3753,0,-0.40878,-1.85069,0.99173,1.65563,3.17999,3.32847,-2.32228,-3.35937,-0.0949,0.57854,0.55773,-0.39222,0.29785,0.09819,-0.39201
39.88,-0.14614,-0.07624,-0.82922,-0.34938,0,0.25726,0.4549,0.02568,0.37526,0.1051,-0.05105,0.88851,48.41475,-28.85794,46.63113,-39.82777,-10.03879,58.16572,10.9948,-0,1.55904,-1e-05,-0,-0.49908,1e-05,0.30715,-1.54699,0.86342,1.36584,2.99412,3.07261,-1.76402,-2.66099,-0.04105,0.62286,0.74054,-0.43956,0.30761,0.12115,-0.29927
39.9,-0.09359,-0.07118,-0.7903,-0.53158,0,0.17118,0.31091,0.14844,0.51315,0.44232,-0.08739,0.95378,45.85895,-25.94193,44.1508,-36.77917,-8.19266,55.40305,12.16095,0,0.91347,-1e-05,-0,-1.18211,1e-05,0.791,-1.22423,0.73694,0.99233,2.70332,2.78478,-1.24604,-1.86842,0.01599,0.67395,0.85845,-0.4708,0.30303,0.13684,-0.2062
39.92,-0.04126,-0.06497,-0.75293,-0.62987,0,0.0773,0.14458,0.25558,0.61707,0.80346,-0.10386,0.97024,41.15,-21.82438,40.01515,-32.12888,-5.61539,50.22107,12.94131,0,0.34581,-1e-05,-0,-1.70701,1e-05,1.07753,-0.89754,0.61836,0.54633,2.32452,2.47928,-0.78296,-1.02901,0.08094,0.72945,0.90474,-0.49404,0.28777,0.14601,-0.11836
39.94,0.00986,-0.05828,-0.71785,-0.63727,0,-0.02015,-0.03994,0.34149,0.68151,1.17707,-0.10599,0.94312,34.80388,-16.93974,34.54821,-26.33852,-2.58601,43.14276,13.23461,0,-0.13663,-1e-05,-0,-2.10945,1e-05,1.20513,-0.58002,0.5136,0.05027,1.87894,2.16863,-0.38412,-0.19469,0.15775,0.78655,0.87871,-0.51723,0.26574,0.14962,-0.04069
39.96,0.0589,-0.05171,-0.68539,-0.5545,0,-0.11659,-0.23685,0.40243,0.70342,1.54782,-0.09835,0.8813,27.40058,-11.71868,28.10888,-19.89442,0.60247,34.74858,12.95319,0,-0.53485,-1e-05,-0,-2.42288,1e-05,1.21211,-0.28176,0.42753,-0.46507,1.38947,1.86376,-0.05419,0.58348,0.24892,0.84193,0.78566,-0.54719,0.24068,0.14873,0.02294
39.98,0.10507,-0.04577,-0.6553,-0.38999,0,-0.20736,-0.43862,0.43682,0.68241,1.89647,-0.08447,0.79601,19.51607,-6.53888,21.07638,-13.26823,3.67499,25.64289,12.05157,0,-0.85625,-1e-05,-0,-2.67503,1e-05,1.134,-0.00916,0.36304,-0.96478,0.87791,1.57405,0.20619,1.26105,0.35503,0.89175,0.63635,-0.58886,0.21589,0.14442,0.07003
40,0.1476,-0.04084,-0.62677,-0.15922,0,-0.28791,-0.63603,0.44535,0.62064,2.20041,-0.06694,0.69952,11.6773,-1.69736,13.83854,-6.88979,6.40043,16.43157,10.5494,0,-1.11232,-1e-05,-0,-2.88569,1e-05,1.00179,0.23521,0.32033,-1.41451,0.36301,1.30743,0.39981,1.80502,0.47448,0.93178,0.44601,-0.6447,0.19387,0.13769,0.0996
40.02,0.1857,-0.03715,-0.59849,0.11664,0,-0.35413,-0.81855,0.43085,0.52268,2.43506,-0.04752,0.60394,4.3344,2.59922,6.77823,-1.12887,8.60828,7.69951,8.54035,0,-1.31627,-1e-05,-0,-3.06582,0,0.84108,0.45215,0.29672,-1.78449,-0.14061,1.07023,0.53211,2.19664,0.60352,0.95756,0.23312,-0.71463,0.17621,0.12935,0.11213
40.04,0.21855,-0.03474,-0.56873,0.41271,0,-0.40255,-0.97509,0.39776,0.39508,2.57616,-0.02729,0.52022,-2.15583,6.23073,0.25487,3.71799,10.1946,-0.01931,6.18307,0,-1.48072,-0,-0,-3.21795,0,0.67178,0.64486,0.28695,-2.05254,-0.6223,0.86705,0.61054,2.43183,0.73664,0.96473,0.01773,-0.79627,0.16351,0.11995,0.10923
40.06,0.24532,-0.0335,-0.53559,0.70296,0,-0.43063,-1.09508,0.35144,0.24588,2.60283,-0.00687,0.45739,-7.53914,9.1508,-5.4188,7.43738,11.1191,-6.27959,3.6768,0,-1.61575,-0,-0,-3.33758,0,0.5084,0.81756,0.28407,-2.20586,-1.07431,0.70037,0.64378,2.51944,0.86726,0.94943,-0.18042,-0.88563,0.15547,0.10973,0.09315
40.08,0.26522,-0.03316,-0.49717,0.96301,0,-0.43693,-1.16973,0.29749,0.08409,2.50092,0.01339,0.422,-11.66767,11.36938,-10.00098,9.90649,11.39649,-10.76428,1.22909,0,-1.72759,0,-0,-3.41534,0,0.36061,0.97407,0.28048,-2.24185,-1.49038,0.57034,0.64102,2.47819,0.98861,0.90874,-0.34384,-0.97792,0.15102,0.09856,0.06634
40.1,0.27759,-0.03336,-0.4519,1.17261,0,-0.42131,-1.19323,0.241,-0.08082,2.26597,0.03324,0.41782,-14.49797,12.93373,-13.34093,11.09682,11.08495,-13.31624,-0.97543,-0,-1.81803,0,-0,-3.4394,-0,0.23402,1.11664,0.2691,-2.16789,-1.86433,0.47473,0.61139,2.33311,1.09454,0.8411,-0.45913,-1.06834,0.14855,0.08604,0.03105
40.12,0.282,-0.03364,-0.39868,1.31769,0,-0.38494,-1.16356,0.18612,-0.23928,1.90508,0.05226,0.44565,-16.08241,13.91022,-15.38994,11.07257,10.27395,-13.95334,-2.79806,-0,-1.8848,1e-05,-0,-3.3977,-0,0.13098,1.24524,0.2443,-2.00032,-2.1893,0.40916,0.56336,2.11207,1.18023,0.74662,-0.51847,-1.15266,0.14622,0.0716,-0.01089
40.14,0.2783,-0.03359,-0.33706,1.39165,0,-0.33021,-1.08294,0.13583,-0.38201,1.43734,0.06972,0.5033,-16.55422,14.36846,-16.20114,9.98287,9.07246,-12.86259,-4.15717,-0,-1.92273,1e-05,0,-3.2798,-0,0.05143,1.35752,0.20246,-1.76239,-2.4576,0.36767,0.50428,1.84274,1.24262,0.62707,-0.52058,-1.22745,0.14217,0.05468,-0.05798
40.16,0.26673,-0.03286,-0.26723,1.3958,0,-0.26047,-0.95773,0.09187,-0.50029,0.89262,0.08437,0.58572,-16.10763,14.36928,-15.91888,8.04835,7.5984,-10.37515,-5.02795,-0,-1.9256,1e-05,0,-3.07829,-1e-05,-0.00636,1.44924,0.14223,-1.48174,-2.66153,0.34357,0.43996,1.55011,1.28049,0.48584,-0.47116,-1.29003,0.1349,0.03497,-0.10889
40.18,0.24793,-0.03128,-0.19004,1.33922,0,-0.17975,-0.798,0.05494,-0.58625,0.30932,0.09426,0.68524,-14.97587,13.95782,-14.7605,5.54354,5.96987,-6.92776,-5.43413,-0,-1.88823,2e-05,0,-2.78999,-1e-05,-0.04515,1.51527,0.06447,-1.18754,-2.79459,0.33028,0.37446,1.25495,1.29449,0.3276,-0.38263,-1.33829,0.12346,0.01258,-0.16217
40.2,0.22296,-0.02886,-0.10693,1.2377,0,-0.09247,-0.6167,0.02488,-0.63322,-0.26885,0.09664,0.79206,-13.40859,13.16214,-12.99262,2.77554,4.29798,-3.01647,-5.43526,-0,-1.80826,2e-05,0,-2.41693,-1e-05,-0.06819,1.55058,-0.02799,-0.90785,-2.85283,0.32219,0.31006,0.97287,1.28686,0.15807,-0.27298,-1.37041,0.10768,-0.01187,-0.21619
40.22,0.19325,-0.02582,-0.01983,1.11192,0,-0.00317,-0.42855,0.00096,-0.63602,-0.79686,0.08782,0.8949,-11.64984,11.99713,-10.90319,0.05941,2.68085,0.85314,-5.11285,-0,-1.68722,2e-05,0,-1.96702,-1e-05,-0.07887,1.55129,-0.13079,-0.66714,-2.8359,0.31512,0.24746,0.71423,1.26099,-0.01638,-0.16369,-1.38457,0.08823,-0.03729,-0.26923
40.24,0.16051,-0.02255,0.06901,0.98479,0,0.08377,-0.24854,-0.01789,-0.59139,-1.23275,0.06322,0.98188,-9.917,10.47296,-8.77108,-2.30956,1.19831,4.21599,-4.55743,-0,-1.53062,3e-05,0,-1.4543,-1e-05,-0.08038,1.51531,-0.23858,-0.4844,-2.74743,0.30653,0.18626,0.48459,1.22076,-0.18909,-0.0767,-1.37873,0.06658,-0.06236,-0.31984
40.26,0.12652,-0.01953,0.15722,0.87831,0,0.16436,-0.09032,-0.03291,-0.49829,-1.54235,0.01744,1.04157,-8.3823,8.60631,-6.83585,-4.08466,-0.09246,6.69434,-3.85779,-0,-1.34708,3e-05,0,-0.89858,-1e-05,-0.07557,1.44283,-0.34561,-0.37159,-2.59486,0.29531,0.12548,0.28555,1.1698,-0.35356,-0.03089,-1.35051,0.04487,-0.08583,-0.36733
40.28,0.09296,-0.0172,0.24252,0.81041,0,0.2352,0.03546,-0.0453,-0.35835,-1.70358,-0.05545,1.06423,-7.15912,6.43242,-5.27235,-5.09413,-1.15961,8.03686,-3.09306,-0,-1.1471,3e-05,0,-0.32456,-1e-05,-0.06685,1.33646,-0.44644,-0.33278,-2.38891,0.28142,0.06427,0.11583,1.11085,-0.50387,-0.03867,-1.29725,0.02557,-0.1069,-0.41227
40.3,0.06124,-0.01594,0.32295,0.79239,0,0.29364,0.12238,-0.05613,-0.17617,-1.70967,-0.16141,1.04294,-6.29551,4.01469,-4.17488,-5.26042,-1.99665,8.14393,-2.32788,-0,-0.94164,4e-05,0,0.23979,-1e-05,-0.05612,1.20117,-0.53644,-0.36403,-2.14277,0.26548,0.0024,-0.02751,1.04529,-0.63511,-0.10368,-1.21627,0.01123,-0.12541,-0.4565
40.32,0.03237,-0.01591,0.39696,0.82739,0,0.33797,0.16895,-0.06626,0.04051,-1.57056,-0.30569,0.97452,-5.77668,1.4491,-3.55449,-4.60798,-2.6188,7.07399,-1.61054,-0,-0.7409,4e-05,0,0.76567,-1e-05,-0.04482,1.04398,-0.61225,-0.4541,-1.87113,0.2483,-0.05942,-0.14807,0.97293,-0.74374,-0.22012,-1.10528,0.00404,-0.14185,-0.50278
40.34,0.00692,-0.0171,0.46353,0.91018,0,0.36745,0.17866,-0.07617,0.28093,-1.31208,-0.49169,0.86021,-5.53658,-1.13849,-3.35038,-3.2578,-3.05594,5.02895,-0.97342,-0,-0.55348,4e-05,0,1.2268,-2e-05,-0.03396,0.87323,-0.67204,-0.58602,-1.58894,0.23062,-0.11942,-0.2492,0.89223,-0.82783,-0.37407,-0.96288,0.00548,-0.15712,-0.55371
40.36,-0.01503,-0.01926,0.52218,1.02809,0,0.38238,0.15934,-0.08601,0.53176,-0.97318,-0.71957,0.70589,-5.47638,-3.60167,-3.4522,-1.40985,-3.34322,2.32177,-0.43523,-0,-0.38585,4e-05,0,1.60309,-2e-05,-0.02418,0.69782,-0.71563,-0.73941,-1.31024,0.21284,-0.17504,-0.33341,0.80064,-0.88726,-0.5464,-0.78915,0.01599,-0.17208,-0.61036
40.38,-0.0338,-0.022,0.57296,1.1629,0,0.3841,0.12206,-0.09557,0.77785,-0.60168,-0.9843,0.52194,-5.48605,-5.7876,-3.72773,0.68287,-3.51161,-0.66735,-0.00417,-0,-0.24218,3e-05,0,1.88399,-1e-05,-0.01582,0.52627,-0.74443,-0.89298,-1.04705,0.19501,-0.22325,-0.40206,0.6953,-0.92375,-0.71654,-0.58612,0.03474,-0.18715,-0.67103
40.4,-0.05004,-0.02478,0.61641,1.29329,0,0.3749,0.07976,-0.10432,1.00336,-0.24916,-1.27344,0.32265,-5.46445,-7.55337,-4.04931,2.74495,-3.58062,-3.53938,0.31893,-0,-0.12441,2e-05,0,2.07042,-1e-05,-0.009,0.36604,-0.76127,-1.027,-0.80878,0.17679,-0.26106,-0.45536,0.57375,-0.94083,-0.86612,-0.35828,0.05958,-0.20187,-0.7304
40.42,-0.0646,-0.02702,0.65345,1.39762,0,0.35781,0.04563,-0.11161,1.19309,0.03472,-1.5645,0.12512,-5.33418,-8.78215,-4.31352,4.51065,-3.55505,-5.92371,0.53804,-0,-0.03258,1e-05,0,2.17445,-0,-0.00368,0.22308,-0.77005,-1.12523,-0.60195,0.15765,-0.28592,-0.49268,0.43471,-0.94342,-0.9817,-0.11267,0.08725,-0.21486,-0.77974
40.44,-0.07835,-0.02816,0.6852,1.45663,0,0.33629,0.03141,-0.11689,1.33415,0.2079,-1.82395,-0.05244,-5.04924,-9.39768,-4.45152,5.75506,-3.42643,-7.52059,0.6602,0,0.03484,-2e-05,-0,2.21657,1e-05,0.00027,0.10169,-0.77518,-1.17622,-0.43055,0.137,-0.29612,-0.51303,0.27862,-0.9373,-1.05621,0.14132,0.11392,-0.22396,-0.80812
40.46,-0.09207,-0.0278,0.71277,1.45604,0,0.31379,0.04578,-0.11996,1.41763,0.24132,-2.01292,-0.19279,-4.59584,-9.37576,-4.43035,6.32196,-3.17856,-8.13594,0.69479,0,0.08044,-4e-05,-0,2.22092,2e-05,0.00304,0.00456,-0.78094,-1.17395,-0.29654,0.11445,-0.29105,-0.51585,0.10805,-0.92826,-1.08898,0.39252,0.13581,-0.22671,-0.80442
40.48,-0.10624,-0.02569,0.73713,1.38862,0,0.29337,0.09308,-0.12123,1.44009,0.12317,-2.10089,-0.28183,-3.98854,-8.75152,-4.24788,6.14521,-2.79537,-7.7054,0.65346,0,0.1075,-7e-05,-1e-05,2.21001,3e-05,0.00483,-0.06692,-0.79092,-1.11798,-0.20072,0.09001,-0.27136,-0.50165,-0.07212,-0.92136,-1.08493,0.62886,0.14993,-0.22094,-0.75984
40.5,-0.12097,-0.02187,0.75893,1.2555,0,0.27729,0.17244,-0.12187,1.40432,-0.13865,-2.07738,-0.31048,-3.26351,-7.62035,-3.92458,5.25976,-2.26884,-6.3036,0.55025,0,0.11957,-0.0001,-1e-05,2.20001,4e-05,0.00581,-0.1124,-0.80745,-1.01306,-0.1434,0.06417,-0.23897,-0.47262,-0.25487,-0.92025,-1.05302,0.83836,0.15467,-0.20533,-0.67011
40.52,-0.13591,-0.0166,0.77848,1.0663,0,0.26686,0.27774,-0.12378,1.31921,-0.51679,-1.95282,-0.27588,-2.47096,-6.13059,-3.49441,3.79848,-1.605,-4.13493,0.40154,0,0.12021,-0.00012,-1e-05,2.19782,5e-05,0.00613,-0.13221,-0.8314,-0.86845,-0.12493,0.03798,-0.19694,-0.43281,-0.43143,-0.92673,-1.00443,1.01022,0.15007,-0.17992,-0.53687
40.54,-0.15034,-0.01037,0.79565,0.83792,0,0.26229,0.39832,-0.12935,1.19829,-0.96764,-1.75177,-0.18182,-1.66751,-4.4671,-2.9968,1.97378,-0.82667,-1.50484,0.22546,0,0.11272,-0.00012,-1e-05,2.20046,5e-05,0.00592,-0.12712,-0.86208,-0.69672,-0.14581,0.0129,-0.14903,-0.38789,-0.59213,-0.94066,-0.95065,1.13579,0.13771,-0.14628,-0.368
40.56,-0.16318,-0.0038,0.80996,0.59227,0,0.26285,0.5204,-0.14107,1.05754,-1.43686,-1.50484,-0.0383,-0.90933,-2.82816,-2.4702,0.04678,0.02703,1.22414,0.04095,0,0.09999,-0.00011,-1e-05,2.19654,5e-05,0.00527,-0.09825,-0.89743,-0.51236,-0.20655,-0.00943,-0.09931,-0.3446,-0.72746,-0.96005,-0.90159,1.2096,0.12039,-0.10746,-0.17685
40.58,-0.17313,0.00245,0.82067,0.35337,0,0.267,0.62893,-0.16109,0.91275,-1.86646,-1.24224,0.13948,-0.24648,-1.39967,-1.94779,-1.71009,0.90373,3.68393,-0.13366,0,0.08444,-8e-05,-1e-05,2.16936,3e-05,0.00426,-0.04697,-0.93443,-0.33024,-0.30721,-0.02747,-0.05156,-0.30983,-0.82928,-0.98153,-0.86413,1.2301,0.10143,-0.06775,0.01937
40.6,-0.17888,0.00779,0.82691,0.14434,0,0.27268,0.70953,-0.19066,0.77728,-2.20192,-0.98907,0.33265,0.28127,-0.33144,-1.45521,-3.05048,1.74258,5.55091,-0.28206,0,0.06795,-3e-05,-0,2.10066,1e-05,0.00297,0.02501,-0.96952,-0.16416,-0.44684,-0.04013,-0.00884,-0.28974,-0.89184,-1.00084,-0.84117,1.20008,0.08413,-0.0322,0.20161
40.62,-0.17918,0.01176,0.82782,-0.01532,0,0.2776,0.75025,-0.2298,0.66052,-2.39837,-0.76276,0.52058,0.64696,0.28035,-1.00986,-3.78575,2.47984,6.58698,-0.39126,-0,0.05194,4e-05,0,1.97425,-2e-05,0.00148,0.11552,-0.99908,-0.02564,-0.62289,-0.04693,0.02687,-0.28885,-0.91258,-1.01345,-0.83138,1.12656,0.07113,-0.00597,0.35131
40.64,-0.17305,0.01411,0.8227,-0.11193,0,0.27952,0.74293,-0.27702,0.56737,-2.42531,-0.5724,0.68298,0.83749,0.40256,-0.62151,-3.80764,3.05488,6.66718,-0.45259,-0,0.03734,0.00013,1e-05,1.779,-5e-05,-0.00011,0.22183,-1.01991,0.07714,-0.83072,-0.04825,0.05482,-0.30928,-0.89237,-1.01514,-0.82958,1.02006,0.06404,0.00638,0.45261
40.66,-0.15981,0.01482,0.81109,-0.13908,0,0.27648,0.68421,-0.32925,0.49857,-2.26947,-0.41974,0.80214,0.85344,0.0662,-0.29382,-3.10075,3.41615,5.79278,-0.46244,-1e-05,0.02474,0.00022,2e-05,1.51092,-9e-05,-0.00171,0.34042,-1.0295,0.14005,-1.06327,-0.04536,0.0755,-0.35029,-0.83539,-1.00248,-0.82781,0.89333,0.06317,0.00166,0.49445
40.68,-0.13925,0.01407,0.79285,-0.09849,0,0.26701,0.57595,-0.38194,0.45174,-1.93609,-0.301,0.86497,0.70793,-0.63961,-0.02613,-1.74492,3.5265,4.0905,-0.42254,-1e-05,0.01438,0.00031,3e-05,1.17431,-0.00013,-0.00319,0.46693,-1.02637,0.16346,-1.31089,-0.04039,0.09046,-0.40802,-0.74871,-0.97332,-0.81673,0.75992,0.06749,-0.02121,0.47218
40.7,-0.11163,0.01228,0.76827,0.00017,0,0.25026,0.42527,-0.42936,0.42265,-1.44833,-0.20926,0.86457,0.42487,-1.57964,0.18474,0.09296,3.36703,1.79785,-0.33971,-1e-05,0.00629,0.00039,3e-05,0.78184,-0.00016,-0.00447,0.59608,-1.01014,0.15227,-1.56149,-0.0363,0.10208,-0.47572,-0.64155,-0.92703,-0.78709,0.6326,0.07476,-0.06086,0.38844
40.72,-0.07772,0.01002,0.73801,0.14031,0,0.22602,0.24383,-0.46514,0.40641,-0.84477,-0.1365,0.80096,0.03648,-2.58969,0.34298,2.17794,2.93882,-0.76532,-0.22509,-1e-05,0.00033,0.00045,4e-05,0.35345,-0.00019,-0.00542,0.7217,-0.98145,0.11553,-1.80089,-0.03668,0.11319,-0.54427,-0.5244,-0.86456,-0.73118,0.52211,0.08179,-0.11339,0.25304
40.74,-0.03877,0.00798,0.70309,0.30046,0,0.19458,0.0466,-0.48289,0.39842,-0.17493,-0.07536,0.68088,-0.41966,-3.49749,0.45293,4.23624,2.26211,-3.23788,-0.09269,-1e-05,-0.00375,0.00049,4e-05,-0.08595,-0.0002,-0.00598,0.83688,-0.94173,0.06551,-2.01345,-0.04552,0.12673,-0.6033,-0.40791,-0.78817,-0.64388,0.43608,0.08489,-0.17278,0.08171
40.76,0.00363,0.0069,0.66474,0.45709,0,0.15658,-0.14994,-0.47699,0.39507,0.50662,-0.02016,0.5167,-0.90398,-4.14563,0.51867,5.99148,1.3734,-5.26639,0.04251,-1e-05,-0.00626,0.00049,4e-05,-0.50959,-0.0002,-0.00608,0.93433,-0.89264,0.0164,-2.18306,-0.06694,0.14525,-0.64247,-0.30175,-0.70104,-0.52342,0.37833,0.08037,-0.23174,-0.10601
40.78,0.0476,0.0075,0.62423,0.58763,0,0.11275,-0.32973,-0.44341,0.39397,1.14665,0.03252,0.3248,-1.37838,-4.41323,0.54414,7.20249,0.32116,-6.55468,0.16661,-1e-05,-0.00752,0.00045,4e-05,-0.89222,-0.00019,-0.00567,1.00676,-0.8357,-0.01721,-2.29439,-0.10483,0.17063,-0.65291,-0.21347,-0.60667,-0.37175,0.34853,0.06518,-0.28263,-0.28938
40.8,0.09118,0.01038,0.58279,0.67332,0,0.06369,-0.47893,-0.38035,0.39398,1.69911,0.08373,0.12351,-1.80926,-4.23304,0.5334,7.69609,-0.83887,-6.90501,0.26857,-1e-05,-0.00783,0.00038,3e-05,-1.21309,-0.00016,-0.00475,1.0475,-0.77185,-0.02194,-2.33421,-0.16253,0.20374,-0.62846,-0.14775,-0.50842,-0.1946,0.34231,0.03735,-0.31861,-0.4491
40.82,0.13241,0.01601,0.54147,0.7014,0,0.00974,-0.58738,-0.28863,0.39496,2.12963,0.13242,-0.06902,-2.17006,-3.6004,0.49098,7.38926,-2.0484,-6.24333,0.34149,-1e-05,-0.00747,0.00026,2e-05,-1.45788,-0.00011,-0.00334,1.05114,-0.70122,0.01286,-2.29282,-0.24247,0.24432,-0.56643,-0.10593,-0.40907,-0.00102,0.35183,-0.0036,-0.33442,-0.56939
40.84,0.16957,0.02458,0.50109,0.66639,0,-0.04914,-0.64946,-0.17168,0.39723,2.41818,0.176,-0.23696,-2.44292,-2.57289,0.4221,6.29784,-3.25093,-4.62513,0.38325,-0,-0.00669,0.00011,1e-05,-1.61945,-4e-05,-0.00151,1.01407,-0.62313,0.09389,-2.16512,-0.34585,0.29107,-0.46778,-0.08605,-0.31054,0.19751,0.3668,-0.05645,-0.32709,-0.63962
40.86,0.20122,0.03607,0.46213,0.57042,0,-0.11336,-0.66437,-0.03529,0.40099,2.55994,0.21105,-0.36877,-2.6197,-1.26135,0.33277,4.53211,-4.39538,-2.22311,0.39638,0,-0.00567,-7e-05,-1e-05,-1.69755,3e-05,0.00062,0.93514,-0.53624,0.22293,-1.95157,-0.47241,0.34177,-0.3368,-0.08331,-0.21378,0.38822,0.3758,-0.11827,-0.29626,-0.65513
40.88,0.22644,0.05012,0.42478,0.42277,0,-0.18357,-0.63608,0.113,0.4057,2.5647,0.23415,-0.45862,-2.70218,0.18532,0.2297,2.28218,-5.43859,0.69817,0.38737,1e-05,-0.00457,-0.00025,-2e-05,-1.6977,0.00011,0.0029,0.81603,-0.43884,0.3963,-1.65877,-0.62022,0.39361,-0.18037,-0.09084,-0.11873,0.55857,0.36788,-0.18464,-0.24424,-0.61739
40.9,0.24482,0.06612,0.3889,0.23863,0,-0.26052,-0.57267,0.26456,0.40967,2.45479,0.2426,-0.50716,-2.70152,1.59891,0.12017,-0.20428,-6.34604,3.81579,0.3655,1e-05,-0.00349,-0.00044,-4e-05,-1.62978,0.00018,0.00516,0.66161,-0.32936,0.60486,-1.29958,-0.78561,0.44345,-0.00708,-0.10068,-0.0246,0.69751,0.33394,-0.24996,-0.17577,-0.53361
40.92,0.25657,0.08317,0.35417,0.03714,0,-0.34473,-0.48536,0.41041,0.40982,2.26168,0.23501,-0.52113,-2.63672,2.812,0.01174,-2.65001,-7.0905,6.78566,0.34127,2e-05,-0.0025,-0.00061,-5e-05,-1.50636,0.00025,0.0072,0.47971,-0.20683,0.83468,-0.89247,-0.96317,0.48814,0.17369,-0.10486,0.06988,0.79669,0.26801,-0.30799,-0.09747,-0.41555
40.94,0.26237,0.1002,0.32011,-0.1611,0,-0.43615,-0.38709,0.54205,0.4019,2.0214,0.21167,-0.51189,-2.53202,3.67806,-0.08818,-4.77992,-7.64875,9.2808,0.32454,2e-05,-0.00165,-0.00074,-6e-05,-1.34109,0.00031,0.00881,0.28067,-0.07143,1.06841,-0.46002,-1.14597,0.52473,0.35268,-0.0965,0.16592,0.85124,0.16805,-0.35253,-0.01698,-0.27785
40.96,0.26331,0.11601,0.2862,-0.33705,0,-0.53382,-0.29092,0.6522,0.38094,1.76935,0.17462,-0.49319,-2.41367,4.08974,-0.17278,-6.35418,-7.99782,11.02767,0.32264,2e-05,-0.00095,-0.00082,-7e-05,-1.1472,0.00034,0.00982,0.07632,0.07513,1.28721,-0.0268,-1.32587,0.55061,0.52162,-0.07087,0.26421,0.86024,0.03631,-0.37815,0.05806,-0.13585
40.98,0.26074,0.12941,0.25201,-0.47602,0,-0.63549,-0.20834,0.73549,0.34202,1.53539,0.12755,-0.47845,-2.30651,3.99362,-0.23639,-7.19846,-8.11252,11.83721,0.33897,2e-05,-0.00041,-0.00085,-7e-05,-0.93641,0.00035,0.01014,-0.12101,0.22923,1.47302,0.38314,-1.49396,0.56363,0.67391,-0.02616,0.36442,0.82692,-0.12065,-0.38093,0.12115,-0.00344
41,0.25607,0.1393,0.21729,-0.57005,0,-0.7375,-0.14796,0.78892,0.28124,1.34004,0.0754,-0.47835,-2.23105,3.39871,-0.27506,-7.2268,-7.96608,11.62619,0.3722,2e-05,-2e-05,-0.00081,-7e-05,-0.71827,0.00034,0.00971,-0.29963,0.38528,1.61071,0.74852,-1.64111,0.56225,0.80512,0.036,0.46484,0.7585,-0.29244,-0.35906,0.16777,0.10884
41.02,0.25071,0.14476,0.18201,-0.61921,0,-0.83472,-0.11457,0.81211,0.19678,1.19256,0.02377,-0.49901,-2.20135,2.37657,-0.28687,-6.45249,-7.53482,10.42474,0.41673,2e-05,0.00024,-0.00072,-6e-05,-0.49994,0.0003,0.00857,-0.44928,0.53574,1.68979,1.05253,-1.75841,0.54553,0.91314,0.11062,0.56217,0.66564,-0.46579,-0.3131,0.19597,0.19504
41.04,0.24593,0.14514,0.14643,-0.63173,0,-0.92081,-0.10887,0.80705,0.08993,1.09109,-0.02198,-0.54103,-2.22381,1.05223,-0.2723,-4.98512,-6.8067,8.36861,0.46415,2e-05,0.0004,-0.00057,-5e-05,-0.28656,0.00024,0.00684,-0.56183,0.67156,1.70556,1.28392,-1.83764,0.51314,0.99811,0.1899,0.65159,0.56152,-0.62591,-0.24597,0.20653,0.25427
41.06,0.24276,0.14005,0.11106,-0.62302,0,-0.9886,-0.12762,0.77773,-0.03412,1.0246,-0.05757,-0.59956,-2.29711,-0.4127,-0.23425,-3.01523,-5.79198,5.67829,0.50557,1e-05,0.00047,-0.00039,-3e-05,-0.0818,0.00016,0.00468,-0.6316,0.78288,1.65951,1.43732,-1.87165,0.46534,1.062,0.26427,0.72708,0.46051,-0.75812,-0.16256,0.20271,0.29044
41.08,0.24199,0.12939,0.07659,-0.61368,0,-1.03082,-0.16436,0.7295,-0.16584,0.97613,-0.08071,-0.66499,-2.41289,-1.84142,-0.17796,-0.79002,-4.53289,2.62982,0.53407,1e-05,0.00048,-0.00019,-2e-05,0.11133,8e-05,0.00228,-0.65558,0.8599,1.55923,1.51313,-1.85482,0.403,1.10813,0.32372,0.78199,0.3768,-0.84968,-0.06915,0.18966,0.31141
41.1,0.24409,0.11337,0.04381,-0.62695,0,-1.04076,-0.21033,0.66839,-0.29161,0.9265,-0.09161,-0.72442,-2.55726,-3.06413,-0.11065,1.41615,-3.10829,-0.47808,0.54671,-0,0.00044,1e-05,0,0.28975,-1e-05,-0.00016,-0.63347,0.89391,1.4176,1.51696,-1.78344,0.32752,1.14049,0.35912,0.80967,0.32301,-0.89123,0.02722,0.17374,0.32765
41.12,0.24924,0.09247,0.01355,-0.68558,0,-1.01311,-0.25576,0.6004,-0.39476,0.85785,-0.093,-0.76337,-2.71262,-3.93814,-0.04082,3.33334,-1.62991,-3.35667,0.54517,-1e-05,0.00038,0.00021,2e-05,0.44976,-9e-05,-0.00249,-0.56758,0.87832,1.2514,1.45862,-1.65613,0.2409,1.16303,0.36337,0.80439,0.30892,-0.87781,0.11954,0.1616,0.35063
41.14,0.25728,0.06742,-0.01347,-0.80857,0,-0.94461,-0.29111,0.53084,-0.45754,0.75665,-0.08966,-0.76791,-2.85987,-4.3639,0.02268,4.72755,-0.2288,-5.75739,0.53518,-1e-05,0.0003,0.00038,3e-05,0.58682,-0.00016,-0.00456,-0.46251,0.8096,1.07929,1.35084,-1.47392,0.14567,1.17895,0.33225,0.76203,0.34045,-0.8092,0.20142,0.15932,0.39098
41.16,0.26779,0.03912,-0.03672,-1.00789,0,-0.83469,-0.3085,0.46373,-0.46375,0.61578,-0.08744,-0.72677,-2.98071,-4.29608,0.07187,5.42959,0.96545,-7.4974,0.5246,-1e-05,0.00022,0.00053,4e-05,0.69574,-0.00022,-0.00629,-0.32487,0.68797,0.91929,1.20777,-1.24043,0.04488,1.19001,0.26493,0.68098,0.41897,-0.68961,0.26773,0.17152,0.45669
41.18,0.28002,0.0086,-0.056,-1.28581,0,-0.68591,-0.30282,0.40137,-0.40156,0.43574,-0.09207,-0.63322,-3.05983,-3.74919,0.10076,5.35812,1.84775,-8.47826,0.52109,-2e-05,0.00015,0.00064,5e-05,0.77109,-0.00026,-0.0076,-0.16282,0.51802,0.78645,1.04358,-0.96186,-0.05798,1.19604,0.16417,0.56269,0.54088,-0.52706,0.31505,0.20069,0.55162
41.2,0.29299,-0.02303,-0.07145,-1.63332,0,-0.50416,-0.2725,0.34421,-0.26602,0.22467,-0.10801,-0.4866,-3.08666,-2.79674,0.10629,4.53267,2.35641,-8.69445,0.52994,-2e-05,8e-05,0.00071,6e-05,0.808,-0.00029,-0.00849,0.01431,0.30884,0.69091,0.87139,-0.64706,-0.15905,1.19487,0.03613,0.41214,0.69757,-0.33247,0.34188,0.24671,0.67455
41.22,0.30552,-0.05462,-0.08361,-2.03002,0,-0.29854,-0.2198,0.29099,-0.06063,-0.00274,-0.13754,-0.29285,-3.05643,-1.56302,0.08879,3.07283,2.48264,-8.22902,0.55268,-2e-05,2e-05,0.00075,6e-05,0.80302,-0.00031,-0.00894,0.19633,0.07372,0.63688,0.70255,-0.30741,-0.25427,1.18262,-0.11012,0.23775,0.87591,-0.11856,0.34858,0.30689,0.81912
41.24,0.31628,-0.08496,-0.0933,-2.4458,0,-0.08076,-0.1503,0.23917,0.20227,-0.22768,-0.18023,-0.0642,-2.9701,-0.20742,0.05187,1.18242,2.26844,-7.23608,0.58688,-2e-05,-3e-05,0.00075,6e-05,0.75503,-0.00031,-0.00897,0.37263,-0.17076,0.62259,0.5464,0.04336,-0.33951,1.15432,-0.26358,0.05086,1.05917,0.10128,0.33701,0.37627,0.97462
41.26,0.32387,-0.11284,-0.10159,-2.84403,0,0.13581,-0.072,0.18563,0.50229,-0.4304,-0.23289,0.1821,-2.83363,1.0966,0.00179,-0.87891,1.79456,-5.91323,0.62689,-2e-05,-6e-05,0.00072,6e-05,0.66607,-0.0003,-0.00857,0.53261,-0.40615,0.64113,0.4103,0.38977,-0.41086,1.10495,-0.41241,-0.13528,1.22854,0.31409,0.30996,0.4484,1.12759
41.28,0.32695,-0.13705,-0.10959,-3.18584,0,0.33733,0.00597,0.12747,0.81283,-0.59372,-0.28987,0.42569,-2.65659,2.18462,-0.05346,-2.8312,1.16276,-4.46985,0.66521,-2e-05,-8e-05,0.00065,5e-05,0.542,-0.00027,-0.00776,0.66616,-0.61384,0.68192,0.29989,0.71523,-0.46486,1.03055,-0.54527,-0.30672,1.36487,0.5084,0.27055,0.51623,1.26372
41.3,0.32431,-0.15643,-0.11837,-3.43463,0,0.51075,0.07468,0.06273,1.10356,-0.70609,-0.34375,0.64525,-2.45053,2.92235,-0.10528,-4.41081,0.47762,-3.09757,0.69402,-1e-05,-9e-05,0.00055,4e-05,0.39266,-0.00022,-0.00653,0.76425,-0.77684,0.7325,0.21947,1.00304,-0.49886,0.92918,-0.65237,-0.45019,1.45075,0.67497,0.22178,0.57299,1.36986
41.32,0.31501,-0.16993,-0.12881,-3.56023,0,0.64489,0.12657,-0.00904,1.34342,-0.76361,-0.38626,0.82089,-2.22715,3.22127,-0.14564,-5.40272,-0.16798,-1.94785,0.70637,-1e-05,-8e-05,0.00041,3e-05,0.23151,-0.00017,-0.00487,0.81946,-0.88128,0.78024,0.17217,1.23763,-0.5112,0.80159,-0.72639,-0.55432,1.47249,0.80712,0.1663,0.613,1.43541
41.34,0.2985,-0.1767,-0.14152,-3.54229,0,0.73137,0.15634,-0.08644,1.50394,-0.7708,-0.40953,0.93631,-1.9964,3.04727,-0.16802,-5.66552,-0.70143,-1.11913,0.69681,-1e-05,-6e-05,0.00024,2e-05,0.07447,-0.0001,-0.00281,0.82666,-0.91766,0.81395,0.16005,1.40589,-0.50146,0.65129,-0.76286,-0.61068,1.42196,0.90082,0.10647,0.63209,1.45323
41.36,0.27469,-0.17619,-0.15677,-3.37273,0,0.7654,0.16152,-0.16631,1.56255,-0.73991,-0.40731,0.9808,-1.76473,2.42215,-0.16835,-5.14768,-1.07322,-0.65331,0.66153,-0,-2e-05,3e-05,0,-0.06178,-1e-05,-0.00041,0.78353,-0.88176,0.82514,0.18393,1.49877,-0.47052,0.48421,-0.76031,-0.61459,1.29806,0.95435,0.04463,0.62792,1.41995
41.38,0.24401,-0.16828,-0.17447,-3.05716,0,0.74623,0.14266,-0.24393,1.50558,-0.6894,-0.3762,0.95067,-1.53387,1.41917,-0.14553,-3.89434,-1.25548,-0.5398,0.59816,0,3e-05,-0.00019,-1e-05,-0.1617,8e-05,0.00221,0.69114,-0.77508,0.80891,0.2432,1.5126,-0.4206,0.30796,-0.72007,-0.56571,1.1077,0.9679,-0.01653,0.60001,1.33587
41.4,0.20749,-0.15332,-0.19419,-2.6151,0,0.6773,0.10322,-0.31348,1.33039,-0.64148,-0.31646,0.85003,-1.3005,0.15384,-0.10167,-2.04363,-1.23823,-0.72497,0.50552,1e-05,0.0001,-0.00041,-3e-05,-0.2128,0.00017,0.00488,0.55422,-0.60495,0.7644,0.33552,1.45007,-0.35522,0.13102,-0.64594,-0.4682,0.86587,0.94318,-0.0738,0.54976,1.20473
41.42,0.1667,-0.13222,-0.21521,-2.07861,0,0.5661,0.04902,-0.36877,1.04614,-0.61923,-0.23234,0.6904,-1.05692,-1.22962,-0.04186,0.18875,-1.02516,-1.12504,0.38344,2e-05,0.00018,-0.00062,-5e-05,-0.20707,0.00025,0.00735,0.38117,-0.38397,0.69466,0.45664,1.32037,-0.27904,-0.0382,-0.5437,-0.3305,0.59458,0.88296,-0.12341,0.48023,1.03331
41.44,0.12364,-0.10633,-0.23661,-1.48923,0,0.42341,-0.01265,-0.40394,0.67283,-0.6434,-0.13167,0.48921,-0.79281,-2.57506,0.02652,2.53648,-0.62998,-1.64085,0.23276,2e-05,0.00028,-0.00079,-6e-05,-0.14178,0.00032,0.00937,0.18354,-0.12891,0.60594,0.60042,1.13831,-0.19743,-0.19222,-0.42044,-0.16457,0.32041,0.79079,-0.16143,0.3959,0.83103
41.46,0.08061,-0.07742,-0.25736,-0.89355,0,0.26225,-0.07415,-0.41432,0.2391,-0.7292,-0.02496,0.2674,-0.49778,-3.73304,0.09491,4.71783,-0.07388,-2.17292,0.05552,2e-05,0.00038,-0.0009,-7e-05,-0.01978,0.00037,0.01068,-0.0248,0.14093,0.50653,0.75895,0.9227,-0.11606,-0.32525,-0.28388,0.01522,0.07118,0.67081,-0.18432,0.30228,0.6094
41.48,0.04001,-0.04743,-0.27647,-0.33818,0,0.09665,-0.12869,-0.39715,-0.22109,-0.88366,0.07604,0.04665,-0.16441,-4.57889,0.15478,6.47353,0.61589,-2.63489,-0.14472,2e-05,0.0005,-0.00093,-7e-05,0.15072,0.00038,0.0111,-0.2289,0.40562,0.40546,0.92297,0.69419,-0.04037,-0.43373,-0.14166,0.19359,-0.12779,0.52758,-0.1897,0.20553,0.38145
41.5,0.0041,-0.01839,-0.29305,0.13506,0,-0.05972,-0.17131,-0.35212,-0.67195,-1.10391,0.15981,-0.15337,0.20895,-5.02743,0.19878,7.6008,1.40663,-2.96348,-0.36263,2e-05,0.0006,-0.00089,-7e-05,0.35687,0.00036,0.01054,-0.41389,0.6464,0.31121,1.08234,0.47303,0.02491,-0.51656,-0.00075,0.35574,-0.25706,0.36613,-0.17691,0.11198,0.161
41.52,-0.02517,0.00786,-0.30647,0.49319,0,-0.19474,-0.19954,-0.28146,-1.07944,-1.37687,0.21658,-0.31701,0.61601,-5.04187,0.22171,7.97759,2.26046,-3.12357,-0.59096,2e-05,0.0007,-0.00076,-6e-05,0.58212,0.00031,0.00903,-0.56632,0.84734,0.23069,1.22671,0.27701,0.07616,-0.57488,0.13293,0.48878,-0.30542,0.19186,-0.14731,0.02768,-0.03825
41.54,-0.04631,0.02976,-0.31631,0.71497,0,-0.29898,-0.21364,-0.18963,-1.41444,-1.68054,0.23965,-0.434,1.04141,-4.63572,0.22102,7.57441,3.13474,-3.10783,-0.82072,1e-05,0.00077,-0.00056,-4e-05,0.80761,0.00023,0.00671,-0.67527,0.99657,0.1686,1.3462,0.11973,0.1111,-0.61147,0.25478,0.58296,-0.2709,0.01056,-0.10423,-0.04215,-0.20389
41.56,-0.05842,0.04619,-0.32244,0.79258,0,-0.36647,-0.21633,-0.08268,-1.65548,-1.98669,0.22641,-0.49992,1.46093,-3.86848,0.19701,6.45376,3.98285,-2.93196,-1.04154,1e-05,0.00079,-0.00032,-2e-05,1.01374,0.00013,0.00381,-0.73338,1.08717,0.12707,1.43228,0.00937,0.1289,-0.62976,0.36165,0.63257,-0.16058,-0.17178,-0.05252,-0.0936,-0.3261
41.58,-0.06127,0.05664,-0.32496,0.73213,0,-0.39535,-0.21234,0.0326,-1.79071,-2.26428,0.17891,-0.51612,1.84288,-2.83657,0.15267,4.75971,4.75575,-2.62738,-1.24235,0,0.00073,-5e-05,-0,1.18192,2e-05,0.00063,-0.73762,1.11759,0.10565,1.47846,-0.05197,0.1302,-0.63296,0.45179,0.6366,0.01067,-0.3491,0.00214,-0.12452,-0.39889
41.6,-0.05534,0.06119,-0.32418,0.55284,0,-0.38791,-0.20766,0.14948,-1.8189,-2.48318,0.10384,-0.48906,2.15076,-1.66127,0.09329,2.69937,5.40406,-2.23318,-1.41204,-1e-05,0.00058,0.00022,2e-05,1.29623,-9e-05,-0.00254,-0.68972,1.09161,0.10149,1.48105,-0.06824,0.117,-0.62317,0.52476,0.59885,0.22206,-0.51548,0.05396,-0.13477,-0.42093
41.62,-0.04175,0.06051,-0.32057,0.28484,0,-0.3502,-0.20872,0.26184,-1.74904,-2.61736,0.01183,-0.42925,2.34699,-0.47473,0.0258,0.51802,5.88083,-1.789,-1.54019,-1e-05,0.0003,0.00047,4e-05,1.34479,-0.00019,-0.00541,-0.59597,1.0177,0.10975,1.43944,-0.04856,0.0924,-0.60104,0.58118,0.52739,0.44933,-0.66532,0.09774,-0.1262,-0.39574
41.64,-0.02212,0.05573,-0.31473,-0.03439,0,-0.29104,-0.22151,0.36449,-1.59854,-2.6474,-0.08411,-0.34983,2.39765,0.59503,-0.04214,-1.53067,6.14495,-1.32957,-1.61772,-2e-05,-0.00015,0.00067,5e-05,1.32085,-0.00027,-0.00776,-0.46648,0.90771,0.12411,1.35611,-0.00553,0.06027,-0.56578,0.62239,0.43344,0.66743,-0.79354,0.12943,-0.10236,-0.33116
41.66,0.00158,0.04822,-0.30728,-0.36458,0,-0.22061,-0.25078,0.45327,-1.39039,-2.56217,-0.17055,-0.2649,2.27771,1.43876,-0.10305,-3.21658,6.1651,-0.88125,-1.63755,-2e-05,-0.0008,0.00081,6e-05,1.22336,-0.00032,-0.0094,-0.31397,0.77518,0.13745,1.23628,0.04696,0.02482,-0.51559,0.65012,0.32966,0.8533,-0.89577,0.14654,-0.06793,-0.23809
41.68,0.02728,0.03942,-0.29883,-0.66749,0,-0.14886,-0.29925,0.52491,-1.14968,-2.35975,-0.23581,-0.18784,1.97621,1.97878,-0.15061,-4.36301,5.92424,-0.46074,-1.59532,-2e-05,-0.00168,0.00088,7e-05,1.0571,-0.00035,-0.01023,-0.15228,0.63356,0.14263,1.08737,0.09617,-0.00988,-0.44851,0.66608,0.22832,0.98852,-0.96853,0.14832,-0.02805,-0.12903
41.7,0.05295,0.03056,-0.28994,-0.91138,0,-0.08413,-0.36714,0.5769,-0.90026,-2.0477,-0.27172,-0.12966,1.50024,2.17772,-0.18044,-4.86974,5.4239,-0.0756,-1.49013,-2e-05,-0.00281,0.00088,7e-05,0.83227,-0.00035,-0.01022,0.00508,0.49458,0.13322,0.91847,0.13257,-0.04032,-0.36319,0.67165,0.13967,1.06134,-1.00937,0.13577,0.0123,-0.01645
41.72,0.0768,0.02259,-0.28108,-1.07427,0,-0.03211,-0.45187,0.60732,-0.66193,-1.64234,-0.27468,-0.09758,0.87681,2.04154,-0.19052,-4.72484,4.68753,0.27353,-1.32527,-2e-05,-0.00419,0.00081,6e-05,0.56326,-0.00032,-0.0094,0.14621,0.36721,0.10438,0.73967,0.15122,-0.06386,-0.25984,0.66766,0.07075,1.06798,-1.0169,0.11139,0.04884,0.08851
41.74,0.09733,0.01603,-0.2726,-1.14587,0,0.00471,-0.54819,0.61468,-0.44837,-1.16718,-0.24575,-0.09395,0.15205,1.61622,-0.18133,-4.00351,3.76221,0.58947,-1.10877,-2e-05,-0.00579,0.00068,5e-05,0.26675,-0.00027,-0.00788,0.26178,0.25709,0.0536,0.56142,0.15224,-0.07905,-0.14074,0.65419,0.02485,1.01281,-0.99068,0.0787,0.07836,0.17703
41.76,0.1134,0.01099,-0.26475,-1.128,0,0.02703,-0.64856,0.59795,-0.26597,-0.65062,-0.18997,-0.1157,-0.61228,0.97902,-0.15553,-2.85516,2.71826,0.87441,-0.85367,-1e-05,-0.00755,0.0005,4e-05,-0.04066,-0.0002,-0.00583,0.34565,0.16655,-0.01873,0.39389,0.14047,-0.08565,-0.01064,0.63051,0.00149,0.90762,-0.93107,0.04163,0.09885,0.24327
41.78,0.12421,0.00721,-0.25763,-1.03375,0,0.03834,-0.7438,0.5566,-0.11372,-0.12323,-0.11514,-0.15432,-1.34433,0.22626,-0.11745,-1.48168,1.64687,1.126,-0.57792,-1e-05,-0.00934,0.00029,2e-05,-0.34464,-0.00012,-0.00344,0.39508,0.09509,-0.10905,0.24642,0.12436,-0.08468,0.12326,0.59518,-0.00303,0.7701,-0.83908,0.00391,0.10959,0.28452
41.8,0.12928,0.00413,-0.25123,-0.88544,0,0.04411,-0.82395,0.49087,0.01591,0.38485,-0.0305,-0.19671,-1.96927,-0.54017,-0.0724,-0.11071,0.655,1.33443,-0.30366,-0,-0.01099,7e-05,1e-05,-0.6348,-3e-05,-0.00096,0.41065,0.04008,-0.21082,0.12707,0.11453,-0.07826,0.2518,0.54629,0.00526,0.62172,-0.7164,-0.0315,0.11101,0.30123
41.82,0.12841,0.00108,-0.24544,-0.71144,0,0.05079,-0.87923,0.40196,0.13499,0.84636,0.05455,-0.22702,-2.41719,-1.22593,-0.02579,1.03358,-0.14264,1.48121,-0.05578,0,-0.01227,-0.00013,-1e-05,-0.90499,5e-05,0.00138,0.3956,-0.00232,-0.31541,0.04241,0.12197,-0.06925,0.36464,0.48185,0.01906,0.48495,-0.56553,-0.06257,0.10452,0.29653
41.84,0.12164,-0.00265,-0.24002,-0.54205,0,0.06456,-0.90103,0.2924,0.25718,1.23896,0.13139,-0.22933,-2.63147,-1.75564,0.01766,1.75965,-0.63478,1.53998,0.14054,1e-05,-0.01284,-0.00031,-2e-05,-1.15244,0.00011,0.00336,0.35492,-0.03625,-0.41352,-0.00268,0.15621,-0.06087,0.45164,0.4003,0.03109,0.38028,-0.38999,-0.08827,0.09229,0.27562
41.86,0.10911,-0.0076,-0.23461,-0.40485,0,0.09016,-0.88292,0.16627,0.39428,1.54679,0.19283,-0.19101,-2.57678,-2.0819,0.05475,1.93521,-0.72706,1.4793,0.26284,1e-05,-0.01231,-0.00044,-3e-05,-1.37584,0.00017,0.00485,0.2941,-0.06522,-0.49712,-0.005,0.2236,-0.0561,0.50433,0.30108,0.03537,0.32298,-0.19464,-0.10828,0.0769,0.24489
41.88,0.09111,-0.01405,-0.22876,-0.32038,0,0.12971,-0.82145,0.02933,0.5528,1.76162,0.2335,-0.10597,-2.24564,-2.19098,0.08434,1.5078,-0.356,1.26691,0.29467,1e-05,-0.01022,-0.00052,-4e-05,-1.57292,0.0002,0.00578,0.21798,-0.09139,-0.56126,0.0369,0.32588,-0.05718,0.51746,0.18512,0.02823,0.32051,0.01405,-0.12263,0.06103,0.21096
41.9,0.06794,-0.0219,-0.22195,-0.29876,0,0.18211,-0.7168,-0.1109,0.7314,1.88303,0.24995,0.0228,-1.66215,-2.10414,0.10756,0.51541,0.49886,0.87484,0.22849,1e-05,-0.00606,-0.00055,-4e-05,-1.73822,0.00021,0.00619,0.12985,-0.1151,-0.60533,0.12263,0.4594,-0.0652,0.49011,0.05523,0.00912,0.37084,0.22792,-0.13136,0.04713,0.17978
41.92,0.03996,-0.03067,-0.21363,-0.33823,0,0.24285,-0.57289,-0.24543,0.91957,1.91783,0.24066,0.18219,-0.8814,-1.87382,0.12746,-0.91649,1.80694,0.28459,0.06761,1e-05,0.00072,-0.00055,-4e-05,-1.86158,0.00021,0.0062,0.03107,-0.13472,-0.63331,0.24977,0.61513,-0.07991,0.42608,-0.0838,-0.01925,0.46242,0.43723,-0.1342,0.03709,0.1558
41.94,0.00754,-0.03955,-0.20334,-0.42565,0,0.30454,-0.39699,-0.36432,1.09818,1.87838,0.20578,0.34971,0.01592,-1.57443,0.14816,-2.59248,3.48419,-0.5081,-0.17322,1e-05,0.01062,-0.00053,-4e-05,-1.92756,0.0002,0.00599,-0.07872,-0.14691,-0.65285,0.41361,0.77957,-0.09978,0.33333,-0.2255,-0.05127,0.57581,0.63117,-0.13048,0.032,0.14132
41.96,-0.02892,-0.04753,-0.19075,-0.53892,0,0.35799,-0.19886,-0.45752,1.24154,1.78026,0.14689,0.49587,0.93294,-1.28938,0.17354,-4.27659,5.39652,-1.48938,-0.46853,1e-05,0.02404,-0.00051,-4e-05,-1.91616,0.0002,0.00574,-0.20084,-0.14723,-0.67326,0.60686,0.93644,-0.12227,0.22284,-0.36229,-0.07933,0.6868,0.7987,-0.11924,0.03191,0.13615
41.98,-0.06898,-0.05355,-0.17577,-0.65071,0,0.39363,0.01027,-0.51584,1.3207,1.63983,0.06668,0.58788,1.7684,-1.09653,0.20565,-5.72783,7.36874,-2.62479,-0.78419,1e-05,0.04121,-0.00049,-4e-05,-1.80449,0.00019,0.00561,-0.33651,-0.13093,-0.70311,0.81933,1.06883,-0.14429,0.10688,-0.48625,-0.09509,0.77029,0.92957,-0.09935,0.03582,0.13755
42,-0.11209,-0.05667,-0.15863,-0.73279,0,0.40308,0.21886,-0.53196,1.3075,1.47214,-0.03142,0.594,2.42858,-1.05504,0.24321,-6.73511,9.19833,-3.85873,-1.0805,2e-05,0.06207,-0.00049,-4e-05,-1.56941,0.0002,0.00563,-0.48557,-0.09392,-0.74775,1.03781,1.16144,-0.16271,-0.00265,-0.59001,-0.09086,0.80414,1.01538,-0.06989,0.04173,0.14062
42.02,-0.15752,-0.05624,-0.13987,-0.76033,0,0.38054,0.416,-0.50142,1.17866,1.28951,-0.14348,0.48797,2.83769,-1.19587,0.28041,-7.14564,10.67346,-5.11627,-1.31641,2e-05,0.08615,-0.0005,-4e-05,-1.19074,0.0002,0.00576,-0.64529,-0.03377,-0.80743,1.24608,1.2025,-0.17474,-0.09567,-0.66746,-0.06099,0.77247,1.05049,-0.03045,0.047,0.13919
42.04,-0.20434,-0.05198,-0.12038,-0.71584,0,0.32393,0.59226,-0.42325,0.91968,1.10099,-0.26543,0.2532,2.94569,-1.51721,0.30615,-6.88342,11.59457,-6.30789,-1.45439,2e-05,0.11245,-0.00051,-5e-05,-0.65471,0.00021,0.00587,-0.80948,0.04953,-0.87632,1.42537,1.18525,-0.17837,-0.16497,-0.71443,-0.00298,0.66769,1.03263,0.01856,0.04884,0.1271
42.06,-0.25129,-0.04408,-0.10125,-0.59215,0,0.2356,0.74025,-0.30045,0.52805,0.91258,-0.3933,-0.11371,2.73302,-1.98488,0.30389,-5.95694,11.79758,-7.33664,-1.46558,3e-05,0.1393,-0.00051,-5e-05,0.04251,0.00021,0.00579,-0.96792,0.15288,-0.94247,1.55516,1.10878,-0.17261,-0.20678,-0.72908,0.08166,0.49148,0.96327,0.07565,0.04504,0.09979
42.08,-0.2968,-0.03318,-0.08375,-0.39429,0,0.12254,0.855,-0.14005,0.01532,0.72795,-0.52336,-0.60063,2.21234,-2.53703,0.25217,-4.45675,11.17565,-8.10693,-1.33441,3e-05,0.16427,-0.00047,-5e-05,0.89185,0.00021,0.00536,-1.10658,0.26978,-0.9889,1.61452,0.97832,-0.15759,-0.22088,-0.71212,0.18705,0.2546,0.84761,0.13807,0.03456,0.05574
42.1,-0.339,-0.02035,-0.06916,-0.13975,0,-0.00396,0.93416,0.04713,-0.59232,0.54943,-0.65221,-1.17917,1.42684,-3.09217,0.12586,-2.54325,9.69547,-8.53359,-1.06157,3e-05,0.18406,-0.0004,-5e-05,1.86936,0.00018,0.0045,-1.20837,0.39056,-0.99568,1.58397,0.80487,-0.1346,-0.21039,-0.66678,0.30307,-0.02425,0.69426,0.20191,0.01795,-0.0026
42.12,-0.37579,-0.00698,-0.05867,0.14339,0,-0.12937,0.97783,0.24729,-1.25566,0.37893,-0.77663,-1.8062,0.44488,-3.55972,-0.10179,-0.42507,7.40383,-8.54995,-0.66453,4e-05,0.19451,-0.00029,-4e-05,2.93587,0.00015,0.00321,-1.25492,0.50307,-0.94295,1.44761,0.60408,-0.1059,-0.18109,-0.59845,0.41637,-0.32061,0.51447,0.26234,-0.00252,-0.06874
42.14,-0.40503,0.00544,-0.05327,0.42021,0,-0.23765,0.98826,0.44495,-1.92637,0.21853,-0.89323,-2.42773,-0.64884,-3.85204,-0.45637,1.67063,4.4228,-8.11429,-0.17513,4e-05,0.19066,-0.00016,-4e-05,4.03858,0.0001,0.00159,-1.22897,0.59407,-0.81458,1.1956,0.3944,-0.07444,-0.14054,-0.51388,0.51189,-0.60719,0.32098,0.31405,-0.02323,-0.13302
42.16,-0.42472,0.01547,-0.05367,0.65439,0,-0.31349,0.96924,0.62464,-2.55265,0.07082,-0.99814,-2.98503,-1.76445,-3.89691,-0.95892,3.53205,0.93521,-7.21453,0.36513,4e-05,0.1669,-1e-05,-3e-05,5.11471,4e-05,-0.00021,-1.1174,0.65103,-0.60205,0.82651,0.19475,-0.0434,-0.09692,-0.4203,0.57511,-0.85741,0.12645,0.35199,-0.03985,-0.18436
42.18,-0.43327,0.02201,-0.06026,0.81403,0,-0.34456,0.92553,0.77265,-3.08564,-0.06113,-1.08665,-3.42201,-2.81826,-3.64849,-1.62241,4.99488,-2.83537,-5.87165,0.91094,3e-05,0.11726,0.00015,-2e-05,6.09639,-2e-05,-0.00196,-0.91411,0.66409,-0.3077,0.3494,0.022,-0.01573,-0.05798,-0.32435,0.59424,-1.04881,-0.05804,0.37206,-0.04822,-0.21239
42.2,-0.42972,0.02444,-0.07305,0.87678,0,-0.32349,0.86234,0.87861,-3.48541,-0.17393,-1.15308,-3.69292,-3.74198,-3.09473,-2.44849,5.96541,-6.64576,-4.14148,1.41895,3e-05,0.03589,0.00028,-0,6.91633,-7e-05,-0.0035,-0.6223,0.62774,0.05346,-0.21522,-0.11109,0.00619,-0.03017,-0.23125,0.56231,-1.1658,-0.22426,0.37177,-0.04515,-0.20951
42.22,-0.41386,0.02273,-0.09172,0.83315,0,-0.249,0.78483,0.93643,-3.72518,-0.26417,-1.19088,-3.76927,-4.48783,-2.25925,-3.42491,6.42907,-10.25219,-2.11425,1.85211,2e-05,-0.08239,0.00038,1e-05,7.5134,-0.00012,-0.00467,-0.2554,0.54194,0.45421,-0.83576,-0.19724,0.02089,-0.01815,-0.1443,0.4783,-1.20122,-0.36753,0.35062,-0.02905,-0.1724
42.24,-0.38635,0.01743,-0.11574,0.6876,0,-0.12606,0.69777,0.94463,-3.79342,-0.32886,-1.19305,-3.64555,-5.02901,-1.19694,-4.52418,6.44234,-13.42585,0.08892,2.1824,0,-0.24131,0.00045,3e-05,7.8377,-0.00016,-0.00537,0.16367,0.4124,0.85817,-1.47176,-0.23512,0.02786,-0.02476,-0.0647,0.34749,-1.1564,-0.48687,0.31022,-0.00022,-0.10276
42.26,-0.34859,0.00958,-0.14446,0.45731,0,0.03483,0.60533,0.906,-3.69387,-0.36579,-1.15292,-3.34351,-5.35609,0.01551,-5.70363,6.11112,-15.96569,2.32276,2.39182,-2e-05,-0.44235,0.00048,4e-05,7.85514,-0.0002,-0.00559,0.60474,0.25011,1.22501,-2.07762,-0.22895,0.02755,-0.05133,0.00824,0.18079,-1.04,-0.58455,0.25412,0.03915,-0.00726
42.28,-0.30264,0.00057,-0.17725,0.1695,0,0.21903,0.5109,0.82686,-3.44391,-0.37403,-1.06525,-2.91183,-5.47127,1.29171,-6.90692,5.56187,-17.70933,4.42783,2.47225,-5e-05,-0.68384,0.00048,7e-05,7.55112,-0.00024,-0.00535,1.03351,0.07021,1.51656,-2.6071,-0.18749,0.02117,-0.09811,0.07664,-0.00654,-0.86606,-0.66526,0.18736,0.08524,0.10323
42.3,-0.25108,-0.0081,-0.21362,-0.14237,0,0.40949,0.41722,0.71605,-3.07192,-0.35421,-0.92755,-2.4142,-5.38213,2.54758,-8.06708,4.9132,-18.54288,6.24353,2.42471,-0.0001,-0.96019,0.00045,0.0001,6.93295,-0.00028,-0.00476,1.41512,-0.10944,1.70265,-3.01794,-0.1226,0.01043,-0.16476,0.14341,-0.19657,-0.65183,-0.73516,0.11603,0.1331,0.21503
42.32,-0.1968,-0.01495,-0.25324,-0.44281,0,0.58864,0.3264,0.58383,-2.61365,-0.30879,-0.74143,-1.90935,-5.09639,3.7109,-9.11089,4.25371,-18.40962,7.62388,2.25829,-0.00016,-1.26126,0.00041,0.00014,6.03012,-0.00034,-0.00392,1.71745,-0.27008,1.76534,-3.27561,-0.04759,-0.00279,-0.25056,0.21162,-0.37061,-0.41565,-0.80079,0.04658,0.17727,0.31334
42.34,-0.14279,-0.01877,-0.29596,-0.69859,0,0.74018,0.24019,0.44072,-2.10792,-0.2421,-0.51293,-1.43805,-4.61843,4.72738,-9.96451,3.62953,-17.31702,8.45536,1.9889,-0.00024,-1.57211,0.00036,0.0002,4.89201,-0.00041,-0.00295,1.914,-0.39392,1.70102,-3.356,0.02453,-0.01682,-0.35448,0.28383,-0.5111,-0.17513,-0.86814,-0.01474,0.21245,0.38436
42.36,-0.09189,-0.01875,-0.34171,-0.88277,0,0.8507,0.16009,0.2964,-1.59222,-0.16018,-0.25042,-1.0222,-3.94801,5.56324,-10.56015,3.04184,-15.34148,8.67463,1.63803,-0.00032,-1.87331,0.00031,0.00026,3.58341,-0.0005,-0.00199,1.98613,-0.46612,1.52032,-3.24701,0.08269,-0.03046,-0.47487,0.36156,-0.6035,0.05422,-0.9418,-0.0625,0.23433,0.41738
42.38,-0.04656,-0.01459,-0.39041,-0.97802,0,0.91108,0.0876,0.15882,-1.09858,-0.07059,0.03851,-0.66898,-3.08118,6.2048,-10.84286,2.45289,-12.62938,8.28307,1.23149,-0.00042,-2.14195,0.00027,0.00033,2.17889,-0.00061,-0.00112,1.92469,-0.47644,1.24627,-2.94919,0.11912,-0.0433,-0.60901,0.44495,-0.63779,0.26007,-1.02448,-0.0926,0.24015,0.40666
42.4,-0.00869,-0.00658,-0.4418,-0.97873,0,0.91724,0.02428,0.03372,-0.6506,0.0179,0.34781,-0.37495,-2.01305,6.65592,-10.77647,1.79809,-9.39151,7.35327,0.798,-0.00052,-2.35347,0.00025,0.00041,0.75671,-0.00072,-0.00043,1.73089,-0.42054,0.9113,-2.47551,0.13022,-0.05571,-0.75271,0.53262,-0.60951,0.43377,-1.11681,-0.10265,0.22929,0.35261
42.42,0.02052,0.00446,-0.49538,-0.89136,0,0.8703,-0.02822,-0.07545,-0.26197,0.09566,0.67097,-0.12965,-0.74177,6.93348,-10.347,1.00178,-5.88787,6.0236,0.36733,-0.00061,-2.48434,0.00023,0.00048,-0.60713,-0.00084,6e-05,1.41605,-0.30041,0.55318,-1.85028,0.11668,-0.0687,-0.89975,0.62183,-0.52009,0.57045,-1.21757,-0.09202,0.20341,0.26205
42.44,0.04061,0.01724,-0.55026,-0.7331,0,0.77598,-0.06825,-0.16727,0.06348,0.15264,0.99789,0.08142,0.72679,7.06165,-9.56306,-0.00518,-2.4018,4.47956,-0.03201,-0.00068,-2.51553,0.00022,0.00054,-1.84448,-0.00094,0.00035,1.00036,-0.1241,0.21047,-1.10696,0.0829,-0.08353,-1.04168,0.70898,-0.37627,0.66882,-1.32427,-0.06172,0.16633,0.1473
42.46,0.05183,0.0302,-0.60514,-0.52889,0,0.64338,-0.09435,-0.2416,0.33032,0.17879,1.31223,0.2742,2.3745,7.06585,-8.45367,-1.26827,0.79346,2.92485,-0.37541,-0.0007,-2.43623,0.00022,0.00056,-2.9001,-0.00098,0.00048,0.51073,0.09544,-0.08228,-0.28536,0.03581,-0.10118,-1.1678,0.79018,-0.18895,0.73057,-1.4339,-0.01405,0.12359,0.02434
42.48,0.0551,0.04172,-0.65824,-0.30772,0,0.4835,-0.1055,-0.29888,0.54918,0.16462,1.59134,0.46393,4.16713,6.96752,-7.06458,-2.79456,3.46954,1.5487,-0.64468,-0.00066,-2.24736,0.00019,0.00053,-3.73555,-0.00094,0.00047,-0.02183,0.3419,-0.29866,0.5715,-0.01659,-0.1218,-1.26557,0.86203,0.0284,0.75963,-1.54388,0.04782,0.0818,-0.08948
42.5,0.05188,0.05028,-0.70745,-0.09871,0,0.30779,-0.10126,-0.33941,0.73412,0.10164,1.81036,0.66311,6.05201,6.78066,-5.45401,-4.54301,5.4713,0.49666,-0.82992,-0.00053,-1.96369,0.00014,0.00043,-4.33146,-0.00077,0.00039,-0.56478,0.5974,-0.42345,1.42036,-0.06669,-0.14439,-1.32153,0.92223,0.26136,0.76141,-1.6527,0.1203,0.04787,-0.17784
42.52,0.044,0.05467,-0.75043,0.07237,0,0.12685,-0.08186,-0.36285,0.89993,-0.01716,1.94829,0.87949,7.95804,6.51069,-3.68809,-6.42177,6.73239,-0.14874,-0.93019,-0.00026,-1.61385,5e-05,0.00023,-4.68739,-0.00042,0.00028,-1.08657,0.84434,-0.45363,2.22024,-0.10842,-0.16668,-1.32261,0.96986,0.49606,0.74189,-1.76019,0.19961,0.02832,-0.22736
42.54,0.03346,0.05406,-0.78483,0.18583,0,-0.05048,-0.04814,-0.36814,1.05984,-0.19689,1.99174,1.1141,9.79858,6.15557,-1.83621,-8.29376,7.2753,-0.37467,-0.9528,0.00017,-1.23777,-0.0001,-0.00011,-4.81929,0.00015,0.00019,-1.55864,1.06706,-0.39754,2.93451,-0.13794,-0.1855,-1.25799,1.00544,0.72042,0.70673,-1.86727,0.282,0.0285,-0.22902
42.56,0.02222,0.04807,-0.80851,0.23002,0,-0.21769,-0.00139,-0.35365,1.22369,-0.44031,1.93576,1.359,11.47716,5.70895,0.03356,-9.98989,7.19772,-0.23255,-0.9115,0.0008,-0.88183,-0.00032,-0.0006,-4.75526,0.00101,0.00013,-1.9572,1.25328,-0.2723,3.53255,-0.1539,-0.1973,-1.12104,1.03053,0.92499,0.66046,-1.97526,0.36378,0.05199,-0.17893
42.58,0.01197,0.03677,-0.81983,0.20235,0,-0.37086,0.05688,-0.31766,1.39663,-0.74733,1.78346,1.59638,12.89553,5.16443,1.85841,-11.3279,6.6498,0.17651,-0.824,0.00166,-0.59275,-0.00062,-0.00128,-4.53058,0.00219,0.00014,-2.26459,1.39525,-0.10038,3.99103,-0.15733,-0.1989,-0.9112,1.04738,1.10358,0.60584,-2.08511,0.4413,0.10007,-0.07851
42.6,0.00402,0.02066,-0.81789,0.10947,0,-0.50855,0.12499,-0.259,1.57844,-1.11433,1.54537,1.80211,13.96273,4.5198,3.58365,-12.13408,5.80766,0.72161,-0.70927,0.00277,-0.41136,-0.00101,-0.00216,-4.18315,0.00372,0.00022,-2.47005,1.49033,0.09392,4.29478,-0.15112,-0.18805,-0.63508,1.05842,1.25339,0.54348,-2.19662,0.51091,0.1714,0.06561
42.62,-0.00076,0.00058,-0.80268,-0.03354,0,-0.63136,0.20118,-0.1777,1.76349,-1.53339,1.23831,1.95368,14.60394,3.78011,5.16422,-12.26529,4.84719,1.26412,-0.58519,0.00413,-0.36705,-0.00148,-0.00323,-3.74989,0.00561,0.00036,-2.56992,1.54082,0.2873,4.43699,-0.13944,-0.16385,-0.30663,1.066,1.37476,0.47186,-2.308,0.56905,0.26189,0.24221
42.64,-0.00195,-0.02237,-0.77511,-0.20489,0,-0.74133,0.2834,-0.07561,1.94117,-1.99147,0.88411,2.03654,14.76823,2.95889,6.56503,-11.62887,3.92119,1.67928,-0.46657,0.00569,-0.47369,-0.00203,-0.00449,-3.26443,0.00782,0.00055,-2.56702,1.55312,0.45943,4.41875,-0.12683,-0.12672,0.05418,1.07219,1.47048,0.38765,-2.41571,0.61226,0.36492,0.43635
42.66,0.00058,-0.04696,-0.73686,-0.37853,0,-0.84104,0.36918,0.04316,2.09704,-2.46973,0.50799,2.04533,14.43472,2.07754,7.76045,-10.19908,3.14171,1.87517,-0.36383,0.00741,-0.72707,-0.00263,-0.00588,-2.756,0.01026,0.00078,-2.46964,1.53624,0.59401,4.24819,-0.1174,-0.07811,0.42373,1.07878,1.54485,0.28639,-2.51467,0.63745,0.47176,0.63054
42.68,0.00679,-0.07199,-0.69024,-0.52688,0,-0.93288,0.45533,0.17203,2.21433,-2.94327,0.13675,1.98247,13.6167,1.16351,8.73358,-8.02783,2.5692,1.80662,-0.2824,0.00914,-1.1042,-0.00322,-0.00729,-2.2494,0.01277,0.00103,-2.2902,1.50018,0.67903,3.9394,-0.11396,-0.02007,0.77761,1.08747,1.60261,0.16324,-2.59896,0.64212,0.5722,0.80599
42.7,0.01657,-0.09635,-0.63795,-0.62367,0,-1.01836,0.53784,0.30208,2.2759,-3.38141,-0.20302,1.85637,12.36262,0.248,9.4752,-5.2469,2.20994,1.48155,-0.22275,0.01072,-1.56444,-0.00375,-0.0086,-1.7656,0.01509,0.00125,-2.04401,1.45433,0.70657,3.51146,-0.11757,0.04526,1.09356,1.10009,1.64811,0.01386,-2.66267,0.62468,0.65532,0.94392
42.72,0.02988,-0.11913,-0.58287,-0.64622,0,-1.09766,0.61183,0.4226,2.26626,-3.74889,-0.48697,1.67976,10.75224,-0.63649,9.98254,-2.05876,2.02261,0.95762,-0.18121,0.01187,-2.05272,-0.00412,-0.00959,-1.32253,0.01688,0.00143,-1.74797,1.40628,0.67239,2.98725,-0.12727,0.11603,1.35358,1.11885,1.6845,-0.16491,-2.70088,0.58467,0.71035,1.02673
42.74,0.04677,-0.13961,-0.52779,-0.5774,0,-1.16948,0.67181,0.52208,2.17367,-4.00779,-0.69495,1.46789,8.88766,-1.45844,10.25786,1.28506,1.93331,0.329,-0.15143,0.01227,-2.50481,-0.00421,-0.01001,-0.93564,0.01766,0.0015,-1.41943,1.36102,0.57539,2.39216,-0.14036,0.19085,1.5453,1.14653,1.71336,-0.3745,-2.71047,0.52294,0.72748,1.03909
42.76,0.06731,-0.15729,-0.47508,-0.40694,0,-1.23112,0.71201,0.58958,1.99206,-4.12052,-0.81306,1.23672,6.88049,-2.18947,10.30716,4.5149,1.85614,-0.29399,-0.12616,0.01148,-2.85409,-0.00387,-0.0095,-0.61815,0.01684,0.00141,-1.07502,1.32058,0.4171,1.75267,-0.15294,0.26882,1.66245,1.18637,1.73446,-0.61431,-2.69081,0.44166,0.6987,0.96888
42.78,0.09157,-0.17183,-0.42649,-0.13243,0,-1.27879,0.72695,0.61604,1.72266,-4.05324,-0.8353,1.00131,4.83816,-2.80616,10.13937,7.37764,1.71492,-0.80783,-0.09908,0.00902,-3.03887,-0.00292,-0.00766,-0.38096,0.01373,0.00109,-0.72979,1.28404,0.20151,1.09494,-0.16067,0.34936,1.70463,1.24187,1.74584,-0.8815,-2.64397,0.34424,0.61854,0.80805
42.8,0.11949,-0.18298,-0.38294,0.24022,0,-1.30795,0.712,0.5955,1.37502,-3.77948,-0.76457,0.77457,2.85228,-3.29142,9.76604,9.66795,1.46054,-1.13571,-0.06626,0.00433,-3.00916,-0.00116,-0.00406,-0.23224,0.00752,0.00045,-0.39654,1.2479,-0.06497,0.44364,-0.15961,0.43196,1.6766,1.31623,1.7441,-1.17079,-2.57441,0.23508,0.48452,0.55336
42.82,0.1508,-0.19053,-0.34444,0.6967,0,-1.31366,0.66391,0.5257,0.96697,-3.28326,-0.61263,0.56651,0.99122,-3.6352,9.20113,11.25019,1.07995,-1.24007,-0.02676,-0.00316,-2.73172,0.0016,0.0018,-0.17694,-0.00261,-0.00059,-0.08531,1.20653,-0.37321,-0.17914,-0.147,0.5158,1.58715,1.41138,1.72467,-1.4743,-2.48781,0.11922,0.29734,0.2069
42.84,0.18497,-0.19422,-0.31005,1.21488,0,-1.2909,0.5812,0.40807,0.52343,-2.56136,-0.39885,0.38389,-0.70228,-3.83465,8.4606,12.06837,0.59486,-1.12561,0.01749,-0.014,-2.19291,0.00556,0.01036,-0.21607,-0.01748,-0.00214,0.19681,1.15269,-0.71101,-0.75474,-0.1218,0.59933,1.44766,1.52669,1.68218,-1.78142,-2.38901,0.00172,0.0606,-0.22378
42.86,0.22112,-0.19363,-0.27801,1.76581,0,-1.23476,0.46443,0.24719,0.07414,-1.62468,-0.14801,0.23031,-2.20916,-3.8936,7.56201,12.14485,0.05183,-0.83381,0.06268,-0.02861,-1.39945,0.01087,0.02202,-0.34608,-0.03777,-0.00429,0.4458,1.07816,-1.0628,-1.26879,-0.08505,0.67993,1.27064,1.65755,1.61082,-2.07878,-2.27945,-0.11299,-0.21971,-0.72573
42.88,0.25799,-0.1882,-0.24582,2.31544,0,-1.14075,0.31636,0.04994,-0.34914,-0.49795,0.11248,0.10664,-3.52903,-3.82197,6.5244,11.57075,-0.49237,-0.43202,0.10433,-0.04721,-0.37767,0.0176,0.03699,-0.55834,-0.06387,-0.00708,0.66052,0.97444,-1.40974,-1.71163,-0.03994,0.7536,1.06847,1.79413,1.5048,-2.35055,-2.15469,-0.2217,-0.53575,-1.28089
42.9,0.29398,-0.17721,-0.21054,2.8266,0,-1.00518,0.142,-0.17539,-0.71557,0.78351,0.35533,0.01151,-4.67378,-3.63464,5.36846,10.49089,-0.98523,-0.00066,0.13861,-0.0697,0.82836,0.02572,0.05525,-0.83897,-0.09575,-0.01054,0.84232,0.83351,-1.73048,-2.07844,0.00837,0.81488,0.85262,1.92074,1.35892,-2.57918,-2.00277,-0.3228,-0.87818,-1.86653
42.92,0.32716,-0.15985,-0.16904,3.26151,0,-0.82565,-0.05148,-0.41977,-0.99793,2.17662,0.55582,-0.058,-5.66109,-3.35013,4.11684,9.08504,-1.38898,0.37836,0.16313,-0.09548,2.15963,0.03498,0.07639,-1.16928,-0.13272,-0.01463,0.99425,0.64867,-2.00265,-2.36859,0.05331,0.85693,0.63353,2.01607,1.16918,-2.74657,-1.8039,-0.41628,-1.23625,-2.45578
42.94,0.35532,-0.1354,-0.11836,3.58467,0,-0.6016,-0.25506,-0.67401,-1.1748,3.6287,0.69361,-0.10577,-6.50891,-2.98874,2.79426,7.54716,-1.68504,0.63058,0.17727,-0.1233,3.5459,0.04495,0.09948,-1.52686,-0.17317,-0.01919,1.11993,0.41533,-2.20527,-2.58444,0.08767,0.87197,0.4209,2.05444,0.93345,-2.83574,-1.53169,-0.50335,-1.59741,-3.01845
42.96,0.37608,-0.10343,-0.05604,3.76593,0,-0.33489,-0.45834,-0.9289,-1.23223,5.07507,0.75406,-0.13606,-7.23141,-2.57049,1.4275,6.06428,-1.87271,0.69495,0.18192,-0.15111,4.91026,0.05486,0.12294,-1.8872,-0.21436,-0.02395,1.22239,0.13188,-2.32152,-2.72979,0.10463,0.85187,0.22423,2.00812,0.652,-2.83285,-1.15591,-0.58575,-1.94693,-3.52208
42.98,0.38701,-0.06395,0.01957,3.78363,0,-0.03038,-0.65018,-1.17538,-1.16496,6.44287,0.72896,-0.15304,-7.83656,-2.11341,0.04553,4.79736,-1.964,0.52748,0.1789,-0.17587,6.1742,0.0636,0.14438,-2.2257,-0.25215,-0.02849,1.30297,-0.19962,-2.34131,-2.80837,0.09884,0.78909,0.05308,1.85029,0.32804,-2.72939,-0.64644,-0.66514,-2.26757,-3.93342
43,0.38584,-0.01763,0.109,3.62731,0,0.30371,-0.81946,-1.40449,-0.97699,7.65833,0.61688,-0.16041,-8.32528,-1.63227,-1.32017,3.86639,-1.97701,0.10356,0.17029,-0.19343,7.26299,0.06965,0.16049,-2.51962,-0.2808,-0.03217,1.36067,-0.57284,-2.26274,-2.82285,0.06724,0.67781,-0.08331,1.55839,-0.03196,-2.52399,0.02227,-0.74254,-2.5397,-4.22022
43.02,0.37067,0.03414,0.21157,3.29923,0,0.65572,-0.95577,-1.60734,-0.68136,8.65256,0.42303,-0.16108,-8.69156,-1.13828,-2.63497,3.34109,-1.92995,-0.58031,0.15786,-0.19849,8.1108,0.07107,0.16696,-2.74971,-0.29283,-0.03418,1.39216,-0.97692,-2.09165,-2.7745,0.00955,0.51508,-0.17757,1.11736,-0.41828,-2.22351,0.8666,-0.81823,-2.74213,-4.35319
43.04,0.34014,0.08924,0.3254,2.81455,0,1.01087,-1.05033,-1.77517,-0.29919,9.36558,0.15858,-0.15701,-8.92354,-0.63946,-3.86055,3.2379,-1.83695,-1.5052,0.14267,-0.1846,8.66538,0.06548,0.1585,-2.90129,-0.27902,-0.03349,1.39236,-1.39662,-1.83923,-2.66366,-0.07164,0.30196,-0.22665,0.52235,-0.81834,-1.84297,1.88972,-0.89207,-2.85362,-4.30809
43.06,0.2937,0.14498,0.4475,2.20023,0,1.35206,-1.09666,-1.89941,0.14209,9.75031,-0.16027,-0.14913,-9.00529,-0.14181,-4.95477,3.52269,-1.70615,-2.62891,0.12503,-0.14439,8.89239,0.05015,0.12892,-2.96485,-0.22864,-0.02885,1.35573,-1.81301,-1.51835,-2.49082,-0.17125,0.04449,-0.23459,-0.21924,-1.21755,-1.40436,3.07849,-0.96405,-2.85515,-4.06799
43.08,0.23177,0.19829,0.57405,1.49302,0,1.66102,-1.09132,-1.97217,0.61087,9.77722,-0.51341,-0.13734,-8.91931,0.34919,-5.8723,4.1179,-1.53977,-3.88605,0.10454,-0.06988,8.77888,0.0221,0.0714,-2.93627,-0.12983,-0.0189,1.27771,-2.20455,-1.14006,-2.25813,-0.28233,-0.24584,-0.21456,-1.08672,-1.60031,-0.93475,4.40159,-1.0349,-2.73248,-3.62565
43.1,0.15585,0.24601,0.70074,0.73676,0,1.91967,-1.03437,-1.98672,1.0738,9.43959,-0.87804,-0.12064,-8.64942,0.82682,-6.56626,4.91323,-1.33557,-5.19014,0.08038,0.0469,8.33523,-0.02166,-0.02105,-2.81667,0.02955,-0.00218,1.15619,-2.54877,-0.71187,-1.97082,-0.39677,-0.55212,-0.18867,-2.04616,-1.95118,-0.46371,5.80953,-1.10637,-2.4788,-2.98579
43.12,0.06853,0.28512,0.82301,-0.02078,0,2.11163,-0.9294,-1.93829,1.49827,8.75918,-1.22987,-0.09741,-8.18347,1.28166,-6.99091,5.77865,-1.08917,-6.43833,0.05163,0.21303,7.5946,-0.08383,-0.15496,-2.61171,0.26081,0.02274,0.99255,-2.8241,-0.23884,-1.63813,-0.50603,-0.853,-0.18476,-3.05207,-2.25583,-0.02034,7.23677,-1.18091,-2.0966,-2.16668
43.14,-0.02666,0.31306,0.93639,-0.73164,0,2.22359,-0.78311,-1.82475,1.85479,7.79194,-1.5443,-0.06579,-7.5154,1.70045,-7.10546,6.57906,-0.79649,-7.51925,0.01761,0.43357,6.60927,-0.16642,-0.33545,-2.3304,0.57284,0.05703,0.79199,-3.01209,0.27253,-1.27341,-0.6017,-1.12454,-0.22992,-4.05069,-2.50191,0.36996,8.60621,-1.26065,-1.59863,-1.20071
43.16,-0.12556,0.32798,1.03679,-1.3516,0,2.24674,-0.60457,-1.64741,2.11932,6.63047,-1.79771,-0.02412,-6.64681,2.06569,-6.87873,7.18935,-0.45611,-8.32358,-0.02178,0.7101,5.44446,-0.2702,-0.56506,-1.98356,0.97004,0.10145,0.56325,-3.09961,0.80853,-0.89341,-0.67613,-1.34295,-0.34229,-4.98466,-2.67971,0.68866,9.83577,-1.34594,-1.00772,-0.13376
43.18,-0.22371,0.32895,1.12078,-1.84384,0,2.17792,-0.40417,-1.41162,2.27519,5.39264,-1.96897,0.02862,-5.58794,2.35592,-6.29421,7.50832,-0.07099,-8.75596,-0.06586,1.03904,4.17074,-0.39405,-0.84235,-1.58223,1.44987,0.15603,0.3179,-3.08084,1.34296,-0.517,-0.72294,-1.48753,-0.52336,-5.79839,-2.78281,0.92658,10.84607,-1.43395,-0.35573,0.97661
43.2,-0.31674,0.31612,1.18583,-2.18191,0,2.02041,-0.19267,-1.12719,2.3143,4.19294,-2.0409,0.09231,-4.35814,2.54688,-5.3546,7.46923,0.35065,-8.74635,-0.11305,1.40973,2.85623,-0.53424,-1.16022,-1.13629,2.00004,0.21975,0.06924,-2.95859,1.8347,-0.16366,-0.73747,-1.54351,-0.75367,-6.44308,-2.8086,1.08501,11.56796,-1.51777,0.31842,2.06423
43.22,-0.40071,0.29075,1.23049,-2.35131,0,1.78402,0.01965,-0.80815,2.2373,3.11509,-2.00193,0.16549,-2.98523,2.6133,-4.0844,7.04514,0.79578,-8.25874,-0.161,1.80253,1.55916,-0.68372,-1.50424,-0.6534,2.5955,0.29019,-0.16888,-2.74435,2.23033,0.14817,-0.71727,-1.50402,-0.99427,-6.88054,-2.75859,1.17498,11.94834,-1.58652,0.97169,3.05885
43.24,-0.47235,0.25508,1.25442,-2.34962,0,1.48427,0.22377,-0.47196,2.05259,2.20396,-1.8476,0.24517,-1.50364,2.5315,-2.53006,6.24812,1.24824,-7.29602,-0.20686,2.18707,0.32136,-0.83129,-1.85086,-0.13836,3.1956,0.36318,-0.38335,-2.45694,2.47211,0.40275,-0.66243,-1.37109,-1.19453,-7.08528,-2.63837,1.21452,11.95368,-1.62655,1.56059,3.89204
43.26,-0.52928,0.21209,1.25828,-2.18546,0,1.14097,0.41236,-0.13805,1.77444,1.47223,-1.58215,0.327,0.04853,2.28241,-0.75766,5.12341,1.69135,-5.90075,-0.24773,2.5209,-0.83697,-0.96108,-2.16601,0.40704,3.74154,0.43246,-0.56313,-2.11996,2.51014,0.58849,-0.57584,-1.15549,-1.30456,-7.04529,-2.45733,1.2244,11.57155,-1.62354,2.04556,4.50406
43.28,-0.57016,0.16524,1.24373,-1.87678,0,0.77634,0.58017,0.17395,1.42084,0.9095,-1.21875,0.40561,1.6326,1.85491,1.15128,3.74036,2.11078,-4.15232,-0.2811,2.74894,-1.92071,-1.05214,-2.40408,0.98368,4.15482,0.4894,-0.70028,-1.75884,2.31536,0.69912,-0.46323,-0.87577,-1.28896,-6.76188,-2.22823,1.22358,10.81071,-1.5651,2.39529,4.85086
43.3,-0.59473,0.11811,1.21324,-1.44897,0,0.41307,0.72413,0.446,1.01147,0.48971,-0.77589,0.47519,3.21207,1.24864,3.10526,2.18233,2.49673,-2.16057,-0.30531,2.80409,-2.96049,-1.07843,-2.50778,1.59411,4.3371,0.52297,-0.79073,-1.39798,1.88956,0.73425,-0.33299,-0.55639,-1.13751,-6.24902,-1.96658,1.22519,9.70017,-1.44316,2.59018,4.90973
43.32,-0.60377,0.07408,1.16994,-0.93292,0,0.07257,0.84324,0.66333,0.56617,0.17694,-0.27102,0.53034,4.75432,0.47599,5.00916,0.53672,2.84476,-0.05549,-0.31973,2.60939,-4.01004,-1.00939,-2.40912,2.24087,4.17212,0.51975,-0.83432,-1.05857,1.2688,0.69918,-0.19546,-0.22533,-0.86934,-5.53196,-1.68965,1.23441,8.28692,-1.25555,2.62436,4.68231
43.34,-0.59896,0.03612,1.11737,-0.36324,0,-0.2267,0.93823,0.81574,0.1041,-0.07021,0.28285,0.567,6.23123,-0.4373,6.77131,-1.11392,3.15494,2.02654,-0.32474,2.08222,-5.1397,-0.81117,-2.03199,2.92431,3.53029,0.4644,-0.83435,-0.7572,0.51906,0.6039,-0.0619,0.089,-0.52915,-4.64533,-1.41525,1.24816,6.63216,-1.00648,2.5058,4.19441
43.36,-0.58262,0.00644,1.05915,0.22348,0,-0.47045,1.01112,0.89852,-0.35667,-0.29525,0.8748,0.58348,7.61904,-1.45307,8.31089,-2.69932,3.42981,3.95876,-0.32152,1.14076,-6.42642,-0.44877,-1.29657,3.64013,2.2766,0.34037,-0.79662,-0.50522,-0.27495,0.46132,0.05698,0.3611,-0.17673,-3.63074,-1.16018,1.25692,4.80652,-0.70596,2.25476,3.49287
43.38,-0.55746,-0.01357,0.99871,0.79034,0,-0.64956,1.0647,0.91297,-0.7991,-0.5411,1.4909,0.58121,8.89765,-2.52273,9.56492,-4.16686,3.67165,5.63957,-0.31177,-0.28711,-7.9408,0.11097,-0.1259,4.37718,0.28211,0.13105,-0.72819,-0.30887,-1.02442,0.28543,0.15244,0.57136,0.1269,-2.53435,-0.93868,1.24766,2.88518,-0.36845,1.90118,2.64044
43.4,-0.52632,-0.02356,0.93906,1.30177,0,-0.76048,1.10211,0.86631,-1.20705,-0.84759,2.10826,0.56506,10.04965,-3.59038,10.49339,-5.48429,3.88017,7.00448,-0.2973,-2.25251,-9.73199,0.89534,1.54535,5.11582,-2.56073,-0.17856,-0.63629,-0.16969,-1.65055,0.08936,0.21896,0.7083,0.33243,-1.40449,-0.76127,1.20725,0.94337,-0.01114,1.48138,1.70954
43.42,-0.49198,-0.02412,0.88256,1.72533,0,-0.80517,1.12637,0.77082,-1.56514,-1.2488,2.69063,0.54284,11.05904,-4.59661,11.08147,-6.63942,4.05094,8.03173,-0.27981,-4.77254,-11.81144,1.92078,3.76003,5.82728,-6.31944,-0.59987,-0.52737,-0.0853,-2.09502,-0.11597,0.25485,0.76932,0.41115,-0.28933,-0.63397,1.12559,-0.94739,0.34786,1.03452,0.77549
43.44,-0.45696,-0.01673,0.83087,2.03368,0,-0.79032,1.14007,0.64236,-1.85888,-1.76982,3.1901,0.52409,11.90986,-5.48311,11.3382,-7.63686,4.17496,8.7407,-0.26066,-7.81633,-14.13716,3.18738,6.52614,6.47423,-11.00037,-1.13827,-0.40653,-0.05018,-2.32512,-0.32278,0.26235,0.76001,0.35787,0.76561,-0.5581,0.99782,-2.72249,0.69136,0.59883,-0.09041
43.46,-0.42333,-0.00354,0.78477,2.20661,0,-0.72617,1.14513,0.49829,-2.07526,-2.42255,3.55731,0.51821,12.58523,-6.19765,11.29245,-8.49282,4.23942,9.18392,-0.24081,-11.29203,-16.60163,4.67299,9.80378,7.01264,-16.52698,-1.79051,-0.27717,-0.05657,-2.33378,-0.52682,0.24698,0.69213,0.18834,1.72006,-0.5305,0.82559,-4.32699,1.00464,0.20816,-0.82753
43.48,-0.39267,0.01286,0.74421,2.23313,0,-0.62514,1.14265,0.35523,-2.20354,-3.20045,3.75387,0.53245,13.06725,-6.69882,10.98752,-9.2292,4.22931,9.43535,-0.22077,-15.03683,-19.02709,6.32788,13.49296,7.39496,-22.72001,-2.54219,-0.14108,-0.0952,-2.13612,-0.72726,0.21666,0.581,-0.0669,2.54152,-0.54431,0.61718,-5.71794,1.27684,-0.11109,-1.39145
43.5,-0.36596,0.02969,0.70837,2.11292,0,-0.50046,1.13288,0.22717,-2.23643,-4.07195,3.75999,0.57032,13.33783,-6.95987,10.47529,-9.86813,4.12934,9.57714,-0.20072,-18.81308,-21.17277,8.07061,17.42418,7.57416,-29.28324,-3.36556,0.00148,-0.15605,-1.76426,-0.92635,0.18062,0.44289,-0.3699,3.2073,-0.58978,0.38677,-6.86602,1.50163,-0.34195,-1.75761
43.52,-0.34357,0.04425,0.67581,1.85688,0,-0.36504,1.11523,0.12411,-2.17118,-4.97593,3.57681,0.63064,13.38024,-6.97032,9.81058,-10.42762,3.92564,9.68681,-0.1806,-22.31402,-22.75814,9.78624,21.3541,7.50814,-35.79914,-4.21821,0.15141,-0.22906,-1.26171,-1.12879,0.14836,0.29284,-0.68201,3.70574,-0.65545,0.1525,-7.75627,1.6774,-0.47758,-1.92236
43.54,-0.32523,0.05409,0.64466,1.4864,0,-0.23046,1.08837,0.05142,-2.01059,-5.82882,3.2254,0.70765,13.18093,-6.73541,9.04586,-10.91873,3.607,9.82598,-0.16021,-25.18278,-23.50525,11.32813,24.96926,7.16414,-41.7393,-5.04309,0.31043,-0.30476,-0.67835,-1.34092,0.12869,0.14337,-0.96859,4.03641,-0.72924,-0.06623,-8.38773,1.80658,-0.52069,-1.90118
43.56,-0.31011,0.05718,0.61287,1.03157,0,-0.10636,1.0503,0.00996,-1.76364,-6.54678,2.74361,0.79195,12.73171,-6.27356,8.22685,-11.34451,3.1656,10.03178,-0.13935,-27.04819,-23.20141,12.52444,27.90038,6.52302,-46.49451,-5.77043,0.4807,-0.3749,-0.06618,-1.56981,0.12903,0.0038,-1.2018,4.20953,-0.79962,-0.25197,-8.7724,1.89451,-0.4818,-1.72468
43.58,-0.29683,0.05209,0.57843,0.52852,0,-6e-05,0.99854,-0.00333,-1.44582,-7.06806,2.1803,0.87196,12.03233,-5.61312,7.3896,-11.70045,2.59774,10.31176,-0.11792,-27.57975,-21.78055,13.19032,29.74965,5.58319,-49.42838,-6.32198,0.66442,-0.43297,0.52404,-1.82229,0.15482,-0.11969,-1.3615,4.24466,-0.85657,-0.3923,-8.93375,1.94818,-0.37689,-1.43339
43.6,-0.28359,0.03803,0.53966,0.01642,0,0.08364,0.93042,0.00556,-1.07866,-7.36025,1.58572,0.93569,11.09254,-4.78897,6.55918,-11.97614,1.90467,10.64284,-0.0959,-26.56224,-19.3862,13.14622,30.13214,4.36359,-49.95628,-6.61786,0.86331,-0.47456,1.04546,-2.10384,0.20912,-0.22369,-1.43512,4.1688,-0.89237,-0.48191,-8.90451,1.97488,-0.22501,-1.07231
43.62,-0.26835,0.0149,0.49535,-0.46578,0,0.14228,0.84341,0.02883,-0.68839,-7.41588,1.00134,0.97218,9.93309,-3.83979,5.75015,-12.15713,1.09367,10.97451,-0.07343,-23.98085,-16.33245,12.24182,28.73049,2.90478,-47.64751,-6.58596,1.07808,-0.49747,1.45748,-2.41742,0.29239,-0.30696,-1.41681,4.01368,-0.90192,-0.5232,-8.72359,1.98119,-0.04596,-0.68598
43.64,-0.24898,-0.01674,0.44487,-0.88266,0,0.17549,0.73544,0.05817,-0.3035,-7.2456,0.45572,0.9727,8.58477,-2.8057,4.96818,-12.22666,0.17909,11.23614,-0.0507,-20.05996,-12.96,10.38381,25.35887,1.26767,-42.34288,-6.17321,1.30777,-0.50156,1.7278,-2.76227,0.40249,-0.36977,-1.30644,3.81224,-0.88273,-0.52513,-8.43189,1.97226,0.14142,-0.31463
43.66,-0.22355,-0.05575,0.38817,-1.20557,0,0.18454,0.60531,0.08593,0.0484,-6.87251,-0.03258,0.93156,7.08601,-1.7267,4.2127,-12.16725,-0.81659,11.34739,-0.02788,-15.17286,-9.5141,7.56371,20.02794,-0.4703,-34.25115,-5.35729,1.5492,-0.48837,1.83442,-3.13269,0.53477,-0.41331,-1.10851,3.59486,-0.83445,-0.50063,-8.06761,1.9514,0.32068,0.00881
43.68,-0.19052,-0.10052,0.32577,-1.41533,0,0.17185,0.453,0.10612,0.34393,-6.32774,-0.45015,0.84647,5.47995,-0.6417,3.47997,-11.96239,-1.86225,11.23059,-0.00511,-9.67173,-6.11797,3.87962,12.98131,-2.22093,-23.93137,-4.15637,1.79642,-0.46059,1.76744,-3.51719,0.68237,-0.43919,-0.83144,3.38579,-0.75839,-0.4634,-7.66199,1.9201,0.47857,0.26048
43.7,-0.14898,-0.14903,0.25864,-1.50403,0,0.14054,0.28004,0.1151,0.56662,-5.64736,-0.78605,0.71876,3.81159,0.41198,2.766,-11.59816,-2.91827,10.82277,0.01753,-3.7942,-2.79885,-0.45552,4.65508,-3.89249,-12.11358,-2.6338,2.04048,-0.42149,1.53027,-3.89811,0.83661,-0.44906,-0.48707,3.20057,-0.6569,-0.42482,-7.23619,1.87825,0.60554,0.42641
43.72,-0.09876,-0.19901,0.18808,-1.47546,0,0.0941,0.08965,0.11187,0.7084,-4.87014,-1.03325,0.55319,2.12551,1.39891,2.06858,-11.06437,-3.93787,10.08536,0.03979,2.31753,0.47798,-5.1264,-4.42454,-5.39805,0.50316,-0.89471,2.2694,-0.37438,1.13978,-4.25177,0.98747,-0.44436,-0.09031,3.0448,-0.53294,-0.39176,-6.79993,1.8245,0.69576,0.50235
43.74,-0.04052,-0.24799,0.11562,-1.34408,0,0.03601,-0.11324,0.09782,0.76967,-4.03572,-1.19217,0.35746,0.46394,2.286,1.38818,-10.35507,-4.86974,9.01017,0.061,8.55826,3.77561,-9.75041,-13.70496,-6.6644,13.30167,0.92625,2.46859,-0.32204,0.62527,-4.5494,1.12418,-0.42617,0.34102,2.91441,-0.3897,-0.36563,-6.35179,1.75668,0.74693,0.4928
43.76,0.02431,-0.29339,0.0428,-1.13265,0,-0.03036,-0.32217,0.07615,0.75811,-3.18296,-1.27145,0.14157,-1.13465,3.04316,0.72755,-9.46856,-5.66174,7.62146,0.07968,14.79884,7.15222,-13.9302,-22.58717,-7.6409,25.65878,2.68416,2.62156,-0.2663,0.02624,-4.75881,1.23603,-0.39509,0.78661,2.79735,-0.23044,-0.34267,-5.8812,1.67218,0.75976,0.40938
43.78,0.0937,-0.33264,-0.02899,-0.86928,0,-0.1019,-0.52955,0.05108,0.68667,-2.34859,-1.2856,-0.08301,-2.6366,3.64431,0.09075,-8.40775,-6.26502,5.97461,0.09319,20.82398,10.62759,-17.31244,-30.40828,-8.30678,36.83844,4.24563,2.71118,-0.20773,-0.61079,-4.84692,1.31305,-0.35137,1.22415,2.67621,-0.05843,-0.31522,-5.37164,1.56837,0.73739,0.26898
43.8,0.1651,-0.36328,-0.09858,-0.58424,0,-0.17578,-0.72711,0.02703,0.57142,-1.56603,-1.25174,-0.30416,-4.01351,4.06838,-0.51809,-7.18078,-6.63748,4.15139,0.09749,26.27059,14.14905,-19.63856,-36.52698,-8.67489,45.99317,5.5079,2.72122,-0.14561,-1.23585,-4.78274,1.34682,-0.29498,1.63023,2.53137,0.12293,-0.27364,-4.80464,1.44295,0.68488,0.09179
43.82,0.2357,-0.38306,-0.16513,-0.30703,0,-0.24942,-0.90646,0.00789,0.4295,-0.86433,-1.18681,-0.50995,-5.24219,4.30009,-1.09576,-5.80205,-6.74576,2.25178,0.08711,30.61677,17.55675,-20.77549,-40.47488,-8.79011,52.35635,6.4107,2.638,-0.07814,-1.79952,-4.54068,1.33106,-0.22589,1.98162,2.34405,0.30995,-0.20852,-4.16363,1.2942,0.60853,-0.10054
43.84,0.30267,-0.39008,-0.22802,-0.06389,0,-0.3204,-1.05972,-0.00344,0.27747,-0.26688,-1.10567,-0.6894,-6.30438,4.33054,-1.64056,-4.29304,-6.56552,0.38246,0.05544,33.31903,20.56495,-20.72116,-42.04894,-8.72182,55.50208,6.93907,2.45216,-0.00289,-2.257,-4.10369,1.26205,-0.14433,2.25701,2.099,0.49845,-0.1128,-3.43723,1.12108,0.51534,-0.28651
43.86,0.36339,-0.38292,-0.28688,0.1242,0,-0.3864,-1.18022,-0.00536,0.13008,0.20985,-1.01994,-0.83319,-7.1863,4.1575,-2.15258,-2.68307,-6.0808,-1.35642,-0.00475,34.04295,22.8134,-19.58755,-41.30735,-8.55185,55.44956,7.11801,2.16021,0.08255,-2.57212,-3.46617,1.1388,-0.05108,2.43913,1.78649,0.68362,0.0163,-2.62171,0.92317,0.41241,-0.44632
43.88,0.41573,-0.36072,-0.34139,0.24292,0,-0.44514,-1.26312,0.0023,-0.00052,0.55751,-0.93757,-0.93434,-7.87851,3.78587,-2.63349,-1.00972,-5.28376,-2.88385,-0.10039,32.77982,24.00961,-17.56989,-38.51686,-8.36057,52.58704,7.00194,1.76589,0.17989,-2.72084,-2.63622,0.96318,0.05226,2.51672,1.40381,0.86001,0.17605,-1.72254,0.70068,0.30636,-0.56321
43.9,0.45823,-0.32334,-0.39131,0.28533,0,-0.49436,-1.306,0.01835,-0.10524,0.7766,-0.86299,-0.98872,-8.37572,3.22807,-3.08613,0.68113,-4.17598,-4.14699,-0.23703,29.79518,24.05997,-14.91115,-34.08753,-8.21422,47.5343,6.6622,1.28089,0.28946,-2.69351,-1.63693,0.73984,0.16314,2.48619,0.95589,1.0216,0.35776,-0.75495,0.45449,0.20291,-0.62453
43.92,0.49023,-0.27144,-0.4363,0.25195,0,-0.53184,-1.30909,0.04036,-0.17831,0.87635,-0.79751,-0.99528,-8.67652,2.50427,-3.51372,2.33617,-2.77188,-5.12436,-0.41767,25.52078,23.08117,-11.86873,-28.50714,-8.15547,41.01188,6.17502,0.72461,0.40989,-2.49543,-0.50578,0.47599,0.27807,2.35212,0.45495,1.16213,0.54762,0.25688,0.18634,0.10645,-0.62263
43.94,0.51184,-0.20644,-0.47602,0.15003,0,-0.55551,-1.27525,0.06498,-0.21728,0.87385,-0.73999,-0.95599,-8.78271,1.64224,-3.91889,3.89682,-1.10392,-5.82257,-0.64139,20.45797,21.32267,-8.6873,-22.2827,-8.19839,33.7334,5.61157,0.12281,0.53797,-2.1454,0.70789,0.18092,0.39278,2.12658,-0.0808,1.27553,0.72853,1.28207,-0.10095,0.01965,-0.5554
43.96,0.52387,-0.13049,-0.51004,-0.00764,0,-0.56351,-1.20965,0.08817,-0.22293,0.7923,-0.68753,-0.87556,-8.69871,0.67675,-4.30268,5.30277,0.77163,-6.26809,-0.90229,15.10215,19.08284,-5.5793,-15.89314,-8.32787,26.32819,5.03069,-0.49477,0.66888,-1.67261,1.94728,-0.13466,0.50263,1.82739,-0.62934,1.35651,0.883,2.28636,-0.40324,-0.05672,-0.42649
43.98,0.52769,-0.04636,-0.53796,-0.2043,0,-0.55445,-1.11921,0.10571,-0.19906,0.65891,-0.63628,-0.76106,-8.43123,-0.35145,-4.6638,6.49635,2.77016,-6.497,-1.18874,9.88991,16.64891,-2.71314,-9.75462,-8.50262,19.29478,4.4746,-1.09725,0.79662,-1.11277,3.1534,-0.45935,0.60301,1.47595,-1.16734,1.40124,0.99608,3.23589,-0.71484,-0.12388,-0.24523
44,0.52504,0.04269,-0.55943,-0.42084,0,-0.52759,-1.01213,0.11358,-0.15204,0.50249,-0.58216,-0.62144,-7.98935,-1.39704,-4.99822,7.42729,4.77812,-6.54561,-1.48332,5.16736,14.2593,-0.20809,-4.19874,-8.66052,12.98193,3.9673,-1.6555,0.91462,-0.50428,4.27036,-0.78175,0.68982,1.09491,-1.67252,1.40794,1.05786,4.10057,-1.02844,-0.18489,-0.02604
44.02,0.51784,0.13309,-0.57428,-0.63747,0,-0.4831,-0.89717,0.10851,-0.09013,0.35127,-0.52164,-0.46698,-7.38462,-2.41204,-5.29917,8.05693,6.65833,-6.44454,-1.76358,1.17663,12.08522,1.86517,0.53792,-8.72521,7.59223,3.51524,-2.14445,1.0164,0.11511,5.24968,-1.09103,0.75978,0.7062,-2.1254,1.37723,1.06482,4.85629,-1.33527,-0.24414,0.21273
44.04,0.50798,0.22112,-0.58244,-0.83523,0,-0.4222,-0.78303,0.0884,-0.02263,0.23065,-0.45232,-0.30871,-6.6312,-3.34844,-5.55748,8.36173,8.26206,-6.21697,-2.00388,-1.94368,10.22741,3.47999,4.31504,-8.61314,3.20217,3.1099,-2.54483,1.09622,0.71077,6.05343,-1.37737,0.81061,0.32951,-2.51039,1.31212,1.01964,5.48583,-1.62548,-0.30656,0.45058
44.06,0.4971,0.30315,-0.58402,-0.99731,0,-0.34726,-0.67758,0.05283,0.04126,0.16137,-0.37344,-0.15774,-5.74588,-4.16145,-5.76246,8.33595,9.44648,-5.88106,-2.17794,-4.14831,8.72345,4.64696,7.08317,-8.24086,-0.20796,2.73153,-2.84419,1.14968,1.25295,6.65619,-1.63232,0.84108,-0.01881,-2.81628,1.21771,0.92992,5.97865,-1.88887,-0.37661,0.66701
44.08,0.48644,0.37586,-0.57925,-1.11033,0,-0.26185,-0.58735,0.0033,0.09351,0.15797,-0.28613,-0.02456,-4.74835,-4.81291,-5.90318,7.99361,10.09404,-5.45464,-2.26183,-5.46981,7.56156,5.40615,8.87383,-7.53274,-2.72106,2.35377,-3.0374,1.17421,1.71788,7.04597,-1.84908,0.85095,-0.32643,-3.03633,1.10075,0.80617,6.3302,-2.11571,-0.45734,0.8439
44.1,0.47672,0.43643,-0.5685,-1.16519,0,-0.17052,-0.51702,-0.05669,0.12809,0.22785,-0.1935,0.08172,-3.66167,-5.27438,-5.97007,7.36926,10.12923,-4.96025,-2.2367,-6.00048,6.6967,5.81957,9.7861,-6.42874,-4.4532,1.94848,-3.12648,1.16945,2.08837,7.22412,-2.02268,0.84087,-0.58526,-3.16811,0.96901,0.65984,6.541,-2.29763,-0.54956,0.96738
44.12,0.46813,0.48272,-0.55226,-1.15759,0,-0.07855,-0.46925,-0.12191,0.14159,0.371,-0.10021,0.15403,-2.51261,-5.52927,-5.95648,6.51689,9.52844,-4.42826,-2.0908,-5.87413,6.06567,5.96424,9.9701,-4.89174,-5.53072,1.4902,-3.11979,1.13714,2.35404,7.20402,-2.15006,0.81219,-0.79139,-3.21316,0.83067,0.50179,6.61567,-2.4283,-0.65157,1.02904
44.14,0.46034,0.51332,-0.53109,-1.08808,0,0.00861,-0.44461,-0.18609,0.13324,0.5805,-0.01186,0.18797,-1.33164,-5.5736,-5.85991,5.50663,8.32121,-3.89703,-1.82041,-5.24862,5.59921,5.9261,9.60811,-2.91383,-6.0767,0.95989,-3.03043,1.08089,2.51116,7.00841,-2.22986,0.76674,-0.94479,-3.17644,0.6936,0.34147,6.56211,-2.50381,-0.7593,1.02626
44.16,0.45263,0.52757,-0.50559,-0.9617,0,0.08598,-0.44179,-0.24278,0.10471,0.84365,0.06601,0.18245,-0.15244,-5.41572,-5.68291,4.41951,6.58369,-3.41011,-1.42988,-4.29052,5.23049,5.79482,8.89458,-0.52115,-6.20591,0.3479,-2.87434,1.00544,2.56242,6.66603,-2.26225,0.70659,-1.04873,-3.06579,0.56467,0.18672,6.39084,-2.52279,-0.86685,0.96172
44.18,0.444,0.52556,-0.47638,-0.78744,0,0.14973,-0.45784,-0.28633,0.05954,1.1434,0.12891,0.13994,0.9888,-5.07516,-5.43386,3.34126,4.42741,-3.01188,-0.93091,-3.16228,4.90051,5.65936,8.01749,2.22324,-6.02563,-0.3442,-2.66834,0.91607,2.51641,6.2082,-2.24868,0.63383,-1.10919,-2.8914,0.44919,0.04404,6.11471,-2.48646,-0.96742,0.84249
44.2,0.43333,0.50811,-0.44409,-0.57735,0,0.1976,-0.48855,-0.31273,0.00256,1.46006,0.17418,0.06649,2.0543,-4.5809,-5.1272,2.35578,1.9865,-2.7428,-0.34153,-2.01251,4.56094,5.6041,7.1426,5.21936,-5.63849,-1.10281,-2.42847,0.81787,2.38696,5.66604,-2.19171,0.5505,-1.13406,-2.66538,0.35049,-0.08118,5.74884,-2.39848,-1.05415,0.67889
44.22,0.41953,0.47667,-0.40932,-0.3456,0,0.22917,-0.52871,-0.32006,-0.06073,1.77277,0.20136,-0.02873,3.0058,-3.96883,-4.78302,1.53883,-0.59447,-2.63547,0.31523,-0.96909,4.17498,5.70475,6.40225,8.33436,-5.14389,-1.90284,-2.16891,0.71537,2.19189,5.06837,-2.09482,0.45862,-1.13229,-2.40114,0.26987,-0.18445,5.31027,-2.26465,-1.12086,0.48341
44.24,0.40163,0.43321,-0.3727,-0.10721,0,0.24563,-0.5725,-0.30846,-0.12472,2.06097,0.2121,-0.13458,3.80589,-3.27848,-4.42559,0.95212,-3.17099,-2.71192,1.01287,-0.1349,3.71682,6.02382,5.8886,11.41104,-4.63613,-2.70981,-1.90133,0.61219,1.95132,4.44032,-1.96209,0.36019,-1.11281,-2.11264,0.20678,-0.26246,4.8172,-2.09235,-1.1625,0.26964
44.26,0.37882,0.38008,-0.33482,0.12321,0,0.24936,-0.61378,-0.27977,-0.18419,2.30563,0.20968,-0.23927,4.41976,-2.54928,-4.08118,0.6381,-5.60725,-2.98216,1.72301,0.41471,3.17013,6.60568,5.65135,14.2804,-4.19908,-3.48301,-1.63474,0.51103,1.68553,3.80278,-1.798,0.2574,-1.08348,-1.81343,0.15917,-0.31359,4.28792,-1.88984,-1.17533,0.05143
44.28,0.35053,0.3198,-0.29629,0.3328,0,0.24336,-0.64634,-0.23695,-0.23467,2.49032,0.19821,-0.33196,4.81733,-1.81701,-3.77556,0.61594,-7.78297,-3.44351,2.41693,0.63304,2.52659,7.47143,5.69893,16.77619,-3.8993,-4.17948,-1.37576,0.41375,1.41297,3.17239,-1.60718,0.15271,-1.05018,-1.51579,0.12405,-0.33841,3.73962,-1.66561,-1.15707,-0.15799
44.3,0.31646,0.25495,-0.2577,0.51139,0,0.23063,-0.66428,-0.18343,-0.2727,2.60218,0.18198,-0.40407,4.97547,-1.11097,-3.53146,0.87931,-9.59858,-4.08008,3.06681,0.50211,1.78456,8.61422,6.00249,18.74901,-3.77959,-4.75804,-1.12902,0.32157,1.14867,2.56192,-1.39433,0.04892,-1.0163,-1.22997,0.09805,-0.34012,3.18751,-1.42781,-1.10686,-0.34661
44.32,0.27658,0.18807,-0.21964,0.65215,0,0.21375,-0.66231,-0.12263,-0.29607,2.63241,0.16483,-0.45001,4.88005,-0.45224,-3.36624,1.39659,-10.97892,-4.86223,3.64648,0.03186,0.94839,9.99552,6.50199,20.07723,-3.85482,-5.18262,-0.89753,0.23534,0.90338,1.98081,-1.16425,-0.05089,-0.98268,-0.96373,0.07792,-0.32433,2.64412,-1.18385,-1.0253,-0.50431
44.34,0.23123,0.12149,-0.18275,0.75168,0,0.19465,-0.6361,-0.05761,-0.30383,2.57655,0.14986,-0.4674,4.52766,0.14688,-3.28977,2.11372,-11.87552,-5.74571,4.1318,-0.74179,0.02806,11.54298,7.11392,20.67402,-4.11138,-5.42493,-0.68303,0.15576,0.68348,1.4355,-0.92178,-0.14359,-0.94804,-0.72203,0.06092,-0.29835,2.11883,-0.94005,-0.91448,-0.6235
44.36,0.18104,0.0573,-0.14767,0.80981,0,0.17451,-0.58259,0.00907,-0.29634,2.43439,0.13938,-0.45665,3.92685,0.68238,-3.30275,2.95938,-12.26813,-6.67131,4.50092,-1.75975,-0.96083,13.15081,7.74025,20.49099,-4.50991,-5.46625,-0.48599,0.08354,0.49155,0.92951,-0.67181,-0.2263,-0.90979,-0.507,0.04507,-0.26997,1.61765,-0.70145,-0.77793,-0.69967
44.38,0.12699,-0.0028,-0.11503,0.82909,0,0.15387,-0.50037,0.07532,-0.27516,2.20992,0.13496,-0.4202,3.09928,1.15727,-3.39545,3.85164,-12.16538,-7.56576,4.7347,-2.94362,-1.99684,14.68355,8.27807,19.52002,-4.99088,-5.29879,-0.30568,0.01946,0.3273,0.46355,-0.41928,-0.29675,-0.86502,-0.31809,0.0293,-0.24611,1.14333,-0.47178,-0.62062,-0.73182
44.4,0.07036,-0.05747,-0.08545,0.81421,0,0.13285,-0.38997,0.13945,-0.24297,1.91123,0.13765,-0.36172,2.08032,1.57966,-3.54707,4.70514,-11.60416,-8.34473,4.81756,-4.20062,-3.05258,15.98394,8.62921,17.79395,-5.48192,-4.92657,-0.14027,-0.03554,0.18859,0.03583,-0.16918,-0.3536,-0.81139,-0.1525,0.01338,-0.23169,0.69579,-0.25356,-0.44886,-0.72263
44.42,0.01275,-0.10576,-0.05949,0.77133,0,0.11128,-0.25404,0.20004,-0.20336,1.55022,0.14814,-0.2853,0.91879,1.96042,-3.7259,5.43817,-10.64653,-8.9188,4.7386,-5.42995,-4.09494,16.88517,8.70915,15.38577,-5.90585,-4.36547,0.01293,-0.08049,0.07223,-0.35742,0.07341,-0.39649,-0.74767,-0.00569,-0.00215,-0.22896,0.27284,-0.04832,-0.27006,-0.67813
44.44,-0.04405,-0.14707,-0.03763,0.70742,0,0.08897,-0.09733,0.25589,-0.16056,1.14233,0.16681,-0.19489,-0.32452,2.31069,-3.89028,5.97899,-9.37398,-9.20219,4.49304,-6.53059,-5.08601,17.22723,8.45464,12.40581,-6.18889,-3.64255,0.15712,-0.11449,-0.02556,-0.72106,0.30346,-0.42593,-0.67378,0.12782,-0.01626,-0.23752,-0.12882,0.14304,-0.09219,-0.60687
44.46,-0.09813,-0.18109,-0.02024,0.62962,0,0.06576,0.07349,0.30599,-0.11912,0.70584,0.19375,-0.0939,-1.57987,2.63954,-3.99069,6.27156,-7.87976,-9.12372,4.08386,-7.41019,-5.98486,16.8763,7.82994,8.99712,-6.26859,-2.79444,0.29543,-0.1369,-0.10906,-1.05994,0.51614,-0.44298,-0.59053,0.2537,-0.02775,-0.25492,-0.51268,0.3199,0.07683,-0.51877
44.48,-0.14759,-0.20775,-0.00749,0.54478,0,0.04171,0.25017,0.34946,-0.08349,0.26122,0.22868,0.01485,-2.77282,2.95197,-3.97325,6.28038,-6.26108,-8.63843,3.52328,-7.99398,-6.75023,15.74461,6.83138,5.32924,-6.10084,-1.86531,0.4304,-0.1476,-0.18305,-1.37787,0.70704,-0.44896,-0.49908,0.37704,-0.03558,-0.27756,-0.88141,0.48165,0.22987,-0.42371
44.5,-0.19071,-0.22714,0.00067,0.45906,0,0.01709,0.42336,0.38567,-0.05763,-0.1698,0.2708,0.12902,-3.82971,3.24782,-3.78464,5.9941,-4.6127,-7.7372,2.83382,-8.23227,-7.34378,13.80701,5.48953,1.59007,-5.66511,-0.9043,0.56344,-0.14711,-0.2529,-1.67667,0.87242,-0.44509,-0.40049,0.5017,-0.03915,-0.30171,-1.23618,0.6275,0.36126,-0.33035
44.52,-0.22602,-0.23953,0.0045,0.37783,0,-0.00755,0.58321,0.41419,-0.04466,-0.56532,0.31869,0.24635,-4.68408,3.52149,-3.37829,5.42709,-3.02289,-6.45203,2.04807,-8.10493,-7.73366,11.11021,3.86783,-2.02494,-4.96705,0.03751,0.6945,-0.1367,-0.32433,-1.95561,1.00943,-0.43243,-0.29554,0.6299,-0.03854,-0.32437,-1.57616,0.75636,0.46721,-0.24523
44.54,-0.25244,-0.24526,0.00452,0.30552,0,-0.03142,0.72012,0.43478,-0.04648,-0.90463,0.37014,0.36415,-5.2839,3.76267,-2.72158,4.61878,-1.57159,-4.85546,1.20701,-7.62206,-7.89787,7.77241,2.05713,-5.32677,-4.03778,0.91079,0.82187,-0.11836,-0.40301,-2.21124,1.11618,-0.41182,-0.18473,0.76207,-0.03448,-0.34378,-1.89844,0.867,0.54596,-0.17231
44.56,-0.26934,-0.24484,0.00143,0.24575,0,-0.05358,0.82554,0.44741,-0.06349,-1.16975,0.42214,0.47882,-5.59887,3.95796,-1.80308,3.63085,-0.33046,-3.05418,0.3569,-6.82134,-7.82743,3.97377,0.16689,-8.14897,-2.93041,1.67196,0.94228,-0.09462,-0.49381,-2.43774,1.19185,-0.38407,-0.06862,0.89688,-0.02839,-0.35959,-2.19835,0.95828,0.59779,-0.11289
44.58,-0.2766,-0.23884,-0.00388,0.20138,0,-0.07293,0.89276,0.45215,-0.09441,-1.34695,0.47081,0.5854,-5.62684,4.09313,-0.63851,2.54296,0.63658,-1.17845,-0.45445,-5.76305,-7.52878,-0.05991,-1.68565,-10.36353,-1.71447,2.28704,1.05115,-0.06841,-0.60004,-2.6276,1.23672,-0.35018,0.05172,1.03157,-0.02215,-0.37274,-2.47003,1.02947,0.62478,-0.06594
44.6,-0.27467,-0.22802,-0.01042,0.17465,0,-0.0884,0.91762,0.4492,-0.13624,-1.42792,0.51162,0.67753,-5.39748,4.15552,0.72621,1.4472,1.27312,0.63149,-1.18151,-4.5236,-7.02481,-4.07773,-3.38644,-11.89305,-0.46915,2.7345,1.14306,-0.04275,-0.72286,-2.77255,1.25218,-0.31152,0.17437,1.16226,-0.01793,-0.38499,-2.70708,1.08059,0.63047,-0.02864
44.62,-0.26454,-0.21319,-0.01711,0.16724,0,-0.09899,0.89887,0.43878,-0.18437,-1.41029,0.53955,0.74771,-4.97185,4.13605,2.21652,0.44152,1.53173,2.24077,-1.7843,-3.18803,-6.35352,-7.82684,-4.83469,-12.71614,0.72421,3.0066,1.21217,-0.02061,-0.8608,-2.8646,1.24054,-0.26987,0.29629,1.28433,-0.0179,-0.39826,-2.90317,1.11259,0.61949,0.00291
44.64,-0.24769,-0.19529,-0.02284,0.18032,0,-0.10385,0.83822,0.42111,-0.233,-1.29745,0.54958,0.78813,-4.43692,4.03074,3.73614,-0.37805,1.37763,3.53608,-2.23099,-1.84184,-5.56401,-11.07672,-5.9512,-12.86502,1.79005,3.10878,1.25287,-0.00469,-1.00985,-2.89688,1.20478,-0.22726,0.41339,1.39278,-0.02398,-0.41387,-3.05244,1.12736,0.59699,0.03291
44.66,-0.22593,-0.17523,-0.02652,0.21444,0,-0.10244,0.74007,0.39633,-0.27563,-1.09769,0.53708,0.79176,-3.89584,3.84152,5.17824,-0.92578,0.79452,4.44135,-2.4997,-0.56266,-4.71052,-13.64296,-6.68476,-12.41658,2.6662,3.05764,1.26028,0.00279,-1.16373,-2.86451,1.14826,-0.18572,0.52087,1.48248,-0.03759,-0.43158,-3.14983,1.12749,0.56817,0.06507
44.68,-0.20132,-0.15391,-0.02713,0.26942,0,-0.0945,0.61111,0.36446,-0.30562,-0.8231,0.4984,0.75366,-3.45598,3.57678,6.43879,-1.13465,-0.20788,4.93081,-2.57973,0.58693,-3.84598,-15.40734,-7.0163,-11.4798,3.31042,2.87806,1.23089,0.00012,-1.3145,-2.76537,1.07433,-0.14692,0.61366,1.54855,-0.05941,-0.44896,-3.19135,1.1161,0.53779,0.10193
44.7,-0.17603,-0.13211,-0.02373,0.34406,0,-0.08017,0.45973,0.32544,-0.31678,-0.48848,0.43141,0.6722,-3.21646,3.25152,7.42909,-0.96339,-1.58597,5.03658,-2.47194,1.56452,-3.01658,-16.33038,-6.96015,-10.18218,3.70435,2.60002,1.16315,-0.01374,-1.45322,-2.60085,0.9862,-0.11195,0.68698,1.58659,-0.08931,-0.46096,-3.17435,1.09643,0.50974,0.14447
44.72,-0.15217,-0.1105,-0.01548,0.43591,0,-0.05995,0.2955,0.2792,-0.30371,-0.11032,0.33587,0.54984,-3.25695,2.88707,8.08507,-0.40144,-3.25544,4.84834,-2.18836,2.34974,-2.25841,-16.45265,-6.56151,-8.657,3.85401,2.25555,1.05783,-0.03922,-1.5706,-2.37619,0.8869,-0.08122,0.73675,1.59293,-0.12632,-0.46005,-3.09778,1.07154,0.48684,0.19201
44.74,-0.13172,-0.08962,-0.00165,0.541,0,-0.03463,0.12847,0.22573,-0.26205,0.29397,0.21358,0.39334,-3.62873,2.51027,8.37216,0.52902,-5.08701,4.50409,-1.75088,2.94296,-1.59649,-15.88363,-5.89008,-7.03221,3.7864,1.87601,0.91826,-0.07614,-1.65742,-2.10047,0.77928,-0.05457,0.75987,1.56473,-0.16878,-0.43688,-2.96221,1.04389,0.47065,0.24242
44.76,-0.11637,-0.06992,0.0184,0.65358,0,-0.00524,-0.03143,0.16518,-0.18854,0.70666,0.06846,0.21344,-4.34836,2.15203,8.28596,1.77375,-6.90597,4.17315,-1.18922,3.36137,-1.04587,-14.78103,-5.03084,-5.42162,3.54328,1.48981,0.75027,-0.12381,-1.70507,-1.78632,0.66625,-0.03159,0.75438,1.5001,-0.2146,-0.38146,-2.76982,1.015,0.46141,0.29264
44.78,-0.10743,-0.05174,0.04522,0.76618,0,0.02712,-0.17505,0.09806,-0.08106,1.11025,-0.09367,0.02405,-5.39454,1.84561,7.84996,3.24944,-8.49669,4.03467,-0.53869,3.6335,-0.61395,-13.32558,-4.07386,-3.91864,3.17352,1.12072,0.56198,-0.18115,-1.70589,-1.44924,0.55091,-0.01192,0.71953,1.3982,-0.26159,-0.28471,-2.52449,0.98513,0.45816,0.33934
44.8,-0.1058,-0.0354,0.07924,0.86974,0,0.06137,-0.29452,0.02527,0.06122,1.48788,-0.26533,-0.15891,-6.70813,1.62444,7.11121,4.84874,-9.61331,4.25472,0.16198,3.79345,-0.30313,-11.69673,-3.10493,-2.5928,2.72595,0.7869,0.36344,-0.24685,-1.65375,-1.10683,0.43676,0.00442,0.65578,1.25941,-0.30783,-0.14019,-2.23179,0.95308,0.45879,0.37939
44.82,-0.11188,-0.02117,0.12078,0.95431,0,0.09653,-0.38369,-0.05182,0.23766,1.82392,-0.43787,-0.31896,-8.19607,1.51956,6.13446,6.44711,-9.99768,4.96484,0.87259,3.87557,-0.11288,-10.05295,-2.1982,-1.48883,2.24389,0.50055,0.16596,-0.31941,-1.54453,-0.77774,0.32771,0.01689,0.56482,1.08543,-0.35189,0.05429,-1.89893,0.91618,0.4602,0.41025
44.84,-0.12558,-0.0093,0.16993,1.00985,0,0.1318,-0.43842,-0.13142,0.44579,2.10446,-0.60193,-0.44064,-9.73886,1.55665,4.99522,7.91166,-9.40475,6.24402,1.55328,3.91015,-0.04069,-8.51864,-1.41152,-0.62772,1.76184,0.26812,-0.0187,-0.39733,-1.3767,-0.48038,0.22789,0.02451,0.44953,0.87935,-0.39313,0.29532,-1.53454,0.87033,0.45851,0.43003
44.86,-0.14637,2e-05,0.22653,1.02746,0,0.16658,-0.45674,-0.21141,0.68095,2.31812,-0.7482,-0.5113,-11.2013,1.75291,3.77243,9.11147,-7.6341,8.10513,2.16607,3.92024,-0.08193,-7.17767,-0.78414,-0.00946,1.30443,0.09098,-0.17933,-0.47912,-1.1518,-0.23148,0.14135,0.02608,0.31387,0.64569,-0.4318,0.57302,-1.14819,0.81032,0.44929,0.43728
44.88,-0.17328,0.00663,0.29007,1.0006,0,0.20052,-0.43894,-0.28951,0.93594,2.4568,-0.86811,-0.52259,-12.44498,2.11407,2.54156,9.92881,-4.56461,10.48683,2.67635,3.91999,-0.22884,-6.07291,-0.33644,0.38335,0.88702,-0.0337,-0.30632,-0.56347,-0.87496,-0.04466,0.07163,0.02053,0.16293,0.39029,-0.46907,0.87085,-0.74998,0.73033,0.42791,0.43084
44.9,-0.20499,0.0105,0.35964,0.92608,0,0.23348,-0.38758,-0.36344,1.20089,2.51642,-0.95461,-0.47166,-13.34088,2.63214,1.36908,10.26998,-0.18744,13.25196,3.05422,3.91402,-0.46928,-5.21022,-0.07116,0.58121,0.51741,-0.11189,-0.39241,-0.64925,-0.55523,0.07061,0.02132,0.00727,0.00286,0.12023,-0.50697,1.16621,-0.3501,0.62473,0.39001,0.40972
44.92,-0.23988,0.01171,0.4339,0.8046,0,0.26555,-0.30731,-0.43106,1.46346,2.4972,-1.00271,-0.36167,-13.78019,3.28433,0.30858,10.07427,5.36815,16.19372,3.27543,3.89792,-0.7857,-4.5654,0.02439,0.62314,0.19779,-0.15161,-0.43319,-0.73561,-0.2056,0.10958,-0.00815,-0.01348,-0.15908,-0.15642,-0.54821,1.43224,0.04155,0.48911,0.33217,0.37317
44.94,-0.2761,0.01047,0.51107,0.64066,0,0.29699,-0.2045,-0.49053,1.70933,2.40363,-1.00996,-0.20148,-13.68252,4.0334,-0.60144,9.32027,11.82077,19.04989,3.32232,3.85968,-1.15463,-4.09307,-0.02455,0.55206,-0.07329,-0.16192,-0.42712,-0.82199,0.15745,0.07217,-0.01672,-0.04058,-0.31453,-0.43099,-0.59579,1.6405,0.41572,0.32141,0.25254,0.32104
44.96,-0.31167,0.00712,0.58897,0.44193,0,0.32817,-0.08682,-0.54029,1.92322,2.24386,-0.97668,-0.00469,-13.00157,4.82958,-1.3383,8.02923,18.73823,21.52466,3.18451,3.78175,-1.5471,-3.73608,-0.18344,0.41038,-0.29932,-0.15194,-0.37527,-0.90801,0.51477,-0.03752,-0.0057,-0.07185,-0.45416,-0.69475,-0.65255,1.76465,0.76419,0.1231,0.15158,0.25423
44.98,-0.34457,0.00213,0.66515,0.21831,0,0.35946,0.03739,-0.57917,2.09011,2.02898,-0.90602,0.21187,-11.72856,5.61388,-1.89488,6.26534,25.55644,23.31569,2.85989,3.64398,-1.9298,-3.43477,-0.412,0.23626,-0.48461,-0.13006,-0.28088,-0.9935,0.84578,-0.21187,0.02237,-0.10424,-0.56791,-0.9395,-0.72065,1.78421,1.08012,-0.09999,0.03257,0.17518
45,-0.37284,-0.00393,0.73698,-0.01914,0,0.39108,0.15971,-0.6063,2.19663,1.77207,-0.8038,0.42982,-9.8933,6.32238,-2.27835,4.13246,31.6186,24.14326,2.35555,3.42686,-2.26721,-3.13493,-0.66785,0.06089,-0.63344,-0.10338,-0.14889,-1.07826,1.12988,-0.44057,0.06378,-0.13394,-0.64542,-1.15816,-0.80103,1.68794,1.35831,-0.33744,-0.09825,0.08809
45.02,-0.39471,-0.01041,0.80176,-0.25918,0,0.42286,0.27223,-0.62102,2.23236,1.48708,-0.67807,0.63102,-7.56202,6.89125,-2.50833,1.76614,36.23595,23.77809,1.68863,3.11506,-2.52434,-2.79372,-0.91018,-0.09287,-0.74935,-0.07737,0.01436,-1.16185,1.34785,-0.7111,0.11392,-0.15671,-0.67655,-1.34513,-0.89292,1.47586,1.59532,-0.57485,-0.2321,-0.00125
45.04,-0.40867,-0.01665,0.85691,-0.49118,0,0.45398,0.36812,-0.62264,2.19088,1.18758,-0.53824,0.79928,-4.83171,7.26221,-2.61425,-0.67916,38.76783,22.06542,0.88671,2.70066,-2.67025,-2.38314,-1.10361,-0.21051,-0.83481,-0.05577,0.20142,-1.24327,1.48339,-1.0092,0.1674,-0.16818,-0.65223,-1.49649,-0.9934,1.15977,1.78944,-0.79539,-0.35867,-0.08612
45.06,-0.41357,-0.02201,0.90004,-0.70585,0,0.48267,0.44221,-0.61029,2.07052,0.88547,-0.3941,0.92186,-1.82165,7.38815,-2.63252,-3.04639,38.71239,18.94415,-0.01249,2.18599,-2.68172,-1.89114,-1.2216,-0.28485,-0.89099,-0.04064,0.40383,-1.3205,1.5245,-1.31909,0.21835,-0.16424,-0.56536,-1.61002,-1.0972,0.76214,1.94051,-0.98216,-0.46761,-0.15995
45.08,-0.40871,-0.02593,0.92913,-0.89563,0,0.50605,0.49138,-0.5827,1.87485,0.58983,-0.25464,0.9907,1.33601,7.23852,-2.60352,-5.19309,35.79219,14.45968,-0.9623,1.58548,-2.54671,-1.32101,-1.24933,-0.31437,-0.9179,-0.03263,0.61221,-1.39029,1.46479,-1.62378,0.26061,-0.14148,-0.41182,-1.68514,-1.19669,0.31381,2.04969,-1.12071,-0.55014,-0.21743
45.1,-0.39392,-0.02798,0.94262,-1.05493,0,0.52007,0.51485,-0.53825,1.61274,0.30633,-0.12719,1.00309,4.50523,6.80352,-2.56858,-7.0059,30.01371,8.76787,-1.90934,0.92614,-2.26678,-0.68947,-1.18512,-0.30146,-0.91471,-0.03126,0.81642,-1.44802,1.3044,-1.9055,0.28806,-0.09753,-0.19138,-1.72269,-1.28223,-0.14915,2.11914,-1.20122,-0.60043,-0.25555
45.12,-0.36959,-0.02786,0.93956,-1.18004,0,0.5198,0.51418,-0.47511,1.29777,0.03712,-0.0167,0.96163,7.55359,6.09619,-2.56701,-8.40994,21.6821,2.12651,-2.79729,0.24582,-1.85752,-0.02358,-1.03991,-0.25101,-0.88043,-0.03527,1.0058,-1.48789,1.05037,-2.1463,0.29489,-0.03136,0.09162,-1.72457,-1.3429,-0.58911,2.15151,-1.21979,-0.61638,-0.27405
45.14,-0.33664,-0.02543,0.91958,-1.2688,0,0.49989,0.49293,-0.39164,0.94698,-0.2186,0.0745,0.87338,10.35822,5.15162,-2.63307,-9.37188,11.36359,-5.12662,-3.57203,-0.41068,-1.34687,0.64311,-0.83473,-0.16933,-0.81464,-0.04295,1.16962,-1.50328,0.71625,-2.32907,0.27596,0.05652,0.42805,-1.69329,-1.36754,-0.97093,2.14927,-1.17851,-0.59956,-0.27534
45.16,-0.29647,-0.02069,0.88285,-1.32017,0,0.45528,0.4562,-0.28686,0.57909,-0.46359,0.14662,0.74851,12.81062,4.02374,-2.79307,-9.89743,-0.19457,-12.6061,-4.18763,-0.99731,-0.77151,1.27498,-0.59643,-0.06364,-0.71845,-0.05245,1.29767,-1.48745,0.32106,-2.43869,0.22716,0.16398,0.80415,-1.63142,-1.34613,-1.26595,2.11401,-1.08455,-0.55464,-0.26388
45.18,-0.25082,-0.01374,0.83008,-1.33377,0,0.38201,0.40992,-0.16103,0.21252,-0.70131,0.20208,0.59863,14.82093,2.78037,-3.06268,-10.02528,-12.16485,-19.91505,-4.6121,-1.47304,-0.17233,1.83866,-0.35283,0.05819,-0.59519,-0.0621,1.38104,-1.43433,-0.11206,-2.46347,0.14582,0.28731,1.20212,-1.54116,-1.27122,-1.45536,2.04596,-0.94862,-0.48828,-0.24527
45.2,-0.20171,-0.0048,0.76244,-1.3096,0,0.278,0.36021,-0.0161,-0.13634,-0.93468,0.24488,0.43526,16.32155,1.49723,-3.4448,-9.81897,-23.7352,-26.6771,-4.83136,-1.80737,0.4103,2.30658,-0.12824,0.18777,-0.45085,-0.07052,1.41289,-1.33942,-0.55751,-2.39641,0.03107,0.4213,1.60102,-1.42415,-1.13913,-1.53246,1.94385,-0.78324,-0.40803,-0.22523
45.22,-0.15128,0.00585,0.68155,-1.24798,0,0.14364,0.31274,0.14401,-0.45436,-1.16501,0.27991,0.26871,17.26985,0.25135,-3.92819,-9.35796,-34.18032,-32.55859,-4.85005,-1.9839,0.94038,2.65943,0.05971,0.31644,-0.29384,-0.0768,1.38898,-1.20045,-0.9888,-2.23601,-0.11582,0.5594,1.97799,-1.28151,-0.95074,-1.50294,1.80516,-0.60114,-0.32126,-0.20874
45.24,-0.10166,0.01782,0.58936,-1.14964,0,-0.01797,0.27224,0.31346,-0.73241,-1.39138,0.31211,0.10732,17.64987,-0.88598,-4.48699,-8.72847,-42.90098,-37.27916,-4.6888,-2.00135,1.38929,2.88704,0.20157,0.43578,-0.13411,-0.08049,1.3081,-1.01784,-1.38021,-1.98652,-0.29125,0.69397,2.30975,-1.11414,-0.71155,-1.38327,1.62687,-0.414,-0.23445,-0.19942
45.26,-0.05482,0.03065,0.48807,-1.01607,0,-0.20109,0.24205,0.48481,-0.96541,-1.61035,0.34567,-0.04272,17.4732,-1.85608,-5.08142,-8.01492,-49.43585,-40.61414,-4.37867,-1.87238,1.73752,2.98829,0.29601,0.53828,0.01822,-0.08151,1.17214,-0.79488,-1.70845,-1.65755,-0.48928,0.81672,2.57443,-0.92314,-0.43128,-1.19747,1.40643,-0.23153,-0.15264,-0.19919
45.28,-0.01243,0.04378,0.38003,-0.84983,0,-0.39762,0.22395,0.64959,-1.15212,-1.81621,0.38331,-0.17734,16.77918,-2.61876,-5.65975,-7.29273,-53.45861,-42.3945,-3.95469,-1.6209,1.97552,2.97007,0.34854,0.61808,0.15442,-0.08008,0.98605,-0.53764,-1.95412,-1.26338,-0.70178,0.91915,2.7534,-0.71039,-0.12285,-0.97309,1.14297,-0.06105,-0.07925,-0.20816
45.3,0.02427,0.05658,0.26769,-0.65503,0,-0.5977,0.21803,0.79901,-1.2945,-2.0014,0.42588,-0.29426,15.63356,-3.15608,-6.16155,-6.62288,-54.77326,-42.50904,-3.45014,-1.27864,2.10357,2.84587,0.3696,0.67155,0.26842,-0.07659,0.75765,-0.25473,-2.10308,-0.82195,-0.91879,0.9932,2.83297,-0.47908,0.19863,-0.73741,0.83839,0.09271,-0.0161,-0.22478
45.32,0.05447,0.06836,0.15353,-0.43743,0,-0.79046,0.22284,0.92469,-1.39693,-2.15735,0.47221,-0.39266,14.12431,-3.47302,-6.52229,-6.04833,-53.31635,-40.9114,-2.89297,-0.88145,2.13065,2.63409,0.37235,0.69756,0.35748,-0.07151,0.49714,0.04323,-2.14724,-0.35373,-1.12909,1.03188,2.80555,-0.23399,0.51715,-0.51434,0.49801,0.22727,0.03641,-0.2461
45.34,0.07786,0.07843,0.04002,-0.20436,0,-0.96492,0.2357,1.01939,-1.46519,-2.27533,0.51938,-0.47273,12.35401,-3.59482,-6.67905,-5.5922,-49.16937,-37.63179,-2.30486,-0.46582,2.07248,2.35606,0.37054,0.69721,0.42208,-0.06527,0.21649,0.34435,-2.08495,0.11978,-1.32107,1.02994,2.67016,0.01847,0.81708,-0.32253,0.13072,0.342,0.07893,-0.26828
45.36,0.09453,0.08617,-0.07045,0.03565,0,-1.11102,0.25312,1.07773,-1.50553,-2.34749,0.56329,-0.53541,10.42988,-3.56165,-6.57709,-5.25767,-42.57864,-32.79174,-1.70261,-0.0657,1.94906,2.03413,0.37662,0.6733,0.46519,-0.0582,-0.07148,0.63646,-1.92088,0.57757,-1.48371,0.98453,2.43238,0.27059,1.08436,-0.17457,-0.25153,0.43742,0.1128,-0.28704
45.38,0.10494,0.09111,-0.17565,0.27345,0,-1.22063,0.27132,1.09673,-1.52372,-2.3679,0.59938,-0.58208,8.45351,-3.4218,-6.17658,-5.02962,-33.97369,-26.61698,-1.10088,0.29003,1.78199,1.68994,0.40018,0.62963,0.49118,-0.05056,-0.35396,0.90807,-1.66565,1.00056,-1.6077,0.89571,2.10383,0.5139,1.30767,-0.07697,-0.63456,0.51461,0.13962,-0.29832
45.4,0.10982,0.09296,-0.27353,0.4998,0,-1.28834,0.28668,1.07619,-1.52449,-2.3334,0.62338,-0.61439,6.5125,-3.2249,-5.4584,-4.87798,-23.95624,-19.44098,-0.51498,0.57947,1.59216,1.34309,0.44694,0.57028,0.50468,-0.04244,-0.61901,1.14931,-1.33513,1.37284,-1.68629,0.76683,1.70139,0.73974,1.4792,-0.03077,-1.00302,0.5747,0.16092,-0.29872
45.42,0.11013,0.09167,-0.36231,0.70591,0,-1.31185,0.29611,1.01867,-1.51109,-2.24413,0.63193,-0.63392,4.67526,-3.01591,-4.42772,-4.76272,-13.22309,-11.691,0.03736,0.78862,1.39779,1.01017,0.51828,0.49919,0.5097,-0.0339,-0.85606,1.35244,-0.94943,1.68231,-1.7159,0.60438,1.24613,0.9399,1.59502,-0.03239,-1.34152,0.61849,0.17791,-0.286
45.44,0.10698,0.08742,-0.4405,0.88378,0,-1.29195,0.29724,0.92913,-1.48518,-2.10349,0.62294,-0.64205,2.98919,-2.83048,-3.11476,-4.63995,-2.45393,-3.85324,0.53602,0.9116,1.21318,0.70415,0.61133,0.41988,0.50911,-0.02492,-1.05628,1.5121,-0.53143,1.92084,-1.69616,0.41754,0.76175,1.1072,1.65496,-0.07455,-1.63567,0.64638,0.19142,-0.25929
45.46,0.10155,0.08054,-0.50697,1.02653,0,-1.23205,0.2885,0.8142,-1.44691,-1.91774,0.59574,-0.63959,1.48205,-2.69198,-1.57272,-4.46887,7.73883,3.57875,0.96018,0.95013,1.04786,0.43409,0.71954,0.33544,0.50448,-0.01549,-1.21274,1.62532,-0.10499,2.08412,-1.62965,0.21719,0.2728,1.23595,1.66203,-0.14724,-1.87319,0.65848,0.20182,-0.21926
45.48,0.09505,0.07153,-0.56098,1.1287,0,-1.13764,0.26909,0.68141,-1.39524,-1.69526,0.55108,-0.62669,0.16528,-2.61021,0.1261,-4.21836,16.79172,10.16138,1.29107,0.91255,0.90639,0.20501,0.83355,0.24867,0.49622,-0.00566,-1.32048,1.69138,0.30685,2.17116,-1.52134,0.01483,-0.19707,1.32244,1.6218,-0.23859,-2.04482,0.65481,0.20916,-0.16804
45.5,0.08867,0.06094,-0.60222,1.18642,0,-1.01556,0.23891,0.53841,-1.32832,-1.44585,0.49097,-0.60278,-0.9616,-2.58161,1.89554,-3.87221,24.2126,15.55089,1.51478,0.81255,0.78864,0.01819,0.94224,0.16221,0.48389,0.00443,-1.37651,1.71156,0.68364,2.18397,-1.37809,-0.17849,-0.62683,1.36523,1.54162,-0.3358,-2.14512,0.63568,0.21325,-0.10903
45.52,0.08356,0.04934,-0.63085,1.19754,0,-0.87349,0.19838,0.39239,-1.24387,-1.17973,0.41845,-0.56664,-1.90664,-2.59099,3.64164,-3.43179,29.67162,19.53487,1.62442,0.66767,0.69032,-0.1285,1.03376,0.07859,0.46656,0.01455,-1.37979,1.68899,1.00877,2.12699,-1.20801,-0.35313,-0.99927,1.36529,1.42994,-0.42607,-2.17273,0.60182,0.21385,-0.04652
45.54,0.08074,0.03732,-0.64746,1.1617,0,-0.71928,0.14831,0.24971,-1.1395,-0.90674,0.33723,-0.51672,-2.68192,-2.61441,5.26945,-2.91559,33.06311,22.04075,1.6211,0.49747,0.60398,-0.23994,1.09645,0.00012,0.44301,0.02438,-1.33117,1.6283,1.27042,2.00674,-1.0199,-0.50144,-1.30188,1.32582,1.29563,-0.49756,-2.13038,0.55458,0.21069,0.01491
45.56,0.08107,0.02543,-0.65297,1.08037,0,-0.56058,0.08969,0.11568,-1.01295,-0.63534,0.25132,-0.45143,-3.30111,-2.62307,6.69028,-2.35597,34.48981,23.12383,1.51383,0.32177,0.52012,-0.32307,1.11979,-0.07136,0.41199,0.03356,-1.2333,1.5354,1.46206,1.83143,-0.82264,-0.61823,-1.52737,1.25192,1.14743,-0.54038,-2.0244,0.49582,0.20361,0.07101
45.58,0.08518,0.01418,-0.64862,0.95677,0,-0.40443,0.02362,-0.0055,-0.86241,-0.37202,0.16467,-0.36967,-3.77814,-2.5875,7.82874,-1.79421,34.20641,22.9419,1.3185,0.15884,0.42844,-0.38606,1.09518,-0.13471,0.37241,0.04177,-1.09063,1.4172,1.58257,1.61066,-0.62476,-0.70091,-1.67378,1.15015,0.99353,-0.54751,-1.86407,0.42787,0.1926,0.11849
45.6,0.09346,0.00404,-0.63583,0.796,0,-0.25701,-0.04879,-0.11074,-0.68682,-0.12087,0.08085,-0.27114,-4.12665,-2.48176,8.62863,-1.27491,32.55582,21.72375,1.05646,0.02394,0.31903,-0.4375,1.01675,-0.18975,0.32345,0.04874,-0.90938,1.28135,1.63589,1.35529,-0.43403,-0.74947,-1.74425,1.02806,0.84122,-0.51546,-1.66097,0.35337,0.17779,0.15543
45.62,0.10597,-0.00461,-0.6162,0.60495,0,-0.12347,-0.12641,-0.198,-0.48639,0.11624,0.00291,-0.15667,-4.35981,-2.28677,9.05672,-0.84043,29.91008,19.73673,0.75273,-0.07174,0.18357,-0.48551,0.88197,-0.23715,0.26488,0.05435,-0.69749,1.13586,1.63017,1.07717,-0.25716,-0.76614,-1.7463,0.89367,0.69673,-0.44452,-1.42806,0.2751,0.15953,0.18145
45.64,0.12244,-0.01144,-0.59138,0.39213,0,-0.00776,-0.20799,-0.26631,-0.26298,0.33917,-0.06675,-0.02828,-4.49036,-1.99279,9.10406,-0.52602,26.62324,17.25675,0.43405,-0.12171,0.0162,-0.53692,0.69207,-0.27823,0.19722,0.05858,-0.46439,0.98855,1.57639,0.78875,-0.09952,-0.75493,-1.69066,0.75491,0.56503,-0.33856,-1.17885,0.19582,0.1383,0.19744
45.66,0.1423,-0.01622,-0.56297,0.16749,0,0.08752,-0.29203,-0.31576,-0.02056,0.5487,-0.12631,0.1109,-4.53069,-1.60072,8.78515,-0.35572,22.99933,14.54302,0.12681,-0.12434,-0.1857,-0.59647,0.45233,-0.31454,0.12203,0.06154,-0.22069,0.84645,1.48666,0.50259,0.03506,-0.72095,-1.58977,0.61907,0.44969,-0.20446,-0.92631,0.11815,0.11472,0.20511
45.68,0.16461,-0.01888,-0.53243,-0.05802,0,0.16118,-0.37666,-0.34754,0.23448,0.74557,-0.17451,0.25678,-4.4932,-1.1226,8.1359,-0.3394,19.27541,11.81915,-0.14484,-0.08274,-0.42109,-0.66623,0.17214,-0.34726,0.04205,0.06345,0.02228,0.71516,1.37252,0.23075,0.14452,-0.66977,-1.45627,0.49231,0.35282,-0.05122,-0.68207,0.04434,0.08948,0.20634
45.7,0.18818,-0.01948,-0.50105,-0.2728,0,0.21344,-0.45952,-0.36388,0.49324,0.92965,-0.21056,0.40453,-4.39056,-0.58121,7.21054,-0.47107,15.6177,9.26127,-0.36059,-0.00422,-0.68498,-0.74527,-0.13525,-0.37682,-0.03871,0.06459,0.25288,0.59845,1.24349,-0.01567,0.22857,-0.60687,-1.30185,0.37928,0.27511,0.11082,-0.45573,-0.02375,0.06331,0.20268
45.72,0.21158,-0.0182,-0.4699,-0.46515,0,0.2458,-0.53777,-0.36789,0.74461,1.09936,-0.23409,0.54869,-4.23601,-0.00868,6.07761,-0.72885,12.12785,6.993,-0.50524,0.10044,-0.96853,-0.82968,-0.4532,-0.40259,-0.11516,0.0652,0.45962,0.49813,1.1062,-0.22695,0.28868,-0.53718,-1.13637,0.28302,0.21596,0.27085,-0.25443,-0.08469,0.03694,0.19497
45.74,0.23326,-0.01538,-0.43979,-0.62384,0,0.26074,-0.60817,-0.36327,0.97596,1.25142,-0.24508,0.68327,-4.04326,0.55586,4.81482,-1.07661,8.85584,5.08635,-0.56943,0.2181,-1.25951,-0.91304,-0.7627,-0.42276,-0.18153,0.06547,0.63175,0.41419,0.96403,-0.39505,0.32775,-0.46488,-0.96755,0.20486,0.17374,0.41822,-0.08276,-0.13751,0.01103,0.18322
45.76,0.25161,-0.01141,-0.41124,-0.73887,0,0.2614,-0.66721,-0.3539,1.1742,1.38102,-0.24391,0.80188,-3.82619,1.0695,3.50322,-1.46697,5.81644,3.56723,-0.55,0.3345,-1.54309,-0.98717,-1.04368,-0.43458,-0.23198,0.06545,0.75978,0.34516,0.81741,-0.51388,0.3498,-0.39327,-0.80103,0.14463,0.14612,0.54306,0.05714,-0.18159,-0.01379,0.16683
45.78,0.26512,-0.00677,-0.38453,-0.8023,0,0.25114,-0.71143,-0.34339,1.32707,1.48232,-0.23135,0.89785,-3.59857,1.4894,2.2214,-1.84554,3.00618,2.42412,-0.44982,0.43563,-1.80278,-1.04322,-1.27666,-0.43466,-0.26136,0.06499,0.83615,0.28864,0.66449,-0.57951,0.35957,-0.3248,-0.64081,0.10089,0.13036,0.63682,0.16535,-0.21664,-0.03705,0.14483
45.8,0.2725,-0.0019,-0.35969,-0.809,0,0.2333,-0.73776,-0.33474,1.42443,1.54914,-0.20869,0.96451,-3.37364,1.77668,1.04017,-2.15572,0.41775,1.61848,-0.27728,0.50897,-2.02157,-1.07273,-1.44438,-0.41952,-0.26596,0.06373,0.85589,0.2419,0.50236,-0.59045,0.3621,-0.26121,-0.48989,0.07124,0.12362,0.69281,0.24373,-0.24261,-0.05835,0.11632
45.82,0.27279,0.00273,-0.33655,-0.75736,0,0.21097,-0.74381,-0.33008,1.45927,1.57581,-0.17777,0.99555,-3.16366,1.90018,0.01828,-2.34368,-1.95038,1.09584,-0.04508,0.54454,-2.18296,-1.06872,-1.53334,-0.38616,-0.24413,0.06117,0.81717,0.20227,0.32835,-0.54786,0.36249,-0.20367,-0.35102,0.05274,0.12311,0.70663,0.29543,-0.2596,-0.0774,0.08085
45.84,0.26551,0.00672,-0.3148,-0.64973,0,0.18695,-0.72819,-0.33062,1.4283,1.55786,-0.14104,0.98548,-2.9792,1.83962,-0.80089,-2.36339,-4.09056,0.79641,0.23142,0.53561,-2.27188,-1.02648,-1.53502,-0.33261,-0.19672,0.05667,0.72173,0.16756,0.14144,-0.4557,0.36561,-0.15296,-0.22737,0.04229,0.12611,0.67665,0.32428,-0.26783,-0.09394,0.03862
45.86,0.25062,0.00967,-0.29402,-0.49264,0,0.16378,-0.69074,-0.33665,1.33228,1.49277,-0.10157,0.93027,-2.82848,1.58816,-1.39172,-2.18121,-5.98768,0.66428,0.53606,0.47917,-2.27557,-0.94425,-1.44674,-0.25848,-0.12722,0.04967,0.57509,0.13617,-0.05652,-0.32081,0.37595,-0.10961,-0.12299,0.03696,0.12996,0.60436,0.3343,-0.26755,-0.10773,-0.00936
45.88,0.22867,0.01124,-0.27379,-0.29668,0,0.14387,-0.63267,-0.34776,1.1759,1.38058,-0.06299,0.82793,-2.71672,1.15402,-1.74747,-1.77971,-7.62387,0.65423,0.85368,0.37607,-2.18446,-0.82355,-1.27221,-0.16527,-0.04165,0.03971,0.38655,0.10714,-0.2599,-0.15285,0.39744,-0.07399,-0.04306,0.03436,0.13196,0.49461,0.32919,-0.25903,-0.11849,-0.06123
45.9,0.20072,0.01112,-0.25369,-0.07607,0,0.12948,-0.55662,-0.36296,0.96758,1.22425,-0.02933,0.67904,-2.64591,0.56065,-1.88014,-1.15997,-8.98302,0.73511,1.17115,0.23086,-1.99301,-0.66927,-1.02144,-0.05654,0.05185,0.02665,0.16891,0.08015,-0.45907,0.03601,0.43329,-0.04638,0.00624,0.03282,0.12941,0.35553,0.31203,-0.2426,-0.1259,-0.11444
45.92,0.16828,0.00905,-0.2334,0.1523,0,0.12274,-0.46654,-0.38086,0.71883,1.02978,-0.0048,0.48702,-2.61485,-0.15486,-1.81853,-0.34183,-10.05258,0.8891,1.47745,0.05124,-1.70038,-0.48932,-0.71,0.06228,0.14386,0.01066,-0.06235,0.05542,-0.64089,0.23176,0.48574,-0.02701,0.01821,0.03141,0.11966,0.19811,0.2852,-0.21868,-0.12959,-0.16597
45.94,0.1332,0.00487,-0.21272,0.37028,0,0.12547,-0.36733,-0.39982,0.4433,0.8058,0.00657,0.25801,-2.61951,-0.94548,-1.60449,0.63845,-10.82161,1.1068,1.76266,-0.15282,-1.31079,-0.29392,-0.35736,0.18451,0.22478,-0.00773,-0.29026,0.03357,-0.79021,0.41952,0.55571,-0.01598,-0.01337,0.02989,0.10042,0.0352,0.25043,-0.18782,-0.1292,-0.21263
45.96,0.09747,-0.00145,-0.19158,0.56032,0,0.13888,-0.26437,-0.418,0.15569,0.56294,0.00135,0.00049,-2.65369,-1.75938,-1.28809,1.73245,-11.27586,1.3796,2.01611,-0.37029,-0.8336,-0.09442,0.01524,0.30305,0.28615,-0.02766,-0.49801,0.01548,-0.89198,0.58497,0.64251,-0.01328,-0.09303,0.02845,0.07003,-0.11977,0.2091,-0.15082,-0.12448,-0.2515
45.98,0.06299,-0.00981,-0.17004,0.70731,0,0.16328,-0.163,-0.43339,-0.12955,0.31287,-0.02282,-0.2754,-2.70977,-2.54569,-0.92215,2.88491,-11.39197,1.69111,2.22445,-0.59029,-0.28305,0.09779,0.38718,0.41135,0.32197,-0.04807,-0.67064,0.00216,-0.9337,0.71574,0.7435,-0.01862,-0.22233,0.02744,0.02792,-0.25434,0.16256,-0.10871,-0.11534,-0.28025
46,0.03142,-0.01989,-0.14833,0.80025,0,0.19782,-0.06798,-0.44392,-0.39932,0.06757,-0.06694,-0.55865,-2.77944,-3.25976,-0.55741,4.0391,-11.13305,2.01021,2.37002,-0.80329,0.32229,0.27241,0.74055,0.50425,0.32961,-0.06778,-0.79662,-0.00544,-0.90768,0.80273,0.85401,-0.03135,-0.3987,0.02712,-0.02511,-0.35837,0.11244,-0.06287,-0.10197,-0.29751
46.02,0.00407,-0.03119,-0.12679,0.83323,0,0.24038,0.01676,-0.44744,-0.64278,-0.16152,-0.13035,-0.83816,-2.85415,-3.86679,-0.23863,5.14122,-10.44735,2.28775,2.43033,-1.00182,0.96066,0.42096,1.06155,0.57862,0.31017,-0.08562,-0.86884,-0.00655,-0.81258,0.84096,0.96746,-0.05044,-0.61481,0.02746,-0.08674,-0.42505,0.06088,-0.01504,-0.08485,-0.30292
46.04,-0.01821,-0.04304,-0.1059,0.80578,0,0.28757,0.08833,-0.44185,-0.85199,-0.36402,-0.21082,-1.10362,-2.92512,-4.34359,-0.00209,6.14359,-9.27154,2.458,2.37882,-1.18092,1.60865,0.53722,1.34107,0.63348,0.26817,-0.10058,-0.88504,-0.00069,-0.654,0.8299,1.07574,-0.07437,-0.8585,0.02807,-0.15318,-0.45147,0.01058,0.03279,-0.06483,-0.29707
46.06,-0.03498,-0.05462,-0.0862,0.72241,0,0.33504,0.1449,-0.42515,-1.02227,-0.53118,-0.30465,-1.34625,-2.98313,-4.67863,0.12577,7.00656,-7.53896,2.44485,2.18723,-1.3381,2.24326,0.61729,1.57459,0.66992,0.21062,-0.11189,-0.84764,0.01221,-0.4441,0.77331,1.16993,-0.10115,-1.11346,0.0282,-0.2194,-0.4387,-0.03532,0.07843,-0.04299,-0.28129
46.08,-0.04619,-0.06508,-0.06825,0.59181,0,0.3778,0.18563,-0.39561,-1.1523,-0.65622,-0.40702,-1.55946,-3.01817,-4.8709,0.12876,7.69948,-5.19334,2.17182,1.82952,-1.47309,2.84385,0.65951,1.76147,0.69069,0.14585,-0.11914,-0.76316,0.03174,-0.20041,0.67862,1.24109,-0.12843,-1.36028,0.02683,-0.27967,-0.39148,-0.07347,0.11965,-0.02063,-0.25729
46.1,-0.0521,-0.07356,-0.05263,0.42565,0,0.41073,0.21049,-0.35195,-1.24387,-0.7347,-0.51234,-1.73921,-3.01924,-4.92801,0.0007,8.20058,-2.20699,1.57437,1.28709,-1.58719,3.39374,0.66424,1.90389,0.69964,0.08232,-0.12232,-0.6413,0.05699,0.05592,0.55618,1.28117,-0.15355,-1.57806,0.02286,-0.32799,-0.31751,-0.10061,0.15434,0.00087,-0.22687
46.12,-0.0532,-0.07929,-0.0399,0.23727,0,0.42903,0.22019,-0.29347,-1.30133,-0.76475,-0.61465,-1.88392,-2.97428,-4.86385,-0.25516,8.49574,1.3981,0.61299,0.55484,-1.68251,3.88075,0.63367,2.00558,0.70117,0.02774,-0.12179,-0.49386,0.08662,0.30234,0.41807,1.2838,-0.17381,-1.74616,0.01521,-0.35876,-0.22656,-0.11383,0.18062,0.02016,-0.19166
46.14,-0.05013,-0.08167,-0.03054,0.04028,0,0.42878,0.21599,-0.22024,-1.33065,-0.74714,-0.70797,-1.99394,-2.8704,-4.69587,-0.62701,8.5764,5.52907,-0.71464,-0.3527,-1.76088,4.2969,0.57154,2.07037,0.6995,-0.01149,-0.11821,-0.33343,0.11901,0.51753,0.27694,1.2448,-0.18663,-1.84607,0.00299,-0.36727,-0.12916,-0.11094,0.197,0.03608,-0.153
46.16,-0.04359,-0.0803,-0.02496,-0.15278,0,0.40736,0.19965,-0.13325,-1.33821,-0.6854,-0.78671,-2.07069,-2.69448,-4.44258,-1.09551,8.43721,10.00505,-2.36403,-1.39635,-1.82287,4.63718,0.483,2.10098,0.69814,-0.03049,-0.11243,-0.17209,0.15235,0.68398,0.14464,1.16258,-0.1899,-1.86338,-0.01435,-0.35034,-0.0353,-0.09063,0.20247,0.04778,-0.11187
46.18,-0.0343,-0.07503,-0.02346,-0.33161,0,0.3639,0.17326,-0.03449,-1.32979,-0.58567,-0.84595,-2.11579,-2.43437,-4.12151,-1.63493,8.07452,14.54912,-4.23885,-2.50976,-1.867,4.89809,0.3745,2.09807,0.69939,-0.02586,-0.10528,-0.02023,0.18494,0.79049,0.03102,1.03838,-0.18224,-1.78948,-0.03693,-0.30668,0.04687,-0.05278,0.19661,0.05484,-0.06895
46.2,-0.02292,-0.06601,-0.02624,-0.4889,0,0.29948,0.13928,0.07295,-1.30961,-0.45654,-0.88172,-2.13028,-2.08065,-3.74796,-2.2143,7.48631,18.79574,-6.19271,-3.60129,-1.88944,5.07635,0.25371,2.06004,0.70414,0.00431,-0.09752,0.11434,0.21529,0.83374,-0.057,0.87632,-0.1632,-1.6228,-0.06433,-0.2373,0.11198,0.00143,0.1796,0.05732,-0.02473
46.22,-0.01006,-0.05366,-0.03335,-0.62055,0,0.21722,0.10037,0.18486,-1.27994,-0.30851,-0.89127,-2.11423,-1.6288,-3.33458,-2.79876,6.67381,22.31809,-8.0399,-4.56154,-1.88434,5.16785,0.12953,1.98343,0.71184,0.06045,-0.08968,0.22673,0.24219,0.81887,-0.11583,0.68338,-0.13338,-1.36929,-0.09554,-0.14548,0.15801,0.06941,0.15231,0.05573,0.02031
46.24,0.00372,-0.03866,-0.04471,-0.72541,0,0.12211,0.0593,0.29602,-1.24102,-0.15324,-0.87303,-2.06661,-1.08161,-2.89158,-3.35119,5.64456,24.67643,-9.57533,-5.27682,-1.84473,5.16711,0.01186,1.864,0.72079,0.14136,-0.08209,0.31494,0.26477,0.75874,-0.14523,0.469,-0.09436,-1.04183,-0.12898,-0.03665,0.1861,0.1472,0.11624,0.05097,0.06557
46.26,0.01791,-0.02189,-0.0601,-0.80458,0,0.02058,0.01882,0.40041,-1.19147,-0.00253,-0.82671,-1.98557,-0.4513,-2.42757,-3.83411,4.4164,25.48181,-10.60158,-5.64671,-1.76396,5.06745,-0.0887,1.69836,0.72856,0.24399,-0.07488,0.37934,0.28239,0.67198,-0.14783,0.24457,-0.0485,-0.65893,-0.16248,0.08208,0.20013,0.2296,0.07342,0.04416,0.11014
46.28,0.03201,-0.00436,-0.07916,-0.86051,0,-0.08005,-0.01851,0.49155,-1.12894,0.13279,-0.75329,-1.8691,0.23892,-1.95055,-4.21201,3.02145,24.46365,-10.95821,-5.60227,-1.63728,4.86196,-0.16145,1.48564,0.73255,0.36323,-0.06802,0.422,0.29456,0.58054,-0.1284,0.02278,0.00127,-0.24283,-0.19347,0.20255,0.20573,0.31046,0.02633,0.03642,0.15278
46.3,0.04555,0.01286,-0.10141,-0.89624,0,-0.17221,-0.05051,0.56293,-1.05095,0.24385,-0.6551,-1.71586,0.95465,-1.46896,-4.45385,1.50866,21.52585,-10.54744,-5.12022,-1.46337,4.54509,-0.19644,1.22909,0.73046,0.49187,-0.06142,0.44593,0.30087,0.50677,-0.093,-0.18319,0.05176,0.18236,-0.21911,0.31623,0.20933,0.38309,-0.02222,0.02877,0.19184
46.32,0.05803,0.02872,-0.12625,-0.91471,0,-0.24865,-0.07548,0.6086,-0.95559,0.32453,-0.53585,-1.52608,1.65198,-0.9922,-4.53542,-0.05642,16.77733,-9.3505,-4.2292,-1.24519,4.1147,-0.18573,0.93675,0.72063,0.62095,-0.05496,0.45441,0.30095,0.47085,-0.04816,-0.36045,0.09975,0.59253,-0.2366,0.41489,0.21713,0.44082,-0.06929,0.02198,0.22545
46.34,0.06895,0.04224,-0.15295,-0.91844,0,-0.30306,-0.09237,0.6237,-0.84207,0.37186,-0.4008,-1.30225,2.28134,-0.53059,-4.44155,-1.59548,10.52972,-7.43177,-3.00636,-0.99015,3.57412,-0.12488,0.6213,0.7021,0.74036,-0.04854,0.45049,0.29452,0.4884,-0.00016,-0.49731,0.14221,0.96512,-0.2435,0.49129,0.23418,0.47764,-0.11194,0.01654,0.25164
46.36,0.07781,0.05257,-0.18074,-0.90945,0,-0.33061,-0.10079,0.60515,-0.71105,0.38619,-0.25666,-1.04967,2.79307,-0.09456,-4.16795,-3.02446,3.26485,-4.93146,-1.56549,-0.70938,2.93398,-0.01443,0.29889,0.6745,0.8399,-0.04209,0.43665,0.28139,0.56864,0.04567,-0.5842,0.17648,1.28052,-0.23809,0.53981,0.26369,0.48892,-0.14742,0.01271,0.26869
46.38,0.08415,0.05904,-0.20878,-0.88941,0,-0.32842,-0.10111,0.55215,-0.56477,0.37091,-0.11155,-0.77658,3.14382,0.30639,-3.72278,-4.2624,-4.41847,-2.04992,-0.04027,-0.41661,2.21346,0.13886,-0.01262,0.63789,0.91045,-0.03558,0.41471,0.26164,0.7131,0.08533,-0.61451,0.20038,1.5231,-0.21971,0.5569,0.3066,0.47213,-0.17341,0.01055,0.2754
46.4,0.08762,0.0612,-0.23624,-0.85996,0,-0.29584,-0.09433,0.46665,-0.40696,0.33202,0.0253,-0.49399,3.30251,0.66477,-3.12751,-5.24018,-11.86767,0.9732,1.4332,-0.1266,1.44052,0.32161,-0.29574,0.59254,0.94516,-0.029,0.38584,0.23568,0.91503,0.11648,-0.58534,0.21238,1.68201,-0.189,0.54152,0.36146,0.42724,-0.18821,0.00997,0.27137
46.42,0.08796,0.05889,-0.26231,-0.82297,0,-0.23457,-0.08203,0.3534,-0.24255,0.27731,0.14414,-0.21484,3.25453,0.97579,-2.41656,-5.90775,-18.44119,3.88254,2.73138,0.14649,0.65056,0.51456,-0.5354,0.53886,0.94035,-0.02234,0.35069,0.20437,1.15956,0.13851,-0.49787,0.21172,1.75151,-0.14793,0.49516,0.42477,0.35691,-0.19088,0.01082,0.2571
46.44,0.08507,0.05224,-0.28623,-0.78072,0,-0.14853,-0.06605,0.21961,-0.07718,0.21523,0.23552,0.04732,3.00373,1.2377,-1.63547,-6.23875,-23.56976,6.43186,3.75427,0.39071,-0.1167,0.69465,-0.72083,0.47745,0.89605,-0.01559,0.30958,0.169,1.42483,0.15239,-0.35736,0.19845,1.73085,-0.09963,0.42174,0.49165,0.26618,-0.18136,0.0129,0.23398
46.46,0.07905,0.04168,-0.30737,-0.73592,0,-0.04347,-0.04828,0.07437,0.08342,0.15378,0.29135,0.28012,2.57205,1.45163,-0.83757,-6.23264,-26.81123,8.40856,4.43197,0.5978,-0.8218,0.83808,-0.84701,0.40917,0.81611,-0.00874,0.26273,0.13127,1.68376,0.1604,-0.17276,0.1735,1.62395,-0.04799,0.32711,0.55676,0.16186,-0.16054,0.01594,0.20411
46.48,0.07016,0.02793,-0.32518,-0.69167,0,0.07351,-0.0303,-0.07224,0.23412,0.09928,0.30604,0.47404,1.99735,1.62109,-0.07964,-5.91448,-27.89557,9.65565,4.72797,0.76425,-1.43036,0.9239,-0.91551,0.33534,0.70789,-0.00178,0.21046,0.09319,1.90655,0.16567,0.04391,0.13872,1.43887,0.00282,0.21855,0.61531,0.05166,-0.13024,0.01961,0.17
46.5,0.05887,0.01201,-0.33929,-0.65121,0,0.19454,-0.01324,-0.2101,0.3708,0.05564,0.27738,0.62374,1.32981,1.75113,0.58306,-5.33248,-26.75521,10.08857,4.63964,0.89153,-1.91719,0.93721,-0.93442,0.25782,0.5816,0.0053,0.1534,0.05689,2.06342,0.17174,0.27841,0.0968,1.1873,0.04881,0.10409,0.66382,-0.05661,-0.09307,0.02352,0.13434
46.52,0.04581,-0.00489,-0.34953,-0.61761,0,0.31161,0.00239,-0.3299,0.49063,0.02402,0.20699,0.7284,0.62705,1.84729,1.10207,-4.55308,-23.53494,9.70385,4.19658,0.98548,-2.26857,0.87138,-0.91704,0.17911,0.44924,0.01242,0.09251,0.02448,2.12756,0.18203,0.51538,0.05113,0.88396,0.08659,-0.00813,0.70047,-0.1558,-0.05228,0.02723,0.0997
46.54,0.03171,-0.0215,-0.35586,-0.59324,0,0.4172,0.01662,-0.42396,0.59197,0.00311,0.10026,0.79118,-0.05173,1.91437,1.44093,-3.65363,-18.57885,8.57853,3.45702,1.05464,-2.48239,0.72891,-0.8795,0.10215,0.32304,0.01943,0.02916,-0.00222,2.07784,0.19933,0.73948,0.00551,0.54592,0.11363,-0.1105,0.72503,-0.24001,-0.01137,0.03029,0.06833
46.56,0.0173,-0.03658,-0.35845,-0.57929,0,0.50482,0.02981,-0.48685,0.67409,-0.01006,-0.03422,0.81787,-0.65221,1.95514,1.57996,-2.71364,-12.39631,6.86106,2.50264,1.10797,-2.5664,0.52092,-0.83758,0.03006,0.21382,0.02606,-0.03505,-0.02184,1.90144,0.22534,0.93666,-0.03625,0.19176,0.12844,-0.1965,0.73824,-0.30492,0.02628,0.03233,0.04201
46.58,0.00325,-0.0491,-0.35758,-0.57532,0,0.56957,0.04247,-0.51584,0.73684,-0.01918,-0.1856,0.8152,-1.13087,1.96952,1.5197,-1.80595,-5.6123,4.7555,1.432,1.15245,-2.53549,0.26568,-0.80352,-0.03415,0.12936,0.03185,-0.0984,-0.03368,1.59591,0.26038,1.09529,-0.07074,-0.15933,0.1306,-0.2612,0.74122,-0.34811,0.05787,0.03313,0.02189
46.6,-0.0099,-0.05831,-0.35365,-0.57911,0,0.60839,0.055,-0.51104,0.78028,-0.02757,-0.34182,0.78935,-1.45974,1.95428,1.28224,-0.98937,1.09346,2.50077,0.35263,1.19118,-2.40862,-0.01361,-0.78362,-0.08786,0.07323,0.03622,-0.15916,-0.03761,1.17049,0.30319,1.20705,-0.09533,-0.48865,0.12072,-0.30151,0.73486,-0.36899,0.08145,0.03265,0.0085
46.62,-0.02177,-0.0638,-0.34719,-0.58681,0,0.62012,0.06746,-0.47514,0.80456,-0.03734,-0.49075,0.74499,-1.62875,1.90346,0.90932,-0.304,7.05502,0.34588,-0.62858,1.22254,-2.20627,-0.29149,-0.77728,-0.12901,0.04439,0.03846,-0.21573,-0.034,0.64612,0.35106,1.26723,-0.10851,-0.77904,0.1003,-0.3162,0.71948,-0.36877,0.0962,0.03103,0.00174
46.64,-0.03216,-0.06552,-0.33873,-0.59347,0,0.60527,0.0795,-0.41283,0.8099,-0.04893,-0.62127,0.68498,-1.6456,1.80959,0.45706,0.23041,11.69306,-1.47758,-1.4164,1.2405,-1.94842,-0.54314,-0.7777,-0.15609,0.03751,0.03787,-0.26659,-0.0233,0.05401,0.40014,1.2745,-0.11009,-1.01623,0.07154,-0.30565,0.6949,-0.35012,0.10231,0.02857,0.00089
46.66,-0.04099,-0.06367,-0.32883,-0.59393,0,0.56555,0.09028,-0.32987,0.7968,-0.0609,-0.72425,0.61083,-1.53335,1.6655,-0.01198,0.61336,14.58575,-2.78334,-1.93885,1.23605,-1.65338,-0.74724,-0.77406,-0.16806,0.04419,0.03385,-0.31037,-0.00563,-0.56712,0.44604,1.23031,-0.10121,-1.19003,0.03704,-0.27142,0.66075,-0.31677,0.10093,0.02561,0.00479
46.68,-0.04829,-0.05867,-0.31797,-0.5837,0,0.50338,0.09859,-0.2322,0.76627,-0.07018,-0.7933,0.52347,-1.32641,1.46643,-0.43788,0.86041,15.5276,-3.45503,-2.15727,1.1993,-1.33735,-0.88851,-0.75447,-0.16425,0.05442,0.02606,-0.34579,0.01957,-1.17469,0.48444,1.13812,-0.08424,-1.2954,-0.00041,-0.21579,0.61701,-0.27309,0.09383,0.02247,0.01193
46.7,-0.05408,-0.05099,-0.30653,-0.55988,0,0.42152,0.10293,-0.12516,0.72011,-0.07251,-0.82529,0.42422,-1.06563,1.21192,-0.77179,0.99865,14.56338,-3.46251,-2.07272,1.12183,-1.01446,-0.95932,-0.70896,-0.14429,0.05836,0.0145,-0.37172,0.05372,-1.7262,0.5118,1.0028,-0.06257,-1.33292,-0.03814,-0.14137,0.56447,-0.22362,0.08311,0.01933,0.02064
46.72,-0.05838,-0.04117,-0.29479,-0.52164,0,0.32285,0.10168,-0.01302,0.66098,-0.06314,-0.8204,0.31548,-0.79311,0.90719,-0.98217,1.06159,11.98551,-2.866,-1.72633,0.99864,-0.69702,-0.96016,-0.63181,-0.10822,0.0478,-0.00041,-0.38724,0.09878,-2.18312,0.52584,0.8302,-0.0402,-1.30836,-0.07373,-0.05095,0.505,-0.17273,0.07088,0.01621,0.0293
46.74,-0.06113,-0.02973,-0.28287,-0.47035,0,0.21035,0.09334,0.10103,0.59225,-0.03776,-0.78176,0.2011,-0.54698,0.5635,-1.05797,1.08386,8.29099,-1.80619,-1.19285,0.82953,-0.39582,-0.89877,-0.52286,-0.05662,0.01742,-0.01781,-0.39181,0.1567,-2.51442,0.52581,0.62721,-0.02116,-1.23145,-0.1052,0.05248,0.44149,-0.12428,0.05903,0.01299,0.0365
46.76,-0.06224,-0.01718,-0.27071,-0.40932,0,0.08737,0.07674,0.21462,0.51769,0.0066,-0.71474,0.08633,-0.35674,0.19756,-1.00884,1.09618,4.10498,-0.48234,-0.5687,0.61971,-0.12024,-0.78818,-0.38757,0.00899,-0.03451,-0.03657,-0.38547,0.22848,-2.69949,0.51265,0.40183,-0.0089,-1.11387,-0.13104,0.16551,0.37752,-0.08135,0.04895,0.00951,0.0413
46.78,-0.06153,-0.00404,-0.25814,-0.3432,0,-0.04219,0.05126,0.32572,0.44104,0.07064,-0.626,-0.02264,-0.23956,-0.16979,-0.86267,1.12129,0.08631,0.87732,0.04324,0.37975,0.12161,-0.64431,-0.2363,0.08592,-0.10586,-0.05527,-0.36899,0.31327,-2.73028,0.48888,0.16354,-0.00573,-0.96721,-0.15032,0.28405,0.31682,-0.0461,0.04146,0.00557,0.04333
46.8,-0.05885,0.00917,-0.24488,-0.27738,0,-0.17359,0.01714,0.43212,0.36566,0.15206,-0.52267,-0.11917,-0.19827,-0.51564,-0.66101,1.17119,-3.1672,2.04772,0.54876,0.12495,0.32295,-0.48345,-0.08285,0.17002,-0.19089,-0.07248,-0.34407,0.40774,-2.6121,0.45833,-0.07652,-0.01239,-0.80138,-0.16273,0.4031,0.26276,-0.0196,0.03671,0.00113,0.04283
46.82,-0.05408,0.02183,-0.23059,-0.21724,0,-0.30115,-0.02443,0.53098,0.29428,0.24525,-0.41149,-0.19688,-0.22138,-0.81744,-0.45271,1.24617,-5.19876,2.83729,0.87519,-0.12595,0.4784,-0.32023,0.05753,0.25572,-0.28109,-0.08676,-0.31334,0.50592,-2.36275,0.42577,-0.30574,-0.02792,-0.62391,-0.16857,0.51669,0.218,-0.00189,0.03425,-0.00371,0.04056
46.84,-0.04726,0.03332,-0.21499,-0.16757,0,-0.4184,-0.07113,0.61859,0.22891,0.34139,-0.29825,-0.25029,-0.28534,-1.05576,-0.28639,1.33564,-5.74875,3.1136,0.98019,-0.35259,0.58406,-0.16623,0.17032,0.33621,-0.36656,-0.0969,-0.28022,0.59972,-2.00977,0.39637,-0.51058,-0.04988,-0.44024,-0.16875,0.61812,0.1842,0.00803,0.03318,-0.00862,0.03759
46.86,-0.03866,0.04295,-0.19792,-0.13196,0,-0.51843,-0.11957,0.69033,0.17083,0.42902,-0.18732,-0.27547,-0.35867,-1.21709,-0.20249,1.42071,-4.78373,2.82207,0.85626,-0.53525,0.63773,-0.02928,0.24397,0.404,-0.43769,-0.10193,-0.24865,0.67993,-1.58628,0.37507,-0.67763,-0.07479,-0.2548,-0.16478,0.70042,0.16196,0.01198,0.03232,-0.01312,0.03492
46.88,-0.02883,0.05003,-0.1794,-0.11237,0,-0.59447,-0.16538,0.741,0.12075,0.495,-0.08149,-0.2706,-0.4071,-1.29618,-0.22631,1.4778,-2.49794,1.9959,0.53072,-0.65705,0.63913,0.08666,0.27191,0.45159,-0.48686,-0.10127,-0.22277,0.73761,-1.12651,0.36596,-0.79488,-0.09883,-0.07251,-0.15864,0.75694,0.15086,0.01239,0.03051,-0.01658,0.0332
46.9,-0.01863,0.05392,-0.15972,-0.10884,0,-0.64054,-0.2035,0.76521,0.0789,0.5258,0.01795,-0.2363,-0.39893,-1.2974,-0.36334,1.48276,0.7135,0.75497,0.0614,-0.706,0.59021,0.18103,0.2538,0.47224,-0.50979,-0.09476,-0.20646,0.7654,-0.66176,0.37183,-0.85303,-0.11852,0.09998,-0.15263,0.78212,0.14951,0.01195,0.02681,-0.01836,0.03249
46.92,-0.0092,0.05409,-0.13944,-0.11939,0,-0.65206,-0.22864,0.75805,0.04513,0.50891,0.11084,-0.17581,-0.30967,-1.23443,-0.5981,1.4149,4.30996,-0.70861,-0.47196,-0.67628,0.49533,0.2559,0.19585,0.46077,-0.50619,-0.08266,-0.20311,0.75863,-0.21762,0.39386,-0.84661,-0.13135,0.25361,-0.14905,0.77213,0.1556,0.01316,0.0207,-0.01789,0.03216
46.94,-0.00181,0.05017,-0.11936,-0.14009,0,-0.62651,-0.23589,0.71585,0.01898,0.43449,0.19763,-0.09486,-0.12566,-1.1284,-0.89699,1.26049,7.6862,-2.15794,-0.98011,-0.5687,0.36137,0.31473,0.10998,0.41422,-0.4796,-0.06566,-0.21522,0.71591,0.1873,0.4316,-0.77464,-0.1362,0.37728,-0.1498,0.72538,0.16595,0.0179,0.0122,-0.0148,0.03108
46.96,0.0023,0.04205,-0.10041,-0.16532,0,-0.56379,-0.22143,0.63692,-0.00041,0.29688,0.27868,-0.0013,0.15373,-1.00447,-1.21445,1.01554,10.26877,-3.3484,-1.37878,-0.39043,0.19771,0.36122,0.01204,0.3324,-0.43649,-0.04476,-0.24427,0.63927,0.54122,0.48313,-0.64102,-0.13359,0.45902,-0.15596,0.64291,0.17651,0.02689,0.0019,-0.00904,0.02795
46.98,0.00213,0.02989,-0.08355,-0.18827,0,-0.46658,-0.18324,0.52222,-0.0143,0.09591,0.35359,0.09557,0.51537,-0.88796,-1.50109,0.68741,11.61142,-4.06757,-1.60286,-0.15412,0.01601,0.39804,-0.08046,0.21823,-0.38491,-0.02121,-0.29053,0.53394,0.83823,0.54536,-0.4544,-0.12566,0.4878,-0.16736,0.5285,0.18246,0.03937,-0.00911,-0.00094,0.02163
47,-0.00291,0.01419,-0.06962,-0.20147,0,-0.34034,-0.12159,0.37576,-0.02439,-0.16227,0.42071,0.18561,0.93318,-0.80049,-1.71203,0.29516,11.47038,-4.17014,-1.61727,0.12346,-0.17023,0.42596,-0.15076,0.07783,-0.33304,0.00358,-0.35304,0.40776,1.0767,0.61453,-0.22778,-0.11592,0.45541,-0.18241,0.38861,0.17844,0.05293,-0.01933,0.00877,0.01158
47.02,-0.01288,-0.00424,-0.05931,-0.19752,0,-0.19304,-0.03927,0.20464,-0.03269,-0.46521,0.477,0.25877,1.37071,-0.7571,-1.81411,-0.13189,9.84276,-3.60101,-1.42209,0.423,-0.34638,0.44335,-0.185,-0.07975,-0.28784,0.02815,-0.42966,0.2703,1.25775,0.68659,0.02247,-0.10865,0.35824,-0.19816,0.23197,0.1589,0.06376,-0.02707,0.01907,-0.00197
47.04,-0.02729,-0.02434,-0.05303,-0.16991,0,-0.03446,0.05865,0.01848,-0.04136,-0.79498,0.51815,0.30591,1.78529,-0.76462,-1.7908,-0.55742,6.96082,-2.4029,-1.05089,0.72458,-0.49768,0.44625,-0.17379,-0.24321,-0.25402,0.05109,-0.51729,0.13176,1.38391,0.75769,0.27795,-0.1081,0.1984,-0.21066,0.06879,0.11873,0.06723,-0.03074,0.02879,-0.01794
47.06,-0.04515,-0.04489,-0.05088,-0.11381,0,0.12481,0.16534,-0.17152,-0.05243,-1.12991,0.53912,0.31979,2.13348,-0.82124,-1.64475,-0.94266,3.2465,-0.70897,-0.56322,1.00954,-0.61051,0.42886,-0.11322,-0.40004,-0.23334,0.07109,-0.61208,0.00172,1.45824,0.82452,0.52001,-0.11752,-0.01572,-0.21562,-0.09024,0.05398,0.05873,-0.02911,0.03685,-0.03457
47.08,-0.06509,-0.06466,-0.05264,-0.02689,0,0.27444,0.27298,-0.35377,-0.0675,-1.44676,0.53492,0.2959,2.37691,-0.9174,-1.39766,-1.2517,-0.76086,1.27653,-0.03328,1.26224,-0.67386,0.38463,-0.00532,-0.53775,-0.22445,0.08709,-0.70974,-0.112,1.4838,0.88465,0.73154,-0.13833,-0.26962,-0.20916,-0.23509,-0.03741,0.03467,-0.0216,0.04254,-0.04965
47.1,-0.08546,-0.0825,-0.0578,0.09016,0,0.40542,0.37363,-0.51745,-0.08746,-1.72308,0.50153,0.23314,2.4875,-1.03759,-1.08773,-1.4563,-4.48857,3.30593,0.46252,1.47125,-0.68058,0.30747,0.14221,-0.64509,-0.22311,0.09824,-0.80589,-0.20419,1.46367,0.93666,0.89857,-0.16952,-0.54349,-0.18852,-0.35737,-0.15491,-0.00675,-0.00846,0.04561,-0.06089
47.12,-0.10458,-0.09744,-0.06559,0.2334,0,0.51075,0.46001,-0.65349,-0.11235,-1.9393,0.43678,0.13429,2.45113,-1.16302,-0.76436,-1.53955,-7.41362,5.12118,0.85695,1.62978,-0.62842,0.1933,0.31679,-0.71312,-0.22297,0.10403,-0.89622,-0.2726,1.4011,0.98012,1.0113,-0.20765,-0.81391,-0.15261,-0.451,-0.29511,-0.06496,0.00921,0.04635,-0.0662
47.14,-0.12082,-0.10876,-0.07504,0.39577,0,0.58589,0.52618,-0.75527,-0.14133,-2.08049,0.34109,0.00594,2.26925,-1.27476,-0.48058,-1.49778,-9.13578,6.4892,1.10111,1.73525,-0.52054,0.04153,0.50248,-0.73606,-0.21678,0.10427,-0.97671,-0.31778,1.29993,1.01532,1.06466,-0.24741,-1.05617,-0.1022,-0.51257,-0.4517,-0.13695,0.02954,0.04546,-0.06409
47.16,-0.1328,-0.11604,-0.08513,0.5677,0,0.6288,0.56806,-0.81896,-0.17277,-2.13757,0.21802,-0.14187,1.95859,-1.35705,-0.2842,-1.34081,-9.43442,7.23609,1.17044,1.7882,-0.36559,-0.14372,0.6819,-0.71182,-0.19779,0.09904,-1.04368,-0.34246,1.16497,1.04287,1.05815,-0.28256,-1.24713,-0.0399,-0.54129,-0.61591,-0.21765,0.05025,0.0438,-0.05382
47.18,-0.13949,-0.11912,-0.09484,0.73795,0,0.63984,0.58372,-0.84365,-0.2045,-2.10808,0.0745,-0.29638,1.54915,-1.40024,-0.20926,-1.09069,-8.30316,7.27519,1.0675,1.79091,-0.17721,-0.35273,0.83827,-0.64231,-0.16128,0.08877,-1.09385,-0.35065,1.0024,1.06319,0.99548,-0.30719,-1.36809,0.03012,-0.53879,-0.77717,-0.30044,0.06889,0.04214,-0.03561
47.2,-0.14029,-0.11816,-0.10323,0.89463,0,0.62146,0.5735,-0.8313,-0.23398,-1.99624,-0.07931,-0.44315,1.08087,-1.40264,-0.26974,-0.77922,-5.95556,6.62296,0.82109,1.74613,0.02698,-0.57013,0.95737,-0.53343,-0.1056,0.07414,-1.12445,-0.34687,0.81993,1.07614,0.88384,-0.31675,-1.40714,0.10263,-0.50863,-0.92414,-0.37803,0.08323,0.0409,-0.01066
47.22,-0.13508,-0.11355,-0.10958,1.02631,0,0.57775,0.53982,-0.78627,-0.25862,-1.81223,-0.23071,-0.56742,0.59932,-1.37067,-0.45703,-0.44421,-2.79601,5.39771,0.48145,1.65606,0.22704,-0.77591,1.02891,-0.39472,-0.0327,0.05613,-1.13318,-0.3353,0.62664,1.08071,0.73307,-0.30881,-1.36045,0.17187,-0.45588,-1.04577,-0.44322,0.09149,0.04005,0.01902
47.24,-0.12411,-0.1059,-0.11337,1.12308,0,0.51395,0.48662,-0.71483,-0.276,-1.57056,-0.36564,-0.65554,0.15035,-1.31726,-0.74186,-0.12494,0.64382,3.79937,0.11193,1.52181,0.40282,-0.94747,1.04737,-0.23852,0.05212,0.03595,-1.11824,-0.3194,0.43232,1.07484,0.55465,-0.28319,-1.23225,0.23224,-0.38644,-1.13252,-0.4897,0.09252,0.0391,0.05084
47.26,-0.10796,-0.09593,-0.11429,1.17755,0,0.43584,0.41871,-0.62432,-0.28407,-1.28789,-0.47024,-0.69667,-0.22541,-1.2587,-1.07998,0.14292,3.79362,2.07411,-0.22184,1.3433,0.5365,-1.06255,1.01208,-0.07891,0.14106,0.01505,-1.07835,-0.30159,0.24654,1.05543,0.36069,-0.24171,-1.03376,0.27903,-0.30649,-1.1774,-0.51276,0.0858,0.03728,0.08206
47.28,-0.08734,-0.08444,-0.11226,1.18566,0,0.34926,0.341,-0.52241,-0.28135,-0.98076,-0.53264,-0.68417,-0.49759,-1.21082,-1.42001,0.33205,6.14071,0.47124,-0.46315,1.11978,0.61498,-1.10243,0.92702,0.06967,0.22513,-0.005,-1.01273,-0.28331,0.07753,1.01862,0.16293,-0.18757,-0.78125,0.30897,-0.2219,-1.17704,-0.50986,0.07145,0.03375,0.11018
47.3,-0.06304,-0.07222,-0.1074,1.14723,0,0.25964,0.25786,-0.4164,-0.26705,-0.66371,-0.54446,-0.6166,-0.64956,-1.18543,-1.71178,0.42698,7.3139,-0.79865,-0.5735,0.85067,0.63154,-1.05483,0.80001,0.19379,0.2955,-0.02256,-0.92129,-0.26512,-0.06862,0.96016,-0.02804,-0.12471,-0.49401,0.32076,-0.13787,-1.13216,-0.48098,0.05012,0.02781,0.13331
47.32,-0.03582,-0.05998,-0.09997,1.06591,0,0.1717,0.17276,-0.31267,-0.24118,-0.34813,-0.50192,-0.49801,-0.67948,-1.18757,-1.91327,0.42557,7.13788,-1.59697,-0.53828,0.53667,0.58655,-0.91568,0.64169,0.28239,0.34463,-0.03608,-0.8047,-0.24697,-0.18853,0.87605,-0.20334,-0.05717,-0.19213,0.3152,-0.05857,-1.04748,-0.42865,0.02292,0.01906,0.15036
47.34,-0.00636,-0.04832,-0.09032,0.94867,0,0.08925,0.08808,-0.21629,-0.20448,-0.04199,-0.40619,-0.3373,-0.59889,-1.21421,-1.99557,0.33835,5.64993,-1.8771,-0.36774,0.18098,0.48678,-0.68967,0.46405,0.32788,0.36719,-0.04432,-0.66457,-0.22845,-0.28149,0.76317,-0.3562,0.01139,0.1054,0.29504,0.01288,-0.93102,-0.35771,-0.0087,0.0075,0.16099
47.36,0.02477,-0.03767,-0.07886,0.80483,0,0.01506,0.00525,-0.13082,-0.1584,0.24969,-0.26323,-0.1469,-0.42906,-1.25428,-1.94532,0.1858,3.08099,-1.68993,-0.09371,-0.20962,0.34369,-0.38952,0.27895,0.32706,0.36054,-0.04651,-0.50349,-0.20909,-0.34908,0.62003,-0.48211,0.0779,0.38229,0.26459,0.07448,-0.79272,-0.27475,-0.04308,-0.00653,0.1655
47.38,0.05703,-0.02827,-0.06593,0.64487,0,-0.04911,-0.07493,-0.05827,-0.10492,0.5239,-0.08312,0.0589,-0.1964,-1.29005,-1.76511,-0.00537,-0.18984,-1.17533,0.23671,-0.62403,0.17123,-0.0344,0.09671,0.2816,0.32489,-0.04253,-0.32513,-0.18856,-0.39449,0.44737,-0.57886,0.14005,0.62619,0.22912,0.1252,-0.64295,-0.18737,-0.07846,-0.02242,0.16455
47.4,0.08992,-0.02017,-0.05183,0.47932,0,-0.10248,-0.15195,0.00084,-0.04649,0.77848,0.12101,0.26568,0.07214,-1.29941,-1.47189,-0.20643,-3.69638,-0.54046,0.56909,-1.04657,-0.01647,0.35217,-0.07497,0.19802,0.26318,-0.03302,-0.13431,-0.16687,-0.4217,0.24864,-0.64641,0.19617,0.82928,0.19418,0.16484,-0.49123,-0.10337,-0.11306,-0.03938,0.15895
47.42,0.12287,-0.01325,-0.03676,0.31789,0,-0.14513,-0.22522,0.0472,0.0142,1.01104,0.33424,0.46036,0.35264,-1.259,-1.09362,-0.39034,-6.95324,-0.02594,0.84998,-1.45752,-0.20692,0.74454,-0.23136,0.08685,0.18066,-0.01931,0.06307,-0.14442,-0.43484,0.03009,-0.68666,0.24501,0.98814,0.16499,0.19384,-0.34527,-0.03007,-0.1452,-0.05657,0.14941
47.44,0.15525,-0.00725,-0.02084,0.1688,0,-0.17777,-0.29372,0.08239,0.07436,1.21816,0.54132,0.63221,0.62637,-1.14763,-0.66446,-0.53478,-9.52315,0.13731,1.03472,-1.83452,-0.39042,1.11725,-0.37055,-0.03887,0.0842,-0.00323,0.26022,-0.12194,-0.43753,-0.19951,-0.70306,0.28546,1.10312,0.14588,0.21308,-0.21061,0.0265,-0.17337,-0.07317,0.13647
47.46,0.18624,-0.00186,-0.00409,0.03851,0,-0.20155,-0.35585,0.10848,0.13127,1.39502,0.72814,0.77349,0.8804,-0.94981,-0.21916,-0.62423,-11.07742,-0.22551,1.09393,-2.15472,-0.56054,1.44714,-0.4927,-0.1656,-0.0186,0.01322,0.44978,-0.10039,-0.43251,-0.42963,-0.70012,0.31628,1.17712,0.13977,0.22368,-0.09078,0.06207,-0.1963,-0.08847,0.12046
47.48,0.21493,0.00319,0.01348,-0.06848,0,-0.21789,-0.40936,0.12763,0.18246,1.53547,0.88319,0.8797,1.10717,-0.65879,0.21231,-0.6511,-11.44207,-1.19231,1.01804,-2.39727,-0.71403,1.71528,-0.59905,-0.28149,-0.12028,0.0282,0.62434,-0.08077,-0.42148,-0.64899,-0.68294,0.33578,1.21437,0.14795,0.22685,0.01235,0.07459,-0.21304,-0.10186,0.1016
47.5,0.24023,0.00812,0.03192,-0.14944,0,-0.22825,-0.45148,0.14177,0.22582,1.63255,0.99852,0.94953,1.30323,-0.27845,0.60884,-0.61597,-10.62129,-2.71961,0.81883,-2.54582,-0.85027,1.90825,-0.69096,-0.37809,-0.21432,0.04035,0.77694,-0.06393,-0.40516,-0.84663,-0.65671,0.34183,1.21929,0.16997,0.22379,0.0979,0.06436,-0.22301,-0.1129,0.08007
47.52,0.26105,0.01304,0.05123,-0.2033,0,-0.23401,-0.47919,0.15238,0.25971,1.67935,1.07032,0.98442,1.46753,0.17646,0.9601,-0.52675,-8.79112,-4.64281,0.52737,-2.59033,-0.97038,2.0188,-0.76913,-0.45129,-0.29566,0.049,0.90164,-0.05049,-0.38352,-1.01308,-0.62631,0.33195,1.19577,0.20378,0.21557,0.16548,0.03388,-0.226,-0.12124,0.05618
47.54,0.27629,0.01793,0.07142,-0.23031,0,-0.23638,-0.48963,0.16036,0.28294,1.67009,1.09869,0.98799,1.59964,0.68203,1.26602,-0.39708,-6.26234,-6.70369,0.18841,-2.52807,-1.07619,2.04569,-0.83319,-0.50137,-0.36097,0.05414,0.99405,-0.04078,-0.35631,-1.14123,-0.59589,0.30371,1.1469,0.24619,0.2031,0.21477,-0.01267,-0.22215,-0.12663,0.03044
47.56,0.28507,0.02268,0.09244,-0.23173,0,-0.23634,-0.4806,0.16616,0.29478,1.60146,1.08711,0.96518,1.69822,1.20847,1.53428,-0.24394,-3.41991,-8.59969,-0.148,-2.36385,-1.16913,1.99288,-0.88163,-0.53214,-0.40863,0.05635,1.05182,-0.03483,-0.32347,-1.22716,-0.56855,0.25529,1.07506,0.29336,0.18707,0.24536,-0.07011,-0.21191,-0.12885,0.00364
47.58,0.2868,0.02712,0.11425,-0.20964,0,-0.23457,-0.45104,0.1698,0.29496,1.4737,1.04145,0.92154,1.75994,1.72415,1.77671,-0.08522,-0.65317,-10.04255,-0.43557,-2.10944,-1.2494,1.86848,-0.91215,-0.54958,-0.43859,0.05657,1.075,-0.03242,-0.28575,-1.27064,-0.54611,0.1861,0.98247,0.34149,0.16801,0.25671,-0.13305,-0.19595,-0.12769,-0.02315
47.6,0.28131,0.03105,0.13676,-0.16671,0,-0.23154,-0.4014,0.17114,0.28369,1.29151,0.96906,0.86254,1.77926,2.19956,2.00539,0.06271,1.70739,-10.81145,-0.63958,-1.78264,-1.31544,1.6836,-0.92218,-0.56032,-0.45205,0.05586,1.06619,-0.03322,-0.24497,-1.2752,-0.52907,0.09737,0.87171,0.3873,0.14626,0.24844,-0.1966,-0.17507,-0.12294,-0.04861
47.62,0.26891,0.0343,0.15989,-0.10613,0,-0.22754,-0.33383,0.17004,0.26171,1.06419,0.8778,0.79314,1.74906,2.61022,2.2295,0.18664,3.43389,-10.78821,-0.74157,-1.40555,-1.36397,1.4512,-0.90955,-0.57028,-0.45106,0.05523,1.03028,-0.03679,-0.20413,-1.2477,-0.51673,-0.00746,0.74626,0.42838,0.12206,0.22059,-0.2568,-0.15013,-0.11442,-0.07131
47.64,0.25034,0.03674,0.18357,-0.03165,0,-0.22269,-0.25195,0.16654,0.23036,0.80497,0.77524,0.71751,1.66219,2.93851,2.4532,0.27771,4.4194,-9.96817,-0.74035,-1.00244,-1.39045,1.18497,-0.87318,-0.58357,-0.43813,0.05541,0.97388,-0.04274,-0.16717,-1.19725,-0.50742,-0.12261,0.61079,0.46313,0.09561,0.17404,-0.31077,-0.122,-0.10201,-0.08993
47.66,0.22668,0.0383,0.20769,0.05247,0,-0.21708,-0.16049,0.16101,0.1917,0.52969,0.66806,0.63898,1.51353,3.17406,2.67479,0.33172,4.67241,-8.44883,-0.64948,-0.59728,-1.38998,0.89852,-0.81365,-0.60187,-0.41581,0.05676,0.90439,-0.05074,-0.13843,-1.13376,-0.49892,-0.24019,0.47118,0.49072,0.06709,0.11094,-0.35665,-0.09143,-0.08579,-0.10351
47.68,0.1992,0.03898,0.23214,0.14138,0,-0.21077,-0.0647,0.15425,0.1485,0.25509,0.56159,0.56009,1.30221,3.31353,2.88703,0.34907,4.29453,-6.40346,-0.49266,-0.21134,-1.35842,0.60458,-0.73364,-0.62415,-0.38637,0.05925,0.82899,-0.06056,-0.12204,-1.06641,-0.48887,-0.35064,0.33438,0.51068,0.03677,0.03491,-0.39337,-0.05904,-0.06604,-0.11166
47.7,0.16922,0.03883,0.2568,0.22972,0,-0.20387,0.03019,0.14746,0.10425,-0.00293,0.45969,0.48279,1.03343,3.3597,3.07835,0.3341,3.44949,-4.04822,-0.2984,0.13863,-1.2935,0.31468,-0.63802,-0.64692,-0.35161,0.06249,0.75384,-0.07211,-0.12133,-1.00242,-0.47517,-0.44334,0.20802,0.52273,0.00502,-0.04879,-0.42041,-0.02529,-0.04336,-0.11475
47.72,0.13804,0.03797,0.28152,0.31179,0,-0.19658,0.11946,0.14217,0.06292,-0.23073,0.36474,0.4086,0.71902,3.32021,3.23472,0.29425,2.33042,-1.60979,-0.09508,0.44129,-1.19545,0.03897,-0.53356,-0.6647,-0.31278,0.06574,0.68352,-0.08542,-0.13847,-0.94633,-0.45621,-0.50743,0.1,0.5266,-0.02765,-0.13359,-0.43765,0.00951,-0.01862,-0.11387
47.74,0.10679,0.03656,0.30607,0.38189,0,-0.18917,0.19925,0.14005,0.02866,-0.41803,0.27788,0.33881,0.37685,3.20609,3.34174,0.23887,1.1298,0.70238,0.09274,0.69074,-1.06725,-0.21376,-0.42809,-0.67097,-0.27073,0.06808,0.62084,-0.10056,-0.17432,-0.89986,-0.43098,-0.5327,0.01788,0.52194,-0.06056,-0.21215,-0.4453,0.0451,0.00711,-0.11072
47.76,0.07641,0.03478,0.33013,0.43483,0,-0.18192,0.26678,0.14261,0.00524,-0.5585,0.19928,0.2745,0.02884,3.03023,3.38693,0.17793,0.01484,2.71713,0.24672,0.88576,-0.91437,-0.43594,-0.32942,-0.65916,-0.22607,0.06857,0.56696,-0.11759,-0.22849,-0.86236,-0.39903,-0.51068,-0.03178,0.50853,-0.09294,-0.2773,-0.44398,0.08124,0.03268,-0.10726
47.78,0.04764,0.0328,0.3533,0.4664,0,-0.17511,0.32043,0.15096,-0.00438,-0.65007,0.12855,0.21664,-0.30161,2.80616,3.36186,0.12085,-0.89005,4.31532,0.35585,1.02856,-0.74417,-0.62124,-0.24405,-0.62382,-0.17942,0.06636,0.52177,-0.13649,-0.29956,-0.83164,-0.36034,-0.4358,-0.04417,0.48638,-0.12392,-0.32294,-0.43485,0.11759,0.05699,-0.10541
47.8,0.02097,0.03082,0.37506,0.47391,0,-0.16896,0.35974,0.16554,0.00147,-0.69466,0.065,0.16605,-0.59242,2.54709,3.26368,0.07543,-1.51287,5.43581,0.41643,1.1236,-0.56514,-0.76462,-0.17625,-0.56158,-0.13166,0.06085,0.48432,-0.1571,-0.38523,-0.80488,-0.31525,-0.30654,-0.01686,0.45607,-0.15261,-0.34494,-0.41976,0.15369,0.07916,-0.10669
47.82,-0.00325,0.02898,0.39479,0.45646,0,-0.16358,0.38521,0.18599,0.02291,-0.69769,0.00795,0.12343,-0.82521,2.26529,3.09571,0.04723,-1.83472,6.07367,0.4312,1.17638,-0.38614,-0.86263,-0.1275,-0.47176,-0.08398,0.05182,0.45331,-0.17903,-0.48244,-0.7794,-0.26448,-0.12654,0.04969,0.41881,-0.17816,-0.34159,-0.40119,0.18886,0.09859,-0.11197
47.84,-0.02483,0.02739,0.41182,0.41504,0,-0.15899,0.39807,0.21113,0.05853,-0.66705,-0.04315,0.0893,-0.98706,1.97175,2.86685,0.03926,-1.88256,6.27136,0.4078,1.19276,-0.21555,-0.9139,-0.09653,-0.35657,-0.03794,0.03941,0.42742,-0.20166,-0.58725,-0.75324,-0.20917,0.09465,0.1518,0.37652,-0.19979,-0.31373,-0.38221,0.22228,0.11499,-0.12141
47.86,-0.04363,0.0261,0.42543,0.35244,0,-0.15505,0.39995,0.2391,0.10556,-0.61195,-0.0887,0.0639,-1.07162,1.67596,2.59003,0.05202,-1.71596,6.10515,0.35683,1.17853,-0.06055,-0.91971,-0.07989,-0.22087,0.00476,0.02416,0.40553,-0.22416,-0.69468,-0.72535,-0.15105,0.34121,0.28245,0.33173,-0.21686,-0.26442,-0.3661,0.25304,0.12829,-0.13447
47.88,-0.05955,0.02513,0.43494,0.27293,0,-0.15155,0.39261,0.26752,0.1602,-0.54171,-0.12902,0.04715,-1.07947,1.38593,2.28022,0.08377,-1.41123,5.66957,0.28985,1.13926,0.07357,-0.88448,-0.07277,-0.07165,0.04246,0.00692,0.38685,-0.24547,-0.79847,-0.69565,-0.09248,0.59145,0.43135,0.28743,-0.22892,-0.19844,-0.35609,0.28019,0.13863,-0.15004
47.9,-0.07247,0.02443,0.43977,0.18199,0,-0.14814,0.37767,0.29374,0.21803,-0.46468,-0.16433,0.03853,-1.01788,1.10834,1.95247,0.13093,-1.04629,5.06281,0.2177,1.08041,0.18369,-0.81596,-0.06989,0.08268,0.07378,-0.01121,0.3709,-0.26441,-0.89095,-0.66484,-0.03654,0.81904,0.58521,0.24675,-0.23574,-0.12164,-0.3549,0.30287,0.14618,-0.16664
47.92,-0.08228,0.0239,0.4395,0.08587,0,-0.14443,0.35646,0.31511,0.2745,-0.38761,-0.19489,0.03709,-0.89974,0.84866,1.62026,0.18853,-0.68905,4.37496,0.14927,1.00734,0.26898,-0.72479,-0.06636,0.23309,0.09782,-0.02901,0.35749,-0.27968,-0.96296,-0.63416,0.01319,0.99545,0.72825,0.21273,-0.23735,-0.04034,-0.36439,0.32037,0.15113,-0.18269
47.94,-0.08882,0.02341,0.43388,-0.00886,0,-0.14003,0.32997,0.3292,0.32525,-0.31522,-0.22091,0.04137,-0.74193,0.61129,1.29426,0.25068,-0.39034,3.68006,0.0909,0.92523,0.33063,-0.6234,-0.05826,0.3708,0.11424,-0.04527,0.34656,-0.29005,-1.00406,-0.60501,0.05296,1.09349,0.84307,0.188,-0.23404,0.03922,-0.38529,0.33214,0.15353,-0.19672
47.96,-0.092,0.02285,0.42291,-0.09575,0,-0.13449,0.29888,0.33399,0.36653,-0.25026,-0.24256,0.04948,-0.56317,0.39949,0.9817,0.31101,-0.18151,3.03199,0.04622,0.83889,0.37143,-0.52444,-0.04294,0.4881,0.12331,-0.05893,0.33796,-0.29437,-1.00319,-0.57856,0.07939,1.09157,0.91179,0.1744,-0.22631,0.11134,-0.41689,0.33782,0.15329,-0.2076
47.98,-0.09178,0.02211,0.40679,-0.16896,0,-0.12745,0.26367,0.32806,0.39544,-0.19372,-0.25989,0.05913,-0.38188,0.21536,0.68613,0.3632,-0.07538,2.46368,0.0165,0.7525,0.3951,-0.43893,-0.01917,0.5791,0.12583,-0.06916,0.33135,-0.29175,-0.94963,-0.55542,0.09009,0.97793,0.91777,0.17271,-0.21495,0.17123,-0.45695,0.3372,0.15013,-0.21472
48,-0.08827,0.02112,0.38597,-0.22363,0,-0.11854,0.22476,0.31072,0.41012,-0.14522,-0.27289,0.06779,-0.21427,0.05985,0.4078,0.40139,-0.06933,1.98898,0.00109,0.66939,0.40578,-0.37488,0.01292,0.64023,0.12308,-0.07552,0.32606,-0.28174,-0.83461,-0.5355,0.08418,0.75387,0.84755,0.18242,-0.2009,0.21528,-0.50164,0.3302,0.14363,-0.21813
48.02,-0.08173,0.01987,0.36112,-0.25622,0,-0.1075,0.18262,0.28203,0.40978,-0.10348,-0.28148,0.07295,-0.07322,-0.06725,0.14443,0.42071,-0.14925,1.60625,-0.00199,0.59188,0.40753,-0.3363,0.05206,0.67045,0.11664,-0.07792,0.3211,-0.26441,-0.65333,-0.51788,0.06266,0.43507,0.69325,0.20161,-0.18536,0.24123,-0.54563,0.31686,0.13329,-0.21844
48.04,-0.07259,0.01842,0.33311,-0.26468,0,-0.09407,0.1379,0.24278,0.39453,-0.06672,-0.28565,0.07237,0.03233,-0.16712,-0.10772,0.41772,-0.29342,1.30296,0.00451,0.52116,0.40393,-0.32312,0.09613,0.67107,0.10825,-0.07664,0.31521,-0.24058,-0.40719,-0.50105,0.02844,0.05059,0.45489,0.22699,-0.16966,0.24827,-0.58227,0.29725,0.11863,-0.21679
48.06,-0.06144,0.01686,0.30292,-0.24857,0,-0.07805,0.09146,0.1944,0.36516,-0.03299,-0.28553,0.06439,0.09723,-0.24183,-0.35257,0.39083,-0.47596,1.06059,0.01747,0.45726,0.39785,-0.3316,0.14251,0.64527,0.0996,-0.07222,0.30705,-0.21182,-0.10585,-0.48311,-0.01379,-0.36038,0.1424,0.25406,-0.15531,0.23702,-0.60405,0.27146,0.09933,-0.21455
48.08,-0.049,0.01534,0.27158,-0.20906,0,-0.05923,0.04437,0.13876,0.3229,-0.00046,-0.28148,0.04834,0.11981,-0.29418,-0.59271,0.34058,-0.6693,0.85892,0.03376,0.39902,0.3913,-0.35523,0.18849,0.59747,0.09216,-0.06534,0.29539,-0.18053,0.2315,-0.46215,-0.05808,-0.75313,-0.22322,0.27741,-0.14388,0.20951,-0.60305,0.23955,0.07535,-0.21307
48.1,-0.03605,0.01403,0.24012,-0.14887,0,-0.03741,-0.00212,0.07803,0.26915,0.03245,-0.27405,0.02469,0.10141,-0.32765,-0.82806,0.26974,-0.84567,0.67917,0.0504,0.34403,0.38526,-0.38567,0.2315,0.53264,0.08699,-0.05673,0.2793,-0.14981,0.57642,-0.43658,-0.09777,-1.08275,-0.61051,0.2912,-0.13697,0.16894,-0.57164,0.20158,0.04703,-0.21345
48.12,-0.02342,0.0131,0.20951,-0.07206,0,-0.01245,-0.0466,0.01454,0.20542,0.06698,-0.26376,-0.00477,0.04604,-0.34643,-1.05455,0.18306,-0.97749,0.50534,0.06457,0.28858,0.37955,-0.41353,0.26933,0.45557,0.08468,-0.04704,0.25832,-0.12321,0.89365,-0.40542,-0.12632,-1.30934,-0.98029,0.28963,-0.1361,0.11942,-0.50323,0.15764,0.0151,-0.21627
48.14,-0.01191,0.01272,0.1806,0.01627,0,0.01572,-0.08765,-0.0494,0.13328,0.10409,-0.25069,-0.03699,-0.0396,-0.35552,-1.26309,0.08669,-1.03705,0.32369,0.07359,0.22754,0.37266,-0.42887,0.30022,0.37022,0.08523,-0.03676,0.2325,-0.10432,1.14573,-0.3684,-0.13815,-1.40276,-1.29075,0.26758,-0.14258,0.06553,-0.39306,0.10788,-0.01931,-0.22149
48.16,-0.00222,0.01303,0.15411,0.1104,0,0.04706,-0.12389,-0.11164,0.05445,0.14455,-0.23399,-0.06788,-0.14593,-0.36082,-1.43895,-0.01276,-0.99591,0.12104,0.07473,0.15419,0.36151,-0.42148,0.32276,0.27918,0.08803,-0.02617,0.20233,-0.09624,1.29924,-0.32596,-0.12953,-1.34635,-1.50406,0.22122,-0.15733,0.01182,-0.23895,0.05264,-0.05482,-0.22839
48.18,0.0051,0.01413,0.13056,0.20443,0,0.08128,-0.15417,-0.17031,-0.02914,0.18914,-0.21143,-0.09257,-0.2602,-0.36923,-1.56177,-0.1092,-0.82492,-0.11721,0.0652,0.06025,0.34132,-0.38095,0.33582,0.1833,0.0919,-0.01531,0.16873,-0.10106,1.33117,-0.27914,-0.09924,-1.13953,-1.59321,0.14861,-0.18079,-0.03769,-0.042,-0.00752,-0.08991,-0.23564
48.2,0.00969,0.01606,0.11029,0.29267,0,0.11788,-0.1776,-0.22392,-0.1153,0.23875,-0.17917,-0.1057,-0.36625,-0.3886,-1.60622,-0.19801,-0.49555,-0.40804,0.04218,-0.06396,0.30568,-0.29691,0.33846,0.08148,0.09502,-0.00395,0.13287,-0.11949,1.23367,-0.22948,-0.04903,-0.79857,-1.54709,0.05008,-0.21271,-0.07987,0.19302,-0.07171,-0.12308,-0.24143
48.22,0.01141,0.01878,0.09345,0.37,0,0.15604,-0.19367,-0.27132,-0.20162,0.29451,-0.13181,-0.1017,-0.4445,-0.42737,-1.54354,-0.27681,0.0169,-0.76993,0.00309,-0.229,0.24673,-0.1593,0.32975,-0.02916,0.09502,0.00831,0.09615,-0.15064,1.01593,-0.17882,0.01655,-0.35527,-1.37242,-0.0716,-0.25219,-0.11265,0.45766,-0.13861,-0.15297,-0.24368
48.24,0.01032,0.02222,0.08002,0.43209,0,0.19466,-0.20222,-0.3117,-0.28562,0.35772,-0.06298,-0.07502,-0.47246,-0.49398,-1.34391,-0.34584,0.7283,-1.21968,-0.05385,-0.44539,0.15565,0.04094,0.3087,-0.15295,0.08902,0.02203,0.06001,-0.19221,0.70231,-0.12916,0.09076,0.14685,-1.09195,-0.2114,-0.29758,-0.13494,0.74028,-0.20647,-0.17845,-0.24041
48.26,0.0067,0.0262,0.06988,0.47554,0,0.2324,-0.20345,-0.34451,-0.36509,0.42985,0.03385,-0.02037,-0.42569,-0.59597,-0.97952,-0.40804,1.6395,-1.76759,-0.12909,-0.72247,0.0235,0.31105,0.27421,-0.29502,0.07372,0.03784,0.02591,-0.24085,0.32754,-0.08248,0.16568,0.65797,-0.73947,-0.36247,-0.34664,-0.14641,1.02692,-0.2731,-0.19865,-0.22998
48.28,0.00095,0.0305,0.06277,0.49805,0,0.26773,-0.19781,-0.36935,-0.43831,0.51223,0.16419,0.0669,-0.27934,-0.73897,-0.428,-0.46888,2.73056,-2.41198,-0.2211,-1.06676,-0.15788,0.65528,0.22509,-0.46042,0.04573,0.05629,-0.00481,-0.29261,-0.06967,-0.04056,0.23349,1.12843,-0.35322,-0.51682,-0.39666,-0.14723,1.30252,-0.33597,-0.21298,-0.21148
48.3,-0.00639,0.03483,0.0584,0.49849,0,0.29907,-0.18599,-0.38592,-0.50428,0.60579,0.33133,0.19045,-0.01017,-0.92572,0.32417,-0.53586,3.95687,-3.13459,-0.32598,-1.48037,-0.39467,1.07354,0.16012,-0.65321,0.00195,0.07782,-0.03101,-0.3435,-0.45283,-0.00489,0.28757,1.51461,0.03045,-0.666,-0.44468,-0.13782,1.55217,-0.3923,-0.22117,-0.18489
48.32,-0.01475,0.0389,0.05648,0.47707,0,0.32486,-0.16882,-0.394,-0.56278,0.71057,0.53521,0.35221,0.40108,-1.15516,1.27892,-0.61787,5.24886,-3.89811,-0.43748,-1.95923,-0.68988,1.56009,0.07824,-0.87532,-0.05974,0.1026,-0.05183,-0.38993,-0.79234,0.02351,0.32329,1.78368,0.38179,-0.80173,-0.48766,-0.11881,1.76228,-0.43927,-0.22322,-0.15116
48.34,-0.02354,0.0424,0.05669,0.43531,0,0.34367,-0.14716,-0.39342,-0.61413,0.82517,0.77157,0.55172,0.96685,-1.42183,2.42472,-0.7242,6.51613,-4.64662,-0.54746,-2.49156,-1.04219,2.10232,-0.02124,-1.12558,-0.13968,0.13049,-0.06677,-0.42892,-1.06781,0.04411,0.33837,1.91635,0.67999,-0.91651,-0.52279,-0.09118,1.92148,-0.47422,-0.21937,-0.11207
48.36,-0.03224,0.04505,0.05875,0.37617,0,0.35436,-0.12188,-0.38413,-0.65884,0.94624,1.03137,0.78525,1.68995,-1.71558,3.73559,-0.8635,7.65545,-5.3091,-0.64671,-3.05674,-1.44496,2.67987,-0.13838,-1.39871,-0.23552,0.16096,-0.07576,-0.45829,-1.26836,0.05695,0.33282,1.90794,0.91331,-1.00405,-0.54772,-0.05647,2.02138,-0.49493,-0.21007,-0.06998
48.38,-0.04043,0.04664,0.0624,0.30395,0,0.35614,-0.09372,-0.36622,-0.69719,1.06812,1.30077,1.04513,2.56066,-2.02157,5.17095,-1.04258,8.5616,-5.80557,-0.72609,-3.62494,-1.88542,3.26438,-0.2723,-1.68478,-0.34152,0.19305,-0.07922,-0.47665,-1.39131,0.06265,0.30854,1.76776,1.07756,-1.05963,-0.56074,-0.01704,2.0571,-0.49985,-0.19593,-0.02747
48.4,-0.0478,0.04705,0.06739,0.2242,0,0.34868,-0.06337,-0.34005,-0.72877,1.18281,1.56152,1.31934,3.55437,-2.32074,6.67604,-1.26534,9.1387,-6.05492,-0.7776,-4.15778,-2.34444,3.81991,-0.42086,-1.969,-0.44823,0.22537,-0.07803,-0.48339,-1.44009,0.06234,0.26881,1.51717,1.17394,-1.0804,-0.561,0.02376,2.02758,-0.48833,-0.17767,0.01292
48.42,-0.05422,0.04624,0.07352,0.14344,0,0.33218,-0.0314,-0.30626,-0.75221,1.28039,1.79213,1.5916,4.63,-2.59052,8.18276,-1.53184,9.31048,-5.98368,-0.79531,-4.61024,-2.79668,4.30443,-0.58035,-2.23216,-0.5428,0.25619,-0.07349,-0.47854,-1.42208,0.05753,0.21771,1.18646,1.20679,-1.06543,-0.54851,0.06175,1.93552,-0.46071,-0.15613,0.04885
48.44,-0.05962,0.04427,0.08055,0.06865,0,0.30729,0.00166,-0.26581,-0.76498,1.3499,1.96969,1.84204,5.7298,-2.8061,9.61138,-1.83747,9.02818,-5.53512,-0.77594,-4.93395,-3.21161,4.67233,-0.74528,-2.45173,-0.61004,0.28345,-0.06708,-0.46267,-1.34659,0.0499,0.15957,0.8106,1.18175,-1.0156,-0.52411,0.09234,1.78688,-0.41824,-0.13221,0.07824
48.46,-0.06406,0.04129,0.08822,0.00671,0,0.27512,0.03524,-0.21994,-0.76346,1.38056,2.07254,2.04851,6.78074,-2.94207,10.87317,-2.17257,8.27594,-4.67785,-0.71915,-5.08171,-3.55522,4.87803,-0.90827,-2.60367,-0.6342,0.30494,-0.06032,-0.43675,-1.22355,0.04103,0.09846,0.4246,1.10468,-0.93337,-0.48924,0.1112,1.59016,-0.36287,-0.10683,0.09921
48.48,-0.0676,0.03746,0.09626,-0.03634,0,0.2371,0.06866,-0.17013,-0.74324,1.3633,2.08359,2.18849,7.6979,-2.97452,11.87464,-2.52227,7.07377,-3.4135,-0.6275,-5.01283,-3.79256,4.88047,-1.06016,-2.6648,-0.60112,0.31844,-0.05452,-0.40204,-1.06269,0.03214,0.03783,0.05916,0.9813,-0.82245,-0.44575,0.11496,1.35554,-0.29711,-0.08094,0.10995
48.5,-0.07032,0.033,0.10433,-0.05588,0,0.19489,0.10109,-0.11801,-0.69962,1.29213,1.9942,2.24124,8.3898,-2.8834,12.52301,-2.86673,5.47772,-1.78195,-0.50624,-4.69852,-3.89079,4.64788,-1.19038,-2.61549,-0.50065,0.32194,-0.05056,-0.36001,-0.87355,0.02395,-0.01962,-0.26262,0.81749,-0.6876,-0.39565,0.10185,1.09408,-0.22371,-0.05547,0.10879
48.52,-0.07225,0.02808,0.11202,-0.04922,0,0.15029,0.13153,-0.06533,-0.6284,1.16515,1.80812,2.19011,8.76567,-2.65497,12.73295,-3.18178,3.57661,0.13713,-0.3628,-4.12642,-3.82261,4.16232,-1.28753,-2.44234,-0.3288,0.31384,-0.04884,-0.31234,-0.66587,0.01662,-0.07191,-0.52672,0.62019,-0.53431,-0.34101,0.07201,0.81701,-0.14551,-0.03129,0.09426
48.54,-0.07341,0.02289,0.11892,-0.01583,0,0.10509,0.15884,-0.01386,-0.52677,0.98494,1.54293,2.02467,8.7443,-2.28393,12.43412,-3.44003,1.48498,2.22762,-0.2061,-3.3036,-3.56967,3.42324,-1.34034,-2.1405,-0.08947,0.29311,-0.04928,-0.26089,-0.45038,0.00978,-0.11763,-0.72774,0.39837,-0.36857,-0.28378,0.02741,0.53525,-0.06528,-0.00924,0.06539
48.56,-0.07376,0.01755,0.12457,0.04258,0,0.06102,0.18181,0.03474,-0.39419,0.75849,1.22423,1.74264,8.26406,-1.77521,11.57924,-3.61249,-0.66714,4.34488,-0.04565,-2.25784,-3.12568,2.44991,-1.33877,-1.71545,0.20464,0.25945,-0.05138,-0.20768,-0.23956,0.0028,-0.15555,-0.86696,0.16408,-0.19663,-0.22578,-0.0285,0.25883,0.01438,0.00996,0.02211
48.58,-0.07325,0.01219,0.12855,0.12218,0,0.01957,0.19928,0.07896,-0.23314,0.49656,0.87457,1.35114,7.29267,-1.14502,10.1521,-3.67081,-2.74604,6.32771,0.10938,-1.03715,-2.49902,1.28233,-1.27542,-1.184,0.53193,0.21345,-0.0544,-0.15486,-0.04795,-0.005,-0.18439,-0.9497,-0.06713,-0.02477,-0.16863,-0.09146,-0.00337,0.09109,0.02573,-0.03439
48.6,-0.07184,0.00686,0.13047,0.21726,0,-0.01804,0.2103,0.11759,-0.04952,0.21275,0.50706,0.86726,5.8351,-0.42089,8.17387,-3.58984,-4.62612,8.01302,0.25092,0.29282,-1.7139,-0.01994,-1.14677,-0.57403,0.86324,0.15657,-0.05752,-0.10464,0.1084,-0.01412,-0.20267,-0.98272,-0.27667,0.14091,-0.11378,-0.15693,-0.24387,0.16273,0.03766,-0.10132
48.62,-0.06949,0.00163,0.13004,0.32063,0,-0.05091,0.21422,0.14979,0.14757,-0.0778,0.1262,0.31716,3.93745,0.35986,5.70606,-3.35056,-6.2004,9.2522,0.37262,1.65379,-0.80959,-1.38161,-0.95427,0.07747,1.16453,0.09115,-0.05995,-0.05914,0.21358,-0.02472,-0.20877,-0.97249,-0.44475,0.29464,-0.06251,-0.22066,-0.45664,0.22745,0.04558,-0.17431
48.64,-0.06622,-0.00347,0.12706,0.42408,0,-0.07849,0.21081,0.17509,0.34676,-0.35997,-0.26856,-0.26615,1.68567,1.15338,2.84872,-2.94278,-7.38898,9.92812,0.47016,2.96227,0.16268,-2.71842,-0.70495,0.72806,1.40108,0.02023,-0.06106,-0.02016,0.25471,-0.0366,-0.20127,-0.92453,-0.55339,0.43112,-0.01594,-0.27901,-0.63719,0.28361,0.04956,-0.24764
48.66,-0.06209,-0.00839,0.12147,0.51904,0,-0.10056,0.20032,0.1935,0.53576,-0.62026,-0.67898,-0.84624,-0.80059,1.91384,-0.26563,-2.3677,-8.1453,9.9712,0.54136,4.13858,1.14485,-3.946,-0.41149,1.33488,1.5426,-0.05276,-0.06038,0.0111,0.22533,-0.04921,-0.17947,-0.84377,-0.59026,0.5458,0.02505,-0.32912,-0.78249,0.32986,0.04995,-0.31476
48.68,-0.05719,-0.01305,0.11336,0.59722,0,-0.1172,0.18348,0.20545,0.70304,-0.84833,-1.10401,-1.3872,-3.3776,2.59846,-3.48107,-1.63974,-8.45968,9.37206,0.58611,5.11612,2.07807,-4.98938,-0.09181,1.86004,1.56841,-0.12427,-0.05764,0.03424,0.12861,-0.06182,-0.1439,-0.73547,-0.55229,0.63502,0.0598,-0.36895,-0.89105,0.36506,0.04739,-0.36906
48.7,-0.05164,-0.01736,0.10292,0.65134,0,-0.12875,0.16152,0.21174,0.83922,-1.03794,-1.53573,-1.85731,-5.8891,3.1719,-6.62917,-0.78739,-8.3595,8.18751,0.60611,5.84858,2.90842,-5.79111,0.23207,2.27512,1.47124,-0.19091,-0.05273,0.04981,-0.02106,-0.07368,-0.0967,-0.60628,-0.44783,0.69629,0.08795,-0.3972,-0.96283,0.38839,0.04275,-0.40455
48.72,-0.0456,-0.02121,0.09049,0.6757,0,-0.13572,0.13603,0.21348,0.93798,-1.18716,-1.95505,-2.2317,-8.17884,3.60912,-9.54058,0.14774,-7.905,6.53636,0.6045,6.3137,3.5916,-6.31628,0.5358,2.56379,1.25891,-0.24974,-0.04571,0.05928,-0.19891,-0.08407,-0.04163,-0.46466,-0.29634,0.72843,0.10945,-0.41327,-0.99923,0.39938,0.03704,-0.41663
48.74,-0.03922,-0.02445,0.0765,0.66674,0,-0.13877,0.10878,0.21182,0.99629,-1.29771,-2.33015,-2.49398,-10.10329,3.89632,-12.05709,1.11394,-7.18044,4.58447,0.58538,6.51277,4.09581,-6.55371,0.79521,2.72223,0.95313,-0.29831,-0.03674,0.06474,-0.37332,-0.09248,0.0163,-0.32062,-0.1254,0.73164,0.12453,-0.41702,-1.00286,0.39788,0.03132,-0.40261
48.76,-0.03267,-0.02695,0.06143,0.62343,0,-0.13855,0.08153,0.20783,1.01404,-1.37368,-2.62317,-2.63656,-11.54408,4.0303,-14.04367,2.05412,-6.28232,2.52112,0.5532,6.46655,4.40322,-6.51389,0.98931,2.75752,0.58599,-0.33482,-0.02606,0.06855,-0.51161,-0.0986,0.07154,-0.18468,0.03456,0.70758,0.13369,-0.40873,-0.97737,0.38418,0.02651,-0.36203
48.78,-0.02607,-0.02861,0.04575,0.54748,0,-0.13568,0.05574,0.20221,0.99342,-1.41996,-2.80324,-2.6604,-12.41908,4.01683,-15.39971,2.91147,-5.30671,0.53221,0.51228,6.20926,4.51019,-6.22478,1.10325,2.68498,0.19498,-0.35808,-0.01399,0.07286,-0.58639,-0.10235,0.11891,-0.06652,0.15623,0.65926,0.13765,-0.38897,-0.92725,0.35898,0.02323,-0.29687
48.8,-0.01952,-0.02935,0.02988,0.44342,0,-0.1307,0.03244,0.1952,0.93811,-1.4409,-2.85497,-2.57409,-12.69032,3.8687,-16.06766,3.63507,-4.33841,-1.22396,0.46645,5.78219,4.42648,-5.72677,1.13066,2.52505,-0.18221,-0.36758,-0.00087,0.07921,-0.58098,-0.10387,0.15439,0.02637,0.22068,0.59102,0.13729,-0.35852,-0.85758,0.32344,0.02172,-0.21148
48.82,-0.01307,-0.02916,0.0142,0.3183,0,-0.12402,0.01206,0.1865,0.85269,-1.4393,-2.77857,-2.39256,-12.36705,3.60375,-16.03734,4.18456,-3.44351,-2.63345,0.41879,5.22787,4.17351,-5.06741,1.07484,2.30043,-0.51231,-0.36348,0.01294,0.08836,-0.49243,-0.10353,0.17569,0.08959,0.2203,0.50823,0.13363,-0.31845,-0.77382,0.27917,0.02178,-0.11223
48.84,-0.00676,-0.02811,-0.00107,0.1811,0,-0.11595,-0.00554,0.17534,0.74215,-1.41609,-2.58636,-2.13543,-11.5031,3.24311,-15.345,4.53336,-2.66616,-3.63405,0.37165,4.58553,3.78169,-4.2964,0.94843,2.03378,-0.7699,-0.3466,0.02709,0.10023,-0.33131,-0.10192,0.18245,0.12218,0.15915,0.41698,0.12774,-0.27007,-0.68153,0.2282,0.02287,-0.00692
48.86,-0.00059,-0.02631,-0.01577,0.04181,0,-0.10673,-0.02098,0.16065,0.61166,-1.37053,-2.29885,-1.82521,-10.18945,2.80983,-14.06819,4.67063,-2.02908,-4.21378,0.32669,3.88823,3.28721,-3.46134,0.77185,1.74601,-0.93956,-0.31838,0.04127,0.11408,-0.11886,-0.09977,0.17611,0.12629,0.05061,0.32353,0.1207,-0.21502,-0.58606,0.17288,0.02423,0.09606
48.88,0.00543,-0.02394,-0.02987,-0.08952,0,-0.09655,-0.03522,0.14125,0.46648,-1.30104,-1.94104,-1.48558,-8.5441,2.32798,-12.31775,4.60181,-1.53673,-4.4032,0.28516,3.16162,2.7288,-2.6045,0.57067,1.45525,-1.01671,-0.28092,0.05523,0.1288,0.11763,-0.098,0.15955,0.10659,-0.08631,0.23387,0.11348,-0.15529,-0.49228,0.11574,0.02505,0.18869
48.9,0.01127,-0.02121,-0.04342,-0.2038,0,-0.08558,-0.0493,0.1161,0.312,-1.20621,-1.53933,-1.13975,-6.70066,1.82217,-10.22843,4.34807,-1.17992,-4.26441,0.24799,2.42439,2.1448,-1.7611,0.37262,1.17636,-1.00712,-0.2368,0.06881,0.14316,0.3498,-0.09765,0.13656,0.0693,-0.2312,0.15326,0.10694,-0.0933,-0.40439,0.05944,0.0247,0.26411
48.92,0.01689,-0.01837,-0.05653,-0.29362,0,-0.074,-0.06417,0.08451,0.15371,-1.08599,-1.11917,-0.80919,-4.79671,1.31724,-7.94814,3.94413,-0.94048,-3.87894,0.21595,1.69008,1.57075,-0.95883,0.20436,0.92078,-0.92516,-0.18904,0.08191,0.15608,0.55249,-0.0998,0.11132,0.0214,-0.36572,0.0859,0.10166,-0.03188,-0.32582,0.00663,0.0228,0.31729
48.94,0.0222,-0.01564,-0.0693,-0.35383,0,-0.06196,-0.0804,0.04623,-0.00289,-0.94267,-0.70352,-0.51231,-2.96235,0.83798,-5.62625,3.43471,-0.7954,-3.33607,0.18963,0.96967,1.03743,-0.21855,0.08832,0.69647,-0.791,-0.14077,0.09452,0.16668,0.70671,-0.10556,0.08784,-0.03032,-0.47598,0.03469,0.09794,0.02577,-0.25918,-0.0401,0.01934,0.34545
48.96,0.02705,-0.01322,-0.08178,-0.38188,0,-0.04959,-0.098,0.00157,-0.15248,-0.78159,-0.31192,-0.26353,-1.30964,0.4086,-3.40151,2.86988,-0.71991,-2.72274,0.1693,0.27445,0.56941,0.44427,0.03999,0.50801,-0.62698,-0.09495,0.10668,0.17435,0.80121,-0.1159,0.06944,-0.07981,-0.55367,0.00123,0.09564,0.0762,-0.20628,-0.07834,0.01468,0.34815
48.98,0.03127,-0.01124,-0.09392,-0.37795,0,-0.03688,-0.11632,-0.04862,-0.29017,-0.6115,0.03987,-0.07236,0.07609,0.05216,-1.39123,2.30028,-0.68965,-2.11559,0.15474,-0.38139,0.18402,1.01793,0.06577,0.35672,-0.45415,-0.05407,0.11848,0.17861,0.83284,-0.13153,0.0584,-0.12237,-0.59611,-0.01429,0.09415,0.11601,-0.16814,-0.10591,0.00952,0.32722
49,0.03464,-0.00976,-0.10549,-0.34494,0,-0.0237,-0.13404,-0.10293,-0.41164,-0.44426,0.33997,0.05696,1.14187,-0.21019,0.31694,1.77296,-0.68179,-1.57566,0.14512,-0.97915,-0.10906,1.4929,0.16195,0.24092,-0.28943,-0.01988,0.12996,0.17907,0.80593,-0.1528,0.05573,-0.15485,-0.60548,-0.01304,0.0924,0.14212,-0.14502,-0.12091,0.00486,0.28651
49.02,0.03692,-0.00873,-0.11607,-0.28835,0,-0.0098,-0.14925,-0.15946,-0.51319,-0.2939,0.58013,0.12557,1.86895,-0.36005,1.66953,1.32818,-0.67559,-1.14588,0.13894,-1.49567,-0.3077,1.86092,0.31506,0.15631,-0.14402,0.00671,0.14114,0.17529,0.73099,-0.17949,0.06102,-0.17574,-0.58757,0.00253,0.08885,0.15218,-0.13627,-0.12179,0.00191,0.23143
49.04,0.03787,-0.00804,-0.12501,-0.21594,0,0.00523,-0.15981,-0.21584,-0.59161,-0.17486,0.75557,0.13956,2.27066,-0.38291,2.6479,0.99759,-0.65222,-0.85103,0.1341,-1.90511,-0.41676,2.11481,0.50369,0.09652,-0.0233,0.02564,0.1519,0.16667,0.62285,-0.21071,0.07264,-0.18493,-0.55023,0.0287,0.08161,0.14498,-0.1403,-0.10737,0.00204,0.16833
49.06,0.03728,-0.00746,-0.13145,-0.13728,0,0.02183,-0.16367,-0.26937,-0.64396,-0.09972,0.86467,0.10922,2.38712,-0.26923,3.26557,0.80329,-0.59449,-0.69966,0.12807,-2.1823,-0.44713,2.24902,0.70147,0.05378,0.07209,0.03754,0.16197,0.15243,0.49852,-0.24477,0.08795,-0.1834,-0.50164,0.06065,0.06866,0.12086,-0.15439,-0.07689,0.00669,0.10386
49.08,0.03497,-0.00673,-0.13434,-0.06315,0,0.04047,-0.15932,-0.31712,-0.66741,-0.07684,0.90892,0.04805,2.27803,-0.01576,3.56337,0.7577,-0.48662,-0.68716,0.11814,-2.30694,-0.41465,2.26083,0.88061,0.01964,0.14456,0.04357,0.17086,0.13157,0.37503,-0.27914,0.10369,-0.17275,-0.44888,0.09253,0.04796,0.08202,-0.17457,-0.03007,0.01726,0.04426
49.1,0.03085,-0.00553,-0.13251,-0.00489,0,0.06151,-0.14613,-0.35605,-0.65911,-0.10838,0.89269,-0.0283,2.01475,0.37342,3.60326,0.86378,-0.31434,-0.79922,0.10177,-2.26755,-0.33891,2.15161,1.01538,-0.01434,0.19757,0.04515,0.17788,0.10296,0.26767,-0.3105,0.11633,-0.15481,-0.39672,0.1178,0.01777,0.03252,-0.19567,0.03272,0.03501,-0.00509
49.12,0.02485,-0.00355,-0.12469,0.02644,0,0.08514,-0.12452,-0.38319,-0.61628,-0.18927,0.82303,-0.10318,1.67267,0.88625,3.4613,1.11532,-0.06576,-1.01503,0.07682,-2.06423,-0.24212,1.92789,1.08485,-0.05588,0.23423,0.04385,0.18211,0.0654,0.1886,-0.33493,0.12254,-0.13127,-0.34707,0.12958,-0.02327,-0.02197,-0.21157,0.11025,0.06087,-0.03999
49.14,0.01696,-0.00049,-0.10964,0.02091,0,0.1113,-0.09596,-0.39579,-0.53642,-0.30722,0.70927,-0.16004,1.32409,1.50261,3.22025,1.49721,0.26722,-1.31001,0.04189,-1.70975,-0.14782,1.60178,1.0747,-0.11142,0.25639,0.04118,0.18246,0.0178,0.14602,-0.34818,0.11945,-0.10347,-0.29893,0.12116,-0.07592,-0.07485,-0.21558,0.20019,0.09528,-0.0574
49.16,0.0072,0.00389,-0.08627,-0.02925,0,0.13961,-0.06277,-0.39154,-0.41776,-0.44391,0.56251,-0.18356,1.03231,2.19494,2.9622,1.98557,0.68682,-1.65778,-0.00354,-1.2289,-0.07967,1.19085,0.978,-0.18566,0.2645,0.03858,0.17776,-0.04065,0.14387,-0.34612,0.10496,-0.07229,-0.2489,0.08666,-0.14028,-0.11955,-0.2011,0.29882,0.13797,-0.05534
49.18,-0.00444,0.00974,-0.05367,-0.12865,0,0.16935,-0.02774,-0.36878,-0.25977,-0.57697,0.395,-0.1608,0.84688,2.92964,2.76176,2.54803,1.18709,-2.03146,-0.05887,-0.65664,-0.06003,0.71751,0.79527,-0.28121,0.25791,0.03734,0.16684,-0.11033,0.18186,-0.32527,0.07799,-0.03817,-0.19207,0.02167,-0.21574,-0.15042,-0.1623,0.40078,0.18775,-0.03261
49.2,-0.01804,0.0171,-0.01135,-0.27793,0,0.19952,0.00619,-0.3268,-0.06383,-0.68256,0.2196,-0.0822,0.80057,3.66902,2.68019,3.14423,1.75163,-2.4044,-0.12229,-0.03517,-0.10851,0.20799,0.53402,-0.39849,0.23541,0.03856,0.14868,-0.19099,0.25587,-0.28326,0.0386,-0.00122,-0.12313,-0.07618,-0.301,-0.16358,-0.09465,0.49894,0.24238,0.01138
49.22,-0.03371,0.02588,0.04077,-0.4731,0,0.22891,0.03644,-0.26609,0.1663,-0.73823,0.04908,0.05741,0.90802,4.37399,2.76083,3.72681,2.35191,-2.75019,-0.19073,0.58959,-0.24044,-0.30903,0.20767,-0.53575,0.19578,0.0431,0.12253,-0.2817,0.35847,-0.21931,-0.01199,0.03849,-0.0376,-0.20685,-0.39406,-0.15719,0.00466,0.58439,0.29844,0.07662
49.24,-0.05163,0.03587,0.10215,-0.70527,0,0.25624,0.06107,-0.18856,0.4241,-0.72578,-0.10451,0.25809,1.16618,5.00718,3.02595,4.24309,2.9465,-3.04247,-0.25992,1.17206,-0.46526,-0.80424,-0.16579,-0.68939,0.13819,0.05154,0.08806,-0.38079,0.47977,-0.13458,-0.07141,0.08075,0.06707,-0.36777,-0.49242,-0.13137,0.13665,0.64675,0.35141,0.16243
49.26,-0.07206,0.04671,0.1717,-0.96087,0,0.28036,0.07912,-0.0977,0.70017,-0.63392,-0.23055,0.5143,1.55624,5.53636,3.47504,4.63778,3.48161,-3.25452,-0.3245,1.67123,-0.78507,-1.24983,-0.56548,-0.85442,0.06244,0.06405,0.04543,-0.48592,0.60825,-0.03226,-0.13636,0.12485,0.19054,-0.55399,-0.59314,-0.08769,0.30066,0.67472,0.39583,0.26713
49.28,-0.09524,0.05795,0.24768,-1.22222,0,0.30042,0.09083,0.00137,0.98245,-0.46036,-0.3205,0.81478,2.04643,5.93773,4.08482,4.85647,3.89302,-3.35922,-0.37829,2.05462,-1.19359,-1.6216,-0.96942,-1.02501,-0.03097,0.08035,-0.00458,-0.5942,0.73182,0.08235,-0.20287,0.1694,0.32893,-0.75848,-0.69312,-0.02851,0.49453,0.6571,0.42569,0.38775
49.3,-0.12138,0.06907,0.32777,-1.46868,0,0.31606,0.0976,0.10208,1.25681,-0.21277,-0.36844,1.14299,2.59533,6.19805,4.81088,4.84998,4.10957,-3.32954,-0.41462,2.30128,-1.6758,-1.90095,-1.35624,-1.19497,-0.14074,0.09968,-0.06052,-0.70239,0.83882,0.20208,-0.26656,0.2122,0.47465,-0.97262,-0.78927,0.04344,0.71478,0.58413,0.43503,0.51971
49.32,-0.15058,0.07948,0.40918,-1.67817,0,0.32747,0.10181,0.1967,1.50795,0.09162,-0.37149,1.47816,3.15538,6.3151,5.59147,4.57901,4.05837,-3.13965,-0.4267,2.40333,-2.20867,-2.07617,-1.70664,-1.35813,-0.26475,0.1208,-0.12027,-0.80702,0.91901,0.31824,-0.323,0.25034,0.61674,-1.18668,-0.87874,0.12523,0.95652,0.44919,0.41872,0.65672
49.34,-0.18277,0.08858,0.48877,-1.82925,0,0.33535,0.10646,0.27704,1.72072,0.42805,-0.32987,1.79709,3.67627,6.29603,6.3531,4.01879,3.67136,-2.76674,-0.40812,2.36569,-2.76296,-2.14309,-2.00456,-1.50848,-0.39991,0.14215,-0.18112,-0.90462,0.96447,0.42132,-0.36807,0.2805,0.74194,-1.39038,-0.95904,0.21343,1.2133,0.25061,0.37339,0.7909
49.36,-0.21758,0.09582,0.56332,-1.90338,0,0.34075,0.11463,0.33523,1.88173,0.76756,-0.2469,2.07651,4.10847,6.15413,7.01785,3.16342,2.89321,-2.19357,-0.35342,2.2044,-3.30605,-2.10507,-2.23814,-1.64018,-0.54211,0.16198,-0.23985,-0.99184,0.97033,0.50178,-0.39829,0.29932,0.83617,-1.57352,-1.0282,0.30364,1.47685,-0.00656,0.29835,0.91314
49.38,-0.25432,0.10071,0.62974,-1.88734,0,0.34491,0.12885,0.36466,1.98089,1.08085,-0.12873,2.29558,4.40664,5.9052,7.51147,2.02919,1.68954,-1.41149,-0.25857,1.94393,-3.80516,-1.97236,-2.40019,-1.74761,-0.68619,0.17861,-0.29294,-1.06571,0.9353,0.55095,-0.41115,0.304,0.88642,-1.72665,-1.08482,0.38992,1.73694,-0.30941,0.19632,1.01375
49.4,-0.29196,0.10287,0.68531,-1.77515,0,0.34901,0.15069,0.36078,2.01272,1.34191,0.01603,2.43811,4.53289,5.56434,7.77115,0.65616,0.05451,-0.4237,-0.12161,1.61396,-4.23032,-1.76106,-2.48829,-1.8253,-0.82598,0.19054,-0.33674,-1.12374,0.86182,0.56183,-0.40529,0.29274,0.88262,-1.84169,-1.12809,0.46469,1.98151,-0.63714,0.07372,1.08336
49.42,-0.32913,0.10203,0.7279,-1.5692,0,0.35393,0.18042,0.32173,1.97687,1.53077,0.17688,2.49405,4.45952,5.14376,7.75167,-0.89315,-1.98371,0.752,0.05699,1.24596,-4.55645,-1.49145,-2.50411,-1.86809,-0.95459,0.19669,-0.36767,-1.16406,0.75563,0.52968,-0.38059,0.26509,0.81922,-1.91252,-1.15769,0.51922,2.19724,-0.96249,-0.05974,1.11389
49.44,-0.36422,0.09807,0.75602,-1.28021,0,0.36003,0.21699,0.24859,1.87792,1.63501,0.34209,2.45988,4.17116,4.65194,7.4294,-2.5383,-4.36055,2.08132,0.27403,0.86977,-4.76425,-1.18574,-2.45205,-1.87115,-1.0648,0.19635,-0.3824,-1.18539,0.62482,0.45236,-0.33804,0.22209,0.6963,-1.93531,-1.17355,0.54474,2.37049,-1.25495,-0.19227,1.09955
49.46,-0.39549,0.09094,0.76888,-0.9263,0,0.36699,0.25821,0.14531,1.72433,1.65005,0.49964,2.33829,3.66617,4.09395,6.80408,-4.18816,-6.97608,3.51299,0.52356,0.51045,-4.84031,-0.86561,-2.33757,-1.83029,-1.14969,0.18926,-0.37809,-1.18701,0.47836,0.33033,-0.27951,0.16619,0.5201,-1.90882,-1.17553,0.53412,2.48863,-1.48512,-0.31169,1.03786
49.48,-0.42125,0.08071,0.76637,-0.53114,0,0.37368,0.30111,0.01841,1.52714,1.57869,0.63814,2.13722,2.95742,3.47266,5.89888,-5.74945,-9.69946,4.97997,0.79702,0.18583,-4.77673,-0.54985,-2.16555,-1.74231,-1.20329,0.17552,-0.35257,-1.16874,0.32466,0.16665,-0.20741,0.10103,0.30296,-1.83447,-1.16323,0.48359,2.54155,-1.62939,-0.40738,0.93035
49.5,-0.44001,0.06753,0.74903,-0.1218,0,0.37829,0.34228,-0.1236,1.29859,1.43002,0.74772,1.86874,2.07203,2.79037,4.75863,-7.1348,-12.37671,6.40258,1.08358,-0.09483,-4.57085,-0.25261,-1.93933,-1.60553,-1.2213,0.15556,-0.30469,-1.13091,0.1703,-0.03319,-0.12452,0.03111,0.06257,-1.71626,-1.13587,0.39395,2.52287,-1.67373,-0.47189,0.78293
49.52,-0.4506,0.05163,0.71799,0.27385,0,0.37843,0.37829,-0.27097,1.05082,1.21796,0.82079,1.54778,1.04975,2.05005,3.44606,-8.26891,-14.84142,7.69395,1.37073,-0.33077,-4.22506,0.01742,-1.66059,-1.42035,-1.20146,0.13009,-0.23457,-1.07445,0.01926,-0.26139,-0.0338,-0.03865,-0.17959,-1.56042,-1.09238,0.27092,2.43071,-1.61567,-0.50185,0.60556
49.54,-0.45226,0.03335,0.67486,0.62985,0,0.37157,0.40599,-0.4136,0.79486,0.95961,0.8526,1.19093,-0.06034,1.25605,2.03597,-9.09221,-16.92839,8.76748,1.64502,-0.52828,-3.74685,0.25676,-1.33012,-1.18966,-1.14382,0.10005,-0.14388,-1.00085,-0.1271,-0.50803,0.0617,-0.10337,-0.40051,-1.37465,-1.03168,0.12425,2.26756,-1.46391,-0.49797,0.41116
49.56,-0.44466,0.01311,0.62158,0.92483,0,0.35539,0.42276,-0.54207,0.53991,0.67347,0.84159,0.8151,-1.20419,0.41412,0.60782,-9.5626,-18.48895,9.54589,1.89301,-0.69817,-3.14895,0.46615,-0.94944,-0.91916,-1.05055,0.06656,-0.03609,-0.91221,-0.26961,-0.76134,0.15872,-0.1587,-0.57851,-1.16718,-0.9531,-0.03396,2.03959,-1.23599,-0.46436,0.21395
49.58,-0.42791,-0.00849,0.56028,1.14425,0,0.32831,0.42664,-0.64852,0.29293,0.37787,0.78948,0.43655,-2.32766,-0.46874,-0.76201,-9.65604,-19.40625,9.9703,2.10222,-0.85271,-2.44958,0.64896,-0.52258,-0.61743,-0.92573,0.03093,0.08348,-0.81121,-0.41034,-1.00805,0.25382,-0.20128,-0.69613,-0.94584,-0.85676,-0.19143,1.75569,-0.95479,-0.4073,0.02756
49.6,-0.4025,-0.03076,0.49318,1.28189,0,0.28979,0.41652,-0.7274,0.05855,0.08958,0.70111,0.0699,-3.38059,-1.38414,-2.00705,-9.3667,-19.60719,10.00728,2.26181,-1.00283,-1.67235,0.80966,-0.05778,-0.29569,-0.77493,-0.00541,0.20773,-0.70109,-0.55147,-1.23396,0.3433,-0.22907,-0.74252,-0.71735,-0.74402,-0.33755,1.42648,-0.64491,-0.33401,-0.13671
49.62,-0.36934,-0.05286,0.4225,1.33997,0,0.2405,0.39214,-0.77566,-0.16064,-0.17715,0.58388,-0.27246,-4.31948,-2.3217,-3.07581,-8.70684,-19.06801,9.65192,2.36295,-1.1559,-0.84553,0.9524,0.43171,0.03278,-0.6046,-0.04095,0.32817,-0.5855,-0.69414,-1.42467,0.42325,-0.24146,-0.71485,-0.48694,-0.61758,-0.46455,1.06351,-0.32958,-0.25157,-0.27108
49.64,-0.32957,-0.0739,0.35038,1.32802,0,0.18226,0.35405,-0.79265,-0.3637,-0.41117,0.44687,-0.581,-5.1086,-3.26785,-3.93465,-7.70635,-17.81247,8.92606,2.3987,-1.3146,-0.00025,1.08013,0.92783,0.35389,-0.42138,-0.07419,0.4356,-0.46822,-0.83741,-1.56656,0.48969,-0.23925,-0.61847,-0.25848,-0.48129,-0.56768,0.67861,-0.02848,-0.16617,-0.3719
49.66,-0.28457,-0.09296,0.27876,1.2607,0,0.11771,0.30357,-0.77959,-0.55069,-0.60479,0.29965,-0.84934,-5.71976,-4.20456,-4.56866,-6.41213,-15.90407,7.87286,2.36362,-1.47669,0.83197,1.19421,1.40897,0.65414,-0.23138,-0.10375,0.52104,-0.35273,-0.97751,-1.64787,0.53879,-0.22435,-0.46595,-0.03475,-0.33976,-0.64463,0.28356,0.24337,-0.0828,-0.43958
49.68,-0.23577,-0.10921,0.20937,1.1551,0,0.04989,0.24261,-0.73889,-0.72207,-0.7538,0.15113,-1.07448,-6.13156,-5.10844,-4.9809,-4.88711,-13.43572,6.54962,2.25357,-1.63562,1.62199,1.29442,1.85186,0.92223,-0.03954,-0.12849,0.57674,-0.2419,-1.10765,-1.65986,0.56727,-0.19944,-0.27526,0.18197,-0.19774,-0.69453,-0.11017,0.47589,-0.00511,-0.47803
49.7,-0.18464,-0.12193,0.14361,1.02816,0,-0.01817,0.17364,-0.67354,-0.87821,-0.85738,0.00868,-1.25665,-6.32856,-5.95064,-5.19011,-3.20851,-10.5201,5.0213,2.06583,-1.78158,2.34531,1.37931,2.23365,1.15022,0.15075,-0.1476,0.59701,-0.13764,-1.21834,-1.59776,0.57266,-0.1676,-0.06755,0.38931,-0.05963,-0.71696,-0.49147,0.66364,0.06436,-0.49375
49.72,-0.13256,-0.13065,0.08259,0.89461,0,-0.08376,0.09947,-0.5867,-1.01899,-0.91761,-0.12232,-1.39872,-6.30076,-6.69808,-5.22713,-1.46446,-7.28207,3.35565,1.79979,-1.90283,2.98329,1.44668,2.53369,1.33413,0.33764,-0.16068,0.57881,-0.04082,-1.29842,-1.46122,0.55359,-0.13192,0.1353,0.58444,0.07092,-0.71144,-0.84962,0.80504,0.12404,-0.49471
49.74,-0.08083,-0.13507,0.02706,0.76574,0,-0.1448,0.02312,-0.4815,-1.14368,-0.93891,-0.23841,-1.50526,-6.04353,-7.31605,-5.12993,0.25152,-3.85365,1.62073,1.45803,-1.98702,3.52326,1.49411,2.73499,1.47372,0.5204,-0.16776,0.52189,0.04863,-1.33676,-1.2542,0.50996,-0.09521,0.31318,0.76384,0.19125,-0.67737,-1.1744,0.90142,0.17299,-0.48904
49.76,-0.03058,-0.13513,-0.02256,0.64881,0,-0.19985,-0.05238,-0.36101,-1.25092,-0.92722,-0.33758,-1.5813,-5.5582,-7.77208,-4.93828,1.84779,-0.37087,-0.11596,1.04765,-2.02253,3.95767,1.51945,2.82514,1.57164,0.69876,-0.16924,0.42861,0.13147,-1.32435,-0.98436,0.44296,-0.05971,0.45,0.92339,0.29973,-0.61459,-1.45641,0.95598,0.21071,-0.48378
49.78,0.01723,-0.13098,-0.06623,0.54726,0,-0.24816,-0.12414,-0.22848,-1.33898,-0.88926,-0.4186,-1.63114,-4.85338,-8.04049,-4.68863,3.24258,3.02882,-1.78751,0.5814,-1.99973,4.28288,1.52132,2.79713,1.63231,0.87212,-0.16583,0.30348,0.20886,-1.25642,-0.66226,0.35503,-0.02698,0.53552,1.05871,0.39567,-0.52414,-1.68742,0.97294,0.23701,-0.48388
49.8,0.06186,-0.12295,-0.10423,0.46131,0,-0.28958,-0.18967,-0.08751,-1.40604,-0.83175,-0.48044,-1.65743,-3.94651,-8.10652,-4.41027,4.3712,6.21027,-3.32824,0.078,-1.91224,4.49785,1.49944,2.65002,1.66074,1.03881,-0.15854,0.15278,0.28196,-1.13401,-0.30064,0.24985,0.00222,0.56646,1.16559,0.47918,-0.40898,-1.86089,0.95686,0.25183,-0.49159
49.82,0.10278,-0.11151,-0.13716,0.38885,0,-0.32447,-0.24701,0.0577,-1.45044,-0.76071,-0.52184,-1.66078,-2.86533,-7.969,-4.12318,5.19135,9.04693,-4.67591,-0.43874,-1.75782,4.6032,1.45483,2.38935,1.66159,1.19557,-0.14849,-0.01592,0.35161,-0.96464,0.08624,0.13211,0.02786,0.54656,1.24053,0.55096,-0.2743,-1.97237,0.91226,0.25528,-0.50632
49.84,0.13964,-0.09729,-0.16581,0.32649,0,-0.35345,-0.29484,0.20241,-1.47088,-0.68086,-0.54122,-1.63984,-1.6486,-7.641,-3.83767,5.68579,11.43076,-5.77625,-0.94236,-1.53908,4.60061,1.38971,2.02743,1.63851,1.33735,-0.1369,-0.19411,0.41817,-0.7616,0.48303,0.00733,0.05051,0.48566,1.28115,0.61209,-0.12726,-2.01987,0.84346,0.24759,-0.5252
49.86,0.17231,-0.08099,-0.1911,0.27061,0,-0.37729,-0.33265,0.34142,-1.46655,-0.59516,-0.53704,-1.59192,-0.34593,-7.14849,-3.5557,5.86268,13.28463,-6.58929,-1.40727,-1.26397,4.49287,1.30725,1.58341,1.59379,1.4573,-0.12492,-0.37268,0.48141,-0.54231,0.87349,-0.11851,0.07114,0.39792,1.28659,0.6638,0.02374,-2.00411,0.75466,0.22917,-0.54397
49.88,0.20084,-0.06337,-0.21395,0.21819,0,-0.39675,-0.36084,0.46935,-1.43723,-0.50442,-0.50821,-1.51401,0.98303,-6.52794,-3.27331,5.7541,14.57489,-7.09606,-1.81259,-0.9461,4.28446,1.2113,1.08338,1.52843,1.54697,-0.11359,-0.54209,0.54048,-0.32602,1.24078,-0.23928,0.09088,0.29957,1.25787,0.70736,0.17007,-1.92872,0.65009,0.20071,-0.55808
49.9,0.22542,-0.04522,-0.23523,0.16751,0,-0.41245,-0.38075,0.581,-1.38347,-0.40721,-0.45471,-1.40392,2.27034,-5.82323,-2.9836,5.41273,15.32019,-7.30358,-2.14532,-0.60506,3.98264,1.10623,0.56028,1.44237,1.59651,-0.10374,-0.69261,0.59407,-0.13141,1.5675,-0.34917,0.11088,0.20685,1.19806,0.74399,0.30383,-1.80027,0.53427,0.16324,-0.56372
49.92,0.24645,-0.02732,-0.25564,0.1184,0,-0.42487,-0.39473,0.67173,-1.30667,-0.29994,-0.37813,-1.2614,3.44224,-5.08197,-2.67957,4.9069,15.59284,-7.24618,-2.40185,-0.26658,3.59848,0.99682,0.05356,1.33484,1.59469,-0.09598,-0.81447,0.64049,0.02543,1.83601,-0.44307,0.13216,0.13422,1.11218,0.77476,0.41856,-1.62811,0.41207,0.11823,-0.5585
49.94,0.2644,-0.01042,-0.27569,0.07213,0,-0.4343,-0.40598,0.73781,-1.20916,-0.17726,-0.28194,-1.08896,4.42277,-4.35154,-2.35625,4.31397,15.51128,-6.98212,-2.58756,0.0377,3.14774,0.88834,-0.39163,1.20463,1.52881,-0.09064,-0.89803,0.67788,0.1325,2.02869,-0.51694,0.15557,0.09326,1.00693,0.80057,0.50949,-1.42373,0.28868,0.06763,-0.54153
49.96,0.27984,0.00485,-0.2956,0.03098,0,-0.44093,-0.41849,0.77672,-1.09417,-0.03258,-0.17161,-0.8923,5.13838,-3.67489,-2.01235,3.71264,15.22498,-6.58629,-2.71468,0.27078,2.65122,0.78671,-0.72611,1.05041,1.3845,-0.08782,-0.93406,0.70438,0.18281,2.12863,-0.56822,0.18181,0.09204,0.89,0.82211,0.57359,-1.19997,0.16931,0.01384,-0.51329
49.98,0.29334,0.01793,-0.31535,-0.00241,0,-0.44487,-0.43672,0.78746,-0.96588,0.14111,-0.05448,-0.68052,5.52307,-3.08693,-1.65121,3.17528,14.89548,-6.14089,-2.79928,0.3915,2.13465,0.69868,-0.89891,0.87086,1.14584,-0.08734,-0.91413,0.71833,0.1747,2.12045,-0.59609,0.21152,0.135,0.76946,0.83984,0.60928,-0.96999,0.05887,-0.04034,-0.47506
50,0.30549,0.02846,-0.33468,-0.02564,0,-0.44625,-0.46535,0.77072,-0.82924,0.35026,0.06058,-0.46582,5.52343,-2.61179,-1.2814,2.76114,14.67698,-5.72583,-2.85802,0.35629,1.62778,0.63209,-0.86049,0.66484,0.79589,-0.08883,-0.83113,0.71841,0.11179,1.99147,-0.60161,0.24526,0.22314,0.65304,0.85405,0.61623,-0.74635,-0.0384,-0.09186,-0.42845
50.02,0.3168,0.03619,-0.35309,-0.03711,0,-0.44516,-0.50887,0.72877,-0.68984,0.59971,0.16372,-0.26278,5.10279,-2.26125,-0.91689,2.51126,14.69935,-5.41036,-2.90532,0.12183,1.16258,0.59592,-0.56673,0.43145,0.31793,-0.09168,-0.67985,0.7038,0.00236,1.73291,-0.5877,0.2835,0.35433,0.54748,0.86477,0.59509,-0.54016,-0.11915,-0.13759,-0.37508
50.04,0.32764,0.04101,-0.36996,-0.03634,0,-0.44162,-0.5711,0.66526,-0.55356,0.89151,0.24494,-0.08716,4.24417,-2.03446,-0.57674,2.44533,15.05464,-5.24658,-2.95132,-0.35146,0.7702,0.60014,0.01636,0.16992,-0.30267,-0.09502,-0.45766,0.67412,-0.14154,1.34106,-0.55873,0.32653,0.52385,0.45806,0.87178,0.5475,-0.3603,-0.18114,-0.17457,-0.31635
50.06,0.33821,0.04292,-0.38452,-0.02411,0,-0.43546,-0.6547,0.58471,-0.42602,1.22384,0.29496,0.04576,2.952,-1.91872,-0.28438,2.56049,15.78787,-5.26503,-3.00069,-1.09522,0.47716,0.65521,0.90722,-0.12044,-1.07592,-0.09775,-0.16519,0.62943,-0.30531,0.81841,-0.51997,0.37426,0.72476,0.38816,0.87444,0.47605,-0.21289,-0.22326,-0.20032,-0.25355
50.08,0.34844,0.04197,-0.39602,-0.00244,0,-0.42617,-0.76063,0.4921,-0.31212,1.59001,0.30626,0.12293,1.25324,-1.89116,-0.06665,2.83184,16.8919,-5.47215,-3.05226,-2.12848,0.30125,0.77124,2.10344,-0.44012,-2.00423,-0.09853,0.19309,0.57019,-0.47293,0.17473,-0.47697,0.4261,0.94844,0.33901,0.87173,0.38449,-0.10089,-0.24551,-0.21311,-0.18803
50.1,0.35804,0.03827,-0.40376,0.02551,0,-0.41283,-0.88776,0.39235,-0.21559,1.97783,0.27394,0.13518,-0.80226,-1.92092,0.04746,3.21458,18.30597,-5.84948,-3.09938,-3.45299,0.24802,0.9567,3.57694,-0.78908,-3.07933,-0.09578,0.60828,0.49725,-0.62804,-0.57221,-0.43488,0.48076,1.18482,0.30968,0.86218,0.27783,-0.024,-0.24893,-0.21221,-0.12145
50.12,0.36641,0.03192,-0.40717,0.05566,0,-0.39408,-1.03254,0.28998,-0.1387,2.3694,0.19628,0.07852,-3.14232,-1.97187,0.02826,3.64758,19.91742,-6.35412,-3.13081,-5.04927,0.30843,1.21677,5.27081,-1.16582,-4.27945,-0.0878,1.06682,0.41193,-0.75465,-1.39624,-0.39786,0.53623,1.42266,0.29723,0.84396,0.16238,0.02106,-0.23543,-0.19802,-0.05588
50.14,0.37273,0.02307,-0.4059,0.08333,0,-0.36817,-1.18895,0.18893,-0.08215,2.74144,0.0751,-0.04518,-5.67416,-2.00539,-0.15288,4.05837,21.56657,-6.9207,-3.13178,-6.87371,0.45824,1.55131,7.09837,-1.56627,-5.56718,-0.0729,1.55057,0.31611,-0.83758,-2.26331,-0.36867,0.58978,1.64958,0.29708,0.815,0.04554,0.04,-0.2076,-0.17199,0.00611
50.16,0.37596,0.01187,-0.3998,0.10357,0,-0.33313,-1.3486,0.09243,-0.04514,3.06622,-0.08435,-0.22792,-8.28774,-1.98342,-0.52144,4.3695,23.05517,-7.46494,-3.08548,-8.85747,0.65894,1.95284,8.94518,-1.98235,-6.88851,-0.04956,2.0374,0.21238,-0.86267,-3.13257,-0.34836,0.6381,1.85222,0.30356,0.77313,-0.0646,0.04011,-0.16849,-0.13648,0.06167
50.18,0.37494,-0.00143,-0.38902,0.11158,0,-0.28695,-1.50109,0.00296,-0.02567,3.3132,-0.27355,-0.45595,-10.86034,-1.87151,-1.09719,4.50585,24.1589,-7.88925,-2.97478,-10.90732,0.86036,2.40493,10.674,-2.40082,-8.1734,-0.01669,2.50209,0.10419,-0.81713,-3.95832,-0.33612,0.67746,2.01649,0.31057,0.71641,-0.15981,0.0293,-0.12137,-0.09452,0.10785
50.2,0.36847,-0.0165,-0.37399,0.10326,0,-0.22796,-1.6346,-0.07764,-0.02092,3.45102,-0.48113,-0.71055,-13.26224,-1.64181,-1.89136,4.40241,24.64407,-8.0906,-2.78408,-12.9088,1.00454,2.88135,12.13298,-2.80256,-9.33822,0.02608,2.91759,-0.00405,-0.69004,-4.69236,-0.32931,0.70396,2.12803,0.31224,0.64345,-0.23244,0.01519,-0.06963,-0.04953,0.14197
50.22,0.35544,-0.03288,-0.35544,0.07577,0,-0.15514,-1.73661,-0.14811,-0.02785,3.44993,-0.69325,-0.96931,-15.36319,-1.27562,-2.90362,4.01193,24.2877,-7.97071,-2.50117,-14.73186,1.03087,3.34667,13.16686,-3.16277,-10.29023,0.07817,3.25642,-0.10697,-0.47328,-5.28679,-0.32368,0.7137,2.17294,0.30352,0.55376,-0.27619,0.00431,-0.0166,-0.00504,0.16186
50.24,0.33491,-0.04991,-0.33443,0.02808,0,-0.06852,-1.79485,-0.20768,-0.04389,3.28435,-0.89423,-1.20787,-17.03972,-0.76541,-4.11912,3.31177,22.90032,-7.44795,-2.11896,-16.23919,0.88215,3.75833,13.63086,-3.45208,-10.93415,0.13777,3.49234,-0.19832,-0.16276,-5.69701,-0.31375,0.70297,2.13873,0.2807,0.44816,-0.28686,0.00151,0.03444,0.03555,0.16618
50.26,0.30622,-0.06678,-0.31225,-0.03841,0,0.0305,-1.79827,-0.256,-0.06757,2.93557,-1.06721,-1.40208,-18.18321,-0.11616,-5.50603,2.30929,20.34995,-6.47017,-1.63687,-17.29688,0.5113,4.07024,13.40648,-3.63883,-11.18072,0.20171,3.60208,-0.27126,0.24009,-5.88496,-0.29332,0.66832,2.01543,0.2417,0.32903,-0.26313,0.00958,0.08039,0.06921,0.15463
50.28,0.2691,-0.08248,-0.29044,-0.11952,0,0.13896,-1.7382,-0.29311,-0.09902,2.39458,-1.19508,-1.53028,-18.70856,0.65409,-7.0142,1.0451,16.58515,-5.02623,-1.062,-17.78676,-0.1121,4.23751,12.41756,-3.69216,-10.95638,0.26544,3.56718,-0.31882,0.72686,-5.8224,-0.25612,0.60677,1.79679,0.18641,0.20052,-0.20708,0.0291,0.11831,0.0935,0.12807
50.3,0.22375,-0.09586,-0.2707,-0.20815,0,0.25223,-1.60944,-0.31945,-0.14012,1.6646,-1.26158,-1.57554,-18.56181,1.51474,-8.57533,-0.40714,11.65271,-3.15388,-0.40966,-17.61851,-0.99632,4.22178,10.64358,-3.58559,-10.21274,0.32319,3.37575,-0.33439,1.28113,-5.49375,-0.19644,0.516,1.48135,0.11667,0.06854,-0.1245,0.05842,0.14553,0.10671,0.08867
50.32,0.17089,-0.10574,-0.25488,-0.29464,0,0.36427,-1.41104,-0.33595,-0.19411,0.76283,-1.25256,-1.52739,-17.72529,2.42433,-10.10531,-1.94557,5.70535,-0.94095,0.2968,-16.7395,-2.12399,3.99629,8.12739,-3.30061,-8.93418,0.36848,3.02356,-0.31235,1.87822,-4.89775,-0.10978,0.39461,1.07297,0.03626,-0.0594,-0.0247,0.09396,0.15978,0.10804,0.03978
50.34,0.11182,-0.11096,-0.24489,-0.3676,0,0.46805,-1.14677,-0.344,-0.26476,-0.27887,-1.15745,-1.38298,-16.21915,3.33378,-11.50885,-3.45005,-1.00355,1.48125,1.02722,-15.14096,-3.45123,3.55023,4.97544,-2.82988,-7.14236,0.3948,2.51456,-0.24874,2.48598,-4.04769,0.0066,0.24238,0.58081,-0.04947,-0.17474,0.08018,0.13051,0.15942,0.09762,-0.01421
50.36,0.04832,-0.11055,-0.24259,-0.41511,0,0.55625,-0.82515,-0.34547,-0.35505,-1.41461,-0.97073,-1.14768,-14.09965,4.19076,-12.68638,-4.79608,-8.13728,3.95146,1.74684,-12.86074,-4.90939,2.89188,1.35092,-2.17974,-4.8976,0.3965,1.8607,-0.1418,3.06665,-2.97038,0.1532,0.06055,0.01867,-0.13407,-0.2686,0.17635,0.1619,0.14362,0.07652,-0.06822
50.38,-0.01737,-0.10388,-0.24975,-0.42628,0,0.62209,-0.45914,-0.34268,-0.46581,-2.58638,-0.69343,-0.83498,-11.45542,4.94478,-13.54238,-5.8704,-15.30207,6.29629,2.419,-9.9828,-6.40901,2.0501,-2.53823,-1.37178,-2.29735,0.36976,1.08148,0.00746,3.57948,-1.70436,0.32792,-0.14791,-0.59585,-0.21063,-0.33263,0.24985,0.18166,0.11264,0.04676,-0.11684
50.4,-0.08267,-0.09074,-0.26785,-0.39278,0,0.66,-0.06552,-0.33821,-0.59448,-3.72715,-0.33422,-0.46583,-8.40186,5.55201,-13.99366,-6.58528,-22.07794,8.34906,3.00811,-6.6336,-7.84549,1.07354,-6.45492,-0.44289,0.52838,0.31339,0.20314,0.19506,3.98385,-0.2977,0.52578,-0.37806,-1.24237,-0.27246,-0.35985,0.28818,0.18384,0.0679,0.01113,-0.15486
50.42,-0.14478,-0.07144,-0.29802,-0.31018,0,0.66619,0.33625,-0.33455,-0.73442,-4.76541,0.09002,-0.06712,-5.07365,5.97905,-13.97631,-6.88889,-28.05152,9.96676,3.48236,-2.97442,-9.10609,0.02675,-10.15073,0.55661,3.42495,0.22923,-0.74227,0.41404,4.2424,1.19451,0.73886,-0.62297,-1.89848,-0.3138,-0.34524,0.28182,0.16373,0.01201,-0.02704,-0.17765
50.44,-0.20083,-0.04675,-0.34086,-0.17888,0,0.63885,0.7255,-0.33361,-0.87477,-5.63086,0.55466,0.33055,-1.61497,6.2053,-13.45021,-6.77023,-32.8488,11.04362,3.81614,0.81078,-10.07806,-1.01687,-13.3854,1.5671,6.22471,0.12217,-1.71827,0.65504,4.32402,2.71309,0.95642,-0.87377,-2.54053,-0.33049,-0.28616,0.2256,0.1187,-0.05147,-0.06416,-0.18165
50.46,-0.24811,-0.01786,-0.39627,-0.00471,0,0.57817,1.0822,-0.33611,-1.00109,-6.26101,1.02848,0.69573,1.83166,6.22402,-12.40152,-6.25904,-36.16667,11.5207,3.99195,4.53091,-10.65762,-1.9844,-15.94716,2.52561,8.76153,-0.00032,-2.68564,0.90708,4.2067,4.19792,1.16538,-1.12002,-3.14429,-0.32054,-0.18251,0.11968,0.04879,-0.11836,-0.0968,-0.1647
50.48,-0.28423,0.01376,-0.46338,0.20105,0,0.48615,1.38881,-0.3411,-1.09655,-6.60781,1.47579,0.9992,5.13627,6.04213,-10.84362,-5.4214,-37.80098,11.39102,4.00202,8.00428,-10.75936,-2.81317,-17.67192,3.37246,10.88624,-0.12893,-3.60447,1.15862,3.88012,5.59137,1.35099,-1.35014,-3.68569,-0.28457,-0.03668,-0.02979,-0.04289,-0.18434,-0.12207,-0.12638
50.5,-0.30732,0.04648,-0.54043,0.42214,0,0.36633,1.63188,-0.34565,-1.14351,-6.64294,1.85909,1.21673,8.19001,5.67902,-8.81663,-4.35212,-37.66648,10.69947,3.84911,11.07331,-10.32481,-3.45881,-18.4585,4.05745,12.48055,-0.25346,-4.43617,1.39855,3.3478,6.84124,1.49785,-1.5521,-4.14161,-0.22599,0.14655,-0.21072,-0.15005,-0.24531,-0.13794,-0.0681
50.52,-0.31623,0.07862,-0.62478,0.63845,0,0.2235,1.80297,-0.34495,-1.12555,-6.36053,2.14223,1.33104,10.90991,5.16392,-6.38501,-3.16425,-35.80392,9.53626,3.54637,13.61504,-9.32883,-3.89965,-18.27707,4.54426,13.46711,-0.36387,-5.14543,1.61697,2.6283,7.90316,1.59118,-1.71404,-4.4907,-0.15074,0.36028,-0.40585,-0.2637,-0.29775,-0.14338,0.00702
50.54,-0.31053,0.10859,-0.71297,0.82775,0,0.06341,1.89883,-0.33274,-1.02943,-5.77671,2.29395,1.33294,13.2397,4.53205,-3.63297,-1.97641,-32.37222,8.02403,3.11606,15.54682,-7.78308,-4.13681,-17.16954,4.81283,13.81455,-0.45128,-5.70207,1.8057,1.75508,8.74218,1.61821,-1.82503,-4.71421,-0.06677,0.59583,-0.59435,-0.37312,-0.33887,-0.13834,0.0945
50.56,-0.29062,0.13494,-0.80089,0.96797,0,-0.10766,1.92098,-0.30224,-0.84721,-4.92661,2.29146,1.2216,15.14753,3.82004,-0.65826,-0.89901,-27.62835,6.30056,2.58723,16.82771,-5.73653,-4.19048,-15.24278,4.85959,13.53792,-0.50894,-6.08274,1.95852,0.77516,9.33394,1.5697,-1.87581,-4.79699,0.01698,0.84319,-0.75408,-0.46722,-0.36667,-0.12363,0.18907
50.58,-0.25768,0.1565,-0.88403,1.03963,0,-0.28314,1.87496,-0.24717,-0.57788,-3.85986,2.12378,1.00426,16.62215,3.06161,2.43439,-0.02147,-21.90034,4.50071,1.99315,17.45699,-3.27365,-4.09417,-12.65722,4.69646,12.69561,-0.53303,-6.27253,2.07128,-0.25343,9.66544,1.44137,-1.85961,-4.72879,0.09169,1.09158,-0.86417,-0.53624,-0.37993,-0.10057,0.28532
50.6,-0.21359,0.1724,-0.9578,1.02806,0,-0.45652,1.76939,-0.16279,-0.22858,-2.6358,1.79398,0.69558,17.66868,2.28448,5.53899,0.59756,-15.55804,2.7413,1.36856,17.4706,-0.5103,-3.88817,-9.61234,4.34868,11.38311,-0.52308,-6.26623,2.14193,-1.26521,9.73544,1.23486,-1.77295,-4.50561,0.14984,1.33,-0.9074,-0.57327,-0.37814,-0.0708,0.37835
50.62,-0.1608,0.18211,-1.01784,0.92502,0,-0.62153,1.61506,-0.04682,0.18535,-1.31902,1.31983,0.31663,18.30433,1.50907,8.55258,0.93525,-8.9841,1.11158,0.74725,16.93534,2.41296,-3.6138,-6.32985,3.85184,9.72371,-0.48196,-6.06863,2.17033,-2.19186,9.55386,0.95808,-1.61619,-4.13086,0.18616,1.54779,-0.87217,-0.57552,-0.36148,-0.03594,0.46421
50.64,-0.10212,0.18545,-1.06034,0.72963,0,-0.77237,1.42396,0.10004,0.6414,0.02467,0.73248,-0.10647,18.55458,0.74902,11.37798,1.00421,-2.54627,-0.32979,0.15989,15.94119,5.34049,-3.3089,-3.03506,3.24826,7.85603,-0.41539,-5.69378,2.15802,-2.96782,9.14016,0.6245,-1.39388,-3.61605,0.19843,1.73519,-0.75354,-0.54508,-0.33065,0.00255,0.5402
50.66,-0.04049,0.18258,-1.08235,0.44842,0,-0.90395,1.20845,0.27389,1.11186,1.3316,0.07338,-0.54416,18.4503,0.01328,13.92591,0.84736,3.42783,-1.55202,-0.36777,14.5926,8.11345,-3.0048,0.06236,2.58296,5.92006,-0.33099,-5.16342,2.10792,-3.5366,8.52102,0.25185,-1.11468,-2.98097,0.18793,1.88391,-0.55374,-0.48919,-0.28689,0.04356,0.60493
50.68,0.02135,0.17396,-1.0821,0.09489,0,-1.01212,0.98057,0.46783,1.56656,2.54325,-0.60995,-0.96529,18.02619,-0.691,16.11701,0.52977,8.67123,-2.54576,-0.81626,13.00001,10.58255,-2.72485,2.78581,1.90002,4.04354,-0.2372,-4.50511,2.02407,-3.85684,7.72802,-0.13971,-0.79116,-2.25339,0.15962,1.98773,-0.28189,-0.41995,-0.23181,0.08636,0.6582
50.7,0.08101,0.16031,-1.05918,-0.31138,0,-1.09393,0.75144,0.67243,1.9756,3.60866,-1.26849,-1.33922,17.32017,-1.3557,17.88399,0.12879,12.99115,-3.31548,-1.17311,11.27236,12.61968,-2.48413,5.00492,1.23952,2.33115,-0.14228,-3.75036,1.9116,-3.90717,6.79571,-0.52949,-0.43922,-1.4682,0.12193,2.04305,0.04665,-0.35363,-0.16738,0.13061,0.70073
50.72,0.13664,0.14256,-1.01464,-0.74603,0,-1.14791,0.53087,0.8766,2.31188,4.48653,-1.85613,-1.63802,16.37265,-1.96962,19.174,-0.27585,16.27385,-3.87234,-1.43285,9.51061,14.12674,-2.28995,6.64235,0.63558,0.85805,-0.05347,-2.9328,1.77658,-3.68855,5.75999,-0.89792,-0.07717,-0.66561,0.08619,2.04931,0.41148,-0.30943,-0.09577,0.17622,0.73372
50.74,0.18695,0.12171,-0.95088,-1.18159,0,-1.17416,0.32696,1.06877,2.55316,5.14705,-2.33365,-1.83874,15.22512,-2.51779,19.95102,-0.61135,18.48076,-4.22899,-1.59635,7.80193,15.04087,-2.14287,7.67387,0.11513,-0.33213,0.0235,-2.0864,1.62602,-3.22393,4.65686,-1.22788,0.27563,0.11169,0.06565,2.00904,0.78875,-0.30777,-0.0192,0.22325,0.75822
50.76,0.23119,0.0988,-0.87142,-1.58947,0,-1.17454,0.14572,1.23821,2.6836,5.57352,-2.67204,-1.92566,13.91825,-2.98213,20.19853,-0.81974,19.63829,-4.39678,-1.66962,6.21506,15.33657,-2.03807,8.12268,-0.30239,-1.22511,0.08461,-1.24374,1.46771,-2.55526,3.52121,-1.50574,0.60037,0.82227,0.07416,1.92783,1.15309,-0.36821,0.06026,0.27167,0.77451
50.78,0.26905,0.07473,-0.78051,-1.94203,0,-1.15268,-0.00909,1.37641,2.69479,5.76361,-2.85494,-1.89213,12.49026,-3.34326,19.92235,-0.86391,19.82469,-4.38504,-1.66244,4.79713,15.02546,-1.96689,8.05027,-0.60499,-1.83122,0.12757,-0.43455,1.3101,-1.73918,2.3861,-1.72198,0.88061,1.43005,0.12477,1.81403,1.47964,-0.50734,0.14091,0.32115,0.78157
50.8,0.3006,0.05022,-0.68285,-2.21464,0,-1.11392,-0.13608,1.47812,2.58632,5.72976,-2.87977,-1.74157,10.97592,-3.5831,19.15245,-0.73085,19.15633,-4.20185,-1.58707,3.57275,14.15385,-1.91846,7.54558,-0.78782,-2.17925,0.15166,0.31539,1.16197,-0.84196,1.28225,-1.87138,1.10381,1.90817,0.22833,1.67838,1.74584,-0.73684,0.22158,0.37091,0.77662
50.82,0.32615,0.02575,-0.58326,-2.38734,0,-1.06501,-0.23598,1.54188,2.36555,5.49804,-2.7573,-1.48709,9.40606,-3.68758,17.94216,-0.43181,17.77476,-3.85564,-1.45705,2.5454,12.79767,-1.88131,6.71357,-0.85274,-2.31007,0.15756,0.985,1.03202,0.06551,0.2377,-1.95275,1.26243,2.242,0.3924,1.5333,1.93288,-1.06211,0.3017,0.41957,0.75516
50.84,0.34611,0.0015,-0.48633,-2.44614,0,-1.01358,-0.31125,1.56984,2.04658,5.10527,-2.50943,-1.14964,7.8073,-3.64925,16.36389,0.00105,15.83507,-3.35675,-1.28626,1.70099,11.05463,-1.8448,5.6642,-0.80797,-2.27064,0.14708,1.55826,0.92802,0.91243,-0.72284,-1.96815,1.35441,2.43102,0.62038,1.39198,2.02648,-1.4814,0.38126,0.46506,0.7111
50.86,0.36095,-0.02262,-0.39614,-2.38391,0,-0.96739,-0.36548,1.56707,1.64874,4.59473,-2.1657,-0.75499,6.20198,-3.46953,14.50224,0.52046,13.4962,-2.71908,-1.08814,1.01307,9.03472,-1.80038,4.50233,-0.66766,-2.10902,0.12293,2.02455,0.85598,1.63244,-1.57868,-1.92187,1.38317,2.48946,0.91117,1.26713,2.0174,-1.98568,0.46073,0.50464,0.63742
50.88,0.37108,-0.04693,-0.31603,-2.20096,0,-0.93352,-0.40271,1.54058,1.19473,4.01154,-1.759,-0.33024,4.60866,-3.16026,12.44638,1.07127,10.91335,-1.96124,-0.87524,0.44865,6.85056,-1.7425,3.31967,-0.45153,-1.87046,0.08856,2.37871,0.81914,2.16726,-2.31421,-1.81931,1.3571,2.44574,1.25889,1.16988,1.90145,-2.5589,0.54086,0.53494,0.52689
50.9,0.37685,-0.07193,-0.24837,-1.9051,0,-0.91763,-0.4269,1.49814,0.70891,3.39831,-1.32047,0.09921,3.04302,-2.74434,10.28314,1.59762,8.2324,-1.10744,-0.65888,-0.02623,4.60921,-1.66915,2.18919,-0.18409,-1.59481,0.04786,2.62107,0.81733,2.4694,-2.91972,-1.66617,1.28874,2.34063,1.65305,1.10864,1.67929,-3.17858,0.62245,0.55207,0.37306
50.92,0.37853,-0.0982,-0.19455,-1.51116,0,-0.92334,-0.44141,1.44729,0.21579,2.79187,-0.87438,0.51193,1.51908,-2.2548,8.0917,2.04879,5.5852,-0.18752,-0.44892,-0.44203,2.40608,-1.58176,1.16247,0.10657,-1.31504,0.005,2.75709,0.84664,2.50378,-3.39195,-1.46794,1.19347,2.22387,2.0788,1.08839,1.35591,-3.8166,0.70608,0.55167,0.17119
50.94,0.37631,-0.12622,-0.15495,-1.0397,0,-0.95183,-0.44878,1.39433,-0.26136,2.22097,-0.43544,0.89135,0.05026,-1.73219,5.93987,2.38351,3.08502,0.76396,-0.25352,-0.82275,0.32103,-1.48438,0.2697,0.39057,-1.05674,-0.03585,2.79679,0.89954,2.24818,-3.73424,-1.22967,1.088,2.14925,2.51746,1.11013,0.93969,-4.44016,0.79178,0.52909,-0.08087
50.96,0.37032,-0.15629,-0.12897,-0.51523,0,-1.00159,-0.45061,1.34363,-0.7016,1.7052,-0.0101,1.22581,-1.3499,-1.22063,3.88197,2.57241,0.82212,1.70954,-0.07896,-1.18468,-1.58359,-1.38243,-0.47814,0.63866,-0.83829,-0.07084,2.75382,0.96547,1.69308,-3.95631,-0.95622,0.98849,2.16863,2.94725,1.17077,0.44149,-5.013,0.87875,0.47947,-0.38204
50.98,0.36064,-0.18835,-0.11516,0.03584,0,-1.06842,-0.44763,1.29712,-1.08737,1.25493,0.39966,1.50788,-2.66728,-0.76322,1.95831,2.59917,-1.14002,2.61128,0.07057,-1.53629,-3.26336,-1.28113,-1.08577,0.82464,-0.67153,-0.09669,2.64462,1.03168,0.84123,-4.07374,-0.65261,0.90885,2.3257,3.34426,1.26323,-0.12618,-5.49686,0.96509,0.398,-0.72753
51,0.34734,-0.22188,-0.11132,0.58717,0,-1.14556,-0.43981,1.25408,-1.40533,0.87209,0.79275,1.73341,-3.88702,-0.39772,0.19592,2.46047,-2.76665,3.4334,0.19305,-1.8791,-4.69076,-1.18419,-1.56929,0.92758,-0.56264,-0.11092,2.48736,1.08424,-0.29256,-4.10712,-0.32468,0.85926,2.65027,3.68356,1.37686,-0.74953,-5.85323,1.04773,0.28024,-1.10877
51.02,0.33046,-0.25585,-0.11467,1.1141,0,-1.22401,-0.42651,1.21128,-1.64698,0.55163,1.16759,1.90075,-4.99369,-0.15303,-1.3898,2.16498,-4.05109,4.14474,0.28854,-2.20894,-5.85322,-1.09268,-1.95176,0.93335,-0.51296,-0.11206,2.30089,1.10904,-1.68125,-4.08055,0.02041,0.84519,3.15407,3.94023,1.49807,-1.41319,-6.04498,1.12235,0.12252,-1.51361
51.04,0.31003,-0.2887,-0.12199,1.59495,0,-1.29299,-0.40666,1.16327,-1.80916,0.28332,1.52234,2.01011,-5.97176,-0.04692,-2.7931,1.73152,-5.01133,4.72085,0.35891,-2.51758,-6.75036,-1.00447,-2.25897,0.8353,-0.51974,-0.09961,2.10346,1.09272,-3.28524,-4.01952,0.37375,0.86699,3.82826,4.09043,1.61118,-2.09949,-6.03817,1.18359,-0.07752,-1.92711
51.06,0.28598,-0.31841,-0.12982,2.01195,0,-1.34057,-0.37887,1.10295,-1.89422,0.05388,1.8549,2.06337,-6.80658,-0.08491,-4.01578,1.18663,-5.68462,5.14569,0.40745,-2.79435,-7.39115,-0.9141,-2.51571,0.63414,-0.57669,-0.07405,1.91141,1.0235,-5.05181,-3.94831,0.72463,0.91999,4.64284,4.11256,1.69952,-2.78741,-5.80394,1.22526,-0.32033,-2.33257
51.08,0.25818,-0.34266,-0.13464,2.35193,0,-1.35446,-0.34163,1.02239,-1.91001,-0.15096,2.16175,2.06401,-7.48576,-0.26023,-5.06542,0.56211,-6.12097,5.41268,0.43839,-3.02786,-7.79127,-0.81322,-2.7428,0.33748,-0.67436,-0.03674,1.73786,0.89214,-6.91454,-3.88741,1.06069,0.99508,5.54772,3.98864,1.74657,-3.45176,-5.32081,1.24081,-0.60383,-2.71273
51.1,0.22639,-0.35899,-0.13309,2.60658,0,-1.32299,-0.29348,0.91371,-1.86922,-0.34461,2.43686,2.01719,-8.00063,-0.55471,-5.95355,-0.10728,-6.37667,5.52479,0.45642,-3.20733,-7.97092,-0.69135,-2.95484,-0.04098,-0.80046,0.01023,1.59187,0.69281,-8.79285,-3.85119,1.36835,1.07962,6.47533,3.70592,1.73735,-4.06284,-4.57728,1.22382,-0.92277,-3.0509
51.12,0.19036,-0.36502,-0.12214,2.77236,0,-1.23612,-0.23331,0.77007,-1.7881,-0.538,2.67133,1.92954,-8.34728,-0.94055,-6.69387,-0.7858,-6.50831,5.49314,0.46626,-3.32363,-7.95283,-0.53712,-3.15887,-0.4823,-0.94008,0.06418,1.47775,0.42397,-10.59208,-3.84614,1.63362,1.15857,7.34433,3.25848,1.65955,-4.58699,-3.57431,1.16855,-1.26818,-3.33152
51.14,0.14989,-0.35875,-0.09935,2.84999,0,-1.0865,-0.16057,0.58665,-1.68431,-0.73855,2.85379,1.80857,-8.52694,-1.38292,-7.30047,-1.43843,-6.56775,5.33421,0.47226,-3.36968,-7.76041,-0.33964,-3.35377,-0.96314,-1.07605,0.122,1.39499,0.0892,-12.20464,-3.86979,1.843,1.21586,8.06484,2.64853,1.50465,-4.98817,-2.32734,1.07042,-1.62701,-3.5404
51.16,0.10499,-0.33879,-0.063,2.84363,0,-0.87041,-0.07562,0.36145,-1.57439,-0.9496,2.9717,1.66191,-8.54587,-1.84314,-7.78617,-2.03244,-6.59816,5.06612,0.47809,-3.34053,-7.41627,-0.09007,-3.53057,-1.45666,-1.18938,0.1803,1.33844,-0.30234,-13.51312,-3.91051,1.98472,1.23584,8.54494,1.88746,1.26877,-5.23058,-0.86755,0.92647,-1.98221,-3.66459
51.18,0.05595,-0.30457,-0.01231,2.76004,0,-0.58863,0.02011,0.096,-1.47121,-1.1703,3.01318,1.49654,-8.41493,-2.28207,-8.16146,-2.53874,-6.63131,4.70511,0.48645,-3.23315,-6.94137,0.21699,-3.67341,-1.93333,-1.25977,0.23558,1.29909,-0.73569,-14.39635,-3.94841,2.05004,1.20488,8.69869,0.99643,0.95334,-5.28212,0.75776,0.73582,-2.31314,-3.69242
51.2,0.00349,-0.25657,0.05248,2.60781,0,-0.24698,0.12405,-0.20429,-1.3822,-1.39619,2.96926,1.31825,-8.1488,-2.66339,-8.43396,-2.93327,-6.68598,4.26319,0.49893,-3.04613,-6.35488,0.58237,-3.76138,-2.36173,-1.26632,0.28438,1.26513,-1.19057,-14.73846,-3.95724,2.03437,1.11292,8.45513,0.00621,0.56543,-5.11797,2.48613,0.50007,-2.59656,-3.61381
51.22,-0.05124,-0.19634,0.13001,2.39661,0,0.14364,0.23256,-0.53016,-1.30862,-1.62012,2.83605,1.13152,-7.76447,-2.95625,-8.60828,-3.198,-6.76722,3.7475,0.51588,-2.77918,-5.67452,1.00169,-3.77074,-2.70912,-1.18832,0.32334,1.22354,-1.64251,-14.44085,-3.90756,1.93794,0.95477,7.7675,-1.04398,0.11762,-4.72379,4.24279,0.22363,-2.80818,-3.42112
51.24,-0.1067,-0.1264,0.21796,2.13642,0,0.56789,0.34131,-0.86911,-1.24616,-1.83365,2.61671,0.9399,-7.27903,-3.1372,-8.68612,-3.32195,-6.86645,3.16164,0.53637,-2.43244,-4.91708,1.46553,-3.67763,-2.94224,-1.00614,0.34931,1.16177,-2.06497,-13.43617,-3.77062,1.76595,0.73107,6.62176,-2.10902,-0.37274,-4.09799,5.94553,-0.08628,-2.92477,-3.11031
51.26,-0.16107,-0.05002,0.31315,1.83689,0,1.00707,0.44578,-1.20644,-1.18662,-2.02878,2.32304,0.74656,-6.70718,-3.19146,-8.6669,-3.30182,-6.96239,2.50842,0.5582,-2.00588,-4.09914,1.96008,-3.46106,-3.02815,-0.70237,0.35941,1.06967,-2.43201,-11.70278,-3.52288,1.52813,0.4489,5.04352,-3.14136,-0.88484,-3.25313,7.51133,-0.41974,-2.92661,-2.68245
51.28,-0.2124,0.02907,0.41181,1.50701,0,1.44068,0.54181,-1.52652,-1.12017,-2.19953,1.97648,0.55504,-6.05921,-3.1136,-8.54865,-3.14252,-7.02321,1.79337,0.57809,-1.49895,-3.23783,2.46826,-3.10596,-2.93561,-0.2633,0.35111,0.94113,-2.72128,-9.27721,-3.15031,1.23801,0.1217,3.10197,-4.09503,-1.39602,-2.21656,8.86369,-0.76448,-2.80012,-2.14519
51.3,-0.25878,0.10699,0.50985,1.15499,0,1.84799,0.62612,-1.8142,-1.03778,-2.34311,1.60633,0.3698,-5.34007,-2.90749,-8.3293,-2.85723,-7.00991,1.02792,0.59198,-0.91071,-2.35156,2.97105,-2.60593,-2.63688,0.31934,0.32234,0.77535,-2.91652,-6.26082,-2.65177,0.91196,-0.23139,0.90886,-4.92909,-1.88352,-1.03032,9.93909,-1.10653,-2.54022,-1.5139
51.32,-0.29845,0.18001,0.60313,0.78855,0,2.20946,0.69651,-2.05592,-0.93305,-2.4602,1.24289,0.1963,-4.55,-2.58554,-8.00769,-2.46648,-6.88085,0.23109,0.5954,-0.24059,-1.46026,3.44858,-1.9651,-2.11004,1.04624,0.2716,0.5771,-3.00924,-2.81688,-2.0404,0.56801,-0.58706,-1.38945,-5.60997,-2.32604,0.25005,10.69126,-1.43102,-2.15165,-0.81167
51.34,-0.3299,0.24479,0.68772,0.41531,0,2.50799,0.75182,-2.24062,-0.80331,-2.55438,0.90898,0.04058,-3.68635,-2.16695,-7.5841,-1.99648,-6.59724,-0.57071,0.58411,0.51049,-0.58501,3.88114,-1.19896,-1.34161,1.90837,0.19814,0.35615,-2.999,0.84339,-1.34265,0.22455,-0.92028,-3.62726,-6.11244,-2.70516,1.55807,11.09266,-1.72316,-1.64924,-0.06814
51.36,-0.35192,0.29857,0.76012,0.0433,0,2.72986,0.79169,-2.36034,-0.64991,-2.63063,0.61642,-0.09168,-2.74653,-1.6754,-7.06058,-1.4765,-6.12902,-1.34583,0.55466,1.33861,0.25305,4.24996,-0.33399,-0.3298,2.88476,0.10213,0.12577,-2.89273,4.48405,-0.59527,-0.10112,-1.20733,-5.64027,-6.41954,-3.00654,2.82024,11.13381,-1.96951,-1.05692,0.68287
51.38,-0.36357,0.33935,0.81754,-0.31858,0,2.86563,0.81618,-2.41068,-0.47784,-2.69372,0.36764,-0.19625,-1.73154,-1.13655,-6.44115,-0.93615,-5.46051,-2.06072,0.50506,2.23532,1.03411,4.5378,0.59347,0.91201,3.94077,-0.01509,-0.09917,-2.70335,7.87176,0.15902,-0.39405,-1.42888,-7.28773,-6.52205,-3.22085,3.96114,10.82151,-2.15917,-0.40592,1.40639
51.4,-0.3643,0.36595,0.85802,-0.6604,0,2.91064,0.82547,-2.39099,-0.29497,-2.74656,0.15869,-0.27131,-0.64911,-0.57574,-5.73221,-0.40292,-4.5944,-2.68359,0.43519,3.1864,1.74115,4.72942,1.53898,2.35144,5.02686,-0.15068,-0.30412,-2.44812,10.80151,0.87612,-0.64268,-1.5725,-8.47078,-6.41804,-3.34435,4.90932,10.17677,-2.28476,0.26764,2.06938
51.42,-0.35391,0.37808,0.8806,-0.97139,0,2.8652,0.81958,-2.30431,-0.11096,-2.78917,-0.01831,-0.31793,0.48418,-0.01618,-4.94292,0.09958,-3.55316,-3.18763,0.34698,4.17116,2.36112,4.81153,2.45232,3.93374,6.07857,-0.29999,-0.47649,-2.14677,13.1156,1.5148,-0.8394,-1.63388,-9.14281,-6.11249,-3.37878,5.60357,9.23259,-2.34294,0.92567,2.64332
51.44,-0.3326,0.37622,0.88523,-1.24063,0,2.73424,0.79827,-2.15692,0.06406,-2.81812,-0.17299,-0.33993,1.64246,0.52236,-4.0852,0.55269,-2.37687,-3.55339,0.24424,5.16253,2.8858,4.77247,3.28044,5.57946,7.01805,-0.45625,-0.6067,-1.81969,14.71391,2.04021,-0.98058,-1.61667,-9.30997,-5.61718,-3.3306,5.99918,8.03183,-2.3343,1.53134,3.10617
51.46,-0.30098,0.36155,0.87271,-1.45814,0,2.52665,0.76111,-1.95764,0.22071,-2.82677,-0.3149,-0.34327,2.79178,1.02427,-3.17373,0.94297,-1.11842,-3.77028,0.13217,6.12813,3.31225,4.60174,3.97095,7.18428,7.75773,-0.61042,-0.68881,-1.48622,15.55595,2.42657,-1.06631,-1.53104,-9.02314,-4.95071,-3.20976,6.07379,6.62515,-2.2628,2.05246,3.44361
51.48,-0.26011,0.33582,0.84457,-1.61616,0,2.25457,0.70765,-1.71716,0.35164,-2.80608,-0.45193,-0.33506,3.89255,1.47845,-2.22579,1.26206,0.16297,-3.83731,0.01667,7.03213,3.64296,4.28976,4.47613,8.62176,8.20639,-0.75127,-0.72071,-1.16327,15.65709,2.65899,-1.09979,-1.39152,-8.36486,-4.1387,-3.02836,5.83191,5.06929,-2.13507,2.46456,3.64977
51.5,-0.21148,0.30114,0.8029,-1.7102,0,1.93249,0.63763,-1.44734,0.45233,-2.74582,-0.5888,-0.3225,4.90258,1.87811,-1.26117,1.50615,1.40803,-3.763,-0.09626,7.8377,3.88542,3.82825,4.75699,9.75016,8.2778,-0.8659,-0.70394,-0.86438,15.08092,2.73427,-1.08672,-1.21472,-7.43485,-3.21372,-2.79948,5.30675,3.42557,-1.95968,2.75303,3.7272
51.52,-0.15697,0.25993,0.75027,-1.73961,0,1.57654,0.55126,-1.16064,0.52154,-2.63602,-0.72582,-0.31186,5.78015,2.22016,-0.30184,1.67523,2.56275,-3.5645,-0.20112,8.50943,4.05112,3.21111,4.78693,10.42383,7.9013,-0.94067,-0.64331,-0.59926,13.92887,2.66058,-1.03454,-1.01732,-6.33668,-2.21443,-2.53624,4.55805,1.75795,-1.74659,2.91388,3.68614
51.54,-0.09875,0.21468,0.68943,-1.70756,0,1.20352,0.44934,-0.86948,0.56118,-2.46837,-0.85868,-0.30776,6.48705,2.50416,0.62866,1.77227,3.58197,-3.26567,-0.29332,9.01588,4.15382,2.43583,4.5548,10.50906,7.03375,-0.96267,-0.54614,-0.37378,12.32809,2.45593,-0.95179,-0.81451,-5.16722,-1.18365,-2.25122,3.66546,0.13034,-1.50668,2.95291,3.54292
51.56,-0.03913,0.16788,0.62323,-1.62038,0,0.83003,0.33337,-0.58578,0.57578,-2.23747,-0.981,-0.31267,6.9913,2.73123,1.50627,1.80244,4.43153,-2.8946,-0.36944,9.3319,4.20736,1.50531,4.067,9.90313,5.67115,-0.92148,-0.4215,-0.19029,10.41871,2.1458,-0.84742,-0.61888,-4.00932,-0.16532,-1.95604,2.71834,-1.39682,-1.25133,2.8836,3.31787
51.58,0.01961,0.12182,0.55438,-1.48669,0,0.47156,0.20556,-0.32035,0.57166,-1.94204,-1.08795,-0.32674,7.26985,2.90299,2.30768,1.77243,5.08913,-2.48089,-0.42735,9.44106,4.22362,0.42991,3.34858,8.55377,3.85787,-0.81112,-0.27928,-0.0482,8.34205,1.76029,-0.73018,-0.43999,-2.92775,0.79869,-1.66123,1.80427,-2.77019,-0.99219,2.72449,3.03308
51.6,0.07537,0.07852,0.48533,-1.31643,0,0.14174,0.06888,-0.08255,0.55606,-1.58568,-1.17778,-0.34794,7.31075,3.02079,3.01169,1.68997,5.54424,-2.05314,-0.4662,9.33753,4.21089,-0.77047,2.44268,6.47501,1.69027,-0.6316,-0.12947,0.05538,6.23081,1.3314,-0.60824,-0.28419,-1.96793,1.67165,-1.37617,0.99856,-3.94651,-0.74078,2.49648,2.71046
51.62,0.12631,0.03964,0.41822,-1.12,0,-0.14826,-0.07302,0.12015,0.53623,-1.17724,-1.25082,-0.37258,7.11445,3.08533,3.60044,1.56337,5.79712,-1.63677,-0.48634,9.02692,4.17285,-2.06492,1.40773,3.75551,-0.68821,-0.38993,0.01853,0.12488,4.20139,0.89034,-0.48876,-0.15489,-1.15673,2.42396,-1.10903,0.35654,-4.89454,-0.50795,2.22059,2.3701
51.64,0.17092,0.00641,0.35478,-0.90759,0,-0.3902,-0.21585,0.2825,0.51864,-0.73038,-1.30799,-0.396,6.69389,3.09657,4.06039,1.40118,5.85709,-1.25227,-0.48907,8.52583,4.10834,-3.41092,0.31217,0.55711,-3.10138,-0.10011,0.1564,0.16568,2.34824,0.4653,-0.37762,-0.05297,-0.50484,3.03425,-0.86643,-0.09039,-5.59555,-0.3031,1.91628,2.02909
51.66,0.208,-0.02043,0.29628,-0.68862,0,-0.57917,-0.35483,0.40178,0.50837,-0.26265,-1.34993,-0.41351,6.07369,3.05407,4.38328,1.21181,5.74057,-0.91396,-0.47639,7.86011,4.01182,-4.75504,-0.77273,-2.89613,-5.36215,0.21765,0.27736,0.18347,0.74015,0.07955,-0.27915,0.02269,-0.00983,3.48947,-0.65306,-0.3351,-6.04294,-0.13322,1.60038,1.70076
51.68,0.23665,-0.04061,0.24356,-0.47144,0,-0.71378,-0.48495,0.47801,0.50861,0.20591,-1.37657,-0.42127,5.28868,2.95761,4.5668,1.00323,5.4692,-0.62937,-0.45075,7.06267,3.87448,-6.03469,-1.78063,-6.33585,-7.29715,0.53842,0.37632,0.18382,-0.58146,-0.2499,-0.19602,0.0746,0.34037,3.78452,-0.47124,-0.39236,-6.24111,-0.00198,1.2866,1.39432
51.7,0.25624,-0.05434,0.19705,-0.26329,0,-0.79609,-0.60114,0.51397,0.52053,0.65428,-1.38715,-0.41698,4.38199,2.80801,4.61505,0.78284,5.06816,-0.39945,-0.41477,6.17098,3.6859,-7.18104,-2.65698,-9.47171,-8.76863,0.83452,0.4501,0.17188,-1.60196,-0.51289,-0.12923,0.10617,0.56416,3.92138,-0.32072,-0.29443,-6.20407,0.09078,0.98552,1.11495
51.72,0.26643,-0.06225,0.1568,-0.07026,0,-0.83122,-0.69863,0.51487,0.54331,1.06193,-1.3804,-0.40019,3.40244,2.60769,4.53817,0.55734,4.56479,-0.21948,-0.3711,5.22435,3.43564,-8.12283,-3.36364,-12.01583,-9.68872,1.07775,0.4973,0.1521,-2.33044,-0.70593,-0.07829,0.1212,0.6833,3.90802,-0.19881,-0.08551,-5.95369,0.14903,0.70472,0.86413
51.74,0.26712,-0.06525,0.12259,0.10255,0,-0.82656,-0.77324,0.48774,0.57446,1.41037,-1.35496,-0.37209,2.40114,2.36114,4.3514,0.33262,3.98718,-0.08076,-0.32227,4.26076,3.11487,-8.79112,-3.88077,-13.70805,-10.02394,1.24179,0.51814,0.12817,-2.7945,-0.8312,-0.04158,0.12355,0.72048,3.75701,-0.10092,0.18451,-5.51761,0.17978,0.44904,0.64022
51.76,0.25846,-0.06441,0.09399,0.25095,0,-0.79072,-0.82169,0.44053,0.61033,1.68443,-1.30977,-0.33501,1.4276,2.07488,4.07336,0.1137,3.36284,0.02721,-0.27059,3.31375,2.71772,-9.1249,-4.20625,-14.34051,-9.79113,1.30466,0.51407,0.10295,-3.03354,-0.89501,-0.01675,0.11682,0.69747,3.4842,-0.0213,0.46632,-4.92709,0.19188,0.22089,0.43923
51.78,0.2409,-0.06083,0.0705,0.37158,0,-0.7325,-0.84197,0.38116,0.6467,1.87357,-1.24449,-0.29171,0.52586,1.75746,3.72442,-0.0953,2.71764,0.11457,-0.21806,2.40971,2.24252,-9.07713,-4.35325,-13.77945,-9.04756,1.25096,0.48748,0.07855,-3.09189,-0.90604,-0.00125,0.10418,0.63385,3.10764,0.04591,0.71672,-4.21524,0.19445,0.02054,0.25566
51.8,0.2152,-0.05546,0.05157,0.46188,0,-0.65989,-0.83363,0.31665,0.67942,1.97266,-1.15981,-0.24471,-0.26865,1.41908,3.32506,-0.29111,2.07509,0.18932,-0.16643,1.56609,1.6928,-8.62055,-4.34657,-11.98106,-7.8787,1.07366,0.44137,0.05639,-3.01267,-0.8737,0.00727,0.08829,0.54623,2.64683,0.1058,0.90293,-3.41582,0.19544,-0.15344,0.08353
51.82,0.18242,-0.04909,0.03671,0.52017,0,-0.57942,-0.79788,0.25255,0.70492,1.98237,-1.05767,-0.19579,-0.93116,1.07126,2.89466,-0.47112,1.45573,0.25625,-0.11714,0.79091,1.07784,-7.752,-4.21819,-8.99786,-6.38564,0.77497,0.37907,0.03731,-2.83335,-0.80691,0.01071,0.07123,0.44799,2.12231,0.16193,1.0048,-2.56234,0.20061,-0.3035,-0.08247
51.84,0.14393,-0.04225,0.02546,0.54577,0,-0.49586,-0.73754,0.19266,0.7205,1.90881,-0.9411,-0.14587,-1.44836,0.72607,2.45052,-0.63311,0.87665,0.31687,-0.07133,0.08345,0.41266,-6.49472,-4.00239,-4.9744,-4.67389,0.36627,0.30406,0.02167,-2.5833,-0.71331,0.01042,0.05454,0.3492,1.55536,0.21589,1.01508,-1.6876,0.21288,-0.43244,-0.24588
51.86,0.10134,-0.03526,0.0175,0.53916,0,-0.41219,-0.65679,0.13899,0.72457,1.76278,-0.81394,-0.09509,-1.81804,0.3954,2.00723,-0.77504,0.35103,0.37007,-0.02984,-0.56405,-0.28265,-4.89854,-3.73107,-0.13416,-2.84442,-0.13279,0.21978,0.00948,-2.28322,-0.59896,0.00723,0.03927,0.25695,0.96778,0.26723,0.93786,-0.82317,0.23232,-0.54256,-0.40752
51.88,0.05641,-0.02826,0.01254,0.50223,0,-0.32986,-0.56086,0.09207,0.71667,1.55866,-0.68053,-0.04318,-2.04802,0.09009,1.57646,-0.89477,-0.11211,0.41327,0.00676,-1.164,-0.98392,-3.03849,-3.42992,5.23839,-0.98788,-0.69565,0.12963,0.00052,-1.94624,-0.46856,0.00166,0.02606,0.17569,0.38168,0.31362,0.78606,0.0009,0.25653,-0.63504,-0.56479
51.9,0.01099,-0.02129,0.01034,0.43842,0,-0.24929,-0.45564,0.05139,0.69742,1.31329,-0.54539,0.01014,-2.15439,-0.18065,1.16705,-0.99004,-0.50788,0.4436,0.03822,-1.73058,-1.66422,-1.01176,-3.11631,10.81645,0.81772,-1.29032,0.03691,-0.00561,-1.5801,-0.32589,-0.0059,0.01519,0.10774,-0.1808,0.35139,0.57845,0.75651,0.28133,-0.70958,-0.7117
51.92,-0.03307,-0.01431,0.01068,0.35274,0,-0.17037,-0.34727,0.01598,0.66839,1.04463,-0.41303,0.06466,-2.1592,-0.40957,0.78544,-1.05849,-0.83508,0.45892,0.0645,-2.27692,-2.29533,1.06707,-2.79899,16.24796,2.50574,-1.88076,-0.05516,-0.00937,-1.18996,-0.17445,-0.01505,0.00671,0.05375,-0.69799,0.3762,0.33678,1.41805,0.30176,-0.76447,-0.8395
51.94,-0.07399,-0.00734,0.01335,0.25163,0,-0.09311,-0.24169,-0.01501,0.63176,0.77053,-0.28788,0.11937,-2.08779,-0.59142,0.4362,-1.09796,-1.0954,0.45822,0.08574,-2.81244,-2.84946,3.07314,-2.47977,21.17058,4.01711,-2.42824,-0.14336,-0.01125,-0.78114,-0.01811,-0.02523,0.00045,0.01317,-1.14947,0.38397,0.0833,1.96323,0.31307,-0.79711,-0.93818
51.96,-0.11019,-0.00046,0.01807,0.14256,0,-0.01806,-0.14417,-0.04172,0.59004,0.50745,-0.17423,0.17213,-1.96602,-0.72283,0.12252,-1.10679,-1.29239,0.4417,0.10218,-3.34071,-3.30116,4.88011,-2.15648,25.2263,5.29544,-2.89267,-0.22454,-0.01171,-0.36168,0.13831,-0.0357,-0.00383,-0.01536,-1.51727,0.37179,-0.16129,2.37429,0.3118,-0.80493,-0.99848
51.98,-0.14034,0.00614,0.02453,0.03357,0,0.05328,-0.05897,-0.06322,0.54567,0.26932,-0.07619,0.21974,-1.81767,-0.8021,-0.15328,-1.08436,-1.43045,0.41054,0.11406,-3.85831,-3.62926,6.37009,-1.8266,28.0774,6.28308,-3.23436,-0.29558,-0.01118,0.05595,0.28871,-0.04557,-0.00646,-0.0336,-1.78716,0.33875,-0.37939,2.6393,0.29665,-0.7864,-1.01407
52,-0.16348,0.01217,0.03236,-0.06733,0,0.11834,0.01102,-0.07735,0.50074,0.06678,0.00241,0.25804,-1.66245,-0.82915,-0.38942,-1.03148,-1.51395,0.36648,0.12161,-4.3547,-3.81872,7.4433,-1.49028,29.42527,6.92018,-3.41614,-0.35358,-0.01002,0.45418,0.42567,-0.05382,-0.00777,-0.04354,-1.94988,0.2865,-0.55772,2.75331,0.26899,-0.74191,-0.98319
52.02,-0.17901,0.01721,0.04112,-0.15275,0,0.17364,0.06432,-0.08101,0.45673,-0.09326,0.05837,0.28242,-1.51474,-0.80555,-0.5845,-0.95063,-1.54666,0.31148,0.12499,-4.81338,-3.86195,8.02628,-1.15194,29.03235,7.14808,-3.40592,-0.3959,-0.00851,0.81115,0.5409,-0.05943,-0.00809,-0.04711,-2.00198,0.21927,-0.68803,2.71899,0.23289,-0.6742,-0.9095
52.04,-0.18677,0.02084,0.05032,-0.21652,0,0.21522,0.10087,-0.0707,0.4144,-0.20768,0.08953,0.28849,-1.38312,-0.73478,-0.73754,-0.84595,-1.53159,0.2475,0.12428,-5.21428,-3.75942,8.07818,-0.82006,26.74642,6.91728,-3.17979,-0.4205,-0.00688,1.10299,0.62599,-0.06141,-0.00771,-0.0461,-1.94611,0.1434,-0.76756,2.54648,0.19454,-0.58826,-0.80168
52.06,-0.18698,0.02261,0.05942,-0.25428,0,0.23935,0.12183,-0.04341,0.37372,-0.27684,0.0954,0.27295,-1.27065,-0.62255,-0.8483,-0.72298,-1.47113,0.17633,0.11959,-5.537,-3.51972,7.59473,-0.5053,22.52586,6.19876,-2.72528,-0.42605,-0.00528,1.30734,0.67361,-0.05892,-0.00689,-0.04207,-1.79082,0.06641,-0.7991,2.25264,0.16126,-0.49068,-0.672
52.08,-0.18026,0.02224,0.06792,-0.26395,0,0.2433,0.12933,0.00251,0.33393,-0.30409,0.07768,0.23436,-1.17572,-0.47707,-0.91761,-0.58818,-1.36758,0.0996,0.11105,-5.76445,-3.15921,6.6102,-0.21789,16.46213,4.99603,-2.04469,-0.4123,-0.00382,1.40714,0.67874,-0.05136,-0.00583,-0.03628,-1.55006,-0.0042,-0.79065,1.85989,0.14018,-0.38875,-0.53441
52.1,-0.16757,0.01957,0.07534,-0.24598,0,0.22596,0.12613,0.06656,0.29375,-0.29513,0.04048,0.17375,-1.09334,-0.3091,-0.94776,-0.44848,-1.22385,0.01884,0.09892,-5.88593,-2.70117,5.19633,0.03476,8.79328,3.35421,-1.15761,-0.38022,-0.00256,1.3941,0.63973,-0.03847,-0.00469,-0.02974,-1.24226,-0.06201,-0.75456,1.39486,0.13706,-0.28951,-0.40241
52.12,-0.15014,0.01468,0.08127,-0.20335,0,0.18827,0.11536,0.14582,0.25167,-0.25726,-0.00984,0.09483,-1.01663,-0.13144,-0.94262,-0.31074,-1.04428,-0.06439,0.08366,-5.89877,-2.17447,3.45772,0.24942,-0.0984,1.36271,-0.10194,-0.33205,-0.00153,1.27059,0.55895,-0.02037,-0.00356,-0.02316,-0.88923,-0.10258,-0.70599,0.88678,0.15529,-0.1989,-0.2872
52.14,-0.12939,0.0079,0.08541,-0.14121,0,0.13324,0.10021,0.23507,0.20633,-0.19856,-0.06534,0.0036,-0.93836,0.04206,-0.90758,-0.18116,-0.83519,-0.14844,0.06593,-5.80819,-1.61144,1.52303,0.42715,-9.70845,-0.85019,1.06719,-0.27126,-0.00073,1.04988,0.44268,0.0023,-0.00255,-0.01705,-0.51451,-0.12389,-0.66072,0.36564,0.19528,-0.12116,-0.1964
52.16,-0.10682,-0.00025,0.08756,-0.06629,0,0.06565,0.08363,0.3274,0.15695,-0.12712,-0.1176,-0.09235,-0.8524,0.19794,-0.84916,-0.06478,-0.60537,-0.2315,0.04664,-5.62569,-1.04541,-0.46685,0.57216,-19.44994,-3.12992,2.2805,-0.20217,-0.00014,0.75461,0.3006,0.02843,-0.00167,-0.01169,-0.14167,-0.12641,-0.63256,-0.13968,0.25435,-0.05851,-0.13327
52.18,-0.08387,-0.0091,0.08768,0.01391,0,-0.00851,0.06815,0.41515,0.10369,-0.05029,-0.15896,-0.18487,-0.75492,0.32476,-0.77451,0.03498,-0.36614,-0.31159,0.02689,-5.36686,-0.50801,-2.37194,0.69019,-28.70413,-5.31251,3.45951,-0.12971,0.00027,0.41409,0.1447,0.05642,-0.00096,-0.00724,0.20757,-0.11287,-0.63088,-0.60331,0.32693,-0.01107,-0.09658
52.2,-0.06184,-0.01786,0.08588,0.09182,0,-0.08271,0.05572,0.49087,0.04783,0.02588,-0.18359,-0.26625,-0.64525,0.41438,-0.69088,0.11655,-0.13099,-0.38653,0.00792,-5.04914,-0.02691,-4.06525,0.78689,-36.8733,-7.24197,4.52262,-0.05886,0.00052,0.061,-0.0119,0.08425,-0.00041,-0.00372,0.51477,-0.08771,-0.65882,-1.00387,0.40524,0.02287,-0.08113
52.22,-0.04182,-0.02576,0.08241,0.16049,0,-0.15057,0.04757,0.54822,-0.00824,0.097,-0.18829,-0.33011,-0.52606,0.46277,-0.60494,0.18028,0.08534,-0.45403,-0.00896,-4.6902,0.37588,-5.44222,0.86703,-43.42884,-8.78527,5.39202,0.00568,0.00065,-0.27219,-0.15634,0.10968,-2e-05,-0.00109,0.76589,-0.05643,-0.71258,-1.32551,0.48028,0.04645,-0.07872
52.24,-0.02458,-0.03209,0.07763,0.21407,0,-0.20657,0.04425,0.58268,-0.0613,0.16047,-0.1726,-0.37193,-0.40295,0.47004,-0.52227,0.22816,0.26826,-0.51167,-0.02254,-4.30681,0.68505,-6.42671,0.93447,-47.95052,-9.84317,6.00106,0.05998,0.00069,-0.55659,-0.27733,0.13051,0.00023,0.00076,0.95179,-0.02468,-0.78211,-1.55834,0.54307,0.0635,-0.07977
52.26,-0.01061,-0.03632,0.07201,0.24813,0,-0.24664,0.0456,0.592,-0.10786,0.21544,-0.13861,-0.38937,-0.28343,0.43988,-0.44679,0.26342,0.40528,-0.55698,-0.03186,-3.91441,0.89236,-6.97392,0.99298,-50.15648,-10.35669,6.30137,0.10122,0.00066,-0.76998,-0.36634,0.14483,0.00038,0.00194,1.06828,0.00255,-0.85293,-1.69841,0.58604,0.07784,-0.07509
52.28,-4e-05,-0.03815,0.06604,0.25989,0,-0.26863,0.05086,0.57638,-0.14476,0.26251,-0.09033,-0.38231,-0.17569,0.37854,-0.38041,0.28997,0.48785,-0.58759,-0.03631,-3.5273,0.99652,-7.07058,1.04741,-49.92344,-10.30968,6.26891,0.128,0.0006,-0.89908,-0.41859,0.15141,0.00043,0.00259,1.11582,0.02172,-0.90876,-1.74744,0.60435,0.0925,-0.05757
52.3,0.00728,-0.03756,0.06023,0.24824,0,-0.27249,0.05887,0.53842,-0.1697,0.30337,-0.03288,-0.35272,-0.08724,0.29368,-0.32292,0.31178,0.51278,-0.6014,-0.03578,-3.1589,1.00258,-6.73304,1.10456,-47.2944,-9.72742,5.90759,0.14046,0.00051,-0.94079,-0.43351,0.14986,0.00042,0.00285,1.09895,0.03126,-0.93431,-1.71212,0.59681,0.10925,-0.02347
52.32,0.01176,-0.03482,0.05505,0.21363,0,-0.26023,0.06818,0.48273,-0.1817,0.34025,0.02834,-0.30419,-0.02378,0.19325,-0.27222,0.33237,0.48279,-0.59671,-0.03069,-2.82197,0.92096,-6.00304,1.17325,-42.46974,-8.67107,5.24878,0.14019,0.00041,-0.90186,-0.41468,0.14075,0.00037,0.00281,1.02543,0.03164,-0.91794,-1.60326,0.56609,0.1284,0.0271
52.34,0.0139,-0.03043,0.0509,0.15787,0,-0.23548,0.07736,0.41526,-0.18116,0.37531,0.08845,-0.24143,0.01162,0.08452,-0.22477,0.35431,0.40609,-0.57244,-0.02191,-2.52826,0.76594,-4.94157,1.26338,-35.78053,-7.22822,4.34662,0.12989,0.00032,-0.79712,-0.36904,0.12553,0.0003,0.00258,0.9052,0.02513,-0.85354,-1.43448,0.51837,0.14897,0.0906
52.36,0.01429,-0.02506,0.04809,0.08378,0,-0.20281,0.08523,0.3424,-0.16983,0.41001,0.14378,-0.16956,0.01897,-0.02671,-0.17645,0.37885,0.29494,-0.52831,-0.0107,-2.28773,0.55412,-3.62154,1.3841,-27.64869,-5.50084,3.26972,0.11295,0.00023,-0.64643,-0.30562,0.10628,0.00022,0.00224,0.74916,0.01517,-0.74186,-1.22091,0.46212,0.1692,0.16122
52.38,0.01339,-0.01939,0.04678,-0.00508,0,-0.16699,0.09105,0.27002,-0.15048,0.44454,0.19238,-0.09345,0.00144,-0.13652,-0.12337,0.40576,0.16387,-0.46496,0.00153,-2.10756,0.30277,-2.12061,1.54164,-18.54242,-3.59303,2.09148,0.09282,0.00016,-0.47117,-0.23412,0.08542,0.00015,0.00185,0.56819,0.0055,-0.59081,-0.97783,0.40677,0.18715,0.23234
52.4,0.0115,-0.01409,0.04703,-0.10479,0,-0.13221,0.09476,0.20275,-0.12657,0.47756,0.23418,-0.01722,-0.03498,-0.24301,-0.06279,0.4334,0.02761,-0.38407,0.01334,-1.99123,0.02856,-0.51531,1.73737,-8.93475,-1.60061,0.88118,0.07253,0.0001,-0.2909,-0.16337,0.06534,0.0001,0.00145,0.37232,-0.00058,-0.41489,-0.7197,0.36116,0.20131,0.29809
52.42,0.00871,-0.00964,0.04875,-0.21117,0,-0.10158,0.09693,0.14339,-0.10178,0.50618,0.27086,0.05609,-0.08224,-0.34597,0.00625,0.45895,-0.10056,-0.28836,0.02346,-1.93776,-0.2534,1.12303,1.96649,0.72977,0.39586,-0.30275,0.0543,5e-05,-0.12077,-0.10027,0.04814,5e-05,0.00107,0.17027,-0.00092,-0.23353,-0.45942,0.33224,0.21099,0.3544
52.44,0.00488,-0.00636,0.05174,-0.32003,0,-0.07677,0.09874,0.09281,-0.07957,0.52627,0.30533,0.12457,-0.13137,-0.44629,0.08246,0.47894,-0.21015,-0.18141,0.03092,-1.94135,-0.52996,2.73035,2.21778,10.05886,2.33433,-1.41636,0.03928,1e-05,0.02998,-0.04905,0.03535,3e-05,0.00073,-0.03059,0.00514,-0.06833,-0.20802,0.32414,0.21642,0.39954
52.46,-0.00026,-0.00431,0.05572,-0.42712,0,-0.0579,0.10172,0.05005,-0.06279,0.5331,0.34095,0.18727,-0.17383,-0.54511,0.16226,0.48991,-0.29427,-0.0674,0.03514,-1.99133,-0.79008,4.25042,2.47432,18.72708,4.17099,-2.43097,0.02755,-1e-05,0.15842,-0.01098,0.02787,2e-05,0.00045,-0.22411,0.01664,0.06029,0.02537,0.33766,0.2186,0.43396
52.48,-0.00709,-0.00335,0.06033,-0.5283,0,-0.04375,0.10752,0.01271,-0.05329,0.52213,0.38065,0.24391,-0.20291,-0.64294,0.23999,0.48907,-0.34996,0.04922,0.03601,-2.0726,-1.02468,5.63441,2.715,26.48212,5.87738,-3.33179,0.01821,-3e-05,0.26742,0.01548,0.02583,3e-05,0.00022,-0.40498,0.03118,0.13663,0.23343,0.37011,0.21893,0.45975
52.5,-0.01594,-0.00316,0.06521,-0.6195,0,-0.03201,0.11761,-0.02244,-0.05174,0.48989,0.42619,0.29455,-0.21474,-0.73893,0.30839,0.47494,-0.37803,0.16406,0.03384,-2.16656,-1.22631,6.84003,2.91662,33.14343,7.43562,-4.11492,0.00961,-4e-05,0.36423,0.03413,0.02866,4e-05,4e-05,-0.56843,0.04529,0.1525,0.41042,0.41578,0.21875,0.4797
52.52,-0.02706,-0.00327,0.06996,-0.69686,0,-0.01979,0.13301,-0.05886,-0.0576,0.43458,0.47752,0.33917,-0.20892,-0.8305,0.35946,0.44758,-0.38251,0.27304,0.02934,-2.25233,-1.38883,7.83059,3.05611,38.59357,8.83266,-4.78352,-0.00031,-4e-05,0.45854,0.05026,0.03519,5e-05,-8e-05,-0.70999,0.05507,0.10876,0.55199,0.46669,0.21895,0.49615
52.54,-0.04048,-0.00318,0.07425,-0.75678,0,-0.0042,0.15414,-0.09949,-0.06929,0.35663,0.53264,0.37741,-0.18841,-0.91332,0.38549,0.40863,-0.36967,0.37259,0.02347,-2.30846,-1.5071,8.57443,3.11278,42.76423,10.05421,-5.34358,-0.01365,-4e-05,0.56001,0.06955,0.04389,7e-05,-0.00017,-0.82545,0.0569,0.01525,0.65515,0.51381,0.21955,0.50988
52.56,-0.05605,-0.00244,0.07774,-0.79614,0,0.01708,0.18065,-0.14621,-0.08448,0.25879,0.58761,0.40837,-0.15886,-0.98171,0.38026,0.36099,-0.34682,0.45974,0.01726,-2.31474,-1.57676,9.04513,3.07042,45.62043,11.07959,-5.79993,-0.03213,-4e-05,0.67584,0.09697,0.05305,9e-05,-0.00022,-0.91103,0.04824,-0.11068,0.71826,0.54851,0.21946,0.51905
52.58,-0.07331,-0.00072,0.08015,-0.81248,0,0.04523,0.21147,-0.19928,-0.10052,0.1461,0.63702,0.43051,-0.12761,-1.02933,0.34018,0.30827,-0.32105,0.53222,0.01165,-2.25428,-1.59432,9.22264,2.91931,47.14677,11.87837,-6.15294,-0.05674,-4e-05,0.80863,0.13569,0.06108,0.00011,-0.00024,-0.96372,0.0283,-0.24675,0.74121,0.56397,0.21645,0.51873
52.6,-0.09162,0.00208,0.08126,-0.80417,0,0.07996,0.24484,-0.25721,-0.11486,0.02549,0.67454,0.44173,-0.10239,-1.05002,0.26516,0.25425,-0.29824,0.5885,0.00732,-2.11532,-1.55737,9.09511,2.65776,47.33808,12.40961,-6.39627,-0.08756,-3e-05,0.95504,0.18639,0.06672,0.00014,-0.00025,-0.98168,-0.00162,-0.36885,0.7256,0.5562,0.20732,0.50103
52.62,-0.11011,0.00588,0.08091,-0.77059,0,0.11948,0.27848,-0.31679,-0.12541,-0.09484,0.69372,0.43953,-0.0901,-1.03862,0.15893,0.2023,-0.28236,0.62769,0.00466,-1.89252,-1.465,8.66078,2.293,46.19483,12.62397,-6.5157,-0.12363,-3e-05,1.10577,0.24704,0.06916,0.00016,-0.00026,-0.96458,-0.03819,-0.45425,0.67478,0.52453,0.18834,0.45621
52.64,-0.12785,0.01038,0.07901,-0.71217,0,0.16072,0.30989,-0.37359,-0.13084,-0.20637,0.68884,0.42136,-0.09567,-0.9917,0.02879,0.15483,-0.27527,0.64949,0.00371,-1.58758,-1.31837,7.92955,1.84111,43.72328,12.46853,-6.48926,-0.16316,-2e-05,1.24673,0.31327,0.06808,0.0002,-0.00026,-0.91376,-0.07659,-0.48462,0.59383,0.4713,0.15599,0.37457
52.66,-0.14391,0.01515,0.07551,-0.6303,0,0.19988,0.33668,-0.42264,-0.13071,-0.30134,0.65568,0.38505,-0.12116,-0.90802,-0.11521,0.11304,-0.27682,0.65404,0.0043,-1.20912,-1.12113,6.92409,1.32607,39.94067,11.89419,-6.2888,-0.20381,-2e-05,1.36137,0.37914,0.06359,0.00023,-0.00026,-0.83232,-0.11149,-0.44866,0.48928,0.40109,0.10777,0.24903
52.68,-0.15747,0.01975,0.07046,-0.52735,0,0.23306,0.35682,-0.45928,-0.12553,-0.37379,0.5923,0.3292,-0.16521,-0.78901,-0.2615,0.07664,-0.28532,0.64181,0.00607,-0.77203,-0.8799,5.6804,0.77811,34.88537,10.86453,-5.88316,-0.24306,-2e-05,1.43358,0.43825,0.05615,0.00028,-0.00027,-0.72501,-0.13803,-0.34385,0.36879,0.31953,0.04302,0.07753
52.7,-0.16797,0.02372,0.06394,-0.4066,0,0.25688,0.36897,-0.4799,-0.11658,-0.42033,0.49948,0.25371,-0.22307,-0.63879,-0.3983,0.04403,-0.29806,0.61359,0.00865,-0.29632,-0.6044,4.2475,0.23135,28.62982,9.36465,-5.24284,-0.27858,-2e-05,1.45041,0.4848,0.04641,0.00031,-0.00027,-0.59801,-0.15283,-0.17731,0.2407,0.23226,-0.03655,-0.13511
52.72,-0.1751,0.02676,0.05612,-0.27221,0,0.269,0.37256,-0.48246,-0.1057,-0.44043,0.38084,0.16003,-0.28718,-0.46401,-0.51498,0.01265,-0.31181,0.57042,0.01168,0.19453,-0.3071,2.68555,-0.279,21.29243,7.40797,-4.34578,-0.30849,-2e-05,1.40412,0.51435,0.03507,0.00035,-0.00028,-0.45864,-0.15449,0.03489,0.11341,0.14411,-0.12666,-0.3767
52.74,-0.1788,0.02866,0.0472,-0.12917,0,0.26828,0.36773,-0.46666,-0.09479,-0.43622,0.24244,0.05133,-0.34834,-0.27324,-0.6032,-0.02035,-0.32331,0.51357,0.01486,0.67568,-0.00242,1.06213,-0.72012,13.04556,5.03977,-3.18369,-0.33147,-2e-05,1.29317,0.52429,0.0228,0.00036,-0.00029,-0.31474,-0.1437,0.26978,-0.00523,0.05873,-0.22091,-0.62881
52.76,-0.17923,0.02937,0.03743,0.0168,0,0.25486,0.35513,-0.43377,-0.08537,-0.41181,0.09205,-0.06758,-0.39734,-0.07614,-0.65784,-0.05734,-0.32959,0.4446,0.01796,1.12338,0.29473,-0.55305,-1.06517,4.11817,2.3372,-1.76811,-0.34675,-2e-05,1.12218,0.51389,0.01017,0.00036,-0.00028,-0.17406,-0.12282,0.50076,-0.10867,-0.02138,-0.31154,-0.86914
52.78,-0.17669,0.02894,0.02707,0.15944,0,0.23002,0.33572,-0.38637,-0.0781,-0.37234,-0.06182,-0.19043,-0.42662,0.11755,-0.67758,-0.09945,-0.32821,0.36538,0.02075,1.51729,0.57041,-2.09399,-1.2967,-5.20635,-0.59375,-0.13523,-0.35399,-2e-05,0.90118,0.48416,-0.00246,0.00031,-0.00025,-0.04361,-0.09532,0.70135,-0.19225,-0.09465,-0.39056,-1.07485
52.8,-0.1715,0.02753,0.01638,0.29216,0,0.19588,0.31052,-0.32794,-0.07253,-0.32315,-0.21081,-0.30999,-0.43157,0.29893,-0.66499,-0.14605,-0.31741,0.27815,0.02301,1.84241,0.81311,-3.50344,-1.40897,-14.59765,-3.62403,1.65193,-0.35322,-1e-05,0.64429,0.43746,-0.01484,0.00024,-0.0002,0.07096,-0.06499,0.84882,-0.25362,-0.16002,-0.45081,-1.22576
52.82,-0.16402,0.02534,0.00561,0.40846,0,0.15521,0.28045,-0.26237,-0.06707,-0.26909,-0.3475,-0.41862,-0.41117,0.46067,-0.626,-0.19468,-0.29619,0.18554,0.02453,2.09013,1.01469,-4.73646,-1.40869,-23.69191,-6.60992,3.50545,-0.34468,-1e-05,0.36818,0.37712,-0.02688,0.00011,-0.00012,0.16565,-0.03534,0.92703,-0.29279,-0.21665,-0.4869,-1.30711
52.84,-0.15454,0.02261,-0.00501,0.50241,0,0.11099,0.24631,-0.19366,-0.05935,-0.21407,-0.46595,-0.50903,-0.36774,0.59744,-0.5688,-0.24149,-0.2643,0.09059,0.02504,2.25822,1.17084,-5.76198,-1.31386,-32.1123,-9.40408,5.31904,-0.32876,-0,0.09026,0.30698,-0.03853,-4e-05,-2e-05,0.23826,-0.0091,0.92816,-0.3118,-0.26367,-0.49578,-1.31123
52.86,-0.14335,0.01955,-0.01532,0.56923,0,0.06618,0.20876,-0.12554,-0.04674,-0.16099,-0.56197,-0.5751,-0.30606,0.70614,-0.50226,-0.28203,-0.22218,-0.00339,0.02434,2.35008,1.28101,-6.56272,-1.151,-39.49526,-11.86839,6.97857,-0.30597,1e-05,-0.17313,0.23089,-0.04964,-0.00024,0.0001,0.28832,0.01205,0.85322,-0.31417,-0.30016,-0.47705,-1.23827
52.88,-0.13065,0.01634,-0.0252,0.60594,0,0.0234,0.16842,-0.06122,-0.02704,-0.11176,-0.63322,-0.61271,-0.23206,0.78586,-0.43433,-0.31227,-0.17079,-0.09291,0.02228,2.3734,1.34785,-7.13383,-0.95146,-45.51896,-13.88666,8.37464,-0.27689,2e-05,-0.40826,0.15239,-0.05996,-0.00044,0.00023,0.31687,0.0276,0.71163,-0.30408,-0.32519,-0.43289,-1.09593
52.9,-0.11668,0.01311,-0.0346,0.61172,0,-0.01529,0.12599,-0.00326,0.00094,-0.06755,-0.6791,-0.62026,-0.15153,0.83767,-0.37069,-0.32942,-0.11151,-0.17448,0.01881,2.33861,1.37648,-7.48075,-0.74737,-49.92845,-15.37495,9.41464,-0.24223,3e-05,-0.60524,0.07443,-0.069,-0.00065,0.00036,0.3262,0.0381,0.51981,-0.28578,-0.33801,-0.36783,-0.89851
52.92,-0.10165,0.00993,-0.04351,0.58813,0,-0.04845,0.08229,0.04652,0.03699,-0.02894,-0.70049,-0.59888,-0.06919,0.8642,-0.31401,-0.33252,-0.04588,-0.24477,0.01396,2.2572,1.37329,-7.61614,-0.56787,-52.55156,-16.28677,10.03194,-0.20281,4e-05,-0.75861,-0.00082,-0.07607,-0.00084,0.00048,0.31952,0.04495,0.29902,-0.26304,-0.33822,-0.28812,-0.66512
52.94,-0.08582,0.0068,-0.05197,0.53888,0,-0.07536,0.0383,0.08698,0.07942,0.00383,-0.69933,-0.55219,0.01182,0.86905,-0.26393,-0.32248,0.02464,-0.30083,0.00789,2.14014,1.34473,-7.55638,-0.4359,-53.3038,-16.61266,10.19121,-0.15958,5e-05,-0.86719,-0.07191,-0.08032,-0.00098,0.00058,0.30062,0.05006,0.07242,-0.23893,-0.32587,-0.20101,-0.41726
52.96,-0.06946,0.0037,-0.06001,0.46934,0,-0.0959,-0.00489,0.11765,0.12525,0.03084,-0.67811,-0.48567,0.08994,0.85609,-0.21761,-0.30179,0.09895,-0.34032,0.00079,1.99643,1.29601,-7.31805,-0.36571,-52.18446,-16.37494,9.88984,-0.11356,5e-05,-0.93354,-0.13807,-0.0809,-0.00106,0.00063,0.27355,0.05542,-0.13806,-0.21573,-0.30157,-0.1138,-0.1761
52.98,-0.05285,0.00058,-0.06764,0.38587,0,-0.11047,-0.04617,0.13858,0.17064,0.05239,-0.63946,-0.4058,0.16488,0.82889,-0.17071,-0.27384,0.17643,-0.36174,-0.00717,1.83208,1.23007,-6.91525,-0.36128,-49.26861,-15.61994,9.15653,-0.06584,5e-05,-0.96301,-0.19903,-0.07706,-0.00107,0.00064,0.24231,0.06275,-0.31477,-0.19512,-0.26654,-0.0329,0.04019
53,-0.0363,-0.00262,-0.07484,0.29515,0,-0.11986,-0.0845,0.15023,0.21139,0.06895,-0.58579,-0.31929,0.23712,0.79023,-0.11858,-0.24234,0.25703,-0.36463,-0.01581,1.64975,1.14715,-6.35829,-0.41584,-44.69803,-14.40944,8.04742,-0.01753,5e-05,-0.9627,-0.25485,-0.0683,-0.001,0.0006,0.21058,0.07313,-0.44649,-0.17822,-0.22259,0.0368,0.21844
53.02,-0.02008,-0.00594,-0.08153,0.20348,0,-0.12506,-0.11898,0.15336,0.24353,0.08122,-0.51915,-0.23235,0.30738,0.74199,-0.0572,-0.21068,0.34103,-0.34969,-0.025,1.44888,1.04498,-5.65394,-0.51257,-38.67135,-12.81224,6.64,0.03028,4e-05,-0.94037,-0.30569,-0.05452,-0.00085,0.00052,0.18146,0.08691,-0.52925,-0.16578,-0.17209,0.09236,0.35154
53.04,-0.00449,-0.0094,-0.08757,0.11628,0,-0.12713,-0.1489,0.14891,0.26378,0.09004,-0.44123,-0.15016,0.37614,0.68512,0.01603,-0.1815,0.42868,-0.31881,-0.03464,1.22645,0.91967,-4.80701,-0.62661,-31.43328,-10.89647,5.02496,0.07647,3e-05,-0.90348,-0.35164,-0.03604,-0.00063,0.00041,0.15722,0.10367,-0.56576,-0.15813,-0.11776,0.13279,0.43831
53.06,0.01021,-0.01297,-0.09283,0.03765,0,-0.127,-0.1738,0.1379,0.27006,0.09636,-0.35346,-0.07653,0.44332,0.62001,0.10187,-0.15645,0.51961,-0.27502,-0.04454,0.97826,0.7671,-3.82309,-0.72811,-23.26412,-8.72338,3.29683,0.11997,2e-05,-0.85838,-0.39251,-0.01361,-0.00038,0.00027,0.13917,0.12237,-0.56359,-0.15506,-0.06254,0.15874,0.48246
53.08,0.0238,-0.0166,-0.09712,-0.02986,0,-0.12541,-0.19345,0.12137,0.26172,0.10118,-0.25726,-0.01376,0.50809,0.54678,0.19905,-0.13609,0.61231,-0.22223,-0.05444,0.70042,0.58456,-2.7119,-0.78598,-14.471,-6.34354,1.54514,0.15975,1e-05,-0.80978,-0.42778,0.01164,-0.00011,0.00013,0.12747,0.14164,-0.53282,-0.15577,-0.00931,0.17201,0.49105
53.1,0.03607,-0.02017,-0.1003,-0.08526,0,-0.12281,-0.20787,0.10032,0.23976,0.10552,-0.1542,0.03735,0.56876,0.46574,0.30435,-0.11993,0.70374,-0.16503,-0.06392,0.39094,0.37206,-1.49037,-0.7719,-5.38119,-3.796,-0.15278,0.19484,-0,-0.76047,-0.45659,0.03829,0.00016,0,0.12121,0.15996,-0.48372,-0.15878,0.0393,0.17502,0.47277
53.12,0.04688,-0.02355,-0.10225,-0.12901,0,-0.11933,-0.21731,0.0757,0.20667,0.11032,-0.04613,0.07744,0.62293,0.37754,0.41289,-0.10662,0.78919,-0.10819,-0.0724,0.05106,0.13317,-0.18467,-0.66414,3.66405,-1.11026,-1.73607,0.22435,-1e-05,-0.71141,-0.47777,0.06473,0.0004,-0.00012,0.11851,0.17595,-0.42504,-0.16194,0.08104,0.17036,0.43647
53.14,0.05612,-0.02656,-0.10291,-0.1626,0,-0.11486,-0.22219,0.0484,0.16612,0.11641,0.06485,0.10835,0.66754,0.28322,0.51859,-0.09416,0.86248,-0.05623,-0.0792,-0.31382,-0.12513,1.16941,-0.45088,12.31728,1.68936,-3.16177,0.24755,-2e-05,-0.66213,-0.49002,0.08931,0.00059,-0.00021,0.11685,0.18844,-0.36307,-0.16271,0.11416,0.16042,0.3901
53.16,0.06372,-0.02903,-0.10223,-0.18806,0,-0.10913,-0.22304,0.01925,0.1224,0.12441,0.17658,0.1329,0.69919,0.1839,0.61468,-0.08014,0.91645,-0.0128,-0.08357,-0.69381,-0.39323,2.52791,-0.13267,20.2357,4.57768,-4.40374,0.26386,-2e-05,-0.61125,-0.49212,0.11047,0.00072,-0.00027,0.11354,0.19658,-0.30161,-0.15841,0.13743,0.14722,0.34015
53.18,0.06969,-0.0308,-0.10026,-0.20747,0,-0.10181,-0.22047,-0.011,0.07973,0.13464,0.28713,0.15475,0.71439,0.08036,0.69435,-0.06193,0.94364,0.01978,-0.08481,-1.07482,-0.66037,3.84135,0.27618,27.09505,7.52195,-5.44986,0.27296,-2e-05,-0.55717,-0.48314,0.12692,0.00079,-0.00031,0.10609,0.19983,-0.24245,-0.14663,0.15018,0.13231,0.29136
53.2,0.07405,-0.03173,-0.09705,-0.22244,0,-0.09263,-0.21513,-0.04169,0.04164,0.14709,0.39509,0.1782,0.70987,-0.02755,0.75117,-0.03684,0.93706,0.04088,-0.08233,-1.43937,-0.91625,5.05813,0.74787,32.6056,10.47528,-6.29843,0.27482,-3e-05,-0.49872,-0.46274,0.13775,0.0008,-0.00033,0.09272,0.19795,-0.18617,-0.1256,0.15226,0.11678,0.24686
53.22,0.0769,-0.03173,-0.09271,-0.23391,0,-0.08147,-0.20761,-0.07233,0.01035,0.16122,0.4998,0.20813,0.68278,-0.14156,0.77952,-0.00209,0.8908,0.05154,-0.07573,-1.76816,-1.15271,6.12806,1.24324,36.52925,13.37108,-6.95412,0.2697,-3e-05,-0.43557,-0.43123,0.14251,0.00075,-0.00032,0.07255,0.19095,-0.13283,-0.0944,0.14404,0.10135,0.20833
53.24,0.07836,-0.03075,-0.0874,-0.24203,0,-0.06843,-0.19849,-0.10268,-0.01362,0.17591,0.60153,0.25001,0.63088,-0.26558,0.77462,0.04528,0.80045,0.05419,-0.06486,-2.04214,-1.36514,7.00587,1.71607,38.69718,16.11967,-7.4241,0.2582,-2e-05,-0.3684,-0.38968,0.14124,0.00067,-0.0003,0.04569,0.1791,-0.08259,-0.05311,0.12632,0.08646,0.17637
53.26,0.07854,-0.02883,-0.08131,-0.24627,0,-0.05379,-0.18821,-0.13287,-0.03177,0.1893,0.70149,0.30981,0.55253,-0.40625,0.73256,0.10865,0.66329,0.05213,-0.04974,-2.24501,-1.5536,7.65459,2.11894,39.02831,18.60756,-7.71474,0.24116,-2e-05,-0.29886,-0.33983,0.13445,0.00055,-0.00026,0.01316,0.16286,-0.03593,-0.00275,0.1003,0.07232,0.1507
53.28,0.07759,-0.02603,-0.07468,-0.24568,0,-0.03798,-0.17714,-0.16349,-0.04766,0.19869,0.8017,0.39383,0.44678,-0.57325,0.65019,0.19197,0.47839,0.04882,-0.03061,-2.36573,-1.72352,8.04863,2.40962,37.54738,20.69985,-7.8294,0.21962,-2e-05,-0.22924,-0.28395,0.12306,0.00042,-0.00022,-0.02335,0.14291,0.00628,0.05487,0.0675,0.05904,0.13055
53.3,0.0756,-0.0225,-0.06776,-0.23921,0,-0.02158,-0.1655,-0.1956,-0.06687,0.20046,0.90458,0.50824,0.31331,-0.77921,0.52502,0.29988,0.24653,0.04731,-0.00785,-2.40057,-1.88575,8.17607,2.55693,34.39921,22.24548,-7.76729,0.19478,-1e-05,-0.16224,-0.22468,0.1083,0.00029,-0.00017,-0.06174,0.12007,0.04296,0.11736,0.02971,0.04669,0.11483
53.32,0.07268,-0.01842,-0.06084,-0.226,0,-0.00522,-0.15341,-0.23073,-0.09667,0.19007,1.01231,0.65839,0.15247,-1.03905,0.35523,0.43755,-0.03002,0.04986,0.01806,-2.35404,-2.05584,8.03946,2.54474,29.85383,23.08498,-7.52334,0.1679,-1e-05,-0.10056,-0.16484,0.0916,0.00017,-0.00013,-0.09983,0.09532,0.07299,0.18199,-0.01113,0.03532,0.10231
53.34,0.06887,-0.01402,-0.05423,-0.20563,0,0.01047,-0.14091,-0.27068,-0.14546,0.16214,1.12593,0.84756,-0.03479,-1.36875,0.13967,0.61032,-0.34776,0.05768,0.04659,-2.23861,-2.25237,7.655,2.37366,24.29816,23.06084,-7.08893,0.14022,-1e-05,-0.04655,-0.10721,0.07445,7e-05,-8e-05,-0.13561,0.06977,0.09556,0.24597,-0.05298,0.025,0.0918
53.36,0.0642,-0.00953,-0.04821,-0.17834,0,0.02492,-0.12795,-0.31726,-0.22204,0.11059,1.24433,1.07567,-0.2469,-1.78353,-0.1219,0.8231,-0.70229,0.07109,0.07721,-2.07318,-2.49455,7.05027,2.06041,18.21299,22.0309,-6.45362,0.11286,-0,-0.00199,-0.05432,0.05826,-2e-05,-5e-05,-0.16751,0.04455,0.11042,0.30671,-0.09384,0.01582,0.08218
53.38,0.05864,-0.00518,-0.04301,-0.14511,0,0.03766,-0.11443,-0.37197,-0.3347,0.02896,1.36328,1.33778,-0.48168,-2.29565,-0.4286,1.07954,-1.08854,0.08961,0.10941,-1.88083,-2.79952,6.26134,1.63543,12.1354,19.88542,-5.60797,0.08678,-0,0.0322,-0.00823,0.04419,-9e-05,-1e-05,-0.19456,0.0208,0.11815,0.36201,-0.13186,0.00787,0.0725
53.4,0.05217,-0.00115,-0.03882,-0.10771,0,0.0484,-0.10021,-0.43561,-0.49027,-0.08922,1.47495,1.62288,-0.73608,-2.91207,-0.77791,1.3811,-1.50064,0.11226,0.14269,-1.68617,-3.17941,5.32975,1.13901,6.60691,16.56681,-4.54728,0.06267,0,0.05602,0.02959,0.03308,-0.00014,1e-05,-0.21651,-0.00042,0.12021,0.41024,-0.1654,0.00121,0.06198
53.42,0.04474,0.0024,-0.03574,-0.0687,0,0.05699,-0.08513,-0.50796,-0.69303,-0.24988,1.56793,1.91319,-1.00594,-3.63204,-1.1651,1.72598,-1.93157,0.13769,0.17658,-1.51251,-3.63872,4.29934,0.61648,2.10753,12.08983,-3.27584,0.04099,0,0.07037,0.05834,0.02531,-0.00018,2e-05,-0.23379,-0.01817,0.11895,0.4503,-0.19311,-0.00408,0.05014
53.44,0.03629,0.00536,-0.0338,-0.0312,0,0.06343,-0.06901,-0.58744,-0.94384,-0.45786,1.62814,2.1844,-1.28545,-4.44501,-1.58259,2.1082,-2.37229,0.16425,0.21048,-1.37912,-4.17207,3.21303,0.11254,-1.01946,6.55959,-1.81106,0.02196,0,0.07694,0.07784,0.02089,-0.00019,3e-05,-0.24741,-0.03167,0.11736,0.48158,-0.21395,-0.00795,0.0368
53.46,0.02681,0.00766,-0.03295,0.00124,0,0.06784,-0.05158,-0.67092,-1.23927,-0.71616,1.6409,2.4071,-1.56675,-5.3291,-2.0194,2.51678,-2.81094,0.19007,0.24368,-1.29872,-4.76265,2.10974,-0.33454,-2.64075,0.18432,-0.18691,0.00559,0,0.07788,0.08849,0.01939,-0.0002,3e-05,-0.25869,-0.04029,0.11865,0.50372,-0.22712,-0.01037,0.02218
53.48,0.01632,0.00928,-0.03306,0.025,0,0.07037,-0.03257,-0.75363,-1.57103,-1.02525,1.59425,2.55008,-1.83948,-6.25052,-2.46083,2.93543,-3.23206,0.21295,0.2752,-1.27562,-5.38178,1.02181,-0.69813,-2.88539,-6.72066,1.54386,-0.00826,0,0.07553,0.09111,0.02007,-0.00019,3e-05,-0.26902,-0.04363,0.12587,0.51642,-0.23209,-0.01126,0.00691
53.5,0.00487,0.01025,-0.03395,0.03671,0,0.07122,-0.0116,-0.82932,-1.92573,-1.38236,1.48376,2.58554,-2.09058,-7.16423,-2.88845,3.3427,-3.61637,0.23049,0.30379,-1.3048,-5.98963,-0.02669,-0.96673,-2.15386,-13.74249,3.30974,-0.01981,0,0.07209,0.0868,0.022,-0.00017,2e-05,-0.2796,-0.04148,0.14142,0.51927,-0.22854,-0.01058,-0.00802
53.52,-0.0074,0.01062,-0.03542,0.03356,0,0.07055,0.01173,-0.89061,-2.28513,-1.78093,1.31727,2.49673,-2.30435,-8.01603,-3.28052,3.71296,-3.94115,0.24018,0.32789,-1.37215,-6.53739,-1.02064,-1.1451,-1.06653,-20.39815,5.02344,-0.02935,0,0.06922,0.07684,0.0241,-0.00014,1e-05,-0.29119,-0.03382,0.16678,0.51165,-0.2164,-0.00829,-0.02133
53.54,-0.02031,0.01044,-0.03725,0.0137,0,0.06843,0.03783,-0.9296,-2.62688,-2.21011,1.1149,2.28712,-2.46288,-8.7462,-3.61294,4.01798,-4.18143,0.23966,0.34574,-1.45599,-6.97094,-1.9535,-1.2527,-0.3493,-26.1805,6.58824,-0.03717,-0,0.06784,0.0625,0.02533,-0.0001,-1e-05,-0.30398,-0.02086,0.20231,0.49271,-0.19579,-0.00443,-0.03169
53.56,-0.03362,0.00979,-0.03921,-0.02353,0,0.06488,0.06708,-0.93868,-2.92594,-2.65476,0.90176,1.98544,-2.5469,-9.29452,-3.86081,4.22935,-4.31192,0.22707,0.35543,-1.52968,-7.23571,-2.82604,-1.31981,-0.67613,-30.6179,7.90728,-0.04356,-0,0.06788,0.04498,0.02478,-6e-05,-2e-05,-0.31748,-0.00295,0.2472,0.46147,-0.16709,0.00084,-0.03794
53.58,-0.04705,0.00877,-0.04114,-0.07728,0,0.05978,0.09969,-0.91146,-3.15645,-3.09564,0.69889,1.63695,-2.53718,-9.60617,-4.0004,4.32128,-4.30965,0.20142,0.35513,-1.56486,-7.28257,-3.64446,-1.38232,-2.50636,-33.33624,8.89415,-0.04882,-0,0.06816,0.0253,0.0218,-2e-05,-4e-05,-0.33054,0.01936,0.29957,0.41697,-0.13094,0.00717,-0.03942
53.6,-0.0603,0.00744,-0.0429,-0.14517,0,0.05297,0.13567,-0.84362,-3.29395,-3.51021,0.51946,1.28539,-2.41635,-9.63767,-4.01153,4.27351,-4.15691,0.16288,0.34329,-1.53476,-7.07367,-4.41777,-1.47614,-5.96207,-34.10915,9.48276,-0.0532,-0,0.0664,0.00425,0.01605,2e-05,-5e-05,-0.34139,0.04542,0.35659,0.35847,-0.08824,0.014,-0.03612
53.62,-0.07302,0.00588,-0.04441,-0.22326,0,0.04418,0.1747,-0.7336,-3.31774,-3.87374,0.36945,0.9617,-2.17095,-9.36157,-3.8798,4.07373,-3.84389,0.11287,0.31887,-1.41722,-6.5874,-5.15467,-1.6321,-10.78277,-32.88307,9.63451,-0.05694,-1e-05,0.05937,-0.01763,0.00757,6e-05,-6e-05,-0.34779,0.07443,0.41474,0.28572,-0.04017,0.02058,-0.0288
53.64,-0.08484,0.00414,-0.04566,-0.30638,0,0.03316,0.21605,-0.58295,-3.21302,-4.16095,0.2495,0.68373,-1.79366,-8.76934,-3.59856,3.71916,-3.37081,0.05401,0.28154,-1.19702,-5.82174,-5.86004,-1.87176,-16.37255,-29.77221,9.34163,-0.06024,-1e-05,0.0432,-0.04,-0.00329,9e-05,-7e-05,-0.34727,0.10552,0.47004,0.19904,0.01186,0.02601,-0.01893
53.66,-0.09538,0.00224,-0.04664,-0.3885,0,0.01964,0.25849,-0.3964,-2.97288,-4.34812,0.15636,0.45944,-1.28537,-7.87248,-3.17045,3.21729,-2.74919,-0.01021,0.23186,-0.8675,-4.79588,-6.5317,-2.20454,-21.92534,-25.02789,8.62697,-0.06321,-1e-05,0.01383,-0.06272,-0.01586,0.00011,-7e-05,-0.33737,0.13778,0.51836,0.09951,0.06627,0.02935,-0.00849
53.68,-0.1042,0.00021,-0.04737,-0.46336,0,0.00345,0.30028,-0.18156,-2.59975,-4.41552,0.08414,0.28963,-0.657,-6.70206,-2.60845,2.58593,-2.00237,-0.07578,0.17138,-0.43154,-3.55019,-7.15804,-2.62605,-26.591,-18.99402,7.54103,-0.06589,-1e-05,-0.03246,-0.08577,-0.02927,0.00012,-7e-05,-0.31593,0.17024,0.55573,-0.01098,0.1214,0.02974,0.00029
53.7,-0.11088,-0.00197,-0.04788,-0.52493,0,-0.01544,0.33914,0.05148,-2.10608,-4.35005,0.02528,0.17022,0.0694,-5.3068,-1.93615,1.85236,-1.16477,-0.13856,0.10265,0.09813,-2.14416,-7.7171,-3.1179,-29.63659,-12.06104,6.15691,-0.06818,-1e-05,-0.09844,-0.10913,-0.0426,0.00013,-7e-05,-0.28134,0.20193,0.57862,-0.12972,0.17556,0.02655,0.00526
53.72,-0.11497,-0.00431,-0.04814,-0.56802,0,-0.03686,0.37231,0.29089,-1.51365,-4.14747,-0.0287,0.09395,0.86073,-3.74918,-1.18675,1.05146,-0.27974,-0.19461,0.02909,0.69937,-0.65211,-8.17758,-3.64889,-30.5641,-4.62717,4.56326,-0.06991,-1e-05,-0.18535,-0.1327,-0.05491,0.00012,-6e-05,-0.23276,0.23184,0.58423,-0.25327,0.22711,0.01947,0.00463
53.74,-0.11602,-0.00681,-0.04809,-0.58859,0,-0.0604,0.39675,0.52411,-0.85151,-3.81421,-0.08656,0.05162,1.67438,-2.09971,-0.40068,0.22279,0.60429,-0.24036,-0.04533,1.34194,0.84359,-8.5017,-4.17764,-29.16517,2.92885,2.85558,-0.07078,-0,-0.29247,-0.15618,-0.06541,0.00011,-5e-05,-0.17025,0.25892,0.57067,-0.37751,0.2744,0.0086,-0.00281
53.76,-0.11363,-0.00945,-0.04759,-0.5841,0,-0.08537,0.40925,0.73891,-0.15276,-3.36885,-0.15677,0.03292,2.46118,-0.42984,0.37793,-0.5932,1.4388,-0.27276,-0.11651,1.98955,2.26114,-8.6498,-4.65646,-25.51573,10.26344,1.12687,-0.07043,-0,-0.41667,-0.17895,-0.07354,9e-05,-3e-05,-0.0948,0.282,0.53705,-0.49795,0.31582,-0.00552,-0.01747
53.78,-0.10745,-0.01219,-0.04645,-0.55362,0,-0.11081,0.40678,0.92458,0.549,-2.84189,-0.24682,0.02693,3.16925,1.19507,1.10537,-1.35905,2.18051,-0.28942,-0.18065,2.6026,3.52808,-8.58609,-5.03611,-19.92925,17.07418,-0.54086,-0.06846,-0,-0.55231,-0.20002,-0.07899,6e-05,-0,-0.00829,0.29978,0.48353,-0.6099,0.34975,-0.02193,-0.0389
53.8,-0.09724,-0.01492,-0.04441,-0.49792,0,-0.13547,0.38673,1.07285,1.22286,-2.26964,-0.36257,0.02228,3.74838,2.72118,1.74228,-2.04357,2.79577,-0.28873,-0.23468,3.14116,4.58875,-8.28425,-5.27078,-12.89053,23.09947,-2.08233,-0.06455,0,-0.69136,-0.21801,-0.08179,3e-05,3e-05,0.08653,0.31083,0.41132,-0.70874,0.37461,-0.03926,-0.06567
53.82,-0.08292,-0.01749,-0.04117,-0.41928,0,-0.15789,0.3473,1.17843,1.84255,-1.68242,-0.50724,0.00737,4.15419,4.10901,2.25685,-2.624,3.26328,-0.27014,-0.27654,3.56808,5.40878,-7.7319,-5.32281,-4.98704,28.11465,-3.45097,-0.05841,0,-0.82374,-0.23118,-0.08225,0,5e-05,0.18616,0.31363,0.3224,-0.79007,0.38883,-0.05593,-0.0955
53.84,-0.0646,-0.01971,-0.03644,-0.32116,0,-0.17647,0.28771,1.23911,2.3873,-1.09541,-0.68027,-0.02958,4.35198,5.33347,2.62699,-3.08663,3.57458,-0.23437,-0.30519,3.85211,5.976,-6.93298,-5.16664,3.1526,31.92813,-4.61689,-0.04996,1e-05,-0.9382,-0.23761,-0.08088,-3e-05,8e-05,0.28652,0.30662,0.21933,-0.84981,0.39095,-0.07021,-0.12534
53.86,-0.04263,-0.02134,-0.02998,-0.20776,0,-0.18959,0.20847,1.25549,2.84161,-0.50804,-0.87584,-0.10035,4.32001,6.3815,2.84149,-3.42634,3.73278,-0.18371,-0.32061,3.97071,6.2985,-5.90824,-4.79175,10.91015,34.38039,-5.56216,-0.03927,1e-05,-1.02333,-0.23533,-0.07824,-7e-05,0.00011,0.38311,0.28831,0.10476,-0.88425,0.37966,-0.0805,-0.15163
53.88,-0.01759,-0.02216,-0.02162,-0.0835,0,-0.19575,0.11154,1.23048,3.19451,0.0913,-1.08118,-0.2162,4.05208,7.2487,2.90048,-3.64542,3.75018,-0.12219,-0.32357,3.91259,6.40065,-4.69407,-4.20455,17.72043,35.34816,-6.27495,-0.02668,1e-05,-1.06882,-0.22261,-0.07489,-0.0001,0.00013,0.47127,0.25745,-0.01878,-0.89015,0.35393,-0.08549,-0.17067
53.9,0.00969,-0.02199,-0.01137,0.04741,0,-0.19377,0.00037,1.16879,3.43882,0.71926,-1.27587,-0.3872,3.55894,7.93571,2.81487,-3.75193,3.64554,-0.05554,-0.31548,3.67933,6.31821,-3.34025,-3.42866,23.1081,34.75387,-6.74489,-0.01275,1e-05,-1.06669,-0.19821,-0.07119,-0.00013,0.00014,0.54647,0.21324,-0.14913,-0.86489,0.3132,-0.08437,-0.17904
53.92,0.03812,-0.02066,0.00063,0.18118,0,-0.18287,-0.12019,1.07634,3.57065,1.39143,-1.43554,-0.62093,2.86807,8.44524,2.60509,-3.75797,3.44137,0.00923,-0.29811,3.28547,6.09311,-1.90628,-2.50298,26.72069,32.57884,-6.96066,0.00173,1e-05,-1.01222,-0.16161,-0.06734,-0.00016,0.00015,0.60459,0.15552,-0.28431,-0.80669,0.25748,-0.07695,-0.17405
53.94,0.06649,-0.0181,0.01405,0.3146,0,-0.16282,-0.24425,0.95974,3.58939,2.11597,-1.54031,-0.92077,2.02144,8.78011,2.29877,-3.6779,3.16155,0.06461,-0.27347,2.75706,5.76838,-0.45639,-1.4775,28.35876,28.87785,-6.91085,0.01586,1e-05,-0.90455,-0.11312,-0.06333,-0.00018,0.00015,0.64217,0.08499,-0.42225,-0.71483,0.18755,-0.06368,-0.15431
53.96,0.09349,-0.01431,0.02844,0.44497,0,-0.13405,-0.36533,0.8258,3.4981,2.88672,-1.5815,-1.28354,1.07169,8.94263,1.92796,-3.52678,2.82944,0.10359,-0.24362,2.12873,5.38365,0.94613,-0.40733,28.00081,23.79291,-6.58763,0.0287,1e-05,-0.74693,-0.05403,-0.05902,-0.00018,0.00014,0.65677,0.00333,-0.56023,-0.58998,0.10504,-0.04567,-0.1202
53.98,0.11783,-0.00938,0.04322,0.57001,0,-0.09763,-0.47692,0.6812,3.30415,3.67658,-1.56156,-1.69646,0.07751,8.93522,1.52622,-3.31921,2.46669,0.1208,-0.21057,1.44018,4.97189,2.24454,0.65372,25.81681,17.56286,-5.99223,0.03938,1e-05,-0.54655,0.01343,-0.05424,-0.00018,0.00011,0.64716,-0.08673,-0.69447,-0.43446,0.01249,-0.02455,-0.07413
54,0.13839,-0.00352,0.05778,0.68768,0,-0.05532,-0.57308,0.53224,3.01972,4.43563,-1.48987,-2.13357,-0.9011,8.76182,1.12603,-3.06862,2.09251,0.11331,-0.17621,0.73267,4.5575,3.393,1.65858,22.16092,10.52339,-5.14064,0.04726,1e-05,-0.31412,0.08617,-0.04884,-0.00016,9e-05,0.61365,-0.18142,-0.81985,-0.25253,-0.08668,-0.00234,-0.02069
54.02,0.15428,0.00301,0.07148,0.79603,0,-0.00942,-0.6489,0.38464,2.66157,5.10166,-1.37874,-2.55346,-1.80704,8.4293,0.75687,-2.78692,1.72344,0.08103,-0.14227,0.0459,4.15591,4.35889,2.57034,17.53411,3.09177,-4.06744,0.05202,1e-05,-0.06311,0.16036,-0.04276,-0.00013,6e-05,0.55812,-0.2761,-0.93008,-0.05051,-0.18822,0.01867,0.03379
54.04,0.16491,0.00984,0.08371,0.89308,0,0.03736,-0.70083,0.24346,2.24994,5.61871,-1.24072,-2.90415,-2.58965,7.94848,0.44384,-2.48445,1.37334,0.02654,-0.11031,-0.58442,3.77456,5.12284,3.36333,12.51543,-4.26589,-2.8269,0.05363,0,0.19148,0.23176,-0.03604,-9e-05,2e-05,0.48403,-0.36567,-1.01823,0.16338,-0.28737,0.03618,0.08193
54.06,0.17001,0.01659,0.09396,0.97674,0,0.08219,-0.7269,0.11292,1.80668,5.94909,-1.08727,-3.13794,-3.20766,7.33464,0.20692,-2.17005,1.05345,-0.04561,-0.08168,-1.12849,3.41476,5.67715,4.02226,7.67182,-11.08144,-1.49082,0.05245,-0,0.43449,0.29604,-0.02872,-5e-05,-1e-05,0.39616,-0.44501,-1.07762,0.37932,-0.37914,0.04807,0.11638
54.08,0.16971,0.02285,0.10182,1.04485,0,0.1224,-0.72685,-0.00364,1.35313,6.07533,-0.9282,-3.22649,-3.63134,6.60774,0.06057,-1.85133,0.77262,-0.12981,-0.05749,-1.56369,3.07423,6.02334,4.54009,3.46665,-16.93622,-0.14397,0.04916,-0,0.65218,0.34924,-0.02088,-0,-4e-05,0.30036,-0.50953,-1.10289,0.58648,-0.45875,0.05263,0.13107
54.1,0.16444,0.02821,0.10705,1.09523,0,0.15571,-0.70204,-0.10382,0.90844,5.99809,-0.77177,-3.1649,-3.84397,5.79241,0.01361,-1.5351,0.53754,-0.22031,-0.03864,-1.87543,2.74952,6.16979,4.91564,0.18998,-21.5062,1.12264,0.04466,-1e-05,0.83349,0.3881,-0.01253,4e-05,-6e-05,0.20304,-0.5557,-1.09093,0.77367,-0.52206,0.04874,0.12218
54.12,0.15495,0.03234,0.10958,1.12572,0,0.18049,-0.65532,-0.18616,0.4884,5.73334,-0.62481,-2.96679,-3.8422,4.91728,0.06911,-1.22765,0.35302,-0.31202,-0.02579,-2.05738,2.43793,6.12972,5.1514,-2.07091,-24.59106,2.21986,0.04001,-1e-05,0.97102,0.4104,-0.00362,7e-05,-8e-05,0.11071,-0.58136,-1.04144,0.93017,-0.56583,0.03601,0.0888
54.14,0.14222,0.03498,0.1095,1.13428,0,0.19584,-0.59066,-0.25007,0.10515,5.30867,-0.49271,-2.65772,-3.63535,4.01358,0.22444,-0.93488,0.22211,-0.4009,-0.01938,-2.11115,2.13842,5.91997,5.25192,-3.41402,-26.12323,3.06965,0.03629,-1e-05,1.06148,0.41515,0.0059,0.0001,-9e-05,0.02934,-0.58585,-0.95691,1.04654,-0.58795,0.01485,0.03312
54.16,0.12729,0.03597,0.10705,1.11899,0,0.20165,-0.5127,-0.29575,-0.23245,4.75922,-0.37931,-2.26947,-3.24389,3.11315,0.47121,-0.66225,0.1461,-0.48401,-0.01956,-2.04569,1.85175,5.56042,5.22307,-4.06627,-26.15903,3.6144,0.03442,-1e-05,1.10575,0.40271,0.01608,0.00012,-0.0001,-0.03629,-0.57001,-0.84216,1.11549,-0.5876,-0.01352,-0.03993
54.18,0.1112,0.03528,0.10258,1.07823,0,0.19856,-0.42629,-0.32406,-0.5182,4.12369,-0.28659,-1.83555,-2.69745,2.24629,0.79545,-0.41462,0.12431,-0.5594,-0.02625,-1.87633,1.57995,5.0741,5.07201,-4.30728,-24.85805,3.82499,0.03502,-1e-05,1.10845,0.37471,0.02684,0.00013,-0.0001,-0.08313,-0.53593,-0.7037,1.13273,-0.56521,-0.04716,-0.12332
54.2,0.09486,0.033,0.09654,1.0109,0,0.18792,-0.33601,-0.33647,-0.74775,3.44096,-0.21459,-1.38784,-2.03262,1.43992,1.17786,-0.19604,0.15365,-0.62555,-0.039,-1.62356,1.32567,4.48739,4.80773,-4.3957,-22.45661,3.70571,0.03835,-1e-05,1.07737,0.334,0.03796,0.00013,-0.0001,-0.11029,-0.48676,-0.54893,1.09753,-0.52247,-0.08351,-0.20871
54.22,0.07898,0.02937,0.08942,0.91661,0,0.17156,-0.24588,-0.33487,-0.91817,2.74731,-0.16149,-0.9543,-1.29046,0.71622,1.59464,-0.00956,0.22795,-0.68086,-0.05699,-1.31137,1.0915,3.82966,4.44153,-4.51643,-19.23898,3.2942,0.04416,-1e-05,1.02242,0.28439,0.04901,0.00012,-9e-05,-0.11907,-0.42637,-0.38548,1.01287,-0.46216,-0.11958,-0.28744
54.24,0.06402,0.02472,0.08175,0.79597,0,0.15161,-0.15913,-0.32142,-1.02785,2.0742,-0.12407,-0.55752,-0.51369,0.09171,2.01867,0.14297,0.33724,-0.72279,-0.0789,-0.96527,0.87942,3.1321,3.98722,-4.75824,-15.50906,2.65607,0.05178,-1e-05,0.95442,0.23025,0.05944,0.00011,-8e-05,-0.11272,-0.35898,-0.22071,0.88519,-0.38793,-0.1522,-0.35134
54.26,0.05021,0.01942,0.074,0.65084,0,0.13022,-0.07806,-0.29845,-1.07675,1.44676,-0.09837,-0.21382,0.25612,-0.42318,2.4212,0.26106,0.46694,-0.74717,-0.1028,-0.60988,0.69045,2.42569,3.46099,-5.12031,-11.56428,1.87504,0.06017,-1e-05,0.88373,0.17612,0.06856,0.0001,-7e-05,-0.09588,-0.28877,-0.06128,0.72369,-0.304,-0.17832,-0.39361
54.28,0.03755,0.01391,0.06661,0.48452,0,0.10932,-0.00403,-0.26825,-1.06695,0.88282,-0.08045,0.06692,0.9813,-0.82416,2.77383,0.34571,0.59731,-0.74761,-0.1261,-0.26685,0.5245,1.73908,2.88104,-5.53854,-7.6741,1.04099,0.06802,-1e-05,0.81893,0.12619,0.07573,8e-05,-6e-05,-0.07387,-0.21952,0.08702,0.53936,-0.21478,-0.19532,-0.40947
54.3,0.02585,0.00858,0.05991,0.30183,0,0.09043,0.06242,-0.23301,-1.0031,0.39284,-0.06708,0.28109,1.63015,-1.11274,3.05046,0.39942,0.70334,-0.71514,-0.14546,0.04692,0.38049,1.09661,2.26725,-5.91936,-4.06423,0.23848,0.07395,-0,0.76593,0.0839,0.08037,7e-05,-5e-05,-0.05199,-0.15438,0.21947,0.344,-0.12456,-0.20127,-0.39665
54.32,0.01482,0.00378,0.05411,0.10904,0,0.07449,0.12141,-0.19474,-0.89257,-0.01951,-0.05613,0.43061,2.17814,-1.29557,3.22886,0.42608,0.75534,-0.63836,-0.15683,0.32004,0.25653,0.51717,1.64052,-6.17062,-0.90712,-0.46239,0.07663,-0,0.72743,0.05165,0.08209,5e-05,-4e-05,-0.03485,-0.09565,0.33246,0.1493,-0.03732,-0.19511,-0.35556
54.34,0.00411,-0.00021,0.04932,-0.08647,0,0.06191,0.17349,-0.15523,-0.74514,-0.35619,-0.04661,0.52175,2.60831,-1.38329,3.29181,0.43075,0.72043,-0.504,-0.15552,0.54668,0.1503,0.01378,1.02194,-6.22299,1.68186,-1.01165,0.07496,-0,0.70298,0.0307,0.0807,4e-05,-3e-05,-0.02593,-0.04479,0.42355,-0.0341,0.04356,-0.17679,-0.28915
54.36,-0.00657,-0.00322,0.04554,-0.27675,0,0.05255,0.21931,-0.11608,-0.57218,-0.62313,-0.03846,0.56383,2.91093,-1.38942,3.22787,0.41922,0.5649,-0.29795,-0.1364,0.72577,0.05936,-0.40621,0.43173,-6.0406,3.64369,-1.38178,0.06821,-0,0.68949,0.0211,0.07622,3e-05,-2e-05,-0.02725,-0.00244,0.49148,-0.1973,0.11538,-0.14724,-0.20245
54.38,-0.01741,-0.00516,0.04262,-0.45395,0,0.04593,0.25945,-0.07864,-0.38571,-0.82859,-0.03215,0.56776,3.08287,-1.32908,3.03195,0.39764,0.25717,-0.00665,-0.0942,0.85982,-0.01847,-0.74034,-0.11188,-5.62252,4.97145,-1.56711,0.05613,-0,0.68204,0.02183,0.0689,1e-05,-1e-05,-0.03929,0.0315,0.53624,-0.33378,0.1763,-0.10826,-0.10202
54.4,-0.02848,-0.00606,0.04038,-0.61095,0,0.04127,0.29419,-0.04408,-0.1974,-0.98165,-0.02823,0.54479,3.1269,-1.21796,2.70573,0.37206,-0.22874,0.38119,-0.02391,0.95364,-0.08492,-0.99011,-0.59358,-4.99823,5.70333,-1.58112,0.039,-0,0.67482,0.03098,0.05913,0,-1e-05,-0.06102,0.05769,0.559,-0.43968,0.22527,-0.06243,0.00477
54.42,-0.03965,-0.00603,0.03852,-0.74189,0,0.03773,0.32344,-0.01335,-0.01773,-1.09096,-0.02695,0.5054,3.05092,-1.0714,2.25782,0.3481,-0.90963,0.87283,0.07872,1.01309,-0.14108,-1.15998,-1.00164,-4.2194,5.91299,-1.45206,0.01764,0,0.66203,0.04602,0.04743,-1e-05,-1e-05,-0.09014,0.07717,0.56198,-0.51384,0.26209,-0.01281,0.11041
54.44,-0.05068,-0.00523,0.03676,-0.84251,0,0.03446,0.3468,0.01278,0.14465,-1.16407,-0.02815,0.45859,2.86725,-0.90369,1.70359,0.33059,-1.78965,1.46959,0.21658,1.04419,-0.18743,-1.25644,-1.32829,-3.35009,5.69816,-1.2175,-0.0067,0,0.63863,0.06407,0.03439,-2e-05,-1e-05,-0.12341,0.09121,0.54815,-0.55754,0.28724,0.03726,0.20788
54.46,-0.06119,-0.0039,0.03482,-0.91037,0,0.03072,0.36366,0.0338,0.28326,-1.20707,-0.03121,0.41138,2.59205,-0.7275,1.06475,0.32333,-2.85713,2.16502,0.39057,1.05242,-0.22402,-1.28731,-1.56982,-2.4568,5.16821,-0.91848,-0.0325,-0,0.60086,0.08225,0.02057,-3e-05,-2e-05,-0.15719,0.1011,0.52092,-0.57397,0.30177,0.08457,0.29129
54.48,-0.0708,-0.00225,0.03245,-0.94491,0,0.02596,0.37341,0.04945,0.39401,-1.2247,-0.03518,0.36862,2.24487,-0.55361,0.36883,0.32897,-4.08172,2.94301,0.59886,1.04245,-0.25065,-1.26119,-1.72655,-1.59991,4.43266,-0.59401,-0.05816,-0,0.54663,0.09797,0.00651,-4e-05,-4e-05,-0.18788,0.10805,0.48372,-0.56765,0.3071,0.1263,0.35633
54.5,-0.07912,-0.00051,0.02949,-0.94742,0,0.01983,0.37563,0.05976,0.47514,-1.2206,-0.03895,0.333,1.84838,-0.39079,-0.3513,0.34892,-5.41232,3.77591,0.8362,1.01798,-0.26714,-1.18713,-1.80249,-0.82742,3.59163,-0.27689,-0.08213,-0,0.47573,0.10915,-0.00737,-6e-05,-5e-05,-0.2124,0.11305,0.43969,-0.54381,0.30486,0.16029,0.40059
54.52,-0.08586,0.00113,0.02587,-0.92087,0,0.01226,0.37021,0.06503,0.52696,-1.19766,-0.04142,0.30534,1.42793,-0.24577,-1.05813,0.38348,-6.77599,4.62282,1.09337,0.98176,-0.27346,-1.07436,-1.8048,-0.17166,2.72936,0.00875,-0.10313,-0,0.38978,0.11441,-0.02076,-7e-05,-7e-05,-0.22847,0.11682,0.39151,-0.50785,0.29677,0.18522,0.42364
54.54,-0.09079,0.00252,0.02163,-0.86957,0,0.00337,0.3574,0.06577,0.5515,-1.15825,-0.0417,0.28491,1.01086,-0.1235,-1.71036,0.43198,-8.07836,5.42836,1.35671,0.93567,-0.2699,-0.93191,-1.74289,0.35103,1.91086,0.24797,-0.12013,-1e-05,0.292,0.1131,-0.0334,-9e-05,-8e-05,-0.23478,0.1198,0.34128,-0.46487,0.28447,0.20064,0.42683
54.56,-0.09378,0.00354,0.01686,-0.79873,0,-0.0065,0.33779,0.06269,0.55193,-1.10446,-0.03917,0.26997,0.62544,-0.02729,-2.2643,0.49307,-9.20616,6.12245,1.60804,0.88079,-0.25704,-0.76836,-1.62739,0.73823,1.18134,0.43399,-0.13246,-1e-05,0.18685,0.10528,-0.04511,-0.00012,-8e-05,-0.23096,0.12215,0.29052,-0.41933,0.26942,0.20687,0.41295
54.58,-0.09479,0.00413,0.01174,-0.71402,0,-0.01686,0.31219,0.05652,0.53212,-1.03817,-0.03356,0.25823,0.29952,0.04095,-2.67575,0.56503,-10.03204,6.62167,1.82498,0.81753,-0.23575,-0.59158,-1.46922,0.99803,0.56771,0.56617,-0.13974,-0,0.07947,0.09158,-0.05572,-0.00014,-5e-05,-0.21755,0.1238,0.2403,-0.37486,0.25279,0.20491,0.38572
54.6,-0.09384,0.00426,0.00647,-0.62114,0,-0.02713,0.28159,0.04804,0.49617,-0.96124,-0.02495,0.24736,0.059,0.08055,-2.90243,0.646,-10.42189,6.83279,1.98179,0.74586,-0.20717,-0.40863,-1.27878,1.14514,0.08126,0.64775,-0.14191,-0,-0.02477,0.07309,-0.06504,-0.00018,-1e-05,-0.19575,0.12452,0.19134,-0.33408,0.23549,0.19624,0.34936
54.62,-0.09101,0.00393,0.00127,-0.52549,0,-0.03669,0.24701,0.03797,0.4481,-0.87546,-0.01368,0.23538,-0.07385,0.09198,-2.90694,0.73423,-10.24468,6.65876,2.05084,0.66549,-0.17265,-0.22584,-1.0655,1.19744,-0.279,0.68395,-0.13916,0,-0.12075,0.05122,-0.07287,-0.00021,6e-05,-0.16733,0.12403,0.14415,-0.29866,0.21808,0.18261,0.30811
54.64,-0.08642,0.0032,-0.00365,-0.43183,0,-0.04495,0.20949,0.02695,0.39168,-0.78258,-0.00033,0.22089,-0.08233,0.0768,-2.66019,0.82811,-9.38454,6.0075,2.00473,0.57613,-0.13378,-0.0489,-0.83769,1.17329,-0.52304,0.68062,-0.13193,1e-05,-0.20405,0.02753,-0.07897,-0.00023,0.00017,-0.13436,0.122,0.09916,-0.26932,0.20089,0.16589,0.26588
54.66,-0.08026,0.00212,-0.00809,-0.34408,0,-0.05142,0.16999,0.01553,0.33025,-0.6842,0.01448,0.20322,0.04282,0.03774,-2.14521,0.92614,-7.75489,4.80312,1.81916,0.47775,-0.09233,0.1169,-0.60253,1.08995,-0.66677,0.64358,-0.12082,2e-05,-0.27129,0.00359,-0.08317,-0.00024,0.00032,-0.09904,0.11818,0.05673,-0.24595,0.18398,0.14782,0.22595
54.68,-0.07274,0.00079,-0.0119,-0.26514,0,-0.05576,0.12937,0.00421,0.26679,-0.58177,0.03016,0.18246,0.30152,-0.02131,-1.3611,1.02679,-5.31368,2.999,1.47635,0.37077,-0.05024,0.26646,-0.36634,0.96279,-0.72941,0.57854,-0.10659,3e-05,-0.3204,-0.01913,-0.08535,-0.00023,0.00051,-0.06353,0.11242,0.01722,-0.22778,0.16727,0.12991,0.19078
54.7,-0.06412,-0.00068,-0.01497,-0.1968,0,-0.05783,0.0884,-0.00658,0.20393,-0.4765,0.04625,0.15933,0.68294,-0.09521,-0.32659,1.12835,-2.07788,0.5913,0.96879,0.25629,-0.00954,0.39482,-0.13491,0.80526,-0.73137,0.49132,-0.09013,5e-05,-0.35078,-0.03939,-0.08552,-0.00019,0.00074,-0.02978,0.10472,-0.01903,-0.21354,0.15059,0.11326,0.16192
54.72,-0.05471,-0.00218,-0.01724,-0.1398,0,-0.05768,0.04775,-0.01642,0.14397,-0.36949,0.06238,0.1351,1.16471,-0.1777,0.91756,1.22862,1.86505,-2.36897,0.30284,0.13622,0.0277,0.4972,0.08628,0.62914,-0.69253,0.38801,-0.07241,7e-05,-0.36325,-0.05626,-0.08382,-0.00011,0.00101,0.00058,0.09525,-0.05172,-0.20166,0.13374,0.09857,0.14002
54.74,-0.04485,-0.00358,-0.01869,-0.09394,0,-0.05556,0.00806,-0.02496,0.08893,-0.26179,0.07826,0.11124,1.71324,-0.2616,2.30794,1.32465,6.351,-5.76733,-0.49831,0.01329,0.05956,0.56928,0.29183,0.44499,-0.63085,0.27513,-0.05441,9e-05,-0.35991,-0.06909,-0.08047,-0,0.00131,0.0263,0.08431,-0.08054,-0.19046,0.11655,0.08612,0.12489
54.76,-0.03487,-0.00477,-0.01937,-0.0582,0,-0.05186,-0.03009,-0.03184,0.04052,-0.15447,0.09353,0.08921,2.28491,-0.33925,3.75992,1.4125,11.13968,-9.42219,-1.39298,-0.10902,0.08439,0.60759,0.47645,0.26252,-0.56135,0.15952,-0.03707,0.00011,-0.34375,-0.07757,-0.07581,0.00015,0.00161,0.04658,0.07231,-0.10528,-0.17835,0.09887,0.07578,0.11566
54.78,-0.02513,-0.00564,-0.01934,-0.03098,0,-0.04702,-0.06609,-0.03673,0.00011,-0.04882,0.10762,0.07014,2.82842,-0.40297,5.17138,1.48735,15.9226,-13.08798,-2.3213,-0.22666,0.10106,0.61001,0.63504,0.09096,-0.4954,0.0481,-0.02122,0.00014,-0.31833,-0.0817,-0.07016,0.00035,0.0019,0.06108,0.05972,-0.12575,-0.16402,0.08063,0.06712,0.11093
54.8,-0.01591,-0.00613,-0.01872,-0.0103,0,-0.04156,-0.09934,-0.03936,-0.0313,0.0536,0.11974,0.05464,3.28796,-0.44567,6.42869,1.54387,20.33947,-16.46687,-3.20818,-0.33513,0.109,0.57618,0.76276,-0.06085,-0.44041,-0.05239,-0.00751,0.00016,-0.28734,-0.08177,-0.06379,0.00059,0.00212,0.0699,0.04701,-0.14187,-0.14651,0.06183,0.05954,0.10897
54.82,-0.00748,-0.00619,-0.01764,0.006,0,-0.0359,-0.12922,-0.03951,-0.05304,0.15083,0.12881,0.0427,3.60712,-0.46147,7.41496,1.57703,24.0039,-19.23039,-3.96977,-0.42969,0.10826,0.50771,0.85515,-0.18451,-0.39987,-0.13568,0.00363,0.00017,-0.25428,-0.0783,-0.05692,0.00087,0.00223,0.07359,0.03463,-0.15367,-0.12534,0.04256,0.05232,0.10791
54.84,-4e-05,-0.00584,-0.01624,0.02004,0,-0.03043,-0.15507,-0.03705,-0.06472,0.24052,0.13355,0.03375,3.73359,-0.4463,8.0205,1.58318,26.53834,-21.05109,-4.52322,-0.50554,0.09938,0.40805,0.90809,-0.27235,-0.37386,-0.19624,0.01199,0.00018,-0.22217,-0.07198,-0.04965,0.00118,0.00214,0.07297,0.02293,-0.16122,-0.1005,0.02301,0.04477,0.10586
54.86,0.0063,-0.00511,-0.01468,0.03376,0,-0.02542,-0.17627,-0.03194,-0.06618,0.31998,0.13274,0.0268,3.62421,-0.39831,8.15455,1.56115,27.61601,-21.64124,-4.79872,-0.55799,0.08319,0.28221,0.91788,-0.31802,-0.35972,-0.22953,0.0176,0.00016,-0.19331,-0.0636,-0.042,0.0015,0.00178,0.06913,0.01219,-0.16471,-0.07239,0.00345,0.03635,0.10109
54.88,0.01148,-0.00407,-0.01308,0.0488,0,-0.021,-0.19223,-0.02426,-0.05742,0.3863,0.12535,0.02063,3.25005,-0.31833,7.75703,1.51302,27.00483,-20.79291,-4.75164,-0.58285,0.06064,0.13635,0.88137,-0.31718,-0.35301,-0.23229,0.02067,0.00012,-0.16917,-0.054,-0.0339,0.00181,0.00103,0.06323,0.00258,-0.16438,-0.04175,-0.01571,0.02668,0.09218
54.9,0.0155,-0.00281,-0.01155,0.06632,0,-0.0172,-0.20248,-0.01424,-0.03862,0.43657,0.11085,0.01404,2.60077,-0.20997,6.8078,1.44388,24.60581,-18.41109,-4.37173,-0.57679,0.03251,-0.02262,0.79634,-0.26819,-0.34836,-0.20285,0.0216,5e-05,-0.15032,-0.04396,-0.02524,0.00208,-0.00021,0.05642,-0.00583,-0.16052,-0.00954,-0.03402,0.01567,0.07805
54.92,0.01845,-0.00144,-0.01019,0.087,0,-0.01391,-0.20669,-0.00233,-0.01021,0.46801,0.08933,0.00599,1.68728,-0.07936,5.33128,1.36046,20.47781,-14.53221,-3.68703,-0.53786,-0.00063,-0.18726,0.66207,-0.17278,-0.34033,-0.14149,0.02089,-7e-05,-0.13651,-0.03419,-0.01593,0.00226,-0.00205,0.04972,-0.01309,-0.15351,0.02315,-0.05094,0.00346,0.05815
54.94,0.02041,-6e-05,-0.00902,0.11097,0,-0.01097,-0.20477,0.01083,0.02699,0.47824,0.06166,-0.00429,0.54219,0.06536,3.39531,1.26833,14.84385,-9.3239,-2.76098,-0.46608,-0.03848,-0.34969,0.48006,-0.03641,-0.32403,-0.05077,0.01907,-0.00023,-0.12683,-0.02526,-0.00592,0.00228,-0.00457,0.04395,-0.0193,-0.14374,0.05515,-0.06588,-0.00959,0.03244
54.96,0.02148,0.00121,-0.00808,0.13784,0,-0.00816,-0.19686,0.02435,0.07159,0.46543,0.02943,-0.01725,-0.78179,0.21498,1.1047,1.16852,8.07849,-3.06779,-1.68383,-0.36391,-0.08095,-0.50163,0.2548,0.13163,-0.29556,0.06423,0.01662,-0.00046,-0.11987,-0.01753,0.00475,0.00207,-0.00785,0.03963,-0.02462,-0.1317,0.08533,-0.07831,-0.02297,0.00146
54.98,0.02174,0.00229,-0.00733,0.16674,0,-0.00527,-0.18334,0.03711,0.12144,0.42853,-0.00509,-0.03304,-2.21529,0.36024,-1.40869,1.05469,0.6788,3.8693,-0.56035,-0.23661,-0.12801,-0.6344,-0.00566,0.3185,-0.25222,0.19582,0.01392,-0.00074,-0.11403,-0.01122,0.01595,0.00154,-0.0119,0.03699,-0.02922,-0.11788,0.11265,-0.08772,-0.03613,-0.03371
55,0.02126,0.00312,-0.00673,0.19639,0,-0.00214,-0.16491,0.04782,0.17364,0.36746,-0.0392,-0.05145,-3.67696,0.49278,-3.99749,0.912,-6.77892,11.06971,0.50331,-0.09222,-0.17963,-0.73909,-0.2895,0.50843,-0.19249,0.33391,0.01122,-0.00109,-0.1078,-0.00632,0.0274,0.0006,-0.01663,0.03598,-0.03325,-0.10286,0.13615,-0.09376,-0.04855,-0.0715
55.02,0.02003,0.00367,-0.00625,0.22526,0,0.00131,-0.14247,0.05513,0.22456,0.28316,-0.07,-0.07195,-5.07934,0.60582,-6.51074,0.71886,-13.69503,18.10057,1.41177,0.05899,-0.23562,-0.80682,-0.58159,0.68394,-0.11577,0.46668,0.00858,-0.00148,-0.10001,-0.00272,0.03871,-0.00085,-0.02188,0.03631,-0.0368,-0.08725,0.15501,-0.0962,-0.05981,-0.11
55.04,0.01807,0.00391,-0.00582,0.25169,0,0.00504,-0.11709,0.05777,0.27015,0.17765,-0.09478,-0.09364,-6.33563,0.69461,-8.8054,0.45157,-19.51228,24.54823,2.09017,0.20567,-0.29557,-0.82936,-0.86475,0.82747,-0.02196,0.58161,0.00594,-0.00191,-0.09009,-0.00021,0.04946,-0.0029,-0.02733,0.03757,-0.03987,-0.07175,0.16849,-0.09498,-0.06959,-0.1471
55.06,0.01536,0.00385,-0.00543,0.27408,0,0.00891,-0.08991,0.05477,0.30636,0.05387,-0.11137,-0.11515,-7.36697,0.75641,-10.75702,0.09103,-23.78452,30.04972,2.49116,0.33693,-0.35889,-0.79991,-1.12155,0.9234,0.08908,0.667,0.00318,-0.00235,-0.07822,0.0014,0.05922,-0.0056,-0.03246,0.03934,-0.04233,-0.05707,0.17596,-0.0902,-0.07772,-0.18076
55.08,0.01192,0.00347,-0.0051,0.29106,0,0.01263,-0.06197,0.04564,0.32965,-0.08447,-0.11849,-0.13467,-8.10961,0.79034,-12.26876,-0.37012,-26.23674,34.3187,2.59897,0.44411,-0.4248,-0.71406,-1.33645,0.9602,0.21777,0.71342,0.00015,-0.00274,-0.06552,0.00221,0.06763,-0.00899,-0.03659,0.04135,-0.04389,-0.04396,0.17683,-0.0821,-0.08412,-0.20926
55.1,0.00782,0.00278,-0.00489,0.30163,0,0.0158,-0.03417,0.0305,0.33746,-0.23309,-0.1159,-0.14991,-8.5205,0.79687,-13.27743,-0.92221,-26.80183,37.16223,2.43002,0.52228,-0.49235,-0.57083,-1.49769,0.93227,0.36478,0.71511,-0.00323,-0.00303,-0.05401,0.00216,0.07449,-0.01301,-0.03877,0.04354,-0.04413,-0.03313,0.17061,-0.07108,-0.08879,-0.23137
55.12,0.00319,0.00176,-0.00491,0.30528,0,0.0179,-0.00714,0.01007,0.32855,-0.38737,-0.10436,-0.15826,-8.58024,0.77715,-13.75541,-1.53675,-25.62166,38.48488,2.02998,0.57109,-0.56043,-0.37353,-1.59851,0.84116,0.53026,0.67077,-0.00695,-0.00313,-0.04659,0.00105,0.07978,-0.01754,-0.03786,0.0461,-0.04247,-0.02528,0.15698,-0.05769,-0.09182,-0.24647
55.14,-0.00178,0.00037,-0.00533,0.30192,0,0.01838,0.01872,-0.01433,0.30313,-0.54262,-0.08532,-0.15697,-8.29288,0.73221,-13.70808,-2.1691,-23.00895,38.27974,1.46723,0.59498,-0.62771,-0.13034,-1.63754,0.69592,0.71265,0.58372,-0.0109,-0.00295,-0.04684,-0.00151,0.08363,-0.02231,-0.03247,0.04939,-0.03822,-0.02097,0.13587,-0.04263,-0.09336,-0.25459
55.16,-0.00684,-0.00142,-0.00633,0.2919,0,0.01661,0.0433,-0.04107,0.26284,-0.69433,-0.06046,-0.14346,-7.68315,0.66216,-13.16796,-2.76494,-19.37933,36.61083,0.82356,0.60256,-0.69255,0.14543,-1.61847,0.51264,0.90698,0.46158,-0.01486,-0.00237,-0.05866,-0.00593,0.08633,-0.02694,-0.02105,0.05388,-0.03065,-0.02065,0.10752,-0.02677,-0.09363,-0.25626
55.18,-0.0117,-0.00364,-0.00808,0.27582,0,0.01202,0.06668,-0.06836,0.21055,-0.83839,-0.03122,-0.11576,-6.7922,0.56577,-12.1877,-3.2689,-15.17223,33.59366,0.18377,0.60559,-0.75285,0.43542,-1.5491,0.31332,1.10325,0.3154,-0.01857,-0.00126,-0.08585,-0.01264,0.08822,-0.03087,-0.00197,0.05997,-0.01907,-0.02454,0.07269,-0.01116,-0.09289,-0.25238
55.2,-0.01606,-0.0063,-0.01073,0.25448,0,0.00411,0.08904,-0.09452,0.15013,-0.97118,0.0015,-0.07295,-5.67287,0.44048,-10.83346,-3.63314,-10.78113,29.38001,-0.37445,0.6175,-0.80586,0.71671,-1.44013,0.12416,1.28521,0.15874,-0.0217,0.00051,-0.1316,-0.02191,0.08968,-0.03334,0.02635,0.06789,-0.00294,-0.0327,0.03264,0.00301,-0.09144,-0.24399
55.22,-0.01962,-0.00939,-0.01439,0.22872,0,-0.00746,0.11057,-0.1181,0.0861,-1.08953,0.03735,-0.01561,-4.38498,0.28334,-9.17937,-3.8241,-6.50938,24.14981,-0.78887,0.65176,-0.84797,0.96286,-1.30376,-0.02663,1.43002,0.00664,-0.02393,0.00306,-0.19797,-0.03383,0.09094,-0.03343,0.06527,0.07762,0.01804,-0.04499,-0.01081,0.01441,-0.08955,-0.23201
55.24,-0.02203,-0.01287,-0.01905,0.1993,0,-0.02279,0.13129,-0.13794,0.02324,-1.19039,0.07622,0.05375,-2.99068,0.09245,-7.30332,-3.8262,-2.55768,18.11018,-1.01878,0.7201,-0.87445,1.14549,-1.15217,-0.11153,1.50907,-0.12544,-0.02486,0.00649,-0.28527,-0.04822,0.0921,-0.03003,0.11566,0.08887,0.04373,-0.06116,-0.05537,0.02165,-0.08737,-0.21697
55.26,-0.02296,-0.01665,-0.02459,0.16681,0,-0.04165,0.15092,-0.15316,-0.03377,-1.2704,0.11767,0.13032,-1.55036,-0.13083,-5.28399,-3.64279,0.96042,11.49964,-1.04835,0.83064,-0.87928,1.2367,-0.99599,-0.10697,1.48992,-0.2227,-0.02408,0.01087,-0.39152,-0.06461,0.09295,-0.02193,0.17759,0.10112,0.07351,-0.08092,-0.09842,0.0234,-0.08481,-0.19878
55.28,-0.02202,-0.02059,-0.03078,0.13154,0,-0.06342,0.16873,-0.16309,-0.08061,-1.32537,0.16018,0.20681,-0.11944,-0.37976,-3.19883,-3.29473,3.98687,4.59321,-0.88735,0.98606,-0.85524,1.21204,-0.84298,0.00309,1.33933,-0.27215,-0.02106,0.01617,-0.51187,-0.08222,0.09296,-0.00783,0.25,0.11364,0.10604,-0.10399,-0.13716,0.01847,-0.08144,-0.17648
55.3,-0.01883,-0.02449,-0.03721,0.0935,0,-0.08698,0.18339,-0.1671,-0.11346,-1.34976,0.20063,0.27341,1.25365,-0.64028,-1.12243,-2.81751,6.48534,-2.29717,-0.56916,1.18176,-0.79426,1.05419,-0.69695,0.22325,1.02707,-0.26384,-0.0152,0.02227,-0.63819,-0.09994,0.09124,0.01348,0.3303,0.12555,0.13927,-0.13012,-0.16874,0.006,-0.07641,-0.1481
55.32,-0.01299,-0.02807,-0.04334,0.05236,0,-0.11066,0.19297,-0.16457,-0.12893,-1.33609,0.23392,0.31801,2.52811,-0.89,0.87555,-2.25716,8.41746,-8.83271,-0.14569,1.4043,-0.68814,0.75688,-0.55706,0.54292,0.53013,-0.19213,-0.00585,0.02894,-0.75874,-0.11637,0.08655,0.04299,0.41393,0.13583,0.17027,-0.15896,-0.19032,-0.01444,-0.06838,-0.11068
55.34,-0.00411,-0.03101,-0.04847,0.00754,0,-0.13222,0.19494,-0.15468,-0.12377,-1.27458,0.25306,0.32678,3.67029,-1.09826,2.73343,-1.66535,9.73549,-14.67099,0.32023,1.63021,-0.52962,0.32877,-0.41751,0.93298,-0.16287,-0.05697,0.00769,0.03576,-0.85807,-0.12979,0.07737,0.08127,0.49406,0.14319,0.1953,-0.18991,-0.19907,-0.04271,-0.05554,-0.06036
55.36,0.00812,-0.03288,-0.05178,-0.04169,0,-0.14883,0.18619,-0.13643,-0.09443,-1.15297,0.24965,0.28525,4.65247,-1.22738,4.40142,-1.09419,10.391,-19.50009,0.76425,1.8254,-0.31338,-0.20349,-0.26759,1.34349,-1.04752,0.13484,0.02603,0.04213,-0.91727,-0.13823,0.06202,0.12822,0.56123,0.14606,0.20984,-0.22184,-0.1921,-0.07795,-0.03572,0.00736
55.38,0.02391,-0.03318,-0.05235,-0.0961,0,-0.15709,0.16324,-0.10854,-0.0367,-0.95685,0.21465,0.17967,5.45121,-1.23483,5.84538,-0.59146,10.35362,-23.07667,1.12994,1.94543,-0.0369,-0.79364,-0.09202,1.70321,-2.10012,0.36884,0.04966,0.04723,-0.91443,-0.13949,0.03884,0.18279,0.60324,0.14249,0.20875,-0.25286,-0.16646,-0.11851,-0.0065,0.09726
55.4,0.04332,-0.03136,-0.04924,-0.15627,0,-0.15319,0.12245,-0.06958,0.05453,-0.67063,0.13951,-0.00103,6.04567,-1.07613,7.04928,-0.1968,9.63118,-25.25842,1.37635,1.93709,0.29949,-1.37697,0.12834,1.92175,-3.27538,0.62257,0.07881,0.05002,-0.82568,-0.13128,0.00635,0.24272,0.60519,0.13019,0.18649,-0.28013,-0.11924,-0.16181,0.0346,0.21385
55.42,0.0662,-0.02682,-0.04151,-0.22242,0,-0.13301,0.06019,-0.01802,0.18519,-0.27924,0.01735,-0.26304,6.416,-0.70815,8.015,0.06073,8.28306,-26.02209,1.48226,1.74141,0.69352,-1.87498,0.41549,1.89534,-4.50606,0.86617,0.11339,0.04923,-0.62646,-0.11139,-0.0365,0.30422,0.54987,0.10659,0.13746,-0.29981,-0.04787,-0.20431,0.08991,0.36079
55.44,0.09215,-0.01896,-0.02834,-0.29406,0,-0.09243,-0.02675,0.04747,0.36163,0.22933,-0.15574,-0.60522,6.54207,-0.0928,8.7592,0.16342,6.42261,-25.46326,1.44641,1.29842,1.14292,-2.20379,0.79291,1.51632,-5.70495,1.06408,0.15292,0.04344,-0.29337,-0.07794,-0.09014,0.36183,0.41845,0.06916,0.05639,-0.30715,0.04948,-0.2415,0.16134,0.54024
55.46,0.12054,-0.00724,-0.00908,-0.36987,0,-0.02758,-0.14091,0.1278,0.58987,0.86096,-0.37937,-1.01679,6.40304,0.799,9.30793,0.10463,4.20873,-23.78002,1.28438,0.5532,1.6479,-2.28532,1.28374,0.68604,-6.76908,1.17779,0.19651,0.03108,0.19361,-0.0296,-0.15419,0.40827,0.19167,0.01572,-0.06112,-0.29682,0.17325,-0.26794,0.25015,0.75211
55.48,0.15048,0.00879,0.01664,-0.44741,0,0.06469,-0.28371,0.22313,0.87467,1.61197,-0.64767,-1.47562,5.97826,1.98315,9.69048,-0.11241,1.83053,-21.24668,1.02346,-0.53685,2.21318,-2.05896,1.90851,-0.67052,-7.58571,1.16936,0.24287,0.01056,0.84845,0.03403,-0.22727,0.43455,-0.1486,-0.05507,-0.21804,-0.26334,0.32173,-0.27747,0.35662,0.99341
55.5,0.18085,0.02936,0.04883,-0.5231,0,0.18642,-0.4551,0.33255,1.21855,2.46575,-0.9483,-1.94763,5.24983,3.45802,9.93356,-0.47588,-0.51013,-18.18377,0.69697,-1.99477,2.84855,-1.49138,2.68226,-2.59009,-8.03942,1.00541,0.29033,-0.01961,1.67624,0.11218,-0.30687,0.43023,-0.61726,-0.14327,-0.41527,-0.20173,0.49029,-0.26355,0.47977,1.25768
55.52,0.21032,0.05445,0.08706,-0.59224,0,0.33799,-0.65306,0.45381,1.62082,3.39014,-1.26206,-2.38826,4.20659,5.20044,10.05692,-0.9668,-2.61487,-14.92833,0.33936,-3.81722,3.56706,-0.58189,3.61119,-5.0587,-8.01956,0.66115,0.3369,-0.06064,2.67036,0.20261,-0.38936,0.38408,-1.22357,-0.24719,-0.65099,-0.10816,0.6706,-0.21966,0.61704,1.53459
55.54,0.23744,0.08368,0.13039,-0.64923,0,0.51765,-0.87322,0.58313,2.07676,4.3361,-1.56325,-2.74644,2.84922,7.16235,10.07068,-1.56,-4.30163,-11.80672,-0.01741,-5.96922,4.38069,0.63744,4.68895,-8.00275,-7.42828,0.12423,0.38038,-0.11331,3.80993,0.30147,-0.46996,0.28496,-1.96848,-0.36305,-0.9201,0.01924,0.85014,-0.13998,0.76403,1.80984
55.56,0.26069,0.11623,0.17739,-0.6879,0,0.72114,-1.1086,0.71516,2.57701,5.23859,-1.82143,-2.97204,1.19594,9.26888,9.97473,-2.22506,-5.41442,-9.11137,-0.34599,-8.38097,5.29409,2.10627,5.89313,-11.28456,-6.18975,-0.60187,0.41851,-0.17771,5.05796,0.40325,-0.54303,0.12315,-2.84199,-0.48482,-1.21381,0.17964,1.01188,-0.0201,0.91427,2.0654
55.58,0.2786,0.15085,0.22612,-0.70201,0,0.94133,-1.34941,0.843,3.10705,6.02041,-2.00487,-3.02713,-0.71226,11.41832,9.76006,-2.92694,-5.83064,-7.08236,-0.62457,-10.94709,6.29802,3.74303,7.18249,-14.70257,-4.2617,-1.4952,0.44913,-0.2531,6.3606,0.50088,-0.60241,-0.10802,-3.82081,-0.60415,-1.51951,0.36883,1.13446,0.14212,1.05919,2.2802
55.6,0.28982,0.18578,0.27427,-0.68575,0,1.16815,-1.58321,0.95849,3.6468,6.59975,-2.08635,-2.90126,-2.80801,13.48467,9.41177,-3.62655,-5.46702,-5.89442,-0.83699,-13.52904,7.36397,5.45222,8.49584,-17.99673,-1.64945,-2.51371,0.47045,-0.33771,7.64763,0.58588,-0.64193,-0.4103,-4.8668,-0.71062,-1.82093,0.57864,1.19287,0.34576,1.1882,2.43121
55.62,0.29327,0.21887,0.31922,-0.6342,0,1.38873,-1.79526,1.05252,4.17035,6.90203,-2.05156,-2.62315,-4.99696,15.32325,8.91269,-4.28145,-4.28473,-5.64952,-0.97229,-15.9611,8.44139,7.13032,9.75293,-20.85955,1.57826,-3.59533,0.48129,-0.4286,8.83489,0.64875,-0.65612,-0.77862,-5.92656,-0.79221,-2.09883,0.79664,1.15976,0.58608,1.28894,2.49493
55.64,0.28822,0.24763,0.35826,-0.54375,0,1.58788,-1.96923,1.11566,4.64584,6.87616,-1.90779,-2.2517,-7.16124,16.77973,8.24734,-4.8468,-2.29415,-6.37417,-1.02417,-18.0603,9.45844,8.66981,10.85815,-22.95371,5.274,-4.66018,0.48135,-0.52169,9.82866,0.67949,-0.64097,-1.1993,-6.93271,-0.83609,-2.33202,1.00631,1.00746,0.85413,1.34787,2.44927
55.66,0.2743,0.26944,0.38886,-0.41246,0,1.74895,-2.08829,1.13887,5.03594,6.51473,-1.6849,-1.8488,-9.16681,17.70238,7.40566,-5.277,0.4406,-8.02053,-0.9904,-19.64028,10.32648,9.96218,11.70695,-23.93638,9.20083,-5.61525,0.47137,-0.61181,10.53229,0.66828,-0.59468,-1.64904,-7.80712,-0.82972,-2.49901,1.18758,0.71073,1.13673,1.35102,2.27559
55.68,0.25164,0.28172,0.40888,-0.24041,0,1.855,-2.13643,1.11441,5.29933,5.8693,-1.4234,-1.45987,-10.874,17.95677,6.38648,-5.52805,3.79743,-10.4697,-0.87253,-20.528,10.94769,10.90125,12.19486,-23.48949,13.0314,-6.36137,0.45332,-0.69291,10.85467,0.60638,-0.51822,-2.09488,-8.46623,-0.76234,-2.57996,1.31806,0.25004,1.41697,1.28506,1.96095
55.7,0.22082,0.28223,0.41687,-0.02996,0,1.8903,-2.10006,1.03678,5.39343,5.04025,-1.15888,-1.11166,-12.14965,17.44087,5.20003,-5.56091,7.59338,-13.53642,-0.67575,-20.58116,11.22499,11.3884,12.22812,-21.35376,16.3631,-6.80245,0.43026,-0.75841,10.71981,0.48712,-0.41556,-2.49596,-8.82827,-0.62653,-2.55876,1.37471,-0.38489,1.67541,1.13853,1.49994
55.72,0.18291,0.26927,0.4123,0.21384,0,1.84185,-1.9694,0.90369,5.27843,4.13785,-0.91466,-0.81605,-12.87955,16.09817,3.86893,-5.34538,11.58499,-16.97501,-0.40894,-19.70408,11.07279,11.34048,11.73469,-17.36343,18.75414,-6.85621,0.40613,-0.80164,10.07614,0.30698,-0.29325,-2.80732,-8.82198,-0.41991,-2.42491,1.33613,-1.19163,1.89202,0.90316,0.89604
55.74,0.13932,0.24188,0.39565,0.48317,0,1.70096,-1.73973,0.71674,4.92246,3.24548,-0.70232,-0.57343,-12.98002,13.92732,2.42703,-4.86426,15.4739,-20.48754,-0.08477,-17.86002,10.42776,10.70024,10.67464,-11.47858,19.78045,-6.46592,0.38517,-0.81642,8.90485,0.0665,-0.15939,-2.98566,-8.39601,-0.14669,-2.17501,1.18527,-2.15204,2.04872,0.57512,0.16195
55.76,0.09171,0.20006,0.36844,0.76735,0,1.46464,-1.41242,0.48191,4.30734,2.40829,-0.52408,-0.37575,-12.40802,10.98744,0.91666,-4.11751,18.91991,-23.73606,0.28029,-15.07947,9.25861,9.44815,9.04888,-3.8127,19.10666,-5.61158,0.37118,-0.79769,7.22623,-0.22886,-0.02221,-2.99646,-7.52831,0.18115,-1.81385,0.91231,-3.23023,2.13222,0.15629,-0.68072
55.78,0.04184,0.14482,0.33325,1.05305,0,1.13684,-0.99546,0.20968,3.43402,1.63849,-0.3749,-0.20894,-11.16889,7.39906,-0.61503,-3.12543,21.56302,-26.36096,0.66614,-11.46375,7.57393,7.61319,6.9052,5.34785,16.55742,-4.31887,0.36681,-0.74223,5.10351,-0.56829,0.1114,-2.82085,-6.23386,0.54328,-1.35492,0.51729,-4.37195,2.13652,-0.34477,-1.60222
55.8,-0.00854,0.07829,0.29357,1.32478,0,0.72905,-0.50361,-0.08534,2.32623,0.92373,-0.24433,-0.055,-9.31983,3.33971,-2.11956,-1.93019,23.05526,-28.00696,1.04961,-7.18258,5.42639,5.27883,4.33961,15.53773,12.17105,-2.66286,0.37289,-0.64939,2.64247,-0.93564,0.237,-2.4606,-4.56857,0.9114,-0.82031,0.01203,-5.5058,2.06433,-0.91193,-2.56551
55.82,-0.05784,0.00364,0.25358,1.56573,0,0.26016,0.04227,-0.38547,1.03109,0.23488,-0.11806,0.10623,-6.96731,-0.96753,-3.55,-0.59422,23.10163,-28.35692,1.40561,-2.46333,2.91126,2.58072,1.49104,26.12613,6.21966,-0.76403,0.38815,-0.52159,-0.01457,-1.31016,0.35281,-1.93938,-2.62728,1.25095,-0.23969,-0.57951,-6.54688,1.92655,-1.52123,-3.52704
55.84,-0.1046,-0.0751,0.21789,1.75898,0,-0.24472,0.61678,-0.67164,-0.38424,-0.46661,0.02071,0.29545,-4.25737,-5.27283,-4.86299,0.8048,21.50744,-27.17181,1.70879,2.42858,0.15856,-0.30541,-1.47149,36.35428,-0.81225,1.22423,0.40926,-0.36465,-2.70121,-1.66804,0.4592,-1.29972,-0.53479,1.52418,0.35169,-1.22247,-7.40305,1.73981,-2.14126,-4.43762
55.86,-0.14754,-0.15339,0.19107,1.88904,0,-0.75635,1.19213,-0.92561,-1.83911,-1.22159,0.1899,0.53211,-1.3603,-9.32399,-6.02021,2.1818,18.22553,-24.3324,1.93586,7.21626,-2.68019,-3.18406,-4.3675,45.39696,-8.28597,3.13511,0.43116,-0.18778,-5.24428,-1.98454,0.55734,-0.59637,1.56851,1.69433,0.91596,-1.87405,-7.98327,1.52255,-2.73421,-5.24363
55.88,-0.18555,-0.22645,0.1773,1.94355,0,-1.24395,1.74072,-1.13231,-3.24796,-2.06593,0.40707,0.8325,1.54722,-12.89239,-6.98948,3.45353,13.3932,-19.87479,2.06799,11.64008,-5.4478,-5.86387,-7.02583,52.44343,-15.49024,4.81048,0.44773,-0.00328,-7.4831,-2.23656,0.64776,0.11208,3.54367,1.73037,1.41595,-2.48744,-8.20734,1.29081,-3.25782,-5.88912
55.9,-0.21766,-0.28978,0.17992,1.91491,0,-1.6778,2.23748,-1.28171,-4.52893,-3.02279,0.68762,1.20718,4.29929,-15.79535,-7.74577,4.54712,7.34513,-14.00892,2.0931,15.48298,-7.99682,-8.18012,-9.30323,56.78989,-21.72957,6.12115,0.4526,0.17416,-9.28663,-2.40495,0.72909,0.77145,5.26876,1.61124,1.81842,-3.01641,-8.01498,1.05499,-3.66792,-6.3188
55.92,-0.24295,-0.3394,0.20114,1.80138,0,-2.03169,2.66156,-1.36996,-5.61126,-4.09395,1.04255,1.658,6.75444,-17.91067,-8.27204,5.40648,0.59051,-7.10957,2.00738,18.58773,-10.20188,-10.01103,-11.0969,57.9346,-26.40546,6.98082,0.43992,0.32846,-10.56532,-2.4764,0.79746,1.33813,6.65051,1.32902,2.09679,-3.41962,-7.37313,0.81868,-3.92146,-6.48224
55.94,-0.26055,-0.37223,0.2418,1.60762,0,-2.28479,2.99737,-1.39935,-6.44069,-5.2502,1.47555,2.17427,8.80488,-19.18165,-8.55988,5.99581,-6.24918,0.32382,1.81579,20.86431,-11.96793,-11.28619,-12.34972,55.66728,-29.08161,7.3522,0.40519,0.44373,-11.27627,-2.44437,0.84678,1.78267,7.63031,0.89035,2.23309,-3.6646,-6.28013,0.57974,-3.98017,-6.33903
55.96,-0.26953,-0.38634,0.30129,1.34456,0,-2.42317,3.23492,-1.37746,-6.98292,-6.42206,1.97944,2.72828,10.38138,-19.61375,-8.61018,6.30048,-12.53192,7.73227,1.5317,22.28849,-13.23459,-11.98736,-13.04877,50.14439,-29.52939,7.24561,0.34587,0.50594,-11.42229,-2.30938,0.86983,2.09056,8.18516,0.31628,2.21918,-3.73097,-4.76701,0.33323,-3.81445,-5.86462
55.98,-0.26897,-0.38107,0.37752,1.02877,0,-2.44071,3.36963,-1.31572,-7.22519,-7.50226,2.53183,3.27025,11.45452,-19.26604,-8.43381,6.32597,-17.69593,14.57293,1.17572,22.89468,-13.97735,-12.14363,-13.2195,41.91401,-27.75139,6.71234,0.26195,0.50472,-11.04675,-2.07866,0.85966,2.26112,8.32503,-0.35918,2.05731,-3.61277,-2.89647,0.07522,-3.40762,-5.05615
56,-0.25788,-0.35716,0.46702,0.68135,0,-2.33959,3.40199,-1.22769,-7.17632,-8.3756,3.09018,3.72869,12.03271,-18.2397,-8.05176,6.09549,-21.34444,20.38777,0.77397,22.76497,-14.20596,-11.82302,-12.9175,31.81097,-23.97941,5.83501,0.15612,0.43476,-10.22588,-1.76543,0.81112,2.30512,8.08793,-1.09153,1.75996,-3.31936,-0.75974,-0.19403,-2.75967,-3.9368
56.02,-0.23531,-0.3167,0.56518,0.32624,0,-2.12988,3.33667,-1.12737,-6.86458,-8.96095,3.58787,4.02834,12.15701,-16.66505,-7.49428,5.64652,-23.29365,24.85107,0.35569,22.01592,-13.95993,-11.12132,-12.2191,20.72308,-18.64285,4.71631,0.03369,0.29655,-9.05934,-1.38758,0.72196,2.24171,7.53342,-1.82917,1.34889,-2.87443,1.5288,-0.46845,-1.88999,-2.55747
56.04,-0.20043,-0.26289,0.66652,-0.01189,0,-1.82846,3.18148,-1.02763,-6.33375,-9.22897,3.94096,4.12017,11.89308,-14.688,-6.79851,5.02652,-23.57502,27.78939,-0.04954,20.78376,-13.30146,-10.14948,-11.21178,9.39177,-12.30837,3.46742,-0.09792,0.09626,-7.65983,-0.96602,0.59323,2.0951,6.73542,-2.51737,0.8533,-2.3129,3.83936,-0.73665,-0.8385,-0.99475
56.06,-0.15258,-0.19974,0.76508,-0.31011,0,-1.45718,2.94613,-0.93894,-5.63782,-9.19198,4.07604,3.99715,11.32151,-12.45717,-6.00503,4.28829,-22.39773,29.17636,-0.41486,19.20972,-12.30682,-9.0208,-9.98524,-1.62165,-5.59948,2.19694,-0.22994,-0.15501,-6.14261,-0.5227,0.42922,1.89142,5.77481,-3.10293,0.30722,-1.67628,6.03638,-0.98437,0.33526,0.65456
56.08,-0.09141,-0.13169,0.85494,-0.54973,0,-1.04085,2.64116,-0.86839,-4.83522,-8.88723,3.96436,3.68715,10.52805,-10.11311,-5.15419,3.4856,-20.08742,29.11052,-0.71896,17.42724,-11.05797,-7.83951,-8.62415,-11.85197,0.88831,1.00147,-0.35318,-0.44251,-4.61611,-0.07883,0.23689,1.65595,4.73277,-3.53875,-0.2533,-1.00745,7.98913,-1.1977,1.55485,2.28143
56.1,-0.017,-0.06321,0.93056,-0.71836,0,-0.6053,2.27707,-0.81921,-3.98355,-8.36357,3.63338,3.2375,9.59514,-7.78042,-4.28288,2.66955,-17.01966,27.78433,-0.94815,15.55217,-9.63541,-6.69216,-7.20301,-20.83808,6.65981,-0.04138,-0.45882,-0.74925,-3.17457,0.34662,0.02518,1.41107,3.68527,-3.78792,-0.79296,-0.34593,9.58181,-1.36625,2.73202,3.77398
56.12,0.07008,0.00145,0.98723,-0.8111,0,-0.17556,1.86382,-0.79078,-3.135,-7.67196,3.15035,2.7019,8.59508,-5.56292,-3.42206,1.88583,-13.56228,25.45061,-1.0972,13.67611,-8.11287,-5.64235,-5.78298,-28.11379,11.36655,-0.87686,-0.53891,-1.05736,-1.89308,0.73763,-0.19569,1.17492,2.6988,-3.82664,-1.27961,0.27561,10.72203,-1.48503,3.77395,5.02741
56.14,0.16873,0.05859,1.02125,-0.83089,0,0.22554,1.41047,-0.77901,-2.33273,-6.85955,2.59351,2.13135,7.58524,-3.5414,-2.5953,1.17275,-10.03465,22.39012,-1.1689,11.86266,-6.55386,-4.72893,-4.41053,-33.31787,14.82204,-1.474,-0.5867,-1.34925,-0.82493,1.08132,-0.41494,0.96069,1.82726,-3.64572,-1.68622,0.83326,11.34699,-1.55463,4.5927,5.95374
56.16,0.27733,0.10522,1.03009,-0.78792,0,0.57864,0.92507,-0.77719,-1.60832,-5.96705,2.02769,1.56838,6.60542,-1.77332,-1.8182,0.55991,-6.68554,18.88337,-1.17249,10.14648,-5.00985,-3.96715,-3.11751,-36.32569,16.98953,-1.82417,-0.59662,-1.60861,-0.001,1.36761,-0.62182,0.77656,1.10983,-3.25081,-1.99236,1.31238,11.42764,-1.58001,5.11595,6.49094
56.18,0.39375,0.13921,1.01246,-0.69844,0,0.86868,0.41492,-0.77704,-0.98047,-5.02928,1.49475,1.04427,5.67742,-0.29418,-1.09872,0.06755,-3.68665,15.18879,-1.12145,8.53538,-3.52022,-3.35205,-1.92254,-37.27403,17.95188,-1.93805,-0.56434,-1.82127,0.56938,1.58872,-0.80616,0.62602,0.56992,-2.66176,-2.18524,1.70692,10.9709,-1.56847,5.29726,6.61022
56.2,0.51537,0.15941,0.96835,-0.58314,0,1.08549,-0.11292,-0.76991,-0.4551,-4.07827,1.01601,0.57857,4.80691,0.88021,-0.43833,-0.29364,-1.13744,11.52792,-1.03125,7.01521,-2.1135,-2.86312,-0.83371,-36.48663,17.8738,-1.84196,-0.48682,-1.97573,0.89619,1.73881,-0.95884,0.50862,0.21521,-1.9112,-2.26011,2.018,10.01958,-1.52768,5.12357,6.32017
56.22,0.63907,0.16567,0.89893,-0.46515,0,1.22394,-0.65078,-0.74795,-0.02692,-3.14615,0.59746,0.18046,3.98713,1.75068,0.16627,-0.52221,0.92331,8.07742,-0.91733,5.55712,-0.80952,-2.46961,0.14789,-34.3788,16.96464,-1.57384,-0.36272,-2.06349,1.00563,1.81377,-1.07221,0.42088,0.03888,-1.04245,-2.22,2.25204,8.64934,-1.46427,4.61781,5.66616
56.24,0.76116,0.15883,0.80632,-0.36787,0,1.28367,-1.18953,-0.7051,0.3176,-2.26207,0.23458,-0.14879,3.20397,2.33146,0.72103,-0.62514,2.50309,4.96649,-0.79355,4.12634,0.3781,-2.13563,1.0242,-31.37832,15.44668,-1.17931,-0.1929,-2.07906,0.93607,1.81145,-1.14041,0.35737,0.02202,-0.1065,-2.07456,2.41857,6.96198,-1.3834,3.83576,4.7246
56.26,0.87742,0.14067,0.69335,-0.31272,0,1.26865,-1.71771,-0.63789,0.59656,-1.4436,-0.08347,-0.41271,2.44167,2.64715,1.2324,-0.6169,3.64093,2.27854,-0.67121,2.69142,1.4396,-1.82478,1.7963,-27.86861,13.53139,-0.70791,0.0189,-2.0198,0.73369,1.73215,-1.15967,0.3118,0.13672,0.8416,-1.83848,2.5282,5.07627,-1.28912,2.85793,3.59288
56.28,0.9831,0.11377,0.56324,-0.31697,0,1.18646,-2.22109,-0.54595,0.82864,-0.69148,-0.37007,-0.61668,1.68807,2.72991,1.70528,-0.51803,4.39411,0.05592,-0.55855,1.23253,2.36713,-1.50419,2.4614,-24.15494,11.40424,-0.2097,0.26535,-1.88578,0.44795,1.57908,-1.12854,0.27796,0.3496,1.74663,-1.52959,2.59088,3.11752,-1.18532,1.77861,2.37742
56.3,1.07308,0.08136,0.41936,-0.39186,0,1.04754,-2.68269,-0.43221,1.0297,0.00765,-0.63798,-0.76566,0.93844,2.61718,2.14156,-0.35363,4.82742,-1.69349,-0.4607,-0.25279,3.15343,-1.14739,3.01115,-20.45155,9.21708,0.26786,0.53526,-1.67961,0.12736,1.3587,-1.04798,0.25053,0.62524,2.55707,-1.16714,2.61461,1.20756,-1.07661,0.69439,1.18178
56.32,1.14208,0.04707,0.26514,-0.54134,0,0.86433,-3.08346,-0.30253,1.21055,0.67434,-0.89626,-0.86292,0.19677,2.34953,2.53921,-0.15135,5.00511,-2.9883,-0.37995,-1.74798,3.79123,-0.73614,3.43198,-16.88569,7.0863,0.68273,0.81371,-1.4064,-0.18428,1.08043,-0.92125,0.22557,0.92915,3.22842,-0.77028,2.60481,-0.54399,-0.96882,-0.30618,0.09683
56.34,1.18499,0.01462,0.1039,-0.7614,0,0.65031,-3.4037,-0.16491,1.37593,1.32922,-1.14766,-0.91005,-0.52584,1.96863,2.89219,0.06083,4.98575,-3.8655,-0.31629,-3.22038,4.27355,-0.26094,3.70734,-13.51379,5.0952,1.00087,1.08284,-1.0736,-0.45103,0.75562,-0.75347,0.20068,1.23027,3.72609,-0.35692,2.56409,-2.04675,-0.86879,-1.15069,-0.80652
56.36,1.19727,-0.01255,-0.06116,-1.04008,0,0.41897,-3.6251,-0.02824,1.52498,1.98623,-1.38606,-0.90801,-1.21497,1.51541,3.19108,0.2571,4.81951,-4.37272,-0.26799,-4.62804,4.59478,0.27949,3.8216,-10.34501,3.29865,1.19856,1.3233,-0.69084,-0.64733,0.39609,-0.55103,0.17487,1.50284,4.02758,0.05716,2.49267,-3.23492,-0.78345,-1.78852,-1.48161
56.38,1.17542,-0.03163,-0.227,-1.35821,0,0.18295,-3.73301,0.09902,1.6525,2.6459,-1.59618,-0.85868,-1.85776,1.02845,3.42438,0.41612,4.54737,-4.56188,-0.23232,-5.92824,4.75229,0.87921,3.76467,-7.36695,1.72893,1.26425,1.51584,-0.26986,-0.75959,0.01266,-0.32094,0.1483,1.7277,4.12414,0.45878,2.38912,-4.07052,-0.71872,-2.19394,-1.90771
56.4,1.11743,-0.04077,-0.39067,-1.69075,0,-0.0466,-3.71853,0.20998,1.75085,3.29102,-1.75866,-0.76632,-2.44701,0.54268,3.58006,0.52264,4.20152,-4.48459,-0.20606,-7.08533,4.74819,1.52623,3.536,-4.56833,0.40158,1.1994,1.643,0.17563,-0.78661,-0.3858,-0.07035,0.12191,1.89294,4.02123,0.83745,2.2514,-4.54435,-0.67842,-2.36648,-2.0892
56.42,1.02309,-0.03921,-0.54931,-2.00878,0,-0.26031,-3.5798,0.30014,1.81179,3.89072,-1.85819,-0.63845,-2.98333,0.08854,3.64712,0.56828,3.80604,-4.1895,-0.18601,-8.07562,4.59043,2.20337,3.14686,-1.95417,-0.67977,1.01798,1.69031,0.63013,-0.73855,-0.79226,0.19383,0.09712,1.99382,3.73764,1.18509,2.07791,-4.67399,-0.66357,-2.32858,-2.05238
56.44,0.89408,-0.02735,-0.7001,-2.28213,0,-0.45054,-3.32213,0.3677,1.82815,4.41408,-1.88807,-0.48583,-3.4747,-0.30861,3.61699,0.5512,3.37767,-3.7215,-0.16919,-8.88866,4.29324,2.88899,2.62034,0.44883,-1.52011,0.74444,1.647,1.07665,-0.63433,-1.20055,0.46489,0.07547,2.03191,3.30296,1.49548,1.86838,-4.49911,-0.67226,-2.12061,-1.8402
56.46,0.73387,-0.00661,-0.84023,-2.48244,0,-0.61116,-2.9573,0.41343,1.79522,4.84278,-1.84973,-0.32144,-3.93384,-0.62887,3.48467,0.47486,2.92633,-3.1223,-0.153,-9.52513,3.87663,3.55759,1.98912,2.59595,-2.13125,0.41043,1.50629,1.4974,-0.4979,-1.60341,0.73628,0.05844,2.01371,2.75386,1.76355,1.62459,-4.07471,-0.70006,-1.79415,-1.50556
56.48,0.54752,0.02075,-0.96705,-2.58628,0,-0.73724,-2.50226,0.44021,1.71172,5.17398,-1.75078,-0.15913,-4.37431,-0.85806,3.24981,0.3464,2.456,-2.43201,-0.13521,-9.99308,3.36557,4.18061,1.29215,4.43399,-2.53127,0.05087,1.26541,1.87464,-0.35391,-1.99043,1.00128,0.04724,1.94881,2.12999,1.98493,1.3508,-3.46382,-0.74074,-1.40465,-1.10441
56.5,0.34139,0.0519,-1.07811,-2.57794,0,-0.82484,-1.97765,0.45248,1.58049,5.41628,-1.60327,-0.01204,-4.80652,-0.98776,2.91756,0.17496,1.96617,-1.69074,-0.11399,-10.30375,2.7887,4.72767,0.57089,5.91297,-2.74419,-0.29993,0.92556,2.19181,-0.22352,-2.34622,1.25272,0.04255,1.84799,1.47025,2.15552,1.05387,-2.73076,-0.78726,-1.00468,-0.68944
56.52,0.12283,0.08376,-1.17136,-2.4512,0,-0.87095,-1.40631,0.45556,1.40857,5.58422,-1.42202,0.10872,-5.23451,-1.01521,2.49902,-0.0297,1.45409,-0.9395,-0.08797,-10.46802,2.17685,5.16837,-0.13416,6.99637,-2.79933,-0.61156,0.49184,2.43483,-0.12097,-2.64951,1.48261,0.04434,1.72119,0.80982,2.27166,0.74309,-1.93584,-0.83258,-0.63866,-0.3052
56.54,-0.10026,0.11329,-1.24529,-2.20999,0,-0.8737,-0.81179,0.45505,1.20673,5.69361,-1.22302,0.19499,-5.65402,-0.94302,2.01113,-0.25807,0.91775,-0.21988,-0.05629,-10.49406,1.56109,5.47466,-0.78624,7.66813,-2.72989,-0.86013,-0.02679,2.59344,-0.0512,-2.87344,1.68195,0.05163,1.57557,0.1783,2.33038,0.42936,-1.13174,-0.87038,-0.33946,0.01512
56.56,-0.31992,0.13779,-1.29901,-1.86786,0,-0.83272,-0.21692,0.45627,0.98857,5.75787,-1.02192,0.24198,-6.05218,-0.77867,1.47607,-0.50138,0.35916,0.42748,-0.0188,-10.38656,0.97059,5.62386,-1.35449,7.93607,-2.57083,-1.02981,-0.61764,2.66254,-0.00885,-2.98713,1.84073,0.06221,1.41388,-0.40125,2.33014,0.12408,-0.3616,-0.89557,-0.12681,0.25114
56.58,-0.52858,0.15516,-1.33254,-1.4467,0,-0.74971,0.35735,0.46384,0.76922,5.78586,-0.83264,0.24836,-6.40849,-0.53404,0.9203,-0.75158,-0.21268,0.96535,0.02381,-10.14748,0.43063,5.60183,-1.81538,7.83217,-2.35646,-1.11367,-1.26433,2.64341,0.02138,-2.9584,1.94817,0.0726,1.23353,-0.91246,2.27169,-0.16201,0.34149,-0.90457,-0.00724,0.39551
56.6,-0.71945,0.16409,-1.34684,-0.97476,0,-0.62881,0.89274,0.48134,0.56394,5.78105,-0.66639,0.21604,-6.697,-0.22482,0.37329,-1.00121,-0.78004,1.36269,0.06995,-9.77785,-0.03911,5.40571,-2.15351,7.41013,-2.11817,-1.11358,-1.94692,2.54424,0.06276,-2.75738,1.99344,0.07811,1.02674,-1.34511,2.15882,-0.42002,0.95397,-0.89546,0.02466,0.45274
56.62,-0.8868,0.16413,-1.34389,-0.48423,0,-0.47686,1.37408,0.51122,0.38654,5.74172,-0.53095,0.14961,-6.88896,0.13016,-0.13399,-1.24302,-1.31668,1.59716,0.11712,-9.2799,-0.42555,5.04548,-2.36174,6.74056,-1.88266,-1.03909,-2.64215,2.37991,0.14303,-2.3604,1.96658,0.07325,0.78198,-1.69417,1.99881,-0.64356,1.46059,-0.86787,-0.01591,0.43713
56.64,-1.02604,0.15566,-1.32653,-0.00835,0,-0.30323,1.78941,0.55473,0.24782,5.66207,-0.43034,0.05566,-6.95568,0.50983,-0.57101,-1.46963,-1.7902,1.65723,0.16211,-8.65871,-0.72261,4.54378,-2.44063,5.90404,-1.67071,-0.90555,-3.32388,2.17052,0.28941,-1.75394,1.85974,0.05239,0.48667,-1.95855,1.80224,-0.82904,1.85282,-0.82275,-0.10697,0.36988
56.66,-1.13376,0.1397,-1.29818,0.42181,0,-0.1193,2.12989,0.61198,0.15417,5.53394,-0.36488,-0.05809,-6.87166,0.89195,-0.90982,-1.67338,-2.1664,1.54353,0.2013,-7.92355,-0.93103,3.93426,-2.39762,4.9831,-1.49657,-0.73159,-3.96397,1.93915,0.52294,-0.93813,1.66857,0.01075,0.13075,-2.13976,1.58233,-0.97554,2.12728,-0.7619,-0.22309,0.27561
56.68,-1.20774,0.11776,-1.26258,0.78026,0,0.06231,2.38964,0.6821,0.1064,5.34899,-0.33142,-0.18366,-6.61758,1.25431,-1.12733,-1.84626,-2.41435,1.26948,0.23107,-7.08883,-1.0577,3.25873,-2.24587,4.05438,-1.36799,-0.5365,-4.53349,1.70917,0.85309,0.0704,1.39351,-0.05469,-0.28971,-2.24084,1.35402,-1.08438,2.2844,-0.68761,-0.33882,0.17894
56.7,-1.2469,0.09164,-1.22346,1.04848,0,0.22863,2.56554,0.76338,0.09923,5.10093,-0.32392,-0.31355,-6.18319,1.57599,-1.20719,-1.98018,-2.51119,0.86084,0.24822,-6.17467,-1.11451,2.56377,-2.0031,3.18233,-1.28671,-0.33802,-5.00423,1.50169,1.27393,1.23726,1.04092,-0.1442,-0.76961,-2.26557,1.13284,-1.15845,2.32745,-0.60231,-0.43178,0.10128
56.72,-1.25127,0.06321,-1.18425,1.21687,0,0.36733,2.65701,0.85343,0.12166,4.78734,-0.33418,-0.4413,-5.5692,1.83852,-1.14121,-2.06735,-2.44532,0.35397,0.25035,-5.20668,-1.11683,1.89664,-1.69024,2.41525,-1.2493,-0.15074,-5.3503,1.33348,1.76291,2.51089,0.62336,-0.25484,-1.29353,-2.21804,0.93378,-1.20134,2.26197,-0.50831,-0.485,0.0584
56.74,-1.22193,0.03427,-1.14778,1.2849,0,0.46764,2.66571,0.94927,0.15812,4.41063,-0.35274,-0.56186,-4.78808,2.02696,-0.92995,-2.10089,-2.2176,-0.20743,0.23613,-4.21458,-1.08164,1.30082,-1.32991,1.7838,-1.24842,0.01455,-5.54975,1.21549,2.2827,3.82579,0.15915,-0.38025,-1.83643,-2.10254,0.77015,-1.21649,2.09554,-0.40772,-0.48845,0.05875
56.76,-1.16088,0.00641,-1.11601,1.26044,0,0.52133,2.5953,1.04744,0.19048,3.97841,-0.36996,-0.67172,-3.86378,2.13084,-0.58279,-2.07552,-1.84064,-0.77651,0.20553,-3.23005,-1.02542,0.81153,-0.94476,1.30171,-1.27403,0.15091,-5.58617,1.15212,2.78581,5.10765,-0.32899,-0.51104,-2.36611,-1.92378,0.65252,-1.20626,1.83776,-0.30246,-0.43978,0.10278
56.78,-1.07103,-0.01901,-1.08988,1.1583,0,0.52353,2.45129,1.14404,0.20041,3.50331,-0.37703,-0.76884,-2.83069,2.14507,-0.11738,-1.98834,-1.33697,-1.30795,0.15986,-2.28422,-0.96218,0.45166,-0.55594,0.96802,-1.31477,0.25478,-5.4504,1.1412,3.22092,6.28002,-0.81573,-0.63549,-2.84696,-1.68736,0.58781,-1.17134,1.50064,-0.1943,-0.3442,0.18299
56.8,-0.95618,-0.04103,-1.06924,0.99835,0,0.47329,2.24109,1.23482,0.17183,3.00261,-0.36685,-0.8525,-1.73198,2.07039,0.44117,-1.83958,-0.73667,-1.76215,0.10176,-1.40524,-0.90185,0.22896,-0.18188,0.76999,-1.35907,0.32527,-5.14187,1.17453,3.53967,7.27084,-1.27519,-0.74066,-3.24401,-1.4004,0.57865,-1.11053,1.09888,-0.08509,-0.21364,0.2849
56.82,-0.82095,-0.05898,-1.05289,0.80338,0,0.3738,1.9739,1.31532,0.09291,2.4973,-0.33477,-0.92282,-0.61735,1.91348,1.06142,-1.6329,-0.07508,-2.10829,0.03504,-0.61632,-0.84929,0.13511,0.16267,0.68621,-1.39591,0.36349,-4.66931,1.23912,3.70264,8.01836,-1.68297,-0.81369,-3.52665,-1.072,0.62323,-1.02098,0.65011,0.02317,-0.06518,0.38884
56.84,-0.67066,-0.07257,-1.03881,0.59683,0,0.23221,1.66065,1.38084,-0.04239,2.01059,-0.27887,-0.98024,0.46016,1.68632,1.70727,-1.37542,0.60939,-2.32599,-0.03568,0.06583,-0.80395,0.14667,0.46713,0.68941,-1.41525,0.37206,-4.05039,1.31886,3.68389,8.47537,-2.01796,-0.84333,-3.67155,-0.71347,0.71536,-0.899,0.17464,0.12817,0.08126,0.47245
56.86,-0.51117,-0.08184,-1.02433,0.4005,0,0.05901,1.31366,1.42666,-0.23356,1.5645,-0.20011,-1.0249,1.44798,1.40506,2.33981,-1.07723,1.27719,-2.40568,-0.10535,0.63216,-0.76025,0.22795,0.72525,0.74883,-1.4081,0.35469,-3.31061,1.39647,3.47389,8.61234,-2.26399,-0.82142,-3.66475,-0.3382,0.84512,-0.74117,-0.30514,0.2273,0.20563,0.51382
56.88,-0.34856,-0.08712,-1.00648,0.23261,0,-0.13281,0.94638,1.44815,-0.47339,1.17465,-0.1021,-1.05611,2.29819,1.0886,2.91963,-0.75075,1.88944,-2.34803,-0.16906,1.08189,-0.70868,0.33523,0.93491,0.83251,-1.36664,0.31604,-2.48162,1.4556,3.08069,8.41934,-2.41109,-0.74434,-3.50303,0.0387,0.99954,-0.54574,-0.76575,0.31764,0.2905,0.49458
56.9,-0.18898,-0.08898,-0.98236,0.1064,0,-0.32878,0.57305,1.44108,-0.74867,0.84586,0.00923,-1.07195,2.9715,0.757,3.40907,-0.41002,2.40964,-2.16269,-0.22242,1.42268,-0.6373,0.42163,1.09761,0.90925,-1.28425,0.26142,-1.59935,1.48259,2.52934,7.9068,-2.4562,-0.61394,-3.19444,0.40106,1.16366,-0.314,-1.18391,0.39616,0.32346,0.40269
56.92,-0.03834,-0.08819,-0.9494,0.02947,0,-0.51402,0.20826,1.40193,-1.04152,0.57175,0.12622,-1.06926,3.44059,0.42987,3.77442,-0.06989,2.80555,-1.86662,-0.26193,1.67011,-0.53379,0.44242,1.21747,0.95087,-1.15587,0.1966,-0.70196,1.46764,1.85938,7.10469,-2.40313,-0.43774,-2.75787,0.73257,1.32149,-0.05123,-1.53789,0.45982,0.29853,0.23435
56.94,0.09796,-0.08568,-0.90558,0.00393,0,-0.67437,-0.13367,1.32818,-1.33161,0.33715,0.24021,-1.04381,3.69255,0.12481,3.98794,0.25477,3.05101,-1.48185,-0.28521,1.84648,-0.3877,0.36009,1.29998,0.93436,-0.97835,0.1273,0.17249,1.40533,1.12025,6.05981,-2.26158,-0.22842,-2.2215,1.01789,1.45713,0.23275,-1.80911,0.50585,0.21672,-0.00521
56.96,0.21534,-0.08238,-0.84956,0.02717,0,-0.79749,-0.43931,1.21862,-1.59865,0.12093,0.34245,-0.99086,3.73046,-0.14407,4.02971,0.54985,3.12809,-1.03321,-0.29108,1.97921,-0.19272,0.14907,1.35054,0.84413,-0.75109,0.05869,0.98846,1.29456,0.36535,4.83176,-2.04564,-0.00242,-1.62045,1.24398,1.5558,0.52377,-1.98368,0.53199,0.0855,-0.30212
56.98,0.31031,-0.07922,-0.78077,0.09297,0,-0.8739,-0.69696,1.07366,-1.82491,-0.10152,0.42499,-0.90598,3.57387,-0.36723,3.88918,0.80283,3.02899,-0.54616,-0.27958,2.09875,0.05132,-0.20057,1.37313,0.67381,-0.4765,-0.00515,1.71527,1.13797,-0.35413,3.48815,-1.77195,0.22177,-0.99383,1.40135,1.60499,0.80402,-2.05381,0.53686,-0.08229,-0.63509
57,0.38063,-0.077,-0.69946,0.19274,0,-0.89779,-0.89723,0.89559,-1.99705,-0.35598,0.48156,-0.78615,3.25813,-0.54027,3.56629,1.00344,2.75755,-0.04509,-0.25191,2.2364,0.33717,-0.68097,1.36948,0.42727,-0.16036,-0.06168,2.3289,0.94139,-0.99457,2.09987,-1.45807,0.42548,-0.38169,1.48498,1.59543,1.0534,-2.01882,0.52019,-0.27012,-0.97749
57.02,0.4254,-0.07632,-0.6067,0.31649,0,-0.86747,-1.03348,0.68868,-2.10678,-0.66708,0.50819,-0.63077,2.83186,-0.6637,3.0717,1.14417,2.32967,0.44794,-0.21029,2.42191,0.65007,-1.26648,1.33868,0.11821,0.18832,-0.11003,2.81307,0.71304,-1.52347,0.73642,-1.12116,0.59163,0.178,1.49475,1.5219,1.25141,-1.8852,0.48306,-0.45954,-1.29992
57.04,0.44493,-0.07758,-0.50432,0.45375,0,-0.78544,-1.10197,0.4591,-2.15028,-1.05569,0.50365,-0.44275,2.35271,-0.74195,2.42581,1.22062,1.7725,0.9138,-0.15779,2.68088,0.96876,-1.91607,1.27754,-0.23167,0.55801,-0.15084,3.15947,0.46283,-1.92084,-0.53849,-0.77712,0.70615,0.65232,1.435,1.38374,1.37948,-1.66588,0.42788,-0.63217,-1.57337
57.06,0.4405,-0.08087,-0.3948,0.59407,0,-0.65802,-1.10187,0.21454,-2.12665,-1.53663,0.46961,-0.22918,1.88171,-0.78187,1.65704,1.23169,1.12233,1.33663,-0.09806,3.03241,1.26783,-2.57781,1.18153,-0.59603,0.93572,-0.18592,3.36742,0.20163,-2.1788,-1.67111,-0.43999,0.75913,1.01611,1.31375,1.18499,1.42351,-1.37863,0.35841,-0.7716,-1.77246
57.08,0.41415,-0.086,-0.28104,0.72752,0,-0.49474,-1.03513,-0.03619,-2.03624,-2.11746,0.41055,-0.00161,1.47715,-0.79107,0.79951,1.17968,0.42178,1.7039,-0.03509,3.48695,1.52054,-3.19469,1.04607,-0.94778,1.3083,-0.21755,3.44314,-0.05938,-2.30005,-2.62101,-0.12182,0.74549,1.25411,1.14156,0.93432,1.37623,-1.04422,0.2795,-0.86502,-1.87857
57.1,0.36846,-0.09251,-0.16628,0.84501,0,-0.30758,-0.90636,-0.28377,-1.87948,-2.79785,0.33349,0.22443,1.1892,-0.77647,-0.10922,1.07036,-0.28341,2.00636,0.02706,4.04498,1.70198,-3.71086,0.86792,-1.26317,1.66349,-0.24782,3.39875,-0.30932,-2.29564,-3.36331,0.16743,0.6653,1.36225,0.93051,0.6446,1.23882,-0.68461,0.19691,-0.90453,-1.88213
57.12,0.30639,-0.09973,-0.05386,0.93875,0,-0.10998,-0.72271,-0.51891,-1.65674,-3.56884,0.24733,0.43082,1.05566,-0.74353,-1.03025,0.91282,-0.94776,2.23792,0.08451,4.69645,1.79169,-4.07736,0.64645,-1.52522,1.99047,-0.27793,3.25117,-0.53808,-2.1828,-3.88923,0.41981,0.52339,1.34764,0.69336,0.33199,1.02129,-0.32144,0.1169,-0.88764,-1.78369
57.14,0.23118,-0.10686,0.05298,1.00265,0,0.08429,-0.4936,-0.73302,-1.36939,-4.41181,0.16205,0.59921,1.09959,-0.69604,-1.92536,0.71912,-1.52944,2.39561,0.13379,5.42126,1.77582,-4.25693,0.38448,-1.72611,2.27983,-0.30754,3.02061,-0.73684,-1.98283,-4.2049,0.62936,0.32853,1.22712,0.44301,0.01456,0.74131,0.02504,0.04585,-0.81714,-1.59343
57.16,0.14636,-0.11312,0.15128,1.03283,0,0.26233,-0.23049,-0.91886,-1.0217,-5.29814,0.08765,0.71399,1.32829,-0.63658,-2.75879,0.5037,-1.99343,2.47953,0.17209,6.19069,1.64846,-4.22765,0.08865,-1.8683,2.52316,-0.33442,2.72913,-0.89855,-1.7194,-4.32886,0.79222,0.09213,1.02485,0.19219,-0.28937,0.4219,0.33673,-0.0103,-0.70033,-1.32948
57.18,0.05572,-0.11781,0.23865,1.02808,0,0.41322,0.0535,-1.0711,-0.62305,-6.18985,0.03301,0.76527,1.73358,-0.56734,-3.49892,0.28269,-2.31433,2.49286,0.19744,6.96935,1.41237,-3.98532,-0.23047,-1.96406,2.71254,-0.35436,2.3992,-1.0184,-1.41713,-4.28885,0.90674,-0.17304,0.76921,-0.04672,-0.56313,0.08842,0.59813,-0.04653,-0.54787,-1.01535
57.2,-0.03674,-0.12047,0.31337,0.99013,0,0.52892,0.34394,-1.18673,-0.18939,-7.04108,0.00499,0.75106,2.29274,-0.49103,-4.11966,0.07309,-2.47814,2.44183,0.2088,7.71748,1.07903,-3.54418,-0.55873,-2.03332,2.84019,-0.36161,2.05248,-1.09414,-1.1006,-4.11841,0.97359,-0.45402,0.48981,-0.26193,-0.79322,-0.23439,0.79675,-0.05919,-0.37253,-0.67724
57.22,-0.1269,-0.12088,0.37454,0.92358,0,0.60476,0.62568,-1.26522,0.25658,-7.80028,0.00781,0.67809,2.97004,-0.41147,-4.60142,-0.10812,-2.48274,2.33532,0.20617,8.39283,0.66773,-2.9355,-0.87905,-2.09939,2.89859,-0.34989,1.70877,-1.12613,-0.79342,-3.85359,0.99569,-0.73824,0.21487,-0.44251,-0.97037,-0.52488,0.92333,-0.04638,-0.18787,-0.34137
57.24,-0.21074,-0.11907,0.42197,0.8354,0,0.63949,0.88355,-1.30829,0.68711,-8.4132,0.04272,0.56074,3.71867,-0.33384,-4.93169,-0.24515,-2.33687,2.18411,0.19043,8.95222,0.20392,-2.20391,-1.17243,-2.18313,2.88092,-0.31386,1.38508,-1.11727,-0.51726,-3.52987,0.97795,-1.01369,-0.03074,-0.579,-1.08997,-0.76614,0.9722,-0.00808,-0.00704,-0.03166
57.26,-0.28463,-0.11524,0.45621,0.73404,0,0.63495,1.10324,-1.31941,1.07261,-8.82687,0.10805,0.41871,4.48322,-0.26435,-5.10534,-0.3245,-2.05807,1.99976,0.16324,9.35307,-0.28316,-1.40206,-1.41938,-2.29637,2.78205,-0.25083,1.09482,-1.07255,-0.29094,-3.17947,0.92685,-1.26875,-0.22684,-0.66416,-1.15192,-0.94698,0.94159,0.05386,0.15825,0.23224
57.28,-0.3457,-0.10967,0.47836,0.62841,0,0.59555,1.27232,-1.30324,1.38573,-8.99469,0.19949,0.27366,5.2027,-0.20964,-5.12494,-0.33636,-1.67007,1.79343,0.12682,9.5552,-0.76317,-0.58466,-1.60155,-2.43641,2.59972,-0.16223,0.84728,-0.99858,-0.12956,-2.82938,0.84993,-1.49184,-0.35864,-0.69376,-1.16015,-1.06213,0.834,0.13576,0.29865,0.43639
57.3,-0.39206,-0.10266,0.48996,0.52681,0,0.52759,1.38116,-1.26504,1.60514,-8.88256,0.31046,0.14596,5.81427,-0.1758,-5.00089,-0.27583,-1.2003,1.57477,0.08379,9.5233,-1.20708,0.19709,-1.70352,-2.58338,2.33575,-0.05446,0.64741,-0.90317,-0.04404,-2.5002,0.75537,-1.67133,-0.41671,-0.66732,-1.12184,-1.11204,0.65634,0.23246,0.40774,0.57334
57.32,-0.42296,-0.09449,0.49282,0.43601,0,0.43861,1.42361,-1.21009,1.71846,-8.47535,0.43258,0.05192,6.25756,-0.16735,-4.75113,-0.144,-0.6779,1.35095,0.03695,9.22962,-1.58923,0.89972,-1.71447,-2.70185,1.99686,0.06156,0.49605,-0.79474,-0.04088,-2.20583,0.65156,-1.79569,-0.39649,-0.58833,-1.04653,-1.10215,0.41973,0.33769,0.48234,0.6423
57.34,-0.43877,-0.08536,0.48894,0.36062,0,0.33663,1.39739,-1.14321,1.72347,-7.78348,0.5562,0.00196,6.47951,-0.18609,-4.40038,0.05141,-0.13228,1.12596,-0.01081,8.65695,-1.8887,1.49027,-1.62964,-2.74715,1.59473,0.17201,0.39053,-0.68183,-0.12258,-1.95382,0.54667,-1.85411,-0.29726,-0.46409,-0.94506,-1.04182,0.13883,0.44456,0.5224,0.64853
57.36,-0.44075,-0.07543,0.48025,0.30266,0,0.22955,1.30421,-1.06839,1.62806,-6.8491,0.67093,-0.0002,6.4395,-0.23022,-3.97886,0.29587,0.40782,0.9,-0.05662,7.80159,-2.09029,1.94741,-1.45139,-2.67494,1.14544,0.26285,0.32551,-0.57262,-0.28809,-1.7463,0.4484,-1.83732,-0.12098,-0.30508,-0.82853,-0.94309,-0.16919,0.54618,0.53074,0.60226
57.38,-0.43084,-0.06486,0.46859,0.2614,0,0.12461,1.14962,-0.98857,1.44887,-5.74728,0.76638,0.04257,6.11428,-0.29377,-3.52077,0.56874,0.91478,0.66921,-0.09773,6.67614,-2.18509,2.26155,-1.18986,-2.45204,0.6684,0.32276,0.29407,-0.47446,-0.53349,-1.58129,0.36369,-1.73849,0.12878,-0.12398,-0.70744,-0.81932,-0.48594,0.63627,0.51247,0.51721
57.4,-0.41136,-0.05381,0.45558,0.23366,0,0.02795,0.94279,-0.90563,1.20915,-4.57082,0.83286,0.12166,5.50172,-0.36669,-3.06264,0.84488,1.36251,0.4255,-0.13156,5.3113,-2.17081,2.43405,-0.86272,-2.06521,0.18479,0.34553,0.28856,-0.39347,-0.85221,-1.45408,0.29856,-1.55372,0.44733,0.06533,-0.5909,-0.684,-0.79309,0.70965,0.4744,0.40907
57.42,-0.38481,-0.04249,0.44259,0.2144,0,-0.0556,0.69586,-0.82058,0.93603,-3.40151,0.86227,0.22427,4.62223,-0.43584,-2.64135,1.09756,1.72684,0.15676,-0.15572,3.7558,-2.05183,2.47557,-0.49398,-1.5254,-0.28416,0.33128,0.3015,-0.33429,-1.23499,-1.35844,0.25801,-1.28188,0.82859,0.24884,-0.48624,-0.54971,-1.07345,0.7625,0.42427,0.29389
57.44,-0.35362,-0.03112,0.43068,0.19757,0,-0.12264,0.42312,-0.73384,0.65731,-2.28953,0.849,0.33542,3.51722,-0.48669,-2.29182,1.30239,1.98616,-0.15272,-0.16812,2.07365,-1.8389,2.40407,-0.11165,-0.86638,-0.71922,0.28615,0.32602,-0.29984,-1.6692,-1.28762,0.24595,-0.92367,1.26412,0.41343,-0.3988,-0.42723,-1.31186,0.79246,0.36992,0.18658
57.46,-0.32002,-0.01994,0.42064,0.17727,0,-0.17116,0.13994,-0.64557,0.3982,-1.25245,0.79073,0.4403,2.24513,-0.50582,-2.04432,1.44208,2.12261,-0.5214,-0.16699,0.3392,-1.54851,2.24247,0.25556,-0.13833,-1.10519,0.22067,0.35623,-0.29116,-2.13797,-1.23497,0.265,-0.48052,1.74146,0.54779,-0.33189,-0.32483,-1.49591,0.79848,0.31847,0.0996
57.48,-0.28593,-0.00913,0.41294,0.14879,0,-0.20049,-0.13848,-0.5561,0.17848,-0.28438,0.68913,0.52633,0.87569,-0.48326,-1.92172,1.51083,2.12365,-0.96895,-0.1511,-1.36932,-1.20199,2.01633,0.5817,0.60137,-1.4325,0.14738,0.38731,-0.30737,-2.61918,-1.1944,0.3163,0.04587,2.24247,0.64325,-0.28695,-0.24776,-1.61648,0.7806,0.27557,0.04188
57.5,-0.25294,0.00122,0.40781,0.10943,0,-0.21107,-0.39821,-0.4662,0.01055,0.63349,0.55006,0.58476,-0.51633,-0.41453,-1.9369,1.5175,1.98411,-1.51394,-0.11993,-2.97649,-0.82418,1.75192,0.84664,1.29747,-1.69802,0.07835,0.41554,-0.34565,-3.08473,-1.16063,0.39905,0.65244,2.74181,0.69428,-0.26384,-0.19799,-1.66811,0.73975,0.24485,0.01806
57.52,-0.22221,0.01109,0.40525,0.05886,0,-0.20431,-0.62761,-0.37719,-0.10126,1.52309,0.3831,0.61132,-1.85749,-0.30142,-2.09059,1.48639,1.70841,-2.17057,-0.07399,-4.41599,-0.44161,1.47449,1.03805,1.90446,-1.90459,0.02323,0.43825,-0.40146,-3.5004,-1.12933,0.50995,1.33164,3.20634,0.69874,-0.26112,-0.17412,-1.64914,0.67759,0.22765,0.02834
57.54,-0.19454,0.02055,0.40514,-0.00103,0,-0.18232,-0.81807,-0.29087,-0.15989,2.40014,0.20047,0.60588,-3.08152,-0.15169,-2.36975,1.4552,1.31261,-2.94462,-0.01515,-5.63596,-0.08008,1.20691,1.15214,2.39095,-2.05922,-0.01197,0.45375,-0.46878,-3.82659,-1.09718,0.64249,2.06654,3.59565,0.65781,-0.27637,-0.17166,-1.56162,0.59638,0.22307,0.06874
57.56,-0.17028,0.02975,0.40717,-0.06684,0,-0.14765,-0.96459,-0.20918,-0.17382,3.26505,0.0153,0.57132,-4.13458,0.02239,-2.74669,1.47054,0.82613,-3.82919,0.05301,-6.60334,0.23801,0.96853,1.19305,2.74126,-2.17051,-0.02526,0.46123,-0.54066,-4.02033,-1.06175,0.78642,2.82552,3.86417,0.57556,-0.30649,-0.18345,-1.41095,0.49891,0.22825,0.13186
57.58,-0.14941,0.0388,0.41101,-0.13446,0,-0.10311,-1.06611,-0.1339,-0.15459,4.09578,-0.1601,0.51208,-4.97916,0.20593,-3.1791,1.58186,0.29271,-4.80115,0.12496,-7.30667,0.4961,0.7743,1.17153,2.95459,-2.24595,-0.01839,0.46069,-0.60975,-4.03877,-1.02147,0.92765,3.55865,3.96508,0.45837,-0.34798,-0.20044,-1.2055,0.38848,0.23893,0.20803
57.6,-0.13154,0.04785,0.41625,-0.2001,0,-0.05151,-1.12544,-0.06625,-0.11448,4.84957,-0.31579,0.43289,-5.59595,0.38308,-3.61117,1.83487,-0.22984,-5.81913,0.19306,-7.75681,0.68506,0.63421,1.1029,3.04284,-2.2898,0.00383,0.45276,-0.66906,-3.84423,-0.9755,1.0488,4.19818,3.85587,0.31429,-0.39726,-0.21256,-0.95609,0.26886,0.25012,0.28656
57.62,-0.116,0.05695,0.42254,-0.26097,0,0.00437,-1.14883,-0.00675,-0.06467,5.48031,-0.44487,0.33798,-5.983,0.53818,-3.97614,2.2654,-0.67188,-6.82408,0.24772,-7.9848,0.80345,0.55295,1.00485,3.02755,-2.30243,0.03447,0.43853,-0.71269,-3.41042,-0.92353,1.1309,4.66491,3.50531,0.15232,-0.45086,-0.20994,-0.67541,0.14421,0.25679,0.35719
57.64,-0.10198,0.06613,0.42955,-0.31571,0,0.06197,-1.14497,0.04483,-0.01405,5.96048,-0.54349,0.23101,-6.15209,0.65598,-4.20031,2.8942,-0.95638,-7.74276,0.27784,-8.03665,0.85616,0.52975,0.89498,2.93653,-2.28096,0.06555,0.41928,-0.73665,-2.72932,-0.8655,1.15594,4.88064,2.90109,-0.01833,-0.50564,-0.18415,-0.37721,0.01887,0.25463,0.41146
57.66,-0.08867,0.07537,0.43702,-0.36461,0,0.11891,-1.12374,0.08933,0.03105,6.28927,-0.6101,0.11563,-6.12316,0.72131,-4.20844,3.723,-1.00567,-8.49409,0.27155,-7.966,0.85195,0.55858,0.78859,2.80037,-2.22116,0.08908,0.39614,-0.73942,-1.8174,-0.80137,1.11008,4.78471,2.05694,-0.18899,-0.55894,-0.12953,-0.07542,-0.10291,0.2407,0.44393
57.68,-0.07539,0.08461,0.44475,-0.40943,0,0.17304,-1.0948,0.12798,0.06677,6.48609,-0.64428,-0.00369,-5.91812,0.71868,-3.93041,4.7321,-0.75004,-8.99754,0.21729,-7.82594,0.80046,0.62842,0.69669,2.6493,-2.12,0.0981,0.3698,-0.7225,-0.71969,-0.73079,0.98676,4.35033,1.01717,-0.35219,-0.60878,-0.04425,0.21678,-0.21729,0.21395,0.45314
57.7,-0.06174,0.0938,0.45264,-0.4531,0,0.2225,-1.0664,0.16209,0.09117,6.58025,-0.64571,-0.12083,-5.55556,0.63225,-3.30835,5.87954,-0.13735,-9.1824,0.10495,-7.66166,0.70948,0.724,0.62481,2.5102,-1.97773,0.08746,0.34036,-0.6903,0.49068,-0.65307,0.7888,3.59584,-0.14334,-0.50206,-0.65388,0.06911,0.48768,-0.32112,0.17549,0.44192
57.72,-0.04768,0.10289,0.46068,-0.49927,0,0.26571,-1.04433,0.19278,0.10368,6.60191,-0.61334,-0.22755,-5.04711,0.44674,-2.30363,7.10209,0.85715,-8.9964,-0.07282,-7.50462,0.58311,0.82684,0.57248,2.40405,-1.79906,0.05447,0.30732,-0.64964,1.71901,-0.56727,0.52874,2.58616,-1.32593,-0.63456,-0.69369,0.20377,0.7276,-0.41202,0.12853,0.41707
57.74,-0.03349,0.11181,0.46891,-0.55165,0,0.30142,-1.03139,0.22076,0.10455,6.575,-0.54508,-0.31364,-4.39616,0.14932,-0.90292,8.31834,2.22183,-8.4127,-0.31943,-7.36889,0.42119,0.9167,0.53371,2.34352,-1.59278,-0.00076,0.26974,-0.60849,2.86195,-0.47243,0.22706,1.42316,-2.42184,-0.74741,-0.72826,0.34967,0.92913,-0.48838,0.07791,0.3881
57.76,-0.0198,0.12046,0.47741,-0.61339,0,0.32877,-1.02719,0.24617,0.09446,6.51259,-0.43817,-0.36766,-3.59899,-0.26743,0.87686,9.43376,3.90161,-7.43492,-0.63318,-7.24996,0.21999,0.97341,0.49827,2.33122,-1.37013,-0.0752,0.22656,-0.57443,3.82475,-0.36796,-0.09121,0.22686,-3.33053,-0.83977,-0.75806,0.49517,1.08726,-0.54927,0.02941,0.3655
57.78,-0.00744,0.12867,0.48623,-0.68638,0,0.34732,-1.02831,0.26857,0.07428,6.41478,-0.28995,-0.37827,-2.64821,-0.80228,2.9855,10.3476,5.79443,-6.09958,-1.00644,-7.12601,-0.02604,0.97877,0.45349,2.35871,-1.14258,-0.16316,0.17697,-0.55301,4.53864,-0.25407,-0.4007,-0.887,-3.97845,-0.91189,-0.78372,0.62885,1.19928,-0.59421,-0.01118,0.3587
57.8,0.00264,0.13621,0.49539,-0.77063,0,0.3571,-1.02888,0.28711,0.04492,6.26921,-0.09915,-0.3358,-1.53813,-1.44212,5.33891,10.96094,7.7529,-4.47528,-1.42524,-6.96148,-0.32169,0.91845,0.38658,2.40691,-0.91968,-0.25665,0.12076,-0.54661,4.97326,-0.13219,-0.67941,-1.8269,-4.33265,-0.96457,-0.80591,0.74116,1.2646,-0.62297,-0.03887,0.37423
57.82,0.0095,0.14275,0.50482,-0.86387,0,0.35859,-1.02138,0.30072,0.00737,6.05388,0.13255,-0.23412,-0.2713,-2.15973,7.82183,11.18531,9.5929,-2.65757,-1.86942,-6.71252,-0.66794,0.78353,0.28693,2.44807,-0.70767,-0.3462,0.05858,-0.55406,5.13993,-0.00517,-0.91123,-2.53782,-4.40508,-0.99873,-0.82506,0.82541,1.28444,-0.63538,-0.05023,0.41453
57.84,0.0123,0.14785,0.51432,-0.96121,0,0.35259,-0.99764,0.30859,-0.03723,5.74174,0.39893,-0.07228,1.13464,-2.91296,10.29449,10.95103,11.10958,-0.75919,-2.31353,-6.33384,-1.05904,0.57143,0.14834,2.44939,-0.50897,-0.42184,-0.00806,-0.57118,5.08454,0.12275,-1.08668,-3.00347,-4.24584,-1.01495,-0.84126,0.87796,1.26139,-0.63113,-0.04374,0.4774
57.86,0.0104,0.15101,0.52353,-1.05514,0,0.34008,-0.95004,0.31054,-0.08747,5.30657,0.68793,0.14401,2.64098,-3.64583,12.60261,10.21531,12.09943,1.10305,-2.72844,-5.78621,-1.47989,0.28643,-0.02912,2.37791,-0.32258,-0.47431,-0.07681,-0.59199,4.872,0.24616,-1.20225,-3.23988,-3.92775,-1.01312,-0.85411,0.89779,1.19892,-0.60973,-0.02003,0.55628
57.88,0.00345,0.15167,0.53191,-1.13583,0,0.32206,-0.87262,0.30742,-0.14144,4.7293,0.98103,0.40156,4.18404,-4.29171,14.58937,8.96919,12.38533,2.82207,-3.08354,-5.04385,-1.90476,-0.06046,-0.23791,2.20585,-0.14527,-0.49628,-0.14477,-0.61036,4.56761,0.35896,-1.25885,-3.28365,-3.5271,-0.99229,-0.86271,0.8857,1.10098,-0.57044,0.01825,0.64106
57.9,-0.00853,0.14931,0.53879,-1.19175,0,0.29943,-0.76208,0.30131,-0.19662,4.00362,1.25362,0.67988,5.67494,-4.77871,16.10732,7.24223,11.8401,4.3122,-3.34916,-4.10033,-2.29768,-0.45217,-0.46289,1.91546,0.02709,-0.48338,-0.20874,-0.62142,4.22077,0.4549,-1.26004,-3.17935,-3.10639,-0.95073,-0.86573,0.84344,0.97179,-0.51246,0.06667,0.71929
57.92,-0.02516,0.14346,0.54338,-1.21071,0,0.2729,-0.61841,0.29536,-0.24973,3.13976,1.47697,0.9525,7.00434,-5.03721,17.02847,5.10329,10.40425,5.51625,-3.49905,-2.9716,-2.61517,-0.86684,-0.68251,1.50232,0.1981,-0.43483,-0.26554,-0.62242,3.85575,0.52816,-1.21071,-2.96927,-2.70384,-0.88625,-0.86153,0.7732,0.8158,-0.43517,0.11955,0.77764
57.94,-0.04567,0.13382,0.54493,-1.18119,0,0.24298,-0.44507,0.29328,-0.29666,2.16505,1.6215,1.18976,8.05254,-5.00906,17.2516,2.65641,8.09558,6.4071,-3.51249,-1.6955,-2.81139,-1.2798,-0.87145,0.97665,0.36972,-0.35357,-0.31226,-0.6129,3.47147,0.574,-1.11638,-2.68772,-2.33148,-0.79674,-0.84835,0.67729,0.63771,-0.33847,0.17058,0.80338
57.96,-0.06893,0.1203,0.54275,-1.09392,0,0.20998,-0.24873,0.29865,-0.33258,1.11948,1.66126,1.36253,8.70404,-4.65741,16.70761,0.03235,5.01034,6.98476,-3.37597,-0.32807,-2.84498,-1.66595,-1.0043,0.36251,0.5415,-0.24587,-0.34656,-0.59408,3.04922,0.58927,-0.9832,-2.35961,-1.98115,-0.68085,-0.8246,0.55834,0.44276,-0.22317,0.21357,0.78591
57.98,-0.09354,0.10309,0.53639,-0.94346,0,0.1741,-0.03867,0.31398,-0.35226,0.04714,1.57852,1.44637,8.86414,-3.97553,15.36398,-2.62284,1.31716,7.2705,-3.08425,1.06243,-2.68642,-2.00225,-1.05967,-0.30464,0.71026,-0.12061,-0.36686,-0.56803,2.56495,0.5729,-0.81833,-2.00243,-1.63498,-0.53877,-0.78904,0.41952,0.23692,-0.09138,0.24323,0.71807
58,-0.11791,0.08268,0.5257,-0.72951,0,0.13556,0.17411,0.34015,-0.35059,-1.00952,1.36763,1.4252,8.47456,-2.9921,13.22879,-5.16055,-2.75532,7.30036,-2.64026,2.40248,-2.32415,-2.26986,-1.02393,-0.98164,0.87013,0.01169,-0.3725,-0.53678,2.00165,0.5262,-0.63045,-1.62944,-1.27653,-0.37284,-0.74115,0.26495,0.0272,0.05319,0.25574,0.59728
58.02,-0.14036,0.05994,0.51089,-0.4576,0,0.09465,0.37791,0.37591,-0.32344,-2.00783,1.03686,1.29369,7.52456,-1.77099,10.3537,-7.44242,-6.93683,7.11886,-2.05357,3.62038,-1.768,-2.45553,-0.89362,-1.62226,1.01302,0.1401,-0.36382,-0.50169,1.35811,0.4529,-0.43,-1.25266,-0.8987,-0.18801,-0.68127,0.09984,-0.17826,0.20511,0.24916,0.42606
58.04,-0.15929,0.03598,0.49252,-0.13904,0,0.05186,0.56153,0.41801,-0.26861,-2.90155,0.608,1.058,6.05597,-0.40452,6.83534,-9.35245,-10.93942,6.7741,-1.33761,4.65305,-1.04895,-2.55197,-0.67639,-2.18238,1.12936,0.2545,-0.34209,-0.46337,0.65181,0.35883,-0.22883,-0.88442,-0.50691,0.00818,-0.61067,-0.06969,-0.3702,0.35732,0.22353,0.21211
58.06,-0.17329,0.01215,0.47141,0.20998,0,0.00795,0.71548,0.46162,-0.18687,-3.64496,0.1137,0.73495,4.16164,0.99854,2.81466,-10.80784,-14.48489,6.31422,-0.50635,5.45204,-0.21573,-2.55755,-0.39026,-2.62535,1.20928,0.34683,-0.30943,-0.42186,-0.08369,0.25144,-0.0394,-0.53733,-0.11732,0.20591,-0.53156,-0.23703,-0.53858,0.50149,0.1807,-0.03227
58.08,-0.18134,-0.0101,0.44851,0.56974,0,-0.03611,0.83309,0.50095,-0.08274,-4.20309,-0.40657,0.35004,1.97821,2.32747,-1.52605,-11.76715,-17.33205,5.78516,0.42801,5.98833,0.67088,-2.47564,-0.06171,-2.92661,1.2439,0.41211,-0.26861,-0.37712,-0.80514,0.13911,0.12634,-0.2232,0.24799,0.39376,-0.4469,-0.39571,-0.67315,0.62868,0.12403,-0.29116
58.1,-0.18287,-0.0294,0.42478,0.91869,0,-0.07907,0.91123,0.53013,0.03541,-4.55928,-0.91116,-0.0654,-0.32617,3.4835,-5.96919,-12.23429,-19.29922,5.22924,1.45475,6.25502,1.54489,-2.3138,0.27717,-3.07673,1.22663,0.44899,-0.22296,-0.32953,-1.46727,0.03049,0.25814,0.0484,0.56683,0.55957,-0.36021,-0.54003,-0.7641,0.73003,0.05791,-0.54631
58.12,-0.17788,-0.04451,0.40108,1.23542,0,-0.11955,0.95052,0.5439,0.1561,-4.71693,-1.36079,-0.47746,-2.56869,4.39016,-10.27237,-12.25625,-20.27752,4.68365,2.56087,6.26724,2.34199,-2.08313,0.59202,-3.08187,1.15436,0.45971,-0.17616,-0.28017,-2.02964,-0.06598,0.34841,0.2713,0.82171,0.69148,-0.27527,-0.6655,-0.80292,0.79763,-0.01263,-0.77878
58.14,-0.1669,-0.05455,0.37807,1.50053,0,-0.1561,0.95487,0.53827,0.26639,-4.69683,-1.72263,-0.85316,-4.57267,4.99915,-14.18398,-11.91434,-20.23357,4.17861,3.72414,6.05894,3.00603,-1.79758,0.85002,-2.96144,1.02824,0.44929,-0.13222,-0.23079,-2.46151,-0.14258,0.39288,0.44312,1.00261,0.77905,-0.1957,-0.76921,-0.78328,0.82539,-0.08243,-0.9707
58.16,-0.15094,-0.05905,0.35602,1.69862,0,-0.18735,0.93059,0.51091,0.35426,-4.53217,-1.97355,-1.16399,-6.19005,5.29176,-17.46325,-11.31059,-19.20315,3.73521,4.90476,5.67725,3.49464,-1.47347,1.0237,-2.7437,0.85415,0.42431,-0.09524,-0.1835,-2.74454,-0.19262,0.39102,0.56513,1.10761,0.8144,-0.12456,-0.84989,-0.70186,0.80988,-0.14665,-1.10716
58.18,-0.1314,-0.05808,0.33486,1.81994,0,-0.21218,0.88519,0.46144,0.41104,-4.26237,-2.10246,-1.38902,-7.32207,5.27715,-19.90216,-10.55247,-17.27943,3.36361,6.03887,5.17581,3.78353,-1.12881,1.0944,-2.46034,0.64277,0.39139,-0.06936,-0.14032,-2.87351,-0.21065,0.34596,0.64148,1.14182,0.79326,-0.06389,-0.90795,-0.55916,0.75103,-0.20119,-1.17799
58.2,-0.1099,-0.05228,0.31407,1.86164,0,-0.22981,0.82629,0.39138,0.43321,-3.92714,-2.11132,-1.51716,-7.93377,4.98853,-21.34547,-9.73908,-14.59895,3.06225,7.03717,4.60811,3.86883,-0.78248,1.05485,-2.14161,0.40909,0.35597,-0.05852,-0.10272,-2.85563,-0.19272,0.26431,0.67825,1.11538,0.71571,-0.01452,-0.94537,-0.3599,0.65246,-0.24299,-1.17902
58.22,-0.08817,-0.04283,0.29281,1.82822,0,-0.23985,0.76063,0.30396,0.42303,-3.56155,-2.01444,-1.54814,-8.05842,4.47817,-21.70515,-8.95107,-11.32691,2.81867,7.79156,4.02174,3.76679,-0.45297,0.91035,-1.81266,0.17142,0.32143,-0.06629,-0.07129,-2.70876,-0.1366,0.15549,0.68251,1.04116,0.5864,0.02403,-0.96552,-0.1131,0.52141,-0.27025,-1.11267
58.24,-0.06792,-0.03129,0.26996,1.73102,0,-0.24219,0.69344,0.20354,0.38779,-3.19274,-1.83618,-1.49198,-7.79033,3.81154,-20.96729,-8.24521,-7.64298,2.61193,8.19018,3.45396,3.51073,-0.1565,0.67819,-1.49177,-0.05029,0.28882,-0.09551,-0.04569,-2.45863,-0.04191,0.03085,0.66137,0.93254,0.41428,0.05332,-0.97295,0.16857,0.368,-0.2825,-0.98759
58.26,-0.05061,-0.01946,0.24434,1.58699,0,-0.23697,0.62812,0.09495,0.33786,-2.8383,-1.60723,-1.36723,-7.26786,3.06135,-19.1922,-7.65359,-3.72865,2.41642,8.13864,2.92886,3.14576,0.09507,0.38573,-1.19022,-0.23661,0.25716,-0.148,-0.02472,-2.13582,0.08967,-0.09747,0.62136,0.8016,0.21168,0.07566,-0.97299,0.46974,0.20411,-0.28055,-0.81753
58.28,-0.03738,-0.0091,0.21485,1.41678,0,-0.22438,0.56616,-0.01727,0.28418,-2.50623,-1.36028,-1.19835,-6.65079,2.30174,-16.50919,-7.18655,0.24241,2.20641,7.58238,2.45625,2.72238,0.29622,0.06723,-0.91335,-0.37093,0.22404,-0.22415,-0.00661,-1.77254,0.25418,-0.21772,0.56802,0.65798,-0.00678,0.09363,-0.97145,0.77367,0.04199,-0.26638,-0.61971
58.3,-0.02891,-0.00175,0.18068,1.24258,0,-0.2046,0.5074,-0.12937,0.23595,-2.19622,-1.12586,-1.01274,-6.09631,1.60303,-13.10731,-6.83806,4.11021,1.96039,6.52381,2.03251,2.29003,0.44902,-0.23988,-0.66209,-0.44149,0.18644,-0.32254,0.0106,-1.39996,0.44526,-0.31964,0.5057,0.50833,-0.22548,0.10956,-0.97406,1.0635,-0.10703,-0.24283,-0.4129
58.32,-0.02535,0.00149,0.14149,1.08574,0,-0.17783,0.45042,-0.23867,0.19897,-1.90191,-0.92867,-0.83754,-5.73738,1.02703,-9.22144,-6.59192,7.73008,1.66439,5.02854,1.64314,1.89134,0.56305,-0.49905,-0.43443,-0.4429,0.14137,-0.43971,0.02871,-1.04592,0.65406,-0.39518,0.43762,0.35655,-0.42905,0.12517,-0.98601,1.32325,-0.23364,-0.21332,-0.21546
58.34,-0.02632,3e-05,0.09756,0.96426,0,-0.14431,0.39305,-0.34352,0.17508,-1.6137,-0.78501,-0.69662,-5.66572,0.62292,-5.1141,-6.42784,10.97129,1.31379,3.21812,1.26691,1.55764,0.65393,-0.67876,-0.2264,-0.37678,0.08649,-0.56994,0.04902,-0.73324,0.86936,-0.43905,0.36612,0.20463,-0.60345,0.1413,-1.01115,1.53862,-0.3312,-0.18138,-0.04341
58.36,-0.03095,-0.00613,0.04982,0.89046,0,-0.1045,0.33296,-0.4429,0.16253,-1.32177,-0.7013,-0.60787,-5.92064,0.42363,-1.05403,-6.32622,13.7143,0.91364,1.25147,0.8809,1.30593,0.74067,-0.75628,-0.03267,-0.25168,0.02042,-0.70536,0.07203,-0.47856,1.07783,-0.44883,0.29293,0.05384,-0.73701,0.15781,-1.05134,1.69742,-0.39606,-0.15016,0.09125
58.38,-0.03794,-0.01641,-0.00011,0.86915,0,-0.05926,0.26818,-0.53592,0.15694,-1.01888,-0.6737,-0.58112,-6.48445,0.44311,2.7057,-6.2711,15.8489,0.47773,-0.69985,0.46563,1.1377,0.8425,-0.72069,0.15306,-0.08229,-0.057,-0.83611,0.09735,-0.29173,1.26466,-0.42492,0.21961,-0.09389,-0.82118,0.17364,-1.10579,1.78996,-0.42755,-0.12201,0.18188
58.4,-0.04568,-0.02971,-0.04998,0.89659,0,-0.01007,0.19752,-0.62125,0.15264,-0.70246,-0.6892,-0.61702,-7.28521,0.67485,5.94708,-6.25043,17.27496,0.02664,-2.47595,0.00927,1.0396,0.97565,-0.57448,0.33745,0.11184,-0.1446,-0.95092,0.12361,-0.17573,1.41429,-0.37031,0.14779,-0.23491,-0.85111,0.18698,-1.17064,1.8093,-0.42774,-0.09811,0.22786
58.42,-0.05243,-0.04453,-0.09706,0.96062,0,0.04091,0.12081,-0.69658,0.14383,-0.3756,-0.72786,-0.70718,-8.20688,1.09214,8.50203,-6.25297,17.90684,-0.41472,-3.94749,-0.48989,0.98639,1.15097,-0.33322,0.52641,0.30812,-0.23967,-1.03779,0.14868,-0.12713,1.51157,-0.29016,0.07946,-0.36329,-0.82577,0.19561,-1.23896,1.75137,-0.40086,-0.07843,0.23445
58.44,-0.0564,-0.05914,-0.13836,1.04209,0,0.09072,0.03896,-0.75833,0.12552,-0.04674,-0.7663,-0.83553,-9.10636,1.65029,10.26189,-6.26228,17.6816,-0.82034,-5.02654,-1.02309,0.94572,1.37239,-0.02323,0.72359,0.48321,-0.33795,-1.08508,0.16994,-0.13707,1.54293,-0.19125,0.0169,-0.47091,-0.74776,0.19728,-1.30105,1.61507,-0.35256,-0.06173,0.21177
58.46,-0.05604,-0.07177,-0.17094,1.11727,0,0.13576,-0.04628,-0.80148,0.09411,0.27171,-0.78174,-0.98082,-9.83508,2.29057,11.18187,-6.24945,16.57024,-1.16636,-5.66956,-1.57266,0.88412,1.63645,0.32246,0.92851,0.61546,-0.43356,-1.0826,0.1847,-0.19266,1.49784,-0.08135,-0.03734,-0.54826,-0.6228,0.19018,-1.34524,1.40227,-0.28907,-0.04595,0.17304
58.48,-0.05012,-0.08082,-0.19222,1.16093,0,0.17196,-0.13253,-0.81991,0.04766,0.56534,-0.75607,-1.11959,-10.26133,2.94545,11.28109,-6.16733,14.58978,-1.43415,-5.87453,-2.11468,0.77313,1.93275,0.66882,1.13516,0.68743,-0.51925,-1.02283,0.19067,-0.27852,1.37008,0.03144,-0.08073,-0.58556,-0.45906,0.17336,-1.35885,1.11797,-0.21641,-0.02856,0.13253
58.5,-0.03793,-0.08503,-0.20027,1.14947,0,0.19513,-0.21712,-0.80685,-0.014,0.81958,-0.67878,-1.22922,-10.28877,3.54452,10.6384,-5.94943,11.81265,-1.61261,-5.67449,-2.62196,0.59423,2.24492,0.9832,1.3315,0.68789,-0.58683,-0.90195,0.18627,-0.37836,1.15874,0.13928,-0.111,-0.57407,-0.26657,0.14698,-1.32942,0.7705,-0.1398,-0.0071,0.10347
58.52,-0.0193,-0.08363,-0.19402,1.0637,0,0.2014,-0.29723,-0.7559,-0.08942,1.02108,-0.54824,-1.29048,-9.86694,4.0205,9.38313,-5.51543,8.36952,-1.69912,-5.12922,-3.06646,0.34137,2.55212,1.23861,1.50052,0.6131,-0.628,-0.72032,0.17083,-0.4765,0.8686,0.23509,-0.1263,-0.50719,-0.05654,0.11243,-1.24584,0.37166,-0.06335,0.02037,0.09622
58.54,0.00535,-0.0764,-0.17341,0.89088,0,0.18774,-0.37006,-0.66213,-0.17564,1.15832,-0.37091,-1.28933,-8.99225,4.31512,7.6812,-4.78378,4.44344,-1.69911,-4.31622,-3.42096,0.02085,2.8308,1.41553,1.6228,0.46726,-0.63552,-0.48248,0.14455,-0.55905,0.50961,0.31292,-0.1254,-0.38132,0.1592,0.07208,-1.09939,-0.06326,0.00995,0.05493,0.11703
58.56,0.03513,-0.06364,-0.1393,0.62601,0,0.15253,-0.43285,-0.52345,-0.26855,1.22172,-0.15892,-1.21796,-7.70073,4.38449,5.71767,-3.68946,0.25625,-1.62449,-3.32204,-3.66009,-0.35124,3.05665,1.50231,1.68032,0.26193,-0.60452,-0.19655,0.10824,-0.61498,0.09571,0.36826,-0.10774,-0.19634,0.3687,0.02895,-0.88467,-0.51566,0.07793,0.09646,0.16735
58.58,0.06877,-0.0462,-0.09348,0.27244,0,0.09608,-0.483,-0.34181,-0.36313,1.2035,0.07317,-1.07514,-6.05631,4.2036,3.67867,-2.20274,-3.94964,-1.49144,-2.23469,-3.76108,-0.75291,3.20658,1.49472,1.66048,0.01488,-0.53375,0.12674,0.06303,-0.6368,-0.35684,0.39819,-0.07344,0.04423,0.56047,-0.01383,-0.60034,-0.96423,0.13893,0.14358,0.24364
58.6,0.10477,-0.02533,-0.03846,-0.15834,0,0.02099,-0.51812,-0.12397,-0.45382,1.0977,0.31145,-0.866,-4.13822,3.76914,1.73491,-0.34404,-7.93043,-1.31831,-1.13752,-3.70471,-1.16032,3.26065,1.39495,1.5591,-0.25162,-0.42637,0.47517,0.01005,-0.62084,-0.8313,0.40145,-0.0233,0.33324,0.72398,-0.05357,-0.24974,-1.38578,0.19141,0.19359,0.3379
58.62,0.14154,-0.00264,0.02268,-0.64758,0,-0.06783,-0.53629,0.11841,-0.53483,0.90062,0.54476,-0.60114,-2.03053,3.09994,0.02865,1.80998,-11.45851,-1.12373,-0.10469,-3.4765,-1.55097,3.20341,1.21065,1.38161,-0.51292,-0.28993,0.8363,-0.0498,-0.56702,-1.3123,0.37836,0.04126,0.66029,0.85019,-0.0884,0.15882,-1.75654,0.23386,0.24276,0.43863
58.64,0.17756,0.02001,0.0866,-1.171,0,-0.16341,-0.53636,0.3695,-0.60048,0.61173,0.7655,-0.29524,0.1851,2.23459,-1.33508,4.13132,-14.33717,-0.92548,0.80204,-3.06828,-1.90566,3.02487,0.95384,1.14171,-0.74435,-0.13551,1.19872,-0.11591,-0.4781,-1.7874,0.33057,0.11829,1.01225,0.93216,-0.11759,0.61216,-2.05399,0.26477,0.28666,0.53245
58.66,0.21152,0.04071,0.14992,-1.70118,0,-0.25732,-0.51836,0.61092,-0.64551,0.23504,0.96921,0.03477,2.43302,1.22684,-2.2932,6.45543,-16.41283,-0.73974,1.5355,-2.48015,-2.20909,2.72095,0.64013,0.85821,-0.92383,0.02401,1.55325,-0.18791,-0.35861,-2.2485,0.26071,0.20542,1.37418,0.96556,-0.14167,1.09272,-2.25889,0.28289,0.32077,0.60599
58.68,0.24242,0.05755,0.20951,-2.2101,0,-0.34053,-0.48384,0.8237,-0.66553,-0.21955,1.15343,0.37148,4.64441,0.13971,-2.82543,8.60239,-17.58493,-0.58098,2.06433,-1.72242,-2.4497,2.29371,0.28798,0.55094,-1.03428,0.17585,1.8939,-0.26546,-0.2137,-2.69272,0.17197,0.29995,1.73026,0.94922,-0.16231,1.57947,-2.35751,0.28758,0.34102,0.64783
58.7,0.26968,0.06888,0.26273,-2.67165,0,-0.40436,-0.43618,0.9904,-0.65728,-0.73511,1.31626,0.6985,6.75611,-0.96048,-2.95151,10.39966,-17.8133,-0.46204,2.37344,-0.81726,-2.61898,1.7515,-0.08202,0.23705,-1.06555,0.30918,2.2185,-0.34796,-0.04818,-3.12261,0.06767,0.39901,2.06479,0.88546,-0.1821,2.04916,-2.34342,0.27906,0.34436,0.65011
58.72,0.29319,0.07337,0.30753,-3.06349,0,-0.44137,-0.3806,1.09698,-0.61905,-1.28736,1.45519,1.0015,8.70869,-2.00948,-2.72481,11.70259,-17.12208,-0.39434,2.46342,0.20084,-2.71066,1.10887,-0.44794,-0.07138,-1.01553,0.41644,2.52861,-0.43414,0.13398,-3.54538,-0.04916,0.49956,2.36313,0.78016,-0.20403,2.47771,-2.21847,0.25852,0.32917,0.60954
58.74,0.31322,0.0702,0.34249,-3.36836,0,-0.4463,-0.32387,1.13422,-0.5508,-1.84547,1.56638,1.26852,10.44464,-2.94953,-2.22267,12.41,-15.59953,-0.38789,2.34912,1.28595,-2.72009,0.38618,-0.7877,-0.36795,-0.89026,0.49383,2.82882,-0.52167,0.32965,-3.97113,-0.17607,0.59849,2.61244,0.6423,-0.23085,2.84203,-1.99267,0.22806,0.2954,0.52753
58.76,0.33039,0.05918,0.36674,-3.57465,0,-0.41676,-0.2737,1.09868,-0.45439,-2.37392,1.64459,1.48996,11.90771,-3.73287,-1.53486,12.47451,-13.39417,-0.45108,2.05758,2.38317,-2.64385,-0.39121,-1.08046,-0.65089,-0.70312,0.5412,3.12542,-0.60676,0.53614,-4.41018,-0.3114,0.69264,2.80228,0.48325,-0.26436,3.12187,-1.68317,0.19035,0.24457,0.40968
58.78,0.34553,0.0408,0.37985,-3.67667,0,-0.35373,-0.23801,0.99309,-0.33365,-2.83516,1.68366,1.65832,13.04381,-4.32437,-0.75192,11.90752,-10.70788,-0.59012,1.62556,3.43223,-2.4799,-1.19393,-1.30813,-0.9209,-0.47331,0.56137,3.42479,-0.68397,0.75048,-4.87009,-0.45422,0.77881,2.92515,0.31578,-0.30464,3.30172,-1.31262,0.14824,0.17959,0.26478
58.8,0.35954,0.01631,0.38173,-3.67437,0,-0.26183,-0.224,0.82627,-0.19436,-3.19289,1.67747,1.76789,13.80346,-4.70316,0.04468,10.77852,-7.7856,-0.80797,1.09709,4.37184,-2.22799,-1.98996,-1.45686,-1.17876,-0.22384,0.55918,3.73157,-0.7462,0.96857,-5.35252,-0.60393,0.85373,2.97666,0.15305,-0.34964,3.37226,-0.90722,0.10437,0.1045,0.10366
58.82,0.37322,-0.01239,0.37242,-3.57265,0,-0.149,-0.23731,0.6123,-0.04417,-3.41529,1.62094,1.81462,14.14532,-4.86318,0.78904,9.20793,-4.90053,-1.10291,0.52075,5.14432,-1.89023,-2.74619,-1.518,-1.42305,0.02086,0.54041,4.0467,-0.78495,1.18451,-5.85032,-0.75938,0.91406,2.95547,0.00753,-0.39497,3.33108,-0.49461,0.06092,0.02409,-0.06208
58.84,0.38706,-0.0429,0.35203,-3.38011,0,-0.02586,-0.28123,0.36902,0.10773,-3.47819,1.51123,1.79619,14.04059,-4.81261,1.4337,7.35358,-2.3342,-1.46662,-0.05308,5.70028,-1.47179,-3.43046,-1.48876,-1.64874,0.2376,0.51071,4.36561,-0.79101,1.39004,-6.3451,-0.91774,0.95628,2.86259,-0.10993,-0.43413,3.18244,-0.10168,0.01943,-0.05648,-0.2211
58.86,0.40108,-0.07251,0.32056,-3.10759,0,0.09542,-0.35598,0.11612,0.25104,-3.36777,1.34875,1.71233,13.47772,-4.57247,1.94911,5.39229,-0.35254,-1.88201,-0.57517,6.00314,-0.98142,-4.01383,-1.37229,-1.84656,0.4071,0.47469,4.67667,-0.75532,1.57437,-6.80556,-1.07312,0.97658,2.70052,-0.19101,-0.45917,2.93622,0.24749,-0.01913,-0.13219,-0.36335
58.88,0.41466,-0.09852,0.27789,-2.76677,0,0.2024,-0.45836,-0.12704,0.37506,-3.0828,1.138,1.56542,12.46733,-4.17482,2.3209,3.49978,0.8196,-2.32116,-1.00021,6.03319,-0.43208,-4.47304,-1.17755,-2.00342,0.51631,0.43522,4.96033,-0.67006,1.72442,-7.18726,-1.21547,0.97094,2.47234,-0.2306,-0.46152,2.60657,0.53355,-0.05428,-0.19856,-0.48081
58.9,0.42647,-0.11852,0.22381,-2.36911,0,0.28365,-0.58157,-0.34334,0.46929,-2.63567,0.88807,1.36104,11.04582,-3.66058,2.54602,1.83183,1.02184,-2.7434,-1.28934,5.79018,0.15869,-4.7925,-0.9188,-2.10358,0.56001,0.39318,5.18923,-0.5298,1.82538,-7.43392,-1.33005,0.9352,2.18105,-0.22728,-0.43292,2.21048,0.74318,-0.08584,-0.25208,-0.5681
58.92,0.4345,-0.13055,0.15806,-1.92519,0,0.32979,-0.71558,-0.51924,0.52434,-2.05195,0.61257,1.10844,9.27626,-3.07708,2.62875,0.50917,0.17679,-3.09424,-1.41198,5.29392,0.76858,-4.96561,-0.61489,-2.13052,0.54133,0.34756,5.32934,-0.33237,1.86175,-7.4805,-1.39792,0.8654,1.8292,-0.18343,-0.36643,1.76647,0.86982,-0.11369,-0.29044,-0.62272
58.94,0.43614,-0.1333,0.0806,-1.44457,0,0.33428,-0.84788,-0.64559,0.53265,-1.36804,0.32882,0.82069,7.24559,-2.47491,2.57707,-0.39285,-1.69828,-3.30537,-1.34727,4.5822,1.37084,-4.99481,-0.28805,-2.06928,0.47086,0.29606,5.34229,-0.07952,1.81865,-7.25807,-1.39754,0.75816,1.4189,-0.10493,-0.25718,1.29341,0.9136,-0.13761,-0.31265,-0.64509
58.96,0.42844,-0.12616,-0.00827,-0.93584,0,0.29388,-0.96466,-0.71783,0.48935,-0.62743,0.05643,0.51428,5.05851,-1.90434,2.40002,-0.84949,-4.48672,-3.29606,-1.08512,3.70662,1.93529,-4.89084,0.03762,-1.90901,0.36487,0.23593,5.18882,0.22279,1.68353,-6.70045,-1.30743,0.61122,0.95212,-0.00062,-0.10301,0.80955,0.88074,-0.15708,-0.31909,-0.6383
58.98,0.40836,-0.10927,-0.10768,-0.40726,0,0.20887,-1.05216,-0.73573,0.39305,0.1238,-0.18457,0.20839,2.82947,-1.41154,2.10611,-0.88696,-7.97444,-2.97649,-0.62725,2.72736,2.42983,-4.67125,0.33787,-1.64539,0.24274,0.16491,4.83307,0.5645,1.44814,-5.75204,-1.10984,0.4241,0.4314,0.11854,0.09499,0.33178,0.78248,-0.17122,-0.31132,-0.60773
59,0.37313,-0.0835,-0.21601,0.13259,0,0.08308,-1.09813,-0.70293,0.2464,0.84123,-0.3758,-0.07627,0.67408,-1.03473,1.70293,-0.57775,-11.85859,-2.253,0.01158,1.70763,2.8226,-4.35846,0.59015,-1.2824,0.12422,0.0821,4.24743,0.93177,1.11057,-4.37616,-0.7948,0.19877,-0.13919,0.24037,0.33225,-0.12471,0.63387,-0.17883,-0.29193,-0.56044
59.02,0.32063,-0.05039,-0.33086,0.67389,0,-0.07631,-1.09298,-0.62618,0.05645,1.48566,-0.50255,-0.31919,-1.29928,-0.80068,1.1978,-0.03102,-15.76351,-1.03552,0.80236,0.70848,3.08459,-3.97723,0.77548,-0.83293,0.02696,-0.0116,3.41706,1.30785,0.67714,-2.56263,-0.36409,-0.05978,-0.75284,0.35242,0.60068,-0.54663,0.45243,-0.17845,-0.26413,-0.50443
59.04,0.24965,-0.01206,-0.44909,1.20489,0,-0.25923,-1.03068,-0.5145,-0.16553,2.02555,-0.55563,-0.50208,-2.99715,-0.72149,0.59917,0.62171,-19.26468,0.75313,1.70081,-0.21574,3.19259,-3.55171,0.88021,-0.3179,-0.03569,-0.11342,2.3436,1.67421,0.16364,-0.33371,0.16546,-0.34311,-1.39904,0.44287,0.88899,-0.92259,0.25667,-0.16861,-0.23135,-0.44769
59.06,0.16017,0.02893,-0.56702,1.71147,0,-0.45334,-0.90925,-0.37821,-0.40453,2.43847,-0.5328,-0.61129,-4.34771,-0.79229,-0.08147,1.24374,-21.91981,3.16666,2.64709,-1.02114,3.13217,-3.10233,0.89754,0.2357,-0.05613,-0.21909,1.04782,2.01205,-0.40402,2.25231,0.75994,-0.63935,-2.06262,0.50147,1.18328,-1.24306,0.06463,-0.1481,-0.19669,-0.39726
59.08,0.05353,0.06977,-0.68075,2.17718,0,-0.64492,-0.73102,-0.22811,-0.64276,2.71181,-0.43967,-0.63981,-5.306,-0.99026,-0.82771,1.71101,-23.30525,6.22439,3.56691,-1.677,2.90042,-2.64328,0.82858,0.79767,-0.03339,-0.32346,-0.42916,2.30394,-0.99035,5.10007,1.36856,-0.93339,-2.7234,0.52036,1.46793,-1.5004,-0.10751,-0.11625,-0.1625,-0.35823
59.1,-0.0675,0.10756,-0.78642,2.58371,0,-0.81976,-0.50248,-0.07461,-0.86078,2.84269,-0.28969,-0.58875,-5.85659,-1.27571,-1.61666,1.92732,-23.05407,9.90168,4.3747,-2.1672,2.50752,-2.18106,0.68256,1.33745,0.02695,-0.42116,-2.0265,2.53532,-1.55201,8.0795,1.92671,-1.20765,-3.35627,0.49478,1.72671,-1.68901,-0.24671,-0.07313,-0.12995,-0.33312
59.12,-0.19884,0.13951,-0.88057,2.912,0,-0.96426,-0.23378,0.07287,-1.03903,2.83721,-0.10298,-0.46749,-6.01302,-1.59585,-2.41831,1.8348,-20.8924,14.12294,4.97944,-2.48991,1.97656,-1.71459,0.47591,1.82675,0.11375,-0.50717,-3.66665,2.69555,-2.04123,11.03221,2.36278,-1.4433,-3.93203,0.42353,1.94391,-1.80546,-0.3441,-0.01966,-0.09895,-0.32151
59.14,-0.33538,0.16317,-0.96037,3.14382,0,-1.06646,0.06221,0.20644,-1.15952,2.709,0.09604,-0.29251,-5.8138,-1.89128,-3.1961,1.41822,-16.67145,18.75864,5.29331,-2.65577,1.34135,-1.23683,0.23005,2.24159,0.21225,-0.57729,-5.2611,2.77843,-2.41079,13.78228,2.60837,-1.62194,-4.41898,0.30921,2.10563,-1.84876,-0.39572,0.04249,-0.06818,-0.3202
59.16,-0.47141,0.17664,-1.02379,3.26386,0,-1.11723,0.37108,0.32012,-1.20763,2.47752,0.28192,-0.08504,-5.31585,-2.1043,-3.90877,0.7036,-10.39408,23.62628,5.24254,-2.68498,0.64248,-0.73755,-0.03162,2.56379,0.30659,-0.62828,-6.71832,2.78228,-2.62012,16.15108,2.6107,-1.72767,-4.78533,0.15809,2.20101,-1.82056,-0.403,0.11111,-0.03533,-0.32364
59.18,-0.60116,0.17872,-1.06979,3.26197,0,-1.11124,0.67826,0.41015,-1.17388,2.1661,0.43167,0.13178,-4.5869,-2.1877,-4.51315,-0.24759,-2.23507,28.49493,4.77883,-2.60385,-0.07733,-0.20677,-0.287,2.78197,0.38245,-0.65805,-7.95276,2.70971,-2.64155,17.97406,2.34439,-1.74926,-5.00231,-0.02013,2.22343,-1.72551,-0.37287,0.18376,0.00246,-0.32475
59.2,-0.71929,0.1691,-1.09839,3.13507,0,-1.04769,0.97018,0.4751,-1.05536,1.80028,0.52786,0.3358,-3.69845,-2.11179,-4.96755,-1.34722,7.44851,33.09204,3.88933,-2.44152,-0.7776,0.36197,-0.51799,2.89191,0.42912,-0.66567,-8.89328,2.56724,-2.46525,19.11702,1.81976,-1.682,-5.04737,-0.21291,2.17142,-1.57138,-0.31739,0.25807,0.04814,-0.31589
59.22,-0.82127,0.1484,-1.11066,2.88839,0,-0.93063,1.23514,0.51587,-0.85646,1.40608,0.56051,0.50808,-2.72004,-1.86831,-5.2352,-2.49131,18.1212,37.11207,2.60281,-2.22718,-1.42339,0.96918,-0.71201,2.89631,0.44061,-0.65127,-9.48948,2.36471,-2.10176,19.48894,1.08443,-1.52881,-4.90715,-0.40562,2.04901,-1.36891,-0.25285,0.33195,0.10428,-0.28976
59.24,-0.90359,0.11808,-1.10853,2.53542,0,-0.76853,1.46383,0.53538,-0.58879,1.00862,0.52765,0.63443,-1.7152,-1.47019,-5.28747,-3.57205,29.09181,40.22749,0.99063,-1.98798,-1.98725,1.60824,-0.86207,2.80371,0.41556,-0.61596,-9.7152,2.11438,-1.58127,19.04994,0.21749,-1.30027,-4.57977,-0.58261,1.86541,-1.13125,-0.19818,0.40371,0.17268,-0.24046
59.26,-0.96391,0.08035,-1.09456,2.09707,0,-0.57349,1.64946,0.53818,-0.2703,0.63063,0.43462,0.70601,-0.73911,-0.94787,-5.10685,-4.48995,39.55594,42.10487,-0.83752,-1.74757,-2.44982,2.26543,-0.96576,2.62716,0.35621,-0.56167,-9.56943,1.83005,-0.9502,17.81457,-0.68277,-1.01386,-4.07617,-0.72845,1.63411,-0.87304,-0.17301,0.47209,0.25396,-0.16423
59.28,-1.00102,0.03789,-1.07163,1.6,0,-0.36001,1.78777,0.52993,0.07617,0.29143,0.29256,0.71936,0.16252,-0.34342,-4.68946,-5.165,48.65699,42.42826,-2.74252,-1.52526,-2.79961,2.92095,-1.02355,2.38258,0.26688,-0.49105,-9.0753,1.52605,-0.26564,15.85127,-1.51443,-0.69229,-3.42059,-0.8292,1.37164,-0.60943,-0.19549,0.53616,0.34738,-0.06011
59.3,-1.01484,-0.00634,-1.04269,1.07471,0,-0.14361,1.87684,0.51665,0.42478,0.00599,0.11646,0.67602,0.95372,0.29592,-4.04692,-5.54499,55.56221,40.93115,-4.56835,-1.33558,-3.032,3.55033,-1.03705,2.08735,0.15265,-0.40734,-8.27751,1.21652,0.41103,13.27799,-2.18706,-0.36145,-2.64982,-0.87363,1.09613,-0.35512,-0.28036,0.59517,0.45075,0.06966
59.32,-1.00624,-0.04938,-1.01056,0.55327,0,0.06053,1.91679,0.50407,0.74881,-0.21552,-0.07673,0.58167,1.60814,0.92357,-3.20675,-5.60979,59.54936,37.43528,-6.15776,-1.18804,-3.14792,4.12605,-1.00778,1.7591,0.01855,-0.31426,-7.23806,0.91467,1.02082,10.25342,-2.63337,-0.04786,-1.81064,-0.85396,0.82579,-0.12364,-0.43754,0.64836,0.56045,0.21969
59.34,-0.97688,-0.08849,-0.9777,0.06695,0,0.23899,1.90936,0.49669,1.02303,-0.36786,-0.26986,0.44513,2.10892,1.49816,-2.21121,-5.37086,60.09818,31.89287,-7.36986,-1.08699,-3.15235,4.61907,-0.93663,1.41465,-0.13044,-0.21589,-6.03034,0.63224,1.51337,6.96336,-2.81584,0.22408,-0.95554,-0.76629,0.5774,0.07319,-0.67135,0.69466,0.67169,0.3819
59.36,-0.92887,-0.12143,-0.94604,-0.35625,0,0.38135,1.85743,0.49707,1.22607,-0.45066,-0.44713,0.27724,2.44864,1.98667,-1.11443,-4.86686,56.97779,24.42645,-8.09823,-1.03151,-3.05275,5.00039,-0.82406,1.06924,-0.28887,-0.1165,-4.73222,0.37894,1.85232,3.60379,-2.72819,0.43485,-0.13698,-0.61065,0.36477,0.22555,-0.98043,0.73245,0.77879,0.5462
59.38,-0.86464,-0.14661,-0.91692,-0.6938,0,0.48119,1.7647,0.50521,1.34265,-0.46806,-0.59523,0.08974,2.62924,2.36621,0.02145,-4.15663,50.31559,15.3571,-8.28629,-1.01552,-2.85797,5.24275,-0.6708,0.73596,-0.44986,-0.02033,-3.41925,0.16208,2.01908,0.36329,-2.39298,0.57223,0.59857,-0.39066,0.19759,0.32592,-1.3581,0.75938,0.87551,0.70149
59.4,-0.78668,-0.16324,-0.89102,-0.93037,0,0.53665,1.63541,0.51831,1.36519,-0.42815,-0.70426,-0.10568,2.66161,2.62459,1.13103,-3.31104,40.62687,5.1974,-7.93656,-1.02811,-2.57748,5.32237,-0.47879,0.42537,-0.6045,0.06853,-2.15895,-0.01376,2.01436,-2.59241,-1.85627,0.63272,1.21581,-0.11317,0.08064,0.36931,-1.79324,0.77232,0.95527,0.83639
59.42,-0.69747,-0.17133,-0.86842,-1.0587,0,0.55045,1.47416,0.53106,1.29462,-0.34216,-0.76828,-0.29807,2.56427,2.7598,2.15075,-2.40452,28.77107,-5.40948,-7.11023,-1.05444,-2.22101,5.22062,-0.25207,0.14534,-0.74168,0.14638,-1.0067,-0.14685,1.85655,-5.13163,-1.18042,0.62169,1.69378,0.21243,0.01364,0.35356,-2.27128,0.76751,1.01118,0.93995
59.44,-0.59935,-0.17161,-0.84855,-1.07958,0,0.52921,1.28576,0.53646,1.14003,-0.22343,-0.78551,-0.47778,2.36122,2.77854,3.02436,-1.50704,15.80692,-15.76368,-5.91616,-1.07699,-1.79848,4.92566,0.0028,-0.09912,-0.84874,0.21012,-0.00346,-0.2383,1.57714,-7.16307,-0.43575,0.55206,2.02681,0.57498,-0.00822,0.27961,-2.77543,0.74082,1.03589,1.00189
59.46,-0.49449,-0.16537,-0.8303,-1.00116,0,0.48233,1.07511,0.52698,0.91751,-0.08612,-0.75829,-0.63683,2.07901,2.69417,3.70831,-0.67689,2.81043,-25.15511,-4.49153,-1.07742,-1.32025,4.43388,0.27659,-0.30592,-0.91288,0.25743,0.82499,-0.29196,1.2139,-8.63771,0.30812,0.44183,2.22346,0.96242,0.00673,0.15184,-3.28804,0.68827,1.0213,1.01277
59.48,-0.38486,-0.15426,-0.81209,-0.83768,0,0.42054,0.84713,0.49601,0.64832,0.05599,-0.69273,-0.76907,1.74375,2.52451,4.17644,0.04473,-9.22877,-32.92846,-2.97892,-1.0386,-0.79753,3.75149,0.5578,-0.47575,-0.92283,0.28697,1.46762,-0.31404,0.80359,-9.54746,0.99006,0.31117,2.30398,1.36268,0.04807,-0.02168,-3.79189,0.6066,0.9585,0.96405
59.5,-0.27229,-0.14001,-0.79199,-0.60795,0,0.35456,0.60685,0.43912,0.35681,0.19065,-0.59819,-0.87041,1.37856,2.28979,4.42296,0.63682,-19.44792,-38.58922,-1.50531,-0.94677,-0.24301,2.89607,0.8333,-0.61187,-0.87067,0.29849,1.92655,-0.31269,0.37589,-9.92095,1.56327,0.17954,2.29695,1.76439,0.10468,-0.2293,-4.27121,0.49392,0.83801,0.84823
59.52,-0.15855,-0.12435,-0.76795,-0.33359,0,0.29379,0.35947,0.35498,0.06812,0.30801,-0.48635,-0.93881,1.00201,2.01081,4.46277,1.09866,-27.18416,-41.88495,-0.16709,-0.7935,0.32861,1.89749,1.08935,-0.71941,-0.7531,0.29287,2.21484,-0.29723,-0.05003,-9.81704,1.9984,0.06369,2.2356,2.15724,0.16623,-0.45615,-4.71221,0.3503,0.6505,0.65915
59.54,-0.04538,-0.10873,-0.73791,-0.03724,0,0.24542,0.11039,0.24564,-0.19401,0.40114,-0.37007,-0.97426,0.62745,1.70743,4.32889,1.44693,-32.06105,-42.81955,0.97695,-0.57717,0.90023,0.79808,1.31284,-0.80446,-0.57215,0.27192,2.35355,-0.27719,-0.46565,-9.31622,2.28365,-0.0236,2.15388,2.53211,0.22421,-0.68518,-5.10295,0.17823,0.388,0.39251
59.56,0.06537,-0.09434,-0.70005,0.25928,0,0.21382,-0.1347,0.11641,-0.40941,0.46636,-0.26197,-0.97866,0.26336,1.39737,4.06737,1.71054,-34.01082,-41.61805,1.90499,-0.30405,1.45245,-0.34842,1.49265,-0.87297,-0.33516,0.23824,2.36869,-0.26127,-0.8705,-8.51116,2.42245,-0.07379,2.08282,2.88087,0.2729,-0.8985,-5.43278,-0.0172,0.04554,0.04668
59.58,0.17182,-0.08197,-0.65292,0.53653,0,0.20036,-0.36993,-0.02481,-0.56317,0.50324,-0.17309,-0.95571,-0.08573,1.09549,3.73102,1.92443,-33.22926,-38.66636,2.6262,0.0114,1.96397,-1.4788,1.62098,-0.92962,-0.05431,0.19487,2.28829,-0.25625,-1.26774,-7.49763,2.42969,-0.0824,2.04721,3.19607,0.30975,-1.07909,-5.69148,-0.22827,-0.37704,-0.37636
59.6,0.27197,-0.072,-0.59565,0.77868,0,0.20353,-0.5893,-0.16842,-0.6469,0.51445,-0.11182,-0.9106,-0.41798,0.81344,3.37301,2.12338,-30.10491,-34.44328,3.17164,0.34696,2.41255,-2.52367,1.69415,-0.97701,0.25429,0.14508,2.13999,-0.26626,-1.6593,-6.367,2.32751,-0.04861,2.06288,3.47048,0.33541,-1.21237,-5.86828,-0.44492,-0.8734,-0.86979
59.62,0.36374,-0.06446,-0.52801,0.97407,0,0.21949,-0.78678,-0.30425,-0.65901,0.50541,-0.08326,-0.8497,-0.73307,0.5598,3.04111,2.33692,-25.14647,-29.45757,3.58426,0.67401,2.77635,-3.41185,1.71287,-1.01527,0.5717,0.09208,1.94914,-0.29248,-2.04181,-5.20061,2.14133,0.02503,2.13473,3.69638,0.3531,-1.28762,-5.95063,-0.65539,-1.42956,-1.42077
59.64,0.44505,-0.05906,-0.45045,1.11519,0,0.24303,-0.95656,-0.42274,-0.60426,0.48372,-0.08916,-0.77993,-1.0312,0.34048,2.77303,2.58582,-18.91827,-24.19711,3.90944,0.96004,3.03572,-4.07615,1.68156,-1.04206,0.87759,0.03889,1.73761,-0.33333,-2.40383,-4.06623,1.89661,0.13267,2.25569,3.86484,0.36754,-1.29884,-5.92299,-0.8472,-2.0234,-2.00947
59.66,0.51394,-0.05525,-0.364,1.19824,0,0.2686,-1.09331,-0.51617,-0.4925,0.45852,-0.12829,-0.70808,-1.31258,0.15934,2.59301,2.88014,-11.98916,-19.09308,4.18683,1.17187,3.17526,-4.46008,1.60719,-1.05305,1.15172,-0.01186,1.52305,-0.3851,-2.72512,-3.01628,1.61645,0.26513,2.4066,3.96504,0.38343,-1.24531,-5.76581,-1.00842,-2.62508,-2.6085
59.68,0.56867,-0.05233,-0.27014,1.22242,0,0.29152,-1.19258,-0.5797,-0.33706,0.43993,-0.19712,-0.64005,-1.57724,0.01885,2.50979,3.21877,-4.89672,-14.49877,4.444,1.27909,3.18599,-4.52456,1.49782,-1.04249,1.37544,-0.05802,1.31875,-0.44291,-2.97747,-2.08762,1.32019,0.40983,2.55733,3.98404,0.40391,-1.13171,-5.45542,-1.12917,-3.19832,-3.183
59.7,0.60789,-0.04951,-0.17064,1.18927,0,0.30886,-1.25124,-0.61213,-0.15311,0.43856,-0.29057,-0.58028,-1.8252,-0.07934,2.51582,3.58985,1.87339,-10.68109,4.69205,1.25726,3.06701,-4.25362,1.36132,-1.00385,1.53282,-0.09804,1.13388,-0.50171,-3.1273,-1.3026,1.02277,0.55117,2.66934,3.90714,0.42924,-0.96786,-4.96516,-1.20285,-3.70232,-3.69171
59.72,0.63076,-0.04595,-0.06748,1.10203,0,0.32008,-1.26785,-0.61609,0.04392,0.4653,-0.40268,-0.53121,-2.05683,-0.13401,2.58793,3.972,7.89527,-7.8216,4.9232,1.09003,2.82621,-3.65751,1.20444,-0.92999,1.61147,-0.13101,0.97393,-0.55724,-3.13947,-0.67095,0.73485,0.67145,2.69962,3.71896,0.45601,-0.76794,-4.26784,-1.22718,-4.0944,-4.08906
59.74,0.63698,-0.04085,0.03735,0.96524,0,0.32702,-1.24292,-0.59761,0.23964,0.53112,-0.52724,-0.49312,-2.27336,-0.14425,2.6893,4.33592,12.80207,-6.02388,5.11034,0.77017,2.47988,-2.7728,1.03251,-0.81323,1.60275,-0.15674,0.8414,-0.60676,-2.9821,-0.19206,0.46337,0.75249,2.60609,3.40507,0.47706,-0.54931,-3.33943,-1.20461,-4.33318,-4.32849
59.76,0.62681,-0.03345,0.14194,0.78442,0,0.33358,-1.1791,-0.56531,0.42165,0.647,-0.65816,-0.4641,-2.47726,-0.10958,2.77299,4.64658,16.28223,-5.32458,5.20899,0.29961,2.05116,-1.65958,0.84947,-0.64517,1.50167,-0.1758,0.73639,-0.64948,-2.63205,0.14256,0.2124,0.77791,2.35393,2.95418,0.48204,-0.33076,-2.16374,-1.14237,-4.38227,-4.36682
59.78,0.60109,-0.02308,0.24458,0.56612,0,0.34497,-1.0812,-0.52913,0.58034,0.82346,-0.78977,-0.4404,-2.67244,-0.03019,2.78697,4.86612,18.0785,-5.70553,5.16145,-0.31108,1.56811,-0.39657,0.65842,-0.41688,1.30684,-0.18945,0.65727,-0.68675,-2.08029,0.34702,-0.0159,0.73555,1.92205,2.36066,0.45863,-0.13065,-0.73749,-1.05187,-4.21432,-4.16927
59.8,0.5612,-0.00924,0.34385,0.31792,0,0.3668,-0.95606,-0.49897,0.70923,1.06961,-0.917,-0.41695,-2.86393,0.09273,2.68069,4.95726,17.99448,-7.10551,4.90358,-1.04328,1.06145,0.92504,0.46233,-0.11968,1.02056,-0.19952,0.60129,-0.72194,-1.3364,0.439,-0.22024,0.61981,1.30858,1.6269,0.39407,0.03502,0.925,-0.94789,-3.81481,-3.71438
59.82,0.50905,0.00841,0.4386,0.04865,0,0.40404,-0.81216,-0.48342,0.80512,1.39156,-1.03545,-0.38827,-3.05678,0.25677,2.41293,4.88727,15.91136,-9.43007,4.37388,-1.8708,0.56258,2.20852,0.26478,0.25308,0.6491,-0.20817,0.56497,-0.75989,-0.43114,0.43811,-0.39941,0.43317,0.53413,0.76508,0.27708,0.15444,2.78855,-0.84708,-3.18509,-2.99808
59.84,0.447,0.02989,0.52788,-0.23168,0,0.46004,-0.65891,-0.48845,0.86784,1.79007,-1.14138,-0.34944,-3.25419,0.45813,1.96024,4.63217,11.81419,-12.55855,3.52427,-2.76013,0.10167,3.35916,0.0705,0.7034,0.20336,-0.2174,0.54445,-0.80601,0.58362,0.36462,-0.55168,0.1868,-0.35784,-0.20217,0.09973,0.22141,4.79607,-0.7661,-2.34414,-2.03614
59.86,0.37772,0.05485,0.61088,-0.51186,0,0.53559,-0.50573,-0.51655,0.89991,2.25806,-1.23164,-0.29722,-3.45518,0.69156,1.32482,4.18062,5.82385,-16.34733,2.33151,-3.67081,-0.29411,4.29191,-0.11434,1.22553,-0.30048,-0.22862,0.53566,-0.86518,1.63774,0.23853,-0.67454,-0.10002,-1.30382,-1.24218,-0.14068,0.23649,6.86997,-0.71952,-1.32876,-0.86503
59.88,0.30415,0.0825,0.68684,-0.77986,0,0.62828,-0.36105,-0.56609,0.90589,2.77842,-1.30358,-0.23103,-3.65251,0.95018,0.54007,3.5371,-1.77337,-20.62835,0.80725,-4.55608,-0.60219,4.93847,-0.28223,1.80301,-0.84048,-0.24214,0.53446,-0.94054,2.64834,0.0789,-0.76486,-0.40139,-2.22585,-2.31375,-0.44019,0.20755,8.91587,-0.71763,-0.19243,0.45902
59.9,0.2293,0.11158,0.75499,-1.02317,0,0.73226,-0.23151,-0.63125,0.8918,3.32298,-1.35484,-0.15343,-3.83134,1.22513,-0.32861,2.72316,-10.50951,-25.20172,-0.99563,-5.3642,-0.80599,5.25292,-0.42479,2.40688,-1.3889,-0.25688,0.53674,-1.0325,3.52763,-0.09663,-0.81929,-0.68733,-3.03958,-3.36934,-0.78744,0.14954,10.82834,-0.76479,0.99762,1.86274
59.92,0.15618,0.1404,0.8145,-1.22945,0,0.83845,-0.12138,-0.70261,0.86438,3.85327,-1.38305,-0.07008,-3.96933,1.50491,-1.18959,1.77581,-19.74272,-29.82303,-2.98287,-6.0407,-0.89626,5.21487,-0.53364,2.99571,-1.91305,-0.27025,0.53858,-1.13802,4.19279,-0.27224,-0.83503,-0.92709,-3.66429,-4.35814,-1.16383,0.08328,12.49818,-0.85839,2.16519,3.26049
59.94,0.08765,0.16699,0.86444,-1.38725,0,0.93531,-0.03239,-0.7683,0.83024,4.3233,-1.3854,0.01114,-4.03811,1.77451,-1.9376,0.74284,-28.69554,-34.18816,-5.02576,-6.53157,-0.87207,4.82977,-0.60176,3.51793,-2.37713,-0.27844,0.53641,-1.25038,4.57712,-0.43426,-0.81086,-1.09318,-4.03418,-5.22981,-1.54492,0.03324,13.82115,-0.98876,3.23187,4.56119
59.96,0.02625,0.18925,0.90384,-1.48691,0,1.01014,0.03617,-0.8157,0.79502,4.68426,-1.35832,0.08147,-4.00636,2.01466,-2.47133,-0.32426,-36.52181,-37.92282,-6.97444,-6.78758,-0.74156,4.12679,-0.62488,3.91634,-2.74507,-0.27681,0.52726,-1.35947,4.64123,-0.57162,-0.74809,-1.16553,-4.10962,-5.93861,-1.90275,0.02439,14.70756,-1.1399,4.12515,5.67673
59.98,-0.02593,0.20521,0.93177,-1.52149,0,1.05055,0.08706,-0.83333,0.76261,4.89048,-1.29733,0.133,-3.84377,2.20149,-2.71194,-1.37794,-42.39393,-40.58608,-8.67478,-6.76918,-0.52216,3.15514,-0.60288,4.13406,-2.98402,-0.26058,0.50898,-1.45259,4.38204,-0.67624,-0.65147,-1.13517,-3.88624,-6.44778,-2.20881,0.07872,15.09196,-1.29104,4.78653,6.53081
60,-0.06739,0.21328,0.9474,-1.48749,0,1.04611,0.1245,-0.81257,0.73457,4.90561,-1.19746,0.16033,-3.52555,2.3072,-2.61772,-2.38085,-45.59776,-41.69699,-9.98572,-6.45121,-0.23999,1.97946,-0.54067,4.12106,-3.06786,-0.22549,0.48047,-1.51567,3.83691,-0.74327,-0.52944,-1.00634,-3.39907,-6.73302,-2.4372,0.21178,14.94107,-1.41875,5.1781,7.06656
60.02,-0.09726,0.21241,0.95021,-1.38526,0,0.98965,0.15351,-0.74903,0.70968,4.708,-1.05407,0.16173,-3.03645,2.30189,-2.19073,-3.30896,-45.62282,-40.78971,-10.79395,-5.82657,0.07188,0.67452,-0.44808,3.8402,-2.9802,-0.16839,0.44177,-1.53496,3.08035,-0.77129,-0.39372,-0.79631,-2.71964,-6.78457,-2.5673,0.42987,14.25802,-1.49955,5.28594,7.25159
60.04,-0.11536,0.20222,0.94002,-1.21892,0,0.87828,0.17912,-0.64311,0.68394,4.2946,-0.86433,0.13978,-2.37395,2.15669,-1.47398,-4.15117,-42.23792,-37.49516,-11.0245,-4.90812,0.37642,-0.68055,-0.33889,3.27215,-2.71658,-0.08766,0.39412,-1.49895,2.2128,-0.76207,-0.25795,-0.53265,-1.94514,-6.60734,-2.58598,0.72816,13.08193,-1.51266,5.11983,7.07957
60.06,-0.12212,0.18307,0.91708,-0.99588,0,0.71398,0.20561,-0.50003,0.65079,3.68329,-0.62869,0.10135,-1.55026,1.84794,-0.5405,-4.90577,-35.54544,-31.63776,-10.64688,-3.72884,0.63662,-2.0081,-0.22889,2.41896,-2.28552,0.01646,0.33979,-1.40028,1.34339,-0.72023,-0.13566,-0.24848,-1.18167,-6.21949,-2.48892,1.08996,11.48352,-1.44285,4.7098,6.56905
60.08,-0.11855,0.15604,0.88215,-0.72621,0,0.50367,0.23595,-0.32924,0.6018,2.912,-0.35128,0.05687,-0.59319,1.36191,0.52158,-5.57523,-26.00662,-23.32174,-9.67729,-2.34063,0.81984,-3.23743,-0.1336,1.30613,-1.70872,0.14177,0.28187,-1.23755,0.57066,-0.6527,-0.03808,0.02317,-0.52552,-5.65011,-2.28139,1.48736,9.55819,-1.28287,4.10082,5.76027
60.1,-0.10613,0.12285,0.83653,-0.42192,0,0.25891,0.27134,-0.14347,0.52775,2.03122,-0.03816,0.01917,0.45445,0.69903,1.62356,-6.16075,-14.42668,-12.94809,-8.17693,-0.81169,0.90167,-4.30894,-0.06606,-0.01721,-1.02006,0.28402,0.22398,-1.01634,-0.03386,-0.56807,0.02762,0.2544,-0.04681,-4.93646,-1.978,1.88321,7.41786,-1.03504,3.34698,4.71094
60.12,-0.08669,0.08573,0.78208,-0.09639,0,-0.00503,0.31117,0.04264,0.42018,1.09062,0.3046,0.00167,1.53726,-0.12307,2.68652,-6.65777,-1.88804,-1.11273,-6.24576,0.77763,0.86871,-5.17656,-0.03521,-1.48051,-0.26322,0.43701,0.17001,-0.74923,-0.43556,-0.47582,0.05937,0.42596,0.22054,-4.12101,-1.6015,2.23474,5.18211,-0.71149,2.50593,3.49124
60.14,-0.06228,0.0472,0.72105,0.23627,0,-0.27062,0.35322,0.21418,0.27316,0.12956,0.6706,0.01626,2.5915,-1.06852,3.646,-7.05326,10.37015,11.53215,-4.01205,2.34056,0.71981,-5.80844,-0.04491,-2.99666,0.51215,0.59275,0.12365,-0.45457,-0.63823,-0.38543,0.06013,0.52855,0.28099,-3.24811,-1.18039,2.49852,2.96879,-0.33288,1.63406,2.1783
60.16,-0.03499,0.00981,0.65599,0.56174,0,-0.51996,0.39419,0.35774,0.08516,-0.82194,1.05022,0.07112,3.55094,-2.08439,4.45165,-7.32524,21.1093,24.30748,-1.61875,3.79091,0.46592,-6.18614,-0.09384,-4.46914,1.25529,0.74191,0.08806,-0.15421,-0.67806,-0.30546,0.03683,0.56226,0.17222,-2.36085,-0.74576,2.63637,0.88478,0.07423,0.78266,0.85041
60.18,-0.00681,-0.0241,0.58948,0.866,0,-0.73681,0.43036,0.46307,-0.13949,-1.73521,1.42758,0.16877,4.35352,-3.10381,5.06404,-7.44458,29.25676,36.45114,0.79084,5.05043,0.12859,-6.30337,-0.176,-5.80046,1.91937,0.87429,0.06547,0.12933,-0.61267,-0.24268,-0.0011,0.53464,-0.04483,-1.49824,-0.32783,2.62121,-0.98201,0.4807,-0.00488,-0.41839
60.2,0.02051,-0.05267,0.52401,1.13579,0,-0.90824,0.45823,0.52431,-0.38991,-2.57579,1.77977,0.30504,4.94756,-4.05117,5.45123,-7.37877,34.04827,47.14357,3.08579,6.0552,-0.2623,-6.16444,-0.2818,-6.90064,2.4658,0.97961,0.05693,0.37552,-0.50841,-0.20139,-0.04354,0.45827,-0.29813,-0.69312,0.04704,2.44157,-2.56821,0.85821,-0.69469,-1.56292
60.22,0.04558,-0.07464,0.46184,1.35907,0,-1.02589,0.47506,0.54054,-0.64933,-3.30459,2.08025,0.46917,5.29679,-4.84889,5.58731,-7.09704,35.11784,55.65868,5.15678,6.76019,-0.67177,-5.78277,-0.3995,-7.69463,2.86694,1.04841,0.06213,0.56803,-0.42843,-0.18306,-0.08118,0.34829,-0.51631,0.02897,0.3586,2.10371,-3.83733,1.18216,-1.26309,-2.53036
60.24,0.0674,-0.08937,0.40484,1.52545,0,-1.08631,0.47914,0.51558,-0.897,-3.88754,2.30435,0.64533,5.38339,-5.42578,5.45377,-6.57629,32.51968,61.50515,6.92133,7.14147,-1.06345,-5.17956,-0.51691,-8.12802,3.10701,1.07301,0.07945,0.69612,-0.42333,-0.18624,-0.10669,0.22043,-0.63863,0.65021,0.59384,1.63075,-4.77873,1.43384,-1.69633,-3.2826
60.26,0.08539,-0.09687,0.35442,1.6267,0,-1.09087,0.46991,0.45711,-1.11127,-4.30455,2.43332,0.81525,5.2093,-5.72583,5.04347,-5.80702,26.68862,64.46304,8.32532,7.19632,-1.40362,-4.38261,-0.62327,-8.171,3.1813,1.04858,0.10611,0.75522,-0.52483,-0.20688,-0.11547,0.08951,-0.6223,1.16023,0.74722,1.05926,-5.40403,1.60182,-1.98983,-3.79756
60.28,0.09939,-0.09766,0.31146,1.65725,0,-1.04504,0.4479,0.37541,-1.27305,-4.55156,2.45617,0.96117,4.79602,-5.7165,4.36574,-4.79855,18.35946,64.5484,9.34156,6.94208,-1.66499,-3.42554,-0.71079,-7.82065,3.0946,0.97405,0.13848,0.74692,-0.74268,-0.2388,-0.10589,-0.03156,-0.44715,1.55549,0.82014,0.43425,-5.74205,1.68251,-2.14706,-4.06966
60.3,0.10962,-0.09269,0.27634,1.61467,0,-0.95756,0.41463,0.28191,-1.36882,-4.63828,2.37047,1.06871,4.18279,-5.39425,3.45034,-3.58213,8.46658,61.95901,9.96605,6.41391,-1.8297,-2.34719,-0.77573,-7.10104,2.8592,0.85259,0.17242,0.67832,-1.06451,-0.27447,-0.07926,-0.13237,-0.11721,1.83837,0.81988,-0.19626,-5.83335,1.68001,-2.17831,-4.10926
60.32,0.11661,-0.08316,0.24891,1.49993,0,-0.83928,0.37237,0.18791,-1.39245,-4.58477,2.18227,1.1287,3.42319,-4.78586,2.34813,-2.21057,-1.96048,57.02204,10.21218,5.66152,-1.8908,-1.19086,-0.8187,-6.06065,2.49291,0.69149,0.20372,0.56103,-1.45845,-0.30584,-0.03939,-0.20539,0.34078,2.01605,0.7582,-0.78625,-5.72497,1.6051,-2.09918,-3.94073
60.34,0.12111,-0.07043,0.22857,1.31738,0,-0.70205,0.32392,0.10334,-1.34564,-4.41778,1.90534,1.13783,2.57999,-3.94466,1.12738,-0.75394,-11.89619,50.15121,10.10372,4.74496,-1.85216,-0.00299,-0.84399,-4.76685,2.01733,0.50133,0.22855,0.40968,-1.87821,-0.32528,0.00807,-0.24618,0.88178,2.09934,0.64969,-1.29589,-5.46572,1.47345,-1.92904,-3.59928
60.36,0.12397,-0.05584,0.21435,1.07448,0,-0.55745,0.2723,0.03596,-1.23685,-4.16726,1.55954,1.09825,1.71885,-2.94266,-0.1337,0.70811,-20.40817,41.81601,9.66779,3.72975,-1.72698,1.16873,-0.85824,-3.29832,1.45643,0.29455,0.24392,0.24028,-2.27,-0.3265,0.05649,-0.25344,1.44918,2.10151,0.51005,-1.69467,-5.10243,1.30336,-1.68934,-3.12684
60.38,0.12605,-0.04062,0.20499,0.78136,0,-0.41585,0.22055,-0.00934,-1.07949,-3.8634,1.16894,1.01641,0.90198,-1.86069,-1.35636,2.09561,-26.73277,32.52111,8.92977,2.68213,-1.53535,2.27757,-0.86876,-1.73705,0.83571,0.08382,0.248,0.06853,-2.58008,-0.30541,0.09925,-0.22897,1.98261,2.03727,0.35452,-1.96338,-4.67719,1.11338,-1.40209,-2.5677
60.4,0.12813,-0.02583,0.19905,0.45038,0,-0.28558,0.17149,-0.03072,-0.88975,-3.53428,0.75969,0.90167,0.18264,-0.77864,-2.47027,3.33711,-30.33319,22.78966,7.91152,1.66482,-1.30148,3.28003,-0.88184,-0.16134,0.18167,-0.11939,0.2404,-0.09158,-2.76195,-0.2606,0.1305,-0.1774,2.42568,1.92186,0.19664,-2.095,-4.22578,0.92026,-1.08865,-1.96478
60.42,0.1308,-0.01225,0.195,0.09547,0,-0.17255,0.12751,-0.02932,-0.68454,-3.20428,0.35801,0.76479,-0.39856,0.23237,-3.42031,4.37648,-30.93647,13.14317,6.63355,0.73362,-1.05088,4.13785,-0.90152,1.35898,-0.47842,-0.30583,0.22217,-0.22889,-2.7821,-0.19356,0.14584,-0.10567,2.73245,1.77035,0.04744,-2.09418,-3.77674,0.73752,-0.76869,-1.3566
60.44,0.13448,-0.00044,0.19132,-0.2686,0,-0.08014,0.09049,-0.00875,-0.47965,-2.89296,-0.01184,0.61681,-0.81548,1.11523,-4.17017,5.17684,-28.54765,4.07287,5.12077,-0.06523,-0.80765,4.81973,-0.92875,2.76497,-1.11672,-0.46883,0.19557,-0.33559,-2.6237,-0.10829,0.14274,-0.02217,2.87224,1.5968,-0.0849,-1.97546,-3.35121,0.57467,-0.45935,-0.77531
60.46,0.13936,0.0093,0.18663,-0.62708,0,-0.00949,0.06163,0.0256,-0.2885,-2.61446,-0.32939,0.46801,-1.05651,1.82943,-4.70303,5.72188,-23.44287,-3.99574,3.41044,-0.69702,-0.59218,5.30286,-0.96126,4.00894,-1.70517,-0.60421,0.16368,-0.40751,-2.28828,-0.01068,0.12067,0.0643,2.83246,1.41362,-0.19504,-1.76066,-2.96305,0.43713,-0.17473,-0.24571
60.48,0.14541,0.01688,0.1797,-0.96606,0,0.04021,0.04143,0.06748,-0.1212,-2.37736,-0.57951,0.32728,-1.12343,2.35154,-5.02009,6.01501,-16.14321,-10.73855,1.55974,-1.13976,-0.41939,5.5742,-0.99393,5.05354,-2.21623,-0.70975,0.12994,-0.44393,-1.79552,0.09242,0.08106,0.14564,2.61949,1.2311,-0.28022,-1.47585,-2.61949,0.3266,0.0746,0.215
60.5,0.15246,0.02235,0.16962,-1.27313,0,0.07114,0.02965,0.11055,0.01572,-2.18502,-0.75328,0.20167,-1.02951,2.67422,-5.13768,6.07695,-7.36884,-15.95928,-0.34996,-1.38458,-0.29778,5.6313,-1.0195,5.87023,-2.6238,-0.78468,0.09762,-0.44723,-1.18123,0.19408,0.02708,0.21532,2.25765,1.05716,-0.33983,-1.14839,-2.32222,0.24181,0.28165,0.59672
60.52,0.16021,0.02589,0.15579,-1.53781,0,0.08644,0.0254,0.14908,0.11921,-2.0362,-0.84822,0.09612,-0.79725,2.80397,-5.08345,5.94186,2.02857,-19.59871,-2.21489,-1.43521,-0.22929,5.48221,-1.0297,6.4377,-2.9046,-0.82903,0.06948,-0.42226,-0.49358,0.28804,-0.03678,0.26899,1.78593,0.89741,-0.37492,-0.80454,-2.06864,0.17938,0.44286,0.89543
60.54,0.16828,0.02776,0.13794,-1.75166,0,0.08967,0.02721,0.1784,0.18912,-1.92588,-0.86768,0.0134,-0.45581,2.7584,-4.89214,5.65247,11.15442,-21.72411,-3.91788,-1.30647,-0.21017,5.14439,-1.01643,6.74076,-3.03977,-0.84325,0.04752,-0.37554,0.21242,0.36921,-0.10522,0.30458,1.25254,0.75546,-0.38779,-0.46746,-1.85328,0.13475,0.55765,1.11185
60.56,0.17628,0.02826,0.1162,-1.90825,0,0.08452,0.03323,0.19519,0.22743,-1.84623,-0.81959,-0.04599,-0.03853,2.56299,-4.60134,5.25466,19.1724,-22.50246,-5.34315,-1.02214,-0.23231,4.64286,-0.97308,6.76999,-3.01684,-0.82798,0.03285,-0.31435,0.8814,0.43397,-0.17275,0.32207,0.70828,0.63342,-0.38154,-0.15592,-1.66929,0.10302,0.62789,1.24993
60.58,0.18384,0.02767,0.09102,-2.00309,0,0.07446,0.0414,0.19752,0.2373,-1.78766,-0.71505,-0.08367,0.41943,2.24826,-4.24781,4.79251,25.40286,-22.16514,-6.39355,-0.61248,-0.2851,4.00801,-0.89562,6.52251,-2.8316,-0.78401,0.02576,-0.24592,1.46422,0.48027,-0.23433,0.32305,0.19958,0.53239,-0.35976,0.11641,-1.5098,0.07968,0.65718,1.31556
60.6,0.19068,0.02627,0.06317,-2.0336,0,0.06255,0.0497,0.18487,0.22239,-1.7399,-0.56685,-0.10323,0.88328,1.84712,-3.86464,4.30432,29.39966,-20.97207,-7.00571,-0.11175,-0.35704,3.27349,-0.78344,6.00345,-2.48971,-0.71248,0.0258,-0.17668,1.92333,0.50751,-0.28581,0.31016,-0.2371,0.45295,-0.3263,0.34113,-1.36896,0.06107,0.65034,1.31559
60.62,0.19662,0.02431,0.03366,-1.99912,0,0.05132,0.05623,0.15796,0.18629,-1.69289,-0.38823,-0.10981,1.32045,1.39271,-3.47934,3.82006,30.98902,-19.18116,-7.1591,0.44408,-0.43708,2.47421,-0.63952,5.22784,-2.00737,-0.61511,0.03198,-0.11184,2.23591,0.51628,-0.32429,0.28654,-0.57871,0.39546,-0.28503,0.51459,-1.24261,0.04468,0.61287,1.25716
60.64,0.20156,0.022,0.00371,-1.90093,0,0.0427,0.05946,0.1185,0.13236,-1.63756,-0.19203,-0.10954,1.70229,0.91662,-3.1127,3.36021,30.26441,-17.0259,-6.87729,1.01949,-0.51545,1.64442,-0.47006,4.22218,-1.41071,-0.49447,0.04297,-0.05518,2.39449,0.50802,-0.34813,0.25535,-0.81638,0.36003,-0.23969,0.63701,-1.12833,0.02913,0.55059,1.14759
60.66,0.20545,0.01949,-0.02537,-1.74238,0,0.03801,0.05827,0.06899,0.06373,-1.56639,0.00995,-0.10888,2.00553,0.44739,-2.77851,2.93592,27.54334,-14.70201,-6.22205,1.58138,-0.58397,0.81593,-0.28342,3.02557,-0.73418,-0.35424,0.0574,-0.00904,2.40537,0.48462,-0.35693,0.21947,-0.95378,0.34634,-0.1937,0.7113,-1.02511,0.01399,0.46937,0.99451
60.68,0.20825,0.01693,-0.05225,-1.529,0,0.03795,0.0521,0.01237,-0.01639,-1.47393,0.20717,-0.11383,2.21364,0.00936,-2.48386,2.55021,23.30094,-12.36238,-5.28284,2.10069,-0.63613,0.01669,-0.08898,1.68992,-0.01805,-0.19935,0.07399,0.02549,2.28566,0.44804,-0.35126,0.18123,-1.00408,0.35333,-0.15004,0.74186,-0.9327,-0.00059,0.37493,0.8062
60.7,0.20992,0.01441,-0.07572,-1.26861,0,0.04273,0.04098,-0.04819,-0.1045,-1.35713,0.39056,-0.12937,2.31766,-0.378,-2.2301,2.19986,18.09537,-10.1181,-4.16424,2.55368,-0.66691,-0.73012,0.10408,0.27897,0.69459,-0.03603,0.09166,0.04833,2.05975,0.40016,-0.33245,0.14241,-0.98625,0.37885,-0.11114,0.73361,-0.85095,-0.01413,0.27278,0.5919
60.72,0.21034,0.01199,-0.09471,-0.97124,0,0.05204,0.02556,-0.10954,-0.19658,-1.21558,0.55243,-0.15891,2.31648,-0.70038,-2.01411,1.87759,12.4966,-8.0434,-2.97361,2.92259,-0.6727,-1.4064,0.28772,-1.13474,1.36103,0.12838,0.10955,0.06013,1.75584,0.34278,-0.3024,0.1042,-0.92146,0.41951,-0.07883,0.69134,-0.77927,-0.02621,0.16807,0.36194
60.74,0.20932,0.00974,-0.10836,-0.64876,0,0.06519,0.0071,-0.16864,-0.28808,-1.0515,0.68648,-0.20402,2.21632,-0.94862,-1.82975,1.57426,7.02557,-6.18242,-1.80997,3.19583,-0.65111,-1.99897,0.45553,-2.47502,1.94232,0.28585,0.12681,0.06202,1.40276,0.27788,-0.26337,0.06742,-0.83005,0.47068,-0.05429,0.61951,-0.71622,-0.03654,0.06547,0.12741
60.76,0.2066,0.0077,-0.11606,-0.31417,0,0.08114,-0.01262,-0.22277,-0.37407,-0.86944,0.78783,-0.26436,2.02966,-1.11841,-1.66941,1.28074,2.10716,-4.55627,-0.75505,3.36765,-0.60106,-2.49911,0.603,-3.66882,2.40662,0.42829,0.14247,0.05536,1.0275,0.20788,-0.21793,0.03263,-0.72936,0.52667,-0.03807,0.52237,-0.65938,-0.04513,-0.03101,-0.10044
60.78,0.20182,0.0059,-0.11748,0.01913,0,0.09864,-0.03141,-0.26957,-0.44952,-0.67593,0.853,-0.33777,1.77371,-1.20987,-1.52537,0.98969,-1.96056,-3.16978,0.13286,3.43764,-0.5229,-2.90193,0.72741,-4.65359,2.73208,0.54827,0.15517,0.04165,0.65341,0.13595,-0.16879,0.00038,-0.63231,0.58113,-0.0301,0.40431,-0.60541,-0.05223,-0.11817,-0.31103
60.8,0.19458,0.00438,-0.11253,0.33813,0,0.11628,-0.04687,-0.30716,-0.50966,-0.47881,0.88009,-0.42039,1.46867,-1.22707,-1.39107,0.69675,-5.0193,-2.01725,0.82186,3.40997,-0.41857,-3.20561,0.82766,-5.38337,2.90875,0.63972,0.16315,0.02236,0.29918,0.06613,-0.11875,-0.02872,-0.5469,0.62755,-0.02979,0.27019,-0.55032,-0.05829,-0.19373,-0.4952
60.82,0.1845,0.00316,-0.10139,0.63084,0,0.13262,-0.05665,-0.33407,-0.55041,-0.28649,0.86878,-0.50697,1.13584,-1.1774,-1.2618,0.40134,-7.04474,-1.0866,1.30575,3.29229,-0.29179,-3.41069,0.90394,-5.83236,2.93905,0.69834,0.16439,-0.00113,-0.02142,0.00313,-0.07058,-0.05389,-0.47645,0.65976,-0.0361,0.12549,-0.48999,-0.06383,-0.25632,-0.64572
60.84,0.17133,0.00229,-0.08444,0.88684,0,0.14621,-0.05873,-0.34931,-0.5687,-0.10687,0.82034,-0.59119,0.79553,-1.07085,-1.13494,0.10671,-8.12371,-0.36184,1.59997,3.0944,-0.14818,-3.51927,0.95734,-5.99529,2.83648,0.72186,0.15689,-0.02753,-0.29914,-0.04833,-0.0268,-0.07429,-0.42047,0.67252,-0.04773,-0.02374,-0.42069,-0.06934,-0.30533,-0.75757
60.86,0.15493,0.00175,-0.06222,1.09766,0,0.15576,-0.05174,-0.35231,-0.56275,0.05366,0.73761,-0.66602,0.46511,-0.91913,-1.00979,-0.18054,-8.41944,0.1761,1.73512,2.82677,0.00488,-3.53434,0.98953,-5.88518,2.62305,0.71002,0.13923,-0.05568,-0.52851,-0.08432,0.01055,-0.08918,-0.37597,0.66203,-0.06325,-0.17134,-0.33968,-0.07519,-0.34071,-0.8279
60.88,0.13545,0.00156,-0.03537,1.25712,0,0.16022,-0.03528,-0.34288,-0.53226,0.1912,0.62492,-0.72423,0.15746,-0.73494,-0.88708,-0.45133,-8.13221,0.54954,1.74954,2.49945,0.15842,-3.45946,1.00242,-5.52947,2.32606,0.6644,0.11107,-0.08456,-0.7069,-0.10269,0.04012,-0.09808,-0.33888,0.62629,-0.08129,-0.31151,-0.24579,-0.08149,-0.36275,-0.8559
60.9,0.11332,0.00169,-0.00456,1.3615,0,0.15886,-0.01004,-0.32122,-0.47857,0.30477,0.48797,-0.75889,-0.11983,-0.5312,-0.76847,-0.69538,-7.46288,0.78456,1.68221,2.12146,0.3023,-3.29883,0.99786,-4.96569,1.97479,0.58824,0.07359,-0.11331,-0.8336,-0.1038,0.06142,-0.10099,-0.30543,0.56544,-0.10074,-0.43923,-0.13973,-0.08813,-0.37183,-0.84255
60.92,0.08928,0.00209,0.02949,1.40953,0,0.15139,0.02222,-0.28791,-0.40444,0.39612,0.33364,-0.76394,-0.36426,-0.32042,-0.65598,-0.90249,-6.58486,0.91118,1.56728,1.70096,0.42587,-3.05756,0.97739,-4.23714,1.59757,0.4861,0.02966,-0.14124,-0.90908,-0.09084,0.07489,-0.09842,-0.27304,0.48174,-0.12086,-0.55062,-0.02424,-0.09472,-0.36834,-0.79037
60.94,0.06433,0.00266,0.06611,1.40221,0,0.138,0.05881,-0.24393,-0.31383,0.46889,0.1697,-0.73476,-0.57708,-0.11409,-0.55162,-1.06406,-5.62702,0.96294,1.43058,1.24598,0.51882,-2.7421,0.94186,-3.38903,1.21941,0.3635,-0.0163,-0.16788,-0.93453,-0.06964,0.08175,-0.09142,-0.24087,0.37931,-0.14134,-0.6429,0.09624,-0.10072,-0.35263,-0.70316
60.96,0.03965,0.00332,0.10462,1.34246,0,0.11943,0.09655,-0.19063,-0.21137,0.52713,0.00439,-0.66867,-0.76131,0.07786,-0.457,-1.17453,-4.66754,0.97568,1.2882,0.76564,0.57217,-2.36081,0.89122,-2.46533,0.86034,0.22657,-0.05877,-0.19306,-0.91165,-0.04805,0.08384,-0.08142,-0.20973,0.26363,-0.16237,-0.71424,0.21609,-0.10549,-0.32505,-0.58571
60.98,0.01651,0.0039,0.14442,1.23479,0,0.09701,0.13215,-0.12982,-0.10189,0.5739,-0.15407,-0.56538,-0.91947,0.24756,-0.37308,-1.23276,-3.7362,0.98585,1.14664,0.27145,0.57935,-1.92457,0.82433,-1.50654,0.53444,0.08172,-0.09158,-0.21692,-0.84271,-0.0351,0.08332,-0.07004,-0.18182,0.14096,-0.18464,-0.76348,0.3292,-0.10845,-0.28611,-0.4437
61,-0.00387,0.00425,0.18489,1.08503,0,0.0726,0.16252,-0.06374,0.01003,0.60991,-0.29794,-0.42729,-1.05156,0.38947,-0.30001,-1.24314,-2.82221,1.02843,1.00404,-0.22162,0.53701,-1.44722,0.73906,-0.54845,0.24965,-0.06473,-0.10847,-0.24001,-0.73083,-0.04015,0.08241,-0.05896,-0.16021,0.01779,-0.20926,-0.78981,0.42959,-0.10917,-0.23662,-0.28354
61.02,-0.02028,0.00417,0.22546,0.89999,0,0.0486,0.18502,0.00485,0.1203,0.63302,-0.42036,-0.25938,-1.15384,0.50051,-0.23697,-1.21612,-1.88495,1.13474,0.85195,-0.69478,0.44556,-0.94572,0.63264,0.37822,0.00833,-0.20671,-0.10342,-0.26321,-0.58011,-0.07231,0.08319,-0.04968,-0.14819,-0.09952,-0.2377,-0.79253,0.51192,-0.10739,-0.17792,-0.1123
61.04,-0.03162,0.00343,0.26553,0.68721,0,0.02777,0.19736,0.0727,0.22544,0.63833,-0.51569,-0.06887,-1.21862,0.57995,-0.1821,-1.16816,-0.86567,1.3301,0.6773,-1.12602,0.30913,-0.43966,0.50218,1.24754,-0.19167,-0.33859,-0.0708,-0.28771,-0.3959,-0.14011,0.08742,-0.0435,-0.14871,-0.20502,-0.2716,-0.77082,0.5717,-0.10299,-0.11192,0.06243
61.06,-0.03687,0.00176,0.30448,0.45462,0,0.01313,0.19746,0.1361,0.32252,0.61919,-0.57986,0.13549,-1.235,0.62916,-0.13227,-1.12098,0.30089,1.6317,0.46452,-1.49168,0.13519,0.04967,0.34546,2.03769,-0.35547,-0.45539,-0.00538,-0.31486,-0.18477,-0.25134,0.09647,-0.04138,-0.16385,-0.29322,-0.31264,-0.72368,0.60532,-0.09593,-0.04119,0.23267
61.08,-0.03503,-0.00111,0.34167,0.21024,0,0.00769,0.18315,0.19098,0.40902,0.56857,-0.61057,0.34425,-1.19043,0.65124,-0.08301,-1.10043,1.67546,2.04658,0.19762,-1.76861,-0.06615,0.50074,0.16172,2.73011,-0.48954,-0.55281,0.09779,-0.34604,0.04551,-0.41309,0.11125,-0.0439,-0.19432,-0.35911,-0.36228,-0.64992,0.60999,-0.08614,0.03109,0.39031
61.1,-0.02511,-0.00549,0.37638,-0.03812,0,0.01423,0.15192,0.23306,0.48272,0.48084,-0.60753,0.54808,-1.07264,0.65065,-0.02829,-1.13489,3.30394,2.57019,-0.13757,-1.93678,-0.28293,0.89324,-0.04754,3.30865,-0.60021,-0.62736,0.24324,-0.38244,0.28608,-0.63148,0.1321,-0.05128,-0.23912,-0.39815,-0.42155,-0.54818,0.58356,-0.07346,0.10123,0.52732
61.12,-0.00612,-0.01166,0.40789,-0.28316,0,0.03504,0.10069,0.25807,0.54167,0.35328,-0.57243,0.73829,-0.87173,0.63268,0.03949,-1.25321,5.20819,3.18548,-0.55108,-1.98168,-0.50218,1.20964,-0.27809,3.75863,-0.69249,-0.67634,0.43501,-0.42488,0.52728,-0.91124,0.15871,-0.06327,-0.29528,-0.40628,-0.49085,-0.41709,0.52449,-0.05758,0.16527,0.63605
61.14,0.02288,-0.01988,0.4354,-0.51843,0,0.07164,0.02584,0.2621,0.58414,0.18747,-0.50889,0.90731,-0.58209,0.60299,0.12955,-1.48234,7.37804,3.86284,-1.04638,-1.89645,-0.71072,1.43667,-0.52277,4.06627,-0.76941,-0.69777,0.67608,-0.47359,0.75898,-1.25484,0.18995,-0.07912,-0.35781,-0.37998,-0.56964,-0.25522,0.4317,-0.03809,0.21928,0.7095
61.16,0.06279,-0.03031,0.45812,-0.73877,0,0.12451,-0.07673,0.24194,0.60886,-0.00988,-0.42215,1.0488,-0.20403,0.56704,0.25246,-1.84449,9.76486,4.5609,-1.6181,-1.68347,-0.89591,1.5666,-0.77166,4.2186,-0.83178,-0.69039,0.96784,-0.52803,0.9711,-1.66138,0.2237,-0.09751,-0.41979,-0.31647,-0.65633,-0.06124,0.30469,-0.01455,0.25977,0.74172
61.18,0.11431,-0.04298,0.47523,-0.94066,0,0.19284,-0.21119,0.19559,0.61513,-0.22649,-0.31878,1.15776,0.25481,0.52968,0.41963,-2.35406,12.27696,5.22824,-2.24983,-1.3555,-1.0463,1.59833,-1.01256,4.20432,-0.87846,-0.65365,1.30922,-0.58662,1.15421,-2.12534,0.25674,-0.1165,-0.47265,-0.21402,-0.74802,0.16597,0.14373,0.01333,0.28406,0.7283
61.2,0.17784,-0.05774,0.48595,-1.12246,0,0.27428,-0.38134,0.12266,0.60319,-0.44463,-0.20628,1.23046,0.77858,0.49466,0.64228,-3.01443,14.77736,5.80571,-2.91258,-0.93594,-1.15212,1.53794,-1.23164,4.01568,-0.90692,-0.58795,1.6959,-0.64665,1.30015,-2.63539,0.28476,-0.1336,-0.50663,-0.07232,-0.84043,0.42696,-0.04976,0.04557,0.29061,0.66685
61.22,0.25329,-0.07422,0.48957,-1.28443,0,0.36482,-0.58983,0.02483,0.57434,-0.64199,-0.09265,1.2644,1.34292,0.46442,0.92989,-3.81485,17.08474,6.22948,-3.56406,-0.45801,-1.20551,1.39866,-1.41423,3.65128,-0.91406,-0.4949,2.11945,-0.70413,1.40253,-3.17341,0.30261,-0.14581,-0.51151,0.10695,-0.92782,0.72114,-0.27265,0.08173,0.27923,0.55749
61.24,0.33993,-0.09179,0.48549,-1.42845,0,0.45866,-0.8374,-0.09387,0.53103,-0.79312,0.01411,1.25814,1.91543,0.43985,1.28816,-4.72768,18.97884,6.43463,-4.14929,0.03724,-1.20053,1.19984,-1.54571,3.11954,-0.8972,-0.37779,2.56667,-0.75371,1.45714,-3.71407,0.30466,-0.14991,-0.47748,0.31975,-1.00303,1.04608,-0.51954,0.12077,0.25101,0.40328
61.26,0.43617,-0.10955,0.47318,-1.55753,0,0.54829,-1.12199,-0.22686,0.47685,-0.87165,0.10656,1.21122,2.45697,0.42024,1.71649,-5.70645,20.21176,6.3595,-4.60304,0.50409,-1.13304,0.96531,-1.61249,2.44202,-0.85506,-0.24191,3.0192,-0.78878,1.46224,-4.22493,0.28547,-0.14273,-0.39623,0.55916,-1.05763,1.39667,-0.78216,0.16093,0.20814,0.21057
61.28,0.53943,-0.1263,0.45227,-1.67513,0,0.62474,-1.43792,-0.36509,0.4162,-0.85279,0.17839,1.12415,2.92368,0.40335,2.20552,-6.68512,20.5266,5.95081,-4.85443,0.89595,-1.00072,0.72136,-1.60317,1.65604,-0.78857,-0.09489,3.45347,-0.80161,1.41878,-4.66741,0.24055,-0.12156,-0.26198,0.81518,-1.08228,1.76426,-1.0489,0.1997,0.15369,-0.01087
61.3,0.64607,-0.14064,0.42252,-1.78442,0,0.67799,-1.7753,-0.49731,0.35394,-0.71592,0.22499,0.99861,3.26972,0.38555,2.73495,-7.57921,19.68378,5.16919,-4.83403,1.16935,-0.80312,0.49452,-1.50973,0.81512,-0.70139,0.05342,3.84118,-0.78379,1.3305,-4.99847,0.16719,-0.08451,-0.07261,1.07464,-1.06726,2.13599,-1.30468,0.23377,0.09131,-0.24787
61.32,0.75133,-0.15096,0.38388,-1.88746,0,0.69755,-2.11975,-0.61058,0.29465,-0.44699,0.24394,0.8377,3.4504,0.36223,3.27221,-8.28899,17.49442,3.99449,-4.48316,1.28765,-0.54206,0.30949,-1.32862,-0.01383,-0.59986,0.19149,4.15014,-0.7268,1.20381,-5.17312,0.0652,-0.03088,0.16965,1.32149,-1.00318,2.49439,-1.53124,0.25912,0.02495,-0.48421
61.34,0.84948,-0.15555,0.33646,-1.98431,0,0.67329,-2.45256,-0.69126,0.24179,-0.04042,0.23535,0.64617,3.42578,0.32818,3.77216,-8.70535,13.85836,2.43026,-3.76488,1.22425,-0.22214,0.18713,-1.06165,-0.75685,-0.49239,0.30724,4.34569,-0.62283,1.04745,-5.14758,-0.06244,0.03855,0.45777,1.53747,-0.88186,2.81741,-1.70795,0.27119,-0.04135,-0.70136
61.36,0.93402,-0.15274,0.28051,-2.07228,0,0.59651,-2.75131,-0.72612,0.19673,0.49956,0.20204,0.43075,3.16463,0.27826,4.17836,-8.71798,8.80237,0.50685,-2.67541,0.96528,0.14872,0.14279,-0.71663,-1.34241,-0.38826,0.38959,4.3928,-0.4657,0.87176,-4.88329,-0.20922,0.12138,0.78001,1.70331,-0.69738,3.07917,-1.81326,0.2652,-0.10366,-0.87982
61.38,0.99806,-0.14109,0.21646,-2.14551,0,0.46106,-2.99115,-0.70385,0.15799,1.15816,0.14949,0.2002,2.64856,0.20808,4.42596,-8.22559,2.51154,-1.71742,-1.2534,0.51145,0.55884,0.1848,-0.30761,-1.71206,-0.29623,0.43026,4.25874,-0.25205,0.68794,-4.35149,-0.36496,0.21353,1.12035,1.80021,-0.44713,3.25141,-1.82661,0.23653,-0.15836,-1.00069
61.4,1.03486,-0.11951,0.14487,-2.19484,0,0.26456,-3.14644,-0.6164,0.12085,1.91005,0.08546,-0.03473,1.87584,0.11475,4.44631,-7.14703,-4.6558,-4.15791,0.41549,-0.12101,0.99268,0.31354,0.14534,-1.83037,-0.22326,0.42533,3.9163,0.01759,0.50696,-3.53805,-0.51604,0.30931,1.4594,1.81173,-0.13291,3.3059,-1.73079,0.18132,-0.20237,-1.04767
61.42,1.03835,-0.08753,0.0665,-2.20841,0,0.00943,-3.1927,-0.46032,0.07768,2.72028,0.01925,-0.26181,0.86431,-0.00241,4.17332,-5.43199,-12.17882,-6.70897,2.2017,-0.90079,1.43134,0.52095,0.61715,-1.69191,-0.17337,0.37626,3.34718,0.3378,0.33852,-2.44783,-0.64606,0.40173,1.77568,1.72562,0.23829,3.21751,-1.51443,0.09717,-0.23337,-1.00923
61.44,1.00373,-0.04547,-0.01766,-2.17261,0,-0.29633,-3.1089,-0.23772,0.01898,3.54622,-0.03954,-0.46823,-0.34717,-0.1412,3.55115,-3.07015,-19.41489,-9.25309,3.94355,-1.78344,1.85371,0.79085,1.07948,-1.32435,-0.14708,0.29032,2.5451,0.69759,0.18975,-1.10792,-0.73697,0.48292,2.04734,1.53567,0.65383,2.96788,-1.17428,-0.01617,-0.25013,-0.88066
61.46,0.92811,0.00542,-0.10638,-2.07368,0,-0.63884,-2.87968,0.04323,-0.06493,4.34055,-0.08236,-0.64184,-1.69886,-0.29625,2.54282,-0.09825,-25.66663,-11.67288,5.46646,-2.71467,2.23824,1.09989,1.50316,-0.78725,-0.14117,0.18007,1.51859,1.08019,0.06413,0.43066,-0.77082,0.54485,2.25413,1.24331,1.09555,2.54932,-0.71733,-0.15608,-0.25268,-0.66591
61.48,0.81104,0.06284,-0.19818,-1.8996,0,-0.99855,-2.49767,0.36823,-0.18185,5.0548,-0.10317,-0.77252,-3.11214,-0.459,1.13871,3.39549,-30.26465,-13.86327,6.60598,-3.63462,2.56488,1.41915,1.86085,-0.16696,-0.14894,0.06231,0.29297,1.46353,-0.03951,2.0931,-0.73177,0.58009,2.37953,0.85865,1.54042,1.96819,-0.16211,-0.31655,-0.24254,-0.37869
61.5,0.65491,0.12351,-0.29129,-1.64225,0,-1.35119,-1.96526,0.71742,-0.3356,5.64307,-0.09944,-0.85345,-4.49321,-0.61831,-0.63655,7.27064,-32.65168,-15.74077,7.23031,-4.48245,2.81686,1.71645,2.12944,0.43189,-0.16076,-0.04369,-1.08887,1.82137,-0.12728,3.78355,-0.6085,0.58272,2.41252,0.40093,1.96183,1.24707,0.46102,-0.48809,-0.22265,-0.04252
61.52,0.46508,0.18332,-0.38375,-1.29923,0,-1.66954,-1.29547,1.06679,-0.52428,6.06549,-0.07254,-0.88192,-5.73892,-0.76169,-2.72036,11.33884,-32.45506,-17.24707,7.25826,-5.20087,2.9818,1.95909,2.29175,0.89817,-0.16499,-0.11843,-2.56756,2.12539,-0.2098,5.3908,-0.39648,0.54918,2.34872,-0.10231,2.33162,0.42457,1.11116,-0.65808,-0.19702,0.31105
61.54,0.24964,0.23766,-0.47342,-0.87537,0,-1.92597,-0.51165,1.39025,-0.73902,6.29091,-0.02746,-0.85953,-6.74474,-0.8773,-5.01264,15.3739,-29.53887,-18.34605,6.67014,-5.74037,3.05196,2.11716,2.33732,1.12829,-0.14918,-0.14481,-4.07065,2.3481,-0.30086,6.79747,-0.10014,0.47899,2.19073,-0.61731,2.62263,-0.44738,1.73998,-0.81177,-0.17014,0.64578
61.56,0.01878,0.28193,-0.55811,-0.38356,0,-2.09564,0.35397,1.66244,-0.96365,6.29922,0.02824,-0.79197,-7.41444,-0.95628,-7.38058,19.12774,-24.03212,-19.0162,5.5113,-6.06302,3.02389,2.16695,2.26258,1.04111,-0.10171,-0.11088,-5.51804,2.46629,-0.41531,7.89176,0.26573,0.3753,1.94764,-1.10726,2.81178,-1.30875,2.29628,-0.93383,-0.1461,0.92559
61.58,-0.21593,0.31204,-0.63577,0.15509,0,-2.15983,1.26246,1.86165,-1.17524,6.08302,0.08574,-0.68834,-7.67059,-0.99521,-9.66702,22.35022,-16.3314,-19.24159,3.8885,-6.14589,2.89784,2.09416,2.0708,0.59104,-0.01357,-0.01207,-6.82876,2.46458,-0.56651,8.58036,0.67539,0.24505,1.63409,-1.53604,2.88311,-2.09788,2.73143,-1.01018,-0.12777,1.11981
61.6,-0.44245,0.32497,-0.7046,0.71212,0,-2.10861,2.17085,1.97241,-1.34585,5.64869,0.13633,-0.56016,-7.46419,-0.99789,-11.70134,24.81051,-7.0745,-19.00487,1.95966,-5.98346,2.67719,1.89624,1.77205,-0.22369,0.11942,0.14745,-7.92791,2.33817,-0.76376,8.80019,1.09325,0.09868,1.26899,-1.87189,2.83021,-2.75819,3.0046,-1.02975,-0.11616,1.20772
61.62,-0.64909,0.31905,-0.76328,1.25357,0,-1.9424,3.03494,1.98712,-1.44547,5.01626,0.17257,-0.42022,-6.78184,-0.97616,-13.31211,26.31729,2.91902,-18.28437,-0.08324,-5.5886,2.36818,1.58313,1.38335,-1.36022,0.29451,0.35501,-8.75284,2.09405,-1.0099,8.52672,1.47677,-0.05068,0.87392,-2.0904,2.65737,-3.24399,3.08707,-0.98603,-0.11021,1.18154
61.64,-0.82529,0.29421,-0.811,1.74309,0,-1.6719,3.81215,1.90657,-1.44604,4.21782,0.1891,-0.28117,-5.6492,-0.94912,-14.34076,26.73597,12.73938,-17.05618,-2.03708,-4.99156,1.97972,1.17616,0.92899,-2.73856,0.49975,0.59133,-9.25798,1.75043,-1.2997,7.7776,1.78139,-0.18886,0.47138,-2.17645,2.37911,-3.52491,2.965,-0.87793,-0.10707,1.04722
61.66,-0.9623,0.25193,-0.84756,2.14589,0,-1.31665,4.46455,1.73941,-1.32617,3.2949,0.18302,-0.15415,-4.13066,-0.94129,-14.65579,26.00251,21.4998,-15.30109,-3.71391,-4.23732,1.52352,0.70532,0.44078,-4.25613,0.71228,0.83368,-9.41821,1.3345,-1.61894,6.61172,1.96681,-0.3025,0.08284,-2.12529,2.0184,-3.58864,2.64075,-0.71029,-0.10278,0.82323
61.68,-1.05379,0.19513,-0.87347,2.43297,0,-0.90277,4.96153,1.50077,-1.07569,2.29516,0.15414,-0.04745,-2.32535,-0.97961,-14.16619,24.13274,28.4516,-13.01495,-4.96611,-3.38164,1.01414,0.20554,-0.04216,-5.8057,0.8973,1.05974,-9.23096,0.87918,-1.94479,5.12446,2.00354,-0.38115,-0.27301,-1.9427,1.60401,-3.44215,2.13287,-0.49363,-0.09316,0.53787
61.7,-1.09625,0.12781,-0.88987,2.58468,0,-0.46013,5.28207,1.21047,-0.69897,1.26896,0.10492,0.0344,-0.35943,-1.09,-12.83204,21.22519,33.0778,-10.21985,-5.70523,-2.48617,0.46893,-0.28746,-0.47434,-7.29288,1.00838,1.25121,-8.71641,0.41962,-2.24742,3.43956,1.87804,-0.41881,-0.5817,-1.64427,1.16754,-3.11088,1.47474,-0.2435,-0.07478,0.22558
61.72,-1.08903,0.05476,-0.89851,2.59298,0,-0.01949,5.41587,0.89074,-0.21616,0.26598,0.0405,0.09109,1.62555,-1.29372,-10.66987,17.45419,35.14505,-6.97297,-5.91031,-1.61265,-0.0926,-0.74112,-0.80624,-8.6493,0.98957,1.3964,-7.91533,-0.01022,-2.49322,1.69788,1.59528,-0.41472,-0.83376,-1.25385,0.74048,-2.63594,0.71189,0.0208,-0.04563,-0.07718
61.74,-1.03416,-0.019,-0.90151,2.46186,0,0.39032,5.36333,0.56384,0.33833,-0.66816,-0.03154,0.1264,3.48801,-1.60373,-7.75151,13.0524,34.70594,-3.37094,-5.62384,-0.81636,-0.65001,-1.12952,-0.98812,-9.83969,0.77962,1.49139,-6.88425,-0.3805,-2.64924,0.04335,1.17807,-0.37312,-1.02493,-0.8011,0.35148,-2.06903,-0.10218,0.27816,-0.00558,-0.33629
61.76,-0.93589,-0.08873,-0.90116,2.20633,0,0.7449,5.13463,0.24956,0.91959,-1.49501,-0.10143,0.14753,5.10377,-2.02157,-4.19741,8.28505,32.05799,0.45121,-4.93764,-0.13935,-1.18362,-1.43623,-0.97491,-10.86226,0.31814,1.53983,-5.68873,-0.66785,-2.68857,-1.3926,0.66349,-0.30223,-1.15593,-0.31834,0.02405,-1.466,-0.91108,0.50792,0.04356,-0.52404
61.78,-0.80008,-0.15043,-0.8996,1.85028,0,1.02634,4.74828,-0.03677,1.47749,-2.18605,-0.15785,0.16392,6.38289,-2.53504,-0.16644,3.42132,27.6755,4.32594,-3.97301,0.39564,-1.67618,-1.65614,-0.73161,-11.74298,-0.44674,1.55145,-4.39631,-0.85704,-2.59541,-2.50578,0.09768,-0.21269,-1.23173,0.16258,-0.22525,-0.88003,-1.66087,0.6922,0.09824,-0.6225
61.8,-0.63371,-0.20124,-0.89861,1.42388,0,1.22448,4.22955,-0.28563,1.96248,-2.72453,-0.18881,0.18584,7.28207,-3.11704,4.15575,-1.29169,22.13164,8.06359,-2.86016,0.78934,-2.11404,-1.79596,-0.23795,-12.52433,-1.54996,1.53973,-3.07028,-0.94181,-2.36866,-3.23047,-0.46988,-0.11606,-1.26079,0.61307,-0.38778,-0.35583,-2.30481,0.81785,0.15355,-0.62566
61.82,-0.44435,-0.23961,-0.89942,0.96063,0,1.33714,3.60861,-0.49352,2.33091,-3.10619,-0.18316,0.22276,7.8096,-3.72618,8.56874,-5.64834,16.02349,11.46696,-1.72079,1.06712,-2.4872,-1.87315,0.50844,-13.24909,-3.00123,1.51877,-1.76537,-0.92461,-2.0228,-3.54491,-0.99148,-0.02347,-1.25398,1.0098,-0.4629,0.07418,-2.80669,0.87765,0.20384,-0.53975
61.84,-0.23977,-0.26519,-0.90258,0.49449,0,1.36928,2.91853,-0.66212,2.54949,-3.33856,-0.13239,0.28156,8.02163,-4.30918,12.86942,-9.4956,9.90786,14.34959,-0.6559,1.27684,-2.78835,-1.91305,1.49093,-13.94087,-4.77781,1.49983,-0.52538,-0.81549,-1.58565,-3.47006,-1.42532,0.05521,-1.2235,1.33579,-0.45711,0.39151,-3.1426,0.87057,0.24342,-0.38165
61.86,-0.02758,-0.27864,-0.90791,0.05702,0,1.33143,2.19313,-0.79664,2.59853,-3.43942,-0.03272,0.36505,8.01077,-4.80506,16.86366,-12.73673,4.2517,16.55606,0.26085,1.4836,-3.01109,-1.94477,2.67446,-14.58531,-6.81896,1.48806,0.61727,-0.63015,-1.09353,-3.06271,-1.73845,0.11188,-1.18173,1.58061,-0.38244,0.59105,-3.30133,0.8013,0.26727,-0.17587
61.88,0.18504,-0.28125,-0.91448,-0.325,0,1.23763,1.46509,-0.90377,2.47393,-3.4345,0.11316,0.47077,7.89011,-5.15045,20.37707,-15.32901,-0.60127,17.98125,0.98503,1.76232,-3.14828,-1.9965,4.00708,-15.11702,-9.02333,1.48015,1.64062,-0.38777,-0.58526,-2.40496,-1.90882,0.14041,-1.14009,1.74007,-0.25457,0.67914,-3.28367,0.67926,0.27181,0.04938
61.9,0.39143,-0.27463,-0.92079,-0.63128,0,1.10348,0.76443,-0.98973,2.18757,-3.35498,0.29508,0.59063,7.77556,-5.28556,23.26352,-17.27708,-4.44644,18.58413,1.49971,2.18911,-3.19095,-2.091,5.42167,-15.4179,-11.25017,1.46373,2.53133,-0.1089,-0.09642,-1.59224,-1.92655,0.13689,-1.10811,1.81547,-0.09082,0.67078,-3.101,0.51733,0.25538,0.26603
61.92,0.58558,-0.26043,-0.92485,-0.84895,0,0.94442,0.11736,-1.0589,1.76582,-3.2348,0.49575,0.71158,7.76899,-5.15981,25.40986,-18.62287,-7.21668,18.39206,1.81113,2.83221,-3.12851,-2.24196,6.83725,-15.3305,-13.32545,1.41917,3.28243,0.18626,0.34482,-0.72169,-1.79424,0.09983,-1.0926,1.81244,0.09147,0.58669,-2.7733,0.33062,0.21862,0.44934
61.94,0.7621,-0.24012,-0.92442,-0.97255,0,0.77443,-0.45446,-1.11307,1.24614,-3.10778,0.69244,0.81732,7.94378,-4.73678,26.73707,-19.43323,-8.96533,17.49391,1.94276,3.74314,-2.9503,-2.45151,8.1602,-14.68648,-15.05371,1.32368,3.89101,0.47912,0.71976,0.11814,-1.52674,0.03052,-1.09694,1.73967,0.27632,0.45037,-2.32663,0.1352,0.16434,0.58017
61.96,0.91626,-0.21494,-0.91721,-1.00344,0,0.60517,-0.93452,-1.15151,0.67229,-3.00489,0.86006,0.89088,8.33399,-3.99835,27.19901,-19.78711,-9.83792,16.02427,1.92866,4.94868,-2.64829,-2.70918,9.28612,-13.34539,-16.2351,1.15692,4.35643,0.75352,1.01931,0.85563,-1.14996,-0.06656,-1.1207,1.60756,0.45006,0.28554,-1.79039,-0.05302,0.09729,0.64621
61.98,1.04407,-0.18587,-0.90113,-0.94874,0,0.44553,-1.31181,-1.17147,0.08905,-2.9517,0.97471,0.91751,8.92819,-2.94789,26.78062,-19.76422,-10.03913,14.1432,1.80698,6.44438,-2.22046,-2.99223,10.1035,-11.23458,-16.68644,0.90698,4.67916,0.9962,1.24274,1.44185,-0.69922,-0.18361,-1.15962,1.42705,0.6019,0.11414,-1.19483,-0.21929,0.0236,0.64237
62,1.14233,-0.15374,-0.8745,-0.82024,0,0.30153,-1.58103,-1.16906,-0.46235,-2.96631,1.01705,0.88723,9.66893,-1.61222,25.49666,-19.43629,-9.80022,12.01617,1.61443,8.19044,-1.67397,-3.26745,10.50034,-8.37864,-16.26355,0.57478,4.86041,1.19703,1.39574,1.85326,-0.2167,-0.30975,-1.20608,1.20876,0.72431,-0.04518,-0.56905,-0.35083,-0.04981,0.57052
62.02,1.20876,-0.11929,-0.8362,-0.63326,0,0.17644,-1.74257,-1.14012,-0.94768,-3.05774,0.97489,0.79655,10.45817,-0.04163,23.39042,-18.86139,-9.35106,9.79726,1.382,10.11072,-1.02719,-3.49419,10.37407,-4.90823,-14.88199,0.17554,4.90245,1.34917,1.48834,2.09084,0.25203,-0.43197,-1.25007,0.9626,0.81303,-0.17778,0.06031,-0.4375,-0.11588,0.43875
62.04,1.24214,-0.08327,-0.78578,-0.40551,0,0.07107,-1.8022,-1.08093,-1.34139,-3.22495,0.84454,0.64889,11.16882,1.69237,20.53208,-18.08106,-8.89868,7.6172,1.13222,12.09553,-0.3101,-3.6286,9.64455,-1.04411,-12.53378,-0.26318,4.80936,1.44902,1.53305,2.17591,0.66238,-0.53678,-1.28074,0.69761,0.86692,-0.27335,0.66971,-0.4722,-0.16808,0.26005
62.06,1.24234,-0.04651,-0.7234,-0.1561,0,-0.01585,-1.7706,-0.98888,-1.62702,-3.45655,0.63087,0.45399,11.66078,3.50155,17.0171,-17.12039,-8.61261,5.57649,0.87787,14.00817,0.43702,-3.62868,8.26885,2.9395,-9.29851,-0.70644,4.58823,1.49621,1.54332,2.14346,0.9757,-0.61231,-1.28817,0.42211,0.8876,-0.32563,1.239,-0.45131,-0.20099,0.05082
62.08,1.21054,-0.00998,-0.64981,0.09563,0,-0.0872,-1.66277,-0.86284,-1.79667,-3.73137,0.34662,0.22639,11.79927,5.28714,12.96479,-15.9908,-8.6163,3.74318,0.62206,15.69477,1.1664,-3.45965,6.25521,6.76168,-5.34711,-1.11819,4.25043,1.4935,1.53236,2.03445,1.16397,-0.6505,-1.26516,0.14402,0.87904,-0.33217,1.75126,-0.37491,-0.21091,-0.17084
62.1,1.1492,0.02519,-0.56627,0.3312,0,-0.14701,-1.49713,-0.70356,-1.85002,-4.01999,0.01092,-0.01645,11.47206,6.94697,8.51684,-14.69473,-8.98331,2.15442,0.35943,16.99643,1.82665,-3.09873,3.67251,10.17877,-0.93569,-1.46717,3.81262,1.4466,1.51208,1.88867,1.21329,-0.64869,-1.2084,-0.12875,0.84696,-0.29395,2.19271,-0.24696,-0.19624,-0.38681
62.12,1.06208,0.05772,-0.47451,0.53433,0,-0.19987,-1.29442,-0.51384,-1.79329,-4.2874,-0.35262,-0.25628,10.6028,8.38311,3.83423,-13.23105,-9.73698,0.82069,0.07841,17.76248,2.36735,-2.53855,0.65147,13.01507,3.61335,-1.73083,3.29687,1.36363,1.49195,1.73921,1.12523,-0.61009,-1.11873,-0.38813,0.79825,-0.2152,2.55249,-0.07527,-0.1577,-0.58048
62.14,0.95392,0.08626,-0.37662,0.69238,0,-0.25042,-1.0761,-0.29859,-1.63836,-4.49643,-0.71812,-0.47619,9.15858,9.50963,-0.9085,-11.60015,-10.85267,-0.26828,-0.23567,17.86412,2.7442,-1.78866,-2.62412,15.17529,7.94357,-1.89659,2.72963,1.25433,1.47783,1.60915,0.91579,-0.54311,-1.00025,-0.62584,0.74008,-0.10331,2.82263,0.12875,-0.09835,-0.73819
62.16,0.8301,0.10945,-0.27491,0.7978,0,-0.30273,-0.86262,-0.06464,-1.40187,-4.61202,-1.05985,-0.66247,7.15225,10.26006,-5.5317,-9.80842,-12.2619,-1.13687,-0.5969,17.20783,2.92419,-0.8753,-5.93518,16.64025,11.70662,-1.96083,2.13977,1.12893,1.47069,1.5103,0.61228,-0.45938,-0.85852,-0.83364,0.67911,0.03121,2.99819,0.35064,-0.02336,-0.85039
62.18,0.69618,0.12606,-0.17179,0.84933,0,-0.35987,-0.67158,0.1795,-1.10465,-4.60549,-1.35461,-0.8061,4.64073,10.59397,-9.8603,-7.87217,-13.85806,-1.81688,-1.01488,15.74769,2.89016,0.16023,-9.05043,17.45141,14.60697,-1.92633,1.5562,0.9971,1.46548,1.44383,0.24899,-0.37137,-0.6984,-1.00377,0.62068,0.1749,3.07757,0.57363,0.06039,-0.91248
62.2,0.55755,0.13511,-0.06968,0.85244,0,-0.42352,-0.51643,0.42411,-0.7708,-4.45819,-1.58366,-0.90354,1.72053,10.50123,-13.73329,-5.82045,-15.50334,-2.34139,-1.49086,13.49456,2.6439,1.26429,-11.75062,17.69072,16.43996,-1.7996,1.00565,0.86694,1.45064,1.40193,-0.13728,-0.28982,-0.52199,-1.12949,0.56835,0.31206,3.06278,0.77964,0.1448,-0.92519
62.22,0.41911,0.13597,0.02909,0.81872,0,-0.49383,-0.40567,0.65876,-0.42651,-4.16354,-1.73412,-0.95656,-1.47923,10.00259,-17.01147,-3.69627,-17.03691,-2.73962,-2.01452,10.5197,2.20667,2.37435,-13.85001,17.46059,17.11536,-1.58863,0.51108,0.74435,1.40821,1.37013,-0.51122,-0.22168,-0.32718,-1.20556,0.52366,0.42596,2.95949,0.95053,0.22131,-0.89419
62.24,0.2851,0.12839,0.12239,0.76415,0,-0.56945,-0.3427,0.87309,-0.09826,-3.7272,-1.79964,-0.97116,-4.80599,9.14603,-19.58342,-1.55543,-18.28463,-3.03302,-2.56177,6.95138,1.61705,3.42348,-15.21318,16.86726,16.66258,-1.30176,0.09065,0.6327,1.31487,1.3299,-0.84203,-0.16867,-0.10716,-1.22873,0.48632,0.5008,2.77664,1.06949,0.2816,-0.82907
62.26,0.15898,0.11257,0.20839,0.70633,0,-0.64781,-0.32637,1.05759,0.18941,-3.16547,-1.78041,-0.95581,-8.09479,7.99973,-21.37001,0.53678,-19.07091,-3.2331,-3.09409,2.96516,0.92625,4.34527,-15.76634,16.0091,15.21909,-0.94765,-0.24263,0.5328,1.14374,1.26115,-1.10552,-0.12674,0.14933,-1.19797,0.45461,0.52403,2.52569,1.12273,0.31849,-0.74167
62.28,0.0434,0.08917,0.28566,0.66155,0,-0.72541,-0.35187,1.20449,0.41614,-2.50277,-1.68271,-0.91938,-11.18,6.6436,-22.32812,2.51037,-19.2333,-3.34096,-3.56004,-1.22983,0.19231,5.07902,-15.50339,14.97006,13.00715,-0.53614,-0.48074,0.44314,0.86689,1.14463,-1.28518,-0.08615,0.45685,-1.11479,0.42601,0.48874,2.21981,1.10104,0.32678,-0.64427
62.3,-0.05971,0.05927,0.35328,0.64214,0,-0.79829,-0.41191,1.30841,0.56777,-1.7687,-1.51802,-0.86938,-13.90669,5.16112,-22.4531,4.29632,-18.63924,-3.34908,-3.89936,-5.4068,-0.52602,5.57449,-14.48543,13.81739,10.30384,-0.07953,-0.62029,0.36031,0.45811,0.96392,-1.37252,-0.03231,0.83155,-0.98332,0.39777,0.39526,1.8731,1.00123,0.30397,-0.54779
62.32,-0.1491,0.02436,0.4108,0.65469,0,-0.86238,-0.49797,1.36673,0.63737,-0.99508,-1.3018,-0.81074,-16.14044,3.63243,-21.779,5.83223,-17.20372,-3.24493,-4.04999,-9.33772,-1.17452,5.79539,-12.83289,12.60219,7.40793,0.40627,-0.66189,0.27954,-0.10416,0.70696,-1.36663,0.05287,1.28901,-0.81017,0.36733,0.25168,1.49989,0.82697,0.2507,-0.46044
62.34,-0.22398,-0.01377,0.45829,0.69951,0,-0.91374,-0.60142,1.37949,0.62547,-0.21326,-1.05174,-0.74541,-17.77546,2.12922,-20.37594,7.06804,-14.90605,-3.01639,-3.95762,-12.80997,-1.70773,5.72159,-10.70995,11.36124,4.60647,0.90089,-0.60958,0.19517,-0.83396,0.36699,-1.27316,0.18891,1.84164,-0.60405,0.33254,0.07281,1.11404,0.58901,0.17091,-0.38682
62.36,-0.28399,-0.05311,0.49625,0.77113,0,-0.94885,-0.71458,1.34905,0.53943,0.54832,-0.78593,-0.67263,-18.74133,0.71137,-18.34543,7.97126,-11.80374,-2.65791,-3.58639,-15.64264,-2.09181,5.34997,-8.30356,10.11954,2.14392,1.37941,-0.47026,0.10134,-1.73511,-0.05704,-1.10284,0.39419,2.4959,-0.37516,0.29167,-0.12195,0.7284,0.30463,0.07163,-0.32763
62.38,-0.32903,-0.09156,0.52555,0.8597,0,-0.96477,-0.83147,1.27953,0.39212,1.266,-0.52093,-0.58987,-19.00863,-0.57471,-15.81474,8.53118,-8.04038,-2.17621,-2.92856,-17.70137,-2.30625,4.69443,-5.80113,8.89304,0.1974,1.81274,-0.25339,-0.00745,-2.79855,-0.56019,-0.87,0.68295,3.24929,-0.13447,0.2433,-0.31154,0.35441,-0.00355,-0.03757,-0.2798
62.4,-0.35934,-0.12707,0.54728,0.95284,0,-0.95929,-0.94823,1.17626,0.20043,1.92205,-0.27034,-0.49409,-18.59267,-1.69632,-12.93069,8.76118,-3.84345,-1.59372,-2.01016,-18.9098,-2.34437,3.78497,-3.37083,7.6912,-1.13818,2.16854,0.02919,-0.13563,-3.9998,-1.13158,-0.59116,1.06194,4.08732,0.10688,0.18618,-0.47604,0.0019,-0.30923,-0.14535,-0.23713
62.42,-0.37547,-0.15781,0.56269,1.03768,0,-0.93104,-1.06313,1.04521,-0.01644,2.50501,-0.04377,-0.38309,-17.5542,-2.6336,-9.85247,8.69774,0.49242,-0.94847,-0.89011,-19.25544,-2.2125,2.66571,-1.14751,6.51861,-1.85217,2.41265,0.36317,-0.28583,-5.29683,-1.7544,-0.28399,1.52709,4.98068,0.33818,0.11915,-0.59909,-0.32077,-0.58474,-0.23961,-0.19133
62.44,-0.37842,-0.18226,0.57297,1.10278,0,-0.87953,-1.17608,0.89249,-0.23866,3.00923,0.15349,-0.25676,-15.996,-3.37785,-6.74284,8.39607,4.6375,-0.28967,0.34796,-18.78909,-1.92793,1.39164,0.77472,5.37539,-2.00716,2.51114,0.73171,-0.45817,-6.62882,-2.40613,0.03366,2.0605,5.88313,0.54958,0.04113,-0.66934,-0.60654,-0.8038,-0.30884,-0.13334
62.46,-0.36977,-0.19935,0.57911,1.1398,0,-0.80515,-1.28789,0.72394,-0.44739,3.43396,0.32024,-0.118,-14.05614,-3.92956,-3.75824,7.92281,8.2705,0.32999,1.6097,-17.61868,-1.51605,0.02466,2.34344,4.25687,-1.71798,2.43302,1.11543,-0.64971,-7.91655,-3.05915,0.34433,2.62862,6.7309,0.7324,-0.04874,-0.68118,-0.84932,-0.94448,-0.34349,-0.05486
62.48,-0.35175,-0.20856,0.58179,1.14475,0,-0.70914,-1.39936,0.54493,-0.62617,3.7822,0.45866,0.02663,-11.89886,-4.29638,-1.03892,7.34745,11.12465,0.86354,2.80631,-15.89931,-1.00727,-1.37075,3.54388,3.15345,-1.1258,2.15403,1.49266,-0.85409,-9.06527,-3.68163,0.63163,3.18229,7.44464,0.87949,-0.15097,-0.63468,-1.04389,-0.99213,-0.33729,0.05012
62.5,-0.32736,-0.20993,0.58134,1.11853,0,-0.59364,-1.51063,0.36034,-0.76204,4.05963,0.57321,0.16705,-9.70375,-4.49119,1.29942,6.73383,13.02577,1.27808,3.86866,-13.82055,-0.4341,-2.73128,4.39122,2.05158,-0.3735,1.66126,1.84011,-1.06173,-9.97079,-4.23913,0.88075,3.65976,7.93485,0.98546,-0.26548,-0.53494,-1.18582,-0.9415,-0.2883,0.18401
62.52,-0.30019,-0.20405,0.57773,1.06671,0,-0.46157,-1.62065,0.17465,-0.84621,4.2736,0.66917,0.29027,-7.65311,-4.53021,3.17176,6.13268,13.91299,1.5603,4.75591,-11.5912,0.17104,-3.99755,4.92052,0.93647,0.41337,0.95839,2.13399,-1.26045,-10.52907,-4.69657,1.0791,3.99318,8.11122,1.04691,-0.3914,-0.39107,-1.27185,-0.79778,-0.19937,0.34478
62.54,-0.27421,-0.19194,0.57075,0.9983,0,-0.31658,-1.72704,-0.00769,-0.87426,4.43226,0.75105,0.38192,-5.91748,-4.43106,4.52724,5.57582,13.83832,1.71825,5.45697,-9.42153,0.77756,-5.11599,5.1755,-0.20351,1.13771,0.0708,2.35171,-1.43685,-10.64893,-5.02086,1.21704,4.11852,7.89538,1.06256,-0.52695,-0.21469,-1.3003,-0.57616,-0.07796,0.52566
62.56,-0.25331,-0.1748,0.56013,0.92392,0,-0.16285,-1.82625,-0.18204,-0.84594,4.54388,0.82101,0.4282,-4.64027,-4.21116,5.35023,5.07256,12.94734,1.77956,5.9856,-7.50456,1.35772,-6.03982,5.19789,-1.37158,1.73435,-0.95059,2.47404,-1.57803,-10.26634,-5.18395,1.28865,3.98747,7.23565,1.03338,-0.6693,-0.01833,-1.27198,-0.30016,0.0646,0.71542
62.58,-0.24089,-0.15383,0.54575,0.8537,0,-0.0048,-1.91401,-0.34334,-0.76462,4.61647,0.87765,0.41806,-3.92362,-3.8865,5.6593,4.60876,11.44805,1.7872,6.3713,-5.99857,1.88726,-6.72958,5.01901,-2.5575,2.16803,-2.02828,2.48733,-1.67348,-9.35769,-5.16596,1.29244,3.57868,6.12054,0.96262,-0.81471,0.18602,-1.19098,0.00089,0.21433,0.89918
62.6,-0.23948,-0.13002,0.52787,0.79534,0,0.15311,-1.98579,-0.48611,-0.63659,4.65741,0.91545,0.34509,-3.81758,-3.4711,5.50375,4.14899,9.57528,1.79388,6.64888,-5.01341,2.34569,-7.15316,4.65532,-3.73422,2.4284,-3.06189,2.38536,-1.71662,-7.94812,-4.9578,1.23173,2.9053,4.58731,0.85573,-0.95863,0.38806,-1.06556,0.29492,0.35591,1.05962
62.62,-0.25046,-0.10405,0.50718,0.75276,0,0.30681,-2.03718,-0.60473,-0.46992,4.67307,0.92509,0.20871,-4.31485,-2.97707,4.95747,3.64198,7.55664,1.85607,6.84864,-4.60261,2.71624,-7.28541,4.10896,-4.85771,2.52397,-3.938,2.1703,-1.70571,-6.1116,-4.56263,1.11442,2.01581,2.72186,0.7201,-1.09603,0.57961,-0.90856,0.55012,0.47413,1.17861
62.64,-0.27401,-0.07618,0.48484,0.72546,0,0.45287,-2.06409,-0.69406,-0.27332,4.66805,0.89475,0.01447,-5.35178,-2.41509,4.11032,3.02902,5.58382,2.02804,6.98882,-4.76183,2.98581,-7.10736,3.37321,-5.87039,2.4766,-4.54612,1.85254,-1.6437,-3.96132,-3.9956,0.95202,0.9871,0.64863,0.56445,-1.22173,0.75454,-0.73737,0.73797,0.55523,1.23899
62.66,-0.30919,-0.0463,0.46234,0.70865,0,0.58894,-2.06279,-0.75027,-0.05487,4.64449,0.8122,-0.2265,-6.81521,-1.79526,3.0578,2.2546,3.79137,2.35644,7.0711,-5.43316,3.14495,-6.60574,2.44182,-6.70796,2.31701,-4.79852,1.44944,-1.53743,-1.63236,-3.28231,0.75822,-0.08855,-1.48753,0.39807,-1.33095,0.90797,-0.57332,0.836,0.5881,1.2265
62.68,-0.3542,-0.01401,0.44135,0.69399,0,0.71394,-2.02993,-0.77178,0.17897,4.6015,0.66723,-0.49869,-8.5537,-1.12824,1.89109,1.27778,2.24442,2.87535,7.07977,-6.51384,3.18814,-5.7734,1.31994,-7.30822,2.08141,-4.64981,0.98344,-1.39637,0.7386,-2.45636,0.54716,-1.11943,-3.54322,0.22996,-1.41979,1.03528,-0.44063,0.83001,0.56533,1.13152
62.7,-0.40661,0.02127,0.42352,0.67089,0,0.82821,-1.96262,-0.7599,0.42376,4.53509,0.45412,-0.78375,-10.39157,-0.42635,0.689,0.08255,0.93638,3.60202,6.98454,-7.86787,3.11431,-4.61099,0.03368,-7.61998,1.80877,-4.11059,0.47995,-1.23124,3.03162,-1.55659,0.33179,-2.02888,-5.39637,0.06805,-1.48567,1.13092,-0.36495,0.7157,0.48391,0.95035
62.72,-0.46369,0.06013,0.41029,0.6281,0,0.93323,-1.85851,-0.71913,0.67667,4.43863,0.17339,-1.06224,-12.14418,0.29549,-0.48677,-1.3147,-0.20257,4.53339,6.74679,-9.33924,2.92759,-3.1299,-1.3641,-7.61031,1.53828,-3.25072,-0.03492,-1.05289,5.15537,-0.62416,0.12271,-2.76522,-6.96009,-0.08142,-1.52756,1.18731,-0.37155,0.49915,0.34546,0.68558
62.74,-0.52272,0.10296,0.40274,0.55545,0,1.03113,-1.71599,-0.65681,0.93543,4.30366,-0.1672,-1.31531,-13.63366,1.01936,-1.59272,-2.86186,-1.28714,5.64359,6.32836,-10.76591,2.63787,-1.35591,-2.79347,-7.26905,1.30655,-2.1902,-0.53645,-0.87136,7.05128,0.30032,-0.07261,-3.30531,-8.18819,-0.2143,-1.54594,1.19414,-0.48315,0.19633,0.15603,0.34563
62.76,-0.58116,0.14981,0.40141,0.44554,0,1.12391,-1.5343,-0.58232,1.19664,4.12113,-0.55263,-1.52643,-14.7041,1.72447,-2.60145,-4.47237,-2.45103,6.88266,5.70178,-11.99377,2.26115,0.66699,-4.15272,-6.61041,1.14456,-1.07952,-1.00327,-0.6953,8.6904,1.17959,-0.25,-3.6524,-9.07312,-0.32879,-1.54252,1.13819,-0.71751,-0.1684,-0.07456,-0.05657
62.78,-0.63696,0.20025,0.40624,0.29517,0,1.21272,-1.31383,-0.50595,1.45419,3.88283,-0.9614,-1.68263,-15.23494,2.38762,-3.49763,-6.03113,-3.81781,8.17691,4.8597,-12.8893,1.81933,2.8736,-5.32809,-5.67224,1.07459,-0.07431,-1.41884,-0.5317,10.06596,1.98201,-0.40837,-3.83,-9.63861,-0.42558,-1.51993,1.0041,-1.08494,-0.56435,-0.33353,-0.5051
62.8,-0.68857,0.25323,0.41657,0.10612,0,1.29722,-1.05626,-0.43773,1.6981,3.58264,-1.36693,-1.77544,-15.15064,2.98396,-4.27306,-7.40463,-5.47304,9.43123,3.82123,-13.34941,1.33909,5.17653,-6.20643,-4.51301,1.1076,0.68974,-1.77237,-0.38584,11.18423,2.68315,-0.54912,-3.87397,-9.92952,-0.50793,-1.4813,0.7762,-1.58595,-0.95678,-0.60601,-0.98243
62.82,-0.73509,0.3071,0.43121,-0.11501,0,1.37524,-0.76467,-0.38635,1.91428,3.21722,-1.73962,-1.80093,-14.42427,3.4878,-4.92197,-8.45507,-7.44186,10.53375,2.63277,-13.30672,0.84941,7.46846,-6.68929,-3.20655,1.24155,1.11699,-2.05882,-0.26145,12.05608,3.26621,-0.67528,-3.82453,-10.00079,-0.58164,-1.42988,0.44161,-2.20937,-1.30913,-0.87584,-1.47021
62.84,-0.77613,0.35963,0.44866,-0.35781,0,1.44284,-0.44336,-0.35826,2.08545,2.78591,-2.04931,-1.75907,-13.07454,3.87348,-5.43723,-9.05759,-9.67503,11.3631,1.36248,-12.72978,0.37777,9.62825,-6.70679,-1.83458,1.46079,1.16414,-2.27806,-0.16096,12.69072,3.72145,-0.79034,-3.71932,-9.90692,-0.655,-1.36871,-0.00579,-2.9312,-1.58534,-1.12625,-1.94945
62.86,-0.81164,0.40817,0.46725,-0.60992,0,1.49464,-0.09758,-0.35709,2.19304,2.29009,-2.26824,-1.65261,-11.15762,4.11659,-5.808,-9.11895,-12.04492,11.79833,0.08976,-11.61945,-0.05431,11.53062,-6.23019,-0.47808,1.73687,0.84404,-2.4334,-0.08571,13.09218,4.0449,-0.89717,-3.58829,-9.69313,-0.73855,-1.30026,-0.56105,-3.71438,-1.7521,-1.34055,-2.40034
62.88,-0.8418,0.44983,0.4855,-0.85905,0,1.52452,0.26684,-0.38329,2.21974,1.73243,-2.3741,-1.48587,-8.75648,4.19545,-6.01907,-8.59444,-14.35226,11.73113,-1.10757,-10.00343,-0.4354,13.05775,-5.28078,0.79102,2.03062,0.22194,-2.53002,-0.03626,13.25873,4.2368,-0.99696,-3.45046,-9.38924,-0.84458,-1.22634,-1.20455,-4.50957,-1.78137,-1.50288,-2.80188
62.9,-0.86682,0.48175,0.50223,-1.09471,0,1.52642,0.64367,-0.43416,2.15209,1.11651,-2.35285,-1.26393,-5.97038,4.09313,-6.0519,-7.49924,-16.34401,11.07893,-2.16485,-7.93065,-0.76639,14.11051,-3.93285,1.91609,2.29576,-0.59462,-2.57335,-0.01261,13.18402,4.30022,-1.08853,-3.31287,-9.00676,-0.98628,-1.14811,-1.90042,-5.25721,-1.65305,-1.59904,-3.13186
62.92,-0.8868,0.50135,0.5168,-1.3092,0,1.4952,1.02632,-0.50416,1.98263,0.44708,-2.20087,-0.99241,-2.90598,3.79962,-5.88692,-5.91044,-17.74214,9.79758,-3.03821,-5.4664,-1.05982,14.61733,-2.30813,2.85872,2.48382,-1.47151,-2.568,-0.01442,12.85931,4.23985,-1.16801,-3.17139,-8.53931,-1.17642,-1.06625,-2.59799,-5.89086,-1.35781,-1.61749,-3.36732
62.94,-0.90161,0.5065,0.52904,-1.49761,0,1.42739,1.4076,-0.58567,1.71114,-0.26918,-1.92619,-0.67794,0.32945,3.314,-5.50695,-3.95815,-18.28163,7.89177,-3.70708,-2.68827,-1.33609,14.53924,-0.56123,3.59805,2.55018,-2.26777,-2.51701,-0.04121,12.27555,4.06127,-1.22912,-3.01315,-7.96616,-1.42548,-0.98139,-3.23668,-6.34179,-0.89973,-1.55043,-3.48574
62.96,-0.91082,0.49578,0.53924,-1.65709,0,1.32173,1.77948,-0.6699,1.34512,-1.02235,-1.54817,-0.32904,3.63269,2.64649,-4.90119,-1.80774,-17.75338,5.42228,-4.17201,0.31698,-1.61725,13.87175,1.14187,4.1273,2.46061,-2.85705,-2.42168,-0.09241,11.42588,3.77066,-1.26378,-2.82024,-7.25825,-1.73956,-0.89444,-3.75374,-6.54481,-0.29834,-1.39488,-3.4669
62.98,-0.91365,0.46865,0.54801,-1.78572,0,1.17975,2.13286,-0.74801,0.89943,-1.79815,-1.09398,0.04286,6.90731,1.8199,-4.06924,0.36256,-16.04475,2.50844,-4.44956,3.4558,-1.92012,12.64411,2.64758,4.44909,2.1971,-3.14725,-2.28186,-0.16741,10.30851,3.37495,-1.26328,-2.57402,-6.38608,-2.11834,-0.80712,-4.09324,-6.44474,0.41033,-1.15362,-3.29532
63,-0.9091,0.42552,0.55614,-1.88156,0,1.00595,2.45747,-0.81224,0.39544,-2.57707,-0.59172,0.42287,10.06483,0.87007,-3.02437,2.38378,-13.1681,-0.67623,-4.56605,6.62978,-2.25051,10.9167,3.8356,4.57114,1.7617,-3.09431,-2.09661,-0.26541,8.93039,2.88239,-1.21949,-2.25933,-5.32797,-2.55361,-0.72235,-4.21433,-6.00259,1.17473,-0.83574,-2.96271
63.02,-0.89596,0.36784,0.56448,-1.94202,0,0.80789,2.74207,-0.85675,-0.14056,-3.33449,-0.06481,0.79288,13.02483,-0.15538,-1.79487,4.11394,-9.26887,-3.9171,-4.55176,9.73782,-2.60025,8.77608,4.63244,4.50341,1.1769,-2.7067,-1.8649,-0.38521,7.31097,2.30314,-1.12622,-1.86799,-4.07744,-3.02868,-0.64447,-4.09697,-5.20051,1.93138,-0.45643,-2.47012
63.04,-0.87296,0.29798,0.5738,-1.96389,0,0.59574,2.97486,-0.87836,-0.67938,-4.04183,0.46815,1.13292,15.71463,-1.20034,-0.42308,5.44973,-4.60949,-6.98085,-4.43635,12.67912,-2.9476,6.32775,5.01561,4.25746,0.48221,-2.03971,-1.58637,-0.52485,5.48548,1.64969,-0.98036,-1.40095,-2.64865,-3.51886,-0.57916,-3.74408,-4.04479,2.61129,-0.03593,-1.82916
63.06,-0.83883,0.21908,0.58476,-1.94391,0,0.38158,3.14421,-0.87678,-1.1915,-4.66878,0.98915,1.42333,18.0694,-2.20522,1.03772,6.33193,0.46705,-9.64429,-4.24596,15.35735,-3.26099,3.68739,5.00952,3.84754,-0.27238,-1.18125,-1.26194,-0.68126,3.50718,0.9371,-0.78288,-0.8692,-1.07917,-3.99307,-0.53312,-3.1804,-2.56697,3.1485,0.40236,-1.06237
63.08,-0.7925,0.13475,0.59777,-1.87985,0,0.17844,3.23963,-0.85466,-1.64968,-5.1862,1.47654,1.64747,20.03305,-3.11278,2.52776,6.74599,5.58445,-11.72435,-4.002,17.68558,-3.5046,0.97197,4.67563,3.29291,-1.03435,-0.23344,-0.89439,-0.84997,1.44802,0.18308,-0.53942,-0.2933,0.57011,-4.41629,-0.51342,-2.44879,-0.82337,3.48907,0.83397,-0.20274
63.1,-0.73314,0.04888,0.61307,-1.77165,0,-0.00082,3.25274,-0.81725,-2.03115,-5.56895,1.9048,1.79406,21.55959,-3.87365,3.9856,6.71867,10.38029,-13.10214,-3.72102,19.59103,-3.64451,-1.70789,4.1001,2.62004,-1.75617,0.70529,-0.48884,-1.02498,-0.60342,-0.59192,-0.26046,0.29827,2.21834,-4.75239,-0.52667,-1.6049,1.10687,3.59868,1.23552,0.70774
63.12,-0.66033,-0.03465,0.63061,-1.6224,0,-0.14471,3.17804,-0.77159,-2.31921,-5.79811,2.24963,1.85876,22.61424,-4.45059,5.35256,6.31174,14.54435,-13.73527,-3.4154,21.01831,-3.65394,-4.25352,3.38107,1.86354,-2.40069,1.55383,-0.05306,-1.19892,-2.54737,-1.36472,0.03917,0.87193,3.77178,-4.96699,-0.57793,-0.71084,3.12544,3.46691,1.58627,1.62055
63.14,-0.57405,-0.11219,0.65014,-1.43885,0,-0.24427,3.0132,-0.72528,-2.50396,-5.86221,2.49413,1.84455,23.17398,-4.82112,6.57656,5.61319,17.84363,-13.656,-3.09422,21.93081,-3.51665,-6.58183,2.61721,1.06516,-2.94375,2.25579,0.40251,-1.36345,-4.28229,-2.10963,0.34145,1.39302,5.13448,-5.03012,-0.66954,0.17175,5.1205,3.1074,1.86928,2.48423
63.16,-0.47466,-0.1806,0.6711,-1.23147,0,-0.29425,2.75918,-0.6851,-2.58232,-5.75753,2.63126,1.76101,23.22796,-4.97842,7.61523,4.72704,20.1343,-12.95738,-2.76423,22.31066,-3.22859,-8.62718,1.89805,0.27087,-3.37412,2.78097,0.865,-1.50992,-5.71704,-2.79898,0.62702,1.83028,6.22123,-4.91865,-0.8,0.98849,6.97424,2.55445,2.07189,3.24883
63.18,-0.36288,-0.23738,0.69269,-1.01405,0,-0.29403,2.42013,-0.65549,-2.55752,-5.48803,2.66316,1.6229,22.77869,-4.93096,8.4384,3.76286,21.36289,-11.77236,-2.4308,22.15846,-2.79809,-10.34219,1.29674,-0.47287,-3.69153,3.12231,1.31951,-1.63012,-6.7835,-3.40397,0.87717,2.16033,6.97041,-4.61854,-0.963,1.69803,8.57171,1.8573,2.18608,3.87065
63.2,-0.23985,-0.28084,0.71385,-0.80301,0,-0.24814,2.0034,-0.6375,-2.43833,-5.06487,2.59924,1.44823,21.8434,-4.70096,9.02973,2.82585,21.55926,-10.25167,-2.09867,21.49262,-2.24478,-11.6974,0.86511,-1.12305,-3.90352,3.29052,1.74967,-1.71701,-7.44648,-3.89575,1.0758,2.37091,7.35369,-4.12685,-1.14704,2.27581,9.81006,1.07362,2.20849,4.31633
63.22,-0.10717,-0.31014,0.73333,-0.61621,0,-0.16616,1.51942,-0.62821,-2.23788,-4.50564,2.45409,1.25618,20.45489,-4.32161,9.38685,2.008,20.82271,-8.54406,-1.77254,20.34794,-1.59755,-12.67994,0.63125,-1.64308,-4.02176,3.30764,2.13825,-1.76513,-7.70827,-4.24671,1.21089,2.46212,7.37972,-3.45295,-1.33579,2.7149,10.60734,0.2632,2.14033,4.56566
63.24,0.033,-0.32521,0.74968,-0.47146,0,-0.06196,0.98149,-0.62088,-1.97217,-3.83312,2.24521,1.06485,18.66098,-3.83313,9.52014,1.38048,19.30287,-6.78158,-1.45711,18.77287,-0.89157,-13.29114,0.59919,-2.00471,-4.05829,3.20108,2.46781,-1.77062,-7.60665,-4.43193,1.27542,2.44534,7.09097,-2.61887,-1.50926,3.02392,10.90996,-0.5176,1.9872,4.61266
63.26,0.17783,-0.32665,0.76128,-0.38472,0,0.04772,0.4055,-0.60575,-1.65853,-3.0738,1.99089,0.88926,16.52289,-3.27819,9.4504,0.98774,17.17812,-5.07013,-1.15691,16.82622,-0.16479,-13.54404,0.75046,-2.189,-4.02222,2.99845,2.72155,-1.73112,-7.20733,-4.43102,1.26763,2.34033,6.55463,-1.6586,-1.64572,3.22251,10.6988,-1.22022,1.75873,4.46514
63.28,0.32381,-0.31555,0.76643,-0.36826,0,0.14501,-0.19047,-0.57133,-1.31419,-2.25646,1.70842,0.73975,14.11327,-2.69744,9.20598,0.84378,14.63479,-3.48528,-0.87591,14.57421,0.54556,-13.46114,1.047,-2.18662,-3.91742,2.72406,2.88438,-1.64545,-6.59323,-4.23027,1.19103,2.17117,5.85047,-0.61651,-1.72407,3.33574,9.99315,-1.80724,1.46822,4.14334
63.3,0.46669,-0.29336,0.76335,-0.42908,0,0.21287,-0.78662,-0.50602,-0.95517,-1.41093,1.41285,0.6211,11.51398,-2.12576,8.81972,0.93135,11.84981,-2.0723,-0.61709,12.08833,1.20599,-13.07277,1.43516,-1.99793,-3.74138,2.39683,2.94412,-1.51352,-5.8532,-3.82511,1.0539,1.9623,5.05845,0.45499,-1.72629,3.38861,8.85138,-2.25423,1.13211,3.6779
63.32,0.60168,-0.26177,0.75031,-0.56776,0,0.23683,-1.362,-0.3998,-0.5957,-0.56703,1.11633,0.53259,8.81297,-1.58983,8.3256,1.20494,8.97801,-0.84937,-0.38224,9.44365,1.78884,-12.41549,1.85061,-1.63286,-3.48558,2.02982,2.89274,-1.33633,-5.0718,-3.22238,0.86868,1.73511,4.2484,1.49895,-1.63959,3.40164,7.3669,-2.55028,0.76921,3.10726
63.34,0.72367,-0.22259,0.72559,-0.778,0,0.20662,-1.89534,-0.24589,-0.24799,0.24642,0.82794,0.46891,6.09993,-1.10698,7.75504,1.59735,6.1443,0.18707,-0.17176,6.71698,2.27336,-11.53029,2.22417,-1.1108,-3.13699,1.63105,2.72748,-1.11625,-4.32136,-2.44217,0.65088,1.50571,3.47291,2.45827,-1.4579,3.38812,5.65873,-2.69719,0.39951,2.47448
63.36,0.82759,-0.17769,0.68759,-1.04664,0,0.1174,-2.36612,-0.0421,0.07771,1.00264,0.55397,0.4218,3.46084,-0.68535,7.13343,2.02931,3.44044,1.05572,0.01531,3.9848,2.64599,-10.46073,2.48821,-0.46012,-2.68067,1.20525,2.45177,-0.85729,-3.65668,-1.51895,0.41794,1.28382,2.7639,3.28093,-1.18279,3.35307,3.85815,-2.70756,0.04269,1.82389
63.38,0.9089,-0.12896,0.63482,-1.35444,0,-0.02943,-2.75575,0.2081,0.37288,1.67776,0.29843,0.38204,0.97264,-0.32506,6.47746,2.42028,0.92601,1.78349,0.1811,1.32139,2.90007,-9.25118,2.58337,0.28264,-2.10289,0.75609,2.07591,-0.5657,-3.1123,-0.50175,0.18789,1.07286,2.1327,3.9252,-0.82377,3.29383,2.09384,-2.60239,-0.28343,1.19758
63.4,0.96399,-0.07834,0.5661,-1.67711,0,-0.22598,-3.04878,0.4953,0.63047,2.25142,0.06366,0.34122,-1.30091,-0.02011,5.79398,2.69871,-1.36708,2.39876,0.32854,-1.20285,3.03505,-7.94535,2.46485,1.07448,-1.39402,0.28854,1.61722,-0.25031,-2.70237,0.5469,-0.02188,0.87111,1.57311,4.36381,-0.39791,3.20191,0.47858,-2.40829,-0.56427,0.63234
63.42,0.99057,-0.02779,0.48067,-1.98701,0,-0.45835,-3.23375,0.80452,0.84484,2.70707,-0.1491,0.29304,-3.31159,0.23924,5.08047,2.81001,-3.42723,2.92537,0.46082,-3.52284,3.05543,-6.58444,2.10762,1.86887,-0.55072,-0.18947,1.09929,0.07719,-2.42253,1.55389,-0.19584,0.67354,1.06702,4.58626,0.0713,3.06564,-0.90052,-2.15447,-0.78948,0.15706
63.44,0.98778,0.02067,0.37838,-2.25504,0,-0.70782,-3.30368,1.11664,1.01184,3.03189,-0.33937,0.23385,-5.02714,0.464,4.3272,2.72153,-5.2541,3.37782,0.5807,-5.58051,2.96941,-5.20491,1.51019,2.62002,0.42301,-0.66607,0.55023,0.4024,-2.25362,2.44053,-0.3214,0.47427,0.59168,4.59876,0.55585,2.87314,-1.98718,-1.86972,-0.9534,-0.20939
63.46,0.95624,0.06494,0.25987,-2.45294,0,-0.95277,-3.25634,1.41043,1.12913,3.21661,-0.50727,0.16255,-6.43029,0.66396,3.5206,2.42433,-6.8491,3.7581,0.68983,-7.32685,2.78756,-3.83602,0.69648,3.28829,1.51577,-1.12549,0,0.70883,-2.16624,3.1293,-0.38984,0.26906,0.12759,4.42225,1.02588,2.61547,-2.75703,-1.57949,-1.05513,-0.45955
63.48,0.89803,0.10292,0.12669,-2.55568,0,-1.17083,-3.0943,1.66503,1.19658,3.25542,-0.65346,0.08003,-7.51686,0.84587,2.64749,1.9325,-8.20699,4.05471,0.78808,-8.72398,2.52192,-2.49796,-0.28424,3.84578,2.70896,-1.54897,-0.52254,0.9789,-2.12577,3.55162,-0.39698,0.0576,-0.33448,4.08927,1.45242,2.2893,-3.21533,-1.30351,-1.09816,-0.59805
63.5,0.81655,0.13253,-0.01864,-2.54361,0,-1.34106,-2.82493,1.86222,1.21654,3.14601,-0.77924,-0.01168,-8.2934,1.01225,1.69929,1.28017,-9.30997,4.24427,0.87323,-9.74689,2.18546,-1.20146,-1.35987,4.2811,3.97687,-1.91624,-0.99259,1.19528,-2.09662,3.65533,-0.34352,-0.15516,-0.78884,3.64031,1.81004,1.89888,-3.39252,-1.05437,-1.08977,-0.64107
63.52,0.71637,0.15182,-0.17268,-2.40408,0,-1.44584,-2.46012,1.98821,1.1938,2.88976,-0.88648,-0.11018,-8.77442,1.16132,0.67544,0.51671,-10.12518,4.2958,0.94084,-10.38403,1.79225,0.05088,-2.44098,4.602,5.28598,-2.20766,-1.39161,1.34251,-2.04536,3.41082,-0.23483,-0.35887,-1.21383,3.12008,2.07889,1.45664,-3.33825,-0.83719,-1.04006,-0.61458
63.54,0.60298,0.15914,-0.33128,-2.13231,0,-1.4722,-2.01567,2.03459,1.13517,2.49203,-0.97755,-0.2134,-8.97957,1.28802,-0.41452,-0.29973,-10.6062,4.17758,0.98469,-10.63663,1.35795,1.26146,-3.42923,4.8354,6.59377,-2.40645,-1.70879,1.40882,-1.9424,2.81505,-0.08013,-0.53912,-1.57499,2.57383,2.24592,0.98212,-3.11441,-0.65052,-0.96071,-0.55108
63.56,0.48248,0.15326,-0.48994,-1.73165,0,-1.41275,-1.5105,1.9986,1.04864,1.96247,-1.05515,-0.3201,-8.93109,1.38587,-1.55042,-1.10955,-10.69866,3.86532,0.99743,-10.51716,0.90046,2.43349,-4.22826,5.02488,7.84743,-2.50122,-1.94168,1.38794,-1.76266,1.89346,0.10865,-0.67995,-1.83166,2.04402,2.30552,0.49966,-2.78802,-0.48814,-0.86367,-0.48529
63.58,0.36127,0.13359,-0.64427,-1.21338,0,-1.26626,-0.96578,1.883,0.94258,1.31539,-1.12209,-0.43011,-8.65208,1.44933,-2.70208,-1.85876,-10.34927,3.35014,0.9717,-10.04769,0.44063,3.56662,-4.75521,5.22593,8.98326,-2.48816,-2.09598,1.28077,-1.48584,0.69973,0.31829,-0.76696,-1.94549,1.56758,2.25956,0.03523,-2.42462,-0.34141,-0.75987,-0.44948
63.6,0.24576,0.10029,-0.79034,-0.59624,0,-1.03783,-0.40409,1.69551,0.82494,0.57011,-1.18112,-0.54439,-8.16562,1.47605,-3.83101,-2.50465,-9.51686,2.64399,0.90135,-9.25845,0.00229,4.65361,-4.95108,5.49969,9.92768,-2.37248,-2.18454,1.0964,-1.09728,-0.68657,0.53552,-0.79033,-1.88896,1.17388,2.11715,-0.38693,-2.08274,-0.20165,-0.65819,-0.46915
63.62,0.14213,0.05439,-0.92499,0.09437,0,-0.73872,0.15127,1.44811,0.70279,-0.24912,-1.23475,-0.66477,-7.49453,1.46848,-4.89276,-3.01906,-8.18399,1.7808,0.78272,-8.18654,-0.38843,5.67874,-4.78787,5.90509,10.60023,-2.16862,-2.22541,0.85216,-0.58958,-2.16471,0.74794,-0.74708,-1.65198,0.88354,1.89385,-0.74718,-1.80983,-0.06202,-0.56496,-0.55975
63.64,0.0561,-0.00227,-1.04596,0.8276,0,-0.3857,0.67703,1.15605,0.58203,-1.11358,-1.28511,-0.79347,-6.66158,1.43451,-5.84014,-3.38895,-6.36733,0.81245,0.61577,-6.87446,-0.70489,6.61863,-4.27176,6.49021,10.91912,-1.89898,-2.23909,0.57252,0.03477,-3.62023,0.94461,-0.64208,-1.24559,0.70805,1.61053,-1.03287,-1.63976,0.08105,-0.48375,-0.72474
63.66,-0.00727,-0.06712,-1.15191,1.56874,0,1e-05,1.15078,0.8367,0.46751,-1.99118,-1.33377,-0.9325,-5.69004,1.38722,-6.62687,-3.61475,-4.12568,-0.19917,0.40493,-5.3688,-0.92257,7.4452,-3.44222,7.28391,10.80943,-1.59143,-2.24527,0.28691,0.76042,-4.93443,1.11632,-0.48803,-0.7025,0.64989,1.29182,-1.23969,-1.59169,0.2274,-0.41569,-0.95523
63.68,-0.04381,-0.13703,-1.24234,2.28116,0,0.39406,1.55176,0.50843,0.3632,-2.84781,-1.38166,-1.08293,-4.60465,1.34377,-7.21174,-3.70738,-1.56411,-1.19175,0.15963,-3.71919,-1.02196,8.12994,-2.36815,8.28929,10.2137,-1.27628,-2.25955,0.02689,1.55676,-5.99502,1.25576,-0.30426,-0.0746,0.70332,0.96448,-1.37227,-1.67015,0.37309,-0.35996,-1.23092
63.7,-0.05035,-0.20855,-1.31748,2.92833,0,0.77049,1.86174,0.18947,0.27248,-3.64861,-1.429,-1.24436,-3.43289,1.32376,-7.5624,-3.68496,1.16766,-2.11087,-0.10589,-1.97757,-0.99116,8.64833,-1.14148,9.48075,9.10367,-0.98317,-2.29081,-0.17684,2.37739,-6.70634,1.35775,-0.11476,0.57209,0.85541,0.65567,-1.4436,-1.86613,0.51099,-0.31445,-1.52231
63.72,-0.02491,-0.27812,-1.37814,3.47593,0,1.10343,2.06575,-0.10314,0.1983,-4.3592,-1.47509,-1.41448,-2.20605,1.34696,-7.65834,-3.56966,3.8846,-2.91475,-0.37348,-0.19744,-0.82734,8.98325,0.13116,10.80566,7.49162,-0.73858,-2.3395,-0.29735,3.16251,-6.99809,1.41963,0.0545,1.16486,1.08752,0.39125,-1.47313,-2.15907,0.63174,-0.27643,-1.79413
63.74,0.0333,-0.3423,-1.42538,3.89399,0,1.36891,2.15276,-0.35456,0.14318,-4.94659,-1.51816,-1.5888,-0.9597,1.43074,-7.49261,-3.38512,6.38385,-3.57477,-0.62286,1.56722,-0.53699,9.12653,1.33851,12.19054,5.43955,-0.56378,-2.39721,-0.31398,3.84463,-6.8315,1.44171,0.17879,1.63358,1.37702,0.19406,-1.48386,-2.5195,0.72498,-0.24308,-2.00961
63.76,0.12375,-0.39801,-1.46031,4.15904,0,1.54671,2.11631,-0.55322,0.10901,-5.38023,-1.55518,-1.76068,0.26659,1.58734,-7.07243,-3.15453,8.46847,-4.07247,-0.83406,3.26355,-0.13499,9.07914,2.3756,13.55022,3.06462,-0.47359,-2.4474,-0.21439,4.35696,-6.20322,1.42769,0.23804,1.92087,1.69912,0.08225,-1.4985,-2.91223,0.78082,-0.21193,-2.13539
63.78,0.24463,-0.44273,-1.48383,4.25625,0,1.62221,1.95523,-0.69158,0.09676,-5.63341,-1.5818,-1.92166,1.43013,1.82142,-6.41895,-2.89937,9.97297,-4.39516,-0.98996,4.8417,0.35705,8.85048,3.15439,14.7966,0.53923,-0.47535,-2.46729,0.00402,4.64269,-5.14662,1.38486,0.22003,1.99133,2.02871,0.06779,-1.53585,-3.29953,0.79123,-0.18117,-2.1462
63.8,0.39273,-0.47467,-1.49658,4.18116,0,1.58781,1.67418,-0.76673,0.10601,-5.685,-1.59253,-2.06194,2.48683,2.12826,-5.56622,-2.63848,10.78538,-4.53226,-1.07866,6.25662,0.91269,8.45725,3.61237,15.84328,-1.9166,-0.5683,-2.43059,0.33344,4.66308,-3.73053,1.32364,0.12273,1.83798,2.34193,0.15529,-1.60786,-3.64413,0.75124,-0.14982,-2.02866
63.82,0.56342,-0.49282,-1.49882,3.94048,0,1.44362,1.28397,-0.78052,0.13455,-5.52163,-1.58113,-2.17105,3.39333,2.49299,-4.55889,-2.38716,10.86068,-4.47421,-1.09481,7.46951,1.50239,7.92196,3.71789,16.60297,-4.05251,-0.743,-2.31082,0.75609,4.40236,-2.05447,1.25612,-0.04468,1.48408,2.61716,0.34155,-1.71824,-3.91148,0.65966,-0.11786,-1.7832
63.84,0.75063,-0.49692,-1.49048,3.55191,0,1.19745,0.80147,-0.73913,0.17804,-5.13994,-1.54135,-2.23864,4.10998,2.89102,-3.44869,-2.15621,10.22355,-4.21449,-1.04002,8.44892,2.09509,7.27117,3.4718,16.97756,-5.61487,-0.98102,-2.08486,1.24558,3.86848,-0.24028,1.19366,-0.2624,0.97963,2.83556,0.61562,-1.86274,-4.07118,0.51925,-0.08613,-1.42386
63.86,0.94691,-0.48728,-1.47118,3.04292,0,0.86396,0.24908,-0.65225,0.22989,-4.54891,-1.46794,-2.25545,4.60419,3.28965,-2.29007,-1.95085,8.96146,-3.7543,-0.92217,9.17161,2.6595,6.53367,2.90573,16.84465,-6.38036,-1.25493,-1.73662,1.76939,3.0903,1.57924,1.144,-0.50207,0.39337,2.98121,0.95962,-2.03084,-4.098,0.33646,-0.05625,-0.9762
63.88,1.14354,-0.46471,-1.44043,2.44881,0,0.46347,-0.34619,-0.53212,0.2813,-3.77212,-1.3581,-2.2144,4.85393,3.65066,-1.13589,-1.76984,7.21105,-3.10809,-0.7542,9.62342,3.16533,5.73915,2.07835,16.04729,-6.18961,-1.52908,-1.26024,2.29175,2.11265,3.2729,1.10851,-0.73002,-0.19774,3.04123,1.34998,-2.20838,-3.97263,0.12074,-0.03037,-0.47402
63.9,1.33086,-0.43035,-1.39774,1.81035,0,0.02041,-0.95381,-0.39239,0.32183,-2.84805,-1.21309,-2.11192,4.85053,3.93342,-0.03393,-1.60527,5.14123,-2.30779,-0.55236,9.79989,3.58429,4.91731,1.0705,14.39403,-4.97311,-1.7615,-0.66239,2.77675,0.99091,4.72324,1.08077,-0.91105,-0.71937,3.00597,1.75908,-2.38021,-3.6825,-0.11614,-0.01086,0.04454
63.92,1.49867,-0.38561,-1.34286,1.17094,0,-0.43831,-1.54132,-0.24708,0.34028,-1.82503,-1.03949,-1.94913,4.60008,4.09831,0.97507,-1.44317,2.93511,-1.40345,-0.33454,9.70623,3.89114,4.09731,-0.02027,11.67469,-2.76244,-1.90727,0.03693,3.19109,-0.21402,5.83658,1.04693,-1.01263,-1.10919,2.86933,2.15708,-2.53235,-3.22273,-0.36088,5e-05,0.54071
63.94,1.63677,-0.3321,-1.27585,0.57317,0,-0.88506,-2.07614,-0.10958,0.32616,-0.75074,-0.84808,-1.73297,4.12299,4.11008,1.85792,-1.2651,0.77221,-0.45938,-0.11841,9.35639,4.06456,3.30728,-1.08558,7.693,0.31563,-1.92345,0.80545,3.50647,-1.4396,6.55017,0.98822,-1.00893,-1.32367,2.62924,2.51395,-2.65309,-2.59703,-0.59948,0.00068,0.97867
63.96,1.73568,-0.27161,-1.19706,0.05529,0,-1.29332,-2.52777,0.00821,0.27133,0.33524,-0.64955,-1.47662,3.45199,3.94114,2.58846,-1.05056,-1.18782,0.45351,0.08019,8.77152,4.08812,2.57356,-2.01278,2.31257,4.05894,-1.77521,1.60138,3.70149,-2.62466,6.83643,0.88506,-0.88449,-1.34207,2.28827,2.8017,-2.73334,-1.81852,-0.81795,-0.00964,1.32855
63.98,1.78744,-0.20613,-1.10725,-0.35225,0,-1.63943,-2.87009,0.09663,0.1717,1.39917,-0.45009,-1.19736,2.62936,3.57466,3.1465,-0.78006,-2.81868,1.26728,0.24859,7.97854,3.95136,1.91956,-2.69211,-4.49234,8.21596,-1.44236,2.3773,3.76309,-3.7116,6.70438,0.72178,-0.6371,-1.16768,1.85421,2.99656,-2.76637,-0.91032,-1.00316,-0.03029,1.56878
64,1.7863,-0.13786,-1.00751,-0.62953,0,-1.90423,-3.08342,0.14889,0.02854,2.40435,-0.25003,-0.91098,1.70361,3.0071,3.51695,-0.43841,-4.03665,1.92584,0.37824,7.0088,3.6508,1.36415,-3.02476,-12.59229,12.50971,-0.92504,3.08463,3.68748,-4.64828,6.1978,0.4907,-0.27921,-0.82657,1.34044,3.081,-2.74725,0.0944,-1.14348,-0.05915,1.68762
64.02,1.72934,-0.06915,-0.89933,-0.76869,0,-2.07413,-3.15586,0.16139,-0.15101,3.30449,-0.04518,-0.62638,0.72629,2.24972,3.68958,-0.01781,-4.8044,2.39118,0.46509,5.89682,3.19053,0.91921,-2.93163,-21.67556,16.65321,-0.24752,3.67801,3.4802,-5.38979,5.38978,0.19436,0.16258,-0.36372,0.76571,3.04517,-2.67233,1.15348,-1.22951,-0.09271,1.68355
64.04,1.61662,-0.00249,-0.7845,-0.7741,0,-2.14192,-3.08399,0.13392,-0.35432,4.04757,0.17116,-0.34413,-0.2513,1.32868,3.65946,0.47963,-5.1292,2.64588,0.50938,4.67899,2.58231,0.58657,-2.36273,-31.24653,20.35551,0.54102,4.11941,3.15524,-5.90041,4.37355,-0.15448,0.65021,0.16307,0.15319,2.8876,-2.53868,2.21816,-1.25462,-0.12642,1.56454
64.06,1.45117,0.05969,-0.66495,-0.66131,0,-2.10695,-2.87271,0.06961,-0.56452,4.58821,0.40606,-0.05852,-1.18124,0.28382,3.42826,1.04031,-5.0567,2.69228,0.51499,3.39216,1.84522,0.35505,-1.30632,-40.65203,23.3222,1.36904,4.38166,2.7334,-6.15585,3.25093,-0.53496,1.13866,0.69082,-0.47118,2.61524,-2.34395,3.23666,-1.2155,-0.15531,1.34644
64.08,1.23877,0.11512,-0.54272,-0.45496,0,-1.97517,-2.53467,-0.02532,-0.76245,4.89805,0.66478,0.23962,-2.02167,-0.83364,3.00598,1.6387,-4.66163,2.54927,0.48853,2.07249,1.00506,0.19847,0.20338,-49.1343,25.25868,2.1486,4.45127,2.24026,-6.14557,2.12024,-0.92154,1.58141,1.15941,-1.08075,2.24295,-2.0866,4.1584,-1.11253,-0.1747,1.05095
64.1,0.98763,0.16191,-0.41983,-0.18605,0,-1.7586,-2.08932,-0.14198,-0.92883,4.96908,0.9484,0.55999,-2.73889,-1.96427,2.41239,2.23846,-4.03725,2.24807,0.43832,0.75484,0.09367,0.07621,2.08207,-55.90653,25.88411,2.78479,4.32986,1.70409,-5.87461,1.06609,-1.28775,1.93591,1.51856,-1.65006,1.79238,-1.76667,4.93817,-0.95011,-0.18081,0.70348
64.12,0.70789,0.19862,-0.2982,0.11136,0,-1.47439,-1.56146,-0.26945,-1.04658,4.81296,1.25115,0.90977,-3.3085,-3.04437,1.67764,2.79543,-3.28426,1.82765,0.37334,-0.52762,-0.85176,-0.06288,4.19675,-60.24647,24.96165,3.18837,4.03389,1.15362,-5.36409,0.15241,-1.6094,2.16819,1.73293,-2.15646,1.29015,-1.38687,5.53942,-0.73659,-0.17131,0.33113
64.14,0.41098,0.22437,-0.17969,0.40383,0,-1.14322,-0.97933,-0.39574,-1.10283,4.45819,1.55765,1.29034,-3.7157,-4.01079,0.84141,3.2624,-2.50004,1.33055,0.30225,-1.74357,-1.78983,-0.27289,6.37385,-61.60188,22.34437,3.29071,3.59227,0.61589,-4.64996,-0.58057,-1.86689,2.25616,1.78469,-2.5812,0.76543,-0.95387,5.93657,-0.48382,-0.14548,-0.0391
64.16,0.10875,0.23886,-0.06594,0.66214,0,-0.78732,-0.37245,-0.5088,-1.0907,3.9455,1.84198,1.69379,-3.95497,-4.80616,-0.04934,3.5953,-1.76892,0.79934,0.23267,-2.8639,-2.67642,-0.60108,8.41376,-59.69883,18.0291,3.05901,3.04253,0.1142,-3.78022,-1.11579,-2.04657,2.19148,1.67369,-2.91021,0.24689,-0.47946,6.11613,-0.20632,-0.10428,-0.38199
64.18,-0.18725,0.24239,0.04156,0.86453,0,-0.42844,0.23065,-0.59774,-1.01042,3.32275,2.07305,2.0997,-4.02935,-5.38416,-0.94344,3.75962,-1.15445,0.27367,0.17046,-3.86216,-3.4668,-1.07779,10.10985,-54.63759,12.20306,2.50839,2.42622,-0.33355,-2.81105,-1.45629,-2.1413,1.98005,1.41583,-3.13453,-0.24014,0.01879,6.07726,0.07982,-0.0501,-0.67548
64.2,-0.46655,0.23583,0.1416,0.99869,0,-0.08605,0.80422,-0.65382,-0.86965,2.63979,2.2247,2.47539,-3.94953,-5.71379,-1.78916,3.73594,-0.69477,-0.21172,0.11943,-4.7154,-4.11818,-1.70906,11.2696,-46.92951,5.26416,1.7069,1.78473,-0.7158,-1.8026,-1.62074,-2.15036,1.64121,1.04015,-3.25052,-0.67591,0.51777,5.83136,0.35818,0.01355,-0.902
64.22,-0.72027,0.22055,0.23314,1.06222,0,0.22397,1.32661,-0.6713,-0.68267,1.94417,2.28226,2.78285,-3.73263,-5.78196,-2.53782,3.52302,-0.40166,-0.62846,0.08129,-5.40497,-4.5929,-2.47406,11.7354,-37.3869,-2.20226,0.76988,1.1557,-1.02751,-0.81434,-1.63842,-2.07889,1.20532,0.58471,-3.25974,-1.04751,0.99032,5.40077,0.61337,0.08243,-1.04948
64.24,-0.9414,0.19828,0.3154,1.06137,0,0.48998,1.78099,-0.64783,-0.46837,1.2776,2.24284,2.98907,-3.40074,-5.59372,-3.14727,3.13803,-0.26347,-0.95542,0.05581,-5.91767,-4.86184,-3.32823,11.40318,-26.86556,-9.49526,-0.15705,0.57059,-1.2693,0.09957,-1.54418,-1.93684,0.71007,0.09198,-3.16842,-1.34878,1.40825,4.81638,0.83235,0.15209,-1.1122
64.26,-1.12504,0.17102,0.38781,1.00839,0,0.70486,2.15551,-0.58462,-0.24743,0.67354,2.11277,3.07248,-2.97913,-5.17077,-3.58509,2.61412,-0.25092,-1.17924,0.0413,-6.24688,-4.90801,-4.21129,10.23753,-16.03594,-15.90749,-0.92354,0.05329,-1.44611,0.89471,-1.37398,-1.73772,0.19576,-0.39627,-2.98681,-1.57939,1.74621,4.11455,1.00579,0.21832,-1.09132
64.28,-1.26847,0.14085,0.45003,0.91831,0,0.86571,2.44327,-0.48622,-0.03921,0.15564,1.90477,3.02425,-2.49469,-4.54868,-3.83128,1.99618,-0.32451,-1.29455,0.03514,-6.39373,-4.72981,-5.05768,8.28155,-5.33014,-20.84608,-1.40259,-0.38048,-1.56546,1.54013,-1.16128,-1.49729,-0.29951,-0.84342,-2.72841,-1.74332,1.98581,3.33391,1.129,0.27761,-0.99506
64.3,-1.37107,0.1098,0.50195,0.80598,0,0.97342,2.64199,-0.3601,0.1408,-0.26263,1.6352,2.84751,-1.97437,-3.77343,-3.87983,1.33567,-0.44178,-1.30378,0.03433,-6.36769,-4.34285,-5.80651,5.65885,4.98173,-23.93351,-1.51412,-0.72291,-1.6359,2.0204,-0.93439,-1.23228,-0.7438,-1.22158,-2.40924,-1.84723,2.11868,2.5127,1.20245,0.32744,-0.83819
64.32,-1.43413,0.07974,0.54372,0.68385,0,1.03188,2.75346,-0.2159,0.28264,-0.57743,1.32184,2.55585,-1.44382,-2.89748,-3.73883,0.68517,-0.56328,-1.21654,0.03591,-6.18605,-3.77971,-6.40849,2.56484,14.68518,-25.06211,-1.23789,-0.9733,-1.6658,2.3356,-0.71499,-0.95933,-1.11392,-1.51322,-2.04703,-1.89904,2.14761,1.68654,1.23148,0.36647,-0.64068
64.34,-1.46053,0.05233,0.57565,0.56098,0,1.04711,2.78282,-0.06442,0.38218,-0.79308,0.9823,2.17095,-0.92602,-1.97551,-3.42887,0.09302,-0.65656,-1.04841,0.0373,-5.87208,-3.08691,-6.82884,-0.7533,23.51864,-24.39047,-0.6134,-1.13683,-1.66256,2.49911,-0.5177,-0.69385,-1.39622,-1.71122,-1.66019,-1.9068,2.08536,0.88703,1.22522,0.39449,-0.42532
64.36,-1.4543,0.02889,0.59822,0.44297,0,1.02628,2.73782,0.08355,0.44048,-0.92005,0.63296,1.71973,-0.4401,-1.06002,-2.98003,-0.40141,-0.69826,-0.8194,0.03646,-5.4523,-2.31984,-7.04664,-4.02553,31.11234,-22.28907,0.27184,-1.22312,-1.63232,2.53371,-0.35039,-0.44906,-1.58595,-1.81731,-1.26684,-1.87811,1.95166,0.14076,1.19477,0.41217,-0.2148
64.38,-1.42021,0.01042,0.612,0.33272,0,0.97693,2.62815,0.21833,0.46232,-0.97268,0.28857,1.23146,-0.00045,-0.19764,-2.42843,-0.77141,-0.67455,-0.55206,0.03198,-4.95375,-1.53669,-7.05242,-6.99114,37.04579,-19.25574,1.30082,-1.24476,-1.58011,2.46697,-0.21518,-0.23528,-1.68576,-1.83973,-0.88374,-1.81986,1.76924,-0.53112,1.15137,0.4208,-0.02863
64.4,-1.36344,-0.00245,0.61764,0.23133,0,0.90625,2.46484,0.33227,0.45466,-0.967,-0.03782,0.73523,0.38365,0.57362,-1.81271,-1.00492,-0.58078,-0.26967,0.02311,-4.40201,-0.79259,-6.84563,-9.42776,40.99852,-15.82478,2.34682,-1.21597,-1.51013,2.32716,-0.10972,-0.05943,-1.70367,-1.79077,-0.52559,-1.73821,1.56022,-1.1129,1.1046,0.42197,0.11933
64.42,-1.28926,-0.00947,0.61586,0.13901,0,0.82073,2.25983,0.42012,0.42523,-0.91878,-0.33471,0.25813,0.70765,1.22558,-1.17101,-1.10433,-0.42048,0.00555,0.00968,-3.82034,-0.13499,-6.43317,-11.17195,42.84694,-12.48894,3.29006,-1.15134,-1.42601,2.14007,-0.02863,0.07506,-1.65122,-1.68455,-0.20457,-1.63865,1.34348,-1.59401,1.06127,0.41726,0.22214
64.44,-1.20278,-0.01069,0.60736,0.05548,0,0.72588,2.02532,0.47905,0.38155,-0.84207,-0.59196,-0.17587,0.97075,1.73982,-0.53863,-1.08411,-0.20409,0.25415,-0.00792,-3.23002,0.39953,-5.82952,-12.12913,42.65093,-9.6446,4.02879,-1.06478,-1.33098,1.9274,0.0351,0.16795,-1.54183,-1.53542,0.06987,-1.52602,1.13345,-1.96848,1.02486,0.40801,0.27983
64.46,-1.10872,-0.00651,0.59286,-0.01982,0,0.62623,1.77325,0.50822,0.33027,-0.74806,-0.80068,-0.54663,1.17442,2.10654,0.05382,-0.96684,0.0524,0.46089,-0.02881,-2.65149,0.78691,-5.05816,-12.27391,40.59604,-7.56219,4.48511,-0.96865,-1.22783,1.70632,0.0888,0.22167,-1.38947,-1.35693,0.29101,-1.40434,0.94031,-2.23437,0.99568,0.39511,0.29808
64.48,-1.01128,0.00244,0.57301,-0.08786,0,0.52543,1.51483,0.5083,0.27703,-0.64464,-0.95342,-0.83814,1.321,2.32309,0.58154,-0.77874,0.32879,0.61592,-0.05164,-2.10564,1.01612,-4.15332,-11.644,36.93995,-6.37809,4.60724,-0.87315,-1.11886,1.49009,0.13911,0.24061,-1.20788,-1.16136,0.45479,-1.27683,0.77098,-2.39337,0.97151,0.37896,0.28638
64.5,-0.91409,0.01531,0.54844,-0.1501,0,0.42643,1.2602,0.48098,0.22643,-0.53629,-1.04452,-1.0389,1.41252,2.39268,1.02627,-0.54565,0.60212,0.71538,-0.07473,-1.61452,1.08881,-3.16073,-10.33057,31.97392,-6.10206,4.37017,-0.78597,-1.00588,1.28891,0.19119,0.23045,-1.00993,-0.95955,0.55959,-1.14587,0.63031,-2.45032,0.94839,0.35945,0.25582
64.52,-0.8202,0.03115,0.51983,-0.20838,0,0.33154,1.01818,0.42879,0.18209,-0.42466,-1.07066,-1.14236,1.4502,2.32356,1.37637,-0.29047,0.84823,0.76133,-0.09612,-1.20069,1.01827,-2.13571,-8.46699,26.00219,-6.63507,3.77639,-0.71228,-0.8903,1.11066,0.2484,0.19751,-0.8072,-0.76083,0.60612,-1.01319,0.52197,-2.41281,0.92155,0.33611,0.21717
64.54,-0.73209,0.04892,0.48784,-0.26454,0,0.2426,0.79607,0.35515,0.1467,-0.30938,-1.03161,-1.14756,1.4346,2.1289,1.62668,-0.03214,1.04354,0.7609,-0.11366,-0.88487,0.8279,-1.13823,-6.21682,19.33768,-7.79342,2.85695,-0.65496,-0.77324,0.9611,0.31227,0.14819,-0.60957,-0.57293,0.59716,-0.88006,0.44868,-2.29066,0.88606,0.30827,0.17935
64.56,-0.6517,0.06763,0.45324,-0.3199,0,0.16084,0.59954,0.2646,0.12203,-0.1893,-0.93092,-1.05983,1.36638,1.82705,1.77813,0.21382,1.167,0.72482,-0.12521,-0.68236,0.5491,-0.22548,-3.76174,12.30883,-9.3363,1.67261,-0.61504,-0.65582,0.84364,0.38276,0.08862,-0.4248,-0.40172,0.53749,-0.74758,0.41182,-2.09533,0.83743,0.27531,0.14849
64.58,-0.58042,0.08641,0.41685,-0.37462,0,0.08693,0.43252,0.16312,0.10881,-0.06357,-0.77648,-0.89128,1.24742,1.44188,1.83715,0.43416,1.20209,0.66567,-0.12878,-0.59939,0.21892,0.5561,-1.28966,5.26899,-10.99449,0.31352,-0.59217,-0.53935,0.75886,0.45875,0.02435,-0.25817,-0.25099,0.43367,-0.61705,0.41075,-1.83951,0.772,0.23687,0.12753
64.6,-0.51918,0.10455,0.37963,-0.42737,0,0.02092,0.29711,0.05818,0.10676,0.0673,-0.58053,-0.66062,1.08188,1.00252,1.81509,0.61665,1.13871,0.59612,-0.12268,-0.63058,-0.12282,1.17708,1.01718,-1.4016,-12.49853,-1.10462,-0.58511,-0.42562,0.70416,0.5384,-0.03978,-0.11242,-0.12231,0.29386,-0.49015,0.44228,-1.53663,0.68718,0.19299,0.11616
64.62,-0.46843,0.12152,0.34264,-0.47526,0,-0.03766,0.19369,-0.04162,0.11454,0.20098,-0.35894,-0.39197,0.87677,0.54199,1.7273,0.74957,0.97456,0.52721,-0.1057,-0.75869,-0.43692,1.62778,2.99448,-7.31025,-13.60507,-2.44973,-0.59205,-0.31697,0.67391,0.6195,-0.09973,0.01214,-0.0151,0.12749,-0.3691,0.50058,-1.20047,0.5816,0.14418,0.11131
64.64,-0.42817,0.13694,0.307,-0.51422,0,-0.08963,0.12095,-0.12737,0.12983,0.3333,-0.12966,-0.11235,0.64194,0.09439,1.59198,0.82219,0.71592,0.46711,-0.07721,-0.95699,-0.68862,1.91675,4.50863,-12.08601,-14.12017,-3.58837,-0.61082,-0.21625,0.66,0.69957,-0.15222,0.1172,0.07302,-0.05527,-0.25653,0.57774,-0.84475,0.4551,0.09128,0.10788
64.66,-0.398,0.15054,0.2738,-0.53978,0,-0.13595,0.07597,-0.19104,0.14954,0.45872,0.08956,0.15157,0.38931,-0.3089,1.42881,0.82614,0.37781,0.42004,-0.03732,-1.1937,-0.85152,2.06587,5.46922,-15.4288,-13.91881,-4.4046,-0.63886,-0.12655,0.65302,0.77585,-0.19473,0.20584,0.14575,-0.24411,-0.15518,0.66484,-0.48256,0.30867,0.03527,0.09972
64.68,-0.37703,0.16212,0.24405,-0.54794,0,-0.17743,0.05445,-0.22682,0.16999,0.57115,0.28342,0.37701,0.13187,-0.64326,1.25746,0.75722,-0.01633,0.38565,0.01306,-1.4374,-0.91104,2.1037,5.83926,-17.16114,-12.95864,-4.81898,-0.6732,-0.05095,0.64353,0.84521,-0.22543,0.28178,0.20756,-0.42926,-0.06755,0.75327,-0.12606,0.14428,-0.02299,0.08068
64.7,-0.36402,0.17143,0.21858,-0.53606,0,-0.21457,0.05084,-0.2321,0.18721,0.66478,0.441,0.54791,-0.11759,-0.89388,1.09623,0.61684,-0.43554,0.35875,0.07211,-1.66173,-0.86635,2.0591,5.64023,-17.26617,-11.28492,-4.80244,-0.71043,0.00779,0.62326,0.90415,-0.24308,0.34885,0.26308,-0.60199,0.00446,0.83581,0.21383,-0.03518,-0.08286,0.04561
64.72,-0.35738,0.17823,0.198,-0.50334,0,-0.24742,0.05874,-0.20792,0.19731,0.73479,0.55668,0.65641,-0.3476,-1.05718,0.9607,0.4127,-0.8428,0.32944,0.13704,-1.84825,-0.73029,1.95686,4.94933,-15.89797,-9.02372,-4.38095,-0.74678,0.04749,0.58599,0.94885,-0.24704,0.41046,0.31673,-0.75495,0.05977,0.90711,0.5273,-0.22597,-0.14399,-0.00877
64.74,-0.35534,0.1822,0.18266,-0.45095,0,-0.27561,0.07123,-0.15865,0.19677,0.77776,0.62994,0.70277,-0.54898,-1.1399,0.86255,0.15823,-1.19706,0.28364,0.20409,-1.98682,-0.52685,1.81575,3.88807,-13.35825,-6.36238,-3.62923,-0.77826,0.06663,0.52779,0.97536,-0.2371,0.46941,0.37235,-0.88209,0.09819,0.96364,0.80546,-0.42356,-0.20613,-0.08333
64.76,-0.35606,0.18302,0.1727,-0.38173,0,-0.2985,0.08139,-0.09115,0.18281,0.79194,0.66425,0.69381,-0.71552,-1.15666,0.80847,-0.12893,-1.45572,0.20422,0.26847,-2.07398,-0.28678,1.64919,2.60416,-10.04529,-3.52059,-2.65535,-0.80095,0.06446,0.4469,0.97993,-0.21349,0.52788,0.43311,-0.97855,0.12039,1.00287,1.03996,-0.62273,-0.26889,-0.17623
64.78,-0.35777,0.18043,0.168,-0.29973,0,-0.31531,0.08279,-0.01344,0.15372,0.77724,0.66545,0.64064,-0.84456,-1.12641,0.79937,-0.42886,-1.5772,0.07246,0.32442,-2.11015,-0.04239,1.46725,1.25052,-6.38891,-0.7182,-1.58071,-0.81138,0.04098,0.34332,0.95949,-0.17682,0.58749,0.50137,-1.04036,0.12771,1.02242,1.22271,-0.81766,-0.33141,-0.28299
64.8,-0.35896,0.17421,0.16826,-0.20957,0,-0.32544,0.06991,0.06651,0.10913,0.7351,0.64018,0.55628,-0.93717,-1.06905,0.82989,-0.72105,-1.52322,-0.12995,0.36518,-2.09688,0.17725,1.27901,-0.03402,-2.78815,1.8534,-0.52055,-0.80688,-0.00298,0.21836,0.91204,-0.12808,0.64934,0.57854,-1.06415,0.12199,1.01916,1.34565,-1.00214,-0.39224,-0.39682
64.82,-0.35844,0.16432,0.17305,-0.11591,0,-0.32858,0.03851,0.14181,0.05015,0.66826,0.59468,0.45366,-0.99809,-1.00281,0.8884,-0.9854,-1.26047,-0.41834,0.38304,-2.03493,0.34978,1.09398,-1.13903,0.43559,4.05088,0.43089,-0.7858,-0.06576,0.07444,0.83703,-0.06873,0.71395,0.66491,-1.04698,0.1053,0.98885,1.40073,-1.16972,-0.4492,-0.50928
64.84,-0.35541,0.15083,0.1818,-0.02304,0,-0.32482,-0.01417,0.2073,-0.0206,0.58048,0.53421,0.34434,-1.0352,-0.94272,0.95755,-1.20238,-0.76152,-0.80241,0.36931,-1.92375,0.4612,0.92212,-1.98999,3.06319,5.78735,1.20849,-0.74766,-0.14474,-0.08506,0.73553,-0.00076,0.78102,0.75927,-0.98621,0.07979,0.92622,1.38024,-1.31408,-0.49962,-0.61134
64.86,-0.34941,0.13403,0.19382,0.06541,0,-0.31476,-0.08933,0.25976,-0.09912,0.47612,0.46298,0.23792,-1.05871,-0.90015,1.01542,-1.35248,-0.00559,-1.28333,0.31455,-1.76216,0.50583,0.77252,-2.5495,4.98135,7.03065,1.77788,-0.69309,-0.23633,-0.25565,0.61022,0.07327,0.8491,0.8586,-0.87962,0.04745,0.82558,1.27723,-1.42933,-0.54066,-0.69458
64.88,-0.34035,0.11431,0.20841,0.14669,0,-0.2994,-0.18663,0.29789,-0.18031,0.35979,0.38456,0.14203,-1.07995,-0.88319,1.0372,-1.41566,1.02055,-1.85143,0.20875,-1.54985,0.48511,0.65149,-2.81384,6.17054,7.79457,2.13221,-0.62374,-0.33591,-0.43157,0.46524,0.15021,0.91533,0.95787,-0.72559,0.01002,0.68184,1.08641,-1.51044,-0.56973,-0.75236
64.9,-0.32843,0.09224,0.22481,0.21888,0,-0.28013,-0.30426,0.32201,-0.2583,0.23611,0.30233,0.06253,-1.10988,-0.89704,0.99736,-1.37117,2.32079,-2.48483,0.04199,-1.28921,0.40579,0.56094,-2.8066,6.68433,8.12681,2.28629,-0.54212,-0.43794,-0.60574,0.30605,0.22636,0.9753,1.05006,-0.5236,-0.03112,0.49159,0.80505,-1.5536,-0.58492,-0.78092
64.92,-0.31408,0.06848,0.24229,0.28086,0,-0.25865,-0.43912,0.3337,-0.32695,0.10952,0.21985,0.00381,-1.15725,-0.94437,0.87228,-1.19835,3.88667,-3.14974,-0.19476,-0.98653,0.278,0.49776,-2.57098,6.62573,8.09606,2.26969,-0.45145,-0.53622,-0.7699,0.13902,0.29769,1.0233,1.12664,-0.27471,-0.07496,0.25397,0.43398,-1.55644,-0.58523,-0.77979
64.94,-0.29795,0.0438,0.26015,0.33208,0,-0.23676,-0.58704,0.33531,-0.38033,-0.01588,0.14091,-0.03103,-1.22648,-1.02511,0.64319,-0.87845,5.69331,-3.80256,-0.50847,-0.6524,0.11353,0.45451,-2.1617,6.12472,7.78038,2.1201,-0.35538,-0.6243,-0.91509,-0.02896,0.36014,1.05283,1.17842,0.01789,-0.12085,-0.02866,-0.02161,-1.51804,-0.57066,-0.75186
64.96,-0.28086,0.01897,0.27778,0.37233,0,-0.2162,-0.74308,0.32953,-0.41332,-0.13636,0.06932,-0.04015,-1.31548,-1.13581,0.29933,-0.39763,7.69468,-4.39418,-0.90252,-0.30126,-0.07559,0.42132,-1.63757,5.31905,7.2578,1.87767,-0.25777,-0.69612,-1.03234,-0.19101,0.41001,1.0574,1.19673,0.34838,-0.16839,-0.35057,-0.55158,-1.43885,-0.54202,-0.7027
64.98,-0.26372,-0.00523,0.29469,0.40148,0,-0.19846,-0.90178,0.31891,-0.42208,-0.24859,0.00853,-0.02303,-1.41375,-1.26883,-0.15904,0.24953,9.81896,-4.87595,-1.37507,0.04979,-0.2781,0.3883,-1.05508,4.33957,6.59961,1.58068,-0.16245,-0.74662,-1.11353,-0.34083,0.4445,1.03155,1.17476,0.70792,-0.21738,-0.70277,-1.14053,-1.32055,-0.50077,-0.63967
65,-0.24757,-0.0281,0.31055,0.4192,0,-0.18462,-1.05752,0.30554,-0.40441,-0.34961,-0.03889,0.0195,-1.50117,-1.4116,-0.71815,1.0564,11.96485,-5.20678,-1.91718,0.38243,-0.4842,0.34785,-0.46381,3.30028,5.86641,1.26261,-0.07299,-0.77238,-1.15222,-0.47317,0.46201,0.97175,1.10872,1.08455,-0.26769,-1.07342,-1.76791,-1.16605,-0.44867,-0.57065
65.02,-0.23349,-0.049,0.32517,0.42471,0,-0.17511,-1.20474,0.29073,-0.35981,-0.43681,-0.07154,0.08521,-1.54788,-1.54632,-1.34924,2.00126,14.00009,-5.36072,-2.51121,0.67867,-0.68597,0.29609,0.09634,2.29269,5.10634,0.95045,0.00753,-0.77199,-1.14411,-0.58418,0.46246,0.87706,0.99858,1.46329,-0.31919,-1.44847,-2.40863,-0.97949,-0.38763,-0.50282
65.04,-0.2226,-0.06741,0.33851,0.41666,0,-0.16968,-1.3381,0.2748,-0.28928,-0.50787,-0.08945,0.17077,-1.51559,-1.65036,-2.00871,3.04564,15.76331,-5.33368,-3.12941,0.92229,-0.8775,0.23324,0.59616,1.38388,4.35495,0.66417,0.07657,-0.74619,-1.08724,-0.67164,0.44727,0.74943,0.84822,1.82676,-0.37167,-1.81256,-3.03427,-0.76634,-0.31944,-0.44129
65.06,-0.21601,-0.08289,0.35062,0.39298,0,-0.16725,-1.45263,0.25695,-0.19488,-0.56074,-0.09404,0.27206,-1.36046,-1.69769,-2.64009,4.13442,17.07074,-5.14833,-3.73343,1.10012,-1.05505,0.16299,1.01675,0.61727,3.63627,0.4169,0.13238,-0.69774,-0.98181,-0.73498,0.41918,0.5935,0.66496,2.15614,-0.42474,-2.15006,-3.61482,-0.53346,-0.24571,-0.38802
65.08,-0.21474,-0.09514,0.36162,0.35106,0,-0.16592,-1.54395,0.23529,-0.07924,-0.59358,-0.08794,0.38471,-1.0377,-1.66132,-3.17809,5.19802,17.72905,-4.855,-4.27487,1.20301,-1.21703,0.09128,1.34818,0.01522,2.9646,0.21574,0.17395,-0.63118,-0.82994,-0.77519,0.38194,0.41628,0.45882,2.43253,-0.47785,-2.44617,-4.12094,-0.28915,-0.16778,-0.34111
65.1,-0.21968,-0.10395,0.37164,0.28796,0,-0.1631,-1.60845,0.20698,0.05481,-0.60486,-0.07456,0.5046,-0.50761,-1.51701,-3.55488,6.15705,17.55471,-4.52663,-4.69738,1.22633,-1.36411,0.02501,1.5878,-0.41727,2.34676,0.0628,0.20107,-0.55236,-0.63537,-0.7946,0.33991,0.22649,0.24145,2.63837,-0.53028,-2.68779,-4.5261,-0.04306,-0.0868,-0.29475
65.12,-0.23153,-0.10918,0.3808,0.20102,0,-0.1557,-1.64349,0.16856,0.20442,-0.59327,-0.05757,0.62839,0.25704,-1.24796,-3.70844,6.9295,16.39937,-4.24608,-4.94055,1.16985,-1.49916,-0.02894,1.73842,-0.6885,1.78419,-0.04359,0.21418,-0.46799,-0.40325,-0.79645,0.29756,0.03377,0.0251,2.75882,-0.58119,-2.86406,-4.8085,0.19404,-0.00384,-0.23997
65.14,-0.25075,-0.11076,0.38918,0.08852,0,-0.14045,-1.64752,0.11635,0.36664,-0.55778,-0.0401,0.75392,1.26323,-0.85004,-3.59238,7.44008,14.17896,-4.08627,-4.94564,1.03706,-1.62718,-0.06417,1.80658,-0.81595,1.27469,-0.10778,0.21412,-0.38505,-0.14001,-0.78428,0.259,-0.15215,-0.17859,2.78299,-0.62962,-2.96636,-4.95239,0.41089,0.07991,-0.16622
65.16,-0.27747,-0.10865,0.39679,-0.04948,0,-0.11438,-1.62022,0.04713,0.53812,-0.49765,-0.02411,0.88039,2.49044,-0.33663,-3.18603,7.63072,10.90266,-4.08709,-4.66296,0.83405,-1.75503,-0.07482,1.80123,-0.82259,0.81377,-0.1358,0.2018,-0.31014,0.14673,-0.76125,0.2274,-0.32247,-0.35956,2.70486,-0.67458,-2.98814,-4.94899,0.59655,0.16295,-0.06362
65.18,-0.31148,-0.10276,0.40358,-0.21037,0,-0.0752,-1.56262,-0.04129,0.71473,-0.41256,-0.00973,1.00834,3.88603,0.2582,-2.50258,7.4703,6.69511,-4.2355,-4.06013,0.5685,-1.89084,-0.05559,1.73265,-0.73376,0.39565,-0.1345,0.17792,-0.2489,0.44819,-0.72945,0.20462,-0.4702,-0.51035,2.52404,-0.71507,-2.92457,-4.79696,0.74139,0.24334,0.07461
65.2,-0.35218,-0.09303,0.40942,-0.38851,0,-0.02177,-1.47709,-0.14943,0.89124,-0.30283,0.00485,1.13903,5.365,0.87997,-1.59261,6.96096,1.80356,-4.45642,-3.13007,0.24898,-2.04309,-0.0019,1.61186,-0.57498,0.01412,-0.11105,0.14267,-0.20554,0.75454,-0.68945,0.19091,-0.5908,-0.62665,2.24609,-0.75014,-2.77244,-4.50254,0.83806,0.31857,0.25007
65.22,-0.39861,-0.07934,0.41412,-0.57513,0,0.04563,-1.3673,-0.27567,1.06111,-0.16982,0.0231,1.27339,6.81601,1.45874,-0.54049,6.13867,-3.41755,-4.62012,-1.89733,-0.11505,-2.21897,0.08934,1.45012,-0.37039,-0.33665,-0.07247,0.0956,-0.18243,1.05504,-0.63997,0.18479,-0.68254,-0.70758,1.88224,-0.77889,-2.53018,-4.07888,0.88219,0.38557,0.45779
65.24,-0.44949,-0.06154,0.4174,-0.75881,0,0.1252,-1.23785,-0.41595,1.21655,-0.01626,0.04925,1.41053,8.11399,1.91901,0.54671,5.06717,-8.54692,-4.5675,-0.42149,-0.51271,-2.42235,0.2185,1.25859,-0.14205,-0.66128,-0.02548,0.03556,-0.17998,1.33841,-0.57797,0.18323,-0.74638,-0.75539,1.44844,-0.80034,-2.19809,-3.54467,0.87288,0.44091,0.68594
65.26,-0.50325,-0.0395,0.41891,-0.92641,0,0.21364,-1.09388,-0.56376,1.34884,0.15329,0.08705,1.54608,9.13754,2.19301,1.55626,3.82663,-13.15557,-4.14824,1.20298,-0.93067,-2.65149,0.38165,1.04806,0.09018,-0.96243,0.02354,-0.03915,-0.19659,1.59336,-0.49892,0.18199,-0.7856,-0.77498,0.96374,-0.81339,-1.77877,-2.9222,0.81284,0.48099,0.91659
65.28,-0.55816,-0.01311,0.41822,-1.06445,0,0.30639,-0.94057,-0.71039,1.44897,0.33229,0.13846,1.67113,9.78777,2.23444,2.38857,2.50045,-16.87218,-3.26189,2.85114,-1.35237,-2.89724,0.56915,0.82874,0.30841,-1.2401,0.06859,-0.13057,-0.22883,1.80933,-0.39735,0.17607,-0.80511,-0.77303,0.44855,-0.81675,-1.27778,-2.23526,0.7083,0.50249,1.12742
65.3,-0.61243,0.01768,0.41485,-1.16045,0,0.39797,-0.7828,-0.84547,1.50843,0.5123,0.20269,1.77213,10.00364,2.02901,2.97314,1.16335,-19.43861,-1.88967,4.37666,-1.75762,-3.14232,0.76504,0.61015,0.49623,-1.4911,0.1039,-0.24077,-0.27177,1.97723,-0.26749,0.16026,-0.81069,-0.75716,-0.07707,-0.80896,-0.70439,-1.50749,0.56867,0.50279,1.29406
65.32,-0.66426,0.05278,0.40828,-1.20437,0,0.48241,-0.62496,-0.95791,1.52015,0.68347,0.27578,1.83244,9.77007,1.59854,3.27764,-0.12623,-20.74204,-0.10662,5.62621,-2.12333,-3.3622,0.94771,0.40109,0.63823,-1.7088,0.12389,-0.37143,-0.31936,2.09008,-0.10403,0.1297,-0.80822,-0.73502,-0.59466,-0.78854,-0.07215,-0.76108,0.40588,0.48036,1.39296
65.34,-0.71194,0.09197,0.39804,-1.18968,0,0.55382,-0.47085,-1.03701,1.47944,0.83562,0.3511,1.83549,9.11667,0.99739,3.30843,-1.32865,-20.81795,1.93004,6.45851,-2.42536,-3.52762,1.09202,0.20954,0.71968,-1.8831,0.12315,-0.5235,-0.36509,2.14361,0.09712,0.08031,-0.80279,-0.71342,-1.08834,-0.75421,0.60082,-0.01601,0.23342,0.43511,1.40436
65.36,-0.75388,0.13479,0.38371,-1.11423,0,0.60698,-0.32371,-1.07387,1.38479,0.95953,0.42037,1.76941,8.10881,0.30242,3.10368,-2.4209,-19.8271,4.01296,6.76604,-2.64125,-3.60853,1.17266,0.04247,0.72652,-2.00095,0.09656,-0.69671,-0.40259,2.13657,0.33815,0.00922,-0.79799,-0.69765,-1.54532,-0.70516,1.29202,0.71023,0.06522,0.36863,1.31538
65.38,-0.78863,0.18057,0.36496,-0.98088,0,0.63789,-0.18635,-1.06271,1.23867,1.0484,0.47512,1.63229,6.83426,-0.40071,2.72192,-3.39173,-18.01642,5.92697,6.49542,-2.75336,-3.57863,1.16799,-0.09432,0.64569,-2.04724,0.03941,-0.88932,-0.42631,2.07104,0.61879,-0.08488,-0.79541,-0.69088,-1.95614,-0.64132,1.97533,1.40272,-0.08562,0.28431,1.12251
65.4,-0.81494,0.22836,0.34165,-0.79767,0,0.64423,-0.06123,-1.00202,1.0478,1.09901,0.50804,1.43579,5.38937,-1.03113,2.22968,-4.23604,-15.67448,7.48989,5.66153,-2.75154,-3.41949,1.06346,-0.19662,0.46607,-2.00614,-0.05213,-1.09775,-0.43207,1.95258,0.93576,-0.20159,-0.79433,-0.69392,-2.31455,-0.5636,2.6221,2.04868,-0.20788,0.18724,0.83327
65.42,-0.83182,0.27691,0.3138,-0.5776,0,0.62557,0.04954,-0.89507,0.82306,1.11223,0.51403,1.20281,3.86744,-1.5236,1.69083,-4.9504,-13.08993,8.58145,4.35071,-2.63451,-3.12322,0.85399,-0.26218,0.17971,-1.86288,-0.18059,-1.31649,-0.41731,1.7901,1.28257,-0.33869,-0.79189,-0.70531,-2.61711,-0.47384,3.20279,2.63706,-0.29308,0.08396,0.46625
65.44,-0.83845,0.32468,0.28163,-0.33774,0,0.58332,0.14427,-0.74978,0.57858,1.0928,0.49068,0.95853,2.35078,-1.83476,1.15933,-5.53069,-10.51792,9.15534,2.71138,-2.40966,-2.69313,0.54462,-0.29117,-0.21642,-1.6057,-0.34649,-1.53807,-0.38119,1.59532,1.64942,-0.4923,-0.78353,-0.72162,-2.86246,-0.3747,3.68907,3.15789,-0.33592,-0.01814,0.04946
65.46,-0.83425,0.36981,0.24545,-0.09791,0,0.52044,0.22189,-0.57796,0.33041,1.0484,0.43825,0.72195,0.90648,-1.94516,0.67546,-5.97212,-8.1566,9.23521,0.93372,-2.09151,-2.14281,0.14991,-0.28668,-0.71847,-1.22802,-0.5477,-1.75325,-0.32437,1.38195,2.02354,-0.65709,-0.7638,-0.7381,-3.05054,-0.26916,4.05625,3.60192,-0.3345,-0.11155,-0.38268
65.48,-0.81878,0.41024,0.20568,0.12108,0,0.44098,0.2822,-0.3941,0.09485,0.98839,0.3593,0.50331,-0.41477,-1.85787,0.2651,-6.27081,-6.13448,8.89967,-0.77639,-1.69944,-1.49393,-0.30768,-0.25504,-1.31376,-0.73049,-0.77863,-1.95146,-0.24878,1.16469,2.38977,-0.82671,-0.72724,-0.74944,-3.1819,-0.16018,4.28577,3.96043,-0.29017,-0.18946,-0.79334
65.5,-0.79184,0.44377,0.16278,0.2992,0,0.34968,0.32602,-0.21393,-0.11321,0.92239,0.25818,0.30549,-1.57793,-1.59502,-0.05896,-6.426,-4.5081,8.26199,-2.22407,-1.25533,-0.77383,-0.79983,-0.20581,-1.97909,-0.12263,-1.02971,-2.12145,-0.15719,0.95811,2.73139,-0.99415,-0.66935,-0.75051,-3.25718,-0.05025,4.36727,4.22535,-0.20725,-0.24651,-1.14725
65.52,-0.75343,0.46819,0.1172,0.41907,0,0.25145,0.35531,-0.05293,-0.28171,0.85911,0.14049,0.1262,-2.56191,-1.19318,-0.29452,-6.44157,-3.26929,7.44935,-3.24773,-0.78158,-0.01311,-1.29428,-0.15138,-2.67969,0.57633,-1.28693,-2.25201,-0.05302,0.77544,3.03115,-1.15221,-0.58733,-0.73703,-3.27686,0.05878,4.29961,4.38965,-0.09255,-0.27924,-1.41419
65.54,-0.70377,0.48149,0.06937,0.4677,0,0.15101,0.37298,0.07521,-0.4024,0.8053,0.01258,-0.04002,-3.35787,-0.69825,-0.44707,-6.32624,-2.36017,6.58466,-3.73498,-0.29974,0.75659,-1.75679,-0.10589,-3.36934,1.33772,-1.53195,-2.3329,0.06,0.62737,3.27243,-1.29383,-0.48055,-0.70593,-3.2411,0.16575,4.09073,4.44775,0.04541,-0.28635,-1.57167
65.56,-0.64329,0.48204,0.01969,0.43792,0,0.05249,0.38263,0.15991,-0.47158,0.76509,-0.11888,-0.19997,-3.96788,-0.16036,-0.52692,-6.09267,-1.69316,5.77223,-3.63148,0.17032,1.50448,-2.153,-0.0838,-3.99181,2.12466,-1.74265,-2.35576,0.17794,0.52089,3.44049,-1.41246,-0.35072,-0.65566,-3.14987,0.27,3.75634,4.3962,0.19713,-0.26858,-1.60666
65.58,-0.5726,0.46879,-0.03151,0.32955,0,-0.0408,0.38822,0.1949,-0.49031,0.73979,-0.24736,-0.36007,-4.40414,0.37087,-0.54684,-5.75589,-1.17222,5.08813,-2.94387,0.61086,2.20224,-2.45054,-0.09805,-4.48387,2.89409,-1.89441,-2.31503,0.2969,0.45839,3.52383,-1.50244,-0.20186,-0.5862,-3.00331,0.37117,3.31812,4.2345,0.35307,-0.22848,-1.51651
65.6,-0.49259,0.44143,-0.08393,0.14981,0,-0.12648,0.3937,0.1789,-0.46427,0.72793,-0.36684,-0.52472,-4.68834,0.85044,-0.52028,-5.33182,-0.71161,4.57489,-1.73745,1.00631,2.82551,-2.62143,-0.15832,-4.77999,3.59896,-1.96228,-2.20877,0.4131,0.43727,3.51523,-1.5593,-0.03998,-0.49909,-2.80228,0.4689,2.80173,3.96589,0.50434,-0.17005,-1.30901
65.62,-0.40436,0.40051,-0.13731,-0.08704,0,-0.2031,0.40267,0.11574,-0.40311,0.72582,-0.47226,-0.69469,-4.85089,1.24132,-0.46037,-4.83596,-0.24889,4.24041,-0.12908,1.34336,3.35499,-2.64495,-0.26939,-4.81845,4.19061,-1.92372,-2.03894,0.52297,0.45014,3.41241,-1.57998,0.12729,-0.39725,-2.54883,0.56267,2.23479,3.59782,0.64329,-0.09826,-1.00136
65.64,-0.3093,0.34736,-0.19139,-0.36106,0,-0.27001,0.41813,0.01386,-0.31942,0.72835,-0.55994,-0.86545,-4.92936,1.51704,-0.37959,-4.28249,0.24918,4.06043,1.7244,1.611,3.77749,-2.51069,-0.43,-4.54866,4.62072,-1.76207,-1.81124,0.62332,0.48581,3.21795,-1.56287,0.29136,-0.28479,-2.24661,0.65161,1.64484,3.14195,0.7639,-0.01854,-0.61835
65.66,-0.20899,0.28399,-0.24589,-0.64876,0,-0.32711,0.44234,-0.11479,-0.22727,0.72999,-0.62806,-1.02673,-4.96655,1.66341,-0.28985,-3.684,0.78731,3.98409,3.64124,1.80067,4.08675,-2.22163,-0.63216,-3.93862,4.84296,-1.47005,-1.53448,0.71144,0.53077,2.93875,-1.50779,0.44344,-0.16669,-1.90103,0.73455,1.05758,2.6136,0.8619,0.06372,-0.18962
65.68,-0.10518,0.21291,-0.30048,-0.92568,0,-0.37459,0.4767,-0.25606,-0.14077,0.72589,-0.67696,-1.16652,-5.00784,1.67944,-0.20274,-3.05187,1.34713,3.94196,5.43199,1.9065,4.28411,-1.79662,-0.86116,-2.98142,4.81389,-1.05263,-1.21974,0.78528,0.57101,2.58521,-1.41593,0.57527,-0.04842,-1.51935,0.81005,0.49538,2.03106,0.93488,0.14359,0.25321
65.7,0.00022,0.13689,-0.35479,-1.16878,0,-0.41272,0.52182,-0.39513,-0.07268,0.71267,-0.70921,-1.27836,-5.09819,1.57704,-0.12952,-2.3973,1.895,3.85581,6.91731,1.92532,4.37858,-1.2713,-1.09629,-1.6986,4.4929,-0.52832,-0.87945,0.84359,0.59371,2.17045,-1.28976,0.67989,0.0644,-1.11071,0.87662,-0.02367,1.41476,0.98216,0.21703,0.67936
65.72,0.10523,0.05882,-0.40841,-1.35859,0,-0.44167,0.57758,-0.51782,-0.03338,0.68898,-0.72926,-1.36618,-5.27839,1.37931,-0.08052,-1.73285,2.39036,3.64954,7.94505,1.85646,4.38601,-0.69671,-1.31244,-0.13893,3.84059,0.072,-0.52656,0.88595,0.58861,1.70943,-1.13294,0.75211,0.16637,-0.68593,0.93278,-0.48607,0.78639,1.00462,0.28096,1.0612
65.74,0.20784,-0.01846,-0.46083,-1.48056,0,-0.46142,0.64332,-0.61177,-0.0303,0.65546,-0.74265,-1.44285,-5.58087,1.11729,-0.06398,-1.07392,2.79327,3.26052,8.40561,1.701,4.32723,-0.13502,-1.48253,1.62815,2.8162,0.70904,-0.17378,0.91271,0.5489,1.21808,-0.95014,0.78881,0.25262,-0.25707,0.97727,-0.88286,0.16785,1.00433,0.3334,1.37605
65.76,0.30609,-0.09237,-0.51146,-1.52595,0,-0.47174,0.71806,-0.66738,-0.06759,0.61438,-0.75491,-1.5253,-6.02534,0.82572,-0.08446,-0.44014,3.0706,2.65022,8.24445,1.46094,4.22543,0.34698,-1.58066,3.52315,1.37486,1.34134,0.16718,0.92484,0.47157,0.7125,-0.74672,0.78907,0.31922,0.16319,1.00908,-1.20905,-0.41987,0.98411,0.3733,1.60735
65.78,0.39818,-0.16068,-0.55967,-1.49215,0,-0.47229,0.8007,-0.6785,-0.14621,0.56907,-0.77043,-1.62927,-6.61535,0.53847,-0.14133,0.1438,3.20052,1.81269,7.47041,1.1384,4.10347,0.68578,-1.58546,5.46844,-0.53332,1.93239,0.48611,0.92379,0.35731,0.20822,-0.52856,0.75408,0.36343,0.56233,1.02755,-1.46309,-0.95777,0.94717,0.40039,1.74543
65.8,0.48252,-0.22159,-0.60481,-1.38257,0,-0.4627,0.8902,-0.64281,-0.26409,0.52325,-0.79152,-1.76513,-7.33635,0.28452,-0.22796,0.64835,3.17496,0.779,6.15724,0.73523,3.9815,0.82877,-1.48309,7.39825,-2.9605,2.45716,0.77474,0.91131,0.21027,-0.28033,-0.30178,0.68703,0.38398,0.92865,1.03246,-1.64626,-1.42967,0.89668,0.41503,1.78773
65.82,0.55782,-0.27378,-0.64622,-1.206,0,-0.44268,0.98565,-0.56183,-0.41652,0.48058,-0.81791,-1.93532,-8.15611,0.08522,-0.332,1.04043,2.99989,-0.38436,4.4361,0.25321,3.87544,0.74074,-1.2694,9.26397,-5.95332,2.90648,1.02687,0.88927,0.03741,-0.74019,-0.07259,0.59281,0.38114,1.25174,1.02403,-1.76212,-1.8227,0.83553,0.41801,1.73856
65.84,0.62311,-0.31639,-0.68327,-0.97558,0,-0.41214,1.08625,-0.44058,-0.59658,0.44424,-0.84678,-2.13383,-9.02751,-0.04698,-0.43717,1.28624,2.69336,-1.58343,2.47858,-0.30513,3.79609,0.40824,-0.95093,11.03346,-9.53984,3.28843,1.23836,0.85952,-0.15223,-1.16002,0.15288,0.47756,0.35669,1.52288,1.00282,-1.8162,-2.1274,0.76603,0.41045,1.60826
65.86,0.67772,-0.34896,-0.71538,-0.70737,0,-0.37121,1.19117,-0.28686,-0.79564,0.4167,-0.8733,-2.34747,-9.89345,-0.10848,-0.52597,1.35533,2.28211,-2.71015,0.4726,-0.93511,3.74911,-0.15801,-0.54466,12.68465,-13.71225,3.62675,1.40698,0.82368,-0.34848,-1.53042,0.36878,0.3482,0.31372,1.7352,0.96964,-1.8157,-2.33766,0.68976,0.39361,1.41197
65.88,0.72128,-0.37142,-0.74202,-0.41878,0,-0.32034,1.29945,-0.11039,-1.00394,0.39953,-0.89134,-2.55826,-10.69307,-0.10344,-0.58294,1.22503,1.79758,-3.65819,-1.40383,-1.62827,3.73539,-0.92279,-0.07707,14.19496,-18.40748,3.95619,1.53227,0.78312,-0.54096,-1.84404,0.56978,0.21187,0.25636,1.8839,0.92543,-1.76948,-2.45053,0.60752,0.36891,1.16818
65.9,0.75379,-0.38397,-0.76281,-0.12711,0,-0.26036,1.40989,0.07811,-1.21113,0.39324,-0.89443,-2.74633,-11.36783,-0.04218,-0.59747,0.88467,1.27234,-4.33812,-3.00536,-2.37058,3.75158,-1.82785,0.41762,15.52787,-23.48859,4.31547,1.61533,0.73892,-0.72002,-2.09586,0.75117,0.0755,0.18946,1.96643,0.87128,-1.68792,-2.46612,0.51933,0.33783,0.89728
65.92,0.77557,-0.38713,-0.77754,0.15178,0,-0.19255,1.52106,0.2679,-1.40685,0.39692,-0.87641,-2.8926,-11.86619,0.06063,-0.56559,0.3385,0.73756,-4.68889,-4.2341,-3.14098,3.79045,-2.79553,0.89958,16.61878,-28.73017,4.7379,1.65866,0.69199,-0.87754,-2.28325,0.90905,-0.05463,0.11823,1.9826,0.80837,-1.58264,-2.38745,0.42463,0.30192,0.61999
65.94,0.78727,-0.38162,-0.78615,0.40461,0,-0.11869,1.63133,0.44911,-1.58127,0.40793,-0.83198,-2.98079,-12.14629,0.18782,-0.49033,-0.39306,0.2216,-4.6844,-5.04446,-3.91045,3.84082,-3.73438,1.32606,17.36253,-33.81155,5.24077,1.66584,0.64317,-1.00748,-2.40603,1.04032,-0.17313,0.0478,1.9346,0.73806,-1.46602,-2.22028,0.3225,0.2627,0.35585
65.96,0.7898,-0.36834,-0.78876,0.62148,0,-0.04107,1.73895,0.61351,-1.72566,0.42152,-0.75701,-2.99891,-12.177,0.32149,-0.38077,-1.27396,-0.2503,-4.3348,-5.43916,-4.64222,3.88749,-4.54692,1.65432,17.60715,-38.32211,5.81532,1.64134,0.59343,-1.10637,-2.4664,1.14283,-0.27577,-0.01711,1.82703,0.66196,-1.35036,-1.97297,0.21197,0.2216,0.12177
65.98,0.78433,-0.34837,-0.7857,0.79647,0,0.03748,1.84229,0.75518,-1.83312,0.4308,-0.64879,-2.9402,-11.93833,0.44478,-0.25027,-2.25454,-0.65581,-3.68375,-5.4594,-5.29322,3.91153,-5.13891,1.84465,17.15897,-41.78258,6.41977,1.59027,0.54405,-1.17347,-2.46888,1.21538,-0.3596,-0.07265,1.66679,0.58204,-1.24697,-1.65642,0.09237,0.17991,-0.06928
66,0.77224,-0.32293,-0.77749,0.92767,0,0.11374,1.94004,0.87085,-1.89916,0.42717,-0.50644,-2.80385,-11.42152,0.54353,-0.11423,-3.27463,-0.97537,-2.80227,-5.17233,-5.81707,3.89163,-5.42949,1.86311,15.80417,-43.68544,6.97849,1.51817,0.49673,-1.21068,-2.4202,1.25783,-0.42299,-0.11601,1.46299,0.50073,-1.1653,-1.28397,-0.03634,0.13868,-0.20905
66.02,0.75506,-0.29336,-0.76488,1.0168,0,0.18421,2.03139,0.95982,-1.92236,0.40149,-0.33131,-2.5953,-10.62913,0.60792,0.01205,-4.26764,-1.19248,-1.77976,-4.65863,-6.16866,3.80647,-5.36126,1.68357,13.34886,-43.5547,7.3891,1.43083,0.45361,-1.22198,-2.32887,1.27113,-0.46558,-0.14562,1.2266,0.42102,-1.11217,-0.87113,-0.17318,0.09871,-0.29436
66.04,0.73436,-0.26111,-0.74887,1.0682,0,0.2454,2.11608,1.02357,-1.90465,0.34589,-0.12765,-2.32612,-9.57488,0.63396,0.11524,-5.16539,-1.29464,-0.71309,-4.00147,-6.31003,3.63818,-4.90939,1.28907,9.6748,-41.02134,7.53793,1.33389,0.41716,-1.21255,-2.20452,1.25724,-0.48809,-0.16108,0.96981,0.34641,-1.09111,-0.43515,-0.31594,0.06049,-0.32683
66.06,0.71159,-0.22764,-0.73062,1.0875,0,0.29409,2.19431,1.06499,-1.8515,0.25604,0.09701,-2.01339,-8.28359,0.62451,0.18534,-5.90344,-1.275,0.3053,-3.27803,-6.21717,3.37625,-4.08856,0.67257,4.8006,-35.90438,7.32138,1.23252,0.38995,-1.18756,-2.057,1.219,-0.49205,-0.163,0.70517,0.28078,-1.1019,0.00583,-0.46106,0.02427,-0.31208
66.08,0.68794,-0.1944,-0.71142,1.08033,0,0.32772,2.26669,1.08759,-1.7717,0.13335,0.3316,-1.67859,-6.79131,0.58957,0.21648,-6.4264,-1.13401,1.1982,-2.55356,-5.88664,3.02088,-2.95632,-0.16272,-1.06823,-28.28114,6.66841,1.13099,0.37429,-1.15107,-1.89542,1.16004,-0.47957,-0.15274,0.44473,0.22821,-1.14046,0.43359,-0.60359,-0.00998,-0.25876
66.1,0.66423,-0.16271,-0.69263,1.05116,0,0.34462,2.33415,1.09479,-1.67673,-0.01349,0.56201,-1.34567,-5.14552,0.54523,0.20702,-6.69226,-0.88064,1.91135,-1.87815,-5.3406,2.58437,-1.61071,-1.2031,-7.52034,-18.52449,5.55831,1.03238,0.37197,-1.10516,-1.72737,1.08457,-0.45305,-0.13213,0.19926,0.19266,-1.19903,0.83066,-0.73741,-0.04249,-0.17742
66.12,0.64085,-0.13373,-0.67557,1.00272,0,0.34413,2.39773,1.08941,-1.5795,-0.16822,0.77233,-1.03832,-3.40459,0.51103,0.15881,-6.67502,-0.53251,2.41667,-1.28584,-4.62853,2.08949,-0.18029,-2.42433,-13.96756,-7.28464,4.02845,0.93835,0.38399,-1.04971,-1.55821,0.99718,-0.415,-0.10315,-0.02231,0.17773,-1.26673,1.18109,-0.85556,-0.07361,-0.07938
66.14,0.6177,-0.10841,-0.66138,0.93586,0,0.32663,2.45829,1.07347,-1.49246,-0.30813,0.94704,-0.77626,-1.63603,0.50562,0.0758,-6.36522,-0.11446,2.71037,-0.7955,-3.82496,1.56446,1.19357,-3.79182,-19.72569,4.59137,2.16964,0.84895,0.41034,-0.98259,-1.39067,0.90249,-0.36782,-0.06764,-0.21311,0.18626,-1.33053,1.47091,-0.95077,-0.10367,0.02422
66.16,0.59419,-0.0874,-0.65078,0.84996,0,0.29332,2.51614,1.04821,-1.42536,-0.40662,1.07371,-0.57127,0.08651,0.54163,-0.03774,-5.76879,0.3439,2.80726,-0.41314,-3.02333,1.03551,2.37976,-5.2609,-24.13369,16.17837,0.11106,0.76259,0.4499,-0.90047,-1.2246,0.80474,-0.31366,-0.02701,-0.36842,0.21991,-1.37646,1.68869,-1.01614,-0.1329,0.12328
66.18,0.56932,-0.07101,-0.64393,0.7437,0,0.24606,2.5707,1.01426,-1.3831,-0.43647,1.14573,-0.42376,1.68721,0.62087,-0.17893,-4.90514,0.81127,2.73313,-0.13473,-2.32717,0.51913,3.281,-6.77726,-26.68214,26.60106,-2.00059,0.6762,0.50045,-0.79981,-1.05711,0.70745,-0.25434,0.01789,-0.48556,0.27889,-1.39104,1.82593,-1.04591,-0.16131,0.20934
66.2,0.54179,-0.05917,-0.64035,0.61585,0,0.18714,2.62025,0.97194,-1.36424,-0.37338,1.16412,-0.32114,3.09245,0.73144,-0.34738,-3.80497,1.25749,2.51743,0.05065,-1.83992,0.01654,3.85225,-8.27719,-27.11538,35.15398,-4.02194,0.58551,0.55868,-0.67801,-0.88304,0.61313,-0.19125,0.06685,-0.56369,0.3616,-1.36255,1.87746,-1.03617,-0.18858,0.27606
66.22,0.51024,-0.05147,-0.63889,0.46607,0,0.11918,2.66163,0.9215,-1.36062,-0.19926,1.13792,-0.23866,4.23542,0.84794,-0.54528,-2.50825,1.65553,2.18806,0.15808,-1.65419,-0.48792,4.10883,-9.68774,-25.47706,41.38484,-5.82922,0.48568,0.6203,-0.53413,-0.69585,0.52307,-0.1254,0.12022,-0.60352,0.46456,-1.28195,1.84169,-0.98539,-0.21404,0.31934
66.24,0.47344,-0.04718,-0.63779,0.29541,0,0.04506,2.69007,0.8631,-1.35814,0.0953,1.08273,-0.14329,5.06074,0.93521,-0.77627,-1.06216,1.9825,1.76894,0.20441,-1.84124,-1.02348,4.12239,-10.92711,-22.08681,45.11751,-7.32771,0.37199,0.68029,-0.36934,-0.48871,0.43739,-0.05737,0.17865,-0.60704,0.58237,-1.14352,1.7206,-0.89466,-0.23663,0.33725
66.26,0.43048,-0.04529,-0.63485,0.10652,0,-0.03208,2.6991,0.79685,-1.33874,0.50913,1.01777,0.00025,5.52911,0.95495,-1.04352,0.48087,2.21985,1.28028,0.20657,-2.44158,-1.62554,4.00606,-11.90614,-17.45881,46.42122,-8.45464,0.24069,0.73305,-0.18687,-0.25587,0.35504,0.0126,0.24275,-0.5772,0.70792,-0.94491,1.51973,-0.76764,-0.25498,0.32979
66.28,0.38105,-0.04466,-0.62766,-0.09626,0,-0.10881,2.6807,0.72268,-1.28295,1.02943,0.96223,0.2224,5.62161,0.87372,-1.3474,2.06491,2.35326,0.7407,0.18031,-3.45761,-2.32611,3.89287,-12.53172,-12.19022,45.54858,-9.17745,0.08977,0.7728,0.00825,0.00616,0.2741,0.08448,0.31261,-0.5177,0.83269,-0.68718,1.24794,-0.61027,-0.2675,0.29855
66.3,0.32547,-0.04405,-0.61382,-0.30695,0,-0.18131,2.6259,0.64036,-1.1727,1.6314,0.93158,0.5422,5.34291,0.67035,-1.68338,3.63224,2.37258,0.16995,0.13943,-4.8496,-3.14422,3.91231,-12.7127,-6.85205,42.8636,-9.48933,-0.0804,0.79378,0.20968,0.29748,0.19212,0.15832,0.3874,-0.43279,0.94703,-0.37456,0.91714,-0.43034,-0.27251,0.24635
66.32,0.26477,-0.0423,-0.59116,-0.51806,0,-0.24539,2.52563,0.54957,-0.99369,2.27879,0.93482,0.96301,4.72249,0.34112,-2.04084,5.12504,2.27226,-0.40898,0.09526,-6.53629,-4.07857,4.16895,-12.36843,-1.90878,38.77616,-9.40363,-0.26695,0.79063,0.4103,0.61435,0.10647,0.23386,0.46493,-0.32713,1.04048,-0.01428,0.54175,-0.23677,-0.26839,0.17689
66.34,0.20043,-0.03839,-0.55789,-0.72074,0,-0.29655,2.37183,0.45007,-0.73723,2.92554,0.97278,1.47141,3.81352,-0.09836,-2.40292,6.48747,2.05212,-0.96896,0.05648,-8.40054,-5.1035,4.72592,-11.43928,2.32061,33.69228,-8.94828,-0.46469,0.75861,0.60263,0.94924,0.01491,0.31023,0.54134,-0.20566,1.10212,0.38376,0.1379,-0.03871,-0.25377,0.09451
66.36,0.13415,-0.03154,-0.51267,-0.90501,0,-0.33009,2.15877,0.34201,-0.40132,3.51877,1.03782,2.0384,2.68943,-0.61447,-2.74765,7.6682,1.71844,-1.47949,0.02898,-10.29936,-6.16907,5.59444,-9.89833,5.6627,27.98314,-8.16105,-0.66681,0.69385,0.77942,1.29146,-0.08398,0.38551,0.61092,-0.07343,1.12091,0.80734,-0.27762,0.15551,-0.22768,0.00383
66.38,0.06746,-0.02135,-0.45468,-1.06008,0,-0.34147,1.8844,0.22615,0.0088,4.00327,1.11479,2.62155,1.43908,-1.15957,-3.04984,8.62348,1.28479,-1.90864,0.01597,-12.07658,-7.2048,6.73018,-7.7625,8.06339,21.97147,-7.08629,-0.86572,0.59366,0.934,1.62821,-0.19037,0.4565,0.66627,0.0645,1.08615,1.24227,-0.68853,0.33933,-0.18962,-0.09042
66.4,0.00146,-0.00781,-0.38367,-1.17477,0,-0.32662,1.55145,0.10411,0.48068,4.32745,1.18302,3.16897,0.16093,-1.67789,-3.28365,9.32016,0.77211,-2.22581,0.01821,-13.57609,-8.12678,8.0368,-5.10007,9.5518,15.93024,-5.77304,-1.05398,0.45685,1.06055,1.94568,-0.30284,0.51856,0.69853,0.20327,0.98819,1.67282,-1.0801,0.50878,-0.13967,-0.18366
66.42,-0.06336,0.00863,-0.29999,-1.23789,0,-0.28249,1.16796,-0.0216,0.99516,4.45095,1.21921,3.62587,-1.04347,-2.11254,-3.42517,9.73819,0.20722,-2.40476,0.0344,-14.65358,-8.84731,9.37683,-2.03183,10.20774,10.08795,-4.274,-1.225,0.28408,1.15421,2.23015,-0.41824,0.5658,0.69812,0.33831,0.81914,2.08205,-1.43991,0.6628,-0.07845,-0.27177
66.44,-0.12717,0.02705,-0.20455,-1.23883,0,-0.20754,0.7471,-0.14773,1.52742,4.35356,1.20098,3.94218,-2.07661,-2.41305,-3.45486,9.8722,-0.38022,-2.42666,0.06178,-15.18596,-9.28632,10.58931,1.27574,10.14051,4.63525,-2.64502,-1.37348,0.07817,1.21099,2.46871,-0.53178,0.59156,0.65565,0.46551,0.57386,2.45233,-1.75834,0.80312,-0.00691,-0.3513
66.46,-0.19074,0.04613,-0.09878,-1.1682,0,-0.10227,0.30622,-0.27068,2.04865,4.04536,1.11067,4.07951,-2.85231,-2.54258,-3.35977,9.73223,-0.96203,-2.28284,0.09684,-15.07878,-9.38338,11.51204,4.6248,9.4798,-0.26974,-0.94462,-1.49557,-0.15561,1.22755,2.64998,-0.63731,0.58921,0.56312,0.5814,0.25086,2.76588,-2.02887,0.93374,0.07379,-0.41975
66.48,-0.25518,0.06421,0.01541,-1.01866,0,0.03033,-0.13462,-0.38689,2.52813,3.57152,0.93864,4.01702,-3.30276,-2.48392,-3.13529,9.34375,-1.51585,-1.97699,0.13597,-14.27226,-9.10827,12.00482,7.80494,8.37436,-4.49839,0.76633,-1.58892,-0.40953,1.20106,2.76446,-0.72782,0.55304,0.41525,0.68324,-0.14672,3.00558,-2.24804,1.05999,0.16256,-0.47571
66.5,-0.32176,0.07941,0.13569,-0.78583,0,0.18455,-0.55426,-0.49326,2.9356,2.99889,0.68561,3.75507,-3.38431,-2.24279,-2.78632,8.74662,-2.02847,-1.52642,0.17604,-12.7461,-8.4676,11.9691,10.61354,6.99105,-7.95079,2.42491,-1.65245,-0.67341,1.12907,2.80493,-0.79602,0.47927,0.21075,0.76911,-0.61036,3.15586,-2.4152,1.18751,0.25848,-0.51876
66.52,-0.39161,0.08982,0.25942,-0.46926,0,0.35205,-0.93225,-0.58741,3.24382,2.38874,0.36316,3.31552,-3.08092,-1.84745,-2.32745,7.99237,-2.49679,-0.96187,0.2148,-10.5223,-7.505,11.35989,12.87464,5.50764,-10.55682,3.96664,-1.68601,-0.93511,1.00962,2.76635,-0.83498,0.3669,-0.04675,0.83781,-1.12586,3.20348,-2.53201,1.32088,0.36075,-0.54913
66.54,-0.46549,0.09363,0.38367,-0.07321,0,0.52235,-1.25054,-0.66772,3.43105,1.7791,-0.00779,2.73833,-2.40524,-1.34418,-1.78191,7.13969,-2.92622,-0.32559,0.25088,-7.66554,-6.29407,10.18826,14.45492,4.09637,-12.27902,5.32664,-1.68988,-1.1812,0.8414,2.64558,-0.83882,0.21823,-0.34814,0.88858,-1.67349,3.13837,-2.60144,1.46235,0.46854,-0.567
66.56,-0.54356,0.08937,0.50539,0.39276,0,0.68363,-1.49514,-0.73328,3.48345,1.18417,-0.40019,2.07521,-1.39702,-0.78961,-1.17964,6.24853,-3.32674,0.33205,0.28373,-4.28117,-4.92572,8.51537,15.27615,2.90035,-13.1166,6.44161,-1.66417,-1.39806,0.62403,2.44097,-0.80335,0.03915,-0.67887,0.92076,-2.2289,2.95424,-2.62677,1.61066,0.58068,-0.57182
66.58,-0.62528,0.07613,0.62156,0.91351,0,0.82384,-1.65751,-0.78372,3.39705,0.60021,-0.7848,1.38186,-0.11988,-0.24167,-0.55474,5.37425,-3.70774,0.95685,0.31323,-0.51041,-3.49337,6.44149,15.32327,2.00925,-13.10935,7.25289,-1.60839,-1.57313,0.35853,2.15189,-0.72679,-0.16091,-1.01946,0.93351,-2.76439,2.64924,-2.61054,1.76028,0.69529,-0.56166
66.6,-0.70934,0.05371,0.72933,1.46866,0,0.93178,-1.73545,-0.81905,3.17871,0.01148,-1.13426,0.71058,1.34351,0.24883,0.05705,4.56277,-4.07252,1.49537,0.33935,3.47722,-2.07967,4.09295,14.64697,1.44263,-12.33945,7.71033,-1.52118,-1.69611,0.04775,1.77849,-0.61033,-0.36941,-1.34664,0.92549,-3.25073,2.22642,-2.55377,1.90121,0.80944,-0.53318
66.62,-0.79371,0.02281,0.82618,2.03345,0,0.99809,-1.73329,-0.83952,2.84577,-0.60376,-1.42604,0.10456,2.8975,0.64416,0.62073,3.84767,-4.41367,1.89927,0.36171,7.49256,-0.7477,1.6095,13.35869,1.1475,-10.92857,7.77645,-1.40027,-1.75992,-0.30321,1.32168,-0.45867,-0.57153,-1.63494,0.89483,-3.65911,1.69386,-2.45543,2.01969,0.919,-0.48218
66.64,-0.8758,-0.01498,0.90998,2.58049,0,1.01608,-1.66122,-0.84551,2.42387,-1.26723,-1.64437,-0.40555,4.44079,0.92265,1.1041,3.24922,-4.70982,2.12902,0.37915,11.33697,0.46218,-0.86702,11.6178,1.0127,-9.02936,7.43072,-1.24265,-1.76135,-0.68674,0.78308,-0.28012,-0.75133,-1.85884,0.83913,-3.96327,1.06435,-2.31233,2.0996,1.01848,-0.40496
66.66,-0.95267,-0.05716,0.97914,3.08201,0,0.98228,-1.5341,-0.83752,1.94364,-1.99435,-1.7808,-0.80281,5.87457,1.07866,1.47958,2.77539,-4.92466,2.15705,0.38956,14.81705,1.53038,-3.20227,9.61291,0.89698,-6.81238,6.67341,-1.04491,-1.70131,-1.09275,0.16525,-0.08657,-0.89328,-1.99531,0.7557,-4.14166,0.35478,-2.11923,2.12458,1.10117,-0.30003
66.68,-1.0213,-0.10047,1.03264,3.51243,0,0.89684,-1.36978,-0.81622,1.43687,-2.78746,-1.83395,-1.08328,7.11063,1.12048,1.72566,2.42413,-5.00846,1.96999,0.38971,17.76189,2.45292,-5.27695,7.54074,0.66319,-4.451,5.52873,-0.80371,-1.5849,-1.5089,-0.52815,0.10706,-0.98379,-2.02626,0.64184,-4.17962,-0.41436,-1.86955,2.08039,1.15948,-0.16997
66.7,-1.07888,-0.14109,1.07012,3.85061,0,0.76369,-1.18753,-0.78266,0.93303,-3.62848,-1.80856,-1.25411,8.07829,1.06699,1.82807,2.1865,-4.90253,1.56964,0.37552,20.0376,3.23497,-6.99248,5.58654,0.20946,-2.10715,4.04605,-0.5162,-1.42117,-1.92102,-1.29204,0.28371,-1.01249,-1.94047,0.49522,-4.07104,-1.21907,-1.55622,1.95709,1.1853,-0.02265
66.72,-1.12301,-0.17488,1.09181,4.08124,0,0.59036,-1.00654,-0.73834,0.45678,-4.47107,-1.71413,-1.33072,8.729,0.94396,1.78029,2.04983,-4.54666,0.97252,0.34247,21.55638,3.88498,-8.27461,3.90833,-0.51027,0.08012,2.29814,-0.18027,-1.22265,-2.31378,-2.11969,0.42562,-0.9731,-1.73456,0.31415,-3.81907,-2.0314,-1.17295,1.75042,1.1706,0.12854
66.74,-1.15173,-0.19778,1.09844,4.19532,0,0.38747,-0.84467,-0.68543,0.02665,-5.23739,-1.5633,-1.33359,9.03823,0.78032,1.58371,2.00056,-3.88887,0.20769,0.28643,22.27967,4.41065,-9.07545,2.62624,-1.48033,2.00244,0.37593,0.20534,-1.00444,-2.67158,-3.00258,0.51628,-0.86355,-1.41279,0.09788,-3.43586,-2.81872,-0.71542,1.46229,1.10805,0.26578
66.76,-1.16354,-0.20619,1.09099,4.18972,0,0.16782,-0.71737,-0.62683,-0.34515,-5.83186,-1.37013,-1.28492,9.00511,0.60487,1.24721,2.02648,-2.89648,-0.68655,0.20449,22.21639,4.81688,-9.37428,1.81677,-2.63096,3.58618,-1.61952,0.64118,-0.78305,-2.97958,-3.93038,0.54263,-0.68574,-0.98583,-0.15334,-2.94115,-3.54319,-0.18262,1.10033,0.99169,0.36908
66.78,-1.15735,-0.19741,1.07055,4.06649,0,-0.05465,-0.63705,-0.56612,-0.65216,-6.17093,-1.14854,-1.20575,8.6505,0.44352,0.78655,2.11814,-1.56639,-1.66631,0.09596,21.41819,5.10566,-9.17763,1.51126,-3.85508,4.79333,-3.58603,1.12721,-0.57502,-3.22483,-4.89088,0.49741,-0.44503,-0.46913,-0.43791,-2.36051,-4.16215,0.42194,0.67697,0.81773,0.41917
66.8,-1.13244,-0.16999,1.03818,3.83209,0,-0.26597,-0.61258,-0.50742,-0.89279,-6.20622,-0.9112,-1.11378,8.01411,0.31723,0.22357,2.26943,0.06782,-2.68523,-0.03705,19.97291,5.27692,-8.51813,1.69764,-5.02868,5.61926,-5.42825,1.66274,-0.39554,-3.39725,-5.86965,0.38102,-0.1497,0.11864,-0.75264,-1.72321,-4.63026,1.0892,0.2083,0.58544,0.40058
66.82,-1.08841,-0.12406,0.99477,3.49666,0,-0.45336,-0.64917,-0.45507,-1.06911,-5.92831,-0.66867,-1.02213,7.15053,0.24075,-0.41491,2.47698,1.93441,-3.69642,-0.18938,17.9965,5.32988,-7.45171,2.32503,-6.02988,6.08767,-7.063,2.24596,-0.25701,-3.49009,-6.84919,0.20251,0.18933,0.75679,-1.09212,-1.06016,-4.90356,1.80389,-0.28701,0.29788,0.30422
66.84,-1.02514,-0.06135,0.941,3.07343,0,-0.60628,-0.74849,-0.41298,-1.186,-5.35918,-0.42907,-0.93903,6.12431,0.22191,-1.09857,2.73862,3.9288,-4.65326,-0.35314,15.62334,5.26406,-6.05267,3.31044,-6.75408,6.24308,-8.42158,2.87321,-0.16773,-3.49992,-7.80754,-0.02047,0.55871,1.42331,-1.44812,-0.40166,-4.94565,2.54441,-0.78876,-0.03747,0.12923
66.86,-0.9427,0.0148,0.87735,2.57828,0,-0.71743,-0.90884,-0.38402,-1.25025,-4.54286,-0.19805,-0.86839,5.00453,0.26169,-1.79525,3.05093,5.9247,-5.50947,-0.5186,12.9961,5.08019,-4.40736,4.54689,-7.12443,6.14208,-9.44987,3.53787,-0.13078,-3.42617,-8.71676,-0.26296,0.94267,2.09512,-1.80904,0.22464,-4.73499,3.28346,-1.27619,-0.40842,-0.11616
66.88,-0.84149,0.09967,0.80408,2.02942,0,-0.78358,-1.1255,-0.36926,-1.2701,-3.53724,0.02092,-0.81083,3.85968,0.35468,-2.47277,3.40647,7.78888,-6.21932,-0.67527,10.25646,4.78095,-2.60752,5.91209,-7.09794,5.84461,-10.10753,4.22923,-0.14316,-3.27053,-9.54157,-0.49483,1.32322,2.74805,-2.15969,0.79564,-4.2718,3.98926,-1.72887,-0.79818,-0.41472
66.9,-0.72232,0.18752,0.72139,1.44719,0,-0.80586,-1.39086,-0.36754,-1.25475,-2.40748,0.22602,-0.76489,2.75332,0.48997,-3.10064,3.79113,9.39643,-6.7386,-0.81313,7.53763,4.3717,-0.74442,7.27689,-6.66805,5.40668,-10.36761,4.93128,-0.19562,-3.03634,-10.2385,-0.68381,1.68046,3.35676,-2.48163,1.29408,-3.58249,4.62738,-2.12765,-1.18594,-0.74145
66.92,-0.58668,0.27201,0.62954,0.85355,0,-0.78971,-1.69458,-0.3753,-1.21394,-1.22108,0.41645,-0.72811,1.74088,0.65242,-3.65137,4.18189,10.64388,-7.02704,-0.92362,4.95902,3.86098,1.09558,8.51289,-5.86361,4.87526,-10.2172,5.62174,-0.27321,-2.72808,-10.7557,-0.7991,1.99338,3.89474,-2.75432,1.7092,-2.71947,5.16306,-2.45553,-1.54823,-1.0659
66.94,-0.43701,0.34687,0.52889,0.27122,0,-0.744,-2.02351,-0.38692,-1.15738,-0.04432,0.59165,-0.69776,0.86756,0.82438,-4.10141,4.54541,11.4587,-7.05193,-1.00039,2.62233,3.26081,2.83417,9.49911,-4.74483,4.28559,-9.65927,6.27136,-0.35669,-2.35089,-11.03369,-0.8154,2.24102,4.33456,-2.957,2.03663,-1.75571,5.56378,-2.69859,-1.86088,-1.35552
66.96,-0.27693,0.4065,0.42003,-0.27758,0,-0.67979,-2.36176,-0.39527,-1.09411,1.06024,0.75065,-0.67122,0.16704,0.98749,-4.43182,4.83789,11.80484,-6.79293,-1.03972,0.60906,2.58667,4.40302,10.12807,-3.39671,3.66094,-8.71558,6.84408,-0.42472,-1.91018,-11.00761,-0.71698,2.40417,4.64861,-3.07125,2.27781,-0.77483,5.80223,-2.84694,-2.10146,-1.57977
66.98,-0.11139,0.44658,0.30381,-0.77268,0,-0.60883,-2.69092,-0.39274,-1.03192,2.03564,0.89162,-0.64609,-0.33899,1.12466,-4.62886,5.00628,11.68442,-6.24692,-1.04067,-1.02107,1.85746,5.74484,10.31131,-1.92083,3.01454,-7.42957,7.29837,-0.45647,-1.41165,-10.61158,-0.50134,2.46724,4.81051,-3.08367,2.43897,0.1407,5.85915,-2.89553,-2.25198,-1.71416
67,0.05328,0.46459,0.18143,-1.19746,0,-0.54201,-2.99066,-0.37219,-0.97677,2.83192,1.01157,-0.62011,-0.64064,1.22175,-4.68432,4.99138,11.13536,-5.43151,-1.00499,-2.23076,1.09527,6.81395,9.98436,-0.42615,2.35301,-5.86786,7.58987,-0.43428,-0.86147,-9.78536,-0.18156,2.41995,4.79688,-2.9882,2.5299,0.92074,5.72566,-2.84476,-2.30099,-1.74355
67.02,0.20965,0.45995,0.05451,-1.54012,0,-0.4881,-3.23974,-0.32793,-0.93247,3.40746,1.10652,-0.59094,-0.73896,1.26891,-4.59559,4.73254,10.22436,-4.38562,-0.93664,-3.00498,0.325,7.57621,9.11024,0.98107,1.68082,-4.11838,7.67557,-0.34607,-0.26689,-8.48281,0.21313,2.25848,4.58949,-2.78725,2.56245,1.51555,5.40438,-2.70036,-2.24478,-1.66383
67.04,0.34967,0.43387,-0.07489,-1.79462,0,-0.4527,-3.41748,-0.25661,-0.90049,3.7304,1.17195,-0.556,-0.64469,1.2613,-4.36517,4.17386,9.03545,-3.16636,-0.84111,-3.35014,-0.42643,8.00872,7.68143,2.20801,1.00501,-2.28439,7.51898,-0.18715,0.36316,-6.68148,0.63918,1.98592,4.17747,-2.49153,2.54896,1.89973,4.90896,-2.47257,-2.08732,-1.48175
67.06,0.46547,0.38897,-0.20431,-1.96128,0,-0.43773,-3.50561,-0.15773,-0.8799,3.78019,1.2035,-0.51226,-0.37658,1.19923,-3.99993,3.27144,7.65587,-1.84264,-0.72444,-3.29283,-1.13133,8.0995,5.72036,3.18598,0.33955,-0.47515,7.09596,0.03866,1.0174,-4.3923,1.04267,1.61198,3.55945,-2.11854,2.50067,2.07226,4.26237,-2.1748,-1.8392,-1.21306
67.08,0.5502,0.32872,-0.33101,-2.04688,0,-0.44127,-3.49028,-0.03402,-0.86766,3.54935,1.19785,-0.45629,0.04026,1.08788,-3.51016,2.00057,6.16209,-0.48687,-0.59235,-2.87823,-1.76267,7.84751,3.27892,3.87992,-0.29128,1.20502,6.40044,0.31874,1.68163,-1.6676,1.36485,1.15239,2.74569,-1.69054,2.42656,2.0534,3.49452,-1.82206,-1.51585,-0.8797
67.1,0.59879,0.25693,-0.45208,-2.06424,0,-0.45792,-3.36381,0.10862,-0.85893,3.04471,1.15356,-0.38446,0.57594,0.93644,-2.90845,0.36168,4.60903,0.83354,-0.44946,-2.16773,-2.29553,7.26267,0.43684,4.29486,-0.85141,2.66654,5.4483,0.63256,2.33832,1.39472,1.54863,0.62811,1.75975,-1.23211,2.33265,1.87973,2.63974,-1.42964,-1.13569,-0.50663
67.12,0.60849,0.17733,-0.56467,-2.03094,0,-0.47973,-3.12568,0.26163,-0.84768,2.28789,1.07154,-0.29343,1.19728,0.75682,-2.20837,-1.61652,3.02435,2.06381,-0.29886,-1.23546,-2.70842,6.36566,-2.70154,4.47774,-1.29392,3.84166,4.27834,0.95359,2.96658,4.65326,1.54537,0.06447,0.63914,-0.76807,2.22202,1.59797,1.73427,-1.01213,-0.7182,-0.11879
67.14,0.57904,0.09327,-0.66623,-1.9673,0,-0.49748,-2.78257,0.41467,-0.82733,1.31435,0.95514,-0.18082,1.86922,0.56179,-1.42293,-3.87737,1.40878,3.16764,-0.14196,-0.16341,-2.98443,5.18693,-6.01253,4.5136,-1.56479,4.68784,2.94924,1.25258,3.54253,7.93259,1.32139,-0.50983,-0.56546,-0.32155,2.09545,1.25847,0.814,-0.58293,-0.2823,0.26139
67.16,0.51254,0.00758,-0.75484,-1.89386,0,-0.50238,-2.34753,0.55696,-0.7915,0.17137,0.80986,-0.04604,2.55618,0.36303,-0.56302,-6.33986,-0.25839,4.13097,0.02133,0.96448,-3.11217,3.76532,-9.36025,4.5168,-1.60904,5.18793,1.53339,1.50157,4.04028,11.03916,0.86377,-1.06404,-1.79239,0.08747,1.95252,0.90888,-0.08767,-0.15405,0.15507,0.61601
67.18,0.41312,-0.07745,-0.82944,-1.82878,0,-0.48767,-1.83869,0.67863,-0.73462,-1.08459,0.64284,0.10903,3.22334,0.16919,0.36335,-8.90443,-2.01016,4.96332,0.19218,2.06843,-3.08683,2.14672,-12.60466,4.61827,-1.37829,5.34803,0.10893,1.67801,4.43343,13.7806,0.18464,-1.56683,-2.9726,0.44315,1.79296,0.58879,-0.94144,0.26366,0.57979,0.93285
67.2,0.28653,-0.15999,-0.89004,-1.78597,0,-0.44988,-1.27774,0.77202,-0.65251,-2.39088,0.46217,0.27963,3.83767,-0.01527,1.35074,-11.45965,-3.8811,5.69613,0.37223,3.07818,-2.91096,0.38306,-15.60926,4.95013,-0.83828,5.19406,-1.2482,1.76815,4.69702,15.9846,-0.67681,-1.98817,-4.03412,0.73433,1.61791,0.32626,-1.72312,0.6603,0.98111,1.20586
67.22,0.1396,-0.2386,-0.9377,-1.77394,0,-0.3895,-0.68838,0.8325,-0.54252,-3.68153,0.27621,0.45817,4.36872,-0.19037,2.39422,-13.8886,-5.89681,6.3776,0.56292,3.93672,-2.59499,-1.46833,-18.24737,5.62885,0.02466,4.76757,-2.47095,1.76881,4.8095,17.51402,-1.6557,-2.30146,-4.9074,0.9544,1.43063,0.13642,-2.41393,1.02654,1.35142,1.43468
67.24,-0.02026,-0.31208,-0.97427,-1.79586,0,-0.31076,-0.09486,0.85885,-0.40339,-4.89026,0.09293,0.63492,4.78909,-0.3598,3.48601,-16.0749,-8.06487,7.06405,0.76481,4.60226,-2.15719,-3.34534,-20.40667,6.73768,1.19919,4.12117,-3.50597,1.68731,4.75483,18.27643,-2.66653,-2.48606,-5.53109,1.10079,1.23665,0.02245,-3.00022,1.35346,1.68565,1.62336
67.26,-0.18561,-0.37943,-1.00204,-1.85035,0,-0.22082,0.47954,0.85311,-0.23493,-5.95365,-0.0808,0.79913,5.07483,-0.52928,4.61124,-17.90826,-10.36776,7.80888,0.97686,5.04847,-1.6231,-5.18201,-21.99288,8.31008,2.64658,3.31413,-4.31661,1.53968,4.52441,18.22875,-3.61146,-2.52974,-5.85825,1.1742,1.04315,-0.02166,-3.47284,1.63259,1.98034,1.77848
67.28,-0.34941,-0.43971,-1.02323,-1.93283,0,-0.12845,1.01374,0.82008,-0.0377,-6.81447,-0.23961,0.94039,5.20613,-0.70437,5.7441,-19.2902,-12.75796,8.65069,1.19589,5.26376,-1.02452,-6.90983,-22.93313,10.31589,4.30036,2.40852,-4.88424,1.34787,4.11891,17.37817,-4.3906,-2.43101,-5.86198,1.17788,0.85815,-0.0075,-3.82669,1.85619,2.23259,1.90716
67.3,-0.50532,-0.49206,-1.03967,-2.03677,0,-0.04268,1.4897,0.76666,0.1871,-7.42517,-0.37999,1.04987,5.16813,-0.88843,6.84545,-20.13938,-15.15488,9.60238,1.41606,5.24959,-0.39786,-8.45977,-23.17896,12.65279,6.06775,1.46613,-5.20816,1.1366,3.54977,15.78012,-4.91268,-2.2003,-5.53965,1.11716,0.68951,0.0513,-4.06036,2.01758,2.43913,2.01508
67.32,-0.64785,-0.53562,-1.05246,-2.1545,0,0.02843,1.89289,0.70093,0.43721,-7.75108,-0.50027,1.12113,4.95195,-1.08095,7.8629,-20.39586,-17.44375,10.6429,1.6286,5.0182,0.21807,-9.76486,-22.70838,15.14533,7.83305,0.54608,-5.30394,0.93028,2.83961,13.53312,-5.10463,-1.85976,-4.91433,0.99937,0.54407,0.14176,-4.17627,2.11155,2.59566,2.10494
67.34,-0.77233,-0.5695,-1.06184,-2.27733,0,0.07878,2.21231,0.63115,0.70861,-7.77335,-0.60029,1.15043,4.55558,-1.27661,8.73379,-20.02403,-19.47705,11.71274,1.8217,4.58973,0.78511,-10.76366,-21.52652,17.55313,9.46333,-0.29713,-5.2005,0.75039,2.02154,10.77065,-4.91926,-1.44101,-4.03297,0.83409,0.42701,0.25299,-4.18097,2.13468,2.69641,2.17544
67.36,-0.87471,-0.59278,-1.06715,-2.39509,0,0.1048,2.44023,0.56473,0.99446,-7.4919,-0.68095,1.13651,3.98481,-1.46528,9.39096,-19.01451,-21.07996,12.71434,1.98084,3.98931,1.26927,-11.40456,-19.66552,19.58877,10.81664,-1.01535,-4.93622,0.61344,1.1372,7.65072,-4.34066,-0.98148,-2.96182,0.63375,0.34146,0.37643,-4.08582,2.08559,2.73417,2.22086
67.38,-0.95148,-0.60446,-1.067,-2.49558,0,0.10586,2.572,0.50735,1.28423,-6.92845,-0.7436,1.08018,3.25406,-1.63288,9.77038,-17.38566,-22.06112,13.51821,2.08961,3.24474,1.6444,-11.65075,-17.18444,20.94431,11.75279,-1.56853,-4.55499,0.52947,0.23394,4.34499,-3.3873,-0.52005,-1.78002,0.4142,0.2883,0.50531,-3.90763,1.96525,2.70072,2.2312
67.4,-0.99954,-0.60355,-1.05948,-2.56417,0,0.08425,2.60574,0.46223,1.56314,-6.1296,-0.78954,0.98374,2.3869,-1.7631,9.81906,-15.18419,-22.2297,13.97504,2.13111,2.38517,1.89516,-11.48498,-14.16933,21.32476,12.14616,-1.92657,-4.1024,0.50134,-0.63865,1.02835,-2.11214,-0.09279,-0.57266,0.1949,0.2662,0.63378,-3.66898,1.77709,2.58754,2.19304
67.42,-1.01614,-0.5891,-1.04245,-2.58401,0,0.04495,2.54227,0.42986,1.81247,-5.16615,-0.81959,0.85057,1.41581,-1.83975,9.5018,-12.4838,-21.41862,13.93371,2.09,1.44087,2.0188,-10.91293,-10.73205,20.48561,11.89966,-2.07114,-3.62247,0.52468,-1.43261,-2.13051,-0.59931,0.27039,0.57618,-0.0014,0.27186,0.75621,-3.39768,1.52704,2.38683,2.0907
67.44,-0.99903,-0.56025,-1.01378,-2.53686,0,-0.00478,2.38494,0.40793,2.01068,-4.12121,-0.83379,0.68474,0.38083,-1.84968,8.80577,-9.38104,-19.51223,13.26387,1.95493,0.44396,2.02544,-9.96457,-7.00726,18.27146,10.95882,-1.99754,-3.15478,0.58859,-2.10577,-4.9777,1.04311,0.54796,1.58989,-0.14987,0.30035,0.86676,-3.12508,1.22321,2.0925,1.90794
67.46,-0.94659,-0.51635,-0.97161,-2.40466,0,-0.05617,2.13968,0.39184,2.13546,-3.06782,-0.83144,0.49079,-0.67267,-1.78582,7.74276,-5.98877,-16.47525,11.88055,1.72113,-0.57059,1.93674,-8.6935,-3.14711,14.65122,9.32442,-1.71618,-2.73221,0.67692,-2.62589,-7.38206,2.69338,0.72779,2.40512,-0.22557,0.34557,0.95953,-2.88343,0.87538,1.70121,1.62992
67.48,-0.85817,-0.45701,-0.91452,-2.17171,0,-0.09977,1.81509,0.37533,2.16641,-2.0518,-0.81119,0.27375,-1.69689,-1.64979,6.34969,-2.42855,-12.3776,9.76621,1.39262,-1.56417,1.78353,-7.17489,0.68561,9.74399,7.06175,-1.25354,-2.37935,0.77001,-2.97419,-9.24206,4.22789,0.80716,2.97646,-0.20582,0.40071,1.029,-2.70286,0.49444,1.21356,1.24547
67.5,-0.73441,-0.38229,-0.84178,-1.82722,0,-0.12638,1.42262,0.35147,2.08787,-1.09006,-0.77143,0.03928,-2.64446,-1.45346,4.68719,1.17697,-7.40727,6.98442,0.9834,-2.4948,1.60227,-5.50195,4.32554,3.82708,4.30301,-0.6516,-2.11177,0.84685,-3.14732,-10.49103,5.53289,0.79207,3.27967,-0.0726,0.45871,1.07066,-2.60844,0.09197,0.63501,0.74935
67.52,-0.57755,-0.29284,-0.75345,-1.3676,0,-0.12804,0.97658,0.31387,1.89149,-0.17856,-0.71079,-0.20608,-3.47109,-1.21874,2.83599,4.71118,-1.86416,3.6798,0.51685,-3.31907,1.43078,-3.78077,7.61396,-2.68148,1.23981,0.03462,-1.9361,0.88727,-3.1571,-11.09961,6.51431,0.69578,3.31257,0.18534,0.51267,1.08164,-2.61778,-0.32009,-0.02335,0.14441
67.54,-0.39152,-0.19003,-0.65035,-0.79847,0,-0.09898,0.49391,0.25787,1.57818,0.69795,-0.62866,-0.45467,-4.13776,-0.97543,0.8911,8.06997,3.8681,0.062,0.02315,-3.99606,1.30328,-2.12305,10.4093,-9.26817,-1.89532,0.74196,-1.85084,0.87435,-3.02781,-11.07544,7.10526,0.53684,3.09391,0.57099,0.55612,1.06105,-2.7393,-0.72965,-0.74448,-0.55687
67.56,-0.182,-0.07602,-0.53403,-0.13588,0,-0.03644,-0.00642,0.18168,1.15916,1.55667,-0.52567,-0.69753,-4.61231,-0.75756,-1.04585,11.16733,9.36865,-3.62356,-0.46499,-4.49255,1.24525,-0.63733,12.59823,-15.39072,-4.85622,1.40559,-1.84767,0.79655,-2.79153,-10.46047,7.27085,0.33684,2.66013,1.07818,0.58322,1.0103,-2.97115,-1.12458,-1.50566,-1.33145
67.58,0.04379,0.04619,-0.40658,0.5933,0,0.05872,-0.50417,0.08724,0.65623,2.40789,-0.40412,-0.92432,-4.87041,-0.59921,-2.87458,13.93934,14.23436,-7.13115,-0.91738,-4.7885,1.26897,0.58043,14.10612,-20.55231,-7.41372,1.96628,-1.91314,0.64944,-2.48277,-9.32686,7.01051,0.11814,2.06117,1.6913,0.58899,0.93307,-3.30077,-1.49292,-2.27902,-2.14575
67.6,0.27726,0.17275,-0.27057,1.35213,0,0.18182,-0.97868,-0.01949,0.1007,3.24628,-0.26801,-1.1235,-4.89556,-0.53091,-4.50319,16.34539,18.1317,-10.24836,-1.31111,-4.8811,1.37044,1.45557,14.90433,-24.36656,-9.38311,2.37656,-2.03042,0.43666,-2.13357,-7.77176,6.35755,-0.09811,1.35552,2.38565,0.56941,0.83532,-3.70499,-1.82301,-3.03249,-2.95678
67.62,0.50893,0.29911,-0.12889,2.09584,0,0.32473,-1.40983,-0.12908,-0.46892,4.0441,-0.12277,-1.28268,-4.67769,-0.57734,-5.85313,18.36536,20.83535,-12.82116,-1.63418,-4.78583,1.52863,1.94179,15.01199,-26.59896,-10.64319,2.605,-2.18082,0.1697,-1.76988,-5.91075,5.37522,-0.29351,0.60517,3.12834,0.52151,0.7249,-4.15048,-2.10377,-3.73094,-3.71462
67.64,0.72898,0.42022,0.0154,2.77555,0,0.47682,-1.779,-0.22994,-1.01075,4.75288,0.02552,-1.38926,-4.21061,-0.75668,-6.86191,19.993,22.24853,-14.76672,-1.88739,-4.53397,1.70717,2.0258,14.49144,-27.17868,-11.1442,2.63763,-2.34514,-0.13368,-1.40979,-3.86981,4.14947,-0.45341,-0.12958,3.87998,0.44345,0.61106,-4.5946,-2.32501,-4.33774,-4.36627
67.66,0.92792,0.53086,0.15915,3.34325,0,0.6263,-2.07011,-0.31036,-1.48439,5.31779,0.17115,-1.43132,-3.48895,-1.0812,-7.48405,21.22698,22.4055,-16.07442,-2.08437,-4.16719,1.85857,1.72949,13.43861,-26.18389,-10.9059,2.47718,-2.50462,-0.45199,-1.06329,-1.77634,2.77905,-0.56747,-0.79504,4.59692,0.33452,0.50367,-4.98693,-2.47796,-4.81668,-4.86077
67.68,1.09733,0.62604,0.29933,3.75719,0,0.76181,-2.27072,-0.36057,-1.85587,5.6957,0.30986,-1.39886,-2.50582,-1.55822,-7.69107,22.06222,21.46001,-16.79736,-2.24997,-3.73092,1.9299,1.10928,11.97095,-23.81048,-10.00877,2.14078,-2.64193,-0.76292,-0.73355,0.24972,1.36503,-0.62983,-1.34835,5.23414,0.19526,0.41233,-5.27152,-2.55601,-5.13453,-5.15473
67.7,1.23058,0.70141,0.4331,3.98669,0,0.87373,-2.37292,-0.37456,-2.10181,5.86365,0.43952,-1.28495,-1.25239,-2.19037,-7.47108,22.48359,19.66299,-17.03666,-2.41704,-3.2679,1.86948,0.25223,10.21531,-20.33414,-8.58133,1.65692,-2.74187,-1.04623,-0.41886,2.10333,0.00125,-0.63906,-1.76044,5.74822,0.02756,0.34538,-5.39001,-2.55545,-5.26383,-5.21742
67.72,1.32321,0.75353,0.55785,4.01533,0,0.95508,-2.37388,-0.35106,-2.21171,5.81785,0.56025,-1.08701,0.27988,-2.97448,-6.82833,22.46315,17.33149,-16.92041,-2.62167,-2.81355,1.63351,-0.73155,8.29713,-16.07315,-6.78576,1.06232,-2.792,-1.2856,-0.11495,3.69964,-1.23286,-0.59782,-2.01728,6.10021,-0.16508,0.30888,-5.28558,-2.47621,-5.18572,-5.03436
67.74,1.37308,0.78014,0.67129,3.84218,0,1.00173,-2.27595,-0.29342,-2.18817,5.56985,0.67388,-0.80764,2.0943,-3.89882,-5.7826,21.96159,14.81111,-16.57926,-2.89712,-2.39337,1.19213,-1.72024,6.33176,-11.35626,-4.80289,0.39893,-2.78305,-1.46974,0.18277,4.97697,-2.27668,-0.51227,-2.11924,6.25811,-0.3774,0.30557,-4.90772,-2.3223,-4.8926,-4.60883
67.76,1.38039,0.78022,0.77146,3.48111,0,1.01214,-2.08641,-0.20871,-2.04518,5.1427,0.78284,-0.45529,4.18198,-4.93939,-4.36879,20.93412,12.43552,-16.12206,-3.26699,-2.02252,0.53447,-2.59416,4.41798,-6.49743,-2.81749,-0.28884,-2.70926,-1.59243,0.47731,5.8979,-3.09026,-0.39144,-2.07903,6.1991,-0.60227,0.33401,-4.21747,-2.10205,-4.39018,-3.96142
67.78,1.3474,0.75409,0.85674,2.95893,0,0.98684,-1.81686,-0.10627,-1.80526,4.56756,0.88888,-0.0445,6.51414,-6.05622,-2.63681,19.34031,10.4883,-15.61581,-3.73877,-1.70689,-0.32794,-3.24998,2.63421,-1.77825,-1.00466,-0.9565,-2.56866,-1.65203,0.76875,6.44876,-3.65418,-0.24639,-1.91877,5.91157,-0.83077,0.388,-3.19292,-1.82808,-3.69892,-3.12814
67.8,1.27825,0.70339,0.92592,2.31267,0,0.9279,-1.48258,0.0038,-1.4962,3.88068,0.99196,0.40447,9.03522,-7.19119,-0.65141,17.15633,9.17253,-15.07421,-4.29859,-1.44495,-1.35979,-3.61259,1.0371,2.56253,0.48215,-1.56154,-2.36319,-1.65076,1.05343,6.63807,-3.96784,-0.08942,-1.66673,5.39663,-1.05247,0.45643,-1.83407,-1.51698,-2.85416,-2.15728
67.82,1.17856,0.63099,0.97821,1.58639,0,0.83845,-1.10148,0.11183,-1.14787,3.12044,1.08965,0.86656,11.65863,-8.26833,1.50869,14.38725,8.592,-14.45753,-4.90833,-1.22966,-2.5036,-3.64231,-0.33754,6.33366,1.52124,-2.06529,-2.09865,-1.59381,1.32397,6.4936,-4.04658,0.06689,-1.35424,4.66872,-1.25615,0.52393,-0.16621,-1.18836,-1.90416,-1.10512
67.84,1.05499,0.54078,1.01323,0.82759,0,0.7225,-0.69287,0.20939,-0.78939,2.32432,1.17711,1.31365,14.26622,-9.19752,3.75282,11.07718,8.74569,-13.6843,-5.5059,-1.04998,-3.68443,-3.33657,-1.47221,9.39192,2.03096,-2.43463,-1.78419,-1.4886,1.56991,6.05832,-3.91795,0.21055,-1.01276,3.75499,-1.43079,0.57218,1.7592,-0.86344,-0.90599,-0.03079
67.86,0.91474,0.43738,1.03096,0.08347,0,0.58489,-0.27601,0.2896,-0.44684,1.52586,1.24772,1.71701,16.71252,-9.88139,5.98196,7.31611,9.53457,-12.65258,-6.00879,-0.89191,-4.81719,-2.72641,-2.36414,11.64047,1.97604,-2.64375,-1.43149,-1.34407,1.77908,5.38576,-3.61755,0.33122,-0.67144,2.69361,-1.56678,0.58198,3.86585,-0.56309,0.08035,1.00946
67.88,0.76511,0.32583,1.03178,-0.60258,0,0.43142,0.13127,0.34713,-0.14158,0.75212,1.29407,2.04995,18.83366,-10.22491,8.09351,3.24222,10.7781,-11.26609,-6.32134,-0.73924,-5.81541,-1.86971,-3.02152,13.02648,1.37145,-2.67598,-1.05393,-1.17024,1.93924,4.53536,-3.18518,0.42101,-0.3552,1.53139,-1.65721,0.53576,6.05626,-0.30578,0.99843,1.96749
67.9,0.61308,0.21128,1.01646,-1.19389,0,0.26885,0.51376,0.37808,0.11082,0.02218,1.30916,2.2903,20.46047,-10.14614,9.98687,-0.96182,12.23747,-9.45918,-6.34515,-0.5744,-6.59994,-0.84258,-3.45992,13.53868,0.28274,-2.5253,-0.66572,-0.97778,2.03975,3.56843,-2.66151,0.47519,-0.08341,0.32102,-1.6988,0.42017,8.2172,-0.10576,1.80096,2.80707
67.92,0.46505,0.09873,0.98616,-1.66247,0,0.10489,0.85947,0.37985,0.30105,-0.65316,1.28738,2.4224,21.43503,-9.58667,11.56935,-5.0804,13.6431,-7.21505,-5.99228,-0.37948,-7.10612,0.26961,-3.69935,13.20462,-1.17837,-2.19742,-0.28114,-0.77761,2.07295,2.54477,-2.08558,0.49244,0.13073,-0.88205,-1.69217,0.22849,10.22681,0.02821,2.45357,3.50531
67.94,0.32655,-0.0072,0.94238,-1.99011,0,-0.05225,1.15993,0.35103,0.42591,-1.27022,1.22527,2.43811,21.62971,-8.52055,12.7621,-8.88484,14.72436,-4.57398,-5.20025,-0.13774,-7.2889,1.38099,-3.76207,12.08751,-2.86375,-1.71007,0.08611,-0.58038,2.03494,1.51987,-1.49288,0.47475,0.28026,-2.02303,-1.64142,-0.03741,11.96326,0.09352,2.93619,4.05178
67.96,0.20208,-0.10256,0.88692,-2.16867,0,-0.19446,1.41001,0.29148,0.48782,-1.83041,1.12187,2.3372,20.96772,-6.96089,13.5058,-12.1593,15.23946,-1.63152,-3.94678,0.16463,-7.12584,2.41304,-3.67125,10.28266,-4.60312,-1.09234,0.42359,-0.39586,1.92593,0.54266,-0.91413,0.42685,0.36402,-3.0516,-1.55307,-0.36603,13.31465,0.09369,3.24244,4.44563
67.98,0.09498,-0.18422,0.82177,-2.19985,0,-0.31443,1.60748,0.20242,0.494,-2.33743,0.9789,2.12708,19.44363,-4.96358,13.76569,-14.72792,15.003,1.47103,-2.26182,0.53643,-6.61845,3.30102,-3.45039,7.91366,-6.22099,-0.38329,0.72069,-0.23234,1.75028,-0.34622,-0.37457,0.35559,0.38594,-3.92549,-1.4348,-0.73602,14.18931,0.03794,3.37777,4.69195
68,0.00739,-0.24999,0.74915,-2.09448,0,-0.40639,1.75252,0.08666,0.45548,-2.79464,0.8007,1.82207,17.1401,-2.62677,13.53441,-16.47695,13.90708,4.56134,-0.23305,0.97962,-5.79195,3.99833,-3.1232,5.12744,-7.55387,0.37055,0.9691,-0.09611,1.51622,-1.11549,0.10631,0.26903,0.35405,-4.61339,-1.29435,-1.1174,14.52469,-0.05968,3.35687,4.79822
68.02,-0.05969,-0.29871,0.67145,-1.87135,0,-0.46659,1.84699,-0.05138,0.38588,-3.20259,0.59388,1.44214,14.22848,-0.08473,12.8315,-17.36645,11.9327,7.45377,1.99831,1.48784,-4.6931,4.47833,-2.71344,2.08713,-8.46582,1.11865,1.16325,0.00875,1.23538,-1.74377,0.51467,0.17568,0.27947,-5.09673,-1.13877,-1.47421,14.29322,-0.18137,3.20111,4.77163
68.04,-0.10626,-0.33016,0.59122,-1.55553,0,-0.49356,1.89367,-0.2057,0.30005,-3.55732,0.3668,1.01116,10.93107,2.50437,11.69885,-17.42924,9.14943,9.96877,4.25243,2.04558,-3.38616,4.73354,-2.24464,-1.0378,-8.86096,1.81109,1.30055,0.08048,0.92196,-2.21957,0.84202,0.08362,0.17517,-5.36991,-0.97417,-1.7688,13.50426,-0.30699,2.93594,4.6177
68.06,-0.1332,-0.34505,0.51107,-1.17637,0,-0.48808,1.89563,-0.36893,0.2126,-3.84952,0.12889,0.55477,7.45205,4.97541,10.19364,-16.75918,5.70481,11.9524,6.33457,2.6283,-1.94737,4.7729,-1.73953,-4.08356,-8.69255,2.4038,1.38156,0.11946,0.59172,-2.54095,1.08487,-0.00015,0.0548,-5.43961,-0.80585,-1.96704,12.20246,-0.41569,2.58881,4.34026
68.08,-0.14201,-0.3448,0.43366,-0.76532,0,-0.45307,1.85572,-0.53264,0.13655,-4.06472,-0.11017,0.09829,3.92765,7.17494,8.38096,-15.49308,1.8067,13.29377,8.06237,3.20335,-0.45875,4.61808,-1.21934,-6.90398,-7.968,2.86351,1.41009,0.12793,0.2608,-2.71496,1.24432,-0.07035,-0.06831,-5.32324,-0.6387,-2.0436,10.46392,-0.4877,2.18746,3.94271
68.1,-0.13467,-0.33146,0.36153,-0.3539,0,-0.39324,1.77637,-0.68787,0.08204,-4.18455,-0.34115,-0.33516,0.42534,8.9778,6.32847,-13.7911,-2.29845,13.93754,9.29089,3.73186,0.99789,4.29955,-0.70328,-9.3799,-6.74877,3.17128,1.39304,0.10961,-0.05538,-2.75662,1.32554,-0.12374,-0.18198,-5.04713,-0.47756,-1.98611,8.39068,-0.50615,1.75865,3.43013
68.12,-0.11348,-0.3075,0.2971,0.0283,0,-0.3147,1.65969,-0.82563,0.05545,-4.18884,-0.55585,-0.72591,-3.02705,10.29851,4.10424,-11.81848,-6.34913,13.88875,9.92998,4.17149,2.34631,3.85297,-0.20811,-11.42385,-5.14391,3.32349,1.33993,0.06934,-0.3433,-2.68746,1.33714,-0.15922,-0.27559,-4.64417,-0.32742,-1.79699,6.10362,-0.459,1.32714,2.8117
68.14,-0.08094,-0.27565,0.24241,0.35544,0,-0.22445,1.50767,-0.93752,0.0588,-4.05844,-0.74752,-1.0586,-6.40619,11.09614,1.77784,-9.73066,-10.093,13.20919,9.95154,4.48009,3.52045,3.31597,0.25211,-12.97959,-3.2969,3.33017,1.26204,0.01262,-0.59235,-2.53341,1.29024,-0.17763,-0.34016,-4.1511,-0.19321,-1.49268,3.73366,-0.34065,0.91473,2.10273
68.16,-0.0396,-0.23865,0.19902,0.60709,0,-0.12982,1.32269,-1.01638,0.0897,-3.77854,-0.91118,-1.32246,-9.65869,11.37322,-0.57651,-7.66232,-13.31015,12.00643,9.38725,4.61996,4.46828,2.7256,0.66618,-14.01772,-1.3676,3.21107,1.17126,-0.05481,-0.79575,-2.3223,1.19747,-0.18134,-0.36835,-3.60561,-0.07929,-1.10046,1.41186,-0.15328,0.53936,1.32617
68.18,0.00796,-0.19914,0.16778,0.76958,0,-0.03794,1.10802,-1.05699,0.14157,-3.34205,-1.04375,-1.51137,-12.67588,11.17056,-2.8766,-5.72075,-15.8333,10.41893,8.3195,4.56232,5.15475,2.11636,1.02575,-14.52974,0.48747,2.99073,1.07893,-0.12731,-0.95107,-2.08132,1.07194,-0.17369,-0.35442,-3.04358,0.01121,-0.65408,-0.7404,0.09248,0.21439,0.51314
68.2,0.05927,-0.15945,0.14875,0.83685,0,0.04482,0.86832,-1.05656,0.20451,-2.75241,-1.14405,-1.62359,-15.30219,10.5593,-5.03109,-3.98315,-17.56178,8.59968,6.86805,4.29138,5.5635,1.51881,1.32522,-14.52249,2.13279,2.69398,0.99472,-0.19965,-1.06024,-1.83489,0.92635,-0.15842,-0.29442,-2.4969,0.07695,-0.18911,-2.61998,0.37789,-0.05187,-0.29787
68.22,0.11193,-0.12154,0.14116,0.81061,0,0.11318,0.60991,-1.01503,0.26654,-2.02517,-1.21256,-1.66135,-17.38306,9.63123,-6.94261,-2.49721,-18.46639,6.70047,5.17465,3.80692,5.69682,0.95855,1.5614,-14.01435,3.4666,2.34255,0.92589,-0.26718,-1.12877,-1.60295,0.77225,-0.1391,-0.18682,-1.99172,0.11863,0.26093,-4.14832,0.67777,-0.25612,-1.06341
68.24,0.16378,-0.08693,0.14345,0.69967,0,0.16325,0.34064,-0.93504,0.31543,-1.18783,-1.25096,-1.63022,-18.81419,8.4881,-8.51588,-1.28415,-18.58448,4.85784,3.38671,3.12523,5.5738,0.45535,1.73309,-13.03343,4.42748,1.95349,0.87676,-0.32597,-1.16421,-1.3999,0.6195,-0.11868,-0.03332,-1.54734,0.1389,0.66738,-5.27543,0.96356,-0.39965,-1.73927
68.26,0.21286,-0.05671,0.15352,0.51866,0,0.19269,0.06955,-0.82162,0.34066,-0.27807,-1.26159,-1.53842,-19.55824,7.23092,-9.66983,-0.34327,-18.00741,3.18162,1.64173,2.27821,5.22716,0.02248,1.84063,-11.61821,4.99514,1.53911,0.84865,-0.37281,-1.17415,-1.23414,0.47586,-0.09915,0.16007,-1.17558,0.14194,1.0081,-5.98153,1.20743,-0.48751,-2.28586
68.28,0.25757,-0.03152,0.16883,0.28635,0,0.20083,-0.1938,-0.68171,0.33536,0.65914,-1.24694,-1.39617,-19.63671,5.95073,-10.35101,0.34289,-16.86391,1.74717,0.05412,1.31112,4.69945,-0.33375,1.88553,-9.81972,5.18673,1.10824,0.84002,-0.40529,-1.16434,-1.10821,0.3468,-0.08133,0.38239,-0.8806,0.13279,1.26822,-6.27685,1.38649,-0.52755,-2.67379
68.3,0.29668,-0.01162,0.18675,0.02379,0,0.18856,-0.43999,-0.52362,0.29765,1.57506,-1.20929,-1.21512,-19.11584,4.72202,-10.54412,0.80321,-15.30292,0.59227,-1.29379,0.27924,4.03914,-0.61375,1.87036,-7.70422,5.04996,0.66798,0.84695,-0.4218,-1.13741,-1.01941,0.23555,-0.06494,0.61767,-0.65946,0.11671,1.4402,-6.19941,1.48628,-0.5293,-2.88823
68.32,0.32939,0.00308,0.2047,-0.24745,0,0.15823,-0.66037,-0.35634,0.23109,2.42105,-1.15056,-1.0078,-18.09239,3.59925,-10.2763,1.07319,-13.47787,-0.28076,-2.35541,-0.75644,3.29696,-0.82375,1.79878,-5.35436,4.65408,0.22552,0.8638,-0.42156,-1.09264,-0.96088,0.14324,-0.04878,0.84606,-0.50311,0.09854,1.52334,-5.81041,1.50256,-0.5029,-2.93082
68.34,0.35527,0.01292,0.2204,-0.50706,0,0.11332,-0.84766,-0.18892,0.14397,3.1525,-1.07235,-0.78709,-16.68014,2.61655,-9.61342,1.19082,-11.53348,-0.89787,-3.11816,-1.73448,2.52243,-0.97407,1.67572,-2.86776,4.07941,-0.21061,0.884,-0.40464,-1.0269,-0.92304,0.06934,-0.03117,1.04618,-0.39792,0.08228,1.52309,-5.18738,1.44105,-0.45811,-2.81876
68.36,0.37427,0.01845,0.23195,-0.73748,0,0.05803,-0.99645,-0.0297,0.04782,3.7327,-0.97619,-0.56555,-14.99794,1.78989,-8.64964,1.19336,-9.59558,-1.30288,-3.5973,-2.59876,1.76075,-1.07687,1.50761,-0.35288,3.40674,-0.62986,0.90094,-0.37203,-0.93651,-0.89518,0.01205,-0.01053,1.19826,-0.32757,0.07078,1.44995,-4.41586,1.31556,-0.40347,-2.58131
68.38,0.38665,0.02035,0.23802,-0.92519,0,-0.00308,-1.10355,0.11424,-0.04467,4.13617,-0.86396,-0.35493,-13.16018,1.12089,-7.49345,1.11499,-7.76458,-1.54584,-3.82751,-3.30392,1.05039,-1.14389,1.30272,2.07695,2.70798,-1.01973,0.90879,-0.32561,-0.81933,-0.86707,-0.03117,0.01415,1.28749,-0.27505,0.06566,1.31841,-3.58085,1.14494,-0.3456,-2.25493
68.4,0.39294,0.01938,0.23782,-1.06151,0,-0.06554,-1.16821,0.2376,-0.12167,4.35108,-0.73819,-0.16556,-11.27016,0.6011,-6.25353,0.98537,-6.11225,-1.67292,-3.85391,-3.8197,0.42139,-1.18443,1.07126,4.31027,2.0394,-1.3663,0.90321,-0.26813,-0.67667,-0.8303,-0.06312,0.04284,1.30666,-0.22443,0.06732,1.14561,-2.75941,0.9499,-0.28899,-1.8782
68.42,0.39386,0.01629,0.23114,-1.14281,0,-0.12527,-1.19216,0.33699,-0.17391,4.37987,-0.60236,-0.0059,-9.41602,0.21597,-5.02701,0.82887,-4.68152,-1.71969,-3.72402,-4.13299,-0.10531,-1.20417,0.82519,6.24427,1.43833,-1.65514,0.88173,-0.20306,-0.51399,-0.77914,-0.08651,0.07437,1.25719,-0.16236,0.07507,0.94977,-2.01521,0.75031,-0.23591,-1.48726
68.44,0.39023,0.01182,0.21831,-1.17016,0,-0.17876,-1.17925,0.41096,-0.19565,4.23824,-0.46093,0.11793,-7.66841,-0.05211,-3.8914,0.66439,-3.48871,-1.70862,-3.4816,-4.24762,-0.51784,-1.20479,0.57758,7.7913,0.92342,-1.8727,0.84384,-0.13432,-0.34043,-0.71087,-0.10368,0.10653,1.1483,-0.07902,0.08734,0.74837,-1.39531,0.56306,-0.18682,-1.11239
68.46,0.38296,0.00663,0.2,-1.14843,0,-0.2233,-1.135,0.45971,-0.18516,3.95243,-0.31916,0.20249,-6.07967,-0.2218,-2.90047,0.50566,-2.52729,-1.65054,-3.16271,-4.182,-0.81271,-1.18453,0.34159,8.88493,0.49788,-2.00773,0.79073,-0.0659,-0.16726,-0.62555,-0.11646,0.13656,0.99477,0.03136,0.10204,0.55624,-0.929,0.40089,-0.14095,-0.77584
68.48,0.3729,0.00129,0.17716,-1.08526,0,-0.25696,-1.06604,0.48479,-0.14454,3.55595,-0.18273,0.24731,-4.68435,-0.31171,-2.08363,0.36179,-1.77301,-1.54857,-2.79389,-3.96565,-0.99372,-1.13927,0.12931,9.48527,0.15435,-2.05291,0.72491,-0.00146,-0.00569,-0.52554,-0.12612,0.16162,0.81371,0.17036,0.1168,0.38398,-0.62827,0.27189,-0.09697,-0.4909
68.5,0.36083,-0.00377,0.15087,-0.98995,0,-0.27871,-0.97952,0.48874,-0.07919,3.08598,-0.05735,0.25488,-3.50067,-0.33976,-1.44807,0.23799,-1.18967,-1.40287,-2.39249,-3.63518,-1.07061,-1.06394,-0.04928,9.58252,-0.11984,-2.00604,0.64973,0.05599,0.13519,-0.4148,-0.13342,0.17935,0.62163,0.33553,0.12938,0.237,-0.48957,0.17954,-0.05366,-0.26222
68.52,0.34742,-0.00824,0.12225,-0.87245,0,-0.28833,-0.88257,0.47476,0.00308,2.58002,0.0517,0.23032,-2.53277,-0.32275,-0.98298,0.13637,-0.7352,-1.21468,-1.96849,-3.23029,-1.05753,-0.95391,-0.18705,9.19788,-0.33835,-1.87078,0.56894,0.10438,0.24976,-0.2982,-0.13875,0.18824,0.43214,0.52082,0.13789,0.11565,-0.49625,0.12333,-0.01042,-0.0871
68.54,0.33316,-0.01191,0.09234,-0.74252,0,-0.28637,-0.78181,0.44641,0.09318,2.07283,0.14001,0.18077,-1.77314,-0.27588,-0.66495,0.05673,-0.3677,-0.98873,-1.52752,-2.79002,-0.9714,-0.80618,-0.28007,8.38127,-0.51293,-1.65651,0.48622,0.14262,0.33638,-0.18092,-0.14223,0.18779,0.25484,0.71721,0.14107,0.01637,-0.62171,0.09944,0.03258,0.04231
68.56,0.31837,-0.01472,0.0621,-0.60909,0,-0.27407,-0.6829,0.40744,0.1819,1.59393,0.20452,0.1144,-1.20514,-0.21229,-0.46387,-0.00274,-0.05086,-0.73393,-1.07428,-2.34941,-0.83037,-0.62023,-0.32764,7.20644,-0.65217,-1.37755,0.40487,0.1706,0.39696,-0.06781,-0.1439,0.1785,0.09522,0.91354,0.13845,-0.06642,-0.83266,0.10179,0.07434,0.1364
68.58,0.30313,-0.01666,0.03234,-0.47976,0,-0.25319,-0.59025,0.36159,0.26116,1.16577,0.2438,0.03947,-0.8054,-0.1425,-0.34838,-0.04481,0.24178,-0.46267,-0.61587,-1.93701,-0.65235,-0.39858,-0.33201,5.76464,-0.76149,-1.05203,0.32754,0.18903,0.43601,0.03696,-0.14388,0.16166,-0.04462,1.09756,0.1304,-0.13813,-1.09254,0.12301,0.11326,0.20551
68.6,0.28737,-0.01779,0.0037,-0.36051,0,-0.2259,-0.50681,0.31243,0.32479,0.80274,0.25834,-0.03655,-0.54602,-0.07416,-0.29038,-0.07273,0.52429,-0.18948,-0.16402,-1.57328,-0.45404,-0.14695,-0.29804,4.15784,-0.84387,-0.70042,0.25613,0.1993,0.45934,0.13014,-0.14246,0.13914,-0.16487,1.25698,0.11812,-0.2022,-1.36469,0.15528,0.14739,0.25784
68.62,0.27085,-0.01823,-0.02331,-0.25556,0,-0.19458,-0.4341,0.26328,0.36907,0.51116,0.25049,-0.10758,-0.39662,-0.01197,-0.2677,-0.08977,0.79807,0.07065,0.26427,-1.26993,-0.25027,0.12593,-0.23272,2.49171,-0.90093,-0.34406,0.19179,0.20318,0.47287,0.20945,-0.14016,0.11313,-0.26692,1.38058,0.10351,-0.2592,-1.61524,0.1912,0.17478,0.29828
68.64,0.25327,-0.01809,-0.04832,-0.16731,0,-0.16166,-0.37236,0.217,0.39274,0.29002,0.22424,-0.1692,-0.32611,0.04199,-0.26498,-0.09897,1.05396,0.30382,0.64808,-1.03029,-0.05376,0.40899,-0.14462,0.86861,-0.93391,-0.0036,0.13512,0.20262,0.48158,0.2734,-0.13769,0.08585,-0.3524,1.45928,0.08881,-0.30695,-1.81558,0.22429,0.19368,0.32832
68.66,0.23431,-0.01751,-0.07108,-0.0964,0,-0.12931,-0.32075,0.17582,0.39665,0.13249,0.18474,-0.21852,-0.30427,0.0876,-0.27294,-0.10287,1.27616,0.49846,0.96542,-0.85028,0.12491,0.68979,-0.04339,-0.61914,-0.94442,0.30247,0.08631,0.19948,0.48881,0.32106,-0.13578,0.05939,-0.42254,1.48713,0.07631,-0.34162,-1.94439,0.24944,0.20285,0.34681
68.68,0.21373,-0.0166,-0.09145,-0.04178,0,-0.09932,-0.27773,0.14117,0.38317,0.02765,0.13779,-0.25404,-0.30311,0.12605,-0.28669,-0.10339,1.44705,0.64634,1.19686,-0.72005,0.27702,0.95571,0.06083,-1.89504,-0.93493,0.5592,0.04548,0.19534,0.49578,0.35175,-0.13508,0.03552,-0.47779,1.46207,0.06789,-0.35931,-1.98916,0.26314,0.20169,0.35133
68.7,0.19146,-0.01545,-0.10937,-0.00104,0,-0.07287,-0.24137,0.11362,0.35559,-0.03757,0.08927,-0.27526,-0.29802,0.159,-0.30377,-0.10175,1.5515,0.74302,1.32871,-0.62589,0.3956,1.19504,0.15803,-2.90273,-0.9089,0.75609,0.01283,0.19132,0.50152,0.36482,-0.13597,0.01558,-0.51771,1.38641,0.06472,-0.35756,-1.9469,0.26363,0.19036,0.33964
68.72,0.16762,-0.01415,-0.12489,0.02918,0,-0.0506,-0.20967,0.09293,0.31756,-0.07659,0.04451,-0.28245,-0.26882,0.18811,-0.32243,-0.09843,1.57989,0.78797,1.35505,-0.55223,0.47522,1.39792,0.23892,-3.60803,-0.87053,0.88752,-0.01117,0.18806,0.50298,0.35948,-0.13842,0.00037,-0.54089,1.26667,0.06717,-0.33645,-1.82375,0.25073,0.16984,0.31086
68.74,0.14256,-0.01275,-0.13806,0.05268,0,-0.03256,-0.18083,0.07817,0.27265,-0.10168,0.00792,-0.27638,-0.20054,0.21455,-0.34055,-0.09313,1.52923,0.7841,1.27797,-0.48374,0.51204,1.55686,0.29562,-3.99882,-0.82412,0.95267,-0.02579,0.18568,0.49548,0.33482,-0.1419,-0.00986,-0.54512,1.11286,0.07473,-0.29883,-1.63347,0.2257,0.14183,0.2661
68.76,0.1168,-0.01129,-0.14897,0.07302,0,-0.01842,-0.15344,0.06804,0.22411,-0.12273,-0.01743,-0.25823,-0.08421,0.2388,-0.35516,-0.08486,1.40266,0.73707,1.10644,-0.40711,0.50395,1.66707,0.32233,-4.08312,-0.77322,0.95495,-0.03003,0.18395,0.47338,0.2899,-0.14538,-0.01539,-0.52762,0.93715,0.08627,-0.24987,-1.39504,0.19087,0.10866,0.20856
68.78,0.09105,-0.0098,-0.15774,0.09296,0,-0.00761,-0.12659,0.0611,0.17474,-0.14651,-0.03,-0.22955,0.0825,0.26053,-0.36237,-0.07199,1.20784,0.65441,0.85432,-0.31265,0.45092,1.72646,0.31592,-3.88616,-0.71975,0.90122,-0.02287,0.18233,0.43091,0.22403,-0.14735,-0.01703,-0.48553,0.75243,0.10026,-0.19617,-1.12989,0.14921,0.07306,0.1432
68.8,0.06606,-0.00832,-0.16445,0.11405,0,0.00047,-0.09993,0.05604,0.12686,-0.17629,-0.02987,-0.19221,0.29462,0.27842,-0.35748,-0.05236,0.95506,0.54465,0.53836,-0.19527,0.35527,1.73539,0.27632,-3.44675,-0.66341,0.80086,-0.0034,0.18022,0.36329,0.137,-0.14596,-0.016,-0.41655,0.5709,0.11508,-0.14465,-0.8593,0.10402,0.03792,0.07616
68.82,0.04266,-0.0069,-0.1692,0.1365,0,0.00636,-0.07365,0.05185,0.08242,-0.21194,-0.01857,-0.14841,0.53945,0.28993,-0.33499,-0.02347,0.65553,0.4166,0.17666,-0.05487,0.222,1.69605,0.20662,-2.81352,-0.60138,0.66486,0.02893,0.17708,0.26787,0.02942,-0.13931,-0.01376,-0.31995,0.40305,0.12922,-0.1015,-0.60227,0.05853,0.00607,0.01388
68.84,0.0216,-0.00558,-0.17208,0.15932,0,0.01051,-0.04835,0.04779,0.04305,-0.25049,0.00125,-0.10058,0.79623,0.291,-0.28839,0.01735,0.32018,0.27877,-0.21218,0.10405,0.05882,1.61161,0.11279,-2.04093,-0.52858,0.5049,0.0741,0.17255,0.14523,-0.09704,-0.1257,-0.01185,-0.19757,0.25689,0.14147,-0.07144,-0.37406,0.0157,-0.02008,-0.03768
68.86,0.00358,-0.00442,-0.17319,0.18076,0,0.01321,-0.02493,0.04335,0.0102,-0.28704,0.02634,-0.05131,1.0362,0.27561,-0.20987,0.07258,-0.04104,0.13898,-0.60921,0.27332,-0.12379,1.48502,0.00312,-1.18556,-0.43832,0.33253,0.13133,0.16655,0.0001,-0.23953,-0.104,-0.01164,-0.05479,0.13772,0.15099,-0.05717,-0.18535,-0.02207,-0.03877,-0.07388
68.88,-0.0109,-0.00345,-0.17261,0.1989,0,0.01471,-0.00438,0.03808,-0.01486,-0.31579,0.0533,-0.00315,1.22286,0.23559,-0.08991,0.14415,-0.41944,0.0041,-0.9949,0.44227,-0.3128,1.31801,-0.11246,-0.30323,-0.32327,0.15856,0.19899,0.15931,-0.1583,-0.39391,-0.07396,-0.01411,0.09894,0.04806,0.15728,-0.05925,-0.04208,-0.05301,-0.04913,-0.0921
68.9,-0.02151,-0.00269,-0.17049,0.21215,0,0.01525,0.01235,0.03149,-0.03093,-0.33106,0.07903,0.0414,1.31271,0.16059,0.08265,0.233,-0.80764,-0.12,-1.34889,0.5989,-0.49265,1.11016,-0.22288,0.55258,-0.17656,-0.00725,0.27447,0.15134,-0.31668,-0.55475,-0.03642,-0.01966,0.25042,-0.012,0.16018,-0.07619,0.0544,-0.0761,-0.0513,-0.09204
68.92,-0.02813,-0.00216,-0.16696,0.21967,0,0.0151,0.02447,0.02293,-0.037,-0.32804,0.10101,0.08004,1.25639,0.03854,0.32026,0.33853,-1.19963,-0.22838,-1.65001,0.73067,-0.64551,0.8585,-0.31641,1.33084,0.00714,-0.15628,0.35429,0.14335,-0.45919,-0.71551,0.00669,-0.02804,0.38406,-0.04444,0.15976,-0.10485,0.10661,-0.09105,-0.04642,-0.07568
68.94,-0.03087,-0.00183,-0.1622,0.22153,0,0.01457,0.03141,0.01162,-0.03229,-0.30332,0.11728,0.11059,1.00064,-0.14343,0.6356,0.45801,-1.59089,-0.31686,-1.87683,0.82493,-0.75144,0.55735,-0.38072,1.98175,0.23063,-0.28076,0.43418,0.13603,-0.56999,-0.86874,0.05254,-0.03834,0.48441,-0.05276,0.1563,-0.14115,0.1201,-0.0983,-0.03636,-0.04686
68.96,-0.03003,-0.00166,-0.15639,0.21868,0,0.01402,0.03282,-0.00326,-0.0164,-0.25504,0.1264,0.13104,0.49114,-0.3975,1.04001,0.58593,-1.97864,-0.3818,-2.00868,0.86903,-0.78882,0.19874,-0.40298,2.45479,0.49337,-0.37344,0.50939,0.12987,-0.63642,-1.00647,0.09778,-0.04912,0.53932,-0.04142,0.15016,-0.18078,0.10239,-0.09884,-0.02343,-0.01042
68.98,-0.02609,-0.00157,-0.14969,0.21281,0,0.01378,0.02855,-0.02247,0.01049,-0.18292,0.1272,0.13943,-0.3234,-0.73341,1.5415,0.71346,-2.36186,-0.41987,-2.02717,0.85028,-0.735,-0.22673,-0.36986,2.69692,0.79074,-0.42717,0.57496,0.12499,-0.65203,-1.12073,0.13898,-0.0586,0.54306,-0.01528,0.14173,-0.22007,0.06192,-0.09413,-0.01001,0.02864
69,-0.01964,-0.00149,-0.14225,0.20607,0,0.01413,0.01858,-0.04655,0.04751,-0.08808,0.11868,0.13393,-1.48589,-1.1564,2.14249,0.8279,-2.74098,-0.42786,-1.91757,0.75597,-0.56737,-0.72862,-0.2678,2.65164,1.11333,-0.43474,0.62608,0.12099,-0.61858,-1.20403,0.17307,-0.0649,0.49816,0.02086,0.13139,-0.25654,0.00711,-0.08593,0.00187,0.06602
69.02,-0.01139,-0.0013,-0.13416,0.20087,0,0.01529,0.00303,-0.07568,0.09297,0.02713,0.09987,0.11288,-3.02424,-1.66514,2.83756,0.91239,-3.11683,-0.40249,-1.67006,0.57362,-0.26482,-1.31496,-0.08362,2.25983,1.44631,-0.38891,0.65838,0.11704,-0.54614,-1.24984,0.19763,-0.06629,0.41548,0.06259,0.11947,-0.28925,-0.05434,-0.07616,0.01072,0.09864
69.04,-0.00207,-0.00091,-0.1255,0.1996,0,0.01735,-0.01795,-0.10964,0.14435,0.15943,0.07002,0.0749,-4.94386,-2.24986,3.61148,0.94587,-3.48884,-0.34036,-1.28039,0.29158,0.19032,-1.99023,0.19446,1.4627,1.76893,-0.28287,0.66822,0.112,-0.45113,-1.25293,0.21102,-0.06145,0.31193,0.10616,0.10624,-0.31869,-0.11595,-0.06674,0.01567,0.12478
69.06,0.00757,-0.0002,-0.11628,0.20447,0,0.02029,-0.04414,-0.14775,0.19837,0.30486,0.02872,0.01909,-7.21991,-2.89087,4.43785,0.9035,-3.8529,-0.23796,-0.75018,-0.09988,0.80993,-2.75341,0.57533,0.20697,2.05419,-0.11101,0.65287,0.10475,-0.35266,-1.20973,0.21237,-0.04975,0.20659,0.1486,0.09192,-0.34644,-0.17273,-0.05937,0.0165,0.14395
69.08,0.01683,0.00092,-0.10647,0.21733,0,0.02399,-0.0753,-0.18886,0.25118,0.45901,-0.02374,-0.05466,-9.7904,-3.55775,5.27879,0.75753,-4.1993,-0.09188,-0.08699,-0.60718,1.59747,-3.59608,1.06318,-1.54784,2.26877,0.13002,0.61072,0.09447,-0.26835,-1.1186,0.20148,-0.03138,0.11618,0.18775,0.07667,-0.37463,-0.22126,-0.05548,0.01348,0.15654
69.1,0.02511,0.00252,-0.096,0.23949,0,0.02827,-0.11113,-0.23139,0.29858,0.61717,-0.08616,-0.14544,-12.55147,-4.20942,6.08588,0.47888,-4.51137,0.1007,0.69557,-1.2314,2.54525,-4.50108,1.65539,-3.82077,2.37349,0.44011,0.54147,0.08093,-0.2106,-0.98012,0.17875,-0.00747,0.05128,0.22224,0.06061,-0.4053,-0.25958,-0.05606,0.00721,0.16336
69.12,0.03194,0.00467,-0.08477,0.27159,0,0.03287,-0.15125,-0.27334,0.33636,0.77441,-0.15617,-0.25098,-15.35631,-4.7954,6.80289,0.03932,-4.76512,0.34131,1.57777,-1.96617,3.63204,-5.44178,2.34051,-6.60002,2.3242,0.81461,0.44624,0.06453,-0.18454,-0.7972,0.14504,0.01989,0.01424,0.25138,0.04383,-0.43992,-0.28707,-0.0616,-0.00151,0.16532
69.14,0.03701,0.00739,-0.07262,0.31346,0,0.03755,-0.19519,-0.31237,0.36068,0.92549,-0.23021,-0.36745,-18.01934,-5.25833,7.37011,-0.58557,-4.93035,0.6293,2.53359,-2.7954,4.82121,-6.3824,3.09644,-9.83406,2.0735,1.24331,0.32765,0.04626,-0.1879,-0.57521,0.10168,0.04786,-0.00049,0.27502,0.02636,-0.47903,-0.30405,-0.07211,-0.01181,0.16317
69.16,0.04023,0.01067,-0.05936,0.36402,0,0.04204,-0.24226,-0.34578,0.36845,1.06486,-0.30372,-0.48934,-20.32701,-5.53788,7.73057,-1.41293,-4.97308,0.96069,3.53053,-3.69132,6.06005,-7.27953,3.88929,-13.42417,1.5736,1.70995,0.18978,0.02746,-0.21271,-0.32178,0.05047,0.07309,-0.00422,0.29336,0.00816,-0.52202,-0.31155,-0.08712,-0.02284,0.15739
69.18,0.04173,0.01446,-0.04476,0.42119,0,0.04619,-0.29161,-0.3707,0.35775,1.18661,-0.37137,-0.60951,-22.05598,-5.57567,7.83733,-2.44861,-4.85943,1.32703,4.52931,-4.61329,7.28044,-8.08481,4.67314,-17.21972,0.78061,2.19205,0.03814,0.00948,-0.24806,-0.04672,-0.00627,0.09205,-0.01062,0.30678,-0.0109,-0.56723,-0.31091,-0.10571,-0.03378,0.14828
69.2,0.04187,0.01864,-0.02858,0.48198,0,0.04991,-0.34215,-0.38415,0.32808,1.28462,-0.42757,-0.7195,-22.9986,-5.32084,7.66123,-3.68324,-4.56033,1.71432,5.48339,-5.5077,8.40124,-8.74878,5.39122,-21.0175,-0.33959,2.66145,-0.12042,-0.00657,-0.28302,0.23817,-0.06558,0.10141,-0.03228,0.31577,-0.03107,-0.61214,-0.30359,-0.12658,-0.04392,0.136
69.22,0.04122,0.02303,-0.01061,0.54266,0,0.05326,-0.39259,-0.38325,0.28048,1.35278,-0.46706,-0.81001,-22.99524,-4.73546,7.19755,-5.08861,-4.05666,2.10214,6.33836,-6.30947,9.33267,-9.22536,5.97863,-24.56661,-1.80395,3.08553,-0.2779,-0.02009,-0.30904,0.51937,-0.12387,0.09834,-0.07799,0.32085,-0.05269,-0.65378,-0.29098,-0.14808,-0.05258,0.1208
69.24,0.04051,0.02733,0.00931,0.59909,0,0.05649,-0.44144,-0.36544,0.21741,1.38528,-0.48555,-0.87174,-21.97201,-3.79939,6.47069,-6.61509,-3.34415,2.46331,7.03165,-6.94538,9.98257,-9.47666,6.36679,-27.57995,-3.60405,3.42923,-0.42537,-0.03102,-0.3213,0.78192,-0.17688,0.0808,-0.15126,0.32252,-0.07613,-0.68919,-0.27437,-0.16822,-0.05915,0.10314
69.26,0.04058,0.03111,0.03117,0.6471,0,0.05997,-0.48714,-0.32876,0.14245,1.3772,-0.48034,-0.8964,-19.98204,-2.51426,5.53577,-8.19085,-2.43746,2.76436,7.49333,-7.3394,10.2646,-9.47774,6.48951,-29.75316,-5.69827,3.65805,-0.55329,-0.03983,-0.31911,1.00986,-0.21979,0.04774,-0.25007,0.32136,-0.10179,-0.71601,-0.25491,-0.1847,-0.06304,0.08383
69.28,0.04229,0.03384,0.0548,0.68293,0,0.06427,-0.52814,-0.27211,0.05982,1.32505,-0.45086,-0.87778,-17.22403,-0.90642,4.47663,-9.72357,-1.37281,2.96702,7.64915,-7.41968,10.10734,-9.22052,6.29002,-30.79038,-8.00609,3.74171,-0.6519,-0.04739,-0.30545,1.18676,-0.24745,-0.00068,-0.36748,0.31798,-0.12996,-0.7329,-0.23372,-0.195,-0.06371,0.06406
69.3,0.04645,0.03484,0.07975,0.70351,0,0.07003,-0.56309,-0.19556,-0.02611,1.22749,-0.39882,-0.81276,-13.98563,0.97175,3.39864,-11.10525,-0.20825,3.03099,7.42645,-7.12647,9.463,-8.71588,5.72807,-30.43484,-10.40668,3.6583,-0.71159,-0.05481,-0.28608,1.29624,-0.2547,-0.06289,-0.49266,0.31312,-0.16075,-0.73976,-0.21185,-0.19652,-0.06062,0.04545
69.32,0.05376,0.03342,0.10535,0.7066,0,0.07791,-0.59103,-0.1006,-0.11138,1.0858,-0.32787,-0.70188,-10.52846,3.04287,2.41562,-12.22059,0.97963,2.91814,6.76324,-6.42005,8.31426,-7.99244,4.78584,-28.50115,-12.74362,3.39834,-0.72322,-0.06333,-0.26841,1.32251,-0.23684,-0.13577,-0.61197,0.30749,-0.19394,-0.73758,-0.19022,-0.18676,-0.05333,0.0298
69.34,0.06478,0.02891,0.13063,0.69056,0,0.08841,-0.61147,0.00972,-0.19286,0.90426,-0.24287,-0.54957,-7.01203,5.20846,1.63122,-12.95861,2.10267,2.59784,5.62003,-5.2879,6.67802,-7.09182,3.47193,-24.90613,-14.83643,2.96824,-0.6784,-0.07416,-0.26041,1.25096,-0.19012,-0.21449,-0.70995,0.3017,-0.22886,-0.72787,-0.16951,-0.16364,-0.04149,0.01888
69.36,0.07987,0.02078,0.15442,0.65406,0,0.10178,-0.6246,0.13077,-0.26868,0.69015,-0.14867,-0.36379,-3.49312,7.35533,1.11763,-13.22655,3.0714,2.0529,3.9927,-3.75031,4.60622,-6.06132,1.82327,-19.69499,-16.49832,2.3927,-0.56982,-0.08846,-0.26948,1.06878,-0.11238,-0.2924,-0.76995,0.296,-0.26432,-0.71181,-0.14989,-0.12585,-0.02494,0.01407
69.38,0.09918,0.0088,0.17541,0.59564,0,0.1178,-0.63132,0.25651,-0.33841,0.45357,-0.04903,-0.15539,0.042,9.3638,0.89672,-12.9638,3.80687,1.28536,1.92404,-1.86382,2.18411,-4.94612,-0.09504,-13.0587,-17.55712,1.71535,-0.3917,-0.10734,-0.30164,0.76597,-0.0035,-0.36107,-0.77476,0.29009,-0.29851,-0.68928,-0.13084,-0.07318,-0.00375,0.01599
69.4,0.12263,-0.0069,0.19221,0.51339,0,0.13576,-0.63316,0.37971,-0.40297,0.20694,0.05419,0.06295,3.64215,11.11623,0.92946,-12.15267,4.25188,0.32056,-0.48978,0.27893,-0.47381,-3.78328,-2.19208,-5.33604,-17.87583,0.99681,-0.14039,-0.13193,-0.36082,0.33654,0.13418,-0.41037,-0.70711,0.28293,-0.32905,-0.65807,-0.11102,-0.0068,0.02162,0.0242
69.42,0.14986,-0.02574,0.20351,0.40478,0,0.15442,-0.63215,0.49248,-0.46417,-0.03589,0.16122,0.278,7.35539,12.50495,1.11849,-10.82281,4.37971,-0.79161,-3.1009,2.55401,-3.23035,-2.59876,-4.35602,3.00608,-17.36882,0.3094,0.18472,-0.16347,-0.44847,-0.21993,0.29591,-0.42876,-0.55027,0.27271,-0.35315,-0.61348,-0.08826,0.07055,0.05031,0.03709
69.44,0.18016,-0.04672,0.20813,0.26675,0,0.17212,-0.63032,0.58695,-0.52397,-0.26085,0.2738,0.47744,11.19257,13.43908,1.32518,-9.04786,4.19911,-1.97921,-5.7213,4.81653,-5.93511,-1.4083,-6.46185,11.41633,-16.0115,-0.27177,0.58031,-0.20351,-0.56337,-0.8966,0.47488,-0.40382,-0.28883,0.2569,-0.36783,-0.54836,-0.05976,0.15471,0.08094,0.05193
69.46,0.21248,-0.0685,0.2051,0.09601,0,0.187,-0.62932,0.65604,-0.58344,-0.45514,0.39406,0.65139,15.0899,13.85033,1.39791,-6.93536,3.75496,-3.1542,-8.14283,6.91516,-8.436,-0.22107,-8.38144,19.32119,-13.84348,-0.68009,1.0381,-0.25399,-0.70159,-1.67782,0.66286,-0.32304,0.09023,0.23244,-0.37024,-0.45368,-0.02247,0.24023,0.11164,0.06511
69.48,0.24538,-0.08949,0.19382,-0.11035,0,0.1972,-0.62977,0.69439,-0.64195,-0.60874,0.52309,0.79364,18.87067,13.6982,1.20463,-4.61296,3.12463,-4.22097,-10.16189,8.70854,-10.59186,0.95496,-9.99478,26.19371,-10.96638,-0.86911,1.54408,-0.31734,-0.85658,-2.53778,0.85119,-0.17492,0.59589,0.19603,-0.35803,-0.31949,0.02658,0.3209,0.14004,0.07254
69.5,0.27704,-0.108,0.17401,-0.35414,0,0.20113,-0.631,0.69906,-0.69647,-0.71555,0.65979,0.90232,22.23202,12.97384,0.66123,-2.214,2.40981,-5.08624,-11.60413,10.08038,-12.28405,2.10789,-11.20069,31.61377,-7.53675,-0.82186,2.07802,-0.39635,-1.01917,-3.44004,1.03169,0.04957,1.23108,0.14449,-0.32966,-0.13628,0.08981,0.39015,0.16337,0.07005
69.52,0.3053,-0.12243,0.14579,-0.63502,0,0.19764,-0.63081,0.67004,-0.74164,-0.77395,0.80007,0.97964,24.81235,11.70194,-0.25135,0.13543,1.72362,-5.66918,-12.34461,10.95048,-13.42537,3.21873,-11.92521,35.30733,-3.75386,-0.55557,2.61371,-0.49385,-1.17761,-4.33803,1.19754,0.35537,1.99001,0.07512,-0.28462,0.10353,0.16886,0.44168,0.17869,0.05386
69.54,0.3278,-0.13143,0.10959,-0.94964,0,0.18617,-0.62555,0.61032,-0.77034,-0.78669,0.93674,1.03072,26.32168,9.93986,-1.48485,2.32657,1.17365,-5.91075,-12.32119,11.28031,-13.96565,4.26079,-12.12706,37.15926,0.15752,-0.12063,3.11991,-0.6122,-1.31745,-5.17692,1.34389,0.74147,2.85534,-0.01397,-0.2234,0.40394,0.26436,0.47004,0.18311,0.02094
69.56,0.34209,-0.13404,0.06602,-1.29073,0,0.16676,-0.61049,0.52568,-0.77479,-0.76008,1.0602,1.06169,26.62864,7.77449,-2.93505,4.27512,0.84349,-5.78176,-11.54052,11.0736,-13.89411,5.20205,-11.80024,37.20295,3.96785,0.40587,3.56209,-0.75257,-1.42173,-5.89691,1.46829,1.19913,3.79554,-0.12352,-0.14744,0.76395,0.37592,0.47118,0.17412,-0.03054
69.58,0.34586,-0.12987,0.01577,-1.64654,0,0.14009,-0.58034,0.42416,-0.74809,-0.70299,1.15939,1.07775,25.76114,5.31738,-4.46207,5.92508,0.77636,-5.28828,-10.0773,10.37314,-13.23937,6.00938,-10.97422,35.59502,7.46411,0.93037,3.90491,-0.91426,-1.47149,-6.43762,1.57072,1.71033,4.76297,-0.25289,-0.05891,1.17628,0.50213,0.44297,0.14998,-0.10094
69.6,0.33716,-0.11918,-0.04057,-2.00085,0,0.10746,-0.52983,0.31527,-0.68554,-0.62557,1.22326,1.08151,23.86817,2.69864,-5.9141,7.2492,0.9654,-4.47328,-8.06705,9.25487,-12.06679,6.65347,-9.71171,32.58352,10.46807,1.35528,4.11502,-1.09411,-1.44698,-6.74295,1.65325,2.24684,5.69351,-0.39985,0.03955,1.62678,0.6406,0.38556,0.11006,-0.18883
69.62,0.31457,-0.10292,-0.10261,-2.3335,0,0.07074,-0.45444,0.20915,-0.58581,-0.53822,1.24197,1.07225,21.1778,0.05931,-7.14953,8.24585,1.35432,-3.41283,-5.69176,7.81954,-10.47288,7.1132,-8.10348,28.47468,12.84893,1.59183,4.16387,-1.2862,-1.32963,-6.76592,1.71922,2.77024,6.50822,-0.56055,0.14508,2.09453,0.78794,0.30147,0.05504,-0.29083
69.64,0.27739,-0.08268,-0.17028,-2.62183,0,0.0323,-0.35091,0.11538,-0.45144,-0.45066,1.20816,1.04616,17.9578,-2.45796,-8.05454,8.93294,1.84919,-2.20661,-3.1592,6.18235,-8.57644,7.37867,-6.2601,23.60168,14.52921,1.57213,4.03031,-1.48186,-1.10477,-6.473,1.77191,3.23321,7.11763,-0.72956,0.25487,2.55289,0.93972,0.19537,-0.01296,-0.40151
69.66,0.22577,-0.06055,-0.24389,-2.8427,0,-0.00512,-0.21782,0.042,-0.28882,-0.37122,1.11782,0.99745,14.48091,-4.71957,-8.5552,9.34005,2.33909,-0.96414,-0.67815,4.46158,-6.50735,7.45285,-4.30137,18.29777,15.48478,1.25943,3.70297,-1.66999,-0.76484,-5.84786,1.81289,3.58222,7.42864,-0.90014,0.36643,2.97148,1.09038,0.07368,-0.0904,-0.51348
69.68,0.16079,-0.03896,-0.32416,-2.97505,0,-0.0386,-0.05591,-0.00554,-0.10775,-0.30636,0.97099,0.92003,10.99726,-6.61163,-8.62383,9.50081,2.72011,0.21023,1.56626,2.76786,-4.39506,7.35172,-2.34533,12.87546,15.74085,0.65507,3.18225,-1.83779,-0.31257,-4.89462,1.84059,3.76167,7.35376,-1.0646,0.47787,3.31886,1.23326,-0.05603,-0.1725,-0.61766
69.7,0.08446,-0.02046,-0.41217,-3.00252,0,-0.06538,0.13161,-0.02492,0.07956,-0.26041,0.77204,0.80919,7.7151,-8.04894,-8.27965,9.44708,2.91647,1.23051,3.43232,1.19538,-2.35825,7.10309,-0.49856,7.61227,15.36483,-0.19927,2.48179,-1.9715,0.23657,-3.63994,1.84925,3.71919,6.82167,-1.21484,0.58823,3.56562,1.36067,-0.18564,-0.25349,-0.70374
69.72,-0.00028,-0.00748,-0.50923,-2.91574,0,-0.0833,0.33904,-0.01701,0.25965,-0.23545,0.52956,0.66295,4.79031,-8.98084,-7.58328,9.20578,2.89333,2.03767,4.83308,-0.18381,-0.4969,6.74348,1.15127,2.7424,14.45674,-1.22542,1.62878,-2.05731,0.85344,-2.13356,1.82871,3.41184,5.78813,-1.34294,0.69772,3.68743,1.46412,-0.30695,-0.327,-0.76096
69.74,-0.08976,-0.00215,-0.61669,-2.71391,0,-0.09126,0.55839,0.01464,0.41941,-0.23131,0.25556,0.4826,2.32342,-9.39334,-6.62574,8.79873,2.65889,2.60246,5.73798,-1.32238,1.11296,6.3134,2.53991,-1.54754,13.13753,-2.31907,0.66301,-2.08217,1.49619,-0.44647,1.76506,2.81274,4.24587,-1.44178,0.80792,3.66768,1.5346,-0.41214,-0.3865,-0.77899
69.76,-0.1798,-0.00605,-0.73566,-2.40566,0,-0.08984,0.7798,0.06472,0.54769,-0.24578,-0.03557,0.27279,0.36274,-9.30784,-5.51363,8.24503,2.25687,2.92333,6.16599,-2.1975,2.42192,5.85168,3.62855,-5.1201,11.53664,-3.36498,-0.3655,-2.0346,2.1132,1.33303,1.64228,1.91762,2.23271,-1.50563,0.92194,3.49976,1.563,-0.49402,-0.42579,-0.74911
69.78,-0.26606,-0.02005,-0.86675,-2.0091,0,-0.08162,0.99228,0.12732,0.6368,-0.27484,-0.3285,0.04095,-1.08859,-8.77742,-4.35377,7.56494,1.75299,3.02088,6.17372,-2.80862,3.40766,5.39011,4.40368,-7.88693,9.78054,-4.25413,-1.3998,-1.90551,2.64762,3.10486,1.44464,0.75027,-0.16359,-1.53061,1.04424,3.18841,1.54045,-0.5463,-0.43954,-0.66526
69.8,-0.3443,-0.04418,-1.00982,-1.55091,0,-0.07131,1.18441,0.19686,0.68357,-0.31317,-0.60822,-0.2034,-2.06342,-7.88121,-3.23987,6.78352,1.21988,2.93081,5.84158,-3.17368,4.0733,4.94976,4.87514,-9.80757,7.98361,-4.89919,-2.37993,-1.68887,3.04295,4.76391,1.15954,-0.63419,-2.80538,-1.51491,1.18027,2.74988,1.45852,-0.56367,-0.42365,-0.52498
69.82,-0.41078,-0.07763,-1.16382,-1.06427,0,-0.06532,1.34525,0.26876,0.68965,-0.35464,-0.86124,-0.44948,-2.62048,-6.71677,-2.24377,5.93254,0.724,2.69698,5.26068,-3.32453,4.44372,4.53969,5.07239,-10.88714,6.24196,-5.24535,-3.24728,-1.38231,3.2492,6.20748,0.7805,-2.14987,-5.51205,-1.45847,1.33557,2.21034,1.30908,-0.54184,-0.37543,-0.32993
69.84,-0.46246,-0.11877,-1.32663,-0.58548,0,-0.07091,1.46519,0.33958,0.66094,-0.39315,-1.07638,-0.68607,-2.83464,-5.39078,-1.41168,5.0496,0.31666,2.3653,4.52189,-3.30156,4.56017,4.15824,5.03936,-11.17282,4.63016,-5.27486,-3.94925,-0.98728,3.22915,7.34331,0.30996,-3.68502,-8.07467,-1.36226,1.51444,1.60241,1.08383,-0.47749,-0.29364,-0.08588
69.86,-0.49733,-0.16533,-1.49503,-0.1498,0,-0.0949,1.53685,0.40678,0.60638,-0.42338,-1.2454,-0.90227,-2.78791,-4.00887,-0.76516,4.17497,0.02956,1.97902,3.70782,-3.14845,4.47378,3.79651,4.82847,-10.74951,3.20041,-5.00569,-4.44398,-0.50915,2.96412,8.09776,-0.23873,-5.11143,-10.27705,-1.22711,1.71836,0.96027,0.77363,-0.36818,-0.17825,0.19777
69.88,-0.51454,-0.21454,-1.66478,0.21295,0,-0.14228,1.55583,0.46828,0.53636,-0.44161,-1.36337,-1.08829,-2.56198,-2.6661,-0.30516,3.34713,-0.12585,1.57558,2.88759,-2.90744,4.2392,3.44297,4.49479,-9.73448,1.98369,-4.48573,-4.70469,0.04282,2.45854,8.42346,-0.8403,-6.29693,-11.92035,-1.05262,1.94438,0.31446,0.36807,-0.21239,-0.03024,0.50865
69.9,-0.51462,-0.26335,-1.83067,0.48198,0,-0.21507,1.52138,0.52203,0.46102,-0.44637,-1.42874,-1.23597,-2.23214,-1.43954,-0.01763,2.59854,-0.15611,1.18483,2.1144,-2.61572,3.90898,3.08782,4.09086,-8.2703,0.99237,-3.7841,-4.7229,0.65551,1.74221,8.30512,-1.45823,-7.11969,-12.84692,-0.83634,2.18391,-0.31242,-0.14456,-0.00962,0.1486,0.8322
69.92,-0.49945,-0.30852,-1.9867,0.64783,0,-0.31151,1.43663,0.56572,0.38889,-0.43877,-1.4432,-1.33931,-1.86288,-0.38414,0.12099,1.9526,-0.08172,0.82846,1.42517,-2.30303,3.52923,2.72607,3.66269,-6.51482,0.22347,-2.98075,-4.50977,1.31188,0.86909,7.76188,-2.04764,-7.48263,-12.95957,-0.57346,2.42207,-0.90832,-0.77642,0.23927,0.35566,1.15232
69.94,-0.47212,-0.34674,-2.12612,0.71281,0,-0.42601,1.30834,0.59673,0.32587,-0.42236,-1.41114,-1.39471,-1.5048,0.46824,0.13904,1.42218,0.06803,0.52031,0.84168,-1.99071,3.13691,2.35846,3.24701,-4.62803,-0.33776,-2.15524,-4.09499,1.99105,-0.08764,6.84576,-2.56026,-7.32669,-12.23382,-0.25723,2.63788,-1.47205,-1.53842,0.53163,0.58735,1.45185
69.96,-0.43676,-0.37469,-2.24161,0.68989,0,-0.54961,1.14632,0.61238,0.27475,-0.40277,-1.339,-1.40113,-1.19297,1.10674,0.0662,1.00982,0.26044,0.26731,0.37285,-1.69193,2.75849,1.9906,2.86978,-2.75714,-0.71442,-1.37619,-3.52384,2.66849,-1.04381,5.63663,-2.95107,-6.64153,-10.72263,0.12001,2.80521,-2.01147,-2.43776,0.86244,0.83888,1.71309
69.98,-0.39817,-0.38911,-2.32559,0.60037,0,-0.67078,0.96254,0.6102,0.23523,-0.38693,-1.23458,-1.36008,-0.94656,1.53783,-0.06882,0.70905,0.46433,0.07077,0.01735,-1.41276,2.41002,1.63096,2.54586,-1.02256,-0.93483,-0.69283,-2.85291,3.31663,-1.91398,4.23504,-3.18538,-5.47212,-8.55372,0.56516,2.89456,-2.54004,-3.47483,1.22372,1.1038,1.91818
70,-0.36151,-0.38693,-2.3706,0.47073,0,-0.7766,0.77015,0.58827,0.20448,-0.38219,-1.1064,-1.2755,-0.76995,1.78071,-0.23985,0.50655,0.65389,-0.07227,-0.23355,-1.15392,2.09832,1.28867,2.27999,0.49179,-1.0298,-0.13041,-2.14523,3.90572,-2.62102,2.75392,-3.24453,-3.9187,-5.91921,1.08235,2.87529,-3.07213,-4.63976,1.60385,1.37358,2.04963
70.02,-0.33189,-0.36544,-2.36986,0.32909,0,-0.85376,0.58242,0.54531,0.17825,-0.39526,-0.96324,-1.1534,-0.65536,1.86281,-0.42426,0.3844,0.81088,-0.16762,-0.39331,-0.91272,1.82286,0.97164,2.06847,1.74151,-1.03025,0.30938,-1.46518,4.40506,-3.10386,1.31007,-3.12908,-2.12786,-3.05671,1.67065,2.71824,-3.61771,-5.90897,1.98717,1.63715,2.09091
70.04,-0.31403,-0.32248,-2.31779,0.20148,0,-0.88974,0.41166,0.4806,0.1523,-0.43115,-0.81379,-1.00122,-0.58679,1.81587,-0.60379,0.32238,0.92505,-0.22278,-0.47787,-0.68504,1.57818,0.68555,1.90176,2.71743,-0.96519,0.64296,-0.87339,4.78474,-3.32271,0.01534,-2.85854,-0.27454,-0.22249,2.32183,2.39843,-4.17696,-7.24228,2.35367,1.88064,2.02717
70.06,-0.31185,-0.25675,-2.21063,0.10843,0,-0.87376,0.26813,0.39365,0.1241,-0.49215,-0.66634,-0.82704,-0.54482,1.67279,-0.76516,0.29998,0.99322,-0.24586,-0.50382,-0.46704,1.35649,0.43352,1.76728,3.43569,-0.86003,0.89588,-0.42181,5.01779,-3.26164,-1.03173,-2.46816,1.46281,2.34019,3.01867,1.89784,-4.73574,-8.58104,2.67936,2.08735,1.84633
70.08,-0.32816,-0.16808,-2.04709,0.0622,0,-0.79775,0.15912,0.28405,0.0942,-0.57705,-0.52868,-0.63878,-0.51144,1.46536,-0.90054,0.29799,1.01742,-0.24487,-0.48696,-0.25651,1.15011,0.21645,1.6523,3.92525,-0.73551,1.09273,-0.14956,5.08263,-2.9289,-1.75347,-2.00373,2.92839,4.43221,3.73401,1.20824,-5.2628,-9.84815,2.93716,2.23829,1.54056
70.1,-0.36435,-0.05778,-1.82889,0.0653,0,-0.65734,0.08832,0.15142,0.0671,-0.68072,-0.40788,-0.44359,-0.47403,1.22283,-1.0075,0.29977,1.00287,-0.22716,-0.44143,-0.05371,0.95353,0.03362,1.54626,4.21658,-0.60699,1.24901,-0.07987,4.96567,-2.35507,-2.09885,-1.51561,4.01072,5.92234,4.4311,0.33377,-5.71001,-10.95037,3.09864,2.31324,1.10834
70.12,-0.42035,0.07115,-1.56107,0.11068,0,-0.45263,0.05559,-0.00418,0.05106,-0.79431,-0.31021,-0.24752,-0.42766,0.97096,-1.08847,0.29204,0.95618,-0.19906,-0.37919,0.13839,0.76455,-0.1167,1.44229,4.33411,-0.48461,1.36711,-0.21866,4.66324,-1.58928,-2.04684,-1.05267,4.65483,6.75871,5.06553,-0.70718,-6.01609,-11.78335,3.13661,2.29251,0.55669
70.14,-0.49453,0.21389,-1.2519,0.18366,0,-0.18877,0.05718,-0.18157,0.05691,-0.90593,-0.24082,-0.05549,-0.37543,0.73149,-1.14946,0.2653,0.884,-0.16573,-0.30975,0.31461,0.58464,-0.2368,1.33753,4.29385,-0.37389,1.43746,-0.55482,4.18279,-0.69337,-1.60701,-0.65694,4.86276,6.96568,5.5889,-1.88103,-6.11411,-12.23942,3.02826,2.15926,-0.09653
70.16,-0.58393,0.36387,-0.91244,0.2652,0,0.12372,0.08628,-0.37752,0.09592,-1.00196,-0.20345,0.12856,-0.32705,0.52176,-1.1983,0.21388,0.79233,-0.13115,-0.24025,0.46848,0.41834,-0.32923,1.2325,4.10581,-0.27681,1.4439,-1.06204,3.5432,0.26496,-0.81773,-0.35907,4.68413,6.62876,5.95383,-3.13945,-5.94184,-12.2179,2.75875,1.90218,-0.82098
70.18,-0.68441,0.51293,-0.55581,0.33584,0,0.46901,0.13388,-0.58588,0.17739,-1.06862,-0.20004,0.30129,-0.29617,0.35454,-1.24262,0.13577,0.68624,-0.09816,-0.17564,0.59346,0.27212,-0.39671,1.12996,3.77919,-0.19314,1.37133,-1.70165,2.77433,1.21926,0.25738,-0.17526,4.2006,5.87261,6.1197,-4.42112,-5.45335,-11.63677,2.32448,1.51813,-1.57329
70.2,-0.79105,0.65173,-0.19644,0.37926,0,0.82654,0.18971,-0.79716,0.30636,-1.09357,-0.23036,0.45968,-0.29711,0.23788,-1.28804,0.03223,0.56989,-0.06863,-0.11901,0.68388,0.15285,-0.44199,1.03339,3.32813,-0.12159,1.21279,-2.42603,1.91576,2.11023,1.53427,-0.10582,3.50884,4.83794,6.05811,-5.65512,-4.62935,-10.44393,1.73527,1.01422,-2.29864
70.22,-0.89848,0.77033,0.15086,0.38491,0,1.17231,0.24327,-0.99877,0.48209,-1.06732,-0.29182,0.60072,-0.34171,0.17512,-1.33658,-0.09264,0.44676,-0.04357,-0.07191,0.73553,0.06627,-0.46758,0.94571,2.77547,-0.06077,0.97376,-3.1822,1.01442,2.88979,2.91451,-0.13577,2.70554,3.66175,5.75669,-6.76592,-3.48408,-8.626,1.01461,0.4086,-2.93494
70.24,-1.00129,0.85889,0.47193,0.34921,0,1.4808,0.28483,-1.17608,0.69752,-0.98427,-0.37932,0.72137,-0.43655,0.16488,-1.38573,-0.23258,0.31965,-0.02338,-0.0347,0.74563,0.01551,-0.47524,0.86813,2.15339,-0.00965,0.67243,-3.91564,0.1211,3.52284,4.29219,-0.23752,1.87651,2.46334,5.22082,-7.67986,-2.0672,-6.21327,0.1976,-0.27026,-3.41978
70.26,-1.09445,0.90859,0.75425,0.2754,0,1.72751,0.3063,-1.31415,0.93976,-0.84338,-0.48534,0.81857,-0.58095,0.20128,-1.4281,-0.37981,0.19083,-0.00798,-0.00693,0.71247,-0.00019,-0.46548,0.79943,1.50091,0.03233,0.33648,-4.57391,-0.71402,3.98719,5.56166,-0.37524,1.09025,1.33655,4.47337,-8.33279,-0.46093,-3.28059,-0.67313,-0.98583,-3.69926
70.28,-1.17375,0.91258,0.98791,0.17237,0,1.89166,0.30206,-1.3999,1.19135,-0.64846,-0.60026,0.88961,-0.76591,0.27411,-1.45182,-0.52583,0.0619,0.00305,0.01239,0.63483,0.01378,-0.43694,0.7357,0.85941,0.06535,-0.00243,-5.11024,-1.44598,4.2723,6.62517,-0.51005,0.3956,0.34732,3.55274,-8.67755,1.22692,0.05508,-1.55231,-1.69682,-3.73709
70.3,-1.23619,0.86684,1.16631,0.05288,0,1.95855,0.26955,-1.42407,1.43208,-0.40817,-0.7128,0.93245,-0.97429,0.36947,-1.44165,-0.66193,-0.06615,0.01029,0.02457,0.51174,0.0471,-0.38599,0.67059,0.26754,0.08956,-0.31437,-5.4865,-2.03904,4.37736,7.39966,-0.60537,-0.17773,-0.46476,2.50982,-8.68981,2.8728,3.64024,-2.39685,-2.3609,-3.52158
70.32,-1.28024,0.77073,1.28643,-0.06848,0,1.92114,0.20959,-1.38277,1.64101,-0.13561,-0.81073,0.94616,-1.18226,0.47057,-1.38083,-0.77978,-0.19301,0.01445,0.03101,0.34255,0.08513,-0.30667,0.59609,-0.24324,0.10527,-0.57563,-5.67522,-2.46936,4.30917,7.82165,-0.63165,-0.61647,-1.08221,1.40373,-8.37064,4.34939,7.29383,-3.16944,-2.93859,-3.06862
70.34,-1.30593,0.62723,1.34859,-0.17746,0,1.78049,0.12633,-1.27816,1.79865,0.1525,-0.88174,0.93131,-1.36213,0.55903,-1.25354,-0.87174,-0.31889,0.0162,0.03309,0.12764,0.11025,-0.19099,0.5037,-0.6519,0.1131,-0.77123,-5.66047,-2.72619,4.07999,7.8499,-0.57003,-0.92003,-1.50405,0.29656,-7.74498,5.53902,10.81954,-3.84061,-3.39671,-2.41967
70.36,-1.31479,0.44281,1.35601,-0.26203,0,1.54531,0.02695,-1.11835,1.88895,0.43706,-0.91455,0.89015,-1.48614,0.61646,-1.04767,-0.93115,-0.44443,0.01619,0.03207,-0.13059,0.10387,-0.02965,0.38591,-0.9496,0.11399,-0.89522,-5.43788,-2.81157,3.70574,7.46629,-0.41481,-1.09639,-1.73985,-0.75239,-6.85696,6.34719,14.02096,-4.38945,-3.71149,-1.63545
70.38,-1.30969,0.22705,1.31402,-0.31388,0,1.23093,-0.07896,-0.91683,1.90109,0.69798,-0.89996,0.82685,-1.53044,0.62627,-0.75762,-0.95258,-0.57033,0.015,0.02903,-0.4265,0.04876,0.18679,0.23773,-1.14002,0.10917,-0.94958,-5.01396,-2.73916,3.20461,6.67522,-0.17472,-1.1583,-1.8043,-1.69222,-5.76346,6.71457,16.71746,-4.80324,-3.87079,-0.78708
70.4,-1.29459,-0.00801,1.22944,-0.32934,0,0.8578,-0.18018,-0.69134,1.83069,0.91566,-0.83187,0.74729,-1.47867,0.57534,-0.38653,-0.93216,-0.69689,0.0131,0.02484,-0.75023,-0.06875,0.46653,0.05792,-1.23836,0.09999,-0.94227,-4.40493,-2.53248,2.59619,5.50202,0.12728,-1.12022,-1.71298,-2.48474,-4.52772,6.62476,18.75854,-5.07633,-3.87502,0.05333
70.42,-1.27419,-0.24861,1.10989,-0.30936,0,0.4499,-0.26481,-0.4624,1.68006,1.07238,-0.70802,0.6587,-1.32406,0.4555,0.0526,-0.86788,-0.82337,0.01085,0.0202,-1.08729,-0.25697,0.8148,-0.15029,-1.26901,0.08783,-0.88498,-3.63486,-2.22262,1.90094,3.98995,0.45573,-0.99641,-1.4798,-3.10685,-3.21375,6.10586,20.03386,-5.20852,-3.73627,0.82092
70.44,-1.25338,-0.4803,0.96331,-0.25871,0,0.03298,-0.3214,-0.25159,1.45759,1.15353,-0.53026,0.56879,-1.07,0.26451,0.53711,-0.75987,-0.94719,0.00854,0.01559,-1.41887,-0.51764,1.23211,-0.37926,-1.2621,0.07399,-0.79108,-2.733,-1.8456,1.13965,2.19594,0.76596,-0.80012,-1.11616,-3.55072,-1.88218,5.22487,20.47845,-5.20309,-3.47545,1.46445
70.46,-1.23665,-0.689,0.79756,-0.18439,0,-0.36731,-0.34014,-0.07951,1.17623,1.14871,-0.3046,0.48471,-0.72899,0.00662,1.03627,-0.61073,-1.06322,0.00636,0.01134,-1.72274,-0.84542,1.71251,-0.61751,-1.24928,0.05959,-0.67393,-1.73067,-1.43956,0.33312,0.18548,1.0088,-0.54383,-0.63165,-3.82221,-0.58728,4.07646,20.07359,-5.0649,-3.11819,1.9503
70.48,-1.22752,-0.86214,0.62016,-0.0939,0,-0.72715,-0.31398,0.03618,0.85177,1.05254,-0.04071,0.41187,-0.32062,-0.30725,1.51394,-0.42578,-1.16336,0.00443,0.00765,-1.97473,-1.22783,2.242,-0.85093,-1.25934,0.04554,-0.54561,-0.65825,-1.04205,-0.49803,-1.97246,1.13597,-0.24016,-0.03601,-3.93821,0.62454,2.76893,18.84545,-4.79901,-2.6905,2.26417
70.5,-1.22809,-0.9896,0.43828,0.0065,0,-1.02606,-0.23958,0.08263,0.50106,0.86515,0.24887,0.35293,0.13102,-0.65977,1.93181,-0.21322,-1.23657,0.00281,0.00462,-2.15023,-1.64551,2.79752,-1.06401,-1.31418,0.03252,-0.41621,0.45716,-0.68749,-1.33317,-4.2095,1.10573,0.09698,0.65824,-3.92361,1.71554,1.41051,16.86216,-4.41018,-2.21524,2.41052
70.52,-1.23878,-1.06432,0.25867,0.11303,0,-1.24816,-0.11789,0.05318,0.14072,0.59218,0.54947,0.30719,0.59992,-1.02795,2.25306,0.01598,-1.2697,0.00151,0.00225,-2.22545,-2.07287,3.34657,-1.24128,-1.42576,0.02098,-0.29342,1.59314,-0.40507,-2.15126,-6.46037,0.88791,0.45127,1.4331,-3.80823,2.65661,0.09827,14.22928,-3.90309,-1.71022,2.40961
70.54,-1.25814,-1.08258,0.0877,0.225,0,-1.383,0.0458,-0.0517,-0.21378,0.24418,0.84416,0.27042,1.06077,-1.38442,2.44598,0.24851,-1.24901,0.00053,0.0005,-2.17852,-2.47898,3.84778,-1.36849,-1.59423,0.01115,-0.18257,2.73228,-0.21699,-2.93018,-8.66393,0.46824,0.80347,2.26264,-3.62401,3.42719,-1.08914,11.08353,-3.28329,-1.18819,2.29249
70.56,-1.28302,-1.04394,-0.06863,0.34479,0,-1.42617,0.24216,-0.22403,-0.5486,-0.16435,1.11388,0.23512,1.49103,-1.69922,2.48758,0.46947,-1.16234,-0.00016,-0.00071,-1.99046,-2.82896,4.25274,-1.4338,-1.80739,0.00312,-0.08685,3.86162,-0.137,-3.64633,-10.763,-0.14841,1.13148,3.11145,-3.40263,4.01506,-2.09503,7.58516,-2.5587,-0.65829,2.09468
70.58,-1.3088,-0.95103,-0.2048,0.47732,0,-1.37962,0.45849,-0.44847,-0.85164,-0.61608,1.33872,0.19132,1.87262,-1.94204,2.36654,0.66342,-1.00143,-0.00061,-0.00145,-1.64641,-3.08585,4.50895,-1.42873,-2.04171,-0.00317,-0.00772,4.97142,-0.16936,-4.27454,-12.70345,-0.93581,1.41127,3.93407,-3.17364,4.41652,-2.8851,3.90991,-1.74142,-0.1285,1.8499
70.6,-1.32979,-0.80928,-0.31585,0.62905,0,-1.25174,0.67961,-0.70305,-1.1125,-1.09178,1.4997,0.12773,2.19271,-2.08466,2.08524,0.81546,-0.76417,-0.00086,-0.00184,-1.13734,-3.21297,4.56411,-1.34904,-2.26456,-0.00785,0.05466,6.05325,-0.30845,-4.78875,-14.43278,-1.84561,1.61847,4.67587,-2.96319,4.63642,-3.44551,0.24093,-0.84934,0.39197,1.5848
70.62,-1.33972,-0.62646,-0.39755,0.80674,0,-1.05692,0.88891,-0.96063,-1.32234,-1.57089,1.58041,0.03325,2.44347,-2.10338,1.66004,0.91252,-0.45598,-0.00097,-0.00195,-0.46236,-3.17683,4.37134,-1.19513,-2.43807,-0.01108,0.1009,7.09773,-0.53896,-5.16339,-15.89821,-2.80826,1.73077,5.27537,-2.79312,4.68804,-3.77935,-3.23945,0.0928,0.89098,1.31591
70.64,-1.33231,-0.41232,-0.44673,1.01608,0,-0.81469,1.06949,-1.19098,-1.4738,-2.03181,1.56862,-0.10133,2.6209,-1.98141,1.11979,0.9445,-0.09022,-0.00096,-0.00188,0.36871,-2.95028,3.89499,-0.9722,-2.524,-0.01302,0.13196,8.09189,-0.83698,-5.37543,-17.04465,-3.73627,1.73079,5.66834,-2.6802,4.59246,-3.9022,-6.35885,1.05349,1.35304,1.04894
70.66,-1.30179,-0.17798,-0.4615,1.26033,0,-0.54828,1.20541,-1.36351,-1.56112,-2.45201,1.45794,-0.28159,2.72309,-1.71093,0.50264,0.90542,0.31247,-0.00089,-0.00168,1.33267,-2.51612,3.11687,-0.69001,-2.4894,-0.01381,0.14877,9.01697,-1.17196,-5.40713,-17.81357,-4.52981,1.60907,5.79329,-2.63559,4.3775,-3.8375,-8.96474,1.9956,1.76022,0.78037
70.68,-1.2435,0.06457,-0.44168,1.53933,0,-0.28288,1.28302,-1.45035,-1.58055,-2.80831,1.24927,-0.5079,2.7485,-1.29495,-0.148,0.79443,0.72587,-0.00077,-0.00143,2.39111,-1.87056,2.04173,-0.36252,-2.31208,-0.01356,0.15198,9.84712,-1.50917,-5.24888,-18.1436,-5.08473,1.36666,5.59808,-2.66445,4.07626,-3.61285,-10.93453,2.87862,2.09395,0.50075
70.7,-1.15444,0.30305,-0.38894,1.84904,0,-0.04369,1.29214,-1.42927,-1.531,-3.07765,0.95186,-0.77447,2.69486,-0.74842,-0.78776,0.61654,1.12066,-0.00064,-0.00115,3.48998,-1.02617,0.70116,-0.00738,-1.98477,-0.0123,0.1418,10.54935,-1.81272,-4.90152,-17.97334,-5.30267,1.01633,5.04648,-2.76574,3.72519,-3.25755,-12.18453,3.66147,2.33741,0.1987
70.72,-1.03375,0.52546,-0.307,2.1818,0,0.14623,1.227,-1.28634,-1.41499,-3.23829,0.58347,-1.06916,2.55902,-0.09839,-1.3754,0.38284,1.46756,-0.0005,-0.00087,4.56148,-0.01359,-0.84556,0.35474,-1.51693,-0.01003,0.11793,11.08495,-2.04887,-4.37722,-17.24611,-5.10273,0.58179,4.12391,-2.93209,3.36152,-2.8019,-12.67629,4.30577,2.47775,-0.13483
70.74,-0.8829,0.72075,-0.20143,2.52728,0,0.26819,1.08682,-1.0177,-1.23945,-3.27176,0.16938,-1.37433,2.33791,0.61721,-1.87617,0.11008,1.74089,-0.00037,-0.00062,5.5286,1.11852,-2.5143,0.70092,-0.93385,-0.0067,0.07971,11.41232,-2.18934,-3.69859,-15.91625,-4.43389,0.09466,2.84139,-3.15,3.01995,-2.27782,-12.41946,4.77936,2.50807,-0.50295
70.76,-0.70576,0.87945,-0.07934,2.87399,0,0.30998,0.8761,-0.63067,-1.01652,-3.16515,-0.25947,-1.66851,2.0303,1.35194,-2.26452,-0.18029,1.92221,-0.00025,-0.0004,6.31212,2.30548,-4.20242,1.00713,-0.27322,-0.00223,0.02626,11.49113,-2.21463,-2.89609,-13.95673,-3.28689,-0.41025,1.23756,-3.40025,2.72899,-1.72032,-11.47153,5.0598,2.42875,-0.90016
70.78,-0.50852,0.99435,0.05109,3.21098,0,0.26758,0.60452,-0.14391,-0.76377,-2.91359,-0.66915,-1.92863,1.63904,2.05429,-2.52586,-0.4638,2.00331,-0.00016,-0.00022,6.83895,3.47032,-5.79758,1.24965,0.41964,0.00344,-0.04311,11.28752,-2.11666,-2.00448,-11.36744,-1.70334,-0.90025,-0.62122,-3.65888,2.50777,-1.16865,-9.93442,5.13746,2.24826,-1.31111
70.8,-0.29934,1.06098,0.18122,3.52906,0,0.14609,0.28646,0.41348,-0.50359,-2.52212,-1.02583,-2.1324,1.17293,2.67164,-2.6571,-0.71492,1.98769,-8e-05,-8e-05,7.05056,4.52914,-7.18768,1.40673,1.09694,0.01034,-0.12858,10.77928,-1.90038,-1.05888,-8.18262,0.22067,-1.34914,-2.6429,-3.89865,2.36395,-0.66607,-7.94815,5.01755,1.98305,-1.71115
70.82,-0.08788,1.07781,0.30249,3.82109,0,-0.04048,-0.05985,1.00398,-0.26142,-2.00644,-1.29887,-2.26036,0.64776,3.15461,-2.66577,-0.90947,1.88994,-3e-05,3e-05,6.90989,5.39784,-8.27079,1.46053,1.71308,0.0184,-0.22929,9.95994,-1.5836,-0.09102,-4.47551,2.33926,-1.73961,-4.71456,-4.09124,2.29356,-0.25707,-5.68032,4.72027,1.65643,-2.06892
70.84,0.11545,1.04614,0.40706,4.08136,0,-0.27079,-0.41383,1.58512,-0.06268,-1.39211,-1.46383,-2.2976,0.08586,3.46142,-2.56757,-1.02727,1.73269,1e-05,0.0001,6.40593,6.00002,-8.96431,1.39914,2.22839,0.02744,-0.34284,8.84096,-1.19477,0.8741,-0.35866,4.47065,-2.06328,-6.70991,-4.20986,2.28258,0.01803,-3.31165,4.27875,1.29622,-2.351
70.86,0.3004,0.96969,0.48838,4.30413,0,-0.51881,-0.75426,2.1138,0.07106,-0.71241,-1.50524,-2.23489,-0.48547,3.56218,-2.38307,-1.05468,1.54181,4e-05,0.00015,5.55582,6.27542,-9.21301,1.21858,2.61192,0.03713,-0.46484,7.45205,-0.76925,1.82066,4.01995,6.41866,-2.31865,-8.49943,-4.2322,2.31031,0.13037,-1.01878,3.73524,0.93164,-2.5277
70.88,0.45784,0.85409,0.54173,4.48224,0,-0.75704,-1.06123,2.55098,0.12594,-0.00537,-1.4186,-2.06953,-1.03636,3.44251,-2.13409,-0.98689,1.34118,5e-05,0.00017,4.40465,6.18784,-8.99514,0.92439,2.84354,0.04694,-0.58853,5.84018,-0.34468,2.74275,8.48407,7.99771,-2.50792,-9.96174,-4.14339,2.35349,0.06956,1.04287,3.13632,0.58997,-2.57897
70.9,0.58051,0.7064,0.56448,4.60624,0,-0.95984,-1.31767,2.86594,0.09857,0.68929,-1.21141,-1.80573,-1.53699,3.10591,-1.84082,-0.82901,1.1483,6e-05,0.00017,3.0228,5.73089,-8.32559,0.53237,2.91519,0.05614,-0.70466,4.06731,0.04363,3.64296,12.83829,9.05649,-2.63384,-10.99458,-3.93817,2.39039,-0.15168,2.75283,2.52809,0.2937,-2.49879
70.92,0.66355,0.53456,0.55621,4.66452,0,-1.10618,-1.51049,3.03913,-0.00306,1.33308,-0.90257,-1.45454,-1.95987,2.57401,-1.51991,-0.5959,0.97184,6e-05,0.00016,1.50055,4.92987,-7.2547,0.06792,2.83148,0.06381,-0.80154,2.20682,0.36657,4.52807,16.87859,9.49577,-2.69729,-11.52373,-3.62175,2.40403,-0.49757,4.03355,1.95181,0.05872,-2.29664
70.94,0.70459,0.34698,0.51844,4.64452,0,-1.18177,-1.63096,3.06354,-0.16094,1.89117,-0.52014,-1.03316,-2.28171,1.88448,-1.18398,-0.31013,0.81174,5e-05,0.00013,-0.06025,3.83914,-5.86227,-0.43614,2.6093,0.06886,-0.86561,0.33832,0.60398,5.40221,20.40401,9.27807,-2.69605,-11.50898,-3.2089,2.384,-0.91437,4.85153,1.44036,-0.10639,-1.99559
70.96,0.70359,0.15211,0.45423,4.53491,0,-1.18028,-1.67461,2.9445,-0.35036,2.33443,-0.09774,-0.56368,-2.48483,1.08687,-0.84219,0.00122,0.66124,4e-05,0.0001,-1.55646,2.53556,-4.24767,-0.94309,2.27653,0.07017,-0.88237,-1.45862,0.74635,6.25884,23.22953,8.42927,-2.625,-10.94714,-2.72151,2.32692,-1.33972,5.21271,1.01565,-0.20001,-1.62767
70.98,0.66255,-0.04183,0.36759,4.32829,0,-1.10379,-1.6409,2.69841,-0.54412,2.6412,0.32962,-0.07154,-2.55827,0.23731,-0.50154,0.3105,0.51035,4e-05,7e-05,-2.89449,1.10969,-2.51829,-1.41639,1.8698,0.06661,-0.83793,-3.11105,0.79532,7.07346,25.19953,7.03359,-2.47742,-9.8725,-2.18529,2.23593,-1.71369,5.15399,0.68712,-0.22656,-1.22786
71,0.5851,-0.22712,0.26305,4.02363,0,-0.96245,-1.53277,2.35069,-0.71683,2.79849,0.72955,0.41634,-2.49851,-0.60701,-0.16822,0.5931,0.34933,3e-05,4e-05,-3.99964,-0.34365,-0.77828,-1.82361,1.43091,0.0573,-0.72096,-4.55819,0.76325,7.79935,26.19998,5.22318,-2.24695,-8.35446,-1.62629,2.11941,-1.9885,4.73313,0.45153,-0.19534,-0.82853
71.02,0.47627,-0.39668,0.14527,3.62774,0,-0.77323,-1.35626,1.93305,-0.84826,2.8028,1.07538,0.87359,-2.30996,-1.3929,0.15138,0.83022,0.17153,2e-05,1e-05,-4.82247,-1.73411,0.88071,-2.13938,1.00188,0.04172,-0.52506,-5.75531,0.67163,8.36814,26.16732,3.16306,-1.9297,-6.49163,-1.06744,1.98922,-2.13452,4.01832,0.29412,-0.11962,-0.45549
71.04,0.34209,-0.54419,0.01881,3.15516,0,-0.55772,-1.12017,1.48022,-0.92528,2.66025,1.34811,1.27651,-2.0049,-2.07551,0.45039,1.01041,-0.02512,1e-05,-1e-05,-5.34152,-2.98321,2.38629,-2.34718,0.61868,0.01997,-0.2513,-6.6755,0.54858,8.69582,25.093,1.03234,-1.52621,-4.40245,-0.52567,1.85854,-2.14139,3.07876,0.19096,-0.01581,-0.12629
71.06,0.18949,-0.66424,-0.11189,2.62685,0,-0.33943,-0.83582,1.02647,-0.94252,2.38629,1.53717,1.60629,-1.60307,-2.62158,0.72182,1.12985,-0.23788,1e-05,-3e-05,-5.56272,-4.03012,3.68912,-2.43992,0.3046,-0.00712,0.08966,-7.30984,0.42553,8.69375,23.02437,-0.99632,-1.04285,-2.21331,-0.00959,1.73964,-2.01481,1.97684,0.11235,0.09701,0.14945
71.08,0.02608,-0.75244,-0.2425,2.06809,0,-0.14079,-0.51691,0.60234,-0.90181,2.00494,1.64033,1.85092,-1.13098,-3.01174,0.95935,1.19174,-0.45996,0,-4e-05,-5.51628,-4.83559,4.76414,-2.41963,0.065,-0.03784,0.47627,-7.66645,0.33365,8.28271,20.06315,-2.77601,-0.49288,-0.04651,0.48185,1.64173,-1.77087,0.76277,0.02665,0.19776,0.36841
71.1,-0.13997,-0.80554,-0.36868,1.50612,0,0.01948,-0.17928,0.23206,-0.8111,1.54768,1.66276,2.00636,-0.62077,-3.24135,1.15811,1.20509,-0.68168,-0,-4e-05,-5.25179,-5.38351,5.60895,-2.29641,-0.11488,-0.06964,0.87662,-7.7687,0.30024,7.40733,16.36185,-4.20008,0.10328,1.9898,0.95942,1.56937,-1.42987,-0.52781,-0.09597,0.26432,0.53153
71.12,-0.30012,-0.82156,-0.48591,0.96804,0,0.12837,0.15939,-0.06799,-0.68269,1.05167,1.61554,2.07664,-0.10857,-3.31967,1.31512,1.18299,-0.89175,-0,-4e-05,-4.83187,-5.67981,6.2394,-2.08677,-0.26747,-0.09939,1.25119,-7.65274,0.34566,6.0481,12.1169,-5.20938,0.71864,3.80789,1.44217,1.5213,-1.0113,-1.87298,-0.28029,0.27515,0.6424
71.14,-0.44565,-0.79979,-0.58943,0.47883,0,0.1798,0.48025,-0.28978,-0.53131,0.55724,1.51365,2.07284,0.36777,-3.26743,1.42923,1.1406,-1.0784,-0,-4e-05,-4.32478,-5.74855,6.68275,-1.81145,-0.43543,-0.12376,1.55806,-7.36417,0.48083,4.22908,7.55789,-5.79124,1.32118,5.34264,1.95452,1.49014,-0.53103,-3.26069,-0.54359,0.21167,0.70645
71.16,-0.56813,-0.74085,-0.67421,0.05982,0,0.17484,0.76429,-0.4331,-0.37213,0.10478,1.3737,2.01094,0.77159,-3.11308,1.50066,1.0931,-1.23032,-0,-3e-05,-3.79667,-5.62627,6.96967,-1.49296,-0.66073,-0.13978,1.75974,-6.95434,0.70569,2.02063,2.93323,-5.97191,1.87633,6.5504,2.52209,1.46265,-0.00055,-4.68278,-0.89388,0.06117,0.73104
71.18,-0.65983,-0.6467,-0.73505,-0.27255,0,0.12135,0.99357,-0.50448,-0.21885,-0.26854,1.21185,1.90933,1.0705,-2.88864,1.53052,1.05377,-1.33761,-0,-3e-05,-3.30465,-5.35554,7.12648,-1.15329,-0.97274,-0.14537,1.8302,-6.47662,1.00864,-0.46268,-1.50596,-5.80513,2.34998,7.40604,3.16696,1.42078,0.57208,-6.1278,-1.32894,-0.18015,0.726
71.2,-0.71429,-0.52074,-0.76687,-0.50761,0,0.0329,1.1526,-0.51559,-0.08219,-0.53191,1.0421,1.78633,1.23923,-2.62575,1.52034,1.03232,-1.39262,-0,-2e-05,-2.89142,-4.97898,7.1694,-0.8121,-1.37868,-0.1398,1.76008,-5.98286,1.36716,-3.06932,-5.52223,-5.36014,2.71154,7.8996,3.90297,1.34337,1.18032,-7.57408,-1.83589,-0.50454,0.70431
71.22,-0.72684,-0.36785,-0.765,-0.64098,0,-0.07285,1.22971,-0.4815,0.03117,-0.66339,0.87528,1.65799,1.26198,-2.35241,1.47212,1.0339,-1.39098,-0,-2e-05,-2.58238,-4.53444,7.10163,-0.48551,-1.85898,-0.12381,1.55876,-5.51987,1.75,-5.62329,-8.90727,-4.71121,2.93666,8.03356,4.73147,1.20836,1.81717,-8.98387,-2.39139,-0.89126,0.68226
71.24,-0.69508,-0.19441,-0.72574,-0.67469,0,-0.17625,1.21833,-0.41889,0.11902,-0.65159,0.71859,1.53659,1.13383,-2.09066,1.38859,1.05839,-1.33251,-0,-1e-05,-2.38518,-4.05168,6.91383,-0.18566,-2.3689,-0.09947,1.25229,-5.12603,2.12072,-7.94157,-11.4961,-3.9299,3.00937,7.82117,5.63818,0.99554,2.47347,-10.29965,-2.96262,-1.30662,0.67886
71.26,-0.61929,-0.00817,-0.64678,-0.61709,0,-0.25803,1.11802,-0.34425,0.18364,-0.49666,0.57583,1.42968,0.86142,-1.85513,1.2739,1.10054,-1.2221,-0,-1e-05,-2.29153,-3.55073,6.58779,0.07923,-2.84578,-0.06975,0.87819,-4.82802,2.44229,-9.85496,-13.17961,-3.0804,2.92354,7.28614,6.59162,0.68932,3.13697,-11.44326,-3.50904,-1.70591,0.71433
71.28,-0.50265,0.1819,-0.52775,-0.48242,0,-0.30161,0.93518,-0.27243,0.23118,-0.21042,0.44791,1.33979,0.46293,-1.65278,1.13443,1.15044,-1.07023,-0,-2e-05,-2.28056,-3.04194,6.10228,0.30437,-3.21998,-0.038,0.47837,-4.63847,2.68194,-11.22868,-13.91424,-2.21727,2.68368,6.46317,7.54328,0.28134,3.79199,-12.31849,-3.98531,-2.03715,0.80796
71.3,-0.35132,0.36596,-0.3706,-0.29003,0,-0.29504,0.6832,-0.21544,0.27067,0.18428,0.33373,1.26489,-0.03282,-1.48343,0.97945,1.19471,-0.89283,-0,-2e-05,-2.32305,-2.52768,5.44008,0.48776,-3.42691,-0.00734,0.09235,-4.55485,2.81541,-11.97885,-13.72692,-1.38492,2.30504,5.39859,8.43002,-0.2276,4.41979,-12.81725,-4.34513,-2.24661,0.97528
71.32,-0.17412,0.53378,-0.17966,-0.06318,0,-0.23215,0.38179,-0.18176,0.31254,0.65521,0.23092,1.19923,-0.58801,-1.34119,0.82122,1.21812,-0.71012,-0,-2e-05,-2.38577,-2.00516,4.59449,0.6295,-3.41765,0.01969,-0.24797,-4.56001,2.82954,-12.08067,-12.71262,-0.61779,1.81249,4.14986,9.17867,-0.82695,4.99926,-12.82909,-4.5461,-2.28593,1.22507
71.34,0.01811,0.67544,0.03852,0.17273,0,-0.11298,0.05535,-0.17604,0.36676,1.16336,0.13661,1.13473,-1.15841,-1.21641,0.6745,1.20564,-0.54437,-0,-2e-05,-2.43548,-1.47025,3.57448,0.73121,-3.16693,0.04139,-0.5211,-4.62439,2.72302,-11.5671,-11.0241,0.05943,1.23839,2.78328,9.7128,-1.49715,5.50799,-12.25361,-4.55534,-2.12035,1.55633
71.36,0.21355,0.78208,0.27576,0.39224,0,0.0567,-0.2694,-0.1993,0.44087,1.66634,0.04797,1.06261,-1.69692,-1.09813,0.5554,1.1447,-0.4168,-0,-2e-05,-2.44253,-0.92135,2.40781,0.79565,-2.67765,0.0569,-0.71644,-4.70966,2.50533,-10.51936,-8.85515,0.63171,0.61943,1.37008,9.9611,-2.21167,5.92371,-11.01475,-4.35521,-1.73678,1.95587
71.38,0.40046,0.84683,0.52293,0.57214,0,0.26626,-0.56613,-0.2493,0.53823,2.12223,-0.03734,0.97506,-2.15743,-0.97646,0.47966,1.02734,-0.34441,-0,-2e-05,-2.38364,-0.363,1.1418,0.82632,-1.98196,0.06616,-0.83302,-4.77332,2.1946,-9.05276,-6.42083,1.09363,-0.00678,-0.01836,9.8665,-2.9398,6.22589,-9.0753,-3.94823,-1.15029,2.39714
71.4,0.56832,0.8655,0.77063,0.69345,0,0.50147,-0.81143,-0.32117,0.65686,2.49326,-0.12078,0.86668,-2.49886,-0.84455,0.46081,0.85194,-0.3372,-0,-2e-05,-2.24397,0.19204,-0.15865,0.82724,-1.13873,0.06969,-0.87735,-4.77345,1.81492,-7.30137,-3.93796,1.44889,-0.6048,-1.31511,9.39416,-3.6495,6.39747,-6.44869,-3.35986,-0.40671,2.8412
71.42,0.70858,0.83695,1.0099,0.74302,0,0.74581,-0.98689,-0.40814,0.7891,2.74893,-0.20262,0.73548,-2.68883,-0.6999,0.50823,0.62388,-0.39664,-0,-1e-05,-2.01791,0.72255,-1.41619,0.80262,-0.22715,0.06838,-0.86093,-4.67289,1.3935,-5.40387,-1.60813,1.70897,-1.14389,-2.46149,8.53687,-4.30971,6.42608,-3.20545,-2.63765,0.42043,3.24023
71.44,0.8152,0.76319,1.23268,0.7144,0,0.98189,-1.0803,-0.50228,0.9225,2.8683,-0.28168,0.58318,-2.70668,-0.54466,0.62537,0.35522,-0.51561,-0,-1e-05,-1.70878,1.20106,-2.54939,0.75637,0.66314,0.06337,-0.79782,-4.44239,0.95785,-3.49194,0.3959,1.89092,-1.59955,-3.40984,7.31664,-4.89205,6.30477,0.52774,-1.84634,1.23923,3.54369
71.46,0.88491,0.64899,1.43219,0.60805,0,1.19279,-1.08629,-0.59542,1.04138,2.84145,-0.35526,0.415,-2.54571,-0.38502,0.80839,0.06332,-0.67956,0,0,-1.32745,1.59793,-3.48319,0.6917,1.44425,0.05582,-0.70272,-4.06276,0.5333,-1.6815,1.93997,2.01436,-1.95435,-4.12525,5.783,-5.3719,6.03221,4.57568,-1.05945,1.95339,3.70639
71.48,0.91717,0.50144,1.60325,0.4311,0,1.36336,-1.00625,-0.67988,1.12904,2.67016,-0.41915,0.23888,-2.21444,-0.23005,1.04542,-0.23123,-0.86866,0,1e-05,-0.89049,1.88638,-4.15961,0.61074,2.04237,0.04682,-0.58942,-3.52618,0.14089,-0.06692,2.93477,2.09829,-2.1981,-4.58644,4.00884,-5.72912,5.6128,8.72719,-0.34927,2.47808,3.69663
71.5,0.91401,0.32929,1.74241,0.19646,0,1.4814,-0.84793,-0.74925,1.17001,2.36757,-0.46796,0.06448,-1.73642,-0.09013,1.31672,-0.50693,-1.06034,0,1e-05,-0.41806,2.04714,-4.54614,0.5145,2.40765,0.03731,-0.46979,-2.83663,-0.20411,1.28195,3.33813,2.15823,-2.32736,-4.78569,2.08477,-5.94857,5.05664,12.75033,0.22296,2.75379,3.50265
71.52,0.87969,0.14237,1.84791,-0.07848,0,1.53852,-0.62438,-0.79901,1.15186,1.95676,-0.49577,-0.09804,-1.1482,0.0247,1.59617,-0.74365,-1.23178,0,2e-05,0.06819,2.07175,-4.63973,0.40306,2.51957,0.02806,-0.35328,-2.00933,-0.49296,2.32051,3.15355,2.20415,-2.34447,-4.72779,0.11231,-6.02026,4.37918,16.40852,0.61493,2.75497,3.13515
71.54,0.82013,-0.04907,1.91946,-0.3737,0,1.53074,-0.35267,-0.82695,1.06648,1.46814,-0.49703,-0.23939,-0.49534,0.10632,1.85384,-0.92478,-1.36219,0,2e-05,0.54713,1.96385,-4.46559,0.27624,2.38705,0.0196,-0.24672,-1.06903,-0.72353,3.02815,2.42479,2.23924,-2.2561,-4.42786,-1.80386,-5.93933,3.60043,19.47709,0.80819,2.49218,2.62546
71.56,0.7423,-0.23498,1.95791,-0.66869,0,1.45876,-0.05215,-0.83342,0.91073,0.93592,-0.46773,-0.35242,0.17305,0.15001,2.05961,-1.03894,-1.4346,0,3e-05,0.9999,1.73855,-4.07146,0.1344,2.04391,0.01227,-0.15449,-0.04754,-0.89976,3.40604,1.22805,2.2598,-2.07156,-3.90876,-3.56426,-5.70582,2.74385,21.7597,0.81008,2.00793,2.01968
71.58,0.65356,-0.40604,1.96495,-0.94464,0,1.32799,0.25715,-0.82128,0.68668,0.39446,-0.40648,-0.43319,0.81013,0.15541,2.18706,-1.08125,-1.43733,0,2e-05,1.41133,1.42053,-3.51946,-0.02061,1.54164,0.00626,-0.07878,1.01921,-1.03074,3.47431,-0.33719,2.25603,-1.80129,-3.19846,-5.08263,-5.32471,1.83507,23.10411,0.65266,1.36845,1.37071
71.6,0.56114,-0.55417,1.94282,-1.18628,0,1.14822,0.55611,-0.79569,0.40144,-0.12497,-0.31529,-0.4816,1.37636,0.12697,2.2169,-1.05393,-1.36488,0,2e-05,1.77082,1.04127,-2.87745,-0.18474,0.94142,0.00159,-0.02005,2.09394,-1.1294,3.26902,-2.1572,2.21354,-1.45582,-2.32806,-6.29264,-4.80595,0.90078,23.41542,0.38881,0.6534,0.73007
71.62,0.47168,-0.67276,1.89416,-1.38314,0,0.93282,0.82761,-0.76343,0.0668,-0.59651,-0.19988,-0.50137,1.84265,0.07362,2.13919,-0.96591,-1.21813,0,1e-05,2.07246,0.63599,-2.21145,-0.35138,0.30691,-0.00179,0.0226,3.14042,-1.21084,2.83897,-4.11204,2.11554,-1.04518,-1.33055,-7.1522,-4.16447,-0.03234,22.66453,0.08571,-0.05474,0.14095
71.64,0.39088,-0.75688,1.82181,-1.53004,0,0.69749,1.05735,-0.73189,-0.30153,-1.00088,-0.06918,-0.49927,2.19146,0.00764,1.95385,-0.83161,-1.00387,-0,-0,2.31454,0.24038,-1.57997,-0.51154,-0.3014,-0.00404,0.05091,4.12536,-1.29046,2.24219,-6.08254,1.94523,-0.57904,-0.24021,-7.64528,-3.41969,-0.93878,20.89068,-0.18413,-0.68026,-0.36639
71.66,0.32326,-0.8034,1.72867,-1.62689,0,0.45859,1.23429,-0.70786,-0.68483,-1.3256,0.06569,-0.48391,2.41594,-0.05706,1.66996,-0.66889,-0.73375,-0,-1e-05,2.49848,-0.11254,-1.0304,-0.65447,-0.8302,-0.00533,0.06716,5.01991,-1.38193,1.54242,-7.95615,1.68868,-0.06721,0.90735,-7.78133,-2.59487,-1.79521,18.19875,-0.35303,-1.16239,-0.77694
71.68,0.27208,-0.81096,1.61773,-1.67806,0,0.23145,1.3509,-0.69624,-1.06253,-1.56456,0.19277,-0.46423,2.51797,-0.10689,1.30388,-0.49672,-0.42291,-0,-3e-05,2.62769,-0.39508,-0.59722,-0.76878,-1.23614,-0.00586,0.0738,5.80073,-1.49538,0.80551,-9.63147,1.33757,0.47941,2.0748,-7.59309,-1.7162,-2.5814,14.75252,-0.36821,-1.4612,-1.09095
71.7,0.23923,-0.78007,1.49204,-1.69134,0,0.02884,1.40319,-0.69915,-1.41343,-1.71706,0.30076,-0.44815,2.50568,-0.13038,0.87708,-0.33297,-0.08845,-0,-4e-05,2.70635,-0.58684,-0.30156,-0.84356,-1.48764,-0.00582,0.07326,6.45049,-1.63581,0.09622,-11.02146,0.89183,1.04766,3.22262,-7.13293,-0.81197,-3.2806,10.76468,-0.1997,-1.56091,-1.32188
71.72,0.22526,-0.71301,1.35473,-1.67662,0,-0.14004,1.39049,-0.71546,-1.71701,-1.78665,0.38029,-0.44168,2.39107,-0.11942,0.41378,-0.19258,0.25208,-0,-6e-05,2.73856,-0.67575,-0.15193,-0.86966,-1.56636,-0.00538,0.06775,6.95757,-1.8022,-0.52501,-12.05471,0.3616,1.62105,4.30872,-6.46767,0.08838,-3.87931,6.4827,0.15531,-1.46996,-1.49275
71.74,0.22952,-0.61372,1.20896,-1.64436,0,-0.27005,1.31516,-0.74092,-1.95473,-1.77995,0.42491,-0.44839,2.18803,-0.06986,-0.06145,-0.0864,0.58213,-1e-05,-7e-05,2.72764,-0.65799,-0.14552,-0.8407,-1.46818,-0.0047,0.05918,7.31502,-1.98713,-1.00496,-12.67517,-0.23177,2.17898,5.28866,-5.67202,0.95547,-4.36645,2.17032,0.67256,-1.21791,-1.63097
71.76,0.25025,-0.48766,1.05777,-1.60398,0,-0.3601,1.18208,-0.76883,-2.11151,-1.70547,0.4317,-0.46955,1.91092,0.01857,-0.52573,-0.02053,0.88749,-1e-05,-7e-05,2.67593,-0.53729,-0.26996,-0.75403,-1.20383,-0.0039,0.04909,7.51909,-2.17718,-1.30056,-12.84112,-0.85595,2.69652,6.11655,-4.82113,1.76138,-4.73231,-1.91393,1.30474,-0.84985,-1.76277
71.78,0.28473,-0.34155,0.90394,-1.56254,0,-0.41276,0.9982,-0.79106,-2.17709,-1.5728,0.40157,-0.5045,1.5739,0.14271,-0.95971,0.00373,1.15741,-1e-05,-8e-05,2.58488,-0.32362,-0.5053,-0.61134,-0.79874,-0.00307,0.03867,7.56796,-2.35391,-1.38137,-12.52435,-1.46921,3.14495,6.7468,-3.98344,2.4812,-4.96792,-5.53866,1.98843,-0.41946,-1.90804
71.8,0.32951,-0.18307,0.74996,-1.52368,0,-0.43356,0.77227,-0.79928,-2.14728,-1.39217,0.33913,-0.55121,1.19087,0.29666,-1.34871,-0.01049,1.38525,-1e-05,-7e-05,2.45563,-0.03195,-0.82605,-0.41906,-0.29143,-0.00228,0.02877,7.46082,-2.4954,-1.23149,-11.71023,-2.02352,3.49314,7.13644,-3.21484,3.09442,-5.06518,-8.51855,2.65252,0.01804,-2.07664
71.82,0.38058,-0.0206,0.598,-1.4872,0,-0.43008,0.5144,-0.78605,-2.02468,-1.17428,0.25217,-0.60676,0.77576,0.47244,-1.68324,-0.0564,1.5686,-0,-6e-05,2.28968,0.31905,-1.20337,-0.18823,0.27005,-0.00158,0.01992,7.19756,-2.57817,-0.85025,-10.3985,-2.46933,3.70983,7.24775,-2.55485,3.58596,-5.0179,-10.72756,3.22699,0.41213,-2.26717
71.84,0.43358,0.13732,0.44995,-1.44924,0,-0.41092,0.23584,-0.74585,-1.81888,-0.93044,0.15078,-0.66778,0.34318,0.66071,-1.95884,-0.1246,1.70876,-0,-5e-05,2.08972,0.70811,-1.60732,0.06611,0.8338,-0.00099,0.01244,6.77874,-2.57943,-0.25168,-8.60459,-2.76173,3.76682,7.05097,-2.02487,3.94679,-4.82379,-12.10534,3.65128,0.72197,-2.46825
71.86,0.48411,0.28251,0.30746,-1.4029,0,-0.38464,-0.05142,-0.67576,-1.54594,-0.67282,0.04612,-0.73067,-0.0911,0.85126,-2.17535,-0.20444,1.80976,-0,-3e-05,1.8603,1.11228,-2.00902,0.32612,1.35106,-0.00051,0.00642,6.20619,-2.4796,0.53707,-6.3615,-2.86752,3.64257,6.52733,-1.62868,4.17422,-4.48711,-12.65744,3.88149,0.91981,-2.66182
71.88,0.52794,0.40769,0.17201,-1.33953,0,-0.35873,-0.33502,-0.57598,-1.22733,-0.41464,-0.05091,-0.7918,-0.50973,1.03362,-2.33594,-0.28528,1.87721,-0,-1e-05,1.60835,1.50788,-2.38259,0.57261,1.78306,-0.00015,0.00185,5.48418,-2.26481,1.47804,-3.72215,-2.77176,3.32603,5.6723,-1.35456,4.27181,-4.02133,-12.45035,3.89581,0.99295,-2.82762
71.9,0.56136,0.50705,0.04502,-1.25016,0,-0.33874,-0.60268,-0.44997,-0.8884,-0.17021,-0.13083,-0.84754,-0.89388,1.19756,-2.44596,-0.35773,1.91702,0,2e-05,1.34342,1.87139,-2.70642,0.78683,2.10596,0.00011,-0.00141,4.62094,-1.92919,2.52486,-0.76159,-2.48222,2.81969,4.49881,-1.17878,4.24901,-3.451,-11.60211,3.69705,0.94393,-2.94722
71.92,0.58139,0.57655,-0.07206,-1.12724,0,-0.32775,-0.84265,-0.3043,-0.55605,0.04548,-0.18656,-0.89437,-1.22388,1.33367,-2.51172,-0.41459,1.93433,0,4e-05,1.07726,2.18048,-2.96352,0.95225,2.31232,0.00028,-0.00354,3.63016,-1.47661,3.62524,2.42194,-2.03036,2.14101,3.03988,-1.07015,4.12005,-2.81179,-10.26838,3.31151,0.7891,-3.0067
71.94,0.58599,0.61415,-0.17774,-0.96621,0,-0.32604,-1.04436,-0.14805,-0.25603,0.21771,-0.21396,-0.9289,-1.48054,1.43394,-2.53935,-0.45139,1.93251,0,6e-05,0.82279,2.41515,-3.14096,1.05636,2.40877,0.00038,-0.00474,2.53196,-0.92129,4.72333,5.70829,-1.46795,1.32192,1.34981,-0.99503,3.90235,-2.14832,-8.6246,2.78392,0.55544,-2.99739
71.96,0.57428,0.61981,-0.27046,-0.76689,0,-0.33116,-1.19907,0.00816,-0.00975,0.33337,-0.21205,-0.94797,-1.6471,1.49236,-2.53376,-0.46662,1.91255,1e-05,7e-05,0.59253,2.55899,-3.22867,1.09218,2.41072,0.00041,-0.00521,1.35327,-0.28756,5.76208,8.95911,-0.86014,0.40639,-0.49613,-0.92253,3.61442,-1.50979,-6.84612,2.16953,0.27623,-2.91501
71.98,0.54659,0.59543,-0.34872,-0.53456,0,-0.33836,-1.30058,0.15332,0.16845,0.38251,-0.18295,-0.94874,-1.7113,1.50553,-2.49798,-0.46164,1.87288,1e-05,8e-05,0.39687,2.60053,-3.21828,1.05939,2.33584,0.00041,-0.00515,0.12756,0.39137,6.68549,12.02429,-0.27634,-0.55313,-2.40401,-0.82894,3.2741,-0.94464,-5.08942,1.52516,-0.01373,-2.75814
72,0.50457,0.54466,-0.41115,-0.28018,0,-0.3413,-1.3458,0.27724,0.27328,0.35976,-0.13149,-0.92895,-1.66738,1.47304,-2.43311,-0.44015,1.80965,1e-05,8e-05,0.24247,2.5343,-3.10237,0.96466,2.19864,0.00038,-0.00473,-1.10605,1.07565,7.44052,14.75017,0.21919,-1.49988,-4.26561,-0.7009,2.89726,-0.49488,-3.47765,0.90117,-0.28249,-2.5269
72.02,0.45105,0.4726,-0.45668,-0.01982,0,-0.33317,-1.33504,0.37174,0.30887,0.26525,-0.06454,-0.88706,-1.5172,1.39754,-2.3386,-0.4074,1.7176,1e-05,8e-05,0.13136,2.36134,-2.87455,0.82088,2.00737,0.00032,-0.00408,-2.30455,1.72198,7.97862,16.98948,0.57565,-2.377,-5.96534,-0.53645,2.4975,-0.19118,-2.09267,0.336,-0.50443,-2.22266
72.04,0.38986,0.3854,-0.48465,0.227,0,-0.30805,-1.27187,0.43168,0.28763,0.10493,0.0098,-0.82248,-1.27051,1.2844,-2.21306,-0.36904,1.59124,1e-05,7e-05,0.06055,2.08898,-2.53039,0.64521,1.76428,0.00026,-0.00332,-3.42372,2.28767,8.25677,18.6124,0.76188,-3.1316,-7.38979,-0.34381,2.08648,-0.04919,-0.97434,-0.14617,-0.6623,-1.84888
72.06,0.32546,0.28976,-0.49499,0.43981,0,-0.26227,-1.16278,0.45566,0.22768,-0.10973,0.08329,-0.73563,-0.94425,1.14096,-2.05539,-0.32991,1.42637,0,6e-05,0.02243,1.73002,-2.06903,0.45635,1.46847,0.0002,-0.00253,-4.42163,2.73539,8.23875,19.51841,0.76999,-3.71862,-8.43918,-0.13842,1.67492,-0.06734,-0.12589,-0.53488,-0.74814,-1.41283
72.08,0.26253,0.19241,-0.48828,0.59998,0,-0.19562,-1.01648,0.44644,0.14956,-0.36255,0.14852,-0.62811,-0.56124,0.97563,-1.86596,-0.29288,1.22155,0,6e-05,0.00567,1.30153,-1.49521,0.27157,1.12028,0.00014,-0.00177,-5.26238,3.03766,7.89734,19.64798,0.61623,-4.10431,-9.03913,0.06105,1.27372,-0.22642,0.47683,-0.83086,-0.76298,-0.92753
72.1,0.20555,0.0996,-0.46593,0.69326,0,-0.11192,-0.84329,0.41073,0.07305,-0.63382,0.19983,-0.50265,-0.14847,0.79697,-1.64756,-0.25826,0.97924,0,5e-05,-0.00346,0.82353,-0.82103,0.10424,0.72531,9e-05,-0.00108,-5.91927,3.18024,7.21769,18.9916,0.33867,-4.26888,-9.15034,0.23669,0.89474,-0.49128,0.87472,-1.04258,-0.71576,-0.41301
72.12,0.15855,0.01668,-0.43006,0.71155,0,-0.0187,-0.65433,0.3583,0.01454,-0.90177,0.23389,-0.363,0.26491,0.61286,-1.4059,-0.22375,0.70625,0,5e-05,-0.01956,0.31766,-0.0669,-0.0375,0.29676,4e-05,-0.0005,-6.37672,3.16349,6.20167,17.5937,-0.00838,-4.20815,-8.77398,0.37436,0.55074,-0.81477,1.11558,-1.18281,-0.62132,0.10418
72.14,0.12472,-0.05224,-0.38338,0.6537,0,0.07406,-0.46073,0.30044,-0.01462,-1.14421,0.24993,-0.21361,0.64975,0.42978,-1.14927,-0.1852,0.41332,0,4e-05,-0.05633,-0.19419,0.73882,-0.15085,-0.14487,0,-4e-05,-6.63054,3.00144,4.87271,15.54995,-0.36305,-3.93365,-7.95161,0.46556,0.25421,-1.14395,1.24621,-1.26569,-0.49793,0.59341
72.16,0.10634,-0.10456,-0.32895,0.52532,0,0.15588,-0.2728,0.24791,-0.00879,-1.34037,0.24964,-0.05925,0.97919,0.25227,-0.88764,-0.13786,0.11393,0,4e-05,-0.12487,-0.69117,1.56131,-0.2373,-0.57443,-2e-05,0.0003,-6.68692,2.71883,3.28005,12.9987,-0.66626,-3.47159,-6.7601,0.50798,0.01547,-1.42763,1.30691,-1.30462,-0.36442,1.02395
72.18,0.10457,-0.13934,-0.26988,0.3378,0,0.21801,-0.09936,0.20894,0.03212,-1.47276,0.23679,0.09544,1.23086,0.08276,-0.63133,-0.07791,-0.17727,0,4e-05,-0.23213,-1.15462,2.3618,-0.30096,-0.96608,-4e-05,0.00052,-6.5607,2.34714,1.50122,10.10864,-0.87189,-2.86084,-5.30335,0.50514,-0.15956,-1.62387,1.3284,-1.31102,-0.23753,1.36976
72.2,0.11947,-0.15735,-0.20912,0.10695,0,0.25519,0.05276,0.18784,0.10339,-1.52873,0.2165,0.2462,1.3888,-0.07826,-0.38973,-0.00374,-0.44606,0,3e-05,-0.37982,-1.56877,3.10047,-0.34676,-1.29741,-5e-05,0.00064,-6.2732,1.92047,-0.35925,7.06456,-0.95423,-2.15003,-3.70199,0.4653,-0.27102,-1.70588,1.33064,-1.29361,-0.12978,1.61341
72.22,0.1501,-0.16082,-0.14922,-0.14882,0,0.26654,0.17896,0.18443,0.19669,-1.5016,0.19444,0.38919,1.44478,-0.23165,-0.17017,0.08332,-0.67994,0,2e-05,-0.56387,-1.9211,3.73935,-0.379,-1.55247,-6e-05,0.00066,-5.84994,1.47195,-2.17642,4.05181,-0.91088,-1.39372,-2.08225,0.40019,-0.32566,-1.6648,1.32312,-1.25833,-0.04836,1.74834
72.24,0.19462,-0.15314,-0.09229,-0.41033,0,0.2554,0.2768,0.19463,0.30161,-1.39126,0.17571,0.52081,1.39896,-0.37863,0.02285,0.1789,-0.86905,0,1e-05,-0.77471,-2.20214,4.24516,-0.40048,-1.72334,-5e-05,0.00061,-5.31813,1.03098,-3.81759,1.2405,-0.76033,-0.64764,-0.56436,0.32343,-0.33594,-1.50887,1.30638,-1.20839,0.00502,1.77884
72.26,0.25056,-0.13836,-0.03992,-0.6597,0,0.2281,0.34573,0.21199,0.40719,-1.20407,0.16387,0.63741,1.25982,-0.51967,0.18811,0.27628,-1.00657,-0,-0,-0.99821,-2.40513,4.59187,-0.41228,-1.81004,-5e-05,0.00052,-4.7043,0.62133,-5.15914,-1.22978,-0.53533,0.03664,0.74855,0.24909,-0.31802,-1.25957,1.27426,-1.14469,0.03324,1.71807
72.28,0.31507,-0.12065,0.00678,-0.88204,0,0.19236,0.38672,0.22955,0.50352,-0.95237,0.16005,0.73504,1.04359,-0.65339,0.32767,0.36745,-1.08897,-0,-1e-05,-1.21707,-2.5256,4.76285,-0.41402,-1.81937,-4e-05,0.0004,-4.03259,0.26023,-6.10455,-3.26226,-0.274,0.61679,1.77986,0.19019,-0.28911,-0.94609,1.21662,-1.06634,0.04242,1.58488
72.3,0.38519,-0.10375,0.0471,-1.0668,0,0.15553,0.40188,0.24163,0.58287,-0.65357,0.16255,0.80931,0.77289,-0.77605,0.44652,0.44423,-1.11589,-0,-2e-05,-1.41261,-2.56111,4.75241,-0.40437,-1.7631,-3e-05,0.00027,-3.32376,-0.04187,-6.59891,-4.81025,-0.01145,1.06358,2.48594,0.15758,-0.26485,-0.59954,1.12216,-0.97144,0.04019,1.40048
72.32,0.45799,-0.09064,0.08067,-1.20839,0,0.12334,0.39402,0.24503,0.64045,-0.32871,0.16699,0.85573,0.47473,-0.8816,0.55172,0.49942,-1.08993,-0,-3e-05,-1.56658,-2.51128,4.56607,-0.38163,-1.65575,-2e-05,0.00015,-2.59514,-0.28083,-6.63644,-5.87708,0.22622,1.36288,2.85836,0.15892,-0.25731,-0.2483,0.98109,-0.85792,0.03419,1.18549
72.34,0.53075,-0.08328,0.10737,-1.30604,0,0.09919,0.36637,0.23933,0.67459,-0.00051,0.16716,0.87018,0.17781,-0.96251,0.6513,0.52752,-1.01631,-0,-4e-05,-1.66296,-2.37789,4.21955,-0.3443,-1.51251,-1e-05,5e-05,-1.86116,-0.45794,-6.25912,-6.50866,0.42445,1.51547,2.9216,0.19803,-0.27393,0.08502,0.78728,-0.72439,0.03067,0.95787
72.36,0.60106,-0.08249,0.12727,-1.36312,0,0.08408,0.32229,0.22651,0.68641,0.30883,0.15632,0.84981,-0.0907,-1.01124,0.75289,0.52523,-0.9024,-0,-4e-05,-1.68968,-2.16526,3.73675,-0.29144,-1.34722,0,-5e-05,-1.13433,-0.57865,-5.5477,-6.78038,0.57949,1.53499,2.72695,0.27457,-0.31729,0.38492,0.53989,-0.571,0.03364,0.73179
72.38,0.66683,-0.088,0.14058,-1.38601,0,0.07699,0.26512,0.21011,0.67923,0.5799,0.12868,0.79388,-0.30832,-1.02184,0.86237,0.49171,-0.75735,-0,-4e-05,-1.64006,-1.88069,3.14721,-0.22299,-1.171,2e-05,-0.00012,-0.42652,-0.65129,-4.60795,-6.78148,0.69551,1.44468,2.34419,0.38407,-0.38562,0.64302,0.2442,-0.39993,0.04427,0.51718
72.4,0.72641,-0.09863,0.14763,-1.38287,0,0.07543,0.19808,0.19418,0.65786,0.79795,0.08064,0.70448,-0.45981,-0.99139,0.9829,0.42857,-0.59172,-0,-4e-05,-1.51378,-1.53477,2.48365,-0.13991,-0.99147,3e-05,-0.00017,0.25005,-0.68573,-3.55549,-6.60045,0.78083,1.27369,1.85224,0.51853,-0.47369,0.85714,-0.08862,-0.21566,0.06088,0.32
72.42,0.77852,-0.11252,0.14886,-1.36239,0,0.07605,0.12418,0.18252,0.6278,0.95408,0.01161,0.58666,-0.53862,-0.92065,1.11432,0.3397,-0.4171,-0,-4e-05,-1.31722,-1.14125,1.77961,-0.04431,-0.81284,4e-05,-0.00021,0.88214,-0.69212,-2.50162,-6.31379,0.84453,1.05342,1.33008,0.66746,-0.57382,1.02999,-0.44285,-0.02452,0.07934,0.14274
72.44,0.82226,-0.12745,0.14483,-1.33256,0,0.07508,0.04617,0.17819,0.59453,1.04562,-0.07596,0.44802,-0.54707,-0.81387,1.25319,0.23094,-0.24575,-0,-3e-05,-1.06283,-0.71637,1.06741,0.06062,-0.63667,5e-05,-0.00024,1.45568,-0.6798,-1.54177,-5.97944,0.89403,0.81411,0.84848,0.81953,-0.67699,1.16772,-0.80082,0.16629,0.09386,-0.01491
72.46,0.85709,-0.14122,0.13624,-1.29973,0,0.06874,-0.03354,0.18341,0.56284,1.07579,-0.17708,0.2978,-0.4953,-0.67793,1.39329,0.10952,-0.09008,-0,-3e-05,-0.76789,-0.27775,0.37639,0.17079,-0.46312,7e-05,-0.00024,1.95657,-0.65638,-0.74721,-5.63499,0.93388,0.58211,0.46315,0.96454,-0.77377,1.27847,-1.14627,0.35012,0.09817,-0.15534
72.48,0.8828,-0.15199,0.12389,-1.26789,0,0.05347,-0.11295,0.19964,0.53632,1.05283,-0.28513,0.14573,-0.39941,-0.52104,1.52665,-0.01642,0.03782,-0,-2e-05,-0.45278,0.15703,-0.26847,0.28139,-0.29235,8e-05,-0.00024,2.37205,-0.62712,-0.1604,-5.29954,0.96564,0.37783,0.20997,1.09534,-0.85516,1.37134,-1.46777,0.52233,0.08664,-0.28234
72.5,0.89952,-0.15852,0.10872,-1.23838,0,0.02611,-0.19053,0.22781,0.51705,0.98877,-0.39282,0.00086,-0.27918,-0.35165,1.64458,-0.13842,0.1268,-0,-1e-05,-0.13903,0.57149,-0.84745,0.38717,-0.12563,9e-05,-0.00021,2.69219,-0.59475,0.20592,-4.97792,0.98852,0.21462,0.10284,1.20934,-0.91324,1.45543,-1.7613,0.68134,0.05539,-0.40039
72.52,0.90774,-0.16036,0.09179,-1.20996,0,-0.01586,-0.26526,0.26852,0.50543,0.89794,-0.49307,-0.12912,-0.15551,-0.1777,1.73884,-0.24818,0.16718,-0,-1e-05,0.15256,0.95113,-1.3465,0.48277,0.03418,0.00011,-0.00017,2.9111,-0.5596,0.3657,-4.66579,1.0003,0.09865,0.13465,1.30912,-0.94152,1.53921,-2.03121,0.82895,0.00291,-0.51396
72.54,0.90821,-0.15773,0.07413,-1.17931,0,-0.07417,-0.33667,0.32206,0.50025,0.79534,-0.57958,-0.2384,-0.04795,-0.00647,1.80252,-0.33802,0.15145,-0,-0,0.40378,1.28372,-1.75724,0.56299,0.18295,0.00011,-0.0001,3.02782,-0.52025,0.35319,-4.35461,0.99843,0.02969,0.28136,1.4021,-0.93514,1.63009,-2.28921,0.96972,-0.06973,-0.62678
72.56,0.90196,-0.15149,0.05677,-1.14181,0,-0.14942,-0.40483,0.38835,0.49879,0.69496,-0.64721,-0.32299,0.02758,0.15516,1.83078,-0.40132,0.07498,0,0,0.60066,1.55935,-2.07664,0.62324,0.31619,0.00011,-1e-05,3.04665,-0.47446,0.21423,-4.03595,0.98102,0.00265,0.50833,1.49912,-0.89075,1.73402,-2.55173,1.10952,-0.15907,-0.74116
72.58,0.89017,-0.14282,0.04057,-1.0925,0,-0.24092,-0.47029,0.46667,0.4973,0.60837,-0.69208,-0.38059,0.06059,0.30027,1.82138,-0.43297,-0.06323,0,0,0.73459,1.77032,-2.30648,0.65979,0.43033,9e-05,0.00011,2.97723,-0.42015,-0.00296,-3.70487,0.94768,0.00935,0.77749,1.61261,-0.80647,1.85526,-2.8361,1.25372,-0.25965,-0.85736
72.6,0.87414,-0.13302,0.0262,-1.02718,0,-0.3464,-0.53396,0.55541,0.49136,0.54362,-0.71168,-0.41027,0.04714,0.42158,1.77485,-0.42976,-0.25968,0,1e-05,0.80307,1.911,-2.45255,0.67014,0.52378,6e-05,0.00025,2.83416,-0.35645,-0.25574,-3.36217,0.9,0.04038,1.05387,1.75435,-0.68173,1.99621,-3.15643,1.40523,-0.36459,-0.97307
72.62,0.8552,-0.12328,0.01413,-0.94325,0,-0.46187,-0.59687,0.6516,0.47655,0.50471,-0.70485,-0.4122,-0.01005,0.51162,1.69435,-0.39077,-0.50579,0,1e-05,0.8094,1.97791,-2.52361,0.65317,0.59738,1e-05,0.00041,2.63612,-0.28437,-0.5123,-3.01524,0.84169,0.08655,1.31013,1.93333,-0.51722,2.15702,-3.51963,1.56284,-0.46599,-1.08309
72.64,0.83453,-0.11449,0.00472,-0.8404,0,-0.58159,-0.65984,0.75067,0.44904,0.49166,-0.67174,-0.38745,-0.10236,0.56334,1.58504,-0.31761,-0.78742,0,0,0.76174,1.96983,-2.5299,0.60918,0.65426,-7e-05,0.00059,2.40439,-0.2071,-0.7536,-2.67725,0.77812,0.13991,1.52864,2.15373,-0.31475,2.33525,-3.92215,1.72013,-0.55524,-1.17922
72.66,0.81302,-0.10715,-0.00177,-0.72088,0,-0.69821,-0.72306,0.8461,0.4062,0.50102,-0.61378,-0.3379,-0.21696,0.57121,1.45315,-0.21456,-1.08496,0,0,0.6714,1.8882,-2.48171,0.53982,0.69886,-0.00018,0.00078,2.16085,-0.12997,-0.97229,-2.36521,0.71558,0.19426,1.70114,2.41346,-0.0773,2.52537,-4.34779,1.86497,-0.62338,-1.25049
72.68,0.79112,-0.1013,-0.00497,-0.58954,0,-0.80306,-0.78579,0.92944,0.3471,0.52666,-0.53365,-0.26633,-0.33881,0.53249,1.30503,-0.08856,-1.37405,-0,-0,0.55109,1.73748,-2.388,0.44797,0.73577,-0.00033,0.00097,1.92596,-0.06001,-1.16961,-2.09716,0.6603,0.24525,1.82681,2.70321,0.19095,2.71846,-4.76685,1.97989,-0.66134,-1.28374
72.7,0.7688,-0.09653,-0.00436,-0.45347,0,-0.88665,-0.84605,0.9906,0.27276,0.56075,-0.43518,-0.17644,-0.45272,0.44831,1.14636,0.05105,-1.6271,-0,-1e-05,0.41319,1.52548,-2.25558,0.33766,0.76839,-0.00051,0.00113,1.71682,-0.00535,-1.35128,-1.88924,0.61752,0.29008,1.90939,3.00643,0.48443,2.90206,-5.13702,2.04315,-0.66052,-1.26465
72.72,0.74556,-0.09208,0.00083,-0.32122,0,-0.9393,-0.90063,1.01851,0.18611,0.59462,-0.3232,-0.07297,-0.54509,0.32416,0.98161,0.19311,-1.81591,-0,-1e-05,0.26867,1.2633,-2.08879,0.21392,0.79794,-0.00073,0.00124,1.54552,0.02564,-1.52337,-1.75286,0.59072,0.327,1.95415,3.3002,0.79596,3.06035,-5.40606,2.03069,-0.61341,-1.17912
72.74,0.72058,-0.087,0.01165,-0.20164,0,-0.95195,-0.94517,1.00216,0.09144,0.61955,-0.20318,0.03827,-0.60514,0.16959,0.81386,0.32556,-1.9151,-0,-2e-05,0.12661,0.9648,-1.88977,0.08272,0.8228,-0.00097,0.00128,1.41797,0.02523,-1.68893,-1.69233,0.58103,0.35463,1.96508,3.55708,1.11652,3.1747,-5.51624,1.91876,-0.51459,-1.01505
72.76,0.69286,-0.08024,0.02943,-0.1025,0,-0.91712,-0.97456,0.93204,-0.00634,0.62736,-0.08078,0.15055,-0.62567,-0.00267,0.64485,0.43666,-1.90606,-0,-3e-05,-0.00584,0.6456,-1.65931,-0.04924,0.83852,-0.00123,0.00119,1.33319,-0.01264,-1.84562,-1.70309,0.58702,0.3713,1.94283,3.7478,1.43513,3.22482,-5.41036,1.68699,-0.36176,-0.76417
72.78,0.66152,-0.07093,0.05565,-0.02904,0,-0.82991,-0.98343,0.80161,-0.10256,0.61103,0.03854,0.25638,-0.60345,-0.17806,0.47521,0.51627,-1.78059,-0,-3e-05,-0.12304,0.32196,-1.39799,-0.17472,0.83825,-0.00148,0.00094,1.2832,-0.09147,-1.98469,-1.7709,0.60482,0.37453,1.88358,3.84451,1.73897,3.19051,-5.03869,1.32173,-0.15677,-0.42389
72.8,0.62601,-0.05849,0.09186,0.01709,0,-0.68893,-0.9668,0.60873,-0.19359,0.56517,0.14998,0.34793,-0.53925,-0.34166,0.30467,0.557,-1.54317,-0,-4e-05,-0.22042,0.00967,-1.10753,-0.28638,0.81386,-0.00169,0.00047,1.25364,-0.21137,-2.0914,-1.87216,0.62849,0.36084,1.77913,3.82405,2.01383,3.05418,-4.36584,0.8189,0.09364,0.00144
72.82,0.58631,-0.04281,0.13952,0.03829,0,-0.49699,-0.92065,0.35664,-0.27723,0.48652,0.24961,0.41745,-0.43773,-0.47947,0.13227,0.55501,-1.21095,-0,-5e-05,-0.29421,-0.27678,-0.79186,-0.37723,0.75739,-0.00182,-0.00029,1.22514,-0.36872,-2.14679,-1.97564,0.65076,0.32603,1.61835,3.67074,2.24489,2.80383,-3.37655,0.18605,0.37771,0.50016
72.84,0.54305,-0.02432,0.19979,0.04082,0,-0.26139,-0.84252,0.05441,-0.35276,0.37443,0.33446,0.45796,-0.30696,-0.57948,-0.04371,0.51032,-0.81123,-0,-5e-05,-0.3414,-0.52477,-0.45794,-0.44137,0.66291,-0.00181,-0.00139,1.17543,-0.55603,-2.13076,-2.04549,0.66396,0.26588,1.38962,3.37828,2.41779,2.43629,-2.07955,-0.55702,0.67923,1.0539
72.86,0.49748,-0.00399,0.27335,0.03397,0,0.00621,-0.73189,-0.28338,-0.42068,0.2312,0.40252,0.46397,-0.15786,-0.63244,-0.22582,0.42669,-0.37675,-0,-5e-05,-0.35996,-0.72401,-0.11593,-0.47471,0.5284,-0.00158,-0.00287,1.08198,-0.76238,-2.02583,-2.04541,0.66119,0.17716,1.08411,2.95084,2.52007,1.96027,-0.50936,-1.37878,0.97881,1.63921
72.88,0.45145,0.01671,0.36028,0.02873,0,0.29027,-0.59049,-0.63741,-0.48216,0.06229,0.45262,0.43216,-0.00348,-0.63245,-0.41749,0.31114,0.05968,-0,-5e-05,-0.34935,-0.86676,0.22102,-0.4757,0.35722,-0.00107,-0.00477,0.92491,-0.97415,-1.82101,-1.94326,0.63726,0.0588,0.69899,2.40329,2.54252,1.39854,1.27383,-2.23786,1.2556,2.22967
72.9,0.40733,0.0359,0.45989,0.03639,0,0.57241,-0.42245,-0.98498,-0.53842,-0.12364,0.48434,0.36208,0.14192,-0.57729,-0.62278,0.17324,0.47013,-0,-4e-05,-0.31088,-0.94817,0.53749,-0.4458,0.15886,-0.00018,-0.00707,0.68958,-1.17618,-1.51482,-1.71553,0.58942,-0.08725,0.24,1.7605,2.48027,0.78856,3.18645,-3.08564,1.48922,2.798
72.92,0.36782,0.05148,0.57079,0.06709,0,0.83275,-0.23407,-1.30188,-0.59023,-0.31513,0.4979,0.25649,0.26385,-0.46859,-0.84569,0.0242,0.83464,-0,-3e-05,-0.24805,-0.96657,0.81709,-0.38945,-0.05162,0.00117,-0.00973,0.36871,-1.35314,-1.11666,-1.35078,0.51757,-0.25547,-0.27764,1.05573,2.33317,0.18045,5.12607,-3.86984,1.66168,3.31782
72.94,0.3358,0.06132,0.69092,0.12854,0,1.05178,-0.03343,-1.56455,-0.63743,-0.49873,0.49416,0.12135,0.34878,-0.31175,-1.08905,-0.12419,1.14229,-0,-1e-05,-0.1665,-0.92375,1.0441,-0.31358,-0.25552,0.00307,-0.01264,-0.03651,-1.49115,-0.6461,-0.85179,0.4238,-0.43703,-0.83017,0.32772,2.10529,-0.36776,6.97846,-4.53861,1.75895,3.76475
72.96,0.31411,0.06356,0.81776,0.22505,0,1.21245,0.17042,-1.75264,-0.6787,-0.66021,0.47456,-0.03447,0.38539,-0.11569,-1.35317,-0.26076,1.39021,0,0,-0.07371,-0.82533,1.20547,-0.22665,-0.43347,0.00557,-0.01559,-0.51616,-1.57952,-0.13035,-0.23626,0.31146,-0.62043,-1.38782,-0.38295,1.80378,-0.79735,8.62662,-5.0452,1.77239,4.11726
72.98,0.30532,0.05685,0.94856,0.35692,0,1.30226,0.36828,-1.8514,-0.71154,-0.78596,0.44121,-0.19978,0.36588,0.10763,-1.63459,-0.37606,1.58147,0,3e-05,0.02157,-0.68094,1.29276,-0.13757,-0.56872,0.00868,-0.01827,-1.05198,-1.6123,0.39919,0.46377,0.18394,-0.79259,-1.91839,-1.03783,1.43739,-1.0572,9.96076,-5.35255,1.69971,4.3571
73,0.31155,0.04057,1.0806,0.52027,0,1.31492,0.55172,-1.85353,-0.73252,-0.86449,0.39685,-0.36186,0.28705,0.34384,-1.92535,-0.46328,1.72262,0,5e-05,0.11019,-0.50412,1.30354,-0.05458,-0.65008,0.01238,-0.02027,-1.61845,-1.5894,0.91066,1.20341,0.04357,-0.94,-2.39081,-1.60405,1.01527,-1.11169,10.88766,-5.43715,1.54533,4.46982
73.02,0.3343,0.01496,1.21137,0.70745,0,1.25107,0.71373,-1.76005,-0.73772,-0.88765,0.34485,-0.50736,0.15098,0.57702,-2.21296,-0.51896,1.82162,1e-05,7e-05,0.18365,-0.3117,1.24181,0.01555,-0.6736,0.01653,-0.02104,-2.1843,-1.51691,1.37481,1.92764,-0.10927,-1.04978,-2.77802,-2.05687,0.546,-0.94684,11.33776,-5.29134,1.31997,4.4451
73.04,0.37433,-0.01878,1.3386,0.90804,0,1.11813,0.84926,-1.58003,-0.72334,-0.85161,0.28906,-0.62336,-0.03472,0.79085,-2.48139,-0.54315,1.88645,1e-05,9e-05,0.23521,-0.12263,1.1174,0.068,-0.64276,0.02091,-0.01991,-2.71453,-1.40641,1.76733,2.57492,-0.27659,-1.11047,-3.0588,-2.38092,0.03724,-0.5738,11.26954,-4.92361,1.03943,4.27699
73.06,0.43159,-0.05862,1.46032,1.11021,0,0.92918,0.95556,-1.32928,-0.68644,-0.75751,0.23356,-0.6985,-0.25718,0.96993,-2.71282,-0.53938,1.9246,1e-05,0.0001,0.26118,0.04381,0.94431,0.10004,-0.56728,0.02514,-0.01608,-3.17285,-1.27344,2.07019,3.08183,-0.46279,-1.11266,-3.21879,-2.57056,-0.50422,-0.02952,10.6715,-4.35729,0.72261,3.96432
73.08,0.50516,-0.10175,1.57483,1.30243,0,0.70133,1.03226,-1.02841,-0.62566,-0.61181,0.1824,-0.72414,-0.49903,1.10118,-2.89,-0.51422,1.94322,1e-05,0.0001,0.26196,0.17001,0.73858,0.11101,-0.46102,0.02868,-0.0087,-3.52429,-1.13553,2.27239,3.38814,-0.67432,-1.04949,-3.25073,-2.62949,-1.07202,0.62525,9.56259,-3.62815,0.38938,3.51121
73.1,0.59322,-0.14481,1.68063,1.47498,0,0.45389,1.08138,-0.70082,-0.54169,-0.42619,0.13927,-0.6953,-0.73944,1.17513,-2.99855,-0.47662,1.94945,1e-05,0.0001,0.24278,0.24212,0.516,0.10217,-0.33942,0.03084,0.00312,-3.73771,-1.01003,2.37014,3.44177,-0.91895,-0.91704,-3.15451,-2.56994,-1.65957,1.31032,7.99156,-2.78125,0.05862,2.92772
73.12,0.69305,-0.18397,1.77636,1.62113,0,0.20668,1.10697,-0.37061,-0.43743,-0.21713,0.10717,-0.61138,-0.95558,1.1868,-3.02876,-0.43689,1.95077,1e-05,9e-05,0.21378,0.25172,0.29005,0.07644,-0.21696,0.03071,0.02021,-3.78793,-0.91198,2.36654,3.20328,-1.20473,-0.71471,-2.93687,-2.41155,-2.25925,1.93299,6.035,-1.86751,-0.25323,2.23042
73.14,0.80101,-0.2152,1.86062,1.73774,0,-0.02168,1.11461,-0.06084,-0.31765,-0.00484,0.08821,-0.47641,-1.12445,1.13613,-2.97676,-0.40553,1.95481,1e-05,7e-05,0.18945,0.19708,0.07031,0.03831,-0.10494,0.02719,0.04321,-3.65714,-0.85229,2.27077,2.64925,-1.53866,-0.44543,-2.61089,-2.1799,-2.86169,2.39712,3.79374,-0.93967,-0.53297,1.44247
73.16,0.9126,-0.23448,1.93181,1.82544,0,-0.21506,1.11062,0.20814,-0.18829,0.18826,0.08325,-0.29893,-1.22488,1.02791,-2.84468,-0.39172,1.96871,0,5e-05,0.18731,0.08386,-0.13866,-0.00644,-0.00984,0.01908,0.07244,-3.3359,-0.83622,2.09707,1.77484,-1.92514,-0.11588,-2.19526,-1.90497,-3.4553,2.61386,1.38775,-0.04816,-0.77092,0.59319
73.18,1.02258,-0.23802,1.98805,1.88819,0,-0.361,1.10129,0.41995,-0.05556,0.33936,0.09179,-0.09144,-1.23974,0.87135,-2.64041,-0.40192,1.99803,0,3e-05,0.22616,-0.07494,-0.33765,-0.05097,0.06768,0.00504,0.10771,-2.82368,-0.86243,1.86337,0.59547,-2.36411,0.26345,-1.71326,-1.61937,-4.02603,2.51276,-1.05009,0.76279,-0.96072,-0.28281
73.2,1.12509,-0.22259,2.02713,1.93263,0,-0.45156,1.0921,0.56319,0.07494,0.42738,0.11177,0.1305,-1.15789,0.6792,-2.37649,-0.43852,2.04519,0,1e-05,0.32394,-0.25966,-0.53249,-0.08779,0.13275,-0.01621,0.14811,-2.12913,-0.9226,1.58982,-0.85258,-2.84909,0.67817,-1.19129,-1.35661,-4.55741,2.05168,-3.38112,1.4585,-1.09887,-1.14708
73.22,1.21394,-0.18585,2.04653,1.96685,0,-0.48376,1.08699,0.63209,0.19896,0.435,0.13964,0.34962,-0.97569,0.4665,-2.06861,-0.4988,2.10758,-0,-1e-05,0.49552,-0.44562,-0.73277,-0.10939,0.19526,-0.04582,0.19179,-1.26965,-1.0019,1.29694,-2.51282,-3.36507,1.11019,-0.65667,-1.14906,-5.03081,1.22397,-5.46899,2.01604,-1.18422,-1.95949
73.24,1.28288,-0.12666,2.04345,1.99886,0,-0.45969,1.08783,0.62672,0.31403,0.35068,0.17044,0.5486,-0.69785,0.2489,-1.73331,-0.57442,2.1756,-0,-3e-05,0.75038,-0.60565,-0.94981,-0.10903,0.26773,-0.08455,0.23574,-0.27046,-1.08015,1.00355,-4.31087,-3.88653,1.53809,-0.13472,-1.02571,-5.42585,0.06183,-7.18877,2.42533,-1.21726,-2.68107
73.26,1.32593,-0.04539,2.0149,2.03497,0,-0.38632,1.09397,0.55298,0.41961,0.17048,0.19818,0.71205,-0.33749,0.04079,-1.38551,-0.65147,2.23103,-0,-4e-05,1.09047,-0.71328,-1.19399,-0.08174,0.3624,-0.1326,0.27563,0.83691,-1.1338,0.7247,-6.15825,-4.37622,1.93797,0.35459,-1.00974,-5.72126,-1.36442,-8.4369,2.68917,-1.19974,-3.27745
73.28,1.33789,0.05578,1.95794,2.07841,0,-0.2749,1.10209,0.42209,0.51682,-0.10061,0.21634,0.82836,0.08434,-0.14657,-1.03616,-0.71129,2.24652,-0,-4e-05,1.5084,-0.74627,-1.47181,-0.02521,0.48804,-0.18926,0.30562,2.01625,-1.13828,0.46996,-7.95701,-4.7851,2.28459,0.79978,-1.11616,-5.89611,-2.95106,-9.14073,2.82212,-1.13432,-3.72241
73.3,1.31473,0.17283,1.87,2.1285,0,-0.14016,1.10645,0.24992,0.60787,-0.44796,0.21859,0.89118,0.54006,-0.30647,-0.69072,-0.73206,2.18697,-0,-5e-05,1.98613,-0.68987,-1.78311,0.05953,0.64697,-0.25261,0.31842,3.22807,-1.07063,0.24277,-9.60472,-5.0543,2.55291,1.19979,-1.34982,-5.9315,-4.56962,-9.26611,2.84837,-1.02468,-4.00078
73.32,1.25402,0.29992,1.74928,2.1807,0,0.00088,1.0994,0.05567,0.69512,-0.8477,0.19969,0.90005,0.99759,-0.43745,-0.34868,-0.69141,2.01317,-0,-5e-05,2.4945,-0.53941,-2.11884,0.16789,0.83293,-0.31921,0.30535,4.43053,-0.91191,0.04104,-10.99904,-5.11937,2.71979,1.564,-1.70422,-5.81229,-6.07944,-8.82108,2.79833,-0.87583,-4.1101
73.34,1.15518,0.42981,1.5952,2.2274,0,0.1305,1.07227,-0.13977,0.77979,-1.26819,0.15653,0.86016,1.42323,-0.5432,-0.00437,-0.5698,1.68784,-0,-4e-05,2.99385,-0.30172,-2.45962,0.29206,1.02994,-0.38373,0.25666,5.58014,-0.64944,-0.14081,-12.04193,-4.91707,2.76589,1.91011,-2.16123,-5.52884,-7.34352,-7.85492,2.70418,-0.69464,-4.06056
73.36,1.01964,0.55436,1.40869,2.25952,0,0.23209,1.01658,-0.31595,0.86076,-1.67278,0.0891,0.78135,1.78514,-0.63171,0.35111,-0.35425,1.18315,-0,-4e-05,3.43596,0.00464,-2.77546,0.42196,1.21231,-0.43875,0.16213,6.6324,-0.27851,-0.30884,-12.64391,-4.39407,2.67771,2.26002,-2.69194,-5.0786,-8.24614,-6.45291,2.59486,-0.49033,-3.87356
73.38,0.85086,0.66532,1.19261,2.26834,0,0.29192,0.92531,-0.45486,0.93363,-2.02318,0.00123,0.67658,2.05674,-0.71376,0.72722,-0.04188,0.48844,-0,-4e-05,3.76732,0.3504,-3.02684,0.54645,1.34579,-0.4746,0.01188,7.5428,0.19625,-0.46637,-12.72868,-3.5168,2.44955,2.63441,-3.25851,-4.46761,-8.70915,-4.72834,2.49167,-0.27483,-3.57922
73.4,0.65434,0.75504,0.95196,2.24716,0,0.30078,0.7942,-0.54286,0.99048,-2.2834,-0.09919,0.56024,2.21969,-0.80109,1.1309,0.35776,-0.38392,-0,-3e-05,3.93378,0.69797,-3.16715,0.65481,1.38954,-0.47936,-0.20252,8.26837,0.76024,-0.61123,-12.23798,-2.28057,2.08506,3.04687,-3.81716,-3.71149,-8.70351,-2.81261,2.40541,-0.06262,-3.21335
73.42,0.43736,0.81714,0.69392,2.19239,0,0.25501,0.62271,-0.57188,1.02067,-2.42344,-0.20074,0.44648,2.26553,-0.90431,1.5636,0.82223,-1.39596,-0,-3e-05,3.88629,1.00524,-3.14683,0.7382,1.299,-0.43916,-0.48667,8.76972,1.38908,-0.7344,-11.13626,-0.71647,1.59797,3.49822,-4.32196,-2.8355,-8.25229,-0.84441,2.3359,0.13007,-2.8139
73.44,0.20859,0.84698,0.4276,2.10368,0,0.15691,0.41458,-0.53993,1.01256,-2.4228,-0.28992,0.34783,2.19595,-1.03079,2.01873,1.31803,-2.48605,-0,-3e-05,3.58757,1.23062,-2.91873,0.79105,1.02962,-0.33874,-0.84177,9.01352,2.04977,-0.82027,-9.41455,1.10545,1.01173,3.97194,-4.7295,-1.87338,-7.42442,1.04207,2.27398,0.28698,-2.41721
73.46,-0.02249,0.84205,0.16347,1.9834,0,0.01452,0.17784,-0.45092,0.95607,-2.27325,-0.35311,0.27392,2.0218,-1.18279,2.47999,1.80438,-3.57485,-0,-3e-05,3.01878,1.33882,-2.44438,0.8122,0.54128,-0.16241,-1.26292,8.9755,2.70292,-0.84841,-7.09371,3.07742,0.35811,4.43159,-5.00386,-0.86504,-6.32068,2.72854,2.20557,0.39398,-2.0543
73.48,-0.24631,0.80215,-0.08737,1.83572,0,-0.15919,-0.07553,-0.31396,0.84525,-1.98067,-0.37888,0.2307,1.76119,-1.35617,2.92104,2.23834,-4.57405,-0,-3e-05,2.18537,1.3064,-1.7003,0.80586,-0.1965,0.10463,-1.73756,8.64363,3.30558,-0.7964,-4.22688,5.0596,-0.32501,4.82135,-5.1212,0.14639,-5.0561,4.12276,2.11666,0.44142,-1.74776
73.5,-0.4538,0.72939,-0.31397,1.66577,0,-0.34756,-0.33047,-0.14215,0.68035,-1.56543,-0.35989,0.22002,1.43713,-1.54003,3.30673,2.57995,-5.39635,-0,-4e-05,1.12047,1.12592,-0.68292,0.78209,-1.19901,0.4745,-2.24419,8.02083,3.81456,-0.64309,-0.90061,6.89054,-0.99629,5.07051,-5.07301,1.11766,-3.74312,5.16534,1.99785,0.42592,-1.50981
73.52,-0.63703,0.62798,-0.50635,1.4791,0,-0.53192,-0.57011,0.04889,0.46856,-1.06071,-0.29417,0.23967,1.07496,-1.71747,3.59625,2.79692,-5.96522,-0,-4e-05,-0.11566,0.80757,0.58891,0.75666,-2.46082,0.9545,-2.7518,7.12607,4.1898,-0.37164,2.7663,8.40239,-1.61404,5.10263,-4.86689,2.00833,-2.47876,5.83203,1.84726,0.35117,-1.34183
73.54,-0.78958,0.50372,-0.65626,1.2814,0,-0.6936,-0.77742,0.24282,0.22331,-0.50871,-0.18532,0.28391,0.69975,-1.86775,3.74816,2.86794,-6.22336,-0,-4e-05,-1.44059,0.37779,2.07449,0.75032,-3.95093,1.54475,-3.22017,5.99357,4.39759,0.02794,6.62723,9.44018,-2.13942,4.84891,-4.52454,2.78345,-1.33741,6.13097,1.67117,0.22748,-1.23547
73.56,-0.90693,0.36331,-0.75777,1.07863,0,-0.81609,-0.93723,0.42446,-0.03792,0.04473,-0.04194,0.34434,0.33389,-1.96921,3.72669,2.78482,-6.13945,-0,-4e-05,-2.75863,-0.12465,3.71488,0.78715,-5.60952,2.23569,-3.6016,4.67023,4.41366,0.55694,10.51533,9.88329,-2.53987,4.26371,-4.07747,3.41595,-0.36883,6.09611,1.48263,0.07014,-1.17508
73.58,-0.98667,0.21368,-0.80787,0.87726,0,-0.88706,-1.03802,0.58153,-0.29628,0.55616,0.12365,0.41095,-0.00481,-2.00275,3.50824,2.55327,-5.71266,-0,-4e-05,-3.97162,-0.65432,5.43819,0.89255,-7.34706,3.00586,-3.84414,3.21211,4.22582,1.2066,14.25309,9.66549,-2.79218,3.33908,-3.56169,3.88855,0.39985,5.77865,1.2987,-0.10287,-1.14096
73.6,-1.02863,0.06132,-0.8067,0.68442,0,-0.89994,-1.07335,0.70591,-0.53441,0.98967,0.29692,0.47327,-0.30408,-1.95483,3.08685,2.1923,-4.97395,-0,-3e-05,-4.98961,-1.16523,7.16588,1.09059,-9.04715,3.82013,-3.89671,1.68081,3.83588,1.95736,17.66262,8.78871,-2.88472,2.11396,-3.01271,4.19493,0.96019,5.23822,1.13726,-0.27336,-1.11273
73.62,-1.0348,-0.08813,-0.7575,0.50765,0,-0.8546,-1.04248,0.79421,-0.73846,1.32043,0.4627,0.5213,-0.55716,-1.81942,2.477,1.73205,-3.9834,-0,-2e-05,-5.73952,-1.61666,8.81861,1.40105,-10.57379,4.62901,-3.71573,0.1399,3.26019,2.77867,20.5753,7.32628,-2.81836,0.67454,-2.46149,4.33983,1.31805,4.53532,1.01406,-0.42527,-1.07231
73.64,-1.00904,-0.23008,-0.66605,0.35425,0,-0.75712,-0.94997,0.8476,-0.89929,1.53596,0.60665,0.54632,-0.76161,-1.59859,1.71327,1.2102,-2.82317,-0,-1e-05,-6.1707,-1.97785,10.32161,1.83642,-11.78326,5.36935,-3.27305,-1.34846,2.5286,3.62956,22.84055,5.41382,-2.60581,-0.85574,-1.93206,4.33795,1.48977,3.7254,0.94042,-0.54647,-1.00622
73.66,-0.95662,-0.36105,-0.53995,0.23016,0,-0.61872,-0.80455,0.87094,-1.01274,1.63554,0.71656,0.54145,-0.91751,-1.3018,0.84698,0.66725,-1.58719,0,1e-05,-6.25776,-2.23149,11.60902,2.39901,-12.53965,5.96693,-2.56399,-2.72676,1.6821,4.46004,24.33389,3.22972,-2.26964,-2.33463,-1.44048,4.2119,1.49947,2.85501,0.92168,-0.63005,-0.90697
73.68,-0.88378,-0.4785,-0.38764,0.13876,0,-0.45419,-0.61756,0.87155,-1.07914,1.62813,0.78336,0.5021,-1.02534,-0.94444,-0.05911,0.14173,-0.36975,0,2e-05,-6.00086,-2.37565,12.62741,3.07894,-12.73132,6.3412,-1.61387,-3.94502,0.76957,5.21337,24.96476,0.97013,-1.83945,-3.62322,-0.99511,3.9898,1.37709,1.95984,0.9564,-0.67493,-0.77369
73.7,-0.79722,-0.58069,-0.21763,0.07999,0,-0.28018,-0.40136,0.85788,-1.10253,1.52967,0.80187,0.4262,-1.08429,-0.54603,-0.93698,-0.33386,0.74497,0,4e-05,-5.42403,-2.42385,13.33762,3.8535,-12.28507,6.41222,-0.48084,-4.96319,-0.15556,5.8293,24.68297,-1.17616,-1.34884,-4.60661,-0.59759,3.70273,1.15702,1.06438,1.0361,-0.68586,-0.61187
73.72,-0.70368,-0.66636,-0.03782,0.04986,0,-0.11357,-0.168,0.8383,-1.08951,1.36013,0.77111,0.31429,-1.09136,-0.12843,-1.71964,-0.73563,1.6905,0,6e-05,-4.57151,-2.40292,13.71435,4.68837,-11.17452,6.10969,0.74686,-5.75268,-1.03867,6.24795,23.48254,-3.04872,-0.83221,-5.20822,-0.24431,3.3823,0.87641,0.18281,1.14559,-0.67252,-0.43232
73.74,-0.60948,-0.73454,0.14486,0.0408,0,0.02995,0.07171,0.82009,-1.04813,1.14061,0.6942,0.16942,-1.04144,0.28572,-2.34707,-1.04913,2.42217,1e-05,7e-05,-3.50227,-2.34866,13.74354,5.54084,-9.42122,5.38335,1.96006,-6.29725,-1.82727,6.41451,21.40194,-4.5298,-0.32188,-5.39569,0.0722,3.0583,0.57323,-0.67938,1.26371,-0.64801,-0.24929
73.76,-0.52023,-0.78429,0.32468,0.04254,0,0.13699,0.30867,0.8087,-0.98677,0.89095,0.57779,-0.00318,-0.92836,0.67454,-2.77137,-1.26881,2.91801,1e-05,8e-05,-2.28342,-2.29994,13.41838,6.36459,-7.08941,4.21375,3.04284,-6.59329,-2.47402,6.28446,18.52169,-5.55194,0.15456,-5.179,0.36202,2.7566,0.28368,-1.52342,1.36442,-0.62665,-0.07799
73.78,-0.44045,-0.81459,0.49699,0.04337,0,0.19742,0.53565,0.80737,-0.91321,0.62788,0.43138,-0.1965,-0.74655,1.01813,-2.96096,-1.39647,3.17708,1e-05,8e-05,-0.98363,-2.29217,12.73552,7.11508,-4.27696,2.62162,3.88891,-6.64985,-2.93974,5.82899,14.96059,-6.09931,0.57615,-4.60333,0.63688,2.49744,0.03974,-2.35521,1.41831,-0.6217,0.06794
73.8,-0.37347,-0.82431,0.65807,0.03161,0,0.20494,0.74696,0.817,-0.83404,0.36407,0.26636,-0.40236,-0.49287,1.29974,-2.90319,-1.43936,3.21634,1e-05,8e-05,0.3326,-2.35131,11.69276,7.7541,-1.10522,0.67325,4.41644,-6.4883,-3.19593,5.03983,10.87123,-6.20348,0.92967,-3.7393,0.90951,2.29424,-0.13292,-3.18355,1.39447,-0.64311,0.17881
73.82,-0.3213,-0.81226,0.80481,-0.00297,0,0.15743,0.93802,0.83636,-0.75417,0.10806,0.09488,-0.61204,-0.16822,1.50681,-2.60494,-1.40844,3.06636,1e-05,7e-05,1.60901,-2.48933,10.28856,8.25233,2.29078,-1.52047,4.57832,-6.14126,-3.22672,3.93236,6.43417,-5.93427,1.20939,-2.6729,1.19328,2.15301,-0.2162,-4.01846,1.26257,-0.69584,0.25051
73.84,-0.28467,-0.77727,0.93428,-0.06804,0,0.05695,1.10461,0.86243,-0.6768,-0.13499,-0.07128,-0.81711,0.22137,1.63191,-2.09094,-1.31684,2.76661,0,6e-05,2.80007,-2.70166,8.52355,8.58946,5.77089,-3.81254,4.36637,-5.65051,-3.03002,2.54645,1.85005,-5.38628,1.41593,-1.49618,1.50207,2.07223,-0.19979,-4.86989,0.99531,-0.77872,0.28538
73.86,-0.26312,-0.71841,1.04347,-0.16779,0,-0.0904,1.24225,0.89095,-0.60345,-0.3619,-0.22196,-1.01022,0.66431,1.67356,-1.4004,-1.17889,2.36063,0,4e-05,3.87188,-2.96671,6.4039,8.75221,9.19691,-6.03489,3.80969,-5.06428,-2.61807,0.94497,-2.67041,-4.66338,1.55413,-0.29955,1.85011,2.04318,-0.08053,-5.74668,0.57107,-0.88409,0.29227
73.88,-0.25514,-0.63523,1.12893,-0.30233,0,-0.27483,1.34561,0.91697,-0.53429,-0.56987,-0.34975,-1.18591,1.14346,1.63683,-0.58263,-1.0095,1.89179,0,2e-05,4.80209,-3.24745,3.94615,8.73169,12.43795,-8.01722,2.96901,-4.43404,-2.01726,-0.78984,-6.91764,-3.86342,1.63079,0.83429,2.25183,2.05087,0.13868,-6.65542,-0.02316,-0.99805,0.28592
73.9,-0.25841,-0.52812,1.18683,-0.46752,0,-0.48328,1.40827,0.93541,-0.46854,-0.75496,-0.45079,-1.34106,1.63654,1.53348,0.30752,-0.82382,1.39989,0,1e-05,5.57888,-3.49482,1.18264,8.52078,15.37368,-9.60612,1.92856,-3.8112,-1.26726,-2.56161,-10.69476,-3.06623,1.65265,1.83445,2.72105,2.07517,0.45022,-7.59905,-0.78899,-1.10145,0.28587
73.92,-0.26999,-0.39852,1.21295,-0.65507,0,-0.70004,1.42293,0.94131,-0.40499,-0.91106,-0.52513,-1.47491,2.11692,1.3814,1.214,-0.63702,0.91883,-0,-1e-05,6.19923,-3.6528,-1.83381,8.11239,17.8955,-10.68151,0.7868,-3.24377,-0.41899,-4.26688,-13.82882,-2.3264,1.62504,2.64447,3.26964,2.09256,0.84294,-8.57456,-1.71408,-1.17149,0.31495
73.94,-0.28657,-0.24927,1.20308,-0.85328,0,-0.90738,1.38186,0.92994,-0.34246,-1.02944,-0.57659,-1.58865,2.55482,1.20306,2.08328,-0.46402,0.47533,-0,-2e-05,6.66664,-3.66469,-5.02709,7.49887,19.90609,-11.16838,-0.35336,-2.7728,0.46861,-5.80361,-16.18142,-1.67183,1.55138,3.2235,3.90533,2.07792,1.30321,-9.56997,-2.77038,-1.18391,0.39729
73.96,-0.30475,-0.08467,1.15342,-1.04805,0,-1.08658,1.27792,0.8968,-0.28011,-1.09917,-0.61211,-1.68453,2.91891,1.0234,2.86762,-0.319,0.0885,-0,-3e-05,6.98869,-3.48038,-8.29746,6.67273,21.31911,-11.04361,-1.39409,-2.42905,1.33301,-7.08069,-17.65876,-1.10717,1.4335,3.54684,4.62909,2.00674,1.81567,-10.561,-3.91322,-1.11566,0.55618
73.98,-0.3212,0.08948,1.06125,-1.2245,0,-1.21898,1.10574,0.83763,-0.21758,-1.10818,-0.64083,-1.76504,3.17842,0.86728,3.5276,-0.21479,-0.22998,-0,-3e-05,7.17474,-3.06347,-11.52392,5.62897,22.06057,-10.3378,-2.25127,-2.23023,2.11306,-8.02712,-18.22004,-0.62037,1.27256,3.60589,5.43246,1.85741,2.36393,-11.50822,-5.08174,-0.94777,0.81153
74,-0.33289,0.266,0.92555,-1.36872,0,-1.28739,0.86313,0.74862,-0.15472,-1.04499,-0.6729,-1.83198,3.3056,0.75706,4.03389,-0.16212,-0.47517,-0,-3e-05,7.23393,-2.39741,-14.56898,4.36836,22.07303,-9.13166,-2.86155,-2.17949,2.75385,-8.59908,-17.88241,-0.19069,1.0703,3.40802,6.29535,1.61333,2.93099,-12.35559,-6.20065,-0.66808,1.17737
74.02,-0.33716,0.4367,0.74755,-1.4698,0,-1.27744,0.5523,0.62686,-0.09089,-0.90086,-0.71823,-1.88594,3.27842,0.71048,4.36793,-0.16876,-0.64788,-0,-3e-05,7.17332,-1.4893,-17.28605,2.9013,21.32222,-7.5463,-3.187,-2.26537,3.21105,-8.78324,-16.7202,0.20403,0.83016,2.9758,7.18475,1.2648,3.49971,-13.03069,-7.18378,-0.27346,1.65932
74.04,-0.33171,0.59295,0.53105,-1.5218,0,-1.17915,0.18077,0.47112,-0.02393,-0.6721,-0.78511,-1.92599,3.08323,0.73915,4.52164,-0.23858,-0.75352,-0,-3e-05,6.99628,-0.37078,-19.52928,1.25124,19.80563,-5.7276,-3.21734,-2.46364,3.45424,-8.59562,-14.85724,0.58146,0.5581,2.34579,8.05465,0.81016,4.05307,-13.44709,-7.93964,0.22886,2.25236
74.06,-0.3146,0.72642,0.28247,-1.52544,0,-0.98832,-0.23819,0.28265,0.05095,-0.36225,-0.87895,-1.94977,2.7172,0.84752,4.49638,-0.37072,-0.80094,-0,-3e-05,6.7014,0.90396,-21.1656,-0.54266,17.56161,-3.82682,-2.9696,-2.74046,3.46929,-8.07681,-12.4539,0.95121,0.26295,1.56659,8.84763,0.25648,4.57458,-13.50931,-8.37884,0.82072,2.939
74.08,-0.28415,0.82988,0.01076,-1.48909,0,-0.70778,-0.68563,0.06605,0.14185,0.01626,-1.0013,-1.95383,2.19022,1.03244,4.30174,-0.55891,-0.80125,-0,-2e-05,6.28253,2.26257,-22.0879,-2.4244,14.67708,-1.98118,-2.48575,-3.0566,3.25973,-7.2852,-9.69145,1.31322,-0.04365,0.69612,9.49821,-0.38047,5.04864,-13.12026,-8.42312,1.47359,3.68826
74.1,-0.23904,0.89792,-0.273,-1.42854,0,-0.34814,-1.13772,-0.17029,0.25997,0.44175,-1.14908,-1.93412,1.52567,1.28315,3.95422,-0.79131,-0.76682,-0,-2e-05,5.73034,3.62067,-22.22723,-4.32201,11.29023,-0.29841,-1.82802,-3.37186,2.84676,-6.28958,-6.75655,1.6582,-0.34781,-0.20187,9.9378,-1.0767,5.46081,-12.19073,-8.01497,2.15003,4.4557
74.12,-0.17831,0.92742,-0.55621,-1.36509,0,0.07237,-1.56729,-0.41439,0.41806,0.88447,-1.31446,-1.88651,0.75929,1.58191,3.47588,-1.05098,-0.71025,-0,-2e-05,5.03533,4.88934,-21.56118,-6.15121,7.58477,1.15173,-1.07208,-3.64921,2.26755,-5.1622,-3.82733,1.96984,-0.63442,-1.06255,10.10096,-1.80135,5.79761,-10.6498,-7.12655,2.8062,5.18497
74.14,-0.10153,0.91762,-0.82557,-1.32199,0,0.52891,-1.94616,-0.65153,0.62751,1.30967,-1.48529,-1.80716,-0.06378,1.90504,2.89295,-1.31707,-0.6435,-0,-3e-05,4.19194,5.98358,-20.11733,-7.82198,3.77417,2.33798,-0.29802,-3.8581,1.57169,-3.97265,-1.06176,2.22837,-0.88863,-1.8258,9.93244,-2.51875,6.04609,-8.45525,-5.76689,3.3956,5.81101
74.16,-0.009,0.86999,-1.06823,-1.31968,0,0.99211,-2.24819,-0.86582,0.8947,1.68207,-1.64607,-1.69288,-0.89384,2.22465,2.23438,-1.56676,-0.57702,-0,-3e-05,3.20323,6.83111,-17.97186,-9.2476,0.07808,3.2613,0.41973,-3.97698,0.81612,-2.78291,1.41125,2.41509,-1.09752,-2.44258,9.3946,-3.19124,6.19331,-5.60311,-3.98661,3.87341,6.26503
74.18,0.09809,0.78787,-1.27291,-1.37112,0,1.4306,-2.45225,-1.04212,1.21741,1.97093,-1.77959,-1.54144,-1.682,2.5107,1.53056,-1.77746,-0.51905,-0,-4e-05,2.08514,7.38041,-15.24461,-10.35456,-3.30365,3.94481,1.02198,-3.9948,0.05953,-1.64412,3.49777,2.51675,-1.25183,-2.88069,8.47423,-3.78235,6.2262,-2.13559,-1.87932,4.20114,6.48099
74.2,0.21752,0.67608,-1.43088,-1.4784,0,1.81384,-2.54492,-1.16785,1.58251,2.15441,-1.86879,-1.35194,-2.3852,2.73346,0.81226,-1.92917,-0.47519,-0,-5e-05,0.86893,7.60631,-12.09114,-11.09117,-6.21315,4.42275,1.47178,-3.9113,-0.64303,-0.59504,5.14104,2.52906,-1.34717,-3.12845,7.18737,-4.25991,6.1323,1.85451,0.42161,4.35056,6.40299
74.22,0.34604,0.54043,-1.53665,-1.6317,0,2.11471,-2.52186,-1.23447,1.96584,2.22249,-1.89902,-1.12514,-2.96989,2.86614,0.10957,-2.00629,-0.44816,-0,-6e-05,-0.39934,7.51181,-8.69132,-11.43296,-8.54777,4.73127,1.75744,-3.73588,-1.24459,0.33757,6.31971,2.45811,-1.38441,-3.19493,5.58042,-4.59866,5.90121,6.22465,2.75214,4.30612,5.99268
74.24,0.47958,0.38728,-1.58816,-1.81098,0,2.31179,-2.38792,-1.23836,2.33469,2.17771,-1.86026,-0.8638,-3.41392,2.88744,-0.54918,-1.99901,-0.43792,-1e-05,-7e-05,-1.66289,7.12548,-5.23449,-11.3837,-10.2626,4.90228,1.89079,-3.4848,-1.70946,1.13724,7.04244,2.31957,-1.36908,-3.10634,3.72673,-4.78204,5.52671,10.78981,4.93313,4.06558,5.23599
74.26,0.61353,0.22307,-1.58665,-1.99003,0,2.39123,-2.15599,-1.18105,2.65235,2.034,-1.74935,-0.57284,-3.70693,2.78401,-1.13863,-1.90403,-0.44196,-1e-05,-8e-05,-2.86115,6.49535,-1.90253,-10.9729,-11.3636,4.96069,1.90169,-3.17751,-2.01527,1.79508,7.34002,2.13589,-1.30999,-2.89943,1.71946,-4.80328,5.00926,15.33555,6.79048,3.63907,4.1485
74.28,0.7432,0.05398,-1.53628,-2.1417,0,2.34811,-1.84505,-1.06912,2.88385,1.81426,-1.57193,-0.25936,-3.84954,2.55239,-1.6377,-1.72482,-0.45576,-1e-05,-8e-05,-3.93781,5.68115,1.14652,-10.25095,-11.89538,4.92449,1.83022,-2.83271,-2.15386,2.30694,7.25681,1.93236,-1.21739,-2.61357,-0.3377,-4.66583,4.35846,19.63453,8.17662,3.04734,2.77842
74.3,0.86424,-0.11435,-1.44361,-2.24309,0,2.18702,-1.47793,-0.91364,3.00136,1.54701,-1.34302,0.0675,-3.85181,2.19999,-2.03067,-1.47125,-0.47342,-1e-05,-9e-05,-4.84804,4.74654,3.79108,-9.28324,-11.92742,4.80641,1.7187,-2.46512,-2.13114,2.67096,6.84303,1.73292,-1.10112,-2.28338,-2.33981,-4.38304,3.59465,23.46333,8.98888,2.31974,1.20605
74.32,0.97301,-0.27693,-1.31693,-2.27929,0,1.92173,-1.07902,-0.72927,2.98803,1.26285,-1.08377,0.39706,-3.73114,1.74459,-2.30812,-1.15872,-0.48818,-1e-05,-8e-05,-5.56285,3.7526,5.95294,-8.14376,-11.54175,4.61596,1.60477,-2.08352,-1.9658,2.88616,6.1487,1.55656,-0.96895,-1.93343,-4.18868,-3.97685,2.74874,26.61701,9.18086,1.4923,-0.46171
74.34,1.06681,-0.42936,-1.16546,-2.24526,0,1.57362,-0.672,-0.53307,2.8396,0.9908,-0.81453,0.71797,-3.50971,1.21226,-2.46735,-0.80652,-0.49305,-1e-05,-8e-05,-6.07009,2.75319,7.59754,-6.90859,-10.82376,4.36118,1.5166,-1.69025,-1.68683,2.9521,5.21969,1.41451,-0.82547,-1.57561,-5.79911,-3.47533,1.85987,28.92023,8.76505,0.60583,-2.10221
74.36,1.14405,-0.56783,-0.99858,-2.14571,0,1.1694,-0.27788,-0.34302,2.56407,0.75489,-0.54925,1.0193,-3.21193,0.63386,-2.51252,-0.43582,-0.48133,-0,-6e-05,-6.37244,1.79209,8.729,-5.64976,-9.85669,4.04963,1.4702,-1.28203,-1.33039,2.86972,4.09594,1.30864,-0.67148,-1.20936,-7.10321,-2.9096,0.97111,30.2358,7.80744,-0.29592,-3.59174
74.38,1.20429,-0.68897,-0.82503,-1.99357,0,0.73834,0.08657,-0.17656,2.17979,0.57156,-0.29433,1.2917,-2.86206,0.04126,-2.45447,-0.0675,-0.44717,-0,-4e-05,-6.48367,0.90196,9.38193,-4.43021,-8.7193,3.68895,1.46879,-0.85166,-0.93632,2.64298,2.81143,1.23084,-0.50403,-0.82395,-8.05345,-2.31065,0.1241,30.47154,6.41673,-1.1681,-4.82138
74.4,1.24825,-0.78978,-0.65246,-1.80762,0,0.30967,0.40977,-0.04916,1.71285,0.44792,-0.05058,1.52822,-2.48229,-0.53613,-2.31001,0.27965,-0.38615,-0,-2e-05,-6.42442,0.10475,9.61204,-3.30033,-7.48556,3.28696,1.5036,-0.39016,-0.54485,2.28083,1.39554,1.16351,-0.31719,-0.40218,-8.62413,-1.70668,-0.64629,29.58565,4.73047,-1.96682,-5.71039
74.42,1.27766,-0.86758,-0.48706,-1.60965,0,-0.08965,0.68557,0.02672,1.19404,0.38155,0.18417,1.72462,-2.09143,-1.07368,-2.10063,0.59023,-0.29573,0,1e-05,-6.21834,-0.58696,9.48702,-2.29631,-6.22479,2.85136,1.55593,0.11123,-0.1938,1.79869,-0.12517,1.08101,-0.10343,0.07525,-8.8115,-1.12149,-1.31641,27.5893,2.89987,-2.65154,-6.2142
74.44,1.29504,-0.91996,-0.33348,-1.42149,0,-0.43662,0.91277,0.04255,0.65574,0.36153,0.4127,1.879,-1.70402,-1.55247,-1.8505,0.85291,-0.1757,0,5e-05,-5.88916,-1.16798,9.07849,-1.44006,-5.00102,2.3892,1.60004,0.65956,0.08369,1.21923,-1.72512,0.95206,0.14431,0.62541,-8.63228,-0.57378,-1.87687,24.5461,1.07458,-3.1879,-6.32578
74.46,1.3033,-0.94486,-0.19498,-1.26204,0,-0.71334,1.0941,-0.00578,0.12898,0.37073,0.63591,1.99097,-1.32998,-1.95911,-1.58394,1.06055,-0.02844,1e-05,8e-05,-5.45891,-1.63844,8.45573,-0.74036,-3.87138,1.90626,1.60668,1.25918,0.26091,0.57221,-3.37828,0.74297,0.4304,1.25907,-8.12137,-0.07736,-2.33387,20.56909,-0.61157,-3.55073,-6.07136
74.48,1.30539,-0.94065,-0.0736,-1.14493,0,-0.9078,1.23491,-0.11753,-0.35913,0.38873,0.85063,2.06073,-0.97476,-2.28483,-1.32304,1.20993,0.14093,1e-05,0.00011,-4.94732,-2.00183,7.68155,-0.19496,-2.88371,1.4069,1.54714,1.91129,0.31899,-0.10648,-5.05703,0.42153,0.75418,1.97736,-7.32923,0.35814,-2.70854,15.81672,-2.05209,-3.72686,-5.50257
74.5,1.30399,-0.90639,0.02946,-1.07663,0,-1.01424,1.34172,-0.28706,-0.78722,0.39486,1.04811,2.08825,-0.64005,-2.52437,-1.08557,1.3013,0.32465,1e-05,0.00014,-4.37234,-2.26349,6.81034,0.20684,-2.07404,0.89458,1.39742,2.61374,0.2478,-0.77648,-6.73121,-0.03871,1.10823,2.76937,-6.31907,0.72637,-3.0339,10.48804,-3.1752,-3.71682,-4.68761
74.52,1.30115,-0.84197,0.11352,-1.05564,0,-1.03312,1.42082,-0.50383,-1.14068,0.37099,1.21563,2.07283,-0.32491,-2.675,-0.88391,1.33784,0.51277,1e-05,0.00016,-3.75095,-2.42963,5.88768,0.48142,-1.46424,0.37335,1.14231,3.361,0.04657,-1.39532,-8.36711,-0.65401,1.47745,3.61098,-5.16374,1.02344,-3.34937,4.81606,-3.94586,-3.53465,-3.7029
74.54,1.298,-0.74826,0.17806,-1.07248,0,-0.97085,1.47706,-0.75286,-1.41177,0.30369,1.3407,2.0131,-0.0273,-2.7359,-0.72469,1.32499,0.69393,1e-05,0.00017,-3.1002,-2.50689,4.95109,0.64817,-1.0601,-0.1501,0.77898,4.14418,-0.27595,-1.92137,-9.92661,-1.42624,1.83939,4.46514,-3.9419,1.24758,-3.69288,-0.94205,-4.36237,-3.20563,-2.62633
74.56,1.29451,-0.62726,0.22247,-1.11062,0,-0.83908,1.51289,-1.0154,-1.59917,0.18572,1.41476,1.90755,0.25437,-2.70807,-0.6094,1.26989,0.85643,1e-05,0.00018,-2.43797,-2.50233,4.03141,0.72715,-0.85028,-0.66405,0.31954,4.95114,-0.70172,-2.31739,-11.36665,-2.33924,2.16577,5.28357,-2.73369,1.39905,-4.09214,-6.5178,-4.4489,-2.76235,-1.53219
74.58,1.28939,-0.48214,0.24593,-1.14805,0,-0.65397,1.52786,-1.26997,-1.7071,0.01685,1.43435,1.75528,0.51973,-2.59462,-0.53556,1.18085,0.98946,1e-05,0.00018,-1.78349,-2.42391,3.15434,0.7372,-0.8065,-1.15004,-0.20789,5.76657,-1.20409,-2.55413,-12.63919,-3.35607,2.42507,6.00968,-1.616,1.48058,-4.55668,-11.64654,-4.24637,-2.24025,-0.48788
74.6,1.28013,-0.31734,0.2474,-1.15934,0,-0.43513,1.51855,-1.49369,-1.7443,-0.19607,1.40086,1.55708,0.76547,-2.40142,-0.4981,1.06693,1.08429,1e-05,0.00016,-1.15742,-2.28093,2.34184,0.69482,-0.88555,-1.58261,-0.76046,6.57191,-1.74884,-2.61351,-13.69164,-4.41793,2.58592,6.58224,-0.65803,1.49773,-5.07308,-16.08331,-3.80393,-1.67365,0.44807
74.62,1.26321,-0.13848,0.22581,-1.118,0,-0.20432,1.47915,-1.66399,-1.72282,-0.43982,1.32001,1.31623,0.98501,-2.13757,-0.49084,0.93742,1.13505,1e-05,0.00014,-0.58121,-2.08429,1.61259,0.61361,-1.03357,-1.93123,-1.28483,7.34496,-2.29601,-2.49084,-14.46737,-5.44529,2.62099,6.93953,0.0831,1.45923,-5.60488,-19.61835,-3.17262,-1.09309,1.22721
74.64,1.23448,0.04775,0.1804,-0.99903,0,0.01612,1.40238,-1.7605,-1.65694,-0.69625,1.20123,1.03909,1.169,-1.81564,-0.50777,0.80137,1.13926,1e-05,0.00011,-0.07574,-1.8463,0.98152,0.50443,-1.19243,-2.16456,-1.72438,8.05923,-2.80227,-2.19552,-14.90658,-6.34179,2.51088,7.02372,0.56632,1.37696,-6.09782,-22.09168,-2.40193,-0.52422,1.81194
74.66,1.18964,0.2339,0.1111,-0.78148,0,0.20515,1.28092,-1.76715,-1.56193,-0.94437,1.05689,0.73529,1.30654,-1.45157,-0.54395,0.66704,1.09798,1e-05,7e-05,0.3407,-1.58013,0.45841,0.37611,-1.30753,-2.25642,-2.02835,8.68358,-3.2241,-1.75043,-14.94786,-7.00119,2.24784,6.78548,0.77008,1.26552,-6.48947,-23.40631,-1.53906,0.01199,2.17632
74.68,1.12483,0.41216,0.01905,-0.45093,0,0.34483,1.10892,-1.67424,-1.45302,-1.16273,0.90142,0.41751,1.38699,-1.06423,-0.59618,0.54148,1.01573,0,3e-05,0.65456,-1.29908,0.04631,0.23628,-1.33547,-2.19212,-2.16114,9.18255,-3.52137,-1.18999,-14.53142,-7.31716,1.83835,6.18899,0.69476,1.14156,-6.72104,-23.53886,-0.6297,0.49826,2.30694
74.7,1.03724,0.57479,-0.09313,-0.00165,0,0.42202,0.88356,-1.47994,-1.34445,-1.33182,0.75028,0.10104,1.40176,-0.67476,-0.66308,0.43034,0.90022,-0,-1e-05,0.85881,-1.01592,-0.25955,0.09232,-1.24981,-1.97333,-2.10915,9.51794,-3.66099,-0.55695,-13.6039,-7.19537,1.30404,5.21666,0.36337,1.02268,-6.74852,-22.54492,0.28077,0.91984,2.20375
74.72,0.92567,0.71454,-0.22115,0.56194,0,0.42951,0.60616,-1.19099,-1.24846,-1.43617,0.61864,-0.19715,1.34605,-0.30551,-0.74477,0.33789,0.762,-0,-6e-05,0.95382,-0.74234,-0.47165,-0.04807,-1.04347,-1.61996,-1.88348,9.65147,-3.62008,0.10208,-12.12446,-6.56687,0.68,3.87319,-0.18021,0.92602,-6.55046,-20.5558,1.14727,1.26394,1.8805
74.74,0.79081,0.82514,-0.35921,1.22465,0,0.36666,0.28273,-0.82229,-1.17437,-1.46585,0.51999,-0.45969,1.22,0.0214,-0.84201,0.26726,0.61378,-1e-05,-0.0001,0.94714,-0.48858,-0.60869,-0.17677,-0.72721,-1.16832,-1.51742,9.54857,-3.38844,0.74228,-10.07154,-5.40158,0.01034,2.18818,-0.87576,0.86652,-6.13105,-17.76562,1.92653,1.51983,1.36451
74.76,0.63547,0.9017,-0.50037,1.96084,0,0.23936,-0.07605,-0.39548,-1.12766,-1.41756,0.46441,-0.67045,1.02944,0.28582,-0.955,0.22083,0.46961,-1e-05,-0.00014,0.85239,-0.26321,-0.69286,-0.28553,-0.32503,-0.66606,-1.05967,9.18298,-2.97012,1.32676,-7.4499,-3.72028,-0.65825,0.21729,-1.6533,0.85507,-5.51865,-14.41056,2.58033,1.67979,0.69565
74.78,0.46451,0.94115,-0.63708,2.73568,0,0.05954,-0.45537,0.06304,-1.10942,-1.295,0.45719,-0.81625,0.78599,0.47146,-1.08206,0.2005,0.34369,-1e-05,-0.00017,0.68758,-0.07301,-0.74647,-0.3667,0.13174,-0.16533,-0.56523,8.54171,-2.38412,1.83222,-4.29719,-1.60272,-1.28334,-1.95827,-2.44074,0.89691,-4.76116,-10.74487,3.07954,1.74048,-0.07541
74.8,0.28469,0.94246,-0.76187,3.50717,0,-0.15575,-0.83724,0.52444,-1.11611,-1.10869,0.4978,-0.88837,0.50671,0.56758,-1.21842,0.20765,0.24892,-1e-05,-0.00019,0.47319,0.0771,-0.78868,-0.41423,0.60978,0.28436,-0.08647,7.62913,-1.66375,2.2527,-0.68876,0.81135,-1.83232,-4.234,-3.17113,0.99057,-3.91938,-7.01773,3.40751,1.70423,-0.89002
74.82,0.10421,0.90668,-0.86787,4.22912,0,-0.38588,-1.20186,0.95985,-1.14001,-0.87482,0.57963,-0.88372,0.21296,0.57021,-1.35541,0.24269,0.19509,-1e-05,-0.00019,0.23039,0.18417,-0.83274,-0.42463,1.07688,0.64195,0.334,6.46897,-0.85449,2.60038,3.26106,3.33096,-2.28516,-6.48677,-3.78842,1.12789,-3.05942,-3.45409,3.56196,1.57953,-1.68556
74.84,-0.06791,0.83677,-0.9494,4.85473,0,-0.60848,-1.52926,1.34265,-1.17027,-0.61345,0.69055,-0.80533,-0.07136,0.48283,-1.48011,0.3042,0.18691,-1e-05,-0.00018,-0.02059,0.2473,-0.8843,-0.39795,1.50256,0.87891,0.66738,5.10357,-0.00995,2.90292,7.40239,5.73358,-2.63383,-8.58205,-4.25113,1.29504,-2.24489,-0.24042,3.55452,1.38066,-2.40065
74.86,-0.22269,0.73715,-1.00228,5.3409,0,-0.80176,-1.80119,1.65057,-1.19438,-0.34598,0.81427,-0.66221,-0.32214,0.31634,-1.5757,0.38782,0.22212,-1e-05,-0.00016,-0.2616,0.26784,-0.94084,-0.3384,1.8567,0.98107,0.89989,3.59049,0.81347,3.19783,11.55783,7.79307,-2.8791,-10.38375,-4.53415,1.47448,-1.52941,2.48428,3.40835,1.12638,-2.98117
74.88,-0.35204,0.61322,-1.02425,5.65258,0,-0.94677,-2.00295,1.86761,-1.20005,-0.09263,0.93225,-0.46883,-0.51755,0.08849,-1.62264,0.4854,0.29036,-1e-05,-0.00012,-0.47753,0.24951,-0.99236,-0.25448,2.10793,0.94874,1.03159,1.99767,1.56251,3.52498,15.53366,9.31085,-3.02604,-11.76552,-4.62888,1.64749,-0.95064,4.63261,3.15453,0.83798,-3.38615
74.9,-0.4495,0.47092,-1.01502,5.76649,0,-1.0295,-2.12473,1.98534,-1.1769,0.12965,1.02577,-0.24396,-0.64028,-0.17734,-1.60057,0.58486,0.37333,-1e-05,-8e-05,-0.65667,0.19842,-1.02326,-0.15832,2.22352,0.7951,1.07366,0.39799,2.19239,3.9186,19.13232,10.14332,-3.07972,-12.62201,-4.5421,1.79676,-0.52659,6.16815,2.82796,0.53723,-3.59232
74.92,-0.51072,0.31643,-0.97627,5.67343,0,-1.04237,-2.16231,2.00352,-1.11785,0.30848,1.07805,-0.00912,-0.67919,-0.45399,-1.49104,0.67095,0.4468,-0,-4e-05,-0.79066,0.12283,-1.01528,-0.06409,2.1722,0.54316,1.04485,-1.13615,2.67075,4.39964,22.1646,10.22003,-3.04247,-12.8785,-4.2935,1.90862,-0.25499,7.10037,2.4634,0.24429,-3.59618
74.94,-0.53354,0.15585,-0.91134,5.37877,0,-0.9849,-2.11678,1.9298,-1.01993,0.43633,1.07607,0.2135,-0.63014,-0.71308,-1.28078,0.7274,0.48457,0,1e-05,-0.87404,0.03267,-0.95143,0.01455,1.9301,0.22166,0.96757,-2.53788,2.97984,4.96961,24.46095,9.54945,-2.91316,-12.49789,-3.91213,1.97462,-0.11572,7.47556,2.09189,-0.0241,-3.41305
74.96,-0.51789,-0.00483,-0.8247,4.90133,0,-0.8638,-1.99369,1.77877,-0.88454,0.51006,1.01207,0.40332,-0.4962,-0.9279,-0.96502,0.73966,0.46365,0,5e-05,-0.90362,-0.06132,-0.82007,0.06746,1.48888,-0.13962,0.8641,-3.75064,3.11703,5.60639,25.88208,8.21341,-2.68853,-11.48509,-3.43211,1.99229,-0.07567,7.36549,1.73784,-0.25617,-3.07374
74.98,-0.46553,-0.15993,-0.72147,4.2713,0,-0.6923,-1.80175,1.57039,-0.71724,0.52999,0.88459,0.54364,-0.28714,-1.07637,-0.55041,0.69803,0.36953,1e-05,8e-05,-0.8778,-0.14841,-0.61869,0.09079,0.86355,-0.51411,0.75345,-4.73209,3.09396,6.26278,26.32897,6.3533,-2.36594,-9.88873,-2.88839,1.96539,-0.09496,6.85556,1.41691,-0.44612,-2.61958
75,-0.37968,-0.304,-0.60692,3.52758,0,-0.48888,-1.55175,1.32814,-0.52724,0.49895,0.69895,0.62343,-0.01861,-1.14347,-0.05646,0.60006,0.20013,1e-05,0.0001,-0.79632,-0.21887,-0.35598,0.08856,0.09704,-0.88157,0.64923,-5.4569,2.93467,6.86833,25.75133,4.15143,-1.94656,-7.79992,-2.31298,1.90333,-0.13301,6.03419,1.13505,-0.59457,-2.09722
75.02,-0.26473,-0.43198,-0.48614,2.71478,0,-0.27551,-1.25554,1.07687,-0.3264,0.42154,0.46689,0.63831,0.28916,-1.1227,0.48508,0.4516,-0.03291,1e-05,0.00011,-0.66026,-0.26478,-0.05174,0.07239,-0.74099,-1.22908,0.55875,-5.91782,2.67268,7.33489,24.1527,1.80996,-1.43807,-5.34677,-1.73207,1.8198,-0.15357,4.98423,0.88851,-0.70818,-1.55359
75.04,-0.126,-0.53918,-0.36375,1.8797,0,-0.07519,-0.9254,0.84042,-0.12805,0.30382,0.20534,0.59051,0.61292,-1.01635,1.03334,0.2662,-0.30594,1e-05,0.00011,-0.47252,-0.28061,0.26592,0.05913,-1.56223,-1.55007,0.48344,-6.12503,2.34731,7.56578,21.59117,-0.47072,-0.85616,-2.68448,-1.16401,1.73074,-0.12811,3.77697,0.66498,-0.7985,-1.03168
75.06,0.03049,-0.62151,-0.24387,1.06786,0,0.0907,-0.57375,0.63913,0.05447,0.15328,-0.06553,0.4881,0.92834,-0.83466,1.54341,0.06298,-0.58765,1e-05,9e-05,-0.23854,-0.26373,0.56541,0.06684,-2.27319,-1.84173,0.42027,-6.104,1.99934,7.46794,18.17666,-2.51255,-0.22477,0.01828,-0.6183,1.65168,-0.03736,2.46874,0.44561,-0.88014,-0.56715
75.08,0.19813,-0.67565,-0.13006,0.32018,0,0.20508,-0.21299,0.48779,0.20927,-0.02096,-0.32458,0.34355,1.21188,-0.59429,1.97232,-0.13635,-0.84479,1e-05,7e-05,0.03293,-0.21461,0.81719,0.11024,-2.79105,-2.10172,0.36371,-5.89271,1.66685,6.96545,14.06591,-4.17682,0.42498,2.59424,-0.09534,1.59515,0.1284,1.0999,0.2076,-0.96861,-0.18602
75.1,0.36986,-0.69928,-0.02545,-0.32962,0,0.25741,0.14436,0.39408,0.32714,-0.20805,-0.55204,0.17212,1.44274,-0.31638,2.28465,-0.31066,-1.04767,0,4e-05,0.32945,-0.13691,0.99878,0.19687,-3.05771,-2.32542,0.30779,-5.53844,1.38148,6.01223,9.45599,-5.37532,1.05675,4.89151,0.41282,1.56845,0.37035,-0.30396,-0.07278,-1.07802,0.09658
75.12,0.53826,-0.69124,0.06707,-0.85674,0,0.24491,0.48565,0.35805,0.40238,-0.39562,-0.73137,-0.0098,1.60431,-0.02439,2.45656,-0.44206,-1.17428,0,1e-05,0.63503,-0.03722,1.09772,0.32484,-3.0487,-2.50438,0.24772,-5.0943,1.1656,4.60178,4.57553,-6.07374,1.63182,6.78452,0.92096,1.57227,0.68268,-1.72908,-0.41721,-1.219,0.27658
75.14,0.69568,-0.65157,0.14476,-1.24607,0,0.17285,0.7982,0.3726,0.43322,-0.5704,-0.85084,-0.18629,1.68543,0.25812,2.47769,-0.51788,-1.21233,-0,-2e-05,0.93118,0.07541,1.11212,0.48298,-2.77521,-2.62652,0.18081,-4.61533,1.03063,2.77223,-0.32708,-6.28687,2.11262,8.18148,1.44845,1.60019,1.05478,-3.16925,-0.8423,-1.3968,0.36009
75.16,0.83449,-0.58158,0.20481,-1.4922,0,0.05375,1.06961,0.42489,0.42175,-0.71934,-0.90436,-0.34327,1.6811,0.50957,2.35118,-0.53169,-1.15936,-0,-5e-05,1.19858,0.19026,1.04906,0.65292,-2.27983,-2.67785,0.10678,-4.15465,0.97637,0.60657,-4.99823,-6.0677,2.46661,9.0284,2.01646,1.6392,1.47351,-4.62082,-1.35693,-1.60984,0.36189
75.18,0.94737,-0.48382,0.24436,-1.59885,0,-0.09409,1.28826,0.49827,0.3736,-0.83085,-0.89201,-0.46969,1.59287,0.71229,2.09226,-0.48374,-1.02157,-0,-6e-05,1.41913,0.29591,0.9216,0.81249,-1.62785,-2.64531,0.02754,-3.75962,0.99147,-1.77199,-9.19535,-5.49365,2.67009,9.31039,2.64481,1.67112,1.92528,-6.07748,-1.95986,-1.84878,0.30353
75.2,1.02768,-0.36201,0.26052,-1.57786,0,-0.24866,1.444,0.57448,0.29741,-0.896,-0.81989,-0.55823,1.42878,0.85392,1.72601,-0.38058,-0.81192,-1e-05,-7e-05,1.57799,0.38135,0.7455,0.93957,-0.89647,-2.51965,-0.05336,-3.46865,1.0551,-4.20899,-12.70294,-4.65324,2.71111,9.05046,3.34874,1.67455,2.39749,-7.52515,-2.6379,-2.09612,0.21141
75.22,1.06986,-0.22106,0.25059,-1.44771,0,-0.38656,1.52876,0.63583,0.20409,-0.90941,-0.6994,-0.60568,1.2025,0.92821,1.28476,-0.23425,-0.54831,-1e-05,-7e-05,1.66504,0.43716,0.53635,1.01546,-0.16394,-2.29778,-0.13136,-3.30837,1.13966,-6.53235,-15.34724,-3.63562,2.5908,8.30558,4.13574,1.62739,2.87903,-8.93751,-3.36491,-2.32652,0.11505
75.24,1.06972,-0.06686,0.21235,-1.23171,0,-0.4855,1.53723,0.66704,0.106,-0.86968,-0.54598,-0.61279,0.93195,0.93513,0.80513,-0.06084,-0.25174,-0,-6e-05,1.67572,0.45665,0.30766,1.02743,0.50028,-1.98391,-0.20164,-3.29159,1.2145,-8.56995,-17.00866,-2.52408,2.32302,7.16007,5.00264,1.50951,3.35986,-10.27253,-4.10178,-2.50802,0.04539
75.26,1.02486,0.09383,0.14448,-0.95598,0,-0.52678,1.46745,0.65675,0.016,-0.77937,-0.3773,-0.58377,0.63726,0.88038,0.32502,0.12118,0.05512,-0,-4e-05,1.61117,0.4369,0.07001,0.97019,1.0434,-1.58963,-0.25971,-3.41594,1.25027,-10.16963,-17.63179,-1.39309,1.93224,5.71715,5.93349,1.30544,3.82993,-11.47066,-4.79782,-2.60418,0.03312
75.28,0.93496,0.2537,0.04699,-0.6475,0,-0.49744,1.3213,0.59862,-0.05352,-0.64472,-0.2114,-0.52555,0.33867,0.77451,-0.11925,0.29286,0.34932,-0,-2e-05,1.47793,0.3795,-0.16892,0.84638,1.43463,-1.13305,-0.30192,-3.66368,1.22317,-11.21836,-17.23199,-0.30793,1.4506,4.08986,6.89839,1.00682,4.27808,-12.45532,-5.39367,-2.5774,0.10677
75.3,0.80205,0.40516,-0.0785,-0.33242,0,-0.39182,1.10495,0.49182,-0.09151,-0.47511,-0.06484,-0.44684,0.05464,0.63174,-0.49559,0.43644,0.60891,-0,-0,1.28717,0.29085,-0.40353,0.66614,1.66712,-0.63744,-0.32578,-4.00291,1.11833,-11.65655,-15.89665,0.67488,0.9146,2.3924,7.85384,0.61415,4.69118,-13.13607,-5.82573,-2.39322,0.29023
75.32,0.63064,0.54069,-0.22855,-0.03489,0,-0.21215,0.82884,0.34085,-0.08904,-0.28241,0.0487,-0.35725,-0.19961,0.46863,-0.77847,0.53685,0.81449,0,2e-05,1.05363,0.18171,-0.62907,0.44568,1.75615,-0.12943,-0.33007,-4.39041,0.93172,-11.48391,-13.77867,1.50761,0.36174,0.7323,8.74469,0.13737,5.05403,-13.41436,-6.03232,-2.02556,0.59967
75.34,0.42757,0.65323,-0.39803,0.22385,0,0.03187,0.50733,0.15472,-0.03999,-0.08016,0.11947,-0.26623,-0.41286,0.30248,-0.95083,0.5827,0.95089,0,3e-05,0.79423,0.06597,-0.84018,0.20506,1.73371,0.36303,-0.31465,-4.77616,0.67013,-10.75526,-11.08128,2.15278,-0.17251,-0.79631,9.50788,-0.40476,5.35005,-13.19202,-5.96089,-1.46227,1.04002
75.36,0.20171,0.73668,-0.58044,0.426,0,0.32442,0.15788,-0.05449,0.05851,0.1174,0.14222,-0.18215,-0.57818,0.14976,-1.00556,0.56711,1.00901,0,5e-05,0.52647,-0.04117,-1.02968,-0.0345,1.64043,0.81299,-0.28023,-5.10907,0.3495,-9.56834,-8.03624,2.58592,-0.65742,-2.11826,10.07778,-0.98652,5.56275,-12.38177,-5.57613,-0.71049,1.60161
75.38,-0.03656,0.78629,-0.76842,0.55752,0,0.64545,-0.20001,-0.27326,0.20564,0.29633,0.11643,-0.11145,-0.69286,0.02458,-0.9464,0.48804,0.98728,0,5e-05,0.26692,-0.12537,-1.18778,-0.25349,1.51695,1.19659,-0.22802,-5.34315,-0.00767,-8.04707,-4.87971,2.79863,-1.06903,-3.18143,10.39279,-1.57783,5.6777,-10.91912,-4.86753,0.19959,2.25774
75.4,-0.27595,0.79912,-0.95433,0.60847,0,0.97265,-0.54604,-0.48815,0.3968,0.44408,0.04616,-0.0581,-0.75796,-0.0626,-0.78783,0.3485,0.89246,0,6e-05,0.0298,-0.17517,-1.30223,-0.43633,1.3965,1.49494,-0.15954,-5.44292,-0.37543,-6.3247,-1.83006,2.80075,-1.39154,-3.95868,10.40197,-2.147,5.68445,-8.77366,-3.85494,1.21375,2.9646
75.42,-0.50487,0.77418,-1.13084,0.57325,0,1.28345,-0.86041,-0.68704,0.62361,0.5504,-0.06046,-0.02328,-0.77778,-0.10583,-0.55373,0.15635,0.73904,0,5e-05,-0.17385,-0.18364,-1.35956,-0.57285,1.3003,1.69521,-0.07656,-5.38708,-0.72724,-4.52927,0.9291,2.62007,-1.61757,-4.4472,10.07074,-2.66331,5.57772,-5.95777,-2.59044,2.257,3.66411
75.44,-0.71219,0.71248,-1.29139,0.4508,0,1.55654,-1.12521,-0.85994,0.87436,0.60837,-0.19205,-0.00555,-0.75919,-0.10411,-0.27471,-0.0763,0.54736,0,5e-05,-0.33685,-0.14932,-1.34727,-0.65862,1.23649,1.79125,0.01875,-5.16975,-1.03846,-2.77313,3.25932,2.29912,-1.74756,-4.66521,9.38485,-3.09932,5.35771,-2.53119,-1.15541,3.24135,4.29032
75.46,-0.88804,0.61685,-1.4307,0.24487,0,1.77333,-1.32572,-0.99941,1.13461,0.61511,-0.3351,-0.0012,-0.71081,-0.06128,0.01563,-0.33393,0.34057,0,4e-05,-0.45592,-0.07652,-1.25686,-0.69442,1.20201,1.78343,0.12352,-4.79956,-1.28839,-1.14663,5.07161,1.88946,-1.78846,-4.64682,8.35263,-3.43271,5.02944,1.39873,0.34663,4.07726,4.7783
75.48,-1.0245,0.49161,-1.54514,-0.03596,0,1.91902,-1.45164,-1.1007,1.38817,0.57239,-0.47523,-0.00487,-0.64235,0.01442,0.2848,-0.59883,0.14114,0,3e-05,-0.53164,0.02505,-1.08664,-0.68513,1.18641,1.6782,0.2339,-4.2974,-1.46174,0.28458,6.32559,1.4447,-1.75191,-4.43589,7.00572,-3.64774,4.60205,5.68035,1.80007,4.68633,5.07406
75.5,-1.11622,0.34234,-1.63303,-0.37858,0,1.98354,-1.49793,-1.16184,1.61817,0.48669,-0.59854,-0.01028,-0.56387,0.11129,0.50522,-0.85244,-0.03224,0,2e-05,-0.56794,0.14132,-0.8438,-0.63836,1.17612,1.48722,0.3448,-3.69321,-1.54972,1.47929,7.02477,1.01382,-1.65248,-4.08017,5.39824,-3.73632,4.08809,10.12431,3.08868,5.0125,5.14313
75.52,-1.16067,0.17555,-1.69465,-0.76599,0,1.96205,-1.46504,-1.18348,1.80821,0.36879,-0.69289,-0.01097,-0.48509,0.21546,0.65691,-1.07683,-0.16681,0,1e-05,-0.5714,0.25549,-0.54463,-0.5632,1.15777,1.22619,0.44988,-3.02224,-1.55042,2.41835,7.20849,0.63571,-1.50583,-3.62606,3.60374,-3.69831,3.50314,14.51325,4.10714,5.02925,4.97572
75.54,-1.15809,-0.00172,-1.73208,-1.1787,0,1.85518,-1.35849,-1.16874,1.94357,0.23256,-0.74902,-0.00106,-0.41463,0.3126,0.7291,-1.25635,-0.25657,0,0,-0.55032,0.35017,-0.21276,-0.4691,1.12016,0.91337,0.54184,-2.32102,-1.46869,3.10108,6.9417,0.33575,-1.32713,-3.11447,1.70981,-3.54109,2.8656,18.61489,4.77173,4.74155,4.58763
75.56,-1.11117,-0.18214,-1.74883,-1.59645,0,1.66889,-1.18788,-1.12304,2.01241,0.09334,-0.76148,0.02408,-0.35933,0.38974,0.72041,-1.37915,-0.302,-0,-1e-05,-0.51365,0.40987,0.12437,-0.36502,1.05465,0.56792,0.61294,-1.62322,-1.31553,3.54105,6.30358,0.1243,-1.12967,-2.5779,-0.18922,-3.27856,2.19658,22.19793,5.02952,4.18305,4.01692
75.58,-1.02453,-0.35851,-1.74936,-2.00007,0,1.41421,-0.96566,-1.05385,2.00689,-0.034,-0.72932,0.06724,-0.32368,0.43707,0.63813,-1.4385,-0.30885,-0,-1e-05,-0.47001,0.42335,0.43983,-0.25893,0.95472,0.20854,0.65582,-0.95618,-1.10725,3.76203,5.37686,-0.00305,-0.92385,-2.03872,-2.00025,-2.92991,1.51959,25.04942,4.86526,3.41001,3.31797
75.6,-0.90425,-0.52399,-1.73869,-2.37305,0,1.10662,-0.70583,-0.97034,1.92402,-0.13679,-0.65617,0.12892,-0.30942,0.44919,0.49665,-1.43356,-0.28659,-0,-2e-05,-0.42692,0.38538,0.71132,-0.15753,0.81522,-0.14755,0.66435,-0.33827,-0.86427,3.79417,4.23906,-0.06387,-0.71659,-1.50881,-3.63872,-2.51825,0.85977,26.99093,4.3045,2.49361,2.55387
75.62,-0.75732,-0.67232,-1.72195,-2.70238,0,0.76516,-0.42271,-0.88292,1.76606,-0.2059,-0.5498,0.20715,-0.31543,0.42565,0.31533,-1.36926,-0.24659,-0,-2e-05,-0.3904,0.29759,0.92428,-0.0662,0.63192,-0.48493,0.63447,0.22237,-0.60972,3.67071,2.9562,-0.08613,-0.51124,-0.99031,-5.03421,-2.06915,0.24228,27.89091,3.41168,1.51166,1.78835
75.64,-0.59118,-0.79799,-1.70393,-2.97859,0,0.4111,-0.12987,-0.80242,1.54023,-0.23654,-0.42087,0.29751,-0.33806,0.3706,0.11582,-1.25522,-0.20053,-0,-2e-05,-0.36489,0.16811,1.07328,0.01098,0.40167,-0.78976,0.56492,0.72775,-0.36776,3.42507,1.57954,-0.10453,-0.30777,-0.47733,-6.13419,-1.60914,-0.31038,27.67219,2.28286,0.54066,1.07795
75.66,-0.41319,-0.89639,-1.6887,-3.19519,0,0.06623,0.16068,-0.73918,1.25799,-0.22848,-0.28133,0.3934,-0.37158,0.2917,-0.08073,-1.10395,-0.15893,-0,-2e-05,-0.35342,0.01025,1.16192,0.07101,0.12322,-1.04927,0.45772,1.18879,-0.16159,3.08862,0.14468,-0.15625,-0.10348,0.0416,-6.90595,-1.16396,-0.78167,26.31546,1.03398,-0.35141,0.46513
75.68,-0.23034,-0.96397,-1.67933,-3.34771,0,-0.24884,0.43912,-0.70199,0.93399,-0.18583,-0.14259,0.48661,-0.40897,0.19862,-0.25634,-0.92875,-0.1301,-0,-2e-05,-0.35785,-0.15948,1.20143,0.11192,-0.20159,-1.25122,0.31848,1.62336,-0.01157,2.6891,-1.32685,-0.27656,0.10609,0.58049,-7.33744,-0.75709,-1.16434,23.86045,-0.2128,-1.11075,-0.02662
75.7,-0.04901,-0.99832,-1.67766,-3.43286,0,-0.5163,0.69807,-0.69721,0.58487,-0.11646,-0.01404,0.56794,-0.44272,0.10159,-0.39823,-0.74184,-0.11945,-0,-2e-05,-0.37898,-0.32351,1.20829,0.13268,-0.56648,-1.384,0.15621,2.05361,0.06654,2.25004,-2.82437,-0.4946,0.32595,1.15265,-7.43699,-0.40842,-1.46253,20.40528,-1.34255,-1.70133,-0.39477
75.72,0.12511,-0.99826,-1.68426,-3.44772,0,-0.72236,0.93248,-0.72807,0.2281,-0.03108,0.09787,0.62811,-0.46571,0.01011,-0.49992,-0.55301,-0.1293,-0,-1e-05,-0.41638,-0.46521,1.20107,0.13329,-0.95967,-1.43736,-0.01722,2.50316,0.06296,1.7909,-4.34343,-0.82975,0.56039,1.76737,-7.23201,-0.13326,-1.69217,16.10308,-2.25857,-2.10593,-0.65597
75.74,0.28701,-0.96383,-1.69836,-3.38923,0,-0.85797,1.13926,-0.79418,-0.11925,0.05786,0.1898,0.65868,-0.47192,-0.06788,-0.56123,-0.369,-0.15906,-0,-0,-0.46795,-0.5705,1.19705,0.11485,-1.36349,-1.40399,-0.18821,2.99403,-0.02532,1.32776,-5.88039,-1.28881,0.81154,2.42681,-6.76641,0.05835,-1.87889,11.1551,-2.89007,-2.32466,-0.84079
75.76,0.43223,-0.89616,-1.71789,-3.25406,0,-0.91925,1.31655,-0.89138,-0.44164,0.13757,0.26106,0.65307,-0.45715,-0.12641,-0.58749,-0.19357,-0.20578,0,0,-0.52924,-0.62915,1.20874,0.07983,-1.75472,-1.28159,-0.34293,3.54381,-0.19412,0.87445,-7.42702,-1.86397,1.07814,3.12351,-6.09734,0.16212,-2.0542,5.80056,-3.19656,-2.37159,-0.98576
75.78,0.55682,-0.79748,-1.73962,-3.03892,0,-0.90752,1.46316,-1.01188,-0.72606,0.19628,0.31282,0.60754,-0.41959,-0.1617,-0.5881,-0.02804,-0.26485,0,1e-05,-0.59306,-0.63551,1.24125,0.03214,-2.10582,-1.07486,-0.46902,4.16318,-0.43215,0.44351,-8.96574,-2.53155,1.35464,3.83878,-5.29139,0.17972,-2.25032,0.3044,-3.16908,-2.27047,-1.12497
75.8,0.65722,-0.67106,-1.75938,-2.74121,0,-0.82921,1.57788,-1.14449,-0.96271,0.22458,0.34723,0.52189,-0.36025,-0.17202,-0.57484,0.12786,-0.33059,0,2e-05,-0.64949,-0.58893,1.29086,-0.02293,-2.38711,-0.79665,-0.55702,4.85398,-0.72157,0.04685,-10.46597,-3.25165,1.63076,4.54238,-4.42059,0.11884,-2.49485,-5.05643,-2.82866,-2.05057,-1.28314
75.82,0.73025,-0.52119,-1.77234,-2.35991,0,-0.69544,1.65906,-1.27524,-1.14529,0.21655,0.36666,0.39984,-0.28313,-0.15765,-0.56024,0.27509,-0.39677,0,4e-05,-0.68667,-0.4936,1.34546,-0.07907,-2.56981,-0.4675,-0.60156,5.60804,-1.0389,-0.30441,-11.88221,-3.96881,1.89179,5.19382,-3.55791,-0.00714,-2.80592,-10.00811,-2.22208,-1.74321,-1.47204
75.84,0.77311,-0.35308,-1.77332,-1.89638,0,-0.52132,1.70432,-1.38811,-1.27085,0.17061,0.37334,0.24888,-0.19509,-0.12067,-0.55612,0.41444,-0.45684,0,5e-05,-0.69248,-0.35795,1.38682,-0.12965,-2.62966,-0.11343,-0.60179,6.40686,-1.35665,-0.60087,-13.15395,-4.61404,2.11977,5.74531,-2.77224,-0.17982,-3.18857,-14.29694,-1.41507,-1.37933,-1.69076
75.86,0.7835,-0.1728,-1.7571,-1.35511,0,-0.32503,1.71057,-1.46606,-1.33945,0.08999,0.36923,0.07969,-0.10543,-0.06489,-0.57226,0.54596,-0.50407,0,6e-05,-0.65671,-0.19371,1.39436,-0.16867,-2.55084,0.23777,-0.56137,7.22211,-1.64526,-0.83649,-14.20783,-5.10843,2.29519,6.14629,-2.123,-0.37677,-3.63266,-17.70754,-0.484,-0.98812,-1.92938
75.88,0.75986,0.01291,-1.71883,-0.74424,0,-0.12659,1.67431,-1.49233,-1.3537,-0.01729,0.35619,-0.09468,-0.02507,0.00425,-0.61548,0.6686,-0.53171,1e-05,7e-05,-0.57346,-0.01472,1.34937,-0.19168,-2.32946,0.56073,-0.48799,8.01711,-1.87552,-1.01018,-14.96187,-5.36884,2.39935,6.34893,-1.65526,-0.57298,-4.11305,-20.0806,0.49271,-0.59638,-2.17432
75.9,0.70164,0.19684,-1.65452,-0.07585,0,0.05352,1.59223,-1.45202,-1.31838,-0.13889,0.33631,-0.2599,0.03454,0.07969,-0.68886,0.78024,-0.53328,1e-05,8e-05,-0.44301,0.16412,1.23883,-0.19656,-1.97553,0.83613,-0.39241,8.74901,-2.02119,-1.12684,-15.33129,-5.31546,2.41662,6.3137,-1.39584,-0.74262,-4.59215,-21.32699,1.44216,-0.22844,-2.41346
75.92,0.60965,0.37157,-1.56142,0.63435,0,0.19605,1.46198,-1.33369,-1.24022,-0.25944,0.31221,-0.4014,0.06285,0.1528,-0.79132,0.87802,-0.50318,1e-05,8e-05,-0.2726,0.32795,1.05774,-0.1838,-1.51268,1.05271,-0.28732,9.37128,-2.06137,-1.1971,-15.2351,-4.8813,2.33644,6.01417,-1.35138,-0.86107,-5.02511,-21.43499,2.30242,0.0939,-2.63921
75.94,0.48631,0.52986,-1.43843,1.36789,0,0.28486,1.283,-1.13107,-1.12774,-0.3624,0.28729,-0.50554,0.05194,0.21359,-0.91744,0.95901,-0.43751,1e-05,8e-05,-0.07591,0.46277,0.80949,-0.15625,-0.97524,1.20754,-0.18577,9.83657,-1.98287,-1.23557,-14.60288,-4.02283,2.15471,5.44022,-1.50835,-0.90734,-5.36729,-20.46921,3.02567,0.35159,-2.84893
75.96,0.33584,0.66509,-1.2863,2.10491,0,0.30881,1.05734,-0.84454,-0.99115,-0.43238,0.26579,-0.56068,-0.00185,0.25103,-1.05768,1.02093,-0.33512,1e-05,8e-05,0.12861,0.55628,0.50471,-0.11847,-0.40325,1.30453,-0.09959,10.09993,-1.78196,-1.25784,-13.38183,-2.73085,1.87448,4.59997,-1.83505,-0.86636,-5.58292,-18.56237,3.57926,0.52879,-3.04307
75.98,0.16433,0.77174,-1.10777,2.82575,0,0.26342,0.79035,-0.48217,-0.84217,-0.4575,0.25258,-0.55832,-0.09646,0.25375,-1.19886,1.06296,-0.19855,1e-05,7e-05,0.32026,0.59866,0.15897,-0.07574,0.16335,1.35204,-0.03795,10.12255,-1.4657,-1.27687,-11.544,-1.03975,1.50601,3.52017,-2.28503,-0.73109,-5.65303,-15.90226,3.94541,0.61351,-3.22206
76,-0.02036,0.84582,-0.90765,3.51225,0,0.15183,0.49087,-0.06003,-0.69357,-0.43119,0.25278,-0.49408,-0.22356,0.21111,-1.32521,1.08605,-0.03454,0,5e-05,0.47875,0.58334,-0.20968,-0.03326,0.68983,1.36024,-0.0062,9.87553,-1.05228,-1.29953,-9.09295,0.96743,1.06628,2.24549,-2.80167,-0.50376,-5.5805,-12.7159,4.11998,0.5983,-3.38373
76.02,-0.20903,0.88512,-0.69252,4.14844,0,-0.01522,0.17104,0.39865,-0.5582,-0.35317,0.27092,-0.36847,-0.36897,0.1147,-1.41971,1.09277,0.14605,0,3e-05,0.58673,0.50779,-0.58277,0.00468,1.15005,1.33902,-0.00553,9.34322,-0.56996,-1.32395,-6.0685,3.16041,0.57752,0.83595,-3.32327,-0.19579,-5.39001,-9.25138,4.11077,0.48061,-3.52196
76.04,-0.39177,0.88922,-0.47029,4.72052,0,-0.22066,-0.15475,0.86562,-0.44757,-0.22914,0.30998,-0.18731,-0.51445,-0.03982,-1.46594,1.08647,0.32926,0,1e-05,0.63176,0.37425,-0.94281,0.03504,1.52754,1.29655,-0.03314,8.52547,-0.05467,-1.33812,-2.54859,5.37085,0.06516,-0.63733,-3.78866,0.17371,-5.12231,-5.75799,3.93554,0.26281,-3.62742
76.06,-0.55892,0.85938,-0.24945,5.21648,0,-0.44327,-0.47135,1.31078,-0.37006,-0.06968,0.37024,0.03818,-0.64033,-0.25084,-1.4501,1.06997,0.49962,-0,-2e-05,0.60768,0.19019,-1.27414,0.05614,1.81473,1.23878,-0.08317,7.43896,0.45375,-1.32001,1.35188,7.40847,-0.44485,-2.0977,-4.14276,0.58067,-4.8243,-2.46588,3.61987,-0.04797,-3.68994
76.08,-0.702,0.79835,-0.03824,5.62568,0,-0.66047,-0.76454,1.70577,-0.32932,0.11153,0.44841,0.29178,-0.72862,-0.50934,-1.36309,1.04433,0.64222,-0,-4e-05,0.5154,-0.03147,-1.56318,0.06759,2.0109,1.16963,-0.14785,6.11749,0.91575,-1.23919,5.48485,9.08149,-0.92852,-3.46916,-4.34175,0.99931,-4.53773,0.4321,3.19518,-0.44036,-3.70172
76.1,-0.81455,0.71011,0.15598,5.93876,0,-0.85096,-1.0226,2.02723,-0.32327,0.29956,0.53729,0.55322,-0.76573,-0.79836,-1.20206,1.00805,0.74463,-0,-5e-05,0.36284,-0.27292,-1.79873,0.07002,2.1199,1.09169,-0.21886,4.61113,1.29603,-1.06005,9.6752,10.21802,-1.36567,-4.68176,-4.35688,1.40529,-4.28979,2.7939,2.6967,-0.89918,-3.66023
76.12,-0.89256,0.59961,0.32729,6.14802,0,-0.99702,-1.2372,2.2591,-0.34422,0.47983,0.62619,0.79978,-0.74429,-1.094,-0.9712,0.95705,0.79846,-1e-05,-7e-05,0.16412,-0.51283,-1.97212,0.06477,2.14829,1.00698,-0.2885,2.98349,1.56671,-0.74642,13.72925,10.68529,-1.74058,-5.67573,-4.17645,1.77812,-4.08813,4.53502,2.16113,-1.40596,-3.56944
76.14,-0.93453,0.47254,0.47138,6.24819,0,-1.08603,-1.40369,2.39368,-0.38006,0.63923,0.70229,1.00848,-0.66371,-1.36788,-0.68153,0.88555,0.8002,-1e-05,-8e-05,-0.06208,-0.72862,-2.07764,0.05364,2.10417,0.91783,-0.35057,1.3069,1.70929,-0.2674,17.44602,10.40475,-2.04142,-6.40385,-3.80538,2.1025,-3.92148,5.628,1.62399,-1.93945,-3.43902
76.16,-0.94115,0.33499,0.58561,6.23761,0,-1.11129,-1.52082,2.43149,-0.41657,0.76694,0.75269,1.15883,-0.52961,-1.59108,-0.34966,0.78772,0.75157,-1e-05,-8e-05,-0.29476,-0.8994,-2.11302,0.03859,1.99688,0.82739,-0.40098,-0.34414,1.71554,0.3963,20.63086,9.3622,-2.25888,-6.83269,-3.26294,2.36879,-3.76493,6.09616,1.11661,-2.47614,-3.28173
76.18,-0.91471,0.19323,0.66887,6.11971,0,-1.0722,-1.59001,2.38034,-0.4401,0.85482,0.76672,1.23548,-0.35253,-1.73843,0.00398,0.65962,0.65918,-1e-05,-8e-05,-0.51312,-1.00906,-2.07996,0.02161,1.83728,0.74,-0.43798,-1.8999,1.58765,1.24641,23.11039,7.61268,-2.38478,-6.94322,-2.57937,2.57291,-3.58813,6.00361,0.66342,-2.99093,-3.1099
76.2,-0.85863,0.05345,0.72138,5.9041,0,-0.97399,-1.6146,2.25384,-0.44008,0.89767,0.73798,1.23047,-0.14624,-1.79246,0.35713,0.50099,0.53382,-1e-05,-7e-05,-0.69878,-1.04857,-1.98437,0.00452,1.63819,0.66119,-0.46209,-3.30155,1.3377,2.26273,24.74639,5.27876,-2.4114,-6.73124,-1.7922,2.71567,-3.36351,5.44386,0.28001,-3.45761,-2.93212
76.22,-0.7768,-0.07841,0.74441,5.60678,0,-0.82686,-1.59897,2.06957,-0.41084,0.89332,0.66563,1.14433,0.07393,-1.74602,0.68777,0.31622,0.38939,-1e-05,-7e-05,-0.83753,-1.01723,-1.83603,-0.01103,1.41453,0.59721,-0.47561,-4.50538,0.98669,3.40161,25.44612,2.54096,-2.33197,-6.2077,-0.9426,2.80204,-3.07249,4.52827,-0.02772,-3.84936,-2.75082
76.24,-0.67322,-0.19689,0.74,5.24912,0,-0.64471,-1.54782,1.84703,-0.35233,0.84269,0.5546,0.98597,0.29264,-1.60311,0.976,0.1145,0.24135,-1e-05,-6e-05,-0.92034,-0.92221,-1.64742,-0.02361,1.18294,0.55421,-0.48188,-5.48475,0.56302,4.59769,25.16819,-0.37989,-2.14257,-5.39871,-0.07205,2.84004,-2.70799,3.3753,-0.26307,-4.13922,-2.56124
76.26,-0.5516,-0.29724,0.71072,4.85576,0,-0.44356,-1.46564,1.60552,-0.2699,0.7498,0.41498,0.77143,0.49581,-1.37811,1.20569,-0.09108,0.10507,-1e-05,-5e-05,-0.9437,-0.777,-1.43206,-0.03194,0.9607,0.53705,-0.48425,-6.22996,0.10054,5.76884,23.92427,-3.24657,-1.84491,-4.34535,0.78069,2.83981,-2.27385,2.10104,-0.43694,-4.30076,-2.35181
76.28,-0.41524,-0.37564,0.65944,4.45201,0,-0.23988,-1.3564,1.36228,-0.17333,0.6217,0.26057,0.52191,0.67161,-1.09385,1.36581,-0.28502,-0.00584,-1e-05,-4e-05,-0.90956,-0.59902,-1.2027,-0.03489,0.76454,0.54822,-0.48512,-6.74678,-0.36355,6.82348,21.77831,-5.83138,-1.44917,-3.1029,1.58193,2.81261,-1.78189,0.81167,-0.56565,-4.30918,-2.10571
76.3,-0.26701,-0.42941,0.58928,4.06146,0,-0.04906,-1.22348,1.13117,-0.07535,0.46834,0.10728,0.26143,0.81102,-0.77897,1.45132,-0.45106,-0.08093,-1e-05,-3e-05,-0.82485,-0.40726,-0.96972,-0.03145,0.60926,0.58695,-0.48514,-7.05394,-0.79101,7.66898,18.84329,-7.93958,-0.97576,-1.73911,2.30479,2.76991,-1.24814,-0.402,-0.6684,-4.1429,-1.80324
76.32,-0.10951,-0.45716,0.50349,3.70379,0,0.11585,-1.06991,0.92183,0.01004,0.30221,-0.02872,0.01458,0.90806,-0.46502,1.46333,-0.57395,-0.11387,-1e-05,-2e-05,-0.70076,-0.22023,-0.7402,-0.0207,0.50666,0.64899,-0.48272,-7.17967,-1.14499,8.22008,15.27471,-9.42636,-0.455,-0.3307,2.93006,2.72244,-0.68924,-1.46766,-0.76487,-3.78566,-1.42453
76.34,0.05467,-0.45885,0.40546,3.39317,0,0.24502,-0.89855,0.73949,0.06928,0.13764,-0.13267,-0.19572,0.95961,-0.1834,1.4086,-0.64087,-0.10281,-1e-05,-1e-05,-0.55191,-0.05459,-0.51759,-0.00193,0.46466,0.72698,-0.47404,-7.15772,-1.39253,8.4067,11.26035,-10.20589,0.07584,1.04209,3.44638,2.67914,-0.11976,-2.33282,-0.87315,-3.22877,-0.95229
76.36,0.22274,-0.43579,0.29869,3.13719,0,0.33245,-0.7125,0.58526,0.09099,-0.01017,-0.1928,-0.35006,0.96499,0.03754,1.2985,-0.64266,-0.0503,-1e-05,-1e-05,-0.39523,0.07565,-0.30208,0.02528,0.48671,0.81145,-0.45347,-7.02316,-1.50713,8.18099,7.00715,-10.25302,0.5775,2.30256,3.84976,2.64602,0.44958,-2.96447,-1.00803,-2.47342,-0.37433
76.38,0.39136,-0.39056,0.18683,2.93652,0,0.3762,-0.51544,0.4568,0.06731,-0.1263,-0.2015,-0.4342,0.92542,0.17517,1.14768,-0.57475,0.03717,-0,0,-0.24909,0.15959,-0.0914,0.06089,0.57121,0.89231,-0.41437,-6.80869,-1.47111,7.52331,2.72717,-9.59969,1.0145,3.38479,4.14275,2.62537,1.01248,-3.34767,-1.17987,-1.53291,0.31416
76.4,0.55652,-0.32689,0.0737,2.78521,0,0.37845,-0.31189,0.3492,-0.00501,-0.19732,-0.15613,-0.44011,0.84359,0.21453,0.97261,-0.43775,0.14987,0,1e-05,-0.13228,0.18974,0.11825,0.10414,0.71095,0.96041,-0.35023,-6.54187,-1.27758,6.44659,-1.37557,-8.32784,1.36014,4.23957,4.33326,2.61526,1.56684,-3.48321,-1.39389,-0.43398,1.10892
76.42,0.71337,-0.24947,-0.0367,2.6717,0,0.34506,-0.10733,0.25603,-0.12423,-0.21245,-0.05928,-0.36653,0.7232,0.14957,0.79023,-0.23761,0.2757,1e-05,2e-05,-0.06333,0.16233,0.33126,0.15337,0.89249,1.00907,-0.25599,-6.2433,-0.93135,4.99805,-5.11633,-6.55951,1.59953,4.83751,4.4329,2.60957,2.11375,-3.38441,-1.65003,0.7831,1.99567
76.44,0.85637,-0.16355,-0.14024,2.58019,0,0.28489,0.09198,0.17031,-0.28378,-0.1646,0.0817,-0.21884,0.56869,-0.01651,0.6166,0.01462,0.4012,2e-05,4e-05,-0.05978,0.07781,0.55179,0.20567,1.09554,1.03527,-0.12935,-5.92583,-0.44887,3.25753,-8.33902,-4.44507,1.73,5.16904,4.45488,2.5985,2.65601,-3.07331,-1.94317,2.06632,2.95015
76.46,0.97943,-0.07461,-0.23274,2.49254,0,0.20889,0.27941,0.08541,-0.47299,-0.05127,0.25555,-0.00847,0.38504,-0.27179,0.46572,0.30354,0.51261,4e-05,5e-05,-0.13742,-0.05863,0.78322,0.25668,1.29277,1.04059,0.02805,-5.59468,0.14305,1.33253,-10.92371,-2.15016,1.75923,5.24176,4.41181,2.56957,3.19648,-2.57666,-2.26384,3.35533,3.93915
76.48,1.07637,0.0121,-0.31012,2.3902,0,0.12902,0.44854,-0.00412,-0.67827,0.12493,0.44837,0.24823,0.17769,-0.59678,0.34841,0.61041,0.59709,6e-05,6e-05,-0.30952,-0.23671,1.02765,0.30036,1.45024,1.03155,0.20991,-5.2486,0.80912,-0.64935,-12.79241,0.15727,1.70209,5.07642,4.31392,2.50892,3.73653,-1.92267,-2.59896,4.58592,4.92255
76.5,1.14131,0.09194,-0.36862,2.25622,0,0.0571,0.59375,-0.10196,-0.88439,0.35592,0.64503,0.53133,-0.04751,-0.96605,0.27143,0.91454,0.6439,8e-05,8e-05,-0.58573,-0.4412,1.28551,0.3288,1.52923,1.0196,0.40526,-4.88167,1.50809,-2.55024,-13.9122,2.319,1.57708,4.70285,4.16795,2.40269,4.27496,-1.13908,-2.93261,5.69484,5.8559
76.52,1.16916,0.16105,-0.40496,2.07674,0,0.00377,0.71089,-0.20963,-1.07585,0.62851,0.83058,0.8189,-0.28427,-1.35032,0.23676,1.19478,0.64549,0.0001,0.0001,-0.97087,-0.65274,1.55498,0.33229,1.48949,1.02025,0.5995,-4.4856,2.1956,-4.23371,-14.29486,4.19705,1.40332,4.15636,3.97692,2.23828,4.80733,-0.25295,-3.24654,6.62432,6.69349
76.54,1.15607,0.21659,-0.41662,1.84212,0,-0.02243,0.79764,-0.32641,-1.23822,0.92514,0.99154,1.08884,-0.52595,-1.71895,0.24112,1.43133,0.59856,0.00013,0.00011,-1.46354,-0.84963,1.83149,0.29938,1.29424,1.05167,0.77636,-4.05202,2.82744,-5.57804,-13.99265,5.68245,1.19834,3.47529,3.74085,2.00528,5.32595,0.70795,-3.52046,7.32583,7.39175
76.56,1.09972,0.25666,-0.40196,1.54736,0,-0.0159,0.8539,-0.44943,-1.35931,1.22535,1.11708,1.32076,-0.76575,-2.04251,0.27589,1.60749,0.50471,0.00015,0.00012,-2.05476,-1.01024,2.10725,0.21727,0.91629,1.13261,0.92065,-3.57473,3.36284,-6.48993,-13.09137,6.70238,0.97695,2.69936,3.45814,1.69614,5.8204,1.71262,-3.73224,7.76337,7.91269
76.58,0.99972,0.28034,-0.36049,1.19219,0,0.02538,0.88187,-0.57396,-1.43012,1.50754,1.19986,1.49784,-0.99705,-2.29546,0.32739,1.71138,0.3708,0.00017,0.00012,-2.72706,-1.11577,2.37108,0.07241,0.34437,1.28019,1.02102,-3.05167,3.7679,-6.91674,-11.70183,7.22477,0.75088,1.8688,3.1275,1.30676,6.27864,2.72419,-3.85848,7.91613,8.22725
76.6,0.85786,0.28758,-0.29295,0.7808,0,0.09963,0.88592,-0.69394,-1.44546,1.75091,1.23651,1.60823,-1.21385,-2.4582,0.37779,1.73717,0.20856,0.00018,0.00011,-3.45423,-1.15272,2.60882,-0.14873,-0.41156,1.50783,1.07203,-2.48635,4.01824,-6.85463,-9.951,7.25973,0.52885,1.02358,2.74984,0.83711,6.68825,3.69801,-3.87561,7.78021,8.31776
76.62,0.67814,0.27909,-0.20131,0.32106,0,0.20125,0.87205,-0.80236,-1.40402,1.93745,1.2275,1.64593,-1.41125,-2.51845,0.40683,1.68551,0.03342,0.00017,8e-05,-4.20209,-1.11466,2.80425,-0.45861,-1.31726,1.8236,1.07492,-1.88844,4.10084,-6.35,-7.97272,6.85634,0.31692,0.20224,2.32967,0.29172,7.03748,4.58152,-3.76154,7.36896,8.17877
76.64,0.46669,0.25623,-0.08864,-0.17659,0,0.3214,0.84701,-0.89196,-1.30793,2.05367,1.17646,1.61084,-1.58598,-2.47147,0.3941,1.56304,-0.13765,0.00014,3e-05,-4.93056,-1.00289,2.94072,-0.86732,-2.31434,2.22903,1.03668,-1.27308,4.01443,-5.49336,-5.89833,6.09461,0.11871,-0.56011,1.87563,-0.31985,7.3159,5.31627,-3.49801,6.71167,7.81598
76.66,0.23138,0.22089,0.04114,-0.70054,0,0.44884,0.81719,-0.95574,-1.16178,2.09215,1.08901,1.50827,-1.73692,-2.31963,0.32199,1.38118,-0.28872,7e-05,-5e-05,-5.59683,-0.82621,3.00336,-1.38127,-3.3236,2.71867,0.96795,-0.65938,3.76901,-4.40668,-3.84752,5.07402,-0.06444,-1.2344,1.40018,-0.98281,7.51478,5.8423,-3.07328,5.85081,7.24387
76.68,-0.01861,0.17537,0.1836,-1.23943,0,0.57108,0.78756,-0.98772,-0.97173,2.05265,0.97161,1.34792,-1.8655,-2.07138,0.17851,1.15448,-0.40764,-3e-05,-0.00017,-6.15934,-0.59981,2.98149,-2.00176,-4.25111,3.27999,0.88025,-0.06829,3.38446,-3.22721,-1.92068,3.90069,-0.23344,-1.80026,0.91861,-1.67727,7.62744,6.10395,-2.48511,4.83864,6.48305
76.7,-0.27338,0.12229,0.33408,-1.78322,0,0.67565,0.76083,-0.98351,-0.74459,1.94258,0.8305,1.14271,-1.97573,-1.73999,-0.04035,0.89887,-0.48798,-0.00019,-0.00032,-6.58193,-0.34371,2.87077,-2.72371,-4.99661,3.89377,0.78344,0.47955,2.88879,-2.09062,-0.19374,2.67571,-0.3912,-2.24791,0.4477,-2.37871,7.64953,6.05629,-1.74309,3.73352,5.55823
76.72,-0.52277,0.06449,0.4879,-2.32374,0,0.75128,0.73716,-0.94093,-0.48733,1.77648,0.67115,0.9074,-2.07382,-1.34223,-0.32939,0.63007,-0.52974,-0.0004,-0.00052,-6.83733,-0.08066,2.67471,-3.53465,-5.46334,4.53458,0.68403,0.96572,2.31576,-1.11587,1.28376,1.48627,-0.54226,-2.57844,0.004,-3.05912,7.57915,5.6709,-0.86998,2.59595,4.49714
76.74,-0.75704,0.00493,0.64052,-2.85455,0,0.78902,0.71434,-0.86034,-0.20686,1.57448,0.49815,0.65706,-2.16712,-0.89688,-0.67435,0.3622,-0.53864,-0.00067,-0.00076,-6.90974,0.1662,2.40496,-4.41414,-5.56882,5.1716,0.58462,1.37547,1.70204,-0.39327,2.48745,0.40023,-0.69213,-2.80242,-0.398,-3.6887,7.41652,4.94025,0.09868,1.4844,3.33052
76.76,-0.96736,-0.05348,0.78762,-3.37046,0,0.78313,0.68854,-0.74485,0.0898,1.35983,0.31534,0.4056,-2.26278,-0.42327,-1.05334,0.10674,-0.52415,-0.00101,-0.00103,-6.7962,0.37581,2.08061,-5.33383,-5.25571,5.76963,0.48435,1.69881,1.08405,0.02377,3.41441,-0.53602,-0.84631,-2.93692,-0.74773,-4.23822,7.16355,3.88059,1.11648,0.45116,2.09266
76.78,-1.14651,-0.10797,0.92519,-3.86674,0,0.73176,0.65526,-0.60036,0.39521,1.15608,0.12555,0.16447,-2.36617,0.05997,-1.43922,-0.12814,-0.49702,-0.0014,-0.00132,-6.50695,0.53143,1.72665,-6.25815,-4.50106,6.29051,0.38017,1.93116,0.49498,0.12271,4.07812,-1.29708,-1.00927,-3.00197,-1.04013,-4.68165,6.82336,2.53313,2.12941,-0.46144,0.82219
76.8,-1.28922,-0.15608,1.04961,-4.33835,0,0.63722,0.61041,-0.43529,0.70117,0.9843,-0.06968,-0.05818,-2.47966,0.53592,-1.80251,-0.33772,-0.4669,-0.00183,-0.00161,-6.0645,0.62235,1.37172,-7.14566,-3.32226,6.6948,0.26824,2.0736,-0.03762,-0.06864,4.50302,-1.87609,-1.18343,-3.01712,-1.27651,-4.99863,6.39986,0.96344,3.07977,-1.22378,-0.43772
76.82,-1.39246,-0.19577,1.15777,-4.77909,0,0.50571,0.55121,-0.25997,0.99842,0.86078,-0.26961,-0.25795,-2.60169,0.98997,-2.11438,-0.5205,-0.44068,-0.00228,-0.00186,-5.50093,0.64468,1.04533,-7.95095,-1.77739,6.94349,0.14526,2.13256,-0.49344,-0.4878,4.71939,-2.28126,-1.36815,-2.99859,-1.46448,-5.17621,5.89725,-0.74158,3.91073,-1.82024,-1.64056
76.84,-1.45544,-0.22548,1.24713,-5.18107,0,0.34653,0.47678,-0.08571,1.2767,0.7953,-0.47276,-0.43388,-2.72645,1.41021,-2.34963,-0.67738,-0.42185,-0.00269,-0.00202,-4.85341,0.60116,0.77455,-8.62697,0.04041,6.9999,0.00931,2.11908,-0.86007,-1.04774,4.75917,-2.53163,-1.55904,-2.95754,-1.61672,-5.20962,5.3191,-2.47934,4.57103,-2.2491,-2.73946
76.86,-1.47941,-0.24426,1.31588,-5.5344,0,0.17082,0.38833,0.07642,1.52497,0.79016,-0.67526,-0.5879,-2.84416,1.7875,-2.48935,-0.81065,-0.41072,-0.00301,-0.00203,-4.1587,0.50017,0.5806,-9.12802,2.01384,6.83176,-0.13973,2.04754,-1.13281,-1.65052,4.65277,-2.65279,-1.74753,-2.89945,-1.74903,-5.10215,4.66748,-4.13941,5.01968,-2.52111,-3.69157
76.88,-1.46733,-0.2518,1.36307,-5.82746,0,-0.00983,0.28921,0.21682,1.73201,0.84004,-0.87048,-0.72384,-2.94189,2.11548,-2.52302,-0.92293,-0.4053,-0.00315,-0.00183,-3.44773,0.35422,0.47574,-9.41311,4.01479,6.41392,-0.30011,1.93436,-1.314,-2.20156,4.42735,-2.67305,-1.9209,-2.82459,-1.87791,-4.8646,3.94247,-5.61247,5.23025,-2.65722,-4.46305
76.9,-1.4236,-0.24842,1.38877,-6.04756,0,-0.18472,0.18451,0.3284,1.88714,0.93252,-1.0502,-0.84642,-3.00489,2.39033,-2.44992,-1.0162,-0.40237,-0.003,-0.00132,-2.74156,0.17836,0.46127,-9.44932,5.9175,5.7314,-0.46832,1.79659,-1.41181,-2.62233,4.10625,-2.62024,-2.06279,-2.72936,-2.01821,-4.51423,3.14237,-6.79893,5.19379,-2.68571,-5.03321
76.92,-1.3536,-0.23513,1.39409,-6.18194,0,-0.34491,0.08057,0.40711,1.98097,1.0495,-1.20612,-0.96021,-3.01814,2.61041,-2.2792,-1.09131,-0.3983,-0.00246,-0.00042,-2.04973,-0.01131,0.52687,-9.21442,7.60904,4.78246,-0.63929,1.65046,-1.43875,-2.85888,3.70938,-2.51934,-2.1543,-2.60828,-2.18128,-4.07328,2.26471,-7.61607,4.91975,-2.639,-5.39656
76.94,-1.26323,-0.21345,1.38101,-6.21895,0,-0.48381,-0.0158,0.45193,2.00614,1.16941,-1.33087,-1.06875,-2.96806,2.77567,-2.02862,-1.14775,-0.38964,-0.00137,0.00097,-1.37105,-0.19899,0.65183,-8.69844,8.99629,3.58126,-0.80657,1.51005,-1.40988,-2.8855,3.2542,-2.39094,-2.17564,-2.45618,-2.37363,-3.567,1.30796,-8.00315,4.4344,-2.55005,-5.56224
76.96,-1.15841,-0.18533,1.35214,-6.14934,0,-0.59727,-0.09816,0.46451,1.95802,1.26981,-1.41845,-1.17386,-2.84418,2.88705,-1.72221,-1.18391,-0.37327,0.00042,0.00294,-0.69654,-0.37015,0.80755,-7.90434,10.00968,2.15969,-0.96259,1.38612,-1.34105,-2.70379,2.75702,-2.25041,-2.10834,-2.27037,-2.59634,-3.02139,0.27359,-7.92469,3.77725,-2.4489,-5.55135
76.98,-1.04466,-0.15298,1.31049,-5.96774,0,-0.68347,-0.16137,0.44839,1.83535,1.33029,-1.46473,-1.27529,-2.64075,2.94593,-1.38721,-1.19759,-0.34631,0.00304,0.00555,-0.01371,-0.51233,0.96109,-6.84826,10.60474,0.56806,-1.09898,1.28528,-1.24726,-2.33851,2.23426,-2.10779,-1.93778,-2.05241,-2.84503,-2.46105,-0.83157,-7.37229,2.99653,-2.35964,-5.39283
77,-0.92676,-0.11871,1.25914,-5.67408,0,-0.74254,-0.20231,0.40825,1.64081,1.33499,-1.46767,-1.3707,-2.35787,2.95374,-1.05097,-1.18665,-0.30612,0.00661,0.00882,0.68895,-0.61576,1.07888,-5.55941,10.7621,-1.12596,-1.20714,1.20977,-1.14145,-1.83176,1.70328,-1.96818,-1.65591,-1.80893,-3.11032,-1.90738,-1.99339,-6.36503,2.14432,-2.29809,-5.11907
77.02,-0.80855,-0.08477,1.2011,-5.27443,0,-0.7762,-0.22036,0.34919,1.38121,1.27441,-1.42737,-1.45601,-2.00198,2.91174,-0.738,-1.14956,-0.25026,0.01122,0.01272,1.41821,-0.67373,1.13014,-4.0793,10.48638,-2.8409,-1.27891,1.15798,-1.0338,-1.23639,1.18235,-1.83255,-1.26357,-1.5511,-3.37852,-1.37747,-3.18923,-4.94809,1.27219,-2.27064,-4.76162
77.04,-0.69285,-0.05323,1.139,-4.781,0,-0.78724,-0.21757,0.27606,1.06734,1.14627,-1.34583,-1.52604,-1.58539,2.8208,-0.46739,-1.08584,-0.17674,0.01687,0.01714,2.17366,-0.68287,1.08965,-2.46003,9.8041,-4.48789,-1.30756,1.1256,-0.93149,-0.60951,0.68948,-1.69871,-0.7722,-1.29263,-3.63262,-0.88334,-4.38785,-3.18938,0.42741,-2.27426,-4.34756
77.06,-0.58141,-0.0258,1.075,-4.21158,0,-0.77909,-0.19848,0.1931,0.71342,0.95547,-1.22649,-1.57544,-1.12509,2.68137,-0.25087,-0.99623,-0.08447,0.02343,0.02182,2.9467,-0.64327,0.93991,-0.76173,8.76099,-5.97923,-1.28869,1.10727,-0.83902,-0.00653,0.24049,-1.56242,-0.20461,-1.04671,-3.85329,-0.43188,-5.55074,-1.17471,-0.35015,-2.2976,-3.89684
77.08,-0.47502,-0.0038,1.01065,-3.58854,0,-0.75536,-0.16978,0.10356,0.33625,0.71343,-1.07379,-1.59964,-0.64115,2.49354,-0.09148,-0.88285,0.02634,0.03065,0.02641,3.72083,-0.55854,0.67248,0.95051,7.419,-7.23779,-1.22125,1.0984,-0.75871,0.52386,-0.15332,-1.41849,0.40548,-0.82267,-4.02024,-0.02523,-6.6344,0.99777,-1.03016,-2.32311,-3.42113
77.1,-0.37362,0.01198,0.94691,-2.93768,0,-0.71943,-0.13973,0.00951,-0.04578,0.43694,-0.89267,-1.59572,-0.15509,2.25732,0.01673,-0.7492,0.1537,0.03806,0.03035,4.47284,-0.43574,0.28881,2.60996,5.85268,-8.20525,-1.10799,1.0968,-0.69156,0.94317,-0.48717,-1.26192,1.01538,-0.62348,-4.11353,0.33831,-7.59348,3.22291,-1.59292,-2.3299,-2.92438
77.12,-0.27658,0.02134,0.88418,-2.28693,0,-0.67406,-0.11758,-0.08822,-0.41381,0.14668,-0.68829,-1.56283,0.31161,1.97287,0.08797,-0.60012,0.29365,0.04496,0.03292,5.17441,-0.28508,-0.19987,4.15156,4.14445,-8.84736,-0.9554,1.10357,-0.63793,1.22507,-0.76379,-1.08871,1.57732,-0.44464,-4.1148,0.6629,-8.38412,5.39354,-2.02939,-2.29712,-2.40509
77.14,-0.1829,0.02463,0.82244,-1.66479,0,-0.62099,-0.11274,-0.19013,-0.74988,-0.13459,-0.46574,-1.50219,0.73873,1.64073,0.14287,-0.44159,0.4403,0.05035,0.03319,5.79417,-0.11934,-0.77328,5.51549,2.37829,-9.15549,-0.77281,1.12326,-0.59829,1.35569,-0.99333,-0.89645,2.04396,-0.27495,-4.00833,0.95346,-8.96737,7.40508,-2.34005,-2.20744,-1.86002
77.16,-0.09143,0.02277,0.76132,-1.09863,0,-0.56062,-0.13405,-0.29796,-1.03822,-0.38406,-0.22998,-1.41659,1.10841,1.26193,0.20569,-0.28055,0.58624,0.05296,0.03003,6.30007,0.047,-1.4037,6.65083,0.63251,-9.14484,-0.57096,1.16315,-0.57359,1.33275,-1.1921,-0.68463,2.37514,-0.09873,-3.78201,1.21396,-9.31254,9.16001,-2.53313,-2.05034,-1.28862
77.18,-0.00116,0.01712,0.70027,-0.61304,0,-0.49192,-0.18885,-0.41441,-1.26654,-0.58101,0.01414,-1.3098,1.40609,0.83837,0.30114,-0.12449,0.72312,0.05117,0.02217,6.66209,0.19886,-2.05799,7.51913,-1.02703,-8.85049,-0.36041,1.23209,-0.56555,1.16401,-1.38057,-0.45461,2.54442,0.10093,-3.4283,1.44595,-9.4003,10.57238,-2.62237,-1.82477,-0.69723
77.2,0.08855,0.00944,0.63873,-0.2285,0,-0.41262,-0.28218,-0.54266,-1.42687,-0.70878,0.26165,-1.18584,1.62129,0.3733,0.45099,0.01878,0.84235,0.04312,0.00822,6.85514,0.32182,-2.6998,8.09709,-2.55172,-8.32206,-0.15015,1.33887,-0.57654,0.86555,-1.58093,-0.20947,2.54369,0.33886,-2.94525,1.64768,-9.22499,11.57199,-2.6249,-1.54033,-0.10178
77.22,0.17771,0.00165,0.57624,0.0396,0,-0.31983,-0.41599,-0.6855,-1.51583,-0.75661,0.50709,-1.04848,1.74826,-0.12797,0.67114,0.14156,0.93599,0.02671,-0.01319,6.86167,0.40345,-3.29197,8.37785,-3.91182,-7.61754,0.05317,1.49059,-0.60914,0.46013,-1.81442,0.04645,2.38471,0.62506,-2.33734,1.8142,-8.79517,12.10782,-2.55916,-1.21664,0.47202
77.24,0.26554,-0.00433,0.51258,0.18144,0,-0.211,-0.58853,-0.84418,-1.53421,-0.72101,0.74418,-0.90073,1.78654,-0.65732,0.96923,0.2367,0.99751,-0.00024,-0.04329,6.6738,0.43471,-3.79886,8.37041,-5.09454,-6.79667,0.24536,1.69096,-0.66547,-0.02427,-2.09875,0.30816,2.09665,0.96293,-1.61587,1.93818,-8.13231,12.15058,-2.44306,-0.88039,0.99138
77.26,0.3503,-0.00688,0.44774,0.1931,0,-0.08503,-0.79386,-1.01716,-1.48608,-0.60675,0.96541,-0.74469,1.74134,-1.20308,1.34285,0.29805,1.02279,-0.03981,-0.08293,6.29498,0.41124,-4.18868,8.09778,-6.09973,-5.91448,0.42418,1.93887,-0.74625,-0.55562,-2.44581,0.57078,1.72056,1.34846,-0.79908,2.0117,-7.26796,11.69454,-2.29252,-0.56093,1.42162
77.28,0.42923,-0.00485,0.38197,0.07665,0,0.05654,-1.02168,-1.19906,-1.37776,-0.42724,1.1619,-0.58157,1.62378,-1.74968,1.77867,0.32109,1.0112,-0.09372,-0.13241,5.74121,0.33441,-4.43571,7.59443,-6.93427,-5.01608,0.58859,2.22729,-0.84994,-1.09901,-2.85981,0.83022,1.30223,1.77023,0.08814,2.02825,-6.24042,10.75892,-2.12055,-0.28515,1.73231
77.3,0.49865,0.00226,0.31575,-0.15992,0,0.20891,-1.25754,-1.38015,-1.21692,-0.20419,1.32353,-0.41195,1.45088,-2.27769,2.25232,0.30346,0.96682,-0.16303,-0.1911,5.04129,0.2118,-4.52194,6.90361,-7.60689,-4.13349,0.73792,2.54279,-0.97226,-1.61761,-3.33623,1.08352,0.88508,2.20996,1.01483,1.98471,-5.09175,9.38849,-1.93685,-0.07312,1.90295
77.32,0.55408,0.01422,0.24975,-0.50275,0,0.36388,-1.48347,-1.54655,-1.01188,0.03378,1.43942,-0.23625,1.245,-2.7646,2.72923,0.24556,0.89973,-0.24765,-0.25714,4.23585,0.05697,-4.43797,6.0746,-8.12446,-3.28488,0.87136,2.86564,-1.10616,-2.07394,-3.86168,1.32869,0.50459,2.64321,1.94501,1.88259,-3.86542,7.65234,-1.7479,0.06466,1.92656
77.34,0.59058,0.03016,0.18477,-0.9324,0,0.51065,-1.67909,-1.68139,-0.77146,0.25359,1.49879,-0.05535,1.03265,-3.18629,3.16656,0.15097,0.82696,-0.34595,-0.32712,3.37457,-0.11171,-4.18286,5.15979,-8.4903,-2.47616,0.98775,3.17075,-1.24245,-2.43138,-4.41458,1.56412,0.18486,3.04048,2.83945,1.72833,-2.60464,5.64034,-1.55752,0.12794,1.81063
77.36,0.60316,0.04876,0.12162,-1.4243,0,0.63714,-1.82331,-1.76677,-0.50493,0.421,1.49215,0.1288,0.84275,-3.51925,3.51601,0.02679,0.77284,-0.45422,-0.39573,2.5122,-0.27296,-3.76313,4.21184,-8.70457,-1.70452,1.0858,3.42928,-1.37086,-2.65613,-4.96691,1.78761,-0.06248,3.36863,3.65798,1.53272,-1.35128,3.45745,-1.36767,0.12554,1.57552
77.38,0.58731,0.06838,0.061,-1.9495,0,0.73189,-1.89622,-1.78611,-0.22225,0.50434,1.41269,0.31266,0.70446,-3.74302,3.72749,-0.11614,0.76818,-0.56616,-0.45551,1.70383,-0.40483,-3.19158,3.2814,-8.76638,-0.96309,1.16452,3.61078,-1.48156,-2.71955,-5.48647,1.9955,-0.23765,3.59284,4.36236,1.30978,-0.14527,1.21681,-1.17939,0.07284,1.25117
77.4,0.53954,0.08738,0.00342,-2.47563,0,0.78573,-1.88107,-1.72655,0.06574,0.47805,1.2575,0.49079,0.64499,-3.84245,3.75304,-0.26329,0.84758,-0.67242,-0.49668,1.00049,-0.48703,-2.48595,2.41541,-8.6766,-0.24572,1.22365,3.68567,-1.56656,-2.6007,-5.93951,2.18202,-0.35057,3.6794,4.9192,1.07523,0.97566,-0.96754,-0.99363,-0.01117,0.87313
77.42,0.45789,0.10423,-0.05084,-2.96842,0,0.79319,-1.76604,-1.58082,0.34743,0.32547,1.02852,0.65588,0.68734,-3.80915,3.55075,-0.39683,1.04448,-0.76028,-0.50718,0.44537,-0.50282,-1.66774,1.65599,-8.44022,0.44893,1.26387,3.62759,-1.62087,-2.28863,-6.29306,2.33928,-0.41792,3.59904,5.30255,0.84492,1.97629,-2.98808,-0.81176,-0.1067,0.47846
77.44,0.34227,0.11763,-0.10184,-3.39354,0,0.75334,-1.54557,-1.34839,0.61082,0.04066,0.7328,0.79928,0.84831,-3.64188,3.08848,-0.49634,1.38407,-0.81352,-0.47294,0.07107,-0.44039,-0.76103,1.03988,-8.06767,1.11468,1.28662,3.41549,-1.64314,-1.78435,-6.51701,2.4578,-0.45961,3.33091,5.496,0.63325,2.8247,-4.75102,-0.63568,-0.19546,0.10206
77.46,0.19468,0.12652,-0.14993,-3.71902,0,0.6699,-1.22122,-1.0358,0.84441,-0.37085,0.38219,0.91181,1.13673,-3.34587,2.34716,-0.53998,1.87487,-0.81257,-0.37849,-0.10223,-0.29368,0.20858,0.59782,-7.57484,1.73685,1.29376,3.03548,-1.63576,-1.10207,-6.58578,2.52771,-0.4952,2.86665,5.49415,0.45176,3.4935,-6.18303,-0.4675,-0.26244,-0.22639
77.48,0.01935,0.13018,-0.19576,-3.91795,0,0.55097,-0.80207,-0.65637,1.03829,-0.89234,-0.0074,0.9849,1.5523,-2.93159,1.32381,-0.50595,2.50089,-0.73509,-0.20789,-0.06769,-0.06267,1.21468,0.354,-6.98233,2.29274,1.28691,2.48243,-1.60449,-0.26968,-6.47988,2.54012,-0.54068,2.21397,5.30359,0.3081,3.96162,-7.23685,-0.30914,-0.29687,-0.4847
77.5,-0.1774,0.12811,-0.24031,-3.97113,0,0.40817,-0.3046,-0.22928,1.18527,-1.49701,-0.41728,1.01184,2.08499,-2.41293,0.03396,-0.37418,3.21629,-0.55695,0.05388,0.16829,0.24695,2.23045,0.32523,-6.31387,2.75367,1.26695,1.76115,-1.55759,0.67189,-6.18725,2.48856,-0.60608,1.3988,4.94284,0.20545,4.21635,-7.89456,-0.16192,-0.29286,-0.6595
77.52,-0.38738,0.1201,-0.28481,-3.86925,0,0.25546,0.24822,0.22186,1.28184,-2.15011,-0.82752,0.98881,2.71544,-1.80519,-1.48701,-0.12804,3.9445,-0.25386,0.41915,0.5872,0.62451,3.22866,0.51973,-5.59389,3.08814,1.23352,0.88701,-1.50447,1.67085,-5.704,2.36974,-0.69428,0.46495,4.441,0.14273,4.25509,-8.16731,-0.02638,-0.2493,-0.74655
77.54,-0.60107,0.10622,-0.33067,-3.61428,0,0.10751,0.82853,0.67107,1.32879,-2.81195,-1.21887,0.91573,3.41642,-1.12278,-3.18405,0.24383,4.58279,0.19661,0.89542,1.16045,1.05563,4.18137,0.93548,-4.8442,3.26612,1.18472,-0.1144,-1.4538,2.66852,-5.03449,2.18379,-0.80112,-0.52923,3.83489,0.11543,4.08664,-8.0914,0.09762,-0.16954,-0.75
77.56,-0.80837,0.08682,-0.37943,-3.21994,0,-0.02206,1.40589,1.09241,1.33148,-3.44144,-1.57471,0.79669,4.15508,-0.37711,-4.98423,0.74569,5.01187,0.81241,1.48301,1.85222,1.52381,5.05975,1.55834,-4.08023,3.26395,1.11697,-1.20843,-1.41155,3.60451,-4.19086,1.93381,-0.9166,-1.51656,3.16505,0.11694,3.7319,-7.72151,0.21057,-0.06052,-0.68093
77.58,-0.99936,0.06256,-0.43264,-2.71142,0,-0.12238,1.94984,1.46244,1.29958,-3.99997,-1.88274,0.64006,4.89597,0.42476,-6.80009,1.37277,5.10933,1.60405,2.17266,2.62249,2.01185,5.83406,2.36018,-3.30739,3.06917,1.02516,-2.3531,-1.37922,4.4225,-3.19233,1.6253,-1.02688,-2.42826,2.4715,0.1401,3.22372,-7.12276,0.31287,0.06811,-0.55534
77.6,-1.16513,0.03441,-0.49178,-2.12405,0,-0.18677,2.43233,1.7623,1.24631,-4.45472,-2.13598,0.45816,5.60394,1.28015,-8.53432,2.10946,4.76478,2.5716,2.94343,3.42991,2.5029,6.47399,3.29751,-2.51855,2.6846,0.9029,-3.5013,-1.35264,5.07531,-2.06438,1.26556,-1.11657,-3.20095,1.7902,0.17863,2.60567,-6.36336,0.40446,0.20517,-0.39197
77.62,-1.29833,0.00365,-0.5581,-1.50074,0,-0.2134,2.82959,1.97923,1.18701,-4.78093,-2.33256,0.26627,6.24681,2.1892,-10.08571,2.92757,3.89474,3.70188,3.76124,4.23399,2.98069,6.94925,4.31112,-1.69284,2.13034,0.74307,-4.60326,-1.32194,5.52833,-0.83787,0.86346,-1.17089,-3.78258,1.15061,0.22819,1.92923,-5.50859,0.48457,0.33908,-0.21022
77.64,-1.39354,-0.02824,-0.63249,-0.88802,0,-0.20532,3.12334,2.10707,1.13701,-4.96291,-2.47437,0.08115,6.79724,3.15162,-11.35615,3.78527,2.45585,4.96638,4.57855,4.99664,3.42898,7.23048,5.32731,-0.79637,1.44356,0.53841,-5.6093,-1.27251,5.76087,0.45235,0.4294,-1.17748,-4.13641,0.57461,0.28687,1.24924,-4.61666,0.5517,0.45905,-0.02807
77.66,-1.44748,-0.05964,-0.71531,-0.3312,0,-0.16986,3.30145,2.14619,1.10916,-4.99395,-2.56489,-0.08092,7.23413,4.16255,-12.25849,4.627,0.45494,6.32045,5.33559,5.68312,3.83062,7.29066,6.261,0.21533,0.67569,0.28216,-6.47292,-1.18699,5.76592,1.76899,-0.02458,-1.12779,-4.24324,0.07658,0.35513,0.61819,-3.73646,0.6039,0.5562,0.13966
77.68,-1.45905,-0.08897,-0.80626,0.13069,0,-0.1175,3.35814,2.10284,1.1115,-4.8756,-2.60691,-0.20614,7.54332,5.20845,-12.7245,5.38502,-2.04496,7.70433,5.96372,6.26263,4.16666,7.10696,7.02086,1.39276,-0.11215,-0.03112,-7.15385,-1.0478,5.54885,3.07399,-0.48459,-1.01804,-4.10208,-0.33556,0.43533,0.08027,-2.90694,0.63916,0.62454,0.28259
77.7,-1.42927,-0.11479,-0.90426,0.46919,0,-0.06049,3.29395,1.98818,1.14555,-4.61664,-2.60092,-0.28494,7.71774,6.26402,-12.7114,5.983,-4.92458,9.04647,6.39097,6.70858,4.41611,6.66291,7.51642,2.78617,-0.85527,-0.40483,-7.6208,-0.83988,5.12578,4.32983,-0.93489,-0.84966,-3.72939,-0.65896,0.53095,-0.33348,-2.15762,0.65584,0.66152,0.3955
77.72,-1.36108,-0.13592,-1.0074,0.66912,0,-0.01147,3.11522,1.81705,1.2058,-4.23165,-2.54451,-0.31299,7.75638,7.29128,-12.2055,6.34196,-8.01577,10.26942,6.54992,6.9985,4.55658,5.95023,7.66665,4.43738,-1.49248,-0.83954,-7.8532,-0.55295,4.52191,5.50047,-1.3584,-0.62916,-3.1568,-0.89432,0.6456,-0.60806,-1.50972,0.6531,0.6682,0.47827
77.74,-1.25901,-0.15153,-1.11291,0.72944,0,0.018,2.83319,1.60641,1.28041,-3.73944,-2.43328,-0.29155,7.6623,8.24097,-11.22202,6.38863,-11.11691,11.29809,6.38742,7.11366,4.56596,4.97014,7.4097,6.37009,-1.97359,-1.33237,-7.8417,-0.18316,3.76974,6.55179,-1.73764,-0.36744,-2.42749,-1.0445,0.78194,-0.74486,-0.97737,0.63118,0.64874,0.535
77.76,-1.12875,-0.1612,-1.21722,0.66246,0,0.01875,2.4629,1.37379,1.35308,-3.16129,-2.26277,-0.22694,7.44009,9.05648,-9.80186,6.06537,-14.01454,12.06959,5.87475,7.03873,4.42497,3.73408,6.71274,8.57953,-2.26657,-1.87625,-7.58781,0.26602,2.90739,7.45196,-2.05619,-0.07858,-1.59165,-1.11351,0.94065,-0.7598,-0.56869,0.59146,0.60952,0.57261
77.78,-0.9767,-0.1649,-1.31609,0.49172,0,-0.01501,2.02204,1.13579,1.40552,-2.51954,-2.03131,-0.12961,7.09346,9.67948,-8.00663,5.3404,-16.5076,12.54274,5.01644,6.76191,4.12014,2.26417,5.58056,11.02215,-2.36279,-2.45916,-7.10319,0.78355,1.97709,8.17199,-2.30045,0.22152,-0.70185,-1.10588,1.11954,-0.67997,-0.28657,0.53655,0.55807,0.59912
77.8,-0.80963,-0.16306,-1.40482,0.24916,0,-0.08495,1.52996,0.90691,1.42016,-1.83646,-1.74275,-0.01291,6.62385,10.05612,-5.91293,4.21627,-18.42947,12.70484,3.8547,6.27575,3.64657,0.59323,4.06068,13.60676,-2.27886,-3.06298,-6.40879,1.35134,1.02361,8.68632,-2.46109,0.51651,0.19093,-1.02651,1.31309,-0.53939,-0.1293,0.47013,0.50186,0.62203
77.82,-0.63444,-0.15643,-1.47848,-0.02817,0,-0.18849,1.0068,0.69883,1.38239,-1.13347,-1.40811,0.10835,6.03013,10.14262,-3.60644,2.73429,-19.66358,12.57313,2.46722,5.57836,3.0094,-1.23567,2.24273,16.18862,-2.05359,-3.66218,-5.53372,1.94519,0.09247,8.97368,-2.53404,0.79075,1.04002,-0.88068,1.51232,-0.37446,-0.09102,0.39677,0.4474,0.64704
77.84,-0.45787,-0.14605,-1.53214,-0.30162,0,-0.31911,0.47263,0.51994,1.2821,-0.4306,-1.04346,0.21926,5.3095,9.90946,-1.17595,0.97371,-20.15065,12.19019,0.95734,4.67496,2.22391,-3.17057,0.25121,18.56826,-1.73971,-4.22245,-4.51378,2.53654,-0.77251,9.01775,-2.5206,1.03027,1.80478,-0.67439,1.7052,-0.21967,-0.16198,0.32148,0.39951,0.67729
77.86,-0.28634,-0.13307,-1.56112,-0.53455,0,-0.46719,-0.05322,0.37533,1.11457,0.25384,-0.6643,0.30618,4.45964,9.3443,1.29227,-0.95429,-19.88852,11.6146,-0.56166,3.57962,1.31416,-5.15274,-1.76773,20.49737,-1.39194,-4.70015,-3.3897,3.09465,-1.53209,8.80823,-2.427,1.22342,2.45122,-0.4148,1.87752,-0.10355,-0.32877,0.24932,0.36085,0.71312
77.88,-0.12576,-0.11865,-1.56136,-0.69555,0,-0.62111,-0.55291,0.26692,0.88082,0.90339,-0.28066,0.35796,3.48188,8.45388,3.71888,-2.91705,-18.92714,10.9099,-1.98429,2.31705,0.31085,-7.1192,-3.66271,21.69364,-1.05405,-5.04342,-2.20532,3.58909,-2.1546,8.3423,-2.26341,1.36146,2.9524,-0.11079,2.0141,-0.04546,-0.57443,0.18482,0.33187,0.75229
77.9,0.01853,-0.10381,-1.52973,-0.7613,0,-0.76832,-1.01046,0.19376,0.58744,1.50324,0.1033,0.36696,2.38497,7.26485,6.03393,-4.77391,-17.36071,10.13491,-3.22825,0.92406,-0.75098,-9.00515,-5.29402,21.86627,-0.74822,-5.1958,-1.00594,3.99214,-2.6186,7.62649,-2.04294,1.43898,3.28868,0.22651,2.10011,-0.05336,-0.87867,0.13144,0.31092,0.79063
77.92,0.14195,-0.08937,-1.46431,-0.71852,0,-0.89647,-1.41209,0.15246,0.24602,2.03981,0.48622,0.32966,1.18871,5.82308,8.17702,-6.39184,-15.31779,9.33732,-4.24373,-0.54984,-1.83393,-10.74586,-6.5483,20.75213,-0.46933,-5.10293,0.16345,4.28075,-2.91448,6.67821,-1.78038,1.45408,3.44829,0.58342,2.12229,-0.12287,-1.21812,0.09119,0.29468,0.82293
77.94,0.24071,-0.07588,-1.36459,-0.56501,0,-0.99423,-1.74627,0.13751,-0.12772,2.50008,0.86572,0.24704,-0.07333,4.19108,10.09536,-7.66209,-12.94964,8.55114,-5.01515,-2.04341,-2.90008,-12.27813,-7.3497,18.1603,-0.18549,-4.72186,1.26016,4.43793,-3.04489,5.52671,-1.49099,1.40835,3.42824,0.94359,2.07004,-0.23778,-1.56691,0.06428,0.27888,0.84406
77.96,0.31201,-0.06361,-1.23157,-0.3098,0,-1.05205,-2.00383,0.14173,-0.51522,2.87114,1.23455,0.12444,-1.35243,2.44392,11.74082,-8.51622,-10.41757,7.7972,-5.55609,-3.48626,-3.91231,-13.54159,-7.66699,14.01962,0.15543,-4.03165,2.24594,4.45355,-3.02407,4.21311,-1.18928,1.30678,3.23537,1.28832,1.93622,-0.37184,-1.89759,0.04892,0.25903,0.85004
77.98,0.35417,-0.05258,-1.06777,0.02759,0,-1.06275,-2.17812,0.15677,-0.89643,3.14009,1.57807,-0.02882,-2.58545,0.66417,13.06734,-8.93886,-7.87979,7.08472,-5.89994,-4.80298,-4.83551,-14.48039,-7.51645,8.41986,0.61495,-3.04289,3.08925,4.32497,-2.87612,2.78967,-0.88812,1.15735,2.8873,1.59734,1.7179,-0.49149,-2.18231,0.04143,0.23126,0.83895
78,0.36672,-0.04258,-0.87729,0.41863,0,-1.02201,-2.26525,0.17364,-1.25118,3.29445,1.87612,-0.20016,-3.69799,-1.06339,14.02989,-8.9738,-5.47842,6.41145,-6.08914,-5.91853,-5.63748,-15.04521,-6.95989,1.63458,1.25077,-1.80277,3.76699,4.05717,-2.63259,1.31792,-0.59812,0.97054,2.41259,1.84979,1.4169,-0.55937,-2.39453,0.03664,0.19295,0.81153
78.02,0.35053,-0.03326,-0.66563,0.82818,0,-0.92871,-2.26431,0.18347,-1.56035,3.32333,2.10907,-0.37484,-4.61051,-2.65712,14.5853,-8.72026,-3.32625,5.7605,-6.16513,-6.76454,-6.28937,-15.19528,-6.0973,-5.88574,2.1032,-0.39317,4.2656,3.66252,-2.32905,-0.13463,-0.32739,0.75851,1.84926,2.02573,1.04017,-0.53815,-2.51069,0.02852,0.14317,0.77106
78.04,0.30766,-0.0242,-0.43951,1.21775,0,-0.78509,-2.17757,0.17834,-1.80697,3.2191,2.26275,-0.53738,-5.24735,-4.0439,14.69557,-8.31853,-1.49413,5.09373,-6.16065,-7.28616,-6.76601,-14.90022,-5.05399,-13.55461,3.18301,1.07939,4.5812,3.15983,-2.00101,-1.49959,-0.08169,0.53389,1.24163,2.10776,0.59962,-0.39473,-2.51229,0.01136,0.08272,0.72267
78.06,0.24134,-0.01497,-0.20638,1.54937,0,-0.5967,-2.01074,0.15224,-1.97717,2.97947,2.32954,-0.67318,-5.5477,-5.1643,14.33307,-7.92732,-0.00016,4.34429,-6.09506,-7.44893,-7.04619,-14.1422,-3.96425,-20.71904,4.46231,2.49976,4.71904,2.57298,-1.6796,-2.71382,0.13519,0.30842,0.63558,2.08288,0.11178,-0.10442,-2.38773,-0.0191,0.0139,0.67205
78.08,0.15568,-0.00524,0.02597,1.78967,0,-0.37224,-1.77302,0.10191,-2.06112,2.60965,2.30742,-0.77024,-5.47655,-5.97722,13.48717,-7.69765,1.19595,3.41313,-5.97278,-7.24481,-7.11333,-12.91869,-2.95443,-26.7433,5.87017,3.76235,4.69255,1.92935,-1.38783,-3.72588,0.32095,0.09155,0.07345,1.94435,-0.40302,0.34507,-2.1342,-0.06443,-0.05987,0.6241
78.1,0.05554,0.00517,0.24989,1.91346,0,-0.12319,-1.47716,0.02742,-2.05379,2.12386,2.19882,-0.82054,-5.03304,-6.46312,12.17036,-7.74895,2.19015,2.17458,-5.78485,-6.69562,-6.95643,-11.24569,-2.12875,-31.08919,7.2949,4.78624,4.52204,1.25828,-1.13823,-4.50099,0.47431,-0.11066,-0.4104,1.69314,-0.9216,0.95041,-1.75882,-0.1228,-0.13448,0.58172
78.12,-0.05382,0.01627,0.45827,1.90642,0,0.13686,-1.13903,-0.06772,-1.95547,1.54572,2.00961,-0.82097,-4.25389,-6.62523,10.42193,-8.15158,3.1199,0.49493,-5.51292,-5.85261,-6.57111,-9.16049,-1.56023,-33.37749,8.59416,5.52336,4.23287,0.58944,-0.9326,-5.02357,0.59465,-0.29612,-0.79253,1.3386,-1.41922,1.69059,-1.27883,-0.18875,-0.20553,0.54508
78.14,-0.16696,0.02781,0.6449,1.76637,0,0.3931,-0.77684,-0.17692,-1.77194,0.90698,1.74845,-0.77355,-3.21067,-6.48818,8.30806,-8.91799,4.13894,-1.73662,-5.13515,-4.79126,-5.96064,-6.72316,-1.28783,-33.42234,9.61253,5.95803,3.8533,-0.04876,-0.76395,-5.2967,0.68184,-0.46665,-1.06137,0.89812,-1.87122,2.52652,-0.72046,-0.25385,-0.26866,0.51156
78.16,-0.27868,0.03935,0.80477,1.5034,0,0.63075,-0.40982,-0.29146,-1.51432,0.24494,1.42639,-0.68506,-2.00192,-6.09476,5.91842,-10.00259,5.38492,-4.56993,-4.63296,-3.60265,-5.13677,-4.0165,-1.31855,-31.23908,10.20385,6.09946,3.41203,-0.63087,-0.62007,-5.33926,0.73619,-0.62738,-1.21645,0.39587,-2.25487,3.40252,-0.11662,-0.30794,-0.31975,0.47623
78.18,-0.38427,0.05028,0.93432,1.13876,0,0.83633,-0.05694,-0.40163,-1.19862,-0.40092,1.05677,-0.56621,-0.74217,-5.50155,3.36075,-11.30837,6.94727,-7.95934,-3.99763,-2.38318,-4.1208,-1.14451,-1.63282,-27.03035,10.25317,5.97073,2.93601,-1.13586,-0.48784,-5.18157,0.75871,-0.78564,-1.26642,-0.1392,-2.55122,4.24958,0.4961,-0.34073,-0.35517,0.43278
78.2,-0.47984,0.05985,1.03168,0.70288,0,0.99883,0.26452,-0.49799,-0.84499,-0.99235,0.65522,-0.43039,0.4496,-4.77405,0.7544,-12.69783,8.84388,-11.74464,-3.23512,-1.22511,-2.94437,1.77108,-2.19057,-21.15533,9.69211,5.59846,2.44878,-1.54829,-0.35711,-4.8609,0.75126,-0.94939,-1.22655,-0.67574,-2.74679,4.99056,1.08082,-0.34351,-0.37198,0.37466
78.22,-0.56244,0.06729,1.09663,0.23236,0,1.11052,0.53993,-0.57254,-0.47653,-1.49528,0.23967,-0.29211,1.46036,-3.98176,-1.77657,-14.00644,11.01354,-15.65765,-2.36779,-0.20948,-1.64979,4.59667,-2.93641,-14.08481,8.5025,5.00613,1.96954,-1.85899,-0.22314,-4.41728,0.71673,-1.12543,-1.11606,-1.18262,-2.83455,5.54714,1.60356,-0.31049,-0.3682,0.29613
78.24,-0.63014,0.0719,1.13051,-0.23394,0,1.16746,0.75808,-0.61961,-0.11756,-1.88215,-0.17004,-0.16527,2.19137,-3.19306,-4.11063,-15.05712,13.32676,-19.35765,-1.4323,0.59801,-0.28922,7.19568,-3.80305,-6.34548,6.70733,4.21272,1.51289,-2.06506,-0.08717,-3.89013,0.65911,-1.31742,-0.95567,-1.63165,-2.81411,5.84823,2.03629,-0.23978,-0.34313,0.19323
78.26,-0.68195,0.07313,1.13597,-0.65922,0,1.16957,0.91162,-0.63652,0.20838,-2.13352,-0.55285,-0.06136,2.56447,-2.47036,-6.13627,-15.67572,15.61183,-22.48929,-0.47445,1.14864,1.07725,9.43986,-4.71355,1.53957,4.35325,3.23618,1.08908,-2.16951,0.04475,-3.31582,0.58342,-1.52384,-0.76546,-2.00027,-2.69135,5.83915,2.35944,-0.13379,-0.29761,0.06442
78.28,-0.71776,0.07074,1.11667,-1.01296,0,1.12043,0.9973,-0.62386,0.48078,-2.23912,-0.88761,0.01209,2.52681,-1.86578,-7.75947,-15.70708,17.68842,-24.74841,0.45765,1.41078,2.38449,11.22182,-5.58373,9.10428,1.49308,2.09976,0.70474,-2.18058,0.16391,-2.72617,0.49553,-1.73642,-0.56322,-2.27375,-2.47764,5.49035,2.56387,0.0008,-0.23425,-0.08906
78.3,-0.7382,0.06483,1.07699,-1.27419,0,1.0269,1.01594,-0.58547,0.68393,-2.19844,-1.15448,0.05239,2.05443,-1.41771,-8.91028,-15.031,19.39882,-25.93745,1.32021,1.3697,3.56626,12.4664,-6.32611,15.97605,-1.82241,0.8386,0.3637,-2.11089,0.26138,-2.14782,0.40207,-1.939,-0.36343,-2.44666,-2.18886,4.80369,2.65166,0.15362,-0.15748,-0.26308
78.32,-0.74452,0.0559,1.02177,-1.43305,0,0.89845,0.97225,-0.52792,0.80834,-2.02064,-1.33664,0.06184,1.15457,-1.14852,-9.54805,-13.57677,20.62863,-25.99486,2.07885,1.02781,4.55973,13.13901,-6.85671,21.88791,-5.53713,-0.49611,0.06787,-1.97631,0.33002,-1.6021,0.31012,-2.10746,-0.17663,-2.52298,-1.84425,3.81465,2.63562,0.31164,-0.07328,-0.45099
78.34,-0.73834,0.04478,0.95594,-1.49065,0,0.74629,0.87428,-0.45953,0.85125,-1.72386,-1.42217,0.04685,-0.13315,-1.0635,-9.66455,-11.33501,21.31295,-24.99154,2.71136,0.40563,5.31079,13.24953,-7.10462,26.66573,-9.5664,-1.83698,-0.1822,-1.79466,0.36566,-1.10522,0.22698,-2.21079,-0.00945,-2.51483,-1.46505,2.58932,2.53719,0.46056,0.01144,-0.64428
78.36,-0.72152,0.03258,0.88425,-1.45727,0,0.58232,0.73282,-0.38918,0.81655,-1.3339,-1.40582,0.01644,-1.73725,-1.151,-9.28523,-8.3656,21.43024,-23.09946,3.20825,-0.45693,5.77954,12.85177,-7.02327,30.19842,-13.76484,-3.1044,-0.3869,-1.58428,0.36755,-0.6685,0.15972,-2.21352,0.13497,-2.44009,-1.07313,1.21706,2.38316,0.58658,0.08966,-0.83353
78.38,-0.69598,0.02054,0.81097,-1.34965,0,0.4181,0.56053,-0.32496,0.71414,-0.88247,-1.29053,-0.01974,-3.55684,-1.38389,-8.46857,-4.80053,20.98947,-20.54537,3.57152,-1.49995,5.94537,12.03917,-6.60059,32.40447,-17.89878,-4.21376,-0.54742,-1.36264,0.33835,-0.29871,0.11467,-2.07977,0.25603,-2.31944,-0.68954,-0.19968,2.20191,0.67815,0.15519,-1.00949
78.4,-0.66353,0.00988,0.73973,-1.18805,0,0.26389,0.37111,-0.27308,0.55882,-0.40492,-1.08802,-0.05307,-5.4669,-1.72214,-7.30268,-0.83914,20.01688,-17.56455,3.81206,-2.645,5.81043,10.93634,-5.86464,33.20892,-21.63819,-5.08423,-0.6657,-1.14513,0.28402,0.0014,0.09674,-1.77861,0.35432,-2.17345,-0.33337,-1.55647,2.01972,0.72738,0.20349,-1.16398
78.42,-0.62584,0.00171,0.67341,-0.99337,0,0.12798,0.17829,-0.23721,0.36871,0.06251,-0.81812,-0.07728,-7.32723,-2.11695,-5.8986,3.26672,18.5469,-14.3659,3.94624,-3.7998,5.40012,9.68631,-4.88139,32.54063,-24.58019,-5.64782,-0.74435,-0.94417,0.2138,0.23256,0.10861,-1.29069,0.4298,-2.02003,-0.02068,-2.75739,1.85772,0.7309,0.23212,-1.2905
78.44,-0.58428,-0.00313,0.61407,-0.78489,0,0.01618,-0.0052,-0.21825,0.16334,0.48591,-0.50667,-0.08904,-8.99495,-2.51601,-4.37975,7.23815,16.61914,-11.11405,3.99189,-4.86659,4.76034,8.4337,-3.74375,30.35282,-26.30693,-5.85758,-0.78654,-0.76854,0.14033,0.3983,0.14994,-0.6152,0.47989,-1.87249,0.2363,-3.7242,1.72967,0.69002,0.24084,-1.38443
78.46,-0.53987,-0.00418,0.56294,-0.57854,0,-0.06843,-0.16868,-0.21465,-0.03841,0.83717,-0.18225,-0.08787,-10.33965,-2.86958,-2.86901,10.80249,14.28152,-7.92787,3.96452,-5.75329,3.9519,7.3059,-2.55388,26.66132,-26.46832,-5.69427,-0.79587,-0.62305,0.07961,0.50422,0.21652,0.22388,0.49783,-1.7384,0.4298,-4.40351,1.64075,0.6102,0.23139,-1.44289
78.48,-0.4933,-0.00135,0.52047,-0.38588,0,-0.12551,-0.30448,-0.22292,-0.2203,1.09699,0.12751,-0.07561,-11.25864,-3.13645,-1.47567,13.72815,11.59706,-4.89048,3.87426,-6.38518,3.04353,6.39589,-1.4034,21.58748,-24.86887,-5.17067,-0.77618,-0.5085,0.05048,0.5574,0.3,1.17419,0.47206,-1.61925,0.55689,-4.7715,1.58739,0.50013,0.20696,-1.4645
78.5,-0.44488,0.00497,0.48639,-0.21383,0,-0.15725,-0.40842,-0.23846,-0.37018,1.25682,0.39926,-0.05562,-11.68896,-3.28871,-0.28495,15.85343,8.65051,-2.0636,3.72441,-6.71449,2.10492,5.75055,-0.35695,15.38802,-21.53256,-4.33236,-0.73151,-0.42211,0.07281,0.56578,0.38819,2.15603,0.3873,-1.51088,0.61958,-4.83548,1.55819,0.37065,0.17168,-1.4491
78.52,-0.3947,0.01402,0.4599,-0.06508,0,-0.16795,-0.47988,-0.25621,-0.48079,1.31908,0.61622,-0.03193,-11.61307,-3.31423,0.64785,17.10258,5.55108,0.50005,3.51168,-6.72513,1.20059,5.36735,0.55677,8.45599,-16.72255,-3.25388,-0.666,-0.35836,0.16441,0.53778,0.46629,3.06993,0.22778,-1.40475,0.62435,-4.63134,1.53581,0.23349,0.13001,-1.39753
78.54,-0.34268,0.02479,0.43975,0.06095,0,-0.16331,-0.52128,-0.27137,-0.54965,1.29551,0.76918,-0.00839,-11.05685,-3.21653,1.29799,17.48653,2.42844,2.75058,3.22836,-6.4317,0.38518,5.20041,1.34464,1.28597,-10.90652,-2.0299,-0.58382,-0.31019,0.33641,0.48187,0.51907,3.81062,-0.01746,-1.28982,0.58127,-4.21709,1.4997,0.10015,0.08628,-1.31153
78.56,-0.28872,0.03612,0.42445,0.16675,0,-0.14968,-0.53709,-0.27991,-0.5784,1.204,0.85632,0.01197,-10.08144,-3.01229,1.6674,17.09041,-0.57716,4.64151,2.86588,-5.87369,-0.29975,5.17419,2.04057,-5.59022,-4.67646,-0.76286,-0.48917,-0.27042,0.5882,0.40636,0.53364,4.2856,-0.34832,-1.15479,0.50279,-3.66344,1.42943,-0.01922,0.04429,-1.1937
78.58,-0.23281,0.0469,0.41241,0.25533,0,-0.13322,-0.53276,-0.27893,-0.57164,1.06493,0.88212,0.02735,-8.77171,-2.72757,1.77809,16.05318,-3.32851,6.13509,2.41897,-5.10699,-0.82759,5.20126,2.69244,-11.68037,1.354,0.45031,-0.38626,-0.23314,0.90323,0.31914,0.50223,4.43382,-0.74813,-0.99041,0.40229,-3.04342,1.30804,-0.11665,0.00707,-1.04762
78.6,-0.17518,0.05622,0.40207,0.32902,0,-0.11917,-0.51367,-0.26695,-0.53588,0.89786,0.85585,0.03739,-7.2243,-2.39345,1.66487,14.54491,-5.70513,7.20908,1.88961,-4.19529,-1.18702,5.19981,3.34828,-16.60029,6.6471,1.5295,-0.27926,-0.19474,1.24735,0.22749,0.42406,4.23953,-1.18092,-0.79139,0.29276,-2.42312,1.1248,-0.18701,-0.02329,-0.87794
78.62,-0.11636,0.06349,0.39209,0.38881,0,-0.11137,-0.48436,-0.2439,-0.47849,0.71928,0.78987,0.04302,-5.53744,-2.04197,1.36888,12.74553,-7.61461,7.86177,1.28951,-3.20286,-1.38101,5.10703,4.04537,-20.11659,10.81083,2.41837,-0.17223,-0.15442,1.5711,0.13792,0.30585,3.73663,-1.59329,-0.55753,0.18572,-1.85506,0.87692,-0.22819,-0.0457,-0.69046
78.64,-0.05719,0.06846,0.38136,0.43417,0,-0.11205,-0.44825,-0.211,-0.40707,0.54179,0.69794,0.046,-3.80332,-1.70247,0.93268,10.82722,-8.99998,8.11363,0.6407,-2.1897,-1.42467,4.88647,4.80403,-22.15614,13.63022,3.0861,-0.06898,-0.11393,1.81631,0.05587,0.16056,3.00206,-1.9213,-0.29387,0.0904,-1.37467,0.56979,-0.24104,-0.05995,-0.4919
78.66,0.00122,0.0712,0.36909,0.46346,0,-0.12177,-0.40751,-0.17048,-0.32896,0.37451,0.59365,0.04838,-2.10331,-1.39877,0.39717,8.94162,-9.8433,8.0054,-0.02572,-1.20888,-1.3421,4.5294,5.62622,-22.78594,15.06225,3.52469,0.02717,-0.07678,1.92597,-0.0145,0.00472,2.13988,-2.10128,-0.00999,0.01326,-0.99998,0.2161,-0.22893,-0.06664,-0.28964
78.68,0.0576,0.07207,0.35477,0.47459,0,-0.13961,-0.36345,-0.12524,-0.2511,0.22428,0.4892,0.05182,-0.50564,-1.14732,-0.20007,7.21183,-10.166,7.5938,-0.67216,-0.30576,-1.16298,4.05173,6.49787,-22.17515,15.20546,3.74362,0.11356,-0.04724,1.85505,-0.07056,-0.14486,1.26082,-2.08187,0.28139,-0.04225,-0.73353,-0.16602,-0.19715,-0.06693,-0.09125
78.7,0.1106,0.07161,0.33823,0.46576,0,-0.16348,-0.31678,-0.07847,-0.17981,0.09704,0.39446,0.05716,0.93488,-0.95639,-0.8256,5.72902,-10.02641,6.94577,-1.25789,0.48196,-0.91901,3.4882,7.39301,-20.55221,14.25746,3.76388,0.18837,-0.02916,1.57961,-0.11131,-0.2742,0.46275,-1.8343,0.56584,-0.07553,-0.56559,-0.55514,-0.15222,-0.06238,0.09592
78.72,0.1589,0.07047,0.31956,0.43603,0,-0.19048,-0.26805,-0.03333,-0.12064,-0.00119,0.31641,0.06421,2.17608,-0.82628,-1.45059,4.55255,-9.51411,6.13211,-1.74259,1.12391,-0.64061,2.88532,8.27807,-18.16705,12.47095,3.61288,0.25066,-0.02527,1.10153,-0.13723,-0.37426,-0.18354,-1.35794,0.82876,-0.08854,-0.47799,-0.92865,-0.10113,-0.05475,0.2652
78.74,0.20132,0.0693,0.29907,0.38557,0,-0.21727,-0.21788,0.00728,-0.07802,-0.06403,0.25897,0.07196,3.18713,-0.75062,-2.0514,3.71272,-8.74158,5.22087,-2.08986,1.59726,-0.35404,2.29374,9.1154,-15.26419,10.11533,3.32102,0.30019,-0.03671,0.44806,-0.14994,-0.44172,-0.64105,-0.68002,1.05661,-0.08515,-0.44795,-1.26484,-0.05066,-0.04578,0.41093
78.76,0.23686,0.06868,0.27722,0.31566,0,-0.24047,-0.16705,0.04098,-0.05488,-0.08519,0.22304,0.07902,3.94742,-0.71821,-2.6102,3.21495,-7.83382,4.2714,-2.27052,1.88749,-0.07892,1.76108,9.86587,-12.06754,7.4472,2.92006,0.3373,-0.06304,-0.33327,-0.15172,-0.47852,-0.90593,0.14979,1.23799,-0.07046,-0.45142,-1.54461,-0.00673,-0.03702,0.5288
78.78,0.26482,0.069,0.2545,0.22848,0,-0.25699,-0.11655,0.06603,-0.05217,-0.05947,0.20691,0.08422,4.4459,-0.71546,-3.1154,3.04457,-6.91743,3.3297,-2.2656,1.98967,0.17341,1.32546,10.49079,-8.77524,4.69073,2.4428,0.3626,-0.10247,-1.18234,-0.14496,-0.49056,-1.00149,1.0676,1.3644,-0.04998,-0.4659,-1.75293,0.02617,-0.02972,0.61608
78.8,0.28479,0.07048,0.23143,0.12684,0,-0.26438,-0.06749,0.08138,-0.06859,0.01599,0.2067,0.08721,4.68086,-0.72854,-3.56119,3.17116,-6.11031,2.42608,-2.06861,1.90979,0.40057,1.01072,10.95316,-5.56038,2.02764,1.92315,0.37677,-0.15216,-2.03434,-0.13167,-0.48594,-0.96945,2.00397,1.43075,-0.02892,-0.47248,-1.87982,0.04535,-0.02466,0.67177
78.82,0.29671,0.07307,0.20847,0.01395,0,-0.26094,-0.02096,0.08671,-0.1005,0.14038,0.2171,0.08875,4.66012,-0.74539,-3.94595,3.55205,-5.51261,1.57528,-1.68676,1.66557,0.60859,0.82325,11.21857,-2.57342,-0.40475,1.39578,0.38038,-0.20853,-2.82602,-0.11318,-0.47328,-0.8603,2.89077,1.43552,-0.01169,-0.45704,-1.92078,0.05013,-0.02219,0.6965
78.84,0.30082,0.07646,0.18603,-0.10674,0,-0.24588,0.0221,0.08232,-0.1422,0.30829,0.23206,0.0908,4.40127,-0.75708,-4.26918,4.13452,-5.19903,0.77917,-1.14104,1.28643,0.81014,0.75088,11.25543,0.05658,-2.50938,0.89472,0.37389,-0.26751,-3.49957,-0.0901,-0.46013,-0.72456,3.6654,1.38054,-0.00156,-0.41069,-1.87662,0.04176,-0.02215,0.69229
78.86,0.29759,0.08016,0.16445,-0.23162,0,-0.21927,0.06108,0.06903,-0.18636,0.50896,0.24561,0.09625,3.93218,-0.75854,-4.52787,4.85694,-5.21265,0.0314,-0.46526,0.81273,1.0217,0.76363,11.0354,2.22319,-4.2216,0.45106,0.35759,-0.32464,-4.00438,-0.06243,-0.45194,-0.60553,4.27282,1.2706,-0.00051,-0.32956,-1.75289,0.02323,-0.02399,0.66222
78.88,0.28769,0.08348,0.14398,-0.35692,0,-0.18201,0.09592,0.04803,-0.22482,0.72602,0.25256,0.10849,3.29157,-0.74883,-4.71309,5.64945,-5.56013,-0.67701,0.29567,0.29431,1.2602,0.81624,10.53431,3.84569,-5.50033,0.09022,0.33176,-0.37522,-4.29781,-0.02985,-0.45136,-0.53431,4.66633,1.11286,-0.00922,-0.21422,-1.55909,-0.00115,-0.02684,0.60998
78.9,0.27192,0.08561,0.12486,-0.47869,0,-0.13573,0.12717,0.02084,-0.24928,0.9377,0.24904,0.13081,2.52934,-0.73087,-4.80796,6.43443,-6.2086,-1.35209,1.08775,-0.2114,1.53958,0.85237,9.73374,4.87223,-6.32054,-0.1703,0.2968,-0.41446,-4.34611,0.00802,-0.45807,-0.52737,4.80844,0.91643,-0.02719,-0.06901,-1.30789,-0.02624,-0.0296,0.53964
78.92,0.25118,0.08571,0.10727,-0.59275,0,-0.08275,0.1561,-0.01082,-0.2521,1.11756,0.23273,0.16583,1.70625,-0.71062,-4.78786,7.12761,-7.08452,-1.99251,1.85031,-0.64177,1.86759,0.81037,8.62286,5.28182,-6.66848,-0.3223,0.25333,-0.43778,-4.1263,0.05125,-0.46913,-0.58688,4.67268,0.69187,-0.05286,0.09861,-1.01431,-0.04661,-0.0311,0.45541
78.94,0.22642,0.08298,0.09137,-0.69461,0,-0.02596,0.18465,-0.04502,-0.22692,1.23589,0.20288,0.21489,0.89222,-0.69586,-4.62287,7.64004,-8.07509,-2.5868,2.51897,-0.93199,2.24324,0.63045,7.20032,5.08409,-6.54057,-0.36685,0.20234,-0.44119,-3.62924,0.09945,-0.4797,-0.70361,4.24667,0.45076,-0.08382,0.27859,-0.69496,-0.05712,-0.03021,0.3616
78.96,0.1986,0.07675,0.07726,-0.77953,0,0.03132,0.21533,-0.07961,-0.16929,1.26183,0.16007,0.27771,0.1633,-0.69449,-4.2823,7.88173,-9.03316,-3.1128,3.02912,-1.01883,2.65504,0.26231,5.47604,4.31705,-5.94531,-0.31315,0.14519,-0.42176,-2.86356,0.15162,-0.4841,-0.86156,3.53595,0.20527,-0.11699,0.45889,-0.36726,-0.05348,-0.02596,0.26265
78.98,0.16874,0.06652,0.06499,-0.84263,0,0.08543,0.25098,-0.11232,-0.07715,1.16606,0.10589,0.3521,-0.40293,-0.71285,-3.74031,7.7673,-9.78656,-3.53909,3.32038,-0.84512,3.08032,-0.32758,3.47304,3.0434,-4.90703,-0.17658,0.08365,-0.37814,-1.85921,0.20615,-0.47688,-1.0432,2.5677,-0.03223,-0.14888,0.62594,-0.04872,-0.03276,-0.01763,0.16317
79,0.1378,0.05203,0.05455,-0.87909,0,0.13262,0.29444,-0.14072,0.04874,0.924,0.04275,0.43411,-0.73328,-0.75399,-2.98107,7.2235,-10.15263,-3.82839,3.34171,-0.36488,3.48567,-1.15069,1.22905,1.34571,-3.46935,0.02352,0.01983,-0.31087,-0.66919,0.26084,-0.45378,-1.23388,1.39254,-0.24961,-0.17584,0.76539,0.24374,0.00635,-0.00485,0.06796
79.02,0.10677,0.03331,0.04583,-0.88452,0,0.16924,0.34817,-0.16244,0.20443,0.51926,-0.02613,0.51839,-0.7661,-0.81626,-2.0024,6.19824,-9.95835,-3.94266,3.05717,0.45118,3.82868,-2.19422,-1.20278,-0.67923,-1.69626,0.26615,-0.04384,-0.22247,0.6322,0.31308,-0.4123,-1.42436,0.08294,-0.43542,-0.19432,0.86299,0.49442,0.06351,0.01241,-0.01808
79.04,0.07657,0.01064,0.03862,-0.85523,0,0.19202,0.41368,-0.17536,0.3827,-0.05299,-0.09657,0.59899,-0.45937,-0.89226,-0.81694,4.67028,-9.06493,-3.84934,2.45183,1.61012,4.06101,-3.4225,-3.75455,-2.927,0.33037,0.53058,-0.10479,-0.11722,1.95516,0.35994,-0.35173,-1.61104,-1.27256,-0.5794,-0.20119,0.90576,0.68953,0.13692,0.03386,-0.09021
79.06,0.04806,-0.01551,0.0326,-0.78876,0,0.19845,0.49106,-0.17788,0.57313,-0.78311,-0.1632,0.67025,0.20148,-0.96835,0.54917,2.65832,-7.39408,-3.52812,1.53713,3.09174,4.1326,-4.78178,-6.3457,-5.29236,2.51627,0.79808,-0.16044,-0.00069,3.20354,0.39839,-0.27282,-1.79403,-2.57831,-0.6731,-0.19404,0.88334,0.8179,0.22381,0.05892,-0.14428
79.08,0.02199,-0.04447,0.02736,-0.68421,0,0.187,0.57855,-0.16916,0.76241,-1.64497,-0.21934,0.72778,1.19715,-1.0248,2.05908,0.22777,-4.95111,-2.97699,0.35471,4.845,3.99676,-6.20693,-8.8862,-7.67527,4.76175,1.05307,-0.20833,0.12092,4.28513,0.42554,-0.17722,-1.97395,-3.7419,-0.71044,-0.17139,0.78937,0.87169,0.32086,0.08684,-0.17718
79.1,-0.00103,-0.07548,0.02238,-0.54273,0,0.15739,0.67235,-0.14934,0.93511,-2.59566,-0.25727,0.769,2.47168,-1.03669,3.66911,-2.50719,-1.83844,-2.21608,-1.02289,6.78678,3.61528,-7.62873,-11.28016,-9.98472,6.96817,1.28384,-0.2463,0.24133,5.12074,0.43874,-0.0668,-2.14849,-4.68307,-0.68826,-0.13295,0.62255,0.84692,0.42472,0.11678,-0.18726
79.12,-0.02051,-0.10772,0.0171,-0.36763,0,0.11062,0.76674,-0.11956,1.07469,-3.57743,-0.26894,0.79326,3.93491,-0.97565,5.33277,-5.38873,1.74638,-1.28787,-2.49605,8.80425,2.96305,-8.98046,-13.42945,-12.13965,9.04224,1.48257,-0.27256,0.35455,5.64987,0.43571,0.05676,-2.30936,-5.33944,-0.60653,-0.07958,0.38713,0.74372,0.53219,0.14782,-0.17464
79.14,-0.03611,-0.1403,0.01095,-0.16444,0,0.04885,0.85451,-0.08176,1.16502,-4.52227,-0.24732,0.80124,5.47073,-0.81245,7.00469,-8.22853,5.53043,-0.25315,-3.947,10.76133,2.03162,-10.20311,-15.23744,-14.06672,10.89798,1.64485,-0.28564,0.45515,5.83231,0.41455,0.19236,-2.44044,-5.66816,-0.46835,-0.01318,0.09271,0.56619,0.64021,0.17904,-0.14127
79.16,-0.04755,-0.17227,0.0034,0.05942,0,-0.02487,0.92777,-0.0384,1.19213,-5.35858,-0.18802,0.79395,6.95028,-0.52026,8.64422,-10.82769,9.20009,0.81641,-5.25284,12.50925,0.83157,-11.24936,-16.61332,-15.69657,12.45691,1.7687,-0.28443,0.53825,5.6465,0.3737,0.33943,-2.51741,-5.64436,-0.27962,0.06358,-0.24661,0.32207,0.74568,0.20945,-0.0908
79.18,-0.05465,-0.20267,-0.00592,0.29496,0,-0.10698,0.97881,0.00798,1.14611,-6.0192,-0.09099,0.77171,8.24724,-0.07823,10.21814,-12.99957,12.44313,1.84755,-6.30039,13.8999,-0.60617,-12.08664,-17.47745,-16.96015,13.64798,1.85353,-0.26808,0.59961,5.08649,0.31192,0.49769,-2.50905,-5.25841,-0.04868,0.14765,-0.61348,0.02212,0.84521,0.23805,-0.02833
79.2,-0.05724,-0.23046,-0.01722,0.53218,0,-0.19376,1.00099,0.05517,1.02282,-6.44906,0.03837,0.73332,9.25217,0.52524,11.7018,-14.59119,14.98927,2.77418,-6.99985,14.80009,-2.23042,-12.69905,-17.76739,-17.78693,14.40832,1.89905,-0.23608,0.63563,4.15952,0.22835,0.6666,-2.38027,-4.51359,0.21419,0.23584,-0.9886,-0.32038,0.93481,0.26374,0.03991
79.22,-0.0552,-0.25458,-0.03048,0.76053,0,-0.28161,0.98939,0.10161,0.82498,-6.61142,0.18891,0.67587,9.88301,1.28976,13.07792,-15.49869,16.64141,3.5441,-7.29475,15.10501,-3.97136,-13.0879,-17.44387,-18.10588,14.68558,1.90443,-0.18826,0.64356,2.88538,0.12271,0.84462,-2.09666,-3.42578,0.49723,0.32519,-1.35197,-0.6902,1.00984,0.28537,0.10703
79.24,-0.04845,-0.27394,-0.04542,0.96951,0,-0.36726,0.9411,0.14664,0.56259,-6.49187,0.34463,0.59531,10.09037,2.20145,14.33325,-15.67507,17.29355,4.12286,-7.16664,14.74924,-5.74409,-13.27052,-16.49614,-17.84968,14.44189,1.86763,-0.12493,0.62178,1.29795,-0.00452,1.02824,-1.63041,-2.02511,0.78771,0.413,-1.68385,-1.07066,1.06499,0.30172,0.16589
79.26,-0.03695,-0.28744,-0.06149,1.14919,0,-0.44786,0.85532,0.19052,0.25244,-6.10047,0.48654,0.48752,9.85819,3.23243,15.45375,-15.1306,16.93562,4.49482,-6.63499,13.71512,-7.45404,-13.27754,-14.94625,-16.96234,13.65944,1.78528,-0.04705,0.57026,-0.55167,-0.15171,1.21116,-0.9668,-0.35939,1.07235,0.49702,-1.96573,-1.44415,1.09459,0.31152,0.20962
79.28,-0.02079,-0.29405,-0.07793,1.2908,0,-0.52104,0.73328,0.23437,-0.08305,-5.47258,0.59518,0.3497,9.20137,4.34147,16.42006,-13.92794,15.64791,4.66211,-5.75323,12.03777,-9.00361,-13.149,-12.85207,-15.40937,12.34666,1.65289,0.04359,0.4909,-2.59165,-0.31577,1.38379,-0.11028,1.50241,1.33787,0.57531,-2.18111,-1.79271,1.09311,0.31357,0.23216
79.3,-0.00021,-0.29289,-0.0938,1.38723,0,-0.5848,0.57815,0.27989,-0.41764,-4.66759,0.65332,0.18174,8.1617,5.47553,17.20421,-12.17344,13.58744,4.64225,-4.60201,9.80553,-10.29928,-12.92902,-10.3077,-13.18875,10.54339,1.46571,0.14423,0.38782,-4.72762,-0.4919,1.53341,0.91107,3.46832,1.57141,0.64626,-2.31616,-2.09862,1.0558,0.30685,0.22875
79.32,0.02428,-0.2833,-0.108,1.43328,0,-0.63747,0.39493,0.32892,-0.72378,-3.761,0.64836,-0.01292,6.80284,6.57219,17.76833,-10.00553,10.96774,4.4647,-3.28018,7.15419,-11.25831,-12.65856,-7.43948,-10.34028,8.3226,1.22004,0.25104,0.2673,-6.84406,-0.67345,1.64514,2.04415,5.4252,1.76096,0.7084,-2.36039,-2.34505,0.97945,0.29066,0.19635
79.34,0.05187,-0.26499,-0.1194,1.42585,0,-0.67749,0.19039,0.38277,-0.97555,-2.82659,0.57419,-0.22707,5.20475,7.56302,18.06556,-7.58064,8.03344,4.16661,-1.89411,4.25432,-11.81463,-12.36654,-4.39685,-6.95119,5.78755,0.91478,0.35917,0.13729,-8.8102,-0.85202,1.70375,3.21322,7.24518,1.89564,0.76025,-2.30704,-2.51672,0.86314,0.26484,0.13402
79.36,0.08135,-0.23809,-0.12689,1.36383,0,-0.70331,-0.02709,0.44164,-1.15194,-1.91832,0.43233,-0.4502,3.45789,8.37795,18.04336,-5.05818,5.03243,3.78844,-0.54629,1.29331,-11.92391,-12.06063,-1.33906,-3.15708,3.06486,0.55309,0.46286,0.00666,-10.49005,-1.01777,1.69612,4.32601,8.79648,1.96616,0.80011,-2.15353,-2.60065,0.70882,0.22986,0.04318
79.38,0.11113,-0.20324,-0.1295,1.24817,0,-0.71322,-0.24764,0.50401,-1.23968,-1.06482,0.23228,-0.66937,1.65759,8.9505,17.64883,-2.58648,2.18943,3.36958,0.67509,-1.54447,-11.56763,-11.72023,1.57958,0.86199,0.29501,0.14376,0.55582,-0.11581,-11.75504,-1.16002,1.61381,5.28276,9.95665,1.9652,0.82598,-1.90189,-2.5871,0.52175,0.18698,-0.0723
79.4,0.13922,-0.16162,-0.12651,1.08189,0,-0.70541,-0.46028,0.56637,-1.23516,-0.27512,-0.00908,-0.87043,-0.10137,9.2233,16.83507,-0.2917,-0.31508,2.94455,1.70402,-4.09564,-10.75558,-11.29382,4.22298,4.8911,-2.37785,-0.29821,0.63153,-0.22231,-12.49703,-1.26794,1.45511,5.9869,10.62594,1.888,0.8355,-1.55926,-2.47046,0.31054,0.13825,-0.20602
79.42,0.16336,-0.11495,-0.11748,0.87019,0,-0.67801,-0.65348,0.62326,-1.14474,0.45276,-0.26914,-1.03931,-1.73015,9.15342,15.56698,1.72912,-2.35771,2.53981,2.50068,-6.23111,-9.52566,-10.70267,6.48278,8.69638,-4.8156,-0.75218,0.68378,-0.30681,-12.63931,-1.33142,1.22591,6.35652,10.73822,1.73292,0.82597,-1.13814,-2.24999,0.08669,0.08638,-0.34932
79.44,0.1812,-0.06534,-0.10238,0.62052,0,-0.62932,-0.81592,0.66788,-0.98329,1.1239,-0.52231,-1.16323,-3.15146,8.71673,13.82564,3.41079,-3.87604,2.17126,3.05124,-7.86334,-7.94044,-9.85106,8.28329,12.04716,-6.89502,-1.19373,0.70717,-0.36553,-12.14424,-1.34187,0.93922,6.33521,10.26805,1.50188,0.79452,-0.65635,-1.93027,-0.13651,0.03438,-0.49177
79.46,0.19048,-0.0151,-0.08158,0.3426,0,-0.5581,-0.93763,0.69293,-0.77134,1.7391,-0.74337,-1.23192,-4.30518,7.91154,11.61172,4.71906,-4.86462,1.84275,3.36426,-8.94839,-6.08139,-8.64196,9.58241,14.74213,-8.5157,-1.5977,0.69763,-0.39714,-11.01762,-1.29322,0.61336,5.90146,9.23371,1.20069,0.73835,-0.13662,-1.52129,-0.3455,-0.01478,-0.62181
79.48,0.18938,0.03344,-0.05589,0.04844,0,-0.46395,-1.01109,0.69176,-0.53165,2.28814,-0.91101,-1.23868,-5.15323,6.76101,8.94859,5.6473,-5.36551,1.54582,3.46511,-9.48397,-4.04178,-6.99587,10.36985,16.63503,-9.60687,-1.94158,0.65305,-0.40275,-9.30993,-1.1828,0.26955,5.07524,7.69676,0.83937,0.65511,0.3943,-1.03833,-0.52814,-0.05868,-0.72782
79.5,0.17675,0.07819,-0.02654,-0.24794,0,-0.34773,-1.03231,0.65945,-0.28603,2.74698,-1.01067,-1.18126,-5.68265,5.31401,5.88566,6.21183,-5.45575,1.26132,3.38987,-9.50485,-1.91996,-4.86909,10.66348,17.6538,-10.13266,-2.20869,0.57372,-0.3856,-7.11453,-1.0121,-0.07069,3.91952,5.75791,0.43216,0.54342,0.90696,-0.50157,-0.67518,-0.09576,-0.79916
79.52,0.15233,0.11738,0.00488,-0.53095,0,-0.21186,-1.00149,0.59369,-0.05314,3.08593,-1.03619,-1.06236,-5.90572,3.64327,2.5014,6.44636,-5.2336,0.96279,3.17964,-9.07623,0.18678,-2.26795,10.50451,17.80792,-10.09487,-2.39019,0.46261,-0.35066,-4.56208,-0.78732,-0.38768,2.53512,3.54889,-0.00279,0.40345,1.37107,0.06476,-0.78118,-0.12548,-0.82734
79.54,0.11695,0.14971,0.03651,-0.78434,0,-0.0606,-0.92324,0.49521,0.15251,3.28533,-0.98981,-0.88971,-5.85673,1.84043,-1.09501,6.39627,-4.80463,0.62179,2.87606,-8.28568,2.18733,0.74353,9.95185,17.18182,-9.53282,-2.48575,0.32544,-0.30383,-1.81067,-0.51938,-0.66512,1.04834,1.22037,-0.44424,0.23743,1.75793,0.63366,-0.84476,-0.14823,-0.8072
79.56,0.07246,0.17433,0.06634,-0.9924,0,0.1,-0.80633,0.36787,0.32048,3.34505,-0.88102,-0.67568,-5.58616,0.00843,-4.7644,6.11324,-4.26927,0.21418,2.51801,-7.23447,4.00111,4.04345,9.07644,15.9169,-8.52067,-2.50286,0.17035,-0.25127,0.9673,-0.22345,-0.89106,-0.40675,-1.07307,-0.86919,0.05013,2.04326,1.17719,-0.86829,-0.16503,-0.73784
79.58,0.02176,0.19088,0.09241,-1.14138,0,0.26222,-0.66298,0.21845,0.44372,3.28343,-0.7245,-0.43651,-5.15362,-1.74747,-8.34178,5.65075,-3.71264,-0.27367,2.13962,-6.02918,5.5615,7.45904,7.95618,14.18757,-7.16241,-2.45515,0.00746,-0.19852,3.59986,0.08184,-1.05828,-1.70763,-3.18827,-1.25447,-0.15095,2.20993,1.66847,-0.85709,-0.17722,-0.62326
79.6,-0.03146,0.19943,0.11297,-1.22102,0,0.41711,-0.50784,0.05608,0.51775,3.13195,-0.53786,-0.19123,-4.62075,-3.32856,-11.64512,5.06069,-3.19804,-0.84042,1.76914,-4.77416,6.81841,10.78059,6.67184,12.17715,-5.58473,-2.36001,-0.15192,-0.15001,5.92974,0.37581,-1.16428,-2.75974,-5.00668,-1.57865,-0.35574,2.2502,2.08372,-0.81851,-0.18606,-0.47242
79.62,-0.08302,0.20042,0.12662,-1.22575,0,0.5552,-0.35653,-0.10851,0.54023,2.92937,-0.33953,0.03988,-4.04516,-4.6505,-14.48977,4.39104,-2.7643,-1.46811,1.42852,-3.56488,7.73957,13.78178,5.30357,10.05761,-3.92713,-2.23583,-0.29627,-0.10861,7.82663,0.63747,-1.21088,-3.50648,-6.44326,-1.82376,-0.55221,2.1667,2.40395,-0.76086,-0.19248,-0.2984
79.64,-0.12871,0.19465,0.13248,-1.15563,0,0.66741,-0.22395,-0.26401,0.51107,2.71536,-0.14712,0.23713,-3.47557,-5.64931,-16.70814,3.6843,-2.42731,-2.12402,1.13314,-2.48217,8.31077,16.24549,3.92782,7.97531,-2.32938,-2.09902,-0.41499,-0.07571,9.19671,0.84766,-1.20357,-3.93133,-7.45015,-1.97695,-0.72761,1.97198,2.61625,-0.69242,-0.19698,-0.11678
79.66,-0.16483,0.18318,0.13031,-1.01679,0,0.74623,-0.12243,-0.39967,0.4329,2.52455,0.02391,0.38358,-2.94874,-6.28573,-18.17264,2.97657,-2.1845,-2.76548,0.89182,-1.58738,8.53536,17.99212,2.61444,6.04298,-0.91749,-1.96121,-0.49969,-0.05133,9.98918,0.99146,-1.1506,-4.05293,-8.0159,-2.03189,-0.86996,1.68686,2.71469,-0.62053,-0.19966,0.05667
79.68,-0.18871,0.16726,0.12053,-0.82143,0,0.78674,-0.06004,-0.50645,0.3119,2.3815,0.16109,0.46701,-2.48791,-6.54776,-18.81727,2.29731,-2.02108,-3.34637,0.70704,-0.91901,8.43317,18.90577,1.42415,4.33731,0.20968,-1.82734,-0.54533,-0.03455,10.19973,1.06031,-1.06211,-3.91577,-8.16154,-1.98977,-0.96978,1.33794,2.70086,-0.55095,-0.20034,0.20847
79.7,-0.19908,0.14829,0.10428,-0.58722,0,0.78753,-0.03953,-0.57799,0.15821,2.29755,0.25549,0.48152,-2.10307,-6.45107,-18.65192,1.6695,-1.91648,-3.8238,0.57543,-0.49123,8.0389,18.9518,0.40652,2.90076,0.9905,-1.69502,-0.55098,-0.02393,9.87017,1.05349,-0.94926,-3.57943,-7.93463,-1.85964,-1.02146,0.95492,2.58377,-0.48746,-0.19872,0.32934
79.72,-0.19627,0.12774,0.08325,-0.33589,0,0.75089,-0.05803,-0.61117,-0.01422,2.27015,0.30204,0.42823,-1.79254,-6.03673,-17.76345,1.1102,-1.84955,-4.16339,0.48876,-0.29502,7.39938,18.17996,-0.40145,1.74616,1.40519,-1.55556,-0.52,-0.01784,9.08315,0.97832,-0.82335,-3.10855,-7.40194,-1.6578,-1.02396,0.56781,2.37915,-0.43181,-0.19457,0.41528
79.74,-0.18206,0.10702,0.05957,-0.09105,0,0.68258,-0.10778,-0.60632,-0.18868,2.28466,0.29972,0.31513,-1.54596,-5.36621,-16.30181,0.63104,-1.80196,-4.34255,0.43528,-0.30166,6.5696,16.71145,-0.9765,0.86282,1.47412,-1.39668,-0.45946,-0.01476,7.95184,0.84912,-0.69502,-2.56489,-6.64136,-1.40605,-0.98083,0.20441,2.10783,-0.38403,-0.18786,0.46746
79.76,-0.15936,0.08744,0.03548,0.12448,0,0.5909,-0.17761,-0.56692,-0.34746,2.31821,0.25147,0.15594,-1.34785,-4.51432,-14.4542,0.23874,-1.75967,-4.35174,0.4015,-0.46816,5.60796,14.71317,-1.30967,0.22319,1.25078,-1.20637,-0.37907,-0.01345,6.60602,0.68493,-0.57347,-2.002,-5.73378,-1.12911,-0.89939,-0.11195,1.79359,-0.3429,-0.17876,0.49113
79.78,-0.13171,0.07005,0.01307,0.29146,0,0.48559,-0.25481,-0.49914,-0.47399,2.34477,0.164,-0.03153,-1.18146,-3.56136,-12.41436,-0.06443,-1.71308,-4.19424,0.37396,-0.7437,4.57157,12.36688,-1.4066,-0.21065,0.81137,-0.97697,-0.28969,-0.01294,5.17709,0.50675,-0.46585,-1.46222,-4.75598,-0.85178,-0.78957,-0.36411,1.46074,-0.30658,-0.16773,0.49401
79.8,-0.10279,0.0556,-0.00595,0.39656,0,0.37661,-0.32709,-0.41108,-0.55487,2.34002,0.04727,-0.22738,-1.03205,-2.58568,-10.35452,-0.28024,-1.65626,-3.8848,0.34093,-1.07579,3.51259,9.84122,-1.28693,-0.48124,0.2431,-0.70838,-0.20194,-0.01261,3.78463,0.33471,-0.37689,-0.97581,-3.77514,-0.59619,-0.6626,-0.54223,1.13196,-0.27318,-0.15544,0.48455
79.82,-0.07595,0.04449,-0.02041,0.43363,0,0.27305,-0.38409,-0.3119,-0.58139,2.28529,-0.0864,-0.41175,-0.8891,-1.65752,-8.40588,-0.41404,-1.586,-3.4474,0.29377,-1.41556,2.47576,7.27254,-0.9827,-0.63094,-0.36687,-0.40944,-0.12495,-0.01209,2.52627,0.18578,-0.3088,-0.56145,-2.84543,-0.37979,-0.52974,-0.64402,0.82652,-0.24115,-0.14272,0.47051
79.84,-0.05391,0.03678,-0.02978,0.4039,0,0.1823,-0.41841,-0.21078,-0.55024,2.16975,-0.22362,-0.56677,-0.74725,-0.83425,-6.65022,-0.47429,-1.50068,-2.91226,0.22769,-1.72163,1.49733,4.75733,-0.53556,-0.69821,-0.94094,-0.09697,-0.06548,-0.01122,1.47178,0.07215,-0.26145,-0.2277,-2.00649,-0.21409,-0.40119,-0.67415,0.55899,-0.20952,-0.13046,0.45796
79.86,-0.0385,0.03221,-0.03407,0.31514,0,0.1095,-0.42602,-0.11602,-0.46362,1.99113,-0.35153,-0.67843,-0.60594,-0.15728,-5.12194,-0.47196,-1.39954,-2.31266,0.1421,-1.96245,0.60515,2.3553,0.00703,-0.71519,-1.41832,0.20705,-0.02747,-0.01,0.66099,0.00044,-0.2328,0.02497,-1.28358,-0.10419,-0.28525,-0.64302,0.33855,-0.17785,-0.11951,0.45085
79.88,-0.03058,0.03029,-0.03376,0.18011,0,0.05721,-0.40629,-0.03409,-0.32869,1.7551,-0.45932,-0.73795,-0.4683,0.3495,-3.81772,-0.41995,-1.28211,-1.68181,0.04036,-2.11755,-0.1806,0.09977,0.59578,-0.70621,-1.7598,0.47954,-0.01187,-0.00849,0.10501,-0.0284,-0.21944,0.20207,-0.68892,-0.04898,-0.18774,-0.56509,0.16882,-0.14609,-0.11049,0.451
79.9,-0.03005,0.03032,-0.02967,0.01476,0,0.02546,-0.36158,0.03091,-0.15667,1.47391,-0.53946,-0.74266,-0.33966,0.67962,-2.70983,-0.3324,-1.14815,-1.05045,-0.07082,-2.17759,-0.84611,-1.98885,1.18342,-0.6875,-1.94945,0.70022,-0.01687,-0.00681,-0.21016,-0.01861,-0.21717,0.31301,-0.22379,-0.04199,-0.11181,-0.45711,0.04813,-0.11441,-0.1038,0.45828
79.92,-0.03595,0.03154,-0.0228,-0.16358,0,0.01204,-0.29668,0.07742,0.03826,1.16448,-0.58824,-0.69592,-0.22602,0.84233,-1.75976,-0.22385,-0.9977,-0.44517,-0.18242,-2.14336,-1.38282,-3.89057,1.72771,-0.66772,-1.99325,0.85466,-0.03837,-0.0051,-0.31824,0.02141,-0.22151,0.36928,0.11892,-0.07252,-0.05796,-0.33624,-0.0296,-0.08307,-0.09943,0.471
79.94,-0.04669,0.03317,-0.01423,-0.33784,0,0.01303,-0.2179,0.10617,0.24037,0.84608,-0.60562,-0.6063,-0.1328,0.85943,-0.92955,-0.10828,-0.83139,0.11246,-0.28456,-2.02399,-1.78645,-5.57721,2.19353,-0.6494,-1.91446,0.93596,-0.07071,-0.00347,-0.26616,0.08058,-0.22809,0.38301,0.35219,-0.12724,-0.02448,-0.2184,-0.07363,-0.05229,-0.09706,0.48628
79.96,-0.0603,0.03446,-0.00501,-0.49263,0,0.02356,-0.13222,0.11956,0.43377,0.53806,-0.59448,-0.48595,-0.06386,0.76111,-0.18985,0.002,-0.65081,0.60614,-0.36805,-1.83449,-2.05655,-7.00869,2.55418,-0.63083,-1.74694,0.94493,-0.1076,-0.00201,-0.10722,0.14677,-0.23296,0.36589,0.49251,-0.19187,-0.00801,-0.11677,-0.09486,-0.02231,-0.096,0.50045
79.98,-0.07471,0.03482,0.00395,-0.6153,0,0.03856,-0.04635,0.12091,0.60387,0.25767,-0.55949,-0.34875,-0.02087,0.58157,0.4755,0.09729,-0.45889,1.02458,-0.42593,-1.59328,-2.19637,-8.13428,2.79199,-0.60824,-1.52768,0.88934,-0.14298,-0.00079,0.10555,0.20854,-0.23282,0.32837,0.55784,-0.25289,-0.00424,-0.04066,-0.10431,0.00661,-0.09528,0.50936
80,-0.08803,0.03379,0.01189,-0.69673,0,0.05346,0.03395,0.11373,0.73854,0.0185,-0.50604,-0.2084,-0.00321,0.35491,1.06821,0.17121,-0.26013,1.36102,-0.4546,-1.31988,-2.21293,-8.89797,2.89849,-0.5777,-1.28994,0.78232,-0.17182,0.00018,0.32476,0.2565,-0.2251,0.27929,0.56598,-0.29896,-0.00857,0.00518,-0.11164,0.03414,-0.09375,0.5088
80.02,-0.09873,0.03112,0.01826,-0.73174,0,0.06467,0.10433,0.10114,0.82903,-0.17049,-0.43929,-0.07696,-0.00808,0.11194,1.57735,0.22099,-0.06074,1.61257,-0.45431,-1.03312,-2.11691,-9.24686,2.8739,-0.53645,-1.05836,0.6405,-0.19063,0.00089,0.51252,0.28427,-0.20809,0.22567,0.53345,-0.32194,-0.01666,0.02062,-0.12415,0.05988,-0.09018,0.49485
80.04,-0.10577,0.02676,0.02276,-0.71905,0,0.06984,0.16208,0.08552,0.87045,-0.30514,-0.36368,0.0362,-0.0311,-0.122,1.98374,0.24723,0.13171,1.77955,-0.42889,-0.74972,-1.92233,-9.14143,2.72627,-0.48368,-0.84634,0.48181,-0.19764,0.00136,0.64243,0.28882,-0.18099,0.17273,0.47468,-0.31741,-0.02482,0.00966,-0.14618,0.08334,-0.08342,0.4643
80.06,-0.10862,0.02086,0.02529,-0.66104,0,0.06789,0.20601,0.06849,0.86192,-0.38572,-0.28264,0.12498,-0.06708,-0.32817,2.26611,0.25327,0.30878,1.86494,-0.38482,-0.48348,-1.64592,-8.56637,2.47019,-0.42054,-0.65595,0.32348,-0.19278,0.00161,0.7,0.27028,-0.14387,0.12407,0.40164,-0.28473,-0.03023,-0.02057,-0.17892,0.10406,-0.07252,0.41495
80.08,-0.10727,0.01373,0.02594,-0.56321,0,0.05889,0.23627,0.05097,0.80645,-0.41613,-0.19871,0.18665,-0.11075,-0.49469,2.40758,0.24432,0.46197,1.87403,-0.33004,-0.24479,-1.30642,-7.54012,2.12551,-0.34984,-0.47975,0.18025,-0.17739,0.00168,0.68181,0.23149,-0.09766,0.08185,0.32369,-0.2267,-0.03104,-0.06108,-0.22064,0.12167,-0.05685,0.34601
80.1,-0.10215,0.00578,0.02499,-0.43358,0,0.04386,0.25403,0.03337,0.71053,-0.40303,-0.11375,0.22157,-0.15749,-0.61615,2.40116,0.22648,0.58346,1.81419,-0.27261,-0.04052,-0.9239,-6.12057,1.71597,-0.27549,-0.3042,0.0631,-0.15383,0.00163,0.59393,0.17724,-0.04413,0.04711,0.24773,-0.14897,-0.02639,-0.10235,-0.26717,0.13594,-0.03625,0.25828
80.12,-0.09401,-0.00245,0.02286,-0.28189,0,0.02444,0.2611,0.0158,0.58336,-0.35489,-0.02925,0.23265,-0.20359,-0.6926,2.25284,0.20593,0.66691,1.6948,-0.21965,0.12578,-0.51902,-4.40456,1.26785,-0.20194,-0.11388,-0.02129,-0.1251,0.00148,0.44966,0.11354,0.01432,0.02,0.17843,-0.05921,-0.01636,-0.13553,-0.31271,0.14684,-0.01108,0.15429
80.14,-0.08383,-0.01041,0.02004,-0.11869,0,0.00269,0.25963,-0.00176,0.43588,-0.28115,0.05342,0.22458,-0.24625,-0.7282,1.98175,0.18815,0.70808,1.52695,-0.17657,0.25357,-0.11229,-2.51997,0.80842,-0.13367,0.10379,-0.07039,-0.09441,0.00128,0.26704,0.04681,0.07476,0.0001,0.11858,0.03391,-0.00179,-0.15341,-0.35066,0.15441,0.01777,0.03814
80.16,-0.07259,-0.01754,0.01704,0.04562,0,-0.01922,0.2517,-0.01936,0.27955,-0.19155,0.1328,0.20291,-0.28332,-0.72968,1.61781,0.17748,0.70527,1.32324,-0.14665,0.34487,0.27675,-0.61188,0.36433,-0.07481,0.35422,-0.08513,-0.06472,0.00105,0.06623,-0.01681,0.13405,-0.01345,0.06942,0.12181,0.0158,-0.15111,-0.37468,0.15872,0.04888,-0.08483
80.18,-0.06121,-0.02338,0.01434,0.2017,0,-0.03923,0.23921,-0.037,0.12514,-0.0955,0.20721,0.17316,-0.31283,-0.70485,1.19777,0.17673,0.65969,1.09736,-0.13103,0.40374,0.63025,1.17448,-0.04004,-0.02884,0.63246,-0.06893,-0.03853,0.00083,-0.13296,-0.07204,0.18907,-0.02168,0.03107,0.19704,0.03443,-0.12658,-0.37966,0.15976,0.08048,-0.20845
80.2,-0.05037,-0.02753,0.01232,0.34193,0,-0.05559,0.22361,-0.05458,-0.01819,-0.0017,0.27477,0.1402,-0.33269,-0.66137,0.7608,0.1871,0.57557,0.86367,-0.12884,0.43574,0.93282,2.71018,-0.38401,0.00162,0.92191,-0.02669,-0.01757,0.00061,-0.31303,-0.11493,0.23704,-0.02569,0.00285,0.2541,0.05187,-0.08067,-0.36244,0.15735,0.11051,-0.3262
80.22,-0.04054,-0.02977,0.01127,0.46076,0,-0.06698,0.20597,-0.07192,-0.1435,0.08225,0.33342,0.10777,-0.3406,-0.60587,0.34446,0.20822,0.46001,0.63641,-0.13761,0.44733,1.17207,3.89581,-0.65179,0.01496,1.19581,0.036,-0.00276,0.00043,-0.46027,-0.14302,0.27565,-0.02653,-0.01644,0.28987,0.06586,-0.01698,-0.32237,0.15122,0.13681,-0.43174
80.24,-0.03193,-0.03,0.01135,0.55479,0,-0.07263,0.18694,-0.08869,-0.24623,0.1501,0.38106,0.07844,-0.33417,-0.54354,-0.01846,0.23841,0.32248,0.42877,-0.15386,0.44522,1.33903,4.66982,-0.83338,0.01072,1.42145,0.11337,0.00576,0.00027,-0.56541,-0.15542,0.30328,-0.02517,-0.02826,0.30367,0.07436,0.05866,-0.26132,0.14106,0.15737,-0.51931
80.26,-0.02457,-0.0283,0.01259,0.62245,0,-0.07234,0.16692,-0.10444,-0.32402,0.19726,0.41578,0.05369,-0.31137,-0.47804,-0.30211,0.27501,0.17411,0.25178,-0.17368,0.43565,1.42853,5.0119,-0.92515,-0.01029,1.56642,0.19964,0.00847,0.00015,-0.62382,-0.15263,0.31903,-0.02242,-0.03416,0.29702,0.07583,0.13892,-0.18344,0.12671,0.1705,-0.58419
80.28,-0.01838,-0.02486,0.01495,0.6637,0,-0.06648,0.14621,-0.11855,-0.37632,0.22096,0.43601,0.03428,-0.27107,-0.41171,-0.48896,0.31479,0.02673,0.1132,-0.19335,0.42386,1.43943,4.94215,-0.93003,-0.04597,1.60546,0.28909,0.0063,6e-05,-0.63526,-0.13633,0.32276,-0.01891,-0.0356,0.27314,0.06946,0.21594,-0.0947,0.10832,0.1751,-0.62304
80.3,-0.01327,-0.02002,0.01828,0.67959,0,-0.05595,0.12509,-0.13031,-0.40394,0.22037,0.44083,0.02054,-0.21349,-0.34587,-0.57019,0.35438,-0.1081,0.01683,-0.20983,0.41361,1.37473,4.51637,-0.85727,-0.09298,1.52602,0.37601,0.0004,0,-0.60333,-0.10905,0.31512,-0.01515,-0.03394,0.23634,0.05531,0.28217,-0.00218,0.08649,0.17077,-0.63422
80.32,-0.00914,-0.01421,0.02239,0.67196,0,-0.04207,0.10396,-0.13897,-0.40865,0.1966,0.43008,0.01262,-0.14053,-0.28126,-0.54555,0.39057,-0.22002,-0.03771,-0.22101,0.40696,1.2414,3.81784,-0.72155,-0.14689,1.33117,0.45469,-0.00803,-4e-05,-0.5347,-0.07388,0.29741,-0.01148,-0.03032,0.19146,0.03433,0.33125,0.08662,0.06233,0.15789,-0.61792
80.34,-0.00598,-0.00789,0.02703,0.64319,0,-0.02643,0.08332,-0.1438,-0.39286,0.15248,0.40447,0.01063,-0.05566,-0.21829,-0.42249,0.42055,-0.30075,-0.0545,-0.22583,0.40425,1.04988,2.94616,-0.54143,-0.20261,1.03889,0.51962,-0.01784,-6e-05,-0.43814,-0.03414,0.27152,-0.00813,-0.02567,0.14335,0.00831,0.35867,0.16453,0.03733,0.13759,-0.57609
80.36,-0.00379,-0.00156,0.03191,0.59606,0,-0.01068,0.0637,-0.14429,-0.35943,0.09226,0.36553,0.01465,0.03634,-0.15726,-0.21492,0.4421,-0.34487,-0.04045,-0.22411,0.40433,0.81327,2.00449,-0.33731,-0.25482,0.67853,0.56575,-0.02807,-8e-05,-0.32356,0.0069,0.23967,-0.00523,-0.02072,0.09641,-0.02038,0.36223,0.22548,0.0132,0.11162,-0.5123
80.38,-0.00259,0.00434,0.03672,0.53373,0,0.00363,0.04558,-0.14019,-0.3116,0.02115,0.31558,0.0246,0.12998,-0.0985,0.0583,0.45363,-0.35031,-0.00403,-0.21636,0.40491,0.54642,1.0872,-0.12925,-0.29853,0.28537,0.58892,-0.03789,-9e-05,-0.201,0.0463,0.2043,-0.00281,-0.01601,0.05424,-0.0491,0.34232,0.26508,-0.00841,0.08211,-0.4314
80.4,-0.00237,0.00942,0.04111,0.45975,0,0.01527,0.02934,-0.13167,-0.2529,-0.05515,0.2576,0.04018,0.21963,-0.04243,0.37502,0.45426,-0.31858,0.04589,-0.20351,0.40309,0.26498,0.27013,0.06492,-0.3296,-0.10494,0.58631,-0.04667,-0.00011,-0.07982,0.08162,0.1678,-0.00088,-0.01189,0.01945,-0.07519,0.30188,0.28108,-0.02612,0.05136,-0.33923
80.42,-0.00305,0.0134,0.04474,0.37798,0,0.0234,0.01515,-0.11932,-0.18713,-0.13099,0.1951,0.06074,0.30017,0.01038,0.71146,0.44383,-0.25453,0.10106,-0.18665,0.39587,-0.0155,-0.39506,0.23095,-0.34512,-0.4611,0.55679,-0.05394,-0.00014,0.03191,0.11098,0.13237,0.00062,-0.0086,-0.00645,-0.09634,0.24605,0.27355,-0.03901,0.02166,-0.24212
80.44,-0.0045,0.01613,0.04728,0.2925,0,0.02765,0.00306,-0.10413,-0.11821,-0.20132,0.13186,0.08533,0.36748,0.05919,1.044,0.42281,-0.16569,0.15453,-0.16689,0.38073,-0.28046,-0.88184,0.3589,-0.34366,-0.75916,0.50114,-0.05933,-0.00018,0.12787,0.13309,0.09985,0.00173,-0.00624,-0.02297,-0.11071,0.18141,0.24467,-0.0467,-0.00499,-0.14641
80.46,-0.0065,0.01754,0.04846,0.20739,0,0.02811,-0.007,-0.08741,-0.04996,-0.2622,0.07168,0.11273,0.41891,0.10314,1.35093,0.39226,-0.06116,0.20093,-0.14526,0.35609,-0.51717,-1.1859,0.44323,-0.32528,-0.98396,0.42211,-0.06258,-0.00024,0.20368,0.14723,0.07158,0.00254,-0.00484,-0.03058,-0.11719,0.11511,0.19841,-0.04935,-0.02697,-0.05793
80.48,-0.00882,0.01769,0.04807,0.12647,0,0.02522,-0.01508,-0.0706,0.01409,-0.31121,0.01816,0.14156,0.45355,0.14123,1.61406,0.35368,0.04953,0.23664,-0.12264,0.32173,-0.71545,-1.31976,0.48247,-0.29147,-1.12911,0.32426,-0.0635,-0.00032,0.257,0.15311,0.04829,0.00309,-0.00435,-0.03043,-0.11544,0.05378,0.13994,-0.0476,-0.04324,0.01852
80.5,-0.01119,0.01672,0.04602,0.05308,0,0.01975,-0.02118,-0.05517,0.07094,-0.34778,-0.02557,0.1705,0.47236,0.17236,1.81998,0.30897,0.15749,0.2596,-0.09981,0.27907,-0.86822,-1.30669,0.47862,-0.24498,-1.19591,0.21371,-0.06197,-0.00042,0.28745,0.15086,0.03012,0.00342,-0.00466,-0.02423,-0.10593,0.00272,0.07503,-0.0424,-0.05334,0.07952
80.52,-0.01335,0.01483,0.04233,-0.01006,0,0.01267,-0.02515,-0.04248,0.11819,-0.37316,-0.05702,0.19834,0.47801,0.19538,1.96074,0.26026,0.25525,0.26907,-0.07746,0.23115,-0.97178,-1.1752,0.43638,-0.18946,-1.19167,0.09759,-0.05797,-0.00053,0.29636,0.14097,0.01669,0.00358,-0.00562,-0.01395,-0.08983,-0.03465,0.00953,-0.03497,-0.05744,0.12323
80.54,-0.0151,0.01228,0.03711,-0.06102,0,0.00501,-0.0267,-0.03368,0.15417,-0.39014,-0.07443,0.22418,0.47455,0.20915,2.03389,0.20975,0.3372,0.26537,-0.0562,0.18239,-1.02571,-0.95478,0.36238,-0.12901,-1.12746,-0.01668,-0.0516,-0.00066,0.2864,0.12423,0.00724,0.00355,-0.00701,-0.00169,-0.06887,-0.05693,-0.05114,-0.02653,-0.05618,0.1493
80.56,-0.0163,0.00932,0.03058,-0.09864,0,-0.00223,-0.02539,-0.02964,0.17787,-0.4026,-0.07683,0.24744,0.46674,0.21257,2.04196,0.15953,0.39965,0.2495,-0.03659,0.13804,-1.03263,-0.67333,0.26437,-0.06777,-1.01591,-0.12224,-0.04314,-0.00078,0.26112,0.10178,0.00086,0.00331,-0.00858,0.0106,-0.04509,-0.0646,-0.10244,-0.01826,-0.05057,0.1587
80.58,-0.01688,0.0062,0.02302,-0.12256,0,-0.0082,-0.02075,-0.03085,0.18898,-0.41477,-0.06408,0.26793,0.45941,0.20472,1.99167,0.11144,0.44073,0.22284,-0.01913,0.10355,-0.99774,-0.3558,0.15051,-0.00938,-0.86931,-0.21359,-0.03302,-0.00088,0.22443,0.07506,-0.00332,0.00282,-0.01,0.02124,-0.02058,-0.05955,-0.14101,-0.01111,-0.04179,0.15338
80.6,-0.01686,0.00314,0.01474,-0.13315,0,-0.01228,-0.01234,-0.03743,0.18774,-0.4305,-0.03686,0.28579,0.45667,0.18499,1.89291,0.06689,0.46023,0.1869,-0.00416,0.08374,-0.9283,-0.02397,0.02879,0.04333,-0.69824,-0.28721,-0.02192,-0.00094,0.18014,0.04582,-0.0059,0.00202,-0.01089,0.02899,0.00277,-0.04467,-0.16487,-0.0057,-0.03102,0.13594
80.62,-0.01634,0.0003,0.00608,-0.13139,0,-0.01416,6e-05,-0.04905,0.17495,-0.45251,0.00331,0.30139,0.46123,0.15328,1.7576,0.02685,0.45939,0.14312,0.00815,0.08208,-0.83295,0.30328,-0.09337,0.08852,-0.51118,-0.3417,-0.01063,-0.00093,0.13153,0.01599,-0.00714,0.00083,-0.01083,0.03314,0.02345,-0.02333,-0.17355,-0.00232,-0.0193,0.10927
80.64,-0.01547,-0.00221,-0.00265,-0.11875,0,-0.01385,0.01635,-0.06498,0.15185,-0.48164,0.05415,0.31509,0.47376,0.11017,1.59842,-0.00822,0.44079,0.09277,0.01796,0.09987,-0.72097,0.60944,-0.20945,0.12529,-0.31481,-0.37763,-5e-05,-0.00082,0.08104,-0.01249,-0.00702,-0.00084,-0.0093,0.03362,0.04043,0.00099,-0.16803,-0.00089,-0.00749,0.0763
80.66,-0.01438,-0.00434,-0.01115,-0.09703,0,-0.01169,0.03592,-0.08403,0.12007,-0.51624,0.11261,0.32704,0.49237,0.05713,1.4276,-0.03822,0.40826,0.03693,0.02584,0.1356,-0.60147,0.87996,-0.31401,0.15355,-0.11496,-0.39691,0.00902,-0.00056,0.03007,-0.03785,-0.00527,-0.00305,-0.00576,0.03098,0.05324,0.02501,-0.15058,-0.00098,0.00383,0.03982
80.68,-0.01318,-0.00609,-0.01912,-0.06826,0,-0.00828,0.05757,-0.10463,0.08161,-0.55166,0.17496,0.33689,0.5123,-0.00331,1.25579,-0.06343,0.36681,-0.02354,0.03287,0.18442,-0.48261,1.10202,-0.40278,0.17371,0.08229,-0.40216,0.01591,-0.00013,-0.021,-0.05874,-0.00161,-0.00586,0.00032,0.02632,0.06187,0.04582,-0.12454,-0.00197,0.01431,0.00227
80.7,-0.01191,-0.0075,-0.02632,-0.03458,0,-0.00442,0.07939,-0.12491,0.0388,-0.58009,0.2369,0.3437,0.52568,-0.06755,1.09136,-0.08431,0.32248,-0.08782,0.04065,0.23774,-0.37099,1.26464,-0.47274,0.18642,0.26966,-0.396,0.02026,0.00053,-0.07265,-0.07431,0.00415,-0.00928,0.00949,0.02124,0.06678,0.06113,-0.09396,-0.00303,0.0238,-0.03425
80.72,-0.01052,-0.00863,-0.03254,0.0017,0,-0.00098,0.09881,-0.14278,-0.00575,-0.59057,0.29362,0.34589,0.52171,-0.13093,0.93995,-0.10142,0.2821,-0.15495,0.0512,0.28322,-0.27117,1.35907,-0.52196,0.19236,0.43845,-0.38068,0.02205,0.00143,-0.12569,-0.08433,0.01193,-0.01327,0.02216,0.01754,0.06871,0.06932,-0.0632,-0.00332,0.03226,-0.06796
80.74,-0.00888,-0.00955,-0.03759,0.03807,0,0.0012,0.11266,-0.15617,-0.04912,-0.56945,0.33996,0.34134,0.48703,-0.18799,0.80447,-0.11532,0.25271,-0.22356,0.06674,0.30504,-0.1854,1.37951,-0.54947,0.19209,0.57909,-0.35788,0.02155,0.00261,-0.18062,-0.08898,0.02132,-0.01769,0.03861,0.01696,0.06859,0.06962,-0.03646,-0.00202,0.03973,-0.09737
80.76,-0.0068,-0.0103,-0.04131,0.07174,0,0.00152,0.11743,-0.16317,-0.08818,-0.50119,0.37064,0.32768,0.40634,-0.23287,0.68531,-0.12641,0.24093,-0.29155,0.08938,0.28457,-0.11353,1.32395,-0.55503,0.18604,0.68235,-0.32884,0.01925,0.00408,-0.23675,-0.0887,0.03159,-0.02231,0.05883,0.02078,0.06729,0.06221,-0.01726,0.00151,0.04619,-0.12114
80.78,-0.00405,-0.01089,-0.0436,0.09956,0,-0.00027,0.10944,-0.16234,-0.11967,-0.36942,0.38046,0.30252,0.26347,-0.25979,0.5808,-0.13486,0.2521,-0.35571,0.1207,0.20145,-0.05307,1.19501,-0.53884,0.17452,0.741,-0.29465,0.01575,0.0058,-0.29139,-0.08392,0.04171,-0.02678,0.08242,0.02951,0.06551,0.04829,-0.00793,0.00768,0.0515,-0.138
80.8,-0.00043,-0.0113,-0.04437,0.118,0,-0.00391,0.08524,-0.15281,-0.14032,-0.15838,0.36455,0.26387,0.04251,-0.26355,0.48777,-0.14046,0.28956,-0.41142,0.16142,0.03485,0.00068,1.00058,-0.50135,0.15782,0.75131,-0.25656,0.01168,0.00772,-0.3393,-0.07482,0.05042,-0.0306,0.10846,0.04258,0.06361,0.03013,-0.00921,0.01653,0.05537,-0.14672
80.82,0.00424,-0.01143,-0.04357,0.1233,0,-0.00862,0.04181,-0.13446,-0.14707,0.14551,0.31865,0.21027,-0.27063,-0.23998,0.40204,-0.14254,0.35391,-0.45228,0.21101,-0.23474,0.05432,0.75368,-0.44303,0.13631,0.71403,-0.21622,0.00756,0.00974,-0.37244,-0.06123,0.05634,-0.03312,0.13541,0.05821,0.06152,0.01105,-0.02006,0.02774,0.05737,-0.14612
80.84,0.01002,-0.01112,-0.04115,0.11171,0,-0.0131,-0.02305,-0.10795,-0.13726,0.55188,0.23928,0.14102,-0.68658,-0.1864,0.31885,-0.13984,0.44246,-0.46996,0.26746,-0.62362,0.1159,0.47176,-0.36419,0.11048,0.63461,-0.17573,0.00375,0.0117,-0.38028,-0.04257,0.05807,-0.03356,0.16095,0.07351,0.05874,-0.00485,-0.03762,0.04056,0.05689,-0.13518
80.86,0.01692,-0.01019,-0.0371,0.07989,0,-0.01564,-0.1105,-0.07464,-0.10897,1.06451,0.1241,0.05619,-1.21059,-0.10188,0.23312,-0.13043,0.5489,-0.45407,0.3271,-1.14253,0.19436,0.17525,-0.26489,0.08102,0.52279,-0.13757,0.00047,0.01337,-0.35052,-0.01802,0.05431,-0.03099,0.1819,0.08462,0.05432,-0.01287,-0.05743,0.05387,0.05329,-0.11317
80.88,0.02478,-0.00839,-0.03141,0.02532,0,-0.01424,-0.22031,-0.03648,-0.06125,1.67929,-0.02785,-0.04332,-1.84042,0.01238,0.13963,-0.11171,0.66307,-0.3924,0.38442,-1.79413,0.29884,-0.11403,-0.14489,0.04878,0.39159,-0.10435,-0.00219,0.01447,-0.27023,0.01331,0.04396,-0.02442,0.1942,0.08711,0.04697,-0.00813,-0.07373,0.06615,0.04595,-0.07986
80.9,0.03334,-0.00547,-0.02406,-0.05326,0,-0.00686,-0.35055,0.00405,0.00557,2.38214,-0.21569,-0.15575,-2.56407,0.15272,0.03303,-0.08044,0.77088,-0.27134,0.43208,-2.57029,0.43776,-0.3743,-0.0039,0.0148,0.25616,-0.07851,-0.00429,0.01465,-0.12717,0.05208,0.02631,-0.01283,0.19294,0.07636,0.0352,0.01406,-0.07996,0.07565,0.03441,-0.03567
80.92,0.04215,-0.00121,-0.01509,-0.15553,0,0.00846,-0.49732,0.04413,0.0897,3.14716,-0.43619,-0.27839,-3.35761,0.31278,-0.09221,-0.03302,0.85448,-0.07678,0.46085,-3.44942,0.61777,-0.58482,0.15816,-0.0198,0.1325,-0.06201,-0.00591,0.01349,0.08875,0.09843,0.00112,0.00477,0.1725,0.04793,0.01749,0.05779,-0.0693,0.08049,0.01839,0.01817
80.94,0.05064,0.00459,-0.00456,-0.2794,0,0.03329,-0.65445,0.08071,0.18788,3.93527,-0.68325,-0.40744,-4.18331,0.48321,-0.24193,0.03419,0.89269,0.20462,0.45966,-4.39428,0.84259,-0.72634,0.34063,-0.0539,0.03623,-0.05603,-0.00714,0.01056,0.38407,0.15169,-0.03123,0.02917,0.1268,-0.00203,-0.00753,0.1261,-0.03527,0.07882,-0.00205,0.07967
80.96,0.05803,0.01202,0.00738,-0.42101,0,0.06868,-0.81342,0.11062,0.29537,4.69399,-0.94745,-0.53783,-4.98868,0.6516,-0.42233,0.12445,0.86181,0.58375,0.41594,-5.35069,1.11177,-0.78122,0.54158,-0.08651,-0.01864,-0.06071,-0.00802,0.00538,0.76045,0.21011,-0.06964,0.06086,0.04972,-0.07639,-0.04079,0.22063,0.02759,0.06906,-0.02654,0.14609
80.98,0.06342,0.02108,0.02049,-0.57479,0,0.11493,-0.96342,0.13077,0.40613,5.35888,-1.21568,-0.66323,-5.70686,0.80262,-0.63979,0.24007,0.737,1.06703,0.31608,-6.24769,1.41959,-0.73345,0.75727,-0.11694,-0.02084,-0.07493,-0.00843,-0.00247,1.21346,0.27066,-0.11218,0.09991,-0.06434,-0.17667,-0.08263,0.3412,0.12289,0.05014,-0.05431,0.21414
81,0.06578,0.03158,0.03438,-0.73364,0,0.17138,-1.0917,0.13823,0.51306,5.85723,-1.47115,-0.77604,-6.25902,0.91848,-0.90043,0.38201,0.4943,1.65421,0.14647,-6.99984,1.75435,-0.56898,0.98175,-0.14495,0.03708,-0.0962,-0.00808,-0.01337,1.73166,0.32891,-0.15608,0.14584,-0.21973,-0.30262,-0.13253,0.48542,0.2517,0.02174,-0.08421,0.28019
81.02,0.06403,0.04317,0.04849,-0.88918,0,0.23634,-1.18437,0.13051,0.60826,6.11444,-1.69378,-0.86765,-6.55907,0.97982,-1.20905,0.54951,0.11339,2.33602,-0.10514,-7.51207,2.0981,-0.27652,1.20682,-0.17091,0.15785,-0.12069,-0.00639,-0.02752,2.29605,0.37903,-0.1977,0.19745,-0.41874,-0.45176,-0.18895,0.64839,0.41167,-0.01545,-0.11466,0.34049
81.04,0.05714,0.05527,0.0621,-1.03207,0,0.30697,-1.2274,0.10566,0.68344,6.06319,-1.86113,-0.92897,-6.52097,0.96707,-1.56766,0.74002,-0.41913,3.09207,-0.44775,-7.68711,2.42715,0.15107,1.42223,-0.19585,0.33861,-0.14334,-0.00251,-0.04498,2.88008,0.41399,-0.23267,0.25282,-0.66069,-0.61899,-0.24928,0.82245,0.5964,-0.05955,-0.14372,0.39147
81.06,0.04421,0.06712,0.07434,-1.15238,0,0.37929,-1.20813,0.06258,0.73037,5.65492,-1.94998,-0.95109,-6.0681,0.8623,-1.97379,0.9493,-1.10589,3.88916,-0.88478,-7.43549,2.71336,0.71482,1.61639,-0.2214,0.57044,-0.15826,0.0048,-0.06549,3.45032,0.42585,-0.25612,0.30928,-0.94104,-0.79629,-0.30989,0.99711,0.7949,-0.1074,-0.16907,0.43002
81.08,0.02466,0.07773,0.08423,-1.24011,0,0.44837,-1.11689,0.00123,0.74148,4.87259,-1.93856,-0.9263,-5.14411,0.65157,-2.41867,1.17204,-1.93509,4.68033,-1.41162,-6.68693,2.92636,1.40746,1.7775,-0.24969,0.83804,-0.15919,0.01706,-0.0885,3.96794,0.40636,-0.26294,0.36349,-1.25066,-0.97252,-0.36623,1.15922,0.9914,-0.1545,-0.18816,0.45375
81.1,-0.00169,0.08601,0.09073,-1.28576,0,0.50848,-0.94866,-0.07707,0.71062,3.73854,-1.80923,-0.84916,-3.72345,0.32741,-2.88594,1.4027,-2.87732,5.4048,-2.01318,-5.40163,3.03643,2.21118,1.89499,-0.28296,1.11994,-0.14023,0.03604,-0.11312,4.3909,0.34768,-0.24829,0.41168,-1.57537,-1.13359,-0.41322,1.29331,1.16566,-0.19518,-0.19836,0.46129
81.12,-0.03446,0.09075,0.09288,-1.28095,0,0.55354,-0.70434,-0.16938,0.6338,2.30601,-1.55155,-0.71761,-1.82001,-0.10875,-3.35096,1.63685,-3.88385,5.98944,-2.6619,-3.5797,3.01802,3.09595,1.9612,-0.32295,1.38925,-0.09667,0.06363,-0.13805,4.67692,0.24329,-0.20811,0.44995,-1.89596,-1.26295,-0.44569,1.38232,1.2938,-0.22288,-0.19717,0.45237
81.14,-0.07267,0.09083,0.0899,-1.21902,0,0.57753,-0.39164,-0.27099,0.50998,0.63626,-1.16525,-0.53388,0.50749,-0.64446,-3.7811,1.87275,-4.8869,6.35172,-3.31663,-1.26724,2.85353,4.01876,1.97318,-0.3701,1.61508,-0.02593,0.10152,-0.1617,4.78698,0.08899,-0.13972,0.47468,-2.18883,-1.34249,-0.45906,1.40867,1.34995,-0.23065,-0.18248,0.42788
81.16,-0.11468,0.08529,0.08136,-1.09564,0,0.57517,-0.02532,-0.37538,0.34181,-1.2172,-0.66278,-0.30521,3.1538,-1.25496,-4.13712,2.11304,-5.80282,6.40475,-3.92281,1.44141,2.53693,4.92408,1.93441,-0.42258,1.76439,0.07154,0.15098,-0.18219,4.68941,-0.1161,-0.0424,0.48303,-2.42735,-1.35392,-0.45001,1.35566,1.30845,-0.21181,-0.1529,0.38964
81.18,-0.15826,0.07348,0.06728,-0.90938,0,0.54255,0.37322,-0.4744,0.13606,-3.20438,-0.07011,-0.04407,5.96955,-1.90306,-4.37546,2.36625,-6.53852,6.06416,-4.41442,4.40547,2.07656,5.746,1.85625,-0.4754,1.80418,0.19155,0.21244,-0.19755,4.36416,-0.36859,0.08211,0.47333,-2.58411,-1.28046,-0.41732,1.20917,1.14665,-0.16069,-0.10806,0.34013
81.2,-0.20075,0.05521,0.04826,-0.66217,0,0.47777,0.77697,-0.55874,-0.09617,-5.26239,0.57609,0.23221,8.76779,-2.54059,-4.45145,2.64762,-7.00155,5.2568,-4.71811,7.44398,1.49622,6.41199,1.75885,-0.51975,1.70346,0.32602,0.28524,-0.20588,3.80653,-0.66038,0.22934,0.44527,-2.63385,-1.10877,-0.36239,0.95951,0.84787,-0.07344,-0.04872,0.28192
81.22,-0.23924,0.03083,0.02547,-0.35959,0,0.38146,1.15518,-0.6188,-0.33996,-7.29572,1.23218,0.50261,11.33527,-3.11204,-4.3229,2.9787,-7.11362,3.93039,-4.7597,10.3471,0.83374,6.84843,1.67085,-0.54275,1.43478,0.46336,0.36737,-0.2056,3.02973,-0.97851,0.39226,0.39986,-2.55706,-0.83077,-0.28966,0.60323,0.4043,0.05134,0.0231,0.21693
81.24,-0.27094,0.00125,0.00064,-0.0107,0,0.25706,1.47598,-0.64579,-0.57764,-9.16039,1.84868,0.74452,13.44864,-3.56021,-3.9541,3.38546,-6.82671,2.0636,-4.47285,12.89268,0.13652,6.98762,1.62789,-0.52787,0.97526,0.58975,0.45526,-0.19566,2.06565,-1.30587,0.56174,0.33893,-2.34386,-0.44531,-0.20649,0.14457,-0.18063,0.21204,0.10435,0.14555
81.26,-0.29356,-0.03204,-0.02412,0.37232,0,0.1109,1.7096,-0.63314,-0.79042,-10.66869,2.37218,0.9364,14.89465,-3.83343,-3.31974,3.89495,-6.13947,-0.3247,-3.80918,14.86706,-0.54492,6.77576,1.66972,-0.45593,0.30742,0.69087,0.5439,-0.17584,0.96371,-1.62239,0.72747,0.26447,-1.9976,0.04057,-0.12283,-0.40346,-0.89036,0.40372,0.19119,0.06576
81.28,-0.30567,-0.06709,-0.04648,0.77489,0,-0.04807,1.83175,-0.57778,-0.96034,-11.6275,2.7527,1.06062,15.49231,-3.89305,-2.40882,4.53072,-5.11054,-3.16804,-2.74836,16.08753,-1.16419,6.18081,1.83635,-0.30684,-0.57967,0.75391,0.62693,-0.14691,-0.21167,-1.90677,0.87902,0.17774,-1.53778,0.61091,-0.05041,-1.01883,-1.69424,0.61796,0.27935,-0.02751
81.3,-0.30702,-0.10159,-0.06414,1.18084,0,-0.20863,1.82656,-0.48116,-1.07213,-11.89085,2.95288,1.10574,15.11362,-3.71953,-1.22769,5.30728,-3.86405,-6.34892,-1.30605,16.42295,-1.68525,5.19845,2.16334,-0.06193,-1.68837,0.76941,0.69706,-0.11071,-1.38519,-2.13827,1.00684,0.07863,-1.00096,1.24071,-0.0018,-1.67098,-2.54761,0.84292,0.36447,-0.14245
81.32,-0.29862,-0.133,-0.07501,1.57326,0,-0.35814,1.68841,-0.34954,-1.11471,-11.39478,2.95348,1.06779,13.69962,-3.31574,0.19826,6.22396,-2.58308,-9.7011,0.46231,15.80895,-2.08616,3.85463,2.67675,0.29316,-3.00936,0.73246,0.74663,-0.07008,-2.47592,-2.29859,1.10308,-0.03478,-0.43891,1.89696,0.01077,-2.32263,-3.39339,1.06359,0.44218,-0.28959
81.34,-0.28264,-0.15883,-0.07744,1.93553,0,-0.48353,1.42257,-0.19348,-1.08218,-10.16837,2.75466,0.95025,11.26966,-2.70648,1.82488,7.25872,-1.48897,-13.01855,2.46305,14.25566,-2.35971,2.20365,3.38777,0.76515,-4.51771,0.64316,0.76838,-0.0285,-3.40397,-2.37346,1.16203,-0.1662,0.08636,2.54067,-0.02327,-2.93284,-4.16535,1.26242,0.50815,-0.48016
81.36,-0.2621,-0.17681,-0.07038,2.25234,0,-0.5726,1.04458,-0.02665,-0.97432,-8.32656,2.37433,0.76286,7.92393,-1.93504,3.59135,8.36314,-0.80846,-16.07024,4.57099,11.84843,-2.51143,0.32253,4.28796,1.34963,-6.16862,0.50632,0.75628,0.0103,-4.09805,-2.35399,1.18032,-0.32078,0.51021,3.12994,-0.11139,-3.46108,-4.79289,1.42019,0.55801,-0.72375
81.38,-0.24051,-0.18514,-0.0535,2.51057,0,-0.61547,0.57873,0.13586,-0.79663,-6.03803,1.84467,0.51995,3.8401,-1.05756,5.42377,9.46,-0.73324,-18.6181,6.63984,8.7429,-2.55597,-1.69688,5.34543,2.02774,-7.894,0.33086,0.70643,0.04292,-4.50302,-2.23784,1.15699,-0.50427,0.77423,3.62371,-0.25667,-3.87168,-5.20709,1.51734,0.58724,-1.02563
81.4,-0.22139,-0.18279,-0.02729,2.70011,0,-0.60578,0.05609,0.27925,-0.56015,-3.47471,1.20791,0.23849,-0.73569,-0.13687,7.23959,10.445,-1.37833,-20.43471,8.51474,5.15523,-2.51287,-3.75631,6.50317,2.76356,-9.60099,0.12886,0.61783,0.06676,-4.58629,-2.02988,1.09349,-0.72184,0.83467,3.98541,-0.45672,-4.13786,-5.34701,1.53548,0.59118,-1.38415
81.42,-0.20797,-0.1696,0.00701,2.81398,0,-0.54169,-0.48791,0.39072,-0.28083,-0.77725,0.512,-0.06352,-5.50401,0.76353,8.95257,11.19366,-2.74561,-21.31769,10.04555,1.34743,-2.40275,-5.75865,7.68013,3.50285,-11.17355,-0.08527,0.49276,0.08035,-4.34186,-1.7423,0.99364,-0.97662,0.669,4.18619,-0.70311,-4.24437,-5.16573,1.45916,0.56523,-1.78878
81.44,-0.2029,-0.14644,0.04747,2.84816,0,-0.42633,-1.01617,0.46077,0.0214,1.94386,-0.19351,-0.36832,-10.13369,1.58474,10.47807,11.57382,-4.69783,-21.09987,11.09987,-2.39241,-2.24438,-7.61432,8.77562,4.17384,-12.47794,-0.29563,0.33679,0.08354,-3.7913,-1.39388,0.86352,-1.26806,0.27972,4.20727,-0.98131,-4.18843,-4.63545,1.27768,0.5052,-2.21915
81.46,-0.20802,-0.1152,0.09168,2.80093,0,-0.26785,-1.49276,0.4842,0.32398,4.58586,-0.86114,-0.65916,-14.28882,2.27687,11.73856,11.46247,-6.94807,-19.65683,11.57554,-5.77385,-2.05281,-9.24619,9.67704,4.69081,-13.37237,-0.48576,0.15832,0.07747,-2.98192,-1.00854,0.71136,-1.59042,-0.30476,4.04151,-1.27139,-3.97914,-3.75157,0.98696,0.40793,-2.64528
81.48,-0.22431,-0.07871,0.13703,2.67219,0,-0.07895,-1.88576,0.46069,0.60336,7.02681,-1.44867,-0.92087,-17.65789,2.80251,12.66897,10.76469,-9.06918,-16.91449,11.41145,-8.52942,-1.83866,-10.5932,10.27022,4.96104,-13.7202,-0.63961,-0.03207,0.06435,-1.98283,-0.61352,0.54731,-1.93163,-1.03187,3.6942,-1.54918,-3.6357,-2.53555,0.5911,0.27199,-3.02938
81.5,-0.2519,-0.04059,0.1809,2.463,0,0.12392,-2.16974,0.39493,0.8368,9.109,-1.92165,-1.14011,-19.98155,3.13921,13.22094,9.43093,-10.52869,-12.85876,10.59528,-10.43872,-1.60831,-11.61244,10.45134,4.89549,-13.40553,-0.74278,-0.22263,0.04717,-0.87914,-0.23718,0.38313,-2.27303,-1.82911,3.18315,-1.78805,-3.18502,-1.03615,0.10347,0.09844,-3.3292
81.52,-0.29011,-0.00497,0.22098,2.17531,0,0.32182,-2.32756,0.2962,1.00435,10.65547,-2.25523,-1.30564,-21.07499,3.28061,13.36502,7.46927,-10.7523,-7.54761,9.16641,-11.34858,-1.36484,-12.27921,10.13891,4.42307,-12.34933,-0.78412,-0.40138,0.0293,0.2351,0.09327,0.23155,-2.59012,-2.61059,2.53762,-1.96095,-2.65863,0.67168,-0.45312,-0.10855,-3.50289
81.54,-0.33761,0.02393,0.25543,1.81189,0,0.49512,-2.35147,0.17735,1.09087,11.51843,-2.43533,-1.40851,-20.84319,3.23635,13.09044,4.95023,-9.21373,-1.12412,7.21299,-11.18775,-1.10933,-12.58524,9.28492,3.50725,-10.52443,-0.75741,-0.55734,0.01395,1.26535,0.35416,0.10542,-2.85457,-3.28553,1.79611,-2.043,-2.08924,2.49087,-1.0474,-0.34124,-3.51514
81.56,-0.39262,0.04226,0.28307,1.37664,0,0.62541,-2.2435,0.05331,1.08798,11.62233,-2.45912,-1.44235,-19.28906,3.0308,12.40342,2.00416,-5.53957,6.17174,4.86413,-9.97573,-0.84242,-12.53595,7.88417,2.16219,-7.96785,-0.66312,-0.68161,0.00367,2.12564,0.52775,0.0165,-3.03725,-3.76824,1.00316,-2.01408,-1.50723,4.30875,-1.64179,-0.58835,-3.34378
81.58,-0.45314,0.04707,0.3035,0.87501,0,0.6977,-2.01521,-0.06064,0.99565,10.98003,-2.33503,-1.40368,-16.51507,2.70072,11.32517,-1.18775,0.39106,13.99638,2.27882,-7.82547,-0.56583,-12.14766,5.98087,0.46426,-4.78861,-0.5096,-0.76846,-0.00021,2.74731,0.60425,-0.02585,-3.11184,-3.9881,0.20555,-1.86155,-0.93765,6.00551,-2.1954,-0.83539,-2.98553
81.6,-0.51721,0.0367,0.31715,0.31471,0,0.70224,-1.68673,-0.15073,0.82307,9.69164,-2.08186,-1.29221,-12.7177,2.29193,9.89078,-4.40761,8.37672,21.9059,-0.36653,-4.93862,-0.28357,-11.44561,3.67083,-1.44637,-1.16813,-0.3132,-0.81613,0.00201,3.08614,0.5833,-0.01593,-3.0584,-3.89826,-0.55137,-1.58251,-0.39814,7.46338,-2.66755,-1.06551,-2.4593
81.62,-0.5831,0.01114,0.32525,-0.29379,0,0.63586,-1.28506,-0.20636,0.58836,7.92904,-1.72689,-1.1108,-8.17323,1.85476,8.14883,-7.41965,17.8761,29.37443,-2.89121,-1.59143,-0.00267,-10.46256,1.09723,-3.37839,2.64987,-0.09677,-0.82729,0.00811,3.1266,0.47443,0.04719,-2.86614,-3.4813,-1.22721,-1.18511,0.10175,8.57566,-3.02157,-1.26097,-1.8054
81.64,-0.64952,-0.02792,0.32968,-0.93687,0,0.50259,-0.84147,-0.2215,0.31696,5.8969,-1.30292,-0.86531,-3.2142,1.4384,6.16169,-9.9928,28.05294,35.83002,-5.12345,1.88908,0.26681,-9.23813,-1.56097,-5.11694,6.38083,0.11355,-0.80888,0.01391,2.88277,0.2965,0.15899,-2.53504,-2.75122,-1.78953,-0.68873,0.55982,9.25518,-3.22843,-1.405,-1.08033
81.66,-0.7157,-0.07707,0.33271,-1.59782,0,0.31356,-0.38832,-0.19573,0.03897,3.78339,-0.84442,-0.564,1.8015,1.08469,4.00555,-11.92582,37.87739,40.70625,-6.9136,5.15683,0.51228,-7.81844,-4.10673,-6.46218,9.73012,0.29279,-0.7716,0.0134,2.39601,0.07598,0.3092,-2.07627,-1.75188,-2.21631,-0.12296,0.97939,9.44184,-3.27007,-1.48402,-0.34784
81.68,-0.78151,-0.13153,0.33682,-2.25713,0,0.08614,0.04426,-0.13469,-0.21424,1.73426,-0.38361,-0.21693,6.52469,0.82245,1.76955,-13.07182,46.26377,43.50286,-8.1464,7.8818,0.71956,-6.25638,-6.3462,-7.26968,12.42753,0.42178,-0.72899,-0.00083,1.73023,-0.15537,0.48199,-1.51147,-0.55259,-2.49779,0.47442,1.36691,9.10882,-3.1419,-1.48968,0.33139
81.7,-0.8474,-0.18543,0.34433,-2.89319,0,-0.15748,0.43115,-0.04975,-0.41339,-0.14153,0.05293,0.1647,10.64717,0.66347,-0.44737,-13.35833,52.21948,43.84544,-8.75127,9.7832,0.87391,-4.6117,-8.10994,-7.48224,14.25894,0.49088,-0.6962,-0.03696,0.96515,-0.36342,0.65669,-0.87113,0.75854,-2.63707,1.06033,1.72937,8.26635,-2.85371,-1.42022,0.90906
81.72,-0.91429,-0.23242,0.35727,-3.48319,0,-0.39242,0.75431,0.04311,-0.53436,-1.75333,0.44662,0.56907,13.92842,0.60131,-2.5431,-12.79904,54.98257,41.53355,-8.70907,10.6563,0.96092,-2.95029,-9.27117,-7.14371,15.08927,0.50159,-0.68848,-0.10298,0.18806,-0.5148,0.80927,-0.19191,2.08298,-2.64948,1.58996,2.07205,6.96189,-2.42854,-1.28069,1.35552
81.74,-0.98326,-0.26622,0.37708,-4.0043,0,-0.5938,1.00366,0.12553,-0.56055,-3.01569,0.78778,0.98429,16.21447,0.61311,-4.42274,-11.4949,54.1337,36.57113,-8.05469,10.3902,0.96731,-1.34193,-9.75925,-6.39079,14.87372,0.46581,-0.71955,-0.20565,-0.51567,-0.58018,0.91433,0.48705,3.32167,-2.56026,2.02103,2.39693,5.2759,-1.89908,-1.0818,1.66191
81.76,-1.0552,-0.28139,0.40451,-4.43511,0,-0.73977,1.17708,0.17945,-0.4845,-3.85507,1.07529,1.39869,17.44859,0.66405,-6.01118,-9.62507,49.67744,29.17722,-6.87516,8.9767,0.88171,0.14346,-9.56783,-5.42552,13.65808,0.40289,-0.79975,-0.34923,-1.07237,-0.53752,0.94769,1.12834,4.38539,-2.40116,2.31823,2.7018,3.31418,-1.3025,-0.83774,1.8386
81.78,-1.13044,-0.27397,0.43952,-4.75705,0,-0.81441,1.2796,0.19018,-0.30873,-4.23411,1.31515,1.80107,17.67336,0.71353,-7.26493,-7.42955,42.05509,19.77803,-5.30357,6.51063,0.69562,1.44043,-8.75737,-4.4761,11.57082,0.33545,-0.93439,-0.53439,-1.42896,-0.37497,0.88907,1.70044,5.20453,-2.20641,2.45742,2.98022,1.19811,-0.67472,-0.56366,1.9108
81.8,-1.2084,-0.24205,0.4812,-4.95561,0,-0.80991,1.32201,0.1489,-0.04572,-4.17001,1.51809,2.18045,17.02298,0.72155,-8.1792,-5.18491,32.00383,8.97917,-3.50844,3.18201,0.40487,2.49298,-7.45119,-3.75523,8.80906,0.28488,-1.12252,-0.75729,-1.55929,-0.09312,0.72451,2.18086,5.73619,-2.00878,2.42863,3.22216,-0.94537,-0.04584,-0.27346,1.91275
81.82,-1.28742,-0.18611,0.52784,-5.0208,0,-0.72768,1.31888,0.05434,0.28319,-3.73327,1.69649,2.52566,15.70427,0.65459,-8.78689,-3.17431,20.28898,-2.48439,-1.67782,-0.74094,0.01141,3.25899,-5.82384,-3.42364,5.62002,0.26753,-1.35613,-1.00931,-1.46671,0.29387,0.44804,2.55772,5.96733,-1.83612,2.23714,3.41512,-2.99321,0.56248,0.0215,1.88135
81.84,-1.36462,-0.10902,0.57701,-4.94695,0,-0.57789,1.28625,-0.08685,0.64982,-3.03373,1.86092,2.82448,13.96657,0.48997,-9.14866,-1.65334,7.50704,-13.81981,0.00139,-4.93748,-0.47449,3.71406,-4.08183,-3.56387,2.27867,0.29202,-1.62028,-1.27724,-1.18214,0.75852,0.06245,2.82945,5.91343,-1.70858,1.90234,3.54573,-4.83458,1.13724,0.31259,1.8502
81.86,-1.43598,-0.01582,0.62567,-4.73189,0,-0.37793,1.2393,-0.26082,1.02204,-2.202,2.01682,3.06307,12.06471,0.21865,-9.33635,-0.81515,-5.92383,-24.26158,1.36672,-9.06663,-1.03224,3.85444,-2.43879,-4.16635,-0.93619,0.35791,-1.89382,-1.54422,-0.7586,1.26158,-0.42093,3.00286,5.61324,-1.63683,1.45477,3.60156,-6.378,1.67215,0.59322,1.84447
81.88,-1.49656,0.08674,0.6704,-4.37635,0,-0.14996,1.19014,-0.44821,1.36705,-1.37012,2.162,3.22594,10.22171,-0.15379,-9.41462,-0.76035,-19.65773,-33.15562,2.30185,-12.80152,-1.6296,3.699,-1.08922,-5.12819,-3.76483,0.45574,-2.15089,-1.79117,-0.26326,1.75481,-0.98303,3.09053,5.12152,-1.6213,0.93202,3.57303,-7.55695,2.16463,0.85766,1.8773
81.9,-1.54087,0.19081,0.70767,-3.88377,0,0.08184,1.14639,-0.62651,1.65446,-0.65458,2.28581,3.29691,8.59877,-0.60795,-9.42589,-1.47829,-33.28762,-40.02452,2.75193,-15.86076,-2.22287,3.28954,-0.18514,-6.26498,-5.98515,0.5684,-2.36288,-1.99843,0.23116,2.18458,-1.59837,3.10785,4.5013,-1.65269,0.3745,3.45508,-8.33332,2.6127,1.09996,1.9482
81.92,-1.5634,0.28813,0.73399,-3.26073,0,0.29399,1.11057,-0.7728,1.85882,-0.14371,2.37037,3.26151,7.27798,-1.11341,-9.38276,-2.84542,-46.21383,-44.599,2.72817,-18.03228,-2.75929,2.68901,0.1804,-7.33515,-7.42504,0.67365,-2.50089,-2.14767,0.65455,2.49635,-2.23665,3.07039,3.81666,-1.71366,-0.17838,3.24808,-8.69808,3.01247,1.3133,2.04375
81.94,-1.55907,0.37079,0.74626,-2.51795,0,0.46613,1.08052,-0.86662,1.96149,0.1093,2.39408,3.11051,6.26021,-1.63315,-9.26942,-4.64256,-57.58119,-46.81129,2.30049,-19.18765,-3.18171,1.97715,-0.01879,-8.07541,-7.96804,0.74766,-2.5383,-2.22373,0.94637,2.63964,-2.86465,2.99182,3.12675,-1.78182,-0.6913,2.95796,-8.66908,3.35701,1.49022,2.14063
81.96,-1.52382,0.43204,0.74187,-1.67163,0,0.58308,1.05058,-0.89273,1.95166,0.08818,2.33676,2.8445,5.4766,-2.12911,-9.05089,-6.5881,-66.39818,-46.7579,1.58021,-19.28746,-3.43525,1.24387,-0.74256,-8.24285,-7.55428,0.76913,-2.4535,-2.21622,1.06115,2.57328,-3.44831,2.88252,2.48125,-1.83345,-1.13538,2.59545,-8.2865,3.6365,1.62339,2.21042
81.98,-1.45512,0.467,0.719,-0.7448,0,0.63618,1.01336,-0.84343,1.82683,-0.18886,2.18538,2.47824,4.80946,-2.56773,-8.68648,-8.3799,-71.79262,-44.64807,0.69745,-18.37924,-3.47475,0.58131,-1.89203,-7.65666,-6.17928,0.72325,-2.23243,-2.12098,0.97217,2.2704,-3.95493,2.74894,1.91735,-1.84752,-1.48958,2.17505,-7.60723,3.83934,1.7069,2.22522
82,-1.35238,0.47323,0.67675,0.23186,0,0.62398,0.9615,-0.71983,1.59274,-0.67457,1.93907,2.04082,4.11749,-2.92415,-8.14286,-9.7377,-73.20173,-40.75395,-0.22126,-16.58877,-3.27142,0.07538,-3.32257,-6.2312,-3.89329,0.60465,-1.87048,-1.94084,0.67329,1.72237,-4.35514,2.59371,1.45811,-1.80915,-1.7413,1.71366,-6.69869,3.95392,1.73746,2.163
82.02,-1.21718,0.45104,0.61523,1.22036,0,0.55191,0.88922,-0.53179,1.26259,-1.30039,1.61112,1.56681,3.26082,-3.18406,-7.40266,-10.4385,-70.435,-35.37389,-1.07092,-14.10453,-2.8173,-0.20248,-4.86113,-3.99286,-0.8021,0.41872,-1.37326,-1.68542,0.17854,0.94076,-4.62447,2.41614,1.11229,-1.71194,-1.88615,1.22938,-5.63259,3.97023,1.71516,2.01151
82.04,-1.05309,0.40345,0.53551,2.17716,0,0.4309,0.79334,-0.2963,0.85565,-1.98556,1.22525,1.08357,2.12278,-3.3428,-6.46641,-10.34111,-63.69498,-28.81362,-1.77901,-11.15585,-2.12677,-0.20267,-6.32661,-1.0775,2.9312,0.18095,-0.75614,-1.36997,-0.48056,-0.04293,-4.74434,2.21321,0.87511,-1.55869,-1.92681,0.74011,-4.47866,3.88108,1.64349,1.77027
82.06,-0.86528,0.33586,0.43955,3.05642,0,0.27543,0.67375,-0.03468,0.39544,-2.64691,0.80679,0.60525,0.62688,-3.40237,-5.34885,-9.39911,-53.58276,-21.38373,-2.30937,-7.98718,-1.23519,0.09652,-7.55136,2.28957,7.08505,-0.08553,-0.04254,-1.0133,-1.25924,-1.17961,-4.70264,1.98066,0.73004,-1.36074,-1.87145,0.26241,-3.29892,3.68298,1.52876,1.45066
82.08,-0.66001,0.2555,0.32996,3.81396,0,0.10115,0.53343,0.23076,-0.09237,-3.20807,0.37518,0.13508,-1.25185,-3.36742,-4.07226,-7.66334,-41.01382,-13.40723,-2.66004,-4.83241,-0.19537,0.68501,-8.40122,5.82487,11.38222,-0.35334,0.73826,-0.63533,-2.10469,-2.40623,-4.49402,1.71429,0.65119,-1.13629,-1.73193,-0.18944,-2.14304,3.37662,1.37915,1.07434
82.1,-0.4441,0.17082,0.2099,4.41134,0,-0.07725,0.37813,0.47991,-0.58186,-3.60704,-0.05712,-0.32983,-3.48177,-3.24164,-2.66035,-5.27499,-26.99032,-5.22732,-2.85646,-1.89331,0.92729,1.5201,-8.79048,9.22244,15.50003,-0.59462,1.5534,-0.25484,-2.96109,-3.64998,-4.12,1.4112,0.60636,-0.90804,-1.52216,-0.60393,-1.0457,2.96727,1.20361,0.67061
82.12,-0.22441,0.09064,0.08283,4.81914,0,-0.24759,0.21566,0.69718,-1.0485,-3.80108,-0.48145,-0.79379,-5.97677,-3.02549,-1.13498,-2.4496,-12.35885,2.79388,-2.94158,0.6751,2.0606,2.52979,-8.68906,12.18812,19.09115,-0.78431,2.36855,0.11234,-3.77392,-4.83244,-3.58859,1.07072,0.56051,-0.7005,-1.25666,-0.97235,-0.02616,2.46471,1.01088,0.27284
82.14,-0.00745,0.02337,-0.04766,5.01919,0,-0.40112,0.05494,0.87273,-1.47056,-3.76855,-0.88863,-1.25776,-8.60553,-2.71566,0.48301,0.54736,2.25693,10.29119,-2.96396,2.77143,3.13187,3.62036,-8.12067,14.46906,21.81584,-0.90282,3.14945,0.45451,-4.49329,-5.87373,-2.91344,0.69507,0.4796,-0.53714,-0.9495,-1.2883,0.90997,1.88282,0.80864,-0.08572
82.16,0.20103,-0.02384,-0.17801,5.00574,0,-0.53269,-0.09508,1.00274,-1.83009,-3.50817,-1.26555,-1.71472,-11.20667,-2.30641,2.16964,3.43062,16.35776,16.92516,-2.96586,4.34784,4.07441,4.68743,-7.15353,15.87731,23.38222,-0.93782,3.86335,0.76457,-5.07632,-6.69648,-2.11282,0.28957,0.33467,-0.43766,-0.61355,-1.54708,1.76726,1.23889,0.60289,-0.37624
82.18,0.39626,-0.04586,-0.30492,4.78577,0,-0.64042,-0.22653,1.08869,-2.11382,-3.03667,-1.59534,-2.14632,-13.60709,-1.79223,3.89202,5.92718,29.4243,22.41657,-2.97326,5.40485,4.83327,5.6286,-5.88678,16.30651,23.58745,-0.88537,4.48016,1.03987,-5.48892,-7.23001,-1.20883,-0.13737,0.10551,-0.41563,-0.26014,-1.74499,2.55617,0.55278,0.39765,-0.57814
82.2,0.57463,-0.04014,-0.42547,4.37843,0,-0.72497,-0.33347,1.13624,-2.31359,-2.38543,-1.86185,-2.52469,-15.64044,-1.17119,5.60312,7.80543,40.8061,26.57628,-2.99007,5.98287,5.36963,6.3553,-4.43586,15.74056,22.34977,-0.75038,4.9736,1.28155,-5.70696,-7.41436,-0.2272,-0.57439,-0.21624,-0.47692,0.10083,-1.87892,3.28866,-0.15386,0.19511,-0.68168
82.22,0.73366,-0.00702,-0.53715,3.81344,0,-0.78859,-0.41243,1.15368,-2.42645,-1.59685,-2.05448,-2.82132,-17.16279,-0.44815,7.23954,8.89794,49.7389,29.3212,-2.99785,6.15171,5.66268,6.80192,-2.91915,14.2524,19.72224,-0.54641,5.32217,1.49338,-5.71684,-7.20403,0.80215,-1.00742,-0.62538,-0.61906,0.46055,-1.94633,3.97449,-0.85832,-0.00401,-0.68878
82.24,0.8719,0.05034,-0.63788,3.12836,0,-0.83408,-0.46247,1.15019,-2.45437,-0.72032,-2.16953,-3.01638,-18.06431,0.36284,8.72319,9.1157,55.53353,30.67259,-2.96154,5.99919,5.7091,6.931,-1.44699,11.99269,15.88391,-0.29468,5.51,1.68017,-5.51545,-6.57109,1.84418,-1.42013,-1.10291,-0.83174,0.81066,-1.94563,4.61857,-1.53758,-0.19966,-0.61171
82.26,0.98868,0.12631,-0.726,2.3651,0,-0.86382,-0.48494,1.13422,-2.40355,0.19159,-2.20866,-3.10208,-18.27694,1.23708,9.96721,8.45413,57.7965,30.73923,-2.83956,5.61999,5.52043,6.73491,-0.11363,9.17045,11.11172,-0.0225,5.52777,1.84614,-5.10967,-5.50803,2.85771,-1.7945,-1.61746,-1.09821,1.14264,-1.87688,5.21962,-2.16916,-0.39159,-0.47032
82.28,1.084,0.21335,-0.80023,1.56628,0,-0.87897,-0.483,1.11209,-2.28368,1.08669,-2.17672,-3.08087,-17.77872,2.13915,10.88483,6.99163,56.51761,29.6921,-2.59589,5.10583,5.11958,6.23449,1.00802,6.0293,5.7413,0.23898,5.3736,1.99347,-4.51563,-4.03006,3.79522,-2.11181,-2.1281,-1.39734,1.44737,-1.74274,5.77011,-2.73206,-0.5785,-0.28829
82.3,1.15823,0.30272,-0.85969,0.77202,0,-0.87904,-0.46108,1.08714,-2.10712,1.91621,-2.08009,-2.96255,-16.59475,3.0241,11.39944,4.8811,52.03086,27.73728,-2.2106,4.5378,4.53739,5.47543,1.86905,2.82274,0.12592,0.45763,5.05388,2.12137,-3.75777,-2.17672,4.60386,-2.35378,-2.58839,-1.7058,1.71489,-1.54921,6.25713,-3.20768,-0.75744,-0.08954
82.32,1.21209,0.38525,-0.9039,0.0175,0,-0.86188,-0.42427,1.05951,-1.88799,2.63714,-1.92562,-2.76163,-14.79402,3.84028,11.45386,2.33413,44.92909,25.09158,-1.68614,3.98131,3.80957,4.52255,2.44473,-0.20918,-5.39958,0.60367,4.58347,2.22582,-2.86724,-0.012,5.22851,-2.50409,-2.95138,-2.00015,1.93472,-1.30587,6.66397,-3.58061,-0.92353,0.10473
82.34,1.24639,0.45219,-0.93277,-0.66862,0,-0.82408,-0.37782,1.0265,-1.64107,3.21401,-1.7203,-2.49524,-12.48182,4.53358,11.01758,-0.4015,35.96692,21.96331,-1.04788,3.48358,2.97442,3.4523,2.73281,-2.86051,-10.54613,0.6534,3.98505,2.3002,-1.87966,2.37768,5.61666,-2.54992,-3.17526,-2.25871,2.09655,-1.02553,6.97205,-3.83929,-1.07027,0.27787
82.36,1.26207,0.49598,-0.94667,-1.265,0,-0.76178,-0.32672,0.98355,-1.38078,3.62026,-1.47154,-2.18146,-9.78911,5.05303,10.09172,-3.06905,25.96151,18.53923,-0.33954,3.07341,2.07129,2.34434,2.75049,-4.97624,-15.08808,0.59295,3.28774,2.33644,-0.83244,4.88766,5.72504,-2.48373,-3.22919,-2.46296,2.19132,-0.7232,7.16313,-3.97662,-1.19018,0.41857
82.38,1.2601,0.51097,-0.9465,-1.75769,0,-0.67158,-0.27532,0.92553,-1.12011,3.83924,-1.18788,-1.83817,-6.86076,5.35684,8.71159,-5.43072,15.70261,14.97791,0.38468,2.76294,1.13964,1.27334,2.53071,-6.46388,-18.87136,0.42129,2.52526,2.32672,0.23783,7.40079,5.5265,-2.3048,-3.0983,-2.59876,2.21264,-0.4149,7.22173,-3.99047,-1.27582,0.52081
82.4,1.24155,0.49397,-0.93371,-2.13959,0,-0.55154,-0.22707,0.84803,-0.86994,3.86469,-0.87975,-1.48239,-3.84458,5.41797,6.94641,-7.29183,5.8824,11.40831,1.06907,2.55068,0.21846,0.30254,2.11812,-7.29781,-21.81207,0.15169,1.73377,2.26513,1.29717,9.79428,5.01572,-2.02034,-2.78698,-2.657,2.15795,-0.11649,7.13718,-3.88408,-1.3208,0.58321
82.42,1.20759,0.44452,-0.91037,-2.40929,0,-0.40193,-0.18436,0.74849,-0.6385,3.70055,-0.56002,-1.12981,-0.88184,5.2281,4.89526,-8.51782,-2.94893,7.93174,1.66422,2.42556,-0.65429,-0.52041,1.56503,-7.51485,-23.88587,-0.18911,0.94955,2.14893,2.31499,11.94703,4.21202,-1.64559,-2.31899,-2.63378,2.02939,0.15729,6.90492,-3.66596,-1.32066,0.60812
82.44,1.15945,0.36481,-0.87907,-2.56939,0,-0.22562,-0.14841,0.62689,-0.43126,3.35988,-0.24392,-0.79437,1.90039,4.79934,2.67897,-9.04222,-10.40134,4.62539,2.13295,2.37131,-1.44265,-1.16482,0.92721,-7.20102,-25.10986,-0.56428,0.20636,1.97927,3.26377,13.74736,3.15837,-1.20278,-1.7343,-2.52994,1.8339,0.39332,6.52668,-3.34921,-1.27337,0.60052
82.46,1.09837,0.25937,-0.84281,-2.62477,0,-0.02813,-0.11919,0.48604,-0.25088,2.8633,0.05154,-0.48791,4.39535,4.16375,0.4287,-8.86655,-16.24178,1.54639,2.45375,2.37083,-2.11404,-1.61625,0.2598,-6.47231,-25.52126,-0.93233,-0.4673,1.76127,4.11802,15.10084,1.91714,-0.71907,-1.08324,-2.35018,1.58282,0.58048,6.0098,-2.95042,-1.1796,0.56689
82.48,1.02553,0.13452,-0.80481,-2.58105,0,0.18263,-0.0955,0.33145,-0.09757,2.23717,0.30865,-0.21983,6.52099,3.3711,-1.72658,-8.05396,-20.37722,-1.264,2.62192,2.40976,-2.64104,-1.87429,-0.3862,-5.45393,-25.15861,-1.25329,-1.05044,1.50361,4.85323,15.93764,0.56384,-0.22399,-0.41923,-2.10193,1.29107,0.70984,5.3661,-2.48841,-1.0427,0.51423
82.5,0.94209,-0.0022,-0.76837,-2.4436,0,0.39686,-0.07513,0.17094,0.03051,1.512,0.51036,0.00308,8.22242,2.48496,-3.67191,-6.71834,-22.83098,-3.77637,2.64862,2.47876,-3.00298,-1.94983,-0.9667,-4.26262,-24.05062,-1.49438,-1.53105,1.21802,5.44521,16.21802,-0.81989,0.25319,0.20807,-1.79435,0.97613,0.77504,4.61075,-1.98298,-0.86846,0.4492
82.52,0.84925,-0.14267,-0.73668,-2.2173,0,0.60355,-0.05512,0.01388,0.13665,0.72092,0.64174,0.17664,9.47228,1.57724,-5.31552,-5.00985,-23.71756,-5.96941,2.55787,2.57379,-3.18728,-1.86231,-1.44626,-2.99572,-22.21544,-1.63389,-1.90629,0.9184,5.87019,15.93431,-2.15283,0.68587,0.75804,-1.43729,0.65685,0.77268,3.76092,-1.45374,-0.66469,0.37745
82.54,0.74834,-0.27878,-0.71264,-1.90693,0,0.79131,-0.03224,-0.12982,0.22489,-0.10163,0.69155,0.29911,10.26886,0.7213,-6.59475,-3.09782,-23.21927,-7.82692,2.38197,2.69437,-3.19018,-1.63721,-1.79874,-1.72791,-19.67086,-1.66274,-2.18129,0.61973,6.10596,15.10885,-3.35999,1.05192,1.20221,-1.04039,0.35218,0.70302,2.8345,-0.91906,-0.44046,0.30315
82.56,0.64085,-0.40306,-0.6986,-1.51818,0,0.94937,-0.00348,-0.25086,0.29933,-0.92111,0.65361,0.37095,10.633,-0.01587,-7.47885,-1.15254,-21.56636,-9.33611,2.15582,2.8404,-3.01699,-1.30408,-2.00728,-0.5146,-16.45252,-1.58394,-2.36692,0.33702,6.13406,13.78884,-4.37743,1.33511,1.52515,-0.61236,0.07979,0.57064,1.8488,-0.39514,-0.20535,0.2287
82.58,0.52861,-0.50915,-0.69621,-1.05893,0,1.06844,0.03345,-0.34173,0.36358,-1.70404,0.52809,0.39453,10.60419,-0.58105,-7.96895,0.67178,-19.02104,-10.48707,1.91153,3.00848,-2.68206,-0.8948,-2.06381,0.60102,-12.63481,-1.41047,-2.4772,0.08411,5.94263,12.03999,-5.15593,1.5259,1.72362,-0.16062,-0.14513,0.38497,0.81986,0.10465,0.03139,0.15471
82.6,0.41379,-0.59223,-0.7063,-0.54051,0,1.14155,0.07967,-0.39753,0.42036,-2.41895,0.32215,0.37391,10.23632,-0.94057,-8.09537,2.25054,-15.86348,-11.27356,1.67418,3.18893,-2.20849,-0.44214,-1.96846,1.58088,-8.3473,-1.16252,-2.52679,-0.12714,5.52956,9.94055,-5.66327,1.62168,1.80446,0.30867,-0.31086,0.16022,-0.23766,0.56992,0.26146,0.08031
82.62,0.29895,-0.64922,-0.72877,0.0216,0,1.16451,0.13496,-0.41652,0.47145,-3.03722,0.04999,0.31475,9.59284,-1.08338,-7.91212,3.49704,-12.37745,-11.69438,1.45955,3.3645,-1.62734,0.02198,-1.7289,2.38786,-3.77952,-0.86442,-2.52915,-0.28751,4.90474,7.57618,-5.8848,1.6262,1.78153,0.79006,-0.40976,-0.08542,-1.30968,0.99301,0.47775,0.00372
82.64,0.18691,-0.67874,-0.76256,0.60777,0,1.13599,0.19774,-0.40001,0.51782,-3.53384,-0.26806,0.22426,8.74125,-1.0208,-7.48877,4.36504,-8.83376,-11.75523,1.27404,3.51089,-0.97631,0.46842,-1.35968,2.9862,0.82925,-0.54172,-2.49534,-0.39065,4.0912,5.036,-5.82227,1.54837,1.67221,1.27792,-0.43846,-0.33163,-2.38139,1.36819,0.67432,-0.07688
82.66,0.08064,-0.681,-0.80569,1.19506,0,1.05736,0.26528,-0.35195,0.56006,-3.88841,-0.60716,0.11114,7.74756,-0.78358,-6.90086,4.84644,-5.47239,-11.47075,1.11651,3.59948,-0.29779,0.87288,-0.88159,3.34601,5.21365,-0.21862,-2.4338,-0.43321,3.12476,2.40955,-5.49153,1.40058,1.49396,1.76539,-0.39775,-0.55843,-3.43573,1.69071,0.8461,-0.16247
82.68,-0.01705,-0.65761,-0.85536,1.75868,0,0.93241,0.33415,-0.27825,0.59883,-4.08613,-0.94009,-0.01443,6.6716,-0.41711,-6.22061,4.96572,-2.48587,-10.86675,0.98121,3.60126,0.36348,1.21772,-0.32099,3.45,9.11337,0.08403,-2.35066,-0.4148,2.05255,-0.21507,-4.91987,1.19703,1.26162,2.24357,-0.29228,-0.74883,-4.45217,1.95597,0.98845,-0.25244
82.7,-0.10366,-0.61126,-0.9081,2.27371,0,0.76704,0.40056,-0.18616,0.63519,-4.119,-1.23956,-0.14102,5.56387,0.02427,-5.50927,4.77257,-0.00747,-9.98168,0.86088,3.49147,0.96304,1.49281,0.29099,3.29954,12.30408,0.35012,-2.25055,-0.33798,0.93023,-2.75231,-4.14343,0.95224,0.98609,2.70107,-0.13006,-0.8909,-5.40625,2.15891,1.0966,-0.34445
82.72,-0.17712,-0.54558,-0.95998,2.71691,0,0.56906,0.46083,-0.08366,0.67069,-3.98674,-1.48048,-0.25639,4.46436,0.48295,-4.81243,4.33369,1.89312,-8.86658,0.74928,3.2539,1.45954,1.69513,0.91956,2.91761,14.62194,0.56886,-2.13749,-0.20829,-0.18199,-5.1199,-3.20494,0.68021,0.67464,3.12433,0.07796,-0.97881,-6.27021,2.29398,1.16525,-0.43495
82.74,-0.2359,-0.4648,-1.00681,3.06846,0,0.34796,0.51175,0.02092,0.70706,-3.69736,-1.64191,-0.34828,3.40305,0.90338,-4.15835,3.7245,3.20595,-7.58268,0.64251,2.88428,1.81781,1.82683,1.528,2.34728,15.97819,0.7347,-2.01566,-0.0343,-1.22473,-7.24005,-2.15177,0.39403,0.33294,3.49866,0.31864,-1.01253,-7.01491,2.35564,1.18821,-0.52045
82.76,-0.279,-0.37356,-1.04445,3.3135,0,0.11471,0.55088,0.11923,0.74576,-3.26739,-1.70881,-0.40541,2.40186,1.2368,-3.55919,3.02146,3.97037,-6.1973,0.53945,2.39242,2.01188,1.89248,2.07989,1.64619,16.36373,0.84677,-1.88986,0.17245,-2.14547,-9.04138,-1.03404,0.10598,-0.03187,3.80999,0.57725,-0.99645,-7.6129,2.33944,1.15833,-0.59932
82.78,-0.30591,-0.27669,-1.06906,3.44352,0,-0.11865,0.57673,0.20313,0.78731,-2.72178,-1.67338,-0.41865,1.47743,1.44503,-3.01422,2.29541,4.26067,-4.77893,0.44116,1.80306,2.02776,1.89611,2.54169,0.87871,15.84561,0.90799,-1.76578,0.3977,-2.9044,-10.462,0.097,-0.17216,-0.40793,4.04704,0.83842,-0.93751,-8.04223,2.24328,1.0678,-0.67345
82.8,-0.31661,-0.17898,-1.07742,3.45718,0,-0.33951,0.58896,0.26518,0.83092,-2.09343,-1.53581,-0.38204,0.64394,1.5032,-2.51412,1.60672,4.17127,-3.39257,0.35014,1.15503,1.86533,1.83905,2.88542,0.10789,14.55675,0.92404,-1.64992,0.62507,-3.47867,-11.45312,1.19061,-0.42879,-0.77645,4.20323,1.08701,-0.84334,-8.28998,2.06877,0.90878,-0.74934
82.82,-0.31155,-0.08507,-1.06714,3.36027,0,-0.53565,0.58838,0.29921,0.87424,-1.42195,-1.30431,-0.29361,-0.08455,1.40099,-2.04535,1.00218,3.80335,-2.09588,0.26936,0.4985,1.53878,1.71936,3.09092,-0.61127,12.67954,0.90247,-1.54906,0.83725,-3.86399,-11.98274,2.1985,-0.65248,-1.11142,4.27796,1.30924,-0.72102,-8.35464,1.82205,0.67458,-0.83787
82.84,-0.29153,0.00074,-1.03683,3.16488,0,-0.69642,0.57684,0.30113,0.91356,-0.75157,-0.99422,-0.1557,-0.69306,1.14252,-1.59393,0.51366,3.25463,-0.93638,0.20153,-0.10991,1.07537,1.53294,3.14771,-1.23624,10.42443,0.8517,-1.4694,1.01769,-4.0732,-12.03896,3.07711,-0.8323,-1.38169,4.27687,1.49374,-0.57647,-8.24667,1.51396,0.36098,-0.9527
82.86,-0.25779,0.07471,-0.9861,2.88772,0,-0.8142,0.55702,0.26987,0.94434,-0.12817,-0.62632,0.02506,-1.16584,0.74485,-1.14838,0.15829,2.61234,0.05046,0.14859,-0.61353,0.51264,1.27609,3.05602,-1.73894,8.00607,0.78026,-1.41535,1.15261,-4.13254,-11.63279,3.79032,-0.95861,-1.55485,4.2111,1.63273,-0.41465,-7.98749,1.15952,-0.03211,-1.10755
82.88,-0.21189,0.13381,-0.91565,2.54826,0,-0.88571,0.53214,0.20817,0.96181,0.4043,-0.2248,0.23818,-1.48777,0.23573,-0.70185,-0.06031,1.94939,0.84182,0.11132,-0.96269,-0.10543,0.94907,2.82723,-2.10564,5.62052,0.69617,-1.38846,1.233,-4.07673,-10.80006,4.31228,-1.02395,-1.6021,4.09603,1.7229,-0.24017,-7.60738,0.7769,-0.4992,-1.31296
82.9,-0.15574,0.17592,-0.82716,2.16704,0,-0.91283,0.50563,0.1228,0.96176,0.80746,0.18511,0.47003,-1.64658,-0.34922,-0.2534,-0.14994,1.32289,1.42709,0.08925,-1.12107,-0.73264,0.55948,2.48317,-2.33496,3.42737,0.60643,-1.38678,1.25597,-3.94425,-9.60159,4.62951,-1.02395,-1.50251,3.94959,1.76582,-0.05817,-7.14261,0.38608,-1.02806,-1.5734
82.92,-0.09156,0.19987,-0.72324,1.76415,0,-0.90251,0.4808,0.02423,0.94099,1.05203,0.57909,0.70485,-1.63559,-0.96966,0.19149,-0.12708,0.7746,1.80617,0.08053,-1.07042,-1.32501,0.12472,2.05414,-2.43454,1.5392,0.51657,-1.4047,1.22504,-3.77364,-8.12042,4.74188,-0.9578,-1.24564,3.7902,1.76759,0.12502,-6.63179,0.0073,-1.59934,-1.88525
82.94,-0.02176,0.20552,-0.60718,1.35824,0,-0.86565,0.46041,-0.07468,0.89768,1.12098,0.93536,0.92609,-1.45662,-1.58405,0.62123,-0.01387,0.33226,1.98683,0.08195,-0.81305,-1.84486,-0.32703,1.57536,-2.41659,0.01916,0.43038,-1.43361,1.14915,-3.60104,-6.45535,4.66191,-0.82834,-0.83196,3.6345,1.73759,0.30148,-6.11152,-0.34076,-2.1871,-2.23617
82.96,0.05111,0.19372,-0.48266,0.9657,0,-0.81523,0.4463,-0.16064,0.83138,1.01193,1.23619,1.11779,-1.12266,-2.15313,1.01905,0.1652,0.01143,1.9815,0.0889,-0.37194,-2.2645,-0.75737,1.08262,-2.29318,-1.11453,0.3496,-1.4631,1.04061,-3.45883,-4.7119,4.41288,-0.6417,-0.27159,3.49499,1.6865,0.4619,-5.61182,-0.64271,-2.76029,-2.60581
82.98,0.12457,0.16628,-0.35342,0.6002,0,-0.76387,0.43913,-0.22213,0.74293,0.73867,1.46923,1.26615,-0.6598,-2.64319,1.36431,0.38629,-0.18283,1.80434,0.09537,0.21099,-2.56904,-1.1197,0.60779,-2.07214,-1.87957,0.27386,-1.48241,0.91255,-3.3747,-2.99231,4.02615,-0.40675,0.41771,3.37813,1.62413,0.596,-5.15212,-0.88803,-3.28489,-2.96757
83,0.19628,0.12586,-0.22303,0.27243,0,-0.72163,0.43823,-0.25149,0.63442,0.33113,1.62817,1.36066,-0.10781,-3.02859,1.63387,0.62874,-0.25483,1.46901,0.09402,0.87833,-2.75775,-1.36211,0.17535,-1.75438,-2.31855,0.20069,-1.48195,0.77656,-3.37029,-1.38681,3.53819,-0.13466,1.21204,3.28296,1.5574,0.69344,-4.7385,-1.07211,-3.7264,-3.29106
83.02,0.2641,0.07589,-0.09469,-0.01014,0,-0.69417,0.44174,-0.24636,0.50905,-0.16671,1.71253,1.39495,0.48138,-3.29313,1.80344,0.87678,-0.21787,0.98775,0.07624,1.56219,-2.84335,-1.43115,-0.19929,-1.33337,-2.48795,0.12587,-1.45431,0.64087,-3.45865,0.03257,2.9875,0.16147,2.08151,3.2007,1.48883,0.74489,-4.36264,-1.19641,-4.05236,-3.54486
83.04,0.32616,0.02039,0.02897,-0.24346,0,-0.68174,0.44683,-0.21029,0.37104,-0.70102,1.72671,1.36687,1.04747,-3.4301,1.84871,1.12039,-0.09448,0.37182,0.03237,2.1906,-2.84935,-1.27614,-0.50953,-0.79685,-2.44853,0.04401,-1.3948,0.50937,-3.64047,1.21516,2.41149,0.4668,2.989,3.11521,1.41583,0.7433,-4.00262,-1.26778,-4.23468,-3.69931
83.06,0.38089,-0.0362,0.14589,-0.42714,0,-0.67888,0.45023,-0.15251,0.22555,-1.21413,1.6785,1.27832,1.52761,-3.44134,1.74643,1.35529,0.08296,-0.3667,-0.04788,2.6948,-2.80562,-0.85402,-0.75567,-0.13049,-2.25768,-0.05071,-1.3014,0.38154,-3.89965,2.13192,1.84367,0.76486,3.88809,3.00446,1.33068,0.68508,-3.62556,-1.29699,-4.25181,-3.72925
83.08,0.427,-0.08932,0.25468,-0.56454,0,-0.67502,0.44879,-0.08688,0.07857,-1.65124,1.57738,1.13463,1.86311,-3.33575,1.47558,1.58223,0.2718,-1.21201,-0.17473,3.01671,-2.74335,-0.13453,-0.94219,0.67706,-1.96382,-0.16358,-1.17441,0.25316,-4.19985,2.77381,1.31135,1.03774,4.72128,2.84283,1.22147,0.57128,-3.19181,-1.29692,-4.09073,-3.61653
83.1,0.46356,-0.13451,0.35455,-0.66248,0,-0.65582,0.43993,-0.03025,-0.06327,-1.96667,1.43322,0.94394,2.00608,-3.12751,1.01866,1.8056,0.41973,-2.14089,-0.35732,3.1156,-2.6902,0.8948,-1.07499,1.62893,-1.60287,-0.29848,-1.01603,0.11754,-4.48361,3.14885,0.83424,1.26643,5.41994,2.60416,1.07369,0.40817,-2.66026,-1.28063,-3.74865,-3.35214
83.12,0.48998,-0.16778,0.44524,-0.73055,0,-0.60516,0.42208,-0.00031,-0.19301,-2.12863,1.25535,0.71653,1.92478,-2.83431,0.3632,2.0315,0.46704,-3.11898,-0.60218,2.97283,-2.66646,2.22413,-1.15946,2.71521,-1.19641,-0.457,-0.82981,-0.03282,-4.67538,3.27847,0.42412,1.43161,5.90713,2.26515,0.87245,0.20728,-1.99427,-1.25965,-3.23385,-2.93738
83.14,0.50608,-0.18591,0.52683,-0.77981,0,-0.50775,0.39482,-0.01308,-0.30389,-2.12203,1.0523,0.4641,1.607,-2.47559,-0.49675,2.26536,0.35081,-4.09731,-0.91151,2.59424,-2.68253,3.81801,-1.19967,3.90946,-0.75159,-0.63771,-0.62023,-0.2044,-4.68924,3.19369,0.08549,1.51476,6.10372,1.80899,0.60518,-0.01545,-1.16764,-1.24259,-2.56575,-2.38403
83.16,0.51213,-0.18679,0.59961,-0.82107,0,-0.35189,0.35881,-0.08031,-0.39003,-1.94914,0.83201,0.19922,1.0617,-2.07099,-1.5588,2.50937,0.01077,-5.01023,-1.28119,2.01008,-2.73799,5.61368,-1.19864,5.1668,-0.2627,-0.83575,-0.39233,-0.40091,-4.4404,2.93146,-0.18299,1.49986,5.93771,1.22862,0.26449,-0.24117,-0.16999,-1.23414,-1.77391,-1.71354
83.18,0.50885,-0.16973,0.6639,-0.8632,0,-0.13218,0.31567,-0.20719,-0.44726,-1.62878,0.60259,-0.06526,0.31877,-1.63926,-2.81043,2.76036,-0.60403,-5.77535,-1.69906,1.27276,-2.82215,7.52121,-1.15953,6.42398,0.28512,-1.04254,-0.15153,-0.62177,-3.85895,2.53157,-0.38673,1.37543,5.35534,0.52953,-0.1493,-0.44999,0.98899,-1.23464,-0.89655,-0.95564
83.2,0.49749,-0.13567,0.71991,-0.91167,0,0.14852,0.26767,-0.39088,-0.47397,-1.19398,0.37307,-0.31656,-0.57273,-1.19767,-4.22693,3.0084,-1.52885,-6.29638,-2.14366,0.45254,-2.91602,9.42623,-1.08704,7.60121,0.90985,-1.24588,0.09642,-0.8613,-2.9034,2.03433,-0.53339,1.13679,4.33224,-0.26876,-0.62633,-0.62296,2.27742,-1.24011,0.02154,-0.14647
83.22,0.47977,-0.08717,0.76763,-0.96767,0,0.47833,0.21747,-0.62019,-0.4718,-0.68847,0.15422,-0.5422,-1.54796,-0.76193,-5.76962,3.23648,-2.77806,-6.46956,-2.58412,-0.36892,-2.99538,11.19544,-0.98873,8.60625,1.62426,-1.4304,0.34529,-1.10865,-1.5715,1.47886,-0.63143,0.78804,2.88245,-1.13294,-1.14664,-0.74378,3.64208,-1.24281,0.93164,0.67352
83.24,0.45778,-0.02824,0.8068,-1.02797,0,0.83698,0.16774,-0.87666,-0.44617,-0.162,-0.04107,-0.73026,-2.53141,-0.34647,-7.38456,3.42163,-4.34184,-6.19382,-2.9812,-1.107,-3.03476,12.68537,-0.8757,9.34044,2.42593,-1.57839,0.58825,-1.34874,0.09333,0.9019,-0.68909,0.3437,1.06384,-2.01829,-1.68115,-0.8001,5.01253,-1.23231,1.78434,1.46219
83.26,0.43384,0.03604,0.83681,-1.08554,0,1.19777,0.12084,-1.1368,-0.40637,0.33506,-0.19792,-0.86962,-3.44334,0.03515,-9.00236,3.5372,-6.18441,-5.38437,-3.28996,-1.68381,-3.01172,13.75403,-0.76264,9.70708,3.2877,-1.67112,0.81773,-1.56402,2.00086,0.33694,-0.71385,-0.17055,-1.02111,-2.87294,-2.19417,-0.78452,6.30824,-1.19691,2.5332,2.17857
83.28,0.41027,0.10003,0.85681,-1.13066,0,1.53042,0.0785,-1.37506,-0.36526,0.75708,-0.30021,-0.95046,-4.20694,0.36989,-10.53956,3.5563,-8.24344,-3.98812,-3.46387,-2.03784,-2.91077,14.27438,-0.66691,9.6215,4.15125,-1.69059,1.02552,-1.73663,4.01823,-0.18648,-0.71237,-0.71823,-3.22935,-3.64311,-2.64688,-0.69515,7.44726,-1.12526,3.13856,2.78577
83.3,0.38927,0.15806,0.86582,-1.1525,0,1.80443,0.04155,-1.56683,-0.3383,1.06797,-0.3321,-0.96508,-4.75541,0.64532,-11.90193,3.45585,-10.42977,-1.99919,-3.46028,-2.13191,-2.72601,14.14778,-0.60689,9.02184,4.92723,-1.62169,1.20309,-1.85075,5.97999,-0.64342,-0.69052,-1.25397,-5.38676,-4.27853,-3.00139,-0.53586,8.35483,-1.00811,3.57079,3.25375
83.32,0.37278,0.20496,0.86291,-1.14084,0,1.9923,0.00979,-1.69114,-0.34182,1.24452,-0.2803,-0.90886,-5.03814,0.85017,-12.98984,3.22069,-12.62749,0.52842,-3.2468,-1.95797,-2.46159,13.3152,-0.59942,7.87939,5.50417,-1.45446,1.34227,-1.89443,7.70395,-1.01418,-0.65354,-1.72729,-7.3035,-4.73711,-3.22474,-0.31611,8.97058,-0.83967,3.81249,3.56141
83.34,0.36236,0.23659,0.84737,-1.08779,0,2.07254,-0.01815,-1.73263,-0.39059,1.27833,-0.13689,-0.78159,-5.02543,0.97559,-13.70557,2.84717,-14.69472,3.47304,-2.80797,-1.53803,-2.12988,11.76483,-0.65651,6.20703,5.76647,-1.18633,1.4362,-1.86093,9.01217,-1.28514,-0.60609,-2.08821,-8.79479,-4.98832,-3.29263,-0.05028,9.25328,-0.6187,3.85936,3.69801
83.36,0.35913,0.25018,0.81894,-0.98932,0,2.03209,-0.04473,-1.68277,-0.49494,1.17606,0.09753,-0.58874,-4.71181,1.01686,-13.96219,2.34582,-16.46662,6.6445,-2.15129,-0.92144,-1.74762,9.53585,-0.78191,4.06493,5.61838,-0.82402,1.48053,-1.74943,9.75515,-1.44959,-0.55219,-2.29418,-9.70485,-5.01543,-3.19252,0.24334,9.18349,-0.34916,3.72003,3.6639
83.38,0.36373,0.2447,0.77801,-0.84655,0,1.86823,-0.07338,-1.54046,-0.65805,0.95857,0.41127,-0.34248,-4.11753,0.97519,-13.69301,1.74247,-17.76244,9.79181,-1.3111,-0.1795,-1.33132,6.7182,-0.96817,1.56227,5.00818,-0.38469,1.47453,-1.56519,9.83495,-1.50846,-0.49522,-2.31692,-9.93014,-4.81675,-2.92595,0.54388,8.76448,-0.04036,3.41497,3.47068
83.4,0.37631,0.22098,0.72577,-0.66644,0,1.58938,-0.1083,-1.31205,-0.874,0.65889,0.78018,-0.06196,-3.28802,0.85914,-12.85951,1.07699,-18.39785,12.6211,-0.34868,0.60186,-0.8931,3.44811,-1.19526,-1.14648,3.94543,0.10424,1.42185,-1.31941,9.22218,-1.47048,-0.43792,-2.14764,-9.43637,-4.40572,-2.50961,0.82937,8.02155,0.29329,2.97483,3.14069
83.42,0.39655,0.18161,0.66434,-0.4617,0,1.21477,-0.15405,-1.01059,-1.12719,0.31915,1.16841,0.22741,-2.29057,0.68495,-11.45593,0.39914,-18.20333,14.82489,0.65324,1.33052,-0.43799,-0.10186,-1.43138,-3.87268,2.50491,0.60707,1.3305,-1.02841,7.96222,-1.35144,-0.38251,-1.79922,-8.26472,-3.8097,-1.97461,1.07836,6.99961,0.6331,2.43808,2.70558
83.44,0.42365,0.13068,0.5966,-0.24977,0,0.77258,-0.21509,-0.65444,-1.39342,-0.01337,1.5314,0.49609,-1.2079,0.47576,-9.50927,-0.23865,-17.04728,16.1215,1.6015,1.91742,0.03686,-3.73825,-1.63626,-6.4123,0.81524,1.08368,1.21197,-0.71238,6.16877,-1.17245,-0.33089,-1.30462,-6.52535,-3.06734,-1.36376,1.27155,5.75889,0.95752,1.84793,2.20383
83.46,0.45639,0.07326,0.52605,-0.05108,0,0.29694,-0.29522,-0.26538,-1.64248,-0.29095,1.82112,0.71365,-0.12955,0.25947,-7.07547,-0.79024,-14.86143,16.29981,2.40767,2.28581,0.54107,-7.26622,-1.76651,-8.57033,-0.96512,1.49496,1.07968,-0.39373,4.0067,-0.95728,-0.28497,-0.71206,-4.38013,-2.22497,-0.72723,1.39346,4.36936,1.24408,1.24884,1.67738
83.48,0.49318,0.0148,0.45652,0.11322,0,-0.1757,-0.39701,0.13346,-1.84166,-0.47033,1.99254,0.85257,0.85782,0.06565,-4.23364,-1.22449,-11.66327,15.26057,3.00377,2.37969,1.0881,-10.5097,-1.78197,-10.1869,-2.67731,1.80847,0.94706,-0.09508,1.66914,-0.72951,-0.24685,-0.07818,-2.01964,-1.33248,-0.11723,1.43401,2.90483,1.47155,0.68298,1.16808
83.5,0.53211,-0.03941,0.39185,0.22354,0,-0.61021,-0.52122,0.51955,-1.95977,-0.51726,2.01025,0.8921,1.67942,-0.07809,-1.07967,-1.53108,-7.56866,13.04314,3.35438,2.17024,1.69129,-13.32806,-1.65168,-11.15928,-4.1887,2.00337,0.82578,0.16269,-0.64599,-0.50986,-0.21904,0.53922,0.36015,-0.43949,0.41722,1.38965,1.43757,1.62211,0.18715,0.71419
83.52,0.57107,-0.0848,0.33558,0.2639,0,-0.97607,-0.66645,0.87251,-1.97083,-0.41016,1.85434,0.8215,2.27944,-0.15007,2.27958,-1.72144,-2.7883,9.82768,3.46182,1.65907,2.35909,-15.62602,-1.35823,-11.45528,-5.4096,2.07315,0.72449,0.36231,-2.75573,-0.31424,-0.20427,1.08786,2.5774,0.40802,0.83494,1.26397,0.03382,1.68315,-0.2097,0.34745
83.54,0.60786,-0.1179,0.29069,0.2237,0,-1.24992,-0.82888,1.17533,-1.85713,-0.14267,1.52464,0.64216,2.6256,-0.13833,5.73165,-1.82425,2.39466,5.90938,3.36292,0.87783,3.09019,-17.35548,-0.9,-11.11542,-6.29728,2.02588,0.64808,0.49183,-4.50632,-0.15267,-0.20521,1.52619,4.47821,1.1705,1.10623,1.06743,-1.24972,1.64862,-0.48801,0.09086
83.56,0.6403,-0.13656,0.25924,0.09884,0,-1.41747,-1.00222,1.41515,-1.61159,0.27513,1.0418,0.36847,2.71113,-0.04377,9.16313,-1.87653,7.6617,1.65037,3.11878,-0.1155,3.86938,-18.51058,-0.29117,-10.24471,-6.84855,1.88196,0.5976,0.54593,-5.78208,-0.02911,-0.22389,1.82702,5.94485,1.81691,1.2154,0.81646,-2.36847,1.51981,-0.63853,-0.0429
83.58,0.66642,-0.14014,0.24223,-0.10751,0,-1.47458,-1.17802,1.58377,-1.2392,0.81685,0.4423,0.02742,2.55454,0.118,12.46369,-1.91321,12.70215,-2.57829,2.80079,-1.24264,4.66492,-19.11869,0.43979,-8.99686,-7.0857,1.67044,0.57066,0.52681,-6.51005,0.05802,-0.26109,1.97935,6.89987,2.32618,1.16202,0.53192,-3.29149,1.30568,-0.66237,-0.05209
83.6,0.68458,-0.12947,0.23949,-0.38473,0,-1.42747,-1.34606,1.67791,-0.75739,1.44137,-0.23067,-0.3435,2.1972,0.317,15.52906,-1.95814,17.25141,-6.4495,2.47687,-2.41237,5.42849,-19.22963,1.25269,-7.5537,-7.04118,1.42443,0.56216,0.44423,-6.66188,0.11477,-0.31584,1.98823,7.30755,2.68785,0.96094,0.23714,-4.00206,1.02258,-0.57039,0.05435
83.62,0.69362,-0.10675,0.24966,-0.71522,0,-1.29184,-1.49506,1.69913,-0.19504,2.09608,-0.93278,-0.69999,1.69875,0.51196,18.26294,-2.01904,21.11585,-9.71644,2.20091,-3.52868,6.09837,-18.90482,2.09876,-6.10189,-6.74555,1.17643,0.56522,0.31455,-6.25367,0.15024,-0.38518,1.87267,7.17358,2.90171,0.64057,-0.04427,-4.4968,0.69335,-0.38173,0.25811
83.64,0.69288,-0.07522,0.2704,-1.07562,0,-1.09091,-1.61359,1.65342,0.40992,2.72178,-1.61648,-0.99632,1.13057,0.65638,20.57799,-2.08748,24.18027,-12.22688,2.00706,-4.49904,6.60594,-18.20712,2.92425,-4.80888,-6.22112,0.95401,0.57216,0.15874,-5.34417,0.17482,-0.4642,1.66142,6.54347,2.97645,0.23964,-0.29099,-4.78371,0.34557,-0.12151,0.53397
83.66,0.68221,-0.03881,0.29867,-1.43855,0,-0.85259,-1.69106,1.55058,1.01411,3.25879,-2.22704,-1.19157,0.56782,0.70652,22.39691,-2.14347,26.4005,-13.91769,1.90879,-5.24255,6.88483,-17.1929,3.67428,-3.80061,-5.48177,0.77621,0.57545,-0.0005,-4.03142,0.19853,-0.54645,1.38756,5.49994,2.92765,-0.19726,-0.48645,-4.87931,0.00916,0.182,0.85297
83.68,0.662,-0.00165,0.33105,-1.7749,0,-0.60632,-1.71882,1.40338,1.57308,3.65339,-2.70551,-1.25597,0.08125,0.6299,23.65417,-2.16265,27.78663,-14.79668,1.90151,-5.69716,6.88124,-15.90731,4.29691,-3.14423,-4.53761,0.65122,0.56867,-0.14184,-2.44739,0.22936,-0.62456,1.08282,4.15851,2.7754,-0.62472,-0.62092,-4.80572,-0.28624,0.50039,1.18579
83.7,0.63308,0.0323,0.36416,-2.05624,0,-0.37988,-1.69112,1.22662,2.0455,3.86349,-3.00063,-1.17571,-0.27009,0.4122,24.29831,-2.12387,28.38318,-14.91982,1.96706,-5.8249,6.56298,-14.38323,4.74695,-2.8396,-3.40223,0.57569,0.54721,-0.24815,-0.74977,0.27204,-0.69096,0.77264,2.66047,2.54203,-1.00124,-0.69271,-4.58774,-0.51408,0.80786,1.5058
83.72,0.59671,0.05971,0.39497,-2.25713,0,-0.19673,-1.60566,1.03594,2.397,3.86244,-3.08098,-0.95523,-0.44433,0.06083,24.29418,-2.01497,28.25045,-14.37039,2.07866,-5.61428,5.92539,-12.64354,4.98925,-2.82234,-2.10029,0.53607,0.50879,-0.30842,0.89052,0.32736,-0.73865,0.47304,1.16163,2.24993,-1.29315,-0.70805,-4.25036,-0.65324,1.08333,1.79114
83.74,0.5544,0.07809,0.42104,-2.35734,0,-0.07382,-1.4637,0.84646,2.60308,3.64062,-2.93994,-0.6164,-0.41993,-0.39543,23.62455,-1.83559,27.45014,-13.24361,2.20528,-5.07935,4.99292,-10.70588,5.0014,-2.97878,-0.67344,0.51181,0.45367,-0.31866,2.306,0.39203,-0.7619,0.18953,-0.18324,1.91957,-1.47729,-0.67959,-3.81667,-0.69005,1.31179,2.02581
83.76,0.50775,0.08606,0.44073,-2.34368,0,-0.02017,-1.26974,0.67126,2.65113,3.20488,-2.5944,-0.1951,-0.19641,-0.91063,22.29181,-1.59708,26.03683,-11.63822,2.3153,-4.25605,3.81673,-8.58909,4.77569,-3.17021,0.81653,0.48009,0.38456,-0.28177,3.35242,0.45923,-0.75682,-0.08179,-1.23908,1.56798,-1.54252,-0.62373,-3.30626,-0.61966,1.48484,2.1998
83.78,0.45834,0.08344,0.4533,-2.21157,0,-0.0362,-1.03101,0.52013,2.54151,2.57657,-2.08074,0.26387,0.20692,-1.4281,20.32055,-1.32028,24.05624,-9.65399,2.37935,-3.19714,2.46948,-6.32016,4.32052,-3.26088,2.28791,0.42081,0.30636,-0.2065,3.9281,0.51951,-0.72188,-0.35141,-1.90898,1.20764,-1.49009,-0.55739,-2.73436,-0.44676,1.60072,2.30852
83.8,0.40755,0.07121,0.4589,-1.96592,0,-0.11389,-0.75679,0.39864,2.28747,1.7887,-1.44944,0.71242,0.75419,-1.88789,17.76051,-1.03197,21.54913,-7.39284,2.37253,-1.96658,1.03876,-3.94014,3.66075,-3.14372,3.64329,0.32096,0.22565,-0.10597,3.98915,0.56203,-0.65824,-0.63213,-2.14852,0.84607,-1.33286,-0.495,-2.11182,-0.18544,1.66368,2.352
83.82,0.35656,0.05144,0.45855,-1.62105,0,-0.23795,-0.45772,0.30794,1.91371,0.88251,-0.75923,1.10422,1.39794,-2.23365,14.689,-0.7611,18.55889,-4.96064,2.27627,-0.63411,-0.3804,-1.50719,2.83665,-2.75812,4.77802,0.17727,0.15002,0.00426,3.55652,0.57602,-0.56982,-0.93395,-1.97259,0.48611,-1.09338,-0.4461,-1.4457,0.14207,1.68278,2.33381
83.84,0.3063,0.02692,0.45384,-1.19954,0,-0.38785,-0.14503,0.24518,1.45343,-0.09642,-0.07107,1.39887,2.08555,-2.41849,11.21132,-0.535,15.14066,-2.46765,2.07961,0.72977,-1.69309,0.9043,1.90105,-2.0972,5.59268,-0.00335,0.0872,0.10825,2.71344,0.55212,-0.46305,-1.25881,-1.45301,0.12682,-0.80091,-0.41398,-0.74044,0.50776,1.67024,2.25998
83.86,0.25743,0.00088,0.44675,-0.73011,0,-0.54054,0.17016,0.20451,0.9444,-1.10196,0.55772,1.56507,2.76625,-2.40926,7.45889,-0.37627,11.37014,-0.02655,1.78026,2.05832,-2.81209,3.20839,0.91502,-1.20489,6.00785,-0.20533,0.04413,0.19174,1.59391,0.48387,-0.34635,-1.59607,-0.70769,-0.23515,-0.48758,-0.39543,0.0006,0.88099,1.63944,2.13803
83.88,0.21045,-0.02346,0.43926,-0.24497,0,-0.67346,0.47752,0.17839,0.42476,-2.09088,1.07847,1.58271,3.3977,-2.18948,3.5853,-0.30031,7.35058,2.25158,1.38515,3.29224,-3.66468,5.31469,-0.05727,-0.16543,5.97854,-0.40744,0.02603,0.24386,0.36501,0.36882,-0.22938,-1.92016,0.11599,-0.60391,-0.18464,-0.38137,0.77347,1.23197,1.60303,1.97618
83.9,0.16572,-0.04325,0.43315,0.22306,0,-0.76718,0.76794,0.15887,-0.07074,-3.02514,1.45506,1.44415,3.95042,-1.76066,-0.24029,-0.314,3.21565,4.2629,0.91033,4.38238,-4.19815,7.13638,-0.95381,0.91177,5.50434,-0.58629,0.03562,0.25837,-0.79407,0.20933,-0.12216,-2.19168,0.86088,-0.98269,0.08093,-0.35843,1.57205,1.53472,1.57126,1.7829
83.92,0.12359,-0.05629,0.42975,0.64328,0,-0.80734,1.03368,0.13864,-0.51335,-3.87289,1.66612,1.1545,4.40911,-1.14191,-3.84296,-0.41556,-0.87429,5.91749,0.37992,5.29122,-4.38314,8.59768,-1.71962,1.90908,4.63234,-0.72,0.07269,0.23388,-1.71366,0.01279,-0.03404,-2.36288,1.38024,-1.37233,0.28867,-0.31109,2.38667,1.76912,1.55087,1.5666
83.94,0.08444,-0.0612,0.42983,0.98959,0,-0.78567,1.26829,0.11166,-0.88168,-4.60806,1.70552,0.73093,4.77033,-0.36772,-7.05534,-0.59559,-4.74352,7.14662,-0.17615,5.99325,-4.21473,9.64006,-2.31095,2.71765,3.45115,-0.79132,0.13402,0.17336,-2.25409,-0.20887,0.0273,-2.38746,1.55654,-1.77021,0.42567,-0.22437,3.20339,1.92171,1.54448,1.33546
83.96,0.04874,-0.05745,0.43353,1.24265,0,-0.70013,1.46646,0.07342,-1.16194,-5.20894,1.58144,0.20121,5.03754,0.51561,-9.73344,-0.83898,-8.21856,7.90997,-0.72517,6.47447,-3.7116,10.22706,-2.69867,3.25275,2.07779,-0.79003,0.21367,0.08287,-2.32332,-0.44026,0.05692,-2.2327,1.31738,-2.16965,0.48656,-0.08665,4.00385,1.98548,1.55053,1.09726
83.98,0.01708,-0.04538,0.4404,1.39151,0,-0.55442,1.6237,0.02091,-1.34733,-5.6566,1.31432,-0.39846,5.21494,1.45444,-11.7722,-1.12729,-11.14821,8.20147,-1.23521,6.73141,-2.9136,10.34759,-2.87051,3.46568,0.64065,-0.71447,0.30354,-0.03007,-1.88965,-0.66405,0.05332,-1.89116,0.64641,-2.55983,0.47261,0.10777,4.7659,1.95904,1.56366,0.85926
84,-0.00986,-0.02601,0.44952,1.43456,0,-0.35698,1.73621,-0.04759,-1.43704,-5.93347,0.93421,-1.02615,5.30185,2.39235,-13.11729,-1.44091,-13.42134,8.05204,-1.67825,6.76966,-1.87816,10.01715,-2.83188,3.35033,-0.73725,-0.57195,0.39418,-0.15795,-0.98711,-0.86258,0.01876,-1.38778,-0.41263,-2.92637,0.39047,0.3568,5.4648,1.84543,1.57524,0.6281
84.02,-0.03127,-0.00095,0.45955,1.37939,0,-0.1198,1.80075,-0.13282,-1.43504,-6.02252,0.47757,-1.63748,5.28898,3.27448,-13.7698,-1.76077,-14.9781,7.52732,-2.0326,6.60163,-0.67551,9.27627,-2.60459,2.94267,-1.95182,-0.37769,0.4757,-0.29443,0.28877,-1.01953,-0.04102,-0.77945,-1.76096,-3.2523,0.2507,0.64996,6.07478,1.65106,1.57414,0.40948
84.04,-0.04634,0.02782,0.46895,1.24164,0,0.14312,1.81462,-0.23482,-1.34886,-5.90735,-0.01625,-2.18927,5.15718,4.0514,-13.78257,-2.06924,-15.81289,6.71986,-2.28426,6.24389,0.61723,8.18588,-2.22355,2.31313,-2.92628,-0.15257,0.53879,-0.43485,1.79495,-1.12138,-0.11783,-0.1459,-3.25894,-3.51962,0.06613,0.96912,6.57106,1.38463,1.5474,0.20782
84.06,-0.05426,0.0582,0.47612,1.04293,0,0.41724,1.7758,-0.35324,-1.18855,-5.57328,-0.50868,-2.64355,4.87899,4.68229,-13.24969,-2.35048,-15.96998,5.73698,-2.42735,5.71432,1.92241,6.82058,-1.73199,1.55339,-3.61467,0.08013,0.57581,-0.57635,3.36262,-1.15869,-0.20244,0.4261,-4.74725,-3.71117,-0.14946,1.2904,6.93198,1.05633,1.48114,0.02573
84.08,-0.0544,0.0882,0.47959,0.80831,0,0.68886,1.6833,-0.48744,-0.96591,-5.00956,-0.96517,-2.97097,4.4224,5.1374,-12.29207,-2.59037,-15.53446,4.68706,-2.46382,5.02999,3.16787,5.2613,-1.17622,0.76108,-4.00119,0.29815,0.58163,-0.71747,4.82186,-1.12705,-0.28624,0.86108,-6.07061,-3.81267,-0.38264,1.58695,7.1414,0.6774,1.36149,-0.13639
84.1,-0.04634,0.11603,0.47814,0.56371,0,0.94622,1.53751,-0.63668,-0.69395,-4.21253,-1.35769,-3.15324,3.75617,5.39928,-11.04246,-2.77633,-14.6208,3.66706,-2.40268,4.2065,4.29128,3.58879,-0.60103,0.02589,-4.09635,0.48317,0.55438,-0.85766,6.02427,-1.02757,-0.3625,1.11038,-7.09908,-3.81459,-0.62111,1.83179,7.19057,0.25984,1.17591,-0.28048
84.12,-0.02993,0.14029,0.47093,0.3334,0,1.18007,1.34068,-0.80002,-0.38659,-3.18912,-1.66608,-3.18363,2.85574,5.46234,-9.63159,-2.8972,-13.36066,2.75341,-2.25874,3.25886,5.24215,1.87891,-0.04655,-0.5801,-3.93084,0.62245,0.49564,-0.99665,6.85914,-0.86684,-0.4271,1.16076,-7.74233,-3.71323,-0.85419,2.00046,7.07913,-0.18362,0.91472,-0.41054
84.14,-0.00538,0.15996,0.45758,0.13787,0,1.38373,1.09715,-0.97616,-0.05836,-1.95925,-1.87817,-3.06549,1.70895,5.33079,-8.17685,-2.94324,-11.89061,1.99728,-2.05092,2.20378,5.98129,0.19967,0.45338,-1.00674,-3.54785,0.70906,0.41025,-1.13388,7.26115,-0.65609,-0.47856,1.03403,-7.95539,-3.51106,-1.07293,2.07311,6.8148,-0.63951,0.57272,-0.53183
84.16,0.02682,0.17437,0.43811,-0.00785,0,1.55286,0.81355,-1.16323,0.27579,-0.55441,-1.98903,-2.80942,0.32104,5.01567,-6.77396,-2.90653,-10.341,1.42397,-1.80043,1.06286,6.47869,-1.38996,0.8714,-1.22548,-2.99494,0.74094,0.30564,-1.26812,7.21049,-0.40994,-0.5173,0.7789,-7.73643,-3.21618,-1.26993,2.03602,6.41212,-1.0938,0.15091,-0.64982
84.18,0.06586,0.18313,0.41296,-0.09548,0,1.68498,0.49873,-1.35849,0.6009,0.98756,-1.99972,-2.43008,-1.28167,4.53191,-5.49202,-2.78177,-8.82692,1.03555,-1.52893,-0.13444,6.71105,-2.84001,1.18604,-1.22622,-2.31697,0.71922,0.19101,-1.39718,6.72766,-0.14487,-0.54476,0.45814,-7.11946,-2.84147,-1.4391,1.88275,5.89076,-1.53196,-0.34216,-0.76892
84.2,0.11072,0.18605,0.38292,-0.12404,0,1.77894,0.16366,-1.55811,0.90237,2.62444,-1.91609,-1.94375,-3.04999,3.89653,-4.372,-2.56752,-7.44187,0.8155,-1.25694,-1.34893,6.66036,-4.10852,1.38104,-1.01382,-1.55097,0.64653,0.0765,-1.51782,5.86546,0.12218,-0.56233,0.13513,-6.16487,-2.40337,-1.57548,1.61483,5.27378,-1.93939,-0.88967,-0.89144
84.22,0.1602,0.18308,0.34908,-0.09965,0,1.83452,-0.17898,-1.75688,1.16656,4.30234,-1.7478,-1.3674,-4.91281,3.12835,-3.42839,-2.26763,-6.25433,0.73434,-1.00258,-2.53225,6.31413,-5.1602,1.445,-0.6057,-0.72406,0.52573,-0.02764,-1.62587,4.70008,0.37496,-0.57067,-0.13705,-4.94968,-1.92073,-1.67504,1.242,4.58595,-2.30172,-1.46686,-1.01687
84.24,0.21299,0.17428,0.31272,-0.03451,0,1.85206,-0.5156,-1.94805,1.38159,5.94604,-1.50761,-0.71911,-6.78116,2.24928,-2.65344,-1.89251,-5.30676,0.75551,-0.78061,-3.6302,5.66758,-5.96517,1.37171,-0.03155,0.14581,0.35932,-0.11158,-1.71633,3.3222,0.59869,-0.56933,-0.32225,-3.55896,-1.4133,-1.73473,0.78181,3.85206,-2.60539,-2.04259,-1.1417
84.26,0.26781,0.15972,0.27522,0.05468,0,1.83225,-0.83257,-2.12336,1.53817,7.46056,-1.21099,-0.01868,-8.5552,1.28658,-2.02322,-1.4601,-4.61657,0.84059,-0.60179,-4.58854,4.72734,-6.4982,1.16098,0.66541,1.04676,0.14945,-0.16645,-1.78368,1.82882,0.78049,-0.55682,-0.40327,-2.07873,-0.90038,-1.75254,0.25874,3.09544,-2.83835,-2.5821,-1.25974
84.28,0.32345,0.13959,0.23791,0.1489,0,1.77623,-1.11742,-2.27325,1.63044,8.74584,-0.87587,0.71222,-10.13301,0.27512,-1.50446,-0.99606,-4.17852,0.95347,-0.4725,-5.35994,3.51542,-6.73882,0.81972,1.42676,1.9688,-0.1015,-0.18465,-1.82242,0.31626,0.90961,-0.5309,-0.3805,-0.59078,-0.39941,-1.72783,-0.29719,2.3367,-2.99093,-3.05048,-1.36298
84.3,0.37883,0.11414,0.20199,0.229,0,1.68569,-1.35975,-2.38757,1.65658,9.71252,-0.52209,1.44867,-11.41989,-0.74163,-1.0614,-0.53278,-3.96789,1.06285,-0.39472,-5.91027,2.07218,-6.67227,0.36254,2.17873,2.89976,-0.39031,-0.16023,-1.82755,-1.12583,0.97752,-0.48904,-0.26836,0.83102,0.07503,-1.66154,-0.85224,1.59299,-3.05661,-3.4162,-1.44271
84.32,0.43305,0.08384,0.16842,0.27794,0,1.56309,-1.55204,-2.4564,1.61873,10.29215,-0.17045,2.15925,-12.33663,-1.71299,-0.66148,-0.10665,-3.94394,1.14272,-0.36633,-6.22287,0.4563,-6.29098,-0.18854,2.83495,3.82261,-0.71229,-0.08915,-1.79521,-2.41931,0.97794,-0.42866,-0.0908,2.12317,0.51196,-1.55635,-1.37124,0.87755,-3.03263,-3.65431,-1.49088
84.34,0.48532,0.04937,0.13784,0.28274,0,1.41184,-1.68992,-2.47125,1.52244,10.44401,0.1589,2.80537,-12.82604,-2.58541,-0.2797,0.24642,-4.05337,1.17076,-0.38163,-6.29972,-1.25881,-5.59631,-0.80572,3.3033,4.71458,-1.06105,0.03036,-1.72312,-3.50181,0.90675,-0.34744,0.12335,3.23427,0.90439,-1.4166,-1.82043,0.19949,-2.92018,-3.74882,-1.5015
84.36,0.53489,0.01178,0.11044,0.23619,0,1.23633,-1.77228,-2.42636,1.37551,10.16085,0.44856,3.34629,-12.85775,-3.30918,0.09869,0.49677,-4.23348,1.12533,-0.43215,-6.16008,-2.99168,-4.60044,-1.45795,3.49621,5.54809,-1.42854,0.19754,-1.61108,-4.33031,0.76202,-0.24323,0.34458,4.12645,1.24943,-1.24795,-2.17051,-0.43615,-2.72431,-3.6942,-1.47191
84.38,0.58093,-0.02755,0.08598,0.13787,0,1.04191,-1.80105,-2.31981,1.18668,9.47353,0.68598,3.74671,-12.43121,-3.84599,0.47682,0.62714,-4.41532,0.98181,-0.50743,-5.83724,-4.66093,-3.32826,-2.1139,3.34336,6.29265,-1.80528,0.40878,-1.46117,-4.88375,0.54397,-0.11407,0.54626,4.77634,1.54807,-1.05693,-2.39971,-1.02822,-2.45372,-3.49618,-1.40371
84.4,0.62248,-0.06686,0.06371,-0.00544,0,0.83476,-1.78071,-2.15443,0.96457,8.45417,0.86503,3.98264,-11.57643,-4.17539,0.84598,0.63772,-4.52655,0.70936,-0.59587,-5.37439,-6.19273,-1.81874,-2.74441,2.80447,6.91667,-2.18054,0.6575,-1.27787,-5.16412,0.25498,0.04185,0.70709,5.17554,1.80463,-0.85051,-2.49619,-1.57875,-2.1204,-3.1714,-1.30309
84.42,0.65829,-0.1041,0.04248,-0.18046,0,0.62154,-1.71764,-1.9377,0.71687,7.21352,0.98644,4.04438,-10.35153,-4.29842,1.18648,0.54896,-4.4942,0.26907,-0.68539,-4.81981,-7.526,-0.12501,-3.32381,1.88026,7.38814,-2.54239,0.9341,-1.06778,-5.19501,-0.10051,0.22613,0.81256,5.33001,2.02568,-0.63552,-2.45919,-2.09191,-1.73909,-2.74597,-1.1803
84.44,0.68676,-0.13708,0.02079,-0.36906,0,0.40887,-1.61907,-1.6809,0.45004,5.88376,1.05713,3.93691,-8.83677,-4.23744,1.46945,0.40169,-4.24741,-0.386,-0.764,-4.22195,-8.61456,1.68721,-3.83002,0.61997,7.67395,-2.87741,1.22623,-0.83887,-5.01775,-0.51628,0.43992,0.8552,5.25838,2.21861,-0.41816,-2.29877,-2.57253,-1.32654,-2.25255,-1.04809
84.46,0.70584,-0.16368,-0.00302,-0.55078,0,0.20259,-1.49205,-1.39744,0.16937,4.5866,1.08842,3.67798,-7.12589,-4.03267,1.65937,0.25435,-3.72035,-1.30858,-0.82022,-3.62476,-9.42685,3.54297,-4.24362,-0.87523,7.73843,-3.17047,1.51932,-0.59952,-4.68531,-0.98468,0.6836,0.83406,4.98932,2.39,-0.20341,-2.03419,-3.02445,-0.90047,-1.72661,-0.91952
84.48,0.71309,-0.1821,-0.03058,-0.70564,0,0.00719,-1.34246,-1.10093,-0.12056,3.40665,1.09385,3.29489,-5.31653,-3.73664,1.71719,0.17835,-2.85572,-2.55264,-0.8434,-3.06376,-9.94425,5.36266,-4.54667,-2.45345,7.54216,-3.40455,1.79728,-0.35746,-4.25549,-1.49709,0.95627,0.75363,4.55884,2.54406,0.00532,-1.69156,-3.4491,-0.4786,-1.20253,-0.80569
84.5,0.70573,-0.19108,-0.06333,-0.8168,0,-0.17468,-1.17429,-0.80355,-0.4153,2.38538,1.08698,2.82065,-3.50134,-3.40772,1.60361,0.25193,-1.60877,-4.16662,-0.82404,-2.56354,-10.15909,7.06708,-4.7219,-3.91849,7.04239,-3.56101,2.04345,-0.11894,-3.7842,-2.04424,1.25509,0.62261,4.00753,2.6816,0.20631,-1.30095,-3.84438,-0.07766,-0.71016,-0.71388
84.52,0.68092,-0.19007,-0.10235,-0.87255,0,-0.34214,-0.98943,-0.51481,-0.70988,1.52917,1.07964,2.29031,-1.76077,-3.10375,1.28237,0.55334,0.04817,-6.18474,-0.75403,-2.13667,-10.07274,8.58253,-4.75267,-5.04251,6.19553,-3.62025,2.24143,0.11166,-3.31973,-2.61633,1.5746,0.4526,3.37808,2.79949,0.39932,-0.89339,-4.20419,0.28741,-0.27259,-0.64667
84.54,0.63596,-0.17928,-0.14821,-0.86742,0,-0.4957,-0.78784,-0.24121,-0.9983,0.81959,1.08093,1.73771,-0.1579,-2.87622,0.72344,1.15345,2.12106,-8.61692,-0.62693,-1.78425,-9.69429,9.84553,-4.62403,-5.58552,4.96229,-3.56285,2.37601,0.33183,-2.89846,-3.20291,1.90598,0.25695,2.71297,2.89096,0.58505,-0.4979,-4.51863,0.60416,0.09483,-0.60224
84.56,0.56868,-0.15965,-0.20089,-0.80229,0,-0.63652,-0.5681,0.01367,-1.27323,0.22205,1.09679,1.19276,1.2646,-2.76542,-0.094,2.10834,4.58933,-11.43846,-0.43842,-1.49761,-9.04003,10.80726,-4.32472,-5.32158,3.31524,-3.37134,2.43401,0.54047,-2.54204,-3.79263,2.23662,0.04972,2.05237,2.94652,0.7644,-0.13876,-4.77486,0.8632,0.3843,-0.57555
84.58,0.47779,-0.1328,-0.25976,-0.68387,0,-0.76558,-0.3283,0.2485,-1.52607,-0.30683,1.13018,0.67974,2.48548,-2.79669,-1.17862,3.45188,7.40114,-14.58108,-0.18695,-1.26084,-8.13396,11.4373,-3.85004,-4.0701,1.24817,-3.0323,2.40502,0.73728,-2.25646,-4.37271,2.55008,-0.15519,1.43243,2.95542,0.93765,0.16661,-4.95875,1.05875,0.5947,-0.5601
84.6,0.36323,-0.10083,-0.32355,-0.5235,0,-0.88291,-0.06697,0.46333,-1.7473,-0.81299,1.18143,0.21636,3.50397,-2.97792,-2.52412,5.18907,10.46902,-17.92696,0.12511,-1.05367,-7.00871,11.72604,-3.20492,-1.72992,-1.2137,-2.53884,2.28197,0.92205,-2.03292,-4.92821,2.82671,-0.34476,0.88389,2.90748,1.10384,0.40871,-5.05676,1.18895,0.73014,-0.54971
84.62,0.22635,-0.06621,-0.39051,-0.33545,0,-0.9872,0.21593,0.65877,-1.9272,-1.33944,1.24867,-0.18609,4.33668,-3.29856,-4.10698,7.29064,13.66671,-21.30768,0.49007,-0.85411,-5.70633,11.68462,-2.40643,1.68773,-4.0047,-1.89266,2.06122,1.09413,-1.85057,-5.44103,3.04506,-0.50744,0.43116,2.7947,1.26041,0.58579,-5.0579,1.2559,0.79856,-0.53974
84.64,0.06999,-0.03157,-0.45847,-0.13493,0,-1.07562,0.51833,0.8353,-2.05679,-1.92088,1.32814,-0.52195,5.01282,-3.73,-5.88477,9.68958,16.82854,-24.5091,0.89338,-0.64082,-4.27801,11.34237,-1.48511,6.03172,-7.01241,-1.10581,1.74219,1.25201,-1.68081,-5.88859,3.18396,-0.63367,0.09152,2.61267,1.40323,0.70237,-4.95542,1.26543,0.81031,-0.52772
84.66,-0.10167,0.00057,-0.52508,0.0641,0,-1.1442,0.83553,0.9928,-2.129,-2.57825,1.41434,-0.78977,5.56838,-4.22754,-7.79565,12.28056,19.75298,-27.28328,1.31244,-0.39489,-2.78281,10.74205,-0.48481,10.99515,-10.07615,-0.20149,1.32676,1.39328,-1.49278,-6.24284,3.22519,-0.71634,-0.12551,2.36159,1.52699,0.7669,-4.74814,1.22661,0.7771,-0.51316
84.68,-0.28337,0.02795,-0.58802,0.2507,0,-1.18845,1.1601,1.13042,-2.13967,-3.3128,1.50015,-0.99095,6.04017,-4.7339,-9.75896,14.92266,22.21194,-29.36669,1.71634,-0.10139,-1.28527,9.93449,0.53902,16.11835,-12.99202,0.78571,0.8186,1.51488,-1.25897,-6.47,3.15614,-0.7513,-0.2187,2.04683,1.62592,0.78911,-4.44146,1.15101,0.71105,-0.49698
84.7,-0.46908,0.04879,-0.64522,0.41805,0,-1.20414,1.48201,1.24677,-2.08814,-4.10118,1.57695,-1.12851,6.46048,-5.18407,-11.67729,17.4461,23.96713,-30.50357,2.06723,0.24945,0.14783,8.97339,1.52286,20.81926,-15.52631,1.81067,0.22297,1.61354,-0.96023,-6.53148,2.97193,-0.73758,-0.19559,1.67907,1.69466,0.77781,-4.0478,1.05185,0.62407,-0.4806
84.72,-0.65232,0.06194,-0.69504,0.56348,0,-1.18814,1.78921,1.34026,-1.97719,-4.89726,1.63477,-1.20642,6.85292,-5.51156,-13.43999,19.66338,24.79336,-30.47208,2.32394,0.66127,1.45175,7.91084,2.40053,24.45716,-17.43821,2.81973,-0.45305,1.68637,-0.58908,-6.38623,2.67617,-0.67759,-0.07258,1.27369,1.72903,0.73959,-3.58606,0.94289,0.52734,-0.46511
84.74,-0.82655,0.06692,-0.73635,0.68731,0,-1.13911,2.06842,1.40968,-1.81199,-5.64394,1.66253,-1.22945,7.2296,-5.65548,-14.92849,21.38459,24.50788,-29.1111,2.44753,1.1309,2.5691,6.79366,3.11038,26.42778,-18.51101,3.75415,-1.19989,1.73161,-0.15092,-5.99439,2.28026,-0.57687,0.12528,0.8494,1.72677,0.6787,-3.08003,0.83717,0.43091,-0.45054
84.76,-0.98556,0.06396,-0.76863,0.79108,0,-1.05807,2.30631,1.45479,-1.59859,-6.28755,1.64857,-1.2036,7.58992,-5.56802,-16.02369,22.43619,23.00228,-26.34585,2.40827,1.64792,3.45559,5.66089,3.60346,26.27648,-18.58797,4.55472,-2.00439,1.74924,0.33675,-5.32219,1.80143,-0.44376,0.36518,0.42635,1.68799,0.59779,-2.55602,0.74566,0.34332,-0.43535
84.78,-1.12386,0.05394,-0.79191,0.87547,0,-0.94874,2.49071,1.47697,-1.34244,-6.78577,1.5813,-1.13677,7.92069,-5.22104,-16.61516,22.68089,20.27122,-22.20903,2.19244,2.1945,4.08539,4.54262,3.85128,23.80474,-17.60558,5.16711,-2.84893,1.74155,0.84683,-4.34738,1.26034,-0.2888,0.60817,0.02402,1.61552,0.49933,-2.04016,0.67607,0.27128,-0.4163
84.8,-1.23695,0.03833,-0.80683,0.93876,0,-0.81759,2.61177,1.47951,-1.04742,-7.10924,1.45023,-1.03936,8.19751,-4.61034,-16.61131,22.03502,16.42981,-16.85246,1.80677,2.74565,4.45458,3.46038,3.85111,19.13913,-15.61491,5.5472,-3.71059,1.71341,1.34609,-3.0645,0.67897,-0.12403,0.8118,-0.34054,1.51494,0.3868,-1.55607,0.63215,0.21952,-0.38863
84.82,-1.32156,0.01904,-0.81451,0.9763,0,-0.67353,2.66256,1.46758,-0.71597,-7.24092,1.24713,-0.92437,8.38683,-3.75609,-15.94921,20.47957,11.71169,-10.54347,1.27922,3.26985,4.5816,2.42875,3.62722,12.73653,-12.78261,5.66535,-4.56115,1.67209,1.79934,-1.48862,0.07938,0.03778,0.93385,-0.65392,1.39432,0.26545,-1.1232,0.61346,0.19074,-0.34653
84.84,-1.37561,-0.00177,-0.81645,0.98114,0,-0.5271,2.63932,1.4476,-0.35013,-7.17467,0.96733,-0.80694,8.44866,-2.6988,-14.60286,18.06271,6.44495,-3.6435,0.65507,3.73033,4.50405,1.45788,3.22732,5.31631,-9.36846,5.5094,-5.36774,1.62639,2.17396,0.34297,-0.51662,0.18409,0.93722,-0.90683,1.26351,0.14214,-0.75589,0.61594,0.18568,-0.28407
84.86,-1.39815,-0.02189,-0.81433,0.94579,0,-0.38933,2.54117,1.42624,0.04651,-6.91325,0.61095,-0.70317,8.33988,-1.49208,-12.58963,14.89469,1.00987,3.42825,-0.01064,4.08718,4.27276,0.55624,2.71502,-2.26613,-5.68417,5.08611,-6.09449,1.58545,2.44415,2.37138,-1.08721,0.30357,0.79535,-1.09398,1.13307,0.0245,-0.46313,0.63291,0.2033,-0.1962
84.88,-1.38925,-0.03935,-0.80985,0.86435,0,-0.27053,2.36976,1.40931,0.46678,-6.46641,0.184,-0.62854,8.01848,-0.19397,-9.97409,11.13751,-4.21133,10.23904,-0.66216,4.30011,3.94442,-0.26698,2.16028,-9.17125,-2.04406,4.42121,-6.70489,1.55733,2.59455,4.5185,-1.61012,0.38722,0.49739,-1.21361,1.01316,-0.08027,-0.24879,0.65638,0.24103,-0.07987
84.9,-1.34992,-0.05255,-0.80458,0.73466,0,-0.17903,2.12893,1.40069,0.89829,-5.84933,-0.3009,-0.59617,7.4484,1.14056,-6.86793,6.99132,-8.88111,16.3861,-1.25144,4.33215,3.57424,-1.00045,1.62982,-14.71324,1.27984,3.55782,-7.16459,1.54769,2.62231,6.69082,-2.06282,0.42928,0.05177,-1.26696,0.91249,-0.16663,-0.1122,0.6784,0.29506,0.06503
84.92,-1.28201,-0.06044,-0.79981,0.5595,0,-0.12035,1.82448,1.4017,1.32304,-5.08162,-0.82455,-0.61504,6.60465,2.46439,-3.42422,2.67843,-12.74025,21.53286,-1.74364,4.15364,3.20994,-1.63098,1.1793,-18.45147,4.08873,2.55299,-7.44393,1.55879,2.53689,8.78449,-2.42368,0.42803,-0.51271,-1.25764,0.83749,-0.23136,-0.04868,0.69206,0.36053,0.2351
84.94,-1.18813,-0.06254,-0.79644,0.34686,0,-0.09668,1.46399,1.41072,1.71839,-4.1865,-1.36204,-0.68855,5.47821,3.73953,0.17487,-1.57449,-15.62435,25.43452,-2.11911,3.74643,2.88739,-2.14559,0.84806,-20.22049,6.26931,1.47203,-7.52019,1.58893,2.35764,10.69153,-2.67431,0.38627,-1.14908,-1.19128,0.79172,-0.27368,-0.05019,0.69209,0.43185,0.42342
84.96,-1.07153,-0.05899,-0.79488,0.10907,0,-0.1067,1.0568,1.42336,2.05938,-3.19046,-1.88446,-0.81337,4.08021,4.93558,3.73551,-5.55494,-17.46453,27.95285,-2.37197,3.1079,2.62839,-2.53493,0.65648,-20.10413,7.78907,0.38172,-7.3794,1.63235,2.10951,12.30723,-2.80274,0.31134,-1.79715,-1.07524,0.77567,-0.29476,-0.10575,0.67515,0.5029,0.61988
84.98,-0.93607,-0.05045,-0.79499,-0.13867,0,-0.14579,0.61396,1.43294,2.32191,-2.12313,-2.36121,-0.979,2.44496,6.02667,7.07144,-9.08169,-18.27716,29.06128,-2.50674,2.25422,2.4402,-2.79709,0.60591,-18.37337,8.68013,-0.6567,-7.01795,1.6797,1.81826,13.53825,-2.80656,0.21481,-2.39048,-0.91846,0.78673,-0.29693,-0.20192,0.63967,0.56731,0.81202
85,-0.78619,-0.03802,-0.79613,-0.37999,0,-0.20652,0.14832,1.43131,2.48584,-1.01724,-2.76257,-1.16824,0.63083,6.98816,10.02123,-12.01783,-18.14755,28.84029,-2.53422,1.22184,2.31681,-2.94054,0.68049,-15.41111,9.01809,-1.593,-6.44376,1.71899,1.5062,14.31027,-2.69493,0.11148,-2.86398,-0.73139,0.81961,-0.28273,-0.32328,0.58576,0.61877,0.98598
85.02,-0.62682,-0.02312,-0.79721,-0.599,0,-0.27943,-0.32563,1.40978,2.53763,0.09171,-3.0621,-1.35865,-1.28205,7.79457,12.4604,-14.27782,-17.21122,27.46224,-2.46777,0.06656,2.24154,-2.98492,0.85062,-11.64264,8.90112,-2.39096,-5.6765,1.73694,1.18964,14.57428,-2.48831,0.01779,-3.16133,-0.52579,0.86689,-0.25419,-0.45309,0.51483,0.6514,1.1276
85.04,-0.46331,-0.0073,-0.79679,-0.78164,0,-0.35397,-0.79213,1.36014,2.47178,1.16637,-3.2389,-1.52511,-3.19768,8.41915,14.30732,-15.828,-15.63521,25.16633,-2.32078,-1.14064,2.19072,-2.9592,1.0777,-7.48235,8.43278,-3.02851,-4.74661,1.72065,0.87812,14.31045,-2.21559,-0.05048,-3.2413,-0.31427,0.91985,-0.2124,-0.57417,0.42933,0.66007,1.22357
85.06,-0.30116,0.00788,-0.79324,-0.91664,0,-0.41969,-1.2349,1.27562,2.2914,2.16918,-3.27948,-1.64314,-5.01312,8.83532,15.52354,-16.68194,-13.60128,22.22736,-2.10521,-2.32021,2.13789,-2.89779,1.31953,-3.29956,7.70997,-3.49564,-3.69329,1.65942,0.57552,13.53004,-1.90929,-0.08072,-3.08274,-0.10964,0.96948,-0.15733,-0.67003,0.33243,0.6409,1.26255
85.08,-0.14581,0.021,-0.78487,-0.99637,0,-0.46731,-1.63796,1.15188,2.00781,3.06447,-3.17925,-1.69232,-6.62857,9.01952,16.11078,-16.89303,-11.29218,18.92407,-1.83144,-3.39208,2.05802,-2.8355,1.53568,0.59895,6.81618,-3.79125,-2.56191,1.54649,0.2823,12.27548,-1.59998,-0.06595,-2.68776,0.07587,1.00742,-0.08813,-0.72606,0.22776,0.59161,1.23637
85.1,-0.00234,0.03095,-0.77013,-1.01732,0,-0.48974,-1.98667,0.98775,1.63958,3.82067,-2.94345,-1.65907,-7.95652,8.95435,16.10572,-16.54586,-8.88136,15.5125,-1.50865,-4.28353,1.93107,-2.80268,1.69206,3.97495,5.81924,-3.91999,-1.40117,1.38029,-0.00199,10.61841,-1.31153,-0.00629,-2.08254,0.23144,1.02683,-0.00356,-0.7308,0.11914,0.51197,1.14107
85.12,0.12472,0.037,-0.74771,-0.98039,0,-0.48269,-2.26853,0.78568,1.2108,4.41225,-2.58707,-1.53812,-8.92814,8.63085,15.57368,-15.74726,-6.5254,12.20756,-1.14547,-4.93556,1.74422,-2.82153,1.76399,6.65824,4.77233,-3.89008,-0.26006,1.16496,-0.27645,8.65477,-1.05842,0.09084,-1.31506,0.34834,1.02294,0.09733,-0.67697,0.01046,0.40397,0.9777
85.14,0.23168,0.03884,-0.71656,-0.89094,0,-0.44499,-2.47393,0.5517,0.74879,4.82134,-2.13366,-1.3324,-9.49617,8.04925,14.6014,-14.61738,-4.35843,9.17406,-0.7505,-5.30728,1.49256,-2.90401,1.7376,8.54349,3.71692,-3.71235,0.81541,0.90985,-0.53747,6.4967,-0.84543,0.21204,-0.44971,0.42052,0.99322,0.21439,-0.56219,-0.09465,0.2719,0.75279
85.16,0.31589,0.03656,-0.67596,-0.7585,0,-0.37847,-2.59666,0.29508,0.28147,5.03892,-1.61263,-1.05145,-9.63483,7.21857,13.28998,-13.28144,-2.48811,6.52591,-0.33258,-5.37817,1.17843,-3.05144,1.60964,9.58668,2.68672,-3.40051,1.78535,0.62822,-0.77829,4.26212,-0.66956,0.34052,0.44059,0.44504,0.93726,0.34567,-0.38935,-0.19292,0.12211,0.47838
85.18,0.37593,0.03066,-0.62545,-0.59638,0,-0.28762,-2.63444,0.02761,-0.1652,5.06567,-1.05409,-0.70926,-9.33816,6.15561,11.74855,-11.8628,-0.99319,4.33159,0.0992,-5.14868,0.80987,-3.25557,1.38625,9.80137,1.71145,-2.97221,2.61897,0.33546,-0.98932,2.06396,-0.52327,0.45927,1.2832,0.42229,0.85646,0.48696,-0.16661,-0.28173,-0.03734,0.17157
85.2,0.41172,0.02192,-0.56483,-0.42085,0,-0.17908,-2.58908,-0.23725,-0.56929,4.91217,-0.483,-0.32201,-8.61767,4.88407,10.08883,-10.47724,0.07707,2.62295,0.53564,-4.63928,0.39884,-3.50063,1.08114,9.25352,0.81964,-2.44995,3.29635,0.04734,-1.159,0.00108,-0.39786,0.55396,2.01392,0.35593,0.75364,0.6317,0.09312,-0.35921,-0.1972,-0.14644
85.22,0.42448,0.01138,-0.49426,-0.25002,0,-0.06095,-2.46635,-0.48536,-0.91406,4.59818,0.0829,0.09377,-7.49984,3.43387,8.42011,-9.22806,0.70137,1.40483,0.96755,-3.88779,-0.0406,-3.76588,0.71334,8.05315,0.0396,-1.86104,3.80898,-0.22165,-1.27503,-1.84783,-0.28626,0.61488,2.58299,0.25248,0.63269,0.77154,0.37322,-0.42422,-0.34773,-0.45193
85.24,0.41653,0.00019,-0.41418,-0.10226,0,0.05796,-2.27538,-0.70305,-1.18826,4.15074,0.63037,0.52225,-6.02391,1.84065,6.84401,-8.20143,0.88314,0.66367,1.3861,-2.94511,-0.49384,-4.02841,0.30486,6.34198,-0.60177,-1.23624,4.15869,-0.45948,-1.32562,-3.42688,-0.18439,0.6378,2.95856,0.1206,0.49823,0.89736,0.65505,-0.47635,-0.47953,-0.72097
85.26,0.39103,-0.01051,-0.32542,0.00569,0,0.16898,-2.0277,-0.87824,-1.3857,3.60142,1.14628,0.94879,-4.23989,0.1454,5.44918,-7.46204,0.64617,0.37388,1.78302,-1.86994,-0.94693,-4.26585,-0.12169,4.27813,-1.08196,-0.60711,4.35548,-0.65738,-1.30099,-4.70273,-0.09142,0.62349,3.12763,-0.03001,0.35523,1.00085,0.92006,-0.51568,-0.58447,-0.9321
85.28,0.35159,-0.01968,-0.22919,0.06059,0,0.26439,-1.73625,-1.00157,-1.50449,2.98343,1.61611,1.35997,-2.20741,-1.60577,4.30631,-7.0495,0.03014,0.50184,2.15076,-0.72322,-1.38744,-4.45898,-0.54512,2.02026,-1.38644,-0.00294,4.41489,-0.81031,-1.19475,-5.66239,-0.00901,0.57667,3.09509,-0.18969,0.2088,1.07597,1.15195,-0.54269,-0.65649,-1.06898
85.3,0.30199,-0.02649,-0.12712,0.05434,0,0.33806,-1.41441,-1.06735,-1.54617,2.32896,2.02636,1.74345,0.00508,-3.36182,3.46423,-6.97616,-0.91319,1.00751,2.48243,0.43661,-1.80497,-4.59365,-0.9473,-0.28619,-1.51157,0.55199,4.35545,-0.91703,-1.0053,-6.30993,0.05987,0.50455,2.88147,-0.34982,0.06394,1.12012,1.33857,-0.55808,-0.69234,-1.1225
85.32,0.24581,-0.03041,-0.02129,-0.01504,0,0.38593,-1.07525,-1.07404,-1.51503,1.66718,2.36741,2.08799,2.32106,-5.06728,2.94737,-7.22658,-2.12256,1.84411,2.77123,1.55721,-2.19125,-4.6618,-1.3141,-2.51869,-1.46563,1.04013,4.19656,-0.97968,-0.73687,-6.66275,0.11212,0.41547,2.51964,-0.50345,-0.07465,1.13438,1.47306,-0.56266,-0.69184,-1.09175
85.34,0.18627,-0.03122,0.08584,-0.14312,0,0.40618,-0.73093,-1.02436,-1.41773,1.02286,2.63427,2.38354,4.65733,-6.66343,2.75465,-7.75895,-3.5285,2.95623,3.00961,2.5945,-2.53993,-4.66141,-1.63578,-4.5827,-1.26754,1.45103,3.95693,-1.00322,-0.40021,-6.74787,0.14539,0.31777,2.05086,-0.64565,-0.20274,1.12287,1.55411,-0.55737,-0.6577,-0.98366
85.36,0.126,-0.029,0.19154,-0.31951,0,0.39926,-0.39225,-0.92493,-1.26308,0.41561,2.82566,2.62169,6.92616,-8.09035,2.85983,-8.50809,-5.05363,4.27713,3.18837,3.5137,-2.84614,-4.59549,-1.90671,-6.41257,-0.9437,1.78062,3.65363,-0.99442,-0.01271,-6.59866,0.15875,0.219,1.52039,-0.77343,-0.31683,1.09132,1.5855,-0.54319,-0.59503,-0.81156
85.38,0.06703,-0.02413,0.29296,-0.52879,0,0.36767,-0.06838,-0.78567,-1.06213,-0.14012,2.94272,2.79624,9.03822,-9.28978,3.21325,-9.38986,-6.61234,5.7262,3.29614,4.28937,-3.106,-4.47071,-2.12486,-7.96918,-0.52398,2.02978,3.30191,-0.96102,0.40198,-6.25246,0.15291,0.12547,0.97344,-0.88542,-0.41435,1.04534,1.57497,-0.52126,-0.51065,-0.59316
85.4,0.01069,-0.01721,0.38728,-0.75193,0,0.31565,0.23308,-0.61893,-0.82812,-0.63466,2.98795,2.90356,10.90561,-10.20842,3.74491,-10.30646,-8.11052,7.20732,3.31969,4.90466,-3.31606,-4.29588,-2.29077,-9.23535,-0.03828,2.20266,2.91543,-0.91084,0.81503,-5.74884,0.13028,0.04203,0.45158,-0.98142,-0.49381,0.98901,1.5329,-0.49283,-0.41223,-0.34832
85.42,-0.04218,-0.00904,0.47193,-0.96778,0,0.24881,0.50602,-0.43844,-0.57617,-1.06221,2.9643,2.94265,12.44496,-10.80108,4.36901,-11.15194,-9.44581,8.60906,3.24517,5.34995,-3.47256,-4.08038,-2.4064,-10.20973,0.48547,2.30511,2.5068,-0.85117,1.19426,-5.1284,0.09483,-0.02794,-0.00987,-1.06176,-0.55486,0.92404,1.47065,-0.45922,-0.30764,-0.09715
85.44,-0.09118,-0.00048,0.54473,-1.15489,0,0.17353,0.7455,-0.25809,-0.32255,-1.41964,2.87462,2.9145,13.5802,-11.03353,4.98993,-11.81792,-10.50911,9.80759,3.06043,5.62096,-3.57067,-3.83268,-2.47361,-10.89985,1.02165,2.34336,2.08803,-0.78831,1.50683,-4.43156,0.0518,-0.0825,-0.38366,-1.1266,-0.5982,0.84977,1.3989,-0.42167,-0.20425,0.1415
85.46,-0.13609,0.0076,0.60403,-1.29332,0,0.09642,0.94742,-0.09063,-0.08354,-1.70529,2.7215,2.82119,14.24564,-10.88501,5.50944,-12.19951,-11.18818,10.67252,2.7579,5.71681,-3.60378,-3.55914,-2.49283,-11.31568,1.54571,2.32329,1.67088,-0.72731,1.72255,-3.69747,0.00725,-0.12097,-0.65166,-1.17539,-0.62547,0.76388,1.32611,-0.38114,-0.10842,0.3511
85.48,-0.17672,0.01441,0.6489,-1.3664,0,0.02369,1.10832,0.05357,0.12592,-1.91802,2.50784,2.6649,14.38942,-10.35054,5.83458,-12.20162,-11.37375,11.07575,2.3376,5.63861,-3.56322,-3.2633,-2.46207,-11.46476,2.0326,2.2501,1.26705,-0.67194,1.8174,-2.96297,-0.03238,-0.14384,-0.8053,-1.20637,-0.63896,0.66354,1.25732,-0.3381,-0.02515,0.51815
85.5,-0.21272,0.01934,0.6792,-1.36227,0,-0.03931,1.22518,0.1674,0.29359,-2.05657,2.23807,2.44722,13.97708,-9.44263,5.88537,-11.7452,-10.96835,10.9027,1.80933,5.38881,-3.43851,-2.94579,-2.37668,-11.34974,2.45547,2.12845,0.88819,-0.62467,1.77673,-2.26171,-0.06085,-0.15255,-0.84554,-1.21651,-0.64146,0.54658,1.19345,-0.29246,0.04221,0.63263
85.52,-0.2435,0.022,0.69559,-1.27491,0,-0.08847,1.29546,0.24754,0.41096,-2.11943,1.91996,2.16888,12.99436,-8.19149,5.60149,-10.7728,-9.8972,10.0648,1.19321,4.97119,-3.21807,-2.60485,-2.22997,-10.96864,2.78588,1.96277,0.54565,-0.58683,1.59743,-1.62315,-0.0727,-0.14939,-0.78236,-1.20167,-0.63594,0.41239,1.13142,-0.24359,0.09196,0.68831
85.54,-0.26823,0.02222,0.69943,-1.10456,0,-0.12117,1.31721,0.29445,0.47403,-2.10518,1.56585,1.82991,11.44883,-6.64342,4.94737,-9.25284,-8.12032,8.51225,0.5182,4.39171,-2.8906,-2.23744,-2.01468,-10.31757,2.99554,1.75775,0.24987,-0.55868,1.28874,-1.07154,-0.06384,-0.13726,-0.63368,-1.15722,-0.62533,0.26222,1.06489,-0.19051,0.12395,0.68294
85.56,-0.28589,0.02007,0.6926,-0.85766,0,-0.13629,1.28931,0.3119,0.48367,-2.01331,1.19014,1.43033,9.3705,-4.85752,3.91583,-7.18312,-5.64451,6.2457,-0.18112,3.65967,-2.44674,-1.84048,-1.7251,-9.39544,3.05971,1.51876,0.00955,-0.53949,0.87181,-0.62461,-0.03217,-0.11946,-0.42388,-1.07881,-0.61226,0.09905,0.98562,-0.13222,0.13939,0.61831
85.58,-0.29541,0.01585,0.67726,-0.54633,0,-0.13422,1.21192,0.30627,0.44557,-1.84524,0.80351,0.97114,6.81193,-2.90171,2.53031,-4.59353,-2.53319,3.32531,-0.86866,2.78934,-1.8811,-1.4125,-1.35933,-8.2098,2.96122,1.25233,-0.16935,-0.52772,0.378,-0.29257,0.02206,-0.09945,-0.18193,-0.9634,-0.59882,-0.07287,0.88522,-0.06804,0.14058,0.50026
85.6,-0.29587,0.01001,0.65572,-0.18752,0,-0.11667,1.08687,0.28569,0.36986,-1.60542,0.4086,0.45556,3.84778,-0.84858,0.84556,-1.54808,1.08875,-0.12555,-1.51074,1.80132,-1.19412,-0.95486,-0.92127,-6.78238,2.69414,0.96643,-0.28432,-0.52119,-0.15374,-0.07739,0.09596,-0.08059,0.06101,-0.8102,-0.58651,-0.24854,0.75684,0.00203,0.13054,0.33843
85.62,-0.28662,0.00315,0.63017,0.19819,0,-0.08643,0.91798,0.25906,0.27017,-1.30201,0.00057,-0.10996,0.57318,1.2286,-1.05371,1.85462,5.03831,-3.92449,-2.07911,0.7232,-0.3935,-0.47266,-0.4216,-5.1524,2.26598,0.67057,-0.33678,-0.51733,-0.68056,0.02711,0.1842,-0.06587,0.2744,-0.62132,-0.57617,-0.42268,0.59662,0.07707,0.11269,0.14561
85.64,-0.26747,-0.00408,0.60263,0.58813,0,-0.04705,0.7112,0.23515,0.16231,-0.94708,-0.4295,-0.71485,-2.89966,3.25979,-3.05678,5.48329,9.08722,-7.84355,-2.5526,-0.41095,0.50523,0.02524,0.12249,-3.37694,1.69774,0.3755,-0.33202,-0.51353,-1.1601,0.03445,0.27955,-0.05761,0.43149,-0.4021,-0.56803,-0.58993,0.40465,0.15514,0.09051,-0.06327
85.66,-0.23875,-0.01104,0.57472,0.9594,0,-0.00244,0.47449,0.22171,0.06251,-0.55612,-0.89038,-1.34417,-6.44657,5.18192,-5.03338,9.17842,12.98284,-11.63041,-2.91756,-1.56223,1.47893,0.52675,0.68867,-1.52821,1.02204,0.09266,-0.27873,-0.50748,-1.55534,-0.03601,0.37366,-0.05713,0.51265,-0.16091,-0.56183,-0.74499,0.18528,0.23343,0.06721,-0.27253
85.68,-0.20138,-0.01713,0.54765,1.29073,0,0.04354,0.21755,0.22476,-0.01446,-0.14727,-1.3864,-1.97865,-9.93772,6.94208,-6.8422,12.75915,16.47358,-15.03358,-3.16752,-2.68935,2.49769,1.0177,1.25167,0.31126,0.27989,-0.1666,-0.18824,-0.49748,-1.83905,-0.16108,0.45816,-0.06464,0.50813,0.09131,-0.55695,-0.88267,-0.05292,0.30839,0.04542,-0.46729
85.7,-0.15688,-0.02187,0.52222,1.56424,0,0.08742,-0.04858,0.24803,-0.05697,0.25995,-1.91272,-2.59526,-13.24409,8.4997,-8.34077,16.03199,19.3335,-17.82681,-3.30223,-3.75138,3.52609,1.48302,1.78556,2.05444,-0.48305,-0.39186,-0.07356,-0.48273,-1.99704,-0.31583,0.52557,-0.07907,0.41964,0.34183,-0.55261,-0.99799,-0.29785,0.37614,0.02699,-0.6348
85.72,-0.10729,-0.02493,0.49878,1.76674,0,0.12632,-0.31218,0.29264,-0.05806,0.64604,-2.45044,-3.16818,-16.24361,9.82719,-9.39618,18.80106,21.3821,-19.82852,-3.32647,-4.71032,4.52468,1.90801,2.26591,3.61618,-1.22035,-0.57426,0.05169,-0.4633,-2.02927,-0.47579,0.57012,-0.09826,0.26009,0.57713,-0.54793,-1.08645,-0.5349,0.43273,0.01293,-0.76547
85.74,-0.05499,-0.02614,0.47732,1.89056,0,0.15807,-0.56159,0.35712,-0.01625,0.9931,-2.96371,-3.67028,-18.82669,10.90888,-9.89624,20.87991,22.49679,-20.91421,-3.24865,-5.53353,5.4517,2.27934,2.67147,4.91951,-1.88854,-0.70717,0.17446,-0.44006,-1.94866,-0.6189,0.58819,-0.11928,0.05134,0.78412,-0.54204,-1.14437,-0.74847,0.47464,0.00338,-0.85342
85.76,-0.00248,-0.02548,0.45754,1.93388,0,0.18129,-0.78612,0.43754,0.06401,1.28656,-3.40475,-4.075,-20.90146,11.73903,-9.7608,22.10472,22.6187,-21.02235,-3.07951,-6.19575,6.26504,2.58596,2.98544,5.90199,-2.45043,-0.78659,0.28333,-0.41426,-1.77799,-0.7273,0.57851,-0.13896,-0.17976,0.95138,-0.53405,-1.16942,-0.9237,0.49907,-0.00226,-0.89659
85.78,0.04789,-0.02307,0.4389,1.90067,0,0.19531,-0.97696,0.52793,0.17258,1.51658,-3.72613,-4.35864,-22.39856,12.3193,-8.95233,22.34808,21.75298,-20.15502,-2.83108,-6.68071,6.92425,2.81971,3.19627,6.52148,-2.87793,-0.8116,0.36952,-0.38723,-1.54573,-0.78871,0.54214,-0.15437,-0.40584,1.07048,-0.52309,-1.16114,-1.04838,0.50433,-0.00513,-0.89657
85.8,0.09411,-0.01915,0.42076,1.80031,0,0.20008,-1.12786,0.62071,0.2945,1.679,-3.89152,-4.50255,-23.2745,12.65634,-7.48415,21.53133,19.96438,-18.37423,-2.51597,-6.98197,7.3924,2.97564,3.29808,6.76075,-3.15409,-0.78452,0.4275,-0.36001,-1.28186,-0.79716,0.48222,-0.16337,-0.60325,1.13685,-0.5083,-1.1214,-1.11435,0.49013,-0.0067,-0.85805
85.82,0.13465,-0.01405,0.40247,1.64653,0,0.19612,-1.23539,0.70726,0.41156,1.77537,-3.88056,-4.49494,-23.51234,12.75916,-5.42433,19.63292,17.36781,-15.79351,-2.14679,-7.1025,7.63716,3.05189,3.29037,6.62992,-3.27393,-0.71105,0.45521,-0.33319,-1.0143,-0.75308,0.40361,-0.16485,-0.75488,1.15025,-0.48894,-1.05437,-1.11851,0.45764,-0.0085,-0.7882
85.84,0.16852,-0.00816,0.38343,1.45607,0,0.18438,-1.29886,0.77848,0.50449,1.8121,-3.69126,-4.33202,-23.11925,12.63661,-2.89407,16.69157,14.11404,-12.56512,-1.73582,-7.0529,7.63145,3.04897,3.17721,6.16639,-3.24413,-0.60004,0.45382,-0.30684,-0.76636,-0.66249,0.31235,-0.15884,-0.85144,1.11457,-0.46444,-0.96626,-1.06296,0.40938,-0.01188,-0.69571
85.86,0.19526,-0.00191,0.36314,1.24677,0,0.16614,-1.31985,0.82543,0.55552,1.79889,-3.34253,-4.01863,-22.12221,12.29526,-0.06058,12.80498,10.3725,-8.8643,-1.29458,-6.84878,7.35364,2.96886,2.96607,5.43225,-3.08157,-0.46301,0.42704,-0.28062,-0.55523,-0.53559,0.21499,-0.14629,-0.89111,1.03712,-0.43453,-0.86456,-0.95461,0.34899,-0.01776,-0.58975
85.88,0.21479,0.00427,0.3413,1.03577,0,0.14288,-1.3016,0.84002,0.55099,1.74688,-2.87401,-3.56843,-20.56385,11.73843,2.8743,8.12596,6.31415,-4.87324,-0.83367,-6.50808,6.78836,2.81423,2.66661,4.50954,-2.81125,-0.31352,0.38034,-0.25404,-0.39145,-0.38505,0.11802,-0.12885,-0.87819,0.92766,-0.39933,-0.75718,-0.80422,0.28089,-0.02646,-0.47902
85.9,0.22742,0.00998,0.31777,0.83778,0,0.11623,-1.24852,0.81578,0.48321,1.66698,-2.33602,-3.0037,-18.49983,10.96662,5.6888,2.85716,2.09722,-0.76709,-0.36264,-6.04898,5.92807,2.58795,2.28974,3.4935,-2.46364,-0.16617,0.3201,-0.22663,-0.27896,-0.22441,0.02728,-0.10848,-0.82128,0.7973,-0.35946,-0.65162,-0.62538,0.20982,-0.03757,-0.37089
85.92,0.23367,0.01488,0.29264,0.66384,0,0.08784,-1.16566,0.74856,0.35137,1.56866,-1.77206,-2.35441,-15.99769,9.97894,8.15847,-2.75581,-2.14252,3.2968,0.1101,-5.48863,4.77539,2.29317,1.84698,2.48373,-2.07163,-0.03538,0.25294,-0.19815,-0.21576,-0.06669,-0.05238,-0.0872,-0.73138,0.65749,-0.31607,-0.5542,-0.43323,0.14049,-0.04999,-0.27083
85.94,0.23428,0.01871,0.26617,0.52052,0,0.05927,-1.05853,0.63716,0.16118,1.45933,-1.20776,-1.65498,-13.13693,8.77537,10.07556,-8.43358,-6.29649,7.18583,0.57727,-4.84283,3.34599,1.93383,1.35019,1.57346,-1.66712,0.06613,0.18518,-0.16869,-0.1948,0.07658,-0.11737,-0.06678,-0.6203,0.519,-0.27073,-0.46959,-0.24322,0.07724,-0.06202,-0.18204
85.96,0.2301,0.02129,0.23875,0.40961,0,0.03188,-0.93286,0.48383,-0.07649,1.34423,-0.65138,-0.93785,-10.00964,7.35966,11.26922,-13.87533,-10.28348,10.79558,1.03278,-4.1265,1.67157,1.51548,0.81147,0.8381,-1.27758,0.12892,0.12258,-0.13866,-0.20516,0.1959,-0.16544,-0.04858,-0.49935,0.39119,-0.22525,-0.40046,-0.06985,0.0236,-0.07163,-0.10544
85.98,0.22208,0.02258,0.21083,0.32825,0,0.00674,-0.79464,0.29459,-0.34749,1.22675,-0.09895,-0.22755,-6.72125,5.74277,11.62428,-18.77417,-14.0459,14.04954,1.47163,-3.35462,-0.19764,1.04635,0.24346,0.32513,-0.92313,0.14828,0.07009,-0.10871,-0.23325,0.28414,-0.19566,-0.03347,-0.37856,0.28134,-0.18152,-0.34739,0.07442,-0.01786,-0.07667,-0.03983
86,0.21126,0.02267,0.1829,0.26962,0,-0.01545,-0.65008,0.07914,-0.63624,1.10886,0.46004,0.45929,-3.38977,3.94632,11.09545,-22.83523,-17.54239,16.89484,1.88956,-2.54349,-2.19166,0.5381,-0.34038,0.0476,-0.6148,0.12505,0.03185,-0.07966,-0.26419,0.33654,-0.20832,-0.02178,-0.26608,0.19437,-0.14124,-0.30897,0.18006,-0.04578,-0.07521,0.01766
86.02,0.19874,0.02173,0.15542,0.22392,0,-0.03435,-0.50555,-0.14961,-0.92699,0.99147,1.0371,1.10845,-0.14218,2.00517,9.71342,-25.79618,-20.73751,19.29382,2.28231,-1.71131,-4.22202,0.00614,-0.92541,-0.01674,-0.35419,0.06571,0.01103,-0.05238,-0.28317,0.35075,-0.2048,-0.01337,-0.16801,0.13271,-0.10583,-0.28204,0.24097,-0.05998,-0.06579,0.07101
86.04,0.18561,0.02004,0.1288,0.17986,0,-0.04995,-0.36729,-0.37662,-1.20458,0.87455,1.63897,1.70248,2.89318,-0.03152,7.58172,-27.44921,-23.58964,21.21259,2.64457,-0.87812,-6.18608,-0.53093,-1.49568,0.07994,-0.13488,-0.01864,0.00981,-0.02771,-0.27687,0.32665,-0.18731,-0.00767,-0.08826,0.09648,-0.07629,-0.26211,0.2547,-0.06141,-0.04758,0.12444
86.06,0.17292,0.01792,0.1034,0.12625,0,-0.06247,-0.24103,-0.58621,-1.4546,0.75698,2.26189,2.21971,5.59753,-2.10104,4.86509,-27.6635,-26.0396,22.60942,2.96879,-0.06478,-7.97421,-1.05254,-2.0341,0.26592,0.05493,-0.11394,0.02917,-0.00637,-0.23483,0.26623,-0.15873,-0.00389,-0.02874,0.08386,-0.05314,-0.24386,0.22231,-0.05188,-0.02054,0.18164
86.08,0.16159,0.01571,0.07949,0.05367,0,-0.07226,-0.13149,-0.76377,-1.66339,0.6364,2.88544,2.63817,7.87368,-4.12953,1.77252,-26.40521,-28.00291,23.42691,3.24431,0.70847,-9.47898,-1.53782,-2.52287,0.46297,0.22915,-0.20539,0.06881,0.01111,-0.15065,0.1735,-0.12232,-0.0011,0.01056,0.09156,-0.03644,-0.22177,0.14814,-0.03384,0.01457,0.24496
86.1,0.15236,0.01369,0.05726,-0.04409,0,-0.0797,-0.04195,-0.89734,-1.81824,0.50915,3.4665,2.94021,9.65635,-6.03589,-1.46232,-23.74979,-29.36805,23.59145,3.45699,1.42356,-10.60466,-1.96732,-2.94401,0.59905,0.40045,-0.27942,0.12698,0.02443,-0.02284,0.0544,-0.08157,0.00158,0.03127,0.11527,-0.02578,-0.19069,0.03927,-0.01008,0.05614,0.31482
86.12,0.14571,0.01211,0.03682,-0.1691,0,-0.08511,0.02607,-0.97874,-1.90793,0.37038,3.93682,3.11445,10.91813,-7.73698,-4.60125,-19.88139,-30.00207,23.02184,3.58959,2.06587,-11.27575,-2.32434,-3.2801,0.6182,0.57769,-0.32541,0.20043,0.03356,0.14489,-0.08343,-0.03997,0.00485,0.03624,0.1502,-0.02037,-0.14649,-0.095,0.01645,0.10181,0.38947
86.14,0.14187,0.01111,0.01822,-0.31891,0,-0.08873,0.07296,-1.0043,-1.9238,0.21455,4.21605,3.15633,11.67006,-9.15412,-7.42125,-15.07678,-29.76378,21.64689,3.62303,2.62511,-11.44359,-2.59587,-3.51487,0.48652,0.76426,-0.33655,0.28446,0.03873,0.34398,-0.2308,-0.00092,0.0092,0.0292,0.19144,-0.01908,-0.08656,-0.24388,0.04289,0.1486,0.46515
86.16,0.14077,0.01078,0.00145,-0.48682,0,-0.09066,0.10097,-0.97491,-1.86115,0.03606,4.24386,3.06832,11.95745,-10.2205,-9.73274,-9.67648,-28.52374,19.42912,3.53849,3.09588,-11.09098,-2.7732,-3.63417,0.19398,0.95763,-0.31027,0.37312,0.04044,0.56185,-0.37743,0.0325,0.01477,0.0142,0.23428,-0.02058,-0.01028,-0.39587,0.06659,0.1931,0.53654
86.18,0.14205,0.0111,-0.01358,-0.66256,0,-0.09097,0.11398,-0.89582,-1.72066,-0.16983,4.01218,2.86012,11.85258,-10.8885,-11.39491,-4.0493,-26.18841,16.3892,3.32013,3.4778,-10.23476,-2.85215,-3.62701,-0.2471,1.14986,-0.24798,0.45954,0.03943,0.78331,-0.51245,0.05761,0.02143,-0.00475,0.27453,-0.02338,0.08073,-0.53956,0.0852,0.23178,0.59756
86.2,0.1451,0.01202,-0.027,-0.83344,0,-0.08964,0.11715,-0.77597,-1.50924,-0.40606,3.57164,2.54856,11.4457,-11.13547,-12.3263,1.44284,-22.72414,12.62357,2.9581,3.77534,-8.92603,-2.83332,-3.48682,-0.806,1.32901,-0.15455,0.53638,0.03664,0.99197,-0.62505,0.07229,0.02874,-0.02405,0.30865,-0.02598,0.18263,-0.66439,0.09677,0.26126,0.64214
86.22,0.14914,0.01343,-0.03903,-0.98579,0,-0.08671,0.11633,-0.62708,-1.23978,-0.67296,3.00521,2.1568,10.8352,-10.9664,-12.5086,6.47507,-18.1757,8.30818,2.45129,3.99708,-7.24678,-2.72196,-3.21272,-1.43911,1.48119,-0.03747,0.59645,0.03314,1.17182,-0.70526,0.07509,0.03608,-0.0407,0.33382,-0.02692,0.28967,-0.76126,0.09986,0.27866,0.66506
86.24,0.15325,0.01516,-0.04988,-1.1065,0,-0.08226,0.11736,-0.46244,-0.92974,-0.96756,2.39129,1.71272,10.11747,-10.41267,-11.98303,10.78225,-12.67591,3.68496,1.8093,4.15436,-5.30293,-2.5276,-2.81047,-2.09645,1.59298,0.09415,0.63335,0.03005,1.30867,-0.74488,0.06536,0.04277,-0.05234,0.34797,-0.02492,0.39478,-0.82303,0.09356,0.28189,0.66266
86.26,0.15654,0.01703,-0.05983,-1.18472,0,-0.07647,0.12531,-0.29552,-0.59866,-1.28329,1.78416,1.24661,9.37757,-9.52768,-10.84082,14.17407,-6.44542,-0.96616,1.05361,4.25976,-3.21436,-2.26357,-2.2932,-2.72844,1.65398,0.2306,0.64221,0.02839,1.39144,-0.73833,0.0433,0.04818,-0.05722,0.34973,-0.01892,0.49058,-0.84487,0.07757,0.26999,0.6333
86.28,0.15819,0.01885,-0.06914,-1.21328,0,-0.06966,0.14373,-0.13865,-0.26545,-1.61003,1.21397,0.78858,8.68184,-8.38087,-9.2103,16.54303,0.21637,-5.36267,0.21767,4.32547,-1.10395,-1.94623,-1.68166,-3.29183,1.65907,0.36258,0.62033,0.02904,1.4132,-0.68354,0.01,0.05192,-0.05401,0.33837,-0.00821,0.57028,-0.82459,0.05227,0.24326,0.57767
86.3,0.15756,0.02044,-0.07808,-1.18966,0,-0.06226,0.17427,-0.00192,0.05391,-1.93456,0.69275,0.36606,8.07351,-7.05128,-7.24269,17.86522,6.94876,-9.25333,-0.65436,4.362,0.91254,-1.59415,-1.00388,-3.75396,1.60964,0.48199,0.56764,0.03259,1.37189,-0.58239,-0.0326,0.05387,-0.04181,0.31376,0.00755,0.62859,-0.76271,0.01872,0.20341,0.49888
86.32,0.15426,0.02162,-0.08688,-1.11624,0,-0.05481,0.21644,0.10744,0.34761,-2.24147,0.22008,0.00178,7.57165,-5.6214,-5.09797,18.19363,13.35585,-12.44362,-1.5103,4.37711,2.73446,-1.22687,-0.29386,-4.09442,1.51353,0.58231,0.48681,0.03934,1.27031,-0.44079,-0.08179,0.05431,-0.02008,0.27647,0.02829,0.66221,-0.66255,-0.0214,0.15338,0.40206
86.34,0.14811,0.02226,-0.09572,-0.99954,0,-0.04786,0.26792,0.1853,0.60801,-2.51452,-0.21171,-0.28761,7.17349,-4.17153,-2.93143,17.64427,19.0408,-14.80931,-2.29451,4.37513,4.2817,-0.86346,0.41086,-4.30394,1.38332,0.65876,0.38283,0.04924,1.11562,-0.26806,-0.13439,0.05378,0.01119,0.22773,0.05352,0.66999,-0.5299,-0.06589,0.09699,0.29379
86.36,0.13918,0.02228,-0.10468,-0.84898,0,-0.04191,0.32512,0.23048,0.83065,-2.73829,-0.61268,-0.49247,6.85941,-2.77496,-0.88171,16.37787,23.64561,-16.29891,-2.95352,4.35668,5.49774,-0.52074,1.07255,-4.38121,1.23356,0.70812,0.26244,0.06196,0.91819,-0.07585,-0.187,0.05302,0.05139,0.16953,0.08237,0.65264,-0.37264,-0.1122,0.0384,0.18115
86.38,0.12763,0.02167,-0.11377,-0.67519,0,-0.0373,0.38388,0.24431,1.01282,-2.89986,-0.99093,-0.61044,6.59952,-1.49406,0.93883,14.57997,26.89087,-16.92801,-3.44225,4.31884,6.35082,-0.21173,1.65691,-4.32884,1.0775,0.72841,0.1332,0.07691,0.69035,0.12313,-0.23636,0.0528,0.09905,0.10462,0.11365,0.61234,-0.20023,-0.15767,-0.01844,0.07081
86.4,0.11379,0.0205,-0.12287,-0.48858,0,-0.03415,0.44015,0.23006,1.15216,-2.99031,-1.3485,-0.64609,6.36036,-0.37771,2.45022,12.44259,28.60796,-16.76862,-3.72935,4.25584,6.8335,0.05541,2.13633,-4.14979,0.92444,0.71864,0.00269,0.09331,0.44509,0.3164,-0.27965,0.05378,0.1518,0.03651,0.14591,0.55217,-0.02301,-0.1997,-0.07032,-0.03173
86.42,0.09801,0.01889,-0.13178,-0.29823,0,-0.03231,0.49052,0.19239,1.24606,-3.00537,-1.67756,-0.61004,6.11045,0.54011,3.60701,10.14865,28.7565,-15.93546,-3.80072,4.15991,6.96054,0.27765,2.49206,-3.845,0.77818,0.67848,-0.12216,0.11029,0.19506,0.49278,-0.31464,0.05638,0.20639,-0.03076,0.17755,0.47571,0.14839,-0.236,-0.115,-0.12255
86.44,0.08068,0.017,-0.14019,-0.11142,0,-0.03143,0.53242,0.13676,1.29177,-2.94531,-1.95772,-0.51737,5.82392,1.24071,4.39626,7.85968,27.42402,-14.57072,-3.66063,4.02229,6.76549,0.45646,2.71519,-3.4128,0.63693,0.60819,-0.23552,0.12687,-0.04823,0.64306,-0.33976,0.06075,0.25903,-0.09289,0.20691,0.38657,0.30383,-0.26467,-0.15127,-0.19929
86.46,0.06221,0.01501,-0.14777,0.06642,0,-0.03096,0.56416,0.06896,1.28729,-2.8142,-2.15851,-0.38573,5.48226,1.72026,4.83252,5.70731,24.80987,-12.82908,-3.33061,3.83442,6.29628,0.59657,2.80638,-2.85013,0.49459,0.50858,-0.33288,0.14212,-0.27488,0.76044,-0.35407,0.06668,0.30576,-0.14579,0.23235,0.28813,0.43447,-0.28432,-0.17881,-0.26091
86.48,0.04301,0.01307,-0.15414,0.2313,0,-0.03027,0.58476,-0.00532,1.23277,-2.61885,-2.25091,-0.23332,5.0749,1.9887,4.95119,3.78828,21.19883,-10.86455,-2.84671,3.58917,5.61075,0.70442,2.77484,-2.15505,0.34292,0.38117,-0.41115,0.15511,-0.47686,0.84064,-0.35712,0.07369,0.34294,-0.18606,0.2524,0.18349,0.53339,-0.29418,-0.19791,-0.30713
86.5,0.02346,0.01125,-0.15897,0.38025,0,-0.02874,0.59385,-0.08076,1.13162,-2.36795,-2.22104,-0.07711,4.59905,2.06801,4.80143,2.16334,16.92916,-8.81998,-2.2554,3.2822,4.77231,0.7867,2.63676,-1.33016,0.17398,0.2284,-0.46862,0.16506,-0.64807,0.88192,-0.34891,0.08105,0.36769,-0.21142,0.26585,0.07536,0.59624,-0.29402,-0.20913,-0.33806
86.52,0.00396,0.00958,-0.16198,0.51079,0,-0.02586,0.59149,-0.15266,0.9911,-2.07144,-2.07478,0.06851,4.05906,1.98969,4.43954,0.85956,12.35826,-6.81948,-1.60874,2.91302,3.84579,0.84934,2.41333,-0.38582,-0.0176,0.05402,-0.50483,0.17132,-0.78419,0.88487,-0.32977,0.08784,0.37814,-0.22093,0.27185,-0.03369,0.62142,-0.28423,-0.21312,-0.35391
86.54,-0.01515,0.008,-0.16297,0.62066,0,-0.02127,0.5782,-0.21703,0.82201,-1.74022,-1.83342,0.19252,3.4655,1.79146,3.92321,-0.12459,7.82809,-4.96337,-0.95874,2.48567,2.89342,0.89711,2.12839,0.65712,-0.23308,-0.13671,-0.52041,0.17346,-0.88252,0.85208,-0.30039,0.09306,0.37346,-0.21511,0.26996,-0.14107,0.61008,-0.26561,-0.21042,-0.35488
86.56,-0.03355,0.00642,-0.16183,0.70771,0,-0.01484,0.5549,-0.27073,0.63746,-1.38612,-1.52682,0.28761,2.83409,1.51351,3.30692,-0.8123,3.63311,-3.3253,-0.3517,2.00903,1.97114,0.93369,1.80614,1.76596,-0.46866,-0.33682,-0.51689,0.17129,-0.94173,0.78775,-0.26175,0.09569,0.35373,-0.19578,0.2602,-0.24399,0.56575,-0.23931,-0.20145,-0.34141
86.58,-0.05103,0.00469,-0.15853,0.77001,0,-0.00664,0.5231,-0.31144,0.45139,-1.02208,-1.18764,0.35004,2.18459,1.19487,2.6388,-1.24094,-0.00543,-1.95144,0.17672,1.49666,1.1254,0.96211,1.46901,2.89609,-0.7155,-0.53767,-0.49653,0.16489,-0.96169,0.69729,-0.21521,0.09482,0.31975,-0.16584,0.24305,-0.33924,0.49386,-0.20664,-0.18657,-0.31437
86.6,-0.06743,0.00271,-0.15315,0.80599,0,0.00303,0.4849,-0.33777,0.27689,-0.66226,-0.84681,0.37939,1.5397,0.87026,1.95881,-1.45509,-2.95481,-0.86172,0.60479,0.96647,0.39116,0.98533,1.13611,3.99267,-0.96032,-0.72926,-0.46215,0.15464,-0.94338,0.58691,-0.16244,0.08973,0.27281,-0.12891,0.21942,-0.42318,0.40119,-0.16894,-0.16613,-0.27541
86.62,-0.08272,0.00036,-0.14587,0.81472,0,0.01372,0.44301,-0.34917,0.12488,-0.32174,-0.53041,0.37799,0.92379,0.56801,1.29815,-1.5009,-5.17268,-0.05285,0.92553,0.43974,-0.20901,1.00655,0.82246,4.99437,-1.18684,-0.90078,-0.41696,0.14116,-0.88889,0.46326,-0.10543,0.07997,0.21464,-0.08904,0.19062,-0.4919,0.29526,-0.12749,-0.14062,-0.227
86.64,-0.09694,-0.00242,-0.13692,0.79604,0,0.02483,0.40061,-0.34593,0.00327,-0.01592,-0.25806,0.35034,0.36121,0.30893,0.67958,-1.42209,-6.69539,0.49713,1.14502,-0.06033,-0.66461,1.02924,0.53872,5.83888,-1.37778,-1.04161,-0.36434,0.12524,-0.80144,0.33297,-0.04627,0.06546,0.14732,-0.0503,0.15822,-0.54148,0.18374,-0.08345,-0.11072,-0.17235
86.66,-0.11019,-0.00567,-0.12663,0.75079,0,0.03575,0.36109,-0.32906,-0.08349,0.24071,-0.04237,0.30239,-0.12561,0.1062,0.1184,-1.2577,-7.61584,0.82351,1.27872,-0.51047,-0.97584,1.05684,0.29155,6.46995,-1.51717,-1.14243,-0.30761,0.10776,-0.68542,0.20223,0.013,0.04649,0.07339,-0.01643,0.12391,-0.56851,0.07389,-0.03783,-0.07733,-0.11512
86.68,-0.12261,-0.00938,-0.11533,0.68083,0,0.04591,0.32776,-0.3002,-0.13433,0.43582,0.11073,0.24086,-0.51807,-0.03407,-0.37628,-1.04126,-8.05648,0.96943,1.34675,-0.88943,-1.15181,1.09233,0.0843,6.84462,-1.59279,-1.19652,-0.24985,0.08954,-0.54645,0.07645,0.07065,0.02374,-0.00406,0.00947,0.08937,-0.57061,-0.02794,0.00853,-0.04157,-0.059
86.7,-0.13433,-0.01353,-0.10342,0.58924,0,0.05486,0.30349,-0.26152,-0.15129,0.56049,0.20108,0.17261,-0.80299,-0.11174,-0.80014,-0.80076,-8.14314,0.981,1.36927,-1.17976,-1.20831,1.13769,-0.08229,6.93902,-1.59786,-1.20069,-0.19373,0.07131,-0.39136,-0.04,0.12539,-0.00173,-0.08142,0.02518,0.05608,-0.54692,-0.11666,0.05492,-0.00477,-0.00735
86.72,-0.14545,-0.01807,-0.09129,0.48024,0,0.06231,0.29054,-0.21558,-0.13889,0.60996,0.23312,0.10394,-0.97345,-0.1313,-1.15223,-0.55926,-7.98433,0.90339,1.36294,-1.36908,-1.16558,1.19353,-0.20938,6.75138,-1.53189,-1.15574,-0.14143,0.05358,-0.22803,-0.14392,0.17645,-0.02863,-0.15463,0.0295,0.02527,-0.4984,-0.18868,0.1007,0.0316,0.03708
86.74,-0.15604,-0.02291,-0.07931,0.35912,0,0.06815,0.29031,-0.16514,-0.10342,0.58394,0.21454,0.04005,-1.02896,-0.10035,-1.43393,-0.33545,-7.65838,0.77815,1.33871,-1.45067,-1.04606,1.25881,-0.29966,6.30123,-1.40027,-1.06631,-0.09463,0.03671,-0.06503,-0.2332,0.2235,-0.05556,-0.21951,0.0223,-0.00214,-0.42781,-0.24192,0.14528,0.06602,0.07228
86.76,-0.16607,-0.02797,-0.06782,0.23201,0,0.07242,0.30325,-0.11294,-0.05207,0.48635,0.15502,-0.01552,-0.97499,-0.02817,-1.64814,-0.14428,-7.20875,0.64159,1.30127,-1.42357,-0.87243,1.33075,-0.35709,5.62566,-1.2129,-0.94007,-0.05454,0.02088,0.08895,-0.30672,0.26651,-0.08121,-0.27217,0.00448,-0.02556,-0.33958,-0.27577,0.18804,0.09699,0.09695
86.78,-0.17547,-0.03311,-0.05709,0.10556,0,0.07527,0.32884,-0.06153,0.00788,0.32479,0.06512,-0.06123,-0.82207,0.07555,-1.79881,0.00276,-6.64645,0.524,1.24963,-1.29226,-0.66593,1.40494,-0.38683,4.77368,-0.98237,-0.78666,-0.02197,0.00617,0.22574,-0.36411,0.30551,-0.10455,-0.30949,-0.02225,-0.0447,-0.23933,-0.29094,0.22831,0.12317,0.11047
86.8,-0.18408,-0.03819,-0.04733,-0.01344,0,0.07694,0.36566,-0.01307,0.06982,0.10979,-0.04459,-0.0977,-0.58473,0.20159,-1.89082,0.09747,-5.95753,0.44932,1.17861,-1.06602,-0.44533,1.47563,-0.39514,3.80007,-0.72232,-0.61647,0.00259,-0.00741,0.3383,-0.40554,0.34046,-0.12493,-0.3296,-0.05545,-0.05954,-0.13348,-0.28921,0.26534,0.14349,0.11276
86.82,-0.1917,-0.04301,-0.03865,-0.11851,0,0.0777,0.41143,0.03074,0.12832,-0.14603,-0.16409,-0.12747,-0.28046,0.34172,-1.92993,0.13502,-5.11363,0.43501,1.08077,-0.75821,-0.2263,1.53601,-0.38912,2.75962,-0.44604,-0.43952,0.01896,-0.01984,0.42129,-0.43158,0.37105,-0.14211,-0.33202,-0.09231,-0.07028,-0.02872,-0.27315,0.29826,0.1572,0.10423
86.84,-0.19808,-0.04736,-0.03106,-0.20393,0,0.07778,0.46328,0.06874,0.17949,-0.42891,-0.28417,-0.1545,0.0715,0.48875,-1.92285,0.1141,-4.08389,0.49186,0.94834,-0.38519,-0.0214,1.57872,-0.37624,1.702,-0.16589,-0.26449,0.02716,-0.03108,0.47136,-0.443,0.39667,-0.15614,-0.31775,-0.12984,-0.07726,0.0685,-0.24581,0.32613,0.16392,0.08575
86.86,-0.20299,-0.05101,-0.02453,-0.26527,0,0.07737,0.51787,0.10023,0.2211,-0.72485,-0.39655,-0.1833,0.45115,0.63631,-1.87722,0.03716,-2.84645,0.62385,0.77511,0.03468,0.15961,1.59623,-0.36367,0.66783,0.10697,-0.09784,0.02748,-0.04104,0.4874,-0.44075,0.41643,-0.16716,-0.28903,-0.16525,-0.08095,0.15247,-0.2104,0.34789,0.1637,0.05871
86.88,-0.20616,-0.05372,-0.01892,-0.2999,0,0.07655,0.57169,0.12498,0.25258,-1.02042,-0.49386,-0.21808,0.8387,0.77845,-1.80154,-0.08949,-1.39817,0.82795,0.55786,0.48213,0.30933,1.58144,-0.35756,-0.31408,0.36237,0.05661,0.02045,-0.04961,0.4706,-0.4259,0.42925,-0.17523,-0.24899,-0.19615,-0.08183,0.21862,-0.16996,0.3625,0.15694,0.02503
86.9,-0.20742,-0.05527,-0.01409,-0.30723,0,0.07531,0.62128,0.14312,0.27474,-1.30338,-0.56965,-0.26187,1.21534,0.90929,-1.70496,-0.25594,0.23938,1.09429,0.29721,0.93782,0.42219,1.52828,-0.36243,-1.22782,0.59097,0.19787,0.00689,-0.05668,0.42435,-0.39971,0.434,-0.18016,-0.20134,-0.22082,-0.08044,0.26385,-0.1272,0.36898,0.14445,-0.01279
86.92,-0.20663,-0.05546,-0.00986,-0.28885,0,0.07356,0.66336,0.15501,0.28944,-1.56299,-0.61847,-0.31588,1.56378,1.02267,-1.59668,-0.44939,2.01905,1.40665,-0.00232,1.3829,0.49412,1.43221,-0.38076,-2.06992,0.78427,0.32756,-0.01209,-0.06211,0.35402,-0.36369,0.42974,-0.18147,-0.15001,-0.23822,-0.07728,0.2866,-0.08441,0.36652,0.12738,-0.05175
86.94,-0.20372,-0.05414,-0.00606,-0.24829,0,0.07116,0.69504,0.16115,0.29906,-1.79004,-0.63604,-0.37917,1.86863,1.11223,-1.48497,-0.65549,3.87273,1.74357,-0.33313,1.79944,0.52245,1.29065,-0.41288,-2.84729,0.9349,0.4493,-0.03507,-0.06581,0.26647,-0.31968,0.41579,-0.17851,-0.09883,-0.248,-0.07285,0.28685,-0.04347,0.35463,0.10715,-0.08846
86.96,-0.19869,-0.05127,-0.00257,-0.1906,0,0.06798,0.71383,0.16209,0.30587,-1.9767,-0.61954,-0.4486,2.11676,1.17148,-1.37602,-0.85996,5.72016,2.07992,-0.68583,2.17072,0.50599,1.10331,-0.45719,-3.57404,1.03733,0.5678,-0.06038,-0.06768,0.16945,-0.26983,0.39199,-0.17064,-0.05126,-0.25031,-0.06761,0.26588,-0.00599,0.33324,0.08539,-0.1194
86.98,-0.19159,-0.04688,0.00065,-0.12174,0,0.06391,0.71773,0.15828,0.31147,-2.11641,-0.56791,-0.51909,2.29752,1.19431,-1.27286,-1.05037,7.47914,2.38873,-1.05056,2.48158,0.44534,0.87238,-0.51057,-4.2676,1.08856,0.68783,-0.08616,-0.0677,0.07099,-0.21662,0.3587,-0.15746,-0.01025,-0.24566,-0.06197,0.22603,0.02661,0.30281,0.06379,-0.14125
87,-0.18255,-0.04111,0.00357,-0.04803,0,0.05894,0.70537,0.15009,0.31635,-2.20374,-0.4822,-0.58396,2.40307,1.17545,-1.17465,-1.21738,9.07376,2.64306,-1.41771,2.71883,0.34307,0.60262,-0.56901,-4.94447,1.08884,0.81318,-0.11049,-0.06585,-0.02135,-0.16277,0.31698,-0.13905,0.02201,-0.23475,-0.05629,0.17048,0.05301,0.26439,0.04401,-0.15125
87.02,-0.17174,-0.03422,0.00608,0.02439,0,0.05317,0.67605,0.13775,0.31969,-2.23443,-0.36561,-0.63559,2.42851,1.11097,-1.07667,-1.35535,10.43817,2.81742,-1.7776,2.87171,0.20393,0.30119,-0.62836,-5.61606,1.04188,0.94569,-0.13156,-0.06222,-0.10098,-0.11107,0.26848,-0.11607,0.04412,-0.21836,-0.05086,0.10306,0.07202,0.21966,0.02749,-0.14751
87.04,-0.15942,-0.02654,0.008,0.09008,0,0.04678,0.62985,0.1214,0.31932,-2.20545,-0.22337,-0.66601,2.37193,0.99878,-0.97099,-1.46185,11.51509,2.88893,-2.11912,2.93246,0.0347,-0.0227,-0.68505,-6.28463,0.95454,1.08458,-0.14779,-0.05691,-0.16283,-0.06408,0.2154,-0.08966,0.05566,-0.19737,-0.04587,0.0281,0.08271,0.17076,0.01533,-0.12939
87.06,-0.14591,-0.01848,0.00913,0.14457,0,0.04001,0.56766,0.10116,0.31208,-2.1153,-0.06238,-0.66774,2.23431,0.83887,-0.8478,-1.53663,12.25088,2.83831,-2.42778,2.89686,-0.15614,-0.35849,-0.73678,-6.94017,0.83603,1.22591,-0.15812,-0.05012,-0.20371,-0.02383,0.1602,-0.06132,0.05716,-0.17279,-0.04136,-0.04962,0.08464,0.12018,0.0081,-0.09764
87.08,-0.13157,-0.01045,0.00925,0.18465,0,0.03312,0.49127,0.07718,0.29428,-1.9643,0.10936,-0.63458,2.0195,0.63367,-0.69722,-1.58013,12.59026,2.65087,-2.68394,2.76483,-0.35885,-0.69491,-0.78291,-7.55835,0.6969,1.36255,-0.1621,-0.04209,-0.22253,0.00851,0.10543,-0.03268,0.05015,-0.1458,-0.03724,-0.12505,0.07811,0.07048,0.00574,-0.05453
87.1,-0.11685,-0.00286,0.00822,0.20851,0,0.02633,0.4033,0.04976,0.26237,-1.75502,0.2833,-0.56253,1.73411,0.38827,-0.51108,-1.59224,12.47421,2.31799,-2.86214,2.54078,-0.56299,-1.02056,-0.82451,-8.10019,0.54793,1.48436,-0.16002,-0.03312,-0.22036,0.03278,0.05347,-0.00521,0.03705,-0.11784,-0.03326,-0.19302,0.06428,0.02408,0.0075,-0.00376
87.12,-0.10222,0.00396,0.00594,0.21574,0,0.0198,0.30717,0.01943,0.21368,-1.49251,0.45098,-0.45057,1.38727,0.11053,-0.28468,-1.57138,11.8433,1.83875,-2.93226,2.23358,-0.75785,-1.32434,-0.86376,-8.51365,0.39925,1.57886,-0.15286,-0.02355,-0.20022,0.04987,0.00634,0.01987,0.02091,-0.09054,-0.02902,-0.24862,0.04517,-0.01695,0.01207,0.04991
87.14,-0.08813,0.00972,0.00244,0.20718,0,0.01364,0.20683,-0.01305,0.14713,-1.18426,0.60452,-0.30127,0.99024,-0.189,-0.01798,-1.51428,10.64719,1.2218,-2.8627,1.85577,-0.93295,-1.59552,-0.90287,-8.73719,0.25949,1.63223,-0.14213,-0.01375,-0.16665,0.06142,-0.0344,0.04171,0.00512,-0.06563,-0.0241,-0.28759,0.02348,-0.05106,0.01777,0.1012
87.16,-0.075,0.01425,-0.00217,0.18477,0,0.00787,0.10647,-0.04663,0.06386,-0.83992,0.7372,-0.12118,0.55572,-0.49736,0.28371,-1.41647,8.85894,0.48702,-2.62528,1.42241,-1.0784,-1.82388,-0.94261,-8.70535,0.1354,1.63068,-0.12954,-0.00409,-0.12505,0.06949,-0.06775,0.05978,-0.0071,-0.04473,-0.01809,-0.30694,0.00217,-0.07733,0.02281,0.14504
87.18,-0.06317,0.01747,-0.00766,0.15123,0,0.00248,0.01014,-0.07999,-0.03237,-0.4708,0.84378,0.07917,0.09724,-0.79972,0.60965,-1.27321,6.49107,-0.33346,-2.20111,0.94965,-1.18535,-1.99979,-0.98102,-8.35604,0.03154,1.56202,-0.11674,0.00511,-0.08099,0.07602,-0.09327,0.07381,-0.01311,-0.02912,-0.01072,-0.3054,-0.01593,-0.09553,0.0257,0.17742
87.2,-0.05282,0.01939,-0.01374,0.10982,0,-0.00255,-0.0786,-0.11166,-0.13522,-0.08934,0.92081,0.28569,-0.37149,-1.08012,0.94416,-1.081,3.60861,-1.19548,-1.586,0.45354,-1.24636,-2.11455,-1.01262,-7.63874,-0.04955,1.41732,-0.10495,0.01357,-0.03952,0.08245,-0.11108,0.08373,-0.01125,-0.0195,-0.00193,-0.28373,-0.02862,-0.10612,0.02545,0.19588
87.22,-0.04399,0.02013,-0.02002,0.06394,0,-0.00725,-0.15693,-0.14,-0.23621,0.29158,0.96654,0.48188,-0.83701,-1.3224,1.26797,-0.83903,0.33479,-2.04504,-0.79436,-0.05097,-1.25575,-2.16089,-1.02855,-6.52255,-0.10705,1.19235,-0.09486,0.02107,-0.00464,0.08945,-0.12174,0.0896,-0.00105,-0.01595,0.00811,-0.24474,-0.03454,-0.11012,0.02176,0.19989
87.24,-0.03656,0.01986,-0.02611,0.0169,0,-0.01166,-0.22294,-0.16339,-0.3258,0.65944,0.98065,0.65049,-1.28655,-1.51138,1.5601,-0.5506,-3.15335,-2.82269,0.13933,-0.55059,-1.20982,-2.13376,-1.01773,-5.00322,-0.1412,0.88863,-0.08656,0.02747,0.02105,0.09687,-0.1262,0.09153,0.01677,-0.01786,0.01897,-0.19282,-0.03342,-0.10894,0.01503,0.19074
87.26,-0.03032,0.0188,-0.03159,-0.02844,0,-0.01579,-0.27567,-0.18033,-0.39478,1.00287,0.96385,0.77571,-1.70836,-1.6342,1.8003,-0.22419,-6.63891,-3.46969,1.16178,-1.03401,-1.10711,-2.0312,-0.96882,-3.10851,-0.15267,0.51408,-0.07956,0.03271,0.03653,0.10385,-0.12561,0.08977,0.04045,-0.02405,0.03006,-0.13324,-0.02597,-0.10412,0.0062,0.17111
87.28,-0.02495,0.0172,-0.03609,-0.06993,0,-0.01964,-0.31519,-0.18958,-0.43579,1.31247,0.9174,0.8454,-2.09206,-1.68166,1.97169,0.12613,-9.88579,-3.93507,2.20441,-1.4919,-0.94857,-1.85529,-0.87264,-0.90139,-0.14204,0.08312,-0.07301,0.03677,0.04236,0.10911,-0.12124,0.08464,0.0675,-0.03292,0.04069,-0.07131,-0.01379,-0.09711,-0.00345,0.14454
87.3,-0.02009,0.0153,-0.0393,-0.10625,0,-0.0232,-0.34241,-0.1903,-0.44453,1.58137,0.84294,0.85284,-2.42883,-1.6494,2.06292,0.48106,-12.66237,-4.18197,3.18907,-1.91669,-0.73789,-1.6128,-0.72435,1.52005,-0.10965,-0.38361,-0.06587,0.03969,0.04048,0.11124,-0.11432,0.07663,0.09504,-0.04265,0.05017,-0.01159,0.0009,-0.08903,-0.01252,0.11477
87.32,-0.01538,0.0133,-0.041,-0.13697,0,-0.02645,-0.359,-0.18214,-0.42038,1.80536,0.74237,0.79765,-2.71154,-1.53849,2.06957,0.81755,-14.76488,-4.19219,4.03549,-2.30219,-0.48161,-1.31526,-0.52487,4.02704,-0.05594,-0.86046,-0.0571,0.04153,0.0339,0.10902,-0.106,0.06636,0.12013,-0.0514,0.05786,0.04263,0.0155,-0.08061,-0.01975,0.0852
87.34,-0.01048,0.01138,-0.04107,-0.16242,0,-0.02936,-0.36711,-0.16534,-0.36635,1.98264,0.61811,0.68559,-2.93469,-1.35546,1.99448,1.11137,-16.03836,-3.96813,4.67016,-2.643,-0.18916,-0.97827,-0.28128,6.46956,0.01775,-1.31849,-0.04583,0.0424,0.02628,0.10162,-0.0972,0.05458,0.1401,-0.05747,0.06327,0.08949,0.02735,-0.07214,-0.02418,0.0586
87.36,-0.00507,0.00967,-0.03949,-0.18351,0,-0.03192,-0.3691,-0.14063,-0.28826,2.11336,0.47348,0.52745,-3.09434,-1.11173,1.8471,1.34045,-16.39383,-3.53228,5.03571,-2.93412,0.12733,-0.62016,-0.00622,8.69005,0.10807,-1.72805,-0.03149,0.04237,0.02135,0.08877,-0.08865,0.04209,0.15281,-0.05943,0.06607,0.1285,0.03406,-0.0636,-0.02522,0.03683
87.38,0.0011,0.00824,-0.03635,-0.20141,0,-0.03407,-0.36727,-0.10931,-0.19372,2.19892,0.31305,0.33742,-3.18807,-0.82263,1.64221,1.48836,-15.82045,-2.92484,5.0994,-3.1706,0.45338,-0.26026,0.2835,10.53931,0.20875,-2.06157,-0.01387,0.04153,0.02241,0.07083,-0.08083,0.02966,0.15685,-0.05625,0.0661,0.16019,0.03377,-0.05479,-0.02275,0.02083
87.4,0.00821,0.00714,-0.03182,-0.21734,0,-0.03578,-0.36363,-0.07309,-0.09095,2.24151,0.14294,0.13126,-3.21515,-0.50622,1.39833,1.54691,-14.39,-2.1999,4.85874,-3.34761,0.77276,0.08274,0.56863,11.89206,0.31025,-2.29631,0.00684,0.03998,0.03185,0.04875,-0.07402,0.01802,0.15166,-0.04741,0.06342,0.18572,0.0254,-0.04548,-0.01708,0.01076
87.42,0.01639,0.00638,-0.02614,-0.23232,0,-0.03702,-0.35977,-0.03402,0.01224,2.2437,-0.02922,-0.07532,-3.17652,-0.18195,1.13586,1.51737,-12.25118,-1.42041,4.34254,-3.46059,1.06834,0.39233,0.82939,12.65948,0.40038,-2.41658,0.03008,0.03778,0.05089,0.02398,-0.0683,0.00773,0.13758,-0.03287,0.05824,0.2064,0.00876,-0.03557,-0.00891,0.00614
87.44,0.02565,0.00592,-0.01962,-0.24703,0,-0.03776,-0.35678,0.00572,0.10906,2.20825,-0.19479,-0.268,-3.07489,0.13087,0.87514,1.40973,-9.61281,-0.65215,3.60663,-3.50567,1.32325,0.65524,1.04741,12.79747,0.46606,-2.41525,0.055,0.03503,0.07943,-0.0017,-0.06364,-0.00074,0.11577,-0.01314,0.05096,0.2234,-0.01541,-0.02515,0.00081,0.0061
87.46,0.03595,0.00572,-0.01256,-0.26172,0,-0.03803,-0.35526,0.04397,0.19424,2.13808,-0.34496,-0.43481,-2.9147,0.41454,0.63457,1.24053,-6.71833,0.04286,2.7253,-3.48028,1.52222,0.86218,1.20742,12.31056,0.49575,-2.29446,0.08055,0.03183,0.11616,-0.02643,-0.05995,-0.00712,0.08804,0.01082,0.04207,0.23742,-0.04548,-0.01457,0.01102,0.00969
87.48,0.04714,0.00573,-0.00531,-0.27621,0,-0.03788,-0.35541,0.07878,0.26406,2.0365,-0.4717,-0.56672,-2.7022,0.65442,0.42896,1.02979,-3.81645,0.61269,1.78052,-3.3839,1.65304,1.00829,1.29877,11.25178,0.48207,-2.06564,0.10565,0.02831,0.15875,-0.04853,-0.05711,-0.01122,0.05667,0.03764,0.03219,0.24862,-0.07913,-0.00437,0.02065,0.01607
87.5,0.05897,0.0059,0.00183,-0.28994,0,-0.03742,-0.3571,0.10863,0.31637,1.90753,-0.56869,-0.65802,-2.44553,0.83997,0.26841,0.79804,-1.13306,1.02072,0.85141,-3.21884,1.70782,1.09306,1.31643,9.71855,0.42386,-1.74877,0.12926,0.02465,0.20419,-0.06666,-0.05507,-0.01302,0.02413,0.06568,0.02195,0.25658,-0.11348,0.00476,0.02881,0.02467
87.52,0.07113,0.00618,0.00858,-0.30207,0,-0.0368,-0.36006,0.13244,0.35043,1.7561,-0.63198,-0.70629,-2.15472,0.96534,0.15771,0.56381,1.15155,1.24901,0.00567,-2.99072,1.68374,1.11992,1.26124,7.84373,0.32678,-1.37067,0.15054,0.02104,0.24913,-0.08003,-0.05383,-0.01259,-0.00719,0.09313,0.012,0.26048,-0.14543,0.01204,0.03483,0.03517
87.54,0.08325,0.00654,0.01473,-0.31155,0,-0.03619,-0.36393,0.14966,0.36665,1.58816,-0.66016,-0.71219,-1.84144,1.02932,0.09642,0.34211,2.91823,1.29953,-0.70602,-2.70848,1.5833,1.0954,1.13956,5.78218,0.20251,-0.96239,0.16885,0.01771,0.2903,-0.0884,-0.05345,-0.01014,-0.03529,0.1182,0.00296,0.25935,-0.17192,0.01676,0.03831,0.04736
87.56,0.09493,0.00693,0.02011,-0.31725,0,-0.03574,-0.36839,0.16018,0.36641,1.41062,-0.65432,-0.67908,-1.51855,1.03492,0.07945,0.14383,4.11698,1.19338,-1.25274,-2.38406,1.4139,1.02806,0.96222,3.69427,0.06641,-0.556,0.18381,0.01488,0.32489,-0.09205,-0.05404,-0.00603,-0.05876,0.1393,-0.00467,0.25243,-0.19026,0.01835,0.03913,0.06093
87.58,0.1058,0.00733,0.02464,-0.31814,0,-0.03555,-0.37323,0.1643,0.35178,1.23109,-0.6177,-0.61247,-1.19953,0.98862,0.09789,-0.02418,4.76808,0.96844,-1.62346,-2.03171,1.18726,0.92745,0.7433,1.72929,-0.06549,-0.18124,0.19529,0.01275,0.35088,-0.0917,-0.0557,-0.00078,-0.07705,0.15518,-0.01051,0.23946,-0.19843,0.01651,0.03739,0.07521
87.6,0.11554,0.00773,0.02829,-0.31332,0,-0.03562,-0.37839,0.16261,0.32529,1.05773,-0.55517,-0.51952,-0.89789,0.89943,0.14005,-0.15845,4.95652,0.67585,-1.82533,-1.66736,0.91854,0.80328,0.49891,0.01212,-0.17944,0.13713,0.20342,0.01145,0.36725,-0.08839,-0.05849,0.00496,-0.09048,0.16513,-0.01433,0.22089,-0.19537,0.01128,0.03338,0.08907
87.62,0.12391,0.00809,0.0311,-0.30223,0,-0.03591,-0.38401,0.15588,0.28973,0.89883,-0.4728,-0.40837,-0.6265,0.77793,0.1924,-0.25797,4.82016,0.37544,-1.88033,-1.30771,0.62532,0.66494,0.24622,-1.36488,-0.2664,0.381,0.20854,0.01103,0.37396,-0.08332,-0.06238,0.01045,-0.10015,0.16902,-0.0161,0.19796,-0.18107,0.00303,0.02749,0.10088
87.64,0.13081,0.0084,0.03319,-0.28462,0,-0.03628,-0.39039,0.14504,0.24791,0.7624,-0.3773,-0.28746,-0.39693,0.63517,0.24045,-0.32318,4.53188,0.13026,-1.82091,-0.96925,0.32653,0.52143,0.00273,-2.34381,-0.32333,0.53939,0.21117,0.0115,0.37182,-0.07777,-0.06725,0.01495,-0.10765,0.16735,-0.01597,0.17248,-0.15662,-0.00758,0.02023,0.10874
87.66,0.13624,0.00865,0.03469,-0.26065,0,-0.03655,-0.39797,0.13104,0.20237,0.65571,-0.2755,-0.16484,-0.21861,0.48169,0.26949,-0.355,4.27784,0.00069,-1.68505,-0.66715,0.04123,0.38154,-0.21421,-2.89822,-0.35356,0.60784,0.21196,0.01272,0.36207,-0.07292,-0.07285,0.01784,-0.11463,0.16117,-0.01422,0.14647,-0.12404,-0.01971,0.01209,0.11086
87.68,0.14035,0.00884,0.03576,-0.23085,0,-0.03655,-0.40722,0.11486,0.15523,0.58471,-0.17394,-0.04753,-0.0982,0.32662,0.26532,-0.35404,4.23447,0.03833,-1.51151,-0.41432,-0.21252,0.25418,-0.3877,-3.02722,-0.36621,0.58733,0.21163,0.01452,0.34603,-0.06975,-0.07883,0.01871,-0.12238,0.15199,-0.01125,0.12178,-0.08614,-0.03245,0.00359,0.10592
87.7,0.14338,0.00897,0.03657,-0.19612,0,-0.03613,-0.41859,0.09743,0.10807,0.55376,-0.07852,0.05896,-0.03914,0.17701,0.21487,-0.32003,4.54723,0.28066,-1.33579,-0.22061,-0.41861,0.14874,-0.50146,-2.74908,-0.37493,0.48305,0.21091,0.01664,0.32474,-0.06893,-0.08476,0.01751,-0.1314,0.14157,-0.00754,0.09977,-0.04615,-0.04501,-0.00483,0.09342
87.72,0.14569,0.00905,0.03728,-0.15772,0,-0.03521,-0.4325,0.07963,0.06192,0.56532,0.00573,0.15085,-0.04153,0.03749,0.10692,-0.25149,5.31341,0.74677,-1.1872,-0.09249,-0.56359,0.07512,-0.54015,-2.0959,-0.39614,0.30333,0.21049,0.01877,0.29867,-0.07081,-0.09018,0.01454,-0.14119,0.13177,-0.00358,0.0811,-0.0074,-0.05674,-0.01281,0.07385
87.74,0.1477,0.00909,0.03801,-0.11717,0,-0.0338,-0.44916,0.06228,0.01738,0.61989,0.07481,0.22603,-0.10236,-0.08983,-0.06725,-0.14578,6.57038,1.43449,-1.08721,-0.03303,-0.63709,0.04355,-0.48964,-1.11059,-0.44682,0.059,0.21092,0.02056,0.26765,-0.07527,-0.09466,0.01043,-0.15019,0.12432,0.00017,0.06582,0.02708,-0.06726,-0.02009,0.04856
87.76,0.14982,0.00912,0.03886,-0.07613,0,-0.03196,-0.46861,0.04612,-0.02524,0.71613,0.12591,0.28385,-0.21604,-0.2052,-0.31315,0.00063,8.28948,2.31897,-1.04881,-0.04217,-0.63217,0.06389,-0.33765,0.15389,-0.54209,-0.23681,0.21254,0.02167,0.23087,-0.08178,-0.09783,0.00608,-0.15594,0.1205,0.00335,0.05355,0.05496,-0.07646,-0.02663,0.0195
87.78,0.1524,0.00918,0.03987,-0.03629,0,-0.0298,-0.49058,0.0318,-0.06564,0.85089,0.15739,0.32476,-0.37505,-0.31079,-0.63229,0.19162,10.37526,3.35241,-1.0769,-0.1171,-0.54553,0.14484,-0.07454,1.63326,-0.69279,-0.56851,0.21541,0.02177,0.18703,-0.08934,-0.0995,0.0025,-0.15538,0.12103,0.00573,0.04383,0.07495,-0.08451,-0.03251,-0.01118
87.8,0.15568,0.00929,0.04105,0.00074,0,-0.0275,-0.51449,0.01989,-0.10336,1.01944,0.16886,0.34992,-0.57059,-0.41016,-1.02145,0.43058,12.66986,4.46492,-1.1692,-0.25268,-0.37774,0.29296,0.3056,3.24959,-0.90323,-0.91773,0.21922,0.02059,0.1346,-0.09653,-0.09967,0.00074,-0.14522,0.12584,0.00724,0.03635,0.08705,-0.09177,-0.03805,-0.04152
87.82,0.15976,0.00948,0.04234,0.03365,0,-0.02522,-0.53944,0.01082,-0.13766,1.21545,0.16114,0.36077,-0.79306,-0.50749,-1.47209,0.71945,14.96262,5.56655,-1.31755,-0.44167,-0.1335,0.51165,0.80373,4.909,-1.16945,-1.26295,0.22329,0.01791,0.07201,-0.10153,-0.09854,0.00176,-0.12237,0.13408,0.00798,0.03117,0.09259,-0.09879,-0.04369,-0.07007
87.84,0.16455,0.0098,0.04367,0.06149,0,-0.02315,-0.56415,0.00496,-0.16744,1.4311,0.13614,0.35873,-1.03245,-0.60672,-1.96999,1.05771,17.00511,6.55078,-1.50948,-0.67496,0.1782,0.80045,1.4145,6.50061,-1.47814,-1.57943,0.22651,0.01364,-0.00205,-0.10222,-0.09656,0.00639,-0.08432,0.1442,0.00822,0.02872,0.094,-0.10618,-0.04997,-0.09603
87.86,0.16976,0.01026,0.04491,0.08385,0,-0.02145,-0.58699,0.00253,-0.19135,1.65709,0.09675,0.34501,-1.27854,-0.71073,-2.49528,1.44129,18.53157,7.29996,-1.72992,-0.94159,0.54398,1.15437,2.12517,7.89795,-1.80641,-1.83959,0.22742,0.00777,-0.08843,-0.09628,-0.09429,0.01523,-0.02951,0.15411,0.00831,0.02964,0.09453,-0.11449,-0.05743,-0.11924
87.88,0.17491,0.01089,0.04593,0.10092,0,-0.02027,-0.60603,0.00361,-0.20793,1.88284,0.04666,0.32045,-1.52115,-0.82051,-3.02297,1.86177,19.28417,7.6928,-1.96285,-1.22891,0.94612,1.56363,2.91465,8.96363,-2.12258,-2.01419,0.22427,0.00043,-0.18732,-0.08135,-0.09243,0.02869,0.04237,0.16149,0.00869,0.03463,0.09775,-0.12418,-0.06651,-0.14016
87.9,0.17936,0.01168,0.04659,0.11347,0,-0.01972,-0.61919,0.00813,-0.21586,2.09688,-0.00981,0.28571,-1.75029,-0.9347,-3.52408,2.30588,19.04126,7.61401,-2.19304,-1.52277,1.36287,2.01377,3.75321,9.55815,-2.38813,-2.07434,0.21512,-0.00811,-0.29802,-0.05521,-0.09168,0.0469,0.13021,0.16402,0.00978,0.04414,0.10709,-0.13547,-0.07749,-0.15963
87.92,0.18234,0.01264,0.04674,0.12285,0,-0.01985,-0.62442,0.01584,-0.21426,2.28744,-0.06799,0.24144,-1.95654,-1.04935,-3.96742,2.75549,17.64642,6.9658,-2.40744,-1.80797,1.76915,2.48608,4.60286,9.55288,-2.56091,-1.99437,0.19804,-0.01747,-0.41878,-0.01603,-0.09271,0.06972,0.23133,0.15968,0.01196,0.05822,0.12538,-0.14834,-0.09041,-0.17868
87.94,0.18306,0.01374,0.04628,0.13072,0,-0.0207,-0.61992,0.0263,-0.20293,2.44332,-0.12304,0.18869,-2.13135,-1.15811,-4.32184,3.1882,15.03564,5.68038,-2.59632,-2.06893,2.13771,2.95866,5.41872,8.84638,-2.59955,-1.7555,0.17133,-0.02719,-0.54668,0.03739,-0.09605,0.09664,0.34163,0.14695,0.01552,0.07642,0.15451,-0.16248,-0.10505,-0.19834
87.96,0.18074,0.01494,0.04511,0.13881,0,-0.02221,-0.60438,0.03889,-0.18268,2.55488,-0.17037,0.12929,-2.2675,-1.25277,-4.55919,3.57865,11.25984,3.73251,-2.75385,-2.29071,2.4408,3.40786,6.15149,7.38233,-2.46885,-1.34972,0.13374,-0.0367,-0.67752,0.1054,-0.10211,0.12676,0.45571,0.125,0.02059,0.09774,0.19514,-0.17733,-0.12101,-0.21937
87.98,0.17474,0.0162,0.04317,0.14867,0,-0.02431,-0.57729,0.05276,-0.15541,2.61517,-0.20584,0.06617,-2.35972,-1.3241,-4.65729,3.90042,6.49859,1.14996,-2.87815,-2.46018,2.65223,3.81011,6.75083,5.16541,-2.14527,-0.78326,0.08477,-0.04545,-0.80581,0.18719,-0.11104,0.15871,0.56716,0.09378,0.02715,0.1207,0.24659,-0.19212,-0.13766,-0.24211
88,0.16462,0.01744,0.04046,0.16135,0,-0.02685,-0.53905,0.06694,-0.12412,2.6208,-0.22619,0.00346,-2.40506,-1.36284,-4.60258,4.1284,1.05947,-1.9806,-2.97031,-2.5672,2.74961,4.14387,7.16935,2.27066,-1.62184,-0.07855,0.02483,-0.05287,-0.92477,0.28065,-0.12277,0.19064,0.66878,0.05412,0.035,0.14346,0.30672,-0.20592,-0.15428,-0.26633
88.02,0.15022,0.01858,0.03702,0.17729,0,-0.0296,-0.49109,0.08034,-0.09259,2.57246,-0.22918,-0.05378,-2.40318,-1.36068,-4.39182,4.24127,-4.64268,-5.51533,-3.03218,-2.60555,2.71637,4.39133,7.36665,-1.15818,-0.91133,0.72628,-0.04456,-0.0584,-1.02648,0.38224,-0.13702,0.22023,0.75284,0.0077,0.04373,0.1639,0.37209,-0.21773,-0.17001,-0.29117
88.04,0.13168,0.01952,0.03292,0.19624,0,-0.03229,-0.43573,0.09187,-0.06493,2.4746,-0.21387,-0.10018,-2.35621,-1.31117,-4.03237,4.22395,-10.12829,-9.26349,-3.0633,-2.57345,2.54352,4.53967,7.31321,-4.92309,-0.04717,1.58071,-0.12073,-0.06157,-1.10204,0.48695,-0.15325,0.24477,0.81127,-0.04303,0.05276,0.17977,0.43808,-0.22654,-0.18394,-0.31511
88.06,0.10941,0.0202,0.0283,0.2173,0,-0.03461,-0.37589,0.10054,-0.04476,2.33482,-0.18063,-0.13096,-2.26832,-1.21046,-3.54131,4.06986,-14.91266,-13.00521,-3.05737,-2.47373,2.23099,4.58198,6.99364,-8.79696,0.91796,2.42767,-0.19998,-0.06193,-1.14201,0.58852,-0.17075,0.26132,0.83597,-0.09498,0.06134,0.18884,0.49926,-0.23143,-0.19508,-0.33608
88.08,0.08409,0.02054,0.02336,0.23907,0,-0.0362,-0.31478,0.10559,-0.0346,2.16281,-0.1313,-0.1429,-2.14522,-1.05786,-2.94386,3.78263,-18.57196,-16.5131,-2.99971,-2.31357,1.78845,4.51762,6.40937,-12.55421,1.91543,3.21063,-0.27773,-0.05913,-1.13714,0.67974,-0.18864,0.26695,0.81929,-0.14468,0.06861,0.18905,0.54979,-0.23158,-0.2024,-0.3516
88.1,0.05661,0.0205,0.01831,0.25981,0,-0.03669,-0.25549,0.1066,-0.03529,1.96921,-0.06908,-0.13513,-1.99356,-0.8561,-2.27132,3.37698,-20.80254,-19.57332,-2.867,-2.10396,1.23555,4.35199,5.57977,-16.0003,2.86554,3.88071,-0.34887,-0.05293,-1.07941,0.75294,-0.20591,0.25907,0.75486,-0.18851,0.07365,0.17871,0.58391,-0.22642,-0.20491,-0.35902
88.12,0.02801,0.02006,0.01338,0.27767,0,-0.03572,-0.20077,0.10354,-0.0458,1.76457,0.00152,-0.10943,-1.82036,-0.61119,-1.55874,2.87814,-21.46146,-22.00235,-2.62993,-1.8586,0.601,4.09537,4.54119,-18.99413,3.68359,4.40218,-0.40814,-0.04332,-0.96345,0.8006,-0.22141,0.23579,0.63873,-0.22304,0.07554,0.15666,0.59648,-0.21561,-0.20167,-0.35578
88.14,-0.00064,0.01923,0.00882,0.2909,0,-0.03299,-0.15263,0.09676,-0.06347,1.55817,0.07497,-0.07006,-1.63238,-0.33184,-0.84226,2.3195,-20.58231,-23.65762,-2.25911,-1.5923,-0.07943,3.76073,3.34334,-21.46013,4.28701,4.756,-0.45069,-0.03054,-0.78804,0.81616,-0.23385,0.19636,0.47068,-0.24533,0.07349,0.12245,0.58345,-0.19908,-0.19197,-0.33976
88.16,-0.02834,0.01803,0.00486,0.29802,0,-0.02832,-0.11225,0.08701,-0.08451,1.3571,0.14501,-0.02308,-1.43541,-0.02845,-0.15646,1.73887,-18.36682,-24.44308,-1.73302,-1.31904,-0.76589,3.36105,2.04383,-23.38918,4.60277,4.94081,-0.47262,-0.01521,-0.55761,0.79478,-0.24177,0.14151,0.2556,-0.25326,0.06693,0.0765,0.54239,-0.17702,-0.17538,-0.30954
88.18,-0.05423,0.01652,0.00166,0.29799,0,-0.02161,-0.0798,0.0753,-0.10479,1.16546,0.20523,0.02457,-1.23381,0.28786,0.46826,1.17419,-15.15705,-24.31128,-1.04622,-1.05008,-1.4181,2.90684,0.70217,-24.82894,4.57433,4.97165,-0.47152,0.00163,-0.28332,0.73415,-0.24356,0.0737,0.00443,-0.24582,0.05559,0.02019,0.47281,-0.14989,-0.15192,-0.26476
88.2,-0.07771,0.01473,-0.00067,0.29031,0,-0.01298,-0.05438,0.06276,-0.12051,0.98399,0.24959,0.06606,-1.03007,0.6061,1.00763,0.65935,-11.39297,-23.26336,-0.21526,-0.79252,-1.99881,2.40465,-0.6253,-25.86372,4.16677,4.87622,-0.44687,0.01854,0.01696,0.63507,-0.2376,-0.00282,-0.26582,-0.22332,0.03956,-0.04405,0.37648,-0.11835,-0.12209,-0.2063
88.22,-0.09846,0.01273,-0.00211,0.27507,0,-0.00266,-0.03416,0.05057,-0.1287,0.81003,0.27308,0.0955,-0.82468,0.91586,1.44471,0.22081,-7.55891,-21.3468,0.71973,-0.54852,-2.47689,1.85697,-1.88864,-26.58444,3.36887,4.68864,-0.40025,0.03378,0.31987,0.5016,-0.22238,-0.08235,-0.53326,-0.18742,0.01937,-0.11287,0.25742,-0.08321,-0.08694,-0.13634
88.24,-0.11644,0.01056,-0.00272,0.25291,0,0.00896,-0.01645,0.03971,-0.12752,0.63784,0.27244,0.10854,-0.61605,1.20738,1.7704,-0.12468,-4.1228,-18.65107,1.69886,-0.31535,-2.82968,1.26363,-3.04541,-27.05146,2.19207,4.44119,-0.33519,0.04556,0.59939,0.34086,-0.19677,-0.15838,-0.77372,-0.141,-0.0041,-0.18219,0.12161,-0.04542,-0.04795,-0.05828
88.26,-0.13182,0.00824,-0.00265,0.22484,0,0.02137,0.00199,0.03083,-0.11625,0.45931,0.24671,0.1027,-0.40066,1.47135,1.98314,-0.3712,-1.47462,-15.30188,2.65071,-0.0862,-3.04457,0.62438,-4.06021,-27.25786,0.66713,4.15561,-0.25676,0.05226,0.83071,0.16229,-0.16029,-0.22451,-0.9644,-0.0879,-0.02965,-0.24752,-0.02356,-0.00594,-0.00692,0.02361
88.28,-0.145,0.0058,-0.00209,0.19214,0,0.03403,0.02471,0.02413,-0.09517,0.26488,0.19775,0.07748,-0.17346,1.69867,2.08835,-0.52378,0.12647,-11.45492,3.50306,0.1485,-3.1198,-0.05811,-4.9036,-27.10388,-1.15931,3.83617,-0.17108,0.05281,0.99427,-0.02322,-0.11339,-0.2754,-1.08769,-0.03248,-0.05589,-0.30443,-0.16991,0.03428,0.03425,0.10455
88.3,-0.15642,0.00325,-0.00131,0.15618,0,0.04641,0.05517,0.01927,-0.06534,0.04468,0.13025,0.03428,0.07153,1.8805,2.09743,-0.5974,0.58567,-7.28909,4.19325,0.39937,-3.06442,-0.7755,-5.55145,-26.39374,-3.22649,3.46706,-0.0847,0.04686,1.07911,-0.20441,-0.05758,-0.3076,-1.13418,0.02073,-0.08139,-0.34895,-0.30921,0.0744,0.07371,0.17972
88.32,-0.16661,0.00058,-0.00058,0.11834,0,0.05801,0.09647,0.0155,-0.02844,-0.21013,0.05135,-0.02381,0.34037,2.00861,2.02665,-0.61497,-0.02194,-2.9984,4.67589,0.67625,-2.89695,-1.51227,-5.98525,-24.86251,-5.45833,3.01587,-0.00398,0.03491,1.08429,-0.37056,0.00458,-0.31995,-1.10405,0.06744,-0.10473,-0.37799,-0.4338,0.1136,0.10983,0.24473
88.34,-0.17603,-0.00221,-0.00018,0.07992,0,0.06837,0.15093,0.01176,0.01336,-0.50619,-0.03031,-0.09237,0.63811,2.07618,1.89562,-0.60447,-1.47622,1.21841,4.92682,0.98646,-2.6429,-2.24578,-6.19388,-22.23298,-7.75971,2.44315,0.06543,0.01818,1.01838,-0.51239,0.06974,-0.31355,-1.00652,0.10394,-0.12466,-0.38964,-0.53708,0.15114,0.14125,0.29602
88.36,-0.18507,-0.00511,-0.00038,0.04209,0,0.07715,0.21987,0.00695,0.05748,-0.84672,-0.10593,-0.16609,0.96771,2.07893,1.72582,-0.59543,-3.46106,5.17019,4.94348,1.33329,-2.3315,-2.94799,-6.17641,-18.29275,-10.01207,1.7163,0.11905,-0.00155,0.89708,-0.62275,0.13417,-0.29127,-0.85746,0.12732,-0.14015,-0.38345,-0.61398,0.18628,0.167,0.33122
88.38,-0.19399,-0.00809,-0.00136,0.00587,0,0.08405,0.30332,0.0002,0.10101,-1.23068,-0.16796,-0.2392,1.32904,2.01632,1.53902,-0.61545,-5.6253,8.68619,4.7426,1.71494,-1.99216,-3.58831,-5.94528,-12.97282,-12.07154,0.82396,0.15393,-0.02225,0.7399,-0.69713,0.19427,-0.25711,-0.67623,0.13576,-0.15048,-0.36045,-0.66123,0.21824,0.18646,0.34939
88.4,-0.20293,-0.01113,-0.00326,-0.02787,0,0.08886,0.39993,-0.00895,0.14075,-1.65235,-0.21127,-0.30603,1.71829,1.89239,1.35588,-0.68713,-7.64112,11.6274,4.35639,2.12405,-1.65135,-4.13705,-5.52848,-6.40444,-13.77286,-0.21348,0.16883,-0.04196,0.5668,-0.73399,0.24702,-0.21552,-0.48241,0.12858,-0.15527,-0.32314,-0.67756,0.24622,0.1994,0.35113
88.42,-0.21185,-0.01418,-0.00614,-0.0584,0,0.09147,0.50701,-0.02041,0.1734,-2.10147,-0.23366,-0.36135,2.12778,1.71597,1.19474,-0.82594,-9.24822,13.89479,3.82774,2.54809,-1.33046,-4.5687,-4.96936,1.06624,-14.94157,-1.34098,0.16425,-0.05901,0.39545,-0.73469,0.29032,-0.17076,-0.29323,0.10626,-0.15449,-0.27514,-0.66367,0.26943,0.20592,0.3384
88.44,-0.2206,-0.01716,-0.00996,-0.08519,0,0.09185,0.62068,-0.03363,0.19581,-2.56398,-0.23584,-0.40081,2.54641,1.49984,1.07049,-1.03919,-10.27773,15.4338,3.20512,2.97044,-1.04448,-4.86474,-4.32346,8.91406,-15.41477,-2.47535,0.14221,-0.07216,0.23959,-0.70304,0.3231,-0.12651,-0.122,0.07034,-0.14843,-0.22076,-0.62205,0.28715,0.2064,0.31417
88.46,-0.22892,-0.02003,-0.0146,-0.1079,0,0.09004,0.73627,-0.04775,0.20535,-3.02342,-0.22067,-0.42121,2.96068,1.25925,0.99363,-1.32604,-10.65676,16.23558,2.53754,3.37223,-0.80184,-5.01584,-3.65275,16.51371,-15.06794,-3.51934,0.10586,-0.08068,0.10844,-0.64475,0.3453,-0.0857,0.02239,0.02319,-0.13767,-0.16429,-0.55664,0.29892,0.20148,0.28184
88.48,-0.23646,-0.02274,-0.0199,-0.12641,0,0.08619,0.84872,-0.0618,0.20022,-3.4626,-0.19222,-0.42077,3.35593,1.00998,0.9696,-1.67837,-10.39858,16.33595,1.87023,3.73448,-0.60495,-5.02328,-3.01859,23.24026,-13.84202,-4.37957,0.0591,-0.08432,0.00688,-0.56655,0.35772,-0.05042,0.1353,-0.03223,-0.12295,-0.1094,-0.47239,0.30458,0.19193,0.24472
88.5,-0.24285,-0.0253,-0.02564,-0.14083,0,0.08055,0.953,-0.07493,0.17979,-3.86519,-0.15475,-0.39926,3.71775,0.76657,0.99861,-2.08211,-9.58445,15.81194,1.24144,4.04024,-0.45135,-4.89927,-2.47484,28.5655,-11.76337,-4.98319,0.00609,-0.08325,-0.06389,-0.47559,0.36179,-0.022,0.21564,-0.09264,-0.10513,-0.05863,-0.37485,0.30445,0.1787,0.20551
88.52,-0.24771,-0.02771,-0.03158,-0.1515,0,0.07345,1.04454,-0.08662,0.14476,-4.21696,-0.11193,-0.35802,4.03288,0.54097,1.07583,-2.51885,-8.34171,14.77545,0.68061,4.27606,-0.3353,-4.66581,-2.06227,32.12789,-8.94945,-5.28909,-0.04909,-0.07799,-0.10549,-0.37869,0.35935,-0.0011,0.26503,-0.15472,-0.08515,-0.01317,-0.26976,0.29927,0.16278,0.16603
88.54,-0.25069,-0.03002,-0.03745,-0.15889,0,0.06528,1.11943,-0.09667,0.09715,-4.50641,-0.06644,-0.29979,4.28983,0.34169,1.19223,-2.96768,-6.82141,13.36366,0.20774,4.43277,-0.2494,-4.35198,-1.80479,33.76531,-5.59721,-5.29156,-0.10278,-0.06929,-0.12158,-0.28196,0.35238,0.01219,0.28704,-0.21535,-0.0639,0.027,-0.16256,0.29017,0.14519,0.12723
88.56,-0.25149,-0.03229,-0.04303,-0.16348,0,0.05646,1.1746,-0.10524,0.04013,-4.725,-0.01994,-0.22842,4.47906,0.17357,1.33569,-3.40698,-5.17797,11.7273,-0.1662,4.50553,-0.18631,-3.98999,-1.70775,33.51222,-1.9567,-5.017,-0.15192,-0.05805,-0.11711,-0.19038,0.34276,0.01827,0.2865,-0.27176,-0.04225,0.06277,-0.0581,0.27845,0.12693,0.08932
88.58,-0.24988,-0.03456,-0.0481,-0.16572,0,0.0474,1.20793,-0.11274,-0.02229,-4.86708,0.02673,-0.14852,4.5931,0.03797,1.4925,-3.81624,-3.55245,10.01818,-0.43815,4.49361,-0.1401,-3.61113,-1.75826,31.57136,1.70307,-4.51601,-0.19423,-0.04522,-0.09786,-0.10767,0.33213,0.01797,0.26902,-0.32178,-0.02094,0.09536,0.03973,0.26537,0.10888,0.05212
88.6,-0.24573,-0.03686,-0.0525,-0.16586,0,0.03847,1.21832,-0.11974,-0.08557,-4.92981,0.07326,-0.06511,4.62665,-0.06664,1.64867,-4.1776,-2.06073,8.37748,-0.61147,4.39991,-0.10723,-3.2421,-1.92746,28.27096,5.12814,-3.85362,-0.22822,-0.03172,-0.06991,-0.03622,0.32173,0.01247,0.24051,-0.36383,-0.00059,0.12578,0.12814,0.25202,0.09186,0.0154
88.62,-0.23898,-0.03916,-0.05611,-0.16391,0,0.02998,1.20566,-0.12681,-0.14503,-4.91283,0.11945,0.01679,4.57662,-0.14392,1.79123,-4.47687,-0.78706,6.92542,-0.69426,4.23036,-0.0868,-2.90257,-2.17461,24.01564,8.10679,-3.09966,-0.25321,-0.0184,-0.03933,0.02286,0.31233,0.0032,0.2068,-0.39695,0.0183,0.15439,0.2054,0.23912,0.07652,-0.02085
88.64,-0.22966,-0.04142,-0.05883,-0.1596,0,0.02215,1.17069,-0.13446,-0.19623,-4.81777,0.16501,0.0924,4.44214,-0.19881,1.90896,-4.70402,0.21759,5.75257,-0.69781,3.99306,-0.08019,-2.60403,-2.45268,19.2366,10.48678,-2.32075,-0.26923,-0.00596,-0.01174,0.06954,0.30421,-0.00824,0.17321,-0.4207,0.03535,0.18071,0.27071,0.22697,0.06335,-0.05621
88.66,-0.21787,-0.04351,-0.06063,-0.15236,0,0.01514,1.11486,-0.14301,-0.23532,-4.64777,0.20936,0.15761,4.22451,-0.2366,1.99308,-4.85323,0.9331,4.91341,-0.63507,3.69745,-0.09016,-2.34994,-2.7148,14.34605,12.1826,-1.57426,-0.27688,0.00504,0.00804,0.1047,0.29713,-0.02023,0.14412,-0.43498,0.05026,0.20334,0.32389,0.21544,0.05272,-0.08979
88.68,-0.20377,-0.0453,-0.06145,-0.14144,0,0.00902,1.04014,-0.15254,-0.25943,-4.40716,0.25154,0.20918,3.92734,-0.2622,2.0375,-4.92271,1.36549,4.42262,-0.51955,3.35362,-0.11959,-2.13689,-2.92063,9.70031,13.17457,-0.90455,-0.27717,0.01425,0.01635,0.12986,0.29048,-0.03129,0.12264,-0.43985,0.06281,0.22015,0.36509,0.20405,0.04478,-0.12034
88.7,-0.18756,-0.0466,-0.06129,-0.12599,0,0.00381,0.94893,-0.16287,-0.26695,-4.10138,0.29026,0.2451,3.55674,-0.27953,2.03909,-4.91446,1.54085,4.25524,-0.36436,2.97182,-0.17035,-1.95651,-3.0414,5.57503,13.50169,-0.34137,-0.27139,0.02148,0.01096,0.14694,0.28328,-0.04015,0.11033,-0.43548,0.07283,0.22862,0.39453,0.19207,0.03952,-0.14637
88.72,-0.16949,-0.04722,-0.06014,-0.10524,0,-0.0005,0.84394,-0.17355,-0.25784,-3.73691,0.32384,0.26482,3.12137,-0.29127,1.99765,-4.83366,1.49916,4.35099,-0.1817,2.56214,-0.24238,-1.79764,-3.06254,2.1545,13.24944,0.09989,-0.26096,0.02671,-0.00875,0.15803,0.27438,-0.04589,0.10719,-0.42206,0.08021,0.22633,0.41235,0.17864,0.0367,-0.16641
88.74,-0.14989,-0.04698,-0.058,-0.07873,0,-0.00397,0.72811,-0.18391,-0.2337,-3.32126,0.35027,0.26943,2.63212,-0.29877,1.9156,-4.68784,1.28853,4.62299,0.01755,2.13421,-0.33328,-1.64844,-2.98357,-0.4659,12.53393,0.41637,-0.24729,0.03005,-0.04176,0.16513,0.26261,-0.04789,0.11186,-0.39986,0.08488,0.21146,0.41865,0.16294,0.03583,-0.17924
88.76,-0.12914,-0.04572,-0.05494,-0.04653,0,-0.00664,0.60453,-0.19309,-0.19783,-2.86283,0.36731,0.26169,2.10166,-0.30236,1.79761,-4.48587,0.9601,4.96966,0.22395,1.69689,-0.4383,-1.49837,-2.81567,-2.26702,11.48473,0.61497,-0.23166,0.03174,-0.08558,0.17001,0.24687,-0.04593,0.12196,-0.36932,0.08683,0.18334,0.41353,0.14432,0.03615,-0.1842
88.78,-0.10769,-0.04333,-0.05102,-0.0094,0,-0.00858,0.47634,-0.2002,-0.155,-2.37096,0.3726,0.24596,1.54387,-0.30161,1.65006,-4.23711,0.56398,5.28792,0.42957,1.25816,-0.55075,-1.33953,-2.57788,-3.28789,10.22876,0.70921,-0.21515,0.03204,-0.13643,0.174,0.22638,-0.04007,0.13457,-0.33123,0.08618,0.1429,0.39733,0.12241,0.0366,-0.18135
88.8,-0.08606,-0.03977,-0.0464,0.03113,0,-0.00983,0.34667,-0.20433,-0.11103,-1.85592,0.36395,0.22772,0.97341,-0.29581,1.48048,-3.95071,0.14615,5.48552,0.62783,0.82516,-0.66262,-1.16754,-2.29302,-3.60662,8.87783,0.71625,-0.19852,0.03125,-0.18964,0.1779,0.20071,-0.03065,0.14668,-0.28678,0.08313,0.09285,0.3708,0.09724,0.03595,-0.17162
88.82,-0.06482,-0.03509,-0.04127,0.0728,0,-0.01047,0.21868,-0.2047,-0.07206,-1.32904,0.33968,0.21287,0.4054,-0.28426,1.29678,-3.63507,-0.25384,5.49041,0.81338,0.40441,-0.76545,-0.9814,-1.98408,-3.32405,7.52068,0.65449,-0.18224,0.02966,-0.24007,0.18197,0.16995,-0.01826,0.15561,-0.23759,0.078,0.03757,0.33515,0.06926,0.03286,-0.15677
88.84,-0.04453,-0.02941,-0.03586,0.11289,0,-0.01054,0.0954,-0.20072,-0.04358,-0.80252,0.29904,0.20657,-0.1449,-0.26651,1.10643,-3.29746,-0.60429,5.25619,0.98186,0.0021,-0.85112,-0.78253,-1.67153,-2.55179,6.22012,0.54189,-0.16645,0.02756,-0.28264,0.1859,0.13464,-0.00366,0.15923,-0.18565,0.07124,-0.01744,0.29208,0.03934,0.02608,-0.13914
88.86,-0.02568,-0.02293,-0.03044,0.14851,0,-0.01014,-0.02035,-0.19207,-0.02931,-0.28912,0.24264,0.21208,-0.66237,-0.24244,0.91551,-2.94363,-0.88222,4.76379,1.12962,-0.37573,-0.91275,-0.5731,-1.37159,-1.40512,5.01435,0.39499,-0.15099,0.02523,-0.31289,0.18894,0.0958,0.0122,0.15617,-0.13308,0.06337,-0.06633,0.24365,0.00867,0.01476,-0.12133
88.88,-0.00865,-0.01591,-0.02525,0.1771,0,-0.00939,-0.12605,-0.17869,-0.03029,0.19827,0.17283,0.22966,-1.13244,-0.21228,0.72781,-2.57776,-1.07346,4.0203,1.25353,-0.72288,-0.94543,-0.35433,-1.09552,0.0004,3.92135,0.22853,-0.13543,0.02295,-0.3275,0.18999,0.05474,0.02825,0.14581,-0.0819,0.05495,-0.10381,0.19205,-0.02137,-0.00143,-0.10578
88.9,0.00635,-0.00865,-0.0205,0.1967,0,-0.00844,-0.21959,-0.16088,-0.0443,0.64708,0.09379,0.25601,-1.54149,-0.17656,0.54432,-2.20256,-1.17205,3.0558,1.35072,-1.03292,-0.94669,-0.12519,-0.84972,1.55005,2.9448,0.05545,-0.11918,0.02101,-0.32468,0.18783,0.01302,0.04336,0.12831,-0.03387,0.04655,-0.12595,0.13944,-0.04932,-0.02208,-0.09441
88.92,0.01928,-0.00148,-0.01636,0.20623,0,-0.00751,-0.29933,-0.13928,-0.06611,1.04555,0.0113,0.28462,-1.87728,-0.13608,0.363,-1.81965,-1.17861,1.91851,1.41829,-1.29914,-0.91663,0.11815,-0.63642,3.13065,2.0799,-0.11296,-0.10163,0.01966,-0.30436,0.18128,-0.02774,0.05637,0.10447,0.00968,0.03872,-0.1307,0.08786,-0.07383,-0.04605,-0.08839
88.94,0.03026,0.00529,-0.01294,0.20551,0,-0.00676,-0.36408,-0.11479,-0.08836,1.38322,-0.06786,0.30685,-2.12956,-0.09181,0.17899,-1.42988,-1.09787,0.66867,1.453,-1.51466,-0.85758,0.38169,-0.45463,4.63208,1.31827,-0.26697,-0.08225,0.01914,-0.26808,0.16948,-0.06597,0.06616,0.07562,0.04783,0.03189,-0.11802,0.03915,-0.09376,-0.07163,-0.08803
88.96,0.03953,0.01137,-0.0103,0.19516,0,-0.0064,-0.41313,-0.08853,-0.10308,1.65151,-0.13688,0.31385,-2.29071,-0.04492,-0.01468,-1.03369,-0.93571,-0.62816,1.45096,-1.67277,-0.77342,0.67237,-0.30135,5.95025,0.65115,-0.39833,-0.06075,0.01963,-0.2187,0.15205,-0.10033,0.07177,0.04348,0.08003,0.02641,-0.08968,-0.0051,-0.10835,-0.09675,-0.09279
88.98,0.04732,0.01653,-0.00845,0.17644,0,-0.00652,-0.44622,-0.06176,-0.10342,1.84429,-0.18987,0.29853,-2.35642,0.00329,-0.22618,-0.63148,-0.69622,-1.90766,1.40745,-1.76743,-0.66889,0.99625,-0.17245,6.99143,0.07122,-0.50034,-0.0372,0.02118,-0.16,0.12924,-0.12979,0.0725,0.0099,0.10602,0.02249,-0.04889,-0.0435,-0.11729,-0.11938,-0.10146
89,0.05391,0.0206,-0.00737,0.151,0,-0.00717,-0.46355,-0.03573,-0.08507,1.95836,-0.22273,0.25731,-2.3263,0.05127,-0.46365,-0.2239,-0.3794,-3.11225,1.317,-1.79382,-0.54884,1.35688,-0.06342,7.67711,-0.42712,-0.56804,-0.01206,0.02375,-0.09618,0.10203,-0.15375,0.06797,-0.02319,0.12572,0.02016,0.0002,-0.07494,-0.12077,-0.13774,-0.11227
89.02,0.05949,0.02351,-0.007,0.1207,0,-0.0083,-0.46578,-0.01162,-0.04713,1.9938,-0.23363,0.1909,-2.20409,0.0971,-0.73381,0.18794,0.01993,-4.19477,1.17368,-1.7488,-0.41783,1.75411,0.03052,7.94883,-0.84864,-0.59826,0.01384,0.02713,-0.03148,0.07197,-0.172,0.05826,-0.054,0.13925,0.01932,0.05284,-0.09862,-0.1195,-0.15053,-0.12307
89.04,0.06424,0.02525,-0.00725,0.08749,0,-0.00979,-0.45404,0.00953,0.00791,1.95385,-0.22299,0.10416,-1.99738,0.13834,-1.04065,0.60249,0.51193,-5.12053,0.97158,-1.63135,-0.27991,2.18368,0.11473,7.77211,-1.19908,-0.58979,0.03946,0.03105,0.03015,0.04098,-0.18469,0.04394,-0.08094,0.14693,0.01972,0.10406,-0.11418,-0.11456,-0.15696,-0.13148
89.06,0.06828,0.02591,-0.00799,0.05326,0,-0.01149,-0.42994,0.02698,0.07487,1.84478,-0.19307,0.00495,-1.71703,0.17185,-1.38422,1.01801,1.11042,-5.86774,0.70558,-1.44274,-0.13861,2.63757,0.19585,7.13953,-1.4875,-0.54341,0.06376,0.03513,0.08536,0.01094,-0.19219,0.02602,-0.1027,0.14935,0.021,0.1489,-0.12185,-0.10729,-0.15671,-0.13494
89.08,0.07178,0.02564,-0.00906,0.01982,0,-0.01322,-0.39556,0.04029,0.14698,1.67552,-0.14737,-0.09749,-1.37632,0.19375,-1.75972,1.43281,1.83064,-6.42707,0.37228,-1.18678,0.00288,3.10489,0.28254,6.0725,-1.72819,-0.46185,0.08595,0.03901,0.13154,-0.01664,-0.19498,0.00602,-0.11834,0.14754,0.02275,0.18261,-0.12263,-0.09909,-0.1498,-0.13096
89.1,0.07495,0.02463,-0.01026,-0.01118,0,-0.01489,-0.35344,0.0494,0.21716,1.45734,-0.08999,-0.19419,-0.99027,0.19946,-2.15725,1.84563,2.68675,-6.8005,-0.02899,-0.86998,0.14163,3.57309,0.3859,4.62125,-1.94154,-0.34977,0.10566,0.04233,0.16696,-0.04095,-0.19356,-0.01427,-0.12734,0.14292,0.02452,0.20097,-0.11827,-0.09124,-0.13649,-0.11725
89.12,0.07806,0.02311,-0.01138,-0.03831,0,-0.01642,-0.30657,0.05463,0.27907,1.20342,-0.02511,-0.27772,-0.57486,0.18399,-2.56218,2.25565,3.68921,-6.99959,-0.49514,-0.50151,0.27497,4.02897,0.51923,2.86183,-2.15299,-0.21346,0.12306,0.04484,0.19081,-0.06199,-0.18838,-0.03284,-0.12962,0.13734,0.02592,0.20062,-0.11121,-0.08478,-0.11723,-0.09203
89.14,0.08142,0.02133,-0.01217,-0.06044,0,-0.01783,-0.25825,0.05664,0.32776,0.92831,0.04333,-0.34291,-0.14644,0.14247,-2.95624,2.66248,4.84256,-7.04326,-1.01857,-0.09313,0.40068,4.45957,0.69709,0.88987,-2.3899,-0.06046,0.13878,0.04641,0.2032,-0.08051,-0.17989,-0.04781,-0.12559,0.13284,0.02661,0.17952,-0.10429,-0.08042,-0.0927,-0.0544
89.16,0.08537,0.01952,-0.01243,-0.07682,0,-0.01919,-0.21194,0.05638,0.36008,0.64737,0.11172,-0.38699,0.27886,0.07072,-3.31939,3.06594,6.1437,-6.95544,-1.58666,0.3412,0.51744,4.85266,0.93364,-1.18836,-2.677,0.10104,0.15377,0.04701,0.20505,-0.09774,-0.16855,-0.0576,-0.11613,0.13142,0.0264,0.13742,-0.10035,-0.07845,-0.06383,-0.00467
89.18,0.09022,0.01787,-0.01198,-0.08717,0,-0.02059,-0.17108,0.05499,0.37468,0.37614,0.17675,-0.4094,0.68557,-0.03396,-3.63194,3.46585,7.5807,-6.76293,-2.18169,0.78551,0.62532,5.19706,1.24074,-3.26602,-3.03139,0.26284,0.16908,0.04671,0.198,-0.11509,-0.15495,-0.06129,-0.10257,0.13475,0.02521,0.07626,-0.1018,-0.0788,-0.0319,0.05534
89.2,0.09621,0.01655,-0.0107,-0.09174,0,-0.02214,-0.13893,0.05372,0.37194,0.12997,0.23529,-0.41129,1.05915,-0.17228,-3.87662,3.86169,9.13217,-6.49353,-2.78117,1.22213,0.72626,5.48255,1.62608,-5.24507,-3.45849,0.41734,0.18566,0.04571,0.18425,-0.13375,-0.13986,-0.05871,-0.08659,0.1439,0.02313,0.00028,-0.11022,-0.08108,0.00141,0.1222
89.22,0.10347,0.01565,-0.00854,-0.09126,0,-0.02392,-0.11842,0.05381,0.35359,-0.07642,0.28434,-0.39512,1.38607,-0.34257,-4.0401,4.25226,10.76694,-6.17435,-3.35873,1.63167,0.82444,5.69927,2.09176,-7.04359,-3.94987,0.55799,0.20416,0.04425,0.16637,-0.15447,-0.12424,-0.05051,-0.07014,0.15921,0.02034,-0.08426,-0.12612,-0.08465,0.03409,0.19115
89.24,0.11205,0.01523,-0.00551,-0.08682,0,-0.02597,-0.11205,0.05645,0.32247,-0.22917,0.32095,-0.36417,1.65387,-0.54077,-4.1137,4.63523,12.44419,-5.83,-3.88555,1.99307,0.92627,5.83671,2.63348,-8.60046,-4.48344,0.67966,0.22482,0.04257,0.14701,-0.17741,-0.10918,-0.03798,-0.05518,0.18028,0.01714,-0.1698,-0.14895,-0.08877,0.06396,0.25661
89.26,0.12185,0.01527,-0.00167,-0.07968,0,-0.02827,-0.1218,0.06263,0.28204,-0.31563,0.3423,-0.32224,1.85112,-0.76077,-4.09351,5.00668,14.11419,-5.48088,-4.33237,2.28373,1.04014,5.88252,3.24041,-9.8775,-5.02574,0.77882,0.24747,0.0409,0.1286,-0.20208,-0.09579,-0.02282,-0.04352,0.20605,0.01378,-0.24857,-0.17719,-0.09276,0.0889,0.313
89.28,0.1327,0.01575,0.00289,-0.07107,0,-0.03072,-0.149,0.0731,0.23608,-0.32482,0.34588,-0.27342,1.96764,-0.99497,-3.97996,5.36094,15.71958,-5.14169,-4.67187,2.47995,1.17591,5.82198,3.89571,-10.8595,-5.53547,0.85367,0.27151,0.03934,0.11308,-0.22741,-0.08505,-0.00681,-0.03648,0.23504,0.0105,-0.3138,-0.20865,-0.09609,0.10719,0.3556
89.3,0.14437,0.01658,0.00807,-0.06199,0,-0.03315,-0.19427,0.08832,0.18826,-0.24798,0.32971,-0.22189,1.99484,-1.23503,-3.77719,5.69061,17.19712,-4.82033,-4.88099,2.55795,1.34392,5.63832,4.5773,-11.55223,-5.96704,0.90406,0.296,0.0379,0.10159,-0.25192,-0.07766,0.00854,-0.03475,0.26553,0.00738,-0.36066,-0.24076,-0.09847,0.11772,0.3813
89.32,0.15657,0.01767,0.01376,-0.05305,0,-0.03535,-0.25737,0.10836,0.14188,-0.07945,0.29262,-0.17175,1.92624,-1.4726,-3.49213,5.98666,18.47929,-4.51712,-4.94284,2.49542,1.5538,5.31425,5.25902,-11.97813,-6.27319,0.93136,0.31975,0.03644,0.09434,-0.27382,-0.07398,0.02211,-0.0382,0.29579,0.00439,-0.38691,-0.27093,-0.0999,0.12012,0.38896
89.34,0.16903,0.01892,0.01989,-0.04441,0,-0.03706,-0.33705,0.13295,0.09958,0.18243,0.23453,-0.12679,1.75824,-1.70004,-3.13319,6.23862,19.49569,-4.22437,-4.84786,2.27366,1.81283,4.83453,5.91181,-12.16995,-6.40602,0.9381,0.34144,0.0347,0.09051,-0.2912,-0.07397,0.03333,-0.04585,0.32426,0.00137,-0.39287,-0.29674,-0.1006,0.11476,0.37937
89.36,0.18143,0.02021,0.02634,-0.03579,0,-0.03801,-0.43093,0.16142,0.06307,0.53423,0.15664,-0.09021,1.49081,-1.91118,-2.70895,6.43497,20.17519,-3.92645,-4.59451,1.88022,2.1243,4.18932,6.50516,-12.16314,-6.31681,0.92754,0.35966,0.03234,0.08832,-0.30217,-0.07723,0.04208,-0.05596,0.34966,-0.00194,-0.38104,-0.3162,-0.10089,0.10263,0.35484
89.38,0.19349,0.02142,0.03304,-0.02653,0,-0.03796,-0.5354,0.19273,0.03301,0.96649,0.06166,-0.06436,1.12842,-2.10188,-2.22693,6.56377,20.4493,-3.6008,-4.18945,1.3117,2.48594,3.37787,7.00888,-11.98848,-5.95514,0.9032,0.3731,0.02898,0.0852,-0.30503,-0.08308,0.04859,-0.0662,0.37101,-0.00577,-0.35535,-0.32784,-0.10107,0.08513,0.3186
89.4,0.20492,0.02247,0.03986,-0.01569,0,-0.03671,-0.6456,0.22554,0.00894,1.46304,-0.04623,-0.05049,0.68066,-2.27039,-1.69278,6.61351,20.25715,-3.21993,-3.64745,0.57627,2.88889,2.4115,7.39497,-11.6658,-5.26797,0.86847,0.38057,0.02427,0.07809,-0.29841,-0.09064,0.05328,-0.07394,0.38771,-0.01032,-0.32042,-0.33085,-0.10133,0.06387,0.27418
89.42,0.21541,0.02324,0.04666,-0.00224,0,-0.03413,-0.75549,0.25823,-0.0106,2.00093,-0.16148,-0.04857,0.16247,-2.41739,-1.10983,6.5738,19.55135,-2.7547,-2.99078,-0.30467,3.31747,1.31517,7.63938,-11.19953,-4.19918,0.82621,0.38114,0.01797,0.06396,-0.28141,-0.09891,0.05662,-0.07667,0.39947,-0.01571,-0.28084,-0.32499,-0.10167,0.0405,0.22487
89.44,0.22462,0.02366,0.05325,0.01476,0,-0.03016,-0.8581,0.28897,-0.02783,2.55106,-0.27755,-0.05726,-0.40618,-2.5455,-0.47906,6.43596,18.3043,-2.17831,-2.24784,-1.29618,3.74974,0.12675,7.72344,-10.57636,-2.68991,0.77842,0.37411,0.00994,0.04029,-0.25369,-0.10691,0.05901,-0.07244,0.40617,-0.02193,-0.24065,-0.31057,-0.10195,0.01656,0.17347
89.46,0.23211,0.02366,0.0594,0.03601,0,-0.02478,-0.94589,0.31585,-0.0453,3.07976,-0.38752,-0.074,-1.00136,-2.65853,0.20049,6.19339,16.51436,-1.47079,-1.4514,-2.35089,4.15906,-1.10569,7.63505,-9.76547,-0.68056,0.72599,0.35911,0.0002,0.00574,-0.21553,-0.11372,0.06073,-0.0603,0.40776,-0.02888,-0.20306,-0.28828,-0.10196,-0.00657,0.12211
89.48,0.23736,0.02318,0.06487,0.06175,0,-0.01804,-1.01129,0.33701,-0.06548,3.55091,-0.48468,-0.09518,-1.59656,-2.76055,0.93094,5.84215,14.21166,-0.62291,-0.63659,-3.4114,4.51645,-2.3281,7.36972,-8.72177,1.88493,0.66863,0.33607,-0.01103,-0.03944,-0.16792,-0.11856,0.06189,-0.04069,0.40413,-0.03637,-0.17031,-0.25902,-0.10147,-0.02772,0.07234
89.5,0.23977,0.02217,0.06934,0.09168,0,-0.01003,-1.0473,0.35076,-0.09028,3.92882,-0.56325,-0.11658,-2.1645,-2.85491,1.71423,5.38157,11.46174,0.36155,0.1611,-4.41382,4.79333,-3.48542,6.93127,-7.39225,5.05177,0.60481,0.30528,-0.02336,-0.0931,-0.11253,-0.12084,0.06245,-0.01555,0.39502,-0.04417,-0.1437,-0.22387,-0.10036,-0.04594,0.02525
89.52,0.23868,0.02063,0.07251,0.12487,0,-0.00089,-1.04814,0.35574,-0.12062,4.18116,-0.61881,-0.13387,-2.6789,-2.94324,2.55044,4.81478,8.36526,1.46608,0.90749,-5.29225,4.96443,-4.52666,6.33159,-5.72508,8.84393,0.53198,0.26738,-0.03622,-0.15131,-0.05167,-0.12019,0.06223,0.01187,0.38012,-0.05199,-0.12369,-0.18396,-0.09861,-0.06049,-0.01828
89.54,0.23346,0.01856,0.07409,0.1598,0,0.00916,-1.00987,0.35107,-0.15611,4.28206,-0.64868,-0.14326,-3.11637,-3.02456,3.43582,4.14887,5.05256,2.66465,1.5714,-5.98409,5.01036,-5.40987,5.58932,-3.68093,13.25106,0.44687,0.22343,-0.04891,-0.2089,0.01177,-0.1164,0.06101,0.03753,0.35903,-0.0595,-0.11009,-0.14053,-0.09627,-0.07085,-0.05746
89.56,0.22358,0.01598,0.0738,0.19445,0,0.01979,-0.93083,0.33645,-0.19492,4.215,-0.65205,-0.14218,-3.45813,-3.0946,4.36106,3.39472,1.67396,3.92723,2.12595,-6.43591,4.92,-6.10675,4.72771,-1.24573,18.21425,0.34587,0.17482,-0.06067,-0.26026,0.07455,-0.10946,0.0585,0.0574,0.33149,-0.06634,-0.10225,-0.09494,-0.09335,-0.07674,-0.09139
89.58,0.20873,0.01295,0.07144,0.22648,0,0.03059,-0.81212,0.31225,-0.23377,3.97527,-0.62996,-0.12984,-3.69152,-3.14545,5.30999,2.56646,-1.61174,5.22594,2.54982,-6.6092,4.69222,-6.60665,3.77217,1.55642,23.61221,0.22559,0.12331,-0.07069,-0.30031,0.13328,-0.09945,0.0545,0.06828,0.29752,-0.07213,-0.09923,-0.04874,-0.08973,-0.07814,-0.11905
89.6,0.18889,0.00953,0.06691,0.2534,0,0.04102,-0.65772,0.27952,-0.26825,3.57133,-0.58519,-0.10747,-3.81087,-3.16592,6.25923,1.68073,-4.64822,6.53998,2.82788,-6.48499,4.33683,-6.91927,2.74815,4.65188,29.25046,0.08344,0.07092,-0.07825,-0.32525,0.18469,-0.08653,0.04885,0.06853,0.2575,-0.07641,-0.09988,-0.00364,-0.08509,-0.07527,-0.13931
89.62,0.16436,0.00584,0.06017,0.27282,0,0.05046,-0.47428,0.23987,-0.29333,3.02455,-0.52191,-0.07813,-3.81728,-3.14226,7.17901,0.75532,-7.29019,7.8577,2.95136,-6.06628,3.87402,-7.07539,1.67928,7.91009,34.8557,-0.08177,0.0198,-0.08271,-0.33315,0.22588,-0.07092,0.04154,0.05837,0.21227,-0.07874,-0.10299,0.03855,-0.07888,-0.0686,-0.15104
89.64,0.13575,0.00197,0.05131,0.28261,0,0.05826,-0.27059,0.19535,-0.30413,2.3669,-0.44531,-0.04603,-3.7174,-3.05956,8.03526,-0.1927,-9.40929,9.17511,2.91728,-5.37758,3.33217,-7.12508,0.58606,11.14227,40.07851,-0.26925,-0.02792,-0.08363,-0.32398,0.25461,-0.05286,0.03267,0.03978,0.16304,-0.07867,-0.10721,0.07605,-0.07047,-0.05876,-0.15341
89.66,0.10392,-0.00197,0.04051,0.28111,0,0.06383,-0.05658,0.14809,-0.29691,1.6372,-0.36093,-0.01548,-3.52139,-2.90346,8.79292,-1.14924,-10.89837,10.49152,2.72767,-4.46206,2.74422,-7.13364,-0.51509,14.10814,44.50701,-0.47585,-0.07041,-0.08075,-0.29933,0.26948,-0.03263,0.02247,0.0161,0.11122,-0.07581,-0.11109,0.10736,-0.05919,-0.04652,-0.14609
89.68,0.06982,-0.00587,0.02803,0.26735,0,0.06669,0.15766,0.10002,-0.26985,0.87667,-0.27416,0.01019,-3.24079,-2.66218,9.4202,-2.10512,-11.67561,11.80353,2.38896,-3.37698,2.14347,-7.17581,-1.61219,16.53189,47.69385,-0.69574,-0.10631,-0.07405,-0.26194,0.27018,-0.01051,0.01127,-0.00876,0.05824,-0.06984,-0.113,0.13148,-0.04461,-0.03263,-0.12958
89.7,0.03451,-0.00965,0.01417,0.24112,0,0.06658,0.36286,0.05265,-0.22372,0.12478,-0.18967,0.02957,-2.8868,-2.32832,9.89279,-3.05711,-11.68982,13.09877,1.91192,-2.18827,1.55929,-7.32842,-2.69756,18.12832,49.1969,-0.92045,-0.13491,-0.06377,-0.21519,0.25751,0.01316,-0.00051,-0.03093,0.0054,-0.06064,-0.11123,0.14807,-0.0266,-0.01783,-0.10531
89.72,-0.00103,-0.01324,-0.0007,0.20312,0,0.06347,0.55119,0.00691,-0.16189,-0.58389,-0.11105,0.04351,-2.46941,-1.90026,10.19731,-4.00733,-10.9272,14.35041,1.31221,-0.96457,1.01349,-7.66178,-3.76689,18.63874,48.63239,-1.13913,-0.15625,-0.05037,-0.1626,0.23339,0.038,-0.01243,-0.04717,-0.04624,-0.04823,-0.10407,0.15752,-0.00543,-0.00274,-0.07563
89.74,-0.03585,-0.0166,-0.0162,0.15495,0,0.05759,0.71664,-0.03687,-0.08993,-1.22148,-0.04051,0.05494,-1.99733,-1.38266,10.33334,-4.96121,-9.41954,15.51332,0.61161,0.22888,0.51753,-8.23008,-4.81794,17.87432,45.73696,-1.33922,-0.17095,-0.0345,-0.10759,0.20058,0.06353,-0.02404,-0.05527,-0.09583,-0.03286,-0.09009,0.16078,0.01825,0.01209,-0.04361
89.76,-0.0691,-0.01969,-0.03192,0.099,0,0.04938,0.85502,-0.07888,-0.01465,-1.76763,0.0212,0.06817,-1.47878,-0.78621,10.31407,-5.92412,-7.25295,16.52274,-0.16047,1.33605,0.07091,-9.06204,-5.84887,15.76113,40.43248,-1.5074,-0.18014,-0.01695,-0.05324,0.16233,0.08923,-0.03492,-0.05411,-0.14261,-0.01495,-0.06838,0.15917,0.04354,0.02621,-0.01256
89.78,-0.10003,-0.02249,-0.04744,0.03832,0,0.03942,0.96384,-0.11963,0.05711,-2.20922,0.07471,0.08782,-0.92265,-0.12683,10.1661,-6.89769,-4.57504,17.29592,-0.96549,2.31485,-0.33895,-10.15342,-6.85659,12.37739,32.88322,-1.63077,-0.18514,0.00146,-0.00229,0.122,0.11447,-0.04473,-0.04365,-0.18589,0.00489,-0.03886,0.15407,0.06942,0.03926,0.01444
89.8,-0.12797,-0.02498,-0.06238,-0.02363,0,0.02839,1.04201,-0.15973,0.11954,-2.53963,0.12182,0.11783,-0.33983,0.57559,9.92801,-7.87648,-1.59779,17.73678,-1.75501,3.13973,-0.73499,-11.46317,-7.83509,7.9707,23.50085,-1.69797,-0.18728,0.0199,0.04294,0.08264,0.13859,-0.05323,-0.02484,-0.22486,0.02593,-0.00246,0.14665,0.09493,0.05089,0.03497
89.82,-0.15235,-0.02715,-0.07637,-0.0832,0,0.01699,1.08957,-0.19971,0.16868,-2.75747,0.16505,0.16058,0.25595,1.29876,9.64756,-8.84554,1.40774,17.74316,-2.47118,3.80146,-1.14674,-12.91466,-8.77379,2.94448,12.83572,-1.70014,-0.18769,0.03763,0.08058,0.0467,0.16089,-0.06026,0.00062,-0.2586,0.04735,0.03888,0.13769,0.11924,0.06082,0.04758
89.84,-0.17268,-0.02897,-0.08906,-0.13696,0,0.00587,1.10729,-0.23982,0.20284,-2.86513,0.20711,0.21642,0.84799,2.01975,9.37708,-9.77929,4.12675,17.21614,-3.04914,4.30409,-1.60472,-14.40244,-9.65605,-2.18964,1.41495,-1.63148,-0.18714,0.05405,0.10932,0.01583,0.18069,-0.0658,0.03046,-0.28609,0.0683,0.0824,0.12752,0.14171,0.06884,0.05193
89.86,-0.18856,-0.03043,-0.1002,-0.18198,0,-0.00438,1.0964,-0.27987,0.22256,-2.86749,0.2503,0.28358,1.41721,2.71697,9.16765,-10.64198,6.22639,16.07073,-3.4215,4.65986,-2.13374,-15.80368,-10.45813,-6.88565,-10.31672,-1.48953,-0.18596,0.06871,0.12859,-0.00922,0.1974,-0.06989,0.06197,-0.3063,0.08792,0.12489,0.11605,0.16191,0.0748,0.04869
89.88,-0.19972,-0.03151,-0.10955,-0.21623,0,-0.01331,1.05838,-0.31917,0.23027,-2.77083,0.29595,0.35837,1.9434,3.37177,9.06271,-11.38969,7.38933,14.2472,-3.52512,4.88361,-2.74662,-16.9923,-11.14895,-10.64623,-21.9263,-1.27515,-0.18404,0.08137,0.13868,-0.02855,0.21054,-0.07266,0.09227,-0.31837,0.10549,0.16314,0.10288,0.17948,0.0787,0.03939
89.9,-0.20603,-0.0322,-0.11699,-0.23879,0,-0.02062,0.99491,-0.35658,0.22971,-2.58228,0.34416,0.43564,2.40678,3.96942,9.09181,-11.97342,7.35208,11.72091,-3.30947,4.98796,-3.43961,-17.85289,-11.69083,-13.09465,-32.89949,-0.99218,-0.18087,0.09195,0.14082,-0.04306,0.21983,-0.07426,0.11842,-0.32169,0.12037,0.19436,0.08744,0.19417,0.08068,0.02613
89.92,-0.20747,-0.0325,-0.12242,-0.24987,0,-0.02616,0.90783,-0.3906,0.22524,-2.30966,0.39379,0.50944,2.7896,4.49894,9.26495,-12.34272,5.94407,8.50847,-2.74632,4.98053,-4.19087,-18.29159,-12.04093,-14.01849,-42.63334,-0.64683,-0.17558,0.10054,0.13716,-0.05425,0.22513,-0.07485,0.13766,-0.31601,0.1321,0.2165,0.06917,0.20571,0.08104,0.01133
89.94,-0.20413,-0.03239,-0.12582,-0.2507,0,-0.02992,0.7992,-0.41956,0.22105,-1.9617,0.44285,0.57374,3.07766,4.95192,9.5679,-12.44946,3.12339,4.66895,-1.83936,4.8635,-4.9625,-18.24244,-12.15346,-13.37808,-50.54176,-0.24674,-0.1671,0.10732,0.13046,-0.06402,0.22644,-0.07458,0.14761,-0.30144,0.14038,0.22833,0.04758,0.21377,0.08016,-0.00256
89.96,-0.19619,-0.03184,-0.12716,-0.24325,0,-0.03202,0.6714,-0.44188,0.22045,-1.54848,0.48909,0.62324,3.26177,5.32066,9.95943,-12.25184,-0.99576,0.30082,-0.63246,4.63546,-5.70566,-17.66985,-11.9829,-11.28392,-56.18349,0.20009,-0.15425,0.11251,0.12382,-0.07441,0.22383,-0.07351,0.1465,-0.27839,0.14504,0.22945,0.02236,0.21794,0.0785,-0.0133
89.98,-0.18387,-0.03081,-0.12643,-0.22987,0,-0.03269,0.52726,-0.45627,0.22522,-1.08223,0.5307,0.65402,3.3392,5.59639,10.37123,-11.7186,-6.1306,-4.46363,0.78583,4.29496,-6.3675,-16.56841,-11.48839,-7.95579,-59.31855,0.68608,-0.13592,0.11628,0.12017,-0.08734,0.21734,-0.07161,0.13337,-0.24752,0.14603,0.22022,-0.00657,0.21773,0.07647,-0.01906
90,-0.16744,-0.02921,-0.12356,-0.21301,0,-0.03222,0.37024,-0.46195,0.23525,-0.57799,0.56677,0.66414,3.3147,5.76835,10.71176,-10.83304,-11.84016,-9.46441,2.28418,3.84462,-6.89813,-14.96103,-10.63889,-3.67779,-59.89967,1.20433,-0.11124,0.11873,0.12193,-0.10432,0.2069,-0.06875,0.10828,-0.20969,0.14339,0.20163,-0.03896,0.21256,0.07434,-0.0186
90.02,-0.1472,-0.02695,-0.11846,-0.19496,0,-0.03097,0.20462,-0.45868,0.2485,-0.05421,0.59735,0.65373,3.20118,5.82389,10.87422,-9.59593,-17.56528,-14.51957,3.69913,3.29463,-7.25618,-12.89548,-9.41848,1.23957,-58.04073,1.74797,-0.07974,0.11982,0.13075,-0.12621,0.19229,-0.06467,0.07236,-0.16597,0.13724,0.17531,-0.07419,0.20181,0.07222,-0.01137
90.04,-0.12354,-0.02387,-0.11101,-0.17779,0,-0.02935,0.0356,-0.44661,0.26124,0.46716,0.62314,0.6249,3.01951,5.74991,10.74852,-8.02697,-22.69844,-19.43072,4.8549,2.66507,-7.41202,-10.43947,-7.83105,6.48463,-53.97882,2.30873,-0.04146,0.11939,0.1473,-0.15306,0.1731,-0.05895,0.02785,-0.1177,0.1278,0.14345,-0.11112,0.18487,0.07,0.00247
90.06,-0.09697,-0.01984,-0.10107,-0.16332,0,-0.02778,-0.13072,-0.42608,0.26868,0.96119,0.64471,0.58115,2.79765,5.53535,10.23613,-6.16473,-26.67379,-23.98906,5.58979,1.98656,-7.34891,-7.67506,-5.90394,11.75721,-48.0356,2.87504,0.00286,0.11716,0.17135,-0.18397,0.14872,-0.05111,-0.02208,-0.06659,0.11535,0.10885,-0.14807,0.16114,0.06734,0.02205
90.08,-0.06814,-0.01471,-0.08854,-0.15318,0,-0.0267,-0.28746,-0.39737,0.26575,1.40092,0.66176,0.52677,2.56899,5.17446,9.26547,-4.06588,-29.05851,-27.98272,5.78392,1.29952,-7.06287,-4.6935,-3.69039,16.77225,-40.58405,3.43006,0.05177,0.11281,0.2018,-0.21702,0.11842,-0.04057,-0.07349,-0.01474,0.10025,0.07493,-0.18276,0.13016,0.06371,0.04585
90.1,-0.03791,-0.00837,-0.07339,-0.1488,0,-0.02652,-0.42719,-0.36052,0.24794,1.75889,0.67258,0.4661,2.37006,4.66966,7.8046,-1.80383,-29.62231,-31.20567,5.38181,0.65187,-6.56165,-1.59125,-1.26978,21.25964,-32.02363,3.95047,0.10309,0.106,0.23687,-0.24933,0.08147,-0.02681,-0.12199,0.03527,0.08299,0.04555,-0.21242,0.0917,0.05844,0.07186
90.12,-0.00735,-0.00076,-0.05569,-0.15141,0,-0.02759,-0.54236,-0.31538,0.21212,2.00912,0.67393,0.40289,2.23724,4.0335,5.86823,0.5335,-28.36525,-33.4678,4.40386,0.09542,-5.86321,1.53269,1.25514,24.96497,-22.76376,4.40615,0.15389,0.09645,0.27422,-0.27725,0.03733,-0.00947,-0.16309,0.08054,0.0641,0.02478,-0.23395,0.04593,0.05083,0.09771
90.14,0.0223,0.00805,-0.03569,-0.16185,0,-0.03014,-0.62586,-0.26168,0.15716,2.12939,0.66146,0.33982,2.2027,3.28877,3.51726,2.84717,-25.49645,-34.6065,2.94422,-0.31929,-4.99377,4.57885,3.76487,27.65466,-13.2132,4.76137,0.20076,0.08399,0.31112,-0.29664,-0.01418,0.01155,-0.19259,0.11801,0.04424,0.0164,-0.2443,-0.00648,0.04028,0.12094
90.16,0.04966,0.01788,-0.01383,-0.18034,0,-0.03423,-0.67172,-0.19939,0.08441,2.10383,0.6306,0.27813,2.28978,2.46708,0.85174,5.03211,-21.37276,-34.49985,1.15624,-0.54901,-3.9858,7.44922,6.13291,29.12709,-3.77281,4.97738,0.23997,0.0686,0.3446,-0.30333,-0.07255,0.03586,-0.20706,0.1448,0.02407,0.02332,-0.24084,-0.06417,0.02641,0.13923
90.18,0.07332,0.0284,0.00923,-0.20626,0,-0.03971,-0.67582,-0.12901,-0.00223,1.92533,0.57762,0.21757,2.50863,1.60637,-2.00055,6.98345,-16.41824,-33.08133,-0.77001,-0.56391,-2.87629,10.04962,8.23713,29.22896,5.17048,5.01638,0.26782,0.05047,0.37163,-0.29355,-0.13647,0.06255,-0.20421,0.15857,0.00429,0.04695,-0.22188,-0.12503,0.00921,0.15066
90.2,0.09197,0.03912,0.03264,-0.23793,0,-0.04616,-0.63654,-0.05184,-0.0964,1.59741,0.50067,0.15648,2.85277,0.74776,-4.89719,8.60363,-11.04816,-30.35365,-2.63329,-0.35282,-1.70544,12.29292,9.97076,27.87393,13.25157,4.84627,0.28101,0.02996,0.38924,-0.26451,-0.20368,0.09009,-0.18326,0.15787,-0.01447,0.08674,-0.18703,-0.1862,-0.01088,0.15391
90.22,0.10446,0.04941,0.05536,-0.2726,0,-0.05292,-0.55518,0.02984,-0.18995,1.13491,0.40028,0.0923,3.2976,-0.06775,-7.69408,9.81019,-5.61593,-26.39811,-4.24545,0.0735,-0.51564,14.10308,11.25098,25.0591,20.13938,4.44572,0.27701,0.00767,0.39482,-0.21483,-0.27096,0.11649,-0.14512,0.14241,-0.03163,0.13998,-0.13743,-0.2442,-0.03298,0.14838
90.24,0.10996,0.05857,0.07629,-0.30649,0,-0.05917,-0.43603,0.11288,-0.27386,0.5633,0.2795,0.02223,3.80089,-0.8028,-10.25706,10.5435,-0.3909,-21.3771,-5.45202,0.6817,0.64956,15.42017,12.02449,20.87634,25.5551,3.80872,0.25437,-0.01564,0.38627,-0.14488,-0.33437,0.13949,-0.09236,0.11315,-0.04673,0.20195,-0.0757,-0.29522,-0.05577,0.1342
90.26,0.10804,0.0659,0.09429,-0.33517,0,-0.06395,-0.28609,0.19354,-0.33952,-0.08336,0.14341,-0.05601,4.30575,-1.42691,-12.47208,10.77409,4.43569,-15.5293,-6.14777,1.41766,1.74661,16.2063,12.27006,15.5166,29.29517,2.94827,0.21303,-0.03908,0.36223,-0.05701,-0.38954,0.15686,-0.02905,0.07227,-0.05945,0.26641,-0.0058,-0.33549,-0.07773,0.11213
90.28,0.09876,0.07074,0.10839,-0.35387,0,-0.06634,-0.11462,0.26786,-0.38004,-0.76535,-0.00155,-0.14328,4.7456,-1.91927,-14.25309,10.50837,8.72758,-9.15836,-6.28637,2.21075,2.7335,16.45156,11.99876,9.26636,31.25474,1.89851,0.15449,-0.06167,0.32235,0.04445,-0.43216,0.16679,0.03964,0.02302,-0.06962,0.32627,0.06742,-0.36177,-0.09724,0.08343
90.3,0.0827,0.07263,0.11784,-0.35809,0,-0.06555,0.06757,0.33212,-0.39137,-1.44061,-0.1484,-0.23847,5.05075,-2.27046,-15.54712,9.79074,12.37695,-2.61543,-5.8832,2.9799,3.57139,16.17833,11.25189,2.49417,31.44433,0.7143,0.08186,-0.08245,0.26739,0.15334,-0.4584,0.16815,0.10785,-0.03056,-0.07722,0.37442,0.13869,-0.37174,-0.11282,0.04969
90.32,0.06093,0.07128,0.12219,-0.34405,0,-0.06103,0.24897,0.38318,-0.37283,-2.0683,-0.29021,-0.33817,5.15608,-2.48268,-16.33523,8.70027,15.28601,3.72564,-5.01022,3.64139,4.22655,15.44189,10.09635,-4.37528,29.99276,-0.5325,-0.00033,-0.10054,0.19928,0.26214,-0.4654,0.16067,0.16954,-0.08399,-0.0824,0.4045,0.20278,-0.36429,-0.12331,0.0127
90.34,0.03494,0.06668,0.1214,-0.3092,0,-0.05253,0.41836,0.41871,-0.32719,-2.61205,-0.42056,-0.43688,5.00937,-2.56843,-16.62954,7.34119,17.36331,9.49996,-3.78303,4.11779,4.67247,14.32632,8.61725,-10.90006,27.13324,-1.76045,-0.08653,-0.11521,0.12103,0.36272,-0.45151,0.14494,0.21913,-0.13284,-0.08542,0.41164,0.25511,-0.33964,-0.128,-0.02573
90.36,0.00652,0.05905,0.11574,-0.25264,0,-0.04013,0.56587,0.43743,-0.26014,-3.04318,-0.53379,-0.52748,4.57933,-2.54789,-16.46723,5.82886,18.53462,14.38774,-2.34243,4.34738,4.89211,12.93646,6.90901,-16.66866,23.1756,-2.88859,-0.17075,-0.12591,0.03642,0.44723,-0.4166,0.12223,0.25205,-0.17316,-0.08663,0.39302,0.2922,-0.29926,-0.12673,-0.06386
90.38,-0.02248,0.04882,0.10588,-0.1754,0,-0.02429,0.68394,0.43911,-0.17942,-3.34318,-0.62506,-0.60213,3.86246,-2.44584,-15.90365,4.27421,18.76258,18.1487,-0.8341,4.29274,4.88007,11.38785,5.06623,-21.34793,18.47177,-3.84703,-0.24722,-0.13236,-0.05027,0.5091,-0.36212,0.09431,0.26528,-0.20202,-0.08641,0.34823,0.31207,-0.24578,-0.11992,-0.10011
90.4,-0.05026,0.03663,0.09274,-0.08051,0,-0.0058,0.7681,0.42455,-0.09377,-3.50528,-0.69051,-0.6532,2.88714,-2.28851,-15.00568,2.77044,18.06639,20.64764,0.6097,3.9467,4.64405,9.7963,3.17615,-24.72064,13.38157,-4.58566,-0.31106,-0.13455,-0.13473,0.54387,-0.29116,0.06316,0.25776,-0.21776,-0.08517,0.27941,0.3145,-0.18271,-0.10855,-0.13314
90.42,-0.0752,0.02325,0.07748,0.02719,0,0.01429,0.81718,0.39549,-0.01194,-3.53451,-0.72724,-0.67419,1.71332,-2.10084,-13.84589,1.3842,16.53284,21.86427,1.88316,3.33413,4.205,8.26803,1.31322,-26.70331,8.24371,-5.07881,-0.35867,-0.13278,-0.21293,0.54972,-0.20821,0.03077,0.23048,-0.22015,-0.08324,0.19102,0.30099,-0.1142,-0.09409,-0.16185
90.44,-0.09603,0.00956,0.06132,0.14154,0,0.03473,0.83319,0.35437,0.05825,-3.44613,-0.73346,-0.66052,0.4272,-1.90445,-12.49749,0.15273,14.31433,21.88522,2.91371,2.50877,3.59556,6.89111,-0.46368,-27.34097,3.354,-5.325,-0.38805,-0.12754,-0.2816,0.52753,-0.11885,-0.00096,0.18637,-0.21027,-0.08092,0.08922,0.27445,-0.04476,-0.07828,-0.18535
90.46,-0.11179,-0.00355,0.0455,0.25581,0,0.05424,0.82069,0.30403,0.11069,-3.2628,-0.70866,-0.61019,-0.86848,-1.71623,-11.0305,-0.91382,11.61435,20.88138,3.66288,1.54574,2.85722,5.72854,-2.1119,-26.78276,-1.04898,-5.34267,-0.39877,-0.11954,-0.33845,0.48065,-0.02927,-0.03033,0.1299,-0.19017,-0.0784,-0.01895,0.23874,0.02106,-0.06291,-0.20301
90.48,-0.12197,-0.01522,0.03107,0.36349,0,0.07163,0.78592,0.24745,0.14151,-3.01103,-0.65387,-0.52426,-2.06662,-1.54761,-9.50929,-1.82624,8.66527,19.07742,4.12284,0.53152,2.03681,4.81403,-3.60371,-25.24702,-4.79165,-5.16372,-0.39192,-0.10953,-0.38247,0.41434,0.05434,-0.05589,0.06651,-0.16248,-0.07582,-0.12653,0.19805,0.07901,-0.04963,-0.21439
90.5,-0.1264,-0.0247,0.01886,0.45902,0,0.08588,0.7359,0.18751,0.14929,-2.71765,-0.57191,-0.407,-3.06832,-1.40442,-7.99125,-2.60816,5.70364,16.72058,4.31064,-0.44687,1.18315,4.15127,-4.92351,-22.98476,-7.76751,-4.82674,-0.36981,-0.0983,-0.41395,0.33509,0.1263,-0.0764,0.00201,-0.13001,-0.07318,-0.2274,0.15638,0.12543,-0.0397,-0.21924
90.52,-0.1253,-0.03139,0.00936,0.53822,0,0.09627,0.67751,0.12685,0.13491,-2.40656,-0.46757,-0.26585,-3.79413,-1.28723,-6.52612,-3.28754,2.94718,14.05352,4.26125,-1.31198,0.34414,3.71687,-6.06383,-20.24811,-9.93446,-4.37148,-0.33564,-0.08655,-0.43433,0.24992,0.18195,-0.09088,-0.05799,-0.09535,-0.07042,-0.31678,0.11705,0.15745,-0.0339,-0.21759
90.54,-0.11915,-0.03488,0.00276,0.59847,0,0.10238,0.61664,0.06776,0.10109,-2.09605,-0.34761,-0.11092,-4.19264,-1.19197,-5.15523,-3.88897,0.5757,11.2938,4.02059,-2.00443,-0.43555,3.46703,-7.02073,-17.2668,-11.30853,-3.83514,-0.29302,-0.07487,-0.44576,0.16552,0.21795,-0.09861,-0.10865,-0.06072,-0.0674,-0.39137,0.08248,0.17326,-0.03246,-0.20975
90.56,-0.10866,-0.03501,-0.00106,0.63855,0,0.1041,0.55755,0.01226,0.0516,-1.79678,-0.22066,0.04578,-4.24635,-1.11084,-3.91078,-4.42748,-1.28287,8.62079,3.63913,-2.48939,-1.11621,3.34665,-7.78915,-14.23382,-11.9554,-3.25078,-0.24555,-0.06366,-0.45058,0.08759,0.23261,-0.09918,-0.14632,-0.02779,-0.06391,-0.44918,0.05408,0.17217,-0.03512,-0.19635
90.58,-0.09463,-0.03185,-0.00246,0.65839,0,0.10158,0.50232,-0.03795,-0.00946,-1.5108,-0.09675,0.1913,-3.97442,-1.03342,-2.81521,-4.90428,-2.56093,6.16937,3.16676,-2.7605,-1.66454,3.29928,-8.35911,-11.29947,-11.9806,-2.64716,-0.19631,-0.05313,-0.45076,0.02024,0.22594,-0.09252,-0.16886,0.00231,-0.05973,-0.4892,0.03229,0.15478,-0.04122,-0.17842
90.6,-0.07789,-0.02573,-0.00197,0.65873,0,0.0952,0.45071,-0.08137,-0.07828,-1.23147,0.01327,0.31281,-3.43196,-0.94804,-1.88119,-5.30483,-3.25334,4.0293,2.64898,-2.8408,-2.05466,3.27583,-8.71314,-8.5717,-11.5189,-2.04953,-0.14759,-0.04333,-0.4474,-0.03439,0.19971,-0.07896,-0.17578,0.02895,-0.0546,-0.51108,0.01669,0.12291,-0.04982,-0.15734
90.62,-0.05927,-0.01721,-0.00022,0.64082,0,0.08552,0.40022,-0.11673,-0.15165,-0.94458,0.09859,0.39857,-2.70521,-0.84321,-1.11216,-5.59911,-3.41296,2.24889,2.12447,-2.77995,-2.26903,3.24025,-8.82532,-6.12045,-10.72223,-1.48041,-0.10072,-0.03414,-0.44058,-0.07615,0.15728,-0.0593,-0.16818,0.05193,-0.04832,-0.51485,0.00622,0.07958,-0.05977,-0.13478
90.64,-0.03952,-0.00704,0.00214,0.60619,0,0.07322,0.34642,-0.14294,-0.22686,-0.63048,0.14964,0.43886,-1.9026,-0.70913,-0.50349,-5.74427,-3.13974,0.84128,1.62386,-2.64765,-2.29912,3.17156,-8.66211,-3.98387,-9.74611,-0.95991,-0.05617,-0.02535,-0.42942,-0.10662,0.10329,-0.03478,-0.14842,0.07139,-0.04074,-0.50088,-0.00064,0.0287,-0.06987,-0.11248
90.66,-0.01927,0.00388,0.00454,0.55647,0,0.05901,0.28366,-0.15921,-0.30137,-0.26703,0.15927,0.42683,-1.14263,-0.53922,-0.04401,-5.6892,-2.56519,-0.20789,1.16933,-2.52416,-2.14594,3.06235,-8.18507,-2.17501,-8.73561,-0.50534,-0.01368,-0.01677,-0.41236,-0.12858,0.04322,-0.00706,-0.11968,0.08765,-0.03184,-0.46984,-0.00561,-0.02519,-0.07894,-0.09208
90.68,0.00093,0.0146,0.00653,0.49333,0,0.04365,0.20578,-0.16506,-0.37226,0.16691,0.12403,0.35916,-0.54045,-0.33149,0.28219,-5.38063,-1.83465,-0.93256,0.77506,-2.48917,-1.82046,2.91528,-7.35565,-0.68844,-7.8124,-0.13044,0.02736,-0.00824,-0.38764,-0.14533,-0.0171,0.02184,-0.08547,0.10118,-0.02174,-0.42289,-0.0104,-0.07733,-0.08584,-0.07481
90.7,0.02063,0.02417,0.00785,0.4185,0,0.02786,0.10706,-0.16044,-0.43585,0.68796,0.04496,0.23673,-0.1951,-0.08964,0.49404,-4.7699,-1.09005,-1.37875,0.44809,-2.61066,-1.34351,2.73858,-6.14158,0.49361,-7.06476,0.15555,0.06766,0.00025,-0.35371,-0.16007,-0.07204,0.04968,-0.04917,0.11243,-0.01074,-0.36178,-0.01649,-0.12316,-0.08961,-0.06132
90.72,0.03948,0.03177,0.0084,0.33377,0,0.01227,-0.01691,-0.1457,-0.48749,1.305,-0.07216,0.06485,-0.17916,0.17637,0.61178,-3.81946,-0.45519,-1.59819,0.18957,-2.93502,-0.74487,2.54193,-4.52413,1.39575,-6.54186,0.34856,0.10766,0.00854,-0.30965,-0.17528,-0.1166,0.07417,-0.01366,0.1218,0.00068,-0.28888,-0.02498,-0.15866,-0.08946,-0.05162
90.74,0.05718,0.03668,0.0083,0.24103,0,-0.00251,-0.16842,-0.12164,-0.52172,2.01661,-0.21732,-0.14672,-0.53165,0.45057,0.65556,-2.50877,-0.02441,-1.64313,-0.00388,-3.47935,-0.06144,2.3331,-2.50547,2.04483,-6.2526,0.45005,0.14734,0.01633,-0.25524,-0.19231,-0.14684,0.09318,0.01877,0.12952,0.01189,-0.20706,-0.03637,-0.18063,-0.08484,-0.04509
90.76,0.07349,0.03844,0.00784,0.14226,0,-0.01602,-0.34697,-0.08939,-0.5327,2.80943,-0.37737,-0.38419,-1.25435,0.71191,0.64434,-0.83907,0.14478,-1.56261,-0.13881,-4.22652,0.66538,2.11584,-0.11536,2.46623,-6.16885,0.46689,0.18612,0.02318,-0.19107,-0.21119,-0.16021,0.10499,0.04648,0.13557,0.02216,-0.11944,-0.05054,-0.18701,-0.07549,-0.04068
90.78,0.08817,0.03682,0.0074,0.03952,0,-0.02788,-0.54887,-0.05034,-0.51503,3.65759,-0.53758,-0.63047,-2.31129,0.93614,0.59508,1.1625,0.03526,-1.39988,-0.22365,-5.12339,1.3926,1.88918,2.58377,2.6811,-6.23212,0.41089,0.22276,0.02859,-0.11834,-0.23057,-0.15576,0.10856,0.06838,0.13968,0.03073,-0.02909,-0.06664,-0.177,-0.06142,-0.03708
90.8,0.101,0.03187,0.00742,-0.06498,0,-0.03785,-0.76709,-0.00606,-0.46461,4.52334,-0.68331,-0.86635,-3.63131,1.09836,0.52223,3.44016,-0.33014,-1.19108,-0.2677,-6.08294,2.07819,1.64796,5.49464,2.70448,-6.36263,0.2979,0.25551,0.03206,-0.0389,-0.24789,-0.13424,0.10366,0.08391,0.14128,0.03689,0.06112,-0.08314,-0.15118,-0.04303,-0.03297
90.82,0.11176,0.02392,0.00832,-0.16885,0,-0.04576,-0.99151,0.04173,-0.37958,5.359,-0.80163,-1.07205,-5.11369,1.17636,0.43758,5.90828,-0.89322,-0.96474,-0.28025,-6.9906,2.68288,1.38442,8.48714,2.54421,-6.46977,0.14643,0.2822,0.03319,0.04486,-0.25969,-0.09799,0.0909,0.09293,0.13962,0.04007,0.14862,-0.09797,-0.11149,-0.02101,-0.02717
90.84,0.12023,0.01356,0.01042,-0.26944,0,-0.05157,-1.20958,0.0912,-0.26107,6.11047,-0.88255,-1.22913,-6.63679,1.15438,0.35021,8.4527,-1.56891,-0.74202,-0.26998,-7.71488,3.17121,1.09067,11.40544,2.20063,-6.46307,-0.02393,0.30049,0.0317,0.12997,-0.26209,-0.05069,0.07172,0.09576,0.13386,0.03991,0.23102,-0.10869,-0.06103,0.00364,-0.01871
90.86,0.12622,0.00155,0.0139,-0.36379,0,-0.05531,-1.40743,0.14045,-0.11376,6.7219,-0.92008,-1.3226,-8.06913,1.02676,0.2667,10.93495,-2.25675,-0.5374,-0.24451,-8.12152,3.51195,0.76135,14.07977,1.66755,-6.26278,-0.1943,0.30815,0.02752,0.21283,-0.25139,0.00309,0.04808,0.09325,0.12324,0.03631,0.30588,-0.11287,-0.00383,0.0297,-0.0069
90.88,0.12957,-0.01122,0.0187,-0.44865,0,-0.05706,-1.57115,0.18745,0.05401,7.14128,-0.91274,-1.34289,-9.28168,0.80085,0.1914,13.19971,-2.85354,-0.35963,-0.21023,-8.08946,3.67846,0.39622,16.3412,0.93451,-5.80914,-0.34789,0.30337,0.02081,0.28924,-0.22462,0.05837,0.02227,0.08682,0.10722,0.02951,0.37052,-0.10837,0.05551,0.0558,0.00879
90.9,0.1302,-0.02383,0.02454,-0.52063,0,-0.05696,-1.6882,0.23019,0.23061,7.32601,-0.86357,-1.28722,-10.15988,0.49804,0.12683,15.08537,-3.26541,-0.21287,-0.17221,-7.52609,3.64925,0.00179,18.03699,-0.00891,-5.06874,-0.47051,0.28506,0.01193,0.35453,-0.18012,0.11031,-0.0034,0.07841,0.08568,0.02006,0.42183,-0.09372,0.11227,0.08058,0.02878
90.92,0.12807,-0.03541,0.03093,-0.57637,0,-0.05517,-1.74855,0.26669,0.40211,7.24761,-0.77957,-1.16001,-10.61374,0.15208,0.07403,16.43748,-3.41763,-0.09779,-0.13423,-6.37976,3.40895,-0.4085,19.04411,-1.16704,-4.03684,-0.55005,0.25303,0.00148,0.40392,-0.11791,0.15461,-0.02684,0.07039,0.05904,0.00875,0.45635,-0.06836,0.16195,0.10282,0.05351
90.94,0.12328,-0.04516,0.0372,-0.61295,0,-0.05188,-1.74568,0.29516,0.55397,6.8951,-0.67041,-0.97207,-10.58536,-0.19545,0.03291,17.12435,-3.26145,-0.01257,-0.09891,-4.64766,2.94968,-0.81571,19.27956,-2.53066,-2.73509,-0.57483,0.20816,-0.00982,0.43301,-0.0398,0.18793,-0.04635,0.06526,0.02823,-0.00344,0.47046,-0.03287,0.20068,0.12156,0.08353
90.96,0.11597,-0.05249,0.04266,-0.62822,0,-0.0473,-1.67716,0.31416,0.67316,6.27688,-0.54667,-0.73883,-10.05381,-0.50189,0.00262,17.05375,-2.778,0.04617,-0.06788,-2.37924,2.27303,-1.19825,18.70755,-4.06935,-1.20589,-0.53146,0.15238,-0.02118,0.43856,0.05063,0.2081,-0.0607,0.06522,-0.00529,-0.01554,0.46088,0.01103,0.22561,0.13626,0.11955
90.98,0.10639,-0.05701,0.04664,-0.62128,0,-0.04164,-1.545,0.32274,0.7502,5.42154,-0.41819,-0.47805,-9.03748,-0.73088,-0.01815,16.18813,-1.97962,0.08264,-0.04197,0.32473,1.39222,-1.5352,17.34363,-5.7256,0.49451,-0.4031,0.08859,-0.03185,0.41908,0.14828,0.21424,-0.06924,0.07175,-0.03963,-0.02668,0.4252,0.06047,0.23515,0.14692,0.16242
91,0.09488,-0.05855,0.04866,-0.59272,0,-0.03513,-1.35574,0.32062,0.78074,4.3773,-0.29251,-0.2076,-7.59359,-0.85855,-0.03098,14.55484,-0.90889,0.10136,-0.02137,3.31726,0.33433,-1.80934,15.25532,-7.41251,2.30183,-0.16925,0.02051,-0.04116,0.3754,0.2469,0.20683,-0.07186,0.08526,-0.07262,-0.03626,0.36245,0.11163,0.22913,0.154,0.21293
91.02,0.08185,-0.0572,0.04842,-0.54462,0,-0.02801,-1.12002,0.30814,0.76606,3.20777,-0.17418,0.05647,-5.81408,-0.87705,-0.03749,12.24754,0.36457,0.10666,-0.00587,6.41471,-0.85831,-2.00895,12.55789,-9.01718,4.14706,0.19229,-0.04756,-0.04862,0.31081,0.33955,0.18747,-0.06897,0.1049,-0.10198,-0.04395,0.27358,0.16005,0.20878,0.15842,0.27146
91.04,0.06778,-0.05322,0.04588,-0.48035,0,-0.02052,-0.85165,0.28624,0.71239,1.98085,-0.06466,0.30119,-3.81752,-0.79459,-0.03926,9.417,1.74976,0.10249,0.00508,9.41086,-2.12789,-2.1282,9.40461,-10.41006,5.95693,0.70095,-0.11109,-0.05389,0.23073,0.41918,0.15864,-0.06141,0.12858,-0.12546,-0.04972,0.1617,0.20106,0.17647,0.16123,0.33754
91.06,0.05319,-0.04702,0.0412,-0.40397,0,-0.01288,-0.56637,0.25622,0.62939,0.7552,0.03709,0.51738,-1.73779,-0.63257,-0.03766,6.25335,3.14167,0.09221,0.01213,12.09442,-3.4027,-2.16622,5.97296,-11.45939,7.65264,1.36702,-0.16569,-0.05678,0.14206,0.47927,0.12324,-0.05038,0.15315,-0.14106,-0.05371,0.03213,0.2303,0.13532,0.16335,0.40919
91.08,0.03864,-0.0391,0.03472,-0.31968,0,-0.00531,-0.28035,0.21954,0.52801,-0.42431,0.1336,0.69978,0.28848,-0.42065,-0.0339,2.96381,4.42992,0.07855,0.01605,14.26777,-4.60049,-2.12564,2.44908,-12.04774,9.1488,2.18468,-0.20755,-0.05723,0.05226,0.5144,0.08419,-0.03731,0.17482,-0.14722,-0.05614,-0.10772,0.24426,0.08876,0.16521,0.48248
91.1,0.02466,-0.02994,0.02687,-0.23122,0,0.00201,-0.00886,0.17763,0.41863,-1.52003,0.22784,0.84668,2.13412,-0.19144,-0.02894,-0.24927,5.50744,0.06362,0.01755,15.76377,-5.63377,-2.01118,-0.98686,-12.08699,10.35464,3.12602,-0.2338,-0.05525,-0.03162,0.52086,0.04413,-0.0237,0.18961,-0.14296,-0.05717,-0.24866,0.24079,0.04017,0.1665,0.55116
91.12,0.01175,-0.02004,0.01815,-0.14148,0,0.00895,0.23494,0.1317,0.30971,-2.49312,0.32227,0.95915,3.69167,0.02449,-0.02352,-3.2066,6.27871,0.04892,0.01732,16.45815,-6.41708,-1.82876,-4.17281,-11.52826,11.17905,4.13767,-0.24283,-0.05091,-0.10375,0.497,0.00522,-0.01104,0.19382,-0.12803,-0.05684,-0.38013,0.21929,-0.00743,0.16602,0.60668
91.14,0.00031,-0.00986,0.009,-0.05228,0,0.01539,0.44081,0.08267,0.20718,-3.30393,0.41828,1.03992,4.88114,0.20231,-0.01818,-5.76486,6.66709,0.03546,0.01591,16.27626,-6.87591,-1.58543,-6.97391,-10.36499,11.53987,5.14103,-0.2344,-0.04434,-0.16011,0.44337,-0.03084,-0.00059,0.18454,-0.10292,-0.05502,-0.49087,0.18088,-0.05144,0.1618,0.63865
91.16,-0.0094,0.00016,-0.00017,0.03561,0,0.02129,0.60205,0.03119,0.1146,-3.92106,0.51592,1.0922,5.65524,0.32531,-0.01328,-7.82418,6.62119,0.02382,0.01381,15.19526,-6.95645,-1.28979,-9.28883,-8.63038,11.37643,6.03669,-0.2097,-0.03571,-0.19889,0.36272,-0.06268,0.00666,0.16007,-0.06888,-0.0514,-0.56979,0.12819,-0.0897,0.15127,0.63577
91.18,-0.01728,0.00961,-0.00907,0.12225,0,0.02665,0.71576,-0.02234,0.03374,-4.32908,0.61399,1.11863,6.0019,0.38591,-0.00903,-9.33094,6.12001,0.01427,0.01139,13.24364,-6.63453,-0.95291,-11.05342,-6.39127,10.6628,6.71272,-0.17126,-0.02523,-0.22059,0.25974,-0.08907,0.01019,0.12021,-0.02782,-0.04554,-0.60702,0.06511,-0.12045,0.13175,0.58719
91.2,-0.02346,0.01806,-0.01753,0.20819,0,0.03146,0.7828,-0.07766,-0.0347,-4.52988,0.7102,1.12066,5.94397,0.38545,-0.00552,-10.27634,5.17638,0.00682,0.00892,10.49934,-5.92164,-0.58892,-12.24163,-3.74125,9.41796,7.05644,-0.12273,-0.0132,-0.22776,0.14079,-0.1088,0.00995,0.06643,0.01779,-0.03701,-0.59518,-0.00365,-0.14223,0.10083,0.4843
91.22,-0.02822,0.02511,-0.0255,0.29402,0,0.03576,0.80735,-0.13448,-0.09053,-4.54037,0.80152,1.09849,5.53535,0.33282,-0.00276,-10.69108,3.8375,0.00133,0.00659,7.08668,-4.86577,-0.21497,-12.8633,-0.79423,7.70911,6.96883,-0.06858,3e-05,-0.22454,0.01334,-0.12068,0.00636,0.00174,0.06507,-0.02542,-0.53077,-0.07295,-0.1539,0.05704,0.32262
91.24,-0.03199,0.0304,-0.03301,0.37987,0,0.03953,0.79616,-0.1923,-0.13373,-4.38898,0.88449,1.05147,4.85377,0.24215,-0.00072,-10.63674,2.18217,-0.00244,0.00452,3.17181,-3.54629,0.14977,-12.95899,2.32102,5.64667,6.38036,-0.01363,0.01406,-0.21584,-0.11456,-0.12364,0.00021,-0.06957,0.11096,-0.01063,-0.41544,-0.13779,-0.15481,0.00027,0.1038
91.26,-0.03524,0.03365,-0.04012,0.46492,0,0.0427,0.75751,-0.2503,-0.16452,-4.11123,0.9555,0.97911,3.99105,0.12993,0.0007,-10.1954,0.31495,-0.00477,0.00276,-1.04363,-2.06386,0.48592,-12.59283,5.46538,3.37172,5.26646,0.03746,0.0285,-0.20635,-0.23505,-0.11702,-0.00747,-0.14254,0.15246,0.00718,-0.257,-0.19374,-0.14488,-0.06775,-0.16283
91.28,-0.03844,0.0347,-0.04693,0.54705,0,0.04509,0.70013,-0.3072,-0.18347,-3.74537,1.01114,0.88209,3.04268,0.01218,0.0016,-9.45905,-1.642,-0.00597,0.00134,-5.33046,-0.52796,0.77606,-11.84488,8.49361,1.03955,3.65999,0.08072,0.04295,-0.19963,-0.34112,-0.10083,-0.01561,-0.21211,0.18691,0.02746,-0.06976,-0.23741,-0.12487,-0.14324,-0.45948
91.3,-0.04192,0.03357,-0.05347,0.62273,0,0.04644,0.63231,-0.36122,-0.19174,-3.3285,1.04843,0.76321,2.0983,-0.09789,0.00209,-8.5205,-3.5585,-0.00633,0.00025,-9.44227,0.95511,1.00676,-10.80384,11.25874,-1.19722,1.6569,0.11331,0.05705,-0.19735,-0.42724,-0.07602,-0.02322,-0.27371,0.21213,0.04918,0.12617,-0.26676,-0.09643,-0.22048,-0.76048
91.32,-0.04588,0.03046,-0.05972,0.68708,0,0.04639,0.56113,-0.41018,-0.19102,-2.89368,1.06506,0.62778,1.23423,-0.19121,0.00226,-7.46619,-5.30684,-0.0061,-0.00053,-13.12858,2.29184,1.16979,-9.56047,13.61752,-3.20295,-0.58816,0.13376,0.07051,-0.19903,-0.48975,-0.0445,-0.02954,-0.32369,0.22668,0.07101,0.30693,-0.28116,-0.06209,-0.29224,-1.03465
91.34,-0.05032,0.02574,-0.06558,0.73428,0,0.04457,0.49206,-0.45157,-0.18334,-2.46796,1.05944,0.48332,0.50872,-0.26311,0.00221,-6.37121,-6.7728,-0.00549,-0.00103,-16.1516,3.40751,1.26254,-8.20166,15.43761,-4.86943,-2.87762,0.14205,0.08306,-0.2021,-0.52702,-0.00901,-0.03399,-0.35954,0.22981,0.09142,0.44846,-0.28135,-0.02496,-0.35073,-1.24949
91.36,-0.05507,0.01989,-0.07088,0.75828,0,0.04065,0.42876,-0.48286,-0.17062,-2.07145,1.0308,0.33874,-0.04047,-0.31252,0.00201,-5.29646,-7.8664,-0.00468,-0.00131,-18.30612,4.24927,1.28754,-6.80548,16.60689,-6.12219,-4.99628,0.13942,0.09448,-0.20251,-0.53939,0.02725,-0.03625,-0.37991,0.22151,0.1089,0.5308,-0.26911,0.0116,-0.38877,-1.37655
91.38,-0.0598,0.01347,-0.07544,0.75353,0,0.0344,0.37317,-0.50174,-0.15418,-1.71721,0.97914,0.20308,-0.39619,-0.34082,0.00173,-4.28767,-8.53104,-0.00378,-0.00139,-19.44054,4.78683,1.25154,-5.43766,17.04471,-6.92348,-6.74131,0.12817,0.10452,-0.19554,-0.52896,0.06104,-0.03611,-0.38457,0.20245,0.12225,0.54234,-0.24693,0.04452,-0.401,-1.39691
91.4,-0.0641,0.00704,-0.07901,0.71585,0,0.02579,0.32575,-0.5064,-0.13443,-1.41187,0.90523,0.08436,-0.56037,-0.35048,0.00141,-3.37606,-8.74918,-0.0029,-0.00132,-19.47559,5.01215,1.16431,-4.14981,16.71345,-7.27199,-7.95119,0.11124,0.11294,-0.17665,-0.49924,0.08951,-0.03354,-0.37422,0.17387,0.13075,0.48279,-0.21764,0.07138,-0.3849,-1.30518
91.42,-0.06749,0.00111,-0.08138,0.64304,0,0.015,0.28579,-0.49574,-0.11074,-1.15678,0.81053,-0.0114,-0.55104,-0.34407,0.0011,-2.57984,-8.54261,-0.0021,-0.00114,-18.41708,4.93836,1.03759,-2.97926,15.62849,-7.19976,-8.52833,0.09184,0.11947,-0.14231,-0.45469,0.11049,-0.02858,-0.35027,0.13749,0.13426,0.36379,-0.18412,0.0907,-0.34124,-1.11094
91.44,-0.06952,-0.00391,-0.08238,0.53527,0,0.00244,0.25182,-0.46939,-0.08167,-0.94932,0.69693,-0.08079,-0.39825,-0.32379,0.0008,-1.90638,-7.96682,-0.0014,-0.0009,-16.36002,4.59846,0.88401,-1.95029,13.8644,-6.76635,-8.45218,0.07306,0.12379,-0.09061,-0.40014,0.12268,-0.02145,-0.31458,0.0954,0.13315,0.20682,-0.14904,0.10204,-0.2739,-0.83698
91.46,-0.0698,-0.00772,-0.08185,0.39525,0,-0.01132,0.22202,-0.42778,-0.04546,-0.78445,0.56661,-0.12316,-0.13937,-0.29145,0.00055,-1.35443,-7.10081,-0.00083,-0.00062,-13.48391,4.04354,0.71629,-1.07615,11.55641,-6.05131,-7.78203,0.05743,0.12564,-0.02163,-0.3402,0.12566,-0.01254,-0.26925,0.04988,0.12823,0.03903,-0.11472,0.10591,-0.18916,-0.51492
91.48,-0.06807,-0.01019,-0.07973,0.22819,0,-0.02559,0.19456,-0.37203,-0.00068,-0.65605,0.42187,-0.14052,0.18553,-0.24878,0.00033,-0.91643,-6.03496,-0.00039,-0.00035,-10.03994,3.34038,0.54659,-0.36154,8.8957,-5.14574,-6.64997,0.04662,0.12476,0.0624,-0.27871,0.11978,-0.00254,-0.2164,0.00331,0.12046,-0.11212,-0.08303,0.10355,-0.09469,-0.1795
91.5,-0.06421,-0.01131,-0.07599,0.04153,0,-0.03961,0.16796,-0.30389,0.05318,-0.55823,0.26501,-0.13718,0.53778,-0.19777,0.00017,-0.58067,-4.85973,-6e-05,-0.0001,-6.33011,2.56745,0.3859,0.19497,6.11675,-4.14396,-5.24411,0.0412,0.12097,0.15715,-0.21832,0.1061,0.00764,-0.15805,-0.04203,0.11082,-0.22378,-0.05531,0.09669,0.00153,0.13692
91.52,-0.05832,-0.01123,-0.07071,-0.15541,0,-0.05264,0.14131,-0.22572,0.11522,-0.48611,0.09855,-0.11921,0.88324,-0.14087,4e-05,-0.33325,-3.65694,0.00016,0.00011,-2.67806,1.8086,0.2435,0.59899,3.47478,-3.13542,-3.78233,0.04057,0.11419,0.25649,-0.16031,0.08615,0.01687,-0.09602,-0.08409,0.10011,-0.28121,-0.03231,0.08728,0.09216,0.40854
91.54,-0.05069,-0.0102,-0.06399,-0.35201,0,-0.06396,0.11438,-0.14036,0.1829,-0.43637,-0.07463,-0.09374,1.19434,-0.08084,-4e-05,-0.15974,-2.49463,0.0003,0.00026,0.60743,1.14424,0.12647,0.85905,1.21383,-2.19723,-2.47845,0.04304,0.10443,0.35298,-0.10464,0.06186,0.02397,-0.03196,-0.12121,0.0889,-0.27925,-0.01413,0.0772,0.17113,0.6183
91.56,-0.04181,-0.00856,-0.05601,-0.53708,0,-0.07292,0.08764,-0.0511,0.25216,-0.40723,-0.25093,-0.06821,1.45108,-0.02029,-0.0001,-0.04654,-1.42509,0.00037,0.00035,3.27185,0.64103,0.03912,0.98599,-0.47007,-1.38764,-1.50522,0.0461,0.09181,0.43857,-0.05017,0.03536,0.0279,0.03261,-0.15224,0.07749,-0.22179,-0.00017,0.06809,0.23404,0.75813
91.58,-0.03233,-0.0067,-0.04697,-0.6997,0,-0.07895,0.06217,0.03844,0.31762,-0.39829,-0.4258,-0.04967,1.64143,0.03892,-0.00013,0.0182,-0.48552,0.00039,0.00037,5.14993,0.34217,-0.01743,0.99277,-1.46247,-0.74161,-0.96181,0.0467,0.07651,0.50542,0.00492,0.0089,0.02801,0.09626,-0.17666,0.06594,-0.11992,0.01091,0.06117,0.27827,0.8279
91.6,-0.02301,-0.00503,-0.03711,-0.83001,0,-0.08159,0.03954,0.1244,0.37303,-0.40998,-0.59347,-0.04403,1.76103,0.09635,-0.00013,0.04393,0.30002,0.00037,0.00034,6.18724,0.26075,-0.04525,0.89426,-1.75112,-0.26906,-0.85412,0.04174,0.05882,0.54667,0.06264,-0.01537,0.02415,0.15754,-0.19463,0.05415,0.01062,0.02106,0.05714,0.30296,0.83355
91.62,-0.01466,-0.00389,-0.02667,-0.91999,0,-0.08051,0.02154,0.20286,0.41182,-0.443,-0.74706,-0.05558,1.81253,0.15339,-0.00013,0.03746,0.91815,0.00032,0.00026,6.44116,0.37829,-0.04932,0.70664,-1.4257,0.04308,-1.09481,0.02848,0.03911,0.55719,0.12465,-0.03547,0.01674,0.21494,-0.20687,0.04195,0.15212,0.03264,0.05616,0.30879,0.78507
91.64,-0.00804,-0.00358,-0.01589,-0.96405,0,-0.07558,0.00995,0.27002,0.42767,-0.49755,-0.87876,-0.08658,1.80441,0.21353,-0.00011,0.00313,1.36402,0.00027,0.00015,6.05929,0.64911,-0.03668,0.44633,-0.65461,0.22539,-1.52465,0.00498,0.01784,0.53412,0.19175,-0.04976,0.0067,0.26684,-0.21454,0.02918,0.28731,0.04808,0.0579,0.29764,0.69464
91.66,-0.00376,-0.00427,-0.00502,-0.9595,0,-0.06688,0.00622,0.3225,0.41518,-0.57256,-0.9805,-0.13706,1.74953,0.28212,-9e-05,-0.05672,1.63975,0.00021,2e-05,5.24051,1.00967,-0.01519,0.12849,0.35597,0.31776,-1.95049,-0.02949,-0.00442,0.47727,0.26347,-0.05713,-0.00474,0.31153,-0.21891,0.01575,0.40134,0.06936,0.06162,0.27228,0.57504
91.68,-0.00221,-0.00599,0.00573,-0.90691,0,-0.05474,0.01113,0.35765,0.37056,-0.66496,-1.04461,-0.20473,1.66328,0.36587,-7e-05,-0.14097,1.75327,0.00015,-0.00012,4.18916,1.39021,0.00764,-0.23427,1.40928,0.3606,-2.18959,-0.07417,-0.02699,0.38931,0.33778,-0.05715,-0.01628,0.34727,-0.2211,0.00167,0.48317,0.09762,0.06631,0.23595,0.43851
91.7,-0.00343,-0.00862,0.01614,-0.81018,0,-0.03977,0.02456,0.37378,0.29227,-0.76905,-1.06481,-0.28515,1.56145,0.47179,-5e-05,-0.24879,1.71734,9e-05,-0.00026,3.07452,1.72608,0.0258,-0.63267,2.35833,0.38727,-2.10841,-0.12666,-0.04911,0.27572,0.41104,-0.05007,-0.02675,0.37241,-0.22186,-0.01286,0.52645,0.13271,0.07084,0.19204,0.29603
91.72,-0.00715,-0.0119,0.02606,-0.67641,0,-0.02283,0.04527,0.37048,0.18155,-0.87607,-1.03705,-0.372,1.45767,0.60572,-3e-05,-0.37853,1.54832,4e-05,-0.00038,2.00513,1.96622,0.03542,-1.06052,3.12838,0.41947,-1.64593,-0.18307,-0.06994,0.14443,0.4782,-0.03694,-0.03527,0.38546,-0.22136,-0.02753,0.5296,0.17306,0.07411,0.14386,0.1569
91.74,-0.01277,-0.01544,0.03531,-0.51525,0,-0.00499,0.0709,0.34864,0.04276,-0.97405,-0.96026,-0.4576,1.36055,0.77058,-1e-05,-0.52659,1.26451,1e-05,-0.00047,1.02254,2.07771,0.03484,-1.51332,3.7169,0.46624,-0.81691,-0.23836,-0.08858,0.00515,0.53327,-0.01937,-0.04127,0.38527,-0.21916,-0.04192,0.4954,0.21564,0.07516,0.09444,0.02856
91.76,-0.01947,-0.01881,0.04379,-0.3381,0,0.01261,0.09795,0.3105,-0.11654,-1.04804,-0.8369,-0.53356,1.27105,0.9645,0,-0.68656,0.88431,-2e-05,-0.00055,0.11284,2.04641,0.02431,-1.98602,4.17367,0.52619,0.3026,-0.28688,-0.10423,-0.1316,0.57006,0.00058,-0.04448,0.37113,-0.21428,-0.05555,0.42997,0.25633,0.07326,0.04639,-0.08333
91.78,-0.02627,-0.02152,0.05141,-0.15709,0,0.02881,0.12205,0.25957,-0.28581,-1.08078,-0.67323,-0.59152,1.18067,1.17941,1e-05,-0.84852,0.42474,-4e-05,-0.00059,-0.77031,1.87486,0.00536,-2.4704,4.56919,0.5916,1.60038,-0.32308,-0.11615,-0.25553,0.58298,0.02065,-0.04482,0.34292,-0.20536,-0.06799,0.34165,0.29027,0.068,0.00186,-0.1748
91.8,-0.03217,-0.02314,0.0581,0.01595,0,0.04258,0.1383,0.20035,-0.4521,-1.05382,-0.4792,-0.62394,1.07139,1.40051,2e-05,-0.99909,-0.09923,-6e-05,-0.0006,-1.67888,1.57861,-0.01992,-2.95261,4.96183,0.65301,2.95502,-0.34215,-0.12385,-0.35757,0.56787,0.03867,-0.04233,0.3012,-0.19085,-0.07889,0.23969,0.31245,0.05931,-0.0375,-0.24333
91.82,-0.03623,-0.02332,0.06382,0.17032,0,0.05312,0.14165,0.13802,-0.60105,-0.94923,-0.26772,-0.62476,0.91788,1.60712,2e-05,-1.12213,-0.67412,-6e-05,-0.00059,-2.64671,1.18193,-0.04939,-3.41142,5.37211,0.70264,4.2575,-0.34057,-0.12704,-0.4306,0.52253,0.05273,-0.03711,0.24724,-0.16928,-0.08801,0.13313,0.31824,0.04741,-0.07046,-0.28763
91.84,-0.03768,-0.02183,0.06858,0.29721,0,0.05988,0.12759,0.07793,-0.71838,-0.75162,-0.05345,-0.58991,0.69206,1.77489,2e-05,-1.20029,-1.28616,-6e-05,-0.00054,-3.67338,0.71356,-0.08126,-3.81765,5.76951,0.73637,5.42359,-0.31647,-0.12574,-0.46988,0.44712,0.06133,-0.02931,0.18299,-0.13953,-0.0953,0.02992,0.30401,0.0328,-0.09617,-0.30735
91.86,-0.03594,-0.01858,0.07237,0.39024,0,0.06264,0.09267,0.02502,-0.7916,-0.45052,0.14891,-0.51773,0.36928,1.87923,2e-05,-1.21718,-1.91868,-6e-05,-0.00047,-4.71737,0.20302,-0.11415,-4.13501,6.07299,0.75384,6.39694,-0.26978,-0.12021,-0.47329,0.3441,0.06347,-0.0192,0.11098,-0.101,-0.10082,-0.06386,0.26753,0.01609,-0.11411,-0.30292
91.88,-0.03073,-0.01365,0.07522,0.44586,0,0.06147,0.03515,-0.01675,-0.81176,-0.04255,0.32637,-0.4093,-0.06519,1.8992,2e-05,-1.15979,-2.54941,-5e-05,-0.00039,-5.69842,-0.32216,-0.14704,-4.32266,6.16349,0.75744,7.1456,-0.20227,-0.11099,-0.44134,0.21815,0.05872,-0.00721,0.03412,-0.05384,-0.10475,-0.14433,0.20845,-0.00209,-0.12401,-0.27537
91.9,-0.02201,-0.00725,0.07715,0.46357,0,0.05674,-0.04463,-0.04487,-0.77487,0.46685,0.46901,-0.26864,-0.61108,1.82104,2e-05,-1.02074,-3.14833,-4e-05,-0.00028,-6.5079,-0.83818,-0.17907,-4.33933,5.90524,0.75075,7.65524,-0.11738,-0.09882,-0.37702,0.07578,0.04722,0.00601,-0.04442,0.00094,-0.10734,-0.20995,0.12849,-0.02117,-0.12583,-0.22639
91.92,-0.01006,0.00028,0.07817,0.44591,0,0.04911,-0.14409,-0.05846,-0.68256,1.06276,0.57067,-0.10278,-1.25081,1.64047,1e-05,-0.79981,-3.67709,-3e-05,-0.00017,-7.02609,-1.32543,-0.20934,-4.14885,5.17271,0.73697,7.92197,-0.02004,-0.08459,-0.28558,-0.07514,0.02966,0.01963,-0.12137,0.06148,-0.10885,-0.26126,0.03149,-0.04074,-0.11982,-0.15842
91.94,0.0046,0.00845,0.07829,0.39811,0,0.03942,-0.25864,-0.05825,-0.54194,1.72129,0.62893,0.07841,-1.95073,1.36346,1e-05,-0.50452,-4.09021,-2e-05,-6e-05,-7.14412,-1.768,-0.2367,-3.72667,3.87949,0.71778,7.94671,0.08381,-0.0693,-0.17423,-0.22596,0.00722,0.03267,-0.1935,0.12518,-0.1095,-0.30032,-0.07685,-0.0605,-0.10658,-0.07488
91.96,0.02123,0.01676,0.07748,0.32769,0,0.02867,-0.38211,-0.04635,-0.36458,2.41132,0.64431,0.2626,-2.66545,1.00542,0,-0.14972,-4.33836,-1e-05,4e-05,-6.78763,-2.15251,-0.25959,-3.06634,2.00505,0.69277,7.73212,0.18767,-0.05393,-0.05165,-0.36796,-0.0185,0.0441,-0.25779,0.18889,-0.10943,-0.32995,-0.18947,-0.08026,-0.08711,0.01964
91.98,0.03895,0.02467,0.07569,0.24374,0,0.0179,-0.50748,-0.02579,-0.16511,3.09711,0.61932,0.43568,-3.34427,0.58941,-0,0.24354,-4.37358,0,0.00012,-5.93735,-2.46702,-0.2761,-2.18482,-0.38576,0.65946,7.28211,0.28502,-0.03943,0.07255,-0.49307,-0.04561,0.05305,-0.31154,0.24919,-0.10864,-0.35292,-0.29853,-0.09987,-0.06291,0.11921
92,0.05677,0.03165,0.07284,0.15622,0,0.00816,-0.62757,-0.00014,0.04056,3.74122,0.55743,0.58272,-3.93787,0.14371,-0,0.64978,-4.1557,1e-05,0.00019,-4.64112,-2.70023,-0.28401,-1.12492,-3.1366,0.61382,6.6036,0.36983,-0.02658,0.18841,-0.59444,-0.07202,0.05884,-0.35255,0.30272,-0.10698,-0.37132,-0.39613,-0.11916,-0.03599,0.21662
92.02,0.07372,0.03728,0.06885,0.07515,0,0.00038,-0.73565,0.02696,0.2369,4.30741,0.46244,0.68923,-4.40435,-0.30079,-1e-05,1.04121,-3.6594,2e-05,0.00024,-3.0128,-2.84166,-0.28114,0.04679,-6.01166,0.55123,5.70928,0.437,-0.016,0.28639,-0.66693,-0.09563,0.06113,-0.3793,0.34639,-0.1042,-0.38615,-0.4749,-0.13785,-0.0088,0.30373
92.04,0.08884,0.0412,0.06362,0.00965,0,-0.00463,-0.82591,0.05213,0.41038,4.76343,0.33824,0.74267,-4.71351,-0.7133,-1e-05,1.39026,-2.88101,2e-05,0.00027,-1.21624,-2.88265,-0.26567,1.24714,-8.72695,0.46766,4.62069,0.48262,-0.00808,0.35818,-0.7073,-0.11447,0.05986,-0.39109,0.37761,-0.09998,-0.39721,-0.52859,-0.15559,0.01599,0.37218
92.06,0.10131,0.04319,0.0571,-0.03283,0,-0.00629,-0.89389,0.07252,0.55071,5.08341,0.18901,0.73415,-4.8494,-1.06574,-1e-05,1.67223,-1.84403,2e-05,0.00028,0.56211,-2.81811,-0.23667,2.3874,-10.99574,0.36094,3.37085,0.50423,-0.00303,0.39753,-0.7143,-0.1269,0.05522,-0.38818,0.39443,-0.094,-0.40333,-0.55257,-0.17188,0.03574,0.41429
92.08,0.11046,0.04314,0.04931,-0.04736,0,-0.00425,-0.93663,0.08603,0.6518,5.25001,0.01962,0.66001,-4.81142,-1.33517,-1e-05,1.86786,-0.60212,2e-05,0.00028,2.14534,-2.6486,-0.19447,3.38583,-12.57826,0.23185,2.00584,0.50091,-0.00081,0.40103,-0.68862,-0.13174,0.04756,-0.3718,0.3957,-0.08602,-0.40275,-0.54422,-0.18612,0.04817,0.42413
92.1,0.1158,0.0411,0.04031,-0.03201,0,0.00151,-0.95287,0.09137,0.71201,5.25608,-0.1639,0.52293,-4.6137,-1.50566,-1e-05,1.96536,0.76196,2e-05,0.00028,3.39466,-2.38183,-0.14092,4.17881,-13.32306,0.08472,0.58467,0.47335,-0.00122,0.36856,-0.63282,-0.12842,0.03733,-0.34419,0.38111,-0.07597,-0.39363,-0.5032,-0.19763,0.05169,0.39838
92.12,0.11713,0.03721,0.03028,0.01197,0,0.01074,-0.94303,0.0881,0.73376,5.10527,-0.35414,0.33235,-4.28298,-1.56966,-1e-05,1.96165,2.14298,2e-05,0.00028,4.2277,-2.03316,-0.0794,4.72794,-13.18973,-0.07264,-0.8234,0.4238,-0.00388,0.30332,-0.55107,-0.11704,0.025,-0.30832,0.35133,-0.06393,-0.37444,-0.43158,-0.20564,0.04553,0.33688
92.14,0.11441,0.03174,0.01948,0.08043,0,0.02286,-0.90902,0.07662,0.72235,4.81146,-0.54243,0.10376,-3.85491,-1.52841,-1e-05,1.86238,3.42562,2e-05,0.00029,4.62356,-1.62437,-0.0144,5.02206,-12.24803,-0.22989,-2.14448,0.35584,-0.00825,0.21136,-0.44897,-0.09829,0.01109,-0.26752,0.3079,-0.05019,-0.34428,-0.33369,-0.20937,0.02988,0.24267
92.16,0.10787,0.02505,0.00821,0.16693,0,0.03699,-0.85402,0.05797,0.68443,4.39736,-0.71923,-0.14268,-3.36923,-1.39172,-1e-05,1.68105,4.50081,3e-05,0.00031,4.61568,-1.1813,0.04908,5.07469,-10.65656,-0.37568,-3.30779,0.27413,-0.01369,0.10068,-0.33311,-0.07338,-0.00389,-0.22502,0.25322,-0.03514,-0.30304,-0.21586,-0.20796,0.00585,0.12163
92.18,0.09787,0.01753,-0.00317,0.26357,0,0.05202,-0.78211,0.03375,0.62629,3.89229,-0.87495,-0.38436,-2.86498,-1.17705,-1e-05,1.4374,5.28273,3e-05,0.00035,4.27689,-0.73078,0.10627,4.91842,-8.62888,-0.49946,-4.25408,0.18403,-0.01943,-0.01986,-0.21074,-0.04386,-0.01932,-0.18338,0.19041,-0.01922,-0.25148,-0.08588,-0.20061,-0.02471,-0.01819
92.2,0.08494,0.0096,-0.01433,0.36186,0,0.0667,-0.69792,0.00589,0.55267,3.32969,-1.00072,-0.59856,-2.37629,-0.90781,-1e-05,1.15516,5.72191,3e-05,0.00039,3.7015,-0.29771,0.1533,4.59794,-6.39667,-0.5931,-4.94267,0.09124,-0.02471,-0.14154,-0.08931,-0.01147,-0.03454,-0.14422,0.12315,-0.0029,-0.19119,0.0475,-0.18654,-0.05931,-0.16735
92.22,0.06968,0.00165,-0.02495,0.45353,0,0.07969,-0.60622,-0.02352,0.46627,2.74414,-1.08916,-0.76496,-1.92939,-0.611,-1e-05,0.85948,5.81115,4e-05,0.00045,2.9884,0.0972,0.18767,4.16301,-4.17703,-0.65192,-5.35548,0.00139,-0.02874,-0.25657,0.02397,0.02207,-0.04883,-0.10805,0.05541,0.01344,-0.12451,0.17526,-0.16521,-0.09511,-0.31589
92.24,0.05277,-0.00596,-0.03479,0.53124,0,0.08972,-0.51145,-0.05245,0.36807,2.16805,-1.13505,-0.86792,-1.54107,-0.31399,-2e-05,0.57399,5.5825,4e-05,0.00051,2.2277,0.43873,0.20838,3.66207,-2.14833,-0.675,-5.49718,-0.08039,-0.03081,-0.35856,0.12266,0.05515,-0.06144,-0.07447,-0.00885,0.02944,-0.05433,0.28883,-0.13632,-0.12914,-0.45414
92.26,0.03488,-0.01293,-0.04366,0.5891,0,0.09574,-0.41724,-0.0791,0.25832,1.62828,-1.13574,-0.89837,-1.21835,-0.04108,-2e-05,0.31794,5.0971,4e-05,0.00056,1.49181,0.71748,0.2158,3.13711,-0.43572,-0.66481,-5.39214,-0.14988,-0.03032,-0.4427,0.20161,0.08642,-0.07174,-0.04256,-0.06607,0.04483,0.01609,0.3809,-0.10005,-0.15858,-0.57343
92.28,0.01665,-0.01908,-0.05147,0.62302,0,0.09703,-0.32608,-0.10212,0.13785,1.14333,-1.09139,-0.85519,-0.95921,0.18965,-2e-05,0.10377,4.43121,5e-05,0.0006,0.83083,0.92954,0.21142,2.62021,0.89433,-0.62631,-5.07934,-0.20406,-0.02688,-0.50573,0.25746,0.11486,-0.07925,-0.01132,-0.11344,0.05936,0.08345,0.44607,-0.05711,-0.18096,-0.66677
92.3,-0.00135,-0.02429,-0.05822,0.63088,0,0.09332,-0.23906,-0.12065,0.00916,0.72165,-1.00489,-0.74553,-0.75392,0.36848,-2e-05,-0.06418,3.6626,5e-05,0.00062,0.27207,1.07553,0.19745,2.13185,1.83162,-0.56608,-4.60672,-0.24142,-0.02035,-0.54575,0.28893,0.13977,-0.08375,0.01984,-0.14919,0.0728,0.1446,0.48144,-0.00887,-0.19443,-0.72928
92.32,-0.01862,-0.02852,-0.06396,0.61254,0,0.08478,-0.15595,-0.13445,-0.12311,0.36159,-0.88142,-0.58402,-0.58679,0.49443,-2e-05,-0.18948,2.86024,5e-05,0.00061,-0.17725,1.15938,0.17646,1.6811,2.41326,-0.49127,-4.02561,-0.26193,-0.01081,-0.56207,0.2969,0.16076,-0.08527,0.05087,-0.1727,0.08494,0.1968,0.48674,0.04269,-0.19786,-0.75844
92.34,-0.03474,-0.0318,-0.0688,0.56952,0,0.07201,-0.0754,-0.14378,-0.2524,0.05299,-0.72761,-0.39059,-0.438,0.57384,-2e-05,-0.28196,2.07886,4e-05,0.00056,-0.5247,1.18682,0.15107,1.26749,2.70978,-0.40887,-3.38601,-0.26693,0.00138,-0.55496,0.28417,0.17755,-0.08407,0.08103,-0.1845,0.09557,0.23795,0.46418,0.09504,-0.1909,-0.75396
92.36,-0.04936,-0.03416,-0.07284,0.50461,0,0.05589,0.00452,-0.1493,-0.3712,-0.21983,-0.55045,-0.18739,-0.28551,0.6175,-2e-05,-0.35465,1.35812,4e-05,0.00047,-0.78582,1.16401,0.12371,0.88401,2.80837,-0.32508,-2.73279,-0.25875,0.01569,-0.5255,0.25504,0.18986,-0.08052,0.10907,-0.18602,0.10448,0.26672,0.418,0.14529,-0.17399,-0.7176
92.38,-0.06219,-0.03563,-0.07616,0.42146,0,0.03746,0.08583,-0.15194,-0.47241,-0.47446,-0.35621,0.00455,-0.10712,0.63717,-1e-05,-0.42044,0.72512,3e-05,0.00034,-0.97725,1.09645,0.09641,0.52083,2.79593,-0.24496,-2.10315,-0.24038,0.03144,-0.47547,0.21473,0.19728,-0.07502,0.13355,-0.17935,0.11152,0.28266,0.35382,0.19048,-0.14827,-0.65275
92.4,-0.07296,-0.03619,-0.07874,0.32412,0,0.01778,0.17001,-0.15269,-0.55051,-0.72663,-0.14972,0.16817,0.11749,0.64233,-1e-05,-0.4889,0.19828,1e-05,0.00017,-1.11071,0.98837,0.07079,0.16906,2.74456,-0.17225,-1.52529,-0.21502,0.04785,-0.40736,0.16873,0.19917,-0.06787,0.15315,-0.1669,0.11659,0.28622,0.27795,0.22781,-0.1155,-0.56402
92.42,-0.08149,-0.03577,-0.08054,0.21682,0,-0.00219,0.25755,-0.15252,-0.60245,-0.98729,0.06588,0.29222,0.40455,0.63798,0,-0.56413,-0.2091,-0,-2e-05,-1.18918,0.84275,0.04796,-0.17607,2.70132,-0.10936,-1.01821,-0.18577,0.06414,-0.32426,0.1223,0.19467,-0.05923,0.16695,-0.15117,0.11963,0.27862,0.19678,0.25489,-0.07783,-0.4568
92.44,-0.08761,-0.03427,-0.08142,0.10377,0,-0.0216,0.3476,-0.1522,-0.62779,-1.2606,0.28885,0.37167,0.76401,0.62398,1e-05,-0.64397,-0.48666,-2e-05,-0.00023,-1.20537,0.66186,0.02858,-0.51289,2.68324,-0.05752,-0.59236,-0.15537,0.07952,-0.22994,0.07999,0.18289,-0.04912,0.17458,-0.13439,0.12064,0.26163,0.11621,0.26994,-0.03765,-0.33681
92.46,-0.09123,-0.0316,-0.08118,-0.01092,0,-0.03977,0.43785,-0.15226,-0.62836,-1.54328,0.51801,0.40707,1.19764,0.59557,1e-05,-0.72056,-0.62665,-3e-05,-0.00044,-1.14262,0.44821,0.01294,-0.8322,2.67747,-0.01694,-0.25082,-0.12604,0.09326,-0.12864,0.04532,0.16309,-0.03745,0.17623,-0.1184,0.11963,0.23723,0.04124,0.27196,0.00265,-0.20968
92.48,-0.09232,-0.02768,-0.07963,-0.12322,0,-0.05616,0.52467,-0.15288,-0.60765,-1.82523,0.75173,0.40306,1.6975,0.54516,2e-05,-0.78193,-0.62528,-5e-05,-0.00063,-0.97735,0.20555,0.001,-1.11737,2.64543,0.01295,0.00908,-0.09942,0.10466,-0.02507,0.02059,0.13499,-0.02412,0.17257,-0.10448,0.11661,0.20726,-0.02431,0.26079,0.04092,-0.08058
92.5,-0.09097,-0.02254,-0.07659,-0.22925,0,-0.07032,0.60348,-0.15388,-0.57004,-2.09128,0.98678,0.36682,2.24557,0.46444,3e-05,-0.81434,-0.485,-6e-05,-0.0008,-0.68249,-0.06041,-0.00753,-1.34556,2.53007,0.03325,0.19418,-0.07653,0.11314,0.07586,0.00677,0.09895,-0.00911,0.16468,-0.0933,0.11155,0.17324,-0.07797,0.23719,0.07545,0.04598
92.52,-0.08736,-0.01632,-0.07192,-0.32528,0,-0.08189,0.66931,-0.15467,-0.52019,-2.32404,1.21751,0.30656,2.81444,0.34675,3e-05,-0.80481,-0.21727,-7e-05,-0.00092,-0.23107,-0.34188,-0.01304,-1.49025,2.26501,0.04538,0.31393,-0.05787,0.11822,0.16928,0.00361,0.05618,0.00747,0.15379,-0.08497,0.10442,0.13624,-0.1186,0.20282,0.105,0.16622
92.54,-0.08178,-0.00927,-0.06555,-0.40789,0,-0.09061,0.71759,-0.15422,-0.46268,-2.50751,1.43531,0.23059,3.3697,0.18893,3e-05,-0.74374,0.15502,-8e-05,-0.001,0.40028,-0.62966,-0.01606,-1.52484,1.78482,0.05091,0.37915,-0.04352,0.11953,0.25065,0.00985,0.00872,0.02529,0.14118,-0.07914,0.09517,0.09698,-0.14621,0.16013,0.12888,0.27703
92.56,-0.0746,-0.00176,-0.05751,-0.47417,0,-0.09624,0.74503,-0.15109,-0.40184,-2.63093,1.62865,0.14663,3.87348,-0.00709,3e-05,-0.62713,0.59595,-8e-05,-0.00103,1.22803,-0.91431,-0.0171,-1.4269,1.03568,0.05138,0.40095,-0.03322,0.11688,0.31625,0.02347,-0.04071,0.04378,0.12796,-0.07513,0.08379,0.05601,-0.16175,0.11215,0.14688,0.37582
92.58,-0.06627,0.00576,-0.04789,-0.52196,0,-0.09867,0.75039,-0.14347,-0.34167,-2.69212,1.78361,0.06168,4.28879,-0.23363,3e-05,-0.4582,1.05671,-8e-05,-0.00101,2.25851,-1.1875,-0.01666,-1.18262,-0.0146,0.04825,0.39002,-0.02652,0.11025,0.36349,0.04207,-0.0889,0.06215,0.11495,-0.07218,0.07031,0.01398,-0.16678,0.06231,0.15913,0.46038
92.6,-0.05723,0.01276,-0.03689,-0.55009,0,-0.09787,0.735,-0.12937,-0.28593,-2.69934,1.8851,-0.01811,4.58384,-0.4773,3e-05,-0.24797,1.47801,-7e-05,-0.00094,3.48445,-1.44299,-0.01522,-0.79052,-1.36809,0.04279,0.35616,-0.02288,0.09979,0.39124,0.06318,-0.13248,0.07943,0.10261,-0.06952,0.0549,-0.02816,-0.16321,0.01411,0.16607,0.5288
92.62,-0.04798,0.01875,-0.02479,-0.55851,0,-0.09395,0.70271,-0.10682,-0.23795,-2.67077,1.91842,-0.08742,4.73564,-0.72013,3e-05,-0.0145,1.79539,-6e-05,-0.00082,4.88135,-1.67671,-0.01317,-0.26369,-2.99118,0.03605,0.30792,-0.02173,0.08586,0.3999,0.0845,-0.1682,0.09452,0.09103,-0.06659,0.03781,-0.06901,-0.15303,-0.0291,0.16829,0.57943
92.64,-0.03894,0.02325,-0.01191,-0.54825,0,-0.08712,0.65929,-0.07425,-0.2005,-2.63132,1.87132,-0.142,4.73228,-0.94161,2e-05,0.21933,1.94738,-5e-05,-0.00066,6.40397,-1.88588,-0.01082,0.36983,-4.8124,0.02887,0.2525,-0.02255,0.069,0.39125,0.10409,-0.19331,0.10628,0.08,-0.06302,0.01944,-0.10684,-0.1382,-0.06439,0.16642,0.61099
92.66,-0.03047,0.02592,0.00133,-0.52135,0,-0.07773,0.61143,-0.03084,-0.17539,-2.60755,1.73614,-0.17879,4.57407,-1.12153,2e-05,0.42916,1.88539,-4e-05,-0.00047,7.9835,-2.06729,-0.00843,1.06842,-6.72379,0.02188,0.19562,-0.02481,0.04988,0.36814,0.12049,-0.20584,0.11364,0.06916,-0.05864,0.00031,-0.13973,-0.12045,-0.08957,0.16115,0.62277
92.68,-0.02284,0.02654,0.01452,-0.48064,0,-0.06623,0.56549,0.02314,-0.16313,-2.62193,1.51184,-0.1963,4.27346,-1.24293,1e-05,0.59284,1.58316,-2e-05,-0.00026,9.52618,-2.21526,-0.00618,1.77954,-8.58521,0.01551,0.14156,-0.02804,0.02929,0.33404,0.13272,-0.20484,0.11573,0.05816,-0.05349,-0.01903,-0.16586,-0.10127,-0.10332,0.15311,0.61483
92.7,-0.01619,0.0251,0.02721,-0.42952,0,-0.05316,0.5264,0.08606,-0.16271,-2.68786,1.20536,-0.19476,3.85394,-1.29461,0,0.69371,1.04349,-0,-4e-05,10.9142,-2.31979,-0.00418,2.443,-10.23095,0.01001,0.09328,-0.03175,0.00805,0.29263,0.14032,-0.19059,0.11199,0.04678,-0.0477,-0.03794,-0.18377,-0.08186,-0.10541,0.14288,0.58826
92.72,-0.01054,0.02177,0.03899,-0.37179,0,-0.03914,0.49702,0.15497,-0.1716,-2.80687,0.83183,-0.17609,3.34756,-1.27258,-1e-05,0.72277,0.29977,1e-05,0.00018,12.00983,-2.36531,-0.0025,2.99465,-11.47871,0.0055,0.05248,-0.0355,-0.01299,0.24745,0.14326,-0.16452,0.10229,0.03508,-0.04151,-0.05579,-0.19252,-0.06316,-0.09663,0.13101,0.5452
92.74,-0.00582,0.01691,0.04944,-0.31132,0,-0.02485,0.47785,0.2258,-0.186,-2.96823,0.41348,-0.14375,2.79118,-1.18018,-1e-05,0.67939,-0.58831,3e-05,0.00037,12.66332,-2.33051,-0.00117,3.37035,-12.14091,0.002,0.0199,-0.03881,-0.03298,0.20167,0.14189,-0.12911,0.08695,0.02342,-0.0352,-0.07193,-0.19179,-0.0458,-0.07869,0.11798,0.48871
92.76,-0.00188,0.01098,0.05821,-0.25188,0,-0.01097,0.46728,0.29384,-0.20138,-3.15115,-0.02271,-0.1022,2.22204,-1.02708,-2e-05,0.57061,-1.54403,4e-05,0.00054,12.72546,-2.1896,-0.00016,3.51053,-12.03948,-0.00055,-0.00455,-0.04128,-0.05114,0.15788,0.1368,-0.08754,0.06678,0.01243,-0.02909,-0.08575,-0.1818,-0.03019,-0.05394,0.10428,0.42257
92.78,0.00144,0.00452,0.06499,-0.19691,0,0.00179,0.46219,0.35427,-0.21309,-3.32858,-0.44786,-0.05636,1.67371,-0.82748,-2e-05,0.40961,-2.48526,5e-05,0.00066,12.06441,-1.91522,0.00055,3.36553,-11.02463,-0.00227,-0.0215,-0.04254,-0.06676,0.1181,0.12878,-0.04331,0.04306,0.00296,-0.02351,-0.09667,-0.16321,-0.01649,-0.02511,0.09035,0.35086
92.8,0.00433,-0.00195,0.06956,-0.14934,0,0.01281,0.45864,0.40271,-0.21706,-3.47179,-0.83411,-0.01101,1.1731,-0.59805,-2e-05,0.21357,-3.33537,6e-05,0.00073,10.58617,-1.48328,0.00099,2.90187,-8.99736,-0.00328,-0.03194,-0.04233,-0.07922,0.08377,0.11868,8e-05,0.01744,-0.00405,-0.01879,-0.1042,-0.137,-0.00467,0.00506,0.07661,0.27766
92.82,0.00691,-0.00793,0.0718,-0.11152,0,0.02152,0.45267,0.43568,-0.21029,-3.55459,-1.15706,0.02976,0.73955,-0.35593,-2e-05,0.00147,-4.03125,6e-05,0.00074,8.25652,-0.87927,0.00123,2.10917,-5.93441,-0.00375,-0.03704,-0.04048,-0.08809,0.05589,0.10736,0.03952,-0.00815,-0.00769,-0.01525,-0.10796,-0.10439,0.00539,0.03403,0.06351,0.20682
92.84,0.0093,-0.01303,0.07166,-0.08511,0,0.02753,0.44087,0.4508,-0.19117,-3.5568,-1.39753,0.06291,0.3858,-0.11694,-2e-05,-0.20804,-4.52713,5e-05,0.00071,5.12187,-0.10569,0.0013,1.00683,-1.91246,-0.0038,-0.038,-0.03694,-0.09308,0.03507,0.09562,0.07244,-0.03173,-0.00723,-0.01314,-0.10775,-0.06672,0.01386,0.05963,0.05146,0.14168
92.86,0.01153,-0.01696,0.06923,-0.07112,0,0.03061,0.42091,0.44689,-0.15963,-3.46657,-1.54261,0.08677,0.12016,0.1058,-2e-05,-0.39851,-4.79497,5e-05,0.00063,1.32514,0.81113,0.00125,-0.35056,2.87287,-0.00356,-0.03598,-0.03178,-0.09414,0.02169,0.08417,0.09704,-0.05148,-0.00225,-0.01257,-0.10358,-0.02541,0.02078,0.08023,0.04084,0.085
92.88,0.01363,-0.01954,0.06468,-0.06985,0,0.03075,0.39182,0.42398,-0.11706,-3.28167,-1.58623,0.10113,-0.05095,0.30276,-2e-05,-0.55715,-4.82274,4e-05,0.00052,-2.88801,1.81659,0.00113,-1.8712,8.1,-0.00313,-0.032,-0.02515,-0.09143,0.016,0.07353,0.11226,-0.06597,0.00724,-0.0135,-0.09571,0.01804,0.02607,0.09473,0.03199,0.03883
92.9,0.0156,-0.02072,0.05827,-0.0809,0,0.02819,0.35405,0.38322,-0.06608,-3.00959,-1.52942,0.10711,-0.12176,0.46835,-1e-05,-0.67576,-4.61246,3e-05,0.0004,-7.17886,2.82837,0.00097,-3.42945,13.33416,-0.00262,-0.0269,-0.01726,-0.08534,0.01814,0.06404,0.1179,-0.07431,0.02073,-0.01568,-0.08468,0.06213,0.02941,0.10265,0.02515,0.00449
92.92,0.01741,-0.02053,0.05034,-0.10313,0,0.02338,0.3093,0.32679,-0.0101,-2.66629,-1.38003,0.10696,-0.08784,0.60061,-1e-05,-0.75089,-4.17894,2e-05,0.00027,-11.14617,3.74361,0.00078,-4.87665,18.06635,-0.00208,-0.02138,-0.00836,-0.07647,0.02809,0.05581,0.11449,-0.07631,0.03719,-0.01867,-0.07126,0.10534,0.03034,0.10404,0.02046,-0.01754
92.94,0.01903,-0.01914,0.04128,-0.13467,0,0.01694,0.26013,0.25777,0.04716,-2.27361,-1.15218,0.10355,0.05097,0.70037,-1e-05,-0.78343,-3.54968,1e-05,0.00016,-14.37765,4.45328,0.0006,-6.05951,21.77881,-0.00155,-0.01595,0.0013,-0.06553,0.04563,0.04866,0.10324,-0.07241,0.05515,-0.02186,-0.05636,0.14625,0.02831,0.09945,0.0179,-0.02761
92.96,0.02043,-0.01677,0.0315,-0.17295,0,0.00958,0.20933,0.17996,0.1023,-1.8559,-0.8653,0.0998,0.28613,0.77003,-0,-0.77758,-2.76551,1e-05,8e-05,-16.51535,4.8612,0.00043,-6.84351,24.02801,-0.00108,-0.01095,0.01151,-0.05328,0.07014,0.04209,0.0859,-0.06358,0.07282,-0.02459,-0.04092,0.18354,0.02287,0.08989,0.01725,-0.02703
92.98,0.02158,-0.0137,0.0214,-0.21465,0,0.00201,0.15938,0.09771,0.15272,-1.4364,-0.54292,0.09814,0.59634,0.81232,-0,-0.73972,-1.88099,0,3e-05,-17.32109,4.90379,0.00028,-7.1366,24.52737,-0.00068,-0.0066,0.02214,-0.04043,0.10052,0.03536,0.06456,-0.0512,0.08826,-0.02622,-0.0258,0.21613,0.01384,0.07668,0.01815,-0.01796
93,0.02244,-0.01024,0.01131,-0.25595,0,-0.00516,0.112,0.01565,0.19695,-1.03441,-0.21102,0.10003,0.94569,0.82937,-0,-0.67716,-0.96291,0,2e-05,-16.72428,4.56468,0.00016,-6.90676,23.20756,-0.00035,-0.00301,0.03308,-0.02754,0.13505,0.02745,0.04153,-0.03683,0.0996,-0.02622,-0.01161,0.24317,0.0014,0.06135,0.02004,-0.00339
93.02,0.02297,-0.00672,0.00153,-0.29265,0,-0.01145,0.06794,-0.06158,0.23471,-0.66359,0.10393,0.10576,1.28574,0.82227,-0,-0.5972,-0.08558,0,3e-05,-14.83745,3.87988,6e-05,-6.18823,20.23506,-0.0001,-0.00022,0.0443,-0.015,0.17139,0.01728,0.01908,-0.02203,0.10523,-0.02423,0.00127,0.26403,-0.01378,0.04552,0.02224,0.01318
93.04,0.02315,-0.00342,-0.00774,-0.32055,0,-0.01653,0.02706,-0.12973,0.26655,-0.33165,0.37742,0.11443,1.56204,0.79119,-0,-0.50647,0.67753,0,6e-05,-11.93356,2.93146,-1e-05,-5.0742,15.98152,8e-05,0.00183,0.05571,-0.00304,0.20677,0.00386,-0.00071,-0.00825,0.10394,-0.02012,0.01272,0.27823,-0.03062,0.03067,0.02402,0.02814
93.06,0.02296,-0.00061,-0.01631,-0.33587,0,-0.02026,-0.01131,-0.18539,0.29339,-0.04116,0.58945,0.1243,1.72391,0.73603,-0,-0.41055,1.2646,1e-05,0.0001,-8.39176,1.83165,-6e-05,-3.69829,10.95247,0.0002,0.00319,0.06717,0.00827,0.23816,-0.01348,-0.01621,0.00338,0.09513,-0.01398,0.02283,0.28528,-0.04775,0.01803,0.0247,0.03827
93.08,0.02239,0.00156,-0.02407,-0.33569,0,-0.02263,-0.04798,-0.22635,0.31589,0.20888,0.72696,0.13309,1.73502,0.65731,-0,-0.31381,1.63636,1e-05,0.00012,-4.62735,0.70213,-9e-05,-2.21021,5.69584,0.00027,0.00396,0.07838,0.01891,0.26259,-0.03483,-0.02639,0.01208,0.07886,-0.00609,0.03176,0.28462,-0.06366,0.00836,0.02376,0.04127
93.1,0.02145,0.003,-0.03091,-0.31833,0,-0.02373,-0.08345,-0.25189,0.33406,0.42142,0.78532,0.13852,1.58163,0.55693,-0,-0.21955,1.78363,1e-05,0.00013,-1.02436,-0.34598,-0.0001,-0.75202,0.71434,0.00029,0.00425,0.08885,0.02889,0.27746,-0.05957,-0.03094,0.01752,0.05592,0.00309,0.0397,0.27559,-0.07692,0.00189,0.02089,0.03608
93.12,0.02019,0.00374,-0.03675,-0.28355,0,-0.02373,-0.11772,-0.26275,0.34705,0.6,0.76858,0.13867,1.2759,0.43861,-0,-0.13008,1.72927,1e-05,0.00012,2.11439,-1.22688,-0.0001,0.55993,-3.5994,0.00029,0.00415,0.09792,0.03817,0.28081,-0.08633,-0.03025,0.01975,0.02781,0.01302,0.04678,0.25754,-0.0863,-0.00169,0.01607,0.02304
93.14,0.01865,0.00386,-0.0415,-0.23265,0,-0.02282,-0.15022,-0.26092,0.35334,0.748,0.68827,0.13226,0.85313,0.30781,-0,-0.04695,1.52317,1e-05,8e-05,4.59274,-1.88745,-0.0001,1.64498,-6.99528,0.00027,0.00376,0.10481,0.04663,0.27144,-0.11313,-0.02532,0.01919,-0.00344,0.02306,0.053,0.23002,-0.09093,-0.00313,0.00953,0.00373
93.16,0.01692,0.00354,-0.04506,-0.16829,0,-0.02122,-0.18001,-0.2492,0.35122,0.86844,0.56102,0.11884,0.36387,0.17106,-0,0.02895,1.23181,0,3e-05,6.32295,-2.30749,-9e-05,2.46019,-9.3674,0.00023,0.00315,0.10871,0.05408,0.24907,-0.13761,-0.01758,0.0165,-0.03541,0.03258,0.05827,0.19307,-0.09032,-0.00343,0.0017,-0.01949
93.18,0.0151,0.00294,-0.04733,-0.09418,0,-0.01911,-0.20604,-0.23065,0.33932,0.96424,0.4056,0.0988,-0.13652,0.03518,0,0.09724,0.92524,-0,-3e-05,7.31054,-2.49483,-7e-05,2.9965,-10.73354,0.00018,0.0024,0.10893,0.06024,0.2143,-0.15734,-0.00863,0.01245,-0.0656,0.04102,0.0624,0.14748,-0.08443,-0.00364,-0.00688,-0.04393
93.2,0.01328,0.00225,-0.04821,-0.0148,0,-0.01665,-0.22748,-0.2081,0.3172,1.03854,0.24018,0.07337,-0.59792,-0.09359,0,0.15789,0.66478,-1e-05,-0.0001,7.63034,-2.47794,-5e-05,3.27158,-11.20295,0.00013,0.00158,0.10499,0.06479,0.16861,-0.17019,-1e-05,0.00783,-0.09164,0.04788,0.06514,0.09501,-0.07359,-0.00466,-0.01561,-0.06714
93.22,0.01157,0.00162,-0.04762,0.06506,0,-0.01398,-0.24388,-0.18385,0.2856,1.09477,0.08016,0.04439,-0.98275,-0.21028,1e-05,0.21116,0.4945,-1e-05,-0.00017,7.40044,-2.29783,-3e-05,3.32141,-10.94127,9e-05,0.00075,0.09674,0.06741,0.11421,-0.17461,0.00701,0.00333,-0.11154,0.0528,0.06623,0.03833,-0.05854,-0.00709,-0.02399,-0.08721
93.24,0.01006,0.00114,-0.04552,0.14066,0,-0.01118,-0.25521,-0.15948,0.24642,1.13647,-0.06301,0.01411,-1.26911,-0.31148,1e-05,0.25744,0.43753,-2e-05,-0.00023,6.75864,-2.0009,-2e-05,3.19212,-10.1385,4e-05,-4e-05,0.08438,0.06782,0.0539,-0.16977,0.01153,-0.0005,-0.12383,0.05558,0.06548,-0.0192,-0.04026,-0.0112,-0.03156,-0.10295
93.26,0.00882,0.00089,-0.04194,0.20779,0,-0.00833,-0.26183,-0.13589,0.20242,1.16678,-0.1821,-0.01516,-1.45026,-0.3954,1e-05,0.29711,0.49709,-2e-05,-0.00028,5.8437,-1.63309,-0,2.93296,-8.9831,0,-0.00074,0.0685,0.06582,-0.00921,-0.15576,0.0131,-0.00333,-0.12775,0.05612,0.06274,-0.07392,-0.01989,-0.01692,-0.03801,-0.1139
93.28,0.00792,0.00088,-0.03695,0.26308,0,-0.00546,-0.2643,-0.11347,0.15671,1.18788,-0.27378,-0.04134,-1.53143,-0.46167,1e-05,0.33046,0.66062,-2e-05,-0.00032,4.78207,-1.23587,1e-05,2.59093,-7.64358,-3e-05,-0.00133,0.04999,0.06137,-0.07193,-0.13348,0.01171,-0.005,-0.12325,0.05452,0.058,-0.12241,0.00135,-0.02397,-0.04315,-0.12012
93.3,0.00735,0.00108,-0.03073,0.30428,0,-0.00261,-0.26321,-0.09226,0.11234,1.20054,-0.33785,-0.06279,-1.52568,-0.511,1e-05,0.35766,0.90516,-3e-05,-0.00035,3.67987,-0.84368,2e-05,2.20714,-6.25737,-6e-05,-0.00176,0.02999,0.05456,-0.13121,-0.10466,0.00775,-0.00553,-0.11103,0.05098,0.05138,-0.1619,0.02232,-0.03188,-0.04693,-0.12207
93.32,0.00712,0.00144,-0.02354,0.3304,0,0.00019,-0.25908,-0.07217,0.07183,1.204,-0.37632,-0.07854,-1.44988,-0.54483,1e-05,0.37867,1.20238,-3e-05,-0.00037,2.61927,-0.4829,3e-05,1.81482,-4.92627,-7e-05,-0.00203,0.00982,0.04568,-0.18438,-0.07165,0.00193,-0.00507,-0.09244,0.0458,0.04312,-0.1906,0.04198,-0.04015,-0.04936,-0.1204
93.34,0.00719,0.00189,-0.01571,0.34156,0,0.00288,-0.25224,-0.05312,0.03706,1.19614,-0.39256,-0.0882,-1.32169,-0.56489,1e-05,0.3933,1.52239,-3e-05,-0.00038,1.65826,-0.17172,3e-05,1.43865,-3.71697,-8e-05,-0.00214,-0.0092,0.03517,-0.22927,-0.03712,-0.00487,-0.00387,-0.06929,0.03939,0.0336,-0.20778,0.05945,-0.04823,-0.05054,-0.11584
93.36,0.00748,0.00235,-0.00758,0.33891,0,0.00542,-0.24284,-0.03509,0.00916,1.17408,-0.39051,-0.09192,-1.15764,-0.57283,1e-05,0.40122,1.83611,-3e-05,-0.00038,0.83276,0.07918,3e-05,1.09512,-2.66542,-8e-05,-0.00208,-0.02583,0.02356,-0.26428,-0.00381,-0.01175,-0.00221,-0.04366,0.0322,0.02328,-0.21363,0.07405,-0.05562,-0.05061,-0.10908
93.38,0.00791,0.00277,0.00047,0.32426,0,0.00773,-0.23091,-0.01815,-0.01139,1.13486,-0.37417,-0.09026,-0.97235,-0.57,1e-05,0.40208,2.11664,-3e-05,-0.00037,0.16007,0.26559,3e-05,0.79365,-1.7833,-7e-05,-0.00188,-0.03911,0.01147,-0.28846,0.02583,-0.01787,-0.00033,-0.01762,0.02469,0.01265,-0.20912,0.08528,-0.06185,-0.04971,-0.10081
93.4,0.00839,0.0031,0.00813,0.29989,0,0.00972,-0.21637,-0.00246,-0.02465,1.07621,-0.34714,-0.08395,-0.77836,-0.55725,1e-05,0.39552,2.33989,-3e-05,-0.00035,-0.35702,0.38847,2e-05,0.53797,-1.06525,-6e-05,-0.00156,-0.04836,-0.0005,-0.30155,0.04989,-0.02263,0.00157,0.00698,0.0173,0.0022,-0.19568,0.09282,-0.0665,-0.04794,-0.09166
93.42,0.00882,0.00332,0.01511,0.26827,0,0.01132,-0.1992,0.01178,-0.03107,0.99708,-0.31251,-0.07385,-0.58627,-0.53499,1e-05,0.38133,2.48523,-2e-05,-0.00031,-0.72613,0.45272,2e-05,0.32772,-0.49565,-5e-05,-0.00115,-0.05335,-0.01177,-0.30385,0.06718,-0.02567,0.0034,0.02862,0.01043,-0.00761,-0.17506,0.09654,-0.06917,-0.0454,-0.08224
93.44,0.00913,0.00342,0.02121,0.23189,0,0.01242,-0.17942,0.02434,-0.0314,0.89791,-0.27271,-0.0608,-0.40485,-0.50319,1e-05,0.35937,2.53615,-2e-05,-0.00026,-0.96164,0.466,1e-05,0.15978,-0.0542,-3e-05,-0.0007,-0.05419,-0.02186,-0.29621,0.07728,-0.02693,0.0051,0.04621,0.00442,-0.01639,-0.14908,0.09647,-0.06956,-0.04216,-0.07312
93.46,0.00923,0.00343,0.02628,0.19308,0,0.01298,-0.15717,0.035,-0.02662,0.78049,-0.22965,-0.0456,-0.24107,-0.46166,1e-05,0.32969,2.48121,-2e-05,-0.0002,-1.08167,0.43765,1e-05,0.02946,0.28005,-1e-05,-0.00024,-0.05135,-0.03037,-0.27982,0.08043,-0.02657,0.00667,0.05907,-0.00048,-0.02385,-0.11959,0.09282,-0.06741,-0.03827,-0.06481
93.48,0.0091,0.00336,0.03025,0.15394,0,0.01296,-0.13274,0.04359,-0.01791,0.64783,-0.18477,-0.02902,-0.09999,-0.41023,0,0.29247,2.31524,-1e-05,-0.00013,-1.10577,0.37789,-0,-0.06859,0.52601,0,0.00019,-0.04551,-0.03704,-0.25611,0.07745,-0.02492,0.00812,0.06684,-0.00409,-0.02979,-0.08833,0.08592,-0.06258,-0.03379,-0.05771
93.5,0.00873,0.00324,0.03311,0.1163,0,0.01238,-0.10655,0.04997,-0.00659,0.50379,-0.13925,-0.0118,0.01533,-0.34911,0,0.24811,2.04045,-0,-6e-05,-1.05339,0.29707,-1e-05,-0.13973,0.69921,2e-05,0.00056,-0.03752,-0.04173,-0.22659,0.06955,-0.02241,0.00942,0.06945,-0.00634,-0.03413,-0.05699,0.07627,-0.05505,-0.02881,-0.05208
93.52,0.00812,0.00307,0.03489,0.08168,0,0.0113,-0.07922,0.05412,0.00593,0.35288,-0.0941,0.0053,0.1039,-0.27912,0,0.19734,1.66704,0,0,-0.94281,0.20518,-1e-05,-0.18887,0.8114,3e-05,0.00086,-0.02828,-0.0444,-0.19276,0.05814,-0.01947,0.01051,0.06701,-0.00722,-0.03689,-0.02714,0.06446,-0.045,-0.02347,-0.04802
93.54,0.00735,0.00288,0.03568,0.05129,0,0.00983,-0.05149,0.05606,0.01824,0.19995,-0.05031,0.02153,0.16669,-0.20186,-0,0.14125,1.21306,0,5e-05,-0.79061,0.11127,-1e-05,-0.22025,0.87088,4e-05,0.00106,-0.01863,-0.04514,-0.15604,0.04466,-0.01651,0.01129,0.05977,-0.0068,-0.03819,-0.00027,0.05117,-0.03278,-0.01795,-0.04541
93.56,0.00646,0.00267,0.03559,0.02605,0,0.00811,-0.02421,0.05591,0.02905,0.04999,-0.00888,0.03613,0.20646,-0.11978,-0,0.08142,0.7035,0,6e-05,-0.61147,0.02308,-2e-05,-0.23732,0.8834,4e-05,0.00117,-0.0093,-0.04413,-0.1177,0.03044,-0.01383,0.01163,0.04805,-0.00517,-0.03821,0.0223,0.03709,-0.01899,-0.01251,-0.04397
93.58,0.00557,0.00242,0.03475,0.00652,0,0.00629,0.00169,0.05385,0.03728,-0.09205,0.02922,0.04837,0.22738,-0.03615,-0,0.01998,0.16867,0,4e-05,-0.4181,-0.0533,-2e-05,-0.24277,0.85335,4e-05,0.0012,-0.00086,-0.04162,-0.07884,0.0166,-0.01165,0.0114,0.03229,-0.0025,-0.03719,0.03948,0.0229,-0.00441,-0.00742,-0.04322
93.6,0.00474,0.00216,0.03332,-0.00701,0,0.00451,0.02526,0.05017,0.04223,-0.22141,0.063,0.05759,0.23454,0.04513,-0,-0.04044,-0.358,0,0,-0.22152,-0.11366,-2e-05,-0.23865,0.78483,4e-05,0.00115,0.00632,-0.03788,-0.04042,0.00396,-0.01004,0.01051,0.01299,0.00108,-0.03541,0.05042,0.00917,0.01002,-0.003,-0.04258
93.62,0.00408,0.00186,0.03145,-0.01462,0,0.00291,0.04559,0.0452,0.04358,-0.3337,0.09155,0.06327,0.2333,0.1198,0,-0.09684,-0.84273,-0,-6e-05,-0.03116,-0.15569,-2e-05,-0.22648,0.68258,4e-05,0.00104,0.01207,-0.03325,-0.0033,-0.00698,-0.00898,0.00892,-0.00916,0.00539,-0.03313,0.05468,-0.0036,0.02325,0.00049,-0.04144
93.64,0.00365,0.00156,0.02932,-0.01671,0,0.00157,0.0619,0.03931,0.04141,-0.42504,0.11407,0.06507,0.2285,0.18376,0,-0.14608,-1.25456,-1e-05,-0.00012,0.14491,-0.17883,-1e-05,-0.20743,0.55237,3e-05,0.0009,0.01638,-0.02806,0.03171,-0.01599,-0.00839,0.00664,-0.03332,0.01023,-0.03063,0.05225,-0.01503,0.03427,0.0028,-0.03923
93.66,0.00349,0.00125,0.02707,-0.01397,0,0.00056,0.07358,0.03294,0.03616,-0.49228,0.12996,0.06286,0.22371,0.23353,0,-0.1853,-1.56879,-1e-05,-0.00016,0.29988,-0.18397,-1e-05,-0.18247,0.40115,3e-05,0.00074,0.01937,-0.02265,0.06379,-0.02302,-0.00812,0.00369,-0.05839,0.01539,-0.02812,0.04367,-0.02485,0.04227,0.00381,-0.0356
93.68,0.00362,0.00095,0.02484,-0.0074,0,-0.00011,0.08025,0.0265,0.02853,-0.53325,0.13888,0.0568,0.22056,0.26682,1e-05,-0.21232,-1.76996,-1e-05,-0.00018,0.42827,-0.17319,-1e-05,-0.15252,0.23683,2e-05,0.00058,0.0212,-0.01732,0.09205,-0.02818,-0.00801,0.00016,-0.08301,0.02059,-0.02575,0.03001,-0.03286,0.04673,0.00355,-0.03044
93.7,0.00399,0.00067,0.02271,0.00176,0,-0.00048,0.08189,0.02043,0.0194,-0.54695,0.14078,0.04731,0.21845,0.28286,0,-0.22592,-1.85387,-1e-05,-0.00016,0.52594,-0.14932,-1e-05,-0.11858,0.06798,2e-05,0.00043,0.02208,-0.01235,0.11554,-0.0316,-0.00794,-0.00387,-0.10564,0.02553,-0.02363,0.01285,-0.03894,0.04755,0.00218,-0.02401
93.72,0.00456,0.00043,0.02076,0.01214,0,-0.00058,0.07875,0.01509,0.00966,-0.53375,0.13599,0.03511,0.21472,0.28257,0,-0.22608,-1.8278,-1e-05,-0.0001,0.59021,-0.11568,-0,-0.08183,-0.09654,1e-05,0.00032,0.02217,-0.00799,0.13331,-0.03342,-0.00782,-0.00829,-0.1246,0.02986,-0.02176,-0.00585,-0.04303,0.04507,4e-05,-0.01682
93.74,0.00522,0.00024,0.01902,0.02231,0,-0.00052,0.07144,0.0108,0.0002,-0.49545,0.12515,0.02111,0.20536,0.26828,-0,-0.21393,-1.7089,-0,-1e-05,0.61997,-0.07583,-0,-0.0437,-0.24798,1e-05,0.00024,0.02159,-0.00441,0.14447,-0.03371,-0.00759,-0.013,-0.13824,0.03322,-0.02012,-0.02396,-0.04511,0.03998,-0.00243,-0.0096
93.76,0.00587,0.0001,0.0175,0.03097,0,-0.00037,0.0608,0.00778,-0.00826,-0.43529,0.10919,0.00638,0.18608,0.24338,-0,-0.1916,-1.52107,1e-05,0.00012,0.61579,-0.03329,-0,-0.00584,-0.3781,1e-05,0.0002,0.02042,-0.00172,0.14831,-0.03252,-0.00725,-0.01782,-0.14517,0.0353,-0.01863,-0.03952,-0.04522,0.03318,-0.00475,-0.00306
93.78,0.00641,0,0.01617,0.03707,0,-0.00025,0.04789,0.00616,-0.01523,-0.35784,0.08924,-0.00801,0.15352,0.21172,-1e-05,-0.16194,-1.29116,2e-05,0.00026,0.58001,0.00859,-0,0.02988,-0.47966,1e-05,0.00019,0.01868,2e-05,0.14446,-0.02987,-0.00679,-0.02255,-0.14445,0.03586,-0.0172,-0.05098,-0.04344,0.02565,-0.00646,0.00223
93.8,0.00676,-6e-05,0.015,0.03992,0,-0.00024,0.0339,0.00593,-0.02046,-0.26891,0.06661,-0.02105,0.10633,0.17711,-1e-05,-0.12819,-1.04536,3e-05,0.00039,0.51685,0.04682,-0,0.0615,-0.54689,1e-05,0.00021,0.01638,0.00084,0.13301,-0.0258,-0.00621,-0.02691,-0.13576,0.03475,-0.01576,-0.05745,-0.03992,0.01824,-0.00722,0.00605
93.82,0.00685,-0.00011,0.01397,0.03928,0,-0.0004,0.02005,0.00698,-0.02397,-0.17533,0.04262,-0.03189,0.04578,0.14292,-2e-05,-0.0937,-0.80651,4e-05,0.00051,0.43235,0.07892,-0,0.08709,-0.57597,1e-05,0.00024,0.01351,0.00081,0.11454,-0.02035,-0.00551,-0.03055,-0.11946,0.03198,-0.01425,-0.0588,-0.03483,0.01162,-0.0068,0.0085
93.84,0.00663,-0.00017,0.01304,0.0353,0,-0.00076,0.0076,0.0091,-0.02601,-0.08462,0.01857,-0.03994,-0.02417,0.11185,-2e-05,-0.06164,-0.59251,5e-05,0.00061,0.33421,0.10304,-0,0.10491,-0.56554,1e-05,0.00027,0.01008,8e-05,0.09011,-0.01365,-0.00464,-0.03306,-0.09658,0.02766,-0.01265,-0.05553,-0.02844,0.00619,-0.00517,0.01
93.86,0.0061,-0.00026,0.01218,0.02848,0,-0.00133,-0.00229,0.01202,-0.02699,-0.0046,-0.00443,-0.04486,-0.09734,0.0859,-2e-05,-0.03482,-0.41587,5e-05,0.00067,0.23136,0.11814,-0,0.11368,-0.51704,1e-05,0.00029,0.00607,-0.00119,0.0612,-0.00583,-0.00356,-0.03403,-0.06862,0.02201,-0.01096,-0.04866,-0.02101,0.00215,-0.00242,0.01111
93.88,0.00524,-0.00041,0.01138,0.01952,0,-0.00211,-0.0086,0.01546,-0.02738,0.05718,-0.02548,-0.0466,-0.16618,0.06643,-2e-05,-0.01545,-0.28406,5e-05,0.00068,0.13347,0.12407,-0,0.11269,-0.43497,1e-05,0.00029,0.00153,-0.00284,0.02954,0.00287,-0.00221,-0.03307,-0.03741,0.01529,-0.00922,-0.03939,-0.01284,-0.00046,0.00122,0.01236
93.9,0.00405,-0.00065,0.01062,0.00926,0,-0.00303,-0.01049,0.01914,-0.02765,0.09389,-0.04398,-0.04541,-0.22273,0.05423,-2e-05,-0.00508,-0.20026,5e-05,0.00065,0.05027,0.12156,-0,0.10199,-0.32676,1e-05,0.00025,-0.00352,-0.00469,-0.00298,0.01218,-0.0005,-0.02988,-0.0049,0.00781,-0.00749,-0.02888,-0.00422,-0.00169,0.00546,0.0141
93.92,0.00255,-0.00099,0.00992,-0.00148,0,-0.00403,-0.00737,0.02282,-0.02817,0.10005,-0.05965,-0.04178,-0.25966,0.04965,-2e-05,-0.00449,-0.16423,4e-05,0.00058,-0.00929,0.11215,-0,0.08241,-0.20216,1e-05,0.00017,-0.00897,-0.00662,-0.03442,0.02176,0.00162,-0.02432,0.02701,-0.00014,-0.00582,-0.01809,0.00453,-0.00161,0.00995,0.01643
93.94,0.00074,-0.00143,0.00929,-0.01199,0,-0.00503,0.00108,0.02632,-0.02919,0.07197,-0.07245,-0.03638,-0.27107,0.05262,-1e-05,-0.01367,-0.17302,4e-05,0.00046,-0.03792,0.09795,-0,0.05547,-0.07212,0,5e-05,-0.01467,-0.00849,-0.06286,0.03114,0.00421,-0.01645,0.05649,-0.00826,-0.0043,-0.00767,0.01311,-0.00029,0.01435,0.01917
93.96,-0.00137,-0.00198,0.00873,-0.02171,0,-0.00593,0.01483,0.02948,-0.03077,0.00825,-0.08255,-0.02996,-0.25321,0.06267,-1e-05,-0.03186,-0.22146,2e-05,0.0003,-0.03095,0.08124,0,0.02319,0.05265,-0,-0.00012,-0.02037,-0.01021,-0.0865,0.03979,0.00729,-0.00661,0.08191,-0.01628,-0.00302,0.00197,0.02118,0.0022,0.01835,0.02203
93.98,-0.00373,-0.00264,0.00826,-0.03028,0,-0.00665,0.03347,0.03221,-0.03278,-0.08983,-0.09019,-0.02327,-0.20496,0.07885,-0,-0.05758,-0.30246,1e-05,0.00012,0.01289,0.0642,0,-0.01214,0.16315,-1e-05,-0.00031,-0.02577,-0.01169,-0.10371,0.04705,0.01088,0.00459,0.10182,-0.02395,-0.00204,0.01061,0.02838,0.00578,0.02169,0.02466
94,-0.0063,-0.00337,0.00787,-0.03753,0,-0.00711,0.05625,0.03441,-0.03493,-0.21815,-0.09563,-0.01697,-0.12796,0.0997,0,-0.08869,-0.40731,-1e-05,-8e-05,0.09111,0.04851,1e-05,-0.04816,0.25324,-2e-05,-0.00051,-0.03043,-0.01286,-0.11317,0.05221,0.01496,0.01629,0.11507,-0.03097,-0.00145,0.01811,0.03432,0.01036,0.0242,0.02683
94.02,-0.00899,-0.00415,0.00755,-0.04346,0,-0.00724,0.08198,0.03601,-0.03684,-0.36981,-0.09898,-0.01157,-0.02654,0.12328,1e-05,-0.12254,-0.52592,-2e-05,-0.00027,0.19748,0.03522,1e-05,-0.08266,0.32005,-3e-05,-0.0007,-0.0339,-0.01367,-0.11405,0.05453,0.01947,0.02743,0.12087,-0.03706,-0.00132,0.02432,0.03856,0.01574,0.02576,0.02847
94.04,-0.01168,-0.00494,0.00728,-0.04812,0,-0.00698,0.10916,0.03693,-0.03803,-0.53547,-0.10023,-0.00741,0.09281,0.1472,1e-05,-0.1561,-0.64728,-3e-05,-0.00044,0.32284,0.02471,1e-05,-0.11363,0.36372,-3e-05,-0.00086,-0.03566,-0.01406,-0.10618,0.05332,0.02431,0.03692,0.11896,-0.04187,-0.00168,0.02904,0.04068,0.02166,0.02633,0.02966
94.06,-0.01419,-0.00569,0.00704,-0.0516,0,-0.00632,0.13598,0.03705,-0.03808,-0.70405,-0.09912,-0.00465,0.22209,0.16877,2e-05,-0.18621,-0.76001,-4e-05,-0.00058,0.45622,0.01676,1e-05,-0.13934,0.38642,-4e-05,-0.00096,-0.03529,-0.01406,-0.09027,0.04811,0.02936,0.04375,0.10981,-0.04501,-0.00256,0.03204,0.04027,0.02776,0.02593,0.03058
94.08,-0.01632,-0.00636,0.00678,-0.05389,0,-0.00527,0.16043,0.03626,-0.03667,-0.86357,-0.09522,-0.00329,0.3527,0.1852,2e-05,-0.20975,-0.85312,-5e-05,-0.00066,0.5863,0.01076,1e-05,-0.15835,0.3912,-4e-05,-0.00099,-0.03243,-0.01371,-0.06801,0.03869,0.03445,0.04723,0.09466,-0.0461,-0.00392,0.03309,0.03698,0.03358,0.02462,0.03136
94.1,-0.01781,-0.00687,0.00646,-0.05485,0,-0.00385,0.18046,0.03439,-0.03366,-1.00211,-0.08797,-0.00315,0.47619,0.19383,2e-05,-0.22396,-0.91674,-5e-05,-0.0007,0.7027,0.00592,1e-05,-0.16955,0.38087,-3e-05,-0.00095,-0.02696,-0.0131,-0.04206,0.02529,0.03933,0.04703,0.07557,-0.04471,-0.0057,0.03204,0.03064,0.03861,0.02249,0.03203
94.12,-0.01843,-0.00718,0.00607,-0.05426,0,-0.00213,0.19413,0.03132,-0.02911,-1.1087,-0.07675,-0.00397,0.58495,0.19243,2e-05,-0.22665,-0.94287,-5e-05,-0.00068,0.79693,0.00148,1e-05,-0.17217,0.35733,-3e-05,-0.00083,-0.01897,-0.01235,-0.01575,0.00855,0.04373,0.0433,0.05517,-0.04055,-0.00776,0.02884,0.02125,0.04232,0.01964,0.03244
94.14,-0.01795,-0.00722,0.00555,-0.0518,0,-0.00021,0.1998,0.02693,-0.02335,-1.17424,-0.06111,-0.00533,0.67255,0.17942,2e-05,-0.21645,-0.92603,-5e-05,-0.00062,0.86284,-0.00314,1e-05,-0.16584,0.32143,-2e-05,-0.00066,-0.00883,-0.01158,0.0074,-0.01044,0.04731,0.03657,0.03626,-0.03344,-0.00992,0.02365,0.00912,0.04421,0.01623,0.03225
94.16,-0.01622,-0.00695,0.00487,-0.04724,0,0.00179,0.19627,0.0212,-0.01689,-1.19213,-0.04087,-0.00675,0.73403,0.15419,2e-05,-0.19298,-0.86381,-4e-05,-0.00052,0.89665,-0.00825,1e-05,-0.15067,0.27338,-2e-05,-0.00045,0.00285,-0.01086,0.02434,-0.03023,0.04967,0.02766,0.02125,-0.02349,-0.01194,0.01685,-0.00512,0.0439,0.01238,0.03106
94.18,-0.0132,-0.00636,0.00401,-0.04047,0,0.00373,0.18304,0.01419,-0.01038,-1.15892,-0.01631,-0.00767,0.76596,0.11723,1e-05,-0.15702,-0.7572,-3e-05,-0.0004,0.89666,-0.01383,0,-0.12734,0.2134,-1e-05,-0.00023,0.01523,-0.0102,0.03317,-0.04914,0.05037,0.01749,0.01168,-0.01112,-0.01357,0.00902,-0.02052,0.04113,0.00827,0.02843
94.2,-0.00897,-0.00545,0.00294,-0.03164,0,0.00544,0.16033,0.00612,-0.00455,-1.07458,0.01172,-0.00751,0.76641,0.07028,1e-05,-0.11046,-0.61077,-2e-05,-0.00028,0.86289,-0.0196,-0,-0.0971,0.14252,0,-2e-05,0.02733,-0.0095,0.03352,-0.06546,0.04898,0.00696,0.00781,0.00289,-0.01452,0.00095,-0.03577,0.03589,0.00406,0.02403
94.22,-0.00377,-0.00424,0.00164,-0.02121,0,0.00678,0.12915,-0.00267,-8e-05,-0.9425,0.04181,-0.00577,0.73486,0.01626,1e-05,-0.05628,-0.43241,-1e-05,-0.00015,0.79664,-0.02507,-1e-05,-0.06176,0.0631,1e-05,0.00016,0.03812,-0.00858,0.02666,-0.07756,0.04514,-0.00318,0.00861,0.01743,-0.01454,-0.00642,-0.04941,0.02839,-8e-05,0.01767
94.24,0.00206,-0.0028,0.00011,-0.00985,0,0.00759,0.09119,-0.01171,0.00248,-0.76897,0.07206,-0.00207,0.67202,-0.04097,0,0.00178,-0.23271,-1e-05,-3e-05,0.70007,-0.02969,-1e-05,-0.02358,-0.02094,2e-05,0.00031,0.04664,-0.00719,0.01511,-0.08419,0.0386,-0.01235,0.01209,0.03124,-0.01341,-0.0121,-0.05993,0.01904,-0.00399,0.00934
94.26,0.00813,-0.00119,-0.00166,0.00156,0,0.00778,0.04861,-0.02047,0.00283,-0.56243,0.10033,0.0037,0.57957,-0.09697,0,0.0596,-0.02395,0,8e-05,0.57588,-0.03299,-1e-05,0.01499,-0.10431,3e-05,0.00041,0.05215,-0.00512,0.00201,-0.08456,0.02935,-0.02014,0.0159,0.04302,-0.01099,-0.01515,-0.06603,0.00845,-0.00758,-0.00077
94.28,0.01401,0.0005,-0.00362,0.01213,0,0.00727,0.00379,-0.02841,0.00101,-0.3325,0.12443,0.01135,0.4601,-0.14724,0,0.11314,0.18104,1e-05,0.00018,0.42723,-0.03469,-1e-05,0.05152,-0.18085,3e-05,0.00047,0.05423,-0.00223,-0.00975,-0.07856,0.01763,-0.02626,0.018,0.0517,-0.00725,-0.01483,-0.06687,-0.00269,-0.01079,-0.01237
94.3,0.01933,0.00216,-0.00573,0.02104,0,0.00608,-0.04089,-0.03501,-0.0026,-0.08915,0.14243,0.02029,0.31692,-0.18768,-0,0.15888,0.37011,1e-05,0.00025,0.2577,-0.0348,-1e-05,0.08387,-0.24427,4e-05,0.00048,0.05287,0.00148,-0.01814,-0.06677,0.00402,-0.03052,0.01722,0.05659,-0.00229,-0.01069,-0.06218,-0.01364,-0.01365,-0.02504
94.32,0.02378,0.00371,-0.00791,0.02765,0,0.00428,-0.08328,-0.03989,-0.00727,0.15794,0.15283,0.02962,0.15411,-0.21501,-0,0.19414,0.53277,1e-05,0.00031,0.07143,-0.03355,-1e-05,0.11036,-0.28908,4e-05,0.00045,0.04848,0.00584,-0.02243,-0.05047,-0.0106,-0.03277,0.01356,0.05747,0.00366,-0.00264,-0.05242,-0.02369,-0.01624,-0.03829
94.34,0.02717,0.00507,-0.01006,0.03158,0,0.00199,-0.12157,-0.04278,-0.01208,0.39988,0.15473,0.03822,-0.02353,-0.22716,-1e-05,0.2173,0.661,1e-05,0.00036,-0.12666,-0.03131,-1e-05,0.12997,-0.3115,4e-05,0.00039,0.04183,0.01056,-0.02307,-0.03142,-0.02515,-0.0329,0.00801,0.05459,0.01027,0.00899,-0.03859,-0.03224,-0.01867,-0.0516
94.36,0.0294,0.00616,-0.0121,0.03273,0,-0.00059,-0.15436,-0.04356,-0.01604,0.62876,0.14786,0.04495,-0.21043,-0.22345,-1e-05,0.22786,0.74981,1e-05,0.00038,-0.33065,-0.02838,-1e-05,0.14236,-0.3103,4e-05,0.00031,0.03385,0.01525,-0.02136,-0.01162,-0.0385,-0.0309,0.0022,0.04859,0.0171,0.02348,-0.02216,-0.03883,-0.02104,-0.06438
94.38,0.03048,0.00693,-0.0139,0.03123,0,-0.00325,-0.18073,-0.04232,-0.01829,0.83781,0.13264,0.04883,-0.4003,-0.20472,-1e-05,0.22641,0.79758,1e-05,0.00039,-0.53361,-0.02483,-0,0.14789,-0.28738,4e-05,0.00022,0.02554,0.01951,-0.01886,0.00701,-0.04959,-0.02691,-0.00226,0.04038,0.02369,0.03976,-0.00477,-0.0432,-0.02338,-0.07599
94.4,0.03047,0.00737,-0.01539,0.02749,0,-0.00576,-0.20018,-0.03929,-0.01826,1.02137,0.11008,0.04921,-0.5862,-0.17322,-1e-05,0.21446,0.80605,1e-05,0.00038,-0.72762,-0.02036,0,0.14752,-0.24788,3e-05,0.00011,0.01777,0.02299,-0.01679,0.02286,-0.05762,-0.0212,-0.00428,0.03094,0.02956,0.05649,0.01197,-0.04527,-0.02564,-0.08577
94.42,0.02952,0.00747,-0.01649,0.02208,0,-0.00792,-0.21264,-0.03483,-0.01574,1.17485,0.08172,0.04588,-0.76077,-0.13242,-2e-05,0.19429,0.78,1e-05,0.00035,-0.90417,-0.01436,1e-05,0.14267,-0.1995,2e-05,1e-05,0.01116,0.02546,-0.0157,0.03488,-0.06215,-0.01423,-0.00365,0.02126,0.03431,0.07214,0.02669,-0.04519,-0.02766,-0.09302
94.44,0.02778,0.00726,-0.01716,0.01572,0,-0.00955,-0.21832,-0.02944,-0.01094,1.29465,0.04947,0.03905,-0.91656,-0.08654,-3e-05,0.16857,0.72657,1e-05,0.00031,-1.05477,-0.00605,2e-05,0.13499,-0.1513,-0,-8e-05,0.00605,0.02682,-0.01533,0.04257,-0.0631,-0.00657,-0.00109,0.01218,0.03761,0.08511,0.03835,-0.04324,-0.0292,-0.09706
94.46,0.02544,0.00678,-0.0174,0.00919,0,-0.01053,-0.21769,-0.02364,-0.00438,1.3781,0.01546,0.0293,-1.04643,-0.03995,-4e-05,0.14003,0.65424,2e-05,0.00026,-1.17182,0.00521,3e-05,0.12604,-0.11188,-3e-05,-0.00016,0.00249,0.02713,-0.01479,0.04605,-0.06078,0.00115,0.00193,0.00438,0.03927,0.09387,0.04629,-0.03984,-0.03,-0.09726
94.48,0.02268,0.00607,-0.01722,0.00326,0,-0.01079,-0.21135,-0.01796,0.00318,1.42352,-0.01821,0.01742,-1.14418,0.00332,-5e-05,0.11113,0.57187,3e-05,0.00019,-1.24954,0.01964,5e-05,0.11706,-0.08759,-7e-05,-0.00023,0.00028,0.02654,-0.01286,0.04585,-0.05579,0.00831,0.00364,-0.00165,0.03922,0.09708,0.05024,-0.03544,-0.0298,-0.09315
94.5,0.01966,0.00521,-0.0167,-0.00138,0,-0.01036,-0.19996,-0.01289,0.0109,1.43026,-0.04959,0.00427,-1.20503,0.04018,-6e-05,0.08381,0.48772,4e-05,0.00011,-1.28467,0.03684,6e-05,0.10873,-0.08121,-0.00012,-0.00027,-0.00093,0.0253,-0.00838,0.04285,-0.04893,0.01443,0.00237,-0.00566,0.03754,0.09373,0.05025,-0.03051,-0.02843,-0.08446
94.52,0.01652,0.00424,-0.01591,-0.00415,0,-0.00932,-0.18426,-0.0088,0.01794,1.3988,-0.07703,-0.00926,-1.22598,0.0687,-7e-05,0.05929,0.40876,7e-05,2e-05,-1.27685,0.0557,7e-05,0.1012,-0.09146,-0.00019,-0.0003,-0.00158,0.02368,-0.00062,0.03806,-0.04108,0.01916,-0.00304,-0.00758,0.03446,0.08328,0.04664,-0.02546,-0.0258,-0.07119
94.54,0.01339,0.00322,-0.01495,-0.00471,0,-0.00778,-0.16497,-0.00596,0.0236,1.3307,-0.09931,-0.02242,-1.20599,0.08816,-9e-05,0.03809,0.34019,0.0001,-8e-05,-1.22843,0.07462,8e-05,0.09405,-0.11353,-0.00026,-0.00029,-0.00209,0.02196,0.01049,0.03245,-0.03306,0.02232,-0.01293,-0.00753,0.03028,0.06578,0.03997,-0.02061,-0.02198,-0.05366
94.56,0.01034,0.0022,-0.01393,-0.00295,0,-0.00591,-0.14283,-0.00449,0.02737,1.22858,-0.11565,-0.03455,-1.14599,0.09897,-0.0001,0.02012,0.28525,0.00014,-0.00019,-1.14387,0.09175,9e-05,0.08655,-0.14043,-0.00034,-0.00026,-0.0028,0.02031,0.02429,0.02681,-0.02549,0.02386,-0.02677,-0.00578,0.02537,0.04186,0.03099,-0.01624,-0.01712,-0.03252
94.58,0.00745,0.00121,-0.01293,0.00097,0,-0.00385,-0.11859,-0.00439,0.02901,1.09608,-0.12578,-0.04511,-1.04875,0.10233,-0.0001,0.00481,0.24525,0.00018,-0.0003,-1.02901,0.10542,0.0001,0.07788,-0.16479,-0.00043,-0.00021,-0.00387,0.01885,0.03935,0.02166,-0.01873,0.02386,-0.0431,-0.00277,0.02011,0.01283,0.02054,-0.0125,-0.01146,-0.00878
94.6,0.00474,0.00028,-0.01203,0.00661,0,-0.00172,-0.09299,-0.00554,0.02852,0.93778,-0.12984,-0.05365,-0.91876,0.09991,-0.0001,-0.00867,0.21966,0.00023,-0.00042,-0.89029,0.11446,9e-05,0.06735,-0.18049,-0.00051,-0.00013,-0.00529,0.01755,0.05372,0.01716,-0.01279,0.02245,-0.05976,0.00097,0.01483,-0.01945,0.00957,-0.00949,-0.0053,0.0163
94.62,0.00223,-0.00059,-0.01126,0.0133,0,0.00038,-0.06683,-0.0077,0.02613,0.75916,-0.12837,-0.05983,-0.76195,0.09355,-9e-05,-0.02117,0.20644,0.00028,-0.00056,-0.73419,0.11835,7e-05,0.05457,-0.18377,-0.00058,-4e-05,-0.00691,0.01629,0.06513,0.01321,-0.0074,0.0198,-0.07419,0.00487,0.00979,-0.05265,-0.00098,-0.00723,0.00105,0.04123
94.64,-6e-05,-0.00139,-0.01063,0.02027,0,0.0024,-0.04089,-0.01057,0.02229,0.56636,-0.12211,-0.06335,-0.58536,0.08496,-6e-05,-0.03342,0.20233,0.00032,-0.0007,-0.56683,0.11724,3e-05,0.03953,-0.17356,-0.00061,6e-05,-0.00845,0.01489,0.07141,0.00948,-0.00209,0.0161,-0.08382,0.00833,0.00518,-0.08425,-0.01021,-0.00565,0.00726,0.06445
94.66,-0.00215,-0.00214,-0.01013,0.02668,0,0.00429,-0.01593,-0.01381,0.01751,0.36594,-0.11189,-0.06401,-0.39671,0.07557,-0,-0.04587,0.20318,0.00034,-0.00086,-0.39375,0.11172,-3e-05,0.02256,-0.15119,-0.0006,0.00018,-0.0096,0.01314,0.07086,0.00556,0.00365,0.01156,-0.08658,0.01084,0.00113,-0.11178,-0.0174,-0.00465,0.01305,0.08446
94.68,-0.00403,-0.00282,-0.00972,0.03185,0,0.00602,0.00735,-0.01709,0.01231,0.16457,-0.09843,-0.06167,-0.20398,0.06634,8e-05,-0.05858,0.2044,0.00033,-0.00101,-0.21998,0.10253,-0.00011,0.00425,-0.11951,-0.0005,0.0003,-0.01014,0.01092,0.06265,0.00119,0.01022,0.00645,-0.08129,0.01202,-0.00229,-0.13316,-0.02202,-0.00404,0.01817,0.09999
94.7,-0.00571,-0.00346,-0.00933,0.03528,0,0.00752,0.02834,-0.0201,0.00715,-0.03123,-0.08228,-0.0563,-0.01503,0.05781,0.0002,-0.07122,0.20131,0.00028,-0.00115,-0.0501,0.09037,-0.00023,-0.01465,-0.082,-0.00031,0.00042,-0.00996,0.00819,0.04701,-0.0037,0.01774,0.00105,-0.06794,0.01167,-0.00504,-0.14694,-0.02385,-0.00362,0.02244,0.11013
94.72,-0.00717,-0.00403,-0.00891,0.03676,0,0.00874,0.04652,-0.02259,0.00238,-0.21529,-0.06375,-0.04796,0.16276,0.05005,0.00036,-0.08309,0.18953,0.00017,-0.00126,0.11159,0.07567,-0.00038,-0.03337,-0.04198,2e-05,0.00054,-0.00912,0.00506,0.02526,-0.00892,0.02603,-0.00431,-0.04775,0.00983,-0.0071,-0.1524,-0.02297,-0.00315,0.02571,0.11437
94.74,-0.00839,-0.00454,-0.0084,0.03633,0,0.0096,0.06149,-0.02439,-0.00179,-0.38199,-0.04299,-0.03685,0.3227,0.04281,0.00055,-0.09324,0.16539,-2e-05,-0.0013,0.261,0.05856,-0.00056,-0.05115,-0.00201,0.00052,0.00066,-0.00781,0.00172,-0.00045,-0.01405,0.03458,-0.00929,-0.02292,0.00671,-0.00847,-0.14957,-0.01976,-0.00239,0.02791,0.11263
94.76,-0.00934,-0.00496,-0.00774,0.03428,0,0.01001,0.07292,-0.02539,-0.00529,-0.52644,-0.02007,-0.02326,0.45917,0.03563,0.00078,-0.10066,0.12626,-0.00031,-0.00123,0.39421,0.03896,-0.00078,-0.06734,0.03637,0.00122,0.0008,-0.00632,-0.00156,-0.0275,-0.01852,0.04269,-0.01354,0.0038,0.00272,-0.00916,-0.13911,-0.01483,-0.00116,0.02897,0.10516
94.78,-0.00997,-0.00526,-0.00691,0.03101,0,0.00992,0.08056,-0.02557,-0.00813,-0.64465,0.00487,-0.0076,0.56775,0.02801,0.00104,-0.10445,0.07085,-0.00071,-0.001,0.50758,0.01669,-0.00101,-0.08145,0.07267,0.00213,0.00094,-0.00488,-0.00453,-0.05335,-0.02184,0.04958,-0.01679,0.02966,-0.00161,-0.0092,-0.1221,-0.00893,0.00063,0.02888,0.0925
94.8,-0.01022,-0.00541,-0.00587,0.02701,0,0.00931,0.08424,-0.02493,-0.01039,-0.7337,0.03144,0.00959,0.64548,0.01956,0.00132,-0.10399,-0.00062,-0.00124,-0.00055,0.59778,-0.00832,-0.00124,-0.09316,0.10749,0.00326,0.00111,-0.00366,-0.00697,-0.07593,-0.02364,0.05453,-0.01886,0.05233,-0.00571,-0.00865,-0.09987,-0.00287,0.00299,0.02763,0.07534
94.82,-0.01002,-0.0054,-0.00463,0.02276,0,0.00821,0.08388,-0.02355,-0.01219,-0.79188,0.05898,0.0277,0.69096,0.01016,0.00158,-0.0991,-0.08639,-0.00189,0.00018,0.66202,-0.03602,-0.00146,-0.1024,0.14243,0.0046,0.00129,-0.00273,-0.00878,-0.09384,-0.02379,0.05702,-0.01964,0.07022,-0.00903,-0.00757,-0.07385,0.00259,0.00579,0.02525,0.05455
94.84,-0.00933,-0.0052,-0.00322,0.01865,0,0.0067,0.07949,-0.02152,-0.01365,-0.81879,0.08644,0.04599,0.70435,3e-05,0.0018,-0.09006,-0.18333,-0.00265,0.00125,0.6981,-0.06612,-0.00161,-0.10934,0.18009,0.00609,0.00149,-0.002,-0.00992,-0.10644,-0.02243,0.05673,-0.01914,0.08253,-0.01111,-0.00611,-0.04551,0.00683,0.00881,0.02176,0.03105
94.86,-0.00812,-0.00481,-0.00166,0.01499,0,0.00489,0.07124,-0.0189,-0.01489,-0.81531,0.11244,0.06362,0.68735,-0.01024,0.00194,-0.07758,-0.28725,-0.00351,0.00272,0.70464,-0.09821,-0.00167,-0.11448,0.22397,0.00766,0.0017,-0.00133,-0.01044,-0.11361,-0.01987,0.05364,-0.01746,0.08911,-0.01167,-0.00437,-0.01625,0.00944,0.01178,0.01725,0.0059
94.88,-0.00642,-0.00422,0,0.01195,0,0.00291,0.05945,-0.01578,-0.016,-0.78367,0.1354,0.07969,0.64305,-0.01971,0.00192,-0.06276,-0.39319,-0.0044,0.00463,0.68123,-0.13175,-0.00157,-0.11859,0.27834,0.00916,0.0019,-0.00053,-0.01044,-0.11551,-0.01654,0.04792,-0.01476,0.09022,-0.01061,-0.00252,0.01253,0.01031,0.01438,0.01183,-0.01975
94.9,-0.00428,-0.00345,0.0017,0.00959,0,0.00091,0.04468,-0.0122,-0.01704,-0.72734,0.15364,0.09325,0.57581,-0.02716,0.00168,-0.04693,-0.4958,-0.00524,0.007,0.62862,-0.16623,-0.00125,-0.12272,0.34776,0.01038,0.00207,0.00051,-0.01,-0.11234,-0.01287,0.03993,-0.01121,0.08625,-0.00808,-0.0007,0.03948,0.00959,0.01632,0.00566,-0.04464
94.92,-0.00179,-0.00255,0.0034,0.00788,0,-0.00098,0.02766,-0.00817,-0.01801,-0.65084,0.16557,0.10333,0.49098,-0.03135,0.00113,-0.03148,-0.58943,-0.00591,0.00979,0.54889,-0.20107,-0.00063,-0.12806,0.43638,0.01104,0.00218,0.00186,-0.0092,-0.10416,-0.00922,0.03017,-0.00701,0.07758,-0.00443,0.00097,0.06329,0.00771,0.01736,-0.00101,-0.0674
94.94,0.00088,-0.00154,0.00502,0.0067,0,-0.00267,0.00927,-0.0037,-0.0188,-0.55934,0.1699,0.10902,0.3946,-0.0312,0.00018,-0.01769,-0.66823,-0.00625,0.0129,0.44552,-0.23563,0.00037,-0.13574,0.54678,0.0108,0.00216,0.00348,-0.00808,-0.09094,-0.00585,0.01916,-0.00238,0.06449,-0.00016,0.00235,0.08272,0.00526,0.01733,-0.0079,-0.08667
94.96,0.00358,-0.00049,0.00653,0.00588,0,-0.00406,-0.00952,0.0012,-0.01922,-0.4582,0.16584,0.10951,0.29288,-0.0261,-0.00125,-0.0065,-0.72612,-0.00606,0.01617,0.32339,-0.26904,0.00182,-0.14659,0.67877,0.00922,0.00197,0.00527,-0.00668,-0.07258,-0.00291,0.00745,0.00248,0.04719,0.00415,0.00335,0.0967,0.00291,0.01615,-0.01464,-0.10116
94.98,0.00614,0.00056,0.00786,0.0052,0,-0.00511,-0.02773,0.00646,-0.0189,-0.35253,0.15325,0.1042,0.19185,-0.01618,-0.00326,0.00162,-0.75687,-0.00508,0.01933,0.18872,-0.30014,0.00378,-0.1609,0.82812,0.00583,0.00153,0.00707,-0.00502,-0.0492,-0.00049,-0.00446,0.00732,0.02602,0.00794,0.0039,0.10441,0.00125,0.0138,-0.02084,-0.10983
95,0.00838,0.00157,0.00899,0.00445,0,-0.00578,-0.04446,0.01198,-0.01743,-0.24679,0.13274,0.09281,0.09695,-0.00241,-0.00591,0.00683,-0.75437,-0.00305,0.02198,0.04886,-0.32732,0.00629,-0.17819,0.98586,0.0001,0.00076,0.00874,-0.00313,-0.02129,0.00142,-0.01614,0.01188,0.0015,0.01077,0.00397,0.10543,0.00071,0.01035,-0.02609,-0.11196
95.02,0.01019,0.0025,0.00987,0.00342,0,-0.0061,-0.05895,0.01761,-0.01433,-0.14465,0.10572,0.07547,0.01282,0.01336,-0.00922,0.00988,-0.71308,0.00035,0.0236,-0.0879,-0.34859,0.00935,-0.19714,1.13813,-0.00849,-0.00041,0.01017,-0.00109,0.01017,0.00282,-0.02723,0.0159,-0.02544,0.01234,0.00354,0.09978,0.00146,0.00593,-0.03,-0.10731
95.04,0.01148,0.00334,0.0105,0.00189,0,-0.00607,-0.07056,0.0231,-0.00923,-0.04898,0.07423,0.05283,-0.05686,0.02864,-0.01315,0.01203,-0.6288,0.00542,0.02354,-0.21283,-0.3616,0.01288,-0.21554,1.26705,-0.0204,-0.00207,0.01128,0.001,0.04368,0.00372,-0.03743,0.01908,-0.0535,0.01255,0.00265,0.08803,0.00343,0.00073,-0.03225,-0.09614
95.06,0.01219,0.00407,0.01086,-0.0003,0,-0.00574,-0.07883,0.0282,-0.002,0.03796,0.04076,0.02611,-0.10939,0.04066,-0.01758,0.01488,-0.49956,0.01242,0.02098,-0.31731,-0.36388,0.01672,-0.23048,1.35232,-0.03595,-0.00429,0.01205,0.003,0.07735,0.00414,-0.04646,0.02113,-0.08098,0.01148,0.00134,0.07129,0.00632,-0.00502,-0.03263,-0.07928
95.08,0.01233,0.00468,0.01097,-0.00331,0,-0.00517,-0.08345,0.03265,0.00712,0.11439,0.00792,-0.00291,-0.14308,0.04676,-0.02228,0.02014,-0.32649,0.02152,0.01502,-0.39357,-0.35313,0.02062,-0.23857,1.37367,-0.0552,-0.00714,0.01253,0.00474,0.10906,0.00412,-0.05402,0.02183,-0.1059,0.00934,-0.0003,0.05118,0.00966,-0.01103,-0.03111,-0.058
95.1,0.01193,0.00518,0.01084,-0.00724,0,-0.00442,-0.08428,0.03617,0.01749,0.17882,-0.02177,-0.03196,-0.15725,0.04483,-0.02686,0.02944,-0.11446,0.03276,0.00467,-0.4355,-0.32754,0.02417,-0.23625,1.31361,-0.07785,-0.01062,0.01276,0.00605,0.13666,0.00368,-0.05977,0.02099,-0.12621,0.00645,-0.00217,0.02969,0.0129,-0.01699,-0.02782,-0.034
95.12,0.01107,0.00556,0.01051,-0.0121,0,-0.00355,-0.08135,0.03857,0.02806,0.23004,-0.04621,-0.05847,-0.15228,0.03359,-0.03078,0.0442,0.1278,0.04594,-0.01105,-0.43947,-0.28621,0.02684,-0.22017,1.16045,-0.10306,-0.01471,0.01281,0.00679,0.15822,0.00289,-0.06338,0.01855,-0.13996,0.00318,-0.00416,0.00896,0.0155,-0.02259,-0.02308,-0.00918
95.14,0.00985,0.0058,0.01004,-0.01779,0,-0.00261,-0.07487,0.03968,0.03753,0.26729,-0.06385,-0.07988,-0.12977,0.01269,-0.03331,0.06551,0.38811,0.06058,-0.033,-0.40503,-0.22946,0.0279,-0.18762,0.911,-0.12932,-0.01929,0.01274,0.00682,0.17217,0.00184,-0.06448,0.01454,-0.14558,-8e-05,-0.00616,-0.00898,0.01696,-0.02747,-0.01732,0.01452
95.16,0.00837,0.0059,0.00947,-0.02402,0,-0.00165,-0.06533,0.03942,0.0446,0.29051,-0.07384,-0.09404,-0.09262,-0.01724,-0.03351,0.09416,0.65168,0.07577,-0.06182,-0.33558,-0.1591,0.0265,-0.13686,0.57286,-0.15428,-0.02411,0.01257,0.00609,0.17745,0.00066,-0.0628,0.00914,-0.14211,-0.00295,-0.00806,-0.02256,0.01692,-0.0313,-0.01107,0.03543
95.18,0.00675,0.00582,0.00885,-0.03032,0,-0.00071,-0.05343,0.0378,0.04825,0.30067,-0.07611,-0.09955,-0.04521,-0.05468,-0.03028,0.13057,0.90204,0.09013,-0.09766,-0.23865,-0.07857,0.02161,-0.06749,0.16594,-0.17458,-0.02875,0.01228,0.00458,0.17363,-0.00051,-0.05815,0.00268,-0.12944,-0.00511,-0.00978,-0.03098,0.01515,-0.03374,-0.00482,0.05236
95.2,0.00509,0.00553,0.00822,-0.03602,0,0.00019,-0.04018,0.03489,0.0479,0.2999,-0.07135,-0.09602,0.00644,-0.09735,-0.02232,0.17473,1.12169,0.10169,-0.14007,-0.12585,0.0071,0.01212,0.01929,-0.27743,-0.1858,-0.03264,0.0118,0.00237,0.16094,-0.00152,-0.05052,-0.00442,-0.10845,-0.0063,-0.01127,-0.03437,0.01162,-0.03447,0.00102,0.06478
95.22,0.00346,0.00497,0.00759,-0.04034,0,0.00105,-0.02677,0.03086,0.04362,0.29152,-0.06098,-0.08416,0.05474,-0.14222,-0.00825,0.22596,1.29219,0.10786,-0.18765,-0.01221,0.09162,-0.00313,0.12063,-0.71415,-0.18237,-0.03494,0.01102,-0.00038,0.14031,-0.00221,-0.04003,-0.01168,-0.08092,-0.00639,-0.01252,-0.03383,0.00646,-0.03315,0.0062,0.07284
95.24,0.0019,0.00409,0.00697,-0.04244,0,0.00188,-0.01453,0.02595,0.03611,0.27967,-0.04699,-0.06562,0.09063,-0.18562,0.01332,0.28265,1.39365,0.10536,-0.23792,0.0851,0.16804,-0.0252,0.23209,-1.09384,-0.15769,-0.03465,0.00977,-0.00346,0.1133,-0.00245,-0.02695,-0.01859,-0.04946,-0.00536,-0.01351,-0.03116,2e-05,-0.0294,0.01064,0.07732
95.26,0.0004,0.0028,0.00635,-0.04162,0,0.00267,-0.00476,0.02044,0.02659,0.2688,-0.03177,-0.04266,0.10391,-0.22316,0.04365,0.34185,1.404,0.0903,-0.28696,0.14848,0.22956,-0.05496,0.34776,-1.36397,-0.10429,-0.0305,0.00787,-0.0066,0.08195,-0.00216,-0.01158,-0.02474,-0.01709,-0.00336,-0.01426,-0.02848,-0.00724,-0.02281,0.01448,0.07936
95.28,-0.0011,0.00102,0.0057,-0.03743,0,0.00346,0.00136,0.01469,0.01662,0.26309,-0.0179,-0.01775,0.08365,-0.24985,0.08367,0.39879,1.29853,0.05832,-0.32934,0.16178,0.27033,-0.09284,0.46045,-1.47547,-0.01433,-0.0211,0.00517,-0.00951,0.04866,-0.00134,0.0058,-0.02989,0.01309,-0.0007,-0.01476,-0.02781,-0.0147,-0.0129,0.01799,0.08024
95.3,-0.0027,-0.00133,0.00496,-0.02981,0,0.00424,0.00294,0.00906,0.00794,0.26596,-0.00801,0.00678,0.01874,-0.26009,0.13377,0.44648,1.0503,0.00475,-0.35794,0.11189,0.28617,-0.13866,0.56161,-1.38795,0.11982,-0.00495,0.00152,-0.0119,0.01589,-6e-05,0.02501,-0.03399,0.03832,0.00215,-0.01498,-0.0306,-0.02169,0.00086,0.02159,0.08105
95.32,-0.00456,-0.00432,0.00405,-0.01907,0,0.00502,-0.00066,0.00395,0.00222,0.27978,-0.00462,0.02901,-0.10159,-0.24787,0.19351,0.47535,0.63186,-0.07492,-0.364,-0.01026,0.2749,-0.19133,0.6411,-1.07345,0.30466,0.01943,-0.00315,-0.01353,-0.01399,0.00151,0.04601,-0.03721,0.05651,0.00461,-0.01484,-0.03746,-0.02754,0.01897,0.02577,0.0825
95.34,-0.00684,-0.00803,0.00292,-0.00595,0,0.00581,-0.00974,-0.00025,0.00097,0.30594,-0.01,0.04743,-0.28714,-0.20704,0.26127,0.47311,0.01851,-0.18458,-0.33738,-0.20945,0.23635,-0.24861,0.68661,-0.51848,0.54432,0.0533,-0.00887,-0.01421,-0.03903,0.00312,0.06884,-0.0399,0.06648,0.00604,-0.01426,-0.04807,-0.03162,0.04186,0.03097,0.08472
95.36,-0.00972,-0.01246,0.00145,0.00861,0,0.00661,-0.02446,-0.00318,0.00544,0.34511,-0.0262,0.06093,-0.54604,-0.13171,0.33399,0.42469,-0.8071,-0.3268,-0.26694,-0.4864,0.17202,-0.30681,0.6831,0.27529,0.83909,0.09752,-0.01557,-0.01382,-0.05797,0.00445,0.09363,-0.0425,0.06808,0.00582,-0.01311,-0.06125,-0.03345,0.0697,0.03754,0.08723
95.38,-0.01336,-0.01762,-0.00044,0.02354,0,0.00744,-0.04482,-0.00451,0.01646,0.39757,-0.05492,0.06857,-0.88387,-0.01679,0.4068,0.31247,-1.84935,-0.5019,-0.1413,-0.83848,0.08465,-0.36058,0.61222,1.29076,1.18368,0.15226,-0.02314,-0.01234,-0.07042,0.00516,0.1205,-0.04546,0.06219,0.00343,-0.01128,-0.07518,-0.03274,0.10234,0.04561,0.08894
95.4,-0.01791,-0.02341,-0.00284,0.03784,0,0.00833,-0.07082,-0.00399,0.03448,0.46363,-0.09747,0.06945,-1.30276,0.1414,0.47274,0.11672,-3.09395,-0.70698,0.05012,-1.26022,-0.02223,-0.40275,0.45223,2.49465,1.5653,0.21672,-0.03141,-0.00985,-0.07696,0.00491,0.14943,-0.04911,0.05063,-0.00145,-0.00863,-0.08769,-0.02944,0.13914,0.05507,0.08828
95.42,-0.02343,-0.02969,-0.00583,0.05066,0,0.00932,-0.10243,-0.00146,0.05947,0.54375,-0.15471,0.06255,-1.80014,0.34443,0.52261,-0.18377,-4.50279,-0.93476,0.31588,-1.74365,-0.14447,-0.4243,0.17839,3.83585,1.96168,0.28871,-0.0402,-0.00651,-0.07906,0.00343,0.18021,-0.05362,0.03588,-0.00895,-0.0051,-0.09657,-0.02376,0.17893,0.06547,0.08337
95.44,-0.02999,-0.03625,-0.00946,0.06143,0,0.01047,-0.13959,0.00311,0.09094,0.63851,-0.2269,0.04668,-2.36765,0.59117,0.54491,-0.61075,-6.0107,-1.17237,0.66089,-2.27822,-0.2774,-0.41449,-0.23594,5.24286,2.3393,0.36437,-0.04933,-0.00256,-0.07884,0.00059,0.21227,-0.05897,0.02074,-0.01895,-0.00066,-0.0999,-0.01609,0.21996,0.07607,0.0723
95.46,-0.03758,-0.04279,-0.01373,0.06983,0,0.01186,-0.18206,0.00964,0.12787,0.74833,-0.31358,0.02062,-2.9901,0.87736,0.52597,-1.18546,-7.52491,-1.40023,1.08475,-2.85053,-0.41573,-0.36124,-0.81754,6.6213,2.65195,0.43778,-0.05869,0.00173,-0.07864,-0.00359,0.24469,-0.06493,0.0079,-0.03121,0.00463,-0.09628,-0.00699,0.25997,0.08585,0.05348
95.48,-0.04619,-0.04897,-0.01862,0.07579,0,0.01353,-0.22932,0.01786,0.16879,0.873,-0.41342,-0.01682,-3.64504,1.19547,0.4504,-1.92725,-8.92867,-1.59116,1.58007,-3.444,-0.55363,-0.25177,-1.59116,7.85263,2.84012,0.50074,-0.06823,0.00609,-0.08056,-0.00885,0.27613,-0.07113,-0.0005,-0.04534,0.01062,-0.08505,0.00295,0.2963,0.09363,0.02589
95.5,-0.05577,-0.0544,-0.02402,0.07941,0,0.01554,-0.28045,0.02739,0.21177,1.01122,-0.52404,-0.06653,-4.30294,1.53502,0.30172,-2.85217,-10.08979,-1.70979,2.131,-4.03875,-0.68499,-0.07357,-2.57718,8.79563,2.83141,0.54256,-0.078,0.01024,-0.08612,-0.0147,0.30486,-0.07709,-0.0032,-0.06091,0.01706,-0.06643,0.01316,0.32613,0.0982,-0.01052
95.52,-0.06626,-0.05867,-0.02973,0.08086,0,0.01787,-0.33398,0.0377,0.25453,1.1601,-0.64187,-0.12887,-4.92847,1.88342,0.06344,-3.9714,-10.87477,-1.71264,2.71228,-4.61177,-0.80415,0.18439,-3.7891,9.29197,2.5425,0.55011,-0.08815,0.01395,-0.09589,-0.02044,0.32886,-0.08226,7e-05,-0.07749,0.02358,-0.04146,0.02312,0.34672,0.09847,-0.05469
95.54,-0.07757,-0.06138,-0.0355,0.08027,0,0.02047,-0.38791,0.0482,0.2945,1.31467,-0.76212,-0.20341,-5.48264,2.22736,-0.27965,-5.28957,-11.16783,-1.54903,3.2892,-5.13754,-0.907,0.5301,-5.23136,9.17652,1.88298,0.50815,-0.09886,0.01701,-0.10953,-0.02521,0.34599,-0.08609,0.00862,-0.09466,0.02974,-0.01196,0.03242,0.35573,0.09371,-0.10431
95.56,-0.08956,-0.0622,-0.04096,0.07761,0,0.02323,-0.43967,0.05829,0.329,1.46768,-0.87879,-0.28875,-5.9259,2.55454,-0.73987,-6.80311,-10.89236,-1.163,3.81869,-5.58913,-0.99234,0.96679,-6.89727,8.29227,0.76147,0.39983,-0.11026,0.01927,-0.12575,-0.0281,0.35416,-0.08806,0.02104,-0.11204,0.03503,0.01977,0.04073,0.35158,0.0837,-0.15587
95.58,-0.10201,-0.06085,-0.04568,0.07263,0,0.02594,-0.48625,0.06744,0.35544,1.60949,-0.98489,-0.38232,-6.22157,2.85523,-1.32487,-8.49858,-10.03056,-0.4966,4.252,-5.93955,-1.06306,1.49121,-8.767,6.50859,-0.90594,0.20775,-0.12238,0.02055,-0.14261,-0.02826,0.35161,-0.0877,0.03552,-0.12921,0.03889,0.05117,0.04774,0.33372,0.06892,-0.20482
95.6,-0.11458,-0.05719,-0.04917,0.06482,0,0.02832,-0.52439,0.07524,0.37145,1.72839,-1.07285,-0.48027,-6.33879,3.12324,-2.03583,-10.35072,-8.6355,0.50551,4.53902,-6.16306,-1.12667,2.09204,-10.80563,3.74066,-3.18486,-0.08473,-0.13505,0.02073,-0.15776,-0.02506,0.33709,-0.08467,0.05018,-0.14573,0.0408,0.07968,0.05309,0.30282,0.05057,-0.24597
95.62,-0.12684,-0.05123,-0.05092,0.05347,0,0.03003,-0.55083,0.0815,0.37511,1.81109,-1.13509,-0.57749,-6.25447,3.3557,-2.86588,-12.32034,-6.83058,1.8899,4.6343,-6.23611,-1.19472,2.74881,-12.96091,-0.03239,-6.10972,-0.49164,-0.14781,0.01969,-0.16873,-0.01819,0.31007,-0.0787,0.06333,-0.16096,0.04029,0.10301,0.05629,0.26076,0.03052,-0.27393
95.64,-0.13814,-0.04308,-0.05045,0.0379,0,0.03071,-0.56263,0.08624,0.36502,1.8436,-1.16483,-0.66769,-5.95376,3.55156,-3.79883,-14.35206,-4.79441,3.68698,4.50435,-6.13768,-1.28096,3.43155,-15.16125,-4.75274,-9.6697,-1.02232,-0.15989,0.01733,-0.17322,-0.00773,0.2708,-0.0697,0.07364,-0.17404,0.03699,0.1192,0.05663,0.21039,0.01109,-0.28377
95.66,-0.14769,-0.03303,-0.04735,0.0176,0,0.03,-0.55749,0.08969,0.34045,1.8124,-1.15693,-0.74374,-5.42976,3.70917,-4.80874,-16.37256,-2.73415,5.90247,4.13521,-5.84973,-1.39829,4.10171,-17.31462,-10.2733,-13.79467,-1.67905,-0.17017,0.01363,-0.16937,0.00575,0.22029,-0.05767,0.08017,-0.18374,0.03069,0.1268,0.0531,0.15511,-0.00533,-0.27174
95.68,-0.1545,-0.02148,-0.04138,-0.00745,0,0.02763,-0.53409,0.09228,0.30143,1.70587,-1.10881,-0.79816,-4.68347,3.8238,-5.86028,-18.28998,-0.85389,8.50855,3.53878,-5.35821,-1.55512,4.71443,-19.30921,-16.35225,-18.34294,-2.45461,-0.17723,0.00866,-0.15601,0.02119,0.16029,-0.04278,0.0824,-0.18847,0.02141,0.12488,0.0444,0.09842,-0.01667,-0.236
95.7,-0.15747,-0.00892,-0.03252,-0.03659,0,0.02342,-0.49244,0.09456,0.2488,1.51579,-1.02117,-0.82384,-3.72482,3.88564,-6.91018,-19.9947,0.67413,11.43542,2.75586,-4.65533,-1.75162,5.22254,-21.01642,-22.65351,-23.09303,-3.33019,-0.17946,0.00264,-0.13279,0.03712,0.09319,-0.02537,0.08013,-0.18631,0.00939,0.11309,0.02904,0.04342,-0.02151,-0.17707
95.72,-0.15548,0.00407,-0.02101,-0.06836,0,0.01737,-0.43395,0.09714,0.18434,1.23876,-0.89823,-0.8149,-2.57504,3.8791,-7.90975,-21.36176,1.72935,14.5645,1.85389,-3.74318,-1.97652,5.58213,-22.29635,-28.75547,-27.7422,-4.27383,-0.17521,-0.0041,-0.10036,0.05176,0.02188,-0.00592,0.07339,-0.17522,-0.0048,0.09169,0.00558,-0.00738,-0.01935,-0.09814
95.74,-0.14746,0.01689,-0.00741,-0.10047,0,0.00965,-0.36144,0.10051,0.11069,0.87733,-0.74751,-0.76768,-1.27012,3.78358,-8.80848,-22.25533,2.25102,17.72515,0.91875,-2.63802,-2.20496,5.75936,-23.00608,-34.17013,-31.91444,-5.23988,-0.16299,-0.01103,-0.06042,0.06323,-0.05036,0.01488,0.06247,-0.15331,-0.02034,0.06162,-0.027,-0.05231,-0.01068,-0.00491
95.76,-0.13262,0.02892,0.00744,-0.12993,0,0.00061,-0.27895,0.10498,0.03135,0.44065,-0.57911,-0.68167,0.13579,3.57569,-9.55825,-22.53615,2.23593,20.6967,0.04205,-1.37469,-2.39815,5.73748,-23.01089,-38.37496,-35.18026,-6.16987,-0.14179,-0.01748,-0.01566,0.06981,-0.12014,0.03616,0.04776,-0.11923,-0.03612,0.02446,-0.06894,-0.0904,0.00304,0.09493
95.78,-0.11055,0.03958,0.02244,-0.15322,0,-0.00919,-0.19137,0.11051,-0.04955,-0.05522,-0.40456,-0.56022,1.56847,3.23274,-10.11764,-22.0727,1.72974,23.21807,-0.69357,-0.00934,-2.50527,5.52239,-22.19812,-40.85832,-37.08986,-6.99506,-0.11128,-0.0227,0.03033,0.07021,-0.18407,0.05687,0.02979,-0.07255,-0.05081,-0.01758,-0.11925,-0.12135,0.0196,0.19245
95.8,-0.08138,0.04836,0.03629,-0.16661,0,-0.01906,-0.10408,0.11663,-0.12751,-0.58766,-0.23553,-0.41079,2.93532,2.73695,-10.45501,-20.75596,0.81634,25.00657,-1.22744,1.38095,-2.46847,5.14469,-20.49212,-41.17725,-37.21937,-7.64091,-0.07203,-0.0259,0.07323,0.06385,-0.23911,0.07586,0.00921,-0.01408,-0.06299,-0.06182,-0.17549,-0.14535,0.03627,0.2783
95.82,-0.04585,0.05486,0.04765,-0.16643,0,-0.02821,-0.02245,0.12244,-0.1981,-1.12863,-0.08244,-0.24446,4.13211,2.07963,-10.54943,-18.51633,-0.3912,25.78638,-1.52956,2.70352,-2.23095,4.65622,-17.86794,-39.02425,-35.22808,-8.03334,-0.02567,-0.02636,0.10836,0.051,-0.28269,0.0919,-0.01317,0.05403,-0.07126,-0.10528,-0.23373,-0.16295,0.05011,0.34371
95.84,-0.00528,0.05884,0.05526,-0.14945,0,-0.03577,0.04863,0.12667,-0.25748,-1.6466,0.047,-0.07457,5.05527,1.2648,-10.38892,-15.34108,-1.75703,25.32527,-1.60346,3.86066,-1.74788,4.12074,-14.36165,-34.29688,-30.92162,-8.10657,0.02522,-0.02359,0.13098,0.03288,-0.313,0.10389,-0.03641,0.12832,-0.07447,-0.14509,-0.28888,-0.17496,0.05827,0.38134
95.86,0.03846,0.06022,0.05816,-0.11319,0,-0.04093,0.10525,0.12777,-0.30306,-2.10931,0.14897,0.08515,5.61793,0.31178,-9.96708,-11.28996,-3.12695,23.47544,-1.48354,4.76395,-0.99842,3.6007,-10.07643,-27.16102,-24.31285,-7.8118,0.07725,-0.01743,0.13686,0.01159,-0.3291,0.11093,-0.05939,0.20441,-0.07187,-0.17884,-0.33514,-0.18244,0.05836,0.38607
95.88,0.0832,0.05909,0.05587,-0.05638,0,-0.04299,0.14489,0.12417,-0.33388,-2.48684,0.2244,0.22276,5.7664,-0.74372,-9.27991,-6.50534,-4.33338,20.21096,-1.22824,5.34928,0.00381,3.14349,-5.18254,-18.0748,-15.6673,-7.12554,0.12653,-0.00819,0.12279,-0.01005,-0.33113,0.11248,-0.08081,0.27731,-0.06332,-0.20494,-0.36674,-0.18667,0.04869,0.35573
95.9,0.12655,0.05574,0.04847,0.02067,0,-0.04147,0.16671,0.11445,-0.3509,-2.75464,0.27905,0.32995,5.49232,-1.85049,-8.32411,-1.20741,-5.20414,15.65132,-0.91067,5.58858,1.20492,2.77143,0.09311,-7.72058,-5.51617,-6.05559,0.16907,0.00333,0.08715,-0.02881,-0.32028,0.10852,-0.09927,0.34198,-0.04938,-0.22278,-0.37862,-0.18909,0.02855,0.29143
95.92,0.16615,0.05061,0.03665,0.11568,0,-0.03621,0.17159,0.09763,-0.35671,-2.89585,0.32272,0.40309,4.83677,-2.94527,-7.098,4.32937,-5.57719,10.06163,-0.60804,5.49478,2.51263,2.47863,5.48586,3.13018,5.37857,-4.64273,0.20125,0.01589,0.03032,-0.04146,-0.29875,0.09954,-0.11328,0.39371,-0.03125,-0.23265,-0.36699,-0.19125,-0.00169,0.19762
95.94,0.19985,0.04426,0.02162,0.22412,0,-0.02737,0.16192,0.07342,-0.35486,-2.90282,0.36751,0.4435,3.88462,-3.9589,-5.60503,9.80082,-5.32177,3.82549,-0.391,5.11866,3.80662,2.23569,10.71029,13.69722,16.11125,-2.95734,0.22027,0.028,-0.04501,-0.04524,-0.2695,0.08653,-0.12141,0.42846,-0.01065,-0.23536,-0.32982,-0.1946,-0.04059,0.08165
95.96,0.22593,0.03731,0.00494,0.33908,0,-0.01558,0.14118,0.04236,-0.34888,-2.77781,0.42543,0.45674,2.75067,-4.82437,-3.85924,14.88879,-4.36295,-2.60474,-0.31389,4.53871,4.95581,2.00076,15.47921,23.18441,25.75925,-1.09156,0.22462,0.03815,-0.13372,-0.03841,-0.23587,0.07083,-0.12245,0.44321,0.01052,-0.23167,-0.26699,-0.20035,-0.08571,-0.04692
95.98,0.24322,0.03034,-0.01171,0.45149,0,-0.00181,0.11348,0.00594,-0.34131,-2.5329,0.50589,0.45136,1.56157,-5.48542,-1.89139,19.28983,-2.70399,-8.76841,-0.40717,3.84738,5.83858,1.73308,19.53534,30.81173,33.52169,0.85084,0.21444,0.04512,-0.22847,-0.0207,-0.20118,0.05399,-0.11555,0.43618,0.03046,-0.22177,-0.18046,-0.20915,-0.13387,-0.17737
96,0.25124,0.02388,-0.02677,0.55067,0,0.01257,0.08307,-0.0334,-0.33298,-2.18925,0.61369,0.43737,0.4382,-5.90361,0.24606,22.7599,-0.43895,-14.254,-0.67336,3.13698,6.36119,1.40477,22.68504,35.9624,38.83682,2.76467,0.1916,0.04816,-0.32024,0.00653,-0.16842,0.03759,-0.1004,0.407,0.04774,-0.20503,-0.07421,-0.22102,-0.18137,-0.29883
96.02,0.25025,0.0183,-0.03896,0.62538,0,0.02601,0.05392,-0.07258,-0.323,-1.77556,0.74805,0.42457,-0.51809,-6.06232,2.47725,25.1479,2.25079,-18.74211,-1.08737,2.48842,6.46999,1.00683,24.81719,38.34125,41.44951,4.55192,0.15956,0.04716,-0.39921,0.04035,-0.13992,0.02307,-0.07736,0.35691,0.0615,-0.18012,0.04591,-0.23528,-0.22434,-0.40128
96.04,0.2411,0.01386,-0.0474,0.66531,0,0.03689,0.02949,-0.10818,-0.30922,-1.32552,0.90278,0.42102,-1.23336,-5.96684,4.70559,26.40399,5.11866,-22.0289,-1.60176,1.96383,6.15573,0.54799,25.90588,38.02215,41.41671,6.12813,0.12281,0.04263,-0.45602,0.07678,-0.11723,0.01163,-0.04747,0.28875,0.07142,-0.14557,0.1725,-0.25056,-0.25904,-0.47642
96.06,0.22517,0.01065,-0.05168,0.66284,0,0.0438,0.01253,-0.13709,-0.28934,-0.87478,1.06763,0.43183,-1.66345,-5.64113,6.82065,26.57014,7.88966,-24.03066,-2.15552,1.60341,5.4504,0.04735,26.00175,35.38573,39.05854,7.42647,0.08614,0.03556,-0.4833,0.11145,-0.10109,0.00407,-0.01246,0.20689,0.07766,-0.10067,0.29707,-0.26502,-0.28225,-0.5184
96.08,0.20412,0.00861,-0.05183,0.61461,0,0.04577,0.00512,-0.15697,-0.26203,-0.45764,1.2302,0.45828,-1.79237,-5.12277,8.70822,25.76132,10.30356,-24.77467,-2.68477,1.42558,4.4191,-0.47597,25.21625,31.00755,34.87629,8.40023,0.05379,0.02722,-0.47692,0.14049,-0.09147,0.00078,0.02535,0.11703,0.08069,-0.04631,0.41066,-0.27659,-0.29158,-0.52426
96.1,0.1797,0.00761,-0.04828,0.52261,0,0.0424,0.00858,-0.16671,-0.22785,-0.104,1.37798,0.4976,-1.62826,-4.45742,10.26146,24.14289,12.15364,-24.38073,-3.13279,1.42928,3.14964,-1.01211,23.70327,25.53933,29.461,9.02379,0.02878,0.01893,-0.43694,0.16113,-0.08771,0.00169,0.06322,0.02586,0.08107,0.01442,0.50448,-0.28325,-0.28575,-0.49424
96.12,0.1536,0.0074,-0.04179,0.39419,0,0.03396,0.02362,-0.16662,-0.18953,0.16303,1.50001,0.54341,-1.19869,-3.69372,11.39163,21.90816,13.31221,-23.03698,-3.45757,1.59743,1.74181,-1.5656,21.64024,19.60792,23.41082,9.29233,0.01255,0.01187,-0.36762,0.17206,-0.08863,0.00634,0.09826,-0.05956,0.07937,0.07633,0.57074,-0.28324,-0.26471,-0.43161
96.14,0.12724,0.00773,-0.03334,0.241,0,0.02134,0.05029,-0.15828,-0.1515,0.32871,1.58791,0.58684,-0.54585,-2.87929,12.03723,19.258,13.7388,-20.97243,-3.63586,1.90083,0.29746,-2.1546,19.2105,13.74534,17.26728,9.22025,0.00497,0.00695,-0.27661,0.17342,-0.09273,0.0139,0.1277,-0.1325,0.07606,0.13289,0.60339,-0.27531,-0.22965,-0.34222
96.16,0.10173,0.0083,-0.02397,0.07695,0,0.00588,0.08813,-0.1442,-0.11875,0.38762,1.6363,0.61821,0.27757,-2.05772,12.17107,16.38428,13.4725,-18.42957,-3.66377,2.30201,-1.08798,-2.80496,16.58812,8.35229,11.47365,8.8388,0.00464,0.0047,-0.17332,0.16636,-0.09833,0.02333,0.14927,-0.18749,0.07148,0.17759,0.59892,-0.25876,-0.18282,-0.23366
96.18,0.07774,0.00888,-0.01474,-0.08411,0,-0.01088,0.13614,-0.12734,-0.09551,0.3437,1.64282,0.62882,1.21204,-1.2669,11.80495,13.45805,12.6141,-15.64026,-3.55486,2.75889,-2.33219,-3.54119,13.92648,3.68963,6.35404,8.19347,0.00947,0.00522,-0.06712,0.1525,-0.10374,0.03348,0.1615,-0.2211,0.0659,0.20538,0.55696,-0.23361,-0.12734,-0.11442
96.2,0.05553,0.00926,-0.00654,-0.23054,0,-0.02736,0.19282,-0.11058,-0.08416,0.20973,1.60792,0.61263,2.19434,-0.53829,10.99058,10.62234,11.30372,-12.80753,-3.3364,3.22805,-3.37058,-4.37704,11.35119,-0.11054,2.10948,7.34088,0.01718,0.00825,0.03434,0.1334,-0.1074,0.04321,0.1639,-0.23249,0.05955,0.21398,0.48058,-0.20054,-0.0669,0.00703
96.22,0.035,0.00933,-7e-05,-0.35432,0,-0.04217,0.2562,-0.09639,-0.08462,0.00595,1.53454,0.56736,3.16072,0.1031,9.81571,7.98895,9.69883,-10.09427,-3.04452,3.66745,-4.15868,-5.30821,8.95678,-3.02214,-1.17286,6.345,0.02582,0.01319,0.12617,0.11014,-0.10801,0.05149,0.15696,-0.22352,0.05265,0.20434,0.37609,-0.16088,-0.00542,0.12297
96.24,0.01579,0.00901,0.00421,-0.45145,0,-0.05421,0.32384,-0.08658,-0.09457,-0.24203,1.42767,0.49488,4.05016,0.63822,8.39476,5.63796,7.95509,-7.61869,-2.71863,4.03889,-4.67262,-6.30846,6.80658,-5.09732,-3.50161,5.27236,0.03398,0.01925,0.20644,0.08324,-0.10458,0.05747,0.14196,-0.19832,0.04542,0.18042,0.2523,-0.11646,0.05332,0.227
96.26,-0.00255,0.00831,0.00611,-0.52157,0,-0.06271,0.3929,-0.08229,-0.11025,-0.50584,1.29401,0.40093,4.80796,1.05353,6.85548,3.61922,6.21161,-5.4553,-2.39584,4.30995,-4.90809,-7.32986,4.93493,-6.43826,-4.95818,4.18659,0.04089,0.02552,0.27578,0.05272,-0.09657,0.06049,0.12063,-0.16248,0.03808,0.14814,0.11935,-0.06945,0.10597,0.31434
96.28,-0.02044,0.00727,0.00565,-0.56697,0,-0.06728,0.46023,-0.08402,-0.12761,-0.7572,1.14159,0.29433,5.38925,1.34046,5.32412,1.95526,4.5811,-3.63998,-2.10594,4.45581,-4.87834,-8.30653,3.35122,-7.17178,-5.67251,3.14324,0.04634,0.03118,0.33644,0.01838,-0.08385,0.06015,0.0948,-0.12207,0.03079,0.11406,-0.01254,-0.02213,0.14995,0.38205
96.3,-0.03812,0.00597,0.00308,-0.59151,0,-0.06787,0.52252,-0.09175,-0.14333,-0.97048,0.97944,0.18591,5.76201,1.495,3.91182,0.64525,3.14474,-2.17721,-1.86778,4.4604,-4.61153,-9.16106,2.04512,-7.4284,-5.80019,2.18563,0.05054,0.03555,0.3912,-0.01987,-0.06675,0.05628,0.06604,-0.08268,0.02368,0.08405,-0.13436,0.02329,0.18365,0.42901
96.32,-0.05563,0.00449,-0.00122,-0.59956,0,-0.06472,0.57653,-0.10509,-0.1555,-1.1248,0.81722,0.08732,5.90875,1.51747,2.70428,-0.33027,1.95127,-1.0481,-1.68732,4.31695,-4.14735,-9.8128,0.99237,-7.32682,-5.50273,1.34235,0.05383,0.03821,0.44247,-0.06167,-0.04602,0.04898,0.0356,-0.04878,0.01685,0.06232,-0.239,0.06486,0.2065,0.45581
96.34,-0.07279,0.00293,-0.00677,-0.59535,0,-0.05839,0.61932,-0.12342,-0.16374,-1.20545,0.66465,0.00976,5.82672,1.4123,1.75552,-1.00436,1.01948,-0.21783,-1.55766,4.02753,-3.53294,-10.187,0.16069,-6.96388,-4.93173,0.62651,0.05653,0.03905,0.49165,-0.10602,-0.02272,0.03863,0.0045,-0.02343,0.01039,0.05109,-0.32171,0.10105,0.2189,0.46435
96.36,-0.08925,0.00135,-0.01307,-0.58259,0,-0.04965,0.64853,-0.14589,-0.16878,-1.20466,0.53084,-0.0372,5.52692,1.18803,1.08573,-1.41875,0.34299,0.358,-1.46082,3.60194,-2.81846,-10.22434,-0.48484,-6.40986,-4.21746,0.03675,0.05871,0.03826,0.53879,-0.15114,0.00187,0.02585,-0.0263,-0.00827,0.00449,0.05068,-0.37995,0.13084,0.222,0.45757
96.38,-0.10464,-0.00018,-0.01969,-0.56442,0,-0.03944,0.66268,-0.17152,-0.17184,-1.12184,0.42347,-0.04665,5.03232,0.85748,0.6828,-1.61938,-0.10367,0.72818,-1.37088,3.05639,-2.05278,-9.88974,-0.97712,-5.70846,-3.46169,-0.44048,0.06011,0.03627,0.58267,-0.19457,0.02636,0.01153,-0.05556,-0.00382,-0.00055,0.05998,-0.41314,0.15376,0.21745,0.43892
96.4,-0.1186,-0.00163,-0.02626,-0.54347,0,-0.02886,0.66134,-0.19922,-0.17392,-0.9633,0.34809,-0.01511,4.37588,0.43794,0.50685,-1.65264,-0.35863,0.94184,-1.25813,2.41202,-1.27989,-9.17885,-1.34357,-4.88092,-2.73493,-0.82744,0.06009,0.03373,0.62108,-0.23331,0.04941,-0.00325,-0.08161,-0.00974,-0.00429,0.07709,-0.42223,0.16993,0.20716,0.41212
96.42,-0.13085,-0.00299,-0.03255,-0.52199,0,-0.01901,0.64513,-0.22774,-0.17531,-0.74151,0.30735,0.05712,3.59806,-0.04869,0.49735,-1.56251,-0.46662,1.04521,-1.09368,1.6936,-0.53614,-8.12066,-1.60385,-3.93317,-2.07767,-1.1508,0.05776,0.03137,0.65128,-0.26419,0.06982,-0.01729,-0.10237,-0.02518,-0.00617,0.09978,-0.40925,0.17988,0.19305,0.38075
96.44,-0.14121,-0.00422,-0.03845,-0.50197,0,-0.01091,0.6156,-0.25569,-0.17546,-0.4738,0.30046,0.16598,2.74407,-0.57605,0.58201,-1.38853,-0.47365,1.0791,-0.85406,0.92808,0.15158,-6.77533,-1.76919,-2.86519,-1.50488,-1.43694,0.05221,0.02993,0.6706,-0.28429,0.08655,-0.02938,-0.11556,-0.04887,-0.0056,0.12589,-0.37708,0.18444,0.1769,0.34813
96.46,-0.14952,-0.00531,-0.04394,-0.48506,0,-0.00538,0.57485,-0.28155,-0.17305,-0.18073,0.32279,0.30404,1.86096,-1.11388,0.68676,-1.16453,-0.42264,1.07707,-0.52558,0.14314,0.76671,-5.22772,-1.8429,-1.68098,-1.01282,-1.70724,0.04276,0.03002,0.67703,-0.29141,0.09877,-0.03849,-0.11915,-0.07924,-0.00209,0.15346,-0.32917,0.18452,0.16021,0.31708
96.48,-0.15564,-0.00622,-0.04906,-0.47257,0,-0.00291,0.52524,-0.30363,-0.16637,0.11567,0.36582,0.46121,0.9947,-1.62903,0.7452,-0.91819,-0.35021,1.06415,-0.10765,-0.63403,1.30304,-3.5784,-1.82198,-0.39769,-0.58649,-1.97421,0.02927,0.03201,0.6697,-0.28454,0.10588,-0.04388,-0.11186,-0.1144,0.00456,0.18078,-0.26942,0.18084,0.14415,0.28987
96.5,-0.15935,-0.00687,-0.05385,-0.4653,0,-0.00358,0.46904,-0.32014,-0.15368,0.39359,0.41751,0.62551,0.1878,-2.08702,0.70641,-0.67107,-0.2846,1.05632,0.38557,-1.3779,1.76381,-1.93337,-1.69938,0.94807,-0.20627,-2.23912,0.01227,0.03599,0.64919,-0.2641,0.10752,-0.04522,-0.09357,-0.15215,0.01421,0.20638,-0.20207,0.17385,0.12954,0.2681
96.52,-0.16045,-0.00719,-0.05834,-0.46343,0,-0.00705,0.40828,-0.32926,-0.13352,0.63276,0.46322,0.78391,-0.52273,-2.45398,0.53964,-0.43922,-0.24473,1.06084,0.92567,-2.06537,2.15981,-0.39384,-1.46655,2.29848,0.14734,-2.4918,-0.00707,0.0417,0.6175,-0.23192,0.10355,-0.04266,-0.06548,-0.19006,0.0263,0.22901,-0.1315,0.16367,0.11684,0.25258
96.54,-0.15872,-0.00706,-0.06246,-0.46639,0,-0.01264,0.34469,-0.32918,-0.10483,0.81559,0.48718,0.92324,-1.10691,-2.69919,0.2357,-0.23393,-0.2404,1.07723,1.47307,-2.67649,2.50661,0.95359,-1.11606,3.57801,0.4915,-2.71259,-0.02713,0.04857,0.57755,-0.19086,0.09407,-0.03673,-0.03001,-0.22563,0.03987,0.24768,-0.06197,0.15016,0.10617,0.24328
96.56,-0.15407,-0.00641,-0.06605,-0.47271,0,-0.01944,0.27977,-0.31826,-0.06699,0.92799,0.47442,1.03101,-1.54299,-2.79794,-0.19477,-0.06273,-0.27335,1.09912,1.98218,-3.19504,2.82135,2.04535,-0.64407,4.70142,0.84082,-2.87627,-0.04629,0.0558,0.53254,-0.14428,0.07939,-0.02828,0.00962,-0.25651,0.05373,0.26177,0.00274,0.13309,0.09731,0.23914
96.58,-0.14662,-0.00517,-0.06883,-0.48,0,-0.02645,0.21492,-0.29513,-0.01971,0.95993,0.41275,1.0963,-1.81833,-2.73431,-0.72498,0.06969,-0.33886,1.11636,2.40753,-3.60896,3.11943,2.84715,-0.05252,5.58464,1.20833,-2.9569,-0.06332,0.06244,0.48514,-0.09532,0.06008,-0.0183,0.04984,-0.28078,0.06655,0.2711,0.05967,0.11236,0.08976,0.23809
96.6,-0.13677,-0.00334,-0.07039,-0.48503,0,-0.03274,0.15158,-0.25886,0.03706,0.90589,0.2945,1.11051,-1.92965,-2.50342,-1.3167,0.16083,-0.42761,1.11747,2.70995,-3.9107,3.41186,3.35676,0.64918,6.15591,1.60633,-2.93263,-0.07771,0.06751,0.43686,-0.04638,0.03694,-0.0078,0.08731,-0.29717,0.07707,0.27593,0.1069,0.08822,0.08279,0.23714
96.62,-0.1252,-0.00096,-0.07027,-0.4839,0,-0.03752,0.09132,-0.20913,0.1032,0.76501,0.11765,1.06795,-1.88269,-2.11248,-1.92508,0.20988,-0.52768,1.09196,2.86138,-4.09701,3.70333,3.6022,1.44327,6.36505,2.04614,-2.78927,-0.08986,0.07007,0.3877,0.00114,0.01103,0.00234,0.11931,-0.30515,0.08416,0.27688,0.14369,0.06133,0.07549,0.23264
96.64,-0.11282,0.00183,-0.06794,-0.47241,0,-0.04025,0.03576,-0.14628,0.1784,0.54094,-0.11383,0.96615,-1.69102,-1.58033,-2.50317,0.21761,-0.62634,1.03239,2.84799,-4.16826,3.99135,3.63538,2.30363,6.18972,2.53622,-2.52225,-0.10088,0.06929,0.33623,0.04681,-0.01638,0.01143,0.14397,-0.30485,0.08697,0.27467,0.17033,0.03278,0.0669,0.22076
96.66,-0.1006,0.00487,-0.06291,-0.44648,0,-0.04057,-0.01354,-0.07146,0.26208,0.24157,-0.39044,0.80608,-1.37439,-0.93564,-3.00587,0.18649,-0.71182,0.93598,2.67146,-4.12749,4.26649,3.52219,3.1967,5.63839,3.07898,-2.13697,-0.11229,0.06455,0.27996,0.09084,-0.04381,0.01899,0.1604,-0.29693,0.08489,0.26974,0.18785,0.00401,0.05615,0.19807
96.68,-0.08948,0.00796,-0.05481,-0.40269,0,-0.03832,-0.05523,0.01337,0.35322,-0.12145,-0.69815,0.59212,-0.95682,-0.21432,-3.3934,0.12088,-0.77461,0.80569,2.3486,-3.97938,4.51341,3.33121,4.08297,4.75042,3.66692,-1.64808,-0.12556,0.05538,0.21602,0.13356,-0.06965,0.02474,0.16853,-0.28232,0.07759,0.262,0.1977,-0.02339,0.04254,0.16221
96.7,-0.08015,0.01086,-0.04342,-0.33882,0,-0.03349,-0.08836,0.1055,0.45021,-0.5333,-1.01975,0.33191,-0.46465,0.54342,-3.63391,0.02716,-0.80839,0.65032,1.90953,-3.72929,4.71261,3.12338,4.91866,3.59343,4.27901,-1.07816,-0.14169,0.04161,0.14188,0.17496,-0.09223,0.02862,0.16902,-0.26205,0.06503,0.25057,0.20142,-0.04788,0.0257,0.11234
96.72,-0.07301,0.01336,-0.02878,-0.25421,0,-0.02618,-0.11239,0.2015,0.55064,-0.97668,-1.33639,0.03596,0.07511,1.29598,-3.70527,-0.08642,-0.81037,0.48357,1.3944,-3.38241,4.84242,2.94414,5.65745,2.25791,4.87841,-0.45607,-0.16087,0.02331,0.05605,0.21435,-0.10994,0.03068,0.16297,-0.23708,0.04738,0.23386,0.20037,-0.0681,0.0057,0.04946
96.74,-0.06816,0.01526,-0.01112,-0.15004,0,-0.01663,-0.12718,0.29746,0.65124,-1.43264,-1.62919,-0.28297,0.63631,2.00323,-3.59589,-0.21023,-0.78097,0.32203,0.84887,-2.94308,4.88108,2.81923,6.25215,0.84893,5.41217,0.18488,-0.18236,0.00084,-0.04135,0.25013,-0.12136,0.0311,0.15167,-0.2083,0.02508,0.20989,0.19559,-0.08303,-0.01699,-0.02365
96.76,-0.06539,0.01641,0.00908,-0.02946,0,-0.00518,-0.13285,0.38925,0.74778,-1.88168,-1.88088,-0.61076,1.19491,2.62915,-3.30492,-0.33409,-0.72308,0.18223,0.31866,-2.41442,4.80888,2.75409,6.6567,-0.52403,5.81355,0.80903,-0.20454,-0.02513,-0.14827,0.27995,-0.12536,0.03012,0.1363,-0.17653,-0.00119,0.17672,0.18781,-0.09202,-0.04143,-0.10272
96.78,-0.06428,0.01672,0.03112,0.10256,0,0.0077,-0.12971,0.47282,0.83527,-2.30467,-2.07734,-0.933,1.72986,3.14421,-2.842,-0.44824,-0.64115,0.07771,-0.15566,-1.79859,4.61054,2.73627,6.8288,-1.75796,6.0075,1.38048,-0.22512,-0.05364,-0.26062,0.30091,-0.12131,0.02799,0.11774,-0.14265,-0.03054,0.13305,0.17747,-0.09488,-0.06628,-0.18252
96.8,-0.06431,0.01615,0.0542,0.23943,0,0.02142,-0.11818,0.54456,0.90823,-2.68372,-2.20889,-1.23602,2.22351,3.52726,-2.22671,-0.54423,-0.54018,0.01652,-0.5431,-1.09804,4.27749,2.74032,6.73336,-2.76614,5.91932,1.86539,-0.24142,-0.08345,-0.3724,0.30994,-0.10912,0.02493,0.09639,-0.10759,-0.06185,0.07876,0.1648,-0.09179,-0.08993,-0.25741
96.82,-0.06493,0.01474,0.07736,0.37338,0,0.03528,-0.09881,0.6015,0.96122,-3.00264,-2.27101,-1.50784,2.66152,3.76663,-1.48755,-0.61564,-0.42512,-8e-05,-0.82479,-0.31746,3.8099,2.73404,6.3465,-3.48584,5.48613,2.2343,-0.2507,-0.11314,-0.47615,0.30419,-0.08928,0.02116,0.07221,-0.07245,-0.09385,0.01516,0.14989,-0.08333,-0.1106,-0.32193
96.84,-0.06559,0.01261,0.09964,0.49606,0,0.04853,-0.07251,0.64155,0.98953,-3.2471,-2.26456,-1.73903,3.03219,3.86045,-0.66038,-0.65839,-0.30036,0.02248,-0.99468,0.53352,3.21806,2.68567,5.65986,-3.88297,4.67024,2.46455,-0.25051,-0.14117,-0.56357,0.28151,-0.06288,0.01678,0.0448,-0.03839,-0.12518,-0.05497,0.13274,-0.07034,-0.12657,-0.3713
96.86,-0.06581,0.00989,0.12009,0.59926,0,0.06042,-0.04075,0.66356,0.98987,-3.40472,-2.19543,-1.92332,3.32564,3.81627,0.21374,-0.67084,-0.16963,0.07348,-1.05844,1.43763,2.52311,2.57072,4.68467,-3.95402,3.4724,2.54258,-0.23897,-0.16606,-0.62652,0.24074,-0.03142,0.01182,0.01364,-0.00652,-0.15451,-0.12763,0.11317,-0.05385,-0.13633,-0.40183
96.88,-0.0652,0.00676,0.13782,0.67576,0,0.07027,-0.00576,0.6674,0.96109,-3.46549,-2.07386,-2.05812,3.53309,3.65014,1.09091,-0.65366,-0.03607,0.13894,-1.0311,2.36785,1.75693,2.37768,3.455,-3.72516,1.94193,2.46582,-0.21507,-0.18649,-0.65793,0.18209,0.00326,0.00622,-0.02164,0.02229,-0.18061,-0.19809,0.09088,-0.03498,-0.13881,-0.41121
96.9,-0.06344,0.00341,0.15211,0.72,0,0.0776,0.02937,0.65388,0.90462,-3.4227,-1.91341,-2.14459,3.64664,3.38535,1.92701,-0.6096,0.09757,0.2041,-0.93415,3.28673,0.961,2.11107,2.02885,-3.24882,0.17982,2.24365,-0.17882,-0.20149,-0.65279,0.10728,0.0392,-0.00017,-0.06102,0.04749,-0.20249,-0.26137,0.06538,-0.01481,-0.13354,-0.39876
96.92,-0.06027,3e-05,0.1624,0.72869,0,0.0821,0.06079,0.62469,0.82435,-3.27452,-1.72961,-2.18737,3.65939,3.05047,2.68024,-0.54314,0.22866,0.25551,-0.79238,4.14798,0.18384,1.79081,0.4859,-2.59733,-1.66835,1.89671,-0.13135,-0.21044,-0.60882,0.0196,0.07437,-0.00751,-0.10384,0.06896,-0.21944,-0.31283,0.03607,0.00563,-0.1207,-0.36545
96.94,-0.05555,-0.00321,0.16832,0.70103,0,0.08371,0.08427,0.58215,0.72605,-3.02621,-1.53826,-2.19357,3.56626,2.67681,3.3137,-0.46009,0.35445,0.28266,-0.63077,4.90038,-0.52305,1.44772,-1.0787,-1.85404,-3.43069,1.45462,-0.07482,-0.21317,-0.52681,-0.0763,0.10684,-0.01593,-0.14872,0.08704,-0.23102,-0.34862,0.00236,0.02538,-0.10111,-0.31373
96.96,-0.04918,-0.00614,0.1697,0.63884,0,0.08256,0.09579,0.52885,0.61631,-2.69277,-1.35363,-2.17154,3.36506,2.2954,3.79801,-0.36717,0.47196,0.27905,-0.47181,5.49371,-1.11061,1.11614,-2.56388,-1.10283,-4.93546,0.95222,-0.01224,-0.2099,-0.41074,-0.17478,0.13488,-0.02545,-0.1936,0.10239,-0.23711,-0.36613,-0.03623,0.04363,-0.07611,-0.24728
96.98,-0.04116,-0.00864,0.16656,0.54639,0,0.07896,0.09215,0.46738,0.50127,-2.30043,-1.18673,-2.12937,3.05786,1.93402,4.11359,-0.27157,0.57793,0.24267,-0.33323,5.88566,-1.53798,0.82575,-3.87373,-0.41785,-6.04002,0.42535,0.05279,-0.20116,-0.26752,-0.26967,0.15697,-0.03587,-0.23584,0.11598,-0.23775,-0.36433,-0.07988,0.05962,-0.04743,-0.17069
97,-0.03153,-0.01057,0.15909,0.43027,0,0.07333,0.07153,0.40004,0.38551,-1.88298,-1.04402,-2.07353,2.65208,1.61454,4.25252,-0.18046,0.6688,0.17596,-0.22662,6.04778,-1.77778,0.59484,-4.92796,0.14465,-6.65465,-0.09297,0.11642,-0.18771,-0.10658,-0.35483,0.17193,-0.04678,-0.27247,0.12889,-0.23319,-0.34395,-0.12834,0.07272,-0.01699,-0.08901
97.02,-0.02043,-0.01186,0.14764,0.29891,0,0.06618,0.0339,0.32857,0.27125,-1.47193,-0.92683,-2.00781,2.16075,1.35105,4.21906,-0.10056,0.74082,0.08527,-0.15689,5.96939,-1.81987,0.42697,-5.66997,0.55091,-6.75531,-0.57531,0.17483,-0.17045,0.06078,-0.42467,0.17895,-0.05757,-0.3005,0.14224,-0.22378,-0.30753,-0.18084,0.08242,0.01324,-0.00745
97.04,-0.00805,-0.01246,0.13266,0.16215,0,0.058,-0.01898,0.25404,0.15801,-1.0874,-0.83159,-1.93244,1.60181,1.14867,4.02905,-0.03764,0.79017,-0.02012,-0.12263,5.65841,-1.67306,0.31171,-6.07147,0.79,-6.38252,-1.0012,0.22456,-0.15026,0.22225,-0.47459,0.17762,-0.06746,-0.31735,0.15709,-0.2099,-0.2593,-0.2361,0.08838,0.04136,0.06899
97.06,0.00542,-0.01236,0.11474,0.03057,0,0.04924,-0.08376,0.17679,0.0428,-0.73581,-0.75094,-1.84388,0.99653,1.00336,3.70801,0.00399,0.8132,-0.12929,-0.11732,5.13944,-1.36487,0.22891,-6.13379,0.87075,-5.62811,-1.35731,0.26278,-0.12791,0.3655,-0.5014,0.16799,-0.07565,-0.32125,0.17435,-0.19191,-0.20483,-0.29238,0.09046,0.06568,0.13588
97.08,0.01972,-0.01157,0.09447,-0.08525,0,0.04025,-0.15588,0.09647,-0.07923,-0.41244,-0.67575,-1.73504,0.36745,0.90252,3.28855,0.02192,0.80673,-0.23108,-0.13091,4.45031,-0.93934,0.15487,-5.8865,0.81643,-4.61494,-1.6367,0.28757,-0.10398,0.47926,-0.50363,0.15059,-0.08143,-0.31156,0.19473,-0.17014,-0.15055,-0.34757,0.08878,0.08479,0.18954
97.1,0.03461,-0.0102,0.07249,-0.17543,0,0.03124,-0.2301,0.01221,-0.21373,-0.10507,-0.5981,-1.59624,-0.2635,0.82661,2.80737,0.01591,0.76848,-0.31548,-0.15168,3.63763,-0.45329,0.06862,-5.38359,0.65877,-3.47499,-1.83757,0.29801,-0.07877,0.55418,-0.4817,0.1264,-0.08434,-0.28904,0.2186,-0.14486,-0.10324,-0.39926,0.08375,0.09764,0.22732
97.12,0.04981,-0.00835,0.04946,-0.23157,0,0.02232,-0.30098,-0.07707,-0.36574,0.2028,-0.51447,-1.41682,-0.87648,0.75168,2.30191,-0.01199,0.69753,-0.37467,-0.16804,2.75218,0.02913,-0.04357,-4.6975,0.43256,-2.33055,-1.9618,0.2943,-0.05238,0.58361,-0.4379,0.09689,-0.08419,-0.25578,0.24593,-0.11629,-0.06932,-0.44483,0.07599,0.10355,0.24758
97.14,0.06504,-0.00621,0.026,-0.24734,0,0.0135,-0.36343,-0.17229,-0.53813,0.52868,-0.42718,-1.18724,-1.45466,0.65274,1.80677,-0.05767,0.59473,-0.40377,-0.1701,1.8444,0.44319,-0.18611,-3.91101,0.17143,-1.28089,-2.01354,0.27761,-0.02477,0.56392,-0.37609,0.06391,-0.08108,-0.21494,0.27615,-0.0847,-0.05423,-0.48144,0.06632,0.10222,0.24972
97.16,0.07993,-0.00396,0.00272,-0.21917,0,0.00474,-0.41311,-0.27375,-0.73003,0.88798,-0.34206,-0.90144,-1.98457,0.50746,1.35031,-0.11535,0.46314,-0.40128,-0.151,0.96015,0.73113,-0.35447,-3.10814,-0.09495,-0.39498,-1.99801,0.24989,0.00412,0.49469,-0.30127,0.02957,-0.07535,-0.17021,0.30797,-0.05038,-0.06166,-0.506,0.05557,0.09377,0.23399
97.18,0.09406,-0.00182,-0.01982,-0.1467,0,-0.00393,-0.44678,-0.38076,-0.93573,1.29061,-0.26435,-0.55906,-2.45612,0.2999,0.95188,-0.17813,0.3082,-0.36915,-0.1078,0.13743,0.84939,-0.53734,-2.3651,-0.34234,0.2905,-1.92066,0.21361,0.0342,0.37867,-0.21904,-0.00388,-0.06749,-0.12526,0.33936,-0.01379,-0.09305,-0.51529,0.04445,0.07867,0.20142
97.2,0.10693,2e-05,-0.0411,-0.03309,0,-0.01245,-0.4626,-0.4914,-1.1443,1.73733,-0.1965,-0.16701,-2.86227,0.02329,0.62035,-0.23869,0.1377,-0.31248,-0.04183,-0.59582,0.77416,-0.7194,-1.743,-0.55251,0.76885,-1.78686,0.17148,0.06512,0.22161,-0.13503,-0.03425,-0.05808,-0.08315,0.36754,0.02445,-0.14715,-0.50607,0.03345,0.05773,0.15365
97.22,0.11796,0.00137,-0.06063,0.11495,0,-0.02063,-0.46012,-0.60238,-1.34025,2.21608,-0.13826,0.26018,-3.19841,-0.31852,0.35426,-0.28991,-0.03869,-0.23896,0.04153,-1.22246,0.5041,-0.88418,-1.28298,-0.71299,1.058,-1.60183,0.1262,0.09618,0.03196,-0.05438,-0.05952,-0.04762,-0.046,0.38916,0.06345,-0.22004,-0.47541,0.02279,0.03208,0.0929
97.24,0.12654,0.00211,-0.07797,0.28755,0,-0.02816,-0.44022,-0.70924,-1.50538,2.70115,-0.08736,0.70134,-3.46167,-0.71145,0.14381,-0.3255,-0.21029,-0.15788,0.13377,-1.73556,0.05981,-1.01622,-1.00442,-0.81643,1.19308,-1.37098,0.08022,0.1263,-0.17958,0.01872,-0.07805,-0.03655,-0.01479,0.40061,0.10207,-0.3054,-0.42109,0.0124,0.00305,0.02193
97.26,0.13208,0.00214,-0.0927,0.47236,0,-0.03465,-0.40485,-0.80671,-1.62141,3.15878,-0.04008,1.13097,-3.65021,-1.13306,-0.026,-0.34056,-0.36662,-0.07898,0.22457,-2.13679,-0.51968,-1.10258,-0.90579,-0.85974,1.21817,-1.10032,0.03558,0.15406,-0.40065,0.08133,-0.08869,-0.02517,0.01055,0.39846,0.13895,-0.39523,-0.34208,0.002,-0.02787,-0.05596
97.28,0.13405,0.00146,-0.10446,0.65547,0,-0.03965,-0.35669,-0.88929,-1.6731,3.55676,0.00819,1.52223,-3.76283,-1.55551,-0.17143,-0.33204,-0.49872,-0.01122,0.30342,-2.43426,-1.18233,-1.13384,-0.96751,-0.84322,1.17823,-0.79704,-0.00622,0.17785,-0.6179,0.13199,-0.09095,-0.01361,0.03096,0.37994,0.17255,-0.48064,-0.23908,-0.00879,-0.05913,-0.13693
97.3,0.1321,0.00012,-0.1129,0.8225,0,-0.04274,-0.29887,-0.95174,-1.6509,3.87036,0.06244,1.85008,-3.79886,-1.94895,-0.30646,-0.29899,-0.60017,0.03832,0.36109,-2.64022,-1.86936,-1.10455,-1.15616,-0.76987,1.11258,-0.46996,-0.04427,0.19602,-0.81783,0.17072,-0.08504,-0.0019,0.04796,0.34347,0.20125,-0.55285,-0.11489,-0.02033,-0.08921,-0.21667
97.32,0.12604,-0.00175,-0.11776,0.95969,0,-0.04358,-0.2347,-0.98965,-1.55265,4.08295,0.12757,2.09397,-3.75836,-2.2847,-0.44018,-0.24259,-0.6677,0.06512,0.39081,-2.76875,-2.52151,-1.01354,-1.42941,-0.64481,1.05049,-0.12969,-0.07811,0.20704,-0.98757,0.19881,-0.07188,0.01006,0.06325,0.28898,0.22349,-0.60399,0.02539,-0.03283,-0.11661,-0.29057
97.34,0.11598,-0.00395,-0.11888,1.05501,0,-0.042,-0.16741,-0.99981,-1.384,4.18524,0.20778,2.23978,-3.64248,-2.53817,-0.57545,-0.16592,-0.7011,0.0676,0.38892,-2.83388,-3.08474,-0.86383,-1.74121,-0.47487,1.00929,0.21159,-0.10762,0.20975,-1.11575,0.21843,-0.05307,0.02238,0.0784,0.21806,0.23791,-0.62781,0.17455,-0.04629,-0.13996,-0.35399
97.36,0.10227,-0.00626,-0.11618,1.09918,0,-0.03803,-0.09996,-0.98047,-1.1575,4.17454,0.30592,2.28104,-3.45404,-2.69105,-0.70897,-0.07351,-0.70275,0.04701,0.3551,-2.84805,-3.51508,-0.66252,-2.04693,-0.26835,0.9947,0.54078,-0.13281,0.20348,-1.19338,0.23204,-0.03068,0.03515,0.09452,0.13398,0.24351,-0.62023,0.32371,-0.06041,-0.15796,-0.40265
97.38,0.08553,-0.00843,-0.10976,1.08657,0,-0.03198,-0.03498,-0.93152,-0.89098,4.05442,0.42267,2.21946,-3.19815,-2.7331,-0.83238,0.02925,-0.67679,0.0071,0.29213,-2.82115,-3.78248,-0.42053,-2.3079,-0.03489,1.00272,0.84468,-0.15357,0.18827,-1.21466,0.24184,-0.00706,0.04835,0.11204,0.0415,0.23979,-0.57969,0.46302,-0.07461,-0.16946,-0.43307
97.4,0.06664,-0.01021,-0.09989,1.01585,0,-0.0244,0.02539,-0.85453,-0.60538,3.83432,0.55551,2.06473,-2.88284,-2.66312,-0.93399,0.13666,-0.62824,-0.04653,0.20545,-2.76021,-3.87309,-0.1521,-2.49487,0.21469,1.02247,1.11098,-0.16955,0.16493,-1.17758,0.24927,0.01536,0.06181,0.13057,-0.05353,0.22686,-0.50727,0.58248,-0.08801,-0.17348,-0.44292
97.42,0.04666,-0.0114,-0.087,0.89012,0,-0.01604,0.0795,-0.75272,-0.32253,3.52886,0.6976,1.83366,-2.51927,-2.48889,-1.00085,0.24315,-0.56233,-0.10719,0.10237,-2.6695,-3.78976,0.12589,-2.58989,0.46845,1.03919,1.32894,-0.18007,0.13499,-1.08412,0.25477,0.03435,0.07515,0.14893,-0.14461,0.20547,-0.40664,0.67287,-0.09954,-0.16935,-0.43133
97.44,0.02675,-0.01185,-0.07169,0.7166,0,-0.00779,0.12619,-0.63071,-0.06296,3.15673,0.83648,1.54847,-2.12138,-2.22619,-1.02082,0.34369,-0.48395,-0.16805,-0.00886,-2.55106,-3.55044,0.39501,-2.58655,0.71367,1.03715,1.49005,-0.18423,0.10055,-0.93996,0.25773,0.04807,0.08783,0.16533,-0.22521,0.17693,-0.28359,0.7266,-0.10804,-0.15678,-0.39888
97.46,0.00805,-0.01146,-0.05469,0.50581,0,-0.0005,0.16481,-0.49416,0.15612,2.73904,0.95333,1.23451,-1.70508,-1.89694,-0.98454,0.43397,-0.3974,-0.22299,-0.12004,-2.40555,-3.18505,0.63664,-2.48873,0.9373,1.00214,1.58839,-0.18103,0.06404,-0.75386,0.25668,0.0553,0.09914,0.17765,-0.28948,0.14296,-0.14546,0.73853,-0.1124,-0.13597,-0.34757
97.48,-0.00839,-0.01024,-0.03677,0.27059,0,0.00513,0.19522,-0.34932,0.3224,2.2977,1.02566,0.91782,-1.28717,-1.52686,-0.88705,0.51062,-0.3063,-0.2674,-0.22396,-2.23324,-2.73149,0.83349,-2.30855,1.12656,0.92343,1.62093,-0.16959,0.02789,-0.53677,0.24969,0.05558,0.10827,0.1838,-0.33294,0.10548,-0.00038,0.70668,-0.11174,-0.10777,-0.28057
97.5,-0.02179,-0.00827,-0.01874,0.02496,0,0.00864,0.21768,-0.20265,0.42951,1.85388,1.03518,0.62282,-0.88427,-1.14311,-0.72891,0.57121,-0.21365,-0.29871,-0.31501,-2.035,-2.23146,0.97105,-2.06389,1.26973,0.79515,1.58771,-0.14949,-0.00571,-0.301,0.23483,0.04923,0.11435,0.1821,-0.35297,0.06648,0.14342,0.63262,-0.1055,-0.07371,-0.20199
97.52,-0.03163,-0.0057,-0.00138,-0.21694,0,0.00991,0.23285,-0.06041,0.47727,1.42677,0.976,0.37028,-0.51186,-0.77203,-0.51655,0.61428,-0.12198,-0.31641,-0.38952,-1.81312,-1.72646,1.03883,-1.77582,1.35684,0.61701,1.49179,-0.12089,-0.03504,-0.05939,0.21061,0.03734,0.11654,0.17156,-0.34914,0.02784,0.27824,0.52154,-0.09362,-0.0359,-0.11656
97.54,-0.03771,-0.00276,0.01464,-0.4418,0,0.0091,0.24156,0.07174,0.47119,1.03266,0.85648,0.17584,-0.18343,-0.43698,-0.26174,0.6392,-0.03341,-0.32171,-0.4455,-1.57168,-1.25413,1.03114,-1.46607,1.38045,0.39412,1.339,-0.08469,-0.05892,0.17542,0.17644,0.02153,0.11409,0.15214,-0.32314,-0.00875,0.39739,0.38177,-0.07649,0.0031,-0.02929
97.56,-0.04013,0.00031,0.02872,-0.63805,0,0.00659,0.24476,0.18907,0.42134,0.68424,0.69535,0.04887,0.09025,-0.15652,0.0196,0.64607,0.0502,-0.31686,-0.48226,-1.31651,-0.84524,0.94761,-1.15477,1.33632,0.13636,1.13753,-0.04257,-0.07674,0.3916,0.13285,0.00371,0.1064,0.12475,-0.27853,-0.04182,0.49559,0.22392,-0.05502,0.04056,0.05481
97.58,-0.03925,0.00325,0.04046,-0.79657,0,0.00288,0.2433,0.28805,0.34079,0.39022,0.51635,-0.00808,0.30163,0.057,0.30911,0.63558,0.12726,-0.30431,-0.49978,-1.05501,-0.52133,0.79329,-0.85864,1.22403,-0.14289,0.89742,0.00308,-0.08838,0.5787,0.08172,-0.01426,0.09307,0.09132,-0.22019,-0.07018,0.56917,0.05984,-0.03049,0.07394,0.13115
97.6,-0.0356,0.00583,0.04958,-0.91119,0,-0.00154,0.23785,0.36656,0.24399,0.15525,0.34371,0.00071,0.44678,0.19829,0.58781,0.60882,0.19638,-0.286,-0.49825,-0.79574,-0.29343,0.57845,-0.58982,1.04742,-0.4281,0.63008,0.0493,-0.09417,0.72812,0.0262,-0.03081,0.07402,0.05459,-0.15385,-0.0929,0.61626,-0.09852,-0.00451,0.10112,0.1958
97.62,-0.02985,0.0079,0.056,-0.97895,0,-0.00622,0.22885,0.42396,0.14517,-0.01989,0.1985,0.06467,0.5254,0.26923,0.8378,0.56721,0.25629,-0.26294,-0.47782,-0.54794,-0.16177,0.31787,-0.35538,0.81454,-0.70325,0.34766,0.09283,-0.09472,0.83349,-0.02952,-0.04488,0.04954,0.01791,-0.08543,-0.10935,0.63674,-0.24017,0.02114,0.12065,0.24576
97.64,-0.02269,0.00933,0.05979,-1.00003,0,-0.01082,0.21649,0.4609,0.05691,-0.13783,0.09625,0.16815,0.54073,0.27823,1.04386,0.51229,0.30585,-0.23514,-0.43868,-0.32091,-0.11676,0.02965,-0.1575,0.53731,-0.95336,0.06241,0.13046,-0.0909,0.89095,-0.08067,-0.05586,0.0204,-0.01518,-0.02049,-0.11919,0.63204,-0.35601,0.0447,0.13182,0.27909
97.66,-0.01475,0.01008,0.06116,-0.97746,0,-0.01511,0.20079,0.4792,-0.01099,-0.20409,0.04555,0.29215,0.49916,0.23894,1.19457,0.44557,0.34396,-0.20192,-0.38139,-0.12326,-0.14083,-0.26636,0.00582,0.2306,-1.16605,-0.21401,0.15936,-0.08369,0.89941,-0.12262,-0.06365,-0.0121,-0.04134,0.0363,-0.12246,0.60489,-0.43951,0.06456,0.13462,0.29507
97.68,-0.00659,0.01017,0.06043,-0.91667,0,-0.01892,0.18167,0.48152,-0.05245,-0.22637,0.0476,0.41629,0.40971,0.16855,1.28325,0.36847,0.36955,-0.1623,-0.30729,0.03776,-0.21084,-0.55031,0.13968,-0.08887,-1.33276,-0.4712,0.17756,-0.07415,0.86069,-0.1515,-0.0684,-0.04614,-0.05792,0.08157,-0.11953,0.55899,-0.48725,0.07948,0.1297,0.29417
97.7,0.00142,0.00968,0.05802,-0.82501,0,-0.02213,0.15907,0.47106,-0.0655,-0.2139,0.09659,0.52089,0.2835,0.08584,1.30827,0.28226,0.38166,-0.11558,-0.21886,0.157,-0.30095,-0.80407,0.25104,-0.40371,-1.44944,-0.70051,0.18415,-0.06332,0.77956,-0.16485,-0.07049,-0.07941,-0.06335,0.11348,-0.11118,0.49866,-0.49908,0.08868,0.1182,0.27807
97.72,0.00907,0.00873,0.05436,-0.71106,0,-0.02465,0.13308,0.45129,-0.05237,-0.17672,0.18077,0.58895,0.133,0.0092,1.27275,0.18817,0.37948,-0.06173,-0.11987,0.23192,-0.38537,-1.01258,0.34744,-0.69702,-1.51647,-0.89528,0.17949,-0.05219,0.66354,-0.16198,-0.07029,-0.10932,-0.0573,0.13181,-0.09853,0.42859,-0.47804,0.0919,0.10161,0.24944
97.74,0.01629,0.00747,0.04992,-0.58404,0,-0.02636,0.10397,0.42561,-0.01898,-0.12502,0.28412,0.60779,-0.02881,-0.04528,1.1836,0.08755,0.36247,-0.00159,-0.01508,0.26301,-0.44119,-1.16493,0.43581,-0.95356,-1.53771,-1.0508,0.1651,-0.04163,0.5224,-0.14405,-0.06817,-0.13326,-0.04081,0.13774,-0.08295,0.35347,-0.42973,0.08941,0.0816,0.2117
97.76,0.02312,0.00606,0.04514,-0.45299,0,-0.02717,0.07228,0.39706,0.02592,-0.06842,0.38849,0.57041,-0.18935,-0.06557,1.05012,-0.01797,0.33057,0.06312,0.09022,0.25396,-0.45072,-1.25497,0.52146,-1.16069,-1.51904,-1.16409,0.14344,-0.03234,0.36742,-0.11392,-0.06444,-0.14895,-0.01612,0.13353,-0.06595,0.27773,-0.36155,0.08187,0.05989,0.16863
97.78,0.02965,0.00465,0.04039,-0.32611,0,-0.02702,0.03881,0.36816,0.07191,-0.01543,0.47581,0.47634,-0.33735,-0.04503,0.88246,-0.12635,0.2843,0.12994,0.19094,0.21163,-0.40351,-1.28164,0.60734,-1.30919,-1.46669,-1.23362,0.11759,-0.02479,0.21052,-0.07572,-0.05933,-0.15478,0.01356,0.12207,-0.04899,0.20533,-0.2817,0.07028,0.03807,0.12395
97.8,0.03597,0.00338,0.03598,-0.21027,0,-0.02587,0.00464,0.3407,0.10819,0.0271,0.53029,0.33182,-0.46357,0.01687,0.69037,-0.23493,0.225,0.19593,0.28274,0.14564,-0.29738,-1.24876,0.69362,-1.39374,-1.38589,-1.25903,0.09084,-0.01922,0.06337,-0.03439,-0.0531,-0.15011,0.04442,0.10646,-0.03339,0.1395,-0.1983,0.05578,0.01753,0.081
97.82,0.04213,0.00232,0.03212,-0.11061,0,-0.02375,-0.02899,0.31572,0.12493,0.05427,0.54015,0.14913,-0.56134,0.11467,0.48234,-0.34054,0.15489,0.25787,0.36247,0.06757,-0.13848,-1.16443,0.77765,-1.41293,-1.28011,-1.24082,0.06636,-0.0156,-0.06344,0.00491,-0.04599,-0.13538,0.07239,0.08959,-0.02016,0.08272,-0.1186,0.03958,-0.00065,0.04249
97.84,0.04811,0.00153,0.0289,-0.03046,0,-0.02076,-0.0607,0.29358,0.11455,0.0633,0.49896,-0.05503,-0.62677,0.23788,0.26534,-0.43962,0.07706,0.31258,0.4282,-0.01024,0.05981,-1.03983,0.85429,-1.36876,-1.15094,-1.1802,0.04686,-0.01371,-0.16112,0.03735,-0.03829,-0.11206,0.09362,0.0739,-0.00998,0.03659,-0.04842,0.02282,-0.01568,0.01036
97.86,0.05384,0.00103,0.02632,0.02865,0,-0.01702,-0.08914,0.27399,0.07291,0.05356,0.40637,-0.26172,-0.65877,0.37265,0.045,-0.5285,-0.00459,0.35711,0.47911,-0.07621,0.27895,-0.8877,0.9166,-1.26576,-0.9988,-1.07896,0.03434,-0.01313,-0.22333,0.059,-0.0303,-0.08234,0.10482,0.06115,-0.00318,0.00188,0.00816,0.00654,-0.02709,-0.01426
97.88,0.0592,0.00078,0.02431,0.06683,0,-0.01272,-0.11309,0.25624,0.00021,0.02643,0.26844,-0.45232,-0.65885,0.50377,-0.17391,-0.60378,-0.08558,0.38898,0.51518,-0.12102,0.49774,-0.72076,0.95675,-1.11015,-0.82396,-0.93957,0.02991,-0.01337,-0.24663,0.06729,-0.02236,-0.04891,0.10368,0.05235,0.0003,-0.02143,0.04902,-0.00839,-0.03475,-0.031
97.9,0.06407,0.00074,0.02271,0.08555,0,-0.00808,-0.13165,0.23934,-0.09838,-0.01482,0.09745,-0.6108,-0.63087,0.61661,-0.38687,-0.66271,-0.16105,0.40633,0.53683,-0.13884,0.69479,-0.55039,0.96693,-0.90908,-0.62785,-0.76534,0.03372,-0.01388,-0.23076,0.06126,-0.01481,-0.01451,0.08914,0.04779,0.00082,-0.03411,0.07388,-0.02132,-0.03879,-0.04014
97.92,0.06832,0.00083,0.02132,0.08736,0,-0.00332,-0.14423,0.22225,-0.2127,-0.06543,-0.08896,-0.72535,-0.58065,0.69863,-0.58912,-0.70338,-0.22612,0.40807,0.54465,-0.12798,0.85061,-0.38573,0.94022,-0.67015,-0.4142,-0.56078,0.04501,-0.01416,-0.17863,0.04168,-0.00796,0.01827,0.06155,0.04707,-0.00102,-0.03743,0.08412,-0.03179,-0.03958,-0.04247
97.94,0.07188,0.00097,0.01992,0.07546,0,0.00128,-0.1507,0.20402,-0.32805,-0.11942,-0.26908,-0.78917,-0.51546,0.7403,-0.77541,-0.7249,-0.27619,0.39392,0.5392,-0.09083,0.94894,-0.23321,0.87124,-0.40133,-0.1898,-0.33182,0.06226,-0.01376,-0.09598,0.01081,-0.0021,0.04728,0.02259,0.0493,-0.00439,-0.03306,0.08239,-0.03957,-0.03768,-0.03919
97.96,0.07471,0.00107,0.0183,0.05342,0,0.00546,-0.15134,0.18393,-0.42637,-0.17014,-0.41912,-0.80052,-0.44349,0.73547,-0.94006,-0.72729,-0.30736,0.36438,0.521,-0.03328,0.97758,-0.09657,0.75658,-0.11096,0.03524,-0.08605,0.08343,-0.01236,0.00919,-0.02788,0.00255,0.07088,-0.02482,0.05329,-0.00841,-0.02282,0.07216,-0.04462,-0.03377,-0.03174
97.98,0.07684,0.00107,0.01631,0.02484,0,0.00895,-0.14681,0.16159,-0.48775,-0.21067,-0.51542,-0.76211,-0.37333,0.68129,-1.07732,-0.71144,-0.3168,0.32073,0.49053,0.03636,0.92866,0.02282,0.59506,0.19208,0.2478,0.1674,0.10628,-0.00974,0.12735,-0.07028,0.00583,0.08806,-0.07691,0.05776,-0.01217,-0.00849,0.05719,-0.04709,-0.0286,-0.02165
98,0.07836,0.00092,0.01385,-0.00691,0,0.01148,-0.13811,0.137,-0.49229,-0.23421,-0.53683,-0.68008,-0.31349,0.57783,-1.18186,-0.6789,-0.30312,0.26496,0.44841,0.10849,0.7984,0.1256,0.38766,0.49844,0.43269,0.41816,0.1286,-0.00583,0.24823,-0.11211,0.00765,0.09835,-0.12932,0.06155,-0.01484,0.00832,0.04111,-0.04729,-0.02291,-0.01049
98.02,0.07942,0.00061,0.0109,-0.03879,0,0.01281,-0.12648,0.11055,-0.42216,-0.23446,-0.467,-0.5627,-0.27198,0.42739,-1.24946,-0.63164,-0.26655,0.19968,0.39557,0.17338,0.5867,0.21397,0.13733,0.79864,0.57414,0.65549,0.14846,-0.00069,0.36159,-0.14937,0.00805,0.10185,-0.17758,0.06375,-0.01572,0.02624,0.02704,-0.04563,-0.0174,0.00027
98.04,0.0802,0.00013,0.00753,-0.06812,0,0.01275,-0.11323,0.08292,-0.26371,-0.20576,-0.29641,-0.41892,-0.25597,0.23372,-1.27761,-0.57178,-0.20904,0.12797,0.33337,0.22215,0.29626,0.29128,-0.15165,1.08383,0.65796,0.86952,0.16434,0.00553,0.45797,-0.17872,0.00711,0.09905,-0.21753,0.06379,-0.01434,0.04408,0.01739,-0.0426,-0.01265,0.0093
98.06,0.08089,-0.0005,0.00386,-0.09256,0,0.01121,-0.09962,0.05497,-0.00951,-0.14331,-0.02409,-0.25686,-0.2715,0.00119,-1.26609,-0.5013,-0.13417,0.05319,0.26372,0.24752,-0.06824,0.36177,-0.47434,1.34685,0.67381,1.05275,0.17518,0.01256,0.52931,-0.1977,0.00502,0.09078,-0.2457,0.06149,-0.01043,0.06074,0.01372,-0.03872,-0.00909,0.0155
98.08,0.08163,-0.00123,7e-05,-0.11,0,0.00822,-0.0867,0.02762,0.33986,-0.04322,0.34113,-0.08266,-0.3232,-0.26597,-1.2175,-0.42177,-0.04701,-0.02123,0.1891,0.24442,-0.50098,0.43021,-0.82595,1.58331,0.61747,1.20157,0.18039,0.02007,0.56952,-0.20494,0.00205,0.07804,-0.25976,0.05703,-0.00403,0.07506,0.01677,-0.03446,-0.00699,0.01799
98.1,0.08253,-0.00202,-0.00364,-0.11852,0,0.00397,-0.07518,0.00168,0.77456,0.09722,0.78001,0.10035,-0.41407,-0.56403,-1.13744,-0.33425,0.04616,-0.092,0.11246,0.21033,-0.99536,0.50137,-1.20225,1.79229,0.4923,1.31708,0.17983,0.02771,0.57486,-0.20013,-0.00145,0.06193,-0.25872,0.05091,0.00459,0.08576,0.02647,-0.03023,-0.00643,0.01619
98.12,0.08361,-0.00285,-0.00706,-0.11632,0,-0.00119,-0.06544,-0.0222,1.27506,0.27942,1.26326,0.29166,-0.54523,-0.88986,-1.03429,-0.2393,0.13816,-0.15618,0.03708,0.14537,-1.54401,0.57936,-1.59973,1.97618,0.30942,1.40517,0.17371,0.03505,0.54406,-0.18403,-0.00509,0.04357,-0.24306,0.04388,0.01488,0.09136,0.04212,-0.02637,-0.00731,0.00977
98.14,0.08481,-0.00368,-0.01002,-0.10172,0,-0.00675,-0.05745,-0.04358,1.81275,0.50314,1.75311,0.49306,-0.71578,-1.24056,-0.91856,-0.13705,0.22134,-0.21138,-0.03379,0.05212,-2.13828,0.66662,-2.01526,2.13982,0.08657,1.47532,0.16253,0.04168,0.47819,-0.15826,-0.00839,0.02409,-0.21459,0.03681,0.02606,0.09026,0.06254,-0.02314,-0.00948,-0.00135
98.16,0.08601,-0.00448,-0.01235,-0.07329,0,-0.01205,-0.05093,-0.06224,2.35161,0.76629,2.2062,0.70748,-0.92265,-1.61281,-0.80171,-0.0275,0.28814,-0.25591,-0.09731,-0.06471,-2.76747,0.76297,-2.44541,2.28878,-0.15428,1.53869,0.14694,0.04713,0.38032,-0.12506,-0.01089,0.00458,-0.17617,0.03061,0.03722,0.08085,0.08627,-0.02076,-0.01275,-0.01705
98.18,0.087,-0.00523,-0.01395,-0.02997,0,-0.01634,-0.04539,-0.0781,2.8507,1.06463,2.57773,0.93752,-1.16058,-2.00212,-0.69491,0.08926,0.33169,-0.28894,-0.15146,-0.19899,-3.41801,0.86472,-2.88559,2.42754,-0.38976,1.60565,0.12768,0.05092,0.25506,-0.08698,-0.01211,-0.01393,-0.13135,0.02608,0.04732,0.06173,0.11179,-0.01943,-0.01699,-0.03703
98.2,0.08756,-0.0059,-0.01478,0.02875,0,-0.01885,-0.04034,-0.09118,3.26727,1.39168,2.82688,1.18389,-1.42225,-2.4021,-0.60768,0.2127,0.3466,-0.31053,-0.19532,-0.34381,-4.0727,0.96441,-3.32917,2.55781,-0.59784,1.68357,0.10549,0.05261,0.10818,-0.04665,-0.0116,-0.03047,-0.08394,0.02384,0.05535,0.03194,0.13765,-0.01935,-0.02221,-0.06087
98.22,0.08744,-0.00648,-0.01484,0.10257,0,-0.01882,-0.03543,-0.10151,3.56025,1.73867,2.92311,1.44401,-1.69845,-2.8038,-0.54685,0.34165,0.32969,-0.32163,-0.22918,-0.49243,-4.71035,1.05116,-3.76666,2.67738,-0.7597,1.775,0.0811,0.05174,-0.05384,-0.00656,-0.00901,-0.04415,-0.0376,0.02424,0.06038,-0.00882,0.16266,-0.02074,-0.02856,-0.08802
98.24,0.08645,-0.00696,-0.01419,0.19021,0,-0.01566,-0.03054,-0.10902,3.69382,2.09481,2.85344,1.71098,-1.97854,-3.19544,-0.51567,0.47409,0.28072,-0.32388,-0.25431,-0.63926,-5.30581,1.11187,-4.18499,2.77961,-0.86071,1.87669,0.0552,0.04795,-0.22413,0.03114,-0.00409,-0.05427,0.00446,0.02731,0.06165,-0.05997,0.18596,-0.02383,-0.03628,-0.11786
98.26,0.08441,-0.00733,-0.01293,0.28928,0,-0.00894,-0.02594,-0.11349,3.64105,2.44768,2.62986,1.97313,-2.25099,-3.56235,-0.51342,0.60712,0.20298,-0.31938,-0.27272,-0.78076,-5.83066,1.13315,-4.56721,2.85371,-0.89059,1.97946,0.02847,0.041,-0.39571,0.06476,0.0032,-0.06037,0.03983,0.03274,0.05865,-0.12,0.207,-0.02882,-0.0457,-0.14964
98.28,0.08124,-0.00757,-0.01121,0.39618,0,0.00146,-0.0223,-0.11448,3.38714,2.78398,2.29162,2.21423,-2.50418,-3.88752,-0.53532,0.737,0.10351,-0.31036,-0.2866,-0.91632,-6.25458,1.10352,-4.89263,2.88542,-0.84312,2.06884,0.00161,0.03083,-0.56181,0.09314,0.01272,-0.06231,0.06703,0.03988,0.05123,-0.1864,0.2256,-0.03585,-0.05706,-0.18254
98.3,0.07697,-0.00767,-0.00919,0.50623,0,0.01533,-0.02063,-0.11138,2.93195,3.09022,1.89397,2.41463,-2.72715,-4.1524,-0.57298,0.85926,-0.00714,-0.29893,-0.29796,-1.04862,-6.5472,1.01549,-5.13749,2.85815,-0.71593,2.1264,-0.0247,0.0176,-0.7161,0.11569,0.02405,-0.06032,0.08566,0.04785,0.03959,-0.25578,0.24186,-0.04498,-0.0705,-0.21562
98.32,0.0717,-0.00763,-0.00704,0.6139,0,0.0321,-0.02211,-0.10343,2.29087,3.35353,1.48854,2.55316,-2.91027,-4.33802,-0.6153,0.96889,-0.11598,-0.28679,-0.30826,-1.18354,-6.68027,0.86708,-5.276,2.754,-0.5107,2.13156,-0.04981,0.00174,-0.85291,0.13244,0.03651,-0.05498,0.09634,0.05556,0.02436,-0.32413,0.25609,-0.05614,-0.08595,-0.24784
98.34,0.06561,-0.00742,-0.00499,0.71325,0,0.05089,-0.02781,-0.08987,1.49399,3.56228,1.11175,2.6101,-3.04576,-4.42631,-0.64994,1.06051,-0.20927,-0.27501,-0.31819,-1.32929,-6.62975,0.66247,-5.28192,2.5549,-0.2337,2.06384,-0.07314,-0.01605,-0.9675,0.14395,0.04919,-0.04711,0.10052,0.06186,0.00653,-0.38724,0.26871,-0.06917,-0.10312,-0.27806
98.36,0.05892,-0.00703,-0.00325,0.79849,0,0.07053,-0.03836,-0.07009,0.58361,3.70677,0.78489,2.57085,-3.12806,-4.40163,-0.66499,1.12867,-0.2748,-0.26392,-0.32757,-1.49506,-6.37811,0.41174,-5.13054,2.24376,0.10341,1.90533,-0.09426,-0.03485,-1.05622,0.15132,0.06098,-0.03772,0.10022,0.06567,-0.01261,-0.44111,0.28011,-0.08379,-0.12144,-0.30507
98.38,0.05188,-0.00641,-0.00207,0.8646,0,0.08972,-0.05364,-0.04381,-0.38934,3.77984,0.51781,2.43028,-3.15422,-4.25237,-0.65083,1.16821,-0.30406,-0.2531,-0.33548,-1.68933,-5.91661,0.12993,-4.80144,1.80625,0.48288,1.64321,-0.113,-0.05352,-1.11674,0.15606,0.07066,-0.02776,0.09771,0.06611,-0.03154,-0.48254,0.29057,-0.09967,-0.14013,-0.3276
98.4,0.04467,-0.00552,-0.00172,0.90774,0,0.10706,-0.0726,-0.01117,-1.36936,3.77756,0.31218,2.19709,-3.12421,-3.97259,-0.60163,1.17465,-0.29394,-0.24136,-0.34037,-1.91806,-5.24728,-0.16462,-4.28158,1.23329,0.88101,1.27209,-0.12943,-0.0708,-1.14804,0.15995,0.077,-0.01805,0.09514,0.06259,-0.04867,-0.50935,0.30014,-0.11637,-0.15822,-0.34443
98.42,0.03746,-0.00431,-0.00243,0.92547,0,0.12123,-0.09334,0.02716,-2.30054,3.69964,0.16412,1.89532,-3.04102,-3.56318,-0.51632,1.14463,-0.24728,-0.22701,-0.34031,-2.18308,-4.38413,-0.4524,-3.56853,0.52425,1.2694,0.79579,-0.14383,-0.08539,-1.15028,0.16481,0.07889,-0.00916,0.09427,0.05486,-0.06242,-0.52048,0.30866,-0.13338,-0.1746,-0.35439
98.44,0.03036,-0.00277,-0.00443,0.91662,0,0.131,-0.11339,0.07007,-3.13071,3.54946,0.06636,1.55764,-2.91045,-3.03227,-0.39886,1.07622,-0.17213,-0.20809,-0.33324,-2.48069,-3.35315,-0.71514,-2.67327,-0.30933,1.61761,0.22814,-0.15654,-0.09604,-1.12436,0.17224,0.07541,-0.00142,0.09618,0.04295,-0.07136,-0.5158,0.31576,-0.1501,-0.18804,-0.3565
98.46,0.02347,-0.00087,-0.00783,0.88093,0,0.1354,-0.13016,0.11609,-3.8153,3.33392,0.00969,1.21282,-2.74078,-2.39506,-0.25774,0.96927,-0.08007,-0.1827,-0.31726,-2.8009,-2.19111,-0.93842,-1.62218,-1.24043,1.89687,-0.4071,-0.1678,-0.10163,-1.07141,0.18333,0.06604,0.00511,0.10111,0.02712,-0.07435,-0.4956,0.32092,-0.1658,-0.19731,-0.34999
98.48,0.01686,0.00132,-0.01265,0.8186,0,0.13371,-0.1415,0.16361,-4.32072,3.06306,-0.01596,0.8777,-2.54211,-1.67312,-0.10497,0.82559,0.0161,-0.14942,-0.2909,-3.12735,-0.9435,-1.11368,-0.4578,-2.22455,2.08417,-1.07741,-0.17754,-0.10132,-0.99228,0.19837,0.05067,0.01055,0.10848,0.00774,-0.07065,-0.46018,0.32357,-0.17957,-0.20121,-0.33436
98.5,0.01062,0.00372,-0.01875,0.73,0,0.12559,-0.14613,0.21099,-4.6266,2.7496,-0.02091,0.5571,-2.32575,-0.89316,0.04527,0.64907,0.10452,-0.10754,-0.25339,-3.4382,0.3382,-1.23931,0.76242,-3.20038,2.16553,-1.74356,-0.18529,-0.09462,-0.88736,0.21671,0.02977,0.01512,0.11693,-0.01478,-0.05999,-0.40945,0.32312,-0.19041,-0.1987,-0.30947
98.52,0.00485,0.00619,-0.02585,0.61549,0,0.11109,-0.14384,0.25678,-4.72649,2.40818,-0.01544,0.24694,-2.10328,-0.08534,0.17821,0.44551,0.17582,-0.05735,-0.20481,-3.70801,1.5999,-1.32017,1.9699,-4.09418,2.13787,-2.36285,-0.19013,-0.08149,-0.75666,0.23679,0.00431,0.01913,0.12467,-0.04003,-0.04265,-0.34289,0.31906,-0.1972,-0.18901,-0.2755
98.54,-0.00032,0.00854,-0.03355,0.47555,0,0.09066,-0.13543,0.29973,-4.62691,2.05431,-0.00964,-0.06253,-1.88536,0.719,0.28024,0.22219,0.22386,-0.00013,-0.14623,-3.91049,2.78895,-1.36556,3.09163,-4.8281,2.00876,-2.89322,-0.19079,-0.06236,-0.60025,0.25628,-0.02425,0.0229,0.12987,-0.06755,-0.01944,-0.25976,0.31088,-0.19886,-0.17171,-0.23294
98.56,-0.00478,0.01059,-0.04135,0.31109,0,0.06516,-0.1224,0.33892,-4.34499,1.70314,-0.01349,-0.38353,-1.68041,1.49011,0.34047,-0.01279,0.24569,0.06192,-0.07962,-4.02193,3.85857,-1.3861,4.05875,-5.33137,1.79451,-3.29802,-0.18592,-0.03818,-0.41899,0.27248,-0.05409,0.02675,0.13115,-0.0968,0.00837,-0.15956,0.29807,-0.19442,-0.14685,-0.18247
98.58,-0.00845,0.01215,-0.04876,0.12388,0,0.03576,-0.10648,0.37365,-3.90572,1.3684,-0.03679,-0.72759,-1.49349,2.2024,0.3522,-0.25121,0.24089,0.12591,-0.00781,-4.02469,4.77204,-1.3904,4.81569,-5.55213,1.51729,-3.55066,-0.17435,-0.0103,-0.21535,0.28274,-0.08322,0.03099,0.12812,-0.12705,0.03908,-0.04264,0.28007,-0.18319,-0.11499,-0.12493
98.6,-0.0113,0.01311,-0.05532,-0.08296,0,0.00394,-0.08918,0.4035,-3.33926,1.06163,-0.08912,-1.10229,-1.3255,2.83645,0.31365,-0.48539,0.21074,0.18856,0.06583,-3.90987,5.50574,-1.38253,5.32737,-5.46691,1.202,-3.63799,-0.15538,0.01954,0.00602,0.28492,-0.10967,0.03593,0.12157,-0.15735,0.07076,0.08921,0.25622,-0.1649,-0.07727,-0.06129
98.62,-0.0134,0.01338,-0.06064,-0.30454,0,-0.02863,-0.07144,0.42822,-2.67858,0.79127,-0.17954,-1.50772,-1.17295,3.37994,0.22812,-0.70857,0.15742,0.24653,0.13765,-3.67849,6.05025,-1.36102,5.58296,-5.08515,0.87337,-3.56175,-0.12909,0.04937,0.23794,0.27778,-0.13168,0.04183,0.11349,-0.18646,0.10136,0.23244,0.22591,-0.13976,-0.03533,0.00733
98.64,-0.0149,0.01298,-0.06451,-0.53403,0,-0.06023,-0.05344,0.4476,-1.95771,0.56114,-0.31602,-1.93277,-1.02848,3.82738,0.10318,-0.91504,0.08337,0.29683,0.20414,-3.34076,6.40932,-1.31972,5.59506,-4.44757,0.5538,-3.33737,-0.0964,0.0772,0.47103,0.26122,-0.14786,0.04886,0.10666,-0.21296,0.12893,0.38165,0.18858,-0.10846,0.00884,0.07957
98.66,-0.01609,0.01194,-0.06684,-0.76283,0,-0.0892,-0.03456,0.46136,-1.21034,0.36929,-0.5045,-2.35375,-0.88181,4.17882,-0.05075,-1.10013,-0.00904,0.33713,0.26245,-2.91381,6.59711,-1.25014,5.39541,-3.61909,0.26178,-2.99093,-0.05921,0.10124,0.69442,0.23635,-0.15735,0.05707,0.10402,-0.23536,0.15175,0.52991,0.144,-0.07216,0.05308,0.15373
98.68,-0.01734,0.01039,-0.0677,-0.98082,0,-0.11409,-0.01356,0.46909,-0.46888,0.20835,-0.74747,-2.73992,-0.72123,4.43824,-0.22199,-1.26004,-0.1176,0.3661,0.31076,-2.41872,6.6347,-1.14456,5.0283,-2.67878,0.01109,-2.55489,-0.02023,0.1201,0.89681,0.20543,-0.15988,0.06631,0.10795,-0.25219,0.16855,0.66928,0.09236,-0.03236,0.09532,0.22765
98.7,-0.01909,0.00846,-0.06731,-1.17709,0,-0.13378,0.01117,0.47017,0.23631,0.06709,-1.04208,-3.06386,-0.53533,4.61183,-0.39915,-1.39165,-0.23999,0.38354,0.34851,-1.87772,6.54659,-0.99883,4.54381,-1.70915,-0.18958,-2.06395,0.01722,0.13294,1.06768,0.17163,-0.15583,0.07622,0.11958,-0.26227,0.17863,0.79151,0.03446,0.00917,0.13375,0.29872
98.72,-0.02182,0.00628,-0.06602,-1.34071,0,-0.14757,0.04121,0.46376,0.87772,-0.06793,-1.37768,-3.30733,-0.31471,4.7065,-0.57213,-1.49233,-0.37339,0.39039,0.37637,-1.31207,6.35763,-0.81411,3.9917,-0.78666,-0.3363,-1.55143,0.04955,0.13958,1.19832,0.13861,-0.14616,0.08617,0.13851,-0.26475,0.18188,0.88883,-0.02821,0.05058,0.16696,0.36393
98.74,-0.02592,0.00402,-0.06424,-1.46175,0,-0.15512,0.07775,0.44889,1.43175,-0.21087,-1.7337,-3.46065,-0.05362,4.72872,-0.73251,-1.55982,-0.51391,0.38841,0.39591,-0.74086,6.09063,-0.5969,3.41683,0.02531,-0.42942,-1.04669,0.07339,0.14043,1.28268,0.10995,-0.13219,0.09533,0.16273,-0.25929,0.17874,0.9547,-0.09351,0.09,0.19396,0.42013
98.76,-0.03167,0.00179,-0.06238,-1.53239,0,-0.15651,0.12114,0.42455,1.87992,-0.37512,-2.08076,-3.52036,0.24883,4.68384,-0.87338,-1.59218,-0.65608,0.37984,0.40901,-0.18071,5.76484,-0.35774,2.85621,0.68105,-0.47273,-0.57361,0.08613,0.13636,1.31791,0.08846,-0.11544,0.10265,0.18901,-0.24605,0.17007,0.98458,-0.15878,0.12574,0.21417,0.46424
98.78,-0.03913,-0.00032,-0.06082,-1.54794,0,-0.15208,0.1706,0.3898,2.21023,-0.5719,-2.3873,-3.48755,0.58788,4.576,-0.9889,-1.58793,-0.79249,0.36687,0.41728,0.35405,5.39533,-0.10903,2.33767,1.15462,-0.47262,-0.14994,0.08639,0.12848,1.3047,0.07565,-0.09731,0.10703,0.21342,-0.22574,0.157,0.97648,-0.2211,0.15635,0.2273,0.49374
98.8,-0.04809,-0.00223,-0.05983,-1.50762,0,-0.14243,0.22407,0.34402,2.41801,-0.80844,-2.62773,-3.36683,0.95306,4.40846,-1.07368,-1.54616,-0.91387,0.35128,0.42149,0.85092,4.99323,0.13725,1.87974,1.4398,-0.43724,0.21257,0.07436,0.11801,1.24719,0.07136,-0.07894,0.1074,0.23195,-0.1995,0.14075,0.93131,-0.27747,0.18076,0.2333,0.50691
98.82,-0.0581,-0.00394,-0.05953,-1.41476,0,-0.12837,0.2783,0.28698,2.50615,-1.08605,-2.78591,-3.16565,1.32899,4.18412,-1.12229,-1.46685,-1.00961,0.33413,0.42133,1.29896,4.56628,0.37128,1.49243,1.54813,-0.37574,0.5076,0.05185,0.10613,1.15255,0.07371,-0.06106,0.10285,0.24107,-0.16888,0.12255,0.85285,-0.32517,0.19832,0.23234,0.5031
98.84,-0.06845,-0.00544,-0.05992,-1.27635,0,-0.11082,0.32923,0.21902,2.4843,-1.39768,-2.8542,-2.89373,1.69703,3.90604,-1.12903,-1.35094,-1.06881,0.31572,0.41539,1.68891,4.11972,0.58634,1.1786,1.50537,-0.29756,0.73335,0.02197,0.09384,1.03006,0.0795,-0.04401,0.09283,0.23823,-0.13561,0.1035,0.74722,-0.36195,0.20881,0.22475,0.48278
98.86,-0.07833,-0.00675,-0.06086,-1.1021,0,-0.09082,0.3725,0.14109,2.36745,-1.72646,-2.83157,-2.56257,2.03771,3.5779,-1.08797,-1.20052,-1.08179,0.29561,0.40145,2.01369,3.65707,0.77895,0.93546,1.34689,-0.21186,0.89159,-0.01139,0.08197,0.88992,0.08491,-0.02782,0.07725,0.22206,-0.10139,0.08458,0.6221,-0.38631,0.2124,0.21108,0.4474
98.88,-0.08688,-0.00788,-0.06211,-0.90319,0,-0.06947,0.40418,0.05478,2.17411,-2.04823,-2.72221,-2.18509,2.33338,3.20451,-0.9934,-1.01895,-1.04165,0.27291,0.37697,2.26915,3.18112,0.94839,0.7562,1.11279,-0.127,0.98676,-0.0442,0.07112,0.74201,0.08627,-0.01235,0.05661,0.19259,-0.06774,0.0666,0.48572,-0.39762,0.20963,0.19211,0.39928
98.9,-0.09332,-0.00883,-0.06335,-0.69114,0,-0.04793,0.42128,-0.03767,1.92446,-2.33836,-2.5345,-1.77537,2.57057,2.79236,-0.84062,-0.81089,-0.94569,0.24649,0.33962,2.45471,2.69489,1.09584,0.63147,0.84327,-0.05014,1.02516,-0.07292,0.06176,0.59481,0.08084,0.00254,0.03204,0.15121,-0.03582,0.05024,0.34605,-0.39624,0.20131,0.16888,0.34134
98.92,-0.09708,-0.00959,-0.06424,-0.47683,0,-0.02734,0.42221,-0.13344,1.63871,-2.57791,-2.2802,-1.3483,2.74147,2.34987,-0.6269,-0.58235,-0.79615,0.21533,0.28775,2.57348,2.20239,1.22336,0.55066,0.57476,0.01306,1.01441,-0.09493,0.05417,0.45482,0.06725,0.01686,0.00524,0.10053,-0.0064,0.03602,0.21012,-0.38342,0.18846,0.14267,0.2768
98.94,-0.09777,-0.01013,-0.06444,-0.26979,0,-0.00876,0.40687,-0.22928,1.33571,-2.75569,-1.97354,-0.91917,2.84438,1.8874,-0.3526,-0.34046,-0.60022,0.17876,0.22077,2.63183,1.70913,1.33293,0.50286,0.33699,0.05863,0.96288,-0.10879,0.04851,0.32623,0.04571,0.03042,-0.02174,0.04405,0.02014,0.02436,0.0837,-0.3611,0.17222,0.11488,0.20896
98.96,-0.09529,-0.01042,-0.06369,-0.07779,0,0.00688,0.37659,-0.32166,1.03183,-2.86787,-1.63031,-0.50295,2.88313,1.41684,-0.02218,-0.09317,-0.36926,0.13663,0.13934,2.63842,1.22211,1.4256,0.47761,0.15102,0.08448,0.87933,-0.11418,0.0448,0.21111,0.01775,0.04286,-0.0467,-0.01422,0.04363,0.01552,-0.02884,-0.33157,0.15371,0.08693,0.14089
98.98,-0.08975,-0.01039,-0.06178,0.09328,0,0.01892,0.33379,-0.40706,0.7403,-2.91663,-1.26698,-0.1136,2.86597,0.95111,0.35491,0.15116,-0.11763,0.08945,0.04544,2.60305,0.74973,1.50105,0.46536,0.02833,0.09039,0.77268,-0.11172,0.04294,0.10977,-0.01409,0.0536,-0.06765,-0.07019,0.06405,0.00959,-0.12442,-0.29711,0.13398,0.06005,0.07521
99,-0.08147,-0.01003,-0.05862,0.23943,0,0.02698,0.2817,-0.48216,0.47093,-2.9087,-0.89981,0.2366,2.80418,0.50343,0.76392,0.38419,0.13883,0.03845,-0.05768,2.53557,0.30138,1.55736,0.45785,-0.029,0.07788,0.65179,-0.10277,0.04266,0.02132,-0.04677,0.062,-0.08303,-0.12009,0.08133,0.00653,-0.20113,-0.25972,0.11393,0.03521,0.01395
99.02,-0.07097,-0.00932,-0.05424,0.3584,0,0.03104,0.22398,-0.54411,0.23012,-2.85372,-0.54408,0.53766,2.71046,0.08657,1.18506,0.59799,0.38419,-0.01457,-0.16565,2.44502,-0.11315,1.59128,0.44831,-0.02709,0.04991,0.52525,-0.08908,0.0436,-0.05583,-0.07727,0.06744,-0.09192,-0.16074,0.09533,0.00608,-0.25806,-0.22094,0.09425,0.01299,-0.0415
99.04,-0.05885,-0.00825,-0.04876,0.44941,0,0.0314,0.1643,-0.59069,0.02133,-2.76266,-0.21323,0.78237,2.59742,-0.28802,1.5947,0.78538,0.6039,-0.06735,-0.27325,2.33899,-0.48448,1.59875,0.43169,0.02205,0.01039,0.40104,-0.07251,0.04526,-0.12359,-0.10291,0.0694,-0.09405,-0.18974,0.1058,0.00785,-0.29521,-0.18181,0.07543,-0.00636,-0.09028
99.06,-0.04579,-0.00685,-0.0424,0.51291,0,0.02861,0.10607,-0.62043,-0.15441,-2.64639,0.0819,0.96666,2.47618,-0.6112,1.96724,0.94034,0.78599,-0.11745,-0.3748,2.22335,-0.80458,1.57564,0.40468,0.10324,-0.03649,0.28625,-0.05483,0.0471,-0.18378,-0.12172,0.0676,-0.08982,-0.2055,0.11248,0.01131,-0.31341,-0.14298,0.05776,-0.02285,-0.13196
99.08,-0.03244,-0.00519,-0.03542,0.5504,0,0.02345,0.05215,-0.63275,-0.29785,-2.51463,0.33379,1.08986,2.3553,-0.87695,2.27752,1.0583,0.92203,-0.1626,-0.4646,2.10226,-1.06779,1.51872,0.36577,0.20113,-0.08688,0.18658,-0.03746,0.0485,-0.23802,-0.13263,0.06206,-0.0801,-0.20728,0.11516,0.01582,-0.31438,-0.10489,0.04136,-0.0367,-0.16632
99.1,-0.01937,-0.00332,-0.02811,0.56416,0,0.01678,0.00469,-0.62799,-0.41085,-2.37522,0.53858,1.15475,2.24019,-1.08293,2.50326,1.13639,1.00774,-0.20088,-0.53736,1.97846,-1.27145,1.42644,0.31518,0.3025,-0.13778,0.10613,-0.02138,0.0489,-0.28747,-0.13554,0.05317,-0.06614,-0.19518,0.11382,0.02068,-0.30069,-0.0679,0.02621,-0.04814,-0.19321
99.12,-0.00707,-0.00133,-0.02073,0.55711,0,0.00953,-0.035,-0.60736,-0.49586,-2.23384,0.69593,1.16726,2.133,-1.23049,2.62709,1.17359,1.04302,-0.23097,-0.58863,1.85366,-1.41616,1.29946,0.25462,0.39773,-0.18723,0.04711,-0.00709,0.04776,-0.33277,-0.1313,0.04165,-0.04936,-0.17013,0.10869,0.02516,-0.2757,-0.03253,0.0122,-0.05743,-0.21241
99.14,0.00409,0.00069,-0.01352,0.53254,0,0.00257,-0.06633,-0.57275,-0.5554,-2.09396,0.80853,1.13577,2.03283,-1.32411,2.63818,1.17061,1.03154,-0.25216,-0.61512,1.72894,-1.50551,1.14079,0.18692,0.48102,-0.23437,0.00986,0.00541,0.04466,-0.37381,-0.12159,0.02853,-0.03127,-0.13389,0.1003,0.02852,-0.24334,0.00057,-0.00084,-0.06469,-0.22356
99.16,0.01389,0.00265,-0.00662,0.49396,0,-0.00333,-0.08942,-0.5265,-0.59187,-1.95704,0.88118,1.07027,1.93634,-1.37055,2.53311,1.12976,0.97982,-0.26434,-0.61499,1.60505,-1.54535,0.95552,0.11549,0.54971,-0.27905,-0.00713,0.01651,0.03932,-0.4097,-0.10872,0.01495,-0.01328,-0.08908,0.0894,0.0301,-0.2078,0.03054,-0.01313,-0.06999,-0.22616
99.18,0.02221,0.00447,-9e-05,0.44486,0,-0.00755,-0.10497,-0.47112,-0.60735,-1.82292,0.91982,0.98131,1.83853,-1.37772,2.31636,1.05469,0.89618,-0.26793,-0.58798,1.48272,-1.54294,0.75036,0.04375,0.60304,-0.3215,-0.00698,0.02688,0.0316,-0.43874,-0.09531,0.00209,0.00338,-0.03907,0.07696,0.02926,-0.17322,0.05643,-0.0249,-0.0733,-0.21971
99.2,0.02905,0.00608,0.00609,0.38865,0,-0.00964,-0.11405,-0.40905,-0.60362,-1.69026,0.93059,0.87918,1.73368,-1.35373,2.00009,0.9502,0.78978,-0.2637,-0.53555,1.36277,-1.50618,0.53315,-0.02532,0.64082,-0.36188,0.00589,0.03739,0.02156,-0.45849,-0.08404,-0.00903,0.01769,0.01206,0.06408,0.02551,-0.14323,0.07725,-0.03633,-0.07458,-0.20381
99.22,0.03452,0.00743,0.01207,0.32844,0,-0.00938,-0.11809,-0.34247,-0.58228,-1.55696,0.91917,0.77318,1.6161,-1.30606,1.60326,0.82196,0.6697,-0.25272,-0.46073,1.24608,-1.44294,0.31245,-0.08962,0.66243,-0.39994,0.02617,0.04891,0.00942,-0.46613,-0.07742,-0.01761,0.02896,0.05986,0.05191,0.0185,-0.12065,0.09208,-0.04755,-0.07378,-0.17839
99.24,0.0388,0.00849,0.01807,0.26706,0,-0.00679,-0.11869,-0.27321,-0.54487,-1.42033,0.8904,0.67117,1.48064,-1.24118,1.14993,0.67624,0.54429,-0.23614,-0.36784,1.13334,-1.36061,0.09709,-0.14805,0.66635,-0.43486,0.04817,0.0623,-0.00443,-0.45886,-0.07752,-0.02313,0.03677,0.09986,0.04159,0.00808,-0.1072,0.10011,-0.05861,-0.07092,-0.14392
99.26,0.04215,0.00927,0.02435,0.2069,0,-0.0021,-0.11762,-0.20268,-0.49303,-1.27725,0.84814,0.57932,1.32308,-1.16434,0.66694,0.51955,0.4208,-0.21515,-0.26207,1.02455,-1.26592,-0.10421,-0.2006,0.65023,-0.46526,0.06638,0.07825,-0.01948,-0.43447,-0.0858,-0.02541,0.04102,0.1281,0.03421,-0.00567,-0.10326,0.10071,-0.0694,-0.06608,-0.10157
99.28,0.04493,0.00979,0.03121,0.1499,0,0.00429,-0.11675,-0.13187,-0.4287,-1.12421,0.79546,0.50205,1.14027,-1.07966,0.18155,0.35837,0.30508,-0.19079,-0.14893,0.91869,-1.16492,-0.2833,-0.24826,0.61137,-0.48928,0.076,0.09725,-0.03513,-0.39189,-0.10296,-0.02451,0.04188,0.14162,0.03079,-0.02241,-0.1078,0.09345,-0.07964,-0.05944,-0.05338
99.3,0.04749,0.0101,0.03894,0.09757,0,0.01177,-0.11799,-0.06146,-0.35425,-0.95739,0.73485,0.44219,0.93027,-0.99048,-0.28066,0.1989,0.20159,-0.16396,-0.0339,0.81335,-1.06306,-0.43304,-0.29278,0.54743,-0.50489,0.07341,0.11958,-0.05075,-0.33168,-0.12895,-0.02076,0.03974,0.13881,0.0322,-0.04156,-0.11853,0.07812,-0.08892,-0.05131,-0.00224
99.32,0.05028,0.01028,0.04776,0.05107,0,0.01965,-0.12326,0.00804,-0.27254,-0.77289,0.66856,0.4011,0.69241,-0.89963,-0.69725,0.04687,0.11341,-0.13532,0.07794,0.70484,-0.96529,-0.54795,-0.33638,0.4571,-0.5101,0.05645,0.14526,-0.06574,-0.25612,-0.16296,-0.01471,0.03517,0.1196,0.03917,-0.06233,-0.13218,0.05477,-0.09671,-0.0421,0.04825
99.34,0.05373,0.0104,0.05783,0.01127,0,0.02721,-0.13442,0.0762,-0.18683,-0.56695,0.59878,0.37897,0.42725,-0.80972,-1.0497,-0.09265,0.04238,-0.10527,0.18215,0.58842,-0.87605,-0.62488,-0.38142,0.34062,-0.50327,0.02457,0.17412,-0.07951,-0.16911,-0.2036,-0.00703,0.02878,0.08532,0.05229,-0.08381,-0.14507,0.02366,-0.10243,-0.03236,0.09416
99.36,0.05826,0.01055,0.06922,-0.02105,0,0.03377,-0.15315,0.14245,-0.10066,-0.33631,0.52773,0.37506,0.13655,-0.72334,-1.3236,-0.21542,-0.01083,-0.0739,0.27494,0.45889,-0.79913,-0.6637,-0.42998,0.20002,-0.48336,-0.02129,0.20577,-0.0916,-0.07573,-0.24906,0.00146,0.02116,0.03835,0.07195,-0.10504,-0.15378,-0.01469,-0.10558,-0.02268,0.13163
99.38,0.06424,0.01082,0.08185,-0.04509,0,0.03881,-0.18082,0.20595,-0.01758,-0.07871,0.45779,0.38786,-0.17671,-0.64315,-1.50865,-0.31812,-0.04653,-0.04104,0.35333,0.31139,-0.73748,-0.66783,-0.48347,0.0393,-0.45013,-0.07885,0.23968,-0.10164,0.01835,-0.29737,0.00993,0.01278,-0.0183,0.09836,-0.12518,-0.15588,-0.0595,-0.10584,-0.01371,0.15745
99.4,0.07194,0.01125,0.09553,-0.05988,0,0.04203,-0.2183,0.2655,0.05901,0.2065,0.39142,0.41527,-0.50821,-0.57203,-1.59845,-0.39843,-0.06598,-0.00625,0.4151,0.14228,-0.69307,-0.64432,-0.54239,-0.13563,-0.40432,-0.14478,0.27516,-0.1094,0.1074,-0.34655,0.01758,0.00392,-0.08144,0.13147,-0.14354,-0.15039,-0.10973,-0.10316,-0.00612,0.16941
99.42,0.0815,0.01188,0.10993,-0.06416,0,0.04335,-0.26581,0.31944,0.12605,0.51769,0.3312,0.45471,-0.85195,-0.51297,-1.59051,-0.45503,-0.07128,0.03109,0.45891,-0.05001,-0.66674,-0.60326,-0.606,-0.31721,-0.34768,-0.21499,0.31131,-0.11482,0.18597,-0.3947,0.02371,-0.00529,-0.14798,0.17094,-0.15968,-0.13815,-0.16398,-0.09779,-0.00052,0.16655
99.44,0.09285,0.0127,0.12458,-0.05639,0,0.04294,-0.32273,0.36567,0.18096,0.85033,0.27967,0.50305,-1.19994,-0.46907,-1.48625,-0.48753,-0.06531,0.07167,0.48427,-0.26429,-0.65805,-0.5565,-0.67234,-0.49655,-0.28283,-0.28502,0.34694,-0.11796,0.2492,-0.43999,0.02792,-0.01485,-0.21503,0.21605,-0.17334,-0.12165,-0.22047,-0.09024,0.00255,0.1491
99.46,0.1057,0.01367,0.13889,-0.0347,0,0.04117,-0.38742,0.40169,0.22168,1.19644,0.23923,0.5566,-1.54186,-0.44322,-1.29132,-0.49627,-0.05166,0.11613,0.4917,-0.49614,-0.66528,-0.51585,-0.73816,-0.66403,-0.21305,-0.35039,0.38052,-0.11901,0.29281,-0.48054,0.03011,-0.02476,-0.27994,0.26561,-0.18445,-0.10468,-0.27699,-0.08124,0.00269,0.11827
99.48,0.11949,0.01469,0.15216,0.00289,0,0.03852,-0.4571,0.42479,0.24677,1.54434,0.21187,0.61103,-1.86493,-0.43789,-1.01597,-0.48223,-0.03456,0.16485,0.48272,-0.73775,-0.68531,-0.49114,-0.79914,-0.80999,-0.14198,-0.40692,0.41006,-0.11825,0.31316,-0.51436,0.03065,-0.03495,-0.3402,0.31794,-0.19299,-0.0917,-0.33082,-0.07157,-0.0003,0.07592
99.5,0.13336,0.01563,0.16363,0.05832,0,0.03554,-0.52789,0.4323,0.25552,1.87879,0.19889,0.66136,-2.15403,-0.45467,-0.67533,-0.44683,-0.01876,0.2178,0.45979,-0.97808,-0.71372,-0.4887,-0.85013,-0.92551,-0.07334,-0.45101,0.43316,-0.11603,0.3073,-0.53928,0.03033,-0.04523,-0.39341,0.37076,-0.19896,-0.08726,-0.37882,-0.062,-0.00645,0.02424
99.52,0.14623,0.01633,0.17254,0.13311,0,0.03277,-0.59488,0.42186,0.24807,2.18153,0.20061,0.70205,-2.39222,-0.49388,-0.28944,-0.39183,-0.00935,0.27434,0.42614,-1.2035,-0.74475,-0.51053,-0.88549,-1.00324,-0.0106,-0.47978,0.44708,-0.11276,0.27315,-0.55298,0.03033,-0.05524,-0.43722,0.42126,-0.20232,-0.09534,-0.41749,-0.05319,-0.01554,-0.03448
99.54,0.15677,0.01663,0.17816,0.22794,0,0.03067,-0.65242,0.3918,0.22552,2.43242,0.21594,0.7271,-2.56169,-0.55407,0.11733,-0.31916,-0.01148,0.33299,0.38535,-1.39884,-0.77143,-0.55441,-0.89954,-1.03818,0.04321,-0.49112,0.44894,-0.10883,0.20979,-0.55314,0.03197,-0.06454,-0.4695,0.46613,-0.20298,-0.11888,-0.4431,-0.04561,-0.02713,-0.09797
99.56,0.16355,0.01636,0.17988,0.34224,0,0.02961,-0.69457,0.34148,0.19003,2.61106,0.24214,0.73046,-2.64506,-0.63168,0.51743,-0.23082,-0.03004,0.39131,0.34083,-1.54872,-0.7858,-0.61475,-0.88703,-1.02832,0.08572,-0.4836,0.43604,-0.10461,0.11783,-0.53764,0.03654,-0.07273,-0.48852,0.5017,-0.20083,-0.15945,-0.45196,-0.03955,-0.04062,-0.16394
99.58,0.16515,0.01537,0.17724,0.47375,0,0.02978,-0.71555,0.27158,0.14481,2.69868,0.27463,0.70647,-2.62706,-0.72081,0.88179,-0.12874,-0.06919,0.4458,0.29533,-1.63924,-0.77934,-0.68392,-0.84368,-0.97516,0.11532,-0.45648,0.40617,-0.10044,-0.0002,-0.50493,0.04495,-0.07952,-0.49315,0.52416,-0.19574,-0.21703,-0.44075,-0.03507,-0.05524,-0.23006
99.6,0.16027,0.01358,0.17002,0.61827,0,0.03124,-0.71036,0.18433,0.09403,2.68018,0.30726,0.65066,-2.49615,-0.81346,1.18188,-0.01469,-0.13189,0.4919,0.25061,-1.65931,-0.74372,-0.75354,-0.7667,-0.88385,0.13121,-0.40969,0.358,-0.09654,-0.13964,-0.45434,0.05755,-0.0849,-0.48312,0.52987,-0.18765,-0.28996,-0.40693,-0.03205,-0.07013,-0.2938
99.62,0.1479,0.01096,0.15829,0.76963,0,0.03388,-0.67529,0.08344,0.04239,2.54572,0.33286,0.56051,-2.24587,-0.90021,1.39218,0.10979,-0.21938,0.52409,0.20734,-1.60183,-0.67185,-0.81563,-0.6553,-0.76275,0.13331,-0.34388,0.2914,-0.09304,-0.2937,-0.38635,0.07404,-0.08908,-0.45906,0.51573,-0.17662,-0.37499,-0.34909,-0.03019,-0.08438,-0.35245
99.64,0.12742,0.00755,0.14238,0.91993,0,0.03742,-0.6083,-0.02608,-0.00546,2.29187,0.3443,0.43638,-1.8757,-0.97131,1.49271,0.24346,-0.33063,0.53611,0.16525,-1.46412,-0.55924,-0.86311,-0.51099,-0.62249,0.12209,-0.26055,0.20764,-0.08998,-0.45386,-0.30281,0.09348,-0.09239,-0.42239,0.47953,-0.16281,-0.4675,-0.26734,-0.02907,-0.09701,-0.40315
99.66,0.09876,0.00348,0.12289,1.06006,0,0.04145,-0.50936,-0.13846,-0.04563,1.92221,0.33582,0.2823,-1.39137,-1.01818,1.47165,0.38551,-0.46189,0.52126,0.12357,-1.24803,-0.40534,-0.88998,-0.33774,-0.47455,0.09832,-0.16225,0.10943,-0.08724,-0.61054,-0.20691,0.11444,-0.09518,-0.37513,0.42037,-0.14652,-0.56184,-0.16364,-0.02813,-0.10708,-0.44295
99.68,0.06241,-0.0011,0.10064,1.18034,0,0.04547,-0.38067,-0.24771,-0.07568,1.44758,0.30437,0.10647,-0.80489,-1.03487,1.32762,0.53565,-0.60622,0.47273,0.08147,-0.95974,-0.21483,-0.89113,-0.14204,-0.32974,0.06282,-0.05266,0.00092,-0.08463,-0.75389,-0.10313,0.13524,-0.0976,-0.31958,0.33899,-0.12813,-0.6517,-0.04193,-0.02673,-0.11367,-0.46909
99.7,0.01956,-0.00594,0.07662,1.27129,0,0.04888,-0.22669,-0.34816,-0.09503,0.88584,0.2506,-0.07877,-0.13416,-1.01919,1.07107,0.69418,-0.75315,0.38381,0.03849,-0.60937,0.00176,-0.86216,0.06726,-0.19691,0.01626,0.06325,-0.11253,-0.08183,-0.87465,0.003,0.15417,-0.09947,-0.25807,0.23792,-0.10814,-0.73049,0.09186,-0.02421,-0.11595,-0.47917
99.72,-0.02798,-0.01079,0.05194,1.32431,0,0.05112,-0.05404,-0.43502,-0.10488,0.26119,0.17922,-0.25774,0.59784,-0.97309,0.7244,0.86195,-0.88849,0.24802,-0.00536,-0.21047,0.22828,-0.79903,0.27929,-0.08224,-0.04086,0.17936,-0.22463,-0.07849,-0.96473,0.10531,0.1697,-0.10029,-0.19279,0.12155,-0.08713,-0.79177,0.23002,-0.01992,-0.11326,-0.47146
99.74,-0.07784,-0.01536,0.02773,1.33223,0,0.05167,0.12888,-0.50462,-0.10771,-0.39717,0.09866,-0.41302,1.36428,-0.90219,0.32044,1.04032,-0.99442,0.0591,-0.04965,0.22055,0.44431,-0.69805,0.48173,0.01101,-0.10825,0.2887,-0.32866,-0.07425,-1.0176,0.19757,0.18053,-0.09932,-0.12567,-0.00423,-0.06569,-0.82948,0.36373,-0.01331,-0.10515,-0.44501
99.76,-0.1273,-0.01938,0.00508,1.28975,0,0.05011,0.31243,-0.55468,-0.10635,-1.05694,0.01992,-0.52775,2.13623,-0.81451,-0.10042,1.23087,-1.0498,-0.18903,-0.09401,0.66523,0.62733,-0.5559,0.66171,0.08211,-0.18566,0.38392,-0.41808,-0.06881,-1.02847,0.27414,0.18574,-0.09573,-0.05843,-0.13254,-0.04444,-0.83828,0.48376,-0.00398,-0.09145,-0.39982
99.78,-0.17344,-0.02262,-0.0151,1.19383,0,0.04622,0.4865,-0.58439,-0.10297,-1.68489,-0.04496,-0.58802,2.88457,-0.71894,-0.49377,1.4351,-1.03086,-0.5021,-0.13863,1.10389,0.75545,-0.36991,0.80673,0.13222,-0.27264,0.45793,-0.48716,-0.06197,-0.99434,0.33064,0.18469,-0.08887,0.00741,-0.25616,-0.02396,-0.81384,0.58149,0.00822,-0.07234,-0.33695
99.8,-0.21343,-0.02492,-0.03208,1.04397,0,0.03997,0.64122,-0.59428,-0.09829,-2.24913,-0.0845,-0.58495,3.58186,-0.6236,-0.81486,1.65388,-0.91225,-0.88488,-0.18489,1.51662,0.8101,-0.13861,0.90568,0.1636,-0.36837,0.50456,-0.53158,-0.05365,-0.91412,0.36456,0.17709,-0.07845,0.07046,-0.36822,-0.00478,-0.75315,0.64978,0.02318,-0.04838,-0.25846
99.82,-0.24476,-0.02615,-0.04542,0.84242,0,0.03156,0.76776,-0.58617,-0.09123,-2.72122,-0.08929,-0.51594,4.20387,-0.53467,-1.02181,1.88659,-0.66843,-1.34002,-0.23582,1.88432,0.77813,0.13773,0.9497,0.17907,-0.47144,0.51915,-0.5488,-0.04396,-0.78857,0.37542,0.16296,-0.06465,0.12934,-0.46282,0.01265,-0.65487,0.68369,0.04052,-0.02048,-0.16734
99.84,-0.26547,-0.02631,-0.05493,0.59415,0,0.02137,0.85897,-0.56273,-0.07915,-3.07799,-0.0532,-0.38474,4.73068,-0.45555,-1.07825,2.13016,-0.27549,-1.86639,-0.2963,2.18979,0.6533,0.45638,0.93295,0.1815,-0.57969,0.49902,-0.5383,-0.03313,-0.62039,0.36482,0.14259,-0.0481,0.18273,-0.53552,0.02802,-0.51964,0.68091,0.05958,0.01019,-0.06727
99.86,-0.27433,-0.02542,-0.06068,0.30669,0,0.00988,0.90999,-0.52719,-0.05848,-3.30319,0.02582,-0.20074,5.14751,-0.38672,-0.95532,2.37799,0.28652,-2.45689,-0.373,2.41904,0.43687,0.8116,0.85307,0.17369,-0.69024,0.44374,-0.50153,-0.02146,-0.41421,0.33607,0.11654,-0.02979,0.22938,-0.58365,0.04111,-0.35031,0.64194,0.0795,0.04228,0.03778
99.88,-0.271,-0.02362,-0.06297,-0.01014,0,-0.00234,0.91879,-0.48286,-0.02577,-3.38888,0.14525,0.02256,5.44521,-0.32584,-0.6333,2.61917,1.03079,-3.09642,-0.47381,2.56257,0.13766,1.1942,0.71165,0.15836,-0.79948,0.35533,-0.44178,-0.00931,-0.17668,0.29372,0.08569,-0.01086,0.26821,-0.60657,0.05186,-0.15208,0.57005,0.09932,0.07443,0.14382
99.9,-0.25615,-0.02107,-0.06227,-0.34449,0,-0.01476,0.88645,-0.43283,0.02151,-3.33641,0.29794,0.26909,5.62044,-0.26836,-0.10298,2.83813,1.96039,-3.76003,-0.60682,2.61658,-0.22836,1.59142,0.51439,0.13815,-0.9033,0.23823,-0.36392,0.00295,0.08361,0.24302,0.05115,0.00756,0.29838,-0.60568,0.06031,0.06742,0.47105,0.11804,0.10539,0.24721
99.92,-0.2314,-0.01798,-0.05919,-0.68292,0,-0.02685,0.8172,-0.37967,0.08423,-3.15663,0.47241,0.52178,5.67522,-0.20829,0.63326,3.01501,3.06475,-4.41196,-0.77874,2.58369,-0.63905,1.98722,0.27108,0.11569,-0.9973,0.09897,-0.27403,0.01499,0.35611,0.18942,0.01433,0.02456,0.31944,-0.58423,0.06663,0.29842,0.35286,0.13471,0.13404,0.34475
99.94,-0.19919,-0.01458,-0.05438,-1.01089,0,-0.03816,0.71806,-0.32527,0.16142,-2.86926,0.65364,0.76389,5.61582,-0.13905,1.56064,3.12669,4.3161,-5.00569,-0.99291,2.4731,-1.06747,2.36304,-0.00489,0.09349,-1.07711,-0.0543,-0.17894,0.02643,0.62866,0.13807,-0.02316,0.03949,0.33132,-0.54697,0.07099,0.52944,0.22488,0.14843,0.15946,0.43369
99.96,-0.16253,-0.01109,-0.0485,-1.31337,0,-0.04823,0.59829,-0.27082,0.25034,-2.50143,0.8242,0.98006,5.45125,-0.05449,2.65168,3.14872,5.66661,-5.48556,-1.24712,2.30021,-1.4837,2.69904,-0.29725,0.07381,-1.13871,-0.21259,-0.08574,0.03687,0.88793,0.09347,-0.05957,0.05204,0.33439,-0.49953,0.07357,0.74813,0.09718,0.15845,0.18086,0.51165
99.98,-0.12471,-0.00772,-0.04214,-1.57559,0,-0.0566,0.46849,-0.21676,0.34692,-2.08579,0.96578,1.15706,5.19177,0.05021,3.86634,3.05769,7.04661,-5.78985,-1.53186,2.08575,-1.85696,2.97562,-0.58787,0.05846,-1.17884,-0.36685,-0.00119,0.04582,1.12009,0.05918,-0.09308,0.06223,0.32941,-0.44778,0.07447,0.94212,-0.02038,0.16413,0.19753,0.57645
100,-0.08901,-0.00464,-0.03577,-1.78375,0,-0.06279,0.3398,-0.163,0.44613,-1.65819,1.06072,1.2844,4.84774,0.17777,5.15279,2.83386,8.36493,-5.85558,-1.82949,1.8544,-2.15786,3.17501,-0.85794,0.04871,-1.19522,-0.50866,0.06868,0.0527,1.31152,0.03764,-0.12193,0.07028,0.3175,-0.39722,0.07367,1.09992,-0.11901,0.16506,0.20885,0.62596
100.02,-0.0584,-0.002,-0.02976,-1.9257,0,-0.06632,0.22292,-0.10904,0.54242,-1.25519,1.09373,1.35462,4.42883,0.32823,6.44915,2.46372,9.51172,-5.62455,-2.11479,1.63297,-2.36061,3.28256,-1.08927,0.04522,-1.18674,-0.63073,0.11901,0.05683,1.44959,0.03005,-0.1445,0.07657,0.29998,-0.35244,0.07103,1.21167,-0.19169,0.16105,0.21423,0.65805
100.04,-0.03535,0.00012,-0.02431,-1.99147,0,-0.06671,0.12728,-0.05427,0.62999,-0.91119,1.05342,1.36338,3.94356,0.4987,7.68627,1.94196,10.36445,-5.05052,-2.35708,1.44791,-2.44516,3.28768,-1.2656,0.04818,-1.15331,-0.72715,0.14632,0.05756,1.52349,0.03642,-0.15938,0.08142,0.27821,-0.31663,0.06634,1.26962,-0.23377,0.15227,0.21315,0.67055
100.06,-0.02164,0.00164,-0.01952,-1.97377,0,-0.06359,0.06019,0.00181,0.70295,-0.6555,0.93368,1.30938,3.39926,0.68345,8.79155,1.27287,10.79694,-4.10667,-2.5236,1.32253,-2.39901,3.18436,-1.37401,0.0575,-1.09576,-0.79339,0.14871,0.05431,1.52503,0.05562,-0.16548,0.08494,0.25334,-0.29132,0.05936,1.26853,-0.24338,0.13921,0.20522,0.66139
100.08,-0.01825,0.00253,-0.01539,-1.86854,0,-0.05672,0.02613,0.05935,0.75555,-0.50977,0.73475,1.19431,2.80241,0.87433,9.69366,0.47114,10.69122,-2.79269,-2.58356,1.27438,-2.21868,2.97165,-1.4061,0.07306,-1.01551,-0.82629,0.12595,0.04673,1.44943,0.08553,-0.16207,0.08697,0.22611,-0.27628,0.0499,1.20594,-0.22165,0.1228,0.19028,0.6288
100.1,-0.02532,0.00275,-0.01186,-1.67554,0,-0.04608,0.02637,0.11797,0.78249,-0.48604,0.46367,1.02255,2.15947,1.06139,10.32723,-0.43811,9.95064,-1.13976,-2.5119,1.31317,-1.91055,2.65377,-1.35887,0.09488,-0.91458,-0.824,0.07946,0.03477,1.29604,0.12324,-0.14886,0.08695,0.19678,-0.26956,0.03792,1.08243,-0.17264,0.1044,0.1684,0.57156
100.12,-0.04214,0.0023,-0.00883,-1.39879,0,-0.03189,0.05891,0.17674,0.77936,-0.58587,0.13402,0.80087,1.47777,1.23387,10.63692,-1.42044,8.51304,0.78785,-2.29198,1.43966,-1.49044,2.24014,-1.23496,0.12327,-0.79557,-0.78592,0.01222,0.01876,1.06877,0.16519,-0.12604,0.08406,0.16513,-0.26784,0.02351,0.90179,-0.10293,0.08564,0.13998,0.48935
100.14,-0.06728,0.0012,-0.00617,-1.04682,0,-0.0146,0.11876,0.23419,0.74322,-0.80074,-0.23536,0.53792,0.7664,1.3813,10.58041,-2.4343,6.36248,2.89574,-1.91685,1.64572,-0.98209,1.74485,-1.04218,0.15876,-0.66185,-0.71271,-0.07139,-0.00065,0.77621,0.20754,-0.09424,0.0773,0.1306,-0.26695,0.00696,0.67114,-0.02088,0.06834,0.1057,0.38295
100.16,-0.09869,-0.00052,-0.00381,-0.63273,0,0.00517,0.19862,0.2885,0.6733,-1.11336,-0.62226,0.24354,0.03684,1.49471,10.13044,-3.43419,3.53864,5.06624,-1.38928,1.91541,-0.41462,1.18598,-0.79247,0.20202,-0.51779,-0.60636,-0.1659,-0.02249,0.43125,0.24632,-0.05459,0.0658,0.09255,-0.26253,-0.01127,0.40077,0.06431,0.05421,0.0665,0.25443
100.18,-0.13388,-0.00278,-0.00166,-0.17391,0,0.02671,0.28967,0.33771,0.57154,-1.49974,-1.00338,-0.07184,-0.69668,1.56772,9.27626,-4.37444,0.143,7.16818,-0.72113,2.22688,0.1804,0.58472,-0.50062,0.2538,-0.36911,-0.47023,-0.26512,-0.04566,0.05048,0.27783,-0.00861,0.04904,0.05053,-0.25072,-0.03065,0.10388,0.14373,0.04463,0.02345,0.10731
100.2,-0.17015,-0.00545,0.00032,0.30857,0,0.04923,0.38247,0.37997,0.44297,-1.93156,-1.35632,-0.39774,-1.4171,1.59717,8.02432,-5.21251,-3.6602,9.06769,0.06742,2.55451,0.77156,-0.03557,-0.18285,0.31489,-0.22297,-0.30909,-0.36251,-0.06896,-0.34668,0.29888,0.04183,0.0271,0.0046,-0.22871,-0.05055,-0.20401,0.20967,0.04041,-0.02221,-0.05339
100.22,-0.2047,-0.00836,0.00218,0.79097,0,0.07193,0.46774,0.41366,0.29555,-2.37844,-1.66112,-0.72397,-2.105,1.58314,6.39771,-5.91169,-7.64995,10.63881,0.94837,2.87133,1.3296,-0.65031,0.14433,0.38629,-0.088,-0.12896,-0.45157,-0.09123,-0.73916,0.30705,0.0945,0.00074,-0.0446,-0.19509,-0.07038,-0.50597,0.25628,0.0417,-0.06915,-0.22128
100.24,-0.23483,-0.0113,0.00395,1.24852,0,0.09404,0.53707,0.43754,0.13942,-2.81006,-1.90098,-1.04074,-2.73956,1.52816,4.43411,-6.44255,-11.56289,11.77318,1.8863,3.15108,1.82856,-1.23477,0.4651,0.46947,0.02609,0.06318,-0.52632,-0.11139,-1.10577,0.30088,0.14696,-0.02866,-0.09573,-0.14987,-0.08951,-0.78507,0.27986,0.04794,-0.11591,-0.38884
100.26,-0.25811,-0.01406,0.00566,1.65744,0,0.11475,0.58349,0.45073,-0.01432,-3.1981,-2.06264,-1.33872,-3.30006,1.43596,2.18268,-6.78368,-15.11525,12.38857,2.83872,3.37021,2.24621,-1.76529,0.76506,0.56677,0.1092,0.25992,-0.58167,-0.12854,-1.42691,0.28004,0.1966,-0.05919,-0.14692,-0.09427,-0.10738,-1.02597,0.27892,0.05798,-0.16084,-0.54784
100.28,-0.27251,-0.01641,0.00742,1.99706,0,0.13325,0.6019,0.4527,-0.15512,-3.51789,-2.13631,-1.60898,-3.76767,1.31013,-0.29912,-6.92201,-18.02983,12.43604,3.75684,3.5096,2.5643,-2.22061,1.03184,0.68162,0.15166,0.45397,-0.61386,-0.14193,-1.68621,0.24533,0.24081,-0.08874,-0.19591,-0.03039,-0.1235,-1.21665,0.25393,0.07024,-0.20207,-0.68994
100.3,-0.27655,-0.01814,0.00932,2.25169,0,0.14875,0.58942,0.44326,-0.27443,-3.74971,-2.1158,-1.84288,-4.12722,1.1532,-2.94799,-6.85285,-20.06422,11.90475,4.58724,3.55576,2.76856,-2.58303,1.25541,0.81853,0.14526,0.63866,-0.62076,-0.15106,-1.87202,0.19873,0.27712,-0.11519,-0.24027,0.03917,-0.13742,-1.34965,0.20708,0.08285,-0.23752,-0.80719
100.32,-0.2694,-0.01911,0.01151,2.4117,0,0.16044,0.54554,0.42251,-0.367,-3.87962,-1.99868,-2.03199,-4.36842,0.96638,-5.69618,-6.57967,-21.03659,10.82339,5.2746,3.50145,2.84904,-2.83938,1.42826,0.98251,0.08414,0.80833,-0.60204,-0.15562,-1.97812,0.14319,0.30338,-0.1367,-0.27759,0.11149,-0.14876,-1.42265,0.14198,0.09393,-0.26495,-0.89265
100.34,-0.251,-0.01921,0.01409,2.4738,0,0.16766,0.47208,0.39079,-0.43162,-3.89955,-1.78673,-2.16797,-4.48648,0.75014,-8.47189,-6.11352,-20.84659,9.25743,5.76585,3.3454,2.80053,-2.9816,1.54542,1.17812,-0.03442,0.95844,-0.55913,-0.15554,-2.00384,0.08237,0.31797,-0.15186,-0.30561,0.1835,-0.1572,-1.43819,0.06337,0.10169,-0.28204,-0.94085
100.36,-0.22209,-0.01841,0.01709,2.44059,0,0.16985,0.37306,0.34865,-0.47141,-3.80719,-1.48646,-2.24269,-4.48222,0.50538,-11.19934,-5.47234,-19.48989,7.30296,6.01542,3.09161,2.62324,-3.00715,1.60436,1.40806,-0.2093,1.08562,-0.49502,-0.15096,-1.9535,0.02023,0.31996,-0.15976,-0.32233,0.25198,-0.16246,-1.40263,-0.02315,0.10462,-0.28664,-0.94824
100.38,-0.18415,-0.01676,0.02043,2.31961,0,0.16674,0.25429,0.29684,-0.49359,-3.6055,-1.10958,-2.24864,-4.3618,0.23492,-13.79889,-4.68035,-17.0651,5.07849,5.99092,2.74824,2.32372,-2.91928,1.60498,1.67173,-0.43508,1.18758,-0.4139,-0.1422,-1.83545,-0.03942,0.30931,-0.1601,-0.32617,0.31358,-0.16431,-1.32478,-0.1114,0.10163,-0.27696,-0.91351
100.4,-0.13939,-0.01435,0.02388,2.12224,0,0.15834,0.12299,0.23635,-0.50859,-3.30226,-0.67322,-2.17968,-4.13626,-0.05521,-16.1878,-3.76756,-13.77012,2.71578,5.67812,2.32663,1.91542,-2.72699,1.54951,1.96402,-0.70184,1.26302,-0.32082,-0.12976,-1.661,-0.09335,0.28689,-0.15316,-0.31607,0.36484,-0.16253,-1.21441,-0.19497,0.09213,-0.25196,-0.83791
100.42,-0.09054,-0.01136,0.02703,1.86245,0,0.145,-0.01287,0.16849,-0.52849,-2.9094,-0.19941,-2.03213,-3.82069,-0.35508,-18.28146,-2.76906,-9.88515,0.35008,5.08403,1.84024,1.41871,-2.44477,1.44237,2.27467,-0.99523,1.31142,-0.22115,-0.11419,-1.44318,-0.13918,0.25445,-0.13973,-0.29176,0.40239,-0.15694,-1.08095,-0.26765,0.0761,-0.21159,-0.7253
100.44,-0.0406,-0.00797,0.02937,1.55549,0,0.12733,-0.14533,0.09493,-0.56488,-2.4421,0.28641,-1.80605,-3.43306,-0.65104,-19.99584,-1.72385,-5.74146,-1.88973,4.23731,1.30371,0.86004,-2.09177,1.28995,2.58829,-1.29699,1.33291,-0.12014,-0.09608,-1.19542,-0.17564,0.2144,-0.12101,-0.25389,0.42328,-0.14735,-0.93238,-0.32394,0.0541,-0.15707,-0.58202
100.46,0.00753,-0.00438,0.03031,1.2167,0,0.10612,-0.26726,0.01778,-0.6265,-1.91777,0.75741,-1.50646,-2.9928,-0.92684,-21.25117,-0.67312,-1.6803,-3.89088,3.1863,0.73196,0.27022,-1.69054,1.10026,2.88512,-1.58578,1.328,-0.02233,-0.07589,-0.93037,-0.20257,0.16944,-0.09848,-0.2043,0.42537,-0.13352,-0.77462,-0.3597,0.02725,-0.09104,-0.41645
100.48,0.05136,-0.00076,0.02926,0.86041,0,0.08224,-0.37315,-0.06043,-0.71704,-1.35472,1.18797,-1.14433,-2.51947,-1.16523,-21.97733,0.34168,1.99038,-5.56498,1.99507,0.13966,-0.31776,-1.2657,0.88251,3.1424,-1.83837,1.29744,0.06887,-0.05388,-0.65887,-0.2209,0.12222,-0.0737,-0.14606,0.40782,-0.11525,-0.61118,-0.37271,-0.00285,-0.01757,-0.23845
100.5,0.08913,0.00273,0.02574,0.49932,0,0.05652,-0.45965,-0.13675,-0.83377,-0.76981,1.55591,-0.73678,-2.03172,-1.34985,-22.1198,1.28098,5.03222,-6.85372,0.73839,-0.45918,-0.87111,-0.84236,0.64677,3.33615,-2.03098,1.24205,0.15143,-0.03012,-0.38943,-0.23252,0.07506,-0.04819,-0.0834,0.37141,-0.09232,-0.44343,-0.363,-0.03424,0.05801,-0.05869
100.52,0.11991,0.006,0.01942,0.14413,0,0.02975,-0.5258,-0.2079,-0.96741,-0.17569,1.84417,-0.30633,-1.54659,-1.4671,-21.64489,2.10916,7.29837,-7.73063,-0.5044,-1.05109,-1.3595,-0.44467,0.40347,3.44306,-2.14066,1.16243,0.22477,-0.00451,-0.12807,-0.23995,0.02974,-0.02332,-0.02138,0.31863,-0.06467,-0.27112,-0.33298,-0.06473,0.12959,0.11226
100.54,0.14358,0.00897,0.01021,-0.19652,0,0.00259,-0.57272,-0.2705,-1.10341,0.4196,2.04173,0.1213,-1.07902,-1.50761,-20.54345,2.79677,8.73842,-8.19872,-1.65613,-1.62301,-1.75716,-0.09422,0.16287,3.44244,-2.14668,1.05875,0.28944,0.02311,0.12137,-0.24599,-0.01251,-0.00018,0.03472,0.25348,-0.0324,-0.09332,-0.28704,-0.09213,0.19101,0.26485
100.56,0.16074,0.01162,-0.00178,-0.51586,0,-0.02433,-0.60307,-0.32133,-1.22437,1.00937,2.14373,0.52019,-0.64154,-1.46735,-18.83305,3.32253,9.38808,-8.28508,-2.64884,-2.16197,-2.04471,0.19147,-0.06556,3.31803,-2.03206,0.93048,0.34676,0.05275,0.35658,-0.25327,-0.05087,0.02044,0.08026,0.18094,0.00403,0.09051,-0.23096,-0.11444,0.237,0.39156
100.58,0.17239,0.01388,-0.01618,-0.8087,0,-0.05041,-0.62029,-0.35759,-1.31307,1.5841,2.15117,0.8676,-0.24418,-1.34836,-16.5591,3.67525,9.34922,-8.03408,-3.4301,-2.65494,-2.21052,0.40031,-0.27372,3.05994,-1.78513,0.77639,0.39819,0.08412,0.57598,-0.26374,-0.08485,0.03811,0.11203,0.10639,0.04375,0.27948,-0.17103,-0.13013,0.26398,0.48769
100.6,0.17973,0.01571,-0.03243,-1.07102,0,-0.07503,-0.62787,-0.37725,-1.35539,2.13013,2.07032,1.14668,0.10559,-1.15881,-13.79466,3.85486,8.76589,-7.50053,-3.96763,-3.08886,-2.25157,0.5265,-0.45525,2.66624,-1.40127,0.59493,0.44481,0.11649,0.77795,-0.27827,-0.11412,0.05275,0.12889,0.03495,0.08544,0.47053,-0.11326,-0.13827,0.27081,0.55189
100.62,0.18389,0.01705,-0.04977,-1.29949,0,-0.09758,-0.62866,-0.37915,-1.34237,2.63188,1.91177,1.34803,0.40289,-0.91238,-10.63758,3.87241,7.80096,-6.74396,-4.2511,-3.45086,-2.1732,0.57084,-0.60572,2.14415,-0.88447,0.38495,0.48682,0.14873,0.96023,-0.29623,-0.13847,0.06458,0.13203,-0.02906,0.1274,0.65818,-0.06264,-0.13869,0.25886,0.58609
100.64,0.18577,0.01784,-0.06736,-1.49113,0,-0.11745,-0.62449,-0.36313,-1.2712,3.07401,1.68941,1.4697,0.64546,-0.62686,-7.20452,3.74856,6.6159,-5.82408,-4.2909,-3.72874,-1.98808,0.54022,-0.72248,1.51039,-0.24853,0.14688,0.5232,0.17932,1.11959,-0.3153,-0.15786,0.07408,0.12471,-0.08251,0.1677,0.83478,-0.02261,-0.13193,0.23177,0.59484
100.66,0.18586,0.01803,-0.0843,-1.64299,0,-0.13412,-0.61598,-0.32995,-1.14511,3.44231,1.4192,1.51592,0.8338,-0.32216,-3.62263,3.51109,5.35538,-4.79785,-4.11448,-3.91181,-1.71428,0.44665,-0.80436,0.79078,0.48224,-0.11601,0.55164,0.20666,1.2518,-0.33143,-0.17256,0.08183,0.11165,-0.12366,0.20442,0.99144,0.00522,-0.11922,0.1946,0.58422
100.68,0.18425,0.01764,-0.09977,-1.75211,0,-0.14726,-0.60253,-0.2812,-0.97256,3.72421,1.11808,1.49516,0.9711,-0.01821,-0.0205,3.19185,4.13691,-3.71789,-3.76134,-3.99201,-1.37313,0.30573,-0.85134,0.01905,1.27318,-0.39647,0.56858,0.22922,1.35199,-0.33901,-0.18328,0.0885,0.09821,-0.15219,0.23593,1.11913,0.02114,-0.10226,0.15292,0.5606
100.7,0.18064,0.01674,-0.11303,-1.81571,0,-0.15672,-0.58262,-0.21918,-0.7659,3.90956,0.803,1.4181,1.06311,0.26691,3.47946,2.82374,3.04563,-2.63189,-3.27782,-3.96514,-0.98725,0.13509,-0.86415,-0.76507,2.08051,-0.68271,0.56964,0.24583,1.41518,-0.33137,-0.19126,0.09466,0.08946,-0.16911,0.26108,1.20998,0.02715,-0.08307,0.11179,0.52953
100.72,0.17447,0.01547,-0.12354,-1.83153,0,-0.1626,-0.55425,-0.14675,-0.53988,3.99152,0.49008,1.29604,1.11743,0.51819,6.76623,2.438,2.13357,-1.58246,-2.71234,-3.83183,-0.57883,-0.04737,-0.84412,-1.51868,2.8539,-0.95876,0.55019,0.25579,1.437,-0.30159,-0.19818,0.10079,0.08953,-0.1764,0.27932,1.25834,0.02648,-0.06376,0.07514,0.49493
100.74,0.16505,0.01404,-0.13091,-1.79838,0,-0.16518,-0.51543,-0.06719,-0.31005,3.96752,0.1938,1.13987,1.14249,0.72426,9.74293,2.06189,1.42275,-0.60687,-2.11148,-3.59818,-0.16851,-0.22507,-0.793,-2.19932,3.54069,-1.20582,0.50619,0.2589,1.41445,-0.24355,-0.20591,0.10721,0.10104,-0.1766,0.29062,1.26151,0.02295,-0.04626,0.04534,0.45881
100.76,0.15185,0.01265,-0.13493,-1.71675,0,-0.16483,-0.46477,0.01594,-0.09124,3.84014,-0.07361,0.9597,1.1461,0.87735,12.32778,1.71696,0.91086,0.26347,-1.51698,-3.27591,0.22541,-0.38432,-0.71301,-2.76923,4.09118,-1.40453,0.43508,0.25534,1.34662,-0.15318,-0.21614,0.114,0.12493,-0.17231,0.29535,1.22011,0.02018,-0.03213,0.02327,0.42145
100.78,0.13464,0.0115,-0.13553,-1.58942,0,-0.16189,-0.40206,0.099,0.10378,3.61803,-0.30275,0.76493,1.13406,0.97288,14.45421,1.41794,0.57815,1.00385,-0.96374,-2.88242,0.58742,-0.51546,-0.60698,-3.1995,4.46437,-1.53765,0.33664,0.24559,1.23541,-0.02962,-0.22996,0.12108,0.16043,-0.16566,0.29405,1.13812,0.02082,-0.02235,0.00847,0.38183
100.8,0.11367,0.01072,-0.13277,-1.42192,0,-0.15664,-0.32859,0.17842,0.26528,3.31651,-0.48744,0.56457,1.10882,1.00896,16.07098,1.1724,0.39447,1.59691,-0.47859,-2.44037,0.90501,-0.61366,-0.47851,-3.47327,4.63289,-1.59255,0.21363,0.23029,1.08595,0.12397,-0.24752,0.12816,0.20515,-0.15803,0.28725,1.02264,0.02605,-0.01719,-0.00041,0.33835
100.82,0.08975,0.01038,-0.12684,-1.22263,0,-0.14921,-0.24736,0.25085,0.38722,2.95744,-0.62476,0.3673,1.06873,0.98606,17.14234,0.98111,0.32543,2.03318,-0.07976,-1.97704,1.16876,-0.67899,-0.3321,-3.5872,4.58616,-1.56294,0.07188,0.21012,0.90661,0.30014,-0.26794,0.13479,0.25539,-0.14984,0.27539,0.88321,0.03538,-0.01623,-0.00523,0.28946
100.84,0.06417,0.01044,-0.11799,-1.0023,0,-0.13962,-0.16283,0.31334,0.46738,2.56828,-0.71487,0.18139,1.00777,0.90668,17.64867,0.83903,0.33708,2.31122,0.22311,-1.52289,1.37241,-0.71581,-0.17316,-3.55091,4.33108,-1.44955,-0.08001,0.18585,0.70854,0.4877,-0.28932,0.14035,0.3065,-0.14073,0.25878,0.7308,0.0469,-0.01848,-0.00792,0.2343
100.86,0.03854,0.01081,-0.10658,-0.77321,0,-0.12787,-0.08048,0.36352,0.50719,2.18031,-0.76073,0.01422,0.91588,0.77544,17.58792,0.73683,0.39912,2.43752,0.42869,-1.10981,1.51298,-0.7317,-0.00786,-3.38463,3.89062,-1.25988,-0.23161,0.15828,0.50471,0.67278,-0.3091,0.14414,0.35332,-0.12985,0.23765,0.5766,0.05782,-0.02256,-0.01013,0.1731
100.88,0.01459,0.0113,-0.09304,-0.54807,0,-0.11402,-0.00617,0.39977,0.51129,1.82635,-0.76753,-0.12839,0.77999,0.5992,16.97786,0.66262,0.48674,2.42604,0.54326,-0.76897,1.5909,-0.73592,0.1571,-3.11593,3.30092,-1.00724,-0.37182,0.12834,0.30874,0.8405,-0.32442,0.14538,0.39065,-0.11625,0.21232,0.43071,0.06524,-0.02699,-0.01303,0.10742
100.9,-0.00608,0.01174,-0.07787,-0.33885,0,-0.09826,0.0545,0.42136,0.48688,1.53828,-0.74224,-0.24279,0.58552,0.38732,15.85834,0.60369,0.58128,2.29745,0.57959,-0.52864,1.61005,-0.73791,0.31479,-2.77615,2.60752,-0.70935,-0.4901,0.09711,0.13357,0.97659,-0.33263,0.14333,0.41377,-0.09933,0.18326,0.30119,0.0669,-0.03042,-0.01714,0.04014
100.92,-0.02218,0.01193,-0.06162,-0.15585,0,-0.081,0.09683,0.4285,0.44298,1.34452,-0.69304,-0.32796,0.31842,0.1518,14.2919,0.54811,0.67003,2.0777,0.55538,-0.41212,1.57757,-0.74579,0.45836,-2.39708,1.86099,-0.38674,-0.57759,0.06582,-0.00973,1.06904,-0.33164,0.13734,0.41892,-0.0791,0.15125,0.19342,0.06166,-0.03187,-0.02234,-0.02477
100.94,-0.03286,0.01172,-0.04489,-0.00686,0,-0.06288,0.11748,0.42229,0.38945,1.26751,-0.62875,-0.38574,-0.03255,-0.09288,12.36196,0.4859,0.74533,1.79605,0.49103,-0.43575,1.50335,-0.76523,0.58144,-2.00806,1.11223,-0.06099,-0.62804,0.03584,-0.11303,1.1093,-0.32027,0.12704,0.40368,-0.05631,0.11734,0.10994,0.04981,-0.0308,-0.02807,-0.08281
100.96,-0.03778,0.01101,-0.02825,0.10336,0,-0.04471,0.1148,0.40457,0.33609,1.32145,-0.5582,-0.42066,-0.47337,-0.33016,10.16861,0.40993,0.80329,1.4825,0.40722,-0.60725,1.3992,-0.79851,0.67852,-1.63368,0.40787,0.24712,-0.63836,0.00848,-0.17201,1.09329,-0.29833,0.11235,0.3674,-0.0324,0.08285,0.05071,0.03302,-0.02722,-0.0335,-0.12961
100.98,-0.03715,0.00977,-0.01224,0.17341,0,-0.02738,0.08905,0.37776,0.29167,1.5103,-0.48973,-0.43953,-1.00253,-0.54229,7.82299,0.31634,0.84245,1.16525,0.32245,-0.9243,1.2779,-0.84417,0.74542,-1.29234,-0.21375,0.51917,-0.60902,-0.01507,-0.18668,1.02189,-0.26671,0.09365,0.31136,-0.00932,0.04923,0.01367,0.01411,-0.02164,-0.03784,-0.16169
101,-0.03165,0.00808,0.00269,0.2052,0,-0.01181,0.0424,0.34459,0.26323,1.82663,-0.43069,-0.45079,-1.60946,-0.71135,5.44089,0.20469,0.8626,0.86831,0.25103,-1.37372,1.15221,-0.89718,0.7796,-0.99553,-0.72542,0.74048,-0.54399,-0.03394,-0.16149,0.90103,-0.22727,0.07182,0.23889,0.01072,0.01794,-0.00469,-0.00333,-0.01498,-0.04054,-0.17707
101.02,-0.0224,0.00605,0.01619,0.20359,0,0.00124,-0.02116,0.30791,0.25552,2.25125,-0.38702,-0.46343,-2.27381,-0.82074,3.13555,0.07767,0.86394,0.60976,0.20187,-1.93143,1.03385,-0.94981,0.78046,-0.74806,-1.11219,0.90087,-0.45036,-0.04768,-0.1049,0.74112,-0.18261,0.04816,0.15525,0.02547,-0.00967,-0.00862,-0.01544,-0.00844,-0.04143,-0.17554
101.04,-0.0108,0.00388,0.02802,0.17561,0,0.01119,-0.09618,0.27036,0.27074,2.75404,-0.36292,-0.48584,-2.96612,-0.85685,1.00983,-0.05956,0.8466,0.40066,0.1781,-2.56335,0.93248,-0.99293,0.74939,-0.54888,-1.37079,0.995,-0.33756,-0.05633,-0.02835,0.55591,-0.13574,0.02431,0.06718,0.03295,-0.03256,-0.00259,-0.01859,-0.00329,-0.04071,-0.15866
101.06,0.00158,0.00176,0.03802,0.12955,0,0.01779,-0.17624,0.23418,0.30853,3.29585,-0.3606,-0.52441,-3.64957,-0.8108,-0.85171,-0.20029,0.81053,0.2446,0.1776,-3.22728,0.85484,-1.01789,0.68976,-0.39244,-1.50778,1.02226,-0.21626,-0.06039,0.05521,0.36085,-0.08965,0.00203,-0.01773,0.03161,-0.05002,0.00915,-0.00984,-0.00066,-0.03885,-0.12945
101.08,0.01319,-0.00014,0.04613,0.0739,0,0.02113,-0.25445,0.20092,0.36615,3.83127,-0.3801,-0.58238,-4.28281,-0.68011,-2.38958,-0.33726,0.75573,0.13806,0.19405,-3.87555,0.80402,-1.01822,0.60672,-0.27042,-1.53686,0.98637,-0.09713,-0.06082,0.13292,0.17132,-0.04691,-0.01701,-0.09181,0.02058,-0.06184,0.02291,0.01258,-0.00132,-0.03645,-0.09182
101.1,0.02262,-0.0017,0.05236,0.0164,0,0.02171,-0.32409,0.17136,0.43876,4.31217,-0.41924,-0.6589,-4.82335,-0.46983,-3.57348,-0.46359,0.68256,0.07141,0.21837,-4.45832,0.77915,-0.99106,0.50691,-0.17334,-1.47617,0.89485,0.01021,-0.05894,0.19359,0.00097,-0.00936,-0.0315,-0.14819,-0.00027,-0.06834,0.03573,0.04897,-0.00556,-0.034,-0.05001
101.12,0.02874,-0.00286,0.05678,-0.03664,0,0.0203,-0.37911,0.14548,0.51987,4.6915,-0.47378,-0.74885,-5.23109,-0.19275,-4.4024,-0.57337,0.59205,0.03063,0.24032,-4.92713,0.77554,-0.93772,0.39804,-0.09207,-1.3459,0.75821,0.09806,-0.05624,0.2289,-0.13951,0.02205,-0.04058,-0.1815,-0.03024,-0.07027,0.04547,0.09804,-0.01308,-0.0318,-0.00811
101.14,0.03071,-0.00366,0.0595,-0.08067,0,0.01793,-0.41456,0.12256,0.60183,4.92742,-0.53767,-0.84323,-5.47183,0.1314,-4.9007,-0.662,0.48609,-0.00033,0.24998,-5.23872,0.78523,-0.86324,0.28831,-0.01908,-1.16633,0.58912,0.16114,-0.05421,0.23417,-0.24309,0.04721,-0.04401,-0.18853,-0.06783,-0.06877,0.05083,0.15692,-0.02303,-0.02987,0.03043
101.16,0.02809,-0.00417,0.06068,-0.11307,0,0.01561,-0.42701,0.10139,0.67643,4.98731,-0.60357,-0.93019,-5.52041,0.47776,-5.11096,-0.72624,0.36749,-0.03688,0.23926,-5.35866,0.79803,-0.77516,0.18567,0.05088,-0.95664,0.4014,0.19686,-0.05409,0.20865,-0.30667,0.06669,-0.04209,-0.1687,-0.11087,-0.06516,0.05123,0.22147,-0.0341,-0.02793,0.06305
101.18,0.02079,-0.0045,0.06049,-0.13293,0,0.01425,-0.41473,0.08046,0.73558,4.85154,-0.66339,-0.99652,-5.36353,0.8187,-5.08565,-0.76414,0.23993,-0.09123,0.20295,-5.26491,0.80278,-0.68191,0.09711,0.12028,-0.73408,0.20907,0.20523,-0.05668,0.15532,-0.33095,0.08145,-0.03572,-0.12427,-0.15664,-0.06078,0.04675,0.2866,-0.04473,-0.02548,0.0882
101.2,0.00908,-0.00478,0.05914,-0.14086,0,0.01445,-0.37785,0.05831,0.77192,4.51629,-0.70903,-1.02936,-5.00148,1.12642,-4.87927,-0.77491,0.10785,-0.17037,0.13958,-4.95018,0.78873,-0.59107,0.02796,0.18886,-0.51358,0.02544,0.18862,-0.06223,0.08047,-0.31998,0.09261,-0.02619,-0.06028,-0.20215,-0.05679,0.03799,0.34678,-0.05324,-0.02185,0.1054
101.22,-0.00648,-0.00512,0.05684,-0.13855,0,0.01647,-0.3182,0.03365,0.77948,3.99476,-0.73304,-1.01783,-4.44833,1.3755,-4.54249,-0.7588,-0.02369,-0.27501,0.05157,-4.42281,0.74682,-0.50813,-0.01864,0.25401,-0.30751,-0.13762,0.15136,-0.07033,-0.00722,-0.28051,0.10121,-0.01511,0.01592,-0.24431,-0.05406,0.02596,0.39657,-0.05803,-0.0164,0.11505
101.24,-0.02511,-0.00561,0.05384,-0.12837,0,0.02018,-0.23908,0.00559,0.75419,3.31631,-0.72926,-0.95442,-3.73022,1.54501,-4.11872,-0.71708,-0.14924,-0.39973,-0.05502,-3.70563,0.67079,-0.43566,-0.04203,0.31156,-0.12539,-0.27037,0.09919,-0.08008,-0.09778,-0.22116,0.10813,-0.00424,0.09554,-0.28024,-0.05311,0.01194,0.43109,-0.05779,-0.00858,0.11823
101.26,-0.04588,-0.0063,0.05034,-0.11301,0,0.02517,-0.14472,-0.02627,0.69435,2.52248,-0.69349,-0.83619,-2.8823,1.62036,-3.64314,-0.65202,-0.2632,-0.53414,-0.17135,-2.83309,0.55793,-0.37313,-0.04423,0.35676,0.02633,-0.36567,0.03853,-0.09021,-0.18124,-0.15148,0.11404,0.00475,0.16943,-0.30756,-0.05408,-0.0026,0.44657,-0.05154,0.0019,0.11634
101.28,-0.06785,-0.00721,0.04651,-0.09505,0,0.03084,-0.03981,-0.06188,0.60092,1.65792,-0.62392,-0.66539,-1.94488,1.5946,-3.14351,-0.56699,-0.36016,-0.66475,-0.28691,-1.84776,0.40958,-0.31709,-0.02982,0.38539,0.14459,-0.41946,-0.0241,-0.09934,-0.24887,-0.08104,0.11946,0.01043,0.22933,-0.32459,-0.05681,-0.01613,0.44077,-0.03879,0.01498,0.11081
101.3,-0.09011,-0.00836,0.0425,-0.07675,0,0.03649,0.07095,-0.10063,0.4776,0.75965,-0.52152,-0.44967,-0.96002,1.46903,-2.64181,-0.46639,-0.43536,-0.77708,-0.39073,-0.79658,0.23116,-0.26172,-0.00573,0.39468,0.22981,-0.431,-0.0827,-0.10618,-0.29423,-0.01858,0.12482,0.01177,0.2689,-0.33057,-0.06085,-0.02722,0.41327,-0.01956,0.03022,0.10283
101.32,-0.11188,-0.00971,0.0384,-0.05987,0,0.04146,0.18321,-0.14152,0.33072,-0.14702,-0.39011,-0.20153,0.03145,1.25301,-2.15589,-0.35563,-0.48503,-0.85776,-0.47268,0.27238,0.03166,-0.19964,0.01924,0.3839,0.28586,-0.4029,-0.13229,-0.10973,-0.31365,0.02866,0.1305,0.00825,0.28432,-0.32577,-0.06557,-0.03463,0.36553,0.00562,0.04684,0.09329
101.34,-0.13252,-0.01123,0.03426,-0.04561,0,0.0452,0.2931,-0.18314,0.16866,-1.04386,-0.23604,0.06297,0.99188,0.96275,-1.70031,-0.24075,-0.50692,-0.89622,-0.52448,1.31274,-0.17733,-0.12277,0.03511,0.35453,0.31955,-0.34089,-0.16918,-0.10937,-0.30636,0.05539,0.13682,-0.00013,0.27453,-0.31137,-0.07027,-0.03754,0.30075,0.03577,0.06383,0.08275
101.36,-0.15159,-0.01288,0.0301,-0.0347,0,0.04724,0.39728,-0.22384,0.00107,-1.91137,-0.06762,0.3261,1.88813,0.61943,-1.28657,-0.12798,-0.50068,-0.88604,-0.54066,2.28209,-0.38314,-0.02327,0.03163,0.31002,0.34003,-0.25334,-0.19118,-0.10487,-0.27403,0.05858,0.14404,-0.01281,0.24096,-0.28935,-0.07421,-0.0356,0.22341,0.06957,0.08013,0.07162
101.38,-0.16879,-0.01462,0.02595,-0.0275,0,0.0473,0.49293,-0.26183,-0.16206,-2.72265,0.10557,0.5706,2.69232,0.24687,-0.92269,-0.02319,-0.46817,-0.82579,-0.51918,3.14386,-0.57358,0.10552,-0.00082,0.25535,0.35768,-0.15054,-0.19762,-0.09633,-0.22017,0.03758,0.15228,-0.02881,0.18698,-0.26219,-0.07673,-0.02912,0.13878,0.10547,0.0948,0.06032
101.4,-0.18401,-0.0164,0.02185,-0.02414,0,0.0452,0.57766,-0.29535,-0.31131,-3.44488,0.27354,0.7816,3.38212,-0.13072,-0.61297,0.0686,-0.41354,-0.71926,-0.46172,3.86869,-0.73832,0.26817,-0.07022,0.19642,0.38303,-0.04382,-0.18927,-0.08423,-0.14939,-0.00605,0.16154,-0.04681,0.11735,-0.23267,-0.07734,-0.01896,0.05236,0.14187,0.10721,0.04941
101.42,-0.19726,-0.01819,0.01783,-0.02466,0,0.04094,0.64943,-0.32278,-0.43851,-4.04706,0.42663,0.94813,3.94079,-0.49065,-0.35785,0.14362,-0.34285,-0.57505,-0.37354,4.43531,-0.8699,0.46638,-0.18206,0.13945,0.42526,0.05552,-0.16806,-0.06924,-0.06675,-0.06884,0.17164,-0.0653,0.03753,-0.20352,-0.07575,-0.00643,-0.03064,0.17723,0.11712,0.0397
101.44,-0.20863,-0.01998,0.01401,-0.02908,0,0.03468,0.70658,-0.34276,-0.53732,-4.50622,0.55621,1.06386,4.35708,-0.81334,-0.15436,0.19961,-0.26344,-0.40539,-0.26274,4.83092,-0.96407,0.69833,-0.33857,0.09044,0.49075,0.13741,-0.13677,-0.05229,0.02283,-0.14598,0.18234,-0.08281,-0.04685,-0.17719,-0.07193,0.00701,-0.10577,0.21016,0.12464,0.03208
101.46,-0.21824,-0.02174,0.0105,-0.03748,0,0.02673,0.74781,-0.35431,-0.60349,-4.80882,0.65531,1.12732,4.62515,-1.08341,0.00313,0.23593,-0.18286,-0.22451,-0.13931,5.0514,-1.01969,0.9583,-0.53806,0.05462,0.58153,0.19427,-0.09855,-0.03444,0.11487,-0.23204,0.19331,-0.09804,-0.13044,-0.15558,-0.06616,0.02015,-0.1697,0.23956,0.13015,0.02739
101.48,-0.22618,-0.02348,0.00746,-0.04995,0,0.0176,0.77226,-0.35692,-0.63496,-4.95051,0.7191,1.14154,4.74463,-1.29043,0.12191,0.25348,-0.10782,-0.04679,-0.0138,5.10126,-1.03814,1.23647,-0.77436,0.03604,0.69395,0.22211,-0.05643,-0.01685,0.20563,-0.32168,0.2043,-0.11008,-0.20855,-0.13984,-0.05903,0.03232,-0.2205,0.26466,0.13418,0.02616
101.5,-0.23249,-0.0252,0.00506,-0.06646,0,0.00794,0.77963,-0.3506,-0.63184,-4.93554,0.7452,1.11341,4.72061,-1.4292,0.21004,0.25456,-0.0433,0.11496,0.10381,4.9935,-1.02261,1.51899,-1.03623,0.03713,0.81781,0.22116,-0.01308,-0.00073,0.29204,-0.41022,0.2152,-0.1185,-0.27739,-0.13026,-0.05139,0.04362,-0.25768,0.28504,0.13726,0.02848
101.52,-0.23711,-0.02692,0.00347,-0.08677,0,-0.00145,0.77019,-0.33594,-0.59607,-4.77578,0.73377,1.05262,4.56339,-1.49962,0.27567,0.24258,0.00793,0.25076,0.20509,4.74874,-0.97712,1.78841,-1.30677,0.05839,0.93608,0.19596,0.02954,0.01272,0.37166,-0.49406,0.22603,-0.12342,-0.33419,-0.12623,-0.04431,0.05477,-0.28222,0.30064,0.13984,0.03385
101.54,-0.23988,-0.02864,0.00285,-0.11013,0,-0.0097,0.74477,-0.31405,-0.53103,-4.4892,0.68728,0.97043,4.28763,-1.506,0.32673,0.22162,0.04528,0.3542,0.28389,4.39372,-0.90552,2.02433,-1.56297,0.09806,1.02548,0.15472,0.07007,0.02244,0.44238,-0.57065,0.23695,-0.12541,-0.37729,-0.12631,-0.03894,0.06676,-0.29622,0.31167,0.14222,0.04131
101.56,-0.24057,-0.03038,0.00332,-0.13502,0,-0.01595,0.70472,-0.28649,-0.44096,-4.09806,0.61004,0.87828,3.9113,-1.45616,0.37095,0.19592,0.07001,0.42262,0.33669,3.95931,-0.81045,2.20431,-1.77536,0.15181,1.05771,0.1081,0.10776,0.02761,0.50218,-0.63842,0.24819,-0.12538,-0.40611,-0.12844,-0.03636,0.0803,-0.30253,0.31849,0.14459,0.04959
101.58,-0.23886,-0.03213,0.00492,-0.15897,0,-0.01944,0.6518,-0.25511,-0.33041,-3.6271,0.50763,0.78644,3.45461,-1.36034,0.41603,0.16937,0.08444,0.45694,0.3627,3.47831,-0.69259,2.30482,-1.90789,0.21248,1.00126,0.06772,0.14219,0.02771,0.54876,-0.69644,0.25996,-0.12436,-0.42107,-0.13013,-0.03745,0.09512,-0.30429,0.3215,0.14696,0.05734
101.6,-0.2344,-0.03386,0.00764,-0.1784,0,-0.01958,0.58815,-0.22197,-0.20393,-3.10209,0.38633,0.70305,2.93915,-1.23003,0.4697,0.14503,0.09132,0.46112,0.3637,2.98354,-0.55014,2.30195,-1.9182,0.26982,0.82347,0.04479,0.17307,0.02263,0.5794,-0.74412,0.2723,-0.12328,-0.42346,-0.12876,-0.04273,0.10956,-0.30446,0.32097,0.14927,0.0633
101.62,-0.22691,-0.03552,0.01137,-0.18865,0,-0.01601,0.51622,-0.18923,-0.06576,-2.54871,0.25242,0.63332,2.38734,-1.07694,0.5397,0.1248,0.09313,0.44142,0.34368,2.50604,-0.37884,2.17176,-1.75831,0.31028,0.49276,0.04898,0.20002,0.0127,0.59086,-0.78092,0.28503,-0.12286,-0.41517,-0.12184,-0.05231,0.12038,-0.30542,0.31705,0.15127,0.06644
101.64,-0.21618,-0.03702,0.01592,-0.18418,0,-0.0086,0.43877,-0.15894,0.08007,-1.99167,0.11166,0.57935,1.82189,-0.9119,0.63323,0.10915,0.09164,0.40548,0.30817,2.07369,-0.17233,1.89025,-1.37602,0.31703,-0.019,0.08765,0.22243,-0.00143,0.57941,-0.80618,0.2976,-0.12336,-0.39844,-0.10733,-0.06582,0.123,-0.30862,0.30962,0.15252,0.06585
101.66,-0.20216,-0.03822,0.02106,-0.15895,0,0.00258,0.35877,-0.133,0.22956,-1.45404,-0.03125,0.5401,1.26557,-0.74397,0.75629,0.09711,0.0877,0.36132,0.26346,1.70998,0.07687,1.43341,-0.71723,0.2702,-0.73396,0.16554,0.23938,-0.01877,0.54105,-0.81902,0.30907,-0.12456,-0.37544,-0.0838,-0.08248,0.11204,-0.31445,0.29827,0.15233,0.06066
101.68,-0.18504,-0.03895,0.02649,-0.10693,0,0.01726,0.27938,-0.11299,0.37844,-0.95688,-0.17292,0.51185,0.74094,-0.57976,0.91274,0.0863,0.08121,0.31639,0.21584,1.43332,0.37605,0.77791,0.27055,0.1476,-1.66501,0.28453,0.24963,-0.03818,0.47191,-0.81835,0.31803,-0.1257,-0.34804,-0.05069,-0.10116,0.08207,-0.32215,0.28241,0.1496,0.04988
101.7,-0.16521,-0.03897,0.0319,-0.02259,0,0.03498,0.2039,-0.10013,0.52177,-0.51892,-0.31131,0.4887,0.27015,-0.42319,1.10333,0.07317,0.07123,0.2768,0.1709,1.25679,0.73047,-0.0968,1.63328,-0.07402,-2.81192,0.44341,0.2517,-0.05843,0.36863,-0.80299,0.32264,-0.12552,-0.31762,-0.0083,-0.12044,0.02837,-0.32995,0.26124,0.14294,0.03224
101.72,-0.14337,-0.03805,0.03698,0.09855,0,0.05514,0.13567,-0.09524,0.65357,-0.15642,-0.44534,0.46325,-0.12526,-0.27562,1.32497,0.05334,0.0563,0.24668,0.13304,1.18841,1.1414,-1.20479,3.40419,-0.41694,-4.15661,0.63756,0.24394,-0.07821,0.22892,-0.7718,0.32067,-0.12241,-0.2851,0.04218,-0.13872,-0.05252,-0.33534,0.23396,0.13067,0.00622
101.74,-0.1204,-0.03592,0.04145,0.25947,0,0.0769,0.07794,-0.09878,0.76658,0.11711,-0.57421,0.42738,-0.425,-0.13643,1.57014,0.02218,0.03474,0.22794,0.10519,1.232,1.60385,-2.54851,5.59638,-0.89968,-5.65814,0.85841,0.2247,-0.09615,0.05201,-0.72374,0.30964,-0.11462,-0.25114,0.09888,-0.15426,-0.16243,-0.33554,0.19991,0.11106,-0.02977
101.76,-0.09735,-0.03232,0.04509,0.4612,0,0.09922,0.03365,-0.11091,0.85225,0.29139,-0.69656,0.3729,-0.61085,-0.00389,1.82681,-0.02466,0.00508,0.22012,0.08878,1.38835,2.10461,-4.11291,8.19488,-1.53355,-7.24794,1.09303,0.19251,-0.11078,-0.16092,-0.65801,0.28694,-0.1005,-0.21644,0.15954,-0.16529,-0.30141,-0.32802,0.15872,0.08257,-0.07715
101.78,-0.0753,-0.02705,0.04772,0.70245,0,0.12078,0.00523,-0.13144,0.901,0.35991,-0.80968,0.29237,-0.66792,0.12395,2.07874,-0.0905,-0.03351,0.22061,0.08381,1.65678,2.62065,-5.86005,11.14903,-2.31871,-8.82668,1.32409,0.14625,-0.1205,-0.40624,-0.57416,0.2501,-0.07883,-0.18215,0.22177,-0.17007,-0.46774,-0.31102,0.11046,0.04419,-0.13679
101.8,-0.05529,-0.01993,0.04929,0.97918,0,0.14003,-0.00565,-0.1599,0.90297,0.32063,-0.90908,0.17969,-0.58601,0.24852,2.30638,-0.17699,-0.08083,0.22498,0.08909,2.03675,3.11836,-7.72595,14.36621,-3.24017,-10.2637,1.53036,0.08546,-0.12365,-0.67764,-0.47235,0.19705,-0.04903,-0.15009,0.28332,-0.16704,-0.6579,-0.28399,0.05582,-0.00431,-0.20862
101.82,-0.03825,-0.01092,0.04984,1.28412,0,0.15521,0.00169,-0.19539,0.8491,0.17649,-0.9886,0.03069,-0.36111,0.3703,2.4883,-0.28351,-0.13538,0.22762,0.10246,2.52947,3.55413,-9.62074,17.70817,-4.2641,-11.40038,1.6883,0.01056,-0.11858,-0.96578,-0.35355,0.12645,-0.01146,-0.12278,0.34218,-0.15496,-0.86645,-0.24777,-0.00391,-0.06215,-0.29135
101.84,-0.02483,-5e-05,0.04956,1.60647,0,0.16451,0.02677,-0.23646,0.73261,-0.06403,-1.04114,-0.15652,0.00325,0.48889,2.60309,-0.40674,-0.19415,0.22247,0.12116,3.13907,3.87624,-11.43315,20.99172,-5.33534,-12.05811,1.77447,-0.07688,-0.10387,-1.25836,-0.21983,0.03802,0.03259,-0.10326,0.39658,-0.13309,-1.08589,-0.20454,-0.06687,-0.12751,-0.38218
101.86,-0.01546,0.01252,0.04875,1.93162,0,0.16623,0.06783,-0.2809,0.55068,-0.38674,-1.05986,-0.38123,0.49488,0.60349,2.63174,-0.54045,-0.25264,0.20382,0.14206,3.87308,4.02847,-13.03886,23.99506,-6.37663,-12.05101,1.76866,-0.17392,-0.07864,-1.54032,-0.07457,-0.06718,0.08085,-0.09458,0.44483,-0.10141,-1.30645,-0.15744,-0.13078,-0.19753,-0.47684
101.88,-0.01018,0.02649,0.04789,2.24133,0,0.15895,0.12181,-0.32562,0.30604,-0.77181,-1.0397,-0.64006,1.09224,0.71348,2.56018,-0.67556,-0.30513,0.16728,0.16191,4.74164,3.95509,-14.31171,26.47117,-7.29074,-11.20269,1.65702,-0.27621,-0.04284,-1.79449,0.07738,-0.18653,0.13024,-0.09921,0.48522,-0.06076,-1.51614,-0.11022,-0.19313,-0.26853,-0.56956
101.9,-0.00869,0.04146,0.04753,2.51424,0,0.14177,0.18438,-0.3666,0.00809,-1.19419,-0.97869,-0.92682,1.76446,0.81907,2.38147,-0.8006,-0.34515,0.11041,0.17751,5.75488,3.60686,-15.13547,28.16863,-7.96615,-9.36531,1.43449,-0.37798,0.00255,-2.00253,0.22968,-0.31573,0.17713,-0.11838,0.5159,-0.01295,-1.70099,-0.0667,-0.2514,-0.3362,-0.65342
101.92,-0.01035,0.05693,0.04833,2.72694,0,0.11435,0.25018,-0.39899,-0.32679,-1.62469,-0.87885,-1.2326,2.4724,0.92162,2.09744,-0.90247,-0.36629,0.03327,0.18576,6.9179,2.94755,-15.41436,28.85957,-8.2869,-6.43924,1.10559,-0.47231,0.05533,-2.14628,0.37477,-0.44891,0.21773,-0.15155,0.53486,0.03929,-1.84567,-0.03041,-0.3032,-0.39591,-0.72066
101.94,-0.01418,0.07227,0.05094,2.85561,0,0.07705,0.31313,-0.41749,-0.6761,-2.03168,-0.74635,-1.5459,3.17084,1.02363,1.7192,-0.96769,-0.3632,-0.06142,0.18367,8.22376,1.96039,-15.0812,28.37345,-8.14649,-2.39153,0.68355,-0.55159,0.1122,-2.20936,0.50433,-0.57894,0.24855,-0.19599,0.5401,0.09247,-1.93457,-0.0043,-0.34644,-0.44303,-0.7633
101.96,-0.01899,0.08684,0.05592,2.87808,0,0.03086,0.36695,-0.41676,-1.01302,-2.38326,-0.59105,-1.85301,3.81179,1.12828,1.26676,-0.9839,-0.33266,-0.1684,0.16828,9.64553,0.65383,-14.10329,26.6342,-7.46461,2.72767,0.18788,-0.60817,0.16891,-2.17901,0.60998,-0.69799,0.26695,-0.24667,0.52984,0.14264,-1.95324,0.00945,-0.37936,-0.47328,-0.7738
101.98,-0.02342,0.09994,0.06372,2.77621,0,-0.02268,0.4057,-0.3921,-1.30895,-2.64993,-0.42546,-2.13851,4.34841,1.23877,0.76795,-0.94145,-0.27459,-0.28032,0.13669,11.12945,-0.93405,-12.48649,23.69601,-6.20437,8.77184,-0.35855,-0.63511,0.22065,-2.04795,0.684,-0.79814,0.27153,-0.29638,0.50279,0.1858,-1.88996,0.00955,-0.40065,-0.48308,-0.74584
102,-0.02612,0.11089,0.07456,2.53817,0,-0.08156,0.42435,-0.34,-1.5365,-2.80704,-0.26351,-2.38604,4.73907,1.35748,0.25665,-0.83484,-0.19253,-0.3883,0.08626,12.59115,-2.73376,-10.27751,19.75836,-4.38652,15.48993,-0.93211,-0.62686,0.26237,-1.81575,0.72005,-0.87214,0.26249,-0.33611,0.45844,0.21825,-1.73735,-0.00435,-0.40943,-0.46993,-0.67506
102.02,-0.02586,0.11907,0.08844,2.16013,0,-0.1434,0.41923,-0.25867,-1.67238,-2.83681,-0.11893,-2.57908,4.95071,1.48497,-0.22947,-0.66358,-0.09342,-0.48273,0.01489,13.91672,-4.64626,-7.56352,15.12252,-2.09724,22.52609,-1.50986,-0.57977,0.28928,-1.48949,0.7135,-0.91396,0.24159,-0.35585,0.39724,0.23696,-1.49342,-0.03155,-0.40531,-0.4326,-0.55967
102.04,-0.0217,0.12392,0.10517,1.64717,0,-0.20564,0.3884,-0.14836,-1.70007,-2.7297,-0.00374,-2.70202,4.96145,1.6191,-0.65176,-0.43249,0.01336,-0.55422,-0.07833,14.96949,-6.54924,-4.46834,10.09164,0.51296,29.4303,-2.06972,-0.49236,0.29721,-1.08339,0.66148,-0.91936,0.21181,-0.34558,0.3205,0.23972,-1.1621,-0.0703,-0.3883,-0.3713,-0.40085
102.06,-0.01307,0.12498,0.1244,1.01334,0,-0.26561,0.33177,-0.01153,-1.612,-2.48504,0.07333,-2.74125,4.76216,1.75425,-0.9739,-0.1513,0.11764,-0.59452,-0.1926,15.60225,-8.30731,-1.14534,4.88855,3.23951,35.68164,-2.5897,-0.36525,0.283,-0.61757,0.56261,-0.88614,0.17682,-0.29659,0.23037,0.22536,-0.75315,-0.11778,-0.35883,-0.28768,-0.2029
102.08,6e-05,0.12192,0.14574,0.2811,0,-0.32074,0.25119,0.14723,-1.41106,-2.11122,0.10811,-2.68657,4.3573,1.88099,-1.16524,0.16607,0.21029,-0.59755,-0.32477,15.67362,-9.78483,2.23208,-0.35368,5.84203,40.72488,-3.04683,-0.20102,0.24484,-0.11624,0.41652,-0.8145,0.14033,-0.20263,0.12957,0.19372,-0.28165,-0.1702,-0.31768,-0.18479,0.02685
102.1,0.01721,0.11457,0.16881,-0.51975,0,-0.36863,0.1502,0.32137,-1.11086,-1.62513,0.1017,-2.53262,3.76488,1.9863,-1.20406,0.50263,0.2848,-0.56017,-0.46906,15.06604,-10.85933,5.48206,-5.55098,8.06924,44.01923,-3.4166,-0.0037,0.18246,0.39423,0.22329,-0.70715,0.10555,-0.06099,0.02134,0.14573,0.23284,-0.22303,-0.26593,-0.06693,0.27825
102.12,0.03745,0.10292,0.19326,-1.35365,0,-0.40722,0.0337,0.50279,-0.73467,-1.05112,0.06051,-2.28013,3.01513,2.05449,-1.08008,0.83952,0.33833,-0.48267,-0.61725,13.70249,-11.43371,8.4275,-10.61593,9.68874,45.097,-3.67353,0.22171,0.09725,0.88721,-0.0171,-0.56928,0.07494,0.12705,-0.09066,0.08318,0.76732,-0.2714,-0.20499,0.06056,0.5389
102.14,0.05953,0.08717,0.21886,-2.1815,0,-0.43479,-0.09274,0.68242,-0.31263,-0.41906,-0.00454,-1.93687,2.14788,2.06879,-0.79614,1.15733,0.37182,-0.36883,-0.75931,11.56011,-11.44596,10.91065,-15.40593,10.51958,43.62778,-3.79309,0.47004,-0.00788,1.33755,-0.30526,-0.40832,0.05015,0.35624,-0.20227,0.00865,1.29676,-0.31078,-0.13646,0.19168,0.79497
102.16,0.08218,0.06773,0.24539,-2.96326,0,-0.45008,-0.22356,0.85099,0.12213,0.23819,-0.07949,-1.51788,1.20885,2.01342,-0.36887,1.43751,0.38949,-0.22562,-0.88451,8.67931,-10.87612,12.80814,-19.69248,10.46378,39.48138,-3.75487,0.73664,-0.12872,1.72316,-0.64278,-0.23357,0.03234,0.61796,-0.30875,-0.07481,1.79569,-0.33765,-0.06215,0.32014,1.03213
102.18,0.10431,0.04521,0.27265,-3.66078,0,-0.45227,-0.35402,0.99975,0.53765,0.88739,-0.14912,-1.04384,0.24568,1.87595,0.17164,1.6637,0.39772,-0.06263,-0.98268,5.16759,-9.75007,14.04427,-23.19653,9.53094,32.77795,-3.54645,1.0181,-0.26009,2.02641,-1.03227,-0.05562,0.02245,0.90104,-0.40473,-0.16389,2.23996,-0.35018,0.016,0.43983,1.23675
102.2,0.12526,0.02041,0.30041,-4.24038,0,-0.44111,-0.48071,1.12116,0.90676,1.49739,-0.19883,-0.53629,-0.69578,1.64927,0.78344,1.82284,0.40372,0.10878,-1.04537,1.19656,-8.13926,14.59947,-25.68165,7.84853,23.90956,-3.16693,1.31265,-0.39612,2.23515,-1.47711,0.1142,0.02153,1.1927,-0.48436,-0.25518,2.60831,-0.34871,0.09599,0.54524,1.39683
102.22,0.1448,-0.00569,0.32829,-4.67474,0,-0.41688,-0.60175,1.20935,1.20923,2.04102,-0.21609,-0.01291,-1.57444,1.33285,1.41563,1.90593,0.41421,0.27643,-1.06661,-3.00988,-6.15524,14.51094,-27.02479,5.65131,13.51803,-2.62918,1.62007,-0.53053,2.34344,-1.98058,0.26445,0.03086,1.47931,-0.54155,-0.3453,2.88371,-0.33571,0.17576,0.63175,1.50276
102.24,0.16315,-0.03196,0.3557,-4.94417,0,-0.38046,-0.71656,1.26021,1.43229,2.49642,-0.19167,0.51275,-2.35603,0.93302,2.0128,1.9083,0.43418,0.42843,-1.04316,-7.1966,-3.93845,13.86458,-27.22563,3.24831,2.42435,-1.9603,1.94115,-0.65683,2.35165,-2.54457,0.38435,0.05179,1.74696,-0.57057,-0.43087,3.05426,-0.31533,0.25328,0.69584,1.5477
102.26,0.18073,-0.05725,0.3818,-5.03713,0,-0.33329,-0.82543,1.2714,1.56985,2.84775,-0.12024,1.02726,-3.01446,0.46221,2.52032,1.82958,0.46596,0.55433,-0.97431,-11.10518,-1.64278,12.77998,-26.38413,0.97289,-8.4798,-1.20004,2.2768,-0.76847,2.26623,-3.1679,0.46445,0.08538,1.98195,-0.56679,-0.50848,3.11383,-0.29252,0.32649,0.73517,1.52775
102.28,0.19798,-0.0804,0.4054,-4.95057,0,-0.27736,-0.92883,1.24218,1.62091,3.08567,-0.00067,1.51339,-3.53259,-0.06221,2.88995,1.67346,0.50873,0.64618,-0.86152,-14.50385,0.58126,11.39255,-24.67203,-0.87286,-18.35464,-0.39792,2.6269,-0.85903,2.09915,-3.84446,0.49756,0.13194,2.17121,-0.52752,-0.57463,3.06249,-0.27199,0.39346,0.74861,1.44189
102.3,0.21508,-0.10039,0.42501,-4.69,0,-0.21519,-1.02687,1.17337,1.5881,3.20737,0.16404,1.95071,-3.90249,-0.61952,3.08452,1.44733,0.55839,0.69929,-0.70797,-17.21317,2.60178,9.83652,-22.30469,-2.0661,-26.5206,0.39083,2.98919,-0.92251,1.8669,-4.56138,0.47956,0.19058,2.30294,-0.45274,-0.62569,2.90664,-0.25713,0.45236,0.73622,1.29199
102.32,0.23182,-0.11632,0.43881,-4.26908,0,-0.14977,-1.11886,1.06724,1.47655,3.21638,0.36717,2.32066,-4.12517,-1.18708,3.08076,1.16185,0.60809,0.71257,-0.51831,-19.12217,4.31659,8.23169,-19.51506,-2.49256,-32.52944,1.10999,3.35824,-0.95351,1.58916,-5.29737,0.41014,0.25887,2.36723,-0.34559,-0.65795,2.65872,-0.24928,0.50154,0.69915,1.08263
102.34,0.24746,-0.12754,0.4448,-3.70881,0,-0.08447,-1.20317,0.92756,1.2936,3.12183,0.59894,2.61099,-4.20974,-1.7418,2.87001,0.8303,0.6492,0.68825,-0.29845,-20.19279,5.65924,6.67507,-16.5307,-2.15277,-36.18794,1.70775,3.72456,-0.94767,1.28687,-6.02154,0.29342,0.33281,2.35685,-0.21244,-0.66774,2.33641,-0.24732,0.53955,0.63946,0.82089
102.36,0.26077,-0.13363,0.44083,-3.03628,0,-0.0229,-1.27725,0.75959,1.04909,2.9376,0.84742,2.81667,-4.17228,-2.26139,2.45707,0.46781,0.67271,0.63135,-0.05561,-20.45409,6.6002,5.23737,-13.55469,-1.14736,-37.53888,2.14206,4.07419,-0.90193,0.98006,-6.69287,0.13826,0.40695,2.26813,-0.06255,-0.65167,1.96125,-0.24764,0.56516,0.55989,0.51615
102.38,0.27009,-0.13443,0.42484,-2.28324,0,0.03131,-1.33798,0.57014,0.75591,2.68118,1.09956,2.93868,-4.03446,-2.72552,1.85792,0.09059,0.67069,0.54874,0.20175,-19.98984,7.14443,3.9635,-10.7518,0.3504,-36.81384,2.38573,4.3887,-0.81505,0.68577,-7.26077,-0.04183,0.47476,2.10167,0.09252,-0.60693,1.55706,-0.24455,0.57747,0.46372,0.17978
102.4,0.27344,-0.13007,0.39503,-1.48441,0,0.07471,-1.38197,0.36754,0.43034,2.37261,1.34201,2.98241,-3.82203,-3.11669,1.09726,-0.28485,0.63764,0.4483,0.46396,-18.92307,7.32591,2.87567,-8.24069,2.12597,-34.37346,2.42993,4.6457,-0.68791,0.41636,-7.66667,-0.22925,0.52918,1.86279,0.23981,-0.53166,1.14805,-0.23097,0.57595,0.35468,-0.17496
102.42,0.26872,-0.12098,0.35,-0.67574,0,0.10426,-1.40593,0.16143,0.09168,2.03304,1.56194,2.95603,-3.56284,-3.42077,0.20607,-0.64258,0.57124,0.3381,0.72048,-17.39955,7.20006,1.97786,-6.09218,3.95143,-30.64682,2.28559,4.81985,-0.52375,0.17874,-7.8469,-0.40373,0.56323,1.5613,0.36607,-0.42525,0.75689,-0.19946,0.56055,0.23688,-0.53324
102.44,0.2538,-0.1078,0.28901,0.10787,0,0.11757,-1.40686,-0.03777,-0.23912,1.68316,1.74746,2.86884,-3.28451,-3.6271,-0.78034,-0.96801,0.47255,0.22572,0.96046,-15.57162,6.83445,1.26042,-4.33298,5.60642,-26.07747,1.98222,4.8843,-0.32818,-0.02561,-7.73671,-0.5444,0.57072,1.21052,0.4589,-0.28864,0.40253,-0.1434,0.53181,0.11491,-0.87895
102.46,0.22673,-0.09142,0.212,0.83498,0,0.1132,-1.38216,-0.21952,-0.54166,1.34149,1.88808,2.73001,-3.01185,-3.72846,-1.82402,-1.24876,0.34558,0.11778,1.17362,-13.58386,6.29922,0.7045,-2.9533,6.89207,-21.08031,1.56433,4.81266,-0.10887,-0.19976,-7.27554,-0.6326,0.54695,0.82565,0.50809,-0.12445,0.09818,-0.05826,0.49086,-0.00617,-1.19527
102.48,0.18588,-0.07289,0.11977,1.47989,0,0.09084,-1.32984,-0.37408,-0.79852,1.02287,1.97499,2.54761,-2.76452,-3.72109,-2.8856,-1.47545,0.19659,0.01964,1.35119,-11.56205,5.65875,0.28585,-1.91682,7.64067,-16.01177,1.08638,4.58155,0.12482,-0.34982,-6.41354,-0.65498,0.48946,0.422,0.50674,0.06299,-0.15017,0.05733,0.43954,-0.12074,-1.46542
102.5,0.13015,-0.05338,0.01396,2.02425,0,0.05151,-1.24866,-0.49332,-0.99743,0.73746,2.00154,2.32817,-2.5553,-3.60464,-3.92528,-1.64225,0.03322,-0.06478,1.48673,-9.60601,4.96585,-0.02191,-1.17121,7.72419,-11.15343,0.60684,4.17351,0.36242,-0.48304,-5.11862,-0.60646,0.39854,0.01341,0.45208,0.26765,-0.34431,0.20082,0.38042,-0.22277,-1.67372
102.52,0.05909,-0.03414,-0.10294,2.45779,0,-0.00243,-1.13843,-0.57137,-1.1325,0.49053,1.96355,2.07655,-2.38938,-3.38226,-4.90373,-1.74699,-0.13634,-0.133,1.57651,-7.78674,4.25947,-0.24442,-0.65765,7.06384,-6.70801,0.182,3.57991,0.59303,-0.60572,-3.38321,-0.49252,0.27765,-0.38874,0.34579,0.4821,-0.49304,0.36575,0.31677,-0.30598,-1.80673
102.54,-0.02692,-0.0165,-0.22778,2.77784,0,-0.06732,-1.00019,-0.60517,-1.20429,0.28294,1.85975,1.79618,-2.26457,-3.06047,-5.783,-1.79089,-0.30404,-0.18383,1.61956,-6.14697,3.56576,-0.40436,-0.31851,5.64127,-2.80506,-0.14004,2.80352,0.80614,-0.72124,-1.22991,-0.33031,0.13342,-0.77584,0.1937,0.69791,-0.60993,0.54226,0.25245,-0.36428,-1.85461
102.56,-0.1266,-0.0017,-0.35696,2.98803,0,-0.13851,-0.83651,-0.59463,-1.2189,0.11225,1.69206,1.48943,-2.17247,-2.64909,-6.52777,-1.77788,-0.46249,-0.21729,1.61719,-4.70466,2.90167,-0.5197,-0.10281,3.50974,0.48675,-0.32483,1.86041,0.99247,-0.82853,1.28464,-0.14848,-0.02471,-1.1418,0.00498,0.90629,-0.71025,0.71839,0.19166,-0.39234,-1.81243
102.58,-0.23773,0.00904,-0.48671,3.09672,0,-0.21064,-0.65159,-0.54269,-1.18643,-0.02593,1.46597,1.15838,-2.10031,-2.16121,-7.10704,-1.71382,-0.60533,-0.2344,1.57244,-3.45825,2.27971,-0.60268,0.03055,0.80149,3.14456,-0.3557,0.78102,1.14482,-0.92127,4.06817,0.01485,-0.18505,-1.48239,-0.20893,1.09881,-0.80753,0.8814,0.1387,-0.38622,-1.68138
102.6,-0.3572,0.01472,-0.6134,3.11526,0,-0.27815,-0.45135,-0.45515,-1.11927,-0.13656,1.19062,0.80565,-2.03316,-1.61311,-7.49594,-1.60564,-0.72751,-0.23708,1.48944,-2.39289,1.71196,-0.65969,0.11159,-2.27396,5.17672,-0.23594,-0.39025,1.25869,-0.98849,6.9944,0.11603,-0.33475,-1.79441,-0.43539,1.26809,-0.91087,1.01917,0.09754,-0.34397,-1.46929
102.62,-0.4812,0.01456,-0.73378,3.05654,0,-0.33575,-0.24311,-0.34009,-1.0304,-0.22417,0.87858,0.43543,-1.95615,-1.02416,-7.67748,-1.46067,-0.82531,-0.22808,1.37282,-1.48646,1.21189,-0.69198,0.15986,-5.44539,6.61119,0.01169,-1.59723,1.33259,-1.01647,9.90875,0.11214,-0.46097,-2.07472,-0.66162,1.40845,-1.02345,1.12104,0.0714,-0.26612,-1.19047
102.64,-0.60547,0.00817,-0.84512,2.93385,0,-0.37895,-0.03509,-0.20721,-0.93211,-0.29239,0.54521,0.05422,-1.85643,-0.41626,-7.64372,-1.28592,-0.89633,-0.21094,1.22722,-0.7147,0.79328,-0.69739,0.18655,-8.41048,7.48835,0.34843,-2.77648,1.36794,-0.99223,12.63865,-0.03105,-0.5525,-2.31952,-0.8753,1.51626,-1.14266,1.17812,0.06229,-0.15583,-0.86429
102.66,-0.7257,-0.00442,-0.94538,2.76008,0,-0.40456,0.1645,-0.06677,-0.83493,-0.34388,0.20747,-0.32849,-1.7247,0.18692,-7.39668,-1.08762,-0.93934,-0.18994,1.05697,-0.05508,0.46677,-0.67265,0.1976,-10.87766,7.85805,0.72516,-3.86341,1.36858,-0.90762,15.00798,-0.33034,-0.60132,-2.5238,-1.0652,1.59015,-1.26163,1.18314,0.0705,-0.01895,-0.51316
102.68,-0.83794,-0.02262,-1.03327,2.54737,0,-0.4111,0.34832,0.07135,-0.74696,-0.38082,-0.11728,-0.70013,-1.55619,0.76113,-6.9488,-0.871,-0.95421,-0.16993,0.86597,0.51078,0.23558,-0.61575,0.19685,-12.61037,7.77963,1.08945,-4.79928,1.34019,-0.76334,16.85372,-0.77764,-0.60409,-2.68117,-1.22135,1.63113,-1.37149,1.12989,0.09416,0.13615,-0.16001
102.7,-0.93892,-0.04526,-1.10824,2.30695,0,-0.39906,0.51067,0.19855,-0.67353,-0.40553,-0.41258,-1.04543,-1.35091,1.28266,-6.32269,-0.64037,-0.94174,-0.15614,0.65776,0.99605,0.09215,-0.52783,0.18869,-13.46297,7.32265,1.39244,-5.5374,1.28968,-0.57131,18.04205,-1.33604,-0.56299,-2.78409,-1.3352,1.64234,-1.46379,1.01269,0.12897,0.29878,0.17382
102.72,-1.02625,-0.07059,-1.17042,2.04916,0,-0.37074,0.64803,0.30808,-0.61705,-0.42125,-0.66395,-1.34754,-1.1129,1.72979,-5.54973,-0.39949,-0.90352,-0.15361,0.43586,1.40902,0.01734,-0.41407,0.17932,-13.39899,6.5661,1.59472,-6.04756,1.22453,-0.35454,18.48109,-1.94141,-0.48575,-2.82437,-1.39944,1.62868,-1.53219,0.82583,0.1681,0.45622,0.47013
102.74,-1.09835,-0.0964,-1.22038,1.78326,0,-0.32988,0.75911,0.39529,-0.57702,-0.43281,-0.85966,-1.58983,-0.84857,2.08409,-4.6672,-0.15219,-0.84182,-0.16653,0.20412,1.75477,-0.01726,-0.2833,0.17667,-12.48757,5.59503,1.6704,-6.31803,1.1522,-0.14386,18.12898,-2.51008,-0.38461,-2.794,-1.4077,1.59595,-1.57333,0.56321,0.20247,0.59414,0.71457
102.76,-1.15434,-0.12011,-1.25885,1.51726,0,-0.28101,0.84461,0.45765,-0.55027,-0.44708,-0.99134,-1.75826,-0.5644,2.33187,-3.71445,0.09702,-0.75937,-0.19735,-0.03293,2.03753,-0.04433,-0.14665,0.18898,-10.88142,4.49491,1.60938,-6.35525,1.07965,0.02756,16.9973,-2.95161,-0.27453,-2.68615,-1.35419,1.54996,-1.58675,0.21819,0.22121,0.69706,0.89664
102.78,-1.19375,-0.139,-1.28649,1.25769,0,-0.2286,0.90677,0.49448,-0.53132,-0.47305,-1.05448,-1.84369,-0.2648,2.46549,-2.72896,0.34223,-0.65935,-0.24604,-0.2697,2.26337,-0.09458,-0.01565,0.22283,-8.78395,3.34539,1.4178,-6.18203,1.01281,0.13082,15.15083,-3.18379,-0.17089,-2.49652,-1.23343,1.49549,-1.5743,-0.21613,0.21246,0.74917,1.00933
102.8,-1.21637,-0.15047,-1.30368,1.0095,0,-0.17644,0.94879,0.50669,-0.51295,-0.5214,-1.04867,-1.84369,0.04941,2.48424,-1.74335,0.57575,-0.54538,-0.30945,-0.49944,2.44204,-0.191,0.09957,0.28129,-6.41462,2.21516,1.11674,-5.83461,0.95631,0.14725,12.70379,-3.14653,-0.08729,-2.22466,-1.04016,1.43557,-1.53929,-0.74641,0.16431,0.73527,1.04857
102.82,-1.222,-0.1522,-1.31034,0.77612,0,-0.12704,0.97416,0.49633,-0.48703,-0.60333,-0.97779,-1.76312,0.38112,2.39451,-0.78373,0.78805,-0.42163,-0.38126,-0.71435,2.58757,-0.34504,0.19143,0.36275,-3.97944,1.15936,0.73919,-5.35868,0.91307,0.07213,9.8117,-2.81166,-0.03379,-1.87513,-0.7695,1.37098,-1.48575,-1.37797,0.06589,0.64196,1.01294
102.84,-1.21042,-0.14238,-1.30591,0.55956,0,-0.08141,0.98602,0.46626,-0.44551,-0.7288,-0.84986,-1.61339,0.73568,2.20914,0.13046,0.96817,-0.29295,-0.4523,-0.90604,2.71715,-0.55539,0.25525,0.46091,-1.65022,0.21974,0.32528,-4.80468,0.88407,-0.0843,6.65884,-2.18711,-0.01576,-1.45825,-0.41739,1.30006,-1.41782,-2.11359,-0.09146,0.45919,0.90346
102.86,-1.18127,-0.11993,-1.28931,0.36065,0,-0.03905,0.98657,0.4197,-0.38149,-0.90425,-0.67679,-1.41055,1.11845,1.94602,0.98548,1.10453,-0.16499,-0.51148,-1.06624,2.84868,-0.80943,0.28887,0.56577,0.44666,-0.57308,-0.08332,-4.22262,0.86804,-0.29863,3.44224,-1.31538,-0.03346,-0.99024,0.01879,1.21896,-1.33942,-2.95187,-0.31293,0.18182,0.7238
102.88,-1.13419,-0.0846,-1.25911,0.17939,0,0.00181,0.97666,0.36001,-0.29021,-1.1304,-0.47385,-1.17295,1.53187,1.62646,1.77179,1.18607,-0.04422,-0.5469,-1.18778,2.99756,-1.08615,0.29178,0.66525,2.23348,-1.1966,-0.44916,-3.65747,0.86142,-0.53804,0.35463,-0.2677,-0.08224,-0.4929,0.53934,1.1221,-1.25404,-3.88556,-0.59906,-0.18862,0.48071
102.9,-1.06892,-0.03717,-1.21365,0.01522,0,0.0439,0.95561,0.29051,-0.16982,-1.40048,-0.25901,-0.91887,1.97272,1.2735,2.48267,1.20338,0.06223,-0.54713,-1.26546,3.17362,-1.35978,0.26409,0.74704,3.67818,-1.63438,-0.74364,-3.14534,0.85844,-0.7652,-2.43116,0.86475,-0.15333,0.00753,1.1412,1.00296,-1.16466,-4.89977,-0.94458,-0.64248,0.18455
102.92,-0.9855,0.02056,-1.15139,-0.13255,0,0.09035,0.92123,0.21435,-0.02159,-1.69943,-0.05191,-0.66491,2.43027,0.91035,3.11354,1.14972,0.14691,-0.50239,-1.29674,3.37866,-1.6031,0.2058,0.80017,4.78722,-1.87609,-0.94964,-2.71112,0.85164,-0.9434,-4.77475,1.98154,-0.23512,0.48226,1.81682,0.85497,-1.07359,-5.97023,-1.33766,-1.16094,-0.15024
102.94,-0.88437,0.08576,-1.07105,-0.2645,0,0.14418,0.87021,0.13455,0.15038,-2.00434,0.12751,-0.42499,2.88575,0.55908,3.66216,1.02176,0.20275,-0.40547,-1.28213,3.60494,-1.79002,0.11634,0.81615,5.59583,-1.92031,-1.06194,-2.36744,0.83251,-1.04144,-6.57689,2.98454,-0.31484,0.90273,2.55325,0.67238,-0.98209,-7.06185,-1.75948,-1.71577,-0.50499
102.96,-0.76655,0.15472,-0.9719,-0.38088,0,0.20778,0.79857,0.054,0.33992,-2.28589,0.26064,-0.21017,3.31307,0.23951,4.1296,0.82004,0.22397,-0.25262,-1.22521,3.83481,-1.89718,-0.00535,0.78953,6.15726,-1.77963,-1.0856,-2.11502,0.79249,-1.03775,-7.78441,3.78945,-0.38045,1.24394,3.33135,0.45119,-0.88998,-8.12794,-2.1845,-2.27012,-0.85718
102.98,-0.63365,0.22306,-0.85393,-0.48151,0,0.28244,0.70237,-0.02452,0.53969,-2.51092,0.33196,-0.02887,3.68074,-0.03179,4.52138,0.54941,0.20705,-0.04412,-1.13241,4.04112,-1.90502,-0.16036,0.71803,6.53241,-1.48669,-1.03313,-1.94406,0.72404,-0.92345,-8.39169,4.33573,-0.42241,1.48768,4.12562,0.18991,-0.79526,-9.11037,-2.58135,-2.7804,-1.18122
103,-0.48806,0.28603,-0.71808,-0.56593,0,0.36811,0.57848,-0.09846,0.74201,-2.64523,0.33063,0.11273,3.95445,-0.24222,4.84787,0.21941,0.15169,0.21504,-1.01249,4.18834,-1.79826,-0.34898,0.60235,6.78063,-1.09921,-0.92119,-1.83656,0.6216,-0.70362,-8.43844,4.59319,-0.43504,1.62496,4.90442,-0.10987,-0.69402,-9.94105,-2.91469,-3.19927,-1.44996
103.02,-0.33298,0.33896,-0.56638,-0.63352,0,0.46332,0.42529,-0.16567,0.93935,-2.65671,0.25167,0.21046,4.09989,-0.3838,5.12324,-0.15534,0.06149,0.51475,-0.87579,4.23407,-1.56609,-0.56958,0.44552,6.95231,-0.7023,-0.76752,-1.76919,0.4823,-0.39659,-8.00321,4.56397,-0.41713,1.65687,5.63093,-0.44316,-0.58072,-10.54462,-3.14779,-3.48002,-1.63686
103.04,-0.17241,0.3777,-0.40187,-0.68391,0,0.56542,0.24327,-0.22477,1.1244,-2.51819,0.09667,0.26217,4.08566,-0.4536,5.36259,-0.55473,-0.05566,0.83935,-0.73315,4.13072,-1.20221,-0.8173,0.2522,7.08329,-0.40676,-0.58842,-1.71654,0.30634,-0.03094,-7.19297,4.27914,-0.37168,1.59372,6.26472,-0.80173,-0.44885,-10.84249,-3.24601,-3.58174,-1.71865
103.06,-0.01103,0.39914,-0.22854,-0.71737,0,0.67094,0.03533,-0.27549,1.28989,-2.21009,-0.1261,0.26814,3.88591,-0.45421,5.5779,-0.95283,-0.18762,1.16738,-0.59463,3.82773,-0.70485,-1.08262,0.02774,7.19138,-0.34324,-0.39705,-1.65444,0.09694,0.35911,-6.12991,3.7913,-0.30493,1.45274,6.76414,-1.17454,-0.29198,-10.75834,-3.18096,-3.47519,-1.67847
103.08,0.14595,0.40162,-0.05106,-0.73534,0,0.77609,-0.19301,-0.31905,1.42829,-1.7227,-0.40194,0.23166,3.48284,-0.39391,5.77371,-1.3174,-0.3181,1.47149,-0.46842,3.27449,-0.07718,-1.34996,-0.22238,7.27509,-0.6529,-0.20251,-1.56299,-0.1399,0.73889,-4.9378,3.16507,-0.22506,1.25504,7.08941,-1.54847,-0.10493,-10.22484,-2.93472,-3.14821,-1.50877
103.1,0.29302,0.38523,0.12544,-0.74077,0,0.8771,-0.43368,-0.35822,1.53175,-1.05777,-0.71052,0.15961,2.86854,-0.2867,5.94397,-1.60949,-0.42703,1.71835,-0.35987,2.42399,0.67198,-1.59627,-0.4928,7.31451,-1.47544,-0.00989,-1.42888,-0.39583,1.07815,-3.73003,2.46772,-0.14073,1.02266,7.20589,-1.90904,0.11506,-9.1908,-2.50357,-2.60949,-1.21347
103.12,0.42465,0.3518,0.29566,-0.73839,0,0.97044,-0.67648,-0.3971,1.59225,-0.22932,-1.02705,0.06282,2.04582,-0.15185,6.07053,-1.78302,-0.49098,1.8689,-0.2711,1.23748,1.52697,-1.78992,-0.77779,7.27411,-2.93513,0.17902,-1.24659,-0.66068,1.35433,-2.60087,1.76148,-0.0599,0.77621,7.08717,-2.24108,0.36739,-7.62776,-1.90032,-1.88944,-0.80862
103.14,0.53558,0.3046,0.45445,-0.73459,0,1.05272,-0.90973,-0.44043,1.60226,0.73691,-1.32396,-0.04397,1.02799,-0.01287,6.12387,-1.78482,-0.48376,1.87887,-0.20112,-0.31043,2.46403,-1.89005,-1.07037,7.1075,-5.12554,0.36436,-1.01828,-0.92307,1.55425,-1.62037,1.09843,0.01097,0.53349,6.71744,-2.52932,0.64762,-5.53515,-1.15477,-1.03766,-0.32124
103.16,0.62121,0.24773,0.59719,-0.73711,0,1.12051,-1.12126,-0.49272,1.55567,1.80473,-1.57292,-0.14269,-0.16227,0.10401,6.06568,-1.55532,-0.37732,1.69997,-0.14638,-2.22609,3.45003,-1.84651,-1.36093,6.76371,-8.09364,0.54647,-0.75262,-1.17116,1.67395,-0.83282,0.51786,0.06738,0.30882,6.09334,-2.75895,0.94745,-2.94379,-0.31231,-0.11734,0.21344
103.18,0.67796,0.18551,0.72008,-0.7545,0,1.1701,-1.29939,-0.55715,1.449,2.92935,-1.74718,-0.21305,-1.49414,0.17203,5.8527,-1.03067,-0.14304,1.28198,-0.10171,-4.49128,4.4418,-1.60077,-1.63613,6.19472,-11.82429,0.72427,-0.4629,-1.39336,1.71759,-0.25788,0.04565,0.10694,0.11311,5.22525,-2.91631,1.2551,0.08212,0.56915,0.80191,0.75584
103.2,0.70357,0.12183,0.82044,-0.79546,0,1.19747,-1.43386,-0.63484,1.28255,4.05925,-1.82378,-0.23421,-2.9294,0.16636,5.44054,-0.14648,0.24639,0.57591,-0.06151,-7.0583,5.38631,-1.08807,-1.87837,5.36357,-16.22649,0.8942,-0.16503,-1.57921,1.69568,0.10625,-0.30474,0.12913,-0.04587,4.13783,-2.98976,1.55614,3.44508,1.42337,1.65159,1.26617
103.22,0.69724,0.05982,0.8969,-0.86797,0,1.19841,-1.51639,-0.72439,1.0611,5.13771,-1.78549,-0.18698,-4.42243,0.06701,4.78682,1.15619,0.81442,-0.46154,-0.02095,-9.8467,6.22202,-0.24092,-2.06619,4.25198,-21.12356,1.04981,0.12446,-1.72004,1.62319,0.2784,-0.53061,0.13501,-0.16318,2.86931,-2.9706,1.83457,7.01694,2.1812,2.37085,1.70852
103.24,0.65958,0.00161,0.94935,-0.97834,0,1.16905,-1.54084,-0.82195,0.7942,6.10444,-1.62241,-0.05652,-5.91946,-0.13817,3.85299,2.92286,1.57749,-1.86241,0.02286,-12.74259,6.88188,1.0056,-2.17582,2.86663,-26.24951,1.18252,0.39003,-1.8096,1.51772,0.2893,-0.6378,0.1267,-0.23662,1.46935,-2.85404,2.07428,10.64485,2.77685,2.91156,2.05435
103.26,0.59247,-0.05159,0.97886,-1.13024,0,1.10645,-1.50313,-0.9217,0.49575,6.89754,-1.333,0.1649,-7.35776,-0.4507,2.60568,5.1759,2.54131,-3.64088,0.06979,-15.60128,7.29784,2.70685,-2.18372,1.24312,-31.2542,1.28299,0.61842,-1.84457,1.39781,0.17629,-0.63847,0.10683,-0.26681,-0.00441,-2.64021,2.26058,14.16022,3.15475,3.24178,2.28521
103.28,0.49877,-0.0993,0.98752,-1.32373,0,1.00943,-1.40105,-1.01667,0.18321,7.45672,-0.92492,0.47543,-8.66554,-0.85919,1.0188,7.90401,3.69693,-5.78618,0.11584,-18.25362,7.40666,4.89976,-2.06947,-0.55302,-35.71962,1.34316,0.79969,-1.82498,1.28148,-0.02171,-0.54908,0.07803,-0.25738,-1.49035,-2.33501,2.3817,17.38964,3.27609,3.34773,2.3944
103.3,0.38211,-0.1415,0.97827,-1.55444,0,0.8792,-1.23414,-1.09957,-0.12359,7.72823,-0.41541,0.86219,-9.76323,-1.33844,-0.92249,11.05225,5.01698,-8.2557,0.15259,-20.516,7.15642,7.59247,-1.81856,-2.4297,-39.18903,1.35817,0.92778,-1.75438,1.18482,-0.2683,-0.38862,0.04247,-0.21505,-2.92663,-1.95075,2.42995,20.16585,3.1242,3.2342,2.38723
103.32,0.2467,-0.17841,0.95466,-1.81299,0,0.71967,-1.0037,-1.16347,-0.40387,7.67158,0.16893,1.30123,-10.56674,-1.85027,-3.21513,14.51404,6.45268,-10.96928,0.16714,-22.20384,6.51272,10.75311,-1.42424,-4.27679,-41.20932,1.32784,1.00082,-1.63964,1.12058,-0.53279,-0.17711,0.00163,-0.14936,-4.25443,-1.50607,2.40212,22.33754,2.70738,2.92332,2.27941
103.34,0.09709,-0.21024,0.92062,-2.0848,0,0.53735,-0.71302,-1.20238,-0.63766,7.26792,0.79311,1.75937,-10.993,-2.34654,-5.82938,18.12718,7.93229,-13.80594,0.1426,-23.14783,5.46411,14.29902,-0.88829,-5.9798,-41.38471,1.25736,1.02096,-1.49033,1.09667,-0.79216,0.06564,-0.0438,-0.07197,-5.42036,-1.02506,2.29914,23.77708,2.05892,2.45165,2.09368
103.36,-0.06198,-0.23711,0.88015,-2.35029,0,0.34079,-0.36767,-1.21146,-0.80765,6.52945,1.41553,2.19757,-10.96773,-2.7741,-8.69932,21.67563,9.36174,-16.60441,0.05913,-23.21223,4.02637,18.08868,-0.22086,-7.43685,-39.43649,1.15708,0.99409,-1.31777,1.11476,-1.03194,0.32102,-0.09386,0.00437,-6.3785,-0.53557,2.125,24.38698,1.23427,1.86607,1.85526
103.38,-0.22568,-0.25898,0.83711,-2.58563,0,0.13985,0.02421,-1.18737,-0.90108,5.5053,1.99059,2.57518,-10.43483,-3.08112,-11.71513,24.89905,10.6284,-19.16872,-0.10422,-22.31298,2.24545,21.9188,0.55987,-8.57524,-35.25879,1.04151,0.92922,-1.13391,1.16926,-1.24627,0.57244,-0.14908,0.06708,-7.09218,-0.06714,1.88564,24.10575,0.30598,1.21901,1.58725
103.4,-0.38925,-0.27571,0.79499,-2.76405,0,-0.05513,0.45162,-1.12847,-0.91124,4.27275,2.47204,2.85442,-9.36596,-3.2239,-14.71998,27.51135,11.60819,-21.28003,-0.36724,-20.43219,0.19861,25.52949,1.42783,-9.36294,-28.95651,0.92746,0.83785,-0.95033,1.24697,-1.43705,0.80573,-0.21015,0.10498,-7.53543,0.35118,1.5878,22.91289,-0.64281,0.56374,1.30706
103.42,-0.54803,-0.28706,0.75676,-2.85764,0,-0.23406,0.9008,-1.03516,-0.83844,2.91155,2.81691,3.00433,-7.76859,-3.17326,-17.51419,29.22904,12.17665,-22.71485,-0.7455,-17.62504,-2.00734,28.61953,2.34847,-9.81124,-20.85198,0.83148,0.73306,-0.77744,1.32787,-1.61248,1.00929,-0.27755,0.10928,-7.69421,0.69301,1.23841,20.83187,-1.52615,-0.04997,1.02487
103.44,-0.69755,-0.29277,0.72472,-2.83967,0,-0.38766,1.35565,-0.91018,-0.69021,1.48018,2.99001,3.00368,-5.69102,-2.9198,-19.86804,29.80895,12.22305,-23.26915,-1.24696,-14.01717,-4.24132,30.87226,3.27785,-9.96713,-11.45444,0.76676,0.62847,-0.62382,1.38691,-1.78489,1.17396,-0.35111,0.07429,-7.56707,0.93645,0.84432,17.93029,-2.26377,-0.57963,0.74421
103.46,-0.83366,-0.29265,0.70036,-2.68728,0,-0.50796,1.79861,-0.75891,-0.48075,0.01165,2.9685,2.84302,-3.22404,-2.47727,-21.54277,29.09333,11.66664,-22.78615,-1.86833,-9.79177,-6.35676,31.99026,4.16193,-9.89769,-1.39817,0.73987,0.53717,-0.49584,1.39688,-1.96825,1.29265,-0.42957,-0.00212,-7.16553,1.06576,0.41259,14.31775,-2.78963,-0.99315,0.46441
103.48,-0.95264,-0.28662,0.68429,-2.38438,0,-0.58879,2.21175,-0.58948,-0.22983,-1.47572,2.74605,2.52586,-0.49873,-1.88356,-22.31717,27.05721,10.47198,-21.18338,-2.59165,-5.16417,-8.20322,31.73385,4.93733,-9.67105,8.63587,0.74829,0.47059,-0.39748,1.33181,-2.17575,1.35992,-0.51026,-0.11827,-6.51448,1.07275,-0.04898,10.14232,-3.05935,-1.27093,0.18383
103.5,-1.05133,-0.27481,0.67628,-1.92432,0,-0.62613,2.57792,-0.41254,0.03898,-2.96364,2.33556,2.06898,2.3199,-1.19828,-22.01574,23.84548,8.65999,-18.47278,-3.38181,-0.34938,-9.63963,29.95603,5.53441,-9.33926,17.99781,0.77937,0.43773,-0.33022,1.1703,-2.41771,1.37161,-0.58889,-0.2685,-5.65212,0.9577,-0.53102,5.58573,-3.05505,-1.40685,-0.09705
103.52,-1.1272,-0.25754,0.67531,-1.31185,0,-0.61855,2.88169,-0.24058,0.30044,-4.41897,1.76948,1.5013,5.04443,-0.49605,-20.53382,19.7607,6.31081,-14.7674,-4.18544,4.45369,-10.54809,26.62643,5.8837,-8.92703,26.13245,0.81155,0.44464,-0.29326,0.89841,-2.70014,1.32452,-0.65944,-0.44313,-4.6291,0.72973,-1.02184,0.85637,-2.78633,-1.40751,-0.37389
103.54,-1.17838,-0.23533,0.67971,-0.56393,0,-0.56756,3.11001,-0.08666,0.5303,-5.78002,1.09632,0.85982,7.48166,0.14405,-17.85649,15.16473,3.55701,-10.27188,-4.93195,9.05018,-10.84716,21.83993,5.9253,-8.42843,32.62216,0.81781,0.49435,-0.28364,0.51154,-3.02392,1.21612,-0.7144,-0.62849,-3.50637,0.4064,-1.50697,-3.82061,-2.28692,-1.29009,-0.63834
103.56,-1.20361,-0.20882,0.68737,0.29053,0,-0.47784,3.25272,0.03731,0.70805,-6.95299,0.37239,0.18314,9.45329,0.65164,-14.06952,10.34938,0.56851,-5.2587,-5.53692,13.23766,-10.50335,15.81038,5.6202,-7.81149,37.20907,0.77089,0.58706,-0.29662,0.01535,-3.38478,1.04448,-0.74512,-0.80723,-2.35175,0.01264,-1.96912,-8.21631,-1.60804,-1.07897,-0.87956
103.58,-1.20223,-0.17873,0.69594,1.21212,0,-0.35738,3.303,0.1223,0.8196,-7.8315,-0.34638,-0.49265,10.8175,0.97743,-9.36147,5.47889,-2.46701,-0.03625,-5.90816,16.82071,-9.53937,8.85292,4.9609,-7.02882,39.80005,0.64898,0.72054,-0.32604,-0.57417,-3.77376,0.80839,-0.74247,-0.95902,-1.23566,-0.4209,-2.38882,-12.11285,-0.81013,-0.80202,-1.08651
103.6,-1.17422,-0.14579,0.70307,2.15341,0,-0.21718,3.25777,0.16363,0.85908,-8.33035,-1.00699,-1.13257,11.48772,1.10175,-4.0146,0.61365,-5.36366,5.08482,-5.95433,19.63722,-8.03612,1.35796,3.9782,-6.03135,40.45732,0.44047,0.89057,-0.36479,-1.23177,-4.17807,0.50772,-0.69769,-1.06165,-0.2264,-0.85991,-2.74566,-15.31831,0.04489,-0.48718,-1.25031
103.62,-1.12015,-0.11068,0.70662,3.0624,0,-0.0706,3.11799,0.1617,0.82963,-8.40681,-1.56005,-1.69955,11.44465,1.03609,1.61786,-4.2411,-7.95385,9.82175,-5.59574,21.57555,-6.12609,-6.24192,2.74097,-4.78263,39.3758,0.1464,1.09134,-0.40545,-1.92474,-4.58199,0.14398,-0.60332,-1.09284,0.61498,-1.26908,-3.02031,-17.68029,0.89949,-0.16,-1.36589
103.64,-1.04114,-0.07402,0.70473,3.88712,0,0.06788,2.88865,0.12196,0.74271,-8.06227,-1.96465,-2.15614,10.73983,0.81699,7.14826,-9.08635,-10.10012,13.94383,-4.77656,22.58217,-3.97737,-13.51052,1.34802,-3.27112,36.84948,-0.21977,1.31571,-0.44082,-2.61587,-4.96769,-0.27899,-0.45425,-1.03262,1.23985,-1.61493,-3.197,-19.09729,1.70393,0.15778,-1.43249
103.66,-0.93879,-0.03636,0.69588,4.58075,0,0.18425,2.57872,0.054,0.61633,-7.3357,-2.19534,-2.47123,9.49113,0.49384,12.20084,-13.88047,-11.70284,17.28981,-3.47719,22.66569,-1.77074,-20.0495,-0.08664,-1.51926,33.23168,-0.63501,1.55535,-0.46469,-3.26692,-5.31607,-0.75423,-0.24878,-0.86614,1.61696,-1.86901,-3.26615,-19.52752,2.41734,0.44858,-1.45319
103.68,-0.81513,0.00182,0.67895,5.10671,0,0.26668,2.20085,-0.02978,0.47249,-6.2955,-2.24625,-2.62606,7.87184,0.11434,16.45927,-18.49131,-12.70499,19.77809,-1.72455,21.8982,0.32499,-25.53725,-1.45157,0.41201,28.89574,-1.07096,1.80087,-0.47232,-3.84235,-5.60757,-1.271,0.01046,-0.58646,1.73641,-2.01063,-3.22661,-18.99461,3.00757,0.69874,-1.43395
103.7,-0.67256,0.04007,0.65322,5.44257,0,0.30689,1.77098,-0.1158,0.33436,-5.03081,-2.13134,-2.61643,6.09509,-0.2882,19.70528,-22.67816,-13.09496,21.40908,0.40258,20.41231,2.17394,-29.75855,-2.6543,2.4244,24.20126,-1.49851,2.04192,-0.46091,-4.31247,-5.8229,-1.81403,0.31579,-0.19697,1.61152,-2.02902,-3.08658,-17.58834,3.45041,0.89783,-1.38254
103.72,-0.51386,0.07787,0.61834,5.58183,0,0.30098,1.30759,-0.19088,0.2236,-3.64233,-1.8816,-2.45213,4.39423,-0.70199,21.83965,-26.15838,-12.90766,22.25828,2.77585,18.39134,3.68558,-32.61902,-3.63299,4.39029,19.4687,-1.8915,2.26728,-0.4296,-4.65538,-5.94352,-2.3632,0.65425,0.28745,1.2779,-1.9239,-2.86248,-15.45807,3.7293,1.03808,-1.30782
103.74,-0.3421,0.11467,0.5743,5.53319,0,0.24956,0.83051,-0.24377,0.15801,-2.23286,-1.53951,-2.15444,3.00009,-1.13684,22.88201,-28.73062,-12.22359,22.46038,5.2284,16.05183,4.81716,-34.14229,-4.36159,6.16765,14.96277,-2.22931,2.46499,-0.37926,-4.85756,-5.9518,-2.89351,1.0079,0.84049,0.78909,-1.70468,-2.57561,-12.79808,3.83554,1.11392,-1.21943
103.76,-0.16055,0.1497,0.5214,5.31777,0,0.15719,0.35938,-0.26626,0.14964,-0.8982,-1.1518,-1.75219,2.11675,-1.61763,22.95231,-30.34465,-11.16552,22.18699,7.57333,13.62045,5.56728,-34.45289,-4.84902,7.61972,10.88409,-2.49792,2.62271,-0.31191,-4.91341,-5.83121,-3.37564,1.35478,1.42599,0.20973,-1.38837,-2.24736,-9.82682,3.76931,1.12186,-1.12782
103.78,0.02742,0.18207,0.46018,4.96515,0,0.03148,-0.08789,-0.25401,0.20361,0.2809,-0.76203,-1.2775,1.89866,-2.17344,22.24105,-31.08767,-9.89178,21.62183,9.62589,11.30967,5.96433,-33.75049,-5.13401,8.63586,7.36792,-2.68995,2.72835,-0.23016,-4.82434,-5.56675,-3.77722,1.67035,2.00056,-0.39253,-0.99686,-1.89435,-6.76411,3.54085,1.06067,-1.04431
103.8,0.2184,0.2107,0.3914,4.50936,0,-0.118,-0.49642,-0.20682,0.3177,1.24445,-0.40468,-0.76211,2.43221,-2.82545,20.97542,-31.14027,-8.5843,20.93703,11.22494,9.2967,6.05357,-32.28063,-5.27755,9.14866,4.48843,-2.8038,2.77093,-0.13679,-4.59781,-5.1459,-4.06483,1.92939,2.51701,-0.9547,-0.55433,-1.52521,-3.81057,3.17097,0.9318,-0.98074
103.82,0.40894,0.2344,0.31608,3.98511,0,-0.28072,-0.85515,-0.12825,0.4828,1.95593,-0.10213,-0.23527,3.72477,-3.57595,19.38667,-30.73104,-7.42966,20.27254,12.24981,7.70903,5.88613,-30.30482,-5.35433,9.14315,2.26701,-2.84215,2.74172,-0.0345,-4.24668,-4.55996,-4.20651,2.10808,2.92817,-1.4246,-0.08506,-1.14003,-1.13223,2.69025,0.73979,-0.94839
103.84,0.59556,0.25203,0.23549,3.42473,0,-0.44606,-1.1571,-0.0247,0.68434,2.402,0.13507,0.27692,5.70222,-4.40056,17.68207,-30.0931,-6.59343,19.72023,12.6303,6.61775,5.51151,-28.07214,-5.44426,8.65639,0.68279,-2.80994,2.63548,0.07397,-3.78866,-3.80557,-4.17486,2.18633,3.19103,-1.76461,0.38802,-0.73292,1.1486,2.13621,0.49251,-0.95617
103.86,0.77477,0.26263,0.15111,2.85604,0,-0.60407,-1.39915,0.09605,0.9043,2.58974,0.30528,0.75072,8.21439,-5.24461,16.0233,-29.42551,-6.19094,19.31375,12.35035,6.03802,4.97409,-25.79473,-5.62462,7.76877,-0.31595,-2.71251,2.45156,0.18556,-3.24609,-2.88623,-3.95062,2.15004,3.27083,-1.95334,0.84421,-0.29697,2.95644,1.54913,0.20122,-1.00824
103.88,0.94303,0.26558,0.06462,2.30123,0,-0.746,-1.58158,0.22634,1.12342,2.54269,0.41138,1.16342,11.04645,-6.02415,14.51292,-28.86317,-6.2608,19.02507,11.44637,5.93469,4.31283,-23.62972,-5.96333,6.59036,-0.80054,-2.55406,2.19494,0.29662,-2.64555,-1.8137,-3.52615,1.99318,3.14479,-1.98555,1.26551,0.16989,4.26107,0.96736,-0.11964,-1.10192
103.9,1.09681,0.26078,-0.02214,1.77685,0,-0.86476,-1.70748,0.35985,1.32308,2.29668,0.4567,1.4923,13.93395,-6.63183,13.18905,-28.45787,-6.74858,18.76845,10.00125,6.231,3.56292,-21.66971,-6.51365,5.24607,-0.8517,-2.33725,1.87648,0.40292,-2.01728,-0.60873,-2.90856,1.71922,2.80483,-1.87057,1.63687,0.65998,5.07263,0.42321,-0.45301,-1.22663
103.92,1.2326,0.24871,-0.10728,1.29478,0,-0.95534,-1.78211,0.49223,1.48645,1.89615,0.44237,1.71446,16.58025,-6.94762,12.02851,-28.17179,-7.50674,18.41179,8.13455,6.81828,2.75768,-19.9423,-7.31013,3.86219,-0.55072,-2.06372,1.51242,0.49994,-1.39363,0.69925,-2.12149,1.34154,2.25871,-1.62985,1.94644,1.15342,5.43411,-0.0596,-0.78022,-1.36448
103.94,1.34693,0.23037,-0.18899,0.86371,0,-1.01493,-1.81227,0.62117,1.59881,1.39129,0.36691,1.80795,18.67582,-6.85368,10.95753,-27.88382,-8.3132,17.79493,5.98913,7.56561,1.92991,-18.41799,-8.36593,2.55583,0.02743,-1.73588,1.12263,0.58365,-0.80655,2.07401,-1.20509,0.88251,1.5292,-1.29346,2.18591,1.61911,5.41239,-0.46677,-1.08247,-1.49271
103.96,1.43645,0.2072,-0.26572,0.49091,0,-1.04311,-1.80573,0.74577,1.64722,0.83584,0.22773,1.75429,19.91972,-6.25179,9.86851,-27.40803,-8.9059,16.75335,3.71597,8.32916,1.11203,-17.02473,-9.67136,1.42768,0.81918,-1.35918,0.72812,0.65158,-0.28419,3.47534,-0.21411,0.37146,0.65171,-0.89637,2.35098,2.01881,5.08875,-0.79255,-1.34253,-1.58768
103.98,1.49805,0.18092,-0.33631,0.18348,0,-1.04184,-1.77082,0.86567,1.62009,0.28543,0.02393,1.54162,20.04346,-5.08065,8.64104,-26.5224,-9.02644,15.14489,1.45936,8.96111,0.3353,-15.66613,-11.19377,0.55788,1.77491,-0.94452,0.34839,0.70373,0.15261,4.86228,0.78567,-0.15797,-0.32894,-0.47468,2.44179,2.31314,4.55005,-1.03801,-1.54654,-1.62916
104,1.5292,0.15329,-0.40009,-0.05126,0,-1.01517,-1.71605,0.98021,1.50697,-0.20424,-0.24071,1.168,18.83623,-3.32934,7.1645,-25.00494,-8.46407,12.87599,-0.65515,9.31834,-0.37186,-14.23994,-12.87867,0.00454,2.85894,-0.50982,-0.00077,0.7431,0.49328,6.19565,1.72246,-0.6708,-1.36189,-0.06241,2.46314,2.4682,3.88131,-1.20878,-1.68538,-1.6041
104.02,1.52815,0.12604,-0.45685,-0.20687,0,-0.9687,-1.64968,1.08778,1.29903,-0.57968,-0.55543,0.64388,16.1698,-1.04378,5.35963,-22.6733,-7.09213,9.92319,-2.52847,9.27076,-0.98595,-12.65324,-14.65191,-0.19566,4.04673,-0.07999,-0.30838,0.77531,0.73896,7.43908,2.52485,-1.13347,-2.39326,0.31086,2.42398,2.46131,3.16001,-1.31305,-1.75518,-1.50852
104.04,1.49423,0.10062,-0.50669,-0.28031,0,-0.90868,-1.57927,1.18554,0.9902,-0.79281,-0.90163,-0.00673,12.0209,1.67558,3.19661,-19.42381,-4.89178,6.3471,-4.09102,8.7094,-1.49088,-10.83251,-16.42292,-0.02541,5.31947,0.31503,-0.56822,0.8073,0.90241,8.5585,3.12923,-1.51639,-3.36872,0.6215,2.33628,2.28505,2.45221,-1.36004,-1.75701,-1.34724
104.06,1.42813,0.07814,-0.54978,-0.27532,0,-0.84084,-1.51112,1.26961,0.57889,-0.80487,-1.2535,-0.74657,6.48873,4.68381,0.70764,-15.26518,-1.96144,2.29742,-5.30194,7.55421,-1.88035,-8.72863,-18.08926,0.51572,6.65736,0.64387,-0.7778,0.84539,1.00615,9.52075,3.48757,-1.79615,-4.23579,0.85265,2.21334,1.94933,1.81017,-1.35904,-1.6957,-1.13172
104.08,1.33213,0.05926,-0.5861,-0.20572,0,-0.7694,-1.44988,1.3355,0.07006,-0.59062,-1.57993,-1.527,-0.19577,7.80638,-2.00824,-10.34123,1.48794,-1.99182,-6.1458,5.7616,-2.1596,-6.31842,-19.54205,1.41353,8.03292,0.87809,-0.93693,0.89319,1.07935,10.29233,3.57435,-1.95731,-4.94609,0.99442,2.06791,1.48156,1.27131,-1.319,-1.57846,-0.87681
104.1,1.21024,0.04417,-0.6153,-0.09729,0,-0.69629,-1.39828,1.37882,-0.52317,-0.14202,-1.84754,-2.2912,-7.67374,10.85547,-4.79065,-4.93454,5.15146,-6.21759,-6.6282,3.33061,-2.34575,-3.60408,-20.6719,2.64032,9.40601,0.99638,-1.04639,0.95003,1.15376,10.8393,3.391,-1.9936,-5.45753,1.04375,1.91062,0.92474,0.85827,-1.2484,-1.41334,-0.59745
104.12,1.06821,0.03259,-0.63665,0.01288,0,-0.62095,-1.35713,1.39593,-1.17855,0.52934,-2.02434,-2.97875,-15.4805,13.64513,-7.4359,0.55569,8.66271,-10.03512,-6.77108,0.30641,-2.46614,-0.61123,-21.37404,4.15476,10.72163,0.98751,-1.10724,1.01038,1.25904,11.12877,2.96642,-1.9083,-5.73664,1.00393,1.74899,0.33359,0.57975,-1.15525,-1.20815,-0.3061
104.14,0.91316,0.02388,-0.64916,0.07994,0,-0.54073,-1.32551,1.3845,-1.86517,1.39163,-2.0838,-3.53139,-23.08737,16.00398,-9.72722,5.66382,11.63856,-13.09663,-6.60844,-3.21964,-2.55447,2.614,-21.55268,5.90032,11.9109,0.85175,-1.12087,1.0645,1.41796,11.13208,2.35292,-1.71373,-5.76077,0.88391,1.58697,-0.2314,0.43193,-1.04705,-0.96968,-0.01127
104.16,0.75305,0.01708,-0.65174,0.05726,0,-0.4517,-1.3011,1.34389,-2.54506,2.394,-2.00915,-3.89957,-29.95914,17.78541,-11.47306,9.92898,13.73151,-15.09796,-6.18282,-7.11374,-2.64534,6.00867,-21.12486,7.80301,12.89485,0.6007,-1.08975,1.10013,1.64203,10.82959,1.61856,-1.42996,-5.52036,0.69731,1.42518,-0.7112,0.40045,-0.93064,-0.70339,0.28281
104.18,0.59602,0.01112,-0.6436,-0.09651,0,-0.34983,-1.28068,1.27541,-3.17605,3.46924,-1.79724,-4.04863,-35.61683,18.87584,-12.54542,12.97354,14.68162,-15.8258,-5.5427,-11.20608,-2.76847,9.49692,-20.02487,9.76914,13.58957,0.25613,-1.01861,1.10489,1.92842,10.21598,0.83764,-1.08293,-5.02097,0.4614,1.26163,-1.0556,0.46267,-0.81204,-0.41356,0.57561
104.2,0.44977,0.00494,-0.62447,-0.41074,0,-0.23204,-1.2605,1.18227,-3.71539,4.53783,-1.46011,-3.96355,-39.69302,19.20062,-12.90857,14.57127,14.35765,-15.19644,-4.74053,-15.29951,-2.94379,12.99378,-18.20908,11.68395,13.91086,-0.15189,-0.91534,1.0686,2.25917,9.30483,0.08144,-0.70228,-4.28452,0.19584,1.09271,-1.22955,0.59028,-0.69646,-0.10368,0.86921
104.22,0.3209,-0.00239,-0.59483,-0.89804,0,-0.09705,-1.23646,1.0693,-4.12384,5.51295,-1.02041,-3.65094,-41.96788,18.72715,-12.62957,14.69032,12.77867,-13.27717,-3.8309,-19.17988,-3.1785,16.40874,-15.66041,13.41217,13.77649,-0.58706,-0.79135,0.9852,2.60331,8.13064,-0.58915,-0.31885,-3.34898,-0.07891,0.91435,-1.21716,0.75246,-0.58835,0.22289,1.16694
104.24,0.21449,-0.01153,-0.55595,-1.55212,0,0.05424,-1.20416,0.94223,-4.36991,6.30667,-0.50207,-3.13774,-42.38069,17.46492,-11.86736,13.50299,10.11165,-10.28586,-2.86831,-22.62815,-3.46653,19.64932,-12.39168,14.80141,13.10593,-1.00925,-0.66098,0.85374,2.92202,6.74736,-1.12839,0.03807,-2.26603,-0.34331,0.72296,-1.02282,0.91916,-0.49164,0.56224,1.472
104.26,0.13367,-0.02276,-0.50981,-2.34821,0,0.21876,-1.15863,0.80683,-4.43394,6.83739,0.07604,-2.46716,-41.01926,15.46342,-10.84375,11.36389,6.64761,-6.57001,-1.90468,-25.43413,-3.79022,22.62518,-8.44771,15.68948,11.81932,-1.37707,-0.54017,0.67864,3.17596,5.22395,-1.50789,0.34341,-1.09703,-0.58065,0.51636,-0.66974,1.06462,-0.40993,0.90932,1.78629
104.28,0.07946,-0.03597,-0.45892,-3.24567,0,0.39158,-1.09427,0.66805,-4.31136,7.03819,0.69916,-1.6929,-38.09446,12.80906,-9.80497,8.76378,2.76288,-2.57015,-0.98685,-27.41133,-4.12351,25.25274,-3.90163,15.91614,9.83881,-1.65073,-0.44459,0.46921,3.33325,3.63814,-1.7166,0.57878,0.0921,-0.77882,0.29449,-0.19649,1.17036,-0.34672,1.25744,2.10951
104.3,0.0507,-0.05059,-0.40613,-4.19194,0,0.56631,-1.00481,0.52938,-4.01437,6.86587,1.35155,-0.87296,-33.90616,9.62152,-8.98315,6.26758,-1.1269,1.22675,-0.15456,-28.41079,-4.43563,27.45964,1.15982,15.33928,7.09513,-1.79533,-0.38786,0.23871,3.3759,2.07003,-1.75944,0.73412,1.23616,-0.93136,0.0599,0.34779,1.22717,-0.30548,1.59796,2.43845
104.32,0.04437,-0.0657,-0.35443,-5.12742,0,0.73554,-0.88369,0.3927,-3.57122,6.30945,2.01026,-0.06368,-28.80471,6.04885,-8.56547,4.44352,-4.61424,4.33972,0.56086,-28.33175,-4.69443,29.18785,6.6473,13.85426,3.54119,-1.78427,-0.37995,0.00306,3.30314,0.59602,-1.65473,0.80815,2.27565,-1.03767,-0.18198,0.909,1.23547,-0.28938,1.92023,2.76664
104.34,0.05601,-0.08009,-0.30674,-5.99075,0,0.8912,-0.72468,0.25844,-3.02263,5.39612,2.6398,0.68517,-23.15077,2.26065,-8.6749,3.78951,-7.34466,6.34806,1.13711,-27.12804,-4.86904,30.39502,12.45529,11.41474,-0.8281,-1.60283,-0.42614,-0.22077,3.13064,-0.71627,-1.43086,0.80762,3.16109,-1.10212,-0.42293,1.43398,1.20395,-0.30078,2.21182,3.08423
104.36,0.0804,-0.09248,-0.26572,-6.72425,0,1.02497,-0.52283,0.1262,-2.41616,4.18606,3.19172,1.33442,-17.27759,-1.56077,-9.36247,4.6635,-9.05553,6.94298,1.56074,-24.81079,-4.93178,31.05474,18.44134,8.0522,-5.95279,-1.25121,-0.52648,-0.41641,2.88641,-1.81221,-1.12261,0.74557,3.85661,-1.13238,-0.65232,1.87643,1.14669,-0.34049,2.45913,3.37827
104.38,0.11226,-0.10166,-0.23359,-7.27905,0,1.12866,-0.27551,-0.00458,-1.79983,2.75017,3.61298,1.85802,-11.45974,-5.23053,-10.60846,7.22687,-9.60526,5.96982,1.82647,-21.44889,-4.85994,31.15657,24.4286,3.88985,-11.68713,-0.74637,-0.67579,-0.56976,2.60458,-2.65341,-0.76745,0.63894,4.34233,-1.13732,-0.85788,2.20194,1.07965,-0.40697,2.64824,3.63329
104.4,0.14689,-0.10672,-0.21204,-7.61916,0,1.19475,0.01648,-0.13395,-1.21638,1.14466,3.8587,2.24403,-5.89286,-8.57182,-12.32905,11.41102,-8.98805,3.45279,1.93589,-17.16728,-4.63757,30.70565,30.22502,-0.85438,-17.78793,-0.12163,-0.86393,-0.67029,2.31896,-3.21983,-0.40208,0.50614,4.61528,-1.12496,-1.0267,2.39141,1.01716,-0.49576,2.76611,3.83229
104.42,0.18062,-0.10715,-0.20206,-7.72372,0,1.21698,0.34816,-0.26116,-0.69925,-0.59622,3.90211,2.49382,-0.69026,-11.42667,-14.38538,16.91622,-7.33,-0.40526,1.89564,-12.14194,-4.25747,29.72088,35.63578,-5.88101,-23.91819,0.577,-1.07652,-0.71189,2.05756,-3.51063,-0.05945,0.36484,4.68815,-1.10096,-1.14645,2.4422,0.96918,-0.59921,2.80183,3.95793
104.44,0.21103,-0.10299,-0.20392,-7.58711,0,1.19106,0.70996,-0.38464,-0.27082,-2.44908,3.74045,2.61949,4.10386,-13.66647,-16.59376,23.24569,-4.8661,-5.25016,1.71502,-6.59075,-3.72315,28.23098,40.46432,-10.83991,-29.66937,1.29759,-1.29592,-0.69315,1.8389,-3.54374,0.23383,0.23025,4.58592,-1.06758,-1.20678,2.36661,0.93952,-0.70677,2.74775,3.99381
104.46,0.23702,-0.09478,-0.21706,-7.21749,0,1.11537,1.08783,-0.50239,0.05757,-4.38396,3.3993,2.64017,8.49304,-15.20181,-18.73691,29.76989,-1.90209,-10.62607,1.40371,-0.7608,-3.05046,26.26978,44.51044,-15.37452,-34.6004,1.99143,-1.50255,-0.61708,1.67025,-3.35422,0.45947,0.11393,4.34108,-1.0235,-1.20079,2.18844,0.9253,-0.80575,2.60064,3.92603
104.48,0.2586,-0.08358,-0.24014,-6.63455,0,0.99161,1.46378,-0.6125,0.28416,-6.34582,2.93138,2.57795,12.50443,-15.99038,-20.57724,35.8085,1.23033,-16.03655,0.96988,5.08593,-2.26856,23.87231,47.57159,-19.17004,-38.28723,2.62206,-1.67632,-0.49063,1.54784,-2.99171,0.60874,0.02312,3.98846,-0.96418,-1.12634,1.93827,0.91739,-0.88247,2.36268,3.74483
104.5,0.27666,-0.07088,-0.271,-5.86714,0,0.82522,1.81688,-0.71357,0.41499,-8.23542,2.40226,2.45431,16.16415,-16.04075,-21.87298,40.71533,4.21606,-21.00471,0.41955,10.68677,-1.41935,21.07286,49.45016,-21.99394,-40.37372,3.17184,-1.7983,-0.3239,1.45861,-2.51675,0.68274,-0.03933,3.5609,-0.88276,-0.98695,1.64875,0.90168,-0.92363,2.04208,3.44623
104.52,0.29265,-0.05838,-0.30683,-4.95087,0,0.62525,2.12453,-0.80488,0.46205,-9.89958,1.86902,2.2876,19.47684,-15.40953,-22.39751,43.95319,6.78984,-25.12217,-0.24269,15.79142,-0.5545,17.90496,49.96809,-23.71887,-40.61486,3.64379,-1.85228,-0.12934,1.3832,-1.99594,0.69145,-0.07459,3.08636,-0.77132,-0.79194,1.35037,0.86113,-0.9178,1.65307,3.03332
104.54,0.30817,-0.04784,-0.34429,-3.92589,0,0.40373,2.36421,-0.88613,0.442,-11.154,1.3686,2.09174,22.41355,-14.19159,-21.96145,45.1517,8.75694,-28.0817,-1.01139,20.17396,0.26988,14.40268,48.98927,-24.32387,-38.90683,4.05793,-1.8262,0.07923,1.29987,-1.49578,0.65152,-0.08698,2.58681,-0.62242,-0.55572,1.06832,0.77816,-0.85677,1.21512,2.51692
104.56,0.32466,-0.04079,-0.37974,-2.83474,0,0.1745,2.51543,-0.95708,0.37522,-11.83701,0.919,1.87618,24.90895,-12.50506,-20.43617,44.14732,10.00172,-29.69375,-1.87684,23.64439,1.00042,10.60351,46.45031,-23.87732,-35.30257,4.4431,-1.71346,0.28757,1.18868,-1.07582,0.58316,-0.08282,2.07866,-0.43062,-0.29634,0.8204,0.63739,-0.73684,0.75143,1.91552
104.58,0.34303,-0.03831,-0.40955,-1.72052,0,-0.04823,2.56188,-1.01695,0.28502,-11.85876,0.52418,1.64677,26.86752,-10.47515,-17.77572,41.00743,10.48694,-29.88969,-2.82115,26.05954,1.5938,6.5527,42.39782,-22.50968,-30.0134,4.82659,-1.51398,0.48202,1.03532,-0.7822,0.50678,-0.06917,1.57428,-0.19399,-0.03354,0.61616,0.42831,-0.55964,0.28703,1.25464
104.6,0.36346,-0.04081,-0.43038,-0.6253,0,-0.25119,2.49347,-1.0641,0.1965,-11.22715,0.17858,1.40712,28.17641,-8.22067,-14.03211,36.03843,10.24666,-28.71428,-3.81469,27.3324,2.02222,2.30885,37.02775,-20.38473,-23.39541,5.22407,-1.23485,0.65033,0.83378,-0.64263,0.43997,-0.05276,1.08384,0.08477,0.21323,0.4571,0.14748,-0.33263,-0.15339,0.56541
104.62,0.3853,-0.04804,-0.43941,0.41152,0,-0.42322,2.30778,-1.09602,0.13477,-10.05299,-0.12888,1.16008,28.72276,-5.84567,-9.35871,29.75076,9.37466,-26.30823,-4.8136,27.43789,2.27556,-2.05065,30.70035,-17.67549,-15.91818,5.6321,-0.89021,0.78243,0.58724,-0.66397,0.39532,-0.03906,0.61685,0.39777,0.42669,0.33797,-0.20007,-0.06867,-0.54741,-0.11769
104.64,0.40708,-0.05907,-0.43461,1.35498,0,-0.55608,2.01092,-1.1096,0.1223,-8.52248,-0.41128,0.90886,28.41301,-3.43712,-3.99931,22.73554,8.00994,-22.88277,-5.75928,26.41435,2.35966,-6.42564,23.87723,-14.54812,-8.11601,6.02464,-0.50037,0.87099,0.30681,-0.83277,0.37942,-0.03188,0.18292,0.73202,0.59317,0.24874,-0.60053,0.21506,-0.87679,-0.76002
104.66,0.42666,-0.07251,-0.41488,2.17655,0,-0.64489,1.61753,-1.10185,0.1758,-6.83547,-0.68051,0.65785,27.19259,-1.06769,1.73574,15.49657,6.32053,-18.68997,-6.58028,24.36112,2.29168,-10.69196,16.98343,-11.15429,-0.52742,6.35401,-0.09006,0.9119,0.00873,-1.11847,0.39295,-0.03319,-0.20834,1.07035,0.70383,0.17716,-1.03206,0.49896,-1.12904,-1.33043
104.68,0.44146,-0.08672,-0.38018,2.85603,0,-0.68828,1.1502,-1.07064,0.3032,-5.14843,-0.94439,0.41294,25.06357,1.19843,7.50072,8.36245,4.48711,-13.99427,-7.19685,21.43332,2.0945,-14.70377,10.29731,-7.63042,6.36637,6.55607,0.31368,0.90447,-0.28929,-1.47853,0.43153,-0.04328,-0.54797,1.39281,0.75521,0.11122,-1.46655,0.76316,-1.29857,-1.80493
104.7,0.44878,-0.10002,-0.33153,3.3829,0,-0.68823,0.63807,-1.01552,0.50169,-3.55586,-1.20395,0.18142,22.09651,3.29932,12.9475,1.50954,2.68706,-9.04976,-7.5283,17.83351,1.79199,-18.30006,3.93941,-4.10109,12.1916,6.55891,0.68406,0.85147,-0.57145,-1.86442,0.48719,-0.06103,-0.82865,1.67851,0.74942,0.0411,-1.87216,0.98964,-1.38702,-2.16928
104.72,0.44613,-0.11096,-0.27095,3.75671,0,-0.64962,0.11472,-0.93809,0.75737,-2.09995,-1.45071,-0.02851,18.43228,5.17104,17.75557,-4.97136,1.07927,-4.08565,-7.50274,13.79895,1.40707,-21.31567,-2.075,-0.68298,16.71119,6.29421,0.9969,0.75882,-0.82614,-2.2278,0.54998,-0.08443,-1.04558,1.90768,0.69354,-0.03984,-2.2165,1.16398,-1.40275,-2.41989
104.74,0.43149,-0.11839,-0.20125,3.98626,0,-0.57952,-0.38483,-0.84201,1.04696,-0.78646,-1.66518,-0.20869,14.27194,6.74687,21.65688,-11.00652,-0.21003,0.69989,-7.06836,9.58391,0.96266,-23.59667,-7.77199,2.51281,19.82966,5.70994,1.23299,0.63485,-1.04688,-2.52626,0.6097,-0.11096,-1.19722,2.06374,0.59838,-0.13504,-2.47025,1.27653,-1.35926,-2.56285
104.76,0.40362,-0.12163,-0.12571,4.08792,0,-0.48623,-0.82763,-0.73256,1.3412,0.40072,-1.82006,-0.35219,9.85674,7.96029,24.45502,-16.4744,-1.09936,5.13966,-6.20487,5.43848,0.4851,-25.01889,-13.15837,5.38157,21.57722,4.78281,1.38011,0.48932,-1.2318,-2.72825,0.65742,-0.13814,-1.28563,2.13531,0.47686,-0.24566,-2.61093,1.32297,-1.27284,-2.6114
104.78,0.36224,-0.12043,-0.04775,4.0834,0,-0.37838,-1.18632,-0.61601,1.60924,1.48625,-1.88977,-0.45447,5.44301,8.75059,26.03854,-21.16687,-1.56039,9.09407,-4.93287,1.58739,0.00817,-25.50681,-18.1643,7.82853,22.08125,3.52819,1.43448,0.33237,-1.38244,-2.81661,0.68677,-0.16385,-1.31658,2.11793,0.34216,-0.37182,-2.62621,1.30443,-1.16016,-2.58268
104.8,0.30817,-0.11498,0.0294,3.99745,0,-0.26412,-1.44195,-0.49885,1.82293,2.49125,-1.86046,-0.5143,1.27727,9.06958,26.38719,-24.82481,-1.62005,12.44787,-3.31777,-1.78754,-0.4243,-25.0481,-22.59881,9.77439,21.53335,2.00455,1.40137,0.17355,-1.50206,-2.79034,0.69465,-0.18666,-1.29929,2.01493,0.20617,-0.51366,-2.51607,1.2271,-1.036,-2.49457
104.82,0.24329,-0.10589,0.10289,3.8554,0,-0.15054,-1.58551,-0.38718,1.96032,3.42232,-1.73328,-0.53405,-2.42476,8.88726,25.56915,-27.2379,-1.35452,15.10972,-1.46585,-4.55854,-0.75913,-23.69946,-26.16023,11.1616,20.15808,0.30995,1.29443,0.02111,-1.59417,-2.6637,0.68135,-0.20582,-1.24578,1.83731,0.07838,-0.67177,-2.29307,1.1014,-0.91188,-2.36335
104.84,0.1704,-0.09398,0.1704,3.68086,0,-0.04338,-1.61794,-0.28608,2.00777,4.26135,-1.52171,-0.51928,-5.49349,8.19569,23.72914,-28.31949,-0.87486,17.01585,0.48879,-6.65561,-0.93838,-21.58152,-28.53812,11.96077,18.18695,-1.43038,1.13369,-0.11838,-1.66142,-2.46295,0.64989,-0.22117,-1.16971,1.60227,-0.0346,-0.84688,-1.98047,0.94056,-0.79541,-2.20226
104.86,0.0929,-0.08024,0.23019,3.49368,0,0.05313,-1.54885,-0.19924,1.96081,4.96039,-1.24715,-0.47786,-7.81479,7.01069,21.06949,-28.11473,-0.30689,18.13776,2.4039,-8.06383,-0.90703,-18.86468,-29.54533,12.17613,15.83941,-3.08305,0.94257,-0.2402,-1.70505,-2.22105,0.60493,-0.23284,-1.08496,1.33079,-0.12904,-1.03879,-1.60863,0.75908,-0.69055,-2.02117
104.88,0.01443,-0.06563,0.28109,3.30849,0,0.13617,-1.39446,-0.12869,1.82396,5.45323,-0.93466,-0.41869,-9.33393,5.37169,17.82841,-26.77634,0.23014,18.4914,4.15121,-8.81617,-0.62162,-15.75035,-29.17663,11.84907,13.31102,-4.52809,0.74457,-0.34137,-1.7248,-1.97172,0.55141,-0.24093,-1.00427,1.04484,-0.20371,-1.24518,-1.2106,0.57095,-0.59838,-1.82704
104.9,-0.06147,-0.05095,0.32248,3.13396,0,0.20414,-1.17521,-0.07472,1.60967,5.68494,-0.60948,-0.35045,-10.05405,3.33995,14.25851,-24.53634,0.64067,18.14412,5.6351,-8.98319,-0.05714,-12.45192,-27.58741,11.05773,10.7676,-5.67751,0.56024,-0.42052,-1.71926,-1.74409,0.49329,-0.24522,-0.93793,0.76477,-0.25923,-1.46049,-0.81788,0.38829,-0.51822,-1.62489
104.92,-0.13166,-0.03678,0.35421,2.97299,0,0.25644,-0.91336,-0.03603,1.33659,5.63742,-0.29428,-0.28057,-10.02937,0.99468,10.6074,-21.67816,0.86165,17.21512,6.80359,-8.66093,0.79,-9.17795,-25.04728,9.91062,8.34372,-6.48666,0.40501,-0.47758,-1.68644,-1.55891,0.43267,-0.24503,-0.89297,0.50732,-0.29747,-1.67562,-0.45709,0.22031,-0.4486,-1.41877
104.94,-0.19357,-0.02338,0.37652,2.82346,0,0.29322,-0.63092,-0.00996,1.02728,5.3323,-0.00748,-0.21452,-9.35352,-1.57288,7.10087,-18.50966,0.86156,15.86754,7.64952,-7.95784,1.90392,-6.11897,-21.89409,8.5339,6.1436,-6.95628,0.28812,-0.51349,-1.62439,-1.42677,0.3694,-0.2392,-0.87281,0.28453,-0.32096,-1.87822,-0.148,0.07278,-0.38821,-1.21252
104.96,-0.24531,-0.01069,0.39002,2.67975,0,0.31514,-0.34779,0.00706,0.70562,4.81852,0.23765,-0.15546,-8.14522,-4.26667,3.92918,-15.33789,0.63144,14.29325,8.20303,-6.98177,3.25509,-3.43805,-18.49153,7.05419,4.24332,-7.12634,0.21264,-0.52995,-1.5319,-1.3482,0.30119,-0.22628,-0.87727,0.10348,-0.33243,-2.05395,0.09733,-0.05202,-0.33633,-1.01021
104.98,-0.28573,0.00168,0.39563,2.53446,0,0.3232,-0.08052,0.01905,0.39432,4.15816,0.43319,-0.10423,-6.53387,-6.99288,1.23706,-12.44727,0.17212,12.69363,8.51865,-5.82863,4.80753,-1.26491,-15.19302,5.58077,2.69376,-7.06442,0.1762,-0.5292,-1.40918,-1.31526,0.22409,-0.20476,-0.90296,-0.03343,-0.33452,-2.18803,0.27422,-0.15501,-0.29319,-0.81632
105,-0.31433,0.01436,0.3945,2.38022,0,0.31863,0.15842,0.03008,0.11282,3.41535,0.57624,-0.05959,-4.64774,-9.66509,-0.8818,-10.08229,-0.51729,11.26005,8.66048,-4.57366,6.52478,0.30674,-12.31364,4.19143,1.52395,-6.85199,0.17218,-0.51384,-1.25833,-1.31382,0.13326,-0.17333,-0.94386,-0.1276,-0.3296,-2.26699,0.38439,-0.23973,-0.25991,-0.63553
105.02,-0.33124,0.02813,0.38802,2.21099,0,0.30279,0.36079,0.0438,-0.12403,2.6486,0.66815,-0.01874,-2.60603,-12.2063,-2.38565,-8.43482,-1.44543,10.15622,8.68837,-3.26611,8.37198,1.2194,-10.11003,2.92525,0.74431,-6.57112,0.19121,-0.48675,-1.08365,-1.32624,0.02398,-0.13115,-0.99201,-0.18318,-0.31979,-2.27988,0.4345,-0.31155,-0.2382,-0.47243
105.04,-0.33695,0.04384,0.37765,2.02293,0,0.27718,0.52213,0.06317,-0.3066,1.90631,0.71345,0.02214,-0.51551,-14.54772,-3.28117,-7.63555,-2.62751,9.50395,8.64697,-1.92749,10.31348,1.45015,-8.76729,1.78355,0.34966,-6.29318,0.22255,-0.45095,-0.89149,-1.33372,-0.10748,-0.07796,-1.03822,-0.20594,-0.30702,-2.21895,0.43437,-0.37678,-0.22995,-0.33086
105.06,-0.3322,0.0622,0.36485,1.81453,0,0.24338,0.64104,0.09019,-0.43041,1.22489,0.7187,0.06705,1.52918,-16.62541,-3.61688,-7.74854,-4.07737,9.3725,8.55879,-0.55315,12.30696,1.00817,-8.39134,0.73797,0.32149,-6.0703,0.2555,-0.40953,-0.68996,-1.31858,-0.26286,-0.01419,-1.07267,-0.20213,-0.29313,-2.0798,0.39524,-0.44171,-0.23654,-0.21322
105.08,-0.31775,0.08369,0.35094,1.58654,0,0.20313,0.71822,0.12578,-0.49557,0.62889,0.69137,0.11957,3.44251,-18.37657,-3.47502,-8.76812,-5.79537,9.77187,8.42178,0.88294,14.29599,-0.06795,-9.00519,-0.25693,0.6295,-5.93014,0.28058,-0.36558,-0.48833,-1.26598,-0.44127,0.05906,-1.08567,-0.17756,-0.28005,-1.86115,0.32822,-0.51172,-0.25829,-0.11989
105.1,-0.2943,0.10839,0.33703,1.3417,0,0.15829,0.75558,0.16965,-0.50602,0.13244,0.63893,0.18212,5.14407,-19.73694,-2.963,-10.6178,-7.75573,10.64989,8.21146,2.42068,16.20382,-1.71286,-10.54828,-1.24963,1.23227,-5.8739,0.29041,-0.32208,-0.29649,-1.16544,-0.63868,0.14002,-1.06818,-0.13697,-0.26988,-1.56454,0.2431,-0.59055,-0.29403,-0.04881
105.12,-0.26243,0.13593,0.32392,1.08429,0,0.11084,0.75562,0.22033,-0.46856,-0.2588,0.56823,0.25548,6.55498,-20.64035,-2.2052,-13.15115,-9.89641,11.89342,7.88719,4.10384,17.93015,-3.837,-12.8783,-2.27924,2.07733,-5.87736,0.28037,-0.28184,-0.12447,-1.01173,-0.84795,0.22622,-1.01239,-0.08378,-0.26482,-1.1939,0.14781,-0.67978,-0.34087,0.00438
105.14,-0.22265,0.16544,0.31204,0.81979,0,0.06287,0.7209,0.27523,-0.39184,-0.54544,0.48511,0.33853,7.59604,-21.02137,-1.33499,-16.15544,-12.11397,13.33403,7.40189,5.9682,19.35264,-6.32937,-15.77601,-3.36625,3.1009,-5.89496,0.24887,-0.24736,0.0181,-0.80533,-1.05919,0.3145,-0.91211,-0.0202,-0.26704,-0.7552,0.04824,-0.77857,-0.39438,0.04583
105.16,-0.17548,0.19555,0.30142,0.55441,0,0.01647,0.654,0.33081,-0.28548,-0.7325,0.39434,0.42811,8.18885,-20.82193,-0.48675,-19.35897,-14.26468,14.75867,6.7136,8.02878,20.33391,-9.06032,-18.95401,-4.50729,4.22781,-5.8662,0.19727,-0.22068,0.12253,-0.55236,-1.26061,0.40107,-0.76319,0.05241,-0.27837,-0.25611,-0.05134,-0.88366,-0.449,0.0825
105.18,-0.12156,0.22451,0.29176,0.29471,0,-0.02643,0.55749,0.38281,-0.15933,-0.82785,0.29968,0.51912,8.26063,-20.00245,0.21244,-22.44335,-16.17207,15.9259,5.79701,10.2677,20.73413,-11.88421,-22.07064,-5.67367,5.37212,-5.72408,0.12963,-0.20318,0.18162,-0.26408,-1.43959,0.48158,-0.56404,0.13294,-0.29998,0.29394,-0.14775,-0.98961,-0.49864,0.12113
105.2,-0.06186,0.2503,0.2824,0.04734,0,-0.06413,0.43427,0.42661,-0.02295,-0.84116,0.20412,0.6048,7.75286,-18.55685,0.65215,-25.06176,-17.64053,16.58769,4.65236,12.62396,20.42803,-14.64155,-24.75045,-6.8132,6.43901,-5.40463,0.05217,-0.19543,0.19051,0.04395,-1.58387,0.55129,-0.31622,0.22005,-0.33211,0.88356,-0.23833,-1.08924,-0.53733,0.16721
105.22,0.00233,0.27076,0.2725,-0.1812,0,-0.09531,0.28781,0.45766,0.11455,-0.78313,0.11009,0.67713,6.63319,-16.52964,0.74903,-26.86376,-18.47408,16.5164,3.30915,14.9871,19.32462,-17.16052,-26.612,-7.85496,7.32833,-4.85667,-0.02748,-0.19707,0.14747,0.35323,-1.68255,0.60546,-0.02522,0.31177,-0.3738,1.49873,-0.32052,-1.1742,-0.55979,0.2243
105.24,0.0693,0.2838,0.26117,-0.38479,0,-0.11914,0.12233,0.47195,0.24456,-0.6651,0.01956,0.72736,4.9092,-14.02614,0.458,-27.52624,-18.49896,15.53507,1.8238,17.19589,17.38736,-19.25878,-27.30256,-8.71657,7.94014,-4.05083,-0.10119,-0.20677,0.05492,0.64404,-1.72697,0.6397,0.29891,0.40532,-0.42291,2.12199,-0.39175,-1.23572,-0.56184,0.29375
105.26,0.13697,0.2876,0.2476,-0.55795,0,-0.13535,-0.057,0.46649,0.35888,-0.49876,-0.06588,0.74669,2.64138,-11.19315,-0.21741,-26.78871,-17.58773,13.54764,0.27191,19.04371,14.65295,-20.74716,-26.53725,-9.31344,8.182,-2.98688,-0.16135,-0.22219,-0.07979,0.89751,-1.71129,0.6505,0.64109,0.49722,-0.47612,2.73183,-0.44955,-1.26534,-0.54068,0.37472
105.28,0.20305,0.28079,0.23125,-0.69612,0,-0.14425,-0.24412,0.43988,0.44973,-0.29609,-0.14512,0.72691,-0.04824,-8.16424,-1.21824,-24.48856,-15.68116,10.56333,-1.26244,20.29124,11.23881,-21.43711,-24.13779,-9.56937,7.97729,-1.69828,-0.20186,-0.24014,-0.24393,1.09769,-1.63293,0.63574,0.98124,0.5835,-0.52922,3.30232,-0.49188,-1.25576,-0.49502,0.46457
105.3,0.26518,0.26264,0.21195,-0.79601,0,-0.14674,-0.43221,0.39259,0.50997,-0.06906,-0.21773,0.66113,-2.97662,-5.00859,-2.4301,-20.58966,-12.80267,6.70765,-2.69775,20.68699,7.31881,-21.15309,-20.06278,-9.4269,7.27326,-0.25214,-0.21886,-0.25681,-0.41972,1.23322,-1.49283,0.59503,1.29522,0.66011,-0.57733,3.80365,-0.51748,-1.20157,-0.42512,0.55915
105.32,0.32108,0.23314,0.18998,-0.85593,0,-0.14414,-0.614,0.32715,0.53373,0.17073,-0.28428,0.54428,-5.91313,-1.7218,-3.69288,-15.19727,-9.06038,2.21317,-3.96416,19.99499,3.07094,-19.75003,-14.42195,-8.8563,6.04735,1.25661,-0.21107,-0.26816,-0.58575,1.2983,-1.29533,0.52989,1.55668,0.72313,-0.61536,4.20334,-0.52607,-1.09977,-0.33274,0.65322
105.34,0.36874,0.193,0.16602,-0.87602,0,-0.13806,-0.78225,0.24795,0.51738,0.41277,-0.34661,0.37345,-8.60689,1.75028,-4.82089,-8.54989,-4.63464,-2.61181,-5.00973,18.02834,-1.35926,-17.1349,-7.46724,-7.86179,4.31092,2.71732,-0.17973,-0.2704,-0.71947,1.29292,-1.04779,0.4435,1.74014,0.76914,-0.63839,4.4687,-0.51838,-0.94997,-0.22092,0.74067
105.36,0.40663,0.14359,0.14105,-0.8585,0,-0.13006,-0.93033,0.16087,0.46075,0.64848,-0.40814,0.14809,-10.82384,5.47821,-5.63038,-0.97986,0.24579,-7.43133,-5.80348,14.68541,-5.85028,-13.2902,0.44264,-6.48477,2.11047,4.02016,-0.12811,-0.26058,-0.80047,1.22224,-0.75989,0.34028,1.82463,0.79537,-0.64213,4.56998,-0.49598,-0.75447,-0.09372,0.81472
105.38,0.43386,0.08678,0.11623,-0.80791,0,-0.12147,-1.05289,0.07273,0.36828,0.87216,-0.47404,-0.1298,-12.38559,9.51363,-5.96902,7.1364,5.33254,-11.93495,-6.33598,9.9836,-10.26672,-8.29545,8.88609,-4.8035,-0.47297,5.07374,-0.06094,-0.23715,-0.81388,1.09571,-0.44287,0.22536,1.79746,0.7999,-0.6234,4.48431,-0.46099,-0.51806,0.04403,0.8682
105.4,0.45023,0.02488,0.09271,-0.73108,0,-0.11309,-1.14635,-0.00935,0.24988,1.08151,-0.55093,-0.45557,-13.19939,13.85151,-5.74,15.39426,10.38378,-15.88229,-6.61765,4.07119,-14.43004,-2.34105,17.40141,-2.9285,-3.32593,5.81949,0.01631,-0.20032,-0.753,0.92589,-0.10882,0.10396,1.65704,0.7817,-0.58058,4.19935,-0.4157,-0.24791,0.18707,0.89399
105.42,0.45631,-0.03958,0.07153,-0.63698,0,-0.10517,-1.20918,-0.07857,0.1209,1.27779,-0.64622,-0.82178,-13.27079,18.39218,-4.91488,23.34722,15.18212,-19.12739,-6.67512,-2.8062,-18.13661,4.27162,25.50055,-0.99274,-6.30621,6.23926,0.09796,-0.15218,-0.62045,0.72739,0.22993,-0.01892,1.4138,0.74067,-0.51387,3.71626,-0.36217,0.04669,0.32982,0.88564
105.44,0.45328,-0.10398,0.05355,-0.53624,0,-0.09735,-1.24177,-0.12897,0.00131,1.46518,-0.76696,-1.21806,-12.69523,22.92558,-3.53253,30.51912,19.54228,-21.61873,-6.54596,-10.3553,-21.21515,11.14711,32.70426,0.86334,-9.24872,6.3547,0.17854,-0.09651,-0.42754,0.51574,0.56132,-0.13884,1.08913,0.67752,-0.42552,3.05116,-0.30186,0.35466,0.46662,0.83825
105.46,0.44273,-0.16572,0.03934,-0.44034,0,-0.08883,-1.24615,-0.15592,-0.08607,1.64971,-0.91817,-1.63114,-11.63209,27.17245,-1.68606,36.45603,23.31013,-23.37785,-6.27266,-18.23497,-23.56735,17.8281,38.58686,2.51015,-11.97374,6.21937,0.25297,-0.03824,-0.19207,0.30645,0.87397,-0.25197,0.71227,0.59362,-0.3197,2.2352,-0.2353,0.66351,0.59185,0.74941
105.48,0.42648,-0.22239,0.02917,-0.36079,0,-0.07861,-1.22548,-0.1565,-0.11788,1.8378,-1.10117,-2.0449,-10.26945,30.86341,0.49707,40.77769,26.3572,-24.46608,-5.89694,-26.0153,-25.16955,23.83744,42.80736,3.84716,-14.29766,5.90654,0.31676,0.01727,0.06477,0.11417,1.15756,-0.35515,0.31631,0.49083,-0.20234,1.31321,-0.16192,0.95995,0.70016,0.62008
105.5,0.40629,-0.27189,0.02305,-0.30807,0,-0.0657,-1.18358,-0.12968,-0.07278,2.03472,-1.31208,-2.44074,-8.78927,33.78979,2.87585,43.20582,28.57462,-24.94905,-5.45523,-33.17844,-26.05672,28.72274,45.1268,4.81651,-16.04557,5.4957,0.36596,0.0649,0.32148,-0.04802,1.40304,-0.44573,-0.0659,0.37142,-0.08062,0.34107,-0.08016,1.23052,0.78665,0.45509
105.52,0.38375,-0.31248,0.02065,-0.29073,0,-0.04952,-1.12447,-0.07632,0.06617,2.24306,-1.54072,-2.79803,-7.34031,35.80842,5.31283,43.57562,29.86936,-24.86731,-4.97599,-39.18965,-26.3022,32.09705,45.41436,5.40882,-17.06513,5.06043,0.39732,0.10053,0.55896,-0.16916,1.60284,-0.52153,-0.40525,0.23801,0.03763,-0.61852,0.01217,1.46238,0.84718,0.26301
105.54,0.36009,-0.34288,0.02146,-0.31452,0,-0.03008,-1.05192,0.00103,0.30931,2.46145,-1.77039,-3.09498,-6.02289,36.83032,7.68535,41.83608,30.16452,-24.21813,-4.4786,-43.58226,-25.99531,33.67232,43.64244,5.65952,-17.24087,4.65878,0.4083,0.12154,0.76223,-0.24097,1.75091,-0.58071,-0.67879,0.09364,0.14488,-1.50164,0.1173,1.64424,0.87866,0.05534
105.56,0.33616,-0.36223,0.0247,-0.38166,0,-0.00823,-0.96919,0.09852,0.65876,2.68363,-1.97868,-3.31001,-4.88536,36.81101,9.89113,38.04257,29.40435,-22.95058,-3.97404,-46.01244,-25.22005,33.28494,39.87475,5.63745,-16.50772,4.32706,0.39719,0.1272,0.92128,-0.25823,1.84281,-0.62173,-0.87109,-0.05823,0.23489,-2.24975,0.23668,1.76731,0.87937,-0.155
105.58,0.31238,-0.37018,0.02948,-0.49039,0,0.01428,-0.8788,0.21141,1.10734,2.8982,-2.13953,-3.42363,-3.93003,35.74623,11.85001,32.34695,27.5631,-20.97375,-3.4665,-46.29093,-24.0387,30.91322,34.25336,5.42905,-14.86212,4.07667,0.3633,0.11881,1.03122,-0.21921,1.87581,-0.64333,-0.97467,-0.21365,0.30358,-2.81623,0.37018,1.82622,0.84924,-0.35533
105.6,0.28882,-0.36682,0.03482,-0.63479,0,0.03487,-0.78251,0.33443,1.6382,3.08907,-2.22668,-3.42095,-3.12477,33.67527,13.50395,24.98878,24.65471,-18.17613,-2.95547,-44.40266,-22.48332,26.68502,26.98922,5.12194,-12.36717,3.89401,0.30709,0.09955,1.09174,-0.12586,1.84909,-0.64463,-0.98978,-0.36812,0.34967,-3.1716,0.51552,1.81962,0.79005,-0.53474
105.62,0.26525,-0.35269,0.03971,-0.80507,0,0.05047,-0.68136,0.462,2.22539,3.23681,-2.21883,-3.2947,-2.41709,30.69185,14.81679,16.28816,20.73999,-14.45309,-2.43764,-40.51274,-20.55674,20.87213,18.35726,4.7911,-9.14878,3.74299,0.2303,0.07411,1.10623,0.0162,1.76384,-0.62522,-0.92345,-0.51664,0.37471,-3.30623,0.66796,1.75034,0.70535,-0.68513
105.64,0.2413,-0.32872,0.04322,-0.9883,0,0.058,-0.57584,0.58831,2.83551,3.32074,-2.10636,-3.04856,-1.74824,26.96153,15.77469,6.63895,15.92869,-9.73898,-1.90806,-34.95651,-18.24238,13.87,8.69504,4.48937,-5.38161,3.56991,0.13596,0.04787,1.08045,0.19799,1.62332,-0.58528,-0.78811,-0.65385,0.38256,-3.23019,0.82049,1.6248,0.6001,-0.80164
105.66,0.21651,-0.2961,0.04454,-1.1696,0,0.05505,-0.46606,0.7073,3.4301,3.32178,-1.89833,-2.70102,-1.06591,22.73701,16.38766,-3.49932,10.37734,-4.04004,-1.36083,-28.20816,-15.52112,6.16477,-1.5974,4.24292,-1.26769,3.31051,0.02826,0.0261,1.02124,0.40779,1.43279,-0.5257,-0.59989,-0.77423,0.37836,-2.97051,0.96445,1.45206,0.48014,-0.88242
105.68,0.19053,-0.25624,0.04312,-1.33341,0,0.04049,-0.35207,0.81264,3.96867,3.2256,-1.62345,-2.28692,-0.33467,18.3398,16.69136,-13.61271,4.28468,2.53676,-0.78951,-20.80922,-12.39131,-1.70715,-12.05965,4.05157,2.98681,2.8989,-0.08762,0.01297,0.9352,0.63196,1.19951,-0.44818,-0.37685,-0.87248,0.36742,-2.56694,1.09037,1.24262,0.35153,-0.92818
105.7,0.16319,-0.21069,0.03868,-1.46489,0,0.01486,-0.23416,0.89782,4.41176,3.02566,-1.32017,-1.85084,0.45663,14.08411,16.7476,-23.15018,-2.1132,9.76505,-0.18779,-13.26089,-8.88694,-9.20225,-22.17946,3.89332,7.19027,2.27797,-0.20585,0.01088,0.82773,0.85598,0.93253,-0.35531,-0.13737,-0.94378,0.35417,-2.06704,1.18892,1.00742,0.22003,-0.94144
105.72,0.13463,-0.16107,0.0313,-1.55102,0,-0.01953,-0.11327,0.95638,4.72356,2.72541,-1.02273,-1.43347,1.29092,10.18847,16.64106,-31.54993,-8.54791,17.29678,0.44927,-5.94389,-5.0889,-15.81239,-31.41235,3.73246,11.17533,1.41054,-0.32032,0.02016,0.7025,1.06556,0.64251,-0.25055,0.10127,-0.98409,0.34149,-1.52135,1.25171,0.75709,0.09071,-0.9259
105.74,0.10528,-0.10908,0.02138,-1.58134,0,-0.05894,0.00875,0.98225,4.87397,2.33926,-0.75423,-1.06213,2.12325,6.74415,16.47117,-38.27669,-14.72498,24.67976,1.12351,0.88098,-1.12628,-21.10487,-39.21516,3.53005,14.79845,0.29011,-0.42519,0.03917,0.56134,1.24778,0.34118,-0.13804,0.32398,-0.99035,0.33053,-0.97884,1.27199,0.5015,-0.03218,-0.88583
105.76,0.07595,-0.05643,0.00967,-1.54855,0,-0.0989,0.12891,0.97039,4.84032,1.89213,-0.52735,-0.75005,2.88502,3.73767,16.33908,-42.86827,-20.33303,31.39417,1.83151,7.01518,2.83207,-24.75843,-45.0921,3.25547,17.93231,-1.0503,-0.5154,0.06482,0.40457,1.39226,0.0407,-0.02241,0.51868,-0.96062,0.32101,-0.48308,1.2451,0.24969,-0.14521,-0.82566
105.78,0.04772,-0.00484,-0.00283,-1.44879,0,-0.13498,0.24308,0.91738,4.60881,1.41744,-0.34695,-0.49945,3.49216,1.08545,16.33153,-44.98569,-25.05776,36.90314,2.56252,12.26081,6.59303,-26.59219,-48.64765,2.8967,20.45621,-2.53378,-0.5872,0.09325,0.23165,1.49212,-0.24705,0.09164,0.6769,-0.8942,0.31167,-0.06923,1.1688,0.0099,-0.24566,-0.7497
105.8,0.02188,0.04402,-0.01493,-1.28199,0,-0.16353,0.34627,0.82208,4.17593,0.95362,-0.21238,-0.3047,3.85657,-1.33548,16.50261,-44.45732,-28.60204,40.70989,3.29685,16.39842,9.95852,-26.58277,-49.63638,2.46718,22.2503,-4.04218,-0.63846,0.12058,0.0421,1.54453,-0.51117,0.19954,0.79389,-0.79183,0.30093,0.238,1.04361,-0.21033,-0.33135,-0.66197
105.82,-0.00018,0.08855,-0.02537,-1.05194,0,-0.18213,0.43329,0.68607,3.54955,0.53892,-0.11924,-0.15487,3.90041,-3.66015,16.85526,-41.30708,-30.71222,42.41425,4.00529,19.23029,12.74563,-24.86426,-47.9999,2.00698,23.19769,-5.42801,-0.66872,0.14343,-0.1636,1.55061,-0.74224,0.29714,0.86842,-0.65584,0.28733,0.42512,0.87286,-0.40425,-0.40051,-0.56619
105.84,-0.0171,0.12729,-0.03296,-0.76634,0,-0.18969,0.49958,0.51375,2.74951,0.20484,-0.0608,-0.03574,3.57187,-6.01065,17.32461,-35.76114,-31.20958,41.76295,4.64989,20.65468,14.80585,-21.70926,-43.88494,1.57756,23.19611,-6.53568,-0.67881,0.15921,-0.38297,1.51456,-0.93266,0.38082,0.90214,-0.49025,0.26975,0.48963,0.66271,-0.5661,-0.45184,-0.46566
105.86,-0.02776,0.15903,-0.0367,-0.43654,0,-0.18624,0.5424,0.31215,1.80753,-0.03068,-0.02895,0.06864,2.8605,-8.47213,17.76732,-28.23371,-30.02333,38.68983,5.18627,20.70547,16.04184,-17.49431,-37.64327,1.25126,22.1775,-7.22891,-0.67038,0.16615,-0.61084,1.44236,-1.07691,0.44765,0.89869,-0.30083,0.24745,0.43884,0.42193,-0.69158,-0.4845,-0.36321
105.88,-0.03142,0.18286,-0.03598,-0.07724,0,-0.17257,0.56175,0.09059,0.76633,-0.16885,-0.01484,0.17464,1.80877,-11.06866,17.96217,-19.29235,-27.21868,33.34124,5.5675,19.5454,16.42008,-12.65638,-29.80272,1.098,20.13093,-7.41822,-0.64516,0.16326,-0.83878,1.34018,-1.17166,0.49539,0.86273,-0.09505,0.21997,0.2882,0.16154,-0.7784,-0.49832,-0.26121
105.9,-0.02786,0.1983,-0.03061,0.29411,0,-0.14984,0.56091,-0.13997,-0.32221,-0.23237,-0.00923,0.29793,0.51592,-13.73843,17.62743,-9.59627,-23.01018,26.07902,5.74905,17.43949,15.97669,-7.64723,-20.98013,1.1723,17.12151,-7.08104,-0.6044,0.15013,-1.05501,1.21301,-1.21583,0.52256,0.79905,0.11809,0.18702,0.05935,-0.10572,-0.82664,-0.49393,-0.16157
105.92,-0.01744,0.20531,-0.02093,0.65812,0,-0.11927,0.54623,-0.36766,-1.40052,-0.26299,-0.0027,0.45234,-0.86928,-16.31594,16.45829,0.1796,-17.7513,17.45317,5.69445,14.7207,14.81372,-2.8902,-11.75179,1.50317,13.29836,-6.2679,-0.54847,0.12685,-1.24477,1.06367,-1.21053,0.5284,0.71186,0.32849,0.1484,-0.22193,-0.36608,-0.83883,-0.47285,-0.06583
105.94,-0.00111,0.20429,-0.00778,0.99471,0,-0.08203,0.526,-0.58061,-2.41018,-0.31396,0.01427,0.64854,-2.16771,-18.55163,14.1826,9.3934,-11.89684,8.14219,5.38108,11.74914,13.08526,1.25763,-2.57098,2.08828,8.8877,-5.09246,-0.47671,0.09393,-1.39125,0.8924,-1.15882,0.51283,0.60443,0.52552,0.10408,-0.52786,-0.60573,-0.81968,-0.43743,0.02463
105.96,0.0197,0.19603,0.00764,1.28459,0,-0.03926,0.50885,-0.76792,-3.29795,-0.43877,0.05116,0.89246,-3.19798,-20.18807,10.62652,17.45745,-5.94415,-1.13074,4.80549,8.86856,10.97589,4.53597,6.21455,2.89289,4.17244,-3.70806,-0.38753,0.05231,-1.47705,0.69705,-1.06547,0.47646,0.4789,0.69892,0.05434,-0.83071,-0.81197,-0.77542,-0.39075,0.1085
105.98,0.04322,0.18164,0.02381,1.51087,0,0.00778,0.50179,-0.92067,-4.02166,-0.67883,0.11722,1.18324,-3.80733,-21.04776,5.77521,23.8814,-0.36629,-9.68884,3.98734,6.36636,8.67648,6.80198,14.28487,3.8527,-0.5365,-2.27786,-0.27884,0.00345,-1.48614,0.47383,-0.93664,0.4205,0.33649,0.83973,-5e-05,-1.10469,-0.97444,-0.71307,-0.33639,0.18438
106,0.06749,0.16247,0.03914,1.66051,0,0.05755,0.5087,-1.03265,-4.5547,-1.05333,0.22103,1.5108,-3.89768,-21.06983,-0.18982,28.33851,4.44715,-16.98077,2.97073,4.44359,6.36233,8.03777,21.28608,4.8801,-4.93137,-0.94671,-0.14863,-0.05062,-1.40587,0.21859,-0.77965,0.34691,0.17797,0.94117,-0.05767,-1.32768,-1.08611,-0.63963,-0.27817,0.25079
106.02,0.0906,0.14001,0.05205,1.72532,0,0.10811,0.52948,-1.10073,-4.88777,-1.55409,0.36981,1.853,-3.44075,-20.29674,-6.89248,30.70543,8.22951,-22.63205,1.82164,3.20015,4.17744,8.34221,26.85425,5.87306,-8.73637,0.17884,0.00426,-0.10728,-1.22905,-0.0716,-0.6028,0.25841,0.00433,0.99928,-0.11636,-1.48247,-1.14397,-0.5615,-0.21985,0.3063
106.04,0.11085,0.11584,0.06117,1.70235,0,0.15713,0.56014,-1.1249,-5.02747,-2.14647,0.56833,2.17353,-2.47896,-18.84523,-13.80877,31.05696,10.85123,-26.46236,0.62094,2.63666,2.22637,7.90684,30.71299,6.72591,-11.73145,1.03917,0.17938,-0.16339,-0.95558,-0.39669,-0.41509,0.15853,-0.18237,1.01323,-0.17334,-1.55761,-1.14919,-0.48407,-0.1648,0.3497
106.06,0.12691,0.09146,0.06545,1.59393,0,0.20192,0.59374,-1.10781,-4.99251,-2.77587,0.81737,2.42618,-1.11393,-16.8769,-20.34951,29.63105,12.31109,-28.47248,-0.54578,2.67045,0.57325,6.98021,32.74549,7.34132,-13.7701,1.61946,0.37392,-0.21542,-0.5937,-0.75199,-0.22589,0.05174,-0.37822,0.98532,-0.22539,-1.54794,-1.10689,-0.41148,-0.11571,0.38041
106.08,0.13802,0.06825,0.06428,1.40724,0,0.23971,0.62185,-1.05425,-4.80874,-3.37766,1.11176,2.56959,0.51303,-14.57169,-25.95881,26.7798,12.71201,-28.81111,-1.59966,3.16048,-0.75402,5.82739,32.99925,7.64185,-14.79052,1.94034,0.58223,-0.25976,-0.1605,-1.12706,-0.04464,-0.0567,-0.57681,0.92076,-0.26923,-1.45476,-1.02547,-0.34652,-0.07433,0.39873
106.1,0.14403,0.0474,0.05757,1.15384,0,0.26784,0.63611,-0.97049,-4.50452,-3.88784,1.43786,2.58381,2.24302,-12.10632,-30.20268,22.91716,12.22952,-27.73234,-2.47844,3.93498,-1.75643,4.69256,31.65888,7.57943,-14.81858,2.04521,0.79566,-0.29299,0.31852,-1.50535,0.11962,-0.16082,-0.76913,0.82717,-0.3018,-1.28561,-0.91585,-0.29078,-0.0413,0.40605
106.12,0.14533,0.02981,0.04578,0.84898,0,0.28405,0.62963,-0.86359,-4.10729,-4.25228,1.77069,2.4749,3.91983,-9.63885,-32.82652,18.47078,11.07951,-25.55162,-3.1428,4.8171,-2.45544,3.77015,29.0112,7.14072,-13.96127,1.98794,1.00294,-0.31223,0.81101,-1.86504,0.25878,-0.25432,-0.94392,0.71387,-0.32066,-1.05359,-0.79029,-0.2447,-0.01619,0.40468
106.14,0.14278,0.01605,0.02985,0.51064,0,0.28673,0.59797,-0.74078,-3.64185,-4.43302,2.07335,2.26796,5.40605,-7.29888,-33.77162,13.84223,9.48939,-22.60539,-3.57823,5.64556,-2.88491,3.18789,25.4057,6.34771,-12.39049,1.82286,1.19108,-0.31546,1.28078,-2.1812,0.3662,-0.33107,-1.08879,0.59091,-0.32424,-0.77611,-0.66112,-0.20779,0.00231,0.39752
106.16,0.13744,0.00632,0.0111,0.15856,0,0.27516,0.53956,-0.60887,-3.13014,-4.41171,2.30467,1.99744,6.59415,-5.18281,-33.15439,9.37719,7.67476,-19.21758,-3.79283,6.28938,-3.08431,3.00136,21.21413,5.25383,-10.31974,1.59814,1.34675,-0.30185,1.69171,-2.42883,0.43743,-0.3858,-1.19172,0.46802,-0.31203,-0.47326,-0.5394,-0.17872,0.01607,0.38737
106.18,0.13035,0.00044,-0.00888,-0.18689,0,0.24968,0.45588,-0.47381,-2.59217,-4.19034,2.43341,1.69903,7.41299,-3.35326,-31.22187,5.34634,5.82263,-15.67504,-3.81247,6.65704,-3.09368,3.19835,16.79376,3.93693,-7.97825,1.35221,1.45786,-0.27193,2.012,-2.58636,0.47069,-0.41473,-1.24293,0.35355,-0.2847,-0.16596,-0.43369,-0.15562,0.02717,0.37633
106.2,0.12233,-0.0021,-0.02841,-0.50589,0,0.21174,0.35119,-0.3405,-2.04729,-3.78983,2.44717,1.40362,7.82991,-1.84158,-28.29819,1.93652,4.08113,-12.21216,-3.67475,6.70027,-2.95053,3.71031,12.45825,2.49033,-5.58692,1.11259,1.51508,-0.22775,2.21785,-2.63881,0.46719,-0.41613,-1.23642,0.25371,-0.24409,0.1257,-0.34922,-0.13622,0.03746,0.36531
106.22,0.11385,-0.00211,-0.04589,-0.78017,0,0.16385,0.23194,-0.21269,-1.51499,-3.24659,2.35072,1.13376,7.84877,-0.6525,-24.73328,-0.74869,2.55506,-9.00415,-3.42288,6.41281,-2.68842,4.42894,8.45817,1.01267,-3.33904,0.89652,1.51283,-0.17267,2.2959,-2.57972,0.431,-0.39062,-1.17104,0.17222,-0.19309,0.38384,-0.28769,-0.11817,0.0483,0.35382
106.24,0.10504,-0.00056,-0.05993,-0.9942,0,0.10933,0.10605,-0.09312,-1.01483,-2.60756,2.15996,0.90251,7.50429,0.23014,-20.8606,-2.68066,1.30638,-6.16722,-3.10014,5.82454,-2.33709,5.22575,4.97132,-0.40274,-1.38727,0.71263,1.44976,-0.11103,2.24388,-2.41161,0.3684,-0.34101,-1.05064,0.11028,-0.1353,0.5939,-0.24755,-0.09937,0.06036,0.34026
106.26,0.09568,0.00158,-0.06953,-1.13619,0,0.05196,-0.01811,0.01624,-0.56534,-1.92409,1.89648,0.71419,6.85416,0.83733,-16.96692,-3.89226,0.35824,-3.76396,-2.74536,4.99263,-1.92353,5.97262,2.10153,-1.67816,0.16334,0.56311,1.32866,-0.0476,2.0699,-2.14516,0.28691,-0.27193,-0.8836,0.06705,-0.0747,0.74528,-0.22485,-0.07825,0.0735,0.32236
106.28,0.08544,0.00347,-0.07418,-1.1991,0,-0.00447,-0.13269,0.11397,-0.1825,-1.24599,1.58378,0.56649,5.97029,1.20915,-13.27457,-4.46195,-0.29862,-1.812,-2.38988,3.99126,-1.47347,6.56057,-0.11588,-2.75965,1.25713,0.44603,1.15599,0.01304,1.79068,-1.79746,0.19425,-0.18926,-0.68183,0.04015,-0.01512,0.83186,-0.21427,-0.05408,0.08687,0.29795
106.3,0.07393,0.00455,-0.07388,-1.18134,0,-0.05653,-0.23115,0.19895,0.12188,-0.61647,1.24484,0.45301,4.93058,1.38981,-9.93518,-4.49777,-0.69805,-0.29425,-2.05583,2.90176,-1.01265,6.91387,-1.70374,-3.62153,1.88513,0.35736,0.94126,0.06705,1.42935,-1.39002,0.09734,-0.09945,-0.45947,0.02639,0.04005,0.85211,-0.2102,-0.02714,0.09901,0.26558
106.32,0.06089,0.00455,-0.06916,-1.08701,0,-0.10146,-0.30887,0.27027,0.34131,-0.06865,0.90059,0.36578,3.81195,1.42354,-7.03245,-4.12272,-0.89013,0.83048,-1.7559,1.80401,-0.56717,6.99717,-2.72938,-4.26582,2.07885,0.29253,0.69622,0.11165,1.01292,-0.94665,0.00175,-0.00896,-0.2315,0.02223,0.08821,0.80904,-0.20752,0.0013,0.10812,0.22497
106.34,0.04627,0.00353,-0.06097,-0.92553,0,-0.13737,-0.36339,0.32723,0.47518,0.37603,0.56901,0.2971,2.68472,1.3517,-4.59186,-3.4623,-0.9327,1.61774,-1.49428,0.76947,-0.16271,6.81462,-3.28904,-4.71646,1.90121,0.24728,0.43395,0.14532,0.56987,-0.49156,-0.08845,0.07629,-0.01234,0.02421,0.1276,0.70974,-0.20203,0.02916,0.11236,0.17718
106.36,0.03029,0.00178,-0.05046,-0.71089,0,-0.16325,-0.3944,0.36948,0.52856,0.7078,0.26458,0.24086,1.60848,1.21069,-2.59429,-2.63473,-0.88346,2.12903,-1.26847,-0.14384,0.17741,6.40254,-3.49209,-5.00977,1.43593,0.21807,0.16791,0.16768,0.12779,-0.04757,-0.17052,0.15132,0.18545,0.02911,0.15737,0.56475,-0.19061,0.05395,0.11017,0.1244
106.38,0.0134,-0.0003,-0.03885,-0.46041,0,-0.17902,-0.40353,0.39716,0.51165,0.92741,-0.00201,0.19314,0.62956,1.03094,-0.99142,-1.7438,-0.79326,2.42523,-1.07164,-0.89463,0.43455,5.81824,-3.44673,-5.1838,0.77666,0.202,-0.08895,0.17933,-0.28859,0.36516,-0.24257,0.2124,0.35228,0.03405,0.17741,0.38725,-0.17112,0.07316,0.10063,0.06964
106.4,-0.0037,-0.00227,-0.02721,-0.19343,0,-0.18536,-0.39394,0.41111,0.43867,1.0441,-0.22392,0.1522,-0.22003,0.83651,0.27961,-0.87456,-0.70128,2.56196,-0.89498,-1.45964,0.59699,5.12793,-3.24877,-5.26936,0.01711,0.19668,-0.32497,0.18159,-0.65881,0.73013,-0.30306,0.25713,0.48213,0.03652,0.18826,0.19219,-0.14226,0.08473,0.08368,0.01623
106.42,-0.02018,-0.00377,-0.01639,0.07022,0,-0.18357,-0.36989,0.41283,0.32655,1.07322,-0.39785,0.11814,-0.9222,0.64525,1.28396,-0.09132,-0.63247,2.58674,-0.7297,-1.83319,0.66127,4.39575,-2.97438,-5.28485,-0.75694,0.20004,-0.53034,0.17619,-0.96748,1.03493,-0.35045,0.28455,0.57271,0.03443,0.19093,-0.00482,-0.10342,0.08731,0.06022,-0.03264
106.44,-0.0352,-0.00455,-0.0069,0.31177,0,-0.17531,-0.33614,0.40439,0.19338,1.0336,-0.52361,0.09211,-1.47127,0.46943,2.08031,0.56228,-0.5974,2.53788,-0.56854,-2.02494,0.63245,3.67531,-2.67721,-5.23578,-1.47357,0.21032,-0.69746,0.16505,-1.20445,1.27127,-0.38297,0.29488,0.62505,0.02616,0.18668,-0.18855,-0.05467,0.08048,0.032,-0.0743
106.46,-0.04795,-0.00454,0.00097,0.51509,0,-0.16237,-0.29743,0.38812,0.05674,0.94505,-0.60354,0.07543,-1.8717,0.31651,2.7158,1.06168,-0.59411,2.44465,-0.40659,-2.05656,0.52325,3.00423,-2.38925,-5.11844,-2.07846,0.22611,-0.8212,0.15005,-1.3645,1.43481,-0.39864,0.28934,0.64262,0.01071,0.1769,-0.34544,0.0032,0.06475,0.00138,-0.10699
106.48,-0.05786,-0.00377,0.0072,0.66808,0,-0.14644,-0.25791,0.36633,-0.06791,0.82623,-0.64184,0.0687,-2.13554,0.19007,3.22393,1.39899,-0.6113,2.32836,-0.24165,-1.95789,0.35244,2.40176,-2.12436,-4.92607,-2.53681,0.24655,-0.89902,0.13288,-1.44682,1.52478,-0.39546,0.26986,0.63042,-0.0122,0.16296,-0.46469,0.06855,0.04151,-0.02896,-0.12999
106.5,-0.06463,-0.00239,0.0119,0.76359,0,-0.12891,-0.22085,0.34102,-0.16842,0.69306,-0.64406,0.0712,-2.27988,0.09072,3.6249,1.57998,-0.63208,2.20381,-0.07421,-1.76305,0.14273,1.86953,-1.88313,-4.65531,-2.83326,0.2714,-0.93098,0.11497,-1.45438,1.54364,-0.3718,0.23878,0.594,-0.04204,0.1461,-0.53914,0.1389,0.01279,-0.05642,-0.14371
106.52,-0.0683,-0.00063,0.01524,0.79987,0,-0.11084,-0.18834,0.31373,-0.23685,0.55781,-0.61647,0.08072,-2.32439,0.01695,3.9275,1.62075,-0.63761,2.08063,0.09293,-1.50692,-0.08148,1.3949,-1.65814,-4.31067,-2.97004,0.30097,-0.91958,0.09741,-1.3933,1.49667,-0.32671,0.19864,0.5388,-0.07746,0.12742,-0.56578,0.21095,-0.0189,-0.07878,-0.14958
106.54,-0.06919,0.00126,0.01742,0.78018,0,-0.09288,-0.16134,0.28545,-0.2697,0.42885,-0.5656,0.09384,-2.28926,-0.03409,4.13196,1.54437,-0.61042,1.96435,0.25526,-1.22206,-0.29644,0.95647,-1.43864,-3.90615,-2.96336,0.33589,-0.86948,0.08101,-1.27216,1.39151,-0.26027,0.15198,0.46977,-0.11645,0.10784,-0.54571,0.28086,-0.05084,-0.09444,-0.14968
106.56,-0.06787,0.00302,0.01864,0.71198,0,-0.07542,-0.1398,0.25669,-0.26779,0.31101,-0.49785,0.10665,-2.19346,-0.06603,4.23348,1.3775,-0.53699,1.857,0.4073,-0.93634,-0.48128,0.53081,-1.21445,-3.46378,-2.83882,0.37668,-0.78705,0.0663,-1.10145,1.2377,-0.17395,0.10125,0.39128,-0.15655,0.08811,-0.48376,0.34454,-0.08039,-0.1026,-0.1464
106.58,-0.06503,0.00443,0.01904,0.60575,0,-0.05864,-0.12286,0.22765,-0.23567,0.20621,-0.41918,0.11552,-2.05358,-0.08273,4.22582,1.1475,-0.4097,1.75765,0.54339,-0.67127,-0.6198,0.09912,-0.97878,-3.01042,-2.62657,0.42331,-0.67988,0.05361,-0.89306,1.04631,-0.07071,0.04869,0.30722,-0.19511,0.06886,-0.38779,0.39818,-0.10525,-0.10329,-0.14193
106.6,-0.06141,0.00534,0.01872,0.47368,0,-0.04265,-0.1092,0.19834,-0.18085,0.11437,-0.33492,0.11794,-1.88321,-0.08798,4.10456,0.8802,-0.22794,1.6629,0.6584,-0.4412,-0.70181,-0.34743,-0.72998,-2.57368,-2.3571,0.4748,-0.55629,0.04309,-0.65987,0.82947,0.04484,-0.00362,0.22121,-0.22965,0.0506,-0.26778,0.43863,-0.12364,-0.09738,-0.13797
106.62,-0.05772,0.00565,0.01777,0.32847,0,-0.02758,-0.09727,0.16877,-0.11271,0.0342,-0.24966,0.11289,-1.69279,-0.08527,3.86953,0.59834,0.00169,1.56744,0.74825,-0.2534,-0.72358,-0.80494,-0.4721,-2.17814,-2.05809,0.52897,-0.42485,0.03475,-0.41523,0.59991,0.16659,-0.05376,0.13674,-0.25805,0.03378,-0.13487,0.46371,-0.13443,-0.08643,-0.13546
106.64,-0.05455,0.00534,0.01626,0.18225,0,-0.01361,-0.08553,0.13901,-0.04135,-0.036,-0.16725,0.10094,-1.48994,-0.07761,3.52601,0.3207,0.26606,1.46487,0.81015,-0.109,-0.68747,-1.25698,-0.21428,-1.84228,-1.75251,0.58241,-0.29382,0.02851,-0.17247,0.3703,0.28727,-0.09994,0.05725,-0.27874,0.01877,-0.0003,0.47238,-0.13715,-0.07241,-0.13458
106.66,-0.05239,0.00444,0.01423,0.04564,0,-0.00099,-0.07269,0.10927,0.0237,-0.09786,-0.09077,0.08389,-1.28004,-0.06749,3.08506,0.06181,0.54696,1.34869,0.84268,-0.00446,-0.60092,-1.6776,0.03083,-1.5765,-1.4579,0.63072,-0.17069,0.02415,0.05584,0.15253,0.39897,-0.14041,-0.01404,-0.29081,0.00588,0.12565,0.46471,-0.13201,-0.05742,-0.1349
106.68,-0.05159,0.00303,0.01175,-0.07293,0,0.01002,-0.05778,0.07986,0.07461,-0.15259,-0.02256,0.06422,-1.06695,-0.05688,2.563,-0.16789,0.82311,1.21334,0.84583,0.06667,-0.47495,-2.03604,0.24902,-1.38223,-1.18652,0.66887,-0.06167,0.02135,0.25854,-0.04311,0.49378,-0.17349,-0.07427,-0.29405,-0.00468,0.23453,0.44186,-0.1197,-0.04338,-0.13558
106.7,-0.05239,0.00122,0.00889,-0.16766,0,0.01921,-0.04028,0.05119,0.10614,-0.20073,0.03566,0.04449,-0.85383,-0.04722,1.98061,-0.36169,1.07231,1.05522,0.8208,0.1121,-0.32267,-2.30205,0.42667,-1.25235,-0.94593,0.69175,0.02863,0.01964,0.42647,-0.20849,0.5645,-0.19758,-0.12119,-0.28894,-0.01282,0.32039,0.40587,-0.10137,-0.03168,-0.13568
106.72,-0.05488,-0.00088,0.00575,-0.23548,0,0.02641,-0.02014,0.02374,0.11615,-0.24218,0.08277,0.0268,-0.64372,-0.03952,1.36172,-0.51604,1.27362,0.87345,0.76998,0.13945,-0.15773,-2.45078,0.55253,-1.17271,-0.73985,0.69479,0.09737,0.01847,0.55297,-0.33807,0.60524,-0.21128,-0.15337,-0.27657,-0.01858,0.38009,0.3595,-0.07846,-0.02312,-0.13432
106.74,-0.05902,-0.00315,0.00244,-0.27591,0,0.03158,0.00223,-0.00199,0.10557,-0.27627,0.11818,0.01253,-0.4399,-0.03433,0.73162,-0.62995,1.40932,0.67017,0.69665,0.15534,0.00686,-2.46643,0.61907,-1.12459,-0.56874,0.67451,0.14348,0.01725,0.63411,-0.42905,0.61196,-0.21351,-0.17029,-0.25848,-0.02211,0.41315,0.30598,-0.05259,-0.01776,-0.13087
106.76,-0.06464,-0.00546,-0.00089,-0.2907,0,0.03476,0.02603,-0.02546,0.07805,-0.3019,0.14175,0.00216,-0.24587,-0.03188,0.11502,-0.70451,1.46671,0.45056,0.60484,0.16502,0.15984,-2.34464,0.62329,-1.0878,-0.43039,0.62908,0.16756,0.0154,0.66873,-0.48123,0.58286,-0.20373,-0.17243,-0.23648,-0.02367,0.42137,0.24877,-0.02547,-0.01508,-0.12497
106.78,-0.0714,-0.00772,-0.00411,-0.28334,0,0.03613,0.05013,-0.04617,0.03925,-0.31788,0.1538,-0.00467,-0.06524,-0.03203,-0.46599,-0.74246,1.43935,0.22245,0.49908,0.17227,0.29238,-2.09356,0.56716,-1.0439,-0.32035,0.55878,0.17159,0.01247,0.65847,-0.4968,0.51859,-0.18208,-0.16125,-0.21248,-0.02361,0.40821,0.19126,0.00126,-0.01411,-0.1165
106.8,-0.07883,-0.00985,-0.00709,-0.25854,0,0.03592,0.07323,-0.06367,-0.00401,-0.32314,0.15508,-0.00897,0.09861,-0.03434,-0.99373,-0.74784,1.32779,-0.00423,0.38413,0.17953,0.39854,-1.73346,0.45759,-0.97883,-0.23267,0.46623,0.1587,0.00817,0.60754,-0.47995,0.42238,-0.14956,-0.13904,-0.18823,-0.0223,0.37818,0.13661,0.02603,-0.01363,-0.10559
106.82,-0.08631,-0.01175,-0.00971,-0.22169,0,0.03444,0.09396,-0.07754,-0.04464,-0.31698,0.14677,-0.01218,0.24286,-0.03808,-1.45645,-0.7258,1.13935,-0.21817,0.26472,0.18815,0.47539,-1.29498,0.30601,-0.88459,-0.16072,0.3564,0.13276,0.00243,0.52238,-0.4364,0.2998,-0.10803,-0.10878,-0.16525,-0.02016,0.33626,0.08751,0.04747,-0.01243,-0.09255
106.84,-0.09316,-0.01337,-0.01187,-0.17829,0,0.03202,0.11102,-0.08751,-0.07619,-0.29927,0.13049,-0.01588,0.36558,-0.04221,-1.84935,-0.6823,0.88698,-0.40768,0.14512,0.19859,0.52276,-0.81569,0.12754,-0.75964,-0.0985,0.2362,0.09811,-0.00458,0.41121,-0.37287,0.15833,-0.0601,-0.07381,-0.14463,-0.01758,0.28738,0.046,0.06443,-0.00955,-0.07778
106.86,-0.09866,-0.01465,-0.01349,-0.13355,0,0.02899,0.12333,-0.0934,-0.09362,-0.27057,0.10827,-0.02147,0.46606,-0.0454,-2.17518,-0.62394,0.58746,-0.56165,0.02882,0.21057,0.54283,-0.3358,-0.06009,-0.60809,-0.04199,0.11384,0.05913,-0.0125,0.28331,-0.29647,0.00668,-0.00889,-0.03751,-0.12702,-0.0149,0.23606,0.01337,0.07601,-0.00441,-0.06179
106.88,-0.10213,-0.01552,-0.01454,-0.09197,0,0.02565,0.13019,-0.09522,-0.09398,-0.23216,0.08249,-0.02992,0.545,-0.04602,-2.44431,-0.55766,0.25928,-0.67065,-0.08197,0.2231,0.53959,0.10669,-0.23771,-0.43831,0.00946,-0.00198,0.01994,-0.02083,0.14839,-0.21421,-0.146,0.0423,-0.00296,-0.11254,-0.01239,0.18617,-0.00994,0.08163,0.00299,-0.04513
106.9,-0.10299,-0.01592,-0.01503,-0.05705,0,0.02223,0.13131,-0.09321,-0.07669,-0.18604,0.05584,-0.0416,0.60462,-0.04217,-2.67415,-0.4905,-0.07919,-0.7278,-0.18651,0.23444,0.51832,0.48027,-0.38581,-0.2611,0.05224,-0.10296,-0.01587,-0.02897,0.01596,-0.13251,-0.29087,0.09024,0.02735,-0.1008,-0.01024,0.14076,-0.02445,0.08106,0.0121,-0.02834
106.92,-0.10088,-0.01579,-0.015,-0.03119,0,0.01892,0.12694,-0.08781,-0.04359,-0.1348,0.03116,-0.05617,0.64843,-0.03172,-2.88766,-0.42912,-0.41096,-0.72933,-0.28562,0.24187,0.48502,0.76326,-0.48538,-0.08799,0.07823,-0.1819,-0.04539,-0.0363,-0.10525,-0.05697,-0.41998,0.13209,0.05164,-0.09099,-0.00852,0.10203,-0.03155,0.07441,0.02183,-0.01192
106.94,-0.09561,-0.01507,-0.01455,-0.01568,0,0.01582,0.11779,-0.07975,0.00147,-0.08142,0.01122,-0.07258,0.68086,-0.01239,-3.11095,-0.37937,-0.72108,-0.67489,-0.38158,0.24149,0.44603,0.9457,-0.51852,0.07023,0.07535,-0.23337,-0.06651,-0.04225,-0.20771,0.00784,-0.52675,0.16557,0.06887,-0.08194,-0.00726,0.07129,-0.03346,0.06217,0.03079,0.00374
106.96,-0.08728,-0.01371,-0.01381,-0.01078,0,0.01301,0.10496,-0.06997,0.05328,-0.02899,-0.00149,-0.08924,0.70663,0.01809,-3.37007,-0.34558,-0.9966,-0.56758,-0.47777,0.22789,0.40764,1.03001,-0.46886,0.20463,0.02889,-0.25411,-0.07791,-0.04636,-0.28547,0.05841,-0.60625,0.1891,0.07866,-0.07223,-0.00641,0.04904,-0.03301,0.0452,0.03755,0.01843
106.98,-0.07621,-0.01168,-0.01294,-0.0159,0,0.01054,0.08987,-0.0596,0.10616,0.01955,-0.00504,-0.10417,0.73013,0.06178,-3.68757,-0.32992,-1.2262,-0.41388,-0.57824,0.19398,0.37578,1.03039,-0.32186,0.30894,-0.07664,-0.24334,-0.07904,-0.04827,-0.33443,0.0923,-0.65537,0.20184,0.08111,-0.06044,-0.00588,0.03499,-0.03347,0.02471,0.04095,0.03217
107,-0.06299,-0.00896,-0.01214,-0.02979,0,0.00842,0.07413,-0.04993,0.15468,0.06163,0.00176,-0.11519,0.75489,0.12028,-4.07912,-0.33185,-1.39973,-0.22367,-0.68728,0.13104,0.3559,0.97114,-0.06518,0.37981,-0.25556,-0.20278,-0.07009,-0.0478,-0.35256,0.10816,-0.67287,0.20375,0.0767,-0.04518,-0.00556,0.02817,-0.03829,0.00222,0.04036,0.04531
107.02,-0.04844,-0.00555,-0.0116,-0.05072,0,0.00663,0.05946,-0.0423,0.19438,0.09508,0.01925,-0.12017,0.78317,0.19435,-4.5505,-0.34772,-1.50767,-0.01038,-0.80888,0.02899,0.35286,0.88406,0.31099,0.41677,-0.51908,-0.1365,-0.05196,-0.04492,-0.3399,0.10567,-0.65934,0.19546,0.06617,-0.02533,-0.00533,0.02705,-0.05082,-0.0205,0.03581,0.05848
107.04,-0.03351,-0.0015,-0.01155,-0.07669,0,0.00513,0.04759,-0.03797,0.22215,0.11815,0.04697,-0.11709,0.81584,0.28348,-5.09517,-0.37052,-1.54078,0.20884,-0.94627,-0.12297,0.3709,0.80489,0.81352,0.42164,-0.87373,-0.05045,-0.0262,-0.0397,-0.2985,0.08566,-0.61696,0.17825,0.05053,-0.00011,-0.00505,0.0296,-0.07402,-0.04147,0.02806,0.07262
107.06,-0.0193,0.00313,-0.01217,-0.10555,0,0.00382,0.04019,-0.03802,0.23645,0.1293,0.08374,-0.10425,0.85227,0.38541,-5.69273,-0.38998,-1.48992,0.41285,-1.10141,-0.33549,0.41367,0.76926,1.44582,0.39774,-1.32001,0.04821,0.00506,-0.03228,-0.23223,0.05004,-0.5492,0.15377,0.03104,0.03081,-0.00455,0.03355,-0.11021,-0.05866,0.01845,0.08884
107.08,-0.00686,0.00826,-0.01361,-0.13521,0,0.0025,0.03879,-0.04316,0.23732,0.12718,0.12788,-0.08031,0.89047,0.49562,-6.30836,-0.39266,-1.34601,0.57639,-1.27456,-0.6181,0.48435,0.80855,2.20731,0.34884,-1.85154,0.15181,0.03913,-0.02281,-0.14641,0.00186,-0.46047,0.12394,0.00926,0.06724,-0.00363,0.03651,-0.16078,-0.07005,0.00875,0.10837
107.1,0.00279,0.01375,-0.01597,-0.16376,0,0.00088,0.0447,-0.05369,0.22631,0.11049,0.17738,-0.04442,0.9271,0.60678,-6.89334,-0.36231,-1.09996,0.67015,-1.46366,-0.97837,0.58581,0.94637,3.09277,0.27804,-2.45445,0.25287,0.07298,-0.01135,-0.04742,-0.05481,-0.35572,0.09067,-0.01294,0.10846,-0.002,0.03623,-0.22602,-0.07376,0.00096,0.13235
107.12,0.00882,0.01948,-0.01929,-0.18962,0,-0.00143,0.05889,-0.06937,0.2063,0.07819,0.23013,0.00379,0.95737,0.70834,-7.38681,-0.28024,-0.74245,0.6613,-1.66382,-1.42123,0.72083,1.1961,4.09167,0.18678,-3.1073,0.34469,0.10338,0.00208,0.05785,-0.11517,-0.23998,0.05574,-0.03351,0.1532,0.00066,0.03091,-0.30496,-0.06815,-0.00296,0.16168
107.14,0.0106,0.0253,-0.02355,-0.2117,0,-0.0049,0.08186,-0.08948,0.18121,0.02971,0.28403,0.0641,0.97486,0.78618,-7.71873,-0.12583,-0.26363,0.51461,-1.86661,-1.94873,0.89237,1.55969,5.18769,0.0738,-3.78151,0.42176,0.12722,0.01761,0.1626,-0.17405,-0.11786,0.02052,-0.05041,0.19969,0.00476,0.01948,-0.39537,-0.05186,-0.00122,0.19686
107.16,0.00779,0.03106,-0.02864,-0.22948,0,-0.01001,0.11358,-0.11283,0.15569,-0.03467,0.33715,0.13572,0.97125,0.82252,-7.81441,0.12282,0.34714,0.19424,-2.05973,-2.56003,1.10381,2.02781,6.35849,-0.06571,-4.44246,0.48005,0.14181,0.03541,0.26081,-0.22658,0.00693,-0.01414,-0.06188,0.24577,0.01071,0.00189,-0.49386,-0.02388,0.00757,0.23775
107.18,0.00038,0.03662,-0.0344,-0.24304,0,-0.01723,0.15333,-0.1379,0.13466,-0.11346,0.38785,0.21727,0.93621,0.7961,-7.60034,0.4881,1.10109,-0.33362,-2.22695,-3.25176,1.35914,2.58109,7.57592,-0.24084,-5.05152,0.51725,0.14526,0.05572,0.34778,-0.26868,0.132,-0.04804,-0.06676,0.28898,0.01891,-0.02076,-0.59603,0.01641,0.02434,0.28347
107.2,-0.01133,0.04183,-0.04062,-0.25299,0,-0.02693,0.19978,-0.16297,0.12283,-0.20376,0.43489,0.30678,0.8577,0.68287,-7.01123,0.99183,2.00896,-1.09749,-2.34879,-4.01833,1.66294,3.1923,8.8067,-0.46545,-5.56871,0.53293,0.13666,0.07873,0.42052,-0.29761,0.25647,-0.08166,-0.06473,0.32679,0.02969,-0.04621,-0.69675,0.06915,0.0494,0.3323
107.22,-0.02673,0.0466,-0.04701,-0.26019,0,-0.03929,0.25104,-0.18628,0.1241,-0.30136,0.47753,0.40172,0.72269,0.45701,-5.99746,1.65403,3.07865,-2.11654,-2.40402,-4.85211,2.02008,3.82924,10.01334,-0.75834,-5.95617,0.52867,0.11624,0.10452,0.47774,-0.31223,0.38094,-0.11607,-0.0564,0.35668,0.0432,-0.07142,-0.79043,0.13388,0.08244,0.38175
107.24,-0.045,0.05082,-0.05326,-0.26535,0,-0.05428,0.30486,-0.20618,0.14089,-0.40114,0.51562,0.49896,0.51847,0.09268,-4.53251,2.49128,4.31192,-3.39625,-2.37193,-5.74343,2.43503,4.45815,11.15543,-1.14272,-6.18197,0.50809,0.08524,0.1329,0.51944,-0.31304,0.5071,-0.1527,-0.04326,0.37637,0.0594,-0.09311,-0.87138,0.20949,0.12246,0.42865
107.26,-0.06516,0.05441,-0.059,-0.26854,0,-0.07154,0.35898,-0.2213,0.17349,-0.49776,0.54963,0.59492,0.2344,-0.4338,-2.61971,3.51482,5.70035,-4.9237,-2.23532,-6.68029,2.91084,5.04741,12.1913,-1.64478,-6.22422,0.47677,0.04566,0.16335,0.54635,-0.30187,0.63708,-0.19303,-0.0275,0.38395,0.07789,-0.10854,-0.93414,0.29404,0.1678,0.46941
107.28,-0.08619,0.05731,-0.06384,-0.26881,0,-0.0904,0.41137,-0.23067,0.21956,-0.58641,0.58064,0.68558,-0.13592,-1.14113,-0.29773,4.7282,7.22144,-6.66311,-1.98369,-7.64791,3.44778,5.57112,13.07985,-2.29084,-6.07475,0.4419,-1e-05,0.19488,0.55919,-0.28157,0.7727,-0.23824,-0.01166,0.3781,0.09792,-0.11629,-0.97389,0.38472,0.21623,0.50034
107.3,-0.10715,0.05944,-0.06741,-0.2639,0,-0.10988,0.46052,-0.23387,0.27394,-0.66346,0.61026,0.76655,-0.59253,-2.03989,2.35638,6.12436,8.8357,-8.55215,-1.61619,-8.6278,4.04176,6.01185,13.78227,-3.10253,-5.74145,0.41163,-0.04915,0.22604,0.55814,-0.25549,0.91462,-0.28882,0.00165,0.35813,0.11835,-0.11678,-0.98677,0.47778,0.265,0.51797
107.32,-0.12718,0.06072,-0.06932,-0.2504,0,-0.12866,0.50551,-0.23104,0.3289,-0.72684,0.64025,0.83322,-1.12716,-3.12916,5.22794,7.68232,10.48528,-10.4995,-1.14346,-9.59622,4.68244,6.3618,14.26273,-4.09007,-5.24839,0.39401,-0.09922,0.25491,0.5426,-0.227,1.06148,-0.34429,0.01013,0.32412,0.13771,-0.11233,-0.97015,0.56853,0.31096,0.51933
107.34,-0.14558,0.06105,-0.06927,-0.22424,0,-0.14526,0.54589,-0.22286,0.37494,-0.77597,0.67215,0.88072,-1.72195,-4.39333,8.17023,9.36379,12.09491,-12.3847,-0.58814,-10.52199,5.35137,6.62204,14.48802,-5.24391,-4.63302,0.3955,-0.14793,0.27924,0.51128,-0.19907,1.2093,-0.40299,0.01201,0.2769,0.15427,-0.10677,-0.92271,0.65147,0.35076,0.5022
107.36,-0.16176,0.06028,-0.06701,-0.18144,0,-0.15807,0.58153,-0.21045,0.40201,-0.81144,0.70667,0.90409,-2.34887,-5.79944,11.01459,11.11034,13.57529,-14.06119,0.01615,-11.36409,6.0206,6.7997,14.42688,-6.52654,-3.94104,0.41931,-0.1933,0.29666,0.46263,-0.17389,1.351,-0.46197,0.00629,0.2179,0.16626,-0.1046,-0.84448,0.72053,0.38097,0.46523
107.38,-0.17524,0.05825,-0.06244,-0.11907,0,-0.16557,0.61224,-0.19523,0.40096,-0.83443,0.74313,0.8985,-2.97021,-7.29558,13.58405,12.84221,14.82865,-15.36322,0.62713,-12.06958,6.6523,6.90342,14.04993,-7.86671,-3.22008,0.46406,-0.23366,0.30488,0.39554,-0.15264,1.47644,-0.51711,-0.00715,0.14916,0.17203,-0.10998,-0.73683,0.76938,0.3984,0.40812
107.4,-0.18563,0.05471,-0.05557,-0.03608,0,-0.16647,0.63762,-0.17871,0.36506,-0.84616,0.77909,0.85958,-3.54026,-8.81087,15.7085,14.45941,15.75585,-16.11715,1.19738,-12.57231,7.20009,6.93723,13.33099,-9.1589,-2.51327,0.52303,-0.26758,0.30198,0.30995,-0.13542,1.57292,-0.5633,-0.0275,0.07314,0.1703,-0.12572,-0.60251,0.79196,0.40031,0.33172
107.42,-0.19261,0.04945,-0.04659,0.06599,0,-0.15988,0.65677,-0.16229,0.29124,-0.84742,0.81015,0.7839,-4.00827,-10.25746,17.23982,15.84586,16.26396,-16.15687,1.6788,-12.79241,7.61216,6.89303,12.24979,-10.26998,-1.85359,0.58467,-0.29383,0.28668,0.20745,-0.12141,1.62629,-0.59489,-0.05312,-0.0073,0.16028,-0.15264,-0.44571,0.78303,0.3847,0.23814
107.44,-0.19593,0.04225,-0.03579,0.18281,0,-0.14542,0.66832,-0.14704,0.18092,-0.83823,0.83009,0.66956,-4.32282,-11.53491,18.06569,16.87669,16.27346,-15.34255,2.02793,-12.63738,7.83635,6.74247,10.79573,-11.05374,-1.25958,0.63416,-0.3113,0.25848,0.09152,-0.10921,1.62258,-0.60623,-0.08168,-0.08894,0.14184,-0.18921,-0.27205,0.73874,0.35052,0.13078
107.46,-0.19539,0.03297,-0.02355,0.30738,0,-0.12334,0.67039,-0.13346,0.04039,-0.8177,0.83131,0.51674,-4.4373,-12.537,18.12145,17.42886,15.72476,-13.58106,2.21155,-12.00534,7.8266,6.43012,8.97247,-11.37163,-0.73276,0.65603,-0.31892,0.21782,-0.03249,-0.09729,1.55005,-0.59237,-0.11046,-0.16833,0.11553,-0.23172,-0.0886,0.6573,0.29791,0.01427
107.48,-0.19093,0.02156,-0.01033,0.43049,0,-0.09453,0.66087,-0.12134,-0.1194,-0.78407,0.80558,0.32827,-4.31584,-13.16052,17.399,17.39391,14.58329,-10.84478,2.21189,-10.79169,7.54989,5.87053,6.80272,-11.11579,-0.25712,0.63715,-0.31575,0.1661,-0.15764,-0.08449,1.4013,-0.54973,-0.13663,-0.24181,0.08258,-0.27472,0.09624,0.53945,0.22832,-0.10567
107.5,-0.18258,0.00814,0.00343,0.54153,0,-0.06055,0.6376,-0.10971,-0.2836,-0.73504,0.74493,0.10989,-3.93886,-13.31499,15.95058,16.69136,12.84189,-7.18424,2.03027,-8.89959,6.99206,4.95213,4.33203,-10.22919,0.19902,0.56937,-0.30098,0.10569,-0.27586,-0.07038,1.17501,-0.4768,-0.1576,-0.30568,0.04484,-0.31171,0.27299,0.38894,0.14458,-0.22248
107.52,-0.17058,-0.00703,0.01729,0.62949,0,-0.02348,0.59878,-0.09697,-0.43491,-0.66813,0.64272,-0.1298,-3.30707,-12.93198,13.88508,15.28023,10.51879,-2.73015,1.68822,-6.25416,6.16082,3.54994,1.62991,-8.71821,0.67846,0.45129,-0.27408,0.03976,-0.37869,-0.05549,0.87686,-0.3745,-0.1713,-0.35632,0.00459,-0.33602,0.43152,0.2126,0.05089,-0.32917
107.54,-0.15533,-0.02351,0.03089,0.6842,0,0.01425,0.54324,-0.0811,-0.55562,-0.58121,0.49464,-0.37988,-2.44337,-11.97296,11.35605,13.16705,7.65096,2.31744,1.22561,-2.81941,5.08535,1.547,-1.21254,-6.65481,1.22814,0.28866,-0.23498,-0.028,-0.45808,-0.04117,0.51941,-0.24632,-0.17637,-0.39049,-0.03564,-0.34164,0.56173,0.02004,-0.04749,-0.41887
107.56,-0.13742,-0.04076,0.04388,0.69761,0,0.05014,0.47076,-0.06008,-0.63008,-0.47299,0.29969,-0.62808,-1.39247,-10.43548,8.54321,10.40998,4.28433,7.71092,0.69618,1.38378,3.81261,-1.13781,-4.08853,-4.16923,1.89071,0.09369,-0.18423,-0.09369,-0.50732,-0.02937,0.12103,-0.09812,-0.17231,-0.40553,-0.07338,-0.32417,0.65445,-0.177,-0.14456,-0.48554
107.58,-0.11762,-0.05817,0.05598,0.66497,0,0.08187,0.3823,-0.03227,-0.64707,-0.34357,0.06088,-0.86195,-0.21857,-8.35703,5.63162,7.11866,0.46452,13.18273,0.16148,6.26116,2.40156,-4.52055,-6.88374,-1.4357,2.69593,-0.11662,-0.12318,-0.15366,-0.52191,-0.02218,-0.29594,0.06224,-0.15959,-0.39977,-0.10651,-0.28151,0.70236,-0.36553,-0.23405,-0.52468
107.6,-0.09686,-0.07511,0.06698,0.58577,0,0.10762,0.28015,0.0032,-0.60172,-0.19478,-0.21436,-1.06996,0.99887,-5.8157,2.79242,3.44916,-3.76862,18.47274,-0.31573,11.63394,0.91662,-8.52806,-9.48536,1.34552,3.65369,-0.32248,-0.05405,-0.20483,-0.50021,-0.02143,-0.70715,0.22555,-0.13957,-0.37271,-0.13349,-0.2143,0.70094,-0.53235,-0.30996,-0.53399
107.62,-0.07617,-0.09095,0.0767,0.4641,0,0.12618,0.16794,0.04613,-0.49639,-0.0304,-0.51436,-1.24247,2.1711,-2.92608,0.16842,-0.40729,-8.38005,23.35051,-0.67783,17.23672,-0.57902,-12.9847,-11.79062,3.96767,4.75006,-0.50353,0.02004,-0.24496,-0.44378,-0.02833,-1.08842,0.38191,-0.11442,-0.32527,-0.15347,-0.12596,0.649,-0.6652,-0.36703,-0.51367
107.64,-0.05668,-0.10517,0.08501,0.30838,0,0.13705,0.0504,0.09523,-0.34034,0.14406,-0.82403,-1.37231,3.20799,0.17013,-2.13456,-4.24196,-13.33151,27.62983,-0.87785,22.72754,-2.02956,-17.61434,-13.7145,6.23709,5.94697,-0.64088,0.0953,-0.27277,-0.3572,-0.04334,-1.41769,0.52162,-0.08686,-0.25976,-0.16628,-0.02226,0.549,-0.75377,-0.40115,-0.46661
107.66,-0.03948,-0.11729,0.09184,0.13054,0,0.14037,-0.067,0.14814,-0.1484,0.32167,-1.12618,-1.45512,4.02704,3.31774,-4.05055,-7.85095,-18.5676,31.17579,-0.88409,27.71062,-3.39177,-22.05823,-15.19615,7.99155,7.18547,-0.71901,0.16754,-0.28799,-0.24762,-0.06605,-1.67686,0.63605,-0.05984,-0.1798,-0.17238,0.08946,0.4069,-0.79074,-0.40971,-0.39803
107.68,-0.02558,-0.12696,0.09716,-0.0552,0,0.1369,-0.17851,0.20169,0.06107,0.49472,-1.40323,-1.48947,4.56247,6.36321,-5.55179,-11.05799,-23.99854,33.90513,-0.68366,31.77043,-4.63834,-25.90727,-16.20388,9.11566,8.39133,-0.7273,0.23257,-0.29126,-0.12397,-0.09532,-1.85322,0.71848,-0.03617,-0.09012,-0.17267,0.20126,0.23186,-0.77264,-0.39194,-0.31514
107.7,-0.01582,-0.13397,0.10101,-0.23364,0,0.12782,-0.27858,0.25216,0.26839,0.6553,-1.63892,-1.47688,4.7729,9.16849,-6.64354,-13.73299,-29.48246,35.78032,-0.28481,34.51386,-5.75875,-28.74552,-16.7376,9.55112,9.48185,-0.661,0.28658,-0.28407,0.00382,-0.12938,-1.94041,0.76477,-0.01823,0.0037,-0.16837,0.30542,0.03566,-0.70035,-0.34898,-0.22638
107.72,-0.0108,-0.13822,0.10349,-0.39001,0,0.11463,-0.36232,0.29568,0.45468,0.79595,-1.81974,-1.42156,4.64607,11.62088,-7.35643,-15.80216,-34.81078,36.79703,0.28246,35.61664,-6.75666,-30.20107,-16.82749,9.29987,10.37242,-0.5216,0.32645,-0.26854,0.12558,-0.16608,-1.93861,0.77364,-0.00763,0.09552,-0.1608,0.39514,-0.16797,-0.57925,-0.28394,-0.14069
107.74,-0.01084,-0.13974,0.10474,-0.5112,0,0.09899,-0.42571,0.32861,0.6036,0.9101,-1.93605,-1.33011,4.1999,13.6382,-7.7372,-17.24817,-39.70058,36.96662,0.9677,34.86991,-7.64427,-30.00001,-16.5285,8.41942,10.98244,-0.3164,0.34996,-0.24723,0.23166,-0.20303,-1.85392,0.74661,-0.00511,0.17902,-0.15136,0.46477,-0.36427,-0.41869,-0.20159,-0.06652
107.76,-0.01593,-0.13865,0.10499,-0.58687,0,0.08257,-0.46593,0.34793,0.70268,0.99255,-1.98269,-1.2109,3.48026,15.16985,-7.8393,-18.10189,-43.79926,36.29794,1.7034,32.22172,-8.43476,-28.01729,-15.91191,7.01205,11.24077,-0.05757,0.35594,-0.2229,0.31348,-0.23789,-1.69712,0.68753,-0.01047,0.24808,-0.14141,0.50991,-0.53847,-0.23115,-0.10802,-0.01094
107.78,-0.02579,-0.13515,0.10449,-0.61037,0,0.06694,-0.48145,0.35158,0.7442,1.03983,-1.95936,-1.07361,2.55621,16.19512,-7.71483,-18.42935,-46.70664,34.78462,2.4105,27.80631,-9.13481,-24.31544,-15.05609,5.2108,11.09104,0.23923,0.34426,-0.19832,0.36413,-0.2685,-1.48221,0.60205,-0.02256,0.29721,-0.13222,0.52735,-0.67682,-0.03099,-0.01008,0.02128
107.8,-0.03977,-0.12954,0.10353,-0.57932,0,0.05345,-0.47211,0.33873,0.72555,1.0504,-1.87051,-0.92855,1.51343,16.71962,-7.409,-18.31706,-48.01795,32.40299,3.006,21.95065,-9.73934,-19.15913,-14.03798,3.16493,10.49696,0.55621,0.31587,-0.17602,0.37876,-0.293,-1.22493,0.49692,-0.03945,0.32188,-0.12496,0.515,-0.7676,0.16676,0.08516,0.02816
107.82,-0.05697,-0.1221,0.10242,-0.49574,0,0.04319,-0.43909,0.30985,0.64902,1.02467,-1.72474,-0.78606,0.44633,16.77034,-6.95767,-17.858,-47.38889,29.12317,3.41256,15.14853,-10.22969,-12.99476,-12.92645,1.02684,9.4471,0.87479,0.27257,-0.15816,0.35493,-0.30993,-0.94145,0.37939,-0.05862,0.3189,-0.12065,0.47199,-0.80191,0.34763,0.17094,0.01068
107.84,-0.07627,-0.11314,0.10143,-0.36573,0,0.03694,-0.38473,0.26662,0.52098,0.96487,-1.53369,-0.65578,-0.55078,16.38971,-6.38803,-17.13967,-44.61877,24.93223,3.56944,7.99986,-10.57601,-6.39201,-11.77761,-1.05871,7.95867,1.17683,0.21692,-0.14638,0.29271,-0.31811,-0.64738,0.25667,-0.07728,0.28657,-0.12008,0.3988,-0.77426,0.4988,0.2413,-0.02755
107.86,-0.0964,-0.10292,0.1008,-0.19877,0,0.03517,-0.31233,0.2117,0.35075,0.87469,-1.31059,-0.54583,-1.39295,15.62955,-5.72169,-16.23533,-39.74213,19.8649,3.44346,1.12448,-10.74305,0.04266,-10.63241,-2.96301,6.08003,1.44559,0.15185,-0.14175,0.19482,-0.31659,-0.35696,0.13542,-0.09269,0.22486,-0.12375,0.29765,-0.68283,0.61003,0.29154,-0.08096
107.88,-0.11602,-0.09161,0.10065,-0.0068,0,0.03804,-0.22587,0.14837,0.14929,0.75888,-1.06871,-0.46215,-2.013,14.54607,-4.979,-15.19893,-33.08287,14.03358,3.03774,-4.93035,-10.69811,5.76119,-9.5164,-4.57937,3.8915,1.66663,0.0805,-0.14464,0.06646,-0.30453,-0.08255,0.02142,-0.10251,0.13544,-0.13177,0.17274,-0.52974,0.67436,0.31857,-0.14296
107.9,-0.1338,-0.07931,0.101,0.19677,0,0.04536,-0.1298,0.08019,-0.07197,0.62282,-0.81997,-0.4079,-2.36788,13.19628,-4.18308,-14.064,-25.18191,7.64678,2.39533,-9.76647,-10.4186,10.35417,-8.44139,-5.82673,1.50346,1.82833,0.00591,-0.15478,-0.08479,-0.28113,0.16559,-0.08064,-0.10508,0.0217,-0.14381,0.03041,-0.32091,0.68855,0.3211,-0.20678
107.92,-0.1485,-0.066,0.10174,0.39797,0,0.05666,-0.02881,0.01076,-0.30192,0.47215,-0.57403,-0.38314,-2.44188,11.63552,-3.36195,-12.84547,-16.60409,1.00626,1.59527,-13.17732,-9.89713,13.59764,-7.40812,-6.65102,-0.94941,1.92225,-0.06908,-0.17118,-0.24941,-0.24561,0.37945,-0.16731,-0.0995,-0.11143,-0.15904,-0.121,-0.06581,0.65311,0.29969,-0.26612
107.94,-0.15903,-0.05159,0.10262,0.58315,0,0.07114,0.07238,-0.0566,-0.53024,0.31236,-0.33772,-0.38483,-2.24621,9.91584,-2.54804,-11.54398,-7.78215,-5.52121,0.74053,-15.14896,-9.14294,15.45841,-6.40947,-7.02457,-3.31834,1.94305,-0.14195,-0.19225,-0.41649,-0.19729,0.5532,-0.2363,-0.08564,-0.25771,-0.17617,-0.27172,0.22316,0.57197,0.25652,-0.31561
107.96,-0.16442,-0.03598,0.10328,0.73973,0,0.0877,0.16914,-0.11899,-0.74758,0.14844,-0.11489,-0.40703,-1.81549,8.08513,-1.77534,-10.15179,1.00004,-11.55254,-0.06011,-15.82562,-8.18005,16.06318,-5.43384,-6.94444,-5.45442,1.88832,-0.21049,-0.21583,-0.57451,-0.1357,0.68318,-0.28645,-0.06401,-0.40997,-0.1935,-0.41143,0.53156,0.45176,0.19507,-0.35098
107.98,-0.16393,-0.01904,0.10324,0.85698,0,0.10494,0.25716,-0.17406,-0.94546,-0.01534,0.09327,-0.44142,-1.20226,6.18732,-1.07531,-8.65977,9.53712,-16.74508,-0.71202,-15.45414,-7.04378,15.64592,-4.46862,-6.43023,-7.22389,1.75839,-0.27285,-0.23933,-0.71218,-0.06075,0.76779,-0.31759,-0.03557,-0.56059,-0.20904,-0.53033,0.84387,0.30111,0.11969,-0.36905
108,-0.15705,-0.00074,0.10202,0.92655,0,0.12127,0.33254,-0.22004,-1.11619,-0.17551,0.28765,-0.478,-0.47042,4.26358,-0.47306,-7.06442,17.6149,-20.84611,-1.15117,-14.32442,-5.77686,14.48983,-3.50366,-5.52193,-8.52216,1.55622,-0.3275,-0.25993,-0.8194,0.02714,0.80741,-0.33039,-0.00152,-0.70197,-0.22062,-0.62015,1.14452,0.12974,0.03519,-0.36775
108.02,-0.14353,0.01884,0.09909,0.94303,0,0.13493,0.39192,-0.2558,-1.25276,-0.32924,0.47027,-0.50596,0.31137,2.35404,0.01529,-5.37364,24.92891,-23.72204,-1.35328,-12.71908,-4.42617,12.87719,-2.53417,-4.27737,-9.28388,1.28748,-0.3733,-0.27473,-0.88796,0.12696,0.80432,-0.32627,0.0368,-0.82696,-0.22612,-0.67494,1.41877,-0.05214,-0.05352,-0.34605
108.04,-0.12347,0.03944,0.094,0.90425,0,0.14417,0.4326,-0.2807,-1.34893,-0.47404,0.64328,-0.51476,1.07618,0.49949,0.38347,-3.61023,31.05438,-25.362,-1.33355,-10.87987,-3.04028,11.0545,-1.5628,-2.76925,-9.48785,0.96052,-0.4095,-0.28105,-0.91223,0.23707,0.76243,-0.30718,0.07795,-0.92925,-0.22365,-0.69149,1.65346,-0.23442,-0.14164,-0.304
108.06,-0.0973,0.06058,0.08639,0.81142,0,0.14743,0.45256,-0.29455,-1.39935,-0.60727,0.80785,-0.49517,1.76451,-1.25749,0.63422,-1.81293,35.53989,-25.85889,-1.13828,-8.99213,-1.66784,9.21438,-0.6007,-1.08158,-9.15719,0.5865,-0.43584,-0.27663,-0.8896,0.35525,0.68707,-0.27552,0.12041,-1.00373,-0.21172,-0.66948,1.83767,-0.40757,-0.22469,-0.24274
108.08,-0.06582,0.08158,0.07606,0.66925,0,0.14345,0.45059,-0.2975,-1.39997,-0.72572,0.9633,-0.44039,2.32891,-2.87231,0.77744,-0.03519,38.0773,-25.37751,-0.83174,-7.18377,-0.35649,7.49156,0.33241,0.69432,-8.35562,0.17926,-0.45255,-0.25991,-0.82075,0.47878,0.58467,-0.23396,0.16246,-1.0467,-0.1895,-0.61132,1.96321,-0.56293,-0.29862,-0.16463
108.1,-0.03018,0.10153,0.06302,0.48579,0,0.13151,0.42627,-0.28997,-1.34842,-0.82514,1.1066,-0.34686,2.73685,-4.29922,0.82786,1.6582,38.59538,-24.11969,-0.48212,-5.53385,0.84817,5.96838,1.20941,2.46416,-7.18072,-0.24492,-0.46036,-0.23025,-0.7097,0.60446,0.46246,-0.18536,0.2022,-1.05611,-0.15694,-0.52186,2.02489,-0.69301,-0.35992,-0.07326
108.12,0.00814,0.11942,0.04752,0.27203,0,0.11148,0.37998,-0.27259,-1.24444,-0.89994,1.23243,-0.21472,2.9714,-5.49365,0.80278,3.19665,37.23917,-22.29402,-0.14989,-4.08531,1.90409,4.68511,1.99812,4.13561,-5.75432,-0.66794,-0.4603,-0.18805,-0.56353,0.72852,0.32815,-0.13261,0.23751,-1.03144,-0.11483,-0.40784,2.02055,-0.79158,-0.40563,0.0266
108.14,0.04746,0.13412,0.03006,0.04121,0,0.08386,0.31275,-0.24612,-1.09006,-0.94321,1.33373,-0.04785,3.02986,-6.41606,0.7203,4.51122,34.30776,-20.09447,0.11975,-2.85802,2.77511,3.65157,2.665,5.62394,-4.2104,-1.07103,-0.45346,-0.13472,-0.3917,0.84652,0.18945,-0.07854,0.26616,-0.97356,-0.06487,-0.27726,1.95067,-0.85387,-0.43343,0.12929
108.16,0.08606,0.1446,0.01138,-0.19213,0,0.04977,0.22612,-0.21152,-0.88975,-0.9469,1.4029,0.14662,2.92072,-7.03688,0.59797,5.54331,30.19158,-17.68879,0.2999,-1.85975,3.43401,2.85795,3.1797,6.85808,-2.68158,-1.43626,-0.44064,-0.0726,-0.20511,0.95319,0.05364,-0.02575,0.28589,-0.8843,-0.00946,-0.13861,1.81781,-0.87657,-0.4417,0.22853
108.18,0.12229,0.15,-0.00758,-0.41332,0,0.0108,0.12201,-0.16987,-0.65045,-0.90255,1.43319,0.35902,2.66018,-7.34186,0.45201,6.25318,25.31611,-15.21526,0.3816,-1.09392,3.86556,2.2835,3.5198,7.78642,-1.28608,-1.74816,-0.42201,-0.00477,-0.01505,1.04243,-0.07294,0.02356,0.29464,-0.76614,0.0484,-0.00014,1.62606,-0.85801,-0.42959,0.31803
108.2,0.15478,0.14975,-0.02573,-0.60855,0,-0.03112,0.00266,-0.12246,-0.38156,-0.8024,1.42017,0.57815,2.26907,-7.33622,0.29684,6.62631,20.09617,-12.78491,0.37102,-0.56342,4.06871,1.90271,3.67453,8.381,-0.11701,-1.99514,-0.39701,0.06526,0.16774,1.10755,-0.18531,0.06764,0.29077,-0.62196,0.10539,0.13073,1.38066,-0.79825,-0.39712,0.39189
108.22,0.18249,0.14367,-0.04192,-0.76582,0,-0.07384,-0.12929,-0.0708,-0.09473,-0.64092,1.36284,0.79226,1.77081,-7.04633,0.1448,6.67594,14.90269,-10.4855,0.28544,-0.27054,4.05673,1.68861,3.64662,8.63898,0.76447,-2.17035,-0.3644,0.13375,0.33386,1.14171,-0.28005,0.10533,0.27316,-0.45489,0.1581,0.24776,1.08778,-0.69913,-0.34521,0.44514
108.24,0.20474,0.13198,-0.05503,-0.87561,0,-0.11527,-0.27064,-0.01667,0.19646,-0.41658,1.26435,0.99028,1.19047,-6.51824,0.00599,6.44106,10.04083,-8.38502,0.14869,-0.21314,3.85512,1.61347,3.45174,8.5807,1.3317,-2.27175,-0.32264,0.19711,0.47569,1.13864,-0.35544,0.13605,0.2414,-0.26844,0.20337,0.3461,0.75458,-0.56428,-0.27565,0.47415
108.26,0.22122,0.11526,-0.06409,-0.93141,0,-0.15352,-0.41744,0.03789,0.47709,-0.1337,1.13209,1.16282,0.55497,-5.81354,-0.11202,5.98064,5.73842,-6.5336,-0.01319,-0.37876,3.49751,1.64761,3.11601,8.24519,1.59113,-2.3017,-0.27039,0.25217,0.58762,1.09355,-0.4114,0.15977,0.19582,-0.06653,0.23853,0.42224,0.38929,-0.39898,-0.19104,0.4769
108.28,0.23193,0.09441,-0.06838,-0.93007,0,-0.18709,-0.56479,0.09055,0.73168,0.19616,0.97738,1.30334,-0.10634,-5.00382,-0.20425,5.36592,2.14266,-4.96437,-0.17583,-0.73843,3.02065,1.75772,2.67214,7.68418,1.5778,-2.26602,-0.207,0.29644,0.66613,1.00398,-0.44929,0.17696,0.13759,0.14619,0.26168,0.47399,0.00144,-0.20999,-0.09467,0.4532
108.3,0.23709,0.07059,-0.06755,-0.87201,0,-0.21495,-0.70685,0.13873,0.945,0.55366,0.81464,1.40889,-0.76123,-4.1649,-0.26844,4.6724,-0.67616,-3.69409,-0.31941,-1.24284,2.4592,1.90596,2.15535,6.95592,1.34884,-2.17301,-0.13298,0.32829,0.70968,0.87035,-0.47157,0.18848,0.06876,0.36426,0.27185,0.50041,-0.39797,-0.00535,0.0096,0.40472
108.32,0.23714,0.04506,-0.06159,-0.7612,0,-0.23653,-0.83697,0.17956,1.10306,0.91245,0.6601,1.48056,-1.37509,-3.37153,-0.30495,3.97282,-2.71557,-2.72401,-0.43032,-1.82285,1.84143,2.05104,1.59931,6.11932,0.97531,-2.03225,-0.05005,0.34687,0.71852,0.69601,-0.48132,0.1954,-0.00761,0.58127,0.26906,0.5019,-0.79648,0.20597,0.11745,0.33482
108.34,0.23258,0.0191,-0.05086,-0.60494,0,-0.25161,-0.94811,0.20992,1.19412,1.24155,0.53001,1.52339,-1.91257,-2.69294,-0.3164,3.33169,-4.02787,-2.04141,-0.50172,-2.39515,1.1859,2.15145,1.03269,5.22873,0.5332,-1.85345,0.03917,0.35199,0.69433,0.48652,-0.48159,0.1988,-0.08747,0.79008,0.25411,0.48022,-1.18053,0.41451,0.22432,0.24808
108.36,0.22401,-0.00612,-0.03603,-0.41341,0,-0.26003,-1.03344,0.22651,1.20975,1.50886,0.43846,1.54582,-2.34052,-2.18905,-0.30728,2.80154,-4.70525,-1.62169,-0.53302,-2.87229,0.49978,2.17058,0.4766,4.32994,0.09435,-1.64543,0.13175,0.34381,0.63989,0.24847,-0.47477,0.19954,-0.16568,0.98306,0.22839,0.43873,-1.53612,0.61085,0.32554,0.14976
108.38,0.21204,-0.02966,-0.01793,-0.19909,0,-0.2615,-1.08714,0.22596,1.14586,1.68537,0.39519,1.55859,-2.63148,-1.90759,-0.2833,2.4207,-4.86471,-1.43091,-0.5287,-3.17483,-0.22103,2.08238,-0.05687,3.45772,-0.28161,-1.4155,0.22527,0.32244,0.55872,-0.01195,-0.46189,0.19802,-0.23615,1.15267,0.19357,0.38249,-1.84966,0.7862,0.41663,0.04513
108.4,0.19731,-0.0509,0.00251,0.02382,0,-0.25541,-1.10516,0.20506,1.00359,1.74902,0.40356,1.57336,-2.76711,-1.88163,-0.25088,2.21242,-4.63412,-1.42867,-0.49682,-3.24278,-0.98959,1.87595,-0.56463,2.63529,-0.55308,-1.16938,0.31862,0.28775,0.4548,-0.29022,-0.44217,0.19406,-0.2919,1.29199,0.15125,0.31831,-2.10897,0.93297,0.4935,-0.06097
108.42,0.18052,-0.06955,0.02432,0.24017,0,-0.24067,-1.08586,0.16099,0.78975,1.68764,0.45919,1.60077,-2.74069,-2.12765,-0.21653,2.18488,-4.14041,-1.57106,-0.44736,-3.04375,-1.82344,1.55751,-1.05096,1.87565,-0.69915,-0.91167,0.41256,0.23912,0.33225,-0.58434,-0.41282,0.18676,-0.32544,1.39526,0.10276,0.25447,-2.30407,1.04513,0.55265,-0.16452
108.44,0.16247,-0.08564,0.04661,0.43462,0,-0.21574,-1.03034,0.09175,0.51674,1.5003,0.54954,1.64819,-2.55826,-2.64388,-0.18632,2.33183,-3.49996,-1.8136,-0.39064,-2.57661,-2.73813,1.14912,-1.52436,1.18458,-0.71882,-0.64688,0.51003,0.17545,0.19515,-0.89504,-0.36914,0.17456,-0.32922,1.45829,0.04903,0.20023,-2.42781,1.11844,0.59138,-0.26226
108.46,0.14411,-0.09949,0.06857,0.59255,0,-0.17877,-0.94257,-0.00351,0.20205,1.1974,0.65491,1.71759,-2.23843,-3.4091,-0.16537,2.63375,-2.81148,-2.11383,-0.33599,-1.87046,-3.73983,0.68453,-1.99344,0.56444,-0.6273,-0.3806,0.61607,0.09536,0.0473,-1.22535,-0.30493,0.15531,-0.2962,1.47886,-0.00947,0.16502,-2.47629,1.15061,0.60795,-0.35164
108.48,0.12652,-0.11157,0.08951,0.7009,0,-0.12789,-0.82923,-0.12401,-0.13281,0.79963,0.7511,1.80383,-1.81109,-4.38196,-0.15747,3.05932,-2.15152,-2.4336,-0.29063,-0.98042,-4.8183,0.20341,-2.46266,0.01799,-0.45068,-0.12062,0.73742,-0.00254,-0.10794,-1.57958,-0.21317,0.1265,-0.22064,1.45695,-0.07261,0.1575,-2.4492,1.14125,0.60175,-0.43049
108.5,0.11101,-0.12242,0.10885,0.74903,0,-0.06152,-0.6994,-0.26698,-0.46361,0.33613,0.8143,1.8942,-1.31515,-5.50142,-0.16476,3.56712,-1.57249,-2.74039,-0.25898,0.01907,-5.94203,-0.2546,-2.92875,-0.44899,-0.22014,0.12261,0.88179,-0.11918,-0.26767,-1.96176,-0.08688,0.08549,-0.09884,1.39486,-0.14041,0.18469,-2.34992,1.0919,0.57338,-0.49677
108.52,0.09897,-0.13253,0.12611,0.72924,0,0.02114,-0.56392,-0.42741,-0.76507,-0.15787,0.82852,1.96956,-0.79538,-6.68845,-0.18754,4.10783,-1.10342,-3.0078,-0.2425,1.04215,-7.05658,-0.65484,-3.37858,-0.82694,0.03331,0.33645,1.05679,-0.25447,-0.42939,-2.37351,0.07982,0.02981,0.07019,1.29717,-0.21272,0.25129,-2.18537,1.00589,0.52471,-0.54834
108.54,0.09186,-0.14224,0.14087,0.63721,0,0.11968,-0.43454,-0.59794,-1.01287,-0.644,0.79266,2.00733,-0.29841,-7.8496,-0.22429,4.62666,-0.75285,-3.21483,-0.23988,2.00038,-8.08725,-0.97102,-3.78881,-1.1042,0.28298,0.5076,1.26859,-0.40675,-0.59092,-2.8117,0.29071,-0.04252,0.28409,1.17028,-0.2888,0.35923,-1.9654,0.88813,0.45876,-0.58291
108.56,0.09097,-0.15162,0.15275,0.47209,0,0.23207,-0.32282,-0.76902,-1.18579,-1.08392,0.72007,1.98626,0.13181,-8.88243,-0.27177,5.06654,-0.5134,-3.34473,-0.24761,2.81162,-8.9455,-1.18693,-4.12757,-1.27037,0.50927,0.62446,1.52037,-0.57223,-0.7501,-3.26604,0.54634,-0.13267,0.53676,1.02187,-0.36688,0.50745,-1.70198,0.74475,0.37946,-0.59798
108.58,0.09734,-0.16043,0.16141,0.23658,0,0.35428,-0.23905,-0.92924,-1.26789,-1.44255,0.62935,1.89247,0.45841,-9.68259,-0.32527,5.37176,-0.36696,-3.38371,-0.26085,3.40816,-9.53831,-1.29673,-4.35759,-1.32046,0.70126,0.67967,1.811,-0.74454,-0.90464,-3.7171,0.84321,-0.2407,0.81803,0.86014,-0.44387,0.69193,-1.40822,0.58277,0.29146,-0.59108
108.6,0.11152,-0.16805,0.16648,-0.06309,0,0.48014,-0.19131,-1.06589,-1.25025,-1.69085,0.53573,1.72596,0.65528,-10.15201,-0.37899,5.4921,-0.28986,-3.32034,-0.2742,3.74306,-9.7788,-1.30422,-4.44051,-1.25826,0.85709,0.67207,2.13398,-0.91458,-1.05179,-4.13527,1.17297,-0.36533,1.11349,0.6932,-0.51509,0.90577,-1.09741,0.40971,0.19968,-0.55995
108.62,0.13356,-0.17352,0.16767,-0.41733,0,0.60142,-0.18476,-1.16567,-1.13214,-1.80797,0.44844,1.50374,0.70933,-10.20725,-0.42646,5.38697,-0.25699,-3.14579,-0.28246,3.79367,-9.59635,-1.22123,-4.34155,-1.0978,0.98318,0.60746,2.47694,-1.07056,-1.18816,-4.48094,1.52212,-0.50371,1.40454,0.52845,-0.57435,1.13949,-0.78215,0.23311,0.10906,-0.50279
108.64,0.16287,-0.17558,0.1647,-0.81343,0,0.70826,-0.22141,-1.21562,-0.92115,-1.78253,0.37132,1.25355,0.62111,-9.78763,-0.46114,5.02937,-0.24496,-2.85507,-0.28119,3.56206,-8.94527,-1.06543,-4.03425,-0.86223,1.0925,0.49781,2.82189,-1.1985,-1.30947,-4.7062,1.87216,-0.65141,1.66874,0.37208,-0.61424,1.38133,-0.47348,0.06007,0.02405,-0.41849
108.66,0.19834,-0.1728,0.15745,-1.23599,0,0.78983,-0.30009,-1.20418,-0.63264,-1.61303,0.30363,1.00109,0.40393,-8.8625,-0.47705,4.40946,-0.23395,-2.44882,-0.26708,3.07282,-7.81136,-0.85779,-3.50483,-0.58056,1.20216,0.35921,3.14618,-1.2832,-1.41053,-4.75823,2.20035,-0.80244,1.88065,0.22866,-0.62679,1.61781,-0.18024,-0.10329,-0.05174,-0.30684
108.68,0.23836,-0.16373,0.14592,-1.66752,0,0.83536,-0.41678,-1.12244,-0.28839,-1.30775,0.24085,0.76207,0.08186,-7.43717,-0.46934,3.53725,-0.20864,-1.93547,-0.23818,2.36892,-6.21637,-0.62021,-2.75569,-0.28333,1.33057,0.20918,3.42424,-1.30949,-1.48551,-4.58409,2.48096,-0.94944,2.01338,0.101,-0.6043,1.83447,0.09147,-0.25233,-0.11595,-0.16882
108.7,0.281,-0.1471,0.13036,-2.08899,0,0.83527,-0.56511,-0.9653,0.08513,-0.88389,0.17539,0.54205,-0.31318,-5.55627,-0.43491,2.44387,-0.15866,-1.33259,-0.19401,1.50671,-4.21937,-0.37337,-1.80762,0.00175,1.49456,0.06398,3.62972,-1.26394,-1.52851,-4.13663,2.68721,-1.08398,2.0408,-0.00986,-0.54033,2.01681,0.33832,-0.38415,-0.16768,-0.00693
108.72,0.32414,-0.12204,0.11122,-2.48062,0,0.78247,-0.73705,-0.73252,0.45904,-0.36604,0.09723,0.33883,-0.74477,-3.30277,-0.37284,1.1804,-0.07843,-0.66691,-0.13553,0.55011,-1.91406,-0.13521,-0.69965,0.25293,1.70659,-0.06337,3.73805,-1.13665,-1.53455,-3.381,2.79351,-1.19694,1.94054,-0.10432,-0.4307,2.15148,0.55948,-0.49764,-0.20757,0.17441
108.74,0.36566,-0.08831,0.08918,-2.82264,0,0.67344,-0.92365,-0.42944,0.80462,0.21601,-0.00533,0.14469,-1.17578,-0.79217,-0.28454,-0.18603,0.033,0.02751,-0.06501,-0.43529,0.57834,0.08004,0.51353,0.45601,1.97247,-0.1642,3.72898,-0.9231,-1.50081,-2.30093,2.77808,-1.27898,1.69753,-0.18375,-0.27443,2.2275,0.75584,-0.59324,-0.23762,0.36858
108.76,0.40364,-0.04646,0.06507,-3.09624,0,0.5093,-1.11586,-0.06723,1.09613,0.83004,-0.14487,-0.05158,-1.57216,1.83781,-0.17372,-1.57853,0.17248,0.71283,0.01413,-1.3881,3.12004,0.26225,1.76649,0.60437,2.28951,-0.23434,3.5891,-0.62578,-1.4279,-0.90446,2.62563,-1.32109,1.30772,-0.2498,-0.07446,2.2376,0.92903,-0.6725,-0.26088,0.56647
108.78,0.4365,0.00201,0.0398,-3.28473,0,0.29652,-1.30528,0.33722,1.31342,1.44409,-0.3337,-0.26259,-1.90629,4.43987,-0.0462,-2.91807,0.33326,1.35175,0.09767,-2.25622,5.56941,0.40549,2.98923,0.69789,2.6456,-0.27359,3.31394,-0.25547,-1.32106,0.77184,2.32977,-1.31518,0.78117,-0.30384,0.16185,2.17938,1.08046,-0.73757,-0.28092,0.75657
108.8,0.46314,0.05463,0.01432,-3.37469,0,0.04702,-1.48465,0.76206,1.44399,2.02885,-0.58245,-0.50041,-2.15932,6.87027,0.09056,-4.13087,0.5059,1.91189,0.18097,-3.00037,7.79354,0.50763,4.11348,0.74127,3.01942,-0.28489,2.90939,0.16843,-1.19054,2.66108,1.89474,-1.25469,0.14377,-0.34651,0.42278,2.05601,1.21057,-0.79068,-0.30139,0.92545
108.82,0.48295,0.10814,-0.01049,-3.35705,0,-0.22236,-1.64805,1.18183,1.48399,2.5591,-0.89808,-0.77429,-2.32193,9.00055,0.22807,-5.15483,0.67933,2.3693,0.25938,-3.59557,9.67866,0.56984,5.07837,0.74227,3.38178,-0.27323,2.39168,0.61865,-1.051,4.66794,1.33566,-1.13501,-0.56341,-0.37763,0.69273,1.87609,1.31856,-0.83381,-0.32546,1.05873
108.84,0.49576,0.15872,-0.03386,-3.2279,0,-0.49133,-1.79068,1.56955,1.43815,3.01433,-1.28136,-1.08828,-2.39353,10.72712,0.35763,-5.94406,0.84228,2.71064,0.32875,-4.0305,11.13778,0.59583,5.83493,0.71005,3.69842,-0.24469,1.78587,1.06223,-0.91965,6.67481,0.67721,-0.95386,-1.28761,-0.39643,0.95348,1.65257,1.40258,-0.86843,-0.35539,1.1426
108.86,0.50166,0.20243,-0.05516,-2.98897,0,-0.73825,-1.90841,1.89933,1.31862,3.37868,-1.72366,-1.43843,-2.38017,11.97859,0.47125,-6.47181,0.98482,2.9341,0.38597,-4.30518,12.11574,0.59102,6.34936,0.65387,3.9338,-0.20555,1.12302,1.46384,-0.81329,8.55158,-0.04898,-0.71142,-1.97002,-0.40206,1.18597,1.40095,1.46033,-0.89545,-0.39217,1.16575
108.88,0.50083,0.23576,-0.07396,-2.64808,0,-0.94258,-1.99725,2.1491,1.14334,3.64045,-2.20318,-1.80968,-2.29183,12.72043,0.56253,-6.73176,1.09973,3.04891,0.42932,-4.42784,12.59169,0.56176,6.6052,0.58216,4.05554,-0.16164,0.43672,1.78972,-0.74475,10.16761,-0.8077,-0.41056,-2.55284,-0.39427,1.37225,1.13702,1.49,-0.91531,-0.43524,1.12132
108.9,0.49344,0.25598,-0.09009,-2.21911,0,-1.08716,-2.05299,2.30293,0.93392,3.79163,-2.6806,-2.17445,-2.13994,12.95646,0.62735,-6.7374,1.18328,3.07361,0.45869,-4.41173,12.57909,0.51468,6.60417,0.50201,4.03869,-0.11785,-0.2403,2.01145,-0.71945,11.40376,-1.56331,-0.05716,-2.98597,-0.37394,1.49751,0.87485,1.49101,-0.92804,-0.48253,1.00849
108.92,0.47954,0.26153,-0.10367,-1.72151,0,-1.15998,-2.07101,2.35238,0.71365,3.82733,-3.0987,-2.49801,-1.93544,12.726,0.6641,-6.51949,1.2352,3.03294,0.47537,-4.2723,12.12254,0.45613,6.36515,0.41898,3.86914,-0.07788,-0.87892,2.10907,-0.73257,12.16248,-2.28227,0.33954,-3.23251,-0.34332,1.55149,0.62516,1.4645,-0.93345,-0.53059,0.83316
108.94,0.459,0.25211,-0.11518,-1.17909,0,-1.15518,-2.04627,2.29681,0.50543,3.74544,-3.39562,-2.74969,-1.68767,12.09667,0.67352,-6.12118,1.25762,2.9535,0.48153,-4.0251,11.29139,0.39176,5.92134,0.33714,3.54555,-0.04417,-1.45572,2.07305,-0.76728,12.37508,-2.93484,0.76661,-3.2721,-0.30598,1.52943,0.39433,1.41331,-0.93108,-0.57501,0.60767
108.96,0.43161,0.2287,-0.12543,-0.61821,0,-1.07329,-1.9737,2.14261,0.32983,3.54652,-3.52819,-2.91091,-1.40414,11.15414,0.65821,-5.59205,1.25342,2.85895,0.47945,-3.68442,10.17118,0.32629,5.31612,0.2593,3.07997,-0.01799,-1.95418,1.90509,-0.79451,12.00618,-3.49593,1.20728,-3.10232,-0.26636,1.43234,0.18405,1.34152,-0.92028,-0.61102,0.34943
108.98,0.3971,0.19335,-0.13565,-0.06563,0,-0.92099,-1.84875,1.90194,0.20336,3.23394,-3.48542,-2.97556,-1.09088,9.99095,0.62188,-4.98182,1.2245,2.7657,0.47075,-3.26291,8.85454,0.26338,4.59834,0.18734,2.49717,0.0004,-2.36524,1.61794,-0.77463,11.05584,-3.94548,1.64111,-2.7383,-0.22905,1.26688,-0.00828,1.25372,-0.9002,-0.63415,0.07897
109,0.35534,0.149,-0.1474,0.45358,0,-0.7103,-1.66811,1.59121,0.13709,2.81435,-3.28426,-2.94658,-0.75319,8.69663,0.56872,-4.33515,1.17057,2.68014,0.45584,-2.77187,7.4329,0.20558,3.81788,0.12254,1.83269,0.01154,-2.68715,1.23427,-0.66129,9.55946,-4.26847,2.04476,-2.21086,-0.19814,1.04484,-0.1887,1.15428,-0.86983,-0.64085,-0.18238
109.02,0.30643,0.09914,-0.16247,0.91805,0,-0.4575,-1.43039,1.22957,0.13555,2.29793,-2.95787,-2.83259,-0.3963,7.35016,0.50288,-3.68815,1.08896,2.59819,0.43381,-2.22198,5.98975,0.15444,3.02183,0.06578,1.12972,0.01651,-2.92476,0.78448,-0.4076,7.58477,-4.45478,2.39338,-1.56312,-0.17658,0.78221,-0.3652,1.04666,-0.82821,-0.62892,-0.41486
109.04,0.25081,0.04749,-0.18275,1.31173,0,-0.18152,-1.13662,0.83735,0.19623,1.6986,-2.54542,-2.64512,-0.02593,6.01529,0.42812,-3.06674,0.97554,2.50736,0.40277,-1.62419,4.59564,0.11064,2.25128,0.01773,0.43454,0.01671,-3.08804,0.30347,0.02553,5.22578,-4.49873,2.66273,-0.84586,-0.16567,0.49786,-0.54593,0.93289,-0.77457,-0.59769,-0.60247
109.06,0.18933,-0.00242,-0.20998,1.62515,0,0.09778,-0.79055,0.43479,0.30946,1.03374,-2.0847,-2.39661,0.35161,4.73865,0.34774,-2.4868,0.82654,2.39076,0.3606,-0.99061,3.30494,0.07419,1.53907,-0.02118,-0.20863,0.01361,-3.19049,-0.17316,0.66032,2.59455,-4.39878,2.83181,-0.11199,-0.16481,0.21191,-0.73724,0.81335,-0.70864,-0.54805,-0.73483
109.08,0.12329,-0.04753,-0.24556,1.85624,0,0.36142,-0.39876,0.04085,0.459,0.32393,-1.60777,-2.09936,0.72942,3.55031,0.26459,-1.95565,0.64077,2.2321,0.30583,-0.33521,2.15448,0.0446,0.90834,-0.05083,-0.76282,0.00861,-3.24735,-0.61304,1.49391,-0.18775,-4.15743,2.88554,0.58894,-0.17149,-0.056,-0.94211,0.68672,-0.6309,-0.48226,-0.80848
109.1,0.05439,-0.08555,-0.29031,2.01042,0,0.59296,0.02936,-0.32769,0.62335,-0.40757,-1.13894,-1.76508,1.10018,2.46612,0.18122,-1.47427,0.42148,2.02021,0.23847,0.32564,1.16402,0.02109,0.37228,-0.07141,-1.20232,0.0029,-3.27417,-0.99038,2.49345,-2.99902,-3.78113,2.81696,1.2153,-0.18148,-0.28833,-1.15911,0.55044,-0.54284,-0.40371,-0.82731
109.12,-0.01524,-0.11509,-0.34438,2.09973,0,0.77973,0.48189,-0.65688,0.77782,-1.13549,-0.69458,-1.40512,1.4563,1.49113,0.1,-1.03967,0.17723,1.75189,0.16042,0.97311,0.33827,0.00275,-0.06521,-0.08352,-1.51475,-0.00263,-3.28561,-1.28811,3.59631,-5.72282,-3.28028,2.62814,1.73635,-0.18938,-0.47107,-1.38247,0.40132,-0.44715,-0.31665,-0.80188
109.14,-0.08318,-0.13571,-0.40716,2.14101,0,0.91363,0.94501,-0.9361,0.89753,-1.83343,-0.28427,-1.03095,1.79001,0.62329,0.02321,-0.64703,-0.07845,1.43259,0.07546,1.58642,-0.32982,-0.01134,-0.40781,-0.08811,-1.70087,-0.0074,-3.29448,-1.49877,4.71636,-8.2532,-2.66887,2.32967,2.13342,-0.18935,-0.59481,-1.6031,0.23656,-0.34768,-0.22583,-0.74758
109.16,-0.14688,-0.1478,-0.47735,2.15336,0,0.99153,1.40378,-1.15841,0.96076,-2.47522,0.08737,-0.65473,2.09361,-0.14292,-0.04705,-0.29136,-0.32863,1.07497,-0.0113,2.14401,-0.85509,-0.022,-0.66462,-0.08639,-1.7726,-0.01111,-3.31124,-1.62408,5.75517,-10.49825,-1.96408,1.93905,2.39947,-0.17598,-0.65549,-1.81052,0.05475,-0.24927,-0.13619,-0.68195
109.18,-0.20379,-0.15246,-0.5531,2.15536,0,1.01525,1.84321,-1.32069,0.95228,-3.03638,0.41864,-0.28969,2.35969,-0.81347,-0.10887,0.03137,-0.55522,0.69628,-0.09411,2.62504,-1.25615,-0.02989,-0.84771,-0.07968,-1.74974,-0.01373,-3.34363,-1.67366,6.61585,-12.3825,-1.18608,1.47835,2.53764,-0.14522,-0.65464,-1.99516,-0.14312,-0.15751,-0.0525,-0.62164
109.2,-0.25151,-0.15128,-0.6321,2.16249,0,0.99107,2.24912,-1.42365,0.86585,-3.49577,0.70888,0.04985,2.58156,-1.39255,-0.16068,0.32342,-0.74126,0.31543,-0.16737,3.01121,-1.55194,-0.03552,-0.96998,-0.0693,-1.65649,-0.01541,-3.39669,-1.66304,7.2165,-13.84849,-0.35798,0.9721,2.55909,-0.09503,-0.59917,-2.15034,-0.35302,-0.07837,0.02094,-0.57975
109.22,-0.2879,-0.14617,-0.71185,2.18516,0,0.9288,2.60894,-1.47137,0.70516,-3.83701,0.9571,0.34922,2.75368,-1.88145,-0.20136,0.58508,-0.87289,-0.04953,-0.22638,3.28837,-1.7592,-0.03919,-1.04346,-0.05646,-1.51804,-0.01639,-3.4727,-1.61121,7.50039,-14.85702,0.49376,0.44563,2.48062,-0.02573,-0.50038,-2.27345,-0.56772,-0.0178,0.08047,-0.56388
109.24,-0.31113,-0.13913,-0.78983,2.22743,0,0.84035,2.91214,-1.47048,0.48309,-4.04971,1.16139,0.59476,2.87214,-2.27847,-0.23027,0.81469,-0.9405,-0.38312,-0.26769,3.44791,-1.89124,-0.04104,-1.07832,-0.04216,-1.35785,-0.01701,-3.57112,-1.53791,7.44162,-15.38633,1.339,-0.07613,2.32218,0.06014,-0.37235,-2.36609,-0.77728,0.01866,0.12336,-0.57526
109.26,-0.31969,-0.13207,-0.86368,2.28671,0,0.73801,3.15051,-1.42911,0.21943,-4.13042,1.31895,0.77578,2.93522,-2.58002,-0.24734,1.00915,-0.93938,-0.67322,-0.28936,3.48788,-1.9577,-0.04107,-1.08248,-0.02718,-1.19555,-0.0176,-3.68849,-1.46082,7.04613,-15.43094,2.14379,-0.56919,2.10448,0.15827,-0.22982,-2.43321,-0.97004,0.02639,0.14787,-0.60897
109.28,-0.31238,-0.12665,-0.93145,2.35426,0,0.63269,3.31838,-1.35578,-0.0623,-4.08329,1.42671,0.88651,2.94388,-2.78222,-0.25308,1.16461,-0.86971,-0.91133,-0.29097,3.41367,-1.96538,-0.03916,-1.06181,-0.0121,-1.04576,-0.01846,-3.81855,-1.39317,6.34935,-15.0007,2.87093,-1.01094,1.84708,0.26333,-0.08604,-2.48183,-1.13388,0.00208,0.15338,-0.65487
109.3,-0.2883,-0.12421,-0.99178,2.41655,0,0.53256,3.41268,-1.25832,-0.33819,-3.92032,1.4822,0.92744,2.90218,-2.88274,-0.24853,1.27731,-0.7363,-1.09231,-0.27352,3.23823,-1.91934,-0.03514,-1.02063,0.00267,-0.91753,-0.01982,-3.9524,-1.34193,5.41114,-14.1201,3.48143,-1.38071,1.56708,0.36978,0.04908,-2.51971,-1.25749,-0.05588,0.14043,-0.69922
109.32,-0.24684,-0.12567,-1.04401,2.45732,0,0.44211,3.43286,-1.14311,-0.5868,-3.66064,1.48435,0.90557,2.81725,-2.88225,-0.23524,1.34433,-0.54793,-1.21394,-0.23919,2.9813,-1.8242,-0.02881,-0.96227,0.01671,-0.81463,-0.02181,-4.07898,-1.30701,4.3087,-12.82744,3.93725,-1.66066,1.27833,0.47245,0.17006,-2.55419,-1.33124,-0.14714,0.11062,-0.72654
109.34,-0.18767,-0.13159,-1.08825,2.46025,0,0.36195,3.38053,-1.01457,-0.79132,-3.32891,1.43418,0.83332,2.69875,-2.78518,-0.21511,1.36426,-0.31661,-1.27644,-0.19105,2.66775,-1.68508,-0.02001,-0.88972,0.02949,-0.73632,-0.02444,-4.18549,-1.28135,3.12773,-11.17311,4.20526,-1.83711,0.99128,0.56713,0.27605,-2.59146,-1.34763,-0.26928,0.06646,-0.72173
109.36,-0.11072,-0.14218,-1.12526,2.41176,0,0.28911,3.25906,-0.87486,-0.94095,-2.95286,1.33509,0.72633,2.55792,-2.59995,-0.19021,1.33774,-0.05669,-1.2821,-0.13278,2.32499,-1.50833,-0.00867,-0.80595,0.04014,-0.67853,-0.02755,-4.25817,-1.25209,1.95292,-9.21749,4.26205,-1.90234,0.71318,0.65082,0.37031,-2.63619,-1.30133,-0.41775,0.01116,-0.67206
109.38,-0.01619,-0.15737,-1.15645,2.30382,0,0.21789,3.07313,-0.7241,-1.03145,-2.56064,1.19303,0.60079,2.40639,-2.33868,-0.16263,1.2678,0.21582,-1.23501,-0.06837,1.98024,-1.30178,0.00518,-0.7143,0.04733,-0.63529,-0.03082,-4.28311,-1.20227,0.85872,-7.02891,4.09887,-1.85638,0.44871,0.72185,0.45904,-2.69136,-1.189,-0.58594,-0.0516,-0.5691
109.4,0.09539,-0.17691,-1.18368,2.13609,0,0.141,2.82848,-0.56074,-1.0651,-2.17827,1.01634,0.471,2.25491,-2.01664,-0.13428,1.15996,0.48374,-1.14089,-0.002,1.65786,-1.07468,0.0213,-0.61845,0.04904,-0.60009,-0.03374,-4.24722,-1.11312,-0.098,-4.68181,3.72542,-1.70823,0.20073,0.77981,0.54999,-2.75812,-1.00898,-0.76519,-0.11785,-0.41021
109.42,0.22308,-0.20041,-1.20911,1.9167,0,0.05082,2.53161,-0.38231,-1.04988,-1.82751,0.81523,0.34753,2.11214,-1.6514,-0.10679,1.02197,0.72894,-1.00691,0.06209,1.37719,-0.8372,0.0392,-0.52225,0.04256,-0.56704,-0.03557,-4.13895,-0.9664,-0.88274,-2.25486,3.17131,-1.476,-0.02889,0.8253,0.65092,-2.83546,-0.76107,-0.94476,-0.18341,-0.19932
109.44,0.36545,-0.22735,-1.23483,1.6617,0,-0.05922,2.18954,-0.1864,-0.99808,-1.52434,0.60096,0.23648,1.98352,-1.26164,-0.08138,0.86314,0.93224,-0.84141,0.11948,1.15104,-0.5995,0.05807,-0.42924,0.02443,-0.5318,-0.03535,-3.94878,-0.74672,-1.48509,0.17147,2.48444,-1.18562,-0.23853,0.85945,0.76818,-2.91941,-0.44625,-1.11188,-0.24387,0.05301
109.46,0.52048,-0.25711,-1.26258,1.39303,0,-0.19347,1.80946,0.02837,-0.92455,-1.27799,0.38471,0.13961,1.87032,-0.86585,-0.05886,0.69336,1.07332,-0.65356,0.16552,0.98484,-0.37049,0.07671,-0.34207,-0.00943,-0.49205,-0.03193,-3.66942,-0.44376,-1.9178,2.51779,1.72674,-0.86834,-0.42633,0.88336,0.9055,-3.00208,-0.06665,-1.25184,-0.29456,0.33032
109.48,0.68547,-0.2889,-1.29338,1.13577,0,-0.35295,1.39871,0.2613,-0.84472,-1.09068,0.17649,0.05523,1.76921,-0.48103,-0.03949,0.52203,1.13083,-0.45289,0.19527,0.87664,-0.15668,0.0935,-0.26189,-0.06342,-0.44785,-0.02396,-3.29605,-0.05405,-2.21355,4.70885,0.96798,-0.55744,-0.58989,0.89755,1.06298,-3.07087,0.37435,-1.34835,-0.33057,0.61162
109.5,0.85698,-0.32168,-1.32721,0.91494,0,-0.53471,0.9648,0.5089,-0.7728,-0.95811,-0.01583,-0.02063,1.67254,-0.12171,-0.02306,0.357,1.08296,-0.24886,0.2035,0.81779,0.03874,0.10627,-0.18804,-0.14191,-0.40161,-0.00997,-2.8266,0.41757,-2.42016,6.67617,0.27871,-0.28476,-0.72632,0.90135,1.23665,-3.108,0.87177,-1.3842,-0.3468,0.87321
109.52,1.03068,-0.35408,-1.36286,0.75243,0,-0.73156,0.51571,0.76446,-0.72023,-0.8706,-0.18704,-0.09277,1.56933,0.20077,-0.00882,0.20391,0.90859,-0.0503,0.18491,0.79449,0.21611,0.11237,-0.11816,-0.24856,-0.35791,0.01152,-2.26194,0.95736,-2.59429,8.35991,-0.27695,-0.07746,-0.83254,0.89255,1.41826,-3.09084,1.41845,-1.34234,-0.33828,1.09099
109.54,1.20133,-0.38424,-1.39773,0.66424,0,-0.93249,0.06021,1.01821,-0.69458,-0.81493,-0.33474,-0.16566,1.44701,0.47849,0.00452,0.06569,0.5892,0.13503,0.13458,0.78997,0.37895,0.10856,-0.04869,-0.38562,-0.32298,0.04186,-1.60601,1.54288,-2.79419,9.71013,-0.64803,0.04467,-0.90585,0.86709,1.59572,-2.99299,2.00426,-1.20736,-0.30058,1.24287
109.56,1.36279,-0.40972,-1.42781,0.65821,0,-1.12345,-0.39183,1.25789,-0.69879,-0.77655,-0.45903,-0.24238,1.29376,0.70691,0.01873,-0.05747,0.1114,0.30096,0.04848,0.7872,0.533,0.09114,0.0242,-0.5529,-0.30383,0.08207,-0.86593,2.14424,-3.07198,10.68795,-0.80269,0.07139,-0.94472,0.81904,1.75391,-2.78636,2.61536,-0.9674,-0.23042,1.3114
109.58,1.50809,-0.4274,-1.44785,0.73259,0,-1.28861,-0.82912,1.4697,-0.73092,-0.74181,-0.5619,-0.3239,1.10097,0.88442,0.03603,-0.1678,-0.53024,0.44306,-0.07578,0.77156,0.68489,0.05607,0.10359,-0.74662,-0.30704,0.13256,-0.05241,2.72602,-3.46627,11.26718,-0.73269,0.00327,-0.94951,0.74081,1.87592,-2.44407,3.23349,-0.61623,-0.12639,1.28619
109.6,1.62964,-0.43351,-1.45162,0.87564,0,-1.41181,-1.23884,1.63936,-0.78435,-0.70003,-0.64647,-0.40879,0.86536,1.01168,0.05895,-0.26935,-1.33025,0.55846,-0.23825,0.7332,0.84076,-0.00082,0.19079,-0.95819,-0.33709,0.19286,0.81959,3.24985,-3.99596,11.43647,-0.45562,-0.1478,-0.92288,0.62372,1.94446,-1.9441,3.83537,-0.15542,0.01048,1.16556
109.62,1.71957,-0.42379,-1.43243,1.06643,0,-1.47802,-1.60664,1.75331,-0.84848,-0.64474,-0.716,-0.49334,0.5904,1.09063,0.09015,-0.36684,-2.26997,0.64506,-0.4361,0.6685,1.00497,-0.08342,0.28473,-1.17292,-0.39424,0.26122,1.72984,3.67741,-4.65606,11.20169,-0.01408,-0.35937,-0.86979,0.45889,1.94336,-1.27326,4.39235,0.40393,0.17616,0.95726
109.64,1.7701,-0.39377,-1.3837,1.27706,0,-1.47473,-1.917,1.79965,-0.90986,-0.57422,-0.77295,-0.57205,0.28647,1.12332,0.13207,-0.46441,-3.31596,0.70026,-0.66318,0.58048,1.17914,-0.19484,0.38175,-1.36882,-0.47211,0.33431,2.6518,3.97376,-5.41589,10.58812,0.52831,-0.60038,-0.79688,0.23843,1.85909,-0.43114,4.87051,1.04012,0.36354,0.67781
109.66,1.77398,-0.33917,-1.29965,1.47583,0,-1.39326,-2.15397,1.76917,-0.95373,-0.49116,-0.81816,-0.63849,-0.02992,1.11084,0.18655,-0.56418,-4.4196,0.71951,-0.90992,0.47819,1.36155,-0.33675,0.47593,-1.51577,-0.55502,0.4068,3.55191,4.11081,-6.22031,9.64212,1.09386,-0.83413,-0.71137,-0.04313,1.68214,0.56632,5.2312,1.72081,0.56252,0.3507
109.68,1.72521,-0.25643,-1.17603,1.63105,0,-1.2299,-2.30225,1.65636,-0.9657,-0.40173,-0.85034,-0.68634,-0.3378,1.05256,0.2543,-0.66502,-5.51779,0.69519,-1.16345,0.37516,1.54695,-0.50851,0.55988,-1.57519,-0.61569,0.47112,4.38978,4.07063,-6.99366,8.43173,1.59934,-1.02214,-0.62006,-0.3874,1.40836,1.68427,5.43241,2.40421,0.76057,0.00384
109.7,1.61963,-0.14326,-1.01077,1.71469,0,-0.98688,-2.34857,1.46028,-0.93346,-0.31422,-0.86609,-0.71035,-0.61401,0.94612,0.3343,-0.76184,-6.53483,0.61627,-1.40788,0.28728,1.72694,-0.70623,0.6259,-1.50051,-0.61374,0.51726,5.11968,3.84808,-7.64674,7.04526,1.9651,-1.12838,-0.52838,-0.79076,1.04004,2.86784,5.43094,3.04176,0.94357,-0.33338
109.72,1.45561,0.00079,-0.80445,1.70538,0,-0.6728,-2.28318,1.1854,-0.84819,-0.23746,-0.86053,-0.70708,-0.83571,0.7882,0.42317,-0.84558,-7.38542,0.46932,-1.62497,0.2301,1.89073,-0.9217,0.66743,-1.23879,-0.49554,0.53275,5.69368,3.45207,-8.08643,5.58628,2.12346,-1.12351,-0.44019,-1.24342,0.5866,4.04341,5.18506,3.58245,1.097,-0.6332
109.74,1.2345,0.1739,-0.56039,1.5905,0,-0.30254,-2.10126,0.842,-0.70552,-0.17912,-0.82846,-0.67534,-0.98313,0.57617,0.51455,-0.90408,-7.979,0.24086,-1.79492,0.2159,2.02625,-1.14135,0.68073,-0.73377,-0.19598,0.50287,6.06636,2.90512,-8.22737,4.1649,2.02587,-0.98886,-0.35803,-1.72902,0.06456,5.12276,4.6579,3.97866,1.20737,-0.87232
109.76,0.96094,0.37163,-0.2845,1.36711,0,0.10342,-1.80431,0.44626,-0.50618,-0.14405,-0.76599,-0.61623,-1.04224,0.31028,0.59839,-0.92353,-8.2251,-0.07912,-1.89751,0.25072,2.1216,-1.34521,0.66656,0.06961,0.35765,0.41126,6.20093,2.24141,-8.00468,2.88589,1.64829,-0.71964,-0.28388,-2.22506,-0.503,6.01011,3.82136,4.1929,1.26389,-1.03461
109.78,0.64296,0.58687,0.01512,1.04211,0,0.52023,-1.40107,0.01979,-0.25608,-0.13314,-0.6721,-0.53303,-1.00713,-0.00415,0.66056,-0.89018,-8.03965,-0.49319,-1.91346,0.33181,2.16648,-1.50625,0.63161,1.21897,1.23956,0.24084,6.07542,1.50371,-7.38569,1.83625,0.9947,-0.32703,-0.21991,-2.70409,-1.08767,6.6116,2.66056,4.20429,1.25992,-1.11312
109.8,0.2919,0.80986,0.32867,0.63145,0,0.9204,-0.90804,-0.41141,0.03399,-0.14266,-0.54976,-0.43087,-0.88165,-0.35521,0.68243,-0.79183,-7.35126,-0.99278,-1.82582,0.44607,2.15326,-1.59006,0.5895,2.74666,2.5171,-0.02483,5.68786,0.73967,-6.37797,1.07472,0.09787,0.16164,-0.16899,-3.13572,-1.65731,6.84631,1.17847,4.01313,1.19413,-1.11133
109.82,-0.07807,1.02871,0.64529,0.15848,0,1.27596,-0.34896,-0.81889,0.34922,-0.16467,-0.40617,-0.31619,-0.67996,-0.72412,0.64091,-0.61875,-6.10678,-1.55571,-1.62135,0.56985,2.07746,-1.5552,0.56085,4.66079,4.24026,-0.39968,5.05857,-0.00228,-5.03118,0.62541,-0.98291,0.70525,-0.13449,-3.48951,-2.17823,6.65766,-0.59994,3.64209,1.07071,-1.04302
109.84,-0.45082,1.23013,0.95367,-0.34856,0,1.56101,0.24672,-1.17439,0.67214,-0.18825,-0.25194,-0.19615,-0.42579,-1.08642,0.50884,-0.36376,-4.27566,-2.14538,-1.29176,0.67038,1.93733,-1.3544,0.57228,6.93555,6.42953,-0.89291,4.22919,-0.67729,-3.43152,0.47651,-2.16754,1.2538,-0.11931,-3.73839,-2.61768,6.02405,-2.62487,3.13333,0.89886,-0.9308
109.86,-0.80946,1.40047,1.24292,-0.85958,0,1.75451,0.84635,-1.45319,0.98444,-0.20148,-0.09938,-0.07798,-0.15058,-1.41449,0.25593,-0.02177,-1.85343,-2.71219,-0.8348,0.70865,1.73288,-0.9367,0.65449,9.50202,9.06289,-1.50643,3.25846,-1.24838,-1.69023,0.58382,-3.36352,1.75524,-0.12446,-3.8624,-2.94676,4.96724,-4.82057,2.54222,0.6914,-0.80332
109.88,-1.13775,1.52704,1.50327,-1.34572,0,1.84281,1.41701,-1.63728,1.26879,-0.19366,0.03955,0.03175,0.10909,-1.68076,-0.14962,0.41084,1.1348,-3.19709,-0.25533,0.64324,1.46442,-0.25085,0.83939,12.24073,12.06363,-2.23216,2.21619,-1.69005,0.07118,0.87777,-4.47564,2.16291,-0.14762,-3.8521,-3.14323,3.55684,-7.08667,1.92916,0.46303,-0.69159
109.9,-1.42141,1.59924,1.72676,-1.78189,0,1.82148,1.92844,-1.71781,1.51047,-0.15725,0.15528,0.12755,0.31443,-1.8608,-0.7388,0.93643,4.63066,-3.53727,0.43357,0.43458,1.13124,0.7502,1.15667,14.97782,15.2906,-3.04959,1.17641,-1.99052,1.73551,1.27256,-5.41549,2.44188,-0.18244,-3.71068,-3.19384,1.90829,-9.30232,1.35118,0.22863,-0.62465
109.92,-1.64916,1.60966,1.90774,-2.14828,0,1.6958,2.35531,-1.69615,1.69842,-0.08904,0.24192,0.20535,0.42733,-1.93559,-1.53864,1.55566,8.5386,-3.67397,1.20984,0.04913,0.73046,2.10364,1.63001,17.48675,18.53329,-3.92376,0.21059,-2.152,3.20179,1.6763,-6.10922,2.57269,-0.21886,-3.45402,-3.0956,0.17225,-11.33371,0.85467,0.00181,-0.62516
109.94,-1.81333,1.55463,2.04299,-2.43075,0,1.47982,2.67888,-1.58308,1.82553,0.00958,0.29783,0.2626,0.41327,-1.89273,-2.56838,2.26619,12.72281,-3.56194,2.04187,-0.53683,0.2563,3.8303,2.27311,19.49753,21.51358,-4.80439,-0.61857,-2.1889,4.39314,2.00124,-6.50306,2.55209,-0.24492,-3.10817,-2.85573,-1.4849,-13.04499,0.47012,-0.20612,-0.70522
109.96,-1.91026,1.43463,2.1318,-2.62034,0,1.19412,2.88789,-1.39665,1.8885,0.1332,0.32537,0.29807,0.24404,-1.72644,-3.83509,3.06076,17.00607,-3.18007,2.88884,-1.33379,-0.29994,5.92767,3.08603,20.71531,23.89622,-5.62643,-1.26244,-2.12432,5.26077,2.17332,-6.56652,2.39094,-0.24946,-2.70507,-2.49058,-2.90659,-14.31173,0.20905,-0.38675,-0.863
109.98,-1.94027,1.25429,2.17579,-2.71232,0,0.86304,2.9789,-1.15923,1.88726,0.27357,0.33008,0.31175,-0.09946,-1.43699,-5.32912,3.92508,21.17175,-2.5418,3.70172,-2.33598,-0.94926,8.36325,4.05205,20.84907,25.30905,-6.31266,-1.69054,-1.98586,5.78483,2.14019,-6.29391,2.11056,-0.22509,-2.27749,-2.02387,-3.97218,-15.0349,0.06341,-0.53482,-1.08098
110,-1.90753,1.02221,2.17884,-2.70525,0,0.51175,2.95612,-0.89441,1.82436,0.42082,0.31949,0.30455,-0.62455,-1.02955,-7.01986,4.83604,24.9704,-1.70364,4.42549,-3.51878,-1.70314,11.06893,5.13592,19.65022,25.37344,-6.77862,-1.89272,-1.80163,5.97258,1.87666,-5.70399,1.73849,-0.17061,-1.85446,-1.48456,-4.61698,-15.15245,0.00737,-0.64823,-1.32672
110.02,-1.81952,0.75043,2.14668,-2.60032,0,0.16385,2.83053,-0.62435,1.70434,0.56458,0.30194,0.27816,-1.32431,-0.51289,-8.85231,5.76057,28.13176,-0.7696,5.00251,-4.83676,-2.57085,13.93759,6.28371,16.95874,23.74423,-6.94011,-1.87908,-1.59703,5.85459,1.38648,-4.83783,1.30458,-0.092,-1.45823,-0.90475,-4.84074,-14.64552,0.00165,-0.72777,-1.5569
110.04,-1.68622,0.45355,2.08647,-2.40099,0,-0.16042,2.61844,-0.36788,1.53314,0.69472,0.28536,0.23488,-2.17565,0.10203,-10.74529,6.65578,30.38312,0.10995,5.37722,-6.22286,-3.55586,16.8231,7.42488,12.75198,20.15695,-6.72288,-1.67752,-1.39285,5.47921,0.70033,-3.7547,0.83796,-0.00169,-1.10301,-0.31738,-4.70229,-13.53795,-1e-05,-0.77674,-1.72433
110.06,-1.519,0.1475,2.00622,-2.11313,0,-0.44536,2.33961,-0.13924,1.31767,0.80187,0.27622,0.1776,-3.13822,0.80326,-12.59206,7.47046,31.47385,0.74585,5.50181,-7.58934,-4.65205,19.54462,8.47655,7.18775,14.47814,-6.07386,-1.32937,-1.20442,4.90622,-0.12963,-2.52654,0.36487,0.08362,-0.79546,0.24591,-4.30276,-11.89036,-0.04303,-0.80039,-1.78721
110.08,-1.32965,-0.1517,1.91426,-1.7455,0,-0.68031,2.01529,0.05241,1.06556,0.87762,0.2789,0.1098,-4.15458,1.57869,-14.26405,8.1481,31.20465,0.92451,5.34232,-8.83113,-5.84065,21.89599,9.34958,0.62927,6.75151,-4.97218,-0.88406,-1.04181,4.20058,-1.03711,-1.2318,-0.09258,0.146,-0.53625,0.75664,-3.76239,-9.79117,-0.16416,-0.80538,-1.71825
110.1,-1.12935,-0.42921,1.81882,-1.31026,0,-0.85968,1.66653,0.20296,0.78512,0.91467,0.2953,0.03563,-5.15232,2.41605,-15.61821,8.63131,29.45756,0.42904,4.88414,-9.83224,-7.08856,23.66036,9.95604,-6.36296,-2.77044,-3.43782,-0.3936,-0.91062,3.42694,-1.9498,0.05053,-0.51687,0.16933,-0.32217,1.19095,-3.19742,-7.34703,-0.38525,-0.79908,-1.51146
110.12,-0.92798,-0.67233,1.72765,-0.82335,0,-0.98254,1.31267,0.31283,0.48536,0.90696,0.32508,-0.04002,-6.04834,3.30219,-16.50815,8.86705,26.22208,-0.93305,4.13563,-10.47537,-8.34909,24.62946,10.21699,-13.08469,-13.61962,-1.5354,0.09242,-0.81305,2.64523,-2.79699,1.24639,-0.89501,0.14175,-0.14803,1.53041,-2.70176,-4.67405,-0.70978,-0.78882,-1.18431
110.14,-0.7336,-0.87131,1.6477,-0.30433,0,-1.0518,0.9703,0.38607,0.17597,0.84985,0.36618,-0.11151,-6.75564,4.22153,-16.79857,8.81253,21.61289,-3.29704,3.12922,-10.65465,-9.56506,24.62652,10.0702,-18.78804,-25.13639,0.62818,0.53101,-0.74902,1.90738,-3.51623,2.29146,-1.21816,0.05703,-0.00801,1.76224,-2.3363,-1.89038,-1.12269,-0.78104,-0.77452
110.16,-0.55207,-1.01989,1.58481,0.22425,0,-1.07323,0.65247,0.42936,-0.13274,0.74033,0.41581,-0.17251,-7.19204,5.15422,-16.38225,8.44106,15.87658,-6.70694,1.91998,-10.29005,-10.67407,23.53098,9.47734,-22.81273,-36.52255,2.91202,0.88904,-0.71713,1.25508,-4.05881,3.13515,-1.48113,-0.08508,0.10353,1.87914,-2.1258,0.88974,-1.59325,-0.78031,-0.33236
110.18,-0.38696,-1.11553,1.54352,0.73791,0,-1.05441,0.36826,0.45085,-0.43007,0.57744,0.47139,-0.21619,-7.28964,6.07465,-15.19736,7.74742,9.3847,-11.08587,0.58202,-9.34145,-11.61472,21.30151,8.43001,-24.71814,-46.91498,5.15392,1.14537,-0.71542,0.71856,-4.3937,3.74374,-1.68177,-0.27933,0.1919,1.87892,-2.0619,3.56037,-2.07967,-0.78851,0.08945
110.2,-0.23967,-1.15952,1.52693,1.21158,0,-1.00386,0.12277,0.45912,-0.70532,0.36264,0.53136,-0.23558,-7.00335,6.95065,-13.24182,6.75137,2.60932,-16.21838,-0.79693,-7.81892,-12.33224,17.99181,6.95343,-24.37922,-55.469,7.18564,1.29177,-0.74188,0.31625,-4.50973,4.10207,-1.82044,-0.51598,0.26211,1.76402,-2.10994,6.02679,-2.53429,-0.80412,0.4455
110.22,-0.1097,-1.1566,1.53657,1.62109,0,-0.93017,-0.08265,0.46221,-0.94829,0.10021,0.59549,-0.22415,-6.31674,7.74398,-10.58098,5.49794,-3.92242,-21.75138,-2.12266,-5.78598,-12.78177,13.75384,5.10634,-22.01519,-61.44123,8.84918,1.33251,-0.79464,0.05536,-4.41546,4.21345,-1.89946,-0.78224,0.31902,1.54104,-2.21755,8.20739,-2.90831,-0.8218,0.705
110.24,0.00487,-1.1143,1.57226,1.94483,0,-0.84139,-0.24981,0.46688,-1.1501,-0.20262,0.66472,-0.17647,-5.24419,8.41205,-7.34658,4.05381,-9.69395,-27.21736,-3.30313,-3.35434,-12.92889,8.82575,2.97651,-18.13922,-64.26509,10.01296,1.2825,-0.87184,-0.06692,-4.13668,4.09767,-1.92244,-1.06374,0.36745,1.22015,-2.32375,10.0349,-3.15554,-0.83245,0.85551
110.26,0.10691,-1.042,1.63202,2.16541,0,-0.74454,-0.38297,0.47797,-1.30407,-0.53556,0.74056,-0.08907,-3.8296,8.91095,-3.72727,2.50048,-14.27629,-32.07806,-4.25787,-0.67123,-12.74807,3.50673,0.67253,-13.44354,-63.61449,10.58672,1.16445,-0.97128,-0.06186,-3.71214,3.78746,-1.89376,-1.34621,0.41215,0.81463,-2.36752,11.45778,-3.23537,-0.82355,0.90304
110.28,0.1996,-0.94984,1.71202,2.27128,0,-0.64531,-0.48805,0.49807,-1.40659,-0.88541,0.8242,0.03877,-2.14253,9.19911,0.04706,0.92563,-17.40021,-35.78258,-4.92695,2.09748,-12.22051,-1.87501,-1.68614,-8.65375,-59.45024,10.53349,1.00542,-1.08992,0.05268,-3.18824,3.32428,-1.81813,-1.61692,0.4577,0.34039,-2.29534,12.44177,-3.11545,-0.78021,0.86936
110.3,0.28597,-0.84775,1.80668,2.25796,0,-0.548,-0.57186,0.52727,-1.45778,-1.23639,0.91578,0.20436,-0.27261,9.24092,3.72511,-0.58547,-19.00371,-37.8309,-5.27771,4.78487,-11.33289,-6.99483,-3.97891,-4.39243,-52.03923,9.87618,0.83337,-1.22336,0.25387,-2.61366,2.75401,-1.70038,-1.86591,0.50826,-0.18432,-2.06708,12.97152,-2.77449,-0.6866,0.78742
110.32,0.36841,-0.74448,1.90877,2.12851,0,-0.45553,-0.64135,0.56327,-1.46164,-1.5706,1.01378,0.40134,1.67761,9.00901,7.05647,-1.95745,-19.23834,-37.83425,-5.30772,7.23859,-10.0774,-11.55956,-6.09212,-1.08436,-41.93581,8.69632,0.67392,-1.36539,0.5155,-2.03428,2.1228,-1.54543,-2.08669,0.56727,-0.73922,-1.65991,13.05144,-2.20536,-0.52798,0.69583
110.34,0.44839,-0.64681,2.00973,1.89316,0,-0.3697,-0.70302,0.60163,-1.42562,-1.86876,1.1148,0.61985,3.60088,8.48504,9.81523,-3.13044,-18.42918,-35.56579,-5.04332,9.33284,-8.45343,-15.32849,-7.92501,1.08051,-29.92166,7.12403,0.54766,-1.50765,0.80929,-1.48883,1.47343,-1.35833,-2.27635,0.63704,-1.30245,-1.06982,12.70552,-1.41834,-0.29311,0.63287
110.36,0.52621,-0.55901,2.10003,1.56821,0,-0.29143,-0.76238,0.63628,-1.35958,-2.11116,1.21373,0.84712,5.3941,7.65936,11.82311,-4.06381,-16.99824,-30.99803,-4.53455,10.97668,-6.47056,-18.12747,-9.39397,2.13,-16.91345,5.32118,0.46803,-1.63945,1.10615,-1.0055,0.84226,-1.14436,-2.43513,0.71836,-1.85108,-0.31131,11.97622,-0.44407,0.02315,0.63082
110.38,0.60101,-0.48244,2.16973,1.17438,0,-0.22112,-0.82362,0.66024,-1.2746,-2.27883,1.30415,1.0684,6.96673,6.53058,12.96913,-4.73792,-15.37267,-24.32306,-3.84779,12.11869,-4.15246,-19.85685,-10.43554,2.25567,-3.85673,3.46121,0.44015,-1.74796,1.37722,-0.59999,0.25708,-0.90921,-2.56547,0.81017,-2.36183,0.5845,10.92282,0.66474,0.41741,0.71114
110.4,0.67082,-0.4156,2.20909,0.73506,0,-0.15912,-0.88934,0.66645,-1.18154,-2.35474,1.37901,1.26819,8.24737,5.10573,13.22176,-5.15376,-13.9021,-15.94967,-3.05776,12.74765,-1.5405,-20.4936,-11.00877,1.74315,8.37325,1.70959,0.4606,-1.81858,1.5949,-0.27528,-0.26389,-0.65911,-2.67057,0.90935,-2.81192,1.57281,9.61919,1.83394,0.87605,0.88118
110.42,0.73276,-0.3544,2.20922,0.27436,0,-0.10607,-0.96048,0.64873,-1.08978,-2.32488,1.43122,1.43146,9.18743,3.40141,12.63008,-5.33025,-12.80468,-6.47062,-2.2398,12.88882,1.30435,-20.08731,-11.09665,0.90525,19.04854,0.20793,0.51844,-1.8356,1.73376,-0.02347,-0.71167,-0.40076,-2.75243,1.01061,-3.17974,2.59902,8.15015,2.97198,1.37462,1.13304
110.44,0.78332,-0.29291,2.16261,-0.18482,0,-0.06326,-1.03628,0.60266,-1.00603,-2.17915,1.45431,1.54491,9.76143,1.4456,11.3128,-5.29945,-12.15114,3.40114,-1.46314,12.59612,4.3023,-18.75042,-10.70684,0.02885,27.63651,-0.93712,0.59728,-1.78309,1.77154,0.17043,-1.08495,-0.14116,-2.80947,1.10676,-3.44576,3.6033,6.60622,3.97802,1.87882,1.44464
110.46,0.81874,-0.22427,2.06367,-0.62256,0,-0.03282,-1.11437,0.5265,-0.93347,-1.91206,1.44293,1.59819,9.96481,-0.72018,9.43792,-5.10047,-11.88378,12.91936,-0.78528,11.94153,7.35837,-16.64483,-9.87185,-0.66037,33.82033,-1.66016,0.6783,-1.64609,1.69011,0.32342,-1.38774,0.11287,-2.83427,1.1891,-3.59338,4.52576,5.077,4.75296,2.34684,1.78279
110.48,0.83546,-0.14181,1.90918,-1.02332,0,-0.01774,-1.19105,0.42167,-0.87127,-1.52335,1.39334,1.58495,9.81044,-3.03906,7.19853,-4.77363,-11.8585,21.39799,-0.24788,11.00399,10.36805,-13.96734,-8.6488,-1.01663,37.49753,-1.93951,0.74339,-1.41203,1.47673,0.44911,-1.62665,0.35507,-2.8119,1.24834,-3.61005,5.3116,3.64434,5.21187,2.73293,2.1076
110.5,0.8305,-0.04013,1.69873,-1.37665,0,-0.02145,-1.26155,0.29302,-0.81468,-1.01851,1.30376,1.50355,9.32475,-5.43823,4.79033,-4.35576,-11.89468,28.29213,0.12573,9.85965,13.22391,-10.93612,-7.1182,-0.97909,38.76169,-1.79679,0.77803,-1.0722,1.12532,0.55308,-1.80848,0.58007,-2.71965,1.2756,-3.48854,5.91562,2.37609,5.29494,2.9918,2.3774
110.52,0.80182,0.084,1.43491,-1.67698,0,-0.04718,-1.32047,0.14825,-0.75587,-0.40901,1.17454,1.35721,8.54391,-7.83058,2.39487,-3.87781,-11.81949,33.25033,0.33117,8.57454,15.82221,-7.77844,-5.3808,-0.56619,37.87024,-1.29407,0.77318,-0.62323,0.63766,0.63019,-1.93837,0.78341,-2.52848,1.26389,-3.22803,6.30537,1.32138,4.97492,3.08317,2.55355
110.54,0.74855,0.23096,1.12322,-1.92255,0,-0.0969,-1.36214,-0.00312,-0.68521,0.28784,1.00806,1.15355,7.51037,-10.11903,0.17031,-3.36472,-11.49879,36.13156,0.38186,7.2001,18.06885,-4.7198,-3.55186,0.13801,35.20181,-0.52881,0.72593,-0.06829,0.02434,0.66406,-2.01892,0.96129,-2.20642,1.2096,-2.835,6.46265,0.50743,4.2598,2.97642,2.60461
110.56,0.67107,0.39795,0.77172,-2.1137,0,-0.17007,-1.38117,-0.15141,-0.5931,1.04947,0.80845,0.9036,6.26997,-12.20325,-1.75137,-2.83728,-10.85283,36.99078,0.30635,5.77175,19.88461,-1.97367,-1.75334,1.00267,31.20828,0.37346,0.63916,0.58209,-0.69472,0.62912,-2.05008,1.11026,-1.72344,1.11405,-2.32371,6.38371,-0.06202,3.19106,2.65493,2.50976
110.58,0.57109,0.57887,0.39055,-2.25126,0,-0.2626,-1.37301,-0.28847,-0.47185,1.84891,0.58126,0.6206,4.86989,-13.98752,-3.26271,-2.31525,-9.85941,36.04354,0.14454,4.31017,21.20917,0.26804,-0.10505,1.87155,26.36783,1.26875,0.52025,1.30952,-1.49019,0.4944,-2.02994,1.22687,-1.05711,0.98478,-1.71641,6.07842,-0.40667,1.83885,2.11952,2.26118
110.6,0.45163,0.76456,-0.00852,-2.33522,0,-0.36621,-1.33457,-0.40904,-0.31727,2.65593,0.33303,0.31877,3.35756,-15.38776,-4.27772,-1.82062,-8.54785,33.62019,-0.05699,2.8251,22.00266,1.8442,1.28387,2.58454,21.14388,2.00701,0.37956,2.08779,-2.32404,0.22886,-1.9558,1.30772,-0.19797,0.83621,-1.04304,5.56866,-0.56789,0.29531,1.39068,1.86526
110.62,0.31696,0.94327,-0.41266,-2.36439,0,-0.4686,-1.26476,-0.51139,-0.12956,3.43841,0.07102,0.01236,1.78004,-16.33598,-4.72972,-1.37992,-6.98702,30.11719,-0.25014,1.32068,22.24346,2.63345,2.32212,2.9976,15.95217,2.4475,0.22865,2.88362,-3.15105,-0.19265,-1.82544,1.34979,0.84644,0.68935,-0.33999,4.8859,-0.60518,-1.33308,0.50838,1.34207
110.64,0.17243,1.10139,-0.80851,-2.33686,0,-0.55451,-1.16495,-0.59719,0.08661,4.16394,-0.19719,-0.28517,0.18338,-16.78158,-4.57165,-1.02499,-5.26973,25.95049,-0.39078,-0.19841,21.92225,2.56304,2.94167,3.00007,11.13636,2.47659,0.0786,3.65818,-3.9215,-0.78321,-1.63821,1.35116,2.04958,0.57031,0.35194,4.0678,-0.59075,-2.93382,-0.47039,0.72317
110.66,0.02418,1.2245,-1.18281,-2.2513,0,-0.60758,-1.03919,-0.67052,0.32285,4.80181,-0.46403,-0.56169,-1.38808,-16.69047,-3.77909,-0.79215,-3.49628,21.51477,-0.44404,-1.7211,21.03431,1.61705,3.1013,2.52859,6.95204,2.02611,-0.06141,4.36948,-4.58477,-1.53842,-1.39565,1.31191,3.366,0.50786,0.99061,3.15437,-0.60282,-4.3967,-1.47648,0.04805
110.68,-0.12117,1.2985,-1.52306,-2.10866,0,-0.61257,-0.89427,-0.73655,0.56827,5.3251,-0.72228,-0.80677,-2.89268,-16.04399,-2.35529,-0.72006,-1.75981,17.15201,-0.38865,-3.22541,19.57369,-0.15756,2.78824,1.57677,3.55927,1.08881,-0.18518,4.97546,-5.09353,-2.43245,-1.10157,1.23487,4.7332,0.53024,1.53598,2.18425,-0.71819,-5.62167,-2.43458,-0.63988
110.7,-0.25692,1.31081,-1.81816,-1.91366,0,-0.55766,-0.73951,-0.80009,0.81101,5.71271,-0.9653,-1.01192,-4.29244,-14.839,-0.33656,-0.84691,-0.13592,13.13123,-0.21948,-4.67637,17.53188,-2.64914,2.0177,0.19931,1.02351,-0.27337,-0.29004,5.43728,-5.40793,-3.41687,-0.76123,1.12582,6.07479,0.66196,1.95339,1.19177,-1.00505,-6.52537,-3.26953,-1.29709
110.72,-0.37674,1.25135,-2.05887,-1.67556,0,-0.43624,-0.58605,-0.86431,1.03954,5.95083,-1.18725,-1.17068,-5.55402,-13.08957,2.20401,-1.20723,1.32189,9.64005,0.05258,-6.02742,14.90277,-5.68607,0.82966,-1.49111,-0.67485,-1.93207,-0.37672,5.72248,-5.49887,-4.42308,-0.37967,0.99266,7.3048,0.9207,2.21639,0.20503,-1.51656,-7.04557,-3.91208,-1.88278
110.74,-0.47517,1.1134,-2.23822,-1.4079,0,-0.24805,-0.44583,-0.92984,1.24394,6.03378,-1.38318,-1.27866,-6.64979,-10.83032,5.15576,-1.82855,2.58087,6.78656,0.40347,-7.22539,11.69336,-9.04904,-0.71661,-3.33455,-1.62371,-3.70768,-0.44864,5.80781,-5.35035,-5.36863,0.04089,0.8437,8.33295,1.31475,2.30871,-0.75478,-2.28565,-7.14363,-4.30364,-2.36071
110.76,-0.54806,0.89421,-2.35182,-1.12732,0,0.00042,-0.33007,-0.99438,1.41677,5.96408,-1.54919,-1.33357,-7.55901,-8.12061,8.37317,-2.72801,3.62323,4.60909,0.80089,-8.21838,7.93858,-12.48956,-2.54954,-5.14115,-1.95766,-5.3946,-0.51078,5.68145,-4.96055,-6.16665,0.50369,0.68518,9.07122,1.841,2.2255,-1.67303,-3.32103,-6.80528,-4.40028,-2.7002
110.78,-0.5931,0.59563,-2.39811,-0.85189,0,0.29618,-0.24782,-1.05269,1.55375,5.75221,-1.68255,-1.33519,-8.26899,-5.04867,11.68162,-3.90883,4.43822,3.09047,1.21023,-8.96484,3.7165,-15.7516,-4.59177,-6.71269,-1.835,-6.79138,-0.56837,5.34473,-4.3421,-6.73666,1.0191,0.51922,9.44129,2.48353,1.97393,-2.54013,-4.60438,-6.04075,-4.17584,-2.87673
110.8,-0.61012,0.22462,-2.37856,-0.59957,0,0.62064,-0.20471,-1.09711,1.65403,5.41576,-1.78191,-1.28548,-8.77581,-1.73372,14.88581,-5.35672,5.01489,2.17343,1.59971,-9.44132,-0.84075,-18.59221,-6.76448,-7.8654,-1.4169,-7.7292,-0.62582,4.81285,-3.52129,-7.01444,1.60414,0.34267,9.3827,3.21284,1.57317,-3.34911,-6.08868,-4.88452,-3.62427,-2.87265
110.82,-0.60118,-0.2063,-2.29763,-0.38682,0,0.95106,-0.20212,-1.11843,1.72001,4.97781,-1.84741,-1.18846,-9.08396,1.67611,17.78017,-7.03634,5.33763,1.77447,1.94383,-9.64665,-5.54517,-20.7977,-8.98798,-8.45129,-0.85108,-8.09331,-0.68609,4.11407,-2.5361,-6.95873,2.27865,0.14792,8.86063,3.98597,1.0535,-4.09224,-7.69808,-3.39476,-2.76093,-2.67807
110.84,-0.57036,-0.67881,-2.16246,-0.2279,0,1.26252,-0.23699,-1.10709,1.75667,4.46451,-1.88071,-1.05002,-9.20472,5.01147,20.16142,-8.88813,5.38569,1.79474,2.22451,-9.60161,-10.16269,-22.19415,-11.17876,-8.37625,-0.26119,-7.83451,-0.75056,3.28709,-1.4329,-6.55391,3.05827,-0.07445,7.87259,4.74749,0.45448,-4.75739,-9.32937,-1.65207,-1.62248,-2.29218
110.86,-0.52334,-1.16884,-1.98236,-0.13427,0,1.53031,-0.30218,-1.05461,1.77052,3.90196,-1.88486,-0.87763,-9.15385,8.09453,21.84262,-10.82629,5.13672,2.12754,2.43026,-9.34456,-14.43369,-22.65307,-13.24426,-7.61358,0.25858,-6.97106,-0.81958,2.37718,-0.26226,-5.80867,3.94511,-0.3315,6.45337,5.43189,-0.17765,-5.32465,-10.85587,0.24253,-0.2658,-1.72473
110.88,-0.46684,-1.647,-1.76819,-0.11429,0,1.73249,-0.38721,-0.95509,1.7683,3.31327,-1.86408,-0.67999,-8.94909,10.75471,22.668,-12.73841,4.57352,2.66326,2.55438,-8.92487,-18.09997,-22.09445,-15.07779,-6.21175,0.64473,-5.58333,-0.8934,1.43164,0.92519,-4.75199,4.91803,-0.62353,4.67734,5.96714,-0.79315,-5.76473,-12.13373,2.17052,1.2338,-0.99767
110.9,-0.408,-2.07946,-1.53187,-0.17261,0,1.85209,-0.47919,-0.80654,1.75572,2.71613,-1.82322,-0.46671,-8.60831,12.84455,22.52622,-14.4875,3.69221,3.29265,2.59303,-8.39551,-20.93274,-20.48842,-16.55585,-4.29421,0.86323,-3.8035,-0.97334,0.49577,2.08214,-3.42728,5.92501,-0.94047,2.65663,6.2797,-1.3421,-6.03982,-13.01085,3.99998,2.78496,-0.14616
110.92,-0.35382,-2.4294,-1.28579,-0.30922,0,1.87875,-0.56394,-0.61184,1.73605,2.12127,-1.76685,-0.248,-8.1481,14.25301,21.35967,-15.91705,2.51023,3.90973,2.54411,-7.80624,-22.75646,-17.85581,-17.53992,-2.04902,0.90669,-1.80168,-1.06291,-0.39032,3.16638,-1.88551,6.87963,-1.26058,0.53362,6.30057,-1.77788,-6.10778,-13.33832,5.59156,4.28326,0.78155
110.94,-0.31062,-2.65916,-1.04226,-0.5182,0,1.80956,-0.62704,-0.37908,1.70901,1.53203,-1.69809,-0.03432,-7.58307,14.91486,19.16848,-16.85953,1.07237,4.41492,2.40707,-7.19763,-23.46563,-14.2675,-17.88363,0.292,0.79071,0.23046,-1.1688,-1.19379,4.14115,-0.17793,7.66327,-1.55174,-1.53276,5.97228,-2.06051,-5.92944,-12.98393,6.80648,5.6154,1.72596
110.96,-0.28358,-2.73311,-0.81288,-0.78636,0,1.64916,-0.65496,-0.12134,1.66989,0.94492,-1.61723,0.16409,-6.92556,14.81603,16.01009,-17.14864,-0.54595,4.71907,2.18382,-6.59668,-23.03435,-9.84294,-17.44558,2.4825,0.54969,2.0978,-1.30118,-1.89008,4.97447,1.65039,8.1332,-1.77535,-3.38538,5.25638,-2.1599,-5.47786,-11.84732,7.51671,6.66503,2.61987
110.98,-0.27634,-2.62103,-0.60797,-1.09235,0,1.40915,-0.63615,0.14416,1.60942,0.35123,-1.5208,0.33764,-6.18586,13.99514,11.99623,-16.63505,-2.23931,4.74835,1.88016,-6.01417,-21.51905,-4.74828,-16.10668,4.29428,0.23194,3.6203,-1.4733,-2.4631,5.63822,3.56497,8.13626,-1.89206,-4.88862,4.14057,-2.05878,-4.74759,-9.8753,7.61652,7.32052,3.3934
111,-0.29064,-2.30177,-0.43606,-1.4069,0,1.10716,-0.56216,0.39744,1.51444,-0.26058,-1.40135,0.47797,-5.3725,12.5409,7.28813,-15.20416,-3.87756,4.44963,1.50704,-5.44389,-19.0543,0.80659,-13.78959,5.54752,-0.10626,4.65072,-1.69988,-2.90485,6.10774,5.54237,7.52686,-1.86817,-5.94523,2.64434,-1.75486,-3.76091,-7.07491,7.03387,7.4849,3.98015
111.02,-0.32612,-1.76668,-0.30339,-1.69466,0,0.76523,-0.42864,0.61768,1.36976,-0.90162,-1.24839,0.57849,-4.49214,10.58437,2.08996,-12.79394,-5.3167,3.79548,1.081,-4.86363,-15.84031,6.57367,-10.47711,6.13374,-0.40811,5.09026,-1.99408,-3.21433,6.36237,7.56588,6.18781,-1.68178,-6.5069,0.82135,-1.26181,-2.56877,-3.52145,5.74019,7.08736,4.32379
111.04,-0.38018,-1.0224,-0.21354,-1.91785,0,0.40779,-0.2362,0.78559,1.16085,-1.57908,-1.05031,0.6349,-3.54881,8.28598,-3.36013,-9.41068,-6.41507,2.78829,0.62333,-4.23788,-12.12229,12.2764,-6.22689,6.02839,-0.62486,4.90091,-2.36328,-3.39628,6.38699,9.61669,4.05223,-1.32775,-6.57697,-1.24192,-0.60874,-1.2452,0.64048,3.75742,6.09561,4.38475
111.06,-0.44795,-0.09281,-0.16704,-2.04124,0,0.05932,0.009,0.88604,0.8772,-2.29272,-0.79728,0.64579,-2.54309,5.81874,-8.80128,-5.14106,-7.05296,1.46266,0.15813,-3.52214,-8.16413,17.62331,-1.18062,5.29272,-0.7247,4.11347,-2.80419,-3.45963,6.17437,11.66243,1.1242,-0.82092,-6.2058,-3.43158,0.16174,0.12353,5.20287,1.16183,4.52749,4.1463
111.08,-0.52249,0.98009,-0.16125,-2.0374,0,-0.2581,0.29496,0.91047,0.51561,-3.03206,-0.48421,0.61295,-1.47191,3.35071,-13.96256,-0.15853,-7.15202,-0.11441,-0.29023,-2.66905,-4.22092,22.32462,4.43387,4.06566,-0.69997,2.82939,-3.2987,-3.41625,5.72762,13.64631,-2.50497,-0.197,-5.48115,-5.6144,0.9966,1.45208,9.90603,-1.91525,2.45933,3.61925
111.1,-0.59515,2.13696,-0.19038,-1.89122,0,-0.52674,0.60412,0.85867,0.08253,-3.77479,-0.11322,0.5415,-0.33011,1.02957,-18.57586,5.27922,-6.68981,-1.84673,-0.69954,-1.63603,-0.51517,26.10944,10.30979,2.5462,-0.57034,1.21409,-3.81158,-3.27996,5.06167,15.48008,-6.6493,0.48946,-4.5157,-7.64763,1.83629,2.66821,14.45475,-5.29047,0.02781,2.8436
111.12,-0.65624,3.3038,-0.2459,-1.60221,0,-0.73469,0.9143,0.73928,-0.40531,-4.48696,0.30526,0.43957,0.88594,-1.02856,-22.38851,10.8445,-5.70537,-3.61639,-1.05166,-0.39413,2.77983,28.74178,16.08018,0.96713,-0.38018,-0.52045,-4.29129,-3.06581,4.2025,17.04354,-11.03331,1.17073,-3.43321,-9.38959,2.61927,3.72099,18.53807,-8.73623,-2.5779,1.88616
111.14,-0.69594,4.39695,-0.31734,-1.18435,0,-0.87646,1.20037,0.56894,-0.92222,-5.12537,0.75303,0.31744,2.17276,-2.74515,-25.17572,16.16697,-4.29391,-5.29563,-1.33357,1.06282,5.54837,30.03441,21.34898,-0.43854,-0.18962,-2.14381,-4.67423,-2.78954,3.18406,18.19203,-15.31212,1.77482,-2.35472,-10.71063,3.28715,4.58371,21.8524,-11.99391,-5.13476,0.8334
111.16,-0.70533,5.33011,-0.39329,-0.66369,0,-0.95294,1.43669,0.37019,-1.43666,-5.64168,1.20604,0.18639,3.51349,-4.08048,-26.75334,20.87118,-2.59233,-6.76184,-1.53766,2.71006,7.7329,29.86126,25.73139,-1.47402,-0.06094,-3.44221,-4.89212,-2.46716,2.04344,18.77122,-19.10447,2.23663,-1.38578,-11.504,3.78994,5.25198,24.12696,-14.79254,-7.41283,-0.21928
111.18,-0.6776,6.02233,-0.46267,-0.0746,0,-0.97078,1.5998,0.16864,-1.91528,-5.98808,1.63693,0.05742,4.87251,-5.03115,-26.99123,24.61793,-0.75961,-7.91251,-1.66152,4.48678,9.32859,28.1687,28.89705,-2.01155,-0.04355,-4.25353,-4.88119,-2.11471,0.81653,18.63702,-22.03381,2.50885,-0.60616,-11.69603,4.09101,5.73824,25.14953,-16.87141,-9.20535,-1.17986
111.2,-0.60903,6.40587,-0.51577,0.54418,0,-0.94122,1.67108,-0.01019,-2.32686,-6.12316,2.01813,-0.05983,6.19334,-5.62449,-25.82571,27.141,1.04351,-8.67676,-1.70725,6.29603,10.37335,24.98453,30.60727,-2.0138,-0.16153,-4.49405,-4.59144,-1.74803,-0.4643,17.67686,-23.77061,2.56981,-0.0635,-11.2541,4.17074,6.06443,24.78883,-18.00446,-10.35546,-1.97087
111.22,-0.49963,6.43264,-0.54513,1.15305,0,-0.87857,1.63891,-0.14374,-2.64549,-6.01741,2.32469,-0.15775,7.40111,-5.91064,-23.26875,28.2719,2.67183,-9.02015,-1.68067,8.01176,10.93458,20.42232,30.73837,-1.53769,-0.40695,-4.1697,-3.99424,-1.38229,-1.76871,15.82836,-24.06954,2.42593,0.22818,-10.19084,4.02811,6.25404,23.0095,-18.02372,-10.77359,-2.53752
111.24,-0.35334,6.07843,-0.54608,1.71423,0,-0.79819,1.50001,-0.21492,-2.85232,-5.65736,2.53652,-0.23094,8.41053,-5.95305,-19.41231,27.94914,4.0082,-8.94183,-1.59033,9.49321,11.09392,14.67941,29.28751,-0.71862,-0.74051,-3.36916,-3.08722,-1.03136,-3.06363,13.09254,-22.79742,2.10803,0.28485,-8.56366,3.67975,6.32479,19.87744,-16.83986,-10.44315,-2.85162
111.26,-0.17772,5.3452,-0.51689,2.19366,0,-0.71446,1.26012,-0.21397,-2.93628,-5.04846,2.63985,-0.27595,9.13822,-5.81851,-14.42775,26.21413,4.97095,-8.46562,-1.4465,10.60497,10.93217,8.02869,26.36334,0.26088,-1.09886,-2.24146,-1.89621,-0.70685,-4.30641,9.5408,-19.95047,1.66245,0.14502,-6.46997,3.15696,6.28291,15.556,-14.45792,-9.41535,-2.9115
111.28,0.01666,4.26137,-0.45872,2.56246,0,-0.63881,0.93375,-0.13967,-2.89403,-4.21647,2.62817,-0.29094,9.51682,-5.56819,-8.56093,23.19841,5.51695,-7.6284,-1.26041,11.2387,10.51683,0.80576,22.16731,1.20968,-1.40614,-0.96499,-0.47427,-0.41731,-5.439,5.3154,-15.66024,1.13982,-0.13977,-4.03941,2.50146,6.12021,10.29469,-10.98608,-7.79646,-2.7389
111.3,0.21715,2.88041,-0.37532,2.79822,0,-0.57833,0.54333,0.00036,-2.72945,-3.20721,2.50276,-0.2753,9.50757,-5.25116,-2.12238,19.10668,5.64089,-6.46972,-1.04369,11.33138,9.89447,-6.60803,16.97083,1.96378,-1.58687,0.28428,1.10193,-0.1677,-6.38624,0.62287,-10.18626,0.58441,-0.51417,-1.42384,1.76073,5.81473,4.41174,-6.63356,-5.7312,-2.37345
111.32,0.41018,1.27719,-0.27251,2.88627,0,-0.53516,0.11739,0.19041,-2.45299,-2.08394,2.27258,-0.22951,9.10797,-4.901,4.52886,14.19785,5.37142,-5.02506,-0.80806,10.87553,9.08926,-13.80673,11.09157,2.41124,-1.57751,1.35869,2.73859,0.04053,-7.06073,-4.28086,-3.89301,0.0267,-0.9266,1.21445,0.98339,5.33543,-1.72993,-1.69424,-3.3846,-1.86583
111.34,0.58248,-0.45784,-0.15757,2.821,0,-0.50671,-0.31206,0.40842,-2.08083,-0.92241,1.95362,-0.15533,8.35309,-4.53591,11.00864,8.76538,4.76446,-3.32401,-0.56513,9.91914,8.10769,-20.38578,4.87003,2.50238,-1.33528,2.15551,4.33392,0.20889,-7.37488,-9.11364,2.78886,-0.5197,-1.33405,3.71599,0.21492,4.65032,-7.75275,3.48508,-0.92413,-1.26991
111.36,0.72253,-2.22623,-0.03842,2.60713,0,-0.48664,-0.71283,0.62856,-1.63396,0.19618,1.56777,-0.05608,7.31072,-4.16152,16.93695,3.11789,3.89511,-1.39297,-0.32641,8.55652,6.94818,-25.97167,-1.35224,2.24616,-0.84346,2.62376,5.78895,0.34075,-7.25835,-13.59602,9.41194,-1.05685,-1.7043,5.93804,-0.50584,3.73708,-13.29828,8.54705,1.49636,-0.63524
111.38,0.82174,-3.92955,0.07717,2.26066,0,-0.46635,-1.05597,0.8243,-1.13729,1.19305,1.14128,0.06288,6.07251,-3.77567,21.96927,-2.4388,2.84922,0.73933,-0.10328,6.91348,5.613,-30.25218,-7.25196,1.69732,-0.11341,2.76281,7.0184,0.44016,-6.67649,-17.48092,15.56274,-1.59797,-2.01619,7.76718,-1.14939,2.59363,-18.0598,13.16804,3.7492,-0.00084
111.4,0.87542,-5.47664,0.18217,1.80891,0,-0.43659,-1.31868,0.97126,-0.61849,1.99936,0.70296,0.19407,4.74299,-3.37358,25.82459,-7.61719,1.7159,3.03574,0.09303,5.13048,4.11938,-33.00234,-12.53996,0.9397,0.81676,2.61491,7.95928,0.5108,-5.64449,-20.57783,20.90267,-2.16114,-2.25849,9.12842,-1.69678,1.2462,-21.8077,17.09356,5.74032,0.608
111.42,0.88307,-6.78895,0.27085,1.28901,0,-0.38897,-1.48638,1.04974,-0.10656,2.56237,0.28198,0.32802,3.42777,-2.95217,28.30575,-12.16157,0.58149,5.44618,0.25155,3.34654,2.50663,-34.10136,-16.97346,0.07005,1.88679,2.25328,8.57545,0.55532,-4.23217,-22.766,25.19061,-2.76237,-2.42814,9.9887,-2.13922,-0.24786,-24.4026,20.15648,7.41049,1.1794
111.44,0.84819,-7.80386,0.33897,0.74466,0,-0.31721,-1.5536,1.04645,0.37013,2.84973,-0.09462,0.45408,2.22206,-2.51294,29.30989,-15.85974,-0.47514,7.90611,0.36189,1.68531,0.83757,-33.53818,-20.36537,-0.815,3.02174,1.76766,8.85734,0.57521,-2.55728,-23.99499,28.28449,-3.40901,-2.52811,10.35416,-2.47622,-1.80362,-25.79452,22.2752,8.73038,1.71064
111.46,0.77744,-8.47623,0.38395,0.22149,0,-0.21799,-1.5237,0.95557,0.7861,2.8519,-0.40458,0.56156,1.20046,-2.06296,28.83036,-18.55366,-1.38621,10.33826,0.41483,0.24439,-0.80561,-31.40724,-22.59155,-1.62803,4.14134,1.24894,8.81774,0.57117,-0.76882,-24.27477,30.12619,-4.09438,-2.56528,10.26265,-2.71259,-3.31782,-26.0109,23.43588,9.69162,2.20144
111.48,0.67957,-8.77901,0.40475,-0.23812,0,-0.09143,-1.40796,0.77921,1.1211,2.58296,-0.63281,0.64109,0.40909,-1.61466,26.95246,-20.14872,-2.09829,12.65656,0.40306,-0.91181,-2.32951,-27.89743,-23.59645,-2.29658,5.16963,0.77543,8.48532,0.54374,0.97502,-23.6603,30.71869,-4.79412,-2.54846,9.7735,-2.85519,-4.68159,-25.13859,23.66766,10.29638,2.6466
111.5,0.56424,-8.70333,0.4018,-0.59972,0,0.05867,-1.22387,0.52719,1.3619,2.07966,-0.773,0.68585,-0.1383,-1.18453,23.84446,-20.61985,-2.57573,14.77095,0.32208,-1.75491,-3.63974,-23.27596,-23.39598,-2.76643,6.04271,0.40277,7.89768,0.49412,2.52913,-22.23536,30.10436,-5.46485,-2.48652,8.9571,-2.91012,-5.79374,-23.30456,23.02003,10.54856,3.03033
111.52,0.44095,-8.258,0.37686,-0.84006,0,0.2251,-0.99312,0.21628,1.50327,1.39865,-0.828,0.69238,-0.45958,-0.79117,19.74356,-20.01259,-2.80435,16.59151,0.17117,-2.29116,-4.6515,-17.86735,-22.0758,-3.00342,6.71327,0.15908,7.09489,0.42478,3.77933,-20.09854,28.35068,-6.04562,-2.38651,7.88555,-2.88094,-6.57223,-20.65835,21.5491,10.4482,3.32411
111.54,0.31809,-7.46853,0.33273,-0.94866,0,0.39782,-0.73906,-0.13132,1.54785,0.61174,-0.80886,0.66083,-0.5986,-0.45283,14.93682,-18.43782,-2.7952,18.03167,-0.04585,-2.55573,-5.29935,-12.02739,-19.78387,-2.99415,7.15125,0.04602,6.11427,0.33979,4.65348,-17.353,25.54613,-6.4623,-2.25189,6.62532,-2.76801,-6.9625,-17.35765,19.31561,9.99045,3.48896
111.56,0.20225,-6.37585,0.27307,-0.92769,0,0.56487,-0.48417,-0.48995,1.5051,-0.20045,-0.73276,0.59467,-0.61582,-0.18485,9.73856,-16.06128,-2.5875,19.01102,-0.31992,-2.60423,-5.54541,-6.1144,-16.71848,-2.74604,7.34153,0.04438,4.9871,0.2449,5.12569,-14.10093,21.80514,-6.63477,-2.08113,5.23243,-2.56927,-6.94227,-13.55819,16.39344,9.16868,3.48157
111.58,0.09772,-5.03482,0.20216,-0.79068,0,0.71351,-0.24765,-0.83281,1.38976,-0.95573,-0.62029,0.50006,-0.57722,0.00282,4.46726,-13.08987,-2.2491,19.45879,-0.63647,-2.50277,-5.38531,-0.46128,-13.11337,-2.28632,7.28046,0.12239,3.73736,0.14718,5.2145,-10.44256,17.27825,-6.48639,-1.86719,3.75042,-2.28192,-6.52328,-9.40826,12.8834,7.9809,3.26287
111.6,0.00644,-3.51248,0.12465,-0.56029,0,0.83153,-0.04358,-1.13425,1.21999,-1.57769,-0.49274,0.38499,-0.54371,0.10731,-0.57574,-9.75602,-1.87248,19.31846,-0.97568,-2.31847,-4.85062,4.64775,-9.22169,-1.65941,6.97276,0.24424,2.383,0.05443,4.97638,-6.47872,12.1607,-5.95477,-1.5984,2.21104,-1.90485,-5.7499,-5.04742,8.92535,6.43747,2.8069
111.62,-0.07186,-1.88535,0.04537,-0.26572,0,0.90848,0.12002,-1.37184,1.0155,-2.00262,-0.36973,0.25828,-0.56289,0.13363,-5.12431,-6.30063,-1.56447,18.55312,-1.31335,-2.11153,-4.00673,8.99292,-5.2987,-0.92197,6.42987,0.3769,0.93916,-0.02563,4.49516,-2.31507,6.69281,-5.00236,-1.26111,0.63742,-1.44115,-4.69438,-0.60793,4.70151,4.568,2.10788
111.64,-0.1391,-0.2354,-0.03093,0.06043,0,0.9368,0.24131,-1.52815,0.79574,-2.18545,-0.26744,0.12861,-0.66413,0.09426,-8.96196,-2.95472,-1.42969,17.15117,-1.62261,-1.92954,-2.94583,12.42696,-1.58364,-0.13556,5.6702,0.49429,-0.57717,-0.08645,3.8687,1.934,1.14833,-3.62598,-0.84376,-0.95118,-0.90025,-3.44893,3.78273,0.42731,2.42598,1.1844
111.66,-0.19817,1.35509,-0.09987,0.38519,0,0.91279,0.32387,-1.59219,0.57827,-2.10441,-0.19749,0.00363,-0.85696,0.00784,-11.93306,0.07885,-1.54987,15.13171,-1.87619,-1.80416,-1.77597,14.87613,1.71819,0.64218,4.72062,0.57884,-2.14195,-0.12375,3.19429,6.14294,-4.18786,-1.86386,-0.34186,-2.53399,-0.2995,-2.11561,7.99972,-3.6688,0.09021,0.08005
111.68,-0.25218,2.80914,-0.15763,0.6782,0,0.83728,0.37542,-1.56029,0.37746,-1.76382,-0.16634,-0.11082,-1.13231,-0.10299,-13.95043,2.64144,-1.96359,12.54865,-2.04885,-1.75008,-0.6085,16.33644,4.45093,1.36571,3.61845,0.62095,-3.71967,-0.1364,2.55516,10.17504,-9.04741,0.2009,0.23749,-4.08379,0.33533,-0.79556,11.91986,-7.37108,-2.33665,-1.13883
111.7,-0.3037,4.06024,-0.20126,0.91418,0,0.71581,0.40629,-1.43647,0.20361,-1.19427,-0.1752,-0.21101,-1.46588,-0.21392,-14.99823,4.62967,-2.65162,9.49161,-2.11963,-1.76604,0.45389,16.86575,6.51829,2.0072,2.41216,0.61752,-5.261,-0.12688,2.01048,13.88523,-13.20445,2.44237,0.87297,-5.56374,0.97077,0.42051,15.42258,-10.5008,-4.73279,-2.3884
111.72,-0.35432,5.05635,-0.22883,1.07464,0,0.5581,0.42766,-1.23193,0.06259,-0.44937,-0.22036,-0.29535,-1.82289,-0.30156,-15.12889,5.99926,-3.53258,6.0814,-2.0733,-1.83756,1.32684,16.57238,7.88615,2.55748,1.15943,0.57018,-6.70353,-0.10104,1.59044,17.1263,-16.49417,4.70088,1.52951,-6.92688,1.56808,1.45955,18.3931,-12.93322,-6.96513,-3.575
111.74,-0.40444,5.7625,-0.23948,1.14886,0,0.3769,0.45004,-0.96365,-0.04408,0.40102,-0.29378,-0.36391,-2.16383,-0.34575,-14.45361,6.76117,-4.47106,2.45909,-1.90085,-1.94107,1.95057,15.60073,8.57696,3.02217,-0.07821,0.48381,-7.97627,-0.06709,1.29697,19.75837,-18.82132,6.79957,2.16245,-8.11885,2.08727,2.27043,20.72808,-14.60432,-8.90037,-4.605
111.76,-0.45325,6.16208,-0.23352,1.1341,0,0.18622,0.48176,-0.6523,-0.1187,1.28028,-0.38407,-0.41774,-2.45052,-0.33166,-13.12822,6.97174,-5.29704,-1.22943,-1.5995,-2.0489,2.29303,14.11555,8.65797,3.41395,-1.24313,0.36548,-9.00719,-0.03404,1.10926,21.66139,-20.15965,8.56638,2.72451,-9.08331,2.49224,2.82561,22.34355,-15.50849,-10.41831,-5.39592
111.78,-0.49901,6.25709,-0.21237,1.03534,0,-0.00051,0.52797,-0.31992,-0.16661,2.11517,-0.47755,-0.45806,-2.65173,-0.25123,-11.33677,6.71945,-5.8328,-4.8496,-1.1723,-2.13438,2.35019,12.28714,8.22648,3.74364,-2.28995,0.22376,-9.73238,-0.00999,0.9921,22.74842,-20.54505,9.85744,3.17392,-9.76909,2.75616,3.12055,23.18397,-15.6899,-11.42539,-5.88697
111.8,-0.53938,6.06739,-0.17843,0.86447,0,-0.17204,0.58993,0.01217,-0.19527,2.84476,-0.55957,-0.48573,-2.74743,-0.10392,-9.27527,6.11135,-5.92242,-8.29047,-0.62819,-2.17612,2.14405,10.27917,7.39525,4.01269,-3.19183,0.06833,-10.10453,-0.00057,0.90481,22.97681,-20.06494,10.57655,3.48149,-10.13706,2.86557,3.1714,23.22986,-15.23087,-11.8659,-6.04702
111.82,-0.57182,5.62843,-0.13497,0.63903,0,-0.32029,0.66506,0.32508,-0.21323,3.42617,-0.61587,-0.50099,-2.73105,0.10374,-7.13657,5.26094,-5.45916,-11.46975,0.01768,-2.16082,1.71852,8.2397,6.2804,4.20948,-3.94259,-0.09058,-10.09872,-0.00811,0.809,22.35371,-18.8453,10.68627,3.63477,-10.16502,2.8222,3.01105,22.50147,-14.23905,-11.72801,-5.87796
111.84,-0.59389,4.98773,-0.08581,0.38051,0,-0.44055,0.74741,0.60332,-0.2291,3.83659,-0.63402,-0.5036,-2.60925,0.35958,-5.09711,4.27847,-4.40715,-14.33077,0.7431,-2.08426,1.13345,6.29546,4.99285,4.31015,-4.55415,-0.24279,-9.71435,-0.03154,0.67398,20.93458,-17.03646,10.20864,3.6384,-9.84973,2.64203,2.68406,21.0569,-12.83499,-11.04374,-5.41274
111.86,-0.60365,4.2003,-0.035,0.11225,0,-0.53113,0.8287,0.83532,-0.25062,4.07193,-0.60478,-0.49342,-2.39978,0.64806,-3.30589,3.26425,-2.81482,-16.83379,1.51806,-1.95068,0.45757,4.54912,3.63328,4.28385,-5.05004,-0.37897,-8.97381,-0.06701,0.47979,18.81579,-14.79919,9.21672,3.51116,-9.20643,2.35194,2.2408,18.98592,-11.14122,-9.88334,-4.70885
111.88,-0.59985,3.32385,0.01357,-0.14262,0,-0.59253,0.89961,1.01347,-0.28377,4.14325,-0.52338,-0.47093,-2.12813,0.95278,-1.87651,2.3044,-0.81792,-18.94559,2.30446,-1.77119,-0.23888,3.07882,2.29024,4.10035,-5.45727,-0.49152,-7.91904,-0.10895,0.21812,16.12428,-12.29268,7.82061,3.28095,-8.2667,1.98509,1.73178,16.40159,-9.27376,-8.34644,-3.83915
111.9,-0.58214,2.41454,0.05644,-0.36323,0,-0.62667,0.95104,1.13394,-0.33226,4.07236,-0.39028,-0.43773,-1.82378,1.25861,-0.883,1.46896,1.37053,-20.63176,3.05699,-1.56178,-0.89083,1.93971,1.04012,3.73798,-5.79883,-0.57523,-6.60721,-0.15122,-0.10809,13.00662,-9.6654,6.15147,2.97926,-7.07561,1.57618,1.20283,13.43172,-7.33647,-6.55148,-2.88215
111.92,-0.55114,1.52351,0.09092,-0.53255,0,-0.6361,0.97522,1.19631,-0.39717,3.88732,-0.21133,-0.39664,-1.51664,1.55291,-0.36008,0.81149,3.48544,-21.85465,3.72578,-1.34123,-1.44378,1.16656,-0.05177,3.18955,-6.08873,-0.62758,-5.10609,-0.18816,-0.48618,9.61881,-7.04882,4.34629,2.63629,-5.68833,1.15742,0.69159,10.21071,-5.41793,-4.62481,-1.91304
111.94,-0.50836,0.69426,0.11518,-0.6386,0,-0.62355,0.9664,1.20306,-0.47699,3.61847,0.00278,-0.35124,-1.23399,1.82582,-0.30731,0.36959,5.24909,-22.57819,4.26085,-1.12929,-1.85759,0.77695,-0.93034,2.46521,-6.33058,-0.64868,-3.48922,-0.21527,-0.89581,6.11701,-4.55357,2.53489,2.2772,-4.16632,0.7557,0.22541,6.87218,-3.59017,-2.68985,-0.99649
111.96,-0.45602,-0.03908,0.12842,-0.6752,0,-0.59177,0.92127,1.15911,-0.56793,3.29527,0.23773,-0.30514,-0.99802,2.06961,-0.6965,0.16602,6.41918,-22.77845,4.61799,-0.94498,-2.10868,0.77435,-1.5502,1.59224,-6.51944,-0.64073,-1.83138,-0.22963,-1.31146,2.64965,-2.26747,0.82977,1.92004,-2.57351,0.391,-0.1792,3.5424,-1.90872,-0.85726,-0.1814
111.98,-0.39686,-0.6527,0.13078,-0.64237,0,-0.54353,0.83916,1.07133,-0.66433,2.94416,0.4771,-0.26102,-0.82402,2.27786,-1.48027,0.20985,6.83564,-22.45651,4.76492,-0.80513,-2.19078,1.15088,-1.87582,0.61255,-6.64616,-0.60732,-0.20456,-0.22999,-1.7051,-0.64881,-0.2552,-0.68079,1.57512,-0.97285,0.07598,-0.51594,0.33536,-0.41369,0.78317,0.50185
112,-0.33391,-1.13329,0.12334,-0.54625,0,-0.48179,0.72202,0.94809,-0.75922,2.58712,0.70391,-0.21989,-0.71923,2.44472,-2.6005,0.49772,6.45407,-21.6487,4.68612,-0.72293,-2.11416,1.88934,-1.88204,-0.42079,-6.70258,-0.55256,1.32531,-0.21668,-2.04882,-3.66236,1.44083,-1.93626,1.24572,0.57632,-0.18355,-0.78697,-2.65033,0.86863,2.16762,1.04183
112.02,-0.27035,-1.47733,0.10792,-0.39854,0,-0.40981,0.57429,0.79886,-0.84478,2.24103,0.90203,-0.18074,-0.68236,2.56476,-3.99516,1.01515,5.35595,-20.42909,4.38496,-0.70646,-1.90325,2.96453,-1.55468,-1.44765,-6.68605,-0.48025,2.70077,-0.19137,-2.31726,-6.29623,2.79856,-2.90416,0.92995,2.02017,-0.38753,-1.00024,-5.33288,1.92389,3.25992,1.44373
112.04,-0.20929,-1.68986,0.08685,-0.21539,0,-0.33111,0.4026,0.63356,-0.91281,1.91728,1.05727,-0.14068,-0.7036,2.63347,-5.60295,1.73783,3.73179,-18.90204,3.88245,-0.75711,-1.59273,4.3439,-0.89113,-2.40488,-6.60228,-0.39307,3.87478,-0.15676,-2.48989,-8.47866,3.81382,-3.57754,0.62325,3.31157,-0.54005,-1.16614,-7.64732,2.74795,4.04974,1.72491
112.06,-0.15371,-1.78273,0.06264,-0.01584,0,-0.2494,0.21536,0.46198,-0.95511,1.62168,1.15818,-0.09562,-0.76516,2.64834,-7.36575,2.63301,1.842,-17.18673,3.21298,-0.86808,-1.22263,5.98751,0.09905,-3.23043,-6.46626,-0.29182,4.81225,-0.1162,-2.55288,-10.16205,4.49786,-3.97053,0.32123,4.41109,-0.64766,-1.29404,-9.54519,3.34537,4.54815,1.90903
112.08,-0.10631,-1.77272,0.03775,0.17991,0,-0.16837,0.02227,0.29313,-0.96397,1.35475,1.19672,-0.04122,-0.84221,2.61009,-9.22882,3.66066,-0.03331,-15.39872,2.4186,-1.02328,-0.83315,7.84762,1.39317,-3.86748,-6.30127,-0.17497,5.49128,-0.07331,-2.50064,-11.32387,4.87483,-4.11299,0.02227,5.28786,-0.71773,-1.38935,-10.99415,3.72835,4.78193,2.02002
112.1,-0.06943,-1.67972,0.01426,0.35235,0,-0.09143,-0.16621,0.13479,-0.93274,1.11214,1.16873,0.02603,-0.90415,2.52356,-11.13908,4.77459,-1.6426,-13.63376,1.54285,-1.19701,-0.46015,9.8676,2.95429,-4.2683,-6.13624,-0.03834,5.90388,-0.03161,-2.33668,-11.96672,4.97935,-4.04511,-0.2707,5.92042,-0.75724,-1.45182,-11.97795,3.91573,4.78783,2.0773
112.12,-0.04489,-1.52501,-0.00623,0.48431,0,-0.02159,-0.33947,-0.00686,-0.85644,0.88552,1.07435,0.10777,-0.91633,2.39769,-13.04148,5.92329,-2.79833,-11.95768,0.62559,-1.35485,-0.13179,11.9806,4.72983,-4.39798,-6.00111,0.1248,6.05574,0.00572,-2.07337,-12.11699,4.85382,-3.81234,-0.54959,6.29744,-0.7719,-1.47546,-12.49627,3.93176,4.60738,2.09298
112.14,-0.03391,-1.32968,-0.02272,0.5624,0,0.03873,-0.48743,-0.12741,-0.73244,0.66359,0.91806,0.20304,-0.84229,2.24422,-14.87427,7.05078,-3.39439,-10.40389,-0.30098,-1.45599,0.13332,14.10817,6.65051,-4.2377,-5.92083,0.32339,5.96498,0.03611,-1.73061,-11.8217,4.54533,-3.461,-0.80205,6.41817,-0.76593,-1.45039,-12.56458,3.80452,4.28299,2.07163
112.16,-0.03696,-1.11322,-0.03478,0.57826,0,0.08781,-0.60121,-0.22424,-0.56117,0.4334,0.70874,0.30779,-0.6465,2.07561,-16.56442,8.09778,-3.40618,-8.97764,-1.21459,-1.45697,0.32684,16.15945,8.63008,-3.78756,-5.90858,0.56766,5.6601,0.05777,-1.33354,-11.14418,4.1024,-3.0347,-1.01357,6.29278,-0.74219,-1.36597,-12.21395,3.56408,3.85515,2.01218
112.18,-0.05366,-0.89246,-0.04243,0.52925,0,0.12466,-0.67392,-0.29642,-0.3466,0.18184,0.45924,0.41495,-0.29797,1.90243,-18.02497,9.0036,-2.87857,-7.66453,-2.1035,-1.31646,0.45044,18.03176,10.56635,-3.06882,-5.96006,0.868,5.17763,0.0698,-0.90978,-10.15933,3.57199,-2.57178,-1.17019,5.94256,-0.70268,-1.21454,-11.49094,3.24075,3.36094,1.91112
112.2,-0.0827,-0.68089,-0.04612,0.41889,0,0.14909,-0.70123,-0.34454,-0.09654,-0.10269,0.18578,0.51487,0.2256,1.73119,-19.15551,9.70862,-1.90762,-6.43968,-2.96517,-1.00065,0.51517,19.61272,12.34396,-2.12494,-6.05014,1.23321,4.55961,0.0722,-0.4867,-8.94891,2.99702,-2.10385,-1.26125,5.39954,-0.64912,-0.99468,-10.45686,2.86355,2.83329,1.76584
112.22,-0.1219,-0.48839,-0.04651,0.2564,0,0.1616,-0.68177,-0.37041,0.17762,-0.42858,-0.09329,0.59643,0.93303,1.56295,-19.8465,10.15741,-0.62122,-5.27455,-3.80318,-0.48873,0.54043,20.78383,13.83928,-1.0206,-6.13326,1.66848,3.85103,0.06586,-0.08909,-7.59694,2.41473,-1.65521,-1.28137,4.70515,-0.58344,-0.71303,-9.18561,2.45905,2.30078,1.57716
112.24,-0.16838,-0.3213,-0.04444,0.05573,0,0.16337,-0.61722,-0.37667,0.46173,-0.79936,-0.3592,0.64856,1.81496,1.39292,-19.98754,10.30228,0.83842,-4.13983,-4.6225,0.22227,0.55275,21.42578,14.92763,0.16182,-6.14786,2.17299,3.09689,0.05235,0.26274,-6.18484,1.85554,-1.24308,-1.23155,3.90744,-0.50808,-0.38415,-7.75934,2.05042,1.78736,1.35045
112.26,-0.21879,-0.18285,-0.04077,-0.16607,0,0.15609,-0.51216,-0.36646,0.74018,-1.21239,-0.59479,0.66214,2.83965,1.21126,-19.47928,10.10722,2.32922,-3.0049,-5.42392,1.11356,0.58408,21.42595,15.4929,1.32818,-6.02441,2.73757,2.33944,0.03372,0.55425,-4.78687,1.34256,-0.87829,-1.11913,3.05726,-0.42604,-0.02876,-6.26262,1.6569,1.31219,1.09536
112.28,-0.26963,-0.07365,-0.03634,-0.39079,0,0.14179,-0.37374,-0.34301,0.99739,-1.6579,-0.7866,0.63179,3.95072,1.00471,-18.24728,9.55206,3.72052,-1.83631,-6.19848,2.14262,0.66908,20.68809,15.43903,2.38055,-5.69578,3.34275,1.61554,0.0123,0.77747,-3.46616,0.89171,-0.56638,-0.95712,2.20422,-0.3408,0.3291,-4.77607,1.2934,0.8894,0.82463
112.3,-0.31758,0.00768,-0.03185,-0.60082,0,0.12275,-0.21119,-0.30937,1.21927,-2.11893,-0.92636,0.55723,5.06781,0.75896,-16.25545,8.63601,4.90175,-0.59774,-6.92297,3.24368,0.84105,19.14355,14.70191,3.22638,-5.10796,3.95776,0.95491,-0.00963,0.93114,-2.27214,0.5121,-0.30878,-0.76291,1.39292,-0.25609,0.66513,-3.37094,0.97058,0.52811,0.55256
112.32,-0.35973,0.06384,-0.0279,-0.78078,0,0.10125,-0.03522,-0.26832,1.3942,-2.5721,-1.01163,0.44372,6.09144,0.46133,-13.51581,7.37947,5.78904,0.74632,-7.55718,4.33176,1.12621,16.76232,13.25956,3.78816,-4.22939,4.54078,0.37916,-0.02995,1.02025,-1.23941,0.20696,-0.10391,-0.55668,0.6603,-0.17565,0.95741,-2.105,0.69499,0.23282,0.29343
112.34,-0.39379,0.09841,-0.02489,-0.91863,0,0.07946,0.14276,-0.22228,1.51367,-2.98958,-1.04535,0.30143,6.91222,0.10348,-10.09261,5.82353,6.3301,2.22293,-8.04373,5.31029,1.53661,13.56237,11.13934,4.01287,-3.05742,5.04092,-0.09833,-0.04687,1.05497,-0.38797,-0.0254,0.05177,-0.35947,0.03383,-0.10293,1.18828,-1.02025,0.46949,0.00393,0.06026
112.36,-0.41817,0.11531,-0.02305,-1.00638,0,0.0592,0.31147,-0.17335,1.57242,-3.34188,-1.03454,0.14391,7.42379,-0.31621,-6.10098,4.02736,6.50762,3.84041,-8.31074,6.08185,2.06309,9.61655,8.42133,3.88024,-1.62158,5.4019,-0.47182,-0.059,1.04903,0.27532,-0.19044,0.16309,-0.19122,-0.46918,-0.04078,1.34542,-0.14211,0.29365,-0.1614,-0.1361
112.38,-0.43207,0.11852,-0.02242,-1.0405,0,0.04185,0.46061,-0.12342,1.56842,-3.60126,-0.98852,-0.01387,7.53719,-0.79084,-1.70112,2.06436,6.34081,5.57853,-8.27794,6.56013,2.67011,5.05632,5.23746,3.40811,0.01672,5.56733,-0.74213,-0.0654,1.01802,0.7548,-0.29629,0.23559,-0.06883,-0.84147,0.00875,1.42234,0.52007,0.16428,-0.26839,-0.28765
112.4,-0.43547,0.11181,-0.0229,-1.02195,0,0.02823,0.58161,-0.07428,1.50281,-3.74495,-0.91725,-0.15769,7.19397,-1.30446,2.9108,0.0177,5.88377,7.38276,-7.86573,6.68126,3.29513,0.0707,1.76559,2.65297,1.76797,5.48725,-0.9154,-0.06559,0.97753,1.06351,-0.35269,0.27512,-0.00454,-1.08507,0.04465,1.41844,0.97148,0.07597,-0.32385,-0.3896
112.42,-0.429,0.09856,-0.02425,-0.95577,0,0.01858,0.66815,-0.02761,1.37973,-3.75779,-0.82982,-0.27569,6.37534,-1.83291,7.51481,-2.02442,5.21975,9.16554,-7.00692,6.41212,3.85424,-5.10175,-1.7831,1.70391,3.52252,5.125,-1.00165,-0.05957,0.94147,1.22072,-0.37001,0.28761,-0.00477,-1.20992,0.06693,1.3387,1.22955,0.02177,-0.33561,-0.44055
112.44,-0.41385,0.08171,-0.02612,-0.85038,0,0.01262,0.71641,0.01502,1.20625,-3.63373,-0.73367,-0.35963,5.10569,-2.3464,11.88252,-3.97387,4.45068,10.81599,-5.66004,5.75464,4.25434,-10.18901,-5.18345,0.66959,5.16221,4.46398,-1.0134,-0.04776,0.92057,1.24959,-0.35844,0.27876,-0.06956,-1.23205,0.07661,1.19312,1.32095,-0.00612,-0.31199,-0.44254
112.46,-0.3915,0.06363,-0.02813,-0.71652,0,0.0097,0.72519,0.05229,0.99217,-3.37646,-0.63415,-0.40549,3.45093,-2.81328,15.79474,-5.74785,3.68337,12.21636,-3.8227,4.746,4.4102,-14.90861,-8.22063,-0.33956,6.57474,3.51337,-0.96439,-0.03103,0.92108,1.17503,-0.32718,0.25387,-0.19236,-1.17149,0.07548,0.99583,1.27845,-0.01571,-0.26165,-0.40094
112.48,-0.36356,0.04613,-0.02988,-0.56614,0,0.00892,0.69583,0.08326,0.74974,-2.99919,-0.53469,-0.41351,1.51254,-3.20433,19.05962,-7.27413,3.01464,13.26154,-1.54256,3.45538,4.26237,-18.99434,-10.71487,-1.22996,7.66804,2.31179,-0.86855,-0.01061,0.94382,1.02209,-0.28397,0.21772,-0.36042,-1.05024,0.06593,0.76419,1.13776,-0.01445,-0.19338,-0.32414
112.5,-0.33159,0.03047,-0.03101,-0.41122,0,0.00931,0.63197,0.10751,0.49322,-2.5238,-0.43714,-0.38789,-0.5813,-3.4966,21.5285,-8.49548,2.51824,13.8765,1.07699,1.97779,3.79116,-22.22178,-12.54164,-1.93948,8.38187,0.92752,-0.73921,0.01187,0.98368,0.81465,-0.2347,0.17447,-0.55531,-0.8904,0.05061,0.51751,0.93464,-0.00878,-0.11597,-0.22307
112.52,-0.29702,0.01741,-0.03121,-0.26273,0,0.01004,0.53929,0.12513,0.23798,-1.97918,-0.34237,-0.33598,-2.68701,-3.67577,23.10681,-9.37284,2.23567,14.02706,3.87976,0.42506,3.02265,-24.42878,-13.64252,-2.44434,8.69377,-0.54625,-0.58866,0.03448,1.02957,0.57463,-0.18329,0.12765,-0.75399,-0.71253,0.03221,0.27555,0.70245,-0.0037,-0.03786,-0.11031
112.54,-0.26106,0.0073,-0.03028,-0.12966,0,0.01043,0.42504,0.13669,-0.00078,-1.39892,-0.25078,-0.26719,-4.65861,-3.73685,23.75889,-9.88677,2.17221,13.72179,6.66939,-1.08563,2.02478,-25.52841,-14.02508,-2.75663,8.61843,-2.00136,-0.42784,0.05503,1.06506,0.32147,-0.13185,0.08022,-0.93013,-0.53443,0.01316,0.05672,0.47004,-0.00262,0.03324,0.00107
112.56,-0.2247,0.0001,-0.02809,-0.01827,0,0.01011,0.29744,0.1431,-0.20956,-0.81828,-0.16281,-0.19169,-6.36157,-3.68326,23.5076,-10.03782,2.29792,13.00633,9.23034,-2.44447,0.89496,-25.51473,-13.75332,-2.91425,8.20148,-3.32861,-0.26623,0.0712,1.06969,0.07182,-0.08096,0.03466,-1.05602,-0.37014,-0.00457,-0.12389,0.26025,-0.00729,0.09099,0.09901
112.58,-0.18878,-0.00445,-0.02459,0.06839,0,0.00903,0.16512,0.14542,-0.37821,-0.27113,-0.07926,-0.11912,-7.68587,-3.52509,22.43004,-9.84585,2.55307,11.95293,11.35341,-3.56116,-0.2569,-24.46208,-12.93265,-2.96664,7.51007,-4.43272,-0.11184,0.08071,1.02114,-0.16054,-0.03012,-0.00697,-1.10503,-0.22937,-0.01962,-0.25626,0.0888,-0.018,0.13098,0.17379
112.6,-0.15396,-0.00677,-0.01981,0.13059,0,0.00742,0.03645,0.1447,-0.50102,0.2128,-0.00155,-0.05748,-8.55619,-3.277,20.65013,-9.34846,2.85694,10.64888,12.86093,-4.37424,-1.32572,-22.51773,-11.69309,-2.96071,6.62264,-5.24498,0.02875,0.0815,0.89822,-0.36479,0.02173,-0.04297,-1.05463,-0.11733,-0.03137,-0.33661,-0.036,-0.0338,0.15113,0.21926
112.62,-0.12081,-0.00737,-0.01386,0.17152,0,0.00574,-0.08099,0.14188,-0.57718,0.61017,0.06832,-0.01245,-8.9373,-2.95623,18.32752,-8.598,3.11917,9.18582,13.62712,-4.85554,-2.225,-19.88688,-10.17345,-2.93039,5.61964,-5.73054,0.15037,0.07209,0.68458,-0.53295,0.07563,-0.07202,-0.88982,-0.03504,-0.03984,-0.36756,-0.11291,-0.05284,0.1518,0.23325
112.64,-0.08977,-0.00677,-0.00689,0.19649,0,0.00459,-0.18104,0.13772,-0.61031,0.9054,0.12792,0.01294,-8.83415,-2.58091,15.64284,-7.65699,3.25258,7.65121,13.59118,-5.00924,-2.8953,-16.81005,-8.5079,-2.89162,4.57601,-5.88915,0.24927,0.05181,0.37292,-0.65986,0.13208,-0.0932,-0.6067,0.02002,-0.04563,-0.35718,-0.14653,-0.07275,0.13545,0.21757
112.66,-0.06113,-0.00547,0.00092,0.2117,0,0.00454,-0.25942,0.13279,-0.60735,1.0915,0.17481,0.01821,-8.28731,-2.16872,12.78091,-6.59259,3.18622,6.12253,12.76281,-4.86656,-3.30723,-13.53575,-6.81576,-2.84272,3.55585,-5.75028,0.32324,0.02113,-0.03116,-0.74306,0.19065,-0.10617,-0.2156,0.05286,-0.04967,-0.31728,-0.14571,-0.09109,0.10607,0.17722
112.68,-0.03495,-0.0039,0.00935,0.22308,0,0.00604,-0.3141,0.12754,-0.57707,1.17005,0.20689,0.00507,-7.36569,-1.73603,9.91452,-5.47097,2.87667,4.66406,11.22098,-4.47772,-3.46023,-10.29338,-5.19484,-2.76864,2.60934,-5.36469,0.37167,-0.01814,-0.50644,-0.78275,0.24967,-0.11119,0.2571,0.0699,-0.05299,-0.26116,-0.12151,-0.10572,0.06845,0.11939
112.7,-0.01113,-0.00238,0.01816,0.23518,0,0.00928,-0.3454,0.12232,-0.52854,1.15058,0.22289,-0.02311,-6.15793,-1.29752,7.19137,-4.35264,2.31544,3.32594,9.10606,-3.9036,-3.37846,-7.27147,-3.71821,-2.64707,1.77164,-4.79506,0.39553,-0.06285,-1.01591,-0.78155,0.30624,-0.10923,0.76955,0.07782,-0.05652,-0.20152,-0.08541,-0.11512,0.02736,0.05229
112.72,0.01065,-0.00114,0.02711,0.25059,0,0.01418,-0.35582,0.11743,-0.46997,1.04915,0.22257,-0.06182,-4.76345,-0.866,4.72567,-3.28903,1.53024,2.14455,6.60527,-3.20805,-3.10473,-4.60471,-2.43392,-2.45461,1.06344,-4.10724,0.39725,-0.10875,-1.51003,-0.74418,0.35647,-0.10186,1.26824,0.08272,-0.06087,-0.14883,-0.04774,-0.11849,-0.01293,-0.0159
112.74,0.0308,-0.00034,0.03593,0.26976,0,0.02037,-0.34949,0.11309,-0.4079,0.88618,0.20687,-0.10606,-3.28368,-0.45227,2.59464,-2.32056,0.5798,1.14373,3.93174,-2.45203,-2.6935,-2.37082,-1.36696,-2.17169,0.49258,-3.36329,0.38034,-0.15105,-1.93352,-0.67681,0.39605,-0.09106,1.69519,0.08939,-0.06631,-0.11038,-0.01664,-0.11581,-0.04908,-0.07794
112.76,0.04976,-4e-05,0.04434,0.29139,0,0.02727,-0.33141,0.10942,-0.34689,0.68384,0.17783,-0.15082,-1.81391,-0.06514,0.83925,-1.47584,-0.45675,0.33614,1.29965,-1.68943,-2.20366,-0.59593,-0.52273,-1.78595,0.05652,-2.61664,0.34892,-0.18519,-2.23482,-0.58637,0.421,-0.07886,1.9975,0.10097,-0.07273,-0.09004,0.00256,-0.10766,-0.07872,-0.12813
112.78,0.06786,-0.00023,0.05201,0.31307,0,0.03421,-0.30657,0.10633,-0.2896,0.46344,0.13843,-0.19158,-0.43662,0.28859,-0.53178,-0.77198,-1.49309,-0.27531,-1.10026,-0.96478,-1.69203,0.73449,0.10874,-1.29427,-0.25511,-1.90934,0.30716,-0.20755,-2.37591,-0.4798,0.42849,-0.06708,2.13701,0.1188,-0.07968,-0.08848,0.00749,-0.09502,-0.10047,-0.16272
112.8,0.08522,-0.00087,0.05864,0.332,0,0.04055,-0.27923,0.10352,-0.23713,0.24328,0.09234,-0.22467,0.78326,0.60403,-1.53606,-0.21569,-2.44838,-0.69599,-3.12059,-0.31226,-1.20813,1.66262,0.54835,-0.70371,-0.45781,-1.2712,0.25888,-0.21617,-2.34,-0.36346,0.41746,-0.05698,2.09782,0.14251,-0.08652,-0.10381,-0.00142,-0.07905,-0.11383,-0.18009
112.82,0.10175,-0.00188,0.06388,0.34571,0,0.04574,-0.2525,0.10044,-0.18946,0.03732,0.04368,-0.24749,1.8006,0.87785,-2.21051,0.19521,-3.25673,-0.93817,-4.66865,0.24422,-0.79067,2.24574,0.82373,-0.03139,-0.56988,-0.72032,0.20726,-0.21098,-2.13478,-0.24281,0.38891,-0.04921,1.88911,0.17034,-0.09247,-0.13224,-0.02146,-0.06096,-0.11895,-0.18069
112.84,0.11717,-0.0032,0.0674,0.35253,0,0.04944,-0.22813,0.09629,-0.14602,-0.14525,-0.00333,-0.25859,2.59014,1.10794,-2.60425,0.46992,-3.8725,-1.01968,-5.70836,0.69039,-0.46591,2.54623,0.9656,0.69643,-0.61044,-0.26466,0.15476,-0.19365,-1.79037,-0.12233,0.34579,-0.04377,1.54268,0.19956,-0.09675,-0.1689,-0.04836,-0.04183,-0.11653,-0.16684
112.86,0.13101,-0.00473,0.06892,0.35191,0,0.0515,-0.2067,0.09006,-0.10612,-0.29961,-0.04462,-0.25767,3.14468,1.29294,-2.77192,0.62283,-4.27147,-0.96259,-6.25388,1.02057,-0.24746,2.62458,1.00479,1.44608,-0.59792,0.09579,0.10319,-0.16718,-1.35267,-0.00568,0.29247,-0.04022,1.1059,0.22708,-0.09872,-0.20852,-0.07714,-0.02263,-0.10771,-0.14222
112.88,0.14281,-0.00641,0.06822,0.34451,0,0.05201,-0.18793,0.08065,-0.06938,-0.42443,-0.07654,-0.24542,3.4723,1.43191,-2.76808,0.67186,-4.44918,-0.79224,-6.3582,1.23661,-0.13731,2.53537,0.97005,2.17879,-0.54897,0.36667,0.05387,-0.13519,-0.87438,0.10411,0.23402,-0.03787,0.63238,0.24999,-0.0979,-0.24611,-0.10298,-0.00422,-0.09392,-0.11148
112.9,0.15216,-0.00818,0.06514,0.33205,0,0.05129,-0.17112,0.06697,-0.03601,-0.52074,-0.0962,-0.22343,3.59293,1.52414,-2.64292,0.6369,-4.41761,-0.53624,-6.09966,1.34663,-0.12763,2.32549,0.88657,2.85349,-0.47783,0.55687,0.00789,-0.1013,-0.40607,0.20429,0.17551,-0.0361,0.17272,0.26609,-0.09409,-0.2774,-0.12198,0.01269,-0.0768,-0.07961
112.92,0.15882,-0.00999,0.05967,0.31707,0,0.04975,-0.15551,0.04807,-0.00682,-0.59086,-0.10159,-0.19386,3.53473,1.56908,-2.43951,0.53854,-4.20123,-0.22367,-5.56911,1.36358,-0.20306,2.03391,0.77509,3.42993,-0.39606,0.67648,-0.03374,-0.06853,0.01078,0.29232,0.12138,-0.03445,-0.23241,0.27413,-0.08733,-0.29928,-0.13159,0.02745,-0.05815,-0.05142
112.94,0.16272,-0.01179,0.0519,0.30252,0,0.04791,-0.14052,0.02331,0.01686,-0.63751,-0.09181,-0.1592,3.33043,1.56661,-2.19233,0.39692,-3.83292,0.11593,-4.85879,1.30372,-0.34331,1.69239,0.65163,3.87209,-0.31249,0.73501,-0.07003,-0.0391,0.34764,0.36579,0.07504,-0.03271,-0.55605,0.27393,-0.07793,-0.30992,-0.13079,0.03953,-0.03975,-0.03099
112.96,0.16402,-0.01356,0.04204,0.29117,0,0.04626,-0.12597,-0.00751,0.03353,-0.66324,-0.06713,-0.12196,3.01411,1.51731,-1.92711,0.2308,-3.35033,0.45365,-4.05398,1.18492,-0.52571,1.3266,0.52753,4.15154,-0.23343,0.74021,-0.10001,-0.01423,0.58984,0.4226,0.03865,-0.03088,-0.78546,0.26626,-0.06635,-0.30892,-0.12002,0.0485,-0.02323,-0.02122
112.98,0.16301,-0.01523,0.0304,0.28514,0,0.04518,-0.11203,-0.04407,0.04186,-0.67015,-0.02903,-0.08436,2.61856,1.42309,-1.66158,0.05674,-2.79286,0.76251,-3.22732,1.02526,-0.72763,0.95743,0.4099,4.25055,-0.16303,0.6972,-0.12278,0.00567,0.73525,0.46121,0.01311,-0.0291,-0.92041,0.25261,-0.05315,-0.29718,-0.10091,0.0541,-0.00996,-0.0234
113,0.16014,-0.01676,0.01738,0.28549,0,0.04486,-0.09923,-0.08543,0.04104,-0.65977,0.01986,-0.04812,2.17367,1.28777,-1.40685,-0.11142,-2.1992,1.01906,-2.43585,0.8417,-0.92836,0.60216,0.30213,4.16396,-0.10361,0.60825,-0.13764,0.0209,0.79163,0.48084,-0.00182,-0.02754,-0.97017,0.23488,-0.03891,-0.2768,-0.07592,0.05628,-0.00087,-0.03708
113.02,0.15593,-0.01808,0.00346,0.29202,0,0.04533,-0.08836,-0.13008,0.03111,-0.63319,0.0759,-0.01438,1.70576,1.1176,-1.16914,-0.26296,-1.60538,1.20501,-1.72005,0.64936,-1.11035,0.27534,0.20464,3.89934,-0.05611,0.47291,-0.14417,0.03221,0.77359,0.48165,-0.00731,-0.0263,-0.9501,0.21518,-0.02417,-0.25078,-0.04798,0.05517,0.00359,-0.06004
113.04,0.15091,-0.01911,-0.01088,0.30328,0,0.04639,-0.08032,-0.17602,0.01301,-0.59128,0.13481,0.01629,1.23759,0.92151,-0.95145,-0.39042,-1.043,1.30903,-1.10471,0.46091,-1.25979,-0.01079,0.11561,3.47507,-0.02049,0.28864,-0.1423,0.04057,0.69951,0.46473,-0.00517,-0.0254,-0.87852,0.1955,-0.00942,-0.22266,-0.02016,0.05114,0.00353,-0.08861
113.06,0.14557,-0.01977,-0.0251,0.3168,0,0.04774,-0.07595,-0.22096,-0.01137,-0.53491,0.19197,0.0438,0.78901,0.71108,-0.75522,-0.48959,-0.53769,1.32827,-0.60074,0.28648,-1.36662,-0.24626,0.03171,2.91696,0.00397,0.05174,-0.1323,0.04698,0.58897,0.43195,0.00248,-0.02479,-0.77401,0.17758,0.00491,-0.19607,0.00465,0.04471,-0.00043,-0.11813
113.08,0.14029,-0.02002,-0.03873,0.32944,0,0.04899,-0.07588,-0.26256,-0.03942,-0.46523,0.24294,0.06833,0.37766,0.5001,-0.58158,-0.55932,-0.10809,1.2694,-0.20784,0.13367,-1.42423,-0.42366,-0.05114,2.2543,0.01836,-0.24132,-0.1148,0.05234,0.46063,0.3858,0.01346,-0.02439,-0.65352,0.16275,0.01844,-0.17424,0.02396,0.03652,-0.0072,-0.14358
113.1,0.13533,-0.0198,-0.05133,0.3379,0,0.04977,-0.08043,-0.29862,-0.06797,-0.38394,0.2838,0.0902,0.01942,0.30375,-0.43212,-0.60117,0.23452,1.14837,0.08267,0.00777,-1.42901,-0.53844,-0.13716,1.51648,0.02395,-0.59243,-0.09075,0.0573,0.33072,0.32916,0.02582,-0.02414,-0.53104,0.15186,0.03083,-0.15967,0.03586,0.02726,-0.01533,-0.16019
113.12,0.1308,-0.01911,-0.06253,0.33907,0,0.04976,-0.08949,-0.32727,-0.09369,-0.29347,0.3115,0.10963,-0.27177,0.13729,-0.30914,-0.6188,0.48561,0.98872,0.28481,-0.08791,-1.37982,-0.58906,-0.23009,0.73081,0.02213,-1.00031,-0.06143,0.06226,0.21208,0.26515,0.03796,-0.024,-0.41697,0.14526,0.04177,-0.15384,0.03915,0.01762,-0.02317,-0.16404
113.14,0.12667,-0.01797,-0.07207,0.33054,0,0.04873,-0.10252,-0.34712,-0.1134,-0.19696,0.324,0.12665,-0.4848,0.01423,-0.2152,-0.61713,0.64598,0.81796,0.41513,-0.15175,-1.27754,-0.57696,-0.33269,-0.07814,0.01436,-1.45893,-0.02834,0.06734,0.11357,0.19695,0.04871,-0.02397,-0.31791,0.14282,0.051,-0.15712,0.0334,0.00822,-0.02907,-0.15252
113.16,0.12279,-0.01642,-0.07975,0.3108,0,0.04658,-0.11858,-0.35729,-0.12446,-0.09821,0.32037,0.14098,-0.61292,-0.05563,-0.1522,-0.60143,0.71977,0.66297,0.49031,-0.18346,-1.12472,-0.50633,-0.44641,-0.88794,0.00228,-1.95637,0.00682,0.07245,0.03998,0.1277,0.05732,-0.02403,-0.23691,0.14402,0.05833,-0.16876,0.01895,-0.00043,-0.03158,-0.1246
113.18,0.11893,-0.01453,-0.08547,0.27956,0,0.04328,-0.13639,-0.35744,-0.12513,-0.0015,0.3008,0.15211,-0.65535,-0.06819,-0.12021,-0.57653,0.71255,0.54504,0.52518,-0.1839,-0.92538,-0.38383,-0.5711,-1.67672,-0.0121,-2.474,0.04224,0.07733,-0.00783,0.06036,0.06335,-0.02413,-0.17395,0.14799,0.06365,-0.18709,-0.00314,-0.00797,-0.02965,-0.08099
113.2,0.11482,-0.01235,-0.08924,0.23778,0,0.03889,-0.15443,-0.34784,-0.11481,0.08864,0.26649,0.15927,-0.61832,-0.02622,-0.11649,-0.54621,0.62989,0.47616,0.5316,-0.15489,-0.68505,-0.21853,-0.70501,-2.42123,-0.02619,-2.98646,0.07611,0.08164,-0.03239,-0.00239,0.06668,-0.02415,-0.1267,0.15365,0.06697,-0.20974,-0.03114,-0.0142,-0.02278,-0.02413
113.22,0.11019,-0.00998,-0.09113,0.18766,0,0.03356,-0.17104,-0.32925,-0.09412,0.1677,0.21961,0.16165,-0.51499,0.06044,-0.13481,-0.51318,0.47703,0.45722,0.51801,-0.09905,-0.41091,-0.02187,-0.84491,-3.09514,-0.03646,-3.46251,0.10677,0.08506,-0.03881,-0.05826,0.06735,-0.02387,-0.09132,0.15982,0.06843,-0.23394,-0.06287,-0.0191,-0.01111,0.04205
113.24,0.10483,-0.00752,-0.0913,0.13237,0,0.02748,-0.18456,-0.30295,-0.06482,0.23141,0.1631,0.15856,-0.3641,0.17589,-0.16533,-0.47937,0.2597,0.4787,0.48976,-0.01975,-0.11197,0.19218,-0.98644,-3.66806,-0.03815,-3.86688,0.13277,0.08729,-0.03374,-0.10553,0.06557,-0.02307,-0.06338,0.16533,0.06826,-0.25685,-0.09585,-0.02277,0.00466,0.11263
113.26,0.09858,-0.00505,-0.08995,0.07571,0,0.02091,-0.19342,-0.27061,-0.02958,0.27605,0.10051,0.14968,-0.18739,0.30028,-0.195,-0.44663,-0.01412,0.52341,0.44999,0.07901,0.20085,0.40678,-1.12464,-4.10588,-0.02494,-4.16323,0.15309,0.08818,-0.02412,-0.14317,0.06169,-0.02155,-0.03876,0.16918,0.06678,-0.27595,-0.12758,-0.0254,0.02334,0.18221
113.28,0.09137,-0.00268,-0.08737,0.02168,0,0.01416,-0.19631,-0.23422,0.00838,0.29869,0.03581,0.13524,-0.00659,0.41247,-0.20831,-0.41759,-0.33166,0.57031,0.40055,0.19264,0.51474,0.60213,-1.25463,-4.37282,0.01129,-4.31775,0.1672,0.08768,-0.01609,-0.17103,0.05616,-0.01921,-0.01435,0.17057,0.0643,-0.28932,-0.15579,-0.02717,0.04344,0.24563
113.3,0.08324,-0.00054,-0.08382,-0.02589,0,0.00757,-0.19221,-0.19603,0.04562,0.2974,-0.02683,0.11622,0.15939,0.49264,-0.18823,-0.39639,-0.67289,0.5985,0.34272,0.316,0.81523,0.75539,-1.37217,-4.43547,0.08041,-4.3032,0.17515,0.08589,-0.01406,-0.1898,0.0496,-0.01614,0.01138,0.16905,0.06112,-0.29593,-0.1787,-0.02826,0.06336,0.2985
113.32,0.0743,0.00125,-0.07964,-0.06365,0,0.00154,-0.18053,-0.1584,0.07882,0.27134,-0.08317,0.09434,0.29651,0.5245,-0.11722,-0.38913,-1.00846,0.59013,0.27722,0.44349,1.08675,0.84115,-1.47424,-4.26852,0.19383,-4.10261,0.17747,0.08302,-0.02031,-0.20094,0.04274,-0.01265,0.03831,0.16452,0.05749,-0.29571,-0.19507,-0.02873,0.08156,0.33757
113.34,0.06475,0.00255,-0.07513,-0.08892,0,-0.00354,-0.16105,-0.12374,0.10505,0.22083,-0.12919,0.07198,0.39657,0.49677,0.02179,-0.40376,-1.29876,0.53205,0.20359,0.56912,1.31351,0.8323,-1.55926,-3.86199,0.36383,-3.71222,0.17505,0.07934,-0.03506,-0.20637,0.03647,-0.00922,0.06478,0.15717,0.05355,-0.28957,-0.20435,-0.0285,0.09667,0.36091
113.36,0.0548,0.00321,-0.07058,-0.09979,0,-0.00722,-0.13399,-0.09434,0.12201,0.14717,-0.16119,0.05189,0.45719,0.40389,0.24443,-0.44946,-1.49415,0.41607,0.11905,0.68668,1.48072,0.70151,-1.6272,-3.22868,0.60248,-3.14329,0.1689,0.07514,-0.05689,-0.2081,0.03177,-0.00649,0.08818,0.14745,0.04936,-0.27923,-0.20657,-0.02731,0.10764,0.36785
113.38,0.04465,0.00309,-0.06624,-0.09511,0,-0.00912,-0.09991,-0.07226,0.12819,0.05261,-0.17615,0.03693,0.48101,0.24626,0.56386,-0.53565,-1.5369,0.23829,0.01733,0.79003,1.576,0.42323,-1.67947,-2.41046,0.92007,-2.42251,0.15989,0.07065,-0.0835,-0.2078,0.02964,-0.00518,0.10558,0.13596,0.04489,-0.26691,-0.20224,-0.02477,0.11377,0.35882
113.4,0.03445,0.00207,-0.06231,-0.07455,0,-0.00885,-0.05971,-0.05914,0.12297,-0.0599,-0.17187,0.02968,0.47453,0.02996,0.98975,-0.67058,-1.36473,-0.00202,-0.11188,0.87341,1.59062,-0.02396,-1.7186,-1.48102,1.3231,-1.59028,0.14855,0.066,-0.11234,-0.20648,0.03107,-0.00594,0.1144,0.12332,0.04003,-0.2551,-0.19225,-0.02033,0.11476,0.33515
113.42,0.02429,5e-05,-0.05893,-0.03859,0,-0.00615,-0.01461,-0.05615,0.1067,-0.18682,-0.14725,0.0322,0.44671,-0.23384,1.52716,-0.85973,-0.91631,-0.30355,-0.2825,0.93187,1.52051,-0.65487,-1.74766,-0.54328,1.81183,-0.69653,0.13499,0.06119,-0.14124,-0.20436,0.03691,-0.00932,0.11297,0.1101,0.03463,-0.24619,-0.17769,-0.01342,0.11075,0.29879
113.44,0.01417,-0.00301,-0.05619,0.0115,0,-0.00085,0.03395,-0.06382,0.08069,-0.32423,-0.10248,0.04574,0.40766,-0.52974,2.1755,-1.10411,-0.13844,-0.66372,-0.5103,0.96168,1.36669,-1.47514,-1.76944,0.2795,2.37757,0.20612,0.11893,0.05613,-0.1686,-0.20087,0.04777,-0.01562,0.1008,0.09669,0.02856,-0.24213,-0.15966,-0.00352,0.10221,0.25209
113.46,0.00402,-0.00709,-0.05412,0.07362,0,0.00707,0.08428,-0.08198,0.04707,-0.46802,-0.0392,0.07061,0.36739,-0.83924,2.9276,-1.39861,1.00518,-1.07912,-0.81005,0.9609,1.13528,-2.47891,-1.78546,0.85775,3.00024,1.07064,0.09983,0.05063,-0.19347,-0.19486,0.06388,-0.02485,0.07868,0.08325,0.02175,-0.24419,-0.13916,0.00968,0.08996,0.19758
113.48,-0.00627,-0.01209,-0.05273,0.14483,0,0.01743,0.13457,-0.10968,0.00875,-0.61409,0.03939,0.10603,0.33482,-1.14193,3.76907,-1.73067,2.52445,-1.5453,-1.19204,0.92985,0.83723,-3.6469,-1.79514,1.07229,3.6466,1.8635,0.07708,0.04449,-0.2154,-0.18498,0.08498,-0.03668,0.04859,0.06969,0.01424,-0.25268,-0.11694,0.02617,0.075,0.13785
113.5,-0.01684,-0.01781,-0.05198,0.2215,0,0.02984,0.18289,-0.14521,-0.03086,-0.75849,0.1286,0.15008,0.3171,-1.41674,4.67806,-2.07959,4.39365,-2.056,-1.65845,0.87165,0.48783,-4.945,-1.79512,0.83038,4.26981,2.56988,0.05022,0.03756,-0.23419,-0.16997,0.11028,-0.0504,0.01344,0.05564,0.00621,-0.26687,-0.09345,0.04552,0.05849,0.07539
113.52,-0.02785,-0.02395,-0.05182,0.29935,0,0.04372,0.22722,-0.18613,-0.06806,-0.89751,0.22229,0.19975,0.31917,-1.64312,5.62557,-2.41663,6.54396,-2.60184,-2.20025,0.79242,0.10592,-6.32395,-1.77914,0.07845,4.81097,3.19434,0.01912,0.02976,-0.2497,-0.14896,0.13838,-0.06499,-0.02327,0.04055,-0.00202,-0.28504,-0.06887,0.06683,0.0416,0.01259
113.54,-0.03939,-0.03014,-0.05216,0.37376,0,0.05833,0.26559,-0.22934,-0.09919,-1.02769,0.31332,0.25094,0.34368,-1.80215,6.57633,-2.70628,8.85907,-3.16856,-2.79517,0.70139,-0.28704,-7.72024,-1.73821,-1.1901,5.2029,3.7564,-0.01592,0.02114,-0.26169,-0.12162,0.16738,-0.07922,-0.05789,0.02377,-0.01,-0.30466,-0.04315,0.08881,0.02543,-0.04833
113.56,-0.05152,-0.03591,-0.05289,0.44005,0,0.07278,0.29603,-0.27133,-0.12099,-1.14583,0.39397,0.29874,0.3911,-1.87771,7.49029,-2.90853,11.17564,-3.73522,-3.40697,0.61042,-0.6682,-9.05858,-1.66135,-2.93202,5.37607,4.28218,-0.05416,0.01189,-0.26969,-0.08829,0.19491,-0.09169,-0.08704,0.00472,-0.01721,-0.32273,-0.01623,0.10986,0.01088,-0.10534
113.58,-0.06417,-0.04081,-0.05388,0.49389,0,0.08613,0.31678,-0.30837,-0.131,-1.24894,0.45663,0.33772,0.46,-1.8577,8.32444,-2.98236,13.28986,-4.27277,-3.98645,0.53334,-1.01465,-10.25604,-1.53654,-5.05531,5.26635,4.79434,-0.09442,0.00232,-0.27305,-0.04988,0.2184,-0.10109,-0.10805,-0.01696,-0.02312,-0.33612,0.01188,0.12822,-0.00143,-0.15653
113.6,-0.07716,-0.04435,-0.05494,0.53158,0,0.09745,0.3263,-0.33681,-0.12782,-1.33428,0.49451,0.36235,0.54731,-1.73524,9.03455,-2.8899,14.97164,-4.74353,-4.47446,0.48468,-1.30471,-11.22742,-1.35201,-7.4234,4.82356,5.30304,-0.13515,-0.00714,-0.27094,-0.00789,0.23523,-0.10626,-0.11927,-0.04129,-0.02729,-0.34199,0.04086,0.14219,-0.01117,-0.20023
113.62,-0.09018,-0.04611,-0.05583,0.55035,0,0.10587,0.32338,-0.35338,-0.11129,-1.39926,0.50238,0.36768,0.64866,-1.50974,9.57641,-2.60108,15.98704,-5.10188,-4.80686,0.47796,-1.51916,-11.89159,-1.09744,-9.86213,4.01974,5.80013,-0.17448,-0.01597,-0.26248,0.03571,0.24295,-0.10634,-0.12021,-0.06782,-0.0294,-0.33806,0.07002,0.15027,-0.01839,-0.23491
113.64,-0.10277,-0.04574,-0.05631,0.54835,0,0.11067,0.30727,-0.35541,-0.08256,-1.44143,0.47719,0.35001,0.75856,-1.18769,9.90638,-2.09842,16.12801,-5.29653,-4.92145,0.52359,-1.64232,-12.17839,-0.76517,-12.16955,2.85623,6.25764,-0.21033,-0.02365,-0.24681,0.07861,0.2396,-0.1009,-0.1115,-0.09563,-0.02927,-0.32281,0.09826,0.15129,-0.02338,-0.25925
113.66,-0.1143,-0.04304,-0.05605,0.52477,0,0.11129,0.27774,-0.34115,-0.04391,-1.4584,0.41864,0.30762,0.87062,-0.78304,9.9821,-1.3813,15.24627,-5.27467,-4.76636,0.6266,-1.66306,-12.03573,-0.35127,-14.12904,1.36842,6.63096,-0.24046,-0.0297,-0.22317,0.11822,0.22383,-0.0899,-0.0947,-0.12335,-0.02696,-0.29546,0.12411,0.14453,-0.02661,-0.2722
113.68,-0.12404,-0.03793,-0.05472,0.47967,0,0.10735,0.23511,-0.30995,0.00144,-1.44781,0.32951,0.24143,0.97778,-0.31709,9.76412,-0.46931,13.28512,-4.98796,-4.30851,0.78472,-1.57577,-11.43642,0.14328,-15.52604,-0.37264,6.86558,-0.26266,-0.03372,-0.19109,0.15194,0.19516,-0.07378,-0.07199,-0.14929,-0.02268,-0.25603,0.14584,0.1298,-0.02864,-0.27302
113.7,-0.13119,-0.03052,-0.05197,0.414,0,0.09872,0.18036,-0.26234,0.04967,-1.40747,0.21569,0.15523,1.07261,0.18227,9.21897,0.59645,10.30114,-4.4001,-3.54087,0.98739,-1.38123,-10.38315,0.71141,-16.16793,-2.2633,6.90626,-0.27487,-0.0355,-0.15049,0.17729,0.15408,-0.05338,-0.04583,-0.17158,-0.01684,-0.20513,0.16172,0.10749,-0.02999,-0.26145
113.72,-0.13491,-0.02112,-0.04748,0.3295,0,0.0855,0.11511,-0.20001,0.09679,-1.33541,0.08581,0.05551,1.14764,0.68231,8.3239,1.75483,6.46821,-3.49524,-2.48657,1.21618,-1.08711,-8.9103,1.33876,-15.90622,-4.17611,6.7069,-0.27545,-0.03499,-0.10179,0.19228,0.10202,-0.02987,-0.01863,-0.18844,-0.00997,-0.14385,0.17025,0.07852,-0.0311,-0.23784
113.74,-0.13447,-0.01016,-0.04096,0.22863,0,0.06799,0.04156,-0.12562,0.13899,-1.23003,-0.04968,-0.04931,1.19583,1.14814,7.07269,2.92948,2.06062,-2.28623,-1.19907,1.44669,-0.70806,-7.08146,2.00278,-14.65922,-5.97445,6.23995,-0.26337,-0.03233,-0.0461,0.19567,0.0413,-0.00465,0.00755,-0.19838,-0.00262,-0.0735,0.17051,0.04431,-0.03228,-0.20333
113.76,-0.12929,0.00178,-0.03221,0.11453,0,0.0467,-0.0376,-0.0424,0.17316,-1.09023,-0.17969,-0.15004,1.21108,1.54624,5.48176,4.03644,-2.58159,-0.82123,0.24157,1.65173,-0.2653,-4.98361,2.67239,-12.43262,-7.53094,5.50412,-0.23849,-0.02784,0.01476,0.18734,-0.02519,0.02082,0.03125,-0.20053,0.00466,0.00461,0.16244,0.00667,-0.03375,-0.15994
113.78,-0.11907,0.01406,-0.02115,-0.00908,0,0.02227,-0.11933,0.04613,0.19716,-0.91565,-0.2939,-0.23809,1.18872,1.84822,3.59535,4.99327,-7.09689,0.81306,1.73569,1.80496,0.21435,-2.71923,3.30867,-9.33345,-8.74572,4.5292,-0.20176,-0.02196,0.07822,0.16847,-0.09421,0.04517,0.05171,-0.1948,0.01147,0.08934,0.14713,-0.03241,-0.03564,-0.11069
113.8,-0.10389,0.02599,-0.00786,-0.1379,0,-0.0045,-0.20044,0.13656,0.21006,-0.7071,-0.38395,-0.30663,1.12595,2.03414,1.48762,5.72806,-11.14646,2.49418,3.17312,1.88425,0.69999,-0.39811,3.86696,-5.57175,-9.55975,3.37629,-0.1553,-0.01521,0.14103,0.14172,-0.1625,0.06725,0.06898,-0.18209,0.01758,0.17979,0.12693,-0.07086,-0.03809,-0.0595
113.82,-0.08421,0.03696,0.00743,-0.26721,0,-0.03274,-0.27772,0.22574,0.21208,-0.46691,-0.4443,-0.35131,1.022,2.09468,-0.74007,6.18682,-14.45054,4.07443,4.444,1.87383,1.15889,1.87035,4.30058,-1.44433,-9.95897,2.13204,-0.10235,-0.00816,0.19949,0.11098,-0.22699,0.08627,0.08374,-0.16426,0.02297,0.27526,0.10534,-0.10671,-0.04124,-0.01106
113.84,-0.0609,0.04638,0.02428,-0.39194,0,-0.06146,-0.34811,0.31086,0.20431,-0.1994,-0.47259,-0.37048,0.87796,2.03191,-2.96779,6.33838,-16.81267,5.39932,5.45032,1.76503,1.55928,3.98407,4.56623,2.70078,-9.96825,0.89658,-0.04699,-0.00139,0.24973,0.08092,-0.28497,0.10173,0.09716,-0.14397,0.0278,0.37493,0.08668,-0.13826,-0.04529,0.02963
113.86,-0.03518,0.05383,0.04207,-0.50696,0,-0.08958,-0.4089,0.38939,0.1882,0.08884,-0.46956,-0.36486,0.69655,1.85872,-5.07018,6.17685,-18.13169,6.33155,6.11747,1.55579,1.87364,5.85435,4.63033,6.51391,-9.63717,-0.23274,0.00635,0.0046,0.28819,0.05636,-0.33424,0.11352,0.11051,-0.12434,0.03236,0.47761,0.07557,-0.16421,-0.05049,0.05778
113.88,-0.00852,0.05898,0.06006,-0.60731,0,-0.11599,-0.45784,0.45902,0.16514,0.38877,-0.43862,-0.33697,0.48168,1.59716,-6.93162,5.72176,-18.40313,6.77522,6.40392,1.24954,2.08169,7.41107,4.47531,9.69681,-9.02301,-1.17827,0.05339,0.00937,0.31203,0.04142,-0.37312,0.12178,0.12488,-0.10852,0.03699,0.58134,0.07622,-0.18374,-0.05712,0.06942
113.9,0.01749,0.06172,0.07738,-0.68852,0,-0.13953,-0.49334,0.51758,0.13602,0.68894,-0.38523,-0.29048,0.23837,1.27609,-8.45972,5.0159,-17.71144,6.69395,6.30692,0.85401,2.17251,8.60663,4.10415,12.04625,-8.17608,-1.895,0.09054,0.01261,0.31959,0.03885,-0.40052,0.12687,0.1408,-0.09931,0.04196,0.68319,0.09179,-0.19662,-0.06545,0.06202
113.92,0.04125,0.06208,0.09313,-0.74686,0,-0.1591,-0.51449,0.56305,0.10109,0.976,-0.31615,-0.22962,-0.0272,0.92822,-9.59424,4.12077,-16.21364,6.11737,5.86238,0.38051,2.14509,9.41825,3.54164,13.47738,-7.13163,-2.37635,0.11534,0.01415,0.31058,0.04956,-0.4159,0.12931,0.15808,-0.09869,0.0474,0.77911,0.12384,-0.20312,-0.07563,0.0349
113.94,0.06133,0.06022,0.10645,-0.77957,0,-0.17371,-0.52114,0.59365,0.06009,1.23549,-0.23855,-0.15876,-0.30735,0.58662,-10.31015,3.10945,-14.11568,5.13394,5.13805,-0.15634,2.00703,9.84857,2.83176,14.02265,-5.90997,-2.65106,0.12671,0.01398,0.2862,0.07237,-0.41919,0.12964,0.1757,-0.10756,0.05325,0.86408,0.17192,-0.20392,-0.08758,-0.01052
113.96,0.0766,0.05646,0.11662,-0.78511,0,-0.18257,-0.51377,0.60805,0.01256,1.4531,-0.15926,-0.08223,-0.59259,0.28118,-10.61562,2.05799,-11.64478,3.87242,4.22177,-0.73844,1.77193,9.92488,2.03181,13.80968,-4.52341,-2.773,0.12509,0.01223,0.24892,0.1042,-0.41075,0.1284,0.19184,-0.12547,0.0592,0.93243,0.23342,-0.19996,-0.1009,-0.07074
113.98,0.08639,0.05116,0.12313,-0.76327,0,-0.1852,-0.4935,0.60554,-0.04168,1.61618,-0.084,-0.00416,-0.87129,0.03529,-10.54684,1.03672,-9.02217,2.47751,3.20741,-1.34395,1.45626,9.69731,1.2047,13.02708,-2.98683,-2.80726,0.11235,0.00918,0.20228,0.14035,-0.39131,0.12602,0.20412,-0.15056,0.06469,0.97836,0.30359,-0.19223,-0.11478,-0.14033
114,0.0905,0.04474,0.12578,-0.71533,0,-0.18152,-0.46196,0.5863,-0.10213,1.71518,-0.01688,0.0715,-1.12989,-0.13653,-10.16146,0.10306,-6.44068,1.08649,2.18191,-1.94738,1.07663,9.23599,0.41133,11.88836,-1.32732,-2.81644,0.09155,0.00521,0.15044,0.1752,-0.36189,0.12279,0.20989,-0.17969,0.06897,0.9966,0.37591,-0.1816,-0.12804,-0.21242
114.02,0.08931,0.03762,0.12465,-0.64404,0,-0.17185,-0.4212,0.55147,-0.1673,1.7449,0.03985,0.14106,-1.35364,-0.22988,-9.53184,-0.70299,-4.0501,-0.18831,1.21582,-2.52037,0.64808,8.62645,-0.29576,10.60152,0.41105,-2.8506,0.06661,0.00079,0.09783,0.20286,-0.32389,0.11885,0.20662,-0.20871,0.07119,0.98304,0.44268,-0.16879,-0.13919,-0.27937
114.04,0.08363,0.03021,0.12012,-0.55344,0,-0.15695,-0.37356,0.5031,-0.23466,1.70523,0.08576,0.20117,-1.52795,-0.25017,-8.73866,-1.36024,-1.95113,-1.26833,0.35829,-3.0334,0.18375,7.9633,-0.87673,9.34856,2.16936,-2.94237,0.04168,-0.00358,0.04858,0.2181,-0.279,0.11418,0.19243,-0.23301,0.07054,0.93532,0.49586,-0.15427,-0.14667,-0.33353
114.06,0.0746,0.0229,0.11279,-0.44866,0,-0.13793,-0.32148,0.44402,-0.30082,1.6015,0.12194,0.24901,-1.6403,-0.21128,-7.86548,-1.8649,-0.19703,-2.10954,-0.36345,-3.45815,-0.30443,7.3424,-1.30672,8.27521,3.88175,-3.10693,0.02055,-0.00743,0.00613,0.21716,-0.22929,0.10866,0.1665,-0.24813,0.06638,0.85335,0.52812,-0.13833,-0.14912,-0.36829
114.08,0.06353,0.01603,0.10338,-0.33551,0,-0.11615,-0.26737,0.37755,-0.36181,1.44438,0.15057,0.28251,-1.68209,-0.13328,-6.99437,-2.22734,1.19932,-2.69731,-0.94139,-3.77015,-0.80419,6.85294,-1.57638,7.48866,5.48636,-3.34533,0.00604,-0.01038,-0.02714,0.19851,-0.17716,0.10205,0.1295,-0.25046,0.05848,0.73965,0.53394,-0.12119,-0.14571,-0.37892
114.1,0.05171,0.00992,0.09264,-0.22022,0,-0.09315,-0.21349,0.30731,-0.41352,1.24928,0.17433,0.30053,-1.65012,-0.03996,-6.20241,-2.46771,2.25521,-3.03839,-1.38209,-3.95088,-1.30142,6.5703,-1.69095,7.05961,6.93493,-3.64898,-0.00038,-0.0122,-0.05014,0.16322,-0.12533,0.09416,0.08376,-0.23783,0.04704,0.59954,0.51038,-0.1031,-0.13631,-0.36331
114.12,0.04034,0.00483,0.08131,-0.10915,0,-0.07051,-0.16186,0.23696,-0.4521,1.03515,0.19586,0.30301,-1.54695,0.04367,-5.55867,-2.61126,3.00697,-3.15247,-1.70127,-3.98866,-1.77901,6.55033,-1.66804,7.02559,8.19787,-4.00324,0.00119,-0.01279,-0.06296,0.11496,-0.07674,0.08485,0.03315,-0.20983,0.03277,0.44098,0.45764,-0.08442,-0.1216,-0.32222
114.14,0.03038,0.00096,0.07006,-0.00846,0,-0.04973,-0.11417,0.17003,-0.47432,0.82271,0.21721,0.29092,-1.38015,0.09369,-5.12103,-2.68372,3.49929,-3.06501,-1.91836,-3.87807,-2.21652,6.82543,-1.53444,7.39313,9.2633,-4.38938,0.00936,-0.0122,-0.06658,0.05943,-0.03437,0.07422,-0.01734,-0.16787,0.01684,0.27402,0.37897,-0.06572,-0.10296,-0.25916
114.16,0.02253,-0.0015,0.0594,0.07615,0,-0.03216,-0.07176,0.10972,-0.4779,0.63212,0.23937,0.26618,-1.1605,0.08926,-4.93292,-2.70725,3.77609,-2.80219,-2.05191,-3.61842,-2.59075,7.40243,-1.32231,8.13842,10.13103,-4.78474,0.02178,-0.0106,-0.06242,0.00342,-0.00101,0.0626,-0.06232,-0.11497,0.00071,0.10997,0.2803,-0.04783,-0.08223,-0.17978
114.18,0.01722,-0.00245,0.04975,0.13969,0,-0.01889,-0.0356,0.05882,-0.46167,0.48076,0.26195,0.23144,-0.89982,0.01435,-5.02028,-2.69733,3.87349,-2.38812,-2.11585,-3.21206,-2.87705,8.26223,-1.06522,9.20703,10.8042,-5.16216,0.03576,-0.00822,-0.05176,-0.0463,0.02103,0.05067,-0.09684,-0.05535,-0.01409,-0.03963,0.16943,-0.03175,-0.06139,-0.09108
114.2,0.0146,-0.00184,0.04138,0.1782,0,-0.01064,-0.00624,0.01952,-0.42575,0.38115,0.28311,0.1898,-0.60894,-0.14092,-5.38915,-2.66069,3.81523,-1.84422,-2.11712,-2.66326,-3.051,9.36098,-0.79444,10.51412,11.28137,-5.48953,0.0488,-0.00532,-0.03537,-0.08402,0.03016,0.03942,-0.11706,0.00606,-0.02609,-0.16406,0.05521,-0.01865,-0.04224,-0.00056
114.22,0.01457,0.0003,0.03442,0.18895,0,-0.00775,0.01612,-0.0066,-0.37145,0.33969,0.29969,0.14452,-0.29635,-0.37928,-6.02415,-2.59453,3.61064,-1.19014,-2.05469,-1.97839,-3.0902,10.63278,-0.5358,11.94614,11.55138,-5.73046,0.05893,-0.00214,-0.01331,-0.10576,0.02565,0.03009,-0.12081,0.06417,-0.0341,-0.2543,-0.05343,-0.00969,-0.02621,0.08452
114.24,0.01681,0.00387,0.02888,0.1707,0,-0.01016,0.03163,-0.01872,-0.3011,0.35613,0.30764,0.09865,0.03234,-0.69581,-6.88823,-2.48703,3.25513,-0.44588,-1.91985,-1.16719,-2.97599,11.99367,-0.30729,13.36536,11.59214,-5.84645,0.06494,0.00112,0.01501,-0.10965,0.00776,0.02398,-0.10776,0.11424,-0.03731,-0.3038,-0.14832,-0.00589,-0.01424,0.15781
114.26,0.02083,0.00868,0.02466,0.1239,0,-0.01738,0.04075,-0.01682,-0.2177,0.4238,0.30261,0.05467,0.3741,-1.07789,-7.92381,-2.31906,2.73311,0.36556,-1.69809,-0.24506,-2.69515,13.34689,-0.11752,14.61765,11.37351,-5.80063,0.06632,0.0043,0.05045,-0.09579,-0.02232,0.02221,-0.07936,0.15234,-0.03533,-0.30899,-0.22285,-0.00787,-0.00672,0.21428
114.28,0.026,0.01444,0.02151,0.05081,0,-0.02859,0.04422,-0.00171,-0.12455,0.53046,0.28068,0.01423,0.72757,-1.50558,-9.05531,-2.06701,2.02307,1.2154,-1.37203,0.76451,-2.24173,14.5892,0.03481,15.54362,10.86341,-5.56252,0.06313,0.0073,0.09375,-0.066,-0.06254,0.02554,-0.03848,0.17572,-0.02825,-0.26965,-0.27259,-0.01571,-0.00365,0.25053
114.3,0.03157,0.02081,0.01913,-0.04443,0,-0.04263,0.04308,0.02489,-0.02497,0.65959,0.23908,-0.022,1.09178,-1.9527,-10.19313,-1.7065,1.10455,2.06677,-0.9257,1.82813,-1.61906,15.61744,0.16018,15.9925,10.03545,-5.11293,0.05577,0.01006,0.145,-0.0233,-0.11005,0.03409,0.01095,0.18313,-0.0166,-0.18905,-0.29571,-0.0288,-0.00462,0.26501
114.32,0.03676,0.02732,0.01712,-0.15594,0,-0.05812,0.03862,0.06047,0.07794,0.79197,0.17669,-0.05426,1.46479,-2.38831,-11.23885,-1.21658,-0.0337,2.87358,-0.34938,2.9023,-0.84163,16.33468,0.27606,15.83747,8.87608,-4.44797,0.04482,0.01252,0.20337,0.02849,-0.16144,0.04732,0.06445,0.17479,-0.00129,-0.07378,-0.29298,-0.04577,-0.00895,0.25796
114.34,0.04078,0.03349,0.01502,-0.27644,0,-0.07353,0.03244,0.10184,0.18131,0.90745,0.09435,-0.08342,1.84238,-2.77908,-12.09162,-0.5842,-1.38509,3.58094,0.35518,3.93529,0.06339,16.65557,0.40345,14.99126,7.39003,-3.58128,0.03088,0.01463,0.26687,0.08521,-0.21282,0.06399,0.11748,0.15237,0.01643,0.06668,-0.2676,-0.06465,-0.01571,0.23142
114.36,0.04289,0.03878,0.01243,-0.39769,0,-0.0873,0.02639,0.14533,0.28254,0.98678,-0.00506,-0.11058,2.21706,-3.09204,-12.65563,0.19165,-2.91739,4.12747,1.17012,4.87086,1.05542,16.5111,0.5626,13.42041,5.60349,-2.54445,0.01449,0.01631,0.33248,0.14266,-0.26007,0.08231,0.16584,0.11862,0.0351,0.22069,-0.22462,-0.083,-0.02378,0.18895
114.38,0.0425,0.04266,0.00894,-0.51116,0,-0.09793,0.02257,0.18703,0.37917,1.01357,-0.11678,-0.13658,2.57747,-3.29768,-12.84821,1.09664,-4.56732,4.44957,2.05839,5.65332,2.08085,15.85325,0.7686,11.15589,3.56522,-1.38562,-0.00387,0.01743,0.39626,0.19691,-0.29908,0.10016,0.20603,0.07712,0.05314,0.37532,-0.17025,-0.09821,-0.03179,0.13537
114.4,0.03914,0.04466,0.00428,-0.60863,0,-0.10413,0.02319,0.22307,0.46874,0.9759,-0.23446,-0.16167,2.90819,-3.37288,-12.60743,2.09943,-6.23949,4.48758,2.96356,6.23258,3.0752,14.65919,1.02792,8.2968,1.3453,-0.1664,-0.02372,0.01783,0.45374,0.24444,-0.32598,0.11532,0.23557,0.03177,0.06898,0.51734,-0.1112,-0.10781,-0.03828,0.07636
114.42,0.03259,0.04437,-0.00173,-0.68272,0,-0.10489,0.03041,0.24987,0.54867,0.86769,-0.35065,-0.18527,3.1901,-3.30315,-11.89797,3.15237,-7.81119,4.19313,3.81348,6.56842,3.96742,12.93397,1.33653,5.00365,-0.96861,1.04323,-0.04459,0.0173,0.50025,0.28228,-0.33739,0.12569,0.25301,-0.01348,0.08118,0.63422,-0.05397,-0.10968,-0.0417,0.01796
114.44,0.02287,0.04152,-0.00913,-0.72739,0,-0.09955,0.04607,0.26436,0.61618,0.68943,-0.45732,-0.20603,3.40121,-3.08389,-10.71433,4.19489,-9.14354,3.5374,4.52806,6.63328,4.68636,10.7112,1.68008,1.47999,-3.278,2.17177,-0.0659,0.01565,0.53132,0.30804,-0.33074,0.12951,0.25794,-0.05497,0.08853,0.7151,-0.00429,-0.10235,-0.04063,-0.03402
114.46,0.01024,0.036,-0.01781,-0.73829,0,-0.08782,0.07138,0.26413,0.66829,0.44849,-0.54659,-0.22209,3.51815,-2.72073,-9.08158,5.15922,-10.09793,2.51901,5.03021,6.41392,5.16904,8.05187,2.03578,-2.05466,-5.48228,3.15415,-0.08693,0.01272,0.5431,0.31996,-0.30448,0.12552,0.25077,-0.08961,0.0902,0.75167,0.03331,-0.08508,-0.03395,-0.07458
114.48,-0.00481,0.0279,-0.02753,-0.71303,0,-0.06986,0.10665,0.24769,0.70191,0.1588,-0.61148,-0.23145,3.51812,-2.22914,-7.05424,5.97764,-10.55459,1.17021,5.25773,5.91219,5.36909,5.04207,2.37564,-5.39482,-7.48835,3.93956,-0.10678,0.00848,0.53278,0.31691,-0.25829,0.11308,0.23255,-0.11505,0.08575,0.73896,0.05582,-0.05804,-0.02106,-0.10018
114.5,-0.02155,0.01749,-0.03796,-0.65137,0,-0.04623,0.15103,0.21454,0.71405,-0.16007,-0.64657,-0.23242,3.38141,-1.6332,-4.7133,6.58966,-10.42962,-0.44075,5.17348,5.14531,5.26367,1.78971,2.67004,-8.37496,-9.2189,4.49737,-0.1244,0.00301,0.49887,0.29844,-0.19332,0.09224,0.20465,-0.12977,0.07525,0.6758,0.06185,-0.02228,-0.00199,-0.10905
114.52,-0.03907,0.00524,-0.04866,-0.55521,0,-0.01789,0.20254,0.16531,0.70216,-0.48448,-0.64859,-0.22403,3.09397,-0.96362,-2.16099,6.94817,-9.68675,-2.21286,4.77115,4.1453,4.85708,-1.58008,2.89111,-10.88566,-10.61805,4.81971,-0.13859,-0.00344,0.44147,0.26476,-0.11211,0.06376,0.16864,-0.13311,0.05927,0.56488,0.0516,0.02031,0.02252,-0.10134
114.54,-0.05634,-0.0082,-0.05916,-0.42847,0,0.01386,0.25816,0.10174,0.6644,-0.78899,-0.61673,-0.20633,2.64986,-0.25481,0.48685,7.02367,-8.34182,-4.02189,4.07566,2.95762,4.18006,-4.93128,3.0155,-12.87773,-11.65351,4.92016,-0.14812,-0.01044,0.36233,0.21675,-0.01857,0.02903,0.12608,-0.1252,0.03879,0.41233,0.02662,0.06716,0.05105,-0.07886
114.56,-0.07228,-0.02207,-0.06895,-0.27674,0,0.04749,0.31418,0.02663,0.60014,-1.04918,-0.5528,-0.18051,2.05343,0.45849,3.1102,6.80672,-6.46061,-5.7349,3.13862,1.63886,3.28555,-8.12505,3.02645,-14.35579,-12.31585,4.82939,-0.15184,-0.01748,0.26473,0.15595,0.08237,-0.01006,0.07847,-0.10674,0.01513,0.22696,-0.0106,0.11528,0.08174,-0.04464
114.58,-0.08584,-0.03556,-0.07754,-0.1069,0,0.0813,0.36658,-0.05628,0.51024,-1.24444,-0.46122,-0.14896,1.32083,1.14459,5.59472,6.30868,-4.15164,-7.22674,2.03074,0.25386,2.242,-11.02847,2.91526,-15.36511,-12.61567,4.5889,-0.14881,-0.02394,0.1533,0.08453,0.18512,-0.05126,0.02718,-0.07895,-0.0102,0.01924,-0.05697,0.16155,0.11244,-0.00231
114.6,-0.09611,-0.04789,-0.08447,0.07328,0,0.11356,0.41152,-0.14252,0.39737,-1.36037,-0.34872,-0.11507,0.48055,1.77739,7.84024,5.56082,-1.55583,-8.3947,0.83301,-1.12775,1.12571,-13.52288,2.68215,-15.97584,-12.57943,4.24463,-0.1385,-0.02923,0.03369,0.00526,0.28383,-0.09218,-0.02648,-0.04333,-0.03565,-0.19961,-0.10923,0.20295,0.14099,0.04443
114.62,-0.10237,-0.05835,-0.08938,0.25559,0,0.14264,0.44568,-0.22716,0.26607,-1.39015,-0.22383,-0.08291,-0.42769,2.33771,9.76656,4.61141,1.1658,-9.16829,-0.37173,-2.43579,0.01331,-15.51058,2.33636,-16.26761,-12.24403,3.84132,-0.12086,-0.03281,-0.08789,-0.07849,0.37283,-0.13044,-0.08112,-0.00167,-0.05971,-0.41841,-0.1641,0.23688,0.16541,0.09223
114.64,-0.10413,-0.06634,-0.09197,0.43181,0,0.16707,0.46654,-0.30513,0.12252,-1.33484,-0.09608,-0.05673,-1.35577,2.81319,11.31623,3.52079,3.84588,-9.51247,-1.50621,-3.60443,-1.02517,-16.91957,1.89538,-16.31651,-11.65043,3.41824,-0.09641,-0.03428,-0.20516,-0.16289,0.44705,-0.16384,-0.13521,0.04407,-0.08109,-0.62666,-0.21844,0.26125,0.18406,0.13823
114.66,-0.10121,-0.07145,-0.09207,0.59411,0,0.18564,0.47257,-0.37169,-0.02588,-1.20255,0.02501,-0.04034,-2.25162,3.19711,12.45496,2.35501,6.32478,-9.42536,-2.50463,-4.57768,-1.93205,-17.70681,1.38342,-16.1856,-10.83744,3.00646,-0.06631,-0.03347,-0.31242,-0.24371,0.50238,-0.19055,-0.1869,0.09172,-0.09869,-0.81491,-0.2692,0.27469,0.19573,0.18013
114.68,-0.09371,-0.07346,-0.08961,0.73556,0,0.19751,0.4633,-0.42283,-0.17112,-1.00699,0.13091,-0.03648,-3.06438,3.48669,13.1706,1.17925,8.46362,-8.93222,-3.317,-5.31465,-2.66617,-17.86064,0.82939,-15.91955,-9.83696,2.62768,-0.03226,-0.03041,-0.40508,-0.31659,0.53605,-0.20921,-0.234,0.13891,-0.11178,-0.97511,-0.31348,0.27656,0.1997,0.21605
114.7,-0.08201,-0.07236,-0.0846,0.85047,0,0.20226,0.43931,-0.4556,-0.3052,-0.76571,0.21497,-0.04636,-3.74928,3.68142,13.47125,0.05199,10.15437,-8.07792,-3.91155,-5.79345,-3.2049,-17.40184,0.26433,-15.54286,-8.6716,2.2943,0.00354,-0.02543,-0.48007,-0.37724,0.5468,-0.21904,-0.27401,0.18313,-0.11993,-1.10082,-0.34845,0.26701,0.19577,0.24442
114.72,-0.06676,-0.06833,-0.07721,0.93468,0,0.19988,0.40214,-0.46836,-0.42079,-0.49808,0.27291,-0.06944,-4.27153,3.78175,13.38271,-0.97901,11.32554,-6.91916,-4.27509,-6.01283,-3.54344,-16.38282,-0.28139,-15.06097,-7.35529,2.01048,0.0386,-0.01909,-0.536,-0.42179,0.53496,-0.21987,-0.3043,0.22189,-0.12307,-1.18736,-0.37153,0.24689,0.18423,0.26386
114.74,-0.0488,-0.06173,-0.06767,0.9857,0,0.19081,0.35406,-0.46086,-0.51177,-0.22347,0.30306,-0.10353,-4.6086,3.78833,12.94524,-1.87898,11.94288,-5.51728,-4.41144,-5.9909,-3.69151,-14.88423,-0.7814,-14.46324,-5.89633,1.77374,0.07038,-0.01211,-0.57293,-0.44705,0.50229,-0.21212,-0.32243,0.25288,-0.12147,-1.23192,-0.38061,0.21764,0.16582,0.27325
114.76,-0.02904,-0.05303,-0.05631,1.00281,0,0.17584,0.29781,-0.43409,-0.57364,0.04059,0.30608,-0.14509,-4.75113,3.70192,12.2102,-2.62665,12.00592,-3.93224,-4.33837,-5.76163,-3.66817,-13.00953,-1.21673,-13.7273,-4.30223,1.57691,0.09658,-0.0053,-0.59206,-0.45094,0.45168,-0.19664,-0.32659,0.27425,-0.11566,-1.23366,-0.37437,0.18111,0.14165,0.27177
114.78,-0.00842,-0.04277,-0.04351,0.98698,0,0.15601,0.23627,-0.39013,-0.60389,0.27985,0.28461,-0.18982,-4.70264,3.52368,11.23706,-3.21368,11.5418,-2.21827,-4.08386,-5.36988,-3.49609,-10.87882,-1.57901,-12.82435,-2.58505,1.41003,0.11546,0.00058,-0.59521,-0.43276,0.38681,-0.17467,-0.31594,0.28495,-0.10639,-1.19377,-0.35259,0.13931,0.11306,0.25907
114.8,0.01222,-0.03151,-0.02968,0.94084,0,0.13259,0.17223,-0.33188,-0.6021,0.48431,0.24272,-0.2332,-4.4782,3.25575,10.09073,-3.64321,10.5974,-0.42125,-3.68209,-4.86585,-3.19631,-8.62213,-1.87271,-11.72437,-0.76539,1.26208,0.12607,0.0049,-0.58437,-0.39342,0.31168,-0.14763,-0.29102,0.28484,-0.09456,-1.11551,-0.31641,0.09426,0.0816,0.23543
114.82,0.03218,-0.01975,-0.01528,0.8684,0,0.10691,0.1082,-0.26278,-0.56989,0.64863,0.18528,-0.27108,-4.10198,2.9015,8.83879,-3.92798,9.2302,1.42232,-3.16962,-4.29947,-2.78448,-6.37236,-2.11607,-10.40028,1.1263,1.12214,0.12837,0.00727,-0.56139,-0.3355,0.23036,-0.11708,-0.25369,0.27481,-0.08111,-1.00404,-0.26831,0.04778,0.0488,0.20183
114.84,0.05091,-0.00794,-0.00076,0.77471,0,0.08031,0.04628,-0.18648,-0.51052,0.77192,0.11738,-0.30016,-3.60379,2.46535,7.54802,-4.08814,7.49856,3.285,-2.58165,-3.71502,-2.2691,-4.25746,-2.34025,-8.83031,3.05204,0.97986,0.12322,0.00752,-0.52778,-0.263,0.14658,-0.08452,-0.20704,0.25662,-0.06702,-0.86606,-0.21188,0.00137,0.01611,0.15996
114.86,0.06804,0.00359,0.01341,0.66538,0,0.05401,-0.01188,-0.10653,-0.42835,0.85704,0.04378,-0.31828,-3.01502,1.95213,6.28064,-4.14918,5.45266,5.1472,-1.94893,-3.14623,-1.65151,-2.39243,-2.58694,-6.99871,4.97135,0.82554,0.11223,0.00576,-0.48476,-0.18102,0.06348,-0.05134,-0.15487,0.23263,-0.05311,-0.70925,-0.15138,-0.04393,-0.01524,0.11211
114.88,0.08335,0.01461,0.02682,0.5461,0,0.02901,-0.06505,-0.02609,-0.32828,0.90966,-0.03143,-0.32461,-2.36488,1.36627,5.09067,-4.14019,3.128,6.99502,-1.29543,-2.61246,-0.92766,-0.8721,-2.90472,-4.89583,6.84716,0.6499,0.09755,0.00232,-0.43329,-0.09522,-0.01655,-0.01875,-0.10117,0.20545,-0.04007,-0.5417,-0.09113,-0.08757,-0.0444,0.06097
114.9,0.09676,0.02503,0.03905,0.42224,0,0.00606,-0.11245,0.05222,-0.21532,0.93712,-0.10504,-0.31965,-1.67749,0.71107,4.02108,-4.09269,0.54316,8.8171,-0.63732,-2.1162,-0.09108,0.23407,-3.34454,-2.51786,8.65014,0.44385,0.08161,-0.00229,-0.37435,-0.01131,-0.09199,0.01235,-0.04965,0.17758,-0.02835,-0.37132,-0.03508,-0.1295,-0.07091,0.00945
114.92,0.10828,0.03485,0.04976,0.29864,0,-0.01437,-0.15364,0.12629,-0.09434,0.94738,-0.1746,-0.3049,-0.97043,-0.01175,3.10182,-4.03967,-2.29699,10.60057,0.01672,-1.6423,0.86358,0.88423,-3.95462,0.13322,10.35934,0.1986,0.06685,-0.00743,-0.30904,0.06536,-0.16215,0.04132,-0.00336,0.15123,-0.01812,-0.20542,0.01363,-0.17005,-0.09474,-0.03956
114.94,0.11799,0.04417,0.05865,0.17944,0,-0.0321,-0.18842,0.19446,0.03001,0.94792,-0.2381,-0.2824,-0.25477,-0.80231,2.34883,-4.01492,-5.39275,12.32608,0.66389,-1.15891,1.93664,1.06355,-4.77479,3.04951,11.95867,-0.09397,0.05553,-0.01237,-0.23869,0.13023,-0.22704,0.06782,0.03552,0.12811,-0.00935,-0.05035,0.05281,-0.20982,-0.11619,-0.08342
114.96,0.12604,0.0531,0.06547,0.06803,0,-0.04717,-0.21684,0.25531,0.15309,0.9449,-0.29352,-0.25415,0.46332,-1.66242,1.76394,-4.05242,-8.73712,13.96292,1.3046,-0.62021,3.11973,0.78126,-5.83099,6.21623,13.43003,-0.4405,0.0495,-0.01638,-0.16489,0.1798,-0.28719,0.09179,0.06564,0.10943,-0.00179,0.08877,0.08123,-0.24945,-0.13575,-0.11993
114.98,0.1326,0.06179,0.07004,-0.03286,0,-0.0598,-0.23908,0.3074,0.27014,0.9425,-0.33832,-0.22144,1.17972,-2.59503,1.33549,-4.18567,-12.30142,15.46494,1.93944,0.02936,4.39259,0.06674,-7.13024,9.60922,14.74538,-0.84493,0.05003,-0.01875,-0.08949,0.21187,-0.34339,0.11343,0.0864,0.09592,0.00497,0.20815,0.09855,-0.28944,-0.15398,-0.14756
115,0.13785,0.07033,0.07225,-0.12118,0,-0.07032,-0.2554,0.34913,0.37601,0.94252,-0.36926,-0.18447,1.88856,-3.60319,1.03985,-4.44683,-16.02167,16.76802,2.56606,0.84952,5.72068,-1.03431,-8.6568,13.18997,15.85989,-1.30711,0.05773,-0.01889,-0.01451,0.22566,-0.39642,0.13306,0.09781,0.08787,0.01139,0.30544,0.10521,-0.32991,-0.17129,-0.16552
115.02,0.14194,0.07874,0.07208,-0.19544,0,-0.07906,-0.26611,0.37869,0.4652,0.94433,-0.38233,-0.14225,2.57779,-4.68831,0.84367,-4.86524,-19.78832,17.7896,3.17666,1.89724,7.05385,-2.46277,-10.37008,16.89809,16.70792,-1.82121,0.07242,-0.01634,0.0579,0.22182,-0.44686,0.15111,0.10039,0.08514,0.01797,0.37964,0.10226,-0.37056,-0.18787,-0.17383
115.04,0.14499,0.08692,0.06956,-0.25473,0,-0.08637,-0.27153,0.3941,0.53199,0.94514,-0.37326,-0.09283,3.22475,-5.84799,0.70663,-5.46519,-23.44154,18.43066,3.75629,3.21911,8.3267,-4.14791,-12.20456,20.6421,17.20313,-2.37427,0.09317,-0.01085,0.12551,0.20237,-0.49479,0.16791,0.09507,0.08715,0.02515,0.43103,0.09135,-0.41052,-0.20362,-0.17322
115.06,0.14702,0.09469,0.0648,-0.29874,0,-0.0925,-0.27191,0.39346,0.57082,0.94051,-0.33812,-0.03382,3.79245,-7.07367,0.58461,-6.26299,-26.77393,18.58102,4.2824,4.84321,9.46076,-6.00827,-14.07205,24.29131,17.24328,-2.94525,0.11831,-0.00239,0.18612,0.17049,-0.53973,0.18362,0.08319,0.09287,0.03326,0.46098,0.07466,-0.44844,-0.21806,-0.16502
115.08,0.14795,0.1017,0.05797,-0.32782,0,-0.09759,-0.26744,0.37523,0.57691,0.92507,-0.27424,0.03684,4.22756,-8.34843,0.43281,-7.26369,-29.54191,18.12856,4.72568,6.77142,10.36871,-7.95209,-15.86617,27.67209,16.72008,-3.50476,0.14555,0.00878,0.23762,0.13027,-0.58049,0.19809,0.06653,0.10082,0.04251,0.47174,0.05489,-0.48256,-0.23046,-0.15093
115.1,0.14756,0.10752,0.04931,-0.34293,0,-0.10169,-0.25825,0.33859,0.54686,0.89342,-0.18102,0.1202,4.46098,-9.64522,0.20831,-8.4575,-31.48582,16.97209,5.05226,8.97304,10.96059,-9.87801,-17.46843,30.572,15.53298,-4.01604,0.17213,0.02216,0.2781,0.0864,-0.61527,0.21082,0.04723,0.10902,0.05288,0.46625,0.03511,-0.51085,-0.23986,-0.13291
115.12,0.14557,0.11164,0.03912,-0.34557,0,-0.10473,-0.24449,0.28373,0.47932,0.84099,-0.06046,0.21564,4.41193,-10.92585,-0.12788,-9.8164,-32.358,15.03685,5.22703,11.38066,11.15146,-11.67638,-18.75533,32.75378,13.60547,-4.43721,0.19509,0.03699,0.30589,0.04376,-0.64174,0.22103,0.02775,0.11524,0.06419,0.4479,0.01864,-0.53119,-0.24523,-0.11295
115.14,0.14161,0.11355,0.02777,-0.33762,0,-0.10652,-0.2264,0.21207,0.37547,0.76484,0.08265,0.32059,3.99592,-12.14062,-0.60945,-11.2912,-31.95657,12.29119,5.21798,13.88928,10.87024,-13.23206,-19.60622,33.97958,10.90217,-4.725,0.21148,0.05229,0.31964,0.00699,-0.6573,0.22769,0.01069,0.11716,0.07607,0.42018,0.00868,-0.54156,-0.24561,-0.09301
115.16,0.13534,0.11274,0.01568,-0.32102,0,-0.10684,-0.20442,0.12636,0.23942,0.66436,0.24089,0.43042,3.13637,-13.22922,-1.26332,-12.80981,-30.16139,8.76242,5.00107,16.35905,10.06915,-14.42905,-19.91179,34.04279,7.44484,-4.83963,0.21877,0.06697,0.31841,-0.01997,-0.65937,0.22977,-0.00147,0.11267,0.08795,0.38641,0.00796,-0.5402,-0.24025,-0.07487
115.18,0.12649,0.10882,0.00336,-0.2975,0,-0.1054,-0.17926,0.03058,0.07825,0.54182,0.40478,0.53871,1.77911,-14.12283,-2.10735,-14.27755,-26.96551,4.5493,4.56505,18.62198,8.73285,-15.15708,-19.58327,32.80212,3.32508,-4.75013,0.21512,0.07989,0.30172,-0.03435,-0.64573,0.22637,-0.00665,0.10027,0.09917,0.34948,0.01832,-0.52582,-0.2288,-0.06012
115.2,0.11494,0.10157,-0.00867,-0.26838,0,-0.10196,-0.15202,-0.07021,-0.09813,0.40256,0.5635,0.63777,-0.09203,-14.74721,-3.14618,-15.58014,-22.49337,-0.17279,3.91507,20.4922,6.88546,-15.31957,-18.56102,30.20965,-1.28994,-4.4392,0.19962,0.08999,0.26965,-0.03478,-0.6148,0.21693,-0.00348,0.07926,0.10894,0.31157,0.04039,-0.4977,-0.21138,-0.05004
115.22,0.10074,0.09093,-0.01986,-0.23444,0,-0.09629,-0.12413,-0.1702,-0.27768,0.25495,0.70586,0.71942,-2.44033,-15.02631,-4.36508,-16.58958,-16.99703,-5.158,3.07416,21.77941,4.59362,-14.84209,-16.82106,26.32464,-6.162,-3.90642,0.17241,0.09636,0.22291,-0.02148,-0.56588,0.20126,0.00852,0.04995,0.11649,0.27409,0.07345,-0.45577,-0.18861,-0.0456
115.24,0.08413,0.07706,-0.02968,-0.19594,0,-0.08827,-0.09734,-0.26342,-0.44719,0.10979,0.82133,0.77602,-5.16463,-14.88639,-5.7223,-17.17318,-10.82731,-10.10902,2.08194,22.30533,1.96423,-13.68041,-14.37855,21.30937,-10.99844,-3.16929,0.13466,0.09834,0.16289,0.0039,-0.49914,0.17952,0.02882,0.01356,0.12108,0.23766,0.11552,-0.40059,-0.16151,-0.04737
115.26,0.0655,0.06026,-0.03768,-0.15273,0,-0.07782,-0.07354,-0.34429,-0.59374,-0.02062,0.90111,0.80148,-8.09357,-14.26088,-7.14207,-17.20548,-4.38524,-14.70705,0.99085,21.92306,-0.86276,-11.82806,-11.28859,15.4094,-15.47941,-2.26215,0.08832,0.09559,0.09169,0.03851,-0.41561,0.15213,0.05581,-0.02792,0.12207,0.20216,0.16361,-0.33324,-0.13138,-0.0555
115.28,0.04533,0.04098,-0.04356,-0.10446,0,-0.06502,-0.05452,-0.40831,-0.70611,-0.12372,0.9391,0.79225,-10.98878,-13.09687,-8.51135,-16.5822,1.93404,-18.64707,-0.139,20.5385,-3.72516,-9.32289,-7.6453,8.92522,-19.29105,-1.23352,0.03595,0.08811,0.01205,0.07875,-0.31705,0.1196,0.08694,-0.07199,0.11903,0.1669,0.21408,-0.25522,-0.0996,-0.06965
115.3,0.0242,0.01978,-0.04714,-0.05084,0,-0.05001,-0.04179,-0.4525,-0.77614,-0.188,0.93254,0.74793,-13.56023,-11.36279,-9.68365,-15.23424,7.79111,-21.67135,-1.24548,18.13162,-6.4515,-6.25152,-3.57957,2.18266,-22.15878,-0.14238,-0.01963,0.07629,-0.07265,0.12067,-0.20584,0.08248,0.11893,-0.11596,0.11175,0.13082,0.26306,-0.16836,-0.06748,-0.08901
115.32,0.00265,-0.00271,-0.04849,0.00809,0,-0.03308,-0.0363,-0.47564,-0.79946,-0.20441,0.88216,0.67122,-15.49606,-9.05663,-10.49255,-13.13937,12.9348,-23.5949,-2.2697,14.7741,-8.87491,-2.74966,0.74511,-4.493,-23.8753,0.94651,-0.07555,0.06086,-0.15859,0.16037,-0.08495,0.04135,0.14805,-0.15723,0.10031,0.0928,0.30683,-0.07481,-0.03612,-0.11229
115.34,-0.0188,-0.02578,-0.04782,0.07184,0,-0.01461,-0.03824,-0.47821,-0.77578,-0.1675,0.79182,0.56731,-16.5058,-6.2135,-10.77505,-10.32986,17.21303,-24.31988,-3.16048,10.63083,-10.84725,1.00301,5.13955,-10.79725,-24.32014,1.96793,-0.12911,0.04285,-0.24167,0.19431,0.04209,-0.0031,0.17057,-0.19348,0.08508,0.05185,0.34206,0.02298,-0.00638,-0.13784
115.36,-0.03967,-0.04864,-0.04551,0.13921,0,0.0049,-0.04687,-0.46201,-0.70859,-0.07648,0.66767,0.44273,-16.37157,-2.9115,-10.4014,-6.89546,20.56453,-23.83947,-3.87806,5.92411,-12.25283,4.79372,9.39869,-16.46093,-23.47074,2.86192,-0.17793,0.02346,-0.31779,0.21957,0.17123,-0.04995,0.18321,-0.22283,0.06667,0.00738,0.36604,0.12224,0.02111,-0.16373
115.38,-0.0596,-0.07045,-0.04202,0.20832,0,0.02484,-0.06047,-0.42976,-0.60454,0.06406,0.51727,0.30412,-14.99646,0.72556,-9.30523,-2.98188,22.99872,-22.2338,-4.39673,0.87552,-13.02025,8.39227,13.31395,-21.2606,-21.40536,3.57921,-0.22002,0.00393,-0.38313,0.23402,0.29795,-0.09783,0.18363,-0.24395,0.04592,-0.04058,0.37679,0.21987,0.04595,-0.18792
115.4,-0.07829,-0.09034,-0.03788,0.27651,0,0.04456,-0.07633,-0.38463,-0.47266,0.24396,0.34877,0.15733,-12.43695,4.53035,-7.50554,1.21596,24.57153,-19.65971,-4.70615,-4.32142,-13.13026,11.57028,16.68722,-25.02545,-18.29759,4.08546,-0.25385,-0.01454,-0.43438,0.23634,0.41736,-0.14493,0.17074,-0.2561,0.02382,-0.09126,0.37309,0.3125,0.06792,-0.20834
115.42,-0.09551,-0.10743,-0.03356,0.34043,0,0.06332,-0.09104,-0.32994,-0.3235,0.44793,0.17042,0.007,-8.90747,8.30131,-5.11318,5.46675,25.36337,-16.33475,-4.81101,-9.47781,-12.61744,14.12291,19.34573,-27.64164,-14.40102,4.36366,-0.27829,-0.03093,-0.46893,0.22598,0.52445,-0.18897,0.14487,-0.25904,0.00142,-0.14315,0.35448,0.39667,0.08694,-0.22298
115.44,-0.11105,-0.12092,-0.02948,0.3962,0,0.08036,-0.10078,-0.26893,-0.16824,0.65664,-0.00954,-0.14305,-4.7527,11.8196,-2.31885,9.52194,25.46293,-12.51615,-4.72913,-14.36413,-11.56479,15.89155,21.15699,-29.05459,-10.02393,4.41425,-0.29253,-0.04445,-0.4849,0.20304,0.61445,-0.22747,0.10766,-0.253,-0.02025,-0.19408,0.32112,0.46902,0.10312,-0.2299
115.46,-0.12467,-0.13016,-0.0259,0.43957,0,0.09493,-0.10186,-0.20468,-0.0178,0.84854,-0.18283,-0.2891,-0.39342,14.87218,0.63485,13.13981,24.95827,-8.47672,-4.48815,-18.68788,-10.09259,16.7853,22.04302,-29.27041,-5.49689,4.25347,-0.29599,-0.05455,-0.48107,0.16806,0.68326,-0.25803,0.06178,-0.23849,-0.04028,-0.24141,0.27367,0.52666,0.11675,-0.22724
115.48,-0.13611,-0.1347,-0.0229,0.46626,0,0.1063,-0.09124,-0.14006,0.11791,1.00201,-0.34105,-0.42656,3.74024,17.27691,3.48961,16.11055,23.93448,-4.48107,-4.12197,-22.1361,-8.34393,16.79732,21.99181,-28.35663,-1.13858,3.91055,-0.28827,-0.06102,-0.45686,0.12188,0.72799,-0.27875,0.01053,-0.2162,-0.05798,-0.2823,0.21317,0.56752,0.12833,-0.21328
115.5,-0.14501,-0.13442,-0.02041,0.47226,0,0.11387,-0.06703,-0.07776,0.23076,1.09754,-0.47572,-0.5494,7.27173,18.90421,6.00735,18.27786,22.47538,-0.76497,-3.66719,-24.46461,-6.46968,16.01077,21.06271,-26.4406,2.77452,3.42431,-0.26912,-0.0639,-0.41225,0.06552,0.74727,-0.28852,-0.04254,-0.18694,-0.07291,-0.31396,0.14102,0.59062,0.13859,-0.18647
115.52,-0.15097,-0.12951,-0.01814,0.45418,0,0.11715,-0.02876,-0.02012,0.31499,1.11977,-0.57892,-0.65017,9.9238,19.69049,7.99841,19.55252,20.66611,2.47996,-3.16014,-25.5601,-4.61426,14.58954,19.38226,-23.70319,6.0302,2.83949,-0.23853,-0.06351,-0.34775,0.00027,0.74148,-0.2872,-0.09404,-0.15164,-0.08488,-0.33385,0.05897,0.5962,0.14837,-0.14572
115.54,-0.1536,-0.12046,-0.01573,0.40959,0,0.11584,0.02251,0.03104,0.36761,1.059,-0.64423,-0.72078,11.5405,19.64083,9.33851,19.91635,18.59408,5.11589,-2.63439,-25.44566,-2.90325,12.75262,17.12903,-20.36624,8.49278,2.20294,-0.19692,-0.06036,-0.26437,-0.07218,0.7126,-0.27559,-0.14093,-0.1114,-0.09396,-0.33981,-0.03071,0.58563,0.15856,-0.09057
115.56,-0.15254,-0.10804,-0.01277,0.33728,0,0.10984,0.08429,0.07465,0.38874,0.91232,-0.66803,-0.754,12.08651,18.82245,9.97447,19.41762,16.34817,7.06294,-2.11903,-24.2553,-1.4336,10.73669,14.51027,-16.67521,10.10611,1.55994,-0.14531,-0.05514,-0.16367,-0.1495,0.66391,-0.25522,-0.1807,-0.06761,-0.1003,-0.33012,-0.12516,0.56112,0.16985,-0.02159
115.58,-0.1476,-0.09313,-0.00892,0.23763,0,0.09927,0.1529,0.11067,0.38159,0.68415,-0.65074,-0.74513,11.63009,17.3519,9.9212,18.1608,14.0167,8.29878,-1.63754,-22.19865,-0.26694,8.75601,11.73578,-12.88017,10.88924,0.95104,-0.08551,-0.04857,-0.04783,-0.22852,0.59952,-0.2281,-0.21142,-0.02202,-0.10412,-0.30366,-0.22081,0.52544,0.18259,0.0594
115.6,-0.13878,-0.07673,-0.00397,0.11282,0,0.08455,0.22388,0.1401,0.3522,0.38621,-0.59749,-0.69336,10.3167,15.37933,9.25263,16.29304,11.68481,8.85376,-1.20743,-19.52449,0.57284,6.96953,8.99457,-9.21806,10.92639,0.40973,-0.02024,-0.04139,0.08017,-0.30516,0.52396,-0.19638,-0.23183,0.02322,-0.10559,-0.25997,-0.31336,0.48155,0.19666,0.14913
115.62,-0.12635,-0.0598,0.00211,-0.03294,0,0.06631,0.29234,0.16485,0.3087,0.03669,-0.51781,-0.60246,8.33892,13.07123,8.08833,13.98862,9.4313,8.80164,-0.84026,-16.48955,1.09741,5.46318,6.43838,-5.89805,10.35204,-0.03894,0.04693,-0.03429,0.21649,-0.37461,0.44181,-0.16216,-0.24124,0.06565,-0.10479,-0.19947,-0.39803,0.43235,0.21142,0.24297
115.64,-0.11078,-0.04327,0.00915,-0.19344,0,0.04544,0.35344,0.1872,0.26013,-0.3414,-0.4243,-0.4804,5.9068,10.59324,6.57758,11.43231,7.32482,8.24642,-0.54217,-13.33524,1.34736,4.25022,4.17374,-3.09046,9.33236,-0.37871,0.11189,-0.02782,0.35618,-0.43169,0.35739,-0.12731,-0.23955,0.10276,-0.10174,-0.12371,-0.46987,0.38048,0.22575,0.33523
115.66,-0.09275,-0.02793,0.01679,-0.36054,0,0.02299,0.4028,0.20925,0.21503,-0.72247,-0.33039,-0.33822,3.22137,8.09426,4.88279,8.80307,5.41981,7.30715,-0.31451,-10.27314,1.38222,3.28736,2.26171,-0.9192,8.04499,-0.60174,0.17032,-0.02242,0.49323,-0.47149,0.27461,-0.09339,-0.22718,0.13226,-0.09642,-0.03552,-0.52431,0.32819,0.23827,0.41972
115.68,-0.07306,-0.01445,0.02455,-0.52454,0,0.00017,0.43691,0.23217,0.18,-1.08085,-0.2479,-0.18834,0.45421,5.69373,3.16438,6.26021,3.75313,6.10317,-0.15456,-7.47791,1.26925,2.49985,0.72328,0.54209,6.65992,-0.70773,0.21826,-0.0183,0.62064,-0.49012,0.19689,-0.0617,-0.20503,0.1525,-0.08885,0.0608,-0.55779,0.27737,0.24748,0.49041
115.7,-0.05257,-0.00332,0.03186,-0.67471,0,-0.0218,0.4534,0.25575,0.1587,-1.3931,-0.18501,-0.04302,-2.26538,3.47371,1.56911,3.9337,2.34235,4.74237,-0.05629,-5.08545,1.07294,1.80776,-0.45242,1.27038,5.32404,-0.70268,0.25257,-0.01554,0.73063,-0.48527,0.12716,-0.03326,-0.17444,0.1627,-0.07918,0.15948,-0.56821,0.22959,0.25211,0.5421
115.72,-0.03212,0.00507,0.03814,-0.79999,0,-0.04167,0.45116,0.27829,0.15144,-1.6397,-0.14518,0.0869,-4.85409,1.47657,0.22284,1.91963,1.18615,3.31407,-0.01097,-3.1938,0.84689,1.14639,-1.2993,1.28971,4.151,-0.59755,0.27122,-0.01399,0.81524,-0.45668,0.06796,-0.00896,-0.13715,0.16311,-0.06768,0.25359,-0.55525,0.18623,0.25127,0.57095
115.74,-0.01254,0.0105,0.04282,-0.88995,0,-0.05829,0.43033,0.29677,0.15553,-1.80609,-0.12735,0.19273,-7.26997,-0.29172,-0.77238,0.28065,0.26697,1.88693,-0.00779,-1.8648,0.6288,0.47729,-1.86652,0.66452,3.21679,-0.40681,0.27346,-0.0134,0.86695,-0.40616,0.0215,0.01041,-0.09526,0.15488,-0.05482,0.3355,-0.52034,0.14856,0.2446,0.57478
115.76,0.00544,0.01278,0.04541,-0.93586,0,-0.07064,0.39207,0.30754,0.16629,-1.88299,-0.12707,0.2681,-9.50115,-1.85381,-1.33794,-0.94987,-0.44459,0.51136,-0.03431,-1.12561,0.43854,-0.21026,-2.21236,-0.50922,2.56045,-0.14714,0.25978,-0.01342,0.87955,-0.33741,-0.01026,0.02413,-0.05109,0.13983,-0.0412,0.39772,-0.46639,0.11791,0.23243,0.55322
115.78,0.02112,0.01184,0.04553,-0.93178,0,-0.07792,0.33828,0.30702,0.17834,-1.86635,-0.13833,0.30885,-11.55101,-3.25023,-1.41678,-1.76166,-0.98428,-0.77507,-0.07693,-0.97,0.27853,-0.90445,-2.39955,-2.11309,2.18829,0.16361,0.2318,-0.01363,0.8491,-0.25561,-0.02557,0.0315,-0.00714,0.12009,-0.02747,0.43374,-0.3974,0.09567,0.21572,0.50766
115.8,0.03391,0.00765,0.04292,-0.87536,0,-0.07958,0.27132,0.29247,0.18694,-1.75689,-0.15526,0.31277,-13.42268,-4.5274,-0.97178,-2.16108,-1.38833,-1.94087,-0.12135,-1.36021,0.13585,-1.57916,-2.49168,-4.01407,2.08028,0.50701,0.19199,-0.01367,0.77461,-0.16681,-0.02299,0.03189,0.03409,0.09776,-0.01433,0.43881,-0.31796,0.0833,0.196,0.44113
115.82,0.04332,0.00023,0.03745,-0.76835,0,-0.07536,0.19369,0.26249,0.18905,-1.55943,-0.17355,0.27944,-15.1052,-5.72571,0.01439,-2.16602,-1.68783,-2.95408,-0.15316,-2.22999,-0.01472,-2.20212,-2.54975,-6.07019,2.19706,0.86415,0.14341,-0.0132,0.65845,-0.07744,-0.00153,0.02482,0.07016,0.07463,-0.00242,0.41058,-0.23282,0.08219,0.17525,0.358
115.84,0.04895,-0.01028,0.02915,-0.61639,0,-0.0653,0.10779,0.21725,0.18388,-1.282,-0.19103,0.21011,-16.56299,-6.86884,1.53722,-1.80268,-1.90386,-3.77726,-0.15862,-3.48943,-0.20706,-2.74113,-2.62871,-8.13411,2.48692,1.21545,0.08942,-0.01198,0.50622,0.00637,0.03912,0.01008,0.09887,0.05197,0.00769,0.34932,-0.1465,0.09339,0.15555,0.26357
115.86,0.0505,-0.0236,0.01817,-0.42851,0,-0.04972,0.01568,0.15841,0.17297,-0.9348,-0.20767,0.10774,-17.72991,-7.95493,3.56634,-1.10489,-2.0436,-4.36469,-0.12573,-5.03134,-0.47963,-3.1683,-2.77365,-10.05545,2.89211,1.54023,0.03334,-0.0099,0.3263,0.0793,0.09827,-0.01215,0.11842,0.03048,0.01561,0.25793,-0.0629,0.11731,0.13882,0.16359
115.88,0.04786,-0.03926,0.00477,-0.21619,0,-0.0292,-0.08107,0.08881,0.15983,-0.52939,-0.225,-0.02284,-18.50862,-8.95037,6.04031,-0.11541,-2.09748,-4.66236,-0.04543,-6.73864,-0.87102,-3.46272,-3.01624,-11.68362,3.35416,1.81648,-0.02184,-0.00694,0.12898,0.1374,0.17387,-0.04109,0.12758,0.01032,0.02108,0.14166,0.01486,0.15336,0.1264,0.06372
115.9,0.04105,-0.05656,-0.01064,0.00765,0,-0.00458,-0.18141,0.01215,0.14928,-0.07807,-0.24537,-0.1749,-18.77505,-9.78645,8.86163,1.1113,-2.03775,-4.61079,0.08681,-8.49185,-1.41514,-3.61292,-3.37162,-12.87227,3.81823,2.02105,-0.07366,-0.00322,-0.07441,0.17836,0.26234,-0.07532,0.12582,-0.00883,0.02406,0.00779,0.08465,0.19966,0.11884,-0.0309
115.92,0.03031,-0.07452,-0.02758,0.22962,0,0.02308,-0.28472,-0.06734,0.14648,0.40643,-0.2712,-0.33993,-18.3878,-10.35972,11.89364,2.50567,-1.8187,-4.15058,0.2695,-10.176,-2.13604,-3.61967,-3.83633,-13.48649,4.23609,2.13061,-0.12028,0.00107,-0.27246,0.20168,0.35837,-0.11271,0.11346,-0.02763,0.0247,-0.13491,0.14535,0.25288,0.11571,-0.11611
115.94,0.01605,-0.09194,-0.04541,0.43688,0,0.0525,-0.39065,-0.1452,0.15588,0.911,-0.3043,-0.508,-17.20186,-10.53648,14.96103,3.98,-1.37904,-3.23066,0.49355,-11.68669,-3.04267,-3.49922,-4.38756,-13.41291,4.56797,2.12332,-0.16056,0.00563,-0.45458,0.20858,0.45507,-0.15045,0.09171,-0.04687,0.02333,-0.27674,0.19674,0.30829,0.11559,-0.18892
115.96,-0.0011,-0.10741,-0.06336,0.61802,0,0.0822,-0.49884,-0.21694,0.18008,1.42198,-0.34549,-0.66838,-15.08601,-10.1623,17.85536,5.42627,-0.64739,-1.81856,0.74136,-12.93517,-4.12401,-3.28669,-4.98403,-12.57242,4.7834,1.98127,-0.19392,0.01016,-0.61182,0.20172,0.54429,-0.18523,0.06266,-0.06738,0.02045,-0.40769,0.23936,0.35999,0.11624,-0.24775
115.98,-0.02033,-0.11941,-0.08053,0.76379,0,0.11053,-0.60864,-0.2782,0.21893,1.92499,-0.39443,-0.81028,-11.94282,-9.07732,20.3468,6.71573,0.44836,0.08829,0.98667,-13.85232,-5.34562,-3.038,-5.56861,-10.93379,4.86146,1.69347,-0.22024,0.01432,-0.73747,0.18477,0.61713,-0.21347,0.02913,-0.08976,0.0167,-0.51821,0.27435,0.40134,0.11482,-0.29241
116,-0.04067,-0.12643,-0.09588,0.86763,0,0.13575,-0.7189,-0.32488,0.26891,2.40464,-0.44958,-0.92349,-7.72895,-7.13728,22.20219,7.70065,1.96701,2.45158,1.19589,-14.39078,-6.64841,-2.82882,-6.07272,-8.52535,4.79036,1.25886,-0.23969,0.01781,-0.82747,0.16189,0.6647,-0.23165,-0.00546,-0.11433,0.01276,-0.59979,0.30312,0.42559,0.10831,-0.32401
116.02,-0.06099,-0.12716,-0.1083,0.92591,0,0.15602,-0.82771,-0.35324,0.32317,2.84433,-0.50843,-0.99898,-2.47283,-4.23973,23.20915,8.21912,3.9354,5.18357,1.33131,-14.52436,-7.95071,-2.74869,-6.4225,-5.44144,4.56627,0.68869,-0.25249,0.02042,-0.88035,0.13718,0.67897,-0.23665,-0.03748,-0.14093,0.00936,-0.64562,0.32714,0.4266,0.09387,-0.34463
116.04,-0.08008,-0.12057,-0.11659,0.93781,0,0.16959,-0.93239,-0.36002,0.37209,3.22621,-0.56779,-1.02915,3.71324,-0.35352,23.20432,8.10396,6.32708,8.1427,1.35611,-14.24456,-9.15392,-2.88989,-6.54646,-1.84138,4.19156,0.00806,-0.25873,0.022,-0.89681,0.11406,0.65371,-0.22616,-0.06352,-0.16891,0.00713,-0.65104,0.34762,0.39961,0.06934,-0.35685
116.06,-0.09669,-0.10619,-0.1196,0.90502,0,0.17483,-1.02941,-0.34258,0.40447,3.53138,-0.62419,-1.00811,10.62777,4.45211,22.10238,7.19661,9.04237,11.13506,1.24067,-13.55536,-10.1514,-3.33201,-6.38415,2.05936,3.67271,-0.74417,-0.25818,0.02254,-0.87905,0.0948,0.58541,-0.19905,-0.08084,-0.19709,0.00656,-0.61398,0.36525,0.34208,0.0336,-0.3632
116.08,-0.10959,-0.08416,-0.11634,0.83129,0,0.17043,-1.1146,-0.29919,0.4091,3.74054,-0.67415,-0.93195,17.97923,9.98399,19.91987,5.36686,11.89631,13.9231,0.96891,-12.46822,-10.83936,-4.12483,-5.89474,6.00461,3.01861,-1.51686,-0.25021,0.02214,-0.83011,0.08014,0.4741,-0.15563,-0.08787,-0.22379,0.00793,-0.53519,0.37998,0.25433,-0.01306,-0.3656
116.1,-0.11767,-0.05534,-0.10604,0.7221,0,0.15555,-1.18332,-0.22931,0.37651,3.8349,-0.71442,-0.7992,25.39033,15.91426,16.78581,2.53821,14.62148,16.24276,0.54333,-10.99869,-11.12785,-5.27271,-5.06402,9.7184,2.23975,-2.2502,-0.23379,0.02104,-0.75324,0.06915,0.3238,-0.09785,-0.0845,-0.24697,0.01124,-0.41841,0.39102,0.13985,-0.06884,-0.36496
116.12,-0.12001,-0.02131,-0.0884,0.58417,0,0.12997,-1.23078,-0.13399,0.30067,3.7974,-0.74187,-0.61146,32.41337,21.78964,12.93176,-1.28265,16.89149,17.82956,-0.01283,-9.16541,-10.95002,-6.72341,-3.90809,12.93021,1.34834,-2.88127,-0.20773,0.01954,-0.65167,0.05951,0.14245,-0.0292,-0.07215,-0.26433,0.01624,-0.27027,0.39684,0.00527,-0.13046,-0.36111
116.14,-0.11596,0.01576,-0.0636,0.42518,0,0.09424,-1.25228,-0.01628,0.18033,3.61409,-0.75318,-0.37419,38.55833,27.0662,8.65931,-5.97626,18.3655,18.45241,-0.65678,-6.99142,-10.26853,-8.36384,-2.47298,15.40312,0.35938,-3.35161,-0.17094,0.01801,-0.52856,0.04803,-0.05872,0.04558,-0.05352,-0.27361,0.02243,-0.09984,0.39547,-0.14035,-0.19355,-0.35292
116.16,-0.10521,0.05339,-0.03248,0.25339,0,0.04975,-1.24361,0.1185,0.02004,3.27567,-0.7445,-0.09741,43.33234,31.17127,4.29086,-11.28678,18.74757,17.95115,-1.33075,-4.50759,-9.07927,-10.02376,-0.83052,16.96244,-0.70771,-3.61576,-0.12293,0.01681,-0.38735,0.03147,-0.2664,0.12108,-0.03212,-0.2728,0.02915,0.08199,0.38482,-0.28654,-0.25318,-0.33867
116.18,-0.08791,0.08897,0.00342,0.07744,0,-0.00122,-1.20144,0.26261,-0.1696,2.77925,-0.71114,0.20388,46.28993,33.59025,0.11632,-16.81373,17.84762,16.27067,-1.96871,-1.75722,-7.4127,-11.48812,0.92835,17.52033,-1.82762,-3.64917,-0.0642,0.01621,-0.23213,0.00746,-0.46666,0.19177,-0.01169,-0.26042,0.0357,0.26335,0.36311,-0.42272,-0.30456,-0.31664
116.2,-0.06467,0.12015,0.04191,-0.09401,0,-0.05558,-1.12374,0.40606,-0.37255,2.13021,-0.64785,0.51006,47.09147,33.97285,-3.65015,-22.02902,15.62779,13.48224,-2.50422,1.19937,-5.333,-12.51811,2.70171,17.09028,-2.96837,-3.45329,0.0034,0.01637,-0.06806,-0.02482,-0.64629,0.2527,0.00443,-0.23582,0.04139,0.43221,0.32928,-0.53937,-0.34362,-0.2856
116.22,-0.03664,0.14493,0.08024,-0.25247,0,-0.10956,-1.01017,0.53729,-0.56896,1.34363,-0.54949,0.79816,45.56497,32.25058,-6.89178,-26.32728,12.21963,9.78341,-2.87828,4.28199,-2.93461,-12.88032,4.3852,15.78602,-4.09198,-3.05606,0.07652,0.01727,0.09842,-0.06417,-0.79402,0.29985,0.01373,-0.19934,0.04565,0.57726,0.28329,-0.62897,-0.36743,-0.24519
116.24,-0.00548,0.1619,0.11534,-0.39002,0,-0.15905,-0.86237,0.64417,-0.73795,0.44511,-0.41236,1.04427,41.76538,28.70789,-9.58533,-29.10934,7.90602,5.4734,-3.04644,7.3905,-0.33572,-12.38193,5.88061,13.80312,-5.15677,-2.50702,0.15045,0.01872,0.25974,-0.10746,-0.90129,0.33051,0.01484,-0.1524,0.04804,0.68868,0.22617,-0.68651,-0.37449,-0.19614
116.26,0.02669,0.17026,0.14418,-0.49974,0,-0.19997,-0.68406,0.71553,-0.86095,-0.52934,-0.23577,1.22676,36.01709,23.89165,-11.77599,-29.88697,3.0733,0.90875,-2.98459,10.40826,2.3305,-10.90741,7.10408,11.38689,-6.12127,-1.86838,0.2195,0.0204,0.40759,-0.15007,-0.96264,0.34334,0.00763,-0.09744,0.04828,0.75886,0.16004,-0.70961,-0.36465,-0.14019
116.28,0.05742,0.16986,0.16409,-0.57623,0,-0.22877,-0.48112,0.74262,-0.92506,-1.53439,-0.02351,1.32965,28.88522,18.3778,-13.54165,-28.38615,-1.85267,-3.54977,-2.6929,13.20851,4.92599,-8.44938,7.99316,8.79469,-6.94861,-1.20406,0.27761,0.02182,0.53369,-0.18658,-0.97596,0.33833,-0.00686,-0.03781,0.04625,0.7831,0.08789,-0.69844,-0.339,-0.07989
116.3,0.08413,0.16115,0.17312,-0.61622,0,-0.24281,-0.26132,0.72048,-0.92538,-2.51778,0.21535,1.34538,21.02488,12.5941,-14.95884,-24.62004,-6.46992,-7.586,-2.19695,15.66292,7.3175,-5.12451,8.51183,6.26105,-7.61054,-0.56991,0.31913,0.02249,0.63057,-0.21179,-0.94234,0.31674,-0.02658,0.02252,0.04199,0.76012,0.01325,-0.65543,-0.29961,-0.0183
116.32,0.10434,0.14514,0.17028,-0.61906,0,-0.24072,-0.03402,0.64873,-0.86579,-3.42394,0.46691,1.27611,12.99245,6.79373,-16.0799,-18.90667,-10.44998,-10.9629,-1.54537,17.65154,9.38525,-1.16637,8.6524,3.97237,-8.08955,-0.00693,0.33959,0.02194,0.69256,-0.22162,-0.86592,0.28083,-0.04879,0.07931,0.03566,0.69238,-0.06014,-0.58483,-0.24925,0.0415
116.34,0.11599,0.12327,0.15564,-0.58709,0,-0.22256,0.19062,0.53158,-0.75769,-4.19914,0.71403,1.13341,5.16906,1.10323,-16.92639,-11.82176,-13.56686,-13.53765,-0.80373,19.07321,11.03,3.10706,8.43381,2.0541,-8.3789,0.46132,0.33647,0.01983,0.71652,-0.21397,-0.75332,0.23364,-0.07042,0.12852,0.02757,0.58605,-0.12875,-0.49226,-0.19105,0.09675
116.36,0.11772,0.09727,0.13027,-0.52589,0,-0.18982,0.40248,0.37734,-0.61723,-4.79737,0.93907,0.9363,-2.19594,-4.41976,-17.49737,-4.09803,-15.70578,-15.25917,-0.0456,19.85613,12.17875,7.34516,7.89734,0.56974,-8.48079,0.8275,0.30983,0.01605,0.70258,-0.18941,-0.61312,0.17867,-0.08845,0.16683,0.01816,0.45075,-0.18975,-0.38421,-0.12818,0.1455
116.38,0.10922,0.06907,0.09617,-0.4441,0,-0.14537,0.59254,0.19741,-0.46185,-5.18626,1.12692,0.70844,-8.90754,-9.72955,-17.78659,3.50113,-16.8562,-16.15338,0.65745,19.96733,12.78921,11.2232,7.10073,-0.47156,-8.40371,1.09662,0.26267,0.0108,0.65449,-0.15148,-0.45519,0.1196,-0.1003,0.19207,0.00796,0.2989,-0.24126,-0.2675,-0.06362,0.18685
116.4,0.0913,0.04056,0.05605,-0.35291,0,-0.09318,0.75362,0.00505,-0.30709,-5.35135,1.26743,0.4749,-14.75189,-14.73705,-17.80009,10.30111,-17.0946,-16.30248,1.24487,19.41889,12.85247,14.49199,6.11207,-1.10269,-8.15962,1.28101,0.20087,0.00461,0.57957,-0.10643,-0.28996,0.06003,-0.1042,0.20355,-0.00234,0.1447,-0.28257,-0.14888,3e-05,0.22104
116.42,0.06592,0.01357,0.01304,-0.26485,0,-0.03792,0.88099,-0.1859,-0.16444,-5.29769,1.35679,0.25905,-19.45733,-19.2568,-17.56652,15.80186,-16.56103,-15.82286,1.67358,18.26842,12.39303,17.0064,5.00379,-1.38481,-7.76143,1.39534,0.1325,-0.00172,0.48808,-0.06238,-0.12784,0.00326,-0.09931,0.20208,-0.012,0.00283,-0.31404,-0.03469,0.06061,0.24923
116.44,0.03588,-0.01035,-0.0296,-0.19214,0,0.01548,0.97249,-0.36228,-0.04068,-5.048,1.39717,0.08001,-22.74901,-22.97789,-17.13641,19.71722,-15.43305,-14.84504,1.92114,16.61278,11.46587,18.7274,3.84719,-1.39454,-7.22109,1.45268,0.06658,-0.00718,0.39183,-0.02784,0.02158,-0.04781,-0.08587,0.1897,-0.02018,-0.11329,-0.33668,0.06948,0.11628,0.27301
116.46,0.00444,-0.02998,-0.0688,-0.14462,0,0.06244,1.02833,-0.51279,0.06159,-4.6382,1.39524,-0.04936,-24.47328,-25.52057,-16.57146,21.97063,-13.90012,-13.49748,1.9857,14.57639,10.15114,19.70123,2.7076,-1.21316,-6.54857,1.46182,0.01144,-0.0108,0.30252,-0.00981,0.15014,-0.09083,-0.06502,0.16921,-0.02604,-0.19333,-0.35165,0.15906,0.1655,0.29371
116.48,-0.02524,-0.04456,-0.10203,-0.12781,0,0.0993,1.05078,-0.62894,0.14257,-4.11154,1.35985,-0.12366,-24.66937,-26.59166,-15.92898,22.66033,-12.14156,-11.89567,1.88376,12.29727,8.54766,20.02564,1.64075,-0.91844,-5.75212,1.42621,-0.0269,-0.01176,0.22979,-0.01208,0.25173,-0.12403,-0.0387,0.14359,-0.02882,-0.23169,-0.35975,0.23065,0.20681,0.31175
116.5,-0.05051,-0.05379,-0.1275,-0.14169,0,0.1237,1.04362,-0.70567,0.20368,-3.51281,1.29984,-0.14524,-23.54238,-26.12068,-15.24698,22.0095,-10.31049,-10.13627,1.6464,9.91358,6.76593,19.81404,0.69039,-0.57902,-4.83987,1.34434,-0.04596,-0.00962,0.17975,-0.03397,0.32271,-0.14632,-0.00938,0.11557,-0.02792,-0.22854,-0.36103,0.28221,0.23882,0.32625
116.52,-0.06955,-0.05783,-0.14427,-0.18041,0,0.13485,1.01161,-0.74156,0.2464,-2.88345,1.22223,-0.12341,-21.39638,-24.26899,-14.53463,20.31375,-8.52461,-8.29595,1.31474,7.55232,4.9208,19.16657,-0.11253,-0.25108,-3.82236,1.21148,-0.04719,-0.00436,0.1541,-0.07018,0.36205,-0.15728,0.02027,0.08725,-0.02301,-0.18988,-0.3548,0.31302,0.26021,0.335
116.54,-0.08149,-0.05726,-0.15222,-0.23338,0,0.13349,0.95992,-0.73849,0.27157,-2.25821,1.13129,-0.07276,-18.57279,-21.34984,-13.77026,17.89418,-6.86377,-6.4335,0.93496,5.32115,3.12382,18.15292,-0.74955,0.02303,-2.71559,1.02241,-0.03544,0.0035,0.15013,-0.11184,0.37114,-0.15714,0.04764,0.06014,-0.01418,-0.12642,-0.33993,0.32358,0.26985,0.33492
116.56,-0.08639,-0.05288,-0.15196,-0.28727,0,0.12161,0.8936,-0.70098,0.27952,-1.66328,1.02845,-0.01063,-15.40323,-17.74127,-12.90711,15.06001,-5.37309,-4.59428,0.55336,3.30317,1.47554,16.80786,-1.21347,0.21474,-1.544,0.77472,-0.01766,0.01306,0.16142,-0.14839,0.3534,-0.14679,0.07056,0.0352,-0.00202,-0.05163,-0.31545,0.31544,0.26704,0.32284
116.58,-0.08501,-0.04567,-0.14455,-0.32855,0,0.10212,0.81711,-0.63536,0.27046,-1.11586,0.91283,0.04558,-12.17764,-13.82043,-11.88489,12.08261,-4.06981,-2.81567,0.21188,1.55475,0.05875,15.13753,-1.50664,0.30831,-0.34268,0.47187,-0.00121,0.02308,0.17914,-0.16991,0.31372,-0.12771,0.08756,0.01317,0.01234,0.02065,-0.28115,0.29092,0.25172,0.29647
116.6,-0.07863,-0.03656,-0.13137,-0.34593,0,0.07834,0.73415,-0.54883,0.24514,-0.62479,0.78222,0.08094,-9.1264,-9.91948,-10.64436,9.18042,-2.9517,-1.13214,-0.05557,0.10595,-1.06658,13.13245,-1.63907,0.29942,0.84209,0.12539,0.00766,0.03216,0.19358,-0.16921,0.25783,-0.10185,0.09803,-0.00533,0.02726,0.07849,-0.23811,0.25289,0.22464,0.2551
116.62,-0.06879,-0.02643,-0.11387,-0.33218,0,0.05359,0.64759,-0.44866,0.20538,-0.19189,0.63416,0.08486,-6.41386,-6.30077,-9.14161,6.51318,-2.00512,0.42129,-0.2257,-1.03683,-1.86583,10.78309,-1.62663,0.19343,1.95466,-0.24476,0.00494,0.03891,0.19568,-0.14307,0.19172,-0.07152,0.10233,-0.0197,0.04075,0.11365,-0.18865,0.20456,0.18746,0.20003
116.64,-0.05714,-0.01596,-0.09343,-0.28499,0,0.03075,0.55952,-0.34153,0.15424,0.18627,0.46693,0.05205,-4.14044,-3.14762,-7.3598,4.18359,-1.21154,1.80816,-0.28716,-1.88666,-2.32975,8.09449,-1.48938,0.0036,2.93473,-0.61176,-0.01076,0.0421,0.17837,-0.09247,0.12104,-0.03916,0.10165,-0.02953,0.05076,0.12242,-0.13601,0.14916,0.14253,0.13434
116.66,-0.04521,-0.00566,-0.07125,-0.20696,0,0.01199,0.47149,-0.233,0.09597,0.51655,0.2804,-0.01727,-2.35033,-0.56662,-5.3171,2.24387,-0.55195,2.99205,-0.24074,-2.47105,-2.47228,5.09811,-1.2501,-0.25073,3.72425,-0.94525,-0.03849,0.04087,0.13767,-0.02191,0.05063,-0.00707,0.09781,-0.03481,0.05556,0.10573,-0.08355,0.08982,0.09267,0.06235
116.68,-0.03431,0.00413,-0.04833,-0.10492,0,-0.0015,0.38479,-0.12725,0.03566,0.80747,0.07663,-0.11786,-1.04237,1.40271,-3.07036,0.70529,-0.00951,3.93985,-0.09852,-2.82689,-2.32696,1.85953,-0.93319,-0.54593,4.27515,-1.21562,-0.07552,0.03476,0.07336,0.06194,-0.01584,0.02279,0.09293,-0.03627,0.05407,0.06858,-0.03386,0.02934,0.0408,-0.01118
116.7,-0.02545,0.01325,-0.02537,0.01132,0,-0.00956,0.30058,-0.02699,-0.02128,1.06784,-0.13987,-0.2405,-0.18194,2.77442,-0.71382,-0.45128,0.42927,4.62545,0.11796,-2.99582,-1.94264,-1.5191,-0.56375,-0.85585,4.55613,-1.39826,-0.11822,0.02391,-0.0109,0.1516,-0.07603,0.04905,0.08915,-0.03545,0.04614,0.01893,0.01187,-0.02995,-0.01042,-0.08186
116.72,-0.01928,0.02162,-0.0029,0.1303,0,-0.01297,0.22012,0.06635,-0.06964,1.30565,-0.36208,-0.37324,0.28756,3.60125,1.62822,-1.26523,0.77427,5.03299,0.38059,-3.02034,-1.37857,-4.90334,-0.16683,-1.1536,4.55685,-1.47691,-0.16266,0.00895,-0.10797,0.23992,-0.12892,0.07098,0.08826,-0.03464,0.03262,-0.03374,0.05403,-0.08618,-0.05875,-0.14608
116.74,-0.01603,0.02926,0.01874,0.24051,0,-0.01321,0.14462,0.15222,-0.105,1.52753,-0.58091,-0.50296,0.43473,3.96049,3.81457,-1.78742,1.03231,5.159,0.65835,-2.94082,-0.6994,-8.13757,0.23332,-1.41357,4.28865,-1.44571,-0.20515,-0.00903,-0.20837,0.3208,-0.17457,0.08844,0.09146,-0.03644,0.01514,-0.08004,0.09425,-0.13801,-0.10252,-0.20116
116.76,-0.01555,0.03619,0.0393,0.33187,0,-0.01214,0.07515,0.2305,-0.12422,1.73845,-0.78587,-0.61692,0.3321,3.94165,5.70477,-2.07318,1.20806,5.01341,0.92148,-2.79345,0.02986,-11.06172,0.61416,-1.61333,3.78235,-1.30969,-0.24241,-0.0286,-0.30176,0.38948,-0.21372,0.10183,0.09917,-0.04314,-0.00418,-0.11224,0.13456,-0.18455,-0.14062,-0.2452
116.78,-0.01727,0.04243,0.05855,0.39693,0,-0.01152,0.01239,0.30099,-0.12579,1.94178,-0.96599,-0.70417,0.05025,3.6366,7.17793,-2.17703,1.30524,4.6196,1.14527,-2.60885,0.74839,-13.52986,0.95565,-1.73564,3.08418,-1.08412,-0.27168,-0.04821,-0.37863,0.44244,-0.24739,0.11181,0.1109,-0.05603,-0.02315,-0.12561,0.17645,-0.2253,-0.17235,-0.27677
116.8,-0.0203,0.04798,0.07623,0.43177,0,-0.01279,-0.04353,0.363,-0.10999,2.13924,-1.11077,-0.75674,-0.3462,3.13239,8.14897,-2.14909,1.32775,4.01369,1.31286,-2.41138,1.40316,-15.42673,1.2411,-1.76998,2.25093,-0.79258,-0.29073,-0.06634,-0.43175,0.47726,-0.27645,0.1192,0.12528,-0.07491,-0.03993,-0.11926,0.22001,-0.25998,-0.19736,-0.29463
116.82,-0.0235,0.05275,0.09198,0.43627,0,-0.01673,-0.09305,0.41519,-0.07879,2.33077,-1.2111,-0.77011,-0.80065,2.50653,8.57881,-2.03268,1.28065,3.24266,1.41619,-2.21859,1.95146,-16.67821,1.4578,-1.71343,1.34506,-0.46414,-0.2978,-0.08158,-0.45709,0.49248,-0.30127,0.12469,0.1402,-0.09793,-0.05324,-0.09612,0.26354,-0.28845,-0.21548,-0.29772
116.84,-0.02563,0.0566,0.10537,0.41372,0,-0.02351,-0.13707,0.45556,-0.03541,2.51409,-1.25996,-0.74325,-1.26522,1.82431,8.47701,-1.86291,1.17067,2.36136,1.45503,-2.04098,2.36219,-17.25434,1.5974,-1.57077,0.43012,-0.12964,-0.29175,-0.0928,-0.4541,0.48746,-0.32161,0.12878,0.15306,-0.12177,-0.0624,-0.06219,0.30366,-0.31044,-0.22659,-0.28528
116.86,-0.02548,0.05929,0.11588,0.37002,0,-0.03267,-0.17673,0.4817,0.01627,2.68419,-1.25305,-0.67811,-1.7004,1.13781,7.89768,-1.666,1.0065,1.42873,1.43453,-1.8818,2.61621,-17.16585,1.65628,-1.35376,-0.43332,0.18248,-0.27211,-0.09913,-0.42535,0.46248,-0.33657,0.13165,0.1612,-0.14229,-0.06727,-0.02516,0.336,-0.32546,-0.23061,-0.25733
116.88,-0.02207,0.06053,0.12295,0.31252,0,-0.04337,-0.21299,0.49121,0.07238,2.83288,-1.18929,-0.57893,-2.07417,0.48617,6.93056,-1.45942,0.79886,0.50363,1.36207,-1.73723,2.70608,-16.4569,1.63556,-1.07989,-1.19129,0.45004,-0.23922,-0.09998,-0.37585,0.41882,-0.34467,0.13309,0.16221,-0.15531,-0.06803,0.00731,0.35604,-0.33266,-0.22745,-0.21504
116.9,-0.01476,0.05996,0.12603,0.24888,0,-0.05449,-0.24644,0.48211,0.12953,2.94867,-1.07111,-0.45144,-2.36097,-0.1031,5.6897,-1.25261,0.56034,-0.35908,1.2445,-1.59709,2.63526,-15.19635,1.54107,-0.7708,-1.79939,0.6599,-0.1944,-0.09508,-0.31201,0.35884,-0.34404,0.13259,0.1544,-0.1574,-0.06499,0.02911,0.36017,-0.33082,-0.21704,-0.16111
116.92,-0.0034,0.05723,0.1247,0.18604,0,-0.0649,-0.27694,0.45329,0.18513,3.01707,-0.90455,-0.30226,-2.5408,-0.61225,4.30075,-1.04842,0.30518,-1.11192,1.08645,-1.44619,2.41692,-13.46885,1.38284,-0.45026,-2.2252,0.80913,-0.13987,-0.08448,-0.24074,0.28594,-0.33272,0.12935,0.13693,-0.14652,-0.05847,0.03671,0.34637,-0.31846,-0.1994,-0.09974
116.94,0.01171,0.05201,0.11865,0.12941,0,-0.0735,-0.30353,0.40476,0.23728,3.02144,-0.69901,-0.13841,-2.59858,-1.03103,2.88826,-0.845,0.04879,-1.71747,0.88999,-1.26636,2.07219,-11.36666,1.17419,-0.14193,-2.45011,0.90419,-0.07868,-0.06859,-0.16846,0.20437,-0.30884,0.12239,0.11002,-0.12233,-0.04873,0.02955,0.31467,-0.2941,-0.17473,-0.03628
116.96,0.02978,0.04406,0.10784,0.08243,0,-0.07939,-0.32442,0.33779,0.28447,2.94433,-0.46668,0.03294,-2.52384,-1.35442,1.56374,-0.63808,-0.19294,-2.15038,0.65558,-1.03906,1.62811,-8.98283,0.93056,0.13291,-2.47053,0.9586,-0.01439,-0.04817,-0.10039,0.11883,-0.27092,0.11078,0.07478,-0.08629,-0.03608,0.0098,0.26718,-0.25654,-0.14351,0.02352
116.98,0.04968,0.03327,0.09249,0.04637,0,-0.08182,-0.33713,0.25496,0.32519,2.76927,-0.2217,0.2047,-2.31102,-1.58081,0.41581,-0.42318,-0.4044,-2.39871,0.38384,-0.74817,1.1155,-6.40649,0.66817,0.35755,-2.2984,0.98963,0.04924,-0.02434,-0.04001,0.03402,-0.21817,0.09373,0.03318,-0.04144,-0.02093,-0.01829,0.20785,-0.20527,-0.10655,0.07433
117,0.06999,0.01975,0.07311,0.02041,0,-0.08031,-0.33867,0.16004,0.35752,2.48277,0.02078,0.36997,-1.95988,-1.71066,-0.49628,-0.19752,-0.57131,-2.46427,0.07738,-0.38257,0.56686,-3.72039,0.4029,0.52124,-1.96049,1.01476,0.10859,0.00142,0.01115,-0.04573,-0.1507,0.07079,-0.01226,0.00796,-0.0039,-0.04933,0.14199,-0.14076,-0.0651,0.112
117.02,0.08918,0.0038,0.05054,0.00208,0,-0.07462,-0.32597,0.05775,0.37894,2.07624,0.24594,0.52222,-1.47612,-1.74596,-1.14492,0.03869,-0.68177,-2.36178,-0.25782,0.06178,0.01419,-1.00025,0.14935,0.61988,-1.49613,1.04862,0.1605,0.02739,0.05333,-0.11684,-0.06975,0.04205,-0.05863,0.05699,0.01414,-0.07768,0.07559,-0.06469,-0.0208,0.13416
117.04,0.10574,-0.01401,0.02586,-0.01213,0,-0.06477,-0.2962,-0.04666,0.38642,1.54754,0.4406,0.65558,-0.87174,-1.69026,-1.53205,0.28187,-0.72739,-2.11682,-0.6119,0.58076,-0.51304,1.68478,-0.07982,0.65555,-0.95308,1.10065,0.20244,0.05176,0.08809,-0.17663,0.02224,0.00814,-0.10289,0.10069,0.03209,-0.09829,0.01459,0.02004,0.02434,0.14029
117.06,0.11831,-0.03287,0.00031,-0.02597,0,-0.0511,-0.24724,-0.14784,0.37665,0.90214,0.59467,0.76513,-0.1652,-1.54939,-1.68369,0.52531,-0.70437,-1.76275,-0.97147,1.16182,-0.98994,4.27097,-0.27431,0.63539,-0.38216,1.17374,0.23268,0.07277,0.11761,-0.22338,0.12158,-0.02962,-0.14214,0.13471,0.04876,-0.10733,-0.03597,0.10947,0.06813,0.13165
117.08,0.12584,-0.05181,-0.02478,-0.04266,0,-0.03424,-0.17813,-0.2409,0.34657,0.15386,0.70239,0.84736,0.61871,-1.33224,-1.64227,0.76,-0.61435,-1.33719,-1.32064,1.7845,-1.39782,6.69861,-0.42647,0.5699,0.16848,1.26382,0.25037,0.08901,0.14389,-0.25635,0.22347,-0.06935,-0.17382,0.15595,0.06303,-0.10272,-0.07263,0.19881,0.10833,0.11085
117.1,0.12771,-0.06971,-0.04815,-0.06423,0,-0.01513,-0.08938,-0.32178,0.29394,-0.67487,0.76304,0.90036,1.4491,-1.05149,-1.45857,0.97571,-0.46471,-0.87858,-1.64229,2.42155,-1.72515,8.91048,-0.53137,0.47133,0.6583,1.36039,0.25555,0.0995,0.16814,-0.27568,0.32222,-0.10865,-0.19591,0.16295,0.07397,-0.08424,-0.094,0.28286,0.14284,0.08141
117.12,0.12373,-0.08538,-0.06864,-0.09118,0,0.00503,0.01682,-0.38751,0.21781,-1.55345,0.78078,0.92401,2.2898,-0.72362,-1.18405,1.16203,-0.26811,-0.42299,-1.91929,3.04053,-1.96747,10.85023,-0.58688,0.3521,1.05773,1.44795,0.24906,0.10385,0.19045,-0.28228,0.41162,-0.14483,-0.20708,0.15607,0.08095,-0.05358,-0.10091,0.35637,0.16989,0.04729
117.14,0.11415,-0.09768,-0.08528,-0.12247,0,0.02487,0.13661,-0.43623,0.11902,-2.4444,0.76372,0.91966,3.10055,-0.36813,-0.86463,1.30934,-0.04106,-0.00144,-2.13565,3.60595,-2.12625,12.46131,-0.59364,0.22375,1.34953,1.50815,0.23243,0.10221,0.20981,-0.27767,0.48548,-0.17516,-0.20673,0.1373,0.0837,-0.01395,-0.09611,0.41453,0.18817,0.01245
117.16,0.09957,-0.10563,-0.09733,-0.1558,0,0.04298,0.26469,-0.46711,0.0004,-3.30549,0.72218,0.88987,3.83894,-0.00594,-0.53598,1.40959,0.19807,0.36225,-2.27737,4.08174,-2.20708,13.68714,-0.55499,0.09613,1.52832,1.52245,0.2077,0.09523,0.22443,-0.26386,0.53821,-0.19726,-0.19508,0.10986,0.08225,0.03039,-0.08376,0.45338,0.19692,-0.01951
117.18,0.08088,-0.10851,-0.1043,-0.18812,0,0.05806,0.3946,-0.48011,-0.13306,-4.09236,0.6668,0.83786,4.46274,0.3425,-0.22077,1.45693,0.43141,0.65296,-2.33331,4.43408,-2.2175,14.47289,-0.47694,-0.02298,1.59908,1.475,0.17722,0.0839,0.2323,-0.24319,0.56552,-0.20936,-0.17308,0.07767,0.07692,0.07478,-0.06865,0.4702,0.19601,-0.04556
117.2,0.05917,-0.10597,-0.106,-0.21617,0,0.06905,0.51914,-0.47582,-0.27432,-4.76139,0.60673,0.76713,4.93258,0.65914,0.07193,1.44816,0.64361,0.8649,-2.2959,4.63406,-2.16516,14.76927,-0.36806,-0.12806,1.57485,1.35507,0.14348,0.06939,0.23175,-0.21816,0.56496,-0.21062,-0.14243,0.04473,0.06822,0.11474,-0.05547,0.46388,0.18595,-0.06347
117.22,0.03563,-0.09807,-0.10251,-0.23708,0,0.07522,0.63075,-0.45533,-0.41456,-5.27242,0.54837,0.68112,5.21452,0.92967,0.34521,1.38281,0.82324,1.00129,-2.16173,4.65998,-2.05655,14.5376,-0.23925,-0.21579,1.47433,1.15881,0.10895,0.05298,0.22195,-0.19134,0.53626,-0.20123,-0.10546,0.01474,0.05677,0.14655,-0.04823,0.43506,0.16791,-0.07187
117.24,0.01155,-0.08529,-0.09421,-0.2488,0,0.07626,0.72195,-0.4201,-0.54369,-5.59111,0.49483,0.58299,5.2825,1.14437,0.61084,1.263,0.9633,1.07301,-1.93185,4.49889,-1.89643,13.75592,-0.10333,-0.28484,1.31944,0.88995,0.076,0.0359,0.20314,-0.16515,0.48147,-0.18234,-0.065,-0.00927,0.04329,0.16756,-0.04978,0.38606,0.14358,-0.07023
117.26,-0.01174,-0.06854,-0.08174,-0.25038,0,0.07231,0.78573,-0.37197,-0.65116,-5.6912,0.446,0.47557,5.12057,1.29832,0.88451,1.09308,1.06103,1.0965,-1.61203,4.14766,-1.68804,12.42568,0.0256,-0.33567,1.13316,0.55944,0.04674,0.01927,0.17677,-0.14173,0.40467,-0.15586,-0.02417,-0.02514,0.02851,0.17649,-0.06167,0.32071,0.11501,-0.05886
117.28,-0.03289,-0.049,-0.06597,-0.24215,0,0.06387,0.81606,-0.31315,-0.7269,-5.55668,0.39924,0.36136,4.72496,1.3911,1.18067,0.87921,1.11718,1.09107,-1.21281,3.61359,-1.43396,10.57823,0.13304,-0.3701,0.93747,0.1844,0.02298,0.00407,0.14531,-0.1227,0.31168,-0.12416,0.01385,-0.03159,0.01319,0.17342,-0.08402,0.244,0.08446,-0.03878
117.3,-0.05059,-0.02807,-0.04797,-0.22568,0,0.05182,0.80842,-0.24627,-0.76234,-5.18373,0.3504,0.24268,4.1057,1.42611,1.508,0.62901,1.13504,1.07613,-0.74949,2.91464,-1.13728,8.27971,0.2051,-0.39092,0.75167,-0.21353,0.00607,-0.00894,0.11202,-0.10905,0.20946,-0.08976,0.04609,-0.0283,-0.00195,0.15975,-0.11561,0.16158,0.05419,-0.01166
117.32,-0.06363,-0.00725,-0.02892,-0.2035,0,0.03729,0.76031,-0.17435,-0.75144,-4.58196,0.29496,0.12184,3.28718,1.40961,1.86626,0.35137,1.11954,1.06838,-0.2418,2.07884,-0.80289,5.63214,0.22976,-0.40133,0.59083,-0.6103,-0.00319,-0.0192,0.08052,-0.10093,0.10544,-0.05504,0.07004,-0.01583,-0.01623,0.13795,-0.15399,0.07929,0.02625,0.02032
117.34,-0.071,0.01207,-0.01002,-0.17861,0,0.02156,0.67173,-0.10068,-0.69155,-3.77485,0.22922,0.00124,2.30742,1.34945,2.24513,0.05623,1.07625,1.07931,0.28683,1.14291,-0.43853,2.76977,0.19822,-0.40432,0.46448,-0.98179,-0.00466,-0.02643,0.05422,-0.09758,0.00678,-0.02199,0.08395,0.00446,-0.029,0.11114,-0.19567,0.00258,0.00228,0.05456
117.36,-0.07205,0.02868,0.00764,-0.15395,0,0.00589,0.54557,-0.02861,-0.58414,-2.79908,0.1513,-0.11649,1.21604,1.25375,2.62473,-0.2455,1.01074,1.11326,0.81047,0.15005,-0.05551,-0.14938,0.10618,-0.40201,0.37561,-1.30633,0.00095,-0.03061,0.03583,-0.0973,-0.08044,0.00794,0.0871,0.03046,-0.03973,0.08257,-0.23639,-0.06412,-0.01663,0.08821
117.38,-0.0666,0.04175,0.02317,-0.13176,0,-0.00858,0.38775,0.03864,-0.43512,-1.70315,0.0619,-0.22846,0.07125,1.12975,2.97775,-0.54213,0.92806,1.16627,1.30216,-0.85275,0.33117,-2.95501,-0.04499,-0.39519,0.3203,-1.56708,0.01212,-0.03202,0.02681,-0.09747,-0.15188,0.03393,0.07993,0.05948,-0.04797,0.05516,-0.27141,-0.11783,-0.03008,0.11831
117.4,-0.05497,0.05087,0.03601,-0.11313,0,-0.02099,0.20714,0.09823,-0.25479,-0.54498,-0.03539,-0.33156,-1.06389,0.98311,3.27233,-0.82137,0.83245,1.22622,1.73556,-1.81761,0.70318,-5.47774,-0.24764,-0.38313,0.28838,-1.7536,0.02649,-0.03118,0.02702,-0.09482,-0.20541,0.05579,0.06413,0.08846,-0.05344,0.03105,-0.29597,-0.15737,-0.03836,0.142
117.42,-0.03804,0.0561,0.04592,-0.09784,0,-0.03078,0.01501,0.14788,-0.05709,0.61166,-0.13425,-0.42253,-2.12573,0.81764,3.47524,-1.07076,0.72729,1.27441,2.08674,-2.69859,1.04012,-7.56254,-0.48803,-0.36384,0.26522,-1.86265,0.04115,-0.02882,0.03467,-0.08578,-0.24108,0.07386,0.04246,0.11429,-0.05599,0.01138,-0.30578,-0.18327,-0.04243,0.15677
117.44,-0.01707,0.05788,0.05295,-0.08442,0,-0.03773,-0.17608,0.18594,0.14178,1.70193,-0.22644,-0.49808,-3.05493,0.6357,3.55519,-1.27822,0.61506,1.28862,2.33584,-3.45459,1.3214,-9.08171,-0.74734,-0.3347,0.23474,-1.89773,0.05304,-0.02577,0.04655,-0.06707,-0.26088,0.08882,0.01844,0.13416,-0.05564,-0.00377,-0.29755,-0.19754,-0.04372,0.16071
117.46,0.00641,0.05691,0.05741,-0.0706,0,-0.04193,-0.35361,0.21143,0.32528,2.66574,-0.30305,-0.55519,-3.80155,0.43885,3.48594,-1.43288,0.49749,1.24717,2.46874,-4.05205,1.52878,-9.94689,-1.0035,-0.29343,0.18304,-1.86771,0.0594,-0.02279,0.05846,-0.03629,-0.26801,0.10145,-0.00418,0.14602,-0.05257,-0.01522,-0.26965,-0.20305,-0.04383,0.15275
117.48,0.03086,0.05399,0.05973,-0.05374,0,-0.04372,-0.50665,0.22411,0.47861,3.45343,-0.35585,-0.59134,-4.32972,0.22883,3.24924,-1.52597,0.37578,1.13328,2.47852,-4.46745,1.64893,-10.11892,-1.2335,-0.23904,0.10187,-1.78486,0.05836,-0.0205,0.06591,0.00748,-0.26617,0.11241,-0.02196,0.14892,-0.04709,-0.02441,-0.22246,-0.20295,-0.0443,0.1329
117.5,0.0549,0.04991,0.06036,-0.03149,0,-0.04361,-0.6271,0.22437,0.59052,4.03043,-0.37869,-0.60486,-4.62108,0.00849,2.83742,-1.55175,0.25089,0.93866,2.3663,-4.68898,1.67556,-9.61381,-1.41572,-0.17259,-0.00909,-1.66279,0.04927,-0.01922,0.06473,0.06325,-0.25879,0.12203,-0.03224,0.14325,-0.03961,-0.03307,-0.15867,-0.20002,-0.04631,0.10231
117.52,0.07741,0.04531,0.05975,-0.00221,0,-0.04216,-0.71038,0.21322,0.65446,4.37978,-0.36841,-0.59517,-4.67591,-0.21759,2.25518,-1.50809,0.1239,0.66546,2.14137,-4.71709,1.61049,-8.50283,-1.53194,-0.09738,-0.14201,-1.51426,0.03282,-0.01899,0.05168,0.12807,-0.24859,0.13022,-0.03345,0.13063,-0.03066,-0.0429,-0.08305,-0.19632,-0.05056,0.06326
117.54,0.09757,0.04066,0.05821,0.03467,0,-0.03994,-0.75549,0.19216,0.66894,4.50204,-0.32525,-0.56298,-4.51181,-0.44293,1.52031,-1.39684,-0.00364,0.32631,1.82011,-4.56356,1.46346,-6.90595,-1.56893,-0.01854,-0.28295,-1.34935,0.01092,-0.01959,0.02492,0.19738,-0.23728,0.13645,-0.02522,0.11362,-0.0208,-0.05516,-0.00181,-0.19301,-0.05714,0.01885
117.56,0.1148,0.03622,0.056,0.07853,0,-0.03743,-0.76455,0.16311,0.6372,4.41316,-0.25285,-0.51041,-4.16032,-0.65938,0.66343,-1.22371,-0.12941,-0.05756,1.42427,-4.24952,1.25076,-4.97952,-1.51942,0.05789,-0.41565,-1.17412,-0.01375,-0.02064,-0.01576,0.26564,-0.22568,0.13986,-0.00823,0.09512,-0.01064,-0.07054,0.07829,-0.19047,-0.06565,-0.02742
117.58,0.12869,0.03211,0.05324,0.12755,0,-0.03493,-0.74194,0.12823,0.56635,4.14107,-0.1577,-0.44092,-3.66239,-0.85774,-0.27323,-0.99806,-0.25016,-0.45935,0.9788,-3.80299,0.9932,-2.90064,-1.38275,0.1261,-0.52594,-0.9899,-0.03828,-0.02173,-0.06882,0.32717,-0.21386,0.13946,0.01598,0.07771,-0.00076,-0.08887,0.15103,-0.18845,-0.07525,-0.07211
117.6,0.1389,0.02837,0.05001,0.17892,0,-0.03259,-0.69343,0.08986,0.46618,3.72178,-0.04851,-0.35924,-3.06372,-1.02861,-1.23802,-0.73236,-0.36178,-0.85011,0.50975,-3.25625,0.71375,-0.85043,-1.16491,0.18156,-0.60536,-0.79366,-0.06005,-0.02255,-0.13117,0.37692,-0.20151,0.13431,0.04534,0.06323,0.00831,-0.10917,0.21158,-0.18636,-0.08487,-0.11229
117.62,0.14514,0.02493,0.04634,0.22916,0,-0.03038,-0.6253,0.05035,0.3479,3.19558,0.0648,-0.271,-2.41039,-1.16322,-2.17316,-0.44151,-0.45947,-1.20199,0.04249,-2.64334,0.43523,1.0021,-0.87811,0.22162,-0.65298,-0.57941,-0.07711,-0.02294,-0.1985,0.41113,-0.18814,0.12374,0.07759,0.05239,0.01609,-0.12975,0.257,-0.18351,-0.09334,-0.14583
117.64,0.14713,0.02175,0.04226,0.27457,0,-0.02812,-0.54374,0.01194,0.22291,2.60339,0.17207,-0.18231,-1.74521,-1.25426,-3.01913,-0.14183,-0.53835,-1.49097,-0.39964,-1.9978,0.17817,2.51456,-0.53973,0.24563,-0.67476,-0.34057,-0.08838,-0.02292,-0.26584,0.42761,-0.17331,0.10757,0.1105,0.04494,0.02221,-0.14839,0.28632,-0.17922,-0.09958,-0.17152
117.66,0.14467,0.01875,0.03778,0.31173,0,-0.02558,-0.45434,-0.02334,0.10155,1.9838,0.26402,-0.09903,-1.10488,-1.29664,-3.7199,0.15014,-0.59413,-1.69889,-0.79636,-1.35055,-0.04091,3.58339,-0.17076,0.25463,-0.68103,-0.07292,-0.09367,-0.02269,-0.32829,0.42586,-0.15666,0.08622,0.14212,0.03985,0.02642,-0.16276,0.30015,-0.17285,-0.10269,-0.18907
117.68,0.1377,0.01586,0.03298,0.338,0,-0.02253,-0.36186,-0.05382,-0.00777,1.37067,0.33322,-0.02621,-0.51805,-1.28814,-4.22852,0.41888,-0.62389,-1.81485,-1.13109,-0.72838,-0.2108,4.15261,0.20596,0.25066,-0.68286,0.22267,-0.09352,-0.02248,-0.38171,0.4069,-0.13797,0.06073,0.17093,0.03583,0.0286,-0.1708,0.30011,-0.16386,-0.10207,-0.19893
117.7,0.12633,0.01304,0.02795,0.35189,0,-0.01881,-0.27017,-0.07826,-0.09925,0.79179,0.37476,0.0325,-0.00456,-1.22974,-4.51187,0.651,-0.62662,-1.83575,-1.39147,-0.15296,-0.32629,4.21783,0.56758,0.2362,-0.68872,0.53829,-0.08901,-0.02255,-0.42317,0.37301,-0.11716,0.03282,0.19585,0.03171,0.02874,-0.17106,0.2883,-0.15173,-0.09751,-0.20205
117.72,0.11096,0.01024,0.02281,0.35315,0,-0.01438,-0.18227,-0.0959,-0.16982,0.26821,0.38667,0.07509,0.4244,-1.1257,-4.55399,0.83607,-0.60356,-1.7661,-1.56956,0.3595,-0.38796,3.82414,0.8929,0.21364,-0.70227,0.85874,-0.08151,-0.02308,-0.45122,0.32739,-0.09424,0.00464,0.21622,0.02674,0.02697,-0.16291,0.2668,-0.13603,-0.08916,-0.19971
117.74,0.09218,0.00741,0.01772,0.34271,0,-0.00932,-0.10038,-0.10645,-0.21891,-0.18562,0.36979,0.10127,0.76515,-0.98311,-4.35728,0.96717,-0.55801,-1.61692,-1.66193,0.79802,-0.40142,3.05752,1.16384,0.18508,-0.72174,1.16311,-0.07247,-0.02412,-0.46567,0.27366,-0.06942,-0.02148,0.23162,0.02068,0.02353,-0.14666,0.23753,-0.11651,-0.07749,-0.19316
117.76,0.07076,0.00456,0.01282,0.32226,0,-0.00384,-0.0261,-0.11001,-0.24793,-0.56127,0.32738,0.11225,1.01989,-0.81118,-3.94192,1.04108,-0.4948,-1.40398,-1.66965,1.15631,-0.37583,2.03148,1.36675,0.1523,-0.741,1.42789,-0.06317,-0.0256,-0.46718,0.21553,-0.04303,-0.04338,0.24169,0.01369,0.01873,-0.12344,0.20219,-0.09316,-0.06324,-0.18352
117.78,0.0476,0.00167,0.00825,0.29395,0,0.00182,0.03953,-0.10704,-0.25952,-0.85548,0.26447,0.11035,1.19486,-0.62036,-3.34377,1.05836,-0.41966,-1.14592,-1.59825,1.43213,-0.32228,0.87135,1.49334,0.11694,-0.75161,1.63096,-0.05461,-0.02733,-0.45676,0.15632,-0.01566,-0.05941,0.24598,0.00612,0.01294,-0.09503,0.16239,-0.06634,-0.04731,-0.17153
117.8,0.02362,-0.0012,0.00413,0.25993,0,0.00737,0.09586,-0.0983,-0.25689,-1.06924,0.18719,0.09862,1.29862,-0.42144,-2.61128,1.02313,-0.33848,-0.86235,-1.45749,1.62652,-0.25219,-0.30093,1.54136,0.08069,-0.74515,1.75536,-0.0474,-0.029,-0.43537,0.0988,0.01187,-0.06877,0.24388,-0.00166,0.00654,-0.06366,0.11989,-0.03688,-0.03065,-0.1576
117.82,-0.00026,-0.00399,0.00051,0.22218,0,0.01254,0.14254,-0.08476,-0.2433,-1.20688,0.10212,0.08039,1.34073,-0.22486,-1.80116,0.94269,-0.25674,-0.57229,-1.26086,1.74326,-0.17599,-1.37912,1.5145,0.04535,-0.71531,1.79198,-0.04178,-0.03031,-0.40376,0.04502,0.03855,-0.07151,0.23471,-0.00943,-6e-05,-0.03171,0.07662,-0.00605,-0.01416,-0.14179
117.84,-0.02313,-0.00662,-0.00256,0.18238,0,0.0171,0.17946,-0.06759,-0.22174,-1.27526,0.01574,0.0589,1.33094,-0.04008,-0.97331,0.82678,-0.17911,-0.29292,-1.02477,1.78835,-0.10227,-2.28136,1.42185,0.01279,-0.6592,1.74076,-0.03763,-0.03091,-0.3626,-0.00361,0.06319,-0.06855,0.21797,-0.01712,-0.00652,-0.00148,0.03467,0.02455,0.00131,-0.12405
117.86,-0.04414,-0.00897,-0.00507,0.14201,0,0.02086,0.20667,-0.04809,-0.19484,-1.2831,-0.06605,0.037,1.27877,0.12486,-0.18514,0.68678,-0.10919,-0.03872,-0.76726,1.76964,-0.03731,-2.95473,1.2767,-0.01525,-0.5779,1.6104,-0.03463,-0.03058,-0.31289,-0.04615,0.08462,-0.06135,0.19364,-0.02473,-0.01247,0.02508,-0.00384,0.05312,0.01508,-0.10436
117.88,-0.06246,-0.01093,-0.00704,0.10249,0,0.0237,0.22438,-0.02768,-0.16488,-1.2405,-0.13822,0.01692,1.19348,0.26358,0.51366,0.53476,-0.04948,0.17908,-0.50682,1.6966,0.01504,-3.37643,1.09518,-0.0374,-0.47629,1.41702,-0.03232,-0.0292,-0.2564,-0.08191,0.10178,-0.0516,0.16257,-0.03218,-0.01762,0.04649,-0.03702,0.07796,0.02658,-0.08305
117.9,-0.07728,-0.0124,-0.00847,0.06532,0,0.02553,0.23291,-0.00785,-0.13394,-1.15837,-0.19682,0.00018,1.08407,0.37152,1.08513,0.38264,-0.00142,0.35267,-0.26107,1.57995,0.05316,-3.55171,0.89468,-0.05293,-0.36242,1.18206,-0.0303,-0.02682,-0.19597,-0.1103,0.11385,-0.04091,0.12668,-0.03918,-0.02172,0.06194,-0.06343,0.09759,0.03544,-0.06088
117.92,-0.08787,-0.0133,-0.00937,0.03213,0,0.02631,0.23271,0.00993,-0.1039,-1.0479,-0.23906,-0.01245,0.95928,0.44592,1.50503,0.24133,0.0345,0.47758,-0.04564,1.43117,0.07728,-3.50888,0.6924,-0.06182,-0.24641,0.92973,-0.02823,-0.02364,-0.1356,-0.13065,0.12035,-0.03057,0.08891,-0.04519,-0.02456,0.07121,-0.08217,0.11096,0.04143,-0.03915
117.94,-0.09357,-0.01358,-0.00974,0.00458,0,0.02601,0.2243,0.0243,-0.07649,-0.91979,-0.26328,-0.02082,0.82715,0.48567,1.76281,0.12003,0.05851,0.55234,0.12681,1.26159,0.08901,-3.29163,0.50382,-0.06472,-0.139,0.6841,-0.02592,-0.02,-0.08002,-0.1423,0.1211,-0.02142,0.05288,-0.04942,-0.02599,0.07465,-0.09294,0.11746,0.04445,-0.01947
117.96,-0.09391,-0.01321,-0.00957,-0.01591,0,0.02467,0.20828,0.03418,-0.05308,-0.78332,-0.26893,-0.02524,0.69447,0.49125,1.8598,0.02543,0.07146,0.57811,0.24759,1.08126,0.09067,-2.94949,0.34116,-0.0627,-0.04981,0.46589,-0.0233,-0.01626,-0.03381,-0.14471,0.11622,-0.01389,0.0222,-0.05106,-0.02593,0.07298,-0.09597,0.11694,0.04454,-0.00348
117.98,-0.08873,-0.0122,-0.00889,-0.02851,0,0.02234,0.18537,0.03891,-0.03451,-0.64553,-0.25654,-0.02628,0.56605,0.46468,1.80687,-0.03895,0.07461,0.55837,0.31292,0.89789,0.08476,-2.52832,0.21206,-0.05699,0.01442,0.28953,-0.02033,-0.01274,-0.00034,-0.13775,0.10611,-0.00809,-0.00036,-0.04949,-0.02437,0.0671,-0.09191,0.10966,0.04188,0.00763
118,-0.08355,-0.01119,-0.0082,-0.0411,0,0.02,0.16247,0.04364,-0.01594,-0.50774,-0.24415,-0.02732,0.43763,0.43811,1.75394,-0.10332,0.07776,0.53862,0.37824,0.71453,0.07886,-2.10716,0.08295,-0.05129,0.07866,0.11317,-0.01737,-0.00922,0.03314,-0.13079,0.09599,-0.00229,-0.02292,-0.04793,-0.02282,0.06122,-0.08785,0.10238,0.03922,0.01874
