T,J7,J8,J9,J10,J11,J12,J13,J14,J15,J16,J17,J18,J19,J20,J21,J22,J23,J24,J25,J26,J27,J28,J29,J30,J31,J32,J33,J34,J35,J36,J37,J38,J39,J40
0,-0.00921,-0.00184,-0.00054,-0.00018,8e-05,1e-05,-0.00067,-0.00058,0.0005,0.0004,0.00011,0.00026,8e-05,-0.00041,-0.00723,-0.00047,-0.00088,-4e-05,0.00018,-0.00014,0.01059,0.02709,-0.00393,0.01838,-0.01357,0.00377,0.00401,0.00922,-0.02747,0.00554,0.02271,-0.01283,-0.00169,-0.00315
0.02,-0.0092,-0.00189,-0.00059,-0.00018,8e-05,1e-05,-0.00068,-0.00065,0.00051,0.00043,0.00011,0.00026,8e-05,-0.00041,-0.00723,-0.00047,-0.00088,-4e-05,0.00018,-0.00014,0.0107,0.02708,-0.00392,0.01838,-0.01358,0.00376,0.00401,0.00927,-0.02749,0.00554,0.02271,-0.01283,-0.00169,-0.00315
0.04,-0.00919,-0.00194,-0.00064,-0.00018,8e-05,1e-05,-0.00069,-0.00072,0.00052,0.00045,0.00012,0.00026,8e-05,-0.00041,-0.00724,-0.00047,-0.00088,-4e-05,0.00018,-0.00014,0.01081,0.02707,-0.00391,0.01837,-0.01358,0.00376,0.00401,0.00931,-0.02751,0.00553,0.02272,-0.01283,-0.00168,-0.00316
0.06,-0.00919,-0.00197,-0.00066,-0.00018,8e-05,1e-05,-0.0007,-0.00076,0.00052,0.00047,0.00012,0.00027,8e-05,-0.00041,-0.00724,-0.00047,-0.00088,-4e-05,0.00018,-0.00014,0.01091,0.02707,-0.0039,0.01837,-0.01358,0.00375,0.004,0.00936,-0.02753,0.00553,0.02273,-0.01283,-0.00168,-0.00316
0.08,-0.00922,-0.00198,-0.00061,-0.00018,8e-05,1e-05,-0.00071,-0.00077,0.00053,0.00047,0.00012,0.00027,8e-05,-0.00041,-0.00724,-0.00047,-0.00088,-4e-05,0.00018,-0.00014,0.01102,0.02706,-0.0039,0.01837,-0.01358,0.00374,0.004,0.00941,-0.02755,0.00552,0.02273,-0.01283,-0.00168,-0.00316
0.1,-0.0093,-0.00192,-0.00046,-0.00018,9e-05,1e-05,-0.0007,-0.00068,0.00052,0.00043,0.00012,0.00027,9e-05,-0.00041,-0.00725,-0.00047,-0.00088,-4e-05,0.00018,-0.00014,0.01112,0.02706,-0.00389,0.01837,-0.01359,0.00374,0.004,0.00945,-0.02758,0.00552,0.02274,-0.01283,-0.00168,-0.00316
0.12,-0.00945,-0.0018,-0.00015,-0.00018,9e-05,1e-05,-0.00069,-0.00049,0.00051,0.00033,0.00011,0.00027,0.0001,-0.00041,-0.00725,-0.00047,-0.00088,-4e-05,0.00018,-0.00014,0.01123,0.02705,-0.00388,0.01836,-0.01359,0.00373,0.00399,0.0095,-0.02762,0.00551,0.02275,-0.01283,-0.00168,-0.00316
0.14,-0.00971,-0.00159,0.00038,-0.00018,9e-05,1e-05,-0.00067,-0.00014,0.00049,0.00017,0.0001,0.00026,0.00013,-0.00041,-0.00726,-0.00047,-0.00088,-4e-05,0.00018,-0.00014,0.01134,0.02705,-0.00387,0.01836,-0.01359,0.00372,0.00399,0.00956,-0.02765,0.0055,0.02275,-0.01283,-0.00167,-0.00316
0.16,-0.0101,-0.00125,0.00116,-0.00018,9e-05,1e-05,-0.00065,0.00041,0.00046,-4e-05,8e-05,0.00025,0.00017,-0.00041,-0.00726,-0.00047,-0.00088,-4e-05,0.00018,-0.00014,0.01145,0.02705,-0.00386,0.01836,-0.01359,0.00371,0.00399,0.00961,-0.02769,0.00549,0.02276,-0.01283,-0.00167,-0.00317
0.18,-0.01033,-0.00108,0.00168,-0.00018,9e-05,1e-05,-0.0006,0.00072,0.00043,-0.00031,6e-05,0.00023,0.00021,-0.00041,-0.00726,-0.00047,-0.00088,-4e-05,0.00018,-0.00014,0.01159,0.02705,-0.00385,0.01836,-0.01359,0.00371,0.00398,0.00967,-0.02773,0.00548,0.02277,-0.01283,-0.00167,-0.00317
0.2,-0.01045,-0.00056,0.00204,-0.00018,9e-05,1e-05,-0.00057,0.00108,0.00039,-0.00029,5e-05,0.00022,0.00022,-0.00041,-0.00726,-0.00047,-0.00088,-4e-05,0.00018,-0.00014,0.01168,0.02705,-0.00385,0.01835,-0.01359,0.0037,0.00398,0.00971,-0.02777,0.00547,0.02277,-0.01283,-0.00167,-0.00317
0.22,-0.01028,0.0012,0.0021,-0.00018,9e-05,1e-05,-0.00053,0.00163,0.00027,0.00028,5e-05,0.00021,0.00013,-0.00041,-0.00726,-0.00046,-0.00088,-4e-05,0.00018,-0.00014,0.01162,0.02706,-0.00385,0.01832,-0.0136,0.00369,0.00397,0.00969,-0.02779,0.00547,0.02276,-0.01283,-0.00167,-0.00317
0.24,-0.00935,0.00252,0.00078,-0.00018,9e-05,1e-05,-0.00038,0.00113,6e-05,0.00094,1e-05,0.00011,1e-05,-0.00041,-0.00726,-0.00046,-0.00088,-4e-05,0.00018,-0.00014,0.01151,0.02707,-0.00387,0.01828,-0.0136,0.00367,0.00396,0.00964,-0.0278,0.00548,0.02275,-0.01283,-0.00167,-0.00318
0.26,-0.00842,0.00208,-0.00087,-0.00018,9e-05,1e-05,-0.00025,0.00018,-0.00016,0.00136,-5e-05,-3e-05,-6e-05,-0.00041,-0.00726,-0.00046,-0.00088,-4e-05,0.00018,-0.00014,0.01143,0.02707,-0.00388,0.01824,-0.0136,0.00366,0.00395,0.00961,-0.02782,0.00548,0.02274,-0.01283,-0.00168,-0.00318
0.28,-0.00801,6e-05,-0.00197,-0.00018,9e-05,1e-05,-0.00025,-0.00034,-0.00038,0.00156,-0.0001,-0.0002,-7e-05,-0.00041,-0.00726,-0.00046,-0.00088,-4e-05,0.00018,-0.00014,0.01133,0.02707,-0.00389,0.0182,-0.01361,0.00365,0.00394,0.00956,-0.02782,0.00549,0.02273,-0.01283,-0.00168,-0.00318
0.3,-0.00842,-0.00178,-0.00166,-0.00019,9e-05,1e-05,-0.00038,0.00018,-0.0005,0.00144,-0.00011,-0.0003,-3e-05,-0.00041,-0.00725,-0.00046,-0.00088,-4e-05,0.00018,-0.00014,0.01126,0.02707,-0.0039,0.01817,-0.01361,0.00363,0.00393,0.00953,-0.02782,0.00549,0.02272,-0.01283,-0.00168,-0.00318
0.32,-0.00887,-0.00212,-0.00097,-0.00019,9e-05,1e-05,-0.0004,0.00071,-0.00054,0.00155,-0.00013,-0.0003,-5e-05,-0.00041,-0.00725,-0.00046,-0.00088,-4e-05,0.00018,-0.00014,0.01126,0.02707,-0.0039,0.01816,-0.01361,0.00362,0.00392,0.00955,-0.02781,0.0055,0.02272,-0.01283,-0.00168,-0.00318
0.34,-0.00929,-0.00206,-0.00028,-0.00019,9e-05,1e-05,-0.00037,0.00114,-0.00055,0.0018,-0.00015,-0.00028,-0.0001,-0.00041,-0.00724,-0.00046,-0.00088,-4e-05,0.00018,-0.00014,0.01129,0.02707,-0.0039,0.01816,-0.01361,0.00362,0.00392,0.00957,-0.02778,0.00551,0.02273,-0.01283,-0.00168,-0.00318
0.36,-0.00964,-0.00205,0.00025,-0.00019,9e-05,1e-05,-0.00037,0.00149,-0.00056,0.00191,-0.00017,-0.00027,-0.00013,-0.00042,-0.00724,-0.00046,-0.00088,-4e-05,0.00018,-0.00014,0.01131,0.02706,-0.0039,0.01816,-0.01361,0.00361,0.00392,0.00959,-0.02775,0.00552,0.02275,-0.01283,-0.00169,-0.00318
0.38,-0.00985,-0.00197,0.00052,-0.00019,0.0001,1e-05,-0.00037,0.00166,-0.00056,0.00196,-0.00017,-0.00026,-0.00014,-0.00042,-0.00724,-0.00047,-0.00088,-4e-05,0.00018,-0.00014,0.01131,0.02705,-0.0039,0.01815,-0.01361,0.0036,0.00391,0.0096,-0.02771,0.00553,0.02273,-0.01283,-0.00168,-0.00318
0.4,-0.00995,-0.00184,0.0006,-0.00019,9e-05,1e-05,-0.00038,0.00171,-0.00055,0.00197,-0.00017,-0.00025,-0.00015,-0.00044,-0.00724,-0.00048,-0.00088,-4e-05,0.00018,-0.00014,0.01134,0.02704,-0.0039,0.01815,-0.01361,0.00359,0.00391,0.00962,-0.02765,0.00554,0.02278,-0.01283,-0.0017,-0.00319
0.42,-0.00999,-0.00169,0.00056,-0.0002,9e-05,1e-05,-0.00039,0.0017,-0.00053,0.00193,-0.00016,-0.00024,-0.00014,-0.00045,-0.00724,-0.0005,-0.00088,-5e-05,0.00018,-0.00014,0.01145,0.02702,-0.00389,0.01819,-0.01361,0.00359,0.00391,0.00968,-0.02756,0.00552,0.023,-0.01282,-0.00178,-0.00323
0.44,-0.01,-0.00151,0.00045,-0.0002,9e-05,1e-05,-0.00039,0.00165,-0.0005,0.00188,-0.00015,-0.00024,-0.00014,-0.00047,-0.00724,-0.00052,-0.00088,-6e-05,0.00018,-0.00014,0.01158,0.027,-0.00389,0.01824,-0.0136,0.00359,0.00391,0.00972,-0.02747,0.00548,0.02327,-0.01282,-0.00188,-0.00329
0.46,-0.00999,-0.00133,0.00031,-0.0002,9e-05,1e-05,-0.0004,0.00157,-0.00048,0.00182,-0.00014,-0.00023,-0.00013,-0.00049,-0.00724,-0.00054,-0.00088,-7e-05,0.00019,-0.00014,0.0117,0.02698,-0.00388,0.01828,-0.0136,0.00359,0.00391,0.00974,-0.02738,0.00545,0.02349,-0.01281,-0.00197,-0.00334
0.48,-0.00998,-0.00117,0.00017,-0.0002,9e-05,1e-05,-0.00041,0.00148,-0.00045,0.00175,-0.00012,-0.00022,-0.00012,-0.00052,-0.00724,-0.00056,-0.00087,-8e-05,0.00019,-0.00014,0.01184,0.02696,-0.00387,0.01833,-0.01359,0.00359,0.00391,0.00976,-0.02731,0.0054,0.02375,-0.01281,-0.00208,-0.0034
0.5,-0.00997,-0.00102,4e-05,-0.00021,9e-05,1e-05,-0.00042,0.00141,-0.00042,0.0017,-0.00011,-0.00021,-0.00011,-0.00054,-0.00723,-0.00059,-0.00086,-9e-05,0.0002,-0.00014,0.01194,0.02695,-0.00387,0.01836,-0.01358,0.00359,0.00391,0.00976,-0.02726,0.00537,0.02392,-0.0128,-0.00215,-0.00344
0.52,-0.00997,-0.00092,-6e-05,-0.00021,9e-05,1e-05,-0.00043,0.00136,-0.0004,0.00165,-0.0001,-0.00021,-0.0001,-0.00057,-0.00722,-0.00062,-0.00086,-0.0001,0.0002,-0.00013,0.01189,0.02693,-0.00387,0.01838,-0.01358,0.00358,0.00391,0.00976,-0.02728,0.00538,0.02387,-0.0128,-0.00214,-0.00343
0.54,-0.00997,-0.00086,-0.00013,-0.00022,9e-05,1e-05,-0.00044,0.00134,-0.00038,0.00162,-9e-05,-0.0002,-0.0001,-0.00059,-0.00719,-0.00064,-0.00084,-0.00011,0.0002,-0.00013,0.01179,0.02692,-0.00389,0.01838,-0.01358,0.00358,0.0039,0.00976,-0.02733,0.00541,0.02375,-0.01281,-0.00209,-0.00341
0.56,-0.00997,-0.00085,-0.00019,-0.00022,9e-05,1e-05,-0.00045,0.00132,-0.00036,0.0016,-9e-05,-0.0002,-9e-05,-0.00061,-0.00717,-0.00066,-0.00083,-0.00012,0.00021,-0.00013,0.01171,0.02691,-0.00389,0.01839,-0.01358,0.00357,0.0039,0.00977,-0.02739,0.00543,0.02366,-0.01281,-0.00206,-0.00339
0.58,-0.00998,-0.00089,-0.00022,-0.00023,8e-05,1e-05,-0.00045,0.00133,-0.00035,0.00159,-8e-05,-0.0002,-9e-05,-0.00062,-0.00715,-0.00067,-0.00084,-0.00012,0.00021,-0.00013,0.01162,0.0269,-0.0039,0.0184,-0.01358,0.00356,0.00389,0.00976,-0.02746,0.00545,0.02355,-0.01282,-0.00203,-0.00337
0.6,-0.00999,-0.00096,-0.00027,-0.00023,8e-05,1e-05,-0.00046,0.00136,-0.00034,0.0016,-8e-05,-0.0002,-9e-05,-0.00062,-0.00715,-0.00067,-0.00085,-0.00012,0.00021,-0.00014,0.01156,0.0269,-0.00391,0.0184,-0.01358,0.00356,0.00389,0.00977,-0.02753,0.00546,0.02345,-0.01282,-0.00199,-0.00335
0.62,-0.01002,-0.00103,-0.00035,-0.00024,8e-05,1e-05,-0.00047,0.00143,-0.00033,0.00163,-8e-05,-0.0002,-0.0001,-0.00062,-0.00719,-0.00066,-0.00091,-0.00012,0.00021,-0.00015,0.01158,0.0269,-0.00391,0.0184,-0.01358,0.00354,0.00389,0.00982,-0.0276,0.00547,0.0234,-0.01282,-0.00197,-0.00334
0.64,-0.01006,-0.00109,-0.00047,-0.00024,7e-05,1e-05,-0.00048,0.00153,-0.00033,0.00168,-8e-05,-0.0002,-0.0001,-0.0006,-0.00729,-0.00064,-0.00099,-0.00011,0.00021,-0.00018,0.01163,0.0269,-0.00391,0.0184,-0.01358,0.00353,0.00388,0.00989,-0.02766,0.00547,0.02336,-0.01282,-0.00195,-0.00333
0.66,-0.01013,-0.0011,-0.00063,-0.00024,7e-05,0,-0.00049,0.00165,-0.00033,0.00175,-8e-05,-0.0002,-0.00011,-0.00059,-0.00747,-0.00061,-0.00109,-9e-05,0.00022,-0.00021,0.01166,0.02691,-0.00391,0.0184,-0.01358,0.00352,0.00388,0.00994,-0.0277,0.00548,0.02332,-0.01282,-0.00193,-0.00332
0.68,-0.01023,-0.0009,-0.00076,-0.00024,6e-05,0,-0.0005,0.00182,-0.00033,0.00184,-8e-05,-0.00021,-0.00012,-0.00057,-0.00782,-0.00058,-0.00134,-7e-05,0.00021,-0.00026,0.01169,0.02691,-0.00391,0.01839,-0.01358,0.0035,0.00387,0.00999,-0.02774,0.00549,0.02326,-0.01282,-0.00191,-0.00331
0.7,-0.01042,-0.00103,-0.00103,-0.00024,6e-05,0,-0.0005,0.002,-0.00034,0.00195,-9e-05,-0.00022,-0.00013,-0.00053,-0.008,-0.00055,-0.0013,-6e-05,0.00023,-0.00028,0.01174,0.02693,-0.00391,0.01839,-0.01358,0.00349,0.00387,0.01004,-0.02777,0.00549,0.02323,-0.01282,-0.00189,-0.0033
0.72,-0.01027,-0.00277,-0.00087,-0.00023,5e-05,0,-0.0005,0.00219,-0.00035,0.00207,-9e-05,-0.00022,-0.00015,-0.00037,-0.00682,-0.00043,-0.00018,-6e-05,0.00023,-0.00017,0.01186,0.02695,-0.00391,0.01838,-0.01358,0.00347,0.00387,0.01011,-0.02775,0.00548,0.02329,-0.01282,-0.00191,-0.0033
0.74,-0.00888,-0.00392,0.00137,-0.00022,5e-05,0,-0.00049,0.0024,-0.00037,0.00221,-0.0001,-0.00023,-0.00018,-0.00013,-0.00427,-9e-05,0.00122,-0,0.0001,0,0.012,0.02699,-0.0039,0.01837,-0.01358,0.00345,0.00386,0.01019,-0.02772,0.00546,0.02338,-0.01281,-0.00193,-0.00332
0.76,-0.00795,-0.00252,0.00323,-0.00022,4e-05,0,-0.00048,0.00268,-0.00039,0.00238,-0.00011,-0.00023,-0.00021,-3e-05,-0.00199,0.00029,0.00204,8e-05,-8e-05,0.00012,0.01212,0.02702,-0.0039,0.01836,-0.01358,0.00343,0.00385,0.01026,-0.02769,0.00545,0.02345,-0.01281,-0.00195,-0.00332
0.78,-0.00903,0.00026,0.00251,-0.00021,4e-05,0,-0.00046,0.00307,-0.0004,0.00257,-0.00013,-0.00023,-0.00024,-0.00017,-1e-05,0.00064,0.0022,0.00017,-0.00029,0.00017,0.01228,0.02705,-0.0039,0.01834,-0.01358,0.00341,0.00385,0.01034,-0.02766,0.00543,0.02354,-0.01281,-0.00198,-0.00334
0.8,-0.01195,0.00065,-0.00031,-0.0002,3e-05,-0,-0.00044,0.00345,-0.00042,0.00276,-0.00014,-0.00022,-0.00027,-0.00043,0.00055,0.00077,0.00188,0.00021,-0.00038,0.00016,0.01237,0.02708,-0.0039,0.01833,-0.01358,0.00338,0.00384,0.0104,-0.02761,0.00542,0.0236,-0.01281,-0.002,-0.00334
0.82,-0.01369,-0.00055,-0.00128,-0.00019,3e-05,-0,-0.00037,0.00369,-0.00044,0.0029,-0.00016,-0.0002,-0.00031,-0.00043,-0.00046,0.0008,0.00212,0.00024,-0.00035,0.00021,0.01229,0.02712,-0.00391,0.01833,-0.01358,0.00337,0.00384,0.01044,-0.02756,0.00543,0.02362,-0.01281,-0.00201,-0.00334
0.84,-0.01483,-0.00133,-0.00135,-0.00017,2e-05,-0,-0.0003,0.00389,-0.00046,0.00301,-0.00017,-0.00018,-0.00034,-0.00034,-0.00175,0.00081,0.00257,0.00027,-0.00029,0.00028,0.01215,0.02715,-0.00392,0.01832,-0.01357,0.00336,0.00383,0.01046,-0.0275,0.00544,0.02361,-0.01281,-0.00201,-0.00334
0.86,-0.01601,-0.00181,-0.00138,-0.00016,1e-05,-0,-0.00022,0.00415,-0.00046,0.0031,-0.00018,-0.00014,-0.00036,-0.00032,-0.00261,0.00081,0.00282,0.00029,-0.00026,0.00033,0.01204,0.02719,-0.00393,0.01832,-0.01357,0.00334,0.00383,0.01048,-0.02745,0.00545,0.02362,-0.01281,-0.00203,-0.00335
0.88,-0.01686,-0.0017,-0.00111,-0.00015,0,-0,-0.00014,0.00442,-0.00045,0.00315,-0.00019,-0.0001,-0.00038,-0.0003,-0.00325,0.0008,0.00301,0.00029,-0.00025,0.00035,0.01189,0.02721,-0.00394,0.01831,-0.01357,0.00332,0.00382,0.01049,-0.02741,0.00546,0.02361,-0.01282,-0.00205,-0.00335
0.9,-0.01729,-0.0013,-0.00069,-0.00014,-1e-05,-0,-8e-05,0.00447,-0.00043,0.00309,-0.00019,-5e-05,-0.00038,-0.00028,-0.00357,0.00078,0.00308,0.00029,-0.00023,0.00037,0.01176,0.02724,-0.00395,0.0183,-0.01356,0.00327,0.0038,0.0105,-0.02738,0.00547,0.02361,-0.01282,-0.00208,-0.00337
0.92,-0.01722,-0.00186,-0.00063,-0.00013,-2e-05,-0,-9e-05,0.00381,-0.00048,0.00289,-0.00018,-6e-05,-0.00036,-0.00025,-0.00357,0.00073,0.00296,0.00027,-0.00019,0.00036,0.0117,0.0273,-0.00396,0.01826,-0.01355,0.00321,0.00378,0.01055,-0.02735,0.00547,0.02363,-0.01283,-0.00213,-0.00338
0.94,-0.01628,-0.00259,-0.00051,-0.00012,-4e-05,-1e-05,-8e-05,0.00265,-0.00056,0.00254,-0.00016,-9e-05,-0.00032,-0.0002,-0.00306,0.00068,0.00267,0.00024,-0.00016,0.00034,0.01166,0.02735,-0.00398,0.01822,-0.01354,0.00312,0.00374,0.0106,-0.02734,0.00548,0.02365,-0.01284,-0.0022,-0.00341
0.96,-0.01422,-0.00323,-0.00027,-0.00011,-6e-05,-1e-05,1e-05,0.00106,-0.00066,0.00202,-0.00014,-0.00013,-0.00027,-0.00014,-0.00186,0.00067,0.00219,0.0002,-0.00015,0.00028,0.01159,0.02737,-0.00399,0.01819,-0.01353,0.003,0.0037,0.01063,-0.02734,0.00549,0.02366,-0.01285,-0.00229,-0.00345
0.98,-0.01225,-0.00424,-0.00046,-0.00011,-7e-05,-1e-05,7e-05,-0.00052,-0.00078,0.00139,-0.00012,-0.00017,-0.00021,-0.00012,-0.00111,0.00063,0.00173,0.00016,-0.00015,0.00023,0.01153,0.02735,-0.004,0.01815,-0.01351,0.00286,0.00364,0.01066,-0.02739,0.0055,0.02366,-0.01286,-0.00241,-0.0035
1,-0.0088,-0.0062,-0.00116,-0.0001,-9e-05,-1e-05,0.00035,-0.00293,-0.00092,0.00053,-9e-05,-0.00021,-0.00011,-0,0.00041,0.00057,0.00111,0.00011,-0.00012,0.00016,0.01146,0.02733,-0.00401,0.01814,-0.01348,0.0027,0.00358,0.01069,-0.02744,0.00551,0.02366,-0.01288,-0.00256,-0.00356
1.02,-0.00089,-0.00728,-0.00093,-0.0001,-0.00012,-1e-05,0.00113,-0.00651,-0.00123,-0.00061,-6e-05,-0.00027,4e-05,0.00057,0.00479,0.00072,-0.00012,6e-05,-0.0002,0,0.01131,0.02734,-0.00401,0.01817,-0.01344,0.00252,0.00351,0.01076,-0.02743,0.00552,0.02368,-0.0129,-0.00274,-0.00364
1.04,0.00586,-0.0066,-0.00044,-0.0001,-0.00014,-1e-05,0.00185,-0.00866,-0.00192,-0.00133,-4e-05,-0.00039,0.00014,0.00124,0.00814,0.00125,-0.00085,3e-05,-0.00035,-0.0001,0.01114,0.02734,-0.00401,0.01822,-0.0134,0.00231,0.00343,0.01084,-0.02743,0.00553,0.0237,-0.01293,-0.00297,-0.00373
1.06,0.00776,-0.00483,-0.0003,-0.0001,-0.00017,-1e-05,0.00202,-0.00842,-0.00253,-0.00131,-3e-05,-0.00045,0.00016,0.0015,0.00884,0.00184,-0.00063,3e-05,-0.00046,-0.0001,0.011,0.02729,-0.00401,0.01828,-0.01336,0.00206,0.00333,0.0109,-0.02748,0.00555,0.0237,-0.01295,-0.00323,-0.00384
1.08,0.00424,-0.00248,0.00073,-0.00011,-0.00019,-1e-05,0.00157,-0.00669,-0.00254,-0.00018,-4e-05,-0.00038,5e-05,0.00124,0.00778,0.00223,0.00046,5e-05,-0.00048,1e-05,0.01088,0.02714,-0.00399,0.01837,-0.01331,0.00176,0.00321,0.01097,-0.02762,0.00559,0.02369,-0.01299,-0.00355,-0.00398
1.1,-0.00309,-0.00165,0.00048,-0.00011,-0.00021,-1e-05,0.00093,-0.00595,-0.00186,0.00098,-6e-05,-0.00021,-7e-05,0.00059,0.0068,0.00191,0.00173,8e-05,-0.00034,0.00016,0.0108,0.02702,-0.00397,0.01845,-0.01326,0.0014,0.00308,0.01103,-0.02774,0.00562,0.02367,-0.01303,-0.00391,-0.00413
1.12,-0.00803,-0.00137,-0.00027,-0.00013,-0.00023,-1e-05,0.00061,-0.00513,-0.00108,0.001,-4e-05,-9e-05,-7e-05,0.00031,0.00689,0.00131,0.00198,9e-05,-0.00018,0.0002,0.01084,0.02705,-0.00398,0.01843,-0.01319,0.00097,0.00292,0.01111,-0.02774,0.00563,0.02366,-0.01307,-0.0043,-0.00428
1.14,-0.01088,-0.00291,-9e-05,-0.00014,-0.00024,-2e-05,0.00053,-0.00451,-0.00056,0.00094,-4e-05,-1e-05,-5e-05,0.00024,0.00606,0.00075,0.00163,7e-05,-6e-05,0.00015,0.01093,0.02712,-0.00399,0.01839,-0.01312,0.00048,0.00275,0.01117,-0.02771,0.00564,0.02364,-0.01312,-0.00474,-0.00443
1.16,-0.01336,-0.00437,5e-05,-0.00016,-0.00025,-2e-05,0.0005,-0.00416,-0.00018,0.001,-4e-05,4e-05,-6e-05,0.00012,0.00525,0.00025,0.00142,6e-05,4e-05,0.00013,0.01104,0.02712,-0.00399,0.01839,-0.01305,-3e-05,0.00257,0.01123,-0.02776,0.00567,0.0236,-0.01318,-0.00521,-0.0046
1.18,-0.01473,-0.00541,0.00014,-0.00018,-0.00026,-2e-05,0.00058,-0.00404,-4e-05,0.00108,-4e-05,7e-05,-7e-05,0.0001,0.00469,-5e-05,0.0013,5e-05,8e-05,0.00011,0.01118,0.02705,-0.00397,0.01838,-0.01296,-0.00056,0.0024,0.01128,-0.02789,0.00573,0.02354,-0.01324,-0.00569,-0.00476
1.2,-0.01512,-0.00589,0.00029,-0.00019,-0.00026,-2e-05,0.00078,-0.00406,-8e-05,0.0012,-5e-05,6e-05,-8e-05,0.00018,0.00442,-0.0001,0.00126,5e-05,9e-05,0.00011,0.01134,0.02705,-0.00396,0.01841,-0.01288,-0.00109,0.00224,0.0113,-0.02797,0.00579,0.02347,-0.0133,-0.00619,-0.0049
1.22,-0.01475,-0.00583,0.00049,-0.00021,-0.00025,-2e-05,0.00106,-0.00413,-0.0002,0.00137,-6e-05,5e-05,-0.00011,0.00034,0.00436,4e-05,0.00126,6e-05,7e-05,0.00011,0.01149,0.02721,-0.00397,0.01852,-0.0128,-0.00157,0.00213,0.01126,-0.02788,0.00585,0.02343,-0.01337,-0.00667,-0.00501
1.24,-0.01376,-0.00537,0.00048,-0.00022,-0.00023,-2e-05,0.00137,-0.00419,-0.0004,0.00152,-7e-05,3e-05,-0.00013,0.00057,0.00445,0.00031,0.00129,7e-05,4e-05,0.00012,0.01166,0.02745,-0.00399,0.01864,-0.01273,-0.00202,0.00206,0.01119,-0.02774,0.00592,0.0234,-0.01345,-0.00712,-0.00508
1.26,-0.01244,-0.0046,0.00017,-0.00024,-0.00021,-2e-05,0.00162,-0.00422,-0.00066,0.00159,-7e-05,0,-0.00015,0.00082,0.0046,0.00064,0.00131,8e-05,-1e-05,0.00013,0.01183,0.02767,-0.00399,0.01872,-0.01265,-0.00243,0.00202,0.01117,-0.02764,0.00601,0.02341,-0.01353,-0.00754,-0.00513
1.28,-0.01097,-0.00357,-0.00038,-0.00025,-0.00018,-2e-05,0.0018,-0.00422,-0.00093,0.0016,-7e-05,-3e-05,-0.00016,0.00108,0.00477,0.00099,0.00131,8e-05,-5e-05,0.00014,0.01198,0.02788,-0.00397,0.01872,-0.01258,-0.0028,0.002,0.01118,-0.02758,0.00612,0.02351,-0.0136,-0.00791,-0.00515
1.3,-0.00948,-0.00229,-0.00114,-0.00026,-0.00015,-2e-05,0.00188,-0.00419,-0.00119,0.00157,-7e-05,-6e-05,-0.00016,0.00134,0.00491,0.0013,0.00133,9e-05,-9e-05,0.00014,0.01213,0.02811,-0.00396,0.01872,-0.01249,-0.00309,0.00201,0.01127,-0.02748,0.00623,0.02368,-0.01369,-0.00822,-0.00513
1.32,-0.00805,-0.00078,-0.00205,-0.00027,-0.0001,-2e-05,0.00178,-0.00419,-0.00145,0.0015,-7e-05,-9e-05,-0.00015,0.00157,0.00502,0.00156,0.00136,9e-05,-0.00012,0.00015,0.01231,0.02833,-0.00396,0.01878,-0.01238,-0.0033,0.00207,0.01145,-0.02731,0.00632,0.02395,-0.01381,-0.00842,-0.00508
1.34,-0.0068,0.00075,-0.00294,-0.00026,-5e-05,-1e-05,0.00158,-0.00424,-0.00168,0.00141,-7e-05,-0.00012,-0.00015,0.00177,0.00506,0.00176,0.0014,9e-05,-0.00015,0.00016,0.01243,0.02849,-0.00398,0.0188,-0.01224,-0.00343,0.00214,0.01176,-0.02711,0.00639,0.02441,-0.01393,-0.00855,-0.00501
1.36,-0.00577,0.00223,-0.0037,-0.00026,1e-05,-1e-05,0.00137,-0.00432,-0.00189,0.00132,-7e-05,-0.00015,-0.00014,0.00193,0.00503,0.0019,0.00143,9e-05,-0.00017,0.00016,0.01247,0.02852,-0.00397,0.01866,-0.01203,-0.00351,0.0022,0.01228,-0.02693,0.00642,0.02516,-0.01405,-0.00862,-0.00496
1.38,-0.00499,0.00366,-0.00427,-0.00026,6e-05,-1e-05,0.00117,-0.00442,-0.00207,0.00125,-7e-05,-0.00017,-0.00014,0.00209,0.00493,0.002,0.00145,9e-05,-0.00018,0.00016,0.01244,0.02835,-0.00392,0.01831,-0.01177,-0.00352,0.00226,0.01303,-0.02673,0.0064,0.02626,-0.01415,-0.0086,-0.00494
1.4,-0.00441,0.00501,-0.00463,-0.00026,0.00013,-1e-05,0.00101,-0.00455,-0.00223,0.00121,-7e-05,-0.0002,-0.00013,0.0022,0.00479,0.00205,0.00148,9e-05,-0.00018,0.00017,0.01224,0.02788,-0.0039,0.01787,-0.01135,-0.00349,0.00228,0.01408,-0.0265,0.00631,0.02779,-0.01422,-0.00851,-0.00497
1.42,-0.00398,0.00624,-0.00473,-0.00025,0.0002,-0,0.00088,-0.00476,-0.00236,0.00117,-7e-05,-0.00022,-0.00013,0.00221,0.00464,0.00205,0.00153,9e-05,-0.00018,0.00017,0.0118,0.02697,-0.00401,0.01739,-0.01068,-0.00346,0.0022,0.01551,-0.02625,0.00612,0.02987,-0.01423,-0.00838,-0.00508
1.44,-0.00371,0.00738,-0.00459,-0.00024,0.00028,0,0.00082,-0.00497,-0.00244,0.00114,-7e-05,-0.00023,-0.00013,0.00217,0.00447,0.00202,0.00157,9e-05,-0.00018,0.00017,0.01117,0.02546,-0.00408,0.01668,-0.00984,-0.00339,0.00205,0.01735,-0.0259,0.0058,0.03253,-0.01419,-0.00815,-0.00527
1.46,-0.00362,0.00848,-0.00425,-0.00022,0.00036,1e-05,0.00087,-0.00509,-0.00248,0.00116,-8e-05,-0.00024,-0.00014,0.00216,0.00429,0.00197,0.00162,8e-05,-0.00017,0.00018,0.01044,0.02326,-0.004,0.01561,-0.00888,-0.00322,0.00187,0.01961,-0.0254,0.00535,0.0358,-0.01413,-0.00781,-0.00554
1.48,-0.00368,0.00957,-0.00377,-0.00021,0.00044,2e-05,0.00099,-0.00512,-0.00246,0.00121,-8e-05,-0.00024,-0.00015,0.00216,0.00408,0.00191,0.00167,8e-05,-0.00016,0.00018,0.00962,0.02037,-0.00374,0.0141,-0.00779,-0.00298,0.00166,0.02232,-0.02464,0.00473,0.03975,-0.01401,-0.00736,-0.00588
1.5,-0.0038,0.0106,-0.00321,-0.00019,0.00052,2e-05,0.00115,-0.00508,-0.00241,0.00128,-8e-05,-0.00024,-0.00016,0.00216,0.00389,0.00184,0.00173,8e-05,-0.00015,0.00018,0.00864,0.0167,-0.00333,0.0124,-0.00658,-0.00266,0.00141,0.02538,-0.02372,0.00396,0.04418,-0.01388,-0.0068,-0.00631
1.52,-0.00384,0.01152,-0.00267,-0.00017,0.0006,3e-05,0.00132,-0.005,-0.00234,0.00136,-8e-05,-0.00023,-0.00017,0.00211,0.00373,0.00177,0.00179,8e-05,-0.00015,0.00019,0.00758,0.01242,-0.00283,0.0107,-0.00532,-0.00225,0.00114,0.02853,-0.02278,0.00312,0.04878,-0.01374,-0.00614,-0.00679
1.54,-0.0039,0.01238,-0.00214,-0.00014,0.00068,4e-05,0.00148,-0.00488,-0.00226,0.00145,-8e-05,-0.00023,-0.00018,0.00206,0.00358,0.00171,0.00185,7e-05,-0.00014,0.0002,0.0067,0.00798,-0.00218,0.00872,-0.00406,-0.0018,0.00086,0.0317,-0.0217,0.00222,0.05342,-0.01359,-0.00546,-0.0073
1.56,-0.00402,0.01325,-0.00164,-0.00011,0.00076,5e-05,0.00164,-0.00469,-0.00214,0.00153,-8e-05,-0.00022,-0.00019,0.00204,0.00342,0.00164,0.00191,7e-05,-0.00013,0.0002,0.00606,0.00374,-0.0014,0.00649,-0.00289,-0.00138,0.00062,0.03474,-0.02039,0.00129,0.05791,-0.01344,-0.00478,-0.00779
1.58,-0.00415,0.01411,-0.00117,-9e-05,0.00084,7e-05,0.00176,-0.00443,-0.00199,0.0016,-8e-05,-0.0002,-0.0002,0.00205,0.00322,0.00156,0.00198,7e-05,-0.00012,0.00021,0.0057,-6e-05,-0.00058,0.00429,-0.00186,-0.00099,0.0004,0.03737,-0.01881,0.00036,0.06189,-0.0133,-0.00415,-0.00823
1.6,-0.00425,0.01494,-0.00076,-6e-05,0.00092,8e-05,0.00188,-0.00418,-0.00185,0.00166,-8e-05,-0.00018,-0.00021,0.00208,0.00304,0.0015,0.00204,6e-05,-0.00011,0.00022,0.00548,-0.00331,0.00025,0.00215,-0.00102,-0.00066,0.00023,0.03971,-0.01738,-0.00045,0.06534,-0.01316,-0.00362,-0.00862
1.62,-0.00429,0.01573,-0.00043,-4e-05,0.001,9e-05,0.002,-0.00398,-0.00172,0.00171,-8e-05,-0.00017,-0.00021,0.0021,0.00292,0.00146,0.00207,6e-05,-0.00011,0.00023,0.00538,-0.00591,0.00102,0.00026,-0.00036,-0.0004,0.0001,0.04202,-0.01663,-0.00104,0.06838,-0.01302,-0.0032,-0.00896
1.64,-0.00428,0.01649,-0.00013,-1e-05,0.00108,0.00011,0.00211,-0.0038,-0.00161,0.00176,-8e-05,-0.00015,-0.00022,0.00212,0.00282,0.00144,0.0021,6e-05,-0.00011,0.00023,0.00547,-0.00782,0.00163,-0.0012,0.00013,-0.00019,-0,0.04407,-0.01619,-0.00147,0.07085,-0.01288,-0.00289,-0.00924
1.66,-0.00422,0.01728,0.00015,1e-05,0.00117,0.00012,0.00219,-0.00362,-0.00149,0.00179,-8e-05,-0.00014,-0.00022,0.00214,0.00269,0.00141,0.00213,6e-05,-0.00011,0.00024,0.00589,-0.00801,0.00166,-0.0013,0.00034,5e-05,2e-05,0.04565,-0.01568,-0.00181,0.07263,-0.01279,-0.00266,-0.00942
1.68,-0.00413,0.0181,0.0004,4e-05,0.00125,0.00014,0.00223,-0.00343,-0.00137,0.00182,-8e-05,-0.00013,-0.00023,0.00213,0.00253,0.00137,0.00215,7e-05,-0.00011,0.00024,0.0062,-0.0079,0.00164,-0.00127,0.00043,0.00022,5e-05,0.04675,-0.01522,-0.00205,0.07374,-0.01272,-0.00251,-0.00953
1.7,-0.00393,0.01883,0.00064,6e-05,0.00132,0.00015,0.00227,-0.00327,-0.00127,0.00183,-8e-05,-0.00012,-0.00023,0.00211,0.00238,0.00133,0.00215,7e-05,-0.00011,0.00024,0.00636,-0.00791,0.00167,-0.00134,0.00045,0.00028,5e-05,0.04769,-0.01495,-0.00216,0.07439,-0.01267,-0.00246,-0.00958
1.72,-0.00352,0.01933,0.00087,9e-05,0.00139,0.00016,0.0023,-0.00314,-0.00119,0.00184,-8e-05,-0.00011,-0.00022,0.00211,0.00226,0.0013,0.00215,7e-05,-0.00011,0.00024,0.00633,-0.00806,0.00171,-0.00144,0.00041,0.00023,1e-05,0.04872,-0.01499,-0.00212,0.07476,-0.01261,-0.0025,-0.00958
1.74,-0.00301,0.01969,0.00108,0.00011,0.00144,0.00017,0.00231,-0.00303,-0.00111,0.00184,-8e-05,-0.00012,-0.00022,0.0021,0.00215,0.00128,0.00213,7e-05,-0.00012,0.00023,0.00613,-0.00824,0.00178,-0.00161,0.00031,7e-05,-5e-05,0.04957,-0.01523,-0.00197,0.07464,-0.01257,-0.00262,-0.00952
1.76,-0.00246,0.02002,0.00127,0.00014,0.00148,0.00018,0.0023,-0.00293,-0.00103,0.00183,-8e-05,-0.00012,-0.00021,0.00206,0.00202,0.00124,0.00211,7e-05,-0.00012,0.00023,0.00569,-0.008,0.00176,-0.00169,8e-05,-0.00017,-0.0001,0.04994,-0.01552,-0.00172,0.07384,-0.01256,-0.00284,-0.0094
1.78,-0.00186,0.02027,0.00143,0.00016,0.00153,0.00019,0.00224,-0.00283,-0.00096,0.0018,-8e-05,-0.00012,-0.0002,0.00198,0.00188,0.00119,0.00209,7e-05,-0.00012,0.00022,0.00434,-0.00609,0.0013,-0.00112,-0.00051,-0.0004,-4e-05,0.04976,-0.01579,-0.00138,0.07231,-0.01258,-0.00316,-0.0092
1.8,-0.00117,0.02033,0.00155,0.00019,0.00155,0.0002,0.00217,-0.00274,-0.00089,0.00176,-8e-05,-0.00011,-0.00019,0.00189,0.00174,0.00113,0.00206,7e-05,-0.00012,0.00021,0.00203,-0.00349,0.0008,-0.00081,-0.00132,-0.00071,4e-05,0.04933,-0.01634,-0.0009,0.07019,-0.0126,-0.00358,-0.00895
1.82,-0.00033,0.02006,0.00166,0.00022,0.00156,0.0002,0.0021,-0.00265,-0.00084,0.00174,-8e-05,-0.00011,-0.00018,0.0018,0.00165,0.00108,0.00203,7e-05,-0.00012,0.00021,-0.00139,-0.00021,0.00026,-0.00087,-0.0024,-0.00109,0.00018,0.04894,-0.01737,-0.0003,0.06766,-0.01259,-0.00412,-0.00866
1.84,0.00063,0.01952,0.00173,0.00026,0.00155,0.0002,0.00202,-0.00257,-0.0008,0.0017,-8e-05,-0.0001,-0.00018,0.0017,0.00157,0.00104,0.00201,7e-05,-0.00011,0.00022,-0.00602,0.00353,-0.00026,-0.00144,-0.00376,-0.0015,0.00038,0.04817,-0.01852,0.00037,0.06455,-0.01258,-0.00476,-0.00833
1.86,0.00164,0.0188,0.00177,0.0003,0.00152,0.0002,0.0019,-0.00251,-0.00076,0.00166,-7e-05,-9e-05,-0.00018,0.00157,0.00149,0.00098,0.00197,7e-05,-0.0001,0.00021,-0.0119,0.00749,-0.00069,-0.00268,-0.00533,-0.00196,0.00063,0.04682,-0.01948,0.00107,0.06085,-0.01258,-0.00547,-0.00797
1.88,0.00276,0.01787,0.00178,0.00034,0.00148,0.0002,0.00174,-0.00245,-0.00071,0.0016,-7e-05,-9e-05,-0.00017,0.00143,0.00139,0.00091,0.00193,7e-05,-9e-05,0.00021,-0.01908,0.01146,-0.001,-0.00487,-0.0071,-0.0024,0.00094,0.04509,-0.02012,0.00169,0.05685,-0.01256,-0.00621,-0.00758
1.9,0.00396,0.01663,0.00175,0.0004,0.00142,0.00019,0.00157,-0.00239,-0.00067,0.00153,-6e-05,-8e-05,-0.00016,0.00129,0.00133,0.00084,0.00189,7e-05,-8e-05,0.00021,-0.02659,0.015,-0.00118,-0.00742,-0.00887,-0.00281,0.00126,0.04342,-0.0208,0.00234,0.05297,-0.01252,-0.00693,-0.00723
1.92,0.00523,0.01496,0.00169,0.00047,0.00132,0.00018,0.00139,-0.00229,-0.00064,0.00149,-6e-05,-7e-05,-0.00016,0.00114,0.00131,0.0008,0.00185,7e-05,-7e-05,0.00021,-0.03254,0.01769,-0.00131,-0.00901,-0.01041,-0.00322,0.00145,0.04222,-0.02181,0.00314,0.04947,-0.0125,-0.00752,-0.00695
1.94,0.0066,0.01298,0.00162,0.00055,0.00119,0.00016,0.00121,-0.00218,-0.0006,0.00145,-6e-05,-5e-05,-0.00016,0.001,0.00133,0.00075,0.00181,6e-05,-7e-05,0.0002,-0.03719,0.0197,-0.00139,-0.00995,-0.01172,-0.00358,0.00156,0.0413,-0.02267,0.00387,0.04643,-0.01247,-0.00796,-0.00672
1.96,0.00808,0.01079,0.00153,0.00064,0.00105,0.00015,0.00101,-0.00206,-0.00055,0.00141,-5e-05,-4e-05,-0.00016,0.00086,0.00134,0.00071,0.00176,6e-05,-6e-05,0.00019,-0.04151,0.02128,-0.00139,-0.01104,-0.01288,-0.00384,0.00167,0.04052,-0.02309,0.00437,0.04385,-0.01239,-0.00828,-0.00654
1.98,0.00957,0.0084,0.00143,0.00073,0.0009,0.00013,0.00081,-0.00195,-0.00051,0.00137,-5e-05,-3e-05,-0.00016,0.00072,0.00135,0.00067,0.00171,6e-05,-6e-05,0.00018,-0.04532,0.02249,-0.00133,-0.01217,-0.01388,-0.004,0.00177,0.03992,-0.02318,0.00468,0.04155,-0.01227,-0.00846,-0.00639
2,0.01119,0.00578,0.00132,0.00084,0.00072,0.00011,0.00061,-0.00181,-0.00046,0.00134,-4e-05,-2e-05,-0.00016,0.00059,0.00138,0.00063,0.00167,6e-05,-6e-05,0.00018,-0.04828,0.0235,-0.00133,-0.01272,-0.01467,-0.00406,0.00185,0.03938,-0.02312,0.00495,0.03987,-0.01203,-0.00849,-0.00628
2.02,0.01308,0.00294,0.00121,0.00095,0.0005,8e-05,0.00042,-0.00166,-0.00041,0.0013,-4e-05,-1e-05,-0.00015,0.00045,0.00144,0.00061,0.00162,5e-05,-5e-05,0.00017,-0.05,0.02453,-0.00154,-0.01188,-0.01518,-0.00399,0.00192,0.03877,-0.02301,0.00534,0.03907,-0.01158,-0.00839,-0.00625
2.04,0.01504,-6e-05,0.00109,0.00107,0.00026,5e-05,0.00025,-0.0015,-0.00036,0.00126,-3e-05,-1e-05,-0.00014,0.00031,0.00151,0.0006,0.00158,5e-05,-5e-05,0.00017,-0.05104,0.02563,-0.00184,-0.01023,-0.01553,-0.00379,0.00204,0.03792,-0.02268,0.00571,0.03843,-0.01099,-0.00815,-0.00621
2.06,0.01689,-0.00312,0.00098,0.00119,2e-05,3e-05,9e-05,-0.00135,-0.00032,0.00124,-3e-05,-1e-05,-0.00014,0.00018,0.00159,0.00059,0.00153,5e-05,-4e-05,0.00017,-0.05211,0.02688,-0.00212,-0.00852,-0.01582,-0.00346,0.00225,0.03669,-0.02192,0.00593,0.03738,-0.01029,-0.00778,-0.00609
2.08,0.01864,-0.00621,0.00087,0.0013,-0.00023,-0,-4e-05,-0.00121,-0.00028,0.00121,-3e-05,-0,-0.00013,6e-05,0.00167,0.00059,0.00148,5e-05,-4e-05,0.00017,-0.05311,0.02839,-0.00241,-0.0064,-0.01605,-0.00301,0.00258,0.03505,-0.02062,0.00593,0.03578,-0.00947,-0.00729,-0.00587
2.1,0.02031,-0.00921,0.00078,0.00141,-0.00047,-3e-05,-0.00017,-0.00107,-0.00024,0.0012,-2e-05,-0,-0.00013,-4e-05,0.00176,0.00059,0.00143,5e-05,-3e-05,0.00016,-0.05399,0.03009,-0.0027,-0.00392,-0.01626,-0.00241,0.00305,0.03253,-0.01899,0.00594,0.03368,-0.0085,-0.00666,-0.00556
2.12,0.02194,-0.01201,0.0007,0.00153,-0.00071,-6e-05,-0.00028,-0.00093,-0.00021,0.0012,-2e-05,-0,-0.00013,-0.0001,0.00186,0.0006,0.00137,5e-05,-3e-05,0.00016,-0.05464,0.03178,-0.00292,-0.00123,-0.01653,-0.00165,0.00369,0.02892,-0.01714,0.00614,0.03119,-0.00736,-0.00586,-0.00516
2.14,0.02344,-0.01462,0.00063,0.00165,-0.00093,-9e-05,-0.00038,-0.00079,-0.00017,0.0012,-2e-05,0,-0.00013,-0.00014,0.00196,0.00061,0.00131,5e-05,-4e-05,0.00015,-0.05502,0.03349,-0.00307,0.00183,-0.01678,-0.00078,0.00445,0.02476,-0.01463,0.00611,0.02785,-0.00614,-0.00496,-0.00463
2.16,0.02474,-0.01702,0.00058,0.00175,-0.00114,-0.00012,-0.00045,-0.00067,-0.00014,0.0012,-2e-05,0,-0.00013,-0.00017,0.00206,0.00063,0.00126,4e-05,-4e-05,0.00014,-0.05516,0.03517,-0.00317,0.00531,-0.01699,0.00013,0.00529,0.02045,-0.01137,0.00558,0.0236,-0.00492,-0.00404,-0.00397
2.18,0.02582,-0.01924,0.00054,0.00183,-0.00134,-0.00014,-0.00051,-0.00055,-0.00012,0.00121,-2e-05,0,-0.00013,-0.0002,0.00216,0.00064,0.00121,4e-05,-4e-05,0.00014,-0.05478,0.03644,-0.0032,0.0093,-0.01715,0.00106,0.00617,0.01626,-0.00766,0.0047,0.01889,-0.00372,-0.00312,-0.00325
2.2,0.02676,-0.02116,0.00051,0.00191,-0.0015,-0.00016,-0.00055,-0.00045,-9e-05,0.00122,-2e-05,0,-0.00013,-0.00021,0.00225,0.00066,0.00115,4e-05,-4e-05,0.00013,-0.05417,0.03745,-0.00307,0.01308,-0.01726,0.00187,0.00699,0.01218,-0.00379,0.00343,0.01377,-0.00268,-0.00229,-0.0025
2.22,0.02765,-0.02267,0.00049,0.00197,-0.00163,-0.00018,-0.00056,-0.00036,-7e-05,0.00122,-2e-05,0,-0.00013,-0.00021,0.00231,0.00067,0.00111,4e-05,-4e-05,0.00013,-0.05381,0.03857,-0.00269,0.01565,-0.01739,0.00249,0.00764,0.00844,-0.00015,0.00191,0.00862,-0.00183,-0.00162,-0.00177
2.24,0.02844,-0.02393,0.00046,0.00201,-0.00173,-0.0002,-0.00055,-0.00028,-5e-05,0.00121,-1e-05,0,-0.00013,-0.00021,0.00236,0.00068,0.00108,4e-05,-4e-05,0.00013,-0.0534,0.03944,-0.0022,0.01755,-0.01752,0.00297,0.00815,0.00544,0.00302,0.00046,0.00412,-0.00112,-0.00107,-0.00115
2.26,0.02909,-0.02506,0.00043,0.00205,-0.00183,-0.00021,-0.00054,-0.0002,-4e-05,0.00121,-1e-05,1e-05,-0.00013,-0.0002,0.0024,0.00068,0.00104,4e-05,-4e-05,0.00012,-0.0526,0.03967,-0.0017,0.01938,-0.01763,0.00333,0.00855,0.00329,0.00566,-0.0008,0.00045,-0.00054,-0.00062,-0.00064
2.28,0.02966,-0.02606,0.00041,0.00207,-0.00191,-0.00022,-0.00052,-0.00013,-2e-05,0.00121,-1e-05,1e-05,-0.00013,-0.00018,0.00244,0.00069,0.00101,4e-05,-4e-05,0.00012,-0.05151,0.03933,-0.0011,0.02092,-0.01771,0.00354,0.0088,0.00185,0.00775,-0.00188,-0.00248,-0.0001,-0.00028,-0.00025
2.3,0.03021,-0.02683,0.00039,0.00209,-0.00197,-0.00023,-0.0005,-8e-05,-1e-05,0.00121,-1e-05,1e-05,-0.00013,-0.00016,0.00247,0.0007,0.00098,4e-05,-5e-05,0.00012,-0.05047,0.03887,-0.00063,0.0221,-0.01777,0.0037,0.00898,0.00194,0.0081,-0.00207,-0.00275,0.00016,-0.00015,-8e-05
2.32,0.0308,-0.02728,0.00037,0.00211,-0.00199,-0.00024,-0.00049,-4e-05,-1e-05,0.0012,-1e-05,1e-05,-0.00012,-0.00014,0.00247,0.0007,0.00096,4e-05,-5e-05,0.00011,-0.04972,0.03869,-0.00054,0.02293,-0.01779,0.00389,0.00918,0.00215,0.00818,-0.00206,-0.00277,0.00034,-7e-05,2e-05
2.34,0.03142,-0.02746,0.00036,0.00214,-0.00198,-0.00024,-0.00046,-2e-05,-0,0.00119,-1e-05,1e-05,-0.00012,-0.00013,0.00247,0.00069,0.00094,4e-05,-4e-05,0.00011,-0.04908,0.03853,-0.00061,0.02343,-0.01778,0.00406,0.00932,0.00223,0.00818,-0.00201,-0.00289,0.00045,1e-05,0.0001
2.36,0.03207,-0.02744,0.00037,0.00216,-0.00196,-0.00024,-0.00043,1e-05,0,0.00118,-1e-05,1e-05,-0.00012,-0.00012,0.00246,0.00069,0.00092,4e-05,-4e-05,0.00011,-0.0483,0.03806,-0.00065,0.02369,-0.01773,0.00418,0.00934,0.00219,0.00817,-0.00197,-0.00313,0.0005,8e-05,0.00015
2.38,0.03273,-0.02721,0.00041,0.00218,-0.00192,-0.00023,-0.00039,4e-05,0,0.00118,-1e-05,0,-0.00012,-0.0001,0.00245,0.00068,0.00092,4e-05,-4e-05,0.00011,-0.04728,0.0373,-0.00069,0.0237,-0.01764,0.00429,0.00927,0.00202,0.00817,-0.00195,-0.00343,0.0005,0.00019,0.00019
2.4,0.03353,-0.02661,0.00047,0.0022,-0.00185,-0.00022,-0.00034,5e-05,0,0.00118,-1e-05,0,-0.00012,-9e-05,0.00243,0.00068,0.00091,4e-05,-4e-05,0.00011,-0.04645,0.03674,-0.00089,0.0234,-0.01751,0.00444,0.00913,0.00174,0.0082,-0.00195,-0.00374,0.00046,0.00035,0.00023
2.42,0.03464,-0.02552,0.00054,0.00224,-0.00175,-0.00021,-0.00031,4e-05,0,0.00118,-1e-05,0,-0.00012,-0.0001,0.00238,0.00066,0.00091,4e-05,-4e-05,0.00011,-0.0462,0.03681,-0.00135,0.02275,-0.01732,0.00464,0.00891,0.00126,0.00746,-0.0017,-0.00353,0.00029,0.0005,0.0002
2.44,0.03591,-0.02407,0.00063,0.00228,-0.00162,-0.00019,-0.00028,3e-05,-0,0.00117,-1e-05,0,-0.00012,-0.00012,0.00233,0.00064,0.00091,4e-05,-4e-05,0.00011,-0.04595,0.03702,-0.00197,0.02178,-0.01708,0.00491,0.00861,1e-05,0.00503,-0.00095,-0.00256,-0.00019,0.0006,3e-05
2.46,0.03722,-0.02243,0.00073,0.00233,-0.00148,-0.00018,-0.00024,0,-1e-05,0.00116,-1e-05,0,-0.00012,-0.00014,0.00227,0.00063,0.00092,3e-05,-4e-05,0.00011,-0.04518,0.03692,-0.00263,0.02056,-0.01679,0.00523,0.0082,-0.00224,0.00194,-0.00015,-0.00183,-0.00089,0.00073,-0.00018
2.48,0.03856,-0.02066,0.00085,0.00238,-0.00133,-0.00015,-0.00019,-2e-05,-2e-05,0.00116,-1e-05,0,-0.00012,-0.00016,0.00221,0.00061,0.00093,3e-05,-4e-05,0.00011,-0.04392,0.03643,-0.00335,0.01919,-0.01642,0.00563,0.0077,-0.00588,-0.00187,0.00062,-0.00173,-0.00184,0.00092,-0.00047
2.5,0.04011,-0.0186,0.00096,0.00245,-0.00117,-0.00013,-0.00014,-6e-05,-3e-05,0.00116,-1e-05,0,-0.00012,-0.00019,0.00213,0.00058,0.00094,3e-05,-4e-05,0.00011,-0.04238,0.03602,-0.00414,0.0174,-0.01603,0.00608,0.00711,-0.01083,-0.00625,0.00135,-0.00222,-0.00304,0.00114,-0.0008
2.52,0.04206,-0.01604,0.00104,0.00254,-0.00099,-0.00011,-0.0001,-0.00013,-5e-05,0.00115,-1e-05,-0,-0.00012,-0.00023,0.00202,0.00055,0.00095,3e-05,-4e-05,0.00011,-0.04077,0.03606,-0.00494,0.01491,-0.01569,0.0065,0.0064,-0.01581,-0.01062,0.00219,-0.00221,-0.00439,0.00139,-0.00112
2.54,0.04423,-0.01337,0.00111,0.00264,-0.00082,-8e-05,-7e-05,-0.0002,-7e-05,0.00114,-1e-05,-0,-0.00012,-0.00029,0.0019,0.00051,0.00096,3e-05,-4e-05,0.00011,-0.039,0.03594,-0.00568,0.01222,-0.01542,0.00688,0.00566,-0.02057,-0.01473,0.00307,-0.00171,-0.00582,0.00163,-0.00144
2.56,0.04645,-0.01089,0.00118,0.00276,-0.00066,-6e-05,-3e-05,-0.00027,-9e-05,0.00113,-1e-05,-1e-05,-0.00012,-0.00035,0.00179,0.00047,0.00097,3e-05,-3e-05,0.00011,-0.03709,0.03535,-0.00629,0.00973,-0.0152,0.00718,0.00495,-0.02559,-0.01858,0.00383,-0.00158,-0.00734,0.00183,-0.00176
2.58,0.04872,-0.00852,0.00126,0.00289,-0.00052,-4e-05,2e-05,-0.00033,-0.00011,0.00113,-1e-05,-1e-05,-0.00013,-0.00042,0.00168,0.00043,0.00097,3e-05,-3e-05,0.00011,-0.03531,0.03444,-0.00669,0.00745,-0.01509,0.00733,0.0043,-0.03037,-0.02187,0.00451,-0.00159,-0.00886,0.00196,-0.00206
2.6,0.0511,-0.00639,0.00133,0.00302,-0.0004,-2e-05,6e-05,-0.00038,-0.00012,0.00112,-1e-05,-1e-05,-0.00013,-0.00049,0.00157,0.0004,0.00097,2e-05,-3e-05,0.00011,-0.03382,0.03366,-0.007,0.0054,-0.01507,0.00739,0.00378,-0.03452,-0.0245,0.00507,-0.00158,-0.01027,0.00202,-0.0023
2.62,0.05366,-0.00467,0.00137,0.00316,-0.00029,-0,8e-05,-0.00044,-0.00014,0.00112,-1e-05,-1e-05,-0.00013,-0.00056,0.00146,0.00036,0.00097,2e-05,-3e-05,0.00011,-0.03272,0.03339,-0.00737,0.00362,-0.01509,0.00745,0.00349,-0.0378,-0.02646,0.00548,-0.00141,-0.01144,0.00209,-0.00238
2.64,0.05627,-0.00319,0.00139,0.0033,-0.00019,1e-05,9e-05,-0.00049,-0.00015,0.00111,-1e-05,-1e-05,-0.00013,-0.00063,0.00136,0.00032,0.00096,2e-05,-2e-05,0.00012,-0.03208,0.03336,-0.00764,0.00214,-0.01518,0.00743,0.00337,-0.04028,-0.02774,0.00574,-0.00112,-0.01239,0.00211,-0.00235
2.66,0.05879,-0.00181,0.0014,0.00343,-0.00011,2e-05,0.00011,-0.00054,-0.00016,0.0011,-1e-05,-2e-05,-0.00013,-0.00069,0.00127,0.00029,0.00094,2e-05,-2e-05,0.00012,-0.03191,0.03338,-0.00774,0.00096,-0.01535,0.00726,0.00335,-0.04222,-0.02841,0.0059,-0.001,-0.01321,0.00204,-0.00228
2.68,0.0612,-0.00053,0.0014,0.00356,-3e-05,3e-05,0.00012,-0.00057,-0.00016,0.0011,-1e-05,-2e-05,-0.00013,-0.00075,0.00119,0.00026,0.00093,2e-05,-2e-05,0.00012,-0.0322,0.03365,-0.00775,6e-05,-0.01557,0.00701,0.00343,-0.0435,-0.02853,0.00595,-0.0009,-0.01383,0.0019,-0.00215
2.7,0.06359,0.00058,0.00138,0.00368,4e-05,4e-05,0.00011,-0.00059,-0.00016,0.00109,-1e-05,-2e-05,-0.00013,-0.00079,0.00112,0.00023,0.00091,2e-05,-2e-05,0.00012,-0.03291,0.03421,-0.0077,-0.00063,-0.0158,0.00667,0.0036,-0.04418,-0.0281,0.00591,-0.0009,-0.01427,0.00167,-0.00199
2.72,0.06606,0.00146,0.00136,0.0038,9e-05,5e-05,9e-05,-0.00061,-0.00016,0.00108,-1e-05,-2e-05,-0.00013,-0.00082,0.00107,0.00021,0.0009,2e-05,-2e-05,0.00012,-0.03397,0.03509,-0.0076,-0.00115,-0.01602,0.00627,0.00383,-0.04435,-0.02718,0.00583,-0.00114,-0.01455,0.00133,-0.00187
2.74,0.06851,0.00223,0.00134,0.00391,0.00014,5e-05,5e-05,-0.00061,-0.00015,0.00106,-1e-05,-2e-05,-0.00013,-0.00083,0.00102,0.00019,0.00088,1e-05,-2e-05,0.00012,-0.03532,0.03636,-0.00751,-0.00151,-0.01621,0.00585,0.00412,-0.04383,-0.02577,0.00568,-0.00145,-0.01459,0.00092,-0.00174
2.76,0.07083,0.003,0.00131,0.00402,0.00019,6e-05,1e-05,-0.00061,-0.00014,0.00105,-1e-05,-2e-05,-0.00013,-0.00085,0.00098,0.00018,0.00087,1e-05,-2e-05,0.00012,-0.03691,0.03804,-0.00746,-0.00169,-0.01634,0.00544,0.00447,-0.04244,-0.02392,0.00542,-0.00173,-0.01434,0.00053,-0.00159
2.78,0.07305,0.0037,0.00129,0.00412,0.00024,6e-05,-4e-05,-0.0006,-0.00013,0.00104,-1e-05,-2e-05,-0.00013,-0.00087,0.00094,0.00016,0.00084,1e-05,-2e-05,0.00011,-0.03857,0.04011,-0.00748,-0.00171,-0.01638,0.00509,0.00486,-0.0401,-0.02161,0.00504,-0.00197,-0.01379,0.00016,-0.00141
2.8,0.07523,0.00434,0.00127,0.00421,0.00029,6e-05,-8e-05,-0.0006,-0.00012,0.00102,-1e-05,-2e-05,-0.00013,-0.00089,0.00091,0.00015,0.00083,1e-05,-2e-05,0.00011,-0.04026,0.04236,-0.00752,-0.00165,-0.01631,0.00476,0.00526,-0.0368,-0.01898,0.00459,-0.00216,-0.01293,-0.00016,-0.00123
2.82,0.07743,0.00495,0.00123,0.00429,0.00032,7e-05,-0.00011,-0.00058,-0.00011,0.00101,-1e-05,-2e-05,-0.00013,-0.00088,0.00087,0.00013,0.00082,1e-05,-2e-05,0.00011,-0.04193,0.04442,-0.00748,-0.00165,-0.01612,0.00442,0.00559,-0.03259,-0.01621,0.00412,-0.00228,-0.01178,-0.00045,-0.00108
2.84,0.07964,0.00544,0.00119,0.00437,0.00035,7e-05,-0.00014,-0.00056,-0.0001,0.001,-1e-05,-2e-05,-0.00013,-0.00087,0.00083,0.00012,0.00081,1e-05,-2e-05,0.00011,-0.04324,0.04611,-0.00739,-0.00163,-0.01574,0.00411,0.00585,-0.0274,-0.01327,0.00357,-0.00233,-0.01035,-0.00064,-0.00093
2.86,0.0818,0.00577,0.00115,0.00445,0.00036,7e-05,-0.00017,-0.00055,-9e-05,0.00099,-1e-05,-2e-05,-0.00013,-0.00087,0.00079,0.0001,0.0008,1e-05,-2e-05,0.00011,-0.04376,0.04718,-0.00726,-0.00157,-0.01513,0.00386,0.00604,-0.02139,-0.01024,0.0029,-0.00228,-0.00871,-0.00073,-0.00076
2.88,0.08396,0.00595,0.0011,0.00453,0.00037,7e-05,-0.00022,-0.00053,-8e-05,0.00098,-1e-05,-2e-05,-0.00013,-0.00088,0.00074,8e-05,0.00079,1e-05,-2e-05,0.00011,-0.04324,0.04711,-0.00698,-0.00165,-0.01425,0.00361,0.00607,-0.01499,-0.00734,0.0022,-0.00216,-0.00698,-0.00074,-0.0006
2.9,0.08612,0.006,0.00106,0.00461,0.00036,6e-05,-0.00026,-0.00052,-7e-05,0.00096,-0,-2e-05,-0.00013,-0.00089,0.00069,6e-05,0.00078,1e-05,-1e-05,0.00011,-0.04107,0.0453,-0.00654,-0.00158,-0.01305,0.00334,0.00591,-0.0086,-0.00477,0.00149,-0.00197,-0.0053,-0.00066,-0.00043
2.92,0.08829,0.00595,0.00105,0.0047,0.00036,6e-05,-0.00029,-0.00048,-6e-05,0.00095,-0,-2e-05,-0.00013,-0.00092,0.00064,4e-05,0.00076,0,-1e-05,0.00011,-0.03686,0.04137,-0.00596,-0.00106,-0.0115,0.00302,0.00555,-0.0027,-0.00259,0.00079,-0.00174,-0.00376,-0.0005,-0.00025
2.94,0.09043,0.00582,0.00106,0.00479,0.00035,6e-05,-0.00032,-0.00044,-4e-05,0.00092,-0,-2e-05,-0.00013,-0.00095,0.00059,2e-05,0.00074,0,-1e-05,0.00011,-0.03107,0.03563,-0.00517,-0.00051,-0.00971,0.00264,0.00498,0.00229,-0.0008,0.00024,-0.00153,-0.00246,-0.00035,-0.00012
2.96,0.09251,0.00562,0.0011,0.00488,0.00033,6e-05,-0.00036,-0.0004,-3e-05,0.00089,-0,-2e-05,-0.00013,-0.00099,0.00054,-1e-05,0.00071,0,-1e-05,0.00011,-0.02442,0.0287,-0.00417,-0.00024,-0.00781,0.00218,0.00423,0.00625,0.00059,-0.00016,-0.00136,-0.00141,-0.00024,-4e-05
2.98,0.09453,0.00541,0.00116,0.00498,0.00031,6e-05,-0.00042,-0.00036,-1e-05,0.00085,0,-2e-05,-0.00013,-0.00104,0.0005,-3e-05,0.00069,0,-1e-05,0.00011,-0.01758,0.02132,-0.00307,-0.00015,-0.00595,0.00171,0.00341,0.0092,0.00164,-0.00043,-0.00124,-0.00062,-0.00016,1e-05
3,0.0964,0.00515,0.00126,0.00509,0.00029,6e-05,-0.00049,-0.00031,0,0.00081,0,-2e-05,-0.00013,-0.00109,0.00047,-4e-05,0.00066,-0,-1e-05,0.00011,-0.01106,0.01417,-0.002,-0.00013,-0.00427,0.00126,0.0026,0.01124,0.00241,-0.00061,-0.00118,-4e-05,-0.0001,2e-05
3.02,0.09809,0.00482,0.00142,0.0052,0.00027,5e-05,-0.00053,-0.00024,2e-05,0.00076,0,-2e-05,-0.00013,-0.00113,0.00045,-5e-05,0.00064,-0,-1e-05,0.00011,-0.00528,0.00777,-0.00103,-0.00013,-0.00282,0.00085,0.00186,0.01189,0.0027,-0.00069,-0.00112,0.00023,-9e-05,1e-05
3.04,0.09961,0.00451,0.00161,0.00531,0.00026,5e-05,-0.00058,-0.00017,3e-05,0.00071,1e-05,-1e-05,-0.00013,-0.00116,0.00044,-6e-05,0.00061,-0,-1e-05,0.0001,-0.00052,0.00237,-0.00019,-0.00027,-0.00165,0.00051,0.00123,0.01177,0.00279,-0.00073,-0.00108,0.00033,-0.0001,-0
3.06,0.10098,0.00428,0.00182,0.00542,0.00024,5e-05,-0.00063,-0.0001,5e-05,0.00066,1e-05,-1e-05,-0.00012,-0.00117,0.00044,-6e-05,0.00058,-0,-1e-05,0.0001,0.00312,-0.00196,0.00052,-0.00053,-0.00076,0.00024,0.00072,0.01157,0.00295,-0.00077,-0.0011,0.00038,-9e-05,-1e-05
3.08,0.10218,0.00405,0.00203,0.00553,0.00023,5e-05,-0.00066,-3e-05,5e-05,0.0006,1e-05,-2e-05,-0.00012,-0.00117,0.00045,-6e-05,0.00055,-0,-1e-05,0.0001,0.00578,-0.00525,0.00108,-0.00083,-0.00012,5e-05,0.00032,0.01137,0.00315,-0.00081,-0.00114,0.0004,-7e-05,-1e-05
3.1,0.10317,0.00395,0.00222,0.00564,0.00021,5e-05,-0.00069,2e-05,6e-05,0.00054,1e-05,-2e-05,-0.00011,-0.00115,0.00046,-6e-05,0.00053,-0,-1e-05,0.0001,0.00754,-0.00763,0.00151,-0.00115,0.00032,-0.0001,3e-05,0.01113,0.00337,-0.00084,-0.00121,0.0004,-4e-05,-1e-05
3.12,0.1039,0.00416,0.00232,0.00574,0.00016,4e-05,-0.00074,6e-05,6e-05,0.00051,1e-05,-2e-05,-0.00011,-0.00114,0.00045,-6e-05,0.00051,-0,-1e-05,0.0001,0.0077,-0.00823,0.00155,-0.00135,0.0004,-0.00011,-0.00011,0.01083,0.00359,-0.00087,-0.00132,0.00038,-2e-05,-0
3.14,0.10446,0.00447,0.00239,0.00583,0.00011,3e-05,-0.00077,9e-05,7e-05,0.00048,1e-05,-2e-05,-0.00011,-0.00113,0.00044,-5e-05,0.0005,-0,-1e-05,0.0001,0.00733,-0.00817,0.00147,-0.00148,0.00035,-8e-05,-0.00017,0.01053,0.00384,-0.0009,-0.00142,0.00036,0,0
3.16,0.1049,0.00473,0.00246,0.00591,5e-05,3e-05,-0.00078,0.00012,7e-05,0.00046,1e-05,-2e-05,-0.00011,-0.00109,0.00044,-5e-05,0.00049,-0,-1e-05,0.0001,0.00703,-0.0081,0.00142,-0.0016,0.00031,-6e-05,-0.0002,0.01032,0.0041,-0.00093,-0.00152,0.00033,2e-05,1e-05
3.18,0.10521,0.00505,0.00251,0.00597,-0,2e-05,-0.00077,0.00015,7e-05,0.00044,1e-05,-2e-05,-0.00011,-0.00103,0.00043,-4e-05,0.00048,-0,-2e-05,0.0001,0.00678,-0.00802,0.0014,-0.00171,0.00028,-5e-05,-0.00021,0.01013,0.00435,-0.00095,-0.0016,0.0003,4e-05,2e-05
3.2,0.10545,0.00531,0.00254,0.00602,-5e-05,1e-05,-0.00073,0.00019,7e-05,0.00042,1e-05,-2e-05,-0.00011,-0.00096,0.00043,-3e-05,0.00047,-0,-2e-05,0.0001,0.00663,-0.00794,0.00141,-0.0018,0.00025,-5e-05,-0.0002,0.01005,0.00458,-0.00096,-0.00167,0.00028,5e-05,3e-05
3.22,0.10574,0.00533,0.00254,0.00605,-9e-05,1e-05,-0.00067,0.00023,6e-05,0.00043,1e-05,-2e-05,-0.00011,-0.00089,0.00042,-2e-05,0.00048,0,-2e-05,0.0001,0.00668,-0.00791,0.00144,-0.00187,0.00023,-5e-05,-0.00019,0.01013,0.0047,-0.00097,-0.00173,0.00026,6e-05,4e-05
3.24,0.10604,0.00535,0.0025,0.00608,-0.00012,0,-0.0006,0.00026,6e-05,0.00044,1e-05,-2e-05,-0.00011,-0.00081,0.0004,-2e-05,0.00049,0,-2e-05,0.0001,0.00681,-0.00792,0.00149,-0.00191,0.00021,-6e-05,-0.00017,0.01028,0.00474,-0.00097,-0.00177,0.00024,7e-05,4e-05
3.26,0.10629,0.00552,0.0024,0.0061,-0.00014,-0,-0.00054,0.00028,6e-05,0.00044,1e-05,-2e-05,-0.00011,-0.00073,0.00036,-1e-05,0.0005,0,-2e-05,0.0001,0.00695,-0.00796,0.00155,-0.00195,0.0002,-6e-05,-0.00015,0.01044,0.0047,-0.00096,-0.00182,0.00023,7e-05,5e-05
3.28,0.10649,0.00575,0.00228,0.00611,-0.00017,-1e-05,-0.00048,0.0003,5e-05,0.00044,1e-05,-2e-05,-0.0001,-0.00066,0.0003,-1e-05,0.00052,0,-2e-05,0.0001,0.00712,-0.00805,0.00161,-0.00198,0.0002,-7e-05,-0.00013,0.01064,0.00456,-0.00094,-0.00186,0.00022,7e-05,5e-05
3.3,0.10665,0.00605,0.00212,0.00612,-0.00019,-1e-05,-0.00042,0.00031,5e-05,0.00044,1e-05,-2e-05,-0.0001,-0.00058,0.00024,-1e-05,0.00054,0,-2e-05,0.0001,0.00728,-0.00815,0.00167,-0.002,0.00019,-8e-05,-0.00012,0.0108,0.00436,-0.00091,-0.00187,0.0002,7e-05,4e-05
3.32,0.10676,0.00645,0.00195,0.00613,-0.00021,-1e-05,-0.00038,0.00031,4e-05,0.00045,1e-05,-3e-05,-0.0001,-0.00052,0.00017,-1e-05,0.00056,0,-2e-05,0.0001,0.00741,-0.00825,0.00173,-0.00202,0.00019,-9e-05,-0.00011,0.0109,0.00418,-0.00086,-0.00188,0.0002,7e-05,4e-05
3.34,0.10679,0.00687,0.00178,0.00613,-0.00023,-2e-05,-0.00034,0.00031,3e-05,0.00045,1e-05,-4e-05,-0.0001,-0.00047,0.0001,-2e-05,0.00058,0,-2e-05,0.0001,0.00754,-0.00837,0.00179,-0.00203,0.00019,-0.0001,-0.0001,0.01101,0.00398,-0.00081,-0.00187,0.00019,6e-05,3e-05
3.36,0.10673,0.00724,0.00161,0.00613,-0.00025,-2e-05,-0.0003,0.00031,3e-05,0.00046,0,-4e-05,-0.0001,-0.00042,2e-05,-2e-05,0.00061,0,-2e-05,0.0001,0.00768,-0.00851,0.00184,-0.00203,0.00019,-0.0001,-9e-05,0.01114,0.00373,-0.00077,-0.00187,0.00019,6e-05,3e-05
3.38,0.10653,0.0076,0.00145,0.00613,-0.00028,-2e-05,-0.00025,0.00032,2e-05,0.00047,0,-5e-05,-9e-05,-0.00037,-6e-05,-2e-05,0.00064,0,-1e-05,0.0001,0.00782,-0.00866,0.00188,-0.00203,0.00019,-0.00011,-9e-05,0.01128,0.00346,-0.00073,-0.00188,0.00019,6e-05,2e-05
3.4,0.10624,0.00786,0.00132,0.00612,-0.0003,-3e-05,-0.0002,0.00033,2e-05,0.00048,0,-5e-05,-9e-05,-0.00031,-0.00014,-3e-05,0.00066,0,-1e-05,0.0001,0.00794,-0.00876,0.00191,-0.00201,0.00019,-0.00011,-9e-05,0.01142,0.00315,-0.00069,-0.00188,0.00019,5e-05,1e-05
3.42,0.1059,0.00797,0.0012,0.0061,-0.0003,-3e-05,-0.00015,0.00032,1e-05,0.00048,0,-6e-05,-9e-05,-0.00027,-0.00021,-3e-05,0.00068,0,-1e-05,0.0001,0.0081,-0.00887,0.00194,-0.00199,0.00018,-0.00011,-9e-05,0.01158,0.00282,-0.00064,-0.00188,0.00019,5e-05,1e-05
3.44,0.10547,0.00798,0.00111,0.00608,-0.00029,-3e-05,-0.00011,0.00032,1e-05,0.00048,0,-6e-05,-9e-05,-0.00023,-0.00026,-4e-05,0.00069,0,-1e-05,0.0001,0.00826,-0.00899,0.00198,-0.00199,0.00018,-0.00011,-9e-05,0.01173,0.00249,-0.00059,-0.00188,0.00019,5e-05,0
3.46,0.10491,0.00792,0.00107,0.00605,-0.00029,-3e-05,-7e-05,0.00034,1e-05,0.00048,-0,-6e-05,-9e-05,-0.00019,-0.00031,-4e-05,0.0007,-0,-1e-05,0.0001,0.00837,-0.00908,0.00201,-0.002,0.00018,-0.00011,-9e-05,0.01181,0.00222,-0.00056,-0.0019,0.00019,4e-05,-0
3.48,0.10422,0.00771,0.00112,0.00601,-0.00029,-3e-05,-2e-05,0.00038,1e-05,0.00049,0,-6e-05,-9e-05,-0.00015,-0.00033,-4e-05,0.00071,-0,-0,0.0001,0.00845,-0.00908,0.00202,-0.00204,0.00018,-0.00011,-9e-05,0.01186,0.00208,-0.00055,-0.00192,0.00019,4e-05,-1e-05
3.5,0.10346,0.00731,0.00128,0.00595,-0.0003,-3e-05,2e-05,0.00047,2e-05,0.0005,0,-5e-05,-9e-05,-0.00012,-0.00032,-4e-05,0.0007,-0,-0,0.0001,0.00846,-0.0089,0.00198,-0.00209,0.00018,-0.00011,-9e-05,0.01188,0.00215,-0.0006,-0.00194,0.00019,5e-05,-1e-05
3.52,0.10265,0.00671,0.00162,0.00588,-0.00032,-2e-05,4e-05,0.00059,3e-05,0.00051,0,-5e-05,-9e-05,-0.0001,-0.00024,-3e-05,0.00068,-0,-1e-05,0.0001,0.00837,-0.0085,0.00186,-0.00214,0.00018,-0.0001,-9e-05,0.01188,0.00248,-0.00075,-0.00193,0.0002,5e-05,0
3.54,0.10178,0.00586,0.0021,0.0058,-0.00035,-2e-05,5e-05,0.00075,5e-05,0.00052,1e-05,-4e-05,-9e-05,-0.0001,-0.00011,-1e-05,0.00065,0,-1e-05,0.0001,0.00821,-0.00786,0.00168,-0.0022,0.00018,-9e-05,-8e-05,0.01186,0.00309,-0.00097,-0.0019,0.0002,6e-05,1e-05
3.56,0.1008,0.00481,0.0027,0.0057,-0.00039,-2e-05,6e-05,0.00096,7e-05,0.00054,1e-05,-3e-05,-9e-05,-0.00011,5e-05,1e-05,0.00061,0,-2e-05,9e-05,0.00799,-0.00703,0.00145,-0.00229,0.00018,-8e-05,-7e-05,0.01183,0.00397,-0.00125,-0.00188,0.00021,8e-05,3e-05
3.58,0.09978,0.00372,0.00335,0.00559,-0.00044,-1e-05,5e-05,0.00119,9e-05,0.00055,1e-05,-2e-05,-9e-05,-0.00013,0.00024,3e-05,0.00056,0,-2e-05,9e-05,0.00768,-0.0061,0.0012,-0.00239,0.00018,-7e-05,-5e-05,0.01175,0.00499,-0.00155,-0.00184,0.00021,9e-05,5e-05
3.6,0.09874,0.00273,0.00388,0.00547,-0.00046,-1e-05,4e-05,0.00137,0.00011,0.00056,1e-05,-1e-05,-9e-05,-0.00015,0.00039,4e-05,0.00051,1e-05,-3e-05,8e-05,0.0074,-0.00535,0.00101,-0.00252,0.00017,-6e-05,-4e-05,0.01164,0.00589,-0.00182,-0.00186,0.00022,0.0001,6e-05
3.62,0.09774,0.00224,0.00384,0.00534,-0.00042,-0,7e-05,0.00136,0.00011,0.00056,2e-05,-1e-05,-9e-05,-0.00015,0.00038,4e-05,0.0005,1e-05,-3e-05,8e-05,0.00732,-0.00545,0.00108,-0.00267,0.00017,-6e-05,-4e-05,0.01149,0.00596,-0.00187,-0.00202,0.00021,0.00011,7e-05
3.64,0.09725,0.00244,0.00319,0.00525,-0.00033,0,0.00013,0.00116,9e-05,0.00055,1e-05,-1e-05,-9e-05,-0.0001,0.00017,2e-05,0.00055,0,-2e-05,8e-05,0.00746,-0.00643,0.00143,-0.00277,0.00016,-7e-05,-6e-05,0.0114,0.00512,-0.00164,-0.00222,0.0002,0.0001,7e-05
3.66,0.0976,0.00325,0.0022,0.00522,-0.00022,0,0.00024,0.00087,6e-05,0.00055,1e-05,-2e-05,-9e-05,1e-05,-0.00014,-1e-05,0.00064,0,-1e-05,9e-05,0.00783,-0.00788,0.00193,-0.00277,0.00017,-9e-05,-8e-05,0.01155,0.00376,-0.0012,-0.00234,0.00019,8e-05,5e-05
3.68,0.09895,0.00415,0.00099,0.00526,-9e-05,0,0.00038,0.00051,2e-05,0.00056,1e-05,-4e-05,-9e-05,0.00019,-0.00054,-4e-05,0.00078,0,1e-05,0.0001,0.00856,-0.00958,0.00258,-0.00272,0.00017,-0.00012,-0.00011,0.01206,0.0021,-0.00059,-0.0024,0.00018,5e-05,2e-05
3.7,0.10056,0.00437,0.00023,0.00534,-2e-05,-0,0.0005,0.00029,-1e-05,0.00059,1e-05,-5e-05,-9e-05,0.00033,-0.00079,-5e-05,0.00089,-0,2e-05,0.00011,0.00933,-0.0106,0.00304,-0.00262,0.00018,-0.00013,-0.00013,0.01272,0.00106,-0.00015,-0.00235,0.00019,3e-05,-0
3.72,0.10098,0.00366,0.00049,0.00535,-5e-05,-0,0.00052,0.00037,0,0.0006,1e-05,-5e-05,-0.0001,0.00031,-0.0007,-4e-05,0.00087,0,1e-05,0.00011,0.00956,-0.01023,0.00295,-0.00253,0.00019,-0.00013,-0.00012,0.01295,0.00136,-0.00021,-0.00226,0.00019,3e-05,-0
3.74,0.10081,0.0025,0.00126,0.00534,-0.00013,-0,0.00046,0.0006,3e-05,0.0006,1e-05,-3e-05,-0.0001,0.00019,-0.00046,-3e-05,0.00078,0,1e-05,0.0001,0.00946,-0.0091,0.0026,-0.00249,0.00019,-0.00012,-0.0001,0.01287,0.00243,-0.00053,-0.00221,0.00019,4e-05,2e-05
3.76,0.10084,0.00142,0.00198,0.00536,-0.00018,-0,0.00039,0.0008,5e-05,0.0006,2e-05,-2e-05,-0.0001,7e-05,-0.00023,-1e-05,0.00071,0,0,0.0001,0.00931,-0.00798,0.00227,-0.0025,0.00018,-0.00011,-9e-05,0.01272,0.00355,-0.00086,-0.00222,0.00019,6e-05,4e-05
3.78,0.1012,0.00072,0.00258,0.00542,-0.00021,0,0.00032,0.00095,7e-05,0.00059,2e-05,-1e-05,-9e-05,-3e-05,-6e-05,-0,0.00065,0,0,9e-05,0.00912,-0.00699,0.00197,-0.00251,0.00018,-0.0001,-7e-05,0.01251,0.00449,-0.00116,-0.00225,0.00019,7e-05,6e-05
3.8,0.10206,0.00093,0.00274,0.00554,-0.00021,0,0.00026,0.00096,7e-05,0.00058,2e-05,-1e-05,-9e-05,-0.0001,-3e-05,-1e-05,0.00063,0,0,9e-05,0.00891,-0.00666,0.00184,-0.00251,0.00017,-9e-05,-7e-05,0.01222,0.00489,-0.00128,-0.00229,0.00018,8e-05,7e-05
3.82,0.10319,0.00201,0.00242,0.00569,-0.0002,-0,0.00019,0.00085,7e-05,0.00057,2e-05,-2e-05,-9e-05,-0.00015,-0.00014,-2e-05,0.00066,0,1e-05,9e-05,0.00859,-0.00709,0.00191,-0.00253,0.00017,-0.0001,-7e-05,0.01179,0.00474,-0.00117,-0.00236,0.00018,7e-05,7e-05
3.84,0.10447,0.00339,0.00199,0.00587,-0.00019,-1e-05,0.00011,0.00071,7e-05,0.00057,2e-05,-2e-05,-0.0001,-0.00019,-0.00028,-5e-05,0.0007,-0,1e-05,0.0001,0.00827,-0.00774,0.00201,-0.00252,0.00017,-0.00011,-8e-05,0.01136,0.00438,-0.001,-0.00242,0.00017,7e-05,6e-05
3.86,0.106,0.00453,0.00169,0.00606,-0.00019,-2e-05,6e-05,0.00063,6e-05,0.00057,2e-05,-3e-05,-0.0001,-0.00021,-0.00037,-6e-05,0.00073,-0,2e-05,0.00011,0.00809,-0.00828,0.00206,-0.00245,0.00017,-0.00011,-9e-05,0.01106,0.00403,-0.00086,-0.00242,0.00017,6e-05,5e-05
3.88,0.10764,0.00556,0.00158,0.00626,-0.0002,-2e-05,2e-05,0.00061,6e-05,0.00059,2e-05,-3e-05,-0.0001,-0.00021,-0.00041,-7e-05,0.00076,-0,2e-05,0.00011,0.00795,-0.00866,0.00204,-0.00233,0.00017,-0.00011,-9e-05,0.01085,0.00383,-0.00077,-0.00238,0.00016,6e-05,4e-05
3.9,0.10934,0.00608,0.00169,0.00645,-0.00023,-3e-05,-0,0.00067,7e-05,0.00062,2e-05,-3e-05,-0.00011,-0.00021,-0.00038,-6e-05,0.00077,-0,2e-05,0.00011,0.00798,-0.00878,0.00196,-0.00218,0.00018,-0.00011,-8e-05,0.01079,0.00385,-0.00076,-0.0023,0.00017,6e-05,4e-05
3.92,0.11092,0.00565,0.00203,0.0066,-0.00025,-3e-05,-5e-05,0.00078,9e-05,0.00068,2e-05,-2e-05,-0.00011,-0.00021,-0.00028,-6e-05,0.00079,-0,1e-05,0.00012,0.00823,-0.00856,0.00188,-0.00209,0.00018,-0.00011,-8e-05,0.01088,0.00405,-0.00084,-0.00222,0.00017,6e-05,4e-05
3.94,0.11201,0.00496,0.00242,0.0067,-0.00027,-2e-05,-0.00012,0.0009,0.00011,0.00073,2e-05,-1e-05,-0.00012,-0.00024,-0.00016,-5e-05,0.0008,-0,1e-05,0.00012,0.00845,-0.00825,0.00181,-0.00206,0.00018,-0.0001,-8e-05,0.01098,0.00431,-0.00095,-0.00215,0.00017,7e-05,5e-05
3.96,0.11248,0.00455,0.00274,0.00674,-0.00027,-2e-05,-0.0002,0.00099,0.00013,0.00076,2e-05,-1e-05,-0.00012,-0.00028,-5e-05,-4e-05,0.00081,-0,0,0.00012,0.00848,-0.00802,0.00175,-0.00207,0.00018,-0.0001,-9e-05,0.01101,0.0045,-0.00106,-0.0021,0.00017,7e-05,5e-05
3.98,0.11231,0.00441,0.00296,0.00673,-0.00025,-2e-05,-0.00029,0.00104,0.00014,0.00078,2e-05,-0,-0.00012,-0.00034,3e-05,-3e-05,0.00081,-0,0,0.00012,0.00839,-0.00784,0.00172,-0.00214,0.00018,-0.0001,-9e-05,0.01099,0.00458,-0.00115,-0.00208,0.00017,8e-05,6e-05
4,0.11164,0.00425,0.00305,0.00665,-0.00022,-1e-05,-0.00038,0.00104,0.00016,0.0008,2e-05,-0,-0.00012,-0.00039,7e-05,-3e-05,0.00081,-0,0,0.00012,0.00822,-0.00773,0.0017,-0.00223,0.00018,-0.0001,-0.0001,0.01097,0.00453,-0.00121,-0.00208,0.00018,8e-05,6e-05
4.02,0.1107,0.00359,0.00305,0.00653,-0.00016,-0,-0.00041,0.001,0.00016,0.00082,2e-05,-0,-0.00012,-0.00043,9e-05,-4e-05,0.00081,-0,0,0.00012,0.00814,-0.00769,0.00169,-0.00229,0.00018,-0.0001,-0.0001,0.01106,0.00445,-0.00122,-0.00207,0.00019,8e-05,6e-05
4.04,0.10954,0.00253,0.00304,0.00638,-0.0001,0,-0.0004,0.00095,0.00016,0.00085,2e-05,0,-0.00012,-0.00045,0.00012,-3e-05,0.00081,-0,0,0.00011,0.00818,-0.0076,0.00167,-0.0023,0.00018,-0.0001,-0.00011,0.01122,0.0044,-0.00123,-0.00205,0.0002,8e-05,5e-05
4.06,0.1082,0.00135,0.00304,0.0062,-7e-05,1e-05,-0.00035,0.00092,0.00015,0.00089,1e-05,0,-0.00012,-0.00045,0.00017,-3e-05,0.00082,0,0,0.00011,0.00833,-0.00741,0.00165,-0.00228,0.00019,-0.0001,-0.00011,0.01139,0.00438,-0.00124,-0.002,0.00021,7e-05,4e-05
4.08,0.10677,-0.00015,0.00307,0.00602,-5e-05,1e-05,-0.00026,0.00089,0.00015,0.00094,1e-05,0,-0.00012,-0.00045,0.00024,-1e-05,0.00082,0,-0,0.00011,0.00864,-0.00714,0.00162,-0.00221,0.00021,-0.0001,-0.00012,0.01163,0.00443,-0.00125,-0.00193,0.00022,6e-05,3e-05
4.1,0.10529,-0.00154,0.00308,0.00583,-5e-05,2e-05,-0.00015,0.00086,0.00013,0.00099,1e-05,-0,-0.00012,-0.00042,0.0003,0,0.00083,0,-0,0.00011,0.00896,-0.00691,0.0016,-0.00211,0.00023,-0.00011,-0.00013,0.01186,0.00446,-0.00125,-0.00185,0.00024,4e-05,2e-05
4.12,0.10382,-0.00231,0.00295,0.00564,-5e-05,2e-05,-5e-05,0.00082,0.00012,0.00103,1e-05,-0,-0.00013,-0.00037,0.00034,1e-05,0.00084,1e-05,-0,0.00011,0.0091,-0.00691,0.0016,-0.002,0.00026,-0.00012,-0.00015,0.01195,0.00429,-0.00122,-0.00179,0.00026,2e-05,-0
4.14,0.10233,-0.00282,0.00275,0.00546,-6e-05,2e-05,5e-05,0.00076,0.0001,0.00107,1e-05,-0,-0.00013,-0.00032,0.00034,2e-05,0.00086,1e-05,-0,0.00011,0.00914,-0.00708,0.00163,-0.00188,0.00029,-0.00013,-0.00018,0.01198,0.00399,-0.00116,-0.00174,0.00029,-1e-05,-2e-05
4.16,0.10086,-0.00336,0.00254,0.00528,-7e-05,2e-05,0.00013,0.00069,8e-05,0.0011,1e-05,-1e-05,-0.00013,-0.00026,0.00035,3e-05,0.00088,1e-05,0,0.00011,0.00922,-0.0073,0.00167,-0.00177,0.00033,-0.00015,-0.00021,0.01205,0.0037,-0.00107,-0.00169,0.00031,-4e-05,-5e-05
4.18,0.09946,-0.00378,0.00233,0.00511,-8e-05,2e-05,0.00019,0.00063,7e-05,0.00113,1e-05,-1e-05,-0.00013,-0.0002,0.00034,4e-05,0.0009,1e-05,0,0.00011,0.00926,-0.00757,0.0017,-0.00166,0.00037,-0.00017,-0.00023,0.01211,0.00341,-0.00098,-0.00163,0.00034,-8e-05,-8e-05
4.2,0.09819,-0.00414,0.00212,0.00495,-8e-05,2e-05,0.00025,0.00056,5e-05,0.00115,1e-05,-1e-05,-0.00013,-0.00015,0.00033,4e-05,0.00093,1e-05,0,0.00012,0.00929,-0.00785,0.00174,-0.00156,0.00041,-0.00018,-0.00025,0.01217,0.00314,-0.00089,-0.00159,0.00037,-0.00011,-0.00011
4.22,0.09708,-0.00454,0.00189,0.00481,-8e-05,2e-05,0.0003,0.0005,4e-05,0.00119,0,-1e-05,-0.00014,-8e-05,0.00032,5e-05,0.00097,1e-05,1e-05,0.00012,0.00934,-0.00809,0.00181,-0.00152,0.00044,-0.0002,-0.00026,0.01225,0.00288,-0.0008,-0.00156,0.00039,-0.00014,-0.00013
4.24,0.09612,-0.00495,0.00168,0.00468,-9e-05,2e-05,0.00035,0.00045,2e-05,0.00123,0,-0,-0.00014,-1e-05,0.00031,5e-05,0.00101,1e-05,1e-05,0.00012,0.00938,-0.00829,0.00188,-0.00152,0.00045,-0.00022,-0.00026,0.01232,0.00268,-0.00073,-0.00155,0.0004,-0.00015,-0.00014
4.26,0.09527,-0.00534,0.00154,0.00457,-0.0001,2e-05,0.00039,0.00042,2e-05,0.00127,0,0,-0.00014,4e-05,0.00031,6e-05,0.00105,2e-05,1e-05,0.00013,0.00936,-0.00843,0.00194,-0.00155,0.00044,-0.00023,-0.00022,0.01234,0.0026,-0.00068,-0.00157,0.00039,-0.00014,-0.00013
4.28,0.09452,-0.00577,0.00144,0.00446,-0.0001,2e-05,0.00041,0.0004,2e-05,0.00131,-0,0,-0.00015,8e-05,0.00032,6e-05,0.00109,2e-05,1e-05,0.00013,0.00897,-0.00789,0.00183,-0.00144,0.0003,-0.00017,-0.00011,0.01232,0.00263,-0.00067,-0.00164,0.00035,-0.0001,-0.0001
4.3,0.09383,-0.00606,0.00142,0.00437,-0.00011,1e-05,0.00042,0.00039,2e-05,0.00136,-0,1e-05,-0.00015,0.00011,0.00035,7e-05,0.00113,2e-05,1e-05,0.00014,0.00789,-0.00626,0.00139,-0.00103,-4e-05,-1e-05,0.00013,0.01219,0.00281,-0.00071,-0.00175,0.00026,-1e-05,-3e-05
4.32,0.09321,-0.00588,0.00145,0.00429,-0.00011,2e-05,0.00045,0.0004,3e-05,0.00139,-0,1e-05,-0.00016,0.00014,0.00038,8e-05,0.00116,2e-05,1e-05,0.00014,0.00627,-0.00392,0.00078,-0.0005,-0.00056,0.00023,0.00048,0.01132,0.00288,-0.00073,-0.0017,1e-05,9e-05,6e-05
4.34,0.09265,-0.00541,0.00146,0.00423,-9e-05,2e-05,0.00047,0.00039,3e-05,0.00143,-0,2e-05,-0.00016,0.00016,0.0004,8e-05,0.00119,2e-05,1e-05,0.00015,0.0041,-0.00084,5e-05,3e-05,-0.00127,0.00057,0.00095,0.00905,0.00248,-0.00061,-0.00124,-0.00056,0.00018,0.00016
4.36,0.09211,-0.00483,0.00145,0.00418,-6e-05,2e-05,0.00048,0.00036,2e-05,0.00147,-1e-05,2e-05,-0.00016,0.00019,0.00041,9e-05,0.00123,2e-05,2e-05,0.00015,0.00143,0.00304,-0.00079,0.00053,-0.00221,0.00101,0.00155,0.006,0.00185,-0.00043,-0.00062,-0.00136,0.0003,0.00029
4.38,0.09158,-0.00406,0.00139,0.00414,-3e-05,2e-05,0.00048,0.00033,2e-05,0.0015,-1e-05,2e-05,-0.00017,0.00021,0.00042,9e-05,0.00127,2e-05,2e-05,0.00015,-0.00181,0.00769,-0.00169,0.00088,-0.00338,0.00157,0.00227,0.00204,0.00093,-0.00016,0.00013,-0.00243,0.00045,0.00045
4.4,0.09088,-0.00327,0.00132,0.00409,2e-05,3e-05,0.00047,0.00028,1e-05,0.00152,-1e-05,2e-05,-0.00017,0.00024,0.00042,9e-05,0.00131,2e-05,2e-05,0.00016,-0.00538,0.013,-0.00263,0.00111,-0.00475,0.00223,0.0031,-0.00276,-0.00019,0.00017,0.00108,-0.00376,0.00063,0.00066
4.42,0.08981,-0.00265,0.00125,0.00403,6e-05,3e-05,0.00045,0.00022,1e-05,0.00155,-1e-05,2e-05,-0.00017,0.00025,0.00041,0.0001,0.00135,2e-05,2e-05,0.00016,-0.00865,0.01874,-0.00361,0.00143,-0.00626,0.00292,0.00399,-0.00804,-0.00137,0.0005,0.00248,-0.00528,0.00088,0.00094
4.44,0.08845,-0.00206,0.00118,0.00396,0.00011,3e-05,0.00041,0.00016,-0,0.00157,-1e-05,2e-05,-0.00017,0.00025,0.0004,0.0001,0.00138,2e-05,2e-05,0.00017,-0.0114,0.02441,-0.00453,0.00172,-0.00779,0.00361,0.00489,-0.01347,-0.00259,0.00081,0.00436,-0.00693,0.00117,0.00128
4.46,0.08687,-0.00142,0.00107,0.00387,0.00016,4e-05,0.00037,9e-05,-1e-05,0.00158,-1e-05,2e-05,-0.00017,0.00025,0.00039,0.0001,0.00141,2e-05,3e-05,0.00017,-0.01364,0.02946,-0.00524,0.00172,-0.00925,0.00425,0.00571,-0.01879,-0.00383,0.00113,0.00649,-0.00863,0.00148,0.00165
4.48,0.08503,-0.00082,0.00091,0.00376,0.0002,4e-05,0.00032,1e-05,-2e-05,0.00159,-1e-05,2e-05,-0.00018,0.00026,0.00036,9e-05,0.00144,3e-05,3e-05,0.00017,-0.01517,0.03361,-0.00572,0.0015,-0.01056,0.00478,0.0064,-0.02354,-0.005,0.00138,0.00881,-0.01024,0.00182,0.00204
4.5,0.08286,-0.00028,0.00071,0.00363,0.00023,4e-05,0.00026,-8e-05,-4e-05,0.00159,-1e-05,2e-05,-0.00017,0.00027,0.00034,9e-05,0.00146,3e-05,3e-05,0.00018,-0.016,0.03674,-0.006,0.00123,-0.01164,0.00521,0.00696,-0.02732,-0.006,0.00164,0.01128,-0.01167,0.00209,0.00238
4.52,0.08026,0.00019,0.00047,0.00347,0.00025,4e-05,0.00023,-0.00017,-6e-05,0.00158,-2e-05,2e-05,-0.00017,0.00028,0.00032,0.0001,0.0015,3e-05,3e-05,0.00018,-0.01623,0.03889,-0.00614,0.00104,-0.01245,0.00555,0.00741,-0.02995,-0.00673,0.00205,0.01386,-0.01297,0.00221,0.00259
4.54,0.0773,0.00058,0.00021,0.00328,0.00025,4e-05,0.00019,-0.00027,-8e-05,0.00157,-2e-05,2e-05,-0.00017,0.0003,0.00031,0.0001,0.00153,3e-05,3e-05,0.00018,-0.01593,0.04012,-0.00614,0.00093,-0.013,0.00578,0.00774,-0.03148,-0.00721,0.00249,0.01648,-0.01407,0.00221,0.0027
4.56,0.07408,0.00091,-7e-05,0.00308,0.00024,3e-05,0.00016,-0.00036,-0.00011,0.00155,-2e-05,2e-05,-0.00017,0.00033,0.0003,0.00011,0.00155,3e-05,3e-05,0.00018,-0.01518,0.04053,-0.00601,0.00084,-0.01333,0.00591,0.00795,-0.03211,-0.00752,0.00284,0.019,-0.01491,0.00217,0.00276
4.58,0.07059,0.00117,-0.00034,0.00285,0.00023,3e-05,0.00012,-0.00045,-0.00013,0.00152,-2e-05,1e-05,-0.00016,0.00037,0.00029,0.00012,0.00157,4e-05,3e-05,0.00018,-0.0141,0.04024,-0.00575,0.00068,-0.01348,0.00591,0.00803,-0.03207,-0.00769,0.00316,0.02141,-0.01555,0.00206,0.00272
4.6,0.06682,0.00146,-0.00059,0.00261,0.00021,2e-05,0.00011,-0.00053,-0.00015,0.00149,-2e-05,1e-05,-0.00016,0.00043,0.00028,0.00014,0.00158,4e-05,3e-05,0.00018,-0.01271,0.03927,-0.00546,0.00079,-0.01339,0.00588,0.00804,-0.03124,-0.00778,0.0034,0.02385,-0.01597,0.0019,0.0026
4.62,0.06269,0.00186,-0.00081,0.00237,0.00019,2e-05,0.00012,-0.0006,-0.00018,0.00147,-3e-05,1e-05,-0.00016,0.00053,0.0003,0.00017,0.00159,4e-05,3e-05,0.00018,-0.01102,0.03759,-0.00517,0.00153,-0.01297,0.00592,0.00807,-0.02937,-0.0079,0.00351,0.02653,-0.01617,0.00174,0.00242
4.64,0.05832,0.00239,-0.001,0.00211,0.00019,2e-05,0.00016,-0.00067,-0.00022,0.00144,-3e-05,0,-0.00015,0.00064,0.00032,0.00021,0.00159,5e-05,2e-05,0.00018,-0.00921,0.03531,-0.00482,0.00242,-0.01233,0.00591,0.00801,-0.02686,-0.00806,0.00354,0.02939,-0.01621,0.00155,0.00214
4.66,0.05378,0.00302,-0.00114,0.00185,0.00019,2e-05,0.00023,-0.00072,-0.00025,0.00141,-3e-05,0,-0.00015,0.00076,0.00033,0.00026,0.0016,5e-05,1e-05,0.00017,-0.00735,0.03253,-0.00437,0.0031,-0.01156,0.00577,0.00781,-0.02409,-0.00831,0.00353,0.03242,-0.01615,0.00129,0.0017
4.68,0.04906,0.00384,-0.00124,0.00157,0.00021,2e-05,0.00033,-0.00076,-0.00029,0.00139,-4e-05,-0,-0.00014,0.00089,0.00034,0.0003,0.0016,5e-05,1e-05,0.00017,-0.00549,0.02924,-0.00381,0.00366,-0.01062,0.00556,0.00747,-0.02097,-0.00877,0.00346,0.03585,-0.01597,0.00099,0.00111
4.7,0.04429,0.00472,-0.0013,0.00129,0.00024,2e-05,0.00046,-0.00079,-0.00033,0.00137,-4e-05,-1e-05,-0.00014,0.00102,0.00034,0.00035,0.0016,6e-05,-0,0.00017,-0.0036,0.0255,-0.00326,0.00402,-0.00954,0.00519,0.00698,-0.01749,-0.00934,0.00332,0.03954,-0.01573,0.00063,0.00033
4.72,0.03955,0.0055,-0.00132,0.00102,0.00027,2e-05,0.0006,-0.00083,-0.00039,0.00135,-5e-05,-2e-05,-0.00014,0.00116,0.00034,0.0004,0.0016,6e-05,-1e-05,0.00017,-0.00164,0.02146,-0.0028,0.00411,-0.00837,0.00459,0.00632,-0.01366,-0.00982,0.00302,0.04328,-0.0155,0.00017,-0.00067
4.74,0.03483,0.00627,-0.00129,0.00075,0.00032,3e-05,0.00077,-0.00085,-0.00045,0.00134,-5e-05,-2e-05,-0.00013,0.00129,0.00033,0.00045,0.0016,6e-05,-1e-05,0.00016,0.00024,0.01705,-0.00232,0.00394,-0.0071,0.0039,0.00552,-0.00941,-0.01028,0.00253,0.04733,-0.01522,-0.00031,-0.00183
4.76,0.0301,0.00713,-0.00124,0.00049,0.00036,4e-05,0.00097,-0.00087,-0.00052,0.00134,-5e-05,-3e-05,-0.00013,0.00142,0.00031,0.00049,0.0016,6e-05,-2e-05,0.00016,0.00188,0.01233,-0.00174,0.0035,-0.00574,0.00319,0.00463,-0.0047,-0.0108,0.00189,0.05184,-0.01485,-0.00076,-0.00308
4.78,0.0253,0.00801,-0.00115,0.00023,0.00041,4e-05,0.00118,-0.00089,-0.00059,0.00133,-6e-05,-4e-05,-0.00013,0.00154,0.00029,0.00053,0.00161,6e-05,-2e-05,0.00016,0.00321,0.00755,-0.00108,0.00279,-0.00438,0.0025,0.00369,0.00048,-0.01116,0.00109,0.05667,-0.01443,-0.00117,-0.00435
4.8,0.02083,0.00887,-0.00103,-0,0.00045,5e-05,0.0014,-0.00091,-0.00067,0.00133,-6e-05,-4e-05,-0.00013,0.00166,0.00026,0.00057,0.00161,7e-05,-3e-05,0.00016,0.0042,0.00295,-0.00044,0.0019,-0.00311,0.00185,0.00278,0.00604,-0.01133,0.00018,0.06131,-0.01401,-0.00151,-0.00556
4.82,0.01707,0.00964,-0.00089,-0.0002,0.0005,6e-05,0.00163,-0.00094,-0.00076,0.00133,-7e-05,-5e-05,-0.00013,0.00176,0.00025,0.00062,0.00161,7e-05,-3e-05,0.00016,0.00498,-0.00117,0.00014,0.00093,-0.002,0.00127,0.00194,0.01196,-0.01142,-0.00075,0.06523,-0.01365,-0.00176,-0.00661
4.84,0.01374,0.0103,-0.00072,-0.00038,0.00055,7e-05,0.00186,-0.00097,-0.00085,0.00133,-7e-05,-7e-05,-0.00013,0.00184,0.00025,0.00066,0.00162,7e-05,-4e-05,0.00015,0.00555,-0.00462,0.00075,-0.00013,-0.00108,0.0008,0.00123,0.0181,-0.01133,-0.00164,0.06858,-0.01334,-0.00194,-0.0075
4.86,0.01052,0.01091,-0.00054,-0.00054,0.00059,7e-05,0.00209,-0.00101,-0.00095,0.00134,-8e-05,-8e-05,-0.00013,0.00191,0.00026,0.0007,0.00162,7e-05,-5e-05,0.00015,0.00583,-0.00738,0.00135,-0.00117,-0.00037,0.00046,0.00066,0.02435,-0.01099,-0.00249,0.07157,-0.01306,-0.00206,-0.00819
4.88,0.00739,0.01148,-0.00035,-0.00068,0.00062,8e-05,0.00229,-0.00105,-0.00104,0.00136,-8e-05,-9e-05,-0.00013,0.00196,0.00028,0.00073,0.00163,8e-05,-5e-05,0.00015,0.00601,-0.00868,0.00166,-0.0016,7e-05,0.00026,0.00028,0.03084,-0.01032,-0.00332,0.07403,-0.01283,-0.00214,-0.0087
4.9,0.00482,0.01197,-0.00015,-0.00078,0.00066,9e-05,0.00248,-0.0011,-0.00113,0.00138,-9e-05,-0.0001,-0.00014,0.002,0.0003,0.00077,0.00164,8e-05,-6e-05,0.00016,0.00615,-0.00893,0.00171,-0.00143,0.0003,0.00017,7e-05,0.03678,-0.00977,-0.00393,0.07593,-0.01264,-0.0022,-0.00904
4.92,0.00331,0.01236,4e-05,-0.00084,0.00069,0.0001,0.00264,-0.00113,-0.0012,0.00142,-9e-05,-0.0001,-0.00014,0.00204,0.00032,0.00079,0.00166,8e-05,-6e-05,0.00016,0.00611,-0.00924,0.00182,-0.00134,0.00043,7e-05,-8e-05,0.04123,-0.00987,-0.00411,0.07726,-0.01247,-0.00229,-0.00927
4.94,0.00239,0.01268,0.00022,-0.00087,0.00073,0.0001,0.00279,-0.00116,-0.00125,0.00146,-0.0001,-0.00011,-0.00015,0.00207,0.00035,0.00081,0.00168,8e-05,-6e-05,0.00016,0.00587,-0.00958,0.00201,-0.00141,0.00046,-8e-05,-0.0002,0.04483,-0.01025,-0.00404,0.07794,-0.01232,-0.00243,-0.00937
4.96,0.00157,0.01299,0.00039,-0.00089,0.00076,0.00011,0.00291,-0.00119,-0.0013,0.0015,-0.0001,-0.00011,-0.00015,0.0021,0.0004,0.00083,0.00171,8e-05,-6e-05,0.00017,0.0054,-0.00994,0.00228,-0.00169,0.0004,-0.0003,-0.00028,0.04816,-0.01051,-0.00387,0.07793,-0.0122,-0.00262,-0.00934
4.98,0.00085,0.01326,0.00055,-0.00089,0.00079,0.00011,0.003,-0.00123,-0.00134,0.00155,-0.0001,-0.00012,-0.00016,0.00211,0.00046,0.00086,0.00175,9e-05,-6e-05,0.00017,0.00478,-0.0094,0.0023,-0.00143,0.00015,-0.00052,-0.00028,0.05096,-0.01069,-0.00359,0.07718,-0.0121,-0.00288,-0.00921
5,0.00059,0.01343,0.00068,-0.00087,0.00082,0.00012,0.00308,-0.00127,-0.00137,0.0016,-0.00011,-0.00012,-0.00017,0.00213,0.00053,0.00088,0.00179,9e-05,-6e-05,0.00018,0.00381,-0.00741,0.00181,-0.00012,-0.00037,-0.00071,-0.00015,0.05283,-0.01127,-0.00309,0.07553,-0.01201,-0.00326,-0.00898
5.02,0.00113,0.01337,0.00078,-0.00082,0.00084,0.00012,0.00314,-0.00128,-0.00139,0.00166,-0.00011,-0.00012,-0.00017,0.00215,0.00058,0.0009,0.00183,9e-05,-7e-05,0.00018,0.0021,-0.00477,0.00117,0.00136,-0.00113,-0.00097,4e-05,0.05341,-0.01267,-0.00234,0.0728,-0.01194,-0.00377,-0.00869
5.04,0.00206,0.01317,0.00084,-0.00075,0.00084,0.00012,0.00319,-0.00128,-0.0014,0.00172,-0.00011,-0.00012,-0.00018,0.00218,0.00064,0.00092,0.00188,9e-05,-7e-05,0.00019,-0.0006,-0.00143,0.00047,0.00268,-0.00213,-0.0013,0.00027,0.05295,-0.01437,-0.00143,0.06911,-0.01188,-0.00439,-0.00833
5.06,0.00296,0.01288,0.00088,-0.00069,0.00085,0.00012,0.00323,-0.00129,-0.0014,0.00178,-0.00011,-0.00011,-0.00019,0.00222,0.00071,0.00095,0.00193,0.0001,-7e-05,0.0002,-0.0043,0.00246,-0.00024,0.00376,-0.00338,-0.00171,0.00053,0.05171,-0.01588,-0.00049,0.06459,-0.01183,-0.0051,-0.00788
5.08,0.00391,0.01248,0.0009,-0.00062,0.00084,0.00012,0.00324,-0.00129,-0.0014,0.00183,-0.00012,-0.00011,-0.0002,0.00227,0.00078,0.00098,0.00198,0.0001,-7e-05,0.0002,-0.00929,0.00675,-0.00085,0.00419,-0.00485,-0.00218,0.00081,0.04961,-0.01713,0.00043,0.05935,-0.01178,-0.00587,-0.00738
5.1,0.00494,0.01189,0.00089,-0.00056,0.00082,0.00012,0.00324,-0.0013,-0.00139,0.00188,-0.00012,-0.00011,-0.0002,0.00232,0.00087,0.00102,0.00203,0.0001,-7e-05,0.00021,-0.01503,0.0111,-0.00134,0.00418,-0.00645,-0.00269,0.00108,0.04702,-0.01854,0.00138,0.05382,-0.01173,-0.00665,-0.00688
5.12,0.00607,0.01106,0.00087,-0.00049,0.00079,0.00011,0.00323,-0.00129,-0.00137,0.00192,-0.00012,-0.00011,-0.00021,0.00236,0.00095,0.00104,0.00208,0.00011,-7e-05,0.00022,-0.02012,0.01502,-0.00183,0.00459,-0.00802,-0.00314,0.00132,0.04435,-0.0204,0.00235,0.04846,-0.01166,-0.00737,-0.00644
5.14,0.00721,0.01001,0.00084,-0.00042,0.00074,0.00011,0.00321,-0.00127,-0.00135,0.00196,-0.00013,-0.0001,-0.00021,0.00239,0.00103,0.00107,0.00212,0.00011,-7e-05,0.00023,-0.0245,0.0183,-0.00225,0.00521,-0.00949,-0.00352,0.00152,0.04171,-0.02208,0.00318,0.04345,-0.01159,-0.00796,-0.00607
5.16,0.00825,0.00877,0.0008,-0.00037,0.00067,0.0001,0.00317,-0.00124,-0.00133,0.00199,-0.00013,-0.0001,-0.00022,0.00243,0.00112,0.0011,0.00214,0.00012,-7e-05,0.00023,-0.02873,0.02091,-0.00251,0.00546,-0.01085,-0.00382,0.00169,0.0392,-0.02319,0.00376,0.03887,-0.01151,-0.0084,-0.00574
5.18,0.00919,0.00732,0.00076,-0.00032,0.00059,9e-05,0.00313,-0.0012,-0.0013,0.00202,-0.00013,-9e-05,-0.00022,0.00246,0.00122,0.00112,0.00216,0.00013,-7e-05,0.00024,-0.03291,0.02292,-0.00255,0.00518,-0.01208,-0.00405,0.00183,0.03688,-0.02378,0.0041,0.03479,-0.01139,-0.00868,-0.00546
5.2,0.00996,0.00563,0.00073,-0.00029,0.00049,7e-05,0.00308,-0.00115,-0.00127,0.00204,-0.00013,-9e-05,-0.00022,0.00248,0.00131,0.00115,0.00216,0.00013,-6e-05,0.00024,-0.03576,0.0242,-0.00263,0.00564,-0.01312,-0.00411,0.002,0.03492,-0.02413,0.00434,0.03135,-0.01121,-0.00878,-0.00524
5.22,0.01042,0.00369,0.00071,-0.00027,0.00036,5e-05,0.00303,-0.00109,-0.00123,0.00204,-0.00013,-9e-05,-0.00022,0.00248,0.00141,0.00118,0.00214,0.00013,-7e-05,0.00024,-0.03542,0.02463,-0.00313,0.00875,-0.0139,-0.00389,0.00227,0.03341,-0.02445,0.00461,0.02848,-0.01099,-0.00867,-0.00507
5.24,0.01067,0.00153,0.00072,-0.00026,0.00022,4e-05,0.00297,-0.00101,-0.0012,0.00205,-0.00013,-8e-05,-0.00022,0.00247,0.00152,0.0012,0.00211,0.00013,-7e-05,0.00024,-0.03335,0.02472,-0.00372,0.01319,-0.01447,-0.00347,0.00263,0.03197,-0.02434,0.00479,0.02594,-0.01068,-0.00837,-0.00492
5.26,0.01075,-0.00081,0.00073,-0.00026,6e-05,1e-05,0.00291,-0.00092,-0.00116,0.00204,-0.00013,-8e-05,-0.00022,0.00245,0.00162,0.00122,0.00206,0.00013,-7e-05,0.00023,-0.03117,0.02486,-0.00414,0.01751,-0.01489,-0.00298,0.00305,0.03034,-0.0235,0.00479,0.02355,-0.01023,-0.00793,-0.00472
5.28,0.01059,-0.00329,0.00076,-0.00028,-0.00011,-1e-05,0.00285,-0.0008,-0.00111,0.00203,-0.00013,-8e-05,-0.00021,0.00241,0.00171,0.00124,0.002,0.00013,-7e-05,0.00022,-0.02832,0.0251,-0.00457,0.02254,-0.01517,-0.00231,0.00361,0.02847,-0.02202,0.00457,0.021,-0.00969,-0.00734,-0.00445
5.3,0.01035,-0.00586,0.0008,-0.0003,-0.00029,-3e-05,0.0028,-0.00068,-0.00107,0.00202,-0.00013,-7e-05,-0.00021,0.00238,0.0018,0.00125,0.00192,0.00013,-7e-05,0.00022,-0.02498,0.02551,-0.00476,0.02769,-0.01525,-0.00166,0.0042,0.02606,-0.01969,0.00431,0.01877,-0.0089,-0.00664,-0.00414
5.32,0.01017,-0.00844,0.00083,-0.00032,-0.00046,-6e-05,0.00274,-0.00056,-0.00103,0.002,-0.00012,-7e-05,-0.00021,0.00235,0.0019,0.00127,0.00184,0.00012,-8e-05,0.00021,-0.02133,0.02594,-0.00442,0.03201,-0.01514,-0.0012,0.00465,0.02304,-0.01642,0.00418,0.01721,-0.00778,-0.00585,-0.00382
5.34,0.00996,-0.01097,0.00086,-0.00034,-0.00063,-8e-05,0.00269,-0.00045,-0.001,0.00198,-0.00012,-7e-05,-0.0002,0.00232,0.00198,0.00129,0.00174,0.00011,-8e-05,0.00019,-0.01735,0.02645,-0.00395,0.03621,-0.01495,-0.00072,0.00516,0.01968,-0.01257,0.00388,0.01541,-0.00651,-0.00498,-0.00343
5.36,0.0096,-0.01339,0.00086,-0.00036,-0.00079,-0.0001,0.00265,-0.00033,-0.00097,0.00196,-0.00011,-7e-05,-0.0002,0.00232,0.00206,0.00132,0.00165,0.00011,-9e-05,0.00018,-0.01301,0.02694,-0.00356,0.04082,-0.01474,-0.00011,0.00579,0.01617,-0.00842,0.00324,0.01302,-0.00525,-0.00406,-0.00294
5.38,0.00904,-0.01566,0.00085,-0.00038,-0.00094,-0.00012,0.00263,-0.00021,-0.00094,0.00193,-0.00011,-7e-05,-0.00019,0.00233,0.00213,0.00134,0.00155,0.0001,-9e-05,0.00017,-0.00818,0.02718,-0.00312,0.04545,-0.01451,0.0005,0.00646,0.01268,-0.00423,0.00239,0.01031,-0.00403,-0.00314,-0.00241
5.4,0.00868,-0.01765,0.00083,-0.0004,-0.00107,-0.00014,0.00262,-0.00011,-0.00093,0.0019,-0.00011,-7e-05,-0.00019,0.00235,0.00219,0.00137,0.00146,9e-05,-0.0001,0.00016,-0.00372,0.02727,-0.00272,0.04975,-0.01431,0.00112,0.00715,0.00929,-0.00024,0.00139,0.00745,-0.00291,-0.00229,-0.00185
5.42,0.009,-0.01929,0.0008,-0.00038,-0.00117,-0.00016,0.00259,-4e-05,-0.00092,0.00188,-0.00011,-7e-05,-0.00018,0.00234,0.00224,0.00138,0.00139,9e-05,-0.0001,0.00016,-0.00054,0.02738,-0.00242,0.05354,-0.01416,0.00173,0.00783,0.00632,0.00309,0.00037,0.00464,-0.00195,-0.00158,-0.00131
5.44,0.0096,-0.02061,0.00077,-0.00036,-0.00125,-0.00017,0.00256,0,-0.00091,0.00185,-0.00011,-8e-05,-0.00018,0.00234,0.00228,0.00138,0.00134,9e-05,-0.0001,0.00015,0.00206,0.02721,-0.0021,0.0568,-0.01402,0.00224,0.00842,0.00402,0.00548,-0.00053,0.00207,-0.00118,-0.001,-0.00085
5.46,0.01011,-0.02169,0.00074,-0.00033,-0.00131,-0.00018,0.00255,3e-05,-0.00091,0.00183,-0.0001,-8e-05,-0.00018,0.00235,0.00232,0.00139,0.00129,9e-05,-0.0001,0.00015,0.00482,0.02652,-0.00169,0.05971,-0.01387,0.00261,0.00887,0.00233,0.00709,-0.00128,-0.00015,-0.00059,-0.00055,-0.00046
5.48,0.01059,-0.02259,0.00072,-0.0003,-0.00135,-0.00019,0.00256,4e-05,-0.00093,0.00181,-0.00011,-8e-05,-0.00017,0.00237,0.00235,0.00141,0.00125,9e-05,-0.0001,0.00014,0.00772,0.02525,-0.0012,0.06245,-0.01371,0.00285,0.00919,0.00123,0.008,-0.00185,-0.00203,-0.00017,-0.00021,-0.00017
5.5,0.01129,-0.0232,0.00073,-0.00025,-0.00138,-0.00019,0.00257,4e-05,-0.00094,0.00181,-0.00011,-8e-05,-0.00017,0.00238,0.00238,0.00142,0.00123,9e-05,-0.0001,0.00014,0.01005,0.02402,-0.00073,0.06445,-0.01359,0.00301,0.00942,0.00093,0.00812,-0.00206,-0.00296,0.00012,-1e-05,1e-05
5.52,0.01244,-0.02343,0.00076,-0.00017,-0.00139,-0.00019,0.0026,7e-05,-0.00093,0.00181,-0.00011,-8e-05,-0.00017,0.00235,0.0024,0.00141,0.00124,9e-05,-0.0001,0.00014,0.01103,0.02357,-0.00043,0.06502,-0.01359,0.00312,0.00958,0.00126,0.00758,-0.00186,-0.00278,0.00031,7e-05,9e-05
5.54,0.01378,-0.02351,0.00083,-8e-05,-0.00139,-0.00019,0.00264,0.0001,-0.00093,0.00183,-0.00011,-8e-05,-0.00018,0.00231,0.00242,0.0014,0.00126,9e-05,-0.0001,0.00014,0.01145,0.02338,-0.0002,0.06492,-0.01364,0.00318,0.00968,0.00151,0.00707,-0.00164,-0.00272,0.00044,0.0001,0.00012
5.56,0.01505,-0.02363,0.00093,1e-05,-0.0014,-0.00019,0.00268,0.00013,-0.00093,0.00185,-0.00011,-8e-05,-0.00018,0.00228,0.00243,0.00139,0.00128,9e-05,-0.0001,0.00015,0.01206,0.02292,7e-05,0.06487,-0.01368,0.00319,0.00972,0.00175,0.00662,-0.00145,-0.00282,0.00051,0.00011,0.00013
5.58,0.01631,-0.02381,0.00107,0.0001,-0.00142,-0.00019,0.00274,0.00016,-0.00093,0.00187,-0.00011,-8e-05,-0.00018,0.00225,0.00245,0.00139,0.00131,9e-05,-0.0001,0.00015,0.01264,0.02229,0.00037,0.06472,-0.01372,0.00315,0.00971,0.00197,0.00625,-0.00129,-0.00304,0.00054,9e-05,0.00012
5.6,0.01769,-0.02396,0.00124,0.0002,-0.00143,-0.00018,0.0028,0.00019,-0.00093,0.0019,-0.00011,-8e-05,-0.00019,0.00222,0.00247,0.0014,0.00135,9e-05,-0.0001,0.00016,0.01311,0.02197,0.00057,0.06435,-0.01378,0.00311,0.0097,0.00213,0.00601,-0.00117,-0.00332,0.00054,5e-05,0.0001
5.62,0.01931,-0.02399,0.00143,0.00031,-0.00145,-0.00018,0.00286,0.00023,-0.00093,0.00193,-0.00011,-8e-05,-0.00019,0.00219,0.0025,0.00141,0.00137,9e-05,-0.0001,0.00016,0.01342,0.02242,0.00058,0.06361,-0.01386,0.00309,0.00969,0.00216,0.00593,-0.0011,-0.00361,0.00052,1e-05,9e-05
5.64,0.02109,-0.02404,0.00164,0.00043,-0.00147,-0.00018,0.00291,0.00026,-0.00092,0.00197,-0.00011,-7e-05,-0.0002,0.00216,0.00254,0.00142,0.00139,9e-05,-0.0001,0.00017,0.01362,0.0232,0.00049,0.06267,-0.01395,0.00309,0.00967,0.0021,0.00597,-0.00108,-0.00389,0.00048,-2e-05,8e-05
5.66,0.02293,-0.02421,0.00188,0.00055,-0.00151,-0.00017,0.00297,0.00032,-0.00092,0.002,-0.00011,-7e-05,-0.0002,0.00212,0.00259,0.00144,0.0014,9e-05,-0.0001,0.00017,0.0138,0.02388,0.0004,0.06166,-0.01404,0.0031,0.00963,0.00202,0.00615,-0.00111,-0.00418,0.00042,-3e-05,8e-05
5.68,0.02489,-0.02447,0.00215,0.00069,-0.00155,-0.00017,0.00302,0.00039,-0.00091,0.00204,-0.00011,-7e-05,-0.00021,0.00208,0.00265,0.00146,0.00142,9e-05,-0.00011,0.00017,0.01386,0.02452,0.00032,0.06035,-0.01415,0.00312,0.00956,0.00192,0.00649,-0.00121,-0.00444,0.00032,-1e-05,9e-05
5.7,0.02698,-0.02471,0.00243,0.00083,-0.00159,-0.00017,0.00308,0.00046,-0.0009,0.00208,-0.00011,-7e-05,-0.00021,0.00204,0.00271,0.00148,0.00143,9e-05,-0.00011,0.00018,0.01385,0.02533,0.00012,0.05898,-0.01424,0.00319,0.00946,0.0018,0.00693,-0.00136,-0.00469,0.00019,7e-05,0.0001
5.72,0.02919,-0.02485,0.00268,0.00098,-0.00163,-0.00017,0.00314,0.00049,-0.00093,0.00211,-0.00011,-7e-05,-0.00021,0.002,0.00276,0.00149,0.00146,9e-05,-0.00011,0.00018,0.01371,0.02639,-0.00029,0.05778,-0.01427,0.0033,0.00934,0.00168,0.0074,-0.00155,-0.00497,-0,0.0002,0.00011
5.74,0.03155,-0.02491,0.00291,0.00115,-0.00166,-0.00017,0.00321,0.00051,-0.00097,0.00214,-0.00011,-7e-05,-0.00022,0.00196,0.0028,0.00151,0.0015,9e-05,-0.00011,0.00019,0.01345,0.02746,-0.00081,0.05633,-0.01429,0.00345,0.00916,0.00069,0.00632,-0.00124,-0.0044,-0.00053,0.00026,-2e-05
5.76,0.03404,-0.02489,0.00312,0.00132,-0.00169,-0.00017,0.00329,0.00053,-0.00101,0.00217,-0.00011,-7e-05,-0.00022,0.00193,0.00285,0.00153,0.00153,9e-05,-0.00012,0.00019,0.01298,0.02829,-0.00136,0.05425,-0.01433,0.00365,0.00889,-0.00107,0.00482,-0.00085,-0.00383,-0.00129,0.00035,-0.0002
5.78,0.03677,-0.02478,0.00331,0.0015,-0.00171,-0.00016,0.00338,0.00054,-0.00106,0.0022,-0.0001,-8e-05,-0.00023,0.0019,0.0029,0.00155,0.00157,9e-05,-0.00012,0.00019,0.01189,0.02875,-0.0019,0.0513,-0.01443,0.00388,0.00851,-0.00394,0.00282,-0.00041,-0.00349,-0.00232,0.00047,-0.00045
5.8,0.03941,-0.02438,0.00345,0.00168,-0.00172,-0.00016,0.00346,0.00052,-0.0011,0.00223,-0.0001,-8e-05,-0.00023,0.00187,0.00294,0.00156,0.00161,9e-05,-0.00012,0.0002,0.01125,0.02912,-0.00258,0.04817,-0.01449,0.00416,0.00805,-0.00803,0.00029,9e-05,-0.00339,-0.00364,0.00063,-0.00075
5.82,0.0416,-0.02347,0.00349,0.00183,-0.0017,-0.00016,0.00349,0.0005,-0.0011,0.00228,-0.0001,-8e-05,-0.00024,0.00187,0.00295,0.00157,0.00166,9e-05,-0.00012,0.0002,0.01214,0.02966,-0.00349,0.04563,-0.01442,0.00452,0.00759,-0.01262,-0.00254,0.00071,-0.00288,-0.00518,0.00081,-0.00108
5.84,0.04362,-0.02218,0.00347,0.00197,-0.00165,-0.00015,0.0035,0.00046,-0.00109,0.00234,-0.00011,-7e-05,-0.00024,0.00186,0.00295,0.00158,0.00171,8e-05,-0.00012,0.00021,0.01316,0.03002,-0.00446,0.04282,-0.01433,0.00492,0.00708,-0.01739,-0.00539,0.00138,-0.00186,-0.00688,0.001,-0.00142
5.86,0.04571,-0.02066,0.00344,0.00211,-0.00158,-0.00014,0.00351,0.00041,-0.00108,0.00238,-0.00011,-7e-05,-0.00025,0.00186,0.00293,0.00158,0.00176,8e-05,-0.00012,0.00021,0.0134,0.0299,-0.0053,0.03925,-0.01427,0.00531,0.00653,-0.0226,-0.0081,0.00199,-0.00082,-0.00871,0.0012,-0.00176
5.88,0.04779,-0.01888,0.00338,0.00225,-0.0015,-0.00013,0.0035,0.00037,-0.00106,0.00243,-0.00011,-6e-05,-0.00026,0.00184,0.00291,0.00157,0.00181,8e-05,-0.00012,0.00022,0.01328,0.02938,-0.006,0.03548,-0.01422,0.00568,0.00598,-0.02779,-0.01033,0.00251,0.00034,-0.01053,0.00136,-0.00208
5.9,0.04963,-0.01682,0.00326,0.00236,-0.00139,-0.00012,0.00349,0.0003,-0.00106,0.00246,-0.00011,-6e-05,-0.00026,0.00183,0.00286,0.00156,0.00186,8e-05,-0.00012,0.00022,0.01309,0.02876,-0.0066,0.03178,-0.01413,0.00601,0.0055,-0.03239,-0.01216,0.00292,0.00179,-0.0122,0.00152,-0.00235
5.92,0.05105,-0.01448,0.00305,0.00244,-0.00124,-0.0001,0.0035,0.00017,-0.00112,0.00245,-0.00011,-6e-05,-0.00026,0.00183,0.0028,0.00155,0.00191,8e-05,-0.00012,0.00023,0.01293,0.02821,-0.00706,0.02824,-0.014,0.00631,0.00512,-0.03587,-0.01405,0.00324,0.00374,-0.01358,0.00172,-0.00252
5.94,0.05216,-0.01194,0.00278,0.00248,-0.00107,-8e-05,0.00351,1e-05,-0.0012,0.00242,-0.0001,-7e-05,-0.00026,0.00184,0.00272,0.00152,0.00195,8e-05,-0.00012,0.00023,0.01282,0.0275,-0.00738,0.02509,-0.01381,0.00655,0.0048,-0.03833,-0.01573,0.00344,0.0061,-0.01468,0.00193,-0.00263
5.96,0.05311,-0.00931,0.00247,0.00252,-0.00089,-7e-05,0.00349,-0.00015,-0.00126,0.00238,-0.0001,-8e-05,-0.00026,0.00183,0.00262,0.00149,0.00199,8e-05,-0.00011,0.00023,0.01269,0.02648,-0.00756,0.02236,-0.01355,0.00672,0.00452,-0.04025,-0.01694,0.00349,0.00856,-0.01557,0.00211,-0.00274
5.98,0.0539,-0.00662,0.00213,0.00253,-0.0007,-5e-05,0.00345,-0.00031,-0.00131,0.00234,-9e-05,-8e-05,-0.00026,0.00181,0.00251,0.00145,0.00202,8e-05,-0.00011,0.00023,0.01251,0.02528,-0.00758,0.01991,-0.01323,0.00683,0.00426,-0.04173,-0.01784,0.00341,0.0111,-0.01625,0.00224,-0.00284
6,0.05423,-0.00393,0.00178,0.00252,-0.00051,-3e-05,0.00341,-0.00047,-0.00136,0.00229,-9e-05,-9e-05,-0.00026,0.00179,0.0024,0.00141,0.00204,8e-05,-0.00011,0.00023,0.01253,0.02391,-0.00757,0.018,-0.0128,0.00684,0.00403,-0.04242,-0.01837,0.00316,0.014,-0.01671,0.00236,-0.00293
6.02,0.05379,-0.00133,0.00144,0.00246,-0.00031,-1e-05,0.00334,-0.0006,-0.00138,0.00224,-9e-05,-0.0001,-0.00025,0.00181,0.00228,0.00138,0.00205,8e-05,-0.0001,0.00023,0.01292,0.02241,-0.00768,0.01678,-0.01225,0.00671,0.00383,-0.04185,-0.01826,0.00263,0.01761,-0.01693,0.00249,-0.00298
6.04,0.05289,0.00114,0.00111,0.00237,-0.00012,0,0.00327,-0.00073,-0.00139,0.00219,-9e-05,-0.0001,-0.00025,0.00185,0.00217,0.00135,0.00205,8e-05,-0.0001,0.00023,0.01328,0.02071,-0.00773,0.01573,-0.01159,0.00647,0.00363,-0.04051,-0.01777,0.00194,0.02171,-0.01697,0.00259,-0.00304
6.06,0.05182,0.00344,0.00079,0.00227,6e-05,2e-05,0.00318,-0.00085,-0.00139,0.00213,-9e-05,-0.00011,-0.00024,0.00186,0.00205,0.00131,0.00205,8e-05,-0.0001,0.00023,0.01332,0.0188,-0.00759,0.01455,-0.01083,0.00616,0.00343,-0.03893,-0.01714,0.00122,0.02604,-0.01688,0.00261,-0.00317
6.08,0.05051,0.00554,0.00049,0.00215,0.00023,3e-05,0.00309,-0.00097,-0.00139,0.00207,-9e-05,-0.00011,-0.00023,0.00187,0.00194,0.00127,0.00204,8e-05,-0.0001,0.00022,0.01313,0.01669,-0.00728,0.01319,-0.00996,0.00575,0.0032,-0.03692,-0.01615,0.00037,0.03085,-0.01666,0.00256,-0.00334
6.1,0.04896,0.00734,0.00022,0.00202,0.00038,4e-05,0.003,-0.00107,-0.00138,0.002,-9e-05,-0.00011,-0.00022,0.00188,0.00183,0.00122,0.00202,8e-05,-9e-05,0.00022,0.01252,0.01419,-0.0068,0.01172,-0.00895,0.00527,0.00293,-0.03454,-0.01533,-0.00039,0.03583,-0.01635,0.0024,-0.00364
6.12,0.04721,0.00873,-3e-05,0.00187,0.00051,6e-05,0.00294,-0.00114,-0.00137,0.00193,-9e-05,-0.00012,-0.00021,0.00191,0.00172,0.00119,0.00199,8e-05,-9e-05,0.00021,0.01151,0.01121,-0.00619,0.01019,-0.00778,0.00473,0.00264,-0.03185,-0.01539,-0.00077,0.04054,-0.01601,0.00208,-0.00413
6.14,0.04533,0.00979,-0.00025,0.00171,0.00061,7e-05,0.00291,-0.00119,-0.00137,0.00186,-9e-05,-0.00012,-0.00021,0.00194,0.00163,0.00116,0.00196,8e-05,-9e-05,0.00021,0.01025,0.00797,-0.00535,0.00837,-0.00652,0.00411,0.0023,-0.02871,-0.01581,-0.00098,0.04528,-0.01561,0.00163,-0.00474
6.16,0.04338,0.01062,-0.00043,0.00155,0.0007,7e-05,0.00286,-0.00124,-0.00136,0.00179,-8e-05,-0.00012,-0.0002,0.00196,0.00154,0.00113,0.00193,8e-05,-8e-05,0.0002,0.00882,0.00466,-0.00426,0.00623,-0.00523,0.00344,0.00192,-0.0251,-0.01601,-0.00124,0.05028,-0.01514,0.00114,-0.00539
6.18,0.04136,0.01125,-0.0006,0.0014,0.00077,8e-05,0.00282,-0.00128,-0.00135,0.00171,-8e-05,-0.00012,-0.00019,0.00199,0.00145,0.0011,0.0019,8e-05,-8e-05,0.0002,0.00735,0.00138,-0.00303,0.00398,-0.00396,0.00275,0.00154,-0.02096,-0.0159,-0.00154,0.05554,-0.01462,0.00063,-0.00605
6.2,0.03946,0.01173,-0.00072,0.00125,0.00082,8e-05,0.00279,-0.00131,-0.00133,0.00165,-8e-05,-0.00011,-0.00018,0.00202,0.00137,0.00107,0.00186,8e-05,-8e-05,0.00019,0.00579,-0.00163,-0.0017,0.0016,-0.00283,0.0021,0.00112,-0.0166,-0.01601,-0.00168,0.06016,-0.01415,0.0001,-0.00672
6.22,0.0379,0.01209,-0.0008,0.00113,0.00086,9e-05,0.00274,-0.00132,-0.0013,0.00159,-8e-05,-0.00011,-0.00018,0.00201,0.00131,0.00104,0.00183,8e-05,-7e-05,0.00019,0.00441,-0.00417,-0.00045,-0.00058,-0.00189,0.00151,0.00069,-0.01241,-0.01703,-0.00146,0.06306,-0.01385,-0.00049,-0.0074
6.24,0.03657,0.01241,-0.00083,0.00104,0.00089,9e-05,0.00269,-0.00132,-0.00128,0.00154,-8e-05,-0.0001,-0.00017,0.00201,0.00126,0.00101,0.00181,8e-05,-7e-05,0.00019,0.0035,-0.00615,0.00055,-0.00211,-0.00111,0.00101,0.00034,-0.00823,-0.01825,-0.00113,0.06494,-0.01363,-0.00105,-0.00798
6.26,0.03537,0.01277,-0.00085,0.00096,0.00092,0.0001,0.00266,-0.00132,-0.00125,0.0015,-8e-05,-0.0001,-0.00017,0.00201,0.00121,0.00098,0.00179,8e-05,-6e-05,0.00019,0.00305,-0.0074,0.0012,-0.00283,-0.00053,0.00058,0.00011,-0.00388,-0.01905,-0.00086,0.06646,-0.01342,-0.00153,-0.0084
6.28,0.03437,0.01316,-0.00084,0.0009,0.00096,0.0001,0.00263,-0.00132,-0.00123,0.00147,-8e-05,-0.0001,-0.00016,0.00202,0.00117,0.00096,0.00179,8e-05,-6e-05,0.00019,0.00296,-0.00781,0.00149,-0.00271,-0.00018,0.00024,-1e-05,0.00047,-0.0196,-0.00061,0.0672,-0.01326,-0.00196,-0.00865
6.3,0.0337,0.0136,-0.00081,0.00087,0.00099,0.00011,0.00262,-0.00132,-0.00121,0.00144,-8e-05,-9e-05,-0.00016,0.00203,0.00114,0.00095,0.00179,9e-05,-6e-05,0.00019,0.00268,-0.00804,0.00173,-0.00271,2e-05,-0.00012,-0.0001,0.00456,-0.02016,-0.00026,0.06724,-0.01314,-0.00236,-0.00876
6.32,0.0335,0.0141,-0.00074,0.00089,0.00104,0.00011,0.00263,-0.00131,-0.0012,0.00142,-7e-05,-9e-05,-0.00016,0.00204,0.00112,0.00094,0.00179,8e-05,-5e-05,0.00019,0.00287,-0.00705,0.00149,-0.00156,-7e-05,-0.00042,-6e-05,0.00813,-0.02097,0.00033,0.06669,-0.01303,-0.00278,-0.00872
6.34,0.03367,0.01458,-0.00066,0.00094,0.00108,0.00012,0.00266,-0.0013,-0.00119,0.00141,-7e-05,-9e-05,-0.00016,0.00206,0.00111,0.00093,0.00181,8e-05,-5e-05,0.00019,0.00262,-0.00511,0.00102,-8e-05,-0.00044,-0.00073,9e-05,0.01123,-0.02188,0.00108,0.06531,-0.01294,-0.00323,-0.00854
6.36,0.0341,0.015,-0.00056,0.001,0.00112,0.00013,0.00269,-0.0013,-0.00119,0.00141,-7e-05,-9e-05,-0.00015,0.00208,0.00112,0.00093,0.00183,8e-05,-5e-05,0.00019,0.00144,-0.00225,0.00039,0.00145,-0.00112,-0.00105,0.00035,0.01392,-0.02262,0.00191,0.06294,-0.0129,-0.00372,-0.0082
6.38,0.0348,0.01534,-0.00046,0.00108,0.00116,0.00013,0.00274,-0.00129,-0.00119,0.00141,-7e-05,-9e-05,-0.00015,0.00211,0.00114,0.00094,0.00186,8e-05,-5e-05,0.0002,-0.0011,0.00157,-0.00032,0.00269,-0.00214,-0.00139,0.00073,0.01602,-0.02312,0.00278,0.0595,-0.01291,-0.00427,-0.0077
6.4,0.03583,0.01544,-0.00035,0.00119,0.00117,0.00014,0.00279,-0.00127,-0.0012,0.00144,-7e-05,-9e-05,-0.00016,0.00214,0.00118,0.00095,0.00188,8e-05,-5e-05,0.0002,-0.00522,0.00621,-0.00107,0.00342,-0.00349,-0.00176,0.00121,0.01747,-0.02371,0.00381,0.05534,-0.01292,-0.00489,-0.00709
6.42,0.03727,0.01512,-0.0002,0.00132,0.00116,0.00014,0.00281,-0.00122,-0.00118,0.0015,-7e-05,-9e-05,-0.00016,0.00215,0.00123,0.00097,0.00191,8e-05,-5e-05,0.0002,-0.01066,0.01122,-0.00182,0.00386,-0.00511,-0.00214,0.00176,0.01822,-0.02461,0.00505,0.05084,-0.0129,-0.00557,-0.00644
6.44,0.03895,0.01445,-3e-05,0.00146,0.00112,0.00013,0.00282,-0.00114,-0.00115,0.00157,-8e-05,-8e-05,-0.00017,0.00215,0.0013,0.00098,0.00194,8e-05,-5e-05,0.00021,-0.01735,0.01623,-0.0025,0.0038,-0.00693,-0.00249,0.00238,0.01836,-0.02531,0.00627,0.04603,-0.01288,-0.00626,-0.00575
6.46,0.04074,0.01351,0.00013,0.0016,0.00107,0.00013,0.00284,-0.00107,-0.00113,0.00165,-8e-05,-8e-05,-0.00018,0.00216,0.00138,0.001,0.00196,9e-05,-5e-05,0.00021,-0.02529,0.021,-0.00305,0.00283,-0.00884,-0.00279,0.00302,0.01807,-0.02548,0.00728,0.04106,-0.01285,-0.0069,-0.00508
6.48,0.04264,0.01232,0.00028,0.00174,0.00099,0.00012,0.00286,-0.00097,-0.0011,0.00175,-8e-05,-7e-05,-0.00019,0.00217,0.00148,0.00103,0.00198,9e-05,-5e-05,0.00021,-0.03466,0.02528,-0.00341,0.00058,-0.01079,-0.00299,0.00369,0.01742,-0.02524,0.00806,0.03618,-0.01283,-0.00745,-0.00445
6.5,0.04449,0.01066,0.00042,0.00188,0.00088,0.00011,0.00287,-0.00088,-0.00108,0.00183,-8e-05,-7e-05,-0.0002,0.00218,0.00158,0.00106,0.002,9e-05,-6e-05,0.00022,-0.04323,0.0287,-0.00369,-0.00147,-0.01254,-0.00311,0.00428,0.01679,-0.02466,0.00865,0.03211,-0.01271,-0.0079,-0.00393
6.52,0.04606,0.0083,0.00057,0.00199,0.00072,9e-05,0.0029,-0.00079,-0.00108,0.0019,-8e-05,-7e-05,-0.0002,0.00218,0.0017,0.0011,0.00201,9e-05,-6e-05,0.00022,-0.04747,0.03093,-0.00401,-0.00079,-0.0138,-0.00321,0.00466,0.0165,-0.02383,0.0091,0.02931,-0.01239,-0.00829,-0.00361
6.54,0.04745,0.00546,0.00072,0.00209,0.00052,7e-05,0.00293,-0.0007,-0.00109,0.00195,-7e-05,-7e-05,-0.00021,0.00217,0.00183,0.00115,0.00201,8e-05,-7e-05,0.00022,-0.04907,0.03233,-0.00431,0.00141,-0.01471,-0.00325,0.00493,0.01624,-0.02282,0.00937,0.02717,-0.01195,-0.00858,-0.0034
6.56,0.04873,0.0024,0.00085,0.00218,0.0003,4e-05,0.00296,-0.00061,-0.00109,0.00201,-7e-05,-7e-05,-0.00021,0.00216,0.00195,0.00119,0.00201,8e-05,-7e-05,0.00022,-0.05056,0.03337,-0.00451,0.00334,-0.01547,-0.00318,0.00521,0.01586,-0.02161,0.00944,0.02522,-0.01144,-0.00871,-0.00324
6.58,0.04979,-0.00093,0.00096,0.00225,6e-05,1e-05,0.00298,-0.00051,-0.0011,0.00206,-6e-05,-8e-05,-0.00022,0.00216,0.00207,0.00123,0.002,8e-05,-8e-05,0.00022,-0.05132,0.03412,-0.00466,0.00551,-0.01606,-0.00299,0.00549,0.01543,-0.02025,0.00925,0.02345,-0.01081,-0.00872,-0.00313
6.6,0.05059,-0.00437,0.00109,0.0023,-0.00019,-2e-05,0.003,-0.0004,-0.00109,0.00211,-6e-05,-8e-05,-0.00022,0.00216,0.00219,0.00128,0.00198,8e-05,-8e-05,0.00022,-0.05109,0.03476,-0.00483,0.0084,-0.01642,-0.0027,0.00576,0.01492,-0.01881,0.00904,0.0219,-0.01008,-0.00852,-0.00303
6.62,0.0511,-0.00765,0.00126,0.00233,-0.00047,-5e-05,0.00298,-0.00021,-0.00105,0.00218,-6e-05,-7e-05,-0.00023,0.00213,0.00233,0.00132,0.00196,8e-05,-9e-05,0.00022,-0.04973,0.03546,-0.00511,0.01255,-0.01649,-0.00237,0.00601,0.01435,-0.01714,0.00901,0.0205,-0.00931,-0.00801,-0.00293
6.64,0.05128,-0.01081,0.00145,0.00232,-0.00074,-8e-05,0.00294,0,-0.00098,0.00224,-7e-05,-7e-05,-0.00024,0.00209,0.00245,0.00136,0.00192,9e-05,-9e-05,0.00022,-0.04762,0.03625,-0.00546,0.01753,-0.01638,-0.00194,0.00629,0.0136,-0.01499,0.00879,0.01888,-0.00843,-0.0073,-0.00277
6.66,0.0511,-0.01388,0.00162,0.0023,-0.00101,-0.00012,0.0029,0.0002,-0.00092,0.00228,-7e-05,-6e-05,-0.00024,0.00205,0.00256,0.00139,0.00188,9e-05,-0.0001,0.00021,-0.04537,0.03713,-0.00581,0.02271,-0.01619,-0.00137,0.00666,0.0126,-0.0124,0.00816,0.01686,-0.00743,-0.00648,-0.00257
6.68,0.05052,-0.01677,0.0018,0.00225,-0.00127,-0.00015,0.00284,0.00043,-0.00083,0.0023,-7e-05,-5e-05,-0.00024,0.00201,0.00266,0.00142,0.00182,9e-05,-0.0001,0.00021,-0.04283,0.03792,-0.00621,0.02858,-0.01588,-0.00071,0.00709,0.01136,-0.00934,0.00718,0.01447,-0.00633,-0.00554,-0.00229
6.7,0.04966,-0.01938,0.00195,0.0022,-0.00151,-0.00017,0.00277,0.00062,-0.00076,0.0023,-7e-05,-4e-05,-0.00024,0.00196,0.00273,0.00143,0.00176,9e-05,-0.0001,0.0002,-0.04002,0.03887,-0.00654,0.0343,-0.01555,2e-05,0.00758,0.00979,-0.00605,0.00587,0.01166,-0.00516,-0.00455,-0.00195
6.72,0.04864,-0.02161,0.00203,0.00217,-0.0017,-0.0002,0.00269,0.00071,-0.00073,0.00226,-7e-05,-4e-05,-0.00023,0.00192,0.00276,0.00143,0.00169,9e-05,-0.0001,0.0002,-0.03693,0.04033,-0.00667,0.03856,-0.01533,0.00078,0.0081,0.00802,-0.00287,0.00436,0.0086,-0.00397,-0.0036,-0.00159
6.74,0.04744,-0.02349,0.00208,0.00213,-0.00187,-0.00022,0.0026,0.00078,-0.00072,0.00219,-6e-05,-5e-05,-0.00022,0.00187,0.00276,0.00142,0.00162,9e-05,-0.0001,0.00019,-0.03353,0.04181,-0.0067,0.04213,-0.01515,0.00152,0.00861,0.0063,0.00016,0.00274,0.0055,-0.00287,-0.00271,-0.00122
6.76,0.046,-0.02508,0.00214,0.00208,-0.00201,-0.00023,0.0025,0.00085,-0.00069,0.00212,-5e-05,-5e-05,-0.00021,0.00181,0.00275,0.00139,0.00153,9e-05,-0.0001,0.00018,-0.02986,0.0428,-0.00666,0.04572,-0.01495,0.00215,0.00906,0.00474,0.00297,0.00116,0.00254,-0.00191,-0.00192,-0.00086
6.78,0.04434,-0.02639,0.0022,0.00203,-0.00212,-0.00025,0.00241,0.00091,-0.00067,0.00203,-5e-05,-5e-05,-0.0002,0.00174,0.00272,0.00136,0.00142,9e-05,-0.0001,0.00017,-0.02567,0.04322,-0.00648,0.04909,-0.01475,0.00265,0.00943,0.00342,0.00541,-0.00031,-0.00013,-0.00112,-0.00125,-0.00054
6.8,0.04277,-0.02731,0.00224,0.00197,-0.00219,-0.00025,0.0023,0.00096,-0.00063,0.00193,-4e-05,-4e-05,-0.00019,0.00166,0.00266,0.00131,0.00131,9e-05,-9e-05,0.00015,-0.02184,0.04356,-0.00632,0.05177,-0.0146,0.00306,0.00974,0.00235,0.00734,-0.00155,-0.0025,-0.00052,-0.00073,-0.00025
6.82,0.04159,-0.02776,0.00228,0.00192,-0.00219,-0.00026,0.00218,0.00102,-0.00056,0.00183,-4e-05,-4e-05,-0.00018,0.00155,0.00259,0.00126,0.00119,8e-05,-9e-05,0.00014,-0.01945,0.04433,-0.00634,0.05323,-0.01454,0.00343,0.01003,0.00243,0.00792,-0.00197,-0.00293,-8e-05,-0.00042,-9e-05
6.84,0.04058,-0.02786,0.00232,0.00187,-0.00216,-0.00025,0.00204,0.00108,-0.00048,0.00171,-4e-05,-3e-05,-0.00016,0.00143,0.0025,0.00119,0.00106,8e-05,-9e-05,0.00012,-0.01764,0.0451,-0.00638,0.05396,-0.01453,0.00374,0.01027,0.00291,0.00782,-0.00194,-0.00265,0.00022,-0.00022,-2e-05
6.86,0.03962,-0.02773,0.00234,0.00184,-0.00211,-0.00024,0.00191,0.00111,-0.00041,0.00159,-3e-05,-2e-05,-0.00014,0.00131,0.0024,0.00113,0.00093,7e-05,-8e-05,0.0001,-0.0156,0.04543,-0.00632,0.05451,-0.01452,0.00395,0.0104,0.0032,0.00765,-0.00184,-0.00262,0.00041,-8e-05,2e-05
6.88,0.03871,-0.02739,0.00236,0.00181,-0.00203,-0.00024,0.00178,0.00113,-0.00034,0.00147,-3e-05,-2e-05,-0.00013,0.00119,0.0023,0.00107,0.0008,6e-05,-8e-05,8e-05,-0.01345,0.04535,-0.00614,0.05467,-0.01453,0.00409,0.01046,0.00328,0.00752,-0.0017,-0.00281,0.00049,4e-05,5e-05
6.9,0.03825,-0.02667,0.00238,0.00181,-0.00192,-0.00022,0.00166,0.00113,-0.00028,0.00136,-3e-05,-1e-05,-0.00011,0.00107,0.00219,0.001,0.00068,6e-05,-8e-05,6e-05,-0.01181,0.04544,-0.0061,0.05444,-0.01455,0.0042,0.01045,0.0032,0.00738,-0.00154,-0.00315,0.00048,0.00015,7e-05
6.92,0.03863,-0.02543,0.0024,0.00184,-0.00177,-0.0002,0.00153,0.0011,-0.00022,0.00126,-2e-05,-1e-05,-0.0001,0.00094,0.00207,0.00093,0.00058,5e-05,-7e-05,5e-05,-0.0113,0.04622,-0.00643,0.05384,-0.01457,0.00433,0.0104,0.00297,0.00729,-0.00144,-0.00363,0.00037,0.0003,0.0001
6.94,0.03957,-0.02389,0.00242,0.0019,-0.00159,-0.00018,0.00141,0.00106,-0.00017,0.00118,-2e-05,-0,-9e-05,0.00081,0.00196,0.00085,0.0005,5e-05,-7e-05,4e-05,-0.0113,0.04716,-0.00693,0.05278,-0.0146,0.00447,0.01028,0.00249,0.0069,-0.00121,-0.00362,9e-05,0.00044,7e-05
6.96,0.0408,-0.02225,0.00244,0.00197,-0.00142,-0.00016,0.00132,0.00099,-0.00015,0.00112,-2e-05,0,-8e-05,0.00068,0.00184,0.00078,0.00045,4e-05,-6e-05,3e-05,-0.01117,0.04768,-0.00737,0.05123,-0.01464,0.00463,0.01008,0.00142,0.00525,-0.00044,-0.00234,-0.0005,0.00047,-0.00012
6.98,0.04238,-0.02058,0.00245,0.00207,-0.00126,-0.00014,0.00126,0.00091,-0.00015,0.00109,-2e-05,-0,-8e-05,0.00054,0.00174,0.00071,0.00044,4e-05,-6e-05,3e-05,-0.01102,0.04765,-0.00772,0.04906,-0.0147,0.00481,0.00976,-0.0008,0.00318,0.00042,-0.00112,-0.00138,0.00049,-0.00042
7,0.04464,-0.01873,0.00246,0.00219,-0.00109,-0.00012,0.00123,0.00081,-0.00018,0.00109,-2e-05,-0,-8e-05,0.0004,0.00163,0.00064,0.00046,4e-05,-5e-05,3e-05,-0.01115,0.0477,-0.00827,0.04639,-0.01473,0.00506,0.00937,-0.00431,0.0006,0.00141,-5e-05,-0.00254,0.00048,-0.00083
7.02,0.04792,-0.01659,0.00247,0.00235,-0.00093,-0.0001,0.00123,0.0007,-0.00022,0.00113,-2e-05,-1e-05,-8e-05,0.00025,0.00153,0.00055,0.00054,3e-05,-3e-05,4e-05,-0.01178,0.04834,-0.00925,0.0434,-0.01471,0.00539,0.00897,-0.00838,-0.00242,0.0025,0.00131,-0.00392,0.0005,-0.00127
7.04,0.05192,-0.0145,0.00248,0.00253,-0.00079,-8e-05,0.00128,0.00058,-0.00028,0.0012,-2e-05,-2e-05,-0.0001,9e-05,0.00144,0.00047,0.00064,3e-05,-2e-05,5e-05,-0.01252,0.04864,-0.01031,0.03996,-0.01465,0.00576,0.00851,-0.01288,-0.00579,0.00365,0.00297,-0.00548,0.00055,-0.00172
7.06,0.0563,-0.01268,0.00247,0.00273,-0.00069,-6e-05,0.00136,0.00045,-0.00036,0.00129,-2e-05,-3e-05,-0.00011,-6e-05,0.00137,0.00039,0.00077,3e-05,-1e-05,7e-05,-0.01303,0.04795,-0.01112,0.03607,-0.01456,0.00611,0.00796,-0.01817,-0.00944,0.00481,0.00436,-0.00719,0.00059,-0.00222
7.08,0.06104,-0.01107,0.00246,0.00295,-0.00062,-5e-05,0.00147,0.00033,-0.00044,0.0014,-3e-05,-4e-05,-0.00013,-0.0002,0.00132,0.00033,0.00093,3e-05,1e-05,9e-05,-0.0134,0.04636,-0.01166,0.03203,-0.01442,0.00642,0.00737,-0.02393,-0.01303,0.00588,0.00529,-0.00894,0.00061,-0.00272
7.1,0.06621,-0.00963,0.00244,0.00317,-0.00057,-4e-05,0.00159,0.00023,-0.00051,0.00151,-3e-05,-5e-05,-0.00015,-0.0003,0.00128,0.00028,0.00109,4e-05,2e-05,0.00011,-0.01361,0.0446,-0.01212,0.02821,-0.0142,0.00665,0.00682,-0.02906,-0.01612,0.00671,0.00607,-0.01047,0.00065,-0.0031
7.12,0.07185,-0.00829,0.00241,0.0034,-0.00052,-3e-05,0.00169,0.00015,-0.00055,0.00162,-3e-05,-5e-05,-0.00017,-0.00033,0.00126,0.00025,0.00125,4e-05,3e-05,0.00014,-0.01364,0.04321,-0.01266,0.02483,-0.01387,0.00676,0.00638,-0.03214,-0.01821,0.00711,0.00735,-0.01148,0.00084,-0.0032
7.14,0.07766,-0.007,0.0024,0.00363,-0.00047,-2e-05,0.00175,0.00013,-0.00053,0.0017,-4e-05,-6e-05,-0.00018,-0.00029,0.00125,0.00025,0.00138,4e-05,3e-05,0.00016,-0.01348,0.0416,-0.01303,0.02208,-0.01342,0.00673,0.00603,-0.03335,-0.01911,0.00701,0.00869,-0.01194,0.00108,-0.00307
7.16,0.0833,-0.00567,0.00245,0.00384,-0.00041,-2e-05,0.00171,0.00017,-0.00047,0.00176,-4e-05,-5e-05,-0.0002,-0.00022,0.00125,0.00025,0.00149,4e-05,3e-05,0.00018,-0.01312,0.0395,-0.01307,0.02,-0.01281,0.00654,0.00573,-0.03325,-0.01893,0.00651,0.00934,-0.01192,0.00127,-0.00282
7.18,0.08868,-0.00406,0.00259,0.00405,-0.00032,-0,0.00155,0.0003,-0.00034,0.00178,-3e-05,-3e-05,-0.0002,-0.00013,0.00127,0.00027,0.00155,4e-05,3e-05,0.0002,-0.01253,0.03714,-0.01283,0.01845,-0.01203,0.0062,0.00546,-0.03158,-0.01766,0.00561,0.00939,-0.01138,0.00141,-0.00244
7.2,0.09363,-0.0024,0.0028,0.00424,-0.0002,1e-05,0.00126,0.00051,-0.00017,0.00175,-3e-05,-0,-0.0002,-3e-05,0.00127,0.00027,0.00157,3e-05,2e-05,0.00021,-0.01165,0.0346,-0.01246,0.01743,-0.01104,0.00572,0.00523,-0.02823,-0.01547,0.00446,0.00903,-0.01036,0.00148,-0.00199
7.22,0.09814,-0.00106,0.00309,0.00441,-5e-05,3e-05,0.00092,0.00076,0,0.00167,-3e-05,3e-05,-0.00019,9e-05,0.00122,0.00027,0.00159,3e-05,1e-05,0.00022,-0.01034,0.03187,-0.0121,0.01688,-0.00981,0.00515,0.00501,-0.02341,-0.01256,0.00317,0.00845,-0.00896,0.00144,-0.00153
7.24,0.1022,0.0004,0.00349,0.00457,0.00014,5e-05,0.00056,0.00106,0.00015,0.00157,-2e-05,7e-05,-0.00018,0.00019,0.00117,0.00026,0.00157,3e-05,0,0.00023,-0.00848,0.02874,-0.01152,0.01614,-0.00839,0.00449,0.0047,-0.01763,-0.00919,0.00185,0.00745,-0.00736,0.00133,-0.00108
7.26,0.10569,0.00217,0.00404,0.00473,0.00036,8e-05,0.00024,0.00137,0.00026,0.00143,-1e-05,0.0001,-0.00017,0.00027,0.00112,0.00025,0.0015,2e-05,-1e-05,0.00022,-0.00618,0.0249,-0.01051,0.01473,-0.00689,0.00375,0.00424,-0.01163,-0.0058,0.00062,0.006,-0.00573,0.00116,-0.00069
7.28,0.10859,0.00376,0.00464,0.00486,0.0006,0.00011,-2e-05,0.00163,0.00029,0.00128,-0,0.00013,-0.00015,0.00032,0.00108,0.00024,0.00139,2e-05,-2e-05,0.00021,-0.00351,0.02035,-0.00917,0.01279,-0.00537,0.00299,0.00366,-0.00591,-0.00267,-0.0004,0.00437,-0.0042,0.00097,-0.00038
7.3,0.11092,0.00544,0.00517,0.00499,0.00083,0.00014,1e-05,0.00176,0.00027,0.00117,1e-05,0.00014,-0.00014,0.00032,0.00105,0.00021,0.00124,1e-05,-4e-05,0.0002,-0.00091,0.01553,-0.00743,0.01014,-0.00397,0.00227,0.00298,-0.0008,-5e-05,-0.00113,0.00267,-0.00289,0.00077,-0.00016
7.32,0.11296,0.00759,0.00545,0.00518,0.00098,0.00016,0.0005,0.00169,0.00023,0.00116,2e-05,0.00013,-0.00015,0.00028,0.00105,0.00019,0.0011,1e-05,-4e-05,0.00018,0.00114,0.01072,-0.00532,0.00695,-0.00279,0.00162,0.00228,0.00344,0.00179,-0.00148,0.00103,-0.00182,0.00056,-4e-05
7.34,0.11477,0.00965,0.0053,0.00538,0.00108,0.00018,0.00112,0.00132,0.00018,0.00119,2e-05,0.00011,-0.00015,0.00022,0.00103,0.00017,0.00098,1e-05,-4e-05,0.00016,0.00279,0.00595,-0.00326,0.0041,-0.00182,0.00107,0.00162,0.00675,0.00286,-0.00156,-0.00035,-0.00098,0.00037,3e-05
7.36,0.11616,0.01129,0.00478,0.00558,0.00113,0.00018,0.00158,0.00075,0.00012,0.0012,3e-05,8e-05,-0.00016,0.00017,0.00095,0.00014,0.00085,1e-05,-4e-05,0.00015,0.00415,0.00144,-0.00147,0.00184,-0.00102,0.00061,0.00105,0.00918,0.00332,-0.00147,-0.00146,-0.00035,0.00022,5e-05
7.38,0.11717,0.01267,0.00393,0.00577,0.00112,0.00018,0.00189,5e-05,8e-05,0.00121,3e-05,5e-05,-0.00017,0.00013,0.00082,0.00011,0.00073,1e-05,-4e-05,0.00013,0.00517,-0.00263,5e-05,8e-05,-0.00041,0.00026,0.00059,0.01087,0.00326,-0.00124,-0.00229,9e-05,0.0001,5e-05
7.4,0.11749,0.0137,0.00312,0.00592,0.00109,0.00017,0.00187,-0.00049,6e-05,0.00117,3e-05,3e-05,-0.00018,9e-05,0.00063,7e-05,0.00064,1e-05,-3e-05,0.00011,0.00584,-0.00616,0.00126,-0.0012,2e-05,-0,0.00023,0.0113,0.00277,-0.00096,-0.00247,0.00027,-1e-05,3e-05
7.42,0.1172,0.01425,0.00269,0.00603,0.00108,0.00016,0.00168,-0.00059,5e-05,0.00109,3e-05,1e-05,-0.00017,0,0.00042,5e-05,0.00063,1e-05,-2e-05,0.00011,0.00611,-0.00909,0.00218,-0.00213,0.00032,-0.00018,-3e-05,0.01109,0.00208,-0.00066,-0.00246,0.00032,-0.0001,0
7.44,0.11664,0.01454,0.00245,0.0061,0.00106,0.00015,0.00145,-0.00051,4e-05,0.00099,3e-05,-0,-0.00016,-8e-05,0.00022,3e-05,0.00065,0,-1e-05,0.00011,0.00592,-0.01043,0.00247,-0.00236,0.00039,-0.00023,-0.00014,0.01079,0.00137,-0.00038,-0.00253,0.00034,-0.00014,-2e-05
7.46,0.11596,0.01467,0.00223,0.00616,0.00103,0.00014,0.00123,-0.0004,3e-05,0.00089,2e-05,-1e-05,-0.00014,-0.00014,4e-05,1e-05,0.00066,0,-0,0.0001,0.00563,-0.01119,0.00254,-0.00237,0.00039,-0.00022,-0.00019,0.01049,0.00071,-0.00014,-0.00264,0.00033,-0.00016,-4e-05
7.48,0.11514,0.01463,0.00208,0.0062,0.00099,0.00013,0.00099,-0.00028,2e-05,0.00078,2e-05,-1e-05,-0.00013,-0.00017,-0.00011,-1e-05,0.00067,0,0,0.0001,0.00529,-0.01191,0.0026,-0.00241,0.00036,-0.00021,-0.00022,0.01016,0.00015,6e-05,-0.00277,0.00031,-0.00016,-5e-05
7.5,0.11427,0.01454,0.00194,0.00622,0.00095,0.00012,0.00079,-0.00019,2e-05,0.0007,1e-05,-1e-05,-0.00011,-0.00019,-0.00023,-2e-05,0.00068,0,1e-05,0.0001,0.00497,-0.01254,0.00266,-0.00246,0.00033,-0.0002,-0.00023,0.00988,-0.0003,0.00022,-0.00291,0.00028,-0.00014,-5e-05
7.52,0.11351,0.01444,0.00179,0.00622,0.0009,0.00011,0.00066,-0.00015,1e-05,0.00064,1e-05,-2e-05,-0.0001,-0.0002,-0.00031,-3e-05,0.00068,0,1e-05,0.0001,0.00472,-0.01305,0.00272,-0.00255,0.00029,-0.00019,-0.00023,0.00969,-0.00065,0.00031,-0.00304,0.00025,-0.00012,-5e-05
7.54,0.11282,0.01429,0.00165,0.00622,0.00085,0.0001,0.00058,-0.00013,0,0.00059,1e-05,-2e-05,-0.0001,-0.00019,-0.00036,-3e-05,0.00069,0,1e-05,9e-05,0.00451,-0.01344,0.00275,-0.00264,0.00025,-0.00018,-0.00023,0.00956,-0.00087,0.00037,-0.00315,0.00023,-9e-05,-4e-05
7.56,0.11216,0.01403,0.00154,0.0062,0.0008,0.0001,0.0005,-0.0001,-0,0.00055,0,-2e-05,-9e-05,-0.00019,-0.0004,-4e-05,0.00069,-0,1e-05,9e-05,0.00428,-0.01374,0.00277,-0.00272,0.00022,-0.00017,-0.00022,0.00943,-0.00097,0.00041,-0.00324,0.0002,-6e-05,-4e-05
7.58,0.11153,0.01373,0.00144,0.00619,0.00074,9e-05,0.00044,-8e-05,-1e-05,0.00052,-0,-2e-05,-9e-05,-0.00019,-0.00043,-4e-05,0.00069,-0,0,9e-05,0.00404,-0.01397,0.00278,-0.0028,0.00019,-0.00016,-0.00021,0.00933,-0.00099,0.00042,-0.00333,0.00018,-4e-05,-3e-05
7.6,0.11094,0.01335,0.00136,0.00617,0.00068,8e-05,0.00039,-5e-05,-1e-05,0.0005,-0,-2e-05,-8e-05,-0.00019,-0.00044,-4e-05,0.00069,-0,0,9e-05,0.00381,-0.01409,0.00277,-0.00287,0.00017,-0.00015,-0.00019,0.00924,-0.00093,0.00041,-0.0034,0.00016,-2e-05,-2e-05
7.62,0.11042,0.01288,0.00132,0.00614,0.00062,7e-05,0.00035,-2e-05,-1e-05,0.00049,-0,-2e-05,-8e-05,-0.0002,-0.00043,-4e-05,0.00068,-0,0,9e-05,0.00359,-0.01409,0.00273,-0.00292,0.00016,-0.00014,-0.00018,0.00919,-0.00078,0.00037,-0.00344,0.00015,0,-1e-05
7.64,0.10993,0.01238,0.00129,0.00611,0.00056,6e-05,0.00032,2e-05,-1e-05,0.0005,-0,-2e-05,-8e-05,-0.00022,-0.00041,-4e-05,0.00066,-0,0,9e-05,0.00339,-0.01404,0.00269,-0.00295,0.00014,-0.00014,-0.00017,0.00914,-0.0006,0.00032,-0.00346,0.00014,2e-05,-1e-05
7.66,0.10938,0.0119,0.00122,0.00607,0.0005,6e-05,0.00029,4e-05,-1e-05,0.00051,-0,-2e-05,-9e-05,-0.00024,-0.0004,-4e-05,0.00065,-0,0,9e-05,0.00318,-0.01398,0.00265,-0.00298,0.00014,-0.00013,-0.00016,0.00908,-0.00043,0.00028,-0.00349,0.00014,3e-05,-0
7.68,0.10875,0.01144,0.00113,0.00603,0.00044,5e-05,0.00026,5e-05,-1e-05,0.00051,-0,-2e-05,-9e-05,-0.00027,-0.00039,-5e-05,0.00064,-0,0,8e-05,0.00297,-0.0139,0.00262,-0.00301,0.00013,-0.00013,-0.00015,0.009,-0.00026,0.00023,-0.00349,0.00013,3e-05,0
7.7,0.10806,0.011,0.00103,0.00599,0.00038,4e-05,0.00022,6e-05,-1e-05,0.00052,-0,-2e-05,-9e-05,-0.0003,-0.00038,-5e-05,0.00063,-0,0,8e-05,0.00276,-0.0138,0.00259,-0.00303,0.00013,-0.00013,-0.00015,0.0089,-0.0001,0.00019,-0.00349,0.00012,4e-05,1e-05
7.72,0.10733,0.01056,0.00092,0.00594,0.00033,3e-05,0.00019,6e-05,-0,0.00054,0,-2e-05,-0.0001,-0.00035,-0.00037,-5e-05,0.00063,-0,0,8e-05,0.00256,-0.01363,0.00254,-0.003,0.00013,-0.00013,-0.00014,0.00881,6e-05,0.00015,-0.00349,0.00012,4e-05,1e-05
7.74,0.10652,0.01015,0.00081,0.00588,0.0003,3e-05,0.00016,6e-05,0,0.00055,0,-2e-05,-0.0001,-0.00039,-0.00036,-6e-05,0.00062,-0,0,9e-05,0.00237,-0.01348,0.00249,-0.00296,0.00012,-0.00012,-0.00013,0.0087,0.00021,0.00011,-0.0035,0.00012,4e-05,1e-05
7.76,0.10557,0.00977,0.00069,0.00581,0.00026,2e-05,0.00013,6e-05,0,0.00056,1e-05,-2e-05,-0.0001,-0.00043,-0.00035,-6e-05,0.00062,-0,1e-05,9e-05,0.00219,-0.01336,0.00247,-0.00294,0.00013,-0.00012,-0.00013,0.0086,0.00034,9e-05,-0.00352,0.00012,4e-05,1e-05
7.78,0.10449,0.0094,0.00059,0.00573,0.00022,2e-05,9e-05,6e-05,1e-05,0.00056,1e-05,-2e-05,-0.00011,-0.00048,-0.00036,-7e-05,0.00062,-0,1e-05,9e-05,0.00203,-0.01326,0.00245,-0.00293,0.00013,-0.00012,-0.00013,0.00848,0.00045,6e-05,-0.00354,0.00012,4e-05,2e-05
7.8,0.10332,0.00907,0.00051,0.00564,0.00019,2e-05,5e-05,6e-05,1e-05,0.00057,1e-05,-2e-05,-0.00011,-0.00052,-0.00036,-8e-05,0.00062,-0,1e-05,9e-05,0.00188,-0.01316,0.00244,-0.00291,0.00013,-0.00013,-0.00012,0.00838,0.00056,5e-05,-0.00356,0.00013,4e-05,2e-05
7.82,0.10207,0.0088,0.00047,0.00553,0.00018,2e-05,1e-05,8e-05,2e-05,0.0006,1e-05,-2e-05,-0.00011,-0.00055,-0.00037,-8e-05,0.00062,-0,1e-05,9e-05,0.00172,-0.01307,0.00242,-0.00288,0.00014,-0.00013,-0.00012,0.0083,0.00066,2e-05,-0.00358,0.00013,4e-05,2e-05
7.84,0.10075,0.00855,0.00048,0.00541,0.00018,2e-05,-2e-05,0.00012,3e-05,0.00063,2e-05,-2e-05,-0.00012,-0.00057,-0.00038,-9e-05,0.00063,-0,1e-05,9e-05,0.00159,-0.01297,0.00241,-0.00284,0.00014,-0.00013,-0.00012,0.00824,0.00078,0,-0.00358,0.00013,4e-05,2e-05
7.86,0.09936,0.00831,0.00056,0.00528,0.00019,3e-05,-5e-05,0.00018,4e-05,0.00066,2e-05,-1e-05,-0.00012,-0.00058,-0.00039,-9e-05,0.00064,-1e-05,1e-05,9e-05,0.00151,-0.01285,0.00239,-0.00279,0.00014,-0.00013,-0.00012,0.0082,0.00089,-2e-05,-0.00358,0.00013,4e-05,2e-05
7.88,0.09794,0.0081,0.00071,0.00515,0.0002,3e-05,-6e-05,0.00027,6e-05,0.00069,2e-05,-1e-05,-0.00012,-0.00058,-0.0004,-0.0001,0.00066,-1e-05,1e-05,0.0001,0.00146,-0.01274,0.00236,-0.00273,0.00015,-0.00013,-0.00012,0.00818,0.001,-4e-05,-0.00357,0.00014,4e-05,2e-05
7.9,0.09651,0.00791,0.00093,0.00501,0.00023,4e-05,-7e-05,0.00036,7e-05,0.00072,2e-05,-1e-05,-0.00013,-0.00057,-0.00041,-0.0001,0.00067,-1e-05,1e-05,0.0001,0.00149,-0.01261,0.00233,-0.00266,0.00015,-0.00013,-0.00012,0.00821,0.00112,-5e-05,-0.00355,0.00014,4e-05,2e-05
7.92,0.0951,0.00778,0.00118,0.00487,0.00028,6e-05,-7e-05,0.00044,9e-05,0.00079,3e-05,-0,-0.00013,-0.00055,-0.00042,-0.0001,0.00069,-1e-05,1e-05,0.0001,0.00164,-0.01243,0.0023,-0.00262,0.00016,-0.00013,-0.00012,0.00831,0.00123,-7e-05,-0.00351,0.00014,4e-05,2e-05
7.94,0.09371,0.00773,0.00147,0.00472,0.00035,7e-05,-7e-05,0.00051,0.00011,0.00086,3e-05,0,-0.00014,-0.00053,-0.00043,-0.0001,0.00072,-1e-05,1e-05,0.00011,0.00187,-0.01229,0.00227,-0.00257,0.00016,-0.00013,-0.00012,0.00845,0.00129,-7e-05,-0.00347,0.00014,4e-05,2e-05
7.96,0.09235,0.00776,0.00181,0.00458,0.00043,9e-05,-5e-05,0.00057,0.00013,0.00091,3e-05,1e-05,-0.00015,-0.0005,-0.00044,-0.00011,0.00074,-1e-05,0,0.00011,0.00212,-0.01223,0.00226,-0.0025,0.00016,-0.00013,-0.00012,0.00861,0.00128,-5e-05,-0.00343,0.00015,4e-05,2e-05
7.98,0.09101,0.00789,0.00216,0.00446,0.00052,0.00011,-2e-05,0.00061,0.00014,0.00095,3e-05,1e-05,-0.00015,-0.00047,-0.00046,-0.00011,0.00077,-1e-05,0,0.00011,0.0024,-0.01226,0.00227,-0.00242,0.00017,-0.00014,-0.00012,0.00879,0.00117,-1e-05,-0.00339,0.00015,4e-05,2e-05
8,0.08969,0.00807,0.00251,0.00434,0.00061,0.00013,2e-05,0.00063,0.00015,0.00098,2e-05,1e-05,-0.00015,-0.00045,-0.00049,-0.00011,0.00079,-1e-05,0,0.00011,0.00267,-0.01238,0.00229,-0.00234,0.00017,-0.00014,-0.00012,0.00896,0.00098,5e-05,-0.00335,0.00015,3e-05,2e-05
8.02,0.08835,0.00822,0.00285,0.00423,0.00071,0.00014,7e-05,0.00061,0.00015,0.00099,2e-05,-0,-0.00014,-0.00045,-0.00053,-0.00012,0.00082,-1e-05,0,0.00012,0.00291,-0.01257,0.00233,-0.00226,0.00017,-0.00014,-0.00013,0.00908,0.00075,0.00014,-0.00331,0.00015,3e-05,1e-05
8.04,0.08701,0.00837,0.00318,0.00414,0.0008,0.00016,0.00011,0.00058,0.00015,0.00098,1e-05,-2e-05,-0.00013,-0.00047,-0.00057,-0.00014,0.00083,-1e-05,1e-05,0.00012,0.0031,-0.01284,0.00238,-0.0022,0.00017,-0.00015,-0.00013,0.00916,0.00045,0.00024,-0.00328,0.00015,2e-05,1e-05
8.06,0.08566,0.00856,0.00344,0.00406,0.00089,0.00018,0.00015,0.00052,0.00013,0.00094,0,-2e-05,-0.00012,-0.0005,-0.00063,-0.00016,0.00085,-2e-05,1e-05,0.00012,0.00321,-0.0132,0.00245,-0.00215,0.00017,-0.00015,-0.00014,0.00922,4e-05,0.00037,-0.00327,0.00015,2e-05,-0
8.08,0.08433,0.00881,0.00363,0.00399,0.00098,0.00019,0.00017,0.00043,0.0001,0.00087,-0,-3e-05,-0.0001,-0.00054,-0.00068,-0.00018,0.00085,-2e-05,1e-05,0.00012,0.00323,-0.01363,0.00253,-0.00212,0.00017,-0.00016,-0.00014,0.00923,-0.00046,0.00052,-0.00327,0.00014,1e-05,-1e-05
8.1,0.08301,0.00896,0.00371,0.00392,0.00104,0.0002,0.00019,0.00032,6e-05,0.00079,-1e-05,-4e-05,-8e-05,-0.00059,-0.00075,-0.0002,0.00085,-2e-05,1e-05,0.00011,0.00314,-0.01413,0.00262,-0.00214,0.00017,-0.00016,-0.00015,0.00918,-0.001,0.00067,-0.0033,0.00014,0,-2e-05
8.12,0.08175,0.00881,0.0037,0.00386,0.00105,0.0002,0.00022,0.00021,1e-05,0.00072,-2e-05,-4e-05,-6e-05,-0.00064,-0.00083,-0.00023,0.00086,-2e-05,2e-05,0.00011,0.00297,-0.01465,0.00274,-0.00222,0.00016,-0.00017,-0.00016,0.00908,-0.00152,0.00083,-0.00335,0.00013,-0,-3e-05
8.14,0.08071,0.00853,0.00362,0.00382,0.00103,0.0002,0.00028,9e-05,-7e-05,0.00065,-3e-05,-4e-05,-4e-05,-0.00068,-0.00089,-0.00026,0.00088,-2e-05,2e-05,0.00011,0.00274,-0.01506,0.00285,-0.00234,0.00016,-0.00018,-0.00017,0.00897,-0.00193,0.00094,-0.00341,0.00013,-1e-05,-3e-05
8.16,0.08005,0.00822,0.00348,0.00379,0.00101,0.00019,0.00034,-3e-05,-0.00016,0.0006,-3e-05,-5e-05,-2e-05,-0.00071,-0.00092,-0.00029,0.00088,-2e-05,2e-05,0.00011,0.00248,-0.01527,0.00292,-0.00245,0.00015,-0.00018,-0.00018,0.00888,-0.00213,0.001,-0.00345,0.00012,-1e-05,-4e-05
8.18,0.07987,0.00794,0.0033,0.00378,0.00099,0.00019,0.00042,-0.00017,-0.00028,0.0006,-4e-05,-7e-05,-1e-05,-0.00071,-0.0009,-0.0003,0.00089,-3e-05,2e-05,0.00011,0.00222,-0.01517,0.00291,-0.00255,0.00015,-0.00018,-0.00018,0.00884,-0.00204,0.00096,-0.00346,0.00012,-1e-05,-4e-05
8.2,0.08036,0.00738,0.00322,0.0038,0.00094,0.00018,0.00054,-0.00026,-0.00041,0.00065,-4e-05,-9e-05,-1e-05,-0.00069,-0.00081,-0.00028,0.0009,-3e-05,2e-05,0.00011,0.00208,-0.01455,0.00282,-0.00265,0.00014,-0.00018,-0.00018,0.00894,-0.00146,0.00079,-0.00343,0.00012,-0,-3e-05
8.22,0.08161,0.00614,0.00338,0.00385,0.00082,0.00017,0.00074,-0.00024,-0.0005,0.00074,-5e-05,-0.00011,-1e-05,-0.00065,-0.00061,-0.00023,0.00088,-2e-05,1e-05,0.00011,0.00218,-0.01318,0.00262,-0.00279,0.00014,-0.00016,-0.00016,0.00921,-0.00019,0.00044,-0.00334,0.00013,1e-05,-1e-05
8.24,0.0833,0.00457,0.00372,0.00391,0.00068,0.00016,0.00093,-0.00014,-0.00054,0.00087,-5e-05,-0.00013,-2e-05,-0.00061,-0.00033,-0.00016,0.00085,-2e-05,-1e-05,0.00011,0.00234,-0.01122,0.00229,-0.00293,0.00014,-0.00014,-0.00014,0.00953,0.00159,-5e-05,-0.00321,0.00014,3e-05,1e-05
8.26,0.08516,0.00296,0.00414,0.00398,0.00053,0.00014,0.00107,3e-05,-0.00053,0.00102,-5e-05,-0.00014,-3e-05,-0.00059,-2e-05,-8e-05,0.00081,-1e-05,-2e-05,0.00011,0.00243,-0.00899,0.00185,-0.00305,0.00013,-0.00012,-0.00011,0.00979,0.00364,-0.00063,-0.00308,0.00016,6e-05,4e-05
8.28,0.08711,0.00121,0.0046,0.00405,0.00038,0.00013,0.00113,0.00029,-0.00047,0.00118,-5e-05,-0.00016,-5e-05,-0.00058,0.0003,-0,0.00077,-1e-05,-4e-05,0.00011,0.00246,-0.00671,0.00137,-0.00315,0.00013,-9e-05,-8e-05,0.00999,0.00576,-0.00123,-0.00294,0.00017,9e-05,7e-05
8.3,0.0885,-0.00061,0.00495,0.00409,0.0002,0.0001,0.00103,0.00065,-0.00033,0.0013,-5e-05,-0.00016,-7e-05,-0.00062,0.00057,6e-05,0.00071,-0,-5e-05,0.00011,0.00222,-0.00493,0.00096,-0.00332,0.00013,-7e-05,-5e-05,0.00986,0.00747,-0.00173,-0.00292,0.00018,0.00011,0.0001
8.32,0.08874,-0.00284,0.00502,0.00404,-6e-05,7e-05,0.00066,0.00116,-9e-05,0.00132,-3e-05,-0.00013,-0.00011,-0.00071,0.00072,7e-05,0.00063,-0,-5e-05,0.0001,0.00154,-0.00444,0.00081,-0.00363,0.00011,-6e-05,-5e-05,0.00916,0.00812,-0.00197,-0.00316,0.00017,0.00012,0.00011
8.34,0.08892,-0.00512,0.00472,0.00401,-0.00036,2e-05,5e-05,0.00173,0.00018,0.00124,-1e-05,-9e-05,-0.00014,-0.00078,0.0007,6e-05,0.00057,-0,-5e-05,9e-05,0.00081,-0.00526,0.00097,-0.00398,0.0001,-6e-05,-6e-05,0.00837,0.00758,-0.00187,-0.0035,0.00016,0.00011,0.00011
8.36,0.08995,-0.00678,0.00406,0.00406,-0.00063,-4e-05,-0.00065,0.00221,0.00038,0.00109,1e-05,-4e-05,-0.00017,-0.00079,0.00054,1e-05,0.00057,-0,-4e-05,9e-05,0.00029,-0.00696,0.00135,-0.00427,9e-05,-8e-05,-8e-05,0.00788,0.00616,-0.00149,-0.00378,0.00014,9e-05,9e-05
8.38,0.09182,-0.00789,0.0031,0.0042,-0.0009,-0.0001,-0.00135,0.00257,0.00049,0.0009,3e-05,1e-05,-0.00018,-0.00076,0.00023,-5e-05,0.00063,-1e-05,-3e-05,9e-05,-4e-05,-0.00937,0.00195,-0.00454,8e-05,-0.0001,-0.00012,0.00768,0.00403,-0.00086,-0.00402,0.00012,7e-05,6e-05
8.4,0.09488,-0.00801,0.00207,0.00443,-0.0011,-0.00015,-0.00173,0.00271,0.00049,0.00071,4e-05,5e-05,-0.00018,-0.00067,-0.00013,-0.0001,0.00073,-1e-05,-1e-05,0.00011,-5e-05,-0.01166,0.00255,-0.0047,8e-05,-0.00013,-0.00015,0.00796,0.00192,-0.00021,-0.00411,0.00012,4e-05,2e-05
8.42,0.09885,-0.0071,0.00127,0.0047,-0.00121,-0.00018,-0.00138,0.00269,0.00043,0.0006,5e-05,5e-05,-0.00019,-0.00055,-0.0004,-0.00013,0.00084,-1e-05,-1e-05,0.00012,0.00025,-0.01309,0.00292,-0.00472,8e-05,-0.00014,-0.00017,0.00856,0.00052,0.00025,-0.00404,0.00012,2e-05,-1e-05
8.44,0.10278,-0.00603,0.00048,0.00493,-0.00129,-0.0002,-0.00057,0.00246,0.00033,0.00062,5e-05,2e-05,-0.00021,-0.00047,-0.00061,-0.00015,0.00093,-1e-05,-1e-05,0.00013,0.00058,-0.01397,0.00314,-0.00473,8e-05,-0.00015,-0.00018,0.00911,-0.00038,0.00055,-0.00396,0.00012,1e-05,-2e-05
8.46,0.10625,-0.0052,-0.0004,0.00512,-0.0014,-0.00022,0.00035,0.002,0.00023,0.00073,4e-05,-1e-05,-0.00022,-0.00041,-0.00077,-0.00017,0.001,-1e-05,-1e-05,0.00014,0.00086,-0.01452,0.00331,-0.00477,7e-05,-0.00015,-0.00019,0.00953,-0.00099,0.00076,-0.00392,0.00012,0,-4e-05
8.48,0.10904,-0.00451,-0.00131,0.00527,-0.00153,-0.00024,0.00128,0.00135,0.00013,0.00089,3e-05,-6e-05,-0.00022,-0.00039,-0.00088,-0.00018,0.00104,-1e-05,-1e-05,0.00014,0.00112,-0.01468,0.00338,-0.00483,7e-05,-0.00015,-0.00019,0.00985,-0.00125,0.00086,-0.00389,0.00012,-0,-4e-05
8.5,0.11071,-0.00391,-0.00208,0.00536,-0.00165,-0.00025,0.00188,0.00064,8e-05,0.00101,2e-05,-0.0001,-0.00021,-0.0004,-0.00093,-0.00018,0.00106,-1e-05,-1e-05,0.00015,0.00131,-0.01456,0.00338,-0.00488,6e-05,-0.00015,-0.00019,0.01002,-0.00122,0.00086,-0.00389,0.00012,-0,-4e-05
8.52,0.11122,-0.00359,-0.00245,0.00542,-0.0017,-0.00025,0.00203,0.00011,6e-05,0.00107,0,-0.00013,-0.00019,-0.00043,-0.00094,-0.00019,0.00107,-1e-05,-0,0.00015,0.00137,-0.01433,0.00334,-0.0049,6e-05,-0.00015,-0.00018,0.01001,-0.00103,0.00079,-0.0039,0.00012,0,-4e-05
8.54,0.11109,-0.00363,-0.00245,0.00544,-0.00173,-0.00025,0.00201,-0.00018,5e-05,0.00107,-0,-0.00014,-0.00018,-0.00048,-0.00091,-0.00019,0.00106,-1e-05,-0,0.00015,0.00137,-0.014,0.00327,-0.0049,6e-05,-0.00014,-0.00018,0.0099,-0.00071,0.00067,-0.00392,0.00011,1e-05,-3e-05
8.56,0.11062,-0.00401,-0.0022,0.00544,-0.00177,-0.00025,0.00196,-0.00028,6e-05,0.00103,-1e-05,-0.00014,-0.00016,-0.00053,-0.00086,-0.0002,0.00105,-1e-05,-0,0.00015,0.00137,-0.01358,0.00318,-0.00491,6e-05,-0.00014,-0.00017,0.00978,-0.00032,0.00053,-0.00394,0.00011,1e-05,-3e-05
8.58,0.1099,-0.00467,-0.00174,0.00541,-0.00181,-0.00024,0.00189,-0.00021,8e-05,0.00096,-1e-05,-0.00013,-0.00016,-0.00058,-0.00081,-0.0002,0.00103,-1e-05,0,0.00015,0.00137,-0.01313,0.00309,-0.00493,5e-05,-0.00013,-0.00017,0.00964,0.00011,0.00039,-0.00397,0.00011,2e-05,-2e-05
8.6,0.10898,-0.00543,-0.00115,0.00535,-0.00184,-0.00024,0.00182,-1e-05,0.0001,0.00085,-0,-0.00012,-0.00015,-0.00063,-0.00075,-0.0002,0.00101,-1e-05,0,0.00014,0.00135,-0.0127,0.003,-0.00494,5e-05,-0.00013,-0.00016,0.00949,0.00053,0.00026,-0.00399,0.00011,2e-05,-1e-05
8.62,0.10795,-0.00608,-0.00052,0.00529,-0.00184,-0.00023,0.00173,0.00028,0.00012,0.00072,1e-05,-0.0001,-0.00015,-0.00069,-0.00071,-0.00021,0.00098,-1e-05,0,0.00014,0.00129,-0.0123,0.0029,-0.00495,5e-05,-0.00012,-0.00015,0.00935,0.00086,0.00014,-0.004,0.00011,3e-05,-0
8.64,0.10689,-0.00662,7e-05,0.00521,-0.00182,-0.00022,0.00166,0.00058,0.00013,0.00061,1e-05,-8e-05,-0.00015,-0.00073,-0.00067,-0.00021,0.00095,-1e-05,0,0.00013,0.00123,-0.01196,0.00281,-0.00495,5e-05,-0.00012,-0.00015,0.00922,0.00112,5e-05,-0.004,0.00011,3e-05,0
8.66,0.10586,-0.0071,0.00059,0.00514,-0.0018,-0.00021,0.00161,0.00085,0.00015,0.0005,2e-05,-6e-05,-0.00016,-0.00077,-0.00063,-0.00021,0.00092,-1e-05,0,0.00013,0.00119,-0.0117,0.00274,-0.00496,4e-05,-0.00012,-0.00015,0.00912,0.00135,-2e-05,-0.00399,0.00011,3e-05,0
8.68,0.10487,-0.00747,0.001,0.00507,-0.00178,-0.00021,0.00157,0.00106,0.00016,0.0004,2e-05,-5e-05,-0.00016,-0.00079,-0.0006,-0.00021,0.0009,-1e-05,-0,0.00013,0.00116,-0.0115,0.00269,-0.00496,4e-05,-0.00012,-0.00014,0.00905,0.00152,-6e-05,-0.00399,0.00011,3e-05,1e-05
8.7,0.10392,-0.0077,0.0013,0.00501,-0.00176,-0.0002,0.00153,0.00122,0.00016,0.00034,2e-05,-4e-05,-0.00016,-0.0008,-0.00057,-0.00021,0.00089,-1e-05,-0,0.00012,0.00115,-0.01138,0.00267,-0.00496,4e-05,-0.00012,-0.00014,0.009,0.00164,-7e-05,-0.00398,0.00011,3e-05,1e-05
8.72,0.10301,-0.00779,0.00148,0.00496,-0.00173,-0.0002,0.0015,0.00132,0.00016,0.00031,3e-05,-3e-05,-0.00016,-0.00079,-0.00056,-0.00021,0.00088,-1e-05,-0,0.00012,0.00115,-0.01137,0.00268,-0.00495,4e-05,-0.00012,-0.00014,0.00899,0.0017,-6e-05,-0.00398,0.00011,3e-05,1e-05
8.74,0.10213,-0.00773,0.00153,0.00492,-0.0017,-0.0002,0.00146,0.00135,0.00016,0.00031,3e-05,-3e-05,-0.00015,-0.00077,-0.00056,-0.00021,0.00087,-1e-05,-0,0.00012,0.00115,-0.01143,0.00272,-0.00495,5e-05,-0.00012,-0.00015,0.009,0.0017,-2e-05,-0.00398,0.00011,3e-05,1e-05
8.76,0.10126,-0.00756,0.00147,0.00488,-0.00167,-0.00019,0.00143,0.00131,0.00015,0.00033,2e-05,-4e-05,-0.00015,-0.00075,-0.00056,-0.00021,0.00087,-1e-05,-0,0.00012,0.00116,-0.01155,0.00278,-0.00495,5e-05,-0.00013,-0.00015,0.00903,0.00165,4e-05,-0.00399,0.00011,3e-05,0
8.78,0.1004,-0.00736,0.00133,0.00485,-0.00164,-0.00019,0.00142,0.00121,0.00013,0.00037,2e-05,-4e-05,-0.00015,-0.00071,-0.00056,-0.0002,0.00088,-1e-05,-0,0.00012,0.0012,-0.01171,0.00287,-0.00495,5e-05,-0.00013,-0.00016,0.0091,0.00158,0.00012,-0.004,0.00011,2e-05,0
8.8,0.0995,-0.00695,0.00111,0.00482,-0.00161,-0.00019,0.0014,0.00106,0.00012,0.00043,2e-05,-5e-05,-0.00015,-0.00067,-0.00057,-0.0002,0.00089,-1e-05,-0,0.00012,0.00118,-0.01191,0.00296,-0.00495,5e-05,-0.00014,-0.00016,0.00914,0.00145,0.00021,-0.00401,0.00011,2e-05,-0
8.82,0.09848,-0.00615,0.00087,0.00481,-0.00155,-0.00019,0.00137,0.00089,0.0001,0.00051,1e-05,-7e-05,-0.00014,-0.00064,-0.00058,-0.0002,0.00089,-1e-05,-0,0.00013,0.00095,-0.01212,0.00301,-0.00492,5e-05,-0.00014,-0.00017,0.00902,0.0013,0.00028,-0.00401,0.00011,2e-05,-1e-05
8.84,0.0974,-0.00527,0.00067,0.00479,-0.00148,-0.00018,0.00135,0.00072,8e-05,0.00059,1e-05,-8e-05,-0.00014,-0.00061,-0.00058,-0.00019,0.00089,-1e-05,-0,0.00013,0.00066,-0.01225,0.00302,-0.00486,6e-05,-0.00015,-0.00017,0.00884,0.00118,0.00032,-0.004,0.00011,1e-05,-1e-05
8.86,0.09631,-0.00456,0.00052,0.00476,-0.00142,-0.00017,0.00135,0.00057,6e-05,0.00066,1e-05,-0.0001,-0.00013,-0.00057,-0.00058,-0.00018,0.00089,-1e-05,-0,0.00013,0.00042,-0.01227,0.00301,-0.00479,6e-05,-0.00015,-0.00017,0.00869,0.00115,0.00034,-0.00399,0.00012,1e-05,-1e-05
8.88,0.09519,-0.00394,0.00047,0.00472,-0.00136,-0.00017,0.00136,0.00047,5e-05,0.00072,1e-05,-0.00011,-0.00013,-0.00054,-0.00056,-0.00018,0.00089,-1e-05,-0,0.00013,0.00015,-0.01216,0.00295,-0.00471,7e-05,-0.00015,-0.00017,0.00849,0.0012,0.00032,-0.00396,0.00012,1e-05,-1e-05
8.9,0.09412,-0.00348,0.00051,0.00467,-0.00131,-0.00016,0.00139,0.00041,4e-05,0.00077,1e-05,-0.00012,-0.00013,-0.00049,-0.00054,-0.00016,0.0009,-1e-05,-1e-05,0.00013,-4e-05,-0.01197,0.00287,-0.00461,7e-05,-0.00015,-0.00016,0.00833,0.00131,0.00029,-0.00393,0.00012,2e-05,-1e-05
8.92,0.09323,-0.00324,0.0006,0.00461,-0.00125,-0.00015,0.00145,0.00039,3e-05,0.00082,1e-05,-0.00012,-0.00013,-0.0004,-0.00053,-0.00014,0.00091,-1e-05,-1e-05,0.00013,-5e-05,-0.0118,0.0028,-0.00451,8e-05,-0.00015,-0.00016,0.00829,0.00147,0.00025,-0.00388,0.00013,2e-05,-0
8.94,0.09243,-0.00309,0.00075,0.00453,-0.00119,-0.00013,0.00152,0.00042,3e-05,0.00087,1e-05,-0.00012,-0.00013,-0.00031,-0.00053,-0.00013,0.00094,-1e-05,-1e-05,0.00014,1e-05,-0.01167,0.00274,-0.00439,8e-05,-0.00015,-0.00015,0.00828,0.00163,0.00022,-0.00384,0.00013,2e-05,-0
8.96,0.0917,-0.00298,0.001,0.00444,-0.00112,-0.00012,0.00155,0.00052,3e-05,0.00089,2e-05,-0.00012,-0.00014,-0.00022,-0.00053,-0.00011,0.00096,-1e-05,-2e-05,0.00014,8e-05,-0.01158,0.00267,-0.00428,9e-05,-0.00014,-0.00015,0.00824,0.00176,0.00017,-0.00381,0.00013,2e-05,0
8.98,0.09106,-0.00285,0.00134,0.00436,-0.00106,-0.00011,0.00153,0.00068,4e-05,0.0009,2e-05,-0.00012,-0.00014,-0.00016,-0.00054,-0.0001,0.00098,-1e-05,-2e-05,0.00014,0.00011,-0.01156,0.0026,-0.00416,0.0001,-0.00014,-0.00015,0.00816,0.00189,0.00011,-0.00377,0.00013,2e-05,1e-05
9,0.09057,-0.00283,0.00172,0.00427,-0.00099,-9e-05,0.00147,0.0009,5e-05,0.0009,3e-05,-0.0001,-0.00015,-9e-05,-0.00057,-0.0001,0.00101,-2e-05,-2e-05,0.00015,0.00027,-0.0116,0.00256,-0.00406,0.0001,-0.00014,-0.00014,0.00815,0.00197,6e-05,-0.00375,0.00013,3e-05,1e-05
9.02,0.09023,-0.00311,0.00213,0.00419,-0.00092,-8e-05,0.00136,0.00116,6e-05,0.00089,3e-05,-9e-05,-0.00015,1e-05,-0.00062,-9e-05,0.00105,-2e-05,-2e-05,0.00015,0.00069,-0.01164,0.00255,-0.00407,0.0001,-0.00014,-0.00015,0.00834,0.00196,3e-05,-0.00375,0.00013,3e-05,1e-05
9.04,0.08998,-0.00353,0.00259,0.00411,-0.00084,-6e-05,0.00118,0.00144,8e-05,0.00087,3e-05,-6e-05,-0.00016,0.00011,-0.00067,-8e-05,0.00109,-2e-05,-2e-05,0.00015,0.00117,-0.01156,0.00253,-0.00413,0.0001,-0.00014,-0.00015,0.00862,0.00199,-2e-05,-0.00376,0.00013,3e-05,1e-05
9.06,0.08979,-0.00393,0.00312,0.00404,-0.00076,-4e-05,0.00094,0.00175,0.0001,0.00085,3e-05,-4e-05,-0.00016,0.00018,-0.0007,-8e-05,0.00112,-2e-05,-2e-05,0.00016,0.00158,-0.01131,0.00246,-0.00418,9e-05,-0.00013,-0.00015,0.00888,0.00215,-0.00011,-0.00375,0.00013,3e-05,2e-05
9.08,0.08969,-0.00448,0.00369,0.00399,-0.00067,-3e-05,0.00069,0.00206,0.00012,0.00083,3e-05,-1e-05,-0.00015,0.00022,-0.00071,-8e-05,0.00114,-2e-05,-2e-05,0.00016,0.002,-0.01084,0.00236,-0.00425,8e-05,-0.00013,-0.00014,0.00917,0.00242,-0.00025,-0.00373,0.00013,4e-05,3e-05
9.1,0.0898,-0.00468,0.00416,0.00397,-0.00058,-1e-05,0.00046,0.00225,0.00014,0.00082,2e-05,1e-05,-0.00014,0.00025,-0.00072,-8e-05,0.00115,-2e-05,-1e-05,0.00016,0.00238,-0.01031,0.00224,-0.00427,8e-05,-0.00012,-0.00013,0.00946,0.00274,-0.0004,-0.0037,0.00013,5e-05,3e-05
9.12,0.09039,-0.00377,0.00432,0.00402,-0.00047,1e-05,0.00034,0.00218,0.00015,0.00084,1e-05,1e-05,-0.00013,0.0003,-0.00077,-9e-05,0.00118,-2e-05,-1e-05,0.00016,0.00266,-0.01005,0.00216,-0.00415,8e-05,-0.00011,-0.00013,0.0097,0.00289,-0.00047,-0.00359,0.00013,5e-05,4e-05
9.14,0.09145,-0.00234,0.00413,0.00411,-0.00035,3e-05,0.00039,0.0019,0.00012,0.00086,-1e-05,0,-0.00012,0.00036,-0.00087,-0.0001,0.00121,-2e-05,-1e-05,0.00017,0.00287,-0.01011,0.00216,-0.00399,9e-05,-0.00011,-0.00013,0.0099,0.00273,-0.00044,-0.00348,0.00014,5e-05,3e-05
9.16,0.0928,-0.00092,0.0037,0.00422,-0.00024,4e-05,0.00059,0.00153,5e-05,0.00088,-3e-05,-2e-05,-0.0001,0.00041,-0.00102,-0.00012,0.00126,-2e-05,0,0.00017,0.00303,-0.01045,0.00223,-0.00387,9e-05,-0.00012,-0.00013,0.01005,0.00226,-0.00031,-0.0034,0.00014,4e-05,2e-05
9.18,0.09436,0.00054,0.00304,0.00435,-0.00013,4e-05,0.00095,0.00109,-8e-05,0.0009,-5e-05,-5e-05,-8e-05,0.00046,-0.00119,-0.00015,0.0013,-2e-05,1e-05,0.00017,0.00311,-0.01111,0.00238,-0.00376,9e-05,-0.00013,-0.00014,0.01008,0.00151,-7e-05,-0.00335,0.00013,4e-05,1e-05
9.2,0.09583,0.00162,0.0024,0.00446,-5e-05,5e-05,0.00136,0.00071,-0.00023,0.00092,-7e-05,-9e-05,-7e-05,0.00049,-0.00135,-0.00018,0.00133,-2e-05,2e-05,0.00017,0.00309,-0.01188,0.00256,-0.00368,9e-05,-0.00013,-0.00015,0.01,0.0007,0.00018,-0.00335,0.00013,2e-05,-0
9.22,0.09695,0.00219,0.002,0.00455,1e-05,5e-05,0.00172,0.00047,-0.00036,0.00095,-8e-05,-0.00012,-5e-05,0.00048,-0.00145,-0.00019,0.00135,-2e-05,1e-05,0.00018,0.00298,-0.01242,0.00271,-0.00367,9e-05,-0.00014,-0.00016,0.0099,0.0001,0.00035,-0.00339,0.00012,2e-05,-1e-05
9.24,0.0978,0.00246,0.00185,0.00463,7e-05,5e-05,0.00198,0.00032,-0.00045,0.001,-9e-05,-0.00014,-5e-05,0.00045,-0.00145,-0.0002,0.00135,-1e-05,-1e-05,0.00017,0.00282,-0.01268,0.00279,-0.00368,0.0001,-0.00015,-0.00016,0.00978,-0.0002,0.00044,-0.00342,0.00012,1e-05,-1e-05
9.26,0.09844,0.00248,0.00192,0.00469,0.00012,5e-05,0.00215,0.00025,-0.00052,0.00107,-9e-05,-0.00016,-5e-05,0.00043,-0.00135,-0.00017,0.00132,-1e-05,-2e-05,0.00017,0.00264,-0.01269,0.00281,-0.00367,0.0001,-0.00015,-0.00016,0.00964,-0.00017,0.00045,-0.00343,0.00012,1e-05,-1e-05
9.28,0.09883,0.00231,0.00219,0.00475,0.00016,6e-05,0.00218,0.00024,-0.00054,0.00114,-8e-05,-0.00017,-5e-05,0.0004,-0.00115,-0.00013,0.00126,-0,-5e-05,0.00015,0.00244,-0.01245,0.00276,-0.00365,0.0001,-0.00014,-0.00015,0.00949,0.00014,0.00038,-0.00343,0.00013,2e-05,-1e-05
9.3,0.0991,0.00185,0.00263,0.00478,0.0002,6e-05,0.00214,0.0003,-0.00051,0.00122,-7e-05,-0.00017,-8e-05,0.00041,-0.00088,-6e-05,0.0012,1e-05,-7e-05,0.00014,0.00225,-0.01195,0.00265,-0.00364,0.00011,-0.00014,-0.00014,0.00936,0.00072,0.00024,-0.00343,0.00013,2e-05,0
9.32,0.09945,0.00109,0.00305,0.00479,0.00022,7e-05,0.0022,0.0004,-0.00049,0.0013,-5e-05,-0.00015,-0.00014,0.00047,-0.00064,1e-05,0.00113,2e-05,-8e-05,0.00012,0.00208,-0.01142,0.00256,-0.00367,0.00011,-0.00013,-0.00013,0.00922,0.00133,8e-05,-0.00348,0.00014,3e-05,1e-05
9.34,0.09964,0.00035,0.00312,0.00478,0.00022,7e-05,0.00226,0.00032,-0.0005,0.00127,-3e-05,-0.00012,-0.00018,0.00056,-0.00046,8e-05,0.00106,3e-05,-8e-05,0.00012,0.00189,-0.01123,0.00255,-0.00373,0.00011,-0.00013,-0.00013,0.00902,0.00162,-1e-05,-0.00357,0.00014,3e-05,2e-05
9.36,0.0995,-0.00013,0.00289,0.00477,0.00022,7e-05,0.00206,0.0001,-0.00047,0.0011,-2e-05,-7e-05,-0.00018,0.00067,-0.00033,0.00014,0.00101,3e-05,-8e-05,0.00011,0.00168,-0.01143,0.00262,-0.0038,0.00011,-0.00013,-0.00013,0.00883,0.00155,1e-05,-0.00366,0.00013,3e-05,2e-05
9.38,0.09911,-0.00062,0.00255,0.00476,0.00021,6e-05,0.00161,-9e-05,-0.00036,0.00087,0,-1e-05,-0.00015,0.00081,-0.00028,0.00018,0.00099,4e-05,-8e-05,0.00011,0.00151,-0.0119,0.00276,-0.00389,0.0001,-0.00013,-0.00014,0.00873,0.00119,0.0001,-0.00377,0.00013,3e-05,2e-05
9.4,0.0988,-0.00112,0.00234,0.00475,0.0002,5e-05,0.00111,-5e-05,-0.00017,0.00074,4e-05,5e-05,-9e-05,0.00095,-0.00026,0.00021,0.00098,4e-05,-8e-05,0.00012,0.00146,-0.01241,0.0029,-0.00395,0.0001,-0.00014,-0.00014,0.00875,0.0008,0.00021,-0.00383,0.00012,2e-05,1e-05
9.42,0.09862,-0.00123,0.00228,0.00475,0.00017,5e-05,0.00076,9e-05,-3e-05,0.0007,7e-05,7e-05,-6e-05,0.00102,-0.0002,0.00023,0.00094,4e-05,-8e-05,0.00011,0.0016,-0.0127,0.00292,-0.00391,0.0001,-0.00014,-0.00015,0.00888,0.00064,0.00027,-0.00379,0.00013,2e-05,1e-05
9.44,0.09839,-0.00133,0.00227,0.00473,0.00011,4e-05,0.00048,0.00022,6e-05,0.00066,8e-05,8e-05,-4e-05,0.00108,-0.00011,0.00025,0.0009,4e-05,-9e-05,0.0001,0.00185,-0.01277,0.00288,-0.00383,0.00011,-0.00014,-0.00015,0.00908,0.00067,0.00027,-0.0037,0.00013,2e-05,1e-05
9.46,0.09816,-0.00157,0.00226,0.00472,5e-05,3e-05,0.00026,0.00035,0.00012,0.00064,8e-05,0.0001,-3e-05,0.00116,-6e-05,0.00026,0.00088,5e-05,-9e-05,0.0001,0.00212,-0.0128,0.00284,-0.00377,0.00011,-0.00014,-0.00015,0.00929,0.00069,0.00027,-0.00363,0.00013,2e-05,1e-05
9.48,0.09797,-0.00178,0.00224,0.00471,-1e-05,2e-05,0.00012,0.00049,0.00015,0.00062,8e-05,0.00011,-3e-05,0.00126,-4e-05,0.00027,0.00086,5e-05,-0.0001,0.0001,0.00238,-0.01278,0.00278,-0.0037,0.00011,-0.00014,-0.00015,0.00947,0.00073,0.00026,-0.00355,0.00014,2e-05,0
9.5,0.09787,-0.00204,0.00218,0.0047,-9e-05,1e-05,7e-05,0.00058,0.00014,0.00062,7e-05,0.00011,-5e-05,0.00135,-4e-05,0.00027,0.00086,5e-05,-0.0001,0.0001,0.00259,-0.0128,0.00274,-0.00364,0.00011,-0.00014,-0.00015,0.0096,0.0007,0.00027,-0.00349,0.00014,2e-05,0
9.52,0.09798,-0.00237,0.00211,0.00471,-0.00017,-0,0.00017,0.00066,0.00011,0.00064,5e-05,0.0001,-8e-05,0.00141,-2e-05,0.00027,0.00087,5e-05,-0.0001,0.0001,0.00272,-0.01295,0.00276,-0.00364,0.00011,-0.00014,-0.00015,0.0097,0.00049,0.0003,-0.00348,0.00014,2e-05,-0
9.54,0.0982,-0.00274,0.00208,0.00472,-0.00025,-1e-05,0.00037,0.00076,8e-05,0.00071,3e-05,8e-05,-0.00012,0.00145,-1e-05,0.00027,0.00088,4e-05,-0.0001,0.0001,0.0028,-0.01308,0.00278,-0.00365,0.00011,-0.00014,-0.00015,0.00978,0.00028,0.00033,-0.00349,0.00013,2e-05,-0
9.56,0.09839,-0.00305,0.00207,0.00472,-0.00032,-2e-05,0.0006,0.00086,6e-05,0.00078,1e-05,5e-05,-0.00015,0.00149,-3e-05,0.00027,0.00091,4e-05,-0.0001,0.0001,0.00287,-0.01313,0.00278,-0.00365,0.00011,-0.00014,-0.00015,0.00983,0.00017,0.00034,-0.00349,0.00013,2e-05,-0
9.58,0.09853,-0.00327,0.00204,0.00473,-0.00038,-3e-05,0.00087,0.00092,4e-05,0.00081,0,1e-05,-0.00016,0.00151,-9e-05,0.00025,0.00093,4e-05,-0.0001,0.00011,0.00292,-0.01311,0.00277,-0.00366,0.0001,-0.00014,-0.00016,0.00986,0.00011,0.00034,-0.00348,0.00013,2e-05,-0
9.6,0.09854,-0.0033,0.00199,0.00473,-0.00042,-3e-05,0.00105,0.00094,2e-05,0.00082,-0,-3e-05,-0.00016,0.00149,-0.00016,0.00023,0.00096,4e-05,-9e-05,0.00011,0.00294,-0.01308,0.00277,-0.00366,0.0001,-0.00014,-0.00016,0.00986,8e-05,0.00035,-0.00349,0.00013,2e-05,-0
9.62,0.09838,-0.00317,0.00203,0.00473,-0.00043,-3e-05,0.00109,0.00104,1e-05,0.00085,-1e-05,-3e-05,-0.00016,0.00145,-0.00025,0.0002,0.00098,3e-05,-8e-05,0.00012,0.00292,-0.01307,0.00279,-0.00365,0.0001,-0.00014,-0.00016,0.00983,6e-05,0.00036,-0.0035,0.00013,2e-05,-1e-05
9.64,0.09817,-0.00298,0.00214,0.00472,-0.00042,-3e-05,0.00109,0.0012,1e-05,0.00091,-1e-05,-2e-05,-0.00016,0.00138,-0.00035,0.00016,0.001,3e-05,-7e-05,0.00012,0.00289,-0.01308,0.00281,-0.00365,0.0001,-0.00014,-0.00016,0.00977,4e-05,0.00038,-0.00352,0.00013,2e-05,-1e-05
9.66,0.09799,-0.00275,0.00226,0.0047,-0.00039,-2e-05,0.00116,0.00135,0,0.00097,-1e-05,-1e-05,-0.00017,0.00128,-0.00045,0.00012,0.00101,2e-05,-6e-05,0.00013,0.00285,-0.01308,0.00284,-0.00364,0.0001,-0.00014,-0.00016,0.00971,4e-05,0.0004,-0.00354,0.00012,2e-05,-1e-05
9.68,0.09784,-0.0025,0.00237,0.00469,-0.00036,-1e-05,0.0013,0.00147,-1e-05,0.00104,-1e-05,-1e-05,-0.00017,0.00117,-0.00055,8e-05,0.00101,1e-05,-5e-05,0.00013,0.00281,-0.01306,0.00287,-0.00364,0.0001,-0.00015,-0.00016,0.00965,4e-05,0.00043,-0.00357,0.00012,2e-05,-1e-05
9.7,0.09774,-0.00217,0.00244,0.00467,-0.00031,-1e-05,0.00149,0.00153,-2e-05,0.00111,-1e-05,-2e-05,-0.00018,0.00104,-0.00065,4e-05,0.00101,1e-05,-3e-05,0.00014,0.00276,-0.01306,0.0029,-0.00363,0.0001,-0.00015,-0.00016,0.00959,4e-05,0.00046,-0.00358,0.00012,1e-05,-1e-05
9.72,0.09772,-0.00174,0.00246,0.00465,-0.00022,1e-05,0.00173,0.00155,-4e-05,0.0012,-1e-05,-2e-05,-0.00019,0.00091,-0.00076,-1e-05,0.001,0,-2e-05,0.00014,0.00267,-0.01309,0.00293,-0.00362,0.0001,-0.00015,-0.00016,0.00953,0,0.00049,-0.0036,0.00012,1e-05,-1e-05
9.74,0.09774,-0.00129,0.00245,0.00462,-0.00013,2e-05,0.00202,0.00151,-7e-05,0.00129,-2e-05,-3e-05,-0.0002,0.00078,-0.00085,-5e-05,0.00099,-0,-1e-05,0.00013,0.00257,-0.01314,0.00297,-0.0036,0.0001,-0.00015,-0.00016,0.00947,-4e-05,0.00052,-0.0036,0.00012,1e-05,-1e-05
9.76,0.09777,-0.00087,0.00243,0.0046,-4e-05,3e-05,0.00232,0.00139,-0.00011,0.00134,-2e-05,-5e-05,-0.0002,0.00068,-0.0009,-8e-05,0.00097,-1e-05,0,0.00013,0.00246,-0.01316,0.00299,-0.00359,0.0001,-0.00015,-0.00016,0.00941,-4e-05,0.00054,-0.00361,0.00012,1e-05,-1e-05
9.78,0.09777,-0.00046,0.00238,0.00457,4e-05,4e-05,0.00258,0.0012,-0.00016,0.00135,-2e-05,-6e-05,-0.0002,0.00062,-0.00093,-0.0001,0.00096,-1e-05,1e-05,0.00013,0.00235,-0.01316,0.003,-0.00357,0.0001,-0.00015,-0.00016,0.00934,-1e-05,0.00055,-0.00362,0.00012,1e-05,-1e-05
9.8,0.09777,-0.0002,0.0024,0.00455,0.00011,5e-05,0.00282,0.001,-0.00022,0.00135,-3e-05,-7e-05,-0.0002,0.00057,-0.0009,-0.00012,0.00094,-2e-05,1e-05,0.00013,0.00224,-0.01305,0.00298,-0.00357,0.0001,-0.00015,-0.00016,0.00928,0.00012,0.00052,-0.00362,0.00012,1e-05,-1e-05
9.82,0.09783,-0.0002,0.00257,0.00453,0.00012,6e-05,0.00306,0.00087,-0.00028,0.00137,-3e-05,-9e-05,-0.0002,0.00048,-0.00084,-0.00013,0.00092,-2e-05,1e-05,0.00012,0.00216,-0.0127,0.0029,-0.00359,0.0001,-0.00015,-0.00015,0.00922,0.00042,0.00043,-0.0036,0.00012,1e-05,-1e-05
9.84,0.0979,-0.00034,0.00281,0.00452,9e-05,6e-05,0.00324,0.00077,-0.00035,0.00138,-4e-05,-0.0001,-0.0002,0.0004,-0.00073,-0.00013,0.0009,-2e-05,1e-05,0.00012,0.00208,-0.01219,0.00277,-0.00363,0.0001,-0.00014,-0.00015,0.00916,0.00084,0.0003,-0.00358,0.00012,2e-05,-0
9.86,0.09797,-0.00054,0.00306,0.0045,6e-05,5e-05,0.00331,0.00067,-0.00042,0.00136,-5e-05,-0.00011,-0.0002,0.00039,-0.00058,-0.00011,0.00089,-2e-05,0,0.00012,0.00198,-0.01161,0.00262,-0.00365,0.00011,-0.00014,-0.00014,0.0091,0.00133,0.00014,-0.00356,0.00013,3e-05,1e-05
9.88,0.09805,-0.00075,0.00329,0.00448,2e-05,5e-05,0.00325,0.00056,-0.00047,0.00133,-5e-05,-0.00011,-0.0002,0.00043,-0.00042,-9e-05,0.0009,-2e-05,-1e-05,0.00012,0.00185,-0.01099,0.00245,-0.00368,0.00011,-0.00013,-0.00013,0.00904,0.00182,-3e-05,-0.00353,0.00014,3e-05,1e-05
9.9,0.09822,-0.001,0.00344,0.00447,-5e-05,5e-05,0.00315,0.00047,-0.00052,0.00129,-6e-05,-0.00011,-0.00019,0.00047,-0.00027,-6e-05,0.00092,-2e-05,-2e-05,0.00012,0.00169,-0.01043,0.00229,-0.00371,0.00011,-0.00012,-0.00012,0.00894,0.00227,-0.0002,-0.00353,0.00014,4e-05,2e-05
9.92,0.09853,-0.00139,0.00336,0.00446,-0.00015,3e-05,0.00311,0.0004,-0.00055,0.00125,-7e-05,-0.00014,-0.00017,0.00045,-0.00018,-5e-05,0.00094,-2e-05,-2e-05,0.00012,0.00148,-0.0102,0.00223,-0.00378,0.00011,-0.00012,-0.00011,0.0087,0.00256,-0.00031,-0.0036,0.00014,5e-05,3e-05
9.94,0.09889,-0.00166,0.00297,0.00446,-0.00028,2e-05,0.003,0.0003,-0.00056,0.00118,-8e-05,-0.00016,-0.00013,0.00043,-0.00019,-5e-05,0.00099,-2e-05,-3e-05,0.00013,0.0012,-0.01042,0.00228,-0.00389,0.00011,-0.00012,-0.00011,0.00835,0.0025,-0.00031,-0.00374,0.00014,5e-05,3e-05
9.96,0.09926,-0.00151,0.00235,0.00447,-0.0004,-1e-05,0.00277,0.00016,-0.00056,0.00108,-9e-05,-0.00017,-9e-05,0.00048,-0.00027,-6e-05,0.00106,-2e-05,-3e-05,0.00014,0.00086,-0.01101,0.00241,-0.004,0.0001,-0.00012,-0.00012,0.00798,0.00207,-0.00022,-0.00388,0.00013,4e-05,2e-05
9.98,0.09965,-0.00104,0.00155,0.0045,-0.00051,-3e-05,0.00243,1e-05,-0.00055,0.00098,-0.0001,-0.00017,-5e-05,0.00056,-0.00043,-8e-05,0.00115,-2e-05,-2e-05,0.00015,0.0005,-0.01193,0.00262,-0.00413,0.0001,-0.00013,-0.00013,0.0076,0.00136,-4e-05,-0.00405,0.00012,4e-05,2e-05
10,0.10001,-0.0002,0.00072,0.00455,-0.0006,-5e-05,0.00201,-0.00013,-0.0005,0.00085,-0.00011,-0.00016,-2e-05,0.00066,-0.00062,-0.0001,0.00125,-2e-05,-2e-05,0.00016,0.00018,-0.01288,0.00283,-0.00425,9e-05,-0.00014,-0.00015,0.00736,0.00056,0.00016,-0.00418,0.00011,3e-05,0
10.02,0.10017,0.00084,7e-05,0.00462,-0.00068,-7e-05,0.00149,-0.00023,-0.00039,0.00067,-0.0001,-0.00013,-2e-05,0.00076,-0.00077,-0.00011,0.00134,-2e-05,-2e-05,0.00017,1e-05,-0.01353,0.00295,-0.00432,9e-05,-0.00014,-0.00016,0.00736,-9e-05,0.00032,-0.00423,0.00011,2e-05,-0
10.04,0.09997,0.00168,-0.00031,0.00469,-0.00077,-9e-05,0.00085,-0.00022,-0.00025,0.00048,-9e-05,-9e-05,-3e-05,0.00084,-0.00087,-0.00011,0.00141,-3e-05,-2e-05,0.00018,-5e-05,-0.01392,0.00299,-0.00437,8e-05,-0.00014,-0.00016,0.00749,-0.00052,0.00042,-0.00423,0.0001,2e-05,-1e-05
10.06,0.09946,0.00215,-0.00039,0.00476,-0.00086,-0.0001,0.00015,-9e-05,-0.00011,0.00031,-7e-05,-5e-05,-4e-05,0.00088,-0.0009,-0.0001,0.00146,-3e-05,-2e-05,0.00018,-4e-05,-0.01413,0.003,-0.00442,8e-05,-0.00014,-0.00016,0.00766,-0.00072,0.00048,-0.00421,0.0001,1e-05,-1e-05
10.08,0.09877,0.00222,-0.00021,0.00482,-0.00095,-0.00012,-0.00049,0.00012,1e-05,0.00017,-5e-05,-0,-5e-05,0.00089,-0.00088,-8e-05,0.00148,-3e-05,-3e-05,0.00019,7e-05,-0.01416,0.00298,-0.00448,8e-05,-0.00014,-0.00017,0.00792,-0.00071,0.0005,-0.00419,0.0001,1e-05,-1e-05
10.1,0.09796,0.00203,0.00023,0.00489,-0.00104,-0.00013,-0.00102,0.00044,0.00011,9e-05,-2e-05,4e-05,-7e-05,0.00086,-0.00081,-6e-05,0.00148,-3e-05,-4e-05,0.00019,0.00016,-0.014,0.0029,-0.00451,7e-05,-0.00014,-0.00017,0.00815,-0.00048,0.00047,-0.00414,0.00011,1e-05,-1e-05
10.12,0.09732,0.00175,0.00094,0.00495,-0.00112,-0.00014,-0.00131,0.00095,0.00017,5e-05,-0,7e-05,-8e-05,0.00081,-0.00073,-3e-05,0.00146,-2e-05,-4e-05,0.00019,7e-05,-0.01365,0.00272,-0.0045,7e-05,-0.00013,-0.00016,0.00821,-1e-05,0.00037,-0.00405,0.00011,2e-05,-1e-05
10.14,0.09716,0.00157,0.00157,0.00501,-0.00118,-0.00014,-0.00119,0.0014,0.00019,4e-05,2e-05,9e-05,-8e-05,0.00073,-0.00064,-1e-05,0.00143,-2e-05,-4e-05,0.00018,-0.0001,-0.0133,0.00254,-0.00446,8e-05,-0.00013,-0.00016,0.0082,0.00051,0.00027,-0.00393,0.00012,2e-05,-0
10.16,0.09736,0.00163,0.00187,0.00507,-0.00123,-0.00015,-0.00076,0.0016,0.00017,9e-05,3e-05,8e-05,-8e-05,0.00062,-0.00056,0,0.00139,-2e-05,-4e-05,0.00018,-0.00022,-0.01306,0.00242,-0.00442,8e-05,-0.00013,-0.00016,0.00818,0.00095,0.0002,-0.00382,0.00012,2e-05,-0
10.18,0.09772,0.00203,0.0019,0.00512,-0.00127,-0.00015,-0.00013,0.00155,0.00014,0.00017,3e-05,5e-05,-9e-05,0.00047,-0.00047,1e-05,0.00134,-1e-05,-4e-05,0.00018,-0.00038,-0.01284,0.0023,-0.00436,8e-05,-0.00013,-0.00016,0.00807,0.00141,0.00013,-0.0037,0.00013,2e-05,0
10.2,0.09792,0.00259,0.00172,0.00515,-0.00127,-0.00015,0.00039,0.0013,0.00012,0.00027,4e-05,3e-05,-9e-05,0.00031,-0.0004,1e-05,0.00129,-1e-05,-4e-05,0.00018,-0.00049,-0.01268,0.00224,-0.00429,8e-05,-0.00013,-0.00016,0.00797,0.00173,9e-05,-0.00362,0.00013,3e-05,1e-05
10.22,0.0979,0.0028,0.00159,0.00516,-0.00123,-0.00014,0.00066,0.00106,0.00011,0.00037,4e-05,0,-0.0001,0.00021,-0.00037,1e-05,0.00125,-0,-5e-05,0.00017,-0.00045,-0.01263,0.00228,-0.00428,8e-05,-0.00014,-0.00016,0.00796,0.00177,8e-05,-0.00365,0.00013,3e-05,1e-05
10.24,0.09777,0.00268,0.00164,0.00515,-0.00116,-0.00013,0.00085,0.00093,0.0001,0.00047,4e-05,-1e-05,-0.0001,0.0001,-0.00034,0,0.0012,-0,-6e-05,0.00016,-0.00038,-0.01248,0.00233,-0.00428,8e-05,-0.00014,-0.00016,0.00795,0.00177,5e-05,-0.00372,0.00013,3e-05,1e-05
10.26,0.09753,0.00246,0.00184,0.00513,-0.00109,-0.00011,0.00105,0.00086,0.0001,0.00055,4e-05,-2e-05,-0.00011,-5e-05,-0.00028,-0,0.00115,0,-7e-05,0.00015,-0.00035,-0.01218,0.00235,-0.00427,8e-05,-0.00014,-0.00016,0.00789,0.0018,0,-0.0038,0.00012,3e-05,2e-05
10.28,0.09717,0.00195,0.00217,0.00509,-0.00103,-0.0001,0.00123,0.00085,9e-05,0.00062,4e-05,-2e-05,-0.00011,-0.00024,-0.0002,-1e-05,0.00109,0,-7e-05,0.00014,-0.00032,-0.01174,0.00235,-0.00428,8e-05,-0.00013,-0.00015,0.00787,0.00181,-8e-05,-0.00388,0.00012,3e-05,2e-05
10.3,0.09674,0.00146,0.00257,0.00504,-0.00097,-8e-05,0.00137,0.00089,8e-05,0.00067,4e-05,-2e-05,-0.00012,-0.00041,-0.00013,-3e-05,0.00102,1e-05,-8e-05,0.00013,-0.00025,-0.01128,0.00235,-0.00427,8e-05,-0.00013,-0.00015,0.00794,0.00186,-0.00017,-0.00393,0.00012,4e-05,3e-05
10.32,0.0964,0.00171,0.00289,0.005,-0.00089,-7e-05,0.00147,0.00094,7e-05,0.00072,4e-05,-2e-05,-0.00012,-0.00055,-0.00011,-5e-05,0.00098,1e-05,-7e-05,0.00013,-0.00016,-0.01105,0.00236,-0.00419,8e-05,-0.00013,-0.00014,0.00807,0.00186,-0.00017,-0.00386,0.00012,4e-05,3e-05
10.34,0.09613,0.0023,0.00307,0.00497,-0.00079,-5e-05,0.00157,0.00094,5e-05,0.00077,4e-05,-2e-05,-0.00012,-0.00066,-0.00013,-7e-05,0.00094,0,-7e-05,0.00013,-7e-05,-0.011,0.0024,-0.00409,9e-05,-0.00014,-0.00014,0.00825,0.00168,-0.0001,-0.00377,0.00012,3e-05,2e-05
10.36,0.09589,0.00287,0.00311,0.00494,-0.0007,-4e-05,0.00167,0.00089,3e-05,0.00082,3e-05,-3e-05,-0.00012,-0.00076,-0.00018,-0.0001,0.00091,0,-6e-05,0.00013,-3e-05,-0.01107,0.00246,-0.00402,9e-05,-0.00014,-0.00014,0.00843,0.00131,1e-05,-0.0037,0.00012,3e-05,1e-05
10.38,0.09568,0.00358,0.00299,0.00492,-0.00061,-3e-05,0.00176,0.0008,1e-05,0.00085,2e-05,-3e-05,-0.00013,-0.00086,-0.00026,-0.00013,0.00088,-0,-6e-05,0.00013,-4e-05,-0.01131,0.00253,-0.00395,9e-05,-0.00014,-0.00014,0.00854,0.00079,0.00016,-0.00365,0.00012,2e-05,-0
10.4,0.09544,0.00405,0.00286,0.00489,-0.00055,-2e-05,0.00183,0.00071,-1e-05,0.00087,2e-05,-4e-05,-0.00013,-0.00095,-0.00032,-0.00016,0.00085,-0,-5e-05,0.00013,-7e-05,-0.01155,0.00259,-0.00389,9e-05,-0.00014,-0.00014,0.00858,0.0003,0.0003,-0.00363,0.00012,2e-05,-1e-05
10.42,0.09517,0.00396,0.00288,0.00486,-0.00053,-2e-05,0.00189,0.00067,-2e-05,0.00088,2e-05,-4e-05,-0.00013,-0.00102,-0.00032,-0.00018,0.00082,-1e-05,-4e-05,0.00012,-4e-05,-0.01158,0.00261,-0.00388,9e-05,-0.00014,-0.00014,0.00861,3e-05,0.00033,-0.00364,0.00012,1e-05,-1e-05
10.44,0.09486,0.00356,0.00298,0.00482,-0.00054,-2e-05,0.00191,0.00069,-2e-05,0.00089,1e-05,-4e-05,-0.00013,-0.00109,-0.00029,-0.00018,0.00078,-1e-05,-4e-05,0.00012,0,-0.01148,0.00259,-0.00388,9e-05,-0.00014,-0.00014,0.00861,4e-05,0.00028,-0.00364,0.00012,2e-05,-1e-05
10.46,0.09456,0.00304,0.0031,0.00478,-0.00057,-2e-05,0.00188,0.00076,-1e-05,0.00088,1e-05,-3e-05,-0.00012,-0.00115,-0.00025,-0.00018,0.00074,-1e-05,-4e-05,0.00012,3e-05,-0.01136,0.00254,-0.00386,9e-05,-0.00014,-0.00014,0.00856,0.00028,0.00019,-0.00364,0.00012,2e-05,-1e-05
10.48,0.09429,0.0024,0.00321,0.00474,-0.0006,-3e-05,0.00182,0.00087,0,0.00085,1e-05,-3e-05,-0.00012,-0.0012,-0.00022,-0.00018,0.0007,-1e-05,-3e-05,0.00011,4e-05,-0.01124,0.00246,-0.00383,9e-05,-0.00014,-0.00014,0.00846,0.00071,6e-05,-0.00362,0.00012,3e-05,0
10.5,0.09407,0.00158,0.00332,0.00471,-0.00066,-4e-05,0.00175,0.001,2e-05,0.00082,1e-05,-2e-05,-0.00012,-0.00124,-0.00018,-0.00018,0.00067,-1e-05,-3e-05,0.00011,4e-05,-0.0111,0.00238,-0.00383,0.0001,-0.00013,-0.00013,0.00833,0.00125,-9e-05,-0.00362,0.00012,3e-05,1e-05
10.52,0.09389,0.00047,0.00337,0.00467,-0.00075,-5e-05,0.00169,0.00113,3e-05,0.00078,1e-05,-1e-05,-0.00012,-0.00126,-0.00012,-0.00018,0.00064,-1e-05,-3e-05,0.0001,5e-05,-0.01095,0.00229,-0.00393,0.0001,-0.00013,-0.00013,0.00818,0.00174,-0.00024,-0.00367,0.00013,4e-05,2e-05
10.54,0.09386,-0.00068,0.00325,0.00465,-0.00086,-6e-05,0.00163,0.00122,4e-05,0.00075,1e-05,-0,-0.00011,-0.00127,-8e-05,-0.00017,0.00062,-1e-05,-3e-05,0.0001,-3e-05,-0.01093,0.00223,-0.00409,9e-05,-0.00013,-0.00014,0.008,0.00203,-0.00033,-0.00375,0.00013,5e-05,3e-05
10.56,0.09404,-0.00157,0.00294,0.00464,-0.00097,-8e-05,0.00158,0.00126,5e-05,0.00072,1e-05,0,-0.00011,-0.00125,-0.0001,-0.00018,0.00062,-1e-05,-3e-05,0.0001,-0.00023,-0.01109,0.0022,-0.00426,9e-05,-0.00012,-0.00014,0.0078,0.00207,-0.00033,-0.00383,0.00013,5e-05,3e-05
10.58,0.09439,-0.0023,0.00246,0.00465,-0.00107,-0.00011,0.00155,0.00124,6e-05,0.0007,1e-05,0,-0.00011,-0.00119,-0.00017,-0.00019,0.00064,-1e-05,-3e-05,0.0001,-0.00051,-0.01133,0.00218,-0.00448,8e-05,-0.00012,-0.00014,0.00763,0.00188,-0.00028,-0.00392,0.00012,4e-05,3e-05
10.6,0.09489,-0.00272,0.00188,0.00467,-0.00117,-0.00013,0.00153,0.00117,6e-05,0.00068,1e-05,-0,-0.00011,-0.00112,-0.00025,-0.0002,0.00066,-1e-05,-3e-05,0.0001,-0.00081,-0.01164,0.00218,-0.00467,7e-05,-0.00012,-0.00015,0.00748,0.00159,-0.00018,-0.00398,0.00012,4e-05,2e-05
10.62,0.09543,-0.00272,0.00132,0.00471,-0.00125,-0.00015,0.00152,0.00111,6e-05,0.00068,1e-05,-0,-0.00011,-0.00103,-0.00032,-0.0002,0.00069,-1e-05,-2e-05,0.0001,-0.00106,-0.01198,0.00221,-0.00474,7e-05,-0.00012,-0.00015,0.00737,0.0014,-9e-05,-0.004,0.00012,4e-05,2e-05
10.64,0.09589,-0.00264,0.00083,0.00475,-0.00132,-0.00016,0.00151,0.00104,6e-05,0.00068,1e-05,-1e-05,-0.00011,-0.00093,-0.00038,-0.0002,0.00072,-1e-05,-2e-05,0.00011,-0.0012,-0.01225,0.00225,-0.00474,7e-05,-0.00012,-0.00015,0.0073,0.00132,-3e-05,-0.004,0.00012,3e-05,2e-05
10.66,0.09621,-0.00268,0.00039,0.00478,-0.0014,-0.00018,0.0015,0.00098,7e-05,0.00067,1e-05,-1e-05,-0.00011,-0.00082,-0.00043,-0.0002,0.00076,-1e-05,-2e-05,0.00011,-0.00128,-0.01236,0.00228,-0.00474,7e-05,-0.00012,-0.00015,0.00725,0.00131,-0,-0.00401,0.00012,3e-05,2e-05
10.68,0.09635,-0.0028,4e-05,0.0048,-0.00149,-0.0002,0.00147,0.00092,7e-05,0.00066,1e-05,-2e-05,-0.00011,-0.00071,-0.00046,-0.00019,0.00079,-1e-05,-2e-05,0.00011,-0.00128,-0.01235,0.00231,-0.00472,7e-05,-0.00012,-0.00015,0.00722,0.00141,0,-0.00401,0.00012,3e-05,2e-05
10.7,0.09629,-0.00295,-0.00021,0.0048,-0.00156,-0.00021,0.00144,0.00088,7e-05,0.00065,1e-05,-2e-05,-0.00011,-0.00061,-0.00048,-0.00018,0.00081,-1e-05,-2e-05,0.00011,-0.00121,-0.01222,0.00232,-0.0047,7e-05,-0.00012,-0.00015,0.00721,0.00159,-2e-05,-0.004,0.00012,3e-05,2e-05
10.72,0.09607,-0.00314,-0.00034,0.0048,-0.00161,-0.00021,0.00142,0.00089,7e-05,0.00064,1e-05,-2e-05,-0.00011,-0.00052,-0.0005,-0.00017,0.00084,-1e-05,-2e-05,0.00011,-0.00107,-0.01197,0.00231,-0.00468,7e-05,-0.00012,-0.00014,0.00722,0.00183,-7e-05,-0.004,0.00013,4e-05,2e-05
10.74,0.09566,-0.00332,-0.00037,0.00478,-0.00163,-0.00022,0.00141,0.00091,8e-05,0.00063,2e-05,-1e-05,-0.00011,-0.00043,-0.00053,-0.00016,0.00086,-1e-05,-2e-05,0.00012,-0.00086,-0.01165,0.00228,-0.00465,7e-05,-0.00012,-0.00014,0.00724,0.0021,-0.00012,-0.00399,0.00013,4e-05,2e-05
10.76,0.0951,-0.00348,-0.00032,0.00474,-0.00165,-0.00022,0.00138,0.00093,8e-05,0.00062,2e-05,-1e-05,-0.00011,-0.00036,-0.00056,-0.00016,0.00088,-1e-05,-2e-05,0.00012,-0.00061,-0.01136,0.00227,-0.00461,8e-05,-0.00012,-0.00014,0.00729,0.00237,-0.00018,-0.00398,0.00013,4e-05,3e-05
10.78,0.09444,-0.00361,-0.00022,0.0047,-0.00167,-0.00022,0.00135,0.00094,8e-05,0.0006,2e-05,-0,-0.00011,-0.0003,-0.00061,-0.00016,0.00091,-1e-05,-2e-05,0.00012,-0.00032,-0.01116,0.00228,-0.00458,8e-05,-0.00012,-0.00013,0.00738,0.00256,-0.0002,-0.00397,0.00013,4e-05,3e-05
10.8,0.09375,-0.00355,-8e-05,0.00465,-0.00165,-0.00021,0.00132,0.00094,9e-05,0.00059,2e-05,-0,-0.00011,-0.00024,-0.00068,-0.00016,0.00094,-1e-05,-1e-05,0.00013,2e-05,-0.01107,0.00232,-0.00454,8e-05,-0.00012,-0.00013,0.00755,0.00263,-0.0002,-0.00396,0.00013,4e-05,3e-05
10.82,0.09312,-0.00306,9e-05,0.0046,-0.00155,-0.00019,0.0013,0.00094,9e-05,0.00058,3e-05,0,-0.0001,-0.00015,-0.00076,-0.00016,0.00098,-1e-05,-1e-05,0.00013,0.0004,-0.01109,0.00237,-0.00448,8e-05,-0.00012,-0.00014,0.00783,0.0025,-0.00018,-0.00394,0.00013,4e-05,3e-05
10.84,0.09263,-0.00216,0.00016,0.00456,-0.00141,-0.00017,0.00128,0.00088,8e-05,0.00058,3e-05,0,-0.0001,-6e-05,-0.00088,-0.00017,0.00102,-1e-05,-0,0.00014,0.0008,-0.01144,0.0025,-0.00443,8e-05,-0.00013,-0.00014,0.00822,0.00203,-7e-05,-0.00393,0.00013,4e-05,2e-05
10.86,0.09227,-0.00089,5e-05,0.00453,-0.00125,-0.00015,0.00129,0.00073,8e-05,0.00059,2e-05,-0,-0.0001,2e-05,-0.00104,-0.00019,0.00106,-1e-05,0,0.00015,0.00119,-0.01226,0.00274,-0.00441,8e-05,-0.00014,-0.00016,0.00868,0.00111,0.00015,-0.00392,0.00013,3e-05,1e-05
10.88,0.09197,0.00092,-0.00021,0.0045,-0.00106,-0.00013,0.0013,0.00052,6e-05,0.00061,2e-05,-1e-05,-0.0001,7e-05,-0.00123,-0.00021,0.0011,-1e-05,1e-05,0.00015,0.00147,-0.01348,0.00306,-0.00442,8e-05,-0.00016,-0.00018,0.00918,-0.00024,0.00048,-0.00392,0.00012,1e-05,-1e-05
10.9,0.09181,0.00262,-0.00058,0.00447,-0.00087,-0.00011,0.00132,0.00026,5e-05,0.00063,2e-05,-2e-05,-0.0001,0.00013,-0.00144,-0.00024,0.00114,-1e-05,2e-05,0.00016,0.00179,-0.01489,0.00344,-0.00446,8e-05,-0.00017,-0.0002,0.00971,-0.00178,0.00087,-0.00393,0.00012,-0,-4e-05
10.92,0.09209,0.00264,-0.00067,0.00443,-0.00075,-9e-05,0.00138,0.00015,4e-05,0.00065,2e-05,-3e-05,-0.0001,0.00018,-0.00157,-0.00024,0.00115,-1e-05,3e-05,0.00016,0.00253,-0.01573,0.00374,-0.00445,8e-05,-0.00018,-0.00022,0.01031,-0.00274,0.00117,-0.00389,0.00011,-1e-05,-6e-05
10.94,0.09254,0.00148,-0.00014,0.00439,-0.00068,-8e-05,0.00144,0.00027,4e-05,0.00065,2e-05,-2e-05,-9e-05,0.0002,-0.00152,-0.00021,0.00111,-1e-05,3e-05,0.00015,0.00339,-0.0155,0.0038,-0.00437,8e-05,-0.00018,-0.00022,0.01079,-0.00282,0.00123,-0.00383,0.00011,-2e-05,-6e-05
10.96,0.09267,5e-05,0.00093,0.00434,-0.0006,-5e-05,0.00143,0.00055,5e-05,0.00063,2e-05,-1e-05,-9e-05,0.00016,-0.00129,-0.00016,0.00102,-1e-05,3e-05,0.00014,0.00396,-0.01433,0.00359,-0.00427,8e-05,-0.00017,-0.0002,0.011,-0.00213,0.00101,-0.00376,0.00011,-1e-05,-5e-05
10.98,0.09233,-0.00145,0.00244,0.00426,-0.00048,-2e-05,0.00135,0.00095,6e-05,0.00057,2e-05,1e-05,-7e-05,0.0001,-0.00091,-0.0001,0.00088,-0,2e-05,0.00012,0.00423,-0.0123,0.00312,-0.0042,7e-05,-0.00015,-0.00017,0.01091,-0.00069,0.00056,-0.0037,0.00011,1e-05,-3e-05
11,0.09156,-0.00232,0.00388,0.00419,-0.00032,2e-05,0.00122,0.00129,7e-05,0.00051,2e-05,3e-05,-6e-05,2e-05,-0.00053,-5e-05,0.00071,-0,1e-05,0.0001,0.0041,-0.01028,0.0026,-0.00417,7e-05,-0.00012,-0.00014,0.01062,0.00082,5e-05,-0.00365,0.00011,3e-05,-0
11.02,0.09119,-0.00293,0.00478,0.00418,-0.00022,4e-05,0.00113,0.00148,7e-05,0.0005,2e-05,4e-05,-5e-05,-8e-05,-0.00026,-3e-05,0.00059,0,0,9e-05,0.00383,-0.00917,0.00229,-0.00415,7e-05,-0.00011,-0.00012,0.01039,0.00173,-0.00029,-0.00361,0.00012,5e-05,1e-05
11.04,0.09157,-0.00344,0.00522,0.00424,-0.00016,6e-05,0.00111,0.00157,6e-05,0.00054,2e-05,4e-05,-5e-05,-0.00012,-0.0001,-1e-05,0.00052,0,-0,8e-05,0.0037,-0.00881,0.0022,-0.00412,7e-05,-0.0001,-0.00011,0.0103,0.00215,-0.00045,-0.00358,0.00012,5e-05,2e-05
11.06,0.09253,-0.00367,0.00532,0.00433,-0.00011,6e-05,0.00117,0.00157,5e-05,0.00059,2e-05,4e-05,-5e-05,-0.0001,-4e-05,-0,0.00048,0,-0,7e-05,0.00373,-0.00896,0.00227,-0.00408,7e-05,-0.0001,-0.00011,0.01027,0.00228,-0.00047,-0.00354,0.00012,5e-05,3e-05
11.08,0.09395,-0.00356,0.00514,0.00445,-5e-05,7e-05,0.00127,0.0015,3e-05,0.00065,1e-05,3e-05,-6e-05,-2e-05,-6e-05,0,0.00047,0,0,7e-05,0.00386,-0.00956,0.00246,-0.00402,8e-05,-0.00011,-0.00012,0.01029,0.00219,-0.00036,-0.00351,0.00013,5e-05,2e-05
11.1,0.09573,-0.00344,0.00476,0.0046,-2e-05,6e-05,0.0014,0.0014,1e-05,0.00071,1e-05,2e-05,-7e-05,0.0001,-0.00014,0,0.0005,1e-05,0,8e-05,0.00407,-0.01045,0.00276,-0.00397,9e-05,-0.00012,-0.00013,0.01034,0.0019,-0.00016,-0.0035,0.00013,4e-05,2e-05
11.12,0.09741,-0.00355,0.00438,0.00474,-1e-05,6e-05,0.00152,0.00131,-1e-05,0.00075,1e-05,2e-05,-7e-05,0.00019,-0.00022,1e-05,0.00053,1e-05,1e-05,8e-05,0.00418,-0.01128,0.00305,-0.00404,9e-05,-0.00014,-0.00015,0.01033,0.00154,2e-05,-0.00358,0.00013,3e-05,1e-05
11.14,0.09856,-0.00368,0.00425,0.00485,2e-05,5e-05,0.00156,0.00129,-2e-05,0.00076,0,2e-05,-7e-05,0.00026,-0.00025,1e-05,0.00055,1e-05,1e-05,8e-05,0.00407,-0.01161,0.00319,-0.00417,8e-05,-0.00014,-0.00015,0.01013,0.00149,9e-05,-0.0037,0.00012,3e-05,1e-05
11.16,0.09945,-0.00398,0.00439,0.00494,4e-05,6e-05,0.00157,0.00135,-3e-05,0.00078,0,2e-05,-7e-05,0.00032,-0.00019,2e-05,0.00054,1e-05,1e-05,8e-05,0.00391,-0.01144,0.00318,-0.00427,8e-05,-0.00014,-0.00015,0.00982,0.00181,3e-05,-0.00384,0.00012,3e-05,2e-05
11.18,0.10029,-0.00439,0.00465,0.00503,6e-05,6e-05,0.00158,0.00146,-3e-05,0.00081,-0,2e-05,-7e-05,0.0004,-0.00011,3e-05,0.00053,1e-05,1e-05,8e-05,0.00381,-0.01104,0.0031,-0.00435,8e-05,-0.00013,-0.00014,0.00954,0.00216,-7e-05,-0.00401,0.00011,3e-05,3e-05
11.2,0.10134,-0.00479,0.00482,0.00512,5e-05,6e-05,0.00162,0.00155,-3e-05,0.00084,-0,2e-05,-8e-05,0.00049,-4e-05,5e-05,0.00053,1e-05,0,8e-05,0.00385,-0.01072,0.00303,-0.00438,7e-05,-0.00013,-0.00014,0.00932,0.00244,-0.00013,-0.00415,0.00011,3e-05,4e-05
11.22,0.10252,-0.0052,0.00474,0.00523,1e-05,5e-05,0.00165,0.00158,-4e-05,0.00086,-0,2e-05,-8e-05,0.00057,-3e-05,5e-05,0.00054,1e-05,0,8e-05,0.00393,-0.01066,0.003,-0.00437,8e-05,-0.00013,-0.00014,0.00914,0.00274,-0.00012,-0.00415,0.00011,3e-05,4e-05
11.24,0.1038,-0.00507,0.00445,0.00534,-3e-05,4e-05,0.0017,0.00155,-5e-05,0.00088,-0,2e-05,-8e-05,0.00064,-0.0001,5e-05,0.00057,1e-05,1e-05,9e-05,0.00404,-0.01087,0.00303,-0.00435,8e-05,-0.00013,-0.00014,0.00903,0.00282,-5e-05,-0.0041,0.00011,3e-05,3e-05
11.26,0.1051,-0.00467,0.00416,0.00544,-5e-05,3e-05,0.00175,0.00152,-6e-05,0.00088,-1e-05,2e-05,-8e-05,0.00072,-0.00019,5e-05,0.0006,1e-05,1e-05,9e-05,0.00417,-0.0111,0.00307,-0.00433,8e-05,-0.00014,-0.00015,0.00901,0.00277,2e-05,-0.00406,0.00011,3e-05,3e-05
11.28,0.10646,-0.00386,0.00384,0.00555,-5e-05,2e-05,0.00181,0.00147,-6e-05,0.00089,-1e-05,1e-05,-8e-05,0.00081,-0.0003,5e-05,0.00064,1e-05,2e-05,9e-05,0.00433,-0.01137,0.00311,-0.00428,8e-05,-0.00014,-0.00015,0.00907,0.00261,0.00011,-0.00397,0.00011,2e-05,2e-05
11.3,0.10775,-0.00319,0.0036,0.00566,-5e-05,2e-05,0.00186,0.00146,-7e-05,0.0009,-1e-05,1e-05,-8e-05,0.00088,-0.00038,5e-05,0.00067,1e-05,2e-05,0.0001,0.00444,-0.01153,0.00313,-0.00424,9e-05,-0.00014,-0.00015,0.00915,0.00247,0.00015,-0.00391,0.00012,2e-05,2e-05
11.32,0.10879,-0.00379,0.00359,0.00575,-0.00011,1e-05,0.00184,0.00153,-6e-05,0.00092,-1e-05,2e-05,-8e-05,0.00088,-0.00036,5e-05,0.00067,1e-05,2e-05,0.0001,0.00432,-0.01137,0.0031,-0.00429,8e-05,-0.00014,-0.00015,0.00912,0.00256,8e-05,-0.00397,0.00012,2e-05,2e-05
11.34,0.1099,-0.00417,0.00351,0.00585,-0.00015,-0,0.00184,0.00157,-5e-05,0.00093,-1e-05,2e-05,-8e-05,0.00088,-0.00038,5e-05,0.00069,1e-05,2e-05,0.0001,0.00416,-0.01136,0.00311,-0.00437,8e-05,-0.00014,-0.00015,0.00913,0.00246,5e-05,-0.00404,0.00011,3e-05,2e-05
11.36,0.11114,-0.00385,0.0033,0.00596,-0.00016,-1e-05,0.00185,0.00156,-5e-05,0.00093,-1e-05,2e-05,-8e-05,0.0009,-0.00045,5e-05,0.00072,1e-05,3e-05,0.0001,0.00406,-0.0116,0.00318,-0.00442,8e-05,-0.00014,-0.00015,0.0092,0.00211,8e-05,-0.00408,0.00011,2e-05,2e-05
11.38,0.11243,-0.0027,0.00289,0.00607,-0.00012,-1e-05,0.0019,0.00147,-5e-05,0.00093,-0,2e-05,-8e-05,0.00093,-0.0006,4e-05,0.00077,1e-05,3e-05,0.00011,0.00399,-0.01222,0.00336,-0.00448,7e-05,-0.00014,-0.00016,0.00935,0.00138,0.0002,-0.00413,0.0001,2e-05,1e-05
11.4,0.11376,-0.00116,0.0024,0.00617,-6e-05,-1e-05,0.00194,0.00133,-5e-05,0.00092,-1e-05,1e-05,-9e-05,0.00097,-0.00079,4e-05,0.00083,1e-05,4e-05,0.00011,0.0039,-0.01301,0.00356,-0.00453,7e-05,-0.00015,-0.00017,0.0095,0.00052,0.00037,-0.00413,0.0001,2e-05,-0
11.42,0.11519,-0.00132,0.00238,0.00629,-9e-05,-2e-05,0.00196,0.00138,-5e-05,0.00094,-1e-05,1e-05,-9e-05,0.00098,-0.00079,4e-05,0.00085,1e-05,4e-05,0.00012,0.00384,-0.01302,0.00347,-0.00449,7e-05,-0.00015,-0.00017,0.00956,0.00046,0.00034,-0.004,0.0001,2e-05,-1e-05
11.44,0.11652,-0.00207,0.00267,0.00639,-0.00013,-2e-05,0.00196,0.00153,-5e-05,0.00099,-1e-05,1e-05,-9e-05,0.00096,-0.00068,4e-05,0.00084,1e-05,3e-05,0.00012,0.00381,-0.01257,0.00324,-0.00439,8e-05,-0.00014,-0.00016,0.00956,0.00079,0.00019,-0.00384,0.00011,3e-05,-0
11.46,0.1176,-0.00244,0.00298,0.00648,-0.00015,-2e-05,0.00195,0.00165,-5e-05,0.00102,-1e-05,2e-05,-0.0001,0.00095,-0.00057,5e-05,0.00082,2e-05,3e-05,0.00012,0.00377,-0.01215,0.00303,-0.0043,8e-05,-0.00014,-0.00016,0.00952,0.00104,6e-05,-0.00371,0.00011,3e-05,-0
11.48,0.1183,-0.00247,0.00337,0.00654,-0.00015,-2e-05,0.00194,0.00178,-5e-05,0.00106,-1e-05,2e-05,-0.0001,0.00093,-0.00045,5e-05,0.0008,2e-05,2e-05,0.00012,0.00371,-0.0116,0.00278,-0.00419,9e-05,-0.00013,-0.00014,0.00939,0.00139,-8e-05,-0.0036,0.00011,4e-05,0
11.5,0.11904,-0.00187,0.0035,0.00658,-0.00011,-1e-05,0.00194,0.0018,-5e-05,0.00108,-2e-05,1e-05,-0.00011,0.00093,-0.00042,6e-05,0.0008,2e-05,1e-05,0.00012,0.0037,-0.01146,0.00268,-0.00411,9e-05,-0.00012,-0.00014,0.00931,0.00135,-0.0001,-0.00354,0.00012,4e-05,-0
11.52,0.12,-0.0016,0.00318,0.00662,-8e-05,-1e-05,0.00196,0.00169,-5e-05,0.00107,-2e-05,1e-05,-0.00011,0.00093,-0.00052,5e-05,0.00085,2e-05,2e-05,0.00012,0.00374,-0.01203,0.00284,-0.00413,9e-05,-0.00013,-0.00015,0.00937,0.00068,6e-05,-0.0036,0.00011,3e-05,-1e-05
11.54,0.12004,-0.00153,0.00281,0.0066,-6e-05,-1e-05,0.0019,0.00157,-5e-05,0.00103,-1e-05,1e-05,-0.00011,0.00088,-0.00061,3e-05,0.00088,2e-05,2e-05,0.00013,0.00357,-0.01268,0.00303,-0.00423,9e-05,-0.00014,-0.00016,0.00927,-5e-05,0.00022,-0.00377,0.0001,3e-05,-1e-05
11.56,0.119,-0.00198,0.00281,0.0065,-7e-05,-1e-05,0.00178,0.00155,-4e-05,0.001,-1e-05,1e-05,-0.00011,0.00076,-0.00056,2e-05,0.00086,2e-05,2e-05,0.00012,0.00325,-0.01273,0.00306,-0.00433,8e-05,-0.00014,-0.00016,0.00899,-0.00018,0.00019,-0.00397,0.0001,3e-05,-0
11.58,0.11704,-0.00318,0.00315,0.00635,-0.00012,-1e-05,0.0016,0.00165,-2e-05,0.00097,-1e-05,2e-05,-0.00011,0.00058,-0.0004,1e-05,0.00079,1e-05,2e-05,0.00012,0.00284,-0.01222,0.00295,-0.00447,7e-05,-0.00013,-0.00015,0.00858,0.0002,0,-0.00418,9e-05,4e-05,2e-05
11.6,0.11491,-0.0047,0.00388,0.00617,-0.00018,-0,0.00144,0.00186,-0,0.00098,-0,3e-05,-0.00011,0.00039,-0.00012,2e-05,0.0007,1e-05,2e-05,0.00011,0.00265,-0.01109,0.0027,-0.00446,6e-05,-0.00012,-0.00013,0.00828,0.00115,-0.00034,-0.00424,9e-05,4e-05,4e-05
11.62,0.11356,-0.00527,0.00475,0.00601,-0.00014,2e-05,0.00137,0.00206,2e-05,0.00102,0,4e-05,-0.00011,0.00027,0.00015,4e-05,0.00064,1e-05,1e-05,0.0001,0.0029,-0.00963,0.00234,-0.00417,8e-05,-0.00011,-0.00011,0.00841,0.00241,-0.00069,-0.00404,0.00011,5e-05,7e-05
11.64,0.11269,-0.00447,0.00523,0.00587,-2e-05,4e-05,0.00136,0.00211,3e-05,0.00104,0,4e-05,-0.00011,0.00022,0.00027,4e-05,0.00064,1e-05,0,0.0001,0.00331,-0.00859,0.0021,-0.00384,9e-05,-0.0001,-9e-05,0.00882,0.00328,-0.00088,-0.00374,0.00013,5e-05,9e-05
11.66,0.11172,-0.0029,0.00518,0.00573,0.00012,6e-05,0.00135,0.00199,3e-05,0.00104,0,4e-05,-0.00011,0.0002,0.00021,4e-05,0.00068,1e-05,1e-05,0.00011,0.00365,-0.00828,0.00203,-0.0036,0.0001,-0.0001,-9e-05,0.00923,0.00348,-0.00084,-0.00351,0.00014,4e-05,0.00011
11.68,0.1106,-0.0007,0.00463,0.00559,0.00029,7e-05,0.00133,0.00174,3e-05,0.001,0,3e-05,-0.00011,0.00019,0,1e-05,0.00075,1e-05,1e-05,0.00011,0.00391,-0.00875,0.00213,-0.00338,0.00012,-0.00011,-0.0001,0.00958,0.00299,-0.00059,-0.00333,0.00015,1e-05,0.00011
11.7,0.1089,0.00103,0.00382,0.00541,0.0004,8e-05,0.00129,0.00145,2e-05,0.00095,1e-05,2e-05,-0.00011,0.00016,-0.00024,-2e-05,0.00081,1e-05,3e-05,0.00012,0.00403,-0.00966,0.00232,-0.00324,0.00013,-0.00012,-0.00011,0.00975,0.00212,-0.00025,-0.00323,0.00016,-2e-05,0.00011
11.72,0.10646,0.00177,0.00313,0.00519,0.00042,8e-05,0.00123,0.00124,2e-05,0.00091,0,1e-05,-0.00011,0.00013,-0.0004,-4e-05,0.00084,1e-05,3e-05,0.00012,0.00406,-0.01035,0.00246,-0.00319,0.00014,-0.00013,-0.00013,0.00977,0.00139,1e-05,-0.00322,0.00016,-5e-05,0.00011
11.74,0.10368,0.00221,0.0026,0.00495,0.00043,8e-05,0.00116,0.00108,1e-05,0.00087,0,1e-05,-0.0001,0.0001,-0.00048,-6e-05,0.00086,1e-05,4e-05,0.00012,0.00407,-0.01088,0.00254,-0.00317,0.00016,-0.00015,-0.00015,0.00976,0.00085,0.00019,-0.00321,0.00017,-8e-05,0.00011
11.76,0.10079,0.0026,0.00216,0.0047,0.00043,8e-05,0.00108,0.00096,1e-05,0.00084,0,0,-0.0001,7e-05,-0.00054,-7e-05,0.00087,1e-05,4e-05,0.00012,0.00405,-0.01138,0.0026,-0.00313,0.00018,-0.00016,-0.00017,0.00973,0.00044,0.00033,-0.00318,0.00019,-0.0001,0.0001
11.78,0.09783,0.00295,0.00185,0.00445,0.00045,8e-05,0.001,0.00089,1e-05,0.00082,0,1e-05,-0.0001,4e-05,-0.00056,-8e-05,0.00087,0,4e-05,0.00012,0.00402,-0.01175,0.00261,-0.00309,0.0002,-0.00018,-0.00019,0.00969,0.0002,0.00039,-0.00314,0.00021,-0.00012,7e-05
11.8,0.09493,0.00322,0.00172,0.00421,0.00046,8e-05,0.00092,0.00087,2e-05,0.00081,0,1e-05,-0.0001,3e-05,-0.00053,-8e-05,0.00086,0,4e-05,0.00012,0.00398,-0.01189,0.00256,-0.00303,0.00023,-0.00019,-0.00022,0.00961,0.00026,0.00034,-0.00309,0.00023,-0.00012,3e-05
11.82,0.09217,0.00338,0.00177,0.00398,0.00047,8e-05,0.00087,0.00089,2e-05,0.00081,-0,1e-05,-0.0001,3e-05,-0.00044,-6e-05,0.00085,1e-05,3e-05,0.00012,0.00389,-0.01173,0.00244,-0.00295,0.00027,-0.00021,-0.00024,0.00945,0.00069,0.00016,-0.00304,0.00026,-0.00011,-4e-05
11.84,0.08954,0.00355,0.00188,0.00377,0.00048,8e-05,0.00083,0.00093,2e-05,0.00083,-0,2e-05,-0.0001,5e-05,-0.00033,-4e-05,0.00084,1e-05,3e-05,0.00012,0.00378,-0.01148,0.00231,-0.00287,0.0003,-0.00022,-0.00026,0.00919,0.00127,-0.0001,-0.00301,0.00028,-7e-05,-0.00015
11.86,0.08706,0.00379,0.00197,0.00358,0.0005,9e-05,0.0008,0.00096,3e-05,0.00084,-0,2e-05,-0.0001,5e-05,-0.00024,-3e-05,0.00083,1e-05,3e-05,0.00011,0.00363,-0.01129,0.0022,-0.00279,0.00034,-0.00024,-0.00028,0.0083,0.00181,-0.00047,-0.00164,9e-05,-6e-05,-0.00034
11.88,0.08473,0.00405,0.00201,0.00339,0.00052,9e-05,0.00078,0.00099,3e-05,0.00086,-1e-05,3e-05,-0.0001,6e-05,-0.00017,-1e-05,0.00082,1e-05,2e-05,0.00011,0.00345,-0.01114,0.0021,-0.00274,0.00037,-0.00025,-0.00029,0.00675,0.00232,-0.00093,0.0012,-0.00035,-0.0001,-0.00062
11.9,0.08262,0.00429,0.00202,0.00322,0.00054,9e-05,0.00077,0.00101,3e-05,0.00088,-1e-05,3e-05,-0.0001,7e-05,-0.00011,-0,0.00082,1e-05,2e-05,0.00011,0.00322,-0.01107,0.00203,-0.0027,0.00038,-0.00025,-0.0003,0.0048,0.00265,-0.00144,0.00502,-0.00098,-0.00016,-0.001
11.92,0.08085,0.00445,0.00199,0.00308,0.00055,9e-05,0.00078,0.00101,2e-05,0.0009,-1e-05,3e-05,-0.0001,9e-05,-6e-05,1e-05,0.00083,1e-05,2e-05,0.00011,0.00292,-0.01109,0.002,-0.00268,0.00037,-0.00024,-0.00028,0.0025,0.00272,-0.00196,0.00992,-0.00182,-0.00024,-0.00148
11.94,0.07931,0.00455,0.00194,0.00296,0.00055,8e-05,0.00081,0.00101,1e-05,0.00093,-1e-05,3e-05,-0.0001,0.00012,-2e-05,2e-05,0.00085,2e-05,2e-05,0.00011,0.00255,-0.01113,0.00198,-0.0027,0.00033,-0.00021,-0.00025,-0.00013,0.00262,-0.00248,0.01591,-0.0029,-0.00035,-0.00207
11.96,0.07792,0.00462,0.00187,0.00285,0.00055,8e-05,0.00084,0.00101,0,0.00096,-2e-05,3e-05,-0.0001,0.00014,1e-05,3e-05,0.00087,2e-05,2e-05,0.00011,0.00207,-0.01112,0.00197,-0.00281,0.00023,-0.00016,-0.00018,-0.00303,0.00242,-0.00297,0.02282,-0.0042,-0.00049,-0.00274
11.98,0.07662,0.00467,0.00177,0.00275,0.00053,8e-05,0.00089,0.001,-1e-05,0.00099,-2e-05,3e-05,-0.00011,0.00016,3e-05,4e-05,0.0009,2e-05,2e-05,0.00011,0.0015,-0.01095,0.00194,-0.00299,5e-05,-7e-05,-6e-05,-0.00609,0.00209,-0.00337,0.0303,-0.00571,-0.00067,-0.00346
12,0.07547,0.00466,0.00166,0.00267,0.00052,7e-05,0.00094,0.00098,-2e-05,0.00102,-2e-05,3e-05,-0.00011,0.00018,3e-05,4e-05,0.00092,2e-05,2e-05,0.00011,0.00084,-0.01012,0.00178,-0.00307,-0.00026,8e-05,0.00013,-0.009,0.00178,-0.0037,0.03782,-0.00735,-0.00085,-0.00413
12.02,0.07452,0.00458,0.00154,0.00262,0.0005,7e-05,0.00098,0.00096,-4e-05,0.00106,-2e-05,2e-05,-0.00011,0.00019,3e-05,4e-05,0.00095,2e-05,3e-05,0.00012,-1e-05,-0.00885,0.00156,-0.00321,-0.00071,0.0003,0.00041,-0.01104,0.00151,-0.00407,0.04491,-0.00899,-0.00091,-0.00459
12.04,0.07365,0.00442,0.00141,0.00257,0.00047,7e-05,0.00103,0.00092,-5e-05,0.0011,-2e-05,2e-05,-0.00012,0.0002,3e-05,4e-05,0.00098,2e-05,3e-05,0.00012,-0.00099,-0.00711,0.00129,-0.0034,-0.00129,0.0006,0.00076,-0.0123,0.00108,-0.00427,0.05094,-0.01056,-0.00085,-0.00479
12.06,0.07271,0.00423,0.00128,0.00252,0.00044,6e-05,0.00108,0.00089,-7e-05,0.00114,-3e-05,2e-05,-0.00012,0.00022,2e-05,4e-05,0.00102,2e-05,3e-05,0.00012,-0.00205,-0.00492,0.001,-0.00366,-0.00203,0.00095,0.00119,-0.01306,0.0005,-0.00419,0.05553,-0.012,-0.00074,-0.00475
12.08,0.07168,0.00399,0.00115,0.00247,0.00041,6e-05,0.00112,0.00085,-9e-05,0.00118,-3e-05,1e-05,-0.00013,0.00024,1e-05,4e-05,0.00105,2e-05,3e-05,0.00012,-0.0032,-0.00229,0.0007,-0.00398,-0.00291,0.00137,0.0017,-0.01327,-0.00021,-0.00388,0.05861,-0.01329,-0.00051,-0.00444
12.1,0.07057,0.00375,0.00103,0.00241,0.00037,5e-05,0.00115,0.00082,-0.00011,0.00121,-3e-05,1e-05,-0.00013,0.00028,-0,4e-05,0.00109,3e-05,3e-05,0.00013,-0.00436,0.00067,0.00041,-0.00435,-0.00389,0.00184,0.00226,-0.01319,-0.00094,-0.00333,0.06028,-0.01442,-0.00024,-0.00395
12.12,0.06937,0.00356,0.00092,0.00235,0.00033,5e-05,0.00119,0.00078,-0.00013,0.00124,-3e-05,1e-05,-0.00013,0.00032,1e-05,5e-05,0.00114,3e-05,3e-05,0.00013,-0.00544,0.00375,0.00014,-0.00473,-0.00492,0.00233,0.00285,-0.0131,-0.00126,-0.00265,0.06084,-0.01548,-0.00012,-0.00347
12.14,0.06806,0.00343,0.00083,0.00227,0.0003,4e-05,0.00121,0.00073,-0.00014,0.00128,-3e-05,1e-05,-0.00013,0.00038,3e-05,7e-05,0.00118,3e-05,3e-05,0.00013,-0.00645,0.00675,-0.0001,-0.00509,-0.00593,0.0028,0.00341,-0.01297,-0.00128,-0.00197,0.06052,-0.01642,-7e-05,-0.00298
12.16,0.0666,0.00334,0.00075,0.00219,0.00027,4e-05,0.00124,0.00069,-0.00016,0.00131,-4e-05,1e-05,-0.00014,0.00044,5e-05,8e-05,0.00122,3e-05,3e-05,0.00014,-0.00736,0.0095,-0.00027,-0.00541,-0.00685,0.00322,0.00391,-0.01266,-0.00129,-0.00132,0.05958,-0.01719,-3e-05,-0.00249
12.18,0.06499,0.00331,0.00068,0.0021,0.00025,4e-05,0.00125,0.00064,-0.00018,0.00134,-4e-05,0,-0.00014,0.00051,7e-05,0.00011,0.00127,4e-05,3e-05,0.00014,-0.00814,0.01188,-0.00037,-0.00567,-0.00765,0.00359,0.00434,-0.01237,-0.00125,-0.00071,0.05816,-0.01785,-6e-05,-0.00209
12.2,0.06328,0.00336,0.00061,0.002,0.00023,3e-05,0.00127,0.00059,-0.0002,0.00136,-4e-05,0,-0.00014,0.00058,0.0001,0.00013,0.00131,4e-05,2e-05,0.00015,-0.00877,0.01384,-0.00041,-0.00587,-0.00831,0.00387,0.00468,-0.01186,-0.00119,-0.00022,0.05672,-0.01832,-8e-05,-0.00174
12.22,0.06154,0.0035,0.00058,0.0019,0.00023,3e-05,0.00131,0.00055,-0.00022,0.00138,-4e-05,0,-0.00014,0.00063,0.00013,0.00015,0.00135,4e-05,2e-05,0.00015,-0.00924,0.01534,-0.0004,-0.00604,-0.00886,0.00404,0.00493,-0.0107,-0.00127,0.00013,0.05578,-0.0185,6e-05,-0.00133
12.24,0.05974,0.00371,0.00055,0.0018,0.00024,4e-05,0.00136,0.00051,-0.00024,0.00139,-4e-05,-0,-0.00014,0.00068,0.00016,0.00017,0.00138,4e-05,2e-05,0.00015,-0.00959,0.01642,-0.00035,-0.00616,-0.0093,0.00414,0.00511,-0.00931,-0.0015,0.00043,0.05504,-0.01852,0.00024,-0.00096
12.26,0.05782,0.004,0.00052,0.00169,0.00025,4e-05,0.0014,0.00045,-0.00026,0.00139,-4e-05,-0,-0.00014,0.00072,0.0002,0.00019,0.00141,4e-05,2e-05,0.00015,-0.00984,0.01714,-0.00025,-0.00623,-0.00962,0.00419,0.00522,-0.00797,-0.00187,0.0007,0.05428,-0.01849,0.00037,-0.0007
12.28,0.05582,0.00438,0.00048,0.00158,0.00026,4e-05,0.00146,0.00039,-0.00029,0.0014,-5e-05,-1e-05,-0.00014,0.00075,0.00024,0.00021,0.00144,5e-05,2e-05,0.00016,-0.01,0.01755,-0.00014,-0.00627,-0.00986,0.00418,0.00528,-0.00663,-0.00245,0.00098,0.05366,-0.0184,0.00046,-0.00054
12.3,0.05376,0.00475,0.00043,0.00146,0.00028,4e-05,0.00151,0.00031,-0.00031,0.00139,-5e-05,-1e-05,-0.00014,0.00077,0.00027,0.00022,0.00146,5e-05,2e-05,0.00016,-0.01007,0.01776,2e-05,-0.00628,-0.01003,0.00418,0.00531,-0.00525,-0.00307,0.00121,0.05309,-0.01827,0.00056,-0.00041
12.32,0.05169,0.00498,0.00036,0.00135,0.0003,4e-05,0.00152,0.00021,-0.00033,0.0014,-5e-05,-1e-05,-0.00014,0.00078,0.00028,0.00022,0.00148,5e-05,2e-05,0.00016,-0.01001,0.01794,0.00024,-0.00621,-0.0101,0.00423,0.00533,-0.00381,-0.00359,0.00137,0.05247,-0.0181,0.0007,-0.00029
12.34,0.04959,0.00516,0.00028,0.00124,0.00031,4e-05,0.00152,0.00012,-0.00034,0.00141,-5e-05,-1e-05,-0.00014,0.00077,0.00029,0.00022,0.00149,5e-05,2e-05,0.00016,-0.00984,0.01813,0.00048,-0.00611,-0.01013,0.00431,0.00535,-0.00238,-0.00417,0.00152,0.05186,-0.01792,0.00085,-0.0002
12.36,0.04744,0.00533,0.0002,0.00112,0.00031,4e-05,0.00152,3e-05,-0.00035,0.00141,-5e-05,-1e-05,-0.00014,0.00077,0.0003,0.00022,0.0015,5e-05,2e-05,0.00016,-0.00954,0.01838,0.00069,-0.00599,-0.01015,0.00437,0.00536,-0.001,-0.00491,0.00171,0.0513,-0.01774,0.00096,-0.00015
12.38,0.04525,0.00547,0.00013,0.00101,0.00031,4e-05,0.00152,-4e-05,-0.00036,0.00142,-5e-05,-1e-05,-0.00014,0.00076,0.00031,0.00022,0.00151,5e-05,2e-05,0.00016,-0.00909,0.01876,0.00085,-0.00584,-0.01016,0.00442,0.00536,0.00033,-0.00579,0.00195,0.0508,-0.01756,0.00108,-0.00011
12.4,0.04306,0.00557,7e-05,0.00089,0.00031,4e-05,0.00151,-8e-05,-0.00036,0.00144,-5e-05,-1e-05,-0.00014,0.00075,0.00032,0.00022,0.00153,5e-05,2e-05,0.00016,-0.00849,0.01944,0.00101,-0.00566,-0.01016,0.0045,0.00539,0.00167,-0.00669,0.00219,0.0502,-0.01741,0.00116,-0.00011
12.42,0.04086,0.00563,2e-05,0.00079,0.00031,4e-05,0.00147,-9e-05,-0.00034,0.00146,-5e-05,-1e-05,-0.00015,0.00074,0.00032,0.00022,0.00154,5e-05,2e-05,0.00016,-0.00779,0.02049,0.00125,-0.00556,-0.01016,0.00462,0.0054,0.00308,-0.0074,0.00239,0.04938,-0.01736,0.00115,-0.00016
12.44,0.03869,0.00565,-2e-05,0.00069,0.0003,4e-05,0.00143,-8e-05,-0.00032,0.00149,-5e-05,0,-0.00015,0.00074,0.00032,0.00021,0.00155,5e-05,2e-05,0.00016,-0.00697,0.02184,0.00153,-0.00544,-0.01016,0.00478,0.00545,0.00451,-0.008,0.00255,0.04849,-0.01735,0.00111,-0.00023
12.46,0.03653,0.00565,-5e-05,0.00058,0.00029,4e-05,0.0014,-5e-05,-0.0003,0.00152,-6e-05,1e-05,-0.00015,0.00076,0.00032,0.00022,0.00158,5e-05,2e-05,0.00017,-0.00605,0.02334,0.0018,-0.00526,-0.01016,0.00496,0.00554,0.00592,-0.00858,0.00273,0.04764,-0.01732,0.00108,-0.00027
12.48,0.03439,0.00563,-8e-05,0.00048,0.00028,3e-05,0.00137,-1e-05,-0.00028,0.00157,-6e-05,1e-05,-0.00016,0.0008,0.00032,0.00023,0.0016,5e-05,2e-05,0.00017,-0.00507,0.02474,0.00211,-0.00527,-0.01025,0.005,0.00546,0.00728,-0.00908,0.00289,0.04673,-0.0173,0.00106,-0.0003
12.5,0.03234,0.00564,-0.0001,0.00039,0.00027,3e-05,0.00138,1e-05,-0.00027,0.00161,-6e-05,1e-05,-0.00017,0.00085,0.00033,0.00024,0.00164,5e-05,2e-05,0.00017,-0.00422,0.02619,0.00245,-0.00492,-0.01022,0.00535,0.00575,0.00867,-0.00954,0.00304,0.04586,-0.01727,0.00103,-0.00033
12.52,0.03044,0.00576,-0.00013,0.0003,0.00027,3e-05,0.00143,1e-05,-0.00031,0.00164,-7e-05,1e-05,-0.00017,0.0009,0.00034,0.00026,0.00168,5e-05,2e-05,0.00018,-0.00399,0.02763,0.00287,-0.00348,-0.00982,0.00655,0.00702,0.01023,-0.01,0.0032,0.04513,-0.01726,0.00095,-0.00038
12.54,0.02863,0.00594,-0.00014,0.00023,0.00027,3e-05,0.00152,-1e-05,-0.00036,0.00168,-7e-05,-0,-0.00018,0.00097,0.00036,0.00029,0.00173,6e-05,1e-05,0.00019,-0.0043,0.02825,0.00338,-0.00174,-0.00928,0.00793,0.00829,0.0118,-0.01039,0.00333,0.04444,-0.01725,0.00087,-0.00042
12.56,0.02683,0.00611,-0.00011,0.00016,0.00028,4e-05,0.00165,-1e-05,-0.00042,0.00173,-7e-05,-1e-05,-0.00018,0.00106,0.00038,0.00034,0.00179,6e-05,1e-05,0.00019,-0.00461,0.02781,0.00388,-0.00035,-0.00885,0.00906,0.00908,0.01328,-0.01072,0.00343,0.04371,-0.01723,0.0008,-0.00046
12.58,0.02499,0.00627,-3e-05,9e-05,0.00029,4e-05,0.00183,-1e-05,-0.0005,0.00179,-8e-05,-2e-05,-0.00019,0.00118,0.00042,0.00039,0.00186,7e-05,1e-05,0.0002,-0.00484,0.02632,0.00438,0.00101,-0.00834,0.01022,0.00959,0.01477,-0.01093,0.00348,0.04296,-0.01722,0.00074,-0.00049
12.6,0.0233,0.00642,0.0001,3e-05,0.00031,4e-05,0.00204,-0,-0.0006,0.00187,-8e-05,-4e-05,-0.0002,0.00131,0.00046,0.00045,0.00193,7e-05,-0,0.00021,-0.00448,0.02461,0.00468,0.00201,-0.00798,0.01108,0.00975,0.01611,-0.01122,0.00354,0.04224,-0.01718,0.00069,-0.00052
12.62,0.02196,0.00655,0.00028,-2e-05,0.00033,5e-05,0.00227,3e-05,-0.00068,0.00195,-9e-05,-5e-05,-0.00021,0.00144,0.00051,0.00053,0.002,8e-05,-1e-05,0.00022,-0.00361,0.02425,0.00471,0.00246,-0.00807,0.01135,0.00985,0.01715,-0.01185,0.00369,0.04164,-0.0171,0.00069,-0.00055
12.64,0.02074,0.00661,0.00048,-5e-05,0.00035,6e-05,0.00252,7e-05,-0.00078,0.00203,-9e-05,-6e-05,-0.00022,0.00158,0.00057,0.00061,0.00206,8e-05,-2e-05,0.00023,-0.00273,0.02464,0.0047,0.00279,-0.0083,0.01143,0.00997,0.01806,-0.01262,0.00385,0.04109,-0.01699,0.0007,-0.00059
12.66,0.01943,0.00656,0.00071,-8e-05,0.00036,6e-05,0.00279,9e-05,-0.00088,0.00211,-0.0001,-7e-05,-0.00023,0.00172,0.00064,0.0007,0.00212,8e-05,-3e-05,0.00024,-0.00197,0.02502,0.00472,0.00321,-0.00845,0.0116,0.01007,0.01898,-0.01334,0.00396,0.04053,-0.0169,0.00072,-0.00064
12.68,0.018,0.00639,0.00095,-0.00012,0.00037,7e-05,0.00306,9e-05,-0.00099,0.00217,-0.0001,-8e-05,-0.00024,0.00185,0.00073,0.0008,0.00216,9e-05,-4e-05,0.00025,-0.00126,0.02562,0.00476,0.00362,-0.00861,0.01175,0.01017,0.01996,-0.01405,0.00404,0.03997,-0.01681,0.00073,-0.00071
12.7,0.01665,0.00606,0.0012,-0.00015,0.00037,7e-05,0.00332,0.0001,-0.00109,0.00222,-0.0001,-9e-05,-0.00025,0.00197,0.00081,0.00089,0.0022,9e-05,-5e-05,0.00025,-0.00059,0.02634,0.00478,0.00401,-0.00877,0.0119,0.01023,0.02072,-0.01485,0.00412,0.03946,-0.01672,0.00077,-0.0008
12.72,0.01553,0.00551,0.00145,-0.00017,0.00035,7e-05,0.00353,0.00013,-0.00115,0.00228,-0.00011,-0.0001,-0.00025,0.00208,0.0009,0.00098,0.00222,9e-05,-6e-05,0.00026,7e-05,0.02705,0.0048,0.00438,-0.00892,0.01209,0.01022,0.02095,-0.01584,0.00425,0.03908,-0.01659,0.00083,-0.00089
12.74,0.01447,0.0048,0.00171,-0.00019,0.00032,7e-05,0.0037,0.00018,-0.00118,0.00234,-0.00011,-0.0001,-0.00026,0.00216,0.00098,0.00107,0.00222,9e-05,-7e-05,0.00026,0.00072,0.02774,0.0048,0.00471,-0.00908,0.01227,0.01018,0.02099,-0.0169,0.00438,0.03875,-0.01645,0.0009,-0.00099
12.76,0.01328,0.00398,0.00196,-0.00021,0.00028,7e-05,0.00381,0.00024,-0.00118,0.00238,-0.00011,-0.0001,-0.00026,0.00219,0.00107,0.00113,0.0022,9e-05,-8e-05,0.00025,0.00137,0.02836,0.00479,0.00502,-0.00923,0.01244,0.01012,0.02111,-0.01792,0.00448,0.03843,-0.01632,0.00098,-0.0011
12.78,0.01197,0.00307,0.00218,-0.00024,0.00023,7e-05,0.00384,0.00032,-0.00114,0.00241,-0.00011,-9e-05,-0.00026,0.00216,0.00116,0.00117,0.00216,9e-05,-9e-05,0.00025,0.002,0.02888,0.00475,0.00531,-0.00937,0.01261,0.01004,0.02126,-0.01898,0.00459,0.03814,-0.01619,0.00106,-0.00124
12.8,0.01077,0.00205,0.00238,-0.00028,0.00017,6e-05,0.00385,0.00042,-0.00109,0.00243,-0.00011,-8e-05,-0.00026,0.00213,0.00125,0.00121,0.00212,8e-05,-9e-05,0.00024,0.00263,0.02931,0.0047,0.00556,-0.00951,0.01276,0.00993,0.02134,-0.01995,0.00465,0.03789,-0.01608,0.00114,-0.00138
12.82,0.00989,0.00085,0.00259,-0.00031,0.0001,6e-05,0.00391,0.00053,-0.00107,0.00243,-0.00011,-8e-05,-0.00026,0.00214,0.00137,0.00125,0.00206,9e-05,-0.0001,0.00023,0.0033,0.02966,0.00463,0.00576,-0.00965,0.01289,0.00978,0.0213,-0.02068,0.00465,0.03768,-0.01598,0.00121,-0.00151
12.84,0.00915,-0.00042,0.00277,-0.00035,2e-05,5e-05,0.00397,0.00064,-0.00105,0.00242,-0.00011,-7e-05,-0.00025,0.00214,0.00149,0.00129,0.00201,9e-05,-0.0001,0.00022,0.00397,0.02991,0.00454,0.00592,-0.00978,0.013,0.00959,0.0212,-0.02133,0.00462,0.03753,-0.01589,0.00129,-0.00165
12.86,0.00838,-0.00163,0.0029,-0.0004,-6e-05,4e-05,0.00395,0.00074,-0.00101,0.00241,-0.00011,-7e-05,-0.00024,0.00211,0.0016,0.00131,0.00195,9e-05,-0.0001,0.00021,0.00459,0.03005,0.00443,0.00605,-0.00991,0.01309,0.00938,0.02115,-0.02205,0.00461,0.03741,-0.01581,0.00136,-0.00181
12.88,0.00754,-0.0028,0.00296,-0.00044,-0.00014,2e-05,0.00388,0.00083,-0.00096,0.00239,-0.00011,-6e-05,-0.00024,0.00204,0.00168,0.0013,0.0019,9e-05,-9e-05,0.00021,0.00521,0.03006,0.00431,0.00615,-0.01003,0.01317,0.00914,0.02119,-0.02287,0.00461,0.03733,-0.01573,0.00143,-0.00197
12.9,0.00699,-0.00385,0.00299,-0.0005,-0.00021,1e-05,0.00384,0.00092,-0.00092,0.00238,-0.00012,-6e-05,-0.00023,0.00201,0.00177,0.0013,0.00185,0.0001,-9e-05,0.0002,0.00575,0.03001,0.00417,0.00621,-0.01012,0.01323,0.00892,0.02109,-0.02358,0.00459,0.03733,-0.01566,0.0015,-0.00213
12.92,0.00706,-0.00463,0.00299,-0.00057,-0.00027,0,0.00391,0.00103,-0.0009,0.00238,-0.00012,-6e-05,-0.00023,0.0021,0.00186,0.00134,0.0018,0.0001,-9e-05,0.00019,0.00615,0.02996,0.00402,0.00622,-0.01018,0.01328,0.00877,0.02055,-0.02397,0.00453,0.03743,-0.01562,0.00156,-0.00228
12.94,0.00743,-0.00519,0.00294,-0.00064,-0.00033,-1e-05,0.00401,0.00114,-0.00091,0.00237,-0.00012,-6e-05,-0.00023,0.00224,0.00193,0.00138,0.00175,0.0001,-0.0001,0.00018,0.00647,0.02987,0.00386,0.0062,-0.01021,0.01332,0.00864,0.01987,-0.02429,0.00446,0.0376,-0.01559,0.00161,-0.00243
12.96,0.00776,-0.0056,0.00281,-0.00071,-0.00038,-2e-05,0.00407,0.0012,-0.00092,0.00235,-0.00012,-6e-05,-0.00022,0.00236,0.00196,0.0014,0.0017,0.0001,-0.0001,0.00018,0.00675,0.02969,0.0037,0.00614,-0.01023,0.01335,0.0085,0.01931,-0.02473,0.00443,0.0378,-0.01556,0.00167,-0.00258
12.98,0.00809,-0.00582,0.00259,-0.00077,-0.00042,-3e-05,0.0041,0.00123,-0.00094,0.00231,-0.00012,-7e-05,-0.00022,0.00249,0.00196,0.00141,0.00165,0.0001,-0.0001,0.00017,0.00696,0.02941,0.00353,0.00605,-0.01024,0.01336,0.00832,0.01875,-0.0253,0.00442,0.03806,-0.01555,0.0017,-0.00275
13,0.00861,-0.00581,0.00229,-0.00082,-0.00045,-4e-05,0.00415,0.00122,-0.00098,0.00226,-0.00013,-7e-05,-0.00021,0.00263,0.00191,0.00142,0.0016,0.00011,-0.0001,0.00016,0.00714,0.02911,0.00337,0.00595,-0.01023,0.01336,0.00818,0.01825,-0.02581,0.00441,0.03834,-0.01554,0.00175,-0.0029
13.02,0.00953,-0.00556,0.00192,-0.00087,-0.00045,-4e-05,0.00421,0.00118,-0.00103,0.00222,-0.00012,-8e-05,-0.00021,0.00278,0.00183,0.00141,0.00156,0.00011,-9e-05,0.00016,0.00732,0.02886,0.00322,0.00591,-0.01017,0.01336,0.00812,0.01785,-0.02604,0.00435,0.03857,-0.01552,0.00184,-0.00301
13.04,0.01061,-0.0051,0.00149,-0.00091,-0.00045,-5e-05,0.00428,0.00112,-0.00109,0.00216,-0.00012,-9e-05,-0.00021,0.00295,0.0017,0.00138,0.00154,0.00011,-9e-05,0.00016,0.00745,0.02858,0.00309,0.00585,-0.01009,0.01335,0.00809,0.01751,-0.02618,0.00428,0.03882,-0.0155,0.00194,-0.0031
13.06,0.01162,-0.00451,0.001,-0.00094,-0.00045,-5e-05,0.00434,0.00105,-0.00113,0.00209,-0.00012,-9e-05,-0.0002,0.00315,0.00153,0.00137,0.00152,0.00011,-9e-05,0.00016,0.00749,0.02823,0.00295,0.00575,-0.01001,0.01332,0.00804,0.0172,-0.02643,0.00424,0.03912,-0.0155,0.00202,-0.0032
13.08,0.01264,-0.00378,0.00048,-0.00096,-0.00044,-6e-05,0.00444,0.00098,-0.00118,0.00202,-0.00012,-0.0001,-0.0002,0.00339,0.00135,0.00136,0.00152,0.00011,-9e-05,0.00016,0.0075,0.02779,0.00281,0.00563,-0.00991,0.01329,0.00799,0.0169,-0.02682,0.00424,0.03945,-0.01549,0.0021,-0.0033
13.1,0.01368,-0.00299,-4e-05,-0.00096,-0.00043,-6e-05,0.00452,0.00091,-0.0012,0.00195,-0.00012,-0.0001,-0.0002,0.00364,0.00114,0.00136,0.00153,0.00011,-9e-05,0.00017,0.00737,0.02735,0.00267,0.00546,-0.00981,0.01324,0.00792,0.01669,-0.02707,0.00419,0.03982,-0.01551,0.00216,-0.00341
13.12,0.01476,-0.0022,-0.00053,-0.00092,-0.00041,-7e-05,0.00456,0.00084,-0.00119,0.0019,-0.00012,-0.0001,-0.0002,0.00384,0.00094,0.00135,0.00159,0.00012,-8e-05,0.00017,0.00694,0.02699,0.00254,0.0052,-0.00972,0.01317,0.00782,0.01662,-0.02685,0.00398,0.0402,-0.01563,0.00215,-0.00354
13.14,0.01588,-0.00141,-0.00097,-0.00086,-0.0004,-7e-05,0.0046,0.00079,-0.00117,0.00186,-0.00012,-0.0001,-0.0002,0.00405,0.00074,0.00134,0.00166,0.00013,-8e-05,0.00019,0.0064,0.02663,0.00241,0.00489,-0.00962,0.01308,0.0077,0.01661,-0.02646,0.00371,0.04059,-0.01578,0.00212,-0.00368
13.16,0.01703,-0.0006,-0.00136,-0.0008,-0.00038,-7e-05,0.00467,0.00073,-0.00116,0.00182,-0.00012,-0.0001,-0.00019,0.00431,0.00058,0.00136,0.00173,0.00013,-8e-05,0.0002,0.00584,0.0262,0.00229,0.00458,-0.00951,0.013,0.00759,0.01658,-0.02619,0.00347,0.04097,-0.01592,0.00209,-0.00381
13.18,0.01821,0.0002,-0.0017,-0.00074,-0.00037,-8e-05,0.00477,0.00067,-0.00115,0.00178,-0.00012,-0.0001,-0.00019,0.00457,0.00045,0.0014,0.00179,0.00014,-9e-05,0.00021,0.0052,0.02575,0.00216,0.00423,-0.00941,0.0129,0.00748,0.01651,-0.02587,0.00321,0.04137,-0.01609,0.00204,-0.00395
13.2,0.01936,0.00097,-0.00199,-0.00068,-0.00036,-8e-05,0.00488,0.0006,-0.00113,0.00173,-0.00012,-9e-05,-0.00019,0.00484,0.00034,0.00144,0.00185,0.00015,-9e-05,0.00021,0.00458,0.02526,0.00204,0.00389,-0.00929,0.0128,0.00735,0.01656,-0.02563,0.00298,0.04175,-0.01623,0.00202,-0.00406
13.22,0.02046,0.0017,-0.00222,-0.00063,-0.00035,-8e-05,0.00499,0.00053,-0.0011,0.0017,-0.00012,-9e-05,-0.00019,0.00513,0.00024,0.00147,0.0019,0.00016,-0.0001,0.00022,0.00412,0.02472,0.00192,0.0036,-0.00917,0.01269,0.0072,0.01691,-0.02569,0.00287,0.04208,-0.01625,0.00213,-0.00411
13.24,0.02151,0.00239,-0.00239,-0.00058,-0.00033,-8e-05,0.00512,0.00046,-0.00106,0.00168,-0.00012,-8e-05,-0.00019,0.00541,0.00018,0.00151,0.00194,0.00017,-0.0001,0.00023,0.00368,0.02419,0.00181,0.00332,-0.00905,0.01259,0.00704,0.01738,-0.02583,0.0028,0.04239,-0.01623,0.00227,-0.00413
13.26,0.02251,0.00303,-0.00247,-0.00054,-0.00032,-8e-05,0.00527,0.00036,-0.00104,0.00165,-0.00012,-7e-05,-0.00019,0.00563,0.00014,0.00153,0.00196,0.00017,-0.00011,0.00023,0.0032,0.02368,0.00171,0.00302,-0.00892,0.01248,0.00689,0.01779,-0.02592,0.00271,0.04273,-0.01623,0.00238,-0.00415
13.28,0.02345,0.00359,-0.00248,-0.00051,-0.00031,-8e-05,0.00543,0.00025,-0.00101,0.00161,-0.00012,-7e-05,-0.00019,0.0058,0.00014,0.00154,0.00196,0.00018,-0.00011,0.00023,0.00272,0.02319,0.00161,0.00273,-0.00879,0.01237,0.00675,0.01813,-0.02604,0.00263,0.04301,-0.01623,0.0025,-0.00417
13.3,0.02425,0.00412,-0.00241,-0.00048,-0.0003,-8e-05,0.00559,0.00014,-0.00099,0.00158,-0.00012,-7e-05,-0.00019,0.00591,0.00015,0.00155,0.00193,0.00018,-0.00011,0.00023,0.00221,0.02273,0.00152,0.00244,-0.00867,0.01226,0.00661,0.01857,-0.02607,0.00255,0.04336,-0.01622,0.00261,-0.00419
13.32,0.02488,0.00468,-0.00231,-0.00044,-0.00027,-8e-05,0.00573,3e-05,-0.00098,0.00154,-0.00011,-8e-05,-0.00019,0.00598,0.00018,0.00158,0.00185,0.00017,-0.00011,0.00023,0.00158,0.02231,0.00144,0.00214,-0.00856,0.01214,0.00651,0.01927,-0.02583,0.00243,0.04395,-0.01625,0.00267,-0.00421
13.34,0.02535,0.00523,-0.00218,-0.00041,-0.00024,-7e-05,0.00584,-7e-05,-0.00097,0.00149,-0.00011,-8e-05,-0.00019,0.006,0.00019,0.00161,0.00176,0.00016,-0.0001,0.00023,0.00092,0.02191,0.00136,0.00184,-0.00846,0.01201,0.00643,0.02008,-0.02547,0.0023,0.04463,-0.01628,0.00271,-0.00423
13.36,0.02571,0.00572,-0.00203,-0.00039,-0.00021,-6e-05,0.00593,-0.00016,-0.00095,0.00144,-0.00011,-9e-05,-0.00018,0.00599,0.00018,0.00161,0.00167,0.00015,-0.0001,0.00023,0.00031,0.02153,0.0013,0.00155,-0.00836,0.01188,0.00634,0.02083,-0.02512,0.00219,0.04525,-0.01631,0.00276,-0.00424
13.38,0.02595,0.00616,-0.00187,-0.00037,-0.00018,-6e-05,0.00601,-0.00022,-0.00092,0.00139,-0.0001,-0.0001,-0.00018,0.00594,0.00015,0.00159,0.00158,0.00014,-9e-05,0.00023,-0.00029,0.02118,0.00125,0.00127,-0.00826,0.01176,0.00629,0.02154,-0.02467,0.00207,0.04588,-0.01633,0.00281,-0.00423
13.4,0.02606,0.00656,-0.0017,-0.00035,-0.00014,-5e-05,0.00607,-0.00028,-0.00088,0.00135,-0.0001,-0.0001,-0.00018,0.00587,0.00011,0.00153,0.0015,0.00013,-7e-05,0.00022,-0.00087,0.02084,0.00121,0.001,-0.00817,0.01163,0.00621,0.02231,-0.02426,0.00197,0.04647,-0.01635,0.00285,-0.00423
13.42,0.02599,0.00687,-0.00154,-0.00034,-0.0001,-4e-05,0.00611,-0.00032,-0.00084,0.00133,-0.0001,-0.00011,-0.00017,0.00576,7e-05,0.00143,0.00146,0.00013,-6e-05,0.00021,-0.00142,0.02048,0.00117,0.0007,-0.0081,0.0115,0.00605,0.0233,-0.02405,0.00193,0.04699,-0.01635,0.00289,-0.00422
13.44,0.02584,0.00715,-0.00137,-0.00033,-5e-05,-3e-05,0.00614,-0.00036,-0.0008,0.00132,-0.0001,-0.00011,-0.00017,0.00564,3e-05,0.00131,0.00143,0.00012,-5e-05,0.00021,-0.00195,0.02015,0.00113,0.00041,-0.00805,0.01137,0.00587,0.02435,-0.02389,0.0019,0.04747,-0.01635,0.00292,-0.00422
13.46,0.02569,0.00741,-0.00119,-0.00032,-1e-05,-3e-05,0.00617,-0.00038,-0.00075,0.00131,-0.0001,-0.00012,-0.00016,0.00555,0,0.00121,0.00139,0.00012,-4e-05,0.0002,-0.00245,0.01985,0.0011,0.00013,-0.008,0.01124,0.00572,0.02536,-0.02367,0.00188,0.04794,-0.01636,0.00295,-0.00421
13.48,0.02556,0.00766,-0.00101,-0.00031,4e-05,-2e-05,0.00622,-0.00039,-0.0007,0.00131,-0.0001,-0.00012,-0.00016,0.00549,-2e-05,0.00111,0.00136,0.00011,-4e-05,0.00019,-0.00291,0.01957,0.00108,-0.00014,-0.00796,0.01111,0.00556,0.02641,-0.02343,0.00188,0.04838,-0.01634,0.00298,-0.00419
13.5,0.02547,0.0079,-0.00083,-0.0003,8e-05,-1e-05,0.00626,-0.00039,-0.00066,0.00131,-0.0001,-0.00013,-0.00016,0.00547,-3e-05,0.00104,0.00133,0.00011,-3e-05,0.00019,-0.00337,0.01933,0.00107,-0.00039,-0.00791,0.011,0.00545,0.02737,-0.02317,0.00187,0.04881,-0.01635,0.003,-0.00417
13.52,0.02545,0.00815,-0.00064,-0.00028,0.00013,0,0.00629,-0.00038,-0.00064,0.00133,-0.0001,-0.00013,-0.00016,0.00548,-1e-05,0.00101,0.00132,0.00011,-4e-05,0.00018,-0.00385,0.01909,0.00105,-0.00056,-0.00781,0.01093,0.00547,0.02806,-0.02288,0.00182,0.04926,-0.01641,0.00297,-0.00418
13.54,0.02551,0.0084,-0.00045,-0.00026,0.00017,1e-05,0.00633,-0.00035,-0.00064,0.00135,-0.0001,-0.00013,-0.00016,0.00553,2e-05,0.001,0.00132,0.0001,-4e-05,0.00018,-0.00432,0.01888,0.00102,-0.0007,-0.00771,0.01087,0.00555,0.02866,-0.02257,0.00177,0.04969,-0.01649,0.00292,-0.00419
13.56,0.02564,0.00863,-0.00027,-0.00023,0.0002,2e-05,0.00637,-0.00031,-0.00063,0.00137,-0.0001,-0.00013,-0.00016,0.00561,5e-05,0.00099,0.00133,0.0001,-4e-05,0.00018,-0.00475,0.01868,0.00101,-0.00083,-0.00761,0.01081,0.0056,0.0293,-0.02224,0.00172,0.0501,-0.01656,0.00288,-0.0042
13.58,0.02584,0.00887,-0.00011,-0.0002,0.00024,2e-05,0.00641,-0.00026,-0.00061,0.0014,-0.0001,-0.00013,-0.00016,0.00573,7e-05,0.00099,0.00134,0.0001,-5e-05,0.00019,-0.00515,0.01851,0.00099,-0.00094,-0.00752,0.01076,0.00567,0.0299,-0.02187,0.00166,0.05049,-0.01662,0.00284,-0.0042
13.6,0.02608,0.00907,3e-05,-0.00017,0.00026,3e-05,0.00646,-0.0002,-0.00061,0.00142,-0.0001,-0.00013,-0.00016,0.00585,9e-05,0.00099,0.00136,0.00011,-5e-05,0.00019,-0.00551,0.01834,0.00098,-0.00105,-0.00744,0.01071,0.00573,0.03051,-0.02154,0.00161,0.05085,-0.01668,0.0028,-0.0042
13.62,0.02634,0.00919,0.00016,-0.00013,0.00028,3e-05,0.00649,-0.00012,-0.00062,0.00144,-0.0001,-0.00013,-0.00016,0.00597,0.00011,0.00101,0.00138,0.00011,-6e-05,0.00019,-0.00581,0.01819,0.00097,-0.00116,-0.00739,0.01066,0.00573,0.03119,-0.02132,0.00157,0.05119,-0.01674,0.00276,-0.00421
13.64,0.02659,0.00926,0.00027,-0.0001,0.00029,3e-05,0.00653,-5e-05,-0.00063,0.00145,-0.0001,-0.00013,-0.00016,0.00608,0.00012,0.00104,0.0014,0.00011,-6e-05,0.00019,-0.00608,0.01806,0.00097,-0.00126,-0.00735,0.01061,0.00572,0.03187,-0.02114,0.00152,0.05151,-0.0168,0.00271,-0.00422
13.66,0.02685,0.00934,0.00034,-6e-05,0.0003,4e-05,0.00658,2e-05,-0.00065,0.00147,-0.0001,-0.00014,-0.00016,0.0062,0.00012,0.00106,0.00142,0.00011,-6e-05,0.0002,-0.00631,0.01794,0.00096,-0.00134,-0.00731,0.01056,0.00573,0.03252,-0.02093,0.00147,0.0518,-0.01685,0.00267,-0.00422
13.68,0.02711,0.00942,0.00039,-2e-05,0.00031,4e-05,0.00663,8e-05,-0.00067,0.00149,-0.0001,-0.00014,-0.00016,0.00632,0.00011,0.00108,0.00144,0.00011,-7e-05,0.0002,-0.0065,0.01783,0.00096,-0.0014,-0.00728,0.01052,0.00574,0.03318,-0.02069,0.0014,0.05207,-0.0169,0.00263,-0.00423
13.7,0.02734,0.00946,0.00042,1e-05,0.00031,4e-05,0.00669,0.00014,-0.00069,0.0015,-0.00011,-0.00014,-0.00017,0.00643,0.0001,0.00111,0.00147,0.00011,-7e-05,0.0002,-0.00665,0.01775,0.00096,-0.00145,-0.00725,0.01049,0.00575,0.03377,-0.0205,0.00134,0.0523,-0.01694,0.0026,-0.00423
13.72,0.02748,0.00942,0.00044,3e-05,0.00032,4e-05,0.00676,0.00019,-0.0007,0.00153,-0.00011,-0.00014,-0.00017,0.00653,9e-05,0.00114,0.00149,0.00012,-8e-05,0.0002,-0.00676,0.01768,0.00096,-0.00147,-0.00723,0.01048,0.00576,0.03421,-0.02042,0.00133,0.05244,-0.01696,0.00259,-0.00424
13.74,0.02757,0.00934,0.00045,4e-05,0.00032,4e-05,0.00682,0.00024,-0.00072,0.00156,-0.00011,-0.00015,-0.00016,0.00662,9e-05,0.00117,0.0015,0.00012,-9e-05,0.0002,-0.00683,0.01763,0.00096,-0.00148,-0.00721,0.01047,0.00578,0.03459,-0.02037,0.00133,0.05254,-0.01696,0.00258,-0.00424
13.76,0.02765,0.00928,0.00045,6e-05,0.00032,4e-05,0.00689,0.00028,-0.00074,0.00158,-0.00011,-0.00015,-0.00017,0.00671,8e-05,0.0012,0.00152,0.00013,-9e-05,0.00021,-0.00686,0.0176,0.00096,-0.00148,-0.0072,0.01046,0.00581,0.03497,-0.02031,0.00132,0.05262,-0.01695,0.00258,-0.00424
13.78,0.0277,0.00922,0.00043,7e-05,0.00032,4e-05,0.00696,0.00031,-0.00076,0.00161,-0.00012,-0.00016,-0.00017,0.00678,7e-05,0.00123,0.00154,0.00013,-0.0001,0.00021,-0.00685,0.0176,0.00097,-0.00144,-0.00719,0.01047,0.00584,0.03538,-0.02022,0.00131,0.0527,-0.01695,0.00258,-0.00424
13.8,0.02773,0.00915,0.00041,7e-05,0.00032,4e-05,0.00702,0.00034,-0.00078,0.00163,-0.00012,-0.00016,-0.00017,0.00685,6e-05,0.00126,0.00156,0.00014,-0.00011,0.00021,-0.00678,0.01763,0.00098,-0.0014,-0.00719,0.01047,0.00587,0.03568,-0.02018,0.00129,0.05272,-0.01694,0.00258,-0.00424
13.82,0.02777,0.00903,0.00039,7e-05,0.00032,4e-05,0.00708,0.00036,-0.0008,0.00165,-0.00012,-0.00016,-0.00017,0.00692,5e-05,0.00128,0.00158,0.00014,-0.00011,0.00021,-0.00667,0.01768,0.00099,-0.00135,-0.0072,0.01049,0.00588,0.03577,-0.02025,0.00129,0.05266,-0.01694,0.00257,-0.00424
13.84,0.02778,0.0089,0.00037,6e-05,0.00032,4e-05,0.00714,0.00038,-0.00081,0.00167,-0.00012,-0.00017,-0.00017,0.00697,4e-05,0.00129,0.00159,0.00014,-0.00012,0.00021,-0.0065,0.01776,0.001,-0.00128,-0.00722,0.01051,0.00589,0.03575,-0.02037,0.00129,0.05256,-0.01694,0.00256,-0.00425
13.86,0.02776,0.00878,0.00035,5e-05,0.00032,4e-05,0.00719,0.00039,-0.00083,0.00168,-0.00012,-0.00017,-0.00017,0.00701,4e-05,0.00131,0.00161,0.00015,-0.00012,0.00021,-0.0063,0.01787,0.00102,-0.00119,-0.00724,0.01053,0.00592,0.03576,-0.02046,0.00128,0.05244,-0.01693,0.00256,-0.00425
13.88,0.0277,0.00864,0.00033,4e-05,0.00031,4e-05,0.00722,0.00039,-0.00084,0.00169,-0.00013,-0.00017,-0.00017,0.00704,4e-05,0.00132,0.00162,0.00015,-0.00012,0.00021,-0.00605,0.01801,0.00104,-0.00108,-0.00727,0.01056,0.00595,0.03575,-0.02051,0.00127,0.0523,-0.01692,0.00256,-0.00425
13.9,0.02758,0.00851,0.00032,2e-05,0.00031,4e-05,0.00725,0.00039,-0.00085,0.0017,-0.00013,-0.00017,-0.00018,0.00705,4e-05,0.00133,0.00162,0.00015,-0.00012,0.00021,-0.00576,0.01817,0.00107,-0.00095,-0.0073,0.01059,0.00598,0.0357,-0.0206,0.00127,0.05213,-0.01691,0.00255,-0.00425
13.92,0.02732,0.00838,0.0003,-0,0.0003,3e-05,0.00727,0.00039,-0.00086,0.00172,-0.00013,-0.00017,-0.00018,0.00706,5e-05,0.00133,0.00163,0.00015,-0.00013,0.00021,-0.00547,0.01834,0.00109,-0.00083,-0.00735,0.01063,0.00599,0.03559,-0.02083,0.0013,0.05189,-0.01689,0.00254,-0.00426
13.94,0.02698,0.00824,0.00029,-3e-05,0.00029,3e-05,0.00728,0.00038,-0.00087,0.00172,-0.00013,-0.00017,-0.00018,0.00705,6e-05,0.00134,0.00162,0.00015,-0.00013,0.00021,-0.00514,0.01854,0.00112,-0.00069,-0.0074,0.01068,0.00601,0.03545,-0.02111,0.00135,0.0516,-0.01687,0.00254,-0.00427
13.96,0.02661,0.00809,0.00028,-6e-05,0.00028,3e-05,0.00727,0.00037,-0.00087,0.00173,-0.00013,-0.00017,-0.00018,0.00704,7e-05,0.00133,0.00161,0.00015,-0.00013,0.00021,-0.00478,0.01876,0.00116,-0.00053,-0.00746,0.01072,0.00603,0.0353,-0.02135,0.00138,0.05131,-0.01685,0.00253,-0.00428
13.98,0.02621,0.00795,0.00027,-8e-05,0.00027,3e-05,0.00726,0.00035,-0.00087,0.00172,-0.00012,-0.00017,-0.00018,0.00701,9e-05,0.00133,0.0016,0.00015,-0.00014,0.0002,-0.00439,0.01901,0.0012,-0.00035,-0.00751,0.01078,0.00606,0.03513,-0.02156,0.00141,0.05099,-0.01682,0.00253,-0.00428
14,0.02573,0.00778,0.00026,-0.00012,0.00025,3e-05,0.00723,0.00034,-0.00087,0.00172,-0.00012,-0.00017,-0.00018,0.00697,0.00011,0.00133,0.00159,0.00015,-0.00014,0.0002,-0.00396,0.01928,0.00123,-0.00016,-0.00759,0.01084,0.00609,0.03492,-0.02182,0.00145,0.05065,-0.01679,0.00252,-0.00428
14.02,0.02515,0.00756,0.00025,-0.00015,0.00024,3e-05,0.00719,0.00032,-0.00088,0.00171,-0.00012,-0.00017,-0.00018,0.00692,0.00013,0.00132,0.00157,0.00015,-0.00014,0.0002,-0.0035,0.01956,0.00127,1e-05,-0.00768,0.01089,0.00606,0.03466,-0.02219,0.0015,0.0503,-0.01675,0.00251,-0.00429
14.04,0.02451,0.00733,0.00025,-0.00018,0.00022,3e-05,0.00715,0.00029,-0.00089,0.0017,-0.00012,-0.00017,-0.00018,0.00686,0.00015,0.00132,0.00155,0.00014,-0.00014,0.00019,-0.003,0.01987,0.00131,0.00019,-0.00779,0.01095,0.00603,0.03437,-0.02262,0.00155,0.04992,-0.01672,0.0025,-0.00431
14.06,0.02386,0.00709,0.00024,-0.00022,0.00021,2e-05,0.00709,0.00027,-0.00089,0.00169,-0.00012,-0.00016,-0.00017,0.0068,0.00018,0.00132,0.00152,0.00014,-0.00013,0.00019,-0.00248,0.02019,0.00135,0.00039,-0.0079,0.01101,0.006,0.03406,-0.02302,0.0016,0.04953,-0.01668,0.00249,-0.00432
14.08,0.0232,0.00684,0.00024,-0.00026,0.00019,2e-05,0.00703,0.00025,-0.0009,0.00167,-0.00012,-0.00016,-0.00017,0.00673,0.0002,0.00131,0.0015,0.00014,-0.00013,0.00019,-0.00194,0.02054,0.00139,0.00059,-0.00802,0.01107,0.00596,0.03374,-0.02336,0.00164,0.04913,-0.01664,0.00248,-0.00433
14.1,0.02255,0.00658,0.00023,-0.00029,0.00018,2e-05,0.00697,0.00023,-0.0009,0.00165,-0.00012,-0.00016,-0.00017,0.00666,0.00023,0.00131,0.00147,0.00014,-0.00013,0.00019,-0.00136,0.0209,0.00143,0.00083,-0.00813,0.01115,0.00596,0.0334,-0.02378,0.00169,0.04869,-0.01658,0.00249,-0.00434
14.12,0.02191,0.00629,0.00023,-0.00033,0.00016,2e-05,0.0069,0.00021,-0.0009,0.00163,-0.00012,-0.00016,-0.00017,0.0066,0.00025,0.0013,0.00145,0.00013,-0.00013,0.00019,-0.00071,0.02126,0.00145,0.00117,-0.00819,0.01126,0.00608,0.03305,-0.02443,0.00182,0.04813,-0.01647,0.00253,-0.00434
14.14,0.0213,0.00599,0.00023,-0.00036,0.00014,2e-05,0.00683,0.0002,-0.00091,0.00161,-0.00012,-0.00016,-0.00016,0.00653,0.00026,0.00129,0.00142,0.00013,-0.00012,0.00019,-2e-05,0.02161,0.00148,0.00155,-0.00824,0.01139,0.00625,0.03268,-0.02515,0.00198,0.04752,-0.01635,0.00259,-0.00433
14.16,0.0207,0.00569,0.00023,-0.00039,0.00012,1e-05,0.00677,0.00019,-0.00091,0.00159,-0.00011,-0.00015,-0.00016,0.00648,0.00028,0.00129,0.00139,0.00012,-0.00011,0.00019,0.0007,0.02198,0.0015,0.00193,-0.00831,0.01152,0.00639,0.03228,-0.02579,0.0021,0.0469,-0.01624,0.00264,-0.00433
14.18,0.02013,0.00538,0.00024,-0.00043,0.0001,1e-05,0.00671,0.00018,-0.00091,0.00158,-0.00011,-0.00015,-0.00016,0.00642,0.00029,0.00128,0.00137,0.00012,-0.00011,0.00019,0.00145,0.02235,0.00153,0.00233,-0.00837,0.01166,0.00655,0.03193,-0.0264,0.00224,0.04625,-0.0161,0.00271,-0.00432
14.2,0.01958,0.00507,0.00024,-0.00045,8e-05,1e-05,0.00665,0.00019,-0.00091,0.00156,-0.00011,-0.00015,-0.00015,0.00638,0.00029,0.00128,0.00135,0.00012,-0.0001,0.00019,0.00223,0.02272,0.00155,0.00273,-0.00844,0.0118,0.00669,0.03145,-0.02699,0.00235,0.04562,-0.016,0.00275,-0.00433
14.22,0.01907,0.00482,0.00025,-0.00048,6e-05,1e-05,0.0066,0.0002,-0.00092,0.00155,-0.00011,-0.00015,-0.00015,0.00633,0.0003,0.00128,0.00134,0.00012,-0.00011,0.00018,0.00297,0.02306,0.00155,0.00306,-0.00854,0.01194,0.00678,0.03065,-0.02755,0.00237,0.04507,-0.01598,0.00272,-0.00438
14.24,0.01859,0.00458,0.00025,-0.0005,5e-05,1e-05,0.00655,0.00021,-0.00093,0.00153,-0.00011,-0.00014,-0.00015,0.00629,0.0003,0.00129,0.00133,0.00012,-0.00011,0.00018,0.00372,0.02339,0.00155,0.00337,-0.00866,0.01208,0.00683,0.02972,-0.02809,0.00236,0.04453,-0.016,0.00266,-0.00446
14.26,0.01813,0.00434,0.00026,-0.00052,3e-05,1e-05,0.00651,0.00023,-0.00094,0.00152,-0.00011,-0.00014,-0.00015,0.00626,0.00029,0.0013,0.00132,0.00012,-0.00012,0.00017,0.00449,0.02373,0.00155,0.0037,-0.00878,0.01222,0.0069,0.02882,-0.0286,0.00237,0.04397,-0.01599,0.00262,-0.00453
14.28,0.01768,0.00408,0.00028,-0.00054,2e-05,0,0.00649,0.00025,-0.00095,0.00151,-0.0001,-0.00014,-0.00015,0.00625,0.00029,0.0013,0.00131,0.00012,-0.00012,0.00017,0.00529,0.02407,0.00155,0.00404,-0.0089,0.01237,0.00698,0.0279,-0.02905,0.00236,0.04341,-0.01599,0.00257,-0.0046
14.3,0.01727,0.00382,0.00029,-0.00056,0,0,0.00647,0.00027,-0.00097,0.00151,-0.0001,-0.00014,-0.00014,0.00624,0.00029,0.00132,0.00131,0.00013,-0.00013,0.00016,0.0061,0.0244,0.00155,0.00437,-0.00903,0.01252,0.00702,0.02695,-0.02955,0.00237,0.04282,-0.01597,0.00254,-0.00468
14.32,0.01689,0.00357,0.0003,-0.00057,-1e-05,0,0.00645,0.0003,-0.00098,0.0015,-0.0001,-0.00014,-0.00014,0.00623,0.00029,0.00133,0.00131,0.00013,-0.00013,0.00016,0.00696,0.02469,0.00154,0.00465,-0.0092,0.01265,0.00695,0.02602,-0.03024,0.00245,0.04218,-0.0159,0.00253,-0.00474
14.34,0.01654,0.00332,0.00032,-0.00059,-2e-05,-0,0.00645,0.00032,-0.001,0.0015,-0.0001,-0.00014,-0.00014,0.00624,0.00029,0.00134,0.00131,0.00013,-0.00013,0.00016,0.00783,0.02497,0.00153,0.00491,-0.0094,0.01277,0.00684,0.02509,-0.03099,0.00254,0.04151,-0.01582,0.00254,-0.00481
14.36,0.0162,0.00304,0.00034,-0.0006,-3e-05,-0,0.00646,0.00035,-0.00102,0.0015,-0.0001,-0.00014,-0.00015,0.00625,0.0003,0.00136,0.00131,0.00013,-0.00013,0.00016,0.00872,0.02523,0.00151,0.00519,-0.00959,0.01289,0.00674,0.02416,-0.03167,0.00262,0.04085,-0.01574,0.00255,-0.00487
14.38,0.01586,0.00276,0.00036,-0.00061,-4e-05,-0,0.00648,0.00037,-0.00105,0.0015,-0.0001,-0.00014,-0.00015,0.00628,0.00031,0.00138,0.00131,0.00013,-0.00014,0.00016,0.00961,0.02549,0.0015,0.00545,-0.00979,0.013,0.0066,0.02326,-0.03233,0.0027,0.04022,-0.01566,0.00255,-0.00494
14.4,0.01554,0.00246,0.00039,-0.00062,-6e-05,-1e-05,0.0065,0.00039,-0.00107,0.00151,-0.0001,-0.00014,-0.00015,0.0063,0.00033,0.0014,0.00131,0.00013,-0.00014,0.00015,0.01052,0.02572,0.00148,0.00574,-0.00998,0.01312,0.00652,0.02236,-0.03298,0.00277,0.03954,-0.01557,0.00257,-0.005
14.42,0.01527,0.00213,0.00042,-0.00062,-7e-05,-1e-05,0.00654,0.00041,-0.0011,0.00152,-0.0001,-0.00014,-0.00015,0.00633,0.00035,0.00142,0.00132,0.00012,-0.00014,0.00016,0.01146,0.02594,0.00145,0.00613,-0.0101,0.0133,0.00661,0.02143,-0.03367,0.00287,0.03874,-0.01545,0.00262,-0.00505
14.44,0.01502,0.00179,0.00045,-0.00063,-7e-05,-1e-05,0.00657,0.00044,-0.00112,0.00153,-0.0001,-0.00014,-0.00015,0.00637,0.00038,0.00144,0.00133,0.00012,-0.00014,0.00016,0.01242,0.02612,0.00143,0.00656,-0.0102,0.0135,0.00676,0.02051,-0.03435,0.00297,0.03791,-0.01532,0.00267,-0.00509
14.46,0.01476,0.00144,0.00048,-0.00063,-8e-05,-1e-05,0.00661,0.00045,-0.00115,0.00154,-0.0001,-0.00015,-0.00015,0.0064,0.00042,0.00147,0.00134,0.00012,-0.00013,0.00017,0.01337,0.02628,0.0014,0.00696,-0.01031,0.01369,0.00688,0.01961,-0.03498,0.00306,0.03711,-0.0152,0.00273,-0.00513
14.48,0.01448,0.00108,0.0005,-0.00064,-9e-05,-1e-05,0.00664,0.00047,-0.00118,0.00155,-0.00011,-0.00015,-0.00016,0.00643,0.00046,0.00149,0.00134,0.00012,-0.00013,0.00018,0.01433,0.0264,0.00138,0.00737,-0.01042,0.01389,0.00702,0.01876,-0.03561,0.00315,0.03628,-0.01507,0.00279,-0.00517
14.5,0.0142,0.00073,0.00052,-0.00065,-0.0001,-1e-05,0.00667,0.00048,-0.0012,0.00156,-0.00011,-0.00015,-0.00016,0.00646,0.0005,0.00152,0.00135,0.00012,-0.00013,0.00018,0.01525,0.02649,0.00135,0.00775,-0.01053,0.01407,0.00714,0.01787,-0.03615,0.00322,0.03554,-0.01495,0.00283,-0.00521
14.52,0.01393,0.00037,0.00054,-0.00066,-0.00011,-2e-05,0.0067,0.00049,-0.00122,0.00158,-0.00011,-0.00015,-0.00016,0.00648,0.00055,0.00154,0.00135,0.00012,-0.00013,0.00018,0.01607,0.02658,0.00131,0.00805,-0.01067,0.01424,0.00718,0.01685,-0.03647,0.00325,0.03505,-0.01489,0.00282,-0.00528
14.54,0.01364,2e-05,0.00055,-0.00067,-0.00013,-2e-05,0.00672,0.00049,-0.00124,0.00159,-0.00011,-0.00016,-0.00017,0.0065,0.00059,0.00156,0.00136,0.00012,-0.00014,0.00018,0.01683,0.02664,0.00128,0.0083,-0.01082,0.0144,0.0072,0.01579,-0.03672,0.00327,0.03463,-0.01485,0.00279,-0.00536
14.56,0.01333,-0.00032,0.00056,-0.00069,-0.00014,-2e-05,0.00673,0.00049,-0.00126,0.0016,-0.00011,-0.00016,-0.00017,0.0065,0.00064,0.00158,0.00136,0.00012,-0.00014,0.00018,0.01758,0.02666,0.00124,0.00855,-0.01096,0.01456,0.00723,0.01478,-0.03701,0.0033,0.03419,-0.01479,0.00276,-0.00543
14.58,0.01299,-0.00066,0.00055,-0.00071,-0.00015,-2e-05,0.00672,0.00049,-0.00127,0.00161,-0.00011,-0.00016,-0.00017,0.00649,0.00069,0.0016,0.00136,0.00013,-0.00015,0.00017,0.01828,0.02663,0.0012,0.00878,-0.0111,0.01471,0.00726,0.01372,-0.03733,0.00334,0.0338,-0.01475,0.00272,-0.00551
14.6,0.01263,-0.001,0.00053,-0.00073,-0.00017,-3e-05,0.0067,0.00048,-0.00128,0.00162,-0.00011,-0.00016,-0.00017,0.00647,0.00073,0.00162,0.00135,0.00013,-0.00015,0.00017,0.01896,0.0266,0.00117,0.00901,-0.01124,0.01486,0.00727,0.01278,-0.03763,0.00339,0.03336,-0.01469,0.0027,-0.00557
14.62,0.0122,-0.00133,0.00051,-0.00075,-0.00018,-3e-05,0.00667,0.00047,-0.00129,0.00162,-0.00011,-0.00016,-0.00017,0.00644,0.00077,0.00163,0.00135,0.00013,-0.00015,0.00017,0.01965,0.02658,0.00115,0.00924,-0.01138,0.01498,0.00726,0.01214,-0.0379,0.00345,0.03272,-0.01457,0.00277,-0.00558
14.64,0.01174,-0.00166,0.00047,-0.00077,-0.0002,-3e-05,0.00662,0.00045,-0.00129,0.00163,-0.00011,-0.00016,-0.00018,0.00639,0.0008,0.00163,0.00133,0.00013,-0.00015,0.00017,0.02032,0.02656,0.00113,0.00947,-0.01152,0.01509,0.00724,0.01162,-0.03814,0.00352,0.03203,-0.01443,0.00286,-0.00556
14.66,0.01127,-0.00198,0.00043,-0.00079,-0.00022,-4e-05,0.00656,0.00043,-0.00128,0.00163,-0.00011,-0.00015,-0.00018,0.00633,0.00084,0.00163,0.00132,0.00013,-0.00015,0.00017,0.02094,0.0265,0.00111,0.00968,-0.01165,0.01519,0.00722,0.01107,-0.03839,0.00358,0.03139,-0.01431,0.00294,-0.00555
14.68,0.01078,-0.00229,0.00038,-0.00082,-0.00024,-4e-05,0.00648,0.00041,-0.00128,0.00162,-0.00011,-0.00015,-0.00018,0.00625,0.00086,0.00162,0.00131,0.00013,-0.00015,0.00017,0.02151,0.0264,0.00109,0.00986,-0.01178,0.01529,0.00719,0.01051,-0.03868,0.00366,0.03073,-0.01418,0.00302,-0.00553
14.7,0.01028,-0.00259,0.00032,-0.00084,-0.00026,-4e-05,0.00638,0.00038,-0.00127,0.0016,-0.00011,-0.00015,-0.00018,0.00616,0.00088,0.00161,0.00129,0.00013,-0.00015,0.00016,0.02206,0.0263,0.00108,0.01004,-0.01191,0.01538,0.00717,0.01003,-0.0389,0.00372,0.03015,-0.01407,0.00308,-0.00552
14.72,0.0098,-0.00289,0.00026,-0.00087,-0.00028,-5e-05,0.00626,0.00036,-0.00126,0.00159,-0.00011,-0.00015,-0.00017,0.00605,0.00091,0.0016,0.00127,0.00012,-0.00015,0.00016,0.02264,0.02626,0.00108,0.01028,-0.012,0.01548,0.0072,0.00972,-0.03895,0.0037,0.02983,-0.01402,0.00308,-0.00554
14.74,0.00932,-0.00319,0.00019,-0.0009,-0.00031,-5e-05,0.00613,0.00032,-0.00125,0.00156,-0.00011,-0.00014,-0.00017,0.00593,0.00093,0.00159,0.00125,0.00012,-0.00015,0.00016,0.0232,0.02622,0.00109,0.01052,-0.01209,0.01557,0.00724,0.00948,-0.03894,0.00366,0.0296,-0.014,0.00305,-0.00557
14.76,0.00885,-0.00348,0.00012,-0.00092,-0.00033,-6e-05,0.00598,0.00029,-0.00124,0.00154,-0.0001,-0.00014,-0.00017,0.0058,0.00094,0.00157,0.00122,0.00012,-0.00015,0.00015,0.02372,0.02615,0.00109,0.01073,-0.01217,0.01565,0.00726,0.00922,-0.03898,0.00364,0.02936,-0.01396,0.00304,-0.00559
14.78,0.00837,-0.00375,5e-05,-0.00095,-0.00035,-6e-05,0.00583,0.00026,-0.00123,0.0015,-0.0001,-0.00013,-0.00016,0.00567,0.00095,0.00155,0.0012,0.00012,-0.00014,0.00015,0.02422,0.02603,0.0011,0.01093,-0.01224,0.01573,0.00729,0.00898,-0.03907,0.00363,0.02915,-0.01394,0.00301,-0.00561
14.8,0.00794,-0.00401,-1e-05,-0.00097,-0.00038,-6e-05,0.00567,0.00022,-0.00121,0.00146,-0.0001,-0.00013,-0.00016,0.00554,0.00096,0.00153,0.00117,0.00011,-0.00014,0.00014,0.02464,0.02594,0.0011,0.0111,-0.01231,0.01579,0.0073,0.00876,-0.03912,0.00362,0.02895,-0.01392,0.003,-0.00563
14.82,0.0076,-0.00425,-7e-05,-0.00099,-0.0004,-6e-05,0.00548,0.00019,-0.0012,0.00143,-9e-05,-0.00012,-0.00015,0.00539,0.001,0.00153,0.00115,0.00011,-0.00014,0.00014,0.02492,0.02593,0.00111,0.01117,-0.01241,0.01581,0.0072,0.00853,-0.03906,0.00363,0.0287,-0.01388,0.00301,-0.00562
14.84,0.00731,-0.00447,-0.00011,-0.00101,-0.00042,-7e-05,0.0053,0.00015,-0.0012,0.00139,-9e-05,-0.00012,-0.00014,0.00524,0.00105,0.00152,0.00113,0.0001,-0.00014,0.00014,0.02512,0.02594,0.00111,0.01119,-0.01251,0.01581,0.00708,0.00831,-0.03897,0.00364,0.02845,-0.01383,0.00304,-0.0056
14.86,0.00703,-0.0047,-0.00014,-0.00103,-0.00045,-7e-05,0.00513,0.00011,-0.00119,0.00135,-8e-05,-0.00011,-0.00014,0.0051,0.0011,0.00152,0.0011,0.0001,-0.00013,0.00013,0.02529,0.02592,0.00111,0.01121,-0.01261,0.0158,0.00696,0.00812,-0.03895,0.00366,0.02824,-0.0138,0.00305,-0.00558
14.88,0.00676,-0.00492,-0.00015,-0.00104,-0.00047,-7e-05,0.00497,7e-05,-0.00118,0.00132,-8e-05,-0.00011,-0.00013,0.00497,0.00115,0.00152,0.00107,9e-05,-0.00013,0.00013,0.02541,0.02587,0.0011,0.01119,-0.0127,0.01578,0.00681,0.00791,-0.03898,0.00369,0.02804,-0.01377,0.00306,-0.00557
14.9,0.00655,-0.00515,-0.00015,-0.00105,-0.00049,-7e-05,0.00483,4e-05,-0.00117,0.00129,-7e-05,-0.00011,-0.00012,0.00486,0.00122,0.00153,0.00105,9e-05,-0.00013,0.00012,0.0255,0.02585,0.0011,0.01119,-0.01277,0.01577,0.00671,0.00778,-0.03899,0.00372,0.02788,-0.01374,0.00308,-0.00556
14.92,0.00642,-0.00537,-0.00011,-0.00105,-0.00051,-7e-05,0.00468,2e-05,-0.00116,0.00127,-7e-05,-0.0001,-0.00012,0.00475,0.00129,0.00153,0.00104,9e-05,-0.00013,0.00012,0.02559,0.02593,0.00111,0.01131,-0.01274,0.01584,0.00683,0.00784,-0.0389,0.00371,0.02778,-0.01371,0.00309,-0.00553
14.94,0.00635,-0.0056,-5e-05,-0.00104,-0.00053,-7e-05,0.00456,-0,-0.00114,0.00127,-7e-05,-0.0001,-0.00011,0.00465,0.00138,0.00154,0.00104,8e-05,-0.00013,0.00011,0.02566,0.02604,0.00113,0.01146,-0.01267,0.01593,0.00702,0.00798,-0.0388,0.0037,0.02772,-0.01369,0.00311,-0.0055
14.96,0.00629,-0.00585,4e-05,-0.00104,-0.00055,-7e-05,0.00446,-1e-05,-0.00113,0.00128,-7e-05,-9e-05,-0.00011,0.00457,0.00148,0.00156,0.00104,8e-05,-0.00013,0.00011,0.02567,0.02612,0.00115,0.01157,-0.01261,0.016,0.00716,0.0081,-0.03874,0.0037,0.02769,-0.01368,0.00312,-0.00548
14.98,0.00624,-0.00613,0.00015,-0.00103,-0.00057,-7e-05,0.0044,0,-0.00112,0.00131,-7e-05,-9e-05,-0.00011,0.00451,0.00157,0.00158,0.00104,8e-05,-0.00013,0.00011,0.02562,0.02617,0.00116,0.01166,-0.01253,0.01607,0.00732,0.00822,-0.03875,0.00372,0.02766,-0.01367,0.00312,-0.00545
15,0.00621,-0.00641,0.00028,-0.00102,-0.00059,-7e-05,0.00435,1e-05,-0.00111,0.00134,-6e-05,-9e-05,-0.00011,0.00445,0.00167,0.0016,0.00106,7e-05,-0.00013,0.00011,0.02554,0.02623,0.00117,0.01172,-0.01246,0.01611,0.00743,0.00839,-0.03872,0.00373,0.02768,-0.01367,0.00312,-0.00542
15.02,0.0062,-0.00669,0.00042,-0.00099,-0.0006,-7e-05,0.00429,3e-05,-0.00109,0.00141,-7e-05,-8e-05,-0.00012,0.00438,0.00179,0.00162,0.0011,8e-05,-0.00013,0.00011,0.02544,0.02636,0.0012,0.0117,-0.01246,0.01606,0.00736,0.00866,-0.03857,0.00374,0.02778,-0.01365,0.00314,-0.00538
15.04,0.00617,-0.00696,0.00056,-0.00096,-0.0006,-7e-05,0.00424,3e-05,-0.00107,0.00149,-7e-05,-8e-05,-0.00013,0.0043,0.00191,0.00163,0.00116,8e-05,-0.00013,0.00012,0.0253,0.0265,0.00123,0.01163,-0.01248,0.01597,0.00723,0.00897,-0.03837,0.00376,0.02792,-0.01364,0.00316,-0.00533
15.06,0.00611,-0.00724,0.0007,-0.00093,-0.00061,-7e-05,0.0042,4e-05,-0.00105,0.00157,-7e-05,-7e-05,-0.00013,0.00423,0.00202,0.00164,0.00122,8e-05,-0.00013,0.00012,0.0251,0.0266,0.00125,0.01156,-0.01248,0.0159,0.00713,0.00927,-0.03823,0.00379,0.02809,-0.01363,0.00316,-0.00529
15.08,0.00598,-0.00752,0.00084,-0.0009,-0.00062,-7e-05,0.00418,5e-05,-0.00104,0.00166,-7e-05,-7e-05,-0.00014,0.00416,0.00212,0.00165,0.00128,8e-05,-0.00013,0.00013,0.02485,0.02667,0.00128,0.01144,-0.01248,0.01579,0.00698,0.00958,-0.03815,0.00383,0.02825,-0.01363,0.00317,-0.00524
15.1,0.00588,-0.00776,0.00096,-0.00087,-0.00062,-6e-05,0.00415,4e-05,-0.00104,0.00175,-8e-05,-7e-05,-0.00015,0.0041,0.00221,0.00166,0.00135,8e-05,-0.00013,0.00014,0.02457,0.02676,0.00131,0.01134,-0.01244,0.01571,0.0069,0.00994,-0.03801,0.00387,0.02852,-0.01364,0.00317,-0.0052
15.12,0.00587,-0.00791,0.00105,-0.00082,-0.00061,-6e-05,0.00411,-1e-05,-0.00103,0.00184,-8e-05,-6e-05,-0.00016,0.00403,0.00228,0.00166,0.00143,8e-05,-0.00013,0.00015,0.02428,0.02694,0.00137,0.01134,-0.01231,0.0157,0.00706,0.01041,-0.0377,0.00389,0.02902,-0.01366,0.00315,-0.00515
15.14,0.00587,-0.00801,0.00111,-0.00077,-0.00059,-6e-05,0.00406,-9e-05,-0.00104,0.00192,-8e-05,-6e-05,-0.00018,0.00396,0.00233,0.00165,0.00151,9e-05,-0.00013,0.00016,0.02395,0.02714,0.00143,0.01136,-0.01215,0.01571,0.00729,0.01094,-0.03734,0.00391,0.02962,-0.0137,0.00312,-0.0051
15.16,0.00583,-0.00807,0.00116,-0.00072,-0.00057,-5e-05,0.00399,-0.00019,-0.00105,0.00199,-8e-05,-6e-05,-0.00019,0.00388,0.00237,0.00164,0.00159,9e-05,-0.00013,0.00017,0.02356,0.02729,0.00148,0.01132,-0.01199,0.01569,0.00746,0.01147,-0.03705,0.00394,0.03023,-0.01374,0.00309,-0.00505
15.18,0.00574,-0.0081,0.00118,-0.00067,-0.00056,-5e-05,0.0039,-0.0003,-0.00107,0.00205,-9e-05,-7e-05,-0.00019,0.00378,0.00242,0.00162,0.00165,9e-05,-0.00013,0.00018,0.02313,0.02739,0.00154,0.01128,-0.01181,0.01567,0.00766,0.01201,-0.03682,0.00398,0.03088,-0.01379,0.00305,-0.005
15.2,0.00575,-0.00803,0.00119,-0.00061,-0.00053,-5e-05,0.0038,-0.00044,-0.00109,0.00208,-9e-05,-7e-05,-0.0002,0.00368,0.00245,0.00161,0.00171,0.0001,-0.00013,0.00019,0.02259,0.0275,0.0016,0.01117,-0.01165,0.0156,0.00778,0.01261,-0.03656,0.00403,0.03157,-0.01384,0.00301,-0.00495
15.22,0.00601,-0.0078,0.00117,-0.00055,-0.0005,-4e-05,0.00373,-0.00058,-0.00111,0.00211,-9e-05,-7e-05,-0.00021,0.0036,0.00246,0.0016,0.00175,0.0001,-0.00013,0.00019,0.02188,0.0277,0.00166,0.0109,-0.01157,0.01545,0.00768,0.01332,-0.03617,0.00409,0.03227,-0.01387,0.00301,-0.00487
15.24,0.00638,-0.0075,0.00114,-0.00049,-0.00046,-4e-05,0.00364,-0.00073,-0.00113,0.00211,-9e-05,-8e-05,-0.00021,0.00353,0.00246,0.00158,0.00178,9e-05,-0.00013,0.00019,0.02108,0.02789,0.00171,0.01057,-0.0115,0.01527,0.00752,0.01407,-0.03574,0.00415,0.03302,-0.01389,0.00302,-0.00477
15.26,0.00676,-0.00718,0.00109,-0.00042,-0.00043,-3e-05,0.00351,-0.00089,-0.00115,0.00211,-8e-05,-8e-05,-0.00021,0.00342,0.00247,0.00156,0.00179,9e-05,-0.00014,0.00019,0.02024,0.02802,0.00177,0.01023,-0.01141,0.0151,0.00739,0.01484,-0.03536,0.00422,0.03381,-0.01393,0.00302,-0.00468
15.28,0.00716,-0.00683,0.00103,-0.00035,-0.00039,-3e-05,0.00334,-0.00106,-0.00115,0.00209,-8e-05,-8e-05,-0.00022,0.00329,0.00248,0.00154,0.00179,9e-05,-0.00014,0.00018,0.0193,0.02808,0.00181,0.00983,-0.01133,0.0149,0.0072,0.01561,-0.03503,0.00431,0.03462,-0.01397,0.00302,-0.00459
15.3,0.00764,-0.00642,0.00095,-0.00029,-0.00035,-3e-05,0.00315,-0.00121,-0.00113,0.00206,-8e-05,-8e-05,-0.00022,0.00315,0.00248,0.00151,0.00178,9e-05,-0.00014,0.00018,0.01835,0.02813,0.00185,0.00946,-0.01121,0.01473,0.0071,0.01645,-0.03465,0.00438,0.03552,-0.01403,0.00301,-0.0045
15.32,0.00827,-0.00589,0.00085,-0.00023,-0.00031,-2e-05,0.00297,-0.00132,-0.00108,0.00203,-8e-05,-7e-05,-0.00022,0.00305,0.00246,0.00147,0.00178,9e-05,-0.00014,0.00018,0.0175,0.0282,0.00191,0.00925,-0.01099,0.01463,0.00723,0.01751,-0.03408,0.00438,0.03662,-0.01412,0.00298,-0.00441
15.34,0.00896,-0.00528,0.00074,-0.00018,-0.00027,-2e-05,0.00278,-0.00139,-0.00101,0.002,-8e-05,-7e-05,-0.00022,0.00294,0.00244,0.00143,0.00176,9e-05,-0.00013,0.00019,0.01661,0.02826,0.00197,0.00907,-0.01073,0.01454,0.00743,0.01866,-0.03345,0.00435,0.03782,-0.01423,0.00294,-0.00432
15.36,0.00963,-0.00464,0.00062,-0.00013,-0.00023,-2e-05,0.00254,-0.00144,-0.00092,0.00195,-8e-05,-6e-05,-0.00022,0.00281,0.00242,0.00138,0.00174,8e-05,-0.00012,0.00019,0.01562,0.02824,0.00201,0.00881,-0.0105,0.01443,0.00757,0.01982,-0.03284,0.00433,0.03902,-0.01435,0.0029,-0.00423
15.38,0.0103,-0.00396,0.00049,-8e-05,-0.00018,-1e-05,0.00224,-0.00146,-0.00081,0.00189,-8e-05,-4e-05,-0.00022,0.00264,0.00241,0.00133,0.0017,8e-05,-0.00011,0.00019,0.01455,0.02814,0.00203,0.00853,-0.01025,0.01431,0.00772,0.02103,-0.03227,0.00433,0.0403,-0.01447,0.00286,-0.00414
15.4,0.01094,-0.00323,0.00036,-3e-05,-0.00013,-1e-05,0.00193,-0.00144,-0.00069,0.00182,-7e-05,-3e-05,-0.00021,0.00248,0.0024,0.00127,0.00166,8e-05,-0.0001,0.00018,0.01341,0.028,0.00204,0.0082,-0.01002,0.01417,0.00783,0.02229,-0.03161,0.0043,0.04158,-0.01459,0.00282,-0.00404
15.42,0.01153,-0.00242,0.00024,-0,-9e-05,-1e-05,0.00166,-0.00137,-0.00056,0.00173,-7e-05,-2e-05,-0.0002,0.00234,0.00238,0.00121,0.00161,7e-05,-0.0001,0.00017,0.01218,0.02781,0.00204,0.00776,-0.00982,0.01398,0.00781,0.0236,-0.03076,0.00423,0.04273,-0.01472,0.00281,-0.00391
15.44,0.01206,-0.00156,0.00013,2e-05,-4e-05,-1e-05,0.00142,-0.00127,-0.00043,0.00163,-7e-05,-1e-05,-0.00019,0.00221,0.00237,0.00115,0.00155,7e-05,-0.0001,0.00016,0.01088,0.02752,0.00202,0.00728,-0.00962,0.01377,0.00776,0.02498,-0.02983,0.00414,0.04389,-0.01483,0.0028,-0.00379
15.46,0.01255,-0.00068,4e-05,5e-05,0,-1e-05,0.00119,-0.00117,-0.00032,0.00152,-7e-05,-0,-0.00018,0.00205,0.00235,0.00108,0.00149,7e-05,-0.0001,0.00015,0.00951,0.02709,0.00199,0.00675,-0.0094,0.01352,0.00769,0.02643,-0.02893,0.00407,0.04517,-0.01495,0.00277,-0.00368
15.48,0.01298,0.00023,-3e-05,7e-05,5e-05,-1e-05,0.00098,-0.0011,-0.00023,0.00139,-7e-05,0,-0.00017,0.00188,0.00232,0.00101,0.00143,6e-05,-9e-05,0.00013,0.00806,0.02649,0.00193,0.00618,-0.00915,0.01324,0.0076,0.02797,-0.02806,0.00401,0.04652,-0.01503,0.00272,-0.00359
15.5,0.01335,0.00111,-6e-05,8e-05,9e-05,-1e-05,0.00087,-0.00109,-0.00019,0.00128,-7e-05,0,-0.00016,0.0017,0.0023,0.00093,0.00136,6e-05,-9e-05,0.00012,0.00657,0.02568,0.00187,0.00559,-0.00886,0.01289,0.00747,0.02964,-0.02715,0.00392,0.04804,-0.01512,0.00263,-0.00355
15.52,0.01365,0.00188,-3e-05,9e-05,0.00014,-1e-05,0.00089,-0.00122,-0.00019,0.00124,-7e-05,-1e-05,-0.00016,0.00154,0.00227,0.00086,0.00131,5e-05,-8e-05,0.00012,0.0051,0.02463,0.00179,0.00498,-0.00851,0.01246,0.00733,0.03147,-0.02614,0.00368,0.04985,-0.01524,0.00244,-0.00357
15.54,0.01388,0.00259,5e-05,0.0001,0.0002,-0,0.00097,-0.00144,-0.00022,0.00124,-7e-05,-2e-05,-0.00015,0.0014,0.00224,0.0008,0.00127,5e-05,-7e-05,0.00012,0.00359,0.02328,0.00169,0.00434,-0.0081,0.01193,0.00714,0.03345,-0.0251,0.00337,0.05184,-0.01534,0.00219,-0.00366
15.56,0.01402,0.00328,0.00014,0.00011,0.00026,0,0.00103,-0.0017,-0.00024,0.00123,-6e-05,-4e-05,-0.00015,0.00126,0.00221,0.00074,0.00124,5e-05,-6e-05,0.00012,0.00203,0.02159,0.00159,0.00366,-0.00761,0.01127,0.00686,0.03561,-0.0241,0.00302,0.05397,-0.01538,0.0019,-0.00381
15.58,0.01409,0.00393,0.00026,0.00011,0.00031,1e-05,0.00107,-0.002,-0.00026,0.0012,-6e-05,-6e-05,-0.00013,0.00114,0.00215,0.00068,0.00122,5e-05,-5e-05,0.00013,0.00048,0.01952,0.00148,0.00296,-0.00703,0.01048,0.00648,0.03794,-0.02311,0.00261,0.05637,-0.01534,0.00156,-0.00405
15.6,0.01404,0.00458,0.00035,0.0001,0.00037,2e-05,0.00105,-0.00224,-0.00027,0.00117,-5e-05,-8e-05,-0.00012,0.00105,0.00211,0.00064,0.00119,5e-05,-4e-05,0.00013,-0.00108,0.01707,0.00136,0.00221,-0.00637,0.00953,0.006,0.04054,-0.02213,0.00211,0.05885,-0.01523,0.00116,-0.00439
15.62,0.01385,0.00529,0.00037,0.0001,0.00045,3e-05,0.00099,-0.00231,-0.00028,0.00115,-5e-05,-8e-05,-0.00012,0.00098,0.0021,0.0006,0.00115,5e-05,-4e-05,0.00012,-0.00264,0.01423,0.00124,0.00145,-0.00562,0.00843,0.00544,0.0436,-0.0211,0.00147,0.06116,-0.01507,0.00071,-0.00483
15.64,0.01356,0.00603,0.00037,9e-05,0.00053,4e-05,0.00091,-0.00228,-0.00029,0.00112,-5e-05,-8e-05,-0.00012,0.00093,0.0021,0.00056,0.00111,5e-05,-5e-05,0.00011,-0.0041,0.01112,0.00112,0.00068,-0.0048,0.00718,0.00476,0.04697,-0.01996,0.00072,0.06349,-0.01483,0.00022,-0.00536
15.66,0.01321,0.00675,0.00037,8e-05,0.00061,5e-05,0.0008,-0.00224,-0.00029,0.00107,-4e-05,-7e-05,-0.00011,0.00091,0.00207,0.00053,0.00108,5e-05,-5e-05,0.0001,-0.00539,0.00789,0.00102,-4e-05,-0.00394,0.00585,0.00399,0.05047,-0.01868,-0.00013,0.06596,-0.01451,-0.00027,-0.00595
15.68,0.01281,0.00744,0.00035,7e-05,0.00069,6e-05,0.00066,-0.00221,-0.00029,0.001,-4e-05,-6e-05,-0.0001,0.0009,0.00202,0.00049,0.00105,4e-05,-6e-05,9e-05,-0.00657,0.00464,0.00093,-0.00058,-0.003,0.00458,0.00321,0.05414,-0.01716,-0.00107,0.06843,-0.01414,-0.00074,-0.00655
15.7,0.01238,0.00817,0.00033,6e-05,0.00077,8e-05,0.00052,-0.00217,-0.00029,0.00094,-4e-05,-5e-05,-0.0001,0.00089,0.00196,0.00045,0.00102,4e-05,-6e-05,8e-05,-0.00746,0.0017,0.00089,-0.0012,-0.00223,0.0033,0.0024,0.05758,-0.01539,-0.00204,0.07058,-0.01377,-0.00115,-0.00712
15.72,0.01197,0.009,0.0003,5e-05,0.00085,9e-05,0.00043,-0.00213,-0.0003,0.00091,-4e-05,-4e-05,-0.0001,0.00087,0.00189,0.00041,0.001,4e-05,-6e-05,9e-05,-0.00786,-0.00095,0.00094,-0.00188,-0.00175,0.002,0.00151,0.06034,-0.01342,-0.00294,0.07214,-0.01345,-0.0015,-0.00762
15.74,0.01159,0.00987,0.00028,5e-05,0.00093,0.00011,0.00035,-0.00211,-0.00032,0.00088,-4e-05,-3e-05,-0.0001,0.00085,0.00182,0.00038,0.00099,4e-05,-6e-05,9e-05,-0.00832,-0.00351,0.00104,-0.00218,-0.00125,0.00099,0.00069,0.06267,-0.01126,-0.00379,0.07323,-0.0132,-0.00177,-0.00803
15.76,0.01124,0.0107,0.00027,5e-05,0.00101,0.00012,0.00029,-0.00214,-0.00034,0.00086,-4e-05,-3e-05,-0.0001,0.00082,0.00173,0.00035,0.00097,4e-05,-5e-05,9e-05,-0.00914,-0.00565,0.00114,-0.00215,-0.00073,0.00039,0.00021,0.06482,-0.00888,-0.00461,0.07404,-0.01299,-0.00195,-0.00833
15.78,0.01091,0.01151,0.00026,5e-05,0.00109,0.00014,0.00024,-0.0022,-0.00038,0.00084,-3e-05,-2e-05,-0.0001,0.00077,0.00164,0.00031,0.00094,4e-05,-5e-05,0.0001,-0.01006,-0.00701,0.00127,-0.00181,-0.00028,0.00011,1e-05,0.06674,-0.00625,-0.00541,0.07445,-0.01286,-0.00206,-0.00853
15.8,0.01066,0.0123,0.00027,6e-05,0.00116,0.00015,0.00021,-0.00227,-0.00042,0.00082,-3e-05,-2e-05,-0.0001,0.00071,0.00154,0.00028,0.00091,4e-05,-4e-05,0.0001,-0.01062,-0.00795,0.00136,-0.00133,8e-05,6e-05,6e-05,0.06832,-0.00371,-0.00606,0.07467,-0.01278,-0.00211,-0.00865
15.82,0.01054,0.01304,0.00028,7e-05,0.00121,0.00016,0.00021,-0.00236,-0.00046,0.00081,-3e-05,-3e-05,-0.0001,0.00066,0.00144,0.00026,0.00091,4e-05,-4e-05,0.0001,-0.01087,-0.0092,0.00137,-0.00133,0.00028,-0,9e-05,0.06946,-0.00169,-0.00639,0.07496,-0.01269,-0.00212,-0.00873
15.84,0.01049,0.01375,0.00029,9e-05,0.00126,0.00017,0.00023,-0.00245,-0.00051,0.00081,-3e-05,-3e-05,-9e-05,0.00059,0.00134,0.00024,0.00091,4e-05,-3e-05,0.0001,-0.01094,-0.01077,0.00134,-0.0016,0.0004,-0.00011,2e-05,0.07029,0.00014,-0.00658,0.07517,-0.01264,-0.00211,-0.00877
15.86,0.01045,0.01444,0.00029,0.00011,0.0013,0.00017,0.00025,-0.00253,-0.00056,0.00081,-3e-05,-4e-05,-9e-05,0.00051,0.00127,0.00022,0.00089,4e-05,-3e-05,0.0001,-0.01073,-0.01184,0.0013,-0.00181,0.00046,-0.0002,-6e-05,0.07097,0.00209,-0.00677,0.0752,-0.01263,-0.00208,-0.00875
15.88,0.01042,0.01514,0.00029,0.00013,0.00134,0.00018,0.00027,-0.00259,-0.00061,0.00082,-4e-05,-5e-05,-9e-05,0.00041,0.00122,0.0002,0.00085,4e-05,-3e-05,9e-05,-0.01018,-0.01248,0.00124,-0.00211,0.00046,-0.00027,-0.00016,0.07154,0.00407,-0.00688,0.07514,-0.01264,-0.00203,-0.0087
15.9,0.01041,0.01575,0.00028,0.00015,0.00137,0.00018,0.0003,-0.00264,-0.00065,0.00084,-4e-05,-5e-05,-9e-05,0.00032,0.00119,0.00019,0.00082,3e-05,-2e-05,9e-05,-0.00968,-0.01245,0.00113,-0.00241,0.00044,-0.00031,-0.00023,0.07193,0.00596,-0.007,0.07504,-0.01266,-0.00198,-0.0086
15.92,0.01041,0.01614,0.00025,0.00018,0.00138,0.00019,0.00032,-0.00267,-0.00069,0.00086,-4e-05,-5e-05,-9e-05,0.00028,0.00119,0.00019,0.00081,4e-05,-2e-05,8e-05,-0.00968,-0.01178,0.00101,-0.00258,0.0004,-0.00028,-0.00023,0.07206,0.00775,-0.00723,0.07496,-0.01269,-0.00191,-0.00845
15.94,0.01041,0.01644,0.00021,0.0002,0.00139,0.00019,0.00034,-0.00267,-0.00072,0.0009,-4e-05,-6e-05,-0.0001,0.00026,0.0012,0.0002,0.00081,4e-05,-2e-05,8e-05,-0.00985,-0.01096,0.00089,-0.00273,0.00035,-0.00024,-0.0002,0.07209,0.00948,-0.00747,0.07486,-0.01273,-0.00184,-0.00825
15.96,0.0104,0.01673,0.00017,0.00021,0.0014,0.00019,0.00036,-0.00266,-0.00075,0.00094,-4e-05,-6e-05,-0.0001,0.00022,0.00123,0.0002,0.00079,4e-05,-3e-05,8e-05,-0.00997,-0.01023,0.00079,-0.00291,0.0003,-0.00021,-0.00018,0.07215,0.01124,-0.00763,0.07475,-0.01277,-0.0018,-0.00803
15.98,0.01037,0.01701,0.00012,0.00023,0.00141,0.00018,0.00038,-0.00262,-0.00077,0.00099,-5e-05,-6e-05,-0.00011,0.00018,0.00127,0.00021,0.00077,4e-05,-3e-05,7e-05,-0.01008,-0.00963,0.00071,-0.00308,0.00026,-0.00017,-0.00016,0.07222,0.01308,-0.00778,0.07465,-0.01281,-0.00177,-0.00776
16,0.01035,0.01721,8e-05,0.00024,0.00141,0.00018,0.00041,-0.00258,-0.00078,0.00104,-5e-05,-6e-05,-0.00011,0.00014,0.00132,0.00022,0.00076,3e-05,-3e-05,7e-05,-0.01019,-0.00919,0.00067,-0.00323,0.00021,-0.00015,-0.00014,0.07229,0.01475,-0.00785,0.07454,-0.01284,-0.00176,-0.00747
16.02,0.01037,0.01727,2e-05,0.00025,0.0014,0.00018,0.00044,-0.00253,-0.00079,0.00109,-5e-05,-6e-05,-0.00012,0.00013,0.00137,0.00023,0.00075,3e-05,-3e-05,7e-05,-0.01031,-0.00888,0.00066,-0.00336,0.00018,-0.00013,-0.00013,0.07237,0.01597,-0.00776,0.07442,-0.01287,-0.00181,-0.00716
16.04,0.01041,0.01725,-3e-05,0.00026,0.00139,0.00017,0.00047,-0.00249,-0.0008,0.00113,-6e-05,-6e-05,-0.00012,0.00013,0.00141,0.00025,0.00076,3e-05,-3e-05,6e-05,-0.01042,-0.00874,0.00069,-0.00346,0.00015,-0.00011,-0.00012,0.07246,0.01701,-0.00759,0.07431,-0.01289,-0.00188,-0.00684
16.06,0.01044,0.01722,-8e-05,0.00026,0.00138,0.00017,0.0005,-0.00243,-0.0008,0.00118,-6e-05,-6e-05,-0.00013,0.00012,0.00145,0.00026,0.00076,3e-05,-3e-05,6e-05,-0.01047,-0.00877,0.00075,-0.00353,0.00013,-0.00011,-0.00011,0.07257,0.01812,-0.00741,0.07423,-0.0129,-0.00196,-0.00648
16.08,0.0105,0.01716,-0.00014,0.00027,0.00136,0.00016,0.00052,-0.00236,-0.0008,0.00123,-6e-05,-6e-05,-0.00014,0.00012,0.00149,0.00027,0.00077,3e-05,-3e-05,6e-05,-0.01048,-0.00895,0.00083,-0.00355,0.00011,-0.0001,-0.00011,0.0727,0.01927,-0.00721,0.07414,-0.01291,-0.00206,-0.00611
16.1,0.01055,0.01708,-0.0002,0.00027,0.00135,0.00016,0.00054,-0.00229,-0.0008,0.00128,-6e-05,-5e-05,-0.00014,0.00012,0.00151,0.00028,0.00078,3e-05,-3e-05,6e-05,-0.01046,-0.00922,0.00093,-0.00356,0.0001,-0.0001,-0.00011,0.07281,0.0203,-0.00699,0.0741,-0.01291,-0.00217,-0.00573
16.12,0.01059,0.01697,-0.00026,0.00027,0.00133,0.00015,0.00056,-0.00223,-0.0008,0.00132,-6e-05,-5e-05,-0.00015,0.00012,0.00153,0.00029,0.0008,3e-05,-3e-05,6e-05,-0.01043,-0.00952,0.00104,-0.00358,0.0001,-0.00011,-0.00011,0.07286,0.02103,-0.00676,0.07421,-0.0129,-0.00229,-0.00537
16.14,0.01064,0.01683,-0.00034,0.00027,0.00131,0.00015,0.00058,-0.00217,-0.00079,0.00136,-6e-05,-5e-05,-0.00015,0.00013,0.00153,0.00031,0.00083,3e-05,-3e-05,7e-05,-0.01038,-0.00986,0.00115,-0.00359,0.0001,-0.00011,-0.00012,0.07289,0.02164,-0.00653,0.07437,-0.01287,-0.00242,-0.00503
16.16,0.01069,0.01666,-0.00043,0.00027,0.00129,0.00014,0.00059,-0.00211,-0.00078,0.00139,-6e-05,-5e-05,-0.00015,0.00015,0.00152,0.00032,0.00085,3e-05,-3e-05,7e-05,-0.01028,-0.01021,0.00127,-0.00359,0.0001,-0.00012,-0.00012,0.07293,0.0223,-0.00632,0.0745,-0.01285,-0.00254,-0.0047
16.18,0.01077,0.01647,-0.00053,0.00027,0.00126,0.00014,0.00058,-0.00206,-0.00076,0.00142,-6e-05,-5e-05,-0.00015,0.00018,0.00151,0.00033,0.00089,3e-05,-3e-05,7e-05,-0.01012,-0.01055,0.00138,-0.00357,0.0001,-0.00012,-0.00013,0.07294,0.02299,-0.00614,0.07466,-0.01282,-0.00265,-0.00438
16.2,0.01083,0.01624,-0.00064,0.00027,0.00124,0.00013,0.00057,-0.002,-0.00075,0.00145,-6e-05,-5e-05,-0.00015,0.00021,0.00149,0.00034,0.00092,3e-05,-3e-05,8e-05,-0.00994,-0.01083,0.00148,-0.00355,0.00011,-0.00013,-0.00013,0.07302,0.0236,-0.00595,0.07479,-0.0128,-0.00276,-0.00409
16.22,0.01086,0.0159,-0.00076,0.00027,0.0012,0.00013,0.00057,-0.00195,-0.00074,0.00148,-6e-05,-4e-05,-0.00015,0.00024,0.00147,0.00034,0.00096,3e-05,-3e-05,8e-05,-0.00983,-0.01102,0.00153,-0.00353,0.00011,-0.00013,-0.00014,0.07334,0.02404,-0.00567,0.07484,-0.01278,-0.00287,-0.00384
16.24,0.01088,0.01553,-0.00087,0.00027,0.00116,0.00012,0.00057,-0.00189,-0.00072,0.00151,-6e-05,-4e-05,-0.00016,0.00028,0.00145,0.00035,0.001,3e-05,-3e-05,8e-05,-0.00972,-0.01113,0.00156,-0.0035,0.00011,-0.00014,-0.00014,0.07372,0.0244,-0.00538,0.07486,-0.01277,-0.00297,-0.00362
16.26,0.01091,0.01515,-0.00099,0.00026,0.00112,0.00012,0.00056,-0.00185,-0.00071,0.00154,-6e-05,-4e-05,-0.00016,0.00032,0.00144,0.00036,0.00104,3e-05,-3e-05,9e-05,-0.00956,-0.01117,0.00158,-0.00349,0.00012,-0.00014,-0.00014,0.07407,0.02479,-0.00513,0.07489,-0.01275,-0.00306,-0.00342
16.28,0.01094,0.01476,-0.0011,0.00026,0.00108,0.00011,0.00056,-0.00181,-0.0007,0.00157,-7e-05,-4e-05,-0.00017,0.00036,0.00142,0.00037,0.00108,3e-05,-2e-05,9e-05,-0.00938,-0.01112,0.00158,-0.00351,0.00012,-0.00014,-0.00014,0.07441,0.02518,-0.00488,0.07493,-0.01274,-0.00313,-0.00324
16.3,0.01097,0.01437,-0.0012,0.00026,0.00104,0.0001,0.00056,-0.00177,-0.00069,0.00159,-7e-05,-3e-05,-0.00017,0.00041,0.0014,0.00038,0.00113,3e-05,-2e-05,0.0001,-0.00922,-0.01102,0.00157,-0.00352,0.00012,-0.00014,-0.00014,0.07475,0.02555,-0.00469,0.07494,-0.01273,-0.0032,-0.00308
16.32,0.01096,0.01399,-0.00129,0.00025,0.00099,0.0001,0.00057,-0.00174,-0.00068,0.00161,-7e-05,-3e-05,-0.00017,0.00046,0.00138,0.00039,0.00116,4e-05,-3e-05,0.0001,-0.00911,-0.01095,0.00152,-0.00348,0.00012,-0.00014,-0.00014,0.07507,0.02596,-0.00465,0.07489,-0.01273,-0.00325,-0.00293
16.34,0.01093,0.01364,-0.00136,0.00024,0.00094,9e-05,0.00058,-0.00171,-0.00067,0.00164,-7e-05,-3e-05,-0.00018,0.00051,0.00137,0.00039,0.00119,4e-05,-3e-05,0.0001,-0.00905,-0.01085,0.00146,-0.00343,0.00012,-0.00014,-0.00014,0.07538,0.02636,-0.00466,0.0748,-0.01274,-0.00329,-0.00279
16.36,0.01092,0.01331,-0.00143,0.00024,0.0009,9e-05,0.0006,-0.00169,-0.00067,0.00166,-7e-05,-3e-05,-0.00018,0.00056,0.00136,0.0004,0.00122,4e-05,-3e-05,0.00011,-0.00901,-0.0107,0.0014,-0.00341,0.00012,-0.00014,-0.00014,0.07569,0.02677,-0.00466,0.07472,-0.01274,-0.00332,-0.00266
16.38,0.01089,0.013,-0.00147,0.00023,0.00086,8e-05,0.00062,-0.00169,-0.00067,0.00168,-7e-05,-3e-05,-0.00018,0.0006,0.00135,0.00041,0.00126,4e-05,-3e-05,0.00011,-0.00904,-0.01054,0.00133,-0.00339,0.00012,-0.00013,-0.00014,0.07602,0.02725,-0.00472,0.07463,-0.01275,-0.00334,-0.00255
16.4,0.01087,0.01277,-0.00151,0.00022,0.00082,8e-05,0.00064,-0.00169,-0.00068,0.0017,-7e-05,-3e-05,-0.00018,0.00064,0.00134,0.00042,0.0013,5e-05,-4e-05,0.00011,-0.00909,-0.01036,0.00127,-0.00339,0.00012,-0.00013,-0.00014,0.07632,0.0276,-0.00474,0.07452,-0.01276,-0.00335,-0.00246
16.42,0.0109,0.01264,-0.00154,0.00022,0.00078,7e-05,0.00066,-0.00169,-0.00069,0.00171,-7e-05,-3e-05,-0.00018,0.00068,0.00134,0.00042,0.00133,5e-05,-4e-05,0.00012,-0.00911,-0.01019,0.00123,-0.00344,0.00012,-0.00013,-0.00014,0.07654,0.02758,-0.0046,0.07442,-0.01277,-0.00338,-0.00242
16.44,0.01095,0.01259,-0.00157,0.00021,0.00076,7e-05,0.00066,-0.00171,-0.0007,0.00172,-7e-05,-3e-05,-0.00018,0.00071,0.00134,0.00043,0.00136,5e-05,-3e-05,0.00013,-0.00915,-0.01002,0.00119,-0.0035,0.00011,-0.00013,-0.00014,0.07675,0.0274,-0.00442,0.0743,-0.01278,-0.00342,-0.0024
16.46,0.01098,0.01256,-0.0016,0.0002,0.00073,7e-05,0.00066,-0.00174,-0.00071,0.00172,-7e-05,-3e-05,-0.00018,0.00073,0.00133,0.00044,0.00139,5e-05,-3e-05,0.00013,-0.00925,-0.00987,0.00116,-0.00355,0.00011,-0.00013,-0.00013,0.07697,0.02728,-0.00428,0.07418,-0.01279,-0.00344,-0.00239
16.48,0.01099,0.01256,-0.00163,0.0002,0.00071,7e-05,0.00065,-0.00178,-0.00074,0.00172,-6e-05,-4e-05,-0.00018,0.00076,0.00131,0.00044,0.00142,5e-05,-3e-05,0.00014,-0.00941,-0.00972,0.00113,-0.00361,0.00011,-0.00013,-0.00013,0.07721,0.02715,-0.00414,0.07407,-0.0128,-0.00346,-0.00239
16.5,0.01102,0.0126,-0.00168,0.00019,0.00069,7e-05,0.00063,-0.00183,-0.00076,0.0017,-6e-05,-4e-05,-0.00018,0.00078,0.0013,0.00045,0.00145,5e-05,-3e-05,0.00015,-0.00957,-0.00959,0.00111,-0.00366,0.00011,-0.00013,-0.00013,0.0774,0.02698,-0.00403,0.07393,-0.01281,-0.00347,-0.0024
16.52,0.01111,0.01267,-0.00173,0.00019,0.00069,7e-05,0.00057,-0.0019,-0.00079,0.00166,-6e-05,-4e-05,-0.00018,0.00079,0.0013,0.00045,0.00147,5e-05,-3e-05,0.00015,-0.00972,-0.00948,0.00111,-0.00372,0.0001,-0.00013,-0.00013,0.07742,0.0268,-0.00397,0.07374,-0.01284,-0.00348,-0.00242
16.54,0.01122,0.01275,-0.0018,0.00019,0.00068,7e-05,0.00049,-0.00197,-0.00081,0.00162,-6e-05,-5e-05,-0.00017,0.0008,0.00129,0.00046,0.00149,5e-05,-3e-05,0.00015,-0.00985,-0.00938,0.00112,-0.00377,0.0001,-0.00013,-0.00013,0.07738,0.02661,-0.00392,0.07354,-0.01286,-0.00348,-0.00245
16.56,0.0113,0.01284,-0.00189,0.00019,0.00068,7e-05,0.0004,-0.00205,-0.00083,0.00156,-6e-05,-5e-05,-0.00016,0.00081,0.00128,0.00046,0.0015,5e-05,-3e-05,0.00016,-0.00998,-0.00927,0.00113,-0.00381,0.0001,-0.00013,-0.00013,0.07735,0.02641,-0.00389,0.07335,-0.01288,-0.00348,-0.00249
16.58,0.01137,0.01291,-0.00199,0.00019,0.00068,7e-05,0.0003,-0.00213,-0.00085,0.00149,-6e-05,-5e-05,-0.00015,0.00081,0.00126,0.00046,0.00151,5e-05,-3e-05,0.00016,-0.0101,-0.00917,0.00114,-0.00385,0.0001,-0.00013,-0.00013,0.07733,0.02621,-0.00386,0.07311,-0.01291,-0.00347,-0.00255
16.6,0.01143,0.01298,-0.0021,0.0002,0.00067,7e-05,0.00018,-0.0022,-0.00086,0.00141,-6e-05,-6e-05,-0.00014,0.00082,0.00125,0.00046,0.00151,5e-05,-3e-05,0.00016,-0.01017,-0.00907,0.00115,-0.00387,0.0001,-0.00013,-0.00013,0.07724,0.026,-0.00386,0.07295,-0.01293,-0.00345,-0.00261
16.62,0.01149,0.01305,-0.00221,0.0002,0.00067,7e-05,5e-05,-0.00227,-0.00087,0.00133,-6e-05,-6e-05,-0.00013,0.00083,0.00124,0.00047,0.00152,5e-05,-3e-05,0.00016,-0.01013,-0.009,0.00118,-0.0039,0.0001,-0.00012,-0.00013,0.07695,0.0258,-0.0039,0.07301,-0.01292,-0.00343,-0.00269
16.64,0.01156,0.0131,-0.00233,0.00021,0.00067,7e-05,-7e-05,-0.00233,-0.00087,0.00125,-5e-05,-6e-05,-0.00012,0.00083,0.00123,0.00048,0.00152,5e-05,-3e-05,0.00016,-0.01002,-0.00894,0.0012,-0.00392,0.0001,-0.00012,-0.00013,0.0766,0.0256,-0.00396,0.07314,-0.01291,-0.0034,-0.00279
16.66,0.01161,0.01312,-0.00244,0.00022,0.00067,7e-05,-0.00019,-0.00237,-0.00086,0.00117,-5e-05,-6e-05,-0.00011,0.00084,0.00122,0.00048,0.00152,5e-05,-3e-05,0.00016,-0.00987,-0.00888,0.00123,-0.00393,0.0001,-0.00012,-0.00013,0.07628,0.02538,-0.00403,0.07322,-0.0129,-0.00336,-0.00289
16.68,0.01169,0.01315,-0.00255,0.00023,0.00066,7e-05,-0.00026,-0.00237,-0.00084,0.00112,-5e-05,-6e-05,-0.0001,0.00086,0.00121,0.00049,0.00152,5e-05,-3e-05,0.00015,-0.00961,-0.00885,0.00125,-0.00394,0.0001,-0.00012,-0.00013,0.07587,0.02517,-0.00412,0.07334,-0.01289,-0.00332,-0.00301
16.7,0.01171,0.01309,-0.00264,0.00024,0.00065,6e-05,-0.00034,-0.00236,-0.00082,0.00108,-5e-05,-6e-05,-9e-05,0.00087,0.0012,0.0005,0.00151,5e-05,-3e-05,0.00015,-0.00939,-0.00883,0.00127,-0.00393,0.0001,-0.00012,-0.00012,0.07561,0.0249,-0.00421,0.07338,-0.01289,-0.00327,-0.00314
16.72,0.01153,0.01278,-0.00271,0.00026,0.00065,6e-05,-0.00045,-0.00237,-0.00079,0.00105,-5e-05,-6e-05,-8e-05,0.00089,0.00118,0.0005,0.0015,5e-05,-3e-05,0.00015,-0.00939,-0.00882,0.00125,-0.00388,0.0001,-0.00012,-0.00012,0.07583,0.02447,-0.00425,0.07321,-0.0129,-0.00321,-0.00328
16.74,0.0113,0.01238,-0.00277,0.00028,0.00064,6e-05,-0.00055,-0.00236,-0.00076,0.00105,-5e-05,-5e-05,-8e-05,0.0009,0.00116,0.00049,0.0015,5e-05,-3e-05,0.00015,-0.00944,-0.0088,0.00121,-0.00382,0.0001,-0.00012,-0.00012,0.07622,0.02399,-0.00429,0.07297,-0.01292,-0.00315,-0.00342
16.76,0.01112,0.012,-0.00282,0.0003,0.00064,5e-05,-0.00063,-0.00231,-0.00071,0.00107,-5e-05,-5e-05,-8e-05,0.00092,0.00113,0.00049,0.0015,5e-05,-2e-05,0.00015,-0.00942,-0.00876,0.00116,-0.00376,0.0001,-0.00012,-0.00012,0.07653,0.02352,-0.00434,0.07275,-0.01294,-0.00309,-0.00356
16.78,0.01098,0.01161,-0.00287,0.00033,0.00063,5e-05,-0.00067,-0.00224,-0.00066,0.00114,-5e-05,-4e-05,-9e-05,0.00095,0.00111,0.00049,0.0015,5e-05,-2e-05,0.00015,-0.00942,-0.0087,0.00111,-0.00369,0.0001,-0.00012,-0.00012,0.07689,0.02304,-0.00439,0.07255,-0.01296,-0.00302,-0.00371
16.8,0.01083,0.01121,-0.00293,0.00035,0.00062,5e-05,-0.00073,-0.00217,-0.0006,0.00121,-5e-05,-3e-05,-0.0001,0.00098,0.00108,0.00048,0.00151,5e-05,-2e-05,0.00015,-0.0094,-0.00862,0.00105,-0.00364,0.0001,-0.00012,-0.00012,0.07721,0.02259,-0.00446,0.07231,-0.01298,-0.00296,-0.00385
16.82,0.01065,0.01081,-0.00301,0.00037,0.00063,5e-05,-0.0009,-0.00213,-0.00053,0.00126,-5e-05,-1e-05,-0.00011,0.001,0.00103,0.00046,0.00151,5e-05,-2e-05,0.00015,-0.00932,-0.00854,0.001,-0.00361,0.0001,-0.00011,-0.00012,0.07734,0.0222,-0.00457,0.07196,-0.01302,-0.00291,-0.00398
16.84,0.01046,0.01042,-0.00309,0.00039,0.00065,4e-05,-0.00108,-0.00209,-0.00046,0.00131,-5e-05,-0,-0.00012,0.00103,0.00099,0.00043,0.00152,5e-05,-1e-05,0.00015,-0.00924,-0.00849,0.00094,-0.00361,0.0001,-0.00011,-0.00012,0.07744,0.02186,-0.0047,0.07158,-0.01306,-0.00286,-0.0041
16.86,0.01027,0.01005,-0.00316,0.00042,0.00066,4e-05,-0.00123,-0.00201,-0.00038,0.00138,-5e-05,1e-05,-0.00014,0.00107,0.00094,0.00041,0.00155,5e-05,-1e-05,0.00015,-0.00923,-0.00846,0.0009,-0.0036,0.0001,-0.00011,-0.00012,0.07758,0.02154,-0.00479,0.07123,-0.0131,-0.00282,-0.0042
16.88,0.01007,0.00971,-0.00323,0.00044,0.00068,4e-05,-0.00136,-0.00192,-0.00032,0.00145,-5e-05,2e-05,-0.00015,0.00111,0.0009,0.00039,0.00158,4e-05,-1e-05,0.00015,-0.00929,-0.00846,0.00085,-0.00359,0.0001,-0.00011,-0.00012,0.07769,0.02118,-0.00486,0.07085,-0.01314,-0.00279,-0.00427
16.9,0.00987,0.00945,-0.00328,0.00045,0.0007,4e-05,-0.00147,-0.00182,-0.00025,0.00152,-6e-05,3e-05,-0.00017,0.00116,0.00085,0.00037,0.00162,4e-05,-0,0.00016,-0.00936,-0.0085,0.00081,-0.00359,0.0001,-0.00011,-0.00012,0.07787,0.02096,-0.00491,0.07054,-0.01318,-0.00278,-0.00432
16.92,0.00968,0.00935,-0.00329,0.00046,0.00072,4e-05,-0.00156,-0.00168,-0.00017,0.00157,-6e-05,4e-05,-0.00018,0.0012,0.00079,0.00035,0.00165,4e-05,0,0.00016,-0.00934,-0.0086,0.00081,-0.00362,0.0001,-0.00011,-0.00012,0.07828,0.02108,-0.00492,0.07044,-0.01319,-0.00278,-0.00434
16.94,0.00947,0.00937,-0.00326,0.00047,0.00076,4e-05,-0.00161,-0.00153,-9e-05,0.0016,-6e-05,5e-05,-0.00019,0.00125,0.00073,0.00033,0.00169,4e-05,0,0.00017,-0.00931,-0.00872,0.00083,-0.00367,9e-05,-0.00011,-0.00012,0.07876,0.02133,-0.00489,0.07041,-0.0132,-0.0028,-0.00433
16.96,0.00922,0.00947,-0.00319,0.00047,0.0008,4e-05,-0.00163,-0.0014,-3e-05,0.00162,-6e-05,6e-05,-0.0002,0.0013,0.00068,0.00031,0.00173,4e-05,1e-05,0.00017,-0.00936,-0.00883,0.00084,-0.00371,9e-05,-0.00011,-0.00013,0.07921,0.02155,-0.00482,0.07034,-0.0132,-0.00284,-0.00427
16.98,0.00894,0.00965,-0.00311,0.00047,0.00084,5e-05,-0.00162,-0.00129,-0,0.0016,-6e-05,6e-05,-0.0002,0.00134,0.00063,0.0003,0.00177,4e-05,1e-05,0.00018,-0.00946,-0.00891,0.00086,-0.00377,9e-05,-0.00011,-0.00013,0.07969,0.02171,-0.00467,0.0703,-0.01321,-0.0029,-0.00419
17,0.00866,0.00994,-0.003,0.00047,0.00088,5e-05,-0.00159,-0.0012,2e-05,0.00157,-6e-05,6e-05,-0.00021,0.00139,0.00058,0.00029,0.0018,4e-05,1e-05,0.00018,-0.00956,-0.009,0.00089,-0.00382,9e-05,-0.00011,-0.00013,0.08013,0.02206,-0.00454,0.07023,-0.01322,-0.00298,-0.00404
17.02,0.0084,0.01035,-0.0029,0.00047,0.00095,6e-05,-0.00154,-0.00112,3e-05,0.00159,-6e-05,6e-05,-0.00021,0.00145,0.00052,0.00028,0.00183,4e-05,1e-05,0.00018,-0.00961,-0.00913,0.00094,-0.00388,9e-05,-0.00011,-0.00013,0.08043,0.02289,-0.00454,0.07003,-0.01324,-0.00305,-0.0038
17.04,0.00814,0.01081,-0.00279,0.00046,0.00101,6e-05,-0.00148,-0.00107,3e-05,0.0016,-6e-05,6e-05,-0.00022,0.0015,0.00047,0.00027,0.00186,4e-05,1e-05,0.00019,-0.00965,-0.00928,0.00101,-0.00395,9e-05,-0.00011,-0.00013,0.08064,0.02392,-0.00456,0.06972,-0.01328,-0.00314,-0.0035
17.06,0.00783,0.01127,-0.00267,0.00045,0.00108,7e-05,-0.00146,-0.00107,1e-05,0.00156,-7e-05,5e-05,-0.00022,0.00154,0.00041,0.00026,0.00187,4e-05,1e-05,0.00019,-0.0097,-0.0094,0.00108,-0.00401,9e-05,-0.00011,-0.00013,0.08083,0.0249,-0.00448,0.0694,-0.01331,-0.00326,-0.00316
17.08,0.00749,0.01173,-0.00255,0.00043,0.00115,8e-05,-0.00147,-0.00111,-2e-05,0.00149,-7e-05,4e-05,-0.00021,0.00157,0.00036,0.00025,0.00189,4e-05,1e-05,0.00019,-0.00977,-0.00948,0.00115,-0.00408,9e-05,-0.00011,-0.00013,0.08103,0.02588,-0.00438,0.06901,-0.01334,-0.00339,-0.00277
17.1,0.00714,0.01222,-0.0024,0.00042,0.00123,9e-05,-0.00148,-0.00118,-6e-05,0.00142,-7e-05,4e-05,-0.0002,0.00159,0.00031,0.00024,0.00189,4e-05,2e-05,0.00019,-0.00979,-0.00958,0.00122,-0.00414,9e-05,-0.00011,-0.00013,0.08112,0.02697,-0.0042,0.06859,-0.01337,-0.00355,-0.00235
17.12,0.00686,0.0128,-0.00221,0.00041,0.00131,0.0001,-0.00146,-0.00129,-0.00012,0.00137,-7e-05,3e-05,-0.00019,0.0016,0.00025,0.00023,0.00189,4e-05,2e-05,0.00019,-0.00969,-0.00973,0.00131,-0.00419,8e-05,-0.00011,-0.00013,0.08101,0.02824,-0.00388,0.06825,-0.01337,-0.00374,-0.00191
17.14,0.0066,0.01342,-0.002,0.00039,0.00139,0.00011,-0.00145,-0.00142,-0.00018,0.00132,-6e-05,2e-05,-0.00018,0.00161,0.00018,0.00021,0.00189,4e-05,2e-05,0.00019,-0.00954,-0.00989,0.0014,-0.00424,8e-05,-0.00011,-0.00013,0.08083,0.02959,-0.0035,0.06795,-0.01336,-0.00395,-0.00144
17.16,0.00636,0.01403,-0.00178,0.00038,0.00147,0.00012,-0.00147,-0.00156,-0.00024,0.00124,-6e-05,1e-05,-0.00017,0.0016,0.00012,0.0002,0.00188,4e-05,2e-05,0.00019,-0.00936,-0.01001,0.00149,-0.00428,8e-05,-0.00012,-0.00013,0.08069,0.0309,-0.0031,0.06762,-0.01336,-0.00417,-0.00094
17.18,0.00616,0.0147,-0.00154,0.00038,0.00155,0.00014,-0.00152,-0.00169,-0.00029,0.00116,-6e-05,0,-0.00016,0.00158,7e-05,0.00019,0.00186,4e-05,2e-05,0.00019,-0.00912,-0.01011,0.00159,-0.00432,8e-05,-0.00012,-0.00013,0.08058,0.03213,-0.00267,0.06733,-0.01334,-0.0044,-0.00042
17.2,0.00602,0.01534,-0.00129,0.00037,0.00163,0.00015,-0.00158,-0.00182,-0.00033,0.00107,-6e-05,-0,-0.00015,0.00154,1e-05,0.00017,0.00184,4e-05,2e-05,0.00019,-0.00883,-0.01021,0.00168,-0.00434,7e-05,-0.00012,-0.00013,0.08041,0.03349,-0.00221,0.06699,-0.01332,-0.00464,0.00011
17.22,0.00597,0.01589,-0.00103,0.00038,0.00171,0.00016,-0.00162,-0.00195,-0.00036,0.001,-5e-05,-1e-05,-0.00013,0.0015,-5e-05,0.00016,0.00182,4e-05,2e-05,0.00018,-0.00849,-0.01033,0.00176,-0.00432,7e-05,-0.00012,-0.00013,0.0801,0.03522,-0.0017,0.06649,-0.01332,-0.00488,0.00066
17.24,0.006,0.0164,-0.00076,0.00039,0.00178,0.00018,-0.00166,-0.00206,-0.00039,0.00094,-5e-05,-1e-05,-0.00012,0.00145,-0.0001,0.00015,0.00179,4e-05,2e-05,0.00018,-0.00808,-0.01044,0.00183,-0.00429,7e-05,-0.00012,-0.00013,0.07972,0.03706,-0.00117,0.06596,-0.01332,-0.00511,0.00121
17.26,0.0061,0.01693,-0.00048,0.00041,0.00185,0.00019,-0.0017,-0.00215,-0.0004,0.00088,-5e-05,-1e-05,-0.00011,0.00139,-0.00016,0.00014,0.00176,4e-05,2e-05,0.00018,-0.00762,-0.01054,0.0019,-0.00425,7e-05,-0.00012,-0.00013,0.07937,0.03879,-0.00065,0.06547,-0.01332,-0.00534,0.00175
17.28,0.00623,0.01749,-0.0002,0.00043,0.00192,0.00021,-0.00175,-0.00222,-0.00041,0.00083,-4e-05,-1e-05,-0.0001,0.00131,-0.00021,0.00012,0.00172,4e-05,2e-05,0.00017,-0.00709,-0.01064,0.00197,-0.0042,7e-05,-0.00012,-0.00013,0.07904,0.04044,-0.00014,0.06497,-0.01331,-0.00556,0.00226
17.3,0.00644,0.01792,8e-05,0.00045,0.00198,0.00022,-0.00179,-0.00228,-0.00041,0.00079,-4e-05,-1e-05,-0.0001,0.00124,-0.00025,0.00011,0.00169,4e-05,3e-05,0.00017,-0.00653,-0.01072,0.00202,-0.00414,8e-05,-0.00012,-0.00013,0.07863,0.04216,0.00032,0.06453,-0.0133,-0.00575,0.00274
17.32,0.00676,0.01807,0.00036,0.00047,0.00203,0.00023,-0.00181,-0.00232,-0.0004,0.00076,-4e-05,-1e-05,-9e-05,0.00118,-0.00029,0.00011,0.00166,4e-05,3e-05,0.00016,-0.00594,-0.01076,0.00204,-0.00409,8e-05,-0.00012,-0.00013,0.07805,0.04409,0.0007,0.06425,-0.01327,-0.00592,0.00318
17.34,0.00711,0.01807,0.00063,0.00049,0.00207,0.00024,-0.00182,-0.00236,-0.0004,0.00074,-4e-05,-0,-9e-05,0.00112,-0.00031,0.00011,0.00163,4e-05,2e-05,0.00016,-0.00534,-0.01078,0.00205,-0.00402,8e-05,-0.00012,-0.00013,0.07739,0.04611,0.00101,0.06404,-0.01324,-0.00605,0.00358
17.36,0.00743,0.01803,0.00088,0.00051,0.00211,0.00025,-0.00182,-0.00239,-0.00039,0.00073,-4e-05,-0,-9e-05,0.00107,-0.00033,0.0001,0.00159,4e-05,2e-05,0.00016,-0.00473,-0.01082,0.00207,-0.00396,8e-05,-0.00012,-0.00012,0.07675,0.04808,0.00127,0.0638,-0.01321,-0.00615,0.00391
17.38,0.00772,0.01793,0.00112,0.00053,0.00214,0.00026,-0.00183,-0.00241,-0.00038,0.00073,-4e-05,0,-8e-05,0.00101,-0.00034,0.0001,0.00156,4e-05,2e-05,0.00015,-0.00408,-0.01088,0.00209,-0.00389,8e-05,-0.00012,-0.00012,0.07613,0.0501,0.00147,0.06363,-0.01319,-0.00623,0.00419
17.4,0.00802,0.01767,0.00133,0.00055,0.00216,0.00027,-0.00183,-0.00241,-0.00036,0.00073,-4e-05,1e-05,-8e-05,0.00096,-0.00034,0.00011,0.00153,4e-05,2e-05,0.00015,-0.00348,-0.01095,0.0021,-0.00382,9e-05,-0.00012,-0.00012,0.07545,0.05207,0.00158,0.0634,-0.01316,-0.00627,0.00441
17.42,0.00839,0.01715,0.0015,0.00057,0.00216,0.00027,-0.00184,-0.00241,-0.00034,0.00074,-4e-05,1e-05,-8e-05,0.00093,-0.00033,0.00011,0.0015,4e-05,2e-05,0.00015,-0.003,-0.01103,0.00212,-0.00374,9e-05,-0.00012,-0.00012,0.07462,0.0539,0.00154,0.06292,-0.01313,-0.00626,0.00462
17.44,0.00878,0.01648,0.00165,0.00058,0.00215,0.00028,-0.00184,-0.0024,-0.00033,0.00075,-4e-05,1e-05,-8e-05,0.00091,-0.00031,0.00012,0.00147,4e-05,2e-05,0.00014,-0.00257,-0.01113,0.00213,-0.00366,9e-05,-0.00012,-0.00012,0.07373,0.05567,0.00142,0.06234,-0.01311,-0.00623,0.0048
17.46,0.00912,0.01579,0.00175,0.00059,0.00214,0.00028,-0.00185,-0.00239,-0.00031,0.00076,-4e-05,1e-05,-8e-05,0.0009,-0.00029,0.00013,0.00145,4e-05,2e-05,0.00014,-0.00215,-0.01126,0.00215,-0.00359,0.0001,-0.00012,-0.00012,0.07287,0.05747,0.00129,0.06179,-0.01309,-0.00619,0.00494
17.48,0.00946,0.01506,0.00182,0.0006,0.00213,0.00028,-0.00187,-0.00237,-0.00028,0.00077,-4e-05,2e-05,-8e-05,0.00089,-0.00027,0.00014,0.00142,4e-05,2e-05,0.00014,-0.00173,-0.01142,0.00217,-0.00351,0.0001,-0.00012,-0.00012,0.07197,0.05936,0.00107,0.06114,-0.01307,-0.00613,0.00506
17.5,0.00976,0.01427,0.00186,0.00061,0.00211,0.00028,-0.00189,-0.00235,-0.00026,0.00078,-4e-05,2e-05,-8e-05,0.00089,-0.00025,0.00015,0.0014,4e-05,2e-05,0.00014,-0.00136,-0.01161,0.00219,-0.00344,0.0001,-0.00012,-0.00012,0.07115,0.06105,0.00092,0.06064,-0.01307,-0.00608,0.00514
17.52,0.01001,0.01342,0.00186,0.00062,0.00208,0.00027,-0.00193,-0.00232,-0.00023,0.00079,-4e-05,2e-05,-8e-05,0.0009,-0.00022,0.00015,0.00138,5e-05,2e-05,0.00014,-0.00111,-0.01181,0.0022,-0.00338,0.00011,-0.00012,-0.00012,0.07061,0.06219,0.00099,0.06068,-0.01309,-0.00606,0.00514
17.54,0.01025,0.01255,0.00183,0.00062,0.00204,0.00027,-0.00198,-0.00228,-0.0002,0.00079,-4e-05,3e-05,-8e-05,0.0009,-0.0002,0.00016,0.00137,5e-05,1e-05,0.00014,-0.00092,-0.01203,0.0022,-0.00333,0.00011,-0.00012,-0.00012,0.07012,0.0631,0.00113,0.06087,-0.01313,-0.00605,0.00511
17.56,0.01051,0.0117,0.00178,0.00063,0.002,0.00026,-0.00203,-0.00224,-0.00016,0.0008,-4e-05,3e-05,-8e-05,0.00092,-0.00019,0.00017,0.00136,5e-05,1e-05,0.00013,-0.00073,-0.01227,0.00221,-0.00328,0.00011,-0.00012,-0.00012,0.06956,0.06406,0.00123,0.06096,-0.01317,-0.00604,0.00509
17.58,0.01077,0.01086,0.00171,0.00063,0.00197,0.00026,-0.00208,-0.0022,-0.00013,0.00081,-3e-05,4e-05,-8e-05,0.00095,-0.00018,0.00018,0.00136,5e-05,1e-05,0.00013,-0.00057,-0.01253,0.00222,-0.00323,0.00011,-0.00012,-0.00013,0.06898,0.06492,0.00135,0.06111,-0.0132,-0.00604,0.00505
17.6,0.01103,0.01002,0.00162,0.00064,0.00193,0.00025,-0.00213,-0.00217,-0.0001,0.00081,-3e-05,4e-05,-9e-05,0.00098,-0.00017,0.00019,0.00135,5e-05,1e-05,0.00013,-0.00042,-0.01279,0.00222,-0.00318,0.00011,-0.00013,-0.00013,0.06838,0.06582,0.00145,0.06111,-0.01324,-0.00602,0.00503
17.62,0.01128,0.00915,0.00153,0.00066,0.00189,0.00025,-0.00218,-0.00213,-7e-05,0.00082,-3e-05,4e-05,-9e-05,0.001,-0.00017,0.00019,0.00135,5e-05,1e-05,0.00013,-0.00028,-0.01302,0.00223,-0.00317,0.00011,-0.00013,-0.00013,0.06777,0.06702,0.00146,0.06073,-0.01328,-0.00598,0.00506
17.64,0.01153,0.00828,0.00144,0.00067,0.00184,0.00024,-0.00223,-0.00209,-4e-05,0.00082,-3e-05,5e-05,-9e-05,0.00102,-0.00017,0.00019,0.00135,5e-05,1e-05,0.00013,-0.00015,-0.01325,0.00223,-0.00317,0.00011,-0.00013,-0.00014,0.06717,0.06831,0.00146,0.06022,-0.0133,-0.00593,0.00511
17.66,0.01178,0.00742,0.00134,0.00069,0.00179,0.00023,-0.00227,-0.00206,-2e-05,0.00082,-3e-05,5e-05,-9e-05,0.00105,-0.00017,0.0002,0.00135,5e-05,1e-05,0.00013,-6e-05,-0.01347,0.00224,-0.00318,0.00011,-0.00013,-0.00014,0.06657,0.06955,0.00149,0.05978,-0.01333,-0.00588,0.00516
17.68,0.01203,0.00655,0.00125,0.00072,0.00175,0.00023,-0.0023,-0.00202,0,0.00084,-3e-05,5e-05,-9e-05,0.00109,-0.00017,0.00021,0.00136,5e-05,1e-05,0.00013,2e-05,-0.01366,0.00224,-0.00319,0.00011,-0.00013,-0.00014,0.06596,0.0708,0.00153,0.05936,-0.01336,-0.00584,0.00521
17.7,0.01226,0.00569,0.00117,0.00074,0.0017,0.00022,-0.00232,-0.00199,2e-05,0.00085,-3e-05,5e-05,-9e-05,0.00113,-0.00017,0.00022,0.00137,5e-05,1e-05,0.00013,8e-05,-0.01383,0.00225,-0.0032,0.00011,-0.00013,-0.00015,0.06538,0.07205,0.00157,0.05889,-0.01338,-0.00579,0.00526
17.72,0.01245,0.0048,0.0011,0.00077,0.00165,0.00021,-0.00235,-0.00196,3e-05,0.00086,-3e-05,5e-05,-9e-05,0.00116,-0.00017,0.00022,0.00137,5e-05,0,0.00013,0.00011,-0.01397,0.00226,-0.00319,0.00011,-0.00013,-0.00015,0.06486,0.07327,0.00158,0.05828,-0.0134,-0.00574,0.00533
17.74,0.01261,0.00392,0.00103,0.00081,0.00159,0.0002,-0.00238,-0.00193,5e-05,0.00087,-3e-05,5e-05,-9e-05,0.00118,-0.00017,0.00023,0.00138,5e-05,0,0.00013,0.00012,-0.01407,0.00228,-0.00318,0.00011,-0.00013,-0.00015,0.06437,0.07451,0.0016,0.05761,-0.01343,-0.00568,0.00542
17.76,0.01277,0.00304,0.00097,0.00084,0.00154,0.0002,-0.0024,-0.0019,5e-05,0.00088,-4e-05,5e-05,-9e-05,0.00121,-0.00017,0.00024,0.00139,5e-05,0,0.00014,0.00015,-0.01412,0.00229,-0.00317,0.00011,-0.00013,-0.00015,0.06387,0.07575,0.00162,0.05697,-0.01345,-0.00562,0.0055
17.78,0.01293,0.00215,0.00092,0.00088,0.00149,0.00019,-0.00242,-0.00188,6e-05,0.00089,-4e-05,5e-05,-9e-05,0.00125,-0.00018,0.00025,0.0014,5e-05,0,0.00014,0.00017,-0.01413,0.00231,-0.00316,0.00011,-0.00013,-0.00015,0.06334,0.07706,0.00165,0.05626,-0.01347,-0.00556,0.00558
17.8,0.01306,0.0013,0.00087,0.00092,0.00144,0.00019,-0.00244,-0.00186,6e-05,0.0009,-4e-05,5e-05,-9e-05,0.00129,-0.00018,0.00026,0.00142,5e-05,-0,0.00014,0.0002,-0.01412,0.00232,-0.00313,0.00011,-0.00013,-0.00015,0.06287,0.07827,0.00169,0.05566,-0.01349,-0.00551,0.00566
17.82,0.01316,0.00054,0.00082,0.00095,0.00138,0.00018,-0.00245,-0.00185,7e-05,0.00091,-5e-05,5e-05,-9e-05,0.00132,-0.00019,0.00027,0.00143,5e-05,-0,0.00014,0.00022,-0.01412,0.00236,-0.00307,0.00012,-0.00013,-0.00014,0.06256,0.07918,0.0018,0.05542,-0.01351,-0.00548,0.00569
17.84,0.01325,-0.00016,0.00078,0.00099,0.00133,0.00017,-0.00248,-0.00184,8e-05,0.00092,-5e-05,5e-05,-9e-05,0.00134,-0.0002,0.00027,0.00145,5e-05,-1e-05,0.00014,0.00023,-0.01413,0.0024,-0.003,0.00012,-0.00013,-0.00014,0.06231,0.07996,0.00192,0.05531,-0.01353,-0.00547,0.00571
17.86,0.01333,-0.00086,0.00073,0.00103,0.00129,0.00017,-0.0025,-0.00183,8e-05,0.00092,-5e-05,4e-05,-9e-05,0.00137,-0.00022,0.00028,0.00146,5e-05,-1e-05,0.00015,0.00024,-0.01413,0.00243,-0.00295,0.00012,-0.00013,-0.00014,0.06203,0.08078,0.00203,0.05514,-0.01355,-0.00545,0.00574
17.88,0.01342,-0.00155,0.00069,0.00106,0.00124,0.00016,-0.00252,-0.00182,9e-05,0.00092,-5e-05,4e-05,-0.0001,0.00139,-0.00024,0.00029,0.00148,5e-05,-1e-05,0.00015,0.00025,-0.01415,0.00247,-0.00289,0.00012,-0.00013,-0.00014,0.06176,0.08159,0.00215,0.05499,-0.01357,-0.00543,0.00576
17.9,0.01351,-0.00217,0.00065,0.00109,0.0012,0.00016,-0.00255,-0.00182,0.0001,0.00092,-5e-05,4e-05,-0.0001,0.00141,-0.00027,0.00029,0.00151,5e-05,-1e-05,0.00015,0.00026,-0.01417,0.00249,-0.00284,0.00013,-0.00013,-0.00013,0.06149,0.08234,0.00225,0.05483,-0.01359,-0.00541,0.00578
17.92,0.0136,-0.00262,0.00061,0.00112,0.00117,0.00015,-0.00257,-0.00182,0.0001,0.00091,-5e-05,4e-05,-0.0001,0.00143,-0.00031,0.0003,0.00152,5e-05,-1e-05,0.00015,0.00027,-0.01415,0.00251,-0.00283,0.00013,-0.00013,-0.00013,0.06121,0.083,0.00231,0.05456,-0.0136,-0.00539,0.00582
17.94,0.0137,-0.00298,0.00056,0.00115,0.00115,0.00015,-0.00259,-0.00183,0.0001,0.00091,-5e-05,4e-05,-9e-05,0.00145,-0.00034,0.0003,0.00154,5e-05,-1e-05,0.00016,0.0003,-0.01414,0.00252,-0.00283,0.00013,-0.00013,-0.00013,0.06093,0.08362,0.00236,0.05426,-0.01361,-0.00536,0.00585
17.96,0.0138,-0.00334,0.00051,0.00118,0.00113,0.00015,-0.00261,-0.00182,0.00011,0.00089,-5e-05,4e-05,-9e-05,0.00146,-0.00039,0.0003,0.00157,5e-05,-1e-05,0.00016,0.00034,-0.01416,0.00252,-0.00283,0.00013,-0.00013,-0.00013,0.06065,0.08426,0.00242,0.05398,-0.01363,-0.00534,0.00589
17.98,0.01391,-0.00368,0.00046,0.0012,0.00111,0.00014,-0.00265,-0.00181,0.00012,0.00088,-5e-05,4e-05,-9e-05,0.00147,-0.00045,0.00029,0.00159,5e-05,-1e-05,0.00016,0.0004,-0.01419,0.00253,-0.00282,0.00013,-0.00013,-0.00013,0.06037,0.08494,0.00248,0.05369,-0.01364,-0.00531,0.00593
18,0.01402,-0.00395,0.00041,0.00122,0.00109,0.00014,-0.00268,-0.0018,0.00013,0.00086,-4e-05,4e-05,-9e-05,0.00148,-0.00051,0.00029,0.00162,5e-05,-1e-05,0.00017,0.00046,-0.01422,0.00253,-0.00281,0.00013,-0.00013,-0.00013,0.06008,0.08553,0.00253,0.05342,-0.01366,-0.00529,0.00596
18.02,0.01412,-0.0041,0.00035,0.00124,0.00109,0.00014,-0.00269,-0.00179,0.00014,0.00086,-4e-05,5e-05,-9e-05,0.00148,-0.00057,0.00028,0.00165,5e-05,-1e-05,0.00017,0.00052,-0.01425,0.00253,-0.0028,0.00013,-0.00013,-0.00013,0.05981,0.08592,0.00257,0.05319,-0.01367,-0.00527,0.00598
18.04,0.01422,-0.00418,0.00029,0.00125,0.00109,0.00014,-0.00271,-0.00178,0.00015,0.00087,-4e-05,5e-05,-9e-05,0.00148,-0.00063,0.00027,0.00168,5e-05,-1e-05,0.00017,0.00059,-0.01426,0.00252,-0.0028,0.00013,-0.00013,-0.00014,0.05954,0.08624,0.0026,0.053,-0.01368,-0.00526,0.006
18.06,0.01432,-0.00426,0.00022,0.00126,0.0011,0.00014,-0.00272,-0.00176,0.00016,0.00088,-3e-05,5e-05,-0.0001,0.00147,-0.0007,0.00026,0.00171,5e-05,-1e-05,0.00018,0.00067,-0.01427,0.00251,-0.00279,0.00013,-0.00013,-0.00014,0.05928,0.08657,0.00263,0.0528,-0.01369,-0.00525,0.00601
18.08,0.01443,-0.00435,0.00016,0.00128,0.00111,0.00014,-0.00274,-0.00174,0.00017,0.00089,-3e-05,6e-05,-0.0001,0.00146,-0.00077,0.00025,0.00173,5e-05,-1e-05,0.00018,0.00077,-0.01427,0.00251,-0.00278,0.00013,-0.00013,-0.00014,0.059,0.08696,0.00266,0.05255,-0.0137,-0.00524,0.00603
18.1,0.01455,-0.00439,0.0001,0.00129,0.00112,0.00014,-0.00276,-0.00173,0.00018,0.00089,-3e-05,6e-05,-0.0001,0.00144,-0.00085,0.00024,0.00176,5e-05,-1e-05,0.00019,0.00087,-0.01426,0.00251,-0.00277,0.00013,-0.00013,-0.00014,0.05875,0.08722,0.00268,0.05242,-0.01371,-0.00523,0.00604
18.12,0.01467,-0.00433,3e-05,0.00129,0.00113,0.00014,-0.00278,-0.00174,0.00018,0.00089,-3e-05,6e-05,-0.0001,0.00144,-0.00092,0.00023,0.00179,5e-05,-0,0.00019,0.00095,-0.01424,0.0025,-0.00274,0.00013,-0.00013,-0.00014,0.05859,0.08717,0.00266,0.05265,-0.0137,-0.00524,0.00602
18.14,0.0148,-0.00423,-2e-05,0.00129,0.00116,0.00015,-0.00281,-0.00177,0.00018,0.00088,-4e-05,6e-05,-0.0001,0.00143,-0.00098,0.00022,0.00182,5e-05,-0,0.00019,0.00102,-0.01421,0.0025,-0.00271,0.00013,-0.00013,-0.00014,0.05847,0.08701,0.00262,0.05301,-0.01369,-0.00527,0.00599
18.16,0.01493,-0.00416,-8e-05,0.00129,0.00118,0.00015,-0.00283,-0.00181,0.00018,0.00087,-4e-05,5e-05,-9e-05,0.00141,-0.00104,0.00022,0.00185,6e-05,-0,0.0002,0.0011,-0.01417,0.0025,-0.00269,0.00013,-0.00013,-0.00014,0.05833,0.0869,0.00258,0.0533,-0.01368,-0.00528,0.00596
18.18,0.01507,-0.00411,-0.00012,0.00129,0.0012,0.00015,-0.00284,-0.00186,0.00016,0.00086,-4e-05,5e-05,-9e-05,0.00139,-0.00108,0.00021,0.00186,6e-05,0,0.0002,0.00118,-0.01412,0.00249,-0.00266,0.00013,-0.00013,-0.00014,0.05817,0.08681,0.00255,0.0536,-0.01367,-0.0053,0.00593
18.2,0.01521,-0.00406,-0.00015,0.00129,0.00122,0.00015,-0.00284,-0.00192,0.00014,0.00085,-4e-05,4e-05,-9e-05,0.00138,-0.00112,0.0002,0.00188,6e-05,0,0.0002,0.00124,-0.01407,0.00249,-0.00264,0.00013,-0.00013,-0.00013,0.05806,0.08666,0.00251,0.0539,-0.01366,-0.00532,0.0059
18.22,0.01533,-0.00401,-0.00017,0.00129,0.00124,0.00015,-0.00281,-0.00198,0.0001,0.00087,-4e-05,4e-05,-9e-05,0.00137,-0.00115,0.0002,0.0019,6e-05,0,0.00021,0.00127,-0.01402,0.00249,-0.00263,0.00013,-0.00013,-0.00013,0.05807,0.08636,0.00247,0.05417,-0.01365,-0.00534,0.00587
18.24,0.01545,-0.00396,-0.00017,0.00129,0.00126,0.00015,-0.00276,-0.00204,4e-05,0.0009,-4e-05,4e-05,-0.0001,0.00138,-0.00116,0.0002,0.00193,6e-05,0,0.00021,0.00127,-0.01398,0.00248,-0.00263,0.00014,-0.00013,-0.00013,0.05813,0.086,0.00244,0.05444,-0.01364,-0.00536,0.00584
18.26,0.01556,-0.00392,-0.00015,0.0013,0.00128,0.00015,-0.00268,-0.0021,-1e-05,0.00094,-4e-05,3e-05,-0.0001,0.00138,-0.00116,0.0002,0.00194,6e-05,0,0.00021,0.00125,-0.01396,0.00248,-0.00262,0.00014,-0.00013,-0.00013,0.05817,0.08566,0.0024,0.0547,-0.01364,-0.00537,0.00582
18.28,0.0157,-0.00388,-0.00011,0.0013,0.0013,0.00015,-0.00257,-0.00214,-8e-05,0.00099,-4e-05,3e-05,-0.00011,0.00138,-0.00115,0.00021,0.00195,6e-05,0,0.00021,0.00122,-0.01395,0.00247,-0.00262,0.00014,-0.00013,-0.00013,0.0582,0.08533,0.00238,0.05499,-0.01363,-0.00539,0.00579
18.3,0.01579,-0.00384,-3e-05,0.00131,0.00131,0.00015,-0.00243,-0.00217,-0.00014,0.00105,-4e-05,2e-05,-0.00012,0.00137,-0.00113,0.00021,0.00196,6e-05,0,0.00021,0.00116,-0.01395,0.00246,-0.00263,0.00013,-0.00013,-0.00013,0.05827,0.08499,0.00235,0.05521,-0.01362,-0.00541,0.00577
18.32,0.01576,-0.00381,8e-05,0.00131,0.00133,0.00015,-0.00225,-0.00217,-0.00021,0.00112,-4e-05,2e-05,-0.00013,0.00137,-0.00111,0.0002,0.00197,6e-05,1e-05,0.00021,0.00105,-0.01397,0.00245,-0.00266,0.00013,-0.00013,-0.00014,0.05847,0.08465,0.00231,0.05527,-0.01362,-0.00541,0.00576
18.34,0.01568,-0.00377,0.00021,0.00132,0.00134,0.00015,-0.00205,-0.00214,-0.00027,0.00121,-4e-05,1e-05,-0.00014,0.00137,-0.00111,0.0002,0.00199,6e-05,1e-05,0.00021,0.00093,-0.014,0.00244,-0.00269,0.00013,-0.00013,-0.00014,0.05873,0.08431,0.00226,0.05526,-0.01361,-0.00541,0.00576
18.36,0.01564,-0.00371,0.00037,0.00132,0.00136,0.00015,-0.00182,-0.00208,-0.00032,0.00131,-5e-05,0,-0.00016,0.00136,-0.0011,0.00019,0.00201,6e-05,1e-05,0.00022,0.00078,-0.01404,0.00243,-0.00273,0.00013,-0.00013,-0.00014,0.05897,0.08396,0.00223,0.05528,-0.01361,-0.00542,0.00576
18.38,0.01562,-0.00361,0.00054,0.00133,0.00138,0.00015,-0.00158,-0.00197,-0.00035,0.00142,-5e-05,-0,-0.00017,0.00135,-0.0011,0.00017,0.00203,6e-05,1e-05,0.00022,0.00062,-0.01409,0.00242,-0.00276,0.00013,-0.00013,-0.00014,0.0592,0.08361,0.00218,0.0553,-0.0136,-0.00542,0.00576
18.4,0.01556,-0.00349,0.00072,0.00134,0.00139,0.00015,-0.00133,-0.00182,-0.00037,0.00154,-6e-05,-1e-05,-0.00018,0.00134,-0.00111,0.00016,0.00205,7e-05,1e-05,0.00022,0.00045,-0.01415,0.00241,-0.0028,0.00013,-0.00013,-0.00014,0.05948,0.08325,0.00215,0.05531,-0.0136,-0.00542,0.00575
18.42,0.0154,-0.00335,0.00088,0.00134,0.00141,0.00015,-0.00109,-0.00167,-0.00038,0.00165,-6e-05,-1e-05,-0.0002,0.00132,-0.00109,0.00016,0.00207,7e-05,1e-05,0.00022,0.00027,-0.01419,0.00239,-0.00285,0.00013,-0.00013,-0.00014,0.05986,0.08286,0.00217,0.05528,-0.0136,-0.00543,0.00574
18.44,0.01521,-0.00319,0.00102,0.00134,0.00142,0.00016,-0.0009,-0.0015,-0.00037,0.00175,-7e-05,-1e-05,-0.00021,0.00131,-0.00106,0.00017,0.00209,7e-05,1e-05,0.00022,9e-05,-0.01422,0.00238,-0.00289,0.00012,-0.00013,-0.00014,0.06029,0.08247,0.00221,0.05524,-0.01361,-0.00545,0.00572
18.46,0.01505,-0.00302,0.00113,0.00134,0.00143,0.00016,-0.00078,-0.00133,-0.00033,0.00182,-7e-05,-1e-05,-0.00022,0.0013,-0.00104,0.00018,0.00211,8e-05,1e-05,0.00022,-9e-05,-0.01425,0.00236,-0.00294,0.00012,-0.00013,-0.00014,0.0607,0.08208,0.00223,0.0552,-0.01361,-0.00546,0.00571
18.48,0.01488,-0.00285,0.00119,0.00133,0.00145,0.00017,-0.00073,-0.00116,-0.00027,0.00185,-8e-05,-0,-0.00022,0.00128,-0.00102,0.0002,0.00212,8e-05,1e-05,0.00022,-0.00024,-0.01424,0.00235,-0.00298,0.00012,-0.00013,-0.00014,0.06111,0.08169,0.00226,0.05515,-0.01361,-0.00547,0.00569
18.5,0.01467,-0.00267,0.00122,0.00132,0.00145,0.00017,-0.00073,-0.00103,-0.00021,0.00185,-8e-05,0,-0.00022,0.00127,-0.00099,0.00022,0.00213,8e-05,0,0.00022,-0.00038,-0.01423,0.00234,-0.00301,0.00012,-0.00013,-0.00014,0.0615,0.08131,0.00229,0.05514,-0.01362,-0.00549,0.00567
18.52,0.0144,-0.00243,0.00126,0.00129,0.00145,0.00018,-0.00072,-0.00098,-0.00019,0.00184,-8e-05,0,-0.00022,0.00127,-0.00095,0.00025,0.00215,9e-05,-1e-05,0.00022,-0.00051,-0.01421,0.00234,-0.00302,0.00012,-0.00013,-0.00014,0.06181,0.08095,0.00229,0.05524,-0.01361,-0.0055,0.00565
18.54,0.01404,-0.00215,0.00133,0.00126,0.00145,0.00018,-0.00072,-0.001,-0.00019,0.0018,-9e-05,0,-0.00021,0.00127,-0.00091,0.00029,0.00216,0.0001,-2e-05,0.00022,-0.0006,-0.01417,0.00234,-0.00301,0.00012,-0.00013,-0.00014,0.06209,0.0806,0.00229,0.05538,-0.01361,-0.00552,0.00563
18.56,0.01361,-0.00184,0.00143,0.00122,0.00144,0.00019,-0.00072,-0.00105,-0.00022,0.00174,-9e-05,0,-0.00021,0.00127,-0.00087,0.00034,0.00217,0.0001,-3e-05,0.00022,-0.00068,-0.01411,0.00234,-0.003,0.00012,-0.00013,-0.00014,0.06236,0.08024,0.00229,0.0555,-0.0136,-0.00553,0.00561
18.58,0.01308,-0.00149,0.00158,0.00117,0.00143,0.0002,-0.00071,-0.00116,-0.00027,0.00166,-0.0001,-0,-0.00019,0.00127,-0.00083,0.00038,0.00217,0.00011,-4e-05,0.00022,-0.00073,-0.01403,0.00235,-0.00299,0.00012,-0.00013,-0.00014,0.06264,0.07987,0.0023,0.05562,-0.0136,-0.00555,0.00559
18.6,0.01244,-0.00103,0.0019,0.00112,0.00141,0.0002,-0.0006,-0.0013,-0.00036,0.00162,-0.0001,-1e-05,-0.00019,0.00127,-0.00078,0.00043,0.00217,0.00011,-5e-05,0.00022,-0.00074,-0.01395,0.00236,-0.00298,0.00012,-0.00013,-0.00014,0.06285,0.07953,0.00231,0.05574,-0.0136,-0.00556,0.00557
18.62,0.01163,-0.00041,0.00246,0.00104,0.00137,0.00021,-0.00028,-0.00149,-0.00045,0.00169,-0.00011,-2e-05,-0.00019,0.00128,-0.00071,0.00048,0.00216,0.00011,-6e-05,0.00021,-0.00069,-0.01385,0.00237,-0.00294,0.00012,-0.00013,-0.00013,0.06289,0.07924,0.0023,0.05588,-0.01359,-0.00558,0.00555
18.64,0.01071,0.00021,0.00314,0.00096,0.00133,0.00021,0.00014,-0.00164,-0.00054,0.00181,-0.00012,-3e-05,-0.0002,0.0013,-0.00064,0.00053,0.00215,0.00011,-7e-05,0.00021,-0.0006,-0.01375,0.00239,-0.0029,0.00013,-0.00013,-0.00013,0.06285,0.07898,0.00228,0.05602,-0.01358,-0.0056,0.00553
18.66,0.00977,0.00076,0.00379,0.00088,0.00129,0.00022,0.00055,-0.00174,-0.00061,0.00193,-0.00013,-4e-05,-0.00021,0.0013,-0.00057,0.00058,0.00213,0.00011,-7e-05,0.00021,-0.0005,-0.01364,0.0024,-0.00286,0.00013,-0.00013,-0.00013,0.06283,0.07873,0.00227,0.05615,-0.01357,-0.00562,0.00551
18.68,0.00881,0.00125,0.00439,0.00079,0.00127,0.00022,0.00096,-0.0018,-0.00068,0.00203,-0.00014,-5e-05,-0.00022,0.00129,-0.00052,0.00061,0.0021,0.00011,-8e-05,0.0002,-0.00038,-0.01354,0.00241,-0.00281,0.00013,-0.00013,-0.00013,0.06281,0.07847,0.00228,0.05633,-0.01356,-0.00564,0.00549
18.7,0.00793,0.00156,0.00486,0.0007,0.00125,0.00022,0.00133,-0.00175,-0.00071,0.00216,-0.00015,-5e-05,-0.00023,0.00128,-0.00047,0.00063,0.00207,0.00011,-8e-05,0.0002,-0.00023,-0.01342,0.00242,-0.00277,0.00013,-0.00013,-0.00012,0.06276,0.07825,0.00227,0.05642,-0.01355,-0.00565,0.00548
18.72,0.00735,0.00158,0.00502,0.00061,0.0012,0.00022,0.00157,-0.0015,-0.0006,0.00238,-0.00016,-4e-05,-0.00025,0.00126,-0.00041,0.00064,0.00204,0.0001,-8e-05,0.00019,-7e-05,-0.01326,0.00241,-0.00274,0.00014,-0.00013,-0.00012,0.06261,0.07811,0.00218,0.05626,-0.01353,-0.00565,0.0055
18.74,0.00717,0.00149,0.00478,0.00051,0.00116,0.00022,0.00169,-0.00112,-0.00043,0.00259,-0.00016,-2e-05,-0.00027,0.00123,-0.00035,0.00064,0.00201,9e-05,-8e-05,0.00019,0.00011,-0.0131,0.00239,-0.00272,0.00014,-0.00013,-0.00012,0.06244,0.07796,0.00208,0.05602,-0.01351,-0.00565,0.00552
18.76,0.00729,0.00149,0.00424,0.00042,0.00112,0.00021,0.00169,-0.00077,-0.00027,0.00273,-0.00016,-0,-0.00027,0.00121,-0.00031,0.00062,0.00199,8e-05,-8e-05,0.00018,0.00029,-0.01294,0.00236,-0.0027,0.00014,-0.00013,-0.00012,0.06229,0.07778,0.00199,0.05583,-0.01349,-0.00565,0.00555
18.78,0.0077,0.00167,0.00345,0.00033,0.00108,0.0002,0.00162,-0.00044,-0.00012,0.0028,-0.00015,1e-05,-0.00028,0.00117,-0.00029,0.00059,0.00198,7e-05,-7e-05,0.00018,0.00047,-0.0128,0.00234,-0.00268,0.00014,-0.00013,-0.00012,0.06211,0.07768,0.00187,0.05553,-0.01347,-0.00564,0.00558
18.8,0.00828,0.00203,0.0025,0.00024,0.00103,0.00019,0.00143,-0.00019,0,0.00281,-0.00014,2e-05,-0.00027,0.00116,-0.00027,0.00056,0.00198,7e-05,-6e-05,0.00018,0.00061,-0.01269,0.0023,-0.00266,0.00014,-0.00013,-0.00012,0.06201,0.07737,0.00178,0.05542,-0.01346,-0.00565,0.00559
18.82,0.00885,0.00251,0.00151,0.00017,0.00095,0.00018,0.00109,-6e-05,0.00013,0.00277,-0.00012,5e-05,-0.00026,0.00119,-0.00023,0.00053,0.00198,6e-05,-5e-05,0.00018,0.00065,-0.01263,0.00227,-0.00265,0.00014,-0.00013,-0.00012,0.06216,0.07655,0.00176,0.05586,-0.01344,-0.0057,0.00555
18.84,0.00932,0.0031,0.00053,0.0001,0.00085,0.00015,0.00072,-2e-05,0.00021,0.00268,-0.0001,7e-05,-0.00025,0.00125,-0.0002,0.00051,0.002,6e-05,-4e-05,0.00019,0.00064,-0.01262,0.00223,-0.00264,0.00014,-0.00013,-0.00012,0.0624,0.07553,0.00177,0.05649,-0.01343,-0.00576,0.00548
18.86,0.00967,0.00379,-0.00039,3e-05,0.00075,0.00013,0.00046,-6e-05,0.00021,0.00256,-8e-05,7e-05,-0.00023,0.00131,-0.00018,0.00048,0.00203,5e-05,-3e-05,0.00019,0.00061,-0.01263,0.00219,-0.00264,0.00014,-0.00013,-0.00012,0.06261,0.07459,0.00176,0.05701,-0.01342,-0.00582,0.00543
18.88,0.00988,0.00456,-0.00122,-3e-05,0.00062,0.0001,0.00032,-0.00014,0.00014,0.00242,-7e-05,7e-05,-0.00022,0.00138,-0.00018,0.00045,0.00207,5e-05,-2e-05,0.0002,0.00058,-0.01269,0.00215,-0.00263,0.00015,-0.00013,-0.00012,0.0628,0.07369,0.00175,0.05755,-0.0134,-0.00587,0.00537
18.9,0.0099,0.00517,-0.00192,-8e-05,0.00049,8e-05,0.00031,-0.00028,1e-05,0.0023,-5e-05,6e-05,-0.00021,0.00147,-0.00018,0.00042,0.00211,4e-05,-1e-05,0.0002,0.00048,-0.01276,0.00211,-0.00265,0.00014,-0.00013,-0.00012,0.06303,0.07266,0.00174,0.05807,-0.0134,-0.00592,0.00531
18.92,0.00979,0.00538,-0.00248,-0.00011,0.00036,5e-05,0.00039,-0.00048,-0.00015,0.0022,-5e-05,4e-05,-0.00021,0.00159,-0.00019,0.0004,0.00215,4e-05,0,0.00021,0.00028,-0.0128,0.00207,-0.00274,0.00014,-0.00013,-0.00013,0.06335,0.07128,0.00176,0.05849,-0.01341,-0.00597,0.00524
18.94,0.00961,0.00537,-0.00296,-0.00012,0.00022,2e-05,0.00055,-0.00066,-0.00032,0.00214,-5e-05,1e-05,-0.0002,0.00172,-0.0002,0.00038,0.00219,4e-05,1e-05,0.00022,4e-05,-0.01284,0.00203,-0.00286,0.00014,-0.00013,-0.00013,0.06372,0.06977,0.00178,0.05889,-0.01343,-0.00601,0.00517
18.96,0.00941,0.00533,-0.00336,-0.00013,8e-05,-1e-05,0.00078,-0.00077,-0.00048,0.00209,-5e-05,-1e-05,-0.0002,0.00185,-0.00024,0.00036,0.00223,4e-05,2e-05,0.00022,-0.0002,-0.01287,0.00199,-0.00296,0.00013,-0.00013,-0.00014,0.06406,0.06831,0.00178,0.05929,-0.01345,-0.00604,0.00507
18.98,0.00922,0.00525,-0.0037,-0.00013,-7e-05,-3e-05,0.00107,-0.00081,-0.00062,0.00206,-5e-05,-3e-05,-0.0002,0.002,-0.00028,0.00034,0.00226,3e-05,3e-05,0.00022,-0.00044,-0.01285,0.00195,-0.00308,0.00013,-0.00013,-0.00014,0.06441,0.06686,0.00177,0.05968,-0.01347,-0.00606,0.00496
19,0.0091,0.00508,-0.00397,-0.0001,-0.0002,-6e-05,0.00138,-0.0008,-0.00075,0.00205,-5e-05,-4e-05,-0.0002,0.00215,-0.00032,0.00033,0.00228,3e-05,4e-05,0.00023,-0.00068,-0.01279,0.00192,-0.00315,0.00012,-0.00013,-0.00014,0.06477,0.06535,0.00172,0.06006,-0.01349,-0.00606,0.00482
19.02,0.00901,0.0048,-0.00416,-5e-05,-0.00028,-8e-05,0.00166,-0.00075,-0.00084,0.00208,-5e-05,-6e-05,-0.00021,0.00226,-0.00033,0.00034,0.00229,3e-05,4e-05,0.00023,-0.00096,-0.01273,0.00191,-0.00313,0.00013,-0.00013,-0.00014,0.06515,0.06366,0.0016,0.06046,-0.01351,-0.00605,0.00465
19.04,0.00896,0.00451,-0.00428,1e-05,-0.00034,-9e-05,0.00191,-0.00066,-0.00091,0.00212,-5e-05,-7e-05,-0.00022,0.00235,-0.00032,0.00035,0.00228,4e-05,4e-05,0.00023,-0.00131,-0.01264,0.00192,-0.00309,0.00013,-0.00013,-0.00013,0.06553,0.0619,0.00144,0.06086,-0.01352,-0.00601,0.00444
19.06,0.00895,0.0043,-0.00434,7e-05,-0.00039,-0.0001,0.00214,-0.00052,-0.00096,0.00215,-5e-05,-7e-05,-0.00022,0.00245,-0.00031,0.00038,0.00226,4e-05,4e-05,0.00023,-0.00172,-0.01252,0.00192,-0.00308,0.00013,-0.00013,-0.00013,0.06592,0.06017,0.00124,0.06127,-0.01354,-0.00595,0.00419
19.08,0.00895,0.00416,-0.00434,0.00013,-0.00042,-0.00011,0.00236,-0.00034,-0.00098,0.00219,-5e-05,-8e-05,-0.00023,0.00255,-0.00029,0.00042,0.00223,4e-05,3e-05,0.00023,-0.0022,-0.01241,0.00192,-0.00307,0.00013,-0.00013,-0.00013,0.06635,0.05839,0.00101,0.0617,-0.01356,-0.00588,0.00389
19.1,0.00901,0.0041,-0.00428,0.0002,-0.00043,-0.00011,0.00255,-0.00015,-0.00099,0.00222,-6e-05,-8e-05,-0.00023,0.00263,-0.00025,0.00047,0.00219,4e-05,2e-05,0.00022,-0.00268,-0.01232,0.00192,-0.0031,0.00013,-0.00013,-0.00013,0.06674,0.05667,0.00074,0.0621,-0.01358,-0.00578,0.00356
19.12,0.00918,0.00417,-0.00417,0.00026,-0.00042,-0.00011,0.00267,1e-05,-0.00099,0.00225,-6e-05,-8e-05,-0.00024,0.00268,-0.00021,0.00054,0.00214,4e-05,1e-05,0.00022,-0.00304,-0.01221,0.00191,-0.00321,0.00012,-0.00013,-0.00013,0.06699,0.05511,0.0004,0.06239,-0.0136,-0.00566,0.00321
19.14,0.00939,0.00434,-0.00402,0.00032,-0.00038,-0.0001,0.00276,0.00016,-0.00098,0.00228,-6e-05,-8e-05,-0.00024,0.00271,-0.00017,0.00062,0.00208,4e-05,-0,0.00022,-0.00335,-0.01211,0.00189,-0.00334,0.00012,-0.00013,-0.00013,0.06719,0.0536,4e-05,0.06266,-0.01361,-0.00552,0.00285
19.16,0.00956,0.00459,-0.00382,0.00038,-0.00034,-0.0001,0.00283,0.00031,-0.00097,0.00229,-7e-05,-8e-05,-0.00024,0.00275,-0.00011,0.0007,0.00202,5e-05,-2e-05,0.00021,-0.00365,-0.01204,0.00187,-0.00344,0.00011,-0.00012,-0.00013,0.06742,0.05204,-0.00032,0.06295,-0.01363,-0.00538,0.00246
19.18,0.00972,0.00491,-0.0036,0.00044,-0.00029,-9e-05,0.00289,0.00044,-0.00096,0.0023,-7e-05,-8e-05,-0.00024,0.00278,-4e-05,0.00079,0.00196,5e-05,-4e-05,0.00021,-0.00392,-0.01197,0.00185,-0.00354,0.00011,-0.00012,-0.00013,0.06767,0.05045,-0.00069,0.06325,-0.01364,-0.00524,0.00208
19.2,0.00983,0.0053,-0.00335,0.00049,-0.00024,-8e-05,0.00293,0.00057,-0.00095,0.00229,-7e-05,-8e-05,-0.00024,0.0028,2e-05,0.00087,0.00191,5e-05,-5e-05,0.0002,-0.00415,-0.0119,0.00182,-0.00363,0.00011,-0.00012,-0.00013,0.0679,0.04893,-0.00102,0.06358,-0.01365,-0.0051,0.0017
19.22,0.0099,0.00577,-0.00308,0.00053,-0.00017,-7e-05,0.00295,0.00068,-0.00095,0.00228,-8e-05,-8e-05,-0.00024,0.00282,9e-05,0.00093,0.00188,5e-05,-6e-05,0.0002,-0.00433,-0.01187,0.0018,-0.00369,0.0001,-0.00012,-0.00014,0.06808,0.0476,-0.00127,0.06398,-0.01366,-0.00498,0.00133
19.24,0.00992,0.00629,-0.00281,0.00056,-0.0001,-6e-05,0.00296,0.00077,-0.00094,0.00227,-8e-05,-8e-05,-0.00023,0.00282,0.00015,0.00097,0.00186,6e-05,-7e-05,0.0002,-0.00446,-0.01184,0.00179,-0.00373,0.0001,-0.00012,-0.00014,0.06822,0.04638,-0.00147,0.06439,-0.01366,-0.00488,0.00098
19.26,0.00992,0.00682,-0.00253,0.00059,-3e-05,-4e-05,0.00295,0.00084,-0.00093,0.00225,-8e-05,-8e-05,-0.00023,0.00282,0.00022,0.00101,0.00184,6e-05,-8e-05,0.0002,-0.00456,-0.01178,0.00177,-0.00377,0.0001,-0.00012,-0.00014,0.06836,0.04517,-0.00164,0.06478,-0.01366,-0.00479,0.00066
19.28,0.00989,0.00736,-0.00226,0.00061,4e-05,-3e-05,0.00293,0.0009,-0.00092,0.00223,-8e-05,-8e-05,-0.00023,0.00282,0.0003,0.00105,0.00183,6e-05,-9e-05,0.0002,-0.00463,-0.0117,0.00176,-0.00381,0.0001,-0.00012,-0.00014,0.06851,0.0439,-0.00175,0.0652,-0.01365,-0.00471,0.00037
19.3,0.00984,0.00791,-0.00202,0.00063,0.00011,-2e-05,0.0029,0.00095,-0.00091,0.00221,-8e-05,-8e-05,-0.00022,0.00282,0.00036,0.00108,0.00183,6e-05,-9e-05,0.0002,-0.00467,-0.0116,0.00175,-0.00384,0.0001,-0.00012,-0.00014,0.06861,0.04283,-0.00185,0.06553,-0.01364,-0.00465,0.00013
19.32,0.00977,0.00845,-0.00181,0.00064,0.00017,-1e-05,0.0029,0.00099,-0.0009,0.00219,-8e-05,-8e-05,-0.00022,0.00284,0.0004,0.00109,0.00185,7e-05,-0.0001,0.0002,-0.00466,-0.01154,0.00175,-0.00384,0.0001,-0.00012,-0.00014,0.06861,0.04226,-0.00201,0.06566,-0.01364,-0.00459,-6e-05
19.34,0.00971,0.00898,-0.00165,0.00065,0.00023,0,0.00289,0.00102,-0.00089,0.00218,-8e-05,-8e-05,-0.00022,0.00286,0.00043,0.00109,0.00189,8e-05,-0.00011,0.0002,-0.00462,-0.01148,0.00176,-0.00384,0.0001,-0.00012,-0.00014,0.06856,0.04186,-0.00218,0.06572,-0.01364,-0.00455,-0.0002
19.36,0.00966,0.00951,-0.00154,0.00066,0.00029,1e-05,0.00286,0.00105,-0.00086,0.00217,-9e-05,-8e-05,-0.00022,0.00289,0.00046,0.0011,0.00192,9e-05,-0.00012,0.0002,-0.00456,-0.0114,0.00177,-0.00383,0.0001,-0.00012,-0.00013,0.06851,0.04138,-0.00228,0.0658,-0.01363,-0.00452,-0.00032
19.38,0.00962,0.01001,-0.00148,0.00066,0.00034,2e-05,0.00282,0.00107,-0.00084,0.00217,-9e-05,-8e-05,-0.00022,0.00294,0.00048,0.00111,0.00195,0.0001,-0.00012,0.0002,-0.00448,-0.01131,0.00179,-0.00383,0.0001,-0.00012,-0.00013,0.06848,0.04086,-0.00235,0.0659,-0.01363,-0.00451,-0.00041
19.4,0.00963,0.01049,-0.00147,0.00067,0.00038,3e-05,0.00278,0.00108,-0.00081,0.00218,-0.0001,-7e-05,-0.00022,0.00298,0.0005,0.00112,0.00197,0.00011,-0.00013,0.0002,-0.00438,-0.01124,0.00181,-0.00381,0.0001,-0.00012,-0.00013,0.06838,0.04042,-0.0024,0.06596,-0.01362,-0.00451,-0.00047
19.42,0.00974,0.01095,-0.00149,0.00067,0.0004,3e-05,0.00276,0.00108,-0.00079,0.00219,-9e-05,-7e-05,-0.00022,0.00297,0.00052,0.00112,0.00198,0.00011,-0.00013,0.0002,-0.00425,-0.01119,0.00184,-0.00379,0.0001,-0.00012,-0.00013,0.06812,0.04021,-0.00243,0.06596,-0.01362,-0.0045,-0.00049
19.44,0.00991,0.01137,-0.00155,0.00067,0.00041,3e-05,0.00275,0.00108,-0.00077,0.00221,-9e-05,-7e-05,-0.00022,0.00295,0.00055,0.00112,0.00197,0.0001,-0.00013,0.0002,-0.00411,-0.01116,0.00186,-0.00376,0.0001,-0.00012,-0.00013,0.0678,0.04009,-0.00246,0.06594,-0.01362,-0.0045,-0.00049
19.46,0.01008,0.01173,-0.00164,0.00067,0.00041,3e-05,0.00272,0.00107,-0.00075,0.00223,-9e-05,-6e-05,-0.00023,0.00292,0.00057,0.00112,0.00196,0.0001,-0.00013,0.0002,-0.00398,-0.01113,0.00189,-0.00373,0.0001,-0.00012,-0.00013,0.0675,0.03991,-0.00247,0.06592,-0.01362,-0.0045,-0.00049
19.48,0.01026,0.01207,-0.00175,0.00067,0.00041,3e-05,0.0027,0.00107,-0.00073,0.00224,-9e-05,-6e-05,-0.00023,0.00288,0.0006,0.00111,0.00193,9e-05,-0.00013,0.0002,-0.00384,-0.0111,0.00192,-0.00371,0.00011,-0.00012,-0.00013,0.06721,0.03973,-0.00247,0.06591,-0.01362,-0.00451,-0.00047
19.5,0.01046,0.01233,-0.00186,0.00068,0.00041,3e-05,0.00267,0.00105,-0.00071,0.00225,-8e-05,-6e-05,-0.00023,0.00283,0.00062,0.0011,0.0019,9e-05,-0.00013,0.00019,-0.00371,-0.01107,0.00194,-0.00368,0.00011,-0.00012,-0.00013,0.06692,0.03954,-0.00247,0.06587,-0.01362,-0.00452,-0.00045
19.52,0.0107,0.01244,-0.00197,0.00069,0.0004,3e-05,0.00263,0.00103,-0.0007,0.00225,-8e-05,-5e-05,-0.00023,0.0028,0.00061,0.00107,0.00186,8e-05,-0.00012,0.00019,-0.00362,-0.01106,0.00195,-0.00366,0.00011,-0.00012,-0.00013,0.06659,0.03933,-0.00246,0.06577,-0.01363,-0.00453,-0.00043
19.54,0.01096,0.01249,-0.00205,0.0007,0.00038,3e-05,0.00259,0.001,-0.00069,0.00225,-7e-05,-5e-05,-0.00023,0.00276,0.00059,0.00105,0.00182,7e-05,-0.00011,0.00018,-0.00355,-0.01104,0.00196,-0.00363,0.00011,-0.00012,-0.00012,0.06626,0.03913,-0.00245,0.06564,-0.01364,-0.00454,-0.0004
19.56,0.0112,0.01257,-0.00212,0.00072,0.00037,2e-05,0.00255,0.00097,-0.00069,0.00224,-7e-05,-5e-05,-0.00023,0.00271,0.00057,0.00102,0.00178,6e-05,-0.00011,0.00018,-0.00349,-0.01103,0.00197,-0.00361,0.00011,-0.00012,-0.00012,0.06595,0.03891,-0.00244,0.06553,-0.01365,-0.00455,-0.00037
19.58,0.01144,0.01266,-0.00216,0.00073,0.00036,2e-05,0.00251,0.00094,-0.00069,0.00222,-6e-05,-5e-05,-0.00022,0.00265,0.00055,0.00098,0.00176,6e-05,-0.0001,0.00017,-0.00344,-0.01102,0.00197,-0.00359,0.00011,-0.00012,-0.00012,0.06565,0.0387,-0.00244,0.0654,-0.01366,-0.00456,-0.00034
19.6,0.01167,0.01276,-0.00216,0.00074,0.00035,2e-05,0.00249,0.00091,-0.0007,0.0022,-5e-05,-5e-05,-0.00022,0.00259,0.00052,0.00094,0.00176,5e-05,-9e-05,0.00017,-0.00342,-0.01101,0.00197,-0.00357,0.00011,-0.00012,-0.00012,0.06539,0.03848,-0.00243,0.06532,-0.01366,-0.00457,-0.00032
19.62,0.01191,0.01289,-0.00214,0.00075,0.00037,2e-05,0.00247,0.00088,-0.00071,0.00218,-5e-05,-5e-05,-0.00022,0.00257,0.0005,0.00092,0.00178,4e-05,-8e-05,0.00018,-0.00341,-0.01099,0.00196,-0.00357,0.00011,-0.00012,-0.00012,0.06524,0.03823,-0.00238,0.0654,-0.01366,-0.00458,-0.0003
19.64,0.01214,0.01304,-0.00209,0.00076,0.00039,3e-05,0.00246,0.00086,-0.00073,0.00215,-5e-05,-4e-05,-0.00022,0.00256,0.00047,0.0009,0.00181,4e-05,-6e-05,0.00019,-0.00343,-0.01098,0.00194,-0.00358,0.00011,-0.00012,-0.00012,0.06513,0.03798,-0.00232,0.06552,-0.01365,-0.0046,-0.00029
19.66,0.01233,0.01321,-0.00201,0.00076,0.00042,3e-05,0.00245,0.00083,-0.00074,0.00212,-4e-05,-4e-05,-0.00021,0.00254,0.00044,0.00088,0.00185,3e-05,-5e-05,0.00019,-0.00346,-0.01096,0.00193,-0.00358,0.00011,-0.00012,-0.00012,0.06501,0.03774,-0.00227,0.06562,-0.01364,-0.00462,-0.00027
19.68,0.01252,0.0134,-0.00191,0.00076,0.00045,4e-05,0.00244,0.00081,-0.00075,0.00209,-4e-05,-4e-05,-0.00021,0.00253,0.00042,0.00087,0.00189,3e-05,-3e-05,0.0002,-0.00351,-0.01095,0.00191,-0.00359,0.00011,-0.00012,-0.00012,0.06489,0.03748,-0.00219,0.06575,-0.01363,-0.00464,-0.00025
19.7,0.01264,0.01359,-0.0018,0.00076,0.00048,4e-05,0.00243,0.0008,-0.00076,0.00206,-4e-05,-4e-05,-0.00021,0.00252,0.0004,0.00087,0.00192,2e-05,-2e-05,0.0002,-0.00356,-0.01095,0.00189,-0.00359,0.00011,-0.00012,-0.00012,0.06481,0.03729,-0.00213,0.06583,-0.01363,-0.00467,-0.00022
19.72,0.01263,0.01376,-0.00168,0.00076,0.0005,5e-05,0.00243,0.00077,-0.00077,0.00203,-4e-05,-4e-05,-0.0002,0.0025,0.00039,0.00087,0.00193,2e-05,-3e-05,0.00021,-0.00359,-0.01096,0.00188,-0.00361,0.00011,-0.00012,-0.00012,0.0648,0.03728,-0.00212,0.06576,-0.01363,-0.00469,-0.00017
19.74,0.01257,0.0139,-0.00157,0.00075,0.00053,5e-05,0.00243,0.00075,-0.00077,0.00201,-4e-05,-4e-05,-0.0002,0.0025,0.00039,0.00089,0.00194,3e-05,-3e-05,0.00021,-0.00361,-0.01098,0.00187,-0.00362,0.0001,-0.00012,-0.00012,0.06483,0.03735,-0.00212,0.06562,-0.01363,-0.00471,-0.0001
19.76,0.01251,0.01405,-0.00146,0.00074,0.00055,6e-05,0.00243,0.00074,-0.00076,0.00199,-4e-05,-4e-05,-0.0002,0.0025,0.0004,0.00093,0.00193,3e-05,-4e-05,0.00021,-0.00363,-0.011,0.00186,-0.00363,0.0001,-0.00012,-0.00013,0.06483,0.03739,-0.0021,0.06551,-0.01364,-0.00474,-3e-05
19.78,0.01247,0.01419,-0.00136,0.00073,0.00058,6e-05,0.00244,0.00073,-0.00075,0.00198,-4e-05,-4e-05,-0.0002,0.00253,0.00041,0.00097,0.00192,3e-05,-5e-05,0.00021,-0.00364,-0.01102,0.00185,-0.00364,0.0001,-0.00012,-0.00013,0.06477,0.03739,-0.00207,0.06539,-0.01364,-0.00477,5e-05
19.8,0.01237,0.0143,-0.00127,0.00073,0.0006,7e-05,0.00244,0.00073,-0.00074,0.00197,-4e-05,-4e-05,-0.00019,0.00255,0.00043,0.00102,0.00189,4e-05,-6e-05,0.0002,-0.00364,-0.01106,0.00185,-0.00365,0.0001,-0.00012,-0.00013,0.06479,0.0375,-0.00203,0.06526,-0.01365,-0.00481,0.00014
19.82,0.01213,0.01435,-0.0012,0.00072,0.00061,7e-05,0.00244,0.00073,-0.00072,0.00198,-4e-05,-3e-05,-0.00019,0.00252,0.00043,0.00105,0.00187,3e-05,-7e-05,0.0002,-0.00367,-0.0111,0.00183,-0.00366,0.0001,-0.00012,-0.00013,0.06505,0.0379,-0.00197,0.06507,-0.01365,-0.00483,0.00025
19.84,0.01184,0.01437,-0.00115,0.00071,0.00062,7e-05,0.00245,0.00073,-0.0007,0.00199,-3e-05,-2e-05,-0.0002,0.00248,0.00043,0.00107,0.00183,3e-05,-7e-05,0.00019,-0.0037,-0.01115,0.00182,-0.00366,0.0001,-0.00012,-0.00013,0.06538,0.03841,-0.00191,0.06486,-0.01366,-0.00486,0.00037
19.86,0.01157,0.01439,-0.00113,0.0007,0.00063,7e-05,0.00247,0.00075,-0.00069,0.00201,-2e-05,-1e-05,-0.0002,0.00245,0.00043,0.00108,0.0018,2e-05,-7e-05,0.00019,-0.00371,-0.01121,0.00182,-0.00365,0.0001,-0.00012,-0.00013,0.06565,0.03887,-0.00184,0.06465,-0.01366,-0.00488,0.00049
19.88,0.0113,0.01442,-0.00113,0.00069,0.00064,8e-05,0.00249,0.00077,-0.00067,0.00204,-1e-05,-0,-0.0002,0.00239,0.00041,0.00108,0.00177,2e-05,-7e-05,0.00018,-0.00371,-0.01126,0.00182,-0.00365,0.0001,-0.00012,-0.00013,0.06593,0.03934,-0.00178,0.06443,-0.01367,-0.00491,0.00062
19.9,0.01103,0.01443,-0.00113,0.00068,0.00065,8e-05,0.00252,0.00079,-0.00066,0.00206,-1e-05,0,-0.00021,0.00235,0.00039,0.00107,0.00175,2e-05,-7e-05,0.00017,-0.0037,-0.01133,0.00183,-0.00364,0.0001,-0.00012,-0.00013,0.06622,0.03981,-0.0017,0.06424,-0.01367,-0.00494,0.00074
19.92,0.01073,0.01438,-0.00113,0.00067,0.00066,8e-05,0.00254,0.0008,-0.00067,0.00209,-1e-05,0,-0.00021,0.00236,0.00038,0.00107,0.00174,2e-05,-7e-05,0.00017,-0.0037,-0.0114,0.00184,-0.00362,0.0001,-0.00012,-0.00013,0.06654,0.04021,-0.00159,0.06417,-0.01367,-0.00497,0.00084
19.94,0.01042,0.01431,-0.00113,0.00067,0.00067,8e-05,0.00258,0.0008,-0.00068,0.00212,-2e-05,0,-0.00022,0.00237,0.00037,0.00107,0.00175,2e-05,-7e-05,0.00017,-0.0037,-0.01147,0.00187,-0.00359,0.00011,-0.00012,-0.00013,0.06688,0.04058,-0.00147,0.06415,-0.01366,-0.00501,0.00093
19.96,0.01014,0.01423,-0.00112,0.00066,0.00067,8e-05,0.00261,0.00081,-0.00069,0.00216,-2e-05,-0,-0.00022,0.00237,0.00035,0.00105,0.00177,2e-05,-7e-05,0.00018,-0.00372,-0.01153,0.00188,-0.00357,0.00011,-0.00012,-0.00013,0.06722,0.04096,-0.00137,0.06411,-0.01365,-0.00505,0.00102
19.98,0.00985,0.01412,-0.00111,0.00065,0.00067,8e-05,0.00266,0.00081,-0.00072,0.00218,-2e-05,-1e-05,-0.00023,0.00235,0.00031,0.00102,0.00181,2e-05,-7e-05,0.00018,-0.00374,-0.01159,0.0019,-0.00354,0.00011,-0.00012,-0.00013,0.06759,0.04136,-0.00127,0.06408,-0.01365,-0.00508,0.00111
20,0.00961,0.01401,-0.00109,0.00065,0.00068,8e-05,0.00271,0.00081,-0.00075,0.00221,-3e-05,-2e-05,-0.00023,0.00234,0.00028,0.001,0.00186,3e-05,-7e-05,0.00019,-0.00378,-0.01163,0.00192,-0.00353,0.00011,-0.00012,-0.00013,0.0679,0.0417,-0.00119,0.06405,-0.01364,-0.00511,0.00118
20.02,0.00951,0.01389,-0.00106,0.00064,0.00068,8e-05,0.00276,0.00081,-0.00078,0.00224,-4e-05,-2e-05,-0.00023,0.00235,0.00027,0.00098,0.00191,3e-05,-7e-05,0.0002,-0.00382,-0.01163,0.00193,-0.00353,0.00011,-0.00012,-0.00013,0.06808,0.04185,-0.00116,0.06399,-0.01363,-0.00513,0.00125
20.04,0.00946,0.01376,-0.00104,0.00064,0.00068,8e-05,0.00281,0.00082,-0.00082,0.00227,-4e-05,-3e-05,-0.00024,0.00237,0.00025,0.00096,0.00196,3e-05,-6e-05,0.0002,-0.00387,-0.01163,0.00194,-0.00354,0.00011,-0.00012,-0.00013,0.0682,0.04193,-0.00115,0.06392,-0.01362,-0.00515,0.00131
20.06,0.00938,0.01362,-0.00102,0.00064,0.00068,8e-05,0.00286,0.00081,-0.00087,0.00229,-5e-05,-4e-05,-0.00024,0.00237,0.00023,0.00093,0.00201,4e-05,-6e-05,0.00021,-0.00393,-0.01162,0.00194,-0.00355,0.00011,-0.00012,-0.00013,0.06834,0.04205,-0.00114,0.06386,-0.01362,-0.00517,0.00137
20.08,0.0093,0.01345,-0.00102,0.00064,0.00068,8e-05,0.00292,0.0008,-0.00091,0.00232,-5e-05,-5e-05,-0.00025,0.00237,0.0002,0.00089,0.00205,4e-05,-6e-05,0.00022,-0.004,-0.01161,0.00194,-0.00356,0.00011,-0.00012,-0.00013,0.06849,0.04218,-0.00115,0.06379,-0.01361,-0.00518,0.00142
20.1,0.00921,0.01329,-0.00103,0.00064,0.00068,8e-05,0.00299,0.00079,-0.00096,0.00234,-6e-05,-6e-05,-0.00025,0.00235,0.00016,0.00085,0.00207,4e-05,-5e-05,0.00022,-0.00406,-0.0116,0.00194,-0.00357,0.00011,-0.00012,-0.00013,0.06862,0.04228,-0.00116,0.06373,-0.0136,-0.00519,0.00146
20.12,0.00913,0.01315,-0.00105,0.00064,0.00067,8e-05,0.00307,0.00078,-0.00101,0.00237,-6e-05,-7e-05,-0.00026,0.00231,0.00013,0.0008,0.00207,5e-05,-5e-05,0.00022,-0.0041,-0.01159,0.00195,-0.00358,0.00011,-0.00012,-0.00013,0.06874,0.04232,-0.00112,0.06372,-0.0136,-0.00521,0.00148
20.14,0.00904,0.01302,-0.00108,0.00064,0.00065,7e-05,0.00317,0.00077,-0.00105,0.00239,-7e-05,-8e-05,-0.00026,0.00226,0.0001,0.00076,0.00206,5e-05,-4e-05,0.00022,-0.00413,-0.01159,0.00195,-0.00359,0.00011,-0.00012,-0.00013,0.06885,0.04233,-0.00107,0.06373,-0.0136,-0.00523,0.00149
20.16,0.00894,0.01287,-0.00112,0.00065,0.00064,7e-05,0.00326,0.00075,-0.00109,0.00241,-7e-05,-8e-05,-0.00026,0.00221,7e-05,0.00072,0.00204,5e-05,-4e-05,0.00021,-0.00415,-0.0116,0.00195,-0.00359,0.00011,-0.00012,-0.00013,0.06897,0.04234,-0.00103,0.06373,-0.0136,-0.00525,0.00149
20.18,0.00882,0.01274,-0.00117,0.00066,0.00062,7e-05,0.00334,0.00073,-0.00113,0.00243,-7e-05,-9e-05,-0.00026,0.00219,6e-05,0.00069,0.00201,6e-05,-4e-05,0.00021,-0.00416,-0.01161,0.00195,-0.0036,0.00011,-0.00012,-0.00013,0.06909,0.04236,-0.001,0.06372,-0.0136,-0.00526,0.0015
20.2,0.0087,0.01261,-0.00122,0.00067,0.00061,6e-05,0.00342,0.00072,-0.00115,0.00245,-8e-05,-9e-05,-0.00027,0.00216,4e-05,0.00066,0.00197,6e-05,-4e-05,0.00021,-0.00416,-0.01162,0.00194,-0.0036,0.00011,-0.00012,-0.00013,0.06921,0.04236,-0.00097,0.06375,-0.0136,-0.00528,0.0015
20.22,0.00858,0.01248,-0.00128,0.00068,0.00059,6e-05,0.00347,0.0007,-0.00116,0.00246,-8e-05,-9e-05,-0.00027,0.00214,1e-05,0.00064,0.00194,6e-05,-4e-05,0.0002,-0.00417,-0.01161,0.00193,-0.00361,0.0001,-0.00012,-0.00013,0.06931,0.04232,-0.00091,0.06387,-0.01359,-0.00529,0.0015
20.24,0.00846,0.01236,-0.00133,0.0007,0.00058,6e-05,0.00352,0.00069,-0.00115,0.00247,-8e-05,-9e-05,-0.00027,0.00213,-2e-05,0.00061,0.00191,6e-05,-4e-05,0.0002,-0.00416,-0.0116,0.00191,-0.00362,0.0001,-0.00012,-0.00013,0.0694,0.04227,-0.00086,0.06403,-0.01359,-0.0053,0.00149
20.26,0.00835,0.01228,-0.00138,0.00071,0.00057,6e-05,0.00353,0.00068,-0.00112,0.00247,-8e-05,-8e-05,-0.00027,0.00213,-4e-05,0.0006,0.00189,6e-05,-4e-05,0.00019,-0.00414,-0.01159,0.0019,-0.00363,0.0001,-0.00012,-0.00013,0.06949,0.04223,-0.0008,0.06417,-0.01358,-0.00532,0.00149
20.28,0.00823,0.01221,-0.00142,0.00072,0.00056,6e-05,0.00351,0.00068,-0.00108,0.00247,-7e-05,-8e-05,-0.00026,0.00215,-6e-05,0.00059,0.00189,6e-05,-4e-05,0.00019,-0.00411,-0.01158,0.00188,-0.00363,0.0001,-0.00012,-0.00013,0.06958,0.04218,-0.00074,0.0643,-0.01358,-0.00533,0.00148
20.3,0.00815,0.01218,-0.00145,0.00073,0.00055,6e-05,0.00348,0.00068,-0.00103,0.00246,-8e-05,-7e-05,-0.00026,0.00218,-8e-05,0.00059,0.0019,6e-05,-4e-05,0.00019,-0.00407,-0.01156,0.00187,-0.00363,0.0001,-0.00012,-0.00013,0.06969,0.04215,-0.00068,0.06445,-0.01357,-0.00535,0.00148
20.32,0.00816,0.01218,-0.0015,0.00073,0.00056,6e-05,0.00351,0.00064,-0.001,0.00242,-9e-05,-8e-05,-0.00025,0.0022,-0.00012,0.00059,0.00194,7e-05,-5e-05,0.0002,-0.00403,-0.01157,0.00187,-0.00362,0.0001,-0.00012,-0.00013,0.06988,0.04219,-0.00064,0.06465,-0.01356,-0.00537,0.00148
20.34,0.0082,0.0122,-0.00155,0.00073,0.00058,6e-05,0.00353,0.00058,-0.00098,0.00236,-0.0001,-9e-05,-0.00024,0.00224,-0.00017,0.00059,0.002,9e-05,-5e-05,0.0002,-0.004,-0.01158,0.00188,-0.00359,0.00011,-0.00012,-0.00013,0.07009,0.04226,-0.0006,0.06487,-0.01354,-0.00539,0.00148
20.36,0.00822,0.01223,-0.00159,0.00072,0.00059,6e-05,0.00351,0.00053,-0.00095,0.00229,-0.0001,-9e-05,-0.00022,0.00228,-0.00021,0.00059,0.00207,0.0001,-5e-05,0.00021,-0.00396,-0.01158,0.00188,-0.00357,0.00011,-0.00012,-0.00013,0.07028,0.04231,-0.00056,0.06507,-0.01353,-0.00541,0.00148
20.38,0.00821,0.01229,-0.00162,0.00071,0.00061,7e-05,0.00346,0.00046,-0.00092,0.00221,-0.00011,-0.0001,-0.00021,0.00231,-0.00024,0.00061,0.00215,0.00011,-6e-05,0.00022,-0.00393,-0.01158,0.00188,-0.00355,0.00011,-0.00012,-0.00013,0.07051,0.04237,-0.0005,0.0653,-0.01352,-0.00544,0.00147
20.4,0.00823,0.01235,-0.00165,0.00069,0.00063,7e-05,0.0034,0.00038,-0.0009,0.00212,-0.00011,-0.00011,-0.00019,0.00235,-0.00026,0.00062,0.00222,0.00013,-6e-05,0.00023,-0.0039,-0.01158,0.00189,-0.00353,0.00011,-0.00012,-0.00013,0.07066,0.04244,-0.00046,0.06547,-0.0135,-0.00546,0.00148
20.42,0.00835,0.01239,-0.00169,0.00066,0.00066,7e-05,0.00335,0.00029,-0.00093,0.002,-0.00011,-0.00011,-0.00018,0.00241,-0.00031,0.00066,0.00229,0.00013,-6e-05,0.00024,-0.00386,-0.01157,0.00189,-0.00353,0.00011,-0.00012,-0.00013,0.07061,0.0425,-0.00045,0.06543,-0.01351,-0.00547,0.0015
20.44,0.00848,0.01245,-0.00171,0.00063,0.00069,8e-05,0.00329,0.00018,-0.00097,0.00187,-0.00011,-0.00011,-0.00016,0.00246,-0.00035,0.0007,0.00236,0.00014,-6e-05,0.00025,-0.00383,-0.01157,0.00189,-0.00352,0.00011,-0.00012,-0.00013,0.07048,0.04255,-0.00045,0.06532,-0.01351,-0.00547,0.00153
20.46,0.00856,0.01255,-0.00172,0.00059,0.00072,9e-05,0.00324,7e-05,-0.00103,0.00174,-0.00011,-0.00012,-0.00014,0.00249,-0.00037,0.00074,0.00241,0.00015,-6e-05,0.00025,-0.0038,-0.01156,0.00189,-0.00352,0.00011,-0.00012,-0.00013,0.07038,0.0426,-0.00044,0.06524,-0.01351,-0.00548,0.00156
20.48,0.0086,0.01267,-0.00172,0.00055,0.00076,9e-05,0.0032,-5e-05,-0.00109,0.00161,-0.0001,-0.00012,-0.00013,0.00249,-0.00037,0.00077,0.00246,0.00015,-6e-05,0.00026,-0.00378,-0.01156,0.00189,-0.00351,0.00011,-0.00012,-0.00013,0.07027,0.04266,-0.00043,0.06516,-0.01352,-0.00548,0.00159
20.5,0.00861,0.01286,-0.0017,0.00051,0.00079,0.0001,0.00318,-0.00017,-0.00116,0.00151,-0.0001,-0.00013,-0.00012,0.00248,-0.00037,0.00079,0.00249,0.00016,-6e-05,0.00026,-0.00376,-0.01156,0.00189,-0.00351,0.00011,-0.00012,-0.00013,0.07012,0.04271,-0.00043,0.06507,-0.01352,-0.00548,0.00162
20.52,0.00863,0.01313,-0.00167,0.00045,0.00084,0.00011,0.00315,-0.00027,-0.00123,0.00143,-0.0001,-0.00014,-0.00011,0.00248,-0.00038,0.0008,0.0025,0.00015,-6e-05,0.00026,-0.00375,-0.01156,0.0019,-0.0035,0.00011,-0.00012,-0.00013,0.06992,0.04272,-0.00045,0.06498,-0.01352,-0.00549,0.00164
20.54,0.00863,0.01344,-0.00163,0.0004,0.00088,0.00011,0.00314,-0.00037,-0.00129,0.00137,-9e-05,-0.00014,-0.00011,0.00247,-0.00038,0.0008,0.0025,0.00015,-5e-05,0.00026,-0.00374,-0.01157,0.0019,-0.00349,0.00011,-0.00012,-0.00013,0.06969,0.04272,-0.00048,0.0649,-0.01351,-0.0055,0.00166
20.56,0.00858,0.01374,-0.00157,0.00035,0.00092,0.00012,0.00314,-0.00045,-0.00135,0.00133,-9e-05,-0.00014,-0.0001,0.00243,-0.00037,0.0008,0.00249,0.00015,-5e-05,0.00026,-0.00372,-0.01156,0.00191,-0.00349,0.00011,-0.00012,-0.00013,0.06947,0.04272,-0.00051,0.06482,-0.01351,-0.0055,0.00168
20.58,0.00851,0.01402,-0.0015,0.00029,0.00097,0.00013,0.00317,-0.00052,-0.00141,0.00129,-9e-05,-0.00015,-0.00011,0.00239,-0.00037,0.00078,0.00245,0.00014,-4e-05,0.00026,-0.00371,-0.01156,0.00191,-0.00348,0.00011,-0.00012,-0.00012,0.06923,0.04272,-0.00056,0.06471,-0.01351,-0.0055,0.0017
20.6,0.00839,0.01432,-0.00143,0.00024,0.00101,0.00013,0.00319,-0.00059,-0.00145,0.00128,-0.0001,-0.00015,-0.00011,0.00232,-0.00036,0.00076,0.00241,0.00014,-3e-05,0.00025,-0.00368,-0.01155,0.00191,-0.00347,0.00011,-0.00012,-0.00012,0.06899,0.04271,-0.00059,0.06465,-0.01351,-0.0055,0.0017
20.62,0.00819,0.01469,-0.00138,0.0002,0.00104,0.00014,0.0032,-0.00066,-0.00146,0.00129,-0.0001,-0.00015,-0.00011,0.00224,-0.00033,0.00073,0.00236,0.00013,-3e-05,0.00025,-0.00361,-0.01153,0.00191,-0.00347,0.00011,-0.00012,-0.00012,0.06875,0.04268,-0.00057,0.06471,-0.01351,-0.00551,0.00169
20.64,0.00797,0.01505,-0.00134,0.00017,0.00107,0.00014,0.00321,-0.00073,-0.00146,0.00131,-0.0001,-0.00015,-0.00011,0.00217,-0.0003,0.0007,0.00231,0.00013,-2e-05,0.00024,-0.00352,-0.0115,0.00191,-0.00347,0.00011,-0.00012,-0.00012,0.0685,0.04264,-0.00055,0.06481,-0.01351,-0.00551,0.00166
20.66,0.0078,0.01533,-0.00131,0.00014,0.00109,0.00015,0.00325,-0.00077,-0.00147,0.00132,-0.0001,-0.00015,-0.00012,0.00211,-0.0003,0.00067,0.00227,0.00012,-1e-05,0.00023,-0.00344,-0.01147,0.00191,-0.00346,0.00011,-0.00012,-0.00012,0.06826,0.0426,-0.00055,0.06489,-0.01351,-0.0055,0.00162
20.68,0.00766,0.01557,-0.00129,0.00012,0.00112,0.00015,0.00333,-0.0008,-0.00149,0.00134,-0.00011,-0.00015,-0.00012,0.00207,-0.00034,0.00063,0.00222,0.00011,0,0.00023,-0.00335,-0.01144,0.00191,-0.00346,0.00011,-0.00012,-0.00012,0.068,0.04261,-0.00056,0.06498,-0.01351,-0.00549,0.00157
20.7,0.00759,0.0157,-0.00127,0.0001,0.00114,0.00016,0.00343,-0.00083,-0.00151,0.00136,-0.00011,-0.00015,-0.00012,0.00204,-0.00039,0.00059,0.00219,0.00011,1e-05,0.00022,-0.00328,-0.0114,0.00191,-0.00346,0.00011,-0.00012,-0.00012,0.06779,0.04253,-0.00059,0.06505,-0.01352,-0.00547,0.0015
20.72,0.00762,0.01562,-0.00124,0.00011,0.00115,0.00016,0.00352,-0.00085,-0.00154,0.0014,-0.00011,-0.00015,-0.00012,0.00199,-0.00041,0.00056,0.00217,0.00011,1e-05,0.00022,-0.00331,-0.01135,0.0019,-0.00346,0.00011,-0.00012,-0.00012,0.06772,0.04218,-0.00067,0.06506,-0.01352,-0.00544,0.00142
20.74,0.0077,0.0154,-0.0012,0.00012,0.00117,0.00016,0.00363,-0.00088,-0.00159,0.00144,-0.00012,-0.00016,-0.00013,0.00194,-0.00044,0.00052,0.00216,0.00011,1e-05,0.00021,-0.00337,-0.0113,0.00189,-0.00346,0.00011,-0.00012,-0.00012,0.06771,0.04173,-0.00076,0.06506,-0.01353,-0.0054,0.00133
20.76,0.00783,0.01511,-0.00116,0.00014,0.00118,0.00016,0.00378,-0.0009,-0.00165,0.00148,-0.00012,-0.00016,-0.00013,0.00192,-0.00049,0.0005,0.00215,0.00011,1e-05,0.00021,-0.00342,-0.01125,0.00188,-0.00346,0.00011,-0.00012,-0.00012,0.06768,0.04131,-0.00088,0.06507,-0.01354,-0.00535,0.00121
20.78,0.00798,0.01475,-0.00111,0.00016,0.00118,0.00016,0.00396,-0.00092,-0.00174,0.00151,-0.00012,-0.00017,-0.00013,0.00192,-0.00055,0.00047,0.00216,0.00011,1e-05,0.00021,-0.00349,-0.0112,0.00186,-0.00346,0.00011,-0.00012,-0.00012,0.06766,0.04092,-0.00103,0.06506,-0.01354,-0.00529,0.00108
20.8,0.00818,0.0143,-0.00102,0.00019,0.00119,0.00016,0.00414,-0.00093,-0.00182,0.00154,-0.00012,-0.00018,-0.00014,0.00193,-0.00061,0.00046,0.00217,0.00011,1e-05,0.00021,-0.00357,-0.01116,0.00185,-0.00346,0.00011,-0.00012,-0.00012,0.06765,0.04044,-0.00117,0.06509,-0.01355,-0.00523,0.00092
20.82,0.00846,0.01376,-0.0009,0.00022,0.00119,0.00016,0.0043,-0.00092,-0.0019,0.00159,-0.00013,-0.0002,-0.00014,0.00193,-0.00066,0.00044,0.00218,0.00012,0,0.00022,-0.00368,-0.01112,0.00185,-0.00347,0.00011,-0.00012,-0.00012,0.06765,0.03975,-0.00127,0.06526,-0.01356,-0.00517,0.00072
20.84,0.00873,0.01318,-0.00073,0.00026,0.0012,0.00015,0.00443,-0.00092,-0.00197,0.00165,-0.00013,-0.00021,-0.00014,0.00193,-0.00069,0.00043,0.0022,0.00012,0,0.00022,-0.0038,-0.01109,0.00185,-0.00348,0.00011,-0.00012,-0.00012,0.06765,0.039,-0.00135,0.06546,-0.01357,-0.0051,0.0005
20.86,0.00896,0.01262,-0.00053,0.0003,0.0012,0.00015,0.00455,-0.0009,-0.00203,0.00169,-0.00013,-0.00022,-0.00015,0.00194,-0.00073,0.00043,0.00222,0.00012,-0,0.00022,-0.00394,-0.01107,0.00184,-0.00349,0.00011,-0.00012,-0.00012,0.06764,0.03829,-0.00147,0.06563,-0.01358,-0.00502,0.00028
20.88,0.00913,0.01211,-0.0003,0.00034,0.00121,0.00015,0.00463,-0.00087,-0.00208,0.00172,-0.00014,-0.00023,-0.00015,0.00195,-0.00075,0.00043,0.00225,0.00013,-1e-05,0.00022,-0.00408,-0.01107,0.00184,-0.0035,0.00011,-0.00012,-0.00012,0.06766,0.03755,-0.00158,0.06582,-0.01359,-0.00494,3e-05
20.9,0.00928,0.01163,-5e-05,0.00038,0.00122,0.00015,0.00468,-0.00083,-0.00212,0.00173,-0.00014,-0.00024,-0.00015,0.00195,-0.00076,0.00044,0.00227,0.00013,-1e-05,0.00023,-0.00423,-0.01107,0.00183,-0.00351,0.00011,-0.00012,-0.00012,0.06762,0.03686,-0.00174,0.06595,-0.0136,-0.00485,-0.00021
20.92,0.00944,0.01116,0.00022,0.00041,0.00122,0.00014,0.00472,-0.00082,-0.00217,0.00173,-0.00014,-0.00025,-0.00015,0.00197,-0.00079,0.00045,0.00228,0.00014,-2e-05,0.00023,-0.00442,-0.01106,0.00181,-0.00354,0.00011,-0.00012,-0.00012,0.06744,0.03628,-0.002,0.0659,-0.01361,-0.00474,-0.00043
20.94,0.00959,0.01077,0.00049,0.00045,0.00121,0.00014,0.00473,-0.00081,-0.00219,0.00171,-0.00014,-0.00026,-0.00016,0.00198,-0.00081,0.00046,0.0023,0.00015,-2e-05,0.00023,-0.00462,-0.01105,0.00179,-0.00357,0.00011,-0.00012,-0.00012,0.06722,0.03572,-0.0023,0.06578,-0.01364,-0.00462,-0.00065
20.96,0.00972,0.01049,0.00075,0.00048,0.00121,0.00014,0.00466,-0.00079,-0.00219,0.00168,-0.00015,-0.00027,-0.00016,0.00198,-0.00081,0.00047,0.00232,0.00015,-3e-05,0.00024,-0.00481,-0.01105,0.00178,-0.00359,0.00011,-0.00012,-0.00013,0.06701,0.03511,-0.00257,0.06569,-0.01366,-0.0045,-0.00087
20.98,0.0098,0.01033,0.00098,0.00051,0.00122,0.00014,0.00452,-0.00078,-0.00216,0.00165,-0.00015,-0.00027,-0.00016,0.00196,-0.00081,0.00048,0.00233,0.00016,-3e-05,0.00024,-0.00498,-0.01106,0.00176,-0.00362,0.00011,-0.00012,-0.00013,0.06677,0.03453,-0.00287,0.06558,-0.01368,-0.00438,-0.00109
21,0.00993,0.01025,0.00118,0.00054,0.00122,0.00014,0.00437,-0.00076,-0.00211,0.00161,-0.00015,-0.00027,-0.00016,0.00194,-0.00081,0.00048,0.00234,0.00016,-3e-05,0.00024,-0.00515,-0.01106,0.00175,-0.00364,0.00011,-0.00012,-0.00013,0.06655,0.03387,-0.00312,0.0655,-0.0137,-0.00427,-0.00131
21.02,0.01013,0.0102,0.00135,0.00055,0.00123,0.00014,0.0043,-0.00073,-0.00209,0.00154,-0.00015,-0.00027,-0.00015,0.00193,-0.00081,0.00049,0.00236,0.00017,-4e-05,0.00025,-0.00534,-0.01104,0.00173,-0.00365,0.00011,-0.00012,-0.00013,0.06643,0.033,-0.00327,0.06553,-0.01371,-0.00417,-0.00154
21.04,0.01034,0.01018,0.00151,0.00056,0.00123,0.00015,0.00426,-0.00071,-0.00206,0.00147,-0.00015,-0.00027,-0.00015,0.00191,-0.00081,0.00049,0.00237,0.00017,-4e-05,0.00025,-0.00551,-0.01101,0.00171,-0.00366,0.00011,-0.00012,-0.00013,0.06633,0.03208,-0.00337,0.06558,-0.01372,-0.00408,-0.00177
21.06,0.0105,0.01019,0.00166,0.00056,0.00124,0.00015,0.00418,-0.00072,-0.00203,0.0014,-0.00015,-0.00027,-0.00014,0.00187,-0.0008,0.00048,0.00238,0.00017,-4e-05,0.00025,-0.00566,-0.01096,0.0017,-0.00366,0.00011,-0.00012,-0.00013,0.06621,0.03119,-0.00348,0.06562,-0.01373,-0.00399,-0.00198
21.08,0.0106,0.0102,0.00182,0.00057,0.00125,0.00015,0.00407,-0.00078,-0.00198,0.00132,-0.00014,-0.00026,-0.00014,0.00182,-0.00078,0.00048,0.00238,0.00018,-5e-05,0.00025,-0.0058,-0.01088,0.00169,-0.00367,0.00011,-0.00012,-0.00013,0.06611,0.03027,-0.00354,0.06567,-0.01374,-0.00391,-0.00218
21.1,0.01073,0.01019,0.00199,0.00056,0.00125,0.00016,0.00402,-0.00081,-0.00195,0.00126,-0.00014,-0.00025,-0.00013,0.00176,-0.00077,0.00047,0.00238,0.00018,-5e-05,0.00025,-0.00593,-0.01079,0.00168,-0.00366,0.00011,-0.00012,-0.00013,0.066,0.02942,-0.00361,0.0657,-0.01375,-0.00384,-0.00235
21.12,0.01096,0.01014,0.00218,0.00053,0.00123,0.00016,0.00412,-0.00072,-0.00192,0.00124,-0.00014,-0.00025,-0.00013,0.00171,-0.00077,0.00046,0.00238,0.00018,-5e-05,0.00025,-0.00604,-0.0107,0.00167,-0.00364,0.00011,-0.00012,-0.00013,0.06589,0.02874,-0.00372,0.06567,-0.01376,-0.00377,-0.00249
21.14,0.01125,0.01006,0.00235,0.00049,0.0012,0.00016,0.00426,-0.0006,-0.00188,0.00124,-0.00014,-0.00024,-0.00013,0.00166,-0.00077,0.00045,0.00238,0.00017,-5e-05,0.00025,-0.00614,-0.01061,0.00167,-0.00362,0.00011,-0.00012,-0.00012,0.06577,0.02813,-0.00384,0.06562,-0.01377,-0.00371,-0.00261
21.16,0.01153,0.00996,0.00247,0.00044,0.00118,0.00017,0.00437,-0.00052,-0.00185,0.00123,-0.00014,-0.00022,-0.00013,0.0016,-0.00077,0.00044,0.00238,0.00017,-5e-05,0.00025,-0.00624,-0.01049,0.00167,-0.0036,0.00011,-0.00012,-0.00012,0.06565,0.02751,-0.00391,0.06559,-0.01378,-0.00366,-0.00271
21.18,0.01181,0.00987,0.00253,0.00039,0.00116,0.00017,0.00446,-0.00047,-0.00181,0.00122,-0.00013,-0.00021,-0.00013,0.00154,-0.00075,0.00043,0.00237,0.00017,-6e-05,0.00024,-0.00635,-0.01037,0.00167,-0.00357,0.00011,-0.00012,-0.00012,0.06556,0.02684,-0.00397,0.06556,-0.01379,-0.00362,-0.0028
21.2,0.01221,0.00983,0.00251,0.00034,0.00113,0.00017,0.00456,-0.0004,-0.00177,0.00123,-0.00013,-0.0002,-0.00012,0.00148,-0.00075,0.00042,0.00235,0.00016,-6e-05,0.00024,-0.00641,-0.01025,0.00168,-0.00355,0.00011,-0.00012,-0.00012,0.06542,0.02631,-0.00402,0.06553,-0.01379,-0.00358,-0.00286
21.22,0.01284,0.00995,0.00239,0.00027,0.00108,0.00017,0.00468,-0.00028,-0.00171,0.00129,-0.00013,-0.00019,-0.00012,0.00144,-0.00076,0.00042,0.00234,0.00016,-6e-05,0.00024,-0.00636,-0.01015,0.00168,-0.00355,0.00011,-0.00012,-0.00012,0.0651,0.02619,-0.0041,0.06552,-0.0138,-0.00354,-0.00292
21.24,0.01355,0.01023,0.00215,0.00019,0.00103,0.00017,0.00477,-0.00017,-0.00165,0.00136,-0.00013,-0.00017,-0.00013,0.00142,-0.00077,0.00042,0.00233,0.00016,-6e-05,0.00023,-0.00627,-0.01006,0.00169,-0.00355,0.00011,-0.00012,-0.00011,0.06473,0.0262,-0.00419,0.06551,-0.0138,-0.00351,-0.00296
21.26,0.0142,0.01062,0.00183,0.00011,0.00097,0.00016,0.00483,-0.00011,-0.0016,0.00139,-0.00012,-0.00016,-0.00012,0.0014,-0.00078,0.00043,0.00231,0.00015,-6e-05,0.00023,-0.0062,-0.00995,0.00168,-0.00355,0.00011,-0.00012,-0.00011,0.0644,0.02613,-0.00427,0.06551,-0.01381,-0.00348,-0.00301
21.28,0.01481,0.01114,0.00143,3e-05,0.00092,0.00015,0.00485,-9e-05,-0.00156,0.0014,-0.00012,-0.00015,-0.00012,0.00139,-0.00079,0.00044,0.00229,0.00015,-7e-05,0.00022,-0.00609,-0.00986,0.00168,-0.00355,0.00011,-0.00012,-0.00011,0.06401,0.0262,-0.00438,0.06549,-0.01382,-0.00344,-0.00306
21.3,0.01535,0.01173,0.00098,-6e-05,0.00087,0.00015,0.00484,-0.00013,-0.00153,0.00139,-0.00011,-0.00014,-0.00012,0.00139,-0.0008,0.00045,0.00227,0.00015,-7e-05,0.00022,-0.00604,-0.00976,0.00166,-0.00355,0.00011,-0.00012,-0.00011,0.0637,0.02603,-0.00447,0.06549,-0.01382,-0.0034,-0.00313
21.32,0.0158,0.01229,0.00051,-0.00014,0.0008,0.00013,0.00479,-0.00022,-0.00147,0.00138,-0.00011,-0.00013,-0.00011,0.00139,-0.00084,0.00045,0.00226,0.00015,-7e-05,0.00022,-0.00616,-0.00963,0.00163,-0.00356,0.00011,-0.00012,-0.00011,0.06364,0.02521,-0.00448,0.06555,-0.01382,-0.00336,-0.00324
21.34,0.01618,0.01285,1e-05,-0.00022,0.00072,0.00012,0.00472,-0.00035,-0.00142,0.00137,-0.0001,-0.00012,-0.00011,0.0014,-0.00089,0.00045,0.00224,0.00015,-8e-05,0.00021,-0.00634,-0.0095,0.00158,-0.00358,0.00011,-0.00012,-0.00011,0.06366,0.02414,-0.00448,0.06564,-0.01381,-0.00332,-0.00339
21.36,0.01651,0.01343,-0.00051,-0.0003,0.00064,0.00011,0.00466,-0.00048,-0.00137,0.00135,-0.0001,-0.00011,-0.00011,0.00142,-0.00093,0.00045,0.00222,0.00015,-8e-05,0.00021,-0.00648,-0.00939,0.00153,-0.00359,0.00011,-0.00012,-0.00011,0.06362,0.02317,-0.00453,0.06573,-0.0138,-0.00326,-0.00355
21.38,0.01677,0.01403,-0.00103,-0.00038,0.00055,9e-05,0.00459,-0.00061,-0.00132,0.00134,-0.0001,-0.0001,-0.00011,0.00145,-0.00096,0.00046,0.00221,0.00015,-9e-05,0.0002,-0.00661,-0.0093,0.00147,-0.0036,0.00011,-0.00012,-0.00011,0.06361,0.02222,-0.00461,0.0658,-0.0138,-0.00319,-0.00375
21.4,0.01699,0.01458,-0.00155,-0.00046,0.00046,7e-05,0.00455,-0.00075,-0.00128,0.00132,-9e-05,-9e-05,-0.00011,0.00147,-0.001,0.00046,0.00219,0.00015,-9e-05,0.0002,-0.00677,-0.00921,0.00141,-0.00362,0.00011,-0.00011,-0.00011,0.06355,0.02113,-0.00471,0.0659,-0.01379,-0.00311,-0.00398
21.42,0.01718,0.015,-0.00209,-0.00054,0.00035,5e-05,0.00454,-0.00093,-0.00123,0.00131,-9e-05,-9e-05,-0.00011,0.00149,-0.00106,0.00044,0.00218,0.00015,-9e-05,0.0002,-0.007,-0.00911,0.00133,-0.00362,0.00011,-0.00011,-0.00011,0.06331,0.01968,-0.0048,0.06607,-0.01377,-0.00301,-0.00424
21.44,0.01735,0.01533,-0.00261,-0.00061,0.00024,3e-05,0.00457,-0.00112,-0.00119,0.00129,-9e-05,-9e-05,-0.00012,0.00151,-0.00112,0.00042,0.00217,0.00015,-9e-05,0.00019,-0.00727,-0.00901,0.00125,-0.00363,0.00011,-0.00011,-0.00011,0.06302,0.01809,-0.0049,0.06626,-0.01374,-0.00289,-0.00454
21.46,0.0175,0.01561,-0.00309,-0.00068,0.00013,1e-05,0.00463,-0.00129,-0.00114,0.00128,-9e-05,-9e-05,-0.00012,0.00153,-0.00119,0.0004,0.00216,0.00015,-9e-05,0.00019,-0.00754,-0.00893,0.00117,-0.00364,0.00011,-0.00011,-0.00011,0.06276,0.01654,-0.00502,0.06645,-0.01371,-0.00276,-0.00486
21.48,0.01766,0.01584,-0.00352,-0.00075,-0,-1e-05,0.00476,-0.00143,-0.00108,0.00128,-8e-05,-9e-05,-0.00012,0.00155,-0.00126,0.00038,0.00215,0.00015,-9e-05,0.00019,-0.00785,-0.00887,0.0011,-0.00364,0.00011,-0.00011,-0.00012,0.06247,0.01491,-0.00515,0.06665,-0.01368,-0.00263,-0.0052
21.5,0.01783,0.01592,-0.00388,-0.00081,-0.00013,-3e-05,0.00492,-0.00155,-0.00102,0.00129,-8e-05,-9e-05,-0.00013,0.00156,-0.00133,0.00035,0.00215,0.00015,-9e-05,0.00019,-0.00818,-0.00881,0.00102,-0.00366,0.0001,-0.00011,-0.00012,0.06225,0.01334,-0.00531,0.06684,-0.01364,-0.00249,-0.00555
21.52,0.018,0.01582,-0.00417,-0.00084,-0.00022,-5e-05,0.00508,-0.00163,-0.00096,0.00131,-8e-05,-0.0001,-0.00014,0.00158,-0.00137,0.00034,0.00215,0.00015,-9e-05,0.00019,-0.00851,-0.00876,0.00095,-0.00373,0.0001,-0.00011,-0.00013,0.06221,0.01202,-0.00555,0.06697,-0.01361,-0.00233,-0.00589
21.54,0.01827,0.01561,-0.0044,-0.00085,-0.0003,-7e-05,0.00527,-0.00166,-0.00088,0.00134,-8e-05,-0.00011,-0.00014,0.0016,-0.00142,0.00032,0.00215,0.00016,-9e-05,0.00019,-0.00886,-0.0087,0.00088,-0.00383,9e-05,-0.00011,-0.00013,0.06223,0.01076,-0.0058,0.0671,-0.01359,-0.00218,-0.00623
21.56,0.01866,0.01538,-0.00456,-0.00084,-0.00039,-8e-05,0.00548,-0.00166,-0.0008,0.00139,-8e-05,-0.00011,-0.00015,0.00162,-0.00147,0.0003,0.00216,0.00016,-9e-05,0.00019,-0.00924,-0.00863,0.00082,-0.00392,9e-05,-0.00011,-0.00013,0.06222,0.00943,-0.00601,0.06725,-0.01355,-0.00204,-0.00655
21.58,0.0191,0.01512,-0.00467,-0.00084,-0.00048,-0.0001,0.00572,-0.00162,-0.00069,0.00144,-8e-05,-0.00012,-0.00015,0.00164,-0.00153,0.00029,0.00217,0.00016,-9e-05,0.00019,-0.00965,-0.00851,0.00075,-0.00401,9e-05,-0.00011,-0.00013,0.06225,0.00815,-0.00622,0.06738,-0.01352,-0.00191,-0.00685
21.6,0.01969,0.01484,-0.00477,-0.00082,-0.00055,-0.00011,0.00597,-0.00158,-0.0006,0.00151,-8e-05,-0.00013,-0.00016,0.00166,-0.00158,0.00027,0.00218,0.00016,-0.0001,0.00019,-0.01004,-0.00833,0.00071,-0.00408,8e-05,-0.00011,-0.00013,0.06224,0.00676,-0.00636,0.06757,-0.01347,-0.00179,-0.00712
21.62,0.02057,0.01451,-0.00491,-0.00079,-0.0006,-0.00012,0.00624,-0.00159,-0.00056,0.00163,-8e-05,-0.00014,-0.00017,0.00167,-0.00161,0.00026,0.0022,0.00016,-0.0001,0.0002,-0.0104,-0.00805,0.00072,-0.00411,8e-05,-0.00011,-0.00013,0.06208,0.00504,-0.0063,0.06792,-0.01338,-0.0017,-0.00738
21.64,0.02157,0.01421,-0.00506,-0.00074,-0.00063,-0.00013,0.00651,-0.00163,-0.00054,0.00176,-8e-05,-0.00014,-0.00018,0.00167,-0.00163,0.00024,0.00221,0.00016,-0.0001,0.0002,-0.01076,-0.00774,0.00076,-0.00412,8e-05,-0.00011,-0.00013,0.06187,0.00325,-0.00615,0.06831,-0.01327,-0.00163,-0.00761
21.66,0.02256,0.01396,-0.00518,-0.0007,-0.00066,-0.00014,0.00676,-0.00167,-0.0005,0.00187,-8e-05,-0.00015,-0.00019,0.00168,-0.00166,0.00022,0.00223,0.00017,-0.0001,0.0002,-0.01116,-0.00743,0.0008,-0.00415,8e-05,-0.00011,-0.00013,0.0617,0.00157,-0.00597,0.06864,-0.01317,-0.00158,-0.00779
21.68,0.02356,0.01375,-0.00527,-0.00066,-0.00069,-0.00014,0.007,-0.00172,-0.00046,0.00198,-8e-05,-0.00016,-0.0002,0.00167,-0.00169,0.00021,0.00225,0.00017,-0.0001,0.00021,-0.01158,-0.00711,0.00084,-0.00419,8e-05,-0.00011,-0.00012,0.06155,-0.00013,-0.00571,0.06901,-0.01306,-0.00154,-0.00794
21.7,0.02449,0.0136,-0.00529,-0.00061,-0.0007,-0.00014,0.00718,-0.00176,-0.00042,0.00207,-8e-05,-0.00016,-0.00021,0.00166,-0.00171,0.00019,0.00227,0.00017,-0.0001,0.00021,-0.01198,-0.00683,0.00088,-0.00423,8e-05,-0.00011,-0.00012,0.0614,-0.00167,-0.00548,0.06928,-0.01298,-0.00152,-0.00805
21.72,0.02529,0.01351,-0.00524,-0.00055,-0.00068,-0.00014,0.00729,-0.00175,-0.00042,0.00213,-8e-05,-0.00017,-0.00021,0.00166,-0.00172,0.00018,0.00228,0.00017,-0.0001,0.00021,-0.01232,-0.00658,0.00087,-0.00431,8e-05,-0.00011,-0.00012,0.06122,-0.00286,-0.0054,0.06937,-0.01294,-0.00151,-0.00811
21.74,0.02597,0.01346,-0.00511,-0.00049,-0.00066,-0.00014,0.00736,-0.00171,-0.00042,0.00218,-9e-05,-0.00018,-0.0002,0.00166,-0.00173,0.00017,0.0023,0.00017,-0.0001,0.00021,-0.01259,-0.00635,0.00084,-0.00439,7e-05,-0.00011,-0.00012,0.06103,-0.00393,-0.00537,0.06939,-0.01293,-0.00151,-0.00814
21.76,0.02657,0.01344,-0.00493,-0.00044,-0.00063,-0.00013,0.0074,-0.00166,-0.00042,0.00222,-9e-05,-0.00018,-0.00019,0.00164,-0.00173,0.00016,0.00232,0.00017,-9e-05,0.00022,-0.01283,-0.0061,0.0008,-0.00445,7e-05,-0.00011,-0.00012,0.06084,-0.00505,-0.00528,0.06945,-0.01291,-0.00151,-0.00816
21.78,0.02708,0.01341,-0.00469,-0.00039,-0.0006,-0.00013,0.00739,-0.00162,-0.00042,0.00224,-9e-05,-0.00019,-0.00019,0.0016,-0.00173,0.00014,0.00233,0.00017,-9e-05,0.00022,-0.01301,-0.00583,0.00076,-0.00451,7e-05,-0.0001,-0.00012,0.0606,-0.00625,-0.00516,0.06951,-0.01289,-0.00153,-0.00817
21.8,0.02745,0.01346,-0.00442,-0.00034,-0.00056,-0.00012,0.00736,-0.00156,-0.00042,0.00225,-9e-05,-0.00019,-0.00018,0.00155,-0.00173,0.00013,0.00234,0.00017,-9e-05,0.00022,-0.01315,-0.00559,0.00072,-0.00456,6e-05,-0.0001,-0.00012,0.0604,-0.00729,-0.00506,0.06956,-0.01287,-0.00154,-0.00818
21.82,0.02764,0.01367,-0.00415,-0.00031,-0.00052,-0.00011,0.00732,-0.00149,-0.00042,0.00223,-9e-05,-0.00018,-0.00017,0.00153,-0.00173,0.00012,0.00235,0.00017,-9e-05,0.00022,-0.01323,-0.00547,0.00069,-0.00459,6e-05,-0.0001,-0.00011,0.06035,-0.00789,-0.00502,0.06961,-0.01287,-0.00155,-0.00817
21.84,0.02772,0.01395,-0.00388,-0.00028,-0.00048,-0.0001,0.00728,-0.00143,-0.00042,0.0022,-9e-05,-0.00018,-0.00017,0.00152,-0.00173,0.00012,0.00235,0.00017,-9e-05,0.00022,-0.01327,-0.00539,0.00068,-0.00461,6e-05,-0.0001,-0.00011,0.06034,-0.00834,-0.005,0.06966,-0.01287,-0.00157,-0.00817
21.86,0.02777,0.01419,-0.00362,-0.00026,-0.00045,-9e-05,0.00722,-0.00138,-0.00042,0.00216,-9e-05,-0.00018,-0.00017,0.00148,-0.00172,0.00012,0.00236,0.00017,-9e-05,0.00022,-0.01329,-0.0053,0.00066,-0.00463,6e-05,-0.0001,-0.00011,0.06029,-0.00888,-0.00497,0.0697,-0.01287,-0.00158,-0.00816
21.88,0.02779,0.01444,-0.00338,-0.00024,-0.00041,-8e-05,0.00715,-0.00136,-0.00043,0.00212,-9e-05,-0.00018,-0.00016,0.00145,-0.00169,0.00011,0.00235,0.00017,-9e-05,0.00022,-0.01329,-0.00522,0.00064,-0.00465,6e-05,-0.0001,-0.00011,0.06022,-0.00944,-0.00496,0.06974,-0.01288,-0.00159,-0.00815
21.9,0.02776,0.01467,-0.00317,-0.00023,-0.00038,-8e-05,0.00707,-0.00135,-0.00043,0.00208,-9e-05,-0.00017,-0.00016,0.00141,-0.00167,0.00011,0.00235,0.00016,-8e-05,0.00022,-0.01326,-0.00516,0.00063,-0.00466,6e-05,-0.0001,-0.00011,0.06018,-0.00997,-0.00492,0.06977,-0.01288,-0.00161,-0.00815
21.92,0.02768,0.01483,-0.00299,-0.00023,-0.00035,-7e-05,0.007,-0.00134,-0.00043,0.00205,-9e-05,-0.00017,-0.00016,0.00137,-0.00165,0.00011,0.00234,0.00016,-8e-05,0.00022,-0.01323,-0.00512,0.00062,-0.00465,6e-05,-9e-05,-0.00011,0.06024,-0.01041,-0.00481,0.06981,-0.01286,-0.00162,-0.00817
21.94,0.02758,0.01495,-0.00284,-0.00024,-0.00033,-6e-05,0.00693,-0.00134,-0.00044,0.00201,-9e-05,-0.00017,-0.00015,0.00135,-0.00162,0.00011,0.00233,0.00016,-8e-05,0.00022,-0.0132,-0.00509,0.00061,-0.00465,6e-05,-9e-05,-0.00011,0.06035,-0.01081,-0.00467,0.06985,-0.01283,-0.00163,-0.00818
21.96,0.0275,0.01505,-0.00273,-0.00025,-0.00031,-6e-05,0.00687,-0.00135,-0.00044,0.00198,-9e-05,-0.00017,-0.00015,0.00132,-0.00159,0.00011,0.00232,0.00016,-8e-05,0.00022,-0.01315,-0.00508,0.00061,-0.00464,6e-05,-9e-05,-0.00011,0.06043,-0.01122,-0.00456,0.06989,-0.0128,-0.00164,-0.0082
21.98,0.02741,0.01513,-0.00265,-0.00025,-0.00029,-6e-05,0.0068,-0.00136,-0.00045,0.00195,-8e-05,-0.00016,-0.00015,0.00131,-0.00156,0.00011,0.00231,0.00016,-8e-05,0.00022,-0.01311,-0.00507,0.00061,-0.00463,6e-05,-9e-05,-0.00011,0.06053,-0.01167,-0.00443,0.06992,-0.01278,-0.00165,-0.00822
22,0.02734,0.01519,-0.0026,-0.00026,-0.00028,-5e-05,0.00674,-0.00137,-0.00046,0.00192,-8e-05,-0.00016,-0.00015,0.00131,-0.00152,0.00012,0.00229,0.00016,-8e-05,0.00022,-0.01307,-0.00508,0.00061,-0.00462,6e-05,-9e-05,-0.00011,0.06062,-0.01201,-0.00434,0.06996,-0.01275,-0.00166,-0.00823
22.02,0.02726,0.01521,-0.00258,-0.00027,-0.00027,-5e-05,0.00668,-0.00138,-0.00047,0.0019,-8e-05,-0.00016,-0.00015,0.0013,-0.00148,0.00013,0.00228,0.00016,-8e-05,0.00021,-0.01302,-0.00512,0.00061,-0.00461,6e-05,-9e-05,-0.00011,0.06062,-0.0121,-0.00434,0.07007,-0.01274,-0.00166,-0.00824
22.04,0.0272,0.01522,-0.00259,-0.00028,-0.00026,-5e-05,0.00662,-0.00139,-0.00048,0.00188,-8e-05,-0.00016,-0.00015,0.00131,-0.00144,0.00015,0.00227,0.00015,-8e-05,0.00021,-0.01297,-0.00518,0.00062,-0.0046,6e-05,-9e-05,-0.00011,0.06061,-0.01208,-0.00437,0.07019,-0.01274,-0.00165,-0.00823
22.06,0.02715,0.01523,-0.00262,-0.00028,-0.00026,-5e-05,0.00658,-0.0014,-0.00049,0.00186,-8e-05,-0.00016,-0.00015,0.00133,-0.00141,0.00016,0.00225,0.00015,-8e-05,0.00021,-0.01293,-0.00524,0.00063,-0.00459,6e-05,-0.0001,-0.00011,0.06063,-0.01208,-0.00439,0.0703,-0.01273,-0.00165,-0.00823
22.08,0.02712,0.01521,-0.00267,-0.00029,-0.00026,-5e-05,0.00653,-0.00141,-0.00051,0.00185,-8e-05,-0.00016,-0.00015,0.00137,-0.00138,0.00018,0.00225,0.00015,-8e-05,0.00021,-0.01292,-0.00531,0.00064,-0.00458,6e-05,-0.0001,-0.00011,0.06061,-0.0121,-0.00441,0.07043,-0.01271,-0.00164,-0.00822
22.1,0.02708,0.01522,-0.00273,-0.00029,-0.00026,-5e-05,0.00649,-0.00141,-0.00052,0.00184,-8e-05,-0.00016,-0.00016,0.00141,-0.00136,0.00021,0.00224,0.00015,-8e-05,0.00021,-0.01289,-0.00538,0.00065,-0.00457,6e-05,-0.0001,-0.00011,0.06065,-0.012,-0.00444,0.07054,-0.01271,-0.00163,-0.00822
22.12,0.02697,0.01529,-0.0028,-0.00029,-0.00026,-5e-05,0.00644,-0.00141,-0.00054,0.00182,-8e-05,-0.00016,-0.00016,0.00144,-0.00133,0.00023,0.00224,0.00015,-8e-05,0.00021,-0.01283,-0.0055,0.00066,-0.00457,6e-05,-0.0001,-0.00011,0.06084,-0.01165,-0.00449,0.07057,-0.01271,-0.00163,-0.00821
22.14,0.02685,0.01538,-0.00287,-0.00028,-0.00026,-6e-05,0.00639,-0.00141,-0.00056,0.00181,-9e-05,-0.00016,-0.00016,0.00148,-0.00131,0.00025,0.00224,0.00015,-8e-05,0.00021,-0.01275,-0.00563,0.00068,-0.00456,6e-05,-0.0001,-0.00011,0.06107,-0.01118,-0.00455,0.07057,-0.01272,-0.00162,-0.0082
22.16,0.02674,0.01545,-0.00295,-0.00027,-0.00027,-6e-05,0.00634,-0.0014,-0.00058,0.0018,-9e-05,-0.00016,-0.00016,0.00153,-0.00129,0.00028,0.00224,0.00015,-8e-05,0.00021,-0.01268,-0.00574,0.0007,-0.00456,6e-05,-0.0001,-0.00012,0.06129,-0.01074,-0.0046,0.0706,-0.01273,-0.00162,-0.0082
22.18,0.02665,0.01554,-0.00303,-0.00026,-0.00027,-6e-05,0.00628,-0.00138,-0.0006,0.00178,-9e-05,-0.00015,-0.00016,0.00158,-0.00129,0.0003,0.00224,0.00015,-9e-05,0.00021,-0.01261,-0.00584,0.00072,-0.00456,6e-05,-0.0001,-0.00012,0.06151,-0.01031,-0.00465,0.07061,-0.01273,-0.00161,-0.00819
22.2,0.02656,0.01562,-0.00311,-0.00025,-0.00027,-6e-05,0.00622,-0.00137,-0.00062,0.00177,-9e-05,-0.00015,-0.00016,0.00163,-0.00128,0.00032,0.00225,0.00015,-9e-05,0.00021,-0.01252,-0.00594,0.00075,-0.00455,6e-05,-0.0001,-0.00012,0.06172,-0.00979,-0.00471,0.07065,-0.01274,-0.00161,-0.00818
22.22,0.02648,0.01565,-0.00319,-0.00024,-0.00027,-6e-05,0.00615,-0.00136,-0.00066,0.00177,-9e-05,-0.00015,-0.00017,0.00168,-0.00127,0.00035,0.00226,0.00015,-9e-05,0.00021,-0.01242,-0.00605,0.00078,-0.00453,6e-05,-0.0001,-0.00012,0.06187,-0.00907,-0.00482,0.07078,-0.01274,-0.00159,-0.00815
22.24,0.02641,0.01567,-0.00327,-0.00023,-0.00026,-6e-05,0.00607,-0.00135,-0.00071,0.00177,-9e-05,-0.00015,-0.00017,0.00172,-0.00125,0.00038,0.00227,0.00015,-0.0001,0.00021,-0.01231,-0.00616,0.00081,-0.00452,6e-05,-0.0001,-0.00012,0.062,-0.00825,-0.00494,0.07095,-0.01274,-0.00157,-0.00813
22.26,0.02635,0.0157,-0.00334,-0.00022,-0.00025,-5e-05,0.00599,-0.00134,-0.00075,0.00176,-9e-05,-0.00014,-0.00017,0.00176,-0.00124,0.0004,0.00228,0.00015,-0.0001,0.00021,-0.0122,-0.00625,0.00085,-0.0045,6e-05,-0.0001,-0.00011,0.06215,-0.00746,-0.00505,0.07109,-0.01274,-0.00154,-0.0081
22.28,0.0263,0.01574,-0.0034,-0.0002,-0.00025,-5e-05,0.00591,-0.00133,-0.00079,0.00176,-9e-05,-0.00014,-0.00017,0.00179,-0.00124,0.00042,0.00228,0.00015,-0.0001,0.00021,-0.01208,-0.00634,0.00088,-0.00448,7e-05,-0.0001,-0.00011,0.06228,-0.00668,-0.00516,0.07126,-0.01274,-0.00152,-0.00808
22.3,0.02625,0.01578,-0.00345,-0.00019,-0.00024,-5e-05,0.00581,-0.00132,-0.00083,0.00175,-9e-05,-0.00014,-0.00017,0.00182,-0.00123,0.00044,0.00229,0.00015,-0.0001,0.00021,-0.01196,-0.00642,0.00091,-0.00446,7e-05,-0.0001,-0.00011,0.06244,-0.00586,-0.00528,0.07139,-0.01274,-0.0015,-0.00805
22.32,0.02616,0.01581,-0.0035,-0.00017,-0.00022,-5e-05,0.0057,-0.00132,-0.0009,0.00174,-9e-05,-0.00013,-0.00017,0.00185,-0.00122,0.00047,0.0023,0.00014,-0.0001,0.00021,-0.01185,-0.00651,0.00096,-0.00443,7e-05,-0.00011,-0.00011,0.0627,-0.00496,-0.00546,0.07146,-0.01276,-0.00148,-0.00802
22.34,0.02604,0.01583,-0.00354,-0.00015,-0.00019,-4e-05,0.00557,-0.00133,-0.00097,0.00174,-9e-05,-0.00013,-0.00017,0.00188,-0.0012,0.00049,0.00231,0.00014,-0.00011,0.00021,-0.01173,-0.00662,0.001,-0.0044,7e-05,-0.00011,-0.00011,0.06301,-0.00404,-0.00565,0.07148,-0.01279,-0.00146,-0.00799
22.36,0.02593,0.01587,-0.00356,-0.00013,-0.00017,-4e-05,0.00546,-0.00133,-0.00103,0.00173,-9e-05,-0.00013,-0.00017,0.00189,-0.00118,0.00051,0.00231,0.00014,-0.00011,0.00021,-0.01162,-0.00672,0.00104,-0.00437,7e-05,-0.00011,-0.00011,0.0633,-0.00313,-0.00583,0.07152,-0.01281,-0.00143,-0.00795
22.38,0.02583,0.01592,-0.00355,-0.00011,-0.00014,-4e-05,0.00535,-0.00133,-0.0011,0.00172,-8e-05,-0.00013,-0.00017,0.0019,-0.00117,0.00052,0.00232,0.00014,-0.00011,0.00021,-0.01152,-0.00684,0.00108,-0.00434,7e-05,-0.00011,-0.00011,0.06357,-0.00223,-0.00601,0.07155,-0.01283,-0.00141,-0.00792
22.4,0.02568,0.01597,-0.00353,-9e-05,-0.00011,-3e-05,0.00524,-0.00133,-0.00116,0.00171,-8e-05,-0.00013,-0.00016,0.0019,-0.00114,0.00053,0.00232,0.00014,-0.00011,0.00022,-0.01142,-0.00697,0.00111,-0.00431,7e-05,-0.00011,-0.00011,0.0639,-0.00136,-0.00619,0.07156,-0.01286,-0.00139,-0.00789
22.42,0.02543,0.01597,-0.00349,-7e-05,-7e-05,-3e-05,0.00511,-0.00133,-0.00122,0.0017,-8e-05,-0.00013,-0.00016,0.00191,-0.00112,0.00054,0.00232,0.00014,-0.00011,0.00022,-0.01132,-0.00708,0.00112,-0.0043,7e-05,-0.00011,-0.00011,0.06434,-0.00054,-0.00634,0.07149,-0.01289,-0.00137,-0.00787
22.44,0.02514,0.01596,-0.00342,-5e-05,-2e-05,-2e-05,0.00498,-0.00132,-0.00128,0.00169,-8e-05,-0.00013,-0.00016,0.00192,-0.00108,0.00055,0.00232,0.00014,-0.00011,0.00022,-0.01122,-0.0072,0.00112,-0.0043,7e-05,-0.00011,-0.00011,0.06482,0.00025,-0.00647,0.07139,-0.01292,-0.00136,-0.00785
22.46,0.02483,0.01594,-0.00333,-3e-05,2e-05,-1e-05,0.00485,-0.00129,-0.00132,0.00167,-8e-05,-0.00013,-0.00016,0.00192,-0.00104,0.00056,0.00232,0.00013,-0.00011,0.00022,-0.01113,-0.00733,0.00113,-0.00429,7e-05,-0.00011,-0.00011,0.06529,0.00103,-0.00661,0.07131,-0.01294,-0.00134,-0.00783
22.48,0.02451,0.01591,-0.00321,-2e-05,7e-05,-1e-05,0.00472,-0.00126,-0.00136,0.00166,-8e-05,-0.00013,-0.00015,0.00192,-0.001,0.00057,0.00231,0.00013,-0.00011,0.00022,-0.01104,-0.00747,0.00113,-0.00428,7e-05,-0.00011,-0.00011,0.06575,0.00181,-0.00675,0.07122,-0.01297,-0.00133,-0.0078
22.5,0.02414,0.01585,-0.00307,-0,0.00012,-0,0.00459,-0.00121,-0.00139,0.00163,-8e-05,-0.00013,-0.00015,0.00191,-0.00095,0.00057,0.0023,0.00013,-0.00011,0.00022,-0.01096,-0.00761,0.00113,-0.00428,7e-05,-0.00011,-0.00012,0.06625,0.00256,-0.00687,0.07113,-0.013,-0.00132,-0.00777
22.52,0.02367,0.01574,-0.00292,1e-05,0.00017,0,0.00445,-0.00117,-0.0014,0.00162,-7e-05,-0.00013,-0.00014,0.0019,-0.00089,0.00057,0.00229,0.00013,-0.00011,0.00021,-0.0109,-0.00775,0.00112,-0.00427,7e-05,-0.00011,-0.00012,0.06685,0.00323,-0.00692,0.07103,-0.01302,-0.00132,-0.00775
22.54,0.02314,0.01561,-0.00275,1e-05,0.00021,1e-05,0.0043,-0.00111,-0.00139,0.0016,-7e-05,-0.00013,-0.00014,0.00189,-0.00082,0.00057,0.00227,0.00012,-0.0001,0.00021,-0.01085,-0.00789,0.00112,-0.00426,7e-05,-0.00011,-0.00012,0.06748,0.00385,-0.00693,0.07092,-0.01303,-0.00133,-0.00772
22.56,0.0226,0.01545,-0.00256,2e-05,0.00026,1e-05,0.00415,-0.00105,-0.00138,0.00158,-7e-05,-0.00013,-0.00014,0.00187,-0.00075,0.00056,0.00226,0.00012,-0.0001,0.00021,-0.01079,-0.00804,0.00111,-0.00426,7e-05,-0.00011,-0.00012,0.06809,0.00447,-0.00694,0.07082,-0.01305,-0.00134,-0.00769
22.58,0.02205,0.0153,-0.00236,2e-05,0.00031,2e-05,0.004,-0.00098,-0.00135,0.00157,-7e-05,-0.00013,-0.00013,0.00186,-0.00067,0.00056,0.00223,0.00012,-0.0001,0.00021,-0.01074,-0.00819,0.00111,-0.00425,7e-05,-0.00011,-0.00012,0.06868,0.00506,-0.00693,0.07072,-0.01306,-0.00136,-0.00764
22.6,0.02143,0.0151,-0.00216,2e-05,0.00035,2e-05,0.00384,-0.00092,-0.00131,0.00155,-7e-05,-0.00013,-0.00013,0.00184,-0.0006,0.00056,0.00221,0.00011,-9e-05,0.0002,-0.0107,-0.00833,0.0011,-0.00425,7e-05,-0.00011,-0.00012,0.06927,0.00566,-0.0069,0.07061,-0.01308,-0.00139,-0.00757
22.62,0.02067,0.01483,-0.00197,2e-05,0.0004,3e-05,0.00368,-0.00087,-0.00127,0.00155,-7e-05,-0.00012,-0.00013,0.00182,-0.00052,0.00055,0.00219,0.00011,-9e-05,0.0002,-0.01069,-0.00846,0.00109,-0.00424,7e-05,-0.00011,-0.00012,0.06992,0.0063,-0.00688,0.07051,-0.0131,-0.00143,-0.00749
22.64,0.01985,0.01454,-0.00177,2e-05,0.00044,4e-05,0.00352,-0.00083,-0.00122,0.00155,-7e-05,-0.00012,-0.00013,0.00179,-0.00044,0.00053,0.00217,0.00011,-8e-05,0.0002,-0.0107,-0.00859,0.00108,-0.00423,7e-05,-0.00011,-0.00012,0.07058,0.00695,-0.00685,0.07041,-0.01312,-0.00148,-0.00739
22.66,0.01902,0.01425,-0.00158,2e-05,0.00047,4e-05,0.00335,-0.00079,-0.00117,0.00155,-7e-05,-0.00011,-0.00013,0.00176,-0.00037,0.00052,0.00215,0.0001,-7e-05,0.0002,-0.0107,-0.0087,0.00108,-0.00423,7e-05,-0.00011,-0.00013,0.07122,0.00761,-0.00679,0.07031,-0.01314,-0.00154,-0.00727
22.68,0.01814,0.01396,-0.00138,1e-05,0.00051,5e-05,0.00318,-0.00075,-0.00112,0.00156,-7e-05,-0.00011,-0.00013,0.00174,-0.00031,0.00051,0.00214,0.0001,-6e-05,0.0002,-0.01072,-0.0088,0.00107,-0.00423,7e-05,-0.00011,-0.00013,0.0719,0.00823,-0.00669,0.07022,-0.01316,-0.0016,-0.00714
22.7,0.01725,0.01367,-0.00118,1e-05,0.00054,5e-05,0.00302,-0.00072,-0.00106,0.00157,-7e-05,-0.0001,-0.00013,0.00172,-0.00024,0.0005,0.00213,0.0001,-5e-05,0.0002,-0.01073,-0.0089,0.00107,-0.00422,7e-05,-0.00011,-0.00013,0.0725,0.00893,-0.0066,0.0701,-0.01318,-0.00168,-0.00698
22.72,0.01638,0.01338,-0.00098,-1e-05,0.00056,6e-05,0.00289,-0.00071,-0.00101,0.00161,-7e-05,-0.0001,-0.00013,0.0017,-0.00017,0.0005,0.00212,9e-05,-5e-05,0.0002,-0.01069,-0.00902,0.00109,-0.00422,7e-05,-0.00011,-0.00013,0.07288,0.00982,-0.00655,0.06988,-0.01323,-0.00176,-0.00679
22.74,0.0155,0.01309,-0.00079,-2e-05,0.00058,6e-05,0.00276,-0.0007,-0.00096,0.00165,-8e-05,-9e-05,-0.00014,0.00169,-0.0001,0.0005,0.00211,9e-05,-4e-05,0.0002,-0.01063,-0.00913,0.00112,-0.00421,7e-05,-0.00011,-0.00013,0.07317,0.01079,-0.00652,0.0696,-0.01328,-0.00184,-0.00657
22.76,0.01459,0.01282,-0.00058,-4e-05,0.00059,7e-05,0.00264,-0.0007,-0.00092,0.0017,-8e-05,-8e-05,-0.00015,0.00168,-4e-05,0.00051,0.00211,9e-05,-4e-05,0.0002,-0.01057,-0.00923,0.00114,-0.00421,7e-05,-0.00011,-0.00013,0.07351,0.01175,-0.00644,0.06934,-0.01332,-0.00193,-0.00634
22.78,0.01366,0.01255,-0.00036,-6e-05,0.00061,7e-05,0.00253,-0.00069,-0.00088,0.00176,-8e-05,-8e-05,-0.00016,0.00168,2e-05,0.00052,0.00211,9e-05,-4e-05,0.0002,-0.01052,-0.00933,0.00117,-0.0042,7e-05,-0.00011,-0.00013,0.07387,0.01273,-0.00635,0.06909,-0.01337,-0.00203,-0.00609
22.8,0.01272,0.01232,-0.00013,-7e-05,0.00062,8e-05,0.00244,-0.00069,-0.00084,0.00183,-8e-05,-7e-05,-0.00017,0.00168,9e-05,0.00054,0.00211,9e-05,-4e-05,0.0002,-0.01045,-0.00942,0.00121,-0.00419,7e-05,-0.00011,-0.00013,0.07419,0.01373,-0.00623,0.06879,-0.01342,-0.00214,-0.00582
22.82,0.0118,0.01212,0.0001,-9e-05,0.00063,9e-05,0.00238,-0.0007,-0.00083,0.00193,-9e-05,-7e-05,-0.00018,0.00166,0.00016,0.00056,0.00212,8e-05,-4e-05,0.00021,-0.01034,-0.00953,0.00125,-0.00418,7e-05,-0.00011,-0.00013,0.07442,0.01476,-0.00603,0.0684,-0.01346,-0.00226,-0.00555
22.84,0.01089,0.01196,0.00034,-0.0001,0.00064,9e-05,0.00234,-0.00072,-0.00082,0.00203,-9e-05,-7e-05,-0.0002,0.00165,0.00022,0.00057,0.00213,8e-05,-5e-05,0.00021,-0.01021,-0.00965,0.0013,-0.00415,7e-05,-0.00011,-0.00012,0.07461,0.0158,-0.0058,0.06797,-0.01351,-0.00239,-0.00527
22.86,0.00997,0.01184,0.00058,-0.00011,0.00065,0.0001,0.00231,-0.00074,-0.00081,0.00213,-9e-05,-6e-05,-0.00021,0.00164,0.00029,0.0006,0.00215,8e-05,-5e-05,0.00021,-0.01006,-0.00977,0.00135,-0.00413,8e-05,-0.00012,-0.00012,0.07482,0.01683,-0.00556,0.06756,-0.01355,-0.00252,-0.00498
22.88,0.00903,0.01176,0.00081,-0.00011,0.00066,0.0001,0.00227,-0.00077,-0.00081,0.00222,-9e-05,-6e-05,-0.00023,0.00164,0.00036,0.00062,0.00216,8e-05,-5e-05,0.00022,-0.0099,-0.00989,0.0014,-0.0041,8e-05,-0.00012,-0.00012,0.07509,0.01783,-0.00529,0.06715,-0.01359,-0.00266,-0.00469
22.9,0.00816,0.01175,0.00101,-0.00012,0.00067,0.00011,0.00223,-0.00082,-0.00082,0.00231,-9e-05,-6e-05,-0.00024,0.00164,0.00042,0.00065,0.00217,8e-05,-5e-05,0.00022,-0.00971,-0.01,0.00144,-0.00407,8e-05,-0.00012,-0.00012,0.07525,0.01887,-0.00504,0.06675,-0.01363,-0.0028,-0.00439
22.92,0.00746,0.01184,0.00116,-0.00012,0.00068,0.00011,0.00222,-0.00087,-0.00084,0.00239,-9e-05,-6e-05,-0.00025,0.00163,0.00046,0.00066,0.00219,7e-05,-5e-05,0.00022,-0.00944,-0.01011,0.00147,-0.00404,8e-05,-0.00012,-0.00012,0.07511,0.02007,-0.00485,0.06632,-0.01368,-0.00292,-0.00408
22.94,0.00688,0.01198,0.00125,-0.00011,0.0007,0.00012,0.00219,-0.00094,-0.00086,0.00244,-9e-05,-6e-05,-0.00026,0.00161,0.0005,0.00066,0.00221,7e-05,-5e-05,0.00023,-0.00914,-0.01019,0.00149,-0.00402,8e-05,-0.00012,-0.00012,0.07487,0.02133,-0.00468,0.06588,-0.01372,-0.00305,-0.00377
22.96,0.00637,0.01215,0.00125,-0.0001,0.00071,0.00012,0.00211,-0.00103,-0.00088,0.00246,-9e-05,-6e-05,-0.00027,0.00159,0.00054,0.00067,0.00222,7e-05,-4e-05,0.00023,-0.00884,-0.01027,0.00151,-0.00399,8e-05,-0.00012,-0.00012,0.07468,0.02256,-0.00452,0.06546,-0.01376,-0.00316,-0.00348
22.98,0.00596,0.01233,0.00115,-9e-05,0.00073,0.00012,0.00197,-0.00115,-0.0009,0.00244,-9e-05,-5e-05,-0.00027,0.00157,0.00059,0.00067,0.00222,7e-05,-4e-05,0.00023,-0.00855,-0.01034,0.00152,-0.00396,8e-05,-0.00012,-0.00012,0.07446,0.0238,-0.00438,0.06502,-0.0138,-0.00327,-0.00321
23,0.00557,0.0125,0.00104,-7e-05,0.00074,0.00012,0.00183,-0.00125,-0.00092,0.00241,-9e-05,-5e-05,-0.00027,0.00154,0.00064,0.00068,0.00223,6e-05,-4e-05,0.00023,-0.00825,-0.01041,0.00154,-0.00394,8e-05,-0.00012,-0.00012,0.07424,0.02504,-0.00427,0.06459,-0.01384,-0.00336,-0.00297
