T,J7,J8,J9,J10,J11,J12,J13,J14,J15,J16,J17,J18,J19,J20,J21,J22,J23,J24,J25,J26,J27,J28,J29,J30,J31,J32,J33,J34,J35,J36,J37,J38,J39,J40
0,0.11839,0.00587,0.0056,0.0117,0.00336,-0,0.02102,-0.38485,-0.04467,0.00065,0.0102,-0.00058,-0.00479,0.00797,0.13081,0.00353,0.00163,-4e-05,0.00029,0.00287,0.06858,0.60124,-0.4362,-0.01816,0.04802,0.02397,-0.01269,0.13775,-0.70373,0.49885,-0.03655,-0.05102,0.05583,0.03457
0.02,0.12223,0.0056,0.00573,0.01182,0.00338,-0,0.02204,-0.40083,-0.04633,0.00074,0.01288,-0.00082,-0.00487,0.00766,0.13198,0.00354,0.00175,-5e-05,0.00035,0.00289,0.0702,0.61112,-0.44317,-0.01926,0.04895,0.0241,-0.01298,0.14006,-0.71711,0.50855,-0.03739,-0.05226,0.0568,0.03522
0.04,0.12507,0.00514,0.00581,0.0118,0.00336,-0,0.02362,-0.41518,-0.04828,0.00078,0.01517,-0.00112,-0.00486,0.00661,0.13038,0.00336,0.00181,-7e-05,0.00046,0.00282,0.07043,0.61126,-0.44356,-0.02046,0.04915,0.0239,-0.01311,0.13979,-0.72182,0.51264,-0.03801,-0.05323,0.05735,0.03549
0.06,0.12707,0.00454,0.00586,0.01168,0.0033,-0,0.0262,-0.4287,-0.05067,0.00074,0.01701,-0.00151,-0.00473,0.00458,0.12583,0.00291,0.00178,-0.0001,0.00062,0.00266,0.06902,0.60165,-0.43759,-0.02183,0.04863,0.02339,-0.01309,0.13666,-0.71907,0.51234,-0.03855,-0.05419,0.05771,0.03545
0.08,0.12831,0.0038,0.0059,0.01148,0.00323,-0,0.03036,-0.44184,-0.05357,0.00058,0.01832,-0.00197,-0.00447,0.00131,0.11814,0.00211,0.00161,-0.00015,0.00083,0.0024,0.06565,0.58209,-0.42539,-0.02344,0.04739,0.02261,-0.01291,0.1303,-0.71003,0.50885,-0.03913,-0.0554,0.05811,0.03519
0.1,0.12877,0.00298,0.00593,0.01125,0.00314,-0,0.03674,-0.45455,-0.05684,0.00024,0.01904,-0.00249,-0.00406,-0.00346,0.10713,0.00089,0.00126,-0.00021,0.00112,0.00205,0.05995,0.5523,-0.40707,-0.02529,0.04543,0.02157,-0.01258,0.12024,-0.69579,0.50333,-0.03989,-0.05714,0.05877,0.03478
0.12,0.1283,0.00211,0.00594,0.01101,0.00305,-0,0.04602,-0.4662,-0.06047,-0.00031,0.01918,-0.00305,-0.00348,-0.00998,0.09271,-0.00083,0.00066,-0.00028,0.00148,0.0016,0.05151,0.51209,-0.38282,-0.02736,0.04273,0.0203,-0.01209,0.10597,-0.67754,0.497,-0.04092,-0.05965,0.05991,0.03429
0.14,0.12667,0.00123,0.00591,0.01079,0.00296,-0,0.05894,-0.47536,-0.06387,-0.00114,0.01867,-0.00359,-0.00272,-0.01838,0.07499,-0.00311,-0.00024,-0.00037,0.00192,0.00106,0.03996,0.46172,-0.35319,-0.02954,0.03932,0.01884,-0.01144,0.08712,-0.65657,0.49111,-0.04231,-0.06318,0.06172,0.0338
0.16,0.12353,0.0004,0.00582,0.01064,0.00287,-0,0.0761,-0.47978,-0.06647,-0.0023,0.01751,-0.00404,-0.00177,-0.02869,0.05441,-0.00598,-0.00151,-0.00047,0.00242,0.00047,0.02506,0.40222,-0.31918,-0.03164,0.03529,0.01723,-0.01065,0.0635,-0.63455,0.48707,-0.04409,-0.06791,0.06437,0.0334
0.18,0.11843,-0.00035,0.00564,0.01058,0.00279,-0,0.09775,-0.47633,-0.06927,-0.00383,0.01603,-0.0043,-0.00064,-0.04065,0.03191,-0.00941,-0.00318,-0.00058,0.00295,-0.00014,0.00677,0.33591,-0.28251,-0.03337,0.03079,0.01549,-0.00974,0.03528,-0.61382,0.48663,-0.04623,-0.07392,0.06793,0.03318
0.2,0.11092,-0.00095,0.00538,0.01067,0.00271,-0,0.12428,-0.46073,-0.06788,-0.00575,0.01387,-0.00426,0.00062,-0.05372,0.00905,-0.01329,-0.00527,-0.00069,0.00347,-0.00071,-0.01458,0.2669,-0.24624,-0.03428,0.0261,0.01375,-0.00874,0.00329,-0.59681,0.49119,-0.0487,-0.08118,0.07247,0.03322
0.22,0.10057,-0.00133,0.00505,0.01094,0.00264,-0,0.15551,-0.42901,-0.05592,-0.00798,0.01094,-0.00382,0.00193,-0.06689,-0.01221,-0.01739,-0.00777,-0.00078,0.00394,-0.00115,-0.03845,0.19987,-0.2137,-0.03395,0.02155,0.01211,-0.00772,-0.03151,-0.5857,0.50171,-0.05148,-0.08947,0.07793,0.03362
0.24,0.08708,-0.0015,0.00465,0.0114,0.00258,-0,0.19045,-0.37922,-0.04077,-0.01046,0.00814,-0.00289,0.00321,-0.07861,-0.02991,-0.02134,-0.0106,-0.00085,0.0043,-0.0014,-0.06414,0.13846,-0.18691,-0.03212,0.01745,0.01059,-0.00674,-0.06805,-0.58177,0.51892,-0.05457,-0.09855,0.0841,0.03438
0.26,0.07047,-0.00148,0.00417,0.01205,0.00251,-0,0.22662,-0.31226,-0.02823,-0.01303,0.00587,-0.0015,0.00439,-0.08666,-0.04228,-0.02459,-0.01359,-0.00089,0.00452,-0.00149,-0.09082,0.08495,-0.16703,-0.02878,0.01405,0.0092,-0.00586,-0.10489,-0.58394,0.54182,-0.05815,-0.108,0.09058,0.03542
0.28,0.05116,-0.0013,0.00363,0.01285,0.00244,-0,0.25706,-0.23264,-0.01506,-0.01536,0.00398,0.00016,0.00537,-0.08804,-0.0477,-0.02639,-0.01649,-0.0009,0.00461,-0.00141,-0.11734,0.04041,-0.15442,-0.02422,0.01151,0.008,-0.00513,-0.14018,-0.58817,0.56682,-0.06257,-0.11714,0.09685,0.03658
0.3,0.0302,-0.00098,0.003,0.01375,0.00237,-0,0.28567,-0.14721,-0.00855,-0.01718,0.00255,0.00177,0.00616,-0.07889,-0.0446,-0.02573,-0.01889,-0.00088,0.0046,-0.00124,-0.14209,0.0051,-0.14851,-0.01901,0.01,0.00705,-0.00458,-0.17187,-0.58832,0.58909,-0.06826,-0.12509,0.10206,0.03755
0.32,0.00884,-0.00058,0.00224,0.01468,0.00231,-0,0.32288,-0.06495,-0.01283,-0.01813,0.00157,0.0029,0.0069,-0.05452,-0.03169,-0.02136,-0.02022,-0.00085,0.00454,-0.00106,-0.16322,-0.02114,-0.14828,-0.01384,0.00963,0.00639,-0.00428,-0.19805,-0.57769,0.60333,-0.07562,-0.13092,0.10524,0.03802
0.34,-0.01179,-0.00019,0.00133,0.01556,0.00224,-0,0.34933,0.00649,-0.01786,-0.0173,0.00082,0.00328,0.00733,-0.00963,-0.00829,-0.01179,-0.01972,-0.0008,0.00449,-0.00088,-0.17914,-0.03854,-0.15276,-0.00926,0.01052,0.00608,-0.00424,-0.2163,-0.55121,0.60457,-0.08497,-0.13383,0.10587,0.03777
0.36,-0.03052,0.00017,0.00031,0.01628,0.00218,-0,0.34775,0.0659,-0.01988,-0.01355,0.00026,0.00293,0.00725,0.06147,0.02526,0.00465,-0.01646,-0.00074,0.00449,-0.00075,-0.18878,-0.04719,-0.16129,-0.0055,0.01275,0.00614,-0.00448,-0.22497,-0.5072,0.59053,-0.09633,-0.13348,0.10382,0.03672
0.38,-0.04622,0.00047,-0.00085,0.0168,0.0021,-0,0.3298,0.11698,-0.02243,-0.00575,-0.00011,0.00205,0.00675,0.16439,0.06731,0.02968,-0.00931,-0.00067,0.00458,-0.0007,-0.19153,-0.04683,-0.17346,-0.00252,0.01634,0.00659,-0.00497,-0.22396,-0.44802,0.56257,-0.10932,-0.13008,0.0993,0.03494
0.4,-0.05765,0.00072,-0.00203,0.01704,0.00203,-0,0.28231,0.16807,-0.02072,0.00755,-0.00029,0.0011,0.00573,0.30376,0.11473,0.06492,0.00296,-0.00062,0.00476,-0.00073,-0.18727,-0.037,-0.18915,2e-05,0.02127,0.00741,-0.00568,-0.21365,-0.3796,0.52394,-0.12328,-0.12416,0.09306,0.03266
0.42,-0.06356,0.0009,-0.00295,0.01695,0.00195,-0,0.20688,0.23108,-0.01103,0.02725,-0.00026,0.00054,0.00423,0.48238,0.16331,0.11161,0.02167,-0.00058,0.00504,-0.00081,-0.17614,-0.01744,-0.20823,0.00258,0.02744,0.00856,-0.00652,-0.19488,-0.30982,0.47941,-0.13742,-0.11651,0.08608,0.03019
0.44,-0.06311,0.00105,-0.0036,0.01652,0.00186,-0,0.14653,0.31327,-0.00077,0.05396,-0.0001,0.00071,0.00264,0.69903,0.20849,0.17019,0.04799,-0.00056,0.0054,-0.00093,-0.15798,0.01098,-0.22978,0.00567,0.03468,0.01,-0.00743,-0.16855,-0.2458,0.43453,-0.15075,-0.1079,0.07905,0.02778
0.46,-0.05609,0.00122,-0.00401,0.01575,0.00177,-0,0.11497,0.41653,0.00739,0.0885,0.00013,0.0018,0.00117,0.94694,0.24576,0.23985,0.08284,-0.00058,0.00582,-0.00107,-0.13275,0.04558,-0.25205,0.00971,0.04271,0.01161,-0.0083,-0.13527,-0.19154,0.3928,-0.16248,-0.09884,0.07241,0.02554
0.48,-0.04297,0.00144,-0.00403,0.01469,0.00166,-0,0.10254,0.54024,0.01049,0.13024,0.00035,0.00374,-0.00013,1.21502,0.27047,0.31798,0.12653,-0.00063,0.00623,-0.00119,-0.10084,0.08141,-0.27234,0.01504,0.0511,0.01327,-0.00902,-0.09548,-0.14779,0.35534,-0.17225,-0.08949,0.06646,0.02354
0.5,-0.02496,0.00168,-0.00367,0.0134,0.00153,-0,0.10453,0.67513,0.01257,0.1795,0.00053,0.00608,-0.00117,1.4688,0.27769,0.39925,0.17842,-0.00072,0.00651,-0.00129,-0.06273,0.11143,-0.28641,0.02182,0.05923,0.01471,-0.00948,-0.04947,-0.11305,0.32223,-0.17953,-0.07988,0.06123,0.02174
0.52,-0.0037,0.0019,-0.0029,0.012,0.0014,-0,0.1172,0.80455,0.03364,0.23839,0.00072,0.00806,-0.00197,1.64594,0.26227,0.47498,0.2365,-0.00085,0.00652,-0.00132,-0.01955,0.12807,-0.28956,0.03027,0.06645,0.01564,-0.00958,0.00175,-0.08448,0.2928,-0.18363,-0.06994,0.05662,0.02006
0.54,0.01912,0.00195,-0.0013,0.01067,0.00128,-0,0.12823,0.91388,0.06547,0.30201,0.00085,0.00921,-0.00232,1.69928,0.21943,0.53313,0.29699,-0.00098,0.00625,-0.00119,0.02697,0.12572,-0.27924,0.04072,0.07222,0.01588,-0.00924,0.05656,-0.05908,0.26608,-0.18388,-0.05951,0.05247,0.01842
0.56,0.04204,0.00171,0.00166,0.00965,0.00121,-0,0.1246,0.98896,0.08782,0.36101,0.00082,0.00947,-0.00183,1.56836,0.14521,0.55762,0.35386,-0.00102,0.0057,-0.00077,0.07499,0.10238,-0.25493,0.05381,0.07632,0.01538,-0.00846,0.1132,-0.03456,0.2414,-0.17921,-0.04847,0.0486,0.01675
0.58,0.06374,0.00101,0.00655,0.00917,0.00123,-0,0.09803,1.01283,0.10381,0.40668,0.00064,0.00891,-3e-05,1.15324,0.03682,0.52756,0.3983,-0.00081,0.00489,9e-05,0.12206,0.06011,-0.21808,0.07039,0.07887,0.01413,-0.00732,0.16928,-0.00977,0.21869,-0.16805,-0.03686,0.04481,0.01504
0.6,0.0827,-0.00039,0.01387,0.00948,0.00145,-0,0.03634,0.9728,0.10106,0.4226,0.00029,0.00805,0.00361,0.38388,-0.10684,0.41852,0.4186,-0.00011,0.00389,0.00161,0.16435,0.00475,-0.17287,0.09122,0.08021,0.01234,-0.00597,0.21986,0.01521,0.19852,-0.14822,-0.0249,0.04099,0.01332
0.62,0.09735,-0.00272,0.0232,0.01079,0.00198,-0,-0.06652,0.85996,0.07505,0.38882,-0.00017,0.0075,0.0092,-0.85017,-0.28497,0.20279,0.39991,0.00142,0.00276,0.00401,0.19744,-0.05565,-0.12456,0.11685,0.08083,0.0103,-0.00461,0.25846,0.03931,0.18193,-0.11738,-0.0129,0.03708,0.01168
0.64,0.10683,-0.00604,0.03307,0.01336,0.00292,-0,-0.20791,0.66205,0.04732,0.28842,-0.00061,0.00744,0.01654,-2.67899,-0.49387,-0.1504,0.32325,0.00421,0.00142,0.00776,0.21915,-0.11301,-0.07747,0.148,0.08124,0.00821,-0.00339,0.28277,0.06091,0.17007,-0.07357,-0.00102,0.03308,0.01019
0.66,0.11077,-0.01054,0.0413,0.01743,0.0044,-0,-0.38888,0.37181,0.02759,0.10244,-0.00097,0.00779,0.02528,-5.10331,-0.72547,-0.66912,0.16612,0.00871,-5e-05,0.01384,0.22976,-0.16046,-0.03469,0.1852,0.08182,0.00627,-0.00242,0.2936,0.07818,0.1638,-0.01488,0.01076,0.02906,0.00894
0.68,0.10932,-0.01695,0.04472,0.0233,0.00651,-0,-0.59677,-0.00554,0.01711,-0.1877,-0.00118,0.00841,0.03379,-8.21666,-0.96641,-1.37674,-0.09769,0.01541,-0.00126,0.024,0.23106,-0.19231,0.00201,0.22823,0.08285,0.00464,-0.00173,0.29227,0.08891,0.16358,0.06017,0.02262,0.02523,0.00799
0.7,0.10363,-0.02723,0.04071,0.03109,0.00928,-1e-05,-0.83642,-0.45575,0.01811,-0.5895,-0.00109,0.00925,0.04089,-10.44577,-1.19991,-2.26386,-0.49936,0.02505,-0.00068,0.04218,0.22535,-0.20362,0.03188,0.2755,0.0845,0.00342,-0.0013,0.2797,0.09059,0.16941,0.15191,0.03484,0.02191,0.0074
0.72,0.09763,-0.04529,0.03539,0.04087,0.01261,-1e-05,-1.25296,-0.93946,0.03055,-1.09621,-0.00061,0.0103,0.04723,-9.93472,-1.4122,-3.35375,-1.082,0.03726,0.00308,0.07235,0.21678,-0.18975,0.05478,0.32399,0.08685,0.00266,-0.00111,0.25862,0.08117,0.18003,0.25911,0.04796,0.01937,0.00718
0.74,0.09655,-0.07718,0.02312,0.05328,0.0164,-1e-05,-1.83618,-1.43295,0.04993,-1.65869,0.00073,0.0119,0.0486,-8.77732,-1.53827,-4.54026,-1.88663,0.05265,0.0145,0.11946,0.21338,-0.14613,0.07097,0.37011,0.08989,0.00235,-0.00109,0.23681,0.06036,0.19209,0.3797,0.06307,0.01756,0.00721
0.76,0.10835,-0.13285,0.00271,0.06965,0.02056,-1e-05,-2.50804,-1.95931,0.06989,-2.17269,0.00345,0.0146,0.04016,-7.39815,-1.49151,-5.6908,-2.95247,0.07099,0.03887,0.18608,0.22494,-0.06834,0.08092,0.40901,0.09358,0.00244,-0.0012,0.2231,0.03061,0.19903,0.51075,0.08193,0.016,0.00719
0.78,0.12742,-0.21552,-0.02107,0.0924,0.02499,-2e-05,-4.10061,-2.38207,0.0788,-2.61825,0.00617,0.01643,0.02649,-8.73318,-1.14383,-7.39382,-4.35694,0.08321,0.06055,0.26692,0.26237,0.0474,0.08496,0.4336,0.09783,0.00283,-0.00138,0.22581,-0.00236,0.19065,0.64775,0.1068,0.01366,0.00664
0.8,0.19675,-0.33503,-0.03966,0.11847,0.02889,-2e-05,-4.00152,-3.41706,0.06052,-2.75507,0.01082,0.02304,0.00739,-5.07374,-0.29555,-7.56168,-5.93295,0.10484,0.12978,0.36423,0.33498,0.20342,0.08332,0.43285,0.10247,0.00338,-0.00157,0.25046,-0.03012,0.15415,0.77901,0.14034,0.00913,0.00492
0.82,0.48363,-0.43275,-0.02211,0.1407,0.03095,-2e-05,-0.39301,-6.40046,0.0041,-1.84495,0.0213,0.04585,-0.02547,1.54618,1.00358,-3.30605,-6.28398,0.14863,0.3313,0.39051,0.44914,0.39893,0.07648,0.39245,0.10722,0.00389,-0.00171,0.30008,-0.04457,0.07727,0.88683,0.185,0.00109,0.00145
0.84,0.93883,-0.23007,-0.01792,0.16208,0.03143,-2e-05,2.88798,-9.81166,-0.00164,-0.23659,0.02807,0.06846,-0.05087,2.64067,1.37284,0.06438,-4.49722,0.13776,0.43294,0.27036,0.61308,0.62852,0.06586,0.29658,0.11167,0.00412,-0.00175,0.3788,-0.04271,-0.04672,0.96056,0.24144,-0.01095,-0.00393
0.86,1.28335,0.2244,-0.07616,0.18801,0.03104,-2e-05,6.13165,-12.55592,0.18573,1.41896,0.02525,0.07268,-0.05665,2.53004,0.41097,0.46192,-3.366,0.09233,0.34362,0.22264,0.83724,0.88041,0.05419,0.12416,0.11532,0.00383,-0.0016,0.49184,-0.02987,-0.21463,0.98996,0.30785,-0.02621,-0.01086
0.88,1.11473,0.60096,-0.10676,0.21797,0.02946,-2e-05,6.76692,-11.71989,0.35993,2.40733,0.01346,0.04454,-0.04,3.28353,-0.54259,-0.55852,-5.15747,0.0676,0.17039,0.34272,1.13488,1.13489,0.04574,-0.15257,0.11748,0.00277,-0.00122,0.64888,-0.02055,-0.41076,0.95645,0.38001,-0.04229,-0.01829
0.9,0.67189,0.40447,-0.02785,0.24369,0.02758,-2e-05,5.03407,-9.0638,0.2833,2.51558,0.00089,0.00197,-0.01667,9.72515,1.77126,-0.5198,-9.52265,0.0895,0.12505,0.49927,1.48272,1.35821,0.04629,-0.56684,0.11753,0.00074,-0.00055,0.82249,-0.03665,-0.60808,0.83621,0.44999,-0.05555,-0.02472
0.92,0.44808,0.0861,0.06628,0.25532,0.0265,-2e-05,1.9942,-10.55854,0.83864,1.0836,-0.00225,-0.02243,-0.00113,11.44816,2.12812,-0.77822,-10.66082,0.0947,0.10009,0.44456,1.81933,1.50585,0.06246,-1.15639,0.11483,-0.00234,0.00042,0.94651,-0.10102,-0.77453,0.59783,0.50777,-0.06203,-0.02856
0.94,0.20268,-0.11381,0.10245,0.25738,0.0256,-2e-05,-0.06379,-13.02276,1.4169,-1.24198,0.01206,-0.02482,-0.00368,9.5185,-0.24601,-1.57485,-9.80782,0.09541,0.04949,0.32223,2.16297,1.54098,0.10051,-1.97726,0.10847,-0.00638,0.00163,1.03545,-0.22804,-0.88208,0.19735,0.54707,-0.0579,-0.0286
0.96,0.4472,-0.22636,0.05536,0.25532,0.02428,-2e-05,-0.18312,-14.29467,1.78689,-2.96882,0.04268,-0.02408,-0.01672,5.57032,-4.27909,-2.08765,-6.88961,0.09951,0.01447,0.17893,2.57693,1.42934,0.16514,-3.11089,0.09776,-0.01102,0.00296,1.14795,-0.416,-0.91414,-0.42528,0.56501,-0.0416,-0.02455
0.98,1.57605,-0.21526,-0.07527,0.24757,0.02258,-2e-05,0.76327,-15.56841,2.32124,-3.54941,0.07931,-0.03729,-0.0271,0.66478,-10.0413,-2.41299,-1.80406,0.0858,-0.01872,0.05882,3.0913,1.13289,0.25778,-4.64975,0.08248,-0.01569,0.00424,1.30538,-0.64505,-0.8694,-1.34889,0.5596,-0.01489,-0.01727
1,3.02571,-0.20335,-0.2036,0.2291,0.02083,-2e-05,1.71205,-16.53792,2.46527,-3.0168,0.11841,-0.05254,-0.02837,-0.28026,-15.32114,-2.77566,2.37245,0.08979,-0.05269,0.00597,3.65388,0.61959,0.37953,-6.68709,0.06272,-0.01972,0.00525,1.44472,-0.8793,-0.77013,-2.65088,0.53414,0.01749,-0.00844
1.02,4.28038,-0.20113,-0.29739,0.19792,0.0192,-3e-05,2.12644,-17.11906,1.81992,-2.18545,0.17451,-0.03753,-0.02488,1.23296,-19.09515,-3.05201,4.81081,0.1488,-0.08208,-0.00597,4.14671,-0.1399,0.53099,-9.28918,0.03931,-0.02248,0.0058,1.44729,-1.08038,-0.64451,-4.36762,0.49453,0.04848,-0.00019
1.04,5.11677,-0.17995,-0.34422,0.16143,0.017,-3e-05,1.89417,-17.44213,0.99342,-1.19715,0.23121,-0.00799,-0.01818,3.2607,-21.32416,-3.19133,5.92983,0.24321,-0.10518,-0.00493,4.63143,-1.16961,0.7092,-12.56379,0.01382,-0.02348,0.00584,1.36323,-1.22606,-0.50882,-6.57615,0.44169,0.071,0.00557
1.06,5.4899,-0.1437,-0.33557,0.12557,0.01391,-4e-05,1.19297,-17.49638,0.24013,-0.07033,0.26525,0.01316,-0.01003,4.7443,-22.1282,-3.2527,6.11593,0.34497,-0.11549,-0.00362,5.22093,-2.48136,0.90632,-16.60589,-0.01157,-0.02253,0.00542,1.28797,-1.32098,-0.37511,-9.38762,0.37756,0.07928,0.0077
1.08,5.25315,-0.1021,-0.28178,0.09216,0.01022,-4e-05,0.33144,-17.16117,-0.46722,0.94836,0.2811,0.0278,-0.00362,5.15113,-21.66261,-3.25218,5.66282,0.45353,-0.10666,-0.00406,5.88418,-4.05687,1.10093,-21.28112,-0.03447,-0.01989,0.00461,1.19463,-1.39869,-0.24928,-12.78009,0.30781,0.069,0.00569
1.1,4.17379,-0.05898,-0.20061,0.05918,0.00635,-5e-05,-0.37314,-16.49675,-1.11824,1.68898,0.27946,0.03152,-0.00035,4.52598,-20.29658,-3.19547,4.82801,0.54914,-0.08417,-0.00326,6.55454,-5.90234,1.32277,-26.9188,-0.05219,-0.01557,0.00355,0.93748,-1.5078,-0.12938,-16.89793,0.23531,0.03735,-0.00047
1.12,2.11539,-0.02022,-0.11306,0.02693,0.00285,-5e-05,-0.74308,-15.61691,-1.70004,2.08372,0.26305,0.02268,0.00044,3.2348,-18.47967,-3.09258,3.8017,0.60508,-0.05869,0.00268,7.11075,-8.05014,1.62206,-34.21691,-0.06161,-0.0098,0.00236,0.28011,-1.70226,0.00023,-22.03959,0.16287,-0.01667,-0.01045
1.14,-0.59859,0.00713,-0.03842,0.00115,0.00043,-4e-05,-0.87114,-14.44926,-2.19772,2.27257,0.2397,0.01007,0.00043,1.82718,-16.60953,-2.97967,2.83141,0.61908,-0.03551,0.01478,7.46354,-10.42563,1.94042,-42.78692,-0.06233,-0.00368,0.00112,-0.84739,-2.0425,0.16069,-28.09881,0.09496,-0.09195,-0.02371
1.16,-3.55746,0.02139,0.01183,-0.01638,-0.00011,-3e-05,-0.86651,-12.94092,-2.60095,2.38416,0.21202,-0.00067,0.00037,0.72515,-14.88647,-2.88096,2.07375,0.59228,-0.01695,0.03034,7.56254,-12.90706,2.19767,-51.90142,-0.05637,0.0019,-0.00012,-2.45519,-2.57348,0.36751,-34.73626,0.03361,-0.18525,-0.03935
1.18,-6.5802,0.02349,0.03587,-0.02786,0.00173,-0,-0.79159,-11.13753,-2.86401,2.42968,0.1802,-0.01013,0.00014,0.03518,-13.33071,-2.78347,1.53695,0.52355,-0.0038,0.0455,7.26421,-15.29531,2.34798,-61.26901,-0.04571,0.00651,-0.00134,-4.64638,-3.31149,0.62495,-41.46745,-0.02146,-0.29002,-0.05588
1.2,-9.78575,0.01244,0.04058,-0.03701,0.00608,2e-05,-0.6784,-9.24258,-3.01072,2.41606,0.14277,-0.01296,-0.00056,-0.27932,-11.99003,-2.70199,1.19858,0.41607,0.00512,0.05701,6.24977,-17.71308,2.45223,-71.44696,-0.03119,0.00937,-0.00257,-7.86954,-4.27099,0.95537,-49.00677,-0.07091,-0.3968,-0.07239
1.22,-13.35857,-0.01277,0.03747,-0.04912,0.01248,6e-05,-0.54178,-7.44878,-3.09199,2.35285,0.1012,-0.00382,-0.00182,-0.34156,-10.86701,-2.65177,1.01634,0.28065,0.01611,0.06327,4.26316,-20.36191,2.57091,-83.38352,-0.01295,0.00838,-0.00399,-12.7122,-5.44646,1.40712,-58.85507,-0.11309,-0.49524,-0.08894
1.24,-16.93285,-0.04091,0.03546,-0.07078,0.01921,8e-05,-0.4122,-5.73278,-3.05726,2.27112,0.05785,0.00721,-0.00347,-0.28046,-9.80611,-2.6008,0.95561,0.1329,0.03232,0.061,1.20097,-22.60311,2.54324,-95.9006,0.00548,0.00309,-0.00554,-18.8814,-6.7922,1.95259,-69.77361,-0.14864,-0.57564,-0.10345
1.26,-20.14963,-0.05937,0.03776,-0.11077,0.02424,9e-05,-0.29968,-4.10628,-2.87475,2.20409,0.01631,0.01348,-0.00516,-0.18374,-8.68265,-2.51729,0.98721,-0.01052,0.05119,0.04916,-2.82499,-23.90615,2.25161,-107.58372,0.02071,-0.005,-0.00701,-25.90471,-8.24507,2.50518,-80.11371,-0.18128,-0.63213,-0.11374
1.28,-23.00556,-0.06422,0.04336,-0.1795,0.0261,9e-05,-0.1927,-2.6574,-2.56155,2.15866,-0.02047,0.01822,-0.0067,-0.09954,-7.46171,-2.38185,1.07716,-0.13915,0.07167,0.03067,-7.17409,-24.29032,1.72309,-118.40718,0.03242,-0.01536,-0.00826,-33.73767,-9.68083,2.97522,-90.06352,-0.21018,-0.66337,-0.11989
1.3,-25.42572,-0.05492,0.0494,-0.28541,0.02358,8e-05,-0.09828,-1.49039,-2.19795,2.11739,-0.04768,0.01385,-0.00673,-0.03723,-6.26173,-2.20826,1.18688,-0.23476,0.09238,0.00723,-12.97173,-23.64414,0.99724,-128.13646,0.04066,-0.02612,-0.00888,-42.27676,-10.97878,3.25906,-99.80479,-0.23941,-0.6734,-0.12292
1.32,-27.38323,-0.03576,0.05318,-0.4335,0.01644,5e-05,-0.02996,-0.62164,-1.87612,2.06562,-0.04835,0.00386,-0.0039,0.00407,-5.21199,-2.02677,1.29028,-0.25082,0.11125,-0.01445,-21.43739,-21.93893,0.1419,-136.57578,0.04615,-0.03498,-0.00845,-51.45016,-11.88948,3.19548,-109.53953,-0.27771,-0.66763,-0.12405
1.34,-28.94386,-0.01416,0.05258,-0.62662,0.00652,2e-05,0.02354,0.01281,-1.55359,2.00722,-0.03243,-9e-05,-0.00046,0.02718,-4.22182,-1.81326,1.40998,-0.19293,0.12694,-0.0279,-29.91337,-19.49904,-0.76077,-143.11373,0.04949,-0.04051,-0.0072,-60.91588,-12.14524,2.61837,-118.8967,-0.31638,-0.64784,-0.12387
1.36,-30.22631,0.00316,0.04651,-0.86495,-0.00378,-0,0.07305,0.43915,-1.19368,1.94324,-0.01842,-0.0004,0.00165,0.04138,-3.23796,-1.54231,1.5636,-0.10447,0.13823,-0.03351,-36.19252,-16.62454,-1.62767,-147.15277,0.05122,-0.04138,-0.00549,-70.10986,-11.75078,1.55714,-127.39987,-0.34536,-0.61684,-0.12304
1.38,-31.40965,0.0134,0.03558,-1.14499,-0.01289,-3e-05,0.11765,0.68216,-0.8257,1.87065,-0.00583,-0.00029,0.00213,0.05687,-2.32212,-1.22575,1.73727,-0.00438,0.14284,-0.03237,-40.25234,-13.47557,-2.37456,-148.94189,0.05218,-0.03758,-0.00354,-78.92364,-10.71953,0.21884,-135.28153,-0.36777,-0.57694,-0.12184
1.4,-32.19124,0.01589,0.01498,-1.44987,-0.01882,-4e-05,0.14974,0.79419,-0.49891,1.75515,-0.0019,-0.00087,-0.0001,0.08104,-1.54835,-0.92354,1.93197,0.09763,0.14235,-0.02579,-41.93585,-10.50212,-2.95732,-147.61842,0.05186,-0.03029,-0.00189,-86.26247,-9.45049,-1.04329,-142.39682,-0.36741,-0.52975,-0.1201
1.42,-32.26646,0.00599,-0.02064,-1.75414,-0.02094,-5e-05,0.1643,0.83818,-0.26189,1.58141,-0.00013,-0.00157,-0.0028,0.11864,-0.9574,-0.6841,2.14365,0.1988,0.13857,-0.0151,-41.47763,-8.06328,-3.43027,-142.51601,0.0496,-0.02196,-0.00093,-90.55151,-8.45704,-2.17961,-148.26265,-0.33476,-0.47932,-0.11814
1.44,-31.95451,-0.01328,-0.06221,-2.04353,-0.02166,-5e-05,0.17326,0.83365,-0.08889,1.40899,0.00781,-0.00107,-0.00413,0.17469,-0.51669,-0.48,2.33625,0.26535,0.12798,-0.00432,-39.34007,-6.01229,-3.79131,-135.25374,0.04604,-0.01416,-0.0004,-92.35129,-7.56943,-3.21497,-152.72087,-0.29238,-0.42641,-0.11484
1.46,-31.47284,-0.03335,-0.0988,-2.30696,-0.02261,-5e-05,0.18694,0.78315,0.04803,1.27196,0.01368,0.00047,-0.00486,0.25187,-0.20363,-0.29788,2.47931,0.2795,0.10999,0.00348,-36.01219,-4.25914,-3.99324,-127.38904,0.04142,-0.0077,-0.00012,-92.00419,-6.60627,-3.95771,-155.67043,-0.25074,-0.37084,-0.10883
1.48,-30.76508,-0.05465,-0.12639,-2.53006,-0.02347,-4e-05,0.20724,0.70635,0.14605,1.15909,0.01308,0.00219,-0.00461,0.34872,-0.01195,-0.15235,2.55732,0.26545,0.08715,0.00886,-32.22741,-2.8564,-4.0722,-119.77544,0.03531,-0.00306,-2e-05,-88.75633,-5.66893,-4.48615,-156.81754,-0.20535,-0.3154,-0.1
1.5,-29.49016,-0.07478,-0.13936,-2.68398,-0.02486,-4e-05,0.22668,0.62003,0.18495,1.07551,0.00403,0.0031,-0.00429,0.43502,0.07892,-0.05789,2.55126,0.21531,0.06542,0.01031,-28.89065,-1.8136,-4.12202,-112.75728,0.02676,-8e-05,0,-82.61115,-4.7919,-4.79452,-154.74303,-0.1601,-0.26286,-0.08826
1.52,-27.39311,-0.09109,-0.13428,-2.74079,-0.02831,-4e-05,0.23446,0.53877,0.16483,1.01983,-0.00701,0.00242,-0.00461,0.47711,0.10903,-0.01256,2.44676,0.13639,0.05026,0.00861,-26.63775,-1.06339,-4.29014,-106.45362,0.01508,0.00151,-0,-74.17656,-3.99339,-4.81808,-148.47293,-0.11864,-0.21485,-0.07419
1.54,-24.86764,-0.10307,-0.11472,-2.70839,-0.03279,-3e-05,0.23334,0.4592,0.12751,0.96635,-0.0115,-0.00013,-0.00433,0.48547,0.10462,0.00709,2.241,0.073,0.03889,0.00757,-25.22997,-0.47491,-4.55887,-101.3771,0.0002,0.00211,0,-64.0723,-3.27427,-4.68077,-139.32186,-0.08081,-0.17148,-0.05946
1.56,-22.2122,-0.1071,-0.08581,-2.60087,-0.03674,-3e-05,0.22668,0.37391,0.09274,0.8955,-0.01038,-0.00456,-0.0031,0.47187,0.07797,0.014,1.9365,0.03739,0.02906,0.00849,-24.00585,0.01897,-4.81235,-97.21746,-0.0185,0.00201,1e-05,-53.22241,-2.62396,-4.44515,-128.77667,-0.04869,-0.13185,-0.04541
1.58,-19.39848,-0.10068,-0.05163,-2.42375,-0.04028,-3e-05,0.21139,0.28395,0.05902,0.79792,-0.00489,-0.01075,-0.00118,0.43416,0.04718,0.01143,1.54077,0.01774,0.02176,0.00971,-22.46204,0.42393,-5.01244,-92.98982,-0.04138,0.0014,0,-42.55968,-2.05483,-4.12941,-117.59718,-0.02439,-0.09562,-0.03291
1.6,-16.32865,-0.07976,-0.01596,-2.17926,-0.04304,-2e-05,0.18316,0.18291,0.02755,0.66792,0.00183,-0.0179,0.00154,0.35596,0.02137,0.00334,1.0695,0.00873,0.01642,0.01297,-20.39289,0.73376,-5.15661,-87.79345,-0.06726,0.00043,-7e-05,-32.96571,-1.58401,-3.73278,-105.62621,-0.0089,-0.06359,-0.02255
1.62,-12.99886,-0.04736,0.0168,-1.87721,-0.04451,-2e-05,0.14194,0.06689,-0.00162,0.50226,0.00634,-0.02418,0.0051,0.24073,0.0047,-0.0063,0.54255,0.00621,0.01245,0.0241,-17.81283,0.9532,-5.27491,-81.17462,-0.09308,-0.00069,-0.00017,-24.86281,-1.2135,-3.26964,-92.83796,-0.00057,-0.03698,-0.0148
1.64,-9.66983,-0.01458,0.04354,-1.54776,-0.04487,-2e-05,0.09693,-0.06363,-0.02908,0.29661,0.00898,-0.0288,0.00953,0.12902,-0.00088,-0.01486,-0.02371,0.00675,0.00989,0.04161,-14.62185,1.07336,-5.28803,-73.62884,-0.11678,-0.00171,-0.00029,-17.89415,-0.91734,-2.8211,-80.41694,0.00336,-0.01673,-0.00994
1.66,-6.52293,0.01222,0.06362,-1.21312,-0.0443,-1e-05,0.05442,-0.20988,-0.05509,0.05253,0.01033,-0.03201,0.01495,0.03941,0.002,-0.02189,-0.61504,0.00941,0.00847,0.06101,-10.81876,1.08592,-5.12111,-65.63252,-0.13756,-0.0025,-0.00044,-11.7761,-0.67346,-2.42707,-68.97938,0.00401,-0.0033,-0.00783
1.68,-3.61053,0.02971,0.07672,-0.88207,-0.0427,-1e-05,0.016,-0.37304,-0.0795,-0.22099,0.01053,-0.03374,0.02077,-0.02766,0.00781,-0.02694,-1.21947,0.01371,0.00789,0.08247,-6.57341,1.0093,-4.82545,-57.31839,-0.15379,-0.003,-0.0006,-6.42967,-0.47351,-2.07424,-58.38893,0.0023,0.00354,-0.00802
1.7,-1.00909,0.03722,0.08306,-0.56217,-0.04098,-1e-05,-0.01648,-0.53725,-0.09984,-0.5092,0.00958,-0.03322,0.02728,-0.06976,0.0155,-0.03036,-1.81001,0.02052,0.00755,0.10506,-2.06168,0.88405,-4.35999,-48.97637,-0.16431,-0.00309,-0.00072,-1.74878,-0.32724,-1.78651,-48.53962,-0.00061,0.00465,-0.00989
1.72,1.17026,0.03697,0.08368,-0.26313,-0.03991,-1e-05,-0.04008,-0.66441,-0.11234,-0.79379,0.00758,-0.02948,0.03587,-0.08541,0.03184,-0.03322,-2.34099,0.03109,0.00684,0.12754,2.47908,0.75273,-3.71002,-40.9923,-0.1684,-0.00266,-0.00074,2.3498,-0.23381,-1.57811,-39.49712,-0.00342,0.00126,-0.01277
1.74,2.85518,0.03015,0.07956,0.00524,-0.03884,-1e-05,-0.05337,-0.74788,-0.11796,-1.06083,0.00543,-0.02431,0.04514,-0.07489,0.05171,-0.03511,-2.80011,0.04151,0.00595,0.14816,6.84112,0.61897,-3.03387,-33.74898,-0.16606,-0.0018,-0.00066,5.94723,-0.16997,-1.40872,-31.59192,-0.00573,-0.0055,-0.01611
1.76,4.07188,0.01891,0.07167,0.24023,-0.03742,-1e-05,-0.05794,-0.79922,-0.11921,-1.30255,0.00374,-0.01977,0.05292,-0.04205,0.06615,-0.03555,-3.19458,0.04771,0.00504,0.16484,10.88345,0.48217,-2.4256,-27.46054,-0.15809,-0.00064,-0.0005,9.09835,-0.12398,-1.25337,-24.94491,-0.00764,-0.01466,-0.01956
1.78,4.86626,0.00653,0.06128,0.44201,-0.03583,-1e-05,-0.05468,-0.8081,-0.11723,-1.51594,0.00241,-0.01599,0.0589,0.00744,0.07758,-0.03513,-3.51686,0.05011,0.00392,0.17683,14.50993,0.35407,-1.89292,-22.18127,-0.14561,0.00075,-0.00026,11.86551,-0.09409,-1.11279,-19.45599,-0.0087,-0.02548,-0.02294
1.8,5.26814,-0.00423,0.04979,0.60822,-0.03432,-1e-05,-0.04296,-0.78386,-0.11018,-1.6944,0.00144,-0.01332,0.06237,0.07686,0.0831,-0.03299,-3.75125,0.04734,0.00282,0.1826,17.52229,0.24502,-1.45793,-17.99726,-0.13105,0.00227,6e-05,14.24118,-0.07842,-0.98904,-15.09932,-0.00884,-0.03741,-0.02622
1.82,5.2982,-0.01209,0.03831,0.73422,-0.03319,-1e-05,-0.02107,-0.74075,-0.09561,-1.83038,0.00081,-0.01163,0.06284,0.17305,0.07939,-0.02827,-3.87627,0.03929,0.00197,0.18133,19.65246,0.15853,-1.13535,-14.94647,-0.11708,0.00385,0.00042,16.17572,-0.07522,-0.88395,-11.84796,-0.00808,-0.05007,-0.02951
1.84,5.03255,-0.01667,0.02738,0.82118,-0.03221,-2e-05,0.01097,-0.67602,-0.07686,-1.92676,0.00045,-0.01046,0.0596,0.2814,0.07133,-0.02241,-3.89809,0.03021,0.00114,0.17329,20.85554,0.08955,-0.92798,-12.93191,-0.10504,0.00543,0.00081,17.7422,-0.07914,-0.79026,-9.60986,-0.00569,-0.06328,-0.03297
1.86,4.56261,-0.01798,0.01756,0.87432,-0.03124,-2e-05,0.05105,-0.59094,-0.05607,-1.98702,0.00031,-0.0092,0.05229,0.38273,0.06291,-0.01647,-3.8308,0.02244,0.0003,0.15943,21.15592,0.03696,-0.82832,-11.79526,-0.09598,0.00687,0.00119,19.04857,-0.08536,-0.7009,-8.2548,-0.0006,-0.07696,-0.03685
1.88,3.9349,-0.01682,0.00952,0.89593,-0.03058,-2e-05,0.09574,-0.49061,-0.03269,-2.00959,0.00035,-0.00707,0.04158,0.46781,0.05561,-0.01049,-3.67029,0.01589,-0.00045,0.14185,20.51927,0.00169,-0.81458,-11.32071,-0.09078,0.00807,0.00153,20.15817,-0.09344,-0.61426,-7.61611,0.0086,-0.09108,-0.0415
1.9,3.20443,-0.01356,0.00366,0.88555,-0.03028,-2e-05,0.1478,-0.39637,-0.008,-1.98433,0.00065,-0.00448,0.02714,0.54001,0.04789,-0.00444,-3.4458,0.01076,-0.00106,0.12005,18.97917,-0.01727,-0.8612,-11.21953,-0.08965,0.00903,0.00181,21.14347,-0.10055,-0.5235,-7.49677,0.02412,-0.10539,-0.04729
1.92,2.41791,-0.00828,0.00013,0.84139,-0.03036,-3e-05,0.21297,-0.32185,0.01727,-1.89949,0.00132,-0.00113,0.01049,0.60942,0.03923,0.00152,-3.19268,0.00701,-0.0014,0.09525,16.62708,-0.02189,-0.93834,-11.17655,-0.09219,0.00978,0.002,22.03152,-0.10237,-0.42261,-7.68808,0.04888,-0.1193,-0.05465
1.94,1.59929,-0.00103,-0.00127,0.76879,-0.03105,-3e-05,0.27868,-0.25238,0.04263,-1.7622,0.00256,0.00359,-0.00522,0.65894,0.03279,0.0073,-2.90302,0.00427,-0.00147,0.07319,13.68231,-0.01568,-1.00305,-10.88144,-0.097,0.01009,0.00204,22.78608,-0.09689,-0.31227,-7.97303,0.08675,-0.13207,-0.06398
1.96,0.77364,0.00905,-0.00079,0.67553,-0.03242,-3e-05,0.33284,-0.18276,0.06672,-1.58194,0.00456,0.0088,-0.01881,0.67706,0.02946,0.01311,-2.57455,0.00232,-0.0014,0.05638,10.41259,-0.00333,-1.01583,-10.10336,-0.10206,0.00969,0.0019,23.27513,-0.08037,-0.1949,-8.13327,0.14204,-0.14263,-0.07566
1.98,-0.0304,0.02349,0.00137,0.56479,-0.0343,-3e-05,0.37825,-0.12008,0.08709,-1.36245,0.00701,0.01333,-0.02987,0.67698,0.0278,0.01872,-2.22457,0.00099,-0.00122,0.04411,7.09166,0.00977,-0.95338,-8.75243,-0.10525,0.00857,0.00156,23.25829,-0.04685,-0.0761,-7.94582,0.21844,-0.14946,-0.08995
2,-0.73626,0.04284,0.00451,0.44672,-0.03633,-2e-05,0.40615,-0.0699,0.10363,-1.12357,0.01076,0.01665,-0.03728,0.64733,0.02449,0.02382,-1.87343,0.00014,-0.00102,0.03613,4.11054,0.01809,-0.80827,-6.84189,-0.10358,0.00678,0.0011,22.5625,0.0095,0.03017,-7.13525,0.31907,-0.15095,-0.10651
2.02,-1.27504,0.06521,0.00785,0.33177,-0.03808,-2e-05,0.41038,-0.03475,0.11697,-0.8843,0.01741,0.01873,-0.03938,0.58084,0.01844,0.02781,-1.53613,-0.00035,-0.00088,0.03195,1.72686,0.01722,-0.59965,-4.59334,-0.09537,0.00461,0.00061,20.98512,0.08938,0.09878,-5.42598,0.44362,-0.14606,-0.12446
2.04,-1.63393,0.08984,0.01146,0.2208,-0.03914,-2e-05,0.39504,-0.01331,0.12066,-0.64785,0.02494,0.0184,-0.03725,0.49644,0.01248,0.02935,-1.21348,-0.00054,-0.00079,0.03068,-0.00565,0.00601,-0.36651,-2.42388,-0.08231,0.00243,0.00021,18.30603,0.18682,0.0996,-2.60959,0.5847,-0.13488,-0.14233
2.06,-1.79607,0.11657,0.01554,0.11424,-0.03921,-2e-05,0.35806,-0.00423,0.10975,-0.41873,0.03119,0.0151,-0.03267,0.4001,0.00772,0.02742,-0.90484,-0.00047,-0.00072,0.03184,-1.11413,-0.01319,-0.1639,-0.71131,-0.06745,0.00073,1e-05,14.53952,0.29048,0.01113,1.4235,0.72707,-0.11894,-0.15785
2.08,-1.74044,0.14257,0.01982,0.01423,-0.03824,-1e-05,0.29194,-0.00523,0.08683,-0.20411,0.03713,0.00994,-0.02576,0.28421,0.00426,0.02212,-0.61493,-0.00019,-0.00062,0.03546,-1.71572,-0.03543,-0.03671,0.34486,-0.05359,-8e-05,-1e-05,10.07123,0.39063,-0.13496,6.63572,0.8481,-0.10106,-0.16845
2.1,-1.43713,0.16611,0.02446,-0.06697,-0.03623,-1e-05,0.17764,-0.01314,0.05536,-0.00974,0.04138,0.00375,-0.01843,0.13713,0.00259,0.01465,-0.35899,0.00028,-0.00043,0.04154,-1.97282,-0.05448,0.00385,0.77533,-0.04228,0.00012,-2e-05,5.77228,0.4376,-0.41156,12.63572,0.94237,-0.08314,-0.16906
2.12,-0.93167,0.18613,0.02983,-0.11898,-0.03348,-1e-05,0.0188,-0.02441,0.02203,0.16053,0.0424,-0.00165,-0.01149,-0.03425,0.00275,0.00682,-0.14446,0.00091,-6e-05,0.04991,-2.04243,-0.06503,-0.02252,0.84621,-0.0346,0.00135,-0.00035,2.43977,0.34437,-1.02205,18.45769,1.01101,-0.06623,-0.1551
2.14,-0.34321,0.19987,0.03591,-0.15111,-0.03078,-1e-05,-0.16384,-0.03648,-0.00457,0.30451,0.04326,-0.00447,-0.00362,-0.21384,0.00431,0.00046,0.02968,0.00167,0.00051,0.0606,-2.01004,-0.06366,-0.06497,1.00745,-0.031,0.00323,-0.00144,0.62141,0.13367,-1.79898,23.46387,1.02329,-0.0521,-0.12878
2.16,0.24578,0.20551,0.04257,-0.17149,-0.02868,-1e-05,-0.36624,-0.04808,-0.01973,0.42113,0.04593,-0.00482,0.005,-0.39708,0.00652,-0.00288,0.15735,0.00253,0.00123,0.07317,-1.86642,-0.04967,-0.07052,1.74846,-0.03095,0.00538,-0.00366,0.67315,-0.13383,-2.47319,27.47625,0.95975,-0.03965,-0.09444
2.18,0.77083,0.20302,0.04961,-0.18098,-0.0272,-1e-05,-0.58274,-0.05751,-0.02261,0.51213,0.04877,-0.00313,0.01348,-0.57601,0.00858,-0.00239,0.23707,0.00341,0.00196,0.08563,-1.53758,-0.02582,-0.00278,3.47849,-0.03368,0.00767,-0.00719,2.47954,-0.44772,-3.06371,30.12598,0.83297,-0.02434,-0.05633
2.2,1.15648,0.19146,0.05658,-0.17614,-0.02622,-0,-0.79222,-0.06325,-0.01353,0.58046,0.05206,-0.00056,0.02126,-0.73164,0.00975,0.00141,0.27191,0.00424,0.00252,0.09691,-0.9235,0.00145,0.14616,6.3729,-0.0379,0.01016,-0.01194,5.50327,-0.72783,-3.42989,31.23489,0.66371,-0.00143,-0.0206
2.22,1.33042,0.17103,0.06279,-0.15688,-0.02553,-0,-0.96184,-0.06357,0.00602,0.62999,0.05637,0.0013,0.02826,-0.83917,0.00955,0.00663,0.26885,0.00489,0.00271,0.10633,0.05037,0.02452,0.33762,10.14623,-0.04119,0.01306,-0.01753,9.03665,-0.896,-3.42922,30.76753,0.47655,0.03313,0.00817
2.24,1.27029,0.14512,0.06759,-0.13503,-0.02493,-0,-1.08152,-0.05774,0.02746,0.66427,0.05805,0.00195,0.03352,-0.88934,0.00812,0.01105,0.24066,0.00529,0.00247,0.10896,1.32936,0.03496,0.5075,14.22259,-0.04198,0.01635,-0.02326,12.42659,-0.93726,-3.23619,28.99154,0.29296,0.07927,0.02765
2.26,0.99579,0.11728,0.07069,-0.11789,-0.02427,-0,-1.15104,-0.04672,0.04282,0.68564,0.05456,0.00152,0.03588,-0.87786,0.00592,0.01283,0.1991,0.00534,0.0018,0.10064,2.7077,0.02479,0.60175,17.94334,-0.03985,0.01962,-0.02825,15.20461,-0.83607,-2.97998,26.32288,0.13244,0.1315,0.03734
2.28,0.55445,0.09045,0.07228,-0.10506,-0.02348,-0,-1.15834,-0.03195,0.04935,0.69602,0.04667,0.00017,0.03528,-0.7959,0.00348,0.01062,0.15381,0.00501,0.00079,0.08103,3.95264,-0.00766,0.57403,20.4772,-0.03339,0.02241,-0.03162,17.19444,-0.59225,-2.64697,22.98956,0.00954,0.18193,0.03871
2.3,0.0319,0.06634,0.07236,-0.0968,-0.02261,-0,-1.10479,-0.01826,0.04691,0.695,0.03448,-0.0013,0.03129,-0.64774,0.00132,0.0042,0.11382,0.00432,-0.00041,0.04928,4.85294,-0.05519,0.39155,21.55375,-0.02387,0.02424,-0.03275,18.29298,-0.2403,-2.31088,19.62367,-0.07115,0.22301,0.03457
2.32,-0.46898,0.04604,0.07088,-0.09301,-0.0217,-0,-0.99739,-0.00923,0.03862,0.68131,0.01968,-0.00198,0.02404,-0.44368,-0.00019,-0.00539,0.08673,0.00332,-0.00164,0.00785,5.32546,-0.10189,0.03538,21.3951,-0.01395,0.02474,-0.03147,18.48932,0.13033,-2.05239,16.62217,-0.11506,0.25058,0.02806
2.34,-0.85995,0.03082,0.06846,-0.09305,-0.02073,-0,-0.84076,-0.00347,0.02726,0.65552,0.00563,-0.00135,0.01481,-0.19486,-0.00085,-0.01629,0.07715,0.00204,-0.00273,-0.03806,5.45381,-0.1325,-0.3821,20.04637,-0.00349,0.02351,-0.02808,18.00927,0.4318,-1.83191,13.76019,-0.13342,0.26313,0.02129
2.36,-1.08855,0.02052,0.06535,-0.09615,-0.01971,-0,-0.64619,-0.00023,0.0155,0.61843,-0.00571,0.0009,0.00456,0.07981,-0.00081,-0.02637,0.08522,0.00055,-0.0036,-0.08495,5.35312,-0.13929,-0.73639,17.66519,0.00816,0.02047,-0.02312,17.06946,0.63018,-1.6467,10.91735,-0.13687,0.26098,0.01525
2.38,-1.14098,0.01386,0.06093,-0.10086,-0.01867,-0,-0.43094,0.00041,0.00632,0.57078,-0.01357,0.00473,-0.00599,0.35443,-0.0009,-0.03312,0.10624,-0.00102,-0.0042,-0.13014,5.1015,-0.12237,-1.0104,14.56285,0.0214,0.01594,-0.01725,15.79815,0.72039,-1.53905,8.12732,-0.13495,0.24685,0.0101
2.4,-1.02245,0.00971,0.05472,-0.10531,-0.01752,-0,-0.21726,-0.00062,0.00067,0.51341,-0.01713,0.00968,-0.0159,0.60209,-0.0007,-0.03525,0.13193,-0.00258,-0.00456,-0.16715,4.65499,-0.09036,-1.02747,11.61016,0.03088,0.01011,-0.01122,14.08881,0.71811,-1.41977,5.87756,-0.12718,0.22467,0.00709
2.42,-0.76139,0.00709,0.0464,-0.10793,-0.01619,-0,-0.02343,-0.00212,-0.00099,0.44823,-0.01521,0.01491,-0.02363,0.80384,0.00194,-0.03298,0.15298,-0.004,-0.00477,-0.18581,3.94715,-0.05519,-0.75185,9.39978,0.03048,0.00374,-0.00568,11.87869,0.65309,-1.22132,4.35577,-0.11028,0.19847,0.00689
2.44,-0.4147,0.00511,0.03541,-0.10763,-0.01478,-0,0.13971,-0.00315,0.00134,0.37861,-0.00941,0.0195,-0.02867,0.94337,0.00544,-0.02565,0.16143,-0.0052,-0.00475,-0.18757,3.02281,-0.02624,-0.42642,7.45687,0.02564,-0.00214,-0.00098,9.46685,0.55822,-1.02873,3.05526,-0.09041,0.17142,0.00737
2.46,-0.03153,0.00314,0.02167,-0.10415,-0.01331,-0,0.26468,-0.00326,0.00616,0.307,-0.0029,0.0226,-0.03142,1.01169,0.0075,-0.01406,0.15271,-0.00613,-0.00443,-0.17892,1.91048,-0.00822,-0.14592,5.56131,0.02146,-0.00717,0.00268,7.01866,0.45639,-0.87715,1.8406,-0.07074,0.14548,0.00727
2.48,0.35057,0.00091,0.00561,-0.0984,-0.01168,-0,0.34962,-0.00223,0.01154,0.23508,0.00262,0.02357,-0.03194,1.01516,0.00878,-0.00067,0.12619,-0.00677,-0.00379,-0.16053,0.61935,-0.00103,0.09835,3.88539,0.0172,-0.01128,0.00527,4.53035,0.35759,-0.73574,0.8352,-0.04972,0.12152,0.00687
2.5,0.6928,-0.00233,-0.01225,-0.08793,-0.00983,-0,0.39585,-0.00042,0.01638,0.16501,0.00595,0.02221,-0.03064,0.96208,0.00859,0.01177,0.08356,-0.00707,-0.00281,-0.13651,-0.79221,-0.0013,0.2928,2.49563,0.01271,-0.01431,0.00691,2.09443,0.27112,-0.59241,0.0473,-0.02834,0.0996,0.00609
2.52,0.95418,-0.00752,-0.03134,-0.07099,-0.00772,-0,0.40662,0.00244,0.02025,0.09904,0.00669,0.01877,-0.02799,0.86342,0.00659,0.02026,0.02789,-0.00697,-0.00143,-0.11019,-2.2334,-0.00458,0.41262,1.39763,0.00812,-0.01604,0.00778,-0.19453,0.20056,-0.45158,-0.50549,-0.00798,0.07929,0.00491
2.54,1.12131,-0.01385,-0.05055,-0.05212,-0.00537,-0,0.3864,0.00696,0.02163,0.0389,0.00453,0.01352,-0.024,0.73328,0.00424,0.02389,-0.0374,-0.00654,0.00052,-0.08215,-3.6282,-0.00715,0.4613,0.55319,0.00441,-0.01672,0.00803,-2.26563,0.1407,-0.33286,-0.83182,0.01018,0.05993,0.00352
2.56,1.20657,-0.0201,-0.06844,-0.03491,-0.00287,-0,0.34043,0.01288,0.01927,-0.01464,0.00045,0.00724,-0.0187,0.5852,0.00232,0.02261,-0.10971,-0.00587,0.00313,-0.05242,-4.93949,-0.00673,0.46601,-0.05861,0.00204,-0.01676,0.00781,-4.05745,0.0886,-0.24617,-0.97363,0.02489,0.0412,0.002
2.58,1.2209,-0.02607,-0.08356,-0.0202,-0.00036,-0,0.27498,0.02014,0.0133,-0.06128,-0.00281,0.00113,-0.01216,0.43154,0.00077,0.01651,-0.18709,-0.00498,0.00634,-0.02068,-6.1266,-0.00225,0.43329,-0.46072,0.00044,-0.01619,0.00726,-5.53655,0.04425,-0.18922,-0.97279,0.03548,0.02338,0.00047
2.6,1.18116,-0.03117,-0.0946,-0.00816,0.0019,-0,0.19205,0.02835,0.00419,-0.10049,-0.00307,-0.00377,-0.00464,0.27102,-0.00092,0.00759,-0.26598,-0.00388,0.01007,0.01159,-7.15824,0.00653,0.38654,-0.6905,-0.00049,-0.01526,0.00649,-6.69082,0.00746,-0.15977,-0.87398,0.04185,0.00728,-0.00093
2.62,1.10449,-0.03498,-0.10019,-0.00068,0.00361,-0,0.09636,0.0367,-0.00719,-0.13146,0.00286,-0.00592,0.00381,0.11028,-0.00121,-0.00296,-0.3406,-0.00261,0.01432,0.05119,-8.01318,0.01932,0.34997,-0.78666,-0.00081,-0.0142,0.00558,-7.52456,-0.02136,-0.15277,-0.72055,0.04434,-0.00595,-0.00205
2.64,1.00577,-0.03774,-0.09895,-0.00068,0.00455,-0,-0.00325,0.04475,-0.01974,-0.15368,0.01759,-0.00494,0.01315,-0.03534,0.00086,-0.01449,-0.40916,-0.00125,0.01851,0.10261,-8.65605,0.03559,0.31678,-0.79429,-0.00089,-0.01293,0.00463,-8.04518,-0.04175,-0.16012,-0.55089,0.0436,-0.01535,-0.00277
2.66,0.89704,-0.03969,-0.09027,-0.00858,0.00474,-0,-0.10319,0.0522,-0.03223,-0.167,0.04058,-0.00207,0.0229,-0.16624,0.00379,-0.02488,-0.47223,0.00014,0.02189,0.16029,-9.07085,0.05477,0.28181,-0.75183,-0.00091,-0.0114,0.00369,-8.2721,-0.05369,-0.17556,-0.39178,0.04039,-0.02053,-0.00307
2.68,0.78381,-0.04117,-0.07459,-0.02372,0.00425,-0,-0.20128,0.05902,-0.04447,-0.17124,0.06719,0.00204,0.03193,-0.28614,0.00639,-0.0329,-0.52761,0.0015,0.02424,0.21736,-9.27298,0.07611,0.24962,-0.68575,-0.00088,-0.00972,0.00279,-8.24446,-0.0577,-0.19597,-0.25723,0.03539,-0.02162,-0.00295
2.7,0.67767,-0.0412,-0.05325,-0.04606,0.00329,-1e-05,-0.29245,0.06465,-0.05407,-0.16635,0.09658,0.0053,0.04027,-0.3922,0.00985,-0.03623,-0.57252,0.00272,0.02501,0.27553,-9.28909,0.09823,0.22329,-0.61513,-0.00079,-0.00797,0.00193,-8.00445,-0.05471,-0.21854,-0.15233,0.02934,-0.0192,-0.0025
2.72,0.58753,-0.03905,-0.02872,-0.07603,0.00209,-1e-05,-0.36892,0.06921,-0.05742,-0.15257,0.13186,0.00509,0.04905,-0.47534,0.0171,-0.03218,-0.60307,0.00373,0.02376,0.34218,-9.15142,0.11918,0.20496,-0.55211,-0.00067,-0.00623,0.00113,-7.595,-0.04611,-0.24115,-0.07572,0.02288,-0.01412,-0.00181
2.74,0.50735,-0.03563,-0.00433,-0.10972,0.00077,-1e-05,-0.4262,0.07374,-0.05805,-0.1306,0.15833,0.00224,0.05543,-0.53458,0.02461,-0.02249,-0.6161,0.00441,0.021,0.39545,-8.88659,0.13707,0.19069,-0.50335,-0.00055,-0.00456,0.00039,-7.05893,-0.03351,-0.2638,-0.02287,0.01645,-0.00729,-0.00099
2.76,0.43274,-0.03122,0.01663,-0.14176,-0.00051,-0,-0.46229,0.07844,-0.05995,-0.10197,0.16314,-0.00158,0.05662,-0.57106,0.02709,-0.00935,-0.60778,0.00464,0.01732,0.41448,-8.51419,0.14995,0.17625,-0.47134,-0.00045,-0.00298,-0.00026,-6.43326,-0.01857,-0.2863,0.01133,0.01038,0.00044,-0.00012
2.78,0.36559,-0.02544,0.03092,-0.16969,-0.00162,-0,-0.47328,0.08294,-0.06332,-0.06945,0.15086,-0.00562,0.0533,-0.57834,0.02337,0.0059,-0.57144,0.00435,0.01316,0.40428,-8.05215,0.15551,0.16202,-0.45451,-0.00036,-0.00155,-0.0008,-5.75313,-0.00289,-0.30719,0.03167,0.0049,0.0082,0.00073
2.8,0.30842,-0.01838,0.03591,-0.18878,-0.00251,-0,-0.45854,0.08379,-0.06571,-0.03716,0.12111,-0.00826,0.04457,-0.56798,0.01384,0.02331,-0.50704,0.00357,0.00868,0.353,-7.51334,0.15049,0.14384,-0.44883,-0.00028,-0.00033,-0.00122,-5.05612,0.01193,-0.32391,0.04215,0.00021,0.01513,0.00147
2.82,0.26292,-0.01086,0.03081,-0.19502,-0.00321,-0,-0.4177,0.07795,-0.06372,-0.00988,0.07906,-0.00829,0.03121,-0.5515,0.00168,0.04228,-0.40964,0.00234,0.00424,0.26088,-6.90733,0.13208,0.11688,-0.44874,-0.00021,0.00065,-0.00148,-4.37923,0.02398,-0.33307,0.04577,-0.00357,0.02046,0.00203
2.84,0.22783,-0.00422,0.01628,-0.18879,-0.00366,-0,-0.35022,0.06626,-0.05836,0.00828,0.04023,-0.00572,0.01684,-0.51809,-0.01233,0.0575,-0.25653,0.00057,0.00042,0.15672,-6.24118,0.10101,0.08662,-0.448,-0.00014,0.00137,-0.00156,-3.75185,0.03221,-0.33289,0.04445,-0.00638,0.02368,0.00238
2.86,0.20151,0.00065,-0.00558,-0.17119,-0.00369,-0,-0.25898,0.04927,-0.04982,0.01496,0.01159,-0.00073,0.00312,-0.46072,-0.02566,0.06359,-0.02126,-0.0018,-0.00287,0.05243,-5.51636,0.05935,0.05719,-0.442,-8e-05,0.00185,-0.00151,-3.19148,0.03659,-0.32174,0.03891,-0.00821,0.02471,0.0025
2.88,0.18291,0.00347,-0.0306,-0.14369,-0.00322,-0,-0.15092,0.02677,-0.03635,0.00993,-0.00618,0.00649,-0.00966,-0.37535,-0.03076,0.05658,0.32817,-0.0048,-0.00588,-0.0526,-4.73383,0.00998,0.0287,-0.42844,-3e-05,0.00214,-0.00136,-2.70718,0.03721,-0.29669,0.0287,-0.00912,0.02389,0.00242
2.9,0.17002,0.00463,-0.05519,-0.10725,-0.0021,-0,-0.03821,-0.00086,-0.01828,-0.00518,-0.01243,0.0155,-0.02115,-0.24505,-0.02267,0.03219,0.83099,-0.00838,-0.00903,-0.15662,-3.89995,-0.04245,0.00847,-0.40664,0,0.00234,-0.00119,-2.30439,0.03518,-0.25796,0.01247,-0.00918,0.02192,0.00221
2.92,0.16056,0.0051,-0.07665,-0.06586,-0.00019,-0,0.07066,-0.02905,0.00307,-0.0275,-0.00667,0.02528,-0.03108,-0.04199,0.00751,-0.01186,1.51767,-0.01234,-0.01305,-0.25686,-3.02364,-0.09434,-0.00798,-0.37676,2e-05,0.00254,-0.00107,-1.98281,0.03176,-0.20617,-0.01125,-0.00851,0.01969,0.00195
2.94,0.15222,0.00591,-0.0917,-0.02622,0.00262,-0,0.17027,-0.05348,0.02572,-0.0541,0.0107,0.0354,-0.03935,0.27211,0.0691,-0.07472,2.41134,-0.01634,-0.01791,-0.3494,-2.10973,-0.14211,-0.02968,-0.33853,4e-05,0.00283,-0.00109,-1.73053,0.0271,-0.13869,-0.04284,-0.00725,0.01806,0.00174
2.96,0.14318,0.00776,-0.09866,0.00824,0.00627,-0,0.25387,-0.07381,0.04746,-0.0828,0.03746,0.04577,-0.0461,0.74385,0.16072,-0.15134,3.50991,-0.01998,-0.02289,-0.43061,-1.15636,-0.18201,-0.05387,-0.29065,5e-05,0.00323,-0.00128,-1.52135,0.02153,-0.05729,-0.08057,-0.00555,0.01761,0.00163
2.98,0.13244,0.01076,-0.09813,0.03607,0.01062,-0,0.31828,-0.08966,0.06695,-0.11205,0.06931,0.05537,-0.05163,1.41681,0.27052,-0.22827,4.74182,-0.02282,-0.02727,-0.50031,-0.16152,-0.21141,-0.07967,-0.23096,4e-05,0.00377,-0.00163,-1.31578,0.01586,0.03117,-0.12014,-0.00358,0.01869,0.00167
3,0.11904,0.01409,-0.09124,0.05598,0.01501,-0,0.36499,-0.10007,0.08248,-0.14065,0.10635,0.06325,-0.05504,2.31901,0.38771,-0.29869,6.02974,-0.02426,-0.03045,-0.53378,0.86996,-0.2314,-0.10532,-0.15679,3e-05,0.00442,-0.00213,-1.06465,0.01124,0.11649,-0.1547,-0.00157,0.02138,0.00187
3.02,0.10276,0.0163,-0.07979,0.06696,0.01825,-0,0.39911,-0.10388,0.09237,-0.16777,0.15125,0.06879,-0.05483,3.44146,0.51989,-0.36798,7.25716,-0.0235,-0.03274,-0.49308,1.92865,-0.24426,-0.1283,-0.06568,-2e-05,0.00513,-0.00271,-0.7179,0.00853,0.18358,-0.1765,0.0003,0.02556,0.00223
3.04,0.08351,0.01651,-0.0658,0.06952,0.01995,-0,0.42053,-0.1029,0.09794,-0.19331,0.19254,0.07064,-0.05211,4.7441,0.66923,-0.41992,8.18727,-0.02061,-0.0336,-0.40487,3.00616,-0.24625,-0.1464,0.04411,-0.00011,0.00585,-0.00333,-0.23666,0.00803,0.22423,-0.17964,0.00186,0.03089,0.00271
3.06,0.06076,0.01437,-0.04972,0.06527,0.02017,-0,0.42857,-0.09905,0.10102,-0.21757,0.21878,0.06823,-0.04832,6.1524,0.82216,-0.43538,8.62525,-0.01648,-0.0319,-0.30487,4.09573,-0.23365,-0.157,0.17269,-0.00025,0.00653,-0.00394,0.39765,0.00985,0.23858,-0.16177,0.00305,0.03684,0.00328
3.08,0.03399,0.00979,-0.03016,0.05606,0.01876,-0,0.42895,-0.09189,0.10249,-0.24085,0.23189,0.063,-0.04316,7.5142,0.97425,-0.41181,8.44328,-0.01071,-0.0276,-0.19045,5.1849,-0.206,-0.16011,0.31759,-0.00047,0.00714,-0.0045,1.1762,0.0136,0.22878,-0.1244,0.00391,0.04269,0.00384
3.1,0.00139,0.00296,-0.00451,0.04463,0.01561,-0,0.4248,-0.08274,0.10332,-0.26347,0.22974,0.0552,-0.03766,8.88275,1.15751,-0.38304,7.71672,-0.00638,-0.02282,-0.10328,6.25068,-0.16317,-0.14951,0.47246,-0.00078,0.00763,-0.00498,2.06244,0.01817,0.20645,-0.07254,0.00453,0.04742,0.00429
3.12,-0.03655,-0.00508,0.0282,0.03371,0.01079,0,0.41907,-0.07266,0.10389,-0.2858,0.21162,0.04516,-0.03288,10.4931,1.38249,-0.38699,6.53291,-0.00536,-0.02004,-0.07018,7.26566,-0.10521,-0.12256,0.62806,-0.00113,0.0079,-0.00536,3.00479,0.02221,0.18501,-0.01336,0.00508,0.04994,0.00448
3.14,-0.08054,-0.01309,0.06803,0.02486,0.0056,0,0.41994,-0.0614,0.10552,-0.30847,0.18597,0.03595,-0.02818,12.34302,1.5807,-0.40371,4.84697,-0.00485,-0.01779,-0.0525,8.20704,-0.03213,-0.08702,0.77794,-0.00151,0.00797,-0.0056,3.95048,0.02448,0.17014,0.04622,0.00568,0.04943,0.00434
3.16,-0.13295,-0.01985,0.11622,0.01882,0.00098,0,0.43252,-0.04923,0.1092,-0.33244,0.15917,0.02907,-0.02323,14.37713,1.69634,-0.41998,2.86879,-0.00455,-0.01489,-0.03438,9.06632,0.05395,-0.04811,0.91902,-0.00195,0.00784,-0.00567,4.85611,0.02442,0.16835,0.10143,0.00647,0.04547,0.00386
3.18,-0.19585,-0.0238,0.17414,0.01552,-0.00241,0,0.45571,-0.0367,0.11405,-0.35859,0.13422,0.02378,-0.01821,16.50339,1.70662,-0.4438,0.86002,-0.00545,-0.01198,-0.02288,9.84838,0.14853,-0.00778,1.04856,-0.00239,0.00749,-0.00555,5.68823,0.02254,0.18785,0.14923,0.00756,0.03806,0.00306
3.2,-0.2539,-0.02306,0.21577,0.01384,-0.00481,0,0.49306,-0.02636,0.12116,-0.38857,0.109,0.02031,-0.01418,19.02383,1.6764,-0.47164,-1.00684,-0.00704,-0.01002,-0.01519,10.55533,0.24511,0.03039,1.16542,-0.00279,0.00688,-0.00525,6.40994,0.01986,0.23207,0.18821,0.00902,0.02764,0.00199
3.22,-0.275,-0.02026,0.16104,0.01234,-0.0102,0,0.54862,-0.01942,0.13198,-0.42402,0.08264,0.0188,-0.0118,21.98094,1.66849,-0.47993,-2.65844,-0.00677,-0.01023,-0.00727,11.18586,0.3355,0.05497,1.26941,-0.00316,0.00597,-0.00477,6.98574,0.01771,0.30046,0.21839,0.01089,0.01491,0.00077
3.24,-0.27066,-0.02138,-0.01092,0.01026,-0.01952,0,0.61459,-0.01384,0.14408,-0.46358,0.06097,0.01807,-0.01013,23.98694,1.57674,-0.4399,-3.99003,-0.00126,-0.01357,0.00282,11.74827,0.41348,0.06172,1.35902,-0.00339,0.00479,-0.00407,7.40065,0.01755,0.39299,0.24008,0.01324,0.00058,-0.00056
3.26,-0.26567,-0.03005,-0.25611,0.00743,-0.03051,0,0.68135,-0.00877,0.15468,-0.50429,0.04585,0.01731,-0.00869,24.32779,1.35356,-0.36152,-4.93894,0.01255,-0.01947,0.01364,12.24838,0.47467,0.05556,1.43347,-0.00345,0.00338,-0.00315,7.6579,0.01989,0.50816,0.25454,0.01616,-0.01472,-0.00193
3.28,-0.2658,-0.04928,-0.53835,0.004,-0.04296,-0,0.74233,-0.00443,0.16205,-0.54267,0.03506,0.01638,-0.00768,23.2163,1.0475,-0.25436,-5.45017,0.03976,-0.02524,0.0247,12.67799,0.51329,0.03952,1.49313,-0.00336,0.00174,-0.00202,7.77338,0.02412,0.64028,0.26454,0.01967,-0.03033,-0.00329
3.3,-0.27334,-0.07276,-0.78041,0.00061,-0.05682,-0,0.79181,-0.00051,0.16869,-0.57214,0.02728,0.01506,-0.00677,20.78512,0.7104,-0.13136,-5.60787,0.08524,-0.02638,0.03591,13.03135,0.53165,0.0185,1.53516,-0.00299,-6e-05,-0.00072,7.77535,0.02957,0.77571,0.27291,0.0238,-0.04551,-0.00459
3.32,-0.27771,-0.08912,-0.90394,-0.0021,-0.07178,-0,0.82351,0.00371,0.17901,-0.5849,0.02142,0.01322,-0.00558,17.45832,0.3914,-0.02929,-5.47638,0.14875,-0.01823,0.04923,13.29304,0.53484,-0.00068,1.55524,-0.00226,-0.00196,0.00069,7.69332,0.03571,0.89569,0.28196,0.02852,-0.05952,-0.0058
3.34,-0.26723,-0.09655,-0.867,-0.00367,-0.08433,-1e-05,0.81974,0.00912,0.18541,-0.57649,0.01667,0.01053,-0.00426,14.11984,0.13476,-0.00137,-5.00348,0.22825,-0.00175,0.05858,13.41628,0.51205,-0.00871,1.55217,-0.00147,-0.00389,0.00214,7.54498,0.0406,0.99162,0.29288,0.03376,-0.07172,-0.00688
3.36,-0.22789,-0.09312,-0.68317,-0.00388,-0.09092,-1e-05,0.76689,0.01627,0.18011,-0.54471,0.01224,0.0069,-0.00284,11.40379,-0.03563,-0.05487,-4.33808,0.31379,0.01708,0.05617,13.34526,0.45543,-0.00065,1.52344,-0.00078,-0.00573,0.00353,7.3277,0.04246,1.06045,0.30409,0.03937,-0.08171,-0.00781
3.38,-0.15066,-0.07538,-0.40089,-0.0027,-0.09075,-1e-05,0.66426,0.02564,0.16424,-0.48893,0.00719,0.00255,-0.00124,9.34156,-0.13987,-0.15679,-3.39843,0.37393,0.03322,0.04731,13.0233,0.36923,0.03554,1.46368,-0.00021,-0.00728,0.00474,7.01637,0.04107,1.09747,0.31068,0.04513,-0.08925,-0.00856
3.4,-0.03641,-0.0421,-0.15043,-0.00127,-0.08042,-1e-05,0.50631,0.03633,0.13063,-0.41235,0.00134,-0.00221,0.00046,7.84339,-0.18985,-0.23364,-2.5862,0.41507,0.03755,0.02703,12.39049,0.25722,0.07247,1.36726,0.00017,-0.00843,0.00562,6.56965,0.03663,1.08825,0.30481,0.05061,-0.09425,-0.00912
3.42,0.09033,0.00185,-0.05693,-0.00182,-0.05898,-2e-05,0.30028,0.04612,0.08005,-0.3198,-0.00565,-0.0062,0.00238,6.55175,-0.19511,-0.21905,-2.21903,0.46376,0.02495,0.00511,11.39278,0.13264,0.03783,1.22917,0.00042,-0.00907,0.00598,5.94114,0.03046,1.01754,0.27775,0.05524,-0.09666,-0.0095
3.44,0.19816,0.04914,-0.05627,-0.00444,-0.03038,-2e-05,0.06718,0.05349,0.02721,-0.21544,-0.01376,-0.0083,0.00458,4.99055,-0.18287,-0.14912,-1.65748,0.44688,0.00609,0.00042,9.99069,0.01496,-0.03854,1.04744,0.00056,-0.00895,0.00575,5.09612,0.02479,0.90202,0.22341,0.05856,-0.0963,-0.00964
3.46,0.27323,0.09429,-0.06297,-0.0083,0.00292,-2e-05,-0.1805,0.05752,-0.02072,-0.10381,-0.02101,-0.00815,0.00681,3.02331,-0.16772,-0.07505,-0.62211,0.331,-0.0068,0.00865,8.19053,-0.08062,-0.10065,0.82455,0.00056,-0.00793,0.00494,4.02731,0.02167,0.75931,0.13946,0.06016,-0.09302,-0.00947
3.48,0.30919,0.13337,-0.0586,-0.01367,0.03977,-2e-05,-0.43421,0.05796,-0.06083,0.00962,-0.02753,-0.00548,0.00881,0.74263,-0.13867,-0.01298,0.64905,0.1711,-0.00941,0.01701,6.06888,-0.14354,-0.15564,0.5686,0.00047,-0.00606,0.00361,2.76602,0.02275,0.59337,0.02809,0.05953,-0.08671,-0.00898
3.5,0.3041,0.15224,-0.02114,-0.02015,0.07711,-2e-05,-0.6757,0.05221,-0.08769,0.11867,-0.02807,-0.00026,0.01071,-1.65201,-0.13514,0.03345,2.03725,-0.02417,-0.00052,0.02901,3.76413,-0.16507,-0.17363,0.29468,0.00032,-0.00348,0.00192,1.38669,0.02892,0.43187,-0.10371,0.0563,-0.07719,-0.0081
3.52,0.26089,0.131,0.01752,-0.0273,0.1088,-1e-05,-0.8742,0.03926,-0.09456,0.21818,-0.0116,0.00673,0.01295,-3.72265,-0.19695,0.10452,4.14426,-0.1135,0.0079,0.06887,1.45435,-0.14224,-0.14174,0.02109,0.00016,-0.00045,5e-05,-0.01595,0.03986,0.29247,-0.24613,0.05022,-0.06439,-0.00675
3.54,0.18924,0.08904,0.04388,-0.03527,0.13306,-1e-05,-1.02038,0.02423,-0.08453,0.30619,0.01201,0.01346,0.01491,-5.21584,-0.24026,0.21798,6.55437,-0.02311,0.00754,0.11113,-0.69716,-0.08629,-0.09209,-0.23612,2e-05,0.0027,-0.00183,-1.35686,0.0548,0.16767,-0.3897,0.04101,-0.04853,-0.00503
3.56,0.09988,0.04608,0.09121,-0.04386,0.14868,-1e-05,-1.11744,0.01021,-0.06476,0.38555,0.02909,0.01826,0.01593,-6.27182,-0.21518,0.32671,8.43671,0.1357,0.00317,0.12994,-2.58029,-0.01236,-0.03964,-0.46581,-8e-05,0.00573,-0.00358,-2.57197,0.07232,0.06002,-0.52684,0.02881,-0.0301,-0.00299
3.58,0.00415,0.00631,0.17885,-0.05269,0.14436,-1e-05,-1.1558,-0.00209,-0.03922,0.46518,0.04006,0.02034,0.01616,-7.07716,-0.13495,0.38787,9.60724,0.31142,4e-05,0.13111,-4.12975,0.06278,0.01271,-0.65986,-0.00014,0.00843,-0.00507,-3.61825,0.08912,-0.02409,-0.65012,0.0143,-0.0099,-0.00077
3.6,-0.08363,-0.02502,0.31193,-0.06105,0.14069,-1e-05,-1.14039,-0.01083,-0.015,0.55767,0.04038,0.0198,0.01515,-7.92652,-0.0375,0.33651,10.13044,0.44318,0.00238,0.1158,-5.3005,0.12012,0.05693,-0.81451,-0.00017,0.01053,-0.00617,-4.45723,0.10171,-0.08343,-0.75539,-0.00137,0.01072,0.00146
3.62,-0.15272,-0.0475,0.45543,-0.06805,0.13622,-1e-05,-1.07272,-0.01332,0.00178,0.67767,0.02977,0.01752,0.01282,-9.06689,0.00416,0.11624,10.14317,0.48792,0.00914,0.08733,-6.06112,0.14484,0.07397,-0.9297,-0.00022,0.01173,-0.00678,-5.05325,0.10702,-0.11892,-0.84114,-0.01681,0.03016,0.0035
3.64,-0.20167,-0.06762,0.53891,-0.07205,0.13129,-1e-05,-0.92842,-0.00577,0.00745,0.84241,0.01724,0.01349,0.00994,-10.53463,-0.07309,-0.21292,9.47991,0.46873,0.01427,0.05854,-6.41314,0.12652,0.06542,-1.00088,-0.00024,0.01194,-0.00681,-5.39411,0.10204,-0.13246,-0.90049,-0.03076,0.04706,0.00519
3.66,-0.23373,-0.0907,0.52455,-0.07175,0.1262,-0,-0.67911,0.01557,-0.0019,1.0667,0.00779,0.00768,0.00708,-12.15279,-0.26635,-0.54758,8.20719,0.41216,0.0121,0.03712,-6.37907,0.06401,0.04535,-1.02525,-0.00022,0.01119,-0.00624,-5.48181,0.0859,-0.12649,-0.92851,-0.04234,0.06054,0.00643
3.68,-0.254,-0.11707,0.42304,-0.06705,0.11945,-0,-0.29753,0.05424,-0.02852,1.3575,0.0021,0.00045,0.00457,-13.60569,-0.51847,-0.83911,6.59315,0.33613,0.00071,0.02281,-5.98991,-0.03274,0.01921,-1.0069,-0.00015,0.00956,-0.00513,-5.32181,0.06058,-0.1048,-0.9276,-0.05102,0.07014,0.00721
3.7,-0.25985,-0.13844,0.27711,-0.05751,0.11198,-0,0.24612,0.11404,-0.07126,1.71072,-0.00084,-0.00773,0.00275,-14.54461,-0.73834,-0.99101,5.01228,0.24361,-0.01758,0.01215,-5.29508,-0.1463,-0.00054,-0.94957,-5e-05,0.00731,-0.00362,-4.93278,0.03025,-0.07142,-0.89997,-0.05646,0.07571,0.00753
3.72,-0.24218,-0.142,0.14822,-0.04401,0.09871,-0,0.98718,0.19563,-0.12497,2.10648,-0.00043,-0.01593,0.00198,-14.92042,-0.8792,-0.97877,3.82605,0.1454,-0.03557,0.00406,-4.35007,-0.25619,-0.02079,-0.8582,8e-05,0.00476,-0.00192,-4.33792,-0.00025,-0.03081,-0.84889,-0.05847,0.07729,0.00743
3.74,-0.20025,-0.13111,0.0597,-0.02926,0.08023,-0,1.95769,0.29673,-0.18277,2.51555,0.00136,-0.02292,0.00237,-14.72058,-0.92787,-0.8727,2.91224,0.07126,-0.04814,0.00031,-3.20449,-0.34533,-0.05019,-0.73968,0.00023,0.00209,-0.00023,-3.55674,-0.02679,0.01287,-0.77927,-0.05715,0.0751,0.007
3.76,-0.1357,-0.11441,0.01215,-0.0149,0.06272,-0,3.16915,0.40916,-0.23636,2.89463,0.00132,-0.02705,0.00356,-13.91049,-0.87692,-0.71442,2.12879,0.02778,-0.05369,-0.00023,-1.90434,-0.40323,-0.08023,-0.5995,0.00036,-0.00048,0.00131,-2.61178,-0.04637,0.05739,-0.69417,-0.05281,0.06948,0.00629
3.78,-0.05202,-0.09588,4e-05,-0.00161,0.04727,0,4.59923,0.5108,-0.27401,3.1767,-0.00013,-0.02642,0.00474,-12.57349,-0.7369,-0.5267,1.45017,0.00529,-0.052,2e-05,-0.50052,-0.42611,-0.11162,-0.4426,0.00046,-0.00278,0.0026,-1.53515,-0.05748,0.10179,-0.59515,-0.04594,0.06094,0.00539
3.8,0.04075,-0.07496,0.00808,0.01006,0.035,0,6.24559,0.63079,-0.30396,3.29415,-0.00162,-0.02059,0.00535,-11.05897,-0.57977,-0.35033,0.80557,-0.00436,-0.04493,-0.00036,0.94423,-0.41774,-0.13692,-0.27352,0.00048,-0.00469,0.00358,-0.37338,-0.06021,0.14634,-0.4816,-0.03733,0.05018,0.00433
3.82,0.11897,-0.05342,0.01401,0.01978,0.02635,0,8.11057,0.82125,-0.34251,3.17539,0.00573,-0.00938,0.0052,-9.74495,-0.47947,-0.21602,0.14359,-0.00713,-0.03557,-0.00194,2.36453,-0.38574,-0.14597,-0.09928,0.00039,-0.00609,0.00422,0.82247,-0.0557,0.19285,-0.35397,-0.02782,0.03795,0.00317
3.84,0.16494,-0.03783,0.01218,0.02764,0.02033,0,10.12522,1.02372,-0.37574,2.76027,0.02464,0.0086,0.00359,-8.46248,-0.39188,-0.11369,-0.52846,-0.00746,-0.02524,-0.00416,3.7002,-0.33587,-0.14942,0.07135,0.00026,-0.00692,0.00453,2.00539,-0.04479,0.24177,-0.21635,-0.018,0.02488,0.00198
3.86,0.17457,-0.02813,0.00791,0.03409,0.01609,0,12.18608,1.17158,-0.3902,2.05164,0.04823,0.03404,0.00029,-7.06322,-0.27949,-0.03909,-1.16532,-0.0077,-0.01401,-0.00579,4.89888,-0.27413,-0.1561,0.23178,0.00016,-0.00721,0.00452,3.13133,-0.02889,0.29312,-0.07236,-0.00828,0.01144,0.00077
3.88,0.14657,-0.01985,0.00185,0.0397,0.0133,-0,14.1013,1.25151,-0.38678,1.09352,0.07403,0.06628,-0.00434,-5.63158,-0.163,0.00468,-1.70693,-0.00688,-0.00206,-0.00584,5.91389,-0.20757,-0.16279,0.37433,6e-05,-0.00701,0.00423,4.15753,-0.01031,0.34877,0.07326,0.00105,-0.00204,-0.00043
3.9,0.08262,-0.00819,-0.00032,0.04486,0.01154,-0,16.1873,1.25234,-0.37215,-0.05503,0.09756,0.10666,-0.00981,-4.19126,-0.05723,0.01731,-2.08208,-0.0052,0.01062,-0.00466,6.69278,-0.14262,-0.17331,0.49026,0,-0.00644,0.00372,5.02937,0.00837,0.40402,0.21265,0.00981,-0.0152,-0.00163
3.92,-0.00845,0.01172,0.00769,0.04972,0.0104,-0,18.87661,1.15703,-0.34478,-1.31967,0.11402,0.15738,-0.0149,-2.77974,0.01886,0.00084,-2.24999,-0.0021,0.02349,-0.0035,7.18623,-0.08509,-0.19246,0.5717,-5e-05,-0.00562,0.00304,5.69065,0.02391,0.45028,0.33755,0.01782,-0.02772,-0.00283
3.94,-0.11116,0.03831,0.01825,0.05399,0.00948,-0,21.44573,0.93079,-0.28394,-2.61476,0.12129,0.20912,-0.01919,-1.45041,0.06961,-0.04094,-2.24309,0.0034,0.0358,-0.00396,7.37004,-0.03903,-0.21513,0.61116,-0.0001,-0.00461,0.00227,6.1167,0.03385,0.48851,0.44046,0.025,-0.03931,-0.00403
3.96,-0.21588,0.06665,0.02143,0.0569,0.00844,-0,23.16908,0.59236,-0.18901,-3.87924,0.11905,0.24863,-0.02332,-0.24226,0.10598,-0.09949,-2.10969,0.00912,0.04695,-0.00776,7.25572,-0.00621,-0.23567,0.60575,-0.00015,-0.00347,0.00145,6.31817,0.03714,0.52092,0.51651,0.03136,-0.04968,-0.0052
3.98,-0.31571,0.09287,0.01468,0.05769,0.00724,-0,23.9447,0.20736,-0.07935,-5.03211,0.10945,0.2681,-0.0272,0.80437,0.12072,-0.16392,-1.89057,0.01333,0.0556,-0.01584,6.89342,0.01391,-0.24935,0.55914,-0.0002,-0.00225,0.00062,6.33577,0.03349,0.54485,0.56436,0.03684,-0.0585,-0.00629
4,-0.4025,0.10872,-0.00225,0.05379,0.00534,-0,23.62633,-0.14689,0.02091,-6.0016,0.09078,0.2566,-0.02987,1.65286,0.12961,-0.22022,-1.62495,0.01476,0.06214,-0.02719,6.36515,0.02359,-0.26347,0.48087,-0.00027,-0.001,-0.00019,6.23532,0.02332,0.549,0.58523,0.04125,-0.06538,-0.00726
4.02,-0.46924,0.0989,-0.0273,0.04242,0.00214,-0,22.02603,-0.3267,0.06062,-6.65199,0.06346,0.20882,-0.02841,2.2821,0.15043,-0.25145,-1.34996,0.01305,0.06817,-0.03853,5.76707,0.02595,-0.28782,0.38268,-0.00043,0.00026,-0.00094,6.09047,0.00801,0.52033,0.58175,0.04431,-0.06992,-0.00807
4.04,-0.52313,0.05332,-0.04983,0.02647,-0.00152,-0,19.23822,-0.23038,0.0025,-6.81398,0.03759,0.13855,-0.02171,2.68118,0.1666,-0.25499,-1.10056,0.00999,0.07139,-0.04745,5.18278,0.02415,-0.30262,0.27376,-0.00066,0.00152,-0.00161,5.96262,-0.01036,0.46703,0.55645,0.04595,-0.07174,-0.00861
4.06,-0.56873,-0.02243,-0.05441,0.0102,-0.00489,-0,15.83293,0.09382,-0.13151,-6.49047,0.01887,0.06777,-0.01186,2.85482,0.16952,-0.23794,-0.89275,0.0069,0.06964,-0.053,4.66139,0.02005,-0.29261,0.16243,-0.00091,0.00273,-0.00217,5.87608,-0.03011,0.39871,0.5124,0.04618,-0.07072,-0.0088
4.08,-0.59847,-0.11898,-0.03063,-0.00443,-0.00808,-0,12.41327,0.55226,-0.29345,-5.7211,0.00685,0.01661,-0.00115,2.8264,0.16899,-0.20378,-0.72427,0.00418,0.06369,-0.05512,4.21615,0.0136,-0.26316,0.05667,-0.00118,0.00382,-0.0026,5.81028,-0.04971,0.31586,0.45396,0.04498,-0.06705,-0.00861
4.1,-0.59876,-0.2148,0.01496,-0.01371,-0.00945,-0,9.3858,0.96984,-0.40093,-4.70088,0.00112,-0.01054,0.0097,2.62583,0.16196,-0.16093,-0.58605,0.00204,0.05372,-0.05065,3.83164,0.0032,-0.20802,-0.03651,-0.00142,0.00468,-0.00285,5.71346,-0.06718,0.22956,0.38622,0.0425,-0.06114,-0.00803
4.12,-0.54868,-0.28399,0.0525,-0.01587,-0.008,-0,7.04756,1.16644,-0.37836,-3.59958,-0.00019,-0.01342,0.02117,2.283,0.14572,-0.11608,-0.46657,0.00053,0.04043,-0.03553,3.47469,-0.01303,-0.13246,-0.11123,-0.00154,0.00516,-0.00291,5.51617,-0.08025,0.14756,0.31423,0.03889,-0.05352,-0.0071
4.14,-0.44022,-0.30851,0.06249,-0.01275,-0.00519,0,5.35917,1.08116,-0.24228,-2.51115,0.00071,0.0049,0.02632,1.81629,0.12813,-0.07308,-0.35791,-0.0004,0.02538,-0.0184,3.10768,-0.03595,-0.05708,-0.16436,-0.00154,0.00519,-0.00277,5.15249,-0.08805,0.06903,0.24131,0.03425,-0.04474,-0.0059
4.16,-0.28349,-0.28278,0.05182,-0.00611,-0.00168,0,3.93032,0.80381,-0.05822,-1.50122,0.00235,0.02917,0.02259,1.24965,0.11296,-0.0357,-0.25601,-0.00093,0.00988,-0.00659,2.69514,-0.06478,0.01054,-0.19647,-0.00142,0.00477,-0.00242,4.58254,-0.09066,-0.00404,0.16866,0.02866,-0.03525,-0.0045
4.18,-0.09577,-0.21476,0.03024,0.00271,0.0028,0,2.43258,0.46441,0.11403,-0.56744,0.00399,0.0477,0.01362,0.6206,0.09884,-0.00632,-0.16048,-0.00121,-0.00514,0.00044,2.2085,-0.09617,0.07038,-0.21171,-0.00117,0.00392,-0.0019,3.80121,-0.08802,-0.06724,0.09574,0.02229,-0.02544,-0.00298
4.2,0.09992,-0.10961,0.01279,0.01179,0.00779,0,0.60239,0.18798,0.25611,0.0804,0.0046,0.06653,-0.00171,-0.02937,0.0793,0.0117,-0.07743,-0.00146,-0.01866,-0.00023,1.63027,-0.12599,0.12183,-0.21668,-0.00078,0.0027,-0.00126,2.8426,-0.08222,-0.1203,0.0207,0.01548,-0.01567,-0.00143
4.22,0.26739,0.0006,0.00479,0.0176,0.01097,0,-1.35026,-0.02198,0.4322,1.00852,0.00341,0.10309,-0.01093,-0.63386,0.05243,0.03692,-0.01197,-0.00216,-0.02848,0.00117,0.95563,-0.15103,0.16317,-0.2189,-0.0003,0.00123,-0.00053,1.76241,-0.0757,-0.17243,-0.05773,0.0085,-0.00631,5e-05
4.24,0.38234,0.07607,-4e-05,0.01875,0.01122,0,-3.16639,-0.19754,0.61744,2.59716,0.00142,0.14166,-0.00608,-1.13751,0.02238,0.07388,0.03325,-0.00334,-0.0341,0.0109,0.19296,-0.1668,0.19689,-0.22496,0.00014,-0.00036,0.00024,0.61827,-0.06841,-0.22164,-0.13935,0.00138,0.00238,0.00135
4.26,0.44387,0.11055,0.00502,0.01623,0.00904,0,-4.9921,-0.29264,0.71403,4.39129,-0.00059,0.16078,0.00524,-1.52116,-0.01186,0.1068,0.05591,-0.00468,-0.03682,0.02175,-0.6344,-0.17068,0.22781,-0.23815,0.00051,-0.00197,0.00103,-0.52557,-0.0606,-0.26092,-0.22193,-0.00582,0.01033,0.00244
4.28,0.45693,0.10649,0.02476,0.01002,0.00386,0,-6.96968,-0.27216,0.68378,6.17973,-0.00304,0.15528,0.02123,-1.77311,-0.05486,0.13184,0.0578,-0.00628,-0.03679,0.03164,-1.48101,-0.16452,0.25702,-0.25763,0.0008,-0.00355,0.00183,-1.59403,-0.05344,-0.29558,-0.29967,-0.01314,0.01764,0.00331
4.3,0.43315,0.07321,0.05832,0.0009,-0.0048,0,-9.25612,-0.15652,0.49549,7.75335,-0.00599,0.12078,0.03576,-1.9017,-0.10494,0.1451,0.04472,-0.00743,-0.03542,0.03473,-2.27804,-0.15173,0.2852,-0.27874,0.00097,-0.00501,0.00262,-2.49768,-0.04769,-0.32646,-0.36324,-0.02059,0.02441,0.00401
4.32,0.38933,0.0275,0.09288,-0.00998,-0.01708,-0,-11.88235,-0.02469,0.18703,8.98027,-0.00885,0.06129,0.04171,-1.92678,-0.14785,0.14743,0.02547,-0.00686,-0.03449,0.02815,-2.94773,-0.13651,0.31323,-0.29449,0.00099,-0.00629,0.00337,-3.14267,-0.04374,-0.35192,-0.40176,-0.02807,0.03072,0.00455
4.34,0.34453,-0.01373,0.11104,-0.02246,-0.03185,-0,-14.576,0.06864,-0.11817,9.66106,-0.0107,-0.00738,0.04189,-1.85893,-0.18118,0.14016,0.0088,-0.00442,-0.03367,0.01819,-3.42054,-0.12257,0.33928,-0.29876,0.0009,-0.00733,0.00406,-3.45712,-0.04139,-0.3803,-0.40592,-0.03535,0.03648,0.00494
4.36,0.31017,-0.03805,0.10404,-0.03604,-0.04722,-0,-16.93081,0.09536,-0.29649,9.61104,-0.01023,-0.06967,0.03803,-1.7144,-0.21033,0.12385,-0.0002,-0.00076,-0.03241,0.00828,-3.65227,-0.11141,0.3614,-0.28688,0.00075,-0.00814,0.00468,-3.40468,-0.03991,-0.41581,-0.37031,-0.04197,0.04135,0.00515
4.38,0.28938,-0.03802,0.07696,-0.04951,-0.06194,-0,-18.56421,0.04818,-0.28741,8.86307,-0.00606,-0.11738,0.02867,-1.51949,-0.22886,0.10245,-0.00131,0.00205,-0.03043,-0.00093,-3.63005,-0.10231,0.38031,-0.25529,0.00057,-0.00876,0.00524,-2.98565,-0.03829,-0.44978,-0.29393,-0.04702,0.04471,0.00514
4.4,0.28434,-0.01688,0.04086,-0.06225,-0.07415,-0,-19.03787,-0.04598,-0.11661,7.58762,0.00472,-0.14067,0.01644,-1.30544,-0.23771,0.07809,0.00084,0.00662,-0.02867,-0.00844,-3.3589,-0.09325,0.38184,-0.20271,0.00042,-0.0092,0.00578,-2.23509,-0.03509,-0.48677,-0.18058,-0.04939,0.0456,0.0048
4.42,0.29451,0.01445,0.00984,-0.07348,-0.08226,-0,-18.13596,-0.15966,0.13445,6.08887,0.02395,-0.1359,0.00591,-1.10321,-0.24055,0.05501,-0.00187,0.01823,-0.02774,-0.01248,-2.85954,-0.08167,0.34741,-0.12879,0.00034,-0.00945,0.00632,-1.20849,-0.02873,-0.53709,-0.0361,-0.04789,0.043,0.00406
4.44,0.31722,0.04691,-0.00554,-0.08028,-0.08518,-0,-16.10061,-0.26387,0.37133,4.55259,0.04711,-0.11172,-0.00192,-0.93239,-0.23236,0.03891,-0.01835,0.02889,-0.02507,-0.01311,-2.1682,-0.06476,0.29173,-0.03289,0.00032,-0.00964,0.0069,0.03624,-0.01763,-0.57625,0.13401,-0.04143,0.03627,0.00293
4.46,0.35195,0.07085,-0.00482,-0.08045,-0.08253,-0,-13.23492,-0.3158,0.51068,3.09645,0.06804,-0.07679,-0.00568,-0.79984,-0.21061,0.0323,-0.05616,0.03266,-0.01929,-0.01197,-1.32119,-0.04085,0.2291,0.08462,0.00036,-0.00989,0.00751,1.44236,-9e-05,-0.58476,0.32385,-0.02957,0.02533,0.00149
4.48,0.39884,0.07904,0.00658,-0.07404,-0.07511,-0,-9.79694,-0.30882,0.52758,1.81852,0.08365,-0.03827,-0.004,-0.70055,-0.17739,0.03534,-0.1205,0.03567,-0.01105,-0.00917,-0.35878,-0.00944,0.15745,0.22184,0.00047,-0.01016,0.00815,2.94738,0.02609,-0.57226,0.52695,-0.01278,0.01073,-0.00013
4.5,0.44626,0.06691,0.02094,-0.06081,-0.06233,-0,-6.41526,-0.21679,0.44126,0.69821,0.09019,-0.00533,0.00044,-0.61634,-0.14134,0.04729,-0.21417,0.03387,-0.00109,-0.00719,0.66504,0.02936,0.09594,0.37469,0.00065,-0.01049,0.00873,4.47198,0.06289,-0.52545,0.73433,0.00775,-0.00626,-0.0018
4.52,0.47963,0.04032,0.02967,-0.04254,-0.04578,-0,-3.38623,0.01676,0.30161,-0.38683,0.08635,0.0186,0.00526,-0.52504,-0.11006,0.06665,-0.33784,0.02489,0.00821,-0.0093,1.69212,0.07323,0.04986,0.53679,0.00091,-0.01092,0.00918,5.92446,0.10949,-0.44294,0.93495,0.02998,-0.02401,-0.00341
4.54,0.49852,0.01183,0.02999,-0.02332,-0.03019,-0,-0.54844,0.34019,0.15136,-1.53871,0.07609,0.03329,0.00807,-0.4138,-0.08176,0.09158,-0.48744,0.01954,0.01462,-0.0139,2.66579,0.11981,0.00453,0.69961,0.00124,-0.01134,0.00942,7.22752,0.16514,-0.36167,1.11937,0.05174,-0.04082,-0.00485
4.56,0.50565,-0.01242,0.0237,-0.0064,-0.01812,-0,1.99919,0.65174,0.0207,-2.78679,0.06365,0.0381,0.00582,-0.28111,-0.05652,0.1204,-0.65305,0.0222,0.01739,-0.01939,3.53259,0.16748,-0.04035,0.85218,0.00158,-0.01162,0.00939,8.32234,0.2291,-0.30285,1.27957,0.07134,-0.05508,-0.00598
4.58,0.50081,-0.03007,0.01407,0.00592,-0.01011,-0,4.04262,0.88623,-0.07252,-4.05079,0.0533,0.03546,-0.0013,-0.13848,-0.03701,0.15084,-0.81998,0.02578,0.01619,-0.02849,4.23778,0.21279,-0.07519,0.98072,0.00196,-0.01158,0.00906,9.15492,0.29544,-0.26954,1.40746,0.08686,-0.06525,-0.0067
4.6,0.47607,-0.04336,0.00255,0.01172,-0.00614,-0,5.52833,1.06604,-0.12612,-5.09617,0.04473,0.02806,-0.00953,-0.01138,-0.02266,0.18265,-0.96396,0.04065,0.01237,-0.03553,4.73311,0.24838,-0.10563,1.06458,0.0022,-0.01136,0.00834,9.66994,0.35053,-0.26162,1.4902,0.09651,-0.06994,-0.00695
4.62,0.42596,-0.06338,-0.00917,0.00984,-0.00547,-0,6.55999,1.25028,-0.1466,-5.53344,0.03769,0.0179,-0.01101,0.0732,-0.01249,0.2162,-1.05526,0.09196,0.00728,-0.02852,4.97915,0.26443,-0.15241,1.08125,0.00203,-0.01108,0.00721,9.81766,0.37559,-0.27379,1.5136,0.09878,-0.06809,-0.00669
4.64,0.37095,-0.09146,-0.01475,0.00242,-0.00684,-0,6.90104,1.27378,-0.13798,-5.19372,0.036,0.00653,-0.0056,0.09273,-0.00626,0.24688,-1.07624,0.15845,0.00065,-0.01377,4.92287,0.2581,-0.17677,1.02189,0.00162,-0.01035,0.00576,9.58067,0.36488,-0.30513,1.47553,0.0928,-0.05912,-0.0058
4.66,0.32095,-0.11688,-0.01317,-0.00746,-0.0089,-0,6.42406,1.14394,-0.09778,-4.24549,0.0398,-0.00511,0.00025,0.03441,-0.00297,0.27044,-1.02112,0.2071,-0.00673,-0.00108,4.53953,0.23081,-0.13665,0.88789,0.00118,-0.00892,0.00413,8.97714,0.32112,-0.35136,1.37964,0.07898,-0.04357,-0.00425
4.68,0.27089,-0.13816,-0.00872,-0.01708,-0.01,-0,5.38277,0.98918,-0.00671,-2.90168,0.04571,-0.01538,0.00405,-0.10021,-0.00124,0.28436,-0.8923,0.24162,-0.014,0.01175,3.85896,0.18463,-0.02621,0.68767,0.0007,-0.00702,0.00244,8.0585,0.24809,-0.38917,1.23014,0.05921,-0.02346,-0.00224
4.7,0.22291,-0.13962,-0.00442,-0.02666,-0.01135,-0,3.90338,0.63267,0.10182,-1.55706,0.05142,-0.02101,0.00079,-0.29759,-0.00042,0.28973,-0.70937,0.24451,-0.01994,0.01748,2.92101,0.13138,0.15423,0.44626,0.00035,-0.00472,0.00088,6.93206,0.16723,-0.42873,1.04338,0.03711,-0.00189,-3e-05
4.72,0.17841,-0.11446,-0.00262,-0.04241,-0.01779,-0,2.27522,0.09922,0.14806,-0.37958,0.05633,-0.01978,-0.00197,-0.53395,-0.00042,0.29011,-0.4979,0.20495,-0.02279,0.01245,1.8016,0.08137,0.31437,0.18983,0.00022,-0.00237,-0.0004,5.7221,0.09553,-0.50633,0.83808,0.0165,0.01727,0.00191
4.74,0.14217,-0.0855,-0.00342,-0.06325,-0.02788,-0,0.8745,-0.31041,0.15779,0.68794,0.05635,-0.01566,0.00196,-0.78619,-0.00111,0.28147,-0.27761,0.15542,-0.02299,0.00657,0.61077,0.03613,0.39966,-0.06281,0.00011,-0.00046,-0.0013,4.51713,0.03366,-0.58037,0.62516,0.00026,0.03085,0.00319
4.76,0.11831,-0.06482,-0.00596,-0.08301,-0.03772,-0,-0.18384,-0.5636,0.15184,1.49589,0.04892,-0.01289,0.00695,-1.03476,-0.00234,0.26196,-0.06934,0.11387,-0.02159,0.00348,-0.56738,-0.00129,0.43332,-0.29117,-2e-05,0.0008,-0.00176,3.38796,-0.01435,-0.60487,0.41759,-0.00959,0.0372,0.00368
4.78,0.10988,-0.04943,-0.00931,-0.09908,-0.04723,-1e-05,-0.90602,-0.62506,0.12404,1.93034,0.03692,-0.01261,0.01047,-1.25838,-0.00433,0.23506,0.10562,0.07879,-0.01862,0.00162,-1.65631,-0.02925,0.40317,-0.47749,-0.00013,0.00141,-0.00179,2.39302,-0.04691,-0.58916,0.2317,-0.01245,0.03609,0.00338
4.8,0.1177,-0.04035,-0.01293,-0.10625,-0.05289,-1e-05,-1.31272,-0.53693,0.08426,1.96387,0.02016,-0.01305,0.01005,-1.42493,-0.00604,0.20081,0.22756,0.05083,-0.01462,0.00073,-2.57427,-0.04833,0.34274,-0.60536,-0.00023,0.0014,-0.00144,1.56927,-0.06606,-0.51272,0.08444,-0.00902,0.02864,0.00247
4.82,0.14089,-0.03716,-0.01692,-0.1004,-0.05193,-1e-05,-1.45111,-0.36134,0.04525,1.65939,0.00281,-0.01165,0.00617,-1.49832,-0.00536,0.16126,0.28069,0.02985,-0.00992,0.00046,-3.25163,-0.05859,0.28934,-0.66089,-0.00035,0.00089,-0.00082,0.94105,-0.07336,-0.37278,-0.00885,-0.00104,0.01669,0.00118
4.84,0.17729,-0.03664,-0.02166,-0.0807,-0.04658,-1e-05,-1.3594,-0.0851,0.01795,1.12773,-0.00818,-0.00746,0.00181,-1.47105,-0.00288,0.12045,0.258,0.01494,-0.00439,0.00044,-3.63856,-0.06305,0.22648,-0.64011,-0.00048,3e-05,-2e-05,0.51268,-0.07474,-0.21042,-0.03878,0.00919,0.00221,-0.00034
4.86,0.2227,-0.03678,-0.02778,-0.04867,-0.03892,-1e-05,-1.09616,0.2457,0.00289,0.4824,-0.01331,-0.00061,-0.00166,-1.35242,8e-05,0.08019,0.16542,0.00493,0.00181,0.00061,-3.72777,-0.06484,0.15015,-0.54877,-0.00056,-0.00103,0.00082,0.25762,-0.07573,-0.04912,-0.00499,0.01966,-0.0129,-0.00189
4.88,0.2722,-0.03586,-0.03573,-0.00871,-0.03042,-1e-05,-0.74988,0.54344,-0.0035,-0.16563,-0.0139,0.00765,-0.00467,-1.15704,0.00312,0.04161,0.02343,-0.00154,0.00824,0.00092,-3.56188,-0.06459,0.07308,-0.40255,-0.00061,-0.00206,0.0016,0.12249,-0.0786,0.09991,0.08234,0.02855,-0.02684,-0.00327
4.9,0.31205,-0.03532,-0.04656,0.03249,-0.02262,-1e-05,-0.43995,0.76995,-0.0048,-0.70789,-0.0125,0.01542,-0.00648,-0.93004,0.00374,0.00649,-0.13523,-0.00547,0.01432,0.00143,-3.23018,-0.06324,0.01342,-0.2259,-0.00061,-0.00288,0.00217,0.03527,-0.08565,0.21766,0.20331,0.03413,-0.03787,-0.00431
4.92,0.32443,-0.03678,-0.06144,0.06287,-0.01742,-1e-05,-0.26905,0.96782,-0.00416,-1.03284,-0.01212,0.02187,-0.00334,-0.72016,0.00183,-0.02062,-0.27162,-0.00771,0.01947,0.00221,-2.83894,-0.06126,-0.0312,-0.04954,-0.00054,-0.00333,0.00238,-0.07954,-0.09826,0.27382,0.33152,0.03499,-0.04456,-0.00487
4.94,0.31278,-0.03628,-0.07554,0.0766,-0.01668,-1e-05,-0.30425,1.04395,-0.00139,-1.06231,-0.01211,0.02536,0.00157,-0.55442,-2e-05,-0.03588,-0.35411,-0.00883,0.02295,0.00315,-2.46671,-0.05829,-0.05497,0.09859,-0.00048,-0.00321,0.00218,-0.28004,-0.11647,0.2682,0.44383,0.03056,-0.04589,-0.00482
4.96,0.28493,-0.03138,-0.082,0.07626,-0.02039,-1e-05,-0.58056,0.90977,0.0028,-0.779,-0.01096,0.02431,0.00363,-0.45388,-0.00127,-0.03852,-0.36618,-0.00926,0.02421,0.00398,-2.16605,-0.05433,-0.03456,0.2026,-0.00045,-0.00242,0.00158,-0.59218,-0.13837,0.2203,0.52486,0.02123,-0.04166,-0.00413
4.98,0.24203,-0.02348,-0.07867,0.06404,-0.02661,-1e-05,-1.08153,0.62262,0.00708,-0.23212,-0.00799,0.01929,0.00276,-0.42955,-0.00184,-0.02908,-0.30624,-0.00945,0.02341,0.00453,-1.96538,-0.04968,0.03887,0.25654,-0.00046,-0.00107,0.00065,-1.00317,-0.15738,0.14055,0.56454,0.00828,-0.03276,-0.00292
5,0.19364,-0.01301,-0.06316,0.04686,-0.03506,-1e-05,-1.70558,0.16947,0.00949,0.45654,-0.00217,0.01121,-0.00272,-0.47326,-0.00189,-0.01052,-0.18844,-0.00983,0.02097,0.0049,-1.85469,-0.04661,0.15455,0.26379,-0.00046,0.00064,-0.00044,-1.46704,-0.17365,0.06061,0.55979,-0.00604,-0.02082,-0.00137
5.02,0.14758,-0.00293,-0.03898,0.0296,-0.04787,-1e-05,-2.27677,-0.29142,0.00686,1.16238,0.00646,0.0026,-0.00492,-0.56434,-0.00185,0.01363,-0.03601,-0.01078,0.01762,0.00533,-1.80431,-0.04752,0.24243,0.23343,-0.00047,0.00227,-0.0015,-1.92387,-0.19168,-0.01389,0.51213,-0.01944,-0.00798,0.00019
5.04,0.10645,0.0036,-0.01587,0.01138,-0.06146,-1e-05,-2.69133,-0.5846,1e-05,1.75251,0.01712,-0.00372,-0.00019,-0.68013,-0.00168,0.03993,0.12716,-0.01246,0.01434,0.00524,-1.79096,-0.05166,0.26998,0.17402,-0.00046,0.00348,-0.00235,-2.31634,-0.19825,-0.09589,0.42418,-0.02998,0.00369,0.00144
5.06,0.07235,0.00679,0.00043,-0.00637,-0.07046,-1e-05,-2.92538,-0.7394,-0.01079,2.10461,0.02936,-0.00721,0.00534,-0.79773,-0.00144,0.06412,0.27973,-0.01483,0.01181,0.00435,-1.79166,-0.05801,0.25707,0.09546,-0.00042,0.00412,-0.00284,-2.61028,-0.18273,-0.17217,0.30217,-0.03634,0.01295,0.00229
5.08,0.04759,0.00809,0.00789,-0.02094,-0.07326,-1e-05,-2.94556,-0.75356,-0.02611,2.17528,0.04238,-0.00824,0.01061,-0.89232,-0.00124,0.08192,0.40452,-0.01789,0.01042,0.00311,-1.78089,-0.0671,0.20072,0.00967,-0.00035,0.00412,-0.00291,-2.80457,-0.14986,-0.23371,0.15706,-0.03841,0.01927,0.00273
5.1,0.03355,0.00987,0.00705,-0.02989,-0.06621,-1e-05,-2.80105,-0.68216,-0.0433,1.98249,0.05595,-0.0072,0.01164,-0.93836,-0.00122,0.09022,0.4891,-0.02075,0.01033,0.00139,-1.74284,-0.07692,0.13436,-0.07072,-0.00029,0.00357,-0.00258,-2.91602,-0.10216,-0.26886,0.00382,-0.0368,0.02271,0.00285
5.12,0.0311,0.01502,0.00046,-0.03118,-0.04818,-1e-05,-2.57087,-0.58581,-0.05327,1.59175,0.06966,-0.00427,0.00733,-0.91482,-0.00153,0.08726,0.52668,-0.02186,0.01151,3e-05,-1.66765,-0.08405,0.08102,-0.13387,-0.00025,0.0026,-0.0019,-2.97398,-0.04659,-0.26656,-0.14223,-0.03265,0.02372,0.00278
5.14,0.04032,0.02601,-0.00958,-0.02346,-0.02299,-1e-05,-2.27388,-0.45078,-0.05616,1.08705,0.08149,0.00032,0.00296,-0.8182,-0.00208,0.07047,0.51537,-0.02178,0.01393,-0.0003,-1.54718,-0.08893,0.02285,-0.17215,-0.00021,0.00133,-0.00101,-3.0165,0.00577,-0.22789,-0.26913,-0.02741,0.02288,0.00262
5.16,0.0598,0.04421,-0.02163,-0.00749,0.00592,-1e-05,-1.94648,-0.28755,-0.05647,0.54129,0.08882,0.00626,0.00033,-0.66173,-0.00272,0.04066,0.46147,-0.02153,0.01746,-0.00013,-1.38196,-0.09254,-0.03985,-0.18441,-0.00015,-9e-05,-2e-05,-3.07353,0.04997,-0.15696,-0.37005,-0.02225,0.02086,0.00243
5.18,0.08641,0.06909,-0.03606,0.01327,0.03536,-1e-05,-1.65129,-0.13237,-0.05119,0.01754,0.08848,0.01267,-0.0013,-0.47294,-0.00357,0.00299,0.3814,-0.02064,0.02156,3e-05,-1.18314,-0.09394,-0.0965,-0.17638,-9e-05,-0.00145,0.00093,-3.16166,0.08306,-0.06174,-0.44472,-0.01798,0.01833,0.0023
5.2,0.11156,0.09826,-0.05519,0.03282,0.06061,-1e-05,-1.46261,-0.02092,-0.04703,-0.42185,0.08187,0.01912,-0.00216,-0.29823,-0.00386,-0.03518,0.29641,-0.02049,0.02595,2e-05,-0.97207,-0.09423,-0.14525,-0.15892,-4e-05,-0.00254,0.0017,-3.28694,0.10401,0.04555,-0.4967,-0.01518,0.016,0.00227
5.22,0.12321,0.12836,-0.08166,0.04255,0.07566,-1e-05,-1.44524,0.03196,-0.05039,-0.71029,0.07208,0.02678,-0.00127,-0.18375,-0.00255,-0.06238,0.22922,-0.02361,0.03059,-3e-05,-0.77248,-0.09461,-0.19624,-0.1451,1e-05,-0.0032,0.00214,-3.44701,0.11326,0.13954,-0.53153,-0.01413,0.01447,0.00239
5.24,0.11961,0.15484,-0.11419,0.0398,0.07926,-1e-05,-1.61527,0.012,-0.05351,-0.80198,0.05333,0.03323,0.00036,-0.16135,-0.00073,-0.0719,0.19673,-0.02813,0.03427,-0.00113,-0.59897,-0.09369,-0.23469,-0.14593,4e-05,-0.00323,0.00213,-3.63775,0.10794,0.20399,-0.55652,-0.01478,0.014,0.00264
5.26,0.1041,0.17347,-0.14799,0.02723,0.07386,-1e-05,-1.96569,-0.09341,-0.05303,-0.68749,0.02512,0.03537,0.00113,-0.24652,0.0006,-0.06384,0.20133,-0.03106,0.03572,-0.004,-0.45668,-0.08979,-0.24115,-0.16549,4e-05,-0.00256,0.00164,-3.85193,0.08607,0.24208,-0.5769,-0.0166,0.01444,0.00296
5.28,0.07985,0.18333,-0.17777,0.00812,0.06123,-1e-05,-2.48483,-0.28369,-0.05384,-0.39187,-0.00714,0.03406,0.00125,-0.434,0.00175,-0.03951,0.23028,-0.03428,0.03458,-0.0098,-0.34102,-0.08125,-0.22358,-0.19943,4e-05,-0.00123,0.0007,-4.07474,0.04896,0.25653,-0.5937,-0.01858,0.01523,0.00326
5.3,0.05724,0.18197,-0.19488,-0.01224,0.04683,-1e-05,-3.07039,-0.52053,-0.05438,0.0124,-0.03819,0.02771,-0.00018,-0.69362,0.00389,-0.00497,0.2605,-0.03024,0.02981,-0.01524,-0.23643,-0.06602,-0.17041,-0.23831,3e-05,0.00062,-0.00061,-4.28943,-2e-05,0.26918,-0.60769,-0.01938,0.01537,0.00337
5.32,0.04606,0.16771,-0.19201,-0.03354,0.03487,-1e-05,-3.5499,-0.68629,-0.05099,0.44067,-0.04814,0.01715,-6e-05,-0.97418,0.00935,0.03855,0.2644,-0.00522,0.02088,-0.0091,-0.12337,-0.0414,-0.09293,-0.27074,2e-05,0.00272,-0.00214,-4.4779,-0.05726,0.31008,-0.61903,-0.01766,0.01379,0.00311
5.34,0.05225,0.14696,-0.17045,-0.05415,0.02456,-1e-05,-3.87189,-0.7557,-0.04724,0.80722,-0.03774,0.00786,0.00332,-1.235,0.02121,0.09316,0.21707,0.0305,0.00884,0.00729,0.01502,-0.00411,-0.03303,-0.28329,1e-05,0.00481,-0.00378,-4.61875,-0.11884,0.38058,-0.62363,-0.01245,0.00982,0.00247
5.36,0.08129,0.12557,-0.13319,-0.06826,0.01603,-1e-05,-4.04736,-0.76548,-0.04517,1.03757,-0.02384,0.0016,0.00693,-1.45034,0.04335,0.15653,0.10698,0.06289,-0.0052,0.02601,0.19165,0.04718,0.00069,-0.26682,0,0.00676,-0.00543,-4.69636,-0.17947,0.47603,-0.61953,-0.00369,0.00347,0.0015
5.38,0.13746,0.10586,-0.08275,-0.07252,0.01005,-1e-05,-4.03012,-0.69355,-0.04274,1.11088,-0.00781,-0.00216,0.00966,-1.59377,0.07519,0.23007,-0.05977,0.09176,-0.02009,0.04674,0.41184,0.11189,0.01468,-0.22015,-2e-05,0.00844,-0.00703,-4.70367,-0.23489,0.60629,-0.61004,0.00756,-0.0045,0.00034
5.4,0.21773,0.09255,-0.02488,-0.06248,0.00617,-1e-05,-3.88952,-0.58917,-0.04028,1.05154,0.00035,-0.00404,0.0094,-1.65479,0.11814,0.31017,-0.26083,0.11318,-0.03357,0.06607,0.67405,0.18612,0.01734,-0.14572,-7e-05,0.00988,-0.00852,-4.63781,-0.27639,0.73193,-0.5958,0.01922,-0.01261,-0.00081
5.42,0.30874,0.08976,0.03504,-0.03582,0.0036,-1e-05,-3.73495,-0.49996,-0.03811,0.91841,-0.00392,-0.00528,0.00593,-1.63252,0.17912,0.38711,-0.46474,0.12452,-0.04192,0.08097,0.97448,0.26071,0.01884,-0.05107,-0.00014,0.0112,-0.00981,-4.49981,-0.29256,0.7796,-0.57771,0.02865,-0.01917,-0.00181
5.44,0.40072,0.0982,0.09193,0.00597,0.00154,-1e-05,-3.54428,-0.39485,-0.0352,0.78147,-0.00882,-0.00612,0.00212,-1.51873,0.25113,0.46301,-0.64088,0.12834,-0.04261,0.09096,1.30392,0.32966,0.01922,0.05338,-0.00022,0.01229,-0.01088,-4.29387,-0.28169,0.76282,-0.56276,0.03383,-0.02268,-0.00252
5.46,0.48694,0.11803,0.14029,0.06035,-0.00073,-1e-05,-3.30961,-0.26909,-0.03089,0.68672,-0.01058,-0.00641,-0.00093,-1.31359,0.31774,0.54381,-0.7666,0.12695,-0.03544,0.09576,1.65056,0.38873,0.01645,0.1597,-0.00028,0.01298,-0.01166,-4.02821,-0.24436,0.71343,-0.55481,0.03396,-0.0223,-0.00282
5.48,0.55839,0.14959,0.1766,0.1233,-0.00356,-1e-05,-3.07747,-0.14583,-0.02534,0.65188,-0.01276,-0.00641,-0.00307,-1.03203,0.36338,0.62759,-0.83121,0.12303,-0.02228,0.09721,2.00374,0.42812,0.00917,0.2607,-0.00032,0.01333,-0.01204,-3.71814,-0.18072,0.61895,-0.55139,0.02922,-0.01808,-0.00271
5.5,0.59692,0.18631,0.19665,0.18527,-0.00693,-1e-05,-2.86568,-0.04192,-0.02051,0.67475,-0.0147,-0.00601,-0.00426,-0.70146,0.39735,0.70982,-0.83606,0.11805,-0.00173,0.09359,2.34584,0.44466,-0.00869,0.34884,-0.0003,0.01318,-0.01192,-3.38595,-0.09996,0.52477,-0.55126,0.02096,-0.01074,-0.00224
5.52,0.58177,0.21617,0.19663,0.23085,-0.01055,-1e-05,-2.68557,0.03732,-0.01795,0.73862,-0.01426,-0.0051,-0.00489,-0.35267,0.45136,0.7805,-0.79364,0.11371,0.02942,0.08418,2.65486,0.43836,-0.03528,0.41706,-0.00022,0.01234,-0.01123,-3.05704,-0.01068,0.47274,-0.55268,0.01098,-0.00154,-0.00151
5.54,0.52585,0.23666,0.17961,0.25535,-0.01412,-1e-05,-2.55251,0.09191,-0.01668,0.81851,-0.01281,-0.004,-0.00494,-0.00959,0.50467,0.83299,-0.72369,0.11336,0.05972,0.07534,2.91368,0.39757,-0.06082,0.46089,-0.00011,0.01102,-0.00987,-2.75226,0.08135,0.43332,-0.55029,0.00083,0.00818,-0.00073
5.56,0.4486,0.24903,0.15125,0.26159,-0.0174,-1e-05,-2.46616,0.12043,-0.01641,0.89071,-0.0116,-0.00298,-0.00443,0.30973,0.53327,0.86219,-0.65154,0.11828,0.07891,0.0702,3.10822,0.31762,-0.08079,0.47921,-3e-05,0.00938,-0.00784,-2.48453,0.16704,0.39587,-0.54007,-0.00822,0.01735,-3e-05
5.58,0.35397,0.25061,0.11604,0.24938,-0.02028,-1e-05,-2.4135,0.1287,-0.01807,0.93588,-0.01004,-0.00213,-0.00352,0.59563,0.55922,0.85564,-0.60632,0.12585,0.09106,0.06611,3.22504,0.2077,-0.07241,0.473,-0,0.00745,-0.00534,-2.2604,0.24036,0.37708,-0.52077,-0.01532,0.02512,0.00054
5.6,0.2659,0.24392,0.0798,0.22608,-0.02265,-1e-05,-2.36876,0.12247,-0.02137,0.93743,-0.00829,-0.00169,-0.00239,0.84617,0.58278,0.80843,-0.61811,0.13409,0.09119,0.06415,3.25135,0.07996,-0.0591,0.4478,-6e-05,0.00548,-0.00263,-2.0788,0.29443,0.37258,-0.49278,-0.02,0.03083,0.00095
5.62,0.19933,0.2332,0.04817,0.20039,-0.0244,-1e-05,-2.3021,0.10794,-0.02544,0.88389,-0.00611,-0.00181,-0.00112,1.06348,0.6041,0.71575,-0.71118,0.1415,0.07763,0.06615,3.17669,-0.04446,-0.12605,0.41033,-6e-05,0.00363,-5e-05,-1.93378,0.32221,0.37313,-0.45739,-0.02203,0.03404,0.00121
5.64,0.14123,0.21985,0.02306,0.17319,-0.02549,-1e-05,-2.20348,0.09522,-0.03053,0.77026,-0.00262,-0.00241,0.0003,1.24953,0.62695,0.58069,-0.89206,0.14181,0.06501,0.06728,2.99859,-0.14455,-0.23902,0.36322,5e-05,0.00188,0.00211,-1.81738,0.32669,0.38135,-0.4146,-0.02156,0.03452,0.00132
5.66,0.08881,0.20483,0.00358,0.14535,-0.02583,-1e-05,-2.07035,0.08984,-0.03695,0.60149,0.00277,-0.00325,0.00186,1.39911,0.64349,0.42491,-1.14712,0.13213,0.05902,0.06455,2.72379,-0.21012,-0.33102,0.30905,0.00016,0.00029,0.0037,-1.71367,0.31407,0.39569,-0.36528,-0.01893,0.0324,0.00127
5.68,0.04723,0.18934,-0.01081,0.11932,-0.02534,-1e-05,-1.89821,0.09203,-0.04438,0.39472,0.00963,-0.00404,0.00352,1.4946,0.64834,0.26568,-1.4458,0.1155,0.05681,0.05936,2.3706,-0.23773,-0.41991,0.25157,0.00033,-0.00108,0.00471,-1.59767,0.28953,0.40722,-0.3126,-0.01473,0.02824,0.00109
5.7,0.01692,0.17511,-0.02258,0.09551,-0.02397,-1e-05,-1.71291,0.10115,-0.05106,0.17572,0.01758,-0.00445,0.00518,1.5209,0.60467,0.14783,-1.72518,0.09381,0.05714,0.0509,1.97001,-0.23197,-0.46314,0.19296,0.00042,-0.0022,0.00522,-1.44266,0.2622,0.40517,-0.25942,-0.00974,0.02294,0.00085
5.72,-0.001,0.16308,-0.03291,0.07367,-0.02174,-1e-05,-1.54272,0.11571,-0.05446,-0.02307,0.02768,-0.00422,0.00676,1.46135,0.50447,0.09576,-1.90253,0.07092,0.05827,0.03985,1.55816,-0.20286,-0.42398,0.13531,0.00027,-0.00305,0.00532,-1.22305,0.24191,0.37915,-0.20916,-0.00484,0.01756,0.00061
5.74,-0.00686,0.15253,-0.03874,0.05407,-0.01855,-1e-05,-1.38143,0.13272,-0.05509,-0.17415,0.03631,-0.00359,0.00798,1.27636,0.39659,0.07053,-1.93567,0.05253,0.0566,0.02956,1.16542,-0.15985,-0.35849,0.08082,6e-05,-0.00363,0.00513,-0.91886,0.23434,0.32919,-0.16543,-0.0007,0.01293,0.00043
5.76,-0.00328,0.14304,-0.03769,0.0365,-0.01449,-1e-05,-1.22715,0.14947,-0.05365,-0.26498,0.03901,-0.00284,0.00852,0.95229,0.3072,0.05018,-1.81822,0.04042,0.0502,0.02154,0.81007,-0.11161,-0.29768,0.03019,-9e-05,-0.00397,0.00476,-0.52592,0.2408,0.25918,-0.12876,0.00228,0.00957,0.00035
5.78,0.00653,0.13549,-0.0293,0.02048,-0.00987,-1e-05,-1.09067,0.16437,-0.04939,-0.29602,0.03658,-0.00198,0.00831,0.51364,0.23491,0.03542,-1.55634,0.03335,0.04026,0.01551,0.49922,-0.0652,-0.23317,-0.01669,-0.00022,-0.00413,0.00426,-0.0604,0.25792,0.17303,-0.09659,0.00401,0.00761,0.00038
5.8,0.01866,0.1283,-0.01379,0.00624,-0.00504,-1e-05,-0.97395,0.17684,-0.04381,-0.28003,0.0288,-0.00114,0.0073,-0.00472,0.18401,0.02211,-1.20795,0.02989,0.0276,0.01132,0.23275,-0.02465,-0.17207,-0.05992,-0.00029,-0.00412,0.00371,0.44283,0.27395,0.08374,-0.06504,0.00464,0.00687,0.00048
5.82,0.02932,0.1196,0.00702,-0.00699,-0.00056,-1e-05,-0.87685,0.18694,-0.03856,-0.23668,0.01742,-0.00021,0.00564,-0.52014,0.15642,0.01072,-0.84343,0.02828,0.01487,0.00851,0.00625,0.00655,-0.11671,-0.09964,-0.00027,-0.00398,0.00316,0.93946,0.27419,-0.00024,-0.02955,0.00449,0.00703,0.00062
5.84,0.03526,0.11043,0.03022,-0.02024,0.00305,-1e-05,-0.80156,0.19347,-0.03339,-0.18387,0.00716,0.00102,0.00374,-0.95608,0.15112,0.00276,-0.5075,0.02655,0.00612,0.00636,-0.18556,0.02632,-0.05773,-0.13613,-0.00022,-0.00376,0.00263,1.39326,0.2525,-0.07657,0.01376,0.00384,0.00781,0.00075
5.86,0.03468,0.10145,0.05191,-0.03328,0.00562,-1e-05,-0.74639,0.19501,-0.02851,-0.13402,-0.00028,0.00236,0.00187,-1.28589,0.16483,-0.00125,-0.24341,0.02298,0.00182,0.00426,-0.34568,0.03492,0.0064,-0.16987,-0.00018,-0.0035,0.00213,1.78597,0.20889,-0.14131,0.06646,0.0028,0.00909,0.00085
5.88,0.02798,0.09191,0.06699,-0.04568,0.00721,-1e-05,-0.70602,0.1909,-0.02461,-0.09269,-0.00521,0.00355,0.00019,-1.4892,0.18851,-0.00054,-0.07972,0.01621,0.00071,0.00178,-0.47317,0.03325,0.07449,-0.2012,-0.00013,-0.00323,0.00169,2.11559,0.14782,-0.19781,0.1274,0.00134,0.01094,0.00094
5.9,0.01808,0.08159,0.07042,-0.05715,0.00801,-1e-05,-0.67628,0.17895,-0.02108,-0.05846,-0.00794,0.00433,-0.00118,-1.5754,0.2189,0.00514,-0.02048,0.00574,0.00129,-0.00147,-0.5622,0.02288,0.14225,-0.23018,-9e-05,-0.00294,0.0013,2.39334,0.08038,-0.25031,0.19229,-0.00071,0.01362,0.00108
5.92,0.00923,0.07053,0.05903,-0.06749,0.00839,-1e-05,-0.65222,0.15679,-0.01711,-0.02482,-0.00857,0.00444,-0.00216,-1.57021,0.25936,0.01332,-0.0523,-0.00846,0.0023,-0.00567,-0.60501,0.00593,0.19634,-0.25665,-5e-05,-0.00263,0.00097,2.63512,0.02109,-0.30015,0.2545,-0.00356,0.01742,0.00133
5.94,0.00547,0.05902,0.0316,-0.0753,0.00879,-1e-05,-0.62503,0.12417,-0.01282,0.01768,-0.00793,0.00392,-0.00274,-1.48298,0.29521,0.02056,-0.15226,-0.0258,0.00264,-0.01083,-0.59827,-0.01501,0.23523,-0.28019,-1e-05,-0.00232,0.0007,2.8493,-0.01815,-0.35737,0.30828,-0.00735,0.02246,0.00174
5.96,0.00943,0.04728,-0.00984,-0.07931,0.00984,-0,-0.58534,0.0813,-0.00852,0.07983,-0.00687,0.00277,-0.003,-1.33011,0.31106,0.02514,-0.29439,-0.04417,0.00145,-0.01676,-0.54595,-0.03679,0.26512,-0.30039,3e-05,-0.00197,0.00046,3.03257,-0.0329,-0.4284,0.34934,-0.01199,0.02862,0.00231
5.98,0.02078,0.03522,-0.05857,-0.07975,0.01224,-0,-0.52418,0.02875,-0.00442,0.17299,-0.00532,0.00093,-0.00305,-1.1388,0.30945,0.02526,-0.45085,-0.06245,-0.00145,-0.02304,-0.46007,-0.05564,0.28435,-0.3169,6e-05,-0.00156,0.00023,3.16816,-0.02607,-0.50083,0.37384,-0.01713,0.03543,0.003
6,0.03535,0.0236,-0.10705,-0.07645,0.01688,-0,-0.43137,-0.03103,-0.00088,0.30792,-0.00403,-0.00161,-0.00304,-0.94119,0.28105,0.02255,-0.59109,-0.07601,-0.00552,-0.02878,-0.36048,-0.06719,0.29948,-0.32901,9e-05,-0.00104,-5e-05,3.22636,-0.0066,-0.57828,0.37859,-0.02228,0.04202,0.00369
6.02,0.04589,0.01336,-0.14785,-0.06975,0.02474,-0,-0.29337,-0.09314,0.00207,0.49222,-0.0034,-0.00488,-0.0031,-0.76768,0.22322,0.02002,-0.68465,-0.07702,-0.00892,-0.03282,-0.27062,-0.06761,0.32147,-0.33567,0.00014,-0.00038,-0.0004,3.17076,0.01411,-0.67736,0.36102,-0.02693,0.04736,0.00421
6.04,0.04649,0.00457,-0.17039,-0.06148,0.0364,-0,-0.09066,-0.15115,0.00518,0.72807,-0.00304,-0.00875,-0.0033,-0.63658,0.15508,0.01647,-0.70717,-0.07013,-0.01067,-0.03457,-0.21145,-0.05559,0.34502,-0.33598,0.0002,0.00047,-0.00085,2.96599,0.02672,-0.76965,0.32018,-0.03047,0.05068,0.00448
6.06,0.03401,-0.00234,-0.16602,-0.05286,0.05186,-0,0.20151,-0.20042,0.00943,1.00937,-0.00317,-0.01266,-0.0036,-0.55933,0.08525,0.01141,-0.64368,-0.06254,-0.01099,-0.03383,-0.19765,-0.03309,0.36451,-0.32894,0.00029,0.0015,-0.00141,2.59083,0.0266,-0.82567,0.25667,-0.03251,0.05157,0.00449
6.08,0.00763,-0.0064,-0.13228,-0.04419,0.07112,-0,0.61054,-0.24501,0.01543,1.31767,-0.00421,-0.01595,-0.00393,-0.54043,0.01283,0.0063,-0.4903,-0.05257,-0.00992,-0.0303,-0.23693,-0.00537,0.38568,-0.31328,0.0004,0.00269,-0.00206,2.04527,0.01449,-0.85153,0.17275,-0.03319,0.04997,0.00424
6.1,-0.03049,-0.0075,-0.07117,-0.03563,0.09175,-0,1.16429,-0.27146,0.02388,1.62191,-0.00563,-0.01748,-0.00403,-0.57236,-0.06167,0.00209,-0.25657,-0.04312,-0.00837,-0.02436,-0.33037,0.01975,0.38689,-0.28856,0.00053,0.00392,-0.00274,1.34656,-0.00454,-0.83823,0.07351,-0.03274,0.04623,0.00382
6.12,-0.07719,-0.00552,0.00824,-0.02715,0.10895,-0,1.8852,-0.25053,0.03486,1.88159,-0.00616,-0.01585,-0.00367,-0.64008,-0.13797,-0.00043,0.03821,-0.03393,-0.00733,-0.01652,-0.47427,0.03491,0.34102,-0.25445,0.00063,0.00503,-0.00339,0.52765,-0.02375,-0.77966,-0.03539,-0.0315,0.04085,0.00333
6.14,-0.12918,-0.00024,0.09174,-0.01858,0.12157,-0,2.78795,-0.19915,0.04642,2.05362,-0.00587,-0.01044,-0.00295,-0.72841,-0.21485,-0.00069,0.37059,-0.01791,-0.00711,-0.00715,-0.66356,0.03481,0.27208,-0.20973,0.0007,0.00593,-0.00395,-0.37183,-0.03751,-0.69843,-0.14849,-0.03007,0.03426,0.00279
6.16,-0.1836,0.00804,0.16534,-0.00954,0.13068,0,3.87156,-0.15967,0.05516,2.1015,-0.00538,-0.00045,-0.00214,-0.82272,-0.29022,0.00144,0.71478,0.00685,-0.00807,0.0031,-0.89275,0.01771,0.20142,-0.15434,0.00076,0.0066,-0.00436,-1.31409,-0.04271,-0.60731,-0.25916,-0.0288,0.02679,0.00222
6.18,-0.23992,0.0185,0.21603,0.0004,0.13346,0,5.09095,-0.1764,0.057,1.99556,-0.00452,0.01477,-0.00138,-0.90828,-0.36139,0.0059,1.04255,0.03715,-0.0105,0.01321,-1.15361,-0.01378,0.12704,-0.0901,0.0008,0.00701,-0.00459,-2.25564,-0.03911,-0.50322,-0.35983,-0.02762,0.01861,0.00164
6.2,-0.29413,0.03094,0.23529,0.01154,0.11621,0,6.46048,-0.13361,0.05377,1.69933,-0.00409,0.03693,-0.00085,-0.97,-0.41818,0.0109,1.32401,0.06929,-0.01445,0.02219,-1.4352,-0.05439,0.0649,-0.01997,0.00079,0.00716,-0.00464,-3.14056,-0.02939,-0.38994,-0.44232,-0.02629,0.00985,0.00103
6.22,-0.33914,0.0466,0.22162,0.02407,0.09191,0,8.03002,0.15534,0.04642,1.18896,-0.00543,0.07268,-0.0006,-0.99423,-0.44558,0.01271,1.53194,0.10211,-0.01981,0.0295,-1.72436,-0.09971,0.01829,0.05198,0.00073,0.00707,-0.00452,-3.90806,-0.01681,-0.26722,-0.49876,-0.02448,0.00061,0.00041
6.24,-0.37835,0.06398,0.1813,0.03786,0.06619,0,9.68753,0.55224,0.02403,0.48524,-0.00773,0.1259,-0.0004,-0.97495,-0.44281,0.01104,1.6454,0.12707,-0.02594,0.03433,-2.00583,-0.14534,-0.02431,0.12225,0.00064,0.00677,-0.00424,-4.51082,-0.00309,-0.12423,-0.52119,-0.02187,-0.00893,-0.00025
6.26,-0.41724,0.07947,0.12411,0.05251,0.04338,-0,11.29431,0.90323,-0.02096,-0.3638,-0.00838,0.19643,7e-05,-0.91019,-0.41334,0.00723,1.6562,0.13576,-0.03189,0.03614,-2.26357,-0.18709,-0.0626,0.18899,0.00053,0.0063,-0.00383,-4.92305,0.01026,0.04266,-0.50487,-0.01825,-0.01857,-0.00094
6.28,-0.45791,0.09072,0.06041,0.0674,0.02013,-0,12.74301,1.22887,-0.09141,-1.29062,-0.007,0.28474,0.00108,-0.79885,-0.35627,0.001,1.56974,0.13095,-0.03746,0.03556,-2.47975,-0.22442,-0.09202,0.25118,0.0004,0.0057,-0.00332,-5.1369,0.02262,0.23341,-0.45065,-0.01353,-0.02794,-0.00166
6.3,-0.49309,0.09605,0.01015,0.08084,-0.0015,-0,14.15004,1.49612,-0.18841,-2.20014,0.00354,0.39124,0.00284,-0.64586,-0.28082,-0.00503,1.40009,0.11261,-0.04094,0.03307,-2.63366,-0.25447,-0.12133,0.30838,0.00025,0.00505,-0.00276,-5.15391,0.03394,0.43938,-0.36277,-0.00777,-0.0365,-0.00238
6.32,-0.5119,0.09655,-0.01447,0.09044,-0.01872,-0,15.62687,1.65217,-0.30221,-2.98359,0.0385,0.51201,0.00536,-0.45711,-0.19518,-0.00881,1.16602,0.08399,-0.03997,0.02926,-2.70311,-0.27323,-0.17245,0.36021,9e-05,0.0044,-0.00218,-4.98007,0.04397,0.63247,-0.24827,-0.00117,-0.04367,-0.00311
6.34,-0.5237,0.09083,-0.02453,0.09524,-0.03485,-0,16.77439,1.6376,-0.4057,-3.58799,0.09574,0.62678,0.00725,-0.2368,-0.10173,-0.01176,0.8862,0.05675,-0.03623,0.02536,-2.66776,-0.28236,-0.24064,0.40481,-2e-05,0.00381,-0.00166,-4.62428,0.05358,0.80091,-0.11509,0.00599,-0.04888,-0.00379
6.36,-0.53874,0.07755,-0.02584,0.09499,-0.05234,-0,17.27318,1.43993,-0.47013,-4.02437,0.16539,0.71278,0.00742,0.00771,-0.00611,-0.01508,0.57767,0.03588,-0.03171,0.02197,-2.51406,-0.28284,-0.30662,0.43906,-7e-05,0.00332,-0.00126,-4.08672,0.06362,0.94594,0.02925,0.01348,-0.05176,-0.00435
6.38,-0.55787,0.06028,-0.01307,0.08931,-0.07123,-0,17.07976,1.11134,-0.47656,-4.2992,0.2457,0.75292,0.00654,0.26433,0.08242,-0.01951,0.25742,0.02038,-0.02589,0.01885,-2.23732,-0.27207,-0.35605,0.45871,-5e-05,0.00298,-0.00102,-3.35785,0.07364,1.05917,0.17705,0.02101,-0.05223,-0.00478
6.4,-0.56655,0.03834,0.02198,0.07792,-0.08457,-0,16.26939,0.68305,-0.38268,-4.55922,0.33589,0.73162,0.00446,0.51881,0.15795,-0.0242,-0.05601,0.00953,-0.01983,0.0158,-1.84476,-0.24593,-0.42082,0.45728,2e-05,0.0029,-0.00099,-2.42841,0.0822,1.1123,0.31863,0.02821,-0.05049,-0.00504
6.42,-0.54709,0.01038,0.0856,0.06139,-0.0814,-0,14.95926,0.26352,-0.16664,-4.97195,0.42407,0.64597,0.00212,0.76015,0.22514,-0.02772,-0.34355,0.00197,-0.01338,0.01247,-1.34895,-0.201,-0.5437,0.42798,6e-05,0.00318,-0.00117,-1.29425,0.08735,1.07092,0.4422,0.03468,-0.04686,-0.00515
6.44,-0.50715,-0.02096,0.19229,0.04295,-0.07041,-0,13.13557,0.02547,0.05549,-5.42606,0.49083,0.50421,0.00033,0.9729,0.27839,-0.03181,-0.58997,-0.00371,-0.00409,0.00819,-0.76055,-0.13693,-0.64539,0.36723,7e-05,0.00381,-0.00153,0.03643,0.08819,0.9562,0.53969,0.04013,-0.0416,-0.00505
6.46,-0.4461,-0.05111,0.35992,0.02575,-0.05508,-0,10.97629,0.0347,0.14645,-5.80362,0.51833,0.33154,-0.00245,1.14054,0.30756,-0.03796,-0.78602,-0.00817,0.00903,0.00276,-0.09714,-0.05478,-0.65764,0.27519,5e-05,0.00474,-0.00201,1.53305,0.08472,0.79737,0.60703,0.04442,-0.03508,-0.00474
6.48,-0.34961,-0.07661,0.59793,0.01162,-0.03592,-0,8.78557,0.27326,0.03854,-6.02222,0.47463,0.17179,-0.00869,1.25312,0.31431,-0.0447,-0.92655,-0.01176,0.02556,-0.0035,0.61257,0.04244,-0.58864,0.15637,-2e-05,0.00596,-0.00249,3.12869,0.07759,0.59942,0.64073,0.04757,-0.02789,-0.00427
6.5,-0.20575,-0.09471,0.8695,0.00305,-0.01283,-0,6.76492,0.64782,-0.28288,-6.08487,0.38805,0.04747,-0.01675,1.30086,0.30052,-0.05144,-1.0079,-0.0147,0.04497,-0.00985,1.32663,0.14731,-0.39979,0.02051,-0.00012,0.0073,-0.0029,4.71909,0.06792,0.39631,0.63917,0.04985,-0.0207,-0.00369
6.52,-0.0172,-0.09881,1.08309,7e-05,0.00944,0,5.0955,0.98796,-0.65946,-6.00513,0.30962,0.00023,-0.01906,1.27641,0.26903,-0.05745,-1.02855,-0.01714,0.06725,-0.01499,1.99158,0.24714,-0.11579,-0.12026,-0.0002,0.00851,-0.00319,6.18523,0.05748,0.20792,0.6025,0.05162,-0.01425,-0.00309
6.54,0.19065,-0.08181,1.18542,0.00015,0.02436,0,3.67499,1.17799,-0.93008,-5.5896,0.19245,0.07087,-0.01578,1.17485,0.21978,-0.06053,-0.99368,-0.01914,0.08939,-0.01828,2.56064,0.33113,0.18305,-0.25435,-0.00022,0.00947,-0.00334,7.41575,0.04872,0.02772,0.53328,0.05286,-0.00913,-0.00258
6.56,0.3948,-0.04869,1.17112,0.00145,0.03067,0,2.21793,1.19055,-1.05655,-4.72152,0.04774,0.23592,-0.01063,0.99875,0.15293,-0.05913,-0.91329,-0.02082,0.1071,-0.01989,2.99877,0.39257,0.47323,-0.37191,-0.00019,0.0101,-0.00334,8.33232,0.04248,-0.13849,0.43699,0.05342,-0.00564,-0.00223
6.58,0.57588,-0.0158,1.05038,0.00286,0.02928,0,0.5412,1.05438,-1.03776,-3.40557,-0.06821,0.45909,-0.00303,0.76257,0.07123,-0.05234,-0.80029,-0.02248,0.11844,-0.01997,3.27591,0.42397,0.74821,-0.46511,-0.00014,0.01029,-0.00319,8.89563,0.03758,-0.27846,0.32242,0.05313,-0.00381,-0.00204
6.6,0.71143,0.00516,0.82221,0.00205,0.01501,0,-1.37236,0.81957,-0.89154,-1.98735,-0.11475,0.68863,0.00446,0.48523,-0.02417,-0.04386,-0.67415,-0.02481,0.122,-0.01937,3.36438,0.42409,0.9637,-0.52657,-2e-05,0.00983,-0.00292,9.09559,0.03278,-0.39601,0.20207,0.05177,-0.00342,-0.00199
6.62,0.78588,-0.00364,0.54051,-0.0048,-0.01464,0,-3.24568,0.56191,-0.59478,-0.59425,0.04108,0.83588,0.02074,0.197,-0.11693,-0.03687,-0.55447,-0.02883,0.11764,-0.01907,3.24264,0.39614,1.04164,-0.5505,0.0003,0.00852,-0.00254,8.94088,0.02675,-0.5169,0.08949,0.04908,-0.00412,-0.00202
6.64,0.81128,-0.05633,0.30735,-0.01645,-0.04402,0,-4.79541,0.36302,-0.26814,1.10445,0.29052,0.83893,0.04508,-0.06896,-0.19255,-0.0285,-0.45375,-0.03451,0.10525,-0.01932,2.90693,0.34026,1.00981,-0.53558,0.00063,0.00648,-0.002,8.44255,0.01792,-0.63001,-0.00439,0.04463,-0.0055,-0.00206
6.66,0.80566,-0.14707,0.15039,-0.02873,-0.06724,0,-5.85464,0.24747,-0.05367,3.01356,0.45766,0.74349,0.06599,-0.29381,-0.24943,-0.01759,-0.3783,-0.04148,0.08638,-0.02024,2.37111,0.26148,0.92873,-0.48554,0.00078,0.00387,-0.00123,7.6278,0.00606,-0.71128,-0.07292,0.03824,-0.00714,-0.00209
6.68,0.78196,-0.25881,0.03816,-0.04043,-0.08881,-0,-6.29469,0.17822,0.03694,4.9517,0.54779,0.6083,0.07899,-0.46789,-0.28324,-0.00556,-0.32731,-0.05025,0.06503,-0.02208,1.66877,0.17112,0.79137,-0.40932,0.00078,0.00081,-0.00027,6.55245,-0.00756,-0.76779,-0.11379,0.03021,-0.00862,-0.00204
6.7,0.73246,-0.37763,-0.05724,-0.04858,-0.10432,-0,-6.09575,0.17402,0.00382,6.80334,0.53097,0.4644,0.0837,-0.58864,-0.28863,0.00684,-0.29248,-0.05815,0.04224,-0.0245,0.85828,0.08094,0.65357,-0.31998,0.00062,-0.00244,0.00085,5.29087,-0.02123,-0.79497,-0.12826,0.02099,-0.00953,-0.00188
6.72,0.63901,-0.49533,-0.13874,-0.05101,-0.1085,-0,-5.39398,0.25461,-0.06567,8.40081,0.37175,0.28516,0.08379,-0.65964,-0.26181,0.01943,-0.26167,-0.06021,0.02117,-0.02689,0.00579,0.00069,0.56619,-0.2331,0.00034,-0.00558,0.00204,3.92803,-0.03321,-0.78797,-0.12004,0.01127,-0.00943,-0.00158
6.74,0.52756,-0.58101,-0.1841,-0.04814,-0.10885,-0,-4.41393,0.33983,-0.11918,9.36959,0.20444,0.13315,0.0758,-0.68592,-0.20939,0.03175,-0.2242,-0.05789,0.00677,-0.02901,-0.83455,-0.0639,0.49067,-0.16348,3e-05,-0.00836,0.00323,2.53929,-0.04239,-0.7591,-0.09385,0.00173,-0.00796,-0.00113
6.76,0.42089,-0.61487,-0.19025,-0.04025,-0.11113,-0,-3.34942,0.36177,-0.16924,9.56937,0.09625,0.04396,0.05988,-0.67449,-0.13936,0.04297,-0.17528,-0.05421,-0.00141,-0.03075,-1.62748,-0.11098,0.40846,-0.12,-0.00026,-0.01064,0.00433,1.17402,-0.04818,-0.71694,-0.05519,-0.00739,-0.00485,-0.00049
6.78,0.32106,-0.60814,-0.16174,-0.02765,-0.11526,-0,-2.33403,0.28856,-0.22943,9.09561,0.03578,0.00137,0.0404,-0.63382,-0.05786,0.05366,-0.1177,-0.04792,-0.00562,-0.03194,-2.35706,-0.14083,0.33436,-0.10574,-0.00053,-0.01236,0.0053,-0.13657,-0.05042,-0.66564,-0.01055,-0.01617,8e-05,0.00032
6.8,0.23441,-0.55915,-0.1155,-0.01082,-0.11807,-0,-1.48171,0.12927,-0.29867,8.10871,0.00643,0.00131,0.0216,-0.57294,0.0232,0.06122,-0.06133,-0.04124,-0.00822,-0.03261,-3.01433,-0.15684,0.26918,-0.12023,-0.00072,-0.01358,0.0061,-1.3663,-0.04949,-0.60652,0.03275,-0.02489,0.00689,0.00131
6.82,0.16642,-0.47119,-0.06899,0.00861,-0.09883,-0,-0.8509,-0.05771,-0.35971,6.83224,0.00026,0.02924,0.00749,-0.50043,0.10115,0.06155,-0.01923,-0.03779,-0.01198,-0.03298,-3.59071,-0.16346,0.21292,-0.16027,-0.00067,-0.01444,0.00669,-2.48835,-0.04587,-0.54124,0.06793,-0.03384,0.01548,0.00246
6.84,0.11832,-0.37742,-0.03101,0.02869,-0.07662,-1e-05,-0.45535,-0.26812,-0.41278,5.46567,0.0106,0.07538,0.00029,-0.42179,0.17404,0.05698,-0.00236,-0.03536,-0.01797,-0.03314,-4.08493,-0.16093,0.16878,-0.21969,-0.00045,-0.01494,0.0071,-3.48053,-0.03972,-0.47849,0.09035,-0.04318,0.02558,0.00372
6.86,0.08946,-0.29968,-0.00762,0.04839,-0.05673,-1e-05,-0.28952,-0.49193,-0.46527,4.1622,0.02218,0.13971,0.00024,-0.34019,0.23441,0.05037,-0.01665,-0.03236,-0.02573,-0.03309,-4.49146,-0.14935,0.13641,-0.28995,-0.0002,-0.01507,0.00734,-4.32379,-0.0317,-0.42235,0.09873,-0.05275,0.03666,0.00503
6.88,0.07793,-0.23895,0.00012,0.06669,-0.03872,-0,-0.32131,-0.66852,-0.5153,3.00932,0.03115,0.21248,0.00528,-0.25769,0.28135,0.04162,-0.06221,-0.03076,-0.03554,-0.03292,-4.78836,-0.13125,0.11408,-0.3609,0.00011,-0.01485,0.00741,-4.99088,-0.02346,-0.36955,0.09582,-0.0619,0.04789,0.00627
6.9,0.07921,-0.19076,-0.00589,0.08201,-0.02301,-0,-0.49581,-0.79075,-0.52517,2.06931,0.03192,0.29561,0.01356,-0.17531,0.31722,0.031,-0.13424,-0.02803,-0.04391,-0.0325,-4.94416,-0.11029,0.09916,-0.41956,0.00037,-0.01436,0.00729,-5.44598,-0.01787,-0.32114,0.08762,-0.06985,0.05804,0.00729
6.92,0.08732,-0.14927,-0.02747,0.0924,-0.00994,-0,-0.7465,-0.87184,-0.44662,1.36286,0.02034,0.39476,0.02474,-0.09311,0.34561,0.0197,-0.22507,-0.02098,-0.04383,-0.0316,-4.92554,-0.09007,0.08901,-0.45238,0.00043,-0.01366,0.00697,-5.65248,-0.01787,-0.27727,0.08187,-0.07578,0.06577,0.0079
6.94,0.09825,-0.11701,-0.06235,0.0977,0.0004,-0,-1.00622,-0.87139,-0.31447,0.85437,0.00763,0.47666,0.03314,-0.01013,0.36691,0.01002,-0.32673,-0.01377,-0.03777,-0.03034,-4.71199,-0.0727,0.08235,-0.44883,0.00039,-0.01267,0.00647,-5.58654,-0.02557,-0.23146,0.08581,-0.07856,0.07011,0.00805
6.96,0.10903,-0.09411,-0.10255,0.0986,0.00822,-0,-1.21117,-0.7664,-0.16673,0.49392,-0.00016,0.51571,0.03398,0.07527,0.38049,0.00315,-0.43226,-0.00893,-0.03091,-0.02882,-4.30994,-0.05984,0.07791,-0.40381,0.00035,-0.01134,0.0058,-5.25408,-0.0416,-0.18261,0.10426,-0.07754,0.07068,0.00777
6.98,0.11631,-0.07509,-0.14378,0.09537,0.0139,-0,-1.29942,-0.57003,0.01319,0.22916,-0.00598,0.52192,0.02871,0.16468,0.38864,-0.00082,-0.53525,-0.00447,-0.02228,-0.02701,-3.75734,-0.0525,0.07395,-0.319,0.00028,-0.00976,0.00495,-4.69692,-0.06436,-0.13685,0.13911,-0.07312,0.06772,0.00711
7,0.1155,-0.05935,-0.18762,0.08996,0.01785,-0,-1.21997,-0.35518,0.1324,0.01226,-0.00787,0.48909,0.01748,0.25905,0.39309,-0.00202,-0.62831,-0.00237,-0.01597,-0.02523,-3.12482,-0.05011,0.06946,-0.2013,0.0002,-0.00797,0.00399,-3.98913,-0.08873,-0.10043,0.18921,-0.06585,0.06211,0.00624
7.02,0.10253,-0.046,-0.23745,0.08467,0.02041,-0,-0.94344,-0.19177,0.12145,-0.23441,-0.00395,0.42008,0.00492,0.35859,0.39539,-0.00133,-0.70398,-0.00358,-0.01575,-0.02381,-2.49549,-0.05116,0.06369,-0.063,0.0001,-0.00606,0.00296,-3.22128,-0.10712,-0.08224,0.25067,-0.05665,0.05502,0.00531
7.04,0.08116,-0.03224,-0.28298,0.07983,0.02192,-0,-0.46524,-0.04267,0.08943,-0.57019,0.00188,0.34929,-0.00245,0.46287,0.39682,0.00048,-0.7582,-0.00455,-0.01699,-0.02255,-1.93751,-0.05411,0.05629,0.08134,4e-05,-0.00421,0.00191,-2.47702,-0.11374,-0.08997,0.31823,-0.04696,0.04747,0.0044
7.06,0.0573,-0.01784,-0.31268,0.07581,0.0226,-0,0.17228,0.12502,0.07662,-1.00203,0.00697,0.29275,-0.00447,0.57073,0.39824,0.00295,-0.79044,-0.00416,-0.01694,-0.02122,-1.4955,-0.05751,0.04726,0.21941,-0,-0.00253,0.00089,-1.82155,-0.10564,-0.12352,0.38527,-0.03776,0.0402,0.00357
7.08,0.03472,-0.0045,-0.32195,0.07344,0.02256,-0,0.86605,0.30412,0.06129,-1.5384,0.01243,0.24136,-0.0024,0.67958,0.40084,0.00553,-0.80289,-0.00338,-0.01688,-0.0198,-1.19043,-0.06019,0.03665,0.33946,-1e-05,-0.00105,-6e-05,-1.30369,-0.08295,-0.17401,0.44283,-0.02945,0.03368,0.00286
7.1,0.01646,0.00616,-0.31393,0.07211,0.02182,-0,1.48246,0.46512,0.04479,-2.08705,0.01632,0.19707,0.00141,0.78631,0.40473,0.00765,-0.80154,-0.00244,-0.01646,-0.01797,-1.02314,-0.06108,0.02603,0.42914,-1e-05,0.00019,-0.00089,-0.96033,-0.04909,-0.23045,0.48032,-0.0224,0.02811,0.00228
7.12,0.00465,0.01344,-0.29027,0.07073,0.02029,-0,1.91062,0.58598,0.02113,-2.48141,0.01602,0.16169,0.00427,0.88711,0.40947,0.00882,-0.7939,-0.00152,-0.01521,-0.01539,-0.98021,-0.05937,0.01621,0.47704,-0,0.00116,-0.00153,-0.81521,-0.01027,-0.284,0.48717,-0.01678,0.0235,0.00181
7.14,3e-05,0.01724,-0.2495,0.06934,0.01796,-0,2.01132,0.71101,-0.02616,-2.70732,0.01365,0.12107,0.00706,0.9753,0.41555,0.00923,-0.78512,-0.00083,-0.01387,-0.01219,-1.03917,-0.05489,0.00609,0.47669,-1e-05,0.00184,-0.00195,-0.87278,0.02702,-0.31951,0.45576,-0.01255,0.01984,0.00146
7.16,-0,0.01741,-0.19902,0.06788,0.01478,-0,1.70069,0.86214,-0.10712,-2.7762,0.01072,0.07222,0.01104,1.04394,0.42253,0.00918,-0.77752,-0.00037,-0.01271,-0.00856,-1.17259,-0.04761,-0.00433,0.42802,-1e-05,0.00226,-0.00214,-1.11355,0.05916,-0.32543,0.3841,-0.00962,0.01707,0.0012
7.18,0.00228,0.0155,-0.1475,0.06586,0.01065,-0,1.0137,1.00501,-0.22862,-2.62201,0.00638,0.02326,0.01452,1.08725,0.4279,0.00858,-0.77057,-0.00011,-0.01152,-0.0047,-1.34891,-0.03753,-0.01448,0.33716,-1e-05,0.00243,-0.00211,-1.49187,0.08477,-0.30311,0.27668,-0.0078,0.01508,0.00103
7.2,0.00428,0.01032,-0.10365,0.06256,0.00565,-0,0.02321,1.13776,-0.3709,-2.31488,0.00276,-0.02164,0.01877,1.10067,0.43025,0.0077,-0.76031,-2e-05,-0.0103,-0.00115,-1.5304,-0.02521,-0.02396,0.21809,-1e-05,0.0024,-0.0019,-1.9363,0.10485,-0.25486,0.14504,-0.00685,0.01383,0.00091
7.22,0.00395,-0.00076,-0.07214,0.05734,-0.00031,-0,-1.14845,1.26037,-0.475,-1.92996,0.00113,-0.05064,0.02686,1.081,0.4284,0.00671,-0.74116,-5e-05,-0.00876,0.00181,-1.67785,-0.01125,-0.03261,0.08694,-1e-05,0.00225,-0.00158,-2.36357,0.12181,-0.18859,0.00304,-0.00646,0.01324,0.00085
7.24,0.00348,-0.01371,-0.04904,0.05082,-0.00738,-0,-2.39609,1.32019,-0.52251,-1.42195,-0.00034,-0.06029,0.03389,1.02371,0.41804,0.00543,-0.70892,-0.00013,-0.00629,0.00402,-1.76118,0.00396,-0.04014,-0.04237,1e-05,0.00199,-0.0012,-2.70679,0.13645,-0.11877,-0.13692,-0.00626,0.0131,0.0008
7.26,0.00369,-0.02467,-0.03097,0.04367,-0.0154,-0,-3.66449,1.28579,-0.5201,-0.79925,-0.00068,-0.06096,0.03517,0.9286,0.39636,0.00387,-0.66108,-0.00023,-0.0021,0.0053,-1.761,0.01977,-0.04623,-0.15676,6e-05,0.00166,-0.00082,-2.92664,0.14833,-0.05178,-0.26382,-0.00581,0.01304,0.00073
7.28,0.00202,-0.03394,-0.01662,0.03585,-0.02384,-0,-4.88209,1.17795,-0.46654,-0.12542,0.00158,-0.05672,0.03148,0.80254,0.36393,0.00219,-0.59689,-0.00029,0.00452,0.00585,-1.66727,0.03544,-0.05118,-0.2453,0.00011,0.00131,-0.00049,-3.00866,0.15642,0.01319,-0.36933,-0.00456,0.01252,0.00062
7.3,-0.00292,-0.04061,-0.00505,0.02829,-0.03235,-0,-5.88463,1.0132,-0.36705,0.53522,0.0096,-0.05087,0.022,0.65271,0.31924,0.00056,-0.518,-0.00033,0.01436,0.00601,-1.48194,0.04995,-0.05553,-0.29822,0.00014,0.00097,-0.00025,-2.96422,0.15858,0.07986,-0.44593,-0.00194,0.01085,0.00043
7.32,-0.01071,-0.04418,0.00395,0.02151,-0.04082,-0,-6.43043,0.81818,-0.23657,1.14755,0.02956,-0.04308,0.00866,0.48933,0.26262,-0.00064,-0.42708,-0.00045,0.0293,0.00624,-1.21403,0.06196,-0.05978,-0.30769,0.00012,0.00068,-0.00011,-2.81851,0.15216,0.15562,-0.48745,0.0026,0.00733,0.00012
7.34,-0.01792,-0.04559,0.00976,0.01463,-0.0476,-0,-6.42805,0.61055,-0.12098,1.65259,0.06184,-0.03223,-0.00403,0.32552,0.19889,-0.00105,-0.32597,-0.00059,0.04957,0.00714,-0.87437,0.07069,-0.06431,-0.27146,7e-05,0.00046,-0.00011,-2.5942,0.1346,0.2449,-0.49213,0.00946,0.00147,-0.00031
7.36,-0.02109,-0.04579,0.01221,0.00745,-0.05098,-0,-5.89972,0.39311,-0.04001,1.98274,0.10053,-0.01922,-0.01397,0.16996,0.13151,-0.00042,-0.21612,-0.0006,0.07346,0.00912,-0.4772,0.0757,-0.06911,-0.19279,-0,0.00033,-0.00024,-2.3086,0.10502,0.3462,-0.46203,0.01864,-0.00682,-0.00085
7.38,-0.01733,-0.04576,0.01187,0.00032,-0.05086,-0,-4.88241,0.17085,0.01027,2.14233,0.13168,0.00157,-0.0209,0.02865,0.06307,0.00144,-0.09958,-0.00025,0.09947,0.01216,-0.04279,0.07652,-0.07332,-0.08069,-9e-05,0.00029,-0.00049,-1.97437,0.065,0.45624,-0.40274,0.02979,-0.0172,-0.00147
7.4,-0.0101,-0.04522,0.00997,-0.00637,-0.04662,-0,-3.59602,-0.05618,0.04038,2.102,0.16244,0.01476,-0.02271,-0.09169,-0.00242,0.00449,0.02033,0.00094,0.12653,0.01619,0.402,0.07315,-0.07742,0.05009,-0.00017,0.00034,-0.00082,-1.60066,0.01816,0.55746,-0.32247,0.04202,-0.02884,-0.00213
7.42,-0.00645,-0.04434,0.00774,-0.01223,-0.03857,-0,-2.26631,-0.24269,0.09062,1.8588,0.21294,0.0019,-0.01606,-0.18382,-0.05883,0.00808,0.13914,0.0037,0.15357,0.02114,0.82997,0.06567,-0.08226,0.18054,-0.00021,0.00046,-0.0012,-1.19416,-0.03076,0.62241,-0.2318,0.05407,-0.04067,-0.00279
7.44,-0.00388,-0.04512,0.00536,-0.01682,-0.02886,-0,-0.99183,-0.36137,0.17221,1.52644,0.24213,-0.01339,-0.00664,-0.24324,-0.10084,0.01152,0.25227,0.00888,0.17687,0.02641,1.2199,0.05372,-0.08504,0.29413,-0.00019,0.00064,-0.00159,-0.75961,-0.07742,0.64719,-0.14219,0.0649,-0.05162,-0.00338
7.46,4e-05,-0.04867,0.00282,-0.01981,-0.01886,-0,0.1186,-0.43107,0.25907,1.18423,0.21932,-0.0178,-0.00072,-0.2698,-0.12592,0.01439,0.35547,0.01701,0.1927,0.03123,1.56085,0.0371,-0.08371,0.38095,-0.00013,0.00085,-0.00194,-0.30359,-0.11883,0.63743,-0.06129,0.07371,-0.06075,-0.00385
7.48,0.0025,-0.05408,0.0001,-0.02133,-0.00905,-0,0.97356,-0.45848,0.35716,0.84755,0.17215,-0.0199,0.00084,-0.26691,-0.13276,0.01599,0.44446,0.02661,0.19988,0.03489,1.85374,0.016,-0.07934,0.4351,-4e-05,0.00108,-0.00222,0.16154,-0.15386,0.59259,0.0065,0.07979,-0.06736,-0.00416
7.5,0.00479,-0.06029,-0.00301,-0.02152,0.00017,-0,1.53322,-0.46113,0.41964,0.54142,0.08838,-0.01533,-0.00314,-0.24219,-0.12217,0.01574,0.51497,0.0377,0.1992,0.03705,2.10365,-0.00923,-0.07136,0.45598,5e-05,0.00127,-0.00241,0.61517,-0.18111,0.52607,0.05834,0.08248,-0.0708,-0.00427
7.52,0.00728,-0.06606,-0.00715,-0.02067,0.0086,-0,1.79409,-0.45719,0.39134,0.28207,0.00542,-0.00424,-0.00334,-0.20555,-0.09654,0.01337,0.56321,0.05191,0.19186,0.03763,2.31524,-0.03751,-0.06019,0.44615,6e-05,0.0014,-0.00245,1.02926,-0.19896,0.45272,0.09343,0.08126,-0.0705,-0.00417
7.54,0.00726,-0.06906,-0.01294,-0.01949,0.0164,-0,1.76876,-0.44885,0.32823,0.07873,-0.01822,0.00499,0.00344,-0.16677,-0.05926,0.00936,0.58669,0.06196,0.17607,0.03585,2.49123,-0.06749,-0.04922,0.40772,4e-05,0.00143,-0.00233,1.37393,-0.20911,0.37556,0.11222,0.07596,-0.06622,-0.00383
7.56,0.00458,-0.06754,-0.02065,-0.01851,0.02416,-0,1.48353,-0.44078,0.26558,-0.05838,-0.0031,0.00773,0.01069,-0.13516,-0.01552,0.00466,0.58583,0.06211,0.1509,0.03148,2.62409,-0.09788,-0.04009,0.34473,3e-05,0.00131,-0.00202,1.61952,-0.2132,0.29756,0.11669,0.06673,-0.05797,-0.00326
7.58,0.00069,-0.0614,-0.03054,-0.01783,0.03277,-0,0.98301,-0.43852,0.19481,-0.12235,0.0332,0.00652,0.01757,-0.11924,0.02764,0.0001,0.56379,0.05584,0.11758,0.02545,2.69146,-0.12659,-0.03246,0.26432,2e-05,0.00103,-0.00151,1.73412,-0.21048,0.22258,0.11089,0.05403,-0.0461,-0.00247
7.6,-0.00326,-0.05078,-0.04174,-0.01752,0.04334,-0,0.31313,-0.4367,0.12246,-0.10985,0.06675,0.00166,0.01949,-0.12667,0.06225,-0.00326,0.52574,0.04354,0.0755,0.0183,2.65837,-0.15102,-0.02595,0.17599,0,0.00056,-0.0008,1.68386,-0.20098,0.15168,0.10028,0.03874,-0.03133,-0.00151
7.62,-0.00636,-0.03735,-0.05234,-0.01757,0.05707,-1e-05,-0.48375,-0.42485,0.05037,-0.0199,0.07403,-0.00027,0.01442,-0.16361,0.08126,-0.00503,0.47768,0.02888,0.02812,0.01108,2.48929,-0.16844,-0.01995,0.08944,-4e-05,-0.00013,8e-05,1.44132,-0.18451,0.08428,0.09057,0.02194,-0.0146,-0.00044
7.64,-0.00798,-0.0246,-0.06122,-0.01796,0.07495,-1e-05,-1.37816,-0.39942,-0.02541,0.14733,0.07232,0.01262,0.00797,-0.2335,0.07814,-0.00581,0.42465,0.01945,-0.01733,0.00529,2.16882,-0.17632,-0.01356,0.01213,-2e-05,-0.001,0.0011,1.00043,-0.16041,0.01951,0.08573,0.00461,0.00312,0.00066
7.66,-0.0077,-0.01487,-0.06664,-0.01877,0.09765,-1e-05,-2.35551,-0.35586,-0.09919,0.38533,0.07703,0.05073,0.00278,-0.33641,0.04839,-0.00611,0.37122,0.017,-0.05464,0.00147,1.71062,-0.17332,-0.00628,-0.05057,9e-05,-0.002,0.00216,0.38731,-0.12918,-0.04284,0.08718,-0.01239,0.02097,0.00174
7.68,-0.00558,-0.00916,-0.06585,-0.02006,0.12535,-1e-05,-3.41035,-0.27687,-0.1647,0.67585,0.07856,0.10972,-0.00097,-0.46933,-0.00938,-0.00609,0.32218,0.02005,-0.08251,-0.00042,1.16208,-0.1594,0.00206,-0.09583,0.0003,-0.003,0.00315,-0.33245,-0.09285,-0.10113,0.09351,-0.02824,0.03804,0.00274
7.7,-0.00188,-0.00786,-0.05674,-0.02217,0.15637,-1e-05,-4.48731,-0.15952,-0.20635,1.00904,0.08652,0.20991,-0.00298,-0.62388,-0.09479,-0.0056,0.28284,0.02759,-0.09139,-0.00051,0.60463,-0.13689,0.01121,-0.12265,0.00053,-0.00382,0.00389,-1.05679,-0.05584,-0.15371,0.10026,-0.0422,0.05332,0.00357
7.72,0.00242,-0.01042,-0.03735,-0.02558,0.18769,-0,-5.4527,-0.04314,-0.20181,1.40684,0.12091,0.40208,-0.00459,-0.78828,-0.2031,-0.00391,0.25836,0.03851,-0.05929,0.00101,0.13041,-0.10868,0.01984,-0.13126,0.00052,-0.00427,0.0042,-1.67495,-0.02203,-0.20062,0.10138,-0.0539,0.06576,0.00408
7.74,0.00601,-0.01527,-0.0075,-0.03047,0.21723,-0,-6.23442,0.05405,-0.16584,1.84981,0.15754,0.61204,-0.00649,-0.95562,-0.33044,-0.0005,0.25193,0.05098,-0.00808,0.00393,-0.19027,-0.0762,0.02702,-0.12373,0.00032,-0.00421,0.00394,-2.10064,0.00635,-0.23676,0.09214,-0.06268,0.07467,0.00429
7.76,0.00783,-0.02019,0.03043,-0.03698,0.23905,-0,-6.79345,0.11202,-0.12085,2.29236,0.17644,0.75283,-0.00843,-1.12278,-0.47615,0.00485,0.26461,0.06327,0.03106,0.00799,-0.32939,-0.04148,0.0326,-0.10288,0.00012,-0.00357,0.00308,-2.29876,0.02729,-0.2557,0.06958,-0.06805,0.07982,0.00427
7.78,0.00738,-0.02366,0.07261,-0.04539,0.22683,-0,-7.01919,0.0112,-0.07533,2.7242,0.18204,0.82647,-0.01073,-1.28577,-0.63824,0.01272,0.29492,0.07227,0.06132,0.01279,-0.30622,-0.00723,0.03591,-0.07195,-0.0001,-0.00242,0.00171,-2.29547,0.04045,-0.2554,0.03247,-0.07035,0.08145,0.00404
7.8,0.00489,-0.02345,0.11351,-0.05598,0.21025,-0,-6.84574,-0.14306,-0.03802,3.06952,0.16909,0.81217,-0.01152,-1.43768,-0.80161,0.02066,0.33833,0.07905,0.06852,0.01791,-0.18053,0.02394,0.03633,-0.03491,-0.00024,-0.00093,5e-05,-2.16438,0.04678,-0.23234,-0.01796,-0.0699,0.08015,0.0037
7.82,0.00218,-0.01755,0.14537,-0.06897,0.18006,-0,-6.19493,-0.06371,-0.00998,3.20838,0.14184,0.72125,-0.00879,-1.5685,-0.93991,0.02463,0.3881,0.08739,0.04482,0.02303,-0.03333,0.04932,0.03341,0.00446,-0.00023,0.00066,-0.00162,-2.00243,0.04797,-0.18461,-0.07884,-0.06718,0.07668,0.00335
7.84,0.0011,-0.00951,0.1619,-0.08372,0.14548,-0,-4.99523,0.11012,0.00842,3.10916,0.11367,0.61359,-0.004,-1.67278,-1.04845,0.02487,0.43715,0.09232,0.01691,0.02724,0.06012,0.06739,0.02751,0.04376,-0.00017,0.00214,-0.00307,-1.89531,0.04672,-0.11471,-0.14546,-0.06296,0.07166,0.00298
7.86,0.00054,-0.0037,0.16088,-0.09903,0.11366,-0,-3.2705,0.20174,0.01608,2.78537,0.08984,0.5182,0.00169,-1.74611,-1.12993,0.02193,0.47891,0.08947,-0.0015,0.0296,0.04849,0.07819,0.01942,0.0825,-7e-05,0.00337,-0.00413,-1.88871,0.04529,-0.02679,-0.21066,-0.05773,0.06544,0.00258
7.88,-0.00366,-0.00145,0.14144,-0.11341,0.0794,0,-1.13247,0.31047,0.01347,2.25064,0.0685,0.43429,0.00722,-1.77959,-1.17636,0.01507,0.50728,0.08098,-0.01458,0.02983,-0.09112,0.0827,0.01001,0.12208,6e-05,0.00433,-0.00478,-1.98171,0.04504,0.07259,-0.2648,-0.05162,0.05816,0.00216
7.9,-0.01648,-0.00079,0.11201,-0.12482,0.04786,0,1.19583,0.47001,0.00791,1.54325,0.05039,0.36611,0.01168,-1.77044,-1.17898,0.00475,0.51696,0.06649,-0.02208,0.02763,-0.35489,0.08296,0.00087,0.16502,0.00019,0.00502,-0.00506,-2.13129,0.04713,0.17243,-0.29608,-0.0445,0.04974,0.00172
7.92,-0.0383,0.00053,0.07954,-0.13133,0.02577,0,3.60865,0.65476,-0.00102,0.73967,0.0356,0.31263,0.01639,-1.718,-1.12973,-0.00729,0.50337,0.0468,-0.02414,0.02297,-0.71734,0.08155,-0.00775,0.21342,0.00031,0.00548,-0.0051,-2.26784,0.05261,0.25741,-0.29309,-0.03618,0.04003,0.00125
7.94,-0.07334,0.00146,0.04396,-0.13026,0.00414,0,5.97258,0.81793,-0.01892,-0.0679,0.02109,0.26439,0.0195,-1.61645,-1.03609,-0.01912,0.46317,0.02641,-0.02337,0.01644,-1.13759,0.08066,-0.01621,0.26723,0.00041,0.00582,-0.00499,-2.3195,0.0619,0.31817,-0.24829,-0.02668,0.02886,0.00068
7.96,-0.12606,0.00099,0.00668,-0.12134,-0.01024,0,8.04821,0.92926,-0.03787,-0.82386,0.00671,0.2157,0.01843,-1.46534,-0.9062,-0.02971,0.39478,0.008,-0.02042,0.00849,-1.56198,0.08236,-0.02377,0.32261,0.00049,0.00612,-0.00484,-2.22481,0.07547,0.35336,-0.16192,-0.01602,0.01619,0
7.98,-0.19816,-0.00114,-0.03275,-0.10639,-0.01651,0,9.65135,0.99865,-0.05377,-1.49378,-0.00389,0.16355,0.01322,-1.27208,-0.74081,-0.03779,0.29859,-0.00687,-0.0146,-0.00062,-1.92174,0.08902,-0.02883,0.37095,0.00056,0.0064,-0.00472,-1.93478,0.09459,0.36531,-0.04374,-0.0043,0.00226,-0.0008
8,-0.27461,-0.00553,-0.07464,-0.08678,-0.01419,0,10.8207,0.89471,-0.04526,-2.0579,-0.00381,0.10604,0.00409,-1.0514,-0.55683,-0.04323,0.17728,-0.01609,-0.00486,-0.01053,-2.13421,0.10136,-0.03503,0.39972,0.0006,0.0067,-0.00465,-1.4142,0.11808,0.35829,0.08809,0.00813,-0.0124,-0.00172
8.02,-0.33326,-0.01094,-0.12356,-0.06516,-0.0067,-0,11.68939,0.56737,0.02827,-2.51861,0.01566,0.04392,-0.00832,-0.81895,-0.36691,-0.04642,0.03555,-0.01745,0.01038,-0.02078,-2.11658,0.11862,-0.05027,0.39529,0.00057,0.00707,-0.00464,-0.64177,0.14225,0.33843,0.21131,0.02069,-0.02707,-0.00273
8.04,-0.37691,-0.01722,-0.17291,-0.04613,0.0002,-0,11.97363,0.23146,0.14301,-2.88545,0.06908,-0.01725,-0.02304,-0.58362,-0.17291,-0.04645,-0.12089,-0.00908,0.03296,-0.03085,-1.80673,0.14098,-0.07053,0.34726,0.0005,0.00746,-0.00468,0.38954,0.16776,0.31476,0.30694,0.03277,-0.041,-0.00377
8.06,-0.40477,-0.02503,-0.20432,-0.03201,0.00501,-0,11.48326,0.02608,0.23683,-3.16687,0.1714,-0.06696,-0.03775,-0.35359,0.01529,-0.04246,-0.28495,0.00918,0.06448,-0.04015,-1.18323,0.16753,-0.08897,0.25235,0.00043,0.00782,-0.00477,1.66914,0.19629,0.29189,0.36391,0.04388,-0.05353,-0.00477
8.08,-0.40312,-0.03091,-0.20257,-0.02301,0.00776,-0,10.3762,-0.02338,0.26855,-3.3497,0.30749,-0.09385,-0.05522,-0.13808,0.1808,-0.03418,-0.44762,0.03245,0.10368,-0.04832,-0.27484,0.19369,-0.10621,0.116,0.00036,0.00812,-0.00486,3.15888,0.22504,0.26788,0.37956,0.05342,-0.06398,-0.00565
8.1,-0.35303,-0.03901,-0.14815,-0.01884,0.00864,-0,8.82207,0.1054,0.17586,-3.4954,0.50178,-0.08598,-0.06215,0.05409,0.31404,-0.02446,-0.59677,0.05941,0.15107,-0.05356,0.84231,0.21359,-0.12178,-0.04779,0.00029,0.00838,-0.00491,4.78601,0.25209,0.23656,0.3585,0.06073,-0.07168,-0.00636
8.12,-0.24527,-0.05586,-0.04346,-0.01868,0.00799,-0,7.03821,0.39259,-0.06793,-3.66704,0.79985,-0.03578,-0.03537,0.21753,0.4249,-0.01639,-0.71975,0.09179,0.20951,-0.05329,2.06281,0.22125,-0.13473,-0.22196,0.00022,0.00862,-0.00485,6.4545,0.27572,0.19119,0.30999,0.06521,-0.07605,-0.00686
8.14,-0.09819,-0.07029,0.0877,-0.02157,0.00595,-0,5.21389,0.78113,-0.43859,-3.7687,1.08457,0.04531,0.00042,0.34975,0.50576,-0.00886,-0.80825,0.11233,0.2693,-0.04872,3.28546,0.21185,-0.14283,-0.38973,0.00015,0.00875,-0.00468,8.07437,0.29143,0.13119,0.24445,0.06656,-0.07671,-0.00707
8.16,0.07263,-0.07164,0.23199,-0.02671,0.00272,-0,3.46546,1.19494,-0.89936,-3.71234,1.2302,0.13241,0.02051,0.44984,0.5432,-0.00253,-0.85762,0.10842,0.31752,-0.04153,4.43186,0.1838,-0.14339,-0.536,0.00011,0.00867,-0.00441,9.57123,0.29515,0.059,0.17166,0.06501,-0.07379,-0.00693
8.18,0.2545,-0.06154,0.38048,-0.03299,-0.00141,-0,1.82028,1.59277,-1.41009,-3.47107,1.25048,0.20181,0.0347,0.52075,0.54732,0.00016,-0.86539,0.09124,0.35133,-0.03133,5.43995,0.13892,-0.13538,-0.64991,7e-05,0.00839,-0.00403,10.87147,0.28407,-0.01973,0.10065,0.06129,-0.06806,-0.00651
8.2,0.42226,-0.04022,0.50966,-0.04122,-0.0079,-0,0.23339,1.86201,-1.81365,-3.08262,1.106,0.24381,0.02986,0.56532,0.52101,-0.00135,-0.83177,0.05876,0.37242,-0.02047,6.25705,0.08124,-0.1169,-0.72121,5e-05,0.00789,-0.00358,11.90734,0.25549,-0.09573,0.04005,0.05689,-0.06067,-0.00589
8.22,0.53608,-0.01424,0.5868,-0.05381,-0.01931,-0,-1.35884,1.90388,-1.86699,-2.60572,0.79416,0.26185,0.0085,0.587,0.46734,-0.00735,-0.75885,0.01777,0.38369,-0.00996,6.83959,0.01741,-0.08681,-0.74173,7e-05,0.00714,-0.00308,12.61963,0.20826,-0.16599,-0.00241,0.0534,-0.05299,-0.00519
8.24,0.58597,0.00057,0.61896,-0.06902,-0.03418,-0,-2.98439,1.82176,-1.63829,-1.96566,0.44432,0.24817,-4e-05,0.59347,0.4003,-0.01679,-0.65077,-0.00387,0.38481,0.00172,7.15787,-0.04537,-0.04459,-0.71008,0.00011,0.00614,-0.00253,12.95703,0.14447,-0.22604,-0.02117,0.05163,-0.04622,-0.00461
8.26,0.58576,-0.00887,0.62281,-0.08346,-0.05006,-0,-4.59656,1.70944,-1.28742,-1.11885,0.1508,0.19985,0.00625,0.59327,0.32881,-0.02694,-0.51389,0.00024,0.37489,0.01364,7.20207,-0.10276,0.01092,-0.63017,0.00016,0.0049,-0.00195,12.90574,0.06897,-0.27202,-0.01382,0.05177,-0.04096,-0.00426
8.28,0.54928,-0.04901,0.60014,-0.09528,-0.06699,-0,-6.05535,1.56169,-0.85777,-0.10464,-0.06242,0.12989,0.01622,0.59483,0.25658,-0.0352,-0.35706,0.02244,0.355,0.02439,6.98231,-0.15152,0.08187,-0.51124,0.0002,0.00343,-0.00134,12.50036,-0.01071,-0.31214,0.01891,0.05348,-0.03718,-0.00409
8.3,0.47899,-0.12174,0.54679,-0.10199,-0.08304,-0,-7.14193,1.38231,-0.42545,1.00975,-0.17747,0.06802,0.03167,0.60656,0.18325,-0.04092,-0.19297,0.05531,0.32687,0.03302,6.52796,-0.19008,0.16785,-0.36684,0.00026,0.00173,-0.00071,11.81304,-0.085,-0.35373,0.07337,0.05544,-0.03438,-0.00405
8.32,0.37975,-0.2235,0.45918,-0.10099,-0.09571,-0,-7.60361,1.16834,-0.02971,2.1424,-0.06069,0.03824,0.07419,0.63545,0.11175,-0.04458,-0.03524,0.09314,0.29252,0.03886,5.87755,-0.21846,0.26156,-0.21492,0.00037,-0.00013,-6e-05,10.92703,-0.14577,-0.40055,0.14356,0.05584,-0.03178,-0.004
8.34,0.28805,-0.3336,0.3562,-0.089,-0.10448,-0,-7.29187,0.92491,0.24598,3.15332,0.23598,0.0323,0.1259,0.68714,0.04937,-0.04478,0.10481,0.12626,0.24838,0.0414,5.0618,-0.23509,0.36024,-0.0744,0.00047,-0.00202,0.00062,9.90168,-0.18748,-0.46391,0.22287,0.05359,-0.02861,-0.0038
8.36,0.22269,-0.43156,0.25811,-0.06418,-0.10914,-0,-6.24876,0.66204,0.34414,3.91956,0.51706,0.03614,0.15757,0.76125,-0.00112,-0.04091,0.21968,0.14549,0.19402,0.04043,4.1064,-0.23887,0.46618,0.04182,0.00052,-0.00389,0.00133,8.76998,-0.20803,-0.54853,0.30496,0.04808,-0.02426,-0.00336
8.38,0.18117,-0.50874,0.17332,-0.02722,-0.10965,-0,-4.64566,0.35275,0.29406,4.40131,0.73796,0.05022,0.17356,0.84783,-0.03888,-0.03418,0.30594,0.15047,0.13427,0.03643,3.03899,-0.2307,0.58078,0.1252,0.0005,-0.00568,0.00204,7.54678,-0.20961,-0.63752,0.38241,0.03902,-0.01843,-0.00265
8.4,0.1433,-0.55852,0.10741,0.01962,-0.10426,-0,-2.85018,0.11337,0.12857,4.60868,0.80497,0.04479,0.16216,0.93575,-0.06173,-0.02678,0.36372,0.13853,0.06783,0.02974,1.88739,-0.21255,0.67907,0.1699,0.00043,-0.00724,0.00274,6.23746,-0.19668,-0.73805,0.44733,0.02694,-0.01104,-0.00168
8.42,0.09592,-0.57461,0.06016,0.06989,-0.09224,-0,-1.19458,0.07225,-0.05912,4.57249,0.68626,0.017,0.1222,1.01431,-0.06682,-0.02054,0.3954,0.11098,0.00275,0.02104,0.68709,-0.18657,0.71945,0.17294,0.00029,-0.00834,0.0034,4.84026,-0.17424,-0.8772,0.49233,0.0126,-0.00228,-0.00049
8.44,0.05265,-0.56116,0.03039,0.11735,-0.07697,-0,0.13939,0.09814,-0.1827,4.34249,0.48814,-0.00606,0.07706,1.06718,-0.05428,-0.01496,0.40361,0.07792,-0.04864,0.01148,-0.52561,-0.1549,0.71578,0.13396,0.00011,-0.00897,0.00397,3.34728,-0.14776,-1.02049,0.51158,-0.00338,0.00755,0.00079
8.46,0.01272,-0.52937,0.01283,0.15889,-0.06126,-0,1.02662,0.09668,-0.22773,3.99208,0.29247,-0.01879,0.03954,1.08415,-0.02608,-0.00988,0.39155,0.04622,-0.08592,0.00176,-1.72344,-0.11978,0.69452,0.05669,-9e-05,-0.00918,0.00439,1.76471,-0.12107,-1.12668,0.50304,-0.02026,0.01821,0.0021
8.48,-0.03034,-0.48853,0.00029,0.19197,-0.04624,-0,1.44679,0.12158,-0.20577,3.56776,0.13859,-0.02457,0.01133,1.06657,0.01479,-0.0058,0.36301,0.01858,-0.11201,-0.00774,-2.87611,-0.08376,0.65149,-0.05011,-0.0003,-0.00899,0.00465,0.12732,-0.09585,-1.19784,0.46904,-0.0372,0.02934,0.00337
8.5,-0.0782,-0.43727,-0.01369,0.21272,-0.03207,-0,1.45831,0.10638,-0.14341,3.09862,0.0279,-0.0047,-0.00787,1.01943,0.0636,-0.00246,0.32246,-0.00382,-0.12408,-0.01653,-3.93778,-0.05112,0.58828,-0.17333,-0.00049,-0.00853,0.00475,-1.49687,-0.07626,-1.22587,0.41653,-0.05327,0.04049,0.00452
8.52,-0.13506,-0.37376,-0.03551,0.21689,-0.01933,-0,1.14711,-0.01336,-0.05638,2.60152,-0.00873,0.07288,-0.01239,0.94991,0.1178,-1e-05,0.27415,-0.01748,-0.11434,-0.02382,-4.85152,-0.0239,0.50813,-0.29939,-0.0006,-0.00797,0.0047,-3.01436,-0.06469,-1.2047,0.35449,-0.06758,0.05112,0.00549
8.54,-0.19383,-0.31376,-0.06529,0.20754,-0.00985,-0,0.58707,-0.1305,0.03926,2.1233,0.03791,0.16831,-0.00269,0.86474,0.17347,0.00126,0.22149,-0.02165,-0.09285,-0.02935,-5.57467,-0.00129,0.42012,-0.41419,-0.00061,-0.00732,0.00454,-4.33913,-0.05825,-1.13927,0.29044,-0.07918,0.06063,0.00622
8.56,-0.24144,-0.26543,-0.09947,0.18983,-0.00375,-0,-0.15391,-0.17968,0.1131,1.69771,0.11141,0.23708,0.01176,0.76945,0.22472,0.00164,0.16879,-0.0204,-0.07277,-0.03334,-6.08025,0.0164,0.33331,-0.50469,-0.00057,-0.00662,0.0043,-5.40872,-0.05533,-1.03266,0.23148,-0.08727,0.06849,0.00667
8.58,-0.27202,-0.225,-0.13598,0.16555,-0.00013,-0,-0.99673,-0.18169,0.18249,1.31096,0.18374,0.28467,0.0286,0.66962,0.26721,0.00145,0.12202,-0.01543,-0.05226,-0.03582,-6.34388,0.02893,0.24799,-0.56205,-0.00047,-0.0059,0.00399,-6.17473,-0.0564,-0.89052,0.18469,-0.09148,0.07413,0.00682
8.6,-0.27991,-0.18852,-0.17244,0.13959,0.00173,-0,-1.8246,-0.14117,0.22259,1.0059,0.22155,0.29021,0.03973,0.56911,0.2989,0.00086,0.08827,-0.00982,-0.03888,-0.03665,-6.35164,0.03655,0.17376,-0.57847,-0.00034,-0.00519,0.00361,-6.59779,-0.0616,-0.71295,0.15627,-0.09143,0.07701,0.00667
8.62,-0.26341,-0.15271,-0.20695,0.11611,0.00286,-0,-2.47491,-0.05721,0.19945,0.80339,0.20453,0.24894,0.03785,0.47206,0.31916,0.00017,0.07493,-0.0068,-0.03863,-0.03564,-6.09916,0.03956,0.11644,-0.54868,-0.00024,-0.00449,0.00316,-6.65416,-0.07111,-0.50777,0.15096,-0.08693,0.07659,0.00624
8.64,-0.22514,-0.11825,-0.23497,0.09481,0.00379,-0,-2.83578,0.04771,0.16684,0.60878,0.16646,0.1989,0.03106,0.38313,0.322,3e-05,0.08764,-0.0047,-0.04115,-0.03313,-5.597,0.0382,0.07142,-0.47215,-0.00015,-0.00379,0.00265,-6.35395,-0.08425,-0.29353,0.17048,-0.07826,0.07253,0.00555
8.66,-0.16875,-0.08591,-0.2529,0.07542,0.0046,-0,-2.86642,0.15464,0.15188,0.37404,0.13121,0.1588,0.02504,0.30395,0.30336,0.00079,0.12844,-0.00183,-0.04009,-0.02948,-4.88526,0.03283,0.03599,-0.35353,-7e-05,-0.0031,0.00208,-5.75228,-0.10006,-0.08026,0.21199,-0.06598,0.06484,0.00464
8.68,-0.10184,-0.05537,-0.25998,0.05833,0.0055,-0,-2.56441,0.26115,0.14446,0.10284,0.10023,0.12352,0.0188,0.23363,0.26642,0.00255,0.19478,0.0015,-0.03621,-0.02464,-4.04,0.02446,0.00984,-0.20391,-2e-05,-0.00246,0.00151,-4.95403,-0.11843,0.12802,0.26778,-0.05096,0.05406,0.00361
8.7,-0.03012,-0.028,-0.26313,0.04504,0.00653,0,-2.05012,0.3199,0.12436,-0.20266,0.07624,0.09536,0.01328,0.17018,0.21396,0.00493,0.27956,0.00535,-0.03012,-0.01951,-3.17994,0.01446,-0.00041,-0.03966,1e-05,-0.00192,0.00099,-4.11344,-0.13729,0.32424,0.32449,-0.03443,0.04116,0.00255
8.72,0.02742,-0.00495,-0.26672,0.03625,0.00771,0,-1.46549,0.3059,0.08692,-0.49807,0.05989,0.07467,0.00919,0.11158,0.15226,0.00686,0.37274,0.00954,-0.02198,-0.01473,-2.42869,0.00493,0.00011,0.11664,5e-05,-0.00154,0.00061,-3.39738,-0.15339,0.49469,0.36587,-0.01794,0.02741,0.00155
8.74,0.0558,0.01363,-0.26224,0.03028,0.00889,0,-0.87268,0.27258,0.05502,-0.74254,0.05074,0.0546,0.00579,0.05633,0.09138,0.00802,0.46429,0.01356,-0.01156,-0.00978,-1.86964,-0.00186,-0.00114,0.24477,0.00015,-0.00135,0.00042,-2.93079,-0.16597,0.63216,0.38032,-0.00297,0.01397,0.00069
8.76,0.05838,0.02756,-0.24511,0.02639,0.00986,0,-0.35616,0.24465,0.03414,-0.91068,0.04743,0.03307,0.00288,0.00298,0.03776,0.00852,0.54629,0.01688,0.00028,-0.00457,-1.5416,-0.00454,-0.00435,0.33394,0.00025,-0.00138,0.00047,-2.76923,-0.17379,0.73539,0.36145,0.00936,0.00183,-1e-05
8.78,0.0415,0.03713,-0.21718,0.02483,0.01054,0,-0.00156,0.21174,0.01956,-0.96616,0.04646,0.01187,0.00054,-0.04912,-0.00492,0.00832,0.6133,0.01846,0.01189,0.00084,-1.43405,-0.00266,-0.00885,0.37824,0.00036,-0.00159,0.00073,-2.8925,-0.17327,0.79914,0.30646,0.01825,-0.00813,-0.00052
8.8,0.01614,0.04246,-0.18144,0.02469,0.01042,-0,0.14132,0.17407,0.01019,-0.88771,0.04766,-0.00746,-0.00075,-0.0994,-0.03377,0.0074,0.66177,0.01731,0.02204,0.00675,-1.48697,0.00325,-0.01303,0.37818,0.00041,-0.00193,0.00115,-3.20902,-0.1627,0.81302,0.21906,0.02302,-0.01514,-0.00082
8.82,-0.01014,0.04314,-0.14183,0.02469,0.00898,-0,0.05169,0.12972,0.00481,-0.67293,0.05175,-0.02203,-0.00071,-0.14706,-0.04698,0.00589,0.69009,0.0133,0.03043,0.01325,-1.61536,0.01221,-0.01439,0.33806,0.00036,-0.00231,0.00163,-3.5926,-0.1404,0.76616,0.10502,0.02315,-0.01857,-0.00093
8.84,-0.03323,0.03962,-0.10059,0.02466,0.00669,-0,-0.26147,0.07255,0.00126,-0.33917,0.05189,-0.03055,-0.00025,-0.1924,-0.04505,0.00437,0.69858,0.007,0.03585,0.02052,-1.74259,0.02305,-0.01402,0.26205,0.00028,-0.00266,0.00208,-3.9403,-0.10292,0.66787,-0.0308,0.01877,-0.01816,-0.00085
8.86,-0.04775,0.03257,-0.05924,0.02459,0.00382,-0,-0.7645,0.00164,-0.00393,0.07794,0.0432,-0.03389,5e-05,-0.23774,-0.03088,0.00313,0.68952,0.00104,0.03724,0.02858,-1.81842,0.0346,-0.01308,0.15758,0.0002,-0.00288,0.0024,-4.1994,-0.05011,0.53305,-0.18179,0.01056,-0.01415,-0.00058
8.88,-0.05154,0.02225,-0.01865,0.02406,0.00029,-0,-1.40787,-0.07916,-0.01578,0.52439,0.02734,-0.03321,-7e-05,-0.28719,-0.00932,0.00205,0.66734,-9e-05,0.03549,0.03645,-1.82311,0.04635,-0.01221,0.03648,0.00013,-0.00288,0.00251,-4.36952,0.01373,0.37443,-0.33918,-0.00031,-0.00734,-0.00018
8.9,-0.04507,0.00925,0.02099,0.02341,-0.00379,-0,-2.11027,-0.1637,-0.0404,0.94454,0.00409,-0.02794,-0.00087,-0.34592,0.01283,0.00118,0.63722,0.00884,0.03157,0.04424,-1.76192,0.05806,-0.01018,-0.08609,6e-05,-0.00259,0.00231,-4.49612,0.08122,0.2248,-0.49409,-0.01208,0.00094,0.00028
8.92,-0.03097,-0.00523,0.05976,0.02311,-0.00967,-0,-2.7626,-0.24857,-0.08472,1.31517,-0.01845,-0.01761,-0.00119,-0.41839,0.02879,0.00048,0.60293,0.03627,0.02636,0.05325,-1.65522,0.06951,-0.00634,-0.19544,1e-05,-0.00192,0.00176,-4.64581,0.14307,0.10551,-0.64014,-0.02297,0.0091,0.00069
8.94,-0.01317,-0.01926,0.09741,0.02283,-0.01784,-0,-3.33406,-0.32901,-0.15473,1.59581,-0.03114,-0.00445,-0.00095,-0.50526,0.03292,-0.00037,0.56471,0.08774,0.0216,0.06121,-1.52672,0.0808,-0.00286,-0.27885,-0,-0.00086,0.00082,-4.87628,0.19185,0.02227,-0.76775,-0.03146,0.0158,0.00097
8.96,0.0053,-0.03121,0.13376,0.0223,-0.02754,-0,-3.85086,-0.40019,-0.2545,1.74854,-0.03473,0.01137,-0.00084,-0.60237,0.02182,-0.00157,0.51657,0.16088,0.018,0.06567,-1.38662,0.09154,-8e-05,-0.32757,0,0.00056,-0.00048,-5.20725,0.22378,-0.01348,-0.869,-0.03662,0.02027,0.00112
8.98,0.02268,-0.03997,0.1685,0.02145,-0.0385,-0,-4.31319,-0.46923,-0.39223,1.7926,-0.03003,0.02796,-0.00057,-0.70098,-0.0049,-0.00299,0.4459,0.24013,0.01495,0.06711,-1.22763,0.10021,0.00409,-0.33992,-0,0.00223,-0.00206,-5.60808,0.23778,0.0014,-0.94494,-0.03828,0.02229,0.00113
9,0.03769,-0.04468,0.20343,0.02004,-0.05062,-0,-4.77241,-0.51176,-0.55461,1.73872,-0.01815,0.04474,-0.00048,-0.78288,-0.04567,-0.00419,0.33615,0.33254,0.01323,0.06557,-1.03322,0.10579,0.00948,-0.31769,-2e-05,0.00396,-0.00373,-6.01196,0.23948,0.05816,-0.99304,-0.03691,0.02211,0.00103
9.02,0.04856,-0.04537,0.24286,0.0178,-0.0639,-0,-5.31018,-0.48604,-0.70061,1.59807,1e-05,0.06788,-0.00084,-0.82364,-0.09778,-0.00427,0.16993,0.45952,0.01347,0.06129,-0.78083,0.1075,0.01366,-0.26611,-4e-05,0.00558,-0.00527,-6.3337,0.23652,0.13806,-1.01095,-0.03331,0.02028,0.00088
9.04,0.05543,-0.04212,0.28666,0.01473,-0.07755,-0,-5.91784,-0.42511,-0.82565,1.42608,0.01971,0.08405,-0.00132,-0.80758,-0.1602,-0.00231,-0.06582,0.56329,0.01368,0.05513,-0.4478,0.103,0.01724,-0.19371,-5e-05,0.00688,-0.00649,-6.49013,0.22931,0.22315,-1.00785,-0.02824,0.01734,0.00069
9.06,0.05928,-0.03497,0.33247,0.01105,-0.09067,-0,-6.58157,-0.36392,-0.94197,1.25531,0.03493,0.07989,-0.00188,-0.72182,-0.23486,0.00185,-0.37597,0.59635,0.01259,0.04797,-0.02276,0.09145,0.02167,-0.10747,-6e-05,0.00773,-0.0073,-6.43254,0.21831,0.30414,-0.99199,-0.02231,0.01369,0.00049
9.08,0.05898,-0.02436,0.38084,0.00742,-0.10356,-0,-7.3607,-0.29302,-1.04867,1.08115,0.04407,0.06235,-0.00268,-0.55066,-0.32698,0.00734,-0.75606,0.58027,0.01068,0.04032,0.48993,0.07501,0.02661,-0.01281,-6e-05,0.00812,-0.00765,-6.15764,0.20683,0.37683,-0.96586,-0.01601,0.00965,0.0003
9.1,0.05635,-0.01054,0.42597,0.00492,-0.11541,-0,-8.10849,-0.24156,-1.06835,0.92315,0.04715,0.03195,-0.00253,-0.28761,-0.43407,0.01314,-1.18968,0.50512,0.0075,0.03239,1.06937,0.057,0.03049,0.08477,-4e-05,0.00807,-0.00762,-5.69747,0.19505,0.4449,-0.9333,-0.0097,0.00541,0.00012
9.12,0.0565,0.00487,0.45589,0.00477,-0.12521,-0,-8.55656,-0.23065,-0.92364,0.78438,0.04679,0.00231,0.00121,0.07994,-0.54295,0.01945,-1.64967,0.37993,0.00368,0.0249,1.68046,0.04227,0.03138,0.1798,-3e-05,0.00769,-0.00731,-5.1092,0.18245,0.51726,-0.8978,-0.00364,0.00108,-3e-05
9.14,0.05863,0.02007,0.46707,0.00796,-0.13411,-0,-8.81608,-0.23271,-0.74149,0.62655,0.04375,-0.00653,0.00839,0.57451,-0.65589,0.02327,-2.10088,0.26251,0.0008,0.01848,2.27816,0.03647,0.03046,0.26828,-1e-05,0.00713,-0.00684,-4.45913,0.17046,0.59974,-0.86122,0.00204,-0.00328,-0.00017
9.16,0.06051,0.03485,0.45999,0.01492,-0.14303,-1e-05,-9.04865,-0.2376,-0.58349,0.43556,0.03805,0.00291,0.01728,1.20955,-0.78551,0.01989,-2.50064,0.17508,-0.00084,0.01344,2.80865,0.04452,0.02969,0.34809,2e-05,0.00651,-0.00631,-3.81594,0.16008,0.69657,-0.82451,0.00738,-0.00768,-0.00029
9.18,0.06672,0.04937,0.43139,0.02531,-0.15149,-1e-05,-9.15525,-0.2569,-0.42264,0.21955,0.03227,0.02443,0.02729,1.98757,-0.93754,0.00631,-2.79729,0.11068,-0.00159,0.00997,3.20644,0.0706,0.02957,0.41784,6e-05,0.00595,-0.00584,-3.25487,0.15183,0.81216,-0.78717,0.01253,-0.01213,-0.0004
9.2,0.0732,0.06298,0.38336,0.03761,-0.15896,-1e-05,-9.15253,-0.29082,-0.31139,-0.01048,0.02436,0.04805,0.03641,2.90601,-1.08769,-0.01865,-2.92151,0.06712,-0.00206,0.00829,3.395,0.11833,0.02752,0.47655,0.0001,0.00551,-0.00552,-2.85594,0.14687,0.9405,-0.74857,0.01762,-0.01661,-0.00051
9.22,0.0711,0.07423,0.32291,0.04912,-0.16483,-1e-05,-9.05833,-0.33703,-0.26294,-0.23095,0.01495,0.06199,0.0426,3.95979,-1.19291,-0.0579,-2.80041,0.04158,-0.00299,0.00847,3.30505,0.19039,0.02075,0.52399,0.00013,0.00527,-0.0054,-2.69015,0.14659,1.0701,-0.70795,0.02272,-0.02107,-0.00064
9.24,0.06576,0.0829,0.25663,0.05806,-0.16859,-1e-05,-8.79791,-0.39294,-0.22225,-0.41881,0.00839,0.06657,0.04529,5.09978,-1.27685,-0.11007,-2.39029,0.03118,-0.00494,0.01042,2.90659,0.28636,0.01264,0.56091,0.00015,0.00526,-0.00554,-2.79469,0.15139,1.198,-0.66307,0.02777,-0.02535,-0.00078
9.26,0.06175,0.08884,0.18964,0.06356,-0.16991,-1e-05,-8.34197,-0.45195,-0.17335,-0.56057,0.00506,0.06539,0.04429,6.2547,-1.38254,-0.16446,-1.67956,0.03485,-0.00815,0.01389,2.2315,0.40119,0.00619,0.58986,0.00019,0.00549,-0.0059,-3.15153,0.16049,1.32324,-0.61239,0.03243,-0.02918,-0.00093
9.28,0.05582,0.09187,0.12721,0.06484,-0.16852,-1e-05,-7.68102,-0.51065,-0.13897,-0.64844,0.00384,0.06076,0.03982,7.38016,-1.51276,-0.20764,-0.70059,0.05113,-0.01267,0.01844,1.38367,0.52566,0.00107,0.61546,0.0002,0.00589,-0.00642,-3.67964,0.17191,1.44391,-0.55658,0.03601,-0.03215,-0.00107
9.3,0.0421,0.09496,0.07147,0.06174,-0.16436,-1e-05,-6.97711,-0.5548,-0.10796,-0.68078,0.00411,0.05317,0.03224,8.39767,-1.63453,-0.23495,0.45104,0.07718,-0.01768,0.02347,0.53422,0.63721,-0.00406,0.64153,0.00025,0.00642,-0.00701,-4.24483,0.17972,1.53191,-0.49468,0.03751,-0.03374,-0.00117
9.32,0.01967,0.10278,0.01776,0.05459,-0.1577,-1e-05,-6.39583,-0.56728,-0.06961,-0.66218,0.00514,0.0432,0.02273,9.20806,-1.67218,-0.25632,1.65195,0.10897,-0.02135,0.02824,-0.12968,0.70459,-0.01104,0.6706,0.00047,0.00699,-0.00751,-4.69615,0.17658,1.54874,-0.42677,0.0359,-0.03345,-0.00123
9.34,-0.00693,0.11854,-0.0336,0.04449,-0.14872,-1e-05,-5.83529,-0.55679,-0.03941,-0.60161,0.00572,0.03541,0.01312,9.79112,-1.63007,-0.26562,2.77758,0.14111,-0.02301,0.03218,-0.46782,0.71732,-0.01889,0.70688,0.00074,0.00752,-0.00785,-4.91717,0.16032,1.51533,-0.35783,0.03059,-0.03086,-0.00117
9.36,-0.03901,0.14437,-0.07542,0.03279,-0.13785,-1e-05,-5.22955,-0.53389,-0.02375,-0.5102,0.0048,0.03187,0.00452,10.1664,-1.53687,-0.25464,3.73492,0.16857,-0.02273,0.03502,-0.42772,0.67571,-0.02744,0.75103,0.00095,0.0079,-0.00796,-4.86553,0.13049,1.45782,-0.29112,0.02174,-0.02595,-0.00096
9.38,-0.07851,0.18048,-0.10391,0.02073,-0.126,-1e-05,-4.63494,-0.49747,-0.01771,-0.40116,0.00199,0.03099,-0.00246,10.3101,-1.36381,-0.23338,4.47848,0.18833,-0.02026,0.0366,-0.06271,0.5801,-0.03968,0.7959,0.00116,0.00812,-0.00782,-4.58446,0.08757,1.36771,-0.22753,0.01038,-0.01916,-0.00059
9.4,-0.12561,0.21952,-0.11968,0.00996,-0.11315,-1e-05,-4.07561,-0.44942,-0.01568,-0.29056,-0.00245,0.03224,-0.0073,10.27876,-1.16915,-0.20522,5.00275,0.19931,-0.01649,0.03693,0.48097,0.45319,-0.05247,0.83787,0.00116,0.00813,-0.00745,-4.18328,0.03655,1.27722,-0.17151,-0.00163,-0.01133,-0.00011
9.42,-0.17984,0.24964,-0.12259,0.00138,-0.09966,-1e-05,-3.55851,-0.39035,-0.01148,-0.19404,-0.00755,0.03521,-0.00953,10.15134,-1.01269,-0.17279,5.32485,0.20157,-0.01278,0.03613,1.00364,0.31766,-0.05832,0.87442,0.00078,0.0079,-0.00689,-3.80565,-0.0168,1.22329,-0.12631,-0.01211,-0.00349,0.0004
9.44,-0.23809,0.26681,-0.11125,-0.00496,-0.08762,-0,-3.07543,-0.32523,-0.00933,-0.12298,-0.01219,0.03794,-0.00934,9.88491,-0.85945,-0.14111,5.46866,0.19489,-0.01022,0.03438,1.33153,0.1792,-0.06145,0.8913,0.00039,0.00746,-0.00618,-3.5824,-0.06748,1.18288,-0.0912,-0.01936,0.00348,0.00086
9.46,-0.29506,0.27118,-0.08935,-0.00905,-0.07816,-0,-2.61446,-0.25829,-0.01304,-0.08343,-0.01559,0.03877,-0.00747,9.46035,-0.69103,-0.11279,5.46942,0.17991,-0.00983,0.03197,1.36655,0.0465,-0.0665,0.8785,0.00016,0.00689,-0.00537,-3.58179,-0.11068,1.13822,-0.06567,-0.02259,0.00916,0.00119
9.48,-0.34628,0.26161,-0.0634,-0.01131,-0.07114,-0,-2.17696,-0.18809,-0.01757,-0.0761,-0.01746,0.03689,-0.00474,8.92805,-0.52142,-0.09028,5.3571,0.15835,-0.01219,0.02913,1.08708,-0.07348,-0.06569,0.83835,3e-05,0.00621,-0.00453,-3.79828,-0.14377,1.09892,-0.04865,-0.02208,0.01353,0.00138
9.5,-0.37984,0.23994,-0.03864,-0.01235,-0.06657,-0,-1.79068,-0.12961,-0.02525,-0.09747,-0.01695,0.03091,-0.00234,8.31356,-0.3819,-0.07058,5.17514,0.13125,-0.01717,0.02609,0.54482,-0.17954,-0.07278,0.77328,0,0.00552,-0.00371,-4.17058,-0.16439,1.04286,-0.03699,-0.01895,0.01694,0.00145
9.52,-0.38444,0.20998,-0.01889,-0.01277,-0.06439,-0,-1.47875,-0.08913,-0.03883,-0.14163,-0.01294,0.02062,-0.00119,7.64016,-0.28347,-0.05328,4.96092,0.10018,-0.02403,0.02302,-0.16952,-0.26966,-0.10749,0.68821,2e-05,0.00492,-0.00297,-4.60597,-0.17055,0.94387,-0.02716,-0.01476,0.01991,0.00149
9.54,-0.36195,0.17569,-0.00558,-0.01315,-0.06416,-0,-1.21863,-0.05271,-0.05195,-0.20179,-0.00702,0.00766,-0.00189,6.93583,-0.20006,-0.04269,4.71404,0.06764,-0.03121,0.02007,-0.96635,-0.34701,-0.14975,0.59197,3e-05,0.00442,-0.00237,-5.01144,-0.16336,0.81821,-0.01667,-0.01097,0.02295,0.00155
9.56,-0.31518,0.14054,0.00194,-0.01391,-0.0655,-0,-0.99179,-0.01732,-0.06036,-0.2709,-0.00137,-0.00634,-0.00478,6.22218,-0.12329,-0.03987,4.43144,0.03566,-0.0366,0.0173,-1.77529,-0.41635,-0.1817,0.48998,6e-05,0.00401,-0.00191,-5.32144,-0.14443,0.67814,-0.00455,-0.00854,0.02636,0.00169
9.58,-0.24555,0.10725,0.00515,-0.01528,-0.0681,-1e-05,-0.7996,0.01152,-0.06392,-0.34156,0.00324,-0.02022,-0.0098,5.52013,-0.06193,-0.04369,4.11328,0.0057,-0.0387,0.01469,-2.54969,-0.47772,-0.20784,0.38437,8e-05,0.00369,-0.00158,-5.5027,-0.11492,0.52079,0.00821,-0.00784,0.03033,0.00197
9.6,-0.15542,0.07641,0.00586,-0.01797,-0.07162,-1e-05,-0.64288,0.03158,-0.06613,-0.40602,0.0072,-0.03158,-0.0162,4.82768,-0.02205,-0.05261,3.79097,-0.02099,-0.03456,0.01233,-3.25733,-0.52716,-0.22293,0.27689,0.0001,0.00343,-0.00133,-5.55055,-0.07649,0.36442,0.01869,-0.00881,0.03473,0.00237
9.62,-0.05478,0.04855,0.00564,-0.02306,-0.07569,-1e-05,-0.51983,0.04861,-0.07028,-0.45683,0.01127,-0.03546,-0.02224,4.14833,-0.00271,-0.06674,3.50327,-0.04193,-0.02091,0.0103,-3.87485,-0.5585,-0.22234,0.16875,0.00014,0.00316,-0.00112,-5.4761,-0.03181,0.22045,0.02301,-0.01108,0.03931,0.00285
9.64,0.04191,0.02613,0.00499,-0.03102,-0.08,-1e-05,-0.42138,0.06263,-0.07265,-0.48778,0.0143,-0.0329,-0.02712,3.50648,0.00202,-0.08753,3.22686,-0.05634,-0.00109,0.00856,-4.38769,-0.56919,-0.2108,0.06056,0.00019,0.00287,-0.00093,-5.2864,0.01568,0.0834,0.01784,-0.01416,0.04378,0.00338
9.66,0.12803,0.01001,0.00403,-0.04222,-0.08419,-1e-05,-0.33966,0.06785,-0.07063,-0.49544,0.01563,-0.0282,-0.0309,2.90535,-0.0032,-0.11584,2.93801,-0.06556,0.0197,0.00722,-4.78353,-0.55864,-0.19057,-0.04702,0.00023,0.00255,-0.00073,-4.98568,0.06306,-0.04353,0.00149,-0.01758,0.04787,0.00393
9.68,0.20074,-0.00067,0.00285,-0.05738,-0.08782,-1e-05,-0.27177,0.06468,-0.06567,-0.47952,0.01624,-0.0214,-0.03322,2.32907,-0.01393,-0.15157,2.6481,-0.07052,0.03953,0.00661,-5.04602,-0.52562,-0.16146,-0.15244,0.00028,0.00218,-0.00054,-4.57913,0.1073,-0.15394,-0.0258,-0.02093,0.05124,0.00444
9.7,0.25655,-0.00651,0.00152,-0.07865,-0.09057,-1e-05,-0.21708,0.05766,-0.05897,-0.4429,0.01545,-0.01577,-0.0339,1.76892,-0.02557,-0.19064,2.39372,-0.07127,0.05429,0.00691,-5.15506,-0.46914,-0.12246,-0.25254,0.00032,0.0018,-0.00036,-4.06994,0.14466,-0.24457,-0.06194,-0.02386,0.05352,0.00486
9.72,0.29125,-0.00857,-0,-0.10921,-0.09218,-1e-05,-0.17437,0.05335,-0.05164,-0.38978,0.01294,-0.01447,-0.03274,1.22178,-0.03474,-0.22691,2.20279,-0.06683,0.06117,0.008,-5.09077,-0.39024,-0.07497,-0.34306,0.00033,0.00145,-0.00022,-3.46184,0.17127,-0.31507,-0.10354,-0.02603,0.05432,0.00513
9.74,0.30667,-0.00826,-0.00171,-0.14915,-0.09189,-1e-05,-0.13961,0.04945,-0.04368,-0.32306,0.01039,-0.0144,-0.03019,0.68393,-0.03974,-0.25729,2.04491,-0.05893,0.06134,0.00974,-4.84127,-0.29452,-0.02237,-0.42046,0.00033,0.00114,-0.00014,-2.76044,0.18527,-0.36289,-0.14672,-0.02719,0.05344,0.00522
9.76,0.30739,-0.00669,-0.00338,-0.19721,-0.0892,-1e-05,-0.10992,0.04328,-0.03519,-0.2456,0.00853,-0.0135,-0.0268,0.1542,-0.04035,-0.27825,1.89312,-0.04897,0.05614,0.01175,-4.41211,-0.18786,0.03358,-0.48256,0.00033,0.00091,-0.00013,-1.97677,0.1867,-0.38619,-0.18754,-0.02721,0.05088,0.00512
9.78,0.29429,-0.0046,-0.00464,-0.25285,-0.08418,-1e-05,-0.08444,0.039,-0.02714,-0.16104,0.00709,-0.01232,-0.02256,-0.36214,-0.03717,-0.28399,1.74948,-0.03579,0.04669,0.01244,-3.8312,-0.07635,0.09255,-0.52794,0.00032,0.00076,-0.00018,-1.1342,0.17647,-0.38967,-0.22176,-0.02609,0.04688,0.00482
9.8,0.27005,-0.0025,-0.00515,-0.31709,-0.07661,-1e-05,-0.0649,0.03373,-0.02001,-0.07355,0.00586,-0.01091,-0.01841,-0.85081,-0.03317,-0.27377,1.61811,-0.02187,0.03334,0.0129,-3.14699,0.03117,0.15032,-0.55581,0.00029,0.00067,-0.00026,-0.27129,0.15705,-0.37675,-0.24498,-0.02394,0.04189,0.00439
9.82,0.23868,-0.0007,-0.00459,-0.39068,-0.06656,-1e-05,-0.05217,0.02525,-0.01426,0.01281,0.00472,-0.00926,-0.01497,-1.29213,-0.03127,-0.24915,1.49364,-0.00702,0.01828,0.0164,-2.41897,0.12638,0.19656,-0.5659,0.00024,0.00064,-0.00037,0.56379,0.13134,-0.35177,-0.25319,-0.02091,0.03651,0.00387
9.84,0.20162,0.00061,-0.00281,-0.46618,-0.05483,-1e-05,-0.04354,0.01839,-0.01029,0.0949,0.00369,-0.00729,-0.01144,-1.66764,-0.03134,-0.20809,1.35997,0.01135,0.00496,0.01893,-1.70145,0.20254,0.23006,-0.55816,0.00019,0.00065,-0.00048,1.32799,0.10128,-0.32435,-0.24322,-0.01723,0.03122,0.00331
9.86,0.16031,0.00144,-3e-05,-0.5346,-0.04194,-1e-05,-0.03746,0.01469,-0.00813,0.17036,0.00275,-0.0049,-0.00742,-1.96394,-0.03284,-0.15069,1.20948,0.03083,-0.00556,0.01662,-1.03255,0.25517,0.25484,-0.5337,0.00013,0.00067,-0.00056,1.99193,0.06871,-0.30086,-0.21428,-0.01306,0.02635,0.00272
9.88,0.11787,0.00181,0.00304,-0.5906,-0.02808,-1e-05,-0.0336,0.01252,-0.00764,0.23748,0.00176,-0.00211,-0.00307,-2.17269,-0.0358,-0.08124,1.0431,0.04783,-0.01326,0.01063,-0.43709,0.28292,0.26974,-0.49537,7e-05,0.00069,-0.00062,2.5343,0.03559,-0.28253,-0.16879,-0.00849,0.02209,0.00215
9.9,0.07581,0.00183,0.00559,-0.62619,-0.01353,-1e-05,-0.03021,0.00962,-0.00828,0.29437,0.00063,0.00105,0.00152,-2.29863,-0.03895,-0.00675,0.84872,0.05913,-0.01829,0.001,0.06677,0.28654,0.2727,-0.4464,1e-05,0.00067,-0.00062,2.93923,0.00394,-0.27092,-0.11138,-0.0036,0.01851,0.00159
9.92,0.03504,0.00163,0.00725,-0.63408,0.00134,-1e-05,-0.02499,0.00561,-0.00935,0.33875,-0.00063,0.00476,0.00655,-2.35341,-0.04041,0.06921,0.61981,0.06252,-0.02111,-0.00838,0.46598,0.26814,0.26149,-0.39081,-4e-05,0.00058,-0.00057,3.19505,-0.02427,-0.26656,-0.0486,0.00151,0.01558,0.00107
9.94,-0.00029,0.00131,0.00777,-0.60842,0.01628,-1e-05,-0.01638,0.00188,-0.01076,0.36838,-0.00193,0.00915,0.01209,-2.33772,-0.03996,0.14471,0.36764,0.05632,-0.02225,-0.01403,0.75232,0.23096,0.24016,-0.33365,-6e-05,0.00042,-0.00044,3.29181,-0.04747,-0.26725,0.01275,0.00675,0.01322,0.0006
9.96,-0.02669,0.00092,0.00708,-0.54527,0.03136,-0,-0.00277,-0.00141,-0.0128,0.38095,-0.00315,0.01414,0.01782,-2.25528,-0.03798,0.21523,0.09416,0.04121,-0.02233,-0.01693,0.92174,0.17929,0.21349,-0.27874,-7e-05,0.00017,-0.00025,3.2279,-0.06454,-0.27114,0.06757,0.012,0.01126,0.00017
9.98,-0.04317,0.00049,0.00556,-0.44484,0.04677,-0,0.01675,-0.0043,-0.01559,0.37381,-0.00427,0.01937,0.02317,-2.12098,-0.034,0.27702,-0.20953,0.0211,-0.02184,-0.01766,0.9732,0.11887,0.18185,-0.22865,-7e-05,-0.00014,-1e-05,3.01327,-0.07482,-0.27745,0.11192,0.01707,0.00947,-0.00021
10,-0.04739,-0,0.00413,-0.30642,0.06269,-0,0.04225,-0.0063,-0.01845,0.34466,-0.00479,0.02513,0.02835,-1.96694,-0.0305,0.33375,-0.54462,-0.00051,-0.02134,-0.01721,0.90644,0.05698,0.15215,-0.18611,-6e-05,-0.00049,0.00026,2.66517,-0.07822,-0.28571,0.14257,0.02169,0.0076,-0.00057
10.02,-0.03966,-0.0007,0.00355,-0.13902,0.07931,-0,0.07459,-0.00674,-0.02015,0.29153,-0.00368,0.0321,0.03416,-1.82499,-0.0303,0.39344,-0.88578,-0.01705,-0.02132,-0.01642,0.7229,0.00033,0.13009,-0.15322,-6e-05,-0.00085,0.00051,2.20483,-0.07505,-0.29532,0.15722,0.02555,0.00539,-0.00091
10.04,-0.02384,-0.00178,0.00358,0.0405,0.09663,-0,0.11232,-0.00536,-0.02126,0.21298,-0.0013,0.03887,0.03904,-1.70642,-0.03122,0.44998,-1.23023,-0.02509,-0.02152,-0.01565,0.42829,-0.0465,0.11152,-0.13031,-7e-05,-0.00118,0.00074,1.6523,-0.06566,-0.30461,0.15495,0.02842,0.00262,-0.00123
10.06,-0.00335,-0.00337,0.0038,0.22138,0.11456,-0,0.15059,-0.0022,-0.02239,0.1099,0.0014,0.04386,0.04148,-1.62527,-0.03114,0.49462,-1.59661,-0.02704,-0.02138,-0.01492,0.03435,-0.08111,0.0942,-0.11598,-8e-05,-0.00148,0.00091,1.02435,-0.05106,-0.3113,0.13687,0.03023,-0.00087,-0.00155
10.08,0.01904,-0.00559,0.00383,0.39545,0.13296,-0,0.18225,0.00247,-0.02285,-0.01369,0.00417,0.04699,0.042,-1.60307,-0.03028,0.52595,-1.98959,-0.02423,-0.02075,-0.01355,-0.43796,-0.10378,0.07924,-0.10697,-9e-05,-0.00172,0.00103,0.33862,-0.0332,-0.3129,0.10626,0.03105,-0.00516,-0.00187
10.1,0.03907,-0.00855,0.00326,0.54895,0.15075,-0,0.20989,0.00799,-0.02201,-0.15081,0.00679,0.04771,0.04019,-1.66926,-0.02852,0.54854,-2.35238,-0.02065,-0.01833,-0.01265,-0.95698,-0.11695,0.06421,-0.09853,-9e-05,-0.00191,0.00111,-0.38239,-0.01469,-0.30751,0.06846,0.03107,-0.01019,-0.00219
10.12,0.04901,-0.01215,0.00133,0.66254,0.16627,-0,0.24554,0.01409,-0.01939,-0.29294,0.00915,0.0458,0.03594,-1.85407,-0.02499,0.56577,-2.59965,-0.01977,-0.01248,-0.01273,-1.48593,-0.12404,0.04694,-0.08556,-0.0001,-0.00204,0.00117,-1.11219,0.00182,-0.29329,0.02942,0.03058,-0.01583,-0.00252
10.14,0.04702,-0.01597,-0.00253,0.73195,0.17918,-0,0.27961,0.02004,-0.01499,-0.43234,0.01069,0.04183,0.03092,-2.16253,-0.01891,0.56852,-2.76296,-0.02143,-0.00521,-0.01248,-1.99277,-0.12838,0.02841,-0.06431,-9e-05,-0.00213,0.0012,-1.82613,0.01437,-0.26654,-0.00613,0.02979,-0.02188,-0.00285
10.16,0.03698,-0.01947,-0.0081,0.76327,0.18982,-0,0.2987,0.02476,-0.00896,-0.56322,0.0111,0.03641,0.02619,-2.59525,-0.01064,0.55547,-2.85244,-0.0264,0.0007,-0.01202,-2.45508,-0.13221,0.00906,-0.03359,-7e-05,-0.00218,0.00123,-2.50288,0.02201,-0.22537,-0.0355,0.02889,-0.0281,-0.00317
10.18,0.0208,-0.02178,-0.01466,0.75779,0.19811,-0,0.30611,0.0278,-0.00167,-0.68116,0.01101,0.03026,0.02189,-3.16892,-0.00103,0.53482,-2.81229,-0.03591,0.00465,-0.01221,-2.85718,-0.13636,-0.01061,0.00473,-4e-05,-0.00221,0.00126,-3.11846,0.02487,-0.17118,-0.05825,0.02801,-0.03414,-0.00346
10.2,0.00291,-0.02231,-0.02145,0.71773,0.20379,-0,0.30738,0.0296,0.00601,-0.78112,0.00998,0.0236,0.0181,-3.87185,0.00701,0.5144,-2.65292,-0.04724,0.00534,-0.01291,-3.18845,-0.14084,-0.02928,0.04584,0,-0.00222,0.00128,-3.64302,0.02403,-0.10655,-0.07566,0.0272,-0.03954,-0.00372
10.22,-0.01182,-0.02091,-0.02797,0.64591,0.20653,-0,0.30995,0.03123,0.01353,-0.85859,0.00781,0.01709,0.01485,-4.67736,0.01104,0.50297,-2.37277,-0.05462,0.00329,-0.01357,-3.44156,-0.14457,-0.04657,0.08313,5e-05,-0.00221,0.0013,-4.04372,0.02092,-0.0366,-0.08969,0.02647,-0.04377,-0.00391
10.24,-0.02218,-0.01726,-0.03291,0.55426,0.20677,-0,0.309,0.03249,0.01998,-0.91406,0.00594,0.01207,0.01226,-5.59107,0.01211,0.50584,-1.92828,-0.05766,0.00098,-0.01392,-3.60992,-0.14426,-0.0609,0.11067,8e-05,-0.00218,0.0013,-4.29004,0.01641,0.03223,-0.10198,0.02578,-0.04638,-0.004
10.26,-0.02752,-0.01185,-0.03468,0.45581,0.20506,-0,0.30041,0.03321,0.02402,-0.9522,0.00503,0.00891,0.01031,-6.62534,0.0115,0.52445,-1.31837,-0.05801,-0.00054,-0.01368,-3.6913,-0.1356,-0.06937,0.12462,0.0001,-0.00211,0.00125,-4.36083,0.01069,0.09415,-0.1128,0.02501,-0.04709,-0.00399
10.28,-0.02779,-0.00619,-0.03196,0.35518,0.20155,-0,0.28998,0.03438,0.0248,-0.97931,0.00478,0.00727,0.00879,-7.78737,0.00982,0.55702,-0.59421,-0.05468,-0.0011,-0.0126,-3.68859,-0.1138,-0.06773,0.12303,0.0001,-0.00195,0.00113,-4.24612,0.00316,0.14361,-0.12057,0.02401,-0.04576,-0.00384
10.3,-0.0266,-0.00149,-0.02446,0.26719,0.19449,-0,0.25917,0.03596,0.02243,-1.00355,0.00523,0.0068,0.00756,-8.87025,0.0059,0.59285,0.15375,-0.04962,-0.00092,-0.0109,-3.60903,-0.07255,-0.05823,0.10579,9e-05,-0.00167,0.0009,-3.94142,-0.00752,0.17261,-0.12219,0.02255,-0.04244,-0.00357
10.32,-0.02803,0.00136,-0.01202,0.20191,0.18142,-0,0.19908,0.03751,0.01742,-1.03325,0.00647,0.00709,0.00645,-9.50495,-0.00252,0.61539,0.83757,-0.04468,-0.00047,-0.00899,-3.46103,-0.00744,-0.0395,0.07417,6e-05,-0.00124,0.00054,-3.44913,-0.02266,0.17233,-0.11397,0.02039,-0.03731,-0.00316
10.34,-0.03002,0.00184,0.00344,0.1501,0.164,-0,0.12788,0.03999,0.00964,-1.07251,0.00853,0.00756,0.00529,-9.72455,-0.01494,0.61616,1.36156,-0.03866,-1e-05,-0.00717,-3.24746,0.08087,0.00851,0.03044,2e-05,-0.00061,4e-05,-2.78295,-0.04276,0.14159,-0.09285,0.01748,-0.03054,-0.00261
10.36,-0.02997,0.00039,0.01633,0.10533,0.1441,-0,0.04995,0.04404,0.00015,-1.12067,0.01131,0.00777,0.00394,-9.6665,-0.03155,0.59686,1.64718,-0.03164,0.0003,-0.00573,-2.97082,0.18682,0.09375,-0.02226,-3e-05,0.00021,-0.00059,-1.96361,-0.06701,0.08268,-0.05768,0.01388,-0.02245,-0.00191
10.38,-0.02836,-0.00195,0.02015,0.06727,0.12144,-0,-0.03875,0.0493,-0.00904,-1.17276,0.01412,0.00744,0.00242,-9.21499,-0.05863,0.55883,1.69091,-0.02474,0.00039,-0.00481,-2.63771,0.29745,0.22296,-0.0796,-8e-05,0.00116,-0.00128,-1.02403,-0.09244,-0.00064,-0.00966,0.00977,-0.0135,-0.00112
10.4,-0.02522,-0.00415,0.01061,0.03707,0.09845,-0,-0.13279,0.05444,-0.01595,-1.21114,0.0168,0.00659,0.00077,-8.58771,-0.08193,0.50521,1.52682,-0.01851,0.00042,-0.00433,-2.25323,0.39512,0.36101,-0.13593,-0.0001,0.00214,-0.00197,-0.01696,-0.11452,-0.10048,0.04771,0.00559,-0.00434,-0.00028
10.42,-0.02113,-0.00545,-0.01113,0.01181,0.0775,-0,-0.21189,0.05754,-0.01881,-1.21379,0.01935,0.00531,-0.00081,-8.05414,-0.07066,0.44297,1.21851,-0.0132,0.00073,-0.00413,-1.82555,0.46363,0.39997,-0.18518,2e-05,0.00295,-0.00255,0.99878,-0.12856,-0.21337,0.10924,0.00177,0.00429,0.00052
10.44,-0.01717,-0.00546,-0.04023,-0.01365,0.05845,-0,-0.26613,0.05869,-0.01803,-1.17509,0.01952,0.00345,-0.00216,-7.45915,-0.03983,0.38352,0.85649,-0.00879,0.00129,-0.00398,-1.36873,0.48837,0.34866,-0.22262,0.00025,0.00349,-0.00294,1.9701,-0.13056,-0.33328,0.16984,-0.00135,0.01179,0.0012
10.46,-0.01419,-0.00413,-0.0707,-0.03897,0.04128,-0,-0.29542,0.05836,-0.0154,-1.09575,0.01614,0.00105,-0.00323,-6.71034,-0.01419,0.33253,0.50029,-0.00511,0.00186,-0.00374,-0.89467,0.46415,0.27068,-0.24584,0.00048,0.00375,-0.00308,2.85331,-0.11951,-0.44904,0.22545,-0.00359,0.01779,0.00173
10.48,-0.01298,-0.00186,-0.09624,-0.06239,0.02644,-0,-0.29199,0.05569,-0.01244,-0.97759,0.01054,-0.00166,-0.0041,-5.89071,0.01536,0.28716,0.18031,-0.00201,0.00247,-0.00331,-0.41703,0.39898,0.15115,-0.25448,0.00068,0.00372,-0.00297,3.61398,-0.09841,-0.55255,0.2724,-0.00496,0.02215,0.0021
10.5,-0.01423,0.00112,-0.11301,-0.08229,0.0161,-0,-0.26417,0.05132,-0.00991,-0.84273,0.00342,-0.00433,-0.00496,-5.06823,0.03448,0.25053,-0.08544,0.00068,0.00285,-0.00267,0.04298,0.30268,0.05512,-0.25023,0.00076,0.00347,-0.00265,4.21891,-0.072,-0.63525,0.30707,-0.00564,0.02486,0.00229
10.52,-0.01865,0.0045,-0.12085,-0.09713,0.0102,-0,-0.22291,0.04588,-0.00783,-0.71708,-0.00264,-0.00621,-0.00609,-4.29491,0.02806,0.22445,-0.28579,0.00306,0.00277,-0.00183,0.4608,0.19024,0.03979,-0.23597,0.00067,0.00312,-0.00219,4.63821,-0.04679,-0.68981,0.32611,-0.00589,0.02604,0.00234
10.54,-0.02717,0.00718,-0.12114,-0.10457,0.00576,-0,-0.16535,0.03821,-0.0063,-0.61122,-0.00546,-0.00707,-0.00758,-3.565,0.01599,0.20045,-0.41895,0.00518,0.00253,-0.00085,0.81429,0.08107,0.04403,-0.21465,0.00051,0.00268,-0.00166,4.85232,-0.02903,-0.70747,0.32763,-0.00598,0.02584,0.00224
10.56,-0.04062,0.00834,-0.11578,-0.10302,0.00204,-0,-0.09603,0.02821,-0.00506,-0.53285,-0.00598,-0.00714,-0.00938,-2.87219,0.01027,0.17352,-0.49194,0.00698,0.00232,0.0002,1.0869,-0.01545,0.03564,-0.18945,0.00033,0.00216,-0.00114,4.85718,-0.0211,-0.68413,0.31128,-0.00609,0.02446,0.00204
10.58,-0.05925,0.00777,-0.10675,-0.0933,-0.00064,-0,-0.02555,0.01685,-0.00353,-0.48619,-0.00492,-0.00644,-0.01137,-2.23614,0.00802,0.14471,-0.51592,0.00829,0.00209,0.00122,1.2671,-0.09625,0.02661,-0.16396,0.00014,0.00162,-0.00066,4.66663,-0.02199,-0.6272,0.27795,-0.00636,0.02212,0.00176
10.6,-0.08254,0.00541,-0.09573,-0.07604,-0.00229,-0,0.03782,0.00483,-0.00142,-0.46428,-0.00356,-0.00526,-0.01308,-1.67139,0.00644,0.11642,-0.50562,0.00886,0.00182,0.00207,1.34567,-0.161,0.01809,-0.14221,-5e-05,0.00107,-0.00021,4.30389,-0.02877,-0.5406,0.2309,-0.00679,0.0191,0.00144
10.62,-0.10909,0.00162,-0.08407,-0.05352,-0.00291,-0,0.08938,-0.00612,0.00102,-0.45536,-0.00308,-0.00389,-0.01388,-1.18603,0.00404,0.09064,-0.47769,0.00845,0.00152,0.00263,1.31695,-0.2127,0.00935,-0.12775,-0.00023,0.00053,0.00019,3.80103,-0.0378,-0.43469,0.17405,-0.00735,0.01568,0.00111
10.64,-0.13794,-0.00291,-0.07269,-0.03007,-0.00279,-0,0.12646,-0.01442,0.0033,-0.45043,-0.00291,-0.0024,-0.01371,-0.77824,0.00254,0.06716,-0.44776,0.00687,0.00123,0.00277,1.18256,-0.25159,-0.00063,-0.12238,-0.00037,1e-05,0.00056,3.19839,-0.04558,-0.33286,0.11042,-0.008,0.01208,0.0008
10.66,-0.16844,-0.00763,-0.06195,-0.00844,-0.00222,-0,0.14788,-0.01966,0.00501,-0.44322,-0.00261,-0.00094,-0.01271,-0.44323,0.00217,0.04606,-0.42569,0.00416,0.00099,0.00248,0.9536,-0.27677,-0.0111,-0.12576,-0.00049,-0.00047,0.0009,2.53129,-0.04967,-0.24762,0.04359,-0.0087,0.00847,0.0005
10.68,-0.19885,-0.012,-0.05185,0.00988,-0.00141,-0,0.15617,-0.02163,0.00584,-0.43006,-0.00232,0.00034,-0.01089,-0.17748,0.00156,0.02811,-0.41457,0.00067,0.00078,0.00177,0.65248,-0.28901,-0.02093,-0.13522,-0.00057,-0.00091,0.00119,1.83227,-0.0491,-0.18026,-0.0219,-0.00937,0.00502,0.00023
10.7,-0.22701,-0.01549,-0.04227,0.02366,-0.00054,-0,0.15409,-0.02037,0.00562,-0.41158,-0.00209,0.00128,-0.00864,0.02176,0.00013,0.01378,-0.41161,-0.00307,0.00058,0.00072,0.31278,-0.28904,-0.02901,-0.14606,-0.00062,-0.00126,0.00142,1.13915,-0.04412,-0.1311,-0.08086,-0.00993,0.00187,1e-05
10.72,-0.25064,-0.01768,-0.03309,0.03196,0.00031,-0,0.14441,-0.01614,0.00442,-0.39044,-0.00195,0.0018,-0.00629,0.15969,-0.00166,0.00291,-0.41082,-0.00641,0.00036,-0.00055,-0.02643,-0.27751,-0.03416,-0.1527,-0.00063,-0.00152,0.00155,0.4908,-0.03572,-0.09751,-0.12828,-0.01031,-0.00085,-0.00017
10.74,-0.26809,-0.01841,-0.02422,0.03491,0.00105,-0,0.13153,-0.0093,0.0026,-0.36829,-0.00184,0.00178,-0.00387,0.24199,-0.0033,-0.00507,-0.40759,-0.00893,0.00012,-0.00192,-0.33067,-0.25487,-0.03653,-0.15021,-0.00059,-0.00165,0.00158,-0.0819,-0.02494,-0.07461,-0.16025,-0.01041,-0.00305,-0.0003
10.76,-0.27849,-0.01777,-0.01571,0.03348,0.00165,-0,0.11825,-0.00042,0.00052,-0.34595,-0.00168,0.0012,-0.00151,0.27481,-0.0047,-0.01056,-0.39903,-0.01052,-0.00016,-0.0033,-0.57645,-0.22223,-0.03663,-0.13576,-0.00052,-0.00167,0.0015,-0.56114,-0.013,-0.05821,-0.1749,-0.01018,-0.00472,-0.00039
10.78,-0.2813,-0.01603,-0.00786,0.02868,0.00206,-0,0.10519,0.00968,-0.00155,-0.32353,-0.00158,4e-05,0.00057,0.26796,-0.00553,-0.01412,-0.38344,-0.01128,-0.00049,-0.00458,-0.75011,-0.18222,-0.03503,-0.1093,-0.00043,-0.00158,0.00132,-0.9389,-0.00134,-0.04474,-0.17306,-0.00957,-0.00593,-0.00044
10.8,-0.2759,-0.01343,-0.00121,0.02211,0.00228,-0,0.09267,0.02014,-0.00341,-0.30024,-0.00131,-0.00163,0.00222,0.2316,-0.0058,-0.01628,-0.36175,-0.0115,-0.00088,-0.00564,-0.84578,-0.1389,-0.03137,-0.07295,-0.00034,-0.00142,0.00109,-1.21302,0.00849,-0.03092,-0.15724,-0.00857,-0.00678,-0.00048
10.82,-0.26203,-0.01029,0.00383,0.01511,0.00229,-0,0.08056,0.03081,-0.00503,-0.2749,-0.00056,-0.00368,0.00332,0.17594,-0.00565,-0.01743,-0.33603,-0.01157,-0.00135,-0.00637,-0.86387,-0.09643,-0.02585,-0.03054,-0.00027,-0.00123,0.00085,-1.38619,0.01512,-0.01395,-0.13126,-0.00718,-0.00737,-0.00051
10.84,-0.24039,-0.00713,0.00706,0.00814,0.00211,-0,0.06809,0.04086,-0.00632,-0.24647,0.00025,-0.00596,0.00377,0.11089,-0.00492,-0.01806,-0.30768,-0.0117,-0.00186,-0.00668,-0.80997,-0.05769,-0.02062,0.01379,-0.0002,-0.00104,0.00064,-1.4659,0.01756,0.00841,-0.09949,-0.00539,-0.00783,-0.00054
10.86,-0.21222,-0.00422,0.00843,0.00164,0.00177,-0,0.05483,0.04911,-0.00714,-0.21464,0.00077,-0.00837,0.00351,0.04333,-0.00365,-0.01853,-0.27784,-0.01201,-0.00238,-0.00647,-0.69569,-0.02477,-0.01684,0.05672,-0.00013,-0.00087,0.00047,-1.46614,0.01542,0.03727,-0.06565,-0.00326,-0.00825,-0.00058
10.88,-0.17948,-0.00159,0.00817,-0.00396,0.00131,-0,0.04103,0.05541,-0.00749,-0.18021,0.00113,-0.01073,0.00263,-0.02223,-0.00207,-0.01896,-0.24762,-0.01253,-0.00285,-0.00567,-0.5395,0.00111,-0.01443,0.09552,-8e-05,-0.00075,0.00036,-1.40795,0.0091,0.07259,-0.03277,-0.0009,-0.00868,-0.00064
10.9,-0.14459,0.00077,0.00665,-0.00843,0.00079,-0,0.02708,0.05964,-0.00744,-0.14529,0.00118,-0.01288,0.00127,-0.08219,-0.00046,-0.01928,-0.2181,-0.0131,-0.00318,-0.00423,-0.36618,0.01957,-0.01352,0.1276,-3e-05,-0.00067,0.00031,-1.31773,-0.00032,0.11272,-0.00369,0.00154,-0.00916,-0.00071
10.92,-0.11094,0.00288,0.00433,-0.01169,0.00027,-0,0.0141,0.06178,-0.00711,-0.11257,0.00087,-0.01465,-0.00034,-0.13353,0.00112,-0.01932,-0.19017,-0.01346,-0.00328,-0.0021,-0.20223,0.03064,-0.01422,0.15065,0,-0.00062,0.00031,-1.22287,-0.01142,0.15459,0.01913,0.00386,-0.0097,-0.00078
10.94,-0.08232,0.00476,0.00166,-0.0136,-0.00021,-0,0.00352,0.06204,-0.00651,-0.08432,0.00053,-0.01595,-0.00196,-0.17434,0.00264,-0.01901,-0.16424,-0.01338,-0.00311,0.00082,-0.06907,0.03455,-0.01635,0.16341,2e-05,-0.00062,0.00034,-1.14537,-0.02279,0.19568,0.034,0.0059,-0.01028,-0.00084
10.96,-0.06073,0.00639,-0.00093,-0.01407,-0.0006,-0,-0.00388,0.06058,-0.00568,-0.06206,0.00033,-0.01678,-0.00343,-0.20383,0.00401,-0.01825,-0.14042,-0.01269,-0.00261,0.00457,0.02083,0.03147,-0.01979,0.16579,2e-05,-0.00066,0.00041,-1.09855,-0.03324,0.23409,0.04038,0.00754,-0.01086,-0.00089
10.98,-0.04636,0.00778,-0.00313,-0.01331,-0.00089,-0,-0.0078,0.05771,-0.00471,-0.04659,0.00021,-0.01714,-0.00464,-0.22172,0.00519,-0.01685,-0.11879,-0.01113,-0.00176,0.00918,0.06442,0.0215,-0.02449,0.15855,-0,-0.00073,0.00051,-1.08677,-0.04182,0.26778,0.0387,0.00874,-0.0114,-0.00093
11,-0.03842,0.00878,-0.00463,-0.01158,-0.00106,-0,-0.00829,0.05348,-0.00367,-0.03805,0.00014,-0.01706,-0.0055,-0.22826,0.00623,-0.01466,-0.09941,-0.0085,-0.00049,0.01463,0.06641,0.00471,-0.03036,0.14358,-5e-05,-0.00085,0.00064,-1.10591,-0.04767,0.29386,0.03025,0.00947,-0.01181,-0.00094
11.02,-0.03543,0.00917,-0.00528,-0.00926,-0.00109,-0,-0.00573,0.04799,-0.00261,-0.03613,0.0001,-0.01655,-0.00595,-0.22411,0.00714,-0.01159,-0.08237,-0.00462,0.00125,0.02072,0.03601,-0.01862,-0.03704,0.12328,-0.00011,-0.001,0.00081,-1.14673,-0.05004,0.30915,0.01682,0.00972,-0.01202,-0.00094
11.04,-0.03569,0.00906,-0.00516,-0.00685,-0.001,-0,-0.00067,0.04162,-0.00158,-0.0401,9e-05,-0.01568,-0.00598,-0.21041,0.00794,-0.00768,-0.06762,0.00067,0.00348,0.02715,-0.01721,-0.04755,-0.0443,0.09973,-0.00019,-0.00119,0.00101,-1.19969,-0.04854,0.31285,0.00024,0.00952,-0.01194,-0.00091
11.06,-0.03768,0.00865,-0.00436,-0.0047,-0.0008,-0,0.00618,0.03467,-0.0006,-0.04878,8e-05,-0.0145,-0.00564,-0.18879,0.00857,-0.00312,-0.05497,0.00744,0.00619,0.03334,-0.08601,-0.08004,-0.05162,0.07487,-0.00029,-0.00141,0.00124,-1.25691,-0.04312,0.30515,-0.01772,0.00889,-0.01151,-0.00084
11.08,-0.04019,0.00798,-0.00304,-0.00295,-0.00054,-0,0.01391,0.0274,0.00032,-0.06054,8e-05,-0.01304,-0.00497,-0.16147,0.00887,0.00168,-0.04417,0.01556,0.0091,0.03824,-0.16569,-0.11251,-0.05687,0.05061,-0.00038,-0.00161,0.00145,-1.3121,-0.03415,0.28597,-0.03524,0.00784,-0.01069,-0.00075
11.1,-0.04219,0.00723,-0.00144,-0.00164,-0.00029,-0,0.02152,0.01981,0.00115,-0.07331,7e-05,-0.01138,-0.00412,-0.13147,0.00911,0.00611,-0.035,0.02483,0.01209,0.04118,-0.25341,-0.1396,-0.0622,0.02886,-0.00047,-0.00178,0.00163,-1.36042,-0.02242,0.25715,-0.05048,0.00643,-0.00947,-0.00062
11.12,-0.04292,0.00661,0.00023,-0.00076,-0.00014,-0,0.02805,0.01227,0.00179,-0.08488,5e-05,-0.00961,-0.00321,-0.10188,0.0097,0.00942,-0.02731,0.0351,0.01526,0.04182,-0.34746,-0.15527,-0.07167,0.01132,-0.00051,-0.00189,0.00171,-1.39809,-0.00893,0.22077,-0.06177,0.00467,-0.00784,-0.00045
11.14,-0.04199,0.00602,0.00175,-0.00022,-0.00016,-0,0.03269,0.00554,0.0022,-0.09355,2e-05,-0.00776,-0.00229,-0.07505,0.0101,0.01104,-0.02107,0.04551,0.01767,0.03844,-0.44645,-0.15536,-0.07829,-0.00096,-0.00051,-0.00189,0.00167,-1.42251,0.00561,0.17724,-0.06797,0.00261,-0.00584,-0.00025
11.16,-0.03925,0.00542,0.00297,4e-05,-0.00036,-0,0.03499,-0.0001,0.00238,-0.09838,-0,-0.00588,-0.0014,-0.05245,0.00986,0.01076,-0.01626,0.05458,0.01832,0.03031,-0.54839,-0.13875,-0.07629,-0.00779,-0.00048,-0.00177,0.00151,-1.4319,0.02104,0.12697,-0.06882,0.00024,-0.00349,-3e-05
11.18,-0.03487,0.00483,0.00376,8e-05,-0.00071,-0,0.03496,-0.0046,0.00235,-0.09917,-2e-05,-0.00409,-0.00057,-0.03478,0.00914,0.00864,-0.01302,0.06065,0.01714,0.01868,-0.64974,-0.10772,-0.06794,-0.00986,-0.0004,-0.00153,0.00123,-1.42491,0.03771,0.07075,-0.06503,-0.00242,-0.00086,0.00022
11.2,-0.0292,0.00426,0.00408,-3e-05,-0.00112,-0,0.03287,-0.00788,0.0021,-0.09637,-3e-05,-0.00255,0.00021,-0.02207,0.00748,0.00511,-0.01158,0.06234,0.01423,0.0049,-0.74476,-0.06822,-0.05031,-0.00857,-0.00031,-0.0012,0.00086,-1.40104,0.05634,0.00968,-0.0581,-0.00532,0.00195,0.00048
11.22,-0.02277,0.00371,0.00392,-0.00028,-0.0015,-0,0.02916,-0.0099,0.00171,-0.09084,3e-05,-0.0014,0.00095,-0.01395,0.00486,0.0007,-0.01225,0.05875,0.00999,-0.00808,-0.82661,-0.02782,-0.02656,-0.00573,-0.00022,-0.00081,0.00044,-1.36035,0.07763,-0.0553,-0.04998,-0.00842,0.00479,0.00073
11.24,-0.01619,0.00319,0.0033,-0.00065,-0.00175,-0,0.02449,-0.01068,0.00122,-0.08351,0.00019,-0.00073,0.00165,-0.00981,0.00197,-0.0041,-0.01519,0.04821,0.00495,-0.01758,-0.88978,0.007,-0.00661,-0.00301,-0.00012,-0.0004,2e-05,-1.30314,0.10179,-0.12306,-0.04261,-0.01166,0.00754,0.00095
11.26,-0.00979,0.00271,0.00229,-0.00115,-0.00182,-0,0.0194,-0.01035,0.00069,-0.07517,0.00052,-0.0006,0.00228,-0.00894,-0.0009,-0.00876,-0.02032,0.03095,-0.00031,-0.02311,-0.93107,0.03214,0.0071,-0.00173,-1e-05,-1e-05,-0.00037,-1.2309,0.1282,-0.19147,-0.03752,-0.01496,0.0101,0.00114
11.28,-0.00366,0.00228,0.00095,-0.00183,-0.00173,-0,0.01435,-0.00911,0.00018,-0.06651,0.00099,-0.00096,0.00277,-0.01054,-0.00364,-0.01272,-0.02725,0.00976,-0.00534,-0.02458,-0.94925,0.0464,0.0152,-0.00269,9e-05,0.00034,-0.00071,-1.14698,0.15504,-0.25703,-0.03581,-0.01819,0.01235,0.00129
11.3,0.00222,0.00189,-0.00061,-0.00274,-0.00153,-0,0.00981,-0.00725,-0.00028,-0.05815,0.00174,-0.00171,0.00305,-0.01375,-0.00586,-0.01551,-0.0353,-0.0123,-0.00938,-0.02266,-0.94482,0.05101,0.01906,-0.00629,0.00018,0.00064,-0.00099,-1.05663,0.17945,-0.31643,-0.03819,-0.02121,0.01418,0.00139
11.32,0.00795,0.00152,-0.00231,-0.00395,-0.00131,-0,0.00619,-0.0051,-0.00064,-0.05058,0.00297,-0.0027,0.00308,-0.01772,-0.00686,-0.01681,-0.04368,-0.02952,-0.01079,-0.01825,-0.9194,0.04867,0.02092,-0.01252,0.00024,0.00087,-0.00119,-0.96615,0.19802,-0.3669,-0.045,-0.02383,0.01546,0.00144
11.34,0.01371,0.00118,-0.004,-0.00549,-0.00119,-0,0.00379,-0.00294,-0.00088,-0.04404,0.0045,-0.00383,0.00278,-0.0216,-0.00658,-0.0163,-0.05173,-0.0392,-0.01005,-0.01181,-0.87531,0.04245,0.02142,-0.02105,0.00027,0.00102,-0.0013,-0.88136,0.20767,-0.40201,-0.05603,-0.02586,0.01608,0.00145
11.36,0.01975,0.00089,-0.00549,-0.00734,-0.00121,-0,0.00267,-0.00101,-0.00097,-0.03846,0.00603,-0.00504,0.00223,-0.0246,-0.00529,-0.01396,-0.05913,-0.04307,-0.00848,-0.00413,-0.81545,0.03482,0.02087,-0.03119,0.00028,0.00111,-0.00132,-0.8068,0.20633,-0.4158,-0.07047,-0.02712,0.01597,0.0014
11.38,0.02626,0.0006,-0.00665,-0.00941,-0.0014,-0,0.00273,0.00045,-0.0009,-0.03353,0.00776,-0.00633,0.00172,-0.02593,-0.00315,-0.01037,-0.0659,-0.04172,-0.00616,0.00354,-0.74372,0.02758,0.01995,-0.04185,0.00026,0.00113,-0.00127,-0.74616,0.19309,-0.40617,-0.08676,-0.02752,0.01508,0.00129
11.4,0.03342,0.00033,-0.0073,-0.01158,-0.00174,-0,0.00372,0.00126,-0.00065,-0.02874,0.00945,-0.00776,0.00162,-0.02482,-0.00093,-0.00626,-0.07226,-0.03816,-0.00426,0.00979,-0.66507,0.02191,0.01884,-0.05154,0.00023,0.0011,-0.00117,-0.70262,0.16781,-0.37113,-0.10268,-0.02697,0.0134,0.00113
11.42,0.04134,0.00014,-0.00733,-0.01369,-0.00217,-0,0.00527,0.00133,-0.00022,-0.02354,0.01059,-0.00935,0.00226,-0.02076,0.00101,-0.00264,-0.0785,-0.03529,-0.00344,0.01365,-0.58484,0.01851,0.01754,-0.05873,0.00019,0.00105,-0.00104,-0.67856,0.13122,-0.31046,-0.11583,-0.02539,0.01095,0.00091
11.44,0.05004,-4e-05,-0.0068,-0.01557,-0.00263,-0,0.00701,0.00069,0.00037,-0.01753,0.01158,-0.01103,0.0038,-0.01373,0.00235,-0.0004,-0.08482,-0.03187,-0.00327,0.01381,-0.50759,0.01766,0.01616,-0.06227,0.00015,0.00099,-0.0009,-0.67454,0.08487,-0.22599,-0.12429,-0.02282,0.0078,0.00063
11.46,0.05941,-0.00027,-0.00576,-0.01711,-0.00307,-0,0.00856,-0.00044,0.00105,-0.01061,0.01255,-0.01267,0.00613,-0.00446,0.00249,0.00024,-0.09112,-0.0274,-0.00393,0.0095,-0.43618,0.01926,0.01466,-0.06179,0.00011,0.00094,-0.00077,-0.68841,0.03121,-0.12183,-0.12723,-0.01933,0.00404,0.00031
11.48,0.06932,-0.00053,-0.00429,-0.01831,-0.00342,-0,0.00956,-0.0016,0.00168,-0.00301,0.01228,-0.01402,0.00862,0.0055,0.00137,-0.00044,-0.09684,-0.02275,-0.00573,0.00144,-0.37214,0.02285,0.01296,-0.05785,7e-05,0.0009,-0.00066,-0.71496,-0.02602,-0.00526,-0.12515,-0.01514,-0.00012,-4e-05
11.5,0.07917,-0.00082,-0.00253,-0.01923,-0.00363,-0,0.0097,-0.00216,0.00208,0.00463,0.01134,-0.01465,0.0109,0.01384,-0.00073,-0.00178,-0.10109,-0.01757,-0.00797,-0.00876,-0.31648,0.02765,0.011,-0.05172,5e-05,0.00086,-0.00056,-0.7464,-0.08129,0.11303,-0.11945,-0.01054,-0.00439,-0.00038
11.52,0.0881,-0.00115,-0.00064,-0.01994,-0.00362,-0,0.00873,-0.00143,0.00204,0.0115,0.01078,-0.01405,0.01312,0.01803,-0.00277,-0.00308,-0.10277,-0.01144,-0.00914,-0.01791,-0.26977,0.03265,0.00872,-0.04506,3e-05,0.00084,-0.00048,-0.77413,-0.12808,0.21566,-0.11206,-0.0059,-0.00844,-0.00069
11.54,0.09576,-0.00147,0.00126,-0.02053,-0.00335,-0,0.00659,0.00096,0.00142,0.01673,0.00799,-0.01212,0.01398,0.01593,-0.00381,-0.00368,-0.10084,-0.00451,-0.00908,-0.02387,-0.23217,0.03686,0.00606,-0.03924,2e-05,0.00081,-0.00042,-0.79134,-0.16126,0.29139,-0.10485,-0.00157,-0.01199,-0.00095
11.56,0.10193,-0.00173,0.00305,-0.02105,-0.00282,-0,0.00348,0.00499,0.00022,0.01957,0.00292,-0.00883,0.01237,0.00638,-0.00351,-0.00315,-0.09465,0.00344,-0.00824,-0.02641,-0.20354,0.03939,0.003,-0.03501,1e-05,0.00078,-0.00037,-0.79467,-0.17841,0.33857,-0.09888,0.00221,-0.01487,-0.00113
11.58,0.10607,-0.00191,0.00464,-0.02148,-0.00204,-0,-6e-05,0.01015,-0.00137,0.01938,-0.00214,-0.00426,0.00868,-0.01061,-0.00175,-0.0014,-0.08401,0.01255,-0.00644,-0.0254,-0.18378,0.0395,-0.0004,-0.03231,0,0.00075,-0.00033,-0.78447,-0.1796,0.35659,-0.09422,0.00532,-0.01698,-0.00124
11.6,0.10795,-0.00197,0.00595,-0.02179,-0.00109,-0,-0.00319,0.01574,-0.00305,0.01561,-0.00522,0.00102,0.00327,-0.03397,0.00115,0.00147,-0.06916,0.02277,-0.00406,-0.02192,-0.17304,0.0365,-0.004,-0.03049,0,0.00072,-0.00029,-0.76437,-0.16764,0.35156,-0.09029,0.00769,-0.01832,-0.00128
11.62,0.10747,-0.00188,0.00691,-0.02192,-8e-05,-0,-0.00495,0.02142,-0.00451,0.0079,-0.00069,0.00618,-0.00225,-0.06182,0.00486,0.00513,-0.05063,0.03409,-0.00116,-0.01723,-0.17185,0.02996,-0.00775,-0.02868,-0,0.00069,-0.00025,-0.7394,-0.14691,0.33181,-0.08615,0.00929,-0.01892,-0.00126
11.64,0.1042,-0.00167,0.00741,-0.02182,0.00084,-0,-0.00474,0.02631,-0.00557,-0.00375,0.00943,0.01029,-0.00613,-0.09214,0.00889,0.00923,-0.02888,0.04574,0.00257,-0.01161,-0.18106,0.01986,-0.01152,-0.02634,-0,0.00066,-0.00021,-0.71325,-0.12171,0.30078,-0.08104,0.01012,-0.01885,-0.00118
11.66,0.09797,-0.00133,0.00735,-0.02152,0.00158,-0,-0.00249,0.02951,-0.00615,-0.01891,0.01778,0.0126,-0.00821,-0.1231,0.01248,0.01347,-0.00425,0.0562,0.00675,-0.00567,-0.20184,0.00671,-0.01491,-0.02363,-0,0.00064,-0.00017,-0.68669,-0.09559,0.26164,-0.07477,0.01027,-0.01824,-0.00108
11.68,0.0891,-0.00087,0.00663,-0.02118,0.00203,-0,0.00129,0.0311,-0.00636,-0.03652,0.02338,0.01298,-0.00854,-0.15268,0.01485,0.0175,0.02293,0.06336,0.01046,-0.00023,-0.23556,-0.00829,-0.0175,-0.02151,-0,0.00062,-0.00013,-0.65729,-0.0712,0.21825,-0.06788,0.00983,-0.01724,-0.00096
11.7,0.07818,-0.0003,0.00511,-0.02106,0.00211,-0,0.00552,0.03101,-0.0063,-0.05485,0.02325,0.01172,-0.00776,-0.17845,0.01573,0.02075,0.05214,0.06597,0.01319,0.00401,-0.28353,-0.02328,-0.01902,-0.02168,-0,0.0006,-0.00011,-0.61977,-0.05041,0.17349,-0.06152,0.00898,-0.01604,-0.00084
11.72,0.06583,0.00033,0.00272,-0.0215,0.00171,-0,0.00882,0.02929,-0.00606,-0.07141,0.0166,0.00942,-0.00659,-0.19723,0.01544,0.02246,0.08258,0.06334,0.01496,0.00646,-0.34652,-0.03609,-0.01923,-0.02625,-0,0.00059,-9e-05,-0.56605,-0.03443,0.12923,-0.05704,0.00789,-0.01481,-0.00072
11.74,0.05247,0.00096,-0.00026,-0.02294,0.00074,-0,0.00953,0.02665,-0.00583,-0.0828,0.00928,0.00681,-0.00509,-0.20501,0.01344,0.02222,0.1132,0.05219,0.01417,0.00669,-0.4241,-0.04497,-0.01717,-0.0372,0,0.00058,-9e-05,-0.48518,-0.02405,0.08613,-0.05532,0.00669,-0.01371,-0.00063
11.76,0.03844,0.00154,-0.00336,-0.02585,-0.0009,-0,0.00592,0.0235,-0.00576,-0.08472,0.00423,0.0044,-0.00344,-0.19662,0.00961,0.0198,0.1426,0.03178,0.00999,0.00451,-0.51394,-0.04902,-0.01201,-0.05598,0,0.00054,-0.0001,-0.36396,-0.0197,0.04422,-0.05634,0.0055,-0.01281,-0.00056
11.78,0.02414,0.00203,-0.00583,-0.03067,-0.00334,-0,-0.0038,0.01984,-0.00594,-0.07181,0.0013,0.00255,-0.00197,-0.16536,0.00491,0.01503,0.1687,0.00503,0.00349,0.00014,-0.6109,-0.04833,-0.0034,-0.08328,0,0.00048,-9e-05,-0.18784,-0.02163,0.00334,-0.05894,0.00436,-0.01213,-0.00052
11.8,0.01007,0.00238,-0.00654,-0.03779,-0.00664,-0,-0.02162,0.01558,-0.00646,-0.03744,7e-05,0.00156,-0.00089,-0.10318,-0.00026,0.0084,0.18856,-0.02452,-0.0043,-0.00585,-0.70671,-0.04373,0.00891,-0.119,0,0.00036,-5e-05,0.05815,-0.02988,-0.03693,-0.06103,0.0033,-0.01161,-0.00049
11.82,-0.00341,0.00255,-0.00387,-0.04747,-0.01083,-0,-0.0499,0.01046,-0.00739,0.02647,0.00011,0.00166,-0.00038,0.00035,-0.00389,0.00019,0.19812,-0.04884,-0.00939,-0.01252,-0.79092,-0.03669,0.02424,-0.16229,0,0.00015,4e-05,0.38817,-0.04413,-0.07758,-0.0597,0.00233,-0.01113,-0.00047
11.84,-0.01606,0.0025,0.00431,-0.05996,-0.01587,-0,-0.09138,0.00402,-0.00869,0.12952,0.00075,0.0031,-0.00056,0.15846,-0.00394,-0.00972,0.19191,-0.06387,-0.00929,-0.01904,-0.853,-0.02888,0.0418,-0.21177,0,-0.00017,0.00021,0.81414,-0.06352,-0.12024,-0.05152,0.00142,-0.01054,-0.00044
11.86,-0.02755,0.00229,0.02024,-0.07535,-0.02162,-0,-0.14901,-0.00444,-0.01018,0.2824,0.00112,0.00608,-0.00145,0.38565,-0.00052,-0.02143,0.1634,-0.07196,-0.00527,-0.02502,-0.88342,-0.02189,0.06138,-0.26547,-1e-05,-0.00063,0.00049,1.3431,-0.0864,-0.16735,-0.03281,0.00058,-0.0096,-0.00038
11.88,-0.03731,0.00201,0.0458,-0.09332,-0.02766,-0,-0.22586,-0.01594,-0.01156,0.49584,0.00099,0.01077,-0.00297,0.69522,0.00658,-0.03547,0.10544,-0.07343,0.00269,-0.03011,-0.87359,-0.01713,0.08248,-0.32036,-2e-05,-0.00127,0.0009,1.97304,-0.11028,-0.22266,0.00019,-0.00023,-0.00805,-0.00029
11.9,-0.04482,0.00183,0.08226,-0.11377,-0.03384,-0,-0.32308,-0.03173,-0.01225,0.77936,0.0003,0.01714,-0.0049,1.10023,0.01836,-0.05304,0.01051,-0.07094,0.01358,-0.03411,-0.81514,-0.0158,0.10288,-0.37245,-4e-05,-0.0021,0.00146,2.68963,-0.13059,-0.28842,0.05109,-0.001,-0.00559,-0.00013
11.92,-0.04953,0.00184,0.12999,-0.13672,-0.04046,-0,-0.43944,-0.05349,-0.01158,1.13871,-0.00049,0.02474,-0.00685,1.61209,0.03609,-0.07556,-0.12834,-0.06809,0.0255,-0.03702,-0.69931,-0.01867,0.1188,-0.4171,-7e-05,-0.00312,0.00217,3.46906,-0.14184,-0.36412,0.123,-0.00175,-0.0019,9e-05
11.94,-0.04981,0.00197,0.18757,-0.16102,-0.04681,-0,-0.56966,-0.08277,-0.00902,1.57305,-0.00091,0.0331,-0.00845,2.23163,0.06056,-0.10376,-0.31731,-0.06427,0.03937,-0.03873,-0.51652,-0.02587,0.12986,-0.44922,-0.0001,-0.00431,0.00303,4.28623,-0.14141,-0.45133,0.21781,-0.00248,0.00326,0.0004
11.96,-0.04436,0.00193,0.25121,-0.18494,-0.05198,-0,-0.70275,-0.12093,-0.00382,2.06932,-0.00109,0.04159,-0.00941,2.94296,0.0911,-0.13684,-0.56151,-0.05905,0.05561,-0.0392,-0.25615,-0.0366,0.13705,-0.4643,-0.00014,-0.00562,0.00399,5.11572,-0.12866,-0.55036,0.33531,-0.00323,0.01004,0.00081
11.98,-0.03316,0.00134,0.31361,-0.20599,-0.05583,-0,-0.82478,-0.1705,0.00532,2.5924,-0.001,0.04877,-0.0094,3.70136,0.1238,-0.17128,-0.8641,-0.05388,0.07128,-0.03855,0.09196,-0.04906,0.13916,-0.45876,-0.00017,-0.00695,0.00498,5.92404,-0.10379,-0.65416,0.47257,-0.00405,0.01839,0.0013
12,-0.01658,-0.00013,0.37076,-0.22308,-0.0588,-0,-0.88931,-0.22633,0.0205,3.10062,-0.00084,0.05419,-0.00815,4.50472,0.16738,-0.20664,-1.21846,-0.04763,0.08876,-0.03638,0.53408,-0.06028,0.13636,-0.42976,-0.0002,-0.00818,0.0059,6.67029,-0.0681,-0.75712,0.62202,-0.005,0.02807,0.00184
12.02,0.00314,-0.00235,0.41998,-0.23488,-0.06172,-0,-0.83867,-0.27409,0.04489,3.54542,-0.00052,0.05789,-0.00552,5.38481,0.23493,-0.24418,-1.60437,-0.03877,0.112,-0.03215,1.06691,-0.06677,0.1295,-0.37585,-0.00021,-0.00915,0.00663,7.30595,-0.0252,-0.85416,0.77202,-0.00611,0.03861,0.00239
12.04,0.02268,-0.00444,0.44547,-0.23457,-0.06432,-0,-0.68791,-0.31253,0.08155,3.85356,0.00056,0.05692,-0.0016,6.24476,0.30797,-0.27445,-2.01098,-0.03011,0.13142,-0.02682,1.67078,-0.06725,0.11868,-0.29818,-0.00021,-0.00975,0.00709,7.7712,0.01889,-0.93345,0.91233,-0.00736,0.04939,0.0029
12.06,0.03895,-0.00531,0.43642,-0.21746,-0.06608,-0,-0.47037,-0.34282,0.13207,3.97577,0.00247,0.04971,0.00325,6.97508,0.36514,-0.2885,-2.43606,-0.02311,0.13927,-0.02139,2.30288,-0.06218,0.10483,-0.2019,-0.0002,-0.00992,0.00723,8.0068,0.05902,-0.98418,1.03328,-0.00861,0.05962,0.00332
12.08,0.04859,-0.00428,0.39702,-0.18452,-0.0671,-0,-0.21227,-0.35454,0.19533,3.91024,0.00494,0.03796,0.00833,7.55693,0.40209,-0.28624,-2.86536,-0.01636,0.13838,-0.01599,2.89013,-0.05243,0.08941,-0.0974,-0.00018,-0.00967,0.00707,7.95778,0.08932,-0.99852,1.1224,-0.00962,0.06827,0.00362
12.1,0.0466,-0.00121,0.33426,-0.13647,-0.06748,-0,0.02434,-0.34771,0.2643,3.68078,0.00755,0.02242,0.01302,7.99393,0.41682,-0.26877,-3.28361,-0.01186,0.126,-0.01193,3.33177,-0.04145,0.07466,1e-05,-0.00014,-0.00911,0.00666,7.5697,0.10573,-0.9834,1.16613,-0.0101,0.07399,0.0037
12.12,0.02932,0.00257,0.25886,-0.07849,-0.06719,-0,0.22828,-0.32394,0.32786,3.32642,0.00986,0.00611,0.01731,8.28496,0.40824,-0.23808,-3.67945,-0.00979,0.10184,-0.00991,3.52538,-0.03253,0.06317,0.07389,-0.0001,-0.00838,0.00607,6.80196,0.10686,-0.94897,1.1517,-0.00977,0.07543,0.00351
12.14,-0.00093,0.00516,0.17963,-0.01954,-0.06552,-0,0.40358,-0.27993,0.37954,2.88401,0.01152,-0.00669,0.02068,8.38435,0.36957,-0.19798,-4.05402,-0.00715,0.07529,-0.00895,3.40729,-0.02684,0.05407,0.11213,-6e-05,-0.00753,0.00538,5.64719,0.08833,-0.87969,1.07168,-0.00843,0.07173,0.00306
12.16,-0.03991,0.00529,0.10178,0.03424,-0.06203,-0,0.5219,-0.21868,0.41603,2.39,0.0123,-0.01532,0.02262,8.26724,0.30316,-0.15384,-4.41147,-0.00376,0.05219,-0.00872,2.98213,-0.02571,0.04697,0.11084,-1e-05,-0.00662,0.00466,4.15487,0.04906,-0.76916,0.92675,-0.00615,0.06283,0.00241
12.18,-0.08114,0.00214,0.0286,0.07873,-0.05688,-0,0.57631,-0.14761,0.43553,1.88168,0.01248,-0.02019,0.02357,7.95147,0.22338,-0.11056,-4.73982,-0.0007,0.03331,-0.0095,2.33266,-0.03026,0.0438,0.07575,4e-05,-0.00573,0.00395,2.4486,-0.00563,-0.63373,0.72661,-0.00339,0.04949,0.00165
12.2,-0.11582,-0.00426,-0.03515,0.10959,-0.04925,-0,0.59128,-0.08148,0.44223,1.38547,0.01215,-0.02232,0.02366,7.46351,0.13764,-0.06987,-5.0363,0.00162,0.01863,-0.01118,1.60941,-0.04057,0.03847,0.02088,9e-05,-0.00488,0.00328,0.72145,-0.06727,-0.48492,0.49126,-0.0009,0.03334,0.00092
12.22,-0.13547,-0.01281,-0.08678,0.1224,-0.03882,-0,0.608,-0.02514,0.43679,0.92627,0.01134,-0.02306,0.02285,6.83823,0.05931,-0.03461,-5.27649,0.00304,0.00816,-0.01333,0.99234,-0.05592,0.02463,-0.03532,0.00013,-0.00411,0.0027,-0.805,-0.12764,-0.34188,0.24396,0.00043,0.01642,0.00031
12.24,-0.13403,-0.02156,-0.122,0.11907,-0.02648,-0,0.60672,0.02486,0.41727,0.53207,0.01066,-0.02278,0.02186,6.08376,0.0111,-0.01052,-5.39439,0.00367,0.00226,-0.01561,0.63056,-0.07495,0.00892,-0.07627,0.00015,-0.00347,0.00221,-1.95477,-0.1778,-0.23113,0.00425,-8e-05,0.00051,-0.00014
12.26,-0.10987,-0.02804,-0.13334,0.10487,-0.01207,-0,0.56891,0.06481,0.38411,0.21507,0.01059,-0.02163,0.02112,5.2088,-0.00052,0.00098,-5.33356,0.00375,-0.00012,-0.01765,0.5997,-0.09555,-0.00337,-0.09159,0.00014,-0.00299,0.00178,-2.64631,-0.20961,-0.16244,-0.21363,-0.00268,-0.0132,-0.00041
12.28,-0.06647,-0.0296,-0.11487,0.08311,0.00564,-0,0.52614,0.09194,0.33817,-0.0242,0.01132,-0.01979,0.02044,4.22884,0.01965,0.00172,-5.0448,0.00351,-0.00053,-0.01895,0.89356,-0.11491,-0.01352,-0.07799,0.0001,-0.00261,0.0014,-2.89625,-0.22047,-0.13152,-0.40019,-0.00717,-0.02417,-0.00052
12.3,-0.01132,-0.02503,-0.05903,0.05969,0.02795,-0,0.45425,0.10661,0.28365,-0.1865,0.01292,-0.01763,0.01985,3.09477,0.06295,-0.00447,-4.55084,0.00318,-0,-0.01916,1.43494,-0.13049,-0.02014,-0.03842,-1e-05,-0.00224,0.001,-2.80128,-0.21402,-0.13026,-0.55151,-0.01291,-0.03228,-0.00051
12.32,0.0434,-0.01544,0.03418,0.03776,0.05598,-0,0.34023,0.11137,0.22412,-0.27298,0.01545,-0.01542,0.0194,1.79949,0.11409,-0.01207,-3.87035,0.00292,0.00076,-0.01796,2.1065,-0.13983,-0.02235,0.02002,-0.00023,-0.00179,0.0005,-2.50409,-0.19672,-0.14781,-0.6688,-0.01903,-0.03767,-0.00044
12.34,0.08574,-0.00302,0.16092,0.01502,0.09082,-0,0.22458,0.10772,0.16147,-0.28716,0.01942,-0.01285,0.01854,0.40307,0.16678,-0.01768,-2.94645,0.00284,0.00142,-0.01499,2.79358,-0.13933,-0.02177,0.08934,-0.00054,-0.00122,-0.00015,-2.14907,-0.1723,-0.17066,-0.75068,-0.02467,-0.04071,-0.00034
12.36,0.11002,0.00823,0.3247,-0.01029,0.13361,-0,0.10957,0.0976,0.10134,-0.2349,0.02536,-0.00966,0.01702,-1.07617,0.22084,-0.01927,-1.77202,0.00299,0.00187,-0.01016,3.41111,-0.12664,-0.01922,0.16285,-0.0009,-0.00046,-0.00099,-1.84715,-0.1434,-0.18916,-0.79685,-0.02915,-0.0418,-0.00023
12.38,0.11396,0.01241,0.53223,-0.03863,0.18521,-0,-0.03491,0.08632,0.05095,-0.12375,0.03294,-0.0057,0.01507,-2.62546,0.27328,-0.01582,-0.41116,0.00339,0.002,-0.00374,3.90566,-0.10228,-0.01481,0.23515,-0.00129,0.00046,-0.00201,-1.66919,-0.11161,-0.20195,-0.81285,-0.03189,-0.04124,-0.00014
12.4,0.09981,0.0037,0.78184,-0.07127,0.24221,-0,-0.22778,0.07263,0.01515,0.03475,0.04274,-0.00166,0.01284,-4.15919,0.31821,-0.00829,1.03261,0.00407,0.00175,0.00351,4.25051,-0.06918,-0.00904,0.30138,-0.00166,0.00152,-0.00315,-1.65311,-0.07641,-0.21142,-0.80401,-0.0324,-0.0393,-7e-05
12.42,0.07478,-0.02233,1.06081,-0.11075,0.29167,-0,-0.44034,0.05549,-0.00108,0.22818,0.0556,0.00154,0.01074,-5.50737,0.34867,0.00046,2.47733,0.00509,0.00111,0.01093,4.44017,-0.03115,-0.00171,0.35742,-0.0019,0.00263,-0.00431,-1.81027,-0.0349,-0.22284,-0.77648,-0.03023,-0.03627,-1e-05
12.44,0.04578,-0.06791,1.37345,-0.15082,0.28804,-0,-0.65285,0.04021,0.0036,0.44441,0.06914,0.00481,0.00954,-6.58491,0.36727,0.00603,3.79774,0.00634,0.00016,0.0176,4.48371,0.00821,0.0081,0.40149,-0.00202,0.00371,-0.00538,-2.13313,0.01703,-0.24317,-0.73832,-0.02507,-0.03246,4e-05
12.46,0.01587,-0.1332,1.72812,-0.18113,0.286,-0,-0.85641,0.02727,0.02468,0.67172,0.08072,0.00901,0.00954,-7.37717,0.37689,0.00284,4.85462,0.00763,-0.00083,0.0225,4.40474,0.04465,0.02147,0.4339,-0.00199,0.00467,-0.00623,-2.59934,0.08171,-0.27575,-0.69682,-0.01673,-0.02833,8e-05
12.48,-0.00944,-0.21527,2.10939,-0.19412,0.28601,-0,-0.99871,0.01184,0.0544,0.90114,0.08971,0.01355,0.01047,-7.82004,0.36937,-0.01564,5.58351,0.00884,-0.0015,0.02503,4.24147,0.07393,0.04031,0.45617,-0.00176,0.0054,-0.00675,-3.16894,0.15935,-0.31822,-0.65879,-0.00528,-0.02449,0.00011
12.5,-0.03048,-0.30421,2.48998,-0.18093,0.28107,-0,-1.02467,-0.0117,0.08766,1.1239,0.09478,0.01894,0.01189,-7.89671,0.35869,-0.05542,5.95693,0.00971,-0.00135,0.02493,4.04229,0.09184,0.06699,0.47147,-0.00128,0.00582,-0.00684,-3.78567,0.24755,-0.36437,-0.62933,0.00893,-0.02176,0.00015
12.52,-0.04797,-0.3851,2.82495,-0.13543,0.26289,-0,-0.87846,-0.04233,0.12102,1.33016,0.09492,0.02581,0.01309,-7.60952,0.36682,-0.12213,5.98292,0.00997,0.00028,0.02218,3.85776,0.09502,0.10416,0.48392,-0.00057,0.00587,-0.00638,-4.3868,0.34164,-0.40408,-0.6131,0.02553,-0.02089,0.00022
12.54,-0.05785,-0.44651,3.08402,-0.05629,0.23748,0,-0.5257,-0.07706,0.14675,1.50975,0.09095,0.03289,0.01301,-6.94689,0.3816,-0.21526,5.69774,0.00953,0.00319,0.01691,3.73004,0.08283,0.15428,0.4972,0.00036,0.00544,-0.00532,-4.91488,0.4372,-0.42203,-0.6162,0.04417,-0.02237,0.00034
12.56,-0.05853,-0.48242,3.25246,0.05388,0.20955,0,0.0381,-0.11517,0.15773,1.64887,0.0839,0.03856,0.01083,-5.91164,0.39299,-0.32529,5.16206,0.00847,0.00661,0.00959,3.68606,0.05816,0.21929,0.51518,0.00145,0.00447,-0.00365,-5.33227,0.5308,-0.40113,-0.64201,0.06443,-0.02616,0.00052
12.58,-0.04976,-0.49256,3.30474,0.18849,0.17467,0,0.75852,-0.15392,0.14903,1.72702,0.07466,0.04107,0.00637,-4.51743,0.41196,-0.43609,4.4513,0.00695,0.01035,0.00097,3.73669,0.02819,0.30231,0.54213,0.00262,0.00302,-0.00145,-5.62492,0.61976,-0.32418,-0.68973,0.08601,-0.03169,0.00076
12.6,-0.03615,-0.46532,3.23084,0.33152,0.13674,0,1.57162,-0.17374,0.137,1.72621,0.06404,0.04348,-0.00014,-2.86664,0.44073,-0.54172,3.65263,0.00536,0.01438,-0.00792,3.88103,0.00409,0.39213,0.58145,0.00378,0.00119,0.00114,-5.79545,0.70042,-0.17229,-0.75591,0.10837,-0.03785,0.00104
12.62,-0.01864,-0.39527,3.02067,0.45528,0.10192,-0,2.53149,-0.15007,0.13811,1.62962,0.05297,0.05025,-0.00791,-1.01494,0.47039,-0.65692,2.85037,0.00409,0.01922,-0.01577,4.10861,-0.0011,0.46503,0.63569,0.00481,-0.00088,0.0039,-5.86123,0.76912,0.07218,-0.83472,0.13082,-0.04325,0.0013
12.64,0.00791,-0.30886,2.68256,0.54535,0.06819,-0,3.55639,-0.10286,0.13599,1.41481,0.04265,0.0572,-0.016,1.07339,0.49879,-0.77102,2.09764,0.00337,0.02564,-0.0216,4.40189,0.0228,0.52341,0.70682,0.00562,-0.00305,0.00666,-5.84936,0.82387,0.42444,-0.92017,0.15309,-0.04655,0.00151
12.66,0.0395,-0.22538,2.25744,0.59234,0.02378,-0,4.46219,-0.05712,0.12007,1.07959,0.03371,0.06012,-0.02374,3.36683,0.53085,-0.85806,1.4171,0.00334,0.03371,-0.02502,4.7401,0.07982,0.57953,0.7949,0.00614,-0.00521,0.00926,-5.79743,0.8633,0.89544,-1.00543,0.17518,-0.04672,0.00161
12.68,0.0679,-0.14617,1.79182,0.59826,-0.00261,-0,5.15783,-0.01346,0.09661,0.64718,0.02618,0.05966,-0.0305,5.79502,0.5702,-0.90496,0.80376,0.00411,0.04249,-0.02586,5.09765,0.16657,0.63178,0.897,0.00636,-0.00724,0.01158,-5.75604,0.88629,1.49522,-1.08041,0.19726,-0.043,0.00162
12.7,0.08862,-0.07361,1.31923,0.56653,-0.0098,-1e-05,5.74772,0.00603,0.06987,0.15721,0.0198,0.057,-0.03562,8.3286,0.61578,-0.93385,0.23047,0.00562,0.05204,-0.02439,5.44837,0.27161,0.67339,1.00627,0.00626,-0.00904,0.01354,-5.77219,0.8834,2.19338,-1.13648,0.21874,-0.03506,0.00142
12.72,0.10467,-0.01083,0.8528,0.50453,-0.00367,-1e-05,6.41164,-0.0094,0.04155,-0.33728,0.01432,0.05305,-0.03844,10.99763,0.66221,-0.9866,-0.33435,0.0076,0.06276,-0.02114,5.76223,0.37745,0.69635,1.11356,0.00583,-0.01056,0.01503,-5.89239,0.84513,2.90819,-1.16628,0.23854,-0.02277,0.00093
12.74,0.11058,0.03826,0.41034,0.42457,0.00682,-1e-05,6.90204,-0.0285,0.01228,-0.7843,0.00982,0.04586,-0.03862,13.70965,0.71991,-1.03564,-0.9166,0.00985,0.07058,-0.01649,5.99285,0.46839,0.70654,1.2131,0.00516,-0.01173,0.01604,-6.17299,0.77624,3.61173,-1.15832,0.25704,-0.00611,0.00035
12.76,0.09351,0.07392,0.02229,0.33882,0.01787,-1e-05,7.02064,-0.02606,-0.01119,-1.15134,0.00631,0.03571,-0.03643,16.29931,0.80051,-1.04291,-1.53344,0.01215,0.07128,-0.01094,6.093,0.53322,0.71488,1.30163,0.00434,-0.01253,0.01656,-6.65426,0.68219,4.31101,-1.10649,0.27476,0.0146,-0.00014
12.78,0.0465,0.09632,-0.2953,0.2536,0.02786,-0,6.9102,0.00563,-0.02019,-1.41971,0.0036,0.02622,-0.03221,18.63879,0.90074,-1.0112,-2.18719,0.014,0.06373,-0.00506,6.02338,0.5628,0.72687,1.37535,0.00339,-0.01294,0.01665,-7.34748,0.56654,4.99387,-1.01473,0.29101,0.03849,-0.00042
12.8,-0.02647,0.10675,-0.54979,0.17948,0.03531,-0,6.50813,0.07042,-0.01196,-1.594,0.00164,0.01614,-0.02685,20.84382,1.01416,-0.96459,-2.846,0.01519,0.04815,0.00063,5.7413,0.55042,0.71447,1.43714,0.00243,-0.01317,0.01636,-8.24014,0.43696,5.50063,-0.88726,0.30527,0.06437,-0.00042
12.82,-0.11034,0.10673,-0.74615,0.12312,0.03868,-0,5.80395,0.17179,0.01913,-1.70267,0.00027,0.00563,-0.02149,23.09726,1.116,-0.91006,-3.4224,0.01553,0.02512,0.00551,5.2102,0.49229,0.63762,1.49286,0.00158,-0.0135,0.01569,-9.29692,0.30635,5.58991,-0.73281,0.31665,0.09111,2e-05
12.84,-0.21271,0.09094,-0.88128,0.07947,0.03883,-0,5.04536,0.30002,0.07516,-1.76107,-0.00071,-0.00065,-0.01665,25.04724,1.1887,-0.79495,-3.86492,0.01419,-0.00585,0.00893,4.41399,0.38981,0.52126,1.53953,0.00082,-0.0138,0.01476,-10.47735,0.19006,5.36733,-0.56623,0.32404,0.11726,0.00106
12.86,-0.35117,0.05343,-0.96931,0.04445,0.03814,-0,4.37028,0.43381,0.1448,-1.78071,-0.00147,-0.00214,-0.01256,26.33187,1.22515,-0.60021,-4.16094,0.01053,-0.04274,0.01073,3.36229,0.24977,0.39758,1.57554,7e-05,-0.01391,0.01366,-11.72296,0.09645,4.99897,-0.39845,0.32674,0.1414,0.00269
12.88,-0.53555,-0.0054,-1.03351,0.01728,0.03748,-0,3.77919,0.56009,0.21075,-1.7797,-0.00214,-0.00118,-0.0092,26.923,1.18793,-0.32973,-4.23606,0.0046,-0.08305,0.0102,2.10003,0.08531,0.26524,1.60654,-0.00063,-0.01389,0.01242,-12.93158,0.02715,4.44185,-0.23693,0.32379,0.16271,0.00488
12.9,-0.75209,-0.0982,-1.10864,-0.00202,0.03351,-0,3.22694,0.67621,0.26145,-1.78597,-0.00283,0.00063,-0.00707,26.7905,1.08964,-0.0271,-4.08782,-0.00236,-0.11878,0.00872,0.71289,-0.08225,0.11315,1.63303,-0.00133,-0.01377,0.01105,-13.99473,-0.02012,3.83404,-0.08891,0.31663,0.18004,0.00738
12.92,-1.0078,-0.24015,-1.21865,-0.01458,0.02664,-0,2.68785,0.78717,0.29597,-1.82281,-0.00366,0.00226,-0.00627,25.75956,0.95545,0.23371,-3.63828,-0.00934,-0.13434,0.00794,-0.68929,-0.2275,-0.07375,1.65367,-0.0021,-0.01358,0.0096,-14.80204,-0.05101,3.32545,0.03699,0.30739,0.19221,0.00982
12.94,-1.34684,-0.40776,-1.33652,-0.0232,0.02027,-0,2.20794,0.89005,0.30413,-1.87629,-0.00464,0.0031,-0.00592,23.78627,0.74851,0.4545,-2.75454,-0.01312,-0.13056,0.00489,-2.00044,-0.32727,-0.25443,1.67293,-0.00289,-0.01325,0.00812,-15.2136,-0.07118,2.83939,0.13367,0.29412,0.19893,0.01202
12.96,-1.75236,-0.57534,-1.43921,-0.02952,0.01567,-0,1.79737,0.97509,0.27563,-1.92629,-0.00561,0.00263,-0.00581,21.20174,0.486,0.62351,-1.52538,-0.00637,-0.11721,-0.0007,-3.13189,-0.36579,-0.3939,1.69209,-0.00365,-0.01272,0.00669,-15.13581,-0.08466,2.33506,0.19849,0.27556,0.20046,0.01388
12.98,-2.16874,-0.73672,-1.51866,-0.03366,0.0113,0,1.42472,1.03478,0.21986,-1.96241,-0.00633,0.00047,-0.00624,18.30447,0.25825,0.72106,-0.02482,0.01362,-0.09577,-0.00725,-4.00865,-0.33773,-0.50398,1.70553,-0.00433,-0.01211,0.00532,-14.55679,-0.094,1.854,0.22998,0.25325,0.1974,0.0153
13,-2.4877,-0.87753,-1.56408,-0.03552,0.00745,0,1.07367,1.08652,0.15316,-1.96493,-0.00633,-0.00267,-0.00724,15.45299,0.08422,0.72302,1.39898,0.06171,-0.07372,-0.0116,-4.55748,-0.24616,-0.52154,1.7067,-0.00489,-0.01117,0.0041,-13.48857,-0.0987,1.44225,0.22949,0.22734,0.19061,0.01628
13.02,-2.59123,-0.98997,-1.57939,-0.03514,0.00442,-0,0.73589,1.15497,0.0908,-1.91093,-0.00524,-0.00535,-0.00865,12.93163,-0.03467,0.63623,2.36847,0.16383,-0.05664,-0.00355,-4.71721,-0.10266,-0.42175,1.68835,-0.00528,-0.00968,0.00311,-11.97306,-0.09679,1.12521,0.19968,0.19812,0.18121,0.01694
13.04,-2.44004,-1.08348,-1.5606,-0.03276,0.00133,-0,0.40344,1.2047,0.03632,-1.7809,-0.00246,-0.00804,-0.01028,10.77512,-0.06406,0.51131,2.99541,0.30327,-0.04311,0.01546,-4.47151,0.07619,-0.28918,1.64142,-0.00534,-0.00799,0.00227,-10.08844,-0.08885,0.87304,0.14126,0.1677,0.17081,0.01744
13.06,-2.04501,-1.16021,-1.50444,-0.02853,-0.00263,-0,0.07118,1.20587,-0.00769,-1.5654,0.00226,-0.01135,-0.01185,8.94216,-0.02607,0.38187,3.42604,0.44513,-0.03238,0.03509,-3.85784,0.27685,-0.15823,1.55972,-0.00495,-0.0063,0.00154,-7.91586,-0.07643,0.6618,0.05827,0.1372,0.16083,0.01799
13.08,-1.45987,-1.20582,-1.41863,-0.02246,-0.00877,-0,-0.26352,1.1741,-0.03337,-1.27208,0.00654,-0.01411,-0.01307,7.36581,0.02192,0.2592,3.73425,0.56994,-0.02451,0.05116,-2.973,0.4872,-0.01937,1.44181,-0.00401,-0.00455,0.00091,-5.54923,-0.06111,0.4902,-0.04057,0.10676,0.15227,0.01878
13.1,-0.74734,-1.2508,-1.33493,-0.01376,-0.01157,-0,-0.59512,1.08677,-0.04444,-0.93053,0.01267,-0.01691,-0.01345,5.98892,0.03729,0.14801,3.66175,0.67016,-0.02044,0.06271,-1.9778,0.69572,0.12593,1.28653,-0.00254,-0.00274,0.00042,-3.11525,-0.04589,0.36024,-0.14365,0.07695,0.14603,0.01996
13.12,-0.06126,-1.33725,-1.28643,-0.0038,-0.00709,-0,-0.90513,0.93059,-0.04583,-0.57471,0.02547,-0.02067,-0.01247,4.7368,0.00621,0.0566,2.96487,0.751,-0.02072,0.07337,-1.06136,0.89332,0.26594,1.09558,-0.00056,-0.00091,6e-05,-0.75056,-0.03372,0.26929,-0.23829,0.04826,0.14292,0.02165
13.14,0.44018,-1.41486,-1.24968,0.00383,-0.00177,-0,-1.1838,0.73185,-0.03667,-0.22863,0.0357,-0.02337,-0.01033,3.50821,-0.05818,-0.00841,2.12174,0.77892,-0.02442,0.07682,-0.38871,1.06961,0.39311,0.87588,0.00194,0.00085,-0.00016,1.43272,-0.02622,0.20028,-0.31389,0.02094,0.14352,0.02399
13.16,0.73386,-1.43503,-1.18908,0.00638,0.00122,-0,-1.42938,0.49932,-0.02077,0.08647,0.03599,-0.0236,-0.00732,2.26488,-0.14042,-0.05027,1.42181,0.73203,-0.03171,0.06818,-0.0686,1.21555,0.5107,0.632,0.00485,0.00248,-0.00021,3.35926,-0.02407,0.14357,-0.36372,-0.00473,0.14799,0.02704
13.18,0.84114,-1.40354,-1.08304,0.00139,0.0023,-0,-1.63054,0.22533,-0.00553,0.3552,0.03132,-0.02164,-0.00348,1.01989,-0.22141,-0.07462,0.80229,0.63969,-0.04397,0.05168,-0.14477,1.32811,0.61768,0.36701,0.00799,0.00389,-9e-05,4.97849,-0.02704,0.09974,-0.38539,-0.0283,0.15588,0.03072
13.2,0.81768,-1.30375,-0.92302,-0.01276,0.00123,-0,-1.78365,-0.09597,0.00111,0.56839,0.0198,-0.01742,0.00078,-0.18479,-0.27919,-0.08517,0.18228,0.48261,-0.05863,0.0197,-0.60246,1.3874,0.69373,0.08718,0.01113,0.005,0.00021,6.24623,-0.03359,0.06594,-0.38043,-0.04903,0.16639,0.03483
13.22,0.73542,-1.12595,-0.69286,-0.03564,-0.00333,-0,-1.88701,-0.42,0.0021,0.72005,0.00508,-0.01113,0.00579,-1.28718,-0.29984,-0.08439,-0.30001,0.27338,-0.0701,-0.01501,-1.38646,1.36972,0.70575,-0.20014,0.01403,0.00571,0.00062,7.12371,-0.0413,0.04047,-0.35297,-0.0662,0.17846,0.03908
13.24,0.62525,-0.89515,-0.37091,-0.06513,-0.01281,-0,-1.9196,-0.70683,0.00063,0.80552,-0.00071,-0.00338,0.01182,-2.2173,-0.28608,-0.07751,-0.51196,0.09512,-0.07852,-0.03308,-2.42516,1.2889,0.66691,-0.48795,0.01635,0.00597,0.0011,7.59347,-0.04861,0.02372,-0.30771,-0.07914,0.19094,0.04318
13.26,0.50333,-0.63202,0.0343,-0.09748,-0.02682,-0,-1.86135,-0.95444,-0.00804,0.82141,0.00424,0.0054,0.01846,-2.9154,-0.24188,-0.0692,-0.56175,-0.02315,-0.08622,-0.03947,-3.64293,1.16571,0.59969,-0.76962,0.01775,0.00581,0.00156,7.66194,-0.05473,0.01374,-0.25072,-0.08757,0.20279,0.04689
13.28,0.38897,-0.34892,0.49437,-0.12796,-0.04503,-0,-1.70362,-1.14569,-0.02497,0.76643,0.0172,0.0147,0.02564,-3.34506,-0.17072,-0.0612,-0.5124,-0.0894,-0.0916,-0.03811,-4.95621,1.00918,0.49602,-1.03622,0.01804,0.00526,0.0019,7.35366,-0.0587,0.00702,-0.1902,-0.09158,0.21313,0.04998
13.3,0.28051,-0.06365,0.97142,-0.15087,-0.06591,-0,-1.44832,-1.25737,-0.04574,0.64124,0.03552,0.02405,0.03327,-3.48739,-0.10017,-0.05448,-0.40126,-0.10351,-0.09586,-0.02945,-6.26154,0.82628,0.39003,-1.28008,0.01685,0.0045,0.00208,6.71525,-0.05967,-0.00053,-0.13533,-0.09173,0.22113,0.05227
13.32,0.17456,0.19947,1.42304,-0.16086,-0.08704,-0,-1.10071,-1.26695,-0.06259,0.44913,0.05594,0.03332,0.04113,-3.3409,-0.04364,-0.04922,-0.25073,-0.05157,-0.10172,-0.01153,-7.44531,0.6253,0.31068,-1.49557,0.0139,0.00369,0.0021,5.80452,-0.05703,-0.01332,-0.09581,-0.08876,0.22596,0.05352
13.34,0.07974,0.41753,1.80879,-0.15208,-0.10779,-0,-0.66316,-1.17999,-0.07833,0.19648,0.076,0.04156,0.04912,-2.92762,0.00828,-0.04563,-0.12337,0.04544,-0.10646,0.00882,-8.41795,0.42481,0.23696,-1.67146,0.00941,0.00285,0.00189,4.67319,-0.05148,-0.03567,-0.0797,-0.08297,0.22662,0.05356
13.36,-0.00354,0.57526,2.09638,-0.12133,-0.12777,0,-0.14974,-1.01082,-0.09631,-0.10614,0.09338,0.04766,0.05692,-2.28644,0.05039,-0.04337,-0.04905,0.14673,-0.10794,0.02382,-9.12034,0.23336,0.15783,-1.79868,0.00364,0.00199,0.00145,3.37999,-0.04426,-0.07038,-0.09085,-0.07476,0.22218,0.0522
13.38,-0.0768,0.66314,2.2661,-0.06968,-0.14591,0,0.40989,-0.7669,-0.11047,-0.44251,0.1059,0.05141,0.0637,-1.46745,0.07483,-0.041,-0.0009,0.23814,-0.1076,0.0354,-9.51453,0.0507,0.07979,-1.87498,-0.00313,0.00119,0.00082,2.00024,-0.03627,-0.11484,-0.12863,-0.06491,0.21179,0.04922
13.4,-0.14069,0.67364,2.31313,0.00026,-0.16141,0,0.98013,-0.4861,-0.1221,-0.78936,0.11308,0.05223,0.0696,-0.53985,0.09093,-0.03843,0.00181,0.30781,-0.10092,0.0397,-9.57195,-0.12019,0.02392,-1.91178,-0.01023,0.00057,9e-05,0.61996,-0.02927,-0.17346,-0.18929,-0.05397,0.19495,0.04463
13.42,-0.20229,0.60557,2.25344,0.0743,-0.17403,0,1.53835,-0.19596,-0.13345,-1.11935,0.11525,0.04959,0.07513,0.42306,0.12497,-0.03564,-0.00535,0.35207,-0.08247,0.0354,-9.28012,-0.28546,-0.0322,-1.92346,-0.01658,0.00011,-0.0007,-0.66103,-0.02466,-0.25597,-0.26745,-0.04258,0.17134,0.0385
13.44,-0.26076,0.46951,2.09887,0.1375,-0.1835,0,2.05549,0.09519,-0.13808,-1.4096,0.1105,0.04444,0.07828,1.35588,0.17346,-0.03024,0.03407,0.36254,-0.06004,0.02854,-8.66249,-0.44595,-0.11936,-1.9014,-0.02141,-0.00035,-0.00146,-1.75874,-0.02278,-0.33614,-0.35499,-0.03169,0.14049,0.03054
13.46,-0.31013,0.2791,1.86534,0.18507,-0.18946,0,2.49655,0.36407,-0.13305,-1.64382,0.09886,0.03797,0.07764,2.20321,0.22143,-0.02084,0.10766,0.33909,-0.0401,0.02232,-7.76106,-0.59167,-0.22103,-1.83742,-0.02444,-0.00079,-0.00211,-2.6269,-0.02376,-0.38485,-0.44206,-0.02195,0.10269,0.0208
13.48,-0.35062,0.05059,1.58576,0.21294,-0.19183,0,2.84124,0.58671,-0.1208,-1.80913,0.08358,0.03108,0.07422,2.91759,0.28335,-0.00812,0.19683,0.3032,-0.02013,0.01703,-6.63581,-0.71127,-0.32938,-1.73551,-0.02549,-0.00123,-0.00259,-3.23692,-0.02735,-0.40023,-0.51865,-0.01375,0.05944,0.00975
13.5,-0.38095,-0.19296,1.28735,0.21785,-0.19019,0,3.08117,0.75384,-0.1055,-1.89437,0.06584,0.02492,0.0677,3.46458,0.32732,0.0066,0.28215,0.24158,-0.00883,0.01165,-5.37236,-0.80555,-0.4215,-1.5969,-0.02452,-0.00159,-0.00287,-3.57916,-0.03378,-0.35095,-0.57252,-0.0075,0.01308,-0.00195
13.52,-0.40038,-0.42537,0.99464,0.1982,-0.1846,0,3.2178,0.87146,-0.09093,-1.89159,0.04731,0.0201,0.05831,3.82614,0.31431,0.02142,0.3437,0.15479,-0.00894,0.00688,-4.06904,-0.8809,-0.4712,-1.42345,-0.02164,-0.00174,-0.00292,-3.65667,-0.04398,-0.23243,-0.59126,-0.00354,-0.03302,-0.0133
13.54,-0.40478,-0.62456,0.73245,0.16172,-0.17572,0,3.23192,0.93135,-0.07757,-1.80417,0.03185,0.01649,0.04868,3.98044,0.28444,0.03456,0.37827,0.08655,-0.00827,0.00446,-2.81294,-0.91313,-0.47457,-1.21397,-0.01743,-0.00179,-0.00279,-3.47265,-0.05686,-0.09158,-0.56499,-0.002,-0.07577,-0.02341
13.56,-0.3873,-0.77735,0.51562,0.11896,-0.16399,0,3.11607,0.92831,-0.06551,-1.64587,0.02066,0.01385,0.0402,3.92719,0.26139,0.04475,0.38606,0.04699,-0.00436,0.00415,-1.64886,-0.88271,-0.43305,-0.96869,-0.01239,-0.00182,-0.00253,-3.04821,-0.0703,0.05059,-0.48866,-0.0027,-0.11339,-0.03182
13.58,-0.34595,-0.87684,0.3476,0.07446,-0.14987,0,2.89761,0.87991,-0.05521,-1.43573,0.01277,0.01189,0.03255,3.69832,0.23234,0.05201,0.37238,0.02197,-8e-05,0.0048,-0.58484,-0.79866,-0.35529,-0.69311,-0.00685,-0.00186,-0.00218,-2.43041,-0.08355,0.18951,-0.36373,-0.0052,-0.14472,-0.03834
13.6,-0.27521,-0.9252,0.22593,0.03956,-0.13324,0,2.58499,0.79592,-0.04596,-1.20361,0.00739,0.01029,0.02563,3.33393,0.20049,0.05668,0.32891,0.00849,0.00357,0.00612,0.38933,-0.67544,-0.23024,-0.38866,-0.00147,-0.00178,-0.00173,-1.69222,-0.09566,0.30879,-0.19563,-0.00884,-0.16875,-0.04273
13.62,-0.17861,-0.9313,0.14606,0.02092,-0.11445,0,2.19329,0.68691,-0.03693,-0.97824,0.00381,0.00878,0.01915,2.87786,0.16914,0.05952,0.25591,0.00173,0.00568,0.00882,1.29949,-0.53131,-0.08711,-0.06997,0.00368,-0.0015,-0.0012,-0.90875,-0.10565,0.3778,0.00299,-0.01293,-0.18469,-0.04483
13.64,-0.07241,-0.90013,0.09999,0.01095,-0.09507,0,1.76302,0.57132,-0.02822,-0.77319,0.00146,0.00713,0.0124,2.36849,0.13348,0.06255,0.17774,-0.00514,0.00631,0.01207,2.1691,-0.38397,0.0171,0.24005,0.00869,-0.00114,-0.00068,-0.13608,-0.11237,0.39638,0.21579,-0.01681,-0.19274,-0.045
13.66,0.03323,-0.83921,0.07738,0.00478,-0.07638,0,1.31584,0.4596,-0.02017,-0.59474,-9e-05,0.00523,0.005,1.82741,0.09373,0.06725,0.10269,-0.01144,0.00598,0.01446,3.00618,-0.24641,0.07524,0.52958,0.01316,-0.00081,-0.00023,0.58203,-0.11474,0.38419,0.42968,-0.01993,-0.1938,-0.04376
13.68,0.13233,-0.76217,0.0679,0.00179,-0.05934,0,0.85713,0.35613,-0.01307,-0.44513,-0.00115,0.00317,-0.00316,1.26533,0.05406,0.07375,0.02477,-0.0179,0.00519,0.01563,3.80228,-0.12758,0.09454,0.7855,0.01691,-0.00047,0.00013,1.21651,-0.11258,0.34293,0.63073,-0.02201,-0.18896,-0.04145
13.7,0.22036,-0.67751,0.05943,0.00083,-0.0443,0,0.3919,0.26141,-0.00755,-0.32201,-0.00191,0.00101,-0.01204,0.69197,0.02034,0.08185,-0.06236,-0.01847,0.00441,0.01477,4.5291,-0.03357,0.08809,0.99094,0.01977,-0.00019,0.00037,1.75086,-0.1063,0.29087,0.80126,-0.02297,-0.18016,-0.03852
13.72,0.29569,-0.59215,0.04388,0.00038,-0.03191,0,-0.06212,0.17838,-0.00372,-0.2202,-0.00254,-0.00099,-0.0211,0.10926,-0.0025,0.09077,-0.16722,0.00215,0.00402,0.01151,5.15112,0.03444,0.07084,1.12905,0.02157,5e-05,0.0005,2.17987,-0.09643,0.24698,0.92214,-0.02292,-0.16951,-0.03546
13.74,0.35777,-0.51645,0.01875,-0.00055,-0.02349,0,-0.48483,0.11412,-0.00127,-0.13278,-0.00311,-0.00262,-0.03,-0.49117,-0.01309,0.09847,-0.29834,0.03309,0.00438,0.00626,5.64387,0.07758,0.04728,1.18776,0.02223,0.00025,0.00052,2.51277,-0.08257,0.20644,0.98159,-0.02199,-0.15855,-0.03256
13.76,0.40797,-0.45407,-0.01781,-0.00144,-0.01932,0,-0.86893,0.07009,-1e-05,-0.05312,-0.00363,-0.00388,-0.03869,-1.12087,-0.01136,0.10208,-0.46345,0.05646,0.00578,-8e-05,6.01046,0.09737,0.02147,1.16408,0.02172,0.0004,0.00046,2.77496,-0.06456,0.1664,0.97551,-0.02047,-0.1485,-0.03001
13.78,0.44954,-0.4009,-0.06486,-0.00158,-0.01896,0,-1.20757,0.0436,0.00026,0.02462,-0.00415,-0.00483,-0.04695,-1.7921,-0.00908,0.09792,-0.67013,0.07369,0.00816,-0.00679,6.28623,0.09799,-0.00176,1.06235,0.02018,0.00049,0.00036,3.00865,-0.04298,0.1305,0.90421,-0.01899,-0.14037,-0.02788
13.8,0.48423,-0.35244,-0.11743,-0.00049,-0.02218,0,-1.48998,0.03138,-3e-05,0.10538,-0.00463,-0.00548,-0.05367,-2.51671,-0.00923,0.08055,-0.90117,0.0774,0.01173,-0.01215,6.52723,0.0843,-0.01965,0.89493,0.01768,0.00053,0.00025,3.26629,-0.01856,0.10111,0.77505,-0.01827,-0.13484,-0.02618
13.82,0.5131,-0.30268,-0.16789,0.0017,-0.02897,0,-1.70101,0.02846,4e-05,0.19248,-0.005,-0.00584,-0.05721,-3.30684,0.00474,0.04379,-1.11577,0.06383,0.01732,-0.01012,6.79203,0.06205,-0.03537,0.67737,0.0144,0.00053,0.00015,3.60172,0.00731,0.07924,0.59918,-0.01914,-0.13222,-0.02484
13.84,0.54069,-0.24261,-0.20686,0.00429,-0.03929,0,-1.82636,0.02862,0.00149,0.2866,-0.00528,-0.00591,-0.05783,-4.17355,0.00361,-0.0186,-1.29282,0.04673,0.02521,-0.00115,7.11367,0.03733,-0.04887,0.42415,0.01064,0.00052,8e-05,4.05716,0.03301,0.06225,0.38932,-0.02222,-0.13236,-0.02371
13.86,0.57102,-0.16482,-0.2261,0.00675,-0.05305,0,-1.84994,0.02553,0.00544,0.38486,-0.00545,-0.00562,-0.05619,-5.13197,-0.06046,-0.11351,-1.42134,0.03306,0.03533,0.00938,7.48459,0.01303,-0.05634,0.14801,0.00663,0.00048,3e-05,4.64945,0.0574,0.0476,0.15887,-0.02776,-0.1345,-0.02263
13.88,0.60435,-0.06442,-0.22069,0.00864,-0.06952,0,-1.74975,0.01322,0.01262,0.47983,-0.00552,-0.00488,-0.05202,-6.20433,-0.20765,-0.24801,-1.49691,0.02177,0.04702,0.02179,7.85379,-0.01124,-0.05813,-0.13804,0.00253,0.00045,0,5.36302,0.07928,0.03478,-0.07644,-0.03546,-0.13735,-0.02144
13.9,0.64028,0.06195,-0.19176,0.00931,-0.08964,0,-1.50811,-0.01367,0.0231,0.55914,-0.00544,-0.0036,-0.04656,-7.45962,-0.40584,-0.42278,-1.36909,0.01305,0.06463,0.03198,8.11565,-0.038,-0.05265,-0.4204,-0.00145,0.0004,-1e-05,6.13702,0.09704,0.0231,-0.29819,-0.04437,-0.13906,-0.01999
13.92,0.67858,0.21351,-0.14178,0.00785,-0.11577,0,-1.10698,-0.05847,0.03588,0.60719,-0.00518,-0.00171,-0.0412,-9.01983,-0.58148,-0.62684,-0.84228,0.00687,0.09699,0.03425,8.1446,-0.07099,-0.03885,-0.69072,-0.005,0.00033,-2e-05,6.88341,0.10902,0.01133,-0.49257,-0.0531,-0.13759,-0.01816
13.94,0.71164,0.3856,-0.0696,0.00445,-0.14452,0,-0.52716,-0.12204,0.04828,0.60748,-0.0048,0.00084,-0.03562,-10.95223,-0.74399,-0.84257,-0.0523,0.00262,0.14055,0.03274,7.86218,-0.11323,-0.02004,-0.93812,-0.00788,0.00025,-0,7.54174,0.11389,-0.00143,-0.64397,-0.06072,-0.13136,-0.0158
13.96,0.7309,0.57116,0.02614,-0.00018,-0.17107,0,0.23806,-0.20312,0.05804,0.54555,-0.00435,0.00415,-0.02987,-13.2778,-0.88907,-1.04739,0.82419,0.00015,0.18782,0.03133,7.24119,-0.16565,0.00205,-1.15053,-0.01005,0.00015,2e-05,8.07564,0.11115,-0.01643,-0.73815,-0.0668,-0.11949,-0.01281
13.98,0.7391,0.7563,0.14777,-0.00593,-0.19451,0,1.17419,-0.29918,0.06432,0.41108,-0.0038,0.00835,-0.02456,-15.99967,-0.94232,-1.22525,1.71463,-0.00082,0.23898,0.02834,6.303,-0.22749,0.02603,-1.32349,-0.01143,6e-05,5e-05,8.45396,0.10158,-0.0361,-0.77144,-0.07105,-0.10198,-0.00922
14,0.71194,0.92591,0.29823,-0.01181,-0.21135,0,2.24951,-0.4,0.07089,0.19707,-0.00322,0.01386,-0.01993,-18.95282,-0.94005,-1.27173,2.63212,-0.00052,0.28607,0.02594,5.13738,-0.28979,0.05179,-1.44713,-0.01207,-2e-05,9e-05,8.67325,0.0847,-0.05592,-0.74075,-0.07372,-0.07978,-0.00517
14.02,0.63167,1.0652,0.47362,-0.01645,-0.21867,0,3.42822,-0.48799,0.08391,-0.09619,-0.00263,0.0215,-0.01606,-21.72386,-0.94068,-1.05079,3.61553,0.0012,0.31681,0.0265,3.86102,-0.33696,0.08668,-1.5105,-0.0121,-6e-05,0.00011,8.74323,0.06209,-0.06767,-0.64692,-0.07532,-0.05439,-0.00082
14.04,0.54366,1.16136,0.66092,-0.01936,-0.21782,0,4.65675,-0.55999,0.10669,-0.46113,-0.00197,0.03166,-0.01301,-23.94351,-0.89409,-0.6815,4.41933,0.00346,0.32964,0.0264,2.56875,-0.36648,0.13059,-1.51694,-0.0114,-4e-05,0.00011,8.66482,0.03913,-0.07577,-0.50028,-0.07607,-0.0272,0.00362
14.06,0.48135,1.21421,0.84216,-0.02031,-0.21092,0,5.86455,-0.62355,0.14206,-0.88783,-0.00119,0.04419,-0.01067,-25.41055,-0.76506,-0.29914,4.85752,0.00513,0.32747,0.02422,1.3315,-0.38165,0.17757,-1.47427,-0.00993,9e-05,9e-05,8.44452,0.01938,-0.086,-0.31221,-0.07609,0.00047,0.00799
14.08,0.44758,1.22662,0.98584,-0.01921,-0.2006,0,6.96667,-0.68543,0.19258,-1.3615,-0.00031,0.05857,-0.00894,-25.88719,-0.57282,0.08307,4.96839,0.0058,0.311,0.02258,0.19846,-0.38061,0.23178,-1.39074,-0.00777,0.00034,2e-05,8.09866,0.00488,-0.0964,-0.0955,-0.07548,0.02732,0.01207
14.1,0.42162,1.23059,1.07164,-0.01583,-0.18738,0,7.93867,-0.72945,0.26099,-1.86428,0.0007,0.07447,-0.00774,-25.43347,-0.38695,0.3661,4.75868,0.00588,0.28128,0.01801,-0.7981,-0.36802,0.28103,-1.28014,-0.00505,0.00075,-0.0001,7.65339,-0.00219,-0.10679,0.13229,-0.0745,0.05192,0.01565
14.12,0.37685,1.2633,1.101,-0.0106,-0.17254,0,8.77691,-0.731,0.34764,-2.37344,0.00183,0.09134,-0.00694,-24.33836,-0.22845,0.48858,4.32493,0.00631,0.24227,0.00848,-1.6376,-0.35004,0.30374,-1.15805,-0.00189,0.00134,-0.00031,7.13584,-0.00039,-0.11566,0.34983,-0.07335,0.07289,0.01846
14.14,0.32867,1.30591,1.06025,-0.00498,-0.16213,0,9.33769,-0.71886,0.43764,-2.86983,0.00304,0.10595,-0.00647,-22.58674,-0.04102,0.51874,3.77863,0.0068,0.20203,0.00078,-2.3156,-0.3281,0.31017,-1.03921,0.00167,0.00212,-0.00062,6.55851,0.0102,-0.12534,0.5395,-0.07176,0.0892,0.02035
14.16,0.28662,1.33774,0.94136,0.00039,-0.15937,0,9.51749,-0.72769,0.51069,-3.34515,0.00433,0.11526,-0.00633,-20.15746,0.1623,0.50116,3.17777,0.00685,0.16525,-0.00232,-2.84397,-0.30349,0.31443,-0.93345,0.00554,0.00309,-0.00106,5.93013,0.02756,-0.13772,0.69116,-0.06957,0.10038,0.02129
14.18,0.24094,1.36319,0.76146,0.00551,-0.1625,0,9.34309,-0.76256,0.55155,-3.78441,0.00563,0.11888,-0.00653,-17.21224,0.34839,0.43665,2.57629,0.00663,0.13249,-0.00254,-3.24564,-0.27761,0.31388,-0.8447,0.00958,0.00425,-0.00165,5.26379,0.04766,-0.14355,0.79831,-0.0671,0.10661,0.02136
14.2,0.18651,1.37217,0.56934,0.01043,-0.17046,0,8.85409,-0.82306,0.53215,-4.18346,0.00689,0.11478,-0.00736,-14.08451,0.49531,0.33974,1.99013,0.00649,0.10564,-0.00097,-3.54596,-0.25241,0.30918,-0.77643,0.01351,0.00552,-0.00237,4.57482,0.06548,-0.16689,0.85869,-0.06484,0.10831,0.02067
14.22,0.12588,1.34834,0.42497,0.01529,-0.18195,0,8.10789,-0.91637,0.42358,-4.51756,0.00802,0.10144,-0.00918,-11.05568,0.58851,0.23139,1.44585,0.00681,0.08546,0.00143,-3.76958,-0.2289,0.30405,-0.72912,0.01676,0.0068,-0.00321,3.88018,0.07665,-0.24476,0.87303,-0.06334,0.1061,0.01938
14.24,0.06615,1.28852,0.33016,0.01986,-0.19364,0,7.19697,-1.04928,0.24715,-4.75239,0.00881,0.08277,-0.01199,-8.15612,0.63274,0.1283,0.98934,0.00725,0.07048,0.00381,-3.94195,-0.20518,0.29763,-0.69657,0.01921,0.00801,-0.00412,3.19304,0.07757,-0.35096,0.84423,-0.06283,0.10071,0.01769
14.26,0.01258,1.1921,0.26646,0.02373,-0.2027,0,6.21646,-1.20597,0.04812,-4.89067,0.00915,0.06296,-0.01577,-5.46773,0.63644,0.04215,0.63227,0.00746,0.05945,0.00543,-4.08154,-0.1796,0.29155,-0.67098,0.02091,0.00911,-0.00505,2.52353,0.06709,-0.45455,0.77878,-0.06335,0.09267,0.01573
14.28,-0.0297,1.05634,0.23736,0.02652,-0.20692,0,5.23667,-1.36097,-0.13843,-4.92032,0.00894,0.04424,-0.02086,-3.13072,0.61362,-0.02056,0.36371,0.00763,0.0514,0.00607,-4.19531,-0.15184,0.29519,-0.64434,0.02174,0.01006,-0.00591,1.88472,0.04749,-0.55896,0.68681,-0.06486,0.08212,0.01357
14.3,-0.05468,0.88956,0.2286,0.02742,-0.20628,0,4.2634,-1.44988,-0.27146,-4.84509,0.00831,0.02823,-0.02661,-1.24149,0.56478,-0.0567,0.17051,0.00758,0.04573,0.00556,-4.27677,-0.12297,0.27888,-0.60713,0.02172,0.01063,-0.00665,1.29482,0.02369,-0.67098,0.5846,-0.06685,0.06905,0.01123
14.32,-0.05769,0.6988,0.21517,0.02567,-0.20157,0,3.28419,-1.39945,-0.32306,-4.6311,0.00755,0.01593,-0.03125,0.17081,0.49202,-0.06694,0.04171,0.00707,0.04179,0.00401,-4.31222,-0.09359,0.20245,-0.55046,0.0209,0.01052,-0.00723,0.77384,0.00024,-0.7962,0.48809,-0.06857,0.05342,0.00876
14.34,-0.03836,0.48727,0.1777,0.02165,-0.18996,0,2.31389,-1.21817,-0.29987,-4.22122,0.00661,0.00803,-0.03469,1.13068,0.41072,-0.05688,-0.03514,0.00636,0.03799,0.00215,-4.29657,-0.0622,0.0999,-0.46768,0.01935,0.00991,-0.00749,0.33308,-0.02018,-0.91831,0.4052,-0.06957,0.03539,0.00615
14.36,-0.00028,0.26365,0.11865,0.01625,-0.16976,0,1.3494,-0.94341,-0.22908,-3.58907,0.00542,0.00378,-0.03712,1.68519,0.32622,-0.03661,-0.07745,0.00553,0.03327,0.00064,-4.22782,-0.02822,0.00544,-0.35853,0.01719,0.00895,-0.00731,-0.0328,-0.0358,-1.01767,0.33894,-0.06939,0.0153,0.00346
14.38,0.04962,0.04115,0.05042,0.01036,-0.14244,0,0.39145,-0.5976,-0.13687,-2.71594,0.00412,0.00159,-0.03726,1.91812,0.23545,-0.01517,-0.10197,0.00445,0.02752,-0.00022,-4.10226,0.00782,-0.08841,-0.2313,0.01456,0.00767,-0.00669,-0.34454,-0.04682,-1.08503,0.28754,-0.06744,-0.00611,0.00077
14.4,0.09988,-0.16462,-0.00385,0.00503,-0.10976,0,-0.51927,-0.30914,-0.06353,-1.7485,0.00298,-0.0003,-0.03525,1.92412,0.12918,-0.0027,-0.1239,0.00312,0.02051,-0.00043,-3.92672,0.04541,-0.17141,-0.10054,0.0118,0.00613,-0.00567,-0.63311,-0.05489,-1.11284,0.24305,-0.06314,-0.02762,-0.00183
14.42,0.13291,-0.35293,-0.01691,0.00115,-0.07368,0,-1.306,-0.15096,-0.01336,-0.76644,0.00213,-0.00146,-0.0313,1.79327,0.01214,6e-05,-0.15637,0.00166,0.01223,-4e-05,-3.71119,0.08422,-0.23429,0.01418,0.00919,0.00445,-0.00438,-0.93193,-0.06219,-1.09726,0.1949,-0.05609,-0.04774,-0.00418
14.44,0.13964,-0.51946,-0.00993,-0.00098,-0.03549,0,-1.91214,-0.04597,0.03039,0.29802,0.00129,-0.00133,-0.0249,1.60747,-0.10242,0.00042,-0.20836,0.00036,0.003,0.00089,-3.45885,0.12331,-0.27544,0.09573,0.00668,0.00283,-0.00289,-1.26634,-0.07055,-1.00908,0.13403,-0.0463,-0.06522,-0.0062
14.46,0.12099,-0.65282,-0.00238,-0.00161,0.00358,0,-2.3209,0.02228,0.05883,1.36658,0.0003,-0.00136,-0.01638,1.42745,-0.2141,0.00109,-0.28593,-0.00011,-0.007,0.00192,-3.17583,0.16064,-0.29271,0.13558,0.00425,0.00139,-0.00132,-1.64521,-0.08078,-0.83622,0.05605,-0.03414,-0.07937,-0.00786
14.48,0.07905,-0.75467,-6e-05,-0.00135,0.04232,0,-2.53228,0.02328,0.05662,2.33114,-0.00083,-0.00308,-0.00685,1.29612,-0.32623,0.00421,-0.39374,0.00131,-0.01756,0.00263,-2.8751,0.19366,-0.28938,0.13251,0.00205,0.00017,0.00021,-2.05634,-0.0927,-0.59845,-0.03725,-0.02047,-0.0898,-0.0091
14.5,0.01783,-0.82239,-0.00435,-0.00093,0.07875,0,-2.58725,-0.03546,0.01351,3.14477,-0.0021,-0.00707,0.00211,1.25282,-0.4294,0.0121,-0.53324,0.00605,-0.02831,0.00281,-2.57499,0.21779,-0.24768,0.09193,0.00015,-0.00077,0.00159,-2.4617,-0.10466,-0.29331,-0.13781,-0.0066,-0.09671,-0.01002
14.52,-0.05608,-0.84931,-0.00481,-0.00112,0.10917,0,-2.54246,-0.09132,-0.08244,3.80293,-0.00359,-0.01357,0.01041,1.3342,-0.50057,0.02575,-0.70341,0.01551,-0.03868,0.00251,-2.29404,0.22753,-0.16881,0.02315,-0.0014,-0.00152,0.0027,-2.80872,-0.11377,0.01536,-0.23352,0.00571,-0.10066,-0.01083
14.54,-0.12395,-0.84078,0.00786,-0.00255,0.132,0,-2.41435,-0.15773,-0.23922,4.2167,-0.00517,-0.02407,0.01777,1.57335,-0.5465,0.03961,-0.90377,0.03092,-0.04844,0.00175,-2.04168,0.21955,-0.08485,-0.06346,-0.0026,-0.00209,0.00347,-3.0587,-0.11741,0.24612,-0.31277,0.01502,-0.1017,-0.0114
14.56,-0.16843,-0.80671,0.02915,-0.00558,0.14755,0,-2.21707,-0.25641,-0.43102,4.32955,-0.0066,-0.03743,0.02284,2.00513,-0.58785,0.04564,-1.13431,0.05219,-0.05748,0.00075,-1.81956,0.19287,-0.00707,-0.15678,-0.00347,-0.00244,0.0039,-3.19236,-0.11351,0.39201,-0.36716,0.02078,-0.1001,-0.01161
14.58,-0.18331,-0.75268,0.05601,-0.01024,0.15558,0,-1.97409,-0.32748,-0.6178,4.18904,-0.00783,-0.05019,0.02544,2.66318,-0.62641,0.0377,-1.39345,0.07366,-0.06487,-6e-05,-1.62386,0.14938,0.06559,-0.24483,-0.00409,-0.00256,0.00401,-3.20561,-0.10101,0.45573,-0.39115,0.02312,-0.09665,-0.01156
14.6,-0.16216,-0.68871,0.07775,-0.0161,0.15659,0,-1.69627,-0.36785,-0.75433,3.84739,-0.00859,-0.05946,0.0256,3.58284,-0.65843,0.00946,-1.66705,0.09747,-0.07152,-0.00034,-1.4436,0.09422,0.12882,-0.31507,-0.00444,-0.00253,0.00384,-3.11343,-0.08045,0.46038,-0.38225,0.02284,-0.09213,-0.01128
14.62,-0.10961,-0.62515,0.08767,-0.02239,0.15158,0,-1.39319,-0.39354,-0.81507,3.38509,-0.00868,-0.06332,0.02378,4.8015,-0.67757,-0.04186,-1.93417,0.13148,-0.07939,-2e-05,-1.26411,0.03564,0.17181,-0.35573,-0.00444,-0.00241,0.00347,-2.93983,-0.0539,0.43693,-0.34029,0.02103,-0.0873,-0.01078
14.64,-0.0399,-0.56777,0.09216,-0.02818,0.14193,0,-1.07425,-0.36971,-0.80061,2.88001,-0.00833,-0.06094,0.02087,6.32968,-0.69329,-0.11454,-2.18461,0.15685,-0.08523,0.0007,-1.07047,-0.01774,0.19445,-0.35651,-0.00419,-0.00219,0.00296,-2.70555,-0.02434,0.39046,-0.26637,0.01859,-0.08278,-0.0102
14.66,0.03776,-0.52003,0.09517,-0.03271,0.12905,0,-0.74589,-0.29316,-0.72361,2.3773,-0.00774,-0.05293,0.01747,8.14938,-0.71314,-0.20212,-2.41133,0.15768,-0.08532,0.00153,-0.84633,-0.0607,0.20422,-0.31171,-0.00381,-0.00188,0.00239,-2.42452,0.0056,0.32698,-0.16412,0.01625,-0.07873,-0.00958
14.68,0.11623,-0.48248,0.09801,-0.03574,0.1139,0,-0.4166,-0.19404,-0.60563,1.90695,-0.00695,-0.04102,0.01397,10.21535,-0.72627,-0.29563,-2.60681,0.14404,-0.07906,0.00231,-0.57567,-0.09122,0.20078,-0.22216,-0.00327,-0.00154,0.00182,-2.1038,0.03374,0.25813,-0.04053,0.01455,-0.0748,-0.00891
14.7,0.18858,-0.45963,0.0968,-0.03674,0.09878,0,-0.10025,-0.10603,-0.46658,1.4883,-0.00599,-0.02774,0.01043,12.46784,-0.72803,-0.36764,-2.73956,0.11257,-0.06648,0.00313,-0.24671,-0.11059,0.19072,-0.09354,-0.00264,-0.00121,0.00129,-1.74761,0.05832,0.19168,0.09432,0.01382,-0.07032,-0.00814
14.72,0.2504,-0.4543,0.08972,-0.03541,0.08568,0,0.19005,-0.0452,-0.32911,1.13805,-0.00495,-0.0154,0.00686,14.83813,-0.71058,-0.3736,-2.7781,0.06705,-0.04931,0.00435,0.1451,-0.12229,0.18196,0.06403,-0.00197,-0.00092,0.00084,-1.35969,0.07818,0.13266,0.22799,0.0142,-0.06447,-0.00722
14.74,0.29805,-0.46099,0.08182,-0.03266,0.0749,0,0.44547,-0.00629,-0.2131,0.86779,-0.00396,-0.00537,0.00343,17.17329,-0.65384,-0.30081,-2.74739,0.03113,-0.0303,0.00628,0.59199,-0.12906,0.17148,0.23927,-0.0012,-0.00071,0.00051,-0.94665,0.09233,0.08321,0.35034,0.01572,-0.05668,-0.00613
14.76,0.33023,-0.47488,0.07546,-0.02923,0.0671,0,0.66108,0.01096,-0.12541,0.68131,-0.00312,0.00159,0.00011,19.30249,-0.53358,-0.16475,-2.67436,0.01073,-0.01218,0.0091,1.06774,-0.13266,0.15718,0.42259,-0.00036,-0.00062,0.00031,-0.52585,0.1002,0.04473,0.45593,0.01831,-0.04679,-0.00492
14.78,0.34876,-0.49287,0.07024,-0.02514,0.06349,0,0.83769,0.00921,-0.06462,0.57581,-0.00244,0.00543,-0.00318,21.09991,-0.33289,0.03568,-2.55836,0.00062,0.00286,0.01271,1.52295,-0.13376,0.1412,0.60433,0.00054,-0.00063,0.00024,-0.12965,0.10187,0.01816,0.54206,0.02184,-0.03526,-0.00362
14.8,0.35923,-0.51738,0.06203,-0.02047,0.06516,0,0.97908,-0.00495,-0.02668,0.54321,-0.00193,0.00675,-0.00641,22.49626,-0.05903,0.27438,-2.41652,-0.00272,0.01353,0.01722,1.8858,-0.13178,0.12418,0.773,0.00148,-0.00076,0.00028,0.19562,0.09772,0.00352,0.60855,0.02606,-0.02311,-0.00235
14.82,0.36788,-0.55119,0.04825,-0.0153,0.07308,0,1.09123,-0.02508,-0.00585,0.56988,-0.00159,0.0063,-0.00947,23.43318,0.29819,0.51489,-2.26353,-0.00306,0.01957,0.0228,2.07809,-0.12551,0.10619,0.9167,0.00241,-0.00098,0.00043,0.39953,0.08851,0.00062,0.65689,0.03071,-0.01163,-0.00126
14.84,0.37556,-0.58458,0.03265,-0.00957,0.08735,0,1.18307,-0.04335,0.00326,0.63824,-0.00139,0.00489,-0.01225,23.76807,0.73563,0.73384,-2.09886,-0.00239,0.02113,0.02856,2.04097,-0.11373,0.08877,1.02868,0.00332,-0.00127,0.00066,0.44459,0.07527,0.00931,0.68933,0.03556,-0.00191,-0.00043
14.86,0.38209,-0.60839,0.01659,-0.00335,0.10733,0,1.26594,-0.05411,0.00465,0.72931,-0.00129,0.00306,-0.01469,23.44401,1.2007,0.90367,-1.92137,-0.00142,0.01879,0.03292,1.7551,-0.09666,0.07323,1.10803,0.00412,-0.00162,0.00097,0.31776,0.05946,0.02975,0.70899,0.04047,0.00547,8e-05
14.88,0.38675,-0.62063,-0.00226,0.00309,0.13222,0,1.35316,-0.05485,0.00106,0.82327,-0.00128,0.00115,-0.01668,22.52337,1.6231,1.01501,-1.7225,-0.00149,0.01369,0.03346,1.24873,-0.07675,0.06031,1.15743,0.00477,-0.00201,0.00134,0.03332,0.04306,0.06238,0.71946,0.04538,0.01047,0.00029
14.9,0.38599,-0.62313,-0.02802,0.00925,0.15832,0,1.45698,-0.04511,-0.00582,0.90071,-0.00133,-0.00069,-0.01795,21.0825,1.97008,1.01293,-1.51137,-0.001,0.00674,0.03294,0.59349,-0.05734,0.05464,1.18315,0.00517,-0.00241,0.00177,-0.36969,0.02791,0.10738,0.7247,0.05014,0.01346,0.00027
14.92,0.37278,-0.61687,-0.06522,0.0141,0.17998,0,1.58543,-0.026,-0.0152,0.94522,-0.00141,-0.00236,-0.01818,19.19196,2.24366,0.8708,-1.29094,0.00284,-0.0006,0.03625,-0.11627,-0.04251,0.0616,1.19265,0.00522,-0.00274,0.00224,-0.83683,0.01592,0.16378,0.72841,0.05457,0.01497,0.0001
14.94,0.34127,-0.59392,-0.11526,0.01702,0.19582,0,1.74203,-0.00036,-0.02663,0.94588,-0.00151,-0.00379,-0.01744,16.99986,2.36096,0.68024,-1.03629,0.00748,-0.00663,0.03773,-0.79606,-0.03572,0.08058,1.19212,0.00484,-0.00301,0.00275,-1.31176,0.00842,0.22917,0.73268,0.05851,0.01547,-0.00013
14.96,0.29009,-0.54691,-0.17923,0.01788,0.20602,0,1.9196,0.02862,-0.03951,0.90115,-0.0016,-0.00488,-0.01584,14.70024,2.26161,0.49623,-0.74115,0.01122,-0.01075,0.0334,-1.39237,-0.03789,0.11026,1.18422,0.004,-0.00322,0.00325,-1.74369,0.00524,0.29943,0.7383,0.0617,0.01515,-0.00038
14.98,0.21523,-0.47194,-0.25695,0.01643,0.20924,0,2.0947,0.05643,-0.05337,0.81963,-0.00166,-0.00552,-0.01342,12.42229,1.99215,0.32539,-0.41302,0.01673,-0.01285,0.02734,-1.8834,-0.04743,0.1554,1.16686,0.00276,-0.00331,0.00373,-2.08614,0.00504,0.37011,0.74504,0.06367,0.01386,-0.00066
15,0.12407,-0.36394,-0.34298,0.01288,0.20534,0,2.24058,0.08189,-0.06598,0.71688,-0.00168,-0.00545,-0.01018,10.30283,1.59452,0.18019,-0.07652,0.02407,-0.01313,0.01888,-2.27398,-0.061,0.19701,1.13496,0.00131,-0.00336,0.00413,-2.29281,0.00597,0.42413,0.75048,0.06376,0.0112,-0.00101
15.02,0.03301,-0.22007,-0.42746,0.0076,0.1948,0,2.32942,0.10982,-0.0736,0.61151,-0.00167,-0.00442,-0.00614,8.44308,1.12745,0.06711,0.23565,0.03134,-0.01173,0.00691,-2.58473,-0.07447,0.19565,1.0819,-9e-05,-0.00351,0.00435,-2.32245,0.00614,0.4371,0.75136,0.06134,0.00671,-0.00148
15.04,-0.06461,-0.04196,-0.49811,0.00088,0.17901,0,2.32512,0.13451,-0.07631,0.52003,-0.00159,-0.00247,-0.00173,6.82633,0.66472,-0.01389,0.52745,0.04415,-0.00896,-0.00364,-2.83467,-0.08365,0.16247,1.00158,-0.00115,-0.00366,0.00441,-2.15112,0.00421,0.41407,0.74634,0.05621,0.00012,-0.00212
15.06,-0.17639,0.16246,-0.54452,-0.00649,0.16012,0,2.20828,0.14847,-0.07555,0.4531,-0.00145,0.00029,0.00275,5.40624,0.2431,-0.0662,0.80585,0.0684,-0.00598,-0.01052,-3.03484,-0.08556,0.12224,0.89184,-0.0017,-0.00369,0.00435,-1.77488,-0.00018,0.36878,0.73508,0.04862,-0.00835,-0.00291
15.08,-0.29053,0.37868,-0.56292,-0.01331,0.1399,0,1.98531,0.15471,-0.07095,0.41532,-0.00124,0.00355,0.0067,4.14349,-0.12884,-0.09505,1.0554,0.09801,-0.00415,-0.01583,-3.18714,-0.07906,0.0721,0.75593,-0.00171,-0.00369,0.00419,-1.21074,-0.00628,0.3032,0.71761,0.03929,-0.01787,-0.00379
15.1,-0.40618,0.58211,-0.55973,-0.01841,0.12173,0,1.67256,0.15022,-0.06501,0.40662,-0.00098,0.00684,0.01042,3.00887,-0.40104,-0.10627,1.25173,0.14841,-0.00335,-0.01742,-3.2785,-0.06382,0.03036,0.60238,-0.00128,-0.00366,0.004,-0.49769,-0.01236,0.23208,0.69599,0.02942,-0.02703,-0.00458
15.12,-0.52207,0.74081,-0.54816,-0.02101,0.10851,0,1.29575,0.13491,-0.06058,0.42331,-0.00068,0.00992,0.01665,1.96519,-0.52778,-0.10538,1.37775,0.24742,-0.00333,-0.0125,-3.28286,-0.04115,0.01026,0.44263,-0.00062,-0.00359,0.00387,0.31685,-0.01608,0.16774,0.67275,0.02034,-0.03415,-0.00511
15.14,-0.60821,0.84159,-0.53863,-0.02095,0.09977,0,0.88341,0.12074,-0.0568,0.45946,-0.00037,0.01208,0.02425,0.94583,-0.55812,-0.0966,1.43163,0.36437,-0.00564,-0.0044,-3.1669,-0.01396,0.00035,0.28686,2e-05,-0.00355,0.00381,1.19311,-0.01597,0.10967,0.64817,0.0131,-0.03781,-0.0052
15.16,-0.64119,0.88722,-0.53963,-0.0186,0.09475,0,0.45961,0.11462,-0.05342,0.50644,-6e-05,0.01269,0.03045,-0.09798,-0.53604,-0.08315,1.41772,0.46228,-0.01117,0.00407,-2.88967,0.01538,-0.00357,0.14246,0.00045,-0.0036,0.00385,2.105,-0.01185,0.05958,0.62135,0.0082,-0.03721,-0.00476
15.18,-0.61985,0.88066,-0.55831,-0.01465,0.09353,0,0.04731,0.11627,-0.05178,0.55164,0.00024,0.01186,0.03606,-1.18727,-0.45649,-0.06756,1.3554,0.54478,-0.01783,0.01363,-2.40361,0.04494,0.00014,0.01443,0.00057,-0.0037,0.00394,3.03536,-0.00453,0.02121,0.59093,0.00564,-0.0322,-0.00377
15.2,-0.52708,0.83996,-0.59943,-0.01058,0.09437,0,-0.32722,0.12708,-0.0525,0.58277,0.00053,0.00974,0.0397,-2.32548,-0.35089,-0.0508,1.22322,0.5948,-0.02466,0.0228,-1.66178,0.0722,0.01008,-0.09356,0.00036,-0.00378,0.00405,3.97132,0.00423,-0.00314,0.55314,0.005,-0.02324,-0.00226
15.22,-0.3668,0.78516,-0.66543,-0.00773,0.09492,0,-0.63309,0.14818,-0.05628,0.58854,0.00084,0.0068,0.03978,-3.50409,-0.25583,-0.03329,1.00868,0.59703,-0.03176,0.02992,-0.62761,0.09399,0.01961,-0.17815,-0.00012,-0.00376,0.00412,4.90299,0.01213,-0.01554,0.50446,0.00569,-0.01117,-0.00035
15.24,-0.17701,0.71969,-0.75469,-0.0059,0.09515,0,-0.84932,0.17729,-0.06378,0.55582,0.00115,0.00394,0.03906,-4.68074,-0.17007,-0.01576,0.78356,0.57215,-0.03748,0.03573,0.7086,0.10875,0.02594,-0.23792,-0.00084,-0.00363,0.0041,5.81595,0.01741,-0.01775,0.44518,0.00713,0.00299,0.00183
15.26,0.02335,0.64711,-0.86331,-0.0047,0.09519,0,-0.97034,0.21114,-0.07548,0.47956,0.00147,0.00159,0.03926,-5.79261,-0.09364,0.00179,0.59149,0.53518,-0.04031,0.04082,2.30928,0.11619,0.03085,-0.27355,-0.00178,-0.00342,0.00396,6.69316,0.0195,-0.01068,0.37796,0.00889,0.01833,0.00412
15.28,0.22662,0.57506,-0.98543,-0.00431,0.09389,0,-0.99977,0.2453,-0.09187,0.36733,0.00179,-0.00016,0.03928,-6.77919,-0.03353,0.01981,0.42889,0.48778,-0.03967,0.04519,4.07347,0.1155,0.0325,-0.28623,-0.00297,-0.0031,0.00371,7.51486,0.01836,0.00222,0.308,0.01074,0.03389,0.00634
15.3,0.4216,0.50713,-1.10912,-0.00488,0.09247,0,-0.95685,0.27886,-0.10993,0.23537,0.00211,-0.0013,0.03985,-7.59049,-0.0042,0.0386,0.29093,0.42726,-0.03636,0.04842,5.83317,0.10747,0.03393,-0.27853,-0.00446,-0.00277,0.00339,8.2436,0.01496,0.0167,0.24377,0.0126,0.04864,0.00833
15.32,0.59666,0.44641,-1.21855,-0.00645,0.09251,0,-0.86788,0.31303,-0.12419,0.1058,0.00244,-0.00191,0.04174,-8.18805,-0.00121,0.05806,0.17543,0.35366,-0.03071,0.05035,7.38821,0.09338,0.03885,-0.25376,-0.00629,-0.0025,0.00305,8.83358,0.01058,0.02419,0.19463,0.01449,0.06163,0.0099
15.34,0.74382,0.39738,-1.29724,-0.00851,0.09222,0,-0.75108,0.33666,-0.13453,-0.00033,0.00277,-0.00208,0.04221,-8.49143,0.00036,0.07784,0.08616,0.27667,-0.02083,0.05212,8.57121,0.07284,0.04389,-0.215,-0.00852,-0.00228,0.00274,9.25494,0.0055,0.02178,0.16738,0.01643,0.07199,0.01089
15.36,0.86231,0.36221,-1.33178,-0.01044,0.09029,0,-0.62013,0.34016,-0.14148,-0.06793,0.00306,-0.00186,0.03938,-8.43551,0.00658,0.09755,0.02111,0.20125,-0.00551,0.05435,9.28741,0.04651,0.04746,-0.16694,-0.01114,-0.0021,0.00249,9.49379,0.00034,0.01364,0.16353,0.0184,0.07921,0.01122
15.38,0.9573,0.34051,-1.31548,-0.01175,0.08732,0,-0.48424,0.32572,-0.14122,-0.08925,0.0033,-0.00136,0.03371,-8.0245,0.01675,0.11627,-0.02632,0.12636,0.0148,0.05656,9.51873,0.01667,0.05133,-0.11661,-0.01402,-0.00197,0.0023,9.54698,-0.00405,0.00235,0.17896,0.02037,0.08317,0.01093
15.4,1.01006,0.3314,-1.2476,-0.01188,0.08323,0,-0.3446,0.28958,-0.13541,-0.06383,0.00344,-0.00069,0.02452,-7.29295,0.03116,0.13167,-0.05996,0.0512,0.03964,0.05754,9.31312,-0.0141,0.05484,-0.07254,-0.01696,-0.00185,0.00212,9.42331,-0.00696,-0.0067,0.20539,0.02217,0.08393,0.01014
15.42,0.9945,0.33291,-1.13546,-0.01032,0.07797,0,-0.20032,0.23307,-0.12709,0.00335,0.00342,2e-05,0.01268,-6.32177,0.04742,0.14014,-0.07865,-0.02103,0.07047,0.05569,8.75909,-0.04251,0.05656,-0.04386,-0.01973,-0.00168,0.00194,9.13773,-0.00742,-0.00983,0.23267,0.02357,0.0817,0.009
15.44,0.93691,0.34097,-0.9924,-0.00658,0.0721,0,-0.05436,0.16977,-0.11312,0.10517,0.0032,0.00059,0.00072,-5.23449,0.06146,0.13833,-0.08348,-0.08551,0.10569,0.04975,7.94994,-0.06593,0.05649,-0.03802,-0.02205,-0.00147,0.00169,8.70478,-0.00575,-0.00811,0.25102,0.02447,0.07684,0.00769
15.46,0.86471,0.35085,-0.82974,-0.00026,0.06581,0,0.0842,0.10726,-0.09253,0.23429,0.00271,0.0008,-0.01047,-4.16123,0.06185,0.12153,-0.08054,-0.14012,0.14018,0.03835,6.9654,-0.08307,0.05386,-0.05902,-0.02373,-0.00118,0.00135,8.13957,-0.00314,-0.00241,0.2536,0.02482,0.0697,0.0063
15.48,0.77712,0.35781,-0.65629,0.00902,0.05896,0,0.19782,0.04759,-0.06835,0.38337,0.00186,0.0004,-0.02066,-3.23315,0.02421,0.08147,-0.07493,-0.18393,0.16858,0.01993,5.87339,-0.09321,0.04688,-0.107,-0.02483,-0.00081,0.0009,7.46062,-0.00041,0.00651,0.23726,0.02452,0.06061,0.00489
15.5,0.68283,0.35603,-0.48221,0.02141,0.0511,0,0.26192,-0.00682,-0.04502,0.54366,0.00059,-0.00077,-0.02954,-2.57815,-0.02968,0.00547,-0.05988,-0.20962,0.19305,-0.00595,4.73054,-0.0958,0.03447,-0.17916,-0.02539,-0.00034,0.00035,6.68882,0.00182,0.01666,0.20213,0.02353,0.04992,0.00347
15.52,0.59307,0.34056,-0.31458,0.03632,0.04176,0,0.25081,-0.05319,-0.02613,0.70487,-0.00107,-0.00279,-0.03706,-2.28756,-0.0449,-0.11977,-0.03257,-0.20562,0.21998,-0.03839,3.58724,-0.09057,0.01551,-0.2719,-0.02551,0.00022,-0.00028,5.85017,0.00328,0.02486,0.14997,0.02179,0.03802,0.00204
15.54,0.50986,0.30981,-0.15373,0.05293,0.0309,0,0.14409,-0.09058,-0.0121,0.85955,-0.00292,-0.00552,-0.04263,-2.38676,-0.04848,-0.30892,0.00023,-0.17928,0.23929,-0.07421,2.48365,-0.07922,-0.01096,-0.38151,-0.02558,0.00088,-0.00096,4.97487,0.00378,0.02956,0.08233,0.01922,0.02521,0.00057
15.56,0.43456,0.26586,0.00437,0.07019,0.01834,0,-0.06779,-0.12105,-0.00308,1.00251,-0.0046,-0.00854,-0.0457,-2.8325,-0.07586,-0.58026,0.01932,-0.14378,0.24228,-0.10745,1.43869,-0.06403,-0.04415,-0.50518,-0.02591,0.00161,-0.00166,4.0931,0.00351,0.03081,0.0008,0.01573,0.01163,-0.00095
15.58,0.3721,0.21465,0.1681,0.08694,0.00392,0,-0.38335,-0.14808,0.00112,1.12729,-0.00559,-0.01135,-0.04705,-3.52955,-0.11851,-0.95833,-0.03805,-0.10207,0.23265,-0.13764,0.45802,-0.04695,-0.08093,-0.64153,-0.0266,0.00238,-0.00232,3.24105,0.00295,0.02902,-0.0925,0.01126,-0.00262,-0.00253
15.6,0.32435,0.16501,0.35038,0.09791,-0.0122,0,-0.7927,-0.17696,0.00209,1.23015,-0.00517,-0.01324,-0.04387,-4.38557,-0.06859,-1.40605,-0.01337,-0.0592,0.21384,-0.14669,-0.45413,-0.03154,-0.11647,-0.79145,-0.02758,0.00314,-0.00287,2.4646,0.00222,0.02622,-0.19505,0.0057,-0.01737,-0.00416
15.62,0.29558,0.1276,0.56743,0.09556,-0.03029,0,-1.28177,-0.21391,0.00226,1.30993,-0.00271,-0.01327,-0.03193,-5.36195,0.19935,-1.82408,0.29126,-0.02001,0.19011,-0.09872,-1.29133,-0.02015,-0.14464,-0.95754,-0.02864,0.00388,-0.00323,1.81609,0.00142,0.02547,-0.30447,-0.00096,-0.0323,-0.00577
15.64,0.29079,0.11217,0.83548,0.0825,-0.05023,0,-1.84228,-0.26343,0.00386,1.36693,0.0022,-0.0115,-0.01746,-6.46294,0.54663,-2.1617,0.67516,0.01476,0.16181,-0.021,-2.0482,-0.01297,-0.15519,-1.13657,-0.02968,0.00452,-0.00338,1.34175,0.00075,0.02974,-0.41705,-0.00867,-0.04689,-0.00728
15.66,0.30683,0.12434,1.16908,0.0644,-0.07117,0,-2.47388,-0.32804,0.00793,1.40539,0.00933,-0.00861,-0.00658,-7.75318,0.85698,-2.39473,0.98411,0.04522,0.12946,0.04605,-2.71995,-0.01032,-0.13732,-1.32235,-0.0305,0.005,-0.00332,1.06801,0.00014,0.04209,-0.52749,-0.01747,-0.06039,-0.00854
15.68,0.33255,0.16523,1.57277,0.0426,-0.09213,0,-3.17903,-0.4088,0.01367,1.43079,0.01652,-0.00487,0.00174,-9.39063,1.13797,-2.56252,1.21527,0.07109,0.0958,0.10581,-3.29435,-0.01179,-0.08258,-1.51041,-0.03057,0.00534,-0.00308,1.00339,-0.00068,0.06592,-0.62968,-0.02733,-0.07163,-0.00939
15.7,0.34368,0.23177,2.04226,0.0226,-0.11225,0,-3.94424,-0.4986,0.01862,1.45693,0.02422,-0.00163,0.0037,-11.27062,1.23266,-2.26121,1.58924,0.09109,0.05691,0.12689,-3.75057,-0.01557,0.01664,-1.68698,-0.0295,0.00549,-0.00274,1.14477,-0.00175,0.10196,-0.71524,-0.03813,-0.07903,-0.00957
15.72,0.31795,0.31556,2.5271,0.00885,-0.13104,0,-4.73934,-0.58408,0.01978,1.49677,0.03458,-0.00119,-6e-05,-12.78412,0.99725,-1.12543,2.36019,0.10404,0.01744,0.09598,-4.06544,-0.01909,0.16373,-1.83397,-0.02695,0.00544,-0.00238,1.47942,-0.00293,0.14701,-0.77492,-0.04973,-0.0809,-0.00884
15.74,0.25097,0.40726,2.93779,0.00109,-0.14663,0,-5.55478,-0.66092,0.01497,1.54323,0.04064,-0.00402,-0.00166,-13.94126,0.58423,-0.04197,3.25904,0.10684,-0.00861,0.05654,-4.22321,-0.02062,0.35762,-1.94193,-0.02251,0.00524,-0.00206,1.98611,-0.00382,0.2,-0.79952,-0.06202,-0.0761,-0.00704
15.76,0.14441,0.50132,3.23042,-0.00153,-0.15735,0,-6.38265,-0.72969,0.00432,1.58846,0.03782,-0.01004,0.00133,-15.21713,0.22206,0.57473,3.9996,0.09817,-0.01917,0.02883,-4.22711,-0.01975,0.59307,-2.0051,-0.01618,0.00496,-0.00182,2.63332,-0.0039,0.26282,-0.78251,-0.07488,-0.06441,-0.00421
15.78,0.00715,0.59077,3.36616,-0.00026,-0.16363,0,-7.17953,-0.78888,-0.00931,1.63231,0.03074,-0.02044,0.00815,-16.5751,-0.01149,0.89095,4.55265,0.08186,-0.01775,0.00938,-4.10233,-0.01734,0.877,-2.019,-0.00845,0.00469,-0.00166,3.37221,-0.00286,0.33978,-0.72186,-0.08796,-0.04668,-0.0005
15.8,-0.14456,0.67205,3.36805,0.00211,-0.16463,0,-7.8796,-0.82467,-0.02262,1.67657,0.0185,-0.03252,0.01829,-18.09058,-0.09027,0.88191,4.77512,0.05789,-0.01114,-0.00065,-3.8887,-0.01545,1.13731,-1.97326,-0.00023,0.00432,-0.00163,4.144,-0.00082,0.40443,-0.61517,-0.10168,-0.02475,0.00371
15.82,-0.27961,0.74594,3.26238,-0.00322,-0.16001,0,-8.39312,-0.81578,-0.03211,1.72403,0.00395,-0.04173,0.03202,-19.61658,-0.05775,0.63596,4.6344,0.03044,-0.0048,-0.00238,-3.63083,-0.01629,1.22378,-1.86032,0.00775,0.00378,-0.00174,4.88754,0.00155,0.40561,-0.46402,-0.11677,-0.00113,0.0079
15.84,-0.36335,0.8097,3.02392,-0.02183,-0.15253,0,-8.63275,-0.77556,-0.03346,1.77206,-0.0024,-0.04892,0.0476,-20.94504,0.06424,0.37312,4.21532,0.00956,0.00119,0.00157,-3.36537,-0.02114,1.16919,-1.69239,0.01492,0.0033,-0.00195,5.53208,0.00292,0.34593,-0.27728,-0.13217,0.02175,0.0116
15.86,-0.37991,0.86211,2.67667,-0.05253,-0.14477,0,-8.52506,-0.72583,-0.02487,1.81982,0.00179,-0.05443,0.06223,-21.94402,0.22096,0.20421,3.58229,-0.00126,0.00583,0.00959,-3.1089,-0.02975,1.06744,-1.48323,0.0208,0.00301,-0.00225,6.02167,0.00179,0.25178,-0.06362,-0.14646,0.04203,0.01454
15.88,-0.32852,0.90579,2.26192,-0.09523,-0.13828,0,-8.00809,-0.66613,-0.00779,1.86975,0.01437,-0.05543,0.0754,-22.44943,0.35467,0.09411,2.819,-0.00364,0.00841,0.02006,-2.85725,-0.0401,0.90177,-1.24281,0.02527,0.00285,-0.00263,6.3297,-0.00278,0.14046,0.16685,-0.15881,0.05839,0.01658
15.9,-0.23975,0.94163,1.82572,-0.14832,-0.13348,0,-7.10773,-0.60918,0.0142,1.91625,0.03301,-0.05204,0.08615,-22.50721,0.42607,0.04047,2.01533,-0.00054,0.00952,0.03175,-2.59248,-0.05049,0.70574,-0.98698,0.02842,0.0028,-0.00308,6.45222,-0.00881,-0.07179,0.39839,-0.1698,0.06969,0.01752
15.92,-0.15164,0.96791,1.39544,-0.20864,-0.12984,0,-5.87804,-0.56759,0.03621,1.95343,0.05414,-0.04493,0.09374,-22.21596,0.41765,0.03191,1.26263,0.00629,0.01051,0.0439,-2.29246,-0.06073,0.52696,-0.73417,0.03049,0.00288,-0.00359,6.39761,-0.01172,-0.51294,0.61104,-0.18038,0.07511,0.01719
15.94,-0.07103,0.98491,0.98502,-0.26923,-0.12848,0,-4.32699,-0.5337,0.05291,1.9807,0.0756,-0.03339,0.09921,-21.41442,0.33434,0.03847,0.63186,0.01456,0.01084,0.05471,-1.94222,-0.06875,0.35143,-0.5012,0.03162,0.00303,-0.00414,6.16128,-0.00894,-1.04538,0.78923,-0.18776,0.07464,0.01583
15.96,-0.00788,0.99268,0.60816,-0.32174,-0.12945,0,-2.49572,-0.50249,0.05952,1.99593,0.09575,-0.01818,0.10332,-19.97094,0.19276,0.04275,0.15947,0.02095,0.01,0.06255,-1.54449,-0.07243,0.17585,-0.29771,0.0319,0.00321,-0.00472,5.74155,0.00045,-1.52037,0.92467,-0.18976,0.06904,0.01381
15.98,0.0209,0.98941,0.27382,-0.36017,-0.12952,0,-0.4766,-0.47617,0.05283,1.99541,0.11244,-0.00098,0.10607,-17.90858,0.02163,0.03643,-0.14714,0.02454,0.00956,0.06714,-1.12378,-0.07179,0.02092,-0.12733,0.03154,0.00344,-0.0053,5.1558,0.01498,-1.97725,1.01193,-0.18734,0.05964,0.01136
16,0.00562,0.97059,-0.00858,-0.37529,-0.12907,0,1.61665,-0.44572,0.03264,1.96428,0.12461,0.01664,0.10749,-15.63829,-0.15014,0.0302,-0.30098,0.02524,0.00741,0.06831,-0.72221,-0.06959,-0.14736,0.00838,0.03045,0.00363,-0.00588,4.42392,0.029,-2.29937,1.05083,-0.17966,0.04856,0.00895
16.02,-0.04597,0.92849,-0.25445,-0.3602,-0.13083,0,3.71734,-0.39557,-0.0006,1.8869,0.13196,0.03412,0.1075,-13.55041,-0.27871,0.02241,-0.32878,0.02382,0.00218,0.06647,-0.38898,-0.06885,-0.36875,0.1108,0.02849,0.00375,-0.00644,3.57282,0.03427,-2.38735,1.04365,-0.1666,0.03809,0.00696
16.04,-0.12282,0.86278,-0.46751,-0.31265,-0.13187,0,5.75825,-0.33223,-0.04712,1.77063,0.13261,0.05092,0.10573,-11.45581,-0.34903,0.00592,-0.26381,0.02223,-0.00222,0.06238,-0.16114,-0.06795,-0.5996,0.18262,0.02593,0.0038,-0.00693,2.63529,0.02627,-2.40496,0.9917,-0.15127,0.02979,0.00539
16.06,-0.22252,0.77708,-0.63137,-0.23362,-0.12959,0,7.65324,-0.26358,-0.1044,1.62716,0.12619,0.06615,0.10228,-9.26219,-0.3776,-0.01109,-0.13946,0.02164,-0.00381,0.05687,-0.0502,-0.06547,-0.80761,0.22717,0.02306,0.0038,-0.00731,1.63362,0.00665,-2.4582,0.89774,-0.13551,0.02446,0.00418
16.08,-0.34396,0.67294,-0.73841,-0.12784,-0.12526,0,9.34746,-0.18525,-0.16892,1.46162,0.11527,0.07915,0.09785,-7.13102,-0.37716,-0.02083,0.0124,0.0222,-0.00339,0.05085,-0.04305,-0.06234,-1.00959,0.24899,0.02005,0.00373,-0.00759,0.58557,-0.02024,-2.51553,0.76651,-0.11923,0.02197,0.00331
16.1,-0.47224,0.55782,-0.78746,-0.00096,-0.12189,0,10.86276,-0.11557,-0.2364,1.28212,0.09963,0.09135,0.09193,-5.26645,-0.35326,-0.02199,0.1627,0.0239,-0.00187,0.045,-0.10843,-0.05914,-1.20084,0.25357,0.01684,0.00358,-0.00776,-0.48483,-0.05053,-2.61232,0.60735,-0.10269,0.02136,0.00263
16.12,-0.58472,0.43919,-0.78205,0.12538,-0.12283,0,12.26585,-0.06955,-0.30176,1.09924,0.08008,0.10518,0.08417,-3.7737,-0.30672,-0.01655,0.28931,0.0266,0.00022,0.03984,-0.20871,-0.05616,-1.37226,0.24636,0.01336,0.00337,-0.00781,-1.54835,-0.08173,-2.78429,0.42952,-0.08602,0.02126,0.00201
16.14,-0.69036,0.32136,-0.72035,0.23011,-0.12586,0,13.48333,-0.0354,-0.36005,0.92846,0.06179,0.11861,0.07631,-2.55658,-0.25618,-0.0059,0.37788,0.02964,0.00258,0.03595,-0.31485,-0.05323,-1.54093,0.23147,0.00996,0.00309,-0.00774,-2.58169,-0.11095,-2.97298,0.23852,-0.06884,0.02051,0.0014
16.16,-0.80311,0.20949,-0.606,0.30918,-0.12782,0,14.43536,-0.00702,-0.40738,0.78184,0.04714,0.12932,0.06942,-1.56555,-0.21419,0.00696,0.42223,0.03225,0.00446,0.03328,-0.41516,-0.05036,-1.71604,0.21245,0.00695,0.00272,-0.00754,-3.5725,-0.13747,-3.14007,0.04136,-0.05107,0.01851,0.00083
16.18,-0.91798,0.10964,-0.45281,0.35936,-0.12842,0,15.13762,0.01221,-0.44143,0.66464,0.03548,0.13787,0.06314,-0.80899,-0.17312,0.01833,0.42504,0.03362,0.00551,0.03106,-0.51576,-0.04827,-1.88765,0.19285,0.0044,0.00227,-0.00715,-4.51256,-0.1625,-3.30239,-0.15227,-0.03304,0.01526,0.00035
16.2,-1.03456,0.02935,-0.27313,0.3748,-0.1271,0,15.63082,0.01465,-0.45476,0.58066,0.02639,0.14404,0.05721,-0.26904,-0.14098,0.02563,0.39494,0.03349,0.00553,0.02886,-0.63669,-0.04843,-2.07091,0.17628,0.00212,0.0017,-0.00654,-5.38628,-0.18603,-3.44307,-0.33155,-0.01516,0.0114,2e-05
16.22,-1.15588,-0.03026,-0.08618,0.3484,-0.12347,0,15.94613,0.00502,-0.43825,0.53158,0.01942,0.14748,0.05138,0.09493,-0.12143,0.0275,0.34276,0.03192,0.00441,0.02636,-0.80582,-0.05265,-2.2837,0.16574,-0.0001,0.00098,-0.00564,-6.17583,-0.20617,-3.54475,-0.48725,0.00166,0.00793,-0.00012
16.24,-1.28219,-0.07139,0.08731,0.28795,-0.11664,0,16.02659,-0.00125,-0.39603,0.51745,0.01407,0.14818,0.04536,0.328,-0.10014,0.02456,0.27786,0.02805,0.00271,0.02253,-1.05245,-0.06212,-2.49111,0.16248,-0.002,0.00014,-0.00439,-6.8879,-0.21911,-3.64756,-0.61033,0.01655,0.00588,-0.00014
16.26,-1.41438,-0.0945,0.23541,0.20714,-0.10605,0,15.83877,0.00045,-0.33688,0.53494,0.00995,0.14614,0.03904,0.46141,-0.07171,0.01841,0.20732,0.02191,0.00093,0.01703,-1.40061,-0.07773,-2.66497,0.16668,-0.00338,-0.00082,-0.00273,-7.54965,-0.22185,-3.77308,-0.69491,0.02928,0.00607,-0.00015
16.28,-1.55644,-0.10269,0.35071,0.11043,-0.09216,0,15.41722,0.01131,-0.26535,0.57522,0.00673,0.14155,0.03236,0.52609,-0.04025,0.01168,0.13633,0.01492,-0.00064,0.01049,-1.86389,-0.10036,-2.81097,0.17766,-0.00435,-0.0019,-0.00065,-8.19387,-0.21406,-3.89383,-0.74222,0.03977,0.00911,-0.00025
16.3,-1.70464,-0.1004,0.42803,0.00418,-0.07502,0,14.77814,0.03418,-0.1913,0.62905,0.00414,0.13418,0.02538,0.54685,-0.01363,0.00503,0.06863,0.00774,-0.0017,0.00349,-2.44547,-0.12895,-2.8992,0.19317,-0.00481,-0.00305,0.00182,-8.8652,-0.19664,-4.0024,-0.75639,0.04814,0.01535,-0.00057
16.32,-1.85331,-0.09183,0.46611,-0.10527,-0.05539,0,13.94778,0.07106,-0.12526,0.68615,0.00207,0.12415,0.0184,0.54127,0.00818,-0.00149,0.00661,0.00168,-0.00213,-0.00282,-3.13687,-0.16068,-2.90517,0.20998,-0.00471,-0.00427,0.00457,-9.60419,-0.17301,-4.09369,-0.74374,0.05462,0.02486,-0.00123
16.34,-2.00804,-0.07945,0.46916,-0.21114,-0.0348,0,12.9737,0.11579,-0.07137,0.73132,0.00044,0.11224,0.01189,0.52327,0.02751,-0.0053,-0.04854,-0.00199,-0.0021,-0.00745,-3.91407,-0.19351,-2.85226,0.22504,-0.00417,-0.00549,0.00747,-10.41908,-0.14826,-4.10797,-0.71186,0.05925,0.03739,-0.00233
16.36,-2.17056,-0.06492,0.44399,-0.30688,-0.01432,0,11.89979,0.15923,-0.03171,0.74861,-0.00082,0.09918,0.00644,0.50129,0.04014,-0.00529,-0.09635,-0.00371,-0.00176,-0.01042,-4.73559,-0.22496,-2.75906,0.23558,-0.00323,-0.00663,0.01042,-11.28168,-0.12532,-4.00783,-0.66707,0.06206,0.05236,-0.00389
16.38,-2.33282,-0.05004,0.39689,-0.38981,0.00528,0,10.76689,0.19717,-0.00745,0.72193,-0.00179,0.08577,0.00264,0.48007,0.04446,-0.00294,-0.13666,-0.00415,-0.00121,-0.01194,-5.53713,-0.25085,-2.63294,0.23912,-0.00192,-0.00764,0.01327,-12.1226,-0.10442,-3.81255,-0.61459,0.06308,0.0686,-0.00586
16.4,-2.46871,-0.03574,0.33679,-0.45104,0.02301,0,9.61649,0.22239,0.002,0.6481,-0.00249,0.07222,0.00079,0.46062,0.04234,-0.00072,-0.16916,-0.00401,-0.00064,-0.01254,-6.2352,-0.26509,-2.45618,0.23333,-0.00031,-0.00851,0.01588,-12.81717,-0.08325,-3.50242,-0.55735,0.06238,0.08456,-0.00806
16.42,-2.54548,-0.02264,0.27216,-0.48411,0.03734,0,8.50068,0.22985,0.00295,0.53442,-0.00292,0.05898,0.00074,0.44231,0.03746,3e-05,-0.19342,-0.00387,-0.00014,-0.0129,-6.74201,-0.26128,-2.22301,0.21652,0.00143,-0.00931,0.01806,-13.21717,-0.05857,-3.0831,-0.49761,0.06004,0.09867,-0.01017
16.44,-2.55356,-0.01111,0.20444,-0.49372,0.04757,0,7.45664,0.22291,0.00077,0.37347,-0.00312,0.04737,0.00148,0.42563,0.03017,-0.00076,-0.20942,-0.00368,0.00033,-0.01315,-6.98274,-0.2361,-1.97891,0.1885,0.0031,-0.0099,0.01972,-13.20923,-0.02797,-2.64057,-0.43889,0.05587,0.10929,-0.01198
16.46,-2.48859,-0.001,0.13475,-0.48446,0.05387,0,6.49338,0.20549,-0.00257,0.16204,-0.00318,0.03798,0.0014,0.41087,0.0202,-0.00366,-0.21777,-0.00341,0.00068,-0.01338,-6.92072,-0.18885,-1.74655,0.15052,0.00459,-0.01016,0.0208,-12.73496,0.01047,-2.22308,-0.38277,0.04979,0.1154,-0.01334
16.48,-2.34372,0.00809,0.06639,-0.45892,0.0564,0,5.60894,0.18205,-0.00407,-0.08308,-0.00312,0.03074,-0.00155,0.39787,0.01016,-0.00866,-0.2196,-0.00315,0.00085,-0.01372,-6.56564,-0.12172,-1.51245,0.10545,0.00583,-0.01014,0.02131,-11.79795,0.05748,-1.82896,-0.32857,0.0421,0.11689,-0.01413
16.5,-2.11202,0.01657,0.004,-0.41303,0.05573,0,4.81285,0.15251,-0.0026,-0.32377,-0.00302,0.02569,-0.0084,0.38557,0.00111,-0.01513,-0.21647,-0.003,0.00086,-0.01405,-5.96805,-0.04103,-1.26192,0.05824,0.00677,-0.00987,0.02127,-10.46219,0.11144,-1.45117,-0.27587,0.03324,0.11425,-0.01429
16.52,-1.80077,0.02496,-0.04797,-0.34753,0.0526,0,4.11163,0.11712,0.00232,-0.51479,-0.00296,0.02288,-0.01817,0.37334,-0.00638,-0.02207,-0.21003,-0.00301,0.00084,-0.01412,-5.19655,0.0432,-0.98153,0.01479,0.00743,-0.00943,0.02077,-8.83572,0.16834,-1.07967,-0.22426,0.02377,0.10832,-0.01382
16.54,-1.44095,0.0336,-0.08874,-0.27611,0.04765,0,3.48287,0.08362,0.01046,-0.63031,-0.00289,0.02223,-0.03035,0.3633,-0.01149,-0.02876,-0.20174,-0.00322,0.00077,-0.01392,-4.31102,0.12112,-0.65962,-0.0194,0.00779,-0.00884,0.01989,-7.04373,0.2242,-0.70396,-0.17305,0.01436,0.09983,-0.01282
16.56,-1.05701,0.04268,-0.11781,-0.20655,0.04153,0,2.89824,0.05663,0.02027,-0.64536,-0.00278,0.02338,-0.04476,0.35702,-0.014,-0.03476,-0.19252,-0.00361,0.00056,-0.01345,-3.36347,0.18639,-0.28907,-0.03993,0.00786,-0.0081,0.01866,-5.19988,0.27561,-0.30541,-0.12237,0.0056,0.08936,-0.01138
16.58,-0.66372,0.05246,-0.13375,-0.13951,0.0349,0,2.34029,0.03626,0.03008,-0.53134,-0.00249,0.02546,-0.06173,0.35449,-0.01391,-0.03953,-0.1828,-0.00419,0.00033,-0.01261,-2.40504,0.23586,0.13197,-0.0437,0.00766,-0.00724,0.01711,-3.4129,0.31787,0.14049,-0.07365,-0.00191,0.0774,-0.0096
16.6,-0.2769,0.06269,-0.13411,-0.07528,0.02847,0,1.81428,0.0198,0.03905,-0.27363,-0.00229,0.02738,-0.07127,0.35568,-0.0126,-0.04337,-0.17253,-0.00487,7e-05,-0.01142,-1.49205,0.26738,0.59277,-0.02858,0.00714,-0.00631,0.01524,-1.80227,0.34482,0.65445,-0.02954,-0.00749,0.06441,-0.00757
16.62,0.08225,0.07268,-0.11912,-0.01594,0.023,0,1.31818,0.0066,0.0481,0.10414,-0.00293,0.02784,-0.05929,0.36027,-0.01098,-0.0469,-0.16143,-0.00558,-0.00025,-0.00995,-0.67332,0.28007,1.05518,0.00615,0.00625,-0.00534,0.01303,-0.48372,0.35047,1.24858,0.00602,-0.01051,0.05077,-0.00542
16.64,0.39712,0.08203,-0.09282,0.03611,0.01904,0,0.82535,-0.00027,0.05698,0.55178,-0.00411,0.02515,-0.0375,0.36788,-0.00829,-0.04986,-0.14921,-0.00621,-0.00048,-0.00809,0.01905,0.27737,1.49459,0.05936,0.00512,-0.00431,0.01053,0.45813,0.33203,1.92864,0.02862,-0.01054,0.03687,-0.00328
16.66,0.66517,0.09032,-0.05914,0.08158,0.01706,0,0.32167,-0.00014,0.0653,1.01664,-0.00527,0.0184,-0.0182,0.37745,-0.00451,-0.05202,-0.13561,-0.00668,-0.00057,-0.00574,0.56528,0.26371,1.91021,0.1282,0.00387,-0.00319,0.00777,0.98506,0.2903,2.69402,0.03401,-0.0075,0.02314,-0.00127
16.68,0.89053,0.09721,-0.02166,0.12187,0.01749,0,-0.19103,0.00562,0.07594,1.43568,-0.00718,0.008,-0.00063,0.38658,-0.00038,-0.0534,-0.12057,-0.00701,-0.00053,-0.00285,0.95892,0.24266,2.29418,0.20741,0.00257,-0.00204,0.00485,1.10364,0.22958,3.53658,0.01796,-0.00174,0.01021,0.00047
16.7,1.07661,0.10078,0.01542,0.15712,0.02053,0,-0.71171,0.01643,0.08346,1.72945,-0.00817,-0.00497,0.00452,0.39304,0.00358,-0.05401,-0.10431,-0.00673,-0.00044,0.00066,1.20437,0.21797,2.62221,0.28861,0.00133,-0.00089,0.00193,0.85491,0.15674,4.38195,-0.02367,0.00605,-0.00106,0.00179
16.72,1.22449,0.09999,0.04528,0.1865,0.02625,0,-1.26193,0.03278,0.08139,1.82129,-0.00584,-0.01805,-0.00016,0.39448,0.00736,-0.05374,-0.08715,-0.0052,-0.00033,0.00477,1.31143,0.19364,2.8602,0.36116,0.00027,0.00021,-0.0008,0.29966,0.08147,5.10206,-0.093,0.01496,-0.01005,0.0026
16.74,1.34167,0.09836,0.06323,0.21127,0.03486,0,-1.86403,0.0462,0.07699,1.67887,-0.00296,-0.02913,-0.00339,0.38686,0.01071,-0.05203,-0.06931,-0.00288,-0.00013,0.0094,1.28789,0.17414,3.01614,0.41614,-0.00051,0.00121,-0.00317,-0.49855,0.01311,5.67977,-0.18891,0.02411,-0.01674,0.00291
16.76,1.43875,0.0986,0.0705,0.23389,0.04661,0,-2.53425,0.04024,0.07275,1.34242,-0.00154,-0.03766,-0.00748,0.36683,0.01299,-0.04843,-0.05076,0.00034,0.00013,0.0144,1.14012,0.16212,3.11194,0.44681,-0.001,0.00209,-0.00509,-1.48181,-0.04515,6.14415,-0.30671,0.03289,-0.0221,0.00295
16.78,1.52077,0.10125,0.06991,0.25568,0.06163,0,-3.31183,-0.00325,0.06304,0.87896,-0.00057,-0.04314,-0.01187,0.33272,0.01388,-0.04296,-0.03127,0.00466,0.00038,0.01921,0.87553,0.15785,3.14545,0.44713,-0.00123,0.0028,-0.00647,-2.5938,-0.09486,6.4671,-0.43554,0.0408,-0.02819,0.00298
16.8,1.57971,0.10553,0.0642,0.27806,0.07945,0,-4.26096,-0.10051,0.04182,0.35151,-0.0006,-0.04568,-0.01906,0.28213,0.01353,-0.03568,-0.0106,0.01033,0.00053,0.02385,0.50116,0.16117,3.12042,0.41269,-0.00123,0.00331,-0.00728,-3.77013,-0.14091,6.63393,-0.56099,0.04751,-0.03794,0.00331
16.82,1.60388,0.10865,0.05485,0.30273,0.09889,0,-5.46347,-0.25305,0.00393,-0.14459,-0.00091,-0.04558,-0.0335,0.21383,0.01243,-0.02689,0.01144,0.01942,0.00045,0.02895,0.02323,0.17111,3.04082,0.34098,-0.00106,0.00361,-0.0075,-4.93899,-0.18958,6.63524,-0.66852,0.05274,-0.05447,0.0041
16.84,1.59938,0.10653,0.04484,0.33096,0.11904,0,-6.96911,-0.45074,-0.05197,-0.46499,0.0005,-0.04344,-0.04947,0.12813,0.01033,-0.01705,0.03499,0.02989,0.00023,0.0333,-0.55411,0.18507,2.91893,0.23258,-0.00078,0.00368,-0.00718,-6.04172,-0.24382,6.47938,-0.74266,0.05597,-0.08003,0.00535
16.86,1.57342,0.09435,0.03573,0.36375,0.13887,0,-8.81731,-0.67124,-0.11871,-0.50234,0.0037,-0.04068,-0.06261,0.02552,0.00724,-0.00686,0.05999,0.03774,1e-05,0.03564,-1.22704,0.19995,2.76965,0.09199,-0.00045,0.00353,-0.0064,-7.03149,-0.30167,6.183,-0.77301,0.05655,-0.11524,0.00684
16.88,1.52518,0.0684,0.02799,0.40192,0.15684,0,-11.06471,-0.88415,-0.18779,-0.22187,0.00825,-0.03846,-0.07413,-0.0933,0.00406,0.00286,0.08602,0.04269,-0.00011,0.03637,-1.98807,0.21239,2.59517,-0.07125,-0.00011,0.00322,-0.00529,-7.85543,-0.3556,5.74542,-0.75775,0.05388,-0.1587,0.0082
16.9,1.4413,0.0276,0.00769,0.4389,0.16869,0,-13.69247,-0.99602,-0.20275,0.34358,0.01384,-0.03909,-0.08287,-0.22467,0.00118,0.01136,0.11216,0.0435,-1e-05,0.03514,-2.81882,0.22023,2.43575,-0.24271,0.00021,0.00279,-0.00403,-8.46344,-0.39678,5.18731,-0.69909,0.04691,-0.20683,0.00911
16.92,1.3194,-0.02501,-0.03396,0.46448,0.1689,0,-16.48269,-0.90783,-0.05653,1.118,0.02022,-0.04431,-0.0869,-0.35777,-0.00083,0.01812,0.1374,0.03975,0.00034,0.03189,-3.69298,0.22208,2.33518,-0.40767,0.00049,0.00231,-0.00279,-8.81553,-0.41515,4.51981,-0.60283,0.03482,-0.25477,0.00935
16.94,1.19,-0.08352,-0.07349,0.47788,0.1586,0,-19.16271,-0.6922,0.23608,1.95969,0.02669,-0.05249,-0.08729,-0.48766,-0.00116,0.0231,0.16106,0.03438,0.00088,0.02801,-4.59897,0.21422,2.26782,-0.55179,0.00075,0.00186,-0.0017,-8.89051,-0.39432,3.77045,-0.47859,0.01774,-0.298,0.00891
16.96,1.07066,-0.14172,-0.09671,0.48009,0.14108,0,-21.59597,-0.44311,0.61248,2.7046,0.03256,-0.06202,-0.08504,-0.61661,0.00035,0.0266,0.18327,0.02924,0.00143,0.0243,-5.53982,0.19458,2.21121,-0.66346,0.00096,0.00152,-0.00088,-8.71106,-0.3244,2.9719,-0.33659,-0.00376,-0.33315,0.00792
16.98,0.96826,-0.19342,-0.10367,0.46841,0.11686,0,-23.52772,-0.19955,1.06105,3.24117,0.03762,-0.07235,-0.07976,-0.74357,0.00342,0.02924,0.20507,0.02452,0.00185,0.02082,-6.51733,0.16473,2.17766,-0.73691,0.00112,0.00134,-0.00043,-8.35261,-0.20962,2.14781,-0.18802,-0.02842,-0.35815,0.0064
17,0.88049,-0.23327,-0.09573,0.42978,0.09048,0,-24.87156,-0.03979,1.52801,3.55367,0.04159,-0.0806,-0.07333,-0.86018,0.00773,0.03104,0.22796,0.0204,0.00205,0.01769,-7.53691,0.12693,2.14945,-0.76742,0.0012,0.00138,-0.00043,-7.93955,-0.06548,1.44452,-0.04706,-0.05418,-0.37009,0.00507
17.02,0.80403,-0.25855,-0.07556,0.34877,0.06669,0,-25.67871,0.00533,1.93131,3.69866,0.04433,-0.08314,-0.0679,-0.95333,0.01314,0.03157,0.25355,0.01693,0.00197,0.01494,-8.60459,0.08447,2.10231,-0.75216,0.00118,0.00169,-0.00096,-7.61311,0.08766,0.92269,0.07365,-0.07883,-0.3664,0.00475
17.04,0.74648,-0.26824,-0.04834,0.23855,0.0453,0,-25.82851,-0.03143,2.23105,3.67123,0.04612,-0.08086,-0.06259,-1.02461,0.01912,0.03131,0.28319,0.01414,0.00163,0.01257,-9.71937,0.041,2.04295,-0.6934,0.00105,0.00234,-0.00209,-7.48201,0.22981,0.50385,0.16515,-0.10016,-0.34884,0.0047
17.06,0.70901,-0.26266,-0.02199,0.11713,0.02633,0,-25.27501,-0.13079,2.42411,3.47237,0.04714,-0.07559,-0.05687,-1.07959,0.02499,0.03087,0.31727,0.01199,0.00107,0.01052,-10.87889,-0.00048,1.97679,-0.59557,0.00083,0.00336,-0.00386,-7.61206,0.34353,0.20157,0.22278,-0.11645,-0.32013,0.00434
17.08,0.69092,-0.24393,-0.00349,-0.01146,0.01089,0,-24.03616,-0.27924,2.50217,3.16035,0.04719,-0.06733,-0.05131,-1.11452,0.0305,0.03031,0.35468,0.01034,0.00037,0.00872,-12.07428,-0.03717,1.89974,-0.46489,0.00054,0.00479,-0.00628,-8.02839,0.42073,0.0492,0.24789,-0.12682,-0.28255,0.00396
17.1,0.67349,-0.21654,0.00181,-0.13443,0.00054,0,-22.4259,-0.42855,2.45544,2.77901,0.046,-0.05681,-0.04629,-1.1242,0.03558,0.02887,0.39281,0.00902,-0.00037,0.00706,-13.28302,-0.06582,1.79952,-0.31058,0.00018,0.00662,-0.00927,-8.69395,0.45553,0.03946,0.24676,-0.1308,-0.24084,0.00333
17.12,0.6389,-0.1856,-0.00769,-0.23948,-0.0044,0,-20.80548,-0.50181,2.28809,2.37324,0.04336,-0.0449,-0.04204,-1.10306,0.04024,0.02588,0.42794,0.0079,-0.00103,0.00548,-14.46825,-0.08281,1.66359,-0.14433,-0.00019,0.00883,-0.01273,-9.534,0.4462,0.14168,0.22779,-0.12828,-0.20002,0.00241
17.14,0.59987,-0.15322,-0.03125,-0.32195,-0.00602,0,-18.99849,-0.51131,2.04571,1.98011,0.03904,-0.03311,-0.03812,-1.05329,0.04457,0.02226,0.45593,0.00693,-0.00152,0.00389,-15.58228,-0.08625,1.50586,0.02223,-0.00052,0.01134,-0.01646,-10.4937,0.40498,0.30946,0.1973,-0.11957,-0.16312,0.00158
17.16,0.56522,-0.12075,-0.06634,-0.37806,-0.0059,0,-16.84224,-0.50136,1.76815,1.62168,0.03328,-0.0225,-0.03402,-0.97805,0.04856,0.01866,0.47306,0.00604,-0.00182,0.00223,-16.5736,-0.07617,1.34046,0.17951,-0.00077,0.01403,-0.0202,-11.52615,0.34558,0.50578,0.15853,-0.10543,-0.13191,0.00098
17.18,0.53067,-0.08982,-0.10817,-0.40623,-0.00474,-0,-14.42784,-0.46116,1.46313,1.31336,0.02687,-0.01323,-0.02957,-0.87618,0.05224,0.01483,0.47618,0.00517,-0.00194,0.00047,-17.3796,-0.05394,1.16727,0.31922,-0.00092,0.01671,-0.02361,-12.56773,0.27841,0.69874,0.1117,-0.08732,-0.10699,0.00054
17.2,0.47907,-0.06436,-0.14762,-0.39992,-0.00292,-0,-12.01026,-0.40983,1.17908,1.05081,0.02035,-0.00656,-0.02418,-0.75621,0.0558,0.01101,0.46294,0.00431,-0.00187,-0.00142,-17.95031,-0.02235,0.99499,0.43112,-0.00086,0.0192,-0.02622,-13.56401,0.21449,0.85996,0.05351,-0.06717,-0.08763,0.00019
17.22,0.39626,-0.04673,-0.17556,-0.3598,-0.00115,-0,-9.81284,-0.36651,0.95177,0.83323,0.01463,-0.00222,-0.01749,-0.62644,0.05926,0.00748,0.43206,0.00345,-0.00159,-0.0034,-18.24535,0.0143,0.83052,0.50278,-0.0005,0.02134,-0.02761,-14.46585,0.16438,0.96561,-0.02,-0.04721,-0.07241,-0.0001
17.24,0.30096,-0.03334,-0.1895,-0.2999,-0.00019,-0,-7.74751,-0.31819,0.7555,0.66741,0.0109,0.00119,-0.00981,-0.48863,0.06239,0.00427,0.38342,0.00261,-0.00113,-0.00537,-18.18462,0.05149,0.67679,0.52927,-0.00011,0.02283,-0.02754,-15.20951,0.13567,1.00955,-0.11114,-0.02943,-0.05971,-0.00033
17.26,0.21037,-0.02145,-0.18934,-0.22988,-0,-0,-5.7836,-0.25991,0.57689,0.54884,0.00938,0.00368,-0.00134,-0.34712,0.06488,0.00152,0.31913,0.00184,-0.00052,-0.00723,-17.73575,0.0862,0.5354,0.50942,2e-05,0.02346,-0.02602,-15.74801,0.13011,0.99861,-0.22013,-0.01496,-0.04828,-0.00048
17.28,0.12722,-0.0103,-0.17549,-0.15441,-0.00023,-0,-4.01999,-0.19487,0.42181,0.46641,0.00952,0.00519,0.00749,-0.2101,0.06628,-0.00055,0.24426,0.00113,0.0002,-0.00879,-16.96399,0.1158,0.40353,0.43984,-0.00033,0.02325,-0.02323,-16.06365,0.14421,0.94003,-0.34241,-0.00412,-0.03747,-0.00053
17.3,0.05727,0.00123,-0.15116,-0.07766,-0.0005,-0,-2.55182,-0.13848,0.29987,0.40907,0.01077,0.00596,0.01593,-0.09215,0.06691,-0.00154,0.16636,0.00055,0.00093,-0.0098,-15.90732,0.13858,0.29939,0.32659,-0.00122,0.02208,-0.01957,-16.12588,0.16992,0.85397,-0.47059,0.00334,-0.0272,-0.00048
17.32,0.00434,0.01482,-0.12121,-0.00693,-0.00051,-0,-1.40612,-0.09818,0.21207,0.36798,0.01264,0.00629,0.02339,0.00279,0.06721,-0.00137,0.09378,0.0001,0.00158,-0.00996,-14.63569,0.15383,0.23479,0.17322,-0.00211,0.01987,-0.01546,-15.90914,0.19691,0.76248,-0.59711,0.00806,-0.01774,-0.00034
17.34,-0.03133,0.03151,-0.08986,0.05096,-0.0001,-0,-0.52877,-0.06386,0.14477,0.33833,0.01431,0.00628,0.02918,0.07812,0.0663,-0.0003,0.03317,-0.00019,0.002,-0.00923,-13.31856,0.1605,0.18758,-0.02467,-0.00283,0.01699,-0.01121,-15.43541,0.21882,0.67408,-0.7104,0.01081,-0.00945,-0.00013
17.36,-0.05285,0.05084,-0.06,0.09467,0.00079,-0,0.11274,-0.03434,0.09147,0.31594,0.01516,0.0059,0.03283,0.13045,0.0638,0.00157,-0.01193,-0.00033,0.00207,-0.00769,-12.07288,0.15859,0.14531,-0.25984,-0.0036,0.01375,-0.0071,-14.73788,0.233,0.59335,-0.79974,0.01226,-0.0025,9e-05
17.38,-0.06567,0.0724,-0.03355,0.12476,0.0021,-0,0.54486,-0.0133,0.0518,0.29667,0.01514,0.00521,0.03458,0.15843,0.06065,0.00415,-0.04089,-0.00034,0.0018,-0.00554,-10.94141,0.14979,0.11114,-0.51432,-0.00441,0.0103,-0.00336,-13.85037,0.23762,0.52321,-0.85967,0.01297,0.00313,0.00029
17.4,-0.07311,0.09457,-0.0116,0.14272,0.00361,-0,0.80867,-0.00048,0.02373,0.27825,0.01426,0.00448,0.03464,0.16683,0.05703,0.00709,-0.05537,-0.00027,0.00122,-0.00319,-9.95037,0.13568,0.08467,-0.76499,-0.00467,0.00697,-0.0002,-12.8349,0.23368,0.45845,-0.88427,0.01334,0.00751,0.00046
17.42,-0.07775,0.11489,0.00535,0.15067,0.00497,0,0.94914,0.00571,0.0047,0.25977,0.01265,0.00401,0.03333,0.16498,0.05308,0.00975,-0.05839,-0.00016,0.00048,-0.00101,-9.1138,0.11816,0.06475,-0.98897,-0.0037,0.00403,0.00219,-11.75955,0.22333,0.39187,-0.86879,0.0137,0.01076,0.00058
17.44,-0.08272,0.13228,0.01744,0.15109,0.00596,0,0.9985,0.00733,-0.00784,0.24136,0.01077,0.00357,0.03137,0.15443,0.05011,0.01186,-0.05324,-5e-05,-0.0002,0.00077,-8.44939,0.09976,0.04952,-1.15851,-0.00227,0.00163,0.00373,-10.67436,0.20752,0.32211,-0.81234,0.01424,0.01297,0.00065
17.46,-0.08977,0.14577,0.02519,0.14632,0.00655,0,0.97976,0.0063,-0.01583,0.22338,0.0089,0.003,0.02921,0.13531,0.04876,0.01336,-0.04311,2e-05,-0.00074,0.00197,-7.94485,0.08212,0.03721,-1.25186,-0.0011,-0.00015,0.00449,-9.60859,0.1867,0.24987,-0.71625,0.01517,0.01415,0.00066
17.48,-0.09941,0.15371,0.0292,0.13791,0.00663,0,0.91875,0.00426,-0.021,0.20606,0.00709,0.00247,0.02675,0.11421,0.04854,0.014,-0.03112,3e-05,-0.00111,0.00257,-7.54651,0.06603,0.02748,-1.26831,5e-05,-0.00132,0.00461,-8.575,0.16089,0.17805,-0.58478,0.01663,0.01421,0.0006
17.5,-0.11157,0.15525,0.03017,0.12685,0.00632,0,0.8317,0.00185,-0.02434,0.19012,0.00538,0.00194,0.02393,0.09301,0.04939,0.01386,-0.02019,-1e-05,-0.00131,0.00264,-7.20781,0.05169,0.01935,-1.20656,0.00074,-0.00196,0.00427,-7.58849,0.12922,0.116,-0.42449,0.01872,0.01298,0.00044
17.52,-0.12601,0.14998,0.02888,0.11385,0.00579,0,0.72886,-0.00034,-0.02615,0.17644,0.00376,0.00135,0.02057,0.07236,0.05136,0.01313,-0.01284,-0.0001,-0.00139,0.00235,-6.87939,0.03922,0.01214,-1.07418,0.00077,-0.00219,0.00368,-6.65556,0.09122,0.07136,-0.24563,0.02154,0.01033,0.00017
17.54,-0.14343,0.13735,0.02602,0.09961,0.005,0,0.61931,-0.00177,-0.02734,0.16568,0.00214,0.00087,0.01627,0.05505,0.05352,0.01199,-0.01079,-0.00024,-0.00137,0.00188,-6.49106,0.02897,0.00648,-0.89934,0.00065,-0.00216,0.00301,-5.75909,0.04837,0.04508,-0.0603,0.02491,0.00635,-0.00021
17.56,-0.16407,0.1176,0.02222,0.08459,0.00397,0,0.50722,-0.00283,-0.02878,0.15833,0.00048,0.00054,0.01083,0.04157,0.05513,0.01072,-0.01478,-0.00043,-0.00127,0.00138,-5.99514,0.02077,0.00257,-0.70399,0.00058,-0.00195,0.00234,-4.87768,0.00364,0.03267,0.1219,0.0285,0.00144,-0.00065
17.58,-0.18672,0.092,0.01822,0.06907,0.00278,0,0.39352,-0.00395,-0.03056,0.15476,-0.00129,0.00028,0.00425,0.03068,0.05605,0.0095,-0.02454,-0.00064,-0.00113,0.00097,-5.38119,0.01398,0.0003,-0.50095,0.00053,-0.00167,0.00175,-3.99546,-0.03778,0.02188,0.29232,0.0318,-0.00359,-0.00108
17.6,-0.20793,0.06249,0.01444,0.05344,0.00153,0,0.27695,-0.00527,-0.03232,0.15534,-0.0032,6e-05,-0.00335,0.01929,0.05582,0.00861,-0.03883,-0.00088,-0.00101,0.00075,-4.66188,0.00815,-4e-05,-0.30307,0.00044,-0.00136,0.00125,-3.10271,-0.06897,-0.00736,0.44028,0.03397,-0.00761,-0.00139
17.62,-0.22341,0.03154,0.01115,0.03812,0.00028,0,0.15742,-0.00652,-0.03343,0.16041,-0.00527,-0.00013,-0.01156,0.00679,0.05403,0.00822,-0.05573,-0.0011,-0.00096,0.00078,-3.8641,0.00271,0.00021,-0.12361,0.00029,-0.00107,0.00085,-2.19496,-0.08357,-0.07415,0.55397,0.03411,-0.00939,-0.00145
17.64,-0.23186,0.00147,0.00856,0.02331,-0.00097,0,0.03665,-0.00779,-0.03372,0.17008,-0.00747,-0.0003,-0.01991,-0.00529,0.05056,0.0083,-0.0733,-0.0013,-0.00101,0.00113,-3.01174,-0.00296,0.00019,0.02684,0.00016,-0.00082,0.00054,-1.26986,-0.0769,-0.18724,0.62765,0.03183,-0.00806,-0.00116
17.66,-0.23334,-0.02608,0.00665,0.00912,-0.00221,0,-0.08527,-0.00908,-0.03288,0.18434,-0.00972,-0.00043,-0.02795,-0.01744,0.04535,0.00877,-0.08977,-0.00143,-0.00118,0.00181,-2.12375,-0.00908,0.00053,0.14482,8e-05,-0.00063,0.0003,-0.33384,-0.04889,-0.3439,0.66172,0.02722,-0.00338,-0.00051
17.68,-0.22766,-0.05,0.00523,-0.00439,-0.00347,0,-0.20738,-0.00973,-0.03011,0.20304,-0.01194,-0.00048,-0.03517,-0.02995,0.03847,0.0096,-0.10334,-0.00145,-0.00152,0.00282,-1.22028,-0.01557,0.00133,0.23161,3e-05,-0.00051,0.00012,0.59041,-0.00591,-0.51889,0.65902,0.02079,0.00413,0.00042
17.7,-0.21284,-0.06939,0.00415,-0.01714,-0.00479,0,-0.32515,-0.00988,-0.02513,0.22537,-0.01381,-0.00041,-0.04045,-0.0424,0.02949,0.0106,-0.11212,-0.00129,-0.002,0.00411,-0.32466,-0.02223,0.0016,0.29129,0,-0.00044,-2e-05,1.4622,0.04094,-0.6988,0.62849,0.01374,0.01322,0.00146
17.72,-0.18779,-0.08354,0.00326,-0.02893,-0.00625,0,-0.42933,-0.00934,-0.01775,0.24919,-0.01487,-0.00011,-0.04234,-0.05397,0.0187,0.01155,-0.11433,-0.00089,-0.0026,0.00562,0.53844,-0.02884,-0.00039,0.32958,0,-0.00039,-0.00013,2.23471,0.08146,-0.90066,0.58099,0.00731,0.0222,0.00234
17.74,-0.15635,-0.09211,0.00248,-0.03976,-0.00793,0,-0.50543,-0.00655,-0.00768,0.2701,-0.01516,0.00068,-0.04064,-0.06395,0.00729,0.01238,-0.10906,-0.00019,-0.00329,0.00725,1.35368,-0.03504,-0.00383,0.35195,2e-05,-0.00035,-0.00023,2.87523,0.10715,-1.07819,0.52286,0.00234,0.02966,0.00288
17.76,-0.12132,-0.09512,0.00172,-0.04981,-0.00988,0,-0.53224,-0.00029,0.00462,0.28055,-0.01489,0.00227,-0.03551,-0.07188,-0.00417,0.01306,-0.0964,0.00081,-0.00406,0.00891,2.12054,-0.04054,-0.00715,0.36312,6e-05,-0.00031,-0.00032,3.37822,0.11307,-1.17641,0.45921,-0.00068,0.03477,0.00307
17.78,-0.08301,-0.09285,0.00078,-0.05932,-0.0122,0,-0.48046,0.01023,0.0178,0.26961,-0.01406,0.0052,-0.02689,-0.07703,-0.01534,0.01356,-0.07765,0.00209,-0.00489,0.0105,2.84726,-0.04535,-0.01029,0.36665,0.00011,-0.00024,-0.00041,3.76665,0.10113,-1.20521,0.39492,-0.00186,0.03718,0.00292
17.8,-0.04208,-0.08541,-0.00066,-0.06842,-0.01508,0,-0.31338,0.02617,0.02974,0.2232,-0.01309,0.01017,-0.01573,-0.08037,-0.0254,0.01358,-0.05546,0.00359,-0.00565,0.01195,3.54481,-0.04959,-0.01382,0.36469,0.00018,-0.00013,-0.00053,4.08346,0.07686,-1.15251,0.33232,-0.00181,0.03708,0.00256
17.82,-0.00015,-0.07294,-0.00316,-0.07711,-0.01874,0,0.01168,0.04921,0.03753,0.12509,-0.01248,0.01783,-0.00283,-0.08322,-0.03295,0.01284,-0.03331,0.00519,-0.00614,0.01316,4.22477,-0.0533,-0.01835,0.35851,0.00025,3e-05,-0.00067,4.38202,0.04752,-1.0209,0.2731,-0.00143,0.03494,0.00213
17.84,0.04063,-0.05594,-0.0073,-0.08545,-0.02339,0,0.53672,0.0805,0.03803,-0.04196,-0.01233,0.02915,0.01133,-0.08457,-0.03751,0.01155,-0.01471,0.00673,-0.0064,0.01401,4.89852,-0.05633,-0.02219,0.34991,0.00032,0.00025,-0.00084,4.71568,0.01993,-0.86753,0.21991,-0.00148,0.03114,0.00169
17.86,0.07894,-0.03452,-0.01331,-0.09332,-0.02916,0,1.29508,0.11951,0.02857,-0.29454,-0.01273,0.04503,0.02562,-0.08347,-0.03924,0.00998,-0.00289,0.00801,-0.00655,0.01436,5.57633,-0.05821,-0.02389,0.34108,0.00037,0.00052,-0.00106,5.12766,-0.00203,-0.72605,0.1751,-0.00233,0.02596,0.00126
17.88,0.11337,-0.00841,-0.02074,-0.10025,-0.03568,0,2.28902,0.16245,0.00776,-0.64775,-0.0139,0.06499,0.03856,-0.07977,-0.03805,0.00831,-0.00077,0.00887,-0.00658,0.01414,6.2631,-0.05809,-0.02385,0.33442,0.00042,0.00085,-0.00133,5.64598,-0.01709,-0.59896,0.1412,-0.00385,0.01963,0.00087
17.9,0.14202,0.02257,-0.02798,-0.10535,-0.04399,0,3.52785,0.21647,-0.02408,-1.11012,-0.01577,0.09025,0.04923,-0.07321,-0.03493,0.00698,-0.01089,0.00913,-0.00647,0.01323,6.94873,-0.05535,-0.02149,0.3338,0.00045,0.00121,-0.00163,6.2777,-0.02592,-0.49075,0.12215,-0.0055,0.0123,0.00049
17.92,0.16263,0.05929,-0.03246,-0.10754,-0.05581,0,5.04281,0.29768,-0.06853,-1.67905,-0.01813,0.12301,0.05739,-0.06314,-0.03099,0.00663,-0.03538,0.00867,-0.00622,0.01155,7.61261,-0.04928,-0.01717,0.3429,0.00043,0.00158,-0.00197,7.01364,-0.03056,-0.40037,0.12188,-0.00653,0.00415,0.0001
17.94,0.17562,0.10277,-0.03146,-0.10615,-0.06885,0,6.77457,0.3971,-0.12647,-2.35385,-0.0207,0.15969,0.06157,-0.04838,-0.0264,0.00797,-0.07563,0.00739,-0.00589,0.009,8.24315,-0.03847,-0.01264,0.36199,0.0004,0.00197,-0.00235,7.8423,-0.03245,-0.31867,0.14236,-0.00626,-0.00456,-0.00032
17.96,0.18278,0.15346,-0.02325,-0.10092,-0.08038,0,8.58696,0.49707,-0.19507,-3.13929,-0.02313,0.19445,0.06057,-0.02814,-0.02132,0.01154,-0.13192,0.00533,-0.00556,0.0055,8.83235,-0.0223,-0.00878,0.38865,0.0004,0.00237,-0.00277,8.74553,-0.03235,-0.24068,0.18311,-0.00423,-0.01341,-0.00076
17.98,0.18279,0.21064,-0.00792,-0.09193,-0.09029,0,10.27624,0.58812,-0.269,-4.03689,-0.02576,0.22228,0.05484,-0.0026,-0.01583,0.01751,-0.20302,0.00262,-0.00532,0.00098,9.36387,-0.00138,-0.00572,0.41834,0.00039,0.0028,-0.00324,9.68775,-0.03069,-0.16613,0.24082,-0.00034,-0.02174,-0.0012
18,0.18381,0.27586,0.01186,-0.07959,-0.09652,0,11.95506,0.67647,-0.34925,-4.98407,-0.02692,0.244,0.04412,0.02736,-0.00948,0.02567,-0.28581,-0.00049,-0.00496,-0.00457,9.82794,0.023,-0.00324,0.4424,0.0004,0.00329,-0.00378,10.61385,-0.02643,-0.09476,0.30877,0.00522,-0.02863,-0.0016
18.02,0.19754,0.3523,0.02825,-0.06489,-0.09745,0,13.85954,0.76611,-0.43781,-5.84176,-0.02356,0.2614,0.02864,0.06172,-0.00159,0.03541,-0.37576,-0.00362,-0.00414,-0.01107,10.21637,0.04813,-0.00114,0.45068,0.00044,0.00386,-0.00439,11.45798,-0.01843,-0.02981,0.37824,0.01201,-0.0331,-0.00193
18.04,0.21355,0.43126,0.0308,-0.04944,-0.0944,0,15.42568,0.80925,-0.50867,-6.57184,-0.01819,0.2617,0.01056,0.0998,0.00841,0.04584,-0.46833,-0.00631,-0.00327,-0.01826,10.50604,0.07189,0.00077,0.43728,0.00049,0.00454,-0.00506,12.16531,-0.00678,0.02542,0.44137,0.01954,-0.03438,-0.00215
18.06,0.2191,0.50101,0.01393,-0.03503,-0.08834,0,16.14072,0.7732,-0.53707,-7.16863,-0.0133,0.23845,-0.00843,0.13929,0.02078,0.05595,-0.55911,-0.00828,-0.00257,-0.02577,10.68328,0.09351,0.00283,0.40033,0.00053,0.0053,-0.00577,12.69726,0.00809,0.07317,0.49208,0.02743,-0.03214,-0.0022
18.08,0.21262,0.55759,-0.02263,-0.02346,-0.0794,0,16.05765,0.67088,-0.51945,-7.53579,-0.00771,0.20032,-0.02701,0.17698,0.03501,0.0647,-0.64283,-0.00946,-0.00182,-0.03316,10.75421,0.1125,0.00536,0.34162,0.00059,0.00608,-0.00646,13.02438,0.02515,0.11896,0.52577,0.0352,-0.02659,-0.00207
18.1,0.18819,0.58638,-0.06871,-0.01624,-0.0665,0,15.1898,0.51328,-0.44793,-7.68102,-0.00392,0.14871,-0.04399,0.21352,0.05064,0.07174,-0.71322,-0.00959,-0.00123,-0.0391,10.72248,0.12747,0.00823,0.26879,0.0006,0.00682,-0.00704,13.12731,0.042,0.17012,0.53846,0.04245,-0.01844,-0.00179
18.12,0.14332,0.57223,-0.10708,-0.0143,-0.04934,0,13.64248,0.32795,-0.32407,-7.62957,-0.00193,0.0907,-0.05841,0.25255,0.06801,0.07725,-0.76354,-0.0083,-0.00081,-0.04158,10.5924,0.1364,0.0106,0.19135,0.00052,0.00753,-0.00739,12.99285,0.05514,0.23403,0.52722,0.04883,-0.0086,-0.00136
18.14,0.08329,0.52508,-0.12038,-0.01757,-0.02974,0,11.66246,0.16198,-0.18098,-7.29987,0.00102,0.04413,-0.0685,0.28697,0.08578,0.08036,-0.78782,-0.0065,-0.00029,-0.04088,10.37712,0.13975,0.01237,0.11642,0.0004,0.00805,-0.00746,12.61069,0.06247,0.3153,0.49162,0.05382,0.00209,-0.0008
18.16,0.01669,0.46,-0.09565,-0.02489,-0.00838,0,9.5175,0.04328,-0.05233,-6.68137,0.00405,0.01496,-0.07369,0.30852,0.10192,0.08028,-0.78205,-0.00513,0.00031,-0.03792,10.08516,0.13806,0.014,0.0496,0.0003,0.00826,-0.00723,11.97979,0.06348,0.41419,0.43292,0.05703,0.01304,-0.00014
18.18,-0.04738,0.38189,-0.02623,-0.03428,0.01505,0,7.41487,-0.02565,0.04434,-5.79501,0.00628,0.00022,-0.07375,0.31696,0.11585,0.07704,-0.74415,-0.00396,0.00085,-0.03262,9.71851,0.12976,0.01507,-0.00542,0.00018,0.00813,-0.0067,11.11406,0.05817,0.52581,0.35391,0.05831,0.02389,0.00062
18.2,-0.09299,0.30352,0.06008,-0.04455,0.0403,0,5.39562,-0.04473,0.09182,-4.78904,0.00742,-0.00332,-0.0698,0.30875,0.12728,0.07113,-0.67448,-0.00348,0.00136,-0.02644,9.28358,0.11451,0.01577,-0.0469,0.0001,0.00765,-0.00587,10.0422,0.04839,0.63674,0.25958,0.05755,0.03441,0.00146
18.22,-0.10742,0.23257,0.11206,-0.05634,0.06611,0,3.47141,-0.027,0.09017,-3.7422,0.00733,-0.0005,-0.0631,0.28173,0.13643,0.06309,-0.57501,-0.00392,0.00195,-0.02056,8.7863,0.09181,0.01682,-0.07423,9e-05,0.00682,-0.00481,8.80299,0.03637,0.72774,0.15645,0.05468,0.04444,0.00237
18.24,-0.09597,0.16411,0.12711,-0.06968,0.09128,0,1.68717,0.00689,0.05474,-2.54079,0.00677,0.0054,-0.05352,0.23708,0.14228,0.05241,-0.44862,-0.00407,0.00271,-0.01443,8.22393,0.06018,0.01767,-0.08783,8e-05,0.00565,-0.00354,7.43754,0.02339,0.78882,0.05111,0.04976,0.05381,0.00333
18.26,-0.06673,0.0932,0.12001,-0.08424,0.1153,0,-0.00949,0.04588,0.00182,-1.14614,0.00624,0.01244,-0.04128,0.17633,0.14393,0.03911,-0.3002,-0.00346,0.00366,-0.00803,7.59165,0.01942,0.01756,-0.0888,4e-05,0.00416,-0.00215,5.98413,0.01035,0.81537,-0.05064,0.04286,0.06226,0.00426
18.28,-0.02644,0.01649,0.0961,-0.09964,0.13797,0,-1.71708,0.0851,-0.05201,0.36485,0.00574,0.0183,-0.02716,0.10175,0.14241,0.02433,-0.13772,-0.00232,0.00475,-0.00182,6.88848,-0.02874,0.01605,-0.07862,-0,0.00246,-0.00069,4.48785,-0.0023,0.8002,-0.14309,0.03416,0.06945,0.00513
18.3,0.01612,-0.06849,0.03888,-0.11913,0.15033,0,-3.46181,0.11193,-0.08828,1.90237,0.00561,0.02123,-0.01394,0.01326,0.13544,0.00884,0.02759,-0.00079,0.00622,0.00397,6.11738,-0.08176,0.01374,-0.05899,-6e-05,0.00066,0.00072,3.01296,-0.01481,0.7494,-0.21997,0.02403,0.07477,0.00581
18.32,0.04593,-0.17163,-0.03513,-0.14722,0.13106,0,-5.18076,0.10046,-0.08239,3.61582,0.00605,0.01989,-0.00231,-0.0792,0.12103,-0.00536,0.18453,0.0011,0.0084,0.0093,5.28883,-0.1392,0.01179,-0.03175,-0.00013,-0.00108,0.002,1.62938,-0.02878,0.67103,-0.27525,0.01294,0.07755,0.00615
18.34,0.05688,-0.29165,-0.06828,-0.17831,0.11085,0,-6.8899,0.04242,-0.02406,5.40995,0.00666,0.01254,0.00859,-0.16596,0.10237,-0.01628,0.32459,0.00334,0.01085,0.01412,4.42117,-0.19774,0.00955,0.00134,-0.00021,-0.00263,0.00309,0.393,-0.0451,0.56143,-0.30565,0.00129,0.0773,0.00612
18.36,0.05448,-0.41359,-0.05081,-0.20471,0.09318,0,-8.65642,-0.06113,0.07209,6.96475,0.00718,-0.00099,0.01736,-0.24875,0.08161,-0.02359,0.44306,0.00584,0.01294,0.01836,3.53988,-0.25099,0.0061,0.03898,-0.00028,-0.00393,0.00397,-0.65898,-0.06327,0.42287,-0.31169,-0.0104,0.07383,0.00573
18.38,0.04413,-0.52497,-0.00397,-0.22572,0.07666,0,-10.47522,-0.22082,0.19182,8.15618,0.00764,-0.02023,0.02303,-0.32833,0.05874,-0.0274,0.54007,0.00844,0.01432,0.02196,2.68474,-0.29452,0.00175,0.07999,-0.00034,-0.00497,0.00462,-1.50357,-0.0829,0.26762,-0.29728,-0.02145,0.06723,0.00502
18.4,0.03127,-0.61209,0.05018,-0.23795,0.05919,0,-12.21551,-0.42926,0.31163,8.92388,0.00807,-0.04242,0.02529,-0.40166,0.03294,-0.02738,0.6181,0.01113,0.01498,0.02491,1.91316,-0.32283,-0.00145,0.123,-0.00037,-0.00576,0.00508,-2.12519,-0.10294,0.11525,-0.26995,-0.03104,0.05778,0.00406
18.42,0.02092,-0.66284,0.09106,-0.23962,0.03783,0,-13.63932,-0.65148,0.406,9.27681,0.00846,-0.06307,0.02437,-0.46221,0.00552,-0.02297,0.68161,0.01404,0.01512,0.02722,1.28966,-0.33037,-0.00248,0.16644,-0.00037,-0.00628,0.00537,-2.51526,-0.12195,-0.02056,-0.23831,-0.03826,0.04605,0.00296
18.44,0.01602,-0.66637,0.10292,-0.23433,0.01386,0,-14.61448,-0.84587,0.45326,9.12031,0.0086,-0.07891,0.02073,-0.51194,-0.02071,-0.0149,0.73846,0.01666,0.01411,0.02866,0.86422,-0.31397,-0.00235,0.20911,-0.00036,-0.00661,0.00551,-2.67407,-0.13875,-0.13105,-0.20885,-0.04252,0.03282,0.00188
18.46,0.01513,-0.62192,0.08466,-0.22476,-0.01143,-0,-15.08,-0.98893,0.44814,8.43331,0.00836,-0.08758,0.01513,-0.55364,-0.04531,-0.00411,0.79846,0.01846,0.01173,0.02909,0.65615,-0.27361,-0.00179,0.25021,-0.00034,-0.00682,0.00548,-2.61646,-0.15246,-0.20512,-0.1852,-0.04367,0.01885,0.00095
18.48,0.01632,-0.54089,0.04583,-0.21198,-0.0409,-0,-14.85342,-1.05567,0.40247,7.37008,0.00786,-0.08739,0.00866,-0.58,-0.0681,0.00923,0.8726,0.0196,0.0088,0.02858,0.65329,-0.21377,-0.00061,0.28876,-0.00031,-0.00691,0.0053,-2.37489,-0.16305,-0.23942,-0.16809,-0.04202,0.00492,0.00019
18.5,0.01723,-0.43529,0.00488,-0.19634,-0.06767,-0,-14.14154,-1.03842,0.33249,6.10433,0.0071,-0.07819,0.00244,-0.59293,-0.08734,0.02655,0.97336,0.01981,0.0053,0.02716,0.81844,-0.14375,0.0015,0.32356,-0.00028,-0.00684,0.00496,-1.99312,-0.1705,-0.23468,-0.1556,-0.03815,-0.00801,-0.00034
18.52,0.0171,-0.32033,-0.02115,-0.17814,-0.07292,-0,-13.40342,-0.95208,0.26461,4.80295,0.00626,-0.06274,-0.00275,-0.59158,-0.09967,0.05031,1.11251,0.01896,0.00184,0.02495,1.10188,-0.07407,-0.00075,0.35348,-0.00025,-0.00656,0.00446,-1.52004,-0.17497,-0.19574,-0.14404,-0.03286,-0.01894,-0.00066
18.54,0.01764,-0.21573,-0.03086,-0.1586,-0.06666,-0,-12.5245,-0.81185,0.21566,3.56789,0.00554,-0.04576,-0.00668,-0.55565,-0.10374,0.08218,1.29855,0.01773,6e-05,0.02238,1.45738,-0.01293,-0.00812,0.37836,-0.00018,-0.00607,0.00381,-0.99932,-0.17702,-0.13263,-0.12889,-0.02698,-0.02712,-0.0008
18.56,0.02042,-0.1321,-0.02705,-0.13848,-0.05744,-0,-11.36387,-0.63796,0.18632,2.45027,0.00496,-0.02987,-0.00913,-0.46328,-0.0999,0.12429,1.53225,0.01662,0.00037,0.01973,1.85209,0.03373,-0.01555,0.39928,-8e-05,-0.00542,0.003,-0.45878,-0.17734,-0.05258,-0.10616,-0.02106,-0.0322,-0.0008
18.58,0.02621,-0.0706,-0.01284,-0.11795,-0.04582,-0,-10.03753,-0.43436,0.169,1.48152,0.00452,-0.01626,-0.01011,-0.29666,-0.08693,0.17991,1.80191,0.01562,0.00245,0.01714,2.2667,0.06319,-0.02142,0.41836,6e-05,-0.00461,0.0021,0.08727,-0.17695,0.04045,-0.0729,-0.01527,-0.03429,-0.0007
18.6,0.03356,-0.03074,0.00557,-0.09733,-0.03376,-0,-8.73071,-0.24453,0.15701,0.67667,0.00411,-0.00659,-0.00994,-0.03854,-0.06052,0.25484,2.0886,0.01477,0.006,0.01474,2.69189,0.07521,-0.02094,0.4386,0.00023,-0.00375,0.00116,0.63195,-0.17656,0.14318,-0.02704,-0.00962,-0.03381,-0.00056
18.62,0.03937,-0.00906,0.02163,-0.0771,-0.02334,-0,-7.59705,-0.11073,0.14609,0.04917,0.00363,-0.00074,-0.00913,0.33412,-0.01747,0.35347,2.36396,0.01404,0.01071,0.01265,3.12487,0.07128,-0.01228,0.46286,0.00039,-0.00293,0.00028,1.17372,-0.17708,0.25221,0.03204,-0.00403,-0.03138,-0.00041
18.64,0.04281,-7e-05,0.03066,-0.05764,-0.01635,-0,-6.53031,-0.00303,0.12949,-0.39889,0.00308,0.00233,-0.008,0.84213,0.04179,0.47367,2.58343,0.01341,0.01586,0.01091,3.56543,0.05487,0.00093,0.49259,0.00052,-0.0022,-0.00045,1.71448,-0.17966,0.36341,0.10329,0.00157,-0.02754,-0.00028
18.66,0.04361,0.00085,0.0301,-0.03859,-0.01336,-0,-5.44033,0.10216,0.10358,-0.67881,0.00246,0.0029,-0.00686,1.49004,0.11227,0.60686,2.69949,0.01284,0.02054,0.00952,4.01295,0.02989,0.01717,0.52715,0.00062,-0.00162,-0.001,2.25687,-0.18414,0.47133,0.18388,0.00709,-0.02266,-0.00017
18.68,0.04039,-0.00242,0.01943,-0.01892,-0.01397,-0,-4.37161,0.19976,0.07108,-0.81324,0.00178,0.0018,-0.00602,2.25458,0.17875,0.73518,2.66817,0.01224,0.02412,0.00847,4.46258,0.00069,0.0361,0.56339,0.00068,-0.00119,-0.00136,2.79991,-0.18854,0.56888,0.26835,0.01224,-0.01694,-9e-05
18.7,0.03185,-0.00667,-0.00036,0.00261,-0.01774,-0,-3.39429,0.25378,0.04007,-0.83389,0.00111,0.00033,-0.0055,3.14896,0.26847,0.86624,2.45605,0.01164,0.02687,0.00769,4.90358,-0.02714,0.05301,0.59588,0.0007,-0.00089,-0.00154,3.33434,-0.18802,0.63892,0.34809,0.01651,-0.01049,-4e-05
18.72,0.01805,-0.00936,-0.0264,0.0271,-0.02431,-0,-2.55079,0.24584,0.01517,-0.78022,0.0005,-0.00049,-0.0052,4.22547,0.42493,1.01848,2.0324,0.01109,0.02936,0.00709,5.32067,-0.04705,0.0581,0.61819,0.00069,-0.0007,-0.00161,3.84339,-0.17716,0.65992,0.41286,0.01926,-0.00335,-1e-05
18.74,7e-05,-0.00847,-0.05353,0.05525,-0.0331,-0,-1.80898,0.21496,-0.00462,-0.69189,-4e-05,-1e-05,-0.00502,5.428,0.61397,1.15998,1.36618,0.01041,0.0312,0.0065,5.69426,-0.05382,0.05334,0.62559,0.00063,-0.00056,-0.00161,4.30732,-0.15461,0.63087,0.45543,0.02003,0.00437,2e-05
18.76,-0.02223,-0.00236,-0.07619,0.0873,-0.04347,-0,-1.15492,0.17944,-0.01734,-0.5985,-0.00051,0.00215,-0.00488,6.64299,0.79157,1.25683,0.45995,0.00946,0.03183,0.00571,6.00551,-0.04501,0.04461,0.61624,0.00055,-0.00045,-0.00158,4.70397,-0.12132,0.55825,0.47249,0.01867,0.01234,5e-05
18.78,-0.05045,0.01028,-0.0899,0.12262,-0.05515,-0,-0.60335,0.13328,-0.02077,-0.51785,-0.00087,0.00597,-0.00473,7.74914,0.94618,1.30148,-0.65444,0.00822,0.03107,0.00449,6.2375,-0.0214,0.03116,0.59128,0.00045,-0.00038,-0.00152,5.00555,-0.08029,0.44619,0.46359,0.01531,0.01992,9e-05
18.8,-0.08427,0.03045,-0.08783,0.15882,-0.06792,-0,-0.16482,0.07507,-0.01615,-0.45699,-0.00115,0.01089,-0.0046,8.904,1.12743,1.32459,-1.91972,0.00664,0.02959,0.00259,6.36495,0.0124,0.01896,0.55627,0.00029,-0.00033,-0.00143,5.17703,-0.03833,0.31303,0.43272,0.0105,0.02618,0.00013
18.82,-0.11788,0.05937,-0.06613,0.19203,-0.08147,-0,0.17318,0.01322,-0.00835,-0.41547,-0.00138,0.01603,-0.00455,10.30923,1.37228,1.3284,-3.22184,0.0046,0.02715,-0.00022,6.36506,0.04969,0.00931,0.51805,4e-05,-0.00035,-0.00127,5.18461,-0.00327,0.17601,0.38549,0.00491,0.03003,0.00016
18.84,-0.14976,0.09554,-0.03388,0.2199,-0.09514,-0,0.42974,-0.04074,0.00226,-0.38979,-0.00156,0.0209,-0.00463,11.54343,1.56856,1.23655,-4.44091,0.00207,0.02169,-0.00405,6.23787,0.08383,-0.0034,0.48035,-0.00026,-0.00045,-0.00104,5.01119,0.01866,0.04392,0.32574,-0.0008,0.03059,0.00016
18.86,-0.18195,0.13487,-0.00081,0.24129,-0.10797,-0,0.6109,-0.08344,0.01751,-0.37511,-0.00173,0.02522,-0.00485,12.25694,1.6376,1.03493,-5.50515,-0.00078,0.01358,-0.00872,6.00405,0.11005,-0.01899,0.44561,-0.00056,-0.00061,-0.00074,4.66609,0.02402,-0.07164,0.25682,-0.00603,0.02738,0.00015
18.88,-0.21145,0.17416,0.02996,0.25493,-0.11917,-0,0.72772,-0.11238,0.03427,-0.36582,-0.00191,0.02855,-0.00517,12.47982,1.60331,0.77128,-6.3404,-0.00366,0.00546,-0.01385,5.70451,0.12634,-0.03523,0.41567,-0.00083,-0.00083,-0.00038,4.18994,0.01284,-0.15951,0.18213,-0.01029,0.02033,0.00011
18.9,-0.23323,0.20318,0.05948,0.25801,-0.12728,-0,0.79441,-0.12755,0.05181,-0.35652,-0.00215,0.03067,-0.00554,12.24902,1.43248,0.47532,-6.88234,-0.00619,-8e-05,-0.01913,5.39606,0.13355,-0.05172,0.39132,-0.00111,-0.00105,-3e-05,3.65111,-0.0121,-0.21093,0.10529,-0.01311,0.00981,5e-05
18.92,-0.24148,0.20643,0.09238,0.2476,-0.13078,-0,0.82547,-0.13095,0.07055,-0.34227,-0.00249,0.03155,-0.00586,11.63388,1.09392,0.20057,-7.06068,-0.00798,0.00219,-0.02438,5.1395,0.13407,-0.06945,0.37224,-0.00139,-0.00122,0.00027,3.12943,-0.0468,-0.21864,0.02896,-0.0141,-0.00349,-3e-05
18.94,-0.23569,0.18634,0.14388,0.22714,-0.12907,-0,0.82562,-0.12252,0.08738,-0.31905,-0.00297,0.0313,-0.00612,10.73169,0.69932,0.03403,-6.90691,-0.00877,0.01574,-0.02916,4.98414,0.12987,-0.08414,0.35642,-0.0016,-0.00129,0.00048,2.68941,-0.08768,-0.17578,-0.0454,-0.013,-0.01871,-0.00012
18.96,-0.2129,0.15557,0.2288,0.20125,-0.12227,-0,0.79622,-0.10372,0.09934,-0.28401,-0.00365,0.03017,-0.00633,9.74658,0.36175,-0.01103,-6.5554,-0.00865,0.03834,-0.03344,4.94176,0.12211,-0.09016,0.34159,-0.00168,-0.00124,0.00055,2.3578,-0.13231,-0.07779,-0.11642,-0.00975,-0.0349,-0.00022
18.98,-0.16892,0.12001,0.35392,0.17134,-0.11113,-0,0.74376,-0.07805,0.10435,-0.23552,-0.00457,0.02844,-0.00651,8.87434,0.09997,0.02432,-6.02968,-0.0079,0.06659,-0.03742,4.97966,0.11109,-0.08567,0.32595,-0.00163,-0.00107,0.0005,2.12066,-0.17908,0.07589,-0.18291,-0.00439,-0.05094,-0.00032
19,-0.10174,0.08972,0.48273,0.14227,-0.09547,-0,0.66724,-0.05089,0.10569,-0.17349,-0.00575,0.02628,-0.00674,7.9567,-0.0393,0.08641,-5.50512,-0.00739,0.09519,-0.04022,5.03554,0.09649,-0.06793,0.30731,-0.00145,-0.00077,0.00035,1.93219,-0.22781,0.2815,-0.24349,0.00282,-0.0654,-0.00042
19.02,-0.02127,0.06932,0.55698,0.11758,-0.07601,-0,0.56512,-0.02619,0.10806,-0.09887,-0.00711,0.02384,-0.0071,6.79697,-0.0576,0.12658,-5.045,-0.00775,0.12027,-0.03933,5.03175,0.07747,-0.03591,0.2836,-0.00112,-0.00039,0.00011,1.7317,-0.27909,0.53082,-0.29659,0.01139,-0.07675,-0.0005
19.04,0.05289,0.05731,0.5917,0.09533,-0.05582,-0,0.43912,-0.00556,0.10633,-0.01334,-0.00863,0.02142,-0.00761,5.52647,-0.0299,0.13148,-4.40548,-0.00791,0.14012,-0.03378,4.89699,0.05272,0.00979,0.25314,-0.00067,7e-05,-0.00017,1.4671,-0.32931,0.80834,-0.34071,0.02062,-0.08364,-0.00057
19.06,0.10929,0.05029,0.60648,0.07362,-0.03709,-0,0.29075,0.00839,0.09728,0.08016,-0.01022,0.01917,-0.00826,4.18046,0.00252,0.10388,-3.4212,-0.00619,0.15265,-0.02252,4.58517,0.02195,0.06805,0.21468,-0.00014,0.00058,-0.00048,1.11236,-0.37148,1.08997,-0.37469,0.02958,-0.08513,-0.00062
19.08,0.14273,0.04099,0.59615,0.0519,-0.02097,-0,0.12172,0.01348,0.08466,0.1767,-0.01179,0.01693,-0.00901,2.68329,0.01914,0.05022,-2.05327,-0.00077,0.15658,-0.00436,4.07997,-0.01384,0.13879,0.16779,0.00044,0.00114,-0.00084,0.67488,-0.39725,1.35209,-0.39803,0.03705,-0.08061,-0.00061
19.1,0.14812,0.0256,0.54157,0.03179,-0.00852,-0,-0.06646,0.00792,0.06776,0.26963,-0.01302,0.01461,-0.00972,1.05669,-0.00069,-0.01439,-0.39597,0.01035,0.15398,0.01903,3.40048,-0.05239,0.21219,0.11253,0.00101,0.00174,-0.00125,0.19322,-0.39042,1.52216,-0.40835,0.04142,-0.07005,-0.0006
19.12,0.12104,-0.00145,0.43129,0.01281,-0.00098,-0,-0.25507,-0.00898,0.04756,0.35223,-0.01346,0.01214,-0.01024,-0.549,-0.06419,-0.09023,1.57478,0.02979,0.14679,0.04922,2.58259,-0.0897,0.26403,0.05058,0.00146,0.00242,-0.00171,-0.27927,-0.33397,1.50647,-0.40295,0.04115,-0.05375,-0.00061
19.14,0.07425,-0.04298,0.30507,-0.00699,0.00108,-0,-0.42928,-0.03622,0.02941,0.41836,-0.01332,0.00936,-0.01055,-1.95856,-0.17255,-0.18598,3.85125,0.05909,0.13191,0.08342,1.65788,-0.12256,0.29358,-0.01472,0.00174,0.00315,-0.00225,-0.70096,-0.22237,1.33362,-0.38337,0.03556,-0.03198,-0.00045
19.16,0.02501,-0.09346,0.19608,-0.02601,-0.00165,-0,-0.59179,-0.07333,0.01495,0.46426,-0.01291,0.00629,-0.01071,-3.07189,-0.32238,-0.29626,6.2024,0.0969,0.10979,0.11357,0.6642,-0.14918,0.31275,-0.07963,0.00187,0.00391,-0.00285,-1.05883,-0.05859,1.06211,-0.35196,0.025,-0.00573,-3e-05
19.18,-0.01743,-0.14523,0.1092,-0.04205,-0.00797,-0,-0.74164,-0.12051,0.00334,0.48977,-0.0123,0.00315,-0.01077,-3.80585,-0.50106,-0.41962,8.44882,0.1393,0.08395,0.13631,-0.34851,-0.16796,0.31965,-0.13895,0.00185,0.00467,-0.00349,-1.36937,0.14357,0.71973,-0.31025,0.01089,0.02308,0.00064
19.2,-0.04694,-0.18923,0.04626,-0.05304,-0.01714,-0,-0.86971,-0.17351,-0.00609,0.49648,-0.01188,0.00014,-0.01095,-4.11518,-0.67605,-0.55664,10.46466,0.18149,0.0585,0.14837,-1.31795,-0.17638,0.31482,-0.18581,0.00171,0.0054,-0.00412,-1.67216,0.35618,0.40219,-0.26252,-0.00418,0.05169,0.0015
19.22,-0.06082,-0.21529,0.00887,-0.05716,-0.03085,-0,-0.96114,-0.22162,-0.013,0.48707,-0.01212,-0.00232,-0.01148,-3.98835,-0.80356,-0.70956,12.1402,0.21839,0.03693,0.14824,-2.17496,-0.17196,0.30004,-0.21298,0.00152,0.00606,-0.00469,-2.01454,0.54305,0.16246,-0.21331,-0.01768,0.07669,0.0022
19.24,-0.05961,-0.21888,-0.00223,-0.05369,-0.0497,-0,-1.02013,-0.26432,-0.0176,0.46463,-0.01299,-0.004,-0.01248,-3.42977,-0.86703,-0.8709,13.32037,0.2394,0.02004,0.13852,-2.8622,-0.15552,0.27718,-0.2139,0.00128,0.00661,-0.00515,-2.43011,0.67806,0.00672,-0.16465,-0.02749,0.09568,0.00264
19.26,-0.04799,-0.20236,0.00522,-0.04263,-0.0724,-0,-1.05677,-0.30672,-0.02077,0.43169,-0.01435,-0.00503,-0.01404,-2.49312,-0.86734,-1.02664,13.93631,0.23819,0.00846,0.12249,-3.34381,-0.12834,0.24942,-0.18468,0.00101,0.00699,-0.00548,-2.92454,0.75201,-0.0297,-0.11802,-0.03229,0.10774,0.00293
19.28,-0.03066,-0.16946,0.02272,-0.02488,-0.09849,-0,-1.0674,-0.34603,-0.02281,0.39027,-0.01614,-0.00553,-0.01621,-1.27618,-0.80484,-1.16522,14.031,0.21958,0.00209,0.10345,-3.60277,-0.09103,0.2188,-0.12492,0.00072,0.0072,-0.00568,-3.47047,0.76644,0.06693,-0.07437,-0.03217,0.1128,0.00298
19.3,-0.01302,-0.12826,0.04491,-0.00208,-0.12795,-0,-1.05861,-0.37808,-0.02396,0.34206,-0.01775,-0.00567,-0.01891,0.08422,-0.70697,-1.28635,13.62761,0.18489,-0.00106,0.08348,-3.63916,-0.04604,0.17615,-0.0373,0.00045,0.00724,-0.00574,-4.00579,0.73406,0.27578,-0.03355,-0.02817,0.11213,0.00294
19.32,0.00229,-0.08686,0.06904,0.02289,-0.1609,-0,-1.03943,-0.39749,-0.02449,0.28858,-0.01842,-0.00561,-0.02194,1.45031,-0.60655,-1.39855,12.74641,0.13958,0.00207,0.06453,-3.46538,0.00378,0.10811,0.073,0.0002,0.00716,-0.00567,-4.45148,0.67134,0.52733,0.00449,-0.02198,0.1076,0.00301
19.34,0.01644,-0.04973,0.09193,0.04715,-0.19305,-0,-1.00666,-0.40356,-0.02497,0.23108,-0.01817,-0.0055,-0.02511,2.70409,-0.51184,-1.48513,11.51654,0.09849,0.01176,0.04951,-3.10046,0.05525,0.02966,0.19952,1e-05,0.00691,-0.00547,-4.74535,0.59209,0.76092,0.03952,-0.01551,0.10047,0.00304
19.36,0.03064,-0.0215,0.11045,0.06898,-0.2195,-0,-0.95832,-0.39659,-0.02579,0.17003,-0.01744,-0.00547,-0.02821,3.74856,-0.42933,-1.52912,10.09283,0.06797,0.02361,0.03927,-2.57572,0.10395,-0.04468,0.33487,-9e-05,0.00649,-0.00517,-4.85501,0.50549,0.95319,0.0711,-0.01008,0.09184,0.00296
19.38,0.04568,-0.00513,0.12238,0.08696,-0.23918,-0,-0.89658,-0.37306,-0.02675,0.10556,-0.01682,-0.00563,-0.03101,4.51237,-0.3669,-1.53209,8.58508,0.04624,0.0362,0.03238,-1.94032,0.14411,-0.12144,0.46983,-8e-05,0.00594,-0.00478,-4.77703,0.41629,1.07639,0.0978,-0.00629,0.08286,0.00284
19.4,0.05929,0.0006,0.12684,0.09981,-0.24817,-0,-0.82434,-0.33813,-0.02767,0.03809,-0.01566,-0.00589,-0.03286,4.99699,-0.32332,-1.49531,7.03977,0.03169,0.04868,0.02728,-1.25996,0.17038,-0.17409,0.59248,2e-05,0.00525,-0.00431,-4.53437,0.33001,1.1279,0.11734,-0.00431,0.0743,0.00272
19.42,0.06845,-0.00414,0.1227,0.1065,-0.24375,-0,-0.74341,-0.29662,-0.02814,-0.03147,-0.0128,-0.00601,-0.03295,5.25694,-0.29485,-1.42283,5.46088,0.02225,0.06113,0.0223,-0.61233,0.17853,-0.17942,0.68946,0.00018,0.00443,-0.00379,-4.16739,0.24892,1.11736,0.12695,-0.00396,0.06667,0.00259
19.44,0.07271,-0.01616,0.10822,0.1068,-0.22908,-0,-0.65456,-0.24517,-0.02727,-0.1018,-0.00996,-0.00601,-0.03163,5.28962,-0.27876,-1.31981,3.99128,0.01569,0.07257,0.01629,-0.0734,0.16292,-0.1657,0.74944,0.00035,0.00358,-0.00322,-3.72404,0.17019,1.04048,0.12337,-0.00488,0.06026,0.00249
19.46,0.0704,-0.02774,0.08481,0.10107,-0.20656,-0,-0.55847,-0.18351,-0.02442,-0.17091,-0.00777,-0.00587,-0.02953,5.10356,-0.26942,-1.1917,2.76243,0.01057,0.08171,0.00887,0.29294,0.12158,-0.15023,0.76433,0.00051,0.00273,-0.0026,-3.25279,0.09351,0.89929,0.10387,-0.00665,0.05489,0.00241
19.48,0.05905,-0.03296,0.05634,0.08986,-0.17657,-0,-0.45612,-0.11598,-0.01948,-0.23564,-0.00472,-0.00529,-0.02688,4.74827,-0.25879,-1.04101,1.80453,0.00604,0.08886,-0.00029,0.43338,0.05885,-0.12703,0.729,0.00061,0.00189,-0.00195,-2.80399,0.02098,0.70445,0.06671,-0.00876,0.04996,0.00234
19.5,0.03784,-0.03233,0.03008,0.07453,-0.13882,-0,-0.36054,-0.05022,-0.01309,-0.29148,-0.00159,-0.00472,-0.02517,4.25312,-0.24454,-0.87792,1.11666,0.00175,0.09195,-0.00809,0.30325,-0.01722,-0.09303,0.642,0.00063,0.00105,-0.00127,-2.43326,-0.04501,0.47781,0.01108,-0.01068,0.04456,0.00223
19.52,0.00829,-0.03366,0.00996,0.0565,-0.0943,-0,-0.28063,0.01122,-0.00585,-0.33367,0.0027,-0.00491,-0.02611,3.63167,-0.2279,-0.71423,0.60312,-0.00262,0.0899,-0.01061,-0.12535,-0.09587,-0.04946,0.50482,0.00056,0.00022,-0.00059,-2.19026,-0.1013,0.23427,-0.06284,-0.01189,0.03773,0.00204
19.54,-0.02723,-0.03551,-0.00509,0.03668,-0.04584,-0,-0.20885,0.06857,0.00196,-0.35864,0.00856,-0.00527,-0.0293,2.88374,-0.20635,-0.54041,0.26306,-0.00736,0.08498,-0.00948,-0.84981,-0.16709,-0.00153,0.32127,0.00044,-0.00057,7e-05,-2.10139,-0.14582,-0.02359,-0.1533,-0.01199,0.02888,0.00174
19.56,-0.06613,-0.03402,-0.015,0.01598,0.00503,-0,-0.14235,0.11748,0.00967,-0.36505,0.01322,-0.00519,-0.03394,2.02079,-0.17831,-0.34721,0.09655,-0.01224,0.07837,-0.00594,-1.82716,-0.22372,0.04811,0.09968,0.00029,-0.00133,0.00071,-2.16001,-0.17838,-0.28463,-0.25585,-0.0108,0.01789,0.00134
19.58,-0.10529,-0.03098,-0.01994,-0.00449,0.0575,-0,-0.08449,0.15365,0.01648,-0.35403,0.01561,-0.00474,-0.04005,1.07467,-0.14533,-0.1395,0.03036,-0.01769,0.06993,-0.0002,-2.96388,-0.26208,0.0988,-0.14547,0.00015,-0.00204,0.00131,-2.32324,-0.20057,-0.53188,-0.3629,-0.00835,0.00524,0.00085
19.6,-0.14077,-0.02805,-0.02461,-0.0235,0.10951,-0,-0.03854,0.17848,0.02198,-0.32929,0.01514,-0.00377,-0.04464,0.08564,-0.12093,0.06548,-0.01392,-0.0222,0.05845,0.00546,-4.11743,-0.27653,0.1436,-0.39338,3e-05,-0.00266,0.00186,-2.51835,-0.21307,-0.75364,-0.46277,-0.00489,-0.00793,0.00028
19.62,-0.16844,-0.02353,-0.0368,-0.04,0.15726,-0,-0.00378,0.19878,0.02637,-0.29558,0.01214,-0.00229,-0.04321,-0.88296,-0.11459,0.28033,-0.07373,-0.0218,0.04371,0.01211,-5.12643,-0.26206,0.16739,-0.62029,-5e-05,-0.00315,0.00234,-2.65987,-0.21604,-0.94825,-0.54189,-0.00081,-0.02016,-0.0003
19.64,-0.1855,-0.01205,-0.05541,-0.05286,0.19847,-0,0.02261,0.21083,0.02928,-0.25675,0.00863,-0.00049,-0.03726,-1.78142,-0.11446,0.50787,-0.1899,-0.01906,0.02807,0.01802,-5.86057,-0.2244,0.17046,-0.80698,-0.00012,-0.00348,0.00273,-2.67133,-0.21254,-1.09672,-0.59034,0.00347,-0.03018,-0.00083
19.66,-0.19128,0.00709,-0.07444,-0.06119,0.23255,-0,0.04097,0.2101,0.03039,-0.21631,0.00576,0.00145,-0.02924,-2.60086,-0.11237,0.71806,-0.43978,-0.01757,0.0136,0.01913,-6.25107,-0.17035,0.16148,-0.94248,-0.00016,-0.00366,0.003,-2.50788,-0.20427,-1.18183,-0.60345,0.00752,-0.03728,-0.00129
19.68,-0.18592,0.03143,-0.09086,-0.06464,0.25811,-0,0.05244,0.20201,0.0303,-0.17775,0.00362,0.00329,-0.01908,-3.34815,-0.1104,0.89528,-0.87378,-0.01624,0.00157,0.01678,-6.29156,-0.10401,0.13977,-1.02273,-0.00017,-0.00367,0.00316,-2.16503,-0.18946,-1.21641,-0.58153,0.01087,-0.04124,-0.00162
19.7,-0.17107,0.05635,-0.1035,-0.06322,0.27212,-0,0.05855,0.18466,0.02877,-0.14419,0.00232,0.00487,-0.00956,-4.03256,-0.11026,1.03686,-1.48264,-0.01637,-0.00678,0.00955,-6.02938,-0.03234,0.11095,-1.05055,-0.00017,-0.00356,0.00322,-1.67135,-0.16573,-1.19785,-0.52905,0.01299,-0.04233,-0.00183
19.72,-0.14834,0.07327,-0.11061,-0.05746,0.27105,-0,0.06066,0.1566,0.02545,-0.11824,0.00175,0.0061,-0.00092,-4.66973,-0.1118,1.14014,-2.2481,-0.01831,-0.00989,-0.00303,-5.53816,0.03856,0.08153,-1.03245,-0.00016,-0.00337,0.00317,-1.07468,-0.1308,-1.12654,-0.45337,0.01342,-0.04113,-0.00194
19.74,-0.12114,0.07718,-0.10664,-0.04853,0.25723,-0,0.06021,0.12497,0.02127,-0.10149,0.00176,0.00678,0.00893,-5.30949,-0.11105,1.18693,-3.17648,-0.01827,-0.00776,-0.0141,-4.8823,0.1046,0.05207,-0.97349,-0.00015,-0.0031,0.00303,-0.41978,-0.08387,-1.04199,-0.36303,0.01189,-0.0381,-0.00193
19.76,-0.09427,0.06934,-0.09013,-0.0382,0.23498,-0,0.0579,0.0933,0.01659,-0.09431,0.00232,0.00678,0.01918,-6.00509,-0.10488,1.17806,-4.17014,-0.01418,-0.00252,-0.01975,-4.09964,0.1631,0.02365,-0.87897,-0.00014,-0.00276,0.00281,0.26802,-0.02673,-0.96583,-0.26451,0.00846,-0.03374,-0.00178
19.78,-0.07091,0.0516,-0.06434,-0.02888,0.20603,-0,0.05394,0.06127,0.01099,-0.09596,0.0035,0.00616,0.02919,-6.76811,-0.09366,1.13041,-5.10086,-0.00599,0.00432,-0.02048,-3.20202,0.21331,-0.0025,-0.75577,-0.00013,-0.00235,0.00251,0.98101,0.03583,-0.88604,-0.16227,0.00351,-0.02855,-0.00155
19.8,-0.05183,0.0314,-0.03401,-0.02286,0.17589,-0,0.04832,0.0281,0.0037,-0.1047,0.00539,0.00491,0.03838,-7.60859,-0.07699,1.05838,-5.80939,0.0062,0.01109,-0.01664,-2.18646,0.25585,-0.02011,-0.60972,-0.00013,-0.0019,0.00216,1.72123,0.09624,-0.80118,-0.06024,-0.00225,-0.02302,-0.00125
19.82,-0.03563,0.01568,-0.00522,-0.0221,0.14975,-0,0.04073,-0.00347,-0.00557,-0.11824,0.00801,0.00313,0.04598,-8.5363,-0.05521,0.97722,-6.14836,0.02172,0.01649,-0.00919,-1.04756,0.29163,-0.02589,-0.44791,-0.00016,-0.0014,0.00174,2.49067,0.14667,-0.70649,0.03804,-0.008,-0.01756,-0.0009
19.84,-0.02158,0.00508,0.01569,-0.02768,0.12682,-0,0.03031,-0.02957,-0.01687,-0.13435,0.01141,0.00119,0.05209,-9.47357,-0.03551,0.9017,-6.05135,0.03921,0.02021,0.00042,0.20327,0.32096,-0.02566,-0.27985,-0.00019,-0.00088,0.00129,3.27655,0.18025,-0.57467,0.12969,-0.01302,-0.01247,-0.00058
19.86,-0.00718,-0.0004,0.02295,-0.03919,0.10619,-0,0.01655,-0.04936,-0.0307,-0.15099,0.01552,-0.00075,0.05665,-10.3218,-0.03123,0.83943,-5.49422,0.05666,0.02202,0.01073,1.51461,0.34292,-0.02293,-0.11418,-0.00023,-0.00032,0.0008,4.04064,0.19273,-0.39649,0.21232,-0.01686,-0.00782,-0.00031
19.88,0.01043,-0.00118,0.01227,-0.05433,0.08837,-0,-0.00047,-0.06205,-0.04727,-0.16623,0.01988,-0.0026,0.0593,-11.05199,-0.06178,0.79217,-4.52701,0.07111,0.02164,0.02019,2.78149,0.3545,-0.01803,0.03958,-0.00027,0.00024,0.0003,4.71332,0.18353,-0.18755,0.28318,-0.01939,-0.00345,-9e-05
19.9,0.03163,0.00092,-0.01322,-0.07188,0.07412,-0,-0.02017,-0.06644,-0.06538,-0.17807,0.0242,-0.00429,0.06002,-11.4176,-0.11617,0.74112,-3.28116,0.0802,0.01958,0.02704,3.84652,0.35647,-0.01083,0.16941,-0.00031,0.00079,-0.00021,5.18665,0.15619,0.02893,0.33913,-0.02066,0.00089,9e-05
19.92,0.05356,0.00312,-0.04153,-0.09283,0.06373,-0,-0.04064,-0.06167,-0.08231,-0.18459,0.02827,-0.00572,0.05879,-11.17184,-0.14668,0.66279,-1.95599,0.0824,0.0169,0.02971,4.53457,0.3501,-0.00399,0.26342,-0.00032,0.00131,-0.00068,5.34128,0.11556,0.20867,0.37711,-0.02087,0.00551,0.00027
19.94,0.06946,0.00389,-0.07018,-0.11355,0.05559,-0,-0.06014,-0.04884,-0.09705,-0.18429,0.03085,-0.00681,0.05489,-10.49611,-0.16304,0.56776,-0.75643,0.07436,0.01291,0.02764,4.70703,0.3275,-0.00078,0.31279,-0.00031,0.00176,-0.00111,5.1019,0.06474,0.31589,0.39423,-0.0204,0.01066,0.00045
19.96,0.0719,0.00322,-0.10105,-0.1291,0.04835,-0,-0.07759,-0.02952,-0.1091,-0.1762,0.03103,-0.00746,0.048,-9.56529,-0.1901,0.46943,0.18781,0.05592,0.00762,0.02139,4.3052,0.28423,-0.00099,0.31449,-0.00026,0.00211,-0.00147,4.45367,0.00828,0.33989,0.38943,-0.01958,0.01637,0.00065
19.98,0.05596,0.00148,-0.13007,-0.13809,0.04174,-0,-0.09155,-0.00553,-0.11618,-0.15984,0.02916,-0.00753,0.03858,-8.37192,-0.21317,0.36709,0.82871,0.03136,0.00193,0.01232,3.36555,0.22451,-0.00335,0.27227,-0.00018,0.00235,-0.00174,3.44606,-0.04765,0.27851,0.36436,-0.0186,0.02245,0.00085
20,0.02017,-0.00059,-0.15304,-0.13762,0.03578,-0,-0.09952,0.02012,-0.11806,-0.13542,0.0253,-0.00689,0.02663,-7.10053,-0.2172,0.27346,1.17671,0.00455,-0.00371,0.00226,2.00725,0.15284,-0.00706,0.19536,-5e-05,0.00246,-0.00192,2.20002,-0.09602,0.14517,0.3216,-0.01766,0.02841,0.00104
20.02,-0.02997,-0.00221,-0.16524,-0.12574,0.03036,-0,-0.09874,0.04523,-0.11505,-0.10372,0.01989,-0.00545,0.01303,-5.91661,-0.19216,0.19634,1.27862,-0.01759,-0.00666,-0.00675,0.40486,0.07747,-0.0145,0.0963,0.00011,0.00239,-0.00199,0.8676,-0.12952,-0.04407,0.26488,-0.01689,0.03362,0.00117
20.04,-0.08536,-0.00286,-0.16664,-0.10378,0.02493,-0,-0.08962,0.06743,-0.10554,-0.066,0.01434,-0.00318,-0.00061,-4.78416,-0.15407,0.13241,1.20026,-0.03058,-0.00653,-0.01326,-1.26167,0.00818,-0.0265,-0.0125,0.00031,0.00216,-0.00192,-0.41466,-0.14386,-0.27503,0.19926,-0.01632,0.03754,0.00123
20.06,-0.13857,-0.00243,-0.15911,-0.07364,0.01925,-0,-0.07347,0.0842,-0.08907,-0.02411,0.00939,-0.0002,-0.01342,-3.70414,-0.11531,0.08083,1.00693,-0.03618,-0.00539,-0.01693,-2.84266,-0.04948,-0.0409,-0.12078,0.00052,0.00178,-0.00173,-1.54258,-0.13892,-0.52607,0.12864,-0.01591,0.0398,0.00123
20.08,-0.18403,-0.00118,-0.14309,-0.03791,0.01358,-0,-0.05133,0.09454,-0.06728,0.01914,0.00517,0.00322,-0.02489,-2.72939,-0.06841,0.04188,0.75408,-0.03587,-0.00379,-0.0179,-4.21053,-0.09312,-0.0566,-0.22024,0.00073,0.00127,-0.00143,-2.4462,-0.11863,-0.76886,0.05614,-0.01559,0.04019,0.00117
20.1,-0.21482,0.00036,-0.12171,-0.00021,0.00855,-0,-0.02674,0.09947,-0.04377,0.05991,0.00178,0.00672,-0.03392,-1.90299,-0.03613,0.01591,0.48747,-0.033,-0.00253,-0.01678,-5.25037,-0.1212,-0.07477,-0.30335,0.00091,0.00068,-0.00105,-3.08183,-0.0896,-0.98217,-0.01473,-0.01525,0.03862,0.00105
20.12,-0.22495,0.00155,-0.09851,0.03384,0.00469,-0,-0.00232,0.10106,-0.0212,0.0941,-0.00076,0.01,-0.03877,-1.24143,-0.03069,-0.00033,0.24464,-0.03072,-0.00192,-0.01424,-5.86974,-0.13273,-0.09801,-0.36365,0.00104,6e-05,-0.00062,-3.42894,-0.06013,-1.15676,-0.08072,-0.01477,0.03512,0.00085
20.14,-0.21821,0.00181,-0.07556,0.05981,0.00229,-0,0.02069,0.09934,-0.00035,0.11826,-0.00255,0.01259,-0.03973,-0.72423,-0.02734,-0.01019,0.05177,-0.02797,-0.00131,-0.01052,-6.01845,-0.13067,-0.1202,-0.39792,0.00111,-0.00051,-0.00017,-3.48931,-0.03798,-1.25565,-0.13923,-0.01402,0.0299,0.00063
20.16,-0.20028,0.00081,-0.05458,0.07665,0.00166,-0,0.0403,0.09457,0.01737,0.13034,-0.00367,0.01405,-0.03795,-0.3354,-0.01846,-0.01442,-0.08132,-0.02405,-0.00043,-0.0058,-5.7068,-0.11925,-0.13435,-0.40621,0.00109,-0.00101,0.00026,-3.29171,-0.02678,-1.24825,-0.18845,-0.01297,0.02329,0.00042
20.18,-0.174,-0.00141,-0.03671,0.08439,0.00287,-0,0.05517,0.08869,0.031,0.12999,-0.00424,0.01445,-0.03361,-0.06107,-0.0107,-0.01419,-0.15677,-0.01965,0.00075,-0.00027,-5.01077,-0.10137,-0.14057,-0.39072,0.00102,-0.00142,0.00067,-2.89648,-0.02648,-1.14498,-0.22708,-0.0117,0.01568,0.00023
20.2,-0.14485,-0.00444,-0.02241,0.08485,0.00559,-0,0.06505,0.08266,0.04014,0.11819,-0.00438,0.01383,-0.02829,0.1193,-0.0054,-0.01088,-0.18464,-0.01507,0.00222,0.00588,-4.06155,-0.08215,-0.13429,-0.35741,0.00087,-0.00173,0.00102,-2.38529,-0.03508,-0.9495,-0.25471,-0.01032,0.0077,8e-05
20.22,-0.11796,-0.00744,-0.01154,0.08056,0.00917,-0,0.07051,0.07716,0.04459,0.09683,-0.00421,0.01234,-0.02333,0.22589,-0.00247,-0.00583,-0.17937,-0.01059,0.00382,0.01236,-3.0166,-0.06583,-0.11421,-0.31326,0.00065,-0.00194,0.00132,-1.85044,-0.04986,-0.68639,-0.27149,-0.00901,-2e-05,-2e-05
20.24,-0.09573,-0.00981,-0.00355,0.07293,0.01295,-0,0.07149,0.07343,0.04505,0.06829,-0.00384,0.01049,-0.01833,0.27748,-0.00112,-0.00015,-0.15511,-0.00651,0.00544,0.01879,-2.01571,-0.0535,-0.08739,-0.26271,0.00044,-0.00204,0.00155,-1.37351,-0.06756,-0.41098,-0.27672,-0.00795,-0.00695,-0.00011
20.26,-0.07923,-0.01135,0.00203,0.06321,0.01644,-0,0.06801,0.07183,0.04247,0.03524,-0.00336,0.00863,-0.01327,0.29002,-0.00054,0.00517,-0.123,-0.00303,0.00692,0.02463,-1.15023,-0.04587,-0.0582,-0.20952,0.00026,-0.00206,0.0017,-1.0001,-0.08485,-0.15662,-0.27045,-0.0072,-0.01271,-0.00017
20.28,-0.06825,-0.01195,0.00562,0.05267,0.01915,-0,0.06128,0.07156,0.0378,0.00071,-0.00284,0.00685,-0.00864,0.27609,-0.00034,0.00929,-0.09073,-0.00031,0.00791,0.02895,-0.4635,-0.04311,-0.02825,-0.15734,0.00011,-0.002,0.00179,-0.73896,-0.09885,0.06046,-0.2546,-0.00669,-0.01711,-0.00022
20.3,-0.06136,-0.01172,0.00757,0.04241,0.02067,-0,0.05161,0.07162,0.032,-0.03173,-0.00233,0.00526,-0.00467,0.24522,-4e-05,0.01132,-0.06313,0.00155,0.00837,0.03109,0.03698,-0.04397,0.00068,-0.10872,2e-05,-0.00188,0.00182,-0.57173,-0.10671,0.22631,-0.23143,-0.00628,-0.02006,-0.00025
20.32,-0.05665,-0.01091,0.00817,0.03323,0.02065,-0,0.03966,0.07091,0.02603,-0.05847,-0.00185,0.00388,-0.00146,0.20433,0.00076,0.01043,-0.04266,0.00253,0.0084,0.03063,0.36733,-0.04639,0.02469,-0.06579,-4e-05,-0.00173,0.00179,-0.46474,-0.10582,0.33101,-0.20363,-0.00577,-0.02159,-0.00027
20.34,-0.0524,-0.00975,0.00773,0.0255,0.01908,-0,0.02709,0.06812,0.02082,-0.07687,-0.00145,0.00274,0.00095,0.15813,0.00119,0.00676,-0.03006,0.00266,0.00736,0.02628,0.55311,-0.04803,0.04113,-0.03013,-8e-05,-0.00157,0.00172,-0.38499,-0.09405,0.37267,-0.17414,-0.00502,-0.02176,-0.00027
20.36,-0.04779,-0.00845,0.00649,0.01941,0.01612,-0,0.0147,0.06249,0.01687,-0.08586,-0.00113,0.00182,0.00258,0.11003,0.00035,0.00088,-0.02482,0.00203,0.00507,0.0176,0.61986,-0.04686,0.05027,-0.00257,-9e-05,-0.00141,0.0016,-0.31171,-0.07097,0.35768,-0.14506,-0.00396,-0.02071,-0.00026
20.38,-0.04317,-0.0072,0.0047,0.01503,0.01197,-0,0.00266,0.05403,0.01424,-0.08584,-0.0009,0.0011,0.00349,0.06275,-0.00208,-0.00635,-0.02538,0.00087,0.00208,0.00574,0.58996,-0.04152,0.0525,0.01651,-9e-05,-0.00125,0.00145,-0.23984,-0.03871,0.29734,-0.11771,-0.00266,-0.01866,-0.00023
20.4,-0.03961,-0.00613,0.00258,0.01225,0.00715,-0,-0.00878,0.04289,0.01277,-0.07848,-0.00076,0.00057,0.00377,0.01865,-0.0057,-0.0139,-0.02932,-0.00054,-0.00117,-0.0077,0.48206,-0.03099,0.04874,0.02687,-8e-05,-0.00111,0.00128,-0.17899,-0.00146,0.21099,-0.09311,-0.00126,-0.01591,-0.00019
20.42,-0.03856,-0.00534,0.00039,0.01088,0.00196,-0,-0.01897,0.02982,0.01217,-0.06621,-0.00071,0.00021,0.00354,-0.02001,-0.0077,-0.02159,-0.03396,-0.00183,-0.00354,-0.01944,0.31127,-0.0152,0.04028,0.02845,-8e-05,-0.00099,0.00111,-0.14689,0.03503,0.11806,-0.072,3e-05,-0.01274,-0.00014
20.44,-0.04149,-0.00483,-0.00161,0.01071,-0.00355,-0,-0.02749,0.01607,0.01204,-0.05142,-0.00073,-0,0.00291,-0.0516,-0.00743,-0.02844,-0.03714,-0.00275,-0.00446,-0.02732,0.09027,0.00465,0.02921,0.02172,-8e-05,-0.00088,0.00093,-0.15984,0.06575,0.03181,-0.05476,0.00103,-0.00945,-9e-05
20.46,-0.04916,-0.00456,-0.00316,0.01159,-0.00934,-0,-0.03439,0.00245,0.01211,-0.03614,-0.00082,-9e-05,0.00204,-0.07535,-0.00621,-0.03314,-0.03782,-0.00318,-0.0045,-0.03136,-0.16838,0.02636,0.01747,0.00776,-7e-05,-0.00081,0.00078,-0.22598,0.08808,-0.03773,-0.04133,0.00163,-0.00624,-4e-05
20.48,-0.06133,-0.00456,-0.00406,0.01342,-0.01539,-0,-0.03954,-0.01053,0.01225,-0.02202,-0.00095,-8e-05,0.00108,-0.09111,-0.00387,-0.03565,-0.03617,-0.0031,-0.00386,-0.03156,-0.45004,0.04647,0.00671,-0.01161,-7e-05,-0.00077,0.00067,-0.34318,0.10151,-0.08595,-0.03136,0.0018,-0.00325,1e-05
20.5,-0.07743,-0.00488,-0.00423,0.01611,-0.02219,-0,-0.04297,-0.02225,0.01243,-0.01041,-0.00111,-2e-05,0.0002,-0.09917,-0.00178,-0.03572,-0.03349,-0.00261,-0.00313,-0.02921,-0.7367,0.06027,-0.00107,-0.03384,-7e-05,-0.00077,0.00063,-0.49962,0.10709,-0.11336,-0.0243,0.00159,-0.0006,4e-05
20.52,-0.09671,-0.00562,-0.00373,0.01954,-0.03089,-0,-0.04483,-0.03197,0.01267,-0.0023,-0.00126,3e-05,-0.00042,-0.10017,-0.00113,-0.03343,-0.03164,-0.00186,-0.00282,-0.02587,-1.00892,0.06302,-0.00495,-0.05613,-7e-05,-0.00082,0.00068,-0.67712,0.10673,-0.12348,-0.01949,0.00108,0.00164,7e-05
20.54,-0.11758,-0.00679,-0.00264,0.02353,-0.0417,-0,-0.04535,-0.03918,0.01315,0.00189,-0.00139,5e-05,-0.0006,-0.0949,-0.00084,-0.03003,-0.0322,-0.00093,-0.00259,-0.02174,-1.25037,0.05187,-0.00385,-0.076,-8e-05,-0.00092,0.00082,-0.85617,0.10274,-0.12216,-0.01617,0.00036,0.00344,0.0001
20.56,-0.13823,-0.00833,-0.00119,0.02777,-0.05416,-0,-0.04495,-0.04374,0.01399,0.00243,-0.00147,-1e-05,-0.00021,-0.08443,-0.00043,-0.0264,-0.03597,6e-05,-0.00223,-0.01717,-1.44992,0.02694,0.00288,-0.09169,-0.0001,-0.00106,0.00106,-1.0187,0.0967,-0.11479,-0.01346,-0.00049,0.00484,0.00011
20.58,-0.15714,-0.01031,0.00033,0.03178,-0.06763,-0,-0.04413,-0.0455,0.01518,0.0003,-0.00148,-0.00017,0.00088,-0.0701,-0.00017,-0.02278,-0.04274,0.00101,-0.00184,-0.01279,-1.60021,-0.00844,0.01443,-0.10217,-0.00013,-0.00121,0.00133,-1.1476,0.08899,-0.10527,-0.01037,-0.00139,0.00595,0.00012
20.6,-0.17268,-0.01262,0.00152,0.03482,-0.08234,-0,-0.04393,-0.04459,0.01657,-0.00287,-0.0014,-0.00044,0.00274,-0.05362,1e-05,-0.01942,-0.05138,0.00182,-0.00144,-0.00889,-1.69624,-0.04797,0.02756,-0.10693,-0.00017,-0.00135,0.0016,-1.22576,0.07956,-0.09667,-0.00589,-0.00228,0.00688,0.00013
20.62,-0.18339,-0.01501,0.00196,0.03601,-0.09847,-0,-0.04546,-0.04131,0.01777,-0.00489,-0.00122,-0.00078,0.00541,-0.03674,0.00015,-0.0164,-0.06019,0.00242,-0.00103,-0.00564,-1.73413,-0.08397,0.03522,-0.10586,-0.00021,-0.00145,0.00178,-1.23791,0.0679,-0.09075,0.0009,-0.00306,0.00776,0.00013
20.64,-0.18769,-0.01751,0.0013,0.03494,-0.11141,-0,-0.04892,-0.03618,0.01831,-0.00327,-0.00091,-0.00115,0.00881,-0.02092,0.00022,-0.01365,-0.06747,0.00274,-0.00064,-0.00312,-1.71005,-0.10977,0.03555,-0.09913,-0.00023,-0.00146,0.00181,-1.1744,0.05324,-0.08753,0.01065,-0.00359,0.00863,0.00014
20.66,-0.185,-0.01998,-0.00062,0.03145,-0.11628,-0,-0.0543,-0.0299,0.01754,0.00473,-0.0005,-0.00143,0.01276,-0.00728,0.00026,-0.01106,-0.07184,0.00278,-0.00027,-0.00129,-1.62087,-0.12129,0.03083,-0.08713,-0.00025,-0.00134,0.00166,-1.03377,0.03524,-0.08497,0.02354,-0.00364,0.00942,0.00014
20.68,-0.17661,-0.02149,-0.00374,0.02534,-0.1112,-0,-0.06152,-0.02341,0.01483,0.02204,-0,-0.00152,0.01668,0.0034,0.00028,-0.00851,-0.07227,0.00254,6e-05,-7e-05,-1.46484,-0.11746,0.02191,-0.07055,-0.00024,-0.00106,0.00129,-0.82414,0.01421,-0.07893,0.03919,-0.00291,0.00995,0.00015
20.7,-0.16419,-0.02076,-0.00751,0.01674,-0.09247,-0,-0.06971,-0.01775,0.0101,0.05174,0.00051,-0.00132,0.02018,0.01047,0.00031,-0.00588,-0.06803,0.0021,0.00032,0.00064,-1.24032,-0.0999,0.01283,-0.05034,-0.00021,-0.00061,0.00072,-0.56228,-0.00901,-0.06343,0.05663,-0.00102,0.0099,0.00014
20.72,-0.14995,-0.01517,-0.01084,0.00564,-0.05936,-0,-0.07644,-0.01417,0.00442,0.09691,0.00097,-0.00084,0.02305,0.01312,0.00039,-0.00304,-0.05859,0.00151,0.00049,0.00097,-0.94132,-0.07193,0.00591,-0.02741,-0.00017,2e-05,-4e-05,-0.26675,-0.03311,-0.03112,0.07454,0.00244,0.00885,0.00011
20.74,-0.13702,2e-05,-0.01223,-0.00846,-0.01604,-0,-0.07649,-0.01406,0.00028,0.16023,0.00134,-0.00028,0.02404,0.01002,0.00048,0.00023,-0.0435,0.00085,0.00055,0.00103,-0.55085,-0.03694,0.0005,-0.00202,-0.00013,0.00084,-0.00096,0.05218,-0.05676,0.02597,0.0916,0.0079,0.00634,6e-05
20.76,-0.12711,0.03011,-0.00961,-0.026,0.03359,-0,-0.0604,-0.01851,0.0018,0.24339,0.00165,9e-05,0.02237,-0.00093,0.00052,0.00415,-0.02243,0.00015,0.00045,0.00092,-0.03707,0.00221,-0.00232,0.0265,-9e-05,0.00183,-0.002,0.39819,-0.07882,0.11553,0.10673,0.01571,0.00191,-3e-05
20.78,-0.12007,0.08042,-0.00053,-0.04744,0.08608,-0,-0.01333,-0.02777,0.01379,0.34625,0.00201,9e-05,0.01885,-0.02264,0.00055,0.00897,0.00473,-0.00055,0.00018,0.00072,0.64452,0.04328,-0.00126,0.05964,-9e-05,0.00297,-0.00311,0.78795,-0.09819,0.24445,0.11904,0.02611,-0.00489,-0.00016
20.8,-0.11527,0.15386,0.01722,-0.0734,0.13446,-0,0.08586,-0.04116,0.04065,0.46589,0.00262,-0.00012,0.01438,-0.05856,0.00045,0.01485,0.0377,-0.00127,-0.0003,0.00049,1.54378,0.08427,0.00463,0.0993,-0.00012,0.0042,-0.00423,1.24584,-0.11339,0.41723,0.12755,0.03915,-0.01441,-0.00034
20.82,-0.11186,0.24808,0.04483,-0.10462,0.16724,-0,0.26223,-0.05881,0.08378,0.59549,0.00372,2e-05,0.01069,-0.11201,-0.0001,0.02171,0.07564,-0.00199,-0.001,0.00026,2.70196,0.1226,0.01583,0.14716,-0.00024,0.00547,-0.00526,1.79387,-0.12267,0.63467,0.13105,0.05472,-0.02693,-0.00059
20.84,-0.10937,0.3579,0.08137,-0.1408,0.14435,0,0.54292,-0.07918,0.14195,0.72347,0.00549,0.00108,0.00979,-0.18472,-0.00108,0.02936,0.11702,-0.00275,-0.00189,3e-05,4.13244,0.15611,0.03226,0.20382,-0.00045,0.00666,-0.0061,2.43771,-0.12557,0.89453,0.12804,0.07256,-0.04259,-0.00092
20.86,-0.10782,0.47476,0.12258,-0.18048,0.11759,0,0.95087,-0.10117,0.20966,0.83218,0.00799,0.00372,0.01216,-0.27556,-0.00235,0.03748,0.15939,-0.00357,-0.00291,-0.00022,5.80159,0.18244,0.0534,0.26808,-0.00077,0.00764,-0.00664,3.15534,-0.12216,1.19063,0.11649,0.0923,-0.0613,-0.00135
20.88,-0.10829,0.58637,0.15978,-0.22002,0.09815,0,1.4765,-0.13972,0.27009,0.89618,0.01105,0.00767,0.01675,-0.37992,-0.00411,0.04545,0.19893,-0.0045,-0.004,-0.00054,7.61072,0.19685,0.08009,0.33603,-0.00122,0.00824,-0.00676,3.88973,-0.11204,1.51303,0.09377,0.11323,-0.08257,-0.00189
20.9,-0.11273,0.66941,0.18304,-0.25847,0.07937,0,2.16079,-0.16733,0.3315,0.88621,0.01438,0.01355,0.02236,-0.48853,-0.00591,0.05226,0.23055,-0.00554,-0.00496,-0.001,9.39845,0.19797,0.10502,0.40183,-0.00179,0.0083,-0.00631,4.54713,-0.09684,1.82417,0.05704,0.1341,-0.10557,-0.00261
20.92,-0.12375,0.69674,0.18421,-0.29597,0.05164,0,3.10876,-0.10746,0.41893,0.76831,0.01764,0.02442,0.02829,-0.58879,-0.00687,0.0567,0.24869,-0.00666,-0.00547,-0.00168,10.97691,0.18522,0.11183,0.45939,-0.00244,0.00769,-0.00519,5.0232,-0.07759,2.06603,0.00421,0.15333,-0.12926,-0.00365
20.94,-0.14315,0.67002,0.15285,-0.32154,0.02327,0,4.27663,0.01713,0.50487,0.50423,0.02014,0.03871,0.0319,-0.66909,-0.00715,0.05835,0.24835,-0.00788,-0.0056,-0.00265,12.18256,0.1505,0.09876,0.50306,-0.00314,0.00623,-0.00341,5.25029,-0.05237,2.22905,-0.06469,0.16969,-0.15228,-0.00497
20.96,-0.1713,0.59879,0.0804,-0.32607,0.0007,0,5.55092,0.14564,0.55587,0.07068,0.02137,0.05237,0.03076,-0.71964,-0.00703,0.05712,0.22663,-0.00924,-0.00551,-0.00394,12.92458,0.08981,0.07392,0.53072,-0.00381,0.00385,-0.00107,5.21931,-0.01971,2.32162,-0.14641,0.18231,-0.17326,-0.00644
20.98,-0.20748,0.48143,-0.03186,-0.31034,-0.02345,0,6.85012,0.27023,0.56818,-0.53491,0.0213,0.06416,0.02465,-0.73139,-0.00631,0.05269,0.18333,-0.01068,-0.00519,-0.00554,13.19559,0.00749,0.04784,0.54529,-0.00441,0.00074,0.00159,4.98177,0.02114,2.32947,-0.23351,0.19054,-0.19099,-0.00801
21,-0.24391,0.35193,-0.17286,-0.27162,-0.04212,0,8.33563,0.43202,0.56565,-1.29065,0.01994,0.07637,0.01373,-0.69697,-0.0051,0.04504,0.12063,-0.01216,-0.0047,-0.00738,13.05506,-0.08751,-0.01457,0.55192,-0.00476,-0.00278,0.00425,4.64365,0.07113,2.25909,-0.31485,0.19314,-0.20388,-0.00959
21.02,-0.26809,0.24551,-0.31806,-0.21248,-0.04553,0,10.25064,0.67522,0.56151,-2.14205,0.0174,0.09155,-0.0003,-0.61088,-0.00349,0.034,0.04216,-0.01359,-0.00413,-0.00937,12.6027,-0.18166,-0.17027,0.55725,-0.00468,-0.00626,0.00657,4.33711,0.13165,2.12156,-0.37757,0.18891,-0.21037,-0.01102
21.04,-0.27557,0.14578,-0.45068,-0.14493,-0.04396,-0,12.27514,0.89587,0.51025,-3.02132,0.01425,0.10388,-0.01458,-0.4712,-0.00181,0.01873,-0.04854,-0.01493,-0.00344,-0.0114,11.93749,-0.26068,-0.35903,0.56905,-0.00424,-0.0093,0.0083,4.18014,0.20173,1.92312,-0.40945,0.17864,-0.20971,-0.01215
21.06,-0.26468,0.04401,-0.55911,-0.07682,-0.04536,-0,14.08172,1.00704,0.39643,-3.868,0.01099,0.10908,-0.0271,-0.28005,-0.00039,-0.00146,-0.14886,-0.01616,-0.00263,-0.01343,11.14239,-0.31289,-0.51689,0.59289,-0.00357,-0.01168,0.00933,4.24763,0.27688,1.67718,-0.40152,0.16357,-0.20198,-0.01281
21.08,-0.23243,-0.04604,-0.62078,-0.01209,-0.04753,-0,15.6672,1.03261,0.24487,-4.60845,0.00786,0.10911,-0.03625,-0.04477,0.0003,-0.02696,-0.25676,-0.01722,-0.00177,-0.01541,10.29079,-0.33215,-0.66269,0.63089,-0.00271,-0.01332,0.00966,4.5639,0.3517,1.39858,-0.34886,0.14476,-0.1882,-0.01301
21.1,-0.17317,-0.10943,-0.61691,0.04501,-0.0474,-0,17.04933,0.91655,0.0773,-5.20811,0.00515,0.10159,-0.04117,0.22131,7e-05,-0.05761,-0.36986,-0.01814,-0.00097,-0.01728,9.44104,-0.3147,-0.73913,0.68214,-0.00176,-0.01407,0.00939,5.10806,0.414,1.13881,-0.25133,0.12463,-0.17,-0.01266
21.12,-0.08822,-0.13771,-0.53183,0.09067,-0.03846,-0,18.25094,0.65134,-0.06391,-5.70656,0.003,0.08546,-0.04225,0.50661,0.00078,-0.09209,-0.48543,-0.01895,-0.00032,-0.01897,8.63938,-0.26217,-0.70094,0.74345,-0.00084,-0.01382,0.00868,5.83033,0.44887,0.93848,-0.11097,0.10568,-0.14943,-0.01178
21.14,0.01188,-0.1411,-0.3555,0.12335,-0.02855,-0,19.18446,0.35668,-0.13706,-6.11743,0.00134,0.06637,-0.04043,0.79938,0.00236,-0.12972,-0.60076,-0.0196,0.00021,-0.02043,7.92574,-0.18382,-0.62303,0.81025,-5e-05,-0.01281,0.00762,6.67761,0.45294,0.77794,0.06965,0.08921,-0.12874,-0.01071
21.16,0.12322,-0.12834,-0.08478,0.14296,-0.0215,-0,19.76594,0.12883,-0.12766,-6.44225,0.00012,0.04818,-0.03699,1.08635,0.00313,-0.17035,-0.71291,-0.02,0.00056,-0.02165,7.319,-0.08848,-0.54632,0.87652,0.00056,-0.01131,0.0063,7.60414,0.4288,0.64893,0.2829,0.07589,-0.10927,-0.00966
21.18,0.24674,-0.10189,0.27774,0.14999,-0.01618,-0,19.95808,0.01248,-0.04288,-6.69702,-0.0007,0.03151,-0.03268,1.35678,0.00319,-0.21274,-0.81778,-0.02018,0.00072,-0.02259,6.81736,0.01643,-0.45494,0.93418,0.001,-0.00939,0.00485,8.56567,0.37997,0.55938,0.51637,0.06592,-0.09135,-0.00861
21.2,0.37728,-0.06619,0.71694,0.14444,-0.01307,-0,19.90784,0.02855,0.11517,-6.98585,-0.00118,0.01622,-0.02994,1.6032,0.00244,-0.25614,-0.90905,-0.02008,0.00066,-0.02318,6.42054,0.12172,-0.35698,0.97075,0.00131,-0.00732,0.00335,9.51987,0.30873,0.48504,0.74885,0.05874,-0.07506,-0.00762
21.22,0.49839,-0.02553,1.18357,0.12623,-0.0131,-0,19.75254,0.25624,0.31967,-7.35154,-0.00137,0.0042,-0.03107,1.82039,0.00063,-0.29981,-0.97901,-0.01963,0.00032,-0.02334,6.12065,0.21503,-0.25412,0.9726,0.00168,-0.0053,0.0019,10.42138,0.22115,0.39973,0.95124,0.05342,-0.0601,-0.00663
21.24,0.61185,0.01788,1.62283,0.09848,-0.01634,-0,19.22214,0.67237,0.49209,-7.56232,-0.00138,-0.00275,-0.03298,1.99531,-0.00171,-0.34041,-1.02158,-0.01887,-0.00021,-0.02305,5.88183,0.28788,-0.12673,0.93406,0.00208,-0.0033,0.00059,11.21235,0.13004,0.30492,1.10516,0.04896,-0.04565,-0.00552
21.26,0.73407,0.06354,2.00607,0.06521,-0.0231,-0,18.20525,1.13276,0.5886,-7.46355,-0.00131,-0.00531,-0.03319,2.11594,-0.00408,-0.37422,-1.03246,-0.01787,-0.00085,-0.02229,5.65917,0.33743,0.03058,0.85405,0.00243,-0.00136,-0.00054,11.82928,0.04226,0.19988,1.20117,0.04452,-0.03098,-0.00417
21.28,0.87106,0.11135,2.29771,0.02904,-0.03342,-0,16.84637,1.54271,0.61012,-7.01786,-0.00124,-0.00433,-0.03234,2.17818,-0.00624,-0.39904,-1.0081,-0.01656,-0.00164,-0.02104,5.40695,0.36163,0.21811,0.73379,0.00276,0.00044,-0.00146,12.20261,-0.03984,0.08012,1.23025,0.03949,-0.01556,-0.00251
21.3,1.02496,0.15837,2.46317,-0.00426,-0.04696,-0,15.22569,1.78567,0.57277,-6.29888,-0.00126,-0.00226,-0.02839,2.17941,-0.00659,-0.41102,-0.94662,-0.01521,-0.00225,-0.01933,5.0586,0.35885,0.42383,0.58363,0.00302,0.00204,-0.00216,12.25478,-0.11297,-0.04791,1.1899,0.03362,0.00098,-0.00051
21.32,1.18862,0.19692,2.45601,-0.03019,-0.06263,-0,13.49579,1.76522,0.48464,-5.42871,-0.00148,-0.00064,-0.01926,2.12013,-0.00366,-0.40659,-0.84765,-0.0141,-0.00215,-0.01722,4.54388,0.32946,0.60339,0.41581,0.00313,0.00336,-0.00265,11.9008,-0.17268,-0.17992,1.08183,0.02688,0.01883,0.00183
21.34,1.36519,0.22134,2.26697,-0.04859,-0.07689,-0,11.7683,1.50324,0.37143,-4.43852,-0.00186,-0,-0.00967,1.99672,0.00021,-0.38715,-0.71377,-0.01304,-0.00168,-0.0148,3.80951,0.27938,0.74615,0.23897,0.00315,0.00438,-0.00295,11.05073,-0.21744,-0.31067,0.90994,0.01924,0.03811,0.00447
21.36,1.56513,0.2266,1.93877,-0.05989,-0.08618,0,10.05511,1.09565,0.26374,-3.37788,-0.00229,-0.00174,-0.00276,1.81305,0.00278,-0.35504,-0.55099,-0.01199,-0.00119,-0.01222,2.80606,0.21621,0.86713,0.06349,0.00312,0.00514,-0.0031,9.63618,-0.24916,-0.43013,0.68263,0.01091,0.05888,0.00736
21.38,1.79004,0.20828,1.50186,-0.06509,-0.0887,0,8.36769,0.63707,0.17163,-2.29613,-0.00269,-0.00653,0.00273,1.58775,0.00255,-0.31205,-0.36921,-0.01115,-0.00051,-0.00965,1.49303,0.14733,0.96097,-0.09816,0.00307,0.00571,-0.00316,7.62735,-0.26979,-0.52426,0.41383,0.0024,0.08102,0.01045
21.4,2.01187,0.14666,1.02198,-0.06159,-0.08163,0,6.66764,0.23881,0.10257,-1.45669,-0.00301,-0.01341,0.00326,1.32883,-0.00346,-0.26531,-0.18377,-0.01061,8e-05,-0.00741,-0.14887,0.08107,1.01481,-0.23276,0.00299,0.00616,-0.00318,5.03724,-0.28375,-0.59811,0.1242,-0.00557,0.10391,0.01351
21.42,2.1882,0.01684,0.55999,-0.05018,-0.06581,0,5.00846,-0.02384,0.0273,-0.96508,-0.00323,-0.02039,0.00051,1.05546,-0.01273,-0.22149,-0.00909,-0.01044,0.00034,-0.00578,-2.11427,0.02529,1.01374,-0.32863,0.00285,0.00655,-0.00324,1.90695,-0.29567,-0.67214,-0.16241,-0.01244,0.12651,0.01625
21.44,2.32717,-0.16099,0.10954,-0.03841,-0.04693,0,3.55709,-0.1576,-0.06725,-0.52133,-0.00344,-0.02669,0,0.80511,-0.02287,-0.18097,0.14532,-0.01077,0.00061,-0.00487,-4.3894,-0.01497,0.97022,-0.37567,0.00274,0.00696,-0.00339,-1.70976,-0.30665,-0.71986,-0.42215,-0.01805,0.14799,0.01853
21.46,2.44674,-0.35816,-0.32391,-0.0298,-0.02874,0,2.40578,-0.17423,-0.16133,-0.08263,-0.00364,-0.03189,0.00121,0.59458,-0.03549,-0.14405,0.27457,-0.01164,0.00109,-0.00474,-6.9611,-0.03935,0.904,-0.36842,0.00272,0.00746,-0.00363,-5.72921,-0.31541,-0.71904,-0.63161,-0.02287,0.16754,0.02035
21.48,2.54949,-0.56503,-0.71843,-0.02401,-0.01276,0,1.56693,-0.08339,-0.25913,0.2914,-0.00387,-0.03532,0.00265,0.4221,-0.04973,-0.1121,0.38027,-0.01298,0.00175,-0.00539,-9.78371,-0.05041,0.81817,-0.30941,0.0027,0.00804,-0.004,-10.01285,-0.31831,-0.69375,-0.76792,-0.02832,0.18392,0.02159
21.5,2.57633,-0.76349,-1.06349,-0.02011,0.0004,0,1.0395,0.09947,-0.35001,0.58808,-0.00404,-0.03763,0.00345,0.28188,-0.06347,-0.08494,0.46901,-0.01473,0.00278,-0.00672,-12.78421,-0.05304,0.71199,-0.20513,0.00279,0.0087,-0.00446,-14.34495,-0.31625,-0.64984,-0.80618,-0.0364,0.19591,0.02232
21.52,2.45644,-0.93513,-1.35126,-0.01686,0.01165,0,0.79866,0.36129,-0.41222,0.80008,-0.00408,-0.04009,0.00319,0.16465,-0.07381,-0.0619,0.54996,-0.01692,0.00439,-0.0085,-15.88566,-0.05242,0.58493,-0.06814,0.00314,0.00939,-0.00502,-18.4678,-0.31167,-0.59888,-0.7249,-0.04911,0.20232,0.02272
21.54,2.23675,-1.07123,-1.56151,-0.01359,0.02264,0,0.80262,0.68136,-0.44809,0.9472,-0.00404,-0.04328,0.00229,0.05931,-0.08092,-0.04189,0.63189,-0.01916,0.00662,-0.01049,-19.00184,-0.05149,0.45371,0.08432,0.00353,0.01007,-0.00564,-22.18366,-0.29818,-0.58769,-0.51682,-0.06808,0.20164,0.02262
21.56,1.97087,-1.16553,-1.67282,-0.00965,0.03508,0,1.00359,1.02231,-0.45701,1.05339,-0.00396,-0.04767,0.00127,-0.04535,-0.08596,-0.02391,0.72061,-0.02104,0.00928,-0.01239,-22.07383,-0.05169,0.33273,0.23629,0.00378,0.01067,-0.00627,-25.38894,-0.27096,-0.6379,-0.19201,-0.09384,0.19292,0.02188
21.58,1.6633,-1.21438,-1.67054,-0.00401,0.05047,0,1.35015,1.32318,-0.42608,1.13259,-0.00389,-0.05349,0.00054,-0.15936,-0.087,-0.00719,0.81775,-0.02294,0.01198,-0.01389,-25.0779,-0.0533,0.22233,0.37008,0.00387,0.0111,-0.00689,-28.0405,-0.23208,-0.72619,0.21916,-0.1248,0.17632,0.02065
21.6,1.28415,-1.21752,-1.55558,0.00477,0.06927,0,1.78555,1.56589,-0.37983,1.2066,-0.0037,-0.05956,6e-05,-0.28936,-0.08726,0.00905,0.92197,-0.02366,0.01426,-0.01448,-27.9623,-0.05763,0.13594,0.46678,0.00376,0.01138,-0.00741,-30.18168,-0.1891,-0.86622,0.66505,-0.15912,0.15224,0.0187
21.62,0.81985,-1.17843,-1.33604,0.018,0.09032,0,2.24864,1.78655,-0.35118,1.29058,-0.00313,-0.06398,0.00011,-0.43703,-0.09141,0.02445,1.02965,-0.02136,0.01566,-0.0136,-30.66492,-0.0663,0.08215,0.50888,0.00343,0.01157,-0.00771,-31.9085,-0.14674,-1.10563,1.07984,-0.19565,0.12177,0.01586
21.64,0.35666,-1.10874,-1.01166,0.03508,0.11165,0,2.68642,1.91783,-0.31476,1.37465,-0.00246,-0.06593,0.00064,-0.60198,-0.09543,0.03876,1.134,-0.01803,0.01531,-0.01128,-33.14494,-0.07689,0.04552,0.48331,0.00282,0.01144,-0.00772,-33.25163,-0.10086,-1.40086,1.40772,-0.23037,0.08691,0.01266
21.66,-0.03757,-1.02213,-0.59898,0.05482,0.13031,0,3.05654,1.89322,-0.24988,1.45098,-0.00198,-0.06525,0.00094,-0.78107,-0.09653,0.05256,1.2284,-0.01457,0.01296,-0.00769,-35.37658,-0.08669,0.01761,0.38634,0.0019,0.01085,-0.00739,-34.26161,-0.04884,-1.6893,1.61122,-0.2596,0.04978,0.00954
21.68,-0.34821,-0.92969,-0.14106,0.07679,0.14228,0,3.31705,1.75689,-0.171,1.51746,-0.00154,-0.06188,0.00063,-0.96489,-0.0976,0.06541,1.30818,-0.00914,0.00937,-0.00308,-37.34764,-0.09546,0.00065,0.22559,0.00066,0.0099,-0.00664,-35.06562,0.01037,-1.96886,1.65929,-0.28352,0.01286,0.00662
21.7,-0.55764,-0.84295,0.30454,0.10225,0.14217,0,3.44059,1.52246,-0.08238,1.57154,-0.00141,-0.05687,-0.00053,-1.13456,-0.09298,0.07757,1.36909,-0.00226,0.00552,0.00187,-38.90363,-0.10424,-0.01379,0.02181,-0.00097,0.00855,-0.0055,-35.6544,0.08038,-2.22694,1.56236,-0.29949,-0.02058,0.00422
21.72,-0.65292,-0.77038,0.68101,0.13341,0.12497,0,3.41465,1.21639,0.01315,1.60939,-0.00178,-0.05171,-0.00187,-1.26579,-0.07681,0.08983,1.40759,0.00724,0.00223,0.00678,-39.83924,-0.11456,-0.0299,-0.20644,-0.00255,0.00691,-0.00401,-35.99037,0.1678,-2.4511,1.33539,-0.30489,-0.047,0.00252
21.74,-0.62128,-0.7165,0.94396,0.16981,0.09386,0,3.22604,0.90623,0.09769,1.6233,-0.00221,-0.04651,-0.00261,-1.34675,-0.0571,0.1002,1.42005,0.01922,-0.00013,0.01112,-40.17796,-0.125,-0.03736,-0.44295,-0.00365,0.00529,-0.00228,-36.20104,0.27678,-2.62045,0.95127,-0.30328,-0.0638,0.00144
21.76,-0.46225,-0.68043,1.06736,0.21084,0.05611,0,2.86963,0.6354,0.15419,1.60914,-0.00239,-0.04117,-0.00268,-1.37431,-0.03968,0.10666,1.40516,0.02975,-0.00167,0.01415,-39.95641,-0.13413,-0.02928,-0.66802,-0.00425,0.00385,-0.0004,-36.38464,0.40491,-2.71136,0.40627,-0.29829,-0.06993,0.00088
21.78,-0.19027,-0.65414,1.05601,0.25707,0.01839,0,2.34961,0.43153,0.17555,1.56683,-0.00225,-0.03598,-0.00188,-1.3449,-0.02355,0.10886,1.36607,0.03684,-0.00265,0.01561,-39.09625,-0.14281,-0.00123,-0.869,-0.00415,0.00267,0.00149,-36.54332,0.54882,-2.72496,-0.26346,-0.29164,-0.0659,0.00072
21.8,0.16811,-0.64038,0.91833,0.30416,-0.01146,0,1.67619,0.26648,0.15159,1.51585,-0.00174,-0.03017,-3e-05,-1.26551,-0.01187,0.1043,1.30825,0.03901,-0.00329,0.01537,-37.56654,-0.1493,0.05501,-1.03767,-0.00288,0.00172,0.00323,-36.50519,0.68881,-2.61901,-1.00908,-0.28254,-0.05362,0.00085
21.82,0.56236,-0.64886,0.674,0.34493,-0.03437,0,0.8587,0.12339,0.0855,1.47646,-0.00071,-0.02309,0.00291,-1.148,-0.00621,0.09081,1.23882,0.03604,-0.00376,0.01347,-35.3732,-0.15096,0.14356,-1.16955,0.00019,0.00102,0.00472,-36.06329,0.78684,-2.35358,-1.80536,-0.26969,-0.03588,0.00125
21.84,0.93775,-0.66865,0.37992,0.37652,-0.05421,0,-0.09813,0.03865,-0.00152,1.44619,0.00106,-0.01502,0.00703,-1.00008,-0.00295,0.07059,1.16488,0.03032,-0.00404,0.01035,-32.56291,-0.15018,0.26798,-1.26394,0.00476,0.00058,0.00583,-35.32918,0.83703,-1.97044,-2.60153,-0.25696,-0.0157,0.00188
21.86,1.2511,-0.69022,0.0854,0.39676,-0.07142,0,-1.17231,0.00736,-0.08735,1.42146,0.00363,-0.00586,0.01218,-0.83143,0.00043,0.04548,1.0921,0.02372,-0.00409,0.00637,-29.25609,-0.14917,0.43204,-1.32554,0.01008,0.00036,0.00648,-34.42345,0.84369,-1.48677,-3.32854,-0.24643,0.00396,0.00266
21.88,1.47066,-0.72132,-0.18497,0.40237,-0.08618,0,-2.31952,-0.00154,-0.16304,1.40024,0.00691,0.00469,0.01742,-0.65471,0.00425,0.0163,1.02523,0.01704,-0.00401,0.00172,-25.65227,-0.14725,0.6344,-1.36715,0.01579,0.00028,0.0067,-33.31105,0.7862,-0.87825,-3.96882,-0.23502,0.02021,0.00353
21.9,1.57281,-0.75571,-0.40455,0.39023,-0.09332,0,-3.44615,-0.0002,-0.18027,1.3921,0.01087,0.01637,0.02432,-0.48645,0.00854,-0.01488,0.9667,0.01085,-0.00372,-0.00336,-22.02601,-0.15088,0.84433,-1.41179,0.02154,0.00028,0.00651,-32.08978,0.70763,-0.15054,-4.50345,-0.22167,0.03016,0.00424
21.92,1.55535,-0.78548,-0.5651,0.36317,-0.12068,0,-4.40221,-0.00323,-0.04202,1.40885,0.01563,0.0281,0.03596,-0.33838,0.01268,-0.04633,0.91783,0.00554,-0.00314,-0.00857,-18.66946,-0.16797,1.00813,-1.48579,0.02698,0.00031,0.00598,-30.87354,0.65353,0.72019,-4.92248,-0.20552,0.03142,0.00438
21.94,1.43332,-0.81408,-0.68215,0.32485,-0.15658,0,-5.0623,-0.01518,0.18374,1.4202,0.02057,0.03844,0.04912,-0.21128,0.01637,-0.07586,0.87958,0.00142,-0.00243,-0.01362,-15.81861,-0.19429,1.11466,-1.60179,0.0315,0.00034,0.00523,-29.646,0.55814,1.75266,-5.23982,-0.18236,0.02292,0.00376
21.96,1.21835,-0.83793,-0.75585,0.27981,-0.19149,0,-5.32083,-0.02818,0.38909,1.39095,0.02463,0.04612,0.05953,-0.10449,0.01882,-0.10119,0.84867,-0.00158,-0.00162,-0.01828,-13.58253,-0.22375,1.1712,-1.76248,0.03454,0.00033,0.00439,-28.35525,0.38436,2.89161,-5.46371,-0.15045,0.00534,0.00223
21.98,0.90956,-0.84587,-0.77552,0.23243,-0.23036,0,-5.06327,-0.03844,0.54528,1.30626,0.02695,0.04978,0.06658,-0.0174,0.01662,-0.11949,0.81677,-0.00369,-0.00064,-0.02235,-11.94695,-0.25439,1.17325,-1.96431,0.0359,0.00029,0.00351,-26.92267,0.1499,4.11523,-5.60402,-0.11198,-0.01875,-0.00027
22,0.4986,-0.81611,-0.73884,0.18839,-0.26782,0,-4.2293,-0.04035,0.60691,1.13957,0.02665,0.04872,0.06827,0.05256,0.01417,-0.13232,0.77294,-0.00515,0.00058,-0.02537,-10.85586,-0.27089,1.09729,-2.17639,0.03497,0.00023,0.00267,-25.25441,-0.1324,5.12783,-5.59913,-0.06942,-0.0453,-0.00353
22.02,-0.01498,-0.73246,-0.64098,0.15367,-0.29698,0,-2.79218,-0.03003,0.56176,0.86919,0.02315,0.04292,0.06335,0.1105,0.01959,-0.14377,0.70565,-0.00626,0.00205,-0.02677,-10.20445,-0.25544,0.93143,-2.3545,0.03141,0.00015,0.00191,-23.24181,-0.39155,5.42433,-5.37956,-0.0275,-0.07027,-0.00737
22.04,-0.61509,-0.60222,-0.47042,0.13217,-0.28772,0,-0.75951,-0.01156,0.42928,0.48578,0.01608,0.03279,0.05147,0.1609,0.0252,-0.14963,0.60505,-0.00724,0.00377,-0.02663,-9.82951,-0.20784,0.72689,-2.47322,0.02565,6e-05,0.00125,-20.76305,-0.57132,5.12777,-4.98722,0.00814,-0.08984,-0.01126
22.06,-1.27356,-0.43212,-0.23307,0.12516,-0.23541,0,1.78618,0.00563,0.23809,-0.01034,0.00643,0.01941,0.03342,0.20613,0.02521,-0.14677,0.46529,-0.00829,0.00595,-0.02521,-9.57093,-0.13203,0.52182,-2.51661,0.01815,-2e-05,0.0007,-17.73729,-0.66166,4.52531,-4.45703,0.03537,-0.10126,-0.01442
22.08,-1.93483,-0.22441,0.04441,0.13077,-0.16903,0,4.64721,0.00292,0.01673,-0.6078,-0.0032,0.00422,0.01112,0.24878,0.02328,-0.13812,0.28588,-0.00952,0.0085,-0.02253,-9.2846,-0.03299,0.32351,-2.47328,0.00937,-0.0001,0.00027,-14.18526,-0.65569,3.60612,-3.77833,0.05377,-0.10425,-0.01656
22.1,-2.52736,0.01221,0.3218,0.14414,-0.09468,0,7.61938,-0.00795,-0.21093,-1.27304,-0.00851,-0.01124,-0.0138,0.29197,0.01586,-0.1255,0.07154,-0.01113,0.01197,-0.01896,-8.87148,0.07689,0.15462,-2.31997,-9e-05,-0.00017,-6e-05,-10.26071,-0.55635,2.65661,-2.95313,0.06485,-0.09952,-0.01728
22.12,-2.97989,0.26756,0.54518,0.15901,-0.02204,0,10.62194,0.0066,-0.39786,-1.92802,-0.00345,-0.02771,-0.03434,0.3386,0.00392,-0.11194,-0.16817,-0.01338,0.01762,-0.01481,-8.24529,0.17499,0.02452,-2.04612,-0.00878,-0.00023,-0.00028,-6.12768,-0.38776,1.88243,-2.00875,0.07138,-0.08867,-0.01646
22.14,-3.20249,0.52837,0.67297,0.1698,0.03953,0,13.34005,0.01123,-0.5129,-2.51654,0.01879,-0.04573,-0.04578,0.38838,-0.00772,-0.10075,-0.42295,-0.01608,0.02493,-0.01016,-7.27116,0.24538,-0.0705,-1.68986,-0.0155,-0.00027,-0.0004,-1.89317,-0.19717,1.16018,-0.99538,0.07416,-0.07421,-0.01469
22.16,-3.12794,0.78082,0.68924,0.17292,0.08668,0,15.3895,-0.03256,-0.56004,-3.02459,0.06306,-0.06371,-0.05018,0.43938,-0.02098,-0.09418,-0.68483,-0.01886,0.03268,-0.00519,-5.87188,0.28578,-0.12828,-1.28621,-0.02011,-0.00031,-0.00045,2.31676,-0.0159,0.47716,0.04348,0.07359,-0.05801,-0.01246
22.18,-2.74011,1.01533,0.5945,0.16705,0.11952,0,16.62297,-0.1139,-0.52611,-3.39994,0.12491,-0.08032,-0.04879,0.4895,-0.04125,-0.09387,-0.94532,-0.0217,0.04068,-0.00032,-4.07144,0.29514,-0.15504,-0.85881,-0.02257,-0.00033,-0.00045,6.35527,0.14079,-0.1067,1.06287,0.07082,-0.04114,-0.00993
22.2,-2.04164,1.20439,0.4012,0.15238,0.14123,0,17.00009,-0.2078,-0.39469,-3.62125,0.21357,-0.09398,-0.03979,0.54043,-0.06325,-0.09742,-1.19291,-0.02381,0.04854,0.00395,-1.95214,0.27826,-0.15179,-0.44611,-0.02303,-0.00035,-0.00041,10.07124,0.26121,-0.5717,1.99493,0.06715,-0.02446,-0.00726
22.22,-1.07359,1.30761,0.13306,0.13054,0.15692,0,16.51595,-0.28224,-0.16438,-3.6455,0.34973,-0.10239,-0.01828,0.59364,-0.06908,-0.10106,-1.41454,-0.0241,0.05563,0.00734,0.36977,0.24209,-0.12004,-0.09002,-0.02177,-0.00039,-0.00034,13.334,0.33775,-0.92086,2.75508,0.06367,-0.00858,-0.00459
22.24,0.08419,1.33057,-0.15214,0.10429,0.17098,0,15.12143,-0.32267,0.11488,-3.41156,0.49786,-0.10171,0.00908,0.63934,-0.06513,-0.10598,-1.60078,-0.02316,0.06101,0.00947,2.78707,0.19144,-0.08196,0.17679,-0.01932,-0.00045,-0.00027,16.01925,0.36858,-1.14879,3.29003,0.06023,0.00609,-0.00208
22.26,1.34675,1.29631,-0.39439,0.07564,0.18769,0,12.93056,-0.31245,0.36133,-2.9491,0.60773,-0.09073,0.03194,0.66748,-0.06486,-0.11316,-1.74644,-0.02212,0.06356,0.01004,5.21661,0.1313,-0.05125,0.33877,-0.01618,-0.00047,-0.00019,18.04918,0.35785,-1.24426,3.58455,0.0567,0.01924,0.00018
22.28,2.62282,1.20904,-0.5523,0.04562,0.21121,0,10.23169,-0.22219,0.51063,-2.29792,0.66876,-0.07102,0.04869,0.67408,-0.06335,-0.12,-1.84823,-0.02165,0.06228,0.00939,7.60207,0.06673,-0.02794,0.39623,-0.01265,-0.00049,-0.00011,19.4373,0.31128,-1.226,3.63618,0.0536,0.03054,0.0021
22.3,3.78817,1.08432,-0.61683,0.01476,0.24443,0,7.32021,-0.10489,0.45221,-1.57796,0.66151,-0.04711,0.05277,0.65829,-0.06014,-0.12508,-1.90292,-0.02109,0.05667,0.008,9.8749,0.00335,-0.01337,0.36425,-0.00918,-0.00048,-3e-05,20.20156,0.24057,-1.09959,3.47231,0.05103,0.03956,0.0036
22.32,4.70673,0.93329,-0.61557,-0.01617,0.28933,0,4.52284,-0.02975,0.15438,-0.88609,0.58277,-0.02583,0.04332,0.62027,-0.05368,-0.12664,-1.90897,-0.01882,0.04704,0.00658,11.9565,-0.05459,-0.00581,0.26532,-0.00608,-0.00048,6e-05,20.37201,0.15683,-0.87757,3.13241,0.04906,0.0458,0.00461
22.34,5.34585,0.76543,-0.55815,-0.04655,0.34581,0,2.08494,0.00739,-0.30446,-0.31018,0.44967,-0.01071,0.02614,0.55541,-0.04387,-0.12235,-1.87018,-0.01579,0.0337,0.00602,13.83405,-0.10368,-0.00124,0.11978,-0.00332,-0.00049,0.00017,20.05077,0.06716,-0.608,2.64253,0.04819,0.04876,0.00504
22.36,5.74516,0.59048,-0.44629,-0.07659,0.41247,0,0.02982,0.0181,-0.85291,0.05609,0.28694,-0.00255,0.0049,0.46198,-0.03114,-0.11026,-1.79275,-0.01122,0.01848,0.00666,15.53901,-0.14059,0.00301,-0.0515,-0.00094,-0.00055,0.00029,19.35548,-0.0214,-0.31722,2.03065,0.04887,0.04801,0.00482
22.38,5.926,0.41354,-0.28514,-0.10622,0.45453,0,-1.79324,0.01497,-1.46236,0.18585,0.12357,-9e-05,-0.02013,0.34425,-0.01272,-0.08872,-1.6836,-0.00263,0.00438,0.00824,17.10663,-0.16262,0.00866,-0.22695,0.00103,-0.00067,0.00044,18.40136,-0.09983,-0.01109,1.33229,0.0514,0.04337,0.00392
22.4,5.96542,0.24931,-0.09061,-0.13531,0.44605,0,-3.68702,-0.01332,-1.90381,-0.0384,-0.03219,-0.00297,-0.04631,0.20817,-0.00366,-0.06112,-1.55275,0.01002,-0.00667,0.01049,18.56619,-0.17187,0.01236,-0.3848,0.00257,-0.00087,0.00063,17.35086,-0.16584,0.30358,0.58663,0.05624,0.0347,0.00235
22.42,5.92688,0.10319,0.18666,-0.16391,0.42597,0,-6.03782,0.01972,-1.75193,-0.1794,-0.12339,-0.00825,-0.05719,0.06299,-0.00399,-0.02855,-1.41273,0.03049,-0.01074,0.01333,19.93824,-0.17277,0.00914,-0.50399,0.00368,-0.00112,0.00084,16.37296,-0.2346,0.64555,-0.16586,0.06393,0.02206,0.00012
22.44,5.76418,-0.02813,0.57693,-0.1912,0.40345,0,-8.84719,0.18566,-1.19808,0.17378,-0.1202,-0.01034,-0.04853,-0.0803,0.00286,0.01183,-1.27787,0.05681,-0.00771,0.01616,21.29071,-0.16213,0.00315,-0.56683,0.00437,-0.00144,0.0011,15.58091,-0.30599,1.02588,-0.88984,0.07473,0.00576,-0.00268
22.46,5.46578,-0.13922,1.00498,-0.21593,0.38527,0,-11.96978,0.40048,-0.59804,0.87644,-0.06552,-0.00841,-0.03036,-0.2096,0.01396,0.05769,-1.16433,0.08048,-0.00223,0.0183,22.68372,-0.13716,-0.00191,-0.56103,0.00475,-0.00183,0.00138,15.05133,-0.369,1.43636,-1.55641,0.08883,-0.01371,-0.00599
22.48,5.06365,-0.22143,1.38047,-0.23632,0.3687,0,-15.28491,0.57741,0.02153,1.88044,0.0227,-0.00469,-0.0006,-0.31033,0.023,0.10471,-1.09072,0.09845,0.00308,0.01962,24.10639,-0.09988,-0.00413,-0.48093,0.0049,-0.00229,0.00168,14.83307,-0.4272,1.88516,-2.13871,0.1064,-0.03553,-0.00968
22.5,4.58537,-0.26314,1.60822,-0.25033,0.35055,0,-18.51398,0.64406,0.52432,3.1085,0.11253,-0.00144,0.03148,-0.36276,0.02821,0.149,-1.08212,0.10725,0.0063,0.01995,25.59411,-0.05209,-0.00194,-0.3231,0.00487,-0.00276,0.00199,14.92931,-0.49104,2.34861,-2.60849,0.12639,-0.05837,-0.0136
22.52,4.06084,-0.24978,1.61176,-0.25601,0.32788,0,-21.33879,0.57211,0.863,4.38844,0.17259,-0.00025,0.05373,-0.3448,0.03107,0.18745,-1.16327,0.10514,0.00692,0.01917,27.1777,0.00485,0.0001,-0.0919,0.00468,-0.00317,0.00231,15.31699,-0.57514,2.78775,-2.93957,0.14679,-0.08051,-0.01758
22.54,3.53994,-0.16948,1.38527,-0.25052,0.30242,0,-23.61767,0.41404,1.07358,5.35672,0.20438,-0.0015,0.06575,-0.2437,0.03118,0.217,-1.34612,0.09618,0.00526,0.01744,28.75584,0.06994,0.00135,0.19978,0.00447,-0.00351,0.0026,15.9656,-0.67219,3.18242,-3.11209,0.16691,-0.10021,-0.02138
22.56,3.06288,-0.02214,0.98814,-0.23241,0.27569,0,-25.24497,0.23894,1.17226,5.78777,0.21304,-0.00458,0.06759,-0.05527,0.0262,0.23542,-1.63089,0.084,0.00226,0.01497,30.21828,0.14112,0.00517,0.5401,0.00432,-0.00381,0.00284,16.83263,-0.76591,3.52177,-3.12072,0.18615,-0.11578,-0.02475
22.58,2.63097,0.17742,0.48767,-0.20318,0.24525,0,-25.88379,0.08605,1.19022,5.67159,0.20414,-0.00808,0.0594,0.21286,0.01895,0.24317,-2.0076,0.07052,-0.00025,0.01203,31.49139,0.21556,0.01929,0.91319,0.00422,-0.00402,0.00304,17.85989,-0.85112,3.85022,-2.97823,0.20285,-0.12531,-0.02726
22.6,2.24066,0.39504,-0.00161,-0.16363,0.21398,0,-25.62057,-0.00836,1.11847,5.05931,0.17688,-0.01038,0.04058,0.54184,0.01163,0.24279,-2.43905,0.05753,-0.00207,0.00891,32.54759,0.28915,0.02013,1.2942,0.00409,-0.00426,0.00316,18.95366,-0.89564,3.90961,-2.70092,0.21307,-0.12738,-0.02876
22.62,1.88644,0.57462,-0.40331,-0.11653,0.18568,0,-24.74704,-0.04751,0.97302,4.20558,0.1381,-0.00993,0.0171,0.9219,0.00462,0.23614,-2.87128,0.04648,-0.00265,0.00604,33.36465,0.3574,-0.03758,1.65244,0.00383,-0.00474,0.00316,20.00966,-0.86166,3.32091,-2.31267,0.2119,-0.121,-0.02914
22.64,1.55599,0.68457,-0.73294,-0.0688,0.15619,0,-22.85195,-0.05855,0.79533,3.28307,0.1037,-0.00485,-0.00388,1.32648,-0.00195,0.22278,-3.27363,0.0385,-0.00082,0.00396,33.79033,0.41624,-0.12874,1.96685,0.00344,-0.00535,0.00307,20.97527,-0.74157,2.42404,-1.85005,0.20039,-0.10488,-0.02752
22.66,1.23896,0.72106,-0.99811,-0.02597,0.1228,0,-19.58758,-0.05395,0.5982,2.37629,0.07869,0.00663,-0.02074,1.71769,-0.00634,0.20451,-3.62479,0.03404,0.0026,0.00302,33.71557,0.46258,-0.2137,2.22665,0.00297,-0.00599,0.0029,21.81003,-0.53142,1.57026,-1.34229,0.18055,-0.07943,-0.02345
22.68,0.92068,0.67586,-1.19095,0.00831,0.08786,0,-15.06688,-0.03991,0.37518,1.56487,0.06065,0.02509,-0.03276,2.07743,-0.00607,0.1844,-3.89646,0.0331,0.00621,0.00343,33.16512,0.49613,-0.29181,2.42143,0.00237,-0.00669,0.00265,22.47342,-0.23752,0.67211,-0.80956,0.15218,-0.04763,-0.0174
22.7,0.62682,0.57183,-1.29175,0.03098,0.05096,-0,-9.61496,-0.02368,0.13448,0.89078,0.04725,0.05057,-0.03936,2.38804,-0.006,0.1631,-4.07143,0.03573,0.00897,0.00533,32.2031,0.51343,-0.3671,2.53937,0.00167,-0.00748,0.00232,22.96403,0.10554,0.09068,-0.27311,0.12178,-0.01394,-0.01005
22.72,0.38957,0.45226,-1.2947,0.04045,0.0101,-0,-3.58038,-0.00794,-0.11658,0.38804,0.03718,0.08404,-0.04061,2.63549,-0.00838,0.14166,-4.13828,0.04189,0.01021,0.0087,30.92243,0.51253,-0.44593,2.56833,0.00087,-0.00837,0.00194,23.2733,0.44611,0.03116,0.24338,0.09429,0.01602,-0.00275
22.74,0.16917,0.32312,-1.22893,0.03763,-0.02855,-0,2.71643,0.00883,-0.36403,0.07091,0.03083,0.12228,-0.03645,2.81135,-0.00731,0.12312,-4.08751,0.05113,0.00956,0.01336,29.37091,0.50038,-0.49855,2.51022,5e-05,-0.0093,0.00155,23.3767,0.73286,0.08001,0.71895,0.06732,0.03761,0.00303
22.76,-0.07527,0.18355,-1.11641,0.0255,-0.06224,-0,8.78073,0.02772,-0.58147,-0.07934,0.028,0.15877,-0.02747,2.9115,-0.00232,0.1088,-3.91964,0.0625,0.00713,0.01887,27.59326,0.48353,-0.50221,2.3712,-0.00074,-0.01023,0.0012,23.25292,0.93405,0.06462,1.13728,0.04131,0.04894,0.00667
22.78,-0.34901,0.04351,-0.9654,0.00693,-0.09137,-0,14.10008,0.04897,-0.73846,-0.10438,0.02755,0.1882,-0.01492,2.9432,0.00129,0.09814,-3.6449,0.07426,0.00353,0.02441,25.68164,0.46593,-0.46598,2.15288,-0.00142,-0.01121,0.00092,22.88393,1.04742,0.04642,1.47932,0.01855,0.05052,0.00816
22.8,-0.63089,-0.0703,-0.78311,-0.01427,-0.11204,-0,18.27001,0.0785,-0.81469,-0.05843,0.02806,0.2108,-0.00035,2.91416,-0.00018,0.08937,-3.29996,0.0846,-0.00046,0.02926,23.65902,0.45046,-0.36486,1.87516,-0.00197,-0.01196,0.00077,22.25896,1.07137,0.01979,1.72625,-0.00041,0.04494,0.00799
22.82,-0.89506,-0.13993,-0.58944,-0.03462,-0.1208,-0,21.0238,0.13324,-0.79445,0.00199,0.0281,0.22999,0.01409,2.83675,-0.00228,0.08102,-2.92681,0.09186,-0.00396,0.03297,21.56701,0.43953,-0.20777,1.55622,-0.00246,-0.01209,0.0008,21.37461,1.01205,-0.01259,1.86215,-0.01512,0.03593,0.00695
22.84,-1.17221,-0.19284,-0.41069,-0.05371,-0.12005,-0,22.19792,0.21928,-0.66327,0.03528,0.02738,0.23947,0.02637,2.73145,-0.00527,0.07326,-2.54058,0.09296,-0.00637,0.03439,19.53493,0.43751,-0.04569,1.19601,-0.00286,-0.01187,0.00096,20.20932,0.91817,-0.04292,1.87334,-0.0258,0.027,0.00578
22.86,-1.48722,-0.24432,-0.25661,-0.07172,-0.11151,-0,21.88685,0.33318,-0.44954,0.02797,0.02603,0.23521,0.03524,2.61422,-0.015,0.06602,-2.15572,0.08619,-0.00756,0.03278,17.6372,0.44342,0.1038,0.8005,-0.00303,-0.01157,0.00118,18.7702,0.82464,-0.07092,1.76,-0.0334,0.02048,0.00497
22.88,-1.83158,-0.28601,-0.12852,-0.08807,-0.09523,-0,20.38542,0.47843,-0.20173,-0.01062,0.02396,0.2222,0.03955,2.49443,-0.03181,0.05875,-1.79325,0.07285,-0.00758,0.0286,15.88617,0.44776,0.24052,0.38693,-0.00298,-0.01113,0.00145,17.12348,0.73328,-0.09184,1.54058,-0.03884,0.01732,0.00471
22.9,-2.1756,-0.32367,-0.02378,-0.10205,-0.07151,-0,18.07639,0.65356,0.02942,-0.05859,0.02171,0.20106,0.03967,2.37653,-0.04585,0.05127,-1.47244,0.05409,-0.00649,0.02224,14.25103,0.43931,0.34443,-0.02,-0.00283,-0.01058,0.00173,15.35991,0.65183,-0.11551,1.25136,-0.04327,0.01731,0.00497
22.92,-2.48379,-0.36323,0.0607,-0.11305,-0.04244,-0,15.32667,0.85261,0.19181,-0.09518,0.01963,0.17293,0.03727,2.26248,-0.04247,0.04387,-1.20579,0.03242,-0.00443,0.01458,12.71457,0.40696,0.37095,-0.40689,-0.00274,-0.01,0.00202,13.59771,0.58359,-0.15906,0.93063,-0.04784,0.01947,0.00553
22.94,-2.75433,-0.39829,0.12673,-0.12091,-0.01164,-0,12.4205,1.05158,0.2395,-0.10872,0.01764,0.14346,0.03226,2.15601,-0.02643,0.03702,-0.99337,0.0118,-0.00166,0.00696,11.33282,0.34046,0.33582,-0.76204,-0.00257,-0.00945,0.00233,11.95979,0.51526,-0.20692,0.60465,-0.05314,0.02267,0.00619
22.96,-2.98177,-0.42511,0.17457,-0.12537,0.01878,-0,9.61587,1.22031,0.16179,-0.0982,0.01585,0.11656,0.02469,2.05608,-0.007,0.0308,-0.83053,-0.0058,0.00165,0.00015,10.13377,0.23893,0.27815,-1.0652,-0.0022,-0.00897,0.0027,10.52123,0.4392,-0.24306,0.2939,-0.05944,0.02598,0.00677
22.98,-3.14914,-0.44277,0.20307,-0.12586,0.04758,-0,7.10525,1.33983,-0.01485,-0.06956,0.01442,0.09361,0.01606,1.95449,0.0164,0.02488,-0.71005,-0.01988,0.00528,-0.00556,9.10592,0.11349,0.19651,-1.30299,-0.00169,-0.00853,0.00311,9.3133,0.35695,-0.27271,0.01463,-0.06684,0.02873,0.00717
23,-3.20044,-0.45103,0.20125,-0.12039,0.0733,-0,5.02589,1.37015,-0.23171,-0.03635,0.01356,0.07322,0.00815,1.84098,0.0508,0.01848,-0.62089,-0.03007,0.00895,-0.00994,8.25124,-0.01621,0.12706,-1.4668,-0.00115,-0.00811,0.00351,8.33398,0.26773,-0.28718,-0.22244,-0.07463,0.03054,0.00737
23.02,-3.08535,-0.44832,0.15869,-0.10745,0.09475,-0,3.42122,1.29903,-0.33057,-0.01241,0.01337,0.05512,0.00275,1.70575,0.10459,0.01099,-0.5508,-0.03596,0.01241,-0.01285,7.57665,-0.12467,0.10205,-1.55141,-0.00061,-0.00768,0.00384,7.56866,0.17526,-0.28016,-0.41438,-0.08171,0.03124,0.00738
23.04,-2.84394,-0.42641,0.08855,-0.08757,0.11076,-0,2.17641,1.16394,-0.28531,-0.00041,0.01377,0.04031,0.0004,1.5408,0.16498,0.00245,-0.48825,-0.03838,0.01515,-0.01428,7.08905,-0.19245,0.09116,-1.54592,-7e-05,-0.00716,0.00401,7.00851,0.08834,-0.26489,-0.55825,-0.08766,0.03093,0.00723
23.06,-2.52068,-0.38388,0.00604,-0.06121,0.12077,-0,1.14039,0.97944,-0.17364,0.00267,0.01472,0.02761,0.00043,1.34377,0.21948,-0.00709,-0.42438,-0.03882,0.01669,-0.01428,6.77068,-0.21409,0.07736,-1.44603,0.00034,-0.00649,0.00396,6.62922,0.01114,-0.25087,-0.65063,-0.0924,0.02994,0.00695
23.08,-2.13113,-0.32691,-0.07983,-0.02873,0.12621,-0,0.20074,0.75542,-0.0512,0.00047,0.01609,0.01492,0.00232,1.12003,0.27142,-0.01738,-0.35372,-0.03786,0.01682,-0.01291,6.5707,-0.19666,0.07154,-1.26484,0.00048,-0.00574,0.00371,6.38989,-0.05435,-0.24245,-0.69316,-0.09585,0.02889,0.00666
23.1,-1.68673,-0.25778,-0.16719,0.00885,0.12255,-0,-0.70523,0.49713,0.00342,-0.00088,0.01801,0.00128,0.00435,0.8782,0.31096,-0.02809,-0.27419,-0.03606,0.01539,-0.01025,6.43614,-0.16121,0.06234,-1.0169,0.00022,-0.00496,0.00331,6.2487,-0.1064,-0.24387,-0.68866,-0.09802,0.02862,0.00647
23.12,-1.21736,-0.182,-0.25236,0.04755,0.10381,-0,-1.58583,0.22457,-0.03047,0.0039,0.02058,-0.01357,0.00515,0.63447,0.33,-0.03927,-0.18611,-0.03357,0.01247,-0.00642,6.31534,-0.133,0.03509,-0.72554,-0.00054,-0.00426,0.00287,6.16632,-0.14471,-0.25903,-0.6408,-0.09897,0.02999,0.00652
23.14,-0.76634,-0.10767,-0.32148,0.0837,0.07907,-0,-2.39583,-0.0124,-0.14591,0.01464,0.02346,-0.02934,0.00548,0.40899,0.33838,-0.05017,-0.09057,-0.0302,0.00848,-0.00166,6.15748,-0.12977,0.00201,-0.42111,-0.00177,-0.00376,0.00248,6.11535,-0.16725,-0.29774,-0.55372,-0.09927,0.0336,0.00686
23.16,-0.3501,-0.03784,-0.37093,0.11639,0.05644,-0,-3.07482,-0.18154,-0.32919,0.02704,0.0262,-0.04447,0.00608,0.21285,0.34281,-0.05942,0.01044,-0.02568,0.00389,0.0036,5.94372,-0.15891,-0.02819,-0.12415,-0.00349,-0.00349,0.00217,6.07807,-0.17204,-0.36497,-0.43276,-0.09929,0.03958,0.00748
23.18,0.03203,0.02624,-0.40459,0.145,0.03527,-0,-3.58765,-0.25522,-0.53256,0.03616,0.02809,-0.05648,0.00701,0.04975,0.34474,-0.0656,0.11336,-0.01964,-0.0008,0.00861,5.69606,-0.21489,-0.06196,0.15222,-0.00568,-0.00338,0.00194,6.04288,-0.15951,-0.44906,-0.28616,-0.09878,0.04751,0.00834
23.2,0.37644,0.08101,-0.42512,0.16691,0.02126,-0,-3.9306,-0.26623,-0.65939,0.03476,0.02927,-0.06263,0.00847,-0.0794,0.33692,-0.06891,0.21273,-0.0129,-0.00512,0.01254,5.4665,-0.27712,-0.09328,0.39513,-0.00819,-0.00325,0.00169,6.01941,-0.12994,-0.55713,-0.12429,-0.09772,0.05633,0.00924
23.22,0.6574,0.11972,-0.43448,0.17815,0.01531,-0,-4.13563,-0.26043,-0.59577,0.01732,0.03014,-0.06078,0.01035,-0.17563,0.31503,-0.07086,0.30223,-0.00596,-0.00851,0.01484,5.31267,-0.31725,-0.1127,0.5891,-0.0108,-0.00291,0.00132,6.01952,-0.08527,-0.71097,0.03903,-0.09602,0.06464,0.00991
23.24,0.86461,0.13942,-0.43482,0.17987,0.01049,-0,-4.21799,-0.22418,-0.3678,-0.01065,0.02874,-0.04839,0.0121,-0.24337,0.29273,-0.06959,0.3768,0.00121,-0.01083,0.01445,5.2585,-0.31668,-0.12844,0.72758,-0.01332,-0.00227,0.00072,6.02248,-0.0304,-0.8758,0.18931,-0.09311,0.07142,0.01029
23.26,1.01099,0.14158,-0.42955,0.17496,0.00536,-0,-4.17174,-0.16879,-0.10651,-0.04352,0.0241,-0.02564,0.01319,-0.29043,0.27714,-0.06389,0.43398,0.00782,-0.01233,0.01084,5.28646,-0.27016,-0.14586,0.81176,-0.01553,-0.0013,-0.00014,5.98454,0.02985,-1.00822,0.31442,-0.08872,0.07613,0.01039
23.28,1.09764,0.12752,-0.4196,0.16389,0.00128,-0,-3.99828,-0.11984,0.01492,-0.0677,0.01747,0.00327,0.01316,-0.32629,0.26338,-0.05603,0.47394,0.01352,-0.01318,0.00483,5.33994,-0.18393,-0.15766,0.84066,-0.01717,-7e-05,-0.00122,5.84376,0.08998,-1.10285,0.40252,-0.08298,0.07851,0.01017
23.3,1.12285,0.10213,-0.407,0.14518,-0.00103,-0,-3.68891,-0.07314,-0.10751,-0.09512,0.00913,0.03127,0.01276,-0.36212,0.25087,-0.04632,0.49925,0.01829,-0.0135,-0.00227,5.31778,-0.07778,-0.16959,0.82067,-0.01797,0.00125,-0.00237,5.51164,0.14399,-1.13825,0.44109,-0.07652,0.07883,0.0097
23.32,1.07989,0.06978,-0.38711,0.11704,-0.00116,-0,-3.25986,-0.02316,0.21629,-0.19355,0.00108,0.04961,0.01301,-0.40859,0.23842,-0.03512,0.5136,0.02215,-0.01331,-0.00803,5.10758,0.0259,-0.18826,0.75953,-0.01769,0.00253,-0.00339,4.89884,0.18748,-1.10002,0.41937,-0.07011,0.07757,0.00908
23.34,0.97287,0.03194,-0.35277,0.0855,0.00084,-0,-2.74956,0.00117,0.50053,-0.3396,-0.00415,0.0535,0.01295,-0.4721,0.21801,-0.02548,0.51992,0.0259,-0.01265,-0.01084,4.63579,0.10897,-0.19398,0.65675,-0.0161,0.0036,-0.00412,3.94843,0.21571,-0.9958,0.33409,-0.06399,0.07501,0.00835
23.36,0.82392,-0.00818,-0.31159,0.05645,0.00448,-0,-2.17226,-0.02562,0.38714,-0.46669,-0.0065,0.04582,0.0122,-0.55355,0.18585,-0.01846,0.5205,0.03019,-0.01149,-0.01064,3.88061,0.15842,-0.1742,0.51489,-0.01313,0.00432,-0.0045,2.66365,0.22581,-0.83489,0.19081,-0.05831,0.07131,0.00752
23.38,0.65368,-0.04911,-0.27169,0.03013,0.00899,-0,-1.57503,-0.10643,0.08174,-0.57312,-0.00617,0.03089,0.01181,-0.64798,0.14517,-0.01261,0.51698,0.03442,-0.00977,-0.00781,2.8773,0.16985,-0.13179,0.34278,-0.00884,0.00466,-0.00448,1.12651,0.219,-0.63102,0.00514,-0.05334,0.06659,0.00662
23.4,0.49792,-0.09177,-0.24041,0.01216,0.01305,-0,-1.03474,-0.20153,-0.20252,-0.5856,-0.00508,0.0176,0.01227,-0.74315,0.09868,-0.00857,0.50977,0.0389,-0.008,-0.00357,1.72063,0.14408,-0.06036,0.15167,-0.00357,0.00467,-0.00413,-0.50663,0.19674,-0.38758,-0.19703,-0.04872,0.06097,0.00573
23.42,0.37788,-0.13826,-0.2176,0.00509,0.01497,-0,-0.6725,-0.25215,-0.42073,-0.48144,-0.00622,0.00967,0.01414,-0.82369,0.05493,-0.00769,0.49896,0.04434,-0.00667,0.00107,0.53138,0.08676,0.02569,-0.04625,0.00234,0.00441,-0.00354,-2.03461,0.16181,-0.13439,-0.38848,-0.04405,0.05444,0.00493
23.44,0.29111,-0.1867,-0.19868,0.00225,0.01456,-0,-0.58565,-0.26112,-0.45513,-0.34806,-0.00749,0.00489,0.01827,-0.87965,0.02483,-0.00818,0.48531,0.04862,-0.00584,0.00547,-0.58667,0.00725,0.10402,-0.23992,0.00858,0.00398,-0.00278,-3.29638,0.1185,0.08562,-0.54473,-0.0394,0.04681,0.0041
23.46,0.23873,-0.23278,-0.1807,0.00026,0.0125,-0,-0.78825,-0.2521,-0.25339,-0.23198,-0.00738,0.00522,0.02498,-0.90814,0.01098,-0.00869,0.47091,0.04983,-0.0057,0.00876,-1.56808,-0.08621,0.17234,-0.41948,0.01469,0.00343,-0.00194,-4.22444,0.06842,0.26569,-0.6491,-0.03469,0.03788,0.00318
23.48,0.21882,-0.26977,-0.16031,-0.0006,0.00949,-0,-1.22878,-0.21584,0.20886,-0.12128,-0.00636,0.01191,0.03212,-0.91184,0.01019,-0.01009,0.45942,0.04828,-0.00636,0.01051,-2.38492,-0.18581,0.23,-0.57589,0.02025,0.00282,-0.00108,-4.83278,0.01043,0.41278,-0.69827,-0.02955,0.0276,0.00219
23.5,0.2186,-0.29416,-0.14158,-0.00102,0.0073,-0,-1.78985,-0.15303,0.43395,-0.03215,-0.00435,0.02286,0.03959,-0.90054,0.01623,-0.01129,0.45606,0.0434,-0.00739,0.01055,-3.036,-0.28043,0.27174,-0.70008,0.02477,0.00218,-0.00026,-5.20775,-0.05807,0.5388,-0.69662,-0.02383,0.01604,0.00111
23.52,0.22164,-0.30834,-0.13566,-0.00146,0.00773,-0,-2.31154,-0.06762,0.08978,0.04554,-0.00191,0.03293,0.05025,-0.88668,0.02197,-0.01086,0.46608,0.0352,-0.00813,0.00903,-3.53704,-0.35516,0.28878,-0.78368,0.02776,0.00156,0.00046,-5.46931,-0.13793,0.65812,-0.65395,-0.01737,0.00327,-6e-05
23.54,0.22016,-0.30314,-0.13508,-0.00207,0.01194,-0,-2.65579,0.02059,-0.01689,0.12696,0.00028,0.03777,0.05867,-0.87782,0.02087,-0.01021,0.49195,0.02563,-0.00825,0.00645,-3.91243,-0.40285,0.28626,-0.81982,0.02896,0.00095,0.00104,-5.71652,-0.23157,0.78149,-0.58294,-0.00989,-0.01067,-0.00132
23.56,0.21175,-0.27222,-0.1307,-0.00313,0.02053,-0,-2.74824,0.08925,0.06835,0.19846,0.00189,0.03581,0.05991,-0.87624,0.00894,-0.0102,0.53175,0.01596,-0.0077,0.00333,-4.18879,-0.42197,0.27284,-0.80565,0.02836,0.00034,0.00147,-6.00243,-0.34451,0.91458,-0.49258,-0.00111,-0.02584,-0.00269
23.58,0.19438,-0.21935,-0.12146,-0.00468,0.03351,-0,-2.58079,0.13255,0.21277,0.26024,0.00281,0.02724,0.05596,-0.8792,-0.01397,-0.00984,0.57821,0.00677,-0.00643,0.00014,-4.39053,-0.40984,0.24544,-0.74427,0.02616,-0.00024,0.00175,-6.32517,-0.47704,1.05262,-0.38738,0.00919,-0.04225,-0.00419
23.6,0.17045,-0.15105,-0.10563,-0.00702,0.0474,-0,-2.20879,0.15196,0.29701,0.30596,0.00318,0.01505,0.04626,-0.87659,-0.04469,-0.00992,0.61936,-0.00129,-0.00454,-0.0026,-4.54171,-0.37412,0.20964,-0.64066,0.02271,-0.00076,0.00188,-6.63268,-0.63785,1.18217,-0.26886,0.02117,-0.05978,-0.00582
23.62,0.14382,-0.07832,-0.08502,-0.01049,0.05535,-0,-1.71697,0.14682,0.27682,0.32566,0.00329,0.0029,0.0324,-0.85531,-0.07665,-0.01164,0.64149,-0.00764,-0.00229,-0.00439,-4.66089,-0.32424,0.17084,-0.50396,0.01844,-0.0012,0.0019,-6.84712,-0.84719,1.2886,-0.13869,0.03478,-0.07805,-0.00753
23.64,0.11595,-0.0114,-0.0625,-0.01384,0.05636,-0,-1.18551,0.12349,0.20566,0.32798,0.00326,-0.00691,0.01984,-0.80737,-0.1048,-0.01332,0.63344,-0.01205,-0,-0.00497,-4.75033,-0.25952,0.12639,-0.34892,0.01396,-0.00152,0.00182,-6.89754,-1.09427,1.3539,-0.00147,0.04956,-0.09629,-0.00928
23.66,0.08839,0.04531,-0.03901,-0.01562,0.05254,-0,-0.67893,0.08964,0.11681,0.32061,0.00315,-0.01359,0.01058,-0.72962,-0.12729,-0.01362,0.59069,-0.01471,0.00214,-0.00445,-4.80246,-0.18194,0.07688,-0.1893,0.00965,-0.0017,0.00165,-6.74877,-1.34983,1.3656,0.13502,0.06442,-0.11323,-0.01095
23.68,0.0634,0.09244,-0.01448,-0.01566,0.04413,-0,-0.2429,0.05243,0.02481,0.30431,0.00301,-0.01736,0.00415,-0.62365,-0.14315,-0.0129,0.51694,-0.0159,0.00401,-0.00311,-4.80345,-0.09723,0.0274,-0.03888,0.00573,-0.00176,0.00139,-6.41015,-1.59758,1.32844,0.25758,0.07782,-0.12692,-0.01232
23.7,0.04305,0.13338,0.01138,-0.01344,0.03504,-0,0.09282,0.02022,-0.05829,0.2768,0.00287,-0.0196,-0.00016,-0.49956,-0.15286,-0.01132,0.42233,-0.01613,0.00559,-0.00156,-4.72536,-0.0087,-0.01363,0.08613,0.00235,-0.00165,0.00108,-5.92826,-1.76474,1.20715,0.34778,0.08689,-0.13486,-0.01322
23.72,0.02903,0.17218,0.03833,-0.00959,0.02862,-0,0.31132,0.00166,-0.10608,0.23674,0.00274,-0.02218,-0.00345,-0.37011,-0.15771,-0.00923,0.3207,-0.01594,0.00698,-0.0004,-4.53933,0.07783,-0.05529,0.17004,-0.00038,-0.00137,0.0007,-5.36913,-1.75675,0.96864,0.38684,0.08831,-0.13454,-0.01354
23.74,0.02224,0.21308,0.06543,-0.00604,0.02419,-0,0.40902,0.00035,-0.10834,0.19285,0.00253,-0.0251,-0.00659,-0.24458,-0.15927,-0.00718,0.22477,-0.01551,0.0081,-5e-05,-4.23632,0.15627,-0.10232,0.20283,-0.00241,-0.00097,0.00028,-4.79157,-1.58118,0.68547,0.36257,0.08134,-0.12405,-0.01287
23.76,0.02228,0.2576,0.09118,-0.00365,0.02167,-0,0.39299,0.0131,-0.08514,0.15149,0.00216,-0.028,-0.00995,-0.13033,-0.15876,-0.00547,0.14215,-0.01495,0.00884,-0.00073,-3.83031,0.22272,-0.14402,0.18344,-0.00376,-0.0005,-0.00017,-4.23384,-1.26873,0.40803,0.27512,0.06673,-0.10319,-0.01103
23.78,0.02728,0.3018,0.11335,-0.00239,0.02151,-0,0.27794,0.03328,-0.04109,0.11296,0.00169,-0.03115,-0.01352,-0.03265,-0.15658,-0.00418,0.07534,-0.01441,0.00915,-0.00232,-3.36203,0.27087,-0.1798,0.12017,-0.0045,1e-05,-0.00062,-3.71452,-0.84115,0.14559,0.13929,0.04587,-0.07401,-0.00825
23.8,0.03492,0.33812,0.12955,-0.00197,0.02193,-0,0.08582,0.05508,-0.01262,0.08276,0.00114,-0.03307,-0.01672,0.04555,-0.15206,-0.00345,0.02326,-0.01385,0.00891,-0.00433,-2.89975,0.29613,-0.20608,0.02991,-0.00473,0.0005,-0.00103,-3.2378,-0.38154,-0.05862,-0.01721,0.02243,-0.04017,-0.00476
23.82,0.04337,0.35849,0.13834,-0.00192,0.02045,-0,-0.15675,0.0782,-0.01202,0.06424,0.00058,-0.03181,-0.01868,0.10355,-0.14444,-0.0033,-0.01721,-0.01319,0.00798,-0.00606,-2.52088,0.29604,-0.21958,-0.06723,-0.00456,0.00093,-0.00133,-2.7987,0.04821,-0.26399,-0.16113,-0.00046,-0.0066,-0.00114
23.84,0.05007,0.35751,0.13897,-0.00182,0.01706,-0,-0.42131,0.09656,-0.00027,0.05526,0.00013,-0.02789,-0.01902,0.14287,-0.13523,-0.00363,-0.04953,-0.01243,0.00645,-0.00707,-2.28351,0.26467,-0.22592,-0.15372,-0.00408,0.00126,-0.00149,-2.3883,0.41631,-0.51178,-0.26422,-0.02085,0.02223,0.00193
23.86,0.05311,0.33524,0.13184,-0.00145,0.0125,-0,-0.67885,0.10263,0.01732,0.05442,-0.0002,-0.02209,-0.01777,0.16741,-0.12679,-0.00445,-0.07624,-0.01168,0.00447,-0.00737,-2.20674,0.20137,-0.22866,-0.21766,-0.00337,0.00147,-0.00151,-1.99835,0.68189,-0.75022,-0.31026,-0.03669,0.04392,0.0042
23.88,0.05285,0.29708,0.11863,-0.00088,0.00719,-0,-0.89806,0.0972,0.02875,0.05968,-0.00041,-0.01476,-0.01496,0.18365,-0.12137,-0.00602,-0.0984,-0.01104,0.00222,-0.0072,-2.26664,0.11414,-0.22763,-0.25427,-0.00247,0.00154,-0.00138,-1.62578,0.84059,-0.97687,-0.29687,-0.04722,0.05781,0.00561
23.9,0.05014,0.25233,0.10167,-0.00033,0.00255,-0,-1.04301,0.07858,0.02665,0.0653,-0.00057,-0.00749,-0.01118,0.19991,-0.12325,-0.00841,-0.11567,-0.01075,-4e-05,-0.00716,-2.40361,0.01374,-0.21907,-0.26439,-0.00141,0.00149,-0.00114,-1.27493,0.89309,-1.153,-0.23376,-0.05247,0.06469,0.00629
23.92,0.0463,0.21113,0.08351,-0.00018,-0.00102,-0,-1.07818,0.04877,0.01171,0.06365,-0.00073,-0.00164,-0.00692,0.22562,-0.13716,-0.01147,-0.12721,-0.0111,-0.00209,-0.00805,-2.54301,-0.08273,-0.19961,-0.25288,-0.00022,0.00134,-0.00083,-0.95447,0.84662,-1.22938,-0.13766,-0.053,0.06617,0.00645
23.94,0.04324,0.18021,0.06608,-0.00071,-0.00381,-0,-0.98149,0.01595,-0.00742,0.04897,-0.00092,0.00201,-0.00224,0.27065,-0.16414,-0.01544,-0.13303,-0.01223,-0.00381,-0.01034,-2.6255,-0.16029,-0.16973,-0.22684,0.00108,0.00112,-0.00049,-0.67132,0.75314,-1.22516,-0.02536,-0.05021,0.06393,0.00621
23.96,0.04158,0.16099,0.05041,-0.002,-0.00544,-0,-0.75231,-0.01577,-0.02477,0.01842,-0.00114,0.00291,0.00277,0.34407,-0.20335,-0.02061,-0.13505,-0.01413,-0.00521,-0.0142,-2.62609,-0.21318,-0.13185,-0.19367,0.00242,0.00088,-0.00015,-0.42784,0.65164,-1.16137,0.09026,-0.04528,0.05938,0.00571
23.98,0.04055,0.15006,0.03675,-0.00392,-0.00603,-0,-0.41564,-0.04445,-0.03619,-0.02698,-0.00134,0.00152,0.00819,0.45326,-0.25532,-0.02638,-0.13747,-0.01665,-0.00642,-0.01964,-2.55777,-0.23846,-0.09044,-0.1609,0.00373,0.00062,0.00016,-0.22287,0.55091,-1.05304,0.20088,-0.03897,0.05358,0.00506
24,0.03905,0.13979,0.02487,-0.00617,-0.00568,-0,-0.02361,-0.0673,-0.03772,-0.08121,-0.00145,-0.0008,0.01432,0.6035,-0.3121,-0.03328,-0.14624,-0.01939,-0.00742,-0.02596,-2.47159,-0.23897,-0.04919,-0.13596,0.00488,0.00036,0.00043,-0.05395,0.46614,-0.90378,0.30091,-0.03196,0.04735,0.00437
24.02,0.03585,0.12214,0.01448,-0.00845,-0.0047,-0,0.36304,-0.08087,-0.02754,-0.13283,-0.00139,-0.00233,0.02126,0.79676,-0.35883,-0.04288,-0.16758,-0.02182,-0.00804,-0.03181,-2.43429,-0.22031,-0.01788,-0.12547,0.0057,0.00012,0.00063,0.08107,0.40675,-0.73216,0.38581,-0.02479,0.04126,0.00372
24.04,0.02935,0.09449,0.00559,-0.01026,-0.00392,-0,0.69555,-0.0846,-0.01223,-0.17339,-0.00104,-0.00186,0.02933,1.03039,-0.39604,-0.05386,-0.20585,-0.02375,-0.00823,-0.03661,-2.49339,-0.18424,-0.00526,-0.13371,0.00615,-0.00011,0.00077,0.183,0.36512,-0.59091,0.45398,-0.01787,0.03547,0.00314
24.06,0.01858,0.05893,-0.00163,-0.01112,-0.00367,-0,0.95043,-0.07975,-0.0004,-0.19989,-0.00029,0.00079,0.03872,1.29533,-0.42956,-0.06423,-0.26169,-0.02517,-0.00806,-0.04019,-2.66585,-0.13474,-0.00935,-0.16085,0.00627,-0.00034,0.00086,0.2505,0.33675,-0.50229,0.50457,-0.01156,0.03008,0.00263
24.08,0.00345,0.02094,-0.00687,-0.01085,-0.00361,-0,1.13636,-0.06828,0.00192,-0.20897,0.00092,0.00479,0.0484,1.5722,-0.45654,-0.07387,-0.33108,-0.02616,-0.00775,-0.04209,-2.93508,-0.07954,-0.02303,-0.20215,0.00616,-0.00055,0.00092,0.27912,0.32275,-0.45413,0.53459,-0.00626,0.02518,0.00221
24.1,-0.01541,-0.011,-0.00984,-0.00933,-0.0037,-0,1.2867,-0.05661,-0.0016,-0.20678,0.0026,0.00848,0.05848,1.83973,-0.47781,-0.08221,-0.4054,-0.02641,-0.00659,-0.04183,-3.24449,-0.0267,-0.03876,-0.24956,0.00599,-0.00075,0.00096,0.26166,0.31507,-0.43534,0.5413,-0.00238,0.02075,0.00186
24.12,-0.03575,-0.03113,-0.01067,-0.00665,-0.00421,-0,1.44431,-0.05248,-1e-05,-0.20271,0.00457,0.01001,0.07022,2.07824,-0.49598,-0.0883,-0.47351,-0.02545,-0.00339,-0.03895,-3.5175,0.01366,-0.05412,-0.29395,0.00595,-0.00095,0.00103,0.19174,0.30384,-0.43301,0.52231,-0.00029,0.0168,0.00158
24.14,-0.05539,-0.03538,-0.00943,-0.00316,-0.00466,-0,1.63844,-0.06088,-0.00848,-0.19218,0.00672,0.0084,0.08107,2.25798,-0.50924,-0.09196,-0.52585,-0.02377,0.00016,-0.03385,-3.69501,0.03374,-0.06339,-0.3265,0.00613,-0.00113,0.00115,0.06934,0.29053,-0.4272,0.47602,-0.00017,0.01332,0.00135
24.16,-0.07321,-0.02206,-0.00646,0.00075,-0.00464,-0,1.86942,-0.08334,-0.03013,-0.17332,0.00909,0.00386,0.08862,2.35871,-0.5157,-0.09331,-0.55623,-0.02182,0.00243,-0.02707,-3.74679,0.03151,-0.06102,-0.34211,0.00654,-0.00131,0.00132,-0.09481,0.2761,-0.40726,0.40469,-0.00191,0.01029,0.00115
24.18,-0.08681,0.00574,-0.0024,0.00466,-0.00451,-0,2.10776,-0.1164,-0.0778,-0.1516,0.01132,-0.00252,0.09411,2.38247,-0.51532,-0.09216,-0.56145,-0.01937,0.00409,-0.01895,-3.67191,0.00886,-0.04935,-0.34111,0.00711,-0.00149,0.00154,-0.27729,0.256,-0.37653,0.31541,-0.00511,0.00774,0.00099
24.2,-0.09718,0.04178,0.00216,0.00798,-0.0042,-0,2.29172,-0.14878,-0.12017,-0.12433,0.01387,-0.00918,0.09659,2.33457,-0.50065,-0.09062,-0.54083,-0.01678,0.00457,-0.01075,-3.50144,-0.02868,-0.03099,-0.32739,0.00771,-0.00166,0.00178,-0.44296,0.23345,-0.34117,0.22012,-0.00904,0.00572,0.00087
24.22,-0.10617,0.07584,0.00627,0.00991,-0.00367,-0,2.35795,-0.16651,-0.06762,-0.09169,0.01793,-0.01515,0.09523,2.22569,-0.46281,-0.09173,-0.49581,-0.01422,0.00366,-0.00316,-3.28277,-0.07559,-0.01285,-0.30692,0.00818,-0.00181,0.002,-0.55336,0.21266,-0.31076,0.13179,-0.01286,0.00432,0.00078
24.24,-0.10761,0.09982,0.00867,0.01035,-0.00339,-0,2.27441,-0.16592,0.10007,-0.06282,0.02239,-0.01893,0.09371,2.07443,-0.40951,-0.09385,-0.43,-0.01099,0.00281,0.00377,-3.05706,-0.12609,-0.00302,-0.28535,0.00836,-0.00193,0.00217,-0.5817,0.18938,-0.29827,0.06032,-0.01594,0.00366,0.00075
24.26,-0.09762,0.11113,0.00867,0.00968,-0.00343,-0,2.02966,-0.14979,0.28984,-0.04163,0.02598,-0.01908,0.09406,1.89625,-0.34738,-0.09581,-0.34798,-0.00659,0.00266,0.0094,-2.84875,-0.17359,-0.0028,-0.26587,0.00816,-0.00201,0.00225,-0.52095,0.16252,-0.3087,0.01202,-0.01797,0.00381,0.00077
24.28,-0.07886,0.10955,0.00642,0.0081,-0.0031,-0,1.64006,-0.11949,0.54271,-0.02741,0.02883,-0.01546,0.09429,1.70293,-0.27529,-0.09955,-0.25529,-0.00107,0.00299,0.01326,-2.66375,-0.21388,-0.00958,-0.24885,0.00756,-0.00203,0.00223,-0.38497,0.13633,-0.33657,-0.01113,-0.01898,0.0048,0.00086
24.3,-0.05345,0.1003,0.0032,0.00626,-0.00284,-0,1.15052,-0.07859,0.68493,-0.02207,0.03022,-0.00902,0.09467,1.50386,-0.20965,-0.10188,-0.16005,0.0051,0.00355,0.01517,-2.49069,-0.24137,-0.01955,-0.2322,0.00659,-0.00196,0.00208,-0.20651,0.11314,-0.3765,-0.01108,-0.01925,0.00666,0.00102
24.32,-0.02562,0.09041,0.00025,0.00464,-0.00402,-0,0.63244,-0.02912,0.51873,-0.02771,0.02963,-0.00208,0.09567,1.3081,-0.1613,-0.09953,-0.0702,0.01182,0.00407,0.0152,-2.30969,-0.25064,-0.03133,-0.21261,0.00532,-0.00177,0.00181,-0.02487,0.09546,-0.42384,0.00786,-0.01923,0.00935,0.00125
24.34,-0.0006,0.08198,-0.0021,0.00313,-0.00554,-0,0.16649,0.02671,0.29773,-0.04566,0.02769,0.00254,0.09275,1.12543,-0.12028,-0.09595,0.00844,0.01816,0.00457,0.01356,-2.10487,-0.24383,-0.04257,-0.18724,0.00385,-0.00147,0.00141,0.13004,0.08666,-0.46633,0.04077,-0.01924,0.01277,0.00156
24.36,0.01977,0.0756,-0.00375,0.00177,-0.00604,-0,-0.18616,0.08413,0.14017,-0.07604,0.02498,0.00272,0.08337,0.96127,-0.08381,-0.09298,0.07108,0.02258,0.00503,0.01058,-1.86964,-0.22625,-0.0501,-0.15459,0.00226,-0.00109,0.00092,0.24699,0.08632,-0.49473,0.08347,-0.01949,0.01674,0.00191
24.38,0.03511,0.07147,-0.00482,0.0007,-0.00566,-0,-0.38705,0.13853,0.02202,-0.11822,0.02181,-0.00243,0.06932,0.81736,-0.05543,-0.0889,0.11438,0.02481,0.00523,0.00681,-1.60976,-0.20346,-0.05373,-0.11505,0.00066,-0.00065,0.00038,0.33568,0.08993,-0.50977,0.13257,-0.01994,0.02093,0.00229
24.4,0.04521,0.06794,-0.00556,-7e-05,-0.0039,-0,-0.41817,0.18612,-0.05576,-0.17057,0.01836,-0.0124,0.05122,0.69488,-0.03433,-0.08369,0.13627,0.02455,0.00508,0.00278,-1.34605,-0.18646,-0.05424,-0.07082,-0.00081,-0.00022,-0.00013,0.42286,0.09372,-0.51679,0.18465,-0.02048,0.02489,0.00263
24.42,0.04969,0.06275,-0.00627,-0.00057,-0.00136,-0,-0.28007,0.22432,-0.07208,-0.2327,0.01489,-0.02514,0.03164,0.59468,-0.01913,-0.07777,0.13603,0.02193,0.0046,-0.00081,-1.10547,-0.18637,-0.05288,-0.02577,-0.00201,0.00013,-0.00053,0.54129,0.09474,-0.52315,0.23574,-0.02091,0.0281,0.00286
24.44,0.04896,0.05442,-0.00722,-0.00086,0.00054,-0,0.01271,0.25029,-0.04801,-0.29981,0.01211,-0.03824,0.01486,0.51668,-0.0087,-0.07079,0.11474,0.01826,0.0038,-0.00338,-0.90795,-0.20753,-0.05012,0.01556,-0.00282,0.00036,-0.00075,0.71354,0.08681,-0.5316,0.28294,-0.02086,0.03011,0.00296
24.46,0.0442,0.04261,-0.00866,-0.00098,0.00156,-0,0.43079,0.26126,-0.02137,-0.36352,0.01029,-0.05,0.00227,0.45789,-0.00158,-0.06284,0.07605,0.01439,0.00277,-0.0048,-0.7627,-0.25028,-0.04604,0.04912,-0.0032,0.00043,-0.00076,0.94087,0.06637,-0.54149,0.3235,-0.02009,0.03063,0.00289
24.48,0.03652,0.028,-0.01069,-0.00093,0.00182,-0,0.92636,0.25848,-0.00186,-0.4221,0.00915,-0.05856,-0.00649,0.41232,0.00343,-0.05426,0.02666,0.01049,0.00167,-0.00517,-0.66763,-0.31257,-0.04097,0.07092,-0.00316,0.00034,-0.00058,1.19946,0.03514,-0.55072,0.35282,-0.01855,0.02953,0.00267
24.5,0.02848,0.01238,-0.01338,-0.00066,0.00171,-0,1.43183,0.24259,-0.00022,-0.45653,0.00879,-0.06302,-0.0123,0.37299,0.00712,-0.04507,-0.0242,0.00679,0.0006,-0.00479,-0.61007,-0.38285,-0.03411,0.07703,-0.00277,0.00012,-0.00023,1.44069,-0.00399,-0.55077,0.36716,-0.0162,0.02684,0.0023
24.52,0.02214,-0.00252,-0.01656,-8e-05,0.00173,-0,1.8676,0.21694,0.01885,-0.44261,0.00937,-0.06304,-0.01659,0.33262,0.00998,-0.03539,-0.06675,0.00334,-0.00025,-0.00404,-0.57338,-0.4429,-0.02499,0.06435,-0.00211,-0.0002,0.00021,1.60509,-0.0437,-0.53186,0.36357,-0.01309,0.0227,0.00181
24.54,0.01762,-0.01522,-0.01919,0.00092,0.00183,-0,2.16453,0.18987,0.06798,-0.3943,0.01041,-0.05758,-0.02078,0.28454,0.01225,-0.02565,-0.09421,-0,-0.00076,-0.00312,-0.54554,-0.48362,-0.0143,0.03158,-0.00124,-0.00054,0.00067,1.64682,-0.07738,-0.48893,0.33827,-0.00952,0.01742,0.00124
24.56,0.01541,-0.02421,-0.02038,0.00249,0.00191,-0,2.27699,0.16542,0.10606,-0.32723,0.01169,-0.04721,-0.02613,0.22487,0.01401,-0.01612,-0.10495,-0.00325,-0.00103,-0.0022,-0.52293,-0.50027,-0.00347,-0.0192,-0.00024,-0.00087,0.0011,1.54641,-0.10328,-0.42266,0.29128,-0.00576,0.01137,0.00062
24.58,0.01605,-0.02911,-0.01973,0.00482,0.00204,-0,2.18163,0.14219,0.11645,-0.23893,0.01363,-0.03371,-0.03361,0.15344,0.01522,-0.00697,-0.10258,-0.00641,-0.00117,-0.00136,-0.51166,-0.48579,0.00513,-0.08176,0.00075,-0.00115,0.00145,1.31335,-0.11967,-0.34138,0.22844,-0.00208,0.0051,0
24.6,0.01881,-0.03071,-0.01737,0.00814,0.00202,-0,1.88193,0.11669,0.06083,-0.14429,0.01611,-0.02165,-0.04374,0.07318,0.01574,0.00144,-0.09525,-0.00935,-0.00134,-0.00063,-0.52678,-0.44165,0.00781,-0.1463,0.00154,-0.00137,0.00168,0.98433,-0.12869,-0.25634,0.15858,0.00113,-0.00067,-0.00053
24.62,0.0221,-0.03069,-0.01382,0.01276,0.00162,-0,1.39917,0.0845,-0.01794,-0.04757,0.01861,-0.01501,-0.05658,-0.01046,0.01538,0.00877,-0.09307,-0.01165,-0.00183,6e-05,-0.58524,-0.37148,0.00097,-0.20198,0.00193,-0.00154,0.00175,0.60881,-0.13412,-0.18466,0.09216,0.0035,-0.00522,-0.0009
24.64,0.02493,-0.0306,-0.00922,0.01892,0.00101,-0,0.751,0.04522,-0.04762,0.06156,0.02148,-0.01455,-0.07116,-0.09134,0.01395,0.01474,-0.10455,-0.01324,-0.00267,0.0008,-0.69497,-0.27367,-0.01394,-0.24066,0.0018,-0.0016,0.00165,0.22843,-0.13405,-0.14491,0.03748,0.00475,-0.00793,-0.00108
24.66,0.02724,-0.0311,-0.00355,0.02673,0.00043,-0,-0.0415,0.00136,-0.03853,0.17876,0.02484,-0.02031,-0.08589,-0.16393,0.01135,0.01918,-0.13495,-0.01422,-0.00381,0.00169,-0.84801,-0.15216,-0.03356,-0.25968,0.00114,-0.00152,0.00138,-0.13528,-0.12671,-0.14237,-0.00335,0.00472,-0.00845,-0.00102
24.68,0.03022,-0.03176,0.00321,0.0365,-1e-05,-0,-0.95522,-0.04231,-0.00777,0.30051,0.02732,-0.03137,-0.09993,-0.22257,0.00779,0.02216,-0.18601,-0.01469,-0.00534,0.00285,-1.01788,-0.01793,-0.04965,-0.26257,2e-05,-0.0013,0.00093,-0.48162,-0.11323,-0.16947,-0.03429,0.00344,-0.00674,-0.00074
24.7,0.03699,-0.03082,0.01126,0.04762,-0.00025,-0,-1.96725,-0.08052,0.01925,0.42589,0.02888,-0.04266,-0.10875,-0.26085,0.0038,0.02386,-0.25618,-0.01457,-0.00678,0.00438,-1.16021,0.11466,-0.06542,-0.25787,-0.00137,-0.00089,0.00035,-0.82579,-0.09288,-0.2143,-0.06415,0.0011,-0.00304,-0.00027
24.72,0.05086,-0.02554,0.02084,0.05853,-0.00063,-0,-3.05783,-0.11999,0.0426,0.55787,0.02991,-0.04515,-0.10578,-0.27202,0.00041,0.02467,-0.34214,-0.01365,-0.0072,0.00629,-1.22379,0.22901,-0.10538,-0.25607,-0.00281,-0.0003,-0.00035,-1.19126,-0.06565,-0.26433,-0.10442,-0.002,0.00224,0.00033
24.74,0.07157,-0.01327,0.03284,0.06906,-0.00142,0,-4.23979,-0.1643,0.0415,0.71841,0.02746,-0.04007,-0.09546,-0.25016,-0.00088,0.02521,-0.44155,-0.01259,-0.00687,0.0086,-1.16896,0.31293,-0.15705,-0.26562,-0.00409,0.0004,-0.00113,-1.60103,-0.03425,-0.30157,-0.16541,-0.00547,0.00855,0.00099
24.76,0.09383,0.00756,0.04917,0.07946,-0.00264,0,-5.55024,-0.21127,-0.02232,0.92479,0.01987,-0.0329,-0.08361,-0.19077,0.00133,0.02627,-0.55367,-0.0118,-0.00604,0.01123,-0.97745,0.36134,-0.1937,-0.28944,-0.00511,0.00119,-0.00196,-2.06973,-0.00083,-0.30997,-0.25381,-0.00897,0.01537,0.00165
24.78,0.11073,0.0369,0.07254,0.08866,-0.00404,0,-7.02093,-0.28135,-0.17159,1.16059,0.00824,-0.02306,-0.06898,-0.09116,0.00762,0.0288,-0.67825,-0.01066,-0.00437,0.01374,-0.65549,0.37444,-0.21437,-0.32385,-0.00584,0.00199,-0.00278,-2.59725,0.03218,-0.28184,-0.37207,-0.01207,0.02209,0.00226
24.8,0.10692,0.0729,0.10775,0.09493,-0.00619,0,-8.64652,-0.35468,-0.38244,1.48895,-0.00644,-0.01503,-0.05868,0.04972,0.01783,0.03381,-0.81366,-0.00938,-0.00241,0.01591,-0.23258,0.36068,-0.20647,-0.35969,-0.00631,0.00277,-0.00354,-3.16959,0.06203,-0.21527,-0.51651,-0.01438,0.02802,0.00275
24.82,0.06717,0.112,0.15973,0.09612,-0.01029,0,-10.3324,-0.37425,-0.47815,1.99943,-0.02014,-0.01049,-0.0588,0.23422,0.02955,0.04182,-0.95567,-0.00782,-0.00064,0.01758,0.24825,0.33078,-0.16428,-0.38476,-0.00663,0.00351,-0.00417,-3.76281,0.0879,-0.11037,-0.67779,-0.01556,0.03251,0.00305
24.84,0.00834,0.15062,0.22682,0.09175,-0.01498,-0,-11.96925,-0.38059,-0.43233,2.54637,-0.02973,-0.0083,-0.06264,0.47023,0.03785,0.05234,-1.09616,-0.00508,0.00034,0.01731,0.74539,0.28948,-0.09994,-0.38649,-0.0069,0.00415,-0.00463,-4.34324,0.10666,0.03446,-0.84691,-0.01526,0.03502,0.00315
24.86,-0.04648,0.18754,0.30184,0.08244,-0.01885,-0,-13.50406,-0.4169,-0.3365,2.97843,-0.03581,-0.01195,-0.06729,0.77384,0.03347,0.063,-1.21939,-0.00128,-0.00042,0.01409,1.22749,0.24141,-0.02071,-0.35545,-0.00723,0.00459,-0.00492,-4.87527,0.11448,0.21537,-1.01453,-0.01333,0.03532,0.00304
24.88,-0.09103,0.22171,0.37252,0.06863,-0.02277,-0,-14.8455,-0.44194,-0.18646,3.27562,-0.03799,-0.02341,-0.07598,1.16846,-0.00592,0.06857,-1.2973,0.0032,-0.00315,0.00835,1.67098,0.19268,0.06922,-0.28662,-0.00767,0.00487,-0.00504,-5.32377,0.10995,0.42487,-1.16668,-0.01001,0.03345,0.00274
24.9,-0.1123,0.25628,0.42761,0.05258,-0.02575,-0,-15.92625,-0.48528,-0.04003,3.42669,-0.03766,-0.03868,-0.08537,1.68621,-0.06164,0.06367,-1.28429,0.00856,-0.00711,0.00133,2.05824,0.14885,0.16083,-0.17829,-0.00822,0.00498,-0.00504,-5.64133,0.09274,0.64501,-1.28846,-0.00575,0.02974,0.00231
24.92,-0.10476,0.29997,0.46431,0.03675,-0.02636,-0,-16.72945,-0.59622,0.04514,3.46478,-0.0379,-0.04696,-0.08978,2.36449,-0.07447,0.04212,-1.1207,0.0156,-0.01066,-0.0039,2.37681,0.11453,0.23652,-0.03294,-0.00891,0.00496,-0.00495,-5.77961,0.06294,0.84539,-1.3655,-0.00123,0.02471,0.00183
24.94,-0.0862,0.35366,0.47547,0.02179,-0.02674,-0,-17.24378,-0.71004,0.09819,3.40894,-0.03878,-0.04558,-0.09101,3.22435,-0.07721,-0.00374,-0.74379,0.02555,-0.01263,-0.00424,2.61635,0.0927,0.28991,0.14313,-0.00969,0.00487,-0.00482,-5.71507,0.0204,1.01262,-1.38438,0.00291,0.01897,0.00133
24.96,-0.06758,0.41487,0.45744,0.00833,-0.02862,-0,-17.46903,-0.77943,0.14459,3.27091,-0.03952,-0.03952,-0.0909,4.2636,-0.11757,-0.07415,-0.09739,0.03963,-0.01253,0.00209,2.7719,0.08556,0.32456,0.34091,-0.01054,0.00477,-0.0047,-5.4492,-0.03224,1.14539,-1.33947,0.00627,0.01317,0.00084
24.98,-0.04544,0.48722,0.41911,-0.00248,-0.03094,-0,-17.39787,-0.82968,0.18101,3.08715,-0.04119,-0.02914,-0.08721,5.45284,-0.16229,-0.15993,0.85238,0.05878,-0.00983,0.01543,2.84462,0.0944,0.33933,0.54711,-0.01142,0.0047,-0.0046,-5.00838,-0.08925,1.24004,-1.23544,0.00867,0.00808,0.00045
25,-0.02621,0.55432,0.3599,-0.00927,-0.03526,-0,-17.10265,-0.84202,0.2069,2.87155,-0.04306,-0.01995,-0.08235,6.71021,-0.24049,-0.247,2.09727,0.08429,-0.00473,0.03445,2.84045,0.11866,0.34027,0.74156,-0.01228,0.00467,-0.00457,-4.44728,-0.14067,1.29111,-1.08557,0.01008,0.00458,0.00023
25.02,-0.01732,0.58976,0.2814,-0.01094,-0.04471,-0,-16.66445,-0.79222,0.22763,2.63771,-0.0434,-0.01817,-0.07906,7.91599,-0.39323,-0.3222,3.57835,0.11723,0.00175,0.05754,2.76724,0.15602,0.33606,0.90036,-0.01299,0.00466,-0.00462,-3.83485,-0.17299,1.29479,-0.90769,0.01055,0.00351,0.00024
25.04,-0.01036,0.59728,0.20207,-0.00644,-0.05857,-0,-16.053,-0.70927,0.2513,2.41602,-0.04298,-0.01986,-0.07489,8.95789,-0.55312,-0.37063,5.2054,0.15595,0.00914,0.08138,2.62964,0.20338,0.32865,1.0088,-0.01354,0.00473,-0.00473,-3.23382,-0.1782,1.2653,-0.71765,0.01032,0.00549,0.00055
25.06,0.00021,0.58201,0.13338,0.00446,-0.07518,-0,-15.24528,-0.61157,0.28126,2.22168,-0.04237,-0.02141,-0.06883,9.75168,-0.65989,-0.38077,6.86865,0.19671,0.01657,0.10211,2.43487,0.25656,0.32103,1.06193,-0.01386,0.00488,-0.00488,-2.68654,-0.15381,1.21777,-0.52879,0.00966,0.01069,0.00119
25.08,0.01156,0.53569,0.07718,0.02155,-0.09282,-0,-14.26315,-0.49738,0.31133,2.05286,-0.04104,-0.02293,-0.06224,10.24137,-0.69943,-0.35063,8.42007,0.2342,0.02227,0.11826,2.19644,0.3096,0.31857,1.05948,-0.01384,0.00504,-0.00504,-2.21505,-0.10065,1.15697,-0.35284,0.00879,0.01882,0.00214
25.1,0.0215,0.46614,0.03392,0.0406,-0.10781,-0,-13.2,-0.38845,0.34568,1.90833,-0.03884,-0.02335,-0.05571,10.3548,-0.66973,-0.29286,9.69053,0.26503,0.02503,0.12799,1.93105,0.35384,0.32266,1.01094,-0.01338,0.00519,-0.00513,-1.82839,-0.02494,1.09224,-0.1992,0.00801,0.02915,0.00333
25.12,0.0305,0.38362,0.00507,0.04934,-0.13101,-0,-12.1563,-0.30091,0.39051,1.78624,-0.03579,-0.02206,-0.04967,10.04586,-0.56094,-0.2269,10.48629,0.28783,0.02352,0.12899,1.65723,0.37992,0.33423,0.92952,-0.01241,0.00535,-0.00508,-1.52398,0.06322,1.03354,-0.07616,0.00761,0.04066,0.00463
25.14,0.04056,0.2937,-0.00675,0.044,-0.15702,-0,-11.09534,-0.22519,0.42867,1.67854,-0.03208,-0.01951,-0.04434,9.43064,-0.37266,-0.16105,10.66504,0.29387,0.01689,0.12247,1.39182,0.38263,0.35487,0.82426,-0.01088,0.0054,-0.00486,-1.28769,0.15324,0.98301,0.01148,0.0077,0.05235,0.00591
25.16,0.05239,0.20756,-0.00189,0.02805,-0.18147,-0,-9.9802,-0.15742,0.44702,1.57744,-0.02792,-0.01598,-0.03964,8.66253,-0.14255,-0.10541,10.2354,0.27886,0.00685,0.11056,1.14717,0.36057,0.38459,0.70365,-0.00884,0.00525,-0.0045,-1.09753,0.23681,0.94138,0.0651,0.00829,0.06331,0.00708
25.18,0.06749,0.13508,0.01658,0.0007,-0.20651,-0,-8.83843,-0.10083,0.44713,1.47868,-0.0233,-0.01192,-0.03548,7.82966,0.08505,-0.06991,9.25052,0.24976,-0.00363,0.09335,0.93269,0.31523,0.42411,0.57679,-0.00643,0.00492,-0.004,-0.92587,0.30727,0.91034,0.09106,0.00927,0.07274,0.00804
25.2,0.08631,0.08054,0.04295,-0.03871,-0.23104,-0,-7.752,-0.05878,0.42956,1.37882,-0.01944,-0.00798,-0.03185,7.03009,0.2499,-0.0542,7.84562,0.20734,-0.01103,0.07324,0.75719,0.25025,0.45428,0.453,-0.00392,0.00446,-0.00339,-0.74055,0.35692,0.87959,0.09934,0.01039,0.0799,0.00873
25.22,0.10994,0.04414,0.0688,-0.09034,-0.25371,-0,-6.78955,-0.02994,0.39695,1.27687,-0.01745,-0.00467,-0.02873,6.31393,0.31981,-0.05672,6.16675,0.15514,-0.01122,0.0531,0.62888,0.17279,0.44712,0.34014,-0.00159,0.00392,-0.00273,-0.51051,0.37835,0.83662,0.10119,0.0113,0.08418,0.00913
25.24,0.14098,0.02318,0.08641,-0.14684,-0.27561,-0,-5.90468,-0.00902,0.35405,1.17318,-0.01661,-0.00226,-0.02586,5.6844,0.3149,-0.06989,4.38812,0.1071,-0.00398,0.03346,0.554,0.09291,0.41367,0.24235,0.00042,0.00331,-0.00207,-0.21207,0.37086,0.78478,0.10578,0.01175,0.08514,0.00916
25.26,0.18002,0.01279,0.09183,-0.19988,-0.29733,-0,-5.05774,0.0059,0.30517,1.06676,-0.01641,-0.00077,-0.0231,5.1282,0.25889,-0.08281,2.71058,0.06963,0.00776,0.01655,0.53599,0.01808,0.36938,0.16136,0.00199,0.00262,-0.00143,0.16798,0.33732,0.72625,0.11849,0.01158,0.08273,0.0088
25.28,0.22592,0.00862,0.08398,-0.24743,-0.29122,-0,-4.26167,0.01546,0.25507,0.95628,-0.01713,-9e-05,-0.02045,4.60733,0.17062,-0.08728,1.27757,0.04192,0.02144,0.00542,0.57559,-0.04599,0.30877,0.0968,0.00309,0.00191,-0.00085,0.62859,0.28202,0.65584,0.14037,0.01077,0.07742,0.0081
25.3,0.27046,0.0076,0.06831,-0.28267,-0.27266,-0,-3.54715,0.02117,0.20713,0.8403,-0.01733,8e-05,-0.01799,4.07721,0.07684,-0.08218,0.26134,0.02215,0.03229,0.0003,0.67038,-0.09357,0.24365,0.04616,0.00373,0.00121,-0.00036,1.15311,0.21265,0.57296,0.16836,0.00941,0.07004,0.00714
25.32,0.30331,0.00763,0.05246,-0.30051,-0.24255,-0,-2.93214,0.02494,0.16365,0.71905,-0.01501,2e-05,-0.01579,3.51373,-0.00311,-0.07243,-0.33076,0.00882,0.03657,0.00142,0.81284,-0.11943,0.18497,0.00588,0.00396,0.00057,4e-05,1.71351,0.13882,0.47758,0.19698,0.00765,0.06159,0.00606
25.34,0.32363,0.00802,0.03728,-0.30585,-0.20674,-0,-2.39015,0.02732,0.12672,0.59508,-0.0116,-0.00015,-0.01391,2.90776,-0.06345,-0.05668,-0.60369,0.00147,0.03492,0.00749,0.9871,-0.11981,0.12801,-0.02797,0.00384,4e-05,0.00032,2.27444,0.06955,0.37065,0.22087,0.00566,0.05299,0.00496
25.36,0.33181,0.00866,0.02295,-0.30178,-0.16872,-0,-1.90131,0.02816,0.09677,0.47166,-0.00874,-0.00034,-0.01232,2.2573,-0.10217,-0.03611,-0.6235,-0.00162,0.02852,0.01441,1.16592,-0.09325,0.07213,-0.05943,0.00344,-0.00036,0.00049,2.7955,0.01018,0.25419,0.23616,0.00356,0.04482,0.00393
25.38,0.32521,0.00896,0.01142,-0.28712,-0.12862,-0,-1.4666,0.02786,0.0728,0.3538,-0.0059,-0.00055,-0.01095,1.5703,-0.12001,-0.01426,-0.46171,-0.00207,0.0182,0.01981,1.30841,-0.04079,0.0221,-0.09199,0.0028,-0.00062,0.00055,3.22891,-0.03736,0.13122,0.24045,0.00145,0.03737,0.00302
25.4,0.30207,0.00812,0.00441,-0.26011,-0.08636,-0,-1.10112,0.02724,0.05454,0.24886,-0.00422,-0.00072,-0.00977,0.87247,-0.12544,0.00769,-0.21583,-0.00085,0.00541,0.02111,1.35996,0.03349,-0.01659,-0.12845,0.00196,-0.00076,0.00051,3.51797,-0.07351,0.01031,0.2329,-0.00063,0.03068,0.00222
25.42,0.26256,0.00559,0.00101,-0.21994,-0.04275,-0,-0.81047,0.02714,0.04141,0.16552,-0.00402,-0.00071,-0.00872,0.18647,-0.12837,0.03129,0.03059,0.00181,-0.00733,0.01743,1.26328,0.12362,-0.05312,-0.17075,0.00094,-0.00076,0.00039,3.60491,-0.10029,-0.10936,0.21364,-0.00262,0.02465,0.00154
25.44,0.20932,0.00227,-0.00137,-0.16727,0.00085,-0,-0.57566,0.02708,0.03178,0.11065,-0.00343,-0.00054,-0.0076,-0.48246,-0.1257,0.05905,0.23073,0.00619,-0.01771,0.01194,0.97731,0.22171,-0.09513,-0.21951,-0.00019,-0.00065,0.00022,3.44414,-0.11892,-0.23054,0.18288,-0.00454,0.01922,0.00097
25.46,0.14524,-0.00069,-0.0034,-0.10315,0.04435,-0,-0.38623,0.02654,0.02461,0.0863,-0.00211,-0.00031,-0.00623,-1.13104,-0.1143,0.09237,0.33631,0.01204,-0.025,0.00704,0.48731,0.31747,-0.13679,-0.27393,-0.00137,-0.00047,1e-05,3.01559,-0.12924,-0.3476,0.14131,-0.00639,0.01431,0.00051
25.48,0.07276,-0.00261,-0.00511,-0.02925,0.0881,-0,-0.24008,0.02581,0.01942,0.08971,-0.00058,1e-05,-0.00446,-1.76302,-0.09758,0.13185,0.32055,0.01808,-0.02889,0.0034,-0.18953,0.39906,-0.1705,-0.33138,-0.00249,-0.00027,-0.0002,2.33105,-0.12987,-0.4585,0.09042,-0.00823,0.00992,0.00015
25.5,-0.00475,-0.0029,-0.00706,0.05109,0.13124,-0,-0.13172,0.02533,0.01576,0.11454,0.00101,0.00037,-0.0021,-2.38713,-0.08043,0.1795,0.17561,0.02328,-0.02913,0.00117,-1.00362,0.45307,-0.215,-0.38752,-0.0034,-9e-05,-0.00036,1.43213,-0.11806,-0.563,0.03244,-0.0101,0.00612,-0.00012
25.52,-0.08205,-0.00125,-0.01015,0.12922,0.1714,-0,-0.05532,0.02551,0.01332,0.15272,0.00256,0.00068,0.00096,-3.01642,-0.0666,0.23848,-0.09569,0.0267,-0.02538,0.00013,-1.88583,0.46757,-0.30621,-0.43727,-0.00391,-0,-0.00042,0.37694,-0.09119,-0.66045,-0.03017,-0.01201,0.00302,-0.00027
25.54,-0.15392,0.0021,-0.01373,0.19776,0.20751,-0,-0.00527,0.02625,0.0119,0.19666,0.00419,0.00091,0.00474,-3.66495,-0.05638,0.30477,-0.47752,0.02368,-0.01854,-0.00044,-2.77434,0.4369,-0.40615,-0.47591,-0.00389,-4e-05,-0.00034,-0.77884,-0.04922,-0.74712,-0.0956,-0.01393,0.0006,-0.00033
25.56,-0.21711,0.00644,-0.01629,0.25417,0.23973,-0,0.02354,0.02747,0.01131,0.24091,0.00609,0.00107,0.00914,-4.34911,-0.04983,0.37072,-0.92762,0.01139,-0.0106,-0.00176,-3.62804,0.36296,-0.47022,-0.5007,-0.00326,-0.00023,-8e-05,-1.98891,0.00469,-0.81592,-0.16304,-0.01571,-0.0014,-0.00033
25.58,-0.26684,0.01085,-0.01722,0.29614,0.26764,-0,0.03541,0.02945,0.01136,0.28242,0.00838,0.00112,0.01383,-5.09194,-0.04687,0.43032,-1.39048,-0.00902,-0.00289,-0.00485,-4.41907,0.25473,-0.50639,-0.51146,-0.00202,-0.00055,0.00034,-3.2105,0.06375,-0.85742,-0.23229,-0.01712,-0.00347,-0.00035
25.6,-0.29993,0.01399,-0.01816,0.31806,0.28734,-0,0.03375,0.03227,0.01199,0.31988,0.01131,0.00106,0.01859,-5.91873,-0.04613,0.48921,-1.82447,-0.03417,0.00283,-0.00984,-5.12891,0.12714,-0.48281,-0.50955,-0.00027,-0.00097,0.0009,-4.39539,0.11859,-0.87477,-0.30336,-0.01783,-0.00628,-0.00047
25.62,-0.31668,0.014,-0.02189,0.31185,0.26136,-0,0.02078,0.03583,0.01324,0.35322,0.01521,0.00091,0.0236,-6.86883,-0.046,0.56015,-2.18094,-0.05494,0.00513,-0.0158,-5.74425,-0.00372,-0.38804,-0.49744,0.00188,-0.00147,0.00154,-5.49251,0.1607,-0.87401,-0.37613,-0.0175,-0.01049,-0.00076
25.64,-0.31162,0.00939,-0.02978,0.28335,0.23328,-0,-0.00265,0.04044,0.01491,0.38323,0.02009,0.00068,0.02818,-7.97816,-0.04594,0.64917,-2.37653,-0.06814,0.00429,-0.02212,-6.25569,-0.12509,-0.27052,-0.47779,0.0043,-0.002,0.0022,-6.45855,0.18348,-0.82825,-0.44955,-0.01585,-0.01651,-0.00129
25.66,-0.28296,-0.0008,-0.04475,0.24231,0.20747,-0,-0.03681,0.04627,0.01677,0.41103,0.02576,0.0004,0.03157,-9.29087,-0.04819,0.77077,-2.33291,-0.07705,0.00133,-0.02834,-6.6581,-0.22859,-0.15395,-0.45303,0.00685,-0.00252,0.00285,-7.26165,0.18473,-0.72192,-0.52149,-0.01282,-0.02433,-0.00203
25.68,-0.23804,-0.01767,-0.06961,0.19168,0.18353,-0,-0.08295,0.05283,0.01889,0.43764,0.0321,7e-05,0.03398,-10.8875,-0.05728,0.94121,-2.02007,-0.0821,-0.00251,-0.03365,-6.94589,-0.31031,-0.03984,-0.42551,0.00939,-0.00299,0.00344,-7.87721,0.1685,-0.56933,-0.58852,-0.00869,-0.0334,-0.00292
25.7,-0.18108,-0.0409,-0.11622,0.14032,0.16001,-0,-0.14268,0.06087,0.02081,0.46405,0.03908,-0.00031,0.03535,-12.63816,-0.09677,1.21879,-1.47834,-0.08466,-0.00561,-0.03749,-7.1183,-0.36834,0.06643,-0.39677,0.01175,-0.0034,0.00393,-8.27423,0.14206,-0.37137,-0.64513,-0.00399,-0.04268,-0.00386
25.72,-0.12157,-0.0695,-0.18635,0.09606,0.13494,-0,-0.21715,0.07163,0.02174,0.49093,0.0467,-0.0008,0.03561,-14.19957,-0.20584,1.63143,-0.7627,-0.08492,-0.00615,-0.03934,-7.17474,-0.40218,0.15255,-0.36824,0.01374,-0.00373,0.00432,-8.42149,0.11459,-0.15629,-0.6845,0.0006,-0.05101,-0.00478
25.74,-0.07354,-0.10301,-0.25082,0.05965,0.11008,-0,-0.30827,0.08367,0.02184,0.51825,0.05414,-0.00141,0.03544,-15.52755,-0.38724,2.07547,0.06845,-0.0823,-0.00429,-0.03886,-7.10482,-0.4146,0.2124,-0.34199,0.01524,-0.00396,0.00457,-8.31016,0.09453,0.02808,-0.69993,0.00443,-0.05719,-0.00553
25.76,-0.0395,-0.13956,-0.28667,0.03142,0.08667,-0,-0.41842,0.09533,0.02156,0.54559,0.06045,-0.00214,0.03529,-16.69364,-0.63219,2.46985,0.92039,-0.07664,-0.00132,-0.03604,-6.90618,-0.40972,0.2498,-0.31932,0.0162,-0.00408,0.00469,-7.94594,0.08535,0.16655,-0.68577,0.00726,-0.06041,-0.006
25.78,-0.01573,-0.17683,-0.28335,0.01116,0.06249,-0,-0.54917,0.10654,0.0208,0.572,0.06522,-0.003,0.035,-17.52994,-0.95079,2.78438,1.69514,-0.06676,0.00219,-0.03098,-6.59289,-0.39195,0.2659,-0.30054,0.01659,-0.00409,0.00468,-7.34574,0.08495,0.2562,-0.63774,0.00912,-0.06046,-0.00616
25.8,0.00225,-0.21063,-0.23578,0.00275,0.04052,-0,-0.69552,0.11672,0.01974,0.59605,0.06797,-0.0039,0.03465,-17.87931,-1.27272,2.92296,2.32131,-0.05481,0.00434,-0.02461,-6.1908,-0.36736,0.26071,-0.2856,0.01639,-0.00401,0.00454,-6.54692,0.08708,0.30057,-0.5528,0.01031,-0.05743,-0.006
25.82,0.0215,-0.23608,-0.15131,0.00194,0.02232,-0,-0.84709,0.12546,0.01846,0.61582,0.06834,-0.00473,0.03426,-17.58472,-1.46072,2.78407,2.76052,-0.04248,0.00366,-0.01785,-5.72904,-0.34262,0.23443,-0.27407,0.01563,-0.00388,0.00427,-5.5973,0.08338,0.30866,-0.4299,0.01126,-0.05169,-0.00554
25.84,0.048,-0.25164,-0.06115,-0.00247,0.0052,-0,-1.00046,0.13206,0.01703,0.62852,0.06605,-0.00543,0.03333,-16.69014,-1.5104,2.4359,2.95981,-0.0285,0.00191,-0.01095,-5.22432,-0.32262,0.19443,-0.26527,0.01441,-0.00369,0.00389,-4.54532,0.0664,0.28472,-0.27029,0.01228,-0.0437,-0.00484
25.86,0.08234,-0.25657,0.00049,-0.01336,-0.00646,-0,-1.15399,0.13621,0.01555,0.63137,0.06118,-0.00591,0.0315,-15.30212,-1.48063,1.99002,2.89796,-0.01393,0.00048,-0.00444,-4.68651,-0.31034,0.1484,-0.2576,0.01285,-0.00343,0.00343,-3.43453,0.03305,0.23355,-0.0786,0.01357,-0.03391,-0.00394
25.88,0.12475,-0.24928,0.01058,-0.03064,-0.0126,-0,-1.3013,0.13887,0.01349,0.62186,0.05445,-0.006,0.02883,-13.33141,-1.375,1.49349,2.62374,-0.00065,-0.00062,0.00114,-4.12526,-0.30692,0.09978,-0.24836,0.01106,-0.0031,0.0029,-2.30951,-0.0141,0.16207,0.13588,0.01511,-0.02277,-0.00288
25.9,0.16847,-0.22958,-0.03283,-0.05576,-0.01077,-0,-1.41239,0.13673,0.01084,0.59748,0.04604,-0.0056,0.0252,-11.31557,-1.21475,1.04997,2.19539,0.0105,-0.00091,0.00555,-3.5461,-0.30948,0.05724,-0.23437,0.00913,-0.00273,0.00234,-1.22796,-0.0673,0.07614,0.35777,0.01678,-0.01087,-0.00172
25.92,0.20418,-0.19997,-0.10474,-0.09086,-0.004,-0,-1.44586,0.127,0.00737,0.55602,0.03652,-0.00464,0.02068,-9.772,-1.02107,0.71741,1.69924,0.01943,-0.00033,0.00878,-2.95627,-0.31297,0.02378,-0.21268,0.00718,-0.00231,0.00178,-0.24594,-0.11492,-0.01706,0.56514,0.01837,0.00118,-0.00052
25.94,0.23363,-0.16446,-0.1871,-0.12903,0.00085,-0,-1.40825,0.11258,0.00234,0.49565,0.02735,-0.00298,0.01567,-8.2815,-0.83209,0.47014,1.22717,0.0265,0.00081,0.01101,-2.36754,-0.31457,-0.00439,-0.18168,0.00533,-0.00186,0.00123,0.59283,-0.14884,-0.10943,0.74089,0.01961,0.01275,0.00065
25.96,0.25931,-0.12659,-0.26813,-0.16081,0.0026,-0,-1.31144,0.09454,-0.00401,0.41664,0.01925,-0.00064,0.01045,-6.6396,-0.67036,0.28671,0.82507,0.03226,0.00252,0.0125,-1.79343,-0.31092,-0.02727,-0.14197,0.00367,-0.00136,0.00071,1.25467,-0.16751,-0.19446,0.87496,0.02036,0.02318,0.00171
25.98,0.27951,-0.08956,-0.33214,-0.18293,0.00164,-0,-1.14478,0.0717,-0.01068,0.32267,0.01227,0.00226,0.00521,-5.04831,-0.51689,0.15711,0.50461,0.03737,0.00496,0.01354,-1.25428,-0.29626,-0.0453,-0.09682,0.0022,-0.00081,0.00021,1.71725,-0.1735,-0.26317,0.95771,0.02065,0.03173,0.00256
26,0.28923,-0.05793,-0.37204,-0.19003,-0.00126,-0,-0.94253,0.0432,-0.01328,0.22007,0.00652,0.00545,0.00023,-3.65672,-0.4004,0.07431,0.26086,0.04251,0.0079,0.01437,-0.78104,-0.26702,-0.05999,-0.0521,0.00091,-0.00024,-0.00027,1.96528,-0.17495,-0.31195,0.98305,0.02064,0.03747,0.00312
26.02,0.28398,-0.03464,-0.38996,-0.17962,-0.00478,-0,-0.7364,0.01243,-0.00999,0.11788,0.00204,0.00836,-0.00409,-2.54432,-0.33538,0.02498,0.08084,0.04814,0.01057,0.01516,-0.40767,-0.22029,-0.07216,-0.01445,-0.00022,0.00035,-0.00074,1.9928,-0.18142,-0.34307,0.9476,0.02054,0.03952,0.00327
26.04,0.26739,-0.01843,-0.38752,-0.15553,-0.00759,-0,-0.51588,-0.01451,-0.00476,0.02472,-0.00119,0.01064,-0.00739,-1.66982,-0.27819,-0.00255,-0.05105,0.05429,0.01316,0.01605,-0.15565,-0.15255,-0.08379,0.01101,-0.0012,0.00095,-0.00121,1.80974,-0.19819,-0.34479,0.85117,0.02039,0.03742,0.00299
26.06,0.24308,-0.00803,-0.36634,-0.12198,-0.00852,0,-0.28669,-0.03456,0.00096,-0.05485,-0.00328,0.01217,-0.00952,-0.99984,-0.21485,-0.01138,-0.14941,0.06036,0.01616,0.01707,-0.02296,-0.06454,-0.09574,0.0221,-0.00207,0.00153,-0.00168,1.44942,-0.22604,-0.30997,0.69944,0.02006,0.03132,0.00235
26.08,0.21204,-0.00259,-0.33005,-0.08302,-0.00722,0,-0.06903,-0.04551,0.00708,-0.11957,-0.00438,0.0127,-0.01039,-0.52566,-0.15673,-0.00597,-0.22459,0.0646,0.01875,0.01794,0.01732,0.03756,-0.10446,0.01997,-0.00281,0.0021,-0.00213,0.97362,-0.26132,-0.2488,0.50449,0.01938,0.02199,0.00145
26.1,0.17697,-0.00029,-0.28322,-0.04199,-0.0033,0,0.12289,-0.04721,0.01324,-0.17046,-0.00464,0.01217,-0.01,-0.21563,-0.1085,0.00717,-0.28213,0.06647,0.02128,0.01846,0.01192,0.14381,-0.11692,0.00861,-0.00342,0.00261,-0.00254,0.46724,-0.29658,-0.17105,0.28719,0.01784,0.01084,0.00046
26.12,0.14165,0.00053,-0.2303,-0.00476,0.00193,0,0.28606,-0.04074,0.0195,-0.20989,-0.00426,0.01069,-0.00842,-0.03112,-0.07069,0.02161,-0.32404,0.06593,0.02443,0.01845,0.01388,0.24371,-0.14615,-0.00662,-0.00392,0.00299,-0.0029,0.02362,-0.32293,-0.09485,0.06827,0.01495,-0.00042,-0.00044
26.14,0.11007,0.00122,-0.17579,0.02312,0.00648,0,0.41814,-0.02591,0.02533,-0.24,-0.00333,0.00823,-0.00582,0.06408,-0.04135,0.03276,-0.35128,0.05944,0.0258,0.01762,0.06347,0.32713,-0.18168,-0.02081,-0.00426,0.00323,-0.00316,-0.28616,-0.33111,-0.04178,-0.13637,0.01058,-0.01038,-0.00116
26.16,0.08413,0.00278,-0.12363,0.041,0.00998,0,0.51306,-0.00372,0.03017,-0.26206,-0.002,0.00505,-0.00246,0.09924,-0.01928,0.03845,-0.36476,0.04574,0.02397,0.01599,0.17483,0.38593,-0.21,-0.03065,-0.00442,0.00335,-0.00329,-0.43577,-0.31597,-0.019,-0.31313,0.00482,-0.01808,-0.00161
26.18,0.06347,0.00529,-0.07694,0.04979,0.01219,0,0.5705,0.0233,0.03357,-0.27626,-0.00044,0.00163,0.0013,0.09827,-0.00437,0.03875,-0.36481,0.02763,0.02017,0.01406,0.33209,0.41618,-0.23094,-0.03473,-0.00438,0.00334,-0.00327,-0.44493,-0.27919,-0.02339,-0.4525,-0.00202,-0.02317,-0.00178
26.2,0.04682,0.00832,-0.03851,0.05164,0.01318,0,0.59734,0.05264,0.03584,-0.28158,0.00116,-0.00159,0.00499,0.07927,0.00386,0.03576,-0.35145,0.00731,0.01443,0.01241,0.4929,0.41708,-0.24258,-0.03333,-0.00418,0.00317,-0.00308,-0.37204,-0.22747,-0.04625,-0.54978,-0.0093,-0.02572,-0.00171
26.22,0.03258,0.01097,-0.00977,0.04916,0.01326,0,0.60399,0.08299,0.03725,-0.2765,0.00253,-0.00381,0.00823,0.05496,0.00753,0.03193,-0.32462,-0.01031,0.00849,0.0117,0.6036,0.3901,-0.24372,-0.02777,-0.00383,0.00284,-0.00273,-0.29413,-0.17007,-0.07798,-0.60418,-0.01622,-0.02607,-0.00148
26.24,0.01955,0.01183,0.00934,0.04377,0.01264,0,0.58695,0.11214,0.03714,-0.26026,0.00352,-0.00477,0.01066,0.03373,0.00802,0.02795,-0.28482,-0.02149,0.00522,0.01254,0.62214,0.33717,-0.22887,-0.01948,-0.00333,0.00238,-0.00222,-0.27777,-0.11511,-0.10846,-0.61385,-0.02208,-0.02472,-0.00116
26.26,0.0076,0.00979,0.01973,0.03661,0.0116,0,0.54419,0.13663,0.03501,-0.23369,0.00411,-0.00481,0.01199,0.01984,0.00592,0.02416,-0.23385,-0.02704,0.00494,0.01503,0.53247,0.26278,-0.19537,-0.00974,-0.00266,0.00183,-0.00159,-0.35818,-0.06783,-0.12894,-0.58015,-0.02643,-0.02217,-0.00082
26.28,-0.00233,0.00446,0.02314,0.02875,0.01021,-0,0.48578,0.15322,0.03089,-0.19932,0.00431,-0.00411,0.01226,0.01456,0.00231,0.02113,-0.17521,-0.02775,0.00659,0.01855,0.34735,0.17532,-0.14814,0.00047,-0.00188,0.00121,-0.00089,-0.53316,-0.03033,-0.1368,-0.51152,-0.02913,-0.0188,-0.00049
26.3,-0.00836,-0.00363,0.02165,0.02115,0.00882,-0,0.41021,0.16351,0.02689,-0.16146,0.00425,-0.00328,0.01155,0.01723,-0.00238,0.01838,-0.11458,-0.02589,0.00929,0.02235,0.10533,0.08528,-0.08664,0.01035,-0.00107,0.00061,-0.00019,-0.76734,-0.00198,-0.1316,-0.41785,-0.03027,-0.01501,-0.00019
26.32,-0.00841,-0.01354,0.01719,0.01438,0.00768,-0,0.3195,0.17266,0.02492,-0.12483,0.00411,-0.00283,0.01006,0.02613,-0.00639,0.01536,-0.05839,-0.02366,0.01289,0.02575,-0.14294,0.00466,-0.02224,0.01922,-0.00029,8e-05,0.00041,-1.00677,0.01949,-0.1157,-0.31193,-0.03011,-0.01112,7e-05
26.34,-0.00107,-0.02382,0.01117,0.00855,0.00656,-0,0.22894,0.1749,0.02363,-0.09291,0.00394,-0.00267,0.00809,0.03915,-0.00866,0.01227,-0.0119,-0.02067,0.01583,0.02739,-0.35164,-0.05681,0.0283,0.02655,0.00036,-0.00035,0.00085,-1.19871,0.03653,-0.09472,-0.20825,-0.02886,-0.00739,0.00028
26.36,0.0138,-0.03275,0.00458,0.0037,0.00529,-0,0.14513,0.16538,0.0223,-0.06771,0.00378,-0.00288,0.00586,0.05406,-0.00984,0.00911,0.0214,-0.01695,0.01637,0.02622,-0.48979,-0.09474,0.06262,0.03199,0.00085,-0.00065,0.0011,-1.3065,0.05088,-0.07238,-0.11644,-0.02674,-0.00397,0.00045
26.38,0.03491,-0.03931,-0.00186,-0.00022,0.00391,-0,0.06729,0.14873,0.02178,-0.04986,0.00368,-0.00359,0.00356,0.06859,-0.00978,0.00565,0.04002,-0.01336,0.01434,0.02221,-0.54321,-0.10986,0.0818,0.03514,0.00117,-0.00079,0.00117,-1.31376,0.06308,-0.04988,-0.04187,-0.024,-0.00102,0.00057
26.4,0.05962,-0.04273,-0.00759,-0.00347,0.00259,-0,-0.00458,0.12024,0.02125,-0.03878,0.00358,-0.00448,0.00135,0.08044,-0.00889,0.00193,0.04411,-0.01023,0.00965,0.01552,-0.51166,-0.10728,0.09027,0.03562,0.00134,-0.00081,0.00109,-1.22125,0.07252,-0.02751,0.01226,-0.02093,0.00138,0.00064
26.42,0.08443,-0.04272,-0.01201,-0.00635,0.00131,-0,-0.06794,0.08041,0.01958,-0.03319,0.00341,-0.00494,-0.00063,0.08757,-0.00759,-0.0019,0.03497,-0.00779,0.00307,0.00691,-0.40454,-0.09467,0.09441,0.03315,0.00142,-0.00072,0.0009,-1.04142,0.07789,-0.00479,0.04473,-0.01778,0.00313,0.00065
26.44,0.10656,-0.03995,-0.01475,-0.00918,-0.00019,-0,-0.12087,0.04144,0.01759,-0.03153,0.00316,-0.00493,-0.00224,0.08803,-0.00554,-0.00569,0.01456,-0.00625,-0.00394,-0.00241,-0.23595,-0.07925,0.09573,0.02775,0.00146,-0.00056,0.00067,-0.79093,0.07816,0.01887,0.05648,-0.0147,0.0042,0.00061
26.46,0.1244,-0.03527,-0.01579,-0.01211,-0.00192,-0,-0.16407,0.00713,0.01591,-0.03221,0.0028,-0.00463,-0.00347,0.08079,-0.00276,-0.00921,-0.01473,-0.00556,-0.01056,-0.01161,-0.02227,-0.06576,0.09505,0.01986,0.0015,-0.00036,0.00042,-0.48719,0.07313,0.04338,0.05069,-0.01179,0.00462,0.00052
26.48,0.1369,-0.02943,-0.01519,-0.01515,-0.00386,-0,-0.19735,-0.0235,0.01448,-0.03364,0.00232,-0.00403,-0.00431,0.06625,0.00026,-0.01216,-0.05,-0.0055,-0.01637,-0.02006,0.21695,-0.05582,0.09406,0.01042,0.00152,-0.00015,0.00019,-0.1494,0.06358,0.06784,0.03255,-0.0091,0.00447,0.00038
26.5,0.14469,-0.02321,-0.01325,-0.0181,-0.00598,-0,-0.22109,-0.04993,0.01252,-0.03427,0.00177,-0.0033,-0.00482,0.04554,0.00302,-0.0144,-0.08773,-0.00576,-0.0207,-0.02692,0.45816,-0.04825,0.09123,0.00087,0.00153,4e-05,-1e-05,0.19988,0.05116,0.09005,0.00901,-0.00665,0.00388,0.00023
26.52,0.14906,-0.01743,-0.0104,-0.02065,-0.00821,-0,-0.23604,-0.07068,0.00952,-0.03274,0.00117,-0.00259,-0.00509,0.0206,0.00575,-0.01596,-0.12423,-0.00598,-0.02248,-0.03123,0.67608,-0.04032,0.08424,-0.00727,0.00149,0.00019,-0.00015,0.53511,0.03804,0.10707,-0.01266,-0.00442,0.003,7e-05
26.54,0.14932,-0.01291,-0.00717,-0.02243,-0.01042,-0,-0.24237,-0.08517,0.00622,-0.02828,0.00054,-0.00176,-0.0052,-0.00627,0.0082,-0.01657,-0.15659,-0.00594,-0.02227,-0.03286,0.84837,-0.02976,0.0742,-0.01295,0.00137,0.00028,-0.00023,0.83112,0.02629,0.11753,-0.02673,-0.00242,0.00199,-8e-05
26.56,0.14445,-0.01015,-0.00407,-0.02318,-0.01241,-0,-0.24083,-0.0937,0.00264,-0.02085,-0.0001,-0.00077,-0.00524,-0.03324,0.00964,-0.01608,-0.18311,-0.00557,-0.02109,-0.03218,0.95811,-0.01587,0.06249,-0.01597,0.00117,0.0003,-0.00026,1.06435,0.01724,0.12164,-0.0302,-0.00065,0.00098,-0.0002
26.58,0.13406,-0.00936,-0.0015,-0.02279,-0.0139,-0,-0.23265,-0.0959,-0.0017,-0.01134,-0.00072,0.00036,-0.00528,-0.05866,0.01019,-0.01475,-0.20307,-0.00482,-0.01886,-0.02939,0.99329,-3e-05,0.04987,-0.01706,0.00091,0.00026,-0.00023,1.21035,0.01141,0.12038,-0.02315,0.00085,9e-05,-0.00028
26.6,0.11719,-0.0106,0.00023,-0.02128,-0.01448,-0,-0.22057,-0.09198,-0.00694,-0.00152,-0.00133,0.00164,-0.0054,-0.08058,0.00969,-0.01281,-0.2165,-0.00381,-0.01644,-0.02541,0.94575,0.01452,0.03918,-0.01772,0.00062,0.00016,-0.00015,1.24301,0.00876,0.11643,-0.00838,0.00202,-0.00057,-0.00033
26.62,0.09267,-0.01376,0.001,-0.01883,-0.01362,-0,-0.20738,-0.08263,-0.01253,0.0063,-0.0019,0.00303,-0.00564,-0.09683,0.0081,-0.01058,-0.22376,-0.00272,-0.0145,-0.02117,0.81037,0.02372,0.03327,-0.01984,0.00036,3e-05,-3e-05,1.13598,0.00902,0.11297,0.00959,0.00278,-0.00089,-0.00033
26.64,0.05947,-0.01869,0.00088,-0.01581,-0.01073,-0,-0.19359,-0.06897,-0.01809,0.00983,-0.00243,0.0045,-0.00598,-0.10625,0.00609,-0.00855,-0.22497,-0.00166,-0.01233,-0.01689,0.58468,0.02421,0.03343,-0.02511,0.00017,-0.00012,0.0001,0.86602,0.01211,0.11209,0.02609,0.00302,-0.0008,-0.00029
26.66,0.0167,-0.02523,0.00014,-0.01272,-0.00519,-0,-0.17936,-0.05247,-0.0235,0.00722,-0.00288,0.00597,-0.00633,-0.1085,0.00399,-0.00704,-0.21982,-0.00077,-0.00973,-0.01287,0.27015,0.01432,0.04084,-0.03463,9e-05,-0.00027,0.00024,0.41807,0.01843,0.11499,0.03728,0.00265,-0.00024,-0.0002
26.68,-0.03602,-0.03315,-0.00091,-0.01019,0.00355,-0,-0.16525,-0.03485,-0.02801,-0.00283,-0.00323,0.00721,-0.00655,-0.10348,0.00175,-0.00629,-0.2075,-0.00024,-0.00706,-0.00951,-0.12557,-0.00561,0.05647,-0.04868,0.00011,-0.00039,0.00038,-0.21099,0.02895,0.12211,0.04034,0.00158,0.00081,-5e-05
26.7,-0.09866,-0.04244,-0.0021,-0.00899,0.0158,-0,-0.15112,-0.01872,-0.03133,-0.02109,-0.00343,0.00805,-0.0064,-0.09198,-0.00062,-0.00651,-0.18665,-0.00025,-0.00457,-0.00698,-0.58689,-0.03351,0.07937,-0.06676,0.00022,-0.00049,0.00049,-1.00989,0.0449,0.13231,0.03326,-0.00024,0.00233,0.00015
26.72,-0.17126,-0.05341,-0.00353,-0.00991,0.03149,-0,-0.13641,-0.00599,-0.03343,-0.04783,-0.00344,0.0084,-0.00561,-0.07507,-0.00317,-0.00794,-0.15535,-0.00093,-0.00245,-0.00533,-1.09137,-0.06602,0.10643,-0.08774,0.0004,-0.00055,0.00056,-1.95278,0.06713,0.14347,0.01489,-0.00283,0.00424,0.00042
26.74,-0.25353,-0.06689,-0.00562,-0.01364,0.05002,-0,-0.12044,0.00253,-0.03321,-0.08295,-0.00316,0.00782,-0.004,-0.05379,-0.00579,-0.01076,-0.11098,-0.00239,-0.00089,-0.00456,-1.61218,-0.09979,0.13556,-0.11017,0.00062,-0.00056,0.00058,-3.00002,0.09546,0.15463,-0.01493,-0.00611,0.00636,0.00073
26.76,-0.34422,-0.08427,-0.009,-0.02058,0.07076,-0,-0.10247,0.00655,-0.03003,-0.12583,-0.00245,0.00613,-0.0015,-0.02948,-0.00808,-0.01512,-0.05036,-0.00462,-3e-05,-0.00458,-2.11809,-0.132,0.16501,-0.13236,0.00085,-0.00052,0.00054,-4.09476,0.12783,0.16528,-0.05533,-0.00989,0.00841,0.00106
26.78,-0.43965,-0.10625,-0.01429,-0.03072,0.09391,-0,-0.08201,0.00727,-0.02443,-0.17512,-0.0012,0.00371,0.00192,-0.00408,-0.00934,-0.02118,0.02982,-0.00748,5e-05,-0.00526,-2.57009,-0.15967,0.1915,-0.1522,0.00106,-0.00044,0.00044,-5.15404,0.1593,0.17419,-0.10403,-0.01381,0.00996,0.00135
26.8,-0.53884,-0.13766,-0.02191,-0.04364,0.08937,-0,-0.05917,0.00707,-0.01673,-0.22832,0.00077,0.00095,0.00614,0.01985,-0.00782,-0.0287,0.13255,-0.01071,-0.00069,-0.00641,-2.91869,-0.18082,0.20987,-0.16727,0.0012,-0.00031,0.0003,-6.06483,0.18448,0.18264,-0.15722,-0.01734,0.01046,0.00154
26.82,-0.64116,-0.18426,-0.03133,-0.05843,0.07271,-0,-0.03403,0.00873,-0.00814,-0.28204,0.00361,-0.0014,0.01111,0.04062,-0.00147,-0.03699,0.26034,-0.01388,-0.00219,-0.00779,-3.1121,-0.19425,0.21383,-0.17518,0.00127,-0.00017,0.00014,-6.70077,0.19828,0.19229,-0.20998,-0.01994,0.00934,0.00155
26.84,-0.73472,-0.2384,-0.04043,-0.0744,0.05291,-0,-0.00649,0.01425,-0.00057,-0.33308,0.00749,-0.00278,0.01668,0.05747,0.01107,-0.04608,0.41438,-0.01675,-0.00428,-0.0092,-3.11232,-0.19776,0.20318,-0.174,0.00122,-0,-4e-05,-6.95274,0.19333,0.19885,-0.25685,-0.02108,0.00625,0.00132
26.86,-0.80689,-0.28829,-0.04619,-0.09103,0.03679,0,0.02318,0.02385,0.00511,-0.37841,0.01272,-0.00337,0.02267,0.0722,0.03201,-0.05636,0.59351,-0.01918,-0.00667,-0.01044,-2.90367,-0.19085,0.1797,-0.16308,0.00107,0.00016,-0.00021,-6.75053,0.16572,0.196,-0.29216,-0.02042,0.00117,0.00087
26.88,-0.85347,-0.3264,-0.04557,-0.10695,0.02105,0,0.05415,0.03553,0.00853,-0.41453,0.01953,-0.00339,0.02892,0.0918,0.0625,-0.0675,0.79282,-0.02103,-0.00902,-0.01128,-2.49512,-0.17624,0.14285,-0.14337,0.00084,0.0003,-0.00036,-6.06886,0.11831,0.1777,-0.30994,-0.01793,-0.00553,0.00022
26.9,-0.86847,-0.34139,-0.03627,-0.12376,0.00329,0,0.08565,0.04724,0.00986,-0.4375,0.02832,-0.00335,0.03531,0.12894,0.10541,-0.08049,1.00174,-0.02215,-0.01061,-0.01152,-1.91893,-0.15842,0.10076,-0.11695,0.00059,0.00041,-0.00047,-4.92411,0.0578,0.13336,-0.30382,-0.01372,-0.01309,-0.00054
26.92,-0.84774,-0.32469,-0.01738,-0.14547,-0.01959,0,0.11777,0.0586,0.00984,-0.44338,0.03957,-0.00379,0.04171,0.20265,0.16756,-0.09677,1.20318,-0.02245,-0.01043,-0.01098,-1.2201,-0.14275,0.05719,-0.08657,0.00038,0.00047,-0.00053,-3.36375,-0.00656,0.05421,-0.2675,-0.00811,-0.02058,-0.00132
26.94,-0.79036,-0.27447,0.01081,-0.17064,-0.04433,0,0.1498,0.06716,0.00859,-0.42897,0.05299,-0.00474,0.04772,0.33917,0.24945,-0.11597,1.37373,-0.0219,-0.00799,-0.00954,-0.44142,-0.13297,0.00562,-0.05479,0.00026,0.00046,-0.00052,-1.45156,-0.06719,-0.06014,-0.19563,-0.00149,-0.02722,-0.00204
26.96,-0.69506,-0.19188,0.04656,-0.19626,-0.05948,0,0.18144,0.07027,0.0061,-0.39265,0.06732,-0.00598,0.0528,0.57015,0.34442,-0.13685,1.48439,-0.02055,-0.00344,-0.00722,0.38415,-0.13039,-0.05358,-0.02301,0.00027,0.00041,-0.00046,0.73765,-0.1213,-0.20468,-0.08534,0.00584,-0.03253,-0.00266
26.98,-0.56054,-0.08142,0.08669,-0.22149,-0.04071,0,0.21475,0.06772,0.00258,-0.33465,0.08006,-0.00733,0.05634,0.92829,0.43879,-0.15719,1.50153,-0.01853,0.00198,-0.00414,1.22932,-0.13385,-0.11788,0.00834,0.00035,0.00033,-0.00036,3.1025,-0.17223,-0.36384,0.06268,0.01361,-0.03637,-0.00318
27,-0.38519,0.04833,0.12682,-0.24904,0.0151,0,0.25273,0.06124,-0.00082,-0.2577,0.08924,-0.00847,0.05812,1.44897,0.5558,-0.18208,1.38752,-0.01585,0.01015,-0.00055,2.06687,-0.13788,-0.18317,0.03944,0.00046,0.00025,-0.00025,5.50623,-0.22491,-0.51784,0.24381,0.02156,-0.03886,-0.00361
27.02,-0.17508,0.17947,0.16174,-0.28231,0.08076,0,0.29959,0.05243,-0.00251,-0.16591,0.09348,-0.00935,0.05819,2.16118,0.7495,-0.22254,1.10864,-0.01263,0.02452,0.00324,2.8711,-0.13539,-0.24144,0.07065,0.0005,0.00021,-0.00018,7.79906,-0.28231,-0.65329,0.4502,0.02942,-0.04024,-0.00398
27.04,0.0595,0.29381,0.18567,-0.3163,0.10981,0,0.36117,0.03811,-0.00297,-0.06372,0.08798,-0.01008,0.05559,3.08162,0.99909,-0.27779,0.64882,-0.00937,0.03997,0.00697,3.62124,-0.12334,-0.29032,0.10222,0.00038,0.00025,-0.00017,9.8487,-0.34937,-0.74403,0.67251,0.03685,-0.04088,-0.00432
27.06,0.30774,0.38013,0.19478,-0.34319,0.09785,0,0.44415,0.01544,-0.00285,0.04298,0.07139,-0.01079,0.05026,4.20483,1.26383,-0.34531,0.01353,-0.00637,0.05115,0.01042,4.30321,-0.10094,-0.32973,0.13392,4e-05,0.00036,-0.00026,11.56271,-0.42645,-0.77237,0.90051,0.0434,-0.04111,-0.00465
27.08,0.55923,0.428,0.18883,-0.35796,0.09302,0,0.55537,-0.0171,-0.00108,0.14603,0.04829,-0.01221,0.04377,5.45772,1.53893,-0.4308,-0.77595,-0.00373,0.05867,0.01348,4.90565,-0.06855,-0.35715,0.16462,-0.00054,0.00056,-0.00045,12.88682,-0.50227,-0.75308,1.12242,0.04864,-0.04112,-0.00493
27.1,0.78843,0.43419,0.171,-0.35663,0.08503,0,0.70122,-0.06031,0.00136,0.23475,0.02212,-0.0128,0.03719,6.90195,1.8853,-0.55943,-1.68025,-0.00175,0.0621,0.01617,5.41408,-0.02923,-0.37074,0.19243,-0.00134,0.00084,-0.00075,13.78967,-0.55687,-0.68743,1.3185,0.05198,-0.04115,-0.00513
27.12,0.95484,0.40244,0.14522,-0.33547,0.06074,0,0.88509,-0.10841,0.00283,0.29737,-0.00066,-0.01046,0.03205,8.67681,2.38138,-0.76929,-2.63147,-0.00049,0.06148,0.01856,5.81302,0.01248,-0.36934,0.21513,-0.00232,0.00117,-0.00112,14.25665,-0.56716,-0.58709,1.46454,0.05278,-0.04146,-0.00528
27.14,1.04667,0.34041,0.11598,-0.28797,0.03062,0,1.10879,-0.15805,0.00485,0.32384,-0.0146,-0.00727,0.0305,10.58923,2.93362,-1.05973,-3.57604,-3e-05,0.05819,0.02056,6.09126,0.0523,-0.35228,0.23078,-0.00342,0.00152,-0.00153,14.28769,-0.52442,-0.50264,1.54947,0.05068,-0.04204,-0.00526
27.16,1.07064,0.26017,0.08774,-0.21351,0.00338,0,1.36911,-0.20917,0.00927,0.30838,-0.02102,-0.00491,0.03273,12.35629,3.43161,-1.41401,-4.49041,-0.00061,0.05297,0.02195,6.24691,0.08753,-0.3205,0.23856,-0.00454,0.00185,-0.00195,13.90678,-0.43141,-0.45696,1.56867,0.04558,-0.04288,-0.00504
27.18,1.03323,0.17273,0.0614,-0.11861,-0.0296,0,1.64936,-0.25765,0.01643,0.25078,-0.02187,-0.00267,0.03634,13.76594,3.85153,-1.82356,-5.33321,-0.00241,0.04602,0.02206,6.2886,0.11623,-0.27678,0.239,-0.00557,0.00209,-0.0023,13.16724,-0.2964,-0.43508,1.51619,0.03762,-0.04414,-0.00469
27.2,0.92237,0.09653,0.03035,-0.01179,-0.0616,-0,1.9498,-0.29605,0.02408,0.1552,-0.02019,-0.00102,0.03958,15.01693,4.15919,-2.25713,-6.02775,-0.0055,0.03743,0.02093,6.22881,0.13832,-0.22264,0.23418,-0.00644,0.0022,-0.00252,12.14091,-0.14347,-0.43535,1.39554,0.02743,-0.04584,-0.00424
27.22,0.734,0.04413,-0.01894,0.08822,-0.08412,-0,2.28241,-0.31535,0.02779,0.02898,-0.01867,-0.00032,0.04134,16.34499,4.34422,-2.63874,-6.44241,-0.00979,0.02744,0.01808,6.08406,0.15493,-0.16161,0.22689,-0.00707,0.00212,-0.00251,10.91104,0.00772,-0.46023,1.21245,0.01565,-0.04796,-0.00375
27.24,0.53173,0.00668,-0.08921,0.1654,-0.10493,-0,2.61489,-0.31453,0.02807,-0.12058,-0.01674,0.00013,0.03736,17.08978,4.33432,-2.84468,-6.54602,-0.0148,0.01686,0.01127,5.87462,0.16461,-0.10173,0.2195,-0.0074,0.00179,-0.00223,9.55168,0.14579,-0.48276,0.97122,0.00266,-0.0506,-0.00336
27.26,0.36153,-0.02152,-0.17078,0.21575,-0.1292,-0,2.91051,-0.29514,0.02659,-0.28953,-0.01407,0.00058,0.02532,16.90791,4.08293,-2.81614,-6.38322,-0.01975,0.00693,-8e-05,5.61769,0.16539,-0.04667,0.21444,-0.00737,0.00117,-0.00168,8.12246,0.25775,-0.48157,0.6807,-0.01104,-0.05378,-0.00313
27.28,0.22685,-0.03832,-0.24752,0.2387,-0.10795,-0,3.15964,-0.25594,0.02168,-0.47594,-0.01131,0.0009,0.00705,16.09541,3.61701,-2.53056,-5.97275,-0.02394,-0.00107,-0.01511,5.32768,0.15642,0.00288,0.21439,-0.007,0.0003,-0.00088,6.68046,0.33657,-0.45831,0.35671,-0.0249,-0.0574,-0.00307
27.3,0.13192,-0.04392,-0.28613,0.23839,-0.02906,-0,3.38251,-0.20376,0.01327,-0.67834,-0.00852,0.00107,-0.01439,14.79275,2.98079,-2.04795,-5.52932,-0.02647,-0.006,-0.03226,5.01257,0.13809,0.04635,0.22235,-0.0064,-0.00076,6e-05,5.27026,0.38425,-0.414,0.02473,-0.03808,-0.06125,-0.00316
27.32,0.06877,-0.03859,-0.26563,0.21976,0.06323,-0,3.60974,-0.14524,0.00245,-0.89518,-0.00565,0.00113,-0.03178,13.20918,2.28406,-1.49289,-5.24289,-0.02697,-0.00751,-0.04858,4.67849,0.11067,0.08799,0.24099,-0.0057,-0.00187,0.00104,3.94243,0.40754,-0.3526,-0.29603,-0.04934,-0.065,-0.00341
27.34,0.02715,-0.02404,-0.17653,0.18753,0.13877,-0,3.8076,-0.08154,-0.00872,-1.12517,-0.00262,0.00122,-0.04088,11.57472,1.60738,-0.93142,-5.01262,-0.02615,-0.00617,-0.06314,4.33799,0.07268,0.12855,0.27086,-0.00485,-0.00288,0.00195,2.75107,0.40625,-0.28171,-0.58933,-0.05812,-0.06838,-0.00376
27.36,0.00247,-0.00399,-0.01124,0.14512,0.15149,-0,3.94378,-0.01658,-0.01761,-1.36694,0.00071,0.00148,-0.04264,9.98309,0.99557,-0.42743,-4.7371,-0.0249,-0.00323,-0.0769,3.99481,0.02521,0.16478,0.31064,-0.00385,-0.00373,0.00271,1.7134,0.3802,-0.20662,-0.83604,-0.06432,-0.07108,-0.00413
27.38,-0.00957,0.01583,0.22155,0.09702,0.13737,-0,4.03294,0.0437,-0.02228,-1.61653,0.00443,0.00209,-0.03752,8.43958,0.47764,-0.01932,-4.35497,-0.02353,-3e-05,-0.08966,3.64117,-0.02733,0.1964,0.3577,-0.0028,-0.00438,0.00324,0.81924,0.33491,-0.13162,-1.02606,-0.06769,-0.07271,-0.00449
27.4,-0.0114,0.02802,0.46034,0.05081,0.11876,-0,4.06502,0.0958,-0.02038,-1.8653,0.00858,0.00308,-0.02854,6.89325,0.12328,0.21221,-3.91437,-0.02271,0.00207,-0.10033,3.27302,-0.07879,0.21984,0.40539,-0.0018,-0.00473,0.00352,0.05266,0.27755,-0.06129,-1.15176,-0.06816,-0.07274,-0.00476
27.42,-0.00518,0.02489,0.6158,0.00839,0.08431,-0,4.02672,0.14241,-0.01192,-2.10224,0.01306,0.00431,-0.01806,5.34127,-0.0328,0.24739,-3.4515,-0.02276,0.00254,-0.10656,2.8845,-0.12249,0.23025,0.44476,-0.00097,-0.00474,0.00352,-0.60771,0.21484,0.00043,-1.20842,-0.06572,-0.07065,-0.00485
27.44,0.00391,0.00163,0.69339,-0.03167,0.04456,-0,3.93101,0.18322,0.00027,-2.31888,0.01766,0.0057,-0.00586,3.86745,-0.07613,0.20773,-2.82826,-0.02289,0.00197,-0.10793,2.46183,-0.15294,0.22762,0.46984,-0.00049,-0.0044,0.00323,-1.18692,0.1505,0.05033,-1.19634,-0.06075,-0.06604,-0.0047
27.46,0.01175,-0.04349,0.71952,-0.06683,0.00838,-0,3.787,0.21565,0.01378,-2.50832,0.02201,0.00714,0.00721,2.52505,-0.0623,0.16438,-1.99865,-0.02249,0.00101,-0.1047,1.9921,-0.16728,0.21256,0.47597,-0.0005,-0.00376,0.00264,-1.71116,0.08826,0.08542,-1.12002,-0.05373,-0.05862,-0.00426
27.48,0.01663,-0.10789,0.6864,-0.09478,-0.03172,-0,3.59551,0.24287,0.02568,-2.66157,0.02545,0.0084,0.0196,1.33592,-0.00562,0.1273,-1.02063,-0.02143,0.00023,-0.09554,1.46715,-0.16634,0.18513,0.45816,-0.00109,-0.00282,0.0018,-2.20296,0.03204,0.10359,-0.99089,-0.04523,-0.04822,-0.00348
27.5,0.01692,-0.18429,0.58723,-0.11399,-0.07011,-0,3.34702,0.26089,0.0343,-2.76225,0.02731,0.00912,0.03005,0.35265,0.07319,0.0948,0.04658,-0.01958,1e-05,-0.08263,0.8852,-0.15292,0.14741,0.41208,-0.00233,-0.00167,0.00073,-2.6819,-0.01522,0.10301,-0.81895,-0.03626,-0.03493,-0.00235
27.52,0.0104,-0.26228,0.43256,-0.12364,-0.09957,-0,3.04153,0.26409,0.0405,-2.79173,0.02699,0.0089,0.03782,-0.37382,0.14983,0.06071,1.18971,-0.01695,0.00036,-0.0681,0.24949,-0.13156,0.10226,0.33519,-0.00418,-0.00037,-0.00051,-3.16292,-0.0507,0.08276,-0.62045,-0.02787,-0.019,-0.00088
27.54,0.00091,-0.32869,0.25326,-0.12236,-0.12697,-0,2.69641,0.25456,0.04298,-2.74313,0.02372,0.00788,0.04109,-0.80619,0.21623,0.03394,2.39519,-0.01373,0.00091,-0.05047,-0.43169,-0.10759,0.05208,0.22904,-0.00657,0.00106,-0.00185,-3.64475,-0.07275,0.04403,-0.42039,-0.02062,-0.00072,0.00087
27.56,-0.0065,-0.37244,0.06499,-0.10911,-0.15718,-0,2.32382,0.23287,0.04125,-2.61262,0.01747,0.00639,0.03833,-0.92905,0.27613,0.01665,3.58493,-0.01005,0.00125,-0.0298,-1.1384,-0.08456,-0.00069,0.09782,-0.00937,0.00256,-0.00326,-4.11587,-0.08131,-0.01036,-0.23434,-0.01499,0.01944,0.00284
27.58,-0.01113,-0.38823,-0.12436,-0.08463,-0.19065,0,1.93345,0.19835,0.03659,-2.39779,0.00918,0.0046,0.02989,-0.76772,0.30786,-0.00286,4.66989,-0.00604,0.00107,-0.00834,-1.83534,-0.06402,-0.05358,-0.05086,-0.01233,0.00405,-0.00468,-4.55904,-0.07774,-0.07556,-0.06984,-0.01128,0.0407,0.00492
27.6,-0.01377,-0.37416,-0.29745,-0.05027,-0.15503,0,1.5253,0.14714,0.03321,-2.11815,-2e-05,0.00302,0.01631,-0.38976,0.3309,-0.01968,5.59544,-0.00199,0.00051,0.0114,-2.46732,-0.04576,-0.10338,-0.20487,-0.01518,0.00545,-0.006,-4.94205,-0.06387,-0.1438,0.06682,-0.00956,0.06191,0.00697
27.62,-0.01545,-0.33186,-0.4197,-0.00843,-0.08315,0,1.11857,0.08492,0.0352,-1.79713,-0.0085,0.00205,-0.00023,0.11988,0.35439,-0.03424,6.29904,0.00201,-0.00057,0.02857,-2.96928,-0.02913,-0.14538,-0.35176,-0.0177,0.0067,-0.00709,-5.22575,-0.04289,-0.20474,0.17076,-0.00973,0.08179,0.00886
27.64,-0.0152,-0.26889,-0.47166,0.03807,-0.01905,0,0.75882,0.02754,0.03877,-1.44705,-0.01512,0.0015,-0.01669,0.68406,0.27802,-0.06809,6.62548,0.00584,-0.00302,0.04184,-3.29145,-0.0139,-0.17693,-0.47955,-0.01956,0.0077,-0.00787,-5.37686,-0.01964,-0.24954,0.23917,-0.01151,0.09919,0.01043
27.66,-0.01285,-0.19608,-0.46322,0.08675,0.0264,0,0.47117,-0.01726,0.04093,-1.08699,-0.0198,0.00119,-0.03141,1.23336,0.01654,-0.14093,6.51922,0.00912,-0.00741,0.04932,-3.40883,0.00028,-0.19701,-0.57879,-0.02048,0.00834,-0.00828,-5.37578,0.00197,-0.27169,0.27134,-0.01452,0.11331,0.01161
27.68,-0.00919,-0.12379,-0.40603,0.13508,0.0526,0,0.26284,-0.04551,0.04273,-0.74259,-0.02268,0.00107,-0.04312,1.70537,-0.47039,-0.24335,6.01961,0.01133,-0.01448,0.05075,-3.32015,0.0133,-0.20384,-0.64445,-0.02041,0.00859,-0.00829,-5.2201,0.01869,-0.26502,0.26746,-0.01825,0.12381,0.01233
27.7,-0.00555,-0.05966,-0.3191,0.17953,0.06083,0,0.13768,-0.05434,0.04304,-0.43953,-0.02399,0.00115,-0.05049,2.04995,-1.08249,-0.34458,5.2451,0.01226,-0.02341,0.04738,-3.04368,0.02441,-0.19818,-0.67566,-0.0194,0.00843,-0.00789,-4.91762,0.02743,-0.22547,0.22917,-0.02209,0.13048,0.01258
27.72,-0.00317,-0.01114,-0.21791,0.21605,0.05521,0,0.0945,-0.04349,0.04154,-0.19988,-0.0239,0.0014,-0.05232,2.21575,-1.63505,-0.41875,4.32832,0.01195,-0.03171,0.04126,-2.61247,0.03287,-0.18146,-0.67416,-0.01761,0.00787,-0.00708,-4.48337,0.02579,-0.15012,0.15861,-0.02534,0.1332,0.01238
27.74,-0.00325,0.01515,-0.12314,0.24252,0.04155,0,0.12631,-0.01539,0.03841,-0.03682,-0.02282,0.00161,-0.04903,2.14648,-2.14898,-0.44616,3.34632,0.0099,-0.03878,0.03303,-2.06941,0.03831,-0.15192,-0.64018,-0.01506,0.00692,-0.00593,-3.9356,0.0121,-0.03604,0.05779,-0.02734,0.13186,0.01171
27.76,-0.00679,0.02039,-0.05076,0.25846,0.02586,0,0.22107,0.0237,0.03266,0.04727,-0.02109,0.00161,-0.04174,1.82844,-2.64605,-0.41935,2.40245,0.00623,-0.04434,0.02381,-1.45408,0.04141,-0.10947,-0.57644,-0.01184,0.00564,-0.00447,-3.28683,-0.01389,0.11697,-0.06925,-0.02752,0.12629,0.01058
27.78,-0.01429,0.00972,-0.00643,0.26369,0.01109,0,0.36243,0.06292,0.02249,0.06094,-0.0186,0.0014,-0.0313,1.29137,-2.99304,-0.33493,1.59029,0.00179,-0.04713,0.01569,-0.80461,0.04415,-0.05667,-0.49091,-0.00817,0.00411,-0.00279,-2.54593,-0.05083,0.30617,-0.21545,-0.02542,0.11622,0.00904
27.8,-0.02617,-0.01002,0.00928,0.25742,0.00207,0,0.53427,0.09395,0.00493,0.02118,-0.01586,0.00079,-0.01998,0.59613,-3.24196,-0.24085,0.97843,-0.00269,-0.04619,0.00895,-0.16682,0.04963,0.00338,-0.39257,-0.00423,0.00244,-0.001,-1.7241,-0.09609,0.5233,-0.37112,-0.02057,0.10139,0.00716
27.82,-0.0432,-0.03296,-0.01272,0.23903,0.00031,0,0.72565,0.1198,-0.01995,-0.0508,-0.01325,-0.0002,-0.00932,-0.18954,-3.50952,-0.2027,0.56785,-0.0059,-0.04135,0.00375,0.41078,0.06145,0.06493,-0.29256,-0.0003,0.00075,0.00079,-0.84098,-0.14648,0.75385,-0.52535,-0.0127,0.08165,0.005
27.84,-0.06466,-0.0518,-0.09052,0.21124,0.0009,0,0.9232,0.13535,-0.05114,-0.1334,-0.01033,-0.00148,0.00028,-1.01693,-3.63677,-0.18026,0.30873,-0.00737,-0.03303,0.00088,0.87981,0.08272,0.12261,-0.2024,0.0034,-0.00078,0.00247,0.07327,-0.1977,0.98539,-0.66611,-0.0019,0.05725,0.00257
27.86,-0.08764,-0.06018,-0.22083,0.17659,0.0013,0,1.11572,0.13214,-0.08909,-0.20606,-0.0071,-0.00307,0.00781,-1.84506,-3.43855,-0.1377,0.16362,-0.00774,-0.02125,-0.00019,1.19211,0.1156,0.174,-0.12908,0.00672,-0.0021,0.00395,0.97743,-0.24447,1.20868,-0.78137,0.01152,0.02893,-9e-05
27.88,-0.10683,-0.05755,-0.38887,0.136,0.00166,0,1.30111,0.11363,-0.1325,-0.24878,-0.00394,-0.00497,0.01252,-2.63772,-2.87065,-0.07756,0.10111,-0.00722,-0.00607,-0.00035,1.29959,0.16154,0.21844,-0.07542,0.00956,-0.00317,0.00516,1.81052,-0.28158,1.41747,-0.86015,0.02692,-0.00176,-0.00288
27.9,-0.11924,-0.04301,-0.56792,0.09306,0.00221,0,1.47688,0.08997,-0.17553,-0.24133,-0.00118,-0.00695,0.01412,-3.35593,-2.06946,-0.00248,0.10024,-0.00634,0.01182,-0.00027,1.15659,0.21924,0.2517,-0.04161,0.01179,-0.00398,0.00608,2.48858,-0.29866,1.57123,-0.89088,0.04313,-0.03243,-0.0057
27.92,-0.1242,-0.02163,-0.72554,0.05011,0.00368,0,1.64027,0.07069,-0.20818,-0.16548,0.00095,-0.0086,0.01266,-3.95852,-1.12564,0.10254,0.15655,-0.0054,0.03165,-0.00042,0.72782,0.28432,0.268,-0.02592,0.0133,-0.00454,0.00668,2.92613,-0.28448,1.61337,-0.86273,0.05844,-0.06048,-0.0085
27.94,-0.11216,-0.00449,-0.82449,0.00746,0.00697,0,1.79149,0.04595,-0.22661,-0.00975,0.00231,-0.00978,0.00869,-4.37574,0.02216,0.24559,0.27907,-0.00392,0.05198,-0.00061,0.00366,0.35366,0.27104,-0.02494,0.01404,-0.00485,0.00696,3.07852,-0.23759,1.56219,-0.76616,0.07174,-0.08365,-0.01107
27.96,-0.07554,0.00261,-0.83499,-0.03247,0.01301,-0,1.92946,0.00549,-0.2285,0.22696,0.00282,-0.01042,0.0029,-4.52188,1.23566,0.40248,0.47971,-0.00157,0.07053,-0.00048,-0.97668,0.42402,0.26652,-0.03377,0.01407,-0.00495,0.00693,2.9612,-0.16035,1.45041,-0.59664,0.08255,-0.10057,-0.01315
27.98,-0.01608,-0.00024,-0.74922,-0.06598,0.02331,-0,2.04877,-0.06571,-0.20722,0.53274,0.00259,-0.01013,-0.00398,-4.33615,2.26745,0.52635,0.75501,0.0016,0.08501,0.00027,-2.11221,0.48903,0.2565,-0.04612,0.01348,-0.00484,0.00666,2.64917,-0.0572,1.27802,-0.35695,0.09012,-0.11087,-0.01467
28,0.0604,-0.0107,-0.57597,-0.0893,0.03702,-0,2.14542,-0.17934,-0.17282,0.882,0.00185,-0.00918,-0.01103,-3.78935,2.98165,0.64361,1.08234,0.00541,0.094,0.00193,-3.24801,0.53465,0.23807,-0.05469,0.01229,-0.00463,0.00617,2.27289,0.06186,1.0616,-0.05453,0.09462,-0.11503,-0.01552
28.02,0.15062,-0.0256,-0.33821,-0.09906,0.05021,-0,2.21509,-0.29794,-0.13711,1.24103,0.00086,-0.00815,-0.01718,-2.87539,3.43748,0.82701,1.39492,0.00979,0.0968,0.00481,-4.21322,0.54365,0.20734,-0.05294,0.01051,-0.00446,0.00551,1.97691,0.18007,0.81884,0.29184,0.09652,-0.11397,-0.01564
28.04,0.24197,-0.03319,-0.07404,-0.0904,0.06235,-0,2.24434,-0.42439,-0.0952,1.577,-0.00013,-0.00674,-0.02164,-1.64072,3.6064,0.97413,1.53829,0.01403,0.09299,0.00859,-4.85535,0.51419,0.17135,-0.03821,0.00845,-0.00422,0.00475,1.86703,0.28314,0.56657,0.6589,0.09532,-0.10852,-0.01512
28.06,0.31388,-0.02205,0.18621,-0.06004,0.07499,-0,2.21931,-0.59281,-0.05016,1.86473,-0.00092,-0.00487,-0.02403,-0.19486,3.46833,1.00896,1.40321,0.01719,0.08355,0.01247,-5.08869,0.4495,0.13501,-0.01321,0.00636,-0.00382,0.00394,1.98494,0.36431,0.31842,1.02729,0.09074,-0.09948,-0.01407
28.08,0.34716,0.00777,0.41933,-0.00852,0.07907,-0,2.12906,-0.79242,-0.01363,2.08532,-0.00141,-0.00292,-0.02405,1.31055,3.17804,0.97336,0.97458,0.01888,0.07065,0.01565,-4.9243,0.35089,0.09601,0.01345,0.00432,-0.00331,0.00311,2.30148,0.41794,0.0848,1.37127,0.08327,-0.08766,-0.01257
28.1,0.33805,0.04703,0.62201,0.06047,0.0737,-0,1.97065,-0.9775,0.00653,2.22555,-0.00153,-0.00134,-0.02154,2.72998,2.98792,0.89627,0.30992,0.01911,0.05652,0.01758,-4.43349,0.23045,0.05827,0.02814,0.00253,-0.00271,0.00228,2.72817,0.44312,-0.11963,1.66035,0.07392,-0.07372,-0.01066
28.12,0.2949,0.078,0.80795,0.13586,0.05741,-0,1.74545,-1.08395,0.01095,2.27453,-0.00128,-0.00038,-0.01652,4.01332,2.97691,0.78909,-0.43547,0.01813,0.04173,0.01843,-3.7334,0.10036,0.02496,0.01607,0.00107,-0.00203,0.00144,3.15235,0.44084,-0.31111,1.86477,0.06365,-0.05834,-0.00843
28.14,0.20493,0.08623,0.94541,0.20669,0.03757,-0,1.45176,-1.11463,0.00403,2.23146,-0.00072,0.0002,-0.00966,5.04282,2.94172,0.6463,-1.10727,0.01593,0.02673,0.01804,-2.95249,-0.03171,-0.00389,-0.03428,-0.00012,-0.00126,0.00062,3.48015,0.41076,-0.49974,1.96274,0.05267,-0.04227,-0.00608
28.16,0.06656,0.06313,0.99677,0.2672,0.02075,-0,1.1026,-1.08135,-0.00941,2.10834,7e-05,0.00057,-0.00184,5.70429,2.77189,0.48724,-1.62378,0.01265,0.01261,0.01631,-2.16447,-0.15557,-0.02385,-0.12621,-0.00107,-0.00037,-0.00021,3.67038,0.35415,-0.67055,1.94775,0.04127,-0.02618,-0.00378
28.18,-0.10458,0.00663,0.95393,0.3119,0.0037,-0,0.72404,-0.9604,-0.02019,1.91989,0.00101,0.0007,0.00592,5.97765,2.49762,0.34125,-1.94044,0.00862,0.00028,0.01342,-1.3808,-0.26136,-0.02517,-0.25261,-0.00181,0.00065,-0.00108,3.7436,0.27418,-0.81434,1.82758,0.03016,-0.01077,-0.00163
28.2,-0.27397,-0.0777,0.8185,0.33383,-0.01069,-0,0.34067,-0.79379,-0.02567,1.69416,0.00202,0.00077,0.01273,5.93088,2.04701,0.20598,-2.12243,0.0042,-0.00934,0.01003,-0.56876,-0.34172,-0.01175,-0.39714,-0.00242,0.00178,-0.002,3.77099,0.17831,-0.95637,1.62488,0.02006,0.00309,0.00024
28.22,-0.4052,-0.17424,0.59907,0.32627,-0.01863,-0,-0.02284,-0.61839,-0.02586,1.45717,0.00304,0.00096,0.01877,5.64374,1.39895,0.09356,-2.33956,-0.00027,-0.01444,0.00607,0.32226,-0.3929,-0.01417,-0.53876,-0.00298,0.00297,-0.00301,3.84588,0.07142,-1.14067,1.36843,0.01164,0.01439,0.00168
28.24,-0.48979,-0.27122,0.33011,0.29451,-0.02348,-0,-0.35125,-0.42371,-0.01727,1.21448,0.00401,0.00108,0.02356,5.09292,0.75071,0.02844,-2.6333,-0.00453,-0.01453,3e-05,1.33541,-0.41334,-0.03764,-0.65528,-0.00356,0.00418,-0.00411,4.04314,-0.04638,-1.3358,1.08241,0.00544,0.0224,0.0026
28.26,-0.51362,-0.36196,0.07461,0.24831,-0.02827,0,-0.64534,-0.22195,-0.00319,0.96905,0.00489,0.00096,0.02622,4.31266,0.26795,-0.01364,-2.97616,-0.00833,-0.01125,-0.00891,2.49099,-0.40616,-0.06413,-0.72815,-0.00417,0.00538,-0.00526,4.39828,-0.17238,-1.49408,0.78803,0.00183,0.02688,0.00301
28.28,-0.46193,-0.43531,-0.11186,0.19113,-0.03421,0,-0.9108,-0.04479,0.0058,0.7267,0.00568,0.00061,0.0269,3.39418,-0.01883,-0.07983,-3.35191,-0.01169,-0.00621,-0.0214,3.7661,-0.38092,-0.07694,-0.74609,-0.00486,0.00654,-0.0064,4.90119,-0.3025,-1.60688,0.50538,0.00108,0.02802,0.00299
28.3,-0.32446,-0.49379,-0.1806,0.13389,-0.03746,0,-1.14959,0.08294,0.00079,0.49674,0.00631,0.0001,0.02554,2.38051,-0.08373,-0.18391,-3.73923,-0.01438,-0.00129,-0.03655,5.08996,-0.35338,-0.14725,-0.7011,-0.00558,0.0074,-0.00743,5.4991,-0.4355,-1.695,0.25407,0.00332,0.0263,0.00263
28.32,-0.12107,-0.54302,-0.12808,0.08716,-0.0328,0,-1.35719,0.17947,-0.01438,0.28523,0.00672,-0.00046,0.02219,1.30503,0.01515,-0.28896,-4.08322,-0.01609,0.00201,-0.05063,6.36448,-0.33874,-0.39424,-0.5902,-0.0062,0.00761,-0.00826,6.11596,-0.57423,-1.78605,0.05051,0.00846,0.02247,0.00202
28.34,0.10039,-0.56963,-0.00209,0.04904,-0.02583,0,-1.52616,0.25229,-0.04195,0.09326,0.00685,-0.00125,0.01742,0.18251,0.16237,-0.36171,-4.27228,-0.01732,0.00268,-0.06286,7.51322,-0.34275,-0.70891,-0.41707,-0.00674,0.00726,-0.00868,6.67665,-0.71297,-1.82076,-0.09516,0.01621,0.01752,0.00132
28.36,0.30956,-0.56394,0.15245,0.01762,-0.02242,0,-1.64582,0.28536,-0.09012,-0.07475,0.00667,-0.0025,0.0116,-0.98817,0.27759,-0.38352,-4.24489,-0.0186,0.00087,-0.07425,8.49594,-0.36504,-0.96519,-0.19046,-0.00724,0.00652,-0.00858,7.13124,-0.83983,-1.76246,-0.17962,0.02592,0.01246,0.00067
28.38,0.48905,-0.52807,0.30379,-0.00702,-0.02082,0,-1.7,0.29052,-0.15252,-0.2156,0.00612,-0.00421,0.00498,-2.17217,0.3109,-0.35049,-3.98776,-0.01977,-0.00183,-0.08372,9.28911,-0.40143,-1.19677,0.07483,-0.00768,0.00541,-0.00794,7.46271,-0.94582,-1.65604,-0.20737,0.03655,0.00836,0.00015
28.4,0.61767,-0.46911,0.42546,-0.02149,-0.02057,0,-1.67063,0.27176,-0.22433,-0.32963,0.00521,-0.0062,-0.0021,-3.26481,0.21878,-0.21863,-3.62681,-0.0208,-0.00344,-0.09037,9.91616,-0.44113,-1.31202,0.35615,-0.00791,0.00411,-0.00688,7.67146,-1.0142,-1.48468,-0.18863,0.04636,0.00637,-0.00017
28.42,0.67415,-0.39736,0.50088,-0.02424,-0.02137,0,-1.54219,0.23211,-0.30015,-0.4202,0.00398,-0.00806,-0.00923,-4.09579,-0.01229,0.08193,-3.3826,-0.02172,-0.00159,-0.09465,10.42077,-0.47013,-1.24272,0.62187,-0.00781,0.00283,-0.00559,7.76951,-1.02383,-1.26186,-0.13729,0.05321,0.00751,-0.00027
28.44,0.67634,-0.31702,0.54462,-0.02217,-0.02238,0,-1.30908,0.18612,-0.36877,-0.49382,0.00242,-0.00948,-0.01597,-4.47382,-0.30151,0.44207,-3.19394,-0.02232,0.00544,-0.09756,10.79661,-0.47833,-1.11877,0.85028,-0.0076,0.00166,-0.00427,7.77912,-0.964,-1.09959,-0.06866,0.05616,0.01228,-0.00018
28.46,0.65093,-0.23406,0.57417,-0.01976,-0.02296,0,-0.97367,0.14197,-0.4205,-0.55909,0.00063,-0.01003,-0.02194,-4.22681,-0.56932,0.73091,-2.98013,-0.02253,0.0182,-0.09946,11.03761,-0.46016,-1.01156,1.03475,-0.00746,0.0007,-0.0031,7.71413,-0.83197,-1.04444,0.00423,0.05529,0.02046,6e-05
28.48,0.60812,-0.16041,0.59432,-0.01662,-0.02226,0,-0.54908,0.1021,-0.4451,-0.62607,-0.00127,-0.00903,-0.0268,-3.2446,-0.78587,0.93541,-2.79904,-0.02245,0.0361,-0.10044,11.16722,-0.41468,-0.89834,1.17122,-0.00734,2e-05,-0.00218,7.57455,-0.63483,-1.0595,0.0705,0.05108,0.03096,0.00036
28.5,0.54641,-0.09674,0.60314,-0.01256,-0.0193,-0,-0.06703,0.05719,-0.45133,-0.70229,-0.0031,-0.00652,-0.02995,-1.52918,-0.89581,1.01312,-2.64273,-0.02177,0.05836,-0.09902,11.18001,-0.35253,-0.79672,1.26746,-0.00728,-0.00039,-0.00156,7.35451,-0.40353,-1.14494,0.12071,0.04545,0.04179,0.00064
28.52,0.45784,-0.04114,0.58695,-0.00779,-0.01349,-0,0.43975,0.01032,-0.45152,-0.79234,-0.00462,-0.00217,-0.03072,0.82938,-0.872,0.95357,-2.4898,-0.0201,0.08488,-0.09311,11.05696,-0.2861,-0.71685,1.33634,-0.00732,-0.00054,-0.00122,7.0409,-0.16746,-1.31446,0.14762,0.04065,0.05051,0.00076
28.54,0.35724,-0.00067,0.54363,-0.00279,-0.00455,-0,0.93937,-0.02726,-0.43149,-0.90094,-0.00569,0.00482,-0.02913,3.69187,-0.75259,0.80067,-2.34872,-0.01783,0.11353,-0.08383,10.79588,-0.21993,-0.6271,1.37932,-0.00739,-0.00049,-0.00115,6.60871,0.05635,-1.49222,0.14618,0.03788,0.05524,0.0007
28.56,0.25753,0.02224,0.47996,0.00243,0.00761,-0,1.39568,-0.05867,-0.38336,-1.02812,-0.00628,0.01431,-0.02544,6.86934,-0.566,0.5859,-2.21016,-0.01534,0.14124,-0.07205,10.38043,-0.15956,-0.51454,1.39578,-0.00739,-0.00029,-0.00127,6.02783,0.24757,-1.60725,0.1148,0.03791,0.05499,0.00054
28.58,0.15926,0.03104,0.39982,0.00839,0.02303,-0,1.77505,-0.08647,-0.31568,-1.16511,-0.0064,0.0256,-0.01973,10.14212,-0.32302,0.33569,-2.05528,-0.01262,0.16594,-0.05712,9.77405,-0.11031,-0.38681,1.38726,-0.00731,1e-05,-0.00151,5.27033,0.39394,-1.65667,0.05608,0.04097,0.04961,0.00031
28.6,0.06475,0.0307,0.30246,0.01431,0.04038,-0,2.05847,-0.10893,-0.24119,-1.29562,-0.00611,0.03804,-0.01257,13.25852,-0.04031,0.07909,-1.85068,-0.0098,0.18725,-0.04143,8.94586,-0.07294,-0.24355,1.35201,-0.00717,0.00032,-0.00179,4.30369,0.49006,-1.60962,-0.02352,0.04612,0.03988,0.00013
28.62,-0.02112,0.02459,0.19166,0.01706,0.05588,-0,2.23946,-0.12278,-0.16991,-1.3986,-0.0055,0.05132,-0.0044,15.96787,0.24874,-0.14278,-1.57572,-0.00703,0.20489,-0.02668,7.87122,-0.04567,-0.09818,1.28687,-0.00698,0.00061,-0.00202,3.10949,0.5349,-1.4515,-0.11596,0.0517,0.02704,3e-05
28.64,-0.09599,0.01409,0.09011,0.01627,0.06798,-0,2.29194,-0.12818,-0.10281,-1.45998,-0.00471,0.06393,0.00448,18.06003,0.50728,-0.28472,-1.24738,-0.00454,0.21509,-0.0116,6.53514,-0.02554,0.02893,1.18919,-0.00668,0.00081,-0.00213,1.69802,0.53569,-1.22482,-0.21288,0.05642,0.01232,-3e-05
28.66,-0.16463,0.00334,0.01516,0.01343,0.07709,-0,2.20402,-0.1258,-0.04376,-1.47339,-0.00389,0.07413,0.01353,19.42241,0.71093,-0.31607,-0.89659,-0.00251,0.21415,0.00312,4.95784,-0.00935,0.13325,1.05999,-0.00625,0.00092,-0.00213,0.09952,0.50187,-0.95981,-0.30572,0.05941,-0.00314,-7e-05
28.68,-0.23281,-0.00292,-0.03059,0.00809,0.0833,-0,1.99924,-0.11455,0.00146,-1.43573,-0.00312,0.08154,0.02201,20.03727,0.83907,-0.22057,-0.55581,-0.00102,0.20042,0.01575,3.20914,0.00565,0.21708,0.90633,-0.0057,0.00097,-0.00205,-1.62038,0.44381,-0.67052,-0.38632,0.05999,-0.01822,-6e-05
28.7,-0.30783,-0.00183,-0.04497,-0.00026,0.07767,-0,1.69972,-0.09547,0.03055,-1.35535,-0.00246,0.08568,0.02931,19.89407,0.84689,0.01714,-0.26049,-0.00016,0.1774,0.0252,1.40532,0.0215,0.28535,0.74156,-0.0051,0.00098,-0.00195,-3.34718,0.37071,-0.37139,-0.44663,0.05782,-0.03185,-6e-05
28.72,-0.39978,0.00589,-0.03279,-0.01206,0.05773,-0,1.33525,-0.07098,0.04609,-1.24437,-0.00197,0.08637,0.03505,19.00551,0.68708,0.48193,-0.05082,0.0003,0.14856,0.03191,-0.31438,0.03912,0.34463,0.58081,-0.00452,0.00102,-0.00193,-4.93878,0.29406,-0.088,-0.47956,0.05287,-0.04305,-0.00011
28.74,-0.50601,0.01763,-0.01182,-0.02621,0.03576,-0,0.94354,-0.04425,0.05181,-1.10873,-0.0017,0.0839,0.03846,17.53142,0.41044,1.20779,0.06574,0.00072,0.11259,0.03764,-1.83242,0.05902,0.40028,0.43495,-0.00399,0.00115,-0.00205,-6.27928,0.22808,0.15311,-0.4796,0.04559,-0.05101,-0.00021
28.76,-0.61239,0.03027,0.00238,-0.04096,0.01582,-0,0.54693,-0.01807,0.05058,-0.95498,-0.00163,0.07865,0.03894,15.68993,0.09976,2.05729,0.11593,0.00115,0.07412,0.04351,-3.07984,0.08144,0.45501,0.31066,-0.00354,0.00137,-0.00236,-7.30455,0.17926,0.34575,-0.44548,0.03649,-0.05519,-0.00028
28.78,-0.71285,0.04045,-0.00159,-0.05543,-0.0054,-0,0.15669,0.00582,0.0468,-0.79179,-0.00175,0.07138,0.03659,13.60259,-0.18916,3.06375,0.12858,0.00165,0.04072,0.05042,-4.02825,0.10554,0.50735,0.21059,-0.00321,0.00168,-0.00283,-7.9903,0.14579,0.49181,-0.38182,0.02604,-0.05548,-0.00035
28.8,-0.78326,0.04574,-0.03126,-0.06879,-0.02434,-0,-0.21737,0.02658,0.04282,-0.62868,-0.002,0.06212,0.03154,11.4667,-0.36939,3.93934,0.17496,0.00247,0.01536,0.06112,-4.6808,0.12966,0.54637,0.13345,-0.003,0.00207,-0.00342,-8.35063,0.1217,0.59976,-0.29736,0.01505,-0.05196,-0.00037
28.82,-0.80076,0.04535,-0.08537,-0.0806,-0.03649,-0,-0.56178,0.04418,0.03946,-0.47374,-0.00236,0.05116,0.02425,9.44313,-0.37451,4.2228,0.34104,0.00394,0.00081,0.07625,-5.0611,0.1516,0.55652,0.0753,-0.00291,0.00251,-0.00402,-8.41994,0.09845,0.68151,-0.20415,0.00424,-0.04486,-0.00032
28.84,-0.78168,0.04162,-0.16058,-0.08968,-0.0463,-0,-0.86733,0.05912,0.03847,-0.33121,-0.00278,0.03987,0.01549,7.5218,-0.19514,4.14471,0.60076,0.00629,-0.00188,0.09035,-5.19606,0.1693,0.53304,0.03024,-0.00296,0.00293,-0.00456,-8.22872,0.06833,0.73857,-0.11489,-0.00599,-0.03438,-0.00022
28.86,-0.74117,0.03664,-0.25272,-0.09543,-0.05458,-0,-1.13168,0.07225,0.04081,-0.20379,-0.00319,0.02921,0.0061,5.69755,0.16232,3.92024,0.90243,0.00976,0.00363,0.09969,-5.12057,0.1814,0.47373,-0.00948,-0.00314,0.00327,-0.00497,-7.80344,0.02877,0.76491,-0.03986,-0.01545,-0.02065,-0.0001
28.88,-0.67917,0.0301,-0.35178,-0.0986,-0.05915,0,-1.35062,0.08445,0.04611,-0.09336,-0.00352,0.01953,-0.00297,3.99659,0.67158,3.5163,1.23154,0.01464,0.01354,0.10524,-4.88167,0.18719,0.37376,-0.05281,-0.00344,0.00348,-0.00518,-7.1687,-0.01609,0.75031,0.01276,-0.02428,-0.00376,5e-05
28.9,-0.59372,0.02929,-0.42602,-0.09843,-0.05935,0,-1.5169,0.09665,0.05337,-0.00102,-0.00376,0.01078,-0.0105,2.44753,1.24072,2.83201,1.54374,0.02177,0.025,0.10251,-4.53016,0.18658,0.23499,-0.10917,-0.00384,0.00349,-0.00514,-6.34734,-0.05549,0.66871,0.03611,-0.03279,0.01608,0.00024
28.92,-0.48758,0.04142,-0.43411,-0.09478,-0.05461,0,-1.62102,0.10939,0.06129,0.07256,-0.0039,0.00331,-0.01487,1.02751,1.69467,1.89164,1.75039,0.03217,0.03567,0.08826,-4.11688,0.18016,0.0605,-0.18685,-0.00434,0.00326,-0.00483,-5.36268,-0.07504,0.49553,0.02502,-0.04129,0.03858,0.0005
28.94,-0.37225,0.06097,-0.36768,-0.09028,-0.04793,0,-1.65694,0.12218,0.06882,0.12725,-0.00386,-0.00236,-0.01514,-0.36479,1.89577,0.96964,1.80127,0.0453,0.04219,0.07003,-3.68412,0.16897,-0.14591,-0.29095,-0.00489,0.00275,-0.00419,-4.24036,-0.06315,0.23488,-0.02242,-0.04993,0.06324,0.00082
28.96,-0.25883,0.08354,-0.23566,-0.08659,-0.04127,0,-1.62086,0.13343,0.07453,0.16355,-0.00358,-0.00652,-0.01099,-1.85846,1.76782,0.19435,1.65552,0.0596,0.04033,0.05296,-3.26033,0.15469,-0.37522,-0.42159,-0.0055,0.00197,-0.00323,-3.01622,-0.01541,-0.09674,-0.10438,-0.05845,0.08915,0.00119
28.98,-0.1574,0.10954,-0.05457,-0.08359,-0.03439,0,-1.50859,0.14047,0.07608,0.18251,-0.00305,-0.00955,-0.00234,-3.58893,1.27732,-0.41685,1.24547,0.07242,0.0268,0.03631,-2.86318,0.13977,-0.61005,-0.57204,-0.00609,0.00094,-0.00197,-1.7473,0.06417,-0.46399,-0.21453,-0.06602,0.11501,0.00161
29,-0.07353,0.13986,0.16994,-0.08127,-0.02747,0,-1.32059,0.14251,0.07022,0.18565,-0.00232,-0.01149,0.01034,-5.78338,0.31851,-0.80992,0.70353,0.08457,-0.0088,0.02192,-2.49801,0.12628,-0.83692,-0.73006,-0.00665,-0.00028,-0.00048,-0.51522,0.16339,-0.82119,-0.34274,-0.07146,0.13855,0.00195
29.02,-0.01796,0.16845,0.38974,-0.07948,-0.02087,0,-1.06123,0.1403,0.05425,0.17518,-0.00144,-0.01212,0.02643,-8.80587,-1.10051,-0.84875,0.27187,0.0991,-0.08619,0.01378,-2.16539,0.11581,-1.05244,-0.88039,-0.00716,-0.00159,0.00119,0.59107,0.26472,-1.14516,-0.47743,-0.07347,0.15694,0.00196
29.04,0.00276,0.18219,0.49621,-0.07776,-0.01478,0,-0.74033,0.13216,0.02713,0.15415,-0.00041,-0.0116,0.04482,-12.39918,-2.48595,-0.51143,-0.10831,0.10719,-0.19744,0.0101,-1.868,0.10903,-1.22591,-1.005,-0.00749,-0.00287,0.00295,1.50436,0.35409,-1.38191,-0.60341,-0.07081,0.16857,0.00174
29.06,0.00235,0.17562,0.45954,-0.07574,-0.00955,0,-0.37601,0.11727,-0.01079,0.12721,0.00069,-0.01012,0.06345,-15.79455,-3.42405,0.04918,-0.50006,0.10093,-0.31772,0.00725,-1.60281,0.10366,-1.32184,-1.0877,-0.00752,-0.00407,0.00475,2.19583,0.42465,-1.47817,-0.70403,-0.06298,0.17278,0.00148
29.08,0.00126,0.15079,0.31759,-0.07311,-0.00552,0,0.00217,0.09756,-0.05701,0.10102,0.00178,-0.00764,0.07886,-18.24837,-3.73991,0.70907,-0.83594,0.08423,-0.43254,0.00504,-1.36222,0.09415,-1.32892,-1.11668,-0.00711,-0.00513,0.00655,2.67428,0.47408,-1.43588,-0.7639,-0.05043,0.16928,0.00113
29.1,0.01354,0.11246,0.14667,-0.06944,-0.00249,0,0.35375,0.07908,-0.10473,0.08305,0.00271,-0.00489,0.08943,-19.05064,-3.48643,1.26563,-1.01514,0.0561,-0.48955,0.00179,-1.1423,0.07297,-1.22824,-1.08096,-0.00614,-0.00601,0.00827,2.97525,0.50305,-1.2523,-0.76434,-0.03432,0.15899,0.00085
29.12,0.03692,0.07183,0.01329,-0.06449,-0.00034,0,0.64281,0.06724,-0.14236,0.08011,0.00336,-0.00248,0.0951,-18.08494,-2.91477,1.60446,-0.88031,0.02427,-0.45205,-0.00023,-0.9392,0.03312,-1.01125,-0.97357,-0.0045,-0.0067,0.00985,3.14788,0.51381,-0.94906,-0.68902,-0.01633,0.1433,0.00078
29.14,0.0631,0.04023,-0.05924,-0.05846,0.00101,0,0.83829,0.05815,-0.16218,0.09579,0.00364,-0.00085,0.08965,-15.38766,-2.13062,1.71236,-0.54137,0.00298,-0.36011,0.00047,-0.74615,-0.02854,-0.68562,-0.7947,-0.00217,-0.00716,0.01121,3.24205,0.51107,-0.58892,-0.53318,0.00175,0.12315,0.00074
29.16,0.07995,0.02026,-0.07697,-0.05166,0.00215,0,0.9218,0.04871,-0.16237,0.12833,0.0035,-0.00068,0.06963,-11.19421,-1.25683,1.60778,-0.16713,-0.00735,-0.24687,0.00123,-0.55515,-0.11047,-0.27052,-0.55427,0.00074,-0.00733,0.01226,3.29687,0.49869,-0.21616,-0.30368,0.01841,0.09972,0.00063
29.18,0.0777,0.00868,-0.06213,-0.04448,0.00342,0,0.89991,0.03903,-0.14222,0.17003,0.00298,-0.00217,0.0386,-6.05102,-0.46316,1.3469,0.05656,-0.01143,-0.1152,0.00072,-0.35815,-0.205,0.20298,-0.27462,0.00401,-0.00716,0.01291,3.33643,0.47783,0.14075,-0.02068,0.03232,0.07456,0.00047
29.2,0.04726,-0.00032,-0.06357,-0.03725,0.00521,0,0.79023,0.02593,-0.11027,0.20968,0.00215,-0.0049,-0.00038,-0.76738,0.11465,0.99735,-0.09596,-0.01438,1e-05,-0.00102,-0.1487,-0.2987,0.67802,0.01123,0.00721,-0.00679,0.01304,3.3732,0.44856,0.45025,0.28138,0.04222,0.04959,0.00028
29.22,0.00385,-0.01361,-0.1145,-0.03049,0.00798,0,0.62041,0.00962,-0.07625,0.23553,0.00116,-0.00788,-0.0367,4.31821,0.55536,0.6066,-0.59907,-0.01828,0.13783,-0.00203,0.08143,-0.37525,1.03105,0.2597,0.00969,-0.00636,0.01252,3.4128,0.40991,0.67514,0.55856,0.04704,0.02671,5e-05
29.24,-0.02651,-0.03214,-0.1716,-0.02497,0.01118,0,0.42435,-0.00659,-0.04199,0.23717,0.00018,-0.0103,-0.0618,8.84799,0.8773,0.17209,-1.36364,-0.01991,0.31823,0.00023,0.34297,-0.41882,1.2115,0.43534,0.01117,-0.00567,0.0113,3.46046,0.36126,0.79647,0.7751,0.04603,0.00735,-0.00021
29.26,-0.04548,-0.0536,-0.19397,-0.02105,0.01432,0,0.22532,-0.02091,-0.01097,0.20977,-0.00071,-0.01182,-0.07685,12.0538,0.94876,-0.19023,-2.22674,-0.0184,0.47342,0.00555,0.64615,-0.41921,1.24448,0.52301,0.01168,-0.00459,0.00939,3.52858,0.30238,0.81301,0.91196,0.039,-0.00749,-0.00045
29.28,-0.06511,-0.07534,-0.17575,-0.01869,0.01758,0,0.03672,-0.03131,0.01281,0.15589,-0.00146,-0.01226,-0.08214,13.57112,0.7336,-0.35467,-2.93063,-0.01481,0.56575,0.01171,1.00187,-0.37503,1.12661,0.52082,0.01123,-0.00319,0.00688,3.63845,0.23368,0.72328,0.96144,0.02644,-0.01723,-0.00062
29.3,-0.10368,-0.09428,-0.12282,-0.01765,0.02061,0,-0.13225,-0.03561,0.02807,0.08379,-0.00208,-0.01165,-0.08162,13.32738,0.25756,-0.22947,-3.19669,-0.01082,0.57714,0.01577,1.41538,-0.29587,0.91722,0.44338,0.01005,-0.0015,0.00391,3.81643,0.15923,0.54055,0.92928,0.00945,-0.02165,-0.00066
29.32,-0.17256,-0.10661,-0.05743,-0.01761,0.02297,0,-0.27664,-0.03255,0.03585,0.00519,-0.00259,-0.01014,-0.08017,11.60679,-0.34639,0.221,-3.03311,-0.00798,0.51495,0.01578,1.88213,-0.19688,0.6699,0.31178,0.00845,0.00038,0.00071,4.08575,0.08298,0.27804,0.82828,-0.01049,-0.02079,-0.00053
29.34,-0.26719,-0.11201,-0.00818,-0.01833,0.02501,0,-0.39277,-0.02247,0.03788,-0.06883,-0.00297,-0.00805,-0.0766,8.98816,-0.82016,0.84992,-2.67486,-0.00655,0.39533,0.01091,2.3935,-0.09222,0.37285,0.14273,0.00643,0.00236,-0.00255,4.45437,0.00687,-0.05721,0.6711,-0.03185,-0.01499,-0.00027
29.36,-0.3696,-0.11229,0.00218,-0.0196,0.02701,0,-0.47688,-0.00676,0.03598,-0.13083,-0.00323,-0.00562,-0.06991,6.09856,-0.86868,1.34343,-2.15436,-0.00617,0.25026,0.00118,2.93046,0.00459,0.03479,-0.04672,0.00406,0.00433,-0.0057,4.90567,-0.06691,-0.44797,0.47215,-0.05313,-0.00481,0.00011
29.38,-0.45856,-0.10571,-0.03116,-0.02118,0.02885,0,-0.52556,0.01224,0.03264,-0.17713,-0.00337,-0.00292,-0.06101,3.36476,-0.33712,1.56539,-1.4484,-0.00621,0.12193,-0.01232,3.45464,0.08254,-0.31144,-0.2393,0.00145,0.00625,-0.00857,5.39346,-0.13698,-0.8617,0.24892,-0.07279,0.00886,0.00056
29.4,-0.49921,-0.09822,-0.08591,-0.0228,0.03057,0,-0.53441,0.03129,0.02875,-0.20732,-0.00334,1e-05,-0.04955,1.05662,0.70366,1.30442,-0.60091,-0.00618,0.03611,-0.02699,3.90114,0.13483,-0.65054,-0.41917,-0.0013,0.00786,-0.01103,5.84239,-0.20346,-1.27653,0.02275,-0.08903,0.02475,0.00101
29.42,-0.4662,-0.09327,-0.11387,-0.02416,0.03224,0,-0.49937,0.04743,0.02398,-0.22319,-0.00308,0.00338,-0.03518,-0.97796,1.76596,0.6273,0.30236,-0.00622,0.00035,-0.03703,4.19607,0.15931,-1.01949,-0.5731,-0.0042,0.00877,-0.01292,6.16486,-0.26725,-1.69946,-0.18792,-0.09999,0.04127,0.00129
29.44,-0.37975,-0.07983,-0.09713,-0.02517,0.03359,0,-0.41939,0.05823,0.0177,-0.22696,-0.00262,0.00739,-0.01861,-3.17102,2.34434,-0.00653,1.12546,-0.00686,0.00015,-0.0406,4.30322,0.15674,-1.39952,-0.68698,-0.00724,0.009,-0.01409,6.2903,-0.32692,-2.08388,-0.36778,-0.10433,0.05699,0.00137
29.46,-0.2692,-0.05245,-0.05227,-0.02574,0.03429,0,-0.29721,0.06251,0.0081,-0.22051,-0.00202,0.01198,-0.00042,-5.84697,2.24146,-0.40789,1.77206,-0.00838,0.0017,-0.03975,4.22126,0.13151,-1.72648,-0.74789,-0.01023,0.00872,-0.01444,6.18151,-0.3784,-2.36583,-0.5034,-0.10137,0.07085,0.00129
29.48,-0.15783,-0.01497,-0.00879,-0.02558,0.03424,0,-0.14032,0.06098,-0.00722,-0.20536,-0.0013,0.01691,0.01809,-9.16459,1.46566,-0.53868,2.18408,-0.01011,-0.03959,-0.03498,3.9728,0.09206,-1.98094,-0.74801,-0.01297,0.00795,-0.01398,5.83799,-0.41693,-2.53122,-0.58794,-0.09109,0.08174,0.00104
29.5,-0.06185,0.025,-0.0024,-0.02472,0.03254,0,0.03863,0.05535,-0.02932,-0.18212,-0.00054,0.02204,0.03536,-13.13612,0.1892,-0.40706,2.47089,-0.01424,-0.13476,-0.0293,3.61312,0.04793,-2.14501,-0.67965,-0.0152,0.00673,-0.01278,5.29882,-0.4341,-2.55673,-0.61675,-0.07414,0.08868,0.00069
29.52,0.00287,0.05764,-0.0579,-0.02317,0.02808,0,0.22334,0.0476,-0.05638,-0.15116,0.00017,0.02721,0.05141,-17.47913,-1.13491,-0.04185,2.8663,-0.02364,-0.22542,-0.02547,3.21037,0.00864,-2.20783,-0.53918,-0.01662,0.00521,-0.01098,4.62533,-0.42141,-2.42749,-0.58843,-0.05169,0.09078,0.00029
29.54,0.04347,0.07493,-0.14931,-0.02047,0.02225,0,0.39664,0.03948,-0.08468,-0.1136,0.00076,0.03147,0.06354,-20.6729,-1.84021,0.36318,3.14089,-0.03262,-0.28418,-0.02053,2.82664,-0.019,-2.12422,-0.33141,-0.01688,0.00361,-0.00872,3.8775,-0.37812,-2.14689,-0.50817,-0.02521,0.08761,-6e-05
29.56,0.09256,0.07495,-0.22121,-0.0165,0.01663,0,0.54155,0.03197,-0.10995,-0.07068,0.00117,0.03384,0.0684,-21.44658,-1.77062,0.58706,3.03492,-0.03536,-0.3115,-0.01325,2.50085,-0.03295,-1.86923,-0.06878,-0.01577,0.00208,-0.00611,3.11429,-0.30853,-1.72871,-0.38481,0.00366,0.07929,-0.00028
29.58,0.17775,0.0625,-0.22515,-0.01167,0.0113,0,0.6395,0.02518,-0.12741,-0.02397,0.00135,0.03384,0.06602,-19.46722,-1.11817,0.5785,2.67877,-0.03247,-0.26493,-0.00574,2.24478,-0.03445,-1.4792,0.22671,-0.01344,0.00069,-0.00334,2.39792,-0.21998,-1.20684,-0.23111,0.03293,0.06657,-0.00037
29.6,0.28339,0.04421,-0.17306,-0.00665,0.00775,0,0.67103,0.01941,-0.13129,0.02425,0.00128,0.03119,0.05599,-15.45836,-0.40729,0.36882,2.07812,-0.02491,-0.19995,0.00071,2.06516,-0.027,-0.94993,0.52034,-0.00988,-0.00047,-0.0006,1.79303,-0.12471,-0.61211,-0.06396,0.06012,0.05103,-0.00026
29.62,0.35244,0.02767,-0.12686,-0.00226,0.00658,0,0.61848,0.01426,-0.11745,0.07132,0.00095,0.026,0.03932,-10.6491,0.11951,0.08596,1.35021,-0.01587,-0.1503,0.00588,1.95746,-0.01505,-0.36255,0.76634,-0.00555,-0.00146,0.00192,1.35949,-0.03539,-0.01776,0.09519,0.08263,0.03443,-4e-05
29.64,0.37942,0.01798,-0.10531,0.00075,0.00585,0,0.46876,0.00787,-0.09035,0.11478,0.00043,0.01869,0.01937,-5.30614,0.54998,-0.19433,0.71752,-0.00653,-0.03359,0.01123,1.89451,-0.00244,0.14307,0.93294,-0.00134,-0.00228,0.00401,1.13519,0.03862,0.49391,0.22739,0.09829,0.01812,0.00015
29.66,0.37541,0.0159,-0.1074,0.00193,0.00456,0,0.22232,-0.00081,-0.05691,0.15237,-0.00024,0.01016,-0.00157,0.10928,0.78941,-0.4232,0.18788,0.00426,0.15768,0.01893,1.85408,0.0079,0.52973,1.00731,0.00236,-0.00285,0.00558,1.12381,0.09135,0.89543,0.32224,0.10579,0.00329,0.00026
29.68,0.33825,0.0207,-0.12326,0.00122,0.00285,0,-0.10264,-0.0119,-0.02304,0.18148,-0.00098,0.00155,-0.02204,4.85934,0.82907,-0.56422,-0.3401,0.01684,0.3741,0.02945,1.82752,0.01426,0.79461,0.98447,0.00538,-0.00315,0.00657,1.2926,0.12149,1.17792,0.37425,0.10481,-0.00911,0.0003
29.7,0.27215,0.03176,-0.13987,-0.00104,0.00102,0,-0.47042,-0.02395,0.00282,0.19954,-0.0017,-0.00602,-0.04011,8.38148,0.72648,-0.56583,-0.87237,0.03034,0.57956,0.04334,1.80357,0.01599,0.94971,0.8755,0.00768,-0.00317,0.00696,1.57654,0.13037,1.34288,0.38334,0.09572,-0.01835,0.00026
29.72,0.19112,0.04753,-0.1258,-0.00419,-0.00013,0,-0.8297,-0.03318,0.02121,0.20419,-0.00235,-0.01107,-0.05289,10.48724,0.5079,-0.36491,-1.2441,0.04215,0.76157,0.06011,1.772,0.01341,1.01985,0.69826,0.00934,-0.0029,0.00674,1.89442,0.12154,1.39914,0.35291,0.07946,-0.0239,0.00016
29.74,0.1143,0.06601,-0.06357,-0.00751,0.00042,0,-1.13572,-0.0374,0.03419,0.1927,-0.00287,-0.01322,-0.05975,10.76457,0.19192,-0.04045,-1.37566,0.04575,0.83308,0.0719,1.72613,0.00779,1.02036,0.46829,0.01038,-0.00237,0.00598,2.17337,0.1019,1.36435,0.28733,0.05757,-0.02549,4e-05
29.76,0.03516,0.08602,0.00693,-0.01046,0.00357,0,-1.35896,-0.03596,0.03954,0.16447,-0.00323,-0.01335,-0.06154,9.26493,-0.06659,0.20443,-1.28652,0.03903,0.74757,0.07261,1.65682,0.00057,0.96552,0.20369,0.0108,-0.00162,0.00478,2.36285,0.07679,1.2584,0.19365,0.03174,-0.02322,-4e-05
29.78,-0.06116,0.10556,0.0386,-0.0126,0.00981,0,-1.47776,-0.02857,0.03903,0.12239,-0.00341,-0.012,-0.05808,6.72356,-0.10631,0.24284,-0.96754,0.02587,0.5682,0.06306,1.55277,-0.00672,0.86652,-0.07342,0.01063,-0.00073,0.00327,2.43594,0.0488,1.09424,0.08243,0.00399,-0.01756,-6e-05
29.8,-0.17686,0.12461,0.01918,-0.0135,0.0187,0,-1.48422,-0.01692,0.03428,0.07218,-0.00339,-0.00996,-0.05019,3.9415,0.1388,-0.01102,-0.57963,0.01218,0.3518,0.04563,1.39871,-0.01251,0.73695,-0.33838,0.01008,0.00018,0.00165,2.38448,0.02024,0.89498,-0.03254,-0.02316,-0.00931,-1e-05
29.82,-0.28464,0.14479,-0.00049,-0.01275,0.02836,0,-1.38133,-0.00367,0.02678,0.02178,-0.00312,-0.00768,-0.03854,1.44389,0.49559,-0.3372,-0.20063,0.00228,0.16012,0.0241,1.18256,-0.01555,0.5865,-0.57144,0.00937,0.00101,0.00013,2.21601,-0.00805,0.67949,-0.1384,-0.04711,0.00049,0.0001
29.84,-0.35357,0.16466,0.0097,-0.01013,0.0367,0,-1.17804,0.00872,0.01728,-0.02057,-0.00264,-0.00511,-0.02343,-0.80736,0.69049,-0.49974,0.17766,-0.00287,0.03674,0.00408,0.90507,-0.01483,0.41802,-0.7515,0.00834,0.00165,-0.00112,1.95291,-0.03543,0.45252,-0.22396,-0.06575,0.0107,0.00023
29.86,-0.36952,0.18245,0.03855,-0.00546,0.04201,0,-0.89451,0.01863,0.00537,-0.04783,-0.00199,-0.00217,-0.00578,-3.05251,0.59966,-0.48889,0.51181,-0.00484,-0.02807,-0.01224,0.57451,-0.01004,0.23962,-0.85903,0.00691,0.00203,-0.002,1.62394,-0.05955,0.22438,-0.28024,-0.07778,0.02026,0.00037
29.88,-0.33115,0.196,0.06407,0.00137,0.04312,0,-0.56387,0.02548,-0.01037,-0.05466,-0.0012,0.00099,0.01232,-5.49402,0.23431,-0.32857,0.78391,-0.00554,-0.07653,-0.02529,0.20888,-0.00176,0.06747,-0.88525,0.00526,0.00215,-0.00246,1.26363,-0.07719,0.01226,-0.30343,-0.0827,0.02808,0.0005
29.9,-0.24551,0.20621,0.06009,0.01032,0.03732,0,-0.23041,0.03,-0.03074,-0.03739,-0.00039,0.00405,0.02847,-8.14962,-0.26809,-0.13457,1.04947,-0.00727,-0.1244,-0.03521,-0.16033,0.00877,-0.07705,-0.82501,0.00356,0.00199,-0.0025,0.9167,-0.08405,-0.16516,-0.29236,-0.08078,0.03298,0.00056
29.92,-0.13325,0.21256,0.00379,0.02111,0.02231,0,0.0627,0.03354,-0.05149,0.00494,0.00035,0.00683,0.04234,-10.7729,-0.6496,-0.00829,1.40276,-0.01148,-0.12151,-0.04044,-0.49643,0.0199,-0.18157,-0.67982,0.00204,0.00157,-0.00215,0.62539,-0.07621,-0.29298,-0.24928,-0.07273,0.03388,0.0005
29.94,-0.01248,0.21171,-0.09273,0.03331,0.00576,0,0.28288,0.03607,-0.06929,0.06953,0.00092,0.00841,0.05082,-12.67611,-0.66115,0.01379,1.72933,-0.01572,-0.0891,-0.04005,-0.77248,0.03017,-0.2314,-0.45991,0.00087,0.001,-0.00148,0.41384,-0.05248,-0.35687,-0.18146,-0.05933,0.03021,0.00038
29.96,0.12797,0.20513,-0.18517,0.04645,-0.00439,0,0.40875,0.03673,-0.08368,0.15047,0.00124,0.00772,0.05069,-13.35531,-0.31239,-0.05055,1.87998,-0.01638,-0.07382,-0.03484,-0.98029,0.03848,-0.21365,-0.18529,0.00017,0.00034,-0.00053,0.28167,-0.01493,-0.34726,-0.0994,-0.04168,0.02207,0.00023
29.98,0.3053,0.19688,-0.23841,0.05971,-0.00544,0,0.43221,0.0345,-0.09027,0.23803,0.00133,0.00465,0.04342,-12.65083,0.20403,-0.14533,1.9354,-0.01242,-0.03455,-0.02645,-1.12749,0.04403,-0.13408,0.11214,-3e-05,-0.00036,0.0006,0.20195,0.03095,-0.26725,-0.01744,-0.02143,0.01027,7e-05
30,0.49522,0.18845,-0.25571,0.07208,0.00573,-0,0.35249,0.02848,-0.08783,0.32059,0.0012,-0.00055,0.03007,-11.09886,0.63724,-0.2099,1.80756,-0.0049,-0.02411,-0.01868,-1.24163,0.04595,-0.00652,0.38707,0.00024,-0.00104,0.00179,0.12529,0.07671,-0.12559,0.04605,-0.00058,-0.00366,-9e-05
30.02,0.61066,0.17957,-0.26701,0.08226,0.01715,-0,0.17576,0.01759,-0.07759,0.38769,0.00093,-0.00657,0.01429,-9.55659,1.19037,-0.23303,1.44262,0.00524,-0.01354,-0.01435,-1.35967,0.04353,0.13509,0.58144,0.00085,-0.00164,0.00293,-0.00631,0.11263,0.05856,0.07195,0.0185,-0.0179,-0.00025
30.04,0.64166,0.17117,-0.26352,0.08857,0.01811,-0,-0.08399,-0.00085,-0.05917,0.42934,0.0006,-0.01209,0.00161,-8.0483,1.76955,-0.20398,1.08454,0.01761,0.10305,-0.01243,-1.50288,0.03658,0.25711,0.66123,0.00161,-0.00211,0.0039,-0.23989,0.13174,0.26139,0.04767,0.03383,-0.03082,-0.00043
30.06,0.62088,0.16413,-0.23209,0.09044,0.01076,-0,-0.40945,-0.0283,-0.03314,0.43971,0.00029,-0.01676,-0.00641,-6.67516,2.031,-0.1276,0.83952,0.02967,0.27157,-0.01175,-1.68215,0.0253,0.34747,0.62248,0.00243,-0.00241,0.0046,-0.59685,0.13113,0.46628,-0.02899,0.04431,-0.04134,-0.00059
30.08,0.54837,0.15759,-0.17598,0.08874,-0.0071,-0,-0.7762,-0.06616,-0.00159,0.41895,6e-05,-0.0203,-0.01006,-5.69676,2.03708,-0.03819,0.64468,0.03888,0.43137,-0.01159,-1.90451,0.01034,0.3987,0.4763,0.00318,-0.00251,0.00497,-1.06681,0.11075,0.65763,-0.14907,0.04946,-0.04893,-0.00073
30.1,0.46037,0.14898,-0.10105,0.08588,-0.03183,-0,-1.14797,-0.10979,0.03271,0.37025,-5e-05,-0.02278,-0.01049,-5.17481,1.76246,0.00264,0.51124,0.04318,0.5284,-0.01167,-2.15526,-0.00699,0.41476,0.25895,0.00383,-0.0024,0.00494,-1.60714,0.0735,0.81857,-0.29382,0.04939,-0.0535,-0.00083
30.12,0.3821,0.13458,-0.02146,0.08514,-0.0566,-0,-1.4808,-0.14236,0.0753,0.29835,2e-05,-0.02445,-0.00913,-5.07962,1.24679,-0.00733,0.44364,0.04201,0.52951,-0.01179,-2.40601,-0.0249,0.40486,0.00936,0.00449,-0.00207,0.00447,-2.15373,0.02372,0.93204,-0.4411,0.0446,-0.05525,-0.00092
30.14,0.30223,0.11757,0.04959,0.08843,-0.08036,-0,-1.73708,-0.16179,0.12619,0.20674,0.0003,-0.02549,-0.00665,-5.32372,0.72002,-0.04681,0.42411,0.03699,0.4635,-0.01168,-2.6388,-0.04179,0.37068,-0.24276,0.00501,-0.00151,0.00358,-2.64338,-0.03403,0.987,-0.57033,0.0358,-0.05439,-0.00095
30.16,0.22385,0.1028,0.1033,0.09669,-0.10179,-0,-1.88944,-0.1763,0.17741,0.0977,0.00083,-0.02611,-0.00372,-5.80792,0.32087,-0.12355,0.45124,0.02987,0.36576,-0.01134,-2.8374,-0.05669,0.31391,-0.47031,0.00525,-0.00074,0.00231,-3.0244,-0.09486,0.97783,-0.66758,0.02386,-0.05111,-0.0009
30.18,0.16097,0.08912,0.13668,0.1108,-0.11945,0,-1.91759,-0.18337,0.22692,-0.0266,0.00162,-0.02651,-0.00115,-6.47175,0.07714,-0.20541,0.5179,0.02173,0.26063,-0.0108,-2.97903,-0.06906,0.23784,-0.65549,0.00521,0.00016,0.00078,-3.25391,-0.15299,0.90027,-0.72786,0.00987,-0.04556,-0.00077
30.2,0.1212,0.07968,0.15639,0.12737,-0.12935,0,-1.81809,-0.1856,0.27205,-0.16349,0.00269,-0.02683,0.00033,-7.22372,-0.03101,-0.27459,0.61095,0.01398,0.16094,-0.01029,-3.03961,-0.07904,0.14555,-0.78925,0.00485,0.00112,-0.00085,-3.29761,-0.20185,0.75587,-0.75336,-0.0048,-0.03789,-0.00057
30.22,0.10862,0.07691,0.17705,0.14011,-0.12885,0,-1.59382,-0.18817,0.30978,-0.30929,0.00402,-0.0272,3e-05,-7.96457,-0.04148,-0.32896,0.71407,0.0073,0.07694,-0.00996,-2.99735,-0.08714,0.03886,-0.86934,0.00417,0.00204,-0.0024,-3.1342,-0.235,0.54952,-0.75101,-0.01874,-0.02818,-0.0003
30.24,0.1234,0.07637,0.19942,0.14819,-0.12393,0,-1.24005,-0.19009,0.33919,-0.46084,0.00558,-0.02761,-0.0026,-8.69514,0.00082,-0.34226,0.78788,0.00121,0.0189,-0.00953,-2.84333,-0.09304,-0.08071,-0.8952,0.00319,0.00282,-0.00372,-2.76569,-0.24651,0.29138,-0.72876,-0.0307,-0.01652,2e-05
30.26,0.16006,0.07494,0.2168,0.15237,-0.11908,0,-0.75336,-0.19177,0.35829,-0.61565,0.00726,-0.02796,-0.0078,-9.43687,0.03939,-0.2967,0.79578,-0.00437,-0.01661,-0.00882,-2.58156,-0.09598,-0.20858,-0.87054,0.00193,0.0034,-0.00471,-2.2244,-0.23352,-0.00122,-0.69564,-0.03978,-0.00297,0.00038
30.28,0.20979,0.07138,0.2264,0.1503,-0.11387,0,-0.13679,-0.19656,0.3643,-0.77047,0.00887,-0.02808,-0.01541,-10.13441,0.02466,-0.20592,0.72854,-0.00921,-0.03785,-0.00785,-2.22783,-0.09515,-0.3356,-0.80741,0.00051,0.00376,-0.00533,-1.57783,-0.19798,-0.29938,-0.66252,-0.04538,0.01227,0.00077
30.3,0.26083,0.07022,0.22816,0.13985,-0.10959,0,0.60135,-0.20044,0.35923,-0.91813,0.01027,-0.02762,-0.02455,-10.74202,-0.04908,-0.0614,0.59485,-0.01298,-0.04918,-0.00699,-1.8143,-0.08907,-0.45471,-0.71884,-0.0009,0.00386,-0.0056,-0.9287,-0.14485,-0.56975,-0.64064,-0.04717,0.0288,0.00116
30.32,0.30085,0.07669,0.221,0.1194,-0.10746,0,1.45946,-0.19685,0.34444,-1.04769,0.01136,-0.02598,-0.03357,-11.2284,-0.13321,0.13885,0.41147,-0.0154,-0.05061,-0.00665,-1.38021,-0.07629,-0.56465,-0.61974,-0.0021,0.00367,-0.00555,-0.38943,-0.08181,-0.79277,-0.64005,-0.04506,0.04592,0.00145
30.34,0.32622,0.08639,0.19842,0.09106,-0.10659,0,2.4335,-0.19219,0.31417,-1.14733,0.01193,-0.02281,-0.04131,-11.55061,-0.20828,0.33255,0.18789,-0.01623,-0.0448,-0.00668,-0.95926,-0.05645,-0.65199,-0.52688,-0.0029,0.0033,-0.00521,-0.04786,-0.0174,-0.93285,-0.66681,-0.03904,0.06301,0.00163
30.36,0.33773,0.096,0.16089,0.05833,-0.1063,0,3.50903,-0.19495,0.26488,-1.20208,0.01207,-0.01784,-0.04704,-11.67193,-0.2852,0.48429,-0.06224,-0.01558,-0.03631,-0.00694,-0.57543,-0.03011,-0.70381,-0.44936,-0.00323,0.00282,-0.0046,0.05287,0.04247,-0.9591,-0.72052,-0.02942,0.07954,0.00175
30.38,0.33535,0.10822,0.11521,0.02313,-0.10646,0,4.6642,-0.20821,0.19815,-1.19189,0.0125,-0.01052,-0.04977,-11.54293,-0.3445,0.58853,-0.32127,-0.01572,-0.02508,-0.00733,-0.24414,0.00125,-0.72382,-0.3879,-0.0031,0.00224,-0.00377,-0.07925,0.09382,-0.87879,-0.79327,-0.01691,0.0947,0.00178
30.4,0.32032,0.12251,0.06793,-0.00935,-0.10674,0,5.88085,-0.22696,0.12064,-1.08799,0.01446,-0.0018,-0.04872,-11.23407,-0.37156,0.62961,-0.56838,-0.01458,-0.0151,-0.0071,0.02478,0.03508,-0.71276,-0.33971,-0.0026,0.00159,-0.00274,-0.39079,0.13427,-0.70379,-0.87017,-0.00256,0.10765,0.00178
30.42,0.29478,0.13696,0.02703,-0.03447,-0.10683,0,7.1405,-0.24162,0.03773,-0.8604,0.01964,0.00643,-0.04332,-10.84099,-0.35922,0.61322,-0.77731,-0.00771,-0.01212,-0.00532,0.22548,0.0687,-0.67428,-0.29938,-0.00185,0.00089,-0.00155,-0.80018,0.16308,-0.46631,-0.93292,0.0123,0.11755,0.00187
30.44,0.26229,0.151,-0.00215,-0.05149,-0.10596,0,8.37288,-0.26182,-0.04749,-0.48788,0.0299,0.01421,-0.03345,-10.28546,-0.32599,0.56321,-0.93056,-0.00193,-0.01357,-0.0018,0.3558,0.09951,-0.62368,-0.2606,-0.00098,0.00012,-0.00024,-1.22459,0.17927,-0.2186,-0.96518,0.02643,0.12336,0.00194
30.46,0.22648,0.1631,-0.01835,-0.05981,-0.10367,0,9.49564,-0.28947,-0.12661,0.04722,0.04681,0.02167,-0.01938,-9.51641,-0.28646,0.4925,-1.02001,-0.00164,-0.01569,0.00337,0.41687,0.12523,-0.57204,-0.2196,-5e-05,-0.00072,0.0012,-1.59662,0.1824,0.00537,-0.95626,0.03875,0.12436,0.00192
30.48,0.19034,0.17117,-0.02206,-0.05868,-0.10037,0,10.44796,-0.30411,-0.1909,0.75193,0.07105,0.02809,-0.00192,-8.58625,-0.22737,0.40627,-1.04435,-0.00128,-0.0174,0.00949,0.41232,0.14405,-0.52375,-0.17593,0.00088,-0.00163,0.00276,-1.86404,0.17357,0.18542,-0.90215,0.04835,0.12036,0.00183
30.5,0.15467,0.17276,-0.01802,-0.04605,-0.09555,0,11.17813,-0.31805,-0.23277,1.61023,0.10235,0.03245,0.0173,-7.59008,-0.18058,0.32024,-1.00627,-0.003,-0.01811,0.01558,0.34749,0.1543,-0.48226,-0.13196,0.00182,-0.00262,0.00443,-1.9883,0.15376,0.30597,-0.80371,0.05436,0.11151,0.00168
30.52,0.12161,0.16617,-0.0089,-0.02387,-0.08897,0,11.65073,-0.33675,-0.24734,2.57926,0.13961,0.03387,0.03678,-6.62518,-0.17024,0.24632,-0.91681,-0.00561,-0.01761,0.02146,0.22844,0.15458,-0.44966,-0.09196,0.00277,-0.00368,0.00621,-1.94551,0.12425,0.35708,-0.66656,0.05606,0.09816,0.00147
30.54,0.09537,0.15234,0.00594,0.00207,-0.08258,0,11.80627,-0.32056,-0.23634,3.59869,0.17953,0.03308,0.05475,-5.70633,-0.15852,0.18393,-0.7969,-0.00282,-0.01525,0.02556,0.06119,0.14422,-0.4275,-0.06033,0.00378,-0.00479,0.00809,-1.72982,0.08674,0.34043,-0.5009,0.0532,0.08078,0.00119
30.56,0.07723,0.1333,0.02654,0.02859,-0.07752,0,11.62516,-0.25111,-0.20839,4.59281,0.21845,0.03071,0.06943,-4.83901,-0.12758,0.13311,-0.66221,0.00235,-0.01134,0.02621,-0.14758,0.12378,-0.41576,-0.04038,0.00488,-0.00594,0.01003,-1.35844,0.04249,0.26788,-0.31754,0.04609,0.06004,0.00083
30.58,0.06598,0.11113,0.05341,0.05365,-0.07339,0,11.16205,-0.14656,-0.174,5.45344,0.25448,0.02684,0.08017,-4.05316,-0.08853,0.09345,-0.52114,0.00542,-0.00687,0.02351,-0.38915,0.09547,-0.41222,-0.03422,0.0061,-0.00711,0.01201,-0.87499,-0.00741,0.15838,-0.12874,0.03568,0.03707,0.00042
30.6,0.05919,0.08785,0.09158,0.07284,-0.07067,0,10.439,-0.04589,-0.13993,6.07444,0.28505,0.02179,0.08641,-3.3836,-0.05521,0.0644,-0.3811,0.00423,-0.00332,0.01745,-0.65146,0.06287,-0.41426,-0.04293,0.00746,-0.00822,0.01394,-0.34769,-0.06137,0.04059,0.04974,0.0235,0.01335,-3e-05
30.62,0.05415,0.0657,0.14554,0.07929,-0.06967,0,9.48184,0.02251,-0.11222,6.35707,0.3075,0.01606,0.08754,-2.84821,-0.03464,0.04389,-0.24746,-0.00071,-0.00123,0.00884,-0.92016,0.03036,-0.41892,-0.06644,0.00895,-0.00918,0.01573,0.14669,-0.11685,-0.05924,0.20251,0.01134,-0.00932,-0.00044
30.64,0.04907,0.04688,0.20354,0.07236,-0.06912,0,8.41153,0.03846,-0.09603,6.20867,0.32187,0.01057,0.08404,-2.41481,-0.01944,0.02667,-0.12319,-0.00651,0.00031,-0.00055,-1.18194,0.00186,-0.42192,-0.10321,0.01054,-0.00994,0.01726,0.54632,-0.17104,-0.12203,0.31809,0.00068,-0.02938,-0.00077
30.66,0.04245,0.03203,0.24983,0.05529,-0.06794,0,7.33896,-0.0205,-0.09274,5.61529,0.32811,0.00599,0.07674,-2.0536,-0.00667,0.01093,-0.01018,-0.01058,0.00192,-0.00972,-1.42537,-0.02028,-0.41962,-0.14985,0.01214,-0.01049,0.01844,0.81871,-0.22084,-0.13769,0.39136,-0.00764,-0.0459,-0.00101
30.68,0.03308,0.02055,0.27152,0.02929,-0.06562,0,6.31271,-0.15574,-0.10082,4.63502,0.32441,0.00252,0.06584,-1.75596,0.00063,-0.00213,0.08973,-0.01183,0.00358,-0.01814,-1.63884,-0.03517,-0.40976,-0.20058,0.01364,-0.01077,0.01918,0.96318,-0.26193,-0.11209,0.42468,-0.01347,-0.05832,-0.00115
30.7,0.02045,0.01069,0.26081,-0.00458,-0.06116,0,5.3517,-0.32459,-0.11133,3.41743,0.31123,0.00041,0.05248,-1.50587,0.00084,-0.0117,0.17387,-0.00826,0.00473,-0.02483,-1.809,-0.04301,-0.38943,-0.24777,0.01487,-0.01077,0.0194,1.0038,-0.28795,-0.06277,0.42634,-0.01715,-0.06648,-0.00121
30.72,0.00424,0.00153,0.21469,-0.04476,-0.05361,0,4.45587,-0.45426,-0.11633,2.15543,0.29045,-0.00017,0.03826,-1.2883,-0.00316,-0.01734,0.23893,0.00369,0.00473,-0.02836,-1.92284,-0.04466,-0.35655,-0.28333,0.01565,-0.01052,0.019,0.97683,-0.29195,-0.016,0.40766,-0.01931,-0.07049,-0.00129
30.74,-0.0163,-0.00513,0.13911,-0.08439,-0.04222,0,3.63559,-0.51944,-0.11695,1.01351,0.25974,0.00108,0.02423,-1.09613,-0.00811,-0.01918,0.28284,0.01878,0.00405,-0.02894,-1.97354,-0.04143,-0.31127,-0.29996,0.01577,-0.00993,0.01793,0.91524,-0.2708,0.00418,0.37896,-0.02062,-0.07046,-0.00131
30.76,-0.04262,-0.00815,0.05385,-0.11668,-0.02631,0,2.86606,-0.51873,-0.11106,0.13433,0.21871,0.00456,0.01156,-0.92281,-0.01403,-0.01773,0.30509,0.02956,0.00317,-0.02755,-1.96204,-0.03454,-0.25434,-0.2935,0.01511,-0.00895,0.01618,0.83515,-0.22489,-0.01334,0.34774,-0.02161,-0.06674,-0.00123
30.78,-0.07684,-0.00778,-0.02019,-0.13965,-0.00549,0,2.09524,-0.43603,-0.0934,-0.36848,0.17172,0.01056,0.00154,-0.76326,-0.01986,-0.01445,0.30625,0.03612,0.00206,-0.02423,-1.89639,-0.02507,-0.18727,-0.26422,0.01369,-0.0076,0.01376,0.73262,-0.15786,-0.06758,0.31852,-0.02249,-0.06012,-0.00109
30.8,-0.1207,-0.00564,-0.05508,-0.14873,0.02007,0,1.29289,-0.33284,-0.06587,-0.48967,0.1192,0.01841,-0.00388,-0.62219,-0.02447,-0.00881,0.28776,0.03528,0.00099,-0.02,-1.79379,-0.01402,-0.11263,-0.21512,0.01153,-0.00595,0.01076,0.58827,-0.07837,-0.14836,0.29244,-0.02332,-0.05153,-0.00087
30.82,-0.1747,-0.00425,-0.0465,-0.14226,0.04871,0,0.45278,-0.26308,-0.03137,-0.36463,0.06438,0.0261,-0.00426,-0.50419,-0.0268,0.00124,0.25211,0.0258,0.00025,-0.01571,-1.67423,-0.00238,-0.03497,-0.15202,0.00876,-0.00404,0.00732,0.37519,0.00362,-0.24353,0.26836,-0.02403,-0.042,-0.00061
30.84,-0.23871,-0.00324,-0.01743,-0.12533,0.0786,0,-0.42391,-0.19487,0.01076,-0.10538,0.01474,0.03234,-0.00217,-0.40551,-0.02609,0.01138,0.20298,0.01461,-1e-05,-0.01083,-1.55145,0.00901,0.04035,-0.08279,0.00564,-0.00197,0.00357,0.07098,0.0796,-0.33922,0.24401,-0.02446,-0.03249,-0.00036
30.86,-0.31022,-0.00182,0.01478,-0.10281,0.10853,0,-1.32987,-0.11432,0.05658,0.1495,-0.02725,0.03643,-9e-05,-0.32398,-0.02194,0.01691,0.14512,0.00603,0.00027,-0.00522,-1.43353,0.01937,0.10954,-0.01502,0.00236,0.0002,-0.00032,-0.33096,0.14298,-0.42281,0.21596,-0.02451,-0.02356,-0.00016
30.88,-0.38257,-3e-05,0.0377,-0.07854,0.13698,0,-2.25769,-0.03861,0.09758,0.25816,-0.06286,0.03758,-0.00026,-0.26042,-0.01407,0.01709,0.08499,0.00094,0.00095,0.00079,-1.32385,0.02792,0.16904,0.04352,-0.00086,0.00236,-0.00418,-0.81626,0.1897,-0.48747,0.1798,-0.02423,-0.01542,0
30.9,-0.4442,0.00203,0.03707,-0.05451,0.16043,0,-3.21259,0.01357,0.13411,0.13342,-0.08999,0.03449,-0.0049,-0.21846,-0.00409,0.00584,0.03094,0.0004,0.00184,0.00691,-1.22068,0.03403,0.21514,0.0843,-0.00378,0.00438,-0.00776,-1.34988,0.21933,-0.53032,0.1307,-0.0238,-0.00804,0.00013
30.92,-0.48098,0.00378,0.00012,-0.03379,0.17416,0,-4.24453,0.05339,0.18319,-0.24959,-0.10189,0.02665,-0.01295,-0.20078,0.00728,-0.01193,-0.00872,0.00539,0.00292,0.01313,-1.11887,0.03731,0.24473,0.09966,-0.00611,0.00613,-0.01079,-1.88473,0.23388,-0.55083,0.06502,-0.02338,-0.00132,0.00022
30.94,-0.48625,0.00268,-0.06053,-0.02045,0.17827,0,-5.41162,0.07791,0.24199,-0.87838,-0.10496,0.01713,-0.02419,-0.20483,0.01962,-0.02751,-0.02823,0.01616,0.00371,0.01918,-1.01063,0.03729,0.25624,0.08591,-0.00767,0.00749,-0.01307,-2.37294,0.23333,-0.54681,-0.01789,-0.02307,0.00486,0.0003
30.96,-0.46088,-0.00338,-0.11829,-0.01438,0.17498,0,-6.75319,0.06014,0.30174,-1.60648,-0.10734,0.00883,-0.03808,-0.22812,0.03111,-0.04339,-0.02605,0.03142,0.00372,0.02451,-0.88794,0.03405,0.25072,0.045,-0.00839,0.00839,-0.01448,-2.77394,0.21831,-0.51677,-0.11494,-0.0228,0.01051,0.00035
30.98,-0.40754,-0.01486,-0.15596,-0.01296,0.16478,0,-8.31544,0.00509,0.3718,-2.24917,-0.10747,0.00291,-0.05154,-0.26993,0.04085,-0.0593,-0.00521,0.04651,0.00319,0.02852,-0.74429,0.02846,0.23173,-0.01498,-0.00827,0.00881,-0.01502,-3.05528,0.19204,-0.46242,-0.21804,-0.02244,0.01546,0.00038
31,-0.33287,-0.02985,-0.16039,-0.01416,0.14873,0,-9.96546,-0.06568,0.45336,-2.66922,-0.10732,-0.00023,-0.06256,-0.32622,0.04903,-0.07387,0.02755,0.06304,0.00168,0.03151,-0.57398,0.02189,0.20648,-0.08045,-0.00745,0.00877,-0.01473,-3.18759,0.15846,-0.38625,-0.31449,-0.0217,0.01937,0.00039
31.02,-0.24319,-0.04404,-0.1349,-0.01723,0.12786,0,-11.37841,-0.1153,0.53748,-2.76669,-0.1073,-0.0012,-0.06958,-0.39133,0.05656,-0.08545,0.06417,0.08665,-0.00106,0.03415,-0.37464,0.01578,0.18309,-0.13607,-0.00609,0.0083,-0.01371,-3.1483,0.12153,-0.29161,-0.39013,-0.02027,0.02179,0.00038
31.04,-0.1401,-0.05419,-0.09131,-0.02177,0.10493,0,-12.41399,-0.12752,0.60743,-2.5095,-0.10209,-0.0007,-0.07054,-0.4626,0.06241,-0.09352,0.09739,0.10355,-0.00345,0.0349,-0.14881,0.01109,0.16692,-0.16838,-0.00432,0.00747,-0.0121,-2.93077,0.08387,-0.1815,-0.43283,-0.01793,0.02241,0.00033
31.06,-0.02393,-0.05876,-0.04204,-0.02773,0.08248,0,-13.02146,-0.10658,0.64944,-1.9618,-0.08959,0.00039,-0.06518,-0.53829,0.06506,-0.09713,0.12202,0.1038,-0.00418,0.03285,0.09719,0.00793,0.16253,-0.16898,-0.00227,0.00637,-0.01002,-2.54801,0.04761,-0.0588,-0.43622,-0.01464,0.02113,0.00027
31.08,0.10318,-0.05777,0.00046,-0.03507,0.06101,0,-13.0759,-0.05715,0.66039,-1.24541,-0.07125,0.00112,-0.05484,-0.61699,0.06479,-0.09351,0.13554,0.09483,-0.00306,0.02889,0.35057,0.00554,0.17414,-0.13604,-0.00011,0.00508,-0.00764,-2.036,0.01465,0.07311,-0.40124,-0.01059,0.01816,0.00019
31.1,0.2356,-0.05213,0.02317,-0.04678,0.04386,0,-12.55287,-0.01936,0.61885,-0.49111,-0.05014,0.00116,-0.04069,-0.68506,0.0594,-0.08471,0.1369,0.0755,-0.00031,0.02289,0.5914,0.00238,0.20319,-0.07308,0.00198,0.00369,-0.00515,-1.45356,-0.01366,0.20907,-0.33427,-0.00618,0.01393,0.0001
31.12,0.3622,-0.04405,0.02338,-0.06718,0.03279,0,-11.54094,0.00067,0.51962,0.17071,-0.02913,0.00119,-0.02443,-0.72212,0.04831,-0.07279,0.12643,0.04927,0.00299,0.01566,0.79752,-0.00322,0.24877,0.01209,0.0038,0.00233,-0.00275,-0.86984,-0.03566,0.34008,-0.24548,-0.00193,0.009,3e-05
31.14,0.47385,-0.03673,0.01247,-0.09064,0.02463,0,-10.17848,0.02382,0.39897,0.65157,-0.00978,0.00109,-0.00821,-0.73094,0.03552,-0.05703,0.10627,0.0294,0.00549,0.0093,0.95023,-0.01235,0.30884,0.10973,0.00522,0.00106,-0.00059,-0.34432,-0.05067,0.45996,-0.14604,0.00168,0.00387,-5e-05
31.16,0.5651,-0.03137,-0.00271,-0.10967,0.0176,0,-8.59976,0.03881,0.27841,0.9243,0.00593,0.00059,0.00659,-0.71761,0.02332,-0.03897,0.07905,0.01856,0.00649,0.00441,1.03967,-0.02508,0.37905,0.21014,0.00618,-4e-05,0.00123,0.08581,-0.05933,0.56595,-0.04547,0.00441,-0.00108,-0.00012
31.18,0.63243,-0.02707,-0.01876,-0.12284,0.01173,0,-6.90608,0.04318,0.16243,1.00887,0.01682,0.00029,0.01887,-0.67692,0.01215,-0.02172,0.04779,0.01278,0.00595,0.0006,1.06605,-0.04019,0.45173,0.30305,0.00667,-0.00094,0.00264,0.40527,-0.06268,0.65341,0.04805,0.00618,-0.0056,-0.00018
31.2,0.66685,-0.02341,-0.03255,-0.12567,0.00709,0,-5.29621,0.0387,0.06325,0.94917,0.02282,-0.00013,0.02781,-0.61458,0.0028,-0.00797,0.01642,0.01058,0.00438,-0.00258,1.03826,-0.05522,0.51288,0.37644,0.00671,-0.00161,0.00363,0.61532,-0.06262,0.71706,0.12679,0.00709,-0.00952,-0.00024
31.22,0.65951,-0.02029,-0.0423,-0.11647,0.00347,0,-3.90798,0.02712,-0.0141,0.79912,0.02448,-0.00083,0.03319,-0.53835,-0.00388,0.00191,-0.01088,0.01103,0.00253,-0.00595,0.96969,-0.06717,0.5455,0.41817,0.00637,-0.00205,0.00419,0.72783,-0.06133,0.75164,0.18411,0.00732,-0.01274,-0.00029
31.24,0.61921,-0.01672,-0.04639,-0.10057,0.0006,0,-2.71866,0.01438,-0.06938,0.6166,0.0229,-0.00099,0.03458,-0.45013,-0.00725,0.00867,-0.03105,0.01202,0.00107,-0.01003,0.87181,-0.073,0.54352,0.42179,0.00572,-0.00225,0.00435,0.7591,-0.06027,0.75434,0.21594,0.00709,-0.01518,-0.00032
31.26,0.55605,-0.01243,-0.04451,-0.08203,-0.00118,0,-1.72869,0.00441,-0.10113,0.4399,0.01908,-0.00047,0.03193,-0.35367,-0.00708,0.01237,-0.04298,0.01214,0.00019,-0.01482,0.7541,-0.07062,0.5067,0.38673,0.00486,-0.00222,0.00414,0.72566,-0.06033,0.72499,0.22164,0.00657,-0.01686,-0.00034
31.28,0.47414,-0.00813,-0.03773,-0.06277,-0.00159,0,-0.9558,-0.00013,-0.11157,0.2863,0.01368,0.00033,0.02604,-0.25475,-0.00338,0.01368,-0.04763,0.0113,-0.00017,-0.0202,0.62509,-0.05938,0.43495,0.31698,0.00383,-0.00201,0.00363,0.64314,-0.06176,0.66478,0.20398,0.0059,-0.01779,-0.00034
31.3,0.3835,-0.00424,-0.02796,-0.04441,-0.00054,0,-0.38519,-0.00244,-0.10678,0.16345,0.00724,0.00118,0.01764,-0.16298,0.00339,0.01252,-0.04781,0.00929,-0.00018,-0.02494,0.49076,-0.03984,0.33781,0.22348,0.00273,-0.00165,0.00288,0.52612,-0.06381,0.578,0.16888,0.00519,-0.018,-0.00033
31.32,0.29396,-0.00107,-0.01722,-0.02849,0.00166,0,0.01113,-0.00437,-0.0939,0.07304,0.00014,0.00196,0.00783,-0.0837,0.01283,0.00888,-0.04718,0.00648,-1e-05,-0.02708,0.35663,-0.01374,0.22539,0.119,0.00161,-0.00119,0.00199,0.38808,-0.0652,0.47015,0.12376,0.00451,-0.01755,-0.00031
31.34,0.21068,0.00119,-0.00699,-0.0164,0.00448,0,0.26567,-0.00335,-0.07675,0.01312,-0.00725,0.00254,-0.00202,-0.01651,0.02438,0.00407,-0.0489,0.0038,0.00018,-0.02664,0.22835,0.0164,0.10253,0.01392,0.00049,-0.00068,0.00102,0.24127,-0.06499,0.34647,0.0753,0.0039,-0.01647,-0.00027
31.36,0.13808,0.00263,0.00174,-0.0082,0.00745,0,0.40914,-0.00045,-0.05827,-0.02092,-0.01459,0.00278,-0.01111,0.03691,0.03692,-0.00135,-0.05501,0.00169,0.00027,-0.02436,0.11,0.04803,-0.02385,-0.08249,-0.00061,-0.00017,6e-05,0.09661,-0.0626,0.21235,0.02902,0.00339,-0.01487,-0.00023
31.38,0.07982,0.00338,0.00845,-0.00319,0.01011,0,0.47018,0.00224,-0.04132,-0.03529,-0.02151,0.00271,-0.0189,0.07542,0.04922,-0.00724,-0.0662,0.00016,0.00022,-0.02027,0.00541,0.07827,-0.14505,-0.16275,-0.00163,0.00033,-0.00084,-0.03505,-0.0577,0.07432,-0.01073,0.00298,-0.01285,-0.00018
31.4,0.03833,0.0035,0.01311,-0.00042,0.01198,0,0.4729,0.00393,-0.02725,-0.03712,-0.02739,0.00244,-0.02474,0.09992,0.06061,-0.01298,-0.08191,-0.00083,1e-05,-0.01573,-0.08056,0.10387,-0.25338,-0.22104,-0.00252,0.00075,-0.0016,-0.14225,-0.05047,-0.0592,-0.0406,0.00266,-0.01057,-0.00013
31.42,0.01521,0.00297,0.01591,0.00111,0.01266,0,0.4363,0.00444,-0.01647,-0.03355,-0.03148,0.00214,-0.02788,0.11241,0.07114,-0.01738,-0.10077,-0.00141,-0.00033,-0.0118,-0.14305,0.12175,-0.34431,-0.25323,-0.00325,0.00105,-0.00217,-0.21475,-0.04145,-0.18133,-0.05821,0.00243,-0.0082,-7e-05
31.44,0.01114,0.00165,0.01715,0.00225,0.01214,0,0.3752,0.0041,-0.00885,-0.0302,-0.03365,0.0018,-0.02824,0.11436,0.07957,-0.01967,-0.12112,-0.00168,-0.00074,-0.0081,-0.17931,0.12981,-0.41108,-0.25758,-0.00376,0.00122,-0.00249,-0.24653,-0.03124,-0.2862,-0.06268,0.00225,-0.00592,-3e-05
31.46,0.02561,-0.00051,0.01712,0.00364,0.01066,0,0.29964,0.00332,-0.00392,-0.03024,-0.03408,0.0014,-0.02606,0.10709,0.08466,-0.01955,-0.14137,-0.00171,-0.0012,-0.00467,-0.19005,0.12743,-0.44809,-0.23538,-0.00405,0.00125,-0.00256,-0.23815,-0.02055,-0.36902,-0.0549,0.00212,-0.00381,2e-05
31.48,0.05653,-0.00341,0.01611,0.00572,0.00846,0,0.21589,0.00254,-0.00104,-0.0342,-0.0328,0.00104,-0.02147,0.09269,0.08665,-0.01664,-0.16004,-0.00154,-0.00169,-0.00171,-0.17942,0.11535,-0.45699,-0.19156,-0.00412,0.00115,-0.0024,-0.19747,-0.01017,-0.42862,-0.03746,0.00202,-0.00196,5e-05
31.5,0.10003,-0.00681,0.01444,0.00874,0.00608,0,0.12786,0.00178,0.00052,-0.04021,-0.03021,0.00069,-0.01511,0.07201,0.08582,-0.01182,-0.17537,-0.00117,-0.00222,0.00093,-0.15474,0.09555,-0.44011,-0.13375,-0.00399,0.00095,-0.00205,-0.13843,-0.00105,-0.46534,-0.01455,0.00193,-0.00043,7e-05
31.52,0.15075,-0.01057,0.01247,0.01285,0.00399,0,0.0379,0.001,0.00139,-0.04507,-0.02676,0.00035,-0.00753,0.04603,0.08261,-0.00596,-0.18552,-0.0006,-0.00281,0.00341,-0.12506,0.07056,-0.40199,-0.07132,-0.00367,0.00069,-0.00159,-0.07724,0.00584,-0.4808,0.00912,0.00183,0.00077,9e-05
31.54,0.20373,-0.01424,0.01032,0.01811,0.00234,0,-0.05258,0.00043,0.00208,-0.04566,-0.02249,0.0001,0.00104,0.01656,0.07718,0.00067,-0.1895,0.00019,-0.00346,0.00598,-0.09946,0.04271,-0.35133,-0.01304,-0.00322,0.00041,-0.00107,-0.0268,0.00978,-0.4782,0.0296,0.00172,0.0016,9e-05
31.56,0.255,-0.01727,0.00812,0.02452,0.00142,0,-0.14244,1e-05,0.00287,-0.04006,-0.01753,-6e-05,0.01008,-0.0155,0.06977,0.00719,-0.187,0.00124,-0.00416,0.00888,-0.08613,0.014,-0.29583,0.03521,-0.00267,0.00015,-0.00054,0.00705,0.01038,-0.46175,0.04463,0.00159,0.00208,9e-05
31.58,0.30083,-0.0195,0.0061,0.03197,0.00152,0,-0.22995,-0.00045,0.0038,-0.02784,-0.01222,-0.00016,0.01886,-0.04953,0.06103,0.01276,-0.17823,0.00257,-0.00488,0.01216,-0.0924,-0.01371,-0.2419,0.07014,-0.00206,-8e-05,-6e-05,0.02618,0.0076,-0.437,0.05368,0.00142,0.00225,8e-05
31.6,0.33805,-0.02068,0.00429,0.04011,0.00288,0,-0.31186,-0.00099,0.00467,-0.01,-0.00699,-0.00019,0.0267,-0.08374,0.05041,0.01684,-0.16404,0.00421,-0.00555,0.01592,-0.12428,-0.03861,-0.19581,0.09042,-0.00145,-0.00027,0.00034,0.03944,0.00172,-0.41029,0.05775,0.00122,0.00215,7e-05
31.62,0.36415,-0.0205,0.00269,0.04837,0.00575,0,-0.38363,-0.00145,0.00513,0.01149,-0.00224,-0.00015,0.03312,-0.11469,0.038,0.01915,-0.14516,0.00618,-0.00609,0.02027,-0.18508,-0.05914,-0.16359,0.09605,-0.00086,-0.00039,0.00063,0.06112,-0.00687,-0.38827,0.0587,0.00098,0.00185,6e-05
31.64,0.37681,-0.01935,0.00144,0.05594,0.01025,0,-0.44159,-0.00177,0.00479,0.03435,0.0017,-4e-05,0.03721,-0.13955,0.02524,0.0197,-0.12111,0.00845,-0.00643,0.02493,-0.27309,-0.07427,-0.15013,0.0877,-0.00034,-0.00045,0.00079,0.10885,-0.01778,-0.37707,0.05857,0.00068,0.0014,4e-05
31.66,0.37459,-0.01773,0.00055,0.06179,0.01638,0,-0.4831,-0.00197,0.00334,0.05627,0.00458,0.00013,0.03819,-0.15559,0.01261,0.01871,-0.08955,0.01092,-0.00654,0.02947,-0.37962,-0.08387,-0.15698,0.06648,0.00011,-0.00044,0.00081,0.20201,-0.03061,-0.38066,0.05906,0.0003,0.00081,3e-05
31.68,0.35728,-0.01561,-6e-05,0.06471,0.02416,0,-0.50566,-0.00198,0.00054,0.07487,0.00627,0.00038,0.03613,-0.15834,-0.00022,0.0167,-0.04619,0.01344,-0.00642,0.0335,-0.48772,-0.089,-0.18205,0.03395,0.00049,-0.00036,0.00069,0.36068,-0.04503,-0.40054,0.06138,-0.00018,0.00012,2e-05
31.7,0.32471,-0.01424,-0.0004,0.06275,0.03277,0,-0.50687,-0.0018,-0.00373,0.08767,0.00675,0.00068,0.0311,-0.14346,-0.01339,0.01376,0.01503,0.01587,-0.00598,0.03677,-0.57256,-0.09104,-0.22085,-0.00781,0.00083,-0.0002,0.00044,0.6051,-0.06018,-0.43582,0.06639,-0.0008,-0.00068,1e-05
31.72,0.27747,-0.01525,-0.00047,0.05401,0.0405,0,-0.48481,-0.00146,-0.00943,0.09249,0.0061,0.00105,0.02362,-0.10512,-0.02624,0.00999,0.10119,0.01806,-0.00511,0.03904,-0.60576,-0.09175,-0.26799,-0.05644,0.00115,1e-05,8e-05,0.95558,-0.07465,-0.48509,0.07476,-0.00158,-0.00155,0
31.74,0.21821,-0.01797,-0.00021,0.03829,0.04728,0,-0.43958,-0.00107,-0.01647,0.08807,0.00454,0.00146,0.0147,-0.0351,-0.03862,0.00623,0.21947,0.01968,-0.00407,0.03962,-0.56256,-0.09365,-0.31858,-0.10957,0.00147,0.00029,-0.00038,1.43262,-0.08765,-0.54926,0.08733,-0.00255,-0.00245,-1e-05
31.76,0.15,-0.02177,0.00049,0.01589,0.05394,0,-0.37294,-0.00069,-0.02473,0.07473,0.00231,0.00188,0.00524,0.07563,-0.05122,0.00309,0.37565,0.02055,-0.00309,0.03811,-0.42686,-0.09872,-0.37006,-0.16474,0.00181,0.00062,-0.00092,2.05498,-0.09851,-0.63225,0.1053,-0.00372,-0.0033,-1e-05
31.78,0.07594,-0.02752,0.00182,-0.01248,0.06053,0,-0.28834,-0.00033,-0.03391,0.05479,-0.00028,0.00226,-0.00397,0.23489,-0.06414,0.0007,0.57189,0.02077,-0.00223,0.03497,-0.1932,-0.10777,-0.42277,-0.21901,0.00216,0.001,-0.00153,2.8351,-0.10568,-0.7405,0.13017,-0.0051,-0.00397,-2e-05
31.8,9e-05,-0.03518,0.00398,-0.04558,0.06728,0,-0.19256,-3e-05,-0.04372,0.03223,-0.00288,0.00268,-0.01196,0.45108,-0.07762,-0.00116,0.80646,0.02058,-0.00157,0.03059,0.13369,-0.12115,-0.47768,-0.26897,0.0025,0.00142,-0.00218,3.77413,-0.10744,-0.88021,0.16356,-0.00665,-0.00425,-2e-05
31.82,-0.07405,-0.04435,0.00717,-0.08388,0.07478,0,-0.09323,0.00018,-0.05403,0.01188,-0.00515,0.00324,-0.0176,0.73545,-0.09221,-0.00265,1.07317,0.02033,-0.00121,0.02575,0.54295,-0.13856,-0.53535,-0.31101,0.00281,0.00186,-0.00285,4.86067,-0.10201,-1.05402,0.20693,-0.0083,-0.0039,-1e-05
31.84,-0.14295,-0.05643,0.01155,-0.12713,0.08347,0,0.00288,0.0004,-0.06439,-0.00217,-0.00693,0.00391,-0.02049,1.09164,-0.10756,-0.00356,1.35846,0.0203,-0.00101,0.02187,1.02478,-0.15843,-0.59707,-0.3409,0.00303,0.00231,-0.00352,6.07393,-0.08749,-1.26352,0.26114,-0.00994,-0.00258,0
31.86,-0.20166,-0.07238,0.01725,-0.17344,0.09412,0,0.08883,0.00066,-0.07433,-0.00777,-0.00833,0.00461,-0.02097,1.51248,-0.12327,-0.00377,1.64207,0.02066,-0.00094,0.01967,1.57367,-0.17813,-0.66144,-0.35491,0.00313,0.00275,-0.00416,7.37912,-0.06263,-1.50234,0.32601,-0.01139,5e-05,3e-05
31.88,-0.24267,-0.09071,0.02443,-0.21984,0.09744,0,0.15757,0.00073,-0.08393,-0.00487,-0.00964,0.00536,-0.01961,1.97755,-0.13997,-0.00319,1.89671,0.02136,-0.00116,0.019,2.18495,-0.19434,-0.72173,-0.35036,0.00307,0.00316,-0.00475,8.71464,-0.02711,-1.74634,0.3998,-0.01239,0.00442,6e-05
31.9,-0.25606,-0.11237,0.03266,-0.26842,0.09935,0,0.20239,0.00104,-0.09228,0.00471,-0.01129,0.00612,-0.01762,2.5034,-0.15318,-0.00248,2.09382,0.02233,-0.00132,0.0196,2.85048,-0.20095,-0.7696,-0.32463,0.00279,0.00349,-0.00528,9.99403,0.01864,-1.97559,0.47896,-0.01264,0.01091,0.00011
31.92,-0.23014,-0.13813,0.04111,-0.32357,0.09745,0,0.21804,0.00203,-0.09792,0.01767,-0.01376,0.00682,-0.0163,3.13989,-0.15568,-0.00207,2.2023,0.02346,-0.00072,0.02102,3.55793,-0.19151,-0.79594,-0.27579,0.00227,0.00371,-0.00572,11.11949,0.07127,-2.17378,0.55897,-0.01183,0.01977,0.00016
31.94,-0.1501,-0.16011,0.05048,-0.37284,0.09372,0,0.20103,0.00238,-0.10162,0.02978,-0.01731,0.00741,-0.01628,3.84962,-0.15042,-0.00139,2.18377,0.02434,0.00034,0.02251,4.2953,-0.16575,-0.7901,-0.20332,0.00149,0.00379,-0.00605,11.99995,0.12604,-2.29798,0.63504,-0.00979,0.031,0.0002
31.96,-0.00892,-0.17144,0.06228,-0.40182,0.08944,0,0.1524,0.00102,-0.10453,0.03634,-0.02189,0.00784,-0.01784,4.57961,-0.14079,-0.00053,2.01597,0.02466,0.00134,0.02348,5.04889,-0.12623,-0.74586,-0.10813,0.00048,0.00376,-0.00623,12.57543,0.17858,-2.31402,0.70306,-0.00653,0.04418,0.00024
31.98,0.18727,-0.17232,0.07757,-0.40623,0.08326,0,0.07913,-0.0023,-0.10648,0.03206,-0.02728,0.00803,-0.02108,5.33404,-0.12393,-7e-05,1.69674,0.02437,0.00253,0.02376,5.79374,-0.07674,-0.66392,0.00661,-0.00072,0.0036,-0.00626,12.8195,0.22138,-2.21831,0.76014,-0.00233,0.05833,0.00026
32,0.41402,-0.16064,0.10013,-0.37691,0.07242,0,-0.00769,-0.00727,-0.10898,0.01138,-0.03278,0.00808,-0.02537,6.1638,-0.10327,-0.00048,1.2365,0.02343,0.00386,0.0233,6.502,-0.02523,-0.54897,0.13497,-0.002,0.00336,-0.00614,12.73466,0.25021,-2.01304,0.80093,0.00231,0.07193,0.00027
32.02,0.62184,-0.1388,0.1362,-0.31049,0.0538,0,-0.0931,-0.01139,-0.11404,-0.03098,-0.03738,0.00813,-0.02962,7.13153,-0.07983,-0.00223,0.65453,0.02181,0.00519,0.02215,7.14668,0.02168,-0.40916,0.2687,-0.0032,0.00309,-0.00587,12.34269,0.26423,-1.71016,0.81964,0.00683,0.08327,0.00024
32.04,0.77695,-0.11733,0.18991,-0.2133,0.03043,0,-0.16344,-0.01356,-0.12102,-0.09868,-0.04088,0.00799,-0.03344,8.2005,-0.04629,-0.00572,-0.02734,0.01957,0.00654,0.02044,7.69141,0.05947,-0.25428,0.40103,-0.00424,0.00277,-0.00545,11.66375,0.25677,-1.32704,0.81674,0.01074,0.09083,0.00019
32.06,0.86743,-0.10308,0.26465,-0.0919,0.00521,0,-0.20985,-0.01392,-0.12939,-0.19192,-0.04347,0.00751,-0.03678,9.31647,0.00222,-0.01104,-0.78555,0.01678,0.00795,0.01833,8.11611,0.08446,-0.09346,0.52831,-0.00507,0.00241,-0.00492,10.73631,0.22403,-0.88431,0.79468,0.01371,0.09374,0.00014
32.08,0.88403,-0.09786,0.36493,0.04658,-0.02398,0,-0.22618,-0.01167,-0.13984,-0.30685,-0.04505,0.0068,-0.03938,10.46785,0.06613,-0.01902,-1.59509,0.01349,0.00944,0.01592,8.43011,0.09588,0.0637,0.6477,-0.00565,0.00206,-0.00434,9.6328,0.16966,-0.41014,0.75523,0.01566,0.09177,8e-05
32.1,0.83073,-0.10169,0.48837,0.1901,-0.04728,0,-0.20967,-0.0068,-0.15223,-0.43486,-0.04569,0.00581,-0.04139,11.70483,0.14745,-0.02828,-2.4306,0.00973,0.01065,0.01333,8.64421,0.09697,0.20623,0.75792,-0.00601,0.00172,-0.00377,8.43691,0.10208,0.06366,0.70459,0.01663,0.08535,5e-05
32.12,0.72098,-0.11254,0.62306,0.31638,-0.05826,0,-0.15953,0.00056,-0.16634,-0.56439,-0.04548,0.00456,-0.04312,13.06496,0.25605,-0.03297,-3.2776,0.00557,0.01108,0.01056,8.77373,0.09256,0.3238,0.8588,-0.0062,0.00144,-0.00328,7.2427,0.02734,0.49112,0.64967,0.01679,0.07523,0.00011
32.14,0.57593,-0.12848,0.75116,0.41175,-0.06709,0,-0.07509,0.01009,-0.18193,-0.68624,-0.0445,0.00319,-0.04442,14.42299,0.38754,-0.03434,-4.12701,0.00114,0.0112,0.00732,8.84873,0.08476,0.41155,0.94924,-0.00617,0.00124,-0.00291,6.14195,-0.05292,0.84231,0.59309,0.01662,0.06206,0.00016
32.16,0.41731,-0.14812,0.8484,0.47482,-0.07826,0,0.04239,0.02099,-0.19887,-0.79529,-0.04287,0.00175,-0.04518,15.63706,0.52152,-0.04144,-4.96716,-0.00343,0.01143,0.00316,8.89496,0.07564,0.47251,1.02887,-0.00585,0.00113,-0.00267,5.18316,-0.1342,1.12158,0.53604,0.01672,0.04647,0.00016
32.18,0.26236,-0.16805,0.88687,0.5037,-0.08128,0,0.1888,0.03084,-0.2181,-0.88961,-0.04057,0.00022,-0.04549,16.60439,0.63838,-0.06162,-5.7868,-0.008,0.0115,-0.00248,8.92824,0.06808,0.51607,1.09853,-0.00526,0.00109,-0.00252,4.37293,-0.21292,1.34506,0.47882,0.0178,0.0292,0.0001
32.2,0.12487,-0.19493,0.81201,0.49689,-0.08504,0,0.35703,0.04112,-0.23512,-0.97099,-0.03799,-0.0014,-0.04526,17.33257,0.72926,-0.09523,-6.52345,-0.01238,0.0117,-0.01024,8.95478,0.0638,0.56316,1.15898,-0.00439,0.00109,-0.00241,3.69839,-0.28572,1.55446,0.4204,0.02069,0.01101,-1e-05
32.22,0.01532,-0.24311,0.56352,0.45584,-0.09727,0,0.5376,0.05885,-0.24311,-1.04289,-0.03549,-0.00298,-0.04438,17.8615,0.78212,-0.13213,-7.03677,-0.01641,0.01244,-0.02095,8.97212,0.06371,0.64084,1.21072,-0.00325,0.00109,-0.00225,3.1322,-0.34884,1.807,0.35878,0.02625,-0.00731,-0.00018
32.24,-0.06171,-0.30276,0.16537,0.39076,-0.11188,-0,0.71864,0.07984,-0.24468,-1.10542,-0.03294,-0.00443,-0.04299,17.95751,0.76436,-0.15304,-7.25551,-0.02,0.01255,-0.03463,8.97878,0.0682,0.76457,1.2535,-0.00188,0.00104,-0.00197,2.63725,-0.40131,2.12946,0.29121,0.0353,-0.02525,-0.00038
32.26,-0.11135,-0.3551,-0.32204,0.31339,-0.12455,-0,0.88638,0.0965,-0.24228,-1.15578,-0.03025,-0.00573,-0.0412,17.45792,0.67376,-0.14256,-7.18293,-0.02309,0.01105,-0.0502,8.96027,0.0771,0.94437,1.2873,-0.00034,0.00094,-0.00151,2.17708,-0.44286,2.53444,0.21576,0.04844,-0.04276,-0.00063
32.28,-0.1411,-0.39118,-0.8503,0.23077,-0.13754,-0,1.02473,0.10941,-0.23206,-1.18883,-0.02752,-0.0068,-0.03902,16.45749,0.53647,-0.08239,-6.77502,-0.02586,0.00807,-0.06676,8.88134,0.0898,1.19317,1.31268,0.00126,0.00075,-0.00085,1.72107,-0.47255,3.04239,0.13227,0.06596,-0.06008,-0.00093
32.3,-0.16504,-0.39334,-1.34306,0.15422,-0.15514,-0,1.11882,0.11672,-0.21346,-1.19292,-0.02498,-0.00746,-0.03679,14.88987,0.39196,0.01262,-6.08345,-0.02716,0.00385,-0.07939,8.70563,0.10529,1.4962,1.33009,0.00279,0.00047,0,1.2448,-0.48862,3.60495,0.04195,0.08767,-0.07768,-0.00137
32.32,-0.1959,-0.34897,-1.73247,0.09229,-0.18232,-0,1.15459,0.11707,-0.1862,-1.15482,-0.02283,-0.00748,-0.03484,12.80379,0.27819,0.09019,-5.18181,-0.02535,-0.00051,-0.08035,8.39242,0.12265,1.81791,1.33944,0.0041,9e-05,0.00104,0.73207,-0.48894,4.13016,-0.05369,0.11294,-0.09627,-0.00211
32.34,-0.21952,-0.2598,-1.98536,0.04549,-0.21418,-0,1.11096,0.10939,-0.1498,-1.06919,-0.0208,-0.00692,-0.03299,10.51526,0.1925,0.09623,-4.12381,-0.02181,-0.00384,-0.07186,7.90278,0.14105,2.14543,1.33622,0.00511,-0.00044,0.00226,0.17231,-0.47067,4.60515,-0.15527,0.14115,-0.11631,-0.00317
32.36,-0.21102,-0.13347,-2.09271,0.01398,-0.24684,-0,0.97112,0.09198,-0.10667,-0.93503,-0.01872,-0.00596,-0.03097,8.24482,0.12225,0.00088,-2.99402,-0.01766,-0.00588,-0.05898,7.21834,0.16014,2.47427,1.31341,0.00583,-0.00118,0.00371,-0.44273,-0.43137,5.04016,-0.26708,0.17164,-0.13814,-0.00452
32.38,-0.14745,0.01711,-2.04789,-0.00058,-0.28476,-0,0.72811,0.06387,-0.06076,-0.75463,-0.01666,-0.00463,-0.02874,6.06294,0.07624,-0.21432,-1.84025,-0.01211,-0.00691,-0.04181,6.34818,0.18082,2.79937,1.26391,0.00631,-0.00218,0.00546,-1.11422,-0.37015,5.42153,-0.39664,0.20335,-0.16195,-0.00616
32.4,-0.00101,0.17275,-1.92559,0.00223,-0.2188,-0,0.37702,0.0207,-0.02485,-0.53747,-0.0146,-0.0033,-0.02584,4.03463,0.01455,-0.46772,-0.98354,-0.00555,-0.0081,-0.02669,5.35552,0.19942,3.01818,1.16942,0.00661,-0.00357,0.00756,-1.83316,-0.28212,5.6299,-0.55275,0.23402,-0.18792,-0.00835
32.42,0.22842,0.30749,-1.77744,0.01624,-0.0889,-0,-0.0821,-0.03271,-0.00568,-0.29524,-0.01253,-0.00226,-0.0218,2.13272,0.00411,-0.45111,-0.49573,0.00377,-0.01153,-0.01565,4.30186,0.21036,2.98408,1.00836,0.00678,-0.00553,0.01005,-2.58952,-0.16802,5.50422,-0.74586,0.26048,-0.2163,-0.01148
32.44,0.52572,0.40627,-1.50811,0.0386,0.04601,-0,-0.64913,-0.08813,0.00144,-0.0386,-0.01051,-0.00134,-0.01689,0.1635,0.17517,-0.19912,0.07463,0.01885,-0.01704,-0.00206,3.18381,0.21671,2.76747,0.7672,0.007,-0.00821,0.01292,-3.39347,-0.03689,5.15612,-0.99296,0.28089,-0.24639,-0.01533
32.46,0.8845,0.46838,-1.06242,0.06935,0.16944,-0,-1.32716,-0.14399,-0.0022,0.22245,-0.00854,-0.00051,-0.0114,-1.94706,0.51107,0.0681,0.91043,0.03963,-0.0232,0.0166,1.97013,0.22184,2.46892,0.42383,0.00747,-0.01161,0.01616,-4.28287,0.1065,4.7217,-1.31655,0.29376,-0.27742,-0.01959
32.48,1.29473,0.49468,-0.46639,0.11128,0.27336,-0,-2.12489,-0.19814,-0.01478,0.47645,-0.0066,0.0002,-0.00551,-4.16647,0.94487,0.29883,1.98633,0.06251,-0.0291,0.03818,0.60332,0.22434,2.07715,-0.0525,0.00826,-0.01582,0.01969,-5.31238,0.25621,4.16848,-1.73965,0.29636,-0.30927,-0.02435
32.5,1.72012,0.49001,0.22691,0.15079,0.28023,-0,-3.02716,-0.23747,-0.01653,0.71303,-0.00471,0.00086,0.0002,-6.29366,1.31131,0.44395,3.48014,0.08796,-0.03126,0.06395,-1.01073,0.22357,1.6442,-0.69009,0.0094,-0.02059,0.02345,-6.55277,0.40217,3.64617,-2.28098,0.28648,-0.34042,-0.02905
32.52,2.10634,0.46082,0.90748,0.15281,0.24257,-0,-3.98931,-0.2433,0.03254,0.92653,-0.00287,0.00154,0.0057,-7.97239,1.36972,0.50596,5.70999,0.12099,-0.02603,0.10081,-2.97915,0.21935,1.21479,-1.50814,0.01055,-0.02542,0.0275,-8.07085,0.53277,3.31225,-2.94669,0.26241,-0.36842,-0.03285
32.54,2.46415,0.41468,1.4506,0.12582,0.20086,-0,-5.00982,-0.22277,0.13689,1.10694,-0.00104,0.00237,0.01098,-9.09792,1.11149,0.46054,8.07096,0.14749,-0.0168,0.1363,-5.3953,0.21199,0.8064,-2.51805,0.01078,-0.0297,0.03195,-9.86945,0.63361,3.05246,-3.74428,0.22253,-0.39233,-0.03582
32.56,2.81257,0.36242,1.79109,0.09138,0.1634,-0,-6.10212,-0.19053,0.28299,1.24484,0.00078,0.00348,0.01565,-9.76434,0.69961,0.34403,9.90228,0.15442,-0.00835,0.15445,-8.31504,0.20225,0.43419,-3.71877,0.00807,-0.03262,0.03706,-11.87614,0.69346,2.78764,-4.66558,0.16748,-0.41102,-0.03797
32.58,3.15338,0.313,1.91357,0.04721,0.12535,-0,-7.23275,-0.15048,0.47063,1.3378,0.0026,0.00504,0.01961,-9.97892,0.29051,0.22078,11.01422,0.14666,-0.00216,0.15655,-11.76187,0.19086,0.11039,-5.05314,-0.0014,-0.03353,0.04306,-13.94892,0.70855,2.5597,-5.64427,0.10081,-0.42181,-0.03874
32.6,3.48382,0.26691,1.84464,0.00362,0.09502,-0,-8.26886,-0.1078,0.67836,1.39397,0.00438,0.00699,0.0229,-9.8263,-0.02818,0.11995,11.26597,0.12365,-7e-05,0.13977,-15.58199,0.17829,-0.13838,-6.54862,-0.02118,-0.03011,0.05032,-15.77951,0.67878,2.33025,-6.68329,0.02863,-0.42274,-0.03835
32.62,3.81704,0.21926,1.6519,-0.02868,0.08269,-0,-9.01357,-0.06576,0.86917,1.42483,0.00606,0.00903,0.02568,-9.38955,-0.24091,0.04546,10.72195,0.0899,-0.00086,0.1074,-19.46711,0.16558,-0.44222,-8.33117,-0.05416,-0.01973,0.05924,-16.99999,0.61022,2.05547,-7.80668,-0.04148,-0.41227,-0.03694
32.64,4.20366,0.17876,1.42032,-0.04953,0.07842,-0,-9.36545,-0.02723,1.01027,1.41662,0.00752,0.0114,0.02787,-8.6652,-0.31363,-0.01774,9.55426,0.05881,-0.00102,0.07344,-23.30451,0.15481,-0.88335,-10.33457,-0.10487,-0.00452,0.06888,-17.40732,0.51322,1.76418,-8.86713,-0.1026,-0.38832,-0.03412
32.66,4.69875,0.15077,1.20282,-0.05852,0.07341,-0,-9.2082,0.00847,1.07583,1.35301,0.00863,0.01437,0.0293,-7.62326,-0.27393,-0.08715,7.99915,0.03527,0.00082,0.04518,-27.08545,0.14718,-1.38943,-12.38299,-0.17758,0.0118,0.07736,-16.94849,0.39946,1.47676,-9.65455,-0.14962,-0.35083,-0.02974
32.68,5.35679,0.12656,1.02822,-0.05715,0.06853,-0,-8.3494,0.04792,1.04517,1.22947,0.00929,0.01759,0.03009,-6.24404,-0.18783,-0.1685,6.31329,0.01792,0.00453,0.02335,-30.73209,0.1421,-1.94441,-14.25719,-0.27498,0.02667,0.08291,-15.70374,0.28139,1.19739,-9.94688,-0.18096,-0.3025,-0.02395
32.7,6.10641,0.11234,0.89737,-0.04358,0.06575,-0,-6.73409,0.08896,0.92613,1.02926,0.00943,0.0214,0.0301,-4.64481,-0.12006,-0.24988,4.80592,0.00589,0.00908,0.00838,-33.79735,0.13714,-2.51292,-16.38648,-0.38751,0.03651,0.08378,-13.6897,0.1652,0.92055,-9.99503,-0.19234,-0.24749,-0.01801
32.72,6.80928,0.10916,0.79565,-0.02205,0.06739,-0,-4.34606,0.11922,0.74531,0.74163,0.00901,0.02645,0.02921,-2.94106,-0.08881,-0.31547,3.66159,-0.0021,0.01276,-0.00078,-35.65159,0.12889,-3.03908,-19.56137,-0.4962,0.03893,0.07937,-11.06473,0.06329,0.64802,-10.11596,-0.18004,-0.19109,-0.01257
32.74,7.47894,0.09977,0.71762,-0.00311,0.06787,-0,-1.16189,0.14586,0.51969,0.3658,0.00805,0.03221,0.02759,-1.12092,-0.06392,-0.36882,2.79434,-0.00738,0.01492,-0.00614,-36.40165,0.11624,-3.40095,-22.90363,-0.59748,0.03393,0.06976,-8.41995,-0.01009,0.41544,-9.8257,-0.15428,-0.13887,-0.00714
32.76,8.13959,0.07387,0.64948,0.0127,0.06463,-0,2.70326,0.18193,0.26206,-0.10552,0.00654,0.0378,0.0252,0.76719,-0.03767,-0.41674,2.11252,-0.0108,0.01546,-0.00924,-36.29357,0.09833,-3.45889,-25.24711,-0.68495,0.02286,0.05564,-6.22549,-0.05433,0.23962,-8.98714,-0.12655,-0.09488,-0.00194
32.78,8.73057,0.03252,0.573,0.02716,0.06639,-0,6.9302,0.21609,-0.00943,-0.68477,0.00442,0.04226,0.02165,2.64592,-0.01595,-0.45959,1.58323,-0.01296,0.01412,-0.01098,-35.32288,0.07448,-3.17652,-26.43023,-0.73383,0.00822,0.03871,-4.65741,-0.07542,0.10967,-8.02216,-0.1013,-0.06058,0.00276
32.8,8.94142,-0.0153,0.49696,0.04597,0.0695,-0,11.2828,0.31487,-0.28501,-1.36869,0.00168,0.04799,0.0164,4.46805,0.00198,-0.50085,1.15928,-0.01427,0.01106,-0.01208,-33.98382,0.05026,-2.53843,-25.95614,-0.73102,-0.00708,0.02083,-3.84047,-0.08209,0.01958,-7.0321,-0.08333,-0.03508,0.00716
32.82,8.37726,-0.08043,0.42834,0.07955,0.06954,0,15.8881,0.58986,-0.62962,-2.10842,-0.00172,0.05824,0.00921,6.21271,0.01549,-0.5451,0.80983,-0.01501,0.00657,-0.01302,-32.87317,0.0292,-1.65723,-23.65039,-0.67383,-0.02028,0.00383,-3.78101,-0.08247,-0.03944,-5.95779,-0.07443,-0.01629,0.01143
32.84,7.16221,-0.16323,0.34764,0.12704,0.07177,0,20.45697,0.97211,-1.08209,-2.87037,-0.00588,0.06952,0.00037,7.85532,0.02482,-0.59185,0.52131,-0.01529,0.00095,-0.01339,-32.25432,0.00985,-0.75735,-19.90042,-0.56388,-0.0297,-0.01071,-4.38038,-0.08143,-0.07405,-4.69572,-0.07163,-0.00264,0.0156
32.86,5.56292,-0.23954,0.25667,0.18515,0.07797,-0,24.53857,1.35914,-1.62232,-3.65718,-0.01082,0.07836,-0.00968,9.35773,0.03141,-0.63867,0.28591,-0.01519,-0.00537,-0.01281,-32.13524,-0.00697,0.02065,-15.16566,-0.41714,-0.03503,-0.02183,-5.56674,-0.07992,-0.07992,-2.99476,-0.07116,0.00593,0.01935
32.88,3.67156,-0.29711,0.16399,0.2569,0.08387,-0,28.00397,1.71556,-2.24997,-4.44277,-0.01656,0.08481,-0.02066,10.70438,0.03568,-0.68509,0.09769,-0.01482,-0.01195,-0.0114,-32.22085,-0.021,0.61907,-9.94774,-0.25684,-0.03653,-0.02903,-7.28441,-0.07537,-0.04289,-0.64274,-0.06906,0.00842,0.02198
32.9,1.49403,-0.32945,0.06144,0.3505,0.0916,-0,31.50243,1.94987,-2.95951,-5.21434,-0.02324,0.0892,-0.03259,11.87863,0.03951,-0.7248,-0.05012,-0.01434,-0.0183,-0.00906,-32.60164,-0.0338,1.0195,-4.51662,-0.11786,-0.03527,-0.0323,-9.53153,-0.06791,0.0567,2.35825,-0.06713,0.00409,0.02255
32.92,-0.74955,-0.30127,-0.03392,0.47931,0.09936,-0,32.24335,1.91533,-3.55401,-5.43116,-0.02905,0.09044,-0.04109,12.85996,0.04524,-0.74711,-0.16223,-0.01395,-0.02398,-0.00587,-33.59575,-0.04761,1.22883,0.56273,-0.02284,-0.03229,-0.03217,-12.34938,-0.06007,0.19475,5.70521,-0.07087,-0.00639,0.02056
32.94,-2.62097,-0.25821,-0.1422,0.64909,0.10574,-0,33.55702,1.66638,-3.93678,-5.66715,-0.03492,0.08856,-0.04998,13.61271,0.053,-0.74984,-0.24626,-0.01373,-0.0288,-0.0022,-34.60199,-0.06381,1.29289,4.82136,0.03788,-0.02811,-0.0296,-15.50855,-0.05099,0.33853,9.09164,-0.07551,-0.02109,0.01664
32.96,-3.60569,-0.20396,-0.24462,0.86423,0.11015,-0,34.76711,1.184,-3.98107,-6.09422,-0.04072,0.08409,-0.06179,14.09746,0.063,-0.73394,-0.31159,-0.01381,-0.0328,0.00155,-35.03596,-0.08241,1.27057,8.37367,0.07229,-0.02347,-0.02563,-18.62867,-0.04072,0.48889,12.42178,-0.07613,-0.03749,0.01158
32.98,-3.46669,-0.13985,-0.34122,1.13484,0.11149,-0,35.87547,0.53135,-3.64857,-6.70775,-0.047,0.07854,-0.07805,14.28601,0.07634,-0.69609,-0.36394,-0.01436,-0.03599,0.00485,-34.96493,-0.10346,1.20631,11.40218,0.08158,-0.01899,-0.02119,-21.43371,-0.03151,0.62812,15.66305,-0.07513,-0.05299,0.00599
33,-2.00615,-0.06155,-0.4258,1.44596,0.10903,-0,36.69941,-0.16869,-2.88174,-7.59855,-0.0512,0.07187,-0.09715,14.19038,0.09462,-0.63458,-0.40299,-0.01564,-0.03856,0.00708,-34.07931,-0.12423,1.14562,14.17167,0.07451,-0.01506,-0.01692,-23.53654,-0.02181,0.72879,18.95341,-0.07219,-0.06515,0.00059
33.02,0.7238,0.02914,-0.49326,1.7656,0.10172,-0,37.01955,-0.69138,-1.75115,-8.6625,-0.04949,0.06363,-0.11312,13.83064,0.11975,-0.54677,-0.42355,-0.01794,-0.04086,0.0077,-31.98274,-0.14013,1.12836,16.98691,0.05992,-0.012,-0.01315,-24.5159,-0.01129,0.74728,22.55978,-0.06681,-0.07194,-0.00393
33.04,4.45385,0.11854,-0.53467,2.08422,0.08963,-0,36.12541,-0.84864,-0.6493,-9.28859,-0.04368,0.05296,-0.12005,13.13893,0.15066,-0.44045,-0.42501,-0.02117,-0.04262,0.0061,-28.62885,-0.15161,1.17903,20.00094,0.04364,-0.00969,-0.01007,-24.0013,-0.00299,0.67279,26.76055,-0.06069,-0.07226,-0.00704
33.06,8.7609,0.18572,-0.50576,2.39679,0.07334,-0,32.57039,-0.5898,0.00504,-8.90879,-0.03497,0.03816,-0.11199,12.08593,0.18421,-0.32719,-0.40725,-0.02498,-0.04358,0.00209,-24.04232,-0.16002,1.30966,23.28525,0.03033,-0.00792,-0.00769,-21.65747,0.00131,0.5112,31.84879,-0.05415,-0.06583,-0.00838
33.08,13.04728,0.20508,-0.29391,2.68935,0.05188,-0,24.83772,0.14446,-0.06434,-7.18476,-0.02162,0.01837,-0.08407,10.74476,0.21654,-0.20982,-0.36597,-0.02916,-0.04398,-0.00384,-18.37846,-0.16416,1.51883,26.79893,0.02233,-0.00669,-0.00588,-17.23254,0.00145,0.2078,38.05548,-0.04674,-0.0531,-0.00774
33.1,16.79405,0.19044,-0.02859,2.93837,0.02455,-0,17.68867,0.97327,-0.85675,-5.22483,-0.01049,-0.00122,-0.04937,9.15194,0.24079,-0.12053,-0.30441,-0.03247,-0.04268,-0.01062,-11.89482,-0.16874,1.79341,30.50936,0.01972,-0.00564,-0.00441,-10.41735,-0.00146,-0.15431,45.58807,-0.0383,-0.03548,-0.00513
33.12,19.59973,0.16429,0.17954,3.11996,0.00557,-0,12.8188,1.45245,-1.37056,-3.67485,-0.00466,-0.01209,-0.00941,7.38289,0.25169,-0.0691,-0.22417,-0.03326,-0.03849,-0.01641,-5.13895,-0.17759,2.1168,34.40456,0.02119,-0.00467,-0.00311,-1.05474,-0.00711,-0.41162,54.66213,-0.02938,-0.01471,-0.00055
33.14,21.5554,0.13781,0.22729,3.24746,-0.00675,-0,9.91067,1.39006,-1.28405,-2.43844,-0.0021,-0.01077,0.01906,5.58755,0.24535,-0.01966,-0.11791,-0.03178,-0.03262,-0.02018,1.11855,-0.18399,2.4565,38.20831,0.02489,-0.00403,-0.00202,10.77567,-0.00925,-0.6412,65.24027,-0.02151,0.0076,0.00599
33.16,22.74955,0.10759,0.13687,3.3379,-0.01352,-0,7.61255,0.92227,-0.94683,-1.38331,-0.00059,-0.00336,0.02796,3.85012,0.22075,0.03292,0.01671,-0.02857,-0.02595,-0.02193,6.40828,-0.17866,2.78933,41.74752,0.02909,-0.00397,-0.00119,24.96181,0.00613,-0.92193,77.17018,-0.01582,0.02983,0.01427
33.18,23.27774,0.07005,-0.05103,3.38955,-0.0132,-0,5.08664,0.2828,-0.48625,-0.49866,0.00028,0.00051,0.02676,2.19058,0.1818,0.08435,0.17649,-0.02342,-0.01842,-0.02152,10.57181,-0.15298,3.13969,45.28676,0.03266,-0.00466,-0.00063,40.85081,0.057,-1.13679,90.33794,-0.01233,0.05057,0.02376
33.2,23.26743,0.03186,-0.21926,3.39617,-0.00472,0,1.61689,-0.11104,-0.21067,-0.11125,0.00034,-0.00701,0.01369,0.61647,0.12707,0.13302,0.35815,-0.01682,-0.01102,-0.0197,13.91637,-0.09625,3.47845,49.16864,0.03463,-0.00587,-0.00032,57.18589,0.16529,-1.23296,103.54421,-0.0099,0.06909,0.03345
33.22,23.06319,-0.00703,-0.25105,3.35301,0.01021,0,-2.46588,-0.07269,-0.12388,0.11567,1e-05,-0.01854,0.00061,-0.84751,0.05995,0.17404,0.56163,-0.00918,-0.00463,-0.01727,17.22737,0.01145,3.76087,53.88877,0.03436,-0.00762,-0.00027,72.29988,0.35395,-1.20316,114.95366,-0.00618,0.08556,0.04191
33.24,23.27033,-0.06265,-0.19798,3.26412,0.02867,0,-6.5824,0.10771,-0.08421,1.05435,0.00033,-0.02356,0.00469,-2.18414,-0.01206,0.20807,0.78121,-0.00063,0.00017,-0.0141,21.24267,0.20358,4.11629,60.12027,0.03179,-0.01058,-0.00055,84.21262,0.63919,-0.95538,124.12113,0.00119,0.10013,0.04804
33.26,24.35738,-0.13188,-0.11546,3.13361,0.04925,0,-10.57829,0.21071,-0.05406,2.6317,0.00148,-0.01885,0.02285,-3.4114,-0.08952,0.23645,1.00537,0.00819,0.00267,-0.01028,26.27191,0.5229,4.62465,68.10057,0.02713,-0.01508,-0.00124,91.89845,1.01905,-0.54422,131.31828,0.01247,0.11226,0.05118
33.28,26.54899,-0.2032,-0.02809,2.96205,0.07131,0,-14.27926,0.12758,-0.0265,4.5349,0.00323,-0.00271,0.04743,-4.54296,-0.18013,0.25649,1.22598,0.01621,0.00274,-0.00635,32.00549,0.99923,5.20617,77.39284,0.0212,-0.021,-0.00244,95.64984,1.46773,-0.16165,136.72176,0.02585,0.12083,0.05107
33.3,29.62608,-0.26078,0.04552,2.73173,0.08788,0,-17.33867,-0.09408,0.00594,7.1055,0.00553,0.02272,0.07672,-5.56853,-0.2747,0.27197,1.43039,0.02255,0.00081,-0.00294,37.86687,1.64039,5.97581,87.15385,0.01556,-0.02728,-0.00399,96.38775,1.98418,0.26052,140.20504,0.03893,0.12534,0.04813
33.32,33.105,-0.28644,0.10912,2.43002,0.0764,0,-19.36043,-0.19153,0.02502,10.82344,0.00839,0.0469,0.1152,-6.45801,-0.33553,0.28913,1.60256,0.02687,-0.00209,-0.00052,43.25663,2.42133,7.1042,96.61833,0.01217,-0.03173,-0.00542,95.07222,2.58929,0.72579,141.61648,0.0502,0.12555,0.04295
33.34,36.91987,-0.26605,0.20166,2.08246,0.05421,0,-20.79366,0.01612,0.01412,14.20392,0.01052,0.05245,0.15129,-7.20347,-0.36591,0.30288,1.72879,0.02778,-0.00481,0.00057,47.63662,3.22786,8.42617,105.34832,0.01177,-0.03216,-0.00622,92.43996,3.20924,0.99807,141.78708,0.06027,0.1206,0.03604
33.36,41.08806,-0.20328,0.3483,1.71127,0.03459,0,-22.28765,0.36449,3e-05,16.2735,0.01083,0.03399,0.17124,-7.81065,-0.38796,0.30611,1.79907,0.02436,-0.00671,0.00015,50.67196,3.95471,9.82853,113.05896,0.01273,-0.02664,-0.00565,89.05465,3.74571,1.02193,141.41,0.07204,0.1106,0.02811
33.38,45.36498,-0.11149,0.54748,1.32753,0.01744,0,-23.87686,0.61381,0.07342,17.06037,0.00974,-0.00633,0.17807,-8.26478,-0.39308,0.29634,1.80908,0.01745,-0.00745,-0.00163,52.26937,4.60357,11.36283,119.64497,0.01152,-0.0142,-0.003,85.25273,4.14885,0.87898,140.4402,0.09072,0.09665,0.01997
33.4,48.91296,-0.00582,0.72877,0.94293,-0.00073,0,-25.37698,0.45662,0.33581,16.68334,0.00756,-0.05362,0.16512,-8.53936,-0.37536,0.28077,1.75976,0.00803,-0.00694,-0.00425,52.55488,5.18887,12.55139,124.59854,0.00388,0.0035,0.00174,80.90085,4.45191,0.66615,138.19938,0.12443,0.0805,0.01238
33.42,50.61091,0.09672,0.79016,0.57722,-0.02186,-0,-26.14843,-0.10512,0.77655,15.55233,0.00523,-0.08872,0.1302,-8.61497,-0.32669,0.2743,1.65478,-0.00201,-0.00537,-0.00685,51.5312,5.78812,12.87452,127.28353,-0.01318,0.02202,0.00752,75.52798,4.71249,0.42104,133.87729,0.18348,0.06379,0.00595
33.44,50.5807,0.18734,0.72396,0.2578,-0.03911,-0,-25.85799,-0.80716,1.27248,13.83366,0.00416,-0.10832,0.09054,-8.51179,-0.25465,0.27304,1.50253,-0.0107,-0.00336,-0.00882,49.44223,6.63306,12.66001,128.13733,-0.03732,0.03556,0.0124,68.98593,4.81882,0.12585,127.67819,0.2756,0.04735,0.00095
33.46,49.28264,0.26767,0.55884,-0.00069,-0.04873,-0,-24.58924,-1.45119,1.68294,11.6964,0.00447,-0.1135,0.05697,-8.27062,-0.17353,0.27196,1.31574,-0.01723,-0.00151,-0.00997,46.42531,7.90579,12.14562,127.99883,-0.06074,0.03885,0.01429,61.16889,4.67499,-0.19622,119.8212,0.40438,0.03209,-0.00253
33.48,46.62791,0.34261,0.32036,-0.19234,-0.05255,-0,-22.3942,-1.87908,1.89529,9.48289,0.0053,-0.10446,0.03096,-7.93257,-0.08546,0.28285,1.10965,-0.02164,-9e-05,-0.01017,42.1923,9.69121,11.27327,127.28602,-0.07474,0.02888,0.01146,51.74337,4.30072,-0.51731,110.11968,0.56811,0.01894,-0.00455
33.5,42.60279,0.41389,0.06919,-0.31339,-0.04863,-0,-19.9182,-1.99203,1.84584,7.49378,0.00587,-0.0857,0.01403,-7.54109,-0.01773,0.30689,0.90142,-0.02344,0.00069,-0.0095,37.48208,12.00847,10.09941,126.12175,-0.07252,0.00594,0.00307,41.27486,3.73802,-0.82269,98.41277,0.75474,0.00847,-0.0054
33.52,37.28054,0.47586,-0.12826,-0.36414,-0.03598,-0,-17.83851,-1.78719,1.57926,5.89086,0.0064,-0.06376,0.00517,-7.15646,0.01472,0.34255,0.70624,-0.02172,0.00083,-0.00809,32.93733,14.60587,8.55477,124.77804,-0.05296,-0.02686,-0.01081,30.59884,3.06205,-1.10407,84.57936,0.94327,0.00074,-0.00547
33.54,31.22664,0.52564,-0.23215,-0.35413,-0.01759,-0,-15.92953,-1.38604,1.21272,4.61347,0.00674,-0.04355,0.00107,-6.84662,0.02943,0.39466,0.5352,-0.01848,0.00071,-0.00603,27.31535,17.21851,6.76322,124.069,-0.02137,-0.06516,-0.02948,19.8651,2.30881,-1.34018,69.65245,1.10259,-0.00465,-0.00516
33.56,25.00598,0.56093,-0.22548,-0.29937,-0.00177,-0,-13.9309,-0.92817,0.83326,3.58732,0.00662,-0.02726,-0.00064,-6.64639,0.03321,0.46424,0.39295,-0.01554,0.00053,-0.00335,19.43426,19.67269,4.92971,124.412,0.01409,-0.10425,-0.05209,9.54372,1.53292,-1.49624,54.62506,1.20159,-0.00836,-0.00468
33.58,18.78048,0.57182,-0.11226,-0.21302,0.00788,-0,-11.88965,-0.46709,0.4911,2.76848,0.00642,-0.01523,-0.00145,-6.55745,0.02335,0.54671,0.27961,-0.01223,0.00022,-4e-05,8.91685,21.5539,3.1504,125.35649,0.04524,-0.13948,-0.07744,0.57741,0.825,-1.5366,39.977,1.22191,-0.01109,-0.0042
33.6,13.26398,0.55634,0.07782,-0.11759,0.01179,-0,-10.01907,-0.13095,0.24103,2.06408,0.00619,-0.00767,-0.00213,-6.55638,0.00035,0.61902,0.1938,-0.00934,-9e-05,0.00387,-2.71639,22.75086,1.6302,126.39419,0.06578,-0.16754,-0.10442,-5.67994,0.25126,-1.45213,27.59052,1.14147,-0.01337,-0.00345
33.62,8.94987,0.51614,0.29141,-0.03634,0.01063,-0,-8.44425,0.02853,0.0877,1.41923,0.00587,-0.0037,-0.00276,-6.59455,-0.02848,0.65955,0.13345,-0.0067,-0.00014,0.0086,-13.02728,23.29153,0.46388,126.60569,0.07297,-0.18706,-0.1317,-8.88472,-0.10584,-1.27497,18.23387,0.96407,-0.01539,-0.00228
33.64,5.48241,0.44922,0.48457,0.02813,0.00486,-0,-6.90996,0.10901,-0.00798,0.85293,0.00569,-0.00148,-0.00301,-6.59209,-0.05712,0.67343,0.09502,-0.00258,-0.00016,0.01408,-22.83341,22.78995,-0.33186,124.79479,0.06886,-0.1968,-0.15687,-9.73772,-0.21614,-1.00863,11.03332,0.74149,-0.01707,-0.00114
33.66,2.65142,0.35726,0.63013,0.07755,-0.0035,-0,-5.29983,0.15638,-0.06326,0.36927,0.00578,-0.00012,-0.00241,-6.45709,-0.08633,0.66292,0.07242,0.00265,-0.00032,0.01969,-33.15448,21.10193,-0.74844,120.05602,0.05978,-0.19778,-0.17833,-8.8472,-0.12986,-0.68904,5.90232,0.52146,-0.01814,-0.00035
33.68,0.52079,0.24526,0.70957,0.10925,-0.0124,-0,-3.71318,0.16172,-0.08457,-0.04054,0.00601,0.00066,-0.00067,-6.12259,-0.11589,0.61924,0.05584,0.00792,-0.0004,0.02485,-43.05802,18.43071,-0.82835,111.92985,0.0557,-0.19367,-0.19607,-6.76822,0.07162,-0.38735,2.78776,0.3326,-0.01817,-1e-05
33.7,-0.66864,0.12583,0.72991,0.11976,-0.02131,-0,-2.26265,0.09939,-0.0869,-0.37281,0.00644,0.00117,0.00207,-5.56659,-0.1479,0.543,0.03141,0.01236,-0.00046,0.02881,-51.35208,15.55053,-0.73278,102.61867,0.06859,-0.18759,-0.21247,-4.05206,0.31071,-0.1434,1.17741,0.19067,-0.0172,-0.00011
33.72,-0.93709,-0.00226,0.71856,0.10943,-0.03095,-0,-1.00722,-0.00881,-0.09288,-0.61511,0.00704,0.00197,0.00558,-4.80341,-0.18603,0.4411,-0.0154,0.0152,-0.0005,0.03077,-57.35115,13.42298,-0.69035,94.76578,0.1091,-0.18275,-0.23153,-1.36563,0.51485,0.01602,0.52058,0.09344,-0.01541,-0.00052
33.74,-0.75497,-0.14932,0.67846,0.08922,-0.04041,0,0.06434,-0.11847,-0.09604,-0.76659,0.00747,0.00307,0.00919,-3.87563,-0.2305,0.31624,-0.09396,0.0164,-0.00032,0.03011,-62.47316,11.82539,-0.69475,88.10709,0.18329,-0.18176,-0.25509,1.06783,0.61636,0.08607,0.29205,0.03015,-0.01292,-0.00095
33.76,-0.37256,-0.3132,0.60958,0.0675,-0.04802,0,0.92706,-0.22843,-0.08453,-0.83807,0.00745,0.00408,0.01194,-2.83972,-0.2817,0.17309,-0.2047,0.01622,3e-05,0.02668,-68.03178,10.45885,-0.67468,82.65066,0.29124,-0.18509,-0.28333,3.22601,0.58218,0.07994,0.09119,-0.01275,-0.01015,-0.00113
33.78,0.13455,-0.4917,0.52824,0.0461,-0.05327,0,1.5673,-0.32821,-0.06624,-0.84002,0.00699,0.00501,0.01339,-1.76709,-0.34092,0.0199,-0.33711,0.01491,0.00046,0.02099,-73.85217,9.47007,-0.67583,79.32859,0.42424,-0.19169,-0.31556,5.07973,0.37026,0.01317,0.02872,-0.03198,-0.00555,-0.0006
33.8,0.64994,-0.68479,0.4503,0.02462,-0.05629,0,1.99396,-0.40826,-0.04454,-0.79015,0.00606,0.00579,0.01318,-0.77717,-0.3948,-0.13231,-0.46733,0.01281,0.00089,0.01351,-80.56993,8.80946,-0.67805,77.86603,0.56747,-0.2003,-0.34914,6.66572,0.10092,-0.05147,-0.03879,-0.04827,-0.00229,0
33.82,1.04998,-0.89058,0.38876,0.0029,-0.05771,0,2.2248,-0.46162,-0.02324,-0.70813,0.00474,0.00636,0.01133,0.06907,-0.42328,-0.26999,-0.56342,0.01027,0.0013,0.00537,-88.76318,8.32181,-0.61783,77.44827,0.70454,-0.20898,-0.37983,8.13469,-0.19873,-0.10619,-0.05624,-0.06462,-0.00059,0.00071
33.84,1.27918,-1.10064,0.34616,-0.01431,-0.05886,0,2.29348,-0.47617,-0.00761,-0.6099,0.00333,0.00681,0.00851,0.74917,-0.42691,-0.3808,-0.60682,0.00773,0.0017,-0.00198,-97.67274,7.91697,-0.51068,77.66882,0.81915,-0.21454,-0.40279,9.36498,-0.50874,-0.14588,-0.08984,-0.07882,-0,0.00174
33.86,1.35,-1.30498,0.32304,-0.02369,-0.06188,0,2.2348,-0.45024,0.00132,-0.50875,0.002,0.00715,0.00523,1.21711,-0.40702,-0.4564,-0.5931,0.00546,0.0021,-0.00799,-106.65389,7.48889,-0.37335,77.96261,0.89948,-0.21439,-0.41364,10.1688,-0.81251,-0.17058,-0.24246,-0.08809,-5e-05,0.00322
33.88,1.27522,-1.49449,0.32238,-0.02527,-0.06888,0,2.08157,-0.38983,0.00426,-0.41415,0.00077,0.00749,0.00174,1.47176,-0.35649,-0.49315,-0.52455,0.00357,0.00251,-0.01257,-115.60268,6.89714,-0.19401,77.52042,0.93936,-0.20736,-0.40899,10.54142,-1.10031,-0.17932,-0.42778,-0.09038,-0.00031,0.00512
33.9,1.08759,-1.64289,0.33722,-0.01825,-0.08078,0,1.85967,-0.30955,0.0034,-0.3315,-0.00037,0.00777,-0.00171,1.52995,-0.28141,-0.49373,-0.41595,0.00211,0.00298,-0.01578,-124.84422,6.25967,-0.01892,76.26239,0.9251,-0.19095,-0.3862,10.46553,-1.35912,-0.17563,-0.62912,-0.08288,-0.00045,0.00723
33.92,0.82557,-1.71765,0.35604,-0.00436,-0.0973,0,1.58936,-0.22468,0.00072,-0.26267,-0.00141,0.00786,-0.00497,1.42176,-0.1896,-0.46501,-0.28563,0.00109,0.00353,-0.01783,-134.55013,5.68368,0.1265,74.13338,0.84728,-0.16266,-0.3429,9.96769,-1.57804,-0.16608,-0.81471,-0.06345,-0.00024,0.00911
33.94,0.52738,-1.70434,0.37461,0.01287,-0.11775,0,1.28784,-0.14401,-0.0023,-0.20676,-0.00236,0.00791,-0.00791,1.20358,-0.08431,-0.41377,-0.14698,0.00048,0.00413,-0.01897,-144.1516,4.98845,0.19837,70.1485,0.722,-0.12546,-0.27925,9.0862,-1.77058,-0.15598,-0.85182,-0.03395,0.00049,0.01024
33.96,0.22247,-1.59122,0.38996,0.03146,-0.14039,0,0.96366,-0.07561,-0.00392,-0.161,-0.00321,0.00801,-0.01047,0.91828,0.02611,-0.34718,-0.00997,0.00023,0.00474,-0.01942,-152.72399,4.05798,0.14266,63.38903,0.57209,-0.08276,-0.19802,7.91025,-1.96005,-0.15113,-0.67305,0.00145,0.00191,0.00995
33.98,-0.06389,-1.3648,0.39733,0.0501,-0.16166,0,0.61908,-0.02547,-0.00301,-0.1215,-0.00398,0.00801,-0.0126,0.59155,0.13093,-0.27285,0.11874,0.00027,0.00525,-0.01934,-158.88246,2.89942,-0.09052,53.34685,0.42095,-0.03713,-0.10473,6.63689,-2.16193,-0.15828,-0.29112,0.03717,0.00418,0.00751
34,-0.30352,-1.0158,0.39036,0.06704,-0.17723,0,0.25497,0.00483,0.00118,-0.08386,-0.00456,0.00786,-0.01413,0.24518,0.2213,-0.19842,0.23503,0.0005,0.00559,-0.01881,-162.67603,1.93125,-0.47634,39.99136,0.295,0.0054,-0.01012,3.21252,-2.02578,-0.16168,0.25382,0.13229,-0.00101,-0.00106
34.02,-0.48932,-0.5608,0.36448,0.08043,-0.18272,0,-0.12454,0.01642,0.00914,-0.04394,-0.00484,0.00755,-0.01482,-0.10112,0.29274,-0.13009,0.33607,0.00086,0.00569,-0.01786,-163.76795,1.238,-0.53351,23.25347,0.22085,0.04502,0.07807,-1.85653,-1.52753,-0.1741,1.10659,0.22289,-0.01672,-0.01599
34.04,-0.59386,-0.05773,0.32449,0.09059,-0.17489,0,-0.51338,0.01306,0.02117,0.00122,-0.0049,0.00682,-0.0147,-0.43083,0.33984,-0.07144,0.41953,0.00127,0.00544,-0.01658,-158.52314,0.29573,-0.13112,3.00422,0.21424,0.08219,0.15348,-6.43196,-0.90576,-0.21653,2.22936,0.19513,-0.04044,-0.03531
34.06,-0.56247,0.41965,0.27613,0.09877,-0.15295,0,-0.90544,0.00034,0.03735,0.05245,-0.00487,0.00553,-0.01387,-0.7324,0.35833,-0.0248,0.48292,0.00167,0.00483,-0.01503,-144.47382,-0.95003,0.40192,-19.77173,0.26984,0.11139,0.20756,-9.2454,-0.23661,-0.31265,3.53112,-0.03844,-0.07233,-0.05739
34.08,-0.33704,0.78891,0.22269,0.1058,-0.11869,0,-1.29026,-0.01568,0.05693,0.10771,-0.0048,0.00379,-0.01229,-0.9941,0.35053,0.00865,0.52342,0.00202,0.004,-0.01326,-121.81283,-2.28057,0.92208,-42.85306,0.36762,0.13052,0.23612,-8.66737,0.34614,-0.50502,4.94836,-0.55697,-0.11127,-0.07982
34.1,0.0031,0.96721,0.16616,0.11026,-0.07546,0,-1.64144,-0.02879,0.08025,0.16217,-0.00501,0.00156,-0.01018,-1.202,0.32035,0.02894,0.53758,0.00229,0.00305,-0.01149,-92.73539,-3.5228,1.36625,-63.69672,0.46545,0.13567,0.23861,-2.78458,0.65865,-0.86553,5.93454,-1.37685,-0.15072,-0.09913
34.12,0.25948,0.89559,0.10998,0.10973,-0.0288,-0,-1.92062,-0.03119,0.10766,0.20952,-0.00599,-0.00082,-0.00772,-1.34204,0.27373,0.03703,0.52182,0.00244,0.00211,-0.00991,-60.64733,-4.49298,1.65838,-80.06449,0.5088,0.1255,0.21872,8.96417,0.47831,-1.50116,5.16225,-2.39706,-0.17804,-0.11113
34.14,0.47283,0.59567,0.06049,0.10644,0.01222,-0,-2.1085,-0.01985,0.13492,0.2437,-0.0077,-0.00294,-0.00485,-1.40504,0.21826,0.03489,0.47322,0.00246,0.00135,-0.00864,-29.00337,-4.81279,1.57377,-88.92963,0.48392,0.10431,0.183,25.07519,-0.54463,-2.31716,2.73003,-3.43917,-0.18922,-0.11359
34.16,0.69963,0.15057,0.01819,0.1024,0.03919,-0,-2.19662,0.00293,0.15741,0.26103,-0.00985,-0.00474,-0.00167,-1.38903,0.16097,0.02515,0.39147,0.00231,0.00079,-0.00779,-2.24644,-4.23859,1.11357,-88.33508,0.40484,0.07741,0.13993,44.13297,-2.76104,-3.04512,-0.06993,-4.33379,-0.18526,-0.10494
34.18,0.82707,-0.36374,-0.01964,0.09611,0.04748,-0,-2.17392,0.0363,0.1734,0.26128,-0.0125,-0.00614,0.00161,-1.29849,0.10867,0.01082,0.28063,0.00198,0.00041,-0.00745,16.03349,-2.88592,0.53234,-78.61268,0.29207,0.05075,0.09828,63.98986,-6.50626,-3.51566,-2.50398,-4.95605,-0.16436,-0.08402
34.2,0.88055,-0.79036,-0.05691,0.08797,0.03583,-0,-2.03813,0.07499,0.17907,0.24718,-0.0147,-0.00717,0.00472,-1.14733,0.06466,-0.00519,0.14894,0.00147,0.00015,-0.00767,24.23605,-0.9234,0.07123,-62.6088,0.15949,0.02354,0.0612,82.31075,-11.42754,-3.48464,-3.14923,-5.27703,-0.13619,-0.05419
34.22,0.89326,-0.98719,-0.10624,0.0787,0.00837,-0,-1.7947,0.11126,0.17162,0.22356,-0.01497,-0.008,0.00744,-0.95336,0.03101,-0.02042,0.0088,0.00079,-1e-05,-0.00841,23.5614,1.10226,-0.14925,-43.40284,0.0386,-0.00063,0.03067,96.80393,-16.52353,-3.05799,-1.03386,-5.35175,-0.10803,-0.01882
34.24,0.81242,-0.98815,-0.17674,0.0675,-0.02697,-0,-1.46352,0.14255,0.15377,0.19551,-0.0138,-0.00847,0.00953,-0.73146,0.00944,-0.03347,-0.12643,-3e-05,-0.0001,-0.00954,17.456,2.55809,-0.1292,-23.19404,-0.0231,-0.01459,0.00917,106.09705,-21.42836,-2.83555,3.8679,-5.27627,-0.07317,0.01958
34.26,0.63661,-0.84167,-0.26943,0.0542,-0.06241,-0,-1.07274,0.16803,0.12948,0.16746,-0.0119,-0.00846,0.01084,-0.49633,-0.0018,-0.04411,-0.24583,-0.00092,-0.00013,-0.01085,9.04242,3.3584,0.01076,-5.62815,-0.03379,-0.02008,-0.00475,110.19979,-25.76887,-3.18258,11.54914,-5.13129,-0.02872,0.05365
34.28,0.4066,-0.56869,-0.38904,0.03934,-0.09218,-0,-0.65682,0.18761,0.103,0.14308,-0.009,-0.00806,0.01137,-0.26331,-0.00592,-0.05271,-0.34032,-0.00181,-0.0001,-0.01207,3.03995,3.18406,0.09617,3.94317,-0.0244,-0.01597,-0.01083,108.77415,-28.88979,-4.14422,21.78111,-4.94643,0.02588,0.07457
34.3,0.19992,-0.22551,-0.53394,0.0257,-0.11115,-0,-0.26685,0.19474,0.07943,0.12483,-0.00585,-0.00723,0.01121,-0.04783,-0.00575,-0.06011,-0.40158,-0.00257,-4e-05,-0.01277,2.97377,2.08708,0.03469,3.79588,-0.01981,-0.00513,-0.00897,102.48261,-30.05566,-5.53397,33.35899,-4.77736,0.09327,0.07329
34.32,0.03164,0.10198,-0.6954,0.01438,-0.11592,-0,0.05821,0.18319,0.06385,0.11401,-0.00272,-0.00599,0.01053,0.13918,-0.00347,-0.06739,-0.42352,-0.00309,6e-05,-0.01251,3.18415,1.12581,-0.02943,3.07446,-0.00333,0,-0.00664,92.66745,-29.01925,-6.88163,44.1728,-4.66946,0.17687,0.04294
34.34,-0.1174,0.34266,-0.86252,0.00324,-0.1096,-0,0.29509,0.163,0.05994,0.11053,0.00078,-0.00464,0.00953,0.2921,-0.00067,-0.07498,-0.40627,-0.00328,0.00015,-0.01112,3.50801,0.26983,-0.09795,2.29508,0.02609,0.00178,-0.00428,79.68947,-26.34685,-7.81039,53.57782,-4.56467,0.27911,-0.01601
34.36,-0.21944,0.47975,-1.01835,-0.00799,-0.09692,-0,0.42782,0.14251,0.06786,0.11223,0.00416,-0.00338,0.0084,0.40937,0.00184,-0.08286,-0.35548,-0.00312,0.00019,-0.00861,3.67724,-0.42812,-0.1994,1.51443,0.05857,0.00169,-0.00222,64.26013,-22.77993,-8.26149,61.64709,-4.41399,0.39789,-0.0997
34.38,-0.26472,0.52335,-1.14395,-0.01867,-0.08082,-0,0.46061,0.12127,0.08446,0.11489,0.00688,-0.00229,0.00733,0.49518,0.0042,-0.09104,-0.2811,-0.0026,0.0002,-0.00504,3.8035,-0.8226,-0.37505,0.49823,0.08639,0.00074,-0.00068,47.82651,-18.73054,-8.15998,67.63475,-4.23248,0.52819,-0.20197
34.4,-0.26077,0.4944,-1.22283,-0.02856,-0.06351,-0,0.40826,0.10167,0.10537,0.11336,0.00863,-0.00147,0.00649,0.55418,0.00614,-0.09888,-0.19779,-0.00178,0.00017,-0.0007,4.1322,-1.0406,-0.67266,-0.92263,0.107,-0.00052,8e-05,31.01407,-14.31346,-7.44424,71.73571,-4.0123,0.66417,-0.30951
34.42,-0.2221,0.41913,-1.23765,-0.03749,-0.0469,-0,0.29294,0.08603,0.12687,0.10272,0.00924,-0.00095,0.00599,0.59027,0.0074,-0.10529,-0.12051,-0.00072,0.00012,0.00415,4.58305,-1.12405,-1.116,-2.55332,0.12083,-0.00149,0.00022,14.12567,-9.90179,-6.18459,74.48667,-3.74626,0.79884,-0.40672
34.44,-0.16692,0.32692,-1.17754,-0.0451,-0.0331,-0,0.14136,0.07402,0.14594,0.07937,0.00897,-0.00074,0.00596,0.60994,0.00909,-0.10978,-0.05989,0.00054,9e-05,0.0093,4.65716,-0.85174,-1.62577,-4.23978,0.12674,-0.00198,0.00028,-1.93842,-6.12171,-4.68604,75.64961,-3.44739,0.92002,-0.48672
34.46,-0.10873,0.23677,-1.04778,-0.05079,-0.02279,-0,-0.02722,0.06496,0.16096,0.04306,0.00818,-0.00078,0.00644,0.61662,0.01183,-0.1123,-0.02117,0.00195,9e-05,0.01443,4.2082,-0.25035,-2.08633,-6.00247,0.12406,-0.00187,0.00078,-16.70909,-3.1412,-3.22705,75.3035,-3.11904,1.01576,-0.5474
34.48,-0.05638,0.15678,-0.86592,-0.05435,-0.01547,-0,-0.19961,0.05816,0.17177,-0.00253,0.00729,-0.00098,0.0074,0.60765,0.01485,-0.11263,-0.00404,0.00347,0.00012,0.01919,3.27184,0.51142,-2.40728,-7.6181,0.11541,-0.00068,0.00202,-30.37138,-0.81236,-1.91308,73.96082,-2.76491,1.08139,-0.5865
34.5,-0.01303,0.09002,-0.66541,-0.05617,-0.01055,-0,-0.36393,0.05388,0.1786,-0.05043,0.00664,-0.00124,0.00883,0.58016,0.01978,-0.10998,-0.00375,0.00507,0.00017,0.02342,1.91114,1.32558,-2.52388,-8.91448,0.10312,0.00204,0.004,-42.77276,1.03968,-0.82973,71.71456,-2.39745,1.12286,-0.60115
34.52,0.01977,0.0384,-0.47876,-0.05688,-0.00743,-0,-0.50878,0.05265,0.18209,-0.09185,0.00653,-0.00148,0.01066,0.52992,0.02897,-0.10346,-0.0135,0.00677,0.00031,0.02716,0.24563,2.10176,-2.42117,-9.77278,0.08929,0.00696,0.00658,-53.79189,2.53297,-0.03645,68.71026,-2.02968,1.14494,-0.59311
34.54,0.04018,0.00753,-0.3188,-0.0561,-0.00558,-0,-0.62701,0.05258,0.18221,-0.11918,0.00735,-0.0017,0.01275,0.44876,0.03954,-0.09384,-0.02722,0.00852,0.00055,0.02995,-1.68491,2.80708,-2.13373,-10.02585,0.07537,0.0142,0.00906,-63.66498,3.82587,0.49204,65.53388,-1.6752,1.14483,-0.56966
34.56,0.04776,0.00016,-0.19311,-0.05354,-0.00453,-0,-0.71562,0.05213,0.17844,-0.12798,0.00926,-0.00193,0.01483,0.33402,0.04864,-0.08202,-0.04132,0.01029,0.00087,0.03141,-3.81147,3.40772,-1.71837,-9.60622,0.06261,0.02279,0.01047,-72.6704,5.10572,0.81277,62.57497,-1.34454,1.12262,-0.53586
34.58,0.04289,0.01583,-0.1061,-0.04968,-0.00391,-0,-0.77251,0.05155,0.17079,-0.11747,0.0119,-0.00224,0.01657,0.19201,0.05681,-0.06845,-0.05475,0.01204,0.00119,0.03179,-6.02848,3.80594,-1.23141,-8.543,0.05263,0.03143,0.0103,-81.07917,6.48742,0.99663,60.00182,-1.04342,1.0807,-0.4946
34.6,0.02584,0.04945,-0.05165,-0.0443,-0.00369,-0,-0.79606,0.04951,0.15783,-0.0906,0.01519,-0.00251,0.01776,0.03468,0.0614,-0.05447,-0.06872,0.0138,0.00162,0.03117,-8.0122,3.97704,-0.78317,-7.10964,0.04327,0.03843,0.00869,-88.36235,7.91213,1.06808,57.93232,-0.77866,1.02949,-0.44349
34.62,-0.00264,0.08828,-0.02096,-0.03738,-0.00412,-0,-0.78572,0.04519,0.13892,-0.05273,0.01933,-0.00245,0.01825,-0.11706,0.06018,-0.04149,-0.08563,0.01557,0.0024,0.02975,-9.43019,4.00655,-0.42965,-5.59486,0.03283,0.04192,0.00629,-94.13373,9.18596,1.01068,56.53609,-0.55394,0.97888,-0.38007
34.64,-0.04246,0.12383,-0.00649,-0.03001,-0.00522,-0,-0.74465,0.03993,0.11591,-0.00964,0.0229,-0.00222,0.01756,-0.24368,0.05564,-0.03042,-0.10708,0.01727,0.00322,0.0281,-10.33817,3.83024,-0.14676,-4.06614,0.02388,0.03905,0.00313,-99.46815,10.32751,0.88431,56.09955,-0.36762,0.92236,-0.31105
34.66,-0.09613,0.1501,-0.0005,-0.02295,-0.00694,-0,-0.67763,0.03466,0.0902,0.0334,0.02457,-0.00206,0.0155,-0.33575,0.04997,-0.02195,-0.13309,0.01885,0.00373,0.0266,-10.77838,3.3837,0.05095,-2.63931,0.01699,0.02611,-0.00076,-105.14869,11.44648,0.75903,56.76529,-0.21567,0.85512,-0.2422
34.68,-0.16965,0.1575,0.00213,-0.01645,-0.00959,-0,-0.59035,0.0297,0.06273,0.07185,0.02453,-0.00187,0.01259,-0.39074,0.04416,-0.01635,-0.16201,0.0203,0.00403,0.02531,-10.65332,2.75444,0.14083,-1.44938,0.01062,-0.00062,-0.00467,-111.08306,12.52366,0.65278,58.44684,-0.09236,0.78073,-0.1752
34.7,-0.27099,0.14653,0.00195,-0.01079,-0.01312,-0,-0.49364,0.02443,0.03465,0.10183,0.02269,-0.00174,0.00928,-0.41519,0.0377,-0.01373,-0.18986,0.02166,0.004,0.02428,-10.17658,2.01048,0.12081,-0.54245,0.00422,-0.0448,-0.00773,-116.89197,13.36632,0.53785,60.7132,0.00891,0.70699,-0.11097
34.72,-0.40714,0.12308,-0.00354,-0.00617,-0.01725,-0,-0.39977,0.01876,0.00828,0.12044,0.0194,-0.00182,0.00637,-0.42163,0.03039,-0.01378,-0.21129,0.02298,0.00355,0.02349,-11.02869,1.76977,0.07293,0.0938,-0.01309,-0.09067,-0.00239,-122.02476,13.68244,0.38223,62.93555,0.09682,0.64067,-0.05133
34.74,-0.58606,0.0846,-0.01766,-0.00262,-0.02187,-0,-0.31833,0.0139,-0.01381,0.126,0.0161,-0.00191,0.00475,-0.42194,0.02453,-0.01571,-0.22213,0.02433,0.00297,0.0228,-12.79248,1.82422,0.01678,0.4856,-0.0316,-0.14353,0.009,-126.24776,13.49051,0.21745,64.60696,0.18108,0.58106,-0.00075
34.76,-0.81094,0.03339,-0.04256,-7e-05,-0.0267,-0,-0.25767,0.00998,-0.03048,0.11852,0.01358,-0.00189,0.00467,-0.42709,0.02092,-0.0187,-0.21979,0.02584,0.00248,0.02206,-14.67188,1.99277,-0.03911,0.70935,-0.04146,-0.20532,0.02417,-129.05131,12.88911,0.07133,65.04321,0.27213,0.52787,0.03794
34.78,-1.06788,-0.01841,-0.07725,0.00169,-0.0314,-0,-0.22442,0.00604,-0.04114,0.09982,0.01185,-0.0017,0.00576,-0.44646,0.018,-0.02209,-0.20315,0.02776,0.00209,0.02107,-15.98945,2.22306,-0.06299,0.84453,-0.03437,-0.27073,0.04089,-129.34601,11.78788,-0.06728,63.32285,0.3817,0.48376,0.06491
34.8,-1.34362,-0.05663,-0.12066,0.00276,-0.03487,-0,-0.2229,0.00118,-0.04572,0.07306,0.01089,-0.00149,0.00752,-0.48662,0.01558,-0.02503,-0.17282,0.03025,0.00175,0.01966,-15.36525,2.48773,0.00273,0.91933,-0.00553,-0.32527,0.05645,-126.11779,9.89525,-0.25825,58.52479,0.52285,0.4527,0.08269
34.82,-1.6248,-0.0707,-0.17021,0.0027,-0.03626,-0,-0.25483,-0.00561,-0.04467,0.04206,0.01055,-0.00142,0.00954,-0.55088,0.01387,-0.02663,-0.13042,0.0334,0.00142,0.0177,-11.08423,2.88283,0.16666,0.88818,0.03851,-0.34532,0.06934,-118.62494,7.02546,-0.53125,50.08284,0.70939,0.43641,0.09417
34.84,-1.86456,-0.05795,-0.2145,0.00176,-0.03616,-0,-0.31837,-0.01514,-0.03877,0.01026,0.01061,-0.00136,0.01114,-0.63818,0.01105,-0.0264,-0.07764,0.03744,0.00116,0.01513,-2.77341,3.38083,0.35937,0.76471,0.07613,-0.31911,0.07437,-106.56008,3.54789,-0.81258,38.18388,0.94966,0.43223,0.10108
34.86,-2.00777,-0.02099,-0.24158,0.00075,-0.03539,-0,-0.4079,-0.02771,-0.0295,-0.0202,0.01088,-0.00123,0.0118,-0.74308,0.00588,-0.02395,-0.01577,0.04242,0.00101,0.01211,9.36953,3.85785,0.55117,0.59618,0.07696,-0.24693,0.06523,-90.30354,0.02153,-1.03239,23.47177,1.24413,0.4372,0.10515
34.88,-2.01465,0.03202,-0.24547,0.00038,-0.03437,-0,-0.51451,-0.04328,-0.01893,-0.04822,0.01116,-0.0011,0.01155,-0.85578,-0.00203,-0.01899,0.05404,0.04768,0.00089,0.00914,25.04237,4.33021,0.69855,0.38513,0.01259,-0.13914,0.03896,-70.70342,-3.01205,-1.14782,6.87199,1.58442,0.44753,0.10739
34.9,-1.88361,0.08186,-0.22496,0.00046,-0.03315,-0,-0.62481,-0.05957,-0.00926,-0.07341,0.0113,-0.0007,0.01048,-0.96116,-0.01288,-0.01172,0.13011,0.05296,0.00081,0.00687,42.73678,4.85077,0.73165,0.11352,-0.13183,-0.02147,-0.00519,-48.75333,-5.81328,-1.19359,-10.39161,1.93415,0.45965,0.10899
34.92,-1.636,0.09114,-0.18221,-6e-05,-0.03101,-0,-0.72383,-0.07159,-0.0027,-0.09574,0.01119,0.00028,0.00888,-1.0384,-0.02239,-0.00228,0.20958,0.0581,0.00079,0.00616,58.77335,5.51038,0.57975,-0.12546,-0.34763,0.07036,-0.06842,-25.95961,-8.62615,-1.16063,-26.95362,2.23598,0.46891,0.11024
34.94,-1.25578,0.01166,-0.11686,0.00043,-0.02723,-0,-0.80124,-0.0768,-0.00054,-0.11482,0.01056,0.0014,0.00729,-1.05713,-0.02653,0.00921,0.28825,0.06163,0.00072,0.00777,71.19415,6.33693,0.31895,-0.09498,-0.60894,0.10573,-0.15138,-4.31268,-10.21484,-1.02467,-41.25261,2.43318,0.46365,0.10811
34.96,-0.76568,-0.20615,-0.03186,0.00413,-0.01993,-0,-0.85213,-0.07452,-0.00245,-0.12973,0.00919,0.00211,0.00596,-0.97746,-0.02425,0.02151,0.3599,0.06265,0.00058,0.012,80.25497,7.26247,0.07984,0.41101,-0.88523,0.07474,-0.24908,13.95646,-9.89242,-0.792,-51.42481,2.47974,0.43423,0.09989
34.98,-0.23462,-0.61035,0.06632,0.01067,-0.00499,-0,-0.87572,-0.06374,-0.00697,-0.1389,0.00694,0.00221,0.00481,-0.75066,-0.01511,0.03201,0.41452,0.06193,0.00041,0.01846,84.49462,8.24973,-0.08708,1.70056,-1.13681,-0.0168,-0.35503,26.53179,-7.92078,-0.42431,-55.42424,2.35291,0.37955,0.08488
35,0.28469,-1.19432,0.16783,0.02114,0.01883,-0,-0.87068,-0.04053,-0.01189,-0.1401,0.00366,0.00149,0.00363,-0.3109,0.01382,0.03686,0.43979,0.06015,0.00022,0.0264,83.28088,8.99067,-0.09133,4.05376,-1.32594,-0.14243,-0.45708,31.5468,-4.84409,-0.26079,-52.96723,2.01638,0.30043,0.06567
35.02,0.72253,-1.87034,0.25216,0.03621,0.04902,-0,-0.83716,-0.00084,-0.01436,-0.13075,-0.00061,4e-05,0.0021,0.39656,0.08592,0.0309,0.42349,0.05852,6e-05,0.03504,76.66576,9.03892,0.03117,7.60404,-1.42718,-0.2678,-0.54043,29.09041,-1.70793,-0.35574,-44.54651,1.51838,0.2082,0.04562
35.04,1.04443,-2.55408,0.31249,0.0532,0.08669,0,-0.78333,0.04554,-0.01273,-0.10885,-0.00554,-0.0018,-0.00019,1.39578,0.18972,0.00831,0.35688,0.05969,1e-05,0.04266,65.19817,8.39208,0.12285,12.44284,-1.42549,-0.36888,-0.59639,21.08739,1.22818,-0.35333,-30.56704,1.02133,0.12325,0.02544
35.06,1.2776,-3.15943,0.35528,0.06918,0.13348,0,-0.71765,0.08703,-0.00689,-0.07394,-0.01079,-0.00374,-0.00353,2.69278,0.30351,-0.03477,0.24344,0.06596,-2e-05,0.04774,50.3692,7.22682,0.08768,18.55399,-1.32175,-0.43097,-0.62144,9.90898,3.90436,-0.20657,-13.88145,0.61228,0.05844,0.00802
35.08,1.48927,-3.57315,0.37429,0.08129,0.18669,0,-0.6452,0.11989,0.00357,-0.02748,-0.01592,-0.00556,-0.00808,4.19617,0.4275,-0.09711,0.10125,0.07868,-9e-05,0.05007,32.90049,5.69306,-0.13505,25.96972,-1.131,-0.45141,-0.61815,-1.95808,6.02999,-0.05418,2.13551,0.31554,0.01724,-0.00359
35.1,1.56981,-3.75109,0.38786,0.09078,0.23877,0,-0.56766,0.13303,0.01721,0.02706,-0.02011,-0.00676,-0.0138,5.88666,0.53195,-0.1724,-0.04034,0.09961,-0.00025,0.0496,15.98497,4.03354,-0.6313,33.75326,-0.88768,-0.43341,-0.5892,-11.80344,7.4712,0.00201,14.83699,0.12955,-0.0033,-0.00822
35.12,1.30419,-3.69553,0.43099,0.09941,0.28015,0,-0.48601,0.12173,0.0312,0.08487,-0.02216,-0.00679,-0.02041,7.89028,0.58015,-0.24989,-0.14382,0.13031,-0.00051,0.04684,2.8586,2.53278,-1.36073,40.33522,-0.62256,-0.39125,-0.5428,-10.78619,7.2487,-0.08906,14.20132,-0.00063,-0.01163,-0.00926
35.14,0.85759,-3.41067,0.48019,0.10273,0.30905,0,-0.40581,0.09612,0.04491,0.14082,-0.02177,-0.00582,-0.02768,9.97336,0.58188,-0.31271,-0.17817,0.17083,-0.00068,0.04323,-8.12774,1.42945,-2.03334,45.8984,-0.34401,-0.34354,-0.49441,-6.63744,6.38931,-0.34151,10.13572,-0.06085,-0.01577,-0.00825
35.16,0.43343,-2.94652,0.49846,0.09793,0.32546,0,-0.32916,0.0638,0.05819,0.18986,-0.0193,-0.00422,-0.03538,11.80408,0.55276,-0.34772,-0.12663,0.21944,-0.00058,0.03991,-18.68647,0.74355,-2.45721,51.01404,-0.0646,-0.2985,-0.45262,-2.9287,4.95962,-0.81795,6.26934,-0.05998,-0.01875,-0.00569
35.18,-0.00454,-2.3857,0.47892,0.0863,0.32604,0,-0.25377,0.02947,0.07001,0.22697,-0.0151,-0.00228,-0.04326,13.32079,0.49232,-0.35204,0.01457,0.271,-0.0003,0.03744,-28.37398,0.38436,-2.56897,55.31719,0.19803,-0.25987,-0.41951,0.24103,2.90485,-1.51928,3.20851,-0.0245,-0.02156,-0.00212
35.2,-0.409,-1.81896,0.42596,0.07276,0.31239,0,-0.17971,-0.00051,0.07874,0.2469,-0.00918,-0.00049,-0.05043,14.46685,0.40733,-0.33099,0.23452,0.322,2e-05,0.03617,-36.87696,0.24405,-2.40551,58.73033,0.42691,-0.23003,-0.39613,2.21337,0.33857,-2.23859,1.28354,0.021,-0.02368,0.00233
35.22,-0.72268,-1.32927,0.35459,0.06038,0.28832,0,-0.10657,-0.01985,0.08307,0.24501,-0.00127,0.00072,-0.05557,15.20588,0.31023,-0.29526,0.50906,0.37001,-0.00024,0.03605,-44.0943,0.20547,-2.12375,61.34268,0.60272,-0.20809,-0.38133,3.04004,-2.23665,-2.66937,0.42498,0.06063,-0.02382,0.00833
35.24,-0.95374,-0.96718,0.25947,0.04671,0.25444,0,-0.03299,-0.02411,0.08454,0.2184,0.00679,0.00115,-0.05857,15.50931,0.21318,-0.25342,0.80404,0.40189,-0.00203,0.03672,-50.71896,0.15431,-1.78972,63.32562,0.705,-0.19392,-0.37418,3.49028,-4.40636,-2.8239,0.13814,0.08498,-0.02079,0.01574
35.26,-1.09866,-0.76078,0.14662,0.03175,0.21169,0,0.04037,-0.01115,0.08506,0.16708,0.01319,0.0009,-0.05985,15.37823,0.12489,-0.21203,1.08056,0.40731,-0.00553,0.03758,-57.41403,-0.01626,-1.43927,64.91018,0.71142,-0.18928,-0.37537,3.84713,-6.0393,-2.78901,-0.09173,0.08957,-0.01255,0.02382
35.28,-1.15886,-0.71906,0.04715,0.01751,0.16279,0,0.11091,0.01941,0.08528,0.09448,0.01879,0.00034,-0.05928,14.89012,0.04758,-0.17618,1.29424,0.38841,-0.0105,0.0376,-64.05339,-0.38587,-1.1387,66.10907,0.59903,-0.19642,-0.38601,4.08733,-7.05612,-2.57126,-0.70306,0.07801,0.00454,0.03215
35.3,-1.1184,-0.82395,-0.03243,0.00527,0.11113,0,0.17655,0.06631,0.08459,0.00706,0.02241,-0.00015,-0.0566,14.09153,-0.02177,-0.14389,1.41023,0.3446,-0.01512,0.03599,-70.67674,-1.02262,-0.93175,66.92502,0.34442,-0.21803,-0.40743,4.20794,-7.52121,-2.21671,-1.93206,0.0566,0.03493,0.04067
35.32,-0.97428,-1.03816,-0.09369,-0.00429,0.0599,0,0.23814,0.12741,0.08185,-0.08685,0.02257,-0.00025,-0.05155,13.04793,-0.0799,-0.1131,1.41234,0.27982,-0.01611,0.03254,-77.24583,-1.96908,-0.84152,67.29089,-0.07273,-0.25808,-0.44059,4.08025,-7.58031,-1.79736,-3.70224,0.03214,0.08211,0.04809
35.34,-0.77895,-1.32493,-0.12245,-0.01094,0.01135,0,0.29321,0.19994,0.07814,-0.17995,0.02234,8e-05,-0.045,11.88066,-0.12815,-0.0895,1.29691,0.20712,-0.01249,0.02723,-83.4907,-3.15571,-0.86274,67.07153,-0.6646,-0.32455,-0.48615,3.67703,-7.22049,-1.37814,-5.91067,0.01138,0.14287,0.0503
35.36,-0.5762,-1.6461,-0.11801,-0.01457,-0.03272,0,0.33837,0.27999,0.07415,-0.26773,0.02358,0.0007,-0.0377,10.67477,-0.17417,-0.07651,1.08319,0.13582,-0.00479,0.02065,-89.1252,-4.43549,-0.96437,66.11038,-1.42865,-0.42854,-0.54248,3.40854,-6.19658,-0.94453,-5.93248,-0.00032,0.19585,0.03742
35.38,-0.38193,-1.94894,-0.09514,-0.01565,-0.07118,0,0.3747,0.36029,0.06888,-0.34754,0.02452,0.00137,-0.02958,9.4636,-0.21817,-0.07244,0.811,0.0712,0.00668,0.01394,-93.76031,-5.67102,-1.09963,64.20629,-2.33979,-0.58255,-0.60339,3.20932,-4.38381,-0.51626,0.63751,0.01141,0.21213,-0.00011
35.4,-0.20967,-2.16904,-0.06254,-0.01495,-0.10314,0,0.4027,0.43927,0.06372,-0.41799,0.02637,0.00197,-0.02215,8.28087,-0.25827,-0.0765,0.5416,0.01541,0.01954,0.00798,-97.05471,-6.59396,-1.1724,61.32979,-3.34014,-0.80357,-0.66067,2.26619,-2.5639,-0.23537,7.94774,0.07239,0.20899,-0.04391
35.42,-0.0734,-2.23824,-0.02925,-0.01334,-0.12766,0,0.42198,0.52146,0.0601,-0.47824,0.03088,0.00249,-0.01618,7.16222,-0.28939,-0.08802,0.32237,-0.02635,0.03021,0.00327,-98.64401,-6.94355,-1.06987,57.48082,-4.3219,-1.09924,-0.70199,0.65813,-1.05656,-0.08022,13.75697,0.2038,0.18517,-0.08735
35.44,0.01233,-2.10987,-0.00645,-0.01153,-0.1446,0,0.432,0.59492,0.05682,-0.52689,0.03379,0.00273,-0.01047,6.09646,-0.30311,-0.10402,0.15868,-0.05102,0.0368,0.00028,-97.92115,-6.63858,-0.779,52.42396,-5.16957,-1.46924,-0.71214,-1.56695,-0.15328,-0.01882,15.58774,0.4102,0.1463,-0.12269
35.46,0.04094,-1.76186,0.00282,-0.00986,-0.15403,0,0.4304,0.64598,0.05307,-0.56194,0.03238,0.0026,-0.0048,5.05716,-0.29247,-0.12092,0.0504,-0.06326,0.03845,-0.00108,-94.44955,-5.76885,-0.36126,46.1032,-5.74015,-1.87575,-0.6764,-4.54386,-0.06919,-0.00921,11.68942,0.67069,0.10009,-0.14399
35.48,0.01373,-1.19414,0.00152,-0.00829,-0.1556,0,0.41282,0.67593,0.04917,-0.58058,0.02851,0.00214,0.0004,4.02779,-0.25362,-0.13568,-0.00106,-0.06628,0.03495,-0.00116,-88.22746,-4.57035,0.10754,38.80817,-5.8098,-2.20269,-0.58541,-8.58303,-0.79696,-0.01249,0.77294,0.93766,0.05408,-0.14878
35.5,-0.06293,-0.43749,-0.0055,-0.00652,-0.1495,0,0.37439,0.68268,0.0446,-0.57839,0.02115,0.00123,0.00499,3.01574,-0.19326,-0.14434,-0.00339,-0.06475,0.02598,-0.00055,-79.39446,-3.00509,0.53516,30.84089,-5.4041,-2.38603,-0.46585,-13.26304,-2.05725,-0.00404,-12.0875,1.11554,0.01794,-0.13627
35.52,-0.16582,0.44525,-0.01403,-0.00407,-0.13646,0,0.30987,0.66565,0.03889,-0.5505,0.01137,-0,0.00904,2.02458,-0.11881,-0.14245,0.02158,-0.06306,0.01334,-0.00014,-68.21319,-1.3434,0.82832,22.57254,-4.61523,-2.33306,-0.34252,-17.47452,-3.31124,0.05236,-19.20107,1.10245,-0.00309,-0.10987
35.54,-0.2619,1.37119,-0.01991,-0.00022,-0.11719,0,0.21299,0.63004,0.03212,-0.49414,0.00384,-0.00124,0.01258,1.02001,-0.03394,-0.1265,0.0506,-0.06062,0.00043,-5e-05,-55.47579,-0.23315,0.94954,14.65796,-3.24929,-1.86998,-0.2114,-20.94882,-3.94195,0.18823,-21.73278,0.86708,-0.01157,-0.07551
35.56,-0.31437,2.25357,-0.02021,0.00577,-0.09326,0,0.08147,0.58127,0.02467,-0.40874,-0.00022,-0.00242,0.01552,-0.02146,0.05125,-0.09408,0.07205,-0.05694,-0.01112,-0.00011,-42.07934,0.13963,0.91196,7.65348,-1.54552,-1.08091,-0.0935,-23.51651,-3.35511,0.38699,-21.49542,0.39648,-0.01173,-0.03799
35.58,-0.27352,2.99344,-0.01513,0.01474,-0.06715,0,-0.08187,0.52649,0.01732,-0.29641,-0.00164,-0.00355,0.01781,-1.11032,0.124,-0.04486,0.08005,-0.05309,-0.02058,-0.00039,-29.00929,-0.11045,0.75155,2.0725,-0.03076,-0.24294,-0.01626,-24.39508,-1.09089,0.61712,-17.04354,-0.3214,-0.00903,-0.00169
35.6,-0.10537,3.50339,-0.00704,0.02702,-0.04162,0,-0.26807,0.46169,0.01026,-0.16334,-0.00097,-0.00438,0.01958,-2.25112,0.17456,0.018,0.06223,-0.05016,-0.02706,-0.00102,-17.71975,-0.81362,0.54294,-1.60901,0.88352,0.38048,0.00849,-21.64122,2.99912,0.89669,-6.25971,-1.24473,-0.01039,0.02874
35.62,0.18688,3.72537,0.00078,0.04158,-0.01903,0,-0.45819,0.38392,0.00416,-0.01727,0.00192,-0.00437,0.02103,-3.43486,0.19892,0.09213,0.00283,-0.04924,-0.0296,-0.00213,-9.0722,-1.70218,0.32237,-3.31793,1.04989,0.65715,-0.00226,-14.33443,8.50412,1.31401,6.34246,-2.22188,-0.02174,0.04922
35.64,0.59603,3.62039,0.00572,0.05805,-0.00107,0,-0.63604,0.30786,0.00057,0.13418,0.00563,-0.0036,0.02187,-4.64769,0.19618,0.17414,-0.09534,-0.05044,-0.02823,-0.00361,-3.24324,-2.47105,0.10104,-3.10154,0.76483,0.65536,-0.02226,-4.51239,14.73257,1.77142,14.45592,-3.13224,-0.04548,0.05763
35.66,1.09116,3.19576,0.00667,0.07649,0.01112,0,-0.791,0.24209,-0.00022,0.28296,0.00845,-0.00253,0.02191,-5.87825,0.16821,0.25681,-0.22624,-0.05364,-0.02377,-0.00543,-0.26242,-2.96113,-0.0881,-1.18685,0.33935,0.49701,-0.04074,6.65119,21.0971,2.12619,18.48311,-3.94879,-0.08091,0.05408
35.68,1.59447,2.49394,0.0042,0.09544,0.01763,-0,-0.91197,0.18426,0.00122,0.42023,0.01057,-0.00115,0.02137,-7.10959,0.12285,0.33164,-0.39212,-0.05907,-0.017,-0.00775,0.18407,-3.12645,-0.22013,1.88642,-2e-05,0.30624,-0.04705,18.74999,26.94441,2.39794,18.75057,-4.62118,-0.12303,0.0413
35.7,2.04047,1.62593,0.0006,0.11186,0.02023,-0,-0.97459,0.13317,0.00386,0.53691,0.01147,0.0004,0.02025,-8.30609,0.07429,0.39839,-0.61506,-0.06583,-0.00793,-0.0113,-0.87831,-2.84698,-0.29697,3.33684,-0.15925,0.17408,-0.03521,30.74884,31.5387,2.59095,15.3977,-5.11118,-0.16427,0.0241
35.72,2.36962,0.72862,-0.00258,0.12187,0.0225,-0,-0.95074,0.08868,0.00619,0.62514,0.01085,0.002,0.01869,-9.40175,0.03571,0.46282,-0.92234,-0.0727,0.00331,-0.01728,-1.62214,-2.26388,-0.32578,3.52779,-0.28307,0.07265,-0.02538,40.96147,34.20836,2.72139,8.74443,-5.39028,-0.19681,0.00785
35.74,2.51051,-0.14182,-0.0048,0.12414,0.0292,-0,-0.85489,0.05088,0.00732,0.67728,0.01028,0.00333,0.0171,-10.36508,0.00956,0.51624,-1.28223,-0.07976,0.01415,-0.02593,-1.89357,-1.64867,-0.3157,3.72489,-0.35799,0.00394,-0.0196,48.52381,34.88188,2.80942,0.89409,-5.4859,-0.2146,-0.00303
35.76,2.42918,-0.9303,-0.00373,0.11831,0.04544,-0,-0.71108,0.02013,0.00697,0.69032,0.01064,0.00416,0.0158,-11.22769,-0.00207,0.55361,-1.6459,-0.08731,0.02227,-0.03694,-1.91147,-1.14855,-0.28938,3.79132,-0.36357,-0.02649,-0.01408,53.70878,33.88536,2.85568,-5.80956,-5.44852,-0.21574,-0.00574
35.78,2.14126,-1.55728,0.00299,0.10371,0.07571,-0,-0.53058,-0.00339,0.00518,0.66881,0.01161,0.00465,0.01486,-11.99712,0.00408,0.58329,-1.98437,-0.09544,0.02712,-0.05054,-1.83112,-0.77789,-0.25684,3.75658,-0.32492,-0.03407,-0.00981,55.86758,31.47086,2.86619,-10.9257,-5.27909,-0.20113,0.00047
35.8,1.70361,-1.95044,0.01746,0.08206,0.12129,-0,-0.35481,-0.01907,0.00348,0.61938,0.0136,0.00436,0.01431,-12.70301,0.02643,0.61767,-2.25642,-0.10337,0.02844,-0.06451,-1.59385,-0.49067,-0.2278,3.71646,-0.26472,-0.02897,-0.00627,54.95476,28.17911,2.73042,-13.17401,-5.02826,-0.17446,0.0147
35.82,1.19546,-2.08262,0.04265,0.05546,0.17912,-0,-0.21015,-0.02428,0.00232,0.55127,0.01726,0.00314,0.01412,-13.40153,0.06011,0.66646,-2.41522,-0.11009,0.02671,-0.07507,-1.05041,-0.17335,-0.20352,3.80457,-0.19614,-0.01871,-0.00331,51.48453,24.51322,2.35188,-12.03563,-4.75217,-0.14042,0.03496
35.84,0.6968,-2.00022,0.08349,0.02657,0.2462,-0,-0.09224,-0.02073,0.00134,0.47653,0.02181,0.0019,0.01426,-14.08239,0.09597,0.72896,-2.40598,-0.11617,0.02284,-0.08162,-0.46124,0.16435,-0.17385,3.82728,-0.11983,-0.00905,-0.00131,45.3094,20.73752,1.86962,-8.51812,-4.42664,-0.1024,0.05954
35.86,0.2715,-1.75269,0.14396,-0.00092,0.31949,-0,-0.00891,-0.01336,0.00144,0.40423,0.02647,0.00103,0.01465,-14.70569,0.11984,0.80592,-2.19129,-0.12206,0.01779,-0.08393,-0.12736,0.45265,-0.13422,3.68589,-0.0406,-0.00179,-0.0001,36.51376,17.01816,1.39831,-3.11078,-4.04076,-0.06248,0.08762
35.88,-0.04687,-1.3786,0.225,-0.02259,0.39348,-0,0.03167,-0.00492,0.00362,0.34,0.03135,0.00042,0.01506,-15.24487,0.10468,0.90183,-1.77979,-0.1274,0.01238,-0.08061,-0.11092,0.66265,-0.08355,3.56812,0.03252,0.00314,0.0006,25.53032,13.43801,0.95182,4.02591,-3.62318,-0.02216,0.1188
35.9,-0.25283,-0.92257,0.3269,-0.03616,0.45746,-0,0.02843,0.00094,0.00845,0.28852,0.03604,2e-05,0.01532,-15.50747,0.06719,0.96716,-1.22216,-0.12957,0.00717,-0.07304,-0.03959,0.62665,-0.0334,3.22763,0.09281,0.00663,0.00104,13.3769,10.31011,0.60149,12.35567,-3.21018,0.0173,0.15328
35.92,-0.35915,-0.44416,0.44708,-0.04561,0.49821,-0,-0.01657,0.00265,0.01628,0.25286,0.03991,-0.00019,0.01533,-15.26504,0.07605,0.93635,-0.60253,-0.12582,0.00262,-0.06355,0.53674,0.33817,-0.00535,2.60266,0.13902,0.01004,0.00136,1.14505,7.79987,0.36756,20.74566,-2.83381,0.05606,0.19111
35.94,-0.38962,-0.00329,0.57457,-0.05134,0.51356,-0,-0.09909,0.00219,0.02701,0.23378,0.04332,-0.00027,0.01479,-14.57715,0.10952,0.84079,-0.00656,-0.11786,-0.00106,-0.05278,1.21533,0.0181,0.0064,2.02782,0.16333,0.01418,0.00167,-10.91431,5.63875,0.19726,28.47591,-2.4988,0.09359,0.23037
35.96,-0.36841,0.36445,0.69716,-0.05108,0.50613,-0,-0.21473,0.00087,0.04003,0.2295,0.04642,-0.00031,0.01353,-13.51376,0.12321,0.71752,0.4986,-0.1073,-0.0038,-0.04198,1.5523,-0.22808,0.01295,1.51362,0.15541,0.01954,0.00203,-22.58849,3.70946,0.06783,35.33993,-2.20069,0.12744,0.26742
35.98,-0.30903,0.64095,0.8057,-0.04656,0.47581,-0,-0.35979,-0.00066,0.05475,0.23561,0.04856,-0.00033,0.01162,-12.01341,0.13427,0.56124,0.87562,-0.0936,-0.00569,-0.03264,5.43539,-0.31814,-0.03488,0.18269,0.1276,0.02125,0.00044,-33.3394,2.0764,-0.04493,40.97853,-1.9376,0.15442,0.29689
36,-0.23516,0.81503,0.87072,-0.04206,0.42748,-0,-0.52036,-0.00164,0.06968,0.2465,0.04963,-0.00045,0.00917,-10.3318,0.14564,0.40647,1.1103,-0.07852,-0.00664,-0.02509,12.42134,-0.12488,-0.10912,0.18993,0.07203,0.01897,-0.00275,-41.87952,0.88509,-0.08215,44.72525,-1.71123,0.17271,0.31302
36.02,-0.16943,0.88386,0.86277,-0.04199,0.36809,-0,-0.67019,-0.00187,0.08299,0.25643,0.04966,-0.00082,0.00634,-8.72307,0.15432,0.27789,1.20743,-0.06388,-0.00632,-0.01926,20.14322,0.40631,-0.14708,2.82777,-0.03126,0.01429,-0.00567,-47.19834,0.07508,-0.01125,45.95682,-1.51872,0.18152,0.31134
36.04,-0.09953,0.86403,0.79321,-0.04352,0.30315,-0,-0.80332,-0.0013,0.09345,0.25966,0.04753,-0.00127,0.00339,-7.08485,0.15193,0.16597,1.19431,-0.04989,-0.00525,-0.015,27.27643,1.09162,-0.11206,8.12349,-0.18534,0.00758,-0.00636,-50.00611,-0.4999,0.04591,45.14293,-1.34207,0.17703,0.2888
36.06,-0.00906,0.78027,0.68232,-0.0433,0.23797,-0,-0.92398,-0.00012,0.10054,0.25275,0.04271,-0.00162,0.00054,-5.40375,0.13665,0.06901,1.10296,-0.03693,-0.00391,-0.01186,32.81996,1.6847,-0.00383,15.57657,-0.37534,0.00103,-0.00229,-50.9964,-0.83553,0.00931,42.97663,-1.1717,0.15812,0.24744
36.08,0.10365,0.6565,0.53988,-0.04204,0.17714,-0,-1.02527,0.00095,0.10446,0.23572,0.03595,-0.00182,-0.00201,-3.80444,0.12035,-0.00752,0.9613,-0.02554,-0.00224,-0.00932,35.30612,2.02418,0.15251,24.05356,-0.58916,-0.00144,0.00885,-50.33245,-0.94752,-0.14008,39.72784,-1.01281,0.12918,0.19538
36.1,0.21394,0.51401,0.37597,-0.03934,0.12536,-0,-1.10122,0.00114,0.10413,0.21057,0.02733,-0.00185,-0.00395,-2.41374,0.08454,-0.06321,0.79235,-0.01641,-0.00019,-0.00689,32.97717,2.01321,0.3085,31.67963,-0.8132,0.00581,0.02793,-48.11303,-0.93059,-0.40576,36.00343,-0.87173,0.09818,0.14407
36.12,0.28446,0.37256,0.21045,-0.03516,0.08545,-0,-1.14688,-0.00011,0.09962,0.18069,0.01764,-0.00172,-0.00488,-1.28492,0.03529,-0.11494,0.61702,-0.00939,0.00193,-0.0043,24.05432,1.68802,0.42272,36.03776,-1.03544,0.02863,0.05309,-44.81731,-0.87154,-0.72406,32.51815,-0.75926,0.07323,0.10335
36.14,0.32473,0.24801,0.06826,-0.03014,0.05573,-0,-1.16391,-0.00281,0.0939,0.14943,0.00857,-0.00147,-0.00463,-0.38139,0.0048,-0.16363,0.45534,-0.0036,0.00376,-0.00142,8.4187,1.06715,0.45954,35.74463,-1.2389,0.07041,0.07934,-41.7681,-0.78714,-1.0202,29.70917,-0.68873,0.05832,0.07797
36.16,0.34612,0.14637,-0.03478,-0.02477,0.03401,-0,-1.1551,-0.00654,0.08858,0.11866,0.0008,-0.00115,-0.00325,0.30806,-0.00875,-0.19676,0.31786,0.00119,0.00506,0.00172,-12.24835,0.19823,0.40729,30.99126,-1.40953,0.13196,0.10102,-39.94602,-0.70425,-1.24466,27.90332,-0.66947,0.0538,0.06796
36.18,0.33585,0.06794,-0.09218,-0.01957,0.01886,-0,-1.1185,-0.01042,0.08379,0.08865,-0.00565,-0.00087,-0.0009,0.79003,-0.01661,-0.2136,0.20724,0.00501,0.00572,0.00496,-36.36793,-0.7951,0.2851,22.46436,-1.54235,0.21232,0.11303,-39.63626,-0.66472,-1.3577,27.33491,-0.70767,0.05603,0.07034
36.2,0.3006,0.0112,-0.11341,-0.01472,0.00865,-0,-1.05959,-0.01355,0.07894,0.05843,-0.01064,-0.0006,0.00197,1.09202,-0.02288,-0.21733,0.12396,0.00793,0.0055,0.00803,-59.36022,-1.80091,0.16685,12.87633,-1.61054,0.30282,0.11423,-41.24696,-0.70431,-1.42304,28.02363,-0.80625,0.05409,0.08107
36.22,0.25151,-0.02194,-0.11232,-0.0106,0.0027,-0,-0.98455,-0.01504,0.07364,0.02622,-0.01358,-0.00031,0.00499,1.25134,-0.02651,-0.21335,0.06725,0.00996,0.00435,0.01073,-76.80499,-2.81913,0.08479,4.82578,-1.5856,0.38449,0.10652,-45.12594,-0.85446,-1.52317,29.90324,-0.96176,0.02866,0.09686
36.24,0.19718,-0.02979,-0.09054,-0.00755,0.0009,-0,-0.89348,-0.01401,0.06819,-0.01014,-0.01483,-4e-05,0.00766,1.285,-0.02958,-0.1999,0.03538,0.01116,0.0028,0.01281,-87.86698,-3.67049,-0.00403,-1.12105,-1.45556,0.44279,0.09018,-51.22574,-1.13397,-1.61297,32.92007,-1.16532,-0.03967,0.11495
36.26,0.14472,-0.01279,-0.05381,-0.0057,0.00317,-0,-0.78748,-0.01011,0.06246,-0.05264,-0.01518,0.00023,0.00947,1.20296,-0.03303,-0.17633,0.02544,0.01156,0.00114,0.01403,-92.50767,-4.0819,-0.0953,-4.82519,-1.21759,0.46652,0.06674,-59.31535,-1.55938,-1.64873,36.88577,-1.40074,-0.16584,0.13309
36.28,0.09462,0.02876,-0.01333,-0.00521,0.00955,-0,-0.66982,-0.00395,0.05611,-0.10268,-0.01458,0.00048,0.01036,1.02916,-0.03199,-0.14914,0.03374,0.01132,-0.00051,0.01439,-91.00679,-4.01657,-0.12397,-6.25011,-0.88535,0.44446,0.03882,-68.90276,-2.14589,-1.64038,41.31261,-1.63786,-0.36442,0.14957
36.3,0.04874,0.09244,0.02091,-0.00617,0.01976,-0,-0.55022,0.00303,0.04755,-0.16064,-0.01327,0.00072,0.01045,0.77668,-0.02638,-0.11962,0.05613,0.01052,-0.00202,0.0139,-79.50126,-3.36492,-0.09829,-4.56988,-0.47543,0.39199,0.02123,-79.18095,-2.96712,-1.51236,45.45668,-1.84759,-0.6182,0.16996
36.32,0.00301,0.17043,0.04188,-0.00866,0.03239,-0,-0.43587,0.011,0.03604,-0.22604,-0.01121,0.00099,0.01011,0.46059,-0.01575,-0.08902,0.08873,0.00928,-0.00322,0.0126,-57.76237,-2.18875,-0.21003,-1.04884,-0.0409,0.32942,0.02064,-88.85795,-4.11695,-1.18341,48.49504,-2.00117,-0.87387,0.20393
36.34,-0.04731,0.25002,0.04916,-0.01297,0.04556,-0,-0.32392,0.02024,0.02337,-0.2979,-0.00791,0.00126,0.00999,0.10311,0.00155,-0.06185,0.12854,0.00783,-0.00402,0.01067,-32.65253,-0.82329,-0.35663,1.9183,0.35185,0.25818,0.02137,-95.7976,-5.43861,-0.74294,49.21727,-2.04116,-1.1209,0.23636
36.36,-0.09094,0.31499,0.0434,-0.01949,0.0573,-0,-0.21352,0.02957,0.01093,-0.37472,-0.00314,0.00147,0.01055,-0.28053,0.02184,-0.03888,0.17393,0.00635,-0.0044,0.00823,-6.62173,0.56793,-0.33477,4.00493,0.67447,0.19195,0.01805,-97.90537,-6.63306,-0.31355,46.51437,-1.90755,-1.33617,0.24972
36.38,-0.10539,0.34076,0.02537,-0.02833,0.06481,-0,-0.10758,0.03846,-0.00027,-0.45387,0.00281,0.00155,0.01189,-0.67813,0.03998,-0.01812,0.22459,0.00492,-0.00436,0.00536,21.2709,1.96802,-0.26024,5.32894,0.90884,0.14916,0.01511,-93.75226,-7.39008,0.00669,40.03541,-1.57345,-1.42957,0.24068
36.4,-0.08977,0.29975,-0.00147,-0.03843,0.06328,-0,-0.00941,0.04822,-0.00842,-0.53086,0.00935,0.0015,0.01401,-1.06418,0.0513,0.00234,0.28108,0.00365,-0.0041,0.00212,50.48095,3.24194,-0.04487,5.4675,1.02965,0.13701,0.01711,-82.38947,-7.50414,0.14687,29.13673,-1.08224,-1.42956,0.19736
36.42,-0.08093,0.16873,-0.02998,-0.04753,0.04694,-0,0.08023,0.06102,-0.01061,-0.5998,0.01625,0.00125,0.01677,-1.39571,0.05269,0.02341,0.34407,0.0026,-0.00386,-0.00136,77.14053,3.87693,0.28375,3.80446,1.00781,0.15309,0.03023,-64.35311,-7.12051,0.1532,15.06026,-0.52931,-1.33348,0.15847
36.44,-0.07347,-0.06883,-0.05311,-0.05496,0.01498,0,0.16032,0.07436,-0.00481,-0.65505,0.02248,0.00049,0.0198,-1.656,0.04418,0.04517,0.41321,0.00181,-0.00362,-0.005,99.19741,3.733,0.25413,1.39659,0.84538,0.18661,0.05956,-42.85843,-6.23334,0.07453,1.51895,-0.01811,-1.01491,0.15187
36.46,-0.04895,-0.41765,-0.06659,-0.0607,-0.03053,0,0.22597,0.0848,0.00933,-0.69159,0.02669,-0.001,0.02262,-1.84732,0.02822,0.06721,0.48624,0.00124,-0.00338,-0.00877,117.66177,3.07934,-0.41269,-0.27078,0.56789,0.22162,0.10496,-22.13251,-4.53593,-3e-05,-9.16643,0.29907,-0.5717,0.13461
36.48,-0.03042,-0.86528,-0.06628,-0.0639,-0.08781,0,0.27176,0.09149,0.03182,-0.70475,0.02884,-0.0033,0.02473,-1.96407,0.00944,0.08778,0.55822,0.00078,-0.00319,-0.01265,131.09207,1.94161,-1.67169,-0.44338,0.21312,0.24069,0.15923,-5.78172,-2.25253,0.0212,-15.79211,0.32368,-0.1907,0.0916
36.5,-0.01887,-1.3445,-0.05313,-0.06438,-0.1509,0,0.2968,0.09187,0.05949,-0.68998,0.02873,-0.00626,0.02577,-1.98015,-0.00776,0.10312,0.62232,0.00025,-0.00302,-0.0166,138.06084,0.11077,-3.52505,1.81112,-0.15186,0.22588,0.20178,3.50927,0.79117,0.06558,-18.78636,0.02319,-0.00642,-0.00537
36.52,-0.00762,-1.74912,-0.03444,-0.06261,-0.21061,0,0.30571,0.08367,0.08704,-0.64369,0.02649,-0.00908,0.02555,-1.86251,-0.0193,0.10853,0.67108,-0.00053,-0.0028,-0.02054,137.13524,-2.89211,-6.13575,7.07981,-0.46669,0.1677,0.20468,6.22388,4.35417,-0.01628,-17.59638,-0.4127,-0.01548,-0.08844
36.54,-0.00194,-2.03252,-0.01084,-0.05976,-0.2589,0,0.29534,0.06661,0.11047,-0.56512,0.02336,-0.01151,0.02371,-1.64595,-0.02238,0.10284,0.69628,-0.00166,-0.00244,-0.02423,129.38187,-6.63645,-8.61962,15.75074,-0.69057,0.08233,0.15436,4.2686,7.19077,0.14209,-11.49148,-0.69592,-0.06554,-0.10203
36.56,-0.00095,-2.17564,0.0202,-0.0568,-0.29001,0,0.26501,0.04032,0.12628,-0.4555,0.02022,-0.01372,0.02031,-1.37144,-0.0172,0.08718,0.69342,-0.00312,-0.00188,-0.02729,117.07352,-10.48516,-9.97814,27.9846,-0.81694,-0.0106,0.04285,-0.86293,8.70119,0.56992,-2.94996,-0.75778,-0.09848,-0.07864
36.58,0.01125,-2.15461,0.05386,-0.0541,-0.30006,0,0.22344,0.00383,0.13227,-0.31801,0.01726,-0.01548,0.01607,-1.04749,-0.00603,0.06346,0.6643,-0.00473,-0.00113,-0.02935,99.98844,-14.4917,-9.98966,44.35522,-0.88257,-0.09515,-0.13343,-3.56023,8.0413,0.89676,1.51057,-0.59377,-0.12856,-0.05723
36.6,0.04076,-1.99043,0.09024,-0.0532,-0.28406,0,0.17016,-0.04333,0.12547,-0.15877,0.01459,-0.01655,0.01166,-0.74198,0.00746,0.03686,0.61275,-0.00614,-0.00021,-0.02954,81.31548,-18.04464,-8.34686,62.54147,-0.96843,-0.16993,-0.36807,-4.5157,6.42002,0.9821,3.02172,-0.42448,-0.15183,-0.04997
36.62,0.04225,-1.73416,0.13251,-0.05545,-0.2422,0,0.10732,-0.0972,0.10671,0.01491,0.01225,-0.01669,0.00794,-0.49604,0.01975,0.01172,0.54519,-0.007,0.00073,-0.02694,64.67392,-20.47,-5.37103,77.47269,-1.18173,-0.28232,-0.65127,-4.37297,4.55949,0.8994,2.90607,-0.34414,-0.19431,-0.06047
36.64,0.02076,-1.44373,0.17236,-0.06014,-0.18264,0,0.0438,-0.15468,0.08342,0.19526,0.01026,-0.01609,0.00586,-0.28248,0.02705,-0.00905,0.47038,-0.00708,0.00156,-0.022,47.94107,-22.14651,-1.98429,89.88583,-1.61317,-0.46425,-0.95498,-3.55228,2.70234,0.7595,2.29482,-0.27114,-0.22067,-0.06361
36.66,0.0253,-1.16662,0.19875,-0.06635,-0.11314,0,-0.01914,-0.21514,0.0607,0.3729,0.00861,-0.01501,0.00562,-0.1031,0.02625,-0.02262,0.3947,-0.0064,0.00224,-0.01546,29.17944,-23.34519,1.30514,102.28335,-2.33807,-0.71881,-1.23523,-2.68001,0.92796,0.61326,1.79501,-0.18049,-0.20866,-0.0516
36.68,0.06172,-0.93057,0.20286,-0.07365,-0.04084,0,-0.08382,-0.27552,0.04063,0.5352,0.00722,-0.0134,0.00685,0.02857,0.01683,-0.02793,0.32181,-0.00505,0.00269,-0.00791,9.6181,-24.17158,4.2384,113.41823,-3.43752,-1.07009,-1.44159,-1.64262,-0.77873,0.45705,1.46048,-0.09774,-0.17334,-0.03397
36.7,0.11133,-0.75487,0.18603,-0.0825,0.02569,0,-0.14536,-0.32743,0.02529,0.66768,0.00605,-0.01169,0.00908,0.1111,-0.0001,-0.02567,0.25463,-0.00333,0.00292,-0.00058,-10.60251,-24.38024,6.48591,122.59896,-4.97703,-1.58772,-1.55003,-0.62226,-2.39447,0.25189,1.05865,-0.03262,-0.12679,-0.0146
36.72,0.14536,-0.64619,0.15712,-0.09357,0.0762,0,-0.18782,-0.35968,0.01572,0.75647,0.00509,-0.01022,0.01196,0.14647,-0.02118,-0.01772,0.19502,-0.00153,0.00292,0.00609,-31.75057,-23.98198,7.61348,129.83861,-6.97497,-2.2168,-1.51358,0.07394,-3.81728,0.0074,0.51309,0.01322,-0.0766,0.0029
36.74,0.18907,-0.59432,0.10602,-0.10443,0.10551,0,-0.20711,-0.37131,0.01192,0.7865,0.00427,-0.0087,0.01485,0.13893,-0.04292,-0.00604,0.14357,0.00019,0.0026,0.01186,-53.32047,-23.5242,7.50147,134.55896,-9.444,-3.02736,-1.35296,0.41752,-5.01057,-0.22957,-0.13218,0.04011,-0.0222,0.01482
36.76,0.27068,-0.58826,0.02914,-0.11283,0.11471,0,-0.20564,-0.36392,0.01317,0.74962,0.00359,-0.007,0.01719,0.09343,-0.06357,0.00777,0.09962,0.0017,0.00191,0.01603,-74.61146,-23.51636,6.36285,136.80882,-12.31869,-3.92971,-1.08314,0.46498,-5.97024,-0.4654,-1.03609,0.04544,0.03211,0.02057
36.78,0.37239,-0.62168,-0.05626,-0.11895,0.1069,0,-0.17946,-0.33482,0.01818,0.64992,0.00304,-0.00526,0.0189,0.0159,-0.08308,0.02273,0.06155,0.00293,0.00094,0.01857,-94.90864,-24.40953,4.46333,137.88556,-15.23692,-3.99995,-0.49256,0.14421,-6.63052,-0.712,-2.2783,0.03095,0.07781,0.02049
36.8,0.48633,-0.67888,-0.14837,-0.12302,0.08757,0,-0.13601,-0.28729,0.02515,0.49673,0.00264,-0.00356,0.01991,-0.08754,-0.09727,0.03752,0.02754,0.00388,-0.0002,0.01949,-112.58988,-24.61463,2.19519,132.35786,-18.48792,-4.34049,-0.29089,-0.5094,-6.88658,-0.9935,-3.77174,-0.00048,0.10734,0.01585
36.82,0.60296,-0.74017,-0.24323,-0.12583,0.06248,0,-0.08246,-0.22551,0.03222,0.30576,0.00244,-0.00194,0.02027,-0.20291,-0.09864,0.04959,-0.00437,0.00458,-0.00137,0.0189,-124.16672,-22.63038,0.50762,113.77959,-22.80564,-4.30984,-0.67202,0.5241,-5.7035,-1.10188,-2.90541,-0.06995,0.09991,0.00335
36.84,0.70486,-0.79837,-0.3202,-0.12798,0.03579,0,-0.0193,-0.15188,0.03805,0.0964,0.00247,-0.00043,0.02031,-0.32015,-0.09126,0.05882,-0.03584,0.00509,-0.00245,0.01739,-128.49729,-21.05379,-0.06017,90.87595,-26.79545,2.42078,0.26792,0.82153,-3.90377,-1.17699,-1.07765,-0.178,0.06707,-0.00308
36.86,0.77861,-0.84834,-0.36929,-0.12961,0.01069,0,0.0476,-0.07091,0.04194,-0.11632,0.00275,0.00095,0.02027,-0.43841,-0.08066,0.06648,-0.0675,0.00549,-0.00329,0.01539,-128.61658,-20.53986,0.99403,69.91204,-28.97961,17.70783,2.72169,-0.5917,-2.01039,-1.25433,0.65121,-0.31587,0.01065,0.00424
36.88,0.81019,-0.8794,-0.39203,-0.13078,-0.01058,0,0.1098,0.01026,0.04336,-0.31947,0.00332,0.00214,0.02015,-0.55281,-0.06504,0.07219,-0.0988,0.00581,-0.00378,0.0131,-123.20195,-20.0514,4.6005,47.33032,-29.12637,41.66136,6.53473,-4.61068,-0.52964,-1.32122,1.43678,-0.47938,-0.06245,0.03078
36.9,0.8035,-0.87452,-0.39592,-0.13088,-0.02651,0,0.1615,0.08408,0.0431,-0.49859,0.00424,0.00314,0.01993,-0.65957,-0.04937,0.07718,-0.12775,0.00602,-0.00376,0.01074,-117.01254,-19.06405,10.84447,33.22116,-26.94349,64.28178,8.69962,-11.77069,0.006,-1.32065,1.00735,-0.63985,-0.13473,0.07609
36.92,0.75718,-0.81678,-0.38917,-0.12921,-0.03576,0,0.20031,0.15137,0.04253,-0.63843,0.00557,0.00413,0.01952,-0.75464,-0.037,0.08331,-0.15158,0.00612,-0.00309,0.0085,-113.11977,-16.12254,15.46398,31.16086,-24.07368,67.13041,4.25757,-21.61287,-0.74639,-1.1433,-0.16293,-0.7533,-0.18606,0.12682
36.94,0.64699,-0.70568,-0.37237,-0.12519,-0.03782,0,0.21762,0.20953,0.04122,-0.72953,0.00731,0.00495,0.0187,-0.83118,-0.0235,0.09018,-0.16878,0.00611,-0.00187,0.00661,-106.01453,-12.82546,19.32256,27.20441,-20.19246,44.56337,-6.08675,-33.8364,-2.86121,-0.8178,-1.67351,-0.81133,-0.1958,0.16319
36.96,0.45815,-0.54347,-0.34564,-0.1184,-0.03269,0,0.2052,0.25183,0.03872,-0.7691,0.00941,0.00536,0.01724,-0.88248,-0.00821,0.097,-0.17992,0.00604,-0.00025,0.00523,-94.99222,-9.29228,21.75488,19.82217,-15.15028,22.86457,-15.34714,-48.01715,-5.98147,-0.46378,-2.8606,-0.81181,-0.15518,0.16665
36.98,0.19278,-0.32934,-0.31177,-0.10882,-0.02068,0,0.16313,0.28043,0.03579,-0.75854,0.01174,0.00549,0.01491,-0.90109,0.00644,0.10335,-0.18812,0.00602,0.00157,0.00446,-82.0095,-5.80663,22.29381,12.63195,-9.271,2.16497,-22.34281,-63.25007,-9.48686,-0.20867,-2.81976,-0.74875,-0.08366,0.12504
37,-0.1334,-0.06827,-0.27621,-0.09513,-0.00242,0,0.09178,0.2937,0.03264,-0.70643,0.0141,0.00539,0.01145,-0.88595,0.01888,0.10936,-0.19909,0.00625,0.00329,0.00435,-69.52796,-2.76841,19.60082,7.23237,-2.77371,-6.69253,-21.89744,-74.82237,-12.61433,-0.01824,-0.34945,-0.62319,-0.01521,0.0441
37.02,-0.50933,0.22375,-0.24365,-0.0768,0.0205,0,-0.00122,0.28882,0.02936,-0.62426,0.0162,0.00514,0.00666,-0.83697,0.02937,0.11506,-0.22016,0.00699,0.0047,0.00496,-58.39543,-0.7783,13.24835,4.19539,3.13187,-3.07103,-15.38205,-76.87077,-14.57692,-0.06764,3.40198,-0.4556,0.01239,-0.05875
37.04,-0.90478,0.52299,-0.21061,-0.05511,0.04584,0,-0.10307,0.27177,0.02622,-0.52035,0.01767,0.00501,0.00042,-0.74902,0.03684,0.11803,-0.2582,0.00836,0.00538,0.00629,-46.56562,0.08871,7.08185,2.35976,7.34917,0.42437,-8.73705,-70.15269,-14.77025,-0.66215,6.42476,-0.30023,-0.02207,-0.16456
37.06,-1.2569,0.80573,-0.1751,-0.03008,0.07148,0,-0.2056,0.24725,0.02326,-0.40122,0.0182,0.00515,-0.00723,-0.62057,0.03935,0.11599,-0.31771,0.01038,0.00501,0.00832,-33.86311,-0.12606,2.68644,1.13811,9.59723,1.44519,-3.86576,-56.01261,-12.62764,-1.52387,8.64317,-0.20799,-0.10432,-0.2497
37.08,-1.48954,1.03351,-0.14043,-0.00057,0.09442,0,-0.30048,0.2161,0.0204,-0.27236,0.01754,0.00558,-0.01605,-0.45635,0.03729,0.10836,-0.3996,0.01298,0.00373,0.011,-21.39451,-1.26149,-0.25389,0.37724,9.86989,0.85029,-0.84341,-33.58088,-7.85744,-2.25424,9.85553,-0.21522,-0.20081,-0.29661
37.1,-1.58273,1.17356,-0.10824,0.03427,0.11083,0,-0.37978,0.17928,0.01728,-0.13774,0.01558,0.00628,-0.02535,-0.2717,0.03159,0.09575,-0.5002,0.01577,0.00169,0.0142,-10.24172,-3.02238,-1.98086,-0.07545,8.5321,-0.98438,0.37985,-2.72404,-0.54769,-2.31792,9.18771,-0.3471,-0.26459,-0.29298
37.12,-1.58505,1.20199,-0.08017,0.07243,0.11604,0,-0.43731,0.13816,0.01363,-0.00085,0.01232,0.0072,-0.03394,-0.07695,0.02375,0.07933,-0.61191,0.01817,-0.00054,0.01772,-1.27572,-4.93049,-2.91756,-0.26105,6.25725,-3.6387,0.13768,30.39606,8.88483,-1.36907,6.12489,-0.60497,-0.25917,-0.23472
37.14,-1.45201,1.06966,-0.05686,0.11236,0.10532,0,-0.4665,0.09597,0.00986,0.13496,0.00782,0.00822,-0.04114,0.12489,0.01524,0.05955,-0.72532,0.01981,-0.00238,0.02124,4.9975,-6.30792,-3.50295,-0.18021,3.6152,-6.54393,-1.06821,58.50627,19.83439,0.40227,2.67128,-0.9702,-0.18456,-0.1278
37.16,-1.14695,0.73411,-0.03725,0.1543,0.0756,0,-0.46307,0.05534,0.00645,0.26597,0.00225,0.00922,-0.04673,0.32127,0.00762,0.03806,-0.8294,0.02052,-0.00384,0.02435,8.29125,-6.74418,-4.14191,0.154,1.06642,-9.08285,-2.67921,80.77668,31.59801,2.77674,0.51103,-1.4161,-0.05157,0.01936
37.18,-0.74981,0.17359,-0.01978,0.19665,0.02492,0,-0.42625,0.01775,0.00368,0.38695,-0.00402,0.01007,-0.05034,0.49486,0.00241,0.01789,-0.91119,0.02016,-0.00506,0.02646,8.18355,-6.0999,-5.51296,0.53336,-0.91553,-11.91191,-4.47136,95.84351,43.46807,5.56466,0.08991,-1.88622,0.12503,0.1953
37.2,-0.32843,-0.51684,-0.00192,0.23453,-0.04441,-0,-0.357,-0.01466,0.00196,0.49115,-0.0105,0.01061,-0.05151,0.63823,-0.00099,0.00182,-0.95438,0.0189,-0.00652,0.02702,4.73189,-3.74297,-6.11755,-0.09416,-1.62446,-10.7455,-5.1126,103.13311,54.37189,8.2903,1.85313,-2.33108,0.32063,0.38259
37.22,0.06499,-1.16464,0.015,0.2613,-0.11779,-0,-0.25897,-0.04098,0.00154,0.57156,-0.01635,0.01071,-0.04986,0.75858,-0.00441,-0.00754,-0.94384,0.01705,-0.00907,0.02564,1.0988,0.69615,-4.6269,-1.72884,-1.58168,-3.83174,-3.0916,102.42762,62.86527,10.12224,5.59607,-2.72439,0.5039,0.555
37.24,0.37801,-1.74587,0.02876,0.2768,-0.19055,-0,-0.14039,-0.06015,0.00241,0.62128,-0.02101,0.01027,-0.04597,0.84307,-0.01105,-0.00877,-0.87635,0.01458,-0.01311,0.02181,-1.66748,5.10348,-3.50551,-4.06326,-1.09583,1.87492,-0.22178,94.08747,68.32787,10.95821,11.21415,-3.01607,0.63905,0.68413
37.26,0.55014,-2.23985,0.04063,0.28341,-0.26277,-0,-0.01094,-0.07006,0.00435,0.63511,-0.02435,0.00927,-0.0406,0.87732,-0.02554,-0.00218,-0.75867,0.01155,-0.0187,0.01553,-3.11457,7.72782,-2.82145,-6.02945,-0.42439,5.37258,1.86611,80.22937,70.92169,11.10921,18.72346,-3.17218,0.68767,0.73764
37.28,0.54032,-2.54607,0.05217,0.27869,-0.33472,-0,0.11721,-0.0716,0.00708,0.61037,-0.02649,0.00783,-0.03413,0.87191,-0.05315,0.01172,-0.60484,0.00807,-0.02601,0.00748,-4.04343,8.99196,-1.97169,-6.71939,0.32053,7.76284,3.46207,61.09557,70.75126,10.57367,28.22152,-3.19503,0.60736,0.67327
37.3,0.4061,-2.5844,0.06436,0.26608,-0.40027,-0,0.23363,-0.06154,0.00966,0.54542,-0.02684,0.00577,-0.0278,0.83457,-0.09133,0.02886,-0.43914,0.00418,-0.03319,-0.0015,-5.41549,7.98891,-0.91701,-6.1436,0.32989,7.72869,3.32221,39.13952,67.95033,9.30852,38.92702,-3.11791,0.35321,0.43873
37.32,0.16827,-2.33315,0.07686,0.24919,-0.42666,-0,0.34081,-0.03512,0.01041,0.44097,-0.02442,0.00323,-0.02263,0.77691,-0.12629,0.04269,-0.28567,1e-05,-0.03675,-0.01006,-7.96678,3.52294,-0.55416,-4.8334,-0.0352,3.29215,1.48511,17.41433,62.77951,7.39501,49.49106,-2.98287,-0.11613,-0.02043
37.34,-0.16743,-1.87575,0.08999,0.22455,-0.39219,-0,0.43518,-0.00383,0.00951,0.30156,-0.02073,0.00096,-0.01828,0.71305,-0.15388,0.05256,-0.15859,-0.00416,-0.03704,-0.01718,-9.09077,-1.56245,0.04294,-3.40485,0.08117,0.45819,0.20119,-4.91209,56.27821,5.28653,60.31872,-2.79475,-0.83502,-0.75442
37.36,-0.50926,-1.30251,0.10095,0.19094,-0.32307,-0,0.50836,0.0205,0.00794,0.13659,-0.0175,-0.00074,-0.01462,0.65164,-0.17435,0.05877,-0.06334,-0.00814,-0.0355,-0.02275,-8.01836,-4.33276,1.50049,-2.29212,0.4126,-0.34706,-0.21555,-28.73276,49.17463,3.32333,72.18781,-2.56415,-1.83371,-1.81525
37.38,-0.76902,-0.68062,0.09589,0.15164,-0.22635,-0,0.55994,0.03657,0.00559,-0.03853,-0.01472,-0.00178,-0.01174,0.60132,-0.18035,0.05872,0.00359,-0.01175,-0.0316,-0.02675,-4.76703,-4.66296,3.34784,-1.03181,0.81443,-0.16496,-0.12015,-53.82256,41.45842,1.64018,85.07908,-2.32656,-3.11709,-3.23685
37.4,-0.91676,-0.08836,0.07114,0.11486,-0.11204,-0,0.59525,0.03836,0.00403,-0.20254,-0.01265,-0.00215,-0.00924,0.55018,-0.17345,0.05421,0.05318,-0.01466,-0.02654,-0.0295,-1.65431,-3.2214,4.39953,0.28617,1.05582,0.25632,0.11735,-76.7098,34.41153,0.33706,96.54648,-2.1274,-4.735,-5.04928
37.42,-0.9777,0.41866,0.03391,0.08612,0.00071,-0,0.62046,0.02646,0.00469,-0.33054,-0.01117,-0.00191,-0.00672,0.48755,-0.15847,0.04805,0.09841,-0.01643,-0.02146,-0.03144,-0.82769,-1.56234,3.87859,1.21649,0.94958,0.28591,0.13471,-93.23166,28.6577,-0.46948,103.21674,-2.00354,-6.67078,-7.20791
37.44,-0.94504,0.81448,-0.03695,0.06203,0.0935,-0,0.61575,0.01204,0.00562,-0.40658,-0.00957,-0.00128,-0.00411,0.4241,-0.13413,0.03949,0.14963,-0.01723,-0.01583,-0.03265,-1.72226,-0.43476,2.53705,2.20685,0.67513,0.106,0.05263,-105.46664,23.19241,-0.62682,106.11016,-1.95519,-8.90343,-9.61266
37.46,-0.81193,1.08902,-0.15796,0.04089,0.1607,-0,0.5649,0.00143,0.00497,-0.42775,-0.00725,-0.00048,-0.00143,0.36373,-0.10199,0.02825,0.21095,-0.01752,-0.00972,-0.03308,4.62963,-0.00077,1.45352,-1.13413,0.42488,0.00902,0.04872,-115.4524,17.74036,-0.21175,106.68154,-1.94943,-11.31547,-12.06725
37.48,-0.61656,1.25276,-0.31435,0.02348,0.20168,-0,0.4716,-0.00384,0.00261,-0.39956,-0.0039,0.00052,0.00119,0.30115,-0.06724,0.01519,0.27833,-0.01727,-0.00382,-0.03278,19.48291,-0.05283,1.08472,-7.08878,0.17222,-0.03422,0.09111,-121.49219,12.50441,0.64358,104.25356,-1.92237,-12.82437,-13.87645
37.5,-0.41299,1.32079,-0.49587,0.00978,0.21829,-0,0.31691,-0.00266,-0.00068,-0.33906,1e-05,0.00114,0.00341,0.22583,-0.03661,0.00248,0.34236,-0.01707,0.00097,-0.03134,38.70803,-0.25324,1.21125,-11.95981,-0.1066,-0.05621,0.13936,-122.1831,8.32778,1.71891,97.01598,-1.81347,-15.5677,-15.6694
37.52,-0.24464,1.31167,-0.68343,-0.00113,0.21421,-0,0.11295,0.00632,-0.00403,-0.26591,0.0048,0.00083,0.00513,0.13867,-0.01337,-0.00762,0.39179,-0.01765,0.00474,-0.02827,60.68319,-0.24904,1.30053,-14.89222,-0.44256,-0.06193,0.17606,-116.48561,5.36029,3.01366,83.4956,-1.56153,-23.08488,-18.74134
37.54,-0.11039,1.24971,-0.85122,-0.01028,0.1955,-0,-0.10088,0.01949,-0.00622,-0.19268,0.01024,0.00019,0.00602,0.0529,0.00402,-0.01637,0.4144,-0.01848,0.00749,-0.02381,81.80985,-0.02991,1.13707,-15.81602,-0.80175,-0.06486,0.19106,-105.47198,2.81088,4.36354,67.10775,-1.05952,-30.24982,-20.87754
37.56,-0.01378,1.15704,-0.98524,-0.01784,0.16849,-0,-0.31822,0.03166,-0.00581,-0.12783,0.01488,-0.00024,0.0058,-0.02716,0.0159,-0.02487,0.40336,-0.01912,0.00878,-0.01815,98.85607,0.18686,0.83942,-15.56837,-1.1096,-0.06579,0.18694,-90.92982,0.6334,5.35444,50.76336,-0.28529,-32.70343,-20.43362
37.58,0.03062,1.05613,-1.07548,-0.02396,0.13774,-0,-0.5382,0.04158,-0.00264,-0.07533,0.01809,-0.00051,0.00466,-0.09978,0.02313,-0.03214,0.36114,-0.01978,0.00897,-0.01136,107.07374,0.26302,0.45026,-15.05962,-1.35365,-0.06568,0.1685,-73.9267,-0.98943,5.92159,34.79899,0.66216,-31.22314,-18.02793
37.6,0.03195,0.9544,-1.12662,-0.02854,0.10783,-0,-0.75393,0.04635,0.00321,-0.03361,0.01947,-0.00064,0.00292,-0.16102,0.02688,-0.0383,0.29533,-0.01993,0.00826,-0.00417,102.71574,0.20295,0.1449,-15.19405,-1.51578,-0.06331,0.14692,-57.19179,-2.05767,5.4519,22.71553,1.5931,-25.20033,-13.92365
37.62,-0.00691,0.85897,-1.14759,-0.03142,0.08199,-0,-0.95492,0.0441,0.01169,0.00154,0.01896,-0.00056,0.00113,-0.20699,0.02774,-0.04378,0.21789,-0.01891,0.0068,0.00316,84.2016,0.15575,0.01109,-16.41301,-1.59415,-0.05985,0.13165,-42.82314,-2.68177,3.87786,15.17079,2.25434,-17.07109,-9.24251
37.64,-0.0805,0.79131,-1.13488,-0.03283,0.06089,-0,-1.13358,0.03709,0.02171,0.03422,0.01712,-0.00014,-5e-05,-0.23507,0.02729,-0.04816,0.14183,-0.01711,0.00532,0.01051,53.00926,0.10714,0.00953,-18.47632,-1.60639,-0.05808,0.12659,-30.8754,-2.99031,2.16669,9.61294,2.5678,-9.64087,-5.05919
37.66,-0.16404,0.76241,-1.08824,-0.03312,0.04456,-0,-1.2846,0.02717,0.03148,0.06651,0.01448,0.00057,-0.00032,-0.24538,0.0267,-0.05102,0.07587,-0.01468,0.00421,0.01716,13.76931,0.03557,0.08136,-20.59023,-1.56904,-0.05805,0.13275,-21.10207,-3.03246,0.78485,5.47602,2.58088,-3.61951,-1.73657
37.68,-0.23276,0.77072,-1.01427,-0.03287,0.03303,-0,-1.39567,0.01503,0.03871,0.09724,0.01153,0.00149,0.00043,-0.24054,0.02632,-0.05182,0.0246,-0.01124,0.00337,0.0226,-29.52199,-0.02401,0.1612,-21.36743,-1.49913,-0.05504,0.14852,-13.2426,-2.856,-0.16611,2.83532,2.34624,0.67966,0.59643
37.7,-0.2765,0.80735,-0.92903,-0.03202,0.02586,-0,-1.45739,0.00079,0.0447,0.12191,0.00862,0.00249,0.00213,-0.22868,0.02532,-0.05051,-0.01014,-0.00703,0.00283,0.02645,-63.66533,-0.07354,0.19935,-20.93839,-1.36184,-0.04427,0.17037,-6.73014,-2.51731,-0.55795,1.30172,1.95707,2.96057,1.85132
37.72,-0.29503,0.85699,-0.84756,-0.03066,0.02273,-0,-1.46007,-0.01189,0.05152,0.13374,0.00612,0.0033,0.00464,-0.21963,0.02281,-0.04718,-0.02849,-0.00202,0.00258,0.02843,-78.47283,-0.13386,0.20535,-20.80487,-1.13484,-0.02745,0.19294,-1.06489,-2.01847,-0.39411,0.50029,1.51056,3.11441,1.99166
37.74,-0.27879,0.91412,-0.76297,-0.02989,0.02359,-0,-1.39758,-0.02005,0.05505,0.12588,0.00456,0.00392,0.00773,-0.21914,0.01891,-0.04115,-0.03187,0.00409,0.00242,0.02837,-80.36552,-0.16,0.23465,-20.07717,-0.85913,-0.00661,0.20814,3.9012,-1.36871,0.22348,0.13338,1.08744,1.3883,1.13079
37.76,-0.22608,0.97265,-0.66913,-0.03042,0.02814,-0,-1.27034,-0.02466,0.05244,0.09361,0.00408,0.00448,0.01111,-0.23094,0.01363,-0.03243,-0.02245,0.01092,0.00219,0.02629,-74.77082,-0.11622,0.33008,-17.79488,-0.56087,0.01557,0.20951,8.09239,-0.62284,1.0515,0.00378,0.73155,-1.70684,-0.46354
37.78,-0.1505,1.01176,-0.56954,-0.03237,0.03548,-0,-1.08256,-0.02567,0.0451,0.03561,0.00457,0.00488,0.01455,-0.25673,0.00683,-0.02209,-0.00305,0.01785,0.00187,0.02249,-62.48257,-0.03106,0.50692,-14.62707,-0.2447,0.03227,0.19438,11.3821,0.2047,1.63945,0.00034,0.44177,-6.38711,-2.72573
37.8,-0.07968,1.022,-0.46003,-0.03518,0.04408,-0,-0.86481,-0.02447,0.03494,-0.04562,0.00588,0.00518,0.01784,-0.29421,-0.00126,-0.0118,0.02283,0.02425,0.00142,0.01728,-41.33376,0.06792,0.719,-11.95002,0.08519,0.04047,0.16583,12.02401,0.75379,1.65557,0.04154,0.26011,-7.49336,-4.036
37.82,-0.03255,0.9967,-0.33816,-0.038,0.05163,-0,-0.64509,-0.02242,0.02406,-0.14365,0.00785,0.00542,0.0208,-0.33888,-0.00888,-0.00268,0.05145,0.02958,0.00086,0.01123,-14.48064,0.00914,0.84058,-10.26949,0.41138,0.03771,0.1248,10.225,0.93266,1.47017,-0.01196,0.13388,-3.10423,-2.65076
37.84,-0.0038,0.90765,-0.20674,-0.04089,0.05565,-0,-0.42431,-0.0188,0.0136,-0.24939,0.01007,0.00537,0.02328,-0.38455,-0.01427,0.00516,0.0797,0.03303,0.00026,0.00517,10.82559,-0.32526,0.79757,-7.98014,0.72111,0.02071,0.06332,8.16486,1.19217,1.3774,-0.21689,-0.03193,0.69389,-0.39524
37.86,0.0086,0.73321,-0.06569,-0.04372,0.05407,-0,-0.21195,-0.01352,0.00488,-0.3516,0.01208,0.00482,0.02515,-0.42463,-0.01702,0.01142,0.10561,0.03405,-0.0003,-0.0004,33.63403,-0.86084,0.52667,-3.94091,1.01765,-0.00789,-0.02025,6.2894,1.26726,1.44921,-0.57004,-0.2122,3.68096,1.6868
37.88,0.00301,0.46892,0.08418,-0.0455,0.04495,-0,-0.02645,-0.00768,-0.00043,-0.43609,0.01385,0.00371,0.02632,-0.45505,-0.01677,0.01614,0.12844,0.03286,-0.00076,-0.00524,54.14518,-1.48166,-0.04664,2.10768,1.28907,-0.04339,-0.11911,4.47313,0.88962,2.43761,-0.99314,-0.3744,8.22223,3.87413
37.9,-0.01756,0.1301,0.23813,-0.04531,0.02724,-0,0.11928,-0.00387,-0.00206,-0.48552,0.01528,0.00192,0.02677,-0.46651,-0.01387,0.01918,0.14836,0.02962,-0.00105,-0.00912,69.86213,-2.46128,-0.93342,10.65541,1.50737,-0.07882,-0.22054,2.74882,0.32944,3.1781,-1.35277,-0.42782,11.45389,4.81845
37.92,-0.04867,-0.24268,0.38978,-0.04221,0.00143,-0,0.22545,-0.00534,0.00026,-0.48248,0.01626,-0.00046,0.02653,-0.44929,-0.00921,0.02027,0.16576,0.02481,-0.00112,-0.01188,75.66192,-4.43656,-2.17473,23.09704,1.63109,-0.10434,-0.30735,1.38005,0.55898,1.72337,-1.91923,-0.32809,8.43712,3.5875
37.94,-0.08759,-0.62521,0.53225,-0.03584,-0.03097,-0,0.29356,-0.01778,0.00611,-0.41635,0.01716,-0.00322,0.02563,-0.40971,-0.00398,0.01953,0.18036,0.01948,-0.00094,-0.01344,72.07508,-7.0939,-3.75713,40.35956,1.64235,-0.11843,-0.36199,-0.21225,1.75327,0.20309,-2.83162,-0.18008,4.15073,1.85313
37.96,-0.13229,-0.99625,0.66015,-0.02654,-0.06778,0,0.32301,-0.048,0.01341,-0.28586,0.01819,-0.00623,0.02422,-0.35701,0.00039,0.01698,0.19063,0.01435,-0.00052,-0.01378,63.13732,-9.81888,-5.56383,62.22833,1.52481,-0.12534,-0.37041,-3.0136,3.65329,-0.84262,-4.12359,-0.06977,0.85743,0.37647
37.98,-0.17609,-1.31451,0.77045,-0.01537,-0.10538,0,0.32202,-0.10383,0.02013,-0.0996,0.0192,-0.00939,0.02258,-0.29495,0.00258,0.01237,0.19339,0.00971,9e-05,-0.01295,48.08437,-12.6645,-7.49987,89.66389,1.23151,-0.12404,-0.32731,-8.17245,5.87489,-2.04029,-6.26186,0.01053,-1.81832,-0.88175
38,-0.22691,-1.56526,0.86393,-0.00441,-0.13965,0,0.29988,-0.18584,0.02347,0.12417,0.02016,-0.01238,0.02096,-0.23188,0.0011,0.00528,0.18468,0.00579,0.00082,-0.01103,29.79938,-15.73287,-9.38268,120.14006,0.7487,-0.11036,-0.23297,-15.76797,8.43523,-2.44273,-8.78571,0.00676,-3.47381,-1.72967
38.02,-0.30419,-1.74639,0.94354,0.00426,-0.16664,0,0.26707,-0.28154,0.02123,0.36467,0.02112,-0.0147,0.01959,-0.17422,-0.00385,-0.00374,0.16103,0.00276,0.00157,-0.00815,12.21122,-19.11011,-10.81056,148.11148,0.02912,-0.06609,-0.1023,-21.61042,10.93005,1.42225,-10.08697,0.02193,-3.03657,-1.72094
38.04,-0.39477,-1.84244,1.00826,0.00897,-0.18116,0,0.2284,-0.38832,0.01361,0.60226,0.02178,-0.01632,0.01874,-0.12233,-0.01126,-0.01349,0.12079,0.00071,0.00227,-0.00452,-6.08471,-22.64493,-11.52618,173.76984,-1.0316,0.05148,0.03185,-21.94141,11.20269,7.66551,-9.76355,0.14378,-1.45689,-1.0954
38.06,-0.4777,-1.84992,1.05528,0.00874,-0.17985,0,0.18638,-0.51017,0.00141,0.819,0.0219,-0.01742,0.0185,-0.07676,-0.02072,-0.0233,0.06622,-0.00045,0.00289,-0.00042,-26.25971,-26.37369,-11.66479,198.92324,-2.49589,0.3081,0.13191,-18.57866,8.82193,12.23561,-8.24197,0.26964,-0.1102,-0.43884
38.08,-0.55396,-1.77955,1.08094,0.00371,-0.16355,0,0.14588,-0.64479,-0.01403,0.99915,0.02158,-0.01794,0.01868,-0.03892,-0.03111,-0.03211,0.00391,-0.00085,0.00339,0.00375,-47.81946,-30.43817,-11.28097,222.76046,-4.39796,0.78992,0.15555,-14.68966,5.20463,14.45169,-4.27491,0.35071,1.00703,0.22077
38.1,-0.61727,-1.65874,1.08702,-0.00508,-0.13505,0,0.1011,-0.76476,-0.02985,1.12985,0.02083,-0.01784,0.01916,-0.01037,-0.04119,-0.03888,-0.0565,-0.00069,0.0038,0.00755,-68.44132,-34.79013,-10.48002,240.50659,-6.83466,1.59322,0.0495,-14.21923,1.8447,12.97733,-0.30663,0.35722,1.45254,0.57137
38.12,-0.66096,-1.51544,1.07398,-0.0164,-0.1012,0,0.0552,-0.8288,-0.04202,1.20169,0.01969,-0.0171,0.01983,0.00782,-0.04993,-0.04275,-0.10444,-0.00017,0.00414,0.01074,-85.95793,-39.239,-9.41271,246.14646,-9.95449,2.81544,-0.23859,-15.7162,-0.52622,9.53098,1.08903,0.30653,1.14105,0.47481
38.14,-0.68749,-1.35283,1.02667,-0.02915,-0.07086,0,0.02192,-0.85012,-0.04791,1.2033,0.01828,-0.01585,0.02035,0.01435,-0.05603,-0.04276,-0.13301,0.00058,0.00438,0.01298,-101.06967,-44.04345,-8.05797,242.65037,-13.73367,4.40703,-0.77273,-16.91383,-1.98034,6.42158,1.51745,0.2391,0.72035,0.30217
38.16,-0.69865,-1.17681,0.93796,-0.04243,-0.04929,0,0.00346,-0.84653,-0.04656,1.13149,0.01672,-0.01427,0.02052,0.00767,-0.05878,-0.03848,-0.14085,0.00147,0.0045,0.01406,-114.8985,-48.79397,-6.12559,233.81553,-17.884,6.25079,-1.54882,-18.01195,-2.6443,4.13138,1.71634,0.1724,0.46698,0.21575
38.18,-0.69911,-0.99934,0.81637,-0.05596,-0.03778,0,-0.0031,-0.80284,-0.0376,0.99844,0.01508,-0.01237,0.02044,-0.01283,-0.05826,-0.03027,-0.13112,0.00249,0.0044,0.01421,-127.55311,-52.20155,-3.5197,218.28816,-21.64104,8.5422,-2.30442,-17.82059,-2.67846,2.48424,1.05215,0.11368,0.27069,0.14314
38.2,-0.68984,-0.81233,0.65969,-0.06952,-0.03478,0,-0.0016,-0.73415,-0.02247,0.81888,0.01344,-0.01046,0.02015,-0.04667,-0.05416,-0.01868,-0.11106,0.00367,0.00403,0.01364,-133.57383,-54.96959,0.12092,195.69283,-25.55406,9.85071,-3.44514,-16.78267,-2.29507,1.39348,-0.27694,0.06402,0.14,0.09122
38.22,-0.66718,-0.61067,0.47266,-0.08288,-0.03685,0,0.00415,-0.6561,-0.00298,0.61319,0.0119,-0.00884,0.01972,-0.09159,-0.04657,-0.00474,-0.08919,0.00506,0.00335,0.01265,-128.30588,-56.49593,6.07463,165.40828,-31.14691,7.68118,-5.69872,-15.68056,-1.6534,0.73636,-2.04038,0.02473,0.06973,0.05923
38.24,-0.63265,-0.40233,0.28022,-0.09622,-0.04049,0,0.01228,-0.55568,0.01957,0.4058,0.01049,-0.0074,0.01937,-0.14594,-0.03698,0.01036,-0.07214,0.00668,0.00222,0.01172,-118.42322,-53.30096,12.65043,130.45494,-35.75804,3.59771,-7.86004,-14.13982,-0.72482,0.22778,-4.06056,-0.00133,0.02345,0.02599
38.26,-0.58814,-0.18737,0.10232,-0.10969,-0.04318,0,0.0214,-0.42959,0.04354,0.20853,0.0092,-0.00608,0.01915,-0.20978,-0.02639,0.0261,-0.06389,0.00851,0.00068,0.0111,-107.99896,-45.43855,17.08624,94.36751,-36.69554,0.01031,-8.84479,-11.94237,0.56877,-0.39255,-6.19339,-0.01475,-0.01373,-0.01632
38.28,-0.53179,0.03702,-0.04947,-0.12298,-0.04376,0,0.03227,-0.2881,0.06676,0.02244,0.00807,-0.00492,0.01883,-0.28296,-0.01508,0.04218,-0.06559,0.01041,-0.00114,0.01064,-95.48543,-34.57825,18.80054,58.56029,-34.60895,-3.28267,-8.84644,-9.25939,2.26764,-1.34088,-8.24075,-0.01742,-0.0518,-0.07246
38.3,-0.45154,0.26701,-0.17527,-0.13587,-0.04211,0,0.04612,-0.1485,0.0888,-0.15574,0.00702,-0.00392,0.01818,-0.36356,-0.00383,0.05843,-0.07566,0.01217,-0.003,0.0102,-82.05048,-23.90952,16.84665,31.32049,-28.44079,-4.47385,-7.6645,-6.6576,4.48812,-2.85674,-9.65237,-0.01206,-0.0997,-0.14529
38.32,-0.33819,0.49357,-0.27702,-0.14811,-0.03895,0,0.06328,-0.01771,0.11178,-0.33245,0.00602,-0.00304,0.0169,-0.44788,0.00694,0.07495,-0.09104,0.01348,-0.00457,0.00954,-66.80227,-16.06071,13.5546,13.29017,-19.72885,-3.23517,-5.78955,-4.75266,7.48782,-4.91089,-9.89067,-0.001,-0.16754,-0.235
38.34,-0.20739,0.71252,-0.34099,-0.15848,-0.03545,0,0.08721,0.1057,0.13327,-0.51232,0.00513,-0.00218,0.0145,-0.53545,0.01683,0.09157,-0.10903,0.014,-0.00568,0.00827,-51.04773,-9.9907,10.44622,-0.94106,-11.97993,-1.75654,-3.967,-3.33873,10.97015,-6.91514,-9.1287,0.01633,-0.24861,-0.32874
38.36,-0.08195,0.92874,-0.36077,-0.16564,-0.03219,0,0.12199,0.21284,0.14763,-0.69483,0.00438,-0.00128,0.01066,-0.62679,0.02489,0.10804,-0.12817,0.01344,-0.00631,0.00615,-36.67726,-5.36866,7.76708,-10.30798,-6.40382,-0.79785,-2.49349,-2.18564,14.20526,-8.39904,-7.77906,0.03805,-0.32668,-0.40485
38.38,0.01715,1.15224,-0.34347,-0.16866,-0.02897,0,0.1651,0.29136,0.15118,-0.87407,0.0037,-0.00037,0.00527,-0.7192,0.03001,0.12419,-0.1483,0.01166,-0.00644,0.00323,-24.60798,-2.41595,5.60727,-14.09342,-2.79098,-0.15988,-1.40371,-1.30248,16.65164,-8.78768,-6.11355,0.05888,-0.40689,-0.45139
38.4,0.06971,1.38542,-0.29739,-0.16612,-0.02504,0,0.22237,0.34375,0.1439,-1.03334,0.00304,0.00048,-0.00162,-0.80889,0.03103,0.13967,-0.17054,0.00861,-0.00601,-0.00033,-15.02173,-0.79101,3.91093,-13.34059,-0.80457,0.20488,-0.67461,-0.69964,17.60252,-8.3679,-4.23879,0.0782,-0.39914,-0.40078
38.42,0.04776,1.62016,-0.23515,-0.15693,-0.0196,0,0.3034,0.38992,0.1289,-1.1493,0.00237,0.00123,-0.00969,-0.88998,0.02694,0.15404,-0.19679,0.00441,-0.00493,-0.00408,-7.42698,-0.08264,2.60376,-9.76389,0.01499,0.35553,-0.23646,-0.21285,16.54934,-7.85832,-2.2877,0.09949,-0.19356,-0.18222
38.44,-0.07531,1.86461,-0.16646,-0.14005,-0.0125,0,0.38605,0.41968,0.10239,-1.20938,0.00162,0.00178,-0.01848,-0.95686,0.01651,0.16577,-0.22901,-0.00062,-0.00331,-0.00761,-1.1113,0.09173,1.65008,-5.21083,0.06997,0.36464,-0.0033,0.3826,12.44416,-6.7357,-2.73044,0.3544,0.18809,0.13676
38.46,-0.30363,2.12569,-0.09579,-0.11425,-0.0042,0,0.4464,0.41711,0.06314,-1.20992,0.00074,0.00204,-0.02769,-1.00445,-0.00027,0.17298,-0.26868,-0.00606,-0.00122,-0.01066,4.47141,0.03779,0.97319,-1.18257,-0.3397,0.29177,0.09715,1.33044,5.55619,-5.36068,-6.95654,0.97047,0.46452,0.35469
38.48,-0.61596,2.379,-0.02951,-0.07825,0.00424,0,0.48629,0.39744,0.01905,-1.1518,-0.00032,0.00193,-0.03696,-1.02551,-0.02188,0.17469,-0.31636,-0.01138,0.00122,-0.01299,9.57457,-0.06082,0.47039,1.38511,-1.01861,0.16224,0.10605,2.82376,-1.79147,-3.59552,-12.20722,1.64358,0.39053,0.32953
38.5,-0.98408,2.59956,0.02844,-0.0289,0.01129,0,0.51003,0.3567,-0.02513,-1.04918,-0.00158,0.00147,-0.04551,-1.01628,-0.04435,0.16637,-0.37155,-0.01585,0.00373,-0.01442,12.82126,-0.114,0.06916,1.6777,-1.61698,-0.01768,0.0414,5.05904,-7.48868,-2.20139,-15.64873,2.06413,0.09515,0.08975
38.52,-1.385,2.75682,0.0762,0.03513,0.01543,0,0.54248,0.28999,-0.06495,-0.9213,-0.00305,0.00079,-0.05226,-0.97451,-0.05904,0.14379,-0.43295,-0.01867,0.00628,-0.01479,14.51355,-0.11228,-0.3077,0.80884,-1.97027,-0.24452,-0.0822,8.01235,-9.60039,-2.09407,-14.09626,1.8507,-0.15836,-0.23423
38.54,-1.74223,2.79569,0.11129,0.11465,0.0157,0,0.64177,0.21754,-0.09616,-0.78227,-0.00472,-4e-05,-0.05689,-0.89518,-0.06267,0.11067,-0.49863,-0.0196,0.00828,-0.01409,15.97802,-0.09094,-0.71567,-0.18906,-2.26549,-0.53863,-0.26838,11.25371,-7.35436,-0.75922,-7.2253,0.80162,-0.64576,-0.74778
38.56,-1.95856,2.65847,0.13205,0.21367,0.01223,0,0.86856,0.15215,-0.11739,-0.64632,-0.00655,-0.00095,-0.05932,-0.77447,-0.05748,0.07148,-0.56668,-0.01874,0.00905,-0.01245,16.86613,-0.08031,-1.19275,-1.19114,-2.53934,-0.91361,-0.52035,14.35819,0.10014,2.27202,4.45347,-1.19619,-1.49283,-1.46364
38.58,-1.97435,2.28453,0.13833,0.33698,0.00634,0,1.269,0.09443,-0.12802,-0.52871,-0.00847,-0.00166,-0.05915,-0.6131,-0.04409,0.0296,-0.63552,-0.01636,0.00872,-0.01013,16.94912,-0.10771,-1.76925,-2.077,-2.79352,-1.3947,-0.84229,16.54532,13.40134,5.99755,20.45248,-4.11327,-2.81157,-2.35828
38.6,-1.78288,1.70065,0.13381,0.47783,0.00102,0,1.89914,0.03764,-0.13738,-0.44288,-0.01041,-0.00229,-0.0562,-0.42287,-0.02753,-0.00884,-0.70219,-0.01332,0.00741,-0.00765,16.04996,-0.19468,-2.48537,-2.64526,-2.94814,-1.92854,-1.20888,17.40419,31.52842,10.37483,38.30178,-7.55732,-4.55594,-3.40875
38.62,-1.43923,1.00311,0.12298,0.61462,0.00031,-0,2.82361,-0.0124,-0.15408,-0.40196,-0.01227,-0.00283,-0.05037,-0.21266,-0.01333,-0.03978,-0.76329,-0.01069,0.00562,-0.00562,14.15816,-0.35694,-3.43088,-2.64963,-2.92325,-2.41757,-1.57611,16.85014,51.00533,16.3898,52.148,-10.75303,-6.42486,-4.56303
38.64,-0.94091,0.19316,0.10684,0.74159,0.00889,-0,4.06479,-0.04557,-0.17403,-0.4183,-0.01381,-0.00267,-0.04163,0.01384,-0.00228,-0.06056,-0.81683,-0.00925,0.00423,-0.00452,11.47724,-0.59574,-4.52577,-2.13704,-2.7626,-2.78567,-1.9,14.86331,69.19183,20.38474,58.35552,-13.06923,-7.92892,-5.50528
38.66,-0.31976,-0.7129,0.08606,0.86087,0.03225,-0,5.59929,-0.06772,-0.19354,-0.50182,-0.01474,-0.00131,-0.0301,0.24362,0.00443,-0.06848,-0.86095,-0.00952,0.00359,-0.0047,8.43141,-0.88613,-5.63638,-1.34947,-2.54331,-3.01542,-2.15224,12.16858,85.21065,20.55616,58.06653,-14.32932,-8.71512,-5.95238
38.68,0.27604,-1.62171,0.06192,0.96285,0.0757,-0,7.34321,-0.08524,-0.21195,-0.6598,-0.01477,0.00129,-0.01604,0.45185,0.00496,-0.06222,-0.89305,-0.0115,0.0036,-0.00631,5.48824,-1.18897,-7.01246,-0.54134,-2.35883,-3.43524,-2.44752,9.4376,97.85954,18.04303,49.84653,-14.39122,-8.80506,-5.94454
38.7,0.87756,-2.36886,0.03543,1.01687,0.13934,-0,9.36763,-0.09265,-0.23912,-0.89464,-0.0134,0.00524,-0.00024,0.63295,-0.00151,-0.04556,-0.90989,-0.01468,0.00391,-0.00926,2.90314,-1.39846,-7.46327,-0.01987,-1.933,-2.94518,-2.28803,7.27772,106.31396,13.33204,38.1483,-13.69743,-7.99827,-5.37555
38.72,1.53991,-2.80276,0.00629,0.98456,0.21558,-0,11.85321,-0.07325,-0.28947,-1.20289,-0.0101,0.01196,0.01697,0.81921,-0.01434,-0.02553,-0.90865,-0.0183,0.00402,-0.01323,0.60597,-1.29612,-5.59495,-0.04803,-1.01832,-0.37878,-0.97593,5.98799,109.41437,7.47453,30.2544,-12.83296,-6.47468,-4.34898
38.74,2.03829,-2.96248,-0.0255,0.88099,0.30092,-0,14.57247,-0.03635,-0.35206,-1.58132,-0.00461,0.02188,0.03525,0.99223,-0.03236,-0.00209,-0.88882,-0.02166,0.00339,-0.01792,-1.64091,-0.81898,-3.75826,-0.76608,-0.13489,2.0274,0.54176,5.44336,107.36107,2.69122,23.29142,-11.74101,-4.86086,-3.2509
38.76,2.20246,-2.8985,-0.05672,0.73246,0.3948,-0,17.20654,0.00305,-0.41164,-2.02642,0.00317,0.0339,0.05387,1.11459,-0.05496,0.02641,-0.8518,-0.02425,0.00169,-0.02309,-3.97615,-0.08327,-2.68209,-1.8687,0.42378,3.37723,1.50132,5.29505,101.5053,-0.29496,14.89368,-10.43584,-3.46191,-2.27132
38.78,2.05067,-2.60424,-0.08215,0.53997,0.46379,-0,19.61405,0.04981,-0.46776,-2.5237,0.013,0.04793,0.07239,1.19311,-0.08187,0.05855,-0.80033,-0.02603,-0.00115,-0.02845,-6.50458,0.88659,-1.88672,-3.07473,0.75022,4.42429,2.06494,5.0522,92.36888,-1.92997,6.84284,-9.12995,-2.28058,-1.42784
38.8,1.68631,-2.10676,-0.09087,0.32869,0.47534,-0,21.99648,0.07563,-0.51411,-3.04126,0.02413,0.06393,0.09075,1.24723,-0.109,0.08592,-0.73964,-0.02645,-0.00485,-0.03361,-8.2054,1.37387,-1.24542,-3.98848,0.40498,3.57976,1.57062,4.33292,81.25092,-2.24069,0.26516,-7.94057,-1.34011,-0.73903
38.82,1.18915,-1.47383,-0.0627,0.12007,0.46612,-0,24.64229,0.064,-0.53985,-3.52813,0.03546,0.08193,0.10901,1.30322,-0.12946,0.09963,-0.67526,-0.02479,-0.0084,-0.03815,-8.09367,0.27725,-0.66295,-3.72785,-0.14072,0.68075,0.33603,3.00408,69.43255,-1.6382,-4.30046,-6.92661,-0.62571,-0.19968
38.84,0.58073,-0.79656,0.01465,-0.08261,0.44414,-0,27.04171,0.03989,-0.53337,-3.94328,0.045,0.10096,0.12638,1.35099,-0.14411,0.1064,-0.61004,-0.02201,-0.01118,-0.0417,-6.75182,-1.62176,-0.18307,-2.30803,-0.10646,-0.67318,-0.33753,0.92448,57.38457,-0.8057,-7.26658,-6.09359,-0.09611,0.21065
38.86,-0.05455,-0.13792,0.14113,-0.27369,0.41754,-0,28.72723,0.01013,-0.48808,-4.26047,0.05059,0.11993,0.14199,1.37579,-0.15576,0.11197,-0.54531,-0.01914,-0.01328,-0.04396,-5.54875,-3.19519,0.49537,-0.40594,0.19399,-0.8662,-0.47734,-1.95949,45.59091,0.00479,-9.17654,-5.41525,0.28321,0.51361
38.88,-0.61654,0.46293,0.31622,-0.44415,0.38563,-0,29.75996,-0.03096,-0.40645,-4.44193,0.05073,0.13933,0.15526,1.39303,-0.16313,0.11324,-0.48149,-0.01604,-0.01441,-0.04482,-5.0697,-4.19838,1.34327,2.32739,0.61444,-0.41102,-0.25442,-5.50174,34.53107,0.7324,-10.22136,-4.85811,0.54046,0.72846
38.9,-1.04734,0.96674,0.52404,-0.57035,0.34453,-0,30.09562,-0.07939,-0.29651,-4.47699,0.0443,0.15746,0.16608,1.39007,-0.16604,0.11042,-0.41764,-0.0134,-0.01479,-0.04324,-5.88254,-4.5695,2.04956,4.9251,0.89963,0.08009,0.01993,-9.03648,25.00293,1.27377,-9.99675,-4.43484,0.70184,0.86967
38.92,-1.32949,1.32761,0.7357,-0.63633,0.29025,-0,29.71554,-0.11713,-0.17608,-4.36959,0.03122,0.17229,0.17417,1.35374,-0.16522,0.10464,-0.35269,-0.01177,-0.0149,-0.03807,-5.65902,-4.55029,2.30101,4.83978,0.84692,0.14549,0.06378,-11.76763,17.43083,1.50879,-8.61682,-4.15269,0.79327,0.94811
38.94,-1.45444,1.53978,0.92259,-0.66138,0.22893,-0,28.70037,-0.14063,-0.06383,-4.10488,0.01334,0.18616,0.17821,1.30135,-0.16192,0.09522,-0.28615,-0.01038,-0.0145,-0.03078,-2.77684,-4.3222,2.26478,2.45462,0.64365,0.09841,0.04608,-13.79964,11.57929,1.49599,-7.23817,-3.92741,0.82193,0.97039
38.96,-1.4238,1.62557,1.06239,-0.66172,0.16596,-0,27.14518,-0.15862,0.0279,-3.68695,-0.00602,0.20082,0.17707,1.24415,-0.15794,0.08253,-0.21806,-0.00883,-0.01339,-0.02277,1.24632,-4.00534,2.08638,-0.3065,0.41392,0.11101,0.05734,-15.31912,7.28974,1.34629,-6.37881,-3.70053,0.7906,0.94191
38.98,-1.26542,1.60628,1.14276,-0.63925,0.09914,-0,25.16553,-0.16974,0.09195,-3.14268,-0.02232,0.21562,0.16976,1.18144,-0.1549,0.06789,-0.14953,-0.0073,-0.01192,-0.01425,6.57482,-3.66665,1.79649,-3.31237,0.16207,0.11841,0.06032,-16.14322,4.43945,1.08532,-5.89881,-3.47938,0.7114,0.86962
39,-1.02425,1.49974,1.15361,-0.59123,0.03317,0,22.85742,-0.17199,0.12582,-2.53521,-0.02967,0.23052,0.15748,1.09003,-0.15107,0.05216,-0.08325,-0.00567,-0.0099,-0.00699,13.07775,-3.30628,1.41982,-6.10479,-0.08139,0.1273,0.05991,-16.16589,2.76241,0.8168,-5.78592,-3.24802,0.59449,0.76208
39.02,-0.7542,1.32545,1.10047,-0.51994,-0.02604,0,20.38869,-0.16219,0.13332,-1.93349,-0.02253,0.24432,0.14264,0.9571,-0.14438,0.03655,-0.02223,-0.00386,-0.00703,-0.00106,19.71973,-2.9135,0.97527,-8.03987,-0.29617,0.13708,0.05708,-15.47461,1.92909,0.5994,-5.98402,-2.9971,0.45072,0.6278
39.04,-0.47975,1.12087,1.00668,-0.43929,-0.07963,0,17.9156,-0.1443,0.12177,-1.36293,0.00276,0.25638,0.1235,0.80187,-0.13802,0.02269,0.03134,-0.00198,-0.00427,0.00453,24.93878,-2.49929,0.49351,-8.72879,-0.45047,0.13427,0.04818,-14.45767,1.62715,0.38077,-6.27622,-2.75063,0.29402,0.47454
39.06,-0.21702,0.91384,0.89154,-0.35739,-0.11456,0,15.50735,-0.12406,0.09846,-0.84869,0.04454,0.26433,0.09973,0.63149,-0.13492,0.01161,0.07622,-2e-05,-0.00219,0.00916,27.55471,-2.06563,0.02495,-8.08074,-0.51265,0.11718,0.03552,-13.43809,1.61256,0.15285,-6.49736,-2.52214,0.138,0.31175
39.08,0.01317,0.71399,0.76654,-0.27844,-0.13219,0,13.21616,-0.10193,0.0711,-0.43095,0.08491,0.26265,0.07479,0.44021,-0.13545,0.00388,0.11192,0.00199,-0.00046,0.01258,26.52094,-1.6508,-0.37151,-6.14001,-0.47873,0.08902,0.02223,-12.56087,1.7092,-0.06643,-6.57373,-2.31254,-0.00433,0.15101
39.1,0.19057,0.5235,0.64497,-0.20393,-0.13415,0,11.12109,-0.07841,0.04603,-0.15534,0.13003,0.25335,0.04908,0.2233,-0.13683,-0.00049,0.13839,0.00401,0.00017,0.01466,21.30475,-1.34517,-0.6359,-3.25391,-0.36527,0.05699,0.01113,-11.96056,1.80636,-0.27541,-6.43353,-2.12612,-0.12211,0.00538
39.12,0.29665,0.3454,0.54224,-0.13685,-0.12346,0,9.30866,-0.05445,0.02655,-0.02411,0.20077,0.23536,0.02468,-0.00386,-0.1352,-0.00179,0.15574,0.0063,-0.00024,0.01538,12.20574,-1.2048,-0.74463,-0.2207,-0.20556,0.02794,0.004,-11.77629,1.8349,-0.47536,-6.02563,-1.96778,-0.20897,-0.11112
39.14,0.32474,0.18648,0.46318,-0.08134,-0.10424,0,7.75948,-0.03296,0.01327,-0.00337,0.23923,0.19823,0.00684,-0.21798,-0.13278,-0.00066,0.16388,0.00849,-0.00035,0.01568,1.15752,-1.15783,-0.77032,1.86548,-0.04337,0.00575,0.00073,-12.19101,1.7112,-0.66734,-5.29323,-1.84064,-0.25602,-0.17989
39.16,0.27736,0.04649,0.40311,-0.03818,-0.07972,0,6.41455,-0.01575,0.00518,-0.07251,0.2098,0.14478,-0.00323,-0.40944,-0.13119,0.00185,0.16285,0.01003,-5e-05,0.01621,-8.76321,-1.1083,-0.79699,2.33204,0.07781,-0.00709,-3e-05,-13.36999,1.33381,-0.83411,-4.06702,-1.74323,-0.24032,-0.17105
39.18,0.16274,-0.07802,0.35774,-0.00582,-0.05202,0,5.24482,-0.00381,0.00105,-0.21207,0.1467,0.08723,-0.00671,-0.56809,-0.12761,0.00483,0.15321,0.01109,0.00031,0.017,-15.31144,-0.99579,-0.85309,1.1799,0.13944,-0.01167,0.00016,-15.43249,0.59895,-0.93152,-2.0752,-1.66956,-0.1171,-0.03961
39.2,0.00047,-0.18843,0.32952,0.01748,-0.02271,0,4.2677,0.00188,-0.00028,-0.37984,0.05065,0.03467,-0.00538,-0.68353,-0.12241,0.00746,0.13591,0.01166,0.00054,0.01812,-17.62979,-0.78396,-0.92633,-1.03464,0.14968,-0.01121,0.00039,-18.60081,-0.58515,-0.87822,0.96456,-1.61177,0.17768,0.27258
39.22,-0.18321,-0.28476,0.31806,0.03382,0.00593,0,3.47983,0.00084,4e-05,-0.52228,-0.02441,-0.00346,-0.00049,-0.74652,-0.11606,0.00912,0.11214,0.01182,0.00052,0.01958,-16.58645,-0.47432,-0.96959,-3.54545,0.12759,-0.00858,0.00042,-23.14931,-2.30042,-0.59682,5.25465,-1.56008,0.72115,0.8303
39.24,-0.36448,-0.3688,0.31286,0.04506,0.03178,0,2.80651,-0.00499,0.00033,-0.62812,-0.03023,-0.02581,0.00574,-0.75145,-0.10629,0.00979,0.08323,0.01227,0.00035,0.02086,-13.48079,-0.08871,-0.95246,-5.65119,0.09085,-0.00574,0.00018,-29.17561,-4.57904,-0.06659,10.88181,-1.503,1.57975,1.6862
39.26,-0.52716,-0.44314,0.30645,0.05262,0.05403,0,2.19828,-0.01305,-0.00106,-0.7009,-0.00434,-0.0378,0.01092,-0.69814,-0.09204,0.00959,0.05039,0.01336,0.00017,0.02154,-9.58806,0.3308,-0.86768,-6.94396,0.05256,-0.0033,-0.00029,-36.54759,-7.34123,0.69454,17.7761,-1.42461,2.77612,2.85488
39.28,-0.66219,-0.50819,0.29792,0.05766,0.07221,0,1.64726,-0.02127,-0.00491,-0.73316,0.03102,-0.04349,0.01441,-0.59119,-0.07387,0.00855,0.01502,0.01484,4e-05,0.02155,-6.21121,0.71512,-0.71307,-7.36743,0.02266,-0.00136,-0.00077,-44.80299,-10.37901,1.61243,25.61994,-1.30607,4.26316,4.28897
39.3,-0.77303,-0.56568,0.28959,0.06123,0.08534,0,1.16091,-0.02738,-0.0115,-0.71044,0.04698,-0.04504,0.01458,-0.44838,-0.05583,0.00683,-0.02122,0.01657,-3e-05,0.02076,-4.49593,0.99274,-0.50577,-7.24927,0.01112,-0.00021,-0.00085,-53.21662,-13.38925,2.51874,33.53123,-1.13273,5.90965,5.86092
39.32,-0.8691,-0.61528,0.28282,0.06408,0.09227,0,0.74311,-0.03022,-0.02042,-0.62495,0.0286,-0.04248,0.01128,-0.28893,-0.04066,0.0047,-0.05645,0.01835,-6e-05,0.01919,-4.55335,1.10949,-0.27515,-7.13305,0.02728,-8e-05,-0.00018,-60.73352,-16.03804,3.20256,40.26876,-0.89403,7.5995,7.40497
39.34,-0.95199,-0.64891,0.27516,0.06629,0.09351,0,0.38424,-0.03079,-0.03061,-0.50526,0.00555,-0.03485,0.0071,-0.12586,-0.02671,0.0025,-0.08901,0.01939,-0.0001,0.01702,-5.01743,0.96998,-0.06368,-7.40675,0.0731,-0.00013,0.0001,-65.59701,-17.76724,3.40319,44.51349,-0.59732,8.94348,8.59124
39.36,-1.01996,-0.65729,0.26525,0.06775,0.09032,0,0.08548,-0.03038,-0.04082,-0.37642,-0.00433,-0.02149,0.0034,0.02554,-0.01392,0.00056,-0.1177,0.01917,-0.00014,0.01444,-4.08394,0.46589,0.05596,-8.53077,0.135,0.00322,-0.0053,-66.19453,-18.06592,2.97272,45.2957,-0.26677,9.55563,9.09277
39.38,-1.0695,-0.63316,0.25299,0.06843,0.08336,0,-0.14805,-0.02967,-0.05065,-0.24786,0.00283,-0.00152,0.00035,0.15093,-0.00381,-0.0009,-0.14147,0.01784,-0.00016,0.01171,0.49359,-0.47476,-0.01539,-11.0661,0.16958,0.01772,-0.03041,-62.0341,-16.84888,2.08396,42.79363,0.05287,9.5607,8.88126
39.4,-1.11354,-0.57336,0.23711,0.06863,0.07373,0,-0.31521,-0.02967,-0.06099,-0.13045,0.03433,0.02694,-0.00176,0.24053,0.00274,-0.00176,-0.15925,0.01561,-9e-05,0.00904,11.18927,-1.94417,-0.37708,-14.76443,0.08512,0.05448,-0.1038,-53.17485,-13.94051,0.59566,35.62035,0.30628,8.1879,7.618
39.42,-1.1669,-0.47713,0.21615,0.06864,0.06244,0,-0.41759,-0.03146,-0.07362,-0.03536,0.09171,0.0658,-0.00248,0.28938,0.00647,-0.00193,-0.17005,0.01289,0.00012,0.00672,28.72624,-4.15757,-1.11549,-17.9874,-0.25089,0.12093,-0.27481,-40.12044,-9.82549,-1.06131,24.16875,0.49113,5.70558,5.60394
39.44,-1.20408,-0.34512,0.18902,0.06797,0.0502,0,-0.45793,-0.03636,-0.089,0.02971,0.18055,0.11681,-0.00144,0.2948,0.00799,-0.00146,-0.17343,0.01038,0.0004,0.00503,51.96714,-7.17993,-2.27508,-20.3182,-0.96902,0.2176,-0.61726,-25.86044,-5.87648,-1.82283,13.71858,0.56961,4.18568,3.98379
39.46,-1.1927,-0.18851,0.1562,0.06624,0.03735,0,-0.44191,-0.0457,-0.10656,0.06566,0.3069,0.18039,0.00127,0.25824,0.00724,-0.00041,-0.16963,0.0085,0.00065,0.00408,79.77347,-10.8068,-3.80626,-22.32848,-2.15485,0.33779,-1.22583,-13.70821,-2.60084,-1.57056,6.74206,0.47127,4.04037,3.02944
39.48,-1.11752,-0.03032,0.12027,0.06356,0.02392,0,-0.38145,-0.06053,-0.12564,0.07772,0.44742,0.25164,0.00561,0.18702,0.00499,0.00117,-0.15947,0.00736,0.00078,0.00379,109.80176,-14.91608,-5.4929,-23.81515,-3.74923,0.46672,-2.19776,-5.00962,-0.34373,-0.77902,2.77485,0.20331,4.74615,2.54747
39.5,-0.99475,0.09968,0.08421,0.06044,0.0101,0,-0.29054,-0.08123,-0.14083,0.07455,0.61848,0.32325,0.01079,0.09126,0.0017,0.00319,-0.1444,0.007,0.00069,0.00402,138.44499,-19.21354,-7.31557,-24.00443,-5.51277,0.51924,-3.62211,-0.09924,1.59927,-0.04862,1.10386,-0.18771,4.72918,2.00578
39.52,-0.86052,0.17695,0.05111,0.05747,-0.00428,0,-0.18481,-0.10595,-0.1439,0.06612,0.86799,0.3877,0.01512,-0.01733,-0.00248,0.00559,-0.12608,0.00741,0.00039,0.00452,161.51557,-23.25912,-9.77825,-22.22104,-7.11165,0.42203,-5.51649,1.44404,3.45824,0.33787,0.1596,-0.34881,2.54113,0.99669
39.54,-0.70101,0.18429,0.02352,0.05463,-0.01933,0,-0.07929,-0.1306,-0.13583,0.05682,1.10009,0.429,0.01775,-0.12766,-0.00728,0.00824,-0.10601,0.00847,-6e-05,0.00501,178.7103,-27.11159,-12.74747,-19.78138,-8.20826,-0.00771,-7.89505,0.89312,4.53927,0.75817,-0.75073,-0.18856,-0.07867,-0.03882
39.56,-0.51638,0.11245,0.00237,0.05214,-0.03443,0,0.01863,-0.15081,-0.12158,0.04788,1.2179,0.43683,0.01838,-0.23031,-0.01288,0.01095,-0.08522,0.01002,-0.00049,0.00516,191.56166,-30.74086,-15.59339,-17.76099,-8.62117,-0.8647,-10.67039,0.27699,6.24846,1.04718,-1.91603,-0.07413,-2.3592,-0.9108
39.58,-0.34973,-0.02857,-0.01128,0.05084,-0.04846,0,0.10902,-0.16274,-0.10214,0.04114,1.25387,0.41428,0.01731,-0.31775,-0.01975,0.01345,-0.06443,0.01174,-0.00082,0.00457,198.76764,-33.41693,-18.19265,-15.57296,-8.42768,-1.14778,-13.22763,-1.1025,8.22217,0.96853,-3.52917,0.01487,-4.33904,-1.64883
39.6,-0.2019,-0.22245,-0.01409,0.05109,-0.05986,0,0.19671,-0.16537,-0.08266,0.03581,1.16758,0.36781,0.015,-0.37905,-0.02861,0.0151,-0.04433,0.01322,-0.0009,0.00289,199.54668,-36.05499,-20.33742,-12.21252,-7.77137,-3.65616,-16.26311,-3.46494,10.11473,0.9925,-5.41136,0.03192,-5.35674,-2.06607
39.62,-0.08145,-0.4414,1e-05,0.05333,-0.06651,0,0.28702,-0.16016,-0.06528,0.03122,0.93835,0.30592,0.01163,-0.40159,-0.04006,0.01511,-0.02545,0.01398,-0.00055,-0.00024,194.1512,-39.52717,-20.18899,-6.66933,-6.90137,-13.01303,-21.04854,-4.7859,11.05657,2.73864,-6.70466,-0.02627,-4.27292,-1.76309
39.64,-0.01549,-0.64153,0.03832,0.0589,-0.06563,0,0.37737,-0.14875,-0.04691,0.02857,0.691,0.23984,0.00847,-0.38768,-0.05383,0.01321,-0.00817,0.01364,-8e-05,-0.00508,183.07549,-40.93352,-15.74978,-0.05262,-6.26292,-23.30862,-25.16132,-3.70838,9.58282,5.61049,-6.74639,-0.05857,-2.38012,-1.05795
39.66,0.00561,-0.78683,0.10659,0.06933,-0.05455,0,0.45465,-0.13329,-0.02683,0.02778,0.48594,0.17639,0.00606,-0.34658,-0.06953,0.00959,0.00708,0.01209,0.00015,-0.01145,166.95305,-39.10934,-9.00852,5.80733,-6.10037,-29.43848,-26.7786,-2.2468,6.0562,7.50429,-5.28118,-0.04559,-0.88733,-0.41879
39.68,0.01692,-0.8568,0.20449,0.08607,-0.03105,0,0.49651,-0.11572,-0.00658,0.02722,0.30689,0.1167,0.00416,-0.28545,-0.08712,0.00483,0.01976,0.00951,0.00021,-0.01895,146.9307,-34.78434,-0.42345,10.52048,-6.40432,-32.28812,-26.40453,-2.45828,1.90543,7.68854,-1.53467,-0.01996,0.32572,0.18013
39.7,0.03571,-0.86925,0.32715,0.10974,0.00661,0,0.47351,-0.09759,0.01379,0.02505,0.1548,0.06128,0.00268,-0.21775,-0.10452,0.00019,0.02916,0.00624,6e-05,-0.02628,125.62405,-28.81212,5.59054,12.86611,-7.13903,-30.25358,-23.75269,-6.03439,-1.49627,5.86575,2.63226,-0.00194,0.82764,0.46396
39.72,0.03916,-0.85544,0.46929,0.14011,0.05921,0,0.35705,-0.07998,0.03398,0.01906,0.0251,0.01066,0.00144,-0.15619,-0.11858,-0.00254,0.0346,0.00275,-1e-05,-0.03116,106.95472,-22.87543,5.75373,13.17078,-8.11886,-24.9384,-19.53633,-10.23944,-3.48074,2.93897,4.42527,0.00404,0.55959,0.31516
39.74,0.04987,-0.8227,0.61653,0.1781,0.1269,0,0.13025,-0.06369,0.04978,0.00649,-0.09165,-0.03356,0.00012,-0.10705,-0.12938,-0.00176,0.03571,-0.00051,0.00056,-0.03335,90.99863,-17.36016,4.40199,12.85005,-9.18715,-19.28208,-15.17116,-12.89484,-4.11887,0.49759,4.55255,0.00165,0.19793,0.10954
39.76,0.11452,-0.78372,0.75228,0.22493,0.20933,0,-0.20803,-0.05075,0.05694,-0.01501,-0.18856,-0.06709,-0.00151,-0.07462,-0.13718,0.00345,0.03266,-0.00333,0.00183,-0.03366,77.09217,-12.41923,3.55397,12.60077,-10.2803,-14.3587,-11.30346,-14.13255,-3.91668,-0.38359,3.87176,-0.00548,0.03074,0.0167
39.78,0.23716,-0.75805,0.87003,0.28045,0.30534,0,-0.6416,-0.04509,0.0529,-0.04748,-0.26542,-0.08494,-0.00369,-0.06025,-0.14005,0.01311,0.02617,-0.00568,0.00373,-0.03196,65.41233,-8.29988,2.59735,12.66523,-11.3453,-10.14715,-8.00767,-12.7473,-3.3842,0.40094,2.46359,-0.01468,-0.03997,-0.02346
39.8,0.38452,-0.75641,0.96417,0.33879,0.41005,0,-1.14624,-0.05225,0.03371,-0.08899,-0.28887,-0.08019,-0.0066,-0.06082,-0.13902,0.0264,0.01744,-0.00763,0.00633,-0.02942,55.8484,-5.00316,1.80603,12.83361,-12.41328,-6.73933,-5.34347,-8.43448,-3.08044,1.81262,0.7726,-0.03131,-0.03595,-0.02177
39.82,0.4996,-0.78409,1.02947,0.38953,0.51613,0,-1.71224,-0.07862,-7e-05,-0.12769,-0.18279,-0.04523,-0.00997,-0.0707,-0.13581,0.04229,0.00784,-0.00935,0.00984,-0.02733,48.1207,-2.51721,1.24379,12.74408,-13.55574,-4.10713,-3.28588,-2.72338,-3.31836,1.22136,-0.02649,-0.06829,-0.0039,-0.00257
39.84,0.58805,-0.83621,1.06382,0.43167,0.6214,0,-2.33625,-0.12959,-0.043,-0.15311,0.02327,0.01489,-0.01358,-0.08488,-0.12845,0.05941,-0.00151,-0.01087,0.0139,-0.02513,41.47209,-0.81924,0.7182,12.54012,-14.74484,-2.10647,-1.74101,2.46876,-3.86218,-3.22457,0.67846,-0.12825,-0.00521,-0.00203
39.86,0.67261,-0.90832,1.06891,0.46901,0.70209,0,-3.01564,-0.20742,-0.09071,-0.16029,0.25396,0.08717,-0.01738,-0.1,-0.11567,0.07664,-0.00998,-0.01212,0.01779,-0.02245,35.29447,0.21063,0.25742,12.25005,-15.93608,-0.58813,-0.58901,5.97323,-4.14937,-11.93251,2.68821,-0.21046,-0.06664,-0.03557
39.88,0.73553,-1.00583,1.05228,0.50151,0.7133,0,-3.7581,-0.31062,-0.13896,-0.14446,0.4774,0.1595,-0.02102,-0.11392,-0.09841,0.09393,-0.01741,-0.01305,0.02082,-0.01953,29.45262,0.72083,-0.09886,11.57003,-17.10974,0.61605,0.30927,7.44851,-3.65553,-24.62144,5.42524,-0.32769,-0.19569,-0.10612
39.9,0.74157,-1.122,0.99893,0.51999,0.72322,0,-4.63189,-0.4246,-0.17869,-0.08004,0.69018,0.21936,-0.0239,-0.12693,-0.07801,0.11205,-0.02399,-0.01354,0.0229,-0.01605,23.93446,0.85861,-0.36192,10.39836,-18.20661,1.6811,1.09664,6.5393,-2.31259,-38.67673,8.47465,-0.39578,-0.36451,-0.19862
39.92,0.67722,-1.2449,0.88462,0.51591,0.72603,0,-5.75349,-0.51676,-0.19632,0.06288,0.90507,0.25662,-0.02529,-0.14073,-0.05537,0.1323,-0.03012,-0.01337,0.02435,-0.01169,18.82343,0.7711,-0.55959,8.66133,-19.12839,2.77912,1.91196,3.45959,0.30108,-45.42727,11.75897,-0.21339,-0.49369,-0.272
39.94,0.58042,-1.38363,0.73118,0.49434,0.7259,0,-7.09905,-0.56732,-0.19239,0.24763,1.03973,0.26111,-0.02551,-0.1565,-0.03061,0.15598,-0.03631,-0.01239,0.02378,-0.00669,14.00945,0.60576,-0.75567,6.19658,-19.72916,4.07364,2.88709,0.64029,4.2711,-39.23117,13.5485,0.21416,-0.51582,-0.28617
39.96,0.48378,-1.5473,0.57041,0.46419,0.72682,0,-8.59781,-0.5745,-0.17615,0.42959,1.04408,0.23456,-0.02525,-0.17496,-0.00388,0.1841,-0.04306,-0.01046,0.02057,-0.00119,9.43275,0.50453,-1.03064,2.87331,-19.83209,5.71571,4.14216,-1.34067,7.82431,-25.439,12.8597,0.74876,-0.4207,-0.23293
39.98,0.3934,-1.73011,0.41094,0.42618,0.72739,0,-10.22714,-0.53371,-0.15092,0.58937,0.97434,0.19428,-0.02452,-0.19629,0.02439,0.21699,-0.05073,-0.00755,0.0162,0.00457,5.26793,0.60153,-1.46388,-1.39557,-19.23287,7.83193,5.77562,-3.86335,9.25853,-7.53869,11.55521,1.36362,-0.21534,-0.11935
40,0.31235,-1.90574,0.24726,0.38397,0.72332,0,-12.01451,-0.44382,-0.11963,0.75437,0.80798,0.14287,-0.0255,-0.21994,0.054,0.25573,-0.05952,-0.00382,0.01063,0.0102,1.41071,1.02296,-2.10822,-6.68745,-17.71367,10.4849,7.84094,-5.51318,8.67056,4.0558,10.05994,1.9175,0.00487,-0.00039
40.02,0.24269,-2.03891,0.07246,0.34074,0.71012,0,-13.99032,-0.3113,-0.08144,0.9538,0.55574,0.08131,-0.0308,-0.24479,0.08551,0.30118,-0.06953,0.00043,0.0048,0.016,-2.15891,1.88202,-2.98793,-13.2159,-15.09233,13.72374,10.34848,-5.05913,8.12129,4.50338,7.05445,2.29032,0.1317,0.06509
40.04,0.18243,-2.12106,-0.08328,0.2969,0.69051,0,-15.97897,-0.16059,-0.03967,1.11014,0.33456,0.03183,-0.03906,-0.26936,0.11818,0.35092,-0.08072,0.00491,0.00107,0.02139,-5.11864,3.27886,-4.12435,-21.15787,-11.14687,17.42638,13.233,-3.85201,7.65762,2.76571,4.23114,2.49727,0.18423,0.08586
40.06,0.11992,-2.14653,-0.1927,0.25248,0.66725,0,-17.81893,-0.01382,0.00228,1.15832,0.18452,0.00432,-0.04907,-0.29287,0.15006,0.40166,-0.093,0.00926,-0.00034,0.02541,-7.19595,5.29681,-5.53784,-30.53391,-5.8452,21.38437,16.35776,-2.62811,7.00364,2.17108,2.65962,2.5413,0.19283,0.07788
40.08,0.04523,-2.09771,-0.25282,0.20531,0.63842,0,-19.42189,0.11301,0.0469,1.09102,0.08351,-0.00965,-0.06163,-0.31569,0.17912,0.45041,-0.10605,0.01327,-0.00026,0.02825,-8.20199,7.97698,-7.3022,-41.11116,0.62594,25.805,19.60803,-1.49749,6.54352,1.57415,1.70197,2.46061,0.16395,0.04693
40.1,-0.04784,-1.94434,-0.27455,0.1584,0.60285,0,-20.84847,0.20825,0.09587,0.92636,0.01873,-0.01431,-0.07553,-0.33918,0.20444,0.49542,-0.1193,0.01674,0.00068,0.02981,-8.34116,11.34733,-8.95925,-53.56412,7.85721,28.69909,22.23955,-0.75888,6.24447,1.03248,1.06922,2.15689,0.10519,0.00108
40.12,-0.15086,-1.66711,-0.27115,0.11328,0.5599,0,-22.27312,0.28338,0.15089,0.68908,-0.02046,-0.0135,-0.08897,-0.36518,0.2258,0.53534,-0.13199,0.0195,0.00218,0.03003,-7.74217,15.42025,-9.59235,-69.56019,14.72835,26.1745,22.90569,-0.54395,5.97105,0.60299,0.62384,1.59638,0.0337,-0.04182
40.14,-0.2531,-1.28839,-0.2365,0.06478,0.51003,0,-23.54821,0.34653,0.21519,0.38982,-0.0431,-0.01166,-0.10162,-0.39475,0.23877,0.56405,-0.1436,0.02166,0.00361,0.02998,-5.89446,20.11369,-9.37099,-88.56525,20.28306,19.27417,21.48796,-0.38848,5.59208,0.2493,0.29364,1.02656,-0.02806,-0.06817
40.16,-0.35047,-0.83243,-0.17434,0.01056,0.4536,0,-24.48565,0.39295,0.29097,0.0632,-0.05682,-0.01039,-0.11243,-0.42868,0.23948,0.57697,-0.15391,0.02338,0.00439,0.03037,-2.39667,25.33837,-8.86055,-109.06042,24.37239,11.32357,18.81961,-0.04151,4.90339,-0.01684,0.02088,0.55321,-0.07589,-0.07992
40.18,-0.4344,-0.32347,-0.10216,-0.04824,0.38953,0,-25.0688,0.43176,0.37518,-0.24479,-0.0657,-0.00995,-0.11939,-0.46768,0.22844,0.57514,-0.16287,0.02469,0.00472,0.03108,2.93577,30.88073,-7.90343,-131.01324,26.72849,2.06799,14.79353,0.41712,3.81548,-0.20461,-0.22525,0.14899,-0.11143,-0.0797
40.2,-0.4987,0.19265,-0.03735,-0.10078,0.32109,0,-25.27216,0.46557,0.46348,-0.49414,-0.07169,-0.01001,-0.12242,-0.51039,0.20399,0.55633,-0.17078,0.02575,0.00433,0.03226,10.38511,36.61651,-6.65384,-154.73865,27.11327,-5.12816,10.78249,0.63163,2.23645,-0.31792,-0.43237,-0.19124,-0.13095,-0.06506
40.22,-0.53365,0.65326,0.0066,-0.13772,0.25201,0,-25.12185,0.488,0.55195,-0.65029,-0.07626,-0.00997,-0.1222,-0.55437,0.1663,0.51925,-0.17776,0.02677,0.00285,0.034,20.08427,42.48097,-5.45711,-180.84626,25.19062,-7.54213,8.11965,0.48103,0.19937,-0.36347,-0.55945,-0.48599,-0.12718,-0.03193
40.24,-0.52705,0.99411,0.02714,-0.163,0.17398,0,-24.56108,0.4976,0.62932,-0.69569,-0.07955,-0.0097,-0.11741,-0.59865,0.12095,0.46949,-0.18294,0.02761,0.00098,0.03565,32.2801,47.88927,-4.32866,-207.92644,21.50358,-7.96045,5.99693,0.25605,-2.15505,-0.35018,-0.60641,-0.74999,-0.10878,0.00236
40.26,-0.47155,1.16226,0.02493,-0.17905,0.09525,0,-23.50288,0.49237,0.68375,-0.62719,-0.08137,-0.00914,-0.10747,-0.64254,0.0729,0.41268,-0.18443,0.02813,-0.00084,0.03668,47.08495,52.12976,-3.33907,-233.82337,17.02229,-7.93504,3.99117,0.03798,-4.71001,-0.28956,-0.59107,-0.99102,-0.08591,0.02215
40.28,-0.36602,1.10209,0.00265,-0.18365,0.02227,0,-21.95366,0.4735,0.70753,-0.45641,-0.08194,-0.00794,-0.09352,-0.68447,0.02596,0.35268,-0.1794,0.02831,-0.00284,0.03694,64.31265,54.59645,-2.74105,-257.85705,12.08992,-7.24649,2.34581,-0.20102,-7.32514,-0.19482,-0.519,-1.23018,-0.05808,0.02679
40.3,-0.20721,0.82349,-0.03249,-0.17191,-0.04339,-0,-20.04232,0.43615,0.70265,-0.20945,-0.08122,-0.00653,-0.07725,-0.72027,-0.01572,0.29056,-0.16405,0.02792,-0.00482,0.0362,82.02974,55.11935,-2.24513,-277.08968,7.90411,-5.89577,1.26216,-0.4442,-9.74008,-0.08238,-0.4034,-1.4196,-0.03484,0.00912
40.32,0.00751,0.40581,-0.07212,-0.14467,-0.10003,-0,-17.96829,0.37631,0.67789,0.07265,-0.07955,-0.00542,-0.06072,-0.74475,-0.04632,0.228,-0.13488,0.02668,-0.00636,0.03428,97.08648,53.6114,-1.47281,-287.34413,5.24288,-4.22417,0.71645,-0.69077,-11.61816,0.03069,-0.26346,-1.46492,-0.018,-0.01166
40.34,0.24113,-0.13464,-0.10907,-0.11168,-0.15394,-0,-15.75993,0.30845,0.62951,0.34845,-0.07699,-0.00425,-0.04508,-0.75664,-0.06256,0.17148,-0.09066,0.02464,-0.00766,0.0312,108.00871,49.39531,-0.88935,-287.24423,3.36056,-2.76619,0.3994,-0.9468,-12.86957,0.12561,-0.11961,-1.41054,0.00153,-0.00926
40.36,0.43162,-0.77579,-0.13818,-0.07851,-0.20901,-0,-13.41593,0.24399,0.55517,0.58723,-0.07334,-0.00268,-0.03113,-0.75632,-0.06584,0.12455,-0.03387,0.02195,-0.00872,0.02705,113.83748,42.305,-0.78939,-275.54278,1.89474,-1.68458,0.18227,-1.22914,-13.55521,0.18087,0.01266,-1.3227,0.02271,0.02007
40.38,0.53391,-1.43379,-0.15715,-0.04709,-0.26241,-0,-11.02334,0.18364,0.46308,0.76617,-0.06934,-0.0006,-0.01961,-0.74313,-0.05795,0.08657,0.02854,0.01868,-0.00914,0.02193,113.36428,33.03235,-0.94791,-250.48773,0.93405,-0.92161,0.06544,-0.79299,-11.22886,0.17973,0.07645,-1.7007,0.04812,0.07905
40.4,0.5367,-1.99228,-0.16595,-0.01998,-0.30905,-0,-8.7945,0.13204,0.36765,0.86834,-0.06295,0.00077,-0.01074,-0.71121,-0.04147,0.05696,0.08552,0.01511,-0.00908,0.01594,104.91384,23.33021,-1.16779,-213.94565,0.31266,-0.42979,0.01314,1.15547,-4.22815,0.11343,-0.0592,-2.9941,0.08339,0.15727
40.42,0.43246,-2.34545,-0.16687,0.00034,-0.34224,-0,-6.88486,0.09353,0.27904,0.88703,-0.05159,0.00045,-0.00454,-0.65422,-0.01938,0.03482,0.12517,0.01152,-0.00875,0.00932,89.23419,14.88712,-1.38136,-170.34678,-0.07564,-0.14953,-0.00495,4.35418,5.46198,-0.00938,-0.33435,-4.96849,0.12289,0.24294
40.44,0.20754,-2.48828,-0.16108,0.01248,-0.35587,-0,-5.21897,0.06415,0.19838,0.82759,-0.03947,-0.0002,-0.00078,-0.57907,0.00511,0.01917,0.13889,0.00802,-0.00787,0.00247,70.42418,8.17842,-1.43479,-123.97129,-0.22823,-0.01473,-0.00585,8.92562,17.16785,-0.1464,-0.5503,-7.72499,0.16206,0.33076
40.46,-0.11168,-2.43209,-0.14949,0.01692,-0.34589,-0,-3.74297,0.04184,0.12736,0.70428,-0.02976,-0.00038,0.00097,-0.49243,0.02892,0.00887,0.12474,0.0047,-0.00646,-0.00444,51.75722,3.38618,-1.32035,-80.35733,-0.2269,0.03247,-0.0018,14.74037,29.78407,-0.20881,-0.3123,-11.22751,0.18729,0.40684
40.48,-0.46694,-2.17021,-0.13724,0.01544,-0.31117,-0,-2.48364,0.02711,0.06961,0.54038,-0.02054,-0.00041,0.00121,-0.3946,0.05036,0.00265,0.08877,0.00165,-0.00483,-0.01138,34.81737,0.63351,-1.10865,-44.24781,-0.16051,0.03405,0.00166,21.23755,41.79965,-0.06223,0.99812,-15.25035,0.18468,0.44356
40.5,-0.79941,-1.73075,-0.12005,0.01098,-0.2513,-0,-1.53086,0.01433,0.03106,0.36312,-0.01489,-0.00036,0.00039,-0.2955,0.0679,-0.00053,0.04349,-0.00106,-0.00312,-0.01821,20.42864,-0.56361,-0.80509,-17.61688,-0.07789,0.01551,0.00231,27.36598,51.69666,0.4861,4.17567,-19.38646,0.12897,0.40636
40.52,-1.06413,-1.17468,-0.09032,0.00663,-0.17283,-0,-0.87954,0.00338,0.00884,0.20158,-0.01445,-0.00024,-0.00104,-0.20107,0.08016,-0.00201,0.00463,-0.00334,-0.0014,-0.02474,9.90623,-0.92951,-0.53987,-1.52654,-0.02053,-0.0076,0.00031,31.64689,58.46896,1.65053,10.07497,-23.10036,0.00646,0.25538
40.54,-1.21756,-0.58145,-0.05902,0.00464,-0.08957,-0,-0.40337,-0.00313,-0.00338,0.07947,-0.01421,-8e-05,-0.00275,-0.10596,0.08764,-0.00318,-0.01476,-0.00516,0.00019,-0.03074,5.69618,-0.68244,-0.3489,2.50366,0.00968,-0.0234,-0.00042,32.53368,61.14005,3.58791,19.28848,-25.74208,-0.1234,-0.00205
40.56,-1.23084,-0.01841,-0.03716,0.00617,-0.0113,-0,-0.05718,-0.0081,-0.00712,0.00623,-0.01268,7e-05,-0.00445,-0.00959,0.09081,-0.00516,-0.00862,-0.00653,0.00164,-0.036,5.18253,-0.26826,-0.1947,1.26679,0.02933,-0.02934,0.00038,29.04364,59.51762,6.23803,31.82718,-26.87318,-0.20665,-0.33552
40.58,-1.10286,0.46311,-0.02397,0.01116,0.05591,-0,0.17083,-0.01344,-0.00478,-0.02002,-0.01147,0.00011,-0.00587,0.08566,0.08863,-0.00953,0.02164,-0.00747,0.00289,-0.04024,4.78538,0.01381,-0.09388,0.17769,0.03773,-0.02688,6e-05,21.12421,54.75624,9.05405,47.3273,-26.57281,-0.04801,-0.63635
40.6,-0.90761,0.82302,-0.02098,0.01854,0.10675,-0,0.30599,-0.01966,7e-05,-0.00873,-0.01003,6e-05,-0.00674,0.17799,0.08369,-0.01676,0.06806,-0.008,0.00387,-0.04261,4.85517,0.16788,-0.03807,-0.9052,0.03295,-0.01332,-0.00037,9.98462,47.49282,12.45295,63.91926,-24.75047,0.01129,-0.98036
40.62,-0.72864,1.04237,-0.02639,0.02689,0.13741,-0,0.36965,-0.02641,0.0042,0.02685,-0.00765,8e-05,-0.00682,0.26511,0.07999,-0.0257,0.11959,-0.00815,0.00458,-0.04204,5.51711,0.2312,-0.01567,-1.9898,0.01217,0.01329,0.0003,-3.13224,38.77179,16.72198,77.86568,-21.60045,-1.28862,-1.88871
40.64,-0.5422,1.12745,-0.03459,0.03489,0.14895,-0,0.38288,-0.03222,0.00564,0.07397,-0.00511,0.00013,-0.00606,0.34485,0.07526,-0.03705,0.16572,-0.0079,0.00496,-0.03887,6.31713,0.24141,-0.00742,-3.16378,-0.03079,0.05379,0.00278,-16.96121,30.9098,18.53942,87.22181,-18.1637,-3.47357,-3.13787
40.66,-0.33675,1.10394,-0.03907,0.04161,0.14587,-0,0.3619,-0.03631,0.00316,0.12231,-0.00267,0.0001,-0.00454,0.41491,0.06785,-0.05147,0.19917,-0.00726,0.005,-0.03364,6.94884,0.21979,-0.00866,-4.61678,-0.09929,0.11043,0.00928,-29.80772,24.6914,17.42284,92.25176,-15.19037,-5.33017,-4.11965
40.68,-0.15157,1.01301,-0.03167,0.04656,0.13309,-0,0.32045,-0.03863,-0.00313,0.16424,-7e-05,0.0001,-0.00235,0.4729,0.06046,-0.06705,0.21674,-0.00628,0.00479,-0.02645,7.41007,0.21512,-0.07342,-6.33624,-0.19452,0.18539,0.02172,-40.52131,20.02598,14.32436,91.49846,-12.7112,-6.97402,-4.85788
40.7,-0.01524,0.87916,-0.01527,0.04963,0.11537,-0,0.26686,-0.03953,-0.01188,0.19421,0.0026,-1e-05,0.00027,0.51628,0.05305,-0.08293,0.21823,-0.00505,0.00442,-0.01821,7.42169,0.25783,-0.38121,-8.06164,-0.31288,0.27694,0.03884,-48.2727,16.66238,9.68194,85.60268,-10.85053,-7.37364,-4.90965
40.72,0.05484,0.72117,0.00562,0.05111,0.09676,-0,0.20836,-0.03971,-0.02079,0.20861,0.00611,-0.00044,0.00319,0.54179,0.04545,-0.09803,0.20569,-0.00364,0.00394,-0.00949,6.82862,0.38236,-1.36178,-9.18037,-0.45129,0.35426,0.04223,-52.19607,14.08671,4.60732,77.52645,-9.64064,-6.0797,-4.10396
40.74,0.06951,0.57748,0.03657,0.05097,0.08046,-0,0.15486,-0.04031,-0.02808,0.20549,0.0104,-0.00091,0.00631,0.54479,0.04004,-0.10928,0.18282,-0.00213,0.00347,-0.00019,5.97852,0.60191,-3.41299,-9.30094,-0.58866,0.40547,0.02545,-52.32929,11.92605,1.02103,66.62022,-8.80567,-4.4249,-3.07346
40.76,0.04411,0.46855,0.07689,0.04923,0.06799,-0,0.11172,-0.04241,-0.03261,0.18482,0.0144,-0.00123,0.00947,0.5212,0.03797,-0.1144,0.15404,-0.00061,0.00307,0.00933,5.03417,0.90241,-6.55982,-8.51784,-0.69723,0.42858,-0.00754,-49.2167,10.04215,-0.97591,52.88565,-8.15758,-3.06272,-2.14914
40.78,-0.00287,0.39336,0.11882,0.04627,0.05978,-0,0.08059,-0.04639,-0.03311,0.14884,0.01783,-0.00141,0.01249,0.46865,0.0393,-0.11216,0.1245,0.00083,0.00275,0.01832,4.01915,1.2871,-10.33368,-6.92046,-0.83867,0.29321,-0.11998,-43.56396,8.11506,-1.77261,37.64762,-7.63515,-1.89378,-1.32171
40.8,-0.04408,0.34323,0.15398,0.04181,0.05552,-0,0.0629,-0.05277,-0.0304,0.10161,0.02025,-0.00142,0.01529,0.38705,0.04132,-0.10453,0.09999,0.00208,0.00252,0.02636,2.80836,1.79092,-12.98254,-5.44115,-0.72049,0.34252,-0.09231,-35.81549,6.04798,-1.71914,22.40331,-7.16179,-0.97841,-0.63976
40.82,-0.07453,0.30938,0.17581,0.03578,0.05502,-0,0.05871,-0.06217,-0.02579,0.04849,0.02135,-0.00123,0.01782,0.27807,0.04135,-0.09403,0.0861,0.00305,0.00237,0.03368,1.4027,2.35011,-12.36501,-5.15778,0.16859,1.22038,0.47772,-26.66554,3.75982,-1.28278,8.51564,-6.6809,-0.31236,-0.11098
40.84,-0.07938,0.29532,0.1864,0.02888,0.05911,-0,0.06644,-0.07365,-0.01889,-0.00509,0.02139,-0.00085,0.01987,0.14404,0.04023,-0.07987,0.08672,0.00366,0.00229,0.03902,0.39439,2.58658,-8.91495,-5.90347,1.39285,2.47343,1.30186,-17.52889,1.0562,-0.76916,-4.25142,-6.16102,0.15805,0.28287
40.86,-0.03618,0.3029,0.18951,0.02139,0.06852,-0,0.08305,-0.08572,-0.01004,-0.05471,0.02067,-0.00028,0.0213,-0.00966,0.03824,-0.06222,0.10242,0.00389,0.00227,0.04104,0.00502,2.2723,-4.40446,-6.55475,2.39714,3.47793,1.9806,-9.47862,-2.04026,-0.36664,-16.2971,-5.57432,0.45905,0.55115
40.88,0.06236,0.32606,0.18622,0.01328,0.08331,-0,0.10355,-0.09764,-0.00031,-0.09663,0.01952,0.00044,0.02229,-0.1741,0.03412,-0.04326,0.12997,0.00381,0.00231,0.04022,0.07107,1.4042,-0.03754,-6.11599,3.24856,4.45395,2.53502,-3.12651,-5.28375,-0.22258,-27.53628,-4.90773,0.61706,0.70522
40.9,0.17282,0.35818,0.17898,0.00451,0.10159,-0,0.12278,-0.10888,0.00971,-0.12725,0.0182,0.00122,0.02295,-0.3359,0.02548,-0.02639,0.16275,0.00355,0.00237,0.03643,0.25247,0.37753,1.84472,-4.6212,3.39042,4.48963,2.58038,1.13891,-8.44446,-0.49014,-38.25104,-4.14691,0.66182,0.76142
40.92,0.24095,0.38894,0.16856,-0.00427,0.1195,-0,0.13639,-0.11989,0.02044,-0.14328,0.01694,0.0019,0.02338,-0.47713,0.01254,-0.01301,0.19218,0.00327,0.00242,0.0302,0.20856,-0.25928,1.4125,-3.40544,2.44,2.86232,1.94669,2.78127,-11.51873,-1.36853,-48.63755,-3.29813,0.62369,0.73749
40.94,0.2959,0.4052,0.15277,-0.01228,0.13466,-0,0.13796,-0.1311,0.03236,-0.14246,0.01622,0.00238,0.02408,-0.5857,-0.0014,-0.00228,0.20996,0.00315,0.00247,0.02367,-0.04482,-0.62104,0.79902,-2.27759,1.284,1.17024,1.13729,2.0051,-14.1358,-3.06006,-59.09555,-2.39736,0.52507,0.64512
40.96,0.36865,0.39074,0.12739,-0.01919,0.14506,-0,0.12242,-0.14328,0.04549,-0.12374,0.01624,0.00259,0.02528,-0.6562,-0.01479,0.00562,0.21039,0.00326,0.00253,0.01803,1.57552,-0.8609,0.26865,-3.95668,0.46428,-0.04911,0.30697,-0.08228,-15.90347,-5.55293,-69.94217,-1.4841,0.38896,0.50053
40.98,0.44946,0.32475,0.08731,-0.02463,0.14741,-0,0.08876,-0.15862,0.0603,-0.08739,0.01679,0.00248,0.02671,-0.68379,-0.02666,0.01033,0.19147,0.00357,0.00255,0.01341,5.66914,-0.96397,0.01228,-3.84648,-0.80815,-0.15126,-0.16776,-2.34341,-16.95333,-8.60247,-80.23084,-0.60584,0.24461,0.32956
41,0.50579,0.20348,0.0347,-0.02781,0.13714,-0,0.0377,-0.17483,0.07556,-0.03529,0.01778,0.00206,0.02822,-0.67305,-0.03457,0.01241,0.15454,0.00399,0.00248,0.00993,13.39822,-0.91793,0.05645,-0.55493,-2.82525,1.17156,-0.06749,-3.60777,-17.46777,-11.70083,-91.13941,0.18205,0.12016,0.16419
41.02,0.50212,0.03595,-0.02074,-0.02781,0.10974,-0,-0.02959,-0.18718,0.08867,0.02906,0.01914,0.00134,0.02967,-0.63232,-0.03475,0.01272,0.10381,0.00439,0.0023,0.0075,24.98401,-0.71925,0.54815,6.96166,-5.84868,4.02025,0.75718,-3.03539,-17.76061,-14.02723,-104.05038,0.77796,0.03332,0.02958
41.04,0.46141,-0.18295,-0.06894,-0.02469,0.06825,-0,-0.11155,-0.1973,0.09873,0.10071,0.02019,0.0004,0.03036,-0.56364,-0.02791,0.01075,0.04508,0.00463,0.00198,0.00591,39.349,-0.41901,1.35677,19.30992,-10.18113,8.28995,2.35548,-0.22098,-17.97335,-14.73787,-114.03397,1.10852,-0.01158,-0.0609
41.06,0.40608,-0.44272,-0.09245,-0.0187,0.01962,-0,-0.20273,-0.20502,0.10451,0.173,0.02044,-0.00068,0.02983,-0.47222,-0.01723,0.00598,-0.01604,0.00463,0.00155,0.00506,55.09783,-0.12111,2.07409,36.74214,-15.95889,13.60557,4.66891,4.37199,-17.73138,-13.52831,-116.97453,1.17647,-0.02335,-0.10593
41.08,0.32661,-0.70626,-0.07057,-0.00991,-0.03088,-0,-0.29703,-0.20569,0.10443,0.23674,0.01999,-0.00181,0.02826,-0.36811,-0.00395,-0.00135,-0.07413,0.00449,0.00106,0.00501,70.1017,0.10482,2.21257,58.63734,-22.90235,19.35605,7.48296,9.66866,-16.72211,-10.60957,-112.48587,1.01633,-0.01908,-0.11805
41.1,0.23768,-0.93583,0.00715,0.00117,-0.07226,0,-0.37207,-0.19883,0.10035,0.28084,0.01865,-0.0029,0.02575,-0.26574,0.00692,-0.01068,-0.12383,0.00437,0.00061,0.00583,82.06279,0.25312,2.00138,81.82263,-30.3727,24.242,10.25486,13.97142,-14.55801,-7.30129,-98.97557,0.712,-0.01346,-0.11466
41.12,0.15547,-1.09979,0.13881,0.01388,-0.09538,0,-0.3931,-0.18495,0.09489,0.29461,0.0164,-0.00386,0.02256,-0.17508,0.01153,-0.02014,-0.16087,0.0045,0.0003,0.00756,89.31175,0.268,1.59054,99.71738,-37.64687,25.88331,11.85485,16.16061,-11.02919,-4.52308,-78.3158,0.35693,-0.01209,-0.1082
41.14,0.0829,-1.18533,0.30871,0.02733,-0.10073,0,-0.36331,-0.16449,0.08915,0.27048,0.01396,-0.00465,0.01946,-0.09623,0.01147,-0.02824,-0.18345,0.00514,0.00024,0.01016,92.52216,0.11731,-0.74679,108.56872,-43.40039,23.74178,11.75236,16.38585,-6.79837,-2.12022,-55.52455,0.05981,-0.01248,-0.10038
41.16,0.02717,-1.19311,0.49046,0.04027,-0.0898,0,-0.29762,-0.13978,0.0849,0.20837,0.01181,-0.00526,0.01681,-0.03043,0.00711,-0.03423,-0.19284,0.00646,0.00044,0.01336,93.46861,-0.00737,-5.02724,108.75585,-46.3698,19.20901,10.30295,15.16074,-2.9765,-0.45048,-34.66983,-0.13286,-0.01019,-0.08692
41.18,0.00044,-1.13072,0.65123,0.05127,-0.06397,0,-0.19993,-0.11418,0.08408,0.11719,0.00996,-0.00569,0.0145,0.02025,-0.00224,-0.0371,-0.1931,0.00848,0.00089,0.01655,92.78923,0.13504,-11.00507,99.47667,-46.46407,12.56294,7.50252,13.0883,-0.19165,0.29844,-18.1486,-0.22922,-0.00361,-0.06473
41.2,0.01379,-1.01658,0.76559,0.05908,-0.02655,0,-0.09537,-0.0939,0.08706,0.01251,0.00849,-0.00586,0.01239,0.05505,-0.01601,-0.03622,-0.19045,0.01119,0.00157,0.01922,91.32719,0.68232,-15.98762,84.92101,-43.22873,6.91468,4.91179,10.52208,1.18863,0.23798,-6.83499,-0.23961,0.00649,-0.0345
41.22,0.05101,-0.87545,0.82248,0.06273,0.0148,0,0.00636,-0.08393,0.09302,-0.08638,0.00742,-0.00568,0.01027,0.07329,-0.0321,-0.03148,-0.19113,0.01456,0.00247,0.02107,89.07777,1.34199,-16.47893,71.68454,-37.07792,4.67898,3.84351,8.26979,1.2236,-0.3442,-1.0945,-0.22083,0.01978,-0.00067
41.24,0.10575,-0.73049,0.80682,0.06163,0.0522,0,0.11058,-0.08545,0.10049,-0.16346,0.00671,-0.0052,0.00784,0.07424,-0.04856,-0.02324,-0.19875,0.01843,0.00354,0.02139,85.57415,1.98353,-14.89171,59.05715,-30.09406,3.51106,3.14177,7.23012,0.3977,-0.48303,-0.14072,-0.19044,0.0108,0.012
41.26,0.19406,-0.59771,0.71471,0.05614,0.08207,0,0.20758,-0.09855,0.10808,-0.21051,0.00629,-0.0045,0.00505,0.05738,-0.06423,-0.01218,-0.21373,0.02252,0.00471,0.01978,80.85428,2.69027,-13.13935,46.07363,-23.59727,2.27074,2.25681,6.06017,-0.37621,-0.45346,0.54561,-0.16916,-0.00062,0.01667
41.28,0.31673,-0.48331,0.56643,0.04716,0.10251,0,0.29247,-0.12193,0.11492,-0.22575,0.00606,-0.00364,0.00212,0.02308,-0.07753,0.00079,-0.2336,0.02647,0.0058,0.0167,75.07879,3.32181,-11.00413,34.19811,-17.88235,1.38528,1.50663,4.54825,-1.0326,-0.46751,1.26328,-0.1618,-0.00466,0.01882
41.3,0.46335,-0.38434,0.38009,0.03718,0.11288,0,0.36149,-0.14802,0.11871,-0.21295,0.00597,-0.00273,-0.00059,-0.02755,-0.08624,0.0144,-0.25291,0.02998,0.00684,0.01254,68.55349,3.76446,-8.78474,23.66386,-13.16595,0.77968,0.91809,2.64917,-1.63953,-0.61267,1.76527,-0.16812,-0.00294,0.01784
41.32,0.61616,-0.29413,0.17419,0.02851,0.11387,0,0.41088,-0.16587,0.11738,-0.17872,0.00603,-0.00188,-0.00256,-0.08972,-0.0884,0.02693,-0.26518,0.03286,0.00797,0.008,61.64153,3.94002,-6.73677,14.30814,-9.48883,0.36442,0.48044,0.29691,-2.35376,-1.12014,2.03628,-0.19322,-5e-05,0.01314
41.34,0.77338,-0.20621,-0.02868,0.02086,0.1073,0,0.44296,-0.17208,0.11258,-0.12939,0.00605,-0.00116,-0.00341,-0.15868,-0.08426,0.03722,-0.26577,0.03436,0.00872,0.00405,54.5445,3.85016,-4.95793,6.02675,-6.74956,0.09902,0.18792,-2.4661,-3.32061,-2.21703,2.01315,-0.23179,-0.00306,0.00328
41.36,0.94054,-0.11697,-0.21142,0.01399,0.0954,0,0.46081,-0.16684,0.10584,-0.07026,0.00594,-0.00058,-0.00302,-0.23231,-0.07462,0.04488,-0.25253,0.03396,0.00867,0.00107,47.46738,3.53975,-3.52245,-1.50874,-4.80085,-0.06737,0.01153,-5.46531,-4.54505,-4.00591,1.58086,-0.27447,-0.02061,-0.0148
41.38,1.11245,-0.02766,-0.36197,0.00838,0.08039,0,0.46859,-0.14908,0.09699,-0.00582,0.00573,-0.00015,-0.00144,-0.3074,-0.05994,0.04985,-0.22596,0.03185,0.0079,-0.00095,40.61054,3.00483,-2.41355,-8.55716,-3.4713,-0.16504,-0.07692,-8.44597,-5.842,-6.48769,0.80685,-0.33525,-0.06087,-0.04462
41.4,1.27099,0.05538,-0.48607,0.00446,0.06445,0,0.46471,-0.12126,0.08708,0.06003,0.0054,0.00018,0.00111,-0.37751,-0.04195,0.05219,-0.18967,0.02805,0.00638,-0.00219,34.25364,2.27065,-1.59009,-15.04045,-2.60727,-0.21748,-0.1076,-10.57364,-7.17531,-9.26455,0.76622,-0.35192,-0.12619,-0.08871
41.42,1.39628,0.12088,-0.59198,0.00205,0.04978,0,0.44711,-0.08652,0.07723,0.12418,0.00499,0.00044,0.00442,-0.43376,-0.02228,0.05223,-0.14884,0.02288,0.00427,-0.00292,28.62468,1.3976,-1.01716,-20.83518,-2.08041,-0.24048,-0.10642,-10.28478,-8.34412,-10.77132,3.44095,-0.19513,-0.20834,-0.14734
41.44,1.49974,0.16021,-0.66855,0.00032,0.03804,0,0.42352,-0.0468,0.06745,0.18463,0.00459,0.00066,0.00824,-0.47265,-0.00174,0.05103,-0.10838,0.0172,0.00198,-0.00337,23.5498,0.46847,-0.66202,-26.37056,-1.78345,-0.24097,-0.09118,-7.897,-8.14773,-9.47816,7.26759,0.10504,-0.27547,-0.20329
41.46,1.59029,0.17023,-0.70981,-0.00116,0.02991,0,0.39855,-0.00418,0.05771,0.24051,0.00427,0.00086,0.01231,-0.49272,0.01863,0.04953,-0.0726,0.01156,-0.0002,-0.00371,18.82531,-0.43967,-0.48351,-31.96601,-1.6329,-0.22316,-0.07244,-5.08097,-6.25861,-6.13814,10.08041,0.45992,-0.29236,-0.23315
41.48,1.65184,0.15062,-0.72116,-0.0025,0.02518,0,0.36972,0.03865,0.0481,0.29193,0.00404,0.00102,0.01637,-0.49063,0.03719,0.04838,-0.04511,0.00621,-0.00209,-0.00402,14.43399,-1.25435,-0.44309,-37.51162,-1.56834,-0.19244,-0.05556,-2.47575,-3.48185,-1.54511,12.65149,0.87439,-0.25195,-0.23644
41.5,1.67103,0.1036,-0.7118,-0.00394,0.0229,0,0.33477,0.07946,0.03928,0.33939,0.00388,0.00115,0.0202,-0.4679,0.05351,0.04897,-0.02879,0.00141,-0.00348,-0.00427,9.99819,-1.88308,-0.51057,-43.2045,-1.54376,-0.15439,-0.04261,-0.8218,-0.97495,1.49844,13.36666,1.2711,-0.09944,-0.16416
41.52,1.62946,0.03482,-0.68995,-0.00594,0.02185,0,0.29139,0.11892,0.03178,0.3832,0.00379,0.00129,0.02359,-0.42819,0.06952,0.05291,-0.02578,-0.00253,-0.00402,-0.0044,5.10863,-2.21769,-0.6605,-49.26039,-1.52636,-0.11356,-0.03264,0.64021,0.63159,2.01339,10.15426,1.55945,0.211,0.04511
41.54,1.50066,-0.04675,-0.65399,-0.00801,0.02118,0,0.23676,0.15559,0.02497,0.42285,0.00375,0.0014,0.02622,-0.37462,0.08288,0.06076,-0.03709,-0.00537,-0.00385,-0.00433,-0.1076,-2.17362,-0.86798,-55.43506,-1.49828,-0.07327,-0.02277,2.36682,1.4958,2.0374,6.45898,1.74401,0.55938,0.29909
41.56,1.26099,-0.13096,-0.60291,-0.00934,0.02038,0,0.16892,0.18684,0.01852,0.45661,0.00372,0.00143,0.02779,-0.31255,0.0901,0.07263,-0.06225,-0.00709,-0.00332,-0.00402,-5.50439,-1.6898,-1.10237,-61.51967,-1.44731,-0.03657,-0.01075,3.78219,1.81251,2.19685,4.11576,1.82669,0.83291,0.50003
41.58,0.89466,-0.20517,-0.54075,-0.00994,0.01923,0,0.08746,0.21408,0.01275,0.48105,0.0037,0.00143,0.02815,-0.24964,0.09146,0.0886,-0.09893,-0.00772,-0.00252,-0.00345,-11.12429,-0.71523,-1.31992,-67.48523,-1.36275,-0.00628,0.00449,4.63706,1.8458,2.31089,2.4837,1.80763,1.05334,0.66476
41.6,0.40565,-0.25316,-0.4714,-0.00934,0.01789,0,-0.006,0.237,0.00779,0.49153,0.00365,0.00141,0.02717,-0.19698,0.08533,0.10762,-0.14294,-0.0074,-0.00171,-0.00265,-17.16485,0.78273,-1.43278,-73.40936,-1.23539,0.01568,0.02318,4.70471,1.83062,2.2824,1.40924,1.62057,1.13345,0.72392
41.62,-0.19225,-0.25715,-0.39923,-0.0075,0.01678,0,-0.10422,0.25414,0.00369,0.48278,0.00355,0.00141,0.02475,-0.16467,0.07111,0.12779,-0.1891,-0.00631,-0.00098,-0.00166,-23.74719,2.72113,-1.33563,-79.38043,-1.05917,0.02926,0.04501,3.9496,1.89747,2.04333,0.74339,1.24326,1.0097,0.63442
41.64,-0.87138,-0.20341,-0.32644,-0.00531,0.01643,0,-0.19881,0.26833,0.00043,0.44932,0.00337,0.00147,0.02087,-0.15751,0.05173,0.14705,-0.23317,-0.00451,-0.00022,-0.00054,-30.49591,4.96532,-0.97716,-85.21913,-0.83591,0.03494,0.06769,2.81656,1.99292,1.73385,0.30569,0.78607,0.81603,0.49834
41.66,-1.58089,-0.0842,-0.25507,-0.00315,0.01727,0,-0.28451,0.28129,-0.00221,0.38798,0.00307,0.00161,0.01556,-0.17572,0.02931,0.16339,-0.27281,-0.0021,0.00051,0.00068,-36.86274,7.41423,-0.34061,-90.82489,-0.57036,0.03348,0.0872,1.59646,2.00094,1.44364,-0.00185,0.31108,0.62922,0.37207
41.68,-2.24521,0.09973,-0.18911,-0.00089,0.01946,0,-0.35566,0.29057,-0.00443,0.29931,0.00259,0.00185,0.00897,-0.21434,0.00535,0.17525,-0.30753,0.00074,0.0011,0.00196,-42.22418,10.01418,0.57168,-96.33706,-0.27071,0.02619,0.09889,0.28638,1.83233,1.14697,-0.24346,-0.17617,0.44292,0.25053
41.7,-2.80801,0.3357,-0.13068,0.00164,0.02298,0,-0.40785,0.29741,-0.00659,0.18714,0.00184,0.00227,0.0013,-0.26139,-0.01792,0.17993,-0.33866,0.00381,0.00148,0.00325,-46.14663,12.11578,1.65572,-101.88393,0.04624,0.01758,0.10008,-1.17582,1.4098,0.7987,-0.43522,-0.64734,0.25338,0.12692
41.72,-3.24874,0.60159,-0.08233,0.00432,0.0274,0,-0.43849,0.30335,-0.0092,0.05891,0.00074,0.00298,-0.00699,-0.30139,-0.03629,0.17456,-0.3679,0.00686,0.00158,0.00452,-48.05696,12.56526,2.47954,-107.58377,0.35097,0.01209,0.0887,-2.49643,0.66594,0.39778,-0.56963,-0.98865,0.073,0.00713
41.74,-3.49128,0.85573,-0.04626,0.00723,0.03106,0,-0.44877,0.30293,-0.01244,-0.07518,-0.00077,0.00391,-0.01539,-0.32378,-0.0468,0.16008,-0.39438,0.00966,0.00129,0.00572,-46.46762,11.62694,2.71307,-113.3277,0.60616,0.00805,0.06121,-3.5246,-0.42976,0.00384,-0.67001,-1.17695,-0.07615,-0.10089
41.76,-3.46378,1.03613,-0.02075,0.01084,0.03123,0,-0.44371,0.29247,-0.01638,-0.20266,-0.00276,0.00492,-0.02358,-0.32346,-0.04922,0.13867,-0.414,0.01202,0.00051,0.00678,-40.47447,10.07375,2.32686,-118.67834,0.77678,0.00429,0.0194,-2.36894,-1.55242,-0.361,-0.42477,-1.6757,-0.17177,-0.18897
41.78,-3.17039,1.07235,-0.00164,0.01559,0.02463,0,-0.42871,0.2733,-0.02148,-0.3082,-0.00526,0.00596,-0.03124,-0.29869,-0.04336,0.11184,-0.41954,0.01377,-0.00085,0.00764,-30.40296,8.03915,1.14901,-122.76842,0.83081,0.00171,-0.02901,3.31935,-1.66266,-0.66607,0.50885,-3.03951,-0.15479,-0.22435
41.8,-2.70369,0.91958,0.01608,0.02139,0.0077,0,-0.41815,0.24727,-0.02739,-0.37255,-0.00825,0.0069,-0.03769,-0.25438,-0.03151,0.08342,-0.39988,0.01478,-0.00281,0.0082,-17.20834,5.66254,-0.37962,-124.02636,0.75163,1e-05,-0.07339,12.07129,-0.00352,-0.84771,2.24678,-5.18872,-0.01231,-0.22749
41.82,-2.19022,0.58086,0.03569,0.02743,-0.02247,-0,-0.42884,0.21667,-0.03276,-0.37721,-0.01171,0.0076,-0.04197,-0.19753,-0.01717,0.05705,-0.34447,0.01493,-0.00531,0.00836,-3.05691,3.02006,-1.4571,-120.84578,0.55192,-0.0004,-0.10292,23.26232,4.04418,-0.85636,5.51158,-8.26854,0.29474,-0.20177
41.84,-1.64152,0.06617,0.05815,0.03373,-0.06727,-0,-0.45621,0.18337,-0.0374,-0.31655,-0.01539,0.00792,-0.04408,-0.13202,-0.00275,0.03437,-0.25049,0.01416,-0.00825,0.00805,9.50194,0.77779,-2.06165,-112.31831,0.27479,0.00035,-0.11295,35.65788,10.5256,-0.52621,11.33991,-12.35971,0.82204,-0.13728
41.86,-1.10056,-0.58671,0.08365,0.04033,-0.12583,-0,-0.49155,0.14912,-0.04102,-0.19826,-0.01892,0.00777,-0.0444,-0.06295,0.0088,0.01677,-0.1239,0.01244,-0.01156,0.00721,18.60633,-0.54642,-2.28656,-98.40413,-0.0142,0.00132,-0.10595,47.58363,18.99437,0.30787,20.9006,-17.29822,1.57623,-0.04369
41.88,-0.66814,-1.29875,0.11322,0.04565,-0.19413,-0,-0.53972,0.11578,-0.04159,-0.04253,-0.02229,0.00714,-0.04301,0.00383,0.01452,0.00529,0.01982,0.00981,-0.01515,0.00582,23.35096,-1.07811,-2.03947,-79.93011,-0.24684,0.00193,-0.08803,57.15004,28.67566,1.28407,34.9909,-22.70186,2.65101,0.1378
41.9,-0.32635,-1.93426,0.14036,0.04889,-0.26407,-0,-0.57092,0.08556,-0.03967,0.11787,-0.02441,0.00603,-0.04045,0.06435,0.01152,0.00021,0.15664,0.00637,-0.01846,0.00392,23.46744,-0.81433,-1.49604,-58.53559,-0.39617,0.00255,-0.06493,63.03669,37.15676,3.47132,53.19932,-27.79436,3.49142,0.16018
41.92,-0.08043,-2.35048,0.15302,0.04989,-0.32374,-0,-0.54062,0.06093,-0.03768,0.2511,-0.02364,0.00455,-0.03736,0.11707,0.0005,7e-05,0.2623,0.00224,-0.02064,0.00153,19.94505,-0.1323,-0.94643,-36.35543,-0.43823,0.0035,-0.04155,64.70481,41.28509,7.95967,72.84152,-31.52159,2.39913,-0.72841
41.94,0.02935,-2.53333,0.15754,0.04749,-0.36071,-0,-0.47342,0.04172,-0.03488,0.33078,-0.02127,0.00295,-0.03392,0.16414,-0.01499,0.00278,0.31814,-0.00239,-0.0217,-0.0013,14.68309,0.5181,-0.43729,-15.7985,-0.36289,0.00476,-0.02101,61.92231,41.76309,11.11715,89.96697,-33.32312,-0.43801,-2.30201
41.96,0.06246,-2.5012,0.16363,0.04104,-0.36679,-0,-0.39724,0.02745,-0.03078,0.34237,-0.01874,0.00143,-0.0303,0.21063,-0.03271,0.00673,0.31599,-0.00732,-0.02184,-0.00456,9.02266,0.98166,-0,0.85344,-0.22634,0.00617,-0.00397,55.83303,39.93128,11.49093,102.0371,-33.24141,-3.57192,-3.80437
41.98,0.10137,-2.25167,0.1648,0.03116,-0.34005,-0,-0.30531,0.01795,-0.02693,0.29146,-0.01564,0.00015,-0.02677,0.26225,-0.05051,0.01038,0.26055,-0.0124,-0.02085,-0.00827,6.76472,1.03602,0.12302,6.0736,-0.12753,0.00463,0.00491,47.97212,36.25027,9.54031,106.41568,-31.39159,-7.00845,-5.20353
42,0.17783,-1.83917,0.17296,0.02102,-0.27946,-0,-0.22436,0.01101,-0.02273,0.19618,-0.0128,-0.00076,-0.02375,0.32657,-0.06605,0.01226,0.16464,-0.01732,-0.01864,-0.0124,6.69223,0.78643,0.10647,5.09693,-0.07955,0.00053,0.00864,39.99166,31.25318,6.34437,101.8696,-28.18688,-8.71122,-5.70716
42.02,0.27096,-1.34328,0.2073,0.01219,-0.19365,-0,-0.17105,0.00579,-0.01764,0.0848,-0.01076,-0.00115,-0.02162,0.41304,-0.07712,0.01081,0.04708,-0.02164,-0.01517,-0.01689,6.5391,0.40642,0.0939,3.93741,-0.0519,-0.00194,0.01193,32.87956,25.11251,3.39763,90.3217,-24.27091,-7.49525,-4.94856
42.04,0.39901,-0.83121,0.24933,0.00335,-0.10095,-0,-0.13046,0.00295,-0.01332,-0.01401,-0.00875,-0.00101,-0.02028,0.52929,-0.08336,0.00488,-0.07301,-0.02535,-0.01068,-0.0217,6.23687,-0.0105,0.07953,2.7577,-0.02848,-0.00171,0.01461,27.04761,18.66729,1.55667,73.02955,-20.1518,-5.52887,-3.81417
42.06,0.58222,-0.35276,0.27931,-0.00518,-0.01339,-0,-0.10593,0.00228,-0.01034,-0.08472,-0.00684,-0.00044,-0.01957,0.68493,-0.08524,-0.00689,-0.1821,-0.02871,-0.00545,-0.02678,5.74242,-0.43302,0.05507,1.65407,-0.00565,0.00078,0.01623,22.5062,13.05861,0.41702,52.13072,-16.23444,-3.96786,-2.79168
42.08,0.78359,0.0594,0.29845,-0.01228,0.06178,-0,-0.10839,0.00366,-0.00819,-0.12333,-0.00565,0.00052,-0.01942,0.89619,-0.0815,-0.02702,-0.27025,-0.0317,0.00024,-0.03194,5.22682,-0.85282,0.01658,0.63921,0.01268,0.00461,0.01668,19.04127,8.50317,-0.09633,29.18732,-12.70823,-2.5977,-1.85628
42.1,0.9425,0.38851,0.30462,-0.0177,0.11782,-0,-0.13613,0.00746,-0.0073,-0.13514,-0.00558,0.0018,-0.01938,1.184,-0.073,-0.05658,-0.32943,-0.03436,0.00593,-0.03668,5.0289,-1.20836,-0.02073,-0.3665,0.0271,0.00914,0.01586,16.50501,5.29556,-0.17718,9.37064,-9.74031,-1.53397,-1.08182
42.12,1.02335,0.63764,0.30231,-0.02188,0.14888,-0,-0.17823,0.01411,-0.00779,-0.13068,-0.00686,0.00369,-0.01889,1.57207,-0.06312,-0.09449,-0.35336,-0.0366,0.01164,-0.0402,5.31726,-1.39389,-0.03041,-1.36118,0.04289,0.01379,0.01384,14.72017,3.43162,-0.14717,-3.06443,-7.40273,-0.79374,-0.49299
42.14,1.04706,0.81309,0.29828,-0.02363,0.15506,-0,-0.22688,0.02292,-0.00877,-0.11952,-0.00922,0.00616,-0.01795,2.09015,-0.04842,-0.1421,-0.33852,-0.0382,0.01713,-0.04187,5.77622,-1.43525,-0.009,-2.45505,0.05877,0.01668,0.01126,13.22011,2.51491,-0.09426,-11.70978,-5.60231,-0.28066,-0.06662
42.16,1.02662,0.92168,0.29635,-0.02183,0.14102,-0,-0.27676,0.03228,-0.00954,-0.1083,-0.01197,0.00884,-0.01666,2.76357,-0.02496,-0.19935,-0.28514,-0.03859,0.02184,-0.04094,6.16325,-1.41226,0.03193,-3.88721,0.06983,0.0169,0.00889,11.65915,2.20126,-0.05172,-19.10465,-4.25318,0.048,0.21665
42.18,0.95716,0.98533,0.30346,-0.01693,0.11182,-0,-0.3194,0.04045,-0.0098,-0.10024,-0.01493,0.01175,-0.01503,3.5975,0.00116,-0.2603,-0.19822,-0.03661,0.02559,-0.03652,6.41227,-1.32743,0.07838,-5.79009,0.07359,0.01452,0.00664,10.02206,2.17123,-0.01014,-24.54675,-3.29273,0.23354,0.38357
42.2,0.83229,1.00976,0.3089,-0.00928,0.0747,-0,-0.34808,0.0466,-0.00971,-0.09504,-0.01654,0.01455,-0.01351,4.62103,0.04101,-0.32982,-0.08775,-0.03218,0.02855,-0.0275,6.44194,-1.15814,0.1088,-6.98677,0.06076,0.006,0.00214,8.17691,2.13723,0.00061,-28.45491,-2.63529,0.32091,0.46641
42.22,0.65826,0.99532,0.30055,0.00034,0.03558,-0,-0.35761,0.05038,-0.00959,-0.09023,-0.01415,0.01658,-0.0126,5.86021,0.11386,-0.41643,0.03276,-0.02409,0.03127,-0.01307,6.09264,-0.7709,0.07025,-1.77284,0.01644,-0.02745,-0.01326,5.97407,1.91232,-0.0342,-31.36343,-2.19998,0.35065,0.49705
42.24,0.46247,0.97216,0.28866,0.01117,-0.0029,-0,-0.34723,0.04963,-0.0089,-0.08296,-0.00961,0.01809,-0.01223,7.25588,0.20187,-0.50789,0.15015,-0.0085,0.03341,0.00643,4.83378,-0.29928,-0.04416,4.20711,-0.05878,-0.11551,-0.04695,3.45795,1.39488,-0.05704,-33.37552,-1.92038,0.34645,0.49559
42.26,0.26578,0.96329,0.28005,0.02292,-0.03901,-0,-0.31903,0.04309,-0.00733,-0.07111,-0.00579,0.01932,-0.01231,8.72002,0.28105,-0.58975,0.25542,0.01777,0.03468,0.03034,3.06579,0.12908,-0.24673,9.39584,-0.1511,-0.31848,-0.1093,0.63878,0.5945,-0.0253,-34.76107,-1.7302,0.32155,0.47437
42.28,0.08184,0.96987,0.27111,0.03573,-0.07166,-0,-0.27564,0.03167,-0.00527,-0.05367,-0.00234,0.01976,-0.01281,10.15921,0.34327,-0.65561,0.34385,0.05755,0.03601,0.05636,1.30007,0.45386,-0.55517,11.74687,-0.23448,-0.72819,-0.20376,-2.56007,-0.35925,0.07346,-35.77865,-1.57016,0.28344,0.44031
42.3,-0.07426,0.98751,0.25303,0.0478,-0.1008,-0,-0.22576,0.01645,-0.00288,-0.03077,-0.0009,0.0196,-0.01323,11.59873,0.40293,-0.7159,0.41257,0.11462,0.03601,0.08301,0.13568,0.58529,-0.98523,8.83512,-0.25828,-1.46154,-0.32281,-6.31164,-1.31529,0.25456,-36.43157,-1.39895,0.23692,0.39441
42.32,-0.18456,1.00758,0.21676,0.05518,-0.12745,-0,-0.17848,-0.00025,-0.00047,-0.00308,-0.00268,0.01929,-0.01293,13.1028,0.48154,-0.78715,0.46006,0.19328,0.03286,0.11168,0.08597,0.53677,-1.50961,-1.70986,-0.13207,-2.63306,-0.44471,-10.79961,-2.20562,0.59858,-36.79879,-1.19074,0.19247,0.33885
42.34,-0.24308,1.02769,0.16783,0.05834,-0.15051,-0,-0.13882,-0.01574,0.00153,0.02907,-0.00514,0.01801,-0.01177,14.47839,0.54706,-0.84942,0.49091,0.29573,0.02904,0.13706,1.19255,0.36737,-2.09287,-18.92235,0.1781,-4.24579,-0.50791,-15.96483,-2.9615,1.05053,-37.22112,-0.94638,0.15552,0.27831
42.36,-0.25886,1.04531,0.11211,0.05964,-0.16787,-0,-0.11178,-0.02864,0.00312,0.06622,-0.00666,0.01539,-0.00977,15.54652,0.57698,-0.8847,0.51399,0.42021,0.02588,0.15313,2.89751,0.13723,-2.6379,-38.70622,0.63006,-6.1126,-0.43611,-21.70813,-3.52123,1.38294,-37.98873,-0.69051,0.12551,0.21847
42.38,-0.24278,1.04922,0.04594,0.05927,-0.17928,-0,-0.1018,-0.03813,0.00443,0.10972,-0.00734,0.01205,-0.00693,16.28449,0.59127,-0.90108,0.53815,0.55768,0.02219,0.16123,4.39663,-0.03945,-2.87408,-58.00935,1.24178,-7.82294,-0.15392,-27.82839,-3.84097,1.39614,-39.19266,-0.45274,0.10515,0.16606
42.4,-0.21418,1.03157,-0.03021,0.05614,-0.18335,-0,-0.11172,-0.04374,0.00549,0.1612,-0.00714,0.00813,-0.00368,16.76614,0.56506,-0.89148,0.57328,0.70625,0.01933,0.16035,4.64411,-0.07518,-2.92567,-65.78528,1.66865,-8.94144,0.2079,-34.26051,-4.17058,0.96169,-41.10043,-0.25378,0.094,0.12546
42.42,-0.1901,0.98526,-0.10978,0.04916,-0.17867,-0,-0.14279,-0.04532,0.00618,0.22161,-0.00617,0.00408,-0.00044,17.08225,0.47907,-0.84691,0.62762,0.86789,0.01779,0.15,3.07635,0.03832,-2.99609,-56.11913,1.50397,-9.29243,0.35554,-40.85849,-4.83851,-0.1233,-44.00387,-0.10655,0.08771,0.0956
42.44,-0.17127,0.9043,-0.18603,0.04067,-0.16659,-0,-0.19225,-0.04286,0.00654,0.29016,-0.00464,0.00077,0.00241,17.10555,0.37675,-0.77759,0.70723,1.01107,0.01556,0.13663,0.07671,0.23075,-2.72433,-38.2493,1.0869,-8.33981,0.34452,-46.63861,-5.55854,-2.09811,-47.99999,-0.02105,0.07753,0.07056
42.46,-0.1507,0.78905,-0.25481,0.03306,-0.14887,-0,-0.25296,-0.03663,0.00658,0.36301,-0.00281,-0.00164,0.00432,16.75463,0.28749,-0.6963,0.81388,1.10622,0.0122,0.12476,-3.9279,0.45423,-1.87415,-17.44589,0.65077,-5.85081,0.24051,-50.46736,-6.01258,-4.90472,-53.13524,-0.00094,0.05973,0.04556
42.48,-0.11817,0.64241,-0.31097,0.0268,-0.12691,-0,-0.31604,-0.02722,0.00625,0.43184,-0.00101,-0.00338,0.00483,16.11286,0.21102,-0.60963,0.93978,1.15552,0.00838,0.1139,-8.53412,0.70031,-0.6498,6.74114,0.059,-2.11066,0.07167,-51.44262,-6.19563,-8.35793,-59.27388,-0.05175,0.038,0.01962
42.5,-0.08714,0.47707,-0.34805,0.02036,-0.10229,-0,-0.36377,-0.01588,0.00588,0.48499,0.00059,-0.00464,0.00355,15.1826,0.13938,-0.51625,1.07723,1.15098,0.00438,0.10472,-12.72607,1.13161,0.5849,33.41251,-0.78864,2.50425,-0.00792,-48.81494,-6.34635,-11.73695,-66.37907,-0.18694,0.01545,-0.00508
42.52,-0.09064,0.2996,-0.3636,0.01238,-0.07685,-0,-0.37377,-0.00436,0.00641,0.50964,0.00183,-0.00562,0.00026,13.99717,0.07378,-0.42271,1.21887,1.08917,0.00061,0.09774,-14.54838,2.14295,2.28734,57.3946,-2.24993,7.35112,0.48737,-42.2172,-6.78588,-13.6509,-74.36389,-0.41791,0.00087,-0.02142
42.54,-0.11365,0.09569,-0.35236,0.00545,-0.05345,-0,-0.34094,0.00533,0.0094,0.49365,0.00267,-0.00653,-0.00506,12.66914,0.01951,-0.3431,1.34509,0.99328,-0.00247,0.09106,-12.32632,3.56814,4.52326,73.88793,-4.39991,11.15403,1.50538,-31.52977,-7.3368,-13.78266,-81.7616,-0.7242,-0.00154,-0.02599
42.56,-0.13196,-0.14898,-0.3011,0.00105,-0.03429,-0,-0.26839,0.01084,0.01703,0.43095,0.00318,-0.0076,-0.01212,11.28239,-0.03376,-0.2801,1.43244,0.8815,-0.00467,0.08351,-5.01572,5.07493,6.24678,82.76552,-6.91297,13.09409,2.57813,-17.86367,-7.69344,-12.52808,-86.74866,-1.05396,0.00262,-0.02251
42.58,-0.15913,-0.44102,-0.1982,-0.0017,-0.01989,-0,-0.16056,0.00965,0.0318,0.32417,0.00343,-0.00885,-0.02042,9.89838,-0.09915,-0.22836,1.45715,0.7615,-0.00588,0.07538,8.04133,6.25625,6.5612,80.9293,-9.50609,12.37174,3.20486,-3.22965,-7.74711,-9.86725,-87.86295,-1.3256,0.00644,-0.01524
42.6,-0.18084,-0.76449,-0.04288,-0.00246,-0.01005,-0,-0.03609,-0.00083,0.055,0.18242,0.00351,-0.00998,-0.02881,8.53068,-0.18342,-0.18858,1.42761,0.63426,-0.00604,0.06666,25.95603,6.74051,4.7669,70.79075,-11.68265,9.97347,3.28376,9.95369,-7.19953,-7.18242,-83.53075,-1.4957,0.00687,-0.00908
42.62,-0.17228,-1.07637,0.16297,-0.00165,-0.00349,-0,0.09326,-0.02287,0.08579,0.02065,0.00343,-0.01053,-0.03548,7.2214,-0.2836,-0.16294,1.37782,0.50204,-0.00523,0.05731,46.3782,6.96398,2.46488,58.8044,-12.98707,8.19943,3.39917,19.39451,-5.87003,-5.39177,-73.53436,-1.55323,0.00688,-0.00625
42.64,-0.14207,-1.34418,0.40461,-0.00012,0.0021,-0,0.2196,-0.05823,0.12285,-0.14432,0.00323,-0.01063,-0.03971,6.05612,-0.38943,-0.14216,1.28538,0.37707,-0.00366,0.04772,66.05359,6.75696,0.20216,45.0049,-13.39109,6.63917,3.37304,24.21911,-3.90297,-3.68622,-59.26732,-1.43908,0.00484,-0.00492
42.66,-0.10284,-1.53857,0.64931,0.00151,0.00891,-0,0.32454,-0.10831,0.16443,-0.29785,0.00288,-0.01038,-0.04155,5.0551,-0.49045,-0.12052,1.12285,0.2656,-0.00163,0.03813,82.41452,5.80645,-2.15502,30.05984,-13.01726,4.85236,2.98743,24.80013,-1.76371,-2.05057,-43.13775,-1.18011,0.00038,-0.00346
42.68,-0.05219,-1.6251,0.86114,0.00327,0.01837,0,0.38726,-0.17378,0.20741,-0.42646,0.00225,-0.00964,-0.04099,4.18314,-0.57318,-0.09909,0.91084,0.16665,0.00057,0.02865,93.18897,4.37014,-4.14257,16.61087,-11.98956,3.34298,2.467,22.10728,0.14026,-0.85886,-27.57943,-0.86339,-0.00374,-0.00171
42.7,0.02517,-1.59322,1.01095,0.00273,0.02933,0,0.42017,-0.25251,0.24426,-0.51618,0.0015,-0.00847,-0.03727,3.40377,-0.62527,-0.07808,0.67799,0.07867,0.00258,0.01931,98.39511,2.78624,-5.45562,7.28003,-10.60517,2.19702,1.91525,17.31219,1.47556,-0.17116,-14.29152,-0.55081,-0.0047,0.00079
42.72,0.08763,-1.45394,1.08153,-0.00628,0.0384,0,0.46952,-0.33987,0.26649,-0.55497,0.00084,-0.00702,-0.02965,2.68215,-0.63685,-0.05731,0.45337,0.00295,0.00408,0.01029,99.87851,1.41853,-5.97627,2.61842,-9.15518,1.38297,1.39674,12.24346,2.00204,0.00039,-4.62895,-0.30563,0.00023,0.00452
42.74,0.10714,-1.23138,1.06539,-0.02391,0.04484,0,0.51409,-0.43228,0.27336,-0.54007,6e-05,-0.00538,-0.0205,1.98933,-0.60923,-0.03673,0.2541,-0.05845,0.00478,0.0021,97.31554,0.33992,-6.11798,0.4951,-7.74537,0.83328,0.96038,8.10187,1.89294,-0.24185,0.89096,-0.14788,0.009,0.00841
42.76,0.11923,-0.95406,0.96911,-0.04612,0.04871,0,0.52658,-0.52797,0.26682,-0.47697,-0.00066,-0.00374,-0.01161,1.30185,-0.547,-0.01551,0.0935,-0.10752,0.00458,-0.00498,90.5621,-0.45169,-6.24954,-0.16642,-6.45131,0.467,0.61774,7.53213,1.25124,-0.53153,0.84717,-0.06861,0.00922,0.00409
42.78,0.13471,-0.64938,0.80992,-0.06962,0.04877,0,0.53581,-0.62816,0.24848,-0.37655,-0.0012,-0.00234,-0.00329,0.60546,-0.45247,0.0071,-0.01044,-0.14684,0.00366,-0.01093,81.16185,-0.87004,-6.38864,0.22063,-5.3508,0.24204,0.37152,6.94898,0.64099,-0.93981,0.48281,-0.02727,0.01045,0.00179
42.8,0.15388,-0.34777,0.64281,-0.09744,0.04464,0,0.52154,-0.71299,0.21895,-0.25717,-0.00122,-0.0013,0.00325,-0.09807,-0.34445,0.03171,-0.0482,-0.17654,0.00229,-0.01557,70.25978,-0.83646,-6.52404,1.08797,-4.44726,0.11289,0.2091,6.45277,0.0842,-1.46236,-0.05587,-0.00927,0.01238,0.00153
42.82,0.16878,-0.0721,0.52224,-0.1339,0.03672,0,0.46311,-0.75226,0.18051,-0.13708,0.00028,-0.00076,0.01097,-0.80373,-0.23389,0.0611,-0.03494,-0.19473,0.00112,-0.01828,58.74421,-0.48757,-6.59099,2.11327,-3.71859,0.04473,0.11113,6.17867,-0.3918,-1.99934,-0.68138,-0.00204,0.01325,0.00227
42.84,0.18439,0.16509,0.43391,-0.16204,0.02642,0,0.39851,-0.76057,0.14039,-0.02865,0.00194,-0.00075,0.02084,-1.51076,-0.11467,0.09651,-0.00108,-0.20427,0.0007,-0.01963,47.24516,-0.10631,-6.54056,3.01203,-3.15317,0.01361,0.05814,5.93274,-0.75458,-2.49642,-1.37134,0.00255,0.01338,0.00359
42.86,0.20969,0.35296,0.36443,-0.16774,0.01519,0,0.34634,-0.75641,0.10276,0.0603,0.00223,-0.00108,0.02975,-2.21981,0.0098,0.13689,0.02256,-0.20939,0.00107,-0.02068,36.03624,0.16938,-6.38192,3.62369,-2.724,0.00218,0.03389,5.59461,-0.97219,-2.90778,-2.30564,0.00513,0.01316,0.00505
42.88,0.2288,0.48661,0.32769,-0.15337,0.00414,0,0.29808,-0.73302,0.06824,0.12746,0.00174,-0.00148,0.03739,-2.9331,0.12948,0.18207,0.00507,-0.21076,0.0019,-0.02143,25.38196,0.27896,-6.12881,3.94738,-2.39574,0.0003,0.02707,5.19984,-1.02406,-3.11657,-3.60458,0.00413,0.01216,0.0062
42.9,0.23326,0.55816,0.31172,-0.1162,-0.00585,0,0.24034,-0.6921,0.03822,0.17532,0.00057,-0.00172,0.04209,-3.66163,0.23723,0.23428,-0.08091,-0.20998,0.00262,-0.02274,15.30579,0.20425,-5.78662,3.98821,-2.14421,0.00294,0.03119,4.71714,-0.93394,-3.02351,-5.19544,-0.00202,0.01047,0.00701
42.92,0.21618,0.55825,0.29769,-0.06389,-0.01586,0,0.16947,-0.63493,0.01342,0.20925,4e-05,-0.00191,0.04252,-4.43226,0.33068,0.29769,-0.25547,-0.20868,0.00271,-0.02556,5.69288,-0.00799,-5.41484,3.7766,-1.95242,0.00827,0.04321,4.09397,-0.75151,-2.56862,-6.78711,-0.0135,0.00832,0.00753
42.94,0.17771,0.49442,0.28644,-0.01387,-0.02675,0,0.09725,-0.56222,-0.00638,0.23578,0.00156,-0.00198,0.04109,-5.25289,0.40261,0.37196,-0.52261,-0.20651,0.00203,-0.02883,-3.6147,-0.27213,-5.10065,3.40761,-1.80241,0.01553,0.06116,3.41285,-0.5154,-1.81805,-8.32494,-0.02863,0.00591,0.0077
42.96,0.12637,0.38035,0.27867,0.02593,-0.03798,0,0.0253,-0.47552,-0.02154,0.26084,0.00437,-0.00186,0.03952,-6.12785,0.44476,0.45524,-0.85577,-0.20303,0.00087,-0.03159,-12.79908,-0.52117,-4.84796,2.95001,-1.67884,0.02352,0.0826,2.78194,-0.26715,-0.9561,-9.8332,-0.04435,0.00364,0.00753
42.98,0.06816,0.22963,0.26809,0.05278,-0.04938,0,-0.05143,-0.37349,-0.03251,0.2891,0.00792,-0.00163,0.03804,-7.07954,0.45758,0.54681,-1.21533,-0.1981,-0.00031,-0.03383,-21.93101,-0.71349,-4.59652,2.44399,-1.57095,0.03109,0.10437,2.24314,-0.03176,-0.19032,-10.98734,-0.05763,0.0019,0.00713
43,0.02488,0.06317,0.2568,0.06509,-0.06058,0,-0.1362,-0.27275,-0.04079,0.32383,0.0115,-0.0014,0.03708,-8.1213,0.44719,0.65641,-1.54841,-0.19106,-0.00111,-0.03531,-31.61598,-0.81384,-4.18309,1.95733,-1.46278,0.03692,0.12267,1.76959,0.19201,0.30909,-11.68574,-0.06241,0.00079,0.00652
43.02,0.00589,-0.09482,0.24814,0.06279,-0.07126,0,-0.23303,-0.1807,-0.04892,0.36609,0.01438,-0.00128,0.03687,-9.26705,0.42451,0.79681,-1.79506,-0.18119,-0.00127,-0.03578,-42.42223,-0.79949,-3.43527,1.53407,-1.33974,0.03998,0.13364,1.30473,0.41941,0.55875,-11.85649,-0.05066,7e-05,0.0057
43.04,-0.00182,-0.22265,0.2417,0.04985,-0.08034,0,-0.34386,-0.08391,-0.05718,0.41366,0.01722,-0.00115,0.03746,-10.49675,0.39467,0.9567,-1.89649,-0.16872,-0.00063,-0.03517,-53.8811,-0.67734,-2.37946,1.15936,-1.19943,0.03993,0.13342,0.91317,0.67514,0.66413,-11.34905,-0.02592,-0.00083,0.00458
43.06,-0.00233,-0.30472,0.24096,0.03093,-0.08647,0,-0.46882,0.0183,-0.06474,0.46,0.02064,-0.00093,0.03872,-11.76841,0.35977,1.12361,-1.80311,-0.15382,0.00066,-0.03344,-65.49143,-0.4435,-1.12932,0.76804,-1.03761,0.03619,0.11964,0.62958,0.9816,0.69251,-10.10519,0.00261,-0.00262,0.00304
43.08,0.01322,-0.33056,0.24963,0.00845,-0.08909,0,-0.60821,0.12073,-0.07183,0.49338,0.02441,-0.00063,0.04003,-13.06967,0.32306,1.29551,-1.50309,-0.13687,0.00226,-0.03087,-76.98447,-0.06664,0.17,0.21637,-0.84585,0.02842,0.09295,0.39505,1.35856,0.67993,-8.04955,0.02939,-0.00591,0.00117
43.1,0.05112,-0.29468,0.27153,-0.01572,-0.08764,0,-0.74436,0.22047,-0.0785,0.4988,0.02873,-0.00023,0.04114,-14.19514,0.28226,1.46462,-1.0324,-0.12162,0.00379,-0.02804,-88.30557,0.47998,1.28108,-0.73745,-0.61827,0.01712,0.05703,0.20794,1.77396,0.61609,-5.98705,0.04297,-0.01118,-0.0005
43.12,0.09885,-0.197,0.31025,-0.04471,-0.08187,0,-0.84432,0.31178,-0.08486,0.46084,0.0337,0.00039,0.04183,-14.85164,0.22595,1.61788,-0.45987,-0.11206,0.00503,-0.02569,-99.17135,1.08936,2.0301,-2.44264,-0.35284,0.00259,0.01685,-0.28995,1.88257,0.45566,-5.61873,0.05948,-0.01665,-0.00051
43.14,0.17241,-0.0445,0.36359,-0.08108,-0.0721,0,-0.9068,0.38982,-0.09016,0.36662,0.03822,0.00146,0.04074,-15.09661,0.13026,1.73425,0.1316,-0.10872,0.00581,-0.02452,-108.0122,1.58182,2.3228,-5.34148,-0.05452,-0.01421,-0.02253,-1.38324,1.33996,0.19206,-5.72285,0.02874,-0.01901,0.00444
43.16,0.31663,0.14586,0.42425,-0.12271,-0.05894,0,-0.9385,0.44777,-0.09311,0.21437,0.04112,0.00317,0.03703,-15.04596,-0.02261,1.80517,0.668,-0.11195,0.006,-0.02494,-113.0822,1.831,2.10797,-9.8822,0.26742,-0.03133,-0.05689,-2.37404,0.46282,-0.11153,-3.43953,-0.15518,-0.01843,0.0174
43.18,0.56971,0.34431,0.47968,-0.16783,-0.04337,0,-0.92417,0.47044,-0.09309,0.01688,0.04159,0.00549,0.03106,-14.63389,-0.2449,1.83723,1.09808,-0.12225,0.00575,-0.02702,-112.96732,1.77646,1.52708,-16.38824,0.59803,-0.04656,-0.08345,-2.48433,-0.32461,-0.43202,2.41208,-0.56411,-0.01213,0.04115
43.2,0.88978,0.51327,0.51505,-0.20787,-0.02694,-0,-0.89117,0.46784,-0.09073,-0.20058,0.03967,0.00877,0.02293,-13.98381,-0.5217,1.81114,1.39826,-0.13576,0.00503,-0.0303,-106.78759,0.97078,0.54512,-24.82413,0.91163,-0.05883,-0.10186,-0.46423,-0.29026,-0.70874,12.63961,-1.24661,0.00069,0.07501
43.22,1.16407,0.61555,0.51069,-0.2315,-0.01134,-0,-0.8788,0.46681,-0.08689,-0.40255,0.03579,0.01379,0.01346,-13.2783,-0.77504,1.71149,1.56878,-0.14644,0.00386,-0.03403,-94.3993,-1.25322,-0.82365,-34.57353,1.17271,-0.06789,-0.11364,4.80132,1.41467,-0.7163,24.91022,-2.17582,0.01502,0.11196
43.24,1.41197,0.60878,0.44936,-0.23392,0.00145,-0,-0.86146,0.4465,-0.07975,-0.55991,0.02897,0.01952,0.00425,-12.48089,-0.97114,1.57549,1.61464,-0.15331,0.00255,-0.03778,-76.01614,-4.05897,-2.02001,-44.44765,1.34427,-0.07196,-0.11868,13.55522,5.32607,-0.33554,35.40061,-3.27912,0.0269,0.1439
43.26,1.66898,0.45649,0.33006,-0.21314,0.00929,-0,-0.81806,0.38944,-0.06797,-0.65786,0.01939,0.02443,-0.00394,-11.5526,-1.12378,1.43224,1.54792,-0.15731,0.00116,-0.04132,-53.71883,-6.27504,-2.66649,-52.70493,1.39765,-0.07104,-0.11702,25.79998,11.62384,0.32743,42.52052,-4.47811,0.03168,0.16334
43.28,1.85884,0.13622,0.1647,-0.17063,0.0109,-0,-0.76342,0.31714,-0.05294,-0.69131,0.00877,0.02844,-0.01079,-10.52606,-1.21639,1.28141,1.3939,-0.15753,-0.00048,-0.04433,-31.02447,-7.56065,-2.69907,-57.34488,1.3224,-0.06754,-0.10985,40.58822,19.90137,1.23344,43.90615,-5.62673,0.01945,0.16267
43.3,1.9289,-0.30961,-0.01573,-0.10916,0.00648,-0,-0.68202,0.23322,-0.03544,-0.66727,-0.00184,0.0302,-0.016,-9.50928,-1.21546,1.11722,1.1837,-0.15501,-0.00255,-0.0467,-11.25168,-7.42685,-2.36672,-57.13365,1.10629,-0.0632,-0.09789,56.18648,29.13707,2.06954,39.61705,-6.60539,-0.01441,0.14114
43.32,1.85478,-0.78348,-0.17007,-0.04128,-0.00194,-0,-0.55556,0.14357,-0.0178,-0.5995,-0.00975,0.02849,-0.01934,-8.58517,-1.08247,0.93356,0.9498,-0.15147,-0.00563,-0.0484,2.80273,-6.03383,-1.94574,-51.80988,0.78608,-0.05913,-0.0827,70.25911,38.00985,2.47765,31.79408,-7.34225,-0.06844,0.10378
43.34,1.64475,-1.25343,-0.27475,0.01553,-0.01065,-0,-0.41003,0.06991,-0.00365,-0.50163,-0.01369,0.02484,-0.02083,-7.66844,-0.86638,0.74807,0.719,-0.14693,-0.01001,-0.0494,10.31058,-4.00861,-1.41192,-41.78736,0.47245,-0.05556,-0.06575,80.48463,45.0964,2.52064,21.86187,-7.75521,-0.13299,0.05783
43.36,1.32,-1.68853,-0.31489,0.055,-0.01538,-0,-0.26262,0.02251,0.00442,-0.38769,-0.01509,0.02056,-0.02074,-6.6948,-0.63035,0.57517,0.5103,-0.14147,-0.01545,-0.04971,12.19177,-1.7563,-0.83197,-28.71472,0.22909,-0.05119,-0.04804,85.84882,49.49594,2.33474,11.72878,-7.81838,-0.19278,0.01215
43.38,0.91215,-2.01227,-0.2758,0.076,-0.0125,-0,-0.11671,0.00093,0.00558,-0.27218,-0.01448,0.01594,-0.01936,-5.67489,-0.3728,0.41039,0.33422,-0.13576,-0.02233,-0.04936,9.96021,0.37328,-0.35171,-14.7942,0.06781,-0.04449,-0.03079,85.25574,50.70717,1.94851,2.99276,-7.56291,-0.23536,-0.02527
43.4,0.53278,-2.17891,-0.1597,0.08125,0.00017,-0,0.00506,-0.00406,0.00231,-0.16929,-0.01316,0.01102,-0.0172,-4.69153,-0.17273,0.27859,0.19274,-0.12879,-0.02865,-0.04835,5.43498,2.04878,-0.07941,-1.8522,-0.01526,-0.03498,-0.01486,79.27006,49.08106,1.45262,-2.66251,-7.07627,-0.25525,-0.04881
43.42,0.24938,-2.1694,0.02059,0.07579,0.02219,-0,0.11358,0.0066,-0.00461,-0.09071,-0.01224,0.00613,-0.01486,-3.80939,-0.08369,0.19311,0.08539,-0.11907,-0.03078,-0.04671,4.64487,2.35885,0.01968,2.22599,-0.06107,-0.02892,-0.00663,69.53919,45.46594,0.94352,-4.71986,-6.46239,-0.2522,-0.05532
43.44,0.06273,-1.996,0.24851,0.06298,0.05088,-0,0.22216,0.03113,-0.01358,-0.0425,-0.01097,0.0021,-0.01259,-2.96413,-0.03679,0.12792,0.01003,-0.10803,-0.03006,-0.04436,6.58862,2.09734,0.1207,1.5247,-0.07938,-0.02515,-0.00347,56.38422,40.21092,0.50703,-4.29243,-5.76856,-0.22564,-0.04354
43.46,-5e-05,-1.69405,0.49351,0.04622,0.08281,-0,0.31511,0.05594,-0.0205,-0.0242,-0.009,-0.00086,-0.01054,-2.1249,-0.0007,0.07177,-0.0368,-0.0968,-0.02866,-0.04119,8.05815,1.89008,0.15898,1.00495,-0.06567,-0.01997,-0.00118,40.34075,33.70791,0.19422,-2.15836,-5.0325,-0.17827,-0.01413
43.48,0.09541,-1.30594,0.71254,0.02873,0.11368,-0,0.39005,0.0727,-0.02301,-0.02889,-0.00662,-0.00292,-0.00888,-1.32606,0.01379,0.02812,-0.0576,-0.08438,-0.02612,-0.03718,8.90423,1.66783,0.03388,0.8629,-0.02935,-0.01364,0.00048,22.39645,26.50666,0.01478,1.28182,-4.30606,-0.11675,0.03026
43.5,0.32266,-0.89069,0.86775,0.01463,0.13775,-0,0.44861,0.07674,-0.02104,-0.04471,-0.00392,-0.00414,-0.0076,-0.62222,0.00613,-0.00248,-0.05326,-0.07296,-0.02281,-0.03232,9.35533,1.26112,-0.25174,0.84778,0.01653,-0.00642,0.00201,5.46259,19.98201,-0.03519,5.50199,-3.64307,-0.04951,0.08555
43.52,0.56695,-0.50564,0.94086,0.00603,0.14958,-0,0.4946,0.06766,-0.01601,-0.05847,-0.00102,-0.00444,-0.00662,-0.02703,-0.00879,-0.02656,-0.02471,-0.06415,-0.0193,-0.02671,9.71908,0.63893,-0.52111,0.78815,0.0637,0.00113,0.00347,-7.58962,15.03183,-0.01804,9.72977,-3.08216,0.01772,0.14748
43.54,0.8084,-0.18265,0.90609,0.00083,0.1487,-0,0.51463,0.05013,-0.00907,-0.06054,0.00185,-0.00412,-0.00587,0.47363,-0.01646,-0.04962,0.02497,-0.05524,-0.0157,-0.02049,9.7099,-0.01754,-0.69596,0.71177,0.10352,0.0084,0.00484,-18.48352,10.98517,0.0317,13.68222,-2.62196,0.08189,0.2116
43.56,1.07356,0.06125,0.75701,-0.00248,0.13729,-0,0.49566,0.03003,-0.00235,-0.04731,0.00458,-0.00368,-0.00525,0.86332,-0.01713,-0.0707,0.09017,-0.04488,-0.01217,-0.01379,9.1216,-0.60655,-0.7783,0.3775,0.12648,0.01519,0.00649,-28.89994,7.49459,0.10469,17.513,-2.25255,0.13952,0.27352
43.58,1.32307,0.22305,0.52966,-0.004,0.11783,-0,0.44299,0.01315,0.00191,-0.02106,0.00701,-0.00309,-0.00467,1.13705,-0.00945,-0.09119,0.16223,-0.03369,-0.00882,-0.00685,8.04619,-1.08023,-0.72357,-0.54653,0.13028,0.02143,0.00843,-38.37388,4.71324,0.17867,21.22905,-1.9673,0.18812,0.32921
43.6,1.50132,0.30926,0.25345,-0.00376,0.09416,-0,0.33489,0.00236,0.00275,0.01106,0.00907,-0.00281,-0.00405,1.30464,0.00247,-0.11051,0.23037,-0.0226,-0.00593,3e-05,7.00507,-1.32192,-0.52983,-2.18858,0.11656,0.02682,0.01014,-46.74825,2.77877,0.21531,24.76775,-1.75536,0.22827,0.37571
43.62,1.55739,0.33007,-0.0371,-0.00197,0.0701,-0,0.17733,-0.00045,-0.00017,0.04041,0.01076,-0.00337,-0.00332,1.38636,0.01198,-0.12663,0.28491,-0.01199,-0.00357,0.00657,6.31625,-1.1834,-0.27347,-4.30911,0.08724,0.03028,0.0103,-53.99221,1.56885,0.20026,28.03133,-1.60253,0.26295,0.41098
43.64,1.50614,0.30627,-0.29819,0.00078,0.04807,-0,0.01038,0.00452,-0.0052,0.05963,0.01189,-0.00416,-0.00247,1.39322,0.01886,-0.13931,0.31977,-0.00152,-0.00153,0.01255,8.43611,-0.44754,-0.00092,-3.17538,0.03379,0.02252,0.0054,-60.66174,0.73586,0.17579,31.16621,-1.48805,0.2904,0.43084
43.66,1.36702,0.25954,-0.50846,0.00402,0.02932,-0,-0.1581,0.01414,-0.00974,0.06425,0.01235,-0.00468,-0.00151,1.33266,0.02273,-0.14819,0.33437,0.0087,0.00022,0.01772,9.17255,0.46745,-0.01083,-0.12317,-0.05437,0.01039,0.00041,-67.21418,0.11605,0.16958,34.30713,-1.39334,0.30714,0.4314
43.68,1.13455,0.20665,-0.66363,0.00709,0.01452,-0,-0.3304,0.02514,-0.01179,0.0536,0.01234,-0.00479,-0.00052,1.22491,0.02217,-0.15312,0.33368,0.01855,0.0017,0.02174,7.10002,1.37194,-0.25026,3.52418,-0.18269,-0.00601,-0.00343,-73.34912,-0.34938,0.1781,37.27121,-1.30623,0.31212,0.41151
43.7,0.83924,0.15912,-0.76903,0.00877,0.00386,-0,-0.50052,0.03547,-0.01243,0.02995,0.01196,-0.00453,0.00035,1.07169,0.01581,-0.15195,0.32595,0.02815,0.003,0.02452,1.35388,2.10847,-0.57222,6.46607,-0.35716,-0.02712,-0.00483,-79.39917,-0.7621,0.16926,39.82491,-1.21314,0.30573,0.37347
43.72,0.51401,0.12518,-0.83539,0.00737,-0.00264,-0,-0.65558,0.04439,-0.01386,-0.00282,0.01132,-0.00374,0.00094,0.87446,0.00575,-0.1434,0.3201,0.03755,0.0043,0.02614,-8.30292,2.73414,-0.88596,7.34009,-0.58153,-0.04877,0.00019,-85.63117,-1.28926,0.08221,41.6835,-1.10226,0.2868,0.32089
43.74,0.18159,0.11141,-0.869,0.00209,-0.00497,-0,-0.78933,0.05084,-0.01417,-0.04146,0.01081,-0.00213,0.00111,0.65023,-0.00375,-0.13056,0.32308,0.04689,0.00568,0.02606,-21.46823,3.26881,-1.14746,5.32616,-0.84755,-0.06241,0.01503,-91.22684,-2.00715,-0.11086,42.54685,-0.96531,0.25109,0.25632
43.76,-0.12799,0.11842,-0.87542,-0.00689,-0.00296,-0,-0.90012,0.05433,-0.01225,-0.08507,0.01065,0.00034,0.00075,0.40727,-0.01128,-0.11573,0.33745,0.056,0.00709,0.02391,-36.8181,3.61732,-1.27812,0.7048,-1.13016,-0.05853,0.03895,-95.62104,-2.89998,-0.40695,42.23403,-0.79398,0.1981,0.18494
43.78,-0.38425,0.14104,-0.86184,-0.0197,0.00377,-0,-0.97744,0.056,-0.00996,-0.13541,0.01069,0.00335,-5e-05,0.14571,-0.01646,-0.09928,0.36059,0.06386,0.00836,0.02005,-52.82533,3.83072,-1.27549,-5.83106,-1.40109,-0.02386,0.07196,-98.83549,-3.95331,-0.81572,40.63367,-0.58196,0.13311,0.11446
43.8,-0.573,0.17316,-0.83027,-0.03433,0.01551,-0,-1.01437,0.05632,-0.00781,-0.19645,0.01106,0.00656,-0.001,-0.13211,-0.01878,-0.08116,0.38686,0.07011,0.00968,0.01473,-63.72256,3.87741,-1.20557,-10.0279,-1.58781,0.0458,0.10642,-100.9332,-5.27338,-1.27068,37.70436,-0.32643,0.06712,0.05249
43.82,-0.70581,0.20776,-0.78096,-0.04789,0.03189,-0,-1.00542,0.0557,-0.00588,-0.27285,0.01189,0.00991,-0.00161,-0.40544,-0.01794,-0.06193,0.40836,0.0745,0.01143,0.00862,-63.91772,3.79263,-1.10991,-8.97519,-1.61808,0.13544,0.13244,-101.63349,-6.96735,-1.59641,33.33988,-0.03164,0.00948,0.00287
43.84,-0.77778,0.23426,-0.71582,-0.06007,0.05176,-0,-0.94844,0.05594,-0.00475,-0.36718,0.01273,0.01261,-0.00143,-0.6566,-0.01511,-0.04361,0.41498,0.07442,0.01287,0.00272,-55.82021,3.70498,-0.91762,-5.80193,-1.50223,0.232,0.15174,-100.00175,-8.75705,-1.75129,27.17156,0.29349,-0.03448,-0.03382
43.86,-0.77569,0.24519,-0.63571,-0.07072,0.07339,-0,-0.84642,0.05801,-0.00386,-0.47746,0.01326,0.01377,-0.00018,-0.88444,-0.01184,-0.02725,0.39982,0.06824,0.01326,-0.0024,-41.75992,3.6712,-0.57515,-2.39225,-1.26884,0.32128,0.16505,-95.11342,-10.29698,-1.76206,18.81676,0.63913,-0.06106,-0.05795
43.88,-0.70405,0.23973,-0.541,-0.07903,0.09401,-0,-0.70396,0.06116,-0.00176,-0.5956,0.01367,0.01329,0.00219,-1.08121,-0.0084,-0.01292,0.36239,0.05705,0.01267,-0.00651,-21.45408,3.71596,-0.08419,1.17134,-0.94423,0.38168,0.16893,-86.19994,-11.32558,-1.56646,8.14104,0.98908,-0.07125,-0.07107
43.9,-0.60445,0.22519,-0.43007,-0.08217,0.10922,-0,-0.54796,0.06624,0.00311,-0.70539,0.01402,0.01078,0.0055,-1.23649,-0.00648,-0.00087,0.3066,0.04142,0.01074,-0.00941,4.95573,3.8199,0.5529,4.14454,-0.57711,0.39852,0.16511,-72.72878,-11.87629,-1.34835,-4.65595,1.31194,-0.06911,-0.07641
43.92,-0.53557,0.2091,-0.30382,-0.07771,0.1136,-0,-0.40122,0.07416,0.01218,-0.78536,0.01444,0.00633,0.00955,-1.34093,-0.00865,0.00889,0.24076,0.02339,0.0074,-0.01106,32.98306,3.94307,1.24061,4.78091,-0.25092,0.36916,0.15733,-54.84771,-12.12473,-1.23549,-18.85517,1.56423,-0.05971,-0.07777
43.94,-0.47688,0.18228,-0.16686,-0.06884,0.10477,-0,-0.26064,0.08155,0.0263,-0.81602,0.01549,0.00089,0.01408,-1.39215,-0.01405,0.01638,0.17531,0.00629,0.00339,-0.01125,57.92691,4.11007,1.85707,3.28199,-0.05034,0.30486,0.14116,-33.50476,-11.5643,-1.11208,-33.09484,1.70544,-0.04767,-0.07569
43.96,-0.40405,0.12626,-0.02138,-0.05818,0.08342,-0,-0.13106,0.08404,0.04555,-0.78182,0.01767,-0.00511,0.01892,-1.39355,-0.02185,0.02131,0.11889,-0.00834,-0.00092,-0.0097,79.59135,4.34696,2.33373,1.31309,-0.00522,0.22304,0.11403,-11.0157,-9.91221,-0.91337,-45.38247,1.70868,-0.03617,-0.07013
43.98,-0.33569,0.02555,0.12944,-0.04583,0.05081,-0,-0.02544,0.07781,0.06889,-0.67217,0.02131,-0.01149,0.02433,-1.34795,-0.03407,0.02334,0.07775,-0.01986,-0.00536,-0.00611,96.27437,4.61993,2.68059,-0.11913,-0.09956,0.13673,0.07864,9.20828,-7.47687,-0.63132,-53.16826,1.57333,-0.02683,-0.06236
44,-0.23828,-0.13406,0.27925,-0.03374,0.01254,-0,0.04878,0.05858,0.09465,-0.48436,0.02654,-0.0177,0.0306,-1.25112,-0.04677,0.02126,0.05621,-0.02752,-0.00966,-0.00014,106.47113,4.80563,2.53151,0.36814,-0.28437,0.05296,0.03493,23.59946,-4.67592,-0.47697,-55.35636,1.28861,-0.01946,-0.05248
44.02,-0.10482,-0.34875,0.42109,-0.02306,-0.02391,-0,0.09667,0.02065,0.12088,-0.22439,0.0332,-0.02258,0.03776,-1.1,-0.0531,0.014,0.05581,-0.03055,-0.01361,0.00842,109.09764,4.73855,1.39671,3.31857,-0.5022,-0.0201,-0.01394,30.29773,-2.10477,-0.45546,-51.92424,0.8922,-0.01324,-0.04091
44.04,0.02593,-0.59739,0.54833,-0.01357,-0.05582,-0,0.12416,-0.04367,0.14391,0.09172,0.04127,-0.0257,0.04607,-0.91478,-0.05615,0.00226,0.07452,-0.02903,-0.01683,0.01946,104.14125,4.46802,-0.0211,8.63966,-0.70041,-0.0783,-0.06477,29.74444,-0.08719,-0.32987,-42.54229,0.51315,-0.00748,-0.02877
44.06,0.15167,-0.85408,0.65567,-0.00545,-0.0815,0,0.13452,-0.13887,0.16111,0.43824,0.05049,-0.02734,0.05546,-0.71293,-0.05828,-0.01316,0.10633,-0.02349,-0.01904,0.03252,93.43701,4.07067,-1.1004,16.18602,-0.84181,-0.12382,-0.11773,23.51673,1.20212,-0.13486,-29.28629,0.22283,-0.00149,-0.01653
44.08,0.29453,-1.08645,0.73428,0.00097,-0.0984,0,0.13992,-0.27114,0.17287,0.77839,0.05924,-0.02742,0.06464,-0.50216,-0.05594,-0.0307,0.14128,-0.01437,-0.02039,0.04632,77.64895,3.50654,-1.83068,25.60697,-0.91457,-0.15616,-0.171,13.75886,1.64123,-0.00733,-15.18092,0.032,0.00469,-0.00446
44.1,0.42342,-1.31178,0.80105,0.00556,-0.10533,0,0.13949,-0.42925,0.17725,1.07406,0.06698,-0.02582,0.07361,-0.30943,-0.05204,-0.04859,0.16675,-0.00277,-0.02009,0.05987,60.87048,2.91772,-1.98588,35.29972,-0.93078,-0.18105,-0.2232,2.91747,1.24955,-0.04161,-2.65622,-0.06747,0.01106,0.00734
44.12,0.43613,-1.56706,0.88337,0.00874,-0.10344,0,0.12598,-0.57689,0.17428,1.29899,0.07399,-0.02261,0.08341,-0.14805,-0.04907,-0.066,0.17093,0.01033,-0.01692,0.07286,47.43845,2.45249,-1.69483,42.76668,-0.91493,-0.20737,-0.27242,-4.05398,0.15908,-0.26942,4.1187,-0.11849,0.01573,0.01632
44.14,0.35755,-1.82218,0.95424,0.01007,-0.09503,0,0.11284,-0.71477,0.16915,1.42589,0.07694,-0.0188,0.09167,-0.01123,-0.0441,-0.08005,0.14649,0.02409,-0.01258,0.08315,35.63183,2.01337,-1.32927,48.18688,-0.87758,-0.229,-0.31315,-3.82906,-1.1934,-0.57546,3.15464,-0.14306,0.01322,0.01805
44.16,0.26702,-2.05168,0.98691,0.0089,-0.08199,0,0.10925,-0.85767,0.16526,1.4409,0.07357,-0.01576,0.09607,0.09733,-0.03734,-0.08803,0.09312,0.03745,-0.00895,0.08858,23.77833,1.55927,-1.0153,52.49499,-0.82498,-0.24009,-0.34226,-4.41468,-2.50865,-0.96226,2.5326,-0.13719,0.01093,0.01958
44.18,0.15481,-2.26504,0.98806,0.00526,-0.06637,0,0.10695,-0.99346,0.16287,1.35919,0.06581,-0.01446,0.09667,0.17451,-0.03125,-0.08968,0.01759,0.04969,-0.006,0.08891,12.81948,1.13599,-0.79496,55.19527,-0.76839,-0.24428,-0.36051,-5.27695,-3.60443,-1.3862,2.07821,-0.11682,0.00957,0.02072
44.2,0.00712,-2.44876,0.96382,-0.00031,-0.05016,0,0.11421,-1.10693,0.16058,1.19525,0.054,-0.0135,0.09331,0.22185,-0.02757,-0.08629,-0.06833,0.0603,-0.00432,0.08379,3.22994,0.78903,-0.69594,56.42637,-0.71312,-0.24357,-0.3697,-5.84735,-4.29428,-1.74425,1.43758,-0.09305,0.00964,0.02131
44.22,-0.19668,-2.57948,0.92862,-0.00691,-0.03572,0,0.14501,-1.18255,0.15724,0.96762,0.03934,-0.01106,0.08628,0.24246,-0.02726,-0.07982,-0.15046,0.06874,-0.00395,0.07328,-4.75536,0.56388,-0.7139,56.53155,-0.66131,-0.24086,-0.37279,-5.87153,-4.4719,-1.93558,0.54465,-0.07177,0.01137,0.02139
44.24,-0.42059,-2.6301,0.88546,-0.01319,-0.0254,0,0.18267,-1.21515,0.15481,0.70431,0.02602,-0.00927,0.07533,0.23904,-0.02999,-0.07045,-0.21833,0.07437,-0.00412,0.05803,-11.73214,0.39878,-0.83647,55.71508,-0.61432,-0.23832,-0.37181,-5.69245,-4.05909,-1.97659,-0.53052,-0.05375,0.0143,0.02054
44.26,-0.62715,-2.57444,0.83347,-0.01734,-0.02083,0,0.21356,-1.20094,0.15625,0.41568,0.01574,-0.00876,0.06054,0.21416,-0.035,-0.05859,-0.26786,0.07626,-0.0041,0.03895,-18.33161,0.22592,-1.03546,54.26224,-0.57189,-0.23648,-0.36729,-5.50449,-3.01161,-1.90149,-1.99323,-0.03747,0.01775,0.01842
44.28,-0.84404,-2.40337,0.78703,-0.01784,-0.02291,0,0.24584,-1.12894,0.16481,0.09674,0.00807,-0.00743,0.0431,0.17195,-0.04195,-0.04557,-0.29895,0.07303,-0.00326,0.01734,-24.35405,0.07937,-1.25494,52.23397,-0.53358,-0.23661,-0.35898,-5.21999,-1.40252,-1.71153,-4.05563,-0.01922,0.0209,0.01517
44.3,-0.97718,-2.09263,0.73232,-0.01322,-0.03167,0,0.27656,-1.00271,0.18643,-0.26148,0.00279,-0.0064,0.02325,0.11527,-0.04822,-0.0316,-0.31578,0.06477,-0.00254,-0.00552,-30.31775,-0.11954,-1.45833,50.21262,-0.4964,-0.23644,-0.34488,-4.46389,0.55683,-1.3967,-5.41108,0.01024,0.02057,0.00985
44.32,-0.94562,-1.64145,0.65752,-0.00267,-0.04631,0,0.30467,-0.82266,0.22736,-0.66964,-0.00072,-0.00553,0.00332,0.04784,-0.04985,-0.01718,-0.32447,0.05191,-0.00213,-0.02661,-36.81966,-0.5102,-1.62128,48.75705,-0.45713,-0.23398,-0.32281,-3.89693,2.53359,-1.00228,-4.46961,0.06871,0.01609,0.00303
44.34,-0.85206,-1.09466,0.5945,0.01384,-0.0661,0,0.35665,-0.58604,0.29165,-1.13654,-0.00319,-0.00288,-0.01358,-0.0258,-0.04723,-0.00347,-0.32888,0.03267,-0.00134,-0.04364,-43.36845,-0.97722,-1.66932,47.47653,-0.41516,-0.23172,-0.29249,-4.32912,4.14619,-0.63592,-3.47371,0.17655,0.0103,-0.00232
44.36,-0.75931,-0.48129,0.56332,0.03616,-0.09083,0,0.45598,-0.29368,0.37856,-1.66601,-0.00496,0.0007,-0.0269,-0.10354,-0.04151,0.00963,-0.33154,0.00797,-0.00092,-0.05655,-49.54283,-1.36682,-1.53484,46.05104,-0.3685,-0.23094,-0.25492,-5.36384,4.97488,-0.33645,-3.3686,0.36025,0.00333,-0.00529
44.38,-0.64844,0.18412,0.5615,0.06377,-0.12019,0,0.60257,0.04182,0.47716,-2.25336,-0.00632,0.00361,-0.03645,-0.18359,-0.03213,0.02276,-0.33406,-0.01912,-0.00155,-0.06506,-55.39144,-1.65519,-1.20581,44.57244,-0.31317,-0.23165,-0.2125,-6.77584,4.73444,-0.1143,-5.21405,0.64838,-0.00423,-0.00613
44.4,-0.50345,0.87408,0.59359,0.09455,-0.15344,0,0.84123,0.39977,0.58837,-2.86645,-0.00735,0.00504,-0.04232,-0.2626,-0.02054,0.03674,-0.33569,-0.04432,-0.00294,-0.06907,-60.92649,-1.84271,-0.69296,43.00995,-0.24515,-0.23215,-0.16863,-8.07886,3.31082,0.03657,-9.40497,1.05782,-0.0111,-0.00653
44.42,-0.32991,1.53873,0.66287,0.12467,-0.18917,0,1.25471,0.81671,0.72576,-3.45217,-0.00804,0.00488,-0.04472,-0.3348,-0.00802,0.05245,-0.33473,-0.05877,-0.00365,-0.06854,-66.15124,-1.95636,-0.05548,41.3011,-0.16005,-0.22948,-0.12692,-8.68297,0.78616,0.13132,-15.2382,1.57756,-0.01547,-0.01
44.44,-0.16695,2.14381,0.76802,0.15223,-0.22654,0,1.83904,1.28988,0.85928,-3.98037,-0.00845,0.00311,-0.0434,-0.39466,0.00504,0.07022,-0.33061,-0.0622,-0.00322,-0.06389,-71.01757,-1.91137,0.56557,39.40627,-0.05226,-0.22504,-0.09099,-8.43609,-2.5033,0.19146,-21.84902,2.1711,-0.01517,-0.02119
44.46,-0.03932,2.67959,0.91119,0.17719,-0.26434,0,2.55335,1.75186,0.94954,-4.42593,-0.00864,0.00034,-0.03829,-0.43641,0.0174,0.08944,-0.32386,-0.06001,-0.00232,-0.05587,-75.44201,-1.68998,1.01345,37.23036,0.08542,-0.21983,-0.06248,-7.46838,-5.97995,0.2451,-28.13365,2.78052,-0.00888,-0.04407
44.48,0.04311,3.13262,1.09,0.19907,-0.29922,0,3.38797,2.1703,0.98926,-4.75541,-0.00862,-0.00235,-0.02977,-0.45232,0.02816,0.10824,-0.31617,-0.05228,-0.00103,-0.04508,-79.28391,-1.41295,1.19576,34.61198,0.26044,-0.21159,-0.04087,-5.9234,-9.17141,0.32626,-33.13486,3.33166,0.00239,-0.07995
44.5,0.06713,3.46871,1.29147,0.21589,-0.32695,0,4.37115,2.53975,0.98055,-4.94902,-0.00821,-0.00384,-0.01893,-0.44142,0.03656,0.12356,-0.3112,-0.04408,-0.00022,-0.03366,-82.38288,-0.95143,1.08371,31.41659,0.47806,-0.20068,-0.0258,-3.74081,-11.33556,0.41421,-33.48824,3.70309,0.0149,-0.12507
44.52,0.02321,3.63608,1.48365,0.22563,-0.34249,0,5.52766,2.87921,0.94032,-4.99295,-0.00728,-0.00295,-0.00699,-0.40359,0.04186,0.13136,-0.31356,-0.03949,-0.00032,-0.02339,-84.23315,-0.3167,0.71433,27.43834,0.7398,-0.18728,-0.01617,-1.08312,-11.81974,0.40235,-27.47269,3.76378,0.02344,-0.17071
44.54,-0.07831,3.6403,1.6457,0.23126,-0.34164,0,6.75587,3.13856,0.87152,-4.88653,-0.00614,9e-05,0.00492,-0.33359,0.04454,0.12782,-0.32665,-0.03515,-0.00041,-0.01457,-84.02175,0.17296,0.1932,22.36057,1.04321,-0.16922,-0.0103,1.75365,-10.76162,0.29942,-18.80749,3.47547,0.02379,-0.20814
44.56,-0.20906,3.5067,1.76791,0.23706,-0.32265,0,7.94885,3.26443,0.78043,-4.65122,-0.00497,0.00394,0.01558,-0.23154,0.04527,0.11139,-0.35208,-0.03061,-0.00018,-0.00808,-80.98905,0.33988,-0.37271,15.93933,1.37966,-0.14604,-0.00696,4.86129,-8.24998,0.17503,-9.74126,2.84494,0.01302,-0.23087
44.58,-0.33244,3.21738,1.82089,0.2456,-0.28467,0,9.06391,3.28143,0.70034,-4.31692,-0.00374,0.00779,0.02402,-0.10513,0.04401,0.08327,-0.38948,-0.0279,0.00029,-0.00478,-74.48078,0.17528,-0.88648,8.19519,1.72955,-0.11945,-0.00496,8.45548,-4.07484,0.05361,-0.33145,1.88787,-0.0108,-0.23617
44.6,-0.40605,2.80669,1.80574,0.25555,-0.23182,0,10.17787,3.16559,0.60514,-3.93802,-0.00256,0.01068,0.02975,0.03213,0.04097,0.04796,-0.43532,-0.02662,0.00094,-0.00484,-64.76781,-0.24963,-1.28901,-0.46428,2.05241,-0.09307,-0.00489,12.48815,2.03565,-0.00113,8.88414,0.67121,-0.04118,-0.22053
44.62,-0.40095,2.31582,1.72522,0.26317,-0.16973,0,11.40761,2.90344,0.46584,-3.56757,-0.00144,0.01203,0.03273,0.17509,0.03648,0.01091,-0.48365,-0.02553,0.00153,-0.00797,-52.48032,-1.06482,-1.56533,-9.54606,2.29294,-0.06994,-0.00731,16.44266,9.7094,0.09197,15.90975,-0.69385,-0.06807,-0.18502
44.64,-0.3001,1.71957,1.55703,0.27086,-0.10028,0,12.67478,2.54333,0.33287,-3.23394,-0.00029,0.01244,0.03316,0.31906,0.0304,-0.02306,-0.52769,-0.02447,0.00206,-0.01357,-37.98683,-2.14374,-1.68193,-18.21845,2.39956,-0.05104,-0.01026,20.21424,18.33287,0.37631,19.60269,-2.08901,-0.09391,-0.1397
44.66,-0.10619,1.00194,1.30144,0.28139,-0.0266,-0,13.89975,2.12941,0.23546,-2.96447,0.00089,0.01237,0.03172,0.45158,0.02265,-0.04863,-0.55951,-0.02332,0.00259,-0.02089,-22.77379,-3.05751,-1.61972,-25.18522,2.33657,-0.03644,-0.01223,24.05884,27.73777,0.83578,20.69397,-3.43437,-0.12069,-0.08994
44.68,0.13842,0.16558,0.97388,0.29408,0.04747,-0,15.09574,1.69499,0.16646,-2.78415,0.00215,0.01195,0.02981,0.56427,0.01321,-0.06133,-0.56975,-0.02173,0.00299,-0.02909,-9.10711,-3.59571,-1.39806,-29.15248,2.10009,-0.02533,-0.01293,27.634,37.17173,1.43954,19.15841,-4.65981,-0.14114,-0.03565
44.7,0.41663,-0.66694,0.6355,0.29485,0.11412,-0,16.39595,1.21931,0.10421,-2.71307,0.00353,0.01189,0.02895,0.65706,0.0009,-0.0582,-0.54733,-0.02018,0.0032,-0.03691,1.09792,-3.48441,-1.12776,-29.94771,1.69657,-0.01669,-0.01207,30.63128,45.45433,2.07595,15.61453,-5.71586,-0.14932,0.02366
44.72,0.72476,-1.3303,0.33949,0.26283,0.16648,-0,17.90855,0.73144,0.04532,-2.75965,0.00511,0.01283,0.03063,0.73757,-0.01687,-0.0382,-0.4836,-0.01934,0.00313,-0.04279,7.03888,-2.77709,-0.87821,-27.82874,1.18714,-0.00978,-0.0098,32.77092,51.28443,2.57981,11.07267,-6.58527,-0.13991,0.08913
44.74,0.99084,-1.85031,0.0719,0.20627,0.20873,-0,19.46013,0.33495,0.01018,-2.91454,0.00676,0.01476,0.03628,0.7973,-0.04157,-0.0036,-0.37994,-0.01923,0.00252,-0.04632,9.14964,-1.92365,-0.61659,-22.55366,0.69744,-0.00444,-0.0064,33.83025,53.91259,2.93021,6.05375,-7.24,-0.10758,0.16192
44.76,1.13397,-2.24875,-0.15825,0.13818,0.24599,-0,20.88243,0.05692,-0.00103,-3.16062,0.00817,0.01786,0.04666,0.83063,-0.07398,0.04163,-0.247,-0.01985,0.0013,-0.04783,8.36276,-1.16983,-0.37004,-15.00995,0.30651,-0.00114,-0.00257,33.90385,53.4266,3.16079,1.09561,-7.66748,-0.05086,0.24298
44.78,1.12152,-2.45718,-0.31091,0.05656,0.27971,-0,22.08344,-0.11691,0.0027,-3.46708,0.00884,0.02238,0.06118,0.8543,-0.11595,0.09466,-0.10461,-0.02135,-0.00039,-0.0474,5.77855,-0.61757,-0.18189,-6.72438,0.04048,4e-05,0.00073,32.91084,49.95126,3.19942,-3.52922,-7.8813,0.02796,0.33215
44.8,1.00603,-2.42055,-0.358,-0.03372,0.30768,-0,23.12256,-0.19884,0.01842,-3.77143,0.00811,0.02865,0.07917,0.864,-0.15585,0.14504,0.01831,-0.02351,-0.0023,-0.04576,2.53116,-0.38692,-0.07169,1.23589,-0.10398,-0.0001,0.00291,31.19275,44.33722,3.01129,-7.33374,-7.92288,0.12306,0.42698
44.82,0.8302,-2.13055,-0.28007,-0.12683,0.32604,-0,24.04694,-0.20556,0.04522,-3.98444,0.00521,0.03709,0.09976,0.85017,-0.17317,0.17909,0.09394,-0.02598,-0.00384,-0.04381,2.87927,-0.63759,-0.02824,2.99349,-0.1568,-0.00013,0.00249,29.35062,37.60665,2.60163,-9.96177,-7.84157,0.22631,0.52341
44.84,0.572,-1.66303,-0.06691,-0.21486,0.33748,-0,24.50464,-0.15864,0.07973,-4.04904,-0.00044,0.04713,0.11984,0.83966,-0.17093,0.1997,0.10428,-0.02832,-0.00469,-0.04172,3.94569,-0.91942,0.00464,3.26075,-0.14942,0.00063,0.00184,27.15883,30.33928,1.97718,-11.70395,-7.63769,0.32982,0.61881
44.86,0.26943,-1.09271,0.26961,-0.29011,0.34429,-0,24.28475,-0.08366,0.11533,-3.93963,-0.00871,0.05831,0.13591,0.84722,-0.15638,0.21114,0.04738,-0.03015,-0.00488,-0.03961,4.21402,-1.03254,0.02853,3.63375,-0.10443,0.00232,0.00152,24.33195,23.04719,1.16943,-12.76403,-7.31017,0.4263,0.71089
44.88,0.00043,-0.47497,0.69158,-0.35175,0.34373,-0,23.48301,-0.00385,0.14214,-3.62719,-0.01837,0.07155,0.14518,0.85378,-0.12751,0.20885,-0.05977,-0.03167,-0.00446,-0.03768,3.66731,-0.95474,0.03271,4.1991,-0.04451,0.00463,0.00137,21.07772,16.14733,0.18435,-13.13734,-6.88496,0.50776,0.79483
44.9,-0.17682,0.12059,1.13451,-0.3864,0.32394,-0,22.11164,0.06129,0.1527,-3.14759,-0.02647,0.08652,0.14675,0.86811,-0.09704,0.19812,-0.18451,-0.03154,-0.00364,-0.036,2.87656,-0.8444,0.01284,4.39333,0.00999,0.00707,0.00128,17.35107,10.66152,-0.72861,-12.76615,-6.3866,0.57085,0.86858
44.92,-0.25756,0.61414,1.52256,-0.3846,0.26221,-0,20.30342,0.10958,0.1545,-2.56915,-0.02861,0.10213,0.14178,0.90404,-0.07529,0.18579,-0.28507,-0.02763,-0.00264,-0.03456,2.57213,-0.76604,-0.03909,3.95985,0.05196,0.00918,0.00108,13.10701,7.02316,-1.26953,-11.73365,-5.83992,0.6173,0.93181
44.94,-0.24154,0.95726,1.79971,-0.36884,0.19034,-0,18.30748,0.13974,0.1509,-1.92595,-0.01864,0.12128,0.1287,0.91779,-0.0594,0.16744,-0.33195,-0.0225,-0.00168,-0.0331,2.53589,-0.53572,-0.14769,3.3541,0.0801,0.01031,0.00074,8.65449,4.45907,-1.56839,-10.41832,-5.25482,0.64415,0.97957
44.96,-0.12161,1.14801,1.94481,-0.35292,0.11731,0,16.27356,0.14624,0.14236,-1.26879,0.00929,0.14648,0.10786,0.88116,-0.05015,0.14162,-0.31516,-0.01866,-0.00089,-0.03135,2.47455,-0.12642,-0.33655,2.69603,0.09288,0.01016,0.00037,4.25264,2.54066,-1.76953,-9.07741,-4.63967,0.64884,1.00794
44.98,0.07981,1.20851,1.96611,-0.3367,0.04266,0,14.29629,0.13196,0.13368,-0.67157,0.05302,0.17531,0.08395,0.80764,-0.05071,0.11273,-0.23904,-0.01502,-0.00033,-0.02909,2.46296,0.37812,-0.62777,1.83389,0.09457,0.00895,6e-05,-0.01007,1.22825,-1.8389,-7.79115,-4.01469,0.63421,1.01735
45,0.30808,1.1615,1.87266,-0.31946,-0.0327,0,12.42765,0.1073,0.14421,-0.20956,0.1249,0.21283,0.05876,0.67883,-0.05837,0.08229,-0.12381,-0.01301,-4e-05,-0.02582,2.858,0.91305,-1.02571,0.67733,0.09133,0.00709,-0.00012,-3.92761,0.49604,-1.69163,-6.60496,-3.39502,0.6128,1.01588
45.02,0.49935,1.03133,1.68673,-0.29956,-0.10696,0,10.71065,0.08411,0.18835,0.10364,0.24757,0.26373,0.03508,0.49739,-0.06726,0.05283,0.00681,-0.01307,8e-05,-0.02107,3.87467,1.42855,-1.49605,-0.68791,0.08852,0.00506,-0.00012,-7.40386,0.15652,-1.36533,-5.56246,-2.80211,0.59746,1.01103
45.04,0.65162,0.86613,1.45713,-0.27636,-0.16833,0,9.18801,0.06351,0.2319,0.28849,0.39231,0.31406,0.01798,0.30992,-0.07592,0.02745,0.13397,-0.01206,9e-05,-0.01509,4.91239,1.8699,-1.97136,-2.13899,0.0878,0.00328,-0,-10.68772,-0.03969,-1.03118,-4.7306,-2.26263,0.58351,0.99779
45.06,0.77439,0.70258,1.21933,-0.2512,-0.21025,0,7.86288,0.04449,0.25213,0.35123,0.52052,0.35201,0.00801,0.13439,-0.0857,0.00728,0.24315,-0.00883,5e-05,-0.00808,5.54365,2.17869,-2.37822,-3.66685,0.08909,0.00148,-0.00021,-13.97764,-0.14762,-0.75464,-4.12568,-1.79099,0.56597,0.97059
45.08,0.84512,0.55436,0.98949,-0.22337,-0.23399,0,6.70726,0.02904,0.25404,0.31254,0.63008,0.37633,0.00304,-0.02948,-0.09817,-0.0067,0.32749,-0.0041,-1e-05,-0.00026,5.83705,2.33149,-2.64422,-5.236,0.09279,-0.00178,-0.00164,-17.24202,-0.16146,-0.51023,-3.7172,-1.39279,0.54699,0.92762
45.1,0.85481,0.42506,0.78612,-0.19263,-0.23956,0,5.71853,0.01654,0.22902,0.21099,0.70515,0.38479,0.00121,-0.17665,-0.10851,-0.01698,0.38548,0.00144,-5e-05,0.00767,6.69991,2.37618,-2.78354,-5.52741,0.0922,-0.00783,-0.00421,-20.7003,-0.15596,-0.2324,-3.47402,-1.06845,0.53304,0.87088
45.12,0.79651,0.31306,0.62768,-0.15967,-0.22934,0,4.89687,0.00289,0.18314,0.08898,0.73247,0.37907,0.00086,-0.30019,-0.10589,-0.02536,0.41887,0.00736,-0.00011,0.01611,7.69179,2.38269,-2.79521,-3.33501,0.07701,-0.01537,-0.00647,-24.52103,-0.25923,0.0662,-3.35639,-0.8178,0.52851,0.80225
45.14,0.66416,0.22498,0.51572,-0.12642,-0.20827,0,4.20684,-0.01566,0.13603,-0.03581,0.72571,0.3628,0.00098,-0.39426,-0.09684,-0.02939,0.43174,0.01313,-0.0002,0.02442,7.11029,2.33952,-2.61666,0.00369,0.05033,-0.02544,-0.00874,-28.34439,-0.41256,0.27031,-3.3089,-0.6395,0.52238,0.71503
45.16,0.46077,0.16364,0.44058,-0.09454,-0.18015,0,3.60996,-0.03996,0.09394,-0.15261,0.69708,0.33817,0.00112,-0.45568,-0.09224,-0.02797,0.4277,0.01799,-0.00036,0.03098,4.48742,2.27255,-2.30725,3.8564,0.01485,-0.03803,-0.01037,-31.86304,-0.50833,0.29585,-3.26457,-0.52221,0.50117,0.60675
45.18,0.19731,0.12305,0.39225,-0.06517,-0.14742,0,3.0807,-0.07029,0.05584,-0.24854,0.65321,0.30794,0.00114,-0.48109,-0.09095,-0.02196,0.40911,0.02169,-0.0006,0.03561,-0.70849,2.24343,-1.9502,7.25699,-0.02677,-0.05157,-0.01001,-35.01312,-0.54571,0.01907,-3.14082,-0.44851,0.45927,0.48509
45.2,-0.10471,0.09697,0.36848,-0.03997,-0.11158,0,2.62088,-0.10284,0.02072,-0.30104,0.59158,0.27531,0.00107,-0.47367,-0.08844,-0.01306,0.37726,0.02416,-0.0009,0.0378,-8.53383,2.29544,-1.62406,9.06564,-0.06712,-0.06155,-0.00635,-37.93784,-0.57035,-0.60387,-2.87271,-0.39759,0.39635,0.36232
45.22,-0.42902,0.07828,0.36298,-0.0202,-0.07444,0,2.23185,-0.13024,-0.011,-0.29735,0.51125,0.24359,0.001,-0.43883,-0.07793,-0.00152,0.33294,0.02548,-0.00124,0.03734,-18.24698,2.44726,-1.34738,8.28765,-0.09658,-0.0623,-0.00022,-40.86313,-0.63137,-1.39646,-2.42265,-0.34854,0.31371,0.24965
45.24,-0.75934,0.06208,0.36139,-0.00643,-0.0379,0,1.88312,-0.15193,-0.03888,-0.26591,0.42833,0.21323,0.00093,-0.37782,-0.06288,0.01346,0.2774,0.02599,-0.00156,0.03558,-28.84333,2.74434,-1.15901,4.52275,-0.10886,-0.04859,0.00697,-43.7677,-0.75674,-2.26312,-1.76797,-0.29151,0.21849,0.15501
45.26,-1.07286,0.04455,0.35807,0.00124,-0.0028,0,1.55567,-0.1693,-0.06294,-0.22966,0.35199,0.18327,0.00085,-0.29527,-0.0475,0.03081,0.21212,0.02598,-0.00179,0.03353,-39.08535,3.20848,-1.06312,-1.86505,-0.09679,-0.01626,0.01426,-46.72289,-0.99168,-3.15437,-0.94119,-0.22489,0.1256,0.08315
45.28,-1.34959,0.02161,0.35451,0.00317,0.03041,0,1.24932,-0.18023,-0.08227,-0.19176,0.27995,0.15342,0.00074,-0.20073,-0.02763,0.04918,0.1391,0.02567,-0.00191,0.0314,-47.75203,3.80086,-0.94887,-10.25213,-0.05301,0.03298,0.0187,-49.84797,-1.37825,-3.87992,-0.02626,-0.15056,0.0501,0.03452
45.3,-1.58097,-0.00893,0.35144,0.00012,0.06084,0,0.96394,-0.18542,-0.09622,-0.15442,0.20977,0.12277,0.00064,-0.10718,-0.0098,0.06751,0.06153,0.02523,-0.00187,0.02945,-51.71906,4.40328,-0.85869,-16.82415,0.02762,0.09605,0.02084,-53.35001,-1.94222,-4.594,0.85621,-0.07699,0.00241,0.00669
45.32,-1.76281,-0.04693,0.34884,-0.00712,0.08692,0,0.70106,-0.18589,-0.10472,-0.11906,0.14066,0.09067,0.00056,-0.0258,0.00031,0.08508,-0.01653,0.0248,-0.00161,0.02779,-48.72733,4.77764,-0.96854,-18.3795,0.13981,0.16963,0.02636,-57.30339,-2.68589,-5.5717,1.52532,-0.01525,-0.01564,-0.005
45.34,-1.87349,-0.0893,0.34524,-0.01794,0.10817,0,0.46088,-0.1804,-0.10768,-0.08959,0.07442,0.05707,0.0004,0.03572,0.00891,0.10027,-0.09145,0.02444,-0.00123,0.02634,-40.40078,4.85935,-1.12983,-16.84869,0.27268,0.24415,0.03377,-61.12291,-3.56013,-6.61713,1.70713,0.02482,-0.00877,-0.00558
45.36,-1.8863,-0.12936,0.33676,-0.03157,0.12523,0,0.2427,-0.16887,-0.10562,-0.06749,0.01192,0.02201,9e-05,0.07161,0.01861,0.11186,-0.161,0.02413,-0.00081,0.02503,-27.83224,4.7212,-1.14773,-13.68861,0.41627,0.31227,0.04016,-64.05969,-4.48235,-7.51763,1.02717,0.03718,0.01376,0.00025
45.38,-1.78005,-0.15628,0.31792,-0.04691,0.13874,0,0.04602,-0.15272,-0.09968,-0.04979,-0.04669,-0.01403,-0.0004,0.0807,0.02677,0.12061,-0.22379,0.0238,-0.00041,0.0237,-10.68478,4.40445,-1.03436,-8.65516,0.55147,0.37158,0.047,-65.43246,-5.31682,-8.28847,-0.9518,0.02085,0.03995,0.00795
45.4,-1.60581,-0.15979,0.28381,-0.06368,0.14912,0,-0.12908,-0.13416,-0.09114,-0.03567,-0.09951,-0.0497,-0.0011,0.06642,0.0275,0.12566,-0.27872,0.02331,-0.0001,0.02226,11.30707,4.04767,-0.69527,-1.35936,0.63294,0.40993,0.05443,-64.35094,-6.2064,-8.79306,-4.62094,-0.0209,0.05823,0.01363
45.42,-1.43104,-0.13403,0.23177,-0.08285,0.15689,0,-0.28002,-0.11553,-0.08131,-0.02516,-0.14404,-0.08275,-0.00196,0.03495,0.01912,0.12604,-0.32507,0.0225,9e-05,0.02062,35.09875,3.82874,-0.18012,5.9316,0.60319,0.40606,0.06201,-59.98075,-7.36549,-8.71771,-10.09744,-0.07399,0.05956,0.01442
45.44,-1.2139,-0.08107,0.16318,-0.10309,0.1639,0,-0.40319,-0.09813,-0.07161,-0.01579,-0.17785,-0.11068,-0.00296,-0.00668,0.00486,0.12396,-0.36266,0.02129,0.00019,0.01873,58.0481,3.74332,0.24208,10.76499,0.43144,0.35267,0.06617,-51.89472,-8.27391,-8.00125,-16.99276,-0.12831,0.04139,0.00929
45.46,-0.93662,-0.02287,0.08664,-0.12232,0.17176,0,-0.49377,-0.08283,-0.06329,-0.00612,-0.20107,-0.13144,-0.00403,-0.05076,-0.01625,0.12122,-0.39205,0.01968,0.0002,0.01667,80.84406,3.7694,0.4316,13.38623,0.0986,0.25636,0.06115,-40.51886,-8.3826,-6.74749,-24.27072,-0.18423,0.00874,-0.00066
45.48,-0.64888,0.00046,0.01645,-0.14052,0.18091,0,-0.54383,-0.07095,-0.05705,0.00271,-0.22487,-0.14407,-0.00496,-0.08961,-0.04656,0.11785,-0.4142,0.01779,0.00017,0.01483,102.64842,3.87198,0.2846,13.705,-0.39698,0.13382,0.04449,-27.18348,-7.52676,-5.0179,-30.32238,-0.22734,-0.03056,-0.0129
45.5,-0.38651,-0.05301,-0.0297,-0.15722,0.19127,0,-0.54325,-0.06352,-0.05391,0.00974,-0.22461,-0.14478,-0.00534,-0.11566,-0.08562,0.11158,-0.43081,0.01569,0.00012,0.01355,121.28555,3.89912,-0.24364,11.52095,-1.00824,0.01695,0.01906,-13.85672,-5.67483,-3.41357,-33.57537,-0.28125,-0.06202,-0.0234
45.52,-0.16747,-0.20057,-0.03738,-0.17181,0.20179,0,-0.48296,-0.06147,-0.05506,0.01222,-0.16497,-0.1283,-0.00454,-0.1229,-0.12976,0.10042,-0.44357,0.01354,8e-05,0.01321,133.27241,3.6603,-1.08968,6.94253,-1.64409,-0.06765,-0.00803,-2.71357,-3.1838,-2.27201,-33.11059,-0.3576,-0.07262,-0.02851
45.54,0.01145,-0.43166,-0.00223,-0.18358,0.21175,0,-0.36041,-0.06585,-0.05921,0.00613,-0.0977,-0.0958,-0.0027,-0.11065,-0.17749,0.08545,-0.45245,0.01162,6e-05,0.01417,137.89136,3.12367,-2.27915,1.84322,-2.20969,-0.10817,-0.02733,4.82615,-0.41184,-1.34104,-28.81137,-0.393,-0.06718,-0.02757
45.56,0.15643,-0.71944,0.07596,-0.19149,0.221,0,-0.18483,-0.07632,-0.06361,-0.00639,-0.03692,-0.04505,-0.00022,-0.08245,-0.22878,0.06737,-0.45634,0.01008,7e-05,0.01637,136.63598,2.36232,-3.80074,-1.58624,-2.64051,-0.10667,-0.0302,8.31708,2.26576,-0.60066,-21.48646,-0.36348,-0.05357,-0.0217
45.58,0.29061,-1.01482,0.19215,-0.19486,0.22897,0,0.02231,-0.0899,-0.06662,-0.02205,0.03929,0.02701,0.00249,-0.04424,-0.28129,0.04602,-0.45378,0.00891,8e-05,0.01917,128.49295,1.48124,-5.46172,-2.28074,-2.8864,-0.0778,-0.01438,7.98895,4.48302,-0.15152,-12.53317,-0.28708,-0.03575,-0.0129
45.6,0.39891,-1.2722,0.33521,-0.18941,0.23434,0,0.23026,-0.10126,-0.06556,-0.0316,0.14203,0.11479,0.00516,-0.00411,-0.32729,0.02148,-0.4425,0.00808,0.00011,0.022,115.78638,0.56011,-7.33939,0.81916,-2.97749,-0.03866,0.01588,4.98356,5.88442,-0.00095,-3.433,-0.19401,-0.01842,-0.00396
45.62,0.41072,-1.45398,0.48942,-0.17132,0.23603,0,0.40729,-0.10324,-0.0589,-0.03219,0.36146,0.21469,0.00811,0.02943,-0.35727,-0.00308,-0.41995,0.00752,0.00013,0.02441,102.17275,-0.32467,-9.33215,6.36859,-2.981,-0.0044,0.04967,1.63759,6.34726,-0.09362,4.37888,-0.10705,-0.00548,0.00248
45.64,0.36374,-1.52594,0.63182,-0.14235,0.23459,0,0.52727,-0.09006,-0.04905,-0.03307,0.62982,0.30185,0.01033,0.04955,-0.37235,-0.02347,-0.38425,0.00716,0.00016,0.02527,86.94648,-0.93126,-10.52167,12.61281,-2.87877,0.01661,0.07716,1.55926,5.58309,-0.28066,6.0213,-0.06245,0.00107,0.00294
45.66,0.32921,-1.47764,0.73526,-0.10434,0.2305,0,0.57677,-0.05982,-0.04038,-0.03459,0.78506,0.34563,0.01034,0.0521,-0.37461,-0.03809,-0.33527,0.00696,0.00015,0.02377,69.60184,-1.23574,-10.57483,19.16535,-2.66588,0.02454,0.09364,2.77433,4.55599,-0.52908,4.82378,-0.0391,-0.00222,-0.00415
45.68,0.3147,-1.32612,0.77483,-0.05817,0.22359,0,0.55432,-0.01532,-0.03528,-0.03486,0.81217,0.33973,0.0084,0.03534,-0.36102,-0.04574,-0.27502,0.00693,0.00013,0.02009,51.55879,-1.34833,-9.59634,25.21067,-2.3894,0.02278,0.09648,3.85124,3.60186,-1.04434,3.50339,-0.01706,-0.01091,-0.01548
45.7,0.28819,-1.11103,0.74038,-0.00545,0.21382,0,0.46808,0.036,-0.03383,-0.02986,0.66029,0.28602,0.00488,-0.00085,-0.33419,-0.04598,-0.20768,0.00708,0.0001,0.01441,34.86827,-1.3404,-7.73343,30.09336,-2.08511,0.01614,0.08655,4.65165,2.56887,-1.89613,2.2224,-0.00559,-0.01817,-0.0264
45.72,0.20991,-0.88251,0.64556,0.0488,0.20172,0,0.32763,0.08655,-0.03147,-0.02075,0.35496,0.19714,0.00086,-0.05418,-0.29799,-0.03902,-0.13824,0.00741,6e-05,0.00743,21.06128,-1.35253,-5.46916,33.46237,-1.78425,0.00764,0.06554,5.03351,1.41543,-2.9059,1.22708,0.00371,-0.01968,-0.03136
45.74,0.12974,-0.67772,0.4998,0.10019,0.18838,0,0.14055,0.13001,-0.0268,-0.01259,0.06133,0.09768,-0.00189,-0.12146,-0.2529,-0.02514,-0.07115,0.00793,2e-05,0.00024,9.12622,-1.55393,-3.22444,35.47228,-1.51052,-0.00163,0.03539,4.9555,0.23524,-3.97395,0.63267,0.02072,-0.01654,-0.02935
45.76,0.10018,-0.52377,0.32036,0.14887,0.17507,0,-0.08469,0.16152,-0.02054,-0.00705,-0.1492,0.00619,-0.00343,-0.20069,-0.20064,-0.00496,-0.01055,0.00857,0,-0.00656,-1.9435,-2.03356,-1.22327,36.5032,-1.27529,-0.01038,-0.00013,4.50747,-0.91811,-5.0555,0.23234,0.03627,-0.00958,-0.02205
45.78,0.10967,-0.43932,0.14538,0.19557,0.16377,0,-0.33804,0.17938,-0.01327,-0.00401,-0.27423,-0.06716,-0.00458,-0.28924,-0.14475,0.02042,0.03941,0.00916,-1e-05,-0.0126,-11.96787,-2.78077,0.36558,36.70642,-1.08419,-0.01741,-0.0357,3.8575,-1.99027,-5.9737,-0.30134,0.04709,0.00231,-0.01013
45.8,0.14844,-0.42781,-0.01314,0.23883,0.15705,0,-0.60857,0.18268,-0.00669,-0.00287,-0.29987,-0.11657,-0.0057,-0.38069,-0.09079,0.04964,0.07441,0.00948,-1e-05,-0.01756,-20.94051,-3.70842,1.39935,36.32039,-0.93817,-0.02272,-0.06492,3.38335,-2.91648,-6.51287,-1.21668,0.05184,0.01637,0.00391
45.82,0.20085,-0.48481,-0.15354,0.27488,0.15811,0,-0.8895,0.17112,-0.0021,-0.00263,-0.18319,-0.13843,-0.00638,-0.46511,-0.04223,0.08191,0.0905,0.00931,-3e-05,-0.02107,-28.88479,-4.68451,1.8191,35.60358,-0.83499,-0.02704,-0.08156,3.22686,-3.68199,-6.57148,-2.43746,0.0499,0.03132,0.01771
45.84,0.26619,-0.60568,-0.25442,0.30566,0.17041,0,-1.17965,0.14458,0.0008,-0.00189,0.00046,-0.14081,-0.00721,-0.53869,0.00049,0.11607,0.08473,0.00842,-6e-05,-0.02309,-36.33122,-5.57353,1.59944,34.85026,-0.76822,-0.02894,-0.08098,3.0542,-4.25195,-6.22884,-3.94868,0.04267,0.05112,0.0299
45.86,0.35409,-0.78267,-0.3058,0.33559,0.19675,0,-1.48153,0.10309,0.00274,0.00057,0.15103,-0.13588,-0.00821,-0.60095,0.03584,0.15066,0.05624,0.00671,-9e-05,-0.02378,-43.9033,-6.28935,0.79471,34.31137,-0.7294,-0.02662,-0.06251,2.77071,-4.56246,-5.58397,-5.82343,0.02894,0.07597,0.0389
45.88,0.4526,-1.00001,-0.31679,0.36511,0.23871,0,-1.80418,0.04759,0.00399,0.00619,0.27472,-0.12617,-0.0082,-0.64888,0.06248,0.18486,0.00684,0.0043,-0.0001,-0.02321,-51.62589,-6.83251,-0.3987,34.04176,-0.71032,-0.01879,-0.03029,2.53908,-4.53851,-4.61049,-7.18764,0.00427,0.09882,0.04149
45.9,0.5637,-1.23319,-0.29869,0.39304,0.2952,0,-2.15948,-0.02043,0.00432,0.01559,0.32495,-0.11755,-0.00783,-0.6842,0.08002,0.21899,-0.05926,0.00145,0,-0.02171,-59.85598,-7.17455,-1.67775,34.29051,-0.69799,-0.00397,0.00743,2.22013,-4.06493,-3.31316,-6.05945,-0.03097,0.10768,0.03331
45.92,0.67892,-1.45237,-0.26151,0.41714,0.3629,0,-2.56244,-0.0983,0.00336,0.02916,0.27197,-0.11595,-0.00794,-0.71067,0.08877,0.25424,-0.13598,-0.00146,0.00031,-0.01962,-68.93983,-7.28343,-2.55452,35.27168,-0.67958,0.01804,0.04167,1.44841,-3.31167,-2.1028,-4.68981,-0.06191,0.10969,0.02125
45.94,0.76369,-1.63459,-0.2135,0.43808,0.43917,0,-3.02339,-0.18485,0.00162,0.04655,0.19749,-0.11498,-0.00725,-0.72975,0.08825,0.28956,-0.21757,-0.00404,0.0009,-0.01697,-78.2904,-7.27624,-2.76897,36.59308,-0.65132,0.04586,0.06573,0.46209,-2.36606,-1.08986,-3.99055,-0.0722,0.10338,0.00755
45.96,0.78555,-1.76141,-0.16216,0.45744,0.52118,0,-3.54528,-0.28101,-6e-05,0.06353,0.14691,-0.11036,-0.00528,-0.74425,0.07808,0.32388,-0.29974,-0.00601,0.0018,-0.01382,-87.40464,-7.2289,-2.41924,37.90109,-0.60946,0.07443,0.07587,-0.51686,-1.39019,-0.31418,-4.89088,-0.05025,0.08806,-0.00543
45.98,0.71766,-1.81202,-0.11366,0.47426,0.60485,0,-4.12773,-0.38913,-0.00065,0.07279,0.10642,-0.10482,-0.00274,-0.75815,0.05908,0.35842,-0.37878,-0.00708,0.00289,-0.01028,-95.91225,-7.04947,-1.66758,38.96247,-0.55031,0.09628,0.07276,-1.38475,-0.57368,0.2682,-8.34668,0.01498,0.06521,-0.01595
46,0.5507,-1.75796,-0.0735,0.48355,0.67833,0,-4.7576,-0.50374,0.00071,0.07368,0.07998,-0.097,3e-05,-0.77969,0.03155,0.39296,-0.45107,-0.00697,0.00437,-0.00642,-103.87982,-6.56898,-0.85968,39.38976,-0.47111,0.10437,0.05981,-2.0124,-0.07902,0.73531,-14.03763,0.11714,0.03938,-0.0226
46.02,0.26884,-1.57538,-0.04391,0.47726,0.70615,0,-5.42777,-0.60964,0.00397,0.07618,0.07065,-0.08552,0.00256,-0.81772,-0.00296,0.42645,-0.51358,-0.00543,0.00658,-0.00228,-111.44438,-5.71132,-0.27424,38.85329,-0.36744,0.09557,0.0415,-2.38625,0.04028,1.12575,-20.0711,0.23206,0.01752,-0.02584
46.04,-0.14607,-1.27162,-0.02174,0.45682,0.6553,0,-6.15723,-0.70492,0.00853,0.08518,0.06587,-0.07454,0.00447,-0.87041,-0.04198,0.45928,-0.5654,-0.00218,0.009,0.00207,-117.785,-4.53939,0.06767,37.0161,-0.23844,0.07321,0.02218,-2.71749,-0.14915,1.45994,-24.95372,0.33878,0.00629,-0.02801
46.06,-0.68019,-0.86718,-0.00344,0.42538,0.60183,0,-6.97442,-0.79334,0.0133,0.10147,0.06025,-0.06625,0.00582,-0.93202,-0.08435,0.49112,-0.60804,0.00296,0.01106,0.00652,-121.95301,-3.17154,0.17747,33.41815,-0.08351,0.04439,0.00427,-3.24894,-0.50097,1.76358,-27.60429,0.41747,0.0086,-0.03202
46.08,-1.29114,-0.3893,0.01248,0.37822,0.54407,0,-7.9079,-0.86732,0.01621,0.13319,0.05563,-0.05954,0.00613,-0.9983,-0.12885,0.51994,-0.64481,0.00992,0.01274,0.01083,-122.99851,-1.75219,0.10384,27.59311,0.09832,0.01605,-0.01121,-4.12211,-0.86467,2.0469,-27.279,0.44625,0.02202,-0.04032
46.1,-1.92221,0.11558,0.02332,0.32397,0.48089,0,-9.04509,-0.91453,0.01448,0.23678,0.04878,-0.05671,0.0074,-1.05529,-0.17232,0.54048,-0.68214,0.01839,0.01423,0.01472,-120.12566,-0.35939,-0.14819,19.35866,0.30145,-0.00722,-0.02388,-5.05283,-1.02668,2.18231,-21.04582,0.3715,0.04053,-0.05222
46.12,-2.51315,0.58471,0.02464,0.27196,0.41047,0,-10.48379,-0.91778,0.00702,0.47274,0.03834,-0.06021,0.0126,-1.08416,-0.2094,0.54588,-0.72744,0.02782,0.01583,0.01791,-112.70992,0.60952,-0.62604,8.732,0.50899,-0.0237,-0.03419,-5.32297,-0.72382,1.90232,-8.90698,0.14702,0.0601,-0.06441
46.14,-2.96778,0.9484,0.01755,0.21461,0.33342,0,-12.20292,-0.87488,-0.00149,0.80521,0.02846,-0.06731,0.01817,-1.07717,-0.23731,0.53417,-0.78374,0.03712,0.01757,0.01994,-100.02824,0.77644,-1.21689,-4.05032,0.69987,-0.03303,-0.04231,-4.40541,0.3242,1.30702,4.2887,-0.23961,0.07393,-0.07495
46.16,-3.17843,1.14338,0.00591,0.14773,0.25193,0,-14.13823,-0.78916,-0.00204,1.17079,0.02032,-0.07572,0.01963,-1.0297,-0.25535,0.50626,-0.8502,0.04479,0.01953,0.02032,-82.3418,0.23638,-1.75049,-18.26111,0.8554,-0.03554,-0.0484,-1.76737,2.54039,0.66075,16.56595,-0.82318,0.07263,-0.08135
46.18,-3.07641,1.10376,-0.00456,0.07391,0.16576,0,-16.20312,-0.65549,0.01628,1.52449,0.01245,-0.08635,0.0149,-0.93496,-0.2615,0.46302,-0.92286,0.04897,0.02206,0.01887,-60.99529,-0.7814,-2.10936,-32.69128,0.95977,-0.03256,-0.0528,3.20526,6.35701,0.12302,26.8237,-1.62057,0.05297,-0.07981
46.2,-2.69813,0.81182,-0.00322,0.01234,0.07604,0,-18.33669,-0.49382,0.06473,1.88195,0.00436,-0.09464,0.00113,-0.80178,-0.25448,0.40851,-0.99023,0.04819,0.02562,0.01543,-37.99696,-1.9703,-2.28329,-45.98732,0.96906,-0.02645,-0.05614,10.55918,12.02006,-0.00283,33.71452,-2.59877,0.01663,-0.06773
46.22,-2.19056,0.3236,0.02382,-0.02096,-0.01543,-0,-20.41411,-0.32662,0.15023,2.24526,-0.00388,-0.09258,-0.02273,-0.63923,-0.23417,0.34833,-1.03742,0.04142,0.03088,0.01006,-15.76383,-3.06002,-2.30688,-56.72069,0.83964,-0.02049,-0.05889,19.41318,19.32169,0.32074,36.43331,-3.6935,-0.02813,-0.04463
46.24,-1.59599,-0.32428,0.08745,-0.04103,-0.10693,-0,-22.0975,-0.16718,0.27266,2.49988,-0.01182,-0.07769,-0.05623,-0.44371,-0.20383,0.28825,-1.05444,0.02758,0.03828,0.00298,3.33896,-3.63771,-2.13392,-62.98814,0.60752,-0.01808,-0.06003,28.62144,27.66561,0.94798,35.00992,-4.80451,-0.07257,-0.01303
46.26,-1.03361,-1.09517,0.18671,-0.05711,-0.19629,-0,-22.81033,-0.04223,0.42666,2.53522,-0.01789,-0.05386,-0.09545,-0.21995,-0.16765,0.23236,-1.03591,0.00773,0.04807,-0.00535,17.10631,-3.52293,-1.77222,-63.24834,0.33969,-0.02143,-0.05844,37.54987,36.31911,1.78558,30.65227,-5.81722,-0.10847,0.02476
46.28,-0.65794,-1.90445,0.3155,-0.06507,-0.28261,-0,-22.52768,0.01538,0.59908,2.39265,-0.0219,-0.02783,-0.13703,0.01691,-0.1282,0.18241,-0.98133,-0.01513,0.06058,-0.0143,24.18428,-2.90906,-1.30204,-57.20285,0.09066,-0.0303,-0.05361,45.09653,44.16563,2.59936,23.94309,-6.61516,-0.12667,0.06667
46.3,-0.29154,-2.56437,0.4817,-0.0652,-0.36027,-0,-21.9455,-0.0115,0.76342,2.18731,-0.01984,0.014,-0.17463,0.25,-0.09215,0.14277,-0.89568,-0.03703,0.07379,-0.02284,24.51181,-1.94727,-0.90627,-46.18103,-0.12964,-0.04139,-0.04632,50.88749,49.96799,3.15734,16.56959,-7.13769,-0.12414,0.11027
46.32,0.06997,-2.89878,0.66509,-0.06043,-0.42336,-0,-21.11985,-0.06524,0.88318,1.94302,-0.00547,0.08601,-0.19326,0.47549,-0.06369,0.11547,-0.7892,-0.05249,0.08423,-0.02956,19.80301,-1.14604,-0.64441,-31.65505,-0.28296,-0.04919,-0.03782,55.3231,52.73892,3.31114,10.23727,-7.38912,-0.10287,0.15322
46.34,0.19232,-2.93285,0.84273,-0.05494,-0.4751,-0,-20.12023,-0.10544,0.9162,1.65403,0.011,0.16022,-0.2,0.68794,-0.04001,0.09623,-0.67572,-0.06025,0.09144,-0.03394,12.28232,-0.73255,-0.42731,-15.30252,-0.31091,-0.04922,-0.02715,57.80315,52.19615,3.12481,4.95121,-7.38218,-0.0673,0.19333
46.36,0.0371,-2.75864,0.97629,-0.05122,-0.52027,-0,-18.75238,-0.13706,0.86623,1.30313,0.02041,0.20445,-0.20009,0.8792,-0.01968,0.08146,-0.56795,-0.06279,0.09516,-0.03614,3.67873,-0.52104,-0.24339,0.08567,-0.24746,-0.03961,-0.01429,57.78192,48.65656,2.74076,0.71749,-7.14713,-0.02385,0.22896
46.38,-0.23195,-2.43355,0.98741,-0.04993,-0.56157,-0,-16.4854,-0.132,0.7595,0.8926,0.02628,0.21614,-0.18128,1.05644,-0.00349,0.06936,-0.47704,-0.06095,0.09355,-0.03621,-0.23561,-0.4553,-0.12152,6.17523,-0.17239,-0.02462,-0.00456,55.30366,42.54708,2.21214,-2.15912,-6.74044,0.02062,0.25814
46.4,-0.48966,-1.95161,0.93069,-0.05264,-0.59083,-0,-14.2504,-0.0549,0.59925,0.46238,0.03054,0.19393,-0.15975,1.22907,0.00824,0.05897,-0.4141,-0.05736,0.08629,-0.03467,-0.66439,-0.40612,-0.01754,6.05932,-0.1187,-0.0075,0.00287,50.69816,35.3068,1.67576,-3.44396,-6.22771,0.05985,0.27966
46.42,-0.72885,-1.36646,0.87381,-0.05984,-0.60045,-0,-12.45621,0.14484,0.41388,0.02581,0.0406,0.13802,-0.14664,1.40613,0.01853,0.04942,-0.38916,-0.05453,0.07399,-0.03214,-0.91709,-0.30452,0.0785,5.44779,-0.07482,0.01147,0.01006,44.60482,28.27804,1.24018,-3.2473,-5.66793,0.08953,0.29242
46.44,-0.8982,-0.76243,0.81072,-0.06823,-0.57131,-0,-10.73265,0.37201,0.245,-0.40329,0.05076,0.0799,-0.13419,1.60048,0.0295,0.03807,-0.40964,-0.05124,0.05675,-0.02886,-1.07132,-0.19046,0.14861,4.64557,-0.02655,0.0289,0.01551,37.18575,21.49793,0.87289,-2.042,-5.09069,0.10559,0.29321
46.46,-0.92034,-0.18437,0.72041,-0.07424,-0.41018,-0,-8.82307,0.53641,0.1152,-0.81875,0.05558,0.0374,-0.11843,1.82266,0.04065,0.0232,-0.47955,-0.04661,0.03628,-0.02501,-1.28891,-0.09481,0.18505,3.83299,0.02619,0.04143,0.01888,28.59197,15.08419,0.55524,-0.09957,-4.51409,0.1044,0.27871
46.48,-0.81647,0.35196,0.6173,-0.07621,-0.24273,-0,-6.81602,0.65537,0.03011,-1.20991,0.05584,0.01205,-0.10356,2.07707,0.05317,0.00441,-0.59968,-0.04107,0.01564,-0.02082,-1.4792,-0.03047,0.1891,3.02742,0.0754,0.04808,0.0205,19.31102,9.47208,0.29876,2.46086,-3.95651,0.08397,0.24647
46.5,-0.66879,0.83331,0.53065,-0.07143,-0.07851,-0,-5.07049,0.67789,-0.00155,-1.54979,0.05633,-0.00101,-0.08872,2.38894,0.06906,-0.01912,-0.76742,-0.03461,-0.00287,-0.01652,-1.04572,-0.0039,0.17429,1.96826,0.11609,0.05021,0.02002,10.41869,5.13875,0.11798,5.39719,-3.44541,0.04417,0.19503
46.52,-0.53796,1.25582,0.46881,-0.058,0.06391,-0,-3.77553,0.58616,-0.00643,-1.80368,0.06096,0.00447,-0.07264,2.78873,0.09072,-0.04964,-0.97757,-0.02744,-0.01538,-0.01221,0.41905,0.0058,0.16647,0.62994,0.14613,0.04946,0.01722,2.9325,2.13839,-0.00884,8.24038,-3.002,-0.01483,0.12363
46.54,-0.39767,1.60966,0.40345,-0.0364,0.16904,-0,-2.64497,0.46055,-0.00546,-1.96332,0.06338,0.02652,-0.05765,3.27396,0.11819,-0.08999,-1.22411,-0.02021,-0.02051,-0.00767,2.14253,0.02161,0.16523,-0.88777,0.15513,0.04515,0.01331,-3.78766,0.21131,-0.12317,10.85246,-2.61539,-0.09172,0.03288
46.56,-0.24225,1.88775,0.33035,-0.00818,0.23562,-0,-1.58654,0.34183,0.00659,-2.03587,0.06039,0.0485,-0.04459,3.83929,0.1492,-0.14189,-1.49953,-0.01313,-0.02065,-0.00264,3.49138,0.04088,0.15806,-2.76189,0.13093,0.03743,0.00923,-10.29798,-0.71309,-0.23238,13.33732,-2.27646,-0.17916,-0.07158
46.58,-0.10761,2.10409,0.27932,0.02416,0.26631,-0,-0.69538,0.22906,0.02964,-2.02563,0.05555,0.06484,-0.03285,4.48649,0.18177,-0.20598,-1.79164,-0.00594,-0.01747,0.00323,4.40834,0.0566,0.14426,-5.15054,0.07114,0.02765,0.00526,-16.21569,-0.75337,-0.3426,15.61608,-1.98809,-0.26496,-0.17808
46.6,-0.01314,2.22921,0.23681,0.05677,0.26662,-0,-0.01301,0.11753,0.05132,-1.94535,0.04566,0.07034,-0.02342,5.2574,0.21624,-0.28574,-2.07348,0.00187,-0.01327,0.01041,9.09158,0.0613,0.15479,-2.73403,-0.01698,0.01083,0.00013,-22.12672,-0.13762,-0.47013,17.82456,-1.74172,-0.33342,-0.27005
46.62,0.03522,2.22868,0.18517,0.08511,0.24378,-0,0.49711,0.01474,0.0563,-1.81129,0.03078,0.06287,-0.01677,6.20517,0.25338,-0.38714,-2.3062,0.01157,-0.00955,0.01935,12.36205,0.03779,0.1455,2.03331,-0.1768,-0.00088,0.00072,-28.68282,0.88095,-0.63031,20.19625,-1.53083,-0.36717,-0.32774
46.64,0.0467,2.15581,0.15689,0.10641,0.20596,-0,0.87535,-0.06863,0.05655,-1.6369,0.01786,0.04975,-0.01171,7.28496,0.28581,-0.50513,-2.45801,0.02492,-0.00591,0.03042,12.91526,-0.06044,0.14521,7.53703,-0.42355,0.00152,0.01035,-35.28745,2.06086,-0.80973,22.74047,-1.35903,-0.34844,-0.32907
46.66,0.0333,2.05855,0.16501,0.12008,0.16039,-0,1.11575,-0.13696,0.06253,-1.43388,0.00865,0.03627,-0.00768,8.43565,0.3075,-0.63033,-2.49524,0.04382,-0.00226,0.04366,9.9182,-0.2993,0.17752,12.12087,-0.75785,0.02923,0.03111,-41.51781,3.16624,-0.9782,25.47567,-1.22429,-0.26467,-0.25554
46.68,0.00726,1.94211,0.19296,0.12653,0.11184,-0,1.24133,-0.19334,0.06798,-1.21172,0.00177,0.02411,-0.0046,9.64133,0.32066,-0.75947,-2.37594,0.07054,0.00114,0.05813,2.16187,-0.75609,0.25195,13.84301,-1.17842,0.09345,0.06315,-47.5445,3.99301,-1.10385,28.47853,-1.11941,-0.11639,-0.09968
46.7,-0.01575,1.80484,0.22172,0.12444,0.06505,-0,1.2805,-0.23868,0.06999,-0.98264,-0.00333,0.01416,-0.00208,10.89665,0.31875,-0.88528,-2.06049,0.108,0.00421,0.07295,-10.15861,-1.43805,0.36623,12.21329,-1.64204,0.19635,0.10156,-53.72757,4.42507,-1.13235,31.78463,-1.03742,0.0801,0.1311
46.72,-0.03384,1.64902,0.23668,0.11209,0.02306,-0,1.26091,-0.27338,0.06686,-0.75738,-0.00707,0.0068,0.00017,12.18183,0.2968,-0.99813,-1.51786,0.15946,0.00703,0.08735,-24.89972,-2.21515,0.48976,8.69355,-2.06247,0.31549,0.13397,-60.49653,4.40577,-0.97798,35.45532,-0.97129,0.29834,0.41599
46.74,-0.04254,1.49981,0.23797,0.09378,-0.01327,-0,1.19689,-0.2961,0.05829,-0.54142,-0.00968,0.00222,0.00237,13.39237,0.26468,-1.08844,-0.73753,0.22642,0.00955,0.09831,-40.43833,-2.9454,0.569,3.89103,-2.36162,0.42464,0.15072,-67.91918,3.89736,-0.57005,39.43398,-0.91388,0.50577,0.72491
46.76,-0.0335,1.37233,0.2279,0.07442,-0.04341,-0,1.09505,-0.30695,0.0454,-0.33848,-0.0114,-6e-05,0.00469,14.41355,0.23241,-1.1469,0.26439,0.3075,0.01158,0.1035,-54.90626,-3.44479,0.56694,-1.49646,-2.47422,0.5056,0.14924,-76.04264,2.92632,0.12897,43.64344,-0.85488,0.66569,1.02524
46.78,-0.00787,1.26187,0.20464,0.05532,-0.06747,-0,0.97288,-0.30697,0.02876,-0.15171,-0.01259,-0.00066,0.00714,15.18273,0.20556,-1.16773,1.43338,0.39754,0.01317,0.10383,-66.14798,-3.5045,0.4627,-6.18413,-2.36373,0.53653,0.12745,-84.96366,1.5911,1.09214,48.04046,-0.78167,0.73818,1.28411
46.8,0.02044,1.16712,0.15935,0.03863,-0.08593,-0,0.8305,-0.29468,0.00942,0.01572,-0.01272,0.00029,0.00979,15.59323,0.17325,-1.13782,2.66844,0.49134,0.01448,0.09945,-68.53506,-2.85564,0.28601,-7.38971,-1.98873,0.51728,0.10023,-94.46815,0.11556,2.22767,51.93768,-0.68253,0.6783,1.48217
46.82,0.03841,1.08257,0.09138,0.0253,-0.09913,-0,0.66959,-0.26938,-0.01067,0.16127,-0.01087,0.00302,0.01293,15.54295,0.12908,-1.0439,3.83359,0.58308,0.01571,0.091,-58.7181,-1.45179,0.09169,-4.81112,-1.38123,0.46032,0.08266,-103.87902,-1.43329,3.37997,54.50692,-0.54464,0.51669,1.66145
46.84,0.05089,0.9991,0.01668,0.01348,-0.10736,-0,0.51168,-0.23685,-0.02978,0.28279,-0.00845,0.00834,0.0162,15.05416,0.09061,-0.89973,4.79588,0.65669,0.01714,0.08217,-41.40546,0.33489,-0.0627,-1.62561,-0.67012,0.36643,0.06625,-111.78124,-2.97568,4.27897,55.15604,-0.35285,0.16673,1.76609
46.86,0.06653,0.90682,-0.05629,0.00122,-0.11066,-0,0.36845,-0.2017,-0.04754,0.37837,-0.0066,0.01713,0.0191,14.21267,0.06267,-0.73297,5.46553,0.69865,0.01889,0.07525,-19.42692,2.23246,-0.09882,1.01521,0.05847,0.24159,0.0442,-116.4231,-4.20906,4.66226,53.19891,-0.09608,-0.38749,1.73867
46.88,0.08979,0.78926,-0.12416,-0.01315,-0.10858,-0,0.24132,-0.16547,-0.06394,0.447,-0.00493,0.02881,0.02147,13.09295,0.03696,-0.56029,5.78411,0.70743,0.02051,0.06943,7.53713,4.05374,0.07467,3.17186,0.75336,0.09777,0.01671,-116.13029,-5.04234,4.12256,48.22162,0.22652,-0.68392,1.76309
46.9,0.10586,0.63626,-0.1776,-0.03063,-0.10096,-0,0.13427,-0.13339,-0.07846,0.48738,-0.00353,0.04467,0.02305,11.77869,0.0062,-0.40174,5.72632,0.68265,0.02107,0.064,38.52915,5.5228,0.40481,4.32002,1.34296,-0.05128,-0.01724,-108.49475,-5.23298,3.4845,38.45397,0.59301,-1.44846,1.37006
46.92,0.0886,0.43865,-0.20526,-0.05094,-0.08791,-0,0.0503,-0.10986,-0.09004,0.49831,-0.00232,0.06676,0.02358,10.36643,-0.0326,-0.28093,5.29166,0.62671,0.01945,0.05828,68.19485,6.29511,0.61569,3.50705,1.73012,-0.20209,-0.06882,-91.79823,-5.26271,3.78246,23.69426,0.93856,-3.09649,0.37577
46.94,0.04691,0.17148,-0.20524,-0.07238,-0.0698,-0,-0.01003,-0.09534,-0.09875,0.47951,-0.00107,0.0882,0.02306,8.96187,-0.08034,-0.20582,4.55129,0.54819,0.01485,0.05146,93.08316,6.34337,0.70972,1.48832,1.88109,-0.34526,-0.14294,-69.33223,-6.30452,3.2229,8.79195,1.20232,-3.45306,-0.05114
46.96,-0.00205,-0.18506,-0.17935,-0.09231,-0.04861,-0,-0.04776,-0.09153,-0.10406,0.43153,-3e-05,0.1012,0.0215,7.63943,-0.13864,-0.16657,3.62355,0.45761,0.00808,0.04364,114.10172,5.88571,0.69048,-0.2443,1.82526,-0.46373,-0.23099,-45.68263,-7.51846,1.73806,-2.24929,1.32001,-2.15385,0.07673
46.98,-0.06345,-0.62819,-0.12752,-0.10848,-0.02767,-0,-0.06533,-0.10161,-0.10408,0.35621,0.00044,0.10472,0.01903,6.43412,-0.20382,-0.14694,2.60922,0.36561,0.00157,0.03532,129.58006,5.09537,0.40213,-0.93274,1.59236,-0.5531,-0.32908,-24.01941,-8.53122,0.37353,-7.59561,1.25053,-0.52495,0.19185
47,-0.12374,-1.12307,-0.05741,-0.11681,-0.01056,-0,-0.06569,-0.12773,-0.09811,0.25614,0.00026,0.09578,0.01573,5.31111,-0.2733,-0.13954,1.69527,0.27314,-0.00158,0.02783,137.38672,3.82902,-0.09976,0.34818,1.2566,-0.59449,-0.4205,-6.90995,-6.59746,-0.51102,-9.45347,0.97269,-0.04668,-0.18841
47.02,-0.16079,-1.60371,0.03078,-0.11399,-0.00054,-0,-0.05188,-0.17145,-0.08528,0.13417,-0.00039,0.07438,0.0118,4.25474,-0.34369,-0.13889,1.01331,0.18236,0.00086,0.02162,134.91508,1.64133,-0.98637,4.38598,0.88687,-0.5681,-0.48317,2.73982,-0.16061,-1.39163,-13.18885,0.58001,-0.48091,-0.63298
47.04,-0.16244,-2.01337,0.13991,-0.10242,0.0005,-0,-0.02701,-0.23375,-0.06349,-0.00779,-0.00115,0.04652,0.00767,3.30759,-0.40474,-0.12952,0.52021,0.10585,0.0097,0.01606,123.63768,-0.94467,-2.21757,11.77539,0.50575,-0.4972,-0.51569,4.61798,6.98493,-0.67438,-14.35008,0.19577,-0.5292,-0.66602
47.06,-0.12183,-2.30482,0.26518,-0.08433,-0.00769,0,0.0063,-0.31508,-0.03203,-0.17038,-0.00141,0.01734,0.00368,2.47033,-0.44873,-0.1084,0.18656,0.04689,0.02473,0.01126,107.06012,-3.36333,-3.39057,22.73823,0.10482,-0.40317,-0.51128,1.75573,11.71712,1.61919,-10.67572,-0.07276,-0.31656,-0.46702
47.08,-0.03152,-2.43335,0.40024,-0.06035,-0.02426,0,0.0461,-0.41684,0.00876,-0.35565,-0.00033,-0.00965,5e-05,1.7077,-0.47148,-0.08104,0.0203,0.00151,0.04468,0.00747,85.15445,-5.72675,-4.322,37.75505,-0.35648,-0.28791,-0.44997,-2.93878,13.66316,4.54255,-3.42226,-0.18702,0.32931,-0.00147
47.1,0.11565,-2.38972,0.54839,-0.0332,-0.04679,0,0.09098,-0.52576,0.05783,-0.56528,0.00283,-0.03043,-0.00299,0.9996,-0.47859,-0.0488,-0.03162,-0.03299,0.06641,0.00445,61.64455,-7.72805,-4.84557,55.46028,-0.94863,-0.16881,-0.31281,-2.8804,11.80056,5.54633,-1.198,-0.20578,0.63015,0.28619
47.12,0.27186,-2.1965,0.7231,-0.00465,-0.07189,0,0.14022,-0.61713,0.11112,-0.79977,0.00833,-0.03679,-0.00508,0.33534,-0.47894,-0.01196,-0.01692,-0.05815,0.08594,0.00196,40.78261,-9.08556,-4.97116,72.54861,-1.78497,-0.04787,-0.07917,-2.37816,8.64759,4.8436,-0.05989,-0.19751,0.34212,0.2154
47.14,0.40949,-1.88675,0.91556,0.02456,-0.09687,0,0.19429,-0.69315,0.16558,-1.05657,0.01697,-0.02722,-0.00596,-0.2951,-0.46666,0.03029,0.05856,-0.0758,0.10117,4e-05,20.47589,-10.07897,-4.99902,89.23381,-2.97598,0.10059,0.26907,-1.89379,5.65114,3.46786,0.742,-0.15132,-0.01289,0.06969
47.16,0.55403,-1.50253,1.10637,0.05301,-0.11987,0,0.25458,-0.76291,0.21969,-1.32927,0.02951,-0.00747,-0.0055,-0.89737,-0.43701,0.0786,0.14993,-0.08852,0.11101,-0.00171,-1.24786,-10.92651,-5.22295,107.06735,-4.5922,0.30239,0.74346,-1.83556,3.27121,2.17184,1.36628,-0.08428,-0.16476,0.00982
47.18,0.71483,-1.09122,1.28625,0.07968,-0.14007,0,0.3218,-0.81898,0.2693,-1.60816,0.04466,0.01929,-0.00341,-1.47314,-0.39485,0.13071,0.21092,-0.09793,0.11437,-0.00385,-23.77095,-11.79568,-5.86992,125.66547,-6.6995,0.58859,1.34237,-2.0327,1.52725,1.28784,1.81672,-0.01974,-0.22101,-0.02141
47.2,0.85197,-0.69994,1.46127,0.10403,-0.15579,0,0.39842,-0.85983,0.31206,-1.8646,0.06372,0.04926,0.00072,-2.01143,-0.35275,0.18514,0.20193,-0.10409,0.10954,-0.00658,-46.11479,-12.37841,-6.97112,143.25836,-9.38469,1.02767,2.05413,-2.13572,0.24111,0.83311,1.73322,0.02878,-0.20619,-0.0241
47.22,0.88854,-0.3732,1.64426,0.12609,-0.16636,0,0.48934,-0.8875,0.34819,-2.06196,0.08931,0.07863,0.00728,-2.49369,-0.32101,0.24326,0.07496,-0.1064,0.09583,-0.00964,-67.72626,-12.30112,-8.38254,157.63501,-12.68764,1.81642,2.90563,-1.92042,-0.8172,0.62251,1.24303,0.05967,-0.1469,-0.00561
47.24,0.85999,-0.14285,1.80475,0.14522,-0.17488,0,0.59361,-0.89827,0.37468,-2.19838,0.11588,0.10102,0.01669,-2.92552,-0.2982,0.29861,-0.20503,-0.10634,0.07614,-0.0131,-89.18721,-12.37635,-10.156,169.24293,-16.58154,2.92911,3.80073,-1.71704,-1.75135,0.51069,0.77037,0.07186,-0.07686,0.01073
47.26,0.82778,-0.02435,1.90909,0.1603,-0.18385,0,0.70957,-0.88756,0.38949,-2.28242,0.13789,0.11186,0.02936,-3.33597,-0.28323,0.34302,-0.64341,-0.105,0.05426,-0.01678,-111.33429,-12.96916,-12.2022,179.04744,-20.83073,4.25427,4.61181,-1.76689,-2.54673,0.46598,0.1377,0.06405,-0.01228,0.01961
47.28,0.77049,-0.01927,1.95764,0.17151,-0.19404,0,0.84323,-0.8524,0.39594,-2.31677,0.15587,0.11273,0.04408,-3.75369,-0.27754,0.37352,-1.24262,-0.10174,0.03337,-0.0198,-134.59816,-13.41639,-14.30569,187.02765,-24.51908,6.39172,5.62376,-2.04539,-3.1148,0.50798,-1.01706,0.04342,0.03673,0.02188
47.3,0.69543,-0.11887,1.94418,0.17612,-0.20464,0,0.99061,-0.78066,0.394,-2.32535,0.16961,0.10253,0.06184,-4.21831,-0.27737,0.39554,-1.95882,-0.09681,0.01372,-0.02206,-153.44388,-14.53733,-15.43562,186.80153,-28.60363,7.41748,5.6584,-2.52525,-3.30593,0.67109,-2.81899,0.01748,0.06811,0.01988
47.32,0.61471,-0.30246,1.85739,0.17042,-0.21397,0,1.13733,-0.65946,0.38126,-2.33594,0.17926,0.08308,0.08635,-4.79519,-0.27499,0.41679,-2.74562,-0.09038,-0.00476,-0.02355,-159.99743,-16.37279,-12.41031,169.71521,-35.30853,3.56086,2.63343,-3.33627,-2.99581,0.95538,-5.18317,-0.00743,0.08242,0.01486
47.34,0.51818,-0.5411,1.70925,0.15689,-0.22273,0,1.29141,-0.50138,0.36257,-2.35689,0.18789,0.06214,0.11188,-5.55547,-0.26599,0.44105,-3.56784,-0.08158,-0.01789,-0.02322,-158.7063,-16.20133,-6.06672,142.00342,-41.36239,-2.88277,-1.70555,-0.93099,-1.75539,0.98193,-2.8101,-0.02735,0.06731,0.00043
47.36,0.40798,-0.80449,1.52973,0.13897,-0.23146,0,1.45413,-0.31836,0.34064,-2.39063,0.19626,0.04418,0.13108,-6.55629,-0.25206,0.48209,-4.31311,-0.06971,-0.02386,-0.02062,-155.48926,-13.74034,-0.46592,111.35834,-43.12471,-8.19059,-5.25132,-0.0611,-0.43588,0.89348,1.12296,-0.02796,0.04464,-0.00938
47.38,0.29328,-1.05355,1.34066,0.11771,-0.23905,0,1.58658,-0.12151,0.31077,-2.43618,0.20074,0.03029,0.14433,-7.85947,-0.23739,0.55559,-4.86164,-0.05476,-0.02433,-0.01615,-148.87989,-9.5614,2.72365,76.2915,-40.90846,-12.77857,-8.06371,-1.58094,0.31775,0.68543,5.16152,-0.00204,0.01727,-0.01194
47.4,0.1806,-1.23982,1.17129,0.09468,-0.24393,0,1.70597,0.05964,0.27828,-2.46853,0.20406,0.01854,0.14859,-9.39541,-0.22977,0.67431,-5.15239,-0.03806,-0.02107,-0.0105,-141.6849,-5.36063,2.45084,49.15271,-33.46281,-14.25581,-9.05337,-6.12103,-0.18018,0.37773,7.75588,0.04833,-0.00839,-0.00508
47.42,0.0737,-1.31398,1.04629,0.07123,-0.24449,0,1.84572,0.23241,0.24917,-2.454,0.20945,0.00845,0.14169,-10.96978,-0.23601,0.83298,-5.14446,-0.02075,-0.01607,-0.00451,-131.36912,-2.89351,2.44586,36.60717,-22.90876,-12.16913,-8.57116,-13.51948,-2.47821,-0.07054,7.78106,0.10403,-0.02388,0.00936
47.44,-0.00837,-1.24476,0.96277,0.05006,-0.24034,0,1.90917,0.39858,0.21111,-2.38353,0.20595,0.00254,0.12898,-12.51856,-0.25641,1.00808,-4.78479,-0.00382,-0.01037,0.00087,-117.17686,-1.26286,2.81249,27.55562,-12.58068,-9.05304,-7.48312,-23.49596,-6.72875,-0.65698,4.72937,0.1349,-0.02364,0.02336
47.46,-0.05022,-1.02472,0.91288,0.03267,-0.23155,0,1.82533,0.52934,0.15746,-2.2589,0.18784,0.00025,0.11437,-13.99898,-0.28734,1.17853,-4.08195,0.01078,-0.00479,0.00473,-100.92645,-0.1939,2.53888,18.48394,-3.74931,-6.20649,-6.04118,-35.54916,-12.14086,-1.33475,-0.7021,0.10754,-0.01066,0.02515
47.48,-0.04061,-0.66737,0.88928,0.01781,-0.21769,0,1.62232,0.62707,0.0932,-2.0856,0.16177,-0.00024,0.09839,-15.26912,-0.32346,1.32434,-3.1172,0.02107,-0.00015,0.00649,-83.96502,0.07185,2.01805,11.61204,3.25577,-3.69795,-4.37184,-48.98412,-17.4242,-2.01571,-7.55787,-0.00617,0.00048,0.00509
47.5,0.04473,-0.20821,0.87303,0.00627,-0.19768,0,1.28545,0.67488,0.01859,-1.89409,0.12669,0.00018,0.08165,-16.10807,-0.3524,1.4336,-2.00236,0.02565,0.00317,0.00596,-67.16723,-0.44701,1.23321,6.79112,8.18974,-1.65383,-2.61965,-58.20529,-20.57717,-2.85863,-10.53452,-0.21573,-0.01064,-0.03829
47.52,0.18884,0.29681,0.84172,-0.00797,-0.17109,0,0.84012,0.65041,-0.05304,-1.72068,0.08564,0.00063,0.06482,-16.34692,-0.36152,1.51057,-0.88134,0.02369,0.00496,0.00329,-50.98656,-1.76634,0.34937,3.64264,11.00518,-0.37212,-1.07995,-56.68023,-19.57697,-4.36959,-7.15107,-0.48623,-0.05307,-0.09583
47.54,0.38801,0.78254,0.78557,-0.0336,-0.13984,0,0.37706,0.58371,-0.10644,-1.58265,0.05105,0.00084,0.04848,-16.07289,-0.35866,1.55628,0.11883,0.01485,0.00538,-0.00108,-35.72844,-3.51198,-0.38366,1.76813,11.79743,0.00479,-0.04095,-46.60223,-13.70339,-6.13988,-2.83269,-0.77409,-0.11985,-0.15224
47.56,0.68519,1.18918,0.6983,-0.07094,-0.10654,0,-0.06279,0.50233,-0.14105,-1.49039,0.02637,0.00096,0.03285,-15.3843,-0.35295,1.56898,0.91798,-0.00053,0.00476,-0.00684,-21.94445,-5.25022,-0.96164,0.70736,10.89139,-0.36741,0.44843,-30.39994,-2.85819,-7.3578,0.11409,-1.06705,-0.19291,-0.19003
47.58,1.13152,1.45158,0.57349,-0.11994,-0.07381,0,-0.46675,0.41255,-0.15687,-1.4522,0.00908,0.00099,0.01778,-14.2684,-0.34213,1.54734,1.48014,-0.02133,0.00332,-0.0138,-10.24469,-6.66381,-1.42351,0.15368,8.70805,-1.27454,0.43707,-7.6383,12.39386,-7.8012,2.00241,-1.36068,-0.2446,-0.19333
47.6,1.63051,1.51425,0.41189,-0.17258,-0.04427,0,-0.81436,0.3167,-0.15193,-1.46543,-0.00253,0.00099,0.00313,-12.91186,-0.32434,1.48907,1.80679,-0.04561,0.00105,-0.02182,-1.21856,-7.51933,-1.82473,-0.07139,5.86654,-2.56466,0.00597,20.16669,30.35169,-6.74703,2.50737,-1.65163,-0.24268,-0.14911
47.62,1.94815,1.33909,0.22017,-0.21531,-0.02051,0,-1.07943,0.21758,-0.12309,-1.52136,-0.01026,0.00105,-0.01079,-11.51868,-0.29763,1.39239,1.9272,-0.07073,-0.00209,-0.03078,4.77511,-7.61387,-2.29503,-0.02954,3.19236,-4.27696,-0.78988,45.67495,48.2282,-3.81657,1.25994,-1.92363,-0.16584,-0.05053
47.64,2.14067,0.9023,0.01796,-0.24507,-0.00527,-0,-1.25597,0.13008,-0.07813,-1.60933,-0.01546,0.00104,-0.02367,-10.05863,-0.26033,1.25565,1.87965,-0.09392,-0.00621,-0.04037,7.7646,-6.81095,-2.87354,0.24671,0.99415,-6.21379,-1.8357,63.31525,63.84491,0.37355,-0.13623,-2.19949,-0.01995,0.10136
47.66,2.30995,0.21637,-0.17233,-0.26115,0.00112,-0,-1.35378,0.06462,-0.02858,-1.71496,-0.01897,0.00087,-0.0355,-8.51531,-0.21359,1.08336,1.70593,-0.11269,-0.0115,-0.04996,7.06116,-5.3215,-3.45734,0.4616,-0.33591,-7.8846,-2.88572,74.1253,76.41498,5.31526,-0.03731,-2.50628,0.18069,0.29957
47.68,2.33073,-0.68137,-0.33369,-0.26194,0.00068,-0,-1.37386,0.02173,0.0207,-1.82018,-0.02137,0.00058,-0.04615,-6.95422,-0.16059,0.88565,1.45343,-0.12637,-0.01861,-0.05887,4.09479,-3.53252,-4.28747,0.11722,-0.8032,-9.92369,-4.0266,77.0182,85.3733,10.57767,2.30704,-2.79124,0.41518,0.53114
47.7,2.24763,-1.65551,-0.43842,-0.24534,-0.00326,-0,-1.32945,0.00134,0.06436,-1.8966,-0.02281,0.0002,-0.05475,-5.56155,-0.10884,0.68969,1.16596,-0.13071,-0.0257,-0.06568,1.19643,-1.24291,-4.69548,-0.72948,-1.04376,-10.09133,-4.50278,73.16261,90.17301,15.1127,7.16131,-3.06656,0.65277,0.77053
47.72,2.14899,-2.52347,-0.4719,-0.21355,-0.00624,-0,-1.234,0.00226,0.09698,-1.91349,-0.0232,-0.00016,-0.05989,-4.45567,-0.06498,0.51772,0.88306,-0.11979,-0.02854,-0.06881,-1.53924,1.67775,-3.59071,-2.54901,-1.04576,-5.20925,-2.9785,64.90001,90.27759,17.41086,13.1722,-3.39116,0.86238,0.98081
47.74,1.93486,-3.23347,-0.44639,-0.17861,-0.00427,-0,-1.08547,0.02052,0.11461,-1.85876,-0.02276,-0.00038,-0.06149,-3.50321,-0.03084,0.366,0.63454,-0.10085,-0.02862,-0.06826,-3.54455,4.12803,-2.4729,-5.04149,-0.82366,-0.55892,-0.82205,52.29742,86.73626,17.57931,20.02506,-3.67926,1.01167,1.13479
47.76,1.55743,-3.75514,-0.37264,-0.14798,0.00534,-0,-0.88549,0.04963,0.11642,-1.73097,-0.02171,-0.00041,-0.05989,-2.62831,-0.0082,0.23293,0.43452,-0.08229,-0.02873,-0.06467,-4.71211,5.40753,-1.74415,-7.3443,-0.45381,2.07211,0.80482,35.98433,80.88968,16.46074,28.26996,-3.85653,1.06766,1.20643
47.78,1.08635,-4.02719,-0.256,-0.12256,0.02357,-0,-0.64586,0.07833,0.10469,-1.53592,-0.02,-0.00037,-0.05492,-1.85803,0.00141,0.12429,0.28513,-0.0631,-0.0276,-0.0583,-5.4142,5.71989,-1.22031,-9.01746,-0.04023,3.98356,2.15956,16.49293,73.15639,14.2882,37.66467,-3.95009,0.99819,1.15753
47.8,0.62828,-3.9998,-0.10725,-0.10422,0.04859,-0,-0.39105,0.1066,0.0865,-1.29812,-0.01789,-0.00014,-0.04753,-1.21687,-0.00128,0.04826,0.18157,-0.04902,-0.02656,-0.05059,-6.01238,4.74104,-0.65208,-9.07967,0.05999,4.28196,2.32858,-4.31281,64.51059,11.50689,47.68367,-3.98866,0.77441,0.94771
47.82,0.24206,-3.67697,0.06249,-0.09315,0.07523,-0,-0.14561,0.14644,0.07015,-1.04945,-0.01561,0.0007,-0.03878,-0.70318,-0.01053,0.00684,0.11544,-0.04379,-0.02714,-0.04302,-6.60069,2.60433,-0.24081,-6.85477,0.00245,2.29452,1.19404,-24.22482,55.80183,8.52511,57.57173,-4.00913,0.36537,0.53077
47.84,-0.05839,-3.17372,0.24507,-0.08728,0.09894,-0,0.07343,0.17776,0.05788,-0.81545,-0.01318,0.00177,-0.0289,-0.28226,-0.01983,-0.00962,0.07843,-0.04006,-0.02726,-0.03556,-6.62988,0.71764,-0.1767,-3.59691,0.14111,0.70347,0.30972,-43.81676,47.24582,5.69321,67.35385,-4.04122,-0.26076,-0.14209
47.86,-0.24694,-2.59185,0.42899,-0.08473,0.1171,-0,0.25037,0.18301,0.05117,-0.61366,-0.01068,0.00258,-0.01836,0.05983,-0.02512,-0.00711,0.06536,-0.03457,-0.02576,-0.02831,-6.55842,-0.21717,0.27604,-0.55691,0.34748,0.08833,-0.02567,-63.84555,38.93046,3.30628,77.4475,-4.10499,-1.13071,-1.11706
47.88,-0.30686,-1.98308,0.59642,-0.08357,0.12728,-0,0.37771,0.17054,0.05116,-0.45262,-0.00825,0.00333,-0.00789,0.32214,-0.02268,0.01006,0.07465,-0.029,-0.02302,-0.02163,-6.42483,-0.41871,1.19238,2.55517,0.55535,-0.0333,-0.05964,-84.0215,30.89618,1.51907,87.92051,-4.22717,-2.25296,-2.42596
47.9,-0.28459,-1.39826,0.73458,-0.08359,0.12798,-0,0.45646,0.126,0.05538,-0.33513,-0.00602,0.00369,0.00181,0.51322,-0.0131,0.035,0.10748,-0.02373,-0.01946,-0.01544,-6.87625,-0.2138,2.00667,4.71634,0.67195,0.05953,0.01885,-101.69776,24.19655,0.40977,96.50654,-4.4558,-3.67991,-4.09681
47.92,-0.26682,-0.88199,0.843,-0.08546,0.11929,-0,0.49244,0.05602,0.06079,-0.25702,-0.00408,0.00335,0.01043,0.65668,0.00274,0.06357,0.1654,-0.01887,-0.01545,-0.00961,-8.158,0.0267,2.12962,5.28659,0.61953,0.06772,0.00021,-113.94457,19.23099,-0.00087,99.96956,-4.83301,-5.44685,-6.10603
47.94,-0.23471,-0.45668,0.90476,-0.08609,0.10355,-0,0.491,-0.00867,0.06704,-0.20847,-0.00245,0.00285,0.01772,0.7542,0.02472,0.08959,0.24727,-0.01462,-0.01116,-0.00411,-10.02456,0.15824,1.77593,5.40695,0.4736,-0.02125,-0.0796,-122.60892,15.05683,0.37755,99.68517,-5.32553,-7.60632,-8.39147
47.96,-0.15306,-0.12441,0.90642,-0.08281,0.08353,-0,0.45764,-0.06372,0.07491,-0.17966,-0.00116,0.00252,0.02333,0.80057,0.04879,0.10593,0.34693,-0.01086,-0.00682,0.001,-5.14229,0.20491,1.55449,1.45368,0.35314,-0.09437,-0.11189,-129.07667,11.19623,1.53942,97.23286,-5.84915,-10.10082,-10.78794
47.98,-0.0476,0.1244,0.8622,-0.07638,0.0616,-0,0.3992,-0.11296,0.08485,-0.1611,-0.00024,0.00228,0.02709,0.8133,0.06944,0.10896,0.45213,-0.00747,-0.00275,0.00549,9.25652,0.2069,1.72951,-5.34512,0.24437,-0.13463,-0.09326,-131.81311,7.65517,3.33034,91.52007,-6.28299,-11.9798,-12.67425
48,0.06672,0.30293,0.77483,-0.0668,0.04031,-0,0.31817,-0.15087,0.09325,-0.14294,0.0003,0.002,0.02905,0.79575,0.08466,0.1014,0.54738,-0.00439,0.00068,0.00906,28.0608,0.17397,1.94536,-10.02617,0.07652,-0.17308,-0.05931,-129.86409,4.881,5.63473,83.10517,-6.52323,-15.19492,-14.61332
48.02,0.17464,0.4213,0.64997,-0.05482,0.0217,-0,0.21684,-0.16408,0.09544,-0.11626,0.00044,0.0016,0.02934,0.74902,0.09817,0.08933,0.61847,-0.00144,0.0035,0.01152,50.19587,0.18709,1.88719,-11.56846,-0.20975,-0.20745,-0.01349,-122.10506,2.71301,8.73843,72.63166,-6.4902,-22.98047,-17.68681
48.04,0.26224,0.49424,0.51522,-0.04276,0.00685,-0,0.09926,-0.15769,0.09477,-0.07422,0.0002,0.00117,0.02784,0.69128,0.10779,0.07041,0.65263,0.00167,0.00575,0.01261,72.68018,0.23356,1.53636,-10.03049,-0.59112,-0.23228,0.03493,-108.6869,0.64848,11.87959,60.14343,-5.96637,-30.57617,-19.8038
48.06,0.32123,0.53825,0.39118,-0.03191,-0.00401,-0,-0.03391,-0.14226,0.09432,-0.01345,-0.00034,0.00077,0.02459,0.63261,0.10989,0.04218,0.6447,0.00517,0.00741,0.01223,92.74447,0.22293,1.04403,-6.59988,-0.9779,-0.24423,0.07777,-91.67367,-1.13517,13.87576,46.4913,-4.83564,-33.89303,-19.5114
48.08,0.34138,0.56561,0.28912,-0.02271,-0.0112,-0,-0.1839,-0.11517,0.09237,0.06534,-0.00111,0.00037,0.02009,0.57176,0.10941,0.00871,0.60072,0.00936,0.00869,0.01086,106.5871,0.1714,0.51798,-2.79641,-1.33435,-0.24406,0.11355,-72.65686,-2.37497,14.59674,32.83727,-3.24954,-33.6821,-17.39077
48.1,0.3185,0.57847,0.20369,-0.01547,-0.01514,-0,-0.34696,-0.08653,0.08861,0.15753,-0.00198,-3e-05,0.01467,0.50278,0.10753,-0.02709,0.53036,0.01454,0.00975,0.00902,109.77897,0.10267,0.1215,-0.18259,-1.6013,-0.23238,0.14395,-54.54486,-3.01364,13.39435,21.69884,-1.40068,-29.14964,-13.85495
48.12,0.25395,0.57458,0.1274,-0.0103,-0.01621,-0,-0.50993,-0.0635,0.08395,0.25577,-0.00283,-0.00038,0.00898,0.4204,0.10299,-0.06236,0.44669,0.02077,0.01062,0.00736,98.5759,0.03207,-0.08954,0.22234,-1.73381,-0.21301,0.17034,-39.33969,-3.2584,10.75746,13.89543,0.33298,-22.22117,-10.08479
48.14,0.15673,0.56375,0.07353,-0.00713,-0.01505,-0,-0.66616,-0.03937,0.07922,0.35232,-0.00356,-0.00063,0.00388,0.32397,0.1005,-0.09366,0.36452,0.02815,0.01155,0.00659,73.20256,-0.05692,-0.12006,-1.63866,-1.73469,-0.18682,0.19314,-27.10779,-3.17776,7.99827,8.25995,1.68874,-15.67655,-6.8386
48.16,0.03936,0.55391,0.04768,-0.00587,-0.01216,-0,-0.81479,-0.01424,0.0751,0.44053,-0.00406,-0.00081,-0.00029,0.21028,0.10363,-0.11884,0.29293,0.03642,0.01271,0.00691,37.103,-0.14201,0.05703,-4.94448,-1.62347,-0.15202,0.21296,-17.52426,-2.78878,5.6271,4.38237,2.63048,-10.2097,-4.24809
48.18,-0.08249,0.54369,0.0419,-0.00664,-0.00782,-0,-0.94828,0.0074,0.07177,0.51476,-0.00425,-0.00091,-0.00355,0.07405,0.11113,-0.13616,0.23566,0.04404,0.01356,0.00795,-6.98424,-0.19257,0.41792,-8.31645,-1.4288,-0.1078,0.22948,-10.10473,-2.22172,3.63604,2.04995,3.17127,-5.86048,-2.32311
48.2,-0.19328,0.52309,0.04086,-0.00974,-0.00219,-0,-1.05992,0.02333,0.07009,0.56974,-0.00406,-0.0009,-0.00612,-0.08702,0.12395,-0.1437,0.19422,0.05057,0.01499,0.00916,-48.53297,-0.14964,0.91677,-10.72714,-1.14806,-0.05893,0.23878,-4.17926,-1.55806,2.07289,0.81242,3.34362,-2.70824,-1.00699
48.22,-0.28635,0.48061,0.03259,-0.0156,0.00417,-0,-1.14293,0.0343,0.07058,0.60071,-0.0034,-0.0007,-0.00832,-0.26766,0.14332,-0.14011,0.16824,0.05629,0.0188,0.00996,-77.37305,-0.0051,1.45649,-12.13962,-0.79377,-0.01368,0.23823,0.89538,-0.82882,0.9393,0.25176,3.19807,-0.76535,-0.24092
48.24,-0.35351,0.42348,0.02302,-0.02472,0.01055,-0,-1.19333,0.03925,0.07183,0.60438,-0.00212,-0.0003,-0.01034,-0.46043,0.16184,-0.12859,0.15594,0.05724,0.02307,0.0094,-93.68932,0.165,1.85138,-12.14869,-0.4058,0.02371,0.22615,5.57952,-0.03187,0.22329,0.04732,2.80749,0.03203,0.01938
48.26,-0.38609,0.36104,0.01508,-0.03747,0.01679,-0,-1.21009,0.0366,0.07243,0.57959,-2e-05,0.00034,-0.01215,-0.65949,0.17356,-0.11196,0.15473,0.05111,0.02587,0.00698,-98.53647,0.34949,1.96119,-10.43019,0.00091,0.04979,0.19954,10.024,0.84335,-0.07307,-0.01497,2.25184,-0.22985,-0.17992
48.28,-0.3788,0.29724,0.00412,-0.05393,0.02272,-0,-1.19045,0.0283,0.07182,0.52777,0.00306,0.0012,-0.01358,-0.85438,0.17926,-0.09025,0.1611,0.0403,0.02826,0.003,-91.60076,0.59376,1.72673,-7.46121,0.4259,0.06132,0.15764,14.12917,1.7704,0.03219,-0.05378,1.5955,-1.44834,-0.79696
48.3,-0.35827,0.24601,-0.00847,-0.07236,0.02827,-0,-1.14612,0.0148,0.06858,0.45368,0.0073,0.0024,-0.01412,-1.0293,0.16684,-0.07047,0.17067,0.02614,0.02862,-0.00175,-66.72211,0.80506,1.15994,-4.56851,0.84882,0.05286,0.1026,16.48167,2.56472,0.45141,-0.08863,1.06758,-3.23508,-1.66052
48.32,-0.36251,0.21794,-0.02134,-0.08956,0.03326,-0,-1.09116,-6e-05,0.06145,0.36444,0.01279,0.00402,-0.01311,-1.16514,0.1311,-0.0571,0.17919,0.01219,0.02557,-0.00585,-28.5951,0.58939,0.33676,-2.14052,1.21118,0.02547,0.0367,17.0488,3.32528,0.93676,-0.09913,0.75637,-5.37821,-2.65736
48.34,-0.37117,0.20805,-0.03741,-0.10398,0.03684,-0,-1.02065,-0.00999,0.05099,0.26768,0.0195,0.00584,-0.01032,-1.25038,0.08789,-0.04529,0.18389,0.00287,0.02228,-0.00817,8.36925,-0.11715,-0.72172,0.93528,1.48207,-0.00829,-0.03698,17.05939,4.20675,1.33102,-0.09234,0.5187,-7.79736,-3.79491
48.36,-0.35527,0.19953,-0.0567,-0.11455,0.03763,-0,-0.9316,-0.01285,0.0384,0.17168,0.02715,0.00757,-0.00574,-1.27933,0.04529,-0.0332,0.18476,-0.00146,0.02043,-0.00834,40.93842,-1.12333,-1.9942,4.92773,1.64833,-0.04149,-0.11237,16.31383,5.04898,1.45839,-0.06189,0.3296,-10.15679,-4.94552
48.38,-0.31566,0.16529,-0.07532,-0.11963,0.03409,-0,-0.82997,-0.00806,0.02516,0.08602,0.03489,0.00897,0.00033,-1.24477,0.00312,-0.02258,0.18512,-0.00205,0.01886,-0.00643,69.56104,-2.55134,-3.49597,9.76368,1.66245,-0.06903,-0.17969,14.7991,6.02379,0.87342,-0.02059,0.23796,-12.51605,-6.34899
48.4,-0.27294,0.08163,-0.08731,-0.11594,0.02401,-0,-0.72569,0.00552,0.01304,0.02134,0.04201,0.01004,0.00718,-1.15652,-0.0365,-0.0152,0.19102,-0.00071,0.01793,-0.00319,91.22322,-4.47819,-5.19957,16.11379,1.45284,-0.08609,-0.22912,12.47037,6.73178,0.15648,0.00488,0.24334,-11.51964,-6.78681
48.42,-0.25852,-0.05706,-0.08567,-0.10126,0.00573,-0,-0.62725,0.02916,0.00401,-0.0123,0.04797,0.01076,0.01415,-1.0303,-0.06678,-0.01149,0.20918,0.00073,0.01815,0.00046,99.46595,-6.90881,-6.97741,25.85695,0.95461,-0.09041,-0.25232,9.23648,6.47911,0.37445,-0.11106,0.20648,-5.36957,-4.36054
48.44,-0.24714,-0.25681,-0.06311,-0.07875,-0.01919,-0,-0.53191,0.05797,-0.00014,-0.00881,0.05095,0.01056,0.02044,-0.86645,-0.0838,-0.01043,0.24412,0.00072,0.01757,0.00378,95.99585,-9.78741,-8.85347,39.492,0.16158,-0.08186,-0.2345,5.9211,5.9605,0.23096,-0.54356,0.18104,-0.26039,-0.91399
48.46,-0.21863,-0.51468,-0.01032,-0.05143,-0.04772,-0,-0.4388,0.08484,0.00142,0.03157,0.04974,0.00911,0.02522,-0.67129,-0.0892,-0.01151,0.29523,-0.00196,0.01504,0.00609,86.7259,-12.89222,-10.85734,56.36588,-0.93627,-0.06217,-0.16429,3.36111,5.37459,-0.13534,-1.26408,0.32141,3.50476,1.92896
48.48,-0.18986,-0.80109,0.08412,-0.02146,-0.0766,0,-0.35284,0.10556,0.00883,0.10169,0.04506,0.00645,0.02809,-0.46301,-0.08364,-0.0145,0.35537,-0.00747,0.01103,0.00713,70.86148,-15.96288,-12.78591,77.63042,-2.33151,-0.02969,-0.04237,1.39004,4.32483,0.09313,-2.06411,0.57499,8.73922,4.51087
48.5,-0.12416,-1.07664,0.23074,0.00748,-0.09962,0,-0.27513,0.11325,0.02153,0.18867,0.03735,0.00246,0.02885,-0.2644,-0.06391,-0.01926,0.41311,-0.01467,0.00541,0.00696,50.90942,-19.38575,-14.52398,101.32402,-4.02374,0.02611,0.12058,-0.42956,3.36494,0.44087,-2.65448,0.86224,13.25823,5.47115
48.52,-0.02487,-1.29943,0.43456,0.032,-0.11063,0,-0.20673,0.1026,0.03841,0.27793,0.0277,-0.00244,0.02757,-0.0899,-0.02535,-0.02628,0.45641,-0.02101,-0.00059,0.00589,30.135,-23.61213,-15.73332,123.40979,-6.08234,0.12744,0.28821,-2.57309,3.94942,-0.05299,-3.54178,1.01786,9.9186,4.03136
48.54,0.06527,-1.44367,0.69401,0.04957,-0.10674,0,-0.1499,0.07215,0.05794,0.35731,0.0182,-0.0076,0.02443,0.05653,0.02145,-0.03485,0.47547,-0.0252,-0.00524,0.00438,8.02581,-27.62949,-15.8282,144.27473,-8.47065,0.32235,0.41377,-5.57681,5.70282,-0.13062,-5.05541,0.76831,4.98396,2.09346
48.56,0.162,-1.49332,0.99412,0.05915,-0.08598,0,-0.10383,0.02113,0.0785,0.42002,0.00994,-0.01267,0.01979,0.17176,0.06397,-0.04346,0.46749,-0.02734,-0.00841,0.00281,-15.58324,-30.85926,-14.90642,165.12703,-11.02565,0.68872,0.45228,-9.53806,7.25609,0.35423,-7.32958,-0.0202,1.14663,0.47632
48.58,0.29562,-1.43844,1.29255,0.061,-0.04767,0,-0.06589,-0.04994,0.09917,0.46549,0.00313,-0.01732,0.0144,0.25187,0.0994,-0.05157,0.43794,-0.0273,-0.01012,0.00142,-40.93012,-33.57904,-13.19588,185.99544,-13.38738,1.3133,0.36377,-15.06929,7.61792,0.98278,-10.73533,-1.48194,-2.13506,-0.90118
48.6,0.44444,-1.30824,1.55493,0.05759,0.00603,0,-0.03345,-0.13565,0.11789,0.49647,-0.0022,-0.02065,0.00899,0.31183,0.11802,-0.05758,0.39758,-0.0259,-0.01068,0.00042,-63.66303,-35.3363,-10.91948,201.50096,-15.98737,2.29997,0.07084,-20.32895,6.07316,1.97375,-13.78552,-3.23513,-4.34118,-1.85226
48.62,0.52695,-1.14145,1.76308,0.05131,0.06835,0,-0.00433,-0.22197,0.13244,0.51729,-0.00598,-0.02144,0.00444,0.38586,0.11439,-0.05913,0.35861,-0.02415,-0.01054,-6e-05,-79.2486,-35.75882,-8.48253,204.46953,-19.87065,3.71533,-0.54781,-21.46466,2.20958,5.48513,-12.81102,-2.88484,-3.90164,-1.87148
48.64,0.55884,-0.95286,1.85086,0.04241,0.13183,0,0.02329,-0.29927,0.14358,0.53269,-0.00834,-0.02016,0.00153,0.46052,0.09598,-0.05548,0.33058,-0.022,-0.00983,0.00015,-91.41201,-35.92557,-6.08479,199.86455,-23.94274,5.23767,-1.57153,-18.81035,-3.06599,10.7111,-8.79448,-1.39333,-2.0848,-1.23315
48.66,0.59597,-0.76091,1.76795,0.03158,0.19113,0,0.0509,-0.36333,0.15227,0.54438,-0.00966,-0.01781,0.00046,0.51027,0.06971,-0.04765,0.31852,-0.01947,-0.00862,0.00121,-103.70991,-36.13072,-3.6012,192.84842,-26.93208,6.57861,-2.89541,-16.74565,-7.48689,13.98166,-3.81875,-0.29321,-0.57225,-0.5505
48.68,0.62064,-0.58484,1.53348,0.02011,0.24131,0,0.07935,-0.40767,0.15786,0.54982,-0.01014,-0.01449,0.00097,0.53982,0.03965,-0.03728,0.32294,-0.01679,-0.00691,0.00335,-115.3449,-35.6474,-1.10583,180.8927,-29.07247,8.18455,-4.05386,-16.50434,-9.67725,14.65214,1.77747,0.57465,0.68376,0.15162
48.7,0.61749,-0.42814,1.17191,0.00936,0.27537,0,0.10874,-0.42648,0.15967,0.54436,-0.01009,-0.0111,0.00255,0.52576,0.00892,-0.0257,0.34145,-0.01393,-0.00477,0.00679,-123.24412,-35.45694,1.50874,166.00221,-29.80679,7.67781,-5.61709,-18.25864,-9.92787,12.23831,4.35761,0.91928,1.24195,0.56868
48.72,0.57574,-0.28853,0.72935,0.00037,0.28617,0,0.13845,-0.41621,0.15726,0.52259,-0.00984,-0.0083,0.00464,0.45289,-0.01679,-0.01454,0.37019,-0.01078,-0.00213,0.0115,-124.74929,-35.78574,4.59106,149.73435,-28.98023,2.09776,-8.33727,-19.96176,-9.28965,8.69529,3.32822,0.68201,1.02519,0.54928
48.74,0.51188,-0.16109,0.27346,-0.00606,0.27374,0,0.16787,-0.38046,0.15109,0.47949,-0.00932,-0.00577,0.00671,0.342,-0.03441,-0.00468,0.40416,-0.00729,0.00127,0.01729,-123.30177,-34.43846,6.52025,129.21376,-27.41168,-3.57255,-10.00027,-20.57808,-7.97775,5.87039,1.24856,0.34904,0.69529,0.44511
48.76,0.44091,-0.03895,-0.13814,-0.00923,0.24093,0,0.19625,-0.32495,0.14213,0.41411,-0.00845,-0.00342,0.00841,0.20148,-0.04635,0.00479,0.43916,-0.00334,0.00533,0.02371,-121.16613,-31.20168,5.9064,104.65547,-25.28736,-5.74023,-9.34825,-19.91521,-6.05828,3.98438,-1.42554,0.1464,0.54756,0.42155
48.78,0.35009,0.08387,-0.45825,-0.00909,0.1905,0,0.22161,-0.25409,0.13124,0.33097,-0.00734,-0.0014,0.00974,0.02791,-0.05483,0.01572,0.47215,0.00121,0.00958,0.02946,-116.47267,-26.63083,3.33688,77.07653,-22.57108,-5.34229,-7.27269,-18.13457,-3.6597,2.75834,-4.85228,0.02861,0.46866,0.41666
48.8,0.26816,0.20904,-0.68385,-0.00618,0.12774,0,0.24467,-0.17724,0.1192,0.23832,-0.00608,0.00027,0.01087,-0.17608,-0.05927,0.02902,0.50096,0.00644,0.01381,0.03393,-110.0749,-21.75143,0.08484,53.31499,-18.7308,-2.23546,-4.16186,-15.90887,-0.92454,2.02109,-8.68236,0.00145,0.46322,0.43906
48.82,0.21504,0.33042,-0.82583,-0.00141,0.05949,0,0.26738,-0.10124,0.1067,0.14695,-0.00477,0.00171,0.01208,-0.39018,-0.05733,0.04331,0.52409,0.01242,0.01833,0.03703,-99.81591,-18.16531,-1.68924,37.76825,-13.7253,0.17485,-1.60688,-13.94781,2.07913,1.68853,-12.07242,0.0644,0.53546,0.48971
48.84,0.1625,0.44705,-0.87201,0.00436,-0.00711,0,0.28521,-0.02693,0.0944,0.06673,-0.00345,0.00303,0.0137,-0.59978,-0.05101,0.0579,0.53868,0.01899,0.02213,0.03584,-87.13158,-14.71678,-1.42015,24.32356,-8.5249,0.28314,-0.67913,-11.99351,5.11277,1.69599,-14.48583,0.20864,0.67977,0.55277
48.86,0.10065,0.56434,-0.83026,0.01063,-0.06665,0,0.2934,0.04426,0.08249,0.00279,-0.00214,0.00426,0.01588,-0.80423,-0.04188,0.07252,0.54285,0.02557,0.02397,0.02824,-73.32102,-11.09753,0.23306,12.5614,-3.8268,-0.08688,-0.85335,-9.77567,7.61768,1.91162,-15.75799,0.39953,0.90471,0.60594
48.88,0.04168,0.68456,-0.7302,0.01731,-0.11483,0,0.29125,0.11123,0.07074,-0.04416,-0.00088,0.00539,0.01833,-0.99301,-0.02889,0.08472,0.53751,0.03106,0.02389,0.01484,-59.23104,-7.7198,2.29285,4.20908,-0.10074,0.71557,-1.15826,-7.49155,9.17992,2.11402,-15.14944,0.49091,1.10322,0.54595
48.9,0.00079,0.80479,-0.60494,0.02461,-0.14816,0,0.27734,0.17417,0.0587,-0.07655,0.00034,0.00652,0.02066,-1.15806,-0.01531,0.09429,0.5242,0.03437,0.02192,-0.00337,-46.05631,-4.74445,3.92968,-0.44087,2.19538,2.24516,-1.24921,-5.31891,8.44974,2.0665,-13.27555,1.22656,1.02252,0.27301
48.92,-0.03244,0.91448,-0.48118,0.03303,-0.16458,0,0.24999,0.23311,0.04574,-0.0986,0.00154,0.00774,0.0224,-1.29154,-0.00209,0.10224,0.50573,0.03451,0.01842,-0.0221,-34.49155,-2.36706,5.15175,-2.27003,3.00065,1.9775,-1.44871,-3.51215,4.35703,1.88281,-12.35931,3.39851,0.40799,-0.30651
48.94,-0.06963,1.00789,-0.36751,0.04345,-0.16338,0,0.20808,0.28769,0.03165,-0.11412,0.00278,0.00883,0.02277,-1.37968,0.0122,0.10627,0.48643,0.02952,0.0139,-0.03745,-23.58613,-0.75921,6.04633,-2.2027,2.68436,1.35835,-1.26493,-1.65709,-2.05912,1.8538,-11.13768,5.73411,-0.97038,-1.49871
48.96,-0.09871,1.078,-0.26932,0.05713,-0.14585,0,0.15035,0.33619,0.01643,-0.12523,0.00409,0.00952,0.02114,-1.40944,0.02518,0.10385,0.46956,0.01889,0.00884,-0.04865,-13.18309,0.11412,6.27147,-1.26919,1.75333,1.84905,-0.52833,0.88776,-9.88748,2.35693,-10.36035,7.77497,-3.08039,-3.34856
48.98,-0.1039,1.10257,-0.1919,0.07562,-0.11557,0,0.076,0.37395,0.00042,-0.13199,0.00549,0.00981,0.01733,-1.36763,0.03394,0.09395,0.45677,0.00432,0.00374,-0.05459,-3.77519,0.33158,6.22322,-0.41104,0.66448,3.33979,0.42514,5.1909,-17.29853,3.6932,-10.12921,9.36337,-4.72611,-5.37919
49,-0.10526,1.06345,-0.13474,0.09956,-0.07737,0,-0.01407,0.40208,-0.01546,-0.13234,0.007,0.00966,0.0113,-1.25148,0.03783,0.07794,0.44902,-0.01163,-0.00117,-0.05572,4.06146,-0.04694,5.62226,-0.03742,-0.35023,4.9342,1.1741,12.08782,-21.98275,4.91766,-9.65136,10.07526,-5.60572,-7.114
49.02,-0.15884,0.94129,-0.09498,0.12806,-0.03745,0,-0.11852,0.42291,-0.02951,-0.12291,0.00853,0.00905,0.00331,-1.06122,0.03811,0.05711,0.4471,-0.02422,-0.00479,-0.05308,9.8771,-0.94806,4.04577,0.00168,-1.23078,4.47739,1.26119,20.0139,-21.76244,4.24731,-7.7199,9.1495,-7.16839,-8.28394
49.04,-0.22882,0.72127,-0.06736,0.16097,-0.00484,0,-0.23414,0.42645,-0.03945,-0.10036,0.01001,0.00807,-0.00608,-0.7975,0.03233,0.03132,0.45177,-0.03087,-0.00664,-0.04654,11.24423,-2.11005,2.48944,0.083,-1.62309,2.80557,0.83052,27.36238,-14.34045,2.3146,-5.01975,7.0424,-8.00605,-8.45699
49.06,-0.26343,0.40405,-0.04633,0.19807,0.01053,0,-0.35392,0.40387,-0.04309,-0.06231,0.01129,0.00682,-0.01629,-0.47353,0.01787,0.00413,0.46442,-0.03206,-0.00731,-0.03657,9.17236,-3.29354,1.28849,0.30517,-1.63333,1.01867,0.19846,34.32959,1.362,-0.21678,-2.88352,4.24027,-7.28944,-7.59284
49.08,-0.28947,-0.01855,-0.02714,0.23671,-6e-05,-0,-0.4733,0.35288,-0.03737,-0.0078,0.01211,0.00533,-0.02676,-0.1198,-0.00413,-0.0179,0.48749,-0.02795,-0.00712,-0.02454,6.55424,-4.42373,0.26657,0.61542,-1.64157,-0.77367,-0.51515,39.54569,24.5916,-3.30207,-1.23267,0.89748,-5.66,-6.00659
49.1,-0.28303,-0.48479,-0.00363,0.2701,-0.04229,-0,-0.56943,0.28952,-0.02498,0.06241,0.01208,0.0039,-0.03644,0.21999,-0.03411,-0.02877,0.52276,-0.02048,-0.00677,-0.01229,3.57296,-5.28052,-0.59764,0.88835,-1.60492,-2.41358,-1.2224,42.08732,52.67246,-6.51663,-0.33743,-2.59791,-3.65366,-4.0784
49.12,-0.22815,-0.90548,0.02778,0.28851,-0.1162,-0,-0.60871,0.23825,-0.01355,0.14554,0.01088,0.00266,-0.04392,0.53846,-0.07362,-0.02592,0.56942,-0.01117,-0.00697,-0.00139,0.42256,-5.64419,-1.40563,0.9277,-1.47312,-3.5216,-1.79512,41.38185,80.73001,-9.53496,-0.02253,-6.28691,-1.60453,-2.14586
49.14,-0.16133,-1.31458,0.06877,0.29043,-0.21432,-0,-0.59914,0.19052,-0.00276,0.23635,0.0084,0.00145,-0.04897,0.82281,-0.12157,-0.00831,0.62245,-3e-05,-0.00791,0.00714,-2.91975,-5.19979,-2.23475,0.57594,-1.31583,-4.01061,-2.17044,37.7823,105.01068,-11.98692,0.07187,-10.11381,0.35425,-0.43912
49.16,-0.103,-1.74513,0.12288,0.27889,-0.28897,-0,-0.5566,0.14034,0.00846,0.32619,0.00479,0.00028,-0.05203,1.03597,-0.17791,0.02347,0.66998,0.01164,-0.00974,0.01251,-7.17256,-3.70174,-3.12701,-0.24609,-1.18156,-4.10412,-2.36815,32.60971,123.79874,-13.73413,0.00249,-13.66584,2.03876,0.9074
49.18,-0.0507,-2.157,0.19138,0.25305,-0.35401,-0,-0.47836,0.10168,0.01605,0.40196,0.00043,-0.00079,-0.05309,1.17012,-0.24584,0.066,0.6925,0.0219,-0.01268,0.01456,-13.43528,-1.3591,-4.44046,-1.93198,-1.05032,-3.93142,-2.41817,25.89575,135.5151,-14.68012,-0.19441,-16.67913,3.28079,1.84051
49.2,0.01955,-2.49318,0.27207,0.2184,-0.40923,-0,-0.3707,0.06758,0.01822,0.44733,-0.0041,-0.00173,-0.05262,1.2332,-0.31091,0.10794,0.66939,0.02911,-0.01635,0.01362,-21.72723,2.10991,-5.1679,-3.15857,-0.9365,-3.25471,-2.20429,19.34277,139.8927,-14.8535,-0.36962,-19.15934,4.06134,2.3652
49.22,0.01244,-2.68868,0.36067,0.18271,-0.45051,-0,-0.24139,0.03291,0.01526,0.44677,-0.00798,-0.00241,-0.05118,1.2485,-0.35019,0.13551,0.58478,0.03243,-0.01978,0.0103,-27.40731,6.87862,-2.55218,-1.87558,-0.84292,-1.85794,-1.58459,14.80296,137.53375,-14.35225,-0.35357,-21.33795,4.45058,2.5182
49.24,-0.15079,-2.74252,0.4579,0.15022,-0.48218,-0,-0.10104,0.01002,0.0085,0.38976,-0.01076,-0.00287,-0.04881,1.22489,-0.36941,0.14817,0.42957,0.03058,-0.02267,0.00542,-27.12869,9.81218,1.35835,0.47159,-0.7305,-0.53189,-0.89049,11.07902,129.30521,-13.2392,-0.27637,-22.71539,4.30918,2.35222
49.26,-0.41886,-2.67392,0.564,0.1218,-0.50819,-0,0.03737,0.00052,-0.00084,0.27868,-0.01244,-0.00322,-0.04557,1.16577,-0.3735,0.14705,0.21117,0.02334,-0.02508,-0.0003,-24.30637,8.97579,3.26256,3.50832,-0.57279,0.29187,-0.37672,7.19208,116.50934,-11.6346,-0.23549,-22.82229,3.58378,1.9465
49.28,-0.77333,-2.48263,0.6674,0.09561,-0.529,-0,0.15779,-0.00169,-0.01215,0.13227,-0.01305,-0.00347,-0.04161,1.09158,-0.35143,0.13004,-0.04545,0.01257,-0.02677,-0.00626,-20.99412,5.2121,2.63144,7.90471,-0.38078,0.82547,0.03496,3.47835,100.53972,-9.71258,-0.18001,-21.97043,2.43927,1.3937
49.3,-1.18256,-2.22712,0.77526,0.08009,-0.45964,-0,0.25217,-0.00076,-0.0251,-0.01854,-0.01292,-0.0036,-0.03708,0.9974,-0.30953,0.10197,-0.30229,6e-05,-0.02767,-0.01178,-21.62548,0.89993,-0.08744,11.94171,-0.21131,0.91694,0.21313,0.23773,83.69237,-7.67935,-0.15436,-19.93097,1.03595,0.80172
49.32,-1.59192,-1.97354,0.90371,0.07611,-0.34275,-0,0.33559,0.00157,-0.03927,-0.13381,-0.01242,-0.00355,-0.03204,0.87542,-0.25487,0.0684,-0.50814,-0.01077,-0.02774,-0.016,-25.21071,-1.77375,-2.24119,13.57865,-0.09649,0.58676,0.12029,-2.24341,67.89385,-5.74914,-0.16311,-16.77426,-0.32417,0.26221
49.34,-1.91949,-1.73579,1.02041,0.06834,-0.20381,-0,0.39435,0.00421,-0.05227,-0.18371,-0.01164,-0.00324,-0.02652,0.73963,-0.18123,0.03212,-0.62907,-0.01757,-0.02697,-0.01853,-28.33743,-2.9164,-2.90329,13.45293,-0.01345,0.27046,0.01697,-4.19967,53.54205,-4.08909,-0.14605,-13.51665,-1.36052,-0.17102
49.36,-2.0977,-1.52609,1.09666,0.05208,-0.05026,-0,0.40747,0.00537,-0.06184,-0.16006,-0.01065,-0.00261,-0.02057,0.60377,-0.08928,-0.00336,-0.65712,-0.02111,-0.02516,-0.01946,-30.27509,-2.96773,-2.44947,12.03861,0.03702,0.11159,-0.00632,-5.89972,40.9854,-2.81268,-0.10069,-10.68815,-1.98542,-0.46394
49.38,-2.1274,-1.36413,1.14229,0.03172,0.11165,-0,0.38422,0.00451,-0.06684,-0.07294,-0.00968,-0.00168,-0.0143,0.46863,0.01186,-0.03405,-0.59688,-0.02194,-0.02193,-0.0188,-30.69862,-2.35843,-1.34946,9.4232,0.04733,0.02363,-0.00532,-7.2605,30.7073,-1.98793,-0.04829,-8.32301,-2.19422,-0.61217
49.4,-1.96968,-1.25356,1.14579,0.01074,0.27205,-0,0.31838,0.00245,-0.06842,0.04967,-0.00886,-0.00025,-0.00805,0.31171,0.11301,-0.05798,-0.47623,-0.02137,-0.01789,-0.01703,-27.6371,-1.47656,-0.14401,4.8819,0.03104,-0.02265,-0.00116,-8.20564,22.96692,-1.64029,0.00169,-6.45424,-2.06503,-0.63547
49.42,-1.63571,-1.18874,1.09907,-0.00669,0.41207,-0,0.2173,0.00025,-0.06797,0.17481,-0.00824,0.00189,-0.002,0.12982,0.21202,-0.07604,-0.32925,-0.02078,-0.01351,-0.01469,-22.44094,-0.69108,0.64939,0.99464,-0.00687,-0.0341,0.00399,-8.70651,17.75503,-1.76677,0.041,-5.07658,-1.71902,-0.56689
49.44,-1.23893,-1.15761,1.02341,-0.01666,0.47514,-0,0.11575,-0.00151,-0.0646,0.27318,-0.00795,0.00415,0.00383,-0.0603,0.3041,-0.08805,-0.17977,-0.01981,-0.0084,-0.01193,-17.00109,-0.19349,0.89617,-0.5333,-0.0855,-0.02394,0.00403,-9.04487,14.71601,-2.34391,0.06613,-4.169,-1.2572,-0.44191
49.46,-0.85222,-1.14678,0.92631,-0.01635,0.44019,-0,0.03062,-0.00268,-0.05708,0.32573,-0.00802,0.00587,0.00928,-0.26724,0.38024,-0.09366,-0.0479,-0.01821,-0.00273,-0.00894,-11.76478,-0.00164,0.8137,0.44034,-0.20074,0.00077,-0.00314,-9.39313,13.37417,-3.32744,0.07787,-3.67188,-0.75602,-0.28654
49.48,-0.49751,-1.14763,0.80145,-0.00445,0.41047,-0,-0.03178,-0.00334,-0.04476,0.33114,-0.00834,0.00695,0.01427,-0.50482,0.43666,-0.09422,0.05382,-0.01624,0.00291,-0.00603,-7.36494,-0.05229,0.59091,3.36705,-0.33758,0.03427,-0.01646,-9.57716,13.17965,-4.64576,0.07769,-3.4865,-0.26168,-0.11612
49.5,-0.17143,-1.13726,0.64546,0.01933,0.37886,-0,-0.06496,-0.00215,-0.0305,0.30081,-0.0088,0.00708,0.01876,-0.76486,0.47864,-0.09326,0.12242,-0.01404,0.00816,-0.00339,-4.00691,-0.23351,0.41173,7.46472,-0.45456,0.07079,-0.03357,-9.92376,13.44679,-6.20546,0.06938,-3.51701,0.20464,0.06124
49.52,0.1048,-1.08944,0.46945,0.05338,0.33595,-0,-0.06517,0.00271,-0.01536,0.2551,-0.00926,0.00621,0.02267,-1.01556,0.5161,-0.09466,0.16133,-0.01175,0.01308,-0.00123,-1.45735,-0.42007,0.34638,12.69903,-0.49422,0.11089,-0.04972,-10.77629,13.55534,-7.91022,0.05687,-3.66852,0.63153,0.24114
49.54,0.3127,-1.01368,0.30071,0.09502,0.2936,-0,-0.02932,0.01147,0.00118,0.21681,-0.00959,0.00484,0.02593,-1.25259,0.54233,-0.09717,0.17788,-0.00951,0.01744,0.00033,-0.14009,-0.54159,0.29547,18.13817,-0.45829,0.1533,-0.06417,-11.63919,13.18188,-9.66229,0.04157,-3.84361,1.00583,0.41761
49.56,0.47029,-0.92021,0.16323,0.14129,0.26159,0,0.0424,0.0246,0.01672,0.20055,-0.00973,0.00327,0.02836,-1.48623,0.5502,-0.09878,0.18078,-0.00745,0.02078,0.00119,-0.08825,-0.55499,0.16949,22.23333,-0.37001,0.1941,-0.07894,-12.23671,12.29421,-11.38525,0.0255,-3.95687,1.3106,0.57951
49.58,0.58603,-0.80091,0.07497,0.18939,0.23438,0,0.14348,0.04363,0.02897,0.21081,-0.00963,0.00164,0.02971,-1.70348,0.54598,-0.10047,0.17931,-0.00576,0.02309,0.00128,-0.8117,-0.45757,-0.05451,24.44203,-0.24696,0.23102,-0.09385,-12.90697,11.07296,-13.04727,0.01072,-3.93461,1.5258,0.71027
49.6,0.6663,-0.67124,0.0486,0.22796,0.21648,0,0.26562,0.07428,0.03808,0.24458,-0.00944,0.00011,0.02977,-1.88408,0.52711,-0.10143,0.18301,-0.00462,0.02445,0.00056,-1.77884,-0.26999,-0.3597,24.63961,-0.1197,0.25814,-0.10533,-13.93938,9.79249,-14.57347,-0.00229,-3.70911,1.6421,0.786
49.62,0.72165,-0.54562,0.08733,0.23953,0.21314,0,0.40712,0.12441,0.04581,0.29374,-0.00931,-0.00121,0.02838,-2.0064,0.49067,-0.10066,0.20033,-0.0042,0.02504,-0.00096,-2.56292,-0.07492,-0.74958,23.22318,-0.01747,0.26743,-0.1078,-15.60662,8.71112,-15.87363,-0.01285,-3.22603,1.64602,0.78007
49.64,0.75392,-0.42421,0.18479,0.22769,0.21607,0,0.55586,0.19236,0.0532,0.34815,-0.00919,-0.00226,0.02526,-2.07336,0.43899,-0.09877,0.23639,-0.00458,0.02482,-0.00322,-2.79519,0.03083,-1.1373,20.61852,0.04097,0.25162,-0.10145,-18.18186,8.03818,-16.96407,-0.02061,-2.45576,1.47225,0.67542
49.66,0.76774,-0.32466,0.32404,0.20359,0.21863,0,0.69132,0.2725,0.06128,0.39895,-0.009,-0.00292,0.02039,-2.08758,0.3722,-0.09714,0.29074,-0.00575,0.02385,-0.0061,-2.19693,0.04654,-1.38687,17.13258,0.05165,0.20996,-0.08862,-21.75756,7.92689,-17.85857,-0.02513,-1.40707,1.05104,0.46761
49.68,0.77626,-0.27278,0.47754,0.16924,0.21947,0,0.79722,0.36128,0.07147,0.43949,-0.00874,-0.00309,0.01418,-2.03003,0.28807,-0.09795,0.35563,-0.00755,0.02244,-0.00938,-0.81048,0.01411,-1.46535,13.14398,0.02433,0.15142,-0.06987,-26.24728,8.50633,-18.50718,-0.02512,-0.13997,0.36295,0.17066
49.7,0.76865,-0.28788,0.6149,0.1291,0.22208,-0,0.88962,0.46222,0.08674,0.46487,-0.00837,-0.00283,0.00712,-1.91169,0.17307,-0.09596,0.4176,-0.00975,0.02041,-0.01268,1.27567,-0.02597,-1.37475,8.65835,-0.02231,0.08682,-0.04777,-31.46542,9.90625,-18.92094,-0.0202,1.23237,-0.53251,-0.17467
49.72,0.73045,-0.38127,0.7119,0.08699,0.23166,-0,1.00522,0.58049,0.11103,0.47199,-0.00784,-0.00214,-5e-05,-1.73881,0.03067,-0.0861,0.46085,-0.01202,0.01763,-0.01554,3.86731,-0.05446,-1.15405,3.85625,-0.06804,0.02945,-0.02359,-37.11745,12.20554,-19.14853,-0.01104,2.54262,-1.45487,-0.51653
49.74,0.67417,-0.55281,0.74459,0.04323,0.22257,-0,1.11736,0.70257,0.14382,0.45937,-0.00704,-0.00077,-0.00656,-1.49593,-0.12238,-0.0727,0.47033,-0.01411,0.01468,-0.01762,6.51599,-0.06929,-0.87345,-0.6431,-0.09457,-0.00682,0.00263,-42.68162,15.35371,-19.17953,0.00118,3.65525,-2.21064,-0.80278
49.76,0.60929,-0.79031,0.70441,-0.00035,0.1764,-0,1.19722,0.81651,0.18326,0.42843,-0.00592,0.00148,-0.01201,-1.18513,-0.28408,-0.05689,0.43855,-0.01577,0.01181,-0.01873,8.68444,-0.07444,-0.59171,-4.20015,-0.09182,-0.01307,0.02915,-47.59486,19.13361,-19.00374,0.01417,4.51043,-2.6851,-0.99396
49.78,0.54979,-1.07282,0.6088,-0.03742,0.12909,-0,1.26218,0.92426,0.22995,0.38349,-0.00449,0.00467,-0.01615,-0.82743,-0.45157,-0.03557,0.36913,-0.01681,0.00895,-0.01874,9.8084,-0.07259,-0.3474,-6.11276,-0.06908,0.01439,0.05087,-51.38588,23.14053,-18.64493,0.02543,5.0859,-2.82386,-1.07926
49.8,0.4608,-1.35282,0.48252,-0.06779,0.08357,-0,1.30872,1.03001,0.28374,0.33033,-0.00276,0.00897,-0.01873,-0.49631,-0.60641,-0.0069,0.27435,-0.01715,0.00582,-0.01777,9.34746,-0.06543,-0.16438,-5.57361,-0.07032,0.07705,0.05841,-53.48697,26.77423,-18.051,0.0326,5.40181,-2.67081,-1.06932
49.82,0.2915,-1.56598,0.35368,-0.09275,0.04199,-0,1.33646,1.13991,0.34402,0.27548,-0.00082,0.01484,-0.0195,-0.22057,-0.71796,0.02258,0.17162,-0.01674,0.00239,-0.01602,6.85611,-0.05586,-0.04508,-1.87988,-0.19631,0.17204,0.03593,-53.46513,29.37694,-17.15984,0.03381,5.49796,-2.32939,-0.99144
49.84,0.08238,-1.68044,0.24595,-0.11455,0.005,-0,1.36871,1.25757,0.40847,0.22448,0.00113,0.02221,-0.01848,0.03106,-0.78148,0.04518,0.07742,-0.01545,-0.00099,-0.01355,1.936,-0.04604,0.02185,5.22403,-0.60053,0.28084,-0.0468,-51.18082,30.51735,-16.00465,0.02827,5.42606,-1.89139,-0.88075
49.86,-0.12188,-1.68086,0.16915,-0.13512,-0.02629,-0,1.42589,1.38473,0.47426,0.17999,0.00294,0.03081,-0.01578,0.24818,-0.80432,0.05946,0.00339,-0.01322,-0.00427,-0.01047,-5.51038,-0.03949,0.03877,15.53113,-1.48331,0.35969,-0.23511,-46.7092,30.01763,-14.6142,0.01606,5.23776,-1.43622,-0.76368
49.88,-0.33475,-1.55265,0.12226,-0.15651,-0.05092,-0,1.53161,1.52503,0.53975,0.14221,0.00439,0.04088,-0.01145,0.41804,-0.7824,0.06381,-0.04383,-0.01009,-0.00743,-0.00703,-15.13883,-0.03564,-0.00179,28.45814,-3.01258,0.35684,-0.5682,-40.40881,27.89057,-12.99576,-0.00177,4.96809,-1.02372,-0.65409
49.9,-0.5087,-1.29005,0.09756,-0.17734,-0.06774,-0,1.71207,1.68458,0.6002,0.10969,0.00521,0.05274,-0.0058,0.54182,-0.72599,0.05858,-0.06173,-0.00639,-0.01043,-0.00351,-25.63037,-0.02784,-0.11197,41.9407,-5.34232,0.15427,-1.10735,-32.65203,24.52417,-11.16327,-0.02291,4.66028,-0.6889,-0.55608
49.92,-0.60394,-0.90551,0.08366,-0.1953,-0.07541,-0,2.00235,1.86757,0.64923,0.07993,0.00502,0.06674,0.00097,0.62653,-0.64854,0.04512,-0.0508,-0.00248,-0.0133,-0.00017,-34.5245,-0.00801,-0.29853,51.69954,-8.94561,-0.73119,-2.01233,-24.22958,20.40291,-9.17624,-0.0436,4.34069,-0.4383,-0.46506
49.94,-0.66099,-0.43532,0.06896,-0.21172,-0.07447,-0,2.46817,2.06939,0.68297,0.04976,0.00344,0.08378,0.00877,0.67718,-0.55561,0.02512,-0.01351,0.00146,-0.0159,0.00284,-40.34813,0.02415,-0.44623,55.97247,-13.47816,-2.57516,-3.22959,-16.37211,15.90063,-7.18097,-0.0606,3.98983,-0.25467,-0.37181
49.96,-0.70497,0.08742,0.04326,-0.22692,-0.06624,-0,3.17512,2.28164,0.69489,0.01589,7e-05,0.10479,0.0173,0.69592,-0.45522,0.00108,0.04624,0.00515,-0.0181,0.00546,-42.14079,0.05801,-0.25049,54.99376,-17.72102,-5.04154,-4.45783,-9.91082,11.45975,-5.31547,-0.07206,3.58303,-0.11622,-0.26828
49.98,-0.72994,0.63131,-0.00141,-0.23866,-0.05205,-0,4.1557,2.49427,0.67476,-0.02482,-0.00528,0.13027,0.02623,0.69325,-0.35692,-0.02413,0.12293,0.00853,-0.01986,0.00778,-38.96059,0.08775,0.72067,47.5693,-21.01513,-7.94752,-5.47761,-5.1857,7.51937,-3.66102,-0.07664,3.10957,-0.01069,-0.15428
50,-0.70096,1.15438,-0.0652,-0.24382,-0.03322,-0,5.45793,2.70579,0.61836,-0.07479,-0.01248,0.16213,0.03523,0.67122,-0.2709,-0.04755,0.20958,0.01166,-0.02107,0.00994,-31.56365,0.13365,2.79832,38.57217,-22.243,-10.18326,-5.90992,-2.18674,4.42523,-2.26274,-0.07322,2.57751,0.05472,-0.04302
50.02,-0.59708,1.60754,-0.14008,-0.23981,-0.01205,-0,7.11709,2.91545,0.52119,-0.13442,-0.02094,0.20197,0.04391,0.63064,-0.20397,-0.06704,0.2986,0.01457,-0.02155,0.01212,-21.46818,0.25019,5.31821,32.80598,-21.09392,-10.62771,-5.61443,-0.63519,2.24923,-1.12993,-0.06156,2.02009,0.04901,0.03989
50.04,-0.45397,1.95808,-0.21585,-0.22609,0.00855,-0,9.08278,3.09001,0.37375,-0.20178,-0.02924,0.24899,0.05187,0.58083,-0.15578,-0.08052,0.38294,0.01759,-0.02129,0.0145,-10.54774,0.51083,7.66392,26.97429,-18.78065,-9.88872,-4.82045,-0.04692,0.8822,-0.23125,-0.04358,1.47843,-0.0724,0.0627
50.06,-0.29471,2.19266,-0.28299,-0.20321,0.02674,-0,11.25875,3.20434,0.17516,-0.27189,-0.03529,0.30063,0.05886,0.52817,-0.12415,-0.08649,0.45643,0.02094,-0.02036,0.0172,-0.67101,0.97484,9.82651,19.82194,-16.3159,-8.63213,-3.72038,0.11916,0.18591,0.48492,-0.02177,0.99308,-0.35138,-0.0036
50.08,-0.12321,2.30148,-0.33485,-0.17256,0.04119,-0,13.49252,3.2645,-0.06501,-0.33521,-0.03833,0.35089,0.06499,0.47489,-0.10622,-0.08492,0.51328,0.02448,-0.0188,0.02019,6.88543,1.65346,11.45248,13.13864,-13.97271,-6.99434,-2.45552,0.27571,-0.00996,1.06173,0.00148,0.59533,-0.8151,-0.17723
50.1,0.04835,2.27964,-0.35549,-0.13465,0.05028,-0,15.78955,3.21924,-0.32955,-0.37753,-0.03215,0.40272,0.07005,0.41537,-0.09589,-0.0762,0.54796,0.02812,-0.01669,0.02345,11.60108,2.48183,12.47305,7.3837,-12.02781,-5.23679,-1.19153,0.64756,0.12716,1.52877,0.02335,0.3023,-1.45949,-0.45947
50.12,0.18753,2.12885,-0.3365,-0.09248,0.05229,-0,18.21602,3.01226,-0.59141,-0.38221,-0.00537,0.46141,0.0736,0.3475,-0.08673,-0.06103,0.55563,0.03174,-0.01406,0.02707,13.52258,3.31072,12.99769,2.81437,-10.57846,-3.627,-0.09593,1.08967,0.31027,1.70282,0.01734,0.14343,-1.99809,-0.71312
50.14,0.27262,1.86844,-0.30001,-0.05226,0.04691,-0,20.43461,2.68228,-0.8201,-0.33601,0.03746,0.50919,0.07595,0.28115,-0.07573,-0.04084,0.53232,0.03478,-0.01127,0.03086,13.0453,4.04789,13.14306,-0.41349,-9.4694,-2.3799,0.71107,1.66076,0.55662,1.84108,0.00962,0.01532,-2.6047,-1.01097
50.16,0.31053,1.52596,-0.26546,-0.0173,0.03476,-0,22.11832,2.28771,-0.99298,-0.23229,0.08566,0.53177,0.07735,0.22099,-0.0616,-0.01717,0.47695,0.03674,-0.00859,0.03466,10.70802,4.6618,13.07623,-2.46092,-8.57012,-1.55934,1.20262,2.32251,0.84414,1.93406,0.00104,-0.08389,-3.24391,-1.33108
50.18,0.30902,1.12898,-0.23919,0.01126,0.01633,-0,23.17885,1.86166,-1.09561,-0.07197,0.13691,0.53325,0.07716,0.16599,-0.04394,0.00838,0.39255,0.03752,-0.00595,0.03866,7.10309,5.08951,12.8466,-3.55511,-7.80308,-1.09417,1.41455,3.02876,1.14335,1.94892,-0.00736,-0.16337,-3.9504,-1.66062
50.2,0.27588,0.71824,-0.22391,0.03253,-0.0078,0,23.7023,1.38166,-1.10527,0.13486,0.18439,0.512,0.07507,0.11601,-0.0243,0.03343,0.28465,0.03726,-0.00396,0.04284,2.85513,5.28385,12.48657,-3.96495,-7.071,-0.86949,1.43274,3.73954,1.43294,1.90927,-0.0152,-0.21405,-4.38327,-1.90299
50.22,0.21958,0.33539,-0.22267,0.04601,-0.03692,0,23.79122,0.86497,-0.99876,0.37259,0.22139,0.4673,0.07092,0.07243,-0.00552,0.05588,0.16146,0.03624,-0.00281,0.04703,-1.50748,5.21622,12.01038,-3.94208,-6.30225,-0.74772,1.36024,4.43235,1.69398,1.88424,-0.02219,-0.19244,-4.04495,-1.91263
50.24,0.16245,0.0102,-0.23628,0.05227,-0.06958,0,23.24801,0.43536,-0.80391,0.61996,0.24425,0.41006,0.06412,0.03764,0.00759,0.07372,0.03254,0.03437,-0.00176,0.05122,-5.57243,4.90042,11.39206,-3.63013,-5.47357,-0.5978,1.27313,5.06884,1.87388,1.82005,-0.026,-0.13167,-3.35548,-1.74747
50.26,0.11517,-0.23729,-0.25602,0.05264,-0.1043,0,22.02188,0.15266,-0.57092,0.85185,0.2496,0.34881,0.05477,0.0123,0.01068,0.0852,-0.0936,0.03158,-0.00069,0.05504,-8.98492,4.37776,10.6327,-3.14051,-4.55876,-0.33531,1.21961,5.6032,1.92741,1.64798,-0.02529,-0.07836,-2.66378,-1.4995
50.28,0.06951,-0.40099,-0.2723,0.04818,-0.1403,0,20.28557,0.01037,-0.32798,1.0378,0.23784,0.28595,0.0438,-0.00385,0.00139,0.08953,-0.20831,0.02806,0.00024,0.05732,-11.43849,3.69568,9.76902,-2.57581,-3.53158,0.06983,1.22041,6.00254,1.84342,1.39496,-0.02123,-0.03073,-1.90858,-1.16803
50.3,0.025,-0.48187,-0.26768,0.04126,-0.17647,0,18.22925,-0.00355,-0.10946,1.15713,0.20779,0.22243,0.03231,-0.0111,-0.01982,0.08381,-0.30178,0.02369,0.00103,0.05741,-12.73852,2.94039,8.88048,-2.01769,-2.38382,0.60271,1.26557,6.22416,1.652,0.94025,-0.01429,-0.00334,-1.26146,-0.8261
50.32,-0.04428,-0.49833,-0.23175,0.03412,-0.21173,0,16.06132,0.06955,0.05261,1.19926,0.16237,0.16122,0.0214,-0.00975,-0.04491,0.06757,-0.36448,0.01848,0.00171,0.0547,-12.76797,2.19736,8.04715,-1.51496,-1.1331,1.20259,1.32676,6.2252,1.40319,0.28024,-0.00623,0.03463,-0.76038,-0.51504
50.34,-0.17082,-0.48936,-0.18024,0.02628,-0.24595,0,13.88344,0.17968,0.15121,1.14121,0.11104,0.10506,0.01218,0.00081,-0.06627,0.04517,-0.38999,0.01277,0.00235,0.04692,-11.29617,1.53418,7.29256,-1.07338,0.18577,1.80516,1.37331,5.96107,1.09752,-0.39911,0.00027,0.12508,-0.28483,-0.21848
50.36,-0.35484,-0.47348,-0.12809,0.01726,-0.27868,0,11.76109,0.28959,0.1945,0.96792,0.06224,0.0557,0.00542,0.02154,-0.07938,0.0189,-0.37683,0.00674,0.00303,0.03303,-8.25264,0.99712,6.614,-0.69864,1.53762,2.36286,1.38005,5.41774,0.74903,-1.06663,0.00469,0.26045,0.19233,0.06122
50.38,-0.5995,-0.43832,-0.083,0.00731,-0.3084,0,9.76057,0.37556,0.19728,0.68286,0.02131,0.01467,0.00136,0.05337,-0.07839,-0.0102,-0.32901,0.00044,0.0037,0.01412,-3.88473,0.61085,5.99497,-0.39889,2.87129,2.82296,1.32964,4.63025,0.39584,-1.7591,0.00813,0.40333,0.60124,0.2875
50.4,-0.88659,-0.37167,-0.05195,-0.00352,-0.3355,0,7.95222,0.40268,0.16295,0.32974,-0.00977,-0.01693,-0.00021,0.09736,-0.06001,-0.0403,-0.25627,-0.00597,0.00437,-0.00828,1.36746,0.40231,5.40936,-0.17087,4.10172,3.13423,1.213,3.61861,0.05633,-2.30011,0.01093,0.61846,0.99926,0.48248
50.42,-1.18282,-0.27185,-0.03948,-0.01682,-0.3607,0,6.38575,0.34988,0.10381,-0.02718,-0.0247,-0.03662,6e-05,0.15487,-0.02354,-0.06946,-0.17121,-0.01232,0.00518,-0.02997,6.81715,0.37336,4.8209,-0.0098,5.12038,3.25151,1.02852,2.52266,-0.20586,-2.35652,0.0087,1.05258,1.78796,0.84269
50.44,-1.48151,-0.14032,-0.04564,-0.03399,-0.38073,0,5.03013,0.25397,0.05105,-0.35762,-0.02536,-0.04615,0.00114,0.22729,0.02865,-0.09595,-0.08562,-0.01841,0.00578,-0.04763,11.78852,0.50644,4.17525,0.09172,5.83998,3.15318,0.78277,1.45523,-0.34666,-2.1858,0.00224,1.59589,2.86627,1.3027
50.46,-1.77364,-0.00014,-0.06812,-0.05458,-0.39314,0,3.83828,0.15507,0.01715,-0.62957,-0.02087,-0.04912,0.00179,0.31573,0.09141,-0.11861,-0.00929,-0.02401,0.00592,-0.06089,15.80032,0.77567,3.44367,0.14533,6.20892,2.84787,0.49009,0.47546,-0.37958,-2.03855,-0.00616,2.05956,3.83165,1.66796
50.48,-2.05315,0.10679,-0.10711,-0.07851,-0.39817,0,2.78684,0.07301,-0.00148,-0.79462,-0.01422,-0.04685,0.0011,0.42103,0.15499,-0.13614,0.05035,-0.02899,0.0058,-0.06925,18.46215,1.14955,2.64188,0.16281,6.20172,2.36907,0.17454,-0.40318,-0.32305,-1.84649,-0.01712,2.50481,4.83956,1.96918
50.5,-2.23815,0.16117,-0.15891,-0.10458,-0.39362,0,1.8994,0.0002,-0.00917,-0.7925,-0.00769,-0.04071,-0.00132,0.54313,0.21394,-0.15012,0.08787,-0.03284,0.00506,-0.07304,19.5644,1.54145,1.8155,0.1555,5.82911,1.79485,-0.12965,-1.17314,-0.22171,-1.69403,-0.02625,2.72295,5.41094,2.05807
50.52,-2.24395,0.15618,-0.21424,-0.1308,-0.37771,0,1.17319,-0.06491,-0.00694,-0.61245,0.0009,-0.03092,-0.00482,0.67909,0.27385,-0.16344,0.0999,-0.03478,0.00354,-0.07294,19.08177,1.81768,1.02843,0.13351,5.14034,1.20657,-0.3895,-1.82987,-0.10113,-1.59429,-0.02942,2.48036,4.82688,1.81362
50.54,-2.13705,0.08985,-0.28151,-0.15603,-0.35024,0,0.55565,-0.09704,-0.00177,-0.32181,0.01541,-0.01817,-0.00833,0.82274,0.32636,-0.17408,0.08599,-0.03506,0.00207,-0.06944,17.11938,1.92964,0.34492,0.10491,4.22698,0.65955,-0.578,-2.36645,0.04726,-1.45426,-0.0291,2.0744,3.87471,1.46717
50.56,-1.98385,-0.01781,-0.37317,-0.17869,-0.3102,0,0.02608,-0.09161,-3e-05,0.02198,0.03432,-0.00496,-0.01113,0.96343,0.35718,-0.17922,0.04896,-0.03408,0.00108,-0.06318,14.03353,1.87632,-0.18278,0.07587,3.21094,0.20652,-0.67813,-2.78279,0.21585,-1.26098,-0.02737,1.69845,3.06217,1.15364
50.58,-1.79146,-0.14238,-0.48512,-0.19639,-0.25659,0,-0.42435,-0.0649,-0.00028,0.36976,0.05145,0.0053,-0.01259,1.08233,0.36296,-0.1779,-0.00499,-0.03167,0.0005,-0.0546,10.4114,1.65603,-0.52219,0.05059,2.22667,-0.11176,-0.68859,-3.08849,0.38906,-1.0572,-0.02437,1.33315,2.30982,0.86563
50.6,-1.52789,-0.26565,-0.6019,-0.20425,-0.18607,0,-0.81934,-0.03404,0.0004,0.66298,0.06308,0.00898,-0.012,1.17408,0.35503,-0.17195,-0.06655,-0.02808,0.00017,-0.04491,6.87311,1.30311,-0.6709,0.03094,1.39951,-0.28179,-0.62237,-3.2788,0.55954,-0.86825,-0.02006,0.98669,1.66126,0.62129
50.62,-1.19237,-0.3745,-0.70029,-0.19681,-0.09936,0,-1.19618,-0.0096,0.00659,0.85771,0.06904,0.00369,-0.00903,1.2432,0.35201,-0.16388,-0.12469,-0.02348,1e-05,-0.03503,3.93517,0.89646,-0.66282,0.01722,0.79385,-0.32098,-0.50405,-3.34892,0.73104,-0.71043,-0.01489,0.6773,1.14595,0.43047
50.64,-0.86152,-0.46301,-0.75363,-0.17065,-0.0032,0,-1.58282,0.0012,0.02062,0.92153,0.05639,-0.01001,-0.0051,1.26469,0.33845,-0.14964,-0.17063,-0.01735,-2e-05,-0.02471,1.86925,0.53835,-0.56072,0.0087,0.4024,-0.26733,-0.36336,-3.33717,0.88008,-0.59328,-0.01029,0.43283,0.76066,0.29104
50.66,-0.56506,-0.52944,-0.72723,-0.1226,0.097,0,-1.99374,-0.01223,0.03885,0.8541,0.02115,-0.02863,-0.00185,1.22266,0.30254,-0.12765,-0.1998,-0.0093,-4e-05,-0.01405,0.65437,0.28386,-0.43383,0.00391,0.17991,-0.17044,-0.23057,-3.29541,0.98005,-0.51843,-0.00683,0.25834,0.499,0.19917
50.68,-0.2907,-0.57278,-0.5868,-0.05033,0.1976,0,-2.4459,-0.05935,0.05384,0.6857,-0.02826,-0.0474,-0.00012,1.13327,0.25826,-0.10199,-0.2108,0.0009,-0.0001,-0.00345,0.09988,0.14334,-0.33794,0.0014,0.07277,-0.08252,-0.13474,-3.27113,1.03866,-0.48354,-0.00422,0.13966,0.33919,0.14674
50.7,-0.03751,-0.58883,-0.30972,0.04547,0.28886,0,-2.98835,-0.14367,0.05154,0.44035,-0.07855,-0.06039,-0.00027,1.00307,0.19292,-0.07377,-0.20614,0.01348,-8e-05,0.00678,-0.02586,0.10043,-0.31805,-9e-05,0.0386,-0.04707,-0.09866,-3.33055,1.06033,-0.48591,-0.00232,0.06376,0.25599,0.1235
50.72,0.19754,-0.57475,0.10011,0.15771,0.26092,0,-3.71881,-0.26031,0.01708,0.17188,-0.08296,-0.05569,-0.00088,0.84401,0.10789,-0.04602,-0.19039,0.02873,0.00031,0.01652,0.09579,0.12637,-0.41822,-0.00186,0.04576,-0.0904,-0.13348,-3.54266,1.04992,-0.52462,-0.00093,0.01593,0.22122,0.11778
50.74,0.41836,-0.5328,0.6151,0.27811,0.21206,-0,-4.73321,-0.39618,-0.05857,-0.00834,-0.04869,-0.03624,-0.0005,0.67977,0.03054,-0.02322,-0.16731,0.04652,0.00103,0.02558,0.40327,0.20561,-0.68999,-0.00549,0.06008,-0.21632,-0.2352,-3.9535,1.03691,-0.59604,0.0002,-0.01902,0.20363,0.11659
50.76,0.62944,-0.4648,1.1985,0.40104,0.17301,-0,-6.12134,-0.52485,-0.17471,0.00765,-0.01479,-0.01575,0.00222,0.52646,-0.03405,-0.0064,-0.14093,0.06585,0.00178,0.03352,0.98341,0.33015,-1.20647,-0.01313,0.03465,-0.39746,-0.37359,-4.58932,1.03826,-0.69658,0.00123,-0.05522,0.17004,0.10591
50.78,0.84588,-0.37047,1.81717,0.5204,0.14811,-0,-7.98715,-0.61458,-0.32252,0.2892,0.02191,0.00745,0.00807,0.39278,-0.09658,0.00532,-0.11589,0.08377,0.00233,0.03947,2.03658,0.50726,-2.06249,-0.02747,-0.09093,-0.57848,-0.49173,-5.45682,1.04187,-0.82459,0.00234,-0.10622,0.08575,0.07073
50.8,1.04978,-0.25027,2.39036,0.62169,0.12671,-0,-10.58015,-0.57321,-0.4429,0.87758,0.03871,0.01661,0.01764,0.26768,-0.1521,0.01222,-0.0973,0.0993,0.00288,0.04371,3.77917,0.71231,-3.32024,-0.05118,-0.37675,-0.68794,-0.51703,-6.51911,1.07691,-0.95284,0.00369,-0.18378,-0.08491,-0.00476
50.82,1.20265,-0.11357,2.7877,0.68495,0.09588,-0,-13.96084,-0.33462,-0.40378,1.74029,0.02405,-0.01032,0.03196,0.14909,-0.16589,0.0132,-0.08928,0.11306,0.00377,0.04721,6.32936,0.83506,-4.96812,-0.08591,-0.86234,-0.66017,-0.37925,-7.7172,1.19072,-1.03836,0.00542,-0.29645,-0.37552,-0.1368
50.84,1.32717,0.02156,2.99445,0.7086,0.06998,-0,-17.54125,-0.02047,-0.1701,2.71252,0.00998,-0.05236,0.045,0.04803,-0.14366,0.00911,-0.0934,0.11772,0.00462,0.04776,9.63396,0.82012,-6.95482,-0.13102,-1.55317,-0.46597,-0.03838,-9.01466,1.36102,-1.05687,0.00765,-0.45358,-0.81617,-0.34146
50.86,1.44904,0.13268,3.0361,0.70021,0.06108,-0,-20.77413,0.22733,0.20224,3.59795,0.01087,-0.09326,0.05105,-0.04234,-0.118,0.00118,-0.10897,0.10888,0.00506,0.04388,13.49362,0.67996,-9.19293,-0.1828,-2.4242,-0.11157,0.51023,-10.38424,1.56275,-0.97319,0.01045,-0.66567,-1.43463,-0.63414
50.88,1.65508,0.19712,2.97402,0.66228,0.06366,-0,-22.52575,0.2912,0.68238,4.11054,0.00954,-0.14586,0.04759,-0.13598,-0.09387,-0.01048,-0.13284,0.09113,0.00523,0.03686,17.659,0.40249,-11.56259,-0.23442,-3.43531,0.37365,1.23913,-11.7851,1.80474,-0.73718,0.01372,-0.93596,-2.24541,-1.02735
50.9,1.89348,0.18742,2.82401,0.59422,0.07347,-0,-22.57026,0.12633,1.15489,4.21487,0.03282,-0.18498,0.03811,-0.24007,-0.05457,-0.02471,-0.15863,0.06595,0.00493,0.02702,21.76786,-0.09328,-13.90097,-0.27412,-4.54774,0.94266,2.09383,-13.09345,2.12456,-0.30759,0.01688,-1.26071,-3.24417,-1.52496
50.92,1.87281,0.05525,2.41994,0.49822,0.08416,-0,-22.21148,-0.25765,1.50612,4.18879,0.14619,-0.17571,0.03035,-0.35418,0.02511,-0.0371,-0.17763,0.03855,0.00397,0.01626,25.43097,-0.94052,-16.02524,-0.28632,-5.72814,1.53536,3.00397,-14.07632,2.53366,0.30455,0.01861,-1.64594,-4.48056,-2.134
50.94,1.67877,-0.21158,1.87219,0.39213,0.09469,-0,-21.24768,-0.80161,1.69333,3.9314,0.29119,-0.13368,0.02473,-0.48278,0.11345,-0.04594,-0.18114,0.01779,0.00255,0.00789,28.53065,-1.99233,-17.87136,-0.25586,-6.93047,2.09491,3.8968,-14.66078,2.94889,1.01178,0.01776,-2.04983,-5.83654,-2.81537
50.96,1.44025,-0.59908,1.29791,0.29066,0.10342,-0,-19.69262,-1.44968,1.71907,3.3812,0.38683,-0.08467,0.02175,-0.63354,0.18021,-0.05226,-0.16269,0.00551,0.00093,0.00309,31.11879,-3.03656,-19.43111,-0.16558,-8.10227,2.57225,4.70848,-14.82296,3.28924,1.68155,0.01345,-2.41557,-7.14033,-3.50935
50.98,1.18069,-1.07402,0.7849,0.1977,0.09862,-0,-17.69342,-2.12038,1.59379,2.56771,0.44284,-0.02525,0.0214,-0.80933,0.24118,-0.05399,-0.11869,0.00029,-0.00064,0.00171,33.30344,-4.06336,-20.66494,0.00474,-9.1865,2.91435,5.38316,-14.58386,3.52059,2.09137,0.00807,-2.82601,-8.87478,-4.32019
51,0.76654,-1.60027,0.38404,0.11783,0.09732,-0,-15.71183,-2.63985,1.32892,1.5415,0.4253,0.02292,0.02259,-0.98946,0.27296,-0.04945,-0.04911,0.00085,-0.00179,0.00317,35.05927,-4.90176,-21.54854,0.27565,-10.14257,3.05856,5.85285,-13.81116,3.63788,2.14573,-0.00221,-2.87208,-9.16574,-4.68875
51.02,0.1949,-2.09095,0.32948,0.05052,0.12119,-0,-13.63761,-2.45404,0.94,0.37321,0.3179,0.03598,0.02261,-1.13958,0.25719,-0.03813,0.0438,0.00587,-0.00209,0.00656,36.28592,-5.40893,-22.02912,0.65572,-10.94227,2.94344,6.04442,-12.52689,3.76148,2.10218,-0.01832,-1.93464,-5.76304,-3.7793
51.04,-0.48331,-2.47535,0.42107,-0.0095,0.14776,0,-11.76972,-1.80186,0.55511,-0.72613,0.20195,0.03302,0.01753,-1.26696,0.21845,-0.02299,0.15704,0.01403,-0.00129,0.01083,37.26239,-5.65974,-22.11826,1.14916,-11.50063,2.55645,5.94091,-11.59377,3.751,2.28036,-0.01929,-0.74783,-2.38452,-2.40174
51.06,-1.10056,-2.70524,0.54637,-0.06707,0.15855,0,-9.84279,-0.97116,0.24418,-1.63967,0.11686,0.02765,0.00414,-1.38551,0.17125,-0.00832,0.28724,0.02357,0.00067,0.01481,38.16787,-5.7073,-21.84928,1.76413,-11.75428,1.91789,5.55205,-11.16794,3.38896,2.66442,0.00369,0.09163,-0.22095,-1.19141
51.08,-1.42465,-2.7797,0.6206,-0.0983,0.08044,0,-7.6731,-0.08457,0.04009,-2.30368,0.05727,0.02117,-0.01727,-1.47827,0.11269,0.00025,0.43024,0.03159,0.00361,0.01743,38.74801,-5.56937,-21.16934,2.4899,-11.71475,1.06834,4.88536,-10.93887,2.71293,3.8175,0.04278,0.69901,1.61024,0.05534
51.1,-1.69416,-2.7432,0.50541,-0.12963,0.00587,0,-5.6508,0.60321,-0.01076,-2.69124,0.02197,0.01533,-0.04289,-1.55735,0.02594,-0.00348,0.58172,0.03629,0.00703,0.01784,38.85701,-5.11004,-20.25215,3.30232,-11.36392,0.10166,4.02132,-10.20602,1.87584,4.82812,0.08271,0.90422,2.38168,0.70386
51.12,-1.87529,-2.63978,0.17394,-0.1667,-0.06906,0,-4.1246,0.87334,0.08385,-2.84476,0.00502,0.01119,-0.06505,-1.65351,-0.05993,-0.00828,0.73709,0.03696,0.01052,0.01541,38.31829,-4.29668,-19.26656,4.15044,-10.68189,-0.91576,3.0329,-8.90962,1.10227,3.63462,0.10141,0.71921,1.5297,0.47722
51.14,-1.85293,-2.48513,-0.20569,-0.20584,-0.15738,0,-2.67371,0.81947,0.25319,-2.81341,-0.00173,0.00897,-0.07921,-1.75082,-0.11044,-0.00648,0.88745,0.02917,0.01197,0.00959,36.74754,-3.35193,-18.01158,4.94808,-9.67869,-1.9253,1.92503,-7.48291,0.44465,1.99078,0.08799,0.45346,0.58349,0.17929
51.16,-1.60895,-2.28999,-0.53312,-0.24138,-0.23943,0,-1.26816,0.55772,0.45574,-2.6295,-0.00348,0.00832,-0.0837,-1.82008,-0.13808,-0.0049,1.02163,0.01132,0.00935,0.00054,33.8888,-2.37157,-16.31754,5.57791,-8.31065,-2.82929,0.72688,-6.03687,-0.09831,0.94662,0.0343,0.24484,0.0844,0.00926
51.18,-1.21363,-2.0631,-0.78657,-0.27722,-0.26932,0,-0.18397,0.1442,0.66294,-2.33712,-0.00271,0.00807,-0.07773,-1.84666,-0.14939,-0.0039,1.12758,-0.01341,0.00251,-0.0107,29.68704,-1.30847,-14.17884,5.8774,-6.47429,-3.54546,-0.50539,-4.64055,-0.54407,0.2323,-0.07138,0.09034,-0.06821,-0.15789
51.2,-0.67304,-1.80188,-0.9692,-0.28967,-0.29507,0,0.49001,-0.34942,0.79837,-1.98488,-0.00051,0.00744,-0.06318,-1.82729,-0.13862,0.00472,1.19365,-0.03996,-0.00776,-0.02232,24.46174,-0.09373,-11.73464,5.66625,-4.04338,-4.00167,-1.70953,-3.03715,-0.80301,-0.01216,-0.186,-0.06025,0.07536,-0.39245
51.22,-0.11543,-1.50101,-1.09077,-0.27473,-0.31363,0,0.8499,-0.76049,0.77543,-1.61599,0.00438,0.00629,-0.04316,-1.74809,-0.09138,0.03167,1.20833,-0.05829,-0.01721,-0.03187,18.54208,1.20556,-9.13,4.73627,-0.90044,-4.12494,-2.8117,-1.82851,-0.83359,0.38837,-0.18355,-0.02701,0.45418,-0.71435
51.24,0.33743,-1.15468,-1.14448,-0.24377,-0.32896,0,1.0092,-1.02001,0.6731,-1.2529,0.01399,0.0047,-0.02042,-1.58289,-0.02914,0.05995,1.15917,-0.06571,-0.02275,-0.03772,12.09558,2.47462,-6.3786,2.90252,3.0535,-3.84663,-3.7102,-0.88649,-0.58118,1.61538,0.14933,0.17696,0.93315,-1.12927
51.26,0.65992,-0.76189,-1.13614,-0.20654,-0.34208,0,1.01486,-1.19185,0.5865,-0.90952,0.0276,0.00322,0.00241,-1.32603,0.02255,0.07346,1.04296,-0.06627,-0.02488,-0.0394,5.60127,3.68743,-3.65126,0.0475,7.88551,-3.12572,-4.28254,-0.17249,0.05432,3.87139,1.14741,0.41243,1.32765,-1.58887
51.28,0.86699,-0.33618,-1.09074,-0.16867,-0.35203,0,0.95847,-1.2908,0.51525,-0.59372,0.04536,0.00264,0.0225,-0.99202,0.07342,0.07866,0.86815,-0.06047,-0.02344,-0.03678,-0.14102,4.73833,-1.31877,-3.78939,13.60617,-1.97346,-4.41645,0.34258,1.20971,6.78948,3.28902,0.49064,1.57011,-1.93609
51.3,0.98371,0.09257,-1.02679,-0.13463,-0.33826,0,0.85934,-1.3405,0.45133,-0.30811,0.06494,0.00266,0.03763,-0.66792,0.097,0.07048,0.65221,-0.05118,-0.01949,-0.03099,-4.26066,5.48815,0.15891,-8.50168,20.02699,-0.55224,-4.06374,0.43155,2.86221,11.13175,6.794,0.24899,1.52134,-2.06459
51.32,1.0413,0.48171,-0.96729,-0.10967,-0.26833,0,0.70801,-1.34912,0.36868,-0.05061,0.08096,0.00161,0.04704,-0.40347,0.07857,0.04882,0.41524,-0.04024,-0.01394,-0.0234,-6.14718,5.74357,0.58885,-14.16229,26.77004,1.05529,-3.29369,-0.24808,4.7039,17.82575,10.61844,-0.39879,1.15176,-1.91074
51.34,1.07726,0.78931,-0.92131,-0.09824,-0.1909,0,0.53614,-1.30186,0.26907,0.17969,0.09415,0.00091,0.04758,-0.16185,0.05166,0.02798,0.17169,-0.02601,-0.00689,-0.01429,-5.26438,5.58519,-0.04785,-20.70228,33.55807,2.84956,-2.19811,-1.18854,6.62523,23.38357,13.72829,-1.44785,0.71375,-1.4472
51.36,1.1254,0.98657,-0.88648,-0.10146,-0.11722,0,0.363,-1.20016,0.16244,0.37918,0.10504,0.00347,0.0373,0.05331,0.03267,0.01373,-0.06662,-0.00786,0.00161,-0.00404,-1.40839,5.17713,-1.75739,-27.65054,40.0883,4.62477,-0.96061,-2.05776,8.68484,25.84269,15.87477,-2.75953,0.36771,-0.81811
51.38,1.19931,1.05556,-0.86317,-0.1155,-0.05476,0,0.19971,-1.05156,0.04809,0.54025,0.10636,0.00483,0.01852,0.21828,0.01724,0.00453,-0.28861,0.01311,0.01029,0.00679,5.14105,4.2323,-3.90989,-33.50836,45.80831,6.34749,0.21564,-3.06299,10.7421,25.85028,15.76808,-4.1554,0.12794,-0.20311
51.4,1.2569,1.00025,-0.85084,-0.13452,-0.0089,0,0.05688,-0.84825,-0.06962,0.65165,0.10284,0.01269,-0.00503,0.33666,-0.00217,-0.00177,-0.48372,0.03577,0.01853,0.01784,13.78655,4.10865,-6.93989,-41.70558,49.91331,7.64557,1.16534,-3.61505,12.72453,22.38483,13.02676,-5.41769,0.02974,0.27808
51.42,1.22601,0.84338,-0.84246,-0.15174,0.0141,0,-0.03782,-0.59461,-0.14259,0.70124,0.10178,0.04071,-0.02538,0.44213,-0.0093,-0.00227,-0.64226,0.06221,0.02934,0.0288,23.85206,6.41074,-11.37632,-60.07461,51.10562,8.30935,1.31231,-2.86027,14.38446,15.31618,8.23471,-6.36776,0.00617,0.56878
51.44,1.1212,0.60796,-0.80961,-0.16299,0.01228,0,-0.07156,-0.35206,-0.15511,0.68174,0.08585,0.06053,-0.03656,0.52595,0.01051,0.00352,-0.75397,0.08852,0.03584,0.03902,35.83157,9.24979,-15.02421,-86.01494,48.26891,8.60923,0.59105,-1.5646,15.22175,8.27036,1.40822,-6.97339,-0.01008,0.69232
51.46,0.97602,0.33265,-0.72254,-0.16693,-0.0072,0,-0.06491,-0.15889,-0.13304,0.5972,0.04843,0.05166,-0.03847,0.56344,0.04552,0.01103,-0.81185,0.10699,0.03001,0.04753,50.32385,10.63943,-16.60863,-113.33799,42.54776,8.77427,-0.3288,-0.54873,15.13967,3.31279,-6.52283,-7.26312,-0.02187,0.72061
51.48,0.77684,0.07068,-0.56235,-0.16225,-0.03498,0,-0.03776,-0.02842,-0.08128,0.46302,-0.00168,0.02412,-0.03193,0.56896,0.08792,0.01748,-0.81445,0.11524,0.01301,0.05295,68.45876,10.17871,-16.36813,-142.72149,34.56113,8.63983,-1.20327,0.17446,14.03755,0.28217,-14.41811,-7.25512,-0.0391,0.72899
51.5,0.55023,-0.14926,-0.31704,-0.1507,-0.06032,-0,-0.01693,0.02031,-0.03672,0.30345,-0.05684,-0.01682,-0.02071,0.53936,0.14277,0.02368,-0.76615,0.10809,-0.01256,0.05455,88.83728,8.57032,-14.98679,-172.80834,26.27496,8.15456,-1.57307,0.30419,12.1148,-0.58275,-19.03512,-7.04369,-0.08419,0.79571
51.52,0.33557,-0.30818,0.0076,-0.13434,-0.07281,-0,-0.00989,0.02592,-0.01828,0.14583,-0.08562,-0.03109,-0.00747,0.47415,0.2244,0.03138,-0.67458,0.08366,-0.0362,0.0521,107.45605,6.99799,-12.8851,-201.11396,19.4586,7.34073,-1.31274,-0.26769,9.73008,0.02403,-18.15372,-6.74078,-0.1945,0.98953
51.54,0.14268,-0.38572,0.3943,-0.11432,-0.06566,-0,-0.00408,0.01279,-0.00491,0.01301,-0.08226,0.00128,0.00759,0.39488,0.31225,0.03692,-0.54685,0.04903,-0.05049,0.04392,124.11242,5.21678,-10.10652,-223.77463,13.7062,6.2276,-0.88758,-1.44562,7.14641,1.13624,-13.55998,-6.40323,-0.4285,1.35746
51.56,-0.01869,-0.38615,0.82319,-0.09222,-0.03727,-0,-0.00247,-0.02881,0.00315,-0.08013,-0.06843,0.05412,0.02248,0.31465,0.37726,0.03801,-0.39322,0.01185,-0.05725,0.02966,140.56381,3.0791,-6.95525,-237.94921,8.79285,4.96409,-0.51131,-3.09517,4.62686,2.44001,-6.57562,-6.0869,-0.86266,1.91833
51.58,-0.13411,-0.33435,1.26473,-0.06755,0.00808,-0,-0.01393,-0.0763,0.00054,-0.12758,-0.04659,0.11823,0.03519,0.23778,0.41936,0.03655,-0.22784,-0.02201,-0.05801,0.01111,157.91833,1.03424,-3.76993,-245.24721,4.87058,3.7304,-0.17381,-5.06435,2.35724,3.87944,2.36487,-5.84253,-1.62024,2.63752
51.6,-0.17325,-0.26834,1.68509,-0.05022,0.0604,-0,-0.04495,-0.1227,-0.01015,-0.13168,-0.03048,0.16658,0.04422,0.15824,0.43092,0.03459,-0.06782,-0.04668,-0.05324,-0.00963,170.83614,-0.79877,-0.84587,-234.13553,2.13716,2.56075,0.02138,-6.76034,0.49626,4.74039,11.81288,-5.77021,-2.76179,3.464
51.62,-0.13177,-0.22082,2.0447,-0.05073,0.10496,-0,-0.08817,-0.16793,-0.02343,-0.10098,-0.02947,0.17389,0.04891,0.08236,0.41002,0.03441,0.06981,-0.0538,-0.04276,-0.02826,172.21873,-2.9509,1.24766,-198.04485,0.32104,1.56169,0.05489,-7.48473,-0.92298,3.91432,18.26946,-5.94902,-4.15317,4.39588
51.64,-0.0414,-0.20747,2.29123,-0.05937,0.13037,-0,-0.14051,-0.19133,-0.03238,-0.04639,-0.02995,0.15671,0.04897,0.0274,0.3597,0.03664,0.17136,-0.04642,-0.03108,-0.04176,166.86481,-5.69973,1.99105,-150.71237,-1.02976,0.84348,0.05169,-7.33041,-1.88531,1.68333,20.71484,-6.27584,-5.90256,5.23217
51.66,0.08136,-0.23188,2.37618,-0.06739,0.13216,-0,-0.20948,-0.18408,-0.03206,0.01993,-0.02546,0.12883,0.04424,-0.00265,0.28457,0.04139,0.22805,-0.03514,-0.02187,-0.0501,160.80275,-8.49762,1.49052,-100.09415,-1.95818,0.38814,0.05351,-6.88944,-2.29384,-1.07839,20.78939,-6.56884,-8.1466,5.7077
51.68,0.23308,-0.28148,2.26945,-0.07583,0.11132,-0,-0.29418,-0.15238,-0.01981,0.08451,-0.01802,0.09223,0.03528,-0.00746,0.19318,0.05053,0.23658,-0.0222,-0.01395,-0.05314,152.88176,-11.14522,0.06726,-46.28355,-2.47664,0.13995,0.05137,-6.9025,-2.17118,-4.07975,19.95532,-6.70832,-10.37924,5.8602
51.7,0.38646,-0.32347,1.95346,-0.08485,0.07375,-0,-0.38554,-0.10971,0.00251,0.13332,-0.00835,0.05169,0.02265,0.01422,0.07428,0.06001,0.19756,-0.01483,-0.0088,-0.05201,138.25294,-12.67403,-1.66751,8.45522,-2.74614,0.05746,0.05261,-6.5748,-1.45871,-6.77377,17.56807,-6.43895,-13.19271,5.21015
51.72,0.48304,-0.32289,1.43514,-0.09491,0.02833,-0,-0.46794,-0.06859,0.03088,0.15393,0.00289,0.01467,0.00731,0.06106,-0.0467,0.06111,0.11527,-0.01685,-0.00575,-0.04822,110.94893,-12.10397,-2.932,55.07528,-2.96896,0.10724,0.06303,-4.33543,-0.33153,-7.84734,13.19323,-5.37892,-17.24029,3.69044
51.74,0.52791,-0.26385,0.76895,-0.10558,-0.01744,-0,-0.54047,-0.03388,0.06007,0.13693,0.01489,-0.01128,-0.00948,0.12812,-0.13693,0.05591,-0.0023,-0.01936,-0.00129,-0.04194,76.27701,-10.11827,-3.38909,85.96018,-3.07118,0.27637,0.08267,-2.73875,0.39006,-6.7173,9.88703,-3.70721,-19.96396,2.81608
51.76,0.55161,-0.14218,0.04201,-0.11634,-0.06013,-0,-0.60521,-0.00933,0.08339,0.07893,0.02663,-0.02294,-0.02676,0.20874,-0.20609,0.05007,-0.14376,-0.01705,0.00525,-0.03345,41.68567,-7.4971,-3.1064,101.98946,-2.96699,0.55487,0.10718,-4.18109,0.20661,-4.50218,8.30456,-1.98767,-19.62061,3.01064
51.78,0.54434,0.04247,-0.6431,-0.128,-0.09866,-0,-0.65107,0.00188,0.09181,-0.01595,0.03614,-0.02201,-0.04367,0.28884,-0.26361,0.04519,-0.2933,-0.00995,0.01256,-0.02341,7.11572,-4.64126,-2.21513,104.03243,-2.7318,0.92007,0.12246,-7.75073,-1.32091,-2.283,5.96351,-0.55923,-16.30216,4.10812
51.8,0.50077,0.28603,-1.22899,-0.14296,-0.13132,-0,-0.68602,0.00102,0.09153,-0.13714,0.04372,-0.00725,-0.0586,0.36117,-0.30328,0.03621,-0.42866,0.00069,0.02067,-0.01292,-24.14162,-1.79701,-0.76296,94.50792,-2.4306,1.33045,0.11938,-12.8437,-3.73409,-1.15387,3.95329,0.19332,-11.19843,5.01273
51.82,0.41359,0.55954,-1.68767,-0.16502,-0.1544,-0,-0.72276,-0.00498,0.10056,-0.26849,0.05158,0.02655,-0.06915,0.42883,-0.30742,0.01526,-0.52404,0.01577,0.03232,-0.00263,-49.90426,0.3645,0.75607,76.20885,-2.1208,1.73149,0.09594,-16.70011,-5.73385,-0.9618,4.20868,0.31237,-7.10731,4.75076
51.84,0.29652,0.84308,-1.94172,-0.19197,-0.16494,-0,-0.7485,-0.01193,0.10552,-0.39613,0.05541,0.06477,-0.07494,0.47466,-0.29283,-0.00531,-0.5638,0.03491,0.04458,0.0073,-69.53138,1.33898,1.8751,53.82242,-1.79761,2.03806,0.04784,-18.1785,-7.54823,-0.59136,4.28822,0.1258,-4.10187,3.975
51.86,0.17191,1.13699,-1.94626,-0.22021,-0.15977,-0,-0.7531,-0.01826,0.09399,-0.5121,0.05178,0.09097,-0.07672,0.48227,-0.28135,-0.01265,-0.54437,0.0544,0.05285,0.01633,-82.39679,1.48858,2.72787,31.65245,-1.46312,2.17236,-0.01675,-17.55993,-9.43091,0.16189,2.91842,-0.20329,-1.75903,2.98611
51.88,0.05021,1.42345,-1.7344,-0.24968,-0.13582,-0,-0.73792,-0.02011,0.07774,-0.61126,0.04322,0.10658,-0.0744,0.45476,-0.26413,-0.00964,-0.47113,0.07336,0.05844,0.02427,-89.5609,1.11385,3.38549,10.34144,-1.14715,2.11199,-0.0836,-14.91856,-10.73999,1.25175,0.85126,-0.56603,-0.38627,1.67431
51.9,-0.02939,1.65685,-1.37686,-0.27655,-0.08954,-0,-0.69805,-0.01934,0.05237,-0.69355,0.02961,0.10431,-0.06961,0.40106,-0.24926,0.00509,-0.36392,0.08996,0.05856,0.03113,-85.25718,0.69799,4.07163,-3.63105,-0.82083,1.87102,-0.10794,-10.53387,-11.0596,2.46672,-1.79362,-0.89207,0.00898,0.12524
51.92,-0.05069,1.77685,-0.95531,-0.29717,-0.02472,-0,-0.62798,-0.0179,0.01428,-0.76265,0.01391,0.08244,-0.06435,0.33413,-0.24081,0.02874,-0.24732,0.10189,0.05087,0.03696,-67.84282,0.59219,5.06208,-7.22734,-0.4991,1.50049,-0.06757,-4.81253,-10.20988,3.68752,-5.10485,-1.15419,-0.35142,-1.44458
51.94,-0.03608,1.77139,-0.53068,-0.31113,0.04686,-0,-0.52878,-0.01273,-0.01918,-0.81964,0.00185,0.05769,-0.05842,0.25537,-0.21958,0.04883,-0.1398,0.11178,0.04124,0.04217,-44.89025,0.53841,6.17907,-6.67699,-0.23876,1.0723,-0.00921,1.54928,-8.04707,4.49226,-9.15208,-1.35243,-1.16975,-2.79983
51.96,0.00561,1.65057,-0.1524,-0.31751,0.11597,-0,-0.40342,-0.00375,-0.03768,-0.86536,-0.00602,0.03791,-0.05189,0.16632,-0.17772,0.05762,-0.05507,0.1215,0.03289,0.04695,-19.18478,0.37829,7.11066,-4.66954,-0.06097,0.66058,0.02989,7.2644,-4.88438,4.62258,-13.53671,-1.48199,-2.29408,-3.80559
51.98,0.07114,1.41224,0.14797,-0.31466,0.17392,-0,-0.25831,0.00659,-0.04133,-0.90202,-0.01092,0.02161,-0.04572,0.07376,-0.12093,0.05366,0.0003,0.12871,0.02491,0.05077,10.16638,0.16018,7.63117,-0.4085,0.02251,0.31821,0.03734,10.83259,-1.44888,4.39478,-17.22606,-1.52863,-3.76493,-4.46648
52,0.1412,1.06388,0.36318,-0.29693,0.2089,-0,-0.1102,0.01672,-0.03288,-0.93092,-0.01452,0.00935,-0.04076,-0.02251,-0.05906,0.03563,0.02752,0.13309,0.0181,0.05333,41.78086,-0.07974,7.78666,5.60436,-0.00177,0.07406,0.01447,11.46589,2.05402,3.31345,-21.50758,-1.546,-4.54298,-4.5231
52.02,0.17899,0.62285,0.50412,-0.26042,0.20746,-0,0.03077,0.02681,-0.0118,-0.9525,-0.01902,6e-05,-0.0377,-0.10992,-0.00318,0.00983,0.03235,0.13481,0.01262,0.05437,69.02957,-0.41202,7.71745,8.75611,-0.12853,-0.07988,-0.04161,11.06976,4.97145,3.58916,-26.27555,-1.5688,-3.2225,-3.57431
52.04,0.17939,0.13285,0.58617,-0.21015,0.16801,-0,0.16166,0.03302,0.02513,-0.96497,-0.02479,-0.00823,-0.03652,-0.18204,0.03677,-0.01166,0.02213,0.12904,0.00723,0.05268,88.93115,-0.88338,7.18483,7.46194,-0.32755,-0.16469,-0.12371,11.25457,5.88669,6.97804,-26.47241,-1.48654,-1.41156,-2.2011
52.06,0.1557,-0.35921,0.62349,-0.15045,0.09763,-0,0.27239,0.02949,0.07465,-0.96427,-0.03109,-0.01559,-0.03662,-0.24971,0.05311,-0.02307,0.00269,0.11393,0.00188,0.04775,103.66601,-1.41526,6.11398,4.33642,-0.56667,-0.20231,-0.20541,10.80631,4.8057,10.75615,-20.81928,-1.25909,-0.1675,-1.04038
52.08,0.11075,-0.81936,0.6325,-0.08352,0.00254,-0,0.35196,0.01223,0.13255,-0.94475,-0.03785,-0.02257,-0.03689,-0.32235,0.04261,-0.02102,-0.02245,0.09331,-0.00293,0.04036,112.22234,-1.9555,4.72521,-0.09303,-0.80376,-0.21664,-0.27187,8.92596,2.56425,13.01754,-10.42695,-0.93352,0.84658,-0.06849
52.1,0.06366,-1.18389,0.61987,-0.01415,-0.10165,0,0.40559,-0.0228,0.1913,-0.8986,-0.04222,-0.02736,-0.03521,-0.38857,0.01253,-0.00839,-0.05153,0.06817,-0.0066,0.03103,114.95393,-2.48553,3.25998,-4.17068,-1.00012,-0.21691,-0.30889,4.23015,0.08102,12.21494,1.30284,-0.58844,1.16181,0.38928
52.12,0.02842,-1.39256,0.58463,0.05148,-0.19545,0,0.45719,-0.07698,0.24058,-0.81814,-0.03998,-0.02639,-0.02935,-0.4215,-0.02174,0.00655,-0.08374,0.04204,-0.00805,0.02087,113.01659,-3.01784,1.93547,-6.35966,-1.12994,-0.20158,-0.30691,0.00828,-1.93389,8.7492,7.16801,-0.31362,0.65559,0.24331
52.14,0.00478,-1.43908,0.53457,0.10818,-0.26346,0,0.49879,-0.15028,0.2761,-0.70012,-0.03384,-0.02205,-0.01866,-0.43067,-0.05441,0.0211,-0.11773,0.02176,-0.00733,0.01169,106.85858,-3.39835,0.86264,-6.42297,-1.17181,-0.18443,-0.27836,-2.24939,-3.17466,4.77795,8.08797,-0.12884,0.15827,0.02271
52.16,-0.00516,-1.32453,0.47631,0.15353,-0.29226,0,0.5157,-0.24329,0.29658,-0.54617,-0.0272,-0.01748,-0.0035,-0.4226,-0.07996,0.03192,-0.15067,0.00835,-0.00509,0.00412,97.59547,-3.46347,0.11482,-4.16968,-1.1246,-0.17437,-0.23609,-4.18503,-3.83902,1.88422,7.48721,-0.02044,-0.03272,-0.05981
52.18,0.00104,-1.05665,0.40587,0.18642,-0.27321,0,0.52184,-0.35708,0.30211,-0.36303,-0.0192,-0.01231,0.01475,-0.37712,-0.08718,0.03281,-0.17793,-0.00019,-0.00184,-0.00199,85.73018,-3.22124,-0.31635,0.33467,-1.00708,-0.16467,-0.18567,-5.08875,-4.15569,0.30604,5.66567,0.03364,-0.09892,-0.08693
52.2,0.01896,-0.68691,0.32582,0.20798,-0.20191,0,0.51026,-0.48137,0.28973,-0.16405,-0.01102,-0.00828,0.03399,-0.30067,-0.07406,0.02123,-0.19284,-0.006,0.00148,-0.00705,73.16421,-2.66206,-0.51286,6.54274,-0.85873,-0.15906,-0.13524,-4.58263,-4.39904,-0.09943,3.16854,0.04222,-0.09075,-0.07289
52.22,0.03536,-0.28972,0.24267,0.22072,-0.0885,0,0.47353,-0.5964,0.25979,0.0369,-0.00108,-0.0061,0.05389,-0.19566,-0.03944,-0.00188,-0.18887,-0.01189,0.00462,-0.01171,61.8475,-1.89837,-0.58312,12.68306,-0.7198,-0.15811,-0.09072,-2.86789,-4.68051,0.00399,1.10326,0.02274,-0.04999,-0.03933
52.24,0.04798,0.06255,0.14992,0.22587,0.04666,0,0.4276,-0.70152,0.22243,0.22887,0.01402,-0.00398,0.0724,-0.05008,0.01916,-0.03267,-0.16419,-0.01952,0.00733,-0.01633,50.909,-1.17011,-0.66177,17.63903,-0.60684,-0.14958,-0.05398,-0.71641,-4.91983,-0.0406,0.13473,0.00218,-0.01713,-0.01394
52.26,0.0622,0.31508,0.0448,0.22467,0.18808,0,0.38354,-0.80285,0.18475,0.40261,0.03347,-0.00142,0.08638,0.12768,0.09688,-0.06552,-0.12219,-0.02878,0.00903,-0.0208,39.81566,-0.63949,-0.84387,21.21596,-0.53016,-0.12894,-0.02652,1.32873,-5.02479,-0.47302,0.02805,-0.01555,0.00034,-0.00088
52.28,0.077,0.45175,-0.06186,0.21863,0.32377,0,0.34525,-0.8978,0.14897,0.55079,0.05369,0.00115,0.0953,0.32112,0.18748,-0.09496,-0.07089,-0.03913,0.01008,-0.02474,29.3422,-0.39495,-1.15898,22.81921,-0.49815,-0.09874,-0.00901,3.25089,-4.976,-1.48025,0.27792,-0.04294,0.00282,0.00142
52.3,0.07798,0.49162,-0.17202,0.21089,0.43853,0,0.3011,-0.96518,0.11642,0.66776,0.07279,0.0035,0.09833,0.51756,0.28294,-0.11679,-0.02254,-0.047,0.01032,-0.027,19.91238,-0.47595,-1.60086,22.47286,-0.50774,-0.06188,-0.00095,4.48755,-4.89364,-3.5695,0.46797,-0.08435,-0.01172,-0.00805
52.32,0.04494,0.48084,-0.2861,0.20373,0.51621,0,0.24551,-0.97937,0.08905,0.74945,0.09114,0.00614,0.09504,0.7087,0.37216,-0.12856,0.0107,-0.04698,0.00943,-0.02617,11.78468,-0.85459,-2.13539,20.37833,-0.55008,-0.02276,-8e-05,4.6133,-4.90785,-7.71103,0.49259,-0.13431,-0.05566,-0.03726
52.34,-0.00733,0.47859,-0.37828,0.19597,0.55696,0,0.19758,-0.95504,0.06962,0.79113,0.10039,0.00846,0.08637,0.8827,0.44995,-0.12949,0.02028,-0.03966,0.00848,-0.02221,4.92722,-1.44567,-2.72385,16.37853,-0.61599,0.01418,-0.0031,4.0516,-4.66252,-14.16435,0.67283,-0.18482,-0.13831,-0.09218
52.36,-0.05627,0.5305,-0.42541,0.1867,0.56826,0,0.16593,-0.90583,0.05854,0.79052,0.09449,0.00944,0.0734,1.02629,0.51289,-0.11995,0.00281,-0.02689,0.00815,-0.01569,-0.85956,-2.13527,-3.33324,10.45875,-0.69437,0.0452,-0.00733,3.07969,-3.56902,-22.41878,1.24106,-0.22727,-0.25835,-0.17227
52.38,-0.09993,0.66126,-0.4213,0.17601,0.55418,0,0.14493,-0.82239,0.05419,0.74976,0.0783,0.00941,0.0574,1.13029,0.55322,-0.10084,-0.03957,-0.00915,0.0077,-0.00725,-5.69501,-2.73892,-3.88017,2.75852,-0.77202,0.06817,-0.01057,1.8649,-1.33553,-31.30957,1.86017,-0.27106,-0.42173,-0.28135
52.4,-0.13587,0.87331,-0.3758,0.16706,0.51928,0,0.131,-0.70931,0.05483,0.67246,0.05314,0.00799,0.03931,1.19722,0.56912,-0.07448,-0.10032,0.01034,0.00773,0.0017,-9.53836,-3.06934,-4.39645,-6.52777,-0.8285,0.08208,-0.01171,0.56696,1.88005,-38.03743,2.89992,-0.19481,-0.56551,-0.38366
52.42,-0.16157,1.1504,-0.30355,0.16243,0.46827,0,0.12041,-0.57187,0.05819,0.56425,0.02492,0.00542,0.02064,1.23489,0.5624,-0.04278,-0.17009,0.03128,0.00943,0.01043,-12.31995,-2.953,-5.00129,-17.51719,-0.84043,0.08679,-0.01068,-0.1543,5.65333,-37.74164,4.90967,0.21542,-0.56371,-0.40623
52.44,-0.16327,1.48194,-0.21172,0.15863,0.40997,0,0.11081,-0.41136,0.06137,0.4325,0.00366,0.00322,0.0032,1.2251,0.52703,-0.00628,-0.24074,0.0507,0.01124,0.01819,-14.33463,-2.13259,-5.52492,-30.28386,-0.79548,0.08395,-0.00737,0.01128,8.39998,-29.38426,5.81231,0.82147,-0.41439,-0.34274
52.46,-0.12698,1.86379,-0.11579,0.15303,0.35186,0,0.09892,-0.23384,0.06133,0.28685,-0.00966,0.00189,-0.01248,1.15627,0.46189,0.03364,-0.30668,0.06247,0.01173,0.02373,-15.68292,-0.43322,-5.75108,-44.63531,-0.68609,0.07494,-0.0024,0.17709,8.72108,-17.18386,5.04114,1.37438,-0.1853,-0.22597
52.48,-0.0449,2.27836,-0.03647,0.14606,0.29646,0,0.07716,-0.05286,0.05505,0.14124,-0.01718,0.00119,-0.02659,1.04327,0.37512,0.07532,-0.36322,0.06555,0.01124,0.0266,-16.0582,2.1803,-5.66206,-60.37578,-0.50524,0.05995,0.00233,-0.096,6.68442,-3.50899,4.60219,1.85372,0.11017,-0.05956
52.5,0.09386,2.69766,0.01362,0.13839,0.2469,0,0.03867,0.11013,0.04323,0.01409,-0.02122,0.00101,-0.03943,0.87712,0.27032,0.11685,-0.4073,0.05902,0.00935,0.02645,-15.45863,5.57308,-5.04282,-77.74626,-0.24953,0.04029,0.00521,-0.41037,4.02352,4.99255,4.39033,1.97403,0.34228,0.08283
52.52,0.27802,3.07718,0.03039,0.13034,0.2046,0,-0.0309,0.26227,0.02749,-0.07367,-0.02436,0.00129,-0.05142,0.66257,0.15378,0.15579,-0.43666,0.04452,0.00627,0.02331,-13.63753,9.24171,-3.73515,-97.23916,0.06661,0.01715,0.00273,-0.30275,2.20009,5.01254,3.0858,1.56392,0.40355,0.13538
52.54,0.4964,3.36624,0.02259,0.12129,0.16631,0,-0.15217,0.40122,0.00691,-0.10756,-0.027,0.00189,-0.06295,0.44065,0.03557,0.19062,-0.448,0.02805,0.00333,0.01787,-9.7689,12.79491,-2.01132,-117.68885,0.40845,-0.00823,-0.01026,-0.02563,0.82156,3.27774,1.8942,0.97674,0.3854,0.14771
52.56,0.75078,3.50686,0.00613,0.11146,0.12737,0,-0.3322,0.49616,-0.01433,-0.08577,-0.02913,0.00262,-0.07432,0.23124,-0.07796,0.22104,-0.43875,0.01248,0.00093,0.01072,-3.45734,16.02577,-0.16984,-137.37413,0.73803,-0.03212,-0.03606,0.12633,-0.29424,2.44738,1.44428,0.39149,0.35118,0.15622
52.58,1.03723,3.41698,-0.00623,0.10186,0.08352,0,-0.58147,0.53186,-0.02783,-0.01973,-0.03143,0.00329,-0.08572,0.03561,-0.18286,0.24846,-0.40768,-0.00213,-0.00106,0.00224,5.17174,18.66565,1.48335,-155.15349,1.00871,-0.04998,-0.07328,-0.06171,-1.20312,1.6599,1.16077,-0.18391,0.29628,0.15638
52.6,1.30236,3.07844,-0.00893,0.09249,0.03028,0,-0.83848,0.51304,-0.02871,0.06643,-0.03333,0.00398,-0.09643,-0.14245,-0.26499,0.26604,-0.35574,-0.01611,-0.00284,-0.00712,15.4992,19.93966,2.63085,-168.83322,1.16712,-0.05822,-0.11595,-0.64028,-2.055,0.97555,0.85552,-0.70109,0.23067,0.15148
52.62,1.45239,2.52472,-0.00594,0.08358,-0.03592,-0,-0.95918,0.46474,-0.02168,0.14467,-0.03382,0.00522,-0.10527,-0.29064,-0.29566,0.26281,-0.2852,-0.03055,-0.0051,-0.01676,26.34503,18.80111,3.21563,-175.94704,1.16929,-0.05559,-0.15434,-0.68497,-2.13665,0.44235,0.02902,-1.31889,0.15262,0.12833
52.64,1.4968,1.75228,-0.00224,0.07636,-0.11415,-0,-0.95343,0.3872,-0.01062,0.18942,-0.03369,0.00679,-0.11212,-0.40186,-0.27719,0.24591,-0.19902,-0.04565,-0.00813,-0.02614,36.23016,15.77745,3.13948,-174.66889,1.01677,-0.04415,-0.17853,1.43202,-0.18103,0.03658,-0.21862,-2.58262,0.07218,0.08639
52.66,1.46861,0.8133,0.00173,0.07111,-0.19958,-0,-0.88044,0.2757,0.00211,0.18393,-0.03365,0.00818,-0.11699,-0.47826,-0.22861,0.22318,-0.10401,-0.06039,-0.01179,-0.03485,43.67356,11.94744,2.43336,-163.75352,0.75491,-0.02837,-0.18269,5.91683,3.84382,-0.20024,1.09693,-4.67513,0.01125,0.03456
52.68,1.34362,-0.16821,0.00883,0.06715,-0.28633,-0,-0.70865,0.15278,0.00976,0.12551,-0.03333,0.00946,-0.1195,-0.51734,-0.15412,0.19016,-0.01144,-0.07433,-0.01647,-0.04249,47.69796,7.75895,1.38462,-143.4058,0.45035,-0.01343,-0.16809,12.88684,10.09291,-0.20784,4.26837,-7.7535,-0.01263,-0.03415
52.7,1.12725,-1.02009,0.02507,0.06363,-0.36167,-0,-0.51825,0.04093,0.01066,0.02281,-0.03341,0.01031,-0.11814,-0.51859,-0.08316,0.15498,0.06395,-0.08413,-0.02094,-0.04833,47.15585,4.17063,0.44071,-116.1521,0.15774,-0.00026,-0.13908,21.80524,18.18449,0.13673,9.76538,-11.81442,0.02189,-0.12981
52.72,0.81943,-1.59704,0.0599,0.05947,-0.41129,-0,-0.36808,-0.03797,0.00465,-0.10595,-0.03474,0.01049,-0.11109,-0.48304,-0.03811,0.12656,0.10758,-0.08475,-0.02259,-0.05159,42.25726,1.69529,-0.22695,-85.86495,-0.07711,0.01022,-0.10346,31.55336,27.06968,0.92626,18.27884,-16.73319,0.12975,-0.25944
52.74,0.40601,-1.88197,0.126,0.05395,-0.42752,-0,-0.20663,-0.08547,-0.00711,-0.23926,-0.03657,0.00997,-0.0996,-0.41432,-0.00975,0.09795,0.11046,-0.07904,-0.02237,-0.05218,34.92957,0.21764,-0.61388,-56.08821,-0.19723,0.01582,-0.0695,40.38124,35.13541,2.33855,30.47151,-22.02326,0.30055,-0.43343
52.76,-0.12039,-1.87869,0.23321,0.04652,-0.40545,-0,-0.04368,-0.10115,-0.02126,-0.35741,-0.03815,0.00888,-0.08499,-0.31904,0.00183,0.06515,0.07339,-0.07143,-0.02192,-0.05029,26.70764,-0.41705,-0.72403,-30.50676,-0.21311,0.01748,-0.0415,46.42438,40.73049,4.46625,46.61883,-26.8499,0.50169,-0.66242
52.78,-0.76013,-1.58836,0.37886,0.03653,-0.34389,-0,0.07633,-0.07652,-0.03162,-0.44145,-0.03975,0.00772,-0.06705,-0.20593,-0.00959,0.03064,0.00892,-0.0615,-0.02066,-0.04593,18.50811,-0.42721,-0.61561,-11.68901,-0.16854,0.01716,-0.02049,48.16961,42.89627,6.79784,66.51527,-30.61261,0.82305,-0.85481
52.8,-1.51005,-1.05932,0.56165,0.02362,-0.24592,-0,0.13669,-0.04273,-0.03869,-0.47045,-0.04018,0.00576,-0.04824,-0.09335,-0.0412,0.00149,-0.05992,-0.05244,-0.0192,-0.0397,10.99289,-0.15857,-0.39023,-0.33839,-0.0983,0.01567,-0.0063,45.76735,40.54008,9.99504,87.19185,-32.34832,0.76789,-1.21617
52.82,-2.37671,-0.37821,0.78749,0.00749,-0.12481,-0,0.16055,0.00241,-0.04814,-0.42605,-0.03776,0.00291,-0.02977,0.00768,-0.07792,-0.01632,-0.10477,-0.04642,-0.01809,-0.0322,6.82107,0.14417,-0.2037,2.19767,-0.05573,0.01178,-0.00023,40.15122,33.9585,14.13854,101.92069,-31.33327,-0.92366,-2.34909
52.84,-3.30448,0.3527,1.01791,-0.01205,0.00063,-0,0.15394,0.07641,-0.04999,-0.30503,-0.03384,0.00089,-0.01043,0.09305,-0.11211,-0.02771,-0.10385,-0.03997,-0.01661,-0.02358,4.68094,0.43927,-0.02047,1.04314,-0.03133,0.00724,0.00159,31.70435,26.2198,15.20885,107.71198,-28.51688,-3.63541,-3.88407
52.86,-4.18939,1.04759,1.20132,-0.03471,0.11805,-0,0.1173,0.15267,-0.03852,-0.11524,-0.02944,9e-05,0.00936,0.15326,-0.14248,-0.03481,-0.04903,-0.03147,-0.0144,-0.01422,2.34526,0.67188,0.15739,-0.67346,-0.01061,0.00425,0.00273,22.05093,18.89063,12.86899,105.73326,-25.03825,-6.03642,-5.09817
52.88,-4.94317,1.64269,1.32905,-0.05924,0.2194,-0,0.08027,0.21341,-0.02112,0.12468,-0.02387,5e-05,0.02818,0.18435,-0.16015,-0.03481,0.05309,-0.02177,-0.01161,-0.0048,0.20151,0.81841,0.30037,-3.09521,0.00394,0.00244,0.00335,12.75341,12.35805,8.04156,93.80949,-21.14525,-8.20505,-6.02396
52.9,-5.47604,2.07378,1.37344,-0.08355,0.29666,-0,0.04031,0.24994,-0.00683,0.38376,-0.01829,0.00043,0.04523,0.19157,-0.16564,-0.02938,0.1825,-0.01201,-0.00865,0.00387,-1.42789,0.90095,0.39611,-6.01647,0.01249,0.00166,0.00366,4.99878,6.71446,2.3278,75.32725,-17.40549,-8.81639,-6.10207
52.92,-5.71399,2.27952,1.31814,-0.10505,0.34174,-0,0.00644,0.25949,0.00053,0.63199,-0.01325,0.0007,0.06069,0.18873,-0.16244,-0.02086,0.31508,-0.00291,-0.00582,0.01126,-2.47457,0.96558,0.43652,-8.81487,0.01802,0.00192,0.00383,-0.75314,2.01548,-2.01459,57.56076,-14.23909,-7.32147,-5.13717
52.94,-5.60096,2.26468,1.20129,-0.11981,0.35436,-0,0.00012,0.24766,0.00367,0.83553,-0.0078,0.0008,0.07263,0.18663,-0.14601,-0.01102,0.42713,0.00518,-0.00324,0.01689,-2.90298,0.95827,0.41614,-10.89663,0.02194,0.00282,0.00387,-4.4293,-1.38403,-4.30062,38.81124,-11.48819,-5.38996,-3.91685
52.96,-5.11915,2.07124,1.04981,-0.12435,0.33898,-0,0.00616,0.21874,0.00418,0.9644,-0.00247,0.00086,0.07869,0.19142,-0.11679,-0.00283,0.50013,0.01139,-0.00116,0.02031,-2.63844,0.83347,0.34835,-11.82082,0.02409,0.00381,0.00373,-6.16006,-3.44505,-5.10368,18.66032,-9.08236,-3.83869,-2.8483
52.98,-4.31673,1.73912,0.87155,-0.1176,0.2996,-0,0.0071,0.17911,0.00425,1.00543,0.00177,0.00085,0.07857,0.20654,-0.08101,0.00162,0.52533,0.01516,0.00022,0.02144,-1.74983,0.65106,0.26128,-11.23541,0.02551,0.00459,0.0034,-6.30725,-4.31863,-4.75519,0.19135,-7.02273,-2.5525,-1.92841
53,-3.55524,1.43955,0.70935,-0.11103,0.26268,-0,0.00779,0.1442,0.00413,1.04724,0.00636,0.00084,0.0783,0.21833,-0.05194,0.00392,0.55028,0.0192,0.00149,0.02258,-1.01106,0.47684,0.18712,-10.56237,0.02698,0.00508,0.003,-6.17617,-5.05903,-3.3727,-14.79596,-5.07527,-1.36,-1.00816
