T,J7,J8,J9,J10,J11,J12,J13,J14,J15,J16,J17,J18,J19,J20,J21,J22,J23,J24,J25,J26,J27,J28,J29,J30,J31,J32,J33,J34,J35,J36,J37,J38,J39,J40
0,0.00012,9e-05,0,-0.00016,-0,0,-8e-05,-0.00027,-0,-3e-05,-1e-05,-0,0,0.0004,-2e-05,-0,-2e-05,0,0,-0,0.00061,0.00014,-0.00025,-0.00615,-0.00757,-0.00373,-1e-05,-8e-05,2e-05,2e-05,5e-05,1e-05,1e-05,7e-05
0.02,0.00013,8e-05,1e-05,-0.00017,-0,0,-8e-05,-0.00027,-0,-2e-05,-1e-05,-0,0,0.00045,-2e-05,-0,-2e-05,0,0,-0,0.00051,0.00013,-0.00029,-0.00603,-0.0078,-0.00398,-2e-05,-7e-05,2e-05,3e-05,5e-05,1e-05,1e-05,7e-05
0.04,0.00015,7e-05,1e-05,-0.00018,0,0,-6e-05,-0.00026,-0,-1e-05,-1e-05,-0,0,0.00051,-2e-05,-0,-1e-05,0,0,-0,0.00037,0.00013,-0.00034,-0.00574,-0.00795,-0.00424,-5e-05,-6e-05,1e-05,3e-05,5e-05,1e-05,1e-05,6e-05
0.06,0.00016,6e-05,1e-05,-0.00019,0,0,-4e-05,-0.00025,0,-1e-05,-1e-05,-0,0,0.00062,-1e-05,-0,-1e-05,0,0,-1e-05,0.00017,0.00012,-0.0004,-0.00531,-0.00801,-0.00449,-8e-05,-4e-05,1e-05,3e-05,4e-05,1e-05,1e-05,5e-05
0.08,0.00018,5e-05,1e-05,-0.00021,1e-05,0,1e-05,-0.00022,0,0,-1e-05,-0,0,0.00076,-1e-05,-0,-0,0,0,-1e-05,-5e-05,0.00012,-0.00047,-0.00479,-0.00799,-0.00474,-0.00013,-2e-05,1e-05,3e-05,4e-05,2e-05,1e-05,5e-05
0.1,0.0002,3e-05,1e-05,-0.00022,1e-05,-0,7e-05,-0.0002,1e-05,1e-05,-1e-05,-0,0,0.00095,-1e-05,-0,0,0,0,-1e-05,-0.0003,0.00011,-0.00054,-0.00427,-0.00789,-0.00498,-0.00018,0,0,3e-05,3e-05,2e-05,1e-05,3e-05
0.12,0.00018,3e-05,-1e-05,-0.00025,1e-05,-0,0.00017,-0.00017,1e-05,1e-05,-1e-05,-0,-0,0.0012,-0,-0,0,0,0,-0,-0.00057,0.0001,-0.00062,-0.00381,-0.0077,-0.0052,-0.00026,2e-05,-0,3e-05,3e-05,3e-05,1e-05,3e-05
0.14,0.00015,2e-05,-3e-05,-0.00028,2e-05,0,0.00031,-0.00014,1e-05,1e-05,-1e-05,0,-0,0.00153,0,-0,0,1e-05,0,-0,-0.00084,0.0001,-0.00071,-0.00349,-0.00741,-0.00537,-0.00034,4e-05,-0,3e-05,3e-05,4e-05,1e-05,2e-05
0.16,0.0001,2e-05,-8e-05,-0.00031,2e-05,0,0.0005,-0.0001,1e-05,1e-05,-1e-05,0,-1e-05,0.00194,1e-05,-0,0,1e-05,0,-0,-0.00111,0.0001,-0.00079,-0.00332,-0.00701,-0.00545,-0.00043,5e-05,-0,3e-05,4e-05,5e-05,1e-05,1e-05
0.18,3e-05,2e-05,-0.00014,-0.00034,3e-05,0,0.00078,-7e-05,2e-05,0,-1e-05,0,-1e-05,0.00243,2e-05,-0,0,1e-05,0,-0,-0.00136,0.00012,-0.00089,-0.00328,-0.00652,-0.00542,-0.00052,6e-05,-0,3e-05,5e-05,6e-05,1e-05,1e-05
0.2,-6e-05,2e-05,-0.00021,-0.00039,4e-05,0,0.00115,-5e-05,2e-05,-0,-1e-05,0,-1e-05,0.003,3e-05,-0,0,1e-05,0,-0,-0.0016,0.00015,-0.00101,-0.00334,-0.00593,-0.00527,-0.0006,8e-05,-0,4e-05,6e-05,7e-05,1e-05,1e-05
0.22,-0.00019,3e-05,-0.00029,-0.00044,4e-05,1e-05,0.00165,-3e-05,3e-05,-1e-05,-1e-05,0,-1e-05,0.00365,3e-05,-0,0,1e-05,0,0,-0.00185,0.00021,-0.00117,-0.00342,-0.00522,-0.005,-0.00066,9e-05,0,4e-05,8e-05,8e-05,1e-05,2e-05
0.24,-0.00037,3e-05,-0.00035,-0.00051,5e-05,1e-05,0.00228,-2e-05,4e-05,-1e-05,-0,0,-1e-05,0.00432,3e-05,-0,0,1e-05,0,0,-0.00211,0.00029,-0.00136,-0.00343,-0.00443,-0.00458,-0.00069,0.00012,1e-05,4e-05,0.00011,0.0001,2e-05,2e-05
0.26,-0.00058,2e-05,-0.00037,-0.00058,5e-05,1e-05,0.00304,-1e-05,6e-05,-1e-05,0,-0,-1e-05,0.00496,3e-05,-0,0,1e-05,-0,0,-0.00238,0.00039,-0.00159,-0.00327,-0.00352,-0.004,-0.0007,0.00015,1e-05,4e-05,0.00013,0.00011,2e-05,2e-05
0.28,-0.00086,1e-05,-0.00035,-0.00065,6e-05,1e-05,0.00389,-1e-05,0.0001,-1e-05,1e-05,-0,-1e-05,0.00545,3e-05,-0,1e-05,1e-05,-0,0,-0.00264,0.00052,-0.00182,-0.00284,-0.00248,-0.00322,-0.00068,0.00018,1e-05,4e-05,0.00016,0.00013,3e-05,2e-05
0.3,-0.0012,-2e-05,-0.00028,-0.00068,7e-05,1e-05,0.00479,-2e-05,0.00015,-0,3e-05,0,-1e-05,0.00573,3e-05,-0,1e-05,1e-05,-0,0,-0.00294,0.00064,-0.00204,-0.00209,-0.00126,-0.00218,-0.00063,0.00024,2e-05,4e-05,0.00018,0.00014,3e-05,3e-05
0.32,-0.00156,-8e-05,-0.00019,-0.00071,8e-05,0,0.00567,-2e-05,0.00023,0,5e-05,0,-1e-05,0.00572,2e-05,-0,1e-05,1e-05,-0,0,-0.00332,0.00076,-0.00222,-0.00098,0.00015,-0.00088,-0.00054,0.0003,2e-05,3e-05,0.0002,0.00015,3e-05,3e-05
0.34,-0.00192,-0.00018,-0.0001,-0.00075,9e-05,0,0.00639,-2e-05,0.00034,2e-05,8e-05,1e-05,-1e-05,0.00532,1e-05,-1e-05,1e-05,1e-05,-0,-0,-0.00369,0.00084,-0.0023,0.00052,0.00174,0.00071,-0.00041,0.00039,2e-05,2e-05,0.00021,0.00016,3e-05,3e-05
0.36,-0.00221,-0.00033,-3e-05,-0.0008,0.00011,-0,0.00682,0,0.00047,5e-05,0.00011,2e-05,-0,0.0045,-1e-05,-1e-05,1e-05,1e-05,-0,-0,-0.00395,0.00088,-0.00228,0.00224,0.00348,0.00255,-0.00023,0.0005,1e-05,2e-05,0.0002,0.00016,4e-05,3e-05
0.38,-0.00231,-0.00055,1e-05,-0.00083,0.00013,-0,0.00684,6e-05,0.0006,9e-05,0.00013,3e-05,-0,0.00332,-2e-05,-2e-05,1e-05,0,-0,0,-0.00399,0.00087,-0.00212,0.00387,0.00527,0.00456,-0,0.00061,1e-05,1e-05,0.00017,0.00016,4e-05,2e-05
0.4,-0.00201,-0.00084,-0,-0.0009,0.00014,-0,0.00655,0.00019,0.00068,0.00014,0.00015,5e-05,0,0.00204,-4e-05,-3e-05,-1e-05,0,-0,0,-0.00362,0.00082,-0.00183,0.00485,0.00696,0.0065,0.00028,0.00072,0,-0,0.00012,0.00015,3e-05,2e-05
0.42,-0.00113,-0.00118,-6e-05,-0.00104,0.00012,-1e-05,0.00631,0.00039,0.00069,0.00015,0.00017,6e-05,0,0.00099,-5e-05,-3e-05,-4e-05,0,-0,0,-0.00262,0.00073,-0.00141,0.00446,0.00837,0.00794,0.00055,0.00081,-0,-1e-05,5e-05,0.00013,3e-05,1e-05
0.44,0.00051,-0.00148,-0.00015,-0.00095,9e-05,-1e-05,0.00597,0.00066,0.0006,0.00014,0.00018,6e-05,0,0.00027,-3e-05,-3e-05,-8e-05,-0,-0,0,-0.00079,0.00058,-0.00088,0.00223,0.00933,0.00876,0.00077,0.00083,-0,-1e-05,-3e-05,0.0001,3e-05,1e-05
0.46,0.0031,-0.00166,-0.00027,-0.00054,5e-05,-1e-05,0.00544,0.001,0.00043,8e-05,0.00016,5e-05,0,-7e-05,2e-05,-2e-05,-0.00015,-0,-0,-0,0.00203,0.00036,-0.00028,-0.00217,0.00979,0.00908,0.00094,0.00077,-0,-1e-05,-0.00011,7e-05,2e-05,1e-05
0.48,0.00678,-0.00165,-0.00037,8e-05,-1e-05,-1e-05,0.00494,0.00132,0.00023,-1e-05,0.00012,4e-05,0,-2e-05,8e-05,-1e-05,-0.00024,-0,-0,-0,0.00608,0.0001,0.00035,-0.00888,0.00971,0.00887,0.00104,0.00062,-0,-1e-05,-0.0002,3e-05,1e-05,0
0.5,0.01058,-0.00136,-0.00043,0.00078,-5e-05,-1e-05,0.00427,0.00158,4e-05,-0.00014,8e-05,2e-05,1e-05,0.00014,0.00015,1e-05,-0.00032,-0,-0,-1e-05,0.01104,-0.00019,0.00097,-0.01769,0.00922,0.00834,0.00109,0.00041,1e-05,0,-0.00029,-1e-05,-0,-0
0.52,0.01185,-0.00082,-0.00036,0.00129,-8e-05,-1e-05,0.00342,0.00178,-7e-05,-0.00027,3e-05,1e-05,1e-05,0.00031,0.00021,4e-05,-0.00039,-0,-0,-1e-05,0.01529,-0.00045,0.00149,-0.02784,0.00846,0.00775,0.00125,0.00019,2e-05,3e-05,-0.00037,-5e-05,-1e-05,-1e-05
0.54,0.01025,-0.00022,-0.00017,0.00117,-7e-05,-1e-05,0.00271,0.0018,-4e-05,-0.0004,0,-0,1e-05,0.00028,0.00023,6e-05,-0.00042,-0,0,-1e-05,0.0183,-0.00063,0.00185,-0.03857,0.00749,0.00709,0.00143,1e-05,6e-05,7e-05,-0.00046,-9e-05,-2e-05,-2e-05
0.56,0.0069,0.00015,0.00016,0.00108,-1e-05,-0,0.00226,0.00155,0.0001,-0.00048,-1e-05,-0,2e-05,-0.00039,0.00022,9e-05,-0.00042,-0,0,-1e-05,0.0206,-0.00074,0.00204,-0.04919,0.00634,0.00631,0.00154,-0.00011,0.00011,0.00011,-0.00054,-0.00013,-3e-05,-2e-05
0.58,0.00209,0.00013,0.0006,0.00104,6e-05,0,0.00199,0.00111,0.00032,-0.00052,-2e-05,1e-05,2e-05,-0.00181,0.00016,0.0001,-0.00038,-1e-05,0,-1e-05,0.02189,-0.00076,0.00203,-0.05809,0.00511,0.00552,0.00158,-0.00015,0.00019,0.00015,-0.00061,-0.00016,-4e-05,-4e-05
0.6,-0.00417,-0.00042,0.00109,0.00107,0.00012,-0,0.00191,0.00062,0.00057,-0.00049,-2e-05,2e-05,3e-05,-0.00367,9e-05,0.0001,-0.00031,-1e-05,1e-05,0,0.02125,-0.00072,0.00187,-0.06497,0.00387,0.00461,0.00153,-0.00013,0.00028,0.00019,-0.00065,-0.00018,-4e-05,-5e-05
0.62,-0.01216,-0.00149,0.00152,0.00117,0.00017,-1e-05,0.00202,0.00024,0.00078,-0.00037,-2e-05,2e-05,3e-05,-0.00541,3e-05,0.0001,-0.00024,-1e-05,1e-05,1e-05,0.01771,-0.00064,0.00162,-0.07023,0.00269,0.0035,0.00137,-7e-05,0.00037,0.00021,-0.00064,-0.00019,-4e-05,-6e-05
0.64,-0.02034,-0.00265,0.00179,0.00133,0.0002,-1e-05,0.00236,3e-05,0.00089,-0.00019,-3e-05,3e-05,4e-05,-0.00683,1e-05,9e-05,-0.00016,-1e-05,1e-05,2e-05,0.01296,-0.00053,0.00124,-0.07163,0.00165,0.00241,0.00112,-0,0.00044,0.00023,-0.0006,-0.00019,-4e-05,-7e-05
0.66,-0.02723,-0.0034,0.00187,0.00152,0.0002,-2e-05,0.00292,0,0.00087,2e-05,-3e-05,2e-05,4e-05,-0.00781,0,8e-05,-0.0001,-1e-05,2e-05,2e-05,0.00893,-0.0004,0.00079,-0.06752,0.00081,0.00148,0.00083,5e-05,0.00048,0.00023,-0.00053,-0.00018,-4e-05,-8e-05
0.68,-0.03296,-0.00352,0.00171,0.00169,0.00015,-2e-05,0.00362,0.0001,0.00071,0.00022,-3e-05,1e-05,3e-05,-0.00789,-0,7e-05,-6e-05,-1e-05,2e-05,2e-05,0.00596,-0.00027,0.00036,-0.05869,0.00021,0.00074,0.00053,7e-05,0.00046,0.00022,-0.00044,-0.00016,-4e-05,-8e-05
0.7,-0.03673,-0.00311,0.0014,0.00183,9e-05,-2e-05,0.00444,0.00016,0.00049,0.00038,1e-05,0,3e-05,-0.00745,-4e-05,5e-05,-3e-05,-1e-05,3e-05,2e-05,0.00514,-0.00017,2e-05,-0.04682,-0.00014,0.00026,0.00028,6e-05,0.00041,0.00021,-0.00035,-0.00013,-3e-05,-8e-05
0.72,-0.03788,-0.00249,0.00105,0.00198,3e-05,-2e-05,0.00544,0.0001,0.00028,0.00051,8e-05,-0,2e-05,-0.00701,-8e-05,3e-05,-1e-05,-1e-05,3e-05,2e-05,0.00656,-9e-05,-0.00023,-0.03403,-0.00027,0,0.0001,1e-05,0.00034,0.0002,-0.00028,-0.0001,-2e-05,-8e-05
0.74,-0.03719,-0.00185,0.00066,0.00209,-2e-05,-1e-05,0.00641,-2e-05,0.0001,0.00059,0.0002,-0,1e-05,-0.00623,-0.00011,0,-0,-0,3e-05,2e-05,0.00855,-4e-05,-0.00041,-0.02184,-0.00023,-0.00012,-1e-05,-4e-05,0.00025,0.00019,-0.00023,-7e-05,-2e-05,-7e-05
0.76,-0.0353,-0.00126,0.00024,0.00211,-5e-05,-1e-05,0.00709,-0.00018,-5e-05,0.00061,0.00037,1e-05,1e-05,-0.00504,-0.00015,-1e-05,-0,-0,3e-05,2e-05,0.01025,-1e-05,-0.00052,-0.01169,-0.00012,-0.00012,-3e-05,-0.00011,0.00015,0.00018,-0.00019,-3e-05,-1e-05,-5e-05
0.78,-0.03257,-0.00081,-0.00013,0.00207,-7e-05,-0,0.00747,-0.00035,-0.00016,0.00059,0.00058,3e-05,1e-05,-0.0038,-0.00018,-3e-05,-1e-05,-0,2e-05,1e-05,0.01142,1e-05,-0.00055,-0.0046,1e-05,-5e-05,3e-05,-0.00018,5e-05,0.00017,-0.00015,1e-05,0,-4e-05
0.8,-0.02892,-0.00053,-0.00039,0.00174,-7e-05,-0,0.00751,-0.00052,-0.00022,0.00053,0.00081,6e-05,1e-05,-0.00272,-0.0002,-5e-05,-1e-05,0,2e-05,1e-05,0.01171,1e-05,-0.0005,-0.00061,0.00013,6e-05,0.00013,-0.00022,-4e-05,0.00016,-0.00012,6e-05,1e-05,-2e-05
0.82,-0.02452,-0.00036,-0.00051,0.00128,-6e-05,-0,0.00721,-0.00065,-0.00024,0.00044,0.00109,7e-05,0,-0.0019,-0.00021,-6e-05,-2e-05,0,1e-05,0,0.01081,1e-05,-0.00035,0.0002,0.00019,0.00013,0.00024,-0.00023,-0.00012,0.00015,-0.00011,0.0001,3e-05,0
0.84,-0.02028,-0.00022,-0.00054,0.00093,-4e-05,-0,0.00669,-0.00072,-0.00023,0.00036,0.00135,8e-05,0,-0.00131,-0.00021,-7e-05,-2e-05,0,1e-05,-0,0.00918,1e-05,-0.00011,-2e-05,0.00019,0.00015,0.0003,-0.0002,-0.00019,0.00013,-0.0001,0.00015,4e-05,2e-05
0.86,-0.01667,-9e-05,-0.00051,0.00068,-3e-05,0,0.00606,-0.00074,-0.00021,0.00028,0.00148,8e-05,-0,-0.00088,-0.00019,-7e-05,-3e-05,0,1e-05,-0,0.00763,2e-05,0.00018,-0.00015,0.00019,0.00016,0.00035,-0.00017,-0.00025,0.00012,-9e-05,0.0002,5e-05,4e-05
0.88,-0.01363,3e-05,-0.00045,0.00051,-3e-05,0,0.00538,-0.00072,-0.00018,0.00023,0.00152,8e-05,-0,-0.00059,-0.00017,-7e-05,-4e-05,0,0,-0,0.00623,2e-05,0.00049,-0.00031,0.0002,0.00016,0.00038,-0.00014,-0.0003,0.00011,-8e-05,0.00025,6e-05,6e-05
0.9,-0.01106,0.00013,-0.00038,0.00039,-2e-05,0,0.0047,-0.00067,-0.00015,0.00018,0.00144,7e-05,-0,-0.0004,-0.00015,-6e-05,-4e-05,0,0,-0,0.00505,2e-05,0.00075,-0.0005,0.0002,0.00015,0.00038,-0.00012,-0.00034,0.00011,-6e-05,0.0003,8e-05,8e-05
0.92,-0.00888,0.00021,-0.00031,0.00031,-2e-05,1e-05,0.00404,-0.0006,-0.00013,0.00014,0.00123,6e-05,-0,-0.00025,-0.00013,-6e-05,-4e-05,0,0,-0,0.00413,-0,0.00095,-0.00067,0.0002,0.00014,0.00035,-0.00011,-0.0004,0.0001,-3e-05,0.00035,9e-05,0.0001
0.94,-0.00711,0.00025,-0.00024,0.00026,-1e-05,1e-05,0.00343,-0.00054,-0.00011,0.00012,0.00098,6e-05,-0,-0.00013,-0.00013,-5e-05,-3e-05,0,-0,-0,0.00345,-4e-05,0.00106,-0.00082,0.00019,0.00013,0.00031,-0.00015,-0.00047,0.0001,2e-05,0.0004,0.0001,0.00012
0.96,-0.00571,0.00028,-0.00017,0.00023,-1e-05,1e-05,0.0029,-0.00047,-9e-05,0.0001,0.00077,5e-05,-0,-2e-05,-0.00013,-3e-05,-1e-05,0,-0,-0,0.00259,-8e-05,0.00095,0.00017,0.00012,5e-05,0.00025,-0.00028,-0.00057,9e-05,9e-05,0.00044,0.00012,0.00014
0.98,-0.00456,0.00032,-0.00012,0.00021,-0,1e-05,0.00243,-0.00041,-8e-05,8e-05,0.0006,4e-05,-0,0.0001,-0.00014,-2e-05,1e-05,0,-0,-0,0.0014,-0.00016,0.00058,0.00191,-1e-05,-7e-05,0.00015,-0.00052,-0.00072,7e-05,0.00019,0.00047,0.00013,0.00016
1,-0.00359,0.00038,-7e-05,0.0002,0,1e-05,0.00201,-0.00035,-6e-05,7e-05,0.00045,3e-05,-0,0.00022,-0.00016,-2e-05,4e-05,0,-0,0,5e-05,-0.00028,0.00012,0.0031,-9e-05,-0.00017,5e-05,-0.00081,-0.00095,5e-05,0.00032,0.00048,0.00013,0.00018
1.02,-0.00272,0.00048,-2e-05,0.0002,1e-05,1e-05,0.00162,-0.00031,-5e-05,6e-05,0.00033,3e-05,-0,0.00034,-0.00018,-1e-05,7e-05,0,-0,0,-0.00143,-0.00042,-0.00022,0.00361,-6e-05,-0.00022,-4e-05,-0.00104,-0.00129,0,0.00049,0.00047,0.00013,0.00021
1.04,-0.00196,0.00064,2e-05,0.0002,1e-05,0,0.00128,-0.00026,-4e-05,5e-05,0.00024,2e-05,-0,0.00047,-0.00021,-1e-05,0.00011,0,-0,0,-0.00285,-0.00054,-0.0002,0.00334,0.00018,-0.00015,-0.00013,-0.00119,-0.00175,-7e-05,0.00069,0.00043,0.00013,0.00024
1.06,-0.00127,0.00085,6e-05,0.0002,2e-05,0,0.00096,-0.00023,-3e-05,4e-05,0.00017,2e-05,-0,0.0006,-0.00023,-2e-05,0.00014,0,-0,0,-0.00381,-0.00056,0.00043,0.0023,0.0007,7e-05,-0.00021,-0.00119,-0.00234,-0.00018,0.0009,0.00035,0.00011,0.00027
1.08,-0.00065,0.00108,0.0001,0.00021,3e-05,0,0.00067,-0.0002,-3e-05,3e-05,0.00012,2e-05,-0,0.00074,-0.00026,-2e-05,0.00018,0,-0,0,-0.00362,-0.00037,0.00186,0.00084,0.00151,0.00046,-0.00027,-0.00089,-0.00303,-0.00033,0.00102,0.00022,8e-05,0.0003
1.1,-0.0001,0.00127,0.00013,0.00022,4e-05,0,0.00041,-0.00017,-2e-05,2e-05,8e-05,1e-05,-0,0.00088,-0.00027,-3e-05,0.00022,0,-0,0,-0.00126,0.00019,0.004,-9e-05,0.00253,0.00098,-0.00029,-0.00023,-0.00363,-0.0005,0.00113,3e-05,4e-05,0.00032
1.12,0.00034,0.00137,0.00016,0.00022,5e-05,0,0.00018,-0.00015,-2e-05,1e-05,5e-05,1e-05,-0,0.00102,-0.00026,-3e-05,0.00025,0,-0,0,0.00367,0.001,0.00622,-0.00123,0.00348,0.00148,-0.00029,0.00088,-0.00382,-0.00066,0.00141,-0.00023,-2e-05,0.00035
1.14,0.00059,0.00129,0.00018,0.00023,7e-05,0,-2e-05,-0.00013,-1e-05,1e-05,3e-05,1e-05,-0,0.00115,-0.00024,-4e-05,0.00029,0,-0,0,0.01072,0.00176,0.008,-0.00369,0.00415,0.00184,-0.00027,0.00248,-0.00358,-0.00078,0.00176,-0.00055,-9e-05,0.00038
1.16,0.00061,0.00096,0.0002,0.00024,8e-05,0,-0.00019,-0.00012,-1e-05,0,1e-05,1e-05,-0,0.00125,-0.0002,-3e-05,0.00031,0,-0,0,0.01975,0.00232,0.00926,-0.00656,0.0044,0.00199,-0.00025,0.00453,-0.00297,-0.00084,0.00195,-0.00093,-0.00019,0.00038
1.18,0.00034,0.00032,0.0002,0.00024,0.00011,1e-05,-0.00033,-0.0001,-0,-0,-0,1e-05,-0,0.00134,-0.00015,-3e-05,0.00033,0,-0,0,0.03032,0.00253,0.00984,-0.00921,0.00418,0.00191,-0.00023,0.00668,-0.00201,-0.00079,0.0019,-0.00137,-0.0003,0.00037
1.2,-0.00023,-0.0006,0.00019,0.00025,0.00013,1e-05,-0.00044,-9e-05,0,-0,-1e-05,1e-05,-0,0.00139,-9e-05,-2e-05,0.00034,0,-0,0,0.04107,0.00204,0.00937,-0.01114,0.00353,0.00162,-0.00022,0.00911,-0.00089,-0.00064,0.00201,-0.00175,-0.00039,0.00033
1.22,-0.00109,-0.00166,0.00017,0.00026,0.00017,2e-05,-0.00053,-7e-05,1e-05,-0,-2e-05,1e-05,-0,0.00141,-3e-05,-1e-05,0.00034,0,-1e-05,0,0.04944,0.00048,0.00751,-0.01171,0.00258,0.0012,-0.0002,0.01244,-1e-05,-0.00045,0.00293,-0.00187,-0.00041,0.00027
1.24,-0.00221,-0.00277,0.00013,0.00026,0.00021,2e-05,-0.0006,-5e-05,1e-05,0,-3e-05,1e-05,-0,0.00141,3e-05,0,0.00033,0,-1e-05,0,0.05453,-0.00181,0.00487,-0.00928,0.00148,0.00069,-0.00018,0.01572,0.00047,-0.00027,0.00408,-0.00179,-0.00035,0.00017
1.26,-0.00348,-0.00381,7e-05,0.00026,0.00026,2e-05,-0.00066,-2e-05,2e-05,1e-05,-4e-05,0,-0,0.00139,7e-05,1e-05,0.00032,0,-1e-05,1e-05,0.05697,-0.00419,0.0022,-0.00267,0.00035,0.00017,-0.00015,0.01768,0.00064,-0.00013,0.00478,-0.00162,-0.00028,5e-05
1.28,-0.00474,-0.00458,2e-05,0.00026,0.00032,2e-05,-0.00071,0,2e-05,2e-05,-5e-05,0,-0,0.00134,0.00011,2e-05,0.0003,0,-2e-05,1e-05,0.05557,-0.00646,-0.0004,0.00839,-0.00073,-0.00034,-0.00011,0.01796,0.00061,0,0.00517,-0.00135,-0.00018,-9e-05
1.3,-0.00585,-0.00502,-3e-05,0.00025,0.00038,1e-05,-0.00075,3e-05,2e-05,3e-05,-5e-05,0,-0,0.00128,0.00013,3e-05,0.00029,-0,-2e-05,1e-05,0.051,-0.00825,-0.00251,0.02314,-0.00171,-0.00081,-8e-05,0.01742,0.00037,9e-05,0.00467,-0.00107,-0.0001,-0.00023
1.32,-0.00666,-0.00514,-7e-05,0.00024,0.00043,0,-0.00077,5e-05,3e-05,4e-05,-6e-05,0,-0,0.00122,0.00014,4e-05,0.00028,-0,-2e-05,1e-05,0.04523,-0.00923,-0.00363,0.03788,-0.0026,-0.00121,-4e-05,0.01721,0,9e-05,0.0034,-0.00085,-8e-05,-0.00036
1.34,-0.00701,-0.00487,-0.0001,0.00022,0.00047,-1e-05,-0.00078,6e-05,3e-05,5e-05,-6e-05,0,-0,0.00116,0.00014,4e-05,0.00029,-0,-3e-05,1e-05,0.0373,-0.00958,-0.00411,0.05089,-0.00341,-0.00156,-2e-05,0.01664,-0.00032,6e-05,0.00219,-0.00064,-6e-05,-0.00044
1.36,-0.0068,-0.00421,-0.00013,0.0002,0.00051,-1e-05,-0.00079,6e-05,3e-05,5e-05,-7e-05,-0,-0,0.00106,0.00014,5e-05,0.0003,-0,-3e-05,1e-05,0.02647,-0.00949,-0.00428,0.06264,-0.00411,-0.00185,0,0.01532,-0.00057,-0,0.0013,-0.00041,-4e-05,-0.00051
1.38,-0.00604,-0.00328,-0.00014,0.00016,0.00052,-2e-05,-0.00079,6e-05,3e-05,5e-05,-7e-05,-0,-0,0.00096,0.00015,4e-05,0.00033,-0,-3e-05,1e-05,0.01363,-0.00903,-0.00417,0.07203,-0.00472,-0.00208,2e-05,0.01378,-0.00072,-9e-05,0.00057,-0.0002,-2e-05,-0.00055
1.4,-0.00475,-0.0022,-0.00015,0.00012,0.00052,-2e-05,-0.00079,6e-05,3e-05,5e-05,-7e-05,-0,-0,0.00084,0.00016,3e-05,0.00036,-0,-2e-05,1e-05,-0.00108,-0.00838,-0.00389,0.07861,-0.00528,-0.00227,3e-05,0.01246,-0.00075,-0.00019,-0.00033,0,-1e-05,-0.00058
1.42,-0.00303,-0.00109,-0.00015,8e-05,0.00051,-2e-05,-0.0008,5e-05,3e-05,5e-05,-7e-05,-0,-0,0.00072,0.00017,1e-05,0.00039,0,-2e-05,1e-05,-0.01759,-0.00768,-0.00359,0.08203,-0.00578,-0.0024,5e-05,0.01122,-0.00069,-0.00025,-0.00161,0.00018,1e-05,-0.00061
1.44,-0.00097,-8e-05,-0.00016,2e-05,0.00049,-2e-05,-0.00082,4e-05,3e-05,4e-05,-7e-05,-0,-0,0.0006,0.00018,-0,0.00042,0,-2e-05,1e-05,-0.0352,-0.00707,-0.00336,0.08203,-0.00623,-0.00248,7e-05,0.00953,-0.00067,-0.00029,-0.00362,0.00034,3e-05,-0.00064
1.46,0.00135,0.00078,-0.00016,-3e-05,0.00046,-2e-05,-0.00086,3e-05,2e-05,3e-05,-7e-05,-0,-0,0.0005,0.00019,-1e-05,0.00045,0,-1e-05,1e-05,-0.0531,-0.00657,-0.00329,0.07847,-0.00659,-0.00249,0.0001,0.00747,-0.00073,-0.00031,-0.0067,0.00047,4e-05,-0.00066
1.48,0.00389,0.00149,-0.00015,-8e-05,0.00042,-2e-05,-0.00092,2e-05,2e-05,2e-05,-8e-05,-0,-0,0.00043,0.0002,-2e-05,0.00047,0,-1e-05,1e-05,-0.07013,-0.00607,-0.00341,0.07055,-0.00681,-0.0024,0.00015,0.00533,-0.00083,-0.00032,-0.01076,0.00056,4e-05,-0.00067
1.5,0.00654,0.00203,-0.00013,-0.00013,0.00038,-2e-05,-0.00102,0,2e-05,0,-8e-05,-0,-0,0.00037,0.00021,-2e-05,0.00047,0,0,1e-05,-0.08692,-0.00528,-0.00385,0.05942,-0.00674,-0.00216,0.00023,0.00317,-0.001,-0.00031,-0.01535,0.00061,5e-05,-0.00065
1.52,0.00912,0.00241,-0.00011,-0.00017,0.00034,-2e-05,-0.00116,-1e-05,2e-05,-1e-05,-8e-05,-0,0,0.00032,0.00022,2e-05,0.00047,0,1e-05,1e-05,-0.10376,-0.00381,-0.00476,0.04512,-0.00622,-0.00177,0.00038,0.00125,-0.00126,-0.0003,-0.01955,0.00061,5e-05,-0.00056
1.54,0.01158,0.00264,-8e-05,-0.00021,0.00031,-2e-05,-0.00134,-2e-05,2e-05,-3e-05,-9e-05,-0,0,0.00028,0.00023,8e-05,0.00044,0,1e-05,0,-0.11761,-0.00119,-0.00615,0.0249,-0.00518,-0.00113,0.00064,0.00018,-0.00147,-0.00024,-0.02241,0.00057,4e-05,-0.00044
1.56,0.01395,0.00276,-5e-05,-0.00024,0.00028,-2e-05,-0.00154,-2e-05,3e-05,-6e-05,-0.0001,-0,0,0.00025,0.00024,0.00013,0.00041,0,1e-05,0,-0.12546,0.00307,-0.00795,-0.00287,-0.00354,-0.00021,0.001,3e-05,-0.00154,-0.00015,-0.02332,0.00049,4e-05,-0.00032
1.58,0.0162,0.00278,-2e-05,-0.00027,0.00026,-2e-05,-0.00177,-3e-05,3e-05,-8e-05,-0.00012,-0,0,0.00022,0.00025,0.00016,0.00037,0,2e-05,0,-0.12526,0.00938,-0.01008,-0.03832,-0.00126,0.00095,0.0015,0.00048,-0.00151,-6e-05,-0.02167,0.00038,3e-05,-0.0002
1.6,0.01814,0.00269,0,-0.00029,0.00025,-1e-05,-0.00199,-4e-05,3e-05,-0.00011,-0.00013,0,0,0.00018,0.00027,0.00018,0.00031,1e-05,2e-05,0,-0.11609,0.01774,-0.01246,-0.08229,0.00169,0.00227,0.00212,0.00118,-0.00141,0,-0.01857,0.00025,2e-05,-0.00011
1.62,0.01948,0.00244,2e-05,-0.0003,0.00025,-1e-05,-0.00218,-6e-05,4e-05,-0.00013,-0.00015,0,0,0.0001,0.00028,0.00017,0.00025,1e-05,2e-05,0,-0.09653,0.0276,-0.01492,-0.13798,0.00509,0.00338,0.00275,0.00191,-0.00132,4e-05,-0.01552,0.0001,2e-05,-6e-05
1.64,0.02022,0.00208,4e-05,-0.00031,0.00026,-1e-05,-0.00232,-8e-05,4e-05,-0.00016,-0.00017,0,0,-2e-05,0.00028,0.00015,0.00018,1e-05,2e-05,1e-05,-0.063,0.03813,-0.01701,-0.20401,0.00857,0.00408,0.00333,0.00252,-0.00122,5e-05,-0.01195,-4e-05,1e-05,-3e-05
1.66,0.0204,0.00164,6e-05,-0.00032,0.00027,-1e-05,-0.0024,-0.00011,5e-05,-0.00018,-0.00018,0,-0,-0.00021,0.00029,0.00011,0.0001,1e-05,2e-05,1e-05,-0.01499,0.04839,-0.01828,-0.27387,0.0117,0.00442,0.00381,0.00286,-0.00105,5e-05,-0.00783,-0.00016,-1e-05,0
1.68,0.01991,0.00114,9e-05,-0.00033,0.00029,-0,-0.00239,-0.00014,6e-05,-0.0002,-0.00019,0,-0,-0.00047,0.00029,6e-05,3e-05,1e-05,1e-05,1e-05,0.04454,0.05832,-0.01855,-0.33906,0.01414,0.0044,0.00397,0.00299,-0.00077,3e-05,-0.00395,-0.00026,-2e-05,1e-05
1.7,0.01891,0.00066,0.00013,-0.00034,0.00029,-0,-0.00228,-0.00018,6e-05,-0.00021,-0.0002,1e-05,-0,-0.00081,0.00028,2e-05,-6e-05,1e-05,1e-05,1e-05,0.1089,0.06226,-0.0174,-0.39583,0.01467,0.00379,0.00402,0.00298,-0.00042,1e-05,-0.001,-0.00033,-4e-05,-1e-05
1.72,0.01762,0.00031,0.00018,-0.00036,0.00028,-0,-0.00206,-0.0002,6e-05,-0.00022,-0.0002,1e-05,-0,-0.00122,0.00029,-0,-0.00015,1e-05,0,1e-05,0.16699,0.05389,-0.01404,-0.44241,0.01151,0.00238,0.00388,0.00291,-7e-05,-1e-05,0.00105,-0.00035,-5e-05,-3e-05
1.74,0.01596,4e-05,0.00025,-0.00037,0.00026,-0,-0.00174,-0.0002,5e-05,-0.00021,-0.00019,1e-05,-0,-0.00168,0.00028,0,-0.00026,1e-05,-0,1e-05,0.20853,0.04075,-0.00921,-0.45755,0.00623,0.00094,0.00322,0.00282,0.00025,-1e-05,0.00244,-0.00031,-5e-05,-6e-05
1.76,0.01392,-0.00018,0.0003,-0.00039,0.00022,-0,-0.00133,-0.00021,5e-05,-0.00019,-0.00019,0,-0,-0.00218,0.00027,3e-05,-0.00038,1e-05,-1e-05,0,0.22764,0.02946,-0.00484,-0.42903,0.00145,4e-05,0.00233,0.0027,0.00052,-1e-05,0.00303,-0.00023,-4e-05,-8e-05
1.78,0.01166,-0.00032,0.00033,-0.00039,0.00017,-0,-0.00088,-0.0002,4e-05,-0.00016,-0.00017,0,-0,-0.00268,0.00024,8e-05,-0.00052,0,-1e-05,-0,0.22325,0.02067,-0.00158,-0.36706,-0.00225,-0.00039,0.00151,0.00239,0.00071,-0,0.00299,-0.00012,-3e-05,-9e-05
1.8,0.00943,-0.00036,0.00035,-0.00039,0.00013,-0,-0.00044,-0.00019,3e-05,-0.00012,-0.00016,0,-0,-0.00311,0.00021,0.00013,-0.00067,-0,-1e-05,-1e-05,0.19245,0.01405,-0.00025,-0.2775,-0.00333,-0.00035,0.00093,0.00209,0.00078,-0,0.00249,1e-05,-1e-05,-9e-05
1.82,0.00741,-0.00033,0.00034,-0.00039,0.0001,-0,-6e-05,-0.00016,2e-05,-9e-05,-0.00014,-0,-0,-0.00334,0.00018,0.00022,-0.0008,-1e-05,-2e-05,-1e-05,0.14371,0.0081,-9e-05,-0.18068,-0.00237,-0.00018,0.00038,0.00216,0.00074,-2e-05,0.0017,0.00015,-0,-7e-05
1.84,0.00558,-0.00025,0.0003,-0.00036,7e-05,-0,0.00022,-0.00013,1e-05,-6e-05,-0.00012,-0,-0,-0.00338,0.00015,0.0003,-0.00091,-1e-05,-1e-05,-2e-05,0.09658,0.00405,8e-05,-0.10205,-0.00131,-7e-05,-0.00021,0.00229,0.00063,-8e-05,0.00094,0.00031,1e-05,-5e-05
1.86,0.00394,-0.00017,0.00024,-0.00031,5e-05,-0,0.00038,-9e-05,0,-3e-05,-0.00011,-0,-0,-0.00325,0.00014,0.00035,-0.001,-1e-05,-1e-05,-2e-05,0.06129,0.00212,0.00037,-0.04946,-0.00057,-2e-05,-0.00071,0.0021,0.00048,-0.00017,0.00034,0.00046,3e-05,-2e-05
1.88,0.00256,-9e-05,0.00017,-0.00024,3e-05,-0,0.00043,-6e-05,-0,-1e-05,-8e-05,-0,-0,-0.00291,0.00014,0.00037,-0.00104,-1e-05,-1e-05,-3e-05,0.03983,0.00125,0.0008,-0.01882,-5e-05,1e-05,-0.0011,0.00168,0.0003,-0.0003,-0.0001,0.00061,5e-05,1e-05
1.9,0.00144,-3e-05,0.00011,-0.00016,1e-05,-0,0.00038,-2e-05,-1e-05,0,-7e-05,-0,-0,-0.00245,0.00015,0.00034,-0.00104,-1e-05,-0,-3e-05,0.03082,0.00077,0.00127,-0.00045,0.00036,2e-05,-0.0013,0.00098,0.0001,-0.00043,-0.00037,0.00074,7e-05,4e-05
1.92,0.00055,0,6e-05,-7e-05,0,-0,0.00026,1e-05,-1e-05,1e-05,-5e-05,-0,-0,-0.00197,0.00017,0.00025,-0.00098,-1e-05,0,-3e-05,0.02971,0.00034,0.00148,0.01708,0.00067,1e-05,-0.00127,-4e-05,-0.0001,-0.00054,-0.0005,0.00085,0.0001,7e-05
1.94,-0.00011,0,3e-05,2e-05,-1e-05,0,9e-05,4e-05,-1e-05,1e-05,-5e-05,-0,-0,-0.00145,0.00018,0.00015,-0.00087,-1e-05,1e-05,-3e-05,0.03088,5e-05,0.00124,0.04346,0.00075,-5e-05,-0.00121,-0.00125,-0.00029,-0.00058,-0.00049,0.00095,0.00013,0.00012
1.96,-0.0006,-2e-05,3e-05,9e-05,-1e-05,0,-0.00011,6e-05,-1e-05,2e-05,-5e-05,-0,-0,-0.00093,0.0002,7e-05,-0.00072,-0,2e-05,-3e-05,0.03019,4e-05,0.00033,0.08422,0.00039,-0.00021,-0.00135,-0.00257,-0.00049,-0.00058,-0.0004,0.00103,0.00017,0.00016
1.98,-0.00093,-6e-05,6e-05,0.00016,-1e-05,0,-0.00035,7e-05,-1e-05,2e-05,-5e-05,-0,-0,-0.00046,0.00021,2e-05,-0.00054,-0,2e-05,-2e-05,0.02495,0.00047,-0.00144,0.13745,-0.00062,-0.00054,-0.00163,-0.00386,-0.00069,-0.00052,-0.00023,0.00109,0.00021,0.00021
2,-0.00112,-9e-05,0.0001,0.0002,-1e-05,1e-05,-0.0006,7e-05,-1e-05,3e-05,-6e-05,-0,-0,-9e-05,0.00021,-2e-05,-0.00036,-0,3e-05,-2e-05,0.01512,0.0017,-0.00486,0.18996,-0.0025,-0.00103,-0.00199,-0.00512,-0.00092,-0.00043,-4e-05,0.00113,0.00025,0.00026
2.02,-0.00117,-0.0001,0.00015,0.00022,-1e-05,1e-05,-0.00084,6e-05,-0,3e-05,-7e-05,-0,-0,0.00018,0.0002,-4e-05,-0.00019,0,3e-05,-2e-05,0.00256,0.00462,-0.01112,0.21426,-0.00542,-0.00153,-0.00226,-0.00632,-0.00118,-0.00035,0.00018,0.00116,0.00031,0.0003
2.04,-0.00108,-8e-05,0.00022,0.00022,-1e-05,1e-05,-0.00107,5e-05,-0,4e-05,-7e-05,-0,-0,0.00038,0.00018,-3e-05,-4e-05,0,3e-05,-1e-05,-0.00771,0.00906,-0.01846,0.19666,-0.00864,-0.00196,-0.0023,-0.00727,-0.00147,-0.00029,0.00042,0.00114,0.00037,0.00033
2.06,-0.00081,-0,0.00028,0.00021,-1e-05,1e-05,-0.00126,3e-05,-0,4e-05,-8e-05,-0,-0,0.00049,0.00017,-1e-05,9e-05,0,3e-05,-1e-05,-0.01091,0.01387,-0.02459,0.14447,-0.01104,-0.00231,-0.00215,-0.00775,-0.0018,-0.00022,0.00065,0.00106,0.0004,0.00037
2.08,-0.00037,0.00011,0.00035,0.00019,-1e-05,1e-05,-0.00139,1e-05,0,3e-05,-8e-05,-0,-0,0.00055,0.00015,0,0.0002,1e-05,3e-05,-1e-05,-0.00579,0.01777,-0.02757,0.0589,-0.01215,-0.00246,-0.00185,-0.00764,-0.00217,-0.00018,0.00079,0.00091,0.00041,0.00039
2.1,0.00027,0.00022,0.0004,0.00017,-1e-05,1e-05,-0.00147,-1e-05,0,2e-05,-8e-05,0,-0,0.00057,0.00014,2e-05,0.00028,1e-05,3e-05,-1e-05,0.00746,0.01992,-0.02737,-0.01555,-0.01118,-0.00242,-0.00155,-0.00686,-0.00259,-0.00015,0.00088,0.00066,0.00038,0.0004
2.12,0.00105,0.00028,0.00043,0.00014,-1e-05,1e-05,-0.00149,-2e-05,0,0,-7e-05,0,-0,0.00055,0.00013,4e-05,0.00035,1e-05,3e-05,-0,0.02259,0.02173,-0.02631,-0.03929,-0.00821,-0.00226,-0.00136,-0.0053,-0.00307,-0.00013,0.00102,0.00031,0.00032,0.00041
2.14,0.00192,0.00026,0.00041,0.0001,-1e-05,0,-0.00143,-2e-05,0,-2e-05,-6e-05,0,-0,0.00051,0.00013,5e-05,0.00039,1e-05,2e-05,-0,0.03548,0.02276,-0.02303,-0.04008,-0.00442,-0.00185,-0.00111,-0.00293,-0.00366,-0.00012,0.00122,-0.00014,0.00019,0.0004
2.16,0.00284,0.00011,0.00032,6e-05,-1e-05,0,-0.00131,-1e-05,0,-4e-05,-5e-05,0,-0,0.00046,0.0001,5e-05,0.00041,1e-05,2e-05,-0,0.04715,0.02175,-0.01692,-0.03625,-0.00051,-0.00114,-0.00075,0.00014,-0.00439,-9e-05,0.00137,-0.00067,1e-05,0.00036
2.18,0.00377,-0.0002,0.00015,-0,-2e-05,0,-0.00113,1e-05,0,-5e-05,-4e-05,0,0,0.00039,6e-05,5e-05,0.00041,1e-05,1e-05,-0,0.05888,0.01925,-0.0095,-0.02457,0.00311,-0.00025,-0.00037,0.00343,-0.00523,1e-05,0.00141,-0.00128,-0.00022,0.00029
2.2,0.00467,-0.00068,-0.00012,-8e-05,-2e-05,0,-0.00092,5e-05,0,-7e-05,-3e-05,0,0,0.00031,-4e-05,3e-05,0.00039,1e-05,1e-05,0,0.06996,0.01659,-0.00212,-0.00448,0.00594,0.00067,-3e-05,0.00649,-0.00594,0.00018,0.00181,-0.00185,-0.00046,0.00019
2.22,0.00553,-0.00132,-0.00044,-0.00017,-2e-05,0,-0.0007,9e-05,0,-8e-05,-3e-05,0,0,0.00021,-0.00017,1e-05,0.00036,1e-05,-0,0,0.07786,0.01612,0.00464,0.01046,0.00749,0.00124,0.00016,0.00951,-0.00589,0.00045,0.00325,-0.00214,-0.00055,8e-05
2.24,0.00633,-0.00211,-0.00079,-0.00028,-1e-05,0,-0.00049,0.00014,-0,-9e-05,-3e-05,0,-0,9e-05,-0.00033,-0,0.00032,1e-05,-1e-05,0,0.0848,0.01514,0.01025,0.01089,0.00759,0.00132,0.00015,0.01205,-0.00478,0.00074,0.00491,-0.00217,-0.00049,-1e-05
2.26,0.00704,-0.00296,-0.00112,-0.00038,1e-05,1e-05,-0.00033,0.00016,-0,-0.0001,-4e-05,0,-0,-5e-05,-0.00052,-2e-05,0.00028,1e-05,-3e-05,0,0.09376,0.01263,0.01359,0.00396,0.00647,0.00103,-6e-05,0.01321,-0.0028,0.00087,0.00599,-0.00209,-0.0004,-8e-05
2.28,0.00767,-0.00369,-0.00138,-0.00047,4e-05,1e-05,-0.00022,0.00016,-1e-05,-0.0001,-5e-05,0,-0,-0.0002,-0.0007,-3e-05,0.00022,1e-05,-5e-05,0,0.10114,0.00902,0.01424,-0.00623,0.00442,0.00048,-0.00039,0.01263,-0.00022,0.0007,0.00656,-0.00186,-0.00028,-0.00012
2.3,0.00814,-0.00451,-0.00153,-0.00054,8e-05,1e-05,-0.00018,0.00014,-1e-05,-0.0001,-6e-05,0,-0,-0.00034,-0.00086,-4e-05,0.00016,0,-7e-05,0,0.10424,0.0054,0.01211,-0.01253,0.00201,-0.0001,-0.00072,0.01137,0.00211,0.00016,0.00608,-0.00158,-0.00019,-0.00015
2.32,0.00838,-0.00578,-0.00158,-0.00056,0.00012,2e-05,-0.00023,0.0001,-1e-05,-9e-05,-7e-05,0,-0,-0.00041,-0.00095,-1e-05,0.0001,0,-8e-05,1e-05,0.10192,0.0032,0.00903,-0.01062,-0.00033,-0.00069,-0.00102,0.01117,0.00338,-0.00063,0.00458,-0.00133,-0.00018,-0.00019
2.34,0.00845,-0.00692,-0.0015,-0.00055,0.00017,2e-05,-0.00036,6e-05,-1e-05,-8e-05,-8e-05,0,-0,-0.00042,-0.00097,4e-05,5e-05,0,-8e-05,1e-05,0.0927,0.00182,0.00599,-0.00361,-0.00243,-0.00133,-0.00127,0.01126,0.0035,-0.00149,0.00289,-0.00106,-0.00018,-0.00025
2.36,0.0084,-0.00744,-0.00129,-0.00051,0.00022,2e-05,-0.00056,2e-05,-1e-05,-7e-05,-7e-05,0,-0,-0.00038,-0.0009,8e-05,-1e-05,0,-8e-05,1e-05,0.07723,0.00076,0.00317,0.00715,-0.00412,-0.00191,-0.00143,0.01075,0.00269,-0.00232,0.00152,-0.00078,-0.00016,-0.0003
2.38,0.00824,-0.00743,-0.001,-0.00045,0.00026,2e-05,-0.00081,-1e-05,-0,-6e-05,-7e-05,0,-1e-05,-0.0003,-0.00075,0.00012,-5e-05,0,-7e-05,2e-05,0.05574,0.00026,0.00107,0.02107,-0.00536,-0.00245,-0.00153,0.01027,0.00129,-0.00299,0.00053,-0.0005,-0.00013,-0.00037
2.4,0.008,-0.00679,-0.00069,-0.00037,0.00029,1e-05,-0.00108,-3e-05,0,-5e-05,-6e-05,0,-1e-05,-0.0002,-0.00055,0.00013,-8e-05,-0,-6e-05,2e-05,0.03124,-0.00011,-0.00057,0.03624,-0.00624,-0.00288,-0.00154,0.00993,-0.00021,-0.00335,-0.00021,-0.00026,-9e-05,-0.00042
2.42,0.0077,-0.00561,-0.00041,-0.00027,0.00031,1e-05,-0.00135,-4e-05,1e-05,-4e-05,-6e-05,-0,-1e-05,-9e-05,-0.00035,8e-05,-8e-05,-0,-5e-05,2e-05,0.00753,-0.00055,-0.00208,0.04958,-0.00686,-0.00312,-0.00141,0.00931,-0.00145,-0.00332,-0.00108,-5e-05,-6e-05,-0.00043
2.44,0.00736,-0.00414,-0.0002,-0.00018,0.0003,0,-0.0016,-3e-05,2e-05,-3e-05,-5e-05,-0,-1e-05,1e-05,-0.00015,4e-05,-6e-05,0,-4e-05,2e-05,-0.01662,-0.0008,-0.00309,0.06006,-0.00731,-0.00326,-0.00123,0.00813,-0.00233,-0.00302,-0.00272,0.00015,-2e-05,-0.0004
2.46,0.00701,-0.00253,-6e-05,-0.0001,0.00028,0,-0.00184,-2e-05,3e-05,-3e-05,-5e-05,-0,-0,7e-05,2e-05,1e-05,-2e-05,0,-2e-05,1e-05,-0.0422,-0.00084,-0.00354,0.06775,-0.00761,-0.0034,-0.00104,0.00651,-0.00279,-0.00255,-0.00572,0.00032,1e-05,-0.00035
2.48,0.00666,-0.00088,0,-3e-05,0.00025,-0,-0.00205,-1e-05,4e-05,-2e-05,-4e-05,-0,-0,7e-05,0.00015,-0,4e-05,0,-1e-05,1e-05,-0.06758,-0.00074,-0.00361,0.07127,-0.00775,-0.00349,-0.00085,0.00469,-0.00284,-0.00197,-0.01026,0.00044,4e-05,-0.00028
2.5,0.00635,0.00074,2e-05,2e-05,0.0002,-0,-0.00223,0,4e-05,-2e-05,-4e-05,-0,-0,-1e-05,0.00023,0,0.0001,0,1e-05,1e-05,-0.09131,-0.0005,-0.00351,0.06983,-0.00773,-0.00352,-0.00065,0.00275,-0.00264,-0.00141,-0.01601,0.00051,5e-05,-0.0002
2.52,0.00606,0.0022,0,4e-05,0.00015,-0,-0.00237,0,3e-05,-2e-05,-4e-05,-0,-0,-0.00015,0.00028,2e-05,0.00016,1e-05,2e-05,0,-0.1118,-2e-05,-0.0034,0.06248,-0.00747,-0.00345,-0.00044,0.00098,-0.0024,-0.00093,-0.022,0.00053,6e-05,-0.00014
2.54,0.00582,0.00341,-3e-05,4e-05,0.0001,-0,-0.00245,-0,3e-05,-2e-05,-4e-05,-0,-0,-0.00032,0.0003,6e-05,0.00022,1e-05,3e-05,0,-0.1279,0.00095,-0.00328,0.04808,-0.00689,-0.00324,-0.00022,5e-05,-0.00204,-0.00056,-0.0269,0.00051,6e-05,-9e-05
2.56,0.00568,0.00436,-5e-05,3e-05,6e-05,-0,-0.00247,-1e-05,2e-05,-3e-05,-3e-05,-0,-0,-0.00053,0.0003,0.0001,0.00026,1e-05,3e-05,0,-0.13821,0.00263,-0.00313,0.0255,-0.00587,-0.00284,1e-05,5e-05,-0.00153,-0.0003,-0.02972,0.00044,5e-05,-3e-05
2.58,0.00562,0.00504,-6e-05,1e-05,3e-05,-0,-0.00241,-2e-05,1e-05,-3e-05,-3e-05,0,0,-0.00071,0.00028,0.00013,0.00028,2e-05,4e-05,-0,-0.14038,0.00536,-0.00303,-0.00605,-0.00437,-0.0022,0.00027,0.0007,-0.00096,-0.00014,-0.02951,0.00035,4e-05,1e-05
2.6,0.00567,0.00545,-7e-05,-0,0,-0,-0.00227,-2e-05,1e-05,-4e-05,-3e-05,0,0,-0.00082,0.00025,0.00015,0.00029,2e-05,4e-05,0,-0.13324,0.00928,-0.0031,-0.04681,-0.00228,-0.00126,0.00058,0.00159,-0.00046,-6e-05,-0.02692,0.00023,3e-05,4e-05
2.62,0.00583,0.00554,-7e-05,-1e-05,-1e-05,-0,-0.00207,-3e-05,0,-5e-05,-2e-05,0,0,-0.00081,0.0002,0.00016,0.00028,3e-05,4e-05,0,-0.11555,0.01415,-0.00356,-0.09967,0.00035,-0,0.00103,0.00242,-0.00018,-3e-05,-0.02323,0.00011,2e-05,5e-05
2.64,0.00605,0.00536,-7e-05,-1e-05,-1e-05,-0,-0.00179,-4e-05,0,-7e-05,-2e-05,0,-0,-0.00067,0.00017,0.00015,0.00025,3e-05,3e-05,0,-0.08472,0.01979,-0.00434,-0.16499,0.00331,0.00155,0.00164,0.00297,-0,-2e-05,-0.01839,-0,0,5e-05
2.66,0.0063,0.00496,-7e-05,1e-05,-1e-05,0,-0.00144,-5e-05,-0,-9e-05,-2e-05,0,-0,-0.00041,0.00013,0.00012,0.00021,3e-05,3e-05,0,-0.03969,0.02609,-0.00528,-0.2386,0.00635,0.00328,0.00233,0.00314,0.00018,-2e-05,-0.01266,-9e-05,-1e-05,3e-05
2.68,0.0065,0.00436,-8e-05,3e-05,1e-05,0,-0.001,-6e-05,-0,-0.00012,-2e-05,0,-0,-8e-05,0.00011,8e-05,0.00016,3e-05,3e-05,0,0.01854,0.03288,-0.00637,-0.31435,0.00926,0.00509,0.00307,0.00303,0.00035,-2e-05,-0.00697,-0.00017,-2e-05,-1e-05
2.7,0.00664,0.00369,-9e-05,4e-05,2e-05,0,-0.00049,-7e-05,-1e-05,-0.00014,-1e-05,0,-0,0.00026,8e-05,4e-05,8e-05,3e-05,2e-05,0,0.08665,0.0375,-0.00714,-0.39104,0.01126,0.00642,0.00373,0.00277,0.00059,-2e-05,-0.00269,-0.00021,-4e-05,-7e-05
2.72,0.00667,0.00317,-8e-05,4e-05,4e-05,-0,8e-05,-7e-05,-1e-05,-0.00016,-1e-05,0,-0,0.0006,6e-05,1e-05,-1e-05,2e-05,2e-05,0,0.1579,0.03689,-0.00671,-0.47046,0.01094,0.00634,0.00403,0.00251,0.00096,-0,0.00019,-0.00021,-4e-05,-0.00014
2.74,0.00653,0.0027,-6e-05,1e-05,4e-05,0,0.0007,-7e-05,-1e-05,-0.00016,-1e-05,-0,-0,0.00092,3e-05,-0,-0.00012,1e-05,1e-05,0,0.22353,0.03396,-0.00517,-0.53204,0.00847,0.00524,0.00375,0.00233,0.00136,3e-05,0.00244,-0.00017,-5e-05,-0.00022
2.76,0.00618,0.00221,-2e-05,-4e-05,5e-05,0,0.00134,-7e-05,-1e-05,-0.00015,-1e-05,-0,-0,0.00111,-0,1e-05,-0.00025,0,1e-05,0,0.27541,0.03118,-0.00338,-0.55685,0.0051,0.00389,0.00309,0.00221,0.00167,8e-05,0.00373,-9e-05,-5e-05,-0.0003
2.78,0.00559,0.00176,4e-05,-0.0001,4e-05,0,0.00196,-7e-05,-1e-05,-0.00013,-1e-05,-0,-0,0.00112,-4e-05,3e-05,-0.0004,-1e-05,1e-05,0,0.30816,0.02927,-0.00165,-0.5441,0.00124,0.00246,0.00218,0.00194,0.00183,0.00014,0.00414,1e-05,-4e-05,-0.00038
2.8,0.00492,0.00132,0.00011,-0.00018,4e-05,0,0.0025,-6e-05,-1e-05,-0.0001,-1e-05,-0,-0,0.00099,-8e-05,6e-05,-0.00057,-2e-05,0,0,0.30796,0.02624,-0.00061,-0.48565,-0.00162,0.00142,0.0014,0.00161,0.00183,0.0002,0.00381,0.00013,-4e-05,-0.00043
2.82,0.00433,0.00083,0.00019,-0.00029,3e-05,0,0.00294,-5e-05,-1e-05,-7e-05,-1e-05,-0,-0,0.00084,-0.00011,9e-05,-0.00072,-2e-05,0,0,0.2695,0.01973,-0.00013,-0.38907,-0.00274,0.00085,0.0009,0.00157,0.00169,0.00025,0.00294,0.00027,-3e-05,-0.00038
2.84,0.00373,0.00043,0.00025,-0.00039,2e-05,0,0.00322,-4e-05,-1e-05,-5e-05,-1e-05,-0,-0,0.00065,-0.00012,0.00012,-0.00084,-2e-05,0,0,0.21312,0.01339,0.00028,-0.28129,-0.00275,0.00047,0.0005,0.00165,0.00147,0.00024,0.00201,0.00043,-2e-05,-0.00029
2.86,0.00311,0.00016,0.00026,-0.00046,1e-05,1e-05,0.00332,-3e-05,-1e-05,-3e-05,-1e-05,-0,0,0.00038,-0.00012,0.00013,-0.00094,-2e-05,0,-0,0.1577,0.00936,0.00068,-0.18365,-0.00218,0.00021,0.00015,0.00158,0.00123,0.00019,0.00122,0.00058,-1e-05,-0.0002
2.88,0.00254,1e-05,0.00021,-0.00049,0,1e-05,0.00326,-2e-05,-1e-05,-2e-05,-1e-05,-0,0,0.00016,-0.00011,0.00013,-0.00101,-2e-05,1e-05,-0,0.11207,0.0066,0.00111,-0.10715,-0.00137,6e-05,-0.00013,0.00145,0.001,9e-05,0.00059,0.00072,1e-05,-0.0001
2.9,0.00204,-5e-05,0.0001,-0.00048,-1e-05,1e-05,0.00307,-1e-05,-0,-1e-05,-1e-05,-0,0,-4e-05,-8e-05,0.00012,-0.00105,-2e-05,1e-05,-1e-05,0.07969,0.0048,0.00163,-0.05143,-0.00041,-1e-05,-0.00036,0.00121,0.00078,-6e-05,0.00012,0.00083,2e-05,-4e-05
2.92,0.00163,-6e-05,-4e-05,-0.00042,-1e-05,0,0.00278,-1e-05,-0,-0,-1e-05,-0,0,-0.00025,-4e-05,9e-05,-0.00105,-2e-05,1e-05,-1e-05,0.05988,0.0036,0.00222,-0.01164,0.00036,-4e-05,-0.00049,0.0007,0.00057,-0.00025,-0.00022,0.00091,4e-05,-2e-05
2.94,0.00129,-4e-05,-0.00017,-0.00035,-1e-05,0,0.00241,-0,0,-0,-1e-05,-0,-0,-0.00038,1e-05,6e-05,-0.001,-2e-05,1e-05,-1e-05,0.04991,0.00256,0.00271,0.0211,0.0008,-8e-05,-0.00059,-2e-05,0.00033,-0.00044,-0.00041,0.00096,7e-05,-0
2.96,0.00101,0,-0.00027,-0.00027,-1e-05,0,0.00201,0,0,-0,-1e-05,-0,-0,-0.0004,8e-05,4e-05,-0.00092,-2e-05,1e-05,-1e-05,0.04499,0.00163,0.00296,0.05889,0.001,-0.00017,-0.00078,-0.00085,4e-05,-0.00066,-0.0005,0.00101,0.0001,2e-05
2.98,0.00079,4e-05,-0.00032,-0.0002,-1e-05,0,0.00158,0,0,-0,-1e-05,-0,-0,-0.00034,0.00015,2e-05,-0.00081,-2e-05,1e-05,-1e-05,0.03948,0.00087,0.00283,0.10922,0.00081,-0.00039,-0.00108,-0.00172,-0.00033,-0.00087,-0.00049,0.00105,0.00013,5e-05
3,0.00061,9e-05,-0.0003,-0.00012,-1e-05,0,0.00114,-0,0,-0,-1e-05,-0,-0,-0.00025,0.00022,1e-05,-0.00068,-1e-05,1e-05,-1e-05,0.03041,0.00014,0.00147,0.16815,-0.00019,-0.00081,-0.00151,-0.0026,-0.0008,-0.00104,-0.00041,0.00109,0.00017,9e-05
3.02,0.00047,0.00014,-0.00023,-6e-05,-1e-05,1e-05,0.00069,-1e-05,-0,-0,-1e-05,-0,-0,-0.00019,0.00028,0,-0.00056,-1e-05,1e-05,-1e-05,0.01736,-0.00073,-0.00314,0.21513,-0.00263,-0.00155,-0.00202,-0.00346,-0.00137,-0.00115,-0.00029,0.00113,0.00023,0.00017
3.04,0.00037,0.0002,-0.00012,-2e-05,-0,1e-05,0.00026,-2e-05,0,-0,-1e-05,-0,-0,-0.00014,0.00032,0,-0.00044,-1e-05,1e-05,-1e-05,0.004,-0.00124,-0.01118,0.23295,-0.00632,-0.00258,-0.00242,-0.00421,-0.00205,-0.00118,-0.00013,0.00116,0.00032,0.00028
3.06,0.00031,0.00025,2e-05,1e-05,0,1e-05,-0.00015,-2e-05,0,-1e-05,-1e-05,-0,-0,-8e-05,0.00034,0,-0.00033,-1e-05,1e-05,-1e-05,-0.00436,-0.00075,-0.02112,0.2189,-0.01035,-0.00372,-0.0025,-0.00476,-0.00284,-0.00116,8e-05,0.00117,0.0004,0.0004
3.08,0.00029,0.00029,0.00015,2e-05,0,1e-05,-0.00053,-3e-05,0,-1e-05,-1e-05,0,-0,-2e-05,0.00034,0,-0.00022,-1e-05,1e-05,-0,-0.00453,0.00119,-0.03064,0.16728,-0.01426,-0.00478,-0.00218,-0.00508,-0.00374,-0.00109,0.00031,0.00117,0.00048,0.00053
3.1,0.00031,0.0003,0.00028,3e-05,0,1e-05,-0.00088,-3e-05,0,-2e-05,-1e-05,0,-0,0,0.00033,1e-05,-0.00013,-1e-05,1e-05,-0,0.00559,0.00512,-0.03982,0.09861,-0.01695,-0.00553,-0.00169,-0.00516,-0.0047,-0.00101,0.00057,0.00113,0.00055,0.00065
3.12,0.00037,0.00028,0.00037,3e-05,0,2e-05,-0.00116,-3e-05,0,-2e-05,-1e-05,0,0,1e-05,0.00031,2e-05,-4e-05,-0,2e-05,-0,0.02266,0.01229,-0.04919,0.04275,-0.01759,-0.00573,-0.00119,-0.00498,-0.00564,-0.00095,0.00089,0.00104,0.0006,0.00076
3.14,0.00049,0.0002,0.0004,3e-05,0,2e-05,-0.00138,-3e-05,-0,-2e-05,-1e-05,0,0,0,0.00029,5e-05,3e-05,-0,2e-05,-0,0.04256,0.02265,-0.05135,0.00111,-0.01631,-0.00518,-0.00047,-0.00445,-0.00654,-0.0009,0.00128,0.00088,0.00062,0.00085
3.16,0.00069,2e-05,0.00034,3e-05,0,1e-05,-0.00153,-1e-05,-1e-05,-2e-05,-1e-05,-0,0,-1e-05,0.00028,7e-05,9e-05,-0,2e-05,-0,0.06342,0.0345,-0.04378,-0.02951,-0.01347,-0.00387,0.00037,-0.00349,-0.0074,-0.00087,0.00168,0.00065,0.00057,0.0009
3.18,0.00093,-0.00034,0.00019,4e-05,-0,1e-05,-0.0016,2e-05,-1e-05,-2e-05,-1e-05,-0,0,-3e-05,0.00028,0.0001,0.00014,0,3e-05,-0,0.08503,0.04652,-0.02922,-0.04568,-0.00945,-0.00199,0.00112,-0.00211,-0.00814,-0.00082,0.00202,0.00033,0.00046,0.00093
3.2,0.00114,-0.0008,-9e-05,4e-05,-1e-05,1e-05,-0.00161,7e-05,-1e-05,-1e-05,-1e-05,-0,0,-8e-05,0.00028,0.00012,0.00019,0,3e-05,0,0.10162,0.05668,-0.01452,-0.03519,-0.00481,0.00017,0.00159,-0.0005,-0.00863,-0.00083,0.00251,-9e-05,0.00026,0.00091
3.22,0.00122,-0.0012,-0.00047,6e-05,-1e-05,0,-0.00158,0.00012,-2e-05,-1e-05,-0,-0,0,-0.00013,0.00026,0.00012,0.00023,0,3e-05,-0,0.10688,0.06695,-0.00312,-0.01066,-0.00042,0.00201,0.00159,0.00119,-0.0086,-0.00092,0.00361,-0.00059,0,0.00083
3.24,0.00105,-0.00173,-0.00092,7e-05,-3e-05,-0,-0.00152,0.00016,-2e-05,-0,-0,-0,0,-0.0002,0.00022,0.00012,0.00027,1e-05,3e-05,-0,0.10758,0.07563,0.0103,0.00248,0.00307,0.00312,0.00113,0.00267,-0.00788,-0.00101,0.00523,-0.00112,-0.00025,0.00072
3.26,0.00053,-0.00258,-0.00139,8e-05,-4e-05,-0,-0.00144,0.00019,-2e-05,0,-0,-0,0,-0.00031,0.00016,0.0001,0.0003,1e-05,3e-05,-0,0.11086,0.08105,0.02429,0.00348,0.00535,0.00348,0.00032,0.00345,-0.00637,-0.00098,0.00706,-0.00167,-0.00049,0.00061
3.28,-0.00034,-0.00361,-0.00182,9e-05,-6e-05,-1e-05,-0.00136,0.00019,-1e-05,0,-0,-0,-0,-0.00047,6e-05,8e-05,0.00031,1e-05,2e-05,-1e-05,0.11342,0.0824,0.03765,-0.00335,0.00641,0.00316,-0.0007,0.00282,-0.00403,-0.00084,0.00899,-0.00221,-0.00071,0.0005
3.3,-0.00147,-0.00501,-0.00214,9e-05,-7e-05,-1e-05,-0.00127,0.00016,-1e-05,1e-05,-0,-0,-0,-0.00064,-9e-05,4e-05,0.00031,1e-05,1e-05,-1e-05,0.11335,0.07967,0.04739,-0.0119,0.00648,0.0025,-0.00173,0.00144,-0.00116,-0.00059,0.01095,-0.00258,-0.00084,0.00039
3.32,-0.0028,-0.00687,-0.00231,9e-05,-7e-05,-0,-0.00117,9e-05,-1e-05,1e-05,-0,-0,-0,-0.00077,-0.00026,-0,0.00032,1e-05,-0,-2e-05,0.10949,0.07395,0.05,-0.01575,0.00595,0.00182,-0.00259,0.00162,0.00174,-0.00027,0.0126,-0.00248,-0.00075,0.00027
3.34,-0.00409,-0.0086,-0.0023,8e-05,-6e-05,1e-05,-0.00107,-0,-1e-05,1e-05,0,-0,-0,-0.0009,-0.00043,-3e-05,0.00033,1e-05,-2e-05,-2e-05,0.10012,0.06535,0.04782,-0.01553,0.00501,0.00113,-0.00317,0.00337,0.0039,-2e-05,0.01284,-0.00212,-0.00057,0.00015
3.36,-0.00505,-0.00965,-0.00209,7e-05,-3e-05,1e-05,-0.00098,-0.00013,-1e-05,1e-05,0,-0,-0,-0.00103,-0.00059,-5e-05,0.00032,1e-05,-3e-05,-2e-05,0.08579,0.05462,0.0436,-0.01146,0.00384,0.00048,-0.00349,0.00565,0.00451,-0.00012,0.01132,-0.00174,-0.0004,4e-05
3.38,-0.00557,-0.00977,-0.00172,5e-05,2e-05,2e-05,-0.0009,-0.00026,-1e-05,1e-05,0,-0,-0,-0.00115,-0.00072,-6e-05,0.00031,1e-05,-5e-05,-2e-05,0.06623,0.04329,0.03811,-0.00286,0.00261,-5e-05,-0.00357,0.00872,0.00328,-0.00085,0.00861,-0.00131,-0.00025,-7e-05
3.4,-0.00561,-0.00927,-0.00127,3e-05,8e-05,2e-05,-0.00083,-0.00038,-1e-05,1e-05,0,-0,-0,-0.00128,-0.0008,-6e-05,0.0003,1e-05,-6e-05,-2e-05,0.0439,0.03213,0.03153,0.00985,0.00146,-0.00046,-0.00344,0.01218,0.00042,-0.00239,0.00539,-0.00097,-0.00016,-0.00018
3.42,-0.00526,-0.00846,-0.00083,2e-05,0.00015,2e-05,-0.00076,-0.00046,-2e-05,1e-05,0,-0,-0,-0.00145,-0.00083,-4e-05,0.00029,1e-05,-6e-05,-2e-05,0.0221,0.02223,0.02424,0.024,0.00045,-0.00074,-0.00308,0.01509,-0.00294,-0.00437,0.00276,-0.00077,-0.00017,-0.00029
3.44,-0.00471,-0.00713,-0.00042,2e-05,0.00021,2e-05,-0.00069,-0.0005,-2e-05,1e-05,1e-05,-0,-0,-0.00166,-0.00079,-3e-05,0.00027,1e-05,-6e-05,-1e-05,0.00017,0.01455,0.01791,0.03752,-0.00042,-0.00095,-0.00263,0.01672,-0.00564,-0.00641,0.00107,-0.00058,-0.00017,-0.00038
3.46,-0.00405,-0.00536,-0.00011,1e-05,0.00027,2e-05,-0.00063,-0.00047,-2e-05,2e-05,1e-05,-0,-0,-0.00188,-0.00071,-2e-05,0.00026,1e-05,-5e-05,-1e-05,-0.02242,0.00906,0.01313,0.05015,-0.00114,-0.00109,-0.00219,0.01686,-0.0072,-0.00827,0.0001,-0.00035,-0.00012,-0.00046
3.48,-0.00336,-0.00351,5e-05,1e-05,0.0003,1e-05,-0.00057,-0.00039,-1e-05,2e-05,1e-05,-0,0,-0.00213,-0.00059,-1e-05,0.00025,1e-05,-4e-05,-1e-05,-0.04519,0.00533,0.00964,0.061,-0.0017,-0.00121,-0.00178,0.01582,-0.00736,-0.0096,-0.00059,-0.00013,-6e-05,-0.00052
3.5,-0.00278,-0.00177,3e-05,1e-05,0.00031,1e-05,-0.0005,-0.00029,-1e-05,3e-05,1e-05,-0,0,-0.0024,-0.00048,-0,0.00024,2e-05,-3e-05,-1e-05,-0.06479,0.00289,0.00709,0.06911,-0.00213,-0.00131,-0.00139,0.01357,-0.00673,-0.01023,-0.00152,6e-05,-0,-0.00054
3.52,-0.00236,-0.00027,-0.00014,1e-05,0.00029,0,-0.0004,-0.00018,0,3e-05,1e-05,0,0,-0.00264,-0.0004,3e-05,0.00023,2e-05,-3e-05,-1e-05,-0.07811,0.0013,0.00494,0.07363,-0.00246,-0.00137,-0.00104,0.01017,-0.00646,-0.01033,-0.00326,0.00022,5e-05,-0.00049
3.54,-0.00194,0.00096,-0.00037,1e-05,0.00026,-0,-0.00027,-9e-05,1e-05,4e-05,1e-05,0,0,-0.00287,-0.00035,0.00013,0.00022,3e-05,-2e-05,-1e-05,-0.08864,0.00038,0.00323,0.07481,-0.00267,-0.00139,-0.00074,0.00636,-0.00652,-0.01003,-0.00618,0.00034,8e-05,-0.0004
3.56,-0.00141,0.00193,-0.00059,1e-05,0.00021,-1e-05,-0.00012,-3e-05,1e-05,4e-05,1e-05,0,0,-0.00308,-0.00031,0.0003,0.00022,4e-05,-1e-05,-1e-05,-0.09897,-0.0001,0.00202,0.07284,-0.00274,-0.00139,-0.00047,0.00285,-0.0064,-0.00925,-0.01031,0.00041,0.0001,-0.00028
3.58,-0.0008,0.00268,-0.00074,1e-05,0.00015,-1e-05,5e-05,0,1e-05,5e-05,1e-05,-0,0,-0.00325,-0.0003,0.00052,0.00022,5e-05,0,-1e-05,-0.10759,-0.00028,0.00116,0.06692,-0.00264,-0.00134,-0.00023,0,-0.00612,-0.00804,-0.01525,0.00044,9e-05,-0.00014
3.6,-9e-05,0.00326,-0.00079,0,9e-05,-1e-05,0.00021,-0,0,5e-05,0,-0,0,-0.00336,-0.0003,0.00079,0.00022,6e-05,1e-05,-0,-0.11483,-0.00023,0.00059,0.05695,-0.00229,-0.00121,2e-05,-0.00187,-0.00581,-0.00659,-0.02032,0.00044,7e-05,-0
3.62,0.00064,0.00372,-0.00074,-0,4e-05,-1e-05,0.00036,-3e-05,-0,5e-05,0,-0,0,-0.00342,-0.0003,0.00108,0.00022,7e-05,2e-05,-0,-0.12077,2e-05,0.00021,0.04231,-0.00162,-0.00098,0.0003,-0.00225,-0.00557,-0.00507,-0.02438,0.00041,3e-05,0.00011
3.64,0.00131,0.00407,-0.00064,-1e-05,-1e-05,-1e-05,0.00046,-5e-05,-1e-05,5e-05,-0,-0,0,-0.00342,-0.00032,0.00133,0.00021,7e-05,3e-05,-0,-0.12307,0.00054,-0,0.02136,-0.00057,-0.0006,0.00066,-0.00124,-0.00497,-0.00352,-0.02633,0.00037,-2e-05,0.00019
3.66,0.00193,0.00428,-0.0005,-1e-05,-5e-05,-1e-05,0.00051,-6e-05,-1e-05,5e-05,-0,-0,-0,-0.00332,-0.00035,0.00148,0.00019,7e-05,3e-05,0,-0.1196,0.00146,-9e-05,-0.00713,0.00091,-7e-05,0.00113,0.00031,-0.00384,-0.00216,-0.02574,0.00032,-7e-05,0.00021
3.68,0.0025,0.0044,-0.00036,-1e-05,-0.0001,-1e-05,0.00051,-5e-05,-1e-05,5e-05,-0,-0,-0,-0.0031,-0.00038,0.0015,0.00018,7e-05,3e-05,0,-0.10881,0.00305,-8e-05,-0.04351,0.00285,0.00064,0.00174,0.00188,-0.00253,-0.00114,-0.0223,0.00026,-0.00011,0.00014
3.7,0.00299,0.00444,-0.00024,-1e-05,-0.00013,-1e-05,0.00047,-1e-05,-0,4e-05,-1e-05,0,-0,-0.00274,-0.00041,0.0014,0.00015,7e-05,2e-05,0,-0.08956,0.00513,-1e-05,-0.08834,0.00518,0.00151,0.00251,0.00289,-0.00142,-0.00055,-0.01779,0.0002,-0.00015,-3e-05
3.72,0.00338,0.00441,-0.00015,-1e-05,-0.00016,-1e-05,0.00041,4e-05,0,3e-05,-1e-05,0,-0,-0.00226,-0.00041,0.00118,0.00011,6e-05,2e-05,1e-05,-0.0609,0.00697,6e-05,-0.14394,0.00763,0.00248,0.00348,0.00328,-0.00091,-0.00034,-0.01434,0.00015,-0.00015,-0.00033
3.74,0.00368,0.00431,-8e-05,-1e-05,-0.00017,-1e-05,0.00034,0.00011,1e-05,2e-05,-1e-05,0,-0,-0.00163,-0.00038,0.00087,8e-05,5e-05,1e-05,1e-05,-0.02184,0.00846,8e-05,-0.20882,0.0099,0.00347,0.00459,0.0034,-0.00073,-0.00028,-0.0111,0.0001,-0.00013,-0.00083
3.76,0.00389,0.00415,-4e-05,-1e-05,-0.00017,-1e-05,0.00029,0.00016,2e-05,0,-1e-05,0,-0,-0.00087,-0.00032,0.00054,5e-05,4e-05,0,1e-05,0.02692,0.00987,7e-05,-0.2773,0.01178,0.00436,0.00572,0.00324,-0.00052,-0.00021,-0.00762,7e-05,-0.00011,-0.0015
3.78,0.00397,0.00391,-1e-05,-1e-05,-0.00016,-0,0.00026,0.00019,2e-05,-1e-05,-1e-05,0,-0,-5e-05,-0.00022,0.00027,2e-05,3e-05,0,1e-05,0.08269,0.01117,3e-05,-0.34209,0.0131,0.00511,0.00666,0.00277,-0.00029,-0.00013,-0.00455,5e-05,-8e-05,-0.00246
3.8,0.00394,0.0036,0,-1e-05,-0.00014,-0,0.00028,0.00021,3e-05,-3e-05,-0,0,-0,0.0007,-0.0001,-1e-05,-1e-05,2e-05,0,0,0.13964,0.01013,-1e-05,-0.3996,0.0129,0.00534,0.00732,0.0022,0.00017,9e-05,-0.00235,5e-05,-5e-05,-0.00324
3.82,0.0038,0.00325,-0,-1e-05,-0.00011,0,0.00035,0.00021,3e-05,-4e-05,-0,0,-0,0.00139,3e-05,-0.00013,-6e-05,2e-05,0,0,0.18888,0.00452,7e-05,-0.44777,0.00989,0.00467,0.00758,0.00176,0.00081,0.00065,-0.00107,6e-05,-3e-05,-0.00275
3.84,0.00351,0.00286,-4e-05,-1e-05,-9e-05,0,0.00047,0.00019,3e-05,-4e-05,-0,0,-0,0.00199,0.00014,3e-05,-0.00012,0,-0,0,0.22254,-0.00148,0.00023,-0.46852,0.00541,0.00353,0.00706,0.00135,0.00128,0.00137,-0.00028,9e-05,-1e-05,-0.00154
3.86,0.00309,0.00241,-0.00013,-1e-05,-7e-05,0,0.00064,0.00016,3e-05,-4e-05,-0,0,0,0.00241,0.00022,0.00026,-0.00022,-1e-05,-0,1e-05,0.23623,-0.00492,0.0001,-0.44998,0.00141,0.00241,0.00583,0.00101,0.00149,0.00196,0.00021,0.00013,1e-05,-0.00034
3.88,0.00254,0.00198,-0.00026,-0,-6e-05,-0,0.00082,0.00013,2e-05,-3e-05,0,-0,0,0.00263,0.00026,0.00051,-0.00037,-3e-05,-1e-05,1e-05,0.229,-0.00574,-0.0005,-0.39791,-0.00171,0.00141,0.00426,0.00086,0.00152,0.00235,0.00051,0.00018,2e-05,0.00098
3.9,0.00202,0.0016,-0.00044,0,-6e-05,-0,0.00101,9e-05,2e-05,-2e-05,0,-0,0,0.00273,0.00028,0.00069,-0.00056,-4e-05,-1e-05,1e-05,0.19846,-0.00482,-0.00141,-0.31633,-0.00282,0.00075,0.00272,0.00104,0.00142,0.00234,0.00069,0.00024,3e-05,0.00204
3.92,0.00168,0.00129,-0.00065,-0,-7e-05,-0,0.00116,5e-05,2e-05,-2e-05,0,-0,0,0.00284,0.00027,0.00076,-0.00073,-4e-05,-1e-05,2e-05,0.15073,-0.00393,-0.00201,-0.22093,-0.00223,0.00038,0.00148,0.00149,0.00125,0.00185,0.00077,0.0003,3e-05,0.00245
3.94,0.00139,0.00105,-0.00086,-1e-05,-8e-05,-0,0.00124,1e-05,1e-05,-1e-05,0,-0,0,0.00293,0.00025,0.00073,-0.00088,-3e-05,-1e-05,2e-05,0.10108,-0.00295,-0.00207,-0.13395,-0.00132,0.00016,0.00061,0.002,0.00103,0.00111,0.0008,0.00037,3e-05,0.00249
3.96,0.00108,0.00087,-0.00105,-1e-05,-9e-05,-0,0.00125,-3e-05,1e-05,-1e-05,0,0,0,0.00294,0.00022,0.00067,-0.00105,-2e-05,0,3e-05,0.05838,-0.0017,-0.00165,-0.06698,-0.00057,4e-05,0.00011,0.0024,0.00077,0.00027,0.00083,0.00043,4e-05,0.00232
3.98,0.0008,0.00074,-0.00118,-1e-05,-0.00011,-0,0.00119,-6e-05,1e-05,-1e-05,1e-05,0,0,0.00292,0.00019,0.0006,-0.00123,0,2e-05,3e-05,0.02575,-0.00066,-0.00075,-0.02327,-6e-05,0,-0.0001,0.00269,0.00047,-0.00064,0.00087,0.00049,3e-05,0.00192
4,0.00055,0.00063,-0.00124,-0,-0.00012,-0,0.00105,-8e-05,1e-05,-1e-05,0,0,0,0.00288,0.00016,0.00052,-0.00137,2e-05,4e-05,3e-05,0.00441,-0.00011,0.00049,-0.00161,0.00017,1e-05,-0.00011,0.0027,0.00017,-0.00152,0.00089,0.00055,3e-05,0.00116
4.02,0.00034,0.00051,-0.00121,0,-0.00013,-0,0.00084,-8e-05,0,-0,0,0,0,0.00284,0.00013,0.00041,-0.0014,4e-05,8e-05,4e-05,0.00054,0,0.001,0.00055,0.00034,2e-05,-4e-05,0.00232,-0.00012,-0.00207,0.00087,0.00061,1e-05,0.00018
4.04,0.00017,0.00039,-0.0011,1e-05,-0.00013,-0,0.00058,-7e-05,0,-0,0,0,0,0.00278,0.00011,0.00032,-0.00136,5e-05,0.00011,5e-05,0.00303,1e-05,0.00086,-0.00084,0.00058,2e-05,4e-05,0.00178,-0.00037,-0.00231,0.00084,0.00067,-2e-05,-0.00062
4.06,4e-05,0.00028,-0.00093,1e-05,-0.00012,-0,0.00027,-5e-05,0,-0,0,0,0,0.0027,0.0001,0.00027,-0.00129,7e-05,0.00015,5e-05,0.0054,-4e-05,0.00057,-0.00225,0.00082,2e-05,0.00012,0.00126,-0.00058,-0.00243,0.00081,0.00074,-5e-05,-0.00123
4.08,-2e-05,0.00016,-0.00073,1e-05,-0.0001,-0,-5e-05,-3e-05,-0,-0,0,0,0,0.00262,0.00011,0.00024,-0.00119,9e-05,0.00019,6e-05,0.00729,-0.00016,8e-05,-0.0041,0.00105,3e-05,0.00019,0.00076,-0.00077,-0.00242,0.00079,0.0008,-0.00011,-0.00167
4.1,-4e-05,2e-05,-0.00053,1e-05,-8e-05,0,-0.00038,-1e-05,0,-1e-05,-0,0,0,0.00245,0.00011,0.00021,-0.00106,0.00012,0.00022,6e-05,0.00815,-8e-05,-0.00085,-0.0067,0.00125,4e-05,0.00024,0.00029,-0.00096,-0.00237,0.00078,0.00086,-0.00015,-0.00188
4.12,-2e-05,-0.00013,-0.00035,-2e-05,-5e-05,0,-0.00067,-0,0,-1e-05,-0,0,-0,0.00213,0.00011,0.00017,-0.00093,0.00017,0.00026,5e-05,0.00803,0.0012,-0.00348,-0.00178,0.00128,0,0.00017,-0.00019,-0.00118,-0.00233,0.0008,0.00092,-0.00013,-0.00175
4.14,1e-05,-0.00027,-0.00019,-4e-05,-3e-05,0,-0.0009,0,0,-1e-05,-0,-0,-0,0.00178,0.00012,0.00013,-0.0008,0.00021,0.00029,5e-05,0.00607,0.00462,-0.00921,0.02152,0.00072,-0.00016,-3e-05,-0.00066,-0.00143,-0.00227,0.00085,0.00095,-4e-05,-0.00139
4.16,0,-0.00041,-7e-05,-6e-05,-1e-05,1e-05,-0.00106,0,0,-1e-05,-1e-05,-0,-0,0.00145,0.00012,0.0001,-0.00067,0.00023,0.0003,4e-05,0.00237,0.00932,-0.01637,0.04602,-0.0005,-0.00037,-0.00015,-0.00111,-0.00174,-0.00215,0.00093,0.00094,8e-05,-0.00097
4.18,-3e-05,-0.00054,5e-05,-7e-05,-0,1e-05,-0.00112,-0,0,-2e-05,-1e-05,-0,0,0.00114,0.00012,7e-05,-0.00053,0.00023,0.00029,3e-05,-0.00014,0.01479,-0.02412,0.06227,-0.00238,-0.0006,-8e-05,-0.00156,-0.0021,-0.00195,0.00105,0.00089,0.00021,-0.0005
4.2,-8e-05,-0.00067,0.00015,-7e-05,0,1e-05,-0.00111,-0,0,-2e-05,-1e-05,-0,0,0.00082,0.00012,5e-05,-0.00041,0.0002,0.00026,2e-05,0.00231,0.02074,-0.03148,0.0622,-0.00474,-0.00075,0.00023,-0.00192,-0.00249,-0.00171,0.00122,0.00078,0.00035,-4e-05
4.22,-0.00015,-0.00082,0.00023,-6e-05,0,1e-05,-0.00102,2e-05,0,-2e-05,-1e-05,-0,0,0.0005,0.00012,2e-05,-0.00032,0.00014,0.00021,1e-05,0.01202,0.02783,-0.03666,0.04339,-0.00717,-0.00069,0.00082,-0.00205,-0.00289,-0.00146,0.00147,0.00061,0.00049,0.00038
4.24,-0.00018,-0.00099,0.00025,-4e-05,-0,1e-05,-0.00089,4e-05,-0,-3e-05,-1e-05,-0,0,0.00022,0.00011,1e-05,-0.0002,8e-05,0.00015,1e-05,0.02844,0.03494,-0.03627,0.01067,-0.00898,-0.0004,0.00162,-0.002,-0.00329,-0.00122,0.00177,0.00039,0.00059,0.00072
4.26,-0.00014,-0.00116,0.00016,-1e-05,-1e-05,1e-05,-0.00074,8e-05,-0,-3e-05,-1e-05,0,0,-1e-05,9e-05,0,-5e-05,3e-05,9e-05,0,0.04935,0.04036,-0.02993,-0.02659,-0.00947,0.0001,0.00238,-0.00177,-0.00371,-0.00097,0.00211,0.00011,0.00063,0.00096
4.28,2e-05,-0.00136,-6e-05,1e-05,-2e-05,1e-05,-0.00059,0.00011,-0,-2e-05,-1e-05,0,0,-0.00021,5e-05,0,0.00012,0,2e-05,-0,0.07341,0.04278,-0.01843,-0.0617,-0.00841,0.0007,0.00292,-0.00124,-0.00413,-0.00072,0.00238,-0.00021,0.00061,0.00114
4.3,0.00026,-0.00154,-0.00045,2e-05,-3e-05,1e-05,-0.00048,0.00014,0,-2e-05,-1e-05,0,0,-0.00037,-2e-05,1e-05,0.00031,-1e-05,-5e-05,-0,0.09346,0.04276,-0.00876,-0.06552,-0.00578,0.0012,0.00306,-0.00045,-0.00472,-0.00057,0.00274,-0.0006,0.00049,0.00116
4.32,0.0005,-0.00162,-0.00096,2e-05,-4e-05,1e-05,-0.00043,0.00015,0,-2e-05,-1e-05,0,0,-0.00047,-9e-05,2e-05,0.00052,1e-05,-9e-05,-0,0.10202,0.04658,-0.00463,-0.03564,-0.0024,0.00144,0.00271,0.00057,-0.00561,-0.00052,0.00356,-0.00104,0.00027,0.00096
4.34,0.00067,-0.0017,-0.00152,1e-05,-6e-05,0,-0.00047,0.00013,1e-05,-1e-05,-1e-05,0,0,-0.00053,-0.00017,3e-05,0.00074,6e-05,-0.00012,-1e-05,0.10517,0.05121,0.00071,-0.00964,0.00065,0.0013,0.00189,0.00172,-0.0066,-0.00036,0.00472,-0.00152,4e-05,0.00073
4.36,0.0007,-0.00192,-0.00208,0,-9e-05,-1e-05,-0.00058,0.0001,1e-05,-1e-05,-0,0,0,-0.00062,-0.00023,3e-05,0.00091,0.00013,-0.00013,-1e-05,0.11028,0.05281,0.00743,0.00184,0.00277,0.00082,0.00076,0.00265,-0.00733,0,0.00599,-0.00202,-0.00017,0.00054
4.38,0.00048,-0.00224,-0.00254,-0,-0.00013,-1e-05,-0.00077,5e-05,1e-05,-1e-05,0,0,0,-0.0008,-0.00027,3e-05,0.001,0.00019,-0.00013,-2e-05,0.11439,0.05175,0.01435,0.00315,0.00377,0.00012,-0.00053,0.00273,-0.00755,0.00051,0.00737,-0.00254,-0.00035,0.00039
4.4,-0,-0.00277,-0.00284,0,-0.00017,-1e-05,-0.00099,-2e-05,1e-05,-1e-05,1e-05,-0,0,-0.00104,-0.00028,3e-05,0.00104,0.00026,-0.00012,-3e-05,0.11538,0.04868,0.01992,-0.00146,0.00378,-0.00064,-0.00175,0.0022,-0.00672,0.00107,0.00897,-0.00286,-0.00047,0.00026
4.42,-0.00075,-0.00358,-0.00292,1e-05,-0.00022,-0,-0.00121,-0.0001,1e-05,-1e-05,2e-05,-0,0,-0.00124,-0.00025,4e-05,0.00114,0.00031,-0.0001,-3e-05,0.11192,0.04497,0.02224,-0.00575,0.00315,-0.00146,-0.00278,0.00262,-0.00411,0.00151,0.0107,-0.00265,-0.00045,0.00016
4.44,-0.00168,-0.00442,-0.00277,2e-05,-0.00026,1e-05,-0.00141,-0.0002,1e-05,-0,4e-05,-0,0,-0.00153,-0.00018,5e-05,0.00124,0.00035,-8e-05,-3e-05,0.1027,0.04017,0.02238,-0.00858,0.00213,-0.00231,-0.00357,0.0038,-0.0001,0.00146,0.01168,-0.00219,-0.00036,0.0001
4.46,-0.0026,-0.00501,-0.00241,1e-05,-0.00026,2e-05,-0.00157,-0.00029,0,0,6e-05,-0,0,-0.00201,-0.00012,7e-05,0.00127,0.00036,-6e-05,-3e-05,0.08886,0.03396,0.02153,-0.00956,0.00093,-0.00304,-0.00406,0.00455,0.00407,0.00069,0.01159,-0.00174,-0.00027,6e-05
4.48,-0.00331,-0.00516,-0.00189,-0,-0.00022,3e-05,-0.00169,-0.00038,-0,1e-05,8e-05,0,0,-0.00261,-6e-05,8e-05,0.00129,0.00036,-4e-05,-3e-05,0.07057,0.02728,0.01996,-0.00804,-0.00028,-0.00364,-0.0043,0.00492,0.00748,-0.0008,0.01059,-0.00124,-0.00019,3e-05
4.5,-0.00376,-0.00492,-0.00134,-3e-05,-0.00016,4e-05,-0.00174,-0.00045,-1e-05,1e-05,0.00011,0,0,-0.00322,-2e-05,0.0001,0.00127,0.00033,-2e-05,-3e-05,0.05029,0.02021,0.01772,-0.00398,-0.00139,-0.00404,-0.00428,0.00509,0.0089,-0.0027,0.00881,-0.00086,-0.00015,2e-05
4.52,-0.00408,-0.00435,-0.00084,-6e-05,-6e-05,4e-05,-0.00171,-0.00051,-1e-05,2e-05,0.00014,0,0,-0.00369,-3e-05,0.00012,0.00114,0.00028,-2e-05,-2e-05,0.03098,0.01317,0.01484,0.00161,-0.00235,-0.0042,-0.00395,0.00574,0.00798,-0.00442,0.00673,-0.00065,-0.00016,2e-05
4.54,-0.00421,-0.00337,-0.00041,-7e-05,3e-05,4e-05,-0.0016,-0.00053,-1e-05,3e-05,0.00016,0,0,-0.00403,-4e-05,0.00015,0.00097,0.00023,-2e-05,-2e-05,0.0125,0.00716,0.01199,0.00742,-0.00314,-0.00418,-0.00345,0.00666,0.0058,-0.00572,0.00473,-0.00044,-0.00016,2e-05
4.56,-0.00406,-0.00211,-0.00011,-8e-05,0.00012,3e-05,-0.00143,-0.00052,-1e-05,4e-05,0.00016,0,0,-0.00424,-4e-05,0.00017,0.00084,0.00018,-1e-05,-2e-05,-0.0052,0.00241,0.00956,0.01283,-0.00372,-0.00406,-0.00292,0.00737,0.0033,-0.00657,0.0029,-0.00021,-0.00013,3e-05
4.58,-0.00371,-0.00078,3e-05,-8e-05,0.0002,3e-05,-0.00121,-0.00047,-1e-05,4e-05,0.00014,0,0,-0.00426,-4e-05,0.00021,0.00073,0.00014,-1e-05,-1e-05,-0.02147,-0.00117,0.00747,0.01741,-0.00409,-0.00386,-0.00236,0.00827,0.00101,-0.00691,0.00114,0,-9e-05,4e-05
4.6,-0.00333,0.00045,-1e-05,-7e-05,0.00025,2e-05,-0.00096,-0.00039,-1e-05,4e-05,0.00012,0,0,-0.00415,-3e-05,0.00025,0.0006,0.0001,-1e-05,-1e-05,-0.03379,-0.00364,0.00576,0.02072,-0.00426,-0.00355,-0.00184,0.00899,-0.00066,-0.00668,-0.00075,0.0002,-4e-05,5e-05
4.62,-0.00307,0.00149,-0.00016,-5e-05,0.00028,1e-05,-0.00072,-0.00031,-1e-05,5e-05,8e-05,0,0,-0.00402,-2e-05,0.00031,0.00043,7e-05,-1e-05,-1e-05,-0.04033,-0.00502,0.00438,0.02252,-0.00426,-0.00312,-0.00138,0.00886,-0.00176,-0.00596,-0.00298,0.00037,0,7e-05
4.64,-0.00279,0.00233,-0.00035,-3e-05,0.00029,1e-05,-0.0005,-0.00022,-0,5e-05,5e-05,0,0,-0.00383,-1e-05,0.0004,0.00028,4e-05,-1e-05,-1e-05,-0.0438,-0.00545,0.00322,0.02303,-0.00408,-0.00264,-0.001,0.00811,-0.00245,-0.00491,-0.00579,0.00051,3e-05,0.00011
4.66,-0.0024,0.00298,-0.00054,-2e-05,0.00029,0,-0.00032,-0.00014,0,5e-05,2e-05,0,0,-0.00355,0,0.00051,0.00018,3e-05,-0,-0,-0.04596,-0.00522,0.00229,0.02256,-0.00373,-0.00219,-0.00072,0.00713,-0.00272,-0.00366,-0.00925,0.00062,6e-05,0.00016
4.68,-0.002,0.00344,-0.00065,-1e-05,0.00029,-0,-0.00019,-8e-05,1e-05,4e-05,0,-0,0,-0.00323,1e-05,0.00063,0.0001,1e-05,-0,-0,-0.04622,-0.00457,0.00156,0.02119,-0.00325,-0.00176,-0.00053,0.00596,-0.00265,-0.00238,-0.01317,0.00069,7e-05,0.00022
4.7,-0.00155,0.00375,-0.00067,-1e-05,0.00028,-0,-0.00012,-4e-05,1e-05,4e-05,-1e-05,-0,0,-0.00292,2e-05,0.00075,5e-05,1e-05,0,-0,-0.0453,-0.00374,0.001,0.01913,-0.0027,-0.00136,-0.0004,0.00459,-0.00235,-0.00126,-0.01704,0.00072,7e-05,0.00027
4.72,-0.00104,0.00391,-0.00063,-2e-05,0.00026,-0,-0.00011,-2e-05,1e-05,3e-05,-2e-05,-0,0,-0.00265,3e-05,0.00088,1e-05,0,1e-05,-0,-0.04385,-0.00291,0.00057,0.01661,-0.00211,-0.00102,-0.0003,0.00303,-0.00192,-0.00045,-0.02007,0.00071,7e-05,0.00032
4.74,-0.00057,0.00392,-0.00054,-3e-05,0.00025,-0,-0.00016,-0,1e-05,3e-05,-2e-05,-0,0,-0.00243,4e-05,0.00095,-2e-05,0,1e-05,-0,-0.0414,-0.0022,0.00027,0.01373,-0.00154,-0.00071,-0.00023,0.0017,-0.00136,3e-05,-0.02158,0.00069,6e-05,0.00037
4.76,-0.00018,0.0038,-0.00043,-5e-05,0.00023,-0,-0.00027,2e-05,0,3e-05,-2e-05,-0,0,-0.00222,6e-05,0.00091,-3e-05,0,1e-05,-0,-0.03777,-0.00164,0.0001,0.01061,-0.00102,-0.00044,-0.00017,0.00083,-0.00078,0.00022,-0.02124,0.00065,5e-05,0.00038
4.78,0.00015,0.0036,-0.00033,-9e-05,0.00021,-0,-0.00044,4e-05,0,2e-05,-2e-05,-0,0,-0.00205,0.0001,0.00081,-3e-05,-0,1e-05,-0,-0.03339,-0.00123,1e-05,0.0075,-0.00056,-0.00021,-0.00011,0.0003,-0.0003,0.00022,-0.01884,0.00063,5e-05,0.00038
4.8,0.00043,0.00335,-0.00025,-0.00015,0.0002,0,-0.00066,6e-05,-0,2e-05,-2e-05,0,0,-0.00186,0.00016,0.00064,-3e-05,-0,1e-05,-0,-0.02898,-0.00102,-2e-05,0.00474,-0.0002,-4e-05,-7e-05,5e-05,-3e-05,0.00015,-0.0153,0.0006,5e-05,0.00036
4.82,0.00066,0.00314,-0.00019,-0.00023,0.0002,0,-0.00093,0.0001,-0,2e-05,-2e-05,0,0,-0.00166,0.00025,0.0004,-3e-05,-0,1e-05,-0,-0.02543,-0.00101,-1e-05,0.00246,5e-05,9e-05,-3e-05,-2e-05,4e-05,9e-05,-0.01158,0.00059,5e-05,0.00032
4.84,0.00084,0.00302,-0.00013,-0.00035,0.0002,0,-0.00125,0.00014,0,2e-05,-2e-05,0,1e-05,-0.00143,0.00037,0.00017,-4e-05,-0,1e-05,-0,-0.02344,-0.00114,-0,0.00051,0.00021,0.00019,-1e-05,-1e-05,4e-05,3e-05,-0.00757,0.00059,6e-05,0.00027
4.86,0.00101,0.00305,-6e-05,-0.00048,0.00022,0,-0.0016,0.00017,0,1e-05,-2e-05,0,1e-05,-0.00118,0.00054,-0,-5e-05,-0,0,-0,-0.02331,-0.00144,0,-0.0015,0.00033,0.00029,-1e-05,-0,4e-05,-1e-05,-0.00356,0.00062,8e-05,0.00023
4.88,0.00116,0.00322,4e-05,-0.00064,0.00023,0,-0.00199,0.0002,0,1e-05,-2e-05,0,1e-05,-0.00091,0.00074,-0.00012,-7e-05,-0,-0,-0,-0.0248,-0.00192,0,-0.00417,0.00048,0.00041,-0,-0.0001,3e-05,-3e-05,-0.00016,0.00067,0.0001,0.0002
4.9,0.00131,0.00351,0.00019,-0.00082,0.00026,0,-0.00241,0.00021,0,1e-05,-1e-05,0,1e-05,-0.00064,0.00095,-0.00018,-0.00011,-0,-1e-05,-0,-0.02714,-0.00262,-0,-0.00828,0.00071,0.00057,1e-05,-0.00044,4e-05,-2e-05,0.00227,0.00074,0.00014,0.00017
4.92,0.00147,0.00386,0.00039,-0.00104,0.00028,0,-0.00283,0.0002,-0,0,-0,0,1e-05,-0.0004,0.00116,-0.00013,-0.00018,-1e-05,-2e-05,-0,-0.02884,-0.00357,-1e-05,-0.01462,0.00096,0.00075,5e-05,-0.00109,8e-05,8e-05,0.00383,0.00084,0.00019,0.00015
4.94,0.00169,0.00418,0.00063,-0.00127,0.00028,0,-0.00326,0.00018,-0,0,1e-05,-0,1e-05,-0.00018,0.00134,-1e-05,-0.00029,-1e-05,-2e-05,0,-0.02785,-0.00466,-3e-05,-0.02333,0.00114,0.00091,0.00011,-0.00209,0.00014,0.00022,0.00459,0.00094,0.00026,0.00012
4.96,0.00199,0.00441,0.0009,-0.00151,0.00028,0,-0.00367,0.00014,-0,-0,3e-05,-0,1e-05,3e-05,0.00147,0.00012,-0.00044,-1e-05,-2e-05,0,-0.02256,-0.00562,-5e-05,-0.03348,0.00109,0.00098,0.00018,-0.00343,0.00016,0.00027,0.00455,0.00105,0.00035,8e-05
4.98,0.00239,0.00442,0.00118,-0.00177,0.00024,1e-05,-0.00405,0.0001,-0,-1e-05,5e-05,0,1e-05,0.00021,0.00153,0.00025,-0.00065,-2e-05,-3e-05,0,-0.01283,-0.00622,-5e-05,-0.04321,0.00074,0.00095,0.00019,-0.00506,2e-05,0.00018,0.004,0.00116,0.00045,3e-05
5,0.00291,0.00419,0.00146,-0.00204,0.00016,1e-05,-0.00437,5e-05,-0,-2e-05,7e-05,0,0,0.00034,0.00153,0.00035,-0.00089,-2e-05,-2e-05,-0,-1e-05,-0.0063,-5e-05,-0.05121,7e-05,0.0008,0.00013,-0.00635,-0.00019,6e-05,0.00313,0.00126,0.00059,-3e-05
5.02,0.00358,0.00378,0.00173,-0.00222,9e-05,2e-05,-0.00459,1e-05,0,-3e-05,0.0001,0,0,0.00041,0.00151,0.00038,-0.00111,-2e-05,-2e-05,-0,0.01444,-0.00592,-0.00011,-0.05671,-0.00077,0.00056,2e-05,-0.00653,1e-05,0.00015,0.0021,0.00135,0.00079,-0.0001
5.04,0.00442,0.00318,0.00199,-0.00239,1e-05,3e-05,-0.00467,-1e-05,1e-05,-4e-05,0.00012,0,0,0.00041,0.00146,0.00038,-0.00132,-2e-05,-2e-05,-1e-05,0.02915,-0.00515,-0.00018,-0.05825,-0.0015,0.00032,-0.00015,-0.00605,0.00077,0.0004,0.00109,0.00143,0.00103,-0.00017
5.06,0.00543,0.0024,0.00221,-0.00255,-6e-05,5e-05,-0.00462,-1e-05,2e-05,-5e-05,0.00012,0,0,0.00032,0.00136,0.00039,-0.00151,-2e-05,-1e-05,-2e-05,0.04252,-0.00413,-0.00021,-0.05522,-0.00189,0.00014,-0.00035,-0.00548,0.00194,0.00064,0.00022,0.00146,0.00125,-0.00024
5.08,0.00682,0.00157,0.00237,-0.00271,-0.00012,5e-05,-0.00441,1e-05,2e-05,-6e-05,0.00012,-0,-0,0.00015,0.00125,0.00041,-0.00168,-2e-05,-1e-05,-2e-05,0.05277,-0.00304,-0.00022,-0.04812,-0.00189,4e-05,-0.00059,-0.00476,0.00362,0.00084,-0.00052,0.00146,0.00144,-0.00029
5.1,0.00823,0.00087,0.00247,-0.00285,-0.00017,6e-05,-0.00402,5e-05,2e-05,-7e-05,0.0001,-0,-0,-9e-05,0.00114,0.00043,-0.0018,-2e-05,0,-3e-05,0.0589,-0.00221,-0.00021,-0.03693,-0.00157,-2e-05,-0.00067,-0.00422,0.00552,0.00086,-0.00113,0.00141,0.00158,-0.00032
5.12,0.00894,0.00042,0.00249,-0.00294,-0.0002,6e-05,-0.00344,0.00011,2e-05,-7e-05,8e-05,-0,-0,-0.00033,0.00108,0.00042,-0.00187,-2e-05,1e-05,-4e-05,0.06158,-0.0019,-0.0002,-0.02148,-0.00107,-3e-05,-0.00039,-0.00432,0.00715,0.00061,-0.00166,0.0013,0.00166,-0.00032
5.14,0.00924,0.00023,0.00238,-0.003,-0.00021,5e-05,-0.00267,0.00019,2e-05,-6e-05,7e-05,-0,0,-0.00051,0.00104,0.00042,-0.00189,-2e-05,2e-05,-5e-05,0.05989,-0.00152,-0.00019,-0.00451,-0.00051,-2e-05,-6e-05,-0.00473,0.0083,0.00014,-0.00213,0.00117,0.00167,-0.00028
5.16,0.00971,0.00023,0.00214,-0.00306,-0.00021,4e-05,-0.00173,0.00028,2e-05,-4e-05,6e-05,0,0,-0.00056,0.00101,0.00042,-0.00183,-1e-05,4e-05,-6e-05,0.05938,-0.00094,-0.00021,0.00293,-6e-05,-0,0.00012,-0.00518,0.00875,-0.00054,-0.00258,0.00103,0.00161,-0.00023
5.18,0.01045,0.00033,0.00181,-0.00314,-0.00017,3e-05,-0.0006,0.0004,0,-0,7e-05,0,0,-0.00042,0.001,0.00043,-0.00171,-1e-05,5e-05,-7e-05,0.0557,-0.00017,-0.00011,0.00738,0.00026,0,3e-05,-0.00582,0.00834,-0.00138,-0.00303,0.00088,0.00148,-0.00016
5.2,0.01098,0.00034,0.00141,-0.0032,-0.0001,1e-05,0.00071,0.00054,-2e-05,6e-05,0.0001,0,0,-7e-05,0.001,0.00044,-0.00153,-1e-05,6e-05,-8e-05,0.05156,0.0004,6e-05,0.00957,0.00047,-0,-0.00038,-0.0063,0.00696,-0.00224,-0.00347,0.0007,0.00123,-9e-05
5.22,0.01054,0.0002,0.00098,-0.00319,-3e-05,0,0.00218,0.00073,-5e-05,0.00014,0.00014,1e-05,0,0.0005,0.00096,0.00041,-0.00133,-1e-05,8e-05,-7e-05,0.05131,0.00094,0.00011,0.00917,0.00093,1e-05,-0.0004,-0.00641,0.00476,-0.00284,-0.00383,0.00049,0.00086,-3e-05
5.24,0.00935,3e-05,0.00062,-0.00313,1e-05,-1e-05,0.00384,0.00096,-0.00011,0.00025,0.00022,2e-05,0,0.00131,0.00095,0.00037,-0.00109,-2e-05,0.0001,-7e-05,0.05176,0.00179,4e-05,0.00747,0.00156,4e-05,4e-05,-0.00654,0.0022,-0.0031,-0.00405,0.00024,0.00045,2e-05
5.26,0.00778,-3e-05,0.00035,-0.00305,5e-05,-1e-05,0.00568,0.00124,-0.00017,0.00041,0.00033,3e-05,0,0.00232,0.00098,0.00032,-0.00083,-2e-05,0.00012,-6e-05,0.05097,0.00265,-6e-05,0.00469,0.0021,6e-05,0.00049,-0.00687,-0.00036,-0.00308,-0.00409,-6e-05,5e-05,4e-05
5.28,0.00549,6e-05,0.00016,-0.00294,6e-05,-1e-05,0.00764,0.00158,-0.00025,0.00061,0.00048,5e-05,0,0.00345,0.00104,0.00023,-0.00056,-2e-05,0.00016,-5e-05,0.04942,0.00337,-0.00025,0.00075,0.00261,9e-05,0.00092,-0.00736,-0.00267,-0.00279,-0.00386,-0.00043,-0.00036,3e-05
5.3,0.00198,0.00029,5e-05,-0.00277,4e-05,-1e-05,0.00968,0.00197,-0.00033,0.00085,0.00066,8e-05,-0,0.00466,0.00114,0.00014,-0.00029,-3e-05,0.0002,-4e-05,0.04828,0.00385,-0.00053,-0.00406,0.00296,0.0001,0.00093,-0.00788,-0.00447,-0.00226,-0.00331,-0.00088,-0.00078,-2e-05
5.32,-0.00313,0.00052,0,-0.00247,-2e-05,-1e-05,0.01169,0.00237,-0.0004,0.00114,0.0009,0.00012,-0,0.00604,0.00127,9e-05,-4e-05,-3e-05,0.00025,-3e-05,0.04652,0.00425,-0.0009,-0.00913,0.00283,0.0001,0.00043,-0.00831,-0.00548,-0.0016,-0.00239,-0.00142,-0.00116,-0.00013
5.34,-0.00963,0.00065,1e-05,-0.00201,-0.0001,-1e-05,0.01347,0.00273,-0.00044,0.00145,0.00115,0.00015,-1e-05,0.00744,0.00138,2e-05,0.0002,-3e-05,0.00032,-3e-05,0.04072,0.00434,-0.00129,-0.01421,0.00244,8e-05,1e-05,-0.0088,-0.00577,-0.00099,-0.00113,-0.00206,-0.0015,-0.00028
5.36,-0.01736,0.00063,7e-05,-0.00154,-0.0002,-1e-05,0.01477,0.00299,-0.00043,0.00175,0.00137,0.00019,-1e-05,0.00864,0.00142,-6e-05,0.00042,-3e-05,0.00043,-2e-05,0.03109,0.00385,-0.00159,-0.01918,0.00199,6e-05,-0.0002,-0.00923,-0.00576,-0.00056,0.00031,-0.00278,-0.0018,-0.00048
5.38,-0.02634,0.00047,0.00012,-0.00109,-0.0003,-0,0.01531,0.00304,-0.00034,0.00197,0.00156,0.00022,-1e-05,0.0096,0.00134,-0.00021,0.00063,-2e-05,0.00056,-2e-05,0.01762,0.0031,-0.00186,-0.02012,0.00132,2e-05,-0.00023,-0.00911,-0.00577,-0.00031,0.00167,-0.00363,-0.00207,-0.00072
5.4,-0.03604,0.00018,0.00016,-0.00066,-0.00043,0,0.01513,0.00279,-0.00019,0.00214,0.00169,0.00026,-0,0.01068,0.00115,-0.00037,0.00083,-1e-05,0.00072,-2e-05,-0.00483,0.00227,-0.00231,-0.01712,0.00038,-0,-5e-05,-0.0089,-0.00623,-0.00027,0.0027,-0.00436,-0.0022,-0.00095
5.42,-0.04601,-0.00014,0.00014,-0.0003,-0.00056,0,0.01461,0.00212,-0,0.00236,0.00173,0.00032,0,0.01224,0.00086,-0.00016,0.00106,-0,0.00094,-2e-05,-0.03189,0.00147,-0.00263,-0.01714,-0.00028,5e-05,0.00017,-0.00891,-0.00752,-0.00046,0.00365,-0.00459,-0.00197,-0.00108
5.44,-0.05638,-0.00021,7e-05,-6e-05,-0.00065,0,0.01363,0.00108,0.00021,0.00261,0.0017,0.00038,1e-05,0.01382,0.00048,0.00033,0.00131,1e-05,0.00117,-2e-05,-0.05941,0.00089,-0.00251,-0.01952,-0.00033,0.00018,0.0004,-0.00801,-0.00938,-0.00068,0.00431,-0.0045,-0.00157,-0.00109
5.46,-0.06707,0.00019,-1e-05,1e-05,-0.00047,-1e-05,0.01221,-0.00021,0.0004,0.00284,0.00162,0.00043,2e-05,0.01488,0.00013,0.00076,0.00158,3e-05,0.00135,-2e-05,-0.08615,0.00053,-0.00142,-0.02105,0.00047,0.00035,0.00059,-0.00547,-0.01135,-0.00084,0.0042,-0.00431,-0.00116,-0.00102
5.48,-0.07783,0.00126,-1e-05,-0.00016,-0.00014,-3e-05,0.01094,-0.00174,0.00054,0.00304,0.00148,0.00045,2e-05,0.01531,0,0.00073,0.00186,3e-05,0.0014,-3e-05,-0.11328,0.0004,0.00122,-0.01463,0.00214,0.00047,0.00065,-0.00129,-0.013,-0.00099,0.00344,-0.00404,-0.00072,-0.00088
5.5,-0.08807,0.0031,9e-05,-0.00063,0.00033,-5e-05,0.00966,-0.0028,0.00054,0.00322,0.00128,0.00046,2e-05,0.01435,0.00028,0.00101,0.0021,2e-05,0.00139,-3e-05,-0.13063,0.00056,0.00559,0.01297,0.00422,0.00036,0.00051,0.00437,-0.0138,-0.00113,0.00205,-0.00352,-0.00035,-0.00066
5.52,-0.09729,0.00554,0.00016,-0.00139,0.00089,-7e-05,0.00795,-0.00253,0.00038,0.00324,0.00102,0.00048,1e-05,0.01115,0.00104,0.00227,0.00227,1e-05,0.00145,-2e-05,-0.12373,0.00116,0.01153,0.04551,0.0057,-0.00015,0.00012,0.01114,-0.0134,-0.00128,1e-05,-0.0026,-0.00011,-0.00036
5.54,-0.10602,0.00846,9e-05,-0.00207,0.00141,-7e-05,0.00662,-0.00173,0.00019,0.00294,0.00071,0.00046,-0,0.00723,0.00172,0.00308,0.00225,0,0.00144,-1e-05,-0.09845,0.00209,0.01714,0.05375,0.00549,-0.00115,-0.00048,0.01777,-0.01156,-0.00141,-0.00173,-0.0017,4e-05,-0.00011
5.56,-0.11418,0.0118,-6e-05,-0.00253,0.0015,-6e-05,0.00612,-0.00102,4e-05,0.00237,0.00036,0.00038,-2e-05,0.00408,0.00163,0.00336,0.00203,-1e-05,0.00129,0,-0.06348,0.00301,0.02074,0.04051,0.00324,-0.0026,-0.0012,0.02181,-0.00829,-0.00145,-0.00215,-0.00097,0.00013,1e-05
5.58,-0.12108,0.01524,-0.00017,-0.00284,0.0016,-3e-05,0.00615,-0.0003,-6e-05,0.0016,2e-05,0.00027,-4e-05,0.00152,0.00042,0.0044,0.00165,-4e-05,0.00104,-1e-05,-0.01974,0.00348,0.02077,0.0005,-0.00075,-0.00416,-0.00187,0.01963,-0.0043,-0.00131,-0.00109,-0.00033,0.00016,-0
5.6,-0.12664,0.01829,-0.00026,-0.00323,0.00166,2e-05,0.00669,7e-05,-0.00012,0.00064,-0.0003,0.00014,-7e-05,-0.001,-0.0013,0.00345,0.00122,-4e-05,0.00068,-3e-05,0.02595,0.00318,0.01786,-0.05177,-0.00536,-0.00574,-0.00244,0.01254,-0.00097,-0.00091,0.00301,-5e-05,0.00011,-0.00013
5.62,-0.13088,0.02026,-0.00057,-0.00406,0.00165,7e-05,0.0076,0.00101,-0.00027,-0.00041,-0.0005,3e-05,-9e-05,-0.00338,-0.00321,-0.00052,0.00086,0.00016,0.00029,-4e-05,0.06949,0.00227,0.01585,-0.09048,-0.01005,-0.00819,-0.00312,0.00544,-5e-05,-0.00033,0.0112,8e-05,3e-05,-7e-05
5.64,-0.13261,0.02056,-0.00096,-0.00501,0.00161,0.00013,0.00832,0.00296,-0.00045,-0.00134,-0.00058,-2e-05,-0.00011,-0.00548,-0.00508,-0.00092,0.00062,0.00049,-1e-05,-4e-05,0.10725,0.00103,0.01351,-0.11862,-0.01424,-0.0112,-0.00374,-0.00212,-0.00253,0,0.01896,0.00036,-0,0.0002
5.66,-0.13108,0.01894,-0.00115,-0.00583,0.00156,0.00018,0.00841,0.00483,-0.00056,-0.002,-0.00057,-3e-05,-0.00011,-0.00741,-0.00631,-0.0005,0.00044,0.00072,-0.00022,-3e-05,0.13535,9e-05,0.009,-0.13907,-0.01699,-0.01381,-0.00402,-0.00881,-0.00794,-0.00042,0.02183,0.00066,2e-05,0.00048
5.68,-0.12639,0.01533,-0.00109,-0.00667,0.00148,0.00022,0.00813,0.00615,-0.00058,-0.00229,-0.0005,-2e-05,-0.0001,-0.00897,-0.00651,0,0.00029,0.00085,-0.00039,-1e-05,0.15304,0.00021,0.00323,-0.14868,-0.01824,-0.01603,-0.00394,-0.01076,-0.01485,-0.00195,0.01871,0.00099,6e-05,0.00066
5.7,-0.11783,0.01055,-0.00074,-0.0073,0.00138,0.00023,0.00709,0.00622,-0.00049,-0.00228,-0.00041,-1e-05,-8e-05,-0.00977,-0.00554,0.00022,0.00012,0.00078,-0.00052,0,0.15813,0.00205,-0.00683,-0.14953,-0.0179,-0.01732,-0.00347,-0.00137,-0.02073,-0.00433,0.01044,0.00139,0.0001,0.00054
5.72,-0.10511,0.00562,-0.00014,-0.00751,0.00103,0.00023,0.00513,0.00479,-0.00032,-0.00216,-0.00035,-2e-05,-5e-05,-0.00954,-0.00391,2e-05,-4e-05,0.00051,-0.0006,1e-05,0.14823,0.00609,-0.02443,-0.14542,-0.01603,-0.01717,-0.0027,0.01924,-0.02386,-0.00706,-0.00052,0.00182,0.00012,0.00011
5.74,-0.0892,0.00131,0.00054,-0.00696,0.00056,0.00021,0.00298,0.0028,-0.00015,-0.00199,-0.0003,-5e-05,-2e-05,-0.00853,-0.00205,-0.00024,-0.00014,0.00023,-0.00065,1e-05,0.12584,0.01223,-0.0452,-0.13992,-0.01305,-0.01562,-0.00147,0.03858,-0.02442,-0.00978,-0.0122,0.00215,0.0001,-0.00047
5.76,-0.07044,-0.00158,0.00112,-0.00456,0.00015,0.00017,0.00083,0.00098,-3e-05,-0.00179,-0.00024,-6e-05,0,-0.00706,-0.00038,-0.00033,-0.00018,4e-05,-0.00067,1e-05,0.09491,0.01969,-0.06506,-0.13624,-0.00936,-0.01268,0.00028,0.04859,-0.02295,-0.01205,-0.02224,0.00226,3e-05,-0.00108
5.78,-0.0486,-0.00275,0.00152,-0.0024,-0.00015,0.00013,-0.00142,-0.00052,1e-05,-0.00158,-0.00018,-8e-05,2e-05,-0.00534,0.00081,-0.00028,-0.00015,-8e-05,-0.00066,0,0.05987,0.02723,-0.08082,-0.13639,-0.0053,-0.00862,0.00255,0.05024,-0.01992,-0.01372,-0.02883,0.00214,-6e-05,-0.00169
5.8,-0.02398,-0.0025,0.00168,-0.00059,-0.00032,9e-05,-0.0036,-0.00152,-2e-05,-0.00139,-0.00014,-9e-05,2e-05,-0.00369,0.00143,-0.00014,-9e-05,-0.00014,-0.00062,-1e-05,0.02056,0.03468,-0.09273,-0.14317,-0.00111,-0.00323,0.0051,0.04187,-0.01744,-0.01459,-0.03341,0.00172,-0.00015,-0.00201
5.82,0.00284,-0.00144,0.00157,0.00077,-0.00038,5e-05,-0.00552,-0.00196,-0.0001,-0.00128,-0.0001,-0.0001,1e-05,-0.00231,0.00151,6e-05,-2e-05,-0.00015,-0.00057,-1e-05,-0.02203,0.04352,-0.10146,-0.15805,0.0026,0.00224,0.00697,0.02466,-0.0173,-0.01505,-0.03893,0.00106,-0.00018,-0.0016
5.84,0.03093,-0.0003,0.00125,0.00165,-0.00038,2e-05,-0.00691,-0.00199,-0.00021,-0.00119,-5e-05,-0.0001,-0,-0.00129,0.00121,0.00026,5e-05,-0.00012,-0.0005,-2e-05,-0.05576,0.05163,-0.09903,-0.17776,0.00512,0.00622,0.00792,0.00697,-0.017,-0.01487,-0.04223,0.00044,-0.00016,-0.00089
5.86,0.0589,0.00041,0.00084,0.00208,-0.00032,1e-05,-0.00763,-0.00178,-0.0003,-0.00113,-1e-05,-0.0001,-1e-05,-0.00066,0.00079,0.00042,9e-05,-8e-05,-0.00044,-3e-05,-0.07369,0.05679,-0.08436,-0.19723,0.00628,0.00866,0.00831,-0.0035,-0.01447,-0.01278,-0.04111,-1e-05,-0.00011,-0.00029
5.88,0.085,0.00055,0.00042,0.00218,-0.00028,0,-0.00768,-0.00141,-0.00035,-0.00111,3e-05,-0.00011,-2e-05,-0.00044,0.00038,0.0005,8e-05,-4e-05,-0.00038,-3e-05,-0.07633,0.06072,-0.06324,-0.21075,0.00616,0.00978,0.00806,-0.00684,-0.01027,-0.00877,-0.03546,-0.0003,-5e-05,0.00018
5.9,0.10711,0.00041,0.00014,0.00206,-0.00027,-0,-0.00729,-0.00101,-0.00035,-0.0011,7e-05,-0.00011,-2e-05,-0.00061,0.00011,0.00051,3e-05,-1e-05,-0.00033,-4e-05,-0.06599,0.05855,-0.03826,-0.21132,0.00465,0.00909,0.00686,-0.00407,-0.00555,-0.00463,-0.02764,-0.00044,-1e-05,0.00015
5.92,0.12332,0.00039,3e-05,0.00186,-0.00027,-0,-0.00684,-0.0007,-0.00031,-0.00102,0.00011,-0.00011,-2e-05,-0.0011,-0,0.0005,-7e-05,1e-05,-0.00031,-3e-05,-0.0494,0.04789,-0.01607,-0.19488,0.00134,0.00581,0.00435,0.00027,-0.00265,-0.00203,-0.02055,-0.00042,1e-05,-9e-05
5.94,0.1323,0.0004,-0,0.00171,-0.00025,-1e-05,-0.00639,-0.00044,-0.00025,-0.00089,0.00013,-0.00011,-2e-05,-0.00188,-2e-05,0.0004,-0.00022,2e-05,-0.0003,-3e-05,-0.03042,0.03569,-0.00186,-0.15939,-0.0019,0.00248,0.00199,0.00322,-0.00133,-0.00023,-0.01338,-0.00033,3e-05,-0
5.96,0.13391,0.00034,0,0.00164,-0.00022,-0,-0.00593,-0.00021,-0.00018,-0.00073,0.00015,-0.0001,-1e-05,-0.00291,1e-05,0.0002,-0.00041,1e-05,-0.00029,-2e-05,-0.01289,0.02563,0.00459,-0.10911,-0.00337,0.00062,0.00062,0.00425,-0.00059,0.00099,-0.00684,-0.00026,5e-05,0.00023
5.98,0.12877,0.00029,3e-05,0.00167,-0.00018,-0,-0.00562,-4e-05,-0.00011,-0.00056,0.00016,-9e-05,-1e-05,-0.00411,6e-05,-8e-05,-0.00062,0,-0.0003,-1e-05,-0.00025,0.01759,0.0056,-0.05518,-0.00337,-0.0002,-1e-05,0.00314,-0.00018,0.00165,-0.00229,-0.00018,7e-05,0.00056
6,0.11889,0.00023,6e-05,0.00173,-0.00013,-0,-0.00535,9e-05,-6e-05,-0.0004,0.00017,-8e-05,-0,-0.00536,0.00012,-0.00042,-0.00084,-1e-05,-0.0003,-0,0.00625,0.01067,0.00388,-0.00817,-0.00186,-6e-05,-0.00046,0.00047,2e-05,0.00182,0.00014,-0.00013,9e-05,0.00076
6.02,0.10693,0.00018,0.0001,0.0018,-0.00014,-0,-0.00497,0.00017,-2e-05,-0.0003,0.00016,-7e-05,0,-0.00643,0.00012,-0.00051,-0.0011,-0,-0.00029,0,0.00713,0.00497,0.00151,0.02154,-0.00034,0.0001,-0.001,-0.00264,4e-05,0.00165,0.00082,-0.00011,9e-05,0.00063
6.04,0.09429,0.00016,0.00012,0.00181,-0.00017,-0,-0.00459,0.00019,-0,-0.00023,0.00015,-6e-05,1e-05,-0.00722,5e-05,-0.00034,-0.00134,2e-05,-0.00027,1e-05,0.0051,0.00172,-0.00051,0.03119,0.00036,5e-05,-0.00099,-0.0059,-3e-05,0.00128,0.00035,-5e-05,7e-05,0.00041
6.06,0.08211,0.00017,0.00011,0.00176,-0.0002,0,-0.00431,0.00018,1e-05,-0.00017,0.00014,-6e-05,1e-05,-0.00765,-7e-05,-0.00014,-0.00153,6e-05,-0.00026,2e-05,0.00258,0.00046,-0.00136,0.02552,0.00063,-4e-05,-0.00033,-0.00927,-0.00019,0.00076,-0.00069,2e-05,6e-05,0.00024
6.08,0.07148,0.00016,9e-05,0.00163,-0.00023,0,-0.00408,0.00016,1e-05,-0.00012,0.00012,-6e-05,1e-05,-0.00766,-0.00026,9e-05,-0.00165,9e-05,-0.00024,2e-05,0.0008,0.00011,-0.00105,0.01035,0.00081,-0,0.00089,-0.01235,-0.00043,0.0002,-0.00182,8e-05,4e-05,0.0001
6.1,0.06297,0.00015,7e-05,0.00145,-0.00025,0,-0.00394,0.00014,1e-05,-8e-05,0.0001,-6e-05,1e-05,-0.00731,-0.00046,0.00023,-0.00168,0.00011,-0.00021,2e-05,5e-05,-0,-0.00019,-0.00853,0.00099,0.00019,0.0019,-0.01487,-0.00074,-0.00031,-0.00275,0.00011,2e-05,0
6.12,0.05675,0.00013,6e-05,0.00126,-0.00026,0,-0.00389,0.00012,0,-5e-05,8e-05,-5e-05,1e-05,-0.00671,-0.00059,0.00017,-0.00158,0.00011,-0.0002,2e-05,4e-05,-6e-05,-0.00088,-0.01912,0.00108,0.00032,0.00171,-0.01675,-0.00109,-0.00071,-0.0032,0.00012,1e-05,-6e-05
6.14,0.05264,0.0001,7e-05,0.00106,-0.00026,0,-0.00393,0.00012,-1e-05,-3e-05,7e-05,-5e-05,1e-05,-0.00596,-0.00066,7e-05,-0.0014,0.0001,-0.00018,2e-05,0.00034,0.00014,-0.00285,-0.02224,0.00106,0.00033,0.00114,-0.01807,-0.00145,-0.001,-0.00317,0.0001,-0,-0.0001
6.16,0.05023,7e-05,8e-05,0.00085,-0.00023,-0,-0.00401,0.00013,-2e-05,-1e-05,7e-05,-5e-05,1e-05,-0.00513,-0.00064,-0,-0.00116,8e-05,-0.00015,1e-05,0.00109,0.00052,-0.00436,-0.02517,0.00098,0.00031,0.00075,-0.01879,-0.00181,-0.00121,-0.00285,8e-05,-1e-05,-0.00011
6.18,0.04912,4e-05,0.0001,0.00065,-0.0002,0,-0.00414,0.00015,-4e-05,-0,7e-05,-4e-05,1e-05,-0.00434,-0.00053,-4e-05,-0.00089,7e-05,-0.00012,1e-05,0.00243,0.001,-0.00526,-0.02765,0.00086,0.00028,0.00045,-0.0188,-0.00214,-0.00132,-0.00234,7e-05,-1e-05,-0.0001
6.2,0.04868,2e-05,9e-05,0.00046,-0.00015,0,-0.00429,0.00019,-5e-05,-0,7e-05,-4e-05,1e-05,-0.00366,-0.00034,-5e-05,-0.00061,6e-05,-0.0001,1e-05,0.00461,0.0014,-0.00533,-0.02963,0.0007,0.00023,0.00024,-0.01826,-0.0024,-0.00136,-0.00181,5e-05,-1e-05,-9e-05
6.22,0.04828,3e-05,9e-05,0.00029,-0.0001,0,-0.00443,0.00024,-4e-05,0,8e-05,-3e-05,1e-05,-0.00315,-0.0001,-4e-05,-0.00036,5e-05,-7e-05,0,0.00759,0.00149,-0.00461,-0.03107,0.00054,0.00018,0.00011,-0.01734,-0.00257,-0.00136,-0.00139,4e-05,-1e-05,-8e-05
6.24,0.04764,9e-05,8e-05,0.00015,-5e-05,1e-05,-0.00455,0.00031,-1e-05,0,9e-05,-3e-05,1e-05,-0.00284,0.00013,-2e-05,-0.00015,4e-05,-5e-05,0,0.01063,0.0013,-0.00351,-0.03149,0.00038,0.00014,1e-05,-0.01595,-0.00265,-0.00132,-0.00107,3e-05,-1e-05,-7e-05
6.26,0.04662,0.00023,7e-05,3e-05,-2e-05,1e-05,-0.00463,0.00038,3e-05,0,0.0001,-2e-05,1e-05,-0.00272,0.00034,0,1e-05,3e-05,-3e-05,0,0.01295,0.00086,-0.0023,-0.03057,0.00024,9e-05,-7e-05,-0.01408,-0.00265,-0.00124,-0.00085,3e-05,-1e-05,-6e-05
6.28,0.04504,0.00046,8e-05,-5e-05,1e-05,2e-05,-0.00465,0.00044,7e-05,1e-05,0.00011,-2e-05,1e-05,-0.00278,0.0005,3e-05,0.00011,3e-05,-2e-05,0,0.01422,0.0002,-0.00123,-0.02838,0.00012,5e-05,-0.00013,-0.01187,-0.00257,-0.00112,-0.0007,3e-05,-1e-05,-5e-05
6.3,0.04282,0.00075,0.00011,-0.00012,2e-05,2e-05,-0.00459,0.00048,0.00011,1e-05,0.00012,-2e-05,1e-05,-0.00297,0.00062,4e-05,0.00016,2e-05,-1e-05,0,0.01416,-0.00057,-0.00048,-0.02528,1e-05,0,-0.00017,-0.00958,-0.00241,-0.00096,-0.00058,3e-05,-1e-05,-4e-05
6.32,0.03993,0.00103,0.00019,-0.00016,3e-05,2e-05,-0.00444,0.0005,0.00016,1e-05,0.00013,-1e-05,1e-05,-0.00325,0.00075,4e-05,0.00014,2e-05,-1e-05,0,0.01283,-0.00123,-0.0001,-0.02172,-7e-05,-4e-05,-0.00019,-0.00738,-0.00218,-0.00074,-0.00047,3e-05,-1e-05,-3e-05
6.34,0.0364,0.00121,0.0003,-0.00017,3e-05,2e-05,-0.00418,0.00049,0.00019,2e-05,0.00014,-1e-05,1e-05,-0.00357,0.00089,4e-05,7e-05,1e-05,-0,0,0.01062,-0.0017,2e-05,-0.01791,-0.00012,-6e-05,-0.0002,-0.0053,-0.0019,-0.00049,-0.00032,3e-05,-1e-05,-2e-05
6.36,0.03233,0.00124,0.00042,-0.00017,4e-05,1e-05,-0.0038,0.00045,0.00019,2e-05,0.00015,-1e-05,1e-05,-0.00391,0.00103,3e-05,-5e-05,1e-05,-0,0,0.00798,-0.002,-3e-05,-0.01404,-0.00015,-8e-05,-0.00021,-0.00336,-0.00159,-0.00024,-0.00012,3e-05,-1e-05,-1e-05
6.38,0.02782,0.00103,0.00054,-0.00014,5e-05,1e-05,-0.00332,0.00039,0.00017,2e-05,0.00017,-0,1e-05,-0.00421,0.00115,2e-05,-0.00023,1e-05,-0,0,0.0055,-0.00209,-0.00014,-0.01042,-0.00016,-8e-05,-0.0002,-0.00165,-0.00124,1e-05,0.00012,4e-05,-1e-05,-1e-05
6.4,0.02329,0.00058,0.00064,-0.00011,6e-05,1e-05,-0.00275,0.00032,0.00014,1e-05,0.00019,0,1e-05,-0.00441,0.00125,-0,-0.00045,0,-0,0,0.00315,-0.00189,-0.00022,-0.00726,-0.00014,-8e-05,-0.0002,-0.00027,-0.00088,0.0002,0.00039,4e-05,-1e-05,-0
6.42,0.01916,-3e-05,0.00071,-8e-05,8e-05,0,-0.00214,0.00026,0.0001,1e-05,0.00021,1e-05,1e-05,-0.00443,0.00128,-3e-05,-0.0007,-0,0,0,0.00102,-0.00146,-0.00026,-0.00483,-0.0001,-7e-05,-0.00019,0.00079,-0.00056,0.0003,0.00067,5e-05,-1e-05,0
6.44,0.01535,-0.00073,0.00073,-5e-05,9e-05,0,-0.00152,0.0002,6e-05,-0,0.00022,1e-05,1e-05,-0.00427,0.00122,-5e-05,-0.00096,-1e-05,1e-05,0,-0.00033,-0.00096,-0.00025,-0.00302,-5e-05,-5e-05,-0.00019,0.00158,-0.0003,0.00033,0.0009,6e-05,-0,0
6.46,0.01179,-0.00142,0.00071,-2e-05,9e-05,0,-0.00093,0.00016,3e-05,-0,0.00023,2e-05,1e-05,-0.00394,0.00107,-7e-05,-0.00123,-1e-05,2e-05,0,-0.00083,-0.00048,-0.00019,-0.00165,1e-05,-3e-05,-0.00019,0.00209,-9e-05,0.00029,0.00103,7e-05,-0,0
6.48,0.00854,-0.00195,0.00065,-0,8e-05,0,-0.00043,0.00014,2e-05,-0,0.00023,2e-05,1e-05,-0.00346,0.00086,-9e-05,-0.0015,-1e-05,3e-05,0,-0.00075,-0.00012,-0.0001,-0.0006,8e-05,-1e-05,-0.00019,0.00235,6e-05,0.00018,0.00102,8e-05,-0,0
6.5,0.00566,-0.00229,0.00057,0,8e-05,0,-4e-05,0.00013,1e-05,0,0.00021,3e-05,0,-0.00294,0.00061,-0.00011,-0.00175,-2e-05,5e-05,0,-0.00034,5e-05,2e-05,0.00027,0.00014,1e-05,-0.00019,0.00243,0.00013,2e-05,0.00086,7e-05,-0,-0
6.52,0.00307,-0.00247,0.00049,0,8e-05,0,0.00021,0.00012,0,1e-05,0.00019,3e-05,-0,-0.00248,0.00041,-0.00011,-0.00198,-2e-05,8e-05,-0,0.00018,-1e-05,0.00015,0.0011,0.0002,3e-05,-0.00017,0.00235,0.00013,-0.00016,0.00055,5e-05,0,-0
6.54,0.00057,-0.00236,0.00043,1e-05,9e-05,-0,0.00031,0.00013,-0,1e-05,0.00015,4e-05,-0,-0.00205,0.00033,-8e-05,-0.00217,-2e-05,0.00011,-0,0.00063,-0.00029,0.00026,0.00204,0.00025,4e-05,-0.00015,0.00211,9e-05,-0.00034,0.00015,1e-05,0,-0
6.56,-0.002,-0.00195,0.0004,3e-05,0.00013,-0,0.00025,0.00015,-0,1e-05,0.0001,3e-05,-1e-05,-0.00166,0.0004,-4e-05,-0.00231,-2e-05,0.00015,-0,0.00082,-0.00075,0.00034,0.00317,0.00028,5e-05,-0.00011,0.00168,2e-05,-0.00052,-0.0003,-5e-05,0,-0
6.58,-0.00473,-0.00132,0.00039,8e-05,0.0002,-0,3e-05,0.0002,-0,0,4e-05,2e-05,-1e-05,-0.00137,0.00059,4e-05,-0.00239,-1e-05,0.00019,-0,0.00062,-0.00135,0.00038,0.00454,0.0003,5e-05,-5e-05,0.00109,-4e-05,-0.00069,-0.00076,-0.00014,0,-0
6.6,-0.00769,-0.0006,0.00037,0.00018,0.00029,-0,-0.00041,0.00029,0,-1e-05,-5e-05,1e-05,-1e-05,-0.0012,0.00084,0.00017,-0.00239,-1e-05,0.00022,-0,-4e-05,-0.00194,0.00037,0.00623,0.0003,5e-05,1e-05,0.00037,-7e-05,-0.00083,-0.00118,-0.00024,-0,-0
6.62,-0.01085,9e-05,0.00032,0.00032,0.00041,-0,-0.00111,0.00045,2e-05,-2e-05,-0.00015,-0,-1e-05,-0.00118,0.00109,0.00034,-0.00232,-1e-05,0.00026,-0,-0.00104,-0.00227,0.0003,0.0082,0.00028,5e-05,9e-05,-0.00033,0,-0.0009,-0.00144,-0.00032,-0,-0
6.64,-0.01386,0.00065,0.00017,0.00049,0.00053,-1e-05,-0.00217,0.00073,5e-05,-1e-05,-0.00025,-1e-05,-1e-05,-0.00129,0.00127,0.00055,-0.00216,-1e-05,0.0003,-0,-0.00226,-0.00227,0.00023,0.01029,0.00026,4e-05,0.00018,-0.00083,0.00026,-0.00089,-0.00151,-0.00038,-0,-0
6.66,-0.01608,0.001,-0.00014,0.00064,0.00054,-2e-05,-0.00371,0.0012,0.00013,9e-05,-0.00035,-1e-05,-1e-05,-0.00146,0.00139,0.00074,-0.00191,-1e-05,0.00034,0,-0.00351,-0.00194,0.00018,0.01224,0.00023,3e-05,0.00028,-0.00107,0.00076,-0.0008,-0.00147,-0.0004,-1e-05,-0
6.68,-0.0167,0.00106,-0.0006,0.00074,0.00055,-3e-05,-0.00581,0.00182,0.00024,0.00033,-0.00043,1e-05,-1e-05,-0.00163,0.00142,0.00085,-0.00159,-1e-05,0.00037,0,-0.00454,-0.0012,0.00012,0.01369,0.0002,3e-05,0.00036,-0.00098,0.00156,-0.00064,-0.00128,-0.0004,-1e-05,-1e-05
6.7,-0.01471,0.00085,-0.0011,0.00069,0.00054,-4e-05,-0.0082,0.00275,0.00041,0.00079,-0.00044,5e-05,-0,-0.00161,0.00154,0.00082,-0.00121,-0,0.00041,0,-0.00488,-3e-05,4e-05,0.01445,0.00017,3e-05,0.00047,-0.0006,0.00263,-0.00041,-0.00106,-0.00038,-1e-05,-1e-05
6.72,-0.00907,0.00047,-0.00135,0.0004,0.00054,-5e-05,-0.00985,0.00419,0.00066,0.00144,-0.00035,9e-05,1e-05,-0.00103,0.00189,0.00062,-0.00078,-0,0.00046,1e-05,-0.00402,0.00145,-0.00015,0.0143,0.00014,4e-05,0.00065,-1e-05,0.00381,-0.00011,-0.00087,-0.00034,-1e-05,3e-05
6.74,0.00109,8e-05,-0.00087,-0.00012,0.00044,-5e-05,-0.0101,0.00544,0.00088,0.00216,-0.00015,0.00013,1e-05,0.00031,0.00202,0.0003,-0.00041,-0,0.0005,1e-05,-0.00244,0.00278,-0.00061,0.01288,0.00014,5e-05,0.00085,0.00074,0.00483,0.00017,-0.00066,-0.00028,-1e-05,0.0001
6.76,0.01574,9e-05,0.00085,-0.00086,0.0002,-4e-05,-0.0089,0.0057,0.00098,0.00269,0.00012,0.00014,2e-05,0.00224,0.00155,1e-05,-0.00016,0,0.00051,1e-05,-0.00071,0.00317,-0.00148,0.01043,0.00015,8e-05,0.00099,0.00156,0.00535,0.00034,-0.0004,-0.00022,-0,0.00017
6.78,0.03391,0.00105,0.00405,-0.00177,-3e-05,-1e-05,-0.0059,0.00477,0.00093,0.00249,0.00036,0.00011,1e-05,0.00452,0.0004,-7e-05,-6e-05,1e-05,0.00049,2e-05,0.00072,0.00185,-0.00288,0.00739,0.00017,0.00013,0.00109,0.00239,0.00512,0.00039,-0.00012,-0.00014,-0,0.00022
6.8,0.05294,0.0033,0.00834,-0.0021,-0.00018,3e-05,-0.00226,0.00269,0.00077,0.00168,0.00068,4e-05,0,0.00652,-0.00134,-2e-05,-1e-05,2e-05,0.00041,2e-05,0.00172,-0.00162,-0.00432,0.00434,0.00021,0.00019,0.00107,0.00316,0.00405,0.00029,0.00018,-6e-05,0,0.00025
6.82,0.06884,0.0061,0.01248,-0.00256,-0.00022,7e-05,0.00042,0.00015,0.00059,0.00127,0.0013,-2e-05,-1e-05,0.00764,-0.00277,0.00012,-1e-05,6e-05,0.00028,3e-05,0.00385,-0.00625,-0.00473,0.00135,0.00027,0.00027,0.0009,0.00371,0.00222,0.0001,0.00054,2e-05,0,0.00025
6.84,0.07973,0.00771,0.01554,-0.00294,-0.00018,0.00012,0.00216,-0.00219,0.00031,0.00115,0.00181,-3e-05,-3e-05,0.0076,-0.00308,0.00026,-0.00016,0.0001,0.00013,3e-05,0.00635,-0.01019,-0.00395,-0.00163,0.00034,0.00036,0.00067,0.00399,-0.00028,-8e-05,0.001,0.0001,0,0.00017
6.86,0.08524,0.00689,0.01693,-0.00303,-0.00021,0.00015,0.00305,-0.00394,-5e-05,0.00112,0.00197,-0,-5e-05,0.00642,-0.00241,9e-05,-0.00033,0.00013,0,3e-05,0.00722,-0.01209,-0.00248,-0.00434,0.00041,0.00046,0.00043,0.00404,-0.00313,-0.00019,0.00153,0.00018,-0,-0
6.88,0.08506,0.00319,0.01628,-0.00291,-0.00034,0.00018,0.00286,-0.00483,-0.00039,0.00167,0.00193,6e-05,-6e-05,0.00445,-0.00092,-0.00047,-0.00043,0.00014,-0.0001,3e-05,0.0068,-0.01081,-0.00085,-0.00661,0.00048,0.00054,0.0002,0.00385,-0.006,-0.00024,0.00205,0.00023,-0,-0.00028
6.9,0.07813,-0.00156,0.01339,-0.00257,-0.0005,0.0002,0.00174,-0.0045,-0.00061,0.00303,0.00154,8e-05,-5e-05,0.0023,0.0005,-0.00108,-0.00035,0.00013,-0.00015,2e-05,0.0051,-0.00708,-2e-05,-0.00826,0.00055,0.00062,-2e-05,0.00353,-0.00833,-0.00021,0.00247,0.00028,-1e-05,-0.00061
6.92,0.06441,-0.00471,0.00862,-0.00207,-0.00048,0.00018,-4e-05,-0.00287,-0.0006,0.00501,0.00081,3e-05,-3e-05,0.00057,0.00114,-0.00134,-0.00012,9e-05,-0.00016,2e-05,0.00252,-0.00301,-0.00025,-0.00871,0.00061,0.00074,-0.00021,0.00321,-0.00941,-0.00012,0.00271,0.00031,-0,-0.00073
6.94,0.04812,-0.00543,0.00353,-0.00157,-0.00027,0.00016,-0.00184,-0.00062,-0.00038,0.00651,0.0003,0,0,-0.00066,0.00126,-0.00131,0.0002,4e-05,-0.00015,1e-05,0.00057,0.00016,-0.00098,-0.00797,0.00065,0.00088,-0.00039,0.00278,-0.00918,-1e-05,0.00273,0.00032,1e-05,-0.00062
6.96,0.03271,-0.00387,-0.00066,-0.00121,1e-05,0.00013,-0.00297,0.00149,-5e-05,0.00693,8e-05,-1e-05,2e-05,-0.00135,0.00104,-0.00106,0.00055,1e-05,-0.00014,0,-0.00012,0.00174,-0.00154,-0.00674,0.00065,0.00098,-0.00054,0.00225,-0.0079,5e-05,0.00252,0.00027,1e-05,-0.0004
6.98,0.01922,-0.00084,-0.00333,-0.00108,0.00031,9e-05,-0.00339,0.00314,0.00035,0.0064,1e-05,-0,3e-05,-0.00145,0.00062,-0.0006,0.00081,-1e-05,-0.00014,-0,-5e-05,0.00178,-0.00142,-0.00522,0.00062,0.00104,-0.00068,0.00166,-0.00581,5e-05,0.00216,0.00017,2e-05,-9e-05
7,0.01008,0.00207,-0.0044,-0.00108,0.00051,6e-05,-0.00307,0.00398,0.00071,0.00514,0,-0,2e-05,-0.00134,0.00021,-0.00014,0.00094,-1e-05,-0.00017,-0,5e-05,0.00057,-0.00021,-0.00411,0.00055,0.00105,-0.00077,0.00104,-0.0032,-3e-05,0.00169,3e-05,3e-05,0.00032
7.02,0.00577,0.00354,-0.00427,-0.00105,0.00054,2e-05,-0.00235,0.00393,0.00088,0.00374,2e-05,0,2e-05,-0.00126,-2e-05,0.00012,0.00099,-1e-05,-0.0002,0,-0.00027,-0.00065,0.00198,-0.00383,0.00045,0.00096,-0.00075,0.00044,-0.00051,-0.00011,0.00118,-0.00014,3e-05,0.00085
7.04,0.00335,0.00352,-0.00342,-0.00108,0.00044,-1e-05,-0.0016,0.0034,0.00087,0.00258,2e-05,0,1e-05,-0.00105,2e-05,0.00022,0.00093,1e-05,-0.00022,0,-0.00081,-0.00085,0.0039,-0.00369,0.00033,0.0008,-0.00066,-5e-05,0.00172,-0.00012,0.00075,-0.00027,3e-05,0.00134
7.06,0.00153,0.00286,-0.00245,-0.00085,0.00037,-3e-05,-0.00098,0.00273,0.00078,0.00171,3e-05,0,1e-05,-0.00077,0.00031,0.00019,0.00073,2e-05,-0.00022,0,-0.00112,-0.00049,0.00458,-0.00341,0.00021,0.00059,-0.00051,-0.00035,0.0033,-5e-05,0.00047,-0.00037,2e-05,0.00167
7.08,0.00024,0.00205,-0.0018,-0.00047,0.00031,-4e-05,-0.00051,0.00211,0.00065,0.00109,3e-05,0,0,-0.00057,0.00074,7e-05,0.00046,2e-05,-0.00019,0,-0.00082,-0.00016,0.00412,-0.00318,8e-05,0.00034,-0.00033,-0.00048,0.00435,7e-05,0.00029,-0.00042,2e-05,0.0019
7.1,-0.00069,0.00148,-0.00163,-7e-05,0.00027,-4e-05,-0.0002,0.0016,0.00053,0.00069,2e-05,0,0,-0.00046,0.00122,-8e-05,0.00017,2e-05,-0.00014,0,-0.00025,1e-05,0.00289,-0.00304,-3e-05,9e-05,-0.00016,-0.00049,0.00477,0.00023,0.00016,-0.00041,1e-05,0.00184
7.12,-0.00133,0.00101,-0.0019,0.00025,0.00024,-3e-05,-3e-05,0.00115,0.00044,0.00043,2e-05,0,-0,-0.0004,0.00165,-0.00022,-0.00011,2e-05,-8e-05,-0,-0,0.00011,0.00158,-0.00301,-0.00013,-0.00014,-3e-05,-0.00046,0.0045,0.0004,4e-05,-0.00034,1e-05,0.0014
7.14,-0.00173,0.00021,-0.0024,0.00045,0.00017,-3e-05,2e-05,0.00077,0.00037,0.00028,1e-05,0,-0,-0.00035,0.00194,-0.00033,-0.00033,1e-05,-2e-05,-0,1e-05,0.00025,0.00064,-0.0031,-0.00019,-0.00031,0.0001,-0.00044,0.00404,0.00053,-9e-05,-0.00024,2e-05,0.00091
7.16,-0.002,-0.00096,-0.00294,0.00055,5e-05,-2e-05,-2e-05,0.00046,0.00031,0.0002,1e-05,0,-0,-0.00031,0.00203,-0.00039,-0.00049,0,4e-05,-0,-3e-05,0.00042,0.0001,-0.00325,-0.00023,-0.00043,0.00022,-0.00045,0.00377,0.00054,-0.00024,-0.0001,2e-05,0.00052
7.18,-0.00225,-0.00237,-0.00338,0.00059,-0.0001,-1e-05,-0.00013,0.00017,0.00027,0.00018,1e-05,-0,-1e-05,-0.00026,0.00193,-0.0004,-0.00061,-0,8e-05,-0,-7e-05,0.00055,-9e-05,-0.00342,-0.00025,-0.00049,0.00032,-0.00053,0.00372,0.00041,-0.00045,3e-05,2e-05,0.0002
7.2,-0.00249,-0.00378,-0.00362,0.0006,-0.00025,-1e-05,-0.00028,-0.00011,0.00022,0.00018,0,-0,-1e-05,-0.00018,0.00164,-0.00038,-0.00066,-1e-05,0.00011,-0,-4e-05,0.00058,-8e-05,-0.0036,-0.00025,-0.00052,0.0004,-0.00069,0.00387,0.00011,-0.00068,0.00016,3e-05,-2e-05
7.22,-0.00265,-0.00489,-0.00364,0.00062,-0.00039,0,-0.00045,-0.00034,0.00016,0.00018,0,0,-1e-05,-9e-05,0.00122,-0.00035,-0.00063,-1e-05,0.00013,0,2e-05,0.00048,-2e-05,-0.0038,-0.00023,-0.00052,0.00045,-0.00097,0.00414,-0.00034,-0.00085,0.00031,4e-05,-0.00016
7.24,-0.00269,-0.00558,-0.00346,0.00064,-0.00049,0,-0.00061,-0.00051,0.0001,0.00018,0,0,-1e-05,-1e-05,0.00073,-0.00032,-0.00055,-0,0.00014,0,2e-05,0.0003,-0,-0.00391,-0.00021,-0.0005,0.00047,-0.00138,0.00433,-0.00084,-0.00095,0.00049,6e-05,-0.0002
7.26,-0.00261,-0.00586,-0.00313,0.00065,-0.00054,1e-05,-0.00076,-0.00063,5e-05,0.00015,0,0,-1e-05,4e-05,0.00024,-0.00028,-0.00044,0,0.00013,0,-0.00015,0.00012,-8e-05,-0.00388,-0.00019,-0.00047,0.00046,-0.0019,0.00432,-0.00137,-0.001,0.00066,7e-05,-0.00018
7.28,-0.00234,-0.00574,-0.00272,0.00066,-0.00056,1e-05,-0.00088,-0.00069,0,0.0001,0,0,-1e-05,3e-05,-0.00024,-0.00024,-0.00032,1e-05,0.00011,1e-05,-0.00052,-2e-05,-0.00024,-0.00367,-0.00017,-0.00043,0.00043,-0.00255,0.00403,-0.00186,-0.00101,0.0008,7e-05,-0.00011
7.3,-0.0018,-0.00525,-0.00227,0.00066,-0.00053,1e-05,-0.00097,-0.00071,-3e-05,2e-05,1e-05,0,-1e-05,-4e-05,-0.00067,-0.00021,-0.0002,1e-05,8e-05,1e-05,-0.00108,-0.0001,-0.00044,-0.00329,-0.00018,-0.0004,0.00037,-0.00328,0.00342,-0.00217,-0.00096,0.0009,8e-05,-3e-05
7.32,-0.001,-0.00447,-0.00181,0.00063,-0.00048,1e-05,-0.00103,-0.00069,-4e-05,-8e-05,1e-05,0,-1e-05,-0.00018,-0.00102,-0.00017,-0.00011,1e-05,5e-05,0,-0.00171,-0.0001,-0.0006,-0.00275,-0.00022,-0.00039,0.0003,-0.004,0.00256,-0.00212,-0.00087,0.00094,7e-05,5e-05
7.34,3e-05,-0.00352,-0.0014,0.00057,-0.00041,1e-05,-0.00104,-0.00066,-5e-05,-0.00017,1e-05,0,-1e-05,-0.00036,-0.00129,-0.00014,-4e-05,1e-05,1e-05,0,-0.00234,-5e-05,-0.0007,-0.00206,-0.00029,-0.0004,0.00023,-0.00462,0.00159,-0.00177,-0.00081,0.0009,6e-05,0.00013
7.36,0.00126,-0.0025,-0.00105,0.00049,-0.00033,0,-0.00101,-0.00062,-5e-05,-0.00026,1e-05,0,-1e-05,-0.00057,-0.0015,-0.00012,0,1e-05,-4e-05,0,-0.0029,2e-05,-0.00071,-0.00124,-0.00041,-0.00043,0.00017,-0.00516,0.00066,-0.00129,-0.00077,0.00081,5e-05,0.00018
7.38,0.00267,-0.00148,-0.00076,0.00039,-0.00026,0,-0.00094,-0.00056,-3e-05,-0.00035,1e-05,1e-05,-1e-05,-0.00078,-0.00164,-0.0001,1e-05,0,-9e-05,-0,-0.00327,4e-05,-0.00064,-0.00036,-0.00058,-0.00048,0.00011,-0.00557,-2e-05,-0.00074,-0.00074,0.00067,3e-05,0.00022
7.4,0.00416,-0.00051,-0.00051,0.00027,-0.0002,0,-0.00083,-0.0005,-1e-05,-0.00045,1e-05,1e-05,-1e-05,-0.00099,-0.00171,-8e-05,0,-0,-0.00013,-1e-05,-0.00335,1e-05,-0.00051,0.00052,-0.0008,-0.00055,7e-05,-0.00591,-0.00033,-0.0003,-0.00073,0.00049,2e-05,0.00022
7.42,0.00557,0.00035,-0.00031,0.00015,-0.00014,-0,-0.0007,-0.00041,2e-05,-0.00055,1e-05,1e-05,-1e-05,-0.00117,-0.00169,-6e-05,-2e-05,-0,-0.00017,-1e-05,-0.00303,-9e-05,-0.00036,0.0014,-0.00106,-0.00061,4e-05,-0.00617,-0.00013,-7e-05,-0.00074,0.0003,1e-05,0.00019
7.44,0.00683,0.00109,-0.00015,2e-05,-9e-05,-0,-0.00054,-0.0003,6e-05,-0.00067,1e-05,1e-05,-1e-05,-0.0013,-0.00159,-4e-05,-3e-05,1e-05,-0.00019,-2e-05,-0.00234,-0.00026,-0.0002,0.00228,-0.00135,-0.00067,1e-05,-0.00632,0.00055,4e-05,-0.00075,0.00015,0,0.00015
7.46,0.00795,0.00169,-3e-05,-0.0001,-6e-05,-0,-0.00036,-0.0002,0.0001,-0.00081,1e-05,1e-05,-1e-05,-0.00139,-0.00144,-3e-05,-4e-05,2e-05,-0.00019,-3e-05,-0.00135,-0.00052,-5e-05,0.0031,-0.00166,-0.00072,-1e-05,-0.00635,0.00146,0.00011,-0.00077,6e-05,-0,9e-05
7.48,0.00883,0.00212,5e-05,-0.00021,-3e-05,-0,-0.00017,-0.0001,0.00013,-0.00096,1e-05,1e-05,-1e-05,-0.00143,-0.00123,-1e-05,-3e-05,4e-05,-0.00019,-3e-05,-0.0002,-0.00084,7e-05,0.00378,-0.00197,-0.00076,-2e-05,-0.00628,0.00247,0.00012,-0.00083,2e-05,0,4e-05
7.5,0.00945,0.00237,8e-05,-0.00031,-1e-05,-0,1e-05,-2e-05,0.00016,-0.00111,0,0,-0,-0.00142,-0.00101,-0,-1e-05,6e-05,-0.00018,-4e-05,0.00083,-0.00102,0.00013,0.0045,-0.0022,-0.00075,-4e-05,-0.00603,0.00347,0.00011,-0.00095,3e-05,1e-05,-2e-05
7.52,0.00976,0.00243,9e-05,-0.00038,1e-05,-0,0.00019,4e-05,0.00019,-0.00126,0,0,-0,-0.00136,-0.00083,1e-05,5e-05,8e-05,-0.00017,-4e-05,0.00179,-0.00086,0.00012,0.00561,-0.00219,-0.00066,-5e-05,-0.00552,0.0044,9e-05,-0.00113,5e-05,2e-05,-7e-05
7.54,0.0097,0.00231,8e-05,-0.00043,2e-05,-0,0.00036,8e-05,0.0002,-0.00139,0,0,-0,-0.00128,-0.00065,1e-05,0.00013,0.0001,-0.00015,-4e-05,0.00258,-0.00045,9e-05,0.0068,-0.00202,-0.00053,-6e-05,-0.0049,0.00522,6e-05,-0.00135,8e-05,3e-05,-0.00013
7.56,0.00928,0.00208,6e-05,-0.00043,2e-05,-0,0.00051,9e-05,0.00021,-0.0015,-0,-0,-0,-0.00118,-0.00047,1e-05,0.00021,0.00011,-0.00013,-4e-05,0.00282,7e-05,6e-05,0.00764,-0.0018,-0.0004,-7e-05,-0.00427,0.00584,1e-05,-0.00161,0.00012,3e-05,-0.00018
7.58,0.00853,0.00184,5e-05,-0.0004,2e-05,-0,0.00066,9e-05,0.00021,-0.00158,-0,-0,-0,-0.00106,-0.00031,1e-05,0.00028,0.00011,-0.00011,-3e-05,0.00226,0.00067,3e-05,0.00817,-0.0015,-0.00027,-7e-05,-0.00369,0.00627,-5e-05,-0.00187,0.00014,4e-05,-0.00023
7.6,0.00757,0.0015,4e-05,-0.00034,1e-05,-0,0.00079,7e-05,0.00021,-0.00165,-0,-0,0,-0.00094,-0.00017,1e-05,0.00034,0.0001,-0.0001,-3e-05,0.00134,0.00123,-1e-05,0.00816,-0.00121,-0.00017,-6e-05,-0.00318,0.00642,-0.00013,-0.0021,0.00016,5e-05,-0.00028
7.62,0.00655,0.00098,5e-05,-0.00026,1e-05,-0,0.0009,4e-05,0.00021,-0.00169,-0,-0,0,-0.00082,-7e-05,1e-05,0.00036,8e-05,-8e-05,-2e-05,0.00088,0.00155,-5e-05,0.0075,-0.00097,-0.00014,-4e-05,-0.00271,0.0062,-0.00021,-0.00224,0.00018,5e-05,-0.00032
7.64,0.00552,0.00047,6e-05,-0.00016,0,0,0.001,1e-05,0.0002,-0.00171,-0,-0,0,-0.0007,1e-05,1e-05,0.00036,6e-05,-7e-05,-2e-05,0.00058,0.00154,-8e-05,0.00646,-0.00074,-0.00012,-1e-05,-0.00232,0.00578,-0.00029,-0.0023,0.00018,5e-05,-0.00036
7.66,0.00453,0.00011,8e-05,-5e-05,-0,0,0.00108,-1e-05,0.0002,-0.00171,-0,-0,0,-0.00059,7e-05,0,0.00034,4e-05,-5e-05,-1e-05,0,0.00116,-9e-05,0.00526,-0.00051,-9e-05,3e-05,-0.00202,0.00527,-0.00038,-0.0023,0.00018,5e-05,-0.00039
7.68,0.00363,-0.00013,0.0001,6e-05,-1e-05,1e-05,0.00115,-4e-05,0.00019,-0.00169,-0,-0,0,-0.00048,0.00011,0,0.00031,3e-05,-4e-05,-1e-05,-0.00056,0.00044,-4e-05,0.00401,-0.00028,-7e-05,8e-05,-0.00179,0.00469,-0.00047,-0.00226,0.00019,5e-05,-0.00041
7.7,0.00286,-0.00027,0.00011,0.00017,-1e-05,1e-05,0.00121,-5e-05,0.00019,-0.00167,-0,-0,1e-05,-0.00039,0.00015,-0,0.00026,2e-05,-3e-05,-1e-05,-0.0008,-0.00049,0.0001,0.00269,-8e-05,-4e-05,0.00013,-0.00159,0.00402,-0.00055,-0.00218,0.00019,4e-05,-0.00042
7.72,0.00224,-0.00034,0.00011,0.00027,-1e-05,1e-05,0.00124,-6e-05,0.00018,-0.00164,-0,-0,1e-05,-0.0003,0.00019,0,0.00018,1e-05,-2e-05,-0,-0.0006,-0.00137,0.00036,0.00134,9e-05,-2e-05,0.00017,-0.00141,0.00325,-0.0006,-0.00208,0.0002,4e-05,-0.00042
7.74,0.00173,-0.00036,0.00011,0.00035,-1e-05,1e-05,0.00126,-6e-05,0.00018,-0.0016,-0,-0,1e-05,-0.00022,0.00022,0,0.0001,1e-05,-1e-05,0,-0.00013,-0.00201,0.00073,-5e-05,0.00026,0,0.0002,-0.00127,0.00252,-0.00063,-0.00197,0.00021,4e-05,-0.00041
7.76,0.00134,-0.00035,0.00011,0.00041,-1e-05,1e-05,0.00127,-6e-05,0.00017,-0.00156,-0,-0,1e-05,-0.00014,0.00026,1e-05,3e-05,0,0,0,0.0006,-0.00238,0.00118,-0.00157,0.00041,3e-05,0.0002,-0.00117,0.00191,-0.00065,-0.00182,0.00023,4e-05,-0.00039
7.78,0.00104,-0.00032,0.00011,0.00046,-1e-05,1e-05,0.00126,-6e-05,0.00016,-0.00152,-0,-0,1e-05,-6e-05,0.0003,0,-3e-05,0,1e-05,1e-05,0.00153,-0.00244,0.00166,-0.00318,0.00053,5e-05,0.00017,-0.00111,0.0014,-0.00067,-0.00165,0.00026,4e-05,-0.00035
7.8,0.00083,-0.00029,0.00011,0.0005,-1e-05,1e-05,0.00124,-5e-05,0.00016,-0.00149,-0,-0,1e-05,3e-05,0.00033,0,-9e-05,-0,2e-05,1e-05,0.00246,-0.00226,0.00207,-0.00486,0.00062,7e-05,0.0001,-0.00109,0.00095,-0.00068,-0.00147,0.00029,5e-05,-0.00031
7.82,0.00069,-0.00024,0.00013,0.00051,-0,1e-05,0.00121,-5e-05,0.00015,-0.00145,0,-0,2e-05,0.00011,0.00036,-0,-0.00014,-0,2e-05,1e-05,0.00317,-0.00189,0.0023,-0.0065,0.00069,9e-05,2e-05,-0.0011,0.00057,-0.00068,-0.00129,0.00034,6e-05,-0.00026
7.84,0.00062,-0.0002,0.00015,0.00051,0,0,0.00118,-5e-05,0.00015,-0.00143,0,-0,2e-05,0.00018,0.00039,0,-0.00018,-0,2e-05,1e-05,0.0035,-0.00137,0.00225,-0.00803,0.00073,0.0001,-9e-05,-0.00115,0.00024,-0.00068,-0.00108,0.00039,7e-05,-0.0002
7.86,0.00061,-0.00013,0.00017,0.00049,0,0,0.00114,-6e-05,0.00016,-0.00141,0,-0,2e-05,0.00025,0.00039,1e-05,-0.00022,-0,3e-05,1e-05,0.00345,-0.0008,0.0019,-0.00944,0.00075,0.00011,-0.00019,-0.00123,-4e-05,-0.00069,-0.00083,0.00046,9e-05,-0.00013
7.88,0.00064,-4e-05,0.00019,0.00046,-0,-0,0.0011,-7e-05,0.00017,-0.0014,0,-0,2e-05,0.0003,0.00038,2e-05,-0.00024,-0,3e-05,1e-05,0.00306,-0.00029,0.00124,-0.01059,0.00076,0.00012,-0.0003,-0.00132,-0.00032,-0.00072,-0.00056,0.00052,0.00012,-7e-05
7.9,0.0007,9e-05,0.0002,0.00043,-1e-05,-0,0.00107,-8e-05,0.00018,-0.00139,1e-05,-0,3e-05,0.00033,0.00035,3e-05,-0.00026,-0,3e-05,1e-05,0.00233,5e-05,0.00045,-0.01147,0.00076,0.00013,-0.0004,-0.00143,-0.00061,-0.00073,-0.00026,0.00059,0.00015,0
7.92,0.0008,0.00027,0.0002,0.0004,-4e-05,-1e-05,0.00104,-8e-05,0.00018,-0.00139,1e-05,-0,3e-05,0.00034,0.00032,4e-05,-0.00027,-0,3e-05,1e-05,0.00138,0.00017,-0.00015,-0.01211,0.00075,0.00013,-0.00047,-0.00157,-0.00093,-0.00068,5e-05,0.00067,0.0002,7e-05
7.94,0.00093,0.00051,0.00018,0.00037,-6e-05,-1e-05,0.00103,-8e-05,0.00018,-0.00138,1e-05,-0,4e-05,0.00033,0.00028,6e-05,-0.00028,-0,3e-05,1e-05,0.00055,0.00015,-0.00043,-0.0124,0.00073,0.00014,-0.00052,-0.0017,-0.00128,-0.00059,0.00039,0.00075,0.00025,0.00013
7.96,0.00109,0.00081,0.00015,0.00034,-9e-05,-1e-05,0.00104,-7e-05,0.00017,-0.00138,1e-05,-0,4e-05,0.00029,0.00022,7e-05,-0.00027,-0,3e-05,1e-05,2e-05,9e-05,-0.00038,-0.01222,0.0007,0.00014,-0.00056,-0.00178,-0.00169,-0.00049,0.00075,0.00082,0.00031,0.00019
7.98,0.00129,0.00117,0.0001,0.00031,-0.00011,-1e-05,0.00108,-6e-05,0.00015,-0.00138,1e-05,-0,4e-05,0.00023,0.00017,7e-05,-0.00025,-0,3e-05,1e-05,-0.00022,3e-05,5e-05,-0.01146,0.00065,0.00014,-0.00058,-0.00177,-0.00215,-0.00036,0.00111,0.00088,0.00037,0.00024
8,0.00154,0.00156,6e-05,0.00029,-0.00013,-1e-05,0.00114,-4e-05,0.00012,-0.00139,1e-05,-0,4e-05,0.00015,0.00012,7e-05,-0.00023,-0,3e-05,1e-05,-0.00023,-1e-05,0.00067,-0.01028,0.00059,0.00013,-0.00059,-0.00167,-0.00264,-0.00021,0.0015,0.00092,0.00043,0.00028
8.02,0.00181,0.00191,3e-05,0.00027,-0.00012,-1e-05,0.00125,-1e-05,9e-05,-0.0014,1e-05,-0,4e-05,5e-05,8e-05,6e-05,-0.00021,-0,2e-05,0,-0.00015,-0.00015,0.00114,-0.00888,0.00052,0.00012,-0.00059,-0.00148,-0.00311,-8e-05,0.00203,0.00093,0.0005,0.00031
8.04,0.00211,0.00217,1e-05,0.00025,-0.00011,-1e-05,0.0014,-0,5e-05,-0.00142,1e-05,-0,4e-05,-4e-05,6e-05,4e-05,-0.00018,-0,2e-05,0,0.00053,-0.00028,0.0006,-0.00667,0.00028,2e-05,-0.0005,-0.00113,-0.00356,4e-05,0.0027,0.0009,0.00056,0.00031
8.06,0.0024,0.0023,1e-05,0.00024,-9e-05,-1e-05,0.0016,0,2e-05,-0.00145,1e-05,-0,4e-05,-0.00012,6e-05,3e-05,-0.00015,-0,2e-05,0,0.00194,-7e-05,-0.00034,-0.00437,1e-05,-8e-05,-0.00033,-0.00056,-0.00396,0.00013,0.00343,0.00079,0.00058,0.00029
8.08,0.00265,0.00223,4e-05,0.00024,-7e-05,-1e-05,0.00181,-1e-05,-2e-05,-0.00149,1e-05,-0,3e-05,-0.0002,8e-05,1e-05,-0.00011,-0,2e-05,-0,0.00411,0.00103,-0.00092,-0.00241,-0.00015,-9e-05,-8e-05,0.00021,-0.00427,0.00021,0.00424,0.00061,0.00055,0.00024
8.1,0.00273,0.00197,8e-05,0.00024,-5e-05,-1e-05,0.00205,-3e-05,-5e-05,-0.00153,1e-05,0,3e-05,-0.00027,0.00011,-0,-7e-05,-0,1e-05,-0,0.00699,0.00404,-0.00076,-0.00062,-9e-05,7e-05,0.00021,0.00116,-0.00451,0.00019,0.00522,0.00033,0.00046,0.00016
8.12,0.00251,0.00158,0.00012,0.00025,-3e-05,-1e-05,0.00232,-6e-05,-6e-05,-0.00156,1e-05,0,3e-05,-0.00032,0.00015,-1e-05,-3e-05,-0,1e-05,-0,0.01001,0.00986,0.00076,0.00054,0.00027,0.00044,0.00048,0.00219,-0.00464,6e-05,0.00647,-4e-05,0.0003,6e-05
8.14,0.00195,0.00101,0.00018,0.00027,-2e-05,-0,0.00259,-6e-05,-6e-05,-0.00159,0,0,2e-05,-0.00037,0.00018,-1e-05,1e-05,-0,1e-05,-1e-05,0.01304,0.01837,0.00447,-0.00057,0.00093,0.00102,0.00072,0.00314,-0.00464,-6e-05,0.00791,-0.0005,7e-05,-4e-05
8.16,0.00105,0.00017,0.00024,0.00029,-1e-05,-0,0.00284,-6e-05,-5e-05,-0.00159,0,0,2e-05,-0.00042,0.0002,-1e-05,5e-05,0,0,-1e-05,0.01654,0.02889,0.01039,-0.00433,0.00179,0.00174,0.00092,0.00373,-0.00448,-9e-05,0.00939,-0.00101,-0.00022,-0.00012
8.18,-0.00017,-0.00088,0.00029,0.00032,-0,-0,0.00307,-4e-05,-3e-05,-0.00159,0,0,1e-05,-0.0005,0.00019,0,9e-05,1e-05,-0,-1e-05,0.02033,0.04004,0.0181,-0.01074,0.00268,0.00246,0.00101,0.00343,-0.00402,2e-05,0.01078,-0.00158,-0.00057,-0.00019
8.2,-0.00158,-0.00208,0.00032,0.00034,0,-0,0.00328,-0,-2e-05,-0.00157,-0,0,1e-05,-0.00057,0.00014,1e-05,0.00012,1e-05,-1e-05,-1e-05,0.02427,0.04954,0.0263,-0.01787,0.0034,0.00298,0.00091,0.00264,-0.0033,0.00027,0.01201,-0.00206,-0.00088,-0.00024
8.22,-0.00314,-0.00332,0.00032,0.00036,1e-05,-0,0.00341,4e-05,0,-0.00153,-0,0,0,-0.00057,6e-05,2e-05,0.00015,1e-05,-2e-05,-1e-05,0.02824,0.05468,0.03287,-0.0224,0.00382,0.0031,0.00058,0.00298,-0.00213,0.00064,0.01288,-0.0022,-0.0009,-0.00024
8.24,-0.00474,-0.00449,0.00028,0.00036,1e-05,-0,0.00351,8e-05,2e-05,-0.00148,-0,0,-0,-0.00053,-6e-05,2e-05,0.00018,2e-05,-3e-05,-1e-05,0.03147,0.05452,0.03648,-0.02336,0.00381,0.00278,4e-05,0.00434,-0.00034,0.00089,0.01267,-0.00209,-0.00073,-0.00022
8.26,-0.0061,-0.00548,0.00019,0.00034,2e-05,0,0.0036,0.0001,3e-05,-0.00142,-0,0,-1e-05,-0.0005,-0.0002,1e-05,0.0002,2e-05,-4e-05,-1e-05,0.0331,0.04982,0.03701,-0.02025,0.00332,0.00211,-0.00061,0.0058,0.0017,0.00066,0.01125,-0.00189,-0.00054,-0.00019
8.28,-0.00717,-0.00606,7e-05,0.0003,3e-05,0,0.00366,0.0001,4e-05,-0.00135,-0,0,-1e-05,-0.00046,-0.00035,-0,0.00022,2e-05,-4e-05,-0,0.03239,0.04134,0.03481,-0.01281,0.00245,0.0012,-0.00125,0.0075,0.00346,-0.00025,0.00904,-0.00159,-0.00033,-0.00015
8.3,-0.00784,-0.0064,-6e-05,0.00026,5e-05,0,0.00367,7e-05,5e-05,-0.00127,-0,0,-1e-05,-0.00042,-0.00048,-2e-05,0.00023,2e-05,-5e-05,-0,0.02831,0.0314,0.03011,-0.00193,0.00135,0.00029,-0.00174,0.00944,0.00428,-0.00187,0.00633,-0.0013,-0.00021,-0.00011
8.32,-0.00803,-0.00664,-0.00016,0.00023,7e-05,0,0.00366,2e-05,4e-05,-0.00117,-0,0,-1e-05,-0.00042,-0.00056,-3e-05,0.00024,1e-05,-5e-05,-0,0.02006,0.02236,0.02409,0.00973,0.00022,-0.00053,-0.00203,0.01164,0.00392,-0.00379,0.00374,-0.00109,-0.00021,-9e-05
8.34,-0.00787,-0.0064,-0.0002,0.0002,0.0001,0,0.00356,-4e-05,4e-05,-0.00106,-0,0,-1e-05,-0.00043,-0.00059,-4e-05,0.00024,1e-05,-6e-05,-0,0.00926,0.01449,0.01822,0.01925,-0.00078,-0.00124,-0.00205,0.01354,0.00282,-0.00572,0.0018,-0.00088,-0.00023,-7e-05
8.36,-0.00751,-0.00556,-0.00017,0.00019,0.00014,0,0.00338,-0.00011,3e-05,-0.00095,-0,0,-1e-05,-0.00044,-0.00056,-3e-05,0.00023,1e-05,-5e-05,-0,-0.00154,0.0081,0.0132,0.02519,-0.00152,-0.0017,-0.00179,0.01452,0.00133,-0.00752,0.00054,-0.00064,-0.00021,-6e-05
8.38,-0.00702,-0.0043,-9e-05,0.00018,0.00018,0,0.00314,-0.00017,1e-05,-0.00083,-0,0,-1e-05,-0.00045,-0.00049,-2e-05,0.00023,0,-5e-05,-0,-0.01089,0.00359,0.00906,0.02694,-0.0019,-0.0019,-0.00134,0.01474,-0.00028,-0.00896,-0.00033,-0.0004,-0.00017,-5e-05
8.4,-0.00647,-0.00272,3e-05,0.00019,0.00022,-0,0.00284,-0.00023,0,-0.00072,-0,-0,-0,-0.00047,-0.00041,-1e-05,0.00022,0,-4e-05,-0,-0.0167,0.00081,0.00575,0.02472,-0.00193,-0.00182,-0.00082,0.01401,-0.0018,-0.00982,-0.0012,-0.00018,-0.00012,-4e-05
8.42,-0.00593,-0.00097,0.00015,0.0002,0.00023,-0,0.00251,-0.00026,-1e-05,-0.00063,-0,-0,-0,-0.00051,-0.00033,0,0.00022,0,-4e-05,-0,-0.01813,-0.00052,0.0033,0.01964,-0.00169,-0.00151,-0.00039,0.01224,-0.0032,-0.01003,-0.00241,1e-05,-6e-05,-1e-05
8.44,-0.00535,0.00082,0.00023,0.00021,0.00023,-1e-05,0.00217,-0.00028,-2e-05,-0.00056,-0,-0,-0,-0.00055,-0.00027,2e-05,0.00022,0,-3e-05,-0,-0.01681,-0.00088,0.00163,0.01361,-0.00125,-0.00111,-9e-05,0.00981,-0.0045,-0.00967,-0.0042,0.00017,-1e-05,5e-05
8.46,-0.00471,0.00259,0.00027,0.00022,0.00021,-1e-05,0.00186,-0.00028,-2e-05,-0.0005,-0,-0,-0,-0.00061,-0.00024,3e-05,0.00023,0,-3e-05,-0,-0.01405,-0.00076,0.00058,0.00807,-0.00072,-0.00071,0.00011,0.0072,-0.00555,-0.00881,-0.00668,0.00029,3e-05,0.00012
8.48,-0.00398,0.00426,0.00027,0.00023,0.00016,-1e-05,0.00158,-0.00027,-2e-05,-0.00046,-0,-0,-1e-05,-0.00068,-0.00024,6e-05,0.00024,1e-05,-3e-05,-0,-0.01052,-0.00048,-1e-05,0.00374,-0.00021,-0.00035,0.0002,0.00465,-0.00628,-0.00755,-0.00964,0.00037,5e-05,0.0002
8.5,-0.00306,0.00575,0.00024,0.00024,0.0001,-1e-05,0.00132,-0.00025,-1e-05,-0.00043,-0,-0,-1e-05,-0.00076,-0.00026,8e-05,0.00026,1e-05,-2e-05,-0,-0.00709,-0.0002,-0.00028,0.00103,0.00021,-7e-05,0.00024,0.00238,-0.00659,-0.00605,-0.01278,0.0004,7e-05,0.00027
8.52,-0.00192,0.00697,0.00018,0.00024,4e-05,-1e-05,0.00109,-0.00021,-1e-05,-0.00042,-0,-0,-1e-05,-0.00084,-0.00029,0.0001,0.00028,1e-05,-2e-05,-0,-0.0043,-0,-0.00037,-0.00018,0.00049,0.00012,0.00023,0.00059,-0.00642,-0.00449,-0.01557,0.00038,7e-05,0.00036
8.54,-0.00053,0.0079,0.00011,0.00023,-3e-05,-1e-05,0.00089,-0.00016,-0,-0.00042,-0,-0,-1e-05,-0.00093,-0.00034,0.00013,0.0003,1e-05,-2e-05,-0,-0.00287,0.0001,-0.00033,-0.00012,0.00056,0.0002,0.00019,-0.00055,-0.00571,-0.00305,-0.01748,0.00034,7e-05,0.00044
8.56,0.00112,0.00853,4e-05,0.00022,-9e-05,-1e-05,0.00071,-0.00011,0,-0.00043,-0,-0,-1e-05,-0.00099,-0.0004,0.00016,0.00031,1e-05,-2e-05,-0,-0.00341,9e-05,-0.00019,0.00046,0.00042,0.00016,0.00013,-0.00113,-0.00454,-0.00188,-0.01816,0.00028,6e-05,0.00047
8.58,0.00305,0.00888,-3e-05,0.00019,-0.00013,-1e-05,0.00057,-7e-05,1e-05,-0.00044,-0,-0,-2e-05,-0.00102,-0.00046,0.00018,0.00032,1e-05,-2e-05,-0,-0.0038,6e-05,-3e-05,0.00103,0.00021,0.00011,7e-05,-0.00135,-0.00302,-0.00102,-0.01732,0.0002,4e-05,0.00045
8.6,0.0052,0.00898,-0.0001,0.00015,-0.00016,-1e-05,0.00045,-3e-05,1e-05,-0.00046,-0,-0,-2e-05,-0.00103,-0.00054,0.0002,0.00033,1e-05,-2e-05,-0,-0.00385,1e-05,9e-05,0.00158,-8e-05,3e-05,0,-0.0014,-0.00146,-0.0005,-0.01558,0.00013,3e-05,0.00038
8.62,0.00728,0.00885,-0.00017,9e-05,-0.00018,-1e-05,0.00036,0,2e-05,-0.00048,-0,-0,-2e-05,-0.001,-0.0006,0.00022,0.00033,2e-05,-2e-05,-0,-0.00339,-5e-05,0.00014,0.00213,-0.00043,-5e-05,-8e-05,-0.00128,-0.00024,-0.00023,-0.01371,5e-05,2e-05,0.00025
8.64,0.00917,0.00854,-0.00024,4e-05,-0.00018,-1e-05,0.0003,1e-05,3e-05,-0.00049,-0,0,-2e-05,-0.00092,-0.00065,0.00022,0.00034,2e-05,-2e-05,-1e-05,-0.00243,-0.00015,0.00016,0.00268,-0.00084,-0.00015,-0.00018,-0.00106,0.00064,-0.00011,-0.01151,-1e-05,1e-05,0.0001
8.66,0.01084,0.00812,-0.00032,-1e-05,-0.00017,-1e-05,0.00027,1e-05,3e-05,-0.00049,-0,0,-3e-05,-0.00079,-0.00069,0.00021,0.00034,1e-05,-1e-05,-1e-05,-0.00105,-0.00028,0.00014,0.00318,-0.00128,-0.00024,-0.00029,-0.00092,0.00127,-5e-05,-0.00895,-6e-05,0,-3e-05
8.68,0.01216,0.00758,-0.00039,-6e-05,-0.00015,-1e-05,0.00027,-0,3e-05,-0.00048,-0,0,-3e-05,-0.00061,-0.00071,0.00018,0.00034,1e-05,-1e-05,-0,0.00058,-0.00053,8e-05,0.00353,-0.00175,-0.00032,-0.00042,-0.00089,0.00168,-3e-05,-0.0064,-9e-05,-0,-0.00016
8.7,0.01302,0.00696,-0.00044,-0.0001,-0.00012,-1e-05,0.0003,-3e-05,3e-05,-0.00047,-0,0,-3e-05,-0.00041,-0.00072,0.00015,0.00033,1e-05,-1e-05,-0,0.0021,-0.00059,-2e-05,0.00411,-0.00214,-0.00039,-0.00055,-0.0009,0.00187,-2e-05,-0.00435,-0.0001,-1e-05,-0.00028
8.72,0.01329,0.00622,-0.00044,-0.00012,-0.0001,-1e-05,0.00036,-7e-05,3e-05,-0.00046,-0,0,-3e-05,-0.00022,-0.0007,0.00011,0.00029,1e-05,-1e-05,-0,0.00355,-6e-05,-9e-05,0.00558,-0.00224,-0.0004,-0.00065,-0.00089,0.00189,-1e-05,-0.00301,-9e-05,-1e-05,-0.00039
8.74,0.01294,0.00531,-0.0004,-0.00014,-8e-05,-1e-05,0.00046,-9e-05,3e-05,-0.00044,-0,0,-3e-05,-5e-05,-0.00065,7e-05,0.00023,1e-05,-1e-05,-0,0.00463,0.00065,-0.00011,0.00742,-0.00214,-0.00037,-0.00072,-0.00088,0.00188,0,-0.00212,-7e-05,-2e-05,-0.00048
8.76,0.01204,0.0043,-0.00031,-0.00014,-6e-05,-0,0.00058,-0.00012,2e-05,-0.00042,-0,0,-3e-05,0.0001,-0.00059,3e-05,0.00015,0,-1e-05,0,0.00468,0.00117,-9e-05,0.00895,-0.00195,-0.00031,-0.00075,-0.00097,0.00188,2e-05,-0.00157,-3e-05,-2e-05,-0.00056
8.78,0.01063,0.00326,-0.0002,-0.00012,-5e-05,-0,0.00072,-0.00013,1e-05,-0.00039,-0,0,-2e-05,0.00019,-0.00051,0,4e-05,0,-0,0,0.00334,0.00152,-3e-05,0.01014,-0.00166,-0.00024,-0.00076,-0.00115,0.00188,5e-05,-0.00135,3e-05,-1e-05,-0.00063
8.8,0.00904,0.00224,-9e-05,-0.00011,-4e-05,0,0.00087,-0.00013,0,-0.00036,-0,0,-2e-05,0.00024,-0.00044,-1e-05,-0.0001,-0,-0,0,0.00133,0.00175,6e-05,0.01046,-0.00135,-0.00017,-0.00071,-0.00127,0.00184,7e-05,-0.00132,9e-05,-1e-05,-0.00066
8.82,0.00759,0.00132,-0,-8e-05,-3e-05,0,0.00101,-0.00012,-1e-05,-0.00032,-0,0,-1e-05,0.00024,-0.00038,-1e-05,-0.00025,-1e-05,0,0,0.00013,0.00185,0.00017,0.00962,-0.00108,-0.00013,-0.0006,-0.00111,0.00175,7e-05,-0.00132,0.00016,-1e-05,-0.0006
8.84,0.0062,0.0006,5e-05,-6e-05,-3e-05,1e-05,0.00112,-0.0001,-2e-05,-0.00027,-0,0,-1e-05,0.00022,-0.00034,-0,-0.00039,-1e-05,1e-05,1e-05,-0.00061,0.00176,0.00031,0.008,-0.00083,-0.0001,-0.00046,-0.00084,0.00161,3e-05,-0.00131,0.00022,-0,-0.00051
8.86,0.00486,0.00011,5e-05,-3e-05,-2e-05,1e-05,0.00119,-6e-05,-2e-05,-0.00022,-0,0,-1e-05,0.00019,-0.00031,2e-05,-0.00052,-1e-05,1e-05,1e-05,-0.00142,0.00151,0.00046,0.00603,-0.00057,-7e-05,-0.00032,-0.00063,0.00141,-8e-05,-0.00128,0.00028,1e-05,-0.0004
8.88,0.00367,-0.00019,1e-05,-0,-1e-05,1e-05,0.00121,-3e-05,-3e-05,-0.00017,-0,0,-0,0.00016,-0.00031,4e-05,-0.00063,-1e-05,1e-05,1e-05,-0.00178,0.0012,0.00065,0.00401,-0.00033,-4e-05,-0.00018,-0.00038,0.00113,-0.00027,-0.00122,0.00033,1e-05,-0.00028
8.9,0.00267,-0.00031,-7e-05,3e-05,-0,1e-05,0.0012,1e-05,-3e-05,-0.00012,-0,0,0,0.00016,-0.00031,6e-05,-0.00071,-1e-05,1e-05,1e-05,-0.0014,0.00076,0.00081,0.00212,-0.00013,-2e-05,-9e-05,-0.00024,0.00078,-0.0005,-0.00113,0.00038,2e-05,-0.00018
8.92,0.00186,-0.00031,-0.00013,5e-05,-1e-05,1e-05,0.00114,3e-05,-3e-05,-9e-05,-0,0,0,0.00023,-0.0003,6e-05,-0.00074,-1e-05,2e-05,1e-05,-0.00033,0.00028,0.00085,0.00056,4e-05,-1e-05,-2e-05,-0.00032,0.00039,-0.00071,-0.001,0.00041,3e-05,-0.00012
8.94,0.00119,-0.00028,-0.00018,7e-05,-1e-05,1e-05,0.00104,6e-05,-3e-05,-7e-05,-0,0,0,0.00034,-0.00029,6e-05,-0.00073,-1e-05,2e-05,1e-05,0.00106,1e-05,0.00077,-0.00079,0.00023,1e-05,4e-05,-0.00046,2e-05,-0.00086,-0.00085,0.00045,5e-05,-6e-05
8.96,0.00066,-0.00026,-0.0002,9e-05,-2e-05,0,0.00092,7e-05,-3e-05,-4e-05,-0,0,0,0.00047,-0.00026,6e-05,-0.0007,-1e-05,2e-05,1e-05,0.00249,-3e-05,0.00062,-0.00225,0.00041,3e-05,0.00011,-0.00053,-0.0003,-0.00094,-0.00071,0.00049,6e-05,-0
8.98,0.00027,-0.00025,-0.00018,0.0001,-3e-05,0,0.00077,8e-05,-3e-05,-3e-05,-0,0,0,0.00062,-0.00022,4e-05,-0.00064,-1e-05,3e-05,2e-05,0.0038,7e-05,0.0003,-0.00411,0.00059,5e-05,0.00016,-0.00056,-0.00055,-0.00095,-0.00057,0.00054,8e-05,6e-05
9,1e-05,-0.00027,-0.00015,0.0001,-3e-05,0,0.00062,8e-05,-3e-05,-1e-05,-0,0,0,0.00077,-0.00016,3e-05,-0.00057,-1e-05,3e-05,2e-05,0.0048,0.00033,-0.00032,-0.00646,0.00074,6e-05,0.00019,-0.00058,-0.00073,-0.00088,-0.00045,0.00059,0.0001,0.00011
9.02,-0.0001,-0.00032,-0.0001,9e-05,-3e-05,0,0.00048,6e-05,-3e-05,-1e-05,0,0,0,0.00087,-8e-05,1e-05,-0.00049,-1e-05,3e-05,2e-05,0.00604,0.00107,-0.00183,-0.00256,0.00082,3e-05,0.00017,-0.0007,-0.00084,-0.00076,-0.00034,0.00065,0.00013,0.00017
9.04,-9e-05,-0.0004,-5e-05,7e-05,-2e-05,0,0.00036,4e-05,-3e-05,-0,0,0,0,0.00094,1e-05,-0,-0.00041,-1e-05,3e-05,2e-05,0.00647,0.00256,-0.00451,0.01156,0.00063,-8e-05,9e-05,-0.00087,-0.0009,-0.00061,-0.00024,0.00072,0.00017,0.00023
9.06,4e-05,-0.00048,-2e-05,4e-05,-1e-05,0,0.00028,-0,-3e-05,-1e-05,0,0,0,0.00101,0.00012,-1e-05,-0.00033,-1e-05,3e-05,2e-05,0.00526,0.00462,-0.00799,0.02947,0.0001,-0.00025,2e-05,-0.00105,-0.00093,-0.00045,-0.00013,0.00079,0.00021,0.00028
9.08,0.00026,-0.00055,-0,2e-05,-0,0,0.00025,-6e-05,-2e-05,-1e-05,0,0,0,0.00106,0.00023,-1e-05,-0.00026,-1e-05,3e-05,2e-05,0.00288,0.0071,-0.01199,0.04667,-0.00086,-0.00051,-4e-05,-0.00129,-0.00095,-0.00029,0,0.00085,0.00025,0.00032
9.1,0.00055,-0.00059,-0,1e-05,-0,1e-05,0.00028,-0.00014,-1e-05,-3e-05,0,0,0,0.00108,0.00034,-1e-05,-0.00019,-1e-05,3e-05,1e-05,0.00014,0.01015,-0.01641,0.05702,-0.00228,-0.00083,-7e-05,-0.00159,-0.00098,-0.00015,0.00015,0.0009,0.00029,0.00034
9.12,0.0009,-0.00057,1e-05,-0,-1e-05,1e-05,0.00035,-0.00021,1e-05,-4e-05,0,0,0,0.00106,0.00045,-1e-05,-0.00013,-1e-05,3e-05,1e-05,-0.00214,0.01436,-0.0215,0.05386,-0.00407,-0.00121,-6e-05,-0.00193,-0.00101,-6e-05,0.00034,0.00095,0.00033,0.00035
9.14,0.00132,-0.0005,3e-05,-1e-05,-2e-05,1e-05,0.00047,-0.00028,2e-05,-7e-05,0,0,0,0.00101,0.00056,-1e-05,-9e-05,-1e-05,3e-05,0,-0.00358,0.01875,-0.02539,0.03633,-0.00595,-0.00156,2e-05,-0.0023,-0.00107,-1e-05,0.00058,0.00097,0.00037,0.00034
9.16,0.00183,-0.00037,9e-05,-2e-05,-3e-05,1e-05,0.00063,-0.00033,4e-05,-9e-05,1e-05,0,1e-05,0.0009,0.00065,0,-4e-05,-1e-05,3e-05,-0,-0.00461,0.02206,-0.02642,0.00948,-0.00752,-0.00178,0.00015,-0.00268,-0.00117,3e-05,0.00087,0.00096,0.00039,0.0003
9.18,0.00248,-0.00018,0.00016,-3e-05,-4e-05,1e-05,0.0008,-0.00038,6e-05,-0.00011,1e-05,0,1e-05,0.00076,0.00073,1e-05,0,-1e-05,3e-05,-1e-05,-0.00605,0.02365,-0.02355,-0.02198,-0.00845,-0.00179,0.00031,-0.003,-0.00133,4e-05,0.00117,0.0009,0.00039,0.00024
9.2,0.00318,6e-05,0.00025,-4e-05,-5e-05,0,0.00097,-0.00038,7e-05,-0.00013,1e-05,0,1e-05,0.00059,0.0008,2e-05,5e-05,-0,3e-05,-1e-05,-0.00713,0.02312,-0.01894,-0.03394,-0.00824,-0.00153,0.00046,-0.00313,-0.00158,3e-05,0.0015,0.00078,0.00036,0.00015
9.22,0.00378,0.00035,0.00032,-5e-05,-5e-05,0,0.0011,-0.0003,7e-05,-0.00015,1e-05,0,1e-05,0.00041,0.0009,3e-05,0.0001,-0,3e-05,-1e-05,-0.00576,0.0233,-0.01678,-0.01944,-0.00678,-0.00104,0.00061,-0.00293,-0.00199,1e-05,0.00189,0.00059,0.00029,4e-05
9.24,0.00427,0.00067,0.00037,-8e-05,-6e-05,-0,0.00117,-0.00017,6e-05,-0.00016,1e-05,0,1e-05,0.00024,0.00101,4e-05,0.00015,-0,3e-05,-1e-05,-0.00081,0.02409,-0.01413,-0.00376,-0.00456,-0.00044,0.00073,-0.00233,-0.00262,0,0.00228,0.00032,0.00019,-7e-05
9.26,0.00473,0.00099,0.00035,-0.00011,-6e-05,-1e-05,0.00116,-2e-05,6e-05,-0.00016,1e-05,0,1e-05,0.00011,0.0011,5e-05,0.00021,0,3e-05,-1e-05,0.00858,0.02417,-0.00968,0.00522,-0.002,0.00016,0.00073,-0.00127,-0.00352,4e-05,0.0026,-3e-05,4e-05,-0.00018
9.28,0.00507,0.00125,0.00026,-0.00015,-7e-05,-1e-05,0.00106,0.00016,4e-05,-0.00015,1e-05,-0,1e-05,2e-05,0.00119,7e-05,0.00027,1e-05,3e-05,-0,0.02286,0.02363,-0.00452,0.00902,0.00061,0.00069,0.00065,0.00022,-0.0047,0.00012,0.00274,-0.00048,-0.00014,-0.00028
9.3,0.00522,0.00144,0.0001,-0.00019,-8e-05,-2e-05,0.00088,0.00032,3e-05,-0.00014,0,-0,1e-05,-2e-05,0.00125,8e-05,0.00033,1e-05,2e-05,0,0.04037,0.02285,0.00108,0.00757,0.00288,0.00108,0.00045,0.00198,-0.00602,0.00027,0.00296,-0.001,-0.00032,-0.00034
9.32,0.00506,0.00155,-8e-05,-0.00021,-8e-05,-3e-05,0.00065,0.00044,2e-05,-0.00012,0,-0,1e-05,-3e-05,0.00125,9e-05,0.00038,2e-05,2e-05,0,0.05664,0.02217,0.00616,0.00125,0.00439,0.00127,0.0002,0.00406,-0.00704,0.00049,0.00375,-0.00152,-0.00044,-0.00034
9.34,0.00459,0.00145,-0.00025,-0.00021,-8e-05,-3e-05,0.00037,0.00051,2e-05,-0.0001,0,-0,0,-2e-05,0.00121,9e-05,0.00041,3e-05,2e-05,1e-05,0.06885,0.02086,0.00994,-0.00657,0.00491,0.00123,-5e-05,0.00621,-0.00739,0.00077,0.00498,-0.002,-0.00047,-0.00029
9.36,0.00384,0.00105,-0.00035,-0.00019,-8e-05,-4e-05,8e-05,0.00052,1e-05,-8e-05,0,-0,0,-3e-05,0.00113,9e-05,0.00042,4e-05,1e-05,1e-05,0.07729,0.01849,0.01237,-0.01162,0.00451,0.00098,-0.00025,0.00776,-0.00683,0.00099,0.00628,-0.00242,-0.00045,-0.00022
9.38,0.00281,0.0004,-0.00037,-0.00015,-6e-05,-4e-05,-0.00022,0.0005,1e-05,-6e-05,0,-0,0,-8e-05,0.00103,8e-05,0.0004,5e-05,1e-05,1e-05,0.08021,0.01539,0.01342,-0.01293,0.00336,0.00055,-0.00042,0.00788,-0.00513,0.0011,0.00764,-0.00278,-0.0004,-0.00015
9.4,0.00175,-0.00061,-0.00032,-9e-05,-4e-05,-4e-05,-0.0005,0.00042,1e-05,-4e-05,0,-0,0,-0.00019,0.0009,6e-05,0.00036,6e-05,1e-05,1e-05,0.07769,0.01198,0.01273,-0.00855,0.00179,2e-05,-0.00053,0.00723,-0.00232,0.00102,0.0089,-0.00289,-0.00033,-9e-05
9.42,0.00076,-0.00198,-0.00022,-3e-05,-1e-05,-3e-05,-0.00073,0.00031,1e-05,-3e-05,0,-0,0,-0.0003,0.00075,4e-05,0.00032,8e-05,0,0,0.07123,0.00863,0.01028,0.00018,0.0001,-0.00055,-0.00059,0.00754,0.00125,0.00066,0.00979,-0.00251,-0.00027,-7e-05
9.44,-0.00018,-0.00323,-0.00011,1e-05,3e-05,-2e-05,-0.00091,0.0002,2e-05,-2e-05,0,-0,0,-0.00045,0.00061,1e-05,0.00027,9e-05,-0,0,0.06102,0.00566,0.00722,0.00992,-0.00162,-0.00111,-0.00062,0.0081,0.00449,-0,0.00963,-0.00195,-0.00022,-7e-05
9.46,-0.00099,-0.00399,-1e-05,4e-05,6e-05,-1e-05,-0.00103,0.0001,2e-05,-2e-05,0,0,0,-0.00065,0.0005,-0,0.00021,0.0001,-1e-05,-0,0.04771,0.00319,0.00427,0.01984,-0.0032,-0.00164,-0.00063,0.00787,0.00634,-0.00088,0.00834,-0.00143,-0.00019,-7e-05
9.48,-0.00157,-0.00416,7e-05,5e-05,9e-05,-1e-05,-0.0011,2e-05,2e-05,-1e-05,0,0,-0,-0.00088,0.00041,-2e-05,0.00017,0.0001,-1e-05,-0,0.0323,0.00145,0.00169,0.02927,-0.00459,-0.00213,-0.00064,0.00751,0.00645,-0.00193,0.00639,-0.00092,-0.00015,-8e-05
9.5,-0.00191,-0.00384,0.00011,5e-05,0.0001,-1e-05,-0.00111,-5e-05,3e-05,-1e-05,0,0,-0,-0.0011,0.00035,-3e-05,0.00013,0.0001,-1e-05,-0,0.01703,0.00029,-0.00032,0.03745,-0.00578,-0.00259,-0.00064,0.00753,0.00471,-0.00287,0.00416,-0.00056,-0.00012,-0.00011
9.52,-0.00211,-0.00324,0.00012,4e-05,0.00012,-0,-0.00109,-0.0001,3e-05,0,0,0,-0,-0.0013,0.00033,-3e-05,0.0001,9e-05,-1e-05,-0,0.00384,-0.00038,-0.00181,0.0437,-0.00677,-0.00302,-0.00063,0.00816,0.00202,-0.00338,0.00225,-0.00035,-0.0001,-0.00012
9.54,-0.00218,-0.00241,0.00011,3e-05,0.00012,-0,-0.00102,-0.00013,3e-05,1e-05,0,0,-0,-0.00148,0.00034,-3e-05,8e-05,9e-05,-1e-05,-0,-0.00851,-0.00044,-0.0028,0.04807,-0.0076,-0.00345,-0.00062,0.00882,-0.00049,-0.00354,0.00072,-0.00014,-7e-05,-0.00011
9.56,-0.0021,-0.00146,7e-05,2e-05,0.00011,-0,-0.00092,-0.00015,3e-05,1e-05,0,-0,-0,-0.00163,0.00039,-3e-05,8e-05,8e-05,-1e-05,-0,-0.02105,-5e-05,-0.00335,0.05087,-0.00826,-0.00386,-0.00061,0.00912,-0.00237,-0.00349,-0.00078,0.0001,-3e-05,-7e-05
9.58,-0.00194,-0.00055,0,2e-05,0.0001,0,-0.00079,-0.00015,3e-05,2e-05,0,-0,0,-0.00177,0.00046,-2e-05,8e-05,8e-05,-1e-05,-0,-0.03331,0.0006,-0.00355,0.05189,-0.00878,-0.00428,-0.00059,0.00915,-0.00346,-0.0032,-0.0027,0.00032,1e-05,-2e-05
9.6,-0.00173,0.00023,-7e-05,2e-05,8e-05,0,-0.00064,-0.00015,3e-05,3e-05,0,-0,0,-0.00187,0.00053,0,9e-05,8e-05,-1e-05,-0,-0.04511,0.00138,-0.00356,0.05113,-0.00915,-0.00468,-0.00058,0.00856,-0.00394,-0.00272,-0.00532,0.0005,4e-05,4e-05
9.62,-0.00149,0.00086,-0.00016,1e-05,6e-05,0,-0.00049,-0.00015,3e-05,3e-05,1e-05,-0,0,-0.00195,0.0006,3e-05,0.00011,8e-05,-1e-05,-0,-0.05631,0.00226,-0.00354,0.04846,-0.00937,-0.00505,-0.00057,0.00701,-0.0042,-0.00215,-0.00876,0.00062,7e-05,0.00011
9.64,-0.00123,0.00135,-0.00024,1e-05,3e-05,0,-0.00032,-0.00015,2e-05,4e-05,1e-05,-0,0,-0.00199,0.00064,7e-05,0.00013,7e-05,-0,-0,-0.06691,0.00324,-0.00353,0.04347,-0.0094,-0.00534,-0.00055,0.00498,-0.00425,-0.00154,-0.01288,0.00069,9e-05,0.0002
9.66,-0.00097,0.00172,-0.00031,1e-05,0,0,-0.00016,-0.00014,1e-05,4e-05,1e-05,-0,0,-0.00199,0.00065,0.00011,0.00015,7e-05,-0,-0,-0.07674,0.00435,-0.00353,0.03565,-0.00919,-0.00553,-0.00051,0.00308,-0.00396,-0.00096,-0.01727,0.0007,0.0001,0.00028
9.68,-0.00069,0.00199,-0.00035,0,-3e-05,1e-05,-1e-05,-0.00014,0,5e-05,1e-05,-0,0,-0.00195,0.00063,0.00015,0.00016,6e-05,0,-0,-0.08502,0.00569,-0.00357,0.02434,-0.00869,-0.00557,-0.00044,0.00152,-0.00339,-0.00047,-0.02124,0.00066,0.0001,0.00035
9.7,-0.00038,0.00219,-0.00038,0,-5e-05,1e-05,0.00013,-0.00014,-0,5e-05,1e-05,-0,0,-0.00186,0.00057,0.0002,0.00018,6e-05,0,0,-0.09195,0.00733,-0.00371,0.00935,-0.00779,-0.00538,-0.00032,0.00038,-0.00261,-0.00013,-0.02426,0.00057,9e-05,0.00041
9.72,-2e-05,0.00234,-0.0004,0,-6e-05,1e-05,0.00025,-0.00013,-1e-05,5e-05,1e-05,-0,0,-0.00174,0.00049,0.00023,0.0002,5e-05,0,0,-0.09736,0.00932,-0.00396,-0.01052,-0.00635,-0.00493,-0.00011,-0.00016,-0.00175,4e-05,-0.0259,0.00046,8e-05,0.00047
9.74,0.00039,0.00243,-0.00042,-0,-6e-05,1e-05,0.00035,-0.00012,-1e-05,5e-05,1e-05,-0,0,-0.00157,0.00039,0.00026,0.00021,4e-05,0,0,-0.09898,0.01177,-0.00427,-0.03703,-0.00438,-0.00413,0.00023,1e-05,-0.00095,0.0001,-0.02562,0.00033,6e-05,0.0005
9.76,0.00088,0.00247,-0.00043,-0,-5e-05,1e-05,0.00042,-0.00011,-1e-05,4e-05,0,-0,0,-0.00136,0.00028,0.00028,0.00022,3e-05,0,0,-0.09451,0.01481,-0.00459,-0.07098,-0.00186,-0.00291,0.00074,0.00057,-0.00029,9e-05,-0.02331,0.0002,4e-05,0.00049
9.78,0.00147,0.00245,-0.00044,-0,-4e-05,1e-05,0.00047,-0.0001,-1e-05,3e-05,0,-0,0,-0.00109,0.00016,0.00027,0.00023,2e-05,0,0,-0.08221,0.01868,-0.00488,-0.11228,0.00122,-0.00129,0.00144,0.00114,0.0001,6e-05,-0.01914,8e-05,2e-05,0.00044
9.8,0.00212,0.00241,-0.00045,-0,-3e-05,1e-05,0.00048,-9e-05,-0,2e-05,0,-0,-0,-0.0008,4e-05,0.00026,0.00022,1e-05,0,0,-0.06095,0.0225,-0.00513,-0.16253,0.00475,0.00071,0.00233,0.00152,0.00019,4e-05,-0.01469,-3e-05,0,0.00034
9.82,0.00268,0.00236,-0.00047,-1e-05,-2e-05,1e-05,0.00048,-7e-05,-0,1e-05,0,-0,-0,-0.00052,-7e-05,0.00022,0.0002,1e-05,0,0,-0.02941,0.02482,-0.00528,-0.22493,0.00833,0.00287,0.00338,0.00183,0.00014,0,-0.01134,-0.0001,-1e-05,0.00018
9.84,0.00312,0.00226,-0.00049,-2e-05,-1e-05,0,0.00045,-6e-05,-0,-1e-05,0,-0,-0,-0.00023,-0.00016,0.00018,0.00016,-0,1e-05,-0,0.01392,0.02588,-0.00527,-0.29557,0.01153,0.00491,0.00446,0.00199,0.00017,-3e-05,-0.00839,-0.00014,-3e-05,-1e-05
9.86,0.00344,0.00207,-0.0005,-3e-05,0,0,0.00042,-4e-05,0,-2e-05,0,-0,-0,7e-05,-0.00024,0.00012,0.00011,-0,1e-05,-0,0.06784,0.02635,-0.00507,-0.36629,0.014,0.00665,0.00542,0.00181,0.00031,-5e-05,-0.00561,-0.00014,-4e-05,-0.00021
9.88,0.00356,0.00179,-0.0005,-4e-05,1e-05,-0,0.00038,-3e-05,0,-3e-05,0,-0,-0,0.00035,-0.00029,7e-05,5e-05,-1e-05,1e-05,-1e-05,0.12906,0.02657,-0.00475,-0.42918,0.01553,0.00798,0.00611,0.00139,0.00057,-6e-05,-0.00344,-0.00011,-4e-05,-0.00042
9.9,0.00351,0.00146,-0.00046,-6e-05,2e-05,-0,0.00037,-2e-05,0,-3e-05,0,-0,-0,0.00061,-0.00032,2e-05,-2e-05,-1e-05,1e-05,-1e-05,0.18899,0.02408,-0.0041,-0.47854,0.01504,0.0083,0.00629,0.00083,0.00097,-1e-05,-0.00195,-6e-05,-5e-05,-0.00061
9.92,0.00336,0.00112,-0.00038,-7e-05,2e-05,-0,0.00039,-1e-05,0,-4e-05,0,0,-0,0.00084,-0.00034,-2e-05,-0.00011,-1e-05,1e-05,-1e-05,0.23473,0.01678,-0.00285,-0.51056,0.01098,0.00682,0.00565,0.00021,0.00143,0.0001,-0.00107,1e-05,-5e-05,-0.00074
9.94,0.00303,0.00078,-0.00027,-7e-05,3e-05,-1e-05,0.00045,-1e-05,0,-4e-05,0,0,-0,0.00105,-0.00033,-5e-05,-0.00021,-2e-05,1e-05,-1e-05,0.2594,0.0093,-0.00144,-0.5093,0.0052,0.0046,0.00438,-0.00039,0.00182,0.00026,-0.00065,0.0001,-5e-05,-0.0008
9.96,0.00254,0.00047,-0.00016,-7e-05,5e-05,-1e-05,0.00055,-0,0,-3e-05,0,0,-0,0.00122,-0.00031,-6e-05,-0.00031,-2e-05,2e-05,-0,0.26144,0.00473,-0.00041,-0.4666,0.00033,0.00268,0.00293,-0.00097,0.00206,0.00041,-0.00054,0.0002,-6e-05,-0.00082
9.98,0.00195,0.00023,-6e-05,-7e-05,6e-05,-1e-05,0.00068,-0,0,-3e-05,0,0,-0,0.00133,-0.00028,-6e-05,-0.00043,-3e-05,2e-05,-0,0.24205,0.00261,0.00022,-0.39283,-0.00321,0.00116,0.00157,-0.00152,0.00216,0.00052,-0.0006,0.0003,-6e-05,-0.0008
10,0.00138,5e-05,0,-6e-05,8e-05,-1e-05,0.00083,-0,1e-05,-3e-05,-0,0,-0,0.00142,-0.00023,-5e-05,-0.00056,-3e-05,2e-05,0,0.19995,0.00217,0.0003,-0.29349,-0.00389,0.00044,0.00061,-0.00186,0.0021,0.00056,-0.00072,0.0004,-5e-05,-0.00071
10.02,0.00091,-7e-05,0,-6e-05,9e-05,-1e-05,0.00097,0,1e-05,-2e-05,-0,0,-0,0.00149,-0.00016,-4e-05,-0.00066,-4e-05,2e-05,0,0.14304,0.00188,9e-05,-0.18758,-0.0025,0.00023,4e-05,-0.00178,0.00193,0.00053,-0.00081,0.00049,-4e-05,-0.00051
10.04,0.00052,-0.00012,-6e-05,-5e-05,0.0001,-1e-05,0.0011,0,1e-05,-2e-05,-0,0,-0,0.00154,-8e-05,-2e-05,-0.00075,-4e-05,3e-05,1e-05,0.08944,0.0016,-0,-0.1008,-0.0012,0.00011,-0.00023,-0.00152,0.00169,0.00041,-0.00086,0.00058,-2e-05,-0.00029
10.06,0.00021,-0.0001,-0.00019,-4e-05,0.0001,-1e-05,0.00118,-0,1e-05,-2e-05,-0,0,-0,0.00155,1e-05,-1e-05,-0.00084,-4e-05,4e-05,1e-05,0.04807,0.00137,0.0001,-0.04223,-0.00042,2e-05,-0.00022,-0.00131,0.00139,0.0002,-0.00089,0.00065,-1e-05,-0.00011
10.08,1e-05,-5e-05,-0.00036,-3e-05,0.0001,-1e-05,0.00123,-0,1e-05,-2e-05,-0,0,-0,0.00155,0.00011,1e-05,-0.00092,-4e-05,5e-05,1e-05,0.02013,0.00099,0.00041,-0.01044,4e-05,-1e-05,-3e-05,-0.00107,0.00105,-9e-05,-0.00087,0.00071,0,3e-05
10.1,-0.00011,-1e-05,-0.00055,-2e-05,0.0001,-0,0.00123,-0,1e-05,-2e-05,-0,0,-0,0.00155,0.00021,1e-05,-0.00097,-4e-05,6e-05,1e-05,0.0048,0.00047,0.00089,-0.00012,0.00026,1e-05,0.00022,-0.00105,0.00067,-0.00045,-0.00081,0.00076,1e-05,6e-05
10.12,-0.00015,3e-05,-0.00073,-1e-05,9e-05,-0,0.00118,-0,0,-2e-05,-0,-0,-0,0.00156,0.00031,0,-0.00096,-4e-05,7e-05,1e-05,0.00231,-5e-05,0.00132,-0.00138,0.00046,4e-05,0.00036,-0.00141,0.00027,-0.00075,-0.00067,0.0008,3e-05,1e-05
10.14,-0.00014,7e-05,-0.00087,-0,9e-05,-0,0.00109,-0,0,-2e-05,-0,-0,-0,0.00158,0.00041,-1e-05,-0.00093,-4e-05,9e-05,1e-05,0.00448,-0.00039,0.00155,-0.00313,0.0007,7e-05,0.00039,-0.00184,-0.0001,-0.00094,-0.0005,0.00084,6e-05,-1e-05
10.16,-9e-05,0.00011,-0.00095,0,8e-05,-0,0.00095,-0,0,-2e-05,0,-0,0,0.0016,0.0005,-2e-05,-0.00087,-3e-05,0.0001,1e-05,0.00601,-0.0005,0.00162,-0.00543,0.00091,9e-05,0.0004,-0.00217,-0.00044,-0.00105,-0.00033,0.00087,9e-05,1e-05
10.18,-2e-05,0.00015,-0.00096,1e-05,8e-05,-0,0.00079,-0,0,-3e-05,0,-0,0,0.00162,0.00057,-3e-05,-0.0008,-3e-05,0.00011,1e-05,0.00772,-0.0004,0.00131,-3e-05,0.00102,6e-05,0.00033,-0.0024,-0.00077,-0.00104,-0.00014,0.00091,0.00014,6e-05
10.2,6e-05,0.0002,-0.00093,1e-05,7e-05,-0,0.0006,0,-0,-3e-05,0,-0,0,0.0016,0.00062,-3e-05,-0.00071,-3e-05,0.00012,1e-05,0.00781,7e-05,0.00038,0.02192,0.00076,-8e-05,0.00017,-0.00258,-0.00108,-0.00096,4e-05,0.00094,0.00019,0.00014
10.22,0.00013,0.00027,-0.00087,1e-05,7e-05,0,0.00041,0,-0,-4e-05,0,-0,0,0.00152,0.00066,-3e-05,-0.00063,-3e-05,0.00012,1e-05,0.0048,0.00144,-0.00184,0.04931,-0.00014,-0.00034,1e-05,-0.0028,-0.00138,-0.00084,0.00024,0.00096,0.00027,0.00027
10.24,0.00018,0.00035,-0.00079,1e-05,6e-05,0,0.00024,1e-05,-0,-5e-05,0,-0,0,0.0014,0.00067,-3e-05,-0.00054,-3e-05,0.00011,1e-05,0.00076,0.00388,-0.00561,0.07092,-0.00178,-0.00072,-0.0001,-0.00302,-0.00168,-0.00069,0.00048,0.00097,0.00036,0.00043
10.26,0.00022,0.00042,-0.00072,0,6e-05,1e-05,9e-05,1e-05,0,-7e-05,0,-0,0,0.00126,0.00067,-3e-05,-0.00045,-2e-05,0.0001,1e-05,-0.0008,0.00693,-0.01022,0.07752,-0.004,-0.00119,-0.00013,-0.00319,-0.00199,-0.00054,0.00076,0.00095,0.00044,0.00056
10.28,0.00027,0.0005,-0.00065,0,5e-05,1e-05,-4e-05,2e-05,0,-8e-05,0,-0,0,0.00109,0.00064,-2e-05,-0.00035,-2e-05,9e-05,0,0.00365,0.01016,-0.01478,0.05789,-0.00649,-0.00163,-8e-05,-0.00334,-0.0023,-0.00038,0.00106,0.00089,0.00049,0.00068
10.3,0.00034,0.00055,-0.0006,-0,4e-05,1e-05,-0.00015,3e-05,0,-9e-05,0,-0,0,0.0009,0.0006,-2e-05,-0.00026,-2e-05,7e-05,0,0.01614,0.01335,-0.01864,0.01942,-0.00851,-0.00194,4e-05,-0.00342,-0.00261,-0.00025,0.00142,0.00079,0.00051,0.00074
10.32,0.0004,0.00055,-0.00055,0,4e-05,1e-05,-0.00025,4e-05,0,-9e-05,0,0,0,0.00069,0.00055,-1e-05,-0.00017,-2e-05,4e-05,0,0.03341,0.01736,-0.02172,-0.01504,-0.00925,-0.00201,0.00023,-0.00336,-0.00292,-0.00018,0.00185,0.00062,0.00049,0.00073
10.34,0.00049,0.00051,-0.00051,0,5e-05,1e-05,-0.00035,7e-05,-0,-9e-05,0,0,0,0.00047,0.00047,-1e-05,-7e-05,-2e-05,2e-05,0,0.05168,0.02152,-0.02209,-0.04167,-0.00848,-0.00165,0.00051,-0.00311,-0.00325,-0.00015,0.00234,0.00037,0.00042,0.00066
10.36,0.00069,0.00043,-0.00047,0,6e-05,1e-05,-0.00045,0.00011,-0,-9e-05,0,0,0,0.00027,0.00037,0,4e-05,-1e-05,0,0,0.06929,0.02438,-0.01896,-0.06067,-0.00629,-0.0008,0.00083,-0.00259,-0.00365,-0.00013,0.00283,4e-05,0.00031,0.00054
10.38,0.00101,0.0003,-0.00045,0,8e-05,1e-05,-0.00058,0.00014,-0,-8e-05,-0,0,0,8e-05,0.00024,2e-05,0.00015,-1e-05,-2e-05,0,0.08536,0.02577,-0.01322,-0.06692,-0.00294,0.00044,0.00115,-0.00171,-0.00417,-0.00013,0.00326,-0.00037,0.00016,0.0004
10.4,0.00138,0.00019,-0.00047,-0,0.00011,0,-0.00072,0.00017,-0,-6e-05,-0,0,-0,-0.00011,8e-05,4e-05,0.00026,0,-4e-05,0,0.09529,0.02536,-0.00743,-0.04752,0.00098,0.00182,0.00138,-0.00053,-0.0048,-0.00013,0.00375,-0.00087,-2e-05,0.00021
10.42,0.00165,0.00022,-0.00053,-1e-05,0.00013,-1e-05,-0.00089,0.00018,-0,-5e-05,-0,0,-0,-0.00028,-0.00011,7e-05,0.00037,1e-05,-5e-05,0,0.09531,0.02521,-0.00321,-0.01371,0.00459,0.00286,0.0015,0.00091,-0.00541,-0.00013,0.00458,-0.00141,-0.0002,2e-05
10.44,0.00181,0.0003,-0.00064,-1e-05,0.00015,-1e-05,-0.00107,0.00017,0,-4e-05,-0,0,-0,-0.00044,-0.00032,0.00011,0.00046,2e-05,-6e-05,-0,0.09209,0.02473,0.00141,0.00789,0.00711,0.00327,0.0014,0.00242,-0.00582,-8e-05,0.00568,-0.00196,-0.00034,-0.00013
10.46,0.00185,0.00031,-0.00081,-2e-05,0.00015,-2e-05,-0.00126,0.00014,0,-3e-05,-0,0,-0,-0.00065,-0.00056,0.00016,0.00052,3e-05,-7e-05,-0,0.09169,0.02301,0.00593,0.01529,0.00829,0.00314,0.00105,0.00358,-0.00581,1e-05,0.00693,-0.00247,-0.00045,-0.00023
10.48,0.00164,0.00029,-0.00099,-1e-05,0.00015,-2e-05,-0.00145,0.0001,0,-2e-05,-0,0,-0,-0.00093,-0.00081,0.00021,0.00054,3e-05,-8e-05,-0,0.09204,0.01978,0.00964,0.01188,0.00811,0.0025,0.00055,0.00364,-0.00515,0.00013,0.00826,-0.00296,-0.00053,-0.00029
10.5,0.00124,0.00014,-0.00112,-0,0.00012,-3e-05,-0.00162,4e-05,0,-2e-05,-0,0,-0,-0.00124,-0.00107,0.00026,0.00053,4e-05,-9e-05,-1e-05,0.092,0.01626,0.01176,0.00338,0.00689,0.00169,-0,0.00283,-0.00345,0.00023,0.00981,-0.00318,-0.00054,-0.00031
10.52,0.00068,-0.00026,-0.00118,1e-05,9e-05,-2e-05,-0.00171,-2e-05,0,-1e-05,-0,0,-0,-0.00152,-0.00131,0.0003,0.00053,5e-05,-9e-05,-1e-05,0.09085,0.01383,0.01191,-0.00348,0.00511,0.00095,-0.00049,0.00259,-0.00042,0.00025,0.01152,-0.00277,-0.00046,-0.00031
10.54,-3e-05,-0.00077,-0.00113,1e-05,5e-05,-2e-05,-0.00174,-8e-05,0,-1e-05,-0,0,-0,-0.00177,-0.00153,0.00031,0.00052,5e-05,-9e-05,-1e-05,0.08701,0.0113,0.01062,-0.00781,0.00306,0.0002,-0.00086,0.00269,0.00307,0.00017,0.01239,-0.00212,-0.00033,-0.00029
10.56,-0.00076,-0.00121,-0.00097,1e-05,1e-05,-2e-05,-0.00169,-0.00014,-0,-0,-0,-0,-0,-0.00206,-0.0017,0.00032,0.00048,5e-05,-0.0001,-1e-05,0.08008,0.00816,0.00843,-0.00876,0.00096,-0.00053,-0.0011,0.00236,0.00585,-5e-05,0.01191,-0.00153,-0.00023,-0.00026
10.58,-0.00132,-0.00147,-0.00073,1e-05,-1e-05,-1e-05,-0.00157,-0.00019,-0,0,-0,-0,-0,-0.00232,-0.00182,0.0003,0.00044,5e-05,-9e-05,-2e-05,0.0693,0.00526,0.0058,-0.00536,-0.001,-0.00121,-0.00124,0.00209,0.00731,-0.00042,0.0103,-0.00096,-0.00014,-0.00023
10.6,-0.00166,-0.00159,-0.00048,0,-1e-05,-1e-05,-0.0014,-0.00024,-0,1e-05,-0,-0,-0,-0.00253,-0.00189,0.00028,0.00039,5e-05,-9e-05,-2e-05,0.0562,0.00271,0.00306,0.00254,-0.00272,-0.00179,-0.00128,0.00235,0.00672,-0.00093,0.00786,-0.00058,-9e-05,-0.00019
10.62,-0.00184,-0.00163,-0.00028,-0,-1e-05,-0,-0.00119,-0.00027,-0,1e-05,0,-0,-0,-0.00272,-0.00189,0.00027,0.00034,4e-05,-9e-05,-2e-05,0.04347,0.00079,0.00075,0.0122,-0.00423,-0.00228,-0.00123,0.00338,0.00438,-0.00148,0.00542,-0.0004,-0.0001,-0.00016
10.64,-0.00188,-0.00145,-0.00012,-0,1e-05,-0,-0.00097,-0.00029,0,1e-05,0,-0,-0,-0.00285,-0.00183,0.00026,0.0003,4e-05,-8e-05,-1e-05,0.03011,-0.00021,-0.00083,0.02108,-0.00553,-0.0027,-0.00113,0.00462,0.00165,-0.00207,0.00334,-0.00022,-9e-05,-0.00012
10.66,-0.00176,-0.00104,-2e-05,0,3e-05,-0,-0.00075,-0.00028,0,2e-05,0,-0,-0,-0.00292,-0.00169,0.00026,0.00027,3e-05,-7e-05,-1e-05,0.01529,-0.00049,-0.00181,0.02887,-0.00657,-0.00305,-0.00103,0.00562,-0.00071,-0.0027,0.00159,0,-6e-05,-7e-05
10.68,-0.00156,-0.00052,1e-05,0,4e-05,0,-0.00055,-0.00025,0,2e-05,0,-0,0,-0.00294,-0.00148,0.00026,0.00026,3e-05,-7e-05,-1e-05,2e-05,-0.00029,-0.00225,0.03456,-0.00739,-0.00338,-0.00094,0.00657,-0.00236,-0.00326,4e-05,0.00022,-3e-05,-1e-05
10.7,-0.00138,4e-05,-2e-05,0,5e-05,-0,-0.00036,-0.00021,1e-05,2e-05,0,-0,0,-0.00292,-0.00125,0.00029,0.00025,2e-05,-6e-05,-1e-05,-0.01401,0.00021,-0.00237,0.03766,-0.00801,-0.00366,-0.00085,0.007,-0.00325,-0.00362,-0.0016,0.00041,1e-05,6e-05
10.72,-0.00126,0.00057,-9e-05,-1e-05,5e-05,-0,-0.00021,-0.00017,1e-05,2e-05,0,-0,0,-0.00287,-0.00104,0.00034,0.00022,2e-05,-5e-05,-1e-05,-0.02532,0.001,-0.00242,0.03792,-0.00847,-0.00387,-0.00078,0.00636,-0.00379,-0.00372,-0.00372,0.00057,4e-05,0.00013
10.74,-0.00117,0.00107,-0.00017,-2e-05,5e-05,-0,-8e-05,-0.00013,1e-05,2e-05,0,-0,0,-0.0028,-0.00083,0.00041,0.00019,2e-05,-4e-05,-0,-0.03494,0.00215,-0.00242,0.03508,-0.00875,-0.00401,-0.0007,0.00509,-0.00412,-0.00358,-0.00668,0.00068,6e-05,0.00021
10.76,-0.00103,0.00152,-0.00025,-3e-05,5e-05,-0,1e-05,-0.0001,1e-05,2e-05,0,-0,0,-0.00271,-0.00064,0.00049,0.00019,3e-05,-3e-05,-0,-0.04363,0.00364,-0.00234,0.02894,-0.00883,-0.00412,-0.00063,0.0037,-0.00423,-0.00327,-0.01058,0.00073,8e-05,0.00029
10.78,-0.00088,0.00192,-0.0003,-5e-05,4e-05,-0,8e-05,-6e-05,1e-05,1e-05,0,-0,0,-0.00258,-0.00048,0.00056,0.00018,3e-05,-2e-05,0,-0.05057,0.0056,-0.00224,0.01907,-0.00869,-0.00415,-0.00055,0.00229,-0.0042,-0.00285,-0.01525,0.00074,8e-05,0.00035
10.8,-0.00067,0.00227,-0.00032,-6e-05,3e-05,-0,0.00011,-4e-05,1e-05,1e-05,0,-0,0,-0.00243,-0.00035,0.00063,0.00019,3e-05,-1e-05,0,-0.05584,0.00802,-0.00219,0.00553,-0.00822,-0.00407,-0.00045,0.00095,-0.00413,-0.00239,-0.02026,0.00069,8e-05,0.00041
10.82,-0.0004,0.00257,-0.00033,-8e-05,2e-05,-0,0.00011,-2e-05,1e-05,0,0,-0,0,-0.00225,-0.00025,0.00067,0.00021,4e-05,-1e-05,0,-0.05931,0.01079,-0.00226,-0.0127,-0.0073,-0.00387,-0.00032,1e-05,-0.00408,-0.00198,-0.02481,0.00059,8e-05,0.00049
10.84,-0.0001,0.00278,-0.00032,-0.0001,2e-05,-0,7e-05,-1e-05,1e-05,-0,0,-0,0,-0.00204,-0.00019,0.0007,0.00023,4e-05,-0,0,-0.05957,0.01402,-0.00242,-0.03723,-0.00593,-0.00344,-0.00012,-6e-05,-0.00398,-0.00162,-0.02792,0.00047,7e-05,0.00054
10.86,0.00026,0.0029,-0.00031,-0.00011,1e-05,-0,-0,-1e-05,1e-05,-1e-05,0,-0,0,-0.00178,-0.00014,0.00069,0.00024,4e-05,0,0,-0.05521,0.01786,-0.00266,-0.06862,-0.00409,-0.00271,0.00018,0.00062,-0.00372,-0.00131,-0.02897,0.00035,6e-05,0.00052
10.88,0.00067,0.00293,-0.00029,-0.00013,1e-05,-0,-0.00012,-0,1e-05,-1e-05,0,-0,0,-0.00148,-0.0001,0.00064,0.00025,4e-05,0,0,-0.04496,0.02251,-0.00298,-0.10671,-0.00177,-0.00165,0.0006,0.00168,-0.0034,-0.00106,-0.02743,0.00023,5e-05,0.00042
10.9,0.00113,0.0029,-0.00027,-0.00014,0,0,-0.00027,-0,1e-05,-2e-05,0,0,0,-0.00117,-7e-05,0.00056,0.00023,3e-05,1e-05,0,-0.02797,0.02701,-0.00332,-0.15327,0.00099,-0.00023,0.00116,0.00279,-0.00301,-0.00086,-0.0243,0.00013,3e-05,0.00022
10.92,0.00151,0.00285,-0.00026,-0.00015,0,0,-0.00047,0,1e-05,-2e-05,0,0,0,-0.00087,-2e-05,0.00045,0.00018,2e-05,1e-05,0,-0.00307,0.02997,-0.0036,-0.21154,0.00398,0.00147,0.00192,0.00384,-0.00244,-0.00069,-0.02104,5e-05,1e-05,-5e-05
10.94,0.0018,0.00275,-0.00025,-0.00014,0,0,-0.00072,0,1e-05,-2e-05,0,0,0,-0.00056,5e-05,0.00032,0.00012,2e-05,1e-05,0,0.03082,0.0316,-0.00372,-0.27796,0.00688,0.00326,0.00283,0.00457,-0.00172,-0.00053,-0.01729,-1e-05,-1e-05,-0.00033
10.96,0.00199,0.00262,-0.00023,-0.00013,0,-0,-0.00101,0,1e-05,-1e-05,0,0,0,-0.00024,0.00014,0.00018,6e-05,1e-05,1e-05,-0,0.07267,0.03246,-0.00365,-0.34487,0.0094,0.00498,0.00374,0.00472,-0.00094,-0.00035,-0.01298,-3e-05,-3e-05,-0.00059
10.98,0.00204,0.00242,-0.00021,-0.0001,0,-0,-0.00134,0,1e-05,-1e-05,-0,0,-0,8e-05,0.00026,6e-05,-1e-05,0,1e-05,-0,0.11994,0.03319,-0.00344,-0.40415,0.01129,0.0065,0.00453,0.00444,-9e-05,-0.00013,-0.0088,-4e-05,-4e-05,-0.00083
11,0.00195,0.00221,-0.00016,-7e-05,0,-0,-0.00166,0,1e-05,-1e-05,-0,0,-0,0.00039,0.00038,-3e-05,-8e-05,-1e-05,1e-05,-1e-05,0.16576,0.03034,-0.0028,-0.45197,0.01181,0.00726,0.005,0.00381,0.00082,0.0001,-0.00549,-2e-05,-6e-05,-0.00101
11.02,0.00176,0.00201,-0.0001,-2e-05,0,-0,-0.00196,1e-05,1e-05,-1e-05,-0,0,-0,0.00068,0.00051,-7e-05,-0.00018,-1e-05,1e-05,-1e-05,0.20011,0.02112,-0.00152,-0.48627,0.00988,0.00658,0.0049,0.00291,0.00164,0.00034,-0.0033,2e-05,-7e-05,-0.00107
11.04,0.00144,0.00181,-2e-05,1e-05,0,-0,-0.00222,1e-05,1e-05,-1e-05,-0,0,-0,0.00095,0.00061,-4e-05,-0.00028,-1e-05,1e-05,-1e-05,0.21723,0.01232,-0.00035,-0.48846,0.00637,0.00506,0.00417,0.00196,0.00224,0.00057,-0.00184,7e-05,-8e-05,-0.00102
11.06,0.00103,0.00159,6e-05,5e-05,0,-0,-0.00244,1e-05,1e-05,-1e-05,-0,0,-0,0.00118,0.00069,2e-05,-0.00041,-2e-05,1e-05,-0,0.21569,0.00754,0.0001,-0.44895,0.00287,0.00347,0.00311,0.00107,0.00256,0.00077,-0.00091,0.00014,-9e-05,-0.00091
11.08,0.00057,0.00139,0.00012,7e-05,-0,-0,-0.00262,1e-05,1e-05,-2e-05,-0,0,-0,0.00136,0.00074,0.0001,-0.00058,-2e-05,2e-05,-0,0.19694,0.00577,-5e-05,-0.3784,-0.0002,0.00199,0.00198,0.00022,0.00262,0.00089,-0.00042,0.00022,-0.0001,-0.00077
11.1,0.00018,0.00118,0.00013,8e-05,-0,-0,-0.00277,1e-05,2e-05,-2e-05,-0,0,0,0.00148,0.00076,0.00017,-0.00075,-2e-05,3e-05,0,0.15969,0.00524,-0.00043,-0.28227,-0.00159,0.00103,0.00107,-0.00042,0.00246,0.00091,-0.00023,0.00029,-9e-05,-0.00056
11.12,-0.00011,0.00091,8e-05,8e-05,-0,-0,-0.00289,1e-05,2e-05,-1e-05,-0,0,0,0.0016,0.00076,0.00021,-0.00087,-2e-05,5e-05,1e-05,0.11149,0.00383,-0.00025,-0.17955,-0.00139,0.00054,0.00045,-0.00065,0.00218,0.00085,-0.00019,0.00037,-7e-05,-0.00021
11.14,-0.00031,0.00067,-5e-05,8e-05,0,-0,-0.00301,1e-05,3e-05,-1e-05,0,0,-0,0.00169,0.00075,0.00021,-0.00097,-3e-05,7e-05,1e-05,0.06799,0.00242,0.0004,-0.09537,-0.00088,0.00023,8e-05,-0.00067,0.00185,0.00066,-0.00023,0.00045,-3e-05,0.00015
11.16,-0.0004,0.00048,-0.00027,8e-05,0,-1e-05,-0.00315,1e-05,4e-05,0,0,-0,-0,0.00171,0.00072,0.00021,-0.00107,-3e-05,9e-05,1e-05,0.03589,0.0015,0.00122,-0.03877,-0.00043,6e-05,-6e-05,-0.00066,0.0015,0.00036,-0.00029,0.00051,-1e-05,0.0004
11.18,-0.00039,0.00029,-0.00056,7e-05,1e-05,-1e-05,-0.00333,0,5e-05,1e-05,0,-0,-0,0.00167,0.00069,0.00018,-0.00118,-3e-05,0.00012,2e-05,0.01542,0.00078,0.0021,-0.00857,-6e-05,0,-5e-05,-0.00059,0.00116,-8e-05,-0.00036,0.00056,2e-05,0.00057
11.2,-0.00032,9e-05,-0.0009,6e-05,1e-05,-1e-05,-0.00355,0,7e-05,2e-05,0,-0,-0,0.00161,0.00064,0.00015,-0.00125,-2e-05,0.00015,2e-05,0.00474,0.00025,0.0029,0.0001,0.0002,2e-05,5e-05,-0.00071,0.0008,-0.00066,-0.0004,0.0006,2e-05,0.00054
11.22,-0.00022,-0.00011,-0.00123,6e-05,1e-05,-1e-05,-0.0038,1e-05,0.0001,4e-05,0,-0,-0,0.00155,0.00059,0.0001,-0.00124,-2e-05,0.0002,2e-05,0.00356,-7e-05,0.00304,-0.00181,0.00045,6e-05,0.00011,-0.00121,0.00042,-0.00122,-0.00038,0.00064,1e-05,0.0003
11.24,-0.00012,-0.00028,-0.00149,5e-05,1e-05,-2e-05,-0.0041,3e-05,0.00015,5e-05,0,-0,-0,0.00149,0.00054,4e-05,-0.00119,-0,0.00024,2e-05,0.0044,-8e-05,0.0026,-0.00359,0.00075,9e-05,0.00013,-0.00186,5e-05,-0.00167,-0.0003,0.00068,-1e-05,6e-05
11.26,-4e-05,-0.0004,-0.00167,5e-05,1e-05,-2e-05,-0.00444,5e-05,0.0002,6e-05,1e-05,-0,0,0.00141,0.00048,0,-0.00114,1e-05,0.00029,2e-05,0.00438,0.00017,0.00178,-0.00579,0.00105,0.00011,0.00013,-0.00246,-0.0003,-0.0021,-0.00018,0.00072,-2e-05,-0.00013
11.28,1e-05,-0.00048,-0.00173,5e-05,2e-05,-2e-05,-0.00482,8e-05,0.00027,7e-05,1e-05,-0,0,0.00134,0.00042,-2e-05,-0.00107,3e-05,0.00033,2e-05,0.00339,0.0006,0.00048,-0.00849,0.00131,0.00012,0.00013,-0.00299,-0.00067,-0.00247,-4e-05,0.00076,-2e-05,-0.00028
11.3,3e-05,-0.00052,-0.00168,4e-05,2e-05,-2e-05,-0.00521,0.00011,0.00035,8e-05,1e-05,-0,0,0.00124,0.00036,-1e-05,-0.00099,4e-05,0.00036,2e-05,0.00153,0.00129,-0.00173,-0.0039,0.00139,6e-05,8e-05,-0.00341,-0.00106,-0.00272,0.00012,0.00081,-1e-05,-0.00037
11.32,0,-0.00054,-0.00155,2e-05,3e-05,-2e-05,-0.00553,0.00014,0.00044,9e-05,1e-05,-0,0,0.00111,0.00029,1e-05,-0.00093,6e-05,0.00038,1e-05,-0.00081,0.00278,-0.00609,0.01739,0.00076,-0.00019,-3e-05,-0.00368,-0.00146,-0.00279,0.00027,0.00087,2e-05,-0.00038
11.34,-5e-05,-0.00056,-0.00137,1e-05,4e-05,-2e-05,-0.00581,0.00016,0.00054,0.0001,1e-05,0,0,0.00095,0.00021,4e-05,-0.00085,8e-05,0.00039,1e-05,-0.0015,0.00527,-0.01232,0.03845,-0.00064,-0.0006,-9e-05,-0.00379,-0.00186,-0.00266,0.0004,0.00092,9e-05,-0.0003
11.36,-0.0001,-0.00061,-0.00118,-1e-05,5e-05,-1e-05,-0.00605,0.00017,0.00064,0.00011,1e-05,0,0,0.00081,0.00013,7e-05,-0.00075,9e-05,0.00039,1e-05,0.0021,0.0087,-0.01926,0.05211,-0.00271,-0.00111,-9e-05,-0.0037,-0.00226,-0.00239,0.00051,0.00096,0.00017,-0.00018
11.38,-0.00012,-0.00072,-0.00102,-3e-05,6e-05,-1e-05,-0.00625,0.00016,0.00072,0.00011,1e-05,0,0,0.00067,4e-05,9e-05,-0.00062,9e-05,0.00036,0,0.01284,0.0131,-0.02519,0.04947,-0.00517,-0.00165,-4e-05,-0.00338,-0.00261,-0.00196,0.00057,0.00097,0.00026,-3e-05
11.4,-0.00012,-0.00093,-0.00091,-5e-05,6e-05,-1e-05,-0.00638,0.00013,0.00077,0.00011,1e-05,0,0,0.00051,-5e-05,0.0001,-0.0005,8e-05,0.00032,0,0.03011,0.01837,-0.02884,0.03589,-0.00729,-0.0021,4e-05,-0.00282,-0.00281,-0.00139,0.00067,0.00096,0.00037,0.00018
11.42,-0.00011,-0.00124,-0.00085,-8e-05,8e-05,-0,-0.0064,0.0001,0.0008,0.00011,1e-05,0,1e-05,0.00033,-0.00016,9e-05,-0.00039,7e-05,0.00026,0,0.04748,0.02513,-0.03067,0.02991,-0.00821,-0.00236,0.00013,-0.002,-0.0028,-0.00073,0.00099,0.00092,0.00052,0.0005
11.44,-8e-05,-0.00171,-0.00087,-0.0001,9e-05,-0,-0.00632,7e-05,0.0008,0.00011,1e-05,0,1e-05,0.00013,-0.00027,6e-05,-0.00028,5e-05,0.00019,0,0.06275,0.03326,-0.02857,0.02719,-0.00789,-0.00227,0.00023,-0.00093,-0.00258,-0.0001,0.00161,0.00082,0.00066,0.00083
11.46,-2e-05,-0.0024,-0.00097,-0.00013,0.0001,0,-0.00616,4e-05,0.00076,0.00012,1e-05,0,1e-05,-9e-05,-0.0004,3e-05,-0.00016,4e-05,0.00012,0,0.07721,0.04153,-0.02123,0.01969,-0.00653,-0.00177,0.00029,0.00028,-0.0022,0.00037,0.00255,0.00067,0.00072,0.00107
11.48,1e-05,-0.00332,-0.00115,-0.00016,0.0001,0,-0.00592,1e-05,0.0007,0.00012,1e-05,0,1e-05,-0.00037,-0.00056,0,-6e-05,2e-05,4e-05,0,0.09065,0.04953,-0.01044,0.01125,-0.00428,-0.00092,0.00025,0.00139,-0.00166,0.00068,0.00383,0.00047,0.00071,0.00125
11.5,0,-0.00438,-0.0014,-0.00019,9e-05,0,-0.00561,-1e-05,0.00061,0.00011,1e-05,-0,0,-0.0007,-0.00075,-1e-05,3e-05,1e-05,-3e-05,0,0.09814,0.0562,0.00085,0.00696,-0.00151,0.0001,5e-05,0.00211,-0.00123,0.00057,0.00559,0.00022,0.00059,0.00128
11.52,-9e-05,-0.00542,-0.00169,-0.00021,4e-05,0,-0.00524,-3e-05,0.00048,0.0001,1e-05,-0,0,-0.00099,-0.00095,1e-05,0.00011,0,-0.0001,0,0.0943,0.06168,0.01171,0.0068,0.00128,0.00097,-0.00034,0.00234,-0.0012,6e-05,0.00777,-8e-05,0.00035,0.00107
11.54,-0.00027,-0.00639,-0.00198,-0.00022,-3e-05,-0,-0.00482,-4e-05,0.00034,8e-05,1e-05,-0,0,-0.00125,-0.00114,7e-05,0.00017,0,-0.00017,-0,0.08525,0.06405,0.02178,0.00545,0.00362,0.0014,-0.00085,0.00209,-0.00128,-0.00028,0.00976,-0.00039,0.0001,0.00083
11.56,-0.00051,-0.0072,-0.00223,-0.00024,-0.00011,-0,-0.00435,-5e-05,0.00022,6e-05,1e-05,-0,0,-0.00156,-0.00133,0.00015,0.00021,1e-05,-0.00023,-0,0.0772,0.06283,0.02898,0.00304,0.00529,0.00141,-0.00144,0.00131,-0.00115,-0.00017,0.01106,-0.00071,-0.00012,0.00064
11.58,-0.00074,-0.00769,-0.00238,-0.00026,-0.00019,0,-0.00385,-6e-05,0.00011,4e-05,1e-05,-0,0,-0.0019,-0.00148,0.00025,0.00021,2e-05,-0.00027,-1e-05,0.06725,0.05798,0.03317,0.00248,0.00623,0.00103,-0.002,0.00015,-0.00074,0.00029,0.01157,-0.00102,-0.00032,0.00047
11.6,-0.00093,-0.00787,-0.00242,-0.00027,-0.00028,0,-0.00331,-6e-05,2e-05,3e-05,1e-05,-0,0,-0.00222,-0.00159,0.00036,0.00019,3e-05,-0.00031,-1e-05,0.05522,0.05039,0.03345,0.00529,0.00654,0.00051,-0.00245,-0.00022,-9e-05,0.00085,0.01077,-0.00127,-0.00046,0.00033
11.62,-0.00105,-0.0078,-0.00232,-0.00027,-0.00036,1e-05,-0.00276,-6e-05,-5e-05,3e-05,1e-05,-0,-0,-0.00243,-0.00163,0.00046,0.00018,5e-05,-0.00031,-1e-05,0.04216,0.0424,0.03007,0.0113,0.00644,-1e-05,-0.00286,0.00182,0.00075,0.00106,0.00854,-0.00134,-0.00047,0.00022
11.64,-0.00104,-0.00733,-0.00207,-0.00026,-0.0004,2e-05,-0.0022,-5e-05,-9e-05,4e-05,1e-05,0,-0,-0.00257,-0.00159,0.00054,0.00017,7e-05,-0.00029,-2e-05,0.02694,0.03444,0.02526,0.01944,0.00603,-0.0005,-0.00316,0.00519,0.00166,0.0005,0.00583,-0.0013,-0.00041,0.0001
11.66,-0.00086,-0.00642,-0.0017,-0.00024,-0.00041,2e-05,-0.00165,-4e-05,-0.00011,7e-05,1e-05,0,0,-0.00269,-0.00147,0.0006,0.00015,8e-05,-0.00026,-2e-05,0.00981,0.02678,0.02054,0.02903,0.0054,-0.00086,-0.00326,0.00829,0.00236,-0.00094,0.00345,-0.00119,-0.00035,-3e-05
11.68,-0.00054,-0.00517,-0.00126,-0.00021,-0.00037,3e-05,-0.00111,-2e-05,-0.00012,0.00012,1e-05,0,0,-0.00272,-0.00128,0.00064,0.00014,9e-05,-0.00022,-3e-05,-0.00885,0.02008,0.01623,0.03905,0.00463,-0.00106,-0.00323,0.01089,0.00264,-0.00315,0.0017,-0.001,-0.00027,-0.00017
11.7,-0.00017,-0.00372,-0.00084,-0.00017,-0.00031,3e-05,-0.00063,-1e-05,-0.0001,0.00019,2e-05,0,0,-0.00271,-0.00107,0.00067,0.00015,0.0001,-0.00018,-3e-05,-0.02671,0.01417,0.01224,0.04771,0.00382,-0.00108,-0.00301,0.01232,0.00236,-0.00564,0.00063,-0.00081,-0.00021,-0.00031
11.72,0.00015,-0.00217,-0.00049,-0.00012,-0.00024,3e-05,-0.00029,2e-05,-7e-05,0.00027,2e-05,0,0,-0.00271,-0.00088,0.00071,0.00019,0.0001,-0.00015,-3e-05,-0.04105,0.00904,0.00852,0.05279,0.00303,-0.00095,-0.00261,0.01238,0.00161,-0.00774,0.00011,-0.00063,-0.0002,-0.00039
11.74,0.00042,-0.00056,-0.00023,-8e-05,-0.00016,2e-05,-1e-05,4e-05,-2e-05,0.00034,3e-05,0,0,-0.00268,-0.00069,0.00074,0.00023,0.0001,-0.00012,-3e-05,-0.05307,0.00519,0.00555,0.05458,0.00225,-0.00077,-0.00217,0.01147,0.00054,-0.00923,-0.00011,-0.00046,-0.00017,-0.00041
11.76,0.00064,0.00104,-5e-05,-5e-05,-9e-05,2e-05,0.00024,4e-05,4e-05,0.00041,4e-05,1e-05,1e-05,-0.00262,-0.00051,0.00077,0.00029,0.0001,-0.0001,-2e-05,-0.06392,0.00253,0.00343,0.05393,0.00148,-0.00061,-0.00179,0.00989,-0.00071,-0.01009,-0.00043,-0.00027,-0.00011,-0.00039
11.78,0.00081,0.00256,4e-05,-3e-05,-3e-05,1e-05,0.00045,3e-05,0.00013,0.00045,5e-05,1e-05,1e-05,-0.00255,-0.00035,0.00078,0.00036,9e-05,-7e-05,-2e-05,-0.07299,0.00077,0.00192,0.05029,0.00076,-0.00046,-0.00145,0.00788,-0.00196,-0.01025,-0.00124,-0.00011,-5e-05,-0.00032
11.8,0.0009,0.00392,4e-05,-1e-05,1e-05,1e-05,0.00063,0,0.00023,0.00047,7e-05,2e-05,1e-05,-0.00251,-0.00022,0.00079,0.00041,9e-05,-5e-05,-2e-05,-0.07982,-0.00033,0.00096,0.04482,0.00014,-0.00033,-0.00117,0.00561,-0.00304,-0.00969,-0.00274,2e-05,1e-05,-0.00023
11.82,0.00091,0.00506,-1e-05,0,2e-05,-0,0.00079,-3e-05,0.00036,0.00046,9e-05,3e-05,1e-05,-0.00254,-0.00014,0.00084,0.00039,8e-05,-4e-05,-2e-05,-0.08435,-0.00089,0.00037,0.03852,-0.00033,-0.0002,-0.00094,0.00328,-0.00383,-0.00855,-0.00489,0.00011,6e-05,-0.00015
11.84,0.00085,0.00592,-0.0001,1e-05,2e-05,-1e-05,0.00091,-6e-05,0.0005,0.00044,0.00011,3e-05,1e-05,-0.00262,-8e-05,0.00086,0.00036,8e-05,-2e-05,-2e-05,-0.08747,-0.00098,-6e-05,0.03044,-0.00057,-5e-05,-0.00073,0.00122,-0.00423,-0.00708,-0.00753,0.00017,9e-05,-8e-05
11.86,0.00074,0.00649,-0.0002,1e-05,-0,-1e-05,0.001,-9e-05,0.00063,0.00039,0.00012,4e-05,0,-0.00272,-5e-05,0.00086,0.00034,7e-05,-1e-05,-1e-05,-0.08977,-0.00072,-0.00034,0.02001,-0.00053,0.00013,-0.00052,-0.0004,-0.00413,-0.00554,-0.01045,0.00018,0.0001,-1e-05
11.88,0.00058,0.00678,-0.0003,1e-05,-4e-05,-2e-05,0.00107,-0.0001,0.00076,0.00034,0.00013,4e-05,0,-0.00284,-5e-05,0.00083,0.00033,6e-05,-1e-05,-1e-05,-0.09085,-0.00011,-0.00051,0.00712,-0.00019,0.00037,-0.0003,-0.00155,-0.00353,-0.00403,-0.01321,0.00016,0.0001,3e-05
11.9,0.00038,0.00686,-0.00038,2e-05,-9e-05,-2e-05,0.00111,-0.0001,0.00088,0.00028,0.00013,4e-05,0,-0.00294,-6e-05,0.00079,0.00031,6e-05,-0,-1e-05,-0.09049,0.00075,-0.00057,-0.00871,0.00051,0.00067,-3e-05,-0.0022,-0.00252,-0.0027,-0.01543,0.00011,9e-05,4e-05
11.92,0.00017,0.0068,-0.00043,2e-05,-0.00014,-2e-05,0.00112,-9e-05,0.00098,0.00021,0.00012,4e-05,-0,-0.00297,-0.0001,0.00074,0.00026,5e-05,-0,-1e-05,-0.08811,0.00172,-0.00054,-0.02842,0.00158,0.00106,0.0003,-0.00216,-0.00126,-0.00163,-0.01663,4e-05,6e-05,1e-05
11.94,-3e-05,0.00663,-0.00046,3e-05,-0.00019,-3e-05,0.00111,-6e-05,0.00106,0.00015,0.00011,4e-05,-0,-0.00293,-0.00017,0.00069,0.00022,5e-05,-0,-0,-0.08228,0.00292,-0.00046,-0.05304,0.00301,0.00152,0.00073,-0.00161,8e-05,-0.00086,-0.01656,-5e-05,2e-05,-5e-05
11.96,-0.00021,0.00639,-0.00046,4e-05,-0.00025,-3e-05,0.00109,-3e-05,0.00111,0.00011,9e-05,4e-05,-0,-0.00279,-0.00027,0.00065,0.00019,4e-05,0,-0,-0.07147,0.00453,-0.00035,-0.08317,0.00478,0.00206,0.00127,-0.0009,0.00129,-0.00034,-0.01524,-0.00013,-1e-05,-0.00014
11.98,-0.00032,0.00612,-0.00045,4e-05,-0.00029,-3e-05,0.00106,1e-05,0.00113,7e-05,7e-05,4e-05,-0,-0.00254,-0.00041,0.00061,0.00017,3e-05,0,0,-0.05428,0.0068,-0.00026,-0.11867,0.00684,0.00267,0.00191,-0.00021,0.00224,-1e-05,-0.01263,-0.00021,-6e-05,-0.00027
12,-0.00036,0.00586,-0.00041,5e-05,-0.00033,-3e-05,0.00102,2e-05,0.0011,4e-05,5e-05,4e-05,-0,-0.0022,-0.00058,0.00057,0.00016,3e-05,0,0,-0.0298,0.00902,-0.00013,-0.16015,0.00897,0.00328,0.00266,0.00037,0.00272,0.00017,-0.00982,-0.00027,-9e-05,-0.00043
12.02,-0.00034,0.00563,-0.00034,6e-05,-0.00037,-3e-05,0.00094,5e-05,0.00105,1e-05,2e-05,4e-05,-0,-0.0018,-0.00073,0.00052,0.00015,2e-05,0,0,0.00241,0.0098,0,-0.20838,0.01078,0.00378,0.0035,0.00092,0.00265,0.00027,-0.00783,-0.00031,-0.00012,-0.0006
12.04,-0.00026,0.00537,-0.00026,6e-05,-0.00038,-3e-05,0.00084,9e-05,0.00094,-0,1e-05,4e-05,-0,-0.00136,-0.00085,0.00046,0.00013,2e-05,0,0,0.04199,0.00934,3e-05,-0.25951,0.01199,0.00413,0.00433,0.00142,0.00238,0.00036,-0.00606,-0.00031,-0.00014,-0.00076
12.06,-0.00012,0.00506,-0.00017,5e-05,-0.00037,-3e-05,0.00071,0.00014,0.00078,-1e-05,1e-05,4e-05,-0,-0.0009,-0.00095,0.0004,0.00012,1e-05,0,0,0.08653,0.00843,-9e-05,-0.30683,0.01242,0.0043,0.005,0.00175,0.00214,0.00049,-0.00421,-0.0003,-0.00016,-0.00092
12.08,3e-05,0.00466,-8e-05,5e-05,-0.00037,-3e-05,0.00055,0.0002,0.00059,-2e-05,1e-05,4e-05,-0,-0.00047,-0.00101,0.00033,0.0001,1e-05,-0,0,0.13198,0.00718,-0.00029,-0.34307,0.01205,0.00426,0.00534,0.00193,0.00193,0.00064,-0.00263,-0.00026,-0.00016,-0.00109
12.1,0.00019,0.00418,-0,3e-05,-0.00035,-2e-05,0.00036,0.00028,0.00036,-2e-05,1e-05,5e-05,-0,-0.00013,-0.00102,0.00024,7e-05,0,-0,-0,0.17055,0.00427,-0.00065,-0.36385,0.01019,0.00388,0.00535,0.00198,0.00185,0.00085,-0.00149,-0.0002,-0.00016,-0.00115
12.12,0.00034,0.00367,4e-05,1e-05,-0.00033,-2e-05,0.00015,0.00036,0.00013,-2e-05,2e-05,5e-05,-0,0.0001,-0.00097,0.00013,3e-05,-0,-0,-0,0.19324,-0.00118,-0.0015,-0.36664,0.00621,0.00308,0.00507,0.00195,0.0019,0.0012,-0.00079,-0.00014,-0.00014,-0.00094
12.14,0.00042,0.0031,4e-05,-2e-05,-0.00029,-1e-05,-4e-05,0.00043,-4e-05,-2e-05,3e-05,5e-05,-0,0.00023,-0.00088,3e-05,-2e-05,-0,-0,-0,0.19653,-0.00562,-0.00272,-0.3424,0.002,0.00218,0.00432,0.00189,0.00194,0.00157,-0.00038,-6e-05,-0.0001,-0.00055
12.16,0.00039,0.0025,1e-05,-4e-05,-0.00025,-1e-05,-0.00019,0.0005,-0.00013,-2e-05,4e-05,4e-05,-0,0.00027,-0.00075,-7e-05,-0.0001,-1e-05,-0,-1e-05,0.18213,-0.00706,-0.00386,-0.29154,-0.00083,0.00141,0.00326,0.00182,0.00193,0.00185,-0.00015,1e-05,-6e-05,-0.00012
12.18,0.00028,0.00194,-6e-05,-5e-05,-0.00021,-0,-0.00031,0.00054,-0.00014,-1e-05,4e-05,4e-05,-0,0.00023,-0.00061,-0.00015,-0.00018,-1e-05,-1e-05,-1e-05,0.15459,-0.00619,-0.00479,-0.22661,-0.00231,0.00081,0.0022,0.00178,0.00187,0.00201,-7e-05,9e-05,-2e-05,0.00034
12.2,0.00017,0.00146,-0.00015,-5e-05,-0.00019,-0,-0.00038,0.00054,-0.00011,-1e-05,5e-05,4e-05,-0,0.00015,-0.00048,-0.0002,-0.00028,-1e-05,-1e-05,-1e-05,0.11707,-0.00412,-0.0048,-0.15606,-0.00217,0.00042,0.00128,0.00186,0.00175,0.00199,-6e-05,0.00016,1e-05,0.00083
12.22,9e-05,0.0011,-0.00027,-5e-05,-0.00017,-0,-0.00042,0.0005,-3e-05,-1e-05,5e-05,4e-05,-0,0.0001,-0.00037,-0.00021,-0.00038,-1e-05,-1e-05,-0,0.07691,-0.00249,-0.00366,-0.09117,-0.00124,0.00019,0.00057,0.00213,0.00161,0.00177,-9e-05,0.00023,3e-05,0.00137
12.24,-1e-05,0.00084,-0.00039,-5e-05,-0.00017,0,-0.00042,0.00045,8e-05,-0,5e-05,4e-05,-0,8e-05,-0.00029,-0.00018,-0.00046,-1e-05,-1e-05,-0,0.04319,-0.00136,-0.00223,-0.04222,-0.00051,6e-05,0.00013,0.00244,0.00144,0.00135,-0.00014,0.00028,5e-05,0.00181
12.26,-9e-05,0.00068,-0.00052,-3e-05,-0.00017,0,-0.00038,0.00039,0.00022,-0,5e-05,4e-05,-0,0.0001,-0.00021,-0.00014,-0.00054,-2e-05,-1e-05,-0,0.01853,-0.00049,-0.0009,-0.01116,-8e-05,1e-05,-7e-05,0.00267,0.00122,0.00076,-0.00018,0.00032,6e-05,0.00202
12.28,-0.00015,0.00058,-0.00063,-1e-05,-0.00019,0,-0.00032,0.00034,0.00038,-0,4e-05,4e-05,-0,0.00017,-0.00015,-9e-05,-0.0006,-2e-05,-1e-05,0,0.00312,9e-05,0.00022,0.00372,0.00011,0,-0.00014,0.00283,0.00097,0,-0.00022,0.00036,8e-05,0.00206
12.3,-0.00016,0.00051,-0.00072,1e-05,-0.00021,0,-0.00023,0.0003,0.00055,-0,3e-05,4e-05,-0,0.0003,-0.0001,-4e-05,-0.00065,-2e-05,-0,0,0.00405,0.00075,-9e-05,0.00187,0.00027,1e-05,-0.00022,0.0028,0.00069,-0.00088,-0.00023,0.00039,8e-05,0.00169
12.32,-0.00015,0.00046,-0.00076,2e-05,-0.00023,1e-05,-0.00014,0.00026,0.00073,0,2e-05,4e-05,-0,0.00049,-6e-05,0,-0.00068,-2e-05,0,1e-05,0.005,0.00187,-0.00081,0.00024,0.00048,1e-05,-0.00018,0.00249,0.00041,-0.00158,-0.0002,0.00042,8e-05,0.00092
12.34,-9e-05,0.00042,-0.00077,4e-05,-0.00025,1e-05,-5e-05,0.00023,0.00093,0,1e-05,3e-05,-0,0.00074,-3e-05,4e-05,-0.00068,-2e-05,0,1e-05,0.00576,0.00334,-0.00175,-0.00137,0.00073,2e-05,-4e-05,0.00208,0.00018,-0.00201,-0.00015,0.00045,7e-05,0.00019
12.36,2e-05,0.00039,-0.00074,5e-05,-0.00026,1e-05,4e-05,0.0002,0.00111,0,-0,3e-05,-0,0.001,-1e-05,7e-05,-0.00067,-2e-05,1e-05,1e-05,0.00629,0.00469,-0.0027,-0.00329,0.00094,2e-05,0.0001,0.00171,0,-0.00228,-8e-05,0.00049,5e-05,-0.00039
12.38,0.00017,0.00035,-0.0007,5e-05,-0.00025,2e-05,0.00012,0.00017,0.00128,0,-1e-05,3e-05,-0,0.00126,0,9e-05,-0.00064,-2e-05,1e-05,2e-05,0.00658,0.00573,-0.00363,-0.00573,0.00111,2e-05,0.00026,0.00136,-0.00013,-0.00241,-0,0.00053,2e-05,-0.00083
12.4,0.00032,0.00029,-0.00065,4e-05,-0.00024,2e-05,0.00017,0.00014,0.00144,0,-3e-05,3e-05,-0,0.00149,2e-05,0.0001,-0.0006,-1e-05,2e-05,2e-05,0.0063,0.00652,-0.00452,-0.00879,0.00124,2e-05,0.00035,0.00104,-0.00025,-0.00242,8e-05,0.00058,-2e-05,-0.00114
12.42,0.00044,0.00021,-0.00058,3e-05,-0.00021,2e-05,0.00021,0.00011,0.00156,0,-4e-05,2e-05,-0,0.00164,2e-05,0.0001,-0.00055,-1e-05,2e-05,3e-05,0.0051,0.00735,-0.0053,-0.0124,0.00128,2e-05,0.00031,0.00074,-0.00036,-0.00238,0.00018,0.00063,-6e-05,-0.00132
12.44,0.00049,0.00011,-0.00052,1e-05,-0.00018,2e-05,0.00024,8e-05,0.00168,0,-4e-05,2e-05,-0,0.00173,2e-05,0.0001,-0.0005,-1e-05,3e-05,3e-05,0.00341,0.00791,-0.00573,-0.01627,0.00126,1e-05,0.00023,0.00045,-0.00051,-0.00229,0.00029,0.00068,-9e-05,-0.00138
12.46,0.00043,0,-0.00046,-1e-05,-0.00014,2e-05,0.00025,4e-05,0.0018,0,-5e-05,2e-05,-0,0.00178,2e-05,9e-05,-0.00044,-1e-05,3e-05,3e-05,0.00183,0.00785,-0.00563,-0.01995,0.0012,1e-05,0.00017,0.00018,-0.0007,-0.00216,0.00041,0.00071,-0.00011,-0.00136
12.48,0.00026,-9e-05,-0.0004,-2e-05,-0.00011,1e-05,0.00025,0,0.0019,0,-5e-05,2e-05,-0,0.00175,1e-05,8e-05,-0.00038,-0,3e-05,4e-05,0.00029,0.00865,-0.00645,-0.01151,0.00052,-9e-05,6e-05,-8e-05,-0.00097,-0.00198,0.00055,0.00072,-0.00012,-0.00128
12.5,0,-0.00014,-0.00034,-2e-05,-8e-05,1e-05,0.00025,-4e-05,0.002,0,-5e-05,2e-05,-0,0.00165,0,8e-05,-0.00033,-0,3e-05,4e-05,0.0002,0.00926,-0.00722,-0.00479,-0.0005,-0.00022,0,-0.0003,-0.0013,-0.00178,0.00072,0.00071,-0.00011,-0.00111
12.52,-0.00032,-0.00019,-0.00031,-2e-05,-6e-05,1e-05,0.00024,-7e-05,0.00215,0,-4e-05,1e-05,0,0.00148,-1e-05,7e-05,-0.0003,-0,3e-05,4e-05,0.00347,0.00972,-0.00768,-0.00492,-0.00168,-0.00033,2e-05,-0.00047,-0.00171,-0.00157,0.00096,0.00065,-4e-05,-0.00081
12.54,-0.00066,-0.00026,-0.00028,-1e-05,-5e-05,1e-05,0.00023,-8e-05,0.00226,0,-4e-05,2e-05,0,0.00124,-1e-05,5e-05,-0.00027,-0,3e-05,3e-05,0.01127,0.01002,-0.00762,-0.01376,-0.00277,-0.00037,0.0001,-0.00058,-0.00216,-0.00135,0.00127,0.00055,5e-05,-0.00049
12.56,-0.00095,-0.00033,-0.00028,0,-5e-05,1e-05,0.00022,-8e-05,0.00226,0,-3e-05,2e-05,0,0.00098,-1e-05,4e-05,-0.00023,-0,3e-05,3e-05,0.02402,0.00992,-0.00693,-0.03022,-0.00345,-0.00029,0.00022,-0.00062,-0.00265,-0.00112,0.00162,0.0004,0.00011,-0.00023
12.58,-0.00109,-0.00043,-0.00029,2e-05,-5e-05,1e-05,0.00021,-5e-05,0.0022,0,-2e-05,2e-05,0,0.00071,-1e-05,3e-05,-0.0002,-0,2e-05,2e-05,0.0424,0.0089,-0.00534,-0.0533,-0.00342,-7e-05,0.00035,-0.00058,-0.00315,-0.00086,0.00199,0.00019,0.00016,-1e-05
12.6,-0.00108,-0.00056,-0.00034,3e-05,-6e-05,1e-05,0.00019,1e-05,0.00199,0,-2e-05,2e-05,0,0.00045,-1e-05,2e-05,-0.00016,-0,2e-05,2e-05,0.06297,0.0074,-0.00354,-0.06434,-0.00242,0.00027,0.00045,-0.00046,-0.00369,-0.00067,0.00245,-0.0001,0.00016,8e-05
12.62,-0.00106,-0.00072,-0.00041,4e-05,-8e-05,0,0.00017,8e-05,0.00161,-0,-1e-05,2e-05,0,0.00021,-0,1e-05,-0.00012,-0,1e-05,1e-05,0.0782,0.00768,-0.00217,-0.0489,-0.00065,0.00066,0.00053,-0.00026,-0.00439,-0.00056,0.00317,-0.00045,0.0001,4e-05
12.64,-0.00096,-0.00095,-0.00049,4e-05,-0.0001,0,0.00016,0.00018,0.0012,-0,-0,2e-05,0,2e-05,1e-05,1e-05,-7e-05,-0,1e-05,1e-05,0.08887,0.00901,-0.00045,-0.02653,0.00135,0.00098,0.00056,7e-05,-0.00527,-0.00046,0.00401,-0.00085,4e-05,0
12.66,-0.0007,-0.00131,-0.00057,4e-05,-0.00013,0,0.00015,0.00027,0.00086,-0,0,2e-05,0,-0.00011,1e-05,0,0,-0,-0,0,0.09946,0.00975,0.00164,-0.00973,0.00312,0.00116,0.00049,0.00053,-0.00628,-0.00029,0.00481,-0.0013,-2e-05,-1e-05
12.68,-0.00039,-0.00188,-0.00063,3e-05,-0.00016,0,0.00016,0.00036,0.00056,-0,1e-05,2e-05,0,-0.00021,1e-05,0,8e-05,-0,-1e-05,-0,0.10863,0.01007,0.00377,0.00172,0.00431,0.00115,0.00036,0.00091,-0.00735,-5e-05,0.00551,-0.00179,-5e-05,-1e-05
12.7,-9e-05,-0.00262,-0.00064,2e-05,-0.0002,0,0.00019,0.00043,0.00031,-0,1e-05,2e-05,0,-0.00028,0,0,0.00017,-0,-1e-05,-1e-05,0.11492,0.01043,0.00574,0.00697,0.00473,0.00101,0.00022,0.00124,-0.00831,0.00025,0.00634,-0.00221,-7e-05,1e-05
12.72,0.00013,-0.00345,-0.00059,1e-05,-0.00026,1e-05,0.00024,0.00048,0.0001,-0,1e-05,2e-05,0,-0.0003,1e-05,1e-05,0.00026,0,-2e-05,-1e-05,0.11624,0.01146,0.0074,0.00658,0.00435,0.00083,8e-05,0.00197,-0.00855,0.00064,0.00769,-0.00233,-5e-05,0.00012
12.74,0.00023,-0.00441,-0.00047,0,-0.00033,1e-05,0.00032,0.0005,-6e-05,-0,2e-05,2e-05,0,-0.00033,3e-05,2e-05,0.00035,0,-2e-05,-1e-05,0.11259,0.01225,0.00859,0.00285,0.00329,0.0006,-1e-05,0.00268,-0.00731,0.001,0.00927,-0.00224,-1e-05,0.00023
12.76,0.00021,-0.00547,-0.00029,0,-0.00039,1e-05,0.00043,0.00049,-0.0002,-0,2e-05,1e-05,0,-0.00041,4e-05,3e-05,0.00043,1e-05,-3e-05,-1e-05,0.10558,0.01196,0.00913,-0.00098,0.00176,0.00032,-7e-05,0.00246,-0.0045,0.0011,0.0107,-0.00206,3e-05,0.00027
12.78,0.0001,-0.00643,-7e-05,0,-0.00044,1e-05,0.00054,0.00046,-0.00031,-0,2e-05,1e-05,0,-0.00061,6e-05,4e-05,0.00048,1e-05,-3e-05,-2e-05,0.09399,0.01103,0.00915,-0.00309,-1e-05,3e-05,-0.0001,0.0008,-0.00033,0.00084,0.01191,-0.00177,5e-05,0.00024
12.8,2e-05,-0.00722,0.00014,1e-05,-0.00046,1e-05,0.00065,0.00041,-0.00041,-0,2e-05,0,-0,-0.00084,6e-05,6e-05,0.00051,1e-05,-3e-05,-2e-05,0.07949,0.0093,0.0082,-0.00182,-0.00177,-0.00029,-0.00012,-0.00177,0.00406,0.00022,0.01254,-0.00144,4e-05,0.0001
12.82,-6e-05,-0.00775,0.00031,1e-05,-0.00046,1e-05,0.00074,0.00035,-0.0005,-0,2e-05,0,-0,-0.00102,5e-05,7e-05,0.00054,2e-05,-3e-05,-2e-05,0.06503,0.00692,0.00616,0.00176,-0.00339,-0.0006,-0.00014,-0.00373,0.00726,-0.00056,0.01236,-0.00112,1e-05,-6e-05
12.84,-0.00019,-0.00777,0.00042,2e-05,-0.00042,1e-05,0.00078,0.00029,-0.00058,-0,1e-05,-0,-0,-0.0012,2e-05,0.0001,0.00057,2e-05,-3e-05,-2e-05,0.05015,0.00483,0.00415,0.00538,-0.00475,-0.00091,-0.0002,-0.00529,0.00887,-0.00126,0.01132,-0.00081,-0,-0.00014
12.86,-0.00026,-0.0072,0.00044,2e-05,-0.00036,1e-05,0.00075,0.00025,-0.00064,-0,1e-05,-1e-05,-0,-0.00141,1e-05,0.00013,0.00057,2e-05,-3e-05,-2e-05,0.0345,0.00317,0.00258,0.00836,-0.0057,-0.00122,-0.00029,-0.00698,0.00897,-0.00172,0.00954,-0.00052,-0,-0.00013
12.88,-0.00025,-0.00616,0.00036,1e-05,-0.00028,0,0.00065,0.00022,-0.00068,-0,1e-05,-1e-05,-0,-0.0016,1e-05,0.00016,0.00057,3e-05,-3e-05,-2e-05,0.01946,0.00182,0.00141,0.00997,-0.00624,-0.00149,-0.00041,-0.008,0.00777,-0.00184,0.00729,-0.00025,2e-05,-5e-05
12.9,-0.00021,-0.0048,0.00019,1e-05,-0.00019,-1e-05,0.0005,0.00021,-0.00067,-0,1e-05,-1e-05,-0,-0.00176,0,0.0002,0.00055,3e-05,-2e-05,-2e-05,0.00724,0.00072,0.00066,0.01008,-0.00638,-0.00173,-0.00055,-0.0079,0.00572,-0.00149,0.00481,-5e-05,4e-05,6e-05
12.92,-0.00026,-0.0033,-2e-05,2e-05,-0.00011,-1e-05,0.00032,0.00021,-0.00058,-0,1e-05,-1e-05,-0,-0.0019,-0,0.00025,0.0005,3e-05,-2e-05,-3e-05,-0.00113,-0.00021,0.00018,0.00898,-0.00613,-0.002,-0.00069,-0.00682,0.00353,-0.00069,0.00241,0.00013,7e-05,0.00014
12.94,-0.00031,-0.00175,-0.00025,3e-05,-4e-05,-2e-05,0.00014,0.00023,-0.00043,-0,0,-1e-05,-0,-0.00197,-1e-05,0.00031,0.00045,3e-05,-2e-05,-2e-05,-0.00683,-0.00093,-7e-05,0.00671,-0.00561,-0.00219,-0.00079,-0.00517,0.00168,0.00039,1e-05,0.00033,0.0001,0.00021
12.96,-0.00029,-0.00021,-0.00046,2e-05,-0,-3e-05,-3e-05,0.00027,-0.00023,-0,-0,-1e-05,-0,-0.00196,-1e-05,0.00036,0.00042,3e-05,-1e-05,-2e-05,-0.01059,-0.00144,-0.0001,0.00361,-0.00491,-0.00222,-0.00078,-0.00322,0.00033,0.00159,-0.00264,0.00052,0.00012,0.00026
12.98,-0.00025,0.00133,-0.00063,1e-05,1e-05,-3e-05,-0.00018,0.00032,0,-0,-1e-05,-0,-0,-0.00186,-1e-05,0.00041,0.00039,3e-05,-1e-05,-2e-05,-0.01223,-0.00175,3e-05,0.00031,-0.00409,-0.00208,-0.00067,-0.00117,-0.00047,0.00269,-0.00572,0.00069,0.00013,0.00029
13,-0.00019,0.00283,-0.00075,-2e-05,1e-05,-3e-05,-0.00032,0.00039,0.00023,-0,-1e-05,1e-05,0,-0.0017,-1e-05,0.00044,0.00037,3e-05,-1e-05,-2e-05,-0.01204,-0.00196,0.00022,-0.0026,-0.0032,-0.00181,-0.00049,0.00047,-0.0008,0.00341,-0.00934,0.00083,0.00013,0.00032
13.02,-0.00012,0.00428,-0.0008,-4e-05,-1e-05,-3e-05,-0.00044,0.00049,0.00046,-0,-1e-05,2e-05,0,-0.00152,-0,0.00046,0.00035,3e-05,-0,-1e-05,-0.01056,-0.00212,0.00037,-0.0047,-0.0023,-0.00144,-0.00027,0.00121,-0.00078,0.00345,-0.01337,0.00091,0.00013,0.00037
13.04,-5e-05,0.00567,-0.00079,-7e-05,-4e-05,-4e-05,-0.00056,0.0006,0.00066,0,-1e-05,3e-05,0,-0.00129,-0,0.00046,0.00033,3e-05,-0,-1e-05,-0.00838,-0.00223,0.00047,-0.00573,-0.00146,-0.00102,-6e-05,0.00121,-0.00043,0.00259,-0.01737,0.00094,0.00012,0.0004
13.06,-1e-05,0.00696,-0.00072,-0.0001,-8e-05,-4e-05,-0.00067,0.00073,0.00078,0,-1e-05,4e-05,0,-0.00103,0,0.00044,0.00031,2e-05,-0,-1e-05,-0.00596,-0.00226,0.00051,-0.00557,-0.00072,-0.00062,9e-05,0.00083,0.0002,0.00094,-0.02085,0.00092,0.00011,0.00041
13.08,4e-05,0.00812,-0.00058,-0.00013,-0.00013,-4e-05,-0.00079,0.00086,0.00083,0,-0,5e-05,0,-0.00076,0,0.0004,0.0003,2e-05,-0,-1e-05,-0.00368,-0.00225,0.00048,-0.0043,-0.00011,-0.00026,0.00015,0.00032,0.00103,-0.00121,-0.02324,0.00085,8e-05,0.0004
13.1,0.0001,0.0091,-0.00038,-0.00015,-0.00017,-4e-05,-0.00093,0.00101,0.00078,0,1e-05,6e-05,0,-0.0005,1e-05,0.00034,0.00027,2e-05,-0,-0,-0.0018,-0.00223,0.0004,-0.0021,0.00036,2e-05,0.00011,-0.0001,0.00187,-0.00307,-0.02446,0.00074,6e-05,0.00035
13.12,0.00017,0.00984,-0.00014,-0.00017,-0.00021,-5e-05,-0.0011,0.00119,0.00061,0,3e-05,7e-05,0,-0.00027,2e-05,0.00026,0.00024,1e-05,-0,-0,-0.00051,-0.0021,0.00027,0.00083,0.00068,0.00021,-2e-05,0.00027,0.00247,-0.00381,-0.02457,0.0006,4e-05,0.00027
13.14,0.00024,0.01019,0.00014,-0.00018,-0.00024,-5e-05,-0.0013,0.00141,0.00034,0,5e-05,8e-05,0,-8e-05,5e-05,0.00017,0.00019,1e-05,-0,-0,9e-05,-0.00205,0.00016,0.00274,0.00077,0.00024,-0.00017,0.00172,0.00274,-0.00336,-0.02336,0.00044,3e-05,0.00017
13.16,0.00032,0.01005,0.00043,-0.00018,-0.00026,-5e-05,-0.00155,0.00163,-1e-05,1e-05,7e-05,9e-05,-0,8e-05,7e-05,0.0001,0.00013,0,-0,0,0.0004,-0.00211,6e-05,0.00352,0.00071,0.0002,-0.0003,0.00361,0.00266,-0.00217,-0.02077,0.00028,2e-05,9e-05
13.18,0.00037,0.0093,0.00071,-0.00017,-0.00026,-5e-05,-0.00185,0.00187,-0.00044,1e-05,0.0001,9e-05,-0,0.00021,9e-05,4e-05,7e-05,0,0,0,0.00025,-0.00207,-3e-05,0.00439,0.00061,0.00014,-0.00042,0.00542,0.0021,-0.0008,-0.01687,0.00012,1e-05,1e-05
13.2,0.00039,0.00793,0.00093,-0.00015,-0.00024,-5e-05,-0.0022,0.00214,-0.00097,1e-05,0.00013,9e-05,-0,0.0003,0.00011,1e-05,-1e-05,-0,0,0,-0.00049,-0.00174,-0.0001,0.00558,0.00047,6e-05,-0.00049,0.00638,0.00135,-5e-05,-0.01282,-2e-05,-1e-05,-6e-05
13.22,0.00037,0.00603,0.00108,-0.00013,-0.00021,-5e-05,-0.00256,0.00247,-0.00157,1e-05,0.00017,8e-05,-1e-05,0.00036,0.00011,0,-0.0001,-0,0,0,-0.00172,-0.00086,-0.00015,0.00737,0.00028,-2e-05,-0.00048,0.0065,0.00111,0.00027,-0.00965,-0.00014,-2e-05,-8e-05
13.24,0.00026,0.00366,0.00113,-0.00011,-0.00018,-4e-05,-0.00291,0.0028,-0.00223,1e-05,0.0002,7e-05,-1e-05,0.00041,7e-05,4e-05,-0.0002,-0,0,0,-0.00341,0.00048,-0.00014,0.00921,5e-05,-0.0001,-0.00042,0.00628,0.00121,0.00065,-0.00695,-0.00019,-3e-05,-6e-05
13.26,6e-05,0.00104,0.00109,-9e-05,-0.00014,-4e-05,-0.00321,0.00309,-0.00291,1e-05,0.00024,5e-05,-1e-05,0.00044,-2e-05,0.00011,-0.00031,-0,0,0,-0.0055,0.00207,-0.0001,0.01047,-0.00021,-0.00017,-0.00034,0.00581,0.00123,0.0009,-0.00469,-0.00021,-3e-05,-1e-05
13.28,-0.00019,-0.00144,0.00098,-7e-05,-9e-05,-3e-05,-0.00344,0.00333,-0.00363,1e-05,0.00027,4e-05,-1e-05,0.00046,-0.00016,0.0002,-0.00044,-0,0,0,-0.00763,0.00378,-3e-05,0.011,-0.00047,-0.00023,-0.00024,0.00501,0.0012,0.00102,-0.00313,-0.00019,-2e-05,5e-05
13.3,-0.00045,-0.00349,0.00084,-6e-05,-6e-05,-2e-05,-0.00352,0.00348,-0.00412,0,0.0003,2e-05,-2e-05,0.00048,-0.00036,0.0003,-0.00056,-0,0,0,-0.00882,0.00528,0,0.01048,-0.00068,-0.00027,-0.00016,0.00402,0.00102,0.00093,-0.00214,-0.00015,-2e-05,0.00012
13.32,-0.00072,-0.00484,0.0007,-6e-05,-3e-05,-1e-05,-0.00339,0.00353,-0.00394,-0,0.00033,1e-05,-2e-05,0.0005,-0.00058,0.0004,-0.00065,-0,0,0,-0.00813,0.00614,-0.00012,0.00892,-0.00076,-0.00027,-0.00013,0.00301,0.00069,0.0006,-0.0015,-0.0001,-1e-05,0.00023
13.34,-0.00095,-0.00513,0.00057,-6e-05,-0,0,-0.00307,0.00349,-0.00345,-1e-05,0.00035,-0,-1e-05,0.0005,-0.00082,0.00048,-0.00072,-0,-0,0,-0.0061,0.0061,-0.00047,0.00676,-0.00072,-0.00024,-0.00011,0.00182,0.00035,0.00022,-0.00106,-3e-05,-0,0.00037
13.36,-0.00111,-0.00429,0.00045,-7e-05,2e-05,1e-05,-0.00262,0.00337,-0.00294,-2e-05,0.00035,-2e-05,-1e-05,0.00048,-0.00103,0.00052,-0.00078,-0,-0,0,-0.0036,0.00514,-0.00107,0.00446,-0.00062,-0.00021,-7e-05,0.00047,7e-05,-0.00012,-0.00071,4e-05,1e-05,0.00051
13.38,-0.0012,-0.00253,0.00031,-7e-05,2e-05,2e-05,-0.00209,0.00319,-0.00238,-3e-05,0.00034,-2e-05,-0,0.00043,-0.00122,0.00053,-0.00081,-0,0,0,-0.00089,0.00342,-0.00192,0.0023,-0.00046,-0.00016,-2e-05,-0.00079,-0.00011,-0.00034,-0.00037,0.00011,2e-05,0.00063
13.4,-0.00124,-0.00022,0.00015,-8e-05,3e-05,3e-05,-0.00149,0.00296,-0.0019,-5e-05,0.00032,-3e-05,-0,0.00038,-0.00136,0.00049,-0.00082,-0,0,0,0.00103,0.00128,-0.00277,0.00045,-0.0003,-0.00012,5e-05,-0.00183,-0.00017,-0.00048,-4e-05,0.00017,2e-05,0.00071
13.42,-0.00125,0.00214,-1e-05,-8e-05,2e-05,3e-05,-0.00083,0.00269,-0.00158,-7e-05,0.00028,-3e-05,0,0.00032,-0.00145,0.00043,-0.00082,-0,0,0,0.00163,-0.00084,-0.00322,-0.00115,-0.00017,-8e-05,0.00012,-0.0026,-0.0001,-0.00062,0.00027,0.00023,3e-05,0.00073
13.44,-0.00127,0.00412,-0.00015,-9e-05,1e-05,3e-05,-0.0002,0.00239,-0.0013,-8e-05,0.00025,-3e-05,0,0.00026,-0.00149,0.00035,-0.0008,-0,0,0,0.00151,-0.0026,-0.00321,-0.00259,-6e-05,-4e-05,0.00019,-0.00305,9e-05,-0.00072,0.00056,0.00026,3e-05,0.0007
13.46,-0.00132,0.00539,-0.00023,-9e-05,0,3e-05,0.00031,0.00209,-0.00103,-0.0001,0.00021,-3e-05,0,0.00018,-0.00146,0.00028,-0.00077,-0,1e-05,1e-05,0.00116,-0.00384,-0.00282,-0.00401,2e-05,1e-05,0.00027,-0.00311,0.00039,-0.00073,0.00081,0.00028,3e-05,0.00063
13.48,-0.00141,0.0058,-0.00021,-9e-05,-0,2e-05,0.00072,0.00181,-0.00078,-0.00012,0.00018,-3e-05,1e-05,0.00012,-0.00138,0.00022,-0.00073,-0,1e-05,1e-05,0.00073,-0.00447,-0.00211,-0.00536,6e-05,6e-05,0.00033,-0.00281,0.00076,-0.00067,0.00101,0.00028,3e-05,0.00052
13.5,-0.00155,0.00515,-0.0001,-8e-05,1e-05,1e-05,0.00095,0.00158,-0.00059,-0.00014,0.00015,-2e-05,1e-05,5e-05,-0.00123,0.00016,-0.00069,-0,1e-05,1e-05,0.00034,-0.00448,-0.00126,-0.00648,7e-05,0.0001,0.00039,-0.00223,0.0012,-0.00062,0.0012,0.00025,2e-05,0.00037
13.52,-0.00174,0.00322,6e-05,-5e-05,3e-05,1e-05,0.00097,0.00143,-0.00044,-0.00015,0.00012,-2e-05,1e-05,-4e-05,-0.00099,0.00012,-0.00066,-0,1e-05,1e-05,6e-05,-0.00405,-0.00045,-0.0072,4e-05,0.00013,0.00054,-0.00149,0.00171,-0.00059,0.00146,0.00021,2e-05,0.00019
13.54,-0.00195,0.00029,0.00023,-1e-05,6e-05,0,0.00089,0.00136,-0.00032,-0.00016,0.0001,-2e-05,0,-0.0001,-0.00072,8e-05,-0.00064,-0,2e-05,1e-05,-0.00011,-0.00335,0.00021,-0.00733,-0,0.00014,0.00071,-0.00069,0.00231,-0.00058,0.00181,0.00014,2e-05,1e-05
13.56,-0.00215,-0.00326,0.00035,4e-05,0.0001,0,0.0008,0.0014,-0.00022,-0.00016,8e-05,-1e-05,0,-0.00014,-0.00045,5e-05,-0.00061,-0,2e-05,1e-05,-0.00023,-0.00253,0.0007,-0.00682,-3e-05,0.00015,0.0008,3e-05,0.00297,-0.00057,0.00218,5e-05,1e-05,-0.00017
13.58,-0.00232,-0.00716,0.00042,9e-05,0.00013,0,0.00071,0.00153,-0.00015,-0.00015,6e-05,-1e-05,0,-0.00014,-0.00021,3e-05,-0.00058,-0,2e-05,1e-05,-0.00032,-0.00169,0.00102,-0.00576,-6e-05,0.00015,0.00084,0.0005,0.00362,-0.00054,0.00254,-4e-05,0,-0.00033
13.6,-0.00248,-0.01112,0.00041,0.00014,0.00016,1e-05,0.0006,0.00176,-0.0001,-0.00014,5e-05,-1e-05,0,-0.00013,-3e-05,2e-05,-0.00056,-1e-05,2e-05,1e-05,-0.00038,-0.00097,0.00121,-0.00448,-6e-05,0.00014,0.00077,0.00063,0.00436,-0.00057,0.00296,-0.00013,-0,-0.00045
13.62,-0.00265,-0.01485,0.00036,0.00018,0.00017,2e-05,0.0005,0.00208,-6e-05,-0.00013,5e-05,-0,0,-0.00012,7e-05,0,-0.00054,-1e-05,3e-05,1e-05,-0.00042,-0.00049,0.00139,-0.00328,-5e-05,0.00012,0.00055,0.00052,0.00525,-0.00065,0.00346,-0.00018,-1e-05,-0.00049
13.64,-0.00281,-0.01788,0.00028,0.00021,0.00017,3e-05,0.00041,0.00246,-4e-05,-0.00013,6e-05,0,0,-9e-05,0.00011,-1e-05,-0.00052,-1e-05,3e-05,1e-05,-0.00039,-0.00018,0.00153,-0.00217,-3e-05,0.00011,0.00032,0.00027,0.00591,-0.00063,0.00374,-0.00019,-1e-05,-0.00046
13.66,-0.00298,-0.01982,0.0002,0.00023,0.00017,4e-05,0.00034,0.00285,-3e-05,-0.00012,7e-05,1e-05,0,-5e-05,9e-05,-4e-05,-0.00051,-1e-05,2e-05,1e-05,-0.00027,-1e-05,0.00159,-0.00118,1e-05,9e-05,0.00011,-3e-05,0.00605,-0.00045,0.00361,-0.00016,-0,-0.00038
13.68,-0.00325,-0.0206,0.00015,0.00024,0.00015,5e-05,0.00029,0.0032,-3e-05,-0.00012,9e-05,1e-05,0,0,3e-05,-7e-05,-0.00049,-1e-05,2e-05,1e-05,-4e-05,-2e-05,0.00162,-0.00039,7e-05,8e-05,-7e-05,-0.00021,0.00566,-0.00016,0.0032,-0.0001,-0,-0.00025
13.7,-0.0036,-0.02032,0.00015,0.00026,0.00015,5e-05,0.00026,0.0035,-4e-05,-0.00013,0.00012,2e-05,0,7e-05,-8e-05,-0.0001,-0.00047,-1e-05,2e-05,1e-05,0.00029,-0.00021,0.00164,0.00019,0.00014,7e-05,-0.00022,-0.00025,0.00479,0.00019,0.00248,-2e-05,0,-0.00013
13.72,-0.004,-0.01927,0.00022,0.00028,0.00015,5e-05,0.00025,0.0037,-6e-05,-0.00014,0.00015,3e-05,1e-05,0.00015,-0.0002,-0.00012,-0.00046,-1e-05,1e-05,1e-05,0.00069,-0.0005,0.00163,0.00062,0.00021,6e-05,-0.00034,-0.00017,0.00362,0.00051,0.00156,6e-05,1e-05,-1e-05
13.74,-0.00462,-0.01782,0.00041,0.00031,0.00017,5e-05,0.00025,0.00378,-8e-05,-0.00017,0.00019,3e-05,1e-05,0.00024,-0.00031,-0.00013,-0.00044,-1e-05,1e-05,1e-05,0.00117,-0.00081,0.00164,0.00092,0.00029,5e-05,-0.00044,-0,0.00238,0.00074,0.00068,0.00015,1e-05,0.00013
13.76,-0.00565,-0.01627,0.0007,0.00036,0.00021,5e-05,0.00025,0.00367,-0.0001,-0.0002,0.00022,4e-05,1e-05,0.00033,-0.00041,-0.00014,-0.00042,-1e-05,1e-05,1e-05,0.00169,-0.0011,0.00167,0.00115,0.00037,2e-05,-0.00052,0.0002,0.00122,0.00087,-0.00013,0.00024,2e-05,0.00025
13.78,-0.00707,-0.01483,0.00113,0.00044,0.00027,5e-05,0.00026,0.00339,-0.00013,-0.00025,0.00024,4e-05,1e-05,0.00042,-0.00048,-0.00015,-0.0004,-1e-05,1e-05,1e-05,0.00222,-0.00128,0.00172,0.00134,0.00044,-1e-05,-0.00059,0.00036,0.00024,0.00089,-0.00089,0.00032,2e-05,0.00037
13.8,-0.00909,-0.0136,0.00165,0.00053,0.00034,5e-05,0.00026,0.00298,-0.00017,-0.00031,0.00024,4e-05,1e-05,0.00048,-0.0005,-0.00015,-0.00037,-1e-05,1e-05,1e-05,0.00271,-0.0013,0.00182,0.00153,0.0005,-5e-05,-0.00064,0.00045,-0.00051,0.00083,-0.00156,0.0004,2e-05,0.00046
13.82,-0.01191,-0.01264,0.0022,0.00066,0.00041,5e-05,0.00025,0.0025,-0.0002,-0.00037,0.00023,4e-05,1e-05,0.00052,-0.00049,-0.00016,-0.00033,-1e-05,2e-05,1e-05,0.00314,-0.00111,0.00199,0.00174,0.00056,-9e-05,-0.00065,0.00052,-0.00102,0.0007,-0.00209,0.00047,3e-05,0.00053
13.84,-0.01529,-0.0119,0.0027,0.00078,0.00047,4e-05,0.00024,0.00201,-0.00024,-0.00045,0.00019,3e-05,1e-05,0.00051,-0.00044,-0.00016,-0.00028,-1e-05,2e-05,1e-05,0.00345,-0.00075,0.0022,0.00197,0.0006,-0.00014,-0.00064,0.00056,-0.0013,0.00055,-0.00243,0.00053,4e-05,0.00057
13.86,-0.01881,-0.01136,0.00303,0.0009,0.00052,4e-05,0.00022,0.00158,-0.00028,-0.00051,0.00012,3e-05,0,0.00043,-0.00036,-0.00015,-0.00023,-1e-05,3e-05,1e-05,0.00361,-0.0003,0.00241,0.00219,0.00062,-0.0002,-0.00062,0.00056,-0.00138,0.0004,-0.00256,0.00058,6e-05,0.00058
13.88,-0.022,-0.01098,0.00309,0.00098,0.00055,3e-05,0.00019,0.00126,-0.00033,-0.00057,2e-05,2e-05,-0,0.00031,-0.00029,-0.00013,-0.00016,-0,3e-05,1e-05,0.00358,0.00018,0.00259,0.00237,0.00061,-0.00025,-0.00058,0.00055,-0.00132,0.00026,-0.00244,0.00063,8e-05,0.00055
13.9,-0.02465,-0.01068,0.00282,0.00096,0.00055,2e-05,0.00016,0.00101,-0.00038,-0.00058,-9e-05,-0,-1e-05,0.00017,-0.00024,-0.00011,-0.0001,-0,3e-05,0,0.00349,0.00062,0.00273,0.00245,0.00058,-0.0003,-0.00052,0.00053,-0.00115,0.00013,-0.0021,0.00068,0.0001,0.00049
13.92,-0.02663,-0.01038,0.0022,0.00081,0.00052,-1e-05,0.00014,0.00072,-0.00043,-0.00051,-0.00019,-2e-05,-2e-05,7e-05,-0.00023,-9e-05,-4e-05,-0,3e-05,0,0.00355,0.00091,0.00284,0.00236,0.0005,-0.00032,-0.00041,0.00045,-0.00091,2e-05,-0.00159,0.00074,0.00013,0.0004
13.94,-0.02689,-0.01005,0.00141,0.00053,0.00042,-4e-05,0.00016,0.00017,-0.00048,-0.00039,-0.00026,-4e-05,-2e-05,1e-05,-0.00028,-7e-05,1e-05,-0,3e-05,-0,0.00372,0.00104,0.00286,0.00207,0.00038,-0.00031,-0.00028,0.00033,-0.00066,-8e-05,-0.00087,0.00078,0.00018,0.0003
13.96,-0.02477,-0.00963,0.00068,0.00012,0.00026,-8e-05,0.00026,-0.00092,-0.00053,-0.00024,-0.00031,-5e-05,-2e-05,-0,-0.00036,-5e-05,6e-05,-0,2e-05,-1e-05,0.00392,0.00105,0.00274,0.00155,0.00021,-0.00028,-0.00015,0.00019,-0.00043,-0.00015,2e-05,0.00082,0.00022,0.00022
13.98,-0.02067,-0.00905,8e-05,-0.00033,2e-05,-0.00014,0.00042,-0.0028,-0.00059,-8e-05,-0.00032,-5e-05,-1e-05,0,-0.00049,-4e-05,0.0001,-0,1e-05,-1e-05,0.00417,0.00091,0.00252,0.00085,-2e-05,-0.00024,-5e-05,1e-05,-0.00025,-0.00019,0.001,0.00085,0.00027,0.00014
14,-0.01469,-0.00821,-0.00011,-0.00077,-0.00027,-0.0002,0.00072,-0.00531,-0.00063,3e-05,-0.0003,-4e-05,-1e-05,1e-05,-0.00063,-2e-05,0.00014,-0,0,-2e-05,0.00388,0.00047,0.00193,4e-05,-0.00027,-0.00011,8e-05,-0.0002,-0.0001,-0.00019,0.00201,0.00087,0.00033,7e-05
14.02,-0.0077,-0.00706,8e-05,-0.00117,-0.00056,-0.00024,0.00132,-0.00769,-0.0006,7e-05,-0.00022,-0,0,0.00011,-0.00069,-1e-05,0.00016,-0,-0,-2e-05,0.00302,-8e-05,0.0011,-0.0004,-0.00044,0.0001,0.00019,-0.00037,-0,-0.00015,0.00296,0.00088,0.00039,1e-05
14.04,-0.00128,-0.00571,0.00017,-0.00151,-0.00079,-0.00024,0.00211,-0.00956,-0.00055,4e-05,-0.00013,4e-05,1e-05,0.00031,-0.00068,-1e-05,0.00016,0,-1e-05,-2e-05,0.00192,-0.00069,0.00036,-0.00018,-0.00046,0.00028,0.00019,-0.0005,2e-05,-5e-05,0.0038,0.00087,0.00045,-4e-05
14.06,0.0039,-0.00422,0.00011,-0.00169,-0.00095,-0.00023,0.00274,-0.01082,-0.00052,-1e-05,-8e-05,6e-05,2e-05,0.00051,-0.00062,-0,0.00014,0,-1e-05,-1e-05,0.00083,-0.00132,-5e-05,0.00091,-0.00025,0.00036,5e-05,-0.00059,-2e-05,0.00011,0.00443,0.00084,0.0005,-7e-05
14.08,0.00765,-0.00255,3e-05,-0.00174,-0.00101,-0.00022,0.0032,-0.01108,-0.00049,-7e-05,-4e-05,5e-05,2e-05,0.00072,-0.0005,0,0.00011,0,-1e-05,-1e-05,4e-05,-0.00176,9e-05,0.00289,0.00022,0.00029,-0.00026,-0.00065,-0.00011,0.00031,0.00479,0.00079,0.00053,-0.0001
14.1,0.00984,-0.00069,-4e-05,-0.00165,-0.00098,-0.00021,0.00331,-0.01064,-0.00047,-0.00011,-3e-05,4e-05,2e-05,0.00091,-0.00037,0,7e-05,0,-1e-05,-1e-05,-0.00019,-0.00181,0.00101,0.00552,0.00098,8e-05,-0.00066,-0.00064,-0.00021,0.00053,0.00485,0.00072,0.00054,-0.00011
14.12,0.01052,0.00125,-7e-05,-0.0014,-0.00087,-0.00019,0.00299,-0.01001,-0.00047,-0.00012,-6e-05,1e-05,1e-05,0.00101,-0.00023,0,3e-05,0,-1e-05,-0,0.0003,-0.00134,0.00282,0.00822,0.00194,-0.00026,-0.00102,-0.00048,-0.00029,0.00075,0.00458,0.00063,0.00054,-0.00011
14.14,0.01004,0.00306,-7e-05,-0.0011,-0.0007,-0.00015,0.00257,-0.00899,-0.00047,-0.00012,-8e-05,-1e-05,0,0.00109,-0.00011,0,-0,0,-0,-0,0.00138,-0.00033,0.0054,0.01036,0.00283,-0.00075,-0.00131,-0.00029,-0.00028,0.00092,0.00397,0.00053,0.0005,-0.0001
14.16,0.0089,0.00447,-5e-05,-0.00083,-0.0005,-0.00011,0.0022,-0.00755,-0.00045,-0.0001,-8e-05,-2e-05,-0,0.00117,-3e-05,0,-3e-05,0,0,0,0.00259,0.00105,0.00846,0.01137,0.00337,-0.00126,-0.00151,-0.00016,-0.00018,0.00098,0.00304,0.00041,0.00042,-7e-05
14.18,0.00744,0.00521,-2e-05,-0.00059,-0.00029,-7e-05,0.00186,-0.00597,-0.00042,-7e-05,-7e-05,-2e-05,-0,0.00126,-0,-0,-5e-05,0,1e-05,0,0.00354,0.00247,0.01133,0.01087,0.00337,-0.00166,-0.0015,-5e-05,-1e-05,0.00094,0.00189,0.00029,0.00031,-4e-05
14.2,0.00604,0.00512,2e-05,-0.00041,-0.0001,-4e-05,0.00155,-0.00447,-0.00038,-4e-05,-5e-05,-2e-05,-1e-05,0.00134,-2e-05,-0,-7e-05,0,2e-05,-0,0.00395,0.00348,0.01309,0.00897,0.0029,-0.00174,-0.00123,-0,0.00018,0.00084,0.00061,0.00017,0.00017,-0
14.22,0.00498,0.00428,6e-05,-0.00028,5e-05,-2e-05,0.00127,-0.00319,-0.00033,-2e-05,-4e-05,-1e-05,-1e-05,0.00141,-6e-05,0,-8e-05,0,3e-05,-0,0.00384,0.00363,0.01313,0.00627,0.00217,-0.00142,-0.00081,-0,0.00039,0.0007,-0.00066,5e-05,1e-05,3e-05
14.24,0.00421,0.00291,8e-05,-0.00019,0.00014,-0,0.00099,-0.00217,-0.00026,-1e-05,-2e-05,-1e-05,-1e-05,0.00146,-0.0001,1e-05,-9e-05,1e-05,3e-05,-0,0.00345,0.00307,0.01134,0.00375,0.00136,-0.00098,-0.00042,0,0.0006,0.00057,-0.00178,-6e-05,-0.00012,6e-05
14.26,0.00365,0.00133,8e-05,-0.00013,0.00019,1e-05,0.00071,-0.0014,-0.00019,-1e-05,-1e-05,-0,-1e-05,0.00145,-0.00014,1e-05,-0.0001,1e-05,4e-05,-1e-05,0.00288,0.00221,0.00838,0.0019,0.00066,-0.00062,-0.00016,-3e-05,0.00077,0.00045,-0.00271,-0.00015,-0.00022,7e-05
14.28,0.0033,-0.00019,5e-05,-9e-05,0.0002,1e-05,0.00042,-0.00088,-0.00012,-1e-05,-0,-0,-0,0.00139,-0.00015,3e-05,-0.00011,2e-05,4e-05,-1e-05,0.002,0.00128,0.00504,0.00077,0.00018,-0.00037,-2e-05,-0.00012,0.00092,0.00034,-0.00343,-0.00023,-0.0003,8e-05
14.3,0.00305,-0.00136,-1e-05,-7e-05,0.00018,1e-05,0.00011,-0.00055,-5e-05,-1e-05,1e-05,0,-0,0.00129,-0.00013,4e-05,-0.00013,3e-05,4e-05,-1e-05,0.00055,0.00048,0.00206,0.00026,-7e-05,-0.00021,3e-05,-0.00026,0.00103,0.00022,-0.00394,-0.0003,-0.00034,8e-05
14.32,0.00279,-0.00204,-0.0001,-5e-05,0.00016,0,-0.0002,-0.00034,2e-05,-1e-05,1e-05,0,-0,0.00117,-0.0001,6e-05,-0.00013,4e-05,4e-05,-1e-05,-0.00149,-0.00012,-0.00014,8e-05,-0.00012,-0.00011,3e-05,-0.0004,0.00111,9e-05,-0.00429,-0.00035,-0.00036,6e-05
14.34,0.00255,-0.00234,-0.00019,-3e-05,0.00013,-0,-0.0005,-0.00023,8e-05,-0,1e-05,0,0,0.00102,-5e-05,8e-05,-0.00014,4e-05,3e-05,-1e-05,-0.00375,-0.00055,-0.00144,4e-05,-4e-05,-6e-05,1e-05,-0.00051,0.00115,-3e-05,-0.00448,-0.00038,-0.00036,5e-05
14.36,0.00235,-0.00235,-0.00025,-2e-05,0.0001,-1e-05,-0.00081,-0.00016,0.00014,-0,1e-05,0,0,0.00084,1e-05,0.0001,-0.00014,4e-05,3e-05,-0,-0.00595,-0.00085,-0.00186,4e-05,0.0001,-2e-05,-0,-0.00063,0.00116,-0.00013,-0.00455,-0.0004,-0.00034,3e-05
14.38,0.00216,-0.00216,-0.00029,-1e-05,8e-05,-1e-05,-0.0011,-0.00012,0.0002,0,1e-05,0,0,0.00066,7e-05,0.00011,-0.00013,4e-05,2e-05,-0,-0.00788,-0.00105,-0.00158,0,0.00025,1e-05,-1e-05,-0.00073,0.00114,-0.00021,-0.00452,-0.00042,-0.00031,0
14.4,0.00201,-0.00183,-0.0003,-0,7e-05,-1e-05,-0.00138,-9e-05,0.00026,1e-05,1e-05,0,0,0.00047,0.00012,0.00013,-0.00011,3e-05,1e-05,-0,-0.00943,-0.00121,-0.00086,-0.00012,0.0004,3e-05,-1e-05,-0.00077,0.00105,-0.00027,-0.00441,-0.00042,-0.00028,-2e-05
14.42,0.00191,-0.00142,-0.00029,0,7e-05,-1e-05,-0.00161,-6e-05,0.00031,1e-05,2e-05,0,0,0.00027,0.00017,0.00013,-9e-05,2e-05,-0,-0,-0.01044,-0.00133,3e-05,-0.00027,0.00049,4e-05,-1e-05,-0.00074,0.00087,-0.00031,-0.00427,-0.00042,-0.00026,-4e-05
14.44,0.00187,-0.00101,-0.00026,0,7e-05,-1e-05,-0.00179,-4e-05,0.00037,0,2e-05,0,-0,9e-05,0.00019,0.00014,-6e-05,1e-05,-1e-05,-0,-0.01079,-0.00141,0.00082,-0.00037,0.00052,5e-05,1e-05,-0.00064,0.00066,-0.00034,-0.00409,-0.00041,-0.00023,-6e-05
14.46,0.00187,-0.00067,-0.00023,0,8e-05,-1e-05,-0.00193,-1e-05,0.00042,0,2e-05,0,-0,-6e-05,0.0002,0.00013,-1e-05,0,-2e-05,-0,-0.01092,-0.00155,0.00139,-0.00049,0.00054,6e-05,2e-05,-0.00052,0.00045,-0.00036,-0.00387,-0.00041,-0.00021,-7e-05
14.48,0.0019,-0.00038,-0.00021,0,9e-05,-0,-0.00202,2e-05,0.00046,-0,2e-05,0,-0,-0.00021,0.0002,0.00011,5e-05,-0,-3e-05,-0,-0.0108,-0.00174,0.00174,-0.00062,0.00054,7e-05,4e-05,-0.00037,0.00024,-0.00037,-0.00361,-0.00041,-0.00019,-8e-05
14.5,0.00197,-0.00014,-0.00019,-0,0.0001,-0,-0.00206,7e-05,0.0005,-1e-05,2e-05,0,-0,-0.00035,0.00019,8e-05,0.00011,-1e-05,-4e-05,-1e-05,-0.0104,-0.00199,0.00188,-0.00076,0.00053,9e-05,6e-05,-0.00018,3e-05,-0.00039,-0.00333,-0.00041,-0.00017,-9e-05
14.52,0.00205,4e-05,-0.00017,-1e-05,0.00011,0,-0.00205,0.00014,0.00053,-1e-05,2e-05,0,0,-0.00046,0.00017,4e-05,0.00018,-0,-5e-05,-1e-05,-0.00973,-0.00229,0.00181,-0.00085,0.0005,0.0001,9e-05,6e-05,-0.00015,-0.00039,-0.00305,-0.00042,-0.00016,-9e-05
14.54,0.00214,0.00017,-0.00016,-1e-05,0.00011,0,-0.00199,0.00023,0.00056,-1e-05,2e-05,0,0,-0.00056,0.00014,0,0.00027,0,-5e-05,-1e-05,-0.0088,-0.00262,0.00161,-0.0009,0.00047,0.00012,0.00013,0.00031,-0.00027,-0.00037,-0.00276,-0.00043,-0.00015,-9e-05
14.56,0.00221,0.00023,-0.00016,-2e-05,0.00011,0,-0.0019,0.00033,0.00057,-1e-05,2e-05,0,0,-0.00065,0.00012,-4e-05,0.00035,1e-05,-5e-05,-2e-05,-0.00767,-0.00298,0.0013,-0.00091,0.00042,0.00014,0.00018,0.00055,-0.00031,-0.00035,-0.00246,-0.00046,-0.00015,-8e-05
14.58,0.00223,0.00021,-0.00016,-3e-05,0.0001,0,-0.00176,0.00045,0.00058,-1e-05,2e-05,0,0,-0.00074,0.00011,-8e-05,0.00043,1e-05,-6e-05,-2e-05,-0.00639,-0.00335,0.00095,-0.00084,0.00037,0.00016,0.00023,0.00077,-0.00027,-0.00032,-0.00215,-0.0005,-0.00015,-8e-05
14.6,0.00221,0.00012,-0.00016,-4e-05,9e-05,1e-05,-0.00158,0.00059,0.00058,-0,2e-05,0,0,-0.00082,0.0001,-0.00012,0.0005,2e-05,-5e-05,-3e-05,-0.00513,-0.00361,0.00057,-0.00071,0.00031,0.00017,0.00028,0.00093,-0.00011,-0.00026,-0.00186,-0.00055,-0.00015,-7e-05
14.62,0.00212,-2e-05,-0.00015,-5e-05,7e-05,1e-05,-0.00138,0.00072,0.00056,0,2e-05,0,0,-0.00085,9e-05,-0.00013,0.00061,2e-05,-5e-05,-3e-05,-0.004,-0.00361,0.00021,-0.00054,0.00025,0.00017,0.00034,0.00099,0.00024,-0.00016,-0.0016,-0.00061,-0.00015,-6e-05
14.64,0.00193,-0.00021,-0.00014,-6e-05,5e-05,1e-05,-0.00116,0.00085,0.00054,1e-05,2e-05,0,0,-0.00088,7e-05,-0.00013,0.00071,3e-05,-5e-05,-3e-05,-0.00302,-0.00337,-0.0001,-0.00033,0.00019,0.00017,0.00039,0.00098,0.00071,-3e-05,-0.00136,-0.00067,-0.00016,-5e-05
14.66,0.00161,-0.00041,-0.00012,-6e-05,2e-05,1e-05,-0.00095,0.00097,0.00051,1e-05,2e-05,0,-0,-0.00091,6e-05,-0.00012,0.0008,3e-05,-4e-05,-3e-05,-0.0022,-0.003,-0.00034,-9e-05,0.00014,0.00017,0.00042,0.00091,0.00121,0.0001,-0.00115,-0.00075,-0.00016,-4e-05
14.68,0.00115,-0.00061,-0.0001,-5e-05,-0,1e-05,-0.00074,0.00106,0.00048,1e-05,2e-05,0,-0,-0.00096,4e-05,-0.0001,0.00086,3e-05,-4e-05,-3e-05,-0.00154,-0.00251,-0.0005,0.00013,9e-05,0.00015,0.00044,0.00081,0.00169,0.00022,-0.00097,-0.00082,-0.00017,-3e-05
14.7,0.00059,-0.00082,-7e-05,-4e-05,-3e-05,1e-05,-0.00055,0.00113,0.00043,1e-05,2e-05,0,-0,-0.001,2e-05,-7e-05,0.00091,3e-05,-4e-05,-2e-05,-0.00105,-0.00197,-0.00058,0.00032,5e-05,0.00013,0.00044,0.00066,0.00209,0.00032,-0.00081,-0.00089,-0.00017,-2e-05
14.72,-7e-05,-0.00104,-4e-05,-2e-05,-4e-05,2e-05,-0.0004,0.00118,0.00037,0,2e-05,0,-0,-0.00101,-1e-05,-3e-05,0.00092,3e-05,-4e-05,-2e-05,-0.0007,-0.00147,-0.00058,0.00045,1e-05,0.00011,0.00041,0.0005,0.00234,0.00039,-0.00066,-0.00094,-0.00017,-1e-05
14.74,-0.00085,-0.0013,-1e-05,1e-05,-5e-05,2e-05,-0.00028,0.0012,0.00031,-1e-05,2e-05,0,0,-0.00101,-4e-05,1e-05,0.00089,3e-05,-4e-05,-2e-05,-0.00046,-0.00104,-0.00051,0.00052,-2e-05,8e-05,0.00036,0.00035,0.00245,0.00042,-0.00053,-0.00096,-0.00016,0
14.76,-0.00175,-0.00158,1e-05,5e-05,-3e-05,2e-05,-0.00019,0.0012,0.00025,-2e-05,2e-05,0,0,-0.00101,-5e-05,4e-05,0.00084,3e-05,-4e-05,-2e-05,-0.00029,-0.00067,-0.0004,0.00055,-5e-05,6e-05,0.00032,0.00024,0.00241,0.00041,-0.0004,-0.00096,-0.00015,1e-05
14.78,-0.00271,-0.00192,2e-05,9e-05,0,2e-05,-0.00011,0.00119,0.00018,-3e-05,2e-05,0,0,-0.00101,-5e-05,5e-05,0.00076,3e-05,-3e-05,-1e-05,-0.00017,-0.00038,-0.00026,0.00054,-7e-05,3e-05,0.00028,0.00015,0.00225,0.00038,-0.00028,-0.00095,-0.00014,1e-05
14.8,-0.00379,-0.0023,1e-05,0.00014,5e-05,2e-05,-5e-05,0.00117,0.00012,-4e-05,2e-05,0,0,-0.00098,-4e-05,4e-05,0.00065,2e-05,-3e-05,-1e-05,-9e-05,-0.00018,-0.00013,0.00051,-9e-05,2e-05,0.00025,9e-05,0.00196,0.00031,-0.00016,-0.00091,-0.00013,1e-05
14.82,-0.00514,-0.00271,0,0.0002,0.00011,1e-05,1e-05,0.00114,5e-05,-5e-05,2e-05,0,0,-0.00094,-0,3e-05,0.00051,2e-05,-3e-05,-1e-05,-3e-05,-6e-05,1e-05,0.00045,-0.00011,0,0.00021,5e-05,0.00159,0.00022,-5e-05,-0.00085,-0.00011,-1e-05
14.84,-0.00667,-0.00316,-1e-05,0.00026,0.00016,1e-05,6e-05,0.00111,-2e-05,-6e-05,2e-05,0,0,-0.00088,5e-05,1e-05,0.00036,1e-05,-3e-05,-1e-05,3e-05,2e-05,0.00014,0.00039,-0.00012,-1e-05,0.00017,3e-05,0.00121,0.00013,5e-05,-0.00078,-0.0001,-3e-05
14.86,-0.00822,-0.00361,-2e-05,0.00032,0.00021,1e-05,0.00012,0.0011,-0.0001,-7e-05,2e-05,0,0,-0.00082,0.0001,0,0.00021,1e-05,-2e-05,-1e-05,8e-05,7e-05,0.00026,0.00033,-0.00013,-2e-05,0.00013,2e-05,0.00086,5e-05,0.00014,-0.00069,-8e-05,-8e-05
14.88,-0.00973,-0.00405,-4e-05,0.00039,0.00024,0,0.00019,0.0011,-0.00018,-7e-05,3e-05,0,0,-0.00076,0.00016,-0,6e-05,1e-05,-1e-05,-0,0.00013,0.0001,0.00036,0.00027,-0.00014,-3e-05,8e-05,2e-05,0.00055,-2e-05,0.00021,-0.00058,-7e-05,-0.00014
14.9,-0.01122,-0.00445,-5e-05,0.00044,0.00026,0,0.00027,0.00112,-0.00026,-7e-05,3e-05,0,0,-0.00068,0.00021,1e-05,-8e-05,1e-05,-0,-0,0.00017,0.00012,0.00044,0.00021,-0.00014,-4e-05,3e-05,2e-05,0.00028,-7e-05,0.00028,-0.00046,-5e-05,-0.00023
14.92,-0.01278,-0.00476,-7e-05,0.0005,0.00025,-0,0.00036,0.00115,-0.00033,-6e-05,4e-05,0,0,-0.0006,0.00024,2e-05,-0.00022,0,1e-05,0,0.00022,0.00012,0.00051,0.00016,-0.00015,-4e-05,-3e-05,1e-05,6e-05,-8e-05,0.00032,-0.00034,-4e-05,-0.00033
14.94,-0.01425,-0.00493,-8e-05,0.00054,0.00021,-0,0.00047,0.00118,-0.0004,-5e-05,4e-05,0,0,-0.00051,0.00025,5e-05,-0.00035,0,2e-05,0,0.00026,0.00011,0.00056,0.00013,-0.00016,-5e-05,-7e-05,1e-05,-0.00013,-7e-05,0.00035,-0.00021,-2e-05,-0.00046
14.96,-0.01548,-0.00492,-8e-05,0.00058,0.00014,-0,0.00058,0.0012,-0.00046,-4e-05,5e-05,0,0,-0.00038,0.00024,9e-05,-0.00047,0,4e-05,1e-05,0.00031,0.00012,0.0006,0.0001,-0.00017,-5e-05,-0.00011,1e-05,-0.0003,-3e-05,0.00035,-7e-05,-0,-0.00059
14.98,-0.01655,-0.00465,-7e-05,0.00062,4e-05,0,0.00069,0.00121,-0.00052,-3e-05,6e-05,0,0,-0.00022,0.00021,0.00015,-0.00059,-0,6e-05,1e-05,0.00035,0.00013,0.00062,8e-05,-0.00019,-6e-05,-0.00015,1e-05,-0.00045,3e-05,0.00033,7e-05,1e-05,-0.00073
15,-0.0175,-0.00406,-5e-05,0.00066,-9e-05,0,0.00079,0.00119,-0.00057,-3e-05,7e-05,0,0,-2e-05,0.00015,0.00025,-0.00068,-0,8e-05,2e-05,0.00041,0.00015,0.00063,6e-05,-0.0002,-7e-05,-0.00019,3e-05,-0.00062,0.00011,0.00026,0.0002,3e-05,-0.00084
15.02,-0.01836,-0.00309,-1e-05,0.0007,-0.00024,1e-05,0.00091,0.00112,-0.00061,-2e-05,8e-05,0,0,0.00022,8e-05,0.00038,-0.00072,-0,0.0001,2e-05,0.00048,0.00017,0.00064,4e-05,-0.00022,-8e-05,-0.00024,6e-05,-0.00081,0.0002,0.00016,0.00035,4e-05,-0.00086
15.04,-0.01923,-0.00171,3e-05,0.00075,-0.00041,2e-05,0.00105,0.001,-0.00064,-2e-05,8e-05,0,0,0.00052,-0,0.00057,-0.0007,-0,0.00012,3e-05,0.00058,0.00018,0.00065,0,-0.00024,-9e-05,-0.00029,0.00011,-0.00102,0.00028,1e-05,0.00051,6e-05,-0.00082
15.06,-0.0202,6e-05,7e-05,0.00081,-0.00058,3e-05,0.00116,0.0008,-0.00067,-2e-05,9e-05,0,0,0.00085,-7e-05,0.00082,-0.00067,0,0.00015,3e-05,0.00071,0.00017,0.00066,-4e-05,-0.00026,-0.0001,-0.00035,0.0002,-0.00124,0.00035,-0.00017,0.00066,8e-05,-0.00074
15.08,-0.02123,0.00221,0.0001,0.00089,-0.00073,4e-05,0.00125,0.00052,-0.00069,-3e-05,0.0001,1e-05,0,0.00119,-0.0001,0.00113,-0.00064,1e-05,0.00016,4e-05,0.00087,0.00015,0.00066,-0.00011,-0.00029,-0.00012,-0.00042,0.00031,-0.00148,0.00038,-0.00039,0.00078,9e-05,-0.00062
15.1,-0.02234,0.00458,0.00011,0.00096,-0.00086,5e-05,0.00135,0.00016,-0.0007,-3e-05,0.00011,1e-05,1e-05,0.00149,-7e-05,0.00152,-0.00056,2e-05,0.00018,4e-05,0.00109,8e-05,0.00066,-0.00019,-0.0003,-0.00014,-0.00049,0.00047,-0.00166,0.00035,-0.00063,0.00089,0.00011,-0.00049
15.12,-0.02349,0.00693,8e-05,0.00101,-0.00095,5e-05,0.00149,-0.00028,-0.00067,-4e-05,0.00012,1e-05,1e-05,0.00172,4e-05,0.00206,-0.00039,3e-05,0.00021,4e-05,0.0014,-4e-05,0.00067,-0.00028,-0.00032,-0.00015,-0.00055,0.00067,-0.00171,0.00027,-0.00088,0.00096,0.00012,-0.00038
15.14,-0.0245,0.00892,4e-05,0.00104,-0.00092,6e-05,0.00167,-0.00077,-0.00061,-4e-05,0.00014,1e-05,1e-05,0.00181,0.00027,0.00269,-0.00019,4e-05,0.00025,5e-05,0.00181,-0.00024,0.00066,-0.00038,-0.00032,-0.00017,-0.0006,0.00092,-0.00166,0.00013,-0.00113,0.001,0.00013,-0.00027
15.16,-0.02516,0.01021,-2e-05,0.00104,-0.00081,7e-05,0.00191,-0.00127,-0.00051,-5e-05,0.00017,1e-05,1e-05,0.00174,0.00059,0.0033,-5e-05,5e-05,0.00027,5e-05,0.00233,-0.00047,0.00063,-0.00049,-0.00032,-0.00019,-0.00064,0.00122,-0.00158,-2e-05,-0.00136,0.00101,0.00014,-0.00015
15.18,-0.02524,0.01055,-7e-05,0.00099,-0.00069,7e-05,0.00217,-0.00176,-0.00039,-5e-05,0.00021,1e-05,2e-05,0.00153,0.00096,0.00387,7e-05,6e-05,0.00028,4e-05,0.00292,-0.00074,0.00055,-0.00058,-0.0003,-0.0002,-0.00068,0.00151,-0.00146,-0.0002,-0.00154,0.001,0.00015,-4e-05
15.2,-0.025,0.00952,-8e-05,0.00092,-0.00056,7e-05,0.00255,-0.00218,-0.00023,-5e-05,0.00024,1e-05,2e-05,0.00127,0.00138,0.00438,0.00014,6e-05,0.00027,4e-05,0.00366,-0.00098,0.00039,-0.00064,-0.00026,-0.00019,-0.00065,0.00177,-0.00135,-0.00039,-0.00164,0.00095,0.00016,7e-05
15.22,-0.02492,0.00686,-5e-05,0.00084,-0.00041,7e-05,0.00311,-0.0025,-1e-05,-4e-05,0.00029,1e-05,2e-05,0.0011,0.00192,0.00478,0.00018,5e-05,0.00023,3e-05,0.00461,-0.00112,0.00014,-0.00062,-0.00022,-0.00016,-0.00047,0.00197,-0.00126,-0.00052,-0.00161,0.00086,0.00017,0.00019
15.24,-0.02465,0.00338,-1e-05,0.00076,-0.00027,6e-05,0.00365,-0.00274,0.00017,-4e-05,0.00033,1e-05,2e-05,0.00107,0.00249,0.00501,0.0002,4e-05,0.00017,2e-05,0.0057,-0.00108,-0.00021,-0.00051,-0.00016,-0.00012,-0.00026,0.00201,-0.00118,-0.00056,-0.00145,0.00077,0.00017,0.00033
15.26,-0.0239,4e-05,4e-05,0.00069,-0.00013,5e-05,0.00403,-0.00298,0.00026,-3e-05,0.00035,1e-05,2e-05,0.00118,0.00299,0.00506,0.0002,2e-05,0.0001,1e-05,0.00679,-0.00086,-0.00066,-0.00033,-9e-05,-8e-05,-9e-05,0.00187,-0.00112,-0.00052,-0.00119,0.00067,0.00017,0.00046
15.28,-0.02293,-0.00272,8e-05,0.00063,-4e-05,4e-05,0.00423,-0.0033,0.00028,-3e-05,0.00035,1e-05,2e-05,0.00139,0.00344,0.00501,0.00018,-0,2e-05,-0,0.00786,-0.00049,-0.00114,-8e-05,-3e-05,-4e-05,6e-05,0.00159,-0.00107,-0.00036,-0.00085,0.00057,0.00016,0.00058
15.3,-0.02154,-0.00434,0.00013,0.00058,-0,4e-05,0.00422,-0.00365,0.00025,-2e-05,0.00033,1e-05,1e-05,0.00175,0.00381,0.00458,0.00012,-1e-05,-5e-05,-2e-05,0.00879,-9e-05,-0.00153,0.0002,2e-05,-1e-05,8e-05,0.00124,-0.001,-0.00014,-0.00048,0.00047,0.00014,0.00068
15.32,-0.01953,-0.00462,0.00018,0.00053,-1e-05,3e-05,0.00402,-0.00391,0.00018,-2e-05,0.00029,1e-05,1e-05,0.00227,0.00404,0.00356,5e-05,2e-05,-0.0001,-3e-05,0.00947,0.00024,-0.00168,0.00046,5e-05,-0,2e-05,0.00087,-0.0009,3e-05,-0.0001,0.00038,0.00011,0.00078
15.34,-0.01725,-0.00401,0.00025,0.0005,-3e-05,2e-05,0.00366,-0.00411,0.00012,-1e-05,0.00024,0,1e-05,0.00272,0.00412,0.00238,-3e-05,9e-05,-0.00012,-4e-05,0.00992,0.00042,-0.00158,0.00067,5e-05,1e-05,-1e-05,0.00056,-0.00076,0.00016,0.00029,0.00031,8e-05,0.00085
15.36,-0.015,-0.00292,0.00035,0.00047,-6e-05,2e-05,0.00315,-0.00431,5e-05,-1e-05,0.00018,0,1e-05,0.00299,0.00407,0.00127,-8e-05,0.00019,-0.00012,-4e-05,0.01016,0.00043,-0.00129,0.00079,1e-05,2e-05,-1e-05,0.00033,-0.00058,0.00031,0.00069,0.00025,6e-05,0.00087
15.38,-0.01297,-0.00167,0.00051,0.00047,-7e-05,2e-05,0.00252,-0.00444,0,-0,0.00012,0,0,0.00316,0.00392,0.00018,-0.00011,0.00032,-0.00011,-4e-05,0.01016,0.00032,-0.00086,0.00079,-7e-05,3e-05,2e-05,0.00018,-0.00038,0.00043,0.00109,0.00021,4e-05,0.00085
15.4,-0.01123,-0.00049,0.00063,0.00046,-5e-05,2e-05,0.00177,-0.00441,-3e-05,0,7e-05,0,0,0.00316,0.00362,-0.00086,-0.00011,0.00046,-9e-05,-4e-05,0.0099,0.00017,-0.00041,0.00074,-0.00018,3e-05,4e-05,0.00011,-0.0002,0.00053,0.00151,0.00017,3e-05,0.00078
15.42,-0.0099,0.00023,0.00058,0.00044,-1e-05,3e-05,0.00096,-0.00415,-4e-05,2e-05,3e-05,0,-0,0.00297,0.00318,-0.00172,-8e-05,0.00062,-8e-05,-2e-05,0.00932,8e-05,2e-05,0.00077,-0.00029,3e-05,5e-05,0.00011,-7e-05,0.00059,0.002,0.00014,2e-05,0.00066
15.44,-0.00936,0.00018,0.00044,0.00042,5e-05,4e-05,0.00015,-0.00375,-5e-05,4e-05,-0,0,-0,0.00277,0.00268,-0.00234,-3e-05,0.00078,-6e-05,1e-05,0.00741,1e-05,0.00039,0.00069,-0.0003,1e-05,3e-05,0.00014,1e-05,0.00062,0.00256,0.0001,0,0.00052
15.46,-0.00983,-0.00054,0.00029,0.00042,0.00011,5e-05,-0.0006,-0.00328,-5e-05,9e-05,-2e-05,0,-0,0.00265,0.00218,-0.00276,2e-05,0.00091,-5e-05,3e-05,0.00407,-0,0.00051,0.00015,-8e-05,-2e-05,-3e-05,0.0002,2e-05,0.00064,0.00313,4e-05,-1e-05,0.0004
15.48,-0.01126,-0.00179,0.00011,0.00043,0.00017,6e-05,-0.00123,-0.00267,-4e-05,0.00015,-2e-05,1e-05,-0,0.00262,0.00171,-0.00301,6e-05,0.00101,-5e-05,5e-05,0.00067,0.00025,0.00026,-0.00085,0.00034,-1e-05,-8e-05,0.00031,-2e-05,0.00065,0.00365,-4e-05,-3e-05,0.00029
15.5,-0.01375,-0.00325,-5e-05,0.00046,0.00024,7e-05,-0.00168,-0.00206,-3e-05,0.00024,-1e-05,1e-05,0,0.00257,0.00128,-0.00301,7e-05,0.00108,-3e-05,6e-05,-0.00221,0.00102,-0.00042,-0.00201,0.00096,6e-05,-6e-05,0.00052,-5e-05,0.00062,0.00412,-0.00014,-6e-05,0.00019
15.52,-0.0175,-0.00448,-0.00013,0.0005,0.00027,7e-05,-0.00184,-0.00155,-3e-05,0.00036,0,1e-05,0,0.00247,0.0009,-0.00265,7e-05,0.0011,-1e-05,5e-05,-0.00388,0.00233,-0.00132,-0.00255,0.00179,0.00022,8e-05,0.00088,4e-05,0.00052,0.0045,-0.00027,-8e-05,0.00011
15.54,-0.0224,-0.00531,-0.00015,0.00055,0.00023,8e-05,-0.00168,-0.00107,-2e-05,0.00049,2e-05,2e-05,1e-05,0.00242,0.00057,-0.00215,4e-05,0.00109,2e-05,4e-05,-0.00351,0.00389,-0.00229,-0.00224,0.00277,0.00045,0.00037,0.00145,0.00026,0.00038,0.00467,-0.00041,-0.00011,2e-05
15.56,-0.02822,-0.00567,-0.00014,0.0006,0.00017,8e-05,-0.00115,-0.00056,-1e-05,0.00063,4e-05,3e-05,1e-05,0.00249,0.00027,-0.00168,1e-05,0.00106,6e-05,3e-05,-0.00046,0.0056,-0.00329,-0.00113,0.00377,0.00076,0.00081,0.0023,0.00054,0.0002,0.00455,-0.00056,-0.00014,-6e-05
15.58,-0.0347,-0.00556,-9e-05,0.00062,9e-05,7e-05,-0.00024,-5e-05,1e-05,0.00075,7e-05,4e-05,1e-05,0.00271,-1e-05,-0.00125,-2e-05,0.00101,0.00011,2e-05,0.00547,0.0071,-0.00423,0.00091,0.0047,0.0011,0.00136,0.00344,0.00087,-2e-05,0.00414,-0.00071,-0.00016,-0.00013
15.6,-0.04179,-0.00501,-2e-05,0.00061,1e-05,7e-05,0.001,0.00034,3e-05,0.00086,9e-05,5e-05,2e-05,0.00307,-0.00029,-0.00093,-3e-05,0.00095,0.00014,1e-05,0.01387,0.00782,-0.00491,0.00363,0.00547,0.00141,0.00194,0.00488,0.00113,-0.00024,0.00347,-0.00084,-0.00018,-0.00021
15.62,-0.04959,-0.00416,3e-05,0.0006,-5e-05,5e-05,0.00252,0.00052,3e-05,0.00093,0.00012,8e-05,2e-05,0.0036,-0.00057,-0.00075,1e-05,0.00087,0.00018,1e-05,0.02368,0.00697,-0.00512,0.00627,0.0061,0.0016,0.00242,0.00663,0.00121,-0.00039,0.0026,-0.0009,-0.00018,-0.00028
15.64,-0.05745,-0.00334,4e-05,0.00053,-8e-05,4e-05,0.00421,0.0006,4e-05,0.00097,0.00015,0.00011,2e-05,0.00433,-0.00083,-0.00061,8e-05,0.00079,0.00021,0,0.03358,0.00475,-0.00494,0.00817,0.00656,0.00165,0.00271,0.0085,0.00113,-0.00047,0.00164,-0.0009,-0.00018,-0.00035
15.66,-0.06469,-0.00272,2e-05,0.0004,-9e-05,3e-05,0.00594,0.00067,4e-05,0.00094,0.00018,0.00014,2e-05,0.00527,-0.00108,-0.00048,0.00019,0.00074,0.00023,-0,0.0424,0.00196,-0.00456,0.00925,0.00685,0.0016,0.00282,0.01027,0.00093,-0.00049,0.00065,-0.00086,-0.00016,-0.0004
15.68,-0.07117,-0.00228,-4e-05,0.00019,-8e-05,2e-05,0.00753,0.00072,5e-05,0.00087,0.0002,0.00016,1e-05,0.00625,-0.00133,-0.00036,0.00031,0.0007,0.00025,-0,0.04914,-0.00132,-0.00396,0.00924,0.00701,0.00144,0.00273,0.01179,0.00064,-0.00044,-0.00028,-0.00077,-0.00014,-0.00044
15.7,-0.07701,-0.002,-8e-05,-0.0001,-6e-05,0,0.00886,0.00073,6e-05,0.00077,0.00023,0.00018,1e-05,0.00721,-0.00156,-0.00023,0.00043,0.00067,0.00026,0,0.05306,-0.00394,-0.00326,0.00831,0.00704,0.00125,0.00253,0.01291,0.00032,-0.00034,-0.00112,-0.00066,-0.00011,-0.00046
15.72,-0.08242,-0.00186,-0.0001,-0.00047,-4e-05,-0,0.01001,0.00068,6e-05,0.00066,0.00026,0.00018,0,0.00809,-0.00175,-9e-05,0.00056,0.00066,0.00028,0,0.05367,-0.00491,-0.00259,0.00692,0.00694,0.00109,0.00235,0.01352,3e-05,-0.00023,-0.00177,-0.00055,-8e-05,-0.00044
15.74,-0.08724,-0.00174,-7e-05,-0.00093,-2e-05,-1e-05,0.01078,0.00064,6e-05,0.00055,0.00028,0.00018,0,0.00864,-0.00189,6e-05,0.00065,0.00065,0.0003,0,0.05092,-0.00517,-0.00188,0.00516,0.0067,0.00094,0.00216,0.01363,-0.00017,-0.00013,-0.0022,-0.00042,-6e-05,-0.00039
15.76,-0.09128,-0.00159,-1e-05,-0.00147,-1e-05,-1e-05,0.01088,0.00062,7e-05,0.00043,0.0003,0.00017,0,0.00858,-0.00196,0.00021,0.00067,0.00064,0.00033,1e-05,0.04504,-0.00538,-0.00112,0.00318,0.00637,0.00081,0.00195,0.0133,-0.00029,-6e-05,-0.00237,-0.00029,-3e-05,-0.00032
15.78,-0.0946,-0.00138,4e-05,-0.00207,0,0,0.01027,0.00061,7e-05,0.00032,0.00031,0.00017,0,0.00785,-0.00195,0.00036,0.00061,0.00063,0.00036,1e-05,0.03638,-0.00542,-0.00034,0.00126,0.00596,0.00069,0.00174,0.01257,-0.00032,-2e-05,-0.00229,-0.00015,-1e-05,-0.00023
15.8,-0.09742,-0.00115,4e-05,-0.00273,0,1e-05,0.00914,0.00061,7e-05,0.00022,0.0003,0.00016,0,0.00661,-0.00184,0.00049,0.0005,0.0006,0.00039,1e-05,0.02585,-0.00521,0.00041,-0.00024,0.00551,0.00059,0.00155,0.0115,-0.00031,1e-05,-0.00197,-3e-05,0,-0.00014
15.82,-0.09987,-0.00091,-4e-05,-0.00346,0,3e-05,0.00777,0.00059,6e-05,0.00014,0.00029,0.00016,0,0.00524,-0.00161,0.00058,0.00037,0.00055,0.00042,1e-05,0.01413,-0.00474,0.00118,-0.0011,0.00506,0.00052,0.00142,0.01014,-0.00026,2e-05,-0.00146,9e-05,2e-05,-4e-05
15.84,-0.10146,-0.00066,-0.00018,-0.00421,-0,5e-05,0.00618,0.00052,6e-05,7e-05,0.00027,0.00015,0,0.00383,-0.00131,0.00062,0.00022,0.00048,0.00043,1e-05,0.00138,-0.00415,0.002,-0.0014,0.00464,0.00047,0.00131,0.0086,-0.0002,5e-05,-0.0008,0.0002,3e-05,5e-05
15.86,-0.10182,-0.00039,-0.00034,-0.00493,-0,6e-05,0.00442,0.0004,6e-05,0,0.00023,0.00015,0,0.00244,-0.00097,0.0006,8e-05,0.00038,0.00043,0,-0.01209,-0.00352,0.00281,-0.00117,0.00427,0.00041,0.00122,0.00697,-0.00013,9e-05,-2e-05,0.00029,4e-05,0.00014
15.88,-0.10083,-9e-05,-0.00046,-0.00549,-0,7e-05,0.00288,0.0002,8e-05,-7e-05,0.00019,0.00014,0,0.00144,-0.00065,0.00053,-4e-05,0.00027,0.00041,-0,-0.02585,-0.00282,0.00358,-0.00038,0.00395,0.00037,0.00114,0.00532,-5e-05,0.00014,0.0008,0.00037,4e-05,0.00022
15.9,-0.09817,0.00022,-0.00052,-0.00606,-0,8e-05,0.00162,-7e-05,0.0001,-0.00016,0.00014,0.00013,-0,0.00077,-0.00038,0.0004,-0.00012,0.00014,0.00036,-1e-05,-0.03955,-0.00195,0.00431,0.00097,0.00364,0.00033,0.00107,0.00367,3e-05,0.00021,0.00164,0.00042,4e-05,0.00029
15.92,-0.09352,0.00054,-0.00052,-0.00664,-0,8e-05,0.00069,-0.0004,0.00015,-0.00026,9e-05,0.00012,-1e-05,0.00028,-0.00017,0.00023,-0.00019,0,0.00029,-2e-05,-0.05297,-0.00091,0.00505,0.00258,0.00334,0.00028,0.00101,0.00207,9e-05,0.00029,0.00244,0.00046,4e-05,0.00034
15.94,-0.08654,0.00088,-0.00049,-0.00719,-1e-05,8e-05,0.00025,-0.00078,0.0002,-0.00035,3e-05,0.0001,-1e-05,0.00015,-1e-05,7e-05,-0.00021,-0.00014,0.00021,-3e-05,-0.06564,0.00024,0.00569,0.0042,0.00303,0.00023,0.00095,0.00058,0.00014,0.00037,0.00319,0.00047,3e-05,0.00039
15.96,-0.07668,0.00124,-0.00044,-0.00749,-3e-05,8e-05,0.00019,-0.0012,0.00027,-0.00038,-2e-05,7e-05,-2e-05,0.00027,0.00011,-8e-05,-0.00018,-0.00026,0.00011,-4e-05,-0.07698,0.00153,0.00613,0.00586,0.00272,0.00018,0.00087,-0.00079,0.00016,0.00046,0.00385,0.00047,2e-05,0.00041
15.98,-0.06342,0.00162,-0.00037,-0.00762,-5e-05,8e-05,9e-05,-0.00166,0.00034,-0.00031,-8e-05,4e-05,-2e-05,0.00023,0.00021,-0.00018,-0.00011,-0.00037,1e-05,-4e-05,-0.08668,0.00299,0.00628,0.00756,0.00242,0.00013,0.00077,-0.00211,0.00013,0.00053,0.00441,0.00045,2e-05,0.00042
16,-0.04625,0.00202,-0.00029,-0.00748,-8e-05,7e-05,-0.00065,-0.00212,0.00042,-8e-05,-0.00012,2e-05,-2e-05,-0.00053,0.0003,-0.00023,-2e-05,-0.00045,-0.0001,-4e-05,-0.09428,0.00453,0.00629,0.00881,0.00217,9e-05,0.00065,-0.00343,0.00011,0.00055,0.00484,0.00042,1e-05,0.00041
16.02,-0.02497,0.00246,-0.00017,-0.00701,-0.0001,7e-05,-0.00215,-0.0025,0.00051,0.00038,-0.00016,-1e-05,-2e-05,-0.00208,0.00045,-0.00023,5e-05,-0.00047,-0.00018,-3e-05,-0.09926,0.00593,0.00631,0.00889,0.002,6e-05,0.00052,-0.00473,0.00022,0.00051,0.00512,0.00039,0,0.00038
16.04,0.00027,0.00292,-2e-05,-0.00619,-0.00012,6e-05,-0.00461,-0.00278,0.00059,0.00092,-0.00018,-3e-05,-2e-05,-0.00444,0.00065,-0.00019,3e-05,-0.00044,-0.00024,-2e-05,-0.10103,0.00722,0.00609,0.00823,0.00193,4e-05,0.00036,-0.00606,0.00043,0.00041,0.00521,0.00035,0,0.00034
16.06,0.02926,0.00333,0.00014,-0.00507,-0.00012,5e-05,-0.00838,-0.00295,0.00063,0.00139,-0.00019,-4e-05,-1e-05,-0.0079,0.0009,-0.00013,-0.00013,-0.00038,-0.00027,-1e-05,-0.09919,0.00861,0.00547,0.0073,0.00195,1e-05,0.00017,-0.00754,0.00063,0.00028,0.00511,0.0003,-0,0.0003
16.08,0.06137,0.00361,0.00027,-0.00376,-0.00011,4e-05,-0.01356,-0.00299,0.00062,0.00171,-0.00018,-4e-05,-0,-0.0126,0.00117,-7e-05,-0.00051,-0.0003,-0.00026,1e-05,-0.09359,0.01017,0.00448,0.00592,0.002,-0,-4e-05,-0.00919,0.00084,0.00013,0.00483,0.00025,-0,0.00026
16.1,0.09499,0.00355,0.00034,-0.00243,-0.0001,3e-05,-0.01866,-0.0029,0.00056,0.00169,-0.00017,-3e-05,-0,-0.01702,0.00145,0,-0.00104,-0.00021,-0.00023,3e-05,-0.08439,0.01182,0.00334,0.0044,0.00199,-1e-05,-0.00027,-0.01102,0.00103,1e-05,0.00437,0.00021,-0,0.00021
16.12,0.12697,0.00295,0.00029,-0.00131,-9e-05,2e-05,-0.0211,-0.0026,0.00047,0.00133,-0.00015,-2e-05,0,-0.01844,0.00174,0.0001,-0.00149,-0.00014,-0.00019,4e-05,-0.07195,0.01343,0.00215,0.00287,0.00183,-3e-05,-0.00055,-0.01301,0.00115,-3e-05,0.00374,0.00018,-0,0.00016
16.14,0.15416,0.00188,9e-05,-0.00054,-8e-05,1e-05,-0.02132,-0.00211,0.00034,0.00087,-0.00014,-2e-05,-0,-0.01767,0.00197,0.00027,-0.00176,-9e-05,-0.00013,4e-05,-0.05659,0.01492,0.00077,0.001,0.0014,-8e-05,-0.00091,-0.0151,0.00117,4e-05,0.00305,0.00016,1e-05,0.00012
16.16,0.17492,0.00054,-0.00016,-0.00018,-6e-05,0,-0.02034,-0.00157,0.00022,0.00049,-0.00012,-2e-05,-0,-0.01612,0.00205,0.00048,-0.00183,-6e-05,-8e-05,4e-05,-0.03871,0.01639,-0.00083,-0.00126,0.00062,-0.00015,-0.00133,-0.01717,0.00107,0.00023,0.00236,0.00016,2e-05,8e-05
16.18,0.18725,-0.00083,-0.00039,-0.00018,-2e-05,0,-0.01726,-0.00104,0.00013,0.00023,-0.0001,-3e-05,-1e-05,-0.01295,0.00199,0.00073,-0.00165,-5e-05,-4e-05,3e-05,-0.01895,0.01839,-0.00249,-0.00371,-0.00055,-0.00021,-0.00177,-0.01915,0.00078,0.00054,0.00171,0.00017,3e-05,5e-05
16.2,0.19275,-0.00197,-0.00043,-0.00042,0,0,-0.01426,-0.00075,9e-05,0.00012,-7e-05,-4e-05,-1e-05,-0.01029,0.00177,0.00094,-0.00139,-5e-05,-3e-05,3e-05,0.00164,0.01873,-0.00432,-0.00634,-0.00216,-0.00037,-0.00238,-0.02038,0.00031,0.00094,0.00111,0.0002,5e-05,3e-05
16.22,0.19463,-0.00279,-0.00029,-0.00077,2e-05,-0,-0.01283,-0.00078,7e-05,0.00012,-3e-05,-3e-05,-1e-05,-0.00926,0.00146,0.00106,-0.00123,-6e-05,-5e-05,2e-05,0.02205,0.01383,-0.00694,-0.00953,-0.00418,-0.00091,-0.0035,-0.02003,-0.00032,0.00141,0.0006,0.00025,7e-05,2e-05
16.24,0.19115,-0.00315,-0.00017,-0.00111,2e-05,-0,-0.01099,-0.0009,7e-05,0.00019,2e-05,-2e-05,-1e-05,-0.00784,0.00121,0.00114,-0.00107,-7e-05,-7e-05,1e-05,0.04118,0.00566,-0.00985,-0.01279,-0.00657,-0.0017,-0.00486,-0.0185,-0.00104,0.00183,0.00018,0.00031,0.0001,1e-05
16.26,0.18136,-0.00299,-0.00011,-0.00139,2e-05,-0,-0.00831,-0.001,9e-05,0.00032,8e-05,-2e-05,-2e-05,-0.00566,0.00108,0.00124,-0.00087,-6e-05,-7e-05,0,0.05794,-0.00273,-0.01224,-0.0154,-0.00914,-0.00249,-0.00607,-0.01632,-0.0017,0.00208,-0.00015,0.00037,0.00013,1e-05
16.28,0.16679,-0.00243,-7e-05,-0.00156,1e-05,0,-0.00568,-0.0011,0.00012,0.00048,0.00016,-1e-05,-2e-05,-0.00351,0.00102,0.00137,-0.00069,-4e-05,-7e-05,-0,0.07161,-0.01095,-0.01402,-0.0173,-0.01165,-0.00326,-0.007,-0.01355,-0.0022,0.00213,-0.00044,0.00043,0.00015,1e-05
16.3,0.14904,-0.00158,-4e-05,-0.00164,1e-05,0,-0.00349,-0.00111,0.00015,0.00064,0.00024,-1e-05,-1e-05,-0.0017,0.00102,0.00149,-0.00054,-1e-05,-6e-05,-1e-05,0.08072,-0.01938,-0.01495,-0.01756,-0.01381,-0.00388,-0.00749,-0.0106,-0.00245,0.00195,-0.00073,0.00048,0.00017,1e-05
16.32,0.12943,-0.00058,4e-05,-0.00163,0,-0,-0.00188,-0.0009,0.00017,0.00078,0.00034,0,-1e-05,-0.00037,0.0011,0.00157,-0.00041,1e-05,-5e-05,-1e-05,0.08367,-0.02867,-0.01495,-0.01549,-0.01536,-0.00424,-0.00742,-0.00792,-0.00237,0.00156,-0.00107,0.00052,0.00019,2e-05
16.34,0.10879,0.00035,0.00021,-0.00153,0,-0,-0.00084,-0.00053,0.00018,0.00087,0.00044,2e-05,-0,0.00045,0.00119,0.00163,-0.0003,4e-05,-4e-05,-1e-05,0.08101,-0.03463,-0.01405,-0.01202,-0.01597,-0.00416,-0.00659,-0.00564,-0.00204,0.00108,-0.00149,0.00053,0.0002,2e-05
16.36,0.08816,0.00105,0.00045,-0.00139,0,-1e-05,-0.00029,-0.00012,0.00019,0.00089,0.00053,3e-05,1e-05,0.00082,0.00125,0.00169,-0.0002,7e-05,-3e-05,-1e-05,0.07405,-0.03425,-0.01235,-0.00801,-0.01546,-0.00357,-0.00503,-0.00375,-0.00155,0.00061,-0.00199,0.00051,0.0002,2e-05
16.38,0.06866,0.00142,0.00076,-0.0012,1e-05,-1e-05,-0.00013,0.00031,0.00022,0.00087,0.0006,5e-05,2e-05,0.00081,0.00129,0.00171,-0.00012,9e-05,-2e-05,-1e-05,0.06398,-0.02865,-0.00999,-0.00391,-0.01399,-0.00255,-0.00297,-0.00222,-0.00099,0.00022,-0.00259,0.00044,0.00018,1e-05
16.4,0.05204,0.00132,0.00111,-0.001,1e-05,-1e-05,-0.00022,0.00072,0.00026,0.00079,0.00065,6e-05,2e-05,0.00054,0.0013,0.00171,-5e-05,0.00011,-1e-05,-0,0.05237,-0.01671,-0.00714,-0.00013,-0.0119,-0.00112,-0.00082,-0.00125,-0.00046,-6e-05,-0.00323,0.00034,0.00015,-1e-05
16.42,0.03948,0.00048,0.00147,-0.00085,-0,-1e-05,-0.00043,0.00107,0.00032,0.0007,0.00068,7e-05,3e-05,0.00012,0.00131,0.00172,-1e-05,0.00012,-1e-05,0,0.04107,-0.00275,-0.00419,0.00218,-0.00964,0.00029,0.001,-0.00082,-6e-05,-0.00023,-0.00385,0.00021,0.00011,-3e-05
16.44,0.03016,-0.00087,0.00181,-0.00073,-1e-05,-0,-0.00068,0.00137,0.00038,0.00061,0.00069,7e-05,4e-05,-0.00034,0.00133,0.00169,3e-05,0.00013,-1e-05,0,0.03139,0.00714,-0.00143,0.00251,-0.00747,0.00125,0.00227,-0.00055,0.00024,-0.00034,-0.00441,7e-05,6e-05,-7e-05
16.46,0.02322,-0.00232,0.00209,-0.00064,1e-05,1e-05,-0.00094,0.00161,0.00046,0.00054,0.00068,6e-05,5e-05,-0.0008,0.00136,0.0016,5e-05,0.00012,-1e-05,0,0.02381,0.01238,0.00076,0.00169,-0.00556,0.00171,0.00286,-0.00029,0.00046,-0.00043,-0.00487,-9e-05,1e-05,-0.00012
16.48,0.01824,-0.00369,0.00224,-0.00058,4e-05,3e-05,-0.00121,0.0018,0.00053,0.00049,0.00067,6e-05,5e-05,-0.00126,0.0014,0.00147,6e-05,0.00011,-2e-05,1e-05,0.01806,0.01351,0.00204,0.00053,-0.00399,0.00174,0.00289,-0.00011,0.00063,-0.00055,-0.0052,-0.00024,-3e-05,-0.00019
16.5,0.01498,-0.00457,0.00227,-0.00056,9e-05,4e-05,-0.00148,0.00199,0.0006,0.00047,0.00064,5e-05,6e-05,-0.00171,0.00144,0.00128,8e-05,9e-05,-2e-05,1e-05,0.01321,0.01154,0.00227,-0.00046,-0.00275,0.00147,0.00247,-2e-05,0.00076,-0.00067,-0.00538,-0.00039,-7e-05,-0.00027
16.52,0.01304,-0.0047,0.00216,-0.00054,0.00014,5e-05,-0.00176,0.00219,0.0007,0.00047,0.0006,3e-05,6e-05,-0.00213,0.00146,0.00104,9e-05,7e-05,-3e-05,1e-05,0.00863,0.00769,0.00165,-0.001,-0.00178,0.00105,0.00177,0,0.00091,-0.00076,-0.00538,-0.00051,-0.0001,-0.00036
16.54,0.01164,-0.00436,0.00197,-0.00051,0.00018,4e-05,-0.00205,0.0024,0.00078,0.00049,0.00055,2e-05,5e-05,-0.00252,0.00145,0.0008,0.00011,4e-05,-4e-05,1e-05,0.00458,0.00344,0.00066,-0.0008,-0.001,0.00063,0.00113,-3e-05,0.00106,-0.00081,-0.00521,-0.00059,-0.00012,-0.00047
16.56,0.01035,-0.0038,0.00173,-0.00045,0.00021,4e-05,-0.00239,0.00262,0.00082,0.00052,0.00049,-0,5e-05,-0.00289,0.00138,0.00059,0.00013,0,-6e-05,1e-05,0.00116,-0.00017,-0.00019,-8e-05,-0.00038,0.00031,0.00067,-0.0001,0.0012,-0.00086,-0.00493,-0.00065,-0.00012,-0.00058
16.58,0.00912,-0.00312,0.00153,-0.00037,0.00023,3e-05,-0.00277,0.00286,0.00082,0.00055,0.00042,-2e-05,5e-05,-0.00323,0.00127,0.00042,0.00016,-4e-05,-7e-05,1e-05,-0.00166,-0.00276,-0.00064,0.00064,0.00011,0.0001,0.0004,-0.00018,0.00135,-0.00087,-0.00456,-0.00069,-0.00013,-0.00069
16.6,0.00804,-0.00237,0.00137,-0.00027,0.00023,2e-05,-0.00316,0.00312,0.00078,0.00058,0.00034,-4e-05,4e-05,-0.00352,0.00113,0.00028,0.00019,-7e-05,-8e-05,1e-05,-0.00376,-0.00421,-0.00065,0.00104,0.00048,0,0.00024,-0.00027,0.0015,-0.00086,-0.00415,-0.00069,-0.00012,-0.00078
16.62,0.00723,-0.00163,0.00125,-0.00017,0.00022,2e-05,-0.00352,0.00342,0.00068,0.00061,0.00026,-5e-05,3e-05,-0.00369,0.00095,0.00017,0.00023,-0.00011,-8e-05,1e-05,-0.00467,-0.00451,-0.00034,0.0008,0.00064,-2e-05,0.00015,-0.00033,0.00166,-0.00083,-0.00376,-0.00068,-0.00012,-0.00081
16.64,0.00659,-0.00101,0.00119,-9e-05,0.00019,1e-05,-0.00384,0.00372,0.00055,0.00062,0.00017,-6e-05,2e-05,-0.00376,0.00076,0.0001,0.00027,-0.00014,-6e-05,1e-05,-0.0048,-0.00414,3e-05,0.00026,0.00063,-1e-05,8e-05,-0.00037,0.00181,-0.00078,-0.00338,-0.00065,-0.00011,-0.00079
16.66,0.00603,-0.00057,0.00117,-2e-05,0.00017,1e-05,-0.0041,0.00401,0.00041,0.00059,0.0001,-6e-05,1e-05,-0.00372,0.00058,6e-05,0.00028,-0.00016,-4e-05,1e-05,-0.00495,-0.0035,0.00035,-0.0003,0.00059,0,0,-0.00039,0.00196,-0.00073,-0.00298,-0.0006,-0.00011,-0.00075
16.68,0.0056,-0.00027,0.00114,3e-05,0.00014,0,-0.00427,0.00424,0.00028,0.00053,2e-05,-5e-05,1e-05,-0.00359,0.0004,4e-05,0.00025,-0.00017,-2e-05,0,-0.00507,-0.00268,0.00055,-0.00083,0.00053,1e-05,-9e-05,-0.0004,0.00209,-0.00068,-0.00258,-0.00055,-0.0001,-0.00068
16.7,0.0053,-9e-05,0.00106,5e-05,0.00011,0,-0.00431,0.00439,0.00014,0.00044,-4e-05,-5e-05,0,-0.00337,0.00021,4e-05,0.00018,-0.00017,-0,-0,-0.00512,-0.00181,0.00062,-0.00129,0.00043,2e-05,-0.00017,-0.00038,0.00217,-0.00062,-0.00222,-0.00049,-0.0001,-0.0006
16.72,0.00511,-0,0.00093,4e-05,9e-05,0,-0.00422,0.00444,0,0.00034,-9e-05,-4e-05,-0,-0.00312,-0,5e-05,7e-05,-0.00011,0,-0,-0.00507,-0.00101,0.00057,-0.00161,0.00031,5e-05,-0.00017,-0.00036,0.00215,-0.00056,-0.00193,-0.00043,-9e-05,-0.00053
16.74,0.00498,2e-05,0.00075,1e-05,6e-05,0,-0.004,0.00439,-7e-05,0.00023,-0.00013,-3e-05,-0,-0.00285,-0.00025,8e-05,-7e-05,-3e-05,-0,-0,-0.00487,-0.00032,0.0004,-0.00176,0.00017,8e-05,-0.0001,-0.00032,0.00204,-0.0005,-0.00166,-0.00037,-8e-05,-0.00045
16.76,0.00487,-0,0.00055,-4e-05,4e-05,0,-0.00367,0.0042,-0.00011,0.00012,-0.00015,-3e-05,-0,-0.00255,-0.00054,0.00011,-0.00023,3e-05,-0,0,-0.00449,0.0002,0.00015,-0.00179,5e-05,0.00011,-2e-05,-0.00027,0.00185,-0.00045,-0.0014,-0.00031,-7e-05,-0.00038
16.78,0.00476,-3e-05,0.00035,-0.00012,2e-05,-0,-0.00326,0.00389,-0.00013,1e-05,-0.00017,-3e-05,-0,-0.00226,-0.00088,0.00013,-0.0004,8e-05,-0,1e-05,-0.00395,0.00053,-0.00017,-0.00169,-7e-05,0.00014,7e-05,-0.00022,0.00158,-0.00039,-0.00113,-0.00025,-6e-05,-0.0003
16.8,0.00461,-5e-05,0.00018,-0.00021,1e-05,-0,-0.00282,0.00344,-0.00012,-0.0001,-0.00018,-4e-05,-0,-0.00201,-0.00128,0.00014,-0.00055,0.00011,-1e-05,3e-05,-0.00337,0.00066,-0.00051,-0.00152,-0.00017,0.00014,0.00013,-0.00016,0.00122,-0.00034,-0.00088,-0.00019,-5e-05,-0.00023
16.82,0.00441,-6e-05,8e-05,-0.00031,-1e-05,-1e-05,-0.00242,0.00288,-7e-05,-0.00018,-0.00019,-4e-05,-1e-05,-0.00183,-0.00173,0.00012,-0.00064,0.00011,-1e-05,5e-05,-0.00283,0.00062,-0.00085,-0.00134,-0.00024,0.00012,0.00014,-0.0001,0.00079,-0.00029,-0.00065,-0.00014,-4e-05,-0.00018
16.84,0.00417,-8e-05,5e-05,-0.00042,-2e-05,-1e-05,-0.00204,0.00225,0,-0.00025,-0.00019,-5e-05,-1e-05,-0.00172,-0.0022,7e-05,-0.00067,0.0001,-0,8e-05,-0.00234,0.00045,-0.00116,-0.00118,-0.00029,9e-05,0.00013,-3e-05,0.00037,-0.00024,-0.00044,-8e-05,-3e-05,-0.00013
16.86,0.00387,-0.00014,0.00011,-0.00053,-3e-05,-2e-05,-0.0017,0.0016,7e-05,-0.00031,-0.00019,-5e-05,-1e-05,-0.00167,-0.00267,-2e-05,-0.00065,8e-05,1e-05,9e-05,-0.00191,0.00021,-0.00142,-0.00104,-0.00031,6e-05,0.00011,5e-05,-0,-0.00019,-0.00023,-2e-05,-1e-05,-8e-05
16.88,0.00355,-0.00029,0.00021,-0.00063,-3e-05,-2e-05,-0.0014,0.00095,0.00014,-0.00035,-0.00019,-5e-05,-1e-05,-0.00167,-0.00313,-0.00018,-0.00059,6e-05,2e-05,0.0001,-0.00158,-5e-05,-0.00162,-0.00094,-0.0003,3e-05,7e-05,0.00013,-0.00029,-0.00013,-2e-05,4e-05,0,-4e-05
16.9,0.00321,-0.00055,0.00034,-0.00072,-3e-05,-3e-05,-0.00117,0.00035,0.00022,-0.00039,-0.00019,-5e-05,-1e-05,-0.00172,-0.00347,-0.0004,-0.0005,4e-05,3e-05,0.0001,-0.00135,-0.00026,-0.00174,-0.00088,-0.00028,0,3e-05,0.00021,-0.00046,-8e-05,0.00019,0.0001,1e-05,-0
16.92,0.00289,-0.00097,0.00044,-0.00079,-2e-05,-3e-05,-0.001,-0.00016,0.00035,-0.00045,-0.00018,-4e-05,-1e-05,-0.00179,-0.00359,-0.0007,-0.00045,2e-05,3e-05,9e-05,-0.00122,-0.00039,-0.00172,-0.00084,-0.00025,-1e-05,0,0.00029,-0.00047,-2e-05,0.0004,0.00016,3e-05,3e-05
16.94,0.00261,-0.00155,0.0005,-0.00083,-1e-05,-3e-05,-0.00089,-0.00057,0.00049,-0.00051,-0.00017,-4e-05,-1e-05,-0.00186,-0.0035,-0.00108,-0.0004,0,4e-05,7e-05,-0.00117,-0.00041,-0.00162,-0.00081,-0.00022,-2e-05,-1e-05,0.00033,-0.00029,3e-05,0.00064,0.00023,4e-05,7e-05
16.96,0.00238,-0.00231,0.00051,-0.00086,-1e-05,-3e-05,-0.00081,-0.00088,0.00062,-0.00055,-0.00016,-3e-05,-1e-05,-0.00191,-0.00326,-0.00153,-0.00036,-1e-05,4e-05,6e-05,-0.00117,-0.00032,-0.00146,-0.0008,-0.00018,-2e-05,-1e-05,0.00032,6e-05,6e-05,0.00091,0.00029,5e-05,0.00011
16.98,0.0022,-0.00322,0.00047,-0.00086,-2e-05,-3e-05,-0.00075,-0.00109,0.00074,-0.00058,-0.00014,-2e-05,-1e-05,-0.00193,-0.00287,-0.00207,-0.00032,-1e-05,4e-05,5e-05,-0.0012,-0.00013,-0.00126,-0.0008,-0.00015,-1e-05,-0,0.00022,0.00056,8e-05,0.00119,0.00034,7e-05,0.00015
17,0.00207,-0.00418,0.00041,-0.00084,-3e-05,-3e-05,-0.00072,-0.00122,0.00086,-0.00059,-0.00012,-1e-05,-1e-05,-0.00191,-0.00242,-0.00257,-0.00028,-1e-05,4e-05,4e-05,-0.00125,0.00013,-0.00106,-0.00081,-0.00012,-1e-05,-0,6e-05,0.00118,7e-05,0.0015,0.00038,7e-05,0.0002
17.02,0.00198,-0.0051,0.00033,-0.00081,-4e-05,-3e-05,-0.00069,-0.00127,0.001,-0.00061,-0.0001,-1e-05,-1e-05,-0.00185,-0.00198,-0.00281,-0.00024,-0,3e-05,3e-05,-0.00128,0.00042,-0.00091,-0.00079,-9e-05,-0,0,-9e-05,0.00186,2e-05,0.00183,0.00041,8e-05,0.00025
17.04,0.00193,-0.00583,0.00024,-0.00076,-6e-05,-3e-05,-0.00066,-0.00127,0.00111,-0.00061,-8e-05,-0,-1e-05,-0.00174,-0.00156,-0.00286,-0.00019,0,2e-05,2e-05,-0.00131,0.00067,-0.0008,-0.00074,-7e-05,0,1e-05,-0.00021,0.00256,-7e-05,0.00213,0.00042,8e-05,0.00031
17.06,0.00193,-0.00624,0.00015,-0.00071,-7e-05,-3e-05,-0.00062,-0.00122,0.00118,-0.0006,-7e-05,0,-1e-05,-0.00162,-0.00114,-0.00285,-0.00015,1e-05,2e-05,2e-05,-0.00133,0.00083,-0.00071,-0.00068,-5e-05,1e-05,1e-05,-0.00033,0.00321,-0.00021,0.00233,0.00039,8e-05,0.00037
17.08,0.00197,-0.00629,6e-05,-0.00066,-9e-05,-3e-05,-0.00057,-0.00115,0.00122,-0.00058,-6e-05,1e-05,-0,-0.00146,-0.00078,-0.00276,-9e-05,1e-05,1e-05,1e-05,-0.00114,0.0009,-0.00061,-0.00045,-3e-05,1e-05,2e-05,-0.00039,0.00379,-0.00041,0.00246,0.00035,7e-05,0.00043
17.1,0.00207,-0.006,-1e-05,-0.0006,-9e-05,-3e-05,-0.00052,-0.00106,0.00123,-0.00057,-5e-05,1e-05,-0,-0.00131,-0.00048,-0.00256,-3e-05,1e-05,1e-05,1e-05,-0.00065,0.00084,-0.0005,-1e-05,-1e-05,-1e-05,1e-05,-0.0004,0.00427,-0.00063,0.00246,0.00028,6e-05,0.0005
17.12,0.00222,-0.00548,-7e-05,-0.00055,-9e-05,-3e-05,-0.00046,-0.00097,0.00122,-0.00055,-4e-05,1e-05,-0,-0.00117,-0.00025,-0.00223,1e-05,1e-05,0,1e-05,-4e-05,0.00069,-0.00039,0.00048,2e-05,-6e-05,-1e-05,-0.00041,0.00467,-0.00082,0.00233,0.00019,4e-05,0.00062
17.14,0.00245,-0.00478,-9e-05,-0.00049,-9e-05,-2e-05,-0.00041,-0.00087,0.00119,-0.00054,-4e-05,1e-05,-0,-0.00105,-7e-05,-0.00186,6e-05,1e-05,-0,1e-05,0.00066,0.00049,-0.00029,0.00102,7e-05,-0.00012,-4e-05,-0.00039,0.00497,-0.00095,0.00215,0.00011,2e-05,0.00075
17.16,0.00275,-0.00397,-0.0001,-0.00044,-9e-05,-2e-05,-0.00035,-0.00078,0.00114,-0.00054,-4e-05,1e-05,-0,-0.00093,5e-05,-0.00153,0.0001,1e-05,-0,1e-05,0.0014,0.0003,-0.00019,0.00154,0.00015,-0.0002,-9e-05,-0.00035,0.00517,-0.00101,0.00197,4e-05,1e-05,0.00082
17.18,0.00311,-0.00308,-9e-05,-0.00038,-8e-05,-2e-05,-0.00029,-0.00068,0.00109,-0.00056,-4e-05,1e-05,-0,-0.00083,0.00014,-0.00122,0.00013,1e-05,-0,1e-05,0.00212,0.00014,-0.00011,0.002,0.00029,-0.00028,-0.00014,-0.00029,0.00526,-0.00097,0.00177,-2e-05,-1e-05,0.00086
17.2,0.00354,-0.00216,-8e-05,-0.00033,-7e-05,-2e-05,-0.00024,-0.00058,0.00102,-0.00059,-4e-05,1e-05,-0,-0.00074,0.00019,-0.00097,0.00016,1e-05,-1e-05,1e-05,0.00274,4e-05,-2e-05,0.00235,0.00049,-0.00038,-0.00021,-0.00022,0.00527,-0.00087,0.00158,-6e-05,-2e-05,0.00083
17.22,0.00399,-0.00121,-6e-05,-0.00029,-7e-05,-1e-05,-0.00019,-0.00047,0.00094,-0.00063,-4e-05,0,-0,-0.00068,0.00022,-0.00077,0.00017,1e-05,-1e-05,1e-05,0.00318,-1e-05,8e-05,0.00256,0.00075,-0.00047,-0.00028,-0.00015,0.00522,-0.00077,0.00143,-9e-05,-3e-05,0.0007
17.24,0.00449,-0.00023,-5e-05,-0.00026,-8e-05,-1e-05,-0.00015,-0.00036,0.00086,-0.00069,-4e-05,0,-0,-0.00064,0.00023,-0.00061,0.00017,0,-1e-05,1e-05,0.00341,-3e-05,0.00018,0.0026,0.00106,-0.00055,-0.00037,-8e-05,0.00515,-0.00068,0.00126,-9e-05,-3e-05,0.00055
17.26,0.00502,0.00075,-3e-05,-0.00025,-8e-05,-1e-05,-0.0001,-0.00023,0.00078,-0.00075,-4e-05,0,-0,-0.0006,0.00023,-0.00047,0.00017,0,-1e-05,1e-05,0.00346,-6e-05,0.00028,0.00245,0.00138,-0.00061,-0.00045,-2e-05,0.00513,-0.00063,0.00106,-8e-05,-3e-05,0.00042
17.28,0.0056,0.00172,-1e-05,-0.00027,-9e-05,-2e-05,-5e-05,-0.00011,0.0007,-0.00084,-3e-05,0,-0,-0.00058,0.00023,-0.00035,0.00017,0,-1e-05,1e-05,0.0034,-0.0001,0.00035,0.00215,0.00169,-0.00066,-0.00054,2e-05,0.00514,-0.00063,0.00084,-6e-05,-3e-05,0.00031
17.3,0.00624,0.00262,1e-05,-0.0003,-0.0001,-2e-05,0,1e-05,0.00062,-0.00093,-3e-05,0,-0,-0.00055,0.00023,-0.00026,0.00017,0,-1e-05,0,0.00338,-0.00019,0.00043,0.00182,0.00198,-0.00069,-0.00063,1e-05,0.00519,-0.00068,0.00061,-3e-05,-2e-05,0.00022
17.32,0.00694,0.00338,2e-05,-0.00035,-0.00011,-2e-05,5e-05,0.00012,0.00056,-0.00101,-2e-05,-0,-0,-0.00052,0.00023,-0.00021,0.00015,0,-1e-05,0,0.00353,-0.00039,0.00058,0.00159,0.00224,-0.00071,-0.00075,-1e-05,0.00532,-0.00074,0.0004,1e-05,-1e-05,0.00016
17.34,0.00773,0.00395,3e-05,-0.00042,-0.00011,-2e-05,0.00011,0.00021,0.0005,-0.00109,-2e-05,-0,-0,-0.00048,0.00022,-0.00017,0.00014,-0,-1e-05,0,0.00399,-0.00071,0.00078,0.00146,0.00248,-0.00071,-0.00088,-5e-05,0.00546,-0.0008,0.00022,5e-05,-1e-05,0.00011
17.36,0.00863,0.00431,2e-05,-0.0005,-0.0001,-2e-05,0.00017,0.00027,0.00044,-0.00117,-1e-05,-0,-0,-0.00042,0.00022,-0.00013,0.00013,-0,-1e-05,0,0.00483,-0.00115,0.001,0.00144,0.00269,-0.00068,-0.00101,-0.00013,0.00555,-0.00087,0.0001,9e-05,0,8e-05
17.38,0.00965,0.00447,-0,-0.00061,-9e-05,-3e-05,0.00022,0.00031,0.0004,-0.00125,-0,-0,-0,-0.00033,0.00021,-9e-05,0.00013,-0,-1e-05,0,0.00605,-0.00173,0.00125,0.00156,0.00287,-0.00064,-0.00114,-0.00021,0.00557,-0.00095,2e-05,0.00013,1e-05,6e-05
17.4,0.01074,0.00445,-4e-05,-0.00073,-7e-05,-3e-05,0.00027,0.00032,0.00036,-0.0013,1e-05,-0,0,-0.00023,0.0002,-6e-05,0.00013,-0,-1e-05,0,0.00751,-0.00262,0.00156,0.00178,0.00301,-0.00058,-0.00128,-0.00031,0.00547,-0.001,-1e-05,0.00016,1e-05,5e-05
17.42,0.01178,0.00431,-8e-05,-0.00085,-4e-05,-2e-05,0.00032,0.00032,0.00032,-0.00133,1e-05,-0,0,-0.00011,0.00019,-4e-05,0.00013,-0,-1e-05,0,0.00893,-0.00413,0.00198,0.00203,0.0031,-0.0005,-0.00142,-0.0004,0.00519,-0.00098,0,0.00019,2e-05,4e-05
17.44,0.01275,0.00409,-0.0001,-0.00097,-1e-05,-2e-05,0.00035,0.0003,0.00029,-0.00132,2e-05,-0,0,3e-05,0.00018,-3e-05,0.00013,-0,-1e-05,0,0.01012,-0.00633,0.00247,0.00219,0.00316,-0.0004,-0.00156,-0.00044,0.00472,-0.0009,4e-05,0.0002,2e-05,4e-05
17.46,0.01364,0.00387,-8e-05,-0.00109,2e-05,-2e-05,0.00038,0.00028,0.00026,-0.00128,2e-05,-0,0,0.00018,0.00017,-2e-05,0.00013,-0,-1e-05,0,0.01096,-0.00921,0.00295,0.00205,0.00319,-0.00028,-0.00168,-0.00042,0.00404,-0.00084,9e-05,0.0002,2e-05,4e-05
17.48,0.01438,0.00369,0,-0.0012,5e-05,-2e-05,0.00039,0.00025,0.00024,-0.00121,3e-05,-1e-05,0,0.00032,0.00016,-1e-05,0.00014,-0,-1e-05,-0,0.01134,-0.01281,0.00339,0.00141,0.00325,-0.00013,-0.00176,-0.00033,0.00314,-0.00077,0.00015,0.0002,2e-05,4e-05
17.5,0.01474,0.0036,0.00016,-0.00127,8e-05,-1e-05,0.0004,0.00021,0.00022,-0.00112,2e-05,-1e-05,1e-05,0.00046,0.00015,-1e-05,0.00014,-0,-1e-05,-0,0.01072,-0.01775,0.0038,5e-05,0.00338,5e-05,-0.00181,-0.0002,0.00194,-0.00069,0.00021,0.00018,2e-05,4e-05
17.52,0.01443,0.00362,0.0004,-0.00131,0.00012,-1e-05,0.0004,0.00016,0.0002,-0.00103,2e-05,-1e-05,1e-05,0.00061,0.00013,-0,0.00014,-0,-1e-05,-0,0.00864,-0.02499,0.00419,-0.00236,0.00362,0.00026,-0.00183,-7e-05,0.0005,-0.00059,0.00025,0.00016,1e-05,4e-05
17.54,0.01356,0.00374,0.00073,-0.00131,0.00017,-1e-05,0.0004,0.00011,0.00019,-0.00094,0,-1e-05,1e-05,0.00075,0.00011,-0,0.00014,-0,-1e-05,-0,0.00585,-0.03416,0.00445,-0.00613,0.00399,0.00051,-0.00179,6e-05,-0.00108,-0.00049,0.00029,0.00013,1e-05,3e-05
17.56,0.01231,0.00387,0.00112,-0.00127,0.00022,-1e-05,0.00039,4e-05,0.00018,-0.00084,-2e-05,-1e-05,0,0.00086,9e-05,-1e-05,0.00014,-0,-1e-05,-0,0.00317,-0.04414,0.00444,-0.01122,0.00449,0.00079,-0.00166,0.00015,-0.00271,-0.00038,0.00029,0.0001,1e-05,2e-05
17.58,0.01069,0.00394,0.00153,-0.00119,0.00028,-0,0.00039,-4e-05,0.00019,-0.00074,-4e-05,-1e-05,0,0.00095,5e-05,-1e-05,0.00014,0,-1e-05,-0,0.00104,-0.05392,0.00407,-0.01706,0.00507,0.00108,-0.00142,0.00015,-0.00433,-0.00025,0.00023,7e-05,1e-05,1e-05
17.6,0.00894,0.00389,0.0019,-0.00108,0.00035,0,0.00037,-0.00014,0.00021,-0.00066,-8e-05,-1e-05,-0,0.001,-2e-05,-1e-05,0.00013,0,-1e-05,-0,-0.00011,-0.06296,0.00358,-0.02358,0.00561,0.00135,-0.00114,0.0001,-0.00561,-0.00013,9e-05,5e-05,2e-05,-0
17.62,0.00732,0.00374,0.00222,-0.00096,0.00042,2e-05,0.00033,-0.00028,0.00023,-0.0006,-0.00012,-1e-05,-1e-05,0.00102,-0.00013,-2e-05,0.00013,0,-1e-05,-1e-05,-4e-05,-0.0703,0.00312,-0.03127,0.00591,0.00155,-0.00084,4e-05,-0.00598,-4e-05,-0.00018,2e-05,2e-05,-1e-05
17.64,0.00579,0.00342,0.00241,-0.00081,0.00044,3e-05,0.00028,-0.00047,0.00026,-0.00056,-0.00016,-1e-05,-1e-05,0.00099,-0.00029,-2e-05,0.00012,0,-1e-05,-1e-05,0.00114,-0.07277,0.00245,-0.03812,0.00586,0.00165,-0.00051,0,-0.00533,5e-05,-0.00059,-1e-05,2e-05,-2e-05
17.66,0.00434,0.00291,0.00244,-0.00065,0.00043,4e-05,0.00021,-0.00072,0.0003,-0.00053,-0.00021,-1e-05,-2e-05,0.00092,-0.00052,-3e-05,0.00011,0,-1e-05,-1e-05,0.00303,-0.06865,0.0016,-0.0416,0.00539,0.00161,-0.00018,1e-05,-0.00391,6e-05,-0.00115,-4e-05,2e-05,-3e-05
17.68,0.00302,0.00231,0.00229,-0.00047,0.00041,6e-05,0.00012,-0.00107,0.00035,-0.00052,-0.00026,-1e-05,-2e-05,0.00082,-0.00084,-4e-05,0.0001,0,-0,-1e-05,0.00514,-0.05904,0.00082,-0.04094,0.00452,0.00146,7e-05,6e-05,-0.00182,-2e-05,-0.00185,-7e-05,1e-05,-3e-05
17.7,0.00204,0.00168,0.00196,-0.00031,0.00039,6e-05,1e-05,-0.00149,0.0004,-0.00049,-0.0003,-1e-05,-2e-05,0.00068,-0.00122,-5e-05,8e-05,0,-0,-1e-05,0.0067,-0.04547,0.00028,-0.03684,0.00334,0.00118,0.00019,0.00015,0.00082,-0.00023,-0.00259,-0.0001,1e-05,-3e-05
17.72,0.00148,0.00112,0.00144,-0.00016,0.00035,5e-05,-0.00011,-0.00192,0.00044,-0.00041,-0.00033,-1e-05,-3e-05,0.00051,-0.00158,-6e-05,6e-05,0,0,-1e-05,0.00743,-0.03069,5e-05,-0.03056,0.00204,0.00084,0.0002,0.00025,0.00389,-0.0006,-0.00321,-0.00014,0,-3e-05
17.74,0.0011,0.00065,0.00081,-4e-05,0.00031,5e-05,-0.00022,-0.00236,0.00048,-0.00031,-0.00034,-2e-05,-2e-05,0.00034,-0.00191,-7e-05,4e-05,0,0,-1e-05,0.00773,-0.01771,6e-05,-0.02238,0.00096,0.00052,9e-05,0.00029,0.00681,-0.00108,-0.00362,-0.00017,-1e-05,-3e-05
17.76,0.00078,0.00031,0.00022,5e-05,0.00027,4e-05,-0.00032,-0.00281,0.00051,-0.00021,-0.00034,-2e-05,-2e-05,0.00019,-0.00223,-8e-05,1e-05,0,0,-1e-05,0.00764,-0.0081,0.00018,-0.01348,0.00024,0.00026,-8e-05,0.00017,0.00907,-0.0016,-0.00381,-0.0002,-2e-05,-3e-05
17.78,0.00053,0.00012,-0.00024,0.00012,0.00023,3e-05,-0.00042,-0.00319,0.00053,-0.0001,-0.00034,-3e-05,-2e-05,6e-05,-0.0025,-8e-05,-3e-05,0,0,-1e-05,0.00724,-0.00229,0.00021,-0.00549,-0.00011,9e-05,-0.00028,-0.00011,0.01066,-0.00217,-0.00375,-0.00022,-3e-05,-4e-05
17.8,0.00036,2e-05,-0.00056,0.00018,0.00019,3e-05,-0.0005,-0.00351,0.00053,-0,-0.00033,-4e-05,-1e-05,-5e-05,-0.00272,-7e-05,-6e-05,0,0,-0,0.00639,0,2e-05,0.00086,-0.00018,0,-0.00043,-0.00043,0.01127,-0.00264,-0.00351,-0.00024,-4e-05,-8e-05
17.82,0.00025,-0,-0.00075,0.00023,0.00015,2e-05,-0.00059,-0.00378,0.0005,6e-05,-0.00032,-4e-05,-1e-05,-0.00015,-0.00291,-7e-05,-0.0001,0,0,-0,0.00518,-0.00013,-0.00018,0.00339,-9e-05,-1e-05,-0.00042,-0.00059,0.01079,-0.00285,-0.00318,-0.00025,-4e-05,-0.00015
17.84,9e-05,2e-05,-0.00076,0.00028,0.00012,1e-05,-0.00069,-0.00393,0.00046,0.0001,-0.0003,-5e-05,-0,-0.00022,-0.00302,-5e-05,-0.00013,0,0,-0,0.00401,-0.00053,-0.00023,0.00321,5e-05,-0,-0.0003,-0.00061,0.00971,-0.00284,-0.00278,-0.00025,-4e-05,-0.00025
17.86,-0.00015,4e-05,-0.00063,0.00034,8e-05,1e-05,-0.00078,-0.00392,0.00038,0.00013,-0.00028,-5e-05,-0,-0.00029,-0.00302,-3e-05,-0.00015,0,0,-0,0.00295,-0.00092,-0.00029,0.00295,0.00019,1e-05,-0.00018,-0.00055,0.00843,-0.00269,-0.00238,-0.00024,-3e-05,-0.0004
17.88,-0.00043,4e-05,-0.00044,0.0004,6e-05,1e-05,-0.00088,-0.00373,0.00029,0.00014,-0.00026,-5e-05,0,-0.00034,-0.00292,-1e-05,-0.00017,-0,0,-0,0.00204,-0.00137,-0.00037,0.00257,0.00031,2e-05,-7e-05,-0.0004,0.00709,-0.00241,-0.00197,-0.00021,-2e-05,-0.00059
17.9,-0.00075,2e-05,-0.00024,0.00047,4e-05,0,-0.00098,-0.00342,0.00019,0.00013,-0.00024,-5e-05,0,-0.00038,-0.00273,1e-05,-0.00017,-0,0,-0,0.00136,-0.00178,-0.00041,0.00196,0.00042,3e-05,2e-05,-0.00015,0.0058,-0.00208,-0.00166,-0.00018,-2e-05,-0.00079
17.92,-0.00117,-2e-05,-9e-05,0.00054,3e-05,0,-0.00105,-0.00304,0.0001,0.0001,-0.00022,-5e-05,0,-0.0004,-0.0025,3e-05,-0.00017,-0,0,0,0.00091,-0.00202,-0.0004,0.00115,0.00051,4e-05,0.0001,0.00016,0.00463,-0.00178,-0.00148,-0.00013,-2e-05,-0.00093
17.94,-0.00162,-5e-05,0,0.0006,2e-05,0,-0.0011,-0.0026,3e-05,7e-05,-0.00019,-4e-05,0,-0.0004,-0.00221,4e-05,-0.00016,-0,0,0,0.00066,-0.00214,-0.00033,0.00022,0.00058,5e-05,0.0002,0.00047,0.0037,-0.0015,-0.00134,-8e-05,-2e-05,-0.00099
17.96,-0.00198,-6e-05,4e-05,0.00064,2e-05,0,-0.00116,-0.00211,-3e-05,5e-05,-0.00016,-4e-05,1e-05,-0.00038,-0.00188,5e-05,-0.00015,-0,0,0,0.00058,-0.00223,-0.00022,-0.00079,0.00063,5e-05,0.00026,0.00072,0.00303,-0.00124,-0.00118,-2e-05,-3e-05,-0.00102
17.98,-0.00222,-4e-05,3e-05,0.00067,1e-05,0,-0.00121,-0.00162,-7e-05,3e-05,-0.00012,-3e-05,1e-05,-0.00036,-0.00153,5e-05,-0.00013,-0,0,0,0.0006,-0.00229,-7e-05,-0.00182,0.00065,6e-05,0.00029,0.00093,0.00255,-0.00103,-0.00101,5e-05,-5e-05,-0.001
18,-0.00237,-1e-05,1e-05,0.00068,-0,0,-0.00124,-0.00116,-9e-05,2e-05,-7e-05,-2e-05,1e-05,-0.00032,-0.00119,5e-05,-0.00011,-0,0,1e-05,0.00075,-0.00215,9e-05,-0.00282,0.00066,6e-05,0.00025,0.00108,0.00221,-0.00086,-0.00086,0.00011,-8e-05,-0.00094
18.02,-0.0025,2e-05,0,0.00068,-1e-05,0,-0.00124,-0.00076,-0.0001,1e-05,-3e-05,-2e-05,1e-05,-0.0003,-0.00088,5e-05,-9e-05,-0,0,1e-05,0.00099,-0.00167,0.00022,-0.00369,0.00064,6e-05,0.00014,0.00119,0.00196,-0.00075,-0.00073,0.00018,-0.0001,-0.00082
18.04,-0.00259,4e-05,1e-05,0.00068,-2e-05,0,-0.00121,-0.00041,-9e-05,1e-05,1e-05,-1e-05,1e-05,-0.00029,-0.0006,4e-05,-7e-05,-0,0,1e-05,0.00119,-0.00101,0.00026,-0.00443,0.00061,5e-05,1e-05,0.00126,0.00175,-0.00066,-0.00062,0.00024,-0.00012,-0.00068
18.06,-0.00259,4e-05,4e-05,0.00066,-3e-05,0,-0.00115,-0.00013,-8e-05,2e-05,4e-05,-0,0,-0.00032,-0.00036,3e-05,-6e-05,-0,0,1e-05,0.00126,-0.00035,0.00023,-0.00511,0.00057,4e-05,-0.00013,0.00128,0.00157,-0.00059,-0.0005,0.0003,-0.00013,-0.00052
18.08,-0.00256,0,8e-05,0.00063,-5e-05,0,-0.00107,9e-05,-5e-05,2e-05,7e-05,0,0,-0.00038,-0.00016,3e-05,-4e-05,-0,0,1e-05,0.00118,0.00031,0.0001,-0.00573,0.00053,4e-05,-0.00025,0.00126,0.00137,-0.00053,-0.00039,0.00035,-0.00013,-0.00035
18.1,-0.00246,-7e-05,0.00012,0.00059,-6e-05,0,-0.00098,0.00024,-3e-05,3e-05,9e-05,1e-05,0,-0.00048,-1e-05,2e-05,-3e-05,-0,0,1e-05,0.00092,0.00083,-4e-05,-0.00629,0.00048,3e-05,-0.00035,0.0012,0.00114,-0.00049,-0.00028,0.00039,-0.00012,-0.00018
18.12,-0.00224,-0.00017,0.00016,0.00055,-7e-05,-0,-0.00089,0.00034,-0,3e-05,0.0001,1e-05,-0,-0.00061,0.0001,2e-05,-2e-05,-0,0,1e-05,0.00051,0.00109,-8e-05,-0.0068,0.00042,2e-05,-0.00038,0.00112,0.00085,-0.00044,-0.00016,0.00042,-9e-05,-1e-05
18.14,-0.00198,-0.0003,0.00018,0.00051,-8e-05,-0,-0.00081,0.0004,2e-05,4e-05,0.0001,1e-05,-0,-0.00078,0.00018,2e-05,-1e-05,-0,0,1e-05,5e-05,0.00144,-0.00027,-0.00575,0.00028,0,-0.00033,0.00099,0.00051,-0.0004,-4e-05,0.00045,-5e-05,0.00015
18.16,-0.00175,-0.00045,0.0002,0.00047,-8e-05,0,-0.00074,0.00041,5e-05,5e-05,9e-05,1e-05,-0,-0.00098,0.00022,2e-05,-0,-0,-0,1e-05,-8e-05,0.00185,-0.00071,-0.00388,5e-05,-0,-0.00021,0.00079,0.00011,-0.00036,0.00011,0.00046,-0,0.00029
18.18,-0.00153,-0.0006,0.0002,0.00042,-8e-05,0,-0.00067,0.0004,7e-05,6e-05,8e-05,1e-05,-0,-0.00119,0.00024,1e-05,1e-05,-0,-0,1e-05,0.0006,0.00193,-0.00115,-0.00337,-0.00015,2e-05,-4e-05,0.00054,-0.00036,-0.0003,0.00029,0.00046,5e-05,0.00043
18.2,-0.00128,-0.00076,0.00019,0.00038,-7e-05,0,-0.00063,0.00036,8e-05,6e-05,6e-05,1e-05,-0,-0.00141,0.00024,1e-05,1e-05,0,-0,0,0.00262,0.0017,-0.0016,-0.00507,-0.00027,7e-05,0.00013,0.00026,-0.00089,-0.00025,0.00051,0.00045,9e-05,0.00054
18.22,-0.00099,-0.00091,0.00016,0.00033,-6e-05,0,-0.00059,0.0003,0.0001,7e-05,4e-05,1e-05,-1e-05,-0.00162,0.00023,0,2e-05,0,-0,-0,0.00634,0.00153,-0.00222,-0.00888,-0.00018,0.00021,0.00031,-1e-05,-0.00146,-0.0002,0.00078,0.00042,0.00012,0.00061
18.24,-0.00068,-0.00108,0.00012,0.00028,-4e-05,0,-0.00056,0.00023,0.00011,8e-05,2e-05,1e-05,-1e-05,-0.00179,0.0002,-1e-05,3e-05,0,-0,-0,0.01189,0.00148,-0.00284,-0.01423,0.00022,0.00048,0.00052,-0.00025,-0.00206,-0.00015,0.00112,0.00036,0.00015,0.00066
18.26,-0.00035,-0.00125,8e-05,0.00023,-3e-05,0,-0.00053,0.00015,0.00013,9e-05,-0,1e-05,-1e-05,-0.00193,0.00017,-2e-05,4e-05,0,-0,-1e-05,0.01929,0.00133,-0.00315,-0.0201,0.00104,0.00091,0.00079,-0.00043,-0.00268,-0.0001,0.00151,0.00027,0.00017,0.00072
18.28,3e-05,-0.00147,4e-05,0.00017,-2e-05,0,-0.00048,5e-05,0.00014,0.0001,-2e-05,1e-05,-1e-05,-0.00202,0.00015,-2e-05,5e-05,0,-0,-1e-05,0.02862,0.00105,-0.00304,-0.02507,0.00233,0.00153,0.00106,-0.00048,-0.00331,-6e-05,0.0019,0.00015,0.00017,0.00076
18.3,0.00045,-0.00175,1e-05,0.00012,-0,0,-0.00044,-5e-05,0.00016,0.0001,-4e-05,0,-1e-05,-0.00205,0.00012,-3e-05,6e-05,0,-0,-1e-05,0.03848,0.00074,-0.00249,-0.0238,0.004,0.0022,0.00133,-0.0004,-0.00394,-2e-05,0.00235,-2e-05,0.00017,0.0008
18.32,0.00086,-0.00212,-0,7e-05,1e-05,0,-0.00039,-0.00016,0.00017,0.00011,-6e-05,0,-1e-05,-0.00202,9e-05,-3e-05,7e-05,0,-0,-1e-05,0.04637,0.00077,-0.00165,-0.01462,0.0058,0.00256,0.00158,-0.00017,-0.00456,2e-05,0.00301,-0.00024,0.00015,0.00083
18.34,0.00121,-0.00259,-1e-05,3e-05,1e-05,0,-0.00033,-0.00025,0.00018,0.00012,-7e-05,0,-1e-05,-0.00192,6e-05,-3e-05,8e-05,0,-0,-1e-05,0.05301,0.00104,-0.00065,-0.00432,0.00745,0.00253,0.00163,0.00027,-0.00519,8e-05,0.00382,-0.00052,0.00012,0.00084
18.36,0.00146,-0.00325,0,1e-05,2e-05,0,-0.00027,-0.00034,0.00018,0.00013,-8e-05,-0,-1e-05,-0.00178,5e-05,-3e-05,9e-05,1e-05,-0,-1e-05,0.06031,0.00123,0.00038,0.00371,0.00874,0.00222,0.00139,0.00086,-0.00584,0.00015,0.00465,-0.00085,7e-05,0.00085
18.38,0.00152,-0.00414,2e-05,-0,2e-05,0,-0.00021,-0.00042,0.00019,0.00013,-9e-05,-0,-1e-05,-0.00159,3e-05,-3e-05,9e-05,1e-05,0,-1e-05,0.06818,0.0011,0.0013,0.00902,0.00949,0.00163,0.00091,0.00136,-0.00651,0.00025,0.00546,-0.00123,2e-05,0.00083
18.4,0.00135,-0.0052,3e-05,2e-05,2e-05,0,-0.00016,-0.00048,0.00019,0.00013,-0.0001,-1e-05,-1e-05,-0.00138,2e-05,-2e-05,9e-05,1e-05,0,-1e-05,0.07565,0.00137,0.00214,0.01075,0.00951,0.00104,0.00032,0.00172,-0.00691,0.00037,0.00657,-0.0016,-5e-05,0.00079
18.42,0.00089,-0.00631,3e-05,7e-05,1e-05,0,-0.00012,-0.0005,0.00018,0.00013,-0.00011,-1e-05,-1e-05,-0.00118,2e-05,-2e-05,8e-05,1e-05,0,-1e-05,0.08083,0.00316,0.00327,0.00813,0.00867,0.0006,-0.00028,0.00211,-0.00639,0.0005,0.00851,-0.00184,-0.0001,0.0007
18.44,0.0001,-0.00749,2e-05,0.00016,1e-05,0,-0.0001,-0.00051,0.00017,0.00012,-0.00011,-1e-05,-1e-05,-0.001,1e-05,-1e-05,6e-05,1e-05,0,-1e-05,0.08364,0.00519,0.00463,0.00345,0.00715,0.00012,-0.00085,0.00197,-0.00467,0.00056,0.01091,-0.00193,-0.00013,0.00056
18.46,-0.00101,-0.00872,-0,0.00028,-0,1e-05,-9e-05,-0.00049,0.00016,0.0001,-0.00011,-1e-05,-1e-05,-0.00083,0,-1e-05,3e-05,1e-05,0,-0,0.0848,0.00623,0.00588,-0.00021,0.00517,-0.00041,-0.00135,0.00057,-0.00185,0.00049,0.01311,-0.00193,-0.00015,0.00038
18.48,-0.00233,-0.00974,-2e-05,0.00044,-1e-05,1e-05,-9e-05,-0.00046,0.00015,8e-05,-0.00011,-1e-05,-1e-05,-0.0007,-0,-1e-05,-0,1e-05,0,-0,0.08295,0.00659,0.00725,-0.0015,0.00292,-0.00093,-0.0018,-0.0023,0.00187,0.00031,0.01485,-0.00184,-0.00014,0.00014
18.5,-0.00375,-0.01066,-2e-05,0.00062,-1e-05,1e-05,-8e-05,-0.00042,0.00014,6e-05,-0.00011,-1e-05,-1e-05,-0.00058,-1e-05,-0,-3e-05,0,0,-0,0.07756,0.00584,0.00793,0.00092,0.00068,-0.00139,-0.0021,-0.00585,0.00577,8e-05,0.01563,-0.00163,-0.00011,-0.00014
18.52,-0.00518,-0.01153,-1e-05,0.00079,1e-05,2e-05,-6e-05,-0.00038,0.00012,4e-05,-0.0001,-1e-05,-1e-05,-0.00048,-1e-05,0,-7e-05,0,1e-05,-0,0.0689,0.00408,0.00691,0.00535,-0.0014,-0.00175,-0.00214,-0.00861,0.00881,-0.00011,0.01524,-0.00131,-8e-05,-0.00046
18.54,-0.00643,-0.01171,2e-05,0.00094,4e-05,2e-05,-3e-05,-0.00035,0.00012,3e-05,-0.0001,-2e-05,-1e-05,-0.0004,-2e-05,1e-05,-0.0001,0,1e-05,-0,0.05744,0.00225,0.00557,0.00986,-0.0033,-0.00204,-0.00206,-0.0104,0.01041,-0.00024,0.01356,-0.00097,-5e-05,-0.00079
18.56,-0.00732,-0.01086,5e-05,0.00105,0.0001,3e-05,-0,-0.00032,0.00012,3e-05,-0.0001,-2e-05,-1e-05,-0.00034,-2e-05,1e-05,-0.00012,0,1e-05,0,0.04389,0.00046,0.00469,0.01434,-0.0049,-0.00231,-0.00199,-0.01131,0.01048,-0.00041,0.01082,-0.00065,-2e-05,-0.00112
18.58,-0.0078,-0.00912,7e-05,0.00112,0.00018,4e-05,2e-05,-0.0003,0.00013,4e-05,-9e-05,-2e-05,-1e-05,-0.00031,-2e-05,1e-05,-0.00013,-0,1e-05,0,0.02909,-0.00149,0.0042,0.01788,-0.00622,-0.00255,-0.00192,-0.01075,0.00923,-0.00072,0.00757,-0.00035,1e-05,-0.00147
18.6,-0.00795,-0.00667,7e-05,0.00115,0.00027,5e-05,4e-05,-0.00028,0.00015,6e-05,-9e-05,-2e-05,-1e-05,-0.00028,-1e-05,1e-05,-0.00014,-0,1e-05,0,0.01476,-0.00365,0.00391,0.0203,-0.00728,-0.00279,-0.00186,-0.0089,0.0071,-0.00121,0.00441,-0.00014,3e-05,-0.0017
18.62,-0.0079,-0.0038,5e-05,0.00112,0.00036,5e-05,5e-05,-0.00026,0.00017,8e-05,-9e-05,-1e-05,-1e-05,-0.00028,0,1e-05,-0.00012,-0,1e-05,0,0.00209,-0.00543,0.00342,0.02188,-0.00807,-0.003,-0.00176,-0.00661,0.00474,-0.00182,0.00178,3e-05,5e-05,-0.00155
18.64,-0.00762,-0.00082,2e-05,0.00106,0.00044,6e-05,6e-05,-0.00023,0.0002,0.0001,-9e-05,-1e-05,-1e-05,-0.00028,2e-05,0,-0.0001,-0,1e-05,0,-0.00958,-0.00676,0.00289,0.02228,-0.00867,-0.00318,-0.00164,-0.00426,0.00261,-0.00248,-0.00054,0.00022,7e-05,-0.00115
18.66,-0.00709,0.00207,-4e-05,0.00096,0.00049,6e-05,5e-05,-0.0002,0.00024,0.00011,-9e-05,-1e-05,-1e-05,-0.00029,4e-05,-0,-6e-05,-0,1e-05,0,-0.02067,-0.00802,0.00255,0.02127,-0.0091,-0.00334,-0.00154,-0.00204,0.00089,-0.00315,-0.00294,0.00041,9e-05,-0.00071
18.68,-0.00637,0.00471,-0.0001,0.00083,0.00053,6e-05,4e-05,-0.00017,0.00027,0.00012,-9e-05,-1e-05,-1e-05,-0.0003,5e-05,-0,-2e-05,-0,0,0,-0.0309,-0.00916,0.00227,0.01885,-0.00936,-0.00348,-0.00144,-0.00018,-0.00038,-0.00374,-0.00573,0.00056,0.00011,-0.00022
18.7,-0.00547,0.00698,-0.00016,0.00067,0.00053,6e-05,3e-05,-0.00014,0.00032,0.00012,-0.0001,-1e-05,-1e-05,-0.0003,6e-05,0,3e-05,-0,0,-0,-0.04026,-0.0101,0.00205,0.01531,-0.00943,-0.00355,-0.00136,0.00079,-0.00123,-0.00421,-0.00912,0.00067,0.00013,0.0003
18.72,-0.00442,0.00877,-0.00022,0.00049,0.00052,6e-05,2e-05,-0.00011,0.00036,0.00012,-9e-05,-1e-05,-2e-05,-0.00031,6e-05,1e-05,7e-05,-0,-0,-0,-0.04878,-0.01061,0.00193,0.01072,-0.00923,-0.00351,-0.00131,0.0007,-0.00187,-0.00458,-0.01306,0.0007,0.00015,0.0008
18.74,-0.00326,0.01002,-0.00028,0.0003,0.00049,6e-05,1e-05,-6e-05,0.00042,0.00012,-9e-05,-0,-2e-05,-0.00031,7e-05,2e-05,0.00011,0,-0,-0,-0.05657,-0.0108,0.00185,0.0046,-0.00872,-0.00335,-0.00127,0.00025,-0.0024,-0.00479,-0.01711,0.00068,0.00017,0.00125
18.76,-0.00206,0.01073,-0.00032,0.00011,0.00046,6e-05,1e-05,-1e-05,0.00048,0.00012,-8e-05,-0,-2e-05,-0.00029,7e-05,3e-05,0.00014,0,-1e-05,-0,-0.06356,-0.01099,0.00179,-0.00347,-0.00785,-0.00308,-0.00125,-0,-0.00273,-0.00476,-0.0207,0.00062,0.00018,0.00158
18.78,-0.00083,0.01091,-0.00034,-8e-05,0.00041,6e-05,0,4e-05,0.00054,0.00013,-8e-05,-0,-2e-05,-0.00027,8e-05,4e-05,0.00016,0,-1e-05,-1e-05,-0.06907,-0.01104,0.00172,-0.01399,-0.00658,-0.00264,-0.00125,5e-05,-0.00287,-0.00444,-0.02315,0.00055,0.00017,0.00184
18.8,0.00037,0.01069,-0.00036,-0.00026,0.00037,5e-05,0,9e-05,0.00061,0.00013,-7e-05,0,-2e-05,-0.00023,7e-05,5e-05,0.00018,0,-1e-05,-1e-05,-0.07269,-0.01132,0.00167,-0.0278,-0.00486,-0.00201,-0.00128,0.00048,-0.00275,-0.00383,-0.02435,0.00046,0.00015,0.00189
18.82,0.00147,0.0102,-0.00038,-0.00041,0.00033,5e-05,-0,0.00015,0.0007,0.00013,-6e-05,1e-05,-2e-05,-0.00019,6e-05,5e-05,0.00019,0,-1e-05,-1e-05,-0.07354,-0.01224,0.00163,-0.04607,-0.0027,-0.00118,-0.00133,0.00144,-0.00229,-0.003,-0.02445,0.00037,0.00011,0.00167
18.84,0.00241,0.00951,-0.00039,-0.00054,0.0003,4e-05,-0,0.00021,0.00079,0.00013,-6e-05,1e-05,-2e-05,-0.00015,5e-05,5e-05,0.0002,0,-1e-05,-1e-05,-0.06941,-0.01349,0.00149,-0.06983,-0.00017,-0.00015,-0.0014,0.00271,-0.00144,-0.00206,-0.02308,0.0003,7e-05,0.00137
18.86,0.00318,0.00867,-0.00041,-0.00063,0.00028,3e-05,-0,0.00026,0.00086,0.00013,-5e-05,1e-05,-2e-05,-0.0001,4e-05,5e-05,0.0002,0,-1e-05,-1e-05,-0.05825,-0.01468,0.00115,-0.09951,0.00265,0.00104,-0.00145,0.00378,-0.00029,-0.00115,-0.0202,0.00025,5e-05,0.00108
18.88,0.00377,0.0078,-0.00042,-0.00068,0.00026,2e-05,-0,0.00032,0.00092,0.00012,-5e-05,1e-05,-1e-05,-7e-05,3e-05,4e-05,0.00019,1e-05,-1e-05,-1e-05,-0.03877,-0.01544,0.00056,-0.13418,0.00563,0.00234,-0.00147,0.00446,0.00109,-0.00039,-0.01621,0.00022,4e-05,0.00081
18.9,0.00417,0.00699,-0.00041,-0.00069,0.00024,2e-05,-0,0.00037,0.00095,0.00012,-5e-05,2e-05,-1e-05,-3e-05,3e-05,3e-05,0.00017,1e-05,-1e-05,-1e-05,-0.01041,-0.01648,-0.00027,-0.17459,0.00842,0.0036,-0.00141,0.00468,0.00245,8e-05,-0.0123,0.00021,3e-05,0.00055
18.92,0.00434,0.00633,-0.00036,-0.00067,0.00023,1e-05,0,0.0004,0.00096,0.00011,-4e-05,2e-05,-1e-05,-1e-05,3e-05,1e-05,0.00014,1e-05,-1e-05,-1e-05,0.02607,-0.01892,-0.00154,-0.22251,0.01033,0.0046,-0.00122,0.00467,0.00344,0.00027,-0.00944,0.00022,3e-05,0.0003
18.94,0.00424,0.00578,-0.00027,-0.0006,0.00021,0,1e-05,0.00042,0.00094,0.0001,-3e-05,2e-05,-1e-05,1e-05,3e-05,0,0.0001,1e-05,-1e-05,-1e-05,0.06843,-0.02137,-0.00336,-0.27183,0.01109,0.00522,-0.00088,0.00457,0.00416,0.00034,-0.00723,0.00023,3e-05,9e-05
18.96,0.00385,0.00529,-0.00017,-0.0005,0.00019,0,1e-05,0.00042,0.00091,0.0001,-2e-05,2e-05,-1e-05,3e-05,4e-05,-0,4e-05,1e-05,-1e-05,-1e-05,0.11277,-0.02241,-0.00542,-0.31342,0.01079,0.00542,-0.0004,0.0043,0.00474,0.00035,-0.00548,0.00025,4e-05,-9e-05
18.98,0.00319,0.00482,-6e-05,-0.00037,0.00016,-0,0,0.00041,0.00087,0.0001,-1e-05,2e-05,-0,4e-05,5e-05,-0,-2e-05,1e-05,-0,-0,0.15437,-0.02256,-0.00744,-0.34047,0.00951,0.00523,0.0002,0.00382,0.00521,0.00033,-0.00437,0.00027,4e-05,-0.00025
19,0.00232,0.0043,3e-05,-0.00022,0.00012,-0,-0,0.00039,0.00082,0.0001,0,2e-05,-0,7e-05,6e-05,-0,-9e-05,1e-05,0,-0,0.18337,-0.0208,-0.00898,-0.34793,0.00721,0.00459,0.00083,0.00318,0.00578,0.00027,-0.0037,0.00028,5e-05,-0.00038
19.02,0.00135,0.00365,9e-05,-7e-05,9e-05,-0,-1e-05,0.00034,0.00075,0.00011,2e-05,2e-05,-0,0.0001,6e-05,0,-0.00015,1e-05,1e-05,-0,0.1898,-0.01724,-0.00962,-0.33355,0.00402,0.00354,0.00137,0.00244,0.00668,0.00018,-0.0032,0.0003,5e-05,-0.00049
19.04,0.00029,0.00294,0.0001,7e-05,5e-05,-0,-1e-05,0.00028,0.00069,0.00012,3e-05,2e-05,-0,0.00014,6e-05,1e-05,-0.00021,1e-05,1e-05,-0,0.1756,-0.01352,-0.00922,-0.29306,0.00123,0.00244,0.00169,0.00147,0.00771,3e-05,-0.00279,0.00031,5e-05,-0.00056
19.06,-0.00077,0.00226,9e-05,0.00018,3e-05,0,-2e-05,0.0002,0.00066,0.00013,4e-05,2e-05,-0,0.00019,3e-05,2e-05,-0.00026,1e-05,2e-05,0,0.14769,-0.00986,-0.00799,-0.23225,-0.00036,0.00152,0.00171,0.00027,0.00861,-0.0002,-0.00241,0.00032,5e-05,-0.00062
19.08,-0.00178,0.00163,5e-05,0.00027,1e-05,0,-2e-05,0.00011,0.00065,0.00014,5e-05,3e-05,-0,0.00024,-0,3e-05,-0.00029,1e-05,2e-05,0,0.11311,-0.00651,-0.00641,-0.16642,-0.00095,0.00083,0.00145,-0.00098,0.00933,-0.0005,-0.002,0.00034,5e-05,-0.00065
19.1,-0.00272,0.00113,1e-05,0.00032,-1e-05,0,-2e-05,3e-05,0.00067,0.00015,5e-05,3e-05,-0,0.00031,-4e-05,3e-05,-0.00032,1e-05,2e-05,0,0.0772,-0.00344,-0.00459,-0.10476,-0.00062,0.00041,0.00096,-0.00212,0.00949,-0.00085,-0.00157,0.00035,5e-05,-0.00065
19.12,-0.00359,0.00078,0,0.00035,-1e-05,0,1e-05,-3e-05,0.00071,0.00015,6e-05,3e-05,-0,0.00039,-8e-05,3e-05,-0.00034,1e-05,2e-05,0,0.04588,-0.00117,-0.0029,-0.05683,-9e-05,0.00019,0.00047,-0.00302,0.00883,-0.00119,-0.00114,0.00037,5e-05,-0.00059
19.14,-0.00437,0.00048,5e-05,0.00034,-2e-05,0,5e-05,-4e-05,0.00077,0.00015,7e-05,3e-05,-0,0.00048,-0.0001,2e-05,-0.00035,1e-05,2e-05,0,0.02485,0.00016,-0.00192,-0.02814,0.00022,8e-05,0.0002,-0.00359,0.00761,-0.00147,-0.00072,0.00038,5e-05,-0.00049
19.16,-0.00504,0.00015,0.00017,0.00031,-2e-05,0,0.0001,1e-05,0.00084,0.00015,8e-05,4e-05,-0,0.00058,-0.0001,2e-05,-0.00034,1e-05,2e-05,0,0.01462,0.00114,-0.00162,-0.01389,0.00044,4e-05,0.00021,-0.00377,0.00608,-0.00166,-0.00033,0.00039,5e-05,-0.0004
19.18,-0.00558,-0.00023,0.00038,0.00025,-3e-05,0,0.00015,0.00013,0.00091,0.00014,9e-05,5e-05,-0,0.0007,-7e-05,2e-05,-0.00033,0,1e-05,0,0.0124,0.00224,-0.00185,-0.00477,0.00063,1e-05,0.00049,-0.00351,0.00435,-0.00172,2e-05,0.0004,5e-05,-0.00031
19.2,-0.00602,-0.00073,0.00069,0.00018,-4e-05,0,0.00021,0.00034,0.00099,0.00012,0.0001,6e-05,-0,0.00083,-1e-05,2e-05,-0.00032,0,1e-05,1e-05,0.01406,0.00382,-0.00258,0.00885,0.00069,-1e-05,0.0009,-0.00291,0.00257,-0.00163,0.00029,0.0004,5e-05,-0.00024
19.22,-0.00641,-0.00141,0.0011,9e-05,-6e-05,0,0.00027,0.00064,0.00107,0.0001,0.00012,7e-05,0,0.00097,9e-05,1e-05,-0.00029,0,1e-05,1e-05,0.01459,0.00644,-0.00384,0.03231,0.00028,-5e-05,0.00126,-0.00204,0.00101,-0.00134,0.00055,0.00039,5e-05,-0.00024
19.24,-0.00671,-0.0023,0.00162,-2e-05,-8e-05,-0,0.00033,0.00103,0.00113,8e-05,0.00015,8e-05,0,0.00109,0.00024,1e-05,-0.00025,0,0,1e-05,0.01199,0.0099,-0.00544,0.06476,-0.0008,-0.00013,0.00144,-0.00094,1e-05,-0.00092,0.00089,0.00037,4e-05,-0.00027
19.26,-0.00691,-0.00344,0.0022,-0.00014,-0.0001,-1e-05,0.00041,0.00149,0.00116,6e-05,0.00018,9e-05,0,0.00118,0.00043,1e-05,-0.00021,0,0,1e-05,0.00719,0.01339,-0.00715,0.10235,-0.00236,-0.00025,0.00139,0.00028,-0.00027,-0.00045,0.00135,0.00032,1e-05,-0.00033
19.28,-0.00706,-0.00483,0.00284,-0.00027,-0.00012,-2e-05,0.00048,0.00201,0.00115,5e-05,0.00021,0.00011,0,0.00121,0.00064,0,-0.00017,0,-0,1e-05,0.00156,0.01596,-0.00848,0.13517,-0.00425,-0.00042,0.00104,0.00139,0.00025,-2e-05,0.00198,0.00026,-3e-05,-0.00042
19.3,-0.00715,-0.00661,0.00349,-0.00041,-0.00016,-3e-05,0.00055,0.00255,0.0011,4e-05,0.00025,0.00013,0,0.00118,0.00084,-0,-0.00013,-0,-0,1e-05,-0.00034,0.01793,-0.00952,0.15728,-0.00576,-0.00064,0.00052,0.0022,0.00154,0.00028,0.00308,0.00016,-9e-05,-0.00054
19.32,-0.0072,-0.00902,0.00409,-0.00057,-0.00021,-5e-05,0.00062,0.00309,0.00099,2e-05,0.00029,0.00014,0,0.00108,0.00102,-1e-05,-9e-05,-0,-0,1e-05,0.00255,0.02084,-0.0109,0.17094,-0.00627,-0.00096,-0.0001,0.00272,0.00333,0.0004,0.00501,4e-05,-0.00015,-0.00063
19.34,-0.00726,-0.01184,0.00463,-0.00074,-0.00027,-6e-05,0.00067,0.00357,0.00081,2e-05,0.00034,0.00016,-0,0.00091,0.00116,-2e-05,-5e-05,-1e-05,-0,1e-05,0.00817,0.02297,-0.0115,0.17283,-0.00612,-0.00137,-0.00082,0.00281,0.0054,0.00037,0.00747,-0.0001,-0.00022,-0.00069
19.36,-0.00735,-0.01472,0.00506,-0.00093,-0.00033,-8e-05,0.0007,0.00393,0.00055,1e-05,0.00038,0.00018,-0,0.00072,0.0012,-3e-05,-1e-05,-1e-05,-1e-05,1e-05,0.01681,0.02259,-0.01066,0.16038,-0.0057,-0.00178,-0.00153,0.00221,0.00751,0.0002,0.01001,-0.00027,-0.00029,-0.00072
19.38,-0.00744,-0.01747,0.00534,-0.00113,-0.00039,-9e-05,0.00068,0.00412,0.00023,1e-05,0.00042,0.00019,-0,0.00051,0.00113,-3e-05,4e-05,-1e-05,-1e-05,1e-05,0.02865,0.02024,-0.00886,0.13564,-0.00516,-0.00218,-0.00213,0.00081,0.00923,-3e-05,0.01241,-0.00044,-0.00035,-0.00075
19.4,-0.00753,-0.01974,0.00552,-0.00133,-0.00045,-0.0001,0.0006,0.00417,-0.00015,0,0.00046,0.0002,-0,0.00029,0.00097,-3e-05,9e-05,-1e-05,-1e-05,0,0.03786,0.01664,-0.00666,0.11242,-0.0045,-0.00252,-0.00258,-0.00087,0.01067,-0.00025,0.01419,-0.00059,-0.00036,-0.00066
19.42,-0.00764,-0.02116,0.00565,-0.00153,-0.0005,-0.00011,0.00047,0.00419,-0.00051,0,0.00049,0.00021,0,9e-05,0.0008,-1e-05,0.00015,-1e-05,-1e-05,-0,0.03457,0.01323,-0.00477,0.10318,-0.00372,-0.00279,-0.00296,-0.00211,0.01248,-0.00042,0.01478,-0.00066,-0.00028,-0.00029
19.44,-0.00772,-0.02131,0.0057,-0.00172,-0.00054,-0.00012,0.00027,0.00412,-0.00078,-0,0.0005,0.00021,0,-6e-05,0.00061,0,0.00022,-0,-2e-05,-0,0.02399,0.00955,-0.00352,0.09685,-0.00296,-0.00295,-0.00324,-0.00322,0.01418,-0.00041,0.01407,-0.00065,-0.00018,7e-05
19.46,-0.00773,-0.01991,0.0056,-0.00187,-0.00058,-0.00012,4e-05,0.00391,-0.00097,-0,0.00049,0.0002,0,-0.00016,0.0004,2e-05,0.00029,-0,-2e-05,-1e-05,0.01389,0.005,-0.00291,0.0864,-0.00227,-0.00297,-0.00335,-0.00428,0.01492,-5e-05,0.01226,-0.00059,-0.0001,0.00021
19.48,-0.0077,-0.01694,0.0054,-0.00196,-0.00062,-0.00013,-0.00022,0.00365,-0.00108,0,0.00047,0.00018,0,-0.00023,0.00023,3e-05,0.00036,-0,-3e-05,-1e-05,0.0029,-0.0004,-0.00289,0.07571,-0.00165,-0.00285,-0.00333,-0.0047,0.01454,0.00084,0.00962,-0.00048,-3e-05,0.00016
19.5,-0.00774,-0.01257,0.00508,-0.00201,-0.00064,-0.00013,-0.00044,0.00339,-0.0011,0,0.00043,0.00015,1e-05,-0.00026,0.00011,5e-05,0.00042,-0,-3e-05,-1e-05,-0.00618,-0.00667,-0.0034,0.0643,-0.00112,-0.00261,-0.00317,-0.00436,0.0131,0.00224,0.00646,-0.00038,-0,-0.00018
19.52,-0.008,-0.00726,0.0046,-0.00199,-0.00064,-0.00012,-0.0006,0.0032,-0.00106,0,0.00038,0.00013,1e-05,-0.00027,0,5e-05,0.00047,-0,-3e-05,-1e-05,-0.01075,-0.01414,-0.00435,0.05151,-0.00075,-0.00227,-0.00286,-0.00341,0.01113,0.00383,0.00317,-0.00031,1e-05,-0.0004
19.54,-0.00848,-0.00161,0.00403,-0.00191,-0.00063,-0.00012,-0.00067,0.00308,-0.00096,0,0.00032,0.0001,1e-05,-0.00027,-4e-05,5e-05,0.00051,-0,-3e-05,-1e-05,-0.01267,-0.0227,-0.00551,0.03865,-0.00055,-0.0019,-0.00243,-0.00204,0.00865,0.00511,-0,-0.00025,5e-05,-0.00027
19.56,-0.00913,0.00385,0.00345,-0.00176,-0.0005,-0.00011,-0.00067,0.00299,-0.00083,-0,0.00027,7e-05,1e-05,-0.00027,1e-05,5e-05,0.00052,-0,-3e-05,-1e-05,-0.01286,-0.03166,-0.00668,0.02608,-0.0005,-0.00154,-0.00191,-0.00073,0.00581,0.00565,-0.00298,-0.00019,0.0001,-3e-05
19.58,-0.00998,0.00871,0.00288,-0.00156,-0.00038,-0.0001,-0.00063,0.00297,-0.00069,-1e-05,0.00022,5e-05,1e-05,-0.00027,0.00011,4e-05,0.0005,0,-3e-05,-1e-05,-0.01126,-0.04043,-0.00761,0.01398,-0.00055,-0.00118,-0.0013,-1e-05,0.00313,0.00509,-0.00573,-0.00012,0.00015,0.00031
19.6,-0.0111,0.01248,0.00231,-0.00132,-0.00027,-9e-05,-0.00058,0.00295,-0.00058,-2e-05,0.00018,3e-05,1e-05,-0.00028,0.00021,3e-05,0.00046,1e-05,-2e-05,-0,-0.00773,-0.049,-0.00866,0.00328,-0.00058,-0.0008,-0.00068,-0.00013,0.00094,0.00317,-0.00805,-5e-05,0.00018,0.00058
19.62,-0.01259,0.01466,0.00176,-0.00108,-0.00019,-8e-05,-0.0006,0.00289,-0.00052,-3e-05,0.00014,2e-05,1e-05,-0.00029,0.00027,2e-05,0.00039,1e-05,-2e-05,-0,-0.00314,-0.05765,-0.01057,-0.00533,-0.0005,-0.00037,-7e-05,-0.00099,-0.0006,1e-05,-0.00934,4e-05,0.00016,0.0006
19.64,-0.01434,0.01521,0.00123,-0.00087,-0.00012,-6e-05,-0.00066,0.00286,-0.0005,-5e-05,0.00011,0,0,-0.00028,0.0003,1e-05,0.00031,1e-05,-1e-05,-0,0.00105,-0.06525,-0.01293,-0.01123,-0.00021,0.00011,0.00054,-0.00195,-0.00104,-0.0032,-0.00967,0.00014,0.00012,0.00053
19.66,-0.01618,0.01445,0.00072,-0.0007,-6e-05,-4e-05,-0.00075,0.00288,-0.00052,-7e-05,8e-05,-1e-05,0,-0.00025,0.0003,0,0.00024,1e-05,-1e-05,-0,0.00437,-0.07054,-0.01503,-0.01383,0.00032,0.00065,0.0011,-0.00236,-0.00029,-0.00522,-0.00963,0.00025,9e-05,0.00048
19.68,-0.01797,0.01262,0.00019,-0.00057,-2e-05,-2e-05,-0.00088,0.0029,-0.00059,-9e-05,6e-05,-2e-05,0,-0.00018,0.00027,-1e-05,0.00016,1e-05,-1e-05,-0,0.007,-0.07295,-0.01682,-0.01319,0.00105,0.00122,0.00159,-0.00187,0.00108,-0.00551,-0.00914,0.00035,7e-05,0.00042
19.7,-0.01965,0.01014,-0.00039,-0.00048,-0,-1e-05,-0.00098,0.00291,-0.00069,-0.0001,4e-05,-3e-05,0,-8e-05,0.00017,-1e-05,9e-05,1e-05,-0,0,0.00833,-0.07263,-0.01807,-0.0095,0.00192,0.00177,0.00198,-0.00039,0.0023,-0.00452,-0.00892,0.00044,6e-05,0.00032
19.72,-0.02108,0.00748,-0.00102,-0.00042,-0,-0,-0.00096,0.00287,-0.00077,-0.00011,2e-05,-4e-05,0,4e-05,1e-05,-1e-05,3e-05,0,-0,0,0.00693,-0.07007,-0.01848,-0.00363,0.00282,0.00225,0.00225,0.00162,0.00297,-0.00326,-0.00924,0.00052,7e-05,0.00017
19.74,-0.02178,0.0049,-0.00166,-0.0004,-2e-05,0,-0.00081,0.00268,-0.00084,-0.00012,1e-05,-4e-05,0,0.00019,-0.00024,-0,-3e-05,0,-0,0,0.00394,-0.06368,-0.01737,0.00292,0.00364,0.00259,0.00241,0.00345,0.00305,-0.00184,-0.00913,0.00058,7e-05,7e-05
19.76,-0.02142,0.00259,-0.00226,-0.00038,-5e-05,1e-05,-0.00058,0.0023,-0.0009,-0.00012,-0,-4e-05,0,0.00033,-0.00057,1e-05,-8e-05,0,0,1e-05,0.00098,-0.05303,-0.01431,0.00916,0.00425,0.00276,0.0025,0.00465,0.00265,-0.00043,-0.00832,0.00059,8e-05,1e-05
19.78,-0.02003,0.00076,-0.00275,-0.00037,-8e-05,1e-05,-0.0003,0.00176,-0.00093,-0.00012,-1e-05,-4e-05,0,0.00047,-0.00099,2e-05,-0.00013,0,0,1e-05,-0.00173,-0.03976,-0.00942,0.01433,0.00456,0.00279,0.00257,0.00518,0.00201,0.00062,-0.00723,0.00053,7e-05,-0
19.8,-0.01765,-0.0008,-0.00302,-0.00036,-0.00012,1e-05,4e-05,0.00109,-0.00093,-0.00012,-2e-05,-4e-05,0,0.00058,-0.00145,4e-05,-0.00016,-0,0,1e-05,-0.00409,-0.02391,-0.00255,0.01724,0.00454,0.00268,0.0026,0.00491,0.00142,0.0012,-0.00608,0.00042,6e-05,1e-05
19.82,-0.01448,-0.0024,-0.00299,-0.00033,-0.00016,0,0.00043,0.00039,-0.00089,-0.00012,-3e-05,-3e-05,1e-05,0.00068,-0.00187,4e-05,-0.00019,-0,0,1e-05,-0.00631,-0.00844,0.00496,0.01639,0.00424,0.00248,0.00261,0.00387,0.00101,0.00147,-0.00498,0.00024,4e-05,4e-05
19.84,-0.01092,-0.00373,-0.00273,-0.00029,-0.00019,-0,0.00078,-0.00025,-0.00082,-0.00011,-4e-05,-3e-05,1e-05,0.00073,-0.00222,4e-05,-0.0002,-0,0,1e-05,-0.00768,0.00241,0.01138,0.01236,0.0035,0.00224,0.00267,0.00255,0.00075,0.00151,-0.00402,6e-05,2e-05,9e-05
19.86,-0.00733,-0.0046,-0.00233,-0.00023,-0.00021,-1e-05,0.00103,-0.00077,-0.00073,-0.0001,-5e-05,-3e-05,1e-05,0.00071,-0.00251,3e-05,-0.00022,-0,0,1e-05,-0.0078,0.00807,0.01654,0.00636,0.00224,0.00202,0.00284,0.00133,0.00058,0.00132,-0.00325,-8e-05,-0,0.00015
19.88,-0.00396,-0.00521,-0.00188,-0.00015,-0.00023,-3e-05,0.00117,-0.00115,-0.00064,-0.0001,-7e-05,-2e-05,1e-05,0.00064,-0.00273,2e-05,-0.00023,-0,0,1e-05,-0.00728,0.00911,0.02003,-0.00073,0.00056,0.00184,0.00311,0.00029,0.00046,0.00109,-0.00263,-0.0002,-2e-05,0.00022
19.9,-0.00108,-0.0055,-0.00143,-5e-05,-0.00025,-4e-05,0.00121,-0.00137,-0.00053,-0.0001,-8e-05,-2e-05,0,0.00054,-0.00286,0,-0.00025,-0,1e-05,1e-05,-0.00535,0.00657,0.0218,-0.00767,-0.00139,0.00171,0.00342,-0.00041,0.00032,0.00082,-0.00214,-0.00029,-3e-05,0.00029
19.92,0.00103,-0.00536,-0.00103,6e-05,-0.00025,-6e-05,0.00116,-0.00143,-0.00044,-0.0001,-9e-05,-2e-05,0,0.00042,-0.00285,-1e-05,-0.00028,-0,1e-05,1e-05,-0.00263,0.00176,0.02196,-0.01539,-0.00337,0.00162,0.00374,-0.00071,8e-05,0.00044,-0.00174,-0.00035,-4e-05,0.00036
19.94,0.00217,-0.00495,-0.00073,0.00018,-0.00025,-7e-05,0.00105,-0.00134,-0.00034,-0.0001,-0.0001,-2e-05,0,0.00029,-0.00277,-1e-05,-0.00031,-0,1e-05,1e-05,-0.00091,-0.00406,0.0205,-0.02413,-0.00517,0.00157,0.00401,-0.00076,-0.00025,9e-05,-0.0014,-0.00038,-4e-05,0.00041
19.96,0.00236,-0.0043,-0.00055,0.00029,-0.00025,-9e-05,0.0009,-0.00112,-0.00023,-9e-05,-0.0001,-2e-05,0,0.00017,-0.00266,-1e-05,-0.00035,-0,2e-05,1e-05,-0.00024,-0.0098,0.01768,-0.0325,-0.00671,0.00155,0.00421,-0.00061,-0.00063,-0.00013,-0.00108,-0.00039,-5e-05,0.00045
19.98,0.0017,-0.00332,-0.00046,0.00039,-0.00025,-0.0001,0.00074,-0.00078,-0.00012,-9e-05,-0.0001,-2e-05,0,9e-05,-0.00252,-1e-05,-0.0004,-0,2e-05,1e-05,-0.0001,-0.0145,0.0137,-0.03996,-0.00795,0.00152,0.00428,-0.00036,-0.00101,-0.00028,-0.00074,-0.00037,-5e-05,0.00045
20,0.00033,-0.00194,-0.00044,0.00047,-0.00024,-0.0001,0.00058,-0.00033,-2e-05,-8e-05,-9e-05,-2e-05,-0,2e-05,-0.00234,0,-0.00046,-0,2e-05,0,-0.00012,-0.0178,0.00959,-0.04717,-0.00883,0.00144,0.00425,-0.00012,-0.00134,-0.00039,-0.00036,-0.00035,-5e-05,0.00042
20.02,-0.00157,-0.00029,-0.00044,0.00055,-0.00022,-0.0001,0.00041,0.00026,8e-05,-7e-05,-8e-05,-1e-05,-0,-0,-0.00212,2e-05,-0.00052,-0,3e-05,0,-5e-05,-0.01998,0.00563,-0.05527,-0.00927,0.00123,0.0041,-0,-0.00156,-0.00048,0.00011,-0.00032,-5e-05,0.00035
20.04,-0.00394,0.00123,-0.00045,0.00063,-0.0002,-9e-05,0.00027,0.001,0.00017,-5e-05,-7e-05,-1e-05,-0,1e-05,-0.00187,4e-05,-0.00058,-0,3e-05,-0,0.00027,-0.0204,0.00075,-0.06164,-0.00935,0.0009,0.00378,-0.00012,-0.00159,-0.00054,0.00074,-0.00028,-5e-05,0.00026
20.06,-0.00675,0.00224,-0.00049,0.00072,-0.00017,-7e-05,0.00017,0.00189,0.00023,-4e-05,-6e-05,-0,-0,5e-05,-0.00162,6e-05,-0.00063,-0,3e-05,-0,0.00094,-0.01841,-0.00521,-0.06373,-0.00914,0.0005,0.00323,-0.00057,-0.0014,-0.0006,0.00157,-0.00023,-4e-05,0.00014
20.08,-0.01006,0.00232,-0.00053,0.00083,-0.00013,-6e-05,0.00014,0.00293,0.00026,-2e-05,-4e-05,0,-0,0.00011,-0.00136,9e-05,-0.00066,-0,3e-05,-0,0.00226,-0.01427,-0.0121,-0.06264,-0.00858,4e-05,0.0025,-0.00144,-0.00097,-0.00064,0.00261,-0.00018,-4e-05,1e-05
20.1,-0.01431,0.00107,-0.00063,0.00101,-0.0001,-4e-05,0.00017,0.0041,0.00025,1e-05,-2e-05,1e-05,-0,0.00017,-0.0011,0.00012,-0.00067,-0,3e-05,-0,0.00416,-0.00875,-0.01941,-0.05727,-0.00786,-0.00038,0.00171,-0.00257,-0.00042,-0.00069,0.00387,-0.00013,-3e-05,-0.00012
20.12,-0.02048,-0.00169,-0.00088,0.00128,-7e-05,-2e-05,0.00027,0.00535,0.0002,2e-05,2e-05,2e-05,-0,0.00024,-0.00087,0.00015,-0.00065,-0,3e-05,0,0.0058,-0.00261,-0.02583,-0.0484,-0.00716,-0.0008,0.00098,-0.00353,0.00018,-0.00082,0.00534,-8e-05,-2e-05,-0.00023
20.14,-0.0288,-0.00541,-0.00122,0.00164,-4e-05,-0,0.00041,0.00657,8e-05,3e-05,6e-05,3e-05,-0,0.0003,-0.00062,0.00018,-0.0006,-0,3e-05,0,0.00712,0.00367,-0.03089,-0.04114,-0.00638,-0.00117,0.00033,-0.00416,0.0008,-0.00097,0.00681,-2e-05,-2e-05,-0.00031
20.16,-0.03895,-0.00931,-0.00153,0.00207,-2e-05,1e-05,0.00056,0.00768,-0.0001,4e-05,0.00012,5e-05,-0,0.0003,-0.00036,0.00019,-0.00052,-0,3e-05,0,0.0086,0.00922,-0.03472,-0.03794,-0.00546,-0.00136,-0.00015,-0.00443,0.00137,-0.00113,0.00804,3e-05,-1e-05,-0.00036
20.18,-0.05048,-0.01282,-0.00175,0.00253,2e-05,3e-05,0.00065,0.00859,-0.00036,2e-05,0.00019,8e-05,-0,0.00025,-9e-05,0.00018,-0.00042,-0,3e-05,0,0.00995,0.01346,-0.03673,-0.03811,-0.00449,-0.00135,-0.0004,-0.00415,0.00186,-0.00131,0.00889,9e-05,-1e-05,-0.00036
20.2,-0.06309,-0.01546,-0.00193,0.00297,6e-05,5e-05,0.00058,0.00931,-0.00067,-0,0.00027,0.00012,-0,0.0002,0.00017,0.00014,-0.00033,-0,3e-05,0,0.00936,0.01582,-0.03767,-0.04056,-0.00352,-0.00106,-0.00039,-0.00344,0.00236,-0.00157,0.00927,0.00014,-0,-0.00032
20.22,-0.07639,-0.01703,-0.00221,0.00334,0.00013,6e-05,0.00033,0.00996,-0.00099,-3e-05,0.00036,0.00016,0,0.00024,0.00041,9e-05,-0.00025,-0,2e-05,-0,0.00372,0.01596,-0.03937,-0.0439,-0.00259,-0.00048,-9e-05,-0.00253,0.00299,-0.00197,0.00915,0.00018,0,-0.00023
20.24,-0.08792,-0.01748,-0.00252,0.00356,0.00021,8e-05,-6e-05,0.01059,-0.00131,-4e-05,0.00044,0.00021,0,0.00036,0.00059,4e-05,-0.00019,-0,2e-05,-0,-0.00591,0.01442,-0.04108,-0.04655,-0.00176,0.00039,0.00048,-0.00149,0.00373,-0.00247,0.00858,0.00022,0,-0.00011
20.26,-0.09519,-0.01673,-0.0027,0.00353,0.00032,0.00011,-0.00048,0.01111,-0.00163,-5e-05,0.00051,0.00024,-0,0.00048,0.00071,-1e-05,-0.00013,-0,1e-05,-1e-05,-0.0168,0.01173,-0.0419,-0.04769,-0.00107,0.00151,0.0013,-0.00041,0.00447,-0.003,0.00765,0.00024,0,3e-05
20.28,-0.09737,-0.01491,-0.00269,0.00324,0.00046,0.00012,-0.00087,0.0115,-0.00198,-5e-05,0.00055,0.00025,-0,0.00065,0.00075,-4e-05,-8e-05,-0,0,-1e-05,-0.02891,0.00805,-0.04242,-0.04733,-0.00051,0.00281,0.00229,0.00056,0.00515,-0.00345,0.00649,0.00025,0,0.00016
20.3,-0.09374,-0.01232,-0.00241,0.00271,0.00058,0.00012,-0.00078,0.0117,-0.00218,-4e-05,0.00057,0.00022,-1e-05,0.0008,0.0007,-4e-05,-3e-05,-0,-1e-05,-1e-05,-0.04036,0.00364,-0.04203,-0.04549,-0.0001,0.00406,0.00329,0.00136,0.00561,-0.00364,0.00533,0.00025,-0,0.00029
20.32,-0.0846,-0.00965,-0.00181,0.002,0.00063,0.0001,0.00017,0.01153,-0.00195,-5e-05,0.00056,0.00016,-1e-05,0.00085,0.00056,-3e-05,1e-05,-0,-1e-05,-1e-05,-0.04928,-0.00134,-0.03978,-0.04233,0.00019,0.00475,0.00397,0.00236,0.00566,-0.00341,0.00438,0.00023,-1e-05,0.00047
20.34,-0.07044,-0.00796,-0.00104,0.00118,0.00061,8e-05,0.00143,0.01072,-0.00154,-6e-05,0.00053,9e-05,-0,0.00085,0.00039,-1e-05,4e-05,-0,-1e-05,-1e-05,-0.05579,-0.00678,-0.03648,-0.03884,0.00038,0.00486,0.00427,0.00351,0.0054,-0.00283,0.00359,0.00019,-2e-05,0.00067
20.36,-0.05186,-0.00788,-0.00034,0.00028,0.00051,4e-05,0.00241,0.00933,-0.00112,-6e-05,0.00046,3e-05,1e-05,0.00084,0.00021,1e-05,6e-05,-0,-1e-05,-1e-05,-0.05997,-0.01257,-0.0327,-0.03557,0.00052,0.00456,0.0042,0.00442,0.00496,-0.00205,0.0029,0.00014,-2e-05,0.00081
20.38,-0.03001,-0.00948,6e-05,-0.00064,0.00032,-1e-05,0.00302,0.00749,-0.00068,-4e-05,0.00035,-3e-05,2e-05,0.00077,3e-05,3e-05,7e-05,-1e-05,-1e-05,-0,-0.06205,-0.01837,-0.0282,-0.03202,0.00069,0.00383,0.00372,0.00519,0.00443,-0.00124,0.00232,9e-05,-3e-05,0.00092
20.4,-0.0059,-0.0123,1e-05,-0.00155,4e-05,-6e-05,0.00294,0.00543,-0.00031,-1e-05,0.0002,-6e-05,3e-05,0.00057,-0.00016,3e-05,8e-05,-1e-05,-1e-05,-0,-0.05963,-0.02435,-0.02342,-0.02862,0.00099,0.00291,0.00292,0.00549,0.00392,-0.00057,0.00178,3e-05,-4e-05,0.00093
20.42,0.01831,-0.01553,-0.00059,-0.0024,-0.00031,-0.00012,0.00217,0.00344,-7e-05,2e-05,1e-05,-7e-05,4e-05,0.0002,-0.0004,2e-05,0.0001,-1e-05,-0,0,-0.05134,-0.03134,-0.01871,-0.02559,0.00151,0.00201,0.0019,0.00501,0.00352,-0.00014,0.00125,-3e-05,-5e-05,0.00083
20.44,0.04075,-0.01827,-0.00162,-0.00314,-0.00068,-0.00017,0.00111,0.00179,5e-05,4e-05,-0.00022,-5e-05,4e-05,-0.00031,-0.00074,0,0.00013,-1e-05,0,0,-0.04049,-0.03876,-0.01398,-0.02149,0.00234,0.001,0.00057,0.0042,0.00323,9e-05,0.00071,-8e-05,-5e-05,0.00069
20.46,0.06113,-0.01989,-0.00279,-0.00376,-0.00105,-0.00019,6e-05,0.00062,8e-05,5e-05,-0.00045,-1e-05,3e-05,-0.00096,-0.0012,-0,0.00019,-1e-05,1e-05,0,-0.02893,-0.04569,-0.00929,-0.01547,0.00357,-9e-05,-0.00103,0.00338,0.00304,0.00016,0.00017,-0.00011,-5e-05,0.00055
20.48,0.07906,-0.02012,-0.00389,-0.00422,-0.00137,-0.00018,-0.00077,-7e-05,4e-05,5e-05,-0.00068,5e-05,1e-05,-0.00171,-0.00183,-0,0.00028,-1e-05,1e-05,0,-0.01658,-0.0519,-0.00473,-0.00764,0.00523,-0.00113,-0.00281,0.00259,0.00288,0.00016,-0.00039,-0.00012,-4e-05,0.00042
20.5,0.09435,-0.01876,-0.00459,-0.00443,-0.00146,-0.00016,-0.00122,-0.00041,-1e-05,2e-05,-0.00082,9e-05,-2e-05,-0.00238,-0.00258,1e-05,0.00038,-0,1e-05,-0,-0.00385,-0.05816,-0.00024,0.00179,0.00731,-0.00209,-0.00472,0.00174,0.00277,0.00013,-0.00096,-0.00011,-3e-05,0.00031
20.52,0.10671,-0.01593,-0.00459,-0.00432,-0.00132,-0.00015,-0.00118,-0.00111,1e-05,-0,-0.00074,0.00012,-5e-05,-0.00268,-0.00329,2e-05,0.00046,-0,1e-05,0,0.00827,-0.0656,0.0043,0.01251,0.00969,-0.00306,-0.00685,0.00089,0.0027,0.0001,-0.00149,-7e-05,-2e-05,0.00021
20.54,0.1153,-0.01234,-0.0039,-0.00387,-0.00117,-0.00013,-0.00077,-0.00254,0.00015,4e-05,-0.00048,0.0001,-6e-05,-0.0026,-0.00383,3e-05,0.00052,0,1e-05,0,0.01888,-0.07311,0.00907,0.024,0.01226,-0.00388,-0.00905,0.00028,0.00253,8e-05,-0.00198,-0,-1e-05,0.00013
20.56,0.11952,-0.00854,-0.00282,-0.00314,-0.00102,-0.00012,-0.0003,-0.00472,0.00038,0.00016,-0.00016,6e-05,-7e-05,-0.00226,-0.00413,4e-05,0.00054,0,0,0,0.02765,-0.07916,0.01426,0.03544,0.01487,-0.0043,-0.01106,-5e-05,0.00213,7e-05,-0.00244,9e-05,1e-05,7e-05
20.58,0.11905,-0.00475,-0.00156,-0.00223,-0.00087,-0.0001,4e-05,-0.00797,0.00064,0.00028,0.00016,2e-05,-7e-05,-0.00169,-0.00408,3e-05,0.00053,1e-05,-1e-05,1e-05,0.03447,-0.08303,0.0201,0.04589,0.01736,-0.00431,-0.01286,-0.00014,0.00154,7e-05,-0.00284,0.00019,3e-05,3e-05
20.6,0.1133,-0.00109,-0.00051,-0.00128,-0.00074,-8e-05,0.00015,-0.01173,0.00084,0.00036,0.00048,-2e-05,-6e-05,-0.00106,-0.00364,3e-05,0.00049,1e-05,-2e-05,1e-05,0.03845,-0.08454,0.02641,0.05382,0.01918,-0.00389,-0.01415,-7e-05,0.00074,5e-05,-0.00318,0.00029,5e-05,-0
20.62,0.10188,0.00227,0.00014,-0.00042,-0.00064,-7e-05,0.00021,-0.01511,0.00084,0.00038,0.00081,-6e-05,-3e-05,-0.00053,-0.00289,2e-05,0.00044,0,-3e-05,1e-05,0.03838,-0.08374,0.03263,0.05752,0.01958,-0.00313,-0.01466,0.00011,-0.00014,2e-05,-0.00345,0.0004,8e-05,-2e-05
20.64,0.08668,0.0051,0.0004,0.00024,-0.00055,-7e-05,-0.00016,-0.01798,0.00073,0.00031,0.00101,-9e-05,-0,-0.00015,-0.002,1e-05,0.00039,0,-4e-05,1e-05,0.03533,-0.07765,0.03893,0.05637,0.01864,-0.00224,-0.01457,0.00026,-0.00084,-0,-0.00366,0.0005,0.0001,-3e-05
20.66,0.07006,0.00727,0.00036,0.00066,-0.00041,-5e-05,-0.00097,-0.02005,0.00059,0.00015,0.00102,-0.00013,2e-05,5e-05,-0.00114,1e-05,0.00032,-0,-3e-05,1e-05,0.03076,-0.06423,0.04577,0.05055,0.01676,-0.00134,-0.01407,0.00033,-0.00129,-0,-0.00382,0.00057,0.00012,-4e-05
20.68,0.05304,0.00857,0.00016,0.00084,-0.00029,-3e-05,-0.00188,-0.02046,0.00042,1e-05,0.00092,-0.00015,3e-05,5e-05,-0.00043,1e-05,0.00026,0,-3e-05,1e-05,0.02498,-0.04422,0.05306,0.04087,0.01391,-0.00053,-0.01325,0.0003,-0.00146,1e-05,-0.00393,0.0006,0.00014,-4e-05
20.7,0.03848,0.00887,-6e-05,0.00084,-0.00019,-0,-0.00262,-0.01934,0.00028,-8e-05,0.00072,-0.00016,4e-05,-8e-05,-4e-05,-0,0.00021,0,-2e-05,1e-05,0.01971,-0.017,0.06099,0.02902,0.01094,0.00011,-0.01214,0.0002,-0.00133,4e-05,-0.00406,0.00059,0.00014,-4e-05
20.72,0.02822,0.00823,-0.00022,0.00073,-0.00011,2e-05,-0.00286,-0.01735,0.00017,-0.00017,0.00043,-0.00016,3e-05,-0.00025,3e-05,-1e-05,0.00016,0,-2e-05,1e-05,0.01629,0.01304,0.0703,0.0172,0.00852,0.00052,-0.01083,8e-05,-0.00087,8e-05,-0.00426,0.00053,0.00014,-5e-05
20.74,0.02066,0.00688,-0.00027,0.00055,-4e-05,3e-05,-0.00261,-0.01452,9e-05,-0.00018,0.0002,-0.00014,2e-05,-0.0004,-4e-05,-2e-05,0.00012,0,-1e-05,0,0.01413,0.03994,0.08021,0.00723,0.00611,0.00068,-0.0097,1e-05,-0.0002,0.00013,-0.00449,0.00046,0.00013,-5e-05
20.76,0.01476,0.00511,-0.00018,0.00037,-0,4e-05,-0.0021,-0.01113,3e-05,-0.00013,7e-05,-0.00011,1e-05,-0.00047,-0.0002,-3e-05,9e-05,0,-1e-05,0,0.01301,0.06279,0.08996,0.00021,0.00355,0.00063,-0.00894,0,0.00053,0.00015,-0.00472,0.00037,0.00011,-6e-05
20.78,0.0105,0.00321,7e-05,0.00021,2e-05,3e-05,-0.00152,-0.00777,-0,-8e-05,1e-05,-7e-05,0,-0.00043,-0.00038,-5e-05,5e-05,-0,-1e-05,0,0.0133,0.08106,0.0998,-0.00354,0.00104,0.00039,-0.00849,4e-05,0.00129,0.00016,-0.00496,0.00027,0.0001,-7e-05
20.8,0.00769,0.00161,0.00042,9e-05,3e-05,3e-05,-0.00099,-0.00486,-1e-05,-4e-05,-1e-05,-4e-05,-0,-0.00028,-0.00055,-7e-05,3e-05,-0,-0,0,0.01421,0.09373,0.10558,-0.00429,-0.00121,4e-05,-0.00809,0.00011,0.00194,0.00012,-0.00514,0.00018,8e-05,-8e-05
20.82,0.0061,0.00059,0.00084,2e-05,3e-05,2e-05,-0.00058,-0.0026,-1e-05,-2e-05,-1e-05,-2e-05,-1e-05,-5e-05,-0.00066,-9e-05,1e-05,-0,-0,0,0.01438,0.09932,0.10159,-0.00273,-0.00347,-0.0004,-0.00739,0.0002,0.00241,4e-05,-0.00521,0.0001,7e-05,-0.0001
20.84,0.0052,-0,0.00125,-4e-05,3e-05,1e-05,-0.00031,-0.00101,1e-05,-1e-05,-0,0,-1e-05,0.00023,-0.0007,-0.00011,-1e-05,-0,-0,0,0.01384,0.09901,0.09112,0.00019,-0.00574,-0.0009,-0.00642,0.00031,0.00272,-6e-05,-0.00517,2e-05,5e-05,-0.00011
20.86,0.0046,-0.00035,0.00157,-0.0001,2e-05,0,-0.00015,-4e-05,3e-05,-0,0,1e-05,-0,0.00049,-0.00063,-0.00012,-2e-05,-0,-0,0,0.0129,0.09529,0.07812,0.00376,-0.00764,-0.00141,-0.00527,0.00038,0.00293,-0.00017,-0.00504,-4e-05,4e-05,-0.00013
20.88,0.00415,-0.00045,0.00177,-0.00016,2e-05,0,-8e-05,0.00043,4e-05,0,1e-05,2e-05,-0,0.00072,-0.00048,-0.00012,-3e-05,-0,-0,0,0.01108,0.08818,0.0623,0.00756,-0.00911,-0.00193,-0.00392,0.00043,0.00302,-0.00029,-0.00482,-9e-05,3e-05,-0.00014
20.9,0.00386,-0.0004,0.00183,-0.00024,2e-05,-0,-6e-05,0.00057,6e-05,1e-05,1e-05,2e-05,0,0.00089,-0.00027,-0.00012,-4e-05,-0,-0,0,0.00914,0.07971,0.0462,0.01131,-0.01008,-0.00241,-0.00256,0.00044,0.00298,-0.00042,-0.00452,-0.00013,2e-05,-0.00016
20.92,0.00371,-0.00029,0.00179,-0.00033,1e-05,0,-7e-05,0.00052,7e-05,3e-05,1e-05,2e-05,0,0.00098,-3e-05,-0.00011,-4e-05,-0,-0,0,0.00808,0.07219,0.03186,0.01473,-0.01058,-0.00281,-0.00131,0.00044,0.00279,-0.00052,-0.0042,-0.00016,1e-05,-0.00016
20.94,0.0036,-0.00014,0.00166,-0.00043,1e-05,0,-8e-05,0.00038,7e-05,5e-05,1e-05,1e-05,1e-05,0.00101,0.00022,-0.0001,-4e-05,-0,-0,-0,0.0072,0.0649,0.01889,0.01776,-0.01073,-0.00312,-0.00015,0.00042,0.00254,-0.0006,-0.00385,-0.00017,1e-05,-0.00017
20.96,0.00347,3e-05,0.00146,-0.00052,1e-05,0,-0.0001,0.00021,7e-05,6e-05,0,1e-05,1e-05,0.001,0.00046,-9e-05,-4e-05,-0,-0,-0,0.00592,0.05702,0.00749,0.02052,-0.01061,-0.00335,0.00087,0.0004,0.00228,-0.00067,-0.00348,-0.00018,1e-05,-0.00017
20.98,0.00336,0.00017,0.00121,-0.00061,0,1e-05,-0.00012,5e-05,7e-05,8e-05,0,1e-05,1e-05,0.00096,0.00065,-7e-05,-3e-05,-0,-0,-0,0.00451,0.04811,-0.00157,0.02302,-0.01035,-0.00348,0.00169,0.00038,0.00204,-0.00072,-0.0031,-0.00018,0,-0.00016
21,0.00327,0.00028,0.00093,-0.0007,-0,1e-05,-0.00013,-8e-05,6e-05,0.0001,0,0,1e-05,0.00089,0.0008,-5e-05,-2e-05,-0,-0,-1e-05,0.003,0.04102,-0.008,0.0257,-0.00998,-0.00352,0.00237,0.00037,0.00178,-0.00075,-0.00275,-0.00017,-0,-0.00016
21.02,0.00322,0.00037,0.00063,-0.00077,-1e-05,1e-05,-0.00014,-0.00019,6e-05,0.00011,0,0,1e-05,0.0008,0.0009,-3e-05,0,-0,-0,-1e-05,0.0014,0.03871,-0.01336,0.02907,-0.00951,-0.00346,0.00307,0.00037,0.0015,-0.00076,-0.00245,-0.00016,-0,-0.00015
21.04,0.0032,0.00043,0.00032,-0.00083,-1e-05,1e-05,-0.00014,-0.00028,5e-05,0.00011,0,-0,1e-05,0.00071,0.00094,-2e-05,2e-05,-0,-0,-1e-05,1e-05,0.03776,-0.01795,0.03297,-0.00913,-0.0033,0.00374,0.00037,0.00125,-0.00075,-0.00219,-0.00015,-0,-0.00014
21.06,0.00319,0.00044,1e-05,-0.00087,-1e-05,1e-05,-0.00015,-0.00034,4e-05,0.00012,0,-0,1e-05,0.00061,0.00093,-1e-05,5e-05,0,-1e-05,-1e-05,-0.00123,0.03542,-0.02079,0.0372,-0.00889,-0.00306,0.00424,0.00038,0.00105,-0.00074,-0.00194,-0.00013,-0,-0.00013
21.08,0.0032,0.00042,-0.00028,-0.00088,-1e-05,1e-05,-0.00016,-0.0004,4e-05,0.00012,1e-05,-0,1e-05,0.00052,0.00087,-1e-05,7e-05,0,-1e-05,-1e-05,-0.00231,0.03244,-0.02209,0.04188,-0.00873,-0.00275,0.00458,0.00039,0.00088,-0.00073,-0.00172,-0.00012,-0,-0.00012
21.1,0.00323,0.00038,-0.00054,-0.00087,-1e-05,1e-05,-0.00018,-0.00045,4e-05,0.00012,1e-05,0,1e-05,0.00042,0.00077,-0,0.0001,0,-1e-05,-1e-05,-0.00295,0.02939,-0.02229,0.04651,-0.00864,-0.0024,0.00473,0.00041,0.00073,-0.00072,-0.00152,-0.0001,-0,-0.00011
21.12,0.00327,0.00033,-0.00074,-0.00084,-0,1e-05,-0.00021,-0.00049,4e-05,0.00012,1e-05,0,1e-05,0.00031,0.00064,-0,0.00012,0,-1e-05,-2e-05,-0.00301,0.02665,-0.02188,0.05036,-0.0086,-0.00204,0.00464,0.00043,0.00057,-0.00069,-0.00136,-8e-05,0,-0.0001
21.14,0.00332,0.00028,-0.00084,-0.00078,0,0,-0.00026,-0.00055,5e-05,0.00011,1e-05,0,1e-05,0.00021,0.0005,-0,0.00014,0,-2e-05,-2e-05,-0.00275,0.02377,-0.02066,0.05347,-0.00844,-0.00172,0.00433,0.00046,0.00043,-0.00065,-0.0012,-6e-05,1e-05,-9e-05
21.16,0.00341,0.00021,-0.00081,-0.00071,1e-05,0,-0.00032,-0.00062,6e-05,0.00011,1e-05,0,1e-05,0.00012,0.00037,0,0.00016,1e-05,-2e-05,-2e-05,-0.00243,0.02048,-0.01844,0.05596,-0.00802,-0.00146,0.00386,0.00047,0.0003,-0.00062,-0.00106,-4e-05,1e-05,-8e-05
21.18,0.00353,0.00015,-0.00061,-0.00061,3e-05,-0,-0.00039,-0.00069,7e-05,0.00012,1e-05,0,1e-05,3e-05,0.00026,0,0.00017,1e-05,-2e-05,-2e-05,-0.00211,0.01712,-0.01551,0.05768,-0.00736,-0.00124,0.00325,0.00048,0.00017,-0.00059,-0.00093,-2e-05,1e-05,-6e-05
21.2,0.00374,9e-05,-0.00024,-0.0005,4e-05,-0,-0.00047,-0.00078,9e-05,0.00012,1e-05,-0,1e-05,-5e-05,0.00016,1e-05,0.00018,1e-05,-2e-05,-2e-05,-0.00165,0.01391,-0.01236,0.05827,-0.00645,-0.00109,0.00257,0.00049,4e-05,-0.00057,-0.0008,-0,2e-05,-5e-05
21.22,0.00406,5e-05,0.00028,-0.00038,6e-05,-1e-05,-0.00054,-0.00089,0.00013,0.00013,0,-0,0,-0.00012,7e-05,1e-05,0.00018,1e-05,-2e-05,-2e-05,-0.0008,0.01106,-0.00939,0.05736,-0.00532,-0.00101,0.00187,0.00047,-9e-05,-0.00055,-0.00068,2e-05,2e-05,-3e-05
21.24,0.0045,3e-05,0.0009,-0.00025,9e-05,-1e-05,-0.0006,-0.00102,0.00018,0.00014,-0,-1e-05,0,-0.00018,1e-05,2e-05,0.00019,0,-2e-05,-2e-05,0.0001,0.00865,-0.00652,0.05545,-0.00409,-0.00096,0.00121,0.00045,-0.00023,-0.00053,-0.00057,3e-05,3e-05,-2e-05
21.26,0.00504,0,0.00157,-0.00012,0.00011,-1e-05,-0.00064,-0.00118,0.00025,0.00015,0,-1e-05,-0,-0.00022,-5e-05,2e-05,0.00019,0,-2e-05,-2e-05,0.00083,0.00668,-0.00377,0.05304,-0.00282,-0.00092,0.00059,0.00042,-0.00036,-0.00053,-0.00044,5e-05,3e-05,0
21.28,0.00566,-4e-05,0.00217,1e-05,0.00014,-2e-05,-0.00067,-0.0014,0.00035,0.00017,1e-05,-1e-05,-0,-0.00024,-0.00015,2e-05,0.00018,0,-1e-05,-2e-05,0.0019,0.00518,-0.00136,0.05003,-0.00157,-0.00089,3e-05,0.00037,-0.0005,-0.00053,-0.0003,6e-05,3e-05,1e-05
21.3,0.00631,-0.00015,0.00265,0.00014,0.00016,-2e-05,-0.00069,-0.00166,0.00046,0.00018,2e-05,-1e-05,-1e-05,-0.00025,-0.00028,2e-05,0.00018,0,-1e-05,-2e-05,0.00226,0.00413,0.00059,0.04746,-0.0004,-0.00087,-0.00045,0.0003,-0.00064,-0.00054,-0.00013,6e-05,3e-05,2e-05
21.32,0.00689,-0.00036,0.00296,0.00025,0.00017,-2e-05,-0.00071,-0.00188,0.0006,0.0002,6e-05,-1e-05,-1e-05,-0.00025,-0.00038,1e-05,0.00016,0,-0,-2e-05,0.00052,0.00351,0.00196,0.04656,0.00063,-0.00086,-0.00083,0.00022,-0.00075,-0.00054,7e-05,6e-05,3e-05,2e-05
21.34,0.00732,-0.00069,0.00305,0.00035,0.00017,-1e-05,-0.00072,-0.0021,0.00076,0.00022,0.00012,0,-2e-05,-0.00024,-0.00047,1e-05,0.00014,0,0,-2e-05,-0.00214,0.00327,0.00273,0.04655,0.00144,-0.00086,-0.00113,0.00013,-0.00082,-0.00054,0.00032,6e-05,2e-05,1e-05
21.36,0.0075,-0.00117,0.00287,0.00043,0.00019,-1e-05,-0.00072,-0.00238,0.00094,0.00024,0.00015,1e-05,-2e-05,-0.00022,-0.00063,0,0.0001,0,0,-1e-05,-0.00461,0.00335,0.00302,0.04666,0.00203,-0.00087,-0.00135,1e-05,-0.00085,-0.00053,0.00062,5e-05,1e-05,-2e-05
21.38,0.0074,-0.00179,0.00246,0.00048,0.0002,-0,-0.0007,-0.00269,0.00111,0.00024,0.00017,2e-05,-2e-05,-0.0002,-0.00084,-0,6e-05,0,1e-05,-1e-05,-0.0072,0.00366,0.003,0.04709,0.00239,-0.00089,-0.00151,-0.00014,-0.00083,-0.00052,0.00097,3e-05,0,-6e-05
21.4,0.00687,-0.00256,0.00192,0.00052,0.00023,1e-05,-0.00066,-0.00297,0.00128,0.00023,0.00018,3e-05,-3e-05,-0.00018,-0.00104,0,1e-05,0,1e-05,-1e-05,-0.00992,0.00405,0.00265,0.04718,0.00255,-0.00091,-0.00161,-0.00033,-0.00073,-0.00047,0.00139,1e-05,-1e-05,-0.00013
21.42,0.00575,-0.00351,0.00137,0.00052,0.00027,2e-05,-0.00058,-0.00314,0.00145,0.00022,0.00015,4e-05,-3e-05,-0.00016,-0.00117,1e-05,-4e-05,0,1e-05,-1e-05,-0.01273,0.00436,0.00185,0.04604,0.00255,-0.00093,-0.00164,-0.00059,-0.00052,-0.00038,0.0019,-1e-05,-2e-05,-0.00022
21.44,0.00427,-0.00456,0.00085,0.0005,0.00031,3e-05,-0.00047,-0.00317,0.00161,0.0002,0.00012,5e-05,-2e-05,-0.00015,-0.00123,1e-05,-0.0001,0,1e-05,-0,-0.01527,0.00454,0.00087,0.04385,0.0024,-0.00096,-0.00163,-0.00095,-0.00021,-0.00024,0.00252,-5e-05,-4e-05,-0.00034
21.46,0.00273,-0.00566,0.00039,0.00046,0.00036,4e-05,-0.00036,-0.00309,0.00173,0.00017,0.00011,5e-05,-2e-05,-0.00015,-0.00124,3e-05,-0.00015,0,2e-05,-0,-0.01712,0.00463,-7e-05,0.04083,0.00213,-0.00098,-0.00159,-0.00146,0.00018,-7e-05,0.00322,-0.0001,-6e-05,-0.00049
21.48,0.00125,-0.00675,6e-05,0.0004,0.00041,6e-05,-0.00027,-0.00284,0.00182,0.00014,9e-05,6e-05,-2e-05,-0.00016,-0.00116,4e-05,-0.00019,0,2e-05,-0,-0.01835,0.00462,-0.00103,0.0369,0.00178,-0.00099,-0.00153,-0.00224,0.0006,0.00014,0.004,-0.00015,-8e-05,-0.00065
21.5,0.00018,-0.00791,-0.00014,0.00035,0.00047,7e-05,-0.00021,-0.00251,0.00184,0.00011,9e-05,5e-05,-1e-05,-0.00018,-0.00103,6e-05,-0.00022,0,2e-05,-0,-0.01867,0.00442,-0.00193,0.03263,0.00139,-0.00099,-0.00146,-0.0031,0.00103,0.00038,0.0049,-0.00021,-0.00011,-0.00081
21.52,-0.00028,-0.00924,-0.00025,0.0003,0.00056,9e-05,-0.00017,-0.00219,0.00175,8e-05,9e-05,5e-05,-1e-05,-0.00018,-0.00089,8e-05,-0.00024,0,2e-05,-0,-0.01798,0.00391,-0.00271,0.02865,0.001,-0.00096,-0.00137,-0.00361,0.00141,0.00065,0.00594,-0.00028,-0.00013,-0.00089
21.54,-0.00037,-0.01046,-0.00026,0.00027,0.00065,0.00011,-0.00015,-0.00184,0.0016,6e-05,0.0001,4e-05,-1e-05,-0.00017,-0.00072,9e-05,-0.00025,0,2e-05,-0,-0.01679,0.0032,-0.00349,0.02498,0.00064,-0.00091,-0.00127,-0.00385,0.00167,0.00091,0.00695,-0.00035,-0.00016,-0.00091
21.56,-0.00019,-0.01131,-0.00022,0.00024,0.00072,0.00013,-0.00017,-0.00145,0.00147,4e-05,0.0001,4e-05,-0,-0.00016,-0.00052,0.0001,-0.00024,0,1e-05,-0,-0.01545,0.00245,-0.00425,0.02163,0.00032,-0.00084,-0.00114,-0.00396,0.00175,0.0011,0.00771,-0.00042,-0.00018,-0.00089
21.58,0.00022,-0.01175,-0.00015,0.0002,0.00069,0.00012,-0.00019,-0.00106,0.00133,2e-05,9e-05,3e-05,-0,-0.00014,-0.00033,0.0001,-0.00022,0,1e-05,0,-0.01405,0.00165,-0.00505,0.01881,6e-05,-0.00075,-0.00101,-0.00381,0.00168,0.0012,0.00816,-0.00049,-0.0002,-0.00082
21.6,0.00075,-0.01171,-0.0001,0.00018,0.00065,0.00011,-0.00022,-0.00073,0.00119,1e-05,9e-05,3e-05,-0,-0.00012,-0.00017,9e-05,-0.00019,0,1e-05,0,-0.01252,0.0009,-0.00568,0.01641,-0.00015,-0.00066,-0.00087,-0.00317,0.00146,0.00118,0.00816,-0.00053,-0.00021,-0.00071
21.62,0.00116,-0.01113,-7e-05,0.00018,0.0006,0.0001,-0.00023,-0.0005,0.00105,0,7e-05,2e-05,-0,-0.0001,-7e-05,8e-05,-0.00016,0,1e-05,0,-0.01083,0.0003,-0.0059,0.01429,-0.00033,-0.00057,-0.00073,-0.00187,0.00114,0.00102,0.00763,-0.00054,-0.00019,-0.00055
21.64,0.00134,-0.00998,-4e-05,0.00018,0.00056,8e-05,-0.00022,-0.00034,0.00091,-0,6e-05,2e-05,-0,-0.00011,-1e-05,6e-05,-0.00012,0,1e-05,0,-0.00926,-0.00013,-0.0059,0.0125,-0.00047,-0.0005,-0.0006,-0.00021,0.0008,0.00074,0.00669,-0.00052,-0.00015,-0.00037
21.66,0.00135,-0.00832,-3e-05,0.00018,0.00053,6e-05,-0.00019,-0.00022,0.00077,-1e-05,5e-05,1e-05,-0,-0.00016,3e-05,4e-05,-8e-05,0,1e-05,-0,-0.00796,-0.00034,-0.00584,0.01098,-0.0006,-0.00047,-0.00048,0.00149,0.00052,0.00038,0.00548,-0.00048,-0.00011,-0.00022
21.68,0.00119,-0.00631,-3e-05,0.00018,0.00052,5e-05,-0.00016,-0.00014,0.00063,-1e-05,3e-05,1e-05,-0,-0.00025,5e-05,2e-05,-5e-05,0,1e-05,-0,-0.00692,-0.00028,-0.00566,0.00965,-0.00073,-0.00048,-0.00038,0.00322,0.0003,-3e-05,0.00414,-0.00041,-7e-05,-8e-05
21.7,0.00084,-0.00414,-2e-05,0.00017,0.00052,4e-05,-0.00012,-9e-05,0.00048,-1e-05,2e-05,1e-05,-0,-0.00039,5e-05,1e-05,-1e-05,0,0,-0,-0.00614,9e-05,-0.00536,0.00848,-0.00085,-0.00052,-0.0003,0.00454,0.00016,-0.00045,0.00277,-0.00034,-4e-05,-1e-05
21.72,0.00027,-0.00201,0,0.00017,0.00053,3e-05,-8e-05,-5e-05,0.00032,-1e-05,1e-05,1e-05,-0,-0.00055,5e-05,-0,3e-05,0,0,-0,-0.00564,0.00067,-0.00497,0.00746,-0.00099,-0.00059,-0.00024,0.00513,0.0001,-0.00081,0.0015,-0.00027,-2e-05,5e-05
21.74,-0.00041,-8e-05,4e-05,0.00018,0.00054,2e-05,-4e-05,-3e-05,0.00017,-1e-05,1e-05,0,-0,-0.00074,5e-05,0,6e-05,1e-05,-0,-1e-05,-0.00548,0.00132,-0.00454,0.00659,-0.00113,-0.00067,-0.0002,0.00525,9e-05,-0.00108,0.00045,-0.0002,1e-05,0.00015
21.76,-0.00104,0.00159,8e-05,0.0002,0.00055,2e-05,-1e-05,-1e-05,4e-05,-1e-05,0,0,-0,-0.00094,5e-05,1e-05,0.0001,1e-05,-1e-05,-1e-05,-0.00568,0.00203,-0.00412,0.00588,-0.00129,-0.00077,-0.00017,0.00512,0.00012,-0.00125,-0.0004,-0.00013,3e-05,0.00026
21.78,-0.00163,0.00298,0.00014,0.00023,0.00056,2e-05,1e-05,1e-05,-7e-05,-1e-05,-0,0,-0,-0.00115,5e-05,3e-05,0.00012,1e-05,-1e-05,-1e-05,-0.00626,0.00276,-0.00373,0.00534,-0.00147,-0.00088,-0.00015,0.00476,0.00018,-0.00131,-0.00108,-8e-05,5e-05,0.00038
21.8,-0.00211,0.00409,0.00021,0.00026,0.00056,2e-05,2e-05,2e-05,-0.00015,-1e-05,-0,0,-0,-0.00134,6e-05,5e-05,0.00015,1e-05,-1e-05,-1e-05,-0.00724,0.00337,-0.00336,0.00499,-0.00167,-0.001,-0.00014,0.00418,0.00028,-0.00129,-0.00161,-2e-05,7e-05,0.00047
21.82,-0.00243,0.00493,0.00028,0.0003,0.00055,1e-05,3e-05,5e-05,-0.00022,-0,-1e-05,0,-0,-0.00149,7e-05,8e-05,0.00018,1e-05,-1e-05,-1e-05,-0.00872,0.00369,-0.00299,0.00486,-0.00188,-0.00113,-0.00014,0.00345,0.00041,-0.00123,-0.00201,2e-05,8e-05,0.00051
21.84,-0.00262,0.00554,0.00036,0.00034,0.00054,1e-05,2e-05,7e-05,-0.00025,-0,-1e-05,0,-0,-0.0016,9e-05,0.0001,0.0002,1e-05,-2e-05,-1e-05,-0.01069,0.0038,-0.00267,0.00495,-0.00211,-0.00127,-0.00015,0.00272,0.00058,-0.00114,-0.00229,6e-05,8e-05,0.00052
21.86,-0.00271,0.00595,0.00043,0.00037,0.00052,1e-05,0,9e-05,-0.00026,-0,-1e-05,0,-0,-0.00166,0.0001,0.00013,0.00021,1e-05,-2e-05,-1e-05,-0.01316,0.0038,-0.00242,0.00521,-0.00234,-0.00142,-0.00016,0.00208,0.00076,-0.00105,-0.00244,8e-05,7e-05,0.00053
21.88,-0.00269,0.00619,0.00049,0.00041,0.00049,1e-05,-3e-05,0.00011,-0.00025,-0,-0,0,-0,-0.00168,0.0001,0.00015,0.00022,1e-05,-2e-05,-1e-05,-0.0161,0.00372,-0.00222,0.00557,-0.00256,-0.00156,-0.00018,0.00154,0.00095,-0.00097,-0.00249,0.0001,6e-05,0.00053
21.9,-0.00255,0.00628,0.00053,0.00043,0.00045,1e-05,-7e-05,0.00013,-0.00023,-0,-0,0,-0,-0.00166,0.0001,0.00017,0.00022,1e-05,-2e-05,-1e-05,-0.01968,0.00354,-0.00206,0.00596,-0.00277,-0.0017,-0.00021,0.00111,0.00112,-0.00092,-0.00244,0.00012,5e-05,0.00054
21.92,-0.00228,0.00625,0.00056,0.00045,0.00041,1e-05,-0.00013,0.00013,-0.0002,0,-0,0,-0,-0.00162,9e-05,0.00018,0.00021,2e-05,-2e-05,-1e-05,-0.02415,0.00322,-0.0019,0.00625,-0.00294,-0.00181,-0.00025,0.00079,0.00126,-0.00091,-0.00232,0.00013,4e-05,0.00055
21.94,-0.00192,0.00613,0.00057,0.00047,0.00036,1e-05,-0.00019,0.00013,-0.00016,0,0,0,-0,-0.00156,7e-05,0.00018,0.00019,2e-05,-1e-05,-1e-05,-0.02935,0.00292,-0.00175,0.00618,-0.00304,-0.00189,-0.0003,0.00057,0.00132,-0.00094,-0.00213,0.00013,3e-05,0.00057
21.96,-0.0015,0.00596,0.00056,0.00047,0.0003,1e-05,-0.00027,0.00012,-0.00012,0,0,0,0,-0.00147,4e-05,0.00017,0.00016,2e-05,-1e-05,-1e-05,-0.03499,0.00274,-0.00161,0.00538,-0.00303,-0.0019,-0.00037,0.00041,0.00128,-0.001,-0.00187,0.00012,1e-05,0.00057
21.98,-0.001,0.00579,0.00054,0.00047,0.00024,1e-05,-0.00035,9e-05,-8e-05,0,0,0,0,-0.00135,0,0.00016,0.00014,1e-05,-1e-05,-1e-05,-0.04071,0.00268,-0.00147,0.00341,-0.00289,-0.00181,-0.00045,0.00026,0.00112,-0.00108,-0.00155,0.00011,-0,0.00057
22,-0.00041,0.00562,0.00051,0.00047,0.00019,1e-05,-0.00043,6e-05,-4e-05,0,1e-05,0,0,-0.00124,-5e-05,0.00014,0.00011,1e-05,-1e-05,-1e-05,-0.04672,0.00273,-0.00129,-0.00026,-0.00255,-0.0016,-0.00054,7e-05,0.00083,-0.00114,-0.00123,9e-05,-1e-05,0.00056
22.02,0.00024,0.0055,0.00048,0.00045,0.00015,1e-05,-0.0005,3e-05,-1e-05,0,1e-05,0,0,-0.00113,-0.0001,0.00012,8e-05,1e-05,-1e-05,-1e-05,-0.05316,0.00287,-0.00103,-0.00641,-0.00196,-0.00123,-0.00065,-0.00024,0.00041,-0.00114,-0.00096,6e-05,-3e-05,0.00054
22.04,0.00087,0.00546,0.00045,0.00041,0.00012,1e-05,-0.00056,-1e-05,1e-05,0,1e-05,0,0,-0.00102,-0.00016,0.0001,5e-05,1e-05,-1e-05,-1e-05,-0.05865,0.00304,-0.00071,-0.016,-0.00106,-0.00066,-0.00076,-0.0007,-3e-05,-0.00108,-0.00073,2e-05,-3e-05,0.00049
22.06,0.00147,0.00551,0.00042,0.00038,0.0001,1e-05,-0.00059,-3e-05,2e-05,0,1e-05,0,0,-0.0009,-0.00022,8e-05,3e-05,1e-05,-1e-05,-0,-0.06137,0.00318,-0.00038,-0.02993,0.00016,0.00015,-0.00087,-0.00133,-0.00044,-0.001,-0.00054,-2e-05,-4e-05,0.00044
22.08,0.00205,0.00561,0.00037,0.00033,9e-05,1e-05,-0.0006,-4e-05,1e-05,0,1e-05,0,0,-0.00077,-0.00028,6e-05,1e-05,1e-05,-1e-05,-0,-0.05993,0.00341,-0.0001,-0.04884,0.00175,0.0012,-0.00094,-0.00213,-0.00075,-0.0009,-0.00041,-7e-05,-4e-05,0.00038
22.1,0.00253,0.00577,0.00031,0.00029,8e-05,1e-05,-0.00056,-3e-05,-2e-05,0,1e-05,0,0,-0.00065,-0.00032,5e-05,-1e-05,1e-05,-0,-0,-0.05341,0.00313,0.00011,-0.07402,0.00369,0.0025,-0.00095,-0.00299,-0.00092,-0.00078,-0.00034,-0.0001,-4e-05,0.0003
22.12,0.00282,0.00602,0.00023,0.00024,8e-05,0,-0.0005,1e-05,-7e-05,0,1e-05,0,0,-0.00053,-0.00034,3e-05,-2e-05,1e-05,-0,-0,-0.04045,0.00133,0.00015,-0.10759,0.00584,0.00399,-0.00086,-0.00367,-0.00083,-0.00064,-0.00034,-0.00011,-3e-05,0.00021
22.14,0.00294,0.00628,0.00012,0.0002,8e-05,0,-0.00042,6e-05,-0.00014,0,1e-05,0,0,-0.00041,-0.00035,2e-05,-4e-05,0,-0,-0,-0.0181,-0.00147,-0.00022,-0.14959,0.00804,0.00562,-0.00062,-0.00409,-0.0005,-0.00051,-0.0004,-0.0001,-3e-05,0.00012
22.16,0.00296,0.00648,-1e-05,0.00016,8e-05,-0,-0.00031,0.00013,-0.00024,-0,1e-05,0,0,-0.00029,-0.00033,1e-05,-6e-05,0,-0,-0,0.01496,-0.00435,-0.00117,-0.19793,0.01016,0.00727,-0.00019,-0.00429,-7e-05,-0.00039,-0.00053,-7e-05,-1e-05,5e-05
22.18,0.00282,0.00661,-0.00014,0.00013,7e-05,-1e-05,-0.00021,0.00021,-0.00036,-0,1e-05,0,0,-0.00017,-0.0003,-0,-7e-05,0,0,-0,0.05815,-0.0072,-0.00271,-0.24883,0.01206,0.00885,0.00047,-0.00426,0.00046,-0.00028,-0.00072,-2e-05,0,-2e-05
22.2,0.0026,0.00665,-0.00026,0.00012,6e-05,-1e-05,-0.00012,0.00029,-0.00049,-0,1e-05,0,0,-7e-05,-0.00025,-1e-05,-9e-05,0,0,-0,0.10821,-0.00956,-0.00494,-0.30232,0.01308,0.00997,0.00136,-0.00395,0.00101,-0.00018,-0.00098,4e-05,2e-05,-8e-05
22.22,0.00231,0.00655,-0.00033,0.00012,4e-05,-1e-05,-5e-05,0.00037,-0.00061,-0,1e-05,-0,0,1e-05,-0.0002,-1e-05,-0.00012,0,0,0,0.15847,-0.01184,-0.00827,-0.36109,0.01217,0.01015,0.00237,-0.00334,0.00158,-7e-05,-0.0013,0.0001,3e-05,-0.00014
22.24,0.00187,0.00627,-0.00036,0.00012,1e-05,-1e-05,-1e-05,0.00043,-0.00071,-0,1e-05,-0,0,8e-05,-0.00014,-1e-05,-0.00014,-0,1e-05,0,0.20349,-0.01395,-0.01227,-0.41167,0.00979,0.0095,0.00341,-0.00263,0.00217,3e-05,-0.00164,0.00016,5e-05,-0.00018
22.26,0.00126,0.00582,-0.00033,0.00014,-1e-05,-1e-05,1e-05,0.00047,-0.0008,-0,1e-05,-0,0,0.00014,-9e-05,-1e-05,-0.00016,-0,1e-05,0,0.23935,-0.01473,-0.01611,-0.43979,0.00692,0.00829,0.00435,-0.00201,0.00274,0.00011,-0.00198,0.0002,6e-05,-0.00021
22.28,0.00057,0.00529,-0.00026,0.00016,-4e-05,-1e-05,3e-05,0.00049,-0.00086,-0,2e-05,-0,0,0.00019,-5e-05,-0,-0.00018,-0,1e-05,0,0.26336,-0.01458,-0.01995,-0.44381,0.00373,0.00672,0.00506,-0.0015,0.00328,0.00018,-0.00229,0.00023,7e-05,-0.00024
22.3,-0.00012,0.00462,-0.00015,0.00019,-5e-05,-1e-05,4e-05,0.0005,-0.00089,-0,2e-05,-0,0,0.00024,-1e-05,-0,-0.0002,-0,1e-05,0,0.26589,-0.01142,-0.02153,-0.41522,0.00136,0.00491,0.00518,-0.00113,0.00367,0.0002,-0.00252,0.00025,8e-05,-0.00026
22.32,-0.00079,0.00377,-5e-05,0.0002,-6e-05,-1e-05,4e-05,0.00049,-0.00085,-0,2e-05,-0,1e-05,0.00028,2e-05,0,-0.00022,-0,1e-05,0,0.24033,-0.00605,-0.01871,-0.35324,0.00038,0.00309,0.00447,-0.00089,0.00384,0.00017,-0.00262,0.00025,8e-05,-0.00027
22.34,-0.00141,0.00292,4e-05,0.00021,-7e-05,-0,5e-05,0.00047,-0.00078,-0,3e-05,-0,1e-05,0.00034,4e-05,0,-0.00023,-0,1e-05,1e-05,0.19914,-0.00193,-0.01424,-0.27383,-5e-05,0.00168,0.00329,-0.00076,0.00382,0.00011,-0.0026,0.00025,8e-05,-0.00027
22.36,-0.00193,0.00219,0.0001,0.00021,-7e-05,-0,6e-05,0.00044,-0.00068,-0,4e-05,-0,1e-05,0.0004,6e-05,0,-0.00024,-0,2e-05,1e-05,0.1552,0.00043,-0.01026,-0.19293,-0.00025,0.00077,0.00211,-0.00069,0.00364,3e-05,-0.00252,0.00026,9e-05,-0.00027
22.38,-0.00232,0.00161,0.00013,0.0002,-7e-05,-0,6e-05,0.00039,-0.00054,-0,4e-05,0,1e-05,0.00046,8e-05,-0,-0.00024,-1e-05,2e-05,1e-05,0.11477,0.00152,-0.007,-0.12205,-0.00024,0.00025,0.00118,-0.00064,0.00335,-6e-05,-0.00237,0.00026,9e-05,-0.00026
22.4,-0.00258,0.00113,0.00012,0.00018,-6e-05,0,7e-05,0.00034,-0.0004,-0,5e-05,0,1e-05,0.00053,0.00011,-0,-0.00024,-1e-05,2e-05,1e-05,0.08129,0.00161,-0.00426,-0.06602,-6e-05,1e-05,0.00054,-0.0006,0.00291,-0.00015,-0.00221,0.00028,9e-05,-0.00024
22.42,-0.00272,0.00069,7e-05,0.00017,-6e-05,0,6e-05,0.00029,-0.00026,-0,6e-05,1e-05,1e-05,0.00061,0.00013,-0,-0.00024,-1e-05,2e-05,1e-05,0.05645,0.00103,-0.00211,-0.02681,0.0001,-0.0001,0.00013,-0.00058,0.00236,-0.00023,-0.00208,0.00029,0.0001,-0.00022
22.44,-0.00274,0.00035,0,0.00016,-5e-05,0,4e-05,0.00025,-0.0001,-0,7e-05,1e-05,1e-05,0.00069,0.00015,-0,-0.00023,-1e-05,2e-05,1e-05,0.0413,0.00062,-0.00096,-0.00174,0.00016,-0.00015,-7e-05,-0.00056,0.00182,-0.00028,-0.00195,0.00032,0.00011,-0.0002
22.46,-0.00264,0.00011,-8e-05,0.00016,-4e-05,0,-1e-05,0.00021,7e-05,-0,7e-05,1e-05,0,0.00075,0.00017,0,-0.00022,-1e-05,1e-05,1e-05,0.03374,0.0008,-0.00061,0.01766,0.00017,-0.0002,-0.00017,-0.00054,0.00136,-0.00031,-0.00183,0.00035,0.00012,-0.00018
22.48,-0.00246,-6e-05,-0.00014,0.00016,-3e-05,0,-9e-05,0.00018,0.00025,-0,7e-05,1e-05,0,0.00079,0.00018,1e-05,-0.0002,-1e-05,1e-05,1e-05,0.02985,0.00134,-0.00061,0.03981,8e-05,-0.00027,-0.00029,-0.00053,0.00097,-0.00033,-0.00171,0.00038,0.00013,-0.00015
22.5,-0.00219,-0.00014,-0.00019,0.00017,-2e-05,0,-0.0002,0.00015,0.00044,-0,7e-05,1e-05,0,0.00081,0.00017,1e-05,-0.00019,-1e-05,1e-05,1e-05,0.02618,0.00216,-0.00089,0.06862,-0.00017,-0.00039,-0.00045,-0.00053,0.00064,-0.00033,-0.0016,0.00042,0.00015,-0.00012
22.52,-0.00187,-0.00015,-0.00021,0.00017,-2e-05,0,-0.00033,0.00013,0.00064,-0,6e-05,1e-05,-0,0.0008,0.00017,1e-05,-0.00017,-1e-05,1e-05,2e-05,0.02012,0.0033,-0.0017,0.1,-0.0007,-0.00057,-0.00062,-0.00056,0.00037,-0.00032,-0.00151,0.00046,0.00016,-9e-05
22.54,-0.00152,-0.00012,-0.00021,0.00017,-1e-05,0,-0.00046,0.00012,0.00086,-0,5e-05,1e-05,-0,0.00078,0.00015,1e-05,-0.00015,-1e-05,1e-05,1e-05,0.01188,0.0044,-0.00299,0.12656,-0.00149,-0.00078,-0.00073,-0.00063,0.00016,-0.0003,-0.00142,0.0005,0.00019,-6e-05
22.56,-0.00117,-7e-05,-0.00018,0.00016,-0,-0,-0.0006,0.00012,0.00106,0,4e-05,1e-05,-1e-05,0.00073,0.00012,1e-05,-0.00013,-0,1e-05,1e-05,0.00348,0.00497,-0.0046,0.14275,-0.0024,-0.00099,-0.00072,-0.00074,-3e-05,-0.00029,-0.00131,0.00054,0.00021,-3e-05
22.58,-0.00083,1e-05,-0.00014,0.00014,-0,-0,-0.00072,0.00013,0.00123,0,2e-05,1e-05,-1e-05,0.00067,9e-05,1e-05,-0.00011,-0,0,1e-05,-0.00352,0.00464,-0.00606,0.14245,-0.00336,-0.00118,-0.00056,-0.0009,-0.0002,-0.00028,-0.00116,0.00058,0.00023,-1e-05
22.6,-0.00048,0.0001,-9e-05,0.00012,0,-0,-0.0008,0.00014,0.00139,0,1e-05,1e-05,-1e-05,0.00059,5e-05,1e-05,-9e-05,-0,0,1e-05,-0.00747,0.00443,-0.00842,0.12415,-0.00429,-0.00131,-0.00033,-0.00107,-0.00039,-0.00026,-0.00097,0.00061,0.00025,1e-05
22.62,-0.00013,0.00017,-4e-05,9e-05,0,-0,-0.00085,0.00016,0.00153,0,0,0,-1e-05,0.00049,3e-05,0,-6e-05,-0,-0,1e-05,-0.00791,0.00539,-0.01324,0.08883,-0.00512,-0.00138,-0.00011,-0.00118,-0.00059,-0.00024,-0.00072,0.00062,0.00026,2e-05
22.64,0.00023,0.00022,-0,5e-05,0,-0,-0.00085,0.00019,0.00164,0,-0,0,-1e-05,0.00037,1e-05,0,-4e-05,-0,-0,1e-05,-0.00528,0.00602,-0.01742,0.04399,-0.00561,-0.00136,0.00015,-0.00127,-0.00083,-0.00021,-0.0004,0.00062,0.00027,2e-05
22.66,0.00063,0.00025,2e-05,1e-05,-0,0,-0.00078,0.00023,0.00167,0,-1e-05,0,-1e-05,0.00023,0,0,-2e-05,-0,-0,0,-0.00071,0.00556,-0.01873,-0.00139,-0.00551,-0.00126,0.00041,-0.00135,-0.00111,-0.00019,2e-05,0.0006,0.00027,0
22.68,0.00113,0.00023,4e-05,-4e-05,-0,0,-0.00066,0.00028,0.00165,0,-1e-05,0,-1e-05,9e-05,0,0,1e-05,-0,-0,0,0.00461,0.00421,-0.01721,-0.04364,-0.00472,-0.00106,0.0006,-0.00138,-0.00144,-0.00016,0.0005,0.00054,0.00025,-3e-05
22.7,0.00171,0.00014,4e-05,-9e-05,-0,0,-0.00052,0.00033,0.00153,0,-1e-05,0,-1e-05,-7e-05,0,0,3e-05,-0,-0,0,0.00961,0.00225,-0.01363,-0.05998,-0.00308,-0.00076,0.0007,-0.00135,-0.0018,-0.00014,0.00105,0.00044,0.00022,-9e-05
22.72,0.0023,-4e-05,3e-05,-0.00014,-1e-05,0,-0.00038,0.00038,0.00128,0,-1e-05,0,-1e-05,-0.00021,0,0,6e-05,-0,-1e-05,-0,0.01336,0.0014,-0.01041,-0.04434,-0.00078,-0.00036,0.00069,-0.00127,-0.00214,-0.00012,0.0017,0.00028,0.00015,-0.00016
22.74,0.0029,-0.00034,0,-0.00019,-1e-05,0,-0.00025,0.00042,0.00096,1e-05,-0,0,-0,-0.00033,-1e-05,0,9e-05,0,-1e-05,-0,0.01694,0.00133,-0.00711,-0.02237,0.0018,0.0001,0.00061,-0.00106,-0.00249,-0.0001,0.00244,6e-05,6e-05,-0.00025
22.76,0.00353,-0.00082,-5e-05,-0.00022,-2e-05,0,-0.00013,0.00047,0.00063,1e-05,1e-05,-0,-0,-0.00043,-3e-05,0,0.00012,0,-1e-05,-0,0.02208,0.00107,-0.00344,-0.00421,0.00442,0.00061,0.00048,-0.00069,-0.00286,-8e-05,0.00321,-0.00025,-6e-05,-0.00036
22.78,0.0041,-0.00152,-0.00013,-0.00024,-4e-05,0,-3e-05,0.00051,0.00028,1e-05,2e-05,-0,-0,-0.0005,-7e-05,1e-05,0.00016,0,-1e-05,-1e-05,0.02953,0.00095,0.00022,0.01114,0.00683,0.00111,0.0003,-0.00019,-0.0033,-5e-05,0.00392,-0.00063,-0.00021,-0.00047
22.8,0.00452,-0.00246,-0.00024,-0.00023,-6e-05,-0,2e-05,0.00054,-8e-05,1e-05,2e-05,-0,-0,-0.00054,-0.00014,1e-05,0.00019,0,-1e-05,-1e-05,0.03898,0.00104,0.00374,0.02155,0.00865,0.00154,8e-05,0.00033,-0.00374,-2e-05,0.00471,-0.00108,-0.00036,-0.00057
22.82,0.00469,-0.00358,-0.00038,-0.00019,-9e-05,-0,5e-05,0.00057,-0.0004,0,3e-05,-0,-0,-0.00055,-0.00022,1e-05,0.00021,0,-1e-05,-1e-05,0.04865,0.00115,0.00687,0.02254,0.00949,0.00176,-0.00016,0.00089,-0.00405,2e-05,0.00593,-0.00155,-0.00046,-0.00059
22.84,0.00456,-0.00492,-0.00054,-0.00011,-0.00012,-0,6e-05,0.0006,-0.00066,0,4e-05,-0,-0,-0.00053,-0.00031,1e-05,0.00023,0,-1e-05,-1e-05,0.05782,0.00106,0.00925,0.01596,0.00924,0.00176,-0.00041,0.00133,-0.00406,8e-05,0.00748,-0.00199,-0.0005,-0.00055
22.86,0.00409,-0.00648,-0.00069,0,-0.00016,-0,6e-05,0.00062,-0.00086,-0,4e-05,-0,-0,-0.00052,-0.00042,-0,0.00024,-0,-1e-05,-1e-05,0.06672,0.00062,0.01077,0.0075,0.00805,0.00156,-0.00066,0.0012,-0.00357,0.00014,0.00911,-0.00238,-0.0005,-0.00048
22.88,0.00328,-0.00813,-0.00081,0.00015,-0.0002,-0,5e-05,0.00063,-0.001,-1e-05,4e-05,-0,-0,-0.00052,-0.00052,-1e-05,0.00023,-0,-1e-05,-1e-05,0.07355,-0.00024,0.0114,-0.00143,0.00611,0.00119,-0.00089,-0.00015,-0.00242,0.00017,0.01074,-0.00274,-0.00046,-0.00039
22.9,0.00225,-0.00994,-0.00087,0.0003,-0.00024,-0,4e-05,0.00063,-0.0011,-2e-05,3e-05,-1e-05,-0,-0.00053,-0.0006,-3e-05,0.0002,-0,-1e-05,-1e-05,0.07739,-0.00108,0.01078,-0.00681,0.00384,0.00075,-0.00105,-0.00221,-0.00042,0.00015,0.01234,-0.00286,-0.0004,-0.0003
22.92,0.00112,-0.01201,-0.00084,0.00045,-0.00028,-0,2e-05,0.00063,-0.00113,-4e-05,1e-05,-1e-05,-0,-0.0005,-0.00065,-4e-05,0.00017,-0,-1e-05,-1e-05,0.07828,-0.00144,0.00891,-0.00683,0.00162,0.00031,-0.00111,-0.0035,0.00242,8e-05,0.01373,-0.00248,-0.00032,-0.00023
22.94,-5e-05,-0.01382,-0.00074,0.00056,-0.00031,-0,2e-05,0.00061,-0.00113,-6e-05,0,-1e-05,0,-0.00048,-0.00066,-5e-05,0.00013,-0,-1e-05,-1e-05,0.07562,-0.00156,0.00664,-0.00448,-0.00045,-0.00013,-0.00108,-0.00436,0.00526,-1e-05,0.01416,-0.00191,-0.00024,-0.00017
22.96,-0.00116,-0.01493,-0.00058,0.00065,-0.00031,0,1e-05,0.00059,-0.0011,-9e-05,-1e-05,-1e-05,0,-0.00047,-0.00063,-5e-05,8e-05,-0,-1e-05,-1e-05,0.06946,-0.00165,0.00439,-0.00096,-0.00223,-0.00053,-0.001,-0.00545,0.00721,-0.00012,0.01329,-0.0014,-0.00018,-0.00012
22.98,-0.00208,-0.01527,-0.00039,0.00069,-0.00028,0,1e-05,0.00056,-0.00106,-0.00012,-3e-05,-1e-05,0,-0.00046,-0.00056,-4e-05,2e-05,-0,-1e-05,-1e-05,0.06036,-0.00151,0.00231,0.00355,-0.00364,-0.00088,-0.00088,-0.00622,0.00793,-0.00022,0.01138,-0.00088,-0.00013,-7e-05
23,-0.00281,-0.01478,-0.00021,0.00071,-0.00021,1e-05,1e-05,0.00053,-0.001,-0.00015,-4e-05,-0,1e-05,-0.00044,-0.00046,-3e-05,-4e-05,-0,-0,-0,0.05046,-0.0013,0.00064,0.00841,-0.00469,-0.00118,-0.00074,-0.00625,0.00694,-0.0003,0.00876,-0.00053,-0.0001,-3e-05
23.02,-0.00342,-0.01357,-8e-05,0.0007,-0.00012,1e-05,2e-05,0.0005,-0.00094,-0.00018,-4e-05,-0,1e-05,-0.00043,-0.00036,-3e-05,-8e-05,-0,0,-0,0.04202,-0.00107,-0.00056,0.01275,-0.00544,-0.00141,-0.00061,-0.00542,0.00462,-0.00031,0.00616,-0.00037,-9e-05,1e-05
23.04,-0.00389,-0.01179,0,0.00067,-2e-05,1e-05,3e-05,0.00048,-0.00089,-0.00021,-4e-05,-0,1e-05,-0.00041,-0.00025,-3e-05,-0.00011,-0,0,-0,0.03424,-0.00071,-0.00135,0.01619,-0.00594,-0.0016,-0.00049,-0.00409,0.00209,-0.00026,0.00387,-0.00019,-7e-05,5e-05
23.06,-0.00415,-0.00963,1e-05,0.00062,8e-05,1e-05,3e-05,0.00046,-0.00084,-0.00024,-4e-05,-0,1e-05,-0.00038,-0.00013,-3e-05,-0.00012,-0,0,-0,0.02626,-0.00025,-0.00181,0.01881,-0.00624,-0.00175,-0.00039,-0.00259,-5e-05,-0.00011,0.00179,1e-05,-4e-05,7e-05
23.08,-0.00425,-0.00725,-5e-05,0.00056,0.00018,1e-05,3e-05,0.00045,-0.00081,-0.00027,-3e-05,-0,1e-05,-0.00035,-3e-05,-2e-05,-0.00012,0,0,-0,0.01862,0.00021,-0.00194,0.02041,-0.0064,-0.00189,-0.0003,-0.00082,-0.0016,0.00019,-0.0002,0.0002,-1e-05,8e-05
23.1,-0.00423,-0.00477,-0.00018,0.00048,0.00026,1e-05,3e-05,0.00045,-0.00079,-0.00029,-3e-05,-1e-05,1e-05,-0.00033,5e-05,-2e-05,-0.0001,0,0,0,0.01199,0.00065,-0.00178,0.02078,-0.00647,-0.00203,-0.00022,0.0007,-0.0025,0.00068,-0.00233,0.00038,2e-05,6e-05
23.12,-0.00415,-0.00232,-0.00036,0.00041,0.00031,1e-05,6e-05,0.00045,-0.00078,-0.00031,-2e-05,-1e-05,1e-05,-0.00032,0.00011,-1e-05,-7e-05,0,0,0,0.00683,0.00108,-0.00143,0.01977,-0.00653,-0.00218,-0.00016,0.00137,-0.00298,0.00134,-0.00485,0.00053,5e-05,3e-05
23.14,-0.004,-1e-05,-0.00059,0.00034,0.00034,2e-05,0.0001,0.00046,-0.00079,-0.00033,-2e-05,-1e-05,1e-05,-0.00033,0.00014,-1e-05,-3e-05,0,0,-0,0.00258,0.0015,-0.00091,0.01753,-0.00661,-0.00235,-0.00011,0.00155,-0.00308,0.00208,-0.00793,0.00065,6e-05,-0
23.16,-0.00378,0.00215,-0.00083,0.00027,0.00035,2e-05,0.00012,0.00045,-0.00081,-0.00035,-2e-05,-1e-05,1e-05,-0.00036,0.00014,-0,1e-05,0,-0,-0,-0.0012,0.00192,-0.00027,0.01418,-0.00671,-0.00255,-7e-05,0.00158,-0.00278,0.00272,-0.01144,0.00073,7e-05,-3e-05
23.18,-0.00352,0.00417,-0.00108,0.00022,0.00034,2e-05,0.00013,0.00043,-0.00084,-0.00036,-2e-05,-1e-05,1e-05,-0.0004,0.00014,1e-05,5e-05,1e-05,-0,-0,-0.00437,0.00239,0.00048,0.00971,-0.00687,-0.00277,-2e-05,0.00134,-0.00214,0.00298,-0.01506,0.00078,7e-05,-5e-05
23.2,-0.00324,0.00607,-0.0013,0.00017,0.00032,2e-05,0.00014,0.0004,-0.00086,-0.00038,-2e-05,-1e-05,0,-0.00045,0.00012,2e-05,9e-05,1e-05,-1e-05,-0,-0.00683,0.00288,0.0013,0.00428,-0.00708,-0.00303,3e-05,0.00074,-0.00127,0.00263,-0.01832,0.00079,6e-05,-7e-05
23.22,-0.00295,0.00783,-0.00149,0.00012,0.0003,2e-05,0.00018,0.00035,-0.00084,-0.00039,-2e-05,-1e-05,0,-0.0005,9e-05,2e-05,0.00013,1e-05,-1e-05,-0,-0.00853,0.00326,0.00213,-0.0021,-0.00732,-0.00331,0.0001,-9e-05,-0.00025,0.00165,-0.02062,0.00076,4e-05,-7e-05
23.24,-0.00266,0.00942,-0.00163,8e-05,0.00028,2e-05,0.00026,0.00027,-0.00081,-0.00039,-3e-05,-1e-05,0,-0.00053,7e-05,3e-05,0.00016,1e-05,-1e-05,-0,-0.00952,0.00362,0.00295,-0.00949,-0.00759,-0.00359,0.00019,-0.00073,0.00076,0.00032,-0.02154,0.0007,3e-05,-7e-05
23.26,-0.00237,0.01087,-0.00169,5e-05,0.00027,2e-05,0.00036,0.00016,-0.00077,-0.00039,-3e-05,-1e-05,0,-0.00055,4e-05,4e-05,0.00019,1e-05,-1e-05,-0,-0.00984,0.00407,0.00378,-0.01782,-0.00787,-0.00382,0.00032,-0.00098,0.00153,-0.00084,-0.02104,0.00062,2e-05,-6e-05
23.28,-0.0021,0.01212,-0.00167,2e-05,0.00026,1e-05,0.00049,1e-05,-0.00072,-0.00038,-3e-05,-2e-05,0,-0.00054,1e-05,5e-05,0.00021,1e-05,-1e-05,-0,-0.00945,0.00469,0.00462,-0.0269,-0.00814,-0.00397,0.00049,-0.0008,0.00193,-0.00141,-0.01913,0.00051,1e-05,-5e-05
23.3,-0.00189,0.01308,-0.00157,-0,0.00027,0,0.00067,-0.00015,-0.00066,-0.00036,-4e-05,-2e-05,0,-0.00051,-1e-05,5e-05,0.00023,1e-05,-1e-05,-0,-0.00822,0.00512,0.00534,-0.03669,-0.00835,-0.00398,0.00071,-0.00029,0.00171,-0.00115,-0.01669,0.00037,1e-05,-5e-05
23.32,-0.00175,0.0136,-0.00139,-1e-05,0.00027,-0,0.00094,-0.00033,-0.00058,-0.00034,-4e-05,-1e-05,0,-0.00046,-3e-05,5e-05,0.00023,1e-05,-1e-05,-0,-0.00616,0.00471,0.00573,-0.04738,-0.00847,-0.00381,0.00106,0.00041,0.00085,-0.00035,-0.01456,0.00022,0,-4e-05
23.34,-0.00171,0.0136,-0.00116,-1e-05,0.00027,-1e-05,0.00125,-0.0005,-0.00049,-0.00032,-4e-05,-1e-05,0,-0.00039,-5e-05,4e-05,0.00023,1e-05,-1e-05,-0,-0.00345,0.00357,0.00581,-0.05847,-0.00843,-0.00339,0.00152,0.00105,-0.00025,0.00046,-0.01229,8e-05,-0,-4e-05
23.36,-0.0018,0.01312,-0.00091,0,0.00027,-1e-05,0.00157,-0.00067,-0.00041,-0.00028,-3e-05,-1e-05,0,-0.00029,-5e-05,3e-05,0.00022,1e-05,-1e-05,-0,-0.00021,0.00209,0.00573,-0.06923,-0.00821,-0.00269,0.00206,0.00136,-0.00132,0.00093,-0.0096,-7e-05,-1e-05,-2e-05
23.38,-0.00205,0.01213,-0.00065,3e-05,0.00026,-1e-05,0.00191,-0.00084,-0.00033,-0.00024,-3e-05,-1e-05,0,-0.00018,-3e-05,2e-05,0.00019,1e-05,-1e-05,-0,0.0035,0.00023,0.00554,-0.07933,-0.00777,-0.00171,0.00268,0.0014,-0.0024,0.00093,-0.0068,-0.0002,-1e-05,-0
23.4,-0.00251,0.01075,-0.00043,6e-05,0.00024,-1e-05,0.00223,-0.001,-0.00026,-0.0002,-3e-05,-1e-05,0,-7e-05,-1e-05,1e-05,0.00014,0,-1e-05,-0,0.00749,-0.00263,0.00496,-0.08842,-0.00706,-0.00042,0.00338,0.00114,-0.0031,0.00038,-0.00423,-0.00032,-2e-05,2e-05
23.42,-0.00319,0.00918,-0.00024,0.0001,0.00021,-1e-05,0.00251,-0.00113,-0.0002,-0.00015,-3e-05,-1e-05,0,5e-05,2e-05,-0,8e-05,0,-1e-05,0,0.01142,-0.00734,0.00372,-0.09621,-0.00607,0.00112,0.00417,0.00086,-0.00301,-0.00035,-0.00219,-0.00039,-2e-05,5e-05
23.44,-0.00413,0.00746,-0.0001,0.00014,0.00017,-0,0.00279,-0.00125,-0.00015,-0.0001,-3e-05,-0,0,0.00017,5e-05,-0,0,0,-0,0,0.01506,-0.01319,0.00224,-0.10176,-0.00478,0.00281,0.00496,0.00065,-0.0025,-0.00081,-0.00073,-0.00041,-2e-05,8e-05
23.46,-0.00534,0.00568,-0,0.00017,0.00013,-0,0.00312,-0.00134,-0.00012,-6e-05,-3e-05,-0,0,0.00026,7e-05,0,-9e-05,0,0,0,0.01837,-0.01919,0.00095,-0.10408,-0.00322,0.00455,0.00564,0.00045,-0.00194,-0.00102,0.00015,-0.0004,-2e-05,0.00011
23.48,-0.00676,0.00398,5e-05,0.00021,8e-05,-0,0.00349,-0.00141,-0.00011,-1e-05,-2e-05,-0,-0,0.00032,8e-05,2e-05,-0.00021,0,1e-05,1e-05,0.0213,-0.02537,-9e-05,-0.10288,-0.00144,0.00623,0.00624,0.00023,-0.00132,-0.00101,0.00055,-0.00035,-1e-05,0.00013
23.5,-0.00842,0.00249,6e-05,0.00024,4e-05,0,0.00391,-0.00143,-0.00012,3e-05,-2e-05,-0,-0,0.00034,5e-05,4e-05,-0.00034,-0,2e-05,1e-05,0.02305,-0.03094,-0.00091,-0.09651,0.00044,0.00747,0.00639,-1e-05,-0.00077,-0.00087,0.00059,-0.0003,-1e-05,0.00015
23.52,-0.01044,0.00133,3e-05,0.00027,1e-05,0,0.00432,-0.0014,-0.00013,8e-05,-1e-05,-0,-0,0.00035,2e-05,7e-05,-0.00048,-0,2e-05,1e-05,0.02263,-0.03488,-0.00147,-0.08388,0.00226,0.00773,0.00569,-0.00023,-0.00036,-0.00071,0.00042,-0.00025,-0,0.00017
23.54,-0.01265,0.0005,-1e-05,0.00031,0,1e-05,0.00476,-0.00131,-0.00016,0.00014,-1e-05,-0,-0,0.00032,-1e-05,9e-05,-0.00061,-0,3e-05,1e-05,0.02067,-0.03699,-0.00147,-0.06612,0.0039,0.00712,0.00452,-0.00043,-6e-05,-0.00055,0.00017,-0.0002,0,0.00019
23.56,-0.01484,-4e-05,-7e-05,0.00033,1e-05,1e-05,0.00523,-0.00115,-0.00018,0.00023,0,-0,-0,0.00026,-5e-05,0.00011,-0.00074,-0,4e-05,1e-05,0.01785,-0.03719,-0.00083,-0.04428,0.00524,0.006,0.0032,-0.00062,0.00014,-0.00041,-5e-05,-0.00016,1e-05,0.00021
23.58,-0.017,-0.00033,-0.00012,0.00036,3e-05,1e-05,0.00565,-0.00095,-0.00021,0.00036,1e-05,0,-0,0.00017,-8e-05,0.00011,-0.00088,-0,5e-05,2e-05,0.0142,-0.03539,0.00045,-0.01922,0.00617,0.0044,0.00173,-0.00075,0.00025,-0.00027,-0.00023,-0.00011,1e-05,0.00022
23.6,-0.01919,-0.00038,-0.00016,0.00038,7e-05,2e-05,0.00598,-0.00075,-0.00023,0.00054,2e-05,1e-05,-0,7e-05,-0.0001,0.0001,-0.00099,0,6e-05,2e-05,0.01009,-0.031,0.0023,0.00741,0.00666,0.00294,0.00036,-0.00086,0.00026,-0.00018,-0.00036,-8e-05,1e-05,0.00022
23.62,-0.02159,-0.00029,-0.00018,0.00039,9e-05,1e-05,0.00619,-0.00058,-0.00025,0.0008,2e-05,1e-05,0,-1e-05,-0.00013,8e-05,-0.00105,1e-05,7e-05,2e-05,0.00596,-0.02442,0.00423,0.03207,0.00674,0.0019,-0.00091,-0.00097,0.00021,-0.00016,-0.00044,-6e-05,1e-05,0.00022
23.64,-0.02403,-0.00013,-0.00017,0.00041,0.0001,1e-05,0.00619,-0.00047,-0.00025,0.00113,2e-05,2e-05,1e-05,-8e-05,-0.00015,6e-05,-0.00107,3e-05,9e-05,2e-05,0.00219,-0.01711,0.00597,0.05161,0.00637,0.00087,-0.0022,-0.00105,0.00011,-0.00016,-0.00047,-4e-05,1e-05,0.00022
23.66,-0.02631,2e-05,-0.00013,0.00041,0.0001,1e-05,0.00591,-0.00039,-0.00022,0.00148,1e-05,3e-05,1e-05,-0.00013,-0.00017,3e-05,-0.00107,6e-05,0.0001,3e-05,-0.00087,-0.01005,0.00752,0.06467,0.00557,-0.00014,-0.00327,-0.00108,-2e-05,-0.00014,-0.00049,-3e-05,1e-05,0.00021
23.68,-0.02839,0.00014,-8e-05,0.0004,9e-05,1e-05,0.00536,-0.00035,-0.00013,0.00179,0,4e-05,2e-05,-0.00016,-0.00019,1e-05,-0.00103,8e-05,0.00012,3e-05,-0.00308,-0.00383,0.00873,0.07047,0.00445,-0.00095,-0.00403,-0.00106,-0.00016,-0.00013,-0.00049,-2e-05,1e-05,0.00021
23.7,-0.0303,0.00022,-2e-05,0.00037,8e-05,1e-05,0.00456,-0.00027,-2e-05,0.00213,-1e-05,4e-05,2e-05,-0.00018,-0.00021,-1e-05,-0.00098,0.00011,0.00014,3e-05,-0.0043,0.00108,0.00903,0.06806,0.00327,-0.00149,-0.00429,-0.00102,-0.00029,-0.00011,-0.00048,-2e-05,1e-05,0.00019
23.72,-0.03203,0.00026,4e-05,0.00032,7e-05,1e-05,0.00355,-0.00015,0.00013,0.00263,-3e-05,5e-05,2e-05,-0.00024,-0.00022,-2e-05,-0.00094,0.00016,0.00016,3e-05,-0.00446,0.00393,0.00794,0.05766,0.00222,-0.00179,-0.00388,-0.00097,-0.00036,-7e-05,-0.00046,-2e-05,1e-05,0.00018
23.74,-0.03338,0.00025,8e-05,0.00024,6e-05,0,0.00245,-1e-05,0.00027,0.00318,-4e-05,7e-05,1e-05,-0.0003,-0.00021,-3e-05,-0.00088,0.00019,0.00018,2e-05,-0.00383,0.0047,0.00614,0.04334,0.00133,-0.00179,-0.00296,-0.00089,-0.00038,-1e-05,-0.00043,-1e-05,0,0.00018
23.76,-0.03421,0.00021,0.00012,0.00013,4e-05,0,0.00145,0.00012,0.00035,0.0037,-4e-05,9e-05,1e-05,-0.00033,-0.0002,-3e-05,-0.00081,0.00021,0.00019,2e-05,-0.00283,0.00412,0.00427,0.029,0.00065,-0.00151,-0.00183,-0.00079,-0.00037,3e-05,-0.00039,-2e-05,0,0.00018
23.78,-0.03462,0.00014,0.00016,-1e-05,1e-05,0,0.00062,0.00025,0.00034,0.00412,-4e-05,0.00012,1e-05,-0.00035,-0.00018,-3e-05,-0.00072,0.00021,0.00019,2e-05,-0.00167,0.00283,0.00249,0.01664,0.00023,-0.0011,-0.00072,-0.00067,-0.00033,8e-05,-0.00035,-2e-05,0,0.0002
23.8,-0.03444,8e-05,0.00023,-0.00018,-2e-05,-0,-9e-05,0.00046,0.0001,0.00478,-4e-05,0.00017,2e-05,-0.00036,-0.00015,-2e-05,-0.00064,0.0002,0.00019,1e-05,-0.0007,0.00132,0.00094,0.00781,3e-05,-0.00066,0.00013,-0.00053,-0.00026,0.0001,-0.0003,-2e-05,-0,0.00021
23.82,-0.03359,3e-05,0.00033,-0.00035,-3e-05,-0,-0.00074,0.00089,-0.00041,0.00577,-4e-05,0.00025,3e-05,-0.00033,-0.00013,-2e-05,-0.00055,0.00016,0.00017,1e-05,1e-05,-0,-0.00031,0.00249,-1e-05,-0.00028,0.00055,-0.00039,-0.00018,9e-05,-0.00025,-2e-05,-0,0.00025
23.84,-0.03223,-1e-05,0.00042,-0.0005,-3e-05,-0,-0.00131,0.00141,-0.00081,0.00634,-4e-05,0.00033,3e-05,-0.00029,-0.00011,-1e-05,-0.00047,0.00013,0.00015,1e-05,0.0006,-0.00088,-0.00119,-0.00018,4e-05,-4e-05,0.00069,-0.00024,-0.00011,7e-05,-0.0002,-2e-05,-0,0.00028
23.86,-0.03052,-5e-05,0.00046,-0.00063,-2e-05,-0,-0.00173,0.00181,-0.0008,0.00618,-3e-05,0.00039,4e-05,-0.00024,-9e-05,-0,-0.00038,9e-05,0.00013,1e-05,0.00106,-0.00127,-0.00174,-0.00086,0.00011,7e-05,0.0007,-9e-05,-3e-05,5e-05,-0.00015,-2e-05,-0,0.00029
23.88,-0.02843,-9e-05,0.00043,-0.00072,-1e-05,-0,-0.00181,0.00199,-0.00043,0.00548,-1e-05,0.00041,3e-05,-0.00018,-7e-05,0,-0.00029,6e-05,0.0001,1e-05,0.00121,-0.00115,-0.00191,-0.00023,0.00016,8e-05,0.00061,5e-05,3e-05,5e-05,-0.0001,-1e-05,-0,0.0003
23.9,-0.02604,-0.00016,0.00032,-0.00077,1e-05,-0,-0.00148,0.00193,0.00012,0.00444,2e-05,0.00039,2e-05,-0.00012,-5e-05,1e-05,-0.0002,4e-05,7e-05,1e-05,0.00114,-0.00076,-0.00188,0.00062,0.00017,5e-05,0.00049,0.00016,9e-05,5e-05,-5e-05,-1e-05,-0,0.00028
23.92,-0.02349,-0.00027,0.00021,-0.00078,1e-05,-0,-0.00081,0.00178,0.00057,0.00335,7e-05,0.00033,1e-05,-8e-05,-3e-05,2e-05,-0.00012,2e-05,4e-05,1e-05,0.00107,-0.00028,-0.00187,0.00136,0.00017,2e-05,0.00041,0.00024,0.00011,5e-05,-2e-05,-1e-05,-0,0.00025
23.94,-0.02088,-0.00042,0.00011,-0.00076,2e-05,-0,6e-05,0.00162,0.00081,0.0023,0.00014,0.00026,0,-5e-05,-1e-05,3e-05,-4e-05,-0,0,1e-05,0.00101,0.00028,-0.00184,0.00195,0.00015,-0,0.00034,0.00029,0.00011,8e-05,2e-05,-1e-05,-0,0.00021
23.96,-0.01822,-0.00061,5e-05,-0.00072,1e-05,-0,0.00102,0.00143,0.00081,0.00132,0.00024,0.0002,-1e-05,-2e-05,0,3e-05,4e-05,-1e-05,-3e-05,1e-05,0.00095,0.00089,-0.00176,0.00234,0.00013,-2e-05,0.00029,0.00031,6e-05,0.00012,3e-05,-1e-05,-0,0.00018
23.98,-0.0155,-0.00081,1e-05,-0.00066,-0,-0,0.00192,0.00124,0.00066,0.0004,0.00036,0.00014,-1e-05,-0,0,3e-05,0.00011,-2e-05,-6e-05,0,0.00093,0.00151,-0.00162,0.00255,0.0001,-3e-05,0.00024,0.0003,-4e-05,0.00017,3e-05,-1e-05,-0,0.00015
24,-0.0127,-0.00101,-0,-0.00058,-1e-05,-0,0.00271,0.00108,0.00041,-0.00044,0.0005,9e-05,-2e-05,2e-05,-1e-05,3e-05,0.00016,-2e-05,-9e-05,0,0.00093,0.00212,-0.00147,0.00258,6e-05,-4e-05,0.00019,0.00027,-0.00018,0.00024,2e-05,-2e-05,-0,0.00012
24.02,-0.0098,-0.00126,-2e-05,-0.0005,-2e-05,0,0.00344,0.00091,0.00015,-0.00117,0.00069,5e-05,-2e-05,3e-05,-2e-05,3e-05,0.00022,-2e-05,-0.00011,-0,0.00092,0.00275,-0.00134,0.00244,3e-05,-5e-05,0.00015,0.00023,-0.00033,0.00033,-1e-05,-3e-05,-0,9e-05
24.04,-0.00682,-0.00149,-4e-05,-0.00042,-2e-05,0,0.00397,0.00075,-5e-05,-0.00173,0.00087,2e-05,-2e-05,3e-05,-3e-05,3e-05,0.00026,-2e-05,-0.00011,-0,0.00095,0.00333,-0.0012,0.00218,-0,-5e-05,0.00011,0.00018,-0.00046,0.0004,-4e-05,-5e-05,-1e-05,7e-05
24.06,-0.00377,-0.00161,-6e-05,-0.00034,-2e-05,1e-05,0.00412,0.00059,-0.00017,-0.00207,0.00096,-0,-1e-05,3e-05,-5e-05,3e-05,0.00028,-2e-05,-0.00011,-1e-05,0.00103,0.0038,-0.00106,0.00181,-3e-05,-5e-05,8e-05,0.00013,-0.00056,0.00045,-8e-05,-7e-05,-1e-05,5e-05
24.08,-0.00061,-0.00165,-7e-05,-0.00027,-2e-05,1e-05,0.00395,0.00046,-0.00023,-0.00217,0.00099,-1e-05,-0,2e-05,-6e-05,3e-05,0.00029,-1e-05,-0.00011,-1e-05,0.00111,0.00415,-0.00093,0.00138,-6e-05,-5e-05,5e-05,6e-05,-0.00062,0.00048,-0.00012,-0.0001,-1e-05,3e-05
24.1,0.00264,-0.00159,-8e-05,-0.00022,-1e-05,1e-05,0.00343,0.00034,-0.00024,-0.00206,0.00092,-2e-05,1e-05,1e-05,-7e-05,2e-05,0.00028,-1e-05,-0.0001,-1e-05,0.00118,0.0044,-0.00083,0.00092,-8e-05,-5e-05,3e-05,-0,-0.00064,0.00047,-0.00015,-0.00014,-1e-05,1e-05
24.12,0.00594,-0.00144,-9e-05,-0.00019,-1e-05,0,0.00263,0.00024,-0.00022,-0.00186,0.00075,-2e-05,1e-05,-0,-6e-05,2e-05,0.00025,-1e-05,-9e-05,-1e-05,0.00129,0.00459,-0.00074,0.00048,-0.00011,-5e-05,2e-05,-6e-05,-0.00063,0.00043,-0.00017,-0.00017,-1e-05,-1e-05
24.14,0.00924,-0.00131,-0.00011,-0.0002,-1e-05,0,0.00173,0.00016,-0.0002,-0.00159,0.00054,-2e-05,1e-05,-1e-05,-5e-05,2e-05,0.00022,-1e-05,-8e-05,-1e-05,0.00138,0.0047,-0.00067,0.00011,-0.00013,-5e-05,1e-05,-0.00012,-0.0006,0.00037,-0.00019,-0.00021,-2e-05,-3e-05
24.16,0.01255,-0.00123,-0.00012,-0.00024,-1e-05,0,0.00085,8e-05,-0.00018,-0.00132,0.00036,-3e-05,1e-05,-2e-05,-2e-05,2e-05,0.00019,-1e-05,-7e-05,-1e-05,0.00139,0.00469,-0.00062,-0.00017,-0.00015,-5e-05,-0,-0.00016,-0.00057,0.00032,-0.00019,-0.00025,-2e-05,-4e-05
24.18,0.01584,-0.00121,-0.00013,-0.00031,-1e-05,0,3e-05,0,-0.00016,-0.0011,0.00019,-3e-05,1e-05,-2e-05,1e-05,2e-05,0.00016,-1e-05,-6e-05,-1e-05,0.00137,0.00457,-0.00057,-0.00036,-0.00016,-5e-05,-1e-05,-0.00019,-0.00054,0.00026,-0.00019,-0.00029,-2e-05,-5e-05
24.2,0.01902,-0.00127,-0.00013,-0.00038,-1e-05,-0,-0.00072,-0.0001,-0.00013,-0.00095,4e-05,-4e-05,1e-05,-1e-05,3e-05,1e-05,0.00014,-1e-05,-5e-05,-1e-05,0.00133,0.00432,-0.00051,-0.00049,-0.00017,-4e-05,-1e-05,-0.0002,-0.00052,0.00021,-0.00018,-0.00032,-2e-05,-6e-05
24.22,0.02194,-0.00139,-9e-05,-0.00047,-1e-05,-0,-0.00138,-0.00022,-0.00011,-0.00088,-7e-05,-5e-05,0,-0,3e-05,1e-05,0.00012,-1e-05,-4e-05,-0,0.00128,0.00391,-0.00045,-0.00057,-0.00015,-4e-05,-1e-05,-0.00017,-0.00053,0.00016,-0.00015,-0.00034,-2e-05,-7e-05
24.24,0.02454,-0.00154,-3e-05,-0.00054,-1e-05,-0,-0.00195,-0.00038,-9e-05,-0.00088,-0.00015,-6e-05,0,2e-05,2e-05,1e-05,0.0001,-1e-05,-3e-05,-0,0.00125,0.00337,-0.00039,-0.00061,-0.00012,-2e-05,-1e-05,-0.0001,-0.00056,0.00011,-0.00011,-0.00036,-2e-05,-7e-05
24.26,0.02676,-0.0017,6e-05,-0.00059,-2e-05,-0,-0.00245,-0.00058,-7e-05,-0.00095,-0.00019,-6e-05,-0,3e-05,0,1e-05,8e-05,-1e-05,-2e-05,-0,0.00123,0.00272,-0.00032,-0.00063,-6e-05,-1e-05,-1e-05,2e-05,-0.00064,6e-05,-7e-05,-0.00036,-2e-05,-6e-05
24.28,0.02852,-0.00179,0.00018,-0.00063,-2e-05,-0,-0.00291,-0.00082,-4e-05,-0.00108,-0.00022,-7e-05,-0,5e-05,-3e-05,0,6e-05,-1e-05,-2e-05,0,0.00059,0.00172,-0.00019,-0.00026,2e-05,1e-05,-1e-05,0.0002,-0.00077,0,-4e-05,-0.00036,-2e-05,-5e-05
24.3,0.02965,-0.00177,0.00032,-0.00064,-2e-05,-0,-0.00329,-0.00107,-2e-05,-0.00124,-0.00021,-7e-05,-0,7e-05,-6e-05,-1e-05,5e-05,-1e-05,-1e-05,0,-0.00071,0.00057,4e-05,0.00058,7e-05,-3e-05,-0,0.00043,-0.00093,-5e-05,-2e-05,-0.00035,-2e-05,-4e-05
24.32,0.02994,-0.00158,0.00046,-0.00063,-2e-05,-0,-0.00355,-0.00133,-1e-05,-0.00142,-0.00017,-7e-05,-0,9e-05,-9e-05,-2e-05,3e-05,-1e-05,-1e-05,1e-05,-0.00194,-5e-05,0.00028,0.00151,4e-05,-0.00019,-0,0.00073,-0.00105,-0.0001,-1e-05,-0.00032,-2e-05,-3e-05
24.34,0.02939,-0.00123,0.00058,-0.0006,-1e-05,0,-0.00374,-0.00156,0,-0.00161,-0.00011,-7e-05,0,0.00011,-0.00012,-2e-05,0,-0,-0,1e-05,-0.00269,0.00042,0.00052,0.00233,-0.00013,-0.00054,-0,0.00111,-0.00113,-0.00013,-1e-05,-0.00029,-2e-05,-1e-05
24.36,0.02811,-0.00077,0.00065,-0.00055,-0,0,-0.00394,-0.00174,0,-0.00184,-5e-05,-7e-05,1e-05,0.00013,-0.00013,-3e-05,-2e-05,-0,0,1e-05,-0.00242,0.00243,0.00082,0.0027,-0.00051,-0.00115,-0,0.00155,-0.00115,-0.00015,0,-0.00025,-1e-05,1e-05
24.38,0.02614,-0.00031,0.00067,-0.00049,1e-05,0,-0.00413,-0.00184,-0,-0.00209,1e-05,-6e-05,2e-05,0.00015,-0.00012,-3e-05,-5e-05,-0,1e-05,1e-05,-0.00054,0.00639,0.0012,0.00225,-0.00111,-0.00208,-1e-05,0.00204,-0.00107,-0.00014,1e-05,-0.00019,-1e-05,3e-05
24.4,0.02369,-2e-05,0.00062,-0.00043,2e-05,0,-0.00432,-0.00183,-2e-05,-0.00235,6e-05,-6e-05,4e-05,0.00016,-8e-05,-2e-05,-8e-05,-0,1e-05,1e-05,0.00344,0.01208,0.00166,0.00061,-0.00196,-0.0033,-2e-05,0.0026,-0.00076,-9e-05,3e-05,-0.00012,-1e-05,6e-05
24.42,0.02105,-0,0.00052,-0.00036,3e-05,0,-0.00456,-0.00168,-3e-05,-0.00258,0.0001,-5e-05,6e-05,0.00016,-3e-05,-2e-05,-0.0001,-0,2e-05,1e-05,0.00946,0.0178,0.00207,-0.00235,-0.00304,-0.00472,-3e-05,0.00326,-7e-05,3e-05,7e-05,-4e-05,-0,8e-05
24.44,0.01828,-0.0003,0.00034,-0.0003,4e-05,0,-0.00477,-0.00143,-4e-05,-0.00274,0.00012,-5e-05,8e-05,0.00015,3e-05,-1e-05,-0.00011,0,2e-05,1e-05,0.01694,0.02207,0.00236,-0.0065,-0.00417,-0.00612,-4e-05,0.00398,0.00092,0.00022,0.00011,4e-05,0,0.0001
24.46,0.01544,-0.00095,0.0001,-0.00024,4e-05,1e-05,-0.00493,-0.00111,-5e-05,-0.00282,0.00012,-5e-05,0.0001,0.00013,9e-05,-0,-0.00011,0,3e-05,1e-05,0.02519,0.02447,0.00251,-0.01147,-0.00508,-0.00723,-5e-05,0.00473,0.00204,0.00048,0.00016,0.00014,1e-05,0.00012
24.48,0.01265,-0.00187,-0.00022,-0.00019,3e-05,1e-05,-0.00503,-0.00073,-6e-05,-0.00278,0.00011,-4e-05,0.00011,0.0001,0.00013,0,-0.00011,1e-05,3e-05,1e-05,0.0333,0.02412,0.00244,-0.01675,-0.00566,-0.00791,-6e-05,0.00548,0.00323,0.00081,0.00018,0.00023,1e-05,0.00014
24.5,0.01013,-0.00298,-0.00058,-0.00014,2e-05,1e-05,-0.00504,-0.00038,-6e-05,-0.00266,9e-05,-4e-05,0.00013,7e-05,0.00014,-1e-05,-0.0001,1e-05,4e-05,1e-05,0.04035,0.02112,0.00219,-0.02174,-0.00577,-0.00806,-6e-05,0.00631,0.00423,0.0012,0.00017,0.00032,2e-05,0.00015
24.52,0.008,-0.00416,-0.00091,-0.00011,2e-05,1e-05,-0.00493,-0.00011,-5e-05,-0.00252,6e-05,-3e-05,0.00013,3e-05,0.00011,-2e-05,-9e-05,1e-05,5e-05,0,0.04544,0.0162,0.00182,-0.02589,-0.0054,-0.00764,-6e-05,0.00732,0.00476,0.00167,0.00016,0.00042,3e-05,0.00016
24.54,0.0062,-0.0052,-0.00118,-8e-05,2e-05,1e-05,-0.00473,8e-05,-4e-05,-0.00235,3e-05,-3e-05,0.00013,1e-05,6e-05,-4e-05,-8e-05,2e-05,5e-05,-0,0.04824,0.01008,0.00135,-0.02874,-0.00476,-0.00685,-5e-05,0.00837,0.0047,0.00215,0.0001,0.00052,3e-05,0.00017
24.56,0.00466,-0.00593,-0.00133,-6e-05,4e-05,1e-05,-0.00448,0.00024,-2e-05,-0.00215,1e-05,-2e-05,0.00013,0,1e-05,-7e-05,-8e-05,2e-05,5e-05,-0,0.04887,0.00372,0.00082,-0.03,-0.00399,-0.00589,-5e-05,0.00924,0.00403,0.00258,-3e-05,0.00059,4e-05,0.00017
24.58,0.00337,-0.00626,-0.00133,-4e-05,8e-05,2e-05,-0.00419,0.00033,0,-0.00195,-0,-1e-05,0.00012,0,-3e-05,-0.0001,-7e-05,3e-05,6e-05,-1e-05,0.04742,-0.00234,0.0003,-0.02958,-0.00318,-0.00485,-5e-05,0.00992,0.00281,0.00294,-0.00022,0.00063,4e-05,0.00016
24.6,0.00229,-0.00632,-0.00118,-2e-05,0.00013,2e-05,-0.00389,0.00037,2e-05,-0.00175,-0,-1e-05,0.00012,1e-05,-6e-05,-0.00013,-7e-05,3e-05,6e-05,-1e-05,0.04441,-0.00631,-8e-05,-0.0275,-0.00241,-0.00381,-5e-05,0.0102,0.00114,0.00314,-0.00038,0.00062,4e-05,0.00015
24.62,0.00138,-0.0063,-0.00092,-0,0.0002,2e-05,-0.0036,0.00038,4e-05,-0.00155,-1e-05,-1e-05,0.00011,1e-05,-5e-05,-0.00016,-7e-05,4e-05,6e-05,-1e-05,0.04044,-0.00733,-0.00023,-0.02389,-0.00171,-0.00287,-5e-05,0.00993,-0.00064,0.00312,-0.00042,0.00058,3e-05,0.00013
24.64,0.00058,-0.0062,-0.00057,3e-05,0.00029,2e-05,-0.00334,0.00037,5e-05,-0.00136,-1e-05,-0,0.0001,1e-05,-0,-0.00018,-8e-05,4e-05,7e-05,-1e-05,0.03562,-0.00708,-0.00026,-0.01891,-0.00113,-0.00205,-4e-05,0.00934,-0.0022,0.0029,-0.00036,0.0005,3e-05,0.0001
24.66,-0.00016,-0.00604,-0.00016,7e-05,0.00038,3e-05,-0.0031,0.00035,6e-05,-0.00117,-1e-05,0,9e-05,-2e-05,8e-05,-0.00018,-9e-05,4e-05,8e-05,-1e-05,0.03011,-0.00652,-0.00023,-0.01279,-0.00066,-0.00136,-3e-05,0.00866,-0.00346,0.00251,-0.00026,0.00042,3e-05,7e-05
24.68,-0.00087,-0.00591,0.00025,0.00012,0.00046,3e-05,-0.0029,0.00033,5e-05,-0.00098,-0,0,9e-05,-7e-05,0.00019,-0.00018,-0.00011,5e-05,9e-05,-1e-05,0.0242,-0.00569,-0.00015,-0.00582,-0.00031,-0.00082,-2e-05,0.00795,-0.00438,0.002,-0.00013,0.00034,2e-05,3e-05
24.7,-0.00156,-0.00583,0.0006,0.00018,0.00053,3e-05,-0.00273,0.00031,4e-05,-0.00081,-0,0,8e-05,-0.00013,0.00031,-0.00016,-0.00013,4e-05,0.0001,-1e-05,0.0183,-0.00456,-3e-05,0.00161,-7e-05,-0.00043,-2e-05,0.00726,-0.00497,0.00133,-1e-05,0.00027,2e-05,-2e-05
24.72,-0.00228,-0.00576,0.00086,0.00025,0.00058,3e-05,-0.00259,0.0003,3e-05,-0.00066,-0,1e-05,8e-05,-0.0002,0.00043,-0.00015,-0.00014,4e-05,0.00012,-1e-05,0.01268,-0.00331,8e-05,0.00899,7e-05,-0.0002,-1e-05,0.00661,-0.00524,0.00058,6e-05,0.0002,2e-05,-8e-05
24.74,-0.00303,-0.00566,0.00102,0.00033,0.00059,2e-05,-0.00247,0.0003,1e-05,-0.00054,-0,1e-05,7e-05,-0.00028,0.00053,-0.00014,-0.00015,4e-05,0.00014,-1e-05,0.00735,-0.0023,0.00014,0.01585,0.00012,-0.00012,-1e-05,0.006,-0.0053,-7e-05,6e-05,0.00014,1e-05,-0.00014
24.76,-0.00378,-0.00548,0.00108,0.00042,0.00058,2e-05,-0.00237,0.00029,-0,-0.00042,0,1e-05,7e-05,-0.00037,0.0006,-0.00012,-0.00015,3e-05,0.00015,-1e-05,0.00239,-0.00162,0.00016,0.02172,8e-05,-0.00018,-2e-05,0.0054,-0.00523,-0.00061,5e-05,0.0001,1e-05,-0.00021
24.78,-0.00454,-0.00517,0.00107,0.0005,0.00054,2e-05,-0.00228,0.00027,-2e-05,-0.00032,0,1e-05,7e-05,-0.00047,0.00064,-0.00011,-0.00014,3e-05,0.00017,-0,-0.00203,-0.00111,0.00013,0.02611,-3e-05,-0.00037,-3e-05,0.00476,-0.00506,-0.00103,3e-05,7e-05,2e-05,-0.00028
24.8,-0.00532,-0.00466,0.001,0.00058,0.00048,2e-05,-0.00219,0.00025,-3e-05,-0.00024,1e-05,1e-05,6e-05,-0.00056,0.00066,-9e-05,-0.00013,3e-05,0.00018,-0,-0.00575,-0.00066,5e-05,0.02844,-0.00021,-0.00066,-6e-05,0.00405,-0.00485,-0.00134,1e-05,5e-05,2e-05,-0.00034
24.82,-0.00621,-0.0039,0.0009,0.00065,0.00041,1e-05,-0.00208,0.00022,-4e-05,-0.00017,1e-05,2e-05,6e-05,-0.00062,0.00064,-7e-05,-0.00011,3e-05,0.00019,-0,-0.00861,-0.00011,-5e-05,0.02804,-0.00042,-0.00102,-8e-05,0.00328,-0.00466,-0.00153,-1e-05,3e-05,2e-05,-0.00036
24.84,-0.00715,-0.00291,0.00079,0.00071,0.00034,1e-05,-0.00196,0.00019,-5e-05,-0.00011,2e-05,2e-05,6e-05,-0.00066,0.00061,-5e-05,-8e-05,3e-05,0.00019,0,-0.01038,0.00067,-0.00016,0.02432,-0.00067,-0.00144,-0.00012,0.00244,-0.00448,-0.00159,1e-05,1e-05,2e-05,-0.00036
24.86,-0.00806,-0.00173,0.0007,0.00075,0.00026,1e-05,-0.00182,0.00016,-5e-05,-6e-05,2e-05,2e-05,5e-05,-0.00066,0.00057,-3e-05,-6e-05,3e-05,0.00019,0,-0.01078,0.00179,-0.00025,0.01674,-0.00091,-0.00186,-0.00014,0.00155,-0.00431,-0.00152,4e-05,-2e-05,2e-05,-0.00034
24.88,-0.00895,-0.0004,0.00061,0.00078,0.00019,1e-05,-0.00167,0.00014,-5e-05,-1e-05,2e-05,2e-05,4e-05,-0.00063,0.00052,-2e-05,-4e-05,3e-05,0.00019,0,-0.00955,0.00333,-0.00032,0.00486,-0.00111,-0.00224,-0.00016,0.00066,-0.00416,-0.00136,7e-05,-5e-05,1e-05,-0.0003
24.9,-0.00985,0.00097,0.00053,0.00081,0.00012,1e-05,-0.00151,0.00011,-5e-05,5e-05,2e-05,2e-05,4e-05,-0.00055,0.00047,-1e-05,-2e-05,2e-05,0.00019,0,-0.00651,0.00527,-0.00034,-0.01151,-0.00124,-0.00254,-0.00016,-0.00016,-0.00405,-0.00114,6e-05,-0.0001,1e-05,-0.00025
24.92,-0.01078,0.00224,0.00044,0.00082,8e-05,1e-05,-0.00136,8e-05,-5e-05,0.0001,2e-05,2e-05,3e-05,-0.00045,0.00041,0,-1e-05,2e-05,0.00019,0,-0.00135,0.00752,-0.0003,-0.03301,-0.00123,-0.00268,-0.00012,-0.00083,-0.00399,-0.00092,3e-05,-0.00015,-0,-0.00022
24.94,-0.01172,0.00326,0.00036,0.00083,5e-05,1e-05,-0.00121,5e-05,-5e-05,0.00015,1e-05,1e-05,1e-05,-0.00031,0.00036,1e-05,0,2e-05,0.00018,0,0.0064,0.01,-0.00018,-0.06027,-0.00105,-0.00259,-3e-05,-0.00128,-0.00393,-0.00072,-1e-05,-0.00022,-1e-05,-0.0002
24.96,-0.01263,0.00398,0.00029,0.00083,3e-05,1e-05,-0.00107,2e-05,-5e-05,0.00021,1e-05,1e-05,0,-0.00014,0.00032,2e-05,0,2e-05,0.00018,0,0.01707,0.01266,3e-05,-0.09339,-0.00066,-0.0022,0.00012,-0.00145,-0.00382,-0.00058,-5e-05,-0.00028,-2e-05,-0.00018
24.98,-0.01357,0.00436,0.00022,0.00084,3e-05,1e-05,-0.00094,0,-5e-05,0.00026,0,0,-1e-05,3e-05,0.00029,3e-05,1e-05,1e-05,0.00019,0,0.03071,0.0155,0.00037,-0.13173,-2e-05,-0.00143,0.00036,-0.00128,-0.00365,-0.0005,-6e-05,-0.00035,-3e-05,-0.00017
25,-0.01457,0.00441,0.00017,0.00086,3e-05,1e-05,-0.00081,-1e-05,-5e-05,0.00032,-0,-0,-3e-05,0.0002,0.00027,4e-05,1e-05,1e-05,0.0002,0,0.04751,0.01804,0.00084,-0.17638,0.00088,-0.00023,0.00068,-0.00071,-0.00338,-0.00049,-5e-05,-0.0004,-4e-05,-0.00018
25.02,-0.01566,0.00419,0.00013,0.00089,4e-05,1e-05,-0.00071,-1e-05,-4e-05,0.00041,-0,-0,-4e-05,0.00035,0.00026,5e-05,1e-05,1e-05,0.00022,-0,0.06807,0.01959,0.00136,-0.23016,0.002,0.00141,0.00114,0.00029,-0.00299,-0.00052,-2e-05,-0.00041,-4e-05,-0.00018
25.04,-0.01695,0.00372,0.00011,0.00094,5e-05,0,-0.00063,0,-4e-05,0.00052,0,-1e-05,-5e-05,0.00049,0.00027,7e-05,2e-05,1e-05,0.00024,-0,0.09145,0.02025,0.00188,-0.29044,0.00325,0.00347,0.00172,0.0017,-0.00248,-0.0006,9e-05,-0.00038,-4e-05,-0.00019
25.06,-0.01849,0.00302,0.0001,0.001,5e-05,0,-0.00054,3e-05,-3e-05,0.00063,1e-05,-1e-05,-6e-05,0.0006,0.00028,9e-05,3e-05,1e-05,0.00027,-1e-05,0.1156,0.02035,0.00237,-0.35167,0.00454,0.00578,0.00237,0.00347,-0.00187,-0.00067,0.00023,-0.00032,-3e-05,-0.00021
25.08,-0.02018,0.0022,0.0001,0.00106,5e-05,0,-0.00045,8e-05,-3e-05,0.00074,2e-05,-0,-7e-05,0.00068,0.00031,0.00011,3e-05,1e-05,0.00029,-1e-05,0.13933,0.02008,0.00272,-0.40903,0.00576,0.00819,0.00306,0.0055,-0.00124,-0.00071,0.00035,-0.00023,-3e-05,-0.00023
25.1,-0.02196,0.00132,0.0001,0.00113,4e-05,0,-0.00036,0.00013,-2e-05,0.00087,2e-05,-0,-7e-05,0.00075,0.00034,0.00013,6e-05,1e-05,0.00031,-1e-05,0.15789,0.0185,0.00285,-0.46198,0.00657,0.01009,0.00362,0.00768,-0.00062,-0.00069,0.00048,-0.00012,-2e-05,-0.00025
25.12,-0.02372,0.00047,0.0001,0.00119,3e-05,-0,-0.00025,0.0002,-1e-05,0.00106,3e-05,0,-7e-05,0.0008,0.00038,0.00016,0.0001,1e-05,0.00033,-1e-05,0.1652,0.01413,0.00234,-0.512,0.00646,0.01057,0.00381,0.01008,-0.00014,-0.00055,0.00083,2e-05,-1e-05,-0.00027
25.14,-0.02509,-0.00024,9e-05,0.00123,2e-05,-0,-0.00012,0.00027,-1e-05,0.00124,4e-05,1e-05,-7e-05,0.00083,0.00043,0.00018,0.00016,0,0.00033,-1e-05,0.16262,0.00848,0.00069,-0.54677,0.00551,0.00979,0.00366,0.01254,0.00016,-0.00032,0.00136,0.00018,-0,-0.0003
25.16,-0.02574,-0.00073,7e-05,0.00123,1e-05,-0,1e-05,0.00033,-0,0.00139,4e-05,1e-05,-6e-05,0.00087,0.00047,0.00021,0.00024,-0,0.00031,-1e-05,0.15246,0.00356,-0.00184,-0.55558,0.00415,0.0083,0.00328,0.0148,0.00028,-0.0001,0.00188,0.00037,0,-0.00033
25.18,-0.02556,-0.00098,4e-05,0.00119,1e-05,-0,0.00014,0.00038,0,0.0015,4e-05,2e-05,-6e-05,0.00088,0.00053,0.00024,0.00031,-1e-05,0.00028,-1e-05,0.13505,-0.00045,-0.0054,-0.54121,0.00253,0.00622,0.0027,0.01685,0.0003,7e-05,0.00243,0.00057,1e-05,-0.00036
25.2,-0.02449,-0.00103,-1e-05,0.00111,1e-05,-0,0.00025,0.0004,1e-05,0.00158,4e-05,2e-05,-5e-05,0.0009,0.00061,0.00026,0.0004,-1e-05,0.00024,-1e-05,0.11335,-0.00278,-0.00858,-0.50241,0.00116,0.00416,0.00208,0.01865,0.00025,0.00015,0.00302,0.00076,1e-05,-0.00038
25.22,-0.02253,-0.00094,-8e-05,0.00098,0,-1e-05,0.00035,0.00042,1e-05,0.00162,4e-05,2e-05,-5e-05,0.00096,0.00071,0.00027,0.00057,-2e-05,0.00018,-1e-05,0.08982,-0.00358,-0.00997,-0.4426,0.00038,0.00243,0.00154,0.02013,0.00018,0.00011,0.00367,0.00095,1e-05,-0.00038
25.24,-0.0197,-0.00076,-0.00017,0.00082,0,-1e-05,0.00042,0.00042,0,0.00164,4e-05,2e-05,-4e-05,0.00101,0.00083,0.00026,0.00076,-2e-05,0.00013,-1e-05,0.06637,-0.00355,-0.0104,-0.37647,3e-05,0.00091,0.00109,0.02133,0.00011,3e-05,0.00446,0.00109,1e-05,-0.00036
25.26,-0.01603,-0.00052,-0.00027,0.00063,-0,-1e-05,0.00045,0.0004,-0,0.00164,4e-05,2e-05,-4e-05,0.00102,0.00096,0.00027,0.00091,-3e-05,9e-05,-1e-05,0.04482,-0.00311,-0.01047,-0.31508,0,-0.00036,0.00075,0.02227,4e-05,-4e-05,0.00544,0.00114,1e-05,-0.00034
25.28,-0.01165,-0.00028,-0.00037,0.00041,-0,-1e-05,0.00043,0.00038,-1e-05,0.00163,4e-05,2e-05,-4e-05,0.00098,0.0011,0.00027,0.00105,-3e-05,5e-05,-1e-05,0.02605,-0.00259,-0.01011,-0.26369,0.00026,-0.00135,0.0005,0.02124,-3e-05,-7e-05,0.00581,0.00094,1e-05,-0.00029
25.3,-0.00678,-6e-05,-0.00047,0.00019,-0,-1e-05,0.00037,0.00035,-3e-05,0.0016,4e-05,2e-05,-3e-05,0.00094,0.00124,0.00027,0.00118,-3e-05,3e-05,-1e-05,0.01094,-0.00207,-0.00899,-0.22455,0.00062,-0.00211,0.00033,0.01661,-7e-05,-9e-05,0.00443,0.00034,0,-0.00022
25.32,-0.00172,9e-05,-0.00055,-2e-05,-1e-05,-1e-05,0.00032,0.00033,-4e-05,0.00158,4e-05,2e-05,-3e-05,0.001,0.00135,0.0003,0.00134,-3e-05,1e-05,-1e-05,-0.00162,-0.00163,-0.00698,-0.19691,0.00075,-0.00276,0.00018,0.00944,-5e-05,-0.0001,0.00165,-0.00053,-1e-05,-0.00013
25.34,0.00322,0.00015,-0.00057,-0.0002,-2e-05,-1e-05,0.00025,0.00033,-4e-05,0.00154,3e-05,2e-05,-2e-05,0.0011,0.00143,0.00034,0.00152,-3e-05,0,-1e-05,-0.01279,-0.00141,-0.00479,-0.17908,0.0006,-0.00329,0,-0.00061,1e-05,-0.00011,-0.00292,-0.00165,-2e-05,-4e-05
25.36,0.00788,0.00012,-0.00053,-0.00035,-3e-05,-0,0.00019,0.00035,-3e-05,0.00151,3e-05,1e-05,-2e-05,0.00117,0.00146,0.00038,0.00172,-3e-05,0,-1e-05,-0.0216,-0.00141,-0.00266,-0.16863,0.0003,-0.0036,-0.00023,-0.01344,0.00011,-0.00012,-0.00965,-0.00294,-3e-05,4e-05
25.38,0.01223,4e-05,-0.00043,-0.00046,-3e-05,-0,0.00014,0.00039,-2e-05,0.00147,3e-05,1e-05,-2e-05,0.00123,0.00145,0.00041,0.00193,-3e-05,1e-05,-1e-05,-0.02725,-0.00158,-0.00058,-0.16259,-0.00014,-0.0037,-0.00052,-0.02858,0.00023,-0.00016,-0.01868,-0.0043,-6e-05,0.0001
25.4,0.01626,-7e-05,-0.00032,-0.00054,-4e-05,-0,0.0001,0.00043,-0,0.00144,3e-05,1e-05,-2e-05,0.00126,0.00139,0.00042,0.00217,-3e-05,2e-05,-1e-05,-0.02924,-0.00181,0.00131,-0.15875,-0.00054,-0.0035,-0.00084,-0.04504,0.00035,-0.00024,-0.02969,-0.00564,-0.0001,0.00014
25.42,0.02002,-0.00016,-0.00021,-0.00059,-5e-05,-0,7e-05,0.00046,1e-05,0.00141,3e-05,1e-05,-1e-05,0.00119,0.00132,0.00037,0.00242,-3e-05,3e-05,-1e-05,-0.02796,-0.00197,0.00277,-0.15533,-0.00072,-0.00298,-0.00111,-0.06141,0.00049,-0.00038,-0.04183,-0.00683,-0.00015,0.00015
25.44,0.02358,-0.00023,-0.00013,-0.00064,-5e-05,-0,3e-05,0.00049,3e-05,0.00139,2e-05,0,-1e-05,0.00106,0.00122,0.00029,0.00265,-3e-05,4e-05,-1e-05,-0.02509,-0.00204,0.00375,-0.15063,-0.00079,-0.00236,-0.00128,-0.07602,0.00063,-0.00059,-0.05417,-0.00778,-0.00022,0.00015
25.46,0.02704,-0.0003,-7e-05,-0.00068,-4e-05,-0,-1e-05,0.00052,5e-05,0.00139,2e-05,0,-1e-05,0.00083,0.0011,0.00018,0.00285,-2e-05,4e-05,-1e-05,-0.02196,-0.00206,0.00433,-0.14408,-0.00079,-0.00179,-0.00136,-0.08743,0.00076,-0.00087,-0.06593,-0.00846,-0.00027,0.00013
25.48,0.03043,-0.00037,-3e-05,-0.00071,-3e-05,-0,-7e-05,0.00053,7e-05,0.0014,2e-05,-0,-1e-05,0.0005,0.00095,6e-05,0.003,-2e-05,5e-05,-1e-05,-0.01916,-0.00199,0.00457,-0.136,-0.0007,-0.00129,-0.00134,-0.09504,0.00089,-0.00117,-0.07636,-0.00885,-0.0003,0.0001
25.5,0.03351,-0.00044,-0,-0.00073,-2e-05,0,-0.00015,0.00054,0.00011,0.00141,1e-05,-0,-1e-05,2e-05,0.0008,-6e-05,0.00309,-2e-05,5e-05,-0,-0.01707,-0.00182,0.00458,-0.12692,-0.00056,-0.00087,-0.00123,-0.0987,0.00099,-0.00149,-0.08492,-0.00898,-0.0003,7e-05
25.52,0.03589,-0.00052,1e-05,-0.00073,-1e-05,0,-0.00026,0.00052,0.00014,0.00144,1e-05,-1e-05,-0,-0.00056,0.00064,-0.00014,0.00311,-1e-05,6e-05,-0,-0.01576,-0.00153,0.00444,-0.11738,-0.00038,-0.00053,-0.00106,-0.09871,0.00101,-0.00183,-0.09127,-0.00888,-0.00028,4e-05
25.54,0.0376,-0.00058,2e-05,-0.00072,0,0,-0.00041,0.00048,0.00018,0.00147,0,-1e-05,-0,-0.00119,0.00047,-0.00015,0.00306,-0,7e-05,-0,-0.01508,-0.00117,0.00421,-0.10769,-0.0002,-0.00027,-0.00087,-0.09582,0.001,-0.0021,-0.09559,-0.00856,-0.00024,2e-05
25.56,0.03875,-0.00062,3e-05,-0.00068,0,-0,-0.0006,0.00044,0.00023,0.00151,0,-0,0,-0.00186,0.00028,-0.0001,0.00295,1e-05,8e-05,0,-0.0149,-0.00079,0.00389,-0.09803,-5e-05,-8e-05,-0.00067,-0.09077,0.00099,-0.00225,-0.09816,-0.00805,-0.00018,1e-05
25.58,0.03931,-0.0006,4e-05,-0.00064,-1e-05,-0,-0.00085,0.00038,0.00029,0.00153,-0,-0,0,-0.00257,7e-05,1e-05,0.00279,3e-05,9e-05,0,-0.01512,-0.00044,0.00357,-0.0885,6e-05,6e-05,-0.0005,-0.0842,0.00098,-0.00226,-0.0991,-0.00739,-0.00011,3e-05
25.6,0.03918,-0.00053,5e-05,-0.00058,-3e-05,-0,-0.0011,0.00031,0.00034,0.00155,-0,0,1e-05,-0.00323,-0.00015,0.00016,0.0026,4e-05,0.0001,1e-05,-0.01564,-0.00014,0.00325,-0.0792,0.00015,0.00015,-0.00035,-0.07664,0.00095,-0.0021,-0.09863,-0.00662,-5e-05,9e-05
25.62,0.0383,-0.00038,5e-05,-0.00051,-7e-05,-0,-0.00126,0.00025,0.00039,0.00154,-0,1e-05,1e-05,-0.00373,-0.00039,0.00034,0.00237,6e-05,0.00012,1e-05,-0.01639,8e-05,0.00292,-0.07028,0.0002,0.00021,-0.00024,-0.06856,0.00087,-0.0018,-0.09706,-0.00578,-2e-05,0.00019
25.64,0.03682,-0.00017,6e-05,-0.00043,-0.00011,-0,-0.00138,0.00018,0.00041,0.0015,-0,1e-05,1e-05,-0.00408,-0.00063,0.00052,0.00213,9e-05,0.00013,1e-05,-0.01727,0.00024,0.00263,-0.06169,0.00022,0.00024,-0.00017,-0.06053,0.00077,-0.00141,-0.09451,-0.00494,2e-05,0.00036
25.66,0.03493,9e-05,6e-05,-0.00036,-0.00013,-0,-0.00148,0.00013,0.00042,0.00143,-0,2e-05,1e-05,-0.00437,-0.00087,0.0007,0.00186,0.00011,0.00015,1e-05,-0.01817,0.00034,0.00242,-0.05336,0.00021,0.00023,-0.00014,-0.05287,0.00066,-0.00096,-0.0911,-0.00411,7e-05,0.00058
25.68,0.03264,0.0004,6e-05,-0.0003,-0.00015,-0,-0.00156,8e-05,0.0004,0.00133,-0,2e-05,1e-05,-0.00457,-0.00111,0.00087,0.00158,0.00014,0.00016,1e-05,-0.01901,0.00038,0.00227,-0.04534,0.00019,0.00021,-0.00015,-0.04567,0.00056,-0.0005,-0.08709,-0.00332,0.00019,0.00089
25.7,0.03015,0.00072,5e-05,-0.00024,-0.00017,-0,-0.0016,4e-05,0.00036,0.00121,-0,3e-05,1e-05,-0.00467,-0.00132,0.001,0.00128,0.00016,0.00018,2e-05,-0.01973,0.00038,0.00215,-0.0378,0.00017,0.00017,-0.00018,-0.03916,0.00044,-6e-05,-0.08237,-0.00258,0.00025,0.00118
25.72,0.02769,0.00102,5e-05,-0.00019,-0.00019,-0,-0.00162,1e-05,0.00031,0.00105,-0,4e-05,1e-05,-0.00465,-0.00141,0.00104,0.00099,0.00018,0.00019,2e-05,-0.02027,0.00033,0.00203,-0.03096,0.00014,0.00014,-0.00021,-0.0335,0.00031,0.00032,-0.07695,-0.00193,-0.00018,0.00118
25.74,0.0252,0.00126,5e-05,-0.00014,-0.0002,-0,-0.00162,-1e-05,0.00025,0.0009,-0,4e-05,1e-05,-0.00456,-0.00142,0.00103,0.00071,0.0002,0.00019,2e-05,-0.02056,0.00024,0.0019,-0.02497,0.00012,0.00011,-0.00024,-0.02859,0.0002,0.00062,-0.07133,-0.00135,-0.00102,0.00095
25.76,0.02267,0.00146,5e-05,-0.0001,-0.00021,0,-0.00162,-2e-05,0.00018,0.00075,-0,5e-05,1e-05,-0.00445,-0.0014,0.001,0.00043,0.00021,0.0002,2e-05,-0.02051,0.00015,0.00179,-0.01986,0.0001,7e-05,-0.00026,-0.02432,9e-05,0.00084,-0.06579,-0.00085,-0.00197,0.00065
25.78,0.02013,0.00159,4e-05,-6e-05,-0.00022,0,-0.00162,-3e-05,0.00012,0.0006,-0,6e-05,1e-05,-0.0043,-0.00134,0.00095,0.00016,0.00022,0.0002,2e-05,-0.02011,6e-05,0.00167,-0.01564,8e-05,4e-05,-0.00027,-0.02062,0,0.00099,-0.06032,-0.00044,-0.00301,0.00024
25.8,0.01768,0.00166,3e-05,-2e-05,-0.00022,0,-0.00162,-3e-05,5e-05,0.00045,-0,7e-05,1e-05,-0.00415,-0.00125,0.00089,-9e-05,0.00022,0.0002,2e-05,-0.01937,-2e-05,0.00155,-0.01227,7e-05,1e-05,-0.00025,-0.01752,-8e-05,0.00109,-0.05481,-9e-05,-0.00409,-0.00025
25.82,0.01537,0.00169,1e-05,0,-0.00023,0,-0.00162,-3e-05,-2e-05,0.00031,-1e-05,7e-05,2e-05,-0.00404,-0.00114,0.00081,-0.00033,0.00022,0.00021,2e-05,-0.0183,-8e-05,0.0014,-0.00969,5e-05,-1e-05,-0.00023,-0.01497,-0.00015,0.00116,-0.04922,0.00019,-0.00514,-0.00079
25.84,0.01317,0.00167,-1e-05,3e-05,-0.00023,0,-0.00162,-2e-05,-8e-05,0.00015,-1e-05,8e-05,2e-05,-0.00391,-0.00101,0.00074,-0.00054,0.00021,0.00021,2e-05,-0.01696,-0.00013,0.00125,-0.00777,4e-05,-3e-05,-0.00019,-0.01287,-0.00022,0.00123,-0.04374,0.00041,-0.006,-0.00133
25.86,0.01101,0.00164,-3e-05,5e-05,-0.00025,0,-0.00159,-1e-05,-0.00015,-0,-1e-05,9e-05,3e-05,-0.00374,-0.00088,0.00067,-0.00072,0.00019,0.00022,2e-05,-0.01538,-0.00016,0.00109,-0.00639,3e-05,-4e-05,-0.00014,-0.01108,-0.00028,0.00131,-0.03845,0.00059,-0.00656,-0.00181
25.88,0.00892,0.00159,-5e-05,6e-05,-0.00026,0,-0.00153,1e-05,-0.00021,-0.00016,-1e-05,9e-05,4e-05,-0.00353,-0.00075,0.0006,-0.00087,0.00018,0.00022,2e-05,-0.01364,-0.00017,0.00093,-0.00539,3e-05,-6e-05,-8e-05,-0.00954,-0.00033,0.00142,-0.03328,0.00072,-0.00684,-0.00228
25.9,0.00702,0.00155,-7e-05,6e-05,-0.00028,0,-0.0014,3e-05,-0.00028,-0.00031,-1e-05,9e-05,5e-05,-0.00326,-0.00064,0.00053,-0.001,0.00016,0.00023,1e-05,-0.01179,-0.00019,0.00078,-0.00463,2e-05,-6e-05,-2e-05,-0.00821,-0.00037,0.00155,-0.02806,0.00082,-0.00667,-0.00256
25.92,0.00537,0.00153,-8e-05,5e-05,-0.0003,-0,-0.0012,5e-05,-0.00033,-0.00043,1e-05,0.0001,6e-05,-0.00292,-0.00056,0.00048,-0.00108,0.00014,0.00024,1e-05,-0.00993,-0.00021,0.00067,-0.00398,1e-05,-6e-05,4e-05,-0.00706,-0.00038,0.00164,-0.02277,0.00089,-0.00599,-0.00253
25.94,0.00393,0.00151,-9e-05,4e-05,-0.00032,-0,-0.00089,7e-05,-0.00038,-0.00049,2e-05,0.0001,7e-05,-0.00251,-0.00049,0.00042,-0.00113,0.00012,0.00024,1e-05,-0.00816,-0.00024,0.00057,-0.00333,1e-05,-6e-05,0.0001,-0.00598,-0.00038,0.00172,-0.01755,0.00093,-0.00511,-0.00238
25.96,0.00268,0.00151,-9e-05,1e-05,-0.00031,-1e-05,-0.00045,8e-05,-0.00042,-0.00048,4e-05,0.0001,8e-05,-0.00202,-0.00041,0.00037,-0.00114,9e-05,0.00023,1e-05,-0.00653,-0.00028,0.00046,-0.00262,1e-05,-5e-05,0.00015,-0.00493,-0.00036,0.00179,-0.0125,0.00096,-0.00423,-0.00224
25.98,0.00168,0.00153,-9e-05,-3e-05,-0.00026,-1e-05,0.00012,9e-05,-0.00045,-0.00038,5e-05,0.0001,9e-05,-0.00144,-0.00032,0.00031,-0.0011,7e-05,0.00022,0,-0.00507,-0.00033,0.00037,-0.00186,0,-5e-05,0.00019,-0.00391,-0.00032,0.00184,-0.00771,0.00097,-0.00336,-0.0021
26,0.00099,0.00155,-8e-05,-8e-05,-0.00019,-1e-05,0.00083,9e-05,-0.00046,-0.00018,6e-05,0.0001,9e-05,-0.00083,-0.00025,0.00026,-0.00101,5e-05,0.0002,0,-0.0038,-0.00038,0.00028,-0.0011,0,-4e-05,0.00022,-0.00298,-0.00027,0.00185,-0.00335,0.00098,-0.00249,-0.00191
26.02,0.00067,0.00158,-7e-05,-0.00015,-0.00011,-2e-05,0.00169,9e-05,-0.00047,0.00013,7e-05,0.0001,9e-05,-0.00019,-0.0002,0.00023,-0.00086,2e-05,0.00018,-0,-0.00275,-0.00042,0.00019,-0.00042,0,-2e-05,0.00025,-0.0022,-0.00022,0.00178,0.00033,0.00099,-0.00167,-0.00168
26.04,0.00073,0.00161,-7e-05,-0.00025,-2e-05,-2e-05,0.00271,7e-05,-0.00047,0.00057,7e-05,0.0001,9e-05,0.00046,-0.00015,0.00019,-0.00066,0,0.00015,-0,-0.0019,-0.00044,0.00011,0.00011,0,-1e-05,0.00026,-0.00159,-0.00019,0.00167,0.00311,0.001,-0.00096,-0.00145
26.06,0.00119,0.00163,-6e-05,-0.00038,7e-05,-2e-05,0.0038,6e-05,-0.00046,0.00115,8e-05,9e-05,9e-05,0.00108,-0.0001,0.00016,-0.00041,-1e-05,0.00013,-0,-0.00124,-0.00047,5e-05,0.00046,-0,-0,0.00027,-0.00115,-0.00017,0.00154,0.00495,0.00103,-0.00038,-0.00126
26.08,0.00203,0.00165,-6e-05,-0.00053,0.00016,-3e-05,0.00491,4e-05,-0.00044,0.00183,8e-05,8e-05,9e-05,0.00162,-5e-05,0.00013,-0.00011,-2e-05,0.00011,-1e-05,-0.00073,-0.00049,0,0.00062,-0,0,0.00027,-0.00087,-0.00017,0.0014,0.00591,0.00105,8e-05,-0.0011
26.1,0.00315,0.00166,-6e-05,-0.0007,0.00024,-3e-05,0.00605,4e-05,-0.00041,0.00263,8e-05,7e-05,9e-05,0.00207,-1e-05,0.00011,0.0002,-3e-05,8e-05,-1e-05,-0.00033,-0.00051,-3e-05,0.00064,0,1e-05,0.00026,-0.0007,-0.00021,0.00124,0.00616,0.00109,0.00044,-0.00096
26.12,0.00442,0.00167,-5e-05,-0.0009,0.0003,-3e-05,0.0073,6e-05,-0.00039,0.00354,9e-05,5e-05,8e-05,0.00247,-0,0.0001,0.00052,-4e-05,6e-05,-1e-05,1e-05,-0.00055,-5e-05,0.00056,0,1e-05,0.00024,-0.00058,-0.00029,0.00107,0.00592,0.00112,0.00073,-0.00083
26.14,0.00572,0.0017,-3e-05,-0.00111,0.00034,-3e-05,0.00852,0.00012,-0.00037,0.00451,9e-05,4e-05,8e-05,0.00276,1e-05,9e-05,0.00082,-4e-05,4e-05,-1e-05,0.00031,-0.00059,-7e-05,0.00044,0,0,0.00021,-0.00048,-0.0004,0.00091,0.00535,0.00116,0.00094,-0.00071
26.16,0.00694,0.00173,-1e-05,-0.0013,0.00035,-2e-05,0.0095,0.00022,-0.00036,0.00546,0.0001,2e-05,8e-05,0.00291,2e-05,9e-05,0.00107,-5e-05,3e-05,-1e-05,0.00061,-0.00063,-8e-05,0.00034,0,-0,0.00016,-0.00035,-0.00055,0.00074,0.00461,0.00119,0.00109,-0.00061
26.18,0.00799,0.00175,0,-0.00147,0.00033,-2e-05,0.01024,0.00036,-0.00036,0.00633,0.0001,-0,9e-05,0.00294,2e-05,8e-05,0.00128,-5e-05,1e-05,-1e-05,0.00089,-0.00067,-7e-05,0.00029,-0,-1e-05,0.00011,-0.00018,-0.00073,0.00058,0.00383,0.00122,0.00121,-0.00051
26.2,0.0088,0.00176,-0,-0.00159,0.00031,-2e-05,0.01073,0.00053,-0.00037,0.00706,0.00011,-2e-05,9e-05,0.00288,2e-05,8e-05,0.00143,-5e-05,0,-1e-05,0.00112,-0.0007,-7e-05,0.00032,-0,-1e-05,5e-05,1e-05,-0.00091,0.00044,0.00308,0.00123,0.00128,-0.00042
26.22,0.00934,0.00172,-3e-05,-0.00165,0.0003,-2e-05,0.01096,0.00072,-0.0004,0.00759,0.00012,-3e-05,9e-05,0.00274,2e-05,7e-05,0.00152,-5e-05,-1e-05,-1e-05,0.00129,-0.0007,-6e-05,0.00045,-0,-2e-05,-0,0.00022,-0.00106,0.00031,0.00245,0.00123,0.00131,-0.00033
26.24,0.00954,0.00163,-6e-05,-0.00167,0.00029,-1e-05,0.01092,0.0009,-0.00043,0.00782,0.00013,-4e-05,9e-05,0.00256,2e-05,7e-05,0.00156,-4e-05,-1e-05,-0,0.00135,-0.00068,-5e-05,0.00069,-0,-3e-05,-6e-05,0.0004,-0.00117,0.00021,0.00195,0.00122,0.0013,-0.00025
26.26,0.00939,0.00149,-9e-05,-0.00164,0.00027,-1e-05,0.01061,0.00106,-0.00045,0.00773,0.00014,-4e-05,9e-05,0.00236,2e-05,7e-05,0.00154,-4e-05,-1e-05,-0,0.00132,-0.00065,-6e-05,0.00102,-0,-3e-05,-0.00011,0.00054,-0.00123,0.00013,0.00163,0.00119,0.00126,-0.00018
26.28,0.00893,0.0013,-0.00012,-0.00158,0.00022,-1e-05,0.01006,0.00118,-0.00045,0.00733,0.00016,-3e-05,8e-05,0.00214,2e-05,6e-05,0.00148,-3e-05,0,-0,0.0012,-0.00061,-7e-05,0.0014,-0,-4e-05,-0.00016,0.00064,-0.00123,7e-05,0.00147,0.00114,0.00121,-0.00013
26.3,0.00817,0.00108,-0.00012,-0.00148,0.00018,-0,0.0094,0.00126,-0.00043,0.00662,0.00017,-1e-05,8e-05,0.00191,2e-05,6e-05,0.00139,-3e-05,1e-05,-0,0.00104,-0.00056,-0.0001,0.00178,-1e-05,-4e-05,-0.0002,0.00067,-0.00117,3e-05,0.00147,0.00109,0.00113,-8e-05
26.32,0.00717,0.00086,-0.0001,-0.00134,0.00015,-0,0.00875,0.0013,-0.00039,0.00563,0.00019,0,7e-05,0.00167,2e-05,6e-05,0.00129,-2e-05,2e-05,-0,0.0009,-0.00051,-0.00014,0.00209,-1e-05,-4e-05,-0.00024,0.00062,-0.00106,1e-05,0.00164,0.00103,0.00105,-5e-05
26.34,0.006,0.00064,-7e-05,-0.00118,0.00011,-0,0.00813,0.00129,-0.00033,0.00448,0.00021,2e-05,5e-05,0.00143,2e-05,5e-05,0.00119,-2e-05,3e-05,-0,0.00083,-0.00046,-0.0002,0.00225,-1e-05,-4e-05,-0.00027,0.00051,-0.00093,0,0.00195,0.00098,0.00097,-2e-05
26.36,0.00472,0.00042,-3e-05,-0.00101,8e-05,0,0.00754,0.0012,-0.00026,0.00332,0.00021,3e-05,4e-05,0.0012,2e-05,5e-05,0.00108,-1e-05,3e-05,-0,0.00088,-0.00039,-0.00026,0.00222,-1e-05,-4e-05,-0.00029,0.00031,-0.00079,0,0.0024,0.00092,0.00089,-0
26.38,0.00343,0.00023,0,-0.00083,5e-05,0,0.00703,0.00106,-0.00019,0.00225,0.00021,5e-05,2e-05,0.00097,2e-05,5e-05,0.00099,-1e-05,4e-05,-0,0.00106,-0.00031,-0.00032,0.00196,-1e-05,-4e-05,-0.0003,6e-05,-0.00065,1e-05,0.00299,0.00086,0.00082,1e-05
26.4,0.00221,5e-05,1e-05,-0.00065,3e-05,0,0.00655,0.00087,-0.00014,0.00135,0.00019,6e-05,1e-05,0.00073,1e-05,6e-05,0.0009,-1e-05,4e-05,-0,0.0014,-0.00021,-0.00039,0.00144,-1e-05,-3e-05,-0.0003,-0.00026,-0.00052,2e-05,0.00369,0.0008,0.00074,1e-05
26.42,0.00113,-0.00011,-2e-05,-0.00047,1e-05,0,0.00604,0.00066,-9e-05,0.00067,0.00016,8e-05,0,0.00046,1e-05,6e-05,0.00084,-1e-05,4e-05,-0,0.00189,-0.0001,-0.00044,0.00068,-1e-05,-3e-05,-0.0003,-0.00062,-0.0004,4e-05,0.0045,0.00075,0.00068,1e-05
26.44,0.00016,-0.00027,-8e-05,-0.00029,-1e-05,0,0.00544,0.00045,-5e-05,0.00021,0.00011,8e-05,-0,0.0002,-0,6e-05,0.00078,-1e-05,3e-05,-0,0.00253,2e-05,-0.00049,-0.00033,-0,-3e-05,-0.0003,-0.001,-0.0003,6e-05,0.0054,0.0007,0.00061,1e-05
26.46,-0.00074,-0.00042,-0.00015,-0.00011,-2e-05,0,0.00475,0.00026,-2e-05,-2e-05,6e-05,8e-05,-0,-5e-05,-1e-05,6e-05,0.00073,-1e-05,3e-05,-0,0.00328,0.00016,-0.00053,-0.00154,-0,-2e-05,-0.00028,-0.00139,-0.00022,9e-05,0.00638,0.00064,0.00055,1e-05
26.48,-0.00154,-0.00057,-0.00025,5e-05,-2e-05,0,0.00397,0.0001,-0,-8e-05,0,7e-05,1e-05,-0.00031,-2e-05,6e-05,0.0007,-2e-05,2e-05,-0,0.00411,0.00032,-0.00057,-0.00291,-0,-1e-05,-0.00026,-0.00177,-0.00016,0.00013,0.00742,0.00059,0.00049,0
26.5,-0.00232,-0.00072,-0.00033,0.00021,-2e-05,0,0.00307,1e-05,0,-0,-4e-05,6e-05,2e-05,-0.00056,-2e-05,5e-05,0.00066,-2e-05,1e-05,-0,0.00494,0.00049,-0.00059,-0.00434,-0,-1e-05,-0.00024,-0.00212,-0.00013,0.00017,0.00846,0.00053,0.00044,-1e-05
26.52,-0.00321,-0.00089,-0.00038,0.00035,-2e-05,0,0.0021,-1e-05,-0,0.00014,-5e-05,4e-05,3e-05,-0.00076,-3e-05,4e-05,0.00063,-3e-05,-0,-0,0.0057,0.00066,-0.0006,-0.00572,-0,-0,-0.0002,-0.00242,-0.00012,0.00019,0.00943,0.00048,0.00038,-2e-05
26.54,-0.00419,-0.00108,-0.0004,0.00046,-1e-05,0,0.00118,0,-1e-05,0.00028,-1e-05,3e-05,4e-05,-0.00091,-2e-05,2e-05,0.00059,-4e-05,-2e-05,-0,0.00632,0.00082,-0.00061,-0.00697,0,0,-0.00017,-0.00266,-0.00012,0.0002,0.0103,0.00042,0.00033,-3e-05
26.56,-0.0052,-0.00129,-0.00039,0.00056,1e-05,0,0.00034,3e-05,-3e-05,0.00039,6e-05,1e-05,6e-05,-0.00101,-1e-05,0,0.00056,-4e-05,-3e-05,-0,0.00678,0.00098,-0.00062,-0.00803,0,1e-05,-0.00012,-0.00282,-0.00014,0.00021,0.01107,0.00038,0.00029,-4e-05
26.58,-0.00621,-0.00152,-0.00035,0.00064,3e-05,0,-0.00043,7e-05,-7e-05,0.00045,0.00015,-1e-05,6e-05,-0.00105,1e-05,-2e-05,0.00051,-5e-05,-3e-05,-1e-05,0.00705,0.00113,-0.00064,-0.00886,0,1e-05,-7e-05,-0.00291,-0.00018,0.00022,0.01171,0.00034,0.00025,-6e-05
26.6,-0.00726,-0.00179,-0.00029,0.0007,5e-05,0,-0.00116,0.0001,-9e-05,0.00041,0.00026,-2e-05,7e-05,-0.00103,4e-05,-5e-05,0.00047,-5e-05,-4e-05,-1e-05,0.00714,0.00127,-0.00066,-0.00945,0,2e-05,-2e-05,-0.00293,-0.00024,0.00021,0.01222,0.00032,0.00023,-8e-05
26.62,-0.00835,-0.0021,-0.00022,0.00075,8e-05,1e-05,-0.00188,9e-05,-7e-05,0.00022,0.00038,-3e-05,6e-05,-0.00098,7e-05,-8e-05,0.00043,-6e-05,-5e-05,-1e-05,0.00705,0.0014,-0.00068,-0.00979,1e-05,3e-05,4e-05,-0.00291,-0.00032,0.00015,0.01259,0.00033,0.00022,-9e-05
26.64,-0.0094,-0.00245,-0.00016,0.00079,0.0001,1e-05,-0.00266,4e-05,-1e-05,-9e-05,0.00049,-4e-05,6e-05,-0.00089,0.0001,-0.00012,0.0004,-6e-05,-6e-05,-1e-05,0.00682,0.00151,-0.0007,-0.0099,1e-05,4e-05,9e-05,-0.00286,-0.00041,6e-05,0.01281,0.00037,0.00025,-0.00011
26.66,-0.0103,-0.00283,-0.0001,0.00081,0.00013,1e-05,-0.00352,-3e-05,7e-05,-0.00047,0.00056,-4e-05,4e-05,-0.00077,0.00013,-0.00014,0.00038,-6e-05,-6e-05,-1e-05,0.00646,0.00161,-0.00073,-0.00978,1e-05,4e-05,0.00015,-0.00277,-0.00054,-4e-05,0.01288,0.00043,0.00029,-0.00012
26.68,-0.01102,-0.00322,-6e-05,0.00082,0.00015,1e-05,-0.00447,-0.00013,0.00016,-0.00091,0.0006,-5e-05,2e-05,-0.00063,0.00016,-0.00017,0.00038,-6e-05,-7e-05,-1e-05,0.006,0.00169,-0.00076,-0.00947,1e-05,5e-05,0.00019,-0.00264,-0.00071,-0.00015,0.01281,0.00052,0.00036,-0.00013
26.7,-0.01154,-0.0036,-3e-05,0.00082,0.00016,1e-05,-0.00549,-0.00026,0.00027,-0.0014,0.0006,-4e-05,0,-0.00049,0.00018,-0.00019,0.00038,-6e-05,-7e-05,-1e-05,0.00549,0.00174,-0.00078,-0.009,1e-05,6e-05,0.00023,-0.00245,-0.00093,-0.0003,0.01259,0.00062,0.00043,-0.00014
26.72,-0.01181,-0.00397,-1e-05,0.00082,0.00017,1e-05,-0.00651,-0.0004,0.00037,-0.00191,0.00056,-4e-05,-2e-05,-0.00036,0.0002,-0.00021,0.00039,-6e-05,-7e-05,-1e-05,0.00495,0.00176,-0.00079,-0.0084,1e-05,7e-05,0.00024,-0.00217,-0.00122,-0.00053,0.01224,0.00071,0.00051,-0.00014
26.74,-0.01188,-0.00426,-0,0.00082,0.00018,1e-05,-0.00746,-0.00054,0.00045,-0.00241,0.0005,-3e-05,-3e-05,-0.00024,0.00021,-0.00023,0.00039,-6e-05,-7e-05,-1e-05,0.00442,0.00173,-0.00079,-0.00769,1e-05,7e-05,0.00024,-0.00179,-0.00158,-0.00082,0.01176,0.00079,0.00058,-0.00013
26.76,-0.01176,-0.00445,-0,0.00083,0.00018,2e-05,-0.00825,-0.00069,0.00051,-0.00288,0.00042,-2e-05,-4e-05,-0.00014,0.00021,-0.00024,0.0004,-6e-05,-7e-05,-1e-05,0.00389,0.00166,-0.00079,-0.00688,1e-05,7e-05,0.00021,-0.00128,-0.00203,-0.00112,0.01116,0.00084,0.00063,-0.00012
26.78,-0.01146,-0.00453,-0,0.00085,0.00017,2e-05,-0.00885,-0.00082,0.00053,-0.00329,0.00034,-1e-05,-5e-05,-6e-05,0.00022,-0.00026,0.0004,-5e-05,-6e-05,-1e-05,0.00336,0.00153,-0.00078,-0.00597,1e-05,7e-05,0.00015,-0.00065,-0.00254,-0.00144,0.01045,0.00086,0.00065,-9e-05
26.8,-0.01097,-0.00447,0,0.00087,0.00016,2e-05,-0.00923,-0.00093,0.00052,-0.00362,0.00025,0,-5e-05,-1e-05,0.00021,-0.00027,0.00039,-5e-05,-6e-05,-1e-05,0.00282,0.00136,-0.00078,-0.00494,1e-05,7e-05,6e-05,0.0001,-0.00311,-0.00181,0.00967,0.00085,0.00066,-6e-05
26.82,-0.01031,-0.00426,0,0.0009,0.00014,2e-05,-0.00941,-0.00098,0.0005,-0.00382,0.00016,0,-5e-05,1e-05,0.0002,-0.00027,0.00037,-4e-05,-5e-05,-1e-05,0.00224,0.00115,-0.00079,-0.00378,1e-05,6e-05,-4e-05,0.00093,-0.00369,-0.00227,0.00887,0.00081,0.00064,-2e-05
26.84,-0.0095,-0.00394,0,0.00095,0.00013,2e-05,-0.00944,-0.00099,0.00045,-0.00389,9e-05,-0,-4e-05,1e-05,0.00019,-0.00027,0.00036,-4e-05,-4e-05,-0,0.00162,0.00093,-0.0008,-0.00249,1e-05,6e-05,-0.00017,0.00184,-0.00424,-0.00279,0.00805,0.00073,0.00061,3e-05
26.86,-0.00855,-0.00353,0,0.00101,0.00011,2e-05,-0.00931,-0.00097,0.00039,-0.00382,4e-05,-0,-3e-05,-2e-05,0.00019,-0.00028,0.00034,-3e-05,-4e-05,-0,0.00094,0.00069,-0.00082,-0.00109,1e-05,5e-05,-0.0003,0.00281,-0.00478,-0.00333,0.00721,0.00063,0.00056,9e-05
26.88,-0.00748,-0.00306,-0,0.00108,0.0001,2e-05,-0.00906,-0.00092,0.0003,-0.0036,1e-05,-0,-1e-05,-7e-05,0.00018,-0.00028,0.00033,-3e-05,-3e-05,-0,0.00021,0.00046,-0.00084,0.00039,1e-05,4e-05,-0.00044,0.00383,-0.00528,-0.00388,0.00636,0.00051,0.00051,0.00017
26.9,-0.0063,-0.00253,-1e-05,0.00117,0.0001,3e-05,-0.00877,-0.00084,0.00022,-0.0032,-1e-05,-0,1e-05,-0.00015,0.00019,-0.00028,0.00032,-2e-05,-3e-05,-0,-0.00054,0.00023,-0.00086,0.00186,1e-05,3e-05,-0.00056,0.0049,-0.00574,-0.00449,0.00552,0.00039,0.00047,0.00025
26.92,-0.00504,-0.00196,-2e-05,0.00126,0.0001,3e-05,-0.00848,-0.00075,0.00014,-0.0026,-1e-05,-0,2e-05,-0.00025,0.00019,-0.00028,0.00032,-2e-05,-3e-05,-0,-0.00127,3e-05,-0.00088,0.00324,1e-05,2e-05,-0.00065,0.00599,-0.0061,-0.0052,0.00471,0.00028,0.00045,0.00036
26.94,-0.00377,-0.00141,-4e-05,0.00136,0.00012,3e-05,-0.00821,-0.00066,7e-05,-0.00183,-1e-05,-0,4e-05,-0.00036,0.00021,-0.00028,0.00033,-2e-05,-3e-05,-0,-0.00196,-0.00015,-0.00089,0.00446,0,1e-05,-0.0007,0.0071,-0.0064,-0.00596,0.00391,0.0002,0.00047,0.00048
26.96,-0.0025,-0.00088,-6e-05,0.00145,0.00016,3e-05,-0.00795,-0.00056,0,-0.00088,-1e-05,0,6e-05,-0.0005,0.00024,-0.00029,0.00035,-2e-05,-3e-05,-0,-0.00258,-0.00029,-0.00088,0.00547,0,0,-0.0007,0.00823,-0.00666,-0.00672,0.00312,0.00014,0.00051,0.0006
26.98,-0.00125,-0.0004,-8e-05,0.00153,0.00021,3e-05,-0.0077,-0.00048,-5e-05,0.00023,-0,1e-05,8e-05,-0.00063,0.00029,-0.00029,0.00039,-2e-05,-3e-05,-0,-0.00312,-0.00041,-0.00084,0.00626,0,-0,-0.00066,0.00938,-0.00688,-0.00748,0.00235,0.00011,0.0006,0.00073
27,-1e-05,2e-05,-0.0001,0.00158,0.00027,3e-05,-0.0074,-0.0004,-9e-05,0.00149,1e-05,2e-05,0.0001,-0.00076,0.00035,-0.0003,0.00043,-2e-05,-4e-05,-0,-0.0036,-0.0005,-0.00079,0.00684,0,-1e-05,-0.0006,0.01052,-0.00704,-0.00822,0.00161,0.00011,0.00071,0.00085
27.02,0.00117,0.00034,-0.0001,0.00156,0.00034,3e-05,-0.00699,-0.00033,-0.00013,0.00283,3e-05,2e-05,0.00012,-0.00085,0.00043,-0.00032,0.00048,-2e-05,-4e-05,-0,-0.004,-0.00056,-0.00071,0.00721,-0,-1e-05,-0.00052,0.01158,-0.00712,-0.00891,0.00092,0.00014,0.00083,0.00094
27.04,0.0023,0.00057,-9e-05,0.00149,0.00041,3e-05,-0.00644,-0.00028,-0.00015,0.00421,6e-05,3e-05,0.00014,-0.00089,0.00051,-0.00033,0.00052,-2e-05,-5e-05,-0,-0.00433,-0.0006,-0.0006,0.00741,-0,-2e-05,-0.00043,0.01256,-0.00714,-0.00951,0.00027,0.00018,0.00094,0.001
27.06,0.00338,0.00072,-8e-05,0.00137,0.00044,3e-05,-0.00573,-0.00023,-0.00017,0.00557,0.00011,5e-05,0.00016,-0.00088,0.0006,-0.00035,0.00056,-3e-05,-5e-05,-0,-0.00462,-0.00063,-0.00047,0.00748,-0,-2e-05,-0.00035,0.01346,-0.00711,-0.00995,-0.00034,0.00024,0.00103,0.00102
27.08,0.00441,0.00078,-5e-05,0.0012,0.00043,3e-05,-0.00482,-0.00018,-0.00019,0.00684,0.00018,6e-05,0.00019,-0.00079,0.00068,-0.00037,0.00058,-3e-05,-5e-05,-0,-0.00486,-0.00066,-0.00033,0.00746,-0,-2e-05,-0.00028,0.01425,-0.00703,-0.01023,-0.00092,0.0003,0.00109,0.00098
27.1,0.00541,0.00081,-2e-05,0.00101,0.00042,3e-05,-0.0037,-0.00013,-0.00022,0.00793,0.00026,7e-05,0.00021,-0.00063,0.00074,-0.00039,0.00059,-4e-05,-6e-05,-1e-05,-0.00508,-0.00069,-0.00017,0.00743,-0,-2e-05,-0.00022,0.01488,-0.0069,-0.01025,-0.00148,0.00037,0.0011,0.00088
27.12,0.00638,0.00082,1e-05,0.0008,0.0004,3e-05,-0.00238,-7e-05,-0.00025,0.00874,0.00037,9e-05,0.00023,-0.00041,0.00082,-0.00041,0.00058,-4e-05,-6e-05,-1e-05,-0.0053,-0.00071,-0,0.00743,-0,-2e-05,-0.00017,0.01529,-0.00671,-0.00992,-0.00204,0.00043,0.00104,0.0007
27.14,0.00729,0.00085,4e-05,0.00058,0.00038,2e-05,-0.00094,-0,-0.00028,0.0092,0.00049,0.00011,0.00023,-0.00012,0.00087,-0.00044,0.00054,-4e-05,-6e-05,-1e-05,-0.00552,-0.00075,0.00014,0.00751,-0,-1e-05,-0.00012,0.01546,-0.00648,-0.00929,-0.0026,0.00048,0.00091,0.00046
27.16,0.00816,0.00093,5e-05,0.00038,0.00036,2e-05,0.00055,7e-05,-0.00032,0.0093,0.00059,0.00013,0.00023,0.0002,0.00089,-0.00046,0.00049,-4e-05,-6e-05,-1e-05,-0.00576,-0.00081,0.00027,0.00772,-0,-1e-05,-9e-05,0.01544,-0.00621,-0.00839,-0.00315,0.00053,0.00071,0.00016
27.18,0.00897,0.00108,6e-05,0.00019,0.00034,2e-05,0.00197,0.00014,-0.00036,0.00909,0.00067,0.00015,0.00022,0.00055,0.00088,-0.00047,0.00042,-4e-05,-5e-05,-1e-05,-0.00602,-0.00089,0.00037,0.00806,-0,-1e-05,-6e-05,0.01523,-0.0059,-0.00728,-0.00367,0.00055,0.00046,-0.00017
27.2,0.00971,0.00131,5e-05,3e-05,0.00031,2e-05,0.00323,0.00021,-0.00039,0.00857,0.00072,0.00016,0.0002,0.00088,0.00082,-0.00048,0.00033,-4e-05,-5e-05,-1e-05,-0.0063,-0.00096,0.00045,0.00853,-0,-2e-05,-3e-05,0.01485,-0.00555,-0.00593,-0.00413,0.00056,0.0002,-0.00051
27.22,0.01039,0.00163,4e-05,-0.0001,0.00029,1e-05,0.00439,0.00027,-0.00042,0.00776,0.00075,0.00017,0.00017,0.00121,0.00073,-0.00048,0.00024,-3e-05,-5e-05,-1e-05,-0.00661,-0.00103,0.00048,0.00911,-0,-2e-05,0,0.01434,-0.00516,-0.00443,-0.00448,0.00054,-5e-05,-0.00083
27.24,0.01093,0.00203,3e-05,-0.00021,0.00027,1e-05,0.0054,0.00032,-0.00044,0.00674,0.00073,0.00017,0.00014,0.00151,0.00062,-0.00048,0.00015,-3e-05,-5e-05,-0,-0.00693,-0.00108,0.00048,0.00978,-0,-3e-05,3e-05,0.01373,-0.00472,-0.00297,-0.00469,0.0005,-0.00027,-0.0011
27.26,0.01133,0.00249,2e-05,-0.00031,0.00019,1e-05,0.00615,0.00036,-0.00043,0.00565,0.00067,0.00015,0.00011,0.00174,0.00049,-0.00047,6e-05,-2e-05,-5e-05,-0,-0.00725,-0.00112,0.00045,0.0105,-0,-3e-05,7e-05,0.01306,-0.00426,-0.00166,-0.00475,0.00045,-0.00043,-0.0013
27.28,0.01157,0.00299,1e-05,-0.0004,0.00011,1e-05,0.00664,0.00037,-0.00041,0.00456,0.0006,0.00013,8e-05,0.00191,0.00036,-0.00046,-2e-05,-1e-05,-5e-05,-0,-0.00757,-0.00115,0.00038,0.01125,-1e-05,-4e-05,0.00011,0.01231,-0.00377,-0.00049,-0.00469,0.00038,-0.00053,-0.00142
27.3,0.01169,0.00348,-1e-05,-0.00048,5e-05,1e-05,0.00699,0.00037,-0.00038,0.00348,0.00049,0.00011,5e-05,0.00201,0.00021,-0.00044,-0.0001,-0,-5e-05,0,-0.00787,-0.00117,0.00028,0.01197,-1e-05,-5e-05,0.00016,0.01148,-0.00327,0.00052,-0.00455,0.00031,-0.00057,-0.00147
27.32,0.01171,0.00391,-2e-05,-0.00056,0,1e-05,0.00731,0.00037,-0.00036,0.00243,0.00036,8e-05,3e-05,0.00207,7e-05,-0.00041,-0.00016,1e-05,-4e-05,0,-0.00813,-0.0012,0.00017,0.01262,-1e-05,-5e-05,0.00022,0.01053,-0.0028,0.00136,-0.00439,0.00024,-0.00054,-0.00144
27.34,0.01159,0.00423,-3e-05,-0.00063,-4e-05,0,0.00746,0.00035,-0.00034,0.0015,0.00024,5e-05,2e-05,0.00208,-6e-05,-0.00039,-0.00022,2e-05,-4e-05,0,-0.00836,-0.00125,4e-05,0.01316,-1e-05,-6e-05,0.00029,0.00947,-0.00235,0.00202,-0.00427,0.00019,-0.00048,-0.00134
27.36,0.01135,0.00444,-3e-05,-0.00068,-7e-05,0,0.00733,0.0003,-0.00031,0.00074,0.00014,3e-05,1e-05,0.00204,-0.00017,-0.00036,-0.00026,2e-05,-4e-05,0,-0.00853,-0.00131,-0.0001,0.01355,-1e-05,-6e-05,0.00037,0.00831,-0.00192,0.00255,-0.00422,0.00016,-0.00037,-0.00121
27.38,0.01098,0.00453,-3e-05,-0.00073,-9e-05,0,0.00699,0.00024,-0.00028,0.00016,6e-05,0,0,0.00197,-0.00027,-0.00034,-0.0003,3e-05,-3e-05,0,-0.00866,-0.00138,-0.00024,0.01381,-1e-05,-6e-05,0.00044,0.00708,-0.00152,0.00294,-0.00424,0.00015,-0.00025,-0.00105
27.4,0.01051,0.0045,-2e-05,-0.00076,-0.0001,0,0.00645,0.00018,-0.00024,-0.00025,-0,-1e-05,-0,0.00187,-0.00034,-0.00032,-0.00033,4e-05,-3e-05,0,-0.00873,-0.00145,-0.00038,0.01392,-1e-05,-6e-05,0.00051,0.00585,-0.00115,0.0032,-0.00431,0.00016,-0.00012,-0.00087
27.42,0.00997,0.00435,-1e-05,-0.00078,-0.00011,0,0.00575,0.00012,-0.0002,-0.0005,-4e-05,-3e-05,0,0.00174,-0.00038,-0.00029,-0.00035,4e-05,-2e-05,1e-05,-0.00876,-0.00152,-0.0005,0.01389,-1e-05,-6e-05,0.00055,0.00472,-0.00083,0.00334,-0.00438,0.00018,1e-05,-0.0007
27.44,0.00936,0.00413,2e-05,-0.00078,-0.00012,-0,0.00492,7e-05,-0.00014,-0.00061,-5e-05,-4e-05,0,0.00159,-0.0004,-0.00027,-0.00037,4e-05,-2e-05,1e-05,-0.00873,-0.00157,-0.0006,0.01374,-1e-05,-5e-05,0.00057,0.00373,-0.00056,0.00334,-0.00442,0.0002,0.00012,-0.00054
27.46,0.0087,0.00385,4e-05,-0.00077,-0.00011,-0,0.00402,3e-05,-9e-05,-0.0006,-5e-05,-5e-05,1e-05,0.00143,-0.0004,-0.00025,-0.00038,4e-05,-2e-05,0,-0.00866,-0.00157,-0.00068,0.01347,-1e-05,-5e-05,0.00055,0.00294,-0.00034,0.00321,-0.00441,0.00023,0.00021,-0.0004
27.48,0.00801,0.00355,7e-05,-0.00075,-0.0001,-0,0.0031,1e-05,-3e-05,-0.00051,-3e-05,-6e-05,2e-05,0.00126,-0.00037,-0.00023,-0.00039,4e-05,-1e-05,0,-0.00854,-0.00152,-0.00072,0.01309,-1e-05,-4e-05,0.0005,0.00237,-0.00017,0.00297,-0.00432,0.00026,0.00028,-0.00028
27.5,0.00733,0.00325,0.00011,-0.00072,-9e-05,-0,0.00218,-0,1e-05,-0.0004,0,-6e-05,2e-05,0.00108,-0.00032,-0.0002,-0.00039,4e-05,-1e-05,0,-0.00837,-0.00142,-0.00073,0.0126,-1e-05,-4e-05,0.00043,0.00204,-6e-05,0.00262,-0.00416,0.00028,0.00033,-0.00018
27.52,0.00672,0.00295,0.00016,-0.00068,-7e-05,-0,0.00131,0,4e-05,-0.00034,6e-05,-7e-05,3e-05,0.00089,-0.00026,-0.00018,-0.0004,3e-05,-2e-05,0,-0.00815,-0.00126,-0.0007,0.01202,-1e-05,-3e-05,0.00035,0.00195,0,0.00218,-0.00392,0.00031,0.00036,-0.0001
27.54,0.00617,0.00268,0.00021,-0.00063,-4e-05,-0,0.00053,1e-05,6e-05,-0.00035,0.00013,-7e-05,3e-05,0.00071,-0.00018,-0.00016,-0.0004,2e-05,-2e-05,0,-0.00789,-0.00105,-0.00064,0.01133,-1e-05,-3e-05,0.00026,0.0021,1e-05,0.00166,-0.00363,0.00034,0.00038,-4e-05
27.56,0.00565,0.00241,0.00027,-0.00058,-1e-05,-0,-0.00016,3e-05,5e-05,-0.00038,0.0002,-7e-05,3e-05,0.00054,-9e-05,-0.00014,-0.00039,2e-05,-2e-05,0,-0.00757,-0.0008,-0.00055,0.01057,-1e-05,-2e-05,0.00017,0.00244,-4e-05,0.00108,-0.0033,0.00036,0.0004,1e-05
27.58,0.00517,0.00215,0.00034,-0.00053,1e-05,-0,-0.00078,5e-05,2e-05,-0.00046,0.00025,-6e-05,3e-05,0.00038,0,-0.00012,-0.00039,1e-05,-3e-05,0,-0.00722,-0.00051,-0.00043,0.00973,-0,-2e-05,9e-05,0.00296,-0.00013,0.00048,-0.00297,0.00038,0.00041,4e-05
27.6,0.00474,0.0019,0.0004,-0.00048,4e-05,-0,-0.00136,8e-05,-2e-05,-0.00061,0.00031,-5e-05,3e-05,0.00022,0.0001,-0.0001,-0.00037,0,-3e-05,0,-0.00684,-0.00023,-0.00028,0.00884,-0,-1e-05,2e-05,0.00357,-0.00026,-0.0001,-0.00268,0.0004,0.00041,6e-05
27.62,0.00439,0.00167,0.00047,-0.00042,6e-05,-0,-0.00192,0.00011,-6e-05,-0.00088,0.00035,-4e-05,2e-05,7e-05,0.0002,-9e-05,-0.00036,-0,-3e-05,-0,-0.00645,2e-05,-0.00011,0.00795,-0,-1e-05,-5e-05,0.00421,-0.00044,-0.00062,-0.00248,0.00042,0.00042,6e-05
27.64,0.00408,0.00143,0.00053,-0.00036,8e-05,-0,-0.00247,0.00015,-0.00011,-0.00122,0.00038,-2e-05,2e-05,-9e-05,0.00031,-7e-05,-0.00033,-1e-05,-4e-05,-0,-0.00604,0.00021,6e-05,0.00706,0,-0,-0.00011,0.00482,-0.00065,-0.00107,-0.00239,0.00043,0.00041,6e-05
27.66,0.00377,0.00115,0.00058,-0.0003,9e-05,-0,-0.00303,0.00018,-0.00014,-0.00156,0.00038,-1e-05,1e-05,-0.00026,0.00041,-6e-05,-0.0003,-1e-05,-4e-05,-0,-0.00565,0.00033,0.00024,0.00622,0,0,-0.00016,0.00535,-0.00089,-0.0014,-0.00243,0.00044,0.00041,6e-05
27.68,0.00346,0.00085,0.00063,-0.00023,0.0001,-0,-0.00361,0.00021,-0.00016,-0.00191,0.00036,1e-05,1e-05,-0.00043,0.0005,-4e-05,-0.00026,-2e-05,-4e-05,-0,-0.00527,0.00037,0.00042,0.00542,0,1e-05,-0.00021,0.00577,-0.00114,-0.00163,-0.00259,0.00044,0.0004,5e-05
27.7,0.00316,0.00051,0.00066,-0.00015,0.0001,-0,-0.00421,0.00023,-0.00017,-0.00227,0.00031,2e-05,0,-0.00062,0.00059,-3e-05,-0.00022,-2e-05,-4e-05,-0,-0.00489,0.00035,0.00057,0.0047,0,2e-05,-0.00025,0.00603,-0.00139,-0.00175,-0.00284,0.00044,0.00039,3e-05
27.72,0.00286,0.00016,0.00069,-6e-05,0.0001,-0,-0.00482,0.00025,-0.00016,-0.00263,0.00024,2e-05,-1e-05,-0.00083,0.00068,-2e-05,-0.00018,-3e-05,-3e-05,-0,-0.00453,0.00028,0.00071,0.00406,1e-05,2e-05,-0.0003,0.0061,-0.0016,-0.00178,-0.00312,0.00043,0.00038,2e-05
27.74,0.00256,-0.00021,0.0007,4e-05,9e-05,0,-0.00542,0.00026,-0.00014,-0.00297,0.00017,2e-05,-2e-05,-0.00105,0.00076,-1e-05,-0.00013,-3e-05,-3e-05,-0,-0.00418,0.00018,0.00081,0.00353,1e-05,3e-05,-0.00035,0.00597,-0.00174,-0.00172,-0.00339,0.00042,0.00037,1e-05
27.76,0.00223,-0.00058,0.0007,0.00014,9e-05,0,-0.00603,0.00026,-0.0001,-0.00329,0.00012,2e-05,-2e-05,-0.00129,0.00084,0,-9e-05,-3e-05,-3e-05,-0,-0.00384,9e-05,0.00087,0.00309,1e-05,4e-05,-0.00041,0.00563,-0.0018,-0.0016,-0.00359,0.00041,0.00036,0
27.78,0.00189,-0.00095,0.00068,0.00024,8e-05,0,-0.00666,0.00024,-7e-05,-0.00357,7e-05,2e-05,-2e-05,-0.00155,0.00091,1e-05,-5e-05,-3e-05,-3e-05,-1e-05,-0.00352,3e-05,0.00088,0.00273,1e-05,5e-05,-0.00045,0.00506,-0.00175,-0.00144,-0.00366,0.00041,0.00035,0
27.8,0.00155,-0.0013,0.00065,0.00034,7e-05,0,-0.00727,0.00021,-4e-05,-0.00383,4e-05,2e-05,-2e-05,-0.00179,0.00098,2e-05,-1e-05,-3e-05,-2e-05,-1e-05,-0.00322,5e-05,0.00083,0.00244,1e-05,5e-05,-0.00049,0.00428,-0.00156,-0.00126,-0.00354,0.00042,0.00036,1e-05
27.82,0.00122,-0.00164,0.00061,0.00042,7e-05,0,-0.00783,0.00017,-1e-05,-0.00405,1e-05,2e-05,-2e-05,-0.00201,0.00104,2e-05,3e-05,-3e-05,-2e-05,-1e-05,-0.00295,0.00018,0.00073,0.00218,2e-05,6e-05,-0.00052,0.0033,-0.00121,-0.00108,-0.0032,0.00045,0.00037,4e-05
27.84,0.00091,-0.00195,0.00055,0.00048,7e-05,0,-0.00837,0.00012,0,-0.00423,-0,2e-05,-1e-05,-0.00217,0.00109,1e-05,7e-05,-3e-05,-2e-05,-1e-05,-0.00271,0.00043,0.00057,0.00195,2e-05,6e-05,-0.00052,0.00213,-0.00069,-0.00093,-0.00259,0.0005,0.00041,7e-05
27.86,0.00062,-0.00224,0.00049,0.00051,7e-05,0,-0.0089,6e-05,0,-0.00434,-1e-05,2e-05,0,-0.0023,0.00114,-0,0.0001,-3e-05,-2e-05,-1e-05,-0.00251,0.00081,0.00035,0.00173,2e-05,7e-05,-0.00049,0.00081,-3e-05,-0.00081,-0.00173,0.00057,0.00046,0.00012
27.88,0.00037,-0.00252,0.00043,0.00053,6e-05,0,-0.0094,-1e-05,-1e-05,-0.00436,-2e-05,2e-05,3e-05,-0.00236,0.00117,-3e-05,0.00013,-3e-05,-2e-05,-1e-05,-0.00234,0.00128,7e-05,0.0015,2e-05,7e-05,-0.00045,-0.00062,0.00076,-0.00072,-0.00067,0.00065,0.00051,0.00018
27.9,0.00016,-0.00281,0.00037,0.00052,6e-05,0,-0.00984,-8e-05,-2e-05,-0.00423,-2e-05,1e-05,5e-05,-0.00236,0.0012,-7e-05,0.00015,-3e-05,-2e-05,-1e-05,-0.0022,0.00181,-0.00024,0.00128,1e-05,7e-05,-0.00039,-0.00207,0.00161,-0.00064,0.00049,0.00072,0.00057,0.00024
27.92,-0,-0.00314,0.00032,0.00049,6e-05,0,-0.01022,-0.00014,-3e-05,-0.00392,-2e-05,1e-05,8e-05,-0.00229,0.00121,-0.00011,0.00018,-3e-05,-2e-05,-1e-05,-0.00209,0.00235,-0.00056,0.00107,1e-05,6e-05,-0.00032,-0.00349,0.00251,-0.00057,0.00162,0.00078,0.00061,0.00031
27.94,-0.00011,-0.00349,0.00028,0.00044,5e-05,1e-05,-0.01048,-0.00019,-4e-05,-0.00338,-1e-05,0,0.00012,-0.00214,0.00121,-0.00016,0.00021,-3e-05,-2e-05,-1e-05,-0.00199,0.00286,-0.00086,0.00087,1e-05,6e-05,-0.00026,-0.00478,0.00337,-0.00047,0.0026,0.00081,0.00062,0.00037
27.96,-0.00016,-0.00384,0.00025,0.00038,5e-05,1e-05,-0.01058,-0.00024,-3e-05,-0.00254,-1e-05,-0,0.00015,-0.00191,0.00117,-0.00022,0.00024,-3e-05,-2e-05,-1e-05,-0.00192,0.00326,-0.00112,0.00071,1e-05,5e-05,-0.00021,-0.00587,0.00413,-0.00035,0.00334,0.00078,0.00061,0.00043
27.98,-0.00014,-0.00418,0.00021,0.00032,4e-05,1e-05,-0.01045,-0.00027,-0,-0.00138,-1e-05,-0,0.00019,-0.00161,0.00112,-0.00028,0.00027,-3e-05,-3e-05,-1e-05,-0.00186,0.00352,-0.00133,0.00059,1e-05,4e-05,-0.00017,-0.0067,0.00474,-0.00021,0.00379,0.00071,0.00055,0.00048
28,-8e-05,-0.0045,0.00018,0.00025,4e-05,1e-05,-0.01001,-0.00027,4e-05,0.00013,-1e-05,0,0.00021,-0.00126,0.00103,-0.00033,0.0003,-3e-05,-3e-05,-1e-05,-0.00181,0.00361,-0.00147,0.00052,1e-05,4e-05,-0.00013,-0.00719,0.00514,-4e-05,0.00389,0.00058,0.00046,0.00051
28.02,4e-05,-0.00479,0.00015,0.00019,4e-05,1e-05,-0.0092,-0.00027,0.00011,0.00196,-1e-05,1e-05,0.00023,-0.00086,0.00092,-0.00037,0.00032,-3e-05,-3e-05,-1e-05,-0.00178,0.00352,-0.00151,0.00052,1e-05,3e-05,-0.0001,-0.00731,0.00526,0.00014,0.00363,0.00041,0.00033,0.00052
28.04,0.0002,-0.005,0.00011,0.00014,4e-05,1e-05,-0.00799,-0.00022,0.00019,0.00407,-1e-05,3e-05,0.00023,-0.00043,0.00078,-0.00039,0.00033,-2e-05,-3e-05,-1e-05,-0.00177,0.0032,-0.00145,0.00061,0,2e-05,-7e-05,-0.00702,0.00509,0.00031,0.00301,0.00019,0.00017,0.00051
28.06,0.00042,-0.00507,7e-05,9e-05,3e-05,1e-05,-0.00636,-0.00014,0.00026,0.00638,-0,6e-05,0.00023,4e-05,0.00064,-0.0004,0.00033,-2e-05,-3e-05,-0,-0.0018,0.00265,-0.00131,0.00081,0,2e-05,-4e-05,-0.00632,0.00462,0.00047,0.00206,-5e-05,-0,0.00047
28.08,0.00069,-0.00499,5e-05,5e-05,2e-05,0,-0.00432,-4e-05,0.00031,0.00875,1e-05,9e-05,0.00022,0.00052,0.00049,-0.00039,0.00031,-1e-05,-2e-05,-0,-0.00187,0.00191,-0.0011,0.00111,0,1e-05,-2e-05,-0.00527,0.0039,0.0006,0.00085,-0.00029,-0.00018,0.00042
28.1,0.00102,-0.00471,2e-05,2e-05,0,0,-0.00197,7e-05,0.00033,0.01101,2e-05,0.00013,0.0002,0.00102,0.00032,-0.00037,0.00028,-1e-05,-2e-05,-0,-0.00201,0.00103,-0.00086,0.00154,0,1e-05,1e-05,-0.00397,0.00297,0.0007,-0.00051,-0.00052,-0.00035,0.00034
28.12,0.0014,-0.00419,0,-1e-05,-2e-05,0,0.00054,0.00018,0.00031,0.01296,4e-05,0.00017,0.00018,0.00153,0.00014,-0.00033,0.00022,-0,-2e-05,0,-0.00223,0.00011,-0.00062,0.0021,-0,0,3e-05,-0.00252,0.00189,0.00075,-0.00191,-0.00069,-0.00048,0.00026
28.14,0.00184,-0.00345,0,-3e-05,-6e-05,-0,0.003,0.00026,0.00024,0.01435,8e-05,0.0002,0.00016,0.00204,-4e-05,-0.00029,0.00015,1e-05,-2e-05,0,-0.00255,-0.00072,-0.00039,0.00279,-0,-0,5e-05,-0.00104,0.00083,0.00074,-0.00326,-0.00079,-0.00056,0.00016
28.16,0.00231,-0.00252,1e-05,-5e-05,-0.00011,-0,0.0052,0.00029,0.00015,0.01508,0.00013,0.00022,0.00015,0.00253,-0.00021,-0.00023,6e-05,2e-05,-1e-05,0,-0.00295,-0.00143,-0.00019,0.00358,-0,-1e-05,6e-05,0.00041,-0.00014,0.00065,-0.00447,-0.00081,-0.00059,6e-05
28.18,0.00278,-0.00143,3e-05,-8e-05,-0.00016,-0,0.00694,0.00027,6e-05,0.01513,0.00019,0.00023,0.00014,0.00298,-0.00039,-0.00018,-4e-05,3e-05,-1e-05,1e-05,-0.00344,-0.00199,-1e-05,0.00447,-0,-1e-05,7e-05,0.00182,-0.00101,0.0005,-0.0055,-0.00075,-0.00057,-4e-05
28.2,0.00322,-0.00024,4e-05,-0.00011,-0.00018,-1e-05,0.00816,0.00021,1e-05,0.01451,0.00025,0.00024,0.00013,0.00341,-0.00056,-0.00013,-0.00015,4e-05,-1e-05,1e-05,-0.00399,-0.0024,0.00014,0.00538,-0,-2e-05,7e-05,0.00318,-0.00176,0.00027,-0.00633,-0.00065,-0.00052,-0.00014
28.22,0.0036,0.00097,4e-05,-0.00016,-0.0002,-1e-05,0.00902,0.00015,1e-05,0.01319,0.00033,0.00025,0.00012,0.00382,-0.00072,-9e-05,-0.00027,5e-05,-0,1e-05,-0.00455,-0.00268,0.00027,0.00628,-0,-3e-05,7e-05,0.00451,-0.00241,-2e-05,-0.00696,-0.00052,-0.00044,-0.00023
28.24,0.00386,0.0021,2e-05,-0.00024,-0.00022,-1e-05,0.00948,0.00011,7e-05,0.01134,0.0004,0.00026,0.00011,0.00417,-0.00086,-5e-05,-0.00039,6e-05,0,1e-05,-0.0051,-0.00285,0.00038,0.0071,-1e-05,-3e-05,6e-05,0.00582,-0.00297,-0.00034,-0.00739,-0.00039,-0.00036,-0.0003
28.26,0.00398,0.00311,-3e-05,-0.00033,-0.00023,-1e-05,0.00954,8e-05,0.00017,0.00925,0.00042,0.00024,9e-05,0.00443,-0.001,-3e-05,-0.0005,8e-05,0,1e-05,-0.00561,-0.00292,0.00049,0.00784,-1e-05,-4e-05,5e-05,0.0071,-0.00343,-0.00069,-0.00764,-0.00029,-0.00028,-0.00036
28.28,0.00394,0.00398,-0.00012,-0.00043,-0.00024,-2e-05,0.0093,8e-05,0.0003,0.00712,0.00041,0.0002,7e-05,0.00459,-0.00114,-1e-05,-0.0006,9e-05,1e-05,1e-05,-0.00606,-0.00295,0.00059,0.00847,-1e-05,-4e-05,3e-05,0.00832,-0.00382,-0.00102,-0.00777,-0.00021,-0.00022,-0.0004
28.3,0.0038,0.00469,-0.00023,-0.00054,-0.00025,-2e-05,0.00905,0.0001,0.00041,0.00512,0.00037,0.00016,5e-05,0.00464,-0.00126,0,-0.00069,0.0001,2e-05,1e-05,-0.00645,-0.00295,0.00067,0.009,-1e-05,-5e-05,1e-05,0.0094,-0.00414,-0.00132,-0.00784,-0.00015,-0.00017,-0.00043
28.32,0.0036,0.00524,-0.00035,-0.00068,-0.00025,-2e-05,0.00891,0.00012,0.00051,0.00332,0.00028,0.0001,3e-05,0.0046,-0.00134,1e-05,-0.00075,0.00011,2e-05,1e-05,-0.00677,-0.00295,0.00072,0.00944,-1e-05,-5e-05,-1e-05,0.01022,-0.00439,-0.00154,-0.00793,-0.0001,-0.00012,-0.00045
28.34,0.00329,0.0056,-0.00048,-0.00082,-0.00026,-2e-05,0.0086,9e-05,0.00058,0.00185,0.00019,5e-05,1e-05,0.00443,-0.0014,2e-05,-0.00078,0.00011,3e-05,1e-05,-0.007,-0.00299,0.00073,0.00979,-1e-05,-6e-05,-2e-05,0.01072,-0.00457,-0.00164,-0.00806,-5e-05,-6e-05,-0.00046
28.36,0.00286,0.00579,-0.00063,-0.00094,-0.00026,-2e-05,0.00801,2e-05,0.00061,0.00083,0.0001,2e-05,0,0.00414,-0.00145,4e-05,-0.0008,0.00012,4e-05,1e-05,-0.00714,-0.00308,0.00071,0.01006,-1e-05,-6e-05,-4e-05,0.01088,-0.0047,-0.00162,-0.00827,0,0,-0.00047
28.38,0.00236,0.00584,-0.00079,-0.00103,-0.00026,-2e-05,0.00723,-9e-05,0.00061,0.00022,3e-05,-0,-0,0.00375,-0.00148,5e-05,-0.00079,0.00012,5e-05,1e-05,-0.00719,-0.00323,0.00065,0.01023,-1e-05,-6e-05,-6e-05,0.01069,-0.00477,-0.00146,-0.00855,6e-05,8e-05,-0.00046
28.4,0.00183,0.00572,-0.00094,-0.00108,-0.00026,-2e-05,0.00629,-0.00024,0.00058,-1e-05,-2e-05,-2e-05,-0,0.00327,-0.0015,6e-05,-0.00077,0.00012,5e-05,1e-05,-0.00713,-0.00342,0.00056,0.01028,-1e-05,-7e-05,-8e-05,0.01016,-0.00478,-0.00118,-0.00889,0.00012,0.00015,-0.00045
28.42,0.00136,0.00542,-0.00107,-0.00107,-0.00026,-2e-05,0.00524,-0.00038,0.00053,4e-05,-4e-05,-2e-05,0,0.00274,-0.00148,7e-05,-0.00075,0.00011,6e-05,1e-05,-0.00697,-0.00364,0.00044,0.0102,-1e-05,-7e-05,-9e-05,0.00931,-0.0047,-0.00079,-0.00924,0.00017,0.00022,-0.00043
28.44,0.00094,0.00499,-0.00117,-0.00101,-0.00026,-1e-05,0.00416,-0.00049,0.00046,0.00029,-3e-05,-2e-05,1e-05,0.00218,-0.00143,8e-05,-0.00073,0.00011,6e-05,1e-05,-0.0067,-0.00384,0.00031,0.00996,-1e-05,-6e-05,-9e-05,0.00819,-0.00453,-0.00033,-0.00956,0.00022,0.00027,-0.0004
28.46,0.00058,0.00452,-0.00124,-0.0009,-0.00027,-1e-05,0.00313,-0.00056,0.00039,0.00062,-1e-05,-2e-05,2e-05,0.00163,-0.00135,8e-05,-0.00071,0.0001,6e-05,1e-05,-0.00632,-0.00401,0.00016,0.00955,-1e-05,-6e-05,-0.0001,0.00684,-0.00426,0.00018,-0.00983,0.00025,0.00031,-0.00037
28.48,0.0003,0.00402,-0.00127,-0.00075,-0.00027,-1e-05,0.00218,-0.00059,0.00032,0.00097,2e-05,-3e-05,3e-05,0.00109,-0.00123,9e-05,-0.00069,9e-05,6e-05,1e-05,-0.00584,-0.00412,1e-05,0.00895,-0,-5e-05,-0.0001,0.00532,-0.00391,0.0007,-0.01001,0.00027,0.00034,-0.00033
28.5,0.00013,0.00351,-0.00124,-0.00057,-0.00028,-1e-05,0.00134,-0.00055,0.00024,0.00123,4e-05,-3e-05,3e-05,0.00054,-0.0011,8e-05,-0.00068,8e-05,5e-05,1e-05,-0.00527,-0.00416,-0.00012,0.00819,-0,-5e-05,-9e-05,0.00374,-0.00349,0.0012,-0.01008,0.00027,0.00034,-0.00028
28.52,9e-05,0.00297,-0.00112,-0.00036,-0.00028,-1e-05,0.00062,-0.00044,0.00014,0.00128,7e-05,-3e-05,4e-05,1e-05,-0.00097,7e-05,-0.00069,7e-05,5e-05,0,-0.00462,-0.00413,-0.00022,0.00726,-0,-4e-05,-8e-05,0.0022,-0.00302,0.00165,-0.01002,0.00025,0.00032,-0.00023
28.54,9e-05,0.00246,-0.00095,-0.00017,-0.00028,-1e-05,-8e-05,-0.00031,5e-05,0.00117,9e-05,-3e-05,4e-05,-0.00047,-0.00083,6e-05,-0.00069,6e-05,4e-05,0,-0.00393,-0.00402,-0.00029,0.00621,-0,-3e-05,-8e-05,0.00076,-0.00253,0.00203,-0.00984,0.00022,0.00028,-0.00018
28.56,7e-05,0.00198,-0.00074,0,-0.00023,-1e-05,-0.00081,-0.0002,-2e-05,0.00097,0.0001,-4e-05,4e-05,-0.00091,-0.00068,3e-05,-0.00069,5e-05,3e-05,0,-0.00322,-0.00381,-0.00031,0.00507,-0,-3e-05,-7e-05,-0.00055,-0.00202,0.00234,-0.00957,0.00018,0.00023,-0.00013
28.58,4e-05,0.00152,-0.00053,0.00014,-0.00017,-1e-05,-0.00163,-0.0001,-6e-05,0.00069,0.00011,-4e-05,4e-05,-0.00129,-0.00052,1e-05,-0.00069,4e-05,1e-05,0,-0.00252,-0.00354,-0.00029,0.0039,-0,-2e-05,-6e-05,-0.00168,-0.00153,0.00257,-0.00925,0.00012,0.00016,-9e-05
28.6,-3e-05,0.0011,-0.00033,0.00023,-0.00012,-1e-05,-0.00257,-2e-05,-6e-05,0.00031,0.00012,-4e-05,3e-05,-0.00159,-0.00037,-3e-05,-0.00067,3e-05,-0,0,-0.00187,-0.00324,-0.00025,0.00278,-0,-1e-05,-6e-05,-0.00263,-0.00107,0.00274,-0.00894,6e-05,9e-05,-6e-05
28.62,-0.00012,0.00073,-0.00017,0.00029,-7e-05,-0,-0.00362,3e-05,-2e-05,-0.0002,0.00013,-4e-05,2e-05,-0.00179,-0.00026,-6e-05,-0.00064,2e-05,-1e-05,0,-0.0013,-0.00292,-0.00018,0.0018,-0,-1e-05,-5e-05,-0.0034,-0.00069,0.00288,-0.00868,-1e-05,1e-05,-3e-05
28.64,-0.00024,0.00039,-6e-05,0.00031,-3e-05,-0,-0.00474,4e-05,5e-05,-0.00075,0.00013,-4e-05,1e-05,-0.00188,-0.00018,-8e-05,-0.00059,1e-05,-2e-05,0,-0.00087,-0.00266,-0.00012,0.00104,-0,-1e-05,-5e-05,-0.00399,-0.00038,0.00299,-0.00855,-9e-05,-8e-05,-0
28.66,-0.00035,6e-05,1e-05,0.00031,-0,-0,-0.00583,1e-05,0.00013,-0.00128,0.00014,-4e-05,-0,-0.00186,-0.0001,-0.00011,-0.00053,-0,-3e-05,0,-0.00059,-0.0025,-7e-05,0.00055,-0,-1e-05,-5e-05,-0.00441,-0.00015,0.00309,-0.00856,-0.00016,-0.00016,2e-05
28.68,-0.00043,-0.00025,5e-05,0.00027,2e-05,0,-0.00681,-6e-05,0.00021,-0.00179,0.00014,-3e-05,-2e-05,-0.00172,-4e-05,-0.00012,-0.00046,-1e-05,-4e-05,-0,-0.00047,-0.00243,-4e-05,0.00035,-0,-1e-05,-5e-05,-0.0047,1e-05,0.0032,-0.00873,-0.00023,-0.00023,3e-05
28.7,-0.00046,-0.00053,6e-05,0.00022,3e-05,0,-0.00764,-0.00015,0.00027,-0.00225,0.00013,-3e-05,-4e-05,-0.0015,-0,-0.00013,-0.00038,-1e-05,-4e-05,-0,-0.00052,-0.00244,-4e-05,0.00043,-0,-2e-05,-5e-05,-0.00488,0.0001,0.00332,-0.00902,-0.00029,-0.00029,3e-05
28.72,-0.00044,-0.00076,5e-05,0.00017,3e-05,0,-0.0083,-0.00024,0.0003,-0.00262,0.00013,-3e-05,-5e-05,-0.00123,2e-05,-0.00013,-0.00029,-2e-05,-4e-05,-0,-0.00072,-0.00253,-7e-05,0.00078,-0,-2e-05,-4e-05,-0.00498,0.00015,0.00346,-0.00941,-0.00035,-0.00034,4e-05
28.74,-0.00036,-0.00093,4e-05,0.00011,3e-05,0,-0.00878,-0.00033,0.00031,-0.00292,0.00012,-2e-05,-7e-05,-0.00093,4e-05,-0.00012,-0.00021,-2e-05,-4e-05,-0,-0.00107,-0.00267,-0.00013,0.00137,-0,-3e-05,-3e-05,-0.00502,0.00017,0.00363,-0.00983,-0.00039,-0.00038,3e-05
28.76,-0.00024,-0.00105,2e-05,5e-05,2e-05,0,-0.00907,-0.00043,0.00029,-0.00312,0.00011,-2e-05,-9e-05,-0.00062,5e-05,-0.0001,-0.00013,-2e-05,-4e-05,-0,-0.00153,-0.00284,-0.00023,0.00216,-0,-3e-05,-1e-05,-0.00504,0.00017,0.0038,-0.01023,-0.00041,-0.0004,2e-05
28.78,-8e-05,-0.0011,0,-0,2e-05,0,-0.0092,-0.00053,0.00026,-0.00322,0.0001,-2e-05,-0.0001,-0.00035,6e-05,-8e-05,-5e-05,-2e-05,-3e-05,-0,-0.00208,-0.003,-0.00035,0.00309,-0,-4e-05,2e-05,-0.00503,0.00017,0.00398,-0.01057,-0.00042,-0.00041,1e-05
28.8,0.0001,-0.0011,-2e-05,-5e-05,1e-05,0,-0.00921,-0.00061,0.00021,-0.00316,9e-05,-1e-05,-0.00011,-0.00012,7e-05,-5e-05,2e-05,-2e-05,-3e-05,-0,-0.00266,-0.00315,-0.00048,0.00407,-0,-5e-05,5e-05,-0.00498,0.00017,0.00412,-0.0108,-0.00043,-0.00041,0
28.82,0.00026,-0.00103,-4e-05,-9e-05,1e-05,1e-05,-0.00916,-0.00065,0.00016,-0.00292,8e-05,-1e-05,-0.00012,5e-05,8e-05,-2e-05,9e-05,-2e-05,-3e-05,-0,-0.00323,-0.00326,-0.00063,0.00501,-0,-5e-05,9e-05,-0.00489,0.00019,0.0042,-0.01088,-0.00042,-0.00041,-1e-05
28.84,0.0004,-0.00092,-7e-05,-0.00012,0,1e-05,-0.00909,-0.00067,0.00011,-0.00249,7e-05,-2e-05,-0.00012,0.00014,0.0001,0,0.00016,-2e-05,-2e-05,-0,-0.00374,-0.0033,-0.00077,0.00581,-0,-6e-05,0.00013,-0.00473,0.00022,0.00419,-0.01076,-0.00041,-0.00039,-1e-05
28.86,0.00049,-0.00077,-9e-05,-0.00013,0,1e-05,-0.00902,-0.00068,7e-05,-0.00187,7e-05,-2e-05,-0.00012,0.00015,0.00011,3e-05,0.00022,-2e-05,-2e-05,-0,-0.00415,-0.00323,-0.00088,0.00641,-1e-05,-6e-05,0.00017,-0.00449,0.00026,0.00409,-0.0104,-0.0004,-0.00038,-2e-05
28.88,0.00054,-0.00061,-0.0001,-0.00012,1e-05,1e-05,-0.00894,-0.00067,3e-05,-0.00103,7e-05,-2e-05,-0.00011,0.00011,0.00014,5e-05,0.00029,-2e-05,-2e-05,-0,-0.00441,-0.00304,-0.00095,0.00672,-1e-05,-7e-05,0.0002,-0.00413,0.00031,0.00389,-0.00979,-0.00038,-0.00037,-1e-05
28.9,0.00052,-0.00045,-0.0001,-9e-05,2e-05,1e-05,-0.0088,-0.00064,2e-05,4e-05,7e-05,-1e-05,-0.0001,1e-05,0.00016,7e-05,0.00035,-2e-05,-2e-05,-0,-0.00449,-0.00274,-0.00094,0.00668,-0,-7e-05,0.00021,-0.00362,0.00035,0.00356,-0.00893,-0.00036,-0.00036,-1e-05
28.92,0.00044,-0.00031,-9e-05,-5e-05,3e-05,1e-05,-0.00849,-0.00061,3e-05,0.00133,6e-05,0,-7e-05,-0.00012,0.00019,9e-05,0.00042,-2e-05,-2e-05,-0,-0.00435,-0.00233,-0.00084,0.00623,-0,-6e-05,0.0002,-0.00293,0.00037,0.00309,-0.00783,-0.00034,-0.00034,0
28.94,0.00031,-0.00019,-5e-05,-1e-05,5e-05,1e-05,-0.00799,-0.00057,6e-05,0.0028,5e-05,3e-05,-4e-05,-0.00027,0.00023,0.0001,0.0005,-3e-05,-1e-05,-0,-0.004,-0.00177,-0.00061,0.00533,-0,-6e-05,0.00016,-0.00203,0.00037,0.00248,-0.00651,-0.00032,-0.00033,2e-05
28.96,0.00013,-0.00011,1e-05,3e-05,7e-05,1e-05,-0.00726,-0.00054,0.00011,0.00441,4e-05,7e-05,1e-05,-0.00041,0.00028,0.0001,0.00057,-3e-05,-1e-05,-0,-0.00342,-0.00105,-0.00026,0.004,-0,-4e-05,0.0001,-0.00092,0.00034,0.00176,-0.00501,-0.00029,-0.00031,4e-05
28.98,-7e-05,-8e-05,9e-05,7e-05,0.0001,1e-05,-0.00624,-0.0005,0.00016,0.00607,1e-05,0.00012,6e-05,-0.00053,0.00032,0.0001,0.00064,-3e-05,-1e-05,-0,-0.00264,-0.00019,0.00021,0.00227,-0,-3e-05,3e-05,0.00038,0.00027,0.00093,-0.00338,-0.00025,-0.00028,7e-05
29,-0.00027,-9e-05,0.00016,0.0001,0.00012,2e-05,-0.00484,-0.00046,0.00022,0.00763,-2e-05,0.00018,0.00012,-0.0006,0.00036,9e-05,0.00071,-4e-05,-1e-05,-0,-0.00173,0.00079,0.00076,0.00025,0,-1e-05,-6e-05,0.00181,0.00019,4e-05,-0.00168,-0.00021,-0.00025,0.00011
29.02,-0.00049,-0.00014,0.0002,0.00011,0.00013,2e-05,-0.00308,-0.0004,0.00025,0.00888,-3e-05,0.00025,0.00019,-0.0006,0.00043,7e-05,0.00077,-4e-05,-1e-05,-1e-05,-0.00074,0.00178,0.00135,-0.00192,0,1e-05,-0.00014,0.00332,8e-05,-0.00087,-2e-05,-0.00017,-0.00022,0.00014
29.04,-0.0007,-0.00022,0.00021,0.0001,0.00012,2e-05,-0.00111,-0.00034,0.00025,0.00969,-2e-05,0.00033,0.00027,-0.00051,0.0005,5e-05,0.0008,-4e-05,-1e-05,-1e-05,0.00025,0.00271,0.00195,-0.00411,0,3e-05,-0.0002,0.00482,-3e-05,-0.00176,0.00152,-0.00012,-0.00018,0.00018
29.06,-0.00087,-0.00033,0.00019,8e-05,0.00011,2e-05,0.00092,-0.00028,0.00022,0.01007,6e-05,0.00039,0.00033,-0.00032,0.00055,2e-05,0.00081,-5e-05,-1e-05,-1e-05,0.00118,0.00358,0.00253,-0.00621,0,4e-05,-0.00024,0.00626,-0.00015,-0.00259,0.00288,-7e-05,-0.00014,0.00022
29.08,-0.00098,-0.00045,0.00013,4e-05,0.0001,2e-05,0.00284,-0.00022,0.00016,0.00999,0.00018,0.00044,0.00038,-1e-05,0.00058,-3e-05,0.0008,-5e-05,-1e-05,-1e-05,0.00202,0.00435,0.00305,-0.00811,0,6e-05,-0.00026,0.00758,-0.00026,-0.00333,0.00401,-3e-05,-0.00011,0.00027
29.1,-0.00103,-0.00058,6e-05,-1e-05,0.0001,2e-05,0.0045,-0.00016,8e-05,0.00945,0.00038,0.00049,0.00039,0.00039,0.00061,-7e-05,0.00075,-5e-05,-1e-05,-1e-05,0.0027,0.00494,0.00349,-0.00971,0,6e-05,-0.00025,0.00871,-0.00036,-0.00395,0.00488,-1e-05,-8e-05,0.0003
29.12,-0.00102,-0.00074,1e-05,-9e-05,0.0001,2e-05,0.00583,-0.0001,0,0.00837,0.00073,0.00057,0.00036,0.00087,0.00066,-0.00013,0.00066,-5e-05,-1e-05,-1e-05,0.00318,0.00527,0.00378,-0.01089,0,7e-05,-0.00023,0.00958,-0.00044,-0.00444,0.00545,0,-7e-05,0.00034
29.14,-0.00091,-0.00091,-0,-0.00017,0.0001,2e-05,0.00679,-5e-05,-6e-05,0.00697,0.00111,0.00062,0.0003,0.00138,0.0007,-0.00019,0.00055,-5e-05,-2e-05,-1e-05,0.00343,0.00534,0.00393,-0.01156,0,7e-05,-0.0002,0.01014,-0.00049,-0.00476,0.00569,-1e-05,-8e-05,0.00037
29.16,-0.00071,-0.0011,2e-05,-0.00027,0.00011,2e-05,0.0074,-2e-05,-9e-05,0.00549,0.00139,0.00061,0.00023,0.0019,0.00072,-0.00024,0.00042,-5e-05,-2e-05,-1e-05,0.00344,0.00522,0.00394,-0.0117,0,8e-05,-0.00016,0.01036,-0.00051,-0.00487,0.0056,-5e-05,-0.00011,0.00039
29.18,-0.00043,-0.0013,7e-05,-0.00037,0.00011,2e-05,0.00768,-1e-05,-0.0001,0.0041,0.00157,0.00055,0.00016,0.00237,0.00072,-0.0003,0.00027,-4e-05,-2e-05,-1e-05,0.00323,0.00488,0.00381,-0.01132,0,7e-05,-0.00012,0.01024,-0.0005,-0.00476,0.00519,-0.0001,-0.00016,0.00039
29.2,-0.00014,-0.0015,0.00012,-0.00046,0.00012,2e-05,0.00784,0,-9e-05,0.00287,0.0016,0.00046,0.0001,0.00276,0.00069,-0.00034,0.00014,-4e-05,-2e-05,-1e-05,0.00283,0.00441,0.00357,-0.01046,0,7e-05,-8e-05,0.00977,-0.00044,-0.00448,0.0045,-0.00017,-0.00021,0.00038
29.22,0.00015,-0.00169,0.00014,-0.00055,0.00013,1e-05,0.00798,0,-7e-05,0.00175,0.00146,0.00036,5e-05,0.00307,0.0006,-0.00036,1e-05,-3e-05,-3e-05,-1e-05,0.00229,0.00385,0.00322,-0.00923,0,6e-05,-5e-05,0.00895,-0.00035,-0.00406,0.00359,-0.00023,-0.00027,0.00036
29.24,0.0004,-0.00184,0.00014,-0.00061,0.00014,1e-05,0.00793,0,-5e-05,0.00088,0.00122,0.00026,1e-05,0.00326,0.00049,-0.00036,-0.0001,-3e-05,-3e-05,-0,0.00164,0.00321,0.00278,-0.00771,0,6e-05,-2e-05,0.00784,-0.00025,-0.00348,0.00249,-0.00029,-0.00032,0.00033
29.26,0.0006,-0.00195,0.0001,-0.00065,0.00013,1e-05,0.00756,-0,-2e-05,0.00033,0.00094,0.00016,-1e-05,0.0033,0.00038,-0.00035,-0.00019,-2e-05,-3e-05,-0,0.00093,0.0025,0.00229,-0.00597,0,4e-05,0,0.00647,-0.00014,-0.00273,0.00124,-0.00033,-0.00036,0.00027
29.28,0.00073,-0.00201,2e-05,-0.00066,9e-05,1e-05,0.00694,-0,0,5e-05,0.00067,7e-05,-2e-05,0.00322,0.00025,-0.00033,-0.00026,-2e-05,-3e-05,-0,0.00021,0.00175,0.00177,-0.00412,0,3e-05,2e-05,0.0049,-3e-05,-0.00187,-0.00013,-0.00036,-0.00038,0.0002
29.3,0.0008,-0.002,-0.00011,-0.00064,6e-05,0,0.00611,1e-05,2e-05,-1e-05,0.0004,2e-05,-2e-05,0.00304,0.00011,-0.0003,-0.0003,-1e-05,-3e-05,-0,-0.00047,0.00102,0.00124,-0.00227,0,2e-05,3e-05,0.00322,8e-05,-0.00092,-0.00154,-0.00037,-0.00039,0.00013
29.32,0.0008,-0.00191,-0.00025,-0.0006,3e-05,0,0.00517,3e-05,3e-05,0.0001,0.00016,-1e-05,-1e-05,0.0028,-5e-05,-0.00027,-0.00034,-1e-05,-3e-05,-0,-0.00105,0.00035,0.00076,-0.00055,-0,0,3e-05,0.00153,0.00016,3e-05,-0.00294,-0.00037,-0.00039,5e-05
29.34,0.00074,-0.00179,-0.0004,-0.00053,-1e-05,0,0.00415,5e-05,3e-05,0.00034,-0,-2e-05,-1e-05,0.0025,-0.00021,-0.00024,-0.00037,-0,-3e-05,-0,-0.00149,-0.0003,0.00032,0.00096,-0,-1e-05,4e-05,-0.00011,0.00022,0.0009,-0.00427,-0.00036,-0.00038,-1e-05
29.36,0.00065,-0.00167,-0.00054,-0.00045,-3e-05,-0,0.00313,9e-05,3e-05,0.00063,-9e-05,-1e-05,0,0.00217,-0.00036,-0.0002,-0.00039,-0,-3e-05,-0,-0.00178,-0.00091,-6e-05,0.0022,-0,-2e-05,4e-05,-0.00165,0.00026,0.00168,-0.00551,-0.00034,-0.00037,-6e-05
29.38,0.00054,-0.00155,-0.00065,-0.00036,-6e-05,-0,0.00216,0.00012,1e-05,0.00092,-0.00014,1e-05,1e-05,0.00182,-0.00051,-0.00017,-0.00039,0,-2e-05,0,-0.0019,-0.00145,-0.00038,0.00314,-0,-3e-05,4e-05,-0.00303,0.00028,0.00233,-0.00663,-0.00031,-0.00035,-9e-05
29.4,0.00044,-0.00144,-0.00071,-0.00026,-8e-05,-0,0.00129,0.00017,-1e-05,0.00113,-0.00013,3e-05,2e-05,0.00147,-0.00063,-0.00014,-0.00039,0,-2e-05,0,-0.00187,-0.00193,-0.00062,0.00378,-0,-4e-05,4e-05,-0.00425,0.00027,0.00285,-0.00758,-0.00028,-0.00032,-0.00011
29.42,0.00038,-0.00134,-0.00071,-0.00016,-9e-05,-0,0.00053,0.0002,-3e-05,0.00115,-9e-05,4e-05,2e-05,0.00111,-0.00071,-0.00011,-0.00039,0,-2e-05,0,-0.00171,-0.00233,-0.00081,0.00412,-0,-4e-05,4e-05,-0.00528,0.00025,0.00326,-0.00834,-0.00025,-0.00029,-0.00012
29.44,0.00034,-0.00127,-0.00066,-7e-05,-0.0001,-0,-0.00014,0.00023,-5e-05,0.00098,-1e-05,5e-05,2e-05,0.00076,-0.00074,-9e-05,-0.00037,0,-2e-05,0,-0.00145,-0.00265,-0.00094,0.00419,-0,-4e-05,4e-05,-0.0061,0.00021,0.00355,-0.00889,-0.00022,-0.00025,-0.00012
29.46,0.00029,-0.00124,-0.00058,0,-0.0001,-0,-0.00076,0.00027,-7e-05,0.00069,7e-05,5e-05,1e-05,0.00042,-0.00073,-6e-05,-0.00035,0,-2e-05,0,-0.00113,-0.00287,-0.00102,0.00404,-0,-4e-05,4e-05,-0.00671,0.00017,0.00372,-0.00925,-0.00018,-0.00021,-0.00011
29.48,0.00026,-0.00123,-0.00048,7e-05,-9e-05,-0,-0.00137,0.0003,-8e-05,0.00026,0.00015,5e-05,1e-05,0.0001,-0.00066,-5e-05,-0.00031,0,-2e-05,0,-0.00078,-0.00302,-0.00106,0.00373,-0,-4e-05,4e-05,-0.00712,0.00013,0.0038,-0.00941,-0.00014,-0.00016,-0.0001
29.5,0.00022,-0.00124,-0.00038,0.00011,-8e-05,-0,-0.00201,0.00032,-8e-05,-0.0003,0.00023,5e-05,-0,-0.00019,-0.00057,-3e-05,-0.00027,-0,-2e-05,-0,-0.00044,-0.0031,-0.00107,0.00336,-0,-3e-05,3e-05,-0.00735,9e-05,0.0038,-0.0094,-0.0001,-0.00012,-9e-05
29.52,0.0002,-0.00126,-0.00028,0.00015,-6e-05,-0,-0.00271,0.00034,-7e-05,-0.00101,0.0003,4e-05,-2e-05,-0.00045,-0.00047,-2e-05,-0.00022,-0,-2e-05,-0,-0.00015,-0.00311,-0.00106,0.00299,-0,-3e-05,3e-05,-0.00745,5e-05,0.00375,-0.00924,-6e-05,-7e-05,-9e-05
29.54,0.00018,-0.00126,-0.00019,0.00017,-4e-05,-0,-0.00347,0.00033,-6e-05,-0.00179,0.00037,3e-05,-4e-05,-0.00068,-0.00036,-1e-05,-0.00017,-1e-05,-2e-05,-0,4e-05,-0.00308,-0.00104,0.00271,-0,-2e-05,3e-05,-0.00742,2e-05,0.00367,-0.00897,-2e-05,-2e-05,-9e-05
29.56,0.00016,-0.00123,-0.00013,0.00019,-3e-05,0,-0.0043,0.00031,-3e-05,-0.00255,0.00042,3e-05,-7e-05,-0.00088,-0.00025,0,-0.00012,-1e-05,-2e-05,-0,0.00014,-0.00303,-0.00103,0.00255,-0,-2e-05,3e-05,-0.00729,-1e-05,0.00357,-0.0086,2e-05,2e-05,-9e-05
29.58,0.00013,-0.00117,-8e-05,0.0002,-2e-05,0,-0.0052,0.00026,-1e-05,-0.00325,0.00046,2e-05,-9e-05,-0.00107,-0.00016,1e-05,-8e-05,-1e-05,-2e-05,-0,0.00014,-0.00296,-0.00103,0.00253,-0,-2e-05,3e-05,-0.00708,-4e-05,0.00345,-0.00814,5e-05,7e-05,-0.0001
29.6,0.00011,-0.00106,-5e-05,0.0002,-1e-05,0,-0.00615,0.00018,-0,-0.00384,0.00048,2e-05,-0.00012,-0.00124,-9e-05,2e-05,-4e-05,-1e-05,-2e-05,-0,7e-05,-0.00289,-0.00104,0.00261,-0,-1e-05,3e-05,-0.00679,-6e-05,0.00331,-0.00762,9e-05,0.00011,-0.00012
29.62,8e-05,-0.00091,-3e-05,0.00021,-1e-05,0,-0.00713,8e-05,-0,-0.00424,0.00047,0,-0.00014,-0.0014,-5e-05,4e-05,-1e-05,-1e-05,-2e-05,-0,-4e-05,-0.0028,-0.00106,0.00276,-0,-1e-05,3e-05,-0.00644,-9e-05,0.00314,-0.00703,0.00012,0.00014,-0.00013
29.64,5e-05,-0.00071,-2e-05,0.00023,-1e-05,0,-0.0081,-1e-05,-2e-05,-0.00441,0.00044,-1e-05,-0.00015,-0.00158,-3e-05,6e-05,1e-05,-1e-05,-1e-05,-0,-0.00016,-0.00271,-0.00108,0.00293,-0,-1e-05,3e-05,-0.00604,-0.00012,0.00294,-0.00638,0.00015,0.00018,-0.00015
29.66,0,-0.00047,-0,0.00026,-1e-05,0,-0.00907,-0.0001,-7e-05,-0.00427,0.00038,-1e-05,-0.00016,-0.00178,-3e-05,8e-05,2e-05,-1e-05,-1e-05,-0,-0.00024,-0.0026,-0.00111,0.00306,-0,-1e-05,2e-05,-0.00559,-0.00015,0.00272,-0.00565,0.00017,0.0002,-0.00016
29.68,-7e-05,-0.00018,1e-05,0.0003,-2e-05,-0,-0.01001,-0.00015,-0.00013,-0.00381,0.00032,-2e-05,-0.00015,-0.002,-4e-05,9e-05,2e-05,-0,-1e-05,-0,-0.00026,-0.00246,-0.00112,0.0031,-0,-2e-05,1e-05,-0.00508,-0.00018,0.00246,-0.00481,0.00019,0.00023,-0.00016
29.7,-0.00018,0.00015,4e-05,0.00034,-2e-05,-0,-0.01081,-0.00013,-0.0002,-0.00298,0.00023,-1e-05,-0.00013,-0.00225,-7e-05,0.00011,1e-05,-0,-0,-0,-0.00017,-0.00227,-0.00111,0.00298,-0,-2e-05,0,-0.00451,-0.00021,0.00217,-0.00386,0.00021,0.00025,-0.00017
29.72,-0.00034,0.0005,6e-05,0.0004,-3e-05,-0,-0.01136,-4e-05,-0.00027,-0.0018,0.00014,-1e-05,-0.00011,-0.00252,-8e-05,0.00012,-1e-05,1e-05,0,0,5e-05,-0.00205,-0.00106,0.00265,-0,-2e-05,-0,-0.00389,-0.00024,0.00184,-0.00277,0.00023,0.00027,-0.00016
29.74,-0.00053,0.00087,9e-05,0.00047,-4e-05,-0,-0.01162,0.00013,-0.00034,-0.00032,5e-05,1e-05,-6e-05,-0.0028,-0.0001,0.00013,-5e-05,1e-05,1e-05,0,0.00041,-0.00176,-0.00096,0.00205,-0,-2e-05,-1e-05,-0.00322,-0.00025,0.00147,-0.00152,0.00025,0.00029,-0.00016
29.76,-0.00076,0.00124,0.0001,0.00054,-6e-05,-0,-0.01158,0.00037,-0.00039,0.00139,-1e-05,4e-05,-0,-0.00309,-0.0001,0.00014,-0.0001,2e-05,2e-05,0,0.00094,-0.00138,-0.0008,0.00117,-0,-2e-05,-2e-05,-0.00251,-0.00026,0.00106,-0.00012,0.00026,0.0003,-0.00014
29.78,-0.00101,0.0016,0.0001,0.00062,-8e-05,-0,-0.01118,0.00063,-0.00042,0.00325,-3e-05,8e-05,7e-05,-0.00338,-9e-05,0.00015,-0.00017,4e-05,4e-05,0,0.00163,-0.00093,-0.00059,3e-05,-0,-2e-05,-3e-05,-0.00177,-0.00025,0.00063,0.0014,0.00028,0.00031,-0.00012
29.8,-0.00126,0.00195,8e-05,0.00069,-9e-05,-0,-0.01023,0.00087,-0.00043,0.00511,-1e-05,0.00013,0.00014,-0.00365,-8e-05,0.00015,-0.00025,5e-05,6e-05,1e-05,0.00243,-0.0004,-0.00034,-0.00132,-0,-2e-05,-3e-05,-0.00104,-0.00022,0.00018,0.003,0.00029,0.00032,-0.0001
29.82,-0.00154,0.00229,4e-05,0.00073,-0.00011,-0,-0.00865,0.00106,-0.00043,0.00675,0.0001,0.00021,0.00022,-0.00386,-5e-05,0.00015,-0.00036,7e-05,7e-05,1e-05,0.00332,0.00016,-6e-05,-0.00281,-0,-1e-05,-3e-05,-0.00037,-0.00018,-0.00025,0.00459,0.0003,0.00033,-7e-05
29.84,-0.0018,0.00257,-3e-05,0.00076,-0.00014,-0,-0.00664,0.00115,-0.0004,0.00797,0.0003,0.00031,0.00029,-0.00401,-3e-05,0.00015,-0.00049,9e-05,0.0001,1e-05,0.00425,0.00073,0.00021,-0.00435,0,-1e-05,-3e-05,0.00023,-0.00012,-0.00066,0.00611,0.00031,0.00033,-3e-05
29.86,-0.00201,0.00277,-0.00012,0.00076,-0.00016,-1e-05,-0.00445,0.00113,-0.00035,0.00869,0.00055,0.00041,0.00033,-0.00409,-1e-05,0.00015,-0.00064,0.00012,0.00012,1e-05,0.00519,0.00127,0.00047,-0.0059,0,-0,-4e-05,0.00071,-4e-05,-0.00102,0.0075,0.00032,0.00033,1e-05
29.88,-0.00217,0.00286,-0.00023,0.00074,-0.00018,-1e-05,-0.00229,0.00101,-0.00029,0.00886,0.0008,0.00049,0.00035,-0.00409,-4e-05,0.00015,-0.00081,0.00014,0.00014,1e-05,0.00611,0.00178,0.0007,-0.0074,0,1e-05,-4e-05,0.00109,6e-05,-0.00133,0.00872,0.00031,0.00032,5e-05
29.9,-0.00231,0.00287,-0.00034,0.00071,-0.0002,-1e-05,-0.00039,0.00086,-0.00021,0.00843,0.00105,0.00059,0.00033,-0.00402,-6e-05,0.00015,-0.001,0.00016,0.00016,2e-05,0.00696,0.00223,0.0009,-0.0088,0,1e-05,-4e-05,0.00134,0.00017,-0.0016,0.00971,0.0003,0.0003,9e-05
29.92,-0.00248,0.00283,-0.00044,0.00068,-0.00023,-1e-05,0.00107,0.0008,-0.00015,0.00735,0.0013,0.00073,0.00028,-0.00389,-3e-05,0.00013,-0.0012,0.00019,0.00019,2e-05,0.0077,0.00257,0.00103,-0.01003,0,1e-05,-5e-05,0.00147,0.00029,-0.0018,0.01042,0.00028,0.00028,0.00013
29.94,-0.00261,0.0027,-0.00051,0.00064,-0.00026,-2e-05,0.00204,0.00079,-0.0001,0.00588,0.00146,0.00083,0.00021,-0.00368,2e-05,0.00011,-0.00139,0.0002,0.0002,2e-05,0.00831,0.0028,0.00111,-0.01106,0,2e-05,-6e-05,0.00148,0.0004,-0.00195,0.01082,0.00025,0.00024,0.00017
29.96,-0.00267,0.00248,-0.00056,0.00058,-0.00029,-2e-05,0.00258,0.00081,-8e-05,0.00434,0.00145,0.00089,0.00014,-0.0034,5e-05,8e-05,-0.00155,0.00021,0.00022,2e-05,0.00875,0.00293,0.00112,-0.01184,0,2e-05,-6e-05,0.00137,0.00051,-0.00205,0.01091,0.00021,0.0002,0.00021
29.98,-0.00267,0.00218,-0.00058,0.00052,-0.00032,-3e-05,0.00279,0.00086,-0.0001,0.00293,0.00131,0.00088,8e-05,-0.00305,8e-05,4e-05,-0.00168,0.00021,0.00022,2e-05,0.00903,0.00295,0.00107,-0.01236,0,2e-05,-7e-05,0.00114,0.0006,-0.00209,0.0107,0.00016,0.00015,0.00024
30,-0.00267,0.00185,-0.00057,0.00046,-0.00035,-3e-05,0.00281,0.00084,-0.00014,0.00184,0.00106,0.00082,3e-05,-0.00265,0.0001,0,-0.00175,0.00021,0.00022,2e-05,0.00914,0.00287,0.00096,-0.01261,0,2e-05,-8e-05,0.0008,0.00066,-0.00209,0.01024,0.0001,0.0001,0.00027
30.02,-0.00271,0.00149,-0.00056,0.0004,-0.00038,-4e-05,0.0027,0.0007,-0.00015,0.00105,0.00071,0.0007,1e-05,-0.00224,0.00013,-4e-05,-0.00174,0.00019,0.00021,2e-05,0.00909,0.0027,0.00079,-0.01258,0,2e-05,-9e-05,0.00036,0.0007,-0.00207,0.00957,5e-05,5e-05,0.0003
30.04,-0.00272,0.00109,-0.00054,0.00034,-0.00041,-4e-05,0.00243,0.00052,-0.00014,0.00053,0.0004,0.00056,-1e-05,-0.00181,0.00015,-8e-05,-0.00165,0.00016,0.00019,2e-05,0.00888,0.00245,0.00059,-0.01227,0,2e-05,-9e-05,-0.00018,0.00072,-0.00201,0.00873,0,1e-05,0.00031
30.06,-0.00269,0.00065,-0.00051,0.00029,-0.00045,-4e-05,0.00197,0.00037,-0.00012,0.00022,0.00017,0.0004,-0,-0.00139,0.00018,-0.00012,-0.00147,0.00014,0.00016,1e-05,0.00856,0.00215,0.00036,-0.01174,0,1e-05,-9e-05,-0.0008,0.00072,-0.0019,0.00779,-3e-05,-2e-05,0.00031
30.08,-0.00265,0.00015,-0.00047,0.00024,-0.00049,-4e-05,0.00137,0.00024,-8e-05,5e-05,2e-05,0.00024,0,-0.00099,0.00024,-0.00014,-0.00122,0.00011,0.00012,1e-05,0.00817,0.0018,0.00011,-0.01105,0,1e-05,-9e-05,-0.00149,0.00069,-0.00175,0.00681,-6e-05,-4e-05,0.0003
30.1,-0.00262,-0.0004,-0.00043,0.0002,-0.00052,-4e-05,0.00069,0.00013,-3e-05,-8e-05,-6e-05,9e-05,1e-05,-0.00065,0.00026,-0.00016,-0.00089,8e-05,9e-05,1e-05,0.00778,0.00144,-0.00012,-0.0103,0,0,-8e-05,-0.00223,0.00065,-0.00159,0.00585,-7e-05,-5e-05,0.00029
30.12,-0.00268,-0.00098,-0.00039,0.00017,-0.00054,-3e-05,1e-05,4e-05,1e-05,-0.00023,-8e-05,-4e-05,1e-05,-0.00037,0.00019,-0.00017,-0.00051,5e-05,5e-05,0,0.00747,0.00111,-0.00033,-0.00961,0,0,-7e-05,-0.00297,0.00058,-0.00143,0.005,-6e-05,-5e-05,0.00026
30.14,-0.00282,-0.0016,-0.00035,0.00015,-0.00041,-1e-05,-0.00062,-2e-05,3e-05,-0.00046,-7e-05,-0.00013,1e-05,-0.00016,0.00012,-0.00016,-9e-05,2e-05,1e-05,0,0.0073,0.00082,-0.00048,-0.00909,0,0,-5e-05,-0.0037,0.0005,-0.00129,0.00433,-5e-05,-4e-05,0.00022
30.16,-0.00307,-0.00226,-0.00031,0.00015,-0.00027,0,-0.00118,-8e-05,3e-05,-0.00074,-5e-05,-0.00019,-0,-3e-05,8e-05,-0.00014,0.00037,-0,-1e-05,-0,0.00735,0.00057,-0.00058,-0.00886,0,0,-3e-05,-0.00439,0.00042,-0.00117,0.00392,-3e-05,-2e-05,0.00018
30.18,-0.00344,-0.00296,-0.00027,0.00016,-0.00014,2e-05,-0.0017,-0.00014,3e-05,-0.00103,-5e-05,-0.00023,-1e-05,4e-05,3e-05,-0.00011,0.00085,-2e-05,-3e-05,-0,0.00766,0.00039,-0.00062,-0.00901,0,0,-0,-0.00502,0.00034,-0.0011,0.00382,-0,-0,0.00014
30.2,-0.00402,-0.00372,-0.00022,0.00017,-2e-05,4e-05,-0.00222,-0.00022,4e-05,-0.0013,-6e-05,-0.00025,-2e-05,5e-05,-4e-05,-8e-05,0.00137,-4e-05,-4e-05,-0,0.00831,0.0003,-0.00059,-0.00963,0,0,2e-05,-0.00559,0.00027,-0.00111,0.00409,2e-05,1e-05,0.0001
30.22,-0.00487,-0.00454,-0.00017,0.0002,9e-05,6e-05,-0.00276,-0.00032,7e-05,-0.00149,-6e-05,-0.00025,-3e-05,2e-05,-0.00013,-5e-05,0.00192,-5e-05,-3e-05,-1e-05,0.00932,0.0003,-0.00051,-0.01079,0,1e-05,3e-05,-0.00609,0.00022,-0.00122,0.00477,2e-05,2e-05,8e-05
30.24,-0.00601,-0.00541,-0.00011,0.00024,0.00019,9e-05,-0.00332,-0.00045,0.00012,-0.00151,-7e-05,-0.00024,-3e-05,-4e-05,-0.00024,-3e-05,0.00249,-6e-05,-2e-05,-1e-05,0.01074,0.00042,-0.00038,-0.01255,0,1e-05,5e-05,-0.00651,0.00021,-0.00146,0.00588,1e-05,2e-05,8e-05
30.26,-0.00742,-0.00631,-7e-05,0.00029,0.00029,0.00011,-0.00388,-0.00059,0.00016,-0.00131,-7e-05,-0.00021,-2e-05,-0.00012,-0.00037,-1e-05,0.00308,-6e-05,1e-05,-1e-05,0.01254,0.00064,-0.0002,-0.01491,0,1e-05,5e-05,-0.00686,0.00022,-0.00185,0.00739,-3e-05,1e-05,0.00011
30.28,-0.00902,-0.00723,-3e-05,0.00034,0.00037,0.00012,-0.00439,-0.00074,0.0002,-0.0009,-4e-05,-0.00015,-0,-0.00019,-0.00052,0,0.00366,-6e-05,5e-05,-1e-05,0.0147,0.00096,2e-05,-0.01782,0,2e-05,5e-05,-0.00715,0.00026,-0.00238,0.00926,-9e-05,0,0.00016
30.3,-0.01107,-0.00814,-1e-05,0.00039,0.00044,0.00012,-0.00474,-0.00087,0.00021,-0.00033,4e-05,-6e-05,2e-05,-0.00025,-0.00066,-0,0.00423,-6e-05,9e-05,-1e-05,0.01711,0.00134,0.00026,-0.02116,0,2e-05,4e-05,-0.00743,0.00032,-0.00306,0.01133,-0.00016,-1e-05,0.00024
30.32,-0.01403,-0.00904,0,0.00043,0.00049,0.00012,-0.00477,-0.00095,0.00018,0.00033,0.00021,8e-05,5e-05,-0.00026,-0.00074,-1e-05,0.00476,-6e-05,0.00014,-1e-05,0.01959,0.00174,0.00052,-0.02479,0,3e-05,3e-05,-0.00776,0.0004,-0.0039,0.0134,-0.00025,-1e-05,0.00035
30.34,-0.0176,-0.00989,0,0.0004,0.00047,0.00012,-0.00452,-0.00097,0.00012,0.001,0.00049,0.00029,8e-05,-0.00021,-0.00077,-2e-05,0.00522,-5e-05,0.0002,-1e-05,0.02206,0.00212,0.00079,-0.02855,0,3e-05,2e-05,-0.00816,0.00048,-0.00486,0.01534,-0.00033,-0,0.00048
30.36,-0.0214,-0.01066,-0,0.00042,0.00045,0.00012,-0.00407,-0.00097,5e-05,0.00161,0.00081,0.00057,0.00011,-0.0001,-0.00076,-4e-05,0.00554,-4e-05,0.00026,-1e-05,0.02449,0.00248,0.00105,-0.03232,0,4e-05,1e-05,-0.00862,0.00055,-0.00588,0.01705,-0.00042,3e-05,0.00062
30.38,-0.02535,-0.01132,-1e-05,0.00046,0.00044,0.00012,-0.00344,-0.00094,-2e-05,0.00211,0.00113,0.00087,0.00012,6e-05,-0.00069,-5e-05,0.00573,-2e-05,0.00032,-1e-05,0.02678,0.0028,0.00131,-0.03597,0,5e-05,1e-05,-0.00915,0.0006,-0.00691,0.01843,-0.00049,8e-05,0.00077
30.4,-0.02978,-0.01194,-1e-05,0.00054,0.00043,0.00012,-0.00271,-0.00089,-8e-05,0.00249,0.00141,0.00118,0.00013,0.00026,-0.00058,-6e-05,0.00577,1e-05,0.00037,-0,0.02882,0.00302,0.00153,-0.03934,0,5e-05,1e-05,-0.00981,0.00063,-0.00792,0.01935,-0.00055,0.00015,0.00092
30.42,-0.03508,-0.01264,-0,0.00067,0.00043,0.00012,-0.00198,-0.00081,-0.00013,0.00272,0.00167,0.00148,0.00013,0.00047,-0.00046,-7e-05,0.00566,3e-05,0.00042,-0,0.03043,0.00305,0.00167,-0.04227,0,6e-05,1e-05,-0.01063,0.00063,-0.0089,0.01967,-0.0006,0.00023,0.00104
30.44,-0.04065,-0.01331,-0,0.00082,0.00042,0.00012,-0.00128,-0.00073,-0.00015,0.00282,0.00179,0.0017,0.00012,0.00068,-0.00032,-7e-05,0.00543,7e-05,0.00045,0,0.0316,0.00293,0.00174,-0.04462,0,7e-05,1e-05,-0.01156,0.00057,-0.00972,0.01941,-0.00063,0.0003,0.00114
30.46,-0.04584,-0.01384,-0,0.00097,0.00042,0.00011,-0.00068,-0.00064,-0.00016,0.00283,0.00174,0.00175,0.0001,0.00085,-0.00018,-7e-05,0.0051,0.0001,0.00047,0,0.03235,0.00273,0.00176,-0.04634,-0,7e-05,3e-05,-0.01258,0.00046,-0.0103,0.01864,-0.00065,0.00037,0.00121
30.48,-0.05066,-0.01429,-0,0.00112,0.00043,0.0001,-0.00019,-0.00055,-0.00015,0.00278,0.00155,0.00166,7e-05,0.00097,-6e-05,-6e-05,0.00472,0.00013,0.00046,1e-05,0.03266,0.00244,0.00172,-0.04738,-0,8e-05,5e-05,-0.01365,0.0003,-0.01064,0.01741,-0.00066,0.00044,0.00124
30.5,-0.0551,-0.01462,-0,0.00126,0.00043,8e-05,0.00016,-0.00046,-0.00013,0.00269,0.00123,0.00141,5e-05,0.00104,2e-05,-5e-05,0.00428,0.00017,0.00044,1e-05,0.03253,0.00212,0.00163,-0.04773,-0,8e-05,8e-05,-0.01474,0.0001,-0.01072,0.01587,-0.00065,0.0005,0.00125
30.52,-0.05916,-0.01478,-1e-05,0.00143,0.00043,7e-05,0.00039,-0.00038,-0.00011,0.00259,0.00083,0.00104,3e-05,0.00109,8e-05,-4e-05,0.0038,0.00019,0.0004,1e-05,0.03198,0.00177,0.00153,-0.04742,-0,8e-05,0.00011,-0.01579,-0.00012,-0.01057,0.01418,-0.00062,0.00057,0.00123
30.54,-0.06266,-0.01482,-0,0.00158,0.00044,6e-05,0.00051,-0.0003,-7e-05,0.00246,0.00045,0.00064,2e-05,0.00111,0.00012,-3e-05,0.00328,0.00021,0.00034,1e-05,0.03105,0.00144,0.00141,-0.04649,-0,8e-05,0.00015,-0.01674,-0.00033,-0.01028,0.01245,-0.00059,0.00064,0.0012
30.56,-0.06542,-0.01475,0,0.00153,0.00043,5e-05,0.00053,-0.00022,-4e-05,0.00231,0.00014,0.00028,0,0.00109,0.00014,-2e-05,0.00276,0.00022,0.00028,1e-05,0.02978,0.00114,0.00126,-0.04499,-0,8e-05,0.0002,-0.01756,-0.00052,-0.0099,0.01077,-0.00056,0.00072,0.00117
30.58,-0.06761,-0.01457,1e-05,0.00146,0.00039,4e-05,0.00048,-0.00014,-1e-05,0.00213,-0.00011,-3e-05,-1e-05,0.00103,0.00015,-1e-05,0.00223,0.00022,0.00021,1e-05,0.02824,0.00088,0.00109,-0.04304,-0,8e-05,0.00025,-0.01822,-0.00068,-0.00949,0.0092,-0.00051,0.00079,0.00113
30.6,-0.06902,-0.01423,2e-05,0.00136,0.00034,4e-05,0.0004,-5e-05,2e-05,0.0019,-0.00029,-0.00028,-2e-05,0.00096,0.00014,-0,0.00167,0.00021,0.00015,1e-05,0.02658,0.00067,0.00093,-0.04076,-0,8e-05,0.00029,-0.01864,-0.00081,-0.0091,0.0078,-0.00046,0.00085,0.00109
30.62,-0.06949,-0.01366,4e-05,0.00126,0.00031,3e-05,0.0003,2e-05,3e-05,0.00162,-0.00038,-0.00043,-3e-05,0.00088,0.00012,0,0.00109,0.00018,9e-05,1e-05,0.02498,0.00052,0.00078,-0.03833,-0,7e-05,0.00032,-0.01877,-0.00092,-0.00876,0.00662,-0.00041,0.00089,0.00104
30.64,-0.06947,-0.01295,6e-05,0.00115,0.00027,3e-05,0.00022,9e-05,3e-05,0.00128,-0.0004,-0.00049,-5e-05,0.00079,0.0001,1e-05,0.00053,0.00015,5e-05,1e-05,0.02343,0.00042,0.00064,-0.03583,-0,6e-05,0.00033,-0.01862,-0.00101,-0.00852,0.00566,-0.00036,0.00091,0.00097
30.66,-0.06918,-0.01214,7e-05,0.00105,0.00023,3e-05,0.00015,0.00016,2e-05,0.00084,-0.00038,-0.00049,-6e-05,0.0007,8e-05,2e-05,-1e-05,0.00011,1e-05,1e-05,0.02192,0.00033,0.00052,-0.03331,-0,4e-05,0.00032,-0.01823,-0.0011,-0.0084,0.00488,-0.0003,0.00089,0.0009
30.68,-0.06855,-0.01124,8e-05,0.00096,0.0002,2e-05,0.0001,0.00022,-0,0.00033,-0.00034,-0.00046,-7e-05,0.00061,6e-05,3e-05,-0.00052,6e-05,-1e-05,0,0.02048,0.00027,0.00041,-0.03078,-0,2e-05,0.00029,-0.01761,-0.00119,-0.00839,0.00426,-0.00025,0.00085,0.0008
30.7,-0.06745,-0.01028,7e-05,0.00088,0.00016,2e-05,7e-05,0.00027,-2e-05,-0.00024,-0.00031,-0.00041,-8e-05,0.00052,4e-05,4e-05,-0.001,2e-05,-3e-05,0,0.01909,0.00023,0.00031,-0.02822,-0,-1e-05,0.00026,-0.01677,-0.00128,-0.00844,0.00377,-0.00018,0.00078,0.0007
30.72,-0.06579,-0.0093,6e-05,0.0008,0.00013,2e-05,5e-05,0.00027,-4e-05,-0.00082,-0.0003,-0.00038,-8e-05,0.00044,1e-05,6e-05,-0.00144,-2e-05,-4e-05,-0,0.01772,0.0002,0.00024,-0.0256,-0,-3e-05,0.00021,-0.01574,-0.00137,-0.00849,0.00337,-0.00012,0.00068,0.00058
30.74,-0.06351,-0.00834,4e-05,0.00073,0.0001,2e-05,3e-05,0.00026,-5e-05,-0.00134,-0.00031,-0.00034,-9e-05,0.00037,-1e-05,8e-05,-0.00183,-5e-05,-5e-05,-0,0.01634,0.00018,0.00019,-0.0229,-0,-6e-05,0.00018,-0.01457,-0.00147,-0.0085,0.00301,-5e-05,0.00057,0.00045
30.76,-0.06056,-0.00742,2e-05,0.00066,8e-05,1e-05,1e-05,0.00025,-6e-05,-0.00178,-0.00031,-0.0003,-9e-05,0.0003,-2e-05,0.0001,-0.00218,-8e-05,-5e-05,-1e-05,0.01492,0.00016,0.00014,-0.02011,-0,-9e-05,0.00014,-0.01327,-0.00155,-0.00844,0.00268,2e-05,0.00044,0.0003
30.78,-0.0569,-0.00652,-1e-05,0.00059,6e-05,1e-05,-0,0.00024,-7e-05,-0.00212,-0.00032,-0.00025,-9e-05,0.00023,-4e-05,0.00011,-0.00248,-9e-05,-6e-05,-1e-05,0.01342,0.00013,0.00011,-0.01726,0,-0.00011,0.00011,-0.01183,-0.00162,-0.00831,0.00236,0.0001,0.0003,0.00015
30.8,-0.0524,-0.00563,-4e-05,0.00052,5e-05,1e-05,-2e-05,0.00021,-7e-05,-0.00232,-0.00032,-0.00021,-8e-05,0.00017,-5e-05,0.00011,-0.00272,-0.0001,-7e-05,-1e-05,0.01189,0.00012,8e-05,-0.01445,0,-0.00012,6e-05,-0.01019,-0.00167,-0.00813,0.00206,0.00017,0.00015,-1e-05
30.82,-0.0471,-0.00473,-8e-05,0.00044,4e-05,0,-3e-05,0.00016,-7e-05,-0.00237,-0.00031,-0.00017,-7e-05,0.00011,-4e-05,0.00012,-0.00288,-0.00011,-7e-05,-1e-05,0.01037,0.00012,7e-05,-0.0118,-0,-0.00012,-0,-0.00832,-0.00167,-0.00794,0.00182,0.00023,-1e-05,-0.00017
30.84,-0.04128,-0.00383,-0.00012,0.00034,4e-05,0,-4e-05,0.0001,-6e-05,-0.00224,-0.00027,-0.00014,-6e-05,5e-05,-3e-05,0.00012,-0.00296,-0.0001,-7e-05,-1e-05,0.00883,0.00012,6e-05,-0.00938,-0,-0.00011,-8e-05,-0.0062,-0.00165,-0.0078,0.00164,0.00029,-0.00018,-0.00033
30.86,-0.0352,-0.00293,-0.00016,0.00025,4e-05,-0,-2e-05,4e-05,-3e-05,-0.00194,-0.00021,-0.00012,-4e-05,-0,-2e-05,0.0001,-0.00297,-0.0001,-7e-05,-1e-05,0.00726,0.00014,6e-05,-0.0072,-0,-9e-05,-0.00019,-0.00382,-0.0016,-0.00777,0.00153,0.00034,-0.00034,-0.00049
30.88,-0.02903,-0.00204,-0.00021,0.00016,5e-05,-0,4e-05,-4e-05,1e-05,-0.00149,-0.0001,-0.00011,-1e-05,-5e-05,-1e-05,9e-05,-0.0029,-9e-05,-7e-05,-1e-05,0.0057,0.00017,7e-05,-0.00526,-0,-6e-05,-0.0003,-0.0012,-0.00154,-0.00788,0.0015,0.00038,-0.00049,-0.00065
30.9,-0.023,-0.00122,-0.00024,7e-05,7e-05,-0,0.00014,-0.00012,7e-05,-0.00095,4e-05,-0.0001,3e-05,-0.0001,0,7e-05,-0.00278,-8e-05,-7e-05,-1e-05,0.00419,0.0002,7e-05,-0.00355,-0,-3e-05,-0.0004,0.00161,-0.00146,-0.00814,0.00154,0.00042,-0.00063,-0.0008
30.92,-0.01739,-0.0005,-0.00027,-0,8e-05,-1e-05,0.00029,-0.0002,0.00015,-0.00037,0.00023,-0.0001,6e-05,-0.00014,0,4e-05,-0.00262,-7e-05,-6e-05,-1e-05,0.00279,0.00023,8e-05,-0.00202,0,-1e-05,-0.00048,0.0045,-0.00139,-0.00856,0.00168,0.00047,-0.00074,-0.00095
30.94,-0.01255,7e-05,-0.00027,-5e-05,0.0001,-1e-05,0.00048,-0.00027,0.00026,0.00018,0.00046,-0.0001,9e-05,-0.00017,-1e-05,2e-05,-0.00242,-6e-05,-5e-05,-1e-05,0.00152,0.00026,8e-05,-0.00065,0,1e-05,-0.00052,0.00734,-0.00133,-0.00917,0.00189,0.00053,-0.00081,-0.0011
30.96,-0.00864,0.00049,-0.00024,-8e-05,0.00012,-1e-05,0.00069,-0.00034,0.00039,0.00066,0.0007,-9e-05,0.00012,-0.00019,-1e-05,1e-05,-0.00219,-5e-05,-3e-05,-0,0.00043,0.0003,8e-05,0.00055,-0,3e-05,-0.00052,0.01008,-0.00128,-0.00999,0.00216,0.00061,-0.00084,-0.00123
30.98,-0.00569,0.00076,-0.0002,-7e-05,0.00014,-1e-05,0.00087,-0.0004,0.00054,0.001,0.00091,-8e-05,0.00015,-0.0002,-1e-05,0,-0.00195,-4e-05,-1e-05,-0,-0.00048,0.00033,7e-05,0.00159,-0,3e-05,-0.00046,0.01267,-0.00126,-0.011,0.00247,0.00072,-0.00083,-0.00136
31,-0.00369,0.0009,-0.00012,-5e-05,0.00015,-1e-05,0.00098,-0.00043,0.00068,0.00119,0.0011,-8e-05,0.00016,-0.0002,-1e-05,-0,-0.0017,-3e-05,1e-05,-0,-0.0012,0.00036,6e-05,0.00242,-0,4e-05,-0.00038,0.015,-0.00126,-0.01216,0.0028,0.00083,-0.00077,-0.00148
31.02,-0.00261,0.00092,-4e-05,-1e-05,0.00015,-1e-05,0.00105,-0.00039,0.00079,0.0012,0.00124,-7e-05,0.00016,-0.0002,-0,0,-0.00146,-3e-05,3e-05,-0,-0.00172,0.00041,5e-05,0.003,-1e-05,4e-05,-0.00028,0.01697,-0.00129,-0.0134,0.00312,0.00096,-0.00067,-0.00157
31.04,-0.00236,0.00085,6e-05,5e-05,0.00015,-1e-05,0.00107,-0.0003,0.00083,0.00104,0.00131,-7e-05,0.00015,-0.00019,0,1e-05,-0.00122,-3e-05,4e-05,-0,-0.00203,0.00046,4e-05,0.00326,-1e-05,3e-05,-0.00019,0.01851,-0.00135,-0.01468,0.0034,0.0011,-0.00054,-0.00164
31.06,-0.00285,0.00071,0.00015,0.00012,0.00015,-1e-05,0.00103,-0.00018,0.00083,0.00073,0.00127,-8e-05,0.00014,-0.00017,1e-05,1e-05,-0.00099,-3e-05,5e-05,-0,-0.00216,0.0005,3e-05,0.00321,-1e-05,3e-05,-0.00012,0.01962,-0.00144,-0.01596,0.00362,0.00123,-0.00038,-0.00168
31.08,-0.00395,0.00053,0.00024,0.0002,0.00014,-1e-05,0.00096,-5e-05,0.00077,0.00033,0.00115,-9e-05,0.00011,-0.00016,1e-05,1e-05,-0.00077,-3e-05,6e-05,-0,-0.00212,0.00053,2e-05,0.00286,-1e-05,3e-05,-7e-05,0.02028,-0.00155,-0.01718,0.00377,0.00138,-0.00018,-0.0017
31.1,-0.00551,0.00032,0.00031,0.00027,0.00013,-1e-05,0.00093,0.0001,0.00066,-0.00014,0.00095,-0.0001,9e-05,-0.00014,2e-05,1e-05,-0.00056,-3e-05,7e-05,-0,-0.00195,0.00056,0,0.00227,-1e-05,2e-05,-4e-05,0.02051,-0.00169,-0.01831,0.00387,0.00152,4e-05,-0.00167
31.12,-0.00741,0.0001,0.00035,0.00034,0.00012,-1e-05,0.00096,0.00027,0.00054,-0.00062,0.00069,-0.00013,6e-05,-0.00012,3e-05,2e-05,-0.00037,-4e-05,7e-05,-0,-0.0017,0.00056,-2e-05,0.00153,-1e-05,2e-05,-3e-05,0.02033,-0.00184,-0.01933,0.00391,0.00166,0.00029,-0.00159
31.14,-0.00957,-0.00013,0.00036,0.00041,0.00011,-1e-05,0.00104,0.00044,0.00041,-0.00111,0.00045,-0.00016,4e-05,-9e-05,6e-05,2e-05,-0.0002,-4e-05,7e-05,-1e-05,-0.00138,0.00055,-3e-05,0.00069,-0,1e-05,-3e-05,0.01977,-0.00201,-0.02018,0.0039,0.0018,0.00055,-0.00147
31.16,-0.01191,-0.00037,0.00034,0.00046,9e-05,-1e-05,0.00114,0.00057,0.00031,-0.0016,0.00024,-0.00019,3e-05,-7e-05,7e-05,2e-05,-5e-05,-4e-05,7e-05,-1e-05,-0.00105,0.00052,-6e-05,-0.00017,-0,1e-05,-4e-05,0.01885,-0.00218,-0.02077,0.00384,0.00193,0.00084,-0.00128
31.18,-0.01438,-0.00062,0.00031,0.00052,7e-05,-1e-05,0.00126,0.00067,0.00024,-0.00212,9e-05,-0.00023,2e-05,-5e-05,9e-05,2e-05,9e-05,-4e-05,6e-05,-1e-05,-0.00073,0.00046,-8e-05,-0.00102,-0,0,-6e-05,0.01759,-0.00235,-0.02113,0.00373,0.00205,0.00113,-0.00105
31.2,-0.01692,-0.0009,0.00025,0.00057,5e-05,-1e-05,0.00134,0.00071,0.00019,-0.00264,-3e-05,-0.00027,1e-05,-2e-05,0.0001,2e-05,0.0002,-4e-05,6e-05,-1e-05,-0.00043,0.00039,-0.0001,-0.00181,-0,-0,-7e-05,0.01607,-0.00251,-0.02124,0.00355,0.00214,0.00141,-0.00077
31.22,-0.01948,-0.00122,0.00016,0.00062,3e-05,-0,0.0013,0.00071,0.00014,-0.0031,-0.00011,-0.0003,1e-05,1e-05,0.0001,2e-05,0.00029,-4e-05,6e-05,-0,-0.00017,0.00031,-0.00014,-0.00251,-0,-1e-05,-9e-05,0.01437,-0.00268,-0.0211,0.00328,0.00221,0.00167,-0.00045
31.24,-0.02199,-0.0016,7e-05,0.00068,1e-05,-0,0.00123,0.00068,9e-05,-0.00351,-0.00014,-0.00031,0,5e-05,0.0001,2e-05,0.00036,-3e-05,6e-05,-0,2e-05,0.00022,-0.00019,-0.00309,-0,-1e-05,-0.00011,0.01254,-0.00282,-0.02075,0.00294,0.00223,0.00189,-0.00013
31.26,-0.0244,-0.00204,-3e-05,0.00074,-2e-05,-0,0.00117,0.00065,6e-05,-0.00393,-0.00016,-0.00032,0,0.0001,9e-05,2e-05,0.00041,-3e-05,6e-05,-0,0.00016,0.00011,-0.00023,-0.00353,-0,-1e-05,-0.00013,0.01063,-0.00295,-0.02018,0.00253,0.0022,0.00206,0.00018
31.28,-0.02669,-0.00255,-0.0001,0.00082,-4e-05,0,0.00111,0.00059,4e-05,-0.00433,-0.00015,-0.00031,-0,0.00014,9e-05,2e-05,0.00044,-2e-05,7e-05,-0,0.00025,2e-05,-0.00027,-0.00382,0,-1e-05,-0.00015,0.00875,-0.00304,-0.0194,0.0021,0.00212,0.00217,0.00045
31.3,-0.02886,-0.00309,-0.00017,0.0009,-7e-05,0,0.00104,0.00053,2e-05,-0.00468,-0.00014,-0.00029,-0,0.00018,8e-05,2e-05,0.00044,-1e-05,7e-05,-0,0.00029,-7e-05,-0.0003,-0.00396,0,-1e-05,-0.00016,0.00701,-0.0031,-0.01845,0.00169,0.00199,0.00219,0.00064
31.32,-0.03089,-0.00362,-0.00021,0.001,-9e-05,0,0.00095,0.00046,0,-0.00496,-0.00013,-0.00026,-0,0.00022,7e-05,2e-05,0.00044,0,8e-05,-0,0.00031,-0.00015,-0.00034,-0.00394,1e-05,-0,-0.00016,0.00557,-0.00308,-0.01741,0.00139,0.00182,0.00213,0.00073
31.34,-0.03273,-0.0041,-0.00024,0.00111,-0.00011,0,0.00086,0.0004,1e-05,-0.00516,-0.00011,-0.00023,-0,0.00025,5e-05,2e-05,0.00041,2e-05,8e-05,0,0.00031,-0.00021,-0.00036,-0.00377,2e-05,0,-0.00015,0.0045,-0.00301,-0.01622,0.00124,0.00163,0.00199,0.00071
31.36,-0.03431,-0.0045,-0.00023,0.00122,-0.00013,0,0.00081,0.00034,3e-05,-0.0053,-9e-05,-0.00019,-0,0.00029,4e-05,1e-05,0.00037,3e-05,9e-05,0,0.00032,-0.00025,-0.00034,-0.00346,4e-05,2e-05,-0.00013,0.00384,-0.00293,-0.01487,0.00129,0.00142,0.00177,0.00057
31.38,-0.03552,-0.0048,-0.00021,0.00133,-0.00015,-0,0.00077,0.00029,7e-05,-0.00536,-7e-05,-0.00014,-0,0.00031,3e-05,1e-05,0.00032,4e-05,9e-05,0,0.00034,-0.00027,-0.00031,-0.00304,6e-05,4e-05,-0.00011,0.00357,-0.00283,-0.01341,0.00152,0.00121,0.00151,0.00036
31.4,-0.03618,-0.00497,-0.00017,0.00142,-0.00016,-0,0.00073,0.00023,0.00012,-0.00536,-5e-05,-9e-05,-0,0.00033,2e-05,0,0.00025,5e-05,0.0001,0,0.00038,-0.00027,-0.00025,-0.00254,8e-05,6e-05,-8e-05,0.00359,-0.00273,-0.01189,0.00187,0.00101,0.00122,0.00011
31.42,-0.03611,-0.00497,-0.00011,0.00145,-0.00017,-0,0.0007,0.00018,0.00017,-0.00535,-4e-05,-3e-05,-1e-05,0.00037,1e-05,-0,0.00016,5e-05,0.0001,0,0.00044,-0.00021,-0.00018,-0.00201,0.0001,8e-05,-5e-05,0.00381,-0.00264,-0.01036,0.00228,0.00085,0.00096,-0.00012
31.44,-0.03513,-0.0048,-5e-05,0.00141,-0.00017,-1e-05,0.00065,0.00012,0.00021,-0.00529,-4e-05,2e-05,-2e-05,0.00039,-0,-1e-05,4e-05,6e-05,9e-05,1e-05,0.00052,-0.00015,-0.00012,-0.00145,0.00011,8e-05,-4e-05,0.00412,-0.00257,-0.00895,0.00265,0.00071,0.00074,-0.00032
31.46,-0.03311,-0.00446,-0,0.00131,-0.00017,-1e-05,0.00059,5e-05,0.00023,-0.00514,-5e-05,7e-05,-3e-05,0.00038,-1e-05,-1e-05,-8e-05,6e-05,9e-05,0,0.00061,-9e-05,-8e-05,-0.00088,0.00011,8e-05,-4e-05,0.00444,-0.00252,-0.00772,0.00293,0.0006,0.00056,-0.00047
31.48,-0.02995,-0.00398,2e-05,0.00113,-0.00017,-2e-05,0.00048,-2e-05,0.00022,-0.00488,-7e-05,0.00011,-4e-05,0.00036,-1e-05,-1e-05,-0.00022,5e-05,8e-05,0,0.00066,-3e-05,-5e-05,-0.00028,0.0001,6e-05,-5e-05,0.00472,-0.00247,-0.00665,0.00308,0.00052,0.00045,-0.00057
31.5,-0.02573,-0.00341,1e-05,0.00089,-0.00015,-2e-05,0.00034,-8e-05,0.00018,-0.00449,-0.00011,0.00014,-6e-05,0.0003,-1e-05,-1e-05,-0.00036,5e-05,6e-05,0,0.00066,1e-05,-4e-05,0.00035,8e-05,3e-05,-7e-05,0.00493,-0.00243,-0.00569,0.00307,0.00046,0.00038,-0.00062
31.52,-0.02057,-0.00282,-2e-05,0.00062,-0.00011,-2e-05,0.00015,-0.00012,0.00017,-0.00393,-0.00015,0.00016,-9e-05,0.00021,-1e-05,-1e-05,-0.0005,3e-05,5e-05,0,0.00054,4e-05,-4e-05,0.00103,6e-05,-1e-05,-0.0001,0.00506,-0.0024,-0.00481,0.00291,0.00042,0.00036,-0.00064
31.54,-0.0146,-0.00227,-6e-05,0.00033,-6e-05,-2e-05,-0.0001,-0.00015,0.00016,-0.00318,-0.00019,0.00016,-0.00012,0.00012,-2e-05,-0,-0.00061,2e-05,3e-05,0,0.00028,5e-05,-5e-05,0.00177,3e-05,-4e-05,-0.00013,0.00511,-0.00234,-0.00393,0.00261,0.00039,0.00038,-0.00064
31.56,-0.00796,-0.00178,-9e-05,4e-05,-1e-05,-2e-05,-0.00041,-0.00017,0.00013,-0.00222,-0.00021,0.00015,-0.00015,4e-05,-2e-05,-0,-0.00069,1e-05,2e-05,0,-0.00013,5e-05,-6e-05,0.00256,2e-05,-7e-05,-0.00016,0.00509,-0.00225,-0.00302,0.00218,0.00037,0.00042,-0.00063
31.58,-0.00093,-0.00136,-8e-05,-0.00025,5e-05,-1e-05,-0.00077,-0.00021,0.00013,-0.00107,-0.0002,0.00013,-0.00018,-3e-05,-3e-05,0,-0.00074,-1e-05,-0,-0,-0.00067,5e-05,-8e-05,0.00339,0,-0.0001,-0.00018,0.005,-0.00212,-0.00203,0.00161,0.00036,0.00047,-0.0006
31.6,0.00613,-0.00096,-6e-05,-0.00051,0.00011,-1e-05,-0.00116,-0.00028,0.00015,0.00024,-0.00014,0.0001,-0.00022,-8e-05,-4e-05,1e-05,-0.00075,-2e-05,-2e-05,-0,-0.0013,5e-05,-9e-05,0.00421,-1e-05,-0.00011,-0.00019,0.00486,-0.00197,-0.00091,0.00092,0.00034,0.00052,-0.00056
31.62,0.01284,-0.00055,-4e-05,-0.00072,0.00016,0,-0.00155,-0.00032,0.00017,0.00171,3e-05,5e-05,-0.00025,-0.0001,-2e-05,1e-05,-0.00072,-4e-05,-3e-05,-0,-0.00197,3e-05,-0.0001,0.00499,-2e-05,-0.00012,-0.00019,0.00467,-0.00182,0.00032,0.00011,0.00033,0.00055,-0.00052
31.64,0.01888,-8e-05,-1e-05,-0.00089,0.0002,1e-05,-0.00194,-0.00036,0.00016,0.00339,0.00025,2e-05,-0.00027,-0.00011,-1e-05,2e-05,-0.00066,-5e-05,-4e-05,-0,-0.00263,2e-05,-0.0001,0.0057,-3e-05,-0.00013,-0.00018,0.00447,-0.00167,0.00166,-0.00081,0.0003,0.00057,-0.00048
31.66,0.02402,0.00046,0,-0.00101,0.00022,1e-05,-0.00229,-0.00044,0.00016,0.0052,0.00043,-2e-05,-0.00028,-0.0001,1e-05,2e-05,-0.00058,-6e-05,-5e-05,-1e-05,-0.00325,1e-05,-0.00011,0.00629,-4e-05,-0.00013,-0.00017,0.00428,-0.00154,0.00312,-0.00181,0.00027,0.00056,-0.00043
31.68,0.02816,0.00107,1e-05,-0.00108,0.00023,1e-05,-0.0026,-0.00054,0.00015,0.00704,0.00054,-4e-05,-0.00028,-8e-05,2e-05,2e-05,-0.00047,-7e-05,-5e-05,-1e-05,-0.00381,-0,-0.0001,0.00679,-7e-05,-0.00014,-0.00015,0.00412,-0.00143,0.00466,-0.00286,0.00024,0.00053,-0.00039
31.7,0.03122,0.00171,0,-0.00112,0.00022,1e-05,-0.00274,-0.0006,0.00011,0.00882,0.00057,-6e-05,-0.00027,-4e-05,3e-05,2e-05,-0.00036,-7e-05,-5e-05,-1e-05,-0.00431,-1e-05,-9e-05,0.0072,-9e-05,-0.00015,-0.00012,0.004,-0.00133,0.00622,-0.00388,0.0002,0.00047,-0.00034
31.72,0.03314,0.00232,-1e-05,-0.00111,0.0002,1e-05,-0.00262,-0.00058,5e-05,0.01044,0.00054,-6e-05,-0.00023,-1e-05,3e-05,2e-05,-0.00026,-7e-05,-5e-05,-1e-05,-0.00476,-1e-05,-8e-05,0.00755,-0.00012,-0.00016,-0.0001,0.00395,-0.00123,0.0077,-0.0048,0.00015,0.0004,-0.0003
31.74,0.03395,0.00284,-2e-05,-0.00107,0.00017,1e-05,-0.00227,-0.00055,2e-05,0.01155,0.00043,-6e-05,-0.00017,3e-05,3e-05,2e-05,-0.00018,-6e-05,-4e-05,-1e-05,-0.00515,-0,-7e-05,0.00783,-0.00015,-0.00017,-7e-05,0.00397,-0.00112,0.00905,-0.00556,0.00011,0.00031,-0.00027
31.76,0.03375,0.00326,-3e-05,-0.00102,0.00013,1e-05,-0.00179,-0.00052,-1e-05,0.01191,0.00024,-5e-05,-0.0001,6e-05,3e-05,2e-05,-0.00011,-6e-05,-3e-05,-1e-05,-0.00548,0,-5e-05,0.00806,-0.00019,-0.00018,-5e-05,0.00407,-0.00098,0.01021,-0.0061,6e-05,0.00022,-0.00023
31.78,0.03268,0.00358,-3e-05,-0.00095,9e-05,1e-05,-0.00123,-0.00048,-7e-05,0.01157,9e-05,-4e-05,-3e-05,8e-05,3e-05,2e-05,-7e-05,-5e-05,-2e-05,-0,-0.00573,1e-05,-3e-05,0.00821,-0.00022,-0.0002,-3e-05,0.00425,-0.00084,0.01113,-0.00642,1e-05,0.00012,-0.0002
31.8,0.03092,0.00381,-2e-05,-0.00086,5e-05,1e-05,-0.00073,-0.00042,-0.00014,0.01068,-1e-05,-2e-05,2e-05,0.0001,3e-05,1e-05,-4e-05,-3e-05,-0,-0,-0.00588,2e-05,-1e-05,0.00825,-0.00024,-0.00021,-2e-05,0.00447,-0.00069,0.01172,-0.00654,-3e-05,2e-05,-0.00017
31.82,0.02867,0.00397,-2e-05,-0.00078,1e-05,1e-05,-0.00036,-0.00034,-0.00016,0.00945,0.00014,-0,6e-05,0.00011,2e-05,1e-05,-4e-05,-2e-05,1e-05,-0,-0.0059,2e-05,1e-05,0.00813,-0.00026,-0.00023,-1e-05,0.00471,-0.00054,0.0119,-0.00647,-7e-05,-7e-05,-0.00014
31.84,0.02603,0.00408,-2e-05,-0.00069,-2e-05,1e-05,-0.0001,-0.00027,-0.00013,0.00801,0.00062,4e-05,0.00011,0.00011,1e-05,1e-05,-4e-05,-1e-05,2e-05,-0,-0.00575,2e-05,3e-05,0.00781,-0.00027,-0.00023,-0,0.00494,-0.00042,0.01166,-0.00623,-0.0001,-0.00016,-0.00012
31.86,0.02311,0.00415,-2e-05,-0.00059,-6e-05,1e-05,6e-05,-0.0002,-4e-05,0.00654,0.00127,0.0001,0.00014,0.0001,0,1e-05,-6e-05,0,3e-05,0,-0.00545,3e-05,4e-05,0.0073,-0.00027,-0.00023,-0,0.00514,-0.00033,0.01102,-0.00584,-0.00013,-0.00024,-9e-05
31.88,0.02002,0.00417,-2e-05,-0.0005,-9e-05,1e-05,0.00015,-0.00012,0.00011,0.00519,0.00192,0.00017,0.00016,9e-05,-1e-05,1e-05,-8e-05,1e-05,3e-05,0,-0.00499,3e-05,6e-05,0.0066,-0.00026,-0.00022,-0,0.00526,-0.00026,0.01001,-0.00531,-0.00015,-0.00031,-7e-05
31.9,0.0169,0.00411,-2e-05,-0.00041,-0.00011,1e-05,0.0002,-6e-05,0.00029,0.00392,0.0025,0.00023,0.00017,7e-05,-2e-05,1e-05,-0.0001,2e-05,3e-05,0,-0.00443,3e-05,7e-05,0.00576,-0.00023,-0.0002,-0,0.00529,-0.00021,0.00875,-0.00468,-0.00016,-0.00035,-6e-05
31.92,0.0139,0.00391,-1e-05,-0.00032,-0.00012,1e-05,0.00025,-1e-05,0.00043,0.00262,0.00297,0.00031,0.00017,5e-05,-3e-05,1e-05,-0.00013,2e-05,2e-05,0,-0.00379,3e-05,7e-05,0.00485,-0.00019,-0.00016,-0,0.0052,-0.00018,0.00736,-0.00395,-0.00017,-0.00037,-4e-05
31.94,0.01102,0.00355,-1e-05,-0.00023,-0.00012,1e-05,0.00029,4e-05,0.00048,0.00154,0.00316,0.00035,0.00015,3e-05,-3e-05,1e-05,-0.00016,3e-05,2e-05,0,-0.00314,2e-05,6e-05,0.00393,-0.00013,-0.00011,-0,0.00495,-0.00016,0.0059,-0.00316,-0.00017,-0.00036,-3e-05
31.96,0.00826,0.00305,-0,-0.00015,-0.00011,1e-05,0.00032,9e-05,0.00045,0.00077,0.00301,0.00033,0.00012,1e-05,-3e-05,1e-05,-0.00018,2e-05,1e-05,0,-0.00251,2e-05,5e-05,0.00302,-7e-05,-6e-05,-0,0.00453,-0.00014,0.00441,-0.00234,-0.00016,-0.00032,-3e-05
31.98,0.00567,0.0024,-1e-05,-7e-05,-9e-05,1e-05,0.00036,0.00012,0.00041,0.00019,0.00269,0.00028,0.0001,-0,-2e-05,1e-05,-0.0002,2e-05,1e-05,0,-0.00193,1e-05,3e-05,0.00218,0,1e-05,0,0.00395,-0.00013,0.00298,-0.00151,-0.00014,-0.00025,-2e-05
32,0.00326,0.00166,-1e-05,0,-6e-05,1e-05,0.00033,0.00015,0.00034,-0.00031,0.00217,0.00019,8e-05,-2e-05,-2e-05,1e-05,-0.00022,2e-05,1e-05,0,-0.0014,0,1e-05,0.00141,7e-05,7e-05,1e-05,0.00325,-0.00012,0.00167,-0.00072,-0.0001,-0.00016,-2e-05
32.02,0.00107,0.00087,-1e-05,7e-05,-4e-05,0,0.00022,0.00017,0.00023,-0.0008,0.00144,0.0001,5e-05,-3e-05,-1e-05,1e-05,-0.00023,1e-05,0,0,-0.00095,-0,-3e-05,0.00074,0.00013,0.00013,2e-05,0.00247,-0.00012,0.00053,-2e-05,-6e-05,-6e-05,-3e-05
32.04,-0.00084,6e-05,-1e-05,0.00012,-2e-05,0,9e-05,0.0002,0.00012,-0.00133,0.00085,3e-05,3e-05,-5e-05,-0,2e-05,-0.00024,1e-05,-0,0,-0.0006,-0,-7e-05,0.00018,0.00016,0.00017,2e-05,0.00164,-0.00012,-0.00043,0.00056,1e-05,5e-05,-3e-05
32.06,-0.00246,-0.00073,-1e-05,0.00016,-0,0,-3e-05,0.00023,6e-05,-0.00193,0.00051,-1e-05,3e-05,-6e-05,1e-05,2e-05,-0.00024,0,-1e-05,0,-0.00033,-1e-05,-0.00013,-0.00025,0.00018,0.00019,3e-05,0.0008,-0.00013,-0.00118,0.00099,9e-05,0.00014,-3e-05
32.08,-0.00379,-0.00147,-1e-05,0.00018,0,0,-0.00014,0.00024,2e-05,-0.00262,0.0003,-1e-05,2e-05,-8e-05,2e-05,2e-05,-0.00024,-0,-1e-05,-0,-0.00014,-1e-05,-0.00018,-0.00057,0.00018,0.0002,4e-05,-0,-0.00015,-0.00173,0.00128,0.00019,0.00023,-4e-05
32.1,-0.00484,-0.00212,-0,0.00019,0,1e-05,-0.00024,0.00025,-1e-05,-0.00336,0.0002,1e-05,2e-05,-9e-05,2e-05,2e-05,-0.00024,-0,-2e-05,-0,-3e-05,-1e-05,-0.00025,-0.00078,0.00016,0.00019,4e-05,-0.00072,-0.00018,-0.0021,0.00143,0.00029,0.00031,-4e-05
32.12,-0.00562,-0.00264,0,0.00018,-0,1e-05,-0.00034,0.00029,-1e-05,-0.00405,0.00016,5e-05,1e-05,-0.0001,3e-05,2e-05,-0.00023,-1e-05,-2e-05,-0,3e-05,-2e-05,-0.0003,-0.00088,0.00012,0.00017,5e-05,-0.0013,-0.00021,-0.00234,0.00147,0.0004,0.00038,-4e-05
32.14,-0.00613,-0.00302,0,0.00017,-1e-05,1e-05,-0.00042,0.00032,4e-05,-0.00471,0.00014,0.00011,1e-05,-0.00011,4e-05,2e-05,-0.00021,-1e-05,-2e-05,-0,3e-05,-4e-05,-0.00035,-0.00087,9e-05,0.00014,5e-05,-0.00171,-0.00026,-0.00244,0.00142,0.0005,0.00043,-5e-05
32.16,-0.00638,-0.00323,1e-05,0.00015,-1e-05,1e-05,-0.00048,0.00033,9e-05,-0.00539,0.00012,0.00017,1e-05,-0.00012,5e-05,3e-05,-0.00019,-0,-3e-05,-0,-0,-7e-05,-0.00039,-0.00078,6e-05,0.00011,5e-05,-0.00194,-0.00031,-0.00244,0.0013,0.00058,0.00046,-5e-05
32.18,-0.00639,-0.00328,1e-05,0.00011,-2e-05,1e-05,-0.00052,0.00032,0.00014,-0.00603,0.0001,0.00022,0,-0.00013,5e-05,3e-05,-0.00017,-0,-3e-05,-0,-6e-05,-9e-05,-0.00041,-0.00062,3e-05,9e-05,5e-05,-0.00201,-0.00037,-0.00233,0.00113,0.00062,0.00047,-6e-05
32.2,-0.00617,-0.0032,1e-05,8e-05,-2e-05,0,-0.00054,0.00028,0.00016,-0.00657,6e-05,0.00026,-1e-05,-0.00014,6e-05,3e-05,-0.00014,-0,-3e-05,-0,-0.00013,-0.00012,-0.00041,-0.00042,1e-05,7e-05,4e-05,-0.00196,-0.00042,-0.00214,0.00091,0.00063,0.00046,-7e-05
32.22,-0.00574,-0.00299,1e-05,3e-05,-2e-05,0,-0.00054,0.00024,0.00019,-0.00697,-1e-05,0.00027,-2e-05,-0.00015,7e-05,3e-05,-0.00012,-0,-4e-05,-0,-0.0002,-0.00014,-0.0004,-0.0002,0,5e-05,4e-05,-0.00184,-0.00046,-0.00184,0.00066,0.00061,0.00043,-7e-05
32.24,-0.00511,-0.00271,1e-05,-1e-05,-2e-05,0,-0.00051,0.00019,0.00018,-0.00719,-9e-05,0.00024,-3e-05,-0.00015,8e-05,3e-05,-0.00011,-0,-4e-05,0,-0.00027,-0.00016,-0.00037,0,-0,3e-05,3e-05,-0.0017,-0.00048,-0.00146,0.00037,0.00056,0.00038,-8e-05
32.26,-0.00431,-0.00237,1e-05,-7e-05,-2e-05,-0,-0.00047,0.00014,0.00012,-0.00718,-0.0002,0.00018,-5e-05,-0.00016,8e-05,3e-05,-0.00011,-0,-5e-05,-0,-0.00033,-0.00017,-0.00033,0.00018,-1e-05,2e-05,2e-05,-0.00158,-0.00048,-0.001,6e-05,0.00048,0.00032,-9e-05
32.28,-0.00338,-0.00198,1e-05,-0.00012,-1e-05,-0,-0.00041,9e-05,3e-05,-0.00692,-0.00031,8e-05,-8e-05,-0.00016,9e-05,3e-05,-0.00013,-1e-05,-6e-05,-0,-0.00037,-0.00018,-0.00028,0.00032,-1e-05,2e-05,2e-05,-0.0015,-0.00045,-0.00045,-0.00028,0.00037,0.00023,-0.0001
32.3,-0.00238,-0.00158,1e-05,-0.00018,-1e-05,-0,-0.00035,4e-05,-7e-05,-0.00641,-0.00042,-5e-05,-0.00011,-0.00017,0.0001,3e-05,-0.00018,-2e-05,-7e-05,-0,-0.0004,-0.00018,-0.00022,0.0004,-0,1e-05,1e-05,-0.00147,-0.00041,0.00017,-0.00065,0.00025,0.00014,-0.00012
32.32,-0.00138,-0.00117,0,-0.00023,-2e-05,-0,-0.00032,1e-05,-0.00017,-0.00567,-0.00049,-0.00019,-0.00013,-0.00017,0.00012,3e-05,-0.00026,-3e-05,-9e-05,-0,-0.00041,-0.00018,-0.00015,0.00043,-0,1e-05,1e-05,-0.00149,-0.00035,0.00083,-0.00103,0.00012,2e-05,-0.00013
32.34,-0.00046,-0.00077,-1e-05,-0.00029,-2e-05,-0,-0.0003,-0,-0.00025,-0.00474,-0.00051,-0.00032,-0.00016,-0.00017,0.00013,3e-05,-0.00037,-4e-05,-0.00011,-0,-0.00038,-0.00018,-8e-05,0.0004,-0,0,0,-0.00156,-0.00028,0.00151,-0.00143,-1e-05,-0.0001,-0.00015
32.36,0.00031,-0.00039,-3e-05,-0.00034,-3e-05,-0,-0.00029,-1e-05,-0.00029,-0.00364,-0.00049,-0.00043,-0.00018,-0.00018,0.00015,3e-05,-0.00052,-5e-05,-0.00014,-0,-0.00033,-0.00017,0,0.00028,0,-0,0,-0.00173,-0.00018,0.00221,-0.00181,-0.00015,-0.00023,-0.00016
32.38,0.00087,-3e-05,-5e-05,-0.00039,-4e-05,-0,-0.00029,-1e-05,-0.00028,-0.00245,-0.00047,-0.00052,-0.0002,-0.00019,0.00016,2e-05,-0.00071,-7e-05,-0.00017,-0,-0.00022,-0.00015,9e-05,6e-05,0,-0,0,-0.00203,-6e-05,0.00291,-0.00217,-0.00029,-0.00036,-0.00016
32.4,0.00112,0.0003,-6e-05,-0.00043,-5e-05,0,-0.0003,-2e-05,-0.00025,-0.00133,-0.00039,-0.00055,-0.0002,-0.00019,0.00017,2e-05,-0.00093,-8e-05,-0.00021,-1e-05,-4e-05,-0.00011,0.00019,-0.0003,0,-1e-05,1e-05,-0.00251,0.0001,0.0036,-0.00245,-0.00041,-0.00049,-0.00014
32.42,0.00101,0.00058,-8e-05,-0.00046,-6e-05,0,-0.0003,-2e-05,-0.00021,-0.00036,-0.00015,-0.00048,-0.00019,-0.00019,0.00018,2e-05,-0.00116,-0.0001,-0.00025,-1e-05,0.00024,-6e-05,0.00028,-0.00082,0,-1e-05,1e-05,-0.00325,0.00032,0.00425,-0.00264,-0.00053,-0.00062,-0.0001
32.44,0.00047,0.00079,-8e-05,-0.00048,-8e-05,0,-0.0003,-2e-05,-0.00015,0.00048,8e-05,-0.00036,-0.00017,-0.00016,0.0002,3e-05,-0.00139,-0.0001,-0.00029,-1e-05,0.00063,1e-05,0.00037,-0.00155,0,-1e-05,2e-05,-0.00432,0.00059,0.00488,-0.0027,-0.00063,-0.00073,-3e-05
32.46,-0.00054,0.00091,-7e-05,-0.00048,-9e-05,0,-0.00027,-3e-05,-7e-05,0.00109,0.00018,-0.00025,-0.00012,-0.00011,0.00021,3e-05,-0.00164,-0.00011,-0.00033,-1e-05,0.00116,9e-05,0.00046,-0.00251,0,-1e-05,3e-05,-0.0058,0.00093,0.00549,-0.00262,-0.00071,-0.00081,8e-05
32.48,-0.00205,0.00093,-5e-05,-0.00047,-0.00011,0,-0.00022,-3e-05,-1e-05,0.00141,0.00022,-0.00015,-7e-05,-4e-05,0.00022,3e-05,-0.0019,-0.00011,-0.00035,-1e-05,0.00185,0.00018,0.00054,-0.00373,0,-0,4e-05,-0.00777,0.00133,0.00612,-0.00243,-0.00079,-0.00086,0.00025
32.5,-0.00405,0.0008,-3e-05,-0.00045,-0.00012,1e-05,-0.00015,-3e-05,2e-05,0.00145,0.00014,-0.0001,-3e-05,0.00011,0.00023,3e-05,-0.00215,-0.00011,-0.00036,-1e-05,0.00269,0.00027,0.00062,-0.00522,0,-0,5e-05,-0.01029,0.00178,0.0068,-0.00215,-0.00086,-0.00086,0.00048
32.52,-0.00654,0.00051,-1e-05,-0.00041,-0.00013,1e-05,-6e-05,-3e-05,4e-05,0.00128,1e-05,-0.00011,1e-05,0.00038,0.00025,3e-05,-0.00237,-0.0001,-0.00035,-1e-05,0.00368,0.00034,0.00067,-0.00697,0,0,6e-05,-0.01338,0.00228,0.00756,-0.00183,-0.00094,-0.00081,0.00079
32.54,-0.00952,4e-05,1e-05,-0.00038,-0.00014,1e-05,2e-05,-4e-05,5e-05,0.00097,-1e-05,-0.0001,3e-05,0.00076,0.00027,3e-05,-0.00259,-9e-05,-0.00031,-1e-05,0.00482,0.00038,0.00071,-0.00898,0,1e-05,7e-05,-0.01705,0.00283,0.00843,-0.0015,-0.00103,-0.00067,0.00118
32.56,-0.013,-0.00062,3e-05,-0.00034,-0.00014,1e-05,0.00011,-5e-05,4e-05,0.00056,0.00011,-5e-05,6e-05,0.00123,0.0003,2e-05,-0.00283,-7e-05,-0.00025,-1e-05,0.00611,0.0004,0.00073,-0.01123,-0,1e-05,7e-05,-0.02125,0.00336,0.00944,-0.00121,-0.00114,-0.00045,0.00165
32.58,-0.01698,-0.00143,6e-05,-0.00031,-0.00013,1e-05,0.00024,-9e-05,1e-05,0.00011,0.00032,5e-05,7e-05,0.0018,0.00033,0,-0.00311,-4e-05,-0.00018,-0,0.00754,0.00039,0.00075,-0.01368,-0,2e-05,7e-05,-0.02582,0.00388,0.01055,-0.00094,-0.00128,-0.00013,0.0022
32.6,-0.02143,-0.00236,0.0001,-0.0003,-0.00012,0,0.00045,-0.00015,-3e-05,-0.00041,0.00058,0.00019,9e-05,0.00244,0.00035,-1e-05,-0.00342,-0,-0.0001,0,0.00907,0.00036,0.00077,-0.01625,-0,3e-05,5e-05,-0.03061,0.00436,0.01174,-0.00069,-0.00145,0.00031,0.0028
32.62,-0.02633,-0.00335,0.00015,-0.00035,-0.0001,0,0.00079,-0.00025,-7e-05,-0.00099,0.00088,0.0004,0.0001,0.00313,0.00038,0,-0.00371,5e-05,-2e-05,1e-05,0.01061,0.00029,0.00076,-0.01884,-1e-05,4e-05,3e-05,-0.03548,0.00479,0.01301,-0.00043,-0.00168,0.00086,0.00344
32.64,-0.03153,-0.00434,0.0002,-0.00046,-8e-05,-0,0.00131,-0.00037,-0.0001,-0.00167,0.00117,0.00065,0.0001,0.00381,0.00041,4e-05,-0.00399,0.00011,4e-05,1e-05,0.01215,0.00021,0.00076,-0.02135,-1e-05,5e-05,-0,-0.04009,0.00514,0.01422,-0.00015,-0.00195,0.00151,0.00409
32.66,-0.03683,-0.0053,0.00023,-0.00066,-5e-05,-1e-05,0.00206,-0.00053,-0.00012,-0.00252,0.00139,0.0009,0.00011,0.00444,0.00042,9e-05,-0.00425,0.00019,8e-05,2e-05,0.01368,0.00013,0.00077,-0.02373,-1e-05,7e-05,-5e-05,-0.04413,0.00539,0.01526,0.00017,-0.00225,0.00226,0.00472
32.68,-0.04191,-0.00618,0.0002,-0.00098,-2e-05,-1e-05,0.00302,-0.00072,-0.00013,-0.00355,0.00154,0.00113,0.00011,0.0049,0.00043,0.00016,-0.00442,0.00026,0.0001,3e-05,0.01516,4e-05,0.00078,-0.02593,-2e-05,8e-05,-0.00012,-0.04744,0.00555,0.01602,0.00051,-0.00256,0.00308,0.00532
32.7,-0.04644,-0.0069,5e-05,-0.00145,1e-05,-1e-05,0.00427,-0.00088,-0.00011,-0.00474,0.00161,0.00131,0.00011,0.00507,0.00042,0.00025,-0.00447,0.00033,8e-05,3e-05,0.01653,-4e-05,0.0008,-0.02787,-2e-05,0.00011,-0.0002,-0.04994,0.00558,0.01636,0.00087,-0.00287,0.00393,0.00582
32.72,-0.04993,-0.00735,-0.00024,-0.00209,4e-05,-1e-05,0.00581,-0.00089,-4e-05,-0.00593,0.00161,0.00145,0.00011,0.0048,0.0004,0.00038,-0.00439,0.00039,5e-05,4e-05,0.01772,-9e-05,0.00082,-0.02949,-3e-05,0.00013,-0.0003,-0.05158,0.00542,0.01618,0.00124,-0.00313,0.00471,0.00613
32.74,-0.05167,-0.00746,-0.0007,-0.00292,6e-05,-1e-05,0.00732,-0.00075,5e-05,-0.00691,0.00155,0.0015,0.0001,0.00408,0.00039,0.0005,-0.00411,0.00044,0,4e-05,0.01866,-0.00012,0.00083,-0.03067,-3e-05,0.00015,-0.00041,-0.05215,0.00515,0.01537,0.0016,-0.00331,0.0054,0.00628
32.76,-0.05105,-0.00724,-0.00134,-0.00386,7e-05,-1e-05,0.00833,-0.00053,0.00013,-0.00748,0.00142,0.00143,9e-05,0.0029,0.00045,0.00061,-0.00359,0.00047,-4e-05,4e-05,0.01927,-0.00011,0.00084,-0.03128,-3e-05,0.00017,-0.00052,-0.05149,0.00487,0.01391,0.00195,-0.00338,0.00597,0.00629
32.78,-0.04775,-0.00664,-0.00212,-0.00481,7e-05,-0,0.00833,-0.00031,0.00021,-0.00738,0.00125,0.0013,8e-05,0.00121,0.00058,0.00071,-0.00284,0.00047,-7e-05,4e-05,0.01945,-8e-05,0.00084,-0.0312,-3e-05,0.00019,-0.00061,-0.04959,0.00456,0.01187,0.00229,-0.00335,0.00639,0.00617
32.8,-0.04211,-0.00576,-0.00301,-0.00563,7e-05,0,0.00756,5e-05,0.00025,-0.00665,0.00103,0.0011,6e-05,-0.0003,0.00077,0.00077,-0.00203,0.00046,-6e-05,4e-05,0.01904,-3e-05,0.00081,-0.03022,-2e-05,0.00019,-0.00064,-0.04648,0.00431,0.00945,0.00263,-0.00322,0.00665,0.0059
32.82,-0.03469,-0.00472,-0.00397,-0.00616,6e-05,1e-05,0.00667,0.00076,0.00023,-0.00537,0.00078,0.00084,5e-05,-0.00058,0.00102,0.00072,-0.00134,0.00043,-1e-05,4e-05,0.01786,3e-05,0.00072,-0.02815,-3e-05,0.00018,-0.00059,-0.04222,0.00419,0.00686,0.00297,-0.00302,0.0067,0.00548
32.84,-0.02555,-0.00351,-0.00466,-0.00603,4e-05,1e-05,0.00536,0.00131,0.00019,-0.00366,0.00054,0.00063,3e-05,-0.00018,0.00116,0.00065,-0.00078,0.00039,0.0001,3e-05,0.01589,6e-05,0.00059,-0.02486,-4e-05,0.00015,-0.00043,-0.03678,0.0042,0.00425,0.00334,-0.00279,0.00656,0.00496
32.86,-0.01497,-0.00216,-0.00475,-0.00496,2e-05,1e-05,0.00375,0.00138,0.00018,-0.00198,0.00035,0.00052,2e-05,0.00029,0.00108,0.00059,-0.00035,0.00034,0.00025,2e-05,0.01315,5e-05,0.00045,-0.02031,-3e-05,0.00011,-0.00015,-0.03018,0.00432,0.00175,0.00376,-0.00257,0.00626,0.0044
32.88,-0.00311,-0.00067,-0.00417,-0.00293,1e-05,1e-05,0.00236,0.0012,0.00018,-0.00068,0.0002,0.00048,0,0.00085,0.00077,0.00053,-6e-05,0.00029,0.00045,2e-05,0.00967,-1e-05,0.00029,-0.01448,-2e-05,6e-05,0.00026,-0.02253,0.00459,-0.00053,0.00425,-0.00236,0.0058,0.00381
32.9,0.01019,0.001,-0.00289,-7e-05,-0,1e-05,0.00064,0.00067,0.0002,-7e-05,9e-05,0.00049,-1e-05,0.00047,0.00026,0.00049,0.00014,0.00024,0.00067,1e-05,0.0057,-9e-05,0.00015,-0.0076,1e-05,1e-05,0.00073,-0.01385,0.00497,-0.00251,0.00489,-0.00219,0.0053,0.00325
32.92,0.02495,0.00289,-0.0012,0.00303,0,-0,-0.00113,0,0.00027,0.00042,1e-05,0.00057,-2e-05,-0.00037,-0.00029,0.00054,0.00038,0.0002,0.00093,1e-05,0.00145,-0.00011,9e-05,0.00015,3e-05,-3e-05,0.0012,-0.00439,0.00537,-0.00411,0.0058,-0.00206,0.00486,0.00276
32.94,0.04112,0.00497,0.00053,0.00575,1e-05,-1e-05,-0.00218,-0.00047,0.0004,0.0014,-3e-05,0.00066,-3e-05,-0.00059,-0.00076,0.00061,0.00076,0.00015,0.0012,0,-0.00302,-8e-05,6e-05,0.0086,4e-05,-7e-05,0.00161,0.00548,0.00581,-0.0053,0.00702,-0.00199,0.00444,0.00233
32.96,0.05845,0.0071,0.002,0.00783,4e-05,-2e-05,-0.0029,-0.00083,0.00054,0.00269,-6e-05,0.00075,-4e-05,-0.00059,-0.00105,0.00067,0.00129,0.00012,0.00142,0,-0.00746,-6e-05,2e-05,0.01754,3e-05,-0.0001,0.00193,0.01564,0.00631,-0.00601,0.00855,-0.00197,0.00401,0.00193
32.98,0.07595,0.00906,0.00293,0.00786,8e-05,-4e-05,-0.00336,-0.00099,0.00069,0.00412,-6e-05,0.00081,-4e-05,-0.00053,-0.00112,0.00072,0.00196,9e-05,0.00156,-0,-0.0116,-2e-05,-2e-05,0.02675,2e-05,-0.00011,0.00215,0.02598,0.00682,-0.00624,0.01047,-0.00199,0.00359,0.0016
33,0.09198,0.01053,0.00317,0.00731,0.00012,-4e-05,-0.0037,-0.00081,0.00081,0.00545,-7e-05,0.00083,-4e-05,-0.00049,-0.00098,0.00077,0.00274,6e-05,0.00161,-0,-0.01523,2e-05,-7e-05,0.03594,1e-05,-0.00011,0.00227,0.03615,0.00728,-0.00595,0.01293,-0.002,0.00321,0.00131
33.02,0.10462,0.0113,0.00279,0.00663,0.00012,-4e-05,-0.00413,-0.00012,0.00086,0.00646,-7e-05,0.0008,-4e-05,-0.00064,-0.00075,0.00079,0.00355,4e-05,0.00154,-0,-0.0182,1e-05,-0.00012,0.0448,0,-0.0001,0.00234,0.04554,0.00757,-0.00508,0.01626,-0.00197,0.00286,0.00108
33.04,0.1122,0.0114,0.00197,0.00588,0.00011,-3e-05,-0.00437,0.00086,0.00084,0.00693,-8e-05,0.0007,-3e-05,-0.00103,-0.00048,0.00079,0.00423,2e-05,0.00139,-0,-0.02025,-1e-05,-0.00019,0.05308,0,-8e-05,0.00235,0.054,0.0077,-0.00371,0.02047,-0.00185,0.00254,0.00091
33.06,0.11409,0.01102,0.001,0.00513,9e-05,-1e-05,-0.0042,0.00168,0.00079,0.00684,-0.00011,0.00053,-3e-05,-0.00162,-0.00026,0.00077,0.00464,-0,0.00119,-0,-0.02118,-2e-05,-0.00028,0.06067,-0,-6e-05,0.00227,0.06166,0.0077,-0.00188,0.02546,-0.00164,0.00225,0.0008
33.08,0.1103,0.01037,0.0002,0.00436,6e-05,0,-0.00359,0.00218,0.00075,0.00635,-0.00015,0.00031,-3e-05,-0.00222,-0.00011,0.00072,0.00476,-3e-05,0.00097,-1e-05,-0.02106,-1e-05,-0.00042,0.06754,-0,-4e-05,0.00213,0.06832,0.00756,0.00033,0.03138,-0.0013,0.00198,0.00076
33.1,0.1018,0.00972,-0.00031,0.00363,3e-05,2e-05,-0.00289,0.00214,0.00072,0.00563,-0.0002,5e-05,-3e-05,-0.00283,-5e-05,0.00064,0.00461,-6e-05,0.00075,-1e-05,-0.02002,4e-05,-0.00056,0.07386,-0,-1e-05,0.00193,0.07417,0.00723,0.0028,0.03803,-0.00083,0.00174,0.00076
33.12,0.08998,0.00922,-0.00056,0.00297,2e-05,2e-05,-0.00255,0.00165,0.00073,0.00487,-0.00026,-0.00021,-3e-05,-0.00352,-3e-05,0.00052,0.00428,-0.0001,0.00053,-1e-05,-0.01825,0.00015,-0.00056,0.0798,-0,1e-05,0.00167,0.07946,0.00669,0.00534,0.04496,-0.00022,0.00151,0.00079
33.14,0.07605,0.00882,-0.00062,0.00207,0,1e-05,-0.00242,0.00104,0.00073,0.00422,-0.00032,-0.00044,-3e-05,-0.00408,1e-05,0.00039,0.00391,-0.00014,0.00034,-1e-05,-0.01604,0.0003,-0.00049,0.08536,-0,1e-05,0.00137,0.08398,0.00601,0.00779,0.05212,0.00053,0.0013,0.00085
33.16,0.06113,0.0084,-0.00056,0.00135,-1e-05,0,-0.00228,0.00053,0.00071,0.00371,-0.00037,-0.00064,-3e-05,-0.00433,8e-05,0.00027,0.00358,-0.00019,0.00018,-1e-05,-0.01362,0.00051,-0.00043,0.09059,-0,-1e-05,0.00104,0.08758,0.00524,0.01004,0.05959,0.0014,0.0011,0.00092
33.18,0.04625,0.00798,-0.00044,0.00082,-4e-05,-1e-05,-0.00216,0.0002,0.00068,0.00332,-0.00043,-0.00081,-4e-05,-0.00432,0.00018,0.00016,0.00333,-0.00023,5e-05,-2e-05,-0.01128,0.00072,-0.0003,0.0956,-1e-05,-4e-05,0.00066,0.0901,0.00441,0.01196,0.06751,0.00239,0.0009,0.00099
33.2,0.03299,0.00735,-0.00024,0.0005,-6e-05,-2e-05,-0.00203,1e-05,0.00062,0.00305,-0.00046,-0.00093,-4e-05,-0.00409,0.00029,5e-05,0.00318,-0.00026,-4e-05,-2e-05,-0.0093,0.001,-0.00017,0.10064,-2e-05,-9e-05,0.00025,0.09263,0.0036,0.01339,0.07456,0.00345,0.00067,0.00103
33.22,0.02228,0.00651,7e-05,0.00037,-9e-05,-3e-05,-0.00186,-7e-05,0.00053,0.00291,-0.00043,-0.00096,-5e-05,-0.00369,0.00041,-5e-05,0.0031,-0.00025,-0.0001,-2e-05,-0.00799,0.00148,-0.00017,0.10589,-5e-05,-0.0002,-0.00019,0.09654,0.0029,0.01413,0.07869,0.00459,0.00041,0.001
33.24,0.01365,0.00581,0.00042,0.00031,-0.00012,-4e-05,-0.00161,-5e-05,0.00042,0.00291,-0.00037,-0.00095,-6e-05,-0.00323,0.00054,-0.00015,0.00313,-0.00023,-0.00012,-3e-05,-0.00763,0.00209,-0.00025,0.11126,-0.0001,-0.00034,-0.00065,0.10081,0.0023,0.0142,0.08077,0.00575,0.00013,0.00092
33.26,0.00718,0.0054,0.0007,0.00026,-0.00016,-4e-05,-0.00122,2e-05,0.00033,0.00305,-0.00031,-0.00091,-6e-05,-0.00275,0.00069,-0.00025,0.00328,-0.00022,-0.00011,-3e-05,-0.00841,0.00269,-0.00029,0.11676,-0.00015,-0.00051,-0.00112,0.10446,0.00182,0.01375,0.0821,0.00686,-0.00012,0.0008
33.28,0.00332,0.0052,0.00091,0.00022,-0.00021,-4e-05,-0.00071,7e-05,0.00025,0.00331,-0.00024,-0.00084,-7e-05,-0.00226,0.00085,-0.00036,0.00355,-0.00021,-7e-05,-4e-05,-0.01035,0.00331,-0.00041,0.12258,-0.0002,-0.00069,-0.00156,0.1078,0.00147,0.01294,0.08229,0.00791,-0.00034,0.00063
33.3,0.00246,0.00518,0.00102,0.00016,-0.00026,-4e-05,-0.0001,9e-05,0.00018,0.00372,-0.00018,-0.00076,-6e-05,-0.00184,0.00103,-0.00045,0.00394,-0.00022,-1e-05,-4e-05,-0.01341,0.00381,-0.0004,0.12881,-0.00026,-0.00088,-0.00193,0.11108,0.00125,0.01213,0.08112,0.00883,-0.00051,0.0005
33.32,0.00501,0.00523,0.00106,9e-05,-0.00029,-3e-05,0.00058,0.00011,0.00013,0.00429,-0.00017,-0.0007,-6e-05,-0.00152,0.00125,-0.00044,0.00445,-0.00023,5e-05,-4e-05,-0.01753,0.00404,-3e-05,0.13554,-0.0003,-0.00103,-0.00215,0.11457,0.00121,0.01167,0.07841,0.00955,-0.00067,0.00043
33.34,0.01125,0.00527,0.00104,1e-05,-0.00031,-3e-05,0.00128,0.00015,0.00011,0.00497,-0.00017,-0.00064,-6e-05,-0.00126,0.0015,-0.00035,0.00505,-0.00024,0.00011,-4e-05,-0.02257,0.00399,0.00038,0.14317,-0.00034,-0.00113,-0.00218,0.11789,0.0013,0.01162,0.07448,0.01005,-0.0008,0.00038
33.36,0.02114,0.00524,0.00098,-7e-05,-0.00032,-2e-05,0.00192,0.00017,0.00011,0.0057,-0.00016,-0.00056,-6e-05,-0.00103,0.00174,-0.00026,0.00568,-0.00025,0.00015,-4e-05,-0.02842,0.00372,0.00062,0.15227,-0.00034,-0.00114,-0.00198,0.12076,0.00151,0.01196,0.06982,0.01029,-0.00088,0.00031
33.38,0.03427,0.00515,0.00092,-0.00017,-0.00031,-1e-05,0.00243,0.00021,0.00012,0.00643,-0.00015,-0.00048,-7e-05,-0.0008,0.00196,-0.0002,0.00627,-0.00023,0.00016,-3e-05,-0.03496,0.0033,0.00073,0.16336,-0.0003,-0.00101,-0.00153,0.12365,0.00186,0.01264,0.06417,0.01028,-0.0009,0.00025
33.4,0.04922,0.00506,0.00088,-0.00026,-0.0003,-0,0.00281,0.00023,0.00016,0.00711,-0.00014,-0.0004,-8e-05,-0.00061,0.00214,-0.00011,0.00682,-0.0002,0.00016,-3e-05,-0.04244,0.00259,0.00061,0.17727,-0.00021,-0.0007,-0.00084,0.12584,0.00224,0.01342,0.05854,0.01001,-0.00087,0.00018
33.42,0.06351,0.00507,0.00088,-0.00032,-0.00029,0,0.00314,0.00019,0.0002,0.00765,-0.0001,-0.00034,-9e-05,-0.00047,0.00224,0.00015,0.00737,-0.00017,0.00013,-2e-05,-0.0514,0.00161,0.00028,0.19497,-5e-05,-0.00019,0.0001,0.12635,0.00234,0.01405,0.05411,0.00946,-0.00082,0.00012
33.44,0.07561,0.00523,0.00087,-0.00036,-0.00029,1e-05,0.00338,0.00015,0.00024,0.008,-4e-05,-0.00028,-0.00011,-0.00034,0.00226,0.00038,0.00775,-0.00013,8e-05,-1e-05,-0.06166,0.00073,-0.0002,0.21692,0.00015,0.00053,0.00126,0.1257,0.00223,0.01435,0.04989,0.00872,-0.00075,8e-05
33.46,0.08497,0.00553,0.00084,-0.00039,-0.00031,1e-05,0.00346,0.00011,0.0003,0.00813,3e-05,-0.00024,-0.00013,-0.00023,0.00221,0.00047,0.00785,-9e-05,3e-05,-1e-05,-0.07272,6e-05,-0.00077,0.24307,0.0004,0.00145,0.00263,0.12394,0.00204,0.01417,0.04504,0.00784,-0.00065,7e-05
33.48,0.09079,0.0059,0.00075,-0.00039,-0.00034,1e-05,0.00336,7e-05,0.00036,0.00806,0.00011,-0.00021,-0.00014,-0.00013,0.00211,0.00048,0.00771,-6e-05,-4e-05,-1e-05,-0.08432,-0.0004,-0.00137,0.27295,0.00067,0.00259,0.00417,0.12002,0.00173,0.01353,0.03963,0.0069,-0.00055,7e-05
33.5,0.0926,0.00618,0.00054,-0.00037,-0.0004,0,0.0032,4e-05,0.00041,0.0078,0.00019,-0.00019,-0.00016,-7e-05,0.00197,0.00043,0.00732,-5e-05,-0.0001,-1e-05,-0.09597,-0.00065,-0.00185,0.30511,0.00092,0.00391,0.00582,0.11208,0.00136,0.01223,0.03391,0.00595,-0.00044,9e-05
33.52,0.09014,0.00613,0.00018,-0.00032,-0.00047,0,0.00308,2e-05,0.00044,0.00734,0.00027,-0.00016,-0.00017,-5e-05,0.0018,0.00033,0.00671,-5e-05,-0.00015,-1e-05,-0.10677,-0.00084,-0.00201,0.33658,0.00113,0.00532,0.00742,0.09857,0.00105,0.01012,0.02819,0.00506,-0.00033,0.00011
33.54,0.08416,0.00575,-0.00029,-0.00022,-0.00054,-1e-05,0.00289,2e-05,0.00046,0.00674,0.00033,-0.00012,-0.00017,-5e-05,0.00161,0.00022,0.00599,-5e-05,-0.00019,-1e-05,-0.11493,-0.00103,-0.00186,0.36309,0.00126,0.00668,0.00883,0.08065,0.00077,0.00772,0.0221,0.00423,-0.00023,0.00013
33.56,0.07596,0.00508,-0.00075,-0.00011,-0.00053,-1e-05,0.00256,2e-05,0.00047,0.00608,0.00032,-7e-05,-0.00016,-6e-05,0.00142,0.00011,0.0053,-6e-05,-0.00022,-1e-05,-0.11845,-0.00116,-0.00153,0.37969,0.00129,0.00789,0.00992,0.06046,0.00052,0.00547,0.01567,0.00343,-0.00016,0.00015
33.58,0.06634,0.00416,-0.00115,3e-05,-0.00051,-2e-05,0.00213,2e-05,0.00048,0.00537,0.00025,-1e-05,-0.00014,-8e-05,0.00121,-0,0.00467,-5e-05,-0.00023,-1e-05,-0.11623,-0.00123,-0.00107,0.38184,0.00138,0.00891,0.01063,0.03991,0.00031,0.00352,0.00957,0.00265,-0.00012,0.00018
33.6,0.05643,0.00314,-0.0014,0.00018,-0.00048,-3e-05,0.00165,0,0.00049,0.00466,0.00014,9e-05,-9e-05,-9e-05,0.00101,-0.00011,0.00413,-4e-05,-0.00022,-1e-05,-0.10784,-0.00129,-0.0006,0.36901,0.0012,0.00908,0.01048,0.02121,0.00015,0.002,0.00402,0.00189,-8e-05,0.00021
33.62,0.04722,0.00214,-0.00147,0.00033,-0.00044,-4e-05,0.00114,-2e-05,0.0005,0.00398,4e-05,0.00021,-1e-05,-8e-05,0.00082,-0.00022,0.00368,-3e-05,-0.00021,-1e-05,-0.09413,-0.00133,-0.00024,0.34359,0.00021,0.0075,0.00895,0.00587,3e-05,0.00095,-0.00065,0.00116,-6e-05,0.00026
33.64,0.03896,0.00126,-0.00138,0.00048,-0.0004,-4e-05,0.00061,-7e-05,0.00051,0.00331,-2e-05,0.00035,9e-05,-5e-05,0.00063,-0.00032,0.00334,-1e-05,-0.00018,-1e-05,-0.07728,-0.00125,-4e-05,0.30679,-0.0009,0.00514,0.00672,-0.00557,-3e-05,0.00033,-0.00393,0.0005,-5e-05,0.00033
33.66,0.03179,0.00058,-0.00115,0.00061,-0.00035,-4e-05,0.0001,-0.00013,0.00052,0.00268,3e-05,0.00053,0.00019,-1e-05,0.00047,-0.00038,0.00309,1e-05,-0.00015,-0,-0.05955,-0.00103,3e-05,0.2615,-0.00146,0.00303,0.00455,-0.01314,-1e-05,5e-05,-0.00578,-5e-05,-4e-05,0.0004
33.68,0.0258,0.00016,-0.00086,0.00072,-0.00029,-5e-05,-0.00032,-0.00019,0.00052,0.00214,0.00011,0.00068,0.00028,2e-05,0.00032,-0.00041,0.00292,2e-05,-0.00011,-0,-0.04279,-0.00075,4e-05,0.2127,-0.0016,0.00125,0.0026,-0.01721,9e-05,-2e-05,-0.00643,-0.00046,-4e-05,0.00046
33.7,0.02133,-0,-0.00054,0.0008,-0.00023,-4e-05,-0.00057,-0.00023,0.00052,0.00165,0.0004,0.00085,0.00033,9e-05,0.00021,-0.00039,0.00279,3e-05,-6e-05,-0,-0.02835,-0.00047,2e-05,0.16449,-0.00124,0.00036,0.00133,-0.01713,0.00027,-0,-0.00553,-0.00064,-3e-05,0.00049
33.72,0.01858,4e-05,-0.00029,0.0008,-0.00017,-4e-05,-0.0005,-0.00027,0.00046,0.00115,0.00151,0.00119,0.00034,0.00028,0.00012,-0.00029,0.0027,3e-05,-2e-05,-0,-0.0171,-0.00024,1e-05,0.12043,-0.00066,0.00014,0.00061,-0.01533,0.00052,1e-05,-0.00386,-0.00066,-2e-05,0.00049
33.74,0.01736,0.00021,-0.00013,0.00077,-0.00012,-3e-05,-0.00018,-0.00024,0.00037,0.00095,0.00267,0.00146,0.00029,0.00052,2e-05,-0.00016,0.00258,2e-05,3e-05,-0,-0.00925,-0.0001,0,0.0824,-0.00021,5e-05,0.0001,-0.01368,0.00078,1e-05,-0.00231,-0.00062,-1e-05,0.00047
33.76,0.01693,0.00042,-4e-05,0.00072,-8e-05,-2e-05,5e-05,-0.00013,0.00028,0.001,0.00309,0.00154,0.00022,0.00069,-9e-05,-3e-05,0.00243,1e-05,8e-05,0,-0.00427,-3e-05,0,0.05066,0.00011,0,-0.00023,-0.01202,0.00101,0,-0.00101,-0.00055,-1e-05,0.00043
33.78,0.01682,0.00059,0,0.00066,-5e-05,-1e-05,9e-05,-2e-05,0.0002,0.00113,0.00304,0.00152,0.00013,0.00079,-0.00025,9e-05,0.00223,0,0.00011,0,-0.0014,-0,1e-05,0.02507,0.00039,2e-05,-0.00039,-0.01028,0.00114,-1e-05,8e-05,-0.00046,-1e-05,0.00037
33.8,0.0166,0.00064,1e-05,0.00059,-4e-05,-0,-4e-05,2e-05,0.00011,0.00112,0.0023,0.00131,6e-05,0.00078,-0.00044,0.00013,0.00195,-0,0.00013,1e-05,8e-05,-0,1e-05,0.00541,0.00063,8e-05,-0.00041,-0.00864,0.00114,0,0.00073,-0.00036,-1e-05,0.00029
33.82,0.0164,0.00056,0,0.00051,-5e-05,0,-0.00033,2e-05,1e-05,0.00103,0.00097,0.00083,0,0.00067,-0.00062,7e-05,0.00158,1e-05,0.00013,2e-05,0.00071,-4e-05,2e-05,-0.00756,0.00089,0.00021,-0.00017,-0.00719,0.001,3e-05,0.00087,-0.00028,-1e-05,0.0002
33.84,0.0162,0.00037,-2e-05,0.00045,-7e-05,1e-05,-0.00089,-1e-05,-8e-05,0.00095,0.00013,0.00038,-4e-05,0.00048,-0.0008,-1e-05,0.00116,3e-05,9e-05,4e-05,0.00071,-8e-05,3e-05,-0.00976,0.00109,0.00034,0.00017,-0.00571,0.0008,6e-05,0.00076,-0.00021,-1e-05,0.00012
33.86,0.0158,0.00011,-6e-05,0.00042,-0.00011,1e-05,-0.00182,-8e-05,-0.00016,0.00089,-0.00014,0.00011,-7e-05,0.00026,-0.00103,-0.00011,0.00071,6e-05,3e-05,5e-05,0.0007,-0.00013,4e-05,-0.01047,0.00121,0.00045,0.0005,-0.00413,0.00056,6e-05,0.00059,-0.00015,-1e-05,7e-05
33.88,0.01513,-0.00018,-0.00012,0.0004,-0.00014,1e-05,-0.00309,-0.00017,-0.0002,0.00084,-7e-05,-0,-9e-05,7e-05,-0.00128,-0.00022,0.00023,9e-05,-5e-05,7e-05,0.0004,-0.00011,2e-05,-0.00296,0.00109,0.00033,0.00064,-0.00264,0.00032,2e-05,0.0004,-0.00011,-0,3e-05
33.9,0.01434,-0.00043,-0.0002,0.0004,-0.00014,1e-05,-0.00456,-0.00025,-0.00021,0.00081,0.00014,4e-05,-0.0001,-7e-05,-0.00151,-0.00034,-0.00028,0.00011,-0.00015,9e-05,-0.00012,0.00011,-0,0.00987,0.00066,-0.00013,0.00046,-0.00144,0.00019,-5e-05,0.00022,-8e-05,-0,-0
33.92,0.01358,-0.00054,-0.00029,0.0004,-0.00012,0,-0.00594,-0.00028,-0.00018,0.00081,0.00028,0.0002,-8e-05,-0.00014,-0.00165,-0.00043,-0.00079,0.00014,-0.00024,0.0001,-0.00077,0.00062,1e-05,0.02486,-2e-05,-0.00088,-3e-05,-0.00063,0.00021,-0.00011,7e-05,-6e-05,-0,-3e-05
33.94,0.01262,-0.0005,-0.00042,0.00042,-7e-05,-0,-0.00702,-0.00026,-0.00013,0.00083,0.00037,0.00042,-4e-05,-0.0001,-0.00167,-0.00048,-0.00129,0.00016,-0.00031,0.0001,-0.00148,0.00136,8e-05,0.03922,-0.00081,-0.00177,-0.00065,-0.00011,0.00028,-0.00014,-1e-05,-6e-05,-0,-5e-05
33.96,0.01135,-0.00036,-0.00058,0.00044,-1e-05,-1e-05,-0.0076,-0.00023,-8e-05,0.00086,0.00042,0.00064,-2e-05,3e-05,-0.00159,-0.0005,-0.00178,0.00018,-0.00036,8e-05,-0.0021,0.00226,0.00021,0.04996,-0.00157,-0.00264,-0.00127,0.00018,0.00035,-0.00012,-5e-05,-7e-05,-0,-8e-05
33.98,0.00982,-0.00016,-0.00076,0.00047,8e-05,-2e-05,-0.00752,-0.00016,-4e-05,0.00089,0.00044,0.00081,1e-05,0.00024,-0.00138,-0.00046,-0.00226,0.00019,-0.0004,5e-05,-0.00244,0.00319,0.00033,0.05418,-0.00217,-0.00331,-0.00177,0.00031,0.00041,-6e-05,-9e-05,-8e-05,-0,-0.00011
34,0.00822,4e-05,-0.00098,0.00051,0.00016,-3e-05,-0.00678,-0.00014,-1e-05,0.0009,0.00042,0.00089,2e-05,0.00049,-0.00118,-0.00043,-0.0027,0.00021,-0.00043,0,-0.00255,0.00381,0.00033,0.05303,-0.00244,-0.00352,-0.00204,0.00035,0.00047,3e-05,-0.00016,-0.0001,-0,-0.00014
34.02,0.00672,0.00021,-0.00119,0.00054,0.00021,-3e-05,-0.00555,-0.00021,-0,0.0009,0.00035,0.00091,1e-05,0.00081,-0.00114,-0.00051,-0.00305,0.00022,-0.00046,-4e-05,-0.00268,0.00367,6e-05,0.05021,-0.00228,-0.00314,-0.00206,0.00036,0.00051,0.00014,-0.00023,-0.0001,-0,-0.00017
34.04,0.00523,0.00035,-0.00139,0.00057,0.00023,-4e-05,-0.00382,-0.00029,1e-05,0.00087,0.00027,0.0008,0,0.00119,-0.0011,-0.00061,-0.00334,0.00021,-0.0005,-6e-05,-0.0028,0.0027,-0.00063,0.04507,-0.00187,-0.00241,-0.00186,0.00038,0.00055,0.00026,-0.00029,-9e-05,-0,-0.0002
34.06,0.0037,0.00048,-0.00155,0.0006,0.00021,-4e-05,-0.00166,-0.00034,1e-05,0.0008,0.00019,0.00058,0,0.00156,-0.001,-0.00066,-0.00359,0.00019,-0.00053,-6e-05,-0.00286,0.00122,-0.00176,0.03797,-0.00135,-0.00158,-0.00152,0.00042,0.00059,0.00038,-0.00035,-7e-05,-0,-0.00022
34.08,0.00216,0.00064,-0.00164,0.00064,0.00015,-5e-05,0.00076,-0.00036,1e-05,0.0007,0.00012,0.00031,0,0.00194,-0.00087,-0.00069,-0.00382,0.00016,-0.00056,-6e-05,-0.00304,-0.0007,-0.00332,0.03156,-0.0008,-0.00078,-0.00111,0.00047,0.00061,0.00048,-0.00038,-4e-05,0,-0.00023
34.1,0.00076,0.00082,-0.00165,0.00067,8e-05,-5e-05,0.00325,-0.00034,0,0.00053,7e-05,6e-05,-0,0.00232,-0.00074,-0.0007,-0.004,0.00011,-0.00058,-5e-05,-0.00336,-0.00279,-0.0051,0.0269,-0.00027,-8e-05,-0.00072,0.00055,0.00062,0.00057,-0.00037,-1e-05,0,-0.00023
34.12,-0.00041,0.001,-0.00155,0.00069,-1e-05,-6e-05,0.0057,-0.00026,-1e-05,0.00031,5e-05,-0.00011,1e-05,0.0027,-0.0006,-0.0007,-0.00413,6e-05,-0.00059,-4e-05,-0.00377,-0.00477,-0.0067,0.02427,0.0002,0.00049,-0.00039,0.00066,0.00061,0.00062,-0.00033,2e-05,0,-0.00022
34.14,-0.00145,0.00117,-0.00138,0.00071,-8e-05,-7e-05,0.00795,-0.00014,-1e-05,7e-05,4e-05,-0.00017,1e-05,0.00306,-0.00046,-0.0007,-0.00422,2e-05,-0.00059,-4e-05,-0.00425,-0.00643,-0.00803,0.0238,0.00063,0.00097,-0.00012,0.00078,0.00058,0.00064,-0.00024,5e-05,1e-05,-0.0002
34.16,-0.00242,0.00129,-0.00116,0.00073,-0.00013,-7e-05,0.00987,4e-05,-0,-0.00017,2e-05,-0.00016,2e-05,0.00339,-0.00032,-0.0007,-0.00426,-2e-05,-0.00059,-3e-05,-0.00474,-0.00763,-0.00907,0.02515,0.00102,0.00138,8e-05,0.0009,0.00052,0.00062,-0.00013,8e-05,1e-05,-0.00018
34.18,-0.00328,0.00135,-0.00092,0.00074,-0.00014,-7e-05,0.01144,0.00026,0,-0.00041,1e-05,-0.00011,2e-05,0.00367,-0.00018,-0.00069,-0.00424,-4e-05,-0.00058,-3e-05,-0.00522,-0.00838,-0.00977,0.02777,0.00138,0.00174,0.00022,0.00104,0.00045,0.00056,1e-05,0.0001,1e-05,-0.00014
34.2,-0.00388,0.00132,-0.00069,0.00075,-9e-05,-7e-05,0.01271,0.00053,1e-05,-0.00067,0,-6e-05,2e-05,0.00391,-6e-05,-0.00069,-0.00415,-5e-05,-0.00057,-2e-05,-0.00567,-0.00843,-0.00991,0.03106,0.00172,0.00207,0.0003,0.00115,0.00037,0.00046,0.00016,0.00012,1e-05,-0.00012
34.22,-0.00408,0.00121,-0.00049,0.00076,2e-05,-7e-05,0.01375,0.00089,2e-05,-0.00097,-0,-5e-05,1e-05,0.00412,6e-05,-0.0007,-0.00393,-4e-05,-0.00056,-2e-05,-0.00605,-0.00773,-0.00938,0.03439,0.00203,0.00236,0.00033,0.00122,0.00029,0.00034,0.00036,0.00013,1e-05,-0.0001
34.24,-0.00404,0.001,-0.00033,0.00077,0.00017,-7e-05,0.01454,0.00132,4e-05,-0.00131,-0,-6e-05,0,0.00425,0.00018,-0.00071,-0.00362,-2e-05,-0.00053,-2e-05,-0.0064,-0.00672,-0.0085,0.03745,0.00233,0.00261,0.00034,0.00125,0.00023,0.0002,0.00063,0.00015,1e-05,-0.0001
34.26,-0.00392,0.00071,-0.00021,0.00078,0.00037,-6e-05,0.01503,0.00177,4e-05,-0.00167,-0,-6e-05,0,0.00429,0.00027,-0.00069,-0.00325,1e-05,-0.0005,-2e-05,-0.00674,-0.00567,-0.00748,0.04011,0.00259,0.0028,0.00032,0.00124,0.00021,7e-05,0.0009,0.00016,1e-05,-0.0001
34.28,-0.00372,0.00034,-0.00013,0.0008,0.00058,-5e-05,0.01513,0.00217,5e-05,-0.00207,-0,-5e-05,-1e-05,0.00423,0.00033,-0.00065,-0.00282,4e-05,-0.00046,-2e-05,-0.00705,-0.00466,-0.00637,0.04219,0.00282,0.00294,0.0003,0.00119,0.00021,-4e-05,0.00111,0.00018,1e-05,-0.00012
34.3,-0.00342,-9e-05,-9e-05,0.0008,0.00079,-4e-05,0.01489,0.00256,4e-05,-0.00237,-0,-3e-05,-1e-05,0.00406,0.00036,-0.00058,-0.00236,7e-05,-0.00042,-2e-05,-0.00733,-0.00369,-0.00519,0.04349,0.00301,0.00302,0.00028,0.00106,0.00023,-0.00013,0.00131,0.00021,2e-05,-0.00014
34.32,-0.00302,-0.00055,-6e-05,0.00076,0.00087,-3e-05,0.01422,0.00298,3e-05,-0.00232,-0,2e-05,1e-05,0.00375,0.00041,-0.00051,-0.00192,0.0001,-0.00038,-2e-05,-0.00757,-0.00282,-0.00402,0.04381,0.00316,0.00304,0.00025,0.00085,0.00027,-0.00019,0.00164,0.00024,2e-05,-0.00014
34.34,-0.00265,-0.00101,-4e-05,0.0007,0.00083,-1e-05,0.01291,0.00326,4e-05,-0.00201,-1e-05,7e-05,4e-05,0.00335,0.00044,-0.00044,-0.00148,0.00013,-0.00033,-3e-05,-0.00775,-0.0022,-0.00299,0.04328,0.00325,0.00299,0.00022,0.0006,0.00031,-0.00022,0.00196,0.00028,2e-05,-0.00013
34.36,-0.00238,-0.00146,-4e-05,0.00063,0.00079,-0,0.01104,0.00328,6e-05,-0.0016,-1e-05,0.00013,7e-05,0.00288,0.00043,-0.00035,-0.00107,0.00015,-0.00028,-3e-05,-0.00787,-0.00186,-0.00216,0.0421,0.00329,0.00288,0.0002,0.00034,0.00035,-0.00021,0.00213,0.00032,3e-05,-0.00012
34.38,-0.00217,-0.00186,-4e-05,0.00055,0.00075,0,0.00883,0.00303,0.0001,-0.00104,-2e-05,0.00017,9e-05,0.00237,0.0004,-0.00027,-0.00069,0.00016,-0.00023,-2e-05,-0.00796,-0.00174,-0.00152,0.04033,0.00326,0.00271,0.00018,5e-05,0.00038,-0.00018,0.00216,0.00037,3e-05,-9e-05
34.4,-0.00197,-0.00222,-5e-05,0.00046,0.00071,1e-05,0.00666,0.00254,0.00015,-0.00052,-1e-05,0.00022,0.0001,0.00182,0.00035,-0.0002,-0.00037,0.00015,-0.00019,-2e-05,-0.00806,-0.00173,-0.00103,0.03832,0.00319,0.00251,0.00016,-0.00028,0.00038,-0.00013,0.00209,0.00041,4e-05,-5e-05
34.42,-0.00176,-0.00252,-7e-05,0.00039,0.00067,1e-05,0.00486,0.00189,0.00022,-0.00016,1e-05,0.00036,8e-05,0.00127,0.00029,-0.00014,-0.00012,0.00014,-0.00015,-2e-05,-0.00825,-0.00172,-0.00068,0.03642,0.00307,0.00229,0.00015,-0.00065,0.00035,-6e-05,0.00198,0.00046,4e-05,-2e-05
34.44,-0.00156,-0.00279,-8e-05,0.00032,0.00064,1e-05,0.00344,0.00125,0.00027,0.00013,0,0.00042,5e-05,0.00075,0.00023,-9e-05,6e-05,0.00012,-0.00011,-2e-05,-0.0085,-0.00163,-0.00043,0.03457,0.00291,0.00207,0.00014,-0.00106,0.00027,3e-05,0.00181,0.0005,5e-05,2e-05
34.46,-0.0014,-0.00303,-0.0001,0.00026,0.00058,1e-05,0.00233,0.00071,0.00029,0.00034,0,0.00032,2e-05,0.00031,0.00018,-6e-05,0.00018,0.0001,-8e-05,-2e-05,-0.00875,-0.00138,-0.00025,0.03267,0.00272,0.00185,0.00013,-0.00151,0.00013,0.00011,0.00157,0.00053,5e-05,5e-05
34.48,-0.00127,-0.00327,-0.00011,0.00021,0.00044,1e-05,0.00148,0.00036,0.00028,0.00042,-1e-05,0.00014,0,-6e-05,0.00012,-3e-05,0.00023,8e-05,-6e-05,-2e-05,-0.00896,-0.00091,-0.00011,0.03071,0.00252,0.00163,0.00012,-0.002,-5e-05,0.00018,0.00133,0.00055,5e-05,8e-05
34.5,-0.00116,-0.00352,-0.00013,0.00017,0.0003,1e-05,0.00081,0.00021,0.00026,0.00036,5e-05,-3e-05,0,-0.00035,4e-05,-0,0.00023,7e-05,-4e-05,-1e-05,-0.00908,-0.00017,0,0.02855,0.0023,0.00142,0.0001,-0.0025,-0.00028,0.00024,0.00105,0.00056,6e-05,0.0001
34.52,-0.00106,-0.00382,-0.00015,0.00014,0.00017,0,0.00023,0.00018,0.00022,0.00021,0.00041,-6e-05,1e-05,-0.00057,-5e-05,1e-05,0.00018,5e-05,-3e-05,-1e-05,-0.00907,0.00084,0.00011,0.02603,0.00208,0.00124,9e-05,-0.00293,-0.00054,0.00027,0.00072,0.00056,6e-05,0.00011
34.54,-0.00096,-0.00412,-0.00016,0.00011,5e-05,-0,-0.00034,0.0002,0.00018,6e-05,0.00072,8e-05,0,-0.0007,-0.00014,2e-05,0.0001,4e-05,-2e-05,-1e-05,-0.00882,0.0021,0.00021,0.02301,0.00185,0.00107,8e-05,-0.00329,-0.00083,0.00027,0.00041,0.00054,6e-05,0.00011
34.56,-0.00087,-0.0044,-0.00017,9e-05,-7e-05,-1e-05,-0.0009,0.0002,0.00014,-6e-05,0.00068,0.00032,-2e-05,-0.00076,-0.00023,3e-05,-1e-05,3e-05,-2e-05,-1e-05,-0.00823,0.00361,0.00032,0.01939,0.00162,0.00093,7e-05,-0.00357,-0.00113,0.00027,0.00012,0.00052,6e-05,0.00011
34.58,-0.00077,-0.00466,-0.00018,7e-05,-0.00018,-1e-05,-0.00145,0.00019,0.0001,-0.00018,0.00041,0.00064,-8e-05,-0.00075,-0.00032,2e-05,-0.00013,2e-05,-2e-05,-1e-05,-0.00729,0.00537,0.00041,0.01513,0.0014,0.0008,5e-05,-0.00375,-0.00146,0.00025,-0.00021,0.00048,5e-05,0.00011
34.6,-0.00065,-0.00489,-0.00019,6e-05,-0.00029,-2e-05,-0.002,0.00015,7e-05,-0.0003,-0.00016,0.00094,-0.00014,-0.0007,-0.0004,1e-05,-0.00025,1e-05,-2e-05,-0,-0.00603,0.00726,0.0005,0.01035,0.00117,0.00069,3e-05,-0.00381,-0.00178,0.00022,-0.00059,0.00043,5e-05,0.00011
34.62,-0.00052,-0.00508,-0.00021,4e-05,-0.0004,-2e-05,-0.00261,8e-05,5e-05,-0.00039,-0.00037,0.00101,-7e-05,-0.00063,-0.00046,0,-0.00036,0,-2e-05,-0,-0.00449,0.00907,0.00055,0.00518,0.00096,0.00061,0,-0.00375,-0.00207,0.00018,-0.00096,0.00038,4e-05,0.0001
34.64,-0.00038,-0.00512,-0.00023,4e-05,-0.00049,-3e-05,-0.00331,-2e-05,3e-05,-0.00042,0.00015,0.00101,8e-05,-0.00055,-0.0005,-1e-05,-0.00046,-0,-2e-05,-0,-0.00269,0.01076,0.00057,-0.00036,0.00075,0.00054,-3e-05,-0.00357,-0.00232,0.00014,-0.0013,0.00033,4e-05,0.0001
34.66,-0.00023,-0.00496,-0.00027,3e-05,-0.00056,-3e-05,-0.00409,-0.00013,1e-05,-0.00037,0.00085,0.00102,0.00019,-0.00046,-0.00052,-3e-05,-0.00054,-0,-2e-05,0,-0.00067,0.01239,0.00057,-0.00621,0.00057,0.0005,-6e-05,-0.00326,-0.00253,0.00011,-0.00166,0.00028,4e-05,0.0001
34.68,-8e-05,-0.00462,-0.00032,2e-05,-0.0006,-3e-05,-0.00495,-0.00027,0,-0.00024,0.00158,0.00105,0.00027,-0.00038,-0.0005,-4e-05,-0.0006,-1e-05,-2e-05,0,0.00154,0.01393,0.00054,-0.01225,0.00041,0.00047,-9e-05,-0.00283,-0.00269,7e-05,-0.002,0.00024,3e-05,0.00011
34.7,6e-05,-0.00414,-0.00037,1e-05,-0.00061,-3e-05,-0.00585,-0.00044,-1e-05,-8e-05,0.00197,0.00107,0.00029,-0.00031,-0.00047,-5e-05,-0.00064,-1e-05,-2e-05,0,0.00389,0.01517,0.0005,-0.01837,0.00029,0.00048,-0.00012,-0.00235,-0.00276,5e-05,-0.00227,0.00021,3e-05,0.00012
34.72,0.00019,-0.00357,-0.00041,0,-0.00059,-2e-05,-0.00679,-0.00066,-1e-05,3e-05,0.00177,0.00101,0.00022,-0.00024,-0.00042,-6e-05,-0.00068,-1e-05,-2e-05,0,0.00634,0.0158,0.00044,-0.02462,0.0002,0.00051,-0.00015,-0.00193,-0.00271,3e-05,-0.00238,0.00018,2e-05,0.00013
34.74,0.0003,-0.00294,-0.00044,-0,-0.00053,-2e-05,-0.00772,-0.00092,-2e-05,9e-05,0.00138,0.00092,0.00015,-0.00018,-0.00035,-7e-05,-0.0007,-1e-05,-1e-05,0,0.00883,0.0159,0.00038,-0.03086,0.00017,0.00057,-0.00019,-0.0015,-0.00254,2e-05,-0.00236,0.00014,2e-05,0.00013
34.76,0.00038,-0.00231,-0.00045,-1e-05,-0.00043,-1e-05,-0.00859,-0.00121,-3e-05,0.00013,0.00106,0.0008,9e-05,-0.00012,-0.00026,-8e-05,-0.00072,-1e-05,-1e-05,0,0.01136,0.01569,0.00034,-0.0369,0.0002,0.00067,-0.00022,-0.00105,-0.00228,2e-05,-0.00227,0.00011,2e-05,0.00013
34.78,0.00044,-0.00169,-0.00043,-1e-05,-0.00031,-1e-05,-0.00937,-0.00154,-4e-05,0.00014,0.00079,0.00067,5e-05,-6e-05,-0.00017,-8e-05,-0.00073,-1e-05,-1e-05,0,0.01395,0.01512,0.0003,-0.0428,0.00029,0.00081,-0.00025,-0.00061,-0.00192,1e-05,-0.00208,8e-05,1e-05,0.00012
34.8,0.00046,-0.00113,-0.00039,-2e-05,-0.00018,-0,-0.01007,-0.00186,-5e-05,0.00015,0.00058,0.00053,3e-05,0,-0.0001,-9e-05,-0.00074,-0,-1e-05,0,0.01659,0.01411,0.00028,-0.04862,0.00045,0.00098,-0.00028,-0.00025,-0.00149,1e-05,-0.00185,5e-05,1e-05,0.0001
34.82,0.00044,-0.00064,-0.00032,-2e-05,-5e-05,0,-0.01068,-0.00215,-5e-05,0.00015,0.00045,0.00037,1e-05,6e-05,-4e-05,-9e-05,-0.00074,-0,-1e-05,0,0.01924,0.01254,0.00025,-0.05451,0.00068,0.00119,-0.00031,-4e-05,-0.00102,1e-05,-0.00166,3e-05,0,8e-05
34.84,0.00038,-0.00024,-0.00025,-2e-05,5e-05,1e-05,-0.01111,-0.00238,-6e-05,0.00015,0.00037,0.00023,0,0.0001,1e-05,-9e-05,-0.00074,-0,-1e-05,0,0.02194,0.01058,0.00021,-0.06046,0.00098,0.00143,-0.00033,0.0001,-0.00053,1e-05,-0.00144,1e-05,0,5e-05
34.86,0.0003,7e-05,-0.00016,-2e-05,0.00014,1e-05,-0.01132,-0.00256,-6e-05,0.00015,0.0003,0.00014,0,0.00015,4e-05,-8e-05,-0.00074,-0,-1e-05,-0,0.02477,0.00843,0.00015,-0.06648,0.00135,0.0017,-0.00036,0.00019,-3e-05,0,-0.0012,1e-05,0,3e-05
34.88,0.00022,0.00033,-6e-05,-1e-05,0.00019,1e-05,-0.01127,-0.00267,-7e-05,0.00014,0.00026,7e-05,0,0.00018,5e-05,-7e-05,-0.00074,0,-2e-05,-0,0.02777,0.00611,3e-05,-0.07267,0.00178,0.002,-0.00038,0.00022,0.00043,-0,-0.00094,1e-05,0,-0
34.9,0.00012,0.00056,3e-05,-1e-05,0.00021,1e-05,-0.01097,-0.00271,-7e-05,0.00013,0.00022,3e-05,-0,0.00022,5e-05,-5e-05,-0.00073,0,-2e-05,-0,0.03087,0.00382,-0.00017,-0.07916,0.00227,0.00232,-0.0004,0.00019,0.00085,0,-0.00071,1e-05,0,-3e-05
34.92,2e-05,0.00076,0.00012,-0,0.00022,1e-05,-0.01048,-0.00263,-7e-05,0.00011,0.00019,0,-0,0.00026,4e-05,-4e-05,-0.00073,0,-2e-05,-0,0.03396,0.00175,-0.00045,-0.08606,0.00281,0.00264,-0.00042,0.00012,0.00119,1e-05,-0.00051,2e-05,0,-6e-05
34.94,-8e-05,0.00097,0.00021,0,0.0002,1e-05,-0.00977,-0.00248,-7e-05,7e-05,0.00017,-1e-05,-0,0.0003,2e-05,-3e-05,-0.00074,0,-2e-05,-0,0.03706,-0.00014,-0.00086,-0.09328,0.00337,0.00296,-0.00044,4e-05,0.00146,2e-05,-0.00034,3e-05,1e-05,-8e-05
34.96,-0.00016,0.0012,0.00029,0,0.00017,1e-05,-0.00879,-0.00226,-7e-05,3e-05,0.00015,-2e-05,-0,0.00035,0,-1e-05,-0.00074,1e-05,-2e-05,-0,0.04019,-0.00185,-0.00146,-0.10061,0.00394,0.00327,-0.00046,-4e-05,0.00166,4e-05,-0.00021,4e-05,1e-05,-0.00011
34.98,-0.00022,0.00144,0.00036,1e-05,0.00014,1e-05,-0.00755,-0.00198,-7e-05,-2e-05,0.00012,-3e-05,-0,0.00041,-1e-05,-0,-0.00075,1e-05,-2e-05,-0,0.04328,-0.00337,-0.00228,-0.10773,0.00451,0.00355,-0.00047,-9e-05,0.00179,7e-05,-0.00011,5e-05,1e-05,-0.00014
35,-0.00025,0.00167,0.00041,0,0.0001,1e-05,-0.00606,-0.00166,-6e-05,-7e-05,0.0001,-3e-05,-0,0.00048,-2e-05,1e-05,-0.00077,1e-05,-2e-05,-0,0.046,-0.00446,-0.00326,-0.11456,0.00503,0.00378,-0.00048,-0.00013,0.00185,0.0001,-5e-05,5e-05,1e-05,-0.00016
35.02,-0.00025,0.00186,0.00044,0,5e-05,1e-05,-0.00433,-0.00134,-4e-05,-0.0001,7e-05,-2e-05,-0,0.00055,-2e-05,1e-05,-0.00078,0,-2e-05,-0,0.04797,-0.00502,-0.00427,-0.12106,0.00541,0.0039,-0.00046,-0.00015,0.00183,0.00013,-3e-05,5e-05,1e-05,-0.00018
35.04,-0.00025,0.002,0.00043,0,1e-05,0,-0.00233,-0.00099,-3e-05,-0.00012,5e-05,-2e-05,-0,0.00062,-2e-05,1e-05,-0.0008,0,-2e-05,-0,0.0491,-0.00528,-0.00534,-0.12612,0.00564,0.00391,-0.00042,-0.00015,0.00176,0.00016,-3e-05,5e-05,0,-0.00019
35.06,-0.00023,0.0021,0.00041,-0,-2e-05,-0,-6e-05,-0.00062,-2e-05,-0.00012,4e-05,-1e-05,0,0.0007,-1e-05,1e-05,-0.00081,0,-3e-05,-0,0.04935,-0.00531,-0.00653,-0.12869,0.0057,0.0038,-0.00036,-0.00013,0.00165,0.00019,-5e-05,5e-05,0,-0.00019
35.08,-0.0002,0.00216,0.00037,-0,-5e-05,-1e-05,0.00241,-0.00024,-0,-0.0001,3e-05,-1e-05,-0,0.00076,0,1e-05,-0.00083,0,-3e-05,-0,0.04858,-0.00512,-0.00784,-0.12836,0.00554,0.00354,-0.00025,-9e-05,0.00152,0.00021,-8e-05,4e-05,0,-0.00019
35.1,-0.00017,0.00217,0.00032,0,-8e-05,-1e-05,0.005,0.00012,0,-9e-05,3e-05,-0,-0,0.00082,2e-05,1e-05,-0.00083,0,-3e-05,-0,0.04647,-0.00459,-0.0089,-0.12428,0.00515,0.00312,-0.00011,-5e-05,0.00136,0.00022,-0.00013,3e-05,-0,-0.00019
35.12,-0.00015,0.00212,0.00025,0,-0.0001,-1e-05,0.00761,0.00048,1e-05,-0.0001,3e-05,-0,-0,0.00086,3e-05,1e-05,-0.00082,-0,-3e-05,-0,0.04272,-0.00373,-0.00932,-0.11583,0.00454,0.00254,7e-05,-1e-05,0.00117,0.00023,-0.00018,2e-05,-0,-0.00017
35.14,-0.00014,0.00201,0.00018,1e-05,-0.00011,-1e-05,0.01012,0.0008,3e-05,-0.00013,2e-05,-0,-0,0.00089,3e-05,1e-05,-0.00081,-0,-3e-05,-0,0.03764,-0.00281,-0.0093,-0.1031,0.0037,0.00182,0.00028,4e-05,0.00097,0.00022,-0.00024,0,-1e-05,-0.00016
35.16,-0.00013,0.00186,0.00011,1e-05,-0.00011,-2e-05,0.01236,0.0011,4e-05,-0.0002,-0,-0,0,0.00089,4e-05,1e-05,-0.00077,-0,-3e-05,0,0.03164,-0.00194,-0.00907,-0.08656,0.0027,0.001,0.00051,8e-05,0.00078,0.00021,-0.00029,-1e-05,-1e-05,-0.00014
35.18,-0.00012,0.00168,6e-05,1e-05,-0.0001,-2e-05,0.01423,0.00134,5e-05,-0.00031,-3e-05,-1e-05,0,0.00088,3e-05,0,-0.00073,-0,-3e-05,0,0.02498,-0.0011,-0.00859,-0.06709,0.0016,0.00016,0.00073,0.00013,0.00059,0.00019,-0.00034,-3e-05,-1e-05,-0.00012
35.2,-0.00011,0.00148,2e-05,1e-05,-8e-05,-1e-05,0.0157,0.00154,6e-05,-0.00044,-6e-05,-2e-05,0,0.00085,3e-05,0,-0.00066,-0,-2e-05,0,0.01817,-0.0003,-0.0078,-0.04564,0.00058,-0.00062,0.0009,0.00017,0.0004,0.00017,-0.00039,-5e-05,-1e-05,-0.0001
35.22,-0.0001,0.00128,-0,2e-05,-5e-05,-1e-05,0.01678,0.0017,6e-05,-0.00056,-8e-05,-4e-05,0,0.00079,2e-05,0,-0.00058,-0,-2e-05,0,0.01178,0.00043,-0.00671,-0.02433,-0.00029,-0.00126,0.00099,0.0002,0.00022,0.00014,-0.00043,-7e-05,-1e-05,-7e-05
35.24,-9e-05,0.00108,-1e-05,2e-05,-1e-05,-1e-05,0.01729,0.00181,6e-05,-0.00065,-7e-05,-6e-05,-0,0.00072,1e-05,-0,-0.00048,-0,-1e-05,0,0.00626,0.00101,-0.00556,-0.006,-0.00096,-0.00169,0.00097,0.00024,6e-05,0.0001,-0.00046,-8e-05,-1e-05,-5e-05
35.26,-8e-05,0.00089,-1e-05,2e-05,3e-05,-0,0.01718,0.00183,5e-05,-0.00071,-4e-05,-8e-05,-0,0.00064,-0,-0,-0.00038,-0,-1e-05,0,0.00199,0.0014,-0.0045,0.00752,-0.00135,-0.00184,0.00084,0.00027,-9e-05,7e-05,-0.00049,-0.0001,-1e-05,-3e-05
35.28,-6e-05,0.00072,0,2e-05,7e-05,0,0.01651,0.00177,4e-05,-0.00073,-0,-0.00012,-0,0.00054,-2e-05,-1e-05,-0.00027,0,0,-0,-0.00084,0.00152,-0.00352,0.01538,-0.00139,-0.00173,0.00062,0.00029,-0.00023,3e-05,-0.0005,-0.00011,-1e-05,-1e-05
35.3,-4e-05,0.00055,2e-05,1e-05,0.00011,0,0.01536,0.00164,2e-05,-0.0007,6e-05,-0.00015,-0,0.00045,-4e-05,-1e-05,-0.00016,0,1e-05,-0,-0.00229,0.00134,-0.00253,0.01747,-0.00116,-0.00142,0.00036,0.00031,-0.00036,0,-0.00051,-0.00012,-1e-05,1e-05
35.32,-2e-05,0.00038,3e-05,1e-05,0.00014,1e-05,0.01384,0.00145,1e-05,-0.0006,0.00014,-0.00017,-1e-05,0.00035,-6e-05,-1e-05,-7e-05,0,1e-05,-0,-0.00258,0.0009,-0.00152,0.01474,-0.00076,-0.001,0.00011,0.00033,-0.00047,-3e-05,-0.00051,-0.00013,-1e-05,2e-05
35.34,0,0.00021,4e-05,1e-05,0.00015,1e-05,0.01205,0.0012,-0,-0.00046,0.00022,-0.00017,-1e-05,0.00026,-7e-05,-1e-05,1e-05,1e-05,2e-05,-0,-0.00213,0.00023,-0.00058,0.00931,-0.00024,-0.00055,-7e-05,0.00034,-0.00058,-5e-05,-0.0005,-0.00014,-2e-05,3e-05
35.36,2e-05,6e-05,5e-05,0,0.00015,1e-05,0.01014,0.00092,-1e-05,-0.0003,0.00029,-0.00017,-3e-05,0.00018,-8e-05,-1e-05,6e-05,1e-05,2e-05,-0,-0.00141,-0.00054,0.00022,0.00323,0.00028,-0.00016,-0.00016,0.00034,-0.00068,-7e-05,-0.00048,-0.00014,-2e-05,4e-05
35.38,5e-05,-0.0001,4e-05,0,0.00014,1e-05,0.00819,0.00063,-2e-05,-0.00013,0.00029,-0.00016,-5e-05,0.0001,-8e-05,-1e-05,0.0001,1e-05,3e-05,-0,-0.00071,-0.00132,0.00084,-0.00204,0.00068,0.00013,-0.00017,0.00034,-0.00079,-8e-05,-0.00046,-0.00015,-2e-05,5e-05
35.4,8e-05,-0.00023,3e-05,-0,0.00012,1e-05,0.00641,0.00038,-2e-05,-0,0.00029,-0.00014,-7e-05,4e-05,-7e-05,-1e-05,0.0001,1e-05,3e-05,-0,-0.00051,-0.00171,0.00103,-0.00414,0.0008,0.00021,-0.00011,0.00033,-0.0009,-9e-05,-0.00043,-0.00015,-2e-05,5e-05
35.42,0.0001,-0.00032,2e-05,-1e-05,0.0001,0,0.00492,0.0002,-2e-05,6e-05,0.00037,-0.0001,-7e-05,-1e-05,-7e-05,-2e-05,0.0001,1e-05,3e-05,-0,-0.00058,-0.00178,0.00097,-0.00419,0.00072,0.00019,-4e-05,0.00032,-0.00101,-9e-05,-0.00038,-0.00014,-1e-05,5e-05
35.44,0.00012,-0.00037,0,-1e-05,7e-05,0,0.00367,0.0001,-1e-05,7e-05,0.00043,-6e-05,-6e-05,-5e-05,-7e-05,-2e-05,8e-05,0,3e-05,-0,-0.00057,-0.00188,0.00094,-0.00418,0.0006,0.00016,3e-05,0.00029,-0.00111,-9e-05,-0.00034,-0.00014,-1e-05,5e-05
35.46,0.00013,-0.0004,-1e-05,-1e-05,4e-05,0,0.00259,3e-05,-0,4e-05,0.00037,-2e-05,-4e-05,-8e-05,-6e-05,-1e-05,4e-05,0,3e-05,0,-0.00081,-0.00162,0.00072,-0.00226,0.00039,7e-05,8e-05,0.00025,-0.00123,-9e-05,-0.00028,-0.00013,-1e-05,6e-05
35.48,0.00014,-0.00038,-2e-05,-1e-05,2e-05,-0,0.00166,-1e-05,1e-05,-2e-05,0.00029,0,-2e-05,-0.00011,-4e-05,-1e-05,0,0,3e-05,0,-0.00149,-0.0006,0.00026,0.00254,0.00011,-4e-05,8e-05,0.00021,-0.00136,-0.0001,-0.00022,-0.00012,-1e-05,6e-05
35.5,0.00013,-0.00034,-3e-05,-1e-05,-1e-05,-0,0.00086,-2e-05,3e-05,-0.0001,0.00014,1e-05,-1e-05,-0.00013,-3e-05,-1e-05,-4e-05,-0,3e-05,0,-0.00227,0.00088,-0.00016,0.00825,-7e-05,-7e-05,3e-05,0.00015,-0.00148,-0.0001,-0.00016,-0.00011,-1e-05,7e-05
35.52,0.00011,-0.00026,-3e-05,-0,-4e-05,-0,0.00015,-1e-05,4e-05,-0.00015,0,-0,-1e-05,-0.00015,-2e-05,-1e-05,-8e-05,-0,2e-05,0,-0.00315,0.00263,-0.00043,0.01436,-8e-05,3e-05,-5e-05,9e-05,-0.00156,-0.0001,-9e-05,-0.0001,-1e-05,8e-05
35.54,9e-05,-0.00017,-4e-05,0,-7e-05,-0,-0.00054,1e-05,5e-05,-0.00016,2e-05,-1e-05,-1e-05,-0.00016,-1e-05,-1e-05,-0.00012,-0,2e-05,0,-0.00405,0.00443,-0.00048,0.0203,0.00013,0.00025,-0.00012,2e-05,-0.00161,-0.0001,-3e-05,-9e-05,-1e-05,9e-05
35.56,6e-05,-8e-05,-4e-05,1e-05,-0.00011,-0,-0.00123,2e-05,5e-05,-0.00015,0.00012,1e-05,0,-0.00017,-1e-05,-0,-0.00015,-0,2e-05,0,-0.00484,0.00613,-0.00033,0.02544,0.00053,0.00055,-0.00017,-5e-05,-0.00162,-0.0001,4e-05,-8e-05,-1e-05,0.0001
35.58,4e-05,-1e-05,-5e-05,1e-05,-0.00014,-0,-0.00189,2e-05,5e-05,-0.00011,0.00026,3e-05,1e-05,-0.00018,-0,-0,-0.00018,-0,1e-05,0,-0.00547,0.00747,-7e-05,0.02934,0.00105,0.00089,-0.00016,-0.00013,-0.00159,-0.0001,0.00011,-7e-05,-1e-05,0.0001
35.6,2e-05,5e-05,-6e-05,1e-05,-0.00018,-0,-0.00255,0,4e-05,-6e-05,0.00037,8e-05,3e-05,-0.00019,-0,-0,-0.0002,-0,1e-05,0,-0.00599,0.00825,0.00017,0.03201,0.00161,0.00118,-0.00011,-0.00022,-0.00149,-9e-05,0.00017,-6e-05,-1e-05,0.00011
35.62,0,7e-05,-6e-05,1e-05,-0.00022,-0,-0.00323,-2e-05,3e-05,-1e-05,0.00041,0.00013,4e-05,-0.0002,0,-0,-0.00022,-0,1e-05,0,-0.00655,0.00842,0.0003,0.03388,0.00212,0.00138,-3e-05,-0.0003,-0.00128,-7e-05,0.00024,-5e-05,-0,0.00012
35.64,-1e-05,6e-05,-7e-05,2e-05,-0.00026,-0,-0.00391,-7e-05,2e-05,2e-05,0.0004,0.00019,5e-05,-0.00022,0,-0,-0.00023,-0,0,0,-0.00711,0.00797,0.00027,0.03519,0.0025,0.00148,6e-05,-0.00038,-0.00097,-4e-05,0.00031,-4e-05,-0,0.00012
35.66,-1e-05,5e-05,-8e-05,2e-05,-0.00029,-0,-0.00455,-0.00014,1e-05,3e-05,0.00037,0.00024,5e-05,-0.00024,0,0,-0.00023,-0,0,0,-0.00762,0.00697,5e-05,0.0361,0.00275,0.0015,0.00012,-0.00047,-0.00061,0,0.00037,-3e-05,-0,0.00012
35.68,-2e-05,2e-05,-8e-05,2e-05,-0.00033,-0,-0.00516,-0.00023,0,1e-05,0.00033,0.00027,5e-05,-0.00026,-0,0,-0.00022,-0,-0,0,-0.00812,0.00553,-0.00029,0.03693,0.00285,0.00146,0.00016,-0.00055,-0.00021,4e-05,0.00043,-2e-05,0,0.00011
35.7,-2e-05,-2e-05,-9e-05,2e-05,-0.00035,-0,-0.00575,-0.00034,-1e-05,-2e-05,0.00029,0.00027,4e-05,-0.0003,-0,0,-0.00021,-1e-05,-0,0,-0.00863,0.00364,-0.00075,0.03769,0.00283,0.00137,0.00016,-0.00062,0.00023,9e-05,0.00049,-1e-05,0,0.0001
35.72,-2e-05,-5e-05,-0.0001,3e-05,-0.00037,-0,-0.00634,-0.00048,-1e-05,-6e-05,0.00025,0.00024,3e-05,-0.00034,-0,0,-0.00019,-1e-05,-1e-05,0,-0.00914,0.00122,-0.00131,0.03826,0.00272,0.00128,0.00015,-0.00068,0.0007,0.00015,0.00054,-1e-05,0,8e-05
35.74,-3e-05,-8e-05,-0.0001,3e-05,-0.00038,-0,-0.00691,-0.00064,-2e-05,-0.0001,0.00022,0.0002,2e-05,-0.00039,-0,0,-0.00017,-1e-05,-1e-05,0,-0.00959,-0.00146,-0.00188,0.03859,0.00255,0.00117,0.00014,-0.00071,0.00116,0.0002,0.00057,-0,1e-05,5e-05
35.76,-4e-05,-9e-05,-0.00011,3e-05,-0.00038,0,-0.00742,-0.00082,-2e-05,-0.00012,0.00019,0.00015,1e-05,-0.00044,-1e-05,1e-05,-0.00014,-0,-1e-05,0,-0.00992,-0.00414,-0.00238,0.03861,0.00235,0.00105,0.00014,-0.00073,0.0016,0.00025,0.0006,-0,1e-05,2e-05
35.78,-6e-05,-0.0001,-0.00012,3e-05,-0.00036,0,-0.00789,-0.00102,-2e-05,-0.00012,0.00016,0.0001,1e-05,-0.0005,-1e-05,1e-05,-0.0001,-0,-1e-05,0,-0.01011,-0.00676,-0.00283,0.03823,0.00214,0.00094,0.00014,-0.00074,0.00199,0.00029,0.00062,-0,1e-05,-2e-05
35.8,-9e-05,-0.0001,-0.00013,4e-05,-0.00034,0,-0.00831,-0.00122,-2e-05,-8e-05,0.00014,6e-05,0,-0.00056,-1e-05,1e-05,-7e-05,-0,-1e-05,0,-0.0101,-0.00914,-0.00318,0.03725,0.00192,0.00082,0.00014,-0.00072,0.00233,0.00032,0.00062,-0,1e-05,-6e-05
35.82,-0.00011,-8e-05,-0.00015,4e-05,-0.0003,0,-0.00863,-0.0014,-2e-05,-1e-05,0.00013,3e-05,0,-0.0006,-1e-05,1e-05,-4e-05,-0,-1e-05,0,-0.00978,-0.01112,-0.00339,0.03549,0.0017,0.0007,0.00014,-0.00067,0.00259,0.00034,0.0006,-1e-05,1e-05,-0.0001
35.84,-0.00014,-4e-05,-0.00016,3e-05,-0.00025,0,-0.00888,-0.00156,-2e-05,9e-05,0.00012,1e-05,0,-0.00063,-1e-05,1e-05,-1e-05,-0,-1e-05,0,-0.00921,-0.01271,-0.00351,0.03308,0.00149,0.00059,0.00013,-0.00061,0.00277,0.00034,0.00058,-1e-05,0,-0.00012
35.86,-0.00015,1e-05,-0.00017,3e-05,-0.00021,1e-05,-0.00904,-0.0017,-3e-05,0.0002,0.00011,-0,0,-0.00064,-1e-05,1e-05,1e-05,-0,-1e-05,0,-0.00847,-0.01394,-0.00355,0.03019,0.00127,0.00048,0.00011,-0.00053,0.0029,0.00034,0.00055,-1e-05,0,-0.00015
35.88,-0.00016,7e-05,-0.00017,3e-05,-0.00016,1e-05,-0.00912,-0.00179,-3e-05,0.00033,0.0001,-1e-05,-0,-0.00062,-1e-05,1e-05,3e-05,-0,-1e-05,0,-0.00757,-0.01484,-0.00351,0.02684,0.00105,0.00037,0.0001,-0.00044,0.00296,0.00033,0.00051,-2e-05,-0,-0.00016
35.9,-0.00016,0.00014,-0.00016,2e-05,-0.00011,1e-05,-0.00907,-0.00184,-3e-05,0.00045,9e-05,-1e-05,-0,-0.00059,-1e-05,1e-05,4e-05,-0,-1e-05,0,-0.00656,-0.0153,-0.00342,0.02339,0.00084,0.00027,7e-05,-0.00035,0.00294,0.00032,0.00047,-3e-05,-1e-05,-0.00017
35.92,-0.00015,0.00022,-0.00015,2e-05,-7e-05,1e-05,-0.00887,-0.00184,-4e-05,0.00055,8e-05,-0,-0,-0.00053,-1e-05,1e-05,4e-05,-0,-1e-05,0,-0.00547,-0.01528,-0.00332,0.02013,0.00063,0.00018,6e-05,-0.00028,0.00285,0.0003,0.00042,-4e-05,-1e-05,-0.00016
35.94,-0.00012,0.00028,-0.00013,1e-05,-4e-05,1e-05,-0.0085,-0.00177,-4e-05,0.00063,8e-05,-0,-0,-0.00047,-1e-05,1e-05,3e-05,-0,-1e-05,0,-0.00442,-0.01497,-0.00321,0.01702,0.00046,0.00011,4e-05,-0.00021,0.00271,0.00027,0.00038,-4e-05,-1e-05,-0.00015
35.96,-9e-05,0.00033,-0.00012,0,-1e-05,1e-05,-0.00793,-0.00164,-5e-05,0.00069,7e-05,-0,-0,-0.00039,-1e-05,0,1e-05,-0,-1e-05,0,-0.00345,-0.0145,-0.00306,0.01405,0.0003,6e-05,3e-05,-0.00014,0.00254,0.00025,0.00036,-5e-05,-2e-05,-0.00014
35.98,-5e-05,0.00035,-0.0001,-0,0,1e-05,-0.00713,-0.00145,-5e-05,0.00072,6e-05,0,0,-0.00031,-1e-05,0,-1e-05,-0,-1e-05,0,-0.00258,-0.01394,-0.0029,0.01131,0.00018,2e-05,2e-05,-8e-05,0.00235,0.00023,0.00034,-6e-05,-2e-05,-0.00012
36,-1e-05,0.00035,-8e-05,-0,2e-05,1e-05,-0.00605,-0.00121,-4e-05,0.00072,5e-05,0,0,-0.00024,-1e-05,0,-4e-05,-0,-1e-05,0,-0.00183,-0.01321,-0.00272,0.00888,8e-05,-1e-05,1e-05,-2e-05,0.00214,0.00021,0.00034,-7e-05,-2e-05,-0.0001
36.02,2e-05,0.0003,-6e-05,-0,2e-05,1e-05,-0.00471,-0.00093,-4e-05,0.00068,4e-05,0,0,-0.00018,-0,0,-7e-05,-0,-1e-05,0,-0.00119,-0.0123,-0.00251,0.00681,1e-05,-3e-05,0,2e-05,0.00192,0.00018,0.00036,-7e-05,-2e-05,-8e-05
36.04,4e-05,0.00023,-4e-05,-0,3e-05,1e-05,-0.00309,-0.00062,-3e-05,0.00061,2e-05,0,0,-0.00015,1e-05,0,-0.0001,-0,-1e-05,0,-0.00065,-0.01141,-0.00229,0.00505,-3e-05,-3e-05,-0,6e-05,0.00172,0.00015,0.00039,-7e-05,-2e-05,-6e-05
36.06,5e-05,0.00011,-3e-05,-0,3e-05,1e-05,-0.00123,-0.00028,-2e-05,0.00053,1e-05,1e-05,0,-0.00014,1e-05,0,-0.00012,-0,-1e-05,-0,-0.00022,-0.01066,-0.00205,0.00357,-5e-05,-4e-05,-0,0.0001,0.00154,0.00012,0.00044,-6e-05,-2e-05,-5e-05
36.08,5e-05,-4e-05,-3e-05,0,3e-05,1e-05,0.00078,7e-05,-0,0.00042,1e-05,1e-05,0,-0.00017,2e-05,0,-0.00013,0,-1e-05,-0,0.00012,-0.01004,-0.0018,0.00237,-4e-05,-3e-05,-1e-05,0.00014,0.00139,8e-05,0.00051,-5e-05,-1e-05,-4e-05
36.1,5e-05,-0.00021,-2e-05,0,3e-05,1e-05,0.00282,0.00042,1e-05,0.00029,-0,1e-05,0,-0.00022,3e-05,0,-0.00015,0,-0,-0,0.00038,-0.00948,-0.00152,0.00142,-1e-05,-2e-05,-1e-05,0.00018,0.00126,4e-05,0.0006,-3e-05,-1e-05,-3e-05
36.12,5e-05,-0.0004,-2e-05,1e-05,3e-05,1e-05,0.00478,0.00076,2e-05,0.00013,-1e-05,1e-05,0,-0.00029,3e-05,0,-0.00016,0,-0,-0,0.00056,-0.00893,-0.00122,0.00072,3e-05,-0,-1e-05,0.00022,0.00115,-1e-05,0.0007,0,-1e-05,-3e-05
36.14,5e-05,-0.00059,-2e-05,1e-05,2e-05,1e-05,0.00654,0.00108,3e-05,-4e-05,-2e-05,2e-05,-0,-0.00037,4e-05,0,-0.00017,0,-0,-0,0.00067,-0.00846,-0.00091,0.00025,9e-05,2e-05,-1e-05,0.00026,0.00106,-6e-05,0.00081,4e-05,-0,-4e-05
36.16,5e-05,-0.00078,-2e-05,1e-05,1e-05,1e-05,0.008,0.00135,5e-05,-0.00021,-3e-05,2e-05,-0,-0.00046,4e-05,0,-0.00018,0,-0,-0,0.0007,-0.0081,-0.00059,-2e-05,0.00015,5e-05,-2e-05,0.0003,0.00098,-0.00011,0.00092,8e-05,0,-5e-05
36.18,5e-05,-0.00096,-2e-05,1e-05,1e-05,1e-05,0.00911,0.00156,6e-05,-0.00036,-3e-05,1e-05,-0,-0.00056,4e-05,0,-0.00018,1e-05,-0,-0,0.00067,-0.00782,-0.00027,-0.00011,0.00022,8e-05,-2e-05,0.00033,0.00091,-0.00015,0.00102,0.00012,1e-05,-7e-05
36.2,4e-05,-0.00113,-2e-05,2e-05,0,0,0.00989,0.00173,6e-05,-0.00049,-4e-05,1e-05,-0,-0.00065,4e-05,1e-05,-0.00019,1e-05,-1e-05,-0,0.00059,-0.00756,6e-05,-5e-05,0.0003,0.00012,-3e-05,0.00035,0.00084,-0.00019,0.00112,0.00017,1e-05,-9e-05
36.22,4e-05,-0.00129,-1e-05,1e-05,-0,0,0.01037,0.00186,6e-05,-0.00057,-3e-05,0,-0,-0.00071,3e-05,1e-05,-0.00019,1e-05,-1e-05,-1e-05,0.00045,-0.00728,0.00037,0.00014,0.00037,0.00015,-4e-05,0.00035,0.00076,-0.00021,0.00121,0.00022,2e-05,-0.00012
36.24,3e-05,-0.00144,-1e-05,1e-05,0,-0,0.01052,0.00194,6e-05,-0.0006,-2e-05,-1e-05,-0,-0.00075,3e-05,1e-05,-0.00019,1e-05,-1e-05,-1e-05,0.00028,-0.007,0.00067,0.00043,0.00044,0.0002,-5e-05,0.00034,0.00067,-0.00022,0.00129,0.00027,2e-05,-0.00014
36.26,3e-05,-0.00156,-1e-05,1e-05,1e-05,-0,0.01036,0.00195,5e-05,-0.00057,-1e-05,-2e-05,-0,-0.00076,3e-05,1e-05,-0.00018,1e-05,-1e-05,-1e-05,6e-05,-0.00675,0.00094,0.0008,0.00051,0.00023,-6e-05,0.00032,0.00056,-0.0002,0.00134,0.00032,3e-05,-0.00016
36.28,2e-05,-0.00167,-1e-05,1e-05,2e-05,-0,0.00995,0.00188,4e-05,-0.0005,0,-3e-05,-0,-0.00074,2e-05,1e-05,-0.00017,1e-05,-1e-05,-1e-05,-0.00018,-0.00652,0.0012,0.00123,0.00058,0.00027,-6e-05,0.00029,0.00044,-0.00017,0.00137,0.00036,3e-05,-0.00018
36.3,1e-05,-0.00176,-1e-05,0,4e-05,-1e-05,0.00933,0.00176,3e-05,-0.00041,2e-05,-4e-05,-1e-05,-0.00069,2e-05,1e-05,-0.00015,1e-05,-1e-05,-1e-05,-0.00043,-0.00627,0.00143,0.00168,0.00063,0.0003,-7e-05,0.00026,0.0003,-0.00013,0.00136,0.0004,3e-05,-0.00019
36.32,0,-0.00184,-1e-05,-0,5e-05,-1e-05,0.00855,0.00158,2e-05,-0.00031,6e-05,-5e-05,-1e-05,-0.00062,1e-05,1e-05,-0.00013,1e-05,-1e-05,-1e-05,-0.0007,-0.00599,0.00162,0.00213,0.00068,0.00033,-7e-05,0.0002,0.00015,-7e-05,0.00133,0.00042,4e-05,-0.0002
36.34,-1e-05,-0.00191,-2e-05,-1e-05,6e-05,-1e-05,0.00766,0.00138,2e-05,-0.00021,9e-05,-5e-05,-1e-05,-0.00053,1e-05,1e-05,-0.0001,1e-05,-1e-05,-1e-05,-0.00097,-0.00569,0.00177,0.00254,0.00072,0.00034,-7e-05,0.00015,-1e-05,-0,0.00126,0.00044,4e-05,-0.00019
36.36,-2e-05,-0.00195,-3e-05,-1e-05,7e-05,-1e-05,0.0067,0.00118,1e-05,-0.00012,0.00011,-5e-05,-1e-05,-0.00042,0,1e-05,-6e-05,1e-05,-0,-1e-05,-0.00123,-0.00538,0.0019,0.0029,0.00075,0.00034,-7e-05,0.00011,-0.00017,7e-05,0.00116,0.00045,4e-05,-0.00018
36.38,-3e-05,-0.00197,-3e-05,-2e-05,7e-05,-1e-05,0.0057,0.00098,0,-4e-05,0.00012,-4e-05,-1e-05,-0.0003,0,1e-05,-2e-05,1e-05,0,-1e-05,-0.00147,-0.00498,0.002,0.00318,0.00077,0.00033,-6e-05,7e-05,-0.00033,0.00013,0.00103,0.00044,4e-05,-0.00015
36.4,-5e-05,-0.00195,-4e-05,-2e-05,7e-05,-1e-05,0.0047,0.00079,0,1e-05,0.00011,-2e-05,-1e-05,-0.00017,-0,0,2e-05,1e-05,0,-0,-0.00169,-0.00442,0.00207,0.00337,0.00077,0.00031,-5e-05,3e-05,-0.00051,0.0002,0.00087,0.00041,4e-05,-0.00012
36.42,-6e-05,-0.00189,-5e-05,-2e-05,5e-05,-1e-05,0.00375,0.00063,0,3e-05,0.0001,-1e-05,-1e-05,-3e-05,-0,0,6e-05,1e-05,1e-05,-0,-0.00189,-0.00361,0.0021,0.00344,0.00075,0.00029,-4e-05,1e-05,-0.00069,0.00024,0.00067,0.00037,4e-05,-8e-05
36.44,-8e-05,-0.00178,-6e-05,-2e-05,4e-05,-1e-05,0.00284,0.00049,0,4e-05,8e-05,1e-05,-1e-05,0.00011,0,-0,8e-05,1e-05,1e-05,-0,-0.00206,-0.00252,0.0021,0.00337,0.00071,0.00025,-3e-05,-1e-05,-0.00089,0.00028,0.00046,0.00032,4e-05,-3e-05
36.46,-9e-05,-0.00164,-7e-05,-3e-05,2e-05,-1e-05,0.00197,0.00037,0,4e-05,5e-05,3e-05,-1e-05,0.00025,0,-0,0.0001,0,1e-05,-0,-0.00217,-0.00113,0.00209,0.00316,0.00065,0.00021,-1e-05,-2e-05,-0.0011,0.00029,0.00023,0.00026,4e-05,2e-05
36.48,-0.00011,-0.00146,-8e-05,-3e-05,-0,-1e-05,0.00112,0.00026,0,4e-05,3e-05,5e-05,-1e-05,0.00037,0,-1e-05,0.0001,0,2e-05,0,-0.00224,0.00057,0.00208,0.00279,0.00058,0.00016,-0,-3e-05,-0.00132,0.00028,-1e-05,0.00019,4e-05,7e-05
36.5,-0.00012,-0.00125,-8e-05,-3e-05,-2e-05,-1e-05,0.00031,0.00018,0,5e-05,2e-05,8e-05,-0,0.00049,0,-1e-05,0.0001,-0,2e-05,0,-0.00225,0.00256,0.00207,0.00229,0.00049,0.0001,1e-05,-2e-05,-0.00155,0.00024,-0.00026,0.00012,4e-05,0.00011
36.52,-0.00012,-0.00102,-8e-05,-3e-05,-3e-05,-1e-05,-0.00048,0.0001,0,6e-05,0,0.0001,-0,0.00058,0,-1e-05,9e-05,-0,2e-05,0,-0.00223,0.00472,0.00206,0.00167,0.00039,5e-05,2e-05,-1e-05,-0.00178,0.00019,-0.00052,4e-05,4e-05,0.00017
36.54,-0.00011,-0.00079,-8e-05,-3e-05,-3e-05,-1e-05,-0.00127,3e-05,0,6e-05,-0,0.00013,0,0.00064,0,-1e-05,9e-05,-0,2e-05,1e-05,-0.00216,0.00698,0.00207,0.00094,0.00027,-0,2e-05,3e-05,-0.002,0.00012,-0.00077,-2e-05,4e-05,0.00022
36.56,-0.0001,-0.00055,-6e-05,-2e-05,-3e-05,-1e-05,-0.00208,-5e-05,0,6e-05,0,0.00014,0,0.00068,0,-1e-05,9e-05,-1e-05,2e-05,1e-05,-0.00204,0.00931,0.00211,0.00012,0.00016,-5e-05,2e-05,7e-05,-0.00221,3e-05,-0.00102,-7e-05,3e-05,0.00026
36.58,-8e-05,-0.00031,-4e-05,-2e-05,-1e-05,-1e-05,-0.00289,-0.00014,0,6e-05,1e-05,0.00015,0,0.00069,0,-1e-05,8e-05,-1e-05,2e-05,1e-05,-0.00188,0.01165,0.00217,-0.00076,4e-05,-9e-05,2e-05,0.0001,-0.00239,-6e-05,-0.00126,-0.00012,2e-05,0.00029
36.6,-6e-05,-9e-05,-1e-05,-1e-05,1e-05,-1e-05,-0.00372,-0.00024,0,5e-05,2e-05,0.00015,0,0.00071,-0,-1e-05,8e-05,-1e-05,2e-05,1e-05,-0.0017,0.01383,0.00224,-0.00164,-9e-05,-0.00013,2e-05,0.00016,-0.00254,-0.00014,-0.00148,-0.00015,1e-05,0.00029
36.62,-4e-05,0.0001,4e-05,-1e-05,4e-05,-1e-05,-0.0046,-0.00038,-0,3e-05,2e-05,0.00014,0,0.00072,-0,-1e-05,6e-05,-1e-05,1e-05,1e-05,-0.00152,0.0156,0.00231,-0.00249,-0.00021,-0.00017,1e-05,0.00024,-0.00264,-0.0002,-0.00167,-0.00018,0,0.00027
36.64,-0,0.00025,8e-05,-0,8e-05,-1e-05,-0.00549,-0.00056,-1e-05,-1e-05,2e-05,0.00011,0,0.00077,0,-1e-05,4e-05,-1e-05,1e-05,1e-05,-0.00134,0.01696,0.00238,-0.00326,-0.00032,-0.0002,-0,0.00034,-0.00269,-0.00024,-0.00181,-0.0002,-1e-05,0.00024
36.66,4e-05,0.00036,0.00014,-0,0.00012,-1e-05,-0.00634,-0.00078,-2e-05,-5e-05,1e-05,8e-05,0,0.00084,0,-1e-05,0,-0,0,1e-05,-0.00118,0.01795,0.00243,-0.00391,-0.00043,-0.00023,-1e-05,0.00043,-0.00267,-0.00026,-0.00191,-0.00021,-1e-05,0.00021
36.68,8e-05,0.00043,0.00019,-0,0.00017,-1e-05,-0.00716,-0.00105,-3e-05,-8e-05,0,3e-05,0,0.00093,0,-1e-05,-4e-05,-0,-0,1e-05,-0.00103,0.0186,0.00246,-0.00444,-0.00053,-0.00025,-2e-05,0.00051,-0.00261,-0.00026,-0.00198,-0.00021,-2e-05,0.00019
36.7,0.00013,0.00045,0.00023,-0,0.00021,-0,-0.00795,-0.00133,-4e-05,-9e-05,-1e-05,-1e-05,-0,0.00104,0,-1e-05,-9e-05,-0,-1e-05,1e-05,-0.00089,0.01882,0.00245,-0.00487,-0.00062,-0.00027,-3e-05,0.00059,-0.00248,-0.00025,-0.00202,-0.00021,-2e-05,0.00017
36.72,0.00017,0.00045,0.00028,-0,0.00025,-0,-0.00872,-0.00158,-6e-05,-8e-05,-1e-05,-5e-05,-0,0.00116,-0,-1e-05,-0.00013,-0,-1e-05,0,-0.00077,0.01851,0.00239,-0.00522,-0.0007,-0.00029,-5e-05,0.00066,-0.00228,-0.00022,-0.00201,-0.00021,-2e-05,0.00016
36.74,0.00021,0.00042,0.00031,-0,0.00029,0,-0.00943,-0.00178,-7e-05,-5e-05,-1e-05,-7e-05,-0,0.00127,-0,-1e-05,-0.00016,-0,-1e-05,0,-0.00064,0.0178,0.00228,-0.0055,-0.00077,-0.00031,-6e-05,0.00073,-0.00203,-0.00018,-0.00197,-0.0002,-3e-05,0.00015
36.76,0.00024,0.00036,0.00033,-0,0.00033,1e-05,-0.01004,-0.00194,-8e-05,-1e-05,-1e-05,-8e-05,-0,0.00135,-0,-1e-05,-0.00018,-0,-2e-05,0,-0.0005,0.01685,0.00215,-0.00575,-0.00083,-0.00033,-6e-05,0.00079,-0.00176,-0.00015,-0.0019,-0.0002,-3e-05,0.00014
36.78,0.00026,0.00028,0.00033,-0,0.00036,1e-05,-0.0105,-0.00205,-9e-05,6e-05,-1e-05,-7e-05,-0,0.0014,-0,-1e-05,-0.00019,-0,-2e-05,0,-0.00034,0.01567,0.00198,-0.00598,-0.00087,-0.00035,-6e-05,0.00083,-0.00147,-0.00012,-0.0018,-0.00019,-3e-05,0.00013
36.8,0.00026,0.00018,0.00033,-0,0.00038,1e-05,-0.01072,-0.0021,-9e-05,0.00013,-0,-6e-05,-0,0.00143,-1e-05,-1e-05,-0.00018,-0,-2e-05,0,-0.00016,0.01429,0.00178,-0.00621,-0.0009,-0.00036,-6e-05,0.00087,-0.00118,-9e-05,-0.00168,-0.00018,-2e-05,0.00012
36.82,0.00025,7e-05,0.00032,-0,0.0004,1e-05,-0.01057,-0.0021,-9e-05,0.00021,1e-05,-4e-05,0,0.00144,-1e-05,-1e-05,-0.00016,-0,-2e-05,0,5e-05,0.01279,0.00155,-0.00646,-0.0009,-0.00037,-5e-05,0.00089,-0.00091,-7e-05,-0.00154,-0.00016,-2e-05,0.0001
36.84,0.00023,-4e-05,0.00031,-0,0.0004,2e-05,-0.00999,-0.00203,-7e-05,0.00029,1e-05,-2e-05,0,0.00144,-2e-05,-1e-05,-0.00014,-0,-3e-05,-0,0.00031,0.01119,0.00131,-0.00674,-0.0009,-0.00036,-3e-05,0.00089,-0.00065,-6e-05,-0.00139,-0.00015,-2e-05,9e-05
36.86,0.0002,-0.00015,0.00028,-0,0.00041,2e-05,-0.00893,-0.00189,-6e-05,0.00037,1e-05,-1e-05,0,0.00144,-3e-05,-1e-05,-0.00011,-0,-3e-05,-0,0.00063,0.00956,0.00107,-0.00706,-0.00088,-0.00035,0,0.00089,-0.00042,-5e-05,-0.00124,-0.00013,-2e-05,6e-05
36.88,0.00016,-0.00027,0.00026,-0,0.0004,2e-05,-0.00735,-0.0017,-4e-05,0.00043,1e-05,-0,0,0.00144,-4e-05,-1e-05,-8e-05,0,-3e-05,-0,0.00102,0.00792,0.00083,-0.00745,-0.00084,-0.00032,5e-05,0.00089,-0.00021,-4e-05,-0.00108,-0.00011,-2e-05,4e-05
36.9,0.00012,-0.00037,0.00022,-0,0.00039,2e-05,-0.00531,-0.00144,-3e-05,0.00049,1e-05,0,0,0.00143,-4e-05,-1e-05,-5e-05,0,-3e-05,-0,0.00151,0.00635,0.0006,-0.00794,-0.00079,-0.00027,0.00011,0.00087,-4e-05,-4e-05,-0.00093,-9e-05,-1e-05,1e-05
36.92,9e-05,-0.00046,0.00018,-1e-05,0.00037,2e-05,-0.00291,-0.00115,-2e-05,0.00052,1e-05,-0,0,0.00143,-5e-05,-0,-2e-05,0,-3e-05,-0,0.00211,0.00494,0.0004,-0.00855,-0.00075,-0.0002,0.00019,0.00082,9e-05,-3e-05,-0.0008,-7e-05,-1e-05,-2e-05
36.94,7e-05,-0.00054,0.00013,-1e-05,0.00035,1e-05,-0.00028,-0.00083,-2e-05,0.00054,0,-0,-0,0.00141,-5e-05,-0,1e-05,0,-3e-05,-0,0.00282,0.00365,0.00023,-0.0093,-0.0007,-0.00011,0.00029,0.00075,0.00019,-2e-05,-0.00069,-6e-05,-1e-05,-3e-05
36.96,4e-05,-0.0006,9e-05,-1e-05,0.00032,1e-05,0.00241,-0.00049,-1e-05,0.00056,-0,0,-0,0.00137,-5e-05,-0,4e-05,0,-3e-05,-0,0.00365,0.00243,0.0001,-0.0102,-0.00065,-1e-05,0.00042,0.00068,0.00028,-2e-05,-0.00058,-4e-05,-1e-05,-4e-05
36.98,2e-05,-0.00064,6e-05,-1e-05,0.00028,1e-05,0.00498,-0.00015,-1e-05,0.00058,-1e-05,1e-05,-0,0.00132,-5e-05,-0,7e-05,0,-2e-05,-0,0.00462,0.00129,1e-05,-0.01127,-0.00061,0.00012,0.00056,0.00061,0.00035,-1e-05,-0.00048,-3e-05,-1e-05,-5e-05
37,0,-0.00066,4e-05,-1e-05,0.00025,1e-05,0.00721,0.00017,-1e-05,0.00058,-1e-05,2e-05,-0,0.00123,-4e-05,-0,0.0001,1e-05,-2e-05,-0,0.00565,0.00026,-5e-05,-0.01245,-0.00057,0.00026,0.00071,0.00052,0.00041,0,-0.00039,-2e-05,-0,-5e-05
37.02,-1e-05,-0.00065,2e-05,-1e-05,0.00021,1e-05,0.00897,0.00046,-0,0.00056,-1e-05,3e-05,0,0.00112,-4e-05,-0,0.00013,1e-05,-1e-05,-0,0.00665,-0.00064,-7e-05,-0.01369,-0.00054,0.00042,0.00087,0.00043,0.00046,1e-05,-0.00032,-2e-05,-0,-4e-05
37.04,-3e-05,-0.00063,1e-05,-1e-05,0.00018,1e-05,0.01013,0.00069,1e-05,0.00052,-1e-05,5e-05,0,0.00096,-3e-05,0,0.00016,1e-05,-1e-05,-0,0.00761,-0.00145,-7e-05,-0.01496,-0.00052,0.00057,0.00104,0.00034,0.0005,2e-05,-0.00026,-1e-05,-0,-4e-05
37.06,-6e-05,-0.00059,1e-05,-2e-05,0.00015,1e-05,0.01061,0.00086,2e-05,0.00047,-1e-05,5e-05,0,0.00077,-2e-05,0,0.00018,1e-05,0,-0,0.00856,-0.0022,-5e-05,-0.01626,-0.0005,0.00073,0.00119,0.00025,0.00054,3e-05,-0.00022,-1e-05,-0,-3e-05
37.08,-7e-05,-0.00053,0,-2e-05,0.00012,1e-05,0.0105,0.00097,3e-05,0.00041,-0,4e-05,1e-05,0.00054,-2e-05,0,0.00021,1e-05,1e-05,-0,0.00948,-0.00291,-3e-05,-0.01757,-0.00047,0.00088,0.00134,0.00018,0.00057,5e-05,-0.00018,-1e-05,-0,-3e-05
37.1,-7e-05,-0.00046,0,-1e-05,0.0001,1e-05,0.0099,0.00102,4e-05,0.00035,0,3e-05,1e-05,0.00027,-1e-05,1e-05,0.00024,1e-05,1e-05,-0,0.01029,-0.00352,-1e-05,-0.01886,-0.00043,0.00103,0.00146,0.00011,0.0006,6e-05,-0.00015,-0,-0,-3e-05
37.12,-6e-05,-0.00038,0,-0,8e-05,1e-05,0.00893,0.00103,6e-05,0.00027,0,1e-05,1e-05,-3e-05,-1e-05,1e-05,0.00027,1e-05,2e-05,-0,0.01087,-0.004,0,-0.02007,-0.00037,0.00114,0.00153,5e-05,0.00062,7e-05,-0.00013,-0,-0,-3e-05
37.14,-5e-05,-0.0003,1e-05,1e-05,5e-05,1e-05,0.00775,0.00098,7e-05,0.0002,0,-2e-05,0,-0.00034,0,2e-05,0.0003,1e-05,2e-05,-0,0.01126,-0.00438,-1e-05,-0.02121,-0.00028,0.00123,0.00158,1e-05,0.00063,9e-05,-0.00012,-0,-0,-3e-05
37.16,-2e-05,-0.00022,1e-05,2e-05,3e-05,1e-05,0.00648,0.0009,9e-05,0.00013,0,-4e-05,-0,-0.00065,1e-05,3e-05,0.00033,1e-05,3e-05,-0,0.01156,-0.00468,-5e-05,-0.02232,-0.00016,0.00129,0.00159,-2e-05,0.00064,0.0001,-0.00012,-0,-0,-3e-05
37.18,2e-05,-0.00014,2e-05,3e-05,2e-05,1e-05,0.00519,0.00079,0.0001,7e-05,0,-5e-05,-1e-05,-0.00096,1e-05,4e-05,0.00035,1e-05,3e-05,-0,0.01175,-0.00491,-0.00013,-0.02337,-1e-05,0.00133,0.00158,-4e-05,0.00066,0.00011,-0.00012,-1e-05,-0,-3e-05
37.2,3e-05,-6e-05,3e-05,4e-05,0,1e-05,0.00399,0.00068,0.00012,3e-05,-0,-6e-05,-1e-05,-0.00122,2e-05,6e-05,0.00037,1e-05,3e-05,-0,0.01179,-0.00501,-0.00024,-0.02435,0.00017,0.00136,0.00155,-6e-05,0.00066,0.00013,-0.00012,-1e-05,-0,-3e-05
37.22,-2e-05,1e-05,4e-05,5e-05,-1e-05,1e-05,0.00292,0.00059,0.00012,2e-05,-0,-5e-05,-1e-05,-0.00139,2e-05,7e-05,0.00037,1e-05,3e-05,-0,0.01161,-0.00496,-0.00036,-0.02523,0.00035,0.00139,0.0015,-7e-05,0.00065,0.00014,-0.00012,-1e-05,-0,-3e-05
37.24,-0.00011,8e-05,5e-05,5e-05,-2e-05,1e-05,0.00197,0.00052,0.00013,1e-05,-0,-4e-05,-0,-0.00146,2e-05,8e-05,0.00036,1e-05,3e-05,-0,0.01127,-0.00482,-0.0005,-0.026,0.00054,0.00142,0.00144,-8e-05,0.00064,0.00014,-0.00012,-1e-05,-0,-3e-05
37.26,-0.00018,0.00014,6e-05,4e-05,-2e-05,1e-05,0.00113,0.00044,0.00012,1e-05,0,-3e-05,-0,-0.00143,2e-05,9e-05,0.00033,1e-05,3e-05,-0,0.01084,-0.00462,-0.00066,-0.02663,0.0007,0.00145,0.00138,-0.0001,0.00063,0.00015,-0.00011,-1e-05,-0,-3e-05
37.28,-0.00026,0.0002,8e-05,3e-05,-2e-05,1e-05,0.00039,0.00035,0.00011,1e-05,0,-2e-05,0,-0.0013,2e-05,9e-05,0.00028,1e-05,3e-05,-0,0.0103,-0.00438,-0.00083,-0.02714,0.00084,0.00149,0.00133,-0.00011,0.00061,0.00015,-0.0001,-1e-05,-0,-3e-05
37.3,-0.00031,0.00026,0.0001,2e-05,-1e-05,0,-0.00028,0.00025,0.0001,1e-05,0,-0,0,-0.00112,2e-05,8e-05,0.00022,1e-05,2e-05,-0,0.0097,-0.00408,-0.001,-0.02756,0.00092,0.00153,0.00128,-0.00012,0.00059,0.00015,-9e-05,-1e-05,-0,-3e-05
37.32,-0.00033,0.00031,0.00012,1e-05,-0,0,-0.0009,0.00013,8e-05,1e-05,0,1e-05,-0,-0.00094,2e-05,8e-05,0.00016,1e-05,2e-05,-0,0.00909,-0.00374,-0.00112,-0.02789,0.00093,0.00156,0.00124,-0.00014,0.00056,0.00015,-9e-05,-1e-05,-0,-3e-05
37.34,-0.00033,0.00034,0.00014,0,2e-05,0,-0.0015,2e-05,7e-05,1e-05,1e-05,4e-05,0,-0.00076,2e-05,7e-05,0.0001,1e-05,2e-05,-0,0.00846,-0.00341,-0.00123,-0.02815,0.00084,0.00159,0.00122,-0.00015,0.00053,0.00014,-8e-05,-1e-05,-0,-2e-05
37.36,-0.00034,0.00037,0.00017,-0,4e-05,0,-0.00208,-8e-05,5e-05,1e-05,1e-05,6e-05,0,-0.00061,2e-05,6e-05,6e-05,1e-05,2e-05,-0,0.00776,-0.00316,-0.00132,-0.02835,0.00064,0.00159,0.00123,-0.00016,0.0005,0.00013,-7e-05,-1e-05,-0,-2e-05
37.38,-0.00034,0.00038,0.00019,-0,7e-05,0,-0.00265,-0.00018,4e-05,2e-05,1e-05,8e-05,1e-05,-0.00049,3e-05,5e-05,4e-05,1e-05,1e-05,-0,0.00701,-0.00298,-0.00139,-0.02843,0.00031,0.00157,0.00125,-0.00016,0.00047,0.00013,-6e-05,-1e-05,-0,-2e-05
37.4,-0.00035,0.00039,0.00022,-0,0.0001,0,-0.00324,-0.00028,3e-05,3e-05,2e-05,0.0001,1e-05,-0.0004,4e-05,4e-05,2e-05,1e-05,1e-05,-0,0.00625,-0.00286,-0.00143,-0.02836,-0.00015,0.00151,0.00129,-0.00016,0.00045,0.00012,-5e-05,-2e-05,-0,-3e-05
37.42,-0.00038,0.00038,0.00024,0,0.00013,0,-0.00383,-0.00039,2e-05,4e-05,2e-05,0.00011,1e-05,-0.00032,5e-05,4e-05,2e-05,1e-05,1e-05,-0,0.00553,-0.00279,-0.00143,-0.02807,-0.00072,0.00139,0.00131,-0.00016,0.00042,0.0001,-5e-05,-2e-05,-0,-3e-05
37.44,-0.00041,0.00037,0.00026,1e-05,0.00016,0,-0.00442,-0.00049,2e-05,5e-05,3e-05,0.0001,1e-05,-0.00025,6e-05,3e-05,2e-05,1e-05,1e-05,-0,0.00481,-0.00277,-0.00139,-0.02745,-0.00138,0.00122,0.00132,-0.00015,0.0004,9e-05,-5e-05,-2e-05,-0,-3e-05
37.46,-0.00044,0.00035,0.00028,2e-05,0.00019,0,-0.00499,-0.0006,1e-05,7e-05,4e-05,9e-05,1e-05,-0.00019,8e-05,2e-05,2e-05,1e-05,1e-05,-0,0.00404,-0.00277,-0.00132,-0.02635,-0.00207,0.00099,0.00128,-0.00014,0.00037,7e-05,-5e-05,-2e-05,-0,-3e-05
37.48,-0.00047,0.00032,0.00028,3e-05,0.00022,0,-0.00553,-0.00071,1e-05,0.0001,4e-05,7e-05,0,-0.00013,9e-05,2e-05,3e-05,1e-05,1e-05,-0,0.00324,-0.00274,-0.00123,-0.02468,-0.00271,0.0007,0.00118,-0.00013,0.00035,5e-05,-5e-05,-3e-05,-0,-3e-05
37.5,-0.00049,0.00028,0.00028,4e-05,0.00023,0,-0.00599,-0.00081,0,0.00013,4e-05,4e-05,0,-7e-05,0.00011,1e-05,3e-05,1e-05,1e-05,-0,0.0025,-0.00263,-0.00111,-0.02239,-0.00319,0.00035,0.001,-0.00011,0.00032,3e-05,-5e-05,-4e-05,-1e-05,-3e-05
37.52,-0.00051,0.00023,0.00026,6e-05,0.00024,0,-0.00634,-0.00091,0,0.00017,5e-05,1e-05,-0,-2e-05,0.00012,1e-05,4e-05,1e-05,1e-05,-0,0.00187,-0.00239,-0.00096,-0.01952,-0.00342,-1e-05,0.00075,-0.0001,0.00028,1e-05,-5e-05,-4e-05,-1e-05,-2e-05
37.54,-0.00051,0.00018,0.00022,7e-05,0.00023,0,-0.00652,-0.00099,-0,0.0002,6e-05,-1e-05,-0,0,0.00013,1e-05,4e-05,1e-05,1e-05,-0,0.00131,-0.00202,-0.0008,-0.01615,-0.00335,-0.00034,0.00046,-0.0001,0.00024,-2e-05,-5e-05,-5e-05,-1e-05,-1e-05
37.56,-0.00049,0.00012,0.00017,8e-05,0.00021,1e-05,-0.0065,-0.00103,-0,0.00023,6e-05,-2e-05,-0,-0,0.00013,2e-05,4e-05,1e-05,1e-05,-0,0.00082,-0.00155,-0.00062,-0.01251,-0.00295,-0.00056,0.00018,-9e-05,0.00018,-5e-05,-5e-05,-5e-05,-1e-05,-0
37.58,-0.00046,6e-05,0.00011,9e-05,0.00018,1e-05,-0.00625,-0.00105,-0,0.00025,6e-05,-2e-05,-0,-4e-05,0.00013,4e-05,5e-05,1e-05,1e-05,-0,0.00044,-0.00106,-0.00044,-0.00893,-0.00233,-0.00065,-5e-05,-9e-05,0.00012,-8e-05,-4e-05,-6e-05,-1e-05,2e-05
37.6,-0.00041,-0,6e-05,0.0001,0.00015,1e-05,-0.00579,-0.00101,-0,0.00027,5e-05,-2e-05,-0,-0.00011,0.00013,6e-05,6e-05,1e-05,1e-05,-0,0.00018,-0.00061,-0.00026,-0.00579,-0.00159,-0.00061,-0.00018,-0.0001,6e-05,-0.00011,-3e-05,-7e-05,-1e-05,4e-05
37.62,-0.00035,-6e-05,2e-05,0.00011,0.00012,1e-05,-0.00514,-0.00091,-0,0.00027,3e-05,-2e-05,-0,-0.00021,0.00012,9e-05,7e-05,1e-05,1e-05,-0,0,-0.00028,-0.00011,-0.0033,-0.00087,-0.0005,-0.00022,-0.0001,-2e-05,-0.00014,-2e-05,-7e-05,-1e-05,6e-05
37.64,-0.00029,-0.00011,0,0.0001,9e-05,1e-05,-0.00433,-0.00076,-0,0.00028,2e-05,-1e-05,-0,-0.00035,0.00011,0.00013,9e-05,1e-05,0,-0,-0.0001,-6e-05,1e-05,-0.0015,-0.00028,-0.00031,-0.00016,-0.0001,-9e-05,-0.00016,-1e-05,-8e-05,-1e-05,9e-05
37.66,-0.00024,-0.00017,-0,0.0001,7e-05,1e-05,-0.00338,-0.00058,-0,0.00031,1e-05,-1e-05,-0,-0.00053,0.0001,0.00018,0.00012,1e-05,1e-05,-0,-0.00014,6e-05,8e-05,-0.00033,0.00011,-9e-05,-5e-05,-0.00011,-0.00017,-0.00018,0,-8e-05,-1e-05,0.00012
37.68,-0.00019,-0.00022,2e-05,9e-05,5e-05,1e-05,-0.00235,-0.00037,-0,0.00035,0,-1e-05,-0,-0.00075,9e-05,0.00025,0.00017,0,1e-05,0,-0.00012,8e-05,0.0001,0.0003,0.00031,0.0001,6e-05,-0.0001,-0.00025,-0.00019,2e-05,-8e-05,-1e-05,0.00014
37.7,-0.00016,-0.00028,5e-05,8e-05,3e-05,1e-05,-0.0013,-0.00018,-0,0.00041,-0,-0,-0,-0.00099,8e-05,0.00033,0.00024,0,2e-05,0,-0.00012,3e-05,8e-05,0.00033,0.00027,0.00015,0.00012,-0.0001,-0.00033,-0.0002,3e-05,-7e-05,-1e-05,0.00016
37.72,-0.00013,-0.00033,8e-05,7e-05,2e-05,0,-0.0003,-1e-05,-0,0.00049,-0,-0,-0,-0.00125,8e-05,0.00045,0.00035,-0,3e-05,0,-0.00013,-5e-05,4e-05,0.00019,0.00015,0.00013,0.00012,-9e-05,-0.00043,-0.00019,5e-05,-6e-05,-1e-05,0.00017
37.74,-0.00012,-0.00039,0.00011,6e-05,1e-05,0,0.00059,0.00011,0,0.00059,0,-0,-0,-0.00153,9e-05,0.00059,0.00049,-0,5e-05,1e-05,-0.00013,-0.00013,0,4e-05,4e-05,0.0001,0.00011,-8e-05,-0.00054,-0.00016,7e-05,-5e-05,-0,0.00018
37.76,-0.00011,-0.00045,0.00012,5e-05,-0,0,0.00134,0.00018,0,0.00071,1e-05,-0,0,-0.00181,0.0001,0.00075,0.00068,-0,8e-05,1e-05,-0.00012,-0.00023,-3e-05,-0.00013,-6e-05,7e-05,0.0001,-8e-05,-0.00068,-0.00014,0.00011,-3e-05,-0,0.00016
37.78,-0.0001,-0.0005,0.00012,4e-05,-2e-05,0,0.00193,0.00019,1e-05,0.00082,1e-05,-1e-05,0,-0.0021,0.0001,0.00094,0.00094,-0,0.00012,2e-05,-0.00018,-0.00032,-5e-05,-0.00018,-0.00013,3e-05,7e-05,-7e-05,-0.00084,-0.00011,0.00014,-1e-05,0,0.00014
37.8,-0.00011,-0.00053,0.0001,3e-05,-3e-05,0,0.00236,0.00016,1e-05,0.00093,2e-05,-1e-05,0,-0.00238,0.0001,0.00115,0.00128,1e-05,0.00017,3e-05,-0.00051,-0.0002,-4e-05,0.00042,-6e-05,-1e-05,1e-05,-7e-05,-0.00103,-8e-05,0.00019,2e-05,0,0.0001
37.82,-0.00012,-0.00055,7e-05,3e-05,-5e-05,0,0.00261,9e-05,1e-05,0.00101,4e-05,-2e-05,0,-0.00265,9e-05,0.0014,0.00171,3e-05,0.00024,3e-05,-0.00105,0.00022,-0,0.00197,0.00012,-1e-05,-8e-05,-7e-05,-0.00124,-6e-05,0.00026,5e-05,1e-05,6e-05
37.84,-0.00015,-0.00053,4e-05,2e-05,-8e-05,-0,0.00271,1e-05,1e-05,0.00105,8e-05,-3e-05,0,-0.00289,8e-05,0.00167,0.00224,7e-05,0.00034,4e-05,-0.00182,0.00105,6e-05,0.00475,0.00039,0,-0.00018,-6e-05,-0.00148,-4e-05,0.00034,9e-05,1e-05,4e-05
37.86,-0.00018,-0.00047,1e-05,1e-05,-0.0001,-0,0.0027,-8e-05,2e-05,0.00106,0.00012,-4e-05,0,-0.00308,4e-05,0.00191,0.00286,0.00013,0.00046,5e-05,-0.00285,0.00247,0.00012,0.00897,0.00068,0,-0.00032,-1e-05,-0.00175,-4e-05,0.00043,0.00012,2e-05,3e-05
37.88,-0.00023,-0.00036,0,0,-0.00012,-0,0.00259,-0.00017,2e-05,0.00102,0.00017,-3e-05,-0,-0.00322,-0,0.00213,0.00354,0.0002,0.00059,5e-05,-0.00414,0.0046,0.00018,0.01464,0.00092,-6e-05,-0.00053,7e-05,-0.00204,-4e-05,0.00053,0.00016,2e-05,3e-05
37.9,-0.00028,-0.00024,0,-1e-05,-0.00014,-0,0.00244,-0.00025,2e-05,0.00097,0.00022,-1e-05,-0,-0.00326,-6e-05,0.00227,0.00427,0.00029,0.00075,6e-05,-0.00556,0.0073,0.00021,0.02126,0.0011,-0.00019,-0.00079,0.00023,-0.00233,-5e-05,0.00066,0.00019,3e-05,4e-05
37.92,-0.00034,-0.00013,1e-05,-2e-05,-0.00016,-0,0.00227,-0.0003,2e-05,0.0009,0.00031,3e-05,-0,-0.00312,-0.00011,0.00224,0.00507,0.00042,0.00091,6e-05,-0.00688,0.00995,0.00019,0.02768,0.00122,-0.00038,-0.00111,0.00048,-0.00251,-6e-05,0.00086,0.00022,3e-05,6e-05
37.94,-0.00041,-4e-05,2e-05,-3e-05,-0.00017,-0,0.0021,-0.00032,2e-05,0.00082,0.00042,0.0001,0,-0.00286,-0.00013,0.00204,0.00586,0.00058,0.00107,7e-05,-0.00796,0.01205,0.00014,0.03311,0.00135,-0.00058,-0.00145,0.00081,-0.00257,-8e-05,0.00114,0.00024,3e-05,8e-05
37.96,-0.00048,2e-05,2e-05,-4e-05,-0.00018,-0,0.00193,-0.00036,1e-05,0.00072,0.00054,0.00018,1e-05,-0.00252,-0.00012,0.00173,0.00652,0.00072,0.00119,7e-05,-0.00875,0.0134,9e-05,0.03718,0.00153,-0.00075,-0.00177,0.00117,-0.00245,-9e-05,0.0015,0.00024,3e-05,8e-05
37.98,-0.00053,4e-05,2e-05,-4e-05,-0.00018,-0,0.00177,-0.00046,-1e-05,0.00059,0.00069,0.00024,2e-05,-0.00212,-9e-05,0.00135,0.00699,0.00085,0.00127,7e-05,-0.00919,0.01353,5e-05,0.03948,0.00181,-0.00084,-0.00204,0.00145,-0.00212,-8e-05,0.00194,0.00022,3e-05,8e-05
38,-0.00059,0,0,-3e-05,-0.00018,-0,0.00162,-0.00054,-4e-05,0.00044,0.00088,0.00029,3e-05,-0.00167,-3e-05,0.00095,0.00721,0.00095,0.00131,6e-05,-0.0092,0.01229,-1e-05,0.04019,0.00214,-0.00084,-0.00217,0.00172,-0.00144,-5e-05,0.00256,0.00017,3e-05,6e-05
38.02,-0.00072,-0.0001,-0,-1e-05,-0.00018,0,0.00148,-0.00047,-7e-05,0.00026,0.00111,0.00037,6e-05,-0.00118,5e-05,0.00061,0.0072,0.00103,0.00129,6e-05,-0.00879,0.00971,-0.00013,0.03972,0.00243,-0.00078,-0.0021,0.0021,-0.00032,4e-05,0.00354,0.0001,2e-05,2e-05
38.04,-0.00087,-0.00025,1e-05,2e-05,-0.00017,0,0.00134,-0.00036,-0.00012,5e-05,0.0014,0.00037,9e-05,-0.00068,0.00017,0.00037,0.00694,0.00105,0.00124,5e-05,-0.00807,0.00591,-0.00041,0.03818,0.00262,-0.00065,-0.00186,0.00242,0.00108,0.00019,0.00475,1e-05,1e-05,-2e-05
38.06,-0.00096,-0.00043,6e-05,6e-05,-0.00015,0,0.00117,-0.00031,-0.00018,-0.00018,0.00175,0.00024,0.00012,-0.00017,0.00031,0.00021,0.00644,0.00101,0.00114,4e-05,-0.00714,0.00136,-0.00093,0.03577,0.00266,-0.00048,-0.00151,0.0025,0.00253,0.00042,0.00597,-0.00011,-1e-05,-8e-05
38.08,-0.00095,-0.00063,0.00013,0.00012,-0.00014,0,0.00097,-0.00023,-0.00024,-0.00043,0.00209,7e-05,0.00014,0.00032,0.00047,8e-05,0.00591,0.00093,0.00101,3e-05,-0.00605,-0.00353,-0.00176,0.03271,0.00254,-0.00029,-0.00109,0.00231,0.00387,0.00069,0.00712,-0.00024,-3e-05,-0.00014
38.1,-0.00091,-0.00082,0.00022,0.00018,-0.00012,0,0.00072,-0.00018,-0.00031,-0.00068,0.00244,-7e-05,0.00017,0.00077,0.00063,-7e-05,0.00519,0.00083,0.00085,2e-05,-0.00481,-0.00806,-0.00279,0.02919,0.00231,-0.0001,-0.00069,0.00221,0.00486,0.00099,0.00804,-0.00038,-5e-05,-0.0002
38.12,-0.00097,-0.00099,0.00031,0.00021,-0.0001,-0,0.00042,-0.00021,-0.00034,-0.00085,0.00294,-5e-05,0.0002,0.00126,0.00076,-0.00023,0.00401,0.00072,0.00067,1e-05,-0.00345,-0.01158,-0.00373,0.02538,0.00202,7e-05,-0.00037,0.00275,0.00524,0.00126,0.00859,-0.00048,-7e-05,-0.00025
38.14,-0.00095,-0.00109,0.00038,0.00023,-8e-05,-0,4e-05,-0.00021,-0.00035,-0.00091,0.00342,0.00016,0.00021,0.00176,0.00086,-0.00038,0.00284,0.00062,0.0005,1e-05,-0.002,-0.01404,-0.00448,0.02128,0.00171,0.00021,-0.00012,0.00361,0.00506,0.00143,0.00861,-0.00053,-8e-05,-0.00028
38.16,-0.00065,-0.0011,0.00041,0.00024,-6e-05,-1e-05,-0.00038,-0.00016,-0.00037,-0.00088,0.00369,0.00042,0.00022,0.00217,0.00091,-0.0005,0.00191,0.00054,0.00036,1e-05,-0.0005,-0.01555,-0.00503,0.01687,0.0014,0.00031,5e-05,0.00443,0.0045,0.00147,0.00802,-0.00055,-8e-05,-0.0003
38.18,-1e-05,-0.00101,0.00039,0.00024,-3e-05,-1e-05,-0.00081,-0.0001,-0.00041,-0.00075,0.00378,0.00067,0.00021,0.0025,0.00092,-0.00058,0.00115,0.00048,0.00024,1e-05,0.00104,-0.01621,-0.00528,0.01218,0.00115,0.00037,0.00015,0.00539,0.00369,0.00139,0.00693,-0.00053,-8e-05,-0.00031
38.2,0.0007,-0.00085,0.00033,0.00024,-1e-05,-1e-05,-0.00117,-4e-05,-0.00048,-0.00059,0.00361,0.00082,0.0002,0.00274,0.00091,-0.00059,0.00058,0.00045,0.00015,1e-05,0.00259,-0.01561,-0.00513,0.00735,0.00096,0.00041,0.00018,0.00614,0.00279,0.0012,0.00544,-0.00048,-7e-05,-0.00032
38.22,0.00099,-0.00066,0.00023,0.00021,1e-05,-1e-05,-0.0014,1e-05,-0.00055,-0.00043,0.00313,0.00077,0.00019,0.00286,0.00091,-0.00056,0.00021,0.00045,0.0001,1e-05,0.00403,-0.01368,-0.00458,0.00245,0.00087,0.00043,0.00018,0.00622,0.00195,0.00092,0.00383,-0.0004,-6e-05,-0.00034
38.24,0.00098,-0.00043,0.00014,0.00018,2e-05,-1e-05,-0.00146,5e-05,-0.00062,-0.00022,0.00257,0.00064,0.00017,0.0029,0.00091,-0.00049,0,0.00047,9e-05,1e-05,0.00534,-0.01126,-0.00373,-0.00248,0.00086,0.00044,0.00015,0.00591,0.0012,0.00062,0.00238,-0.0003,-5e-05,-0.00035
38.26,0.00099,-0.00019,6e-05,0.00014,3e-05,-1e-05,-0.00139,7e-05,-0.00072,3e-05,0.00204,0.0005,0.00015,0.00289,0.00093,-0.0004,-5e-05,0.00051,0.00011,2e-05,0.0065,-0.00873,-0.00265,-0.00735,0.00094,0.00043,9e-05,0.00541,0.00055,0.00035,0.00113,-0.00019,-5e-05,-0.00037
38.28,0.00107,3e-05,1e-05,9e-05,4e-05,-1e-05,-0.00123,8e-05,-0.00085,0.00032,0.00155,0.00037,0.00012,0.00279,0.00094,-0.0003,2e-05,0.00058,0.00017,2e-05,0.00751,-0.00612,-0.00139,-0.01201,0.00108,0.00042,3e-05,0.00471,-2e-05,0.00011,5e-05,-7e-05,-4e-05,-0.00039
38.3,0.00051,0.00021,-1e-05,5e-05,4e-05,-1e-05,-0.00106,7e-05,-0.00095,0.00059,0.00112,0.00025,9e-05,0.0026,0.00095,-0.00022,0.00015,0.00066,0.00024,3e-05,0.00825,-0.00342,-2e-05,-0.01635,0.00124,0.00041,-4e-05,0.00371,-0.00051,-7e-05,-0.00096,4e-05,-3e-05,-0.0004
38.32,-0.00164,0.00033,-1e-05,1e-05,3e-05,-0,-0.00096,3e-05,-0.00091,0.00081,0.00075,0.00016,6e-05,0.00233,0.00097,-0.00018,0.00031,0.00075,0.00032,3e-05,0.00853,-0.00081,0.00136,-0.02033,0.00138,0.00041,-9e-05,0.00243,-0.00093,-0.00014,-0.00193,0.00015,-2e-05,-0.00038
38.34,-0.00496,0.0004,1e-05,-1e-05,2e-05,-0,-0.00096,-0,-0.00081,0.00097,0.00047,0.0001,3e-05,0.002,0.00097,-0.00016,0.00043,0.00083,0.0004,3e-05,0.00843,0.0014,0.00264,-0.02379,0.00146,0.00041,-0.00012,0.00114,-0.00128,-0.00011,-0.00291,0.00025,-1e-05,-0.00033
38.36,-0.00895,0.00043,4e-05,3e-05,1e-05,0,-0.00106,-1e-05,-0.0007,0.00107,0.00027,8e-05,2e-05,0.00163,0.00092,-0.00016,0.0005,0.00086,0.00045,3e-05,0.00808,0.0032,0.00374,-0.02664,0.00146,0.0004,-0.00014,-0.00011,-0.00154,2e-05,-0.00392,0.00032,-1e-05,-0.00028
38.38,-0.01396,0.00041,8e-05,0.00011,0,0,-0.00124,1e-05,-0.00053,0.0011,0.00016,8e-05,1e-05,0.00128,0.00085,-0.00017,0.00049,0.00085,0.00048,3e-05,0.00751,0.00463,0.00462,-0.029,0.00135,0.00038,-0.00013,-0.00137,-0.0017,0.0002,-0.00491,0.00035,-0,-0.00022
38.4,-0.02127,0.00035,0.00013,0.00026,-0,0,-0.0015,4e-05,-0.00035,0.0011,0.00012,0.0001,1e-05,0.00095,0.00075,-0.0002,0.0004,0.00079,0.00049,3e-05,0.00677,0.0057,0.00522,-0.03105,0.00113,0.00035,-0.00011,-0.00263,-0.00174,0.00039,-0.00571,0.00034,-0,-0.00017
38.42,-0.03225,0.00025,0.00018,0.00049,-0,0,-0.00183,6e-05,-0.0002,0.00108,0.00014,0.00015,2e-05,0.00063,0.00061,-0.00019,0.0002,0.00066,0.00047,3e-05,0.00593,0.0064,0.00547,-0.03294,0.00078,0.00031,-8e-05,-0.00378,-0.00169,0.00055,-0.00607,0.00029,-0,-0.00015
38.44,-0.04634,0.00015,0.00019,0.0008,-0,0,-0.00221,0,-5e-05,0.00098,0.00023,0.00022,5e-05,0.00036,0.00045,-0.00013,-0.00014,0.00052,0.00044,2e-05,0.00501,0.00687,0.00546,-0.03494,0.0003,0.00025,-2e-05,-0.00478,-0.0016,0.00066,-0.00595,0.0002,-1e-05,-0.00013
38.46,-0.06265,6e-05,0.0001,0.00118,1e-05,-0,-0.0026,-0.00018,8e-05,0.00073,0.00038,0.0003,0.0001,0.00014,0.00028,-7e-05,-0.00067,0.00037,0.00041,2e-05,0.00401,0.00728,0.00531,-0.03723,-0.0003,0.00019,7e-05,-0.00562,-0.00153,0.00073,-0.00544,7e-05,-1e-05,-0.00011
38.48,-0.08087,0,-0.00014,0.00162,1e-05,-1e-05,-0.00297,-0.00054,0.00019,0.00028,0.00057,0.0004,0.00016,-2e-05,0.00011,3e-05,-0.0014,0.00021,0.00037,1e-05,0.00293,0.00774,0.00506,-0.0398,-0.00104,0.00011,0.00018,-0.00626,-0.00151,0.00077,-0.00448,-9e-05,-2e-05,-0.0001
38.5,-0.10097,-1e-05,-0.00059,0.00206,1e-05,-2e-05,-0.00321,-0.00109,0.00028,-0.00041,0.00078,0.00051,0.00023,-9e-05,-4e-05,0.00015,-0.00233,5e-05,0.00033,0,0.00172,0.00822,0.00475,-0.04296,-0.00188,3e-05,0.00033,-0.00661,-0.00159,0.00077,-0.00341,-0.00027,-3e-05,-9e-05
38.52,-0.12213,-1e-05,-0.00118,0.00241,-1e-05,-3e-05,-0.00313,-0.00175,0.00035,-0.00137,0.00099,0.00066,0.00032,-0,-0.00014,0.00022,-0.00335,-9e-05,0.0003,-1e-05,0.00031,0.00855,0.00437,-0.04707,-0.00283,-5e-05,0.00055,-0.00656,-0.00179,0.00071,-0.00265,-0.00043,-3e-05,-7e-05
38.54,-0.14158,-1e-05,-0.00182,0.00248,-5e-05,-3e-05,-0.00276,-0.0024,0.00043,-0.00258,0.00113,0.00085,0.00038,0.00032,-0.00014,0.00028,-0.00442,-0.00021,0.00028,-2e-05,-0.00126,0.00881,0.004,-0.05188,-0.00385,-0.00014,0.00082,-0.0061,-0.0021,0.00056,-0.00197,-0.00057,-4e-05,-6e-05
38.56,-0.15719,-5e-05,-0.00245,0.00202,-0.0001,-3e-05,-0.00222,-0.00297,0.00056,-0.00395,0.00119,0.00105,0.00041,0.00095,3e-05,0.00035,-0.00554,-0.00031,0.00025,-3e-05,-0.00298,0.00906,0.00369,-0.05711,-0.00492,-0.00023,0.00112,-0.00524,-0.00247,0.00029,-0.00124,-0.00068,-4e-05,-5e-05
38.58,-0.16751,-0.00012,-0.00292,0.00074,-0.00017,-2e-05,-0.00142,-0.00336,0.0007,-0.0055,0.00116,0.00125,0.0004,0.00196,0.00039,0.00042,-0.00672,-0.00038,0.00021,-3e-05,-0.00493,0.00922,0.00344,-0.06267,-0.00602,-0.00033,0.00143,-0.00393,-0.00291,-0.00012,-0.00059,-0.00076,-4e-05,-3e-05
38.6,-0.17257,-0.0002,-0.00323,-0.00159,-0.00025,-1e-05,-0.00062,-0.00368,0.00096,-0.00696,0.00105,0.00142,0.00036,0.00373,0.00099,0.00044,-0.00792,-0.00044,0.00015,-4e-05,-0.00695,0.00898,0.00319,-0.06903,-0.0071,-0.00046,0.00175,-0.0022,-0.0032,-0.0006,-0.00018,-0.00078,-4e-05,-3e-05
38.62,-0.17326,-0.00028,-0.00332,-0.00512,-0.00025,1e-05,0.00048,-0.00416,0.00158,-0.00808,0.00089,0.00153,0.00029,0.00727,0.002,0.00041,-0.00934,-0.00048,7e-05,-5e-05,-0.00875,0.008,0.00285,-0.07681,-0.00811,-0.00061,0.00206,-0.00012,-0.00308,-0.00106,-1e-05,-0.00073,-4e-05,-2e-05
38.64,-0.16859,-0.00038,-0.00276,-0.00653,-0.00023,2e-05,0.00271,-0.00481,0.00251,-0.00924,0.00068,0.00153,0.0002,0.01317,0.00353,0.00036,-0.01156,-0.00052,-5e-05,-5e-05,-0.01052,0.00647,0.00241,-0.08545,-0.009,-0.0008,0.00235,0.00222,-0.00261,-0.0014,-2e-05,-0.00063,-3e-05,-2e-05
38.66,-0.1573,-0.0005,-0.001,-0.00709,-0.0002,2e-05,0.00612,-0.00548,0.00358,-0.01099,0.0004,0.00136,0.00011,0.02007,0.00562,0.00036,-0.01507,-0.00058,-0.0002,-7e-05,-0.01245,0.00472,0.00187,-0.0942,-0.00973,-0.00102,0.00258,0.0047,-0.00196,-0.00159,-0.00017,-0.0005,-3e-05,-3e-05
38.68,-0.13785,-0.00049,0.00253,-0.00749,-0.00018,-1e-05,0.00979,-0.00602,0.00455,-0.01355,6e-05,0.00102,2e-05,0.01999,0.00805,0.0005,-0.01836,-0.00066,-0.00039,-9e-05,-0.01435,0.00279,0.00118,-0.10285,-0.01028,-0.00127,0.00274,0.00717,-0.00118,-0.00162,-0.00047,-0.00035,-2e-05,-4e-05
38.7,-0.11569,-0.0005,0.00869,-0.00777,-0.00018,-2e-05,0.01486,-0.00688,0.00569,-0.01668,-0.00034,0.00049,-8e-05,0.02023,0.01167,0.00057,-0.02221,-0.00076,-0.00059,-0.00011,-0.01622,0.00094,0.00034,-0.11161,-0.01058,-0.00153,0.00284,0.00951,-0.00039,-0.00144,-0.00081,-0.0002,-2e-05,-6e-05
38.72,-0.09368,-0.00067,0.01819,-0.00795,-0.00022,-4e-05,0.01908,-0.00788,0.00662,-0.01789,-0.00082,-0.00017,-0.00018,0.02274,0.01813,0.00049,-0.02558,-0.00092,-0.00077,-0.00013,-0.01816,-0.00064,-0.00065,-0.12075,-0.0106,-0.0018,0.00287,0.01166,0.00021,-0.00104,-0.00088,-5e-05,-1e-05,-6e-05
38.74,-0.07108,-0.00063,0.02978,-0.00782,-0.00026,-4e-05,0.02542,-0.00863,0.00675,-0.01904,-0.00133,-0.00079,-0.00028,0.0256,0.02445,0.00016,-0.02889,-0.00107,-0.00099,-0.00016,-0.01989,-0.00188,-0.00178,-0.1292,-0.01034,-0.00204,0.00283,0.01351,0.00048,-0.00051,-0.00068,0.00011,-1e-05,-5e-05
38.76,-0.04873,-0.00029,0.03923,-0.00739,-0.00027,-4e-05,0.03076,-0.00858,0.00556,-0.02062,-0.00174,-0.00126,-0.00034,0.02817,0.02708,-0.00032,-0.0313,-0.00114,-0.00131,-0.00016,-0.02118,-0.00267,-0.00292,-0.13588,-0.00981,-0.00221,0.00272,0.0149,0.00043,-1e-05,-0.00034,0.00029,-0,-5e-05
38.78,-0.02939,-0,0.04101,-0.00658,-0.00018,-3e-05,0.03616,-0.00759,0.00349,-0.02273,-0.00188,-0.00149,-0.00035,0.03243,0.02506,-0.00061,-0.03184,-0.0011,-0.0018,-0.00015,-0.02214,-0.00297,-0.00404,-0.14076,-0.00905,-0.00225,0.00254,0.01581,0.00015,0.00042,0.00016,0.00046,-0,-3e-05
38.8,-0.01407,-0.00034,0.03496,-0.00555,-7e-05,-2e-05,0.04029,-0.00561,0.00146,-0.02426,-0.00162,-0.00143,-0.0003,0.03749,0.01963,-0.00051,-0.03007,-0.00092,-0.00224,-0.00013,-0.0224,-0.00263,-0.0048,-0.14342,-0.00809,-0.00214,0.00234,0.01619,-0.00022,0.00067,0.00083,0.00063,0,-2e-05
38.82,-0.00306,-0.00174,0.02669,-0.00496,-4e-05,0,0.04236,-0.00325,0.00032,-0.02361,-0.0011,-0.00116,-0.00027,0.04117,0.01418,-0.00028,-0.02677,-0.00066,-0.00219,-0.00012,-0.02181,-0.00181,-0.00491,-0.14344,-0.00702,-0.00183,0.00215,0.01603,-0.00049,0.00068,0.0017,0.00078,0,-1e-05
38.84,0.00372,-0.00395,0.01593,-0.00443,-1e-05,2e-05,0.04195,-0.00088,-1e-05,-0.02062,-0.00045,-0.00072,-0.00026,0.04259,0.00919,-7e-05,-0.02162,-0.00037,-0.00178,-0.00011,-0.02078,-0.00092,-0.00458,-0.14099,-0.00592,-0.00123,0.002,0.01541,-0.00059,0.00056,0.00257,0.00091,0,0
38.86,0.00693,-0.00622,0.0042,-0.00366,0.00011,3e-05,0.03874,0.00103,0.00015,-0.0159,0.00026,-0.00014,-0.00026,0.04205,0.00461,0.00012,-0.01382,-9e-05,-0.00138,-9e-05,-0.01959,-0.00018,-0.00395,-0.13625,-0.00484,-0.00027,0.00192,0.01444,-0.00054,0.0004,0.00328,0.00099,0,1e-05
38.88,0.00762,-0.00767,-0.00319,-0.00263,0.00026,2e-05,0.03278,0.00178,0.00037,-0.0097,0.00075,0.0006,-0.00025,0.03981,0.00149,0.00014,-0.00508,0.00013,-0.00093,-7e-05,-0.01832,0.00032,-0.00298,-0.12941,-0.00383,0.00103,0.00195,0.01328,-0.00037,0.00024,0.00382,0.00103,0,2e-05
38.9,0.00734,-0.00716,-0.00305,-0.00177,0.00041,-0,0.02663,0.00132,0.00029,-0.00474,0.00088,0.00129,-0.00027,0.02852,0.0012,-8e-05,0.00089,0.00019,-0.00033,-6e-05,-0.01664,0.00047,-0.00163,-0.1203,-0.00292,0.00264,0.00205,0.01198,-0.0002,0.00011,0.00407,0.00102,0,2e-05
38.92,0.0069,-0.00606,-0.00383,-0.00164,0.0005,-2e-05,0.01963,0.00026,-7e-05,-0.00187,0.00148,0.00199,-0.00033,0.02002,0.00115,-0.00014,0.00218,0.00016,-0.00017,-5e-05,-0.01424,0.00026,-8e-05,-0.10904,-0.00213,0.00433,0.00217,0.01058,-0.00014,3e-05,0.00399,0.00095,0,2e-05
38.94,0.00612,-0.00508,-0.00441,-0.00125,0.00055,-3e-05,0.01497,1e-05,2e-05,-0.00055,0.00235,0.0022,-0.00032,0.01387,0.00096,-0.00012,0.00196,0.00013,-0.00016,-5e-05,-0.01182,-0.00027,0.00141,-0.09638,-0.00149,0.00597,0.00233,0.00918,-0.00012,-1e-05,0.0037,0.00084,0,2e-05
38.96,0.00505,-0.00397,-0.00407,-0.00081,0.00055,-4e-05,0.01046,0.00011,0.00035,0.00105,0.00252,0.00192,-0.00025,0.00949,0.00074,-0.0001,0.00178,0.00011,-0.00015,-5e-05,-0.00972,-0.00103,0.00277,-0.08274,-0.00099,0.00747,0.00252,0.00785,-0.00012,-1e-05,0.00329,0.0007,0,1e-05
38.98,0.0039,-0.00282,-0.00341,-0.00049,0.00053,-2e-05,0.00673,0.00029,0.00064,0.00253,0.00238,0.00144,-0.00018,0.00632,0.00047,-5e-05,0.00143,9e-05,-0.00016,-4e-05,-0.00769,-0.00194,0.00399,-0.06814,-0.00061,0.00878,0.00273,0.00654,-0.00013,0,0.00277,0.00054,0,1e-05
39,0.00277,-0.00169,-0.00235,-0.00027,0.00047,-1e-05,0.00424,0.00027,0.00066,0.00332,0.00173,0.00092,-0.00012,0.00398,0.00017,1e-05,0.00108,7e-05,-0.00016,-4e-05,-0.00587,-0.00283,0.00503,-0.05205,-0.00035,0.00953,0.00282,0.00519,-0.00013,1e-05,0.00212,0.00036,0,0
39.02,0.00169,-0.00074,-0.00121,-0.00012,0.0004,0,0.00285,0.00013,0.00046,0.00303,0.00076,0.00043,-8e-05,0.00224,-0.00014,8e-05,0.00081,6e-05,-0.00015,-3e-05,-0.00431,-0.00346,0.00586,-0.03443,-0.00017,0.0092,0.00264,0.00377,-0.00012,2e-05,0.00139,0.00017,0,0
39.04,0.00065,0,-0.00046,-4e-05,0.00019,1e-05,0.00184,3e-05,0.00027,0.00235,0.00018,0.00014,-4e-05,0.00093,-0.00046,0.00016,0.00057,5e-05,-0.00013,-2e-05,-0.00261,-0.00376,0.00656,-0.01603,-5e-05,0.00807,0.00227,0.00227,-8e-05,1e-05,0.00068,-1e-05,-0,-0
39.06,-0.00036,0.00054,-8e-05,3e-05,5e-05,1e-05,0.00095,-3e-05,0.00015,0.00174,1e-05,3e-05,-2e-05,-0.0001,-0.00078,0.00023,0.00034,4e-05,-0.00011,-1e-05,-0.00062,-0.00376,0.00723,0.00285,3e-05,0.00659,0.00184,0.00069,-3e-05,-1e-05,2e-05,-0.00017,-0,-0
39.08,-0.0013,0.00087,8e-05,0.0001,-2e-05,1e-05,0.00015,-8e-05,8e-05,0.00116,1e-05,0,-0,-0.00099,-0.0011,0.00031,0.0001,3e-05,-8e-05,-0,0.00159,-0.00346,0.00799,0.02207,9e-05,0.00477,0.00134,-0.00096,2e-05,-5e-05,-0.00057,-0.00031,-0,0
39.1,-0.00218,0.00102,0.0001,0.00021,-6e-05,1e-05,-0.00054,-0.00012,3e-05,0.00058,6e-05,0,1e-05,-0.00186,-0.00141,0.00038,-0.0002,2e-05,-5e-05,0,0.00394,-0.00289,0.0087,0.04091,0.00016,0.00317,0.0009,-0.00264,7e-05,-9e-05,-0.00109,-0.00043,-0,0
39.12,-0.00297,0.001,6e-05,0.00037,-9e-05,1e-05,-0.00104,-0.00016,2e-05,2e-05,6e-05,1e-05,0,-0.00277,-0.00171,0.00042,-0.00054,2e-05,-2e-05,0,0.00607,-0.00212,0.00914,0.05818,0.00025,0.00208,0.00059,-0.00423,0.00011,-0.00012,-0.00149,-0.00052,-0,1e-05
39.14,-0.00365,0.0009,1e-05,0.00062,-0.00013,0,-0.00131,-0.00018,2e-05,-0.0005,3e-05,0,-0,-0.00383,-0.002,0.00045,-0.00091,1e-05,2e-05,0,0.00784,-0.00125,0.00948,0.07329,0.00037,0.00109,0.0003,-0.00566,0.00014,-0.00014,-0.00178,-0.00058,-1e-05,1e-05
39.16,-0.00419,0.00087,1e-05,0.00098,-0.00015,0,-0.00138,-0.00019,4e-05,-0.00098,1e-05,-0,-0,-0.00517,-0.00233,0.00048,-0.00132,1e-05,7e-05,-0,0.00934,-0.00034,0.00989,0.08638,0.00055,9e-05,0,-0.00694,0.00015,-0.00016,-0.00198,-0.00063,-1e-05,1e-05
39.18,-0.00453,0.00096,0.00016,0.00142,-0.0002,0,-0.00143,-0.0002,8e-05,-0.00139,0,0,-0,-0.00706,-0.00273,0.00049,-0.0017,1e-05,0.00013,0,0.01054,0.00059,0.01037,0.09746,0.00081,-0.00084,-0.00029,-0.00807,0.00015,-0.00018,-0.00211,-0.00066,-1e-05,2e-05
39.2,-0.00459,0.00127,0.00054,0.0017,-0.00024,-0,-0.00183,-0.00017,0.00013,-0.00168,3e-05,1e-05,1e-05,-0.00991,-0.00322,0.0005,-0.00192,1e-05,0.00021,0,0.01139,0.0015,0.01062,0.1066,0.00114,-0.00169,-0.00058,-0.00903,0.00014,-0.00018,-0.00216,-0.00067,-1e-05,3e-05
39.22,-0.00419,0.00177,0.00127,0.00188,-0.00025,-0,-0.00319,-0.0001,0.0002,-0.00171,9e-05,3e-05,3e-05,-0.01421,-0.00387,0.0005,-0.00179,1e-05,0.00032,1e-05,0.01179,0.00227,0.01022,0.11391,0.00157,-0.00251,-0.0009,-0.00979,0.00012,-0.00015,-0.00216,-0.00067,-1e-05,4e-05
39.24,-0.00303,0.00232,0.00243,0.00216,-0.00024,-1e-05,-0.00632,4e-05,0.00028,-0.00141,0.00018,6e-05,6e-05,-0.02058,-0.00466,0.00047,-0.00109,1e-05,0.00046,2e-05,0.01184,0.00283,0.00938,0.1197,0.0021,-0.00329,-0.00124,-0.01037,0.0001,-0.00011,-0.00213,-0.00066,-1e-05,5e-05
39.26,-0.0006,0.0026,0.00379,0.00245,-0.00021,-1e-05,-0.01206,0.00025,0.00035,-0.0007,0.00027,0.0001,9e-05,-0.02812,-0.0055,0.00042,0.0003,2e-05,0.00065,2e-05,0.01171,0.00323,0.00844,0.12438,0.00271,-0.00398,-0.00159,-0.01082,7e-05,-6e-05,-0.00209,-0.00064,-1e-05,6e-05
39.28,0.00375,0.00224,0.00497,0.00258,-0.0002,-2e-05,-0.01863,0.00046,0.00039,0.0003,0.00032,0.00015,0.00012,-0.03384,-0.00668,0.00036,0.00191,2e-05,0.00085,3e-05,0.0115,0.00344,0.00742,0.12803,0.00339,-0.00454,-0.00195,-0.01111,4e-05,0,-0.0021,-0.0006,-0,7e-05
39.3,0.01092,0.00141,0.006,0.00307,-0.0001,-4e-05,-0.0259,0.00061,0.00039,0.00179,0.00034,0.00022,0.00013,-0.03949,-0.00825,0.00028,0.00499,3e-05,0.00106,3e-05,0.01089,0.00335,0.00604,0.13046,0.00409,-0.00503,-0.00233,-0.01123,1e-05,0.0001,-0.00213,-0.00054,-0,8e-05
39.32,0.02255,0.00019,0.00649,0.00438,0.00022,-9e-05,-0.03274,0.00059,0.00034,0.00375,0.00034,0.00033,0.00011,-0.04198,-0.01041,0.00019,0.01086,2e-05,0.00123,3e-05,0.00933,0.00279,0.00401,0.13137,0.00476,-0.00554,-0.00272,-0.01116,-3e-05,0.00031,-0.00217,-0.00047,-0,7e-05
39.34,0.0395,-0.00092,0.00318,0.00566,0.00061,-0.00014,-0.03587,0.00031,0.00025,0.00541,0.00029,0.00042,8e-05,-0.0382,-0.01332,0.00019,0.01651,0,0.00126,3e-05,0.00721,0.00189,0.00179,0.13098,0.00535,-0.00593,-0.0031,-0.0109,-7e-05,0.00058,-0.00224,-0.00038,-0,6e-05
39.36,0.06064,-0.00146,-0.00614,0.0065,0.00094,-0.00018,-0.03494,3e-05,0.00014,0.00632,0.00019,0.00043,3e-05,-0.02982,-0.01615,0.00028,0.01977,-2e-05,0.00115,2e-05,0.00504,0.0009,-0.00024,0.12957,0.00584,-0.00605,-0.00346,-0.01045,-0.00011,0.00086,-0.00239,-0.00028,-0,4e-05
39.38,0.08328,-0.00136,-0.02144,0.00702,0.00123,-0.0002,-0.02933,8e-05,9e-05,0.00583,9e-05,0.00035,-1e-05,-0.01723,-0.01796,0.00049,0.02061,-4e-05,0.00095,1e-05,0.00264,-8e-05,-0.00206,0.12726,0.00622,-0.00595,-0.00382,-0.00983,-0.00014,0.00111,-0.00257,-0.00018,-0,2e-05
39.4,0.10391,-0.00093,-0.03751,0.00718,0.00134,-0.0002,-0.02134,0.00074,3e-05,0.00465,-0,0.00019,-3e-05,-0.00527,-0.01837,0.00078,0.0191,-4e-05,0.00071,1e-05,0.0003,-0.00105,-0.0038,0.12447,0.00646,-0.00557,-0.00405,-0.00905,-0.00013,0.00125,-0.00273,-8e-05,0,-2e-05
39.42,0.12086,-0.00045,-0.04909,0.00711,0.00122,-0.00016,-0.01472,0.00219,-0.00016,0.00413,-4e-05,2e-05,-4e-05,0.00183,-0.01772,0.00107,0.01628,-3e-05,0.00047,1e-05,-0.00167,-0.00201,-0.0057,0.12165,0.00654,-0.00489,-0.00397,-0.00812,-4e-05,0.0012,-0.0028,2e-05,1e-05,-6e-05
39.44,0.13191,-6e-05,-0.05522,0.0068,0.00101,-0.00012,-0.00943,0.00397,-0.00035,0.00354,-0,-0.00012,-4e-05,0.00496,-0.01583,0.00127,0.01303,-1e-05,0.00027,1e-05,-0.00354,-0.00272,-0.00762,0.11883,0.00649,-0.00405,-0.00373,-0.00712,0.00018,0.00093,-0.00273,0.0001,1e-05,-0.00012
39.46,0.13602,0.00019,-0.05468,0.00624,0.00079,-7e-05,-0.00508,0.00523,-0.00045,0.00258,5e-05,-0.00022,-3e-05,0.00483,-0.01285,0.0013,0.00974,1e-05,0.00014,1e-05,-0.00547,-0.003,-0.00939,0.11592,0.00632,-0.00315,-0.00347,-0.00607,0.00056,0.00043,-0.00248,0.00018,2e-05,-0.00019
39.48,0.13351,0.00025,-0.04717,0.0055,0.0005,-1e-05,-0.00134,0.00553,-0.0005,0.00176,0.00011,-0.00028,-2e-05,0.00218,-0.00945,0.00114,0.00666,4e-05,7e-05,1e-05,-0.00738,-0.00284,-0.01117,0.11293,0.00602,-0.00222,-0.00319,-0.005,0.00109,-0.00022,-0.00204,0.00025,3e-05,-0.0003
39.5,0.1276,5e-05,-0.03591,0.0047,0.00029,3e-05,0.00015,0.00482,-0.00047,0.00124,0.00012,-0.0003,-1e-05,-0.00206,-0.00565,0.00075,0.00357,5e-05,6e-05,1e-05,-0.00925,-0.00223,-0.01284,0.10947,0.00561,-0.00128,-0.00284,-0.00393,0.00172,-0.00089,-0.00146,0.00029,4e-05,-0.00035
39.52,0.12157,-8e-05,-0.02487,0.00405,0.00027,5e-05,-0.00095,0.00305,-0.0003,0.00093,9e-05,-0.00028,-1e-05,-0.00529,-0.00294,0.00034,0.0015,5e-05,6e-05,1e-05,-0.01104,-0.00122,-0.01418,0.105,0.00514,-0.00041,-0.00239,-0.00291,0.00227,-0.00138,-0.00075,0.00033,6e-05,-9e-05
39.54,0.11447,-0.00026,-0.01672,0.00214,0.00022,5e-05,-0.00213,0.00175,-0.00018,0.00066,5e-05,-0.00025,-0,-0.0064,-0.0013,5e-05,0.00024,5e-05,4e-05,1e-05,-0.01264,9e-05,-0.01526,0.09959,0.00458,0.00031,-0.00193,-0.00203,0.00269,-0.00161,1e-05,0.00036,8e-05,0.00032
39.56,0.1055,-0.00046,-0.01033,0.00061,7e-05,7e-05,-0.00217,0.00085,-8e-05,0.00037,3e-05,-0.00021,0,-0.0058,-0.00038,-0.00013,-0.00051,5e-05,1e-05,1e-05,-0.01401,0.00158,-0.01614,0.09332,0.00397,0.00087,-0.00154,-0.00131,0.00297,-0.00163,0.00072,0.00036,9e-05,0.00066
39.58,0.09505,-0.00062,-0.0059,-0.00027,0,4e-05,-0.00183,0.00032,-1e-05,5e-05,1e-05,-0.00017,1e-05,-0.00452,4e-05,-0.00022,-0.00091,4e-05,-2e-05,1e-05,-0.01512,0.00317,-0.01676,0.08597,0.00331,0.00127,-0.00118,-0.00075,0.00308,-0.00147,0.00125,0.00034,0.0001,0.00099
39.6,0.08428,-0.00077,-0.00305,-0.00068,-2e-05,2e-05,-0.00134,7e-05,4e-05,-0.00024,-0,-0.00013,1e-05,-0.00315,0.00017,-0.00028,-0.00108,4e-05,-3e-05,1e-05,-0.01595,0.00477,-0.01706,0.07829,0.00264,0.00151,-0.00089,-0.00037,0.00309,-0.00125,0.00163,0.0003,9e-05,0.00114
39.62,0.07432,-0.00093,-0.00134,-0.0008,-1e-05,0,-0.00084,-3e-05,6e-05,-0.00047,-1e-05,-0.0001,1e-05,-0.00202,0.00013,-0.00031,-0.00109,3e-05,-3e-05,1e-05,-0.01649,0.00625,-0.01709,0.071,0.00198,0.0016,-0.00067,-0.00015,0.00314,-0.00109,0.0021,0.00025,8e-05,0.00098
39.64,0.06521,-0.00108,-0.00043,-0.00078,-0,-1e-05,-0.00046,-5e-05,8e-05,-0.00062,-1e-05,-8e-05,1e-05,-0.00126,3e-05,-0.00035,-0.00101,3e-05,-3e-05,1e-05,-0.01677,0.00762,-0.01686,0.06362,0.00137,0.00156,-0.0005,-0.00011,0.0032,-0.00091,0.00247,0.0002,6e-05,0.00075
39.66,0.05668,-0.00118,-1e-05,-0.00068,1e-05,-1e-05,-0.00021,-5e-05,8e-05,-0.00069,-1e-05,-6e-05,1e-05,-0.00083,-0.0001,-0.0004,-0.00088,2e-05,-1e-05,1e-05,-0.01686,0.00893,-0.01636,0.05591,0.00083,0.00143,-0.00036,-0.00025,0.00326,-0.00067,0.00253,0.00016,5e-05,0.00058
39.68,0.04878,-0.0012,0.00013,-0.00055,3e-05,-2e-05,-7e-05,-5e-05,8e-05,-0.00069,-1e-05,-5e-05,1e-05,-0.00061,-0.00023,-0.00046,-0.00074,2e-05,1e-05,1e-05,-0.01676,0.01029,-0.01562,0.0481,0.00036,0.00123,-0.00025,-0.00061,0.0033,-0.00041,0.00235,0.00014,4e-05,0.00043
39.7,0.04195,-0.00109,0.00014,-0.00043,3e-05,-2e-05,-2e-05,-7e-05,5e-05,-0.00063,-1e-05,-4e-05,1e-05,-0.0005,-0.00035,-0.00051,-0.00061,2e-05,3e-05,0,-0.01664,0.01167,-0.01466,0.04071,-3e-05,0.001,-0.00018,-0.00115,0.00329,-0.00011,0.00198,0.00013,3e-05,0.00031
39.72,0.0365,-0.00083,0.00011,-0.00033,3e-05,-2e-05,-0,-0.0001,2e-05,-0.00055,-1e-05,-3e-05,0,-0.00044,-0.00042,-0.00052,-0.00051,2e-05,5e-05,0,-0.01664,0.01306,-0.01356,0.03405,-0.00032,0.00077,-0.00014,-0.00183,0.0032,0.00019,0.00148,0.00014,3e-05,0.00022
39.74,0.03178,-0.00046,8e-05,-0.00024,1e-05,-2e-05,0,-0.00014,-4e-05,-0.00045,-1e-05,-2e-05,-0,-0.00041,-0.00047,-0.00051,-0.00044,2e-05,8e-05,0,-0.01668,0.01464,-0.01238,0.02784,-0.0005,0.00059,-0.00011,-0.00261,0.00296,0.00049,0.00095,0.00014,2e-05,0.00013
39.76,0.02725,-1e-05,8e-05,-0.00016,-2e-05,-2e-05,-0,-0.00018,-0.0001,-0.00035,-1e-05,-2e-05,-1e-05,-0.00042,-0.0005,-0.00047,-0.0004,2e-05,0.0001,1e-05,-0.01665,0.01663,-0.01112,0.02179,-0.00058,0.00046,-9e-05,-0.00353,0.00257,0.00076,0.00047,0.00015,2e-05,4e-05
39.78,0.02287,0.00049,0.0001,-9e-05,-5e-05,-1e-05,-0,-0.00021,-0.00018,-0.00025,-0,-1e-05,-1e-05,-0.00049,-0.00051,-0.0004,-0.0004,3e-05,0.00013,1e-05,-0.01651,0.0191,-0.00984,0.0158,-0.00056,0.00041,-7e-05,-0.00458,0.00207,0.00097,4e-05,0.00016,1e-05,-4e-05
39.8,0.01903,0.00099,0.00015,-4e-05,-0.0001,-1e-05,-2e-05,-0.0002,-0.00025,-0.00016,-0,-1e-05,-1e-05,-0.00058,-0.0005,-0.00033,-0.00041,5e-05,0.00016,1e-05,-0.0162,0.02175,-0.00847,0.00954,-0.00042,0.00044,-6e-05,-0.00569,0.00146,0.00109,-0.00035,0.00017,1e-05,-0.00013
39.82,0.01597,0.00143,0.00021,-0,-0.00015,-1e-05,-4e-05,-0.00014,-0.0003,-5e-05,-0,0,-2e-05,-0.00067,-0.00046,-0.00027,-0.00044,7e-05,0.00019,1e-05,-0.01557,0.02412,-0.00698,0.00265,-0.00018,0.00055,-5e-05,-0.00675,0.00079,0.00106,-0.00055,0.00017,0,-0.0002
39.84,0.01327,0.00179,0.00031,1e-05,-0.00021,-0,-9e-05,-2e-05,-0.00031,6e-05,-0,1e-05,-2e-05,-0.00074,-0.00039,-0.00023,-0.00048,0.00011,0.00023,1e-05,-0.01432,0.02626,-0.00548,-0.00534,0.00018,0.00076,-6e-05,-0.00767,0.00023,0.00094,-0.00051,0.00017,-0,-0.00025
39.86,0.01065,0.00208,0.00043,0,-0.00027,-0,-0.00015,0.00016,-0.00029,0.00018,0,3e-05,-3e-05,-0.00074,-0.00031,-0.00018,-0.00053,0.00014,0.00027,2e-05,-0.01207,0.02838,-0.00403,-0.01492,0.00066,0.00105,-7e-05,-0.00834,-0.00014,0.00081,-0.00039,0.00016,-1e-05,-0.00028
39.88,0.00812,0.00231,0.0006,-0,-0.00028,-0,-0.00022,0.0004,-0.00023,0.00033,0,6e-05,-3e-05,-0.00063,-0.00022,-0.00013,-0.00059,0.00018,0.00032,2e-05,-0.00848,0.03048,-0.00264,-0.02651,0.00129,0.00144,-9e-05,-0.00862,-0.00038,0.0007,-0.0002,0.00014,-1e-05,-0.0003
39.9,0.0059,0.00252,0.00081,-0,-0.00029,-1e-05,-0.00027,0.00071,-0.00012,0.00051,0,9e-05,-4e-05,-0.00036,-9e-05,-0.0001,-0.00063,0.00023,0.00038,2e-05,-0.00318,0.03174,-0.00127,-0.04043,0.00207,0.00193,-0.00012,-0.00844,-0.00053,0.00061,-5e-05,0.00012,-1e-05,-0.0003
39.92,0.00395,0.00276,0.00106,1e-05,-0.00029,-2e-05,-0.00026,0.00113,6e-05,0.0007,1e-05,0.00014,-4e-05,6e-05,0.00013,-9e-05,-0.00067,0.00028,0.00044,3e-05,0.00411,0.03101,-5e-05,-0.0568,0.00301,0.00253,-0.00017,-0.00782,-0.00053,0.00055,-3e-05,0.0001,-1e-05,-0.00027
39.94,0.00189,0.003,0.00132,4e-05,-0.00029,-3e-05,-0.0002,0.00161,0.00031,0.0009,2e-05,0.00019,-5e-05,0.0006,0.00042,-9e-05,-0.00069,0.00032,0.0005,3e-05,0.01352,0.02878,0.00074,-0.07545,0.0041,0.00322,-0.00022,-0.00679,-0.00052,0.0005,-0.0001,7e-05,-1e-05,-0.00022
39.96,-0.00042,0.00313,0.00157,6e-05,-0.00027,-4e-05,-0.0001,0.0021,0.00059,0.00109,3e-05,0.00026,-5e-05,0.0012,0.00073,-0.0001,-0.00067,0.00035,0.00056,3e-05,0.0249,0.02588,0.00095,-0.09574,0.0053,0.00395,-0.00028,-0.00547,-0.00069,0.00045,-0.00021,4e-05,-1e-05,-0.00016
39.98,-0.00293,0.00308,0.0018,7e-05,-0.00024,-5e-05,3e-05,0.00255,0.00089,0.00126,6e-05,0.00032,-6e-05,0.00177,0.00103,-0.00012,-0.00062,0.00036,0.00062,3e-05,0.03798,0.02238,0.00039,-0.11605,0.00657,0.0047,-0.00034,-0.00405,-0.00102,0.00035,-0.00029,2e-05,-1e-05,-9e-05
40,-0.00569,0.00268,0.00199,1e-05,-0.00019,-5e-05,0.00017,0.00296,0.00125,0.00137,0.0001,0.00039,-6e-05,0.0022,0.0014,-0.00014,-0.00052,0.00035,0.00065,3e-05,0.051,0.01783,-0.00084,-0.13548,0.00771,0.00534,-0.00039,-0.00274,-0.0012,0.00018,-0.00036,0,0,-2e-05
40.02,-0.00888,0.00183,0.00218,-0.00019,-0.00013,-4e-05,0.00026,0.00334,0.00172,0.00144,0.00016,0.00046,-6e-05,0.00242,0.00188,-0.00018,-0.00037,0.00032,0.00066,3e-05,0.06106,0.01131,-0.00265,-0.15391,0.00843,0.00571,-0.00041,-0.00173,-0.0008,-0,-0.00041,-1e-05,1e-05,4e-05
40.04,-0.01221,0.00071,0.00235,-0.00054,-6e-05,-3e-05,0.0003,0.00353,0.00222,0.00145,0.00024,0.00053,-6e-05,0.0024,0.00233,-0.00022,-0.00019,0.00027,0.00065,2e-05,0.06779,0.00415,-0.00553,-0.16766,0.00865,0.00577,-0.00041,-0.001,-7e-05,-0.00013,-0.00031,-1e-05,1e-05,0.00011
40.06,-0.01518,-0.00043,0.00247,-0.00099,0,-1e-05,0.00026,0.00344,0.00264,0.00138,0.00035,0.00056,-6e-05,0.00215,0.00259,-0.00026,1e-05,0.00019,0.00059,2e-05,0.07169,-0.00162,-0.00953,-0.17297,0.00839,0.00552,-0.00037,-0.00051,0.00062,-0.00019,-0.00011,-0,2e-05,0.00018
40.08,-0.01763,-0.00133,0.00251,-0.0015,5e-05,0,0.00014,0.00311,0.00294,0.00124,0.00048,0.00056,-5e-05,0.00173,0.0027,-0.00028,0.00019,0.00011,0.00051,1e-05,0.07266,-0.00576,-0.01517,-0.16928,0.00757,0.00496,-0.00031,-0.00022,0.00126,-0.00019,0.00013,1e-05,2e-05,0.00025
40.1,-0.01939,-0.00191,0.00242,-0.0019,9e-05,2e-05,3e-05,0.00256,0.00308,0.00111,0.00062,0.00051,-4e-05,0.0013,0.00257,-0.00029,0.00035,3e-05,0.00038,0,0.06892,-0.00623,-0.01978,-0.15475,0.00629,0.00407,-0.0002,-7e-05,0.00167,-0.00016,0.00034,4e-05,3e-05,0.0003
40.12,-0.0204,-0.00218,0.00211,-0.00235,0.00013,4e-05,7e-05,0.00186,0.00301,0.00108,0.00078,0.00041,-3e-05,0.00104,0.00217,-0.00027,0.00049,-4e-05,0.00022,-0,0.0588,-0.00348,-0.02013,-0.12918,0.00474,0.00293,-6e-05,-1e-05,0.00175,-0.00011,0.00048,6e-05,3e-05,0.00034
40.14,-0.0206,-0.00202,0.00155,-0.0028,0.00017,5e-05,0.00025,0.00118,0.00263,0.00106,0.00089,0.00028,-2e-05,0.00091,0.00166,-0.00023,0.00061,-8e-05,6e-05,-1e-05,0.04556,6e-05,-0.01871,-0.09667,0.00308,0.00174,7e-05,2e-05,0.0016,-7e-05,0.00055,8e-05,3e-05,0.00036
40.16,-0.02002,-0.0015,0.00086,-0.00318,0.00018,6e-05,0.00048,0.00063,0.002,0.00098,0.00091,0.00014,-1e-05,0.00082,0.00116,-0.00017,0.00069,-9e-05,-0.00011,-1e-05,0.03251,0.00364,-0.01712,-0.06237,0.00154,0.00066,0.00018,2e-05,0.00136,-3e-05,0.00054,0.0001,3e-05,0.00037
40.18,-0.01875,-0.00079,0.00017,-0.0032,0.00016,7e-05,0.00076,0.00024,0.00122,0.00085,0.00081,2e-05,-0,0.00081,0.00071,-0.00012,0.00076,-8e-05,-0.00027,-2e-05,0.02081,0.00681,-0.01502,-0.03105,0.00035,-0.00019,0.00024,-0,0.00106,-0,0.00047,0.00011,3e-05,0.00036
40.2,-0.0169,-9e-05,-0.00036,-0.00279,0.0001,7e-05,0.00095,-1e-05,0.00044,0.00062,0.00063,-3e-05,1e-05,0.00073,0.0003,-7e-05,0.00081,-5e-05,-0.00042,-2e-05,0.01163,0.00839,-0.01139,-0.00659,-0.00033,-0.00071,0.00023,-4e-05,0.00074,1e-05,0.00037,0.00012,3e-05,0.00034
40.22,-0.01468,0.00051,-0.00061,-0.00215,4e-05,5e-05,0.001,-0.00017,-0.00016,0.00033,0.00041,1e-05,4e-05,0.00052,-7e-05,-4e-05,0.00081,-0,-0.00054,-3e-05,0.0054,0.00731,-0.00666,0.00763,-0.00061,-0.00089,0.00015,-0.00011,0.00043,0,0.00024,0.00013,2e-05,0.0003
40.24,-0.0123,0.00099,-0.00055,-0.00145,0,2e-05,0.00099,-0.0003,-0.00054,4e-05,0.00014,0.00015,7e-05,0.00033,-0.0004,-3e-05,0.00079,6e-05,-0.00063,-3e-05,0.00187,0.00484,-0.00318,0.01183,-0.00057,-0.00079,4e-05,-0.00019,0.00016,-1e-05,0.00011,0.00013,2e-05,0.00025
40.26,-0.00986,0.00132,-0.00025,-0.0008,-3e-05,-0,0.00098,-0.00043,-0.0007,-0.00024,-0.00012,0.00039,7e-05,0.00017,-0.00074,-3e-05,0.00074,0.00012,-0.00069,-4e-05,0.0003,0.00222,-0.00125,0.00961,-0.00025,-0.00054,-7e-05,-0.0003,-6e-05,-1e-05,-2e-05,0.00013,2e-05,0.00019
40.28,-0.00745,0.00148,0.0002,-0.00026,-5e-05,-1e-05,0.00099,-0.00062,-0.00062,-0.00048,-0.00036,0.00067,6e-05,5e-05,-0.00113,-6e-05,0.00066,0.00018,-0.00072,-5e-05,-0.00026,-0.00016,-0.0003,0.00465,0.00016,-0.00025,-0.00015,-0.00043,-0.00024,-1e-05,-0.00015,0.00013,2e-05,0.00014
40.3,-0.00516,0.00149,0.00069,0.00014,-7e-05,-2e-05,0.00105,-0.00083,-0.00037,-0.0007,-0.00044,0.00102,2e-05,-0,-0.00153,-8e-05,0.00054,0.00024,-0.00071,-6e-05,-0.00045,-0.00195,8e-05,4e-05,0.00048,-3e-05,-0.0002,-0.00056,-0.00037,-1e-05,-0.00024,0.00013,2e-05,8e-05
40.32,-0.0031,0.0014,0.00109,0.0004,-8e-05,-3e-05,0.00118,-0.00096,2e-05,-0.00087,0.00015,0.00148,-2e-05,3e-05,-0.00177,-9e-05,0.00038,0.00033,-0.00064,-7e-05,-0.00056,-0.00293,0.00016,-0.00208,0.00058,6e-05,-0.00023,-0.00067,-0.00046,-1e-05,-0.00029,0.00014,2e-05,2e-05
40.34,-0.00135,0.00122,0.00123,0.00051,-8e-05,-3e-05,0.00136,-0.00119,0.00033,-0.00098,0.00094,0.00172,-2e-05,0.00014,-0.00189,-0.0001,0.0002,0.00043,-0.00055,-8e-05,-0.00067,-0.00317,0.00014,-0.00089,0.00044,0,-0.00022,-0.00074,-0.00051,-1e-05,-0.00027,0.00015,2e-05,-2e-05
40.36,5e-05,0.00097,0.00103,0.0005,-7e-05,-3e-05,0.00162,-0.00167,0.00031,-0.00105,0.00133,0.00164,1e-05,0.00034,-0.002,-0.00011,1e-05,0.00052,-0.00044,-9e-05,-0.00071,-0.00297,0.00011,0.00308,0.0001,-0.00015,-0.00019,-0.00076,-0.00053,-1e-05,-0.00017,0.00016,3e-05,-6e-05
40.38,0.00108,0.0007,0.00057,0.00041,-6e-05,-3e-05,0.00194,-0.00235,-0.00012,-0.00107,0.00144,0.00133,5e-05,0.00057,-0.00203,-0.00012,-0.00016,0.00059,-0.00033,-9e-05,-0.0005,-0.00276,0.00011,0.00841,-0.00032,-0.00035,-0.00014,-0.0007,-0.00055,-1e-05,-2e-05,0.00018,3e-05,-0.0001
40.4,0.00174,0.00048,1e-05,0.00029,-4e-05,-2e-05,0.00227,-0.00299,-0.00073,-0.00102,0.00126,0.00097,8e-05,0.00078,-0.00199,-0.00011,-0.0003,0.00063,-0.00024,-8e-05,1e-05,-0.00288,0.00013,0.01374,-0.00069,-0.00051,-7e-05,-0.00047,-0.00056,-1e-05,0.00017,0.0002,3e-05,-0.00013
40.42,0.00208,0.00035,-0.00056,0.00017,-2e-05,-2e-05,0.00254,-0.00329,-0.00128,-0.00092,0.00076,0.00068,9e-05,0.00099,-0.00185,-0.0001,-0.0004,0.00063,-0.00018,-6e-05,0.0006,-0.00353,0.00017,0.01859,-0.00086,-0.00057,2e-05,-2e-05,-0.00056,-0,0.00038,0.00023,3e-05,-0.00017
40.44,0.00211,0.00029,-0.00108,8e-05,-0,-2e-05,0.00264,-0.00336,-0.00177,-0.00078,0.00033,0.00044,0.0001,0.00112,-0.00163,-8e-05,-0.00044,0.00059,-0.00014,-4e-05,0.00123,-0.00492,0.0002,0.02192,-0.00078,-0.00052,0.0001,0.00075,-0.00055,-0,0.00061,0.00024,3e-05,-0.00022
40.46,0.00191,0.00024,-0.00144,4e-05,2e-05,-1e-05,0.00254,-0.00328,-0.0021,-0.00064,0.00012,0.00025,9e-05,0.00115,-0.00137,-6e-05,-0.00044,0.00051,-0.0001,-2e-05,0.0019,-0.00704,0.00013,0.02259,-0.00052,-0.00037,0.00016,0.00189,-0.00051,-0,0.00082,0.00025,3e-05,-0.00028
40.48,0.00157,0.0002,-0.00155,3e-05,3e-05,-1e-05,0.0023,-0.00296,-0.00218,-0.00053,1e-05,0.00013,7e-05,0.00109,-0.00106,-3e-05,-0.0004,0.00042,-7e-05,-1e-05,0.00251,-0.00986,-0.00017,0.02059,-0.00017,-0.00018,0.00018,0.00335,-0.00043,-0,0.00097,0.00024,2e-05,-0.00036
40.5,0.00121,8e-05,-0.00144,6e-05,6e-05,-1e-05,0.00194,-0.00254,-0.00207,-0.00046,-2e-05,5e-05,5e-05,0.00097,-0.00077,-0,-0.00035,0.00029,-5e-05,0,0.00279,-0.01226,-0.00082,0.01713,0.00014,-1e-05,0.00016,0.00516,-0.00024,-0,0.00113,0.00021,1e-05,-0.00043
40.52,0.00097,-0.00026,-0.00119,0.00011,9e-05,-0,0.0015,-0.00216,-0.00185,-0.00042,-2e-05,1e-05,2e-05,0.0008,-0.00056,1e-05,-0.00031,0.00015,-3e-05,0,0.00258,-0.01274,-0.0017,0.01343,0.00028,0.00011,0.00013,0.00742,0.00015,1e-05,0.00152,0.00016,-1e-05,-0.00048
40.54,0.00091,-0.00079,-0.00082,0.00016,0.00013,0,0.00107,-0.00174,-0.00155,-0.0004,-1e-05,0,0,0.00061,-0.00038,2e-05,-0.00028,4e-05,1e-05,0,0.00217,-0.01229,-0.00269,0.00919,0.0002,0.00014,6e-05,0.00995,0.00068,4e-05,0.00204,8e-05,-3e-05,-0.00051
40.56,0.00108,-0.00136,-0.0004,0.00019,0.00012,0,0.00068,-0.00126,-0.0012,-0.0004,-0,2e-05,-1e-05,0.0004,-0.00021,3e-05,-0.00027,-2e-05,5e-05,0,0.00182,-0.01191,-0.00379,0.00446,-0.00012,7e-05,-4e-05,0.01239,0.00128,9e-05,0.0025,-3e-05,-5e-05,-0.00053
40.58,0.00145,-0.00193,-4e-05,0.0002,0.0001,0,0.00032,-0.0008,-0.00086,-0.00042,1e-05,3e-05,-1e-05,0.00017,-8e-05,2e-05,-0.00028,-6e-05,9e-05,1e-05,0.00151,-0.01129,-0.00485,-0.00031,-0.00064,-0.0001,-0.00014,0.01453,0.00189,0.00016,0.00286,-0.00016,-8e-05,-0.00053
40.6,0.00196,-0.00248,0.00017,0.00019,7e-05,0,-1e-05,-0.00044,-0.00058,-0.00046,1e-05,5e-05,-1e-05,-9e-05,-2e-05,1e-05,-0.00031,-7e-05,0.00012,1e-05,0.00119,-0.01048,-0.00584,-0.00501,-0.00132,-0.00035,-0.00025,0.01642,0.00243,0.00023,0.00311,-0.00028,-0.0001,-0.00051
40.62,0.00249,-0.00302,0.00024,0.00017,4e-05,0,-0.00031,-0.00022,-0.00039,-0.00052,3e-05,5e-05,-1e-05,-0.00035,0,0,-0.00036,-7e-05,0.00015,1e-05,0.0008,-0.00955,-0.00682,-0.00984,-0.00206,-0.00069,-0.00032,0.01827,0.00278,0.0003,0.00328,-0.00037,-0.00011,-0.00044
40.64,0.00295,-0.00338,0.0002,0.00014,2e-05,0,-0.00057,-8e-05,-0.00026,-0.00059,3e-05,5e-05,-1e-05,-0.00058,-1e-05,-0,-0.00044,-7e-05,0.00017,2e-05,0.00043,-0.00829,-0.00765,-0.01498,-0.00281,-0.00109,-0.00037,0.01966,0.00287,0.00036,0.00314,-0.0004,-0.0001,-0.00035
40.66,0.00325,-0.00343,8e-05,0.0001,1e-05,0,-0.0008,-1e-05,-0.00018,-0.00067,4e-05,4e-05,-1e-05,-0.00079,-3e-05,-0,-0.00053,-6e-05,0.00018,2e-05,0.00016,-0.00662,-0.00823,-0.02053,-0.00352,-0.00154,-0.00039,0.02025,0.00273,0.00038,0.00263,-0.0004,-9e-05,-0.00026
40.68,0.00332,-0.00319,-4e-05,7e-05,2e-05,1e-05,-0.00099,1e-05,-0.00013,-0.00076,4e-05,3e-05,-0,-0.00097,-5e-05,0,-0.00063,-5e-05,0.00018,2e-05,0,-0.00453,-0.00857,-0.02661,-0.00418,-0.00205,-0.00037,0.02017,0.00237,0.00037,0.00199,-0.00035,-7e-05,-0.00017
40.7,0.00313,-0.00266,-0.00012,5e-05,4e-05,1e-05,-0.00114,1e-05,-9e-05,-0.00084,3e-05,2e-05,-0,-0.0011,-6e-05,1e-05,-0.00072,-4e-05,0.00018,2e-05,-3e-05,-0.002,-0.00864,-0.0336,-0.00476,-0.0026,-0.00035,0.01949,0.00188,0.00034,0.00122,-0.00029,-5e-05,-0.00011
40.72,0.00266,-0.00188,-0.00015,4e-05,6e-05,1e-05,-0.00126,0,-6e-05,-0.0009,2e-05,1e-05,-0,-0.0012,-7e-05,2e-05,-0.00078,-4e-05,0.00018,1e-05,0.00015,0.00085,-0.00843,-0.04205,-0.00525,-0.00317,-0.00036,0.01827,0.00136,0.00029,0.0005,-0.00022,-4e-05,-7e-05
40.74,0.0019,-0.00096,-0.00012,4e-05,9e-05,2e-05,-0.00134,-0,-2e-05,-0.00093,1e-05,0,-0,-0.00126,-6e-05,3e-05,-0.00081,-3e-05,0.00017,1e-05,0.00061,0.0038,-0.008,-0.05188,-0.00565,-0.00376,-0.00036,0.01673,0.00084,0.00027,0.00012,-0.00015,-3e-05,-4e-05
40.76,0.00091,5e-05,-6e-05,7e-05,0.00012,2e-05,-0.00139,0,0,-0.00094,-0,-0,-0,-0.0013,-3e-05,3e-05,-0.00079,-2e-05,0.00016,1e-05,0.00138,0.00683,-0.00739,-0.06278,-0.00596,-0.00438,-0.00036,0.01501,0.00036,0.00027,1e-05,-8e-05,-2e-05,-0
40.78,-0.00026,0.00109,-1e-05,0.0001,0.00015,2e-05,-0.00143,1e-05,3e-05,-0.00092,-1e-05,-0,-0,-0.00132,-0,4e-05,-0.00074,-2e-05,0.00015,1e-05,0.00247,0.0099,-0.00661,-0.07461,-0.00618,-0.00498,-0.00035,0.01319,-5e-05,0.00033,-6e-05,-1e-05,-0,3e-05
40.8,-0.00153,0.00212,2e-05,0.00013,0.00016,3e-05,-0.00143,2e-05,4e-05,-0.00087,-2e-05,-0,-0,-0.00131,3e-05,4e-05,-0.00066,-1e-05,0.00013,0,0.00391,0.01278,-0.00572,-0.0879,-0.00628,-0.00559,-0.00034,0.0114,-0.00036,0.00042,-0.00026,6e-05,1e-05,7e-05
40.82,-0.00287,0.00305,3e-05,0.00017,0.00017,3e-05,-0.00138,3e-05,6e-05,-0.00079,-2e-05,0,-0,-0.00128,6e-05,5e-05,-0.00055,-1e-05,0.00012,0,0.00571,0.01507,-0.00476,-0.10338,-0.00625,-0.0062,-0.00035,0.00973,-0.00057,0.00052,-0.00051,0.00011,2e-05,0.0001
40.84,-0.00424,0.00383,1e-05,0.00021,0.00017,3e-05,-0.0013,3e-05,7e-05,-0.00069,-1e-05,0,-0,-0.00123,9e-05,5e-05,-0.00043,-1e-05,0.0001,0,0.0078,0.01677,-0.00378,-0.12021,-0.0061,-0.00678,-0.00036,0.00816,-0.00066,0.00062,-0.00088,0.00015,2e-05,0.00012
40.86,-0.0056,0.00445,-1e-05,0.00025,0.00015,3e-05,-0.00121,3e-05,8e-05,-0.00056,-1e-05,1e-05,-0,-0.00118,0.00012,5e-05,-0.00029,-1e-05,9e-05,0,0.01008,0.01806,-0.00283,-0.13732,-0.00583,-0.00726,-0.00036,0.00673,-0.00066,0.0007,-0.00148,0.00017,2e-05,0.00014
40.88,-0.00689,0.00491,-3e-05,0.00028,0.00013,3e-05,-0.00111,3e-05,0.0001,-0.00043,-1e-05,1e-05,-0,-0.00111,0.00014,6e-05,-0.00015,-1e-05,8e-05,0,0.01247,0.01892,-0.00194,-0.1546,-0.00548,-0.00765,-0.00034,0.00553,-0.00059,0.00074,-0.00219,0.00019,2e-05,0.00015
40.9,-0.0082,0.00517,-3e-05,0.00031,0.0001,3e-05,-0.00101,2e-05,0.00011,-0.00028,-1e-05,1e-05,-0,-0.00103,0.00016,6e-05,-2e-05,-2e-05,7e-05,0,0.01499,0.01931,-0.00116,-0.17256,-0.00504,-0.00792,-0.00031,0.0046,-0.00048,0.00074,-0.00284,0.00018,2e-05,0.00016
40.92,-0.00973,0.00523,-2e-05,0.00035,7e-05,2e-05,-0.0009,2e-05,0.00012,-0.00014,-1e-05,0,-0,-0.00092,0.00017,6e-05,9e-05,-2e-05,6e-05,1e-05,0.01764,0.0192,-0.0005,-0.19178,-0.00453,-0.00803,-0.00027,0.00398,-0.00037,0.00071,-0.0033,0.00016,1e-05,0.00018
40.94,-0.0115,0.00513,-0,0.00039,4e-05,2e-05,-0.00081,1e-05,0.00013,-0,-1e-05,0,-0,-0.00081,0.00018,6e-05,0.00019,-2e-05,5e-05,1e-05,0.02029,0.01873,2e-05,-0.2115,-0.00399,-0.00797,-0.00023,0.00372,-0.00029,0.00066,-0.00344,0.00012,1e-05,0.00019
40.96,-0.01346,0.00488,1e-05,0.00045,0,2e-05,-0.00072,0,0.00015,0.00013,-1e-05,0,-0,-0.00068,0.0002,6e-05,0.00027,-2e-05,5e-05,1e-05,0.02282,0.01808,0.00042,-0.23095,-0.00345,-0.00775,-0.00017,0.00385,-0.00024,0.00062,-0.00324,5e-05,0,0.00017
40.98,-0.01572,0.0045,1e-05,0.00052,-3e-05,2e-05,-0.00065,-1e-05,0.00017,0.00028,-1e-05,0,-0,-0.00054,0.00021,5e-05,0.00033,-2e-05,4e-05,1e-05,0.02515,0.01731,0.00077,-0.25034,-0.00292,-0.00737,-0.00012,0.00439,-0.00024,0.00061,-0.00264,-3e-05,0,0.00012
41,-0.01864,0.00403,-2e-05,0.00063,-6e-05,2e-05,-0.00059,-2e-05,0.00019,0.00042,-0,0,-0,-0.00038,0.00021,5e-05,0.00037,-2e-05,4e-05,1e-05,0.02758,0.01628,0.00114,-0.27048,-0.00239,-0.0068,-6e-05,0.00535,-0.00028,0.00063,-0.00195,-0.00014,0,4e-05
41.02,-0.02268,0.00352,-4e-05,0.00078,-9e-05,3e-05,-0.00053,-3e-05,0.0002,0.00057,-0,0,0,-0.0002,0.00021,3e-05,0.00039,-2e-05,4e-05,1e-05,0.03045,0.01489,0.00162,-0.29205,-0.00189,-0.00605,-1e-05,0.00679,-0.00039,0.00068,-0.00139,-0.00027,-0,-7e-05
41.04,-0.02783,0.00298,-7e-05,0.00099,-0.00012,3e-05,-0.00048,-5e-05,0.0002,0.00073,0,0,0,1e-05,0.00021,2e-05,0.0004,-2e-05,5e-05,1e-05,0.03348,0.01335,0.00226,-0.31442,-0.00142,-0.00514,3e-05,0.00875,-0.0006,0.00073,-0.0008,-0.00041,-2e-05,-0.00019
41.06,-0.03396,0.00242,-9e-05,0.00125,-0.00015,3e-05,-0.00043,-7e-05,0.0002,0.00089,0,0,0,0.00025,0.00019,0,0.0004,-2e-05,5e-05,1e-05,0.03629,0.0118,0.0031,-0.33649,-0.00101,-0.0041,6e-05,0.01092,-0.00091,0.00074,-0.00021,-0.00052,-7e-05,-0.00028
41.08,-0.04108,0.00186,-0.00011,0.00156,-0.00017,3e-05,-0.00038,-9e-05,0.00019,0.00104,1e-05,0,0,0.00054,0.00018,-1e-05,0.00038,-2e-05,5e-05,1e-05,0.03873,0.0103,0.00407,-0.35683,-0.00064,-0.00297,6e-05,0.01018,-0.0011,0.00057,0.00089,-0.00036,-0.00011,-0.00029
41.1,-0.04942,0.00133,-0.00012,0.00189,-0.00018,4e-05,-0.00031,-0.00011,0.00017,0.00118,1e-05,0,0,0.00088,0.00016,-2e-05,0.00034,-2e-05,6e-05,1e-05,0.04063,0.00863,0.00502,-0.37531,-0.00034,-0.00179,6e-05,0.00634,-0.00112,0.00033,0.00406,0.00012,-0.00015,-0.00012
41.12,-0.05911,0.00083,-0.00014,0.00222,-0.00019,4e-05,-0.00021,-0.00012,0.00015,0.0013,1e-05,0,0,0.00125,0.00015,-4e-05,0.00026,-1e-05,6e-05,1e-05,0.04164,0.0066,0.00571,-0.39154,-9e-05,-0.00066,4e-05,-0.00192,-0.00074,7e-05,0.01039,0.00102,-0.00021,0.00032
41.14,-0.06926,0.00036,-0.00018,0.00259,-0.00019,4e-05,-9e-05,-0.00011,0.00013,0.00136,1e-05,1e-05,0,0.00163,0.00013,-5e-05,0.00015,-1e-05,5e-05,1e-05,0.04127,0.00462,0.00595,-0.40174,7e-05,0.00035,2e-05,-0.01592,4e-05,-8e-05,0.01995,0.00224,-0.0003,0.0009
41.16,-0.07889,-0.00011,-0.00022,0.00299,-0.0002,3e-05,2e-05,-0.0001,0.0001,0.00136,1e-05,1e-05,1e-05,0.00199,0.00012,-5e-05,-0,-1e-05,5e-05,1e-05,0.03917,0.003,0.00573,-0.40291,0.00017,0.0012,0,-0.03687,0.00118,0,0.03267,0.00357,-0.00042,0.00146
41.18,-0.08743,-0.00054,-0.0003,0.00324,-0.0002,3e-05,0.00011,-7e-05,8e-05,0.00129,0,1e-05,1e-05,0.00223,0.00011,-6e-05,-0.00017,-1e-05,4e-05,1e-05,0.03531,0.0017,0.00494,-0.39487,0.00022,0.00191,-1e-05,-0.06464,0.00266,0.00049,0.04764,0.00472,-0.00055,0.00189
41.2,-0.09426,-0.00094,-0.00041,0.00332,-0.00019,2e-05,0.00015,-5e-05,5e-05,0.00115,-0,2e-05,1e-05,0.00238,0.00011,-6e-05,-0.00034,-0,3e-05,1e-05,0.03054,0.00071,0.00382,-0.37981,0.00023,0.00247,-2e-05,-0.09699,0.00435,0.00153,0.06228,0.0053,-0.00066,0.00202
41.22,-0.09901,-0.00129,-0.00053,0.00326,-0.00015,1e-05,0.00016,-2e-05,1e-05,0.00098,-1e-05,2e-05,2e-05,0.00261,0.0001,-6e-05,-0.00049,-0,2e-05,0,0.02549,-6e-05,0.0027,-0.36055,0.0002,0.0029,-3e-05,-0.12967,0.00581,0.00297,0.07206,0.005,-0.00067,0.00178
41.24,-0.10101,-0.00159,-0.00066,0.00304,-9e-05,0,0.00012,0,-4e-05,0.00077,-1e-05,3e-05,2e-05,0.00281,9e-05,-6e-05,-0.00059,-0,0,0,0.01998,-0.00077,0.00156,-0.3378,0.00014,0.0032,-3e-05,-0.15898,0.00675,0.00429,0.07479,0.0038,-0.0006,0.00137
41.26,-0.09972,-0.00184,-0.00076,0.00266,-5e-05,-0,0,0,-0.0001,0.00056,0,3e-05,2e-05,0.00278,8e-05,-5e-05,-0.00062,0,-1e-05,-0,0.01413,-0.00152,0.00043,-0.31252,7e-05,0.00343,-2e-05,-0.18268,0.00732,0.00519,0.07134,0.00182,-0.00047,0.00093
41.28,-0.09516,-0.00204,-0.00078,0.00215,-1e-05,-1e-05,-0.00022,-2e-05,-0.00017,0.00035,2e-05,4e-05,2e-05,0.00251,6e-05,-2e-05,-0.00058,1e-05,-3e-05,-1e-05,0.00834,-0.00238,-0.00052,-0.28649,-3e-05,0.00359,-1e-05,-0.19866,0.00737,0.00522,0.06113,-0.00073,-0.00029,0.00053
41.3,-0.08743,-0.00227,-0.00074,0.00156,0,-1e-05,-0.00049,-6e-05,-0.00025,0.00016,6e-05,4e-05,2e-05,0.00211,3e-05,5e-05,-0.00048,1e-05,-4e-05,-1e-05,0.00288,-0.00333,-0.00121,-0.26065,-0.00014,0.00369,-0,-0.20675,0.00737,0.00443,0.04672,-0.00354,-0.0001,0.00024
41.32,-0.07715,-0.00263,-0.00071,0.00092,-1e-05,-1e-05,-0.00077,-6e-05,-0.00034,-0,0.00017,4e-05,1e-05,0.00174,-1e-05,0.00016,-0.00035,3e-05,-5e-05,-1e-05,-0.00214,-0.00429,-0.00162,-0.23551,-0.00026,0.00373,1e-05,-0.20818,0.0079,0.00357,0.03202,-0.00638,6e-05,7e-05
41.34,-0.06536,-0.00312,-0.00062,0.00031,-2e-05,-1e-05,-0.00106,-4e-05,-0.00042,-0.00013,0.00028,3e-05,1e-05,0.00133,-5e-05,0.00033,-0.0002,4e-05,-6e-05,-1e-05,-0.0067,-0.00515,-0.0017,-0.21128,-0.0004,0.00372,2e-05,-0.20389,0.00854,0.00253,0.01691,-0.00902,0.00016,-1e-05
41.36,-0.05289,-0.00368,-0.00046,-0.00025,-3e-05,-1e-05,-0.00136,-1e-05,-0.0005,-0.00022,0.00035,2e-05,0,0.00078,-0.0001,0.00056,-5e-05,5e-05,-6e-05,-1e-05,-0.01075,-0.00585,-0.00149,-0.18798,-0.00056,0.00363,2e-05,-0.1949,0.00892,0.00114,0.00116,-0.01121,0.00021,-1e-05
41.38,-0.04044,-0.00435,-0.00029,-0.00073,-4e-05,-1e-05,-0.00164,2e-05,-0.00056,-0.00028,0.00037,1e-05,-0,0.00024,-0.00015,0.00083,8e-05,5e-05,-6e-05,-1e-05,-0.01429,-0.00644,-0.00109,-0.16569,-0.00074,0.00345,3e-05,-0.18226,0.00921,-0.00029,-0.01439,-0.01289,0.00019,3e-05
41.4,-0.02873,-0.00509,-0.00013,-0.00109,-5e-05,-1e-05,-0.00186,4e-05,-0.00059,-0.00031,0.00034,1e-05,-1e-05,-0.00025,-0.00018,0.00107,0.00018,5e-05,-6e-05,-1e-05,-0.01734,-0.00661,-0.00052,-0.14434,-0.00092,0.00319,3e-05,-0.16782,0.00924,-0.00174,-0.02769,-0.01406,0.00011,0.0001
41.42,-0.01846,-0.00581,-3e-05,-0.00132,-4e-05,-0,-0.00199,5e-05,-0.0006,-0.00033,0.00025,0,-1e-05,-0.00064,-0.0002,0.00123,0.00025,4e-05,-6e-05,-0,-0.01997,-0.00613,8e-05,-0.12415,-0.00106,0.00287,3e-05,-0.15333,0.00887,-0.00338,-0.03697,-0.01474,1e-05,0.00018
41.44,-0.01013,-0.00652,3e-05,-0.00141,-3e-05,-0,-0.00203,5e-05,-0.00057,-0.00033,0.00017,-0,-1e-05,-0.00087,-0.0002,0.00131,0.00029,4e-05,-5e-05,-0,-0.02214,-0.00539,0.00056,-0.10548,-0.00117,0.0025,2e-05,-0.13864,0.00829,-0.00496,-0.04383,-0.015,-0.00013,0.00024
41.46,-0.00387,-0.00719,3e-05,-0.00137,-1e-05,-0,-0.00202,6e-05,-0.00052,-0.00032,0.00011,-0,-2e-05,-0.00092,-0.00018,0.00134,0.00031,3e-05,-4e-05,-0,-0.02377,-0.0047,0.0009,-0.08844,-0.00125,0.00207,2e-05,-0.12346,0.00762,-0.00636,-0.04972,-0.01487,-0.00029,0.00028
41.48,0.00037,-0.00778,1e-05,-0.00122,-0,-0,-0.00194,7e-05,-0.00045,-0.0003,7e-05,-0,-2e-05,-0.00078,-0.00015,0.00132,0.00032,3e-05,-4e-05,-0,-0.02491,-0.004,0.00112,-0.07302,-0.00129,0.00163,1e-05,-0.10826,0.00685,-0.00761,-0.05452,-0.01444,-0.00045,0.00029
41.5,0.00281,-0.00817,-2e-05,-0.001,0,0,-0.0018,7e-05,-0.00037,-0.00028,5e-05,-0,-2e-05,-0.00061,-0.00012,0.00124,0.00032,3e-05,-3e-05,-0,-0.02555,-0.00331,0.00122,-0.05929,-0.00126,0.00122,1e-05,-0.09395,0.00598,-0.0085,-0.0573,-0.01378,-0.00061,0.00028
41.52,0.00374,-0.00827,-6e-05,-0.00072,1e-05,-0,-0.00165,7e-05,-0.00029,-0.00025,4e-05,-0,-2e-05,-0.00047,-7e-05,0.0011,0.00029,3e-05,-2e-05,-0,-0.02575,-0.00262,0.00113,-0.04741,-0.00116,0.0009,0,-0.08129,0.00502,-0.00889,-0.0575,-0.01298,-0.00075,0.00025
41.54,0.00344,-0.00814,-9e-05,-0.00044,1e-05,0,-0.00146,6e-05,-0.0002,-0.00023,3e-05,-0,-2e-05,-0.0003,-1e-05,0.00094,0.00027,4e-05,-2e-05,-0,-0.02549,-0.00201,0.00095,-0.03741,-0.00102,0.00064,0,-0.06988,0.00406,-0.00896,-0.05647,-0.01208,-0.00085,0.00021
41.56,0.00222,-0.00785,-0.00011,-0.00016,0,0,-0.00124,6e-05,-0.00011,-0.0002,3e-05,-0,-2e-05,-0.0001,5e-05,0.00079,0.00027,4e-05,-1e-05,-0,-0.02475,-0.00152,0.00076,-0.02918,-0.00084,0.00042,1e-05,-0.05934,0.00318,-0.00877,-0.05514,-0.01111,-0.00089,0.00017
41.58,0.00036,-0.0074,-0.00012,0.0001,0,0,-0.00101,6e-05,-3e-05,-0.00018,3e-05,-0,-2e-05,4e-05,0.00011,0.00064,0.00028,5e-05,-1e-05,-0,-0.02359,-0.00111,0.00058,-0.02255,-0.00064,0.00025,1e-05,-0.04974,0.00236,-0.00834,-0.05344,-0.01008,-0.00085,0.00011
41.6,-0.00185,-0.00675,-0.00011,0.00032,1e-05,0,-0.00078,6e-05,3e-05,-0.00016,2e-05,0,-2e-05,0.0001,0.00017,0.00049,0.00029,5e-05,-1e-05,-0,-0.02202,-0.00078,0.00042,-0.01734,-0.00044,0.00013,2e-05,-0.04129,0.00164,-0.00741,-0.05101,-0.00906,-0.00071,7e-05
41.62,-0.00416,-0.00593,-9e-05,0.0005,0,0,-0.00056,9e-05,9e-05,-0.00014,1e-05,0,-1e-05,9e-05,0.00025,0.00035,0.0003,5e-05,-1e-05,-0,-0.02009,-0.00051,0.0003,-0.01339,-0.00024,6e-05,3e-05,-0.03408,0.00104,-0.00596,-0.0477,-0.00808,-0.00046,4e-05
41.64,-0.00629,-0.00502,-6e-05,0.00063,0,0,-0.00037,0.00012,0.00014,-0.00013,1e-05,0,-1e-05,1e-05,0.00034,0.00022,0.00031,5e-05,-1e-05,-0,-0.01787,-0.00025,0.00021,-0.01049,-8e-05,1e-05,4e-05,-0.02777,0.00056,-0.00429,-0.04412,-0.00714,-9e-05,1e-05
41.66,-0.00799,-0.00412,-3e-05,0.00071,-1e-05,0,-0.0002,0.00015,0.00018,-0.00011,0,0,-1e-05,-0.00016,0.00043,0.0001,0.00032,4e-05,-1e-05,-0,-0.01546,0,0.00015,-0.00842,6e-05,-1e-05,4e-05,-0.02209,0.00019,-0.0026,-0.04065,-0.00624,0.00037,0
41.68,-0.00903,-0.00325,-1e-05,0.00073,-2e-05,0,-5e-05,0.00017,0.00021,-9e-05,-0,-0,-0,-0.00041,0.00051,-0,0.00031,3e-05,-2e-05,-0,-0.01299,0.00026,9e-05,-0.00692,0.00015,-2e-05,5e-05,-0.01698,-7e-05,-0.0009,-0.03725,-0.00538,0.0009,0
41.7,-0.00914,-0.00242,1e-05,0.00071,-3e-05,0,6e-05,0.00018,0.00022,-8e-05,-1e-05,-0,-0,-0.00067,0.00058,-9e-05,0.00029,2e-05,-2e-05,-0,-0.01064,0.00051,6e-05,-0.00576,0.00022,-1e-05,5e-05,-0.01246,-0.00023,0.00071,-0.03375,-0.00459,0.00143,1e-05
41.72,-0.00809,-0.00167,2e-05,0.00062,-4e-05,-0,0.00015,0.00015,0.00022,-7e-05,-1e-05,0,0,-0.00088,0.00059,-0.00015,0.00026,2e-05,-3e-05,-0,-0.00861,0.00076,5e-05,-0.00472,0.00027,-1e-05,5e-05,-0.00853,-0.00031,0.002,-0.0301,-0.00389,0.00183,-1e-05
41.74,-0.00577,-0.00108,2e-05,0.00049,-5e-05,-0,0.00022,0.00011,0.00021,-7e-05,-1e-05,0,0,-0.00105,0.00058,-0.00019,0.00022,1e-05,-4e-05,-0,-0.00706,0.00099,2e-05,-0.00366,0.0003,-1e-05,5e-05,-0.00505,-0.00033,0.00283,-0.02658,-0.00327,0.00206,-5e-05
41.76,-0.0022,-0.00067,2e-05,0.00031,-5e-05,-0,0.00026,7e-05,0.00019,-8e-05,-1e-05,0,0,-0.00117,0.00056,-0.00021,0.00016,0,-5e-05,-0,-0.00603,0.00117,-0,-0.00251,0.00033,-0,5e-05,-0.00198,-0.00032,0.00324,-0.02336,-0.00271,0.00215,-9e-05
41.78,0.0024,-0.00042,2e-05,0.0001,-5e-05,-0,0.00028,2e-05,0.00016,-0.0001,-1e-05,0,1e-05,-0.00122,0.00053,-0.00021,0.0001,-0,-5e-05,-0,-0.00546,0.00128,-3e-05,-0.00126,0.00035,0,5e-05,0.00065,-0.00028,0.00326,-0.02038,-0.00222,0.00211,-0.00013
41.8,0.00765,-0.00031,0,-0.00012,-4e-05,-0,0.00029,-2e-05,0.00013,-0.00012,-1e-05,0,1e-05,-0.00122,0.00048,-0.00021,4e-05,-1e-05,-6e-05,0,-0.00523,0.00132,-5e-05,-1e-05,0.00036,1e-05,4e-05,0.0028,-0.00024,0.003,-0.01768,-0.00179,0.00198,-0.00017
41.82,0.01307,-0.00033,-2e-05,-0.00032,-2e-05,-0,0.00028,-8e-05,9e-05,-0.00015,-1e-05,1e-05,0,-0.00122,0.00043,-0.00019,-1e-05,-1e-05,-7e-05,0,-0.00519,0.00128,-6e-05,0.00113,0.00035,2e-05,3e-05,0.0044,-0.00022,0.00258,-0.0153,-0.00139,0.00184,-0.00017
41.84,0.01821,-0.00045,-5e-05,-0.0005,-1e-05,-0,0.00027,-0.00014,4e-05,-0.00017,-0,1e-05,0,-0.00118,0.00038,-0.00017,-4e-05,-1e-05,-8e-05,0,-0.00518,0.00116,-5e-05,0.00205,0.00034,2e-05,2e-05,0.00543,-0.00023,0.00201,-0.0133,-0.00102,0.00168,-0.00016
41.86,0.02276,-0.00067,-7e-05,-0.00062,1e-05,-0,0.00025,-0.0002,0,-0.00019,0,1e-05,0,-0.00108,0.00033,-0.00015,-5e-05,-1e-05,-8e-05,0,-0.0051,0.00099,-4e-05,0.00271,0.00031,2e-05,0,0.00591,-0.00027,0.00133,-0.01165,-0.00068,0.00149,-0.00015
41.88,0.02647,-0.00099,-9e-05,-0.0007,2e-05,-1e-05,0.00023,-0.00027,-4e-05,-0.0002,0,1e-05,0,-0.00094,0.0003,-0.00013,-4e-05,-1e-05,-9e-05,0,-0.00491,0.00078,-2e-05,0.00311,0.00026,2e-05,-1e-05,0.00594,-0.00034,0.0006,-0.01028,-0.00037,0.0013,-0.00015
41.9,0.02917,-0.00139,-0.0001,-0.00072,4e-05,-1e-05,0.0002,-0.00034,-8e-05,-0.0002,0,1e-05,-0,-0.0008,0.00028,-0.0001,-2e-05,-1e-05,-9e-05,0,-0.00459,0.00053,0,0.00329,0.00021,2e-05,-3e-05,0.00563,-0.00045,-0.00015,-0.00908,-9e-05,0.00112,-0.00013
41.92,0.03076,-0.00191,-0.0001,-0.00067,5e-05,-1e-05,0.00017,-0.00039,-0.00012,-0.0002,0,1e-05,-0,-0.0007,0.00029,-7e-05,2e-05,-1e-05,-9e-05,0,-0.00417,0.00028,2e-05,0.0033,0.00015,1e-05,-4e-05,0.00515,-0.00061,-0.0009,-0.00794,0.00014,0.00096,-0.00012
41.94,0.03121,-0.00253,-7e-05,-0.00058,6e-05,-1e-05,0.00014,-0.00043,-0.00015,-0.00018,0,0,-0,-0.00059,0.00031,-4e-05,6e-05,-1e-05,-8e-05,-0,-0.00367,5e-05,4e-05,0.0032,9e-05,1e-05,-6e-05,0.00461,-0.0008,-0.00164,-0.00676,0.00032,0.0008,-0.0001
41.96,0.03062,-0.00326,-4e-05,-0.00045,6e-05,-1e-05,0.00011,-0.00045,-0.00017,-0.00016,-0,0,-1e-05,-0.00048,0.00036,-1e-05,0.00011,0,-8e-05,-0,-0.00313,-0.00016,7e-05,0.00302,4e-05,-0,-7e-05,0.00411,-0.00103,-0.00235,-0.00546,0.00045,0.00064,-8e-05
41.98,0.02915,-0.00408,-0,-0.0003,7e-05,-0,8e-05,-0.00045,-0.00019,-0.00014,-0,-0,-1e-05,-0.00036,0.00042,4e-05,0.00017,1e-05,-7e-05,-0,-0.00254,-0.00035,8e-05,0.00278,-1e-05,-1e-05,-8e-05,0.0037,-0.0013,-0.00302,-0.00399,0.00054,0.00046,-6e-05
42,0.02703,-0.00498,2e-05,-0.00013,8e-05,-0,5e-05,-0.00043,-0.0002,-0.00012,0,-1e-05,-1e-05,-0.00025,0.00049,9e-05,0.00022,2e-05,-5e-05,-0,-0.00191,-0.00051,0.0001,0.00246,-5e-05,-2e-05,-8e-05,0.0034,-0.0016,-0.00368,-0.00232,0.00059,0.00024,-4e-05
42.02,0.0245,-0.00593,3e-05,3e-05,9e-05,0,1e-05,-0.00039,-0.0002,-0.0001,1e-05,-1e-05,-1e-05,-0.00014,0.00057,0.00014,0.00026,4e-05,-4e-05,-0,-0.00126,-0.00065,0.00011,0.00205,-7e-05,-2e-05,-9e-05,0.00324,-0.00193,-0.00441,-0.00049,0.00062,-4e-05,-2e-05
42.04,0.02172,-0.0069,2e-05,0.00017,0.0001,1e-05,-3e-05,-0.00033,-0.0002,-9e-05,2e-05,-1e-05,-1e-05,-3e-05,0.00064,0.00021,0.0003,5e-05,-3e-05,-0,-0.00058,-0.00076,0.00011,0.00153,-9e-05,-3e-05,-9e-05,0.00321,-0.00228,-0.00517,0.00146,0.00065,-0.00038,1e-05
42.06,0.01882,-0.00788,-2e-05,0.00029,0.00011,1e-05,-8e-05,-0.00024,-0.00018,-9e-05,3e-05,-1e-05,-1e-05,9e-05,0.00069,0.00028,0.00033,6e-05,-2e-05,-1e-05,0.00013,-0.00087,0.00012,0.00089,-0.0001,-3e-05,-8e-05,0.0033,-0.00267,-0.00591,0.00349,0.00068,-0.0008,5e-05
42.08,0.01591,-0.00884,-8e-05,0.00038,0.00012,2e-05,-0.00012,-0.00013,-0.00016,-0.0001,4e-05,-1e-05,-1e-05,0.0002,0.00073,0.00034,0.00034,7e-05,-1e-05,-0,0.00086,-0.00095,0.00011,0.00016,-0.0001,-3e-05,-8e-05,0.00352,-0.00307,-0.00663,0.00555,0.00073,-0.00129,9e-05
42.1,0.01312,-0.00976,-0.00015,0.00043,0.00013,2e-05,-0.00017,-1e-05,-0.00013,-0.00012,4e-05,-1e-05,-1e-05,0.00031,0.00074,0.00041,0.00033,8e-05,-0,-0,0.00158,-0.00102,0.00011,-0.00064,-0.0001,-3e-05,-7e-05,0.00389,-0.0035,-0.00737,0.00755,0.00079,-0.00184,0.00012
42.12,0.01056,-0.01067,-0.00021,0.00046,0.00013,2e-05,-0.00022,0.00012,-0.0001,-0.00015,4e-05,-1e-05,-1e-05,0.00043,0.00071,0.0005,0.00031,8e-05,-0,-0,0.00226,-0.00108,0.00012,-0.00145,-9e-05,-2e-05,-7e-05,0.00442,-0.00398,-0.00824,0.00934,0.00088,-0.00252,0.0001
42.14,0.0083,-0.01147,-0.00026,0.00046,0.00013,3e-05,-0.00027,0.00024,-6e-05,-0.00017,3e-05,-1e-05,-1e-05,0.00054,0.00066,0.00058,0.00027,7e-05,-1e-05,-0,0.00289,-0.00111,0.00013,-0.00222,-9e-05,-2e-05,-6e-05,0.0051,-0.0045,-0.00915,0.01088,0.001,-0.00329,3e-05
42.16,0.00636,-0.01209,-0.00031,0.00042,0.00013,3e-05,-0.0003,0.00035,-1e-05,-0.00021,2e-05,-1e-05,-1e-05,0.00065,0.00059,0.00063,0.00021,5e-05,-2e-05,-0,0.00344,-0.00112,0.00013,-0.00293,-8e-05,-2e-05,-5e-05,0.00593,-0.00505,-0.01003,0.01213,0.00114,-0.00406,-9e-05
42.18,0.00474,-0.01252,-0.00034,0.00037,0.00011,4e-05,-0.00032,0.00045,4e-05,-0.00024,1e-05,-0,-0,0.00074,0.00048,0.00066,0.00013,3e-05,-3e-05,-0,0.0039,-0.0011,0.00014,-0.00354,-8e-05,-2e-05,-5e-05,0.00688,-0.00563,-0.0109,0.01307,0.00132,-0.00478,-0.00023
42.2,0.00343,-0.01274,-0.00037,0.00029,0.0001,5e-05,-0.00032,0.00052,8e-05,-0.00026,1e-05,-0,-0,0.00083,0.00035,0.00065,4e-05,1e-05,-4e-05,-0,0.00427,-0.00107,0.00016,-0.00405,-7e-05,-2e-05,-5e-05,0.00788,-0.00624,-0.01182,0.01369,0.00153,-0.00547,-0.00043
42.22,0.0024,-0.01274,-0.00041,0.00021,7e-05,5e-05,-0.00031,0.00058,0.00013,-0.00027,0,-0,-0,0.00093,0.00018,0.0006,-6e-05,-1e-05,-5e-05,0,0.00453,-0.00101,0.00017,-0.00443,-7e-05,-2e-05,-4e-05,0.00888,-0.00684,-0.01285,0.01402,0.00177,-0.00619,-0.00074
42.24,0.0016,-0.01256,-0.00046,0.00012,4e-05,5e-05,-0.00028,0.00061,0.00018,-0.00027,0,-0,-0,0.00103,-1e-05,0.00053,-0.00017,-4e-05,-5e-05,0,0.00468,-0.00094,0.00019,-0.00469,-7e-05,-2e-05,-4e-05,0.00982,-0.00745,-0.01395,0.01403,0.00204,-0.00677,-0.00111
42.26,0.00099,-0.01222,-0.00051,5e-05,1e-05,6e-05,-0.00023,0.00061,0.00022,-0.00025,-0,-0,-0,0.00112,-0.00024,0.00044,-0.00028,-5e-05,-5e-05,0,0.00474,-0.00086,0.00021,-0.00483,-7e-05,-1e-05,-4e-05,0.01066,-0.00807,-0.01506,0.01375,0.00233,-0.00705,-0.00147
42.28,0.00051,-0.01177,-0.00059,-1e-05,-2e-05,6e-05,-0.00017,0.00058,0.00025,-0.00022,-0,-0,0,0.00118,-0.00049,0.00035,-0.00038,-7e-05,-4e-05,0,0.0047,-0.00076,0.00024,-0.00487,-8e-05,-1e-05,-4e-05,0.01138,-0.00869,-0.01617,0.01321,0.00263,-0.00705,-0.00183
42.3,0.0001,-0.01122,-0.00066,-5e-05,-5e-05,6e-05,-0.00011,0.00053,0.00028,-0.00018,-0,-0,0,0.00123,-0.00075,0.00026,-0.00048,-8e-05,-2e-05,0,0.00459,-0.00065,0.00027,-0.00482,-8e-05,-1e-05,-4e-05,0.01195,-0.00927,-0.01728,0.01247,0.0029,-0.00673,-0.00212
42.32,-0.00028,-0.01062,-0.00072,-8e-05,-8e-05,5e-05,-5e-05,0.00045,0.00029,-0.00013,-1e-05,0,0,0.00127,-0.001,0.00017,-0.00055,-8e-05,1e-05,1e-05,0.00442,-0.00052,0.00029,-0.00471,-8e-05,-1e-05,-4e-05,0.01237,-0.00978,-0.01837,0.01159,0.00312,-0.0061,-0.00228
42.34,-0.0007,-0.01002,-0.00077,-9e-05,-0.00011,5e-05,0,0.00036,0.0003,-7e-05,-1e-05,0,0,0.0013,-0.00122,0.0001,-0.00059,-8e-05,4e-05,1e-05,0.00422,-0.00039,0.00029,-0.00457,-8e-05,-2e-05,-4e-05,0.01262,-0.01019,-0.01933,0.0106,0.00327,-0.00523,-0.00235
42.36,-0.00121,-0.00943,-0.00083,-7e-05,-0.00013,5e-05,5e-05,0.00026,0.0003,-1e-05,-1e-05,-0,0,0.00131,-0.00142,5e-05,-0.00062,-7e-05,8e-05,1e-05,0.00401,-0.00027,0.0003,-0.00441,-8e-05,-2e-05,-3e-05,0.01273,-0.01051,-0.02007,0.00953,0.00335,-0.00422,-0.00236
42.38,-0.00184,-0.00884,-0.0009,-5e-05,-0.00015,4e-05,8e-05,0.00017,0.00029,7e-05,-1e-05,-0,-0,0.00133,-0.0016,1e-05,-0.00062,-6e-05,0.00013,1e-05,0.0038,-0.00016,0.00031,-0.00425,-9e-05,-2e-05,-3e-05,0.01271,-0.01074,-0.02058,0.00844,0.00336,-0.00312,-0.00232
42.4,-0.00263,-0.00821,-0.00095,-1e-05,-0.00017,4e-05,0.0001,7e-05,0.00027,0.00016,-1e-05,-0,-0,0.00134,-0.00173,0,-0.00061,-6e-05,0.00018,1e-05,0.00362,-7e-05,0.00031,-0.00411,-9e-05,-2e-05,-3e-05,0.01257,-0.01082,-0.02082,0.00738,0.0033,-0.00198,-0.00219
42.42,-0.00361,-0.00749,-0.00098,2e-05,-0.00018,3e-05,0.0001,-3e-05,0.00024,0.00028,-0,-0,-0,0.00134,-0.00182,1e-05,-0.00056,-5e-05,0.00023,1e-05,0.0035,1e-05,0.00029,-0.004,-0.0001,-2e-05,-3e-05,0.01234,-0.01066,-0.02079,0.00643,0.00317,-0.0009,-0.00196
42.44,-0.00478,-0.00668,-0.00099,6e-05,-0.00019,3e-05,9e-05,-0.00012,0.00021,0.00042,-0,-0,-1e-05,0.00133,-0.00184,3e-05,-0.00048,-4e-05,0.00028,1e-05,0.00344,6e-05,0.00026,-0.00392,-0.00011,-2e-05,-3e-05,0.01204,-0.01034,-0.02053,0.00561,0.00299,4e-05,-0.0017
42.46,-0.00613,-0.00581,-0.001,9e-05,-0.0002,3e-05,7e-05,-0.00021,0.00017,0.0006,0,0,-1e-05,0.00132,-0.00181,5e-05,-0.00041,-3e-05,0.00032,1e-05,0.00345,8e-05,0.00024,-0.00387,-0.00012,-2e-05,-3e-05,0.01169,-0.00993,-0.02006,0.00494,0.00278,0.00079,-0.00145
42.48,-0.0076,-0.00489,-0.00098,0.00011,-0.0002,2e-05,4e-05,-0.0003,0.00013,0.0008,1e-05,0,-1e-05,0.00129,-0.00173,6e-05,-0.00033,-2e-05,0.00034,0,0.00352,9e-05,0.00021,-0.00384,-0.00014,-3e-05,-3e-05,0.01126,-0.00939,-0.01945,0.00443,0.00255,0.00134,-0.00119
42.5,-0.00912,-0.00399,-0.00094,0.00014,-0.0002,2e-05,2e-05,-0.00039,9e-05,0.00105,3e-05,1e-05,-1e-05,0.00123,-0.00159,4e-05,-0.00024,-1e-05,0.00034,0,0.00362,9e-05,0.00018,-0.00381,-0.00015,-3e-05,-3e-05,0.01073,-0.00877,-0.0186,0.00407,0.0023,0.0017,-0.00095
42.52,-0.0106,-0.00318,-0.00087,0.00015,-0.0002,2e-05,-1e-05,-0.00045,4e-05,0.00135,6e-05,2e-05,-1e-05,0.00111,-0.00141,-3e-05,-0.00014,-0,0.00033,0,0.00373,8e-05,0.00015,-0.00376,-0.00017,-3e-05,-2e-05,0.01007,-0.00811,-0.01748,0.00385,0.00207,0.00189,-0.00072
42.54,-0.01194,-0.00254,-0.00078,0.00017,-0.0002,2e-05,-4e-05,-0.0005,-0,0.00167,0.00011,4e-05,-1e-05,0.00094,-0.00121,-0.00018,-5e-05,0,0.00029,0,0.00381,7e-05,0.00013,-0.00368,-0.00018,-3e-05,-2e-05,0.00925,-0.00738,-0.01626,0.00374,0.00185,0.00195,-0.00053
42.56,-0.01306,-0.0021,-0.00068,0.00019,-0.00019,1e-05,-5e-05,-0.00054,-5e-05,0.00198,0.00019,6e-05,-0,0.00075,-0.00099,-0.00044,1e-05,1e-05,0.00024,0,0.00386,5e-05,0.00011,-0.00357,-0.00019,-4e-05,-2e-05,0.00829,-0.00657,-0.01507,0.00371,0.00165,0.0019,-0.00037
42.58,-0.01395,-0.00185,-0.00058,0.00021,-0.00018,1e-05,-4e-05,-0.00059,-0.0001,0.00225,0.00028,8e-05,0,0.00055,-0.00078,-0.00083,5e-05,0,0.00018,0,0.00387,3e-05,9e-05,-0.00341,-0.0002,-4e-05,-2e-05,0.0072,-0.00572,-0.0139,0.00374,0.00147,0.00179,-0.00024
42.6,-0.01458,-0.00174,-0.00047,0.00023,-0.00018,1e-05,-3e-05,-0.00063,-0.00014,0.00247,0.0004,0.00011,0,0.00034,-0.00061,-0.00122,4e-05,-0,0.00011,0,0.00383,2e-05,8e-05,-0.00323,-0.0002,-4e-05,-2e-05,0.00603,-0.00488,-0.01277,0.00378,0.00132,0.00164,-0.00014
42.62,-0.01496,-0.00173,-0.00038,0.00024,-0.00017,1e-05,0,-0.00064,-0.00017,0.00266,0.00055,0.00015,0,0.00013,-0.00049,-0.0013,0,-1e-05,6e-05,0,0.00377,1e-05,7e-05,-0.00303,-0.00021,-4e-05,-1e-05,0.00486,-0.00411,-0.01171,0.00378,0.0012,0.00147,-6e-05
42.64,-0.01508,-0.00176,-0.0003,0.00026,-0.00017,0,3e-05,-0.00064,-0.0002,0.00275,0.00069,0.00018,-0,-5e-05,-0.0004,-0.00114,1e-05,-1e-05,1e-05,0,0.00369,-0,6e-05,-0.00282,-0.0002,-4e-05,-1e-05,0.00376,-0.00345,-0.01077,0.00373,0.00112,0.0013,-1e-05
42.66,-0.01497,-0.0018,-0.00021,0.00028,-0.00017,0,6e-05,-0.00066,-0.00022,0.00269,0.0008,0.00019,-0,-0.00019,-0.00033,-0.00096,5e-05,-1e-05,-1e-05,0,0.00359,-0,6e-05,-0.00264,-0.0002,-4e-05,-1e-05,0.00278,-0.00291,-0.00999,0.00364,0.00106,0.00116,2e-05
42.68,-0.01466,-0.00183,-0.00013,0.00029,-0.00017,0,5e-05,-0.00066,-0.00025,0.00251,0.00086,0.00019,-1e-05,-0.00027,-0.00028,-0.00071,0.00011,-1e-05,-3e-05,0,0.00349,-1e-05,5e-05,-0.00247,-0.00019,-3e-05,-1e-05,0.00196,-0.00249,-0.00936,0.0035,0.00102,0.00103,4e-05
42.7,-0.0142,-0.00187,-4e-05,0.00031,-0.00017,-0,2e-05,-0.00065,-0.00028,0.00223,0.00088,0.00017,-1e-05,-0.00031,-0.00026,-0.00053,0.00016,-0,-3e-05,0,0.0034,-1e-05,5e-05,-0.00235,-0.00017,-3e-05,-1e-05,0.00132,-0.00218,-0.00889,0.00336,0.001,0.00093,5e-05
42.72,-0.01368,-0.00193,4e-05,0.00033,-0.00017,-0,1e-05,-0.00062,-0.00031,0.00187,0.00086,0.00013,-0,-0.00031,-0.00024,-0.00047,0.00018,-0,-2e-05,0,0.00331,-1e-05,4e-05,-0.00228,-0.00016,-3e-05,-1e-05,0.00088,-0.00194,-0.0086,0.00325,0.00099,0.00084,5e-05
42.74,-0.01312,-0.00203,0.00013,0.00036,-0.00017,-0,-1e-05,-0.00057,-0.00034,0.00151,0.00079,0.0001,0,-0.00029,-0.00024,-0.00042,0.00018,0,-1e-05,0,0.00325,-1e-05,4e-05,-0.00227,-0.00015,-3e-05,-0,0.00066,-0.00176,-0.00849,0.00322,0.00098,0.00078,5e-05
42.76,-0.01257,-0.00218,0.00021,0.00041,-0.00016,-0,-9e-05,-0.00052,-0.00039,0.00118,0.00065,9e-05,1e-05,-0.00026,-0.00024,-0.00036,0.00017,1e-05,-0,0,0.0032,-1e-05,4e-05,-0.00232,-0.00013,-2e-05,-0,0.00065,-0.00163,-0.00855,0.00328,0.00097,0.00072,4e-05
42.78,-0.01204,-0.00238,0.00029,0.00046,-0.00015,-0,-0.00021,-0.00044,-0.00045,0.00087,0.00048,9e-05,0,-0.00024,-0.00025,-0.0003,0.00016,1e-05,0,-0,0.00316,-0,3e-05,-0.00242,-0.00012,-2e-05,-0,0.00085,-0.00151,-0.00876,0.00344,0.00095,0.00067,3e-05
42.8,-0.01156,-0.00262,0.00037,0.00054,-0.00014,-0,-0.00034,-0.00037,-0.00053,0.0006,0.00027,0.00011,-2e-05,-0.00022,-0.00026,-0.00025,0.00014,1e-05,1e-05,-0,0.00314,-0,3e-05,-0.00254,-0.00011,-2e-05,-0,0.00123,-0.00141,-0.00909,0.00371,0.00091,0.00063,3e-05
42.82,-0.01113,-0.0029,0.00045,0.00063,-0.00013,-1e-05,-0.00048,-0.00031,-0.00062,0.00036,6e-05,0.00016,-4e-05,-0.00021,-0.00027,-0.0002,0.00012,1e-05,1e-05,-0,0.00314,0,3e-05,-0.00268,-0.0001,-2e-05,-0,0.00176,-0.00132,-0.00951,0.00405,0.00087,0.00058,2e-05
42.84,-0.01076,-0.00319,0.00054,0.00073,-0.00011,-1e-05,-0.0006,-0.00022,-0.00072,0.00013,-8e-05,0.00023,-4e-05,-0.00021,-0.00027,-0.00016,0.00011,1e-05,1e-05,-0,0.00314,1e-05,3e-05,-0.00282,-9e-05,-2e-05,-0,0.00241,-0.00124,-0.00996,0.00445,0.0008,0.00053,1e-05
42.86,-0.01043,-0.00347,0.00061,0.00086,-9e-05,-1e-05,-0.00068,-8e-05,-0.00082,-9e-05,-0.00016,0.00029,-4e-05,-0.00023,-0.00027,-0.00013,9e-05,1e-05,1e-05,-0,0.00316,2e-05,3e-05,-0.00294,-9e-05,-1e-05,-0,0.00314,-0.00115,-0.01042,0.00488,0.00072,0.00047,0
42.88,-0.01011,-0.00373,0.00067,0.00099,-7e-05,-1e-05,-0.00068,8e-05,-0.00089,-0.00032,-0.00018,0.00034,-3e-05,-0.00026,-0.00027,-0.0001,8e-05,2e-05,1e-05,-0,0.00319,3e-05,4e-05,-0.00304,-9e-05,-1e-05,-0,0.0039,-0.00106,-0.01085,0.0053,0.00063,0.00041,-0
42.9,-0.00976,-0.00393,0.00072,0.00112,-5e-05,-1e-05,-0.00064,0.00026,-0.00094,-0.00056,-0.00015,0.00035,-2e-05,-0.00029,-0.00027,-8e-05,7e-05,2e-05,0,-0,0.00323,4e-05,4e-05,-0.00314,-9e-05,-1e-05,-0,0.00463,-0.00099,-0.01118,0.00567,0.00053,0.00034,-0
42.92,-0.00934,-0.00405,0.00077,0.00123,-3e-05,-1e-05,-0.00059,0.00047,-0.00099,-0.00081,-8e-05,0.00032,-1e-05,-0.00032,-0.00027,-7e-05,6e-05,2e-05,-0,-0,0.00329,7e-05,4e-05,-0.00323,-9e-05,-2e-05,-0,0.00526,-0.00093,-0.01136,0.00592,0.00042,0.00027,-1e-05
42.94,-0.00882,-0.00404,0.0008,0.00132,-2e-05,-2e-05,-0.0005,0.0007,-0.00097,-0.00106,3e-05,0.00025,1e-05,-0.00033,-0.00028,-5e-05,4e-05,2e-05,-1e-05,-0,0.00336,9e-05,3e-05,-0.00333,-0.0001,-2e-05,-0,0.00575,-0.0009,-0.01135,0.00603,0.00032,0.00021,-1e-05
42.96,-0.00816,-0.00388,0.00078,0.00137,0,-2e-05,-0.00035,0.00086,-0.00085,-0.00135,0.00015,0.00017,2e-05,-0.00032,-0.00028,-4e-05,1e-05,2e-05,-2e-05,-0,0.00343,0.00012,3e-05,-0.00342,-0.0001,-2e-05,-0,0.00606,-0.00089,-0.01112,0.00597,0.00024,0.00015,-1e-05
42.98,-0.00732,-0.00356,0.00071,0.00139,1e-05,-2e-05,-0.00017,0.00089,-0.00065,-0.00164,0.00029,8e-05,4e-05,-0.00029,-0.00027,-3e-05,-2e-05,2e-05,-3e-05,-0,0.00349,0.00014,2e-05,-0.00349,-0.0001,-2e-05,-0,0.00618,-0.0009,-0.01067,0.00574,0.00016,0.0001,-1e-05
43,-0.00628,-0.00307,0.00058,0.00135,1e-05,-2e-05,-0,0.00081,-0.0004,-0.0019,0.00045,-2e-05,4e-05,-0.00023,-0.00027,-1e-05,-7e-05,2e-05,-4e-05,-0,0.00351,0.00015,2e-05,-0.00352,-0.0001,-2e-05,-0,0.00611,-0.00093,-0.00998,0.00535,0.0001,7e-05,-1e-05
43.02,-0.00502,-0.00244,0.00042,0.00127,0,-2e-05,0.00011,0.00069,-0.00017,-0.00204,0.00059,-0.0001,3e-05,-0.00016,-0.00026,0,-0.00012,2e-05,-4e-05,-0,0.00347,0.00014,1e-05,-0.00347,-0.0001,-2e-05,-0,0.00586,-0.00097,-0.00904,0.00482,5e-05,4e-05,-1e-05
43.04,-0.00355,-0.00168,0.00023,0.00115,-2e-05,-2e-05,0.00015,0.00051,1e-05,-0.002,0.00075,-0.00016,1e-05,-6e-05,-0.00024,1e-05,-0.00017,2e-05,-4e-05,-0,0.00335,0.00013,1e-05,-0.00332,-0.0001,-2e-05,-0,0.00546,-0.001,-0.0079,0.0042,2e-05,2e-05,-1e-05
43.06,-0.00187,-0.00087,3e-05,0.00098,-5e-05,-2e-05,0.00013,0.00026,0.0001,-0.00178,0.00092,-0.0002,-1e-05,5e-05,-0.00022,3e-05,-0.00022,2e-05,-4e-05,-0,0.00314,0.00011,0,-0.00303,-0.0001,-2e-05,-0,0.00491,-0.00101,-0.00659,0.00349,1e-05,1e-05,-1e-05
43.08,-3e-05,-7e-05,-0.00014,0.00078,-9e-05,-1e-05,8e-05,4e-05,8e-05,-0.00139,0.00108,-0.00031,-3e-05,0.00016,-0.00019,4e-05,-0.00027,2e-05,-4e-05,-0,0.00281,8e-05,-0,-0.00258,-9e-05,-2e-05,-0,0.00425,-0.001,-0.00513,0.00273,1e-05,2e-05,-1e-05
43.1,0.0019,0.00064,-0.00027,0.00056,-0.00014,-0,2e-05,-9e-05,-1e-05,-0.00091,0.0012,-0.00031,-4e-05,0.00025,-0.00016,5e-05,-0.0003,2e-05,-3e-05,-0,0.00237,5e-05,-0,-0.00198,-9e-05,-1e-05,-0,0.00348,-0.00097,-0.00354,0.00196,2e-05,3e-05,-1e-05
43.12,0.00384,0.00118,-0.00035,0.00034,-0.00019,0,-0,-0.00019,-0.00017,-0.00044,0.00128,8e-05,-4e-05,0.00031,-0.00014,5e-05,-0.00031,2e-05,-2e-05,-0,0.00183,1e-05,0,-0.00123,-9e-05,-1e-05,0,0.00265,-0.0009,-0.00188,0.00121,4e-05,4e-05,-0
43.14,0.00571,0.0015,-0.00037,0.00014,-0.00023,1e-05,-2e-05,-0.00025,-0.00034,0,0.00126,0.00048,-2e-05,0.00034,-0.00011,5e-05,-0.00028,2e-05,-2e-05,-0,0.0012,-2e-05,0,-0.00035,-8e-05,-1e-05,0,0.00179,-0.0008,-0.00022,0.0005,5e-05,5e-05,-0
43.16,0.00743,0.00159,-0.00031,-4e-05,-0.00026,2e-05,-0.00011,-0.00021,-0.00041,0.00042,0.00111,0.00063,-1e-05,0.00032,-9e-05,3e-05,-0.00025,2e-05,-2e-05,-0,0.00051,-4e-05,1e-05,0.00062,-8e-05,-1e-05,0,0.00094,-0.00067,0.00136,-0.00014,7e-05,5e-05,-0
43.18,0.00893,0.00147,-0.00018,-0.00018,-0.00027,2e-05,-0.00032,-0.0001,-0.00029,0.00084,0.00088,0.00068,-0,0.00027,-6e-05,0,-0.0002,2e-05,-2e-05,-0,-0.0002,-5e-05,2e-05,0.00162,-8e-05,-1e-05,0,0.00015,-0.00054,0.00277,-0.00069,8e-05,6e-05,-0
43.2,0.01011,0.00117,-6e-05,-0.00029,-0.00026,2e-05,-0.00055,-2e-05,-0.00013,0.0012,0.00058,0.0005,-0,0.00019,-3e-05,-4e-05,-0.00015,1e-05,-2e-05,-0,-0.00086,-5e-05,2e-05,0.00255,-9e-05,-1e-05,1e-05,-0.0005,-0.00041,0.00391,-0.00114,9e-05,7e-05,-0
43.22,0.01086,0.00075,-1e-05,-0.00036,-0.00024,3e-05,-0.00065,-0,-3e-05,0.00145,0.00027,0.00014,0,0.0001,-1e-05,-8e-05,-0.00011,1e-05,-2e-05,-0,-0.0014,-6e-05,3e-05,0.00332,-9e-05,-1e-05,1e-05,-0.00095,-0.00031,0.00463,-0.00148,0.0001,8e-05,-0
43.24,0.01114,0.00026,1e-05,-0.00038,-0.00021,2e-05,-0.00065,0,7e-05,0.00153,6e-05,-0,0,0,0,-0.00013,-8e-05,1e-05,-3e-05,-0,-0.00176,-8e-05,2e-05,0.00384,-9e-05,-2e-05,1e-05,-0.00116,-0.00024,0.00486,-0.0017,0.00012,9e-05,-0
43.26,0.01092,-0.00023,1e-05,-0.00037,-0.00017,2e-05,-0.00056,-0,0.00013,0.00141,-4e-05,0.0001,0,-9e-05,1e-05,-0.00016,-6e-05,1e-05,-3e-05,-0,-0.00191,-8e-05,2e-05,0.00409,-0.0001,-2e-05,0,-0.00111,-0.00023,0.0046,-0.00183,0.00015,0.00011,-0
43.28,0.01021,-0.0007,-2e-05,-0.00033,-0.00013,2e-05,-0.00042,-1e-05,0.00014,0.00115,-6e-05,0.0003,0,-0.00017,2e-05,-0.0002,-4e-05,1e-05,-3e-05,-0,-0.00186,-8e-05,2e-05,0.00407,-0.00011,-2e-05,0,-0.00085,-0.00027,0.0039,-0.00188,0.00017,0.00012,0
43.3,0.00904,-0.00111,-6e-05,-0.00026,-0.0001,2e-05,-0.00028,-2e-05,0.0001,0.0008,-4e-05,0.00051,-0,-0.00025,2e-05,-0.00022,-2e-05,2e-05,-2e-05,-0,-0.00161,-7e-05,1e-05,0.00383,-0.00012,-2e-05,0,-0.00044,-0.00036,0.0029,-0.0019,0.0002,0.00014,0
43.32,0.00746,-0.00144,-0.00012,-0.00018,-7e-05,2e-05,-0.00018,-3e-05,3e-05,0.00041,6e-05,0.00069,-0,-0.00031,3e-05,-0.00024,-1e-05,2e-05,-2e-05,-0,-0.00121,-5e-05,1e-05,0.00346,-0.00012,-2e-05,-0,1e-05,-0.00048,0.00176,-0.00192,0.00023,0.00016,0
43.34,0.00552,-0.00168,-0.00017,-9e-05,-5e-05,1e-05,-0.00012,-6e-05,-3e-05,6e-05,0.00014,0.00072,0,-0.00035,4e-05,-0.00025,-1e-05,2e-05,-1e-05,-0,-0.00071,-3e-05,1e-05,0.00302,-0.00013,-2e-05,-0,0.00044,-0.00063,0.00062,-0.00199,0.00025,0.00017,0
43.36,0.0033,-0.00181,-0.00018,-1e-05,-5e-05,1e-05,-6e-05,-0.00011,-2e-05,-0.00026,0.00014,0.00059,-0,-0.00038,4e-05,-0.00026,-0,2e-05,-1e-05,-0,-0.00015,-2e-05,0,0.00255,-0.00014,-2e-05,-0,0.00078,-0.00078,-0.0004,-0.00211,0.00025,0.00017,0
43.38,0.00088,-0.00185,-0.00015,7e-05,-6e-05,1e-05,2e-05,-0.00016,3e-05,-0.00052,0.00013,0.00039,-1e-05,-0.00041,5e-05,-0.00027,0,2e-05,0,-0,0.00043,-1e-05,-0,0.00211,-0.00014,-3e-05,-0,0.001,-0.00093,-0.00124,-0.00228,0.00024,0.00016,0
43.4,-0.00159,-0.00183,-9e-05,0.00015,-7e-05,0,0.00011,-0.00021,9e-05,-0.0007,0.0001,0.00015,-3e-05,-0.00042,5e-05,-0.00027,0,2e-05,1e-05,-0,0.00097,1e-05,-0,0.0017,-0.00014,-2e-05,-0,0.0011,-0.00104,-0.00185,-0.00247,0.00022,0.00014,0
43.42,-0.00396,-0.00177,-2e-05,0.0002,-9e-05,0,0.00021,-0.00028,0.00016,-0.00079,5e-05,-3e-05,-3e-05,-0.00042,4e-05,-0.00026,0,2e-05,1e-05,-0,0.00142,1e-05,-1e-05,0.00133,-0.00012,-2e-05,-0,0.0011,-0.00109,-0.00221,-0.00265,0.00017,0.0001,0
43.44,-0.0061,-0.00171,5e-05,0.00024,-0.00011,0,0.00029,-0.00036,0.00021,-0.00076,3e-05,-6e-05,-1e-05,-0.00041,2e-05,-0.00025,0,2e-05,1e-05,-0,0.00174,2e-05,-1e-05,0.001,-0.0001,-2e-05,-0,0.00103,-0.00107,-0.00233,-0.00276,0.00011,6e-05,0
43.46,-0.0079,-0.00168,0.0001,0.00026,-0.00012,-0,0.00035,-0.00045,0.00022,-0.00064,4e-05,-3e-05,1e-05,-0.0004,1e-05,-0.00024,-0,2e-05,1e-05,-0,0.00192,3e-05,-1e-05,0.00072,-8e-05,-1e-05,-0,0.00092,-0.00098,-0.00227,-0.00281,3e-05,1e-05,0
43.48,-0.00931,-0.00168,0.00015,0.00026,-0.00013,-0,0.00037,-0.00053,0.00021,-0.00044,2e-05,0,4e-05,-0.00038,0,-0.00022,-0,1e-05,0,-0,0.00196,3e-05,-1e-05,0.00047,-4e-05,-1e-05,-0,0.00085,-0.00085,-0.00209,-0.00276,-5e-05,-4e-05,0
43.5,-0.01032,-0.00171,0.00018,0.00025,-0.00013,-0,0.00038,-0.00057,0.00016,-0.00023,8e-05,0,5e-05,-0.00036,-1e-05,-0.0002,-0,1e-05,-0,-0,0.0019,4e-05,-0,0.00026,-1e-05,-0,0,0.0009,-0.00069,-0.00193,-0.00264,-0.00012,-9e-05,0
43.52,-0.01093,-0.00175,0.00018,0.00022,-0.00011,-1e-05,0.00038,-0.00054,9e-05,-9e-05,0.00078,0,3e-05,-0.00034,-2e-05,-0.00018,-0,1e-05,-1e-05,-0,0.00175,5e-05,-1e-05,8e-05,2e-05,0,0,0.00114,-0.00054,-0.00189,-0.00243,-0.00018,-0.00012,0
43.54,-0.01116,-0.00179,0.00018,0.00019,-8e-05,-1e-05,0.00038,-0.00048,2e-05,-3e-05,0.00148,3e-05,1e-05,-0.00031,-3e-05,-0.00015,0,1e-05,-2e-05,-0,0.00155,5e-05,-1e-05,-6e-05,4e-05,1e-05,0,0.00163,-0.00045,-0.00209,-0.00218,-0.0002,-0.00013,0
43.56,-0.01108,-0.00179,0.00017,0.00016,-4e-05,-1e-05,0.00042,-0.00043,-3e-05,-0.0001,0.00163,5e-05,-0,-0.00029,-3e-05,-0.00013,0,1e-05,-2e-05,-0,0.00132,5e-05,-1e-05,-0.00016,6e-05,1e-05,0,0.00238,-0.00041,-0.00262,-0.00188,-0.00018,-0.00012,0
43.58,-0.01073,-0.00174,0.00016,0.00013,1e-05,-1e-05,0.0005,-0.00034,-6e-05,-0.00029,0.00143,4e-05,-2e-05,-0.00027,-4e-05,-0.0001,0,1e-05,-3e-05,-0,0.00106,6e-05,-2e-05,-0.00023,7e-05,1e-05,0,0.00338,-0.00045,-0.00348,-0.00156,-0.0001,-7e-05,0
43.6,-0.01019,-0.00162,0.00016,0.00011,5e-05,-2e-05,0.00063,-0.00025,-5e-05,-0.00059,0.00082,3e-05,-3e-05,-0.00025,-5e-05,-8e-05,1e-05,1e-05,-3e-05,-0,0.00079,6e-05,-2e-05,-0.00023,7e-05,1e-05,0,0.00454,-0.00055,-0.00467,-0.00123,3e-05,0,0
43.62,-0.00952,-0.00141,0.00018,0.0001,9e-05,-2e-05,0.00082,-0.00017,0,-0.00093,5e-05,1e-05,-2e-05,-0.00023,-7e-05,-7e-05,1e-05,1e-05,-4e-05,-0,0.0005,5e-05,-3e-05,-0.00018,7e-05,1e-05,0,0.00576,-0.0007,-0.00613,-0.00091,0.00021,0.00011,0
43.64,-0.0088,-0.0011,0.00024,0.0001,0.00011,-2e-05,0.00101,-0.00011,0.0001,-0.00124,-0.00015,0,-1e-05,-0.00021,-9e-05,-6e-05,1e-05,1e-05,-4e-05,-0,0.00019,5e-05,-4e-05,-5e-05,7e-05,1e-05,0,0.00693,-0.00086,-0.00781,-0.00061,0.00045,0.00025,0
43.66,-0.00808,-0.00072,0.00031,0.00011,0.00011,-2e-05,0.00115,-6e-05,0.00024,-0.00148,0.00026,3e-05,-0,-0.00018,-0.00011,-5e-05,1e-05,1e-05,-5e-05,-0,-0.00015,4e-05,-4e-05,0.00013,7e-05,1e-05,0,0.00796,-0.00103,-0.00963,-0.00033,0.00073,0.00041,1e-05
43.68,-0.0074,-0.00029,0.00041,0.00014,9e-05,-2e-05,0.00121,-3e-05,0.00041,-0.00161,0.00107,8e-05,0,-0.00016,-0.00015,-5e-05,2e-05,1e-05,-5e-05,-0,-0.0005,3e-05,-5e-05,0.00037,8e-05,1e-05,-0,0.00877,-0.00117,-0.01151,-6e-05,0.00105,0.00058,1e-05
43.7,-0.00681,0.00011,0.00051,0.00018,7e-05,-2e-05,0.00116,-2e-05,0.00056,-0.00159,0.00208,0.00017,-0,-0.00014,-0.00018,-5e-05,2e-05,0,-6e-05,-0,-0.00087,2e-05,-5e-05,0.00065,8e-05,1e-05,-0,0.00927,-0.00125,-0.01336,0.0002,0.00137,0.00075,2e-05
43.72,-0.00636,0.00042,0.00058,0.00023,5e-05,-3e-05,0.00102,-3e-05,0.00062,-0.00143,0.00316,0.00033,0,-0.00013,-0.0002,-4e-05,2e-05,0,-6e-05,-0,-0.00124,2e-05,-4e-05,0.00093,9e-05,1e-05,-0,0.0094,-0.00124,-0.01512,0.00048,0.00166,0.00091,2e-05
43.74,-0.00609,0.00059,0.00058,0.00029,3e-05,-3e-05,0.00105,-4e-05,0.0005,-0.00126,0.00383,0.00041,1e-05,-0.00012,-0.00021,-3e-05,3e-05,1e-05,-6e-05,-0,-0.0016,1e-05,-2e-05,0.00119,0.0001,1e-05,-0,0.00914,-0.00112,-0.01667,0.00079,0.0019,0.00105,3e-05
43.76,-0.006,0.00062,0.00059,0.00036,2e-05,-3e-05,0.00127,-6e-05,0.00036,-0.00114,0.00382,0.00036,2e-05,-0.00012,-0.00022,-3e-05,3e-05,1e-05,-6e-05,-0,-0.00193,1e-05,-1e-05,0.0014,0.00011,2e-05,-0,0.00852,-0.0009,-0.01791,0.00112,0.00209,0.00115,4e-05
43.78,-0.00607,0.00053,0.00066,0.00043,2e-05,-3e-05,0.00151,-9e-05,0.00034,-0.00098,0.00336,0.00028,2e-05,-0.00011,-0.00021,-2e-05,3e-05,1e-05,-6e-05,-0,-0.0022,-0,-0,0.00156,0.00012,2e-05,-0,0.00763,-0.0006,-0.01883,0.00149,0.00222,0.00122,5e-05
43.8,-0.00626,0.00038,0.00075,0.00049,4e-05,-3e-05,0.00156,-0.00015,0.00039,-0.00073,0.00248,0.00017,2e-05,-0.0001,-0.00019,-0,3e-05,2e-05,-6e-05,-0,-0.0024,-1e-05,0,0.00163,0.00013,2e-05,-0,0.00664,-0.00026,-0.01944,0.00187,0.00228,0.00125,6e-05
43.82,-0.00651,0.00025,0.00076,0.00054,7e-05,-3e-05,0.00147,-0.00017,0.00035,-0.00048,0.00125,5e-05,1e-05,-0.0001,-0.00017,1e-05,2e-05,2e-05,-6e-05,-0,-0.00249,0,1e-05,0.0016,0.00014,2e-05,-0,0.00573,6e-05,-0.0198,0.00223,0.00227,0.00124,6e-05
43.84,-0.0068,0.0002,0.00071,0.00058,0.00011,-3e-05,0.00142,-0.00016,0.00028,-0.00028,0.00033,0,0,-9e-05,-0.00015,2e-05,2e-05,3e-05,-6e-05,-0,-0.00246,2e-05,1e-05,0.00147,0.00013,2e-05,-0,0.00503,0.00031,-0.01986,0.00257,0.0022,0.0012,7e-05
43.86,-0.00709,0.00029,0.00064,0.00059,0.00016,-3e-05,0.0014,-0.00012,0.00023,-0.00017,-0.00014,5e-05,-1e-05,-8e-05,-0.00013,4e-05,3e-05,3e-05,-7e-05,-0,-0.00231,4e-05,1e-05,0.00125,0.00013,2e-05,-0,0.00463,0.00048,-0.01957,0.00286,0.00207,0.00112,7e-05
43.88,-0.0073,0.00054,0.00055,0.00057,0.00021,-4e-05,0.00135,-6e-05,0.00021,-0.00015,-0.00031,0.00013,-2e-05,-6e-05,-0.00011,5e-05,3e-05,4e-05,-8e-05,-0,-0.00206,5e-05,1e-05,0.00095,0.00012,2e-05,-0,0.00453,0.00055,-0.01895,0.00308,0.00188,0.00102,6e-05
43.9,-0.00736,0.00093,0.00045,0.00053,0.00026,-4e-05,0.0013,-1e-05,0.00022,-0.0002,-0.00027,0.0002,-3e-05,-5e-05,-9e-05,6e-05,4e-05,4e-05,-0.0001,-0,-0.00176,7e-05,1e-05,0.00062,0.00011,1e-05,-0,0.00466,0.00054,-0.01794,0.00322,0.00165,0.00089,5e-05
43.92,-0.00721,0.00145,0.00039,0.00047,0.00028,-4e-05,0.00128,2e-05,0.00028,-0.00027,4e-05,0.00025,-2e-05,-3e-05,-9e-05,6e-05,5e-05,4e-05,-0.00012,-0,-0.00146,8e-05,0,0.00029,0.0001,1e-05,-0,0.00492,0.00048,-0.01649,0.00324,0.0014,0.00076,4e-05
43.94,-0.00676,0.00204,0.00034,0.00037,0.00029,-3e-05,0.00126,4e-05,0.00039,-0.00034,0.00023,0.0002,1e-05,-1e-05,-9e-05,5e-05,6e-05,3e-05,-0.00014,-0,-0.00122,8e-05,0,2e-05,9e-05,1e-05,-0,0.00521,0.00038,-0.01467,0.00315,0.00115,0.00062,3e-05
43.96,-0.00596,0.00266,0.00028,0.00026,0.00027,-3e-05,0.00118,4e-05,0.00049,-0.00038,0.00017,8e-05,2e-05,0,-0.0001,3e-05,8e-05,3e-05,-0.00017,-0,-0.00109,7e-05,0,-0.00017,8e-05,1e-05,-0,0.00544,0.00026,-0.01256,0.00294,0.0009,0.00048,2e-05
43.98,-0.00478,0.00325,0.00019,0.00013,0.00023,-3e-05,0.00105,2e-05,0.0005,-0.00035,6e-05,-5e-05,2e-05,2e-05,-0.00011,0,0.0001,2e-05,-0.00019,-0,-0.00108,6e-05,0,-0.00025,7e-05,1e-05,-0,0.00559,0.00015,-0.01026,0.00264,0.00068,0.00036,0
44,-0.00324,0.0037,0.0001,-0,0.00018,-2e-05,0.00071,-0,0.00047,-0.00024,-3e-05,-0.00017,1e-05,3e-05,-0.00012,-3e-05,0.00012,1e-05,-0.0002,-0,-0.00123,5e-05,0,-0.00022,7e-05,1e-05,-0,0.00561,6e-05,-0.00788,0.00227,0.00049,0.00026,-1e-05
44.02,-0.00141,0.00394,3e-05,-0.00014,0.00013,-1e-05,0.0003,-2e-05,0.00054,-8e-05,0.00017,-6e-05,-0,4e-05,-0.00011,-6e-05,0.00014,0,-0.00021,-0,-0.00153,3e-05,0,-6e-05,6e-05,1e-05,-0,0.00552,-1e-05,-0.00561,0.0019,0.00035,0.00019,-3e-05
44.04,0.00064,0.00393,-4e-05,-0.00026,9e-05,-0,9e-05,-0,0.00055,9e-05,0.00064,0.00023,1e-05,4e-05,-9e-05,-8e-05,0.00016,-0,-0.0002,-0,-0.00199,1e-05,-0,0.00024,5e-05,1e-05,-0,0.0053,-4e-05,-0.00363,0.00153,0.00029,0.00014,-4e-05
44.06,0.00284,0.0037,-7e-05,-0.00036,6e-05,1e-05,2e-05,2e-05,0.00049,0.00028,0.00098,0.00045,2e-05,4e-05,-6e-05,-9e-05,0.00016,-1e-05,-0.00019,-0,-0.00259,-1e-05,-0,0.00067,4e-05,1e-05,-1e-05,0.00498,-4e-05,-0.00201,0.0012,0.00028,0.00014,-5e-05
44.08,0.00512,0.00326,-4e-05,-0.00045,5e-05,2e-05,-0.00015,-2e-05,0.00043,0.00053,0.00109,0.00059,2e-05,3e-05,-4e-05,-0.0001,0.00016,-1e-05,-0.00016,-0,-0.00329,-3e-05,-0,0.00124,3e-05,0,-1e-05,0.00454,-1e-05,-0.00077,0.00091,0.00034,0.00016,-5e-05
44.1,0.00733,0.0026,-1e-05,-0.00052,6e-05,4e-05,-0.00045,-0.00011,0.00019,0.00085,0.0008,0.00052,2e-05,2e-05,-2e-05,-9e-05,0.00015,-1e-05,-0.00014,-0,-0.00404,-4e-05,-0,0.00195,1e-05,0,-1e-05,0.00399,2e-05,0.00013,0.00063,0.00045,0.0002,-5e-05
44.12,0.0093,0.00177,2e-05,-0.00058,8e-05,5e-05,-0.00076,-9e-05,-0.00018,0.00122,0.0002,0.00023,1e-05,1e-05,-0,-8e-05,0.00011,-1e-05,-0.00012,-0,-0.00479,-6e-05,-1e-05,0.00277,0,-0,-1e-05,0.00332,5e-05,0.00076,0.00036,0.00059,0.00026,-5e-05
44.14,0.01092,0.00082,0.0001,-0.00063,0.00011,6e-05,-0.00114,2e-05,-0.00028,0.00158,-0.0002,1e-05,-1e-05,-1e-05,0,-7e-05,7e-05,-0,-9e-05,-0,-0.00547,-9e-05,-2e-05,0.00368,-1e-05,-0,-1e-05,0.00256,7e-05,0.0012,7e-05,0.00073,0.00033,-5e-05
44.16,0.0121,-0.00016,0.00021,-0.00068,0.00015,7e-05,-0.00158,0.00012,-0.00014,0.0018,-0.00026,-0,-2e-05,-2e-05,1e-05,-5e-05,3e-05,-0,-7e-05,-0,-0.00603,-0.00011,-3e-05,0.00464,-3e-05,-1e-05,-1e-05,0.00171,5e-05,0.00155,-0.00026,0.00086,0.00039,-5e-05
44.18,0.0128,-0.0011,0.00033,-0.00073,0.00018,7e-05,-0.00196,0.00017,0.00017,0.00187,-5e-05,0.00016,-3e-05,-4e-05,-0,-3e-05,-0,0,-4e-05,-0,-0.00643,-0.00014,-4e-05,0.00558,-4e-05,-1e-05,-1e-05,0.00079,-0,0.00193,-0.00064,0.00096,0.00044,-4e-05
44.2,0.01299,-0.00189,0.00041,-0.00077,0.00021,7e-05,-0.00204,0.00019,0.00056,0.00174,0.00045,0.00047,-3e-05,-4e-05,-2e-05,-1e-05,-3e-05,0,-2e-05,-0,-0.00663,-0.00017,-5e-05,0.00642,-5e-05,-1e-05,-1e-05,-0.00016,-8e-05,0.00245,-0.00106,0.00101,0.00046,-4e-05
44.22,0.01265,-0.00243,0.00045,-0.00082,0.00022,6e-05,-0.00132,0.00015,0.00082,0.00138,0.00141,0.00087,-3e-05,-4e-05,-1e-05,0,-5e-05,-0,-1e-05,-0,-0.00659,-0.00024,-8e-05,0.00705,-6e-05,-1e-05,-0,-0.00109,-0.00017,0.00322,-0.0015,0.00097,0.00046,-3e-05
44.24,0.01187,-0.00266,0.00027,-0.00088,0.00021,6e-05,-0.00014,5e-05,0.00054,0.001,0.00228,0.00113,-2e-05,-4e-05,1e-05,2e-05,-6e-05,-0,-0,-0,-0.00628,-0.00033,-0.00011,0.0074,-7e-05,-1e-05,-0,-0.00197,-0.00027,0.00432,-0.00196,0.00086,0.00042,-2e-05
44.26,0.0108,-0.00257,-0.00014,-0.00092,0.00019,5e-05,0.0006,-1e-05,-8e-05,0.0007,0.00261,0.00112,-1e-05,-2e-05,3e-05,3e-05,-5e-05,-1e-05,-1e-05,-0,-0.00572,-0.00041,-0.00014,0.00742,-9e-05,-2e-05,-0,-0.00276,-0.00036,0.00575,-0.00241,0.00068,0.00034,-2e-05
44.28,0.00953,-0.0022,-0.00063,-0.00097,0.00015,4e-05,0.00074,4e-05,-0.00065,0.00042,0.00252,0.00096,-0,0,6e-05,3e-05,-4e-05,-2e-05,-1e-05,-0,-0.00493,-0.0005,-0.00017,0.00712,-0.00011,-2e-05,-0,-0.00344,-0.00043,0.00748,-0.0028,0.00043,0.00023,-2e-05
44.3,0.00818,-0.00159,-0.00103,-0.00101,0.00012,3e-05,0.00042,0.00016,-0.0009,0.00011,0.00202,0.00072,0,3e-05,8e-05,3e-05,-3e-05,-3e-05,-2e-05,-0,-0.00398,-0.00056,-0.00018,0.00653,-0.00012,-2e-05,0,-0.00398,-0.00046,0.00936,-0.0031,0.00014,0.0001,-2e-05
44.32,0.0069,-0.00086,-0.00131,-0.00104,8e-05,2e-05,2e-05,0.00033,-0.00097,-0.00018,0.00122,0.00041,0,6e-05,8e-05,3e-05,-2e-05,-3e-05,-4e-05,-0,-0.00296,-0.00056,-0.00018,0.00574,-0.00013,-3e-05,0,-0.00436,-0.00045,0.01117,-0.00326,-0.00016,-6e-05,-1e-05
44.34,0.00578,-0.00015,-0.00146,-0.00106,5e-05,2e-05,-0.00028,0.00051,-0.00092,-0.00037,0.00054,0.00017,-0,8e-05,8e-05,3e-05,-1e-05,-4e-05,-5e-05,-0,-0.00194,-0.00053,-0.00016,0.00479,-0.00014,-3e-05,0,-0.00456,-0.00039,0.01276,-0.00324,-0.00047,-0.00023,-1e-05
44.36,0.00488,0.00046,-0.00147,-0.00106,3e-05,1e-05,-0.00042,0.00065,-0.00076,-0.00044,0.00014,4e-05,0,0.0001,8e-05,4e-05,1e-05,-4e-05,-5e-05,-0,-0.00099,-0.00049,-0.00013,0.00377,-0.00014,-3e-05,0,-0.00457,-0.00028,0.01409,-0.00306,-0.00078,-0.00039,-1e-05
44.38,0.00425,0.00089,-0.00138,-0.00106,0,1e-05,-0.00044,0.00076,-0.00057,-0.00041,-5e-05,0,0,0.00011,8e-05,4e-05,1e-05,-4e-05,-6e-05,-0,-0.00014,-0.00043,-0.0001,0.00272,-0.00013,-3e-05,0,-0.00442,-0.00014,0.01509,-0.00275,-0.00106,-0.00056,-2e-05
44.4,0.0039,0.0011,-0.00124,-0.00104,-1e-05,1e-05,-0.00038,0.00084,-0.0004,-0.00032,-9e-05,-0,1e-05,0.00012,8e-05,5e-05,2e-05,-4e-05,-6e-05,0,0.00057,-0.00036,-6e-05,0.00172,-0.00012,-2e-05,0,-0.00415,1e-05,0.01569,-0.0024,-0.00133,-0.00071,-2e-05
44.42,0.00382,0.00108,-0.0011,-0.00101,-3e-05,0,-0.00028,0.0009,-0.00026,-0.00022,1e-05,3e-05,1e-05,0.00012,7e-05,7e-05,2e-05,-4e-05,-6e-05,0,0.00113,-0.00028,-2e-05,0.00081,-0.00011,-2e-05,0,-0.00379,0.00014,0.01581,-0.00207,-0.00157,-0.00084,-2e-05
44.44,0.00395,0.00083,-0.00096,-0.00096,-4e-05,0,-0.00019,0.00095,-0.00015,-0.00014,0.00011,5e-05,1e-05,0.00011,7e-05,8e-05,2e-05,-3e-05,-5e-05,0,0.00154,-0.0002,1e-05,3e-05,-0.0001,-2e-05,0,-0.00338,0.00023,0.01555,-0.00184,-0.00178,-0.00094,-2e-05
44.46,0.00426,0.00038,-0.00084,-0.0009,-5e-05,-0,-0.00013,0.00097,-7e-05,-0.00011,0.00011,3e-05,0,0.0001,6e-05,9e-05,2e-05,-3e-05,-5e-05,0,0.00181,-0.00015,4e-05,-0.00058,-9e-05,-2e-05,0,-0.00296,0.00028,0.01502,-0.00174,-0.00195,-0.00103,-1e-05
44.48,0.00464,-0.00021,-0.00074,-0.00083,-5e-05,-0,-8e-05,0.00098,-2e-05,-0.00013,6e-05,1e-05,0,9e-05,6e-05,0.0001,1e-05,-3e-05,-4e-05,0,0.00198,-0.00012,5e-05,-0.00105,-8e-05,-2e-05,0,-0.00256,0.00029,0.01427,-0.00174,-0.00207,-0.0011,-1e-05
44.5,0.00499,-0.00084,-0.00065,-0.00074,-6e-05,-0,-4e-05,0.00098,1e-05,-0.0002,-0,-1e-05,0,8e-05,6e-05,0.0001,0,-2e-05,-3e-05,-0,0.00208,-9e-05,6e-05,-0.00139,-7e-05,-1e-05,0,-0.0022,0.00027,0.01346,-0.00182,-0.00215,-0.00116,-1e-05
44.52,0.00522,-0.00139,-0.00056,-0.00063,-7e-05,-1e-05,-3e-05,0.00095,4e-05,-0.00031,2e-05,1e-05,-0,6e-05,6e-05,9e-05,-0,-2e-05,-3e-05,-0,0.00216,-7e-05,6e-05,-0.00162,-7e-05,-1e-05,0,-0.00189,0.00023,0.01278,-0.0019,-0.00218,-0.00121,-1e-05
44.54,0.00524,-0.00177,-0.00046,-0.0005,-7e-05,-1e-05,-3e-05,0.00091,6e-05,-0.00046,0.00014,4e-05,-0,4e-05,5e-05,8e-05,-0,-2e-05,-2e-05,-0,0.00226,-5e-05,6e-05,-0.00176,-7e-05,-1e-05,0,-0.00166,0.00019,0.01223,-0.00192,-0.00219,-0.00126,-1e-05
44.56,0.00502,-0.00191,-0.00035,-0.00035,-8e-05,-1e-05,-3e-05,0.00084,8e-05,-0.00063,0.00025,5e-05,0,3e-05,4e-05,6e-05,-0,-2e-05,-2e-05,-0,0.00239,-2e-05,7e-05,-0.00181,-8e-05,-1e-05,0,-0.00151,0.00018,0.0118,-0.00184,-0.00219,-0.00131,-1e-05
44.58,0.00457,-0.0018,-0.00023,-0.0002,-8e-05,-1e-05,-3e-05,0.00075,9e-05,-0.00082,0.00031,3e-05,0,2e-05,3e-05,4e-05,0,-1e-05,-2e-05,-0,0.00254,1e-05,7e-05,-0.00175,-8e-05,-1e-05,1e-05,-0.00145,0.0002,0.01157,-0.00167,-0.00218,-0.00137,-1e-05
44.6,0.00394,-0.00148,-0.00011,-5e-05,-8e-05,-1e-05,-2e-05,0.00064,0.0001,-0.00099,0.00029,-2e-05,0,1e-05,0,1e-05,1e-05,-1e-05,-3e-05,-0,0.00269,4e-05,6e-05,-0.00155,-0.0001,-2e-05,1e-05,-0.00148,0.00024,0.01152,-0.00141,-0.00219,-0.00142,-0
44.62,0.00321,-0.001,-0,8e-05,-9e-05,-1e-05,0,0.00053,0.0001,-0.00117,0.00018,-5e-05,-0,-0,-2e-05,-1e-05,2e-05,-1e-05,-3e-05,-0,0.00281,6e-05,5e-05,-0.00118,-0.00011,-2e-05,1e-05,-0.0016,0.0003,0.01161,-0.00112,-0.0022,-0.00147,-0
44.64,0.00245,-0.00041,8e-05,0.00018,-9e-05,-1e-05,6e-05,0.00043,9e-05,-0.0013,0.0001,-3e-05,-0,-1e-05,-4e-05,-3e-05,3e-05,-1e-05,-3e-05,-0,0.00286,7e-05,4e-05,-0.0006,-0.00013,-2e-05,1e-05,-0.0018,0.00039,0.01183,-0.00081,-0.00221,-0.00151,-0
44.66,0.00171,0.00024,0.00015,0.00025,-8e-05,-1e-05,0.00016,0.00034,8e-05,-0.00137,9e-05,-1e-05,-1e-05,-1e-05,-6e-05,-5e-05,4e-05,-1e-05,-3e-05,-0,0.00282,7e-05,3e-05,0.00016,-0.00015,-2e-05,2e-05,-0.00206,0.00048,0.01214,-0.00052,-0.0022,-0.00153,-0
44.68,0.00104,0.0009,0.0002,0.0003,-6e-05,-1e-05,0.00028,0.00026,5e-05,-0.00137,0.00011,1e-05,-1e-05,-1e-05,-7e-05,-6e-05,4e-05,-1e-05,-3e-05,0,0.00268,6e-05,2e-05,0.00104,-0.00017,-3e-05,2e-05,-0.00234,0.00057,0.01241,-0.00024,-0.00217,-0.00153,-0
44.7,0.00049,0.00154,0.00023,0.00032,-3e-05,-1e-05,0.00045,0.00018,3e-05,-0.00127,0.00016,1e-05,-1e-05,-1e-05,-8e-05,-6e-05,5e-05,-1e-05,-3e-05,0,0.00245,5e-05,1e-05,0.00195,-0.00018,-3e-05,2e-05,-0.00258,0.00066,0.01251,3e-05,-0.00211,-0.0015,-0
44.72,8e-05,0.00213,0.00024,0.00032,0,-1e-05,0.00066,0.0001,-0,-0.00108,0.00028,-0,-1e-05,-1e-05,-9e-05,-7e-05,6e-05,-0,-3e-05,0,0.00215,3e-05,1e-05,0.00276,-0.00019,-3e-05,3e-05,-0.00275,0.00074,0.01227,0.0003,-0.00201,-0.00143,-0
44.74,-0.00017,0.00264,0.00024,0.00032,6e-05,-1e-05,0.0009,3e-05,-3e-05,-0.0008,0.00042,-0,-1e-05,-1e-05,-8e-05,-7e-05,7e-05,0,-2e-05,0,0.00179,2e-05,1e-05,0.00335,-0.0002,-3e-05,3e-05,-0.00279,0.0008,0.0116,0.00059,-0.00184,-0.00132,-0
44.76,-0.00028,0.00307,0.00024,0.00031,0.00012,-1e-05,0.00114,-1e-05,-4e-05,-0.00043,0.00051,1e-05,-1e-05,-2e-05,-8e-05,-7e-05,7e-05,1e-05,-2e-05,0,0.00138,1e-05,1e-05,0.00366,-0.00019,-2e-05,3e-05,-0.00268,0.00085,0.01044,0.0009,-0.00161,-0.00115,-0
44.78,-0.00028,0.00342,0.00023,0.0003,0.00018,-1e-05,0.00136,-6e-05,-3e-05,-2e-05,0.00055,2e-05,-1e-05,-2e-05,-7e-05,-7e-05,7e-05,1e-05,-1e-05,0,0.00096,1e-05,1e-05,0.00365,-0.00017,-2e-05,2e-05,-0.00244,0.00088,0.0088,0.00121,-0.00132,-0.00094,-0
44.8,-0.00022,0.00368,0.00023,0.0003,0.00025,-1e-05,0.00157,-0.00012,-1e-05,0.0004,0.00051,3e-05,-0,-3e-05,-6e-05,-7e-05,8e-05,2e-05,-1e-05,0,0.00054,1e-05,1e-05,0.00331,-0.00015,-2e-05,2e-05,-0.00211,0.00089,0.00679,0.00149,-0.00096,-0.00068,0
44.82,-0.00015,0.00387,0.00023,0.0003,0.00031,-1e-05,0.00176,-0.00021,1e-05,0.00078,0.0004,4e-05,0,-3e-05,-5e-05,-7e-05,8e-05,3e-05,-0,0,0.00016,1e-05,0,0.00266,-0.00012,-1e-05,2e-05,-0.00174,0.00086,0.00453,0.00172,-0.00055,-0.0004,0
44.84,-0.00015,0.00399,0.00023,0.00031,0.00036,-1e-05,0.0019,-0.00033,4e-05,0.00107,0.00025,4e-05,0,-4e-05,-3e-05,-7e-05,8e-05,5e-05,-0,0,-0.00016,1e-05,0,0.00175,-8e-05,-1e-05,1e-05,-0.00138,0.0008,0.00211,0.00188,-0.00012,-0.00011,0
44.86,-0.00025,0.00404,0.00024,0.00033,0.0004,-1e-05,0.00194,-0.0005,7e-05,0.00124,0.00011,4e-05,-1e-05,-5e-05,-2e-05,-7e-05,9e-05,6e-05,-0,0,-0.00042,1e-05,0,0.00063,-4e-05,-0,1e-05,-0.00107,0.00071,-0.0004,0.00193,0.00032,0.0002,0
44.88,-0.00052,0.00404,0.00025,0.00035,0.00042,-1e-05,0.00182,-0.00074,0.0001,0.00125,-0,4e-05,-2e-05,-6e-05,-0,-7e-05,9e-05,7e-05,-0,0,-0.0006,0,0,-0.00062,0,0,0,-0.00083,0.00059,-0.00291,0.00188,0.00076,0.00049,0
44.9,-0.00098,0.00402,0.00027,0.0004,0.00042,-1e-05,0.0016,-0.00097,0.00011,0.00112,-9e-05,3e-05,-5e-05,-7e-05,2e-05,-7e-05,9e-05,7e-05,-1e-05,0,-0.0007,-1e-05,0,-0.0019,5e-05,0,-0,-0.00069,0.00045,-0.00535,0.00175,0.00118,0.00078,0
44.92,-0.00167,0.00399,0.00027,0.00046,0.00041,-1e-05,0.00148,-0.0011,0.00012,0.00088,-0.00013,5e-05,-4e-05,-0.0001,6e-05,-7e-05,8e-05,8e-05,-2e-05,0,-0.00073,-2e-05,0,-0.0031,9e-05,1e-05,-1e-05,-0.00065,0.0003,-0.00766,0.00155,0.00156,0.00103,0
44.94,-0.0026,0.00397,0.00027,0.00055,0.00038,-1e-05,0.0013,-0.00115,0.00016,0.00052,-0.00011,6e-05,-2e-05,-0.00013,0.00011,-7e-05,7e-05,8e-05,-2e-05,0,-0.0007,-3e-05,0,-0.00412,0.00012,1e-05,-1e-05,-0.0007,0.00015,-0.00976,0.00129,0.00188,0.00125,1e-05
44.96,-0.00374,0.00393,0.00029,0.00065,0.00035,-1e-05,0.00094,-0.00116,0.00023,9e-05,-6e-05,5e-05,0,-0.00017,0.00015,-7e-05,7e-05,7e-05,-3e-05,0,-0.00062,-4e-05,0,-0.00491,0.00014,1e-05,-2e-05,-0.00084,3e-05,-0.01156,0.00101,0.00214,0.00142,1e-05
44.98,-0.00502,0.00388,0.0003,0.00076,0.00031,-1e-05,0.00055,-0.0011,0.00034,-0.00034,3e-05,2e-05,2e-05,-0.00022,0.00018,-7e-05,6e-05,6e-05,-4e-05,0,-0.00051,-5e-05,-0,-0.00543,0.00015,2e-05,-2e-05,-0.00105,-7e-05,-0.013,0.00071,0.00233,0.00154,1e-05
45,-0.00636,0.00379,0.00031,0.00085,0.00027,-1e-05,6e-05,-0.00099,0.00047,-0.00067,0.00013,-2e-05,3e-05,-0.00027,0.00021,-6e-05,5e-05,4e-05,-5e-05,0,-0.0004,-6e-05,-0,-0.00569,0.00016,2e-05,-2e-05,-0.0013,-0.00013,-0.01405,0.00042,0.00244,0.00161,1e-05
45.02,-0.00761,0.00363,0.00032,0.00092,0.00023,-0,-0.00058,-0.00094,0.00062,-0.0008,0.00021,-4e-05,1e-05,-0.00029,0.00022,-6e-05,4e-05,2e-05,-6e-05,0,-0.0003,-7e-05,-0,-0.0057,0.00016,2e-05,-3e-05,-0.00157,-0.00014,-0.01468,0.00015,0.00246,0.00163,1e-05
45.04,-0.00867,0.0034,0.00033,0.00094,0.00019,-0,-0.00116,-0.00087,0.00078,-0.00074,0.00028,-2e-05,-1e-05,-0.0003,0.00022,-5e-05,3e-05,0,-7e-05,0,-0.00024,-7e-05,-0,-0.00548,0.00015,1e-05,-3e-05,-0.00182,-0.00011,-0.01481,-6e-05,0.00239,0.00159,1e-05
45.06,-0.00947,0.0031,0.00032,0.00092,0.00014,-0,-0.00147,-0.00075,0.00089,-0.0006,0.00037,4e-05,-1e-05,-0.00028,0.00021,-5e-05,2e-05,-1e-05,-7e-05,0,-0.00021,-6e-05,-0,-0.0051,0.00014,1e-05,-3e-05,-0.00204,-4e-05,-0.01439,-0.00023,0.00224,0.00149,1e-05
45.08,-0.00997,0.00273,0.00032,0.00084,0.00011,-0,-0.00145,-0.00062,0.00093,-0.00042,0.00039,0.0001,-0,-0.00024,0.00019,-4e-05,1e-05,-3e-05,-8e-05,0,-0.00021,-5e-05,0,-0.0046,0.00012,1e-05,-2e-05,-0.00221,5e-05,-0.01348,-0.00035,0.00202,0.00135,1e-05
45.1,-0.01018,0.00228,0.00029,0.00073,7e-05,0,-0.0012,-0.00047,0.0009,-0.00029,0.00043,0.00019,1e-05,-0.00019,0.00017,-4e-05,-1e-05,-4e-05,-7e-05,0,-0.00022,-4e-05,0,-0.00409,0.0001,1e-05,-2e-05,-0.00233,0.00016,-0.01212,-0.00044,0.00176,0.00118,0
45.12,-0.01014,0.00174,0.00022,0.0006,5e-05,0,-0.0008,-0.0003,0.0008,-0.00026,0.00058,0.00042,2e-05,-0.00014,0.00014,-3e-05,-2e-05,-4e-05,-7e-05,0,-0.0002,-2e-05,0,-0.00363,9e-05,1e-05,-2e-05,-0.00241,0.00026,-0.0104,-0.00051,0.00149,0.00099,-0
45.14,-0.00988,0.00112,0.00016,0.00046,2e-05,0,-0.00032,-0.00018,0.00063,-0.00025,0.0006,0.00058,2e-05,-9e-05,0.0001,-2e-05,-5e-05,-4e-05,-6e-05,0,-0.00014,0,1e-05,-0.0033,7e-05,1e-05,-2e-05,-0.00245,0.00034,-0.00848,-0.00056,0.00122,0.00079,-2e-05
45.16,-0.00943,0.00041,0.00012,0.00032,0,1e-05,8e-05,-0.0001,0.00043,-0.00016,0.00042,0.00056,1e-05,-4e-05,7e-05,-2e-05,-8e-05,-4e-05,-4e-05,0,-1e-05,2e-05,1e-05,-0.00314,5e-05,0,-1e-05,-0.00248,0.00038,-0.00651,-0.00063,0.00095,0.0006,-3e-05
45.18,-0.00884,-0.00039,9e-05,0.0002,-2e-05,1e-05,0.00037,0,0.00019,4e-05,0.00023,0.00045,0,-1e-05,3e-05,-1e-05,-0.00011,-4e-05,-3e-05,-0,0.0002,5e-05,2e-05,-0.00315,2e-05,0,-1e-05,-0.00256,0.00039,-0.00452,-0.00072,0.00068,0.00041,-5e-05
45.2,-0.00822,-0.00122,4e-05,0.00011,-4e-05,1e-05,0.00063,0.00011,-9e-05,0.00031,4e-05,0.00025,0,0,-1e-05,-0,-0.00015,-4e-05,-1e-05,-0,0.00049,8e-05,3e-05,-0.00331,0,-0,-1e-05,-0.00272,0.00038,-0.00257,-0.00083,0.00044,0.00024,-7e-05
45.22,-0.00769,-0.00202,0,6e-05,-5e-05,2e-05,0.00084,0.00015,-0.00028,0.00062,-3e-05,5e-05,1e-05,1e-05,-3e-05,1e-05,-0.00017,-4e-05,1e-05,-0,0.00086,0.0001,3e-05,-0.00358,-2e-05,-0,-1e-05,-0.00303,0.00034,-0.00073,-0.00099,0.00022,9e-05,-9e-05
45.24,-0.00732,-0.00274,-0,5e-05,-7e-05,2e-05,0.00101,0.00013,-0.00032,0.00096,5e-05,-2e-05,1e-05,2e-05,-1e-05,2e-05,-0.00019,-4e-05,3e-05,-0,0.0013,0.00011,3e-05,-0.00394,-4e-05,-1e-05,-1e-05,-0.00356,0.00029,0.00098,-0.00118,2e-05,-5e-05,-0.00011
45.26,-0.00719,-0.00336,2e-05,8e-05,-9e-05,3e-05,0.00108,8e-05,-0.00029,0.00136,0.0001,-1e-05,2e-05,2e-05,3e-05,4e-05,-0.00019,-4e-05,4e-05,-0,0.00182,0.00011,3e-05,-0.00435,-7e-05,-1e-05,-1e-05,-0.00435,0.00025,0.00255,-0.00141,-0.00016,-0.00018,-0.00011
45.28,-0.00732,-0.00387,6e-05,0.00015,-0.00011,4e-05,0.00098,3e-05,-0.0002,0.00182,9e-05,2e-05,2e-05,2e-05,8e-05,7e-05,-0.00017,-4e-05,5e-05,-0,0.00239,0.00011,4e-05,-0.00482,-9e-05,-1e-05,-0,-0.00546,0.00023,0.00402,-0.00165,-0.00033,-0.00029,-0.00011
45.3,-0.00772,-0.00424,0.00011,0.00025,-0.00013,5e-05,0.00074,1e-05,-0.00013,0.00238,1e-05,2e-05,2e-05,3e-05,0.00015,0.0001,-0.00015,-4e-05,5e-05,-0,0.00299,0.0001,4e-05,-0.00533,-0.0001,-1e-05,0,-0.00691,0.00027,0.00542,-0.00188,-0.00049,-0.00039,-9e-05
45.32,-0.00837,-0.00447,0.00017,0.00034,-0.00014,6e-05,0.00047,2e-05,-0.0001,0.00311,-4e-05,0,1e-05,5e-05,0.00021,0.00014,-0.00011,-4e-05,4e-05,-0,0.0036,8e-05,4e-05,-0.00587,-0.00011,-1e-05,0,-0.00871,0.00038,0.00677,-0.00207,-0.00064,-0.00048,-5e-05
45.34,-0.00921,-0.00452,0.00026,0.00042,-0.00016,8e-05,0.00022,5e-05,-6e-05,0.00388,-1e-05,-0,0,9e-05,0.00025,0.0002,-8e-05,-4e-05,3e-05,0,0.00419,5e-05,5e-05,-0.00641,-0.0001,-1e-05,1e-05,-0.01081,0.00059,0.00811,-0.00215,-0.00081,-0.00056,2e-05
45.36,-0.01019,-0.00439,0.00037,0.00045,-0.00016,0.0001,-0.00012,7e-05,-1e-05,0.00456,2e-05,0,-0,0.00018,0.00026,0.00028,-4e-05,-3e-05,2e-05,0,0.00472,2e-05,6e-05,-0.00688,-8e-05,-1e-05,2e-05,-0.01309,0.00093,0.00944,-0.00204,-0.00098,-0.00063,0.00012
45.38,-0.01119,-0.00402,0.00053,0.0004,-0.00016,0.00011,-0.00052,0.00011,4e-05,0.00511,2e-05,-0,-0,0.00036,0.00018,0.00037,-0,-3e-05,0,1e-05,0.00514,-2e-05,7e-05,-0.00718,-5e-05,-0,3e-05,-0.01535,0.00139,0.01072,-0.00167,-0.00117,-0.00069,0.00026
45.4,-0.01207,-0.00338,0.00073,0.00025,-0.00014,0.00012,-0.00094,0.00015,9e-05,0.00548,-2e-05,0,-0,0.00068,2e-05,0.00049,2e-05,-2e-05,-1e-05,1e-05,0.00541,-5e-05,8e-05,-0.00714,-0,0,4e-05,-0.01734,0.00195,0.0119,-0.00091,-0.00139,-0.00072,0.00044
45.42,-0.01267,-0.00242,0.00091,-5e-05,-0.0001,0.00013,-0.00139,0.00019,0.00011,0.0057,-1e-05,2e-05,-0,0.00124,-0.00015,0.00063,1e-05,-2e-05,-3e-05,1e-05,0.00547,-7e-05,8e-05,-0.0066,6e-05,1e-05,6e-05,-0.01877,0.00259,0.01293,0.00033,-0.00165,-0.00072,0.00067
45.44,-0.01281,-0.00116,0.00105,-0.00054,-5e-05,0.00012,-0.00178,0.00023,7e-05,0.00562,0.00011,4e-05,0,0.00213,-0.00044,0.0008,-3e-05,-2e-05,-4e-05,1e-05,0.00528,-7e-05,8e-05,-0.0054,0.00013,3e-05,8e-05,-0.01931,0.00326,0.01373,0.0021,-0.00195,-0.00069,0.00096
45.46,-0.0124,0.00033,0.00109,-0.00126,1e-05,9e-05,-0.00206,0.00026,-2e-05,0.00524,0.00021,7e-05,1e-05,0.00346,-0.00098,0.00098,-0.0001,-2e-05,-5e-05,1e-05,0.00482,-6e-05,6e-05,-0.00342,0.00022,4e-05,0.0001,-0.01868,0.00393,0.01428,0.00442,-0.00227,-0.00061,0.00129
45.48,-0.01141,0.00197,0.00096,-0.00224,7e-05,6e-05,-0.00211,0.00026,-0.00019,0.00463,0.00029,8e-05,3e-05,0.00528,-0.00175,0.00115,-0.00021,-3e-05,-6e-05,1e-05,0.00409,-6e-05,3e-05,-0.00064,0.00032,7e-05,0.00012,-0.01673,0.00451,0.01463,0.00722,-0.0026,-0.00048,0.00165
45.5,-0.00998,0.00363,0.00078,-0.00351,0.00013,3e-05,-0.00203,0.00018,-0.00043,0.00386,0.00029,9e-05,5e-05,0.00768,-0.00273,0.00136,-0.00032,-3e-05,-7e-05,1e-05,0.00315,-5e-05,-3e-05,0.00287,0.00043,9e-05,0.00014,-0.01335,0.00496,0.01483,0.01036,-0.00294,-0.0003,0.00202
45.52,-0.00831,0.00521,0.00085,-0.00516,0.00013,0,-0.00184,-4e-05,-0.00072,0.00304,0.00022,0.00011,8e-05,0.01063,-0.00374,0.00171,-0.00041,-3e-05,-7e-05,1e-05,0.00207,-3e-05,-0.0002,0.00705,0.00054,0.00011,0.00015,-0.00846,0.00529,0.0149,0.0136,-0.00327,-7e-05,0.00236
45.54,-0.00655,0.00668,0.00117,-0.0056,9e-05,0,-0.00135,-0.00038,-0.00093,0.00232,0.00015,0.00013,0.00012,0.01392,-0.00454,0.00216,-0.00043,-3e-05,-7e-05,2e-05,0.00091,1e-05,-0.00045,0.01179,0.00065,0.00012,0.00016,-0.00199,0.00537,0.0149,0.01686,-0.00353,0.00019,0.00264
45.56,-0.00484,0.0079,0.00152,-0.00579,1e-05,5e-05,-0.00064,-0.0007,-0.00093,0.0018,0.0001,0.00015,0.00014,0.01722,-0.00476,0.00255,-0.00035,-3e-05,-6e-05,2e-05,-0.00024,6e-05,-0.00073,0.01704,0.00075,0.00012,0.00016,0.00612,0.00514,0.01478,0.02019,-0.00364,0.00044,0.00282
45.58,-0.00328,0.00885,0.00178,-0.00591,-0.00013,0.00013,7e-05,-0.00082,-0.00053,0.00149,6e-05,0.00017,0.00014,0.0201,-0.00411,0.00298,-0.00016,-4e-05,-4e-05,3e-05,-0.00128,0.00013,-0.00109,0.02272,0.00083,0.00011,0.00015,0.01591,0.00467,0.01443,0.02356,-0.00358,0.00067,0.00288
45.6,-0.00197,0.00947,0.00171,-0.00604,-0.00023,0.00015,0.00054,-0.00051,0.00029,0.00142,5e-05,0.0002,0.00014,0.02315,-0.00257,0.0031,0.00012,-4e-05,-2e-05,3e-05,-0.00212,0.00025,-0.00143,0.02875,0.00086,8e-05,0.00014,0.0273,0.00394,0.01355,0.02714,-0.00333,0.00083,0.00279
45.62,-0.00094,0.0096,0.00117,-0.00619,-0.00028,0.00016,0.00086,0.00033,0.0015,0.00163,5e-05,0.00023,0.00013,0.02755,-0.00031,0.00258,0.00051,-2e-05,-1e-05,3e-05,-0.00268,0.00053,-0.00157,0.03504,0.00085,3e-05,0.00012,0.04016,0.00299,0.01187,0.03126,-0.00287,0.00089,0.0025
45.64,-0.00015,0.00929,0.00026,-0.00632,-0.0003,0.00015,0.00104,0.00161,0.00292,0.00209,5e-05,0.00026,0.00012,0.03292,0.00234,0.00191,0.00099,-1e-05,-1e-05,2e-05,-0.00291,0.00088,-0.00158,0.04149,0.00078,-3e-05,0.0001,0.05429,0.00202,0.00939,0.03579,-0.00225,0.00084,0.00208
45.66,0.00043,0.00864,-0.00086,-0.0064,-0.00029,0.00014,0.00096,0.00303,0.00413,0.00279,7e-05,0.00028,0.00011,0.0382,0.00499,0.00138,0.00149,-1e-05,-1e-05,1e-05,-0.00289,0.00117,-0.00158,0.04804,0.00069,-9e-05,7e-05,0.06939,0.00114,0.00623,0.04052,-0.00152,0.0007,0.00158
45.68,0.00079,0.00744,-0.00221,-0.00643,-0.00031,0.00013,0.00071,0.0041,0.00411,0.00363,8e-05,0.00028,8e-05,0.03898,0.00696,0.00094,0.00183,-0,-3e-05,-1e-05,-0.00282,0.00142,-0.00145,0.05461,0.00058,-0.00013,4e-05,0.08494,0.00035,0.00255,0.04543,-0.00069,0.0005,0.00103
45.7,0.00097,0.0061,-0.00334,-0.00649,-0.00026,0.0001,0.00024,0.00469,0.00388,0.00467,9e-05,0.00026,5e-05,0.03777,0.0091,0.00061,0.00206,-1e-05,1e-05,-3e-05,-0.00299,0.00158,-0.00136,0.06127,0.00045,-0.00018,1e-05,0.10047,-0.00033,-0.00124,0.0501,0.0002,0.00029,0.00051
45.72,0.00098,0.00479,-0.00384,-0.00654,-3e-05,3e-05,-0.00075,0.00509,0.00523,0.00597,0.0001,0.00021,3e-05,0.03038,0.0138,0.00039,0.00224,-2e-05,0.00032,-4e-05,-0.0037,0.00166,-0.00162,0.06811,0.00032,-0.00025,-2e-05,0.11549,-0.00084,-0.00489,0.05389,0.00109,0.00011,5e-05
45.74,0.00085,0.0032,-0.00321,-0.00631,0.00026,-5e-05,-0.00213,0.00501,0.00542,0.00658,0.0001,0.00014,-0,0.01694,0.01604,0.00021,0.00185,-2e-05,0.00064,-3e-05,-0.0052,0.00181,-0.00197,0.07505,0.00021,-0.00029,-5e-05,0.12885,-0.00117,-0.0081,0.05666,0.00194,-3e-05,-0.00034
45.76,0.00063,0.00154,-0.00117,-0.00581,0.00049,-0.0001,-0.00347,0.0042,0.00441,0.00599,9e-05,9e-05,-1e-05,0.00529,0.01157,5e-05,0.00098,-2e-05,0.00072,-1e-05,-0.00762,0.00214,-0.00223,0.08214,0.00013,-0.00028,-7e-05,0.13952,-0.00135,-0.01044,0.05837,0.00273,-0.00011,-0.00063
45.78,0.00036,0.00014,0.00054,-0.00492,0.00076,-0.00015,-0.00423,0.00292,0.00346,0.00454,7e-05,5e-05,-1e-05,-0.00263,0.00327,-5e-05,0.00015,-1e-05,0.00065,1e-05,-0.01093,0.00267,-0.00257,0.08974,7e-05,-0.00023,-9e-05,0.1471,-0.00142,-0.01162,0.05878,0.00341,-0.00011,-0.0008
45.8,9e-05,-0.00072,0.00025,-0.00398,0.00096,-0.00015,-0.00392,0.00214,0.00198,0.00278,4e-05,1e-05,-0,-0.00413,-0.00514,-8e-05,-0.00033,-0,0.00042,2e-05,-0.01507,0.00339,-0.00272,0.09833,3e-05,-0.00016,-0.0001,0.15127,-0.00137,-0.01151,0.05788,0.00396,-5e-05,-0.00086
45.82,-0.00017,-0.00084,-0.00145,-0.00375,0.00101,-0.00016,-0.00311,0.00176,-0.0003,0.00118,0,-2e-05,0,-0.00113,-0.0114,-6e-05,-0.00035,0,0.00015,2e-05,-0.02002,0.00428,-0.00235,0.10855,1e-05,-5e-05,-0.00011,0.15188,-0.00119,-0.01005,0.05577,0.00432,7e-05,-0.00081
45.84,-0.00043,-8e-05,-0.00412,-0.00372,0.00102,-0.00017,-0.00204,0.0009,-0.00191,8e-05,-2e-05,-4e-05,1e-05,0.0006,-0.01349,-4e-05,-8e-05,1e-05,1e-05,0,-0.02572,0.0053,-0.00183,0.12111,0,9e-05,-0.00012,0.14873,-0.00093,-0.00715,0.05244,0.00446,0.00024,-0.00065
45.86,-0.00066,0.00148,-0.00664,-0.00342,0.00107,-0.00018,-0.00109,7e-05,-0.00242,-0.00044,-2e-05,-2e-05,1e-05,0.00083,-0.01225,-1e-05,0.00021,1e-05,-4e-05,-2e-05,-0.03209,0.0065,-0.00142,0.13687,-1e-05,0.00027,-0.00012,0.14181,-0.00068,-0.00297,0.04799,0.00439,0.00042,-0.00041
45.88,-0.00086,0.00362,-0.00721,-0.00285,0.00112,-0.00019,-0.00041,-0.00041,-0.00223,-0.0005,-2e-05,2e-05,0,0.00056,-0.00911,0,0.00036,2e-05,-3e-05,-4e-05,-0.03911,0.00793,-0.00097,0.15667,-2e-05,0.00049,-0.00012,0.13172,-0.00047,0.00199,0.04252,0.00413,0.0006,-0.00013
45.9,-0.00107,0.00606,-0.00602,-0.00135,0.00115,-0.0002,-0.00012,-0.00042,-0.00161,-0.00036,-1e-05,6e-05,-1e-05,0.00013,-0.00562,1e-05,0.00036,3e-05,-1e-05,-6e-05,-0.0469,0.00952,-0.00061,0.18112,-4e-05,0.00075,-0.00013,0.1186,-0.00029,0.00701,0.0368,0.00371,0.00073,0.00015
45.92,-0.0014,0.00881,-0.00432,-7e-05,0.00115,-0.00021,0.00031,-9e-05,-0.00075,-0.00022,-0,0.0001,-2e-05,1e-05,-0.00263,-2e-05,0.00031,4e-05,2e-05,-9e-05,-0.05559,0.01116,-0.00039,0.21031,-0.0001,0.00106,-0.00014,0.10283,-0.00015,0.01133,0.03153,0.00318,0.0008,0.00039
45.94,-0.00185,0.01173,-0.00222,0.00139,-0.00064,-0.00014,0.00108,0.00022,0.00022,-0.00014,1e-05,0.00013,-2e-05,0.00025,1e-05,-9e-05,0.00034,5e-05,5e-05,-0.0001,-0.06427,0.01293,-0.00015,0.24335,-0.00021,0.00142,-0.00015,0.08593,-7e-05,0.01437,0.02638,0.0026,0.00079,0.00055
45.96,-0.00232,0.01436,-0.00047,0.00285,-0.00107,5e-05,0.00201,0.00032,0.00115,-0.0001,1e-05,0.00014,-2e-05,0.00041,0.00211,-0.00021,0.00046,6e-05,8e-05,-0.00011,-0.0713,0.01493,0.00017,0.27803,-0.0004,0.00184,-0.00017,0.06896,-1e-05,0.01572,0.02122,0.00205,0.00072,0.00061
45.98,-0.00272,0.01626,0.00035,0.00274,-0.00101,0.00019,0.00303,0.00014,0.00176,-0.00011,2e-05,0.00013,-2e-05,0.00019,0.00324,-0.0004,0.00056,7e-05,9e-05,-0.0001,-0.07528,0.01699,0.00052,0.31088,-0.00066,0.0023,-0.00019,0.05241,6e-05,0.01532,0.01636,0.00157,0.0006,0.00057
46,-0.00293,0.01684,0.00038,0.00283,-0.0009,0.00015,0.0042,-0.00015,0.00185,-0.00017,2e-05,0.0001,-0,9e-05,0.00265,-0.00072,0.00054,7e-05,6e-05,-9e-05,-0.07446,0.01878,0.00106,0.33739,-0.00096,0.00277,-0.00022,0.03703,0.00015,0.01338,0.01196,0.00119,0.00047,0.00046
46.02,-0.00272,0.01551,7e-05,0.00328,-0.00068,0.00011,0.00553,-0.0005,0.00142,-0.00028,2e-05,5e-05,3e-05,0.00119,-0.00101,-0.00124,0.00034,7e-05,-2e-05,-5e-05,-0.06755,0.0201,0.00273,0.35306,-0.00131,0.00322,-0.00024,0.02344,0.00021,0.01041,0.00815,0.00091,0.00033,0.00031
46.04,-0.00165,0.01297,2e-05,0.00386,-0.00043,7e-05,0.00672,-0.00097,0.0005,-0.00045,2e-05,1e-05,8e-05,0.00131,-0.00656,-0.00186,0.00014,8e-05,-8e-05,-2e-05,-0.05457,0.0209,0.0057,0.35474,-0.00159,0.00357,-0.00024,0.01199,0.0002,0.00715,0.0049,0.00069,0.00021,0.00016
46.06,0.00082,0.01009,0.00058,0.00436,-0.00022,3e-05,0.00737,-0.00153,-0.00086,-0.00071,2e-05,-3e-05,0.00013,-8e-05,-0.01346,-0.00253,1e-05,9e-05,-0.00012,0,-0.03662,0.02129,0.0093,0.34191,-0.00173,0.00373,-0.00022,0.00276,0.00013,0.00418,0.00214,0.00048,0.00011,4e-05
46.08,0.00533,0.00706,0.00158,0.00477,-4e-05,-1e-05,0.00721,-0.00211,-0.00253,-0.00106,2e-05,-7e-05,0.00018,-0.00178,-0.02231,-0.00326,4e-05,0.0001,-0.00015,2e-05,-0.01542,0.02158,0.01373,0.31647,-0.00169,0.00367,-0.00017,-0.0044,4e-05,0.00181,-0.00018,0.00024,5e-05,-6e-05
46.1,0.01268,0.00509,0.00239,0.00528,0.00015,-5e-05,0.00617,-0.00277,-0.00395,-0.00151,1e-05,-8e-05,0.00024,-0.00559,-0.02974,-0.00376,0.00029,0.00011,-0.0001,5e-05,0.00658,0.0212,0.01775,0.28283,-0.00149,0.0033,-6e-05,-0.00969,-1e-05,0.00013,-0.00217,-4e-05,1e-05,-0.00012
46.12,0.02387,0.00528,0.00191,0.00587,0.00048,-0.00012,0.00387,-0.00354,-0.0045,-0.00203,0,-8e-05,0.00029,-0.0154,-0.02893,-0.00347,0.00088,0.00011,0.00018,7e-05,0.02654,0.01948,0.0195,0.24647,-0.00115,0.00261,0.0001,-0.01341,1e-05,-0.00092,-0.00378,-0.00033,-2e-05,-0.00016
46.14,0.03876,0.0053,0.00046,0.00608,0.00084,-0.0002,0.00074,-0.004,-0.00495,-0.00238,-1e-05,-7e-05,0.00031,-0.02692,-0.02122,-0.00249,0.0015,0.00011,0.00059,9e-05,0.04201,0.01731,0.01945,0.21114,-0.00074,0.00172,0.00031,-0.01457,8e-05,-0.00117,-0.00433,-0.00055,-3e-05,-0.00018
46.16,0.05597,0.00345,-1e-05,0.00591,0.00116,-0.00026,-0.00188,-0.00415,-0.00564,-0.00236,-1e-05,-6e-05,0.00028,-0.03297,-0.01317,-0.00148,0.00173,0.0001,0.00087,0.00011,0.05151,0.01534,0.01842,0.17916,-0.00033,0.00077,0.00054,-0.01429,0.00014,-0.00106,-0.00426,-0.0007,-3e-05,-0.00018
46.18,0.07307,6e-05,0.00018,0.00534,0.0015,-0.00033,-0.00347,-0.00413,-0.00522,-0.00192,-2e-05,-5e-05,0.00022,-0.03085,-0.00664,-0.0007,0.00148,0.0001,0.00096,0.00011,0.05457,0.01329,0.0166,0.15177,4e-05,-0.00016,0.00077,-0.01405,0.00019,-0.00098,-0.00426,-0.00082,-3e-05,-0.00019
46.2,0.0882,-0.00333,-0.00063,0.00475,0.00168,-0.00035,-0.00375,-0.00379,-0.00362,-0.00132,-2e-05,-2e-05,0.00015,-0.02202,-0.00504,-0.00072,0.00088,8e-05,0.00079,0.00011,0.05114,0.01086,0.01336,0.12819,0.0003,-0.00093,0.00092,-0.01382,0.00024,-0.00094,-0.00424,-0.00093,-2e-05,-0.0002
46.22,0.10141,-0.00519,-0.00218,0.00475,0.00157,-0.00032,-0.003,-0.00292,-0.00303,-0.00095,-1e-05,1e-05,8e-05,-0.01484,-0.00601,-0.0013,0.00022,4e-05,0.00049,0.00012,0.0423,0.00795,0.00878,0.10715,0.00039,-0.00147,0.00096,-0.0136,0.0003,-0.00094,-0.00411,-0.00099,-2e-05,-0.0002
46.24,0.11016,-0.00601,-0.0053,0.00484,0.00133,-0.00027,-0.00204,-0.00197,-0.00248,-0.00079,-0,3e-05,4e-05,-0.00939,-0.00558,-0.00187,-0.00041,1e-05,0.00024,0.00013,0.03114,0.00516,0.00477,0.0883,0.00037,-0.00171,0.00086,-0.01337,0.00037,-0.00099,-0.0039,-0.00101,-2e-05,-0.00019
46.26,0.11269,-0.006,-0.00937,0.00466,0.00112,-0.00022,-0.00116,-0.00126,-0.00146,-0.00069,0,4e-05,2e-05,-0.00492,-0.00298,-0.00218,-0.0009,-2e-05,9e-05,0.00012,0.02059,0.00294,0.00216,0.07184,0.00034,-0.0017,0.00066,-0.01309,0.00049,-0.00107,-0.00365,-0.00101,-1e-05,-0.00018
46.28,0.11167,-0.00532,-0.01203,0.0044,0.00088,-0.00016,-0.00039,-0.0008,-0.00063,-0.00067,1e-05,4e-05,0,-0.00305,0.00033,-0.00222,-0.00118,-4e-05,2e-05,0.00011,0.01232,0.00129,0.00056,0.05849,0.00033,-0.00155,0.00041,-0.01269,0.00063,-0.00117,-0.00337,-0.00098,-1e-05,-0.00015
46.3,0.10957,-0.00408,-0.01315,0.00322,0.00029,-0.00011,5e-05,-0.00054,-0.00015,-0.00072,1e-05,3e-05,-1e-05,-0.00268,0.00303,-0.00201,-0.00129,-5e-05,-0,9e-05,0.00693,0.00028,-0.0003,0.04956,0.00031,-0.0014,0.00021,-0.01214,0.00078,-0.00124,-0.00303,-0.00093,-1e-05,-0.00012
46.32,0.107,-0.0028,-0.01319,0.00137,0,-7e-05,0.00014,-0.00043,1e-05,-0.00078,1e-05,1e-05,-1e-05,-0.0026,0.00455,-0.00169,-0.00129,-5e-05,-1e-05,6e-05,0.00392,-0.00023,-0.00072,0.04659,0.00022,-0.00138,0.00014,-0.0114,0.00086,-0.0012,-0.0026,-0.00085,-0,-7e-05
46.34,0.10318,-0.00182,-0.012,0.00013,-0.00013,-5e-05,6e-05,-0.00038,-4e-05,-0.00085,0,0,-1e-05,-0.00215,0.00499,-0.00138,-0.00116,-4e-05,-1e-05,4e-05,0.00224,-0.00063,-0.00108,0.05104,4e-05,-0.0016,0.00019,-0.01037,0.00079,-0.00105,-0.00215,-0.00075,-0,-1e-05
46.36,0.09776,-0.00111,-0.00984,-0.0006,-0.00019,-2e-05,-0.00013,-0.00033,-0.00023,-0.00088,0,-0,-1e-05,-0.00146,0.00461,-0.00112,-0.00093,-3e-05,-2e-05,2e-05,0.00078,-0.0012,-0.00166,0.06322,-0.00027,-0.00211,0.00027,-0.00901,0.00053,-0.00081,-0.00178,-0.00064,-0,4e-05
46.38,0.09117,-0.00059,-0.00748,-0.00095,-0.0002,-1e-05,-0.00038,-0.00028,-0.00047,-0.00088,-0,-0,-1e-05,-0.00083,0.00377,-0.00089,-0.00064,-2e-05,-3e-05,0,-0.00125,-0.00199,-0.00267,0.08141,-0.00072,-0.00283,0.00029,-0.00735,0.00013,-0.00048,-0.00146,-0.00051,0,7e-05
46.4,0.08366,-0.00022,-0.00534,-0.00106,-0.00019,0,-0.0006,-0.00023,-0.00072,-0.00086,-0,-0,-2e-05,-0.00037,0.00275,-0.0007,-0.00036,-1e-05,-4e-05,-0,-0.00401,-0.00307,-0.00416,0.10324,-0.00124,-0.00365,0.00014,-0.00558,-0.00036,-0.00013,-0.00128,-0.00039,-0,9e-05
46.42,0.07542,-1e-05,-0.00362,-0.00101,-0.00016,1e-05,-0.00074,-0.00017,-0.00091,-0.00081,-0,-0,-2e-05,-0.00011,0.00175,-0.00055,-0.00016,-0,-5e-05,-1e-05,-0.00743,-0.0044,-0.00578,0.12641,-0.00166,-0.00453,-0.0002,-0.00384,-0.0008,0.0002,-0.0013,-0.00027,-0,0.00015
46.44,0.06676,0,-0.00237,-0.0009,-0.00012,1e-05,-0.00079,-0.00011,-0.00104,-0.00075,-0,-0,-3e-05,2e-05,0.00089,-0.00041,-3e-05,0,-5e-05,-1e-05,-0.01081,-0.00583,-0.00729,0.1467,-0.0019,-0.00506,-0.00071,-0.0022,-0.00099,0.00048,-0.00133,-0.00016,-1e-05,0.00025
46.46,0.05794,-0.00016,-0.00151,-0.00075,-8e-05,1e-05,-0.00074,-5e-05,-0.0011,-0.00068,-0,-0,-4e-05,6e-05,0.00022,-0.00029,4e-05,1e-05,-6e-05,-1e-05,-0.01302,-0.00726,-0.00861,0.16045,-0.00188,-0.00478,-0.00129,-0.00074,-0.00082,0.00071,-0.00121,-6e-05,-1e-05,0.00034
46.48,0.04907,-0.00042,-0.00093,-0.0006,-4e-05,-0,-0.00062,-1e-05,-0.00111,-0.00058,-0,-0,-5e-05,6e-05,-0.00027,-0.00018,7e-05,1e-05,-6e-05,-1e-05,-0.01383,-0.00864,-0.00944,0.1673,-0.00153,-0.00359,-0.00185,0.00045,-0.00028,0.00086,-0.0009,3e-05,-1e-05,0.0004
46.5,0.04111,-0.00066,-0.00056,-0.00048,-1e-05,-2e-05,-0.00048,1e-05,-0.00106,-0.00048,-0,-0,-6e-05,4e-05,-0.00056,-9e-05,6e-05,2e-05,-6e-05,-1e-05,-0.01329,-0.00962,-0.00974,0.16835,-0.00085,-0.00145,-0.00224,0.00133,0.00054,0.00094,-0.00042,0.00011,-1e-05,0.00043
46.52,0.03509,-0.00076,-0.00033,-0.0004,0,-3e-05,-0.00037,1e-05,-0.00097,-0.00036,0,-0,-7e-05,-1e-05,-0.00066,-2e-05,4e-05,2e-05,-5e-05,-1e-05,-0.01187,-0.00984,-0.00986,0.16553,8e-05,0.00127,-0.00226,0.00192,0.0016,0.00099,0.00028,0.0002,-1e-05,0.00041
46.54,0.03038,-0.00072,-0.00017,-0.00035,1e-05,-3e-05,-0.00029,-0,-0.00085,-0.00025,0,0,-7e-05,-6e-05,-0.00063,3e-05,2e-05,1e-05,-5e-05,-1e-05,-0.01072,-0.00935,-0.00979,0.16079,0.00112,0.00403,-0.00204,0.00224,0.00274,0.00096,0.00116,0.00031,-1e-05,0.0003
46.56,0.02644,-0.00059,-7e-05,-0.00031,0,-3e-05,-0.00021,-1e-05,-0.00072,-0.00015,1e-05,0,-7e-05,-0.00011,-0.00051,6e-05,1e-05,1e-05,-4e-05,-1e-05,-0.01046,-0.00818,-0.00948,0.15535,0.00218,0.00653,-0.00171,0.00231,0.00373,0.00086,0.0021,0.00043,-0,9e-05
46.58,0.02343,-0.00038,-1e-05,-0.00029,-0,-3e-05,-0.00015,-2e-05,-0.00059,-6e-05,1e-05,0,-7e-05,-0.00017,-0.00034,7e-05,-0,1e-05,-3e-05,-0,-0.01088,-0.00634,-0.00913,0.14972,0.00322,0.00856,-0.0013,0.00215,0.00445,0.0007,0.00283,0.00055,0,-0.00024
46.6,0.02112,-0.00014,2e-05,-0.00028,-1e-05,-3e-05,-0.0001,-2e-05,-0.00046,-0,1e-05,0,-7e-05,-0.00024,-0.00016,7e-05,-0,1e-05,-2e-05,-1e-05,-0.01184,-0.00392,-0.00847,0.14419,0.00415,0.01002,-0.0009,0.00172,0.00479,0.00055,0.00336,0.00066,0,-0.00066
46.62,0.01924,0.00012,3e-05,-0.00028,-1e-05,-2e-05,-5e-05,-3e-05,-0.00036,4e-05,1e-05,0,-6e-05,-0.00033,-1e-05,7e-05,-0,1e-05,-2e-05,-1e-05,-0.01338,-0.00118,-0.00728,0.13868,0.00495,0.01086,-0.00056,0.00097,0.00476,0.00042,0.00396,0.00075,0,-0.00094
46.64,0.01769,0.00041,3e-05,-0.00028,-1e-05,-2e-05,-2e-05,-3e-05,-0.00027,5e-05,1e-05,0,-5e-05,-0.00045,0.00014,6e-05,-0,1e-05,-1e-05,-0,-0.01495,0.00156,-0.00592,0.13242,0.0056,0.01116,-0.00028,-0.00012,0.0045,0.00034,0.00426,0.00081,1e-05,-0.00099
46.66,0.01635,0.00071,3e-05,-0.00026,-1e-05,-2e-05,0,-4e-05,-0.00019,5e-05,1e-05,0,-4e-05,-0.00059,0.00025,5e-05,-0,1e-05,-0,-0,-0.01602,0.00415,-0.00464,0.12495,0.0061,0.01102,-7e-05,-0.00164,0.00413,0.00032,0.00395,0.00084,1e-05,-0.00095
46.68,0.01509,0.001,3e-05,-0.00023,-1e-05,-1e-05,0,-5e-05,-0.00014,3e-05,1e-05,0,-4e-05,-0.00077,0.00033,4e-05,0,0,0,-0,-0.01655,0.00657,-0.00348,0.11627,0.00648,0.01052,7e-05,-0.00367,0.00362,0.00034,0.00325,0.00083,2e-05,-0.00082
46.7,0.01386,0.00126,3e-05,-0.00016,-2e-05,-1e-05,-2e-05,-6e-05,-0.0001,-1e-05,1e-05,0,-3e-05,-0.00096,0.00038,3e-05,0,0,0,-0,-0.01686,0.00869,-0.00247,0.10734,0.00672,0.00982,0.00016,-0.00609,0.0032,0.00039,0.00238,0.00077,3e-05,-0.00054
46.72,0.01264,0.00144,4e-05,-8e-05,-2e-05,-1e-05,-5e-05,-8e-05,-7e-05,-6e-05,1e-05,-0,-2e-05,-0.00115,0.00041,3e-05,0,0,1e-05,-0,-0.01736,0.01029,-0.00169,0.0992,0.00682,0.00904,0.00022,-0.00855,0.00303,0.00048,0.00151,0.00067,5e-05,-5e-05
46.74,0.01143,0.0015,4e-05,0,-3e-05,-0,-9e-05,-0.0001,-6e-05,-0.00013,1e-05,-0,-2e-05,-0.00134,0.00041,3e-05,0,0,1e-05,0,-0.01791,0.01152,-0.00118,0.09145,0.00682,0.00821,0.00025,-0.01091,0.00277,0.00057,0.0008,0.00054,7e-05,0.00049
46.76,0.01019,0.00143,5e-05,8e-05,-3e-05,-0,-0.00016,-0.00012,-7e-05,-0.0002,1e-05,-0,-2e-05,-0.00153,0.00038,3e-05,0,-0,1e-05,0,-0.01825,0.01265,-0.00089,0.08368,0.00675,0.00735,0.00025,-0.01315,0.00219,0.00062,0.00032,0.00041,8e-05,0.00093
46.78,0.00892,0.00122,5e-05,0.00016,-3e-05,-0,-0.00028,-0.00014,-9e-05,-0.00029,0,-0,-1e-05,-0.00175,0.00033,4e-05,0,-0,1e-05,1e-05,-0.01848,0.01377,-0.00076,0.07606,0.00661,0.00649,0.00024,-0.01505,0.00147,0.00059,4e-05,0.00028,8e-05,0.0013
46.8,0.00769,0.00094,4e-05,0.00021,-3e-05,0,-0.00041,-0.00014,-0.00011,-0.00038,0,-0,-1e-05,-0.00194,0.00025,4e-05,-0,-0,1e-05,1e-05,-0.01884,0.0146,-0.00069,0.06905,0.00641,0.0057,0.00022,-0.01663,0.00061,0.00045,-0.00015,0.00017,7e-05,0.00143
46.82,0.00656,0.00066,3e-05,0.00022,-3e-05,0,-0.00051,-0.00012,-0.00014,-0.00047,0,-0,-1e-05,-0.00206,0.00016,4e-05,-0,-0,1e-05,1e-05,-0.01952,0.01463,-0.00059,0.06291,0.00616,0.00503,0.00021,-0.01809,-0.00027,0.00014,-7e-05,8e-05,5e-05,0.00121
46.84,0.00547,0.00039,2e-05,0.00019,-3e-05,1e-05,-0.0006,-8e-05,-0.00017,-0.00056,0,-0,-1e-05,-0.00213,8e-05,4e-05,-1e-05,0,1e-05,1e-05,-0.02027,0.01386,-0.00043,0.05714,0.00587,0.00443,0.00019,-0.01916,-0.00068,-0.00025,0.00027,2e-05,3e-05,0.00088
46.86,0.00442,0.00018,2e-05,0.00015,-2e-05,1e-05,-0.00067,-2e-05,-0.00018,-0.00063,0,-0,-1e-05,-0.00214,1e-05,3e-05,-1e-05,0,0,1e-05,-0.02071,0.01247,-0.00024,0.05123,0.00554,0.00388,0.00017,-0.01959,-0.00027,-0.00061,0.00063,-1e-05,2e-05,0.00056
46.88,0.00344,4e-05,0,9e-05,-1e-05,1e-05,-0.00069,4e-05,-0.00018,-0.00068,0,0,-2e-05,-0.00206,-3e-05,2e-05,-1e-05,1e-05,0,2e-05,-0.02057,0.01044,-7e-05,0.04501,0.00517,0.00337,0.00015,-0.01928,0.00091,-0.00085,0.00093,-1e-05,1e-05,0.00023
46.9,0.00259,-2e-05,-4e-05,4e-05,-0,1e-05,-0.00065,8e-05,-0.00015,-0.0007,0,0,-2e-05,-0.0019,-4e-05,1e-05,-2e-05,1e-05,0,2e-05,-0.01999,0.00685,3e-05,0.03863,0.00472,0.0029,0.00013,-0.01839,0.0026,-0.00092,0.00112,-1e-05,1e-05,-0.0001
46.92,0.0019,-2e-05,-0.00013,3e-05,0,1e-05,-0.00051,8e-05,-9e-05,-0.00069,0,0,-2e-05,-0.00165,-2e-05,-0,-2e-05,1e-05,0,2e-05,-0.01911,0.00052,-0.00011,0.03214,0.00417,0.00246,0.00012,-0.01715,0.00474,-0.0008,0.00126,1e-05,0,-0.00034
46.94,0.00137,-0,-0.00033,4e-05,0,1e-05,-0.00031,4e-05,-0,-0.00063,0,0,-2e-05,-0.00132,2e-05,-1e-05,-2e-05,2e-05,0,2e-05,-0.017,-0.0072,-0.00084,0.02499,0.00353,0.00202,0.0001,-0.01546,0.00671,-0.00053,0.00125,2e-05,0,-0.00045
46.96,0.00099,-0,-0.00065,5e-05,-1e-05,0,-0.00013,-5e-05,8e-05,-0.00054,0,0,-3e-05,-0.00093,5e-05,-2e-05,-2e-05,2e-05,0,1e-05,-0.01316,-0.0145,-0.0023,0.01701,0.00282,0.00156,9e-05,-0.01329,0.00779,-0.00021,0.00103,3e-05,0,-0.00048
46.98,0.00078,-5e-05,-0.00107,5e-05,-1e-05,-0,3e-05,-0.00016,0.00016,-0.0004,0,0,-3e-05,-0.00053,7e-05,-2e-05,-1e-05,2e-05,1e-05,1e-05,-0.00793,-0.02064,-0.00461,0.00848,0.00206,0.00109,7e-05,-0.01089,0.00794,2e-05,0.00075,4e-05,0,-0.00044
47,0.00073,-0.00018,-0.00154,2e-05,-2e-05,-1e-05,6e-05,-0.0003,0.00022,-0.00023,0,0,-3e-05,-0.00017,6e-05,-2e-05,-0,2e-05,1e-05,1e-05,-0.00159,-0.02421,-0.00738,-0.00015,0.0013,0.00065,5e-05,-0.00851,0.00744,8e-05,0.00032,3e-05,-0,-0.00037
47.02,0.00081,-0.00043,-0.00195,-6e-05,-1e-05,-1e-05,-1e-05,-0.00039,0.00026,-5e-05,0,0,-3e-05,0.0001,3e-05,-3e-05,0,2e-05,1e-05,2e-05,0.00472,-0.02441,-0.00985,-0.0083,0.00061,0.00026,1e-05,-0.00638,0.00676,0.00015,-0.00026,2e-05,-0,-0.00032
47.04,0.00098,-0.00078,-0.00215,-0.0002,1e-05,-1e-05,-9e-05,-0.00042,0.00027,0.00016,0,-0,-4e-05,0.00028,-1e-05,-5e-05,1e-05,2e-05,1e-05,2e-05,0.00978,-0.02112,-0.01161,-0.01539,4e-05,-3e-05,-2e-05,-0.0046,0.00603,0.00026,-0.00069,1e-05,-0,-0.00026
47.06,0.00122,-0.00115,-0.00203,-0.00036,7e-05,-1e-05,-0.00019,-0.00032,0.00022,0.00038,0,-0,-4e-05,0.00035,-4e-05,-8e-05,1e-05,2e-05,1e-05,2e-05,0.01311,-0.01517,-0.01242,-0.02073,-0.00038,-0.00023,-6e-05,-0.00316,0.00521,0.00036,-0.00087,0,-0,-0.00018
47.08,0.00152,-0.00148,-0.00153,-0.00054,0.00017,-1e-05,-0.00031,-7e-05,0.00012,0.00061,0,-0,-4e-05,0.00033,-4e-05,-0.00012,0,2e-05,1e-05,2e-05,0.01434,-0.00817,-0.01208,-0.02337,-0.00063,-0.00033,-9e-05,-0.00205,0.00441,0.00045,-0.00091,-1e-05,-0,-0.0001
47.1,0.00189,-0.00177,-0.00069,-0.00072,0.00029,-0,-0.00043,0.0003,-0,0.00082,0,-0,-5e-05,0.00025,1e-05,-0.00017,-1e-05,2e-05,1e-05,2e-05,0.01339,-0.00127,-0.01014,-0.02362,-0.00073,-0.00036,-0.00011,-0.00129,0.00358,0.00051,-0.00085,-2e-05,0,-3e-05
47.12,0.00234,-0.00206,0.00039,-0.00087,0.00033,0,-0.00053,0.00078,-0.00012,0.001,0,-0,-5e-05,0.00014,0.0001,-0.00022,-2e-05,2e-05,1e-05,2e-05,0.01068,0.00292,-0.00694,-0.02229,-0.00068,-0.00032,-0.0001,-0.00084,0.00273,0.0005,-0.00076,-2e-05,0,4e-05
47.14,0.00292,-0.00228,0.00161,-0.00102,0.00035,1e-05,-0.0006,0.0013,-0.00021,0.00113,0,-0,-4e-05,5e-05,0.00024,-0.00025,-3e-05,2e-05,0,3e-05,0.0072,0.00386,-0.00379,-0.0186,-0.00054,-0.00026,-6e-05,-0.00058,0.00199,0.00046,-0.00065,-3e-05,1e-05,0.00011
47.16,0.00364,-0.00238,0.0028,-0.00116,0.00037,2e-05,-0.00065,0.00178,-0.00025,0.00122,1e-05,-0,-4e-05,-2e-05,0.00039,-0.00027,-4e-05,2e-05,0,3e-05,0.00391,0.00308,-0.00141,-0.01314,-0.00036,-0.00019,-2e-05,-0.00042,0.00142,0.00041,-0.00055,-3e-05,1e-05,0.00018
47.18,0.00449,-0.00243,0.00379,-0.00129,0.00038,3e-05,-0.00067,0.00215,-0.00024,0.00128,1e-05,-0,-4e-05,-6e-05,0.00054,-0.00027,-5e-05,2e-05,0,3e-05,0.00139,0.00164,7e-05,-0.00754,-0.00017,-0.00011,3e-05,-0.00032,0.00101,0.00036,-0.00047,-3e-05,1e-05,0.00023
47.2,0.00545,-0.00243,0.00447,-0.00143,0.00039,3e-05,-0.00065,0.00238,-0.00021,0.0013,1e-05,-0,-3e-05,-7e-05,0.00066,-0.00025,-5e-05,1e-05,-0,4e-05,0,0,0.00062,-0.00278,1e-05,-5e-05,7e-05,-0.00027,0.00073,0.00031,-0.00042,-3e-05,1e-05,0.00027
47.22,0.00649,-0.00239,0.00479,-0.00155,0.00039,4e-05,-0.00058,0.00249,-0.00016,0.00128,1e-05,-0,-3e-05,-6e-05,0.00075,-0.00022,-5e-05,0,-1e-05,4e-05,-0.00056,-0.00156,0.00037,0.00048,0.00015,0,0.00011,-0.00024,0.00054,0.00024,-0.00038,-2e-05,1e-05,0.0003
47.24,0.00753,-0.00236,0.00475,-0.00166,0.00037,5e-05,-0.00047,0.00247,-0.00012,0.00122,1e-05,-0,-2e-05,-3e-05,0.00079,-0.00018,-4e-05,-0,-1e-05,4e-05,-0.00058,-0.00243,-9e-05,0.00159,0.00021,3e-05,0.00012,-0.00023,0.00042,0.00019,-0.00036,-1e-05,1e-05,0.00031
47.26,0.00854,-0.00238,0.00438,-0.00173,0.00034,5e-05,-0.00035,0.00231,-8e-05,0.00113,1e-05,0,-1e-05,1e-05,0.00078,-0.00014,-3e-05,-0,-1e-05,4e-05,-0.00028,-0.00268,-0.00037,0.00106,0.00019,2e-05,0.00011,-0.00022,0.00034,0.00016,-0.00035,1e-05,1e-05,0.00031
47.28,0.0095,-0.00236,0.00381,-0.00177,0.0003,5e-05,-0.00021,0.00207,-5e-05,0.001,1e-05,0,-1e-05,5e-05,0.00073,-0.0001,-2e-05,-1e-05,-1e-05,4e-05,-0.00011,-0.0031,-0.00078,0.00061,0.00016,2e-05,9e-05,-0.00023,0.00027,0.00013,-0.00032,3e-05,1e-05,0.0003
47.3,0.01037,-0.00224,0.00312,-0.00179,0.00025,5e-05,-9e-05,0.00178,-2e-05,0.00085,1e-05,0,-1e-05,0.0001,0.00065,-7e-05,-1e-05,-1e-05,-1e-05,3e-05,0,-0.00353,-0.00117,0.00023,0.00012,2e-05,6e-05,-0.00025,0.00021,0.00011,-0.00028,6e-05,1e-05,0.00028
47.32,0.01109,-0.00199,0.00241,-0.00179,0.0002,4e-05,1e-05,0.00146,-1e-05,0.00068,1e-05,1e-05,-0,0.00014,0.00056,-4e-05,-0,-0,-1e-05,3e-05,8e-05,-0.00382,-0.00145,-8e-05,9e-05,2e-05,3e-05,-0.00027,0.00013,0.00013,-0.00021,9e-05,2e-05,0.00025
47.34,0.01164,-0.00158,0.00176,-0.00175,0.00011,3e-05,9e-05,0.00114,-0,0.00049,1e-05,1e-05,-0,0.00018,0.00047,-2e-05,0,-0,-1e-05,2e-05,0.00013,-0.00402,-0.0015,-0.00037,7e-05,2e-05,-0,-0.00027,5e-05,0.00018,-0.0001,0.00013,2e-05,0.00022
47.36,0.01204,-0.00107,0.00121,-0.00169,3e-05,2e-05,0.00018,0.00083,0,0.0003,1e-05,1e-05,-0,0.00021,0.00038,-1e-05,1e-05,-0,-1e-05,2e-05,0.00017,-0.00416,-0.0013,-0.00068,6e-05,3e-05,-4e-05,-0.00024,-5e-05,0.00024,2e-05,0.00017,2e-05,0.00021
47.38,0.01228,-0.00055,0.00076,-0.00161,-0,1e-05,0.00028,0.00055,1e-05,0.00011,1e-05,1e-05,-0,0.00022,0.00031,0,1e-05,0,-0,1e-05,0.00021,-0.00418,-0.00089,-0.00106,6e-05,5e-05,-8e-05,-0.00013,-0.00022,0.00032,0.00013,0.00022,2e-05,0.00021
47.4,0.01232,-0.00014,0.00038,-0.00153,1e-05,0,0.00038,0.00027,1e-05,-7e-05,1e-05,2e-05,-0,0.00022,0.00023,1e-05,1e-05,1e-05,0,1e-05,-0.00014,-0.00458,-0.00043,0.00071,4e-05,2e-05,-0.00011,8e-05,-0.00049,0.00042,0.00023,0.00027,2e-05,0.00022
47.42,0.0121,5e-05,7e-05,-0.00144,6e-05,-0,0.00049,1e-05,1e-05,-0.00025,2e-05,2e-05,0,0.0002,0.00015,1e-05,0,1e-05,1e-05,0,-0.00088,-0.00553,0.0001,0.00523,1e-05,-5e-05,-0.00012,0.00043,-0.00093,0.00052,0.00035,0.00032,3e-05,0.00025
47.44,0.01163,-5e-05,-0.00016,-0.00133,0.00014,-1e-05,0.00061,-0.0002,-0,-0.0004,2e-05,2e-05,0,0.00016,8e-05,1e-05,-0,2e-05,2e-05,-0,-0.00176,-0.00674,0.00073,0.01128,-2e-05,-0.00014,-0.00011,0.00094,-0.00158,0.00061,0.00051,0.00037,3e-05,0.00028
47.46,0.01094,-0.00046,-0.00032,-0.00121,0.00021,-1e-05,0.00073,-0.00037,-1e-05,-0.00054,2e-05,2e-05,0,0.0001,3e-05,1e-05,-1e-05,3e-05,2e-05,-1e-05,-0.00259,-0.00849,0.00148,0.01818,2e-05,-0.00022,-8e-05,0.00157,-0.00244,0.00069,0.00071,0.00041,3e-05,0.00031
47.48,0.01006,-0.00118,-0.00041,-0.00109,0.00029,-1e-05,0.00084,-0.00049,-3e-05,-0.00064,2e-05,2e-05,0,2e-05,-0,0,-1e-05,4e-05,3e-05,-1e-05,-0.00314,-0.01083,0.00235,0.02467,0.00021,-0.00023,-3e-05,0.00224,-0.0035,0.00073,0.00091,0.00044,3e-05,0.00034
47.5,0.00913,-0.00207,-0.00044,-0.00096,0.00034,-1e-05,0.00094,-0.00056,-6e-05,-0.0007,1e-05,1e-05,-0,-9e-05,-2e-05,-0,-1e-05,6e-05,4e-05,-1e-05,-0.00322,-0.01368,0.0034,0.02964,0.00063,-0.00012,4e-05,0.00285,-0.00441,0.00069,0.00131,0.00046,3e-05,0.00037
47.52,0.00827,-0.00291,-0.00042,-0.00083,0.00035,-1e-05,0.00101,-0.00057,-8e-05,-0.00072,1e-05,1e-05,-0,-0.00021,-1e-05,-1e-05,-1e-05,7e-05,4e-05,-2e-05,-0.00277,-0.01664,0.0047,0.03256,0.00126,0.00011,0.0001,0.00328,-0.00455,0.00055,0.00224,0.00047,2e-05,0.00039
47.54,0.00751,-0.0036,-0.00036,-0.00072,0.00034,-1e-05,0.00106,-0.00053,-0.0001,-0.00071,1e-05,0,-1e-05,-0.00034,1e-05,-2e-05,-0,8e-05,5e-05,-2e-05,-0.00188,-0.01924,0.00607,0.03276,0.00203,0.00043,0.00015,0.00335,-0.00381,0.00032,0.0034,0.00046,2e-05,0.00039
47.56,0.00688,-0.00411,-0.00026,-0.00063,0.0003,-2e-05,0.00108,-0.00043,-0.00012,-0.00066,0,-0,-1e-05,-0.00046,4e-05,-2e-05,0,8e-05,5e-05,-2e-05,-0.00081,-0.02133,0.00731,0.03019,0.00282,0.00076,0.00019,0.00297,-0.00242,9e-05,0.00438,0.00043,2e-05,0.00036
47.58,0.00641,-0.00434,-0.00015,-0.00056,0.00024,-2e-05,0.00109,-0.00031,-0.00013,-0.00059,-0,-1e-05,-2e-05,-0.00056,7e-05,-2e-05,1e-05,8e-05,5e-05,-1e-05,0.00021,-0.02261,0.0083,0.02545,0.00351,0.00105,0.0002,0.00224,-0.00047,0,0.00512,0.00038,2e-05,0.00029
47.6,0.0061,-0.00427,-5e-05,-0.00051,0.00016,-2e-05,0.00107,-0.00019,-0.00013,-0.0005,-1e-05,-1e-05,-2e-05,-0.00065,9e-05,-1e-05,1e-05,7e-05,5e-05,-1e-05,0.00099,-0.02286,0.00904,0.01989,0.00402,0.00127,0.00021,0.00146,0.00156,0.00023,0.00534,0.00033,2e-05,0.00018
47.62,0.00591,-0.00395,-0,-0.00048,8e-05,-2e-05,0.00103,-8e-05,-0.00013,-0.00039,-1e-05,-2e-05,-2e-05,-0.00069,9e-05,-1e-05,1e-05,5e-05,4e-05,-1e-05,0.00152,-0.02194,0.00962,0.01463,0.00428,0.00144,0.00023,0.00094,0.00314,0.00092,0.00491,0.00028,2e-05,1e-05
47.64,0.00584,-0.00344,1e-05,-0.00047,0,-2e-05,0.00098,1e-05,-0.00012,-0.00027,-1e-05,-2e-05,-2e-05,-0.0007,8e-05,-0,1e-05,4e-05,4e-05,-0,0.0018,-0.02,0.00999,0.00975,0.00432,0.00155,0.00025,0.00073,0.00398,0.00209,0.0041,0.00024,2e-05,-0.0002
47.66,0.0059,-0.0028,-3e-05,-0.00047,-7e-05,-2e-05,0.00091,7e-05,-0.0001,-0.00016,-1e-05,-2e-05,-2e-05,-0.00066,4e-05,1e-05,1e-05,2e-05,3e-05,-0,0.00183,-0.01742,0.0101,0.00539,0.00416,0.00163,0.00027,0.00073,0.00395,0.0036,0.00314,0.00023,3e-05,-0.00043
47.68,0.00604,-0.00208,-9e-05,-0.00048,-0.00013,-2e-05,0.00084,0.0001,-7e-05,-5e-05,-1e-05,-2e-05,-2e-05,-0.00059,-3e-05,1e-05,0,1e-05,2e-05,0,0.00164,-0.0145,0.01008,0.00184,0.00382,0.0017,0.00029,0.00085,0.00314,0.00525,0.00217,0.00024,4e-05,-0.00069
47.7,0.00619,-0.00135,-0.00018,-0.0005,-0.00017,-2e-05,0.00077,0.00011,-5e-05,4e-05,-1e-05,-1e-05,-2e-05,-0.00048,-0.0001,1e-05,-0,-1e-05,0,0,0.00139,-0.01119,0.00985,-0.00086,0.00334,0.00178,0.00033,0.00098,0.00165,0.00658,0.00128,0.00027,5e-05,-0.00092
47.72,0.00629,-0.00066,-0.00025,-0.00052,-0.00019,-2e-05,0.00068,9e-05,-3e-05,0.00012,-1e-05,-1e-05,-1e-05,-0.00037,-0.00018,1e-05,-1e-05,-1e-05,-1e-05,1e-05,0.00123,-0.00767,0.00933,-0.00284,0.00275,0.00189,0.00041,0.00088,-2e-05,0.00702,0.00062,0.00032,5e-05,-0.00104
47.74,0.00631,2e-05,-0.00028,-0.00053,-0.00018,-2e-05,0.0006,6e-05,-1e-05,0.00016,-1e-05,-1e-05,-1e-05,-0.00026,-0.00024,0,-1e-05,-1e-05,-1e-05,1e-05,0.00111,-0.00452,0.00872,-0.00426,0.00208,0.00204,0.00052,0.00039,-0.00126,0.00657,0.00023,0.00038,4e-05,-0.00104
47.76,0.00626,0.00067,-0.00023,-0.00053,-0.00015,-2e-05,0.00051,2e-05,0,0.00018,-1e-05,-1e-05,-1e-05,-0.00015,-0.00028,-1e-05,-1e-05,-1e-05,-2e-05,1e-05,0.00096,-0.00194,0.00819,-0.00521,0.00137,0.00223,0.00064,-0.00037,-0.00192,0.00555,-1e-05,0.00044,3e-05,-0.001
47.78,0.0061,0.00127,-9e-05,-0.00051,-0.0001,-2e-05,0.00042,-0,1e-05,0.00016,-1e-05,-1e-05,-1e-05,-6e-05,-0.00029,-2e-05,-0,-1e-05,-2e-05,1e-05,0.00085,0.00014,0.00772,-0.00586,0.00064,0.00244,0.00077,-0.00118,-0.00205,0.00412,-0.00024,0.0005,2e-05,-0.00091
47.8,0.00586,0.00181,0.00013,-0.00046,-3e-05,-2e-05,0.00031,-1e-05,0,0.00012,-1e-05,-1e-05,-0,1e-05,-0.00027,-4e-05,-0,-1e-05,-2e-05,0,0.00069,0.00178,0.00722,-0.00632,-8e-05,0.00264,0.00091,-0.00171,-0.00187,0.0026,-0.00057,0.00054,-0,-0.00078
47.82,0.00557,0.00224,0.00042,-0.00039,7e-05,-1e-05,0.00019,-1e-05,-0,6e-05,-1e-05,-0,-0,5e-05,-0.00022,-5e-05,0,-1e-05,-2e-05,0,0.00034,0.00299,0.0066,-0.00662,-0.00075,0.00273,0.00102,-0.00165,-0.00163,0.0013,-0.00108,0.00057,-2e-05,-0.00065
47.84,0.00518,0.00256,0.00072,-0.00028,0.00016,-0,5e-05,1e-05,-1e-05,-2e-05,-1e-05,-0,-0,6e-05,-0.00014,-7e-05,0,-1e-05,-1e-05,0,-0.00013,0.00381,0.00595,-0.00689,-0.00135,0.00274,0.00111,-0.00099,-0.00148,0.00037,-0.00177,0.00058,-3e-05,-0.00052
47.86,0.00467,0.00278,0.001,-0.00015,0.00026,1e-05,-0.00012,3e-05,-2e-05,-0.00011,-1e-05,-0,0,5e-05,-5e-05,-8e-05,0,-0,-0,-0,-0.00065,0.00435,0.00534,-0.0072,-0.00187,0.00271,0.00116,3e-05,-0.00144,-0.00014,-0.00256,0.00057,-4e-05,-0.00039
47.88,0.00402,0.00288,0.00122,1e-05,0.00035,2e-05,-0.0003,3e-05,-3e-05,-0.0002,-1e-05,-0,0,2e-05,4e-05,-8e-05,-0,-0,0,-0,-0.00123,0.00467,0.00473,-0.0075,-0.00229,0.0026,0.00118,0.00126,-0.00154,-0.00027,-0.00339,0.00054,-4e-05,-0.00027
47.9,0.0033,0.00287,0.00133,0.00019,0.00042,3e-05,-0.00051,1e-05,-2e-05,-0.00029,-1e-05,-0,1e-05,-2e-05,0.00011,-8e-05,-1e-05,0,1e-05,-0,-0.00206,0.00469,0.00405,-0.00773,-0.00261,0.00244,0.00117,0.00229,-0.00175,-0.00019,-0.00411,0.00048,-4e-05,-0.00018
47.92,0.00252,0.00275,0.00134,0.00037,0.00046,4e-05,-0.00071,-2e-05,-2e-05,-0.00037,-1e-05,-0,1e-05,-8e-05,0.00017,-7e-05,-1e-05,1e-05,2e-05,-0,-0.00341,0.00424,0.00317,-0.00781,-0.00284,0.0023,0.00113,0.00283,-0.00195,-9e-05,-0.0046,0.0004,-4e-05,-0.00012
47.94,0.00168,0.00251,0.00125,0.00054,0.00047,4e-05,-0.00091,-7e-05,-1e-05,-0.00043,-0,-0,1e-05,-0.00013,0.0002,-7e-05,-2e-05,1e-05,3e-05,-0,-0.00516,0.00335,0.00213,-0.00765,-0.00297,0.00212,0.00107,0.00299,-0.00206,-2e-05,-0.00488,0.00029,-4e-05,-8e-05
47.96,0.00078,0.00213,0.00109,0.00069,0.00046,4e-05,-0.00111,-0.00015,1e-05,-0.00048,-0,-1e-05,1e-05,-0.0002,0.00019,-5e-05,-2e-05,1e-05,4e-05,0,-0.00707,0.00215,0.00106,-0.0072,-0.00301,0.00186,0.00097,0.00291,-0.00208,1e-05,-0.00501,0.00017,-3e-05,-4e-05
47.98,-0.00011,0.0016,0.0009,0.00082,0.00039,4e-05,-0.00132,-0.00026,4e-05,-0.0005,-0,-1e-05,1e-05,-0.00027,0.00014,-3e-05,-2e-05,1e-05,5e-05,0,-0.0091,0.00067,2e-05,-0.0065,-0.00295,0.00153,0.00085,0.00264,-0.00204,-3e-05,-0.005,3e-05,-2e-05,-1e-05
48,-0.00095,0.00098,0.00072,0.00093,0.00031,3e-05,-0.00153,-0.00037,7e-05,-0.00051,-0,-1e-05,2e-05,-0.00035,8e-05,-1e-05,-2e-05,1e-05,6e-05,0,-0.01143,-0.00115,-0.00099,-0.00555,-0.00281,0.00115,0.00069,0.0022,-0.00185,-0.00015,-0.00483,-0.00011,-1e-05,-0
48.02,-0.00168,0.00039,0.00056,0.00101,0.00025,2e-05,-0.00172,-0.00048,0.00011,-0.00051,-0,-1e-05,2e-05,-0.00045,1e-05,1e-05,-1e-05,1e-05,6e-05,0,-0.01424,-0.00335,-0.0019,-0.00442,-0.00258,0.00073,0.0005,0.00162,-0.00145,-0.00027,-0.00444,-0.00023,0,1e-05
48.04,-0.00228,-0.00021,0.00044,0.00107,0.00018,1e-05,-0.00192,-0.00059,0.00015,-0.0005,-0,-1e-05,2e-05,-0.00056,-7e-05,2e-05,-0,1e-05,7e-05,0,-0.01708,-0.00554,-0.00247,-0.00334,-0.00227,0.00024,0.00027,0.00109,-0.00095,-0.00035,-0.00396,-0.00031,1e-05,2e-05
48.06,-0.00269,-0.00078,0.00036,0.0011,0.00011,-0,-0.00212,-0.00067,0.00017,-0.00048,-0,-1e-05,3e-05,-0.0007,-0.00013,3e-05,1e-05,2e-05,8e-05,0,-0.01951,-0.00737,-0.00254,-0.00249,-0.00189,-0.00029,-1e-05,0.00069,-0.00048,-0.00039,-0.00348,-0.00035,3e-05,5e-05
48.08,-0.0029,-0.00123,0.00032,0.0011,5e-05,-1e-05,-0.00233,-0.00072,0.00019,-0.00045,0,-1e-05,3e-05,-0.00088,-0.00017,3e-05,2e-05,2e-05,8e-05,-0,-0.02141,-0.00889,-0.00211,-0.00202,-0.00146,-0.00081,-0.00031,0.00038,-5e-05,-0.00038,-0.00299,-0.00036,4e-05,7e-05
48.1,-0.00292,-0.00156,0.00032,0.00107,-1e-05,-2e-05,-0.00255,-0.00074,0.00019,-0.00042,1e-05,-1e-05,3e-05,-0.00109,-0.00019,3e-05,3e-05,2e-05,9e-05,-1e-05,-0.02254,-0.00952,-0.00117,-0.00198,-0.00104,-0.00128,-0.00063,0.00016,0.00027,-0.00035,-0.00256,-0.00034,5e-05,9e-05
48.12,-0.00275,-0.00179,0.00037,0.00103,-7e-05,-3e-05,-0.00275,-0.00074,0.00018,-0.00038,1e-05,-1e-05,3e-05,-0.00132,-0.00019,3e-05,4e-05,3e-05,9e-05,-1e-05,-0.02282,-0.00892,6e-05,-0.0023,-0.00066,-0.00176,-0.00092,-4e-05,0.00042,-0.00036,-0.00222,-0.00029,5e-05,0.0001
48.14,-0.00241,-0.00184,0.00048,0.00096,-0.00011,-3e-05,-0.00294,-0.0007,0.00015,-0.00034,1e-05,-1e-05,4e-05,-0.00155,-0.00016,2e-05,5e-05,3e-05,9e-05,-2e-05,-0.02203,-0.00791,0.00121,-0.00282,-0.00038,-0.00212,-0.00112,-0.00021,0.00045,-0.00038,-0.00192,-0.00023,5e-05,0.00011
48.16,-0.00193,-0.0017,0.00066,0.00088,-0.00014,-3e-05,-0.0031,-0.00064,0.00012,-0.0003,2e-05,-1e-05,4e-05,-0.00177,-0.00011,1e-05,6e-05,3e-05,9e-05,-2e-05,-0.02009,-0.00692,0.00208,-0.00332,-0.00022,-0.00222,-0.00119,-0.00035,0.00042,-0.00037,-0.00163,-0.00015,5e-05,0.0001
48.18,-0.00138,-0.00142,0.00089,0.00078,-0.00016,-3e-05,-0.00322,-0.00055,8e-05,-0.00025,2e-05,-1e-05,4e-05,-0.00197,-3e-05,-0,6e-05,2e-05,9e-05,-2e-05,-0.01732,-0.0059,0.00257,-0.00332,-0.00021,-0.0021,-0.00112,-0.00048,0.00036,-0.00036,-0.00136,-6e-05,3e-05,8e-05
48.2,-0.00076,-0.00104,0.00114,0.00066,-0.00017,-2e-05,-0.00327,-0.00046,5e-05,-0.00019,2e-05,-1e-05,4e-05,-0.00209,7e-05,-1e-05,6e-05,1e-05,8e-05,-3e-05,-0.01335,-0.00492,0.00259,-0.00309,-0.00032,-0.00176,-0.00092,-0.00057,0.00029,-0.00033,-0.00111,3e-05,2e-05,3e-05
48.22,-0.00014,-0.00062,0.00138,0.0005,-0.00018,-2e-05,-0.00323,-0.00036,3e-05,-0.00014,2e-05,-1e-05,4e-05,-0.00208,0.00017,-2e-05,7e-05,0,7e-05,-3e-05,-0.0086,-0.00399,0.00221,-0.0033,-0.00048,-0.00128,-0.00063,-0.00059,0.00022,-0.00028,-0.00086,0.00011,-0,-2e-05
48.24,0.00042,-0.00019,0.0016,0.00034,-0.00019,-2e-05,-0.00306,-0.00026,2e-05,-9e-05,2e-05,-1e-05,4e-05,-0.00192,0.00027,-3e-05,8e-05,-1e-05,6e-05,-3e-05,-0.00456,-0.00317,0.00157,-0.00334,-0.0006,-0.00081,-0.00036,-0.00055,0.00017,-0.00021,-0.00063,0.00017,-2e-05,-6e-05
48.26,0.00091,0.00023,0.00179,0.0002,-0.0002,-2e-05,-0.00275,-0.00019,3e-05,-5e-05,2e-05,-1e-05,4e-05,-0.0016,0.00036,-3e-05,0.0001,-1e-05,5e-05,-3e-05,-0.00179,-0.00247,0.00086,-0.00275,-0.00062,-0.00044,-0.00016,-0.00046,0.00015,-0.00014,-0.00043,0.00023,-4e-05,-8e-05
48.28,0.00129,0.00063,0.00196,8e-05,-0.00022,-2e-05,-0.00227,-0.00011,4e-05,-3e-05,2e-05,-1e-05,5e-05,-0.00114,0.00046,-4e-05,0.00014,-2e-05,4e-05,-3e-05,-0.00027,-0.00186,0.00025,-0.00174,-0.00048,-0.00018,-3e-05,-0.00033,0.00015,-8e-05,-0.00026,0.00026,-6e-05,-9e-05
48.3,0.0016,0.00098,0.00213,2e-05,-0.00022,-2e-05,-0.00168,-5e-05,6e-05,-5e-05,2e-05,-1e-05,5e-05,-0.00059,0.00056,-5e-05,0.00019,-2e-05,4e-05,-3e-05,0.00011,-0.00128,-0.0002,-0.00068,-0.0002,-3e-05,0,-0.00019,0.00017,-3e-05,-0.00015,0.00028,-7e-05,-9e-05
48.32,0.00187,0.00122,0.00233,-0,-0.00021,-3e-05,-0.00101,0,9e-05,-0.00012,2e-05,-0,5e-05,-0,0.00068,-7e-05,0.00026,-2e-05,4e-05,-3e-05,-0.00042,-0.00065,-0.00046,0.00035,0.0002,1e-05,-2e-05,-6e-05,0.0002,-1e-05,-0.0001,0.00028,-8e-05,-8e-05
48.34,0.00209,0.00136,0.00255,1e-05,-0.00019,-3e-05,-0.00029,6e-05,0.0001,-0.00025,2e-05,-0,6e-05,0.0006,0.00086,-8e-05,0.00034,-1e-05,4e-05,-4e-05,-0.00146,2e-05,-0.00054,0.00142,0.00063,-3e-05,-7e-05,7e-05,0.00023,0,-8e-05,0.00027,-8e-05,-6e-05
48.36,0.00226,0.00139,0.00277,3e-05,-0.00016,-4e-05,0.00042,0.00015,0.0001,-0.00044,3e-05,-0,6e-05,0.00112,0.0011,-0.0001,0.0004,-1e-05,4e-05,-4e-05,-0.00246,0.00046,-0.00043,0.00184,0.00092,-9e-05,-0.00011,0.00018,0.00028,1e-05,-6e-05,0.00025,-8e-05,-4e-05
48.38,0.00237,0.00132,0.00296,8e-05,-0.00012,-4e-05,0.00104,0.00024,9e-05,-0.00066,3e-05,0,7e-05,0.00148,0.00136,-0.00012,0.00043,1e-05,5e-05,-4e-05,-0.00336,0.00071,-0.00024,0.00164,0.00104,-0.00013,-0.00013,0.00028,0.00034,0,-4e-05,0.00022,-8e-05,-2e-05
48.4,0.00251,0.00117,0.00312,9e-05,-9e-05,-4e-05,0.00152,0.00039,5e-05,-0.00091,4e-05,0,8e-05,0.00163,0.00167,-0.00013,0.00041,2e-05,5e-05,-4e-05,-0.0042,0.00091,-5e-05,0.00141,0.00115,-0.00016,-0.00013,0.00034,0.0004,-2e-05,-3e-05,0.00018,-8e-05,1e-05
48.42,0.00277,0.00099,0.00323,-3e-05,-8e-05,-4e-05,0.00185,0.00071,-2e-05,-0.00115,5e-05,0,9e-05,0.00162,0.00207,-0.00016,0.00041,5e-05,5e-05,-4e-05,-0.00469,0.00101,0.00012,0.00117,0.00124,-0.00018,-9e-05,0.00035,0.00045,-3e-05,-1e-05,0.00013,-7e-05,5e-05
48.44,0.00305,0.00078,0.00323,-0.00026,-8e-05,-4e-05,0.00199,0.0011,-8e-05,-0.00135,5e-05,1e-05,9e-05,0.00148,0.00242,-0.00018,0.0004,8e-05,5e-05,-4e-05,-0.00485,0.00092,0.00025,0.00091,0.00128,-0.00018,-3e-05,0.0003,0.00047,-4e-05,1e-05,8e-05,-5e-05,9e-05
48.46,0.00322,0.00054,0.00308,-0.0005,-8e-05,-4e-05,0.00196,0.00143,-0.00012,-0.00149,6e-05,1e-05,0.0001,0.00122,0.00258,-0.00018,0.00037,0.00011,4e-05,-3e-05,-0.00476,0.0006,0.0003,0.00062,0.00126,-0.00016,2e-05,0.00021,0.00045,-5e-05,4e-05,2e-05,-4e-05,0.00013
48.48,0.00325,0.0003,0.00279,-0.00074,-8e-05,-4e-05,0.00182,0.0017,-0.00013,-0.00157,6e-05,1e-05,0.0001,0.00097,0.00255,-0.00014,0.00034,0.00014,3e-05,-3e-05,-0.00437,7e-05,0.00026,0.0003,0.00118,-0.00014,6e-05,4e-05,0.0004,-6e-05,9e-05,-4e-05,-2e-05,0.00017
48.5,0.00311,0.00012,0.00237,-0.00098,-8e-05,-3e-05,0.00161,0.00186,-0.00011,-0.00158,6e-05,0,9e-05,0.00076,0.00235,-8e-05,0.00034,0.00015,3e-05,-2e-05,-0.00367,-0.00063,0.00014,-8e-05,0.00105,-0.0001,8e-05,-0.0002,0.00031,-3e-05,0.00017,-0.00011,-1e-05,0.00019
48.52,0.00279,1e-05,0.00186,-0.00118,-9e-05,-2e-05,0.00134,0.0019,-6e-05,-0.00152,6e-05,0,9e-05,0.00058,0.00203,2e-05,0.00036,0.00016,2e-05,-2e-05,-0.0027,-0.00135,-7e-05,-0.00052,0.00085,-3e-05,7e-05,-0.00046,0.0002,6e-05,0.0003,-0.00018,-0,0.0002
48.54,0.00222,-3e-05,0.00133,-0.00127,-0.0001,-1e-05,0.00109,0.00184,1e-05,-0.00142,6e-05,0,8e-05,0.00054,0.00169,0.00012,0.00042,0.00016,1e-05,-1e-05,-0.00169,-0.00195,-0.0003,-0.00099,0.00062,0,2e-05,-0.00075,8e-05,0.0002,0.0005,-0.00025,1e-05,0.0002
48.56,0.00144,-3e-05,0.00084,-0.00129,-0.0001,-1e-05,0.00092,0.00172,7e-05,-0.00128,6e-05,0,8e-05,0.00068,0.00138,0.0002,0.0005,0.00015,1e-05,-1e-05,-0.00081,-0.00236,-0.00053,-0.00148,0.00041,0,-4e-05,-0.00107,0,0.00036,0.00077,-0.00031,1e-05,0.00018
48.58,0.00051,-1e-05,0.0004,-0.00123,-0.00011,0,0.00081,0.00158,0.00013,-0.00112,6e-05,-0,7e-05,0.00095,0.00114,0.00024,0.0006,0.00014,0,-1e-05,-8e-05,-0.00253,-0.00071,-0.00196,0.00019,-7e-05,-0.00015,-0.00144,-2e-05,0.00052,0.00111,-0.00038,1e-05,0.00015
48.6,-0.0004,-0,4e-05,-0.0011,-0.00012,1e-05,0.00076,0.00136,0.00017,-0.00095,6e-05,-0,7e-05,0.00128,0.00094,0.00026,0.00066,0.00012,0,-1e-05,0.00032,-0.00241,-0.00081,-0.00234,-2e-05,-0.00013,-0.00025,-0.00174,2e-05,0.00067,0.00156,-0.00043,1e-05,9e-05
48.62,-0.00126,-3e-05,-0.00024,-0.00094,-0.00012,1e-05,0.00073,0.00107,0.00019,-0.00079,7e-05,-0,7e-05,0.00158,0.00073,0.00024,0.00065,8e-05,-0,-1e-05,0.00033,-0.00199,-0.00077,-0.00248,-0.00021,0.00011,-0.00021,-0.00186,0.00012,0.00078,0.00213,-0.00047,0,1e-05
48.64,-0.00201,-7e-05,-0.00044,-0.00075,-0.00012,1e-05,0.00071,0.00078,0.00019,-0.00063,6e-05,-0,6e-05,0.00183,0.00055,0.00021,0.00063,6e-05,-0,-1e-05,0.00018,-0.00132,-0.00064,-0.00238,-0.00038,0.0005,-4e-05,-0.00187,0.00027,0.00078,0.00279,-0.0005,-0,-8e-05
48.66,-0.00252,-9e-05,-0.00057,-0.00054,-0.00014,1e-05,0.00069,0.00053,0.00017,-0.00048,6e-05,-0,6e-05,0.00199,0.00043,0.00016,0.0006,4e-05,-0,-0,7e-05,-0.00052,-0.00047,-0.00218,-0.00053,0.00083,0.00016,-0.00184,0.00042,0.00065,0.00348,-0.00052,-1e-05,-0.00017
48.68,-0.00276,-8e-05,-0.00064,-0.00033,-0.00016,1e-05,0.00063,0.0003,0.00015,-0.00033,5e-05,-0,5e-05,0.00201,0.00033,0.0001,0.00056,2e-05,-0,-0,1e-05,0.00033,-0.00029,-0.00191,-0.00065,0.00114,0.00039,-0.00167,0.00057,0.00039,0.00415,-0.00053,-1e-05,-0.00029
48.7,-0.00275,-3e-05,-0.00065,-0.00014,-0.00014,0,0.0005,0.0001,0.00012,-0.0002,3e-05,-0,4e-05,0.00186,0.00025,5e-05,0.0005,1e-05,-0,-0,-3e-05,0.00108,-0.00014,-0.00166,-0.00074,0.00125,0.00062,-0.00139,0.00067,1e-05,0.00471,-0.00053,-2e-05,-0.00039
48.72,-0.00267,7e-05,-0.00058,2e-05,-0.00011,0,0.00031,-7e-05,0.0001,-8e-05,2e-05,-0,3e-05,0.00154,0.00018,0,0.00043,1e-05,-0,-0,-6e-05,0.00164,-7e-05,-0.00148,-0.00078,0.001,0.00078,-0.00098,0.00067,-0.00038,0.00508,-0.00052,-1e-05,-0.0004
48.74,-0.00253,0.00019,-0.00047,0.00013,-8e-05,-0,9e-05,-0.00018,8e-05,2e-05,0,-0,2e-05,0.00115,0.0001,-2e-05,0.00035,-0,-0,-0,-5e-05,0.00196,-4e-05,-0.00134,-0.00077,0.00069,0.0009,-0.00038,0.00059,-0.00067,0.00518,-0.0005,1e-05,-0.00033
48.76,-0.00231,0.0003,-0.00035,0.0002,-5e-05,-0,-0.00015,-0.00024,6e-05,0.0001,-0,-0,1e-05,0.00073,1e-05,-3e-05,0.00027,-0,-0,0,-2e-05,0.00206,-3e-05,-0.0012,-0.00073,0.00044,0.00099,0.00034,0.00042,-0.00086,0.00492,-0.00048,3e-05,-0.00024
48.78,-0.00211,0.00036,-0.00022,0.00024,-1e-05,-0,-0.00038,-0.00026,5e-05,0.00015,-1e-05,-0,0,0.00031,-9e-05,-2e-05,0.00019,-1e-05,-0,0,0,0.00195,-2e-05,-0.00106,-0.00066,0.00024,0.00104,0.00102,0.00017,-0.00101,0.00427,-0.00045,5e-05,-0.00013
48.8,-0.00189,0.00034,-0.0001,0.00026,2e-05,-0,-0.0006,-0.00024,4e-05,0.00019,-1e-05,-0,-0,-8e-05,-0.0002,-1e-05,0.00011,-1e-05,-0,0,-0,0.00165,-3e-05,-0.0009,-0.00057,9e-05,0.00102,0.00135,-8e-05,-0.00111,0.00337,-0.00041,7e-05,5e-05
48.82,-0.0016,0.00023,-2e-05,0.00026,5e-05,0,-0.00082,-0.00019,3e-05,0.00022,-1e-05,-0,-0,-0.00044,-0.0003,0,4e-05,-1e-05,0,0,-1e-05,0.00119,-5e-05,-0.00069,-0.00047,-1e-05,0.00092,0.0011,-0.00017,-0.00111,0.00246,-0.00036,9e-05,0.00034
48.84,-0.00136,0,0,0.00026,7e-05,0,-0.00104,-0.00012,1e-05,0.00025,-1e-05,-0,-1e-05,-0.00076,-0.0004,2e-05,-1e-05,-1e-05,0,0,-1e-05,0.00067,-8e-05,-0.00041,-0.00035,-7e-05,0.00079,0.00024,-9e-05,-0.00126,0.0016,-0.00029,0.00012,0.00066
48.86,-0.00122,-0.00037,-3e-05,0.00027,0.0001,1e-05,-0.00124,-4e-05,-1e-05,0.00028,-1e-05,-0,-1e-05,-0.00103,-0.0005,3e-05,-5e-05,-1e-05,1e-05,1e-05,3e-05,0.00015,-0.00012,-5e-05,-0.00024,-9e-05,0.00068,-0.00116,7e-05,-0.00168,0.00088,-0.00022,0.00013,0.00089
48.88,-0.00117,-0.0009,-0.00014,0.00028,0.00013,1e-05,-0.00142,3e-05,-3e-05,0.00031,-1e-05,-0,-1e-05,-0.00124,-0.0006,4e-05,-7e-05,-1e-05,1e-05,1e-05,0.0001,-0.00036,-0.00018,0.00038,-0.00012,-8e-05,0.00057,-0.00283,0.0002,-0.00219,0.00044,-0.00013,0.00015,0.00107
48.9,-0.0012,-0.00155,-0.00029,0.00031,0.00016,2e-05,-0.00158,9e-05,-6e-05,0.00036,-1e-05,-0,-2e-05,-0.00141,-0.00068,5e-05,-8e-05,-1e-05,2e-05,1e-05,0.00021,-0.00083,-0.00023,0.00085,-1e-05,-5e-05,0.00048,-0.00433,0.00014,-0.00249,0.00022,-6e-05,0.00015,0.00106
48.92,-0.00133,-0.00226,-0.00047,0.00033,0.00018,2e-05,-0.00169,0.00013,-7e-05,0.00042,-1e-05,-0,-2e-05,-0.00151,-0.00074,5e-05,-7e-05,-1e-05,2e-05,1e-05,0.00037,-0.00126,-0.00024,0.00138,9e-05,-1e-05,0.0004,-0.00524,-0.00012,-0.0023,0.0001,1e-05,0.00013,0.0008
48.94,-0.00156,-0.00297,-0.00064,0.00035,0.00021,2e-05,-0.00176,0.00014,-9e-05,0.00049,-2e-05,-0,-3e-05,-0.00155,-0.00078,5e-05,-6e-05,-1e-05,2e-05,1e-05,0.00056,-0.00163,-0.00023,0.00197,0.00018,3e-05,0.00033,-0.00553,-0.00039,-0.00172,2e-05,7e-05,0.0001,0.00051
48.96,-0.00194,-0.00363,-0.00077,0.00038,0.00024,2e-05,-0.00177,0.00013,-0.0001,0.00058,-2e-05,-0,-3e-05,-0.00154,-0.00079,4e-05,-3e-05,-1e-05,3e-05,1e-05,0.00074,-0.00191,-0.00025,0.00255,0.00024,7e-05,0.00027,-0.00534,-0.00046,-0.00099,-0.00011,0.00011,7e-05,0.00027
48.98,-0.00245,-0.0042,-0.00082,0.00041,0.00027,2e-05,-0.00175,9e-05,-9e-05,0.00066,-2e-05,-0,-3e-05,-0.00148,-0.00078,3e-05,0,-1e-05,3e-05,1e-05,0.00085,-0.00206,-0.00029,0.00309,0.00028,0.00011,0.00023,-0.0047,-0.00019,-0.00033,-0.00034,0.00012,4e-05,7e-05
49,-0.00311,-0.00448,-0.0008,0.00044,0.0003,2e-05,-0.00167,4e-05,-9e-05,0.00075,-2e-05,-1e-05,-3e-05,-0.00141,-0.00075,3e-05,3e-05,-0,4e-05,1e-05,0.00083,-0.00193,-0.00038,0.00366,0.0003,0.00013,0.00018,-0.00407,0.0006,1e-05,-0.00061,0.00012,1e-05,-0.0001
49.02,-0.00398,-0.00426,-0.00074,0.00047,0.00034,3e-05,-0.00155,-3e-05,-8e-05,0.00084,-2e-05,-1e-05,-3e-05,-0.00132,-0.00071,3e-05,6e-05,-0,4e-05,1e-05,0.0006,-0.00128,-0.00058,0.00447,0.00029,0.00015,0.00013,-0.00374,0.00194,9e-05,-0.00069,9e-05,-2e-05,-0.00026
49.04,-0.00501,-0.0037,-0.00063,0.00051,0.00038,3e-05,-0.00139,-0.00011,-8e-05,0.00093,-2e-05,-1e-05,-3e-05,-0.00123,-0.00068,3e-05,8e-05,-0,4e-05,1e-05,7e-05,-0.00025,-0.00084,0.0053,0.00026,0.00016,7e-05,-0.00328,0.00329,9e-05,-0.00063,5e-05,-4e-05,-0.00041
49.06,-0.00609,-0.00294,-0.00048,0.00056,0.00043,3e-05,-0.0012,-0.0002,-8e-05,0.001,-2e-05,-1e-05,-3e-05,-0.00114,-0.00063,3e-05,8e-05,-0,4e-05,1e-05,-0.00072,0.00086,-0.00103,0.00583,0.00022,0.00015,-1e-05,-0.00255,0.00417,8e-05,-0.0006,-1e-05,-7e-05,-0.00056
49.08,-0.00714,-0.00194,-0.00034,0.00061,0.0005,4e-05,-0.001,-0.0003,-7e-05,0.00105,-2e-05,-1e-05,-3e-05,-0.00107,-0.00058,3e-05,7e-05,-0,4e-05,1e-05,-0.00169,0.00183,-0.00097,0.00604,0.00016,0.00013,-0.00012,-0.00174,0.00457,0.00012,-0.00056,-7e-05,-0.0001,-0.00072
49.1,-0.00806,-0.00079,-0.00022,0.00066,0.00056,5e-05,-0.0008,-0.00039,-7e-05,0.0011,-2e-05,-1e-05,-3e-05,-0.001,-0.00052,3e-05,5e-05,-0,4e-05,1e-05,-0.00242,0.00234,-0.00053,0.00571,0.0001,0.00011,-0.00025,-0.00098,0.00438,0.00018,-0.00057,-0.00014,-0.00012,-0.00083
49.12,-0.0087,0.0005,-0.00014,0.00072,0.0006,5e-05,-0.00062,-0.00045,-7e-05,0.00112,-2e-05,-1e-05,-4e-05,-0.00094,-0.00044,3e-05,1e-05,-0,4e-05,1e-05,-0.00248,0.00225,0.00031,0.00481,6e-05,8e-05,-0.00038,-0.00037,0.00365,0.00012,-0.00067,-0.00021,-0.00013,-0.00079
49.14,-0.00898,0.00196,-9e-05,0.00076,0.00059,6e-05,-0.00047,-0.00049,-6e-05,0.00113,-2e-05,-0,-4e-05,-0.00088,-0.00035,2e-05,-4e-05,-0,3e-05,1e-05,-0.0021,0.00176,0.00134,0.00366,3e-05,5e-05,-0.00051,5e-05,0.00282,2e-05,-0.00075,-0.00028,-0.00012,-0.00064
49.16,-0.00886,0.00352,-8e-05,0.0008,0.00058,6e-05,-0.00035,-0.00053,-6e-05,0.00112,-1e-05,-0,-4e-05,-0.00082,-0.00027,1e-05,-0.0001,0,3e-05,1e-05,-0.00154,0.00109,0.0023,0.00244,2e-05,2e-05,-0.00064,0.00029,0.00209,-6e-05,-0.00076,-0.00034,-0.00011,-0.00048
49.18,-0.00841,0.00511,-9e-05,0.00084,0.00057,7e-05,-0.00025,-0.00055,-6e-05,0.0011,-1e-05,-0,-3e-05,-0.00076,-0.0002,-1e-05,-0.00016,0,3e-05,1e-05,-0.00088,0.00043,0.00292,0.00126,4e-05,1e-05,-0.00075,0.00041,0.00148,-0.00016,-0.00074,-0.00039,-9e-05,-0.00028
49.2,-0.00774,0.00656,-0.00012,0.00087,0.00055,7e-05,-0.00019,-0.00057,-7e-05,0.00106,-1e-05,-0,-3e-05,-0.0007,-0.00015,-2e-05,-0.00021,0,2e-05,1e-05,-0.00034,-7e-05,0.00295,0.00017,7e-05,-0,-0.00084,0.00045,0.001,-0.0002,-0.0007,-0.00042,-7e-05,-9e-05
49.22,-0.00697,0.00762,-0.00017,0.0009,0.00054,6e-05,-0.00016,-0.00057,-7e-05,0.001,-1e-05,-0,-3e-05,-0.00064,-0.00011,-3e-05,-0.00026,1e-05,2e-05,1e-05,-3e-05,-0.00031,0.00227,-0.00075,0.00012,-1e-05,-0.00087,0.00045,0.00068,-0.0001,-0.00063,-0.00045,-5e-05,2e-05
49.24,-0.00632,0.00821,-0.00023,0.00095,0.00051,6e-05,-0.00014,-0.00057,-8e-05,0.00093,-1e-05,-0,-3e-05,-0.00058,-9e-05,-4e-05,-0.0003,1e-05,2e-05,1e-05,0.00015,-0.00027,0.00111,-0.00149,0.00018,-2e-05,-0.00086,0.00042,0.00049,8e-05,-0.00058,-0.00045,-4e-05,0.00011
49.26,-0.00591,0.00828,-0.0003,0.00101,0.00047,5e-05,-0.00013,-0.00056,-0.0001,0.00083,-1e-05,-0,-2e-05,-0.00052,-7e-05,-5e-05,-0.00033,1e-05,1e-05,1e-05,0.0003,-2e-05,-0.00023,-0.00213,0.00024,-2e-05,-0.00082,0.00039,0.00041,0.00031,-0.00054,-0.00045,-3e-05,0.00021
49.28,-0.0058,0.00777,-0.00035,0.00108,0.00043,4e-05,-0.00013,-0.00055,-0.00011,0.00073,-1e-05,-0,-2e-05,-0.00048,-4e-05,-5e-05,-0.00036,1e-05,1e-05,1e-05,0.00052,0.00036,-0.00145,-0.00272,0.00028,-3e-05,-0.00076,0.00035,0.0004,0.00061,-0.00053,-0.00043,-2e-05,0.00029
49.3,-0.00598,0.0066,-0.00038,0.00116,0.00036,3e-05,-0.00014,-0.00054,-0.00014,0.00063,-0,-0,-1e-05,-0.00045,-3e-05,-4e-05,-0.00038,1e-05,1e-05,1e-05,0.00097,0.00074,-0.00229,-0.00332,0.00031,-3e-05,-0.00067,0.00032,0.00038,0.00098,-0.00056,-0.00039,-1e-05,0.00038
49.32,-0.00642,0.00473,-0.00039,0.00123,0.00027,2e-05,-0.00015,-0.00054,-0.00016,0.00052,-0,-0,-1e-05,-0.00045,-4e-05,-4e-05,-0.0004,2e-05,1e-05,1e-05,0.0018,0.00105,-0.00255,-0.00396,0.00032,-3e-05,-0.00052,0.00031,0.00034,0.0014,-0.00066,-0.00035,-1e-05,0.00047
49.34,-0.00706,0.00236,-0.00037,0.00131,0.00016,2e-05,-0.00017,-0.00055,-0.00018,0.00042,-0,-0,-1e-05,-0.00049,-5e-05,-4e-05,-0.00041,2e-05,0,1e-05,0.00281,0.00119,-0.00221,-0.00454,0.00029,-3e-05,-0.00037,0.00032,0.00025,0.00183,-0.00084,-0.00031,-0,0.00055
49.36,-0.00778,-0.00023,-0.0003,0.00137,7e-05,1e-05,-0.00021,-0.00055,-0.0002,0.00032,-0,-1e-05,-1e-05,-0.00056,-7e-05,-3e-05,-0.00043,2e-05,-0,1e-05,0.00366,0.00114,-0.00139,-0.00497,0.00023,-2e-05,-0.00023,0.00035,0.00011,0.00218,-0.00109,-0.00025,0,0.00061
49.38,-0.00843,-0.00279,-0.00021,0.00141,-1e-05,0,-0.0003,-0.00054,-0.00021,0.00024,-0,-1e-05,-1e-05,-0.00067,-9e-05,-3e-05,-0.00045,2e-05,-1e-05,1e-05,0.00424,0.00094,-0.00036,-0.00515,0.00014,-1e-05,-0.00011,0.0004,-5e-05,0.00242,-0.00144,-0.00019,1e-05,0.00063
49.4,-0.00896,-0.00503,-0.00011,0.00143,-7e-05,-0,-0.00039,-0.00054,-0.0002,0.00015,-0,-1e-05,-1e-05,-0.0008,-0.00013,-2e-05,-0.00048,2e-05,-1e-05,2e-05,0.00422,0.00069,0.00053,-0.00502,3e-05,-0,-4e-05,0.0005,-0.00019,0.00244,-0.00182,-0.00013,1e-05,0.00061
49.42,-0.00937,-0.00668,-4e-05,0.0014,-0.0001,-1e-05,-0.00045,-0.00054,-0.0002,9e-05,-0,-1e-05,-1e-05,-0.00093,-0.00017,-1e-05,-0.00051,2e-05,-2e-05,2e-05,0.00356,0.00052,0.00125,-0.00457,-0.0001,-0,1e-05,0.00064,-0.0003,0.00219,-0.00213,-7e-05,1e-05,0.00054
49.44,-0.00946,-0.00749,1e-05,0.00133,-0.00012,-1e-05,-0.00049,-0.00054,-0.00018,3e-05,-0,-0,-1e-05,-0.00106,-0.00022,-0,-0.00055,2e-05,-2e-05,2e-05,0.00272,0.00035,0.00181,-0.00396,-0.00022,-1e-05,9e-05,0.00077,-0.00031,0.00164,-0.00232,-0,0,0.00037
49.46,-0.00903,-0.00742,5e-05,0.00121,-0.00012,-1e-05,-0.00053,-0.00053,-0.00015,0,-0,-0,-2e-05,-0.00116,-0.00028,1e-05,-0.00059,2e-05,-3e-05,2e-05,0.00198,0.00015,0.0021,-0.0033,-0.00033,-4e-05,0.00018,0.00086,-0.00023,0.00081,-0.00237,5e-05,0,0.0001
49.48,-0.00817,-0.00663,6e-05,0.00107,-0.00012,-1e-05,-0.00052,-0.00053,-0.00012,-1e-05,-0,-0,-2e-05,-0.00121,-0.00034,3e-05,-0.00064,2e-05,-3e-05,2e-05,0.00139,-4e-05,0.00217,-0.00268,-0.00042,-8e-05,0.00028,0.0009,-3e-05,-0.00026,-0.00225,0.00011,-0,-0.0003
49.5,-0.00685,-0.00537,7e-05,0.00091,-0.00011,-1e-05,-0.00049,-0.00052,-8e-05,-0,-0,0,-2e-05,-0.0012,-0.00039,5e-05,-0.00069,2e-05,-3e-05,2e-05,0.00097,-0.00018,0.00204,-0.0022,-0.00049,-0.00013,0.00036,0.00086,0.00024,-0.00144,-0.00191,0.00015,-1e-05,-0.00079
49.52,-0.00514,-0.00397,8e-05,0.00074,-0.0001,-1e-05,-0.00044,-0.00049,-5e-05,1e-05,-0,0,-2e-05,-0.00112,-0.0004,7e-05,-0.00074,2e-05,-3e-05,2e-05,0.00071,-0.00023,0.00171,-0.00191,-0.00053,-0.00017,0.00042,0.00076,0.00059,-0.0023,-0.00137,0.00019,-0,-0.00108
49.54,-0.00326,-0.00271,8e-05,0.00058,-8e-05,-0,-0.00035,-0.00045,-2e-05,3e-05,-0,0,-2e-05,-0.00095,-0.00039,8e-05,-0.00078,2e-05,-3e-05,2e-05,0.00056,-0.0002,0.00127,-0.00177,-0.00056,-0.00021,0.00047,0.00069,0.00098,-0.00272,-0.00073,0.00022,1e-05,-0.00111
49.56,-0.00136,-0.00172,8e-05,0.00042,-7e-05,-0,-0.00022,-0.0004,1e-05,5e-05,-0,0,-2e-05,-0.00069,-0.00035,9e-05,-0.00081,2e-05,-3e-05,1e-05,0.00049,-0.00011,0.00084,-0.00174,-0.00057,-0.00024,0.0005,0.0007,0.00132,-0.00283,-8e-05,0.00024,2e-05,-0.00106
49.58,0.00049,-0.00104,8e-05,0.00026,-6e-05,0,-7e-05,-0.00034,4e-05,6e-05,-0,1e-05,-2e-05,-0.00036,-0.00028,9e-05,-0.00084,2e-05,-3e-05,1e-05,0.00045,-3e-05,0.00046,-0.00182,-0.00056,-0.00026,0.00052,0.00077,0.00153,-0.00264,0.00047,0.00026,3e-05,-0.0009
49.6,0.00219,-0.00061,8e-05,0.00013,-5e-05,0,7e-05,-0.0003,6e-05,7e-05,0,1e-05,-2e-05,2e-05,-0.0002,9e-05,-0.00085,2e-05,-3e-05,1e-05,0.00045,0,0.00017,-0.00194,-0.00055,-0.00028,0.00054,0.00088,0.00155,-0.00239,0.00084,0.00027,4e-05,-0.00062
49.62,0.00358,-0.00035,8e-05,2e-05,-5e-05,1e-05,0.0002,-0.00026,7e-05,7e-05,0,1e-05,-2e-05,0.00042,-0.00011,9e-05,-0.00088,2e-05,-3e-05,1e-05,0.00054,-1e-05,3e-05,-0.00204,-0.00052,-0.00028,0.00055,0.00099,0.00136,-0.0023,0.0012,0.00027,6e-05,-0.0002
49.64,0.0046,-0.00019,7e-05,-7e-05,-6e-05,1e-05,0.00031,-0.00025,9e-05,8e-05,0,1e-05,-2e-05,0.00083,-3e-05,8e-05,-0.0009,1e-05,-3e-05,1e-05,0.00064,-1e-05,-0,-0.0021,-0.0005,-0.00028,0.00055,0.00103,0.00095,-0.00224,0.00148,0.00028,9e-05,0.00026
49.66,0.00528,-7e-05,6e-05,-0.00013,-8e-05,1e-05,0.0004,-0.00025,0.00011,7e-05,0,0,-2e-05,0.00121,5e-05,8e-05,-0.00093,1e-05,-3e-05,2e-05,0.00062,0,2e-05,-0.00207,-0.00048,-0.00028,0.00054,0.00097,0.00027,-0.00214,0.00151,0.0003,0.00011,0.00067
49.68,0.00564,8e-05,4e-05,-0.00016,-0.0001,1e-05,0.00046,-0.00027,0.00012,7e-05,0,0,-1e-05,0.00156,9e-05,7e-05,-0.00095,2e-05,-4e-05,2e-05,0.00045,5e-05,0.0001,-0.00192,-0.00047,-0.00027,0.00051,0.00077,-0.00074,-0.00206,0.00136,0.00033,0.00013,0.00105
49.7,0.00576,0.00026,2e-05,-0.00017,-0.00012,1e-05,0.00049,-0.00029,0.00012,6e-05,0,0,-1e-05,0.00186,0.0001,6e-05,-0.00097,2e-05,-4e-05,2e-05,0.00013,0.00011,0.00018,-0.00165,-0.00047,-0.00026,0.00048,0.0004,-0.00171,-0.00198,0.00103,0.00036,0.00013,0.0013
49.72,0.00576,0.00047,0,-0.00017,-0.00013,1e-05,0.00049,-0.00031,0.00011,5e-05,0,0,-1e-05,0.0021,8e-05,5e-05,-0.00097,2e-05,-5e-05,2e-05,-0.00027,8e-05,0.00023,-0.00128,-0.0005,-0.00025,0.00044,-0.00016,-0.00206,-0.00188,0.00062,0.0004,0.00012,0.0013
49.74,0.00567,0.00071,-2e-05,-0.00016,-0.00014,2e-05,0.00047,-0.00031,8e-05,4e-05,0,0,-1e-05,0.00229,3e-05,4e-05,-0.00095,2e-05,-5e-05,2e-05,-0.00076,-0.00012,0.00026,-0.00079,-0.00055,-0.00024,0.00039,-0.00094,-0.00195,-0.00185,0.00026,0.00043,0.00011,0.0012
49.76,0.00547,0.00095,-4e-05,-0.00014,-0.00014,2e-05,0.00042,-0.00031,5e-05,3e-05,-0,0,-1e-05,0.0024,-4e-05,3e-05,-0.00093,2e-05,-6e-05,2e-05,-0.00128,-0.00059,0.00026,-0.0002,-0.00063,-0.00023,0.00034,-0.00196,-0.00167,-0.0019,4e-05,0.00043,0.0001,0.00108
49.78,0.00522,0.00118,-6e-05,-0.00012,-0.00012,2e-05,0.00036,-0.00028,2e-05,2e-05,-0,0,-2e-05,0.00247,-0.00012,2e-05,-0.00089,2e-05,-6e-05,2e-05,-0.00167,-0.00141,0.00022,0.00039,-0.00074,-0.00022,0.00029,-0.00321,-0.00113,-0.00208,-3e-05,0.00041,9e-05,0.00094
49.8,0.00489,0.00139,-4e-05,-9e-05,-0.0001,2e-05,0.00027,-0.00024,-0,1e-05,-0,0,-2e-05,0.00248,-0.00019,0,-0.00084,2e-05,-6e-05,2e-05,-0.00175,-0.00254,0.00012,0.00091,-0.00089,-0.00022,0.00025,-0.00451,-0.00069,-0.00216,0,0.00036,7e-05,0.00073
49.82,0.00447,0.00161,1e-05,-7e-05,-8e-05,2e-05,0.00018,-0.00019,-2e-05,-1e-05,-0,0,-2e-05,0.00244,-0.00025,-1e-05,-0.00076,2e-05,-7e-05,1e-05,-0.00131,-0.00374,-5e-05,0.00137,-0.00107,-0.00022,0.0002,-0.00549,-0.00053,-0.00183,5e-05,0.00028,5e-05,0.00049
49.84,0.00403,0.0018,0.0001,-5e-05,-7e-05,2e-05,8e-05,-0.00014,-1e-05,-2e-05,-0,-0,-2e-05,0.00237,-0.00029,-1e-05,-0.00068,2e-05,-7e-05,1e-05,-0.00021,-0.00484,-0.00029,0.00179,-0.00128,-0.00023,0.00015,-0.00603,-0.00039,-0.00128,2e-05,0.00017,4e-05,0.00026
49.86,0.00362,0.00192,0.00026,-3e-05,-5e-05,2e-05,-2e-05,-7e-05,2e-05,-4e-05,-1e-05,-0,-3e-05,0.00228,-0.0003,-2e-05,-0.00058,1e-05,-7e-05,1e-05,0.00153,-0.00577,-0.00061,0.0021,-0.00148,-0.00023,0.0001,-0.00617,1e-05,-0.00072,-0.00017,5e-05,2e-05,7e-05
49.88,0.00324,0.00194,0.00045,-2e-05,-4e-05,2e-05,-0.0001,-1e-05,7e-05,-4e-05,-1e-05,-0,-3e-05,0.00219,-0.00028,-2e-05,-0.00048,0,-7e-05,0,0.00366,-0.00635,-0.00099,0.00233,-0.0017,-0.00024,4e-05,-0.00589,0.00079,-0.00017,-0.0005,-8e-05,-0,-7e-05
49.9,0.00289,0.00189,0.00065,-1e-05,-3e-05,1e-05,-0.00018,5e-05,0.00015,-4e-05,-1e-05,-0,-4e-05,0.00209,-0.00023,-1e-05,-0.00038,-0,-7e-05,-0,0.00582,-0.00611,-0.00136,0.00276,-0.00182,-0.00024,-3e-05,-0.00536,0.00212,0.00021,-0.0009,-0.00019,-2e-05,-0.00019
49.92,0.00255,0.00189,0.0008,-1e-05,-3e-05,1e-05,-0.00025,0.00011,0.00023,-2e-05,-1e-05,-0,-4e-05,0.00198,-0.00017,-0,-0.0003,-1e-05,-6e-05,-0,0.008,-0.00472,-0.00159,0.00372,-0.00171,-0.00021,-0.00012,-0.00481,0.00436,0.00039,-0.00122,-0.00026,-2e-05,-0.00026
49.94,0.00214,0.00188,0.00091,-1e-05,-3e-05,1e-05,-0.0003,0.00015,0.00031,3e-05,-1e-05,-0,-4e-05,0.00187,-0.0001,1e-05,-0.00023,-1e-05,-5e-05,-1e-05,0.00985,-0.00286,-0.00165,0.00461,-0.00146,-0.00017,-0.00022,-0.0042,0.00693,0.00041,-0.00142,-0.00029,-3e-05,-0.0003
49.96,0.0016,0.00177,0.00097,-0,-3e-05,0,-0.00035,0.00021,0.00037,0.0001,-1e-05,-0,-5e-05,0.00176,-3e-05,1e-05,-0.00017,-1e-05,-4e-05,-1e-05,0.01073,-0.00112,-0.00151,0.00513,-0.00118,-0.00013,-0.00032,-0.00354,0.00891,0.00035,-0.00156,-0.00028,-3e-05,-0.00032
49.98,0.00089,0.00166,0.00098,1e-05,-3e-05,0,-0.0004,0.00026,0.00041,0.0002,-1e-05,-0,-5e-05,0.00167,1e-05,1e-05,-0.00011,-1e-05,-3e-05,-1e-05,0.01025,0.00029,-0.00113,0.00537,-0.00085,-8e-05,-0.00042,-0.00286,0.01014,0.00026,-0.0016,-0.00023,-2e-05,-0.00032
50,7e-05,0.00136,0.00095,2e-05,-2e-05,-0,-0.00044,0.00031,0.00041,0.00032,-1e-05,-0,-5e-05,0.00158,5e-05,1e-05,-6e-05,-1e-05,-2e-05,-1e-05,0.00961,0.00077,-0.00056,0.0049,-0.00057,-5e-05,-0.00047,-0.0022,0.01032,0.00019,-0.00161,-0.00016,-1e-05,-0.0003
50.02,-0.00079,0.00056,0.00095,4e-05,1e-05,-0,-0.00044,0.00038,0.00039,0.00045,-1e-05,-0,-5e-05,0.00149,9e-05,1e-05,-3e-05,-0,-1e-05,-0,0.01043,0.0002,-2e-05,0.00376,-0.00038,-3e-05,-0.00043,-0.00161,0.0094,0.00014,-0.00164,-7e-05,-0,-0.00028
50.04,-0.00159,-0.00041,0.00095,5e-05,3e-05,-0,-0.00042,0.00044,0.00034,0.00056,-1e-05,-0,-4e-05,0.00143,0.00011,0,0,-0,0,-0,0.01139,-0.00088,0.00046,0.00268,-0.00018,-2e-05,-0.00033,-0.00116,0.00793,0.00011,-0.00164,2e-05,1e-05,-0.00024
50.06,-0.0022,-0.0012,0.00094,5e-05,6e-05,-0,-0.00039,0.00048,0.00026,0.00066,-0,-1e-05,-4e-05,0.0014,0.0001,-1e-05,2e-05,0,1e-05,0,0.01143,-0.00223,0.00086,0.00189,2e-05,-1e-05,-0.0002,-0.00087,0.00632,0.0001,-0.00157,0.00013,3e-05,-0.0002
50.08,-0.00258,-0.00181,0.0009,4e-05,9e-05,0,-0.00033,0.0005,0.00016,0.00074,-0,-1e-05,-3e-05,0.0014,8e-05,-1e-05,3e-05,0,1e-05,0,0.01109,-0.00365,0.00115,0.00124,0.00021,0,-7e-05,-0.00077,0.00474,8e-05,-0.00146,0.00023,4e-05,-0.00016
50.1,-0.00269,-0.0022,0.00082,2e-05,0.00011,0,-0.00026,0.0005,7e-05,0.00078,-0,-1e-05,-2e-05,0.00143,5e-05,-1e-05,3e-05,1e-05,1e-05,1e-05,0.01071,-0.00479,0.00122,0.00038,0.00036,2e-05,3e-05,-0.00082,0.0033,7e-05,-0.00131,0.00034,7e-05,-0.00011
50.12,-0.00256,-0.00239,0.00071,-0,0.00014,1e-05,-0.00018,0.00048,-1e-05,0.0008,-0,-1e-05,-2e-05,0.00149,2e-05,0,2e-05,1e-05,1e-05,1e-05,0.01021,-0.00519,0.001,-0.00088,0.00049,3e-05,0.00013,-0.00098,0.00207,6e-05,-0.00111,0.00044,9e-05,-6e-05
50.14,-0.00223,-0.00232,0.00055,-3e-05,0.00017,2e-05,-9e-05,0.00044,-9e-05,0.00078,-0,-1e-05,-1e-05,0.00157,-0,2e-05,1e-05,1e-05,0,1e-05,0.0093,-0.00497,0.00073,-0.00273,0.00058,4e-05,0.00024,-0.00129,0.00114,5e-05,-0.00086,0.00055,0.00012,-2e-05
50.16,-0.00174,-0.00201,0.00037,-5e-05,0.00019,2e-05,2e-05,0.00039,-0.00014,0.00073,-0,-1e-05,-1e-05,0.00166,-1e-05,4e-05,-0,1e-05,-1e-05,1e-05,0.00804,-0.00445,0.00056,-0.00537,0.00061,4e-05,0.0003,-0.00174,0.0005,4e-05,-0.00056,0.00064,0.00015,3e-05
50.18,-0.00112,-0.00151,0.00019,-8e-05,0.0002,2e-05,0.00012,0.00034,-0.00018,0.00065,-0,-1e-05,-0,0.00175,-0,6e-05,-2e-05,1e-05,-2e-05,1e-05,0.00659,-0.00362,0.00044,-0.00872,0.0006,5e-05,0.0003,-0.00225,8e-05,3e-05,-0.00023,0.00073,0.00018,6e-05
50.2,-0.00038,-0.00087,3e-05,-0.00011,0.00016,2e-05,0.00022,0.00028,-0.00021,0.00055,-0,-1e-05,-0,0.00184,1e-05,8e-05,-3e-05,0,-3e-05,1e-05,0.00506,-0.00256,0.00033,-0.00819,0.00047,3e-05,0.00022,-0.00276,-0.00019,3e-05,8e-05,0.0008,0.00021,9e-05
50.22,0.00046,-0.00014,-0.0001,-0.00014,0.00011,2e-05,0.00032,0.00021,-0.00023,0.00044,-0,-1e-05,0,0.00192,4e-05,9e-05,-5e-05,-0,-4e-05,1e-05,0.00265,-0.00179,0.00027,-0.00079,0.00019,-3e-05,7e-05,-0.0032,-0.00037,2e-05,0.00036,0.00085,0.00024,0.0001
50.24,0.00137,0.00061,-0.00021,-0.00018,6e-05,2e-05,0.00041,0.00015,-0.00024,0.00031,-0,-1e-05,0,0.00198,6e-05,0.0001,-6e-05,-0,-5e-05,1e-05,-0.00036,-0.00172,0.00027,0.0055,-0.00011,-0.00011,-5e-05,-0.00337,-0.00052,2e-05,0.00059,0.00087,0.00027,9e-05
50.26,0.00236,0.00135,-0.0003,-0.00022,2e-05,2e-05,0.00049,8e-05,-0.00024,0.00018,-0,-1e-05,1e-05,0.00199,9e-05,0.0001,-6e-05,-1e-05,-5e-05,1e-05,-0.00295,-0.00264,0.00031,0.00683,-0.00031,-0.00019,-0.00013,-0.00313,-0.00067,2e-05,0.00071,0.00083,0.00027,5e-05
50.28,0.0034,0.00206,-0.00036,-0.00026,-2e-05,2e-05,0.00054,2e-05,-0.00023,4e-05,-0,-1e-05,1e-05,0.00196,9e-05,9e-05,-7e-05,-1e-05,-6e-05,1e-05,-0.00439,-0.00503,0.00039,-0.00177,-0.00032,-0.00024,-0.00021,-0.00233,-0.0009,2e-05,0.00062,0.00074,0.00026,-2e-05
50.3,0.00442,0.00267,-0.00041,-0.0003,-4e-05,2e-05,0.00058,-5e-05,-0.00022,-9e-05,0,-0,1e-05,0.00188,0.0001,7e-05,-7e-05,-1e-05,-6e-05,0,-0.00351,-0.00851,0.00042,-0.01591,-6e-05,-0.00025,-0.00028,-0.00094,-0.00122,2e-05,0.00046,0.00056,0.00022,-0.00012
50.32,0.00524,0.00304,-0.00045,-0.00033,-6e-05,1e-05,0.00061,-0.0001,-0.0002,-0.00021,0,-0,1e-05,0.00177,9e-05,6e-05,-7e-05,-1e-05,-6e-05,-0,-0.00018,-0.01126,0.0003,-0.02243,0.00043,-0.00022,-0.0003,0.00106,-0.00158,3e-05,0.00061,0.00029,0.00015,-0.00025
50.34,0.0058,0.00311,-0.00046,-0.00034,-6e-05,1e-05,0.00062,-0.00014,-0.00018,-0.00031,0,-0,0,0.00163,9e-05,4e-05,-6e-05,-1e-05,-6e-05,-1e-05,0.00446,-0.01317,0.00012,-0.02284,0.00103,-0.00016,-0.00027,0.00363,-0.00201,5e-05,0.00109,-6e-05,4e-05,-0.00041
50.36,0.00608,0.00293,-0.00041,-0.00035,-5e-05,1e-05,0.00061,-0.00017,-0.00015,-0.00038,0,0,0,0.00144,8e-05,3e-05,-6e-05,-0,-6e-05,-1e-05,0.01003,-0.01504,-3e-05,-0.02117,0.00157,-9e-05,-0.00023,0.00647,-0.00256,9e-05,0.00171,-0.0005,-0.00011,-0.00059
50.38,0.00601,0.00244,-0.00033,-0.00034,-4e-05,0,0.00058,-0.00018,-0.00013,-0.00042,0,0,-0,0.00124,6e-05,1e-05,-6e-05,0,-6e-05,-2e-05,0.01667,-0.01661,-0.0001,-0.01509,0.00188,-4e-05,-0.00019,0.00899,-0.00324,0.00012,0.00246,-0.001,-0.0003,-0.00079
50.4,0.00559,0.0017,-0.00022,-0.00031,-3e-05,-0,0.00054,-0.00017,-0.0001,-0.00043,0,1e-05,-1e-05,0.00102,4e-05,1e-05,-6e-05,0,-5e-05,-2e-05,0.02415,-0.0171,0,-0.00296,0.0018,-3e-05,-0.00014,0.01097,-0.00362,0.00016,0.00392,-0.00149,-0.00048,-0.00095
50.42,0.00485,0.00085,-0.0001,-0.00027,-1e-05,-0,0.00048,-0.00014,-8e-05,-0.0004,-0,1e-05,-1e-05,0.00079,2e-05,0,-5e-05,0,-5e-05,-2e-05,0.03127,-0.01567,0.00014,0.00754,0.00121,-8e-05,-7e-05,0.01259,-0.00292,0.00016,0.00682,-0.00176,-0.00053,-0.00093
50.44,0.00376,-8e-05,2e-05,-0.00022,0,0,0.00042,-0.00011,-7e-05,-0.00033,-0,1e-05,-1e-05,0.00058,0,-0,-5e-05,0,-5e-05,-3e-05,0.03824,-0.01348,6e-05,0.00915,0.00018,-0.00019,-3e-05,0.01286,-0.0012,0.0001,0.00993,-0.00183,-0.00047,-0.0008
50.46,0.00238,-0.00104,0.00013,-0.00015,1e-05,0,0.00037,-6e-05,-5e-05,-0.00024,0,1e-05,-1e-05,0.0004,-1e-05,0,-5e-05,0,-4e-05,-3e-05,0.04597,-0.01139,-0.0002,0.00529,-0.00115,-0.00038,-1e-05,0.01085,0.00103,2e-05,0.01207,-0.00176,-0.00039,-0.00065
50.48,0.00081,-0.00189,0.00022,-8e-05,1e-05,1e-05,0.00032,-2e-05,-4e-05,-0.00012,0,1e-05,-1e-05,0.00023,-2e-05,0,-6e-05,0,-4e-05,-3e-05,0.05271,-0.00928,-0.0007,-0.00191,-0.00262,-0.00061,0,0.00655,0.00354,3e-05,0.01318,-0.00157,-0.00028,-0.00048
50.5,-0.00081,-0.00255,0.00029,-2e-05,0,1e-05,0.00028,2e-05,-4e-05,1e-05,0,1e-05,-1e-05,9e-05,-2e-05,0,-6e-05,0,-3e-05,-3e-05,0.05743,-0.00727,-0.00127,-0.00757,-0.00406,-0.00088,0,0.00168,0.00535,0.0003,0.0125,-0.00131,-0.00019,-0.00032
50.52,-0.00238,-0.00291,0.00033,4e-05,-0,2e-05,0.00024,6e-05,-3e-05,0.00014,0,1e-05,-0,-2e-05,-2e-05,0,-6e-05,0,-3e-05,-2e-05,0.06026,-0.00539,-0.00158,-0.00827,-0.00543,-0.00115,-0,-0.00129,0.00578,0.00087,0.01021,-0.00107,-0.00016,-0.0002
50.54,-0.0038,-0.00289,0.00033,0.0001,-1e-05,2e-05,0.00021,8e-05,-3e-05,0.00025,0,1e-05,-0,-0.0001,-2e-05,0,-5e-05,0,-2e-05,-2e-05,0.05992,-0.00369,-0.0016,-0.00662,-0.00658,-0.0014,-0,-0.00272,0.00533,0.00163,0.00743,-0.00082,-0.00014,-0.0001
50.56,-0.00494,-0.00248,0.00026,0.00014,-1e-05,2e-05,0.00018,9e-05,-3e-05,0.00033,0,0,0,-0.00015,-2e-05,0,-5e-05,0,-2e-05,-1e-05,0.05589,-0.00225,-0.0014,-0.00419,-0.00736,-0.00162,-0,-0.00334,0.00444,0.00252,0.0047,-0.00057,-0.00011,-3e-05
50.58,-0.00575,-0.00177,0.00013,0.00016,0,2e-05,0.00016,9e-05,-3e-05,0.00039,0,0,0,-0.00016,-1e-05,0,-4e-05,0,-2e-05,-1e-05,0.04877,-0.00107,-0.00098,-0.00145,-0.00779,-0.00181,-0,-0.00264,0.00328,0.00342,0.00217,-0.00032,-7e-05,2e-05
50.6,-0.00623,-0.00083,-7e-05,0.00017,1e-05,1e-05,0.00015,8e-05,-3e-05,0.00042,0,0,0,-0.00015,-0,0,-3e-05,0,-1e-05,-0,0.04,-0.00017,-0.00036,0.0007,-0.00793,-0.00197,-0,-0.00096,0.00214,0.00416,-0.0001,-0.0001,-3e-05,0
50.62,-0.00645,0.00018,-0.0003,0.00017,1e-05,1e-05,0.00015,7e-05,-4e-05,0.00043,0,-0,0,-0.00013,-0,0,-2e-05,0,-1e-05,0,0.03104,0.00047,0.0003,0.00152,-0.00781,-0.00209,-0,0.00085,0.00121,0.00451,-0.00229,9e-05,0,-1e-05
50.64,-0.00642,0.00112,-0.00056,0.00016,2e-05,0,0.00015,6e-05,-6e-05,0.00041,0,-0,1e-05,-0.0001,0,-0,-1e-05,0,-0,1e-05,0.02222,0.0009,0.00091,0.00077,-0.00748,-0.00217,0,0.00226,0.00054,0.00439,-0.00471,0.0003,3e-05,2e-05
50.66,-0.00615,0.00194,-0.00081,0.00013,2e-05,-0,0.00017,6e-05,-8e-05,0.00037,0,-0,1e-05,-7e-05,1e-05,0,-1e-05,0,-0,2e-05,0.014,0.00111,0.00142,-0.00129,-0.00696,-0.00218,1e-05,0.00306,0.00015,0.00387,-0.0075,0.0005,6e-05,6e-05
50.68,-0.00571,0.00261,-0.00103,0.0001,1e-05,-1e-05,0.00019,6e-05,-0.0001,0.00031,0,-0,1e-05,-6e-05,1e-05,0,-2e-05,0,0,2e-05,0.00726,0.00116,0.00177,-0.00397,-0.00626,-0.00209,1e-05,0.00308,1e-05,0.00281,-0.01055,0.00068,8e-05,0.00011
50.7,-0.00515,0.00309,-0.00121,6e-05,1e-05,-1e-05,0.00022,7e-05,-0.00013,0.00025,0,-0,1e-05,-5e-05,1e-05,1e-05,-3e-05,0,0,3e-05,0.00255,0.00102,0.00194,-0.00647,-0.00535,-0.00191,2e-05,0.00211,3e-05,0.00125,-0.01358,0.00082,9e-05,0.00015
50.72,-0.00454,0.00334,-0.00133,2e-05,0,-1e-05,0.00026,9e-05,-0.00015,0.00017,0,-0,1e-05,-5e-05,2e-05,1e-05,-5e-05,-0,0,3e-05,-0.00017,0.00069,0.00196,-0.00827,-0.00426,-0.00166,2e-05,0.00048,0.00016,-0.00066,-0.01607,0.00091,8e-05,0.00016
50.74,-0.00389,0.00338,-0.00137,-3e-05,-0,-1e-05,0.00029,0.00011,-0.00017,9e-05,0,-0,1e-05,-7e-05,3e-05,2e-05,-7e-05,0,-0,3e-05,-0.00141,0.00022,0.00183,-0.00874,-0.0031,-0.00132,1e-05,-0.00105,0.00035,-0.00259,-0.01755,0.00096,8e-05,0.00016
50.76,-0.00321,0.00326,-0.00134,-8e-05,-0,-1e-05,0.00033,0.00013,-0.00018,2e-05,0,-0,1e-05,-0.0001,4e-05,4e-05,-0.0001,0,-0,3e-05,-0.00174,-0.00034,0.00162,-0.00773,-0.00198,-0.00093,-4e-05,-0.00205,0.00057,-0.00406,-0.0179,0.00095,6e-05,0.00017
50.78,-0.00253,0.00294,-0.00124,-0.00014,-0,-1e-05,0.00036,0.00015,-0.00019,-6e-05,0,-0,1e-05,-0.00014,4e-05,5e-05,-0.00012,0,-0,3e-05,-0.00156,-0.00093,0.00138,-0.00566,-0.00097,-0.00055,-0.00014,-0.00233,0.00079,-0.00466,-0.01703,0.00089,6e-05,0.00018
50.8,-0.00186,0.00244,-0.00108,-0.0002,-0,-1e-05,0.00038,0.00017,-0.00019,-0.00012,-0,-0,0,-0.00021,5e-05,8e-05,-0.00014,0,-1e-05,2e-05,-0.00118,-0.00155,0.0011,-0.00308,-0.00015,-0.00022,-0.00027,-0.0018,0.00094,-0.00415,-0.01566,0.00078,6e-05,0.00019
50.82,-0.00126,0.00177,-0.00087,-0.00027,0,-0,0.0004,0.00019,-0.00018,-0.00017,-0,-0,0,-0.0003,6e-05,0.00011,-0.00014,0,-1e-05,2e-05,-0.00077,-0.00208,0.0008,-0.00054,0.00046,2e-05,-0.00038,-0.00048,0.00087,-0.00291,-0.0145,0.00064,6e-05,0.00018
50.84,-0.00081,0.00094,-0.00065,-0.00034,1e-05,-0,0.00041,0.00021,-0.00016,-0.00022,-0,-0,0,-0.00043,6e-05,0.00014,-0.00011,1e-05,-0,1e-05,-0.00042,-0.0024,0.0006,0.00153,0.00083,0.00015,-0.00046,0.00108,0.00053,-0.00145,-0.01304,0.00046,5e-05,0.00015
50.86,-0.0006,2e-05,-0.00043,-0.0004,1e-05,0,0.00039,0.00022,-0.00013,-0.00024,-0,-0,0,-0.00058,7e-05,0.00018,-4e-05,1e-05,0,1e-05,-0.00016,-0.00258,0.00046,0.00229,0.00087,0.00015,-0.00049,0.00225,-0.00012,-0.00019,-0.0109,0.00028,4e-05,9e-05
50.88,-0.00066,-0.00091,-0.00025,-0.00044,3e-05,0,0.00035,0.00022,-9e-05,-0.00026,-0,-0,0,-0.00078,9e-05,0.00022,7e-05,1e-05,1e-05,0,3e-05,-0.00271,0.00033,0.00224,0.00073,8e-05,-0.00046,0.00295,-0.00111,0.00062,-0.00836,9e-05,1e-05,2e-05
50.9,-0.00105,-0.00158,-0.00011,-0.00048,4e-05,1e-05,0.00028,0.0002,-5e-05,-0.00025,-0,-0,0,-0.00102,0.00014,0.00026,0.00026,1e-05,3e-05,-1e-05,0.00017,-0.00266,0.00024,0.00203,0.00052,-1e-05,-0.00041,0.00291,-0.00205,0.00064,-0.00583,-0.0001,-4e-05,-5e-05
50.92,-0.00175,-0.00181,-0,-0.00049,4e-05,1e-05,0.00018,0.00018,1e-05,-0.00024,-0,-0,0,-0.00129,0.00025,0.00029,0.00055,1e-05,5e-05,-1e-05,0.00027,-0.00227,0.00024,0.00166,0.00026,-9e-05,-0.00037,0.00243,-0.00228,0.00013,-0.00373,-0.00026,-7e-05,-0.00011
50.94,-0.00273,-0.00173,7e-05,-0.0005,4e-05,2e-05,7e-05,0.00014,8e-05,-0.00021,-0,-1e-05,0,-0.0016,0.00043,0.00032,0.00097,1e-05,7e-05,-2e-05,0.00032,-0.00164,0.00026,0.00119,-3e-05,-0.00017,-0.00033,0.00189,-0.00201,-0.00029,-0.00221,-0.00038,-9e-05,-0.00013
50.96,-0.00395,-0.0014,0.00011,-0.00049,4e-05,2e-05,-5e-05,9e-05,0.00015,-0.00016,-0,-1e-05,0,-0.00193,0.00072,0.00033,0.00158,1e-05,0.00011,-3e-05,0.00033,-0.00091,0.00028,0.0007,-0.00033,-0.00024,-0.00028,0.00133,-0.00161,-0.00057,-0.00129,-0.00046,-9e-05,-0.00012
50.98,-0.00528,-0.00081,0.00014,-0.00048,4e-05,3e-05,-0.00018,3e-05,0.00023,-0.0001,-0,-1e-05,0,-0.00227,0.00111,0.00031,0.00235,0,0.00014,-3e-05,0.00029,-0.0001,0.00028,0.00021,-0.00065,-0.0003,-0.00022,0.00067,-0.00111,-0.00072,-0.00092,-0.0005,-9e-05,-9e-05
51,-0.00663,-2e-05,0.00016,-0.00047,4e-05,4e-05,-0.00029,-2e-05,0.0003,-3e-05,-0,-1e-05,0,-0.00255,0.0016,0.00028,0.00339,-0,0.00018,-4e-05,0.00022,0.00067,0.00022,-0.0002,-0.00094,-0.00033,-0.00017,-4e-05,-0.00066,-0.0008,-0.00091,-0.00051,-8e-05,-6e-05
51.02,-0.00794,0.00086,0.00017,-0.00047,4e-05,5e-05,-0.00035,-5e-05,0.00035,4e-05,-0,-1e-05,0,-0.00269,0.00214,0.00025,0.00483,-0,0.00021,-5e-05,0.00014,0.0013,7e-05,-0.00049,-0.00113,-0.0003,-0.00012,-0.00069,-0.00035,-0.00084,-0.001,-0.00051,-7e-05,-2e-05
51.04,-0.00907,0.00173,0.00014,-0.00048,4e-05,6e-05,-0.00037,-6e-05,0.00038,0.00013,-0,-1e-05,0,-0.0026,0.00263,0.0002,0.00646,-0,0.00023,-5e-05,8e-05,0.00178,-0.00015,-0.00064,-0.00123,-0.00025,-8e-05,-0.00127,-0.00013,-0.00081,-0.00105,-0.0005,-6e-05,2e-05
51.06,-0.00991,0.0025,8e-05,-0.0005,6e-05,6e-05,-0.00034,-2e-05,0.00038,0.00022,-0,-1e-05,0,-0.00221,0.00296,0.00012,0.00802,-1e-05,0.00024,-6e-05,3e-05,0.00212,-0.00045,-0.00066,-0.00126,-0.00019,-4e-05,-0.00178,7e-05,-0.00074,-0.00103,-0.00047,-4e-05,7e-05
51.08,-0.01047,0.00312,0,-0.00052,8e-05,7e-05,-0.00027,4e-05,0.00035,0.0003,-0,-0,0,-0.00146,0.003,3e-05,0.00931,-1e-05,0.00024,-6e-05,1e-05,0.00236,-0.00083,-0.00058,-0.00124,-0.00013,-1e-05,-0.00213,0.00025,-0.00059,-0.00092,-0.00043,-3e-05,0.00011
51.1,-0.01083,0.00359,-8e-05,-0.00053,0.0001,7e-05,-0.00017,0.00013,0.00031,0.00038,-0,-0,-0,-0.00035,0.00273,-3e-05,0.01023,-1e-05,0.00023,-6e-05,0,0.00239,-0.00126,-0.00046,-0.00117,-9e-05,0,-0.00235,0.00043,-0.00044,-0.00076,-0.00039,-1e-05,0.00015
51.12,-0.01107,0.00397,-0.00015,-0.00053,0.00012,6e-05,-7e-05,0.00022,0.00025,0.00044,-0,-0,-0,0.00102,0.00228,-3e-05,0.01067,-1e-05,0.00021,-6e-05,-0,0.00221,-0.00164,-0.00035,-0.0011,-7e-05,2e-05,-0.00249,0.00061,-0.00035,-0.00058,-0.00034,-0,0.00019
51.14,-0.01124,0.00426,-0.00018,-0.00049,0.00013,6e-05,2e-05,0.00029,0.00019,0.00047,-0,0,-0,0.00242,0.00177,5e-05,0.01025,-1e-05,0.00019,-5e-05,-2e-05,0.00191,-0.00198,-0.00024,-0.001,-6e-05,5e-05,-0.0025,0.00079,-0.00026,-0.00042,-0.0003,1e-05,0.00023
51.16,-0.01139,0.00447,-0.00016,-0.00042,0.00012,5e-05,9e-05,0.00035,0.00013,0.00049,0,0,-0,0.0036,0.00133,0.00025,0.00896,-0,0.00017,-4e-05,-4e-05,0.0016,-0.00231,-0.00018,-0.00089,-5e-05,8e-05,-0.00235,0.00096,-0.00017,-0.00028,-0.00026,2e-05,0.00025
51.18,-0.01154,0.0046,-0.00011,-0.00032,0.00011,4e-05,0.00014,0.00038,7e-05,0.00048,0,1e-05,-0,0.00428,0.00112,0.00053,0.00714,1e-05,0.00016,-3e-05,-8e-05,0.00125,-0.00262,-0.00016,-0.00079,-4e-05,0.00012,-0.00209,0.0011,-0.0001,-0.00017,-0.00022,2e-05,0.00027
51.2,-0.01183,0.00461,-5e-05,-0.00017,0.0001,3e-05,0.00015,0.00039,1e-05,0.00046,0,1e-05,-0,0.00449,0.00144,0.00073,0.00507,1e-05,0.00016,-2e-05,-0.00011,0.00087,-0.00288,-0.00019,-0.0007,-2e-05,0.00016,-0.00178,0.00119,-5e-05,-0.00011,-0.00018,2e-05,0.00027
51.22,-0.01238,0.00447,0,-1e-05,8e-05,2e-05,0.00015,0.00039,-4e-05,0.00042,0,1e-05,-0,0.00452,0.00233,0.00063,0.00309,2e-05,0.00018,-1e-05,-0.00011,0.00049,-0.00304,-0.00029,-0.00063,-1e-05,0.0002,-0.00148,0.00119,-3e-05,-9e-05,-0.00016,2e-05,0.00025
51.24,-0.01304,0.00415,3e-05,0.00017,6e-05,1e-05,0.00013,0.00038,-9e-05,0.00038,0,1e-05,-0,0.0045,0.00333,0.00032,0.00155,2e-05,0.00019,-0,-8e-05,0.00019,-0.00309,-0.00046,-0.00058,-1e-05,0.00023,-0.00121,0.00114,-1e-05,-9e-05,-0.00013,2e-05,0.00023
51.26,-0.0137,0.0037,4e-05,0.00036,5e-05,0,0.0001,0.00037,-0.00014,0.00034,0,1e-05,-0,0.00453,0.00407,-8e-05,0.00056,1e-05,0.00018,-0,-4e-05,0,-0.00304,-0.00068,-0.00054,-0,0.00026,-0.00096,0.00107,-0,-0.0001,-0.00012,1e-05,0.00021
51.28,-0.01437,0.00314,5e-05,0.00053,3e-05,0,7e-05,0.00037,-0.00018,0.00031,0,2e-05,-0,0.00479,0.00447,-0.00055,8e-05,-1e-05,0.00017,-0,0,-5e-05,-0.00286,-0.00096,-0.00051,0,0.00027,-0.00075,0.00099,1e-05,-0.00011,-0.0001,1e-05,0.00019
51.3,-0.01505,0.00258,8e-05,0.00069,2e-05,-0,5e-05,0.00038,-0.00023,0.00028,0,2e-05,-1e-05,0.0054,0.0043,-0.00081,-3e-05,-2e-05,0.00013,-0,4e-05,0,-0.00256,-0.00125,-0.00048,0,0.00027,-0.0006,0.00089,1e-05,-0.00012,-9e-05,0,0.00017
51.32,-0.01575,0.00208,0.00015,0.00082,2e-05,-0,2e-05,0.00041,-0.00026,0.00026,0,2e-05,-1e-05,0.00632,0.00353,-0.00056,-3e-05,-2e-05,9e-05,-0,9e-05,0.00013,-0.00215,-0.00149,-0.00046,-0,0.00026,-0.00049,0.00077,1e-05,-0.00013,-8e-05,0,0.00016
51.34,-0.01639,0.00171,0.00025,0.00092,1e-05,0,0,0.00046,-0.00028,0.00026,1e-05,3e-05,-1e-05,0.00716,0.00249,6e-05,-0.0001,1e-05,5e-05,-0,0.00014,0.0003,-0.00165,-0.00169,-0.00043,-1e-05,0.00022,-0.00041,0.00065,1e-05,-0.00015,-7e-05,-0,0.00014
51.36,-0.01689,0.00147,0.00037,0.00097,1e-05,0,-1e-05,0.00052,-0.0003,0.00026,1e-05,3e-05,-1e-05,0.00755,0.00146,0.00077,-0.0003,5e-05,1e-05,0,0.00019,0.00045,-0.00112,-0.00183,-0.00041,-1e-05,0.00017,-0.00037,0.00053,1e-05,-0.00016,-7e-05,-0,0.00012
51.38,-0.01724,0.0013,0.00048,0.00099,0,0,-2e-05,0.00058,-0.00031,0.00027,1e-05,3e-05,-1e-05,0.00749,0.00059,0.00164,-0.00061,9e-05,-1e-05,1e-05,0.00024,0.00057,-0.00061,-0.00192,-0.00038,-2e-05,0.0001,-0.00035,0.00041,-0,-0.00018,-6e-05,-0,9e-05
51.4,-0.01742,0.00118,0.00057,0.00097,-0,0,-3e-05,0.00064,-0.0003,0.00029,1e-05,4e-05,-1e-05,0.00683,9e-05,0.00221,-0.00094,0.00013,-3e-05,2e-05,0.00026,0.00064,-0.00019,-0.00196,-0.00035,-2e-05,2e-05,-0.00034,0.00029,-1e-05,-0.00019,-5e-05,-0,7e-05
51.42,-0.01744,0.00107,0.0006,0.00093,-0,-0,-4e-05,0.0007,-0.00029,0.00029,1e-05,4e-05,-1e-05,0.00568,-2e-05,0.00185,-0.00118,0.00017,-5e-05,3e-05,0.00022,0.00068,0.00012,-0.00198,-0.00032,-3e-05,-5e-05,-0.00033,0.00019,-1e-05,-0.00018,-4e-05,-0,4e-05
51.44,-0.01732,0.00093,0.00059,0.00086,-1e-05,-0,-5e-05,0.00074,-0.00028,0.00029,2e-05,4e-05,-0,0.00444,-0,0.00126,-0.00132,0.00019,-7e-05,3e-05,0.00018,0.00068,0.00031,-0.00196,-0.0003,-3e-05,-0.0001,-0.00032,0.0001,-1e-05,-0.00017,-3e-05,-0,1e-05
51.46,-0.01705,0.00077,0.00054,0.00078,-1e-05,-0,-6e-05,0.00075,-0.00026,0.00026,2e-05,4e-05,-0,0.00328,-0,0.00082,-0.00138,0.0002,-8e-05,3e-05,0.00014,0.00065,0.0004,-0.00191,-0.00027,-2e-05,-0.00012,-0.00031,4e-05,0,-0.00015,-1e-05,-0,-1e-05
51.48,-0.01663,0.00062,0.00046,0.00069,-1e-05,-0,-7e-05,0.00074,-0.00023,0.00023,3e-05,4e-05,-0,0.00222,-6e-05,0.00047,-0.00136,0.0002,-9e-05,3e-05,0.00011,0.0006,0.00041,-0.00183,-0.00024,-2e-05,-0.00012,-0.0003,0,2e-05,-0.00013,-0,-0,-2e-05
51.5,-0.01609,0.00047,0.00036,0.0006,-1e-05,-0,-7e-05,0.0007,-0.0002,0.00018,3e-05,4e-05,0,0.00125,-0.00021,0.00022,-0.0013,0.0002,-9e-05,3e-05,9e-05,0.00053,0.00037,-0.00172,-0.00022,-2e-05,-0.0001,-0.00028,-2e-05,3e-05,-0.0001,1e-05,0,-3e-05
51.52,-0.01543,0.00034,0.00027,0.00052,-1e-05,0,-8e-05,0.00064,-0.00018,0.00012,4e-05,4e-05,0,0.00038,-0.00042,7e-05,-0.00121,0.00019,-8e-05,3e-05,7e-05,0.00045,0.00029,-0.00158,-0.0002,-2e-05,-9e-05,-0.00026,-1e-05,5e-05,-8e-05,2e-05,0,-3e-05
51.54,-0.01474,0.00023,0.00018,0.00045,-1e-05,0,-9e-05,0.00059,-0.00016,8e-05,4e-05,4e-05,0,-0.00043,-0.00066,-1e-05,-0.00111,0.00018,-6e-05,3e-05,6e-05,0.00035,0.0002,-0.00141,-0.00018,-1e-05,-6e-05,-0.00024,-0,6e-05,-6e-05,3e-05,0,-3e-05
51.56,-0.0141,0.00012,0.00011,0.00039,-1e-05,0,-9e-05,0.00053,-0.00015,3e-05,4e-05,3e-05,1e-05,-0.00115,-0.00089,-4e-05,-0.00101,0.00019,-2e-05,3e-05,5e-05,0.00025,0.00011,-0.00122,-0.00016,-1e-05,-4e-05,-0.00021,2e-05,7e-05,-5e-05,4e-05,0,-2e-05
51.58,-0.01354,1e-05,5e-05,0.00034,-1e-05,-0,-0.0001,0.00049,-0.00015,0,4e-05,3e-05,1e-05,-0.00181,-0.00108,-4e-05,-0.0009,0.0002,2e-05,3e-05,4e-05,0.00013,3e-05,-0.00101,-0.00014,-1e-05,-1e-05,-0.00017,5e-05,8e-05,-3e-05,5e-05,0,-1e-05
51.6,-0.0131,-0.00011,1e-05,0.00032,-1e-05,-0,-0.0001,0.00047,-0.00015,-2e-05,4e-05,2e-05,1e-05,-0.00237,-0.0012,-3e-05,-0.0008,0.00021,7e-05,3e-05,3e-05,1e-05,-4e-05,-0.00079,-0.00012,-1e-05,2e-05,-0.00014,8e-05,8e-05,-2e-05,6e-05,1e-05,-1e-05
51.62,-0.01281,-0.00026,-2e-05,0.0003,-1e-05,-0,-0.0001,0.00045,-0.00015,-2e-05,3e-05,2e-05,1e-05,-0.00279,-0.00127,-1e-05,-0.0007,0.00025,0.0001,3e-05,1e-05,-0.00012,-0.00012,-0.00058,-0.00011,-1e-05,4e-05,-0.0001,0.0001,9e-05,-2e-05,6e-05,1e-05,0
51.64,-0.01273,-0.00044,-4e-05,0.00029,-1e-05,-0,-0.0001,0.00045,-0.00015,-2e-05,3e-05,2e-05,1e-05,-0.00303,-0.00126,1e-05,-0.0006,0.00028,0.00011,3e-05,-1e-05,-0.00026,-0.00019,-0.00037,-0.0001,-0,7e-05,-6e-05,0.00011,9e-05,-1e-05,6e-05,1e-05,1e-05
51.66,-0.01289,-0.00066,-5e-05,0.0003,-1e-05,-0,-0.00011,0.00046,-0.00014,0,2e-05,2e-05,1e-05,-0.00311,-0.00115,1e-05,-0.00051,0.00028,9e-05,3e-05,-4e-05,-0.0004,-0.00026,-0.00017,-8e-05,-0,9e-05,-3e-05,0.00012,0.0001,-1e-05,6e-05,1e-05,2e-05
51.68,-0.01324,-0.00089,-6e-05,0.00031,-1e-05,-0,-0.00011,0.00048,-0.00013,3e-05,2e-05,2e-05,1e-05,-0.003,-0.00096,1e-05,-0.00042,0.00027,3e-05,3e-05,-9e-05,-0.00054,-0.00034,0,-7e-05,-0,0.0001,1e-05,0.0001,0.0001,0,6e-05,0,2e-05
51.7,-0.01376,-0.00113,-6e-05,0.00033,-0,0,-0.00011,0.0005,-0.00013,5e-05,2e-05,2e-05,1e-05,-0.00272,-0.00073,1e-05,-0.00033,0.00023,-5e-05,2e-05,-0.00013,-0.00068,-0.00042,0.00014,-7e-05,-0,0.00011,4e-05,7e-05,0.00011,1e-05,6e-05,0,2e-05
51.72,-0.0144,-0.00139,-5e-05,0.00035,-0,0,-0.00011,0.00052,-0.00012,8e-05,2e-05,2e-05,1e-05,-0.00232,-0.00048,0,-0.00027,0.00017,-0.00011,2e-05,-0.00015,-0.00082,-0.0005,0.00024,-6e-05,-0,0.00012,7e-05,1e-05,0.00011,1e-05,5e-05,0,1e-05
51.74,-0.01509,-0.00162,-4e-05,0.00038,0,0,-0.0001,0.00053,-0.00011,0.0001,1e-05,2e-05,1e-05,-0.00185,-0.00025,-1e-05,-0.00021,0.00012,-0.00014,2e-05,-0.00016,-0.00095,-0.00057,0.00027,-6e-05,-0,0.00012,0.00011,-6e-05,0.00011,2e-05,4e-05,0,1e-05
51.76,-0.01575,-0.00177,-3e-05,0.00041,1e-05,0,-9e-05,0.00052,-0.00011,0.0001,1e-05,2e-05,1e-05,-0.00135,-6e-05,-1e-05,-0.00017,9e-05,-0.00014,2e-05,-0.00015,-0.00107,-0.00063,0.00024,-6e-05,-0,0.00012,0.00014,-0.00014,0.0001,2e-05,4e-05,0,-1e-05
51.78,-0.01633,-0.00183,-1e-05,0.00044,1e-05,0,-8e-05,0.00048,-0.0001,0.0001,1e-05,2e-05,1e-05,-0.00088,8e-05,-0,-0.00014,7e-05,-0.00011,2e-05,-0.00013,-0.00119,-0.00068,0.00016,-6e-05,-0,0.00011,0.00018,-0.00025,0.0001,3e-05,3e-05,0,-3e-05
51.8,-0.01679,-0.0018,1e-05,0.00047,2e-05,-0,-7e-05,0.00043,-9e-05,9e-05,1e-05,3e-05,1e-05,-0.00049,0.00017,-0,-0.00012,5e-05,-6e-05,1e-05,-0.0001,-0.00131,-0.0007,2e-05,-6e-05,-0,0.0001,0.00022,-0.00038,9e-05,4e-05,3e-05,-0,-5e-05
51.82,-0.01707,-0.00167,4e-05,0.00049,2e-05,-0,-5e-05,0.00036,-8e-05,7e-05,1e-05,3e-05,1e-05,-0.00022,0.00021,0,-0.00011,5e-05,0,1e-05,-6e-05,-0.00141,-0.0007,-0.00015,-6e-05,-0,8e-05,0.00026,-0.00052,8e-05,5e-05,2e-05,-0,-8e-05
51.84,-0.01712,-0.00149,7e-05,0.00051,3e-05,-0,-4e-05,0.00028,-8e-05,5e-05,1e-05,3e-05,1e-05,-0.00011,0.00022,-0,-0.0001,4e-05,7e-05,0,-2e-05,-0.00151,-0.00068,-0.00034,-6e-05,-0,5e-05,0.00029,-0.00067,8e-05,6e-05,2e-05,-0,-0.00011
51.86,-0.01685,-0.00128,0.00011,0.00051,3e-05,-0,-2e-05,0.0002,-7e-05,3e-05,1e-05,3e-05,1e-05,-0.00019,0.00019,-2e-05,-9e-05,3e-05,0.00013,-0,4e-05,-0.00159,-0.00063,-0.00052,-5e-05,-0,1e-05,0.00033,-0.00082,7e-05,7e-05,2e-05,-0,-0.00014
51.88,-0.01618,-0.00105,0.00015,0.0005,3e-05,-0,-1e-05,0.00012,-7e-05,1e-05,1e-05,3e-05,1e-05,-0.00045,0.00014,-5e-05,-8e-05,2e-05,0.00019,-1e-05,0.00011,-0.00164,-0.00056,-0.0007,-5e-05,-1e-05,-4e-05,0.00035,-0.00099,8e-05,8e-05,3e-05,-0,-0.00016
51.9,-0.01503,-0.00082,0.00018,0.00048,4e-05,-0,-0,5e-05,-7e-05,-1e-05,1e-05,3e-05,1e-05,-0.00092,8e-05,-0.0001,-5e-05,1e-05,0.00024,-1e-05,0.00018,-0.00166,-0.00047,-0.00086,-5e-05,-1e-05,-0.0001,0.00036,-0.00115,8e-05,9e-05,3e-05,-0,-0.00018
51.92,-0.01333,-0.00061,0.00021,0.00043,4e-05,-1e-05,-0,-3e-05,-6e-05,-2e-05,1e-05,3e-05,1e-05,-0.00159,2e-05,-0.00019,3e-05,-1e-05,0.00029,-2e-05,0.00026,-0.00163,-0.00037,-0.00099,-4e-05,-1e-05,-0.00016,0.00037,-0.00128,9e-05,0.00011,3e-05,-0,-0.00019
51.94,-0.01102,-0.00045,0.0002,0.00035,4e-05,-1e-05,-0,-0.0001,-6e-05,-4e-05,0,3e-05,1e-05,-0.00244,-2e-05,-0.00032,0.00015,-3e-05,0.00033,-2e-05,0.00033,-0.00154,-0.00025,-0.00108,-4e-05,-1e-05,-0.00021,0.00035,-0.00139,0.0001,0.00012,3e-05,-0,-0.00019
51.96,-0.00808,-0.00035,0.00017,0.00025,3e-05,-1e-05,-0,-0.00017,-5e-05,-6e-05,0,2e-05,2e-05,-0.00346,-3e-05,-0.00047,0.00035,-5e-05,0.00038,-3e-05,0.00039,-0.00139,-0.00014,-0.00113,-3e-05,-1e-05,-0.00024,0.00031,-0.00146,0.00012,0.00011,3e-05,-0,-0.00017
51.98,-0.00452,-0.00034,0.00011,0.00013,3e-05,-1e-05,-1e-05,-0.00022,-4e-05,-8e-05,0,2e-05,2e-05,-0.00463,-0,-0.00066,0.00061,-7e-05,0.00042,-4e-05,0.00045,-0.00118,-4e-05,-0.00112,-2e-05,-1e-05,-0.00027,0.00024,-0.00149,0.00014,9e-05,2e-05,-0,-0.00015
52,-0.00042,-0.00041,2e-05,-0,2e-05,-1e-05,-1e-05,-0.00027,-3e-05,-9e-05,-0,2e-05,2e-05,-0.00586,2e-05,-0.00074,0.00092,-8e-05,0.00046,-4e-05,0.0005,-0.00092,5e-05,-0.00107,-1e-05,-1e-05,-0.00027,0.00014,-0.00147,0.00016,6e-05,1e-05,-0,-0.00012
52.02,0.00408,-0.00057,-7e-05,-0.00015,2e-05,-0,-1e-05,-0.00028,-1e-05,-0.0001,-0,1e-05,2e-05,-0.00695,-0.0001,-0.00052,0.00123,-9e-05,0.0005,-5e-05,0.00054,-0.00063,0.00011,-0.00095,-1e-05,-0,-0.00024,2e-05,-0.00139,0.00018,1e-05,1e-05,-0,-9e-05
52.04,0.0088,-0.00078,-0.00013,-0.0003,2e-05,-0,-1e-05,-0.00028,2e-05,-0.00011,-0,1e-05,2e-05,-0.00782,-0.00051,4e-05,0.00148,-9e-05,0.00052,-4e-05,0.00058,-0.00032,0.00013,-0.00077,0,-0,-0.00019,-0.0001,-0.00126,0.0002,-3e-05,-0,-0,-7e-05
52.06,0.01369,-0.00102,-0.00015,-0.00044,2e-05,0,-0,-0.00025,5e-05,-0.0001,-1e-05,0,2e-05,-0.00842,-0.00134,0.00088,0.00162,-8e-05,0.00053,-4e-05,0.0006,-1e-05,0.00013,-0.00053,1e-05,-0,-0.00014,-0.00022,-0.00109,0.00023,-8e-05,-1e-05,-0,-3e-05
52.08,0.01865,-0.00126,-0.00011,-0.00059,2e-05,1e-05,0,-0.00021,9e-05,-9e-05,-1e-05,-0,2e-05,-0.00868,-0.00273,0.00195,0.00158,-5e-05,0.00052,-3e-05,0.00061,0.0003,0.0001,-0.00024,2e-05,0,-7e-05,-0.00033,-0.00089,0.00025,-0.00012,-2e-05,-0,-0
52.1,0.02347,-0.00145,-1e-05,-0.00072,3e-05,2e-05,-0,-0.00016,0.00013,-7e-05,-1e-05,-1e-05,2e-05,-0.00853,-0.00476,0.00348,0.00144,-2e-05,0.00048,-2e-05,0.00061,0.00058,5e-05,8e-05,2e-05,0,-3e-05,-0.00042,-0.00068,0.00027,-0.00015,-2e-05,0,2e-05
52.12,0.02777,-0.00155,0.00014,-0.00084,2e-05,2e-05,-2e-05,-0.00013,0.00017,-6e-05,-1e-05,-1e-05,2e-05,-0.00794,-0.00712,0.00563,0.00146,2e-05,0.00041,-1e-05,0.00061,0.00081,-2e-05,0.00041,3e-05,0,1e-05,-0.00047,-0.00047,0.00029,-0.00016,-2e-05,0,5e-05
52.14,0.03131,-0.00159,0.0003,-0.00095,1e-05,2e-05,-5e-05,-0.00012,0.00022,-4e-05,-1e-05,-1e-05,2e-05,-0.00714,-0.00916,0.00746,0.00176,4e-05,0.00032,-1e-05,0.00063,0.00099,-0.0001,0.00074,4e-05,0,5e-05,-0.00049,-0.00027,0.00031,-0.00016,-2e-05,0,7e-05
52.16,0.03408,-0.0016,0.00043,-0.00104,-0,3e-05,-9e-05,-0.00014,0.00027,-2e-05,-1e-05,-2e-05,2e-05,-0.00656,-0.01053,0.00833,0.00224,5e-05,0.00021,-1e-05,0.00066,0.00113,-0.00018,0.00103,4e-05,1e-05,0.0001,-0.00048,-9e-05,0.00033,-0.00015,-1e-05,0,9e-05
52.18,0.03598,-0.00159,0.00048,-0.00113,-2e-05,3e-05,-0.00013,-0.00019,0.00031,-2e-05,-1e-05,-2e-05,2e-05,-0.00609,-0.01102,0.00817,0.00285,4e-05,8e-05,-2e-05,0.00071,0.00123,-0.00027,0.00128,4e-05,1e-05,0.00015,-0.00045,0.0001,0.00035,-0.00013,-1e-05,0,0.0001
52.2,0.03703,-0.00153,0.00045,-0.00121,-3e-05,3e-05,-0.00017,-0.00026,0.00035,-2e-05,-1e-05,-2e-05,2e-05,-0.0061,-0.01073,0.00703,0.00335,1e-05,-3e-05,-4e-05,0.00078,0.0013,-0.00036,0.00148,4e-05,1e-05,0.00019,-0.00041,0.00027,0.00036,-0.00011,-0,0,0.00011
52.22,0.03743,-0.0014,0.00035,-0.00131,-5e-05,3e-05,-0.00017,-0.00034,0.00038,-3e-05,-1e-05,-2e-05,2e-05,-0.00685,-0.00984,0.0054,0.00352,-1e-05,-0.00012,-5e-05,0.00088,0.00135,-0.00044,0.00163,5e-05,1e-05,0.00022,-0.00035,0.00045,0.00035,-0.0001,0,0,0.00011
52.24,0.03727,-0.00124,0.0002,-0.00142,-7e-05,3e-05,-0.00012,-0.00043,0.0004,-6e-05,-1e-05,-2e-05,2e-05,-0.00744,-0.00857,0.00378,0.00337,-4e-05,-0.00018,-5e-05,0.001,0.0014,-0.00052,0.00173,5e-05,0,0.00025,-0.00028,0.00064,0.00033,-8e-05,0,0,0.0001
52.26,0.03663,-0.00108,2e-05,-0.00154,-9e-05,3e-05,1e-05,-0.00052,0.0004,-0.0001,-1e-05,-2e-05,2e-05,-0.0072,-0.00716,0.00239,0.00294,-6e-05,-0.0002,-6e-05,0.00111,0.00146,-0.00062,0.00179,5e-05,0,0.00029,-0.00021,0.00083,0.0003,-8e-05,-0,0,9e-05
52.28,0.0356,-0.00093,-0.00017,-0.00169,-0.00011,3e-05,0.00023,-0.00062,0.00038,-0.00015,-1e-05,-2e-05,2e-05,-0.00613,-0.00564,0.00132,0.00226,-7e-05,-0.00019,-6e-05,0.00122,0.00154,-0.00074,0.0018,5e-05,0,0.00032,-0.00013,0.00103,0.00026,-7e-05,-1e-05,0,8e-05
52.3,0.03455,-0.00081,-0.00033,-0.00187,-0.00015,3e-05,0.00055,-0.00072,0.00034,-0.00021,-0,-2e-05,1e-05,-0.00447,-0.00439,0.00066,0.00144,-8e-05,-0.00017,-6e-05,0.00134,0.00162,-0.00087,0.00178,5e-05,0,0.00037,-6e-05,0.00123,0.00021,-7e-05,-3e-05,-0,6e-05
52.32,0.03382,-0.00075,-0.0004,-0.0021,-0.00019,2e-05,0.00096,-0.0008,0.00027,-0.00027,-0,-1e-05,1e-05,-0.00246,-0.00358,0.00036,0.00062,-8e-05,-0.00015,-5e-05,0.00151,0.00168,-0.00098,0.00176,6e-05,0,0.00043,-1e-05,0.00141,0.00014,-7e-05,-5e-05,-0,4e-05
52.34,0.03322,-0.00075,-0.00044,-0.00236,-0.00023,2e-05,0.00142,-0.00087,0.00018,-0.00032,-0,-1e-05,1e-05,-0.00026,-0.00287,0.00021,-0.0001,-7e-05,-0.00014,-5e-05,0.0017,0.00174,-0.00107,0.00173,6e-05,0,0.00051,3e-05,0.00158,9e-05,-7e-05,-7e-05,-1e-05,2e-05
52.36,0.03254,-0.00084,-0.00047,-0.00251,-0.00025,2e-05,0.00189,-0.00093,8e-05,-0.00036,-0,-1e-05,1e-05,0.00187,-0.00211,0.0001,-0.00067,-6e-05,-0.00011,-4e-05,0.00185,0.00181,-0.00116,0.00167,7e-05,-0,0.00058,5e-05,0.00174,4e-05,-8e-05,-9e-05,-1e-05,-0
52.38,0.03175,-0.00104,-0.00051,-0.00249,-0.00026,1e-05,0.00225,-0.00099,-2e-05,-0.00038,0,-0,1e-05,0.00356,-0.00137,3e-05,-0.00103,-5e-05,-8e-05,-3e-05,0.00197,0.0019,-0.00123,0.0016,8e-05,-0,0.00064,6e-05,0.00188,1e-05,-8e-05,-0.00011,-1e-05,-2e-05
52.4,0.03101,-0.00132,-0.00057,-0.00248,-0.00028,1e-05,0.00249,-0.00103,-0.00012,-0.00037,0,0,1e-05,0.00468,-0.00077,-1e-05,-0.00116,-4e-05,-5e-05,-3e-05,0.00205,0.00198,-0.00125,0.00153,9e-05,-0,0.00069,4e-05,0.00199,-1e-05,-9e-05,-0.00013,-1e-05,-4e-05
52.42,0.03047,-0.00169,-0.00068,-0.00254,-0.0003,1e-05,0.00268,-0.00108,-0.00021,-0.00034,0,1e-05,1e-05,0.00533,-0.00036,-3e-05,-0.00109,-3e-05,-2e-05,-2e-05,0.00208,0.00204,-0.00121,0.00145,0.00011,-0,0.00072,0,0.00206,-1e-05,-9e-05,-0.00015,-1e-05,-5e-05
52.44,0.0298,-0.00211,-0.00086,-0.00263,-0.00031,0,0.00271,-0.00112,-0.00027,-0.00028,0,1e-05,1e-05,0.00548,-7e-05,-2e-05,-0.00084,-3e-05,2e-05,-1e-05,0.002,0.00208,-0.00111,0.00134,0.00013,-0,0.00074,-4e-05,0.00208,1e-05,-0.0001,-0.00018,-2e-05,-5e-05
52.46,0.02874,-0.00254,-0.00115,-0.00272,-0.00031,0,0.0025,-0.00115,-0.00032,-0.00021,0,1e-05,1e-05,0.00505,7e-05,-1e-05,-0.00047,-2e-05,6e-05,-1e-05,0.00176,0.0021,-0.00097,0.00118,0.00017,-0,0.00072,-0.0001,0.00205,5e-05,-0.00011,-0.0002,-2e-05,-5e-05
52.48,0.02732,-0.00292,-0.00156,-0.00284,-0.00031,0,0.0021,-0.00118,-0.00033,-0.00012,0,1e-05,1e-05,0.00431,8e-05,0,-7e-05,-1e-05,9e-05,-1e-05,0.00143,0.00209,-0.00081,0.001,0.00021,0,0.00067,-0.00015,0.00197,0.0001,-0.00012,-0.00022,-2e-05,-4e-05
52.5,0.02555,-0.00325,-0.00207,-0.003,-0.00031,-0,0.00163,-0.00119,-0.00031,-4e-05,0,1e-05,1e-05,0.00341,1e-05,-0,0.00026,-1e-05,0.00011,-1e-05,0.00098,0.00208,-0.00069,0.00078,0.00026,1e-05,0.00058,-0.00021,0.00184,0.00016,-0.00012,-0.00023,-2e-05,-3e-05
52.52,0.02346,-0.00362,-0.0026,-0.00319,-0.00032,-0,0.00123,-0.00118,-0.00027,3e-05,-0,1e-05,1e-05,0.00251,-6e-05,-2e-05,0.0005,-1e-05,0.00012,-0,0.00046,0.00209,-0.00064,0.00053,0.00033,1e-05,0.00046,-0.00024,0.00164,0.00022,-0.00012,-0.00025,-2e-05,-1e-05
52.54,0.02111,-0.00398,-0.00304,-0.00339,-0.00033,-0,0.00092,-0.00115,-0.0002,9e-05,-0,1e-05,1e-05,0.00177,-6e-05,-5e-05,0.00063,-0,0.00011,-0,-2e-05,0.00208,-0.00065,0.00026,0.00041,2e-05,0.00035,-0.00026,0.00137,0.00029,-0.0001,-0.00026,-2e-05,0
52.56,0.01857,-0.00427,-0.00329,-0.00358,-0.00035,-0,0.00071,-0.00108,-0.00012,0.00012,-0,0,1e-05,0.00119,1e-05,-7e-05,0.00068,-0,0.0001,-0,-0.00043,0.00202,-0.00072,-4e-05,0.00052,4e-05,0.00024,-0.00027,0.00103,0.00036,-9e-05,-0.00026,-2e-05,2e-05
52.58,0.01595,-0.00449,-0.00327,-0.00365,-0.00036,-0,0.00064,-0.00099,-3e-05,0.00014,-0,0,1e-05,0.00073,0.00016,-8e-05,0.00068,-0,9e-05,-0,-0.00076,0.00186,-0.00085,-0.00037,0.00062,5e-05,0.00016,-0.00025,0.0006,0.00041,-7e-05,-0.00026,-2e-05,4e-05
52.6,0.01345,-0.0046,-0.00295,-0.00275,-0.00033,-0,0.00051,-0.00089,6e-05,0.00016,-0,-0,1e-05,0.00024,0.00032,-6e-05,0.00067,-0,7e-05,-0,-0.00101,0.00158,-0.00103,-0.00072,0.00074,7e-05,9e-05,-0.0002,9e-05,0.00046,-5e-05,-0.00026,-2e-05,5e-05
52.62,0.0113,-0.00455,-0.00238,-0.00171,-0.00028,-0,0.00026,-0.00079,0.00013,0.00016,-0,-0,1e-05,-0.0003,0.00046,-2e-05,0.00068,-0,6e-05,-0,-0.00116,0.00111,-0.00121,-0.00107,0.00091,0.0001,3e-05,-0.0001,-0.00051,0.00049,-3e-05,-0.00025,-1e-05,7e-05
52.64,0.00947,-0.0043,-0.00168,-0.00063,-0.00021,-0,0,-0.0007,0.00019,0.00016,-0,-1e-05,1e-05,-0.00086,0.00053,4e-05,0.00069,0,4e-05,-0,-0.00123,0.00039,-0.00134,-0.00141,0.00109,0.00014,-1e-05,6e-05,-0.00122,0.0005,-1e-05,-0.00023,-1e-05,9e-05
52.66,0.00791,-0.00387,-0.00095,0.00038,-0.00015,-0,-0.00029,-0.00061,0.00022,0.00016,-0,-0,2e-05,-0.00149,0.00051,0.0001,0.00068,0,3e-05,0,-0.00125,-0.00059,-0.00138,-0.00176,0.00123,0.00017,-5e-05,0.00027,-0.00205,0.00049,0,-0.00021,-1e-05,0.0001
52.68,0.00665,-0.00326,-0.00026,0.00124,-9e-05,-0,-0.00067,-0.00054,0.00023,0.00013,-0,-0,2e-05,-0.00216,0.00043,0.00016,0.00062,0,2e-05,0,-0.00123,-0.00176,-0.00131,-0.00214,0.00133,0.0002,-8e-05,0.00055,-0.00307,0.00046,-0,-0.00018,-1e-05,0.00011
52.7,0.00566,-0.00254,0.0003,0.00189,-4e-05,0,-0.0011,-0.00047,0.00022,9e-05,-0,-0,2e-05,-0.00279,0.0003,0.0002,0.00049,0,2e-05,0,-0.00118,-0.00293,-0.00109,-0.00251,0.00138,0.00023,-0.0001,0.00092,-0.00423,0.00039,-1e-05,-0.00014,-1e-05,0.00013
52.72,0.00489,-0.00178,0.0007,0.00227,-1e-05,0,-0.0015,-0.00041,0.0002,4e-05,-0,0,2e-05,-0.00329,0.00015,0.00023,0.00032,0,1e-05,0,-0.00096,-0.00371,-0.00063,-0.00177,0.00118,0.00017,-0.00011,0.0014,-0.00546,0.00029,-4e-05,-9e-05,-1e-05,0.00014
52.74,0.00429,-0.00106,0.00093,0.00239,1e-05,0,-0.00181,-0.00036,0.00016,-1e-05,-0,0,2e-05,-0.00359,2e-05,0.00023,0.00014,-0,1e-05,0,-0.00045,-0.00398,-0.00012,0.00121,0.00062,-6e-05,-0.00011,0.00202,-0.00672,0.00017,-7e-05,-3e-05,-0,0.00015
52.76,0.00381,-0.00047,0.00098,0.00229,1e-05,0,-0.00201,-0.00032,0.00013,-7e-05,-0,0,2e-05,-0.00365,-9e-05,0.0002,0,-0,2e-05,-0,0.00018,-0.00405,0.00011,0.00533,-6e-05,-0.00036,-0.0001,0.0028,-0.00797,2e-05,-0.0001,4e-05,0,0.00015
52.78,0.00337,-4e-05,0.00088,0.00203,1e-05,0,-0.00205,-0.00027,0.00011,-0.00012,-1e-05,0,3e-05,-0.00342,-0.00015,0.00015,-7e-05,-1e-05,2e-05,-0,0.00095,-0.00435,5e-05,0.01027,-0.00077,-0.00072,-7e-05,0.00373,-0.0091,-0.00014,-0.00016,0.00011,0,0.00015
52.8,0.00295,0.00019,0.0007,0.0017,0,1e-05,-0.00198,-0.00022,0.0001,-0.00016,-1e-05,0,3e-05,-0.00301,-0.00014,7e-05,-4e-05,-1e-05,3e-05,-0,0.00192,-0.00546,-0.00024,0.01565,-0.0014,-0.00109,-2e-05,0.00477,-0.00961,-0.00032,-0.00017,0.00018,0,0.00013
52.82,0.00253,0.00028,0.00049,0.00139,-0,1e-05,-0.00188,-0.00018,0.0001,-0.00018,-1e-05,0,3e-05,-0.00254,-8e-05,-2e-05,9e-05,-1e-05,3e-05,-0,0.00307,-0.00812,-0.00046,0.0212,-0.00179,-0.00139,3e-05,0.00589,-0.00893,-0.00048,1e-05,0.00025,1e-05,0.00011
52.84,0.00209,0.00029,0.00027,0.00112,0,1e-05,-0.00176,-0.00013,0.0001,-0.00019,-1e-05,-0,3e-05,-0.00204,3e-05,-0.00012,0.00031,-2e-05,4e-05,-1e-05,0.00425,-0.01277,-0.00026,0.02609,-0.00188,-0.0016,9e-05,0.00702,-0.00741,-0.0006,0.00026,0.00032,1e-05,7e-05
52.86,0.00164,0.00021,7e-05,0.0009,1e-05,1e-05,-0.00162,-7e-05,0.00012,-0.00019,-1e-05,-0,4e-05,-0.00157,0.00018,-0.00023,0.00061,-2e-05,5e-05,-1e-05,0.0052,-0.01928,0.00053,0.02939,-0.00167,-0.00168,0.00014,0.00809,-0.00555,-0.00064,0.00044,0.00036,1e-05,-1e-05
52.88,0.00121,0.00012,-5e-05,0.00074,2e-05,1e-05,-0.00152,-0,0.00013,-0.00019,-1e-05,-0,4e-05,-0.00122,0.00034,-0.00031,0.00094,-2e-05,6e-05,-1e-05,0.00569,-0.02712,0.00207,0.03058,-0.00121,-0.00162,0.00017,0.00901,-0.00353,-0.00061,0.00054,0.00039,1e-05,-0.00011
52.9,0.00081,1e-05,-8e-05,0.00064,4e-05,1e-05,-0.00148,7e-05,0.00015,-0.00018,-1e-05,-1e-05,4e-05,-0.001,0.00052,-0.00038,0.00127,-2e-05,7e-05,-1e-05,0.00569,-0.03494,0.0042,0.02995,-0.0006,-0.00144,0.00019,0.00993,-0.00194,-0.00047,0.00047,0.0004,1e-05,-0.00023
52.92,0.00048,-0.00016,-2e-05,0.00059,4e-05,1e-05,-0.00147,0.00017,0.00014,-0.00017,-0,-1e-05,5e-05,-0.00091,0.0007,-0.00043,0.00155,-2e-05,8e-05,-1e-05,0.00536,-0.04117,0.00664,0.02823,4e-05,-0.00118,0.00019,0.0111,-0.00104,-0.00022,0.00013,0.00038,1e-05,-0.00031
52.94,0.00018,-0.00032,0.00012,0.00059,4e-05,1e-05,-0.00149,0.00027,0.00013,-0.00017,-0,-1e-05,5e-05,-0.00093,0.00087,-0.00045,0.00177,-1e-05,8e-05,-1e-05,0.00463,-0.04557,0.00937,0.02565,0.0006,-0.00088,0.00018,0.01203,-0.00038,-5e-05,-0.00027,0.00036,1e-05,-0.00035
52.96,-0.00011,-0.00041,0.00031,0.00063,2e-05,0,-0.00153,0.00034,0.00012,-0.00017,-0,-1e-05,6e-05,-0.00104,0.00098,-0.00042,0.0019,0,8e-05,-1e-05,0.00348,-0.04843,0.01241,0.0224,0.00101,-0.00054,0.00016,0.01215,0.00042,-7e-05,-0.00051,0.00032,1e-05,-0.00036
52.98,-0.00043,-0.00045,0.00046,0.00069,0,0,-0.00158,0.00038,0.00012,-0.00018,0,-1e-05,6e-05,-0.00121,0.00103,-0.00036,0.00194,1e-05,8e-05,-1e-05,0.00204,-0.04983,0.01558,0.01894,0.00124,-0.00019,0.0001,0.0116,0.00154,-0.00019,-0.00061,0.00028,1e-05,-0.00034
53,-0.00078,-0.00044,0.00052,0.00079,-2e-05,-0,-0.0016,0.00038,0.00011,-0.00019,0,-1e-05,7e-05,-0.00141,0.00103,-0.00029,0.00193,2e-05,8e-05,-1e-05,0.00058,-0.04931,0.01861,0.01578,0.00127,0.0002,2e-05,0.01006,0.00294,-0.0004,-0.00024,0.00023,1e-05,-0.00029
53.02,-0.00121,-0.00041,0.00051,0.00091,-4e-05,-1e-05,-0.00157,0.0004,9e-05,-0.00019,0,-1e-05,8e-05,-0.00162,0.00103,-0.00022,0.00185,3e-05,7e-05,-1e-05,-0.00095,-0.04667,0.02125,0.0132,0.0011,0.00062,-6e-05,0.00763,0.00422,-0.00062,0.00076,0.00018,1e-05,-0.00024
53.04,-0.00168,-0.00037,0.00041,0.00103,-6e-05,-1e-05,-0.00149,0.00039,6e-05,-0.0002,1e-05,-0,9e-05,-0.0018,0.00101,-0.00015,0.00171,3e-05,6e-05,-1e-05,-0.00275,-0.04304,0.02331,0.01109,0.00077,0.00109,-0.00018,0.00528,0.00518,-0.00063,0.00169,0.00014,1e-05,-0.00019
53.06,-0.00211,-0.0003,0.0002,0.00115,-7e-05,-1e-05,-0.00136,0.00036,4e-05,-0.00018,1e-05,-0,0.0001,-0.00198,0.00094,-8e-05,0.00151,4e-05,6e-05,-1e-05,-0.0047,-0.03924,0.02462,0.00934,0.00031,0.00161,-0.00035,0.00344,0.00581,-0.00044,0.00216,0.0001,0,-0.00014
53.08,-0.00243,-0.00025,-5e-05,0.00124,-8e-05,-1e-05,-0.00119,0.00031,2e-05,-0.00015,1e-05,-0,0.00011,-0.00215,0.00083,-3e-05,0.00127,4e-05,5e-05,-1e-05,-0.00655,-0.03529,0.02512,0.00783,-0.00023,0.00217,-0.00059,0.00208,0.00601,-0.00019,0.00218,7e-05,0,-0.0001
53.1,-0.00261,-0.0002,-0.0003,0.00131,-8e-05,-0,-0.00099,0.00024,0,-0.0001,1e-05,-0,0.00011,-0.00228,0.00071,2e-05,0.001,4e-05,3e-05,-1e-05,-0.00854,-0.031,0.02447,0.00653,-0.0008,0.00272,-0.00085,0.00116,0.00584,5e-05,0.00171,5e-05,0,-8e-05
53.12,-0.00261,-0.00017,-0.00051,0.00138,-7e-05,-0,-0.00082,0.00017,-2e-05,-1e-05,1e-05,-0,0.00011,-0.00237,0.00059,6e-05,0.00071,3e-05,2e-05,-1e-05,-0.01133,-0.02631,0.02262,0.00536,-0.00132,0.00316,-0.00108,0.0006,0.00539,0.00021,0.00082,4e-05,-0,-9e-05
53.14,-0.00241,-0.00017,-0.00064,0.00142,-5e-05,0,-0.00067,0.0001,-5e-05,0.00011,1e-05,-0,9e-05,-0.00243,0.00047,9e-05,0.00042,2e-05,1e-05,-0,-0.01436,-0.02155,0.01998,0.00399,-0.00172,0.00343,-0.0013,0.00031,0.00469,0.00026,-0.00033,4e-05,-1e-05,-0.00013
53.16,-0.002,-0.0002,-0.00064,0.00145,-3e-05,0,-0.00056,3e-05,-6e-05,0.00026,0,-0,7e-05,-0.00246,0.00034,0.00012,0.00013,2e-05,-0,-0,-0.01666,-0.01694,0.01686,0.0022,-0.00194,0.00349,-0.00153,0.00018,0.0038,0.00024,-0.00163,5e-05,-1e-05,-0.0002
53.18,-0.00146,-0.00023,-0.00053,0.00147,-1e-05,0,-0.0005,-5e-05,-6e-05,0.00043,0,-0,4e-05,-0.00249,0.00021,0.00017,-0.00015,1e-05,-1e-05,-0,-0.01791,-0.0125,0.01347,6e-05,-0.00195,0.00335,-0.00169,9e-05,0.00283,0.00018,-0.00301,6e-05,-2e-05,-0.00031
53.2,-0.00083,-0.00021,-0.00038,0.00147,0,1e-05,-0.00049,-0.00015,-4e-05,0.00061,0,-0,-0,-0.00251,3e-05,0.0002,-0.00042,0,-3e-05,-0,-0.01832,-0.00833,0.01009,-0.00228,-0.00174,0.00287,-0.00181,-2e-05,0.00186,9e-05,-0.00434,7e-05,-3e-05,-0.00042
53.22,-0.00018,-0.0001,-0.00027,0.00144,-1e-05,1e-05,-0.00051,-0.00024,-3e-05,0.00078,1e-05,-0,-4e-05,-0.00251,-0.00015,0.00023,-0.00067,-0,-4e-05,0,-0.01808,-0.00467,0.00697,-0.0048,-0.00133,0.00197,-0.00189,-0.00017,0.00095,2e-05,-0.00545,8e-05,-4e-05,-0.00042
53.24,0.00045,8e-05,-0.00016,0.00138,-6e-05,0,-0.00055,-0.00031,-2e-05,0.00092,1e-05,-0,-7e-05,-0.0025,-0.00033,0.00024,-0.00092,-0,-4e-05,0,-0.01657,-0.00177,0.00442,-0.00724,-0.00084,0.00105,-0.00177,-0.00033,0.00011,-2e-05,-0.00629,7e-05,-4e-05,-0.00034
53.26,0.00105,0.00032,-6e-05,0.00129,-0.00012,0,-0.00061,-0.00039,0,0.00104,1e-05,-0,-0.0001,-0.00247,-0.00051,0.00027,-0.00114,0,-5e-05,1e-05,-0.01377,0.00026,0.00256,-0.00902,-0.00038,0.00038,-0.00143,-0.00049,-0.00061,-1e-05,-0.00689,6e-05,-4e-05,-0.00025
53.28,0.0016,0.00064,-1e-05,0.00116,-0.00017,0,-0.00067,-0.00047,3e-05,0.00112,1e-05,-0,-0.00012,-0.0024,-0.00071,0.00029,-0.00134,1e-05,-5e-05,1e-05,-0.01034,0.00146,0.00129,-0.0098,-4e-05,-3e-05,-0.00094,-0.00062,-0.00118,3e-05,-0.00714,2e-05,-3e-05,-0.00014
53.3,0.00209,0.00097,-0,0.00102,-0.0002,-0,-0.00073,-0.00054,6e-05,0.00117,1e-05,-0,-0.00013,-0.00229,-0.00089,0.00031,-0.00151,2e-05,-5e-05,1e-05,-0.007,0.00192,0.00053,-0.00968,0.00012,-0.00016,-0.00038,-0.00064,-0.0016,9e-05,-0.00704,-2e-05,-3e-05,-6e-05
53.32,0.00248,0.00116,-2e-05,0.0009,-0.00021,0,-0.00079,-0.00059,7e-05,0.00118,0,-0,-0.00014,-0.00217,-0.00105,0.00032,-0.00165,3e-05,-5e-05,1e-05,-0.0041,0.00184,0.0001,-0.00893,0.00011,-0.00013,0.00011,-0.00047,-0.00188,0.00015,-0.00661,-8e-05,-2e-05,-3e-05
53.34,0.00279,0.00119,-6e-05,0.00078,-0.0002,0,-0.00082,-0.00061,8e-05,0.00116,0,0,-0.00014,-0.00199,-0.00116,0.00032,-0.00176,4e-05,-5e-05,2e-05,-0.00169,0.00152,-0.00016,-0.00775,-4e-05,-7e-05,0.00047,-0.00015,-0.00205,0.00021,-0.00583,-0.00014,-1e-05,-1e-05
53.36,0.00307,0.00108,-0.00012,0.00067,-0.0002,0,-0.00084,-0.00061,9e-05,0.00111,-0,0,-0.00013,-0.00172,-0.00124,0.00031,-0.00181,4e-05,-5e-05,2e-05,0.00033,0.00129,-0.00034,-0.00681,-0.00024,-2e-05,0.00071,0.0002,-0.0021,0.00023,-0.00475,-0.00021,-1e-05,1e-05
53.38,0.00327,0.00078,-0.00018,0.00058,-0.00018,0,-0.00085,-0.00058,8e-05,0.00104,-0,0,-0.00012,-0.00138,-0.00126,0.00029,-0.0018,5e-05,-4e-05,2e-05,0.00223,0.00143,-0.00052,-0.00699,-0.00042,0,0.00082,0.00054,-0.00207,0.00022,-0.00342,-0.00028,0,1e-05
53.4,0.0034,0.00029,-0.00026,0.0005,-0.00016,0,-0.00084,-0.00053,7e-05,0.00095,-1e-05,0,-0.00011,-0.001,-0.00122,0.00025,-0.00173,5e-05,-4e-05,2e-05,0.00447,0.002,-0.00075,-0.0091,-0.00054,0,0.00083,0.00085,-0.00197,0.00017,-0.00225,-0.00032,1e-05,3e-05
53.42,0.00343,-0.00035,-0.00033,0.00043,-0.00014,0,-0.00081,-0.00045,6e-05,0.00084,-1e-05,-0,-0.0001,-0.00064,-0.00112,0.00021,-0.00159,5e-05,-3e-05,2e-05,0.00764,0.00279,-0.00106,-0.01353,-0.00057,-1e-05,0.00077,0.00114,-0.00178,0.0001,-0.00144,-0.00032,3e-05,0.00016
53.44,0.00331,-0.0011,-0.0004,0.00038,-0.00011,0,-0.00079,-0.00035,4e-05,0.00074,-1e-05,-0,-0.0001,-0.00028,-0.00096,0.00015,-0.00139,5e-05,-2e-05,2e-05,0.01156,0.00365,-0.00141,-0.01944,-0.00057,0,0.00067,0.00139,-0.0015,-2e-05,-0.00079,-0.00029,4e-05,0.00035
53.46,0.00297,-0.00195,-0.00046,0.00033,-7e-05,0,-0.00076,-0.00024,2e-05,0.00065,-1e-05,-0,-9e-05,4e-05,-0.00077,9e-05,-0.00114,4e-05,-2e-05,1e-05,0.01511,0.00436,-0.00169,-0.0245,-0.00062,2e-05,0.00054,0.00153,-0.00117,-0.00016,-0.00034,-0.00023,5e-05,0.0005
53.48,0.00239,-0.00283,-0.00049,0.00028,-3e-05,0,-0.00074,-0.00013,0,0.00055,-1e-05,-0,-8e-05,0.00029,-0.00055,4e-05,-0.00083,4e-05,-1e-05,1e-05,0.01691,0.00472,-0.00184,-0.02629,-0.00073,4e-05,0.00037,0.00149,-0.00083,-0.0003,-0.00015,-0.00015,6e-05,0.00064
53.5,0.00168,-0.00358,-0.00051,0.00023,0,-0,-0.00072,-5e-05,-0,0.00046,-1e-05,-0,-7e-05,0.00046,-0.00037,-1e-05,-0.00051,3e-05,-0,1e-05,0.01619,0.00501,-0.00184,-0.02385,-0.00084,4e-05,0.00013,0.00135,-0.00051,-0.00039,-0.00018,-6e-05,6e-05,0.00069
53.52,0.00088,-0.00402,-0.00055,0.0002,2e-05,-1e-05,-0.00071,-0,-0,0.00036,-1e-05,-0,-6e-05,0.00057,-0.00024,-6e-05,-0.00018,2e-05,0,1e-05,0.0133,0.00623,-0.00182,-0.01805,-0.00085,3e-05,-0.00018,0.00125,-0.00026,-0.00036,-0.00033,3e-05,6e-05,0.00059
53.54,3e-05,-0.0041,-0.00059,0.00017,4e-05,-1e-05,-0.00072,2e-05,1e-05,0.00026,-1e-05,-0,-5e-05,0.00062,-0.00014,-0.0001,0.00012,2e-05,1e-05,1e-05,0.00853,0.00844,-0.00204,-0.01025,-0.00074,2e-05,-0.00053,0.00109,-8e-05,-0.00023,-0.0005,0.00012,6e-05,0.00047
53.56,-0.00082,-0.00381,-0.00065,0.00015,5e-05,-2e-05,-0.00073,4e-05,3e-05,0.00016,-1e-05,-0,-4e-05,0.00062,-7e-05,-0.00013,0.00039,1e-05,1e-05,0,0.00243,0.01051,-0.00233,-0.00229,-0.00052,2e-05,-0.00088,0.00079,-0,-8e-05,-0.00063,0.0002,6e-05,0.00038
53.58,-0.00154,-0.00311,-0.00076,0.00012,6e-05,-2e-05,-0.00076,4e-05,6e-05,6e-05,-1e-05,0,-3e-05,0.00058,-2e-05,-0.00016,0.00062,1e-05,2e-05,0,-0.00386,0.01181,-0.0023,0.00381,-0.00025,5e-05,-0.00121,0.00046,-3e-05,8e-05,-0.00071,0.00028,5e-05,0.00031
53.6,-0.0021,-0.00208,-0.00092,0.0001,7e-05,-3e-05,-0.00079,3e-05,0.0001,-3e-05,-1e-05,0,-2e-05,0.00054,1e-05,-0.00019,0.0008,0,2e-05,0,-0.00743,0.01118,-0.00142,0.0052,-2e-05,8e-05,-0.00141,0.0001,-0.00018,0.0002,-0.00073,0.00033,5e-05,0.00027
53.62,-0.00256,-0.00089,-0.00114,9e-05,9e-05,-3e-05,-0.00081,1e-05,0.00015,-0.00012,-0,0,-1e-05,0.0005,2e-05,-0.00022,0.00092,0,2e-05,-0,-0.00637,0.00865,0.00024,0.00285,0.00019,0.0001,-0.00131,-0.00033,-0.00045,0.00024,-0.00068,0.00037,5e-05,0.00026
53.64,-0.00288,0.00035,-0.00141,7e-05,0.0001,-3e-05,-0.0008,-0,0.00019,-0.00019,-0,0,-0,0.00049,3e-05,-0.00025,0.00099,-0,2e-05,-0,-0.0041,0.0057,0.00205,0.00053,0.00043,0.00012,-0.00105,-0.00079,-0.00085,0.00022,-0.00057,0.0004,5e-05,0.00026
53.66,-0.00302,0.00149,-0.00171,5e-05,0.00011,-4e-05,-0.00078,-2e-05,0.00024,-0.00024,-0,0,0,0.0005,3e-05,-0.00027,0.00101,-0,1e-05,-0,-0.00163,0.00325,0.00359,-0.00181,0.00065,0.00013,-0.00078,-0.00116,-0.00134,0.00015,-0.00045,0.00043,5e-05,0.00026
53.68,-0.00299,0.00245,-0.00201,2e-05,0.00012,-4e-05,-0.00072,-3e-05,0.00028,-0.00028,0,0,0,0.00055,3e-05,-0.0003,0.00099,-0,1e-05,-0,0.00079,0.00143,0.00451,-0.00426,0.00086,0.00013,-0.00048,-0.00138,-0.0019,4e-05,-0.00032,0.00046,6e-05,0.00026
53.7,-0.00287,0.00315,-0.00224,-2e-05,0.00011,-4e-05,-0.00062,-4e-05,0.0003,-0.00032,0,-0,0,0.00061,3e-05,-0.00032,0.00093,-0,1e-05,-0,0.00239,0.00037,0.00457,-0.0068,0.00101,0.00012,-0.00024,-0.00148,-0.00245,-0.0001,-0.00021,0.0005,6e-05,0.00025
53.72,-0.00271,0.00356,-0.00235,-6e-05,8e-05,-4e-05,-0.00049,-6e-05,0.00032,-0.00036,0,-0,0,0.00067,2e-05,-0.00034,0.00085,-0,0,-0,0.0027,-5e-05,0.00359,-0.00923,0.00107,0.00011,-0.00016,-0.0015,-0.00285,-0.0002,-0.00012,0.00054,7e-05,0.00024
53.74,-0.00243,0.00375,-0.00231,-0.00011,6e-05,-3e-05,-0.00033,-7e-05,0.00032,-0.0004,0,-0,0,0.00073,1e-05,-0.00035,0.00074,-0,-0,-0,0.00224,8e-05,0.00171,-0.00739,0.00096,6e-05,-0.00016,-0.00137,-0.00313,-0.00027,0,0.00059,8e-05,0.00023
53.76,-0.00194,0.00375,-0.00211,-0.00018,3e-05,-3e-05,-0.00014,-9e-05,0.0003,-0.00045,0,-0,0,0.00078,1e-05,-0.00036,0.00062,-0,-1e-05,-0,0.00119,0.00079,-0.00096,0.00384,0.00055,-9e-05,-0.00025,-0.00108,-0.00331,-0.00028,0.00016,0.00063,0.0001,0.00022
53.78,-0.00119,0.00354,-0.00179,-0.00027,1e-05,-2e-05,6e-05,-0.00011,0.00026,-0.0005,0,-0,1e-05,0.00082,-0,-0.00036,0.0005,-0,-2e-05,-0,2e-05,0.0021,-0.00423,0.01643,-5e-05,-0.00032,-0.00038,-0.0007,-0.00337,-0.00026,0.00039,0.00068,0.00011,0.00022
53.8,-0.00011,0.00313,-0.00139,-0.00038,-0,-2e-05,0.00026,-0.00013,0.00021,-0.00056,0,-0,1e-05,0.00084,-0,-0.00036,0.00037,-0,-2e-05,-0,0.00031,0.00411,-0.00782,0.02671,-0.00076,-0.00062,-0.00054,-0.00028,-0.00322,-0.0002,0.00071,0.00074,0.00013,0.00023
53.82,0.00132,0.00253,-0.00099,-0.0005,-1e-05,-1e-05,0.00043,-0.00014,0.00015,-0.00061,0,-0,1e-05,0.00083,-1e-05,-0.00035,0.00025,-0,-3e-05,-0,0.00331,0.00718,-0.0117,0.0333,-0.00139,-0.00095,-0.0007,0.00012,-0.00279,-0.0001,0.00115,0.00079,0.00015,0.00025
53.84,0.00307,0.0017,-0.00061,-0.00064,-1e-05,-1e-05,0.00058,-0.00014,9e-05,-0.00066,0,-0,2e-05,0.00079,-0,-0.00034,0.00016,-0,-3e-05,-0,0.00922,0.01128,-0.01476,0.03448,-0.00178,-0.00114,-0.00079,0.00045,-0.00209,3e-05,0.00172,0.00084,0.00018,0.00027
53.86,0.00509,0.00066,-0.00028,-0.00079,-1e-05,-0,0.00068,-0.00013,4e-05,-0.00069,0,-0,2e-05,0.00072,0,-0.00032,0.0001,-0,-3e-05,-0,0.0175,0.01602,-0.01569,0.02856,-0.00179,-0.00096,-0.00063,0.00067,-0.00119,0.00017,0.00238,0.00088,0.0002,0.00029
53.88,0.00728,-0.00053,-2e-05,-0.00093,1e-05,-0,0.00073,-0.00011,1e-05,-0.0007,1e-05,-0,3e-05,0.00063,1e-05,-0.00029,7e-05,-0,-3e-05,-0,0.02732,0.0212,-0.01395,0.01588,-0.0013,-0.0002,-0.00014,0.00076,-0.00013,0.0003,0.00306,0.00091,0.00022,0.00032
53.9,0.00932,-0.00165,0.00017,-0.00104,3e-05,-0,0.00073,-9e-05,-1e-05,-0.00069,1e-05,0,3e-05,0.00051,2e-05,-0.00026,6e-05,-0,-3e-05,-0,0.03458,0.02538,-0.00985,0.00621,-0.00033,0.00122,0.00068,0.00072,0.00105,0.00043,0.00378,0.00093,0.00024,0.00034
53.92,0.01082,-0.00244,0.00028,-0.00111,6e-05,-0,0.00072,-6e-05,-1e-05,-0.00067,1e-05,0,3e-05,0.0004,3e-05,-0.00022,7e-05,-0,-3e-05,-0,0.03469,0.02779,-0.00506,0.00616,0.0009,0.00275,0.00163,0.00056,0.00222,0.00056,0.00454,0.00092,0.00025,0.00037
53.94,0.01151,-0.00287,0.00032,-0.00112,8e-05,-0,0.00071,-4e-05,-1e-05,-0.00063,1e-05,0,4e-05,0.00029,3e-05,-0.00019,9e-05,-0,-3e-05,-0,0.0305,0.02812,-0.00032,0.0068,0.00207,0.00386,0.00242,0.00036,0.00318,0.00066,0.00514,0.0009,0.00025,0.00038
53.96,0.0113,-0.00296,0.00031,-0.00106,9e-05,-0,0.00069,-3e-05,-1e-05,-0.00058,1e-05,0,4e-05,0.0002,4e-05,-0.00015,0.0001,-0,-2e-05,-0,0.02547,0.02658,0.00338,0.0042,0.00298,0.00445,0.00287,0.00017,0.00376,0.00071,0.00541,0.00085,0.00024,0.00038
53.98,0.01014,-0.00265,0.00027,-0.00094,9e-05,-0,0.00069,-2e-05,-2e-05,-0.0005,1e-05,0,3e-05,0.00013,4e-05,-0.00012,0.00011,-0,-2e-05,-0,0.01969,0.02302,0.00543,0.00056,0.00346,0.00439,0.00289,2e-05,0.00392,0.00071,0.00532,0.00077,0.00023,0.00036
54,0.00903,-0.00232,0.00022,-0.00082,9e-05,-0,0.00068,-1e-05,-2e-05,-0.00043,1e-05,0,3e-05,4e-05,4e-05,-8e-05,0.00012,-0,-1e-05,-0,0.014,0.01897,0.00696,-0.00556,0.0039,0.00415,0.00277,-0.00014,0.00397,0.00068,0.00518,0.00068,0.00021,0.00034
