T,J7,J8,J9,J10,J11,J12,J13,J14,J15,J16,J17,J18,J19,J20,J21,J22,J23,J24,J25,J26,J27,J28,J29,J30,J31,J32,J33,J34,J35,J36,J37,J38,J39,J40
0,0.21058,-0.12497,0.00168,0.00197,0.01737,-0.00108,-0.01606,7.36512,0.20641,0.01359,-0.31386,0.00942,-0.0039,-0.00146,0.25433,0.01221,0.0003,0.00218,0.01036,-0.00432,1.79242,-1.36938,-0.21145,-2.99274,-2.44444,-0.01004,0.49144,-1.57115,1.2723,-0.32118,3.3797,1.33682,2.14413,1.12002
0.02,0.21231,-0.11173,0.00135,0.00158,0.01713,-0.00106,-0.01517,7.99492,0.19532,0.01462,-0.31682,0.0096,-0.00392,0.00037,0.25437,0.0073,0.00017,0.00217,0.00934,-0.00407,1.62299,-1.2454,-0.1681,-2.73194,-2.17504,-0.01636,0.44287,-1.29277,1.15011,-0.2928,2.8733,1.20779,1.90222,0.99878
0.04,0.21209,-0.09409,0.00087,0.00085,0.01659,-0.00104,-0.01344,8.58791,0.17385,0.01522,-0.31722,0.00967,-0.00397,0.00312,0.25001,0.0003,-0,0.00206,0.00802,-0.00365,1.36676,-1.05825,-0.12011,-2.2814,-1.77007,-0.02,0.36605,-0.90454,0.96842,-0.24137,2.21938,1.00636,1.5578,0.8235
0.06,0.21033,-0.07383,0.00033,-0.00025,0.01587,-0.00102,-0.0107,9.1068,0.14185,0.01522,-0.31681,0.00967,-0.00408,0.00685,0.24284,-0.00859,-0.00018,0.00184,0.0066,-0.00307,1.03863,-0.82322,-0.07312,-1.65875,-1.25374,-0.02,0.26613,-0.43263,0.74024,-0.16843,1.47286,0.74447,1.13544,0.6064
0.08,0.20746,-0.05266,-0.00014,-0.00177,0.01508,-0.00099,-0.00679,9.48858,0.10011,0.01436,-0.31756,0.00966,-0.00431,0.0115,0.23503,-0.01889,-0.00034,0.00152,0.00536,-0.00234,0.66541,-0.56326,-0.03057,-0.91802,-0.66841,-0.01701,0.15284,0.08016,0.48715,-0.08062,0.69387,0.44504,0.66895,0.36512
0.1,0.20341,-0.03375,-0.00041,-0.00371,0.01437,-0.00096,-0.00165,9.6379,0.04985,0.01229,-0.32166,0.00968,-0.00473,0.01707,0.22902,-0.02981,-0.00044,0.00109,0.00467,-0.00152,0.2825,-0.3116,-0.00296,-0.11942,-0.07586,-0.0096,0.03839,0.57555,0.2402,0.01443,-0.01421,0.13898,0.21497,0.12772
0.12,0.19817,-0.01886,-0.0004,-0.00608,0.01394,-0.00094,0.00498,9.42601,-0.00635,0.00851,-0.33143,0.00976,-0.00538,0.02367,0.22694,-0.04038,-0.00042,0.00056,0.00492,-0.00065,-0.06515,-0.10074,0.0186,0.60438,0.45769,-0.00089,-0.06126,0.99905,0.03258,0.09619,-0.63599,-0.13456,-0.18664,-0.08317
0.14,0.19257,-0.00789,-0.00017,-0.0089,0.01397,-0.00092,0.01342,8.68496,-0.06537,0.00224,-0.349,0.00991,-0.00633,0.03122,0.22969,-0.04985,-0.00033,-7e-05,0.00654,0.00022,-0.33828,0.046,0.04383,1.14125,0.87952,0.00438,-0.13342,1.30583,-0.10975,0.14946,-1.15942,-0.3435,-0.50957,-0.25209
0.16,0.18747,-0.00133,1e-05,-0.01211,0.01463,-0.0009,0.02361,7.21467,-0.12474,-0.0076,-0.37622,0.01007,-0.00765,0.03961,0.23591,-0.05773,-0.00022,-0.00079,0.00987,0.00106,-0.51773,0.11451,0.06526,1.47607,1.16102,0.00651,-0.17398,1.47132,-0.17376,0.17511,-1.51502,-0.47516,-0.72608,-0.36617
0.18,0.18348,0.00067,-0.00023,-0.01563,0.01606,-0.0009,0.03479,4.79078,-0.18216,-0.02245,-0.4144,0.01014,-0.00937,0.04896,0.24173,-0.06381,-0.00012,-0.00159,0.01518,0.00184,-0.59928,0.10524,0.0838,1.60817,1.30135,0.00607,-0.18354,1.50137,-0.16046,0.17411,-1.70153,-0.53075,-0.83438,-0.42481
0.2,0.18129,-0.0011,-0.00134,-0.01948,0.01829,-0.0009,0.04788,1.16263,-0.23307,-0.04377,-0.46406,0.00998,-0.01151,0.05956,0.24097,-0.06796,-0.00012,-0.00243,0.02264,0.00254,-0.59308,0.0324,0.09468,1.58553,1.32123,0.00445,-0.16891,1.42037,-0.08211,0.15572,-1.71201,-0.52504,-0.84492,-0.43329
0.22,0.18189,-0.00522,-0.00352,-0.02375,0.0213,-0.00091,0.06585,-3.90138,-0.27139,-0.07259,-0.52438,0.00939,-0.01403,0.07182,0.22551,-0.07023,-0.00027,-0.00322,0.03226,0.00313,-0.51794,-0.08273,0.09214,1.47305,1.25372,0.00246,-0.13913,1.26277,0.04156,0.13011,-1.55781,-0.4797,-0.77937,-0.40184
0.24,0.1863,-0.01012,-0.00679,-0.02832,0.02512,-0.00091,0.08756,-10.61525,-0.29823,-0.10967,-0.59201,0.00817,-0.01678,0.08599,0.18602,-0.07111,-0.00063,-0.00383,0.04386,0.00362,-0.39107,-0.21989,0.08424,1.2916,1.13275,-0.0009,-0.09941,1.06405,0.19007,0.09812,-1.31865,-0.41364,-0.67368,-0.34759
0.26,0.19552,-0.01457,-0.01106,-0.03301,0.02971,-0.00092,0.10999,-19.17994,-0.31863,-0.15599,-0.66051,0.00612,-0.01948,0.10229,0.11293,-0.07132,-0.0013,-0.0041,0.05689,0.00401,-0.22875,-0.36305,0.07681,1.06236,0.98446,-0.0059,-0.05436,0.8516,0.34897,0.06147,-1.05164,-0.34251,-0.55571,-0.28418
0.28,0.21065,-0.01786,-0.01598,-0.03768,0.03497,-0.00091,0.1318,-29.80856,-0.3356,-0.215,-0.72006,0.00307,-0.02178,0.12101,-0.00232,-0.07174,-0.00248,-0.00401,0.07018,0.00435,-0.04623,-0.50159,0.06946,0.81516,0.82602,-0.01256,-0.00822,0.6451,0.50915,0.02373,-0.78021,-0.27869,-0.44202,-0.22002
0.3,0.2309,-0.01966,-0.0207,-0.04278,0.04044,-0.00086,0.15885,-42.11534,-0.35805,-0.27132,-0.75584,-0.00111,-0.02318,0.14311,-0.16609,-0.0731,-0.00437,-0.00307,0.08275,0.00468,0.14338,-0.63084,0.06213,0.57055,0.66719,-0.02098,0.03625,0.46186,0.66375,-0.01284,-0.52605,-0.23064,-0.34462,-0.16182
0.32,0.25492,-0.02,-0.02405,-0.04901,0.04548,-0.00076,0.20089,-55.03138,-0.39669,-0.29465,-0.74937,-0.00636,-0.02311,0.16995,-0.38176,-0.07596,-0.00722,-0.0005,0.09379,0.00508,0.32566,-0.7511,0.05469,0.34355,0.51244,-0.03127,0.07751,0.31363,0.80764,-0.04661,-0.30416,-0.20391,-0.27103,-0.11421
0.34,0.28288,-0.01935,-0.0255,-0.05602,0.04977,-0.00061,0.25495,-68.31894,-0.45139,-0.29164,-0.68127,-0.01241,-0.02119,0.20193,-0.64965,-0.08084,-0.01119,0.00326,0.10093,0.00561,0.49134,-0.86252,0.04754,0.14273,0.36304,-0.04312,0.11479,0.20513,0.94218,-0.0764,-0.12232,-0.20169,-0.22527,-0.07955
0.36,0.31516,-0.01813,-0.0251,-0.06344,0.05313,-0.00043,0.3148,-82.29493,-0.51935,-0.27765,-0.53091,-0.01883,-0.01712,0.23908,-0.96664,-0.08771,-0.01622,0.00747,0.10202,0.00635,0.63858,-0.96673,0.0411,-0.02803,0.21847,-0.0557,0.14766,0.13866,1.07265,-0.10132,0.01717,-0.22518,-0.20841,-0.05829
0.38,0.35256,-0.01635,-0.02316,-0.07159,0.05539,-0.00022,0.37757,-97.15916,-0.60249,-0.25007,-0.27692,-0.02513,-0.0106,0.28156,-1.32573,-0.09577,-0.0219,0.0122,0.09653,0.00734,0.76814,-1.06937,0.03515,-0.16835,0.07797,-0.06804,0.17631,0.11377,1.20364,-0.12126,0.11658,-0.27369,-0.21873,-0.04908
0.4,0.38381,-0.01387,-0.01964,-0.08146,0.05558,-3e-05,0.46118,-110.19884,-0.68465,-0.19877,0.10084,-0.03033,-0.00138,0.33448,-1.71101,-0.10287,-0.02645,0.01713,0.08412,0.00868,0.87447,-1.17749,0.0295,-0.27929,-0.05806,-0.0796,0.20071,0.12641,1.33874,-0.13597,0.18056,-0.34463,-0.25249,-0.0491
0.42,0.38909,-0.01039,-0.01516,-0.09404,0.05254,0.00013,0.59813,-117.3664,-0.74039,-0.11409,0.61191,-0.03314,0.01096,0.40521,-2.10212,-0.10576,-0.02735,0.02175,0.06534,0.01047,0.94836,-1.29833,0.02412,-0.36133,-0.18798,-0.09002,0.22041,0.1708,1.48101,-0.14524,0.21465,-0.43423,-0.30467,-0.05483
0.44,0.36982,-0.00578,-0.01227,-0.10934,0.04729,0.00023,0.76997,-120.62166,-0.7712,-0.02338,1.25125,-0.03387,0.02688,0.49557,-2.49301,-0.10091,-0.02363,0.02608,0.04171,0.01281,0.99652,-1.43808,0.01928,-0.41833,-0.30923,-0.09764,0.23588,0.24172,1.63644,-0.14991,0.2246,-0.53856,-0.36957,-0.06307
0.46,0.33468,-0.00017,-0.01231,-0.12672,0.04106,0.00028,0.9418,-122.7629,-0.78929,0.04956,1.99718,-0.03357,0.0464,0.60415,-2.89324,-0.08545,-0.01497,0.02987,0.01544,0.01583,1.03042,-1.60154,0.01512,-0.45556,-0.4182,-0.10127,0.24748,0.33536,1.81166,-0.15095,0.21513,-0.65383,-0.44165,-0.07137
0.48,0.28106,0.00612,-0.01473,-0.14479,0.03398,0.00029,1.11075,-123.72431,-0.80476,0.10519,2.77639,-0.03218,0.06816,0.72363,-3.32489,-0.05893,-0.00198,0.03199,-0.01103,0.01951,1.05385,-1.79118,0.01168,-0.47652,-0.50942,-0.10127,0.25433,0.44878,2.01046,-0.1489,0.18938,-0.77552,-0.5155,-0.07805
0.5,0.19083,0.01236,-0.02042,-0.16444,0.02722,0.00029,1.27137,-121.879,-0.79699,0.12132,3.5562,-0.0319,0.09295,0.88139,-3.76611,-0.01328,0.01264,0.03231,-0.03518,0.02432,1.06095,-2.01307,0.00906,-0.48264,-0.5751,-0.09851,0.259,0.5774,2.22902,-0.1442,0.14862,-0.89796,-0.58526,-0.08196
0.52,0.03472,0.01695,-0.02867,-0.18673,0.02177,0.0003,1.4127,-115.81693,-0.74744,0.0921,4.3687,-0.03619,0.12396,1.12044,-4.15726,0.06086,0.02455,0.03094,-0.05267,0.03103,1.04386,-2.27339,0.0074,-0.47481,-0.60632,-0.09422,0.26463,0.71469,2.45972,-0.13736,0.09402,-1.01481,-0.64499,-0.08242
0.54,-0.18558,0.01862,-0.03397,-0.20581,0.01725,0.00033,1.51121,-107.94292,-0.71073,0.04357,5.07475,-0.04386,0.15556,1.39664,-4.54368,0.14865,0.02966,0.02595,-0.06313,0.03892,1.01205,-2.5661,0.00675,-0.45686,-0.59518,-0.08971,0.26826,0.85785,2.70388,-0.12896,0.02832,-1.11963,-0.68964,-0.07921
0.56,-0.45609,0.01654,-0.03173,-0.21626,0.01335,0.00038,1.55811,-100.32772,-0.72682,-0.01057,5.5151,-0.05297,0.18075,1.64928,-5.01746,0.23202,0.02509,0.01734,-0.07062,0.04689,0.97834,-2.88216,0.00709,-0.43324,-0.53689,-0.08601,0.26756,1.00544,2.96536,-0.11949,-0.0449,-1.20687,-0.7155,-0.07219
0.58,-0.78091,0.0093,-0.0198,-0.21744,0.01003,0.00046,1.56535,-92.95115,-0.79177,-0.06883,5.71614,-0.06407,0.19888,1.87129,-5.60564,0.30384,0.00701,0.00747,-0.07865,0.05438,0.94897,-3.2139,0.00818,-0.40759,-0.43064,-0.08398,0.26381,1.15247,3.24287,-0.10947,-0.12023,-1.27156,-0.72021,-0.06119
0.6,-1.18298,-0.00195,0.00262,-0.20814,0.00766,0.0006,1.51577,-85.01885,-0.8912,-0.12,5.62393,-0.07557,0.20708,2.04284,-6.27466,0.35749,-0.01523,-0.00209,-0.08736,0.06054,0.90665,-3.56151,0.00975,-0.38263,-0.27985,-0.08397,0.25882,1.28688,3.52064,-0.0986,-0.18977,-1.30811,-0.7023,-0.04598
0.62,-1.67681,-0.01389,0.03317,-0.18869,0.00639,0.00084,1.38975,-75.98391,-0.98949,-0.13375,5.20539,-0.08471,0.20399,2.13505,-6.94187,0.39021,-0.01875,-0.0074,-0.09285,0.0646,0.82894,-3.92475,0.01141,-0.3629,-0.09255,-0.08622,0.25455,1.39242,3.77589,-0.08691,-0.24415,-1.31092,-0.66126,-0.02671
0.64,-2.22007,-0.0272,0.06661,-0.16211,0.00551,0.00115,1.22806,-67.16359,-1.07371,-0.10764,4.62263,-0.09106,0.19308,2.14171,-7.62739,0.40047,-0.00489,-0.00709,-0.0985,0.06593,0.73863,-4.27606,0.0128,-0.35833,0.11806,-0.09126,0.25174,1.46316,4.0073,-0.07571,-0.27466,-1.27594,-0.59747,-0.00424
0.66,-2.77141,-0.04398,0.09731,-0.13135,0.0047,0.00152,1.06687,-59.28872,-1.14545,-0.06431,3.98918,-0.09411,0.17736,2.08224,-8.3652,0.38517,0.01383,-0.00431,-0.10775,0.06456,0.65983,-4.58332,0.01371,-0.38115,0.33255,-0.09971,0.2512,1.4963,4.21784,-0.06594,-0.27425,-1.20148,-0.51272,0.02014
0.68,-3.31348,-0.06393,0.11937,-0.09945,0.00404,0.00189,0.9049,-51.95887,-1.18671,-0.00898,3.32972,-0.09233,0.1592,1.98072,-9.0662,0.34809,0.03604,-0.00135,-0.11541,0.06177,0.59121,-4.82302,0.01375,-0.44422,0.52368,-0.11235,0.25475,1.48414,4.39817,-0.05799,-0.23719,-1.08902,-0.4111,0.04441
0.7,-3.819,-0.08359,0.12819,-0.06994,0.00356,0.00221,0.72289,-45.34865,-1.18961,0.05607,2.67292,-0.08614,0.13916,1.84252,-9.64229,0.29769,0.05695,0,-0.12117,0.0577,0.52029,-4.98395,0.01352,-0.55931,0.65629,-0.12926,0.26469,1.41893,4.52309,-0.05233,-0.15939,-0.9435,-0.29867,0.06554
0.72,-4.25392,-0.09848,0.12256,-0.04687,0.00315,0.00245,0.51324,-39.476,-1.14523,0.13218,2.0501,-0.07628,0.11827,1.67173,-9.98012,0.25052,0.06979,-9e-05,-0.12231,0.05256,0.42669,-5.05798,0.01467,-0.73236,0.69201,-0.14972,0.28349,1.29365,4.56312,-0.04935,-0.03936,-0.77266,-0.18327,0.08008
0.74,-4.59059,-0.11101,0.10504,-0.03402,0.00235,0.00248,0.2979,-34.06707,-1.06114,0.19982,1.49386,-0.06227,0.10066,1.51049,-9.9926,0.20976,0.05131,0.0012,-0.11019,0.04897,0.31608,-5.00346,0.01617,-0.96971,0.59669,-0.1743,0.31101,1.1132,4.52223,-0.04972,0.12008,-0.58503,-0.07297,0.08556
0.76,-4.8213,-0.12358,0.08008,-0.0336,0.00045,0.00219,0.0841,-28.93612,-0.95022,0.24265,1.03078,-0.04453,0.08789,1.38339,-9.63156,0.17368,-0.01542,0.00958,-0.07908,0.04801,0.19196,-4.79552,0.01721,-1.27161,0.34593,-0.20287,0.34607,0.88668,4.41207,-0.05366,0.31035,-0.38915,0.0264,0.08113
0.78,-4.94915,-0.13511,0.05282,-0.04628,-0.00322,0.0016,-0.12766,-23.94153,-0.80893,0.27077,0.68376,-0.02436,0.07819,1.27937,-8.82433,0.1722,-0.14249,0.02878,-0.02751,0.04815,0.02419,-4.4513,0.01952,-1.61101,-0.07295,-0.23193,0.3885,0.62483,4.23461,-0.06015,0.5151,-0.19484,0.11033,0.06754
0.8,-4.97238,-0.14956,0.02772,-0.07151,-0.01004,0.0006,-0.32451,-19.62729,-0.68121,0.25613,0.47326,-0.00351,0.07123,1.20724,-7.77271,0.14873,-0.31694,0.06881,0.04132,0.04867,-0.18508,-3.98166,0.01873,-2.00586,-0.6593,-0.26108,0.43003,0.358,4.00258,-0.06983,0.71156,-0.01429,0.17483,0.04702
0.82,-4.89668,-0.17242,0.00642,-0.10792,-0.02161,-0.00088,-0.48468,-16.21784,-0.59783,0.19094,0.41663,0.01672,0.06638,1.17217,-6.70087,0.03355,-0.46506,0.14908,0.13407,0.04874,-0.4195,-3.41211,0.0125,-2.51001,-1.39171,-0.29037,0.45807,0.10593,3.72997,-0.08511,0.87517,0.13833,0.21658,0.02278
0.84,-4.74872,-0.20851,-0.00897,-0.15353,-0.03769,-0.0027,-0.59216,-13.13181,-0.52144,0.12443,0.51147,0.03495,0.0602,1.16043,-5.50566,-0.09269,-0.57987,0.2566,0.24889,0.046,-0.71734,-2.78475,0.006,-3.09367,-2.23159,-0.31083,0.47078,-0.12712,3.43406,-0.104,0.98654,0.25055,0.23258,-0.00187
0.86,-4.54986,-0.26212,-0.01685,-0.206,-0.0572,-0.00469,-0.64183,-10.11903,-0.434,0.07476,0.71791,0.0493,0.05048,1.16374,-4.13307,-0.15524,-0.69028,0.36149,0.36769,0.03983,-1.12289,-2.12432,0.00212,-3.67746,-3.12288,-0.31266,0.46634,-0.33147,3.12198,-0.12291,1.03608,0.31414,0.221,-0.02448
0.88,-4.30459,-0.33203,-0.01769,-0.2622,-0.0792,-0.00677,-0.63396,-7.30218,-0.34476,0.03654,0.95065,0.05778,0.03722,1.17604,-2.67988,-0.14028,-0.78639,0.44882,0.47224,0.03147,-1.65612,-1.44012,0.00045,-4.13068,-3.97635,-0.28936,0.43482,-0.50324,2.78367,-0.1418,1.02308,0.32429,0.18183,-0.04324
0.9,-4.03489,-0.41585,-0.01305,-0.31871,-0.10314,-0.00889,-0.58414,-4.91437,-0.257,0.01032,1.11826,0.06,0.01984,1.19978,-1.38876,-0.1223,-0.82233,0.50475,0.55712,0.0218,-2.25224,-0.73127,0.00051,-4.73025,-4.67808,-0.23604,0.36787,-0.65315,2.43488,-0.15791,0.97212,0.27873,0.11642,-0.0573
0.92,-3.76377,-0.5046,-0.00459,-0.37202,-0.12836,-0.01094,-0.51501,-2.99743,-0.16935,-0.0025,1.14043,0.05659,-0.00047,1.23175,-0.29915,-0.17846,-0.75879,0.52134,0.6258,0.01191,-2.79893,-0.00719,0.01885,-5.98029,-5.11471,-0.14748,0.25924,-0.80285,2.08074,-0.16771,0.91204,0.17672,0.02578,-0.06699
0.94,-3.48452,-0.57151,0.00705,-0.41679,-0.15192,-0.01264,-0.43876,-1.36666,-0.07469,-0.00067,0.89572,0.04582,-0.02143,1.24523,0.71477,-0.20628,-0.64491,0.4861,0.65051,0.00384,-3.32456,0.72288,0.07259,-7.42213,-5.1978,-0.01559,0.10334,-0.96309,1.68732,-0.17279,0.84303,0.01793,-0.0915,-0.07229
0.96,-3.19495,-0.59073,0.02084,-0.44813,-0.17078,-0.01371,-0.36562,0.01139,0.02888,0.01594,0.31847,0.02804,-0.0425,1.2247,1.56624,-0.16112,-0.51553,0.40059,0.61295,-0.00179,-3.8488,1.4684,0.16243,-8.53152,-4.89847,0.1575,-0.09818,-1.14063,1.23457,-0.17554,0.76461,-0.19847,-0.23955,-0.07385
0.98,-2.90304,-0.54978,0.03561,-0.46336,-0.18326,-0.01394,-0.30671,1.10861,0.13773,0.04567,-0.55828,0.00659,-0.06302,1.16971,2.13507,-0.08406,-0.36132,0.28981,0.52917,-0.00546,-4.29508,2.24119,0.2955,-9.43383,-4.25607,0.36227,-0.33535,-1.35099,0.72667,-0.17682,0.68299,-0.47223,-0.42483,-0.07388
1,-2.61006,-0.44852,0.05092,-0.45927,-0.18731,-0.01317,-0.26874,1.94496,0.24525,0.08492,-1.61325,-0.01504,-0.08297,1.07057,2.45645,0.00275,-0.22074,0.16038,0.40805,-0.00817,-4.63955,3.02205,0.45316,-9.7806,-3.34196,0.56723,-0.57968,-1.60627,0.18757,-0.17767,0.59425,-0.80127,-0.65464,-0.07598
1.02,-2.31764,-0.29285,0.06745,-0.43424,-0.18147,-0.01127,-0.25583,2.56446,0.34231,0.13032,-2.55178,-0.0316,-0.10288,0.91682,2.70677,0.08137,-0.1145,0.03923,0.26533,-0.01127,-4.83609,3.74765,0.59165,-9.31629,-2.26471,0.71283,-0.77223,-1.91032,-0.38658,-0.17767,0.48487,-1.18332,-0.93544,-0.08417
1.04,-2.02875,-0.08698,0.08408,-0.38959,-0.16498,-0.00822,-0.26954,2.99189,0.4228,0.17741,-3.21785,-0.04047,-0.1213,0.71768,2.79305,0.13903,-0.02258,-0.03472,0.12962,-0.01495,-4.87567,4.40672,0.68128,-8.34521,-1.15889,0.78555,-0.88818,-2.26304,-1.01095,-0.1774,0.33423,-1.61298,-1.27297,-0.10117
1.06,-1.74859,0.1612,0.09834,-0.32854,-0.13788,-0.00411,-0.30913,3.2374,0.48278,0.22016,-3.62201,-0.04299,-0.13714,0.48756,2.59722,0.16459,0.04997,-0.06263,0.01661,-0.01896,-4.75677,5.03488,0.70949,-7.08815,-0.11786,0.7999,-0.9389,-2.6516,-1.6711,-0.17714,0.11137,-2.08142,-1.66938,-0.12863
1.08,-1.4815,0.44234,0.10893,-0.2566,-0.10186,0.00078,-0.37338,3.33542,0.52036,0.25343,-3.73366,-0.04024,-0.15057,0.23227,2.2484,0.15616,0.08577,-0.05911,-0.0702,-0.02307,-4.38607,5.63002,0.68169,-5.70961,0.79128,0.75466,-0.92219,-3.03852,-2.34925,-0.174,-0.22108,-2.57705,-2.11724,-0.16711
1.1,-1.21418,0.74803,0.11444,-0.17909,-0.05936,0.00596,-0.45629,3.32007,0.53432,0.27721,-3.64442,-0.03484,-0.15937,-0.04933,1.81176,0.12241,0.08948,-0.03222,-0.12823,-0.02744,-4.03278,6.18904,0.55715,-4.02812,1.51611,0.68034,-0.87028,-3.41855,-3.0675,-0.17104,-0.70968,-3.0769,-2.60673,-0.21815
1.12,-0.94058,1.07157,0.11465,-0.10449,-0.01495,0.01079,-0.5484,3.22177,0.52608,0.29631,-3.47267,-0.0296,-0.16076,-0.33961,1.35028,0.08376,0.09955,0.01916,-0.15033,-0.032,-3.90494,6.74687,0.35507,-2.23841,2.04344,0.61222,-0.8305,-3.78131,-3.88342,-0.17127,-1.43193,-3.55011,-3.12583,-0.28454
1.14,-0.67725,1.40934,0.10985,-0.04268,0.02619,0.01472,-0.64638,3.0492,0.4998,0.30547,-3.22139,-0.02475,-0.15671,-0.62971,0.97528,0.05218,0.11751,0.07352,-0.14448,-0.03554,-3.61138,7.28402,0.17871,-1.01064,2.33119,0.55104,-0.79401,-4.0154,-4.77367,-0.16648,-2.46749,-3.97031,-3.64422,-0.36502
1.16,-0.42806,1.76205,0.10081,0.00187,0.06103,0.01746,-0.74713,2.80591,0.45866,0.29942,-2.90245,-0.02025,-0.14913,-0.93159,0.74615,0.03059,0.12291,0.10797,-0.12765,-0.03749,-3.01469,7.79745,0.06227,-0.41108,2.34043,0.49695,-0.75435,-3.99563,-5.68016,-0.15188,-3.87154,-4.31357,-4.12497,-0.45634
1.18,-0.18342,2.1339,0.08938,0.02822,0.08771,0.01888,-0.84157,2.50991,0.40795,0.28436,-2.55918,-0.01651,-0.13727,-1.24044,0.68496,0.02549,0.13542,0.12899,-0.10418,-0.03792,-2.25867,8.31275,-0.00048,-0.21574,2.08639,0.45664,-0.72525,-3.63057,-6.57918,-0.12982,-5.66064,-4.5536,-4.53307,-0.55565
1.2,0.06493,2.52448,0.07683,0.0366,0.10505,0.01904,-0.92229,2.15013,0.35003,0.25609,-2.21308,-0.01362,-0.12342,-1.5314,0.71615,0.02932,0.13827,0.12617,-0.08401,-0.03672,-1.22537,8.69406,-0.01226,-0.25738,1.59323,0.41933,-0.68682,-2.87596,-7.56946,-0.09783,-8.01288,-4.65044,-4.83424,-0.67295
1.22,0.31879,2.92492,0.064,0.02794,0.11267,0.01809,-0.98263,1.72455,0.28567,0.21157,-1.87661,-0.01151,-0.10967,-1.76788,0.75582,0.03272,0.11137,0.09393,-0.07322,-0.0339,-0.03945,8.75519,0.02138,-0.4904,0.90798,0.36955,-0.61907,-1.64331,-8.79345,-0.05766,-11.30296,-4.56192,-4.99133,-0.82593
1.24,0.58154,3.31942,0.0514,0.00338,0.11133,0.01631,-1.01175,1.26782,0.22089,0.16312,-1.55921,-0.00998,-0.09462,-1.9286,0.82262,0.03634,0.08167,0.05855,-0.06338,-0.02978,1.05432,8.62043,0.10042,-0.9056,0.09652,0.30968,-0.5393,0.24185,-10.13311,-0.01793,-15.55716,-4.26565,-4.95281,-1.00639
1.26,0.86319,3.67919,0.03923,-0.0362,0.10276,0.014,-0.99969,0.80012,0.16077,0.11771,-1.26611,-0.00881,-0.07768,-1.99854,0.91775,0.04075,0.0626,0.03407,-0.05005,-0.02468,2.08762,8.43843,0.22087,-1.39852,-0.7933,0.24436,-0.45543,2.8706,-11.41693,0.01393,-20.56968,-3.74652,-4.6774,-1.1985
1.28,1.16842,3.95749,0.02779,-0.09008,0.08895,0.01142,-0.94052,0.3282,0.10749,0.07477,-1.00375,-0.0079,-0.05975,-1.95753,1.00285,0.04492,0.04878,0.01777,-0.03445,-0.01892,3.11173,8.16305,0.37583,-1.93935,-1.7227,0.17313,-0.36193,6.2418,-12.58279,0.03704,-26.16885,-2.99186,-4.14639,-1.39623
1.3,1.49393,4.09855,0.01753,-0.15725,0.07257,0.0089,-0.83649,-0.13591,0.05978,0.03181,-0.78436,-0.00719,-0.0423,-1.82625,1.02955,0.04389,0.02914,0.00717,-0.01824,-0.01341,4.05984,7.83682,0.55553,-2.56277,-2.64853,0.11127,-0.2603,10.30767,-13.66372,0.03905,-32.85526,-1.99176,-3.3604,-1.60947
1.32,1.82588,4.05069,0.00945,-0.23615,0.05589,0.00668,-0.6929,-0.55739,0.0192,-0.00851,-0.61858,-0.00661,-0.02618,-1.63617,0.97788,0.03862,0.00676,0.00054,-0.00235,-0.00886,4.73488,7.52397,0.7478,-3.35735,-3.52444,0.07152,-0.15799,15.01141,-14.73033,-0.02332,-41.47254,-0.7694,-2.33445,-1.85413
1.34,2.15427,3.79109,0.00489,-0.32481,0.03994,0.00488,-0.51189,-0.91045,-0.01038,-0.0422,-0.50873,-0.00602,-0.01125,-1.38205,0.87701,0.03503,-0.00781,-0.00218,0.01259,-0.00541,5.13565,7.12897,0.92558,-4.18407,-4.31739,0.04612,-0.06582,20.13661,-15.51912,-0.16176,-51.2059,0.61096,-1.09003,-2.09121
1.36,2.4719,3.34009,0.00504,-0.42062,0.02551,0.00355,-0.3017,-1.19568,-0.03097,-0.07133,-0.45361,-0.00531,0.00218,-1.06539,0.74145,0.03324,-0.01777,-0.00211,0.02499,-0.00325,5.36402,6.59406,1.05931,-4.82373,-5.0079,0.02927,0.0074,25.34391,-15.79298,-0.34751,-60.74138,2.06921,0.32055,-2.2788
1.38,2.75888,2.74842,0.01069,-0.51834,0.01347,0.00268,-0.07946,-1.41188,-0.04557,-0.09776,-0.44836,-0.0044,0.01358,-0.70973,0.56861,0.03095,-0.02645,-0.00105,0.03403,-0.00245,5.32196,5.97275,1.13964,-5.22984,-5.57358,0.02067,0.0565,30.35106,-15.60166,-0.55453,-69.37434,3.50363,1.8167,-2.41605
1.4,3.01406,2.07642,0.02183,-0.61403,0.00459,0.00214,0.13354,-1.55796,-0.05589,-0.12127,-0.48136,-0.00335,0.02279,-0.36115,0.36041,0.02663,-0.0335,0.00015,0.03938,-0.00273,4.90289,5.15675,1.11025,-5.25498,-6.00639,0.01884,0.07864,34.75005,-14.8177,-0.83261,-77.68622,4.76698,3.26648,-2.46255
1.42,3.23903,1.38589,0.03684,-0.70447,6e-05,0.00174,0.32952,-1.63445,-0.06291,-0.14031,-0.53777,-0.0022,0.0301,-0.03234,0.13685,0.01903,-0.03689,0.00119,0.04116,-0.00372,4.00206,4.05426,0.92509,-4.80084,-6.30417,0.02295,0.0743,38.29853,-13.46705,-1.26848,-86.73925,5.69491,4.47245,-2.38696
1.44,3.40473,0.75577,0.05358,-0.77901,0.00167,0.00127,0.50351,-1.65148,-0.06824,-0.15601,-0.6051,-0.0009,0.03553,0.2858,-0.07281,0.00789,-0.03865,0.00203,0.04062,-0.00502,2.65212,2.90943,0.67124,-3.9388,-6.44771,0.02873,0.05361,40.95953,-11.77702,-1.74974,-94.61302,6.25409,5.29231,-2.21034
1.46,3.48953,0.25508,0.07002,-0.8283,0.01108,0.0005,0.64621,-1.62211,-0.07339,-0.17038,-0.67331,0.0005,0.03911,0.57175,-0.25159,-0.00678,-0.0414,0.00268,0.0391,-0.00629,0.97867,1.90325,0.4276,-2.72859,-6.42687,0.03004,0.02807,42.85305,-9.86024,-2.14616,-99.84545,6.49759,5.66328,-1.93541
1.48,3.48953,-0.07873,0.08368,-0.85007,0.02954,-0.00081,0.75912,-1.55332,-0.07865,-0.18315,-0.73374,0.00194,0.04147,0.8079,-0.38804,-0.02456,-0.04459,0.00338,0.03771,-0.00727,-0.9897,1.02502,0.22022,-1.22946,-6.25135,0.0234,0.0042,44.40016,-7.81826,-2.45514,-103.29157,6.44033,5.55785,-1.55386
1.5,3.41905,-0.22874,0.09512,-0.84245,0.05662,-0.00267,0.85026,-1.45598,-0.08369,-0.19273,-0.77943,0.0034,0.04315,0.98674,-0.47452,-0.04386,-0.04846,0.0042,0.03757,-0.00775,-2.98487,0.38997,0.08222,0.45803,-5.95265,-0.00679,-0.0147,45.22271,-5.59541,-2.58901,-104.19923,6.13494,5.01119,-1.07494
1.52,3.29806,-0.20457,0.10875,-0.80544,0.08951,-0.00488,0.93156,-1.34044,-0.08796,-0.19734,-0.80505,0.00489,0.04462,1.10868,-0.50794,-0.06207,-0.05344,0.00508,0.03959,-0.00758,-4.69479,0.06587,0.01366,2.15112,-5.56484,-0.07829,-0.03225,44.90495,-3.26825,-2.4605,-102.03418,5.60348,4.1241,-0.53596
1.54,3.11741,-0.04027,0.12589,-0.74259,0.12544,-0.00731,1.00515,-1.21206,-0.09171,-0.19832,-0.80844,0.00644,0.04654,1.16913,-0.48987,-0.07718,-0.05871,0.00635,0.0444,-0.00674,-6.16843,-0.06711,-0.00645,3.70979,-5.09448,-0.17006,-0.04678,43.992,-1.04355,-2.05238,-96.85844,4.8314,3.07183,0.00753
1.56,2.8707,0.21566,0.14541,-0.65896,0.16188,-0.0098,1.06961,-1.07546,-0.09476,-0.19729,-0.78998,0.00806,0.04929,1.16781,-0.42584,-0.08821,-0.06303,0.00828,0.05203,-0.00529,-7.49041,-0.10306,0.00286,5.12574,-4.54879,-0.24628,-0.04927,42.9935,1.06255,-1.35685,-88.1713,3.80818,2.03056,0.49463
1.58,2.56991,0.51025,0.16741,-0.56141,0.19564,-0.0121,1.13203,-0.93564,-0.09614,-0.19393,-0.75166,0.00971,0.05277,1.12217,-0.32345,-0.09401,-0.06516,0.01022,0.06147,-0.00334,-8.64107,-0.09417,0.02864,6.43729,-3.94043,-0.28108,-0.03104,42.10792,3.11816,-0.36266,-75.33703,2.54627,1.13489,0.87125
1.6,2.24155,0.78652,0.18997,-0.4566,0.22203,-0.01376,1.19111,-0.80264,-0.09616,-0.1892,-0.69915,0.01144,0.05701,1.03754,-0.19433,-0.09452,-0.06458,0.01277,0.07185,-0.001,-9.60105,-0.05045,0.05839,7.75408,-3.27959,-0.24352,0.01291,39.73057,5.0491,0.89587,-54.63975,1.2634,0.49412,1.09627
1.62,1.91004,0.99031,0.20897,-0.35219,0.23632,-0.01434,1.242,-0.68486,-0.09516,-0.1844,-0.63853,0.01332,0.06204,0.92123,-0.04948,-0.09015,-0.06059,0.0172,0.08258,0.00155,-10.37162,-0.00556,0.07444,9.21286,-2.58398,-0.12948,0.07922,34.564,6.52637,2.04421,-26.31792,0.03207,0.10366,1.19376
1.64,1.57388,1.09535,0.21732,-0.25691,0.23876,-0.01395,1.28871,-0.58188,-0.09231,-0.17921,-0.57154,0.01519,0.06717,0.79833,0.10259,-0.08033,-0.05184,0.02098,0.09128,0.00416,-11.14644,0.00213,0.08434,10.86889,-1.86964,0.03546,0.15833,28.48124,7.5032,2.80842,4.09791,-1.19247,-0.09423,1.21741
1.66,1.23563,1.09962,0.20901,-0.17476,0.23145,-0.01287,1.33328,-0.49319,-0.08733,-0.17341,-0.49737,0.01691,0.07178,0.68241,0.25296,-0.0651,-0.03815,0.02202,0.09627,0.00677,-12.11258,-0.00577,0.10046,12.7264,-1.15927,0.23021,0.23877,23.01441,8.14415,3.22575,34.39044,-2.23248,-0.1523,1.19243
1.68,0.91009,1.01601,0.18328,-0.10538,0.21558,-0.01123,1.37215,-0.41973,-0.08069,-0.16746,-0.4135,0.01849,0.0758,0.57333,0.39304,-0.04569,-0.02101,0.02158,0.09831,0.00926,-13.30231,-0.0056,0.1213,14.77369,-0.49352,0.43557,0.31129,18.13348,8.39275,3.29702,63.69332,-2.91604,-0.12571,1.16131
1.7,0.61136,0.86534,0.13703,-0.04744,0.19388,-0.00942,1.40355,-0.36078,-0.07405,-0.16044,-0.31485,0.01996,0.07917,0.468,0.51555,-0.02384,-0.00316,0.01918,0.09779,0.01172,-14.79367,0.0008,0.14011,16.76431,0.07318,0.63567,0.37198,13.30671,8.28473,2.98285,88.77093,-3.15257,-0.07463,1.14158
1.72,0.35084,0.67565,0.07013,0.0015,0.16953,-0.00783,1.42722,-0.31492,-0.06888,-0.15101,-0.19549,0.02132,0.08186,0.36373,0.61555,-0.00189,0.01317,0.01512,0.09526,0.01446,-16.65441,0.00228,0.1507,18.34281,0.48447,0.82186,0.42139,8.22515,7.86221,2.31029,103.56612,-2.88789,-0.04198,1.14725
1.74,0.13527,0.48102,-0.0075,0.04401,0.14462,-0.00652,1.43874,-0.2805,-0.06474,-0.13991,-0.05053,0.02258,0.08386,0.26009,0.68888,0.01804,0.02637,0.01236,0.09292,0.01707,-18.85363,-0.00756,0.15557,19.5402,0.7031,0.98443,0.45955,3.88117,7.11743,1.56041,107.45592,-2.00739,-0.01303,1.19301
1.76,-0.03066,0.30442,-0.08717,0.08136,0.12069,-0.00548,1.43625,-0.25664,-0.06142,-0.12752,0.123,0.02375,0.08517,0.15518,0.73406,0.03477,0.03495,0.01198,0.09191,0.01898,-21.34957,-0.04364,0.15604,20.44373,0.72349,1.11709,0.48677,0.83789,6.16851,0.94118,103.86814,-0.50322,0.03051,1.27848
1.78,-0.14321,0.15668,-0.16514,0.11371,0.09884,-0.00474,1.4236,-0.24379,-0.05954,-0.11275,0.32393,0.02473,0.08585,0.04656,0.75346,0.04778,0.03884,0.01327,0.09145,0.01999,-24.09973,-0.11955,0.15105,20.92495,0.57134,1.2194,0.50427,-1.18552,5.08478,0.48373,92.99668,1.46469,0.11457,1.39119
1.8,-0.20505,0.04306,-0.2396,0.14009,0.07943,-0.00421,1.39019,-0.2439,-0.05876,-0.09762,0.54811,0.02564,0.0857,-0.06576,0.75218,0.05751,0.03876,0.01656,0.09111,0.01968,-27.07019,-0.2344,0.14298,21.04065,0.29893,1.28419,0.51313,-2.25153,3.91553,0.19611,76.22643,3.63122,0.24172,1.43392
1.82,-0.22926,-0.03184,-0.30874,0.15881,0.06265,-0.00377,1.32721,-0.25994,-0.05855,-0.08412,0.79322,0.02663,0.08444,-0.17734,0.73675,0.0652,0.03574,0.02281,0.09049,0.01773,-30.1907,-0.36999,0.13837,20.82881,-0.02532,1.30235,0.51343,-2.44109,2.57524,0.0486,54.94307,5.68507,0.3303,1.30155
1.84,-0.22268,-0.0674,-0.36951,0.16802,0.04871,-0.00338,1.24711,-0.29441,-0.05898,-0.07045,1.05547,0.0274,0.08216,-0.28451,0.70945,0.07145,0.03097,0.03086,0.0876,0.01407,-33.34563,-0.50292,0.14578,20.08179,-0.32906,1.27619,0.5021,-1.80015,1.04533,-0.00525,31.37377,7.36126,0.39553,1.04576
1.86,-0.18908,-0.069,-0.42009,0.16617,0.03757,-0.00303,1.15567,-0.34968,-0.06004,-0.05577,1.333,0.02773,0.07881,-0.38709,0.6717,0.07694,0.02529,0.03896,0.08106,0.00884,-36.37033,-0.60397,0.17034,18.57417,-0.54532,1.20759,0.47245,-0.32033,-0.51226,-0.01899,8.02575,8.50302,0.50139,0.74564
1.88,-0.13418,-0.04359,-0.45901,0.15205,0.02896,-0.00268,1.04722,-0.42817,-0.06144,-0.04115,1.63202,0.02776,0.07412,-0.48464,0.62731,0.08319,0.01928,0.04628,0.07092,0.00261,-39.01969,-0.62799,0.21028,16.12251,-0.6196,1.09233,0.41442,2.05902,-2.05284,-0.03425,-14.77768,9.11163,0.60464,0.42052
1.9,-0.05136,0.00073,-0.48517,0.12485,0.02256,-0.00233,0.91577,-0.53033,-0.06264,-0.02857,1.95665,0.02739,0.06777,-0.57861,0.57659,0.09107,0.01347,0.05195,0.05712,-0.00376,-41.26417,-0.49601,0.25909,12.69317,-0.51148,0.92715,0.32487,5.33246,-3.45145,-0.06313,-32.3714,9.21515,0.7364,0.14167
1.92,0.0711,0.05315,-0.49687,0.08414,0.0181,-0.00197,0.75855,-0.6551,-0.06305,-0.01927,2.3024,0.02646,0.0596,-0.67133,0.5196,0.10132,0.00833,0.05529,0.04019,-0.00876,-43.02208,-0.14704,0.30765,8.13929,-0.19892,0.71076,0.19729,9.1863,-4.55601,-0.09165,-41.52654,8.90214,0.91143,-0.03734
1.94,0.25088,0.10109,-0.49041,0.02979,0.01538,-0.00164,0.57977,-0.80145,-0.06273,-0.01223,2.66463,0.02521,0.04968,-0.76211,0.45962,0.11552,0.0042,0.05538,0.02122,-0.01145,-43.76224,0.441,0.34137,2.09842,0.32366,0.44205,0.00831,13.59364,-5.3292,-0.09136,-45.54168,8.36073,1.01826,-0.10121
1.96,0.51606,0.13333,-0.46199,-0.03706,0.0142,-0.00135,0.38213,-0.96782,-0.06185,-0.00678,3.02324,0.02366,0.03828,-0.8478,0.3994,0.13488,0.00158,0.05176,0.00106,-0.01186,-42.94382,1.30517,0.34597,-5.67323,1.06225,0.12567,-0.2665,18.85961,-5.82425,-0.02652,-46.83046,7.7194,0.98492,-0.02456
1.98,0.91201,0.13591,-0.40788,-0.1135,0.01439,-0.00109,0.16729,-1.15171,-0.06032,-0.00287,3.32081,0.0214,0.02601,-0.92244,0.3423,0.15968,0.00126,0.04514,-0.01955,-0.01018,-40.16886,2.49608,0.31405,-15.2593,2.04011,-0.22236,-0.63579,25.37009,-6.20151,0.14353,-45.94418,7.01775,0.80371,0.21837
2,1.40601,0.09844,-0.33575,-0.19357,0.01554,-0.00081,-0.05854,-1.34096,-0.05798,-8e-05,3.53039,0.01839,0.01356,-0.9796,0.29342,0.18832,0.00405,0.03574,-0.03931,-0.00737,-35.30445,3.89423,0.24353,-26.83815,3.2572,-0.58721,-1.09072,32.29689,-6.22389,0.3899,-39.93834,6.1507,0.52318,0.60459
2.02,1.86041,0.00348,-0.2586,-0.26816,0.01647,-0.00044,-0.28711,-1.51931,-0.05492,0.00285,3.64081,0.01459,0.00212,-1.013,0.26117,0.21744,0.01051,0.02441,-0.0562,-0.00432,-28.1658,5.10207,0.14128,-40.87148,4.63977,-0.93889,-1.64305,37.84708,-5.74405,0.57238,-29.00205,5.02969,0.16374,0.9916
2.04,2.2866,-0.1881,-0.1734,-0.3307,0.01517,-5e-05,-0.51038,-1.68343,-0.05153,0.00718,3.54083,0.00918,-0.00717,-1.01395,0.25665,0.24462,0.02032,0.01313,-0.06884,-0.00136,-18.1833,5.98913,0.02477,-57.31752,6.12023,-1.2177,-2.26871,42.66371,-5.25238,0.68826,-18.88351,3.71865,-0.28244,1.27413
2.06,2.74602,-0.51126,-0.07874,-0.37692,0.00935,9e-05,-0.72191,-1.83295,-0.04821,0.01342,3.15926,0.00199,-0.01411,-0.97796,0.28846,0.26676,0.0327,0.00309,-0.07646,0.00102,-5.1601,6.61503,-0.08035,-75.54334,7.62934,-1.37198,-2.88762,48.01982,-5.02969,0.78391,-11.56009,2.23565,-0.75976,1.44607
2.08,3.17978,-0.99889,0.01634,-0.40237,-0.00401,-0.00046,-0.91774,-1.96459,-0.04542,0.02161,2.5482,-0.00667,-0.01889,-0.90748,0.36063,0.27821,0.04713,-0.0053,-0.07802,0.00246,10.54445,6.8027,-0.14874,-94.59535,9.06121,-1.37618,-3.40343,53.39555,-5.00625,0.82057,-6.20697,0.56269,-1.21685,1.47984
2.1,3.49771,-1.61915,0.10537,-0.4029,-0.03063,-0.00221,-1.09168,-2.04659,-0.04291,0.03191,1.73194,-0.01603,-0.02217,-0.81234,0.47381,0.27519,0.05874,-0.01154,-0.07196,0.00286,28.12587,6.25922,-0.14642,-114.42857,9.85467,-1.22193,-3.71002,57.95215,-5.02337,0.79579,-2.53932,-1.23633,-1.60623,1.34987
2.12,3.58849,-2.28009,0.18572,-0.37563,-0.07652,-0.00565,-1.2388,-2.03641,-0.04054,0.04423,0.82331,-0.02381,-0.02486,-0.70457,0.62502,0.25567,0.0622,-0.01433,-0.05703,0.00228,46.42647,4.86131,0.01968,-135.38697,9.23262,-0.92447,-3.77755,60.56582,-4.83807,0.73054,-0.28754,-3.07188,-1.88385,1.08119
2.14,3.46595,-2.92982,0.25745,-0.32274,-0.13918,-0.01093,-1.36014,-1.95223,-0.03892,0.05673,0.00798,-0.0294,-0.02749,-0.58744,0.80638,0.21754,0.05893,-0.01432,-0.03404,0.00079,63.88181,3.02466,0.39772,-154.1108,7.56992,-0.52643,-3.45952,61.20342,-4.56338,0.64699,0.85864,-4.84599,-2.04731,0.79019
2.16,3.16053,-3.49981,0.31596,-0.25018,-0.2124,-0.01781,-1.45886,-1.81319,-0.03796,0.06748,-0.64685,-0.03364,-0.03047,-0.4647,1.00447,0.16318,0.04902,-0.01303,-0.00417,-0.00145,78.75608,1.20957,0.91811,-166.78594,5.55942,-0.09033,-2.59579,60.39855,-4.39206,0.56333,1.23935,-6.47349,-2.11266,0.54755
2.18,2.63866,-3.8929,0.35047,-0.16705,-0.29192,-0.02594,-1.53958,-1.60879,-0.03648,0.07612,-1.13016,-0.03629,-0.03428,-0.34372,1.19913,0.10038,0.03054,-0.01045,0.03029,-0.00422,89.65588,-0.07115,1.54801,-171.8022,3.38248,0.32565,-1.22947,57.6641,-4.20004,0.47641,1.14702,-7.89539,-2.10331,0.35393
2.2,2.04537,-3.96398,0.35573,-0.08625,-0.36108,-0.03445,-1.57463,-1.36722,-0.03231,0.08393,-1.45932,-0.03735,-0.03901,-0.22656,1.37227,0.03916,0.00448,-0.00774,0.06589,-0.00711,94.05401,-1.11564,2.13704,-166.92945,1.64079,0.65929,0.49958,53.58856,-4.26346,0.3737,0.83489,-9.08912,-2.04477,0.22621
2.22,1.4699,-3.62767,0.32371,-0.02224,-0.40342,-0.04232,-1.52663,-1.11179,-0.02287,0.09297,-1.67516,-0.03683,-0.04441,-0.11609,1.51096,-0.01308,-0.02732,-0.00551,0.10157,-0.00934,90.17028,-2.19705,2.56014,-151.47306,0.60932,0.85899,2.11747,49.17897,-4.94917,0.244,0.49275,-10.05258,-1.9649,0.15944
2.24,0.85243,-2.98427,0.23627,0.01363,-0.41124,-0.04925,-1.41542,-0.83413,-0.006,0.10366,-1.80231,-0.03456,-0.05052,-0.01715,1.59428,-0.05297,-0.06196,-0.0031,0.13209,-0.01074,79.57343,-2.43275,2.76204,-126.85851,0.07041,0.92699,3.25173,44.07415,-5.82913,0.09295,0.21559,-10.74977,-1.90437,0.12248
2.26,0.22432,-2.14099,0.08943,0.0177,-0.38435,-0.05519,-1.26027,-0.54054,0.02014,0.11545,-1.86087,-0.03048,-0.05728,0.06999,1.61276,-0.08025,-0.09599,-0.00112,0.15134,-0.01151,64.90716,-1.70613,2.63221,-96.7922,-0.1077,0.89075,3.8023,37.98963,-6.42739,-0.05424,0.05192,-11.16098,-1.88649,0.09976
2.28,-0.33862,-1.17094,-0.10473,-0.00634,-0.32399,-0.06007,-1.05687,-0.25173,0.05532,0.12784,-1.87217,-0.02455,-0.06426,0.14537,1.57934,-0.09754,-0.12717,-0.00039,0.15905,-0.01157,48.85761,-0.62032,2.15799,-66.62397,-0.02417,0.77471,3.79505,31.24742,-6.61454,-0.16306,0.00073,-11.31517,-1.9042,0.08715
2.3,-0.81035,-0.1697,-0.32398,-0.04924,-0.23093,-0.06223,-0.83644,0.01008,0.09724,0.14023,-1.84572,-0.01776,-0.0707,0.21009,1.50251,-0.10745,-0.15329,-0.00106,0.15463,-0.01112,33.21756,0.2926,1.30121,-39.71594,0.17246,0.6479,3.39857,24.61942,-6.21858,-0.20783,0.00586,-11.26915,-1.95885,0.07603
2.32,-1.24994,0.73978,-0.53154,-0.10238,-0.12001,-0.06005,-0.63019,0.23368,0.14331,0.15227,-1.78523,-0.01094,-0.07569,0.26828,1.39258,-0.11168,-0.17249,-0.00275,0.13899,-0.01041,19.84051,0.61677,0.35548,-19.41954,0.27634,0.56414,3.23677,18.87049,-5.18305,-0.18588,-0.01439,-11.0994,-2.05892,0.06016
2.34,-1.65412,1.47665,-0.70636,-0.15754,-0.01631,-0.05528,-0.44265,0.41192,0.18652,0.1611,-1.69765,-0.00422,-0.07877,0.31741,1.27238,-0.11319,-0.18547,-0.00489,0.11692,-0.00943,10.582,0.46182,-0.29853,-7.25222,0.30969,0.50606,3.58847,13.75164,-3.61256,-0.10956,-0.13362,-10.87911,-2.19011,0.04121
2.36,-1.96662,2.03472,-0.84455,-0.20666,0.07024,-0.04955,-0.28457,0.53654,0.21898,0.16431,-1.58798,0.00174,-0.07973,0.35349,1.15624,-0.11399,-0.19351,-0.00707,0.09179,-0.00822,5.5328,0.04472,-0.57549,-1.09559,0.33358,0.46983,4.208,9.01796,-1.69195,-0.00269,-0.42623,-10.66698,-2.34566,0.02191
2.38,-2.19038,2.43006,-0.9418,-0.24649,0.13762,-0.043,-0.16717,0.61019,0.23634,0.16329,-1.45901,0.00622,-0.07821,0.37806,1.04743,-0.11391,-0.19703,-0.00902,0.06514,-0.00689,3.69512,-0.50816,-0.52002,2.28428,0.3456,0.45612,5.01961,4.91021,0.35366,0.10434,-0.91768,-10.50362,-2.54482,0.00441
2.4,-2.33398,2.69082,-1.00195,-0.27584,0.18469,-0.03613,-0.09079,0.63905,0.23843,0.1544,-1.31761,0.0089,-0.07422,0.38909,0.94892,-0.11385,-0.19597,-0.01049,0.03824,-0.00567,4.06793,-1.02641,-0.2584,5.78163,0.2903,0.45501,5.21305,1.5744,2.28482,0.2088,-1.61996,-10.41449,-2.79234,-0.00893
2.42,-2.41198,2.85132,-1.03112,-0.29516,0.21114,-0.0295,-0.05157,0.6311,0.22741,0.13532,-1.17093,0.00978,-0.06783,0.38464,0.86227,-0.11467,-0.19005,-0.0113,0.01243,-0.00472,5.4157,-1.2375,-0.0027,11.09465,0.0732,0.45361,4.1671,-0.95791,3.81632,0.32012,-2.55909,-10.41328,-3.08893,-0.01419
2.44,-2.41207,2.94609,-1.02947,-0.30558,0.22091,-0.02361,-0.0438,0.59526,0.20256,0.11262,-1.02299,0.00902,-0.05913,0.36926,0.78681,-0.1147,-0.1804,-0.01153,-0.01116,-0.00401,6.49878,-1.06286,0.07023,18.43843,-0.27254,0.4174,2.72525,-2.91276,4.82471,0.42316,-3.66773,-10.49139,-3.46551,-0.01025
2.46,-2.32328,3.00569,-0.99749,-0.308,0.21973,-0.0187,-0.061,0.53918,0.16686,0.09025,-0.87863,0.00699,-0.04836,0.34586,0.71991,-0.11273,-0.16824,-0.0114,-0.03218,-0.00353,6.76228,-0.62946,-0.07442,27.09915,-0.60551,0.30901,1.34689,-4.51465,5.36865,0.51497,-4.86929,-10.63733,-3.94538,-0.0004
2.48,-2.1748,3.05781,-0.9396,-0.30386,0.21105,-0.01472,-0.09708,0.47094,0.12856,0.06847,-0.74482,0.00426,-0.03597,0.31422,0.65702,-0.10896,-0.1538,-0.01104,-0.05061,-0.00328,5.96702,-0.00331,-0.38601,35.16679,-0.81584,0.11927,0.08334,-5.8141,5.55828,0.60833,-6.16207,-10.85273,-4.52032,0.01246
2.5,-1.9629,3.10535,-0.86443,-0.29327,0.19825,-0.0116,-0.14627,0.39262,0.09127,0.04736,-0.63165,0.00133,-0.02312,0.27469,0.59375,-0.10313,-0.13863,-0.01046,-0.06623,-0.00313,4.29798,0.74827,-0.80507,40.47116,-0.79794,-0.14051,-0.89217,-7.0135,5.4975,0.71942,-7.6272,-11.11535,-5.20612,0.02784
2.52,-1.68862,3.14336,-0.78216,-0.27629,0.18425,-0.00923,-0.20315,0.30757,0.05767,0.02798,-0.54854,-0.00136,-0.01071,0.22765,0.52579,-0.09512,-0.12428,-0.00967,-0.07871,-0.00292,2.22009,1.56689,-1.29283,41.13842,-0.50849,-0.43179,-1.51141,-8.26516,5.27764,0.86042,-9.38411,-11.38914,-6.02424,0.0462
2.54,-1.39818,3.19304,-0.6998,-0.25425,0.17111,-0.00743,-0.26312,0.22497,0.03289,0.01262,-0.49872,-0.00355,0.00098,0.17344,0.44871,-0.08549,-0.11043,-0.00882,-0.08825,-0.00252,0.25821,2.28221,-1.74464,36.3711,-0.00471,-0.71161,-1.76825,-9.47642,5.04085,1.02957,-11.49683,-11.66289,-6.93602,0.06667
2.56,-1.12313,3.2688,-0.62251,-0.22809,0.16015,-0.006,-0.32249,0.14903,0.01665,0.00183,-0.48082,-0.0053,0.01136,0.11255,0.3608,-0.07479,-0.09697,-0.00804,-0.09537,-0.00178,-1.11829,2.73494,-2.0531,26.72323,0.58874,-0.94516,-1.68924,-10.56117,4.89024,1.22093,-14.00139,-11.91724,-7.89103,0.08841
2.58,-0.87261,3.36353,-0.55343,-0.1981,0.15198,-0.00474,-0.37759,0.08016,0.0056,-0.00479,-0.48916,-0.00673,0.01989,0.04587,0.26378,-0.06355,-0.08454,-0.00722,-0.10043,-0.00058,-1.67472,2.85804,-2.08659,12.92177,1.13064,-1.10916,-1.39875,-11.48723,4.84798,1.42931,-16.90953,-12.1012,-8.85614,0.10959
2.6,-0.63462,3.4395,-0.49171,-0.16377,0.1459,-0.00339,-0.42587,0.0194,-0.00268,-0.00767,-0.51136,-0.00784,0.02629,-0.02457,0.1614,-0.05254,-0.07341,-0.00655,-0.10383,0.0012,-1.36074,2.79648,-1.93184,-2.77025,1.52456,-1.19094,-0.87826,-12.33707,4.85167,1.67797,-20.56812,-12.15491,-9.76931,0.133
2.62,-0.40638,3.44381,-0.43548,-0.12546,0.14043,-0.00177,-0.46505,-0.03109,-0.00965,-0.00737,-0.53237,-0.00848,0.03047,-0.09579,0.05885,-0.04251,-0.0637,-0.00618,-0.10598,0.00364,-0.51138,2.69844,-1.61939,-17.78578,1.73861,-1.1881,-0.03599,-13.14604,4.81276,1.98361,-25.45105,-12.01636,-10.5378,0.15871
2.64,-0.20345,3.37882,-0.38365,-0.08534,0.13503,0.0002,-0.49016,-0.06993,-0.01594,-0.00472,-0.54195,-0.00869,0.03231,-0.1642,-0.03951,-0.0339,-0.05538,-0.00579,-0.10714,0.00677,0.30565,2.46388,-0.93522,-29.58841,1.75374,-1.10934,0.80143,-13.68669,4.74992,2.30745,-31.40493,-11.61302,-11.07888,0.1723
2.66,-0.01586,3.25394,-0.33579,-0.0455,0.1288,0.00249,-0.4956,-0.09808,-0.02174,-0.00063,-0.53451,-0.00846,0.03191,-0.22569,-0.13164,-0.0268,-0.04822,-0.00522,-0.10745,0.01051,0.55484,2.09911,0.04708,-36.52535,1.60269,-0.97403,1.38126,-13.72958,4.71146,2.61072,-38.19736,-10.88777,-11.30229,0.1615
2.68,0.1809,3.0431,-0.29261,-0.00847,0.11945,0.00491,-0.47673,-0.11765,-0.0268,0.00394,-0.50813,-0.00763,0.02976,-0.27533,-0.21676,-0.02087,-0.04214,-0.00451,-0.10693,0.01452,-0.10085,1.62964,1.2861,-38.28136,1.37846,-0.80952,1.75451,-13.11919,4.72296,2.86475,-45.8996,-9.81084,-11.08235,0.12468
2.7,0.4019,2.77943,-0.2515,0.02165,0.10651,0.00717,-0.42845,-0.13297,-0.03084,0.00811,-0.46709,-0.00637,0.02637,-0.30707,-0.29309,-0.01554,-0.03636,-0.00361,-0.10502,0.01859,-1.64939,1.17192,1.93406,-30.58921,1.16694,-0.62369,1.69824,-11.72055,4.60044,3.05393,-55.01368,-8.32997,-10.37985,0.07012
2.72,0.64388,2.50105,-0.20952,0.03948,0.09001,0.009,-0.34642,-0.14907,-0.03364,0.01152,-0.41802,-0.0048,0.02241,-0.31458,-0.35752,-0.01011,-0.03027,-0.00245,-0.101,0.02265,-3.43405,1.0769,1.41586,-15.13451,1.07419,-0.42937,1.24182,-9.32021,4.0367,3.14717,-66.12676,-6.43337,-9.16559,0.00427
2.74,0.90542,2.17457,-0.16872,0.0412,0.06901,0.01007,-0.23006,-0.16737,-0.03506,0.01347,-0.36496,-0.00276,0.01876,-0.29384,-0.40889,-0.00393,-0.02486,-0.00103,-0.09492,0.02586,-4.76611,1.27833,0.68955,0.08724,1.19399,-0.26776,0.7671,-5.58613,3.17813,3.0691,-78.89788,-4.19017,-7.27229,-0.0704
2.76,1.18563,1.7811,-0.12834,0.02601,0.04443,0.01013,-0.0828,-0.18628,-0.03515,0.0131,-0.31019,-0.00028,0.01599,-0.24448,-0.44718,0.0032,-0.02088,0.00073,-0.08695,0.02742,-5.26152,1.58695,0.23079,12.81199,1.54146,-0.15153,0.38684,-0.25974,2.23019,2.78028,-92.72584,-1.67612,-4.67287,-0.14929
2.78,1.46458,1.33162,-0.0839,-0.00389,0.01875,0.00906,0.08587,-0.20231,-0.03403,0.00989,-0.25455,0.00246,0.01426,-0.17068,-0.47213,0.01083,-0.01818,0.00292,-0.07707,0.02731,-4.4729,2.08599,-0.04122,22.83274,2.03788,-0.06695,0.06931,6.78438,1.0546,2.28746,-107.19107,1.02107,-1.51956,-0.23993
2.8,1.70448,0.87734,-0.03299,-0.04293,-0.00245,0.0072,0.26173,-0.20769,-0.03211,0.00272,-0.19679,0.00532,0.01366,-0.08282,-0.48398,0.01765,-0.01599,0.00575,-0.06635,0.02549,-2.02272,2.76862,-0.04461,29.17245,2.50511,-0.01985,-0.20289,15.56366,-0.25799,1.59904,-122.89384,3.75941,1.97189,-0.35454
2.82,1.86108,0.48452,0.02439,-0.08403,-0.01505,0.00518,0.43625,-0.19382,-0.02981,-0.00897,-0.13486,0.00817,0.01416,0.00868,-0.48343,0.02167,-0.0134,0.00982,-0.05602,0.02219,2.09846,3.43372,0.28017,30.65058,2.70763,0.00826,-0.41325,26.11311,-1.50717,0.76361,-140.56111,6.3032,5.37883,-0.50307
2.84,1.91171,0.15083,0.08613,-0.12051,-0.02077,0.00301,0.59791,-0.15825,-0.02716,-0.02527,-0.06718,0.01093,0.01558,0.09662,-0.47133,0.02114,-0.01076,0.01515,-0.04636,0.01804,7.43384,3.82418,0.74595,27.95144,2.49389,0.04916,-0.56472,38.11351,-2.76572,-0.1098,-158.21513,8.46528,8.35205,-0.71181
2.86,1.83711,-0.1172,0.14904,-0.14767,-0.02057,0.00069,0.73358,-0.10218,-0.02407,-0.04692,0.00675,0.01348,0.01781,0.175,-0.44662,0.01506,-0.00827,0.02124,-0.03765,0.01358,13.56297,3.89851,1.14312,23.0408,1.81268,0.10268,-0.68927,50.8923,-4.03956,-0.89822,-173.57682,10.14975,10.74852,-1.01075
2.88,1.61832,-0.27542,0.2103,-0.16363,-0.01362,-0.00136,0.84056,-0.02928,-0.02058,-0.0747,0.08542,0.01562,0.02082,0.24192,-0.4056,0.00347,-0.0058,0.02755,-0.03015,0.00924,19.75015,3.61713,1.36647,16.43713,0.6823,0.17704,-0.75602,63.86325,-5.13004,-1.55087,-185.36437,11.22391,12.45424,-1.40311
2.9,1.27706,-0.31092,0.26973,-0.16913,0.00028,-0.00293,0.9183,0.05334,-0.01713,-0.10527,0.16513,0.01749,0.02453,0.29676,-0.34328,-0.01253,-0.00392,0.03409,-0.02368,0.0053,25.27403,3.05279,1.34046,10.26458,-0.75511,0.24805,-0.78174,75.35276,-5.85825,-1.829,-192.37318,11.56283,13.25312,-1.90476
2.92,0.83724,-0.23017,0.3293,-0.1664,0.02126,-0.0039,0.96851,0.14168,-0.01411,-0.1307,0.24113,0.0194,0.02883,0.33905,-0.25484,-0.0307,-0.00299,0.0412,-0.01782,0.00216,29.73528,2.45547,1.25723,6.29755,-2.37081,0.2497,-0.85595,83.59701,-5.88851,-1.16215,-193.87751,11.02719,12.84515,-2.53237
2.94,0.3108,-0.05107,0.38945,-0.15765,0.04934,-0.00421,0.99452,0.23308,-0.01141,-0.15033,0.30836,0.02094,0.03349,0.37158,-0.13841,-0.04891,-0.00324,0.04717,-0.01224,0.0002,32.48771,1.82669,1.18253,3.51606,-4.03339,0.19607,-0.92218,88.16829,-5.04966,0.16973,-186.74448,9.73476,11.47523,-3.1933
2.96,-0.26817,0.18991,0.44864,-0.14484,0.08393,-0.00392,0.99964,0.3241,-0.00916,-0.16604,0.36251,0.02172,0.03807,0.39712,0.00294,-0.06591,-0.00514,0.05031,-0.00682,-0.00063,33.18258,1.16533,1.1228,1.36113,-5.57703,0.12641,-0.91993,89.29492,-3.75202,1.48997,-169.86574,7.93925,9.56578,-3.78575
2.98,-0.85025,0.44649,0.50267,-0.12963,0.12341,-0.00315,0.98956,0.41369,-0.00776,-0.17463,0.40047,0.02187,0.04176,0.41624,0.15942,-0.08041,-0.009,0.05093,-0.00177,-0.0006,31.9108,0.53623,1.09242,0.04604,-6.90811,0.03391,-0.87821,87.74713,-2.34754,2.72283,-145.72984,5.75464,7.2376,-4.22794
3,-1.39473,0.67331,0.54922,-0.11353,0.16428,-0.00204,0.96436,0.50359,-0.00713,-0.17561,0.41966,0.02135,0.04394,0.42726,0.3155,-0.09216,-0.01467,0.04847,0.00239,-4e-05,29.3561,-0.00757,1.05809,-0.50005,-7.95182,-0.04914,-0.79449,82.1414,-1.07024,3.22832,-112.50057,3.84481,5.13635,-4.33722
3.02,-1.88682,0.83263,0.58583,-0.09719,0.20174,-0.0008,0.92245,0.59788,-0.00675,-0.16891,0.41823,0.02016,0.0441,0.42761,0.455,-0.10159,-0.02158,0.04276,0.0051,0.00075,26.43216,-0.39753,0.99446,-0.4251,-8.65607,-0.0909,-0.67049,71.90255,-0.23208,2.45173,-72.64343,2.43029,3.59625,-4.01305
3.04,-2.29035,0.89033,0.60135,-0.07966,0.23189,0.00035,0.86858,0.69482,-0.0061,-0.15386,0.39512,0.01841,0.04107,0.41722,0.56241,-0.10773,-0.0289,0.03547,0.00599,0.00154,23.17146,-0.59027,0.9013,0.13918,-9.00186,-0.11052,-0.53996,60.59203,0.01019,1.05254,-34.0622,1.05529,2.23244,-3.36644
3.06,-2.57055,0.8305,0.58855,-0.05907,0.2519,0.00124,0.80625,0.79041,-0.00403,-0.1308,0.35108,0.01619,0.03428,0.39582,0.62711,-0.10967,-0.03572,0.02777,0.00512,0.00212,19.48521,-0.59218,0.77167,1.14132,-8.98395,-0.11953,-0.42212,50.75528,-0.21802,-0.41613,0.87555,-0.28317,0.96191,-2.57025
3.08,-2.73715,0.6658,0.55036,-0.03279,0.25967,0.00174,0.73507,0.88489,0.00079,-0.10057,0.28938,0.01368,0.02427,0.36122,0.64652,-0.10755,-0.0411,0.02011,0.00305,0.00236,15.70817,-0.44401,0.58933,2.56434,-8.63108,-0.11466,-0.32086,42.52116,-0.73079,-1.87216,33.39501,-1.43185,-0.12858,-1.73155
3.1,-2.79306,0.43027,0.49035,0.00262,0.25452,0.00174,0.65099,0.97779,0.00902,-0.06876,0.21489,0.01083,0.01163,0.3123,0.62211,-0.10112,-0.04424,0.01265,0.00067,0.00218,12.14155,-0.23453,0.36341,4.2888,-8.00634,-0.09479,-0.24006,35.17544,-1.35293,-3.29719,63.79733,-2.39621,-1.05215,-0.96939
3.12,-2.74415,0.16966,0.4152,0.0505,0.23673,0.00115,0.55115,1.067,0.02087,-0.03822,0.13382,0.0078,-0.00217,0.24799,0.55864,-0.0903,-0.04446,0.00582,-0.00108,0.00154,8.98326,-0.06155,0.1421,6.09964,-7.18705,-0.06084,-0.18074,27.75897,-1.91551,-4.5718,89.21563,-3.29646,-1.82164,-0.33644
3.14,-2.61988,-0.07252,0.33416,0.11308,0.20712,-7e-05,0.43652,1.1493,0.03495,-0.00768,0.05213,0.0051,-0.01538,0.16571,0.4633,-0.07612,-0.04106,0.00032,-0.00165,0.00041,6.10398,0.0143,-0.04323,7.95398,-6.24059,-0.02157,-0.1389,20.79636,-2.28006,-5.43007,108.2867,-3.99642,-2.40188,0.18993
3.16,-2.44455,-0.26222,0.25582,0.1905,0.16739,-0.00188,0.30675,1.2192,0.04879,0.02084,-0.02659,0.00288,-0.02739,0.06451,0.34414,-0.05954,-0.03372,-0.00384,-0.00111,-0.00112,3.24093,-0.05044,-0.17832,9.94716,-5.233,0.01965,-0.10564,14.85094,-2.3416,-5.84192,121.94246,-4.23387,-2.73365,0.60134
3.18,-2.23373,-0.37997,0.18835,0.28015,0.11994,-0.00417,0.16047,1.26799,0.06049,0.04426,-0.10051,0.00099,-0.03786,-0.0547,0.20997,-0.04082,-0.02267,-0.00692,-4e-05,-0.00292,0.2393,-0.26313,-0.24361,12.16535,-4.23333,0.06847,-0.07096,9.56737,-2.04822,-5.91583,128.52036,-3.92284,-2.77597,0.87695
3.2,-1.98952,-0.41504,0.13136,0.3753,0.0676,-0.00672,-0.00252,1.29781,0.06845,0.06173,-0.16857,-0.00071,-0.0464,-0.18859,0.0697,-0.02002,-0.00857,-0.0091,0.00054,-0.00472,-2.9169,-0.61468,-0.25549,14.39238,-3.31597,0.11498,-0.02994,5.22633,-1.34333,-5.52543,127.85358,-2.99864,-2.51649,1.0107
3.22,-1.71536,-0.36564,0.08319,0.46631,0.01303,-0.00924,-0.17142,1.31331,0.07175,0.07502,-0.23012,-0.00242,-0.05253,-0.32884,-0.06813,0.00339,0.00755,-0.01064,-0.00053,-0.0061,-6.20169,-1.09277,-0.24118,16.2471,-2.54033,0.14247,0.01686,2.03965,-0.34995,-4.69476,120.69155,-1.51479,-1.97166,1.00964
3.24,-1.43211,-0.24307,0.04896,0.54667,-0.0421,-0.01148,-0.33471,1.29552,0.07009,0.08339,-0.28471,-0.0043,-0.05627,-0.47044,-0.19791,0.0304,0.0244,-0.01161,-0.00423,-0.00689,-9.76107,-1.64129,-0.20379,17.88849,-1.92592,0.15424,0.06661,-0.27233,0.6687,-3.83395,107.85873,0.3608,-1.1797,0.8807
3.26,-1.15119,-0.05911,0.02815,0.61304,-0.09687,-0.01326,-0.4896,1.23176,0.06387,0.08536,-0.33183,-0.00627,-0.05785,-0.61263,-0.31847,0.06172,0.04046,-0.01203,-0.01108,-0.00705,-13.61957,-2.18945,-0.147,19.40393,-1.46981,0.15177,0.10941,-1.84927,1.57336,-3.16396,91.09825,2.43361,-0.19872,0.65269
3.28,-0.87108,0.17585,0.01391,0.66227,-0.15087,-0.01441,-0.63173,1.13049,0.05429,0.08246,-0.37043,-0.00827,-0.0572,-0.75268,-0.43087,0.09763,0.05391,-0.01201,-0.02106,-0.00654,-17.54358,-2.68835,-0.08416,20.39638,-1.15558,0.12892,0.1336,-2.74032,2.26866,-2.65474,71.44251,4.50454,0.88898,0.38441
3.3,-0.58904,0.44446,-0.00133,0.69335,-0.2019,-0.01475,-0.75772,0.98892,0.04256,0.07617,-0.39827,-0.00992,-0.05452,-0.88357,-0.53644,0.13717,0.06328,-0.01125,-0.03338,-0.00552,-21.2612,-3.12191,-0.02285,20.58315,-0.95101,0.09334,0.13507,-2.84843,2.67582,-2.25658,52.06702,6.31848,1.97315,0.14854
3.32,-0.30489,0.71572,-0.02226,0.70626,-0.24559,-0.01412,-0.86547,0.81031,0.03012,0.06794,-0.41274,-0.01072,-0.05008,-0.99477,-0.63625,0.1778,0.06793,-0.00931,-0.04643,-0.00419,-24.44579,-3.48295,0.03611,19.62857,-0.82033,0.05445,0.11099,-2.24779,2.72939,-1.90096,35.59453,7.60396,2.95049,0.00668
3.34,-0.01988,0.96902,-0.05234,0.70072,-0.28031,-0.01266,-0.95384,0.6171,0.01864,0.05854,-0.41283,-0.01069,-0.04399,-1.08195,-0.73137,0.21666,0.06695,-0.00633,-0.05921,-0.00251,-26.87524,-3.683,0.09315,17.18284,-0.73227,0.01821,0.05982,-1.21041,2.47997,-1.56734,21.09155,8.31631,3.71302,-0.02075
3.36,0.27059,1.19814,-0.09666,0.67738,-0.30513,-0.01057,-1.02353,0.42111,0.00912,0.04861,-0.39918,-0.0101,-0.03646,-1.14157,-0.82163,0.25138,0.06022,-0.00266,-0.07129,-0.00057,-28.34715,-3.65367,0.14622,12.97873,-0.6611,-0.00438,-0.00959,0.2041,2.01821,-1.21232,7.67835,8.54977,4.1801,0.06474
3.38,0.57371,1.3905,-0.15717,0.63732,-0.31715,-0.00807,-1.07492,0.22285,0.00197,0.03936,-0.37373,-0.00901,-0.02785,-1.16527,-0.90437,0.27965,0.04924,0.0012,-0.08199,0.00144,-28.59248,-3.392,0.19103,6.88839,-0.58855,-0.00247,-0.08484,2.09909,1.37085,-0.72201,-4.73266,8.38075,4.3335,0.2488
3.4,0.89109,1.5293,-0.23005,0.58315,-0.31283,-0.00551,-1.11127,0.02178,-0.00268,0.03008,-0.34057,-0.00773,-0.01884,-1.15198,-0.97218,0.29842,0.03608,0.00563,-0.09032,0.00334,-27.81345,-2.84348,0.23456,-0.8077,-0.49448,0.02437,-0.15302,4.51932,0.78869,-0.25732,-13.10057,7.86063,4.22406,0.49166
3.42,1.21518,1.59175,-0.30558,0.51741,-0.28961,-0.00326,-1.13654,-0.17998,-0.00485,0.02078,-0.30455,-0.00656,-0.01005,-1.10289,-1.01414,0.30476,0.02346,0.0113,-0.09509,0.00498,-26.19391,-2.01869,0.29734,-10.36791,-0.36277,0.05827,-0.19821,7.3112,0.37246,-0.01457,-15.63683,7.05134,3.93298,0.73853
3.44,1.54121,1.56591,-0.37571,0.4417,-0.24937,-0.00153,-1.15154,-0.38231,-0.00497,0.01331,-0.26946,-0.00549,-0.0018,-1.01455,-1.01991,0.29854,0.01347,0.0162,-0.09599,0.00615,-23.39241,-0.94158,0.38816,-22.07972,-0.19261,0.08037,-0.22245,10.51171,-0.05636,0.18289,-15.91154,6.05862,3.47228,0.94346
3.46,1.86885,1.44339,-0.4318,0.35991,-0.19678,-0.0004,-1.15635,-0.59173,-0.00387,0.00808,-0.23819,-0.00453,0.0055,-0.88654,-0.97776,0.27997,0.00769,0.01866,-0.09296,0.00663,-19.17112,0.41096,0.49057,-35.59702,0.0232,0.07573,-0.24273,14.3473,-0.47209,0.45044,-16.12308,4.93471,2.85532,1.08146
3.48,2.19528,1.20158,-0.46085,0.27826,-0.13771,0.0002,-1.15078,-0.81688,-0.00234,0.00476,-0.21284,-0.00373,0.01147,-0.72416,-0.87452,0.24825,0.00741,0.01933,-0.08542,0.00634,-13.45977,2.09545,0.59211,-50.68937,0.30555,0.02779,-0.27404,18.93745,-0.75329,0.69363,-15.99704,3.67011,2.13238,1.14768
3.5,2.486,0.84454,-0.45343,0.20456,-0.0789,0.00038,-1.13928,-1.05509,-0.00098,0.00338,-0.19475,-0.00318,0.01588,-0.54443,-0.69786,0.20615,0.00859,0.01737,-0.07397,0.00522,-6.24685,4.00516,0.72996,-67.65689,0.66604,-0.09241,-0.3297,23.64888,-0.9412,0.71498,-14.51651,2.23067,1.35213,1.076
3.52,2.68555,0.39108,-0.40253,0.14699,-0.02817,0.00018,-1.12696,-1.29455,-0.00022,0.00414,-0.18451,-0.00297,0.01864,-0.36303,-0.44065,0.15658,0.00751,0.01259,-0.05918,0.00333,2.67006,5.62433,0.95014,-87.1559,1.07782,-0.30789,-0.44064,27.30818,-1.36084,0.44319,-11.52337,0.66859,0.57477,0.84367
3.54,2.80259,-0.16175,-0.30525,0.11128,0.0062,-0.00042,-1.10811,-1.54255,-0.00053,0.00721,-0.18183,-0.00305,0.01968,-0.18483,-0.10493,0.0999,0.00503,0.00747,-0.0405,0.00084,13.55533,6.78524,1.20539,-108.53221,1.50302,-0.56855,-0.62511,30.13661,-2.02266,0.07124,-8.60226,-0.90517,-0.15621,0.56093
3.56,2.85407,-0.80456,-0.16471,0.10018,0.0183,-0.00151,-1.0774,-1.81364,-0.00214,0.01252,-0.18551,-0.00348,0.01909,-0.01901,0.29981,0.03821,-0.00108,0.00348,-0.01786,-0.0021,26.26103,7.64722,1.41559,-130.31444,1.90376,-0.80856,-0.85783,32.75181,-2.71174,-0.35253,-6.40143,-2.43414,-0.81815,0.28482
3.58,2.81114,-1.50925,0.00813,0.11362,0.00471,-0.00323,-1.03661,-2.11462,-0.00505,0.01942,-0.19347,-0.00439,0.01723,0.12313,0.75148,-0.02418,-0.01457,0.00087,0.00814,-0.00532,40.33906,8.15429,1.51156,-151.09255,2.24161,-0.99622,-1.10056,34.84127,-3.53723,-0.84001,-4.60955,-3.86863,-1.39838,0.01827
3.6,2.67565,-2.19539,0.19423,0.14872,-0.03659,-0.00572,-0.98228,-2.39951,-0.00855,0.02692,-0.20273,-0.00566,0.01453,0.23445,1.21859,-0.08274,-0.03684,-0.0001,0.03681,-0.0086,54.82732,8.04198,1.49473,-170.58855,2.27632,-1.07734,-1.32525,36.11304,-4.53485,-1.34627,-3.14073,-5.14456,-1.89447,-0.22362
3.62,2.43938,-2.76284,0.37727,0.20036,-0.10541,-0.00913,-0.90898,-2.59571,-0.01177,0.03384,-0.2099,-0.00701,0.01151,0.31443,1.672,-0.13585,-0.06523,0.00102,0.06775,-0.0116,68.26342,7.23268,1.31354,-188.60902,1.66592,-1.01306,-1.52558,36.25364,-5.70183,-1.78658,-1.96074,-6.19793,-2.31199,-0.4154
3.64,2.07191,-3.1837,0.53583,0.26212,-0.18144,-0.01337,-0.81932,-2.7221,-0.01483,0.03796,-0.21191,-0.00841,0.00877,0.36548,2.07592,-0.18019,-0.09726,0.00443,0.09991,-0.01417,78.95049,6.46804,0.64394,-200.76006,0.68767,-0.83652,-1.58765,35.36262,-7.12043,-2.11846,-1.05575,-7.01243,-2.64075,-0.545
3.66,1.57551,-3.43115,0.64593,0.32712,-0.24357,-0.01816,-0.71639,-2.80117,-0.01769,0.0372,-0.20638,-0.00983,0.00676,0.39184,2.39544,-0.211,-0.13117,0.00982,0.13124,-0.0163,85.66749,6.08667,-0.6409,-203.46741,-0.25473,-0.58992,-1.37113,33.74757,-8.81964,-2.34252,-0.39643,-7.60199,-2.86553,-0.619
3.68,0.98123,-3.45392,0.69391,0.38756,-0.30123,-0.02323,-0.60089,-2.80019,-0.01956,0.03065,-0.19158,-0.01093,0.00582,0.40382,2.60734,-0.22748,-0.16089,0.01626,0.15873,-0.01803,87.69925,6.07529,-2.45552,-196.46997,-1.1066,-0.30504,-0.84342,31.31475,-10.79828,-2.42041,0.06611,-7.96963,-2.98666,-0.63847
3.7,0.36674,-3.22169,0.67931,0.43531,-0.35206,-0.02808,-0.47422,-2.69999,-0.0195,0.01787,-0.16664,-0.01122,0.00622,0.40501,2.70808,-0.22989,-0.18712,0.02372,0.18175,-0.01883,83.91896,5.83121,-4.30817,-178.55611,-1.47154,-0.0341,-0.04649,28.56222,-12.92865,-2.35483,0.35797,-8.14982,-3.0014,-0.6182
3.72,-0.22593,-2.73338,0.61132,0.46283,-0.39352,-0.03202,-0.33899,-2.48381,-0.01643,-0.00051,-0.13136,-0.0102,0.00812,0.39544,2.71041,-0.21926,-0.214,0.0329,0.20144,-0.01798,74.77662,4.50344,-5.26082,-150.77946,-1.24786,0.18905,0.86779,26.13411,-14.93968,-2.17312,0.51553,-8.18206,-2.91475,-0.57757
3.74,-0.77244,-2.03229,0.49588,0.46325,-0.4257,-0.03464,-0.20214,-2.16173,-0.0097,-0.0231,-0.08617,-0.00774,0.01149,0.38517,2.60454,-0.20008,-0.23378,0.04135,0.21265,-0.01611,62.21913,2.75342,-5.36031,-116.70301,-0.84222,0.34357,1.69189,23.78152,-16.56076,-1.86232,0.54811,-8.0722,-2.75081,-0.52116
3.76,-1.21396,-1.18771,0.34922,0.43303,-0.40745,-0.03584,-0.06878,-1.75256,0.0009,-0.04854,-0.03237,-0.00386,0.01609,0.38038,2.39401,-0.17918,-0.24097,0.04683,0.2121,-0.01387,48.2078,1.39189,-5.04292,-81.07848,-0.45787,0.41396,2.24855,21.29048,-17.46458,-1.42821,0.44146,-7.83163,-2.53518,-0.45642
3.78,-1.52171,-0.27889,0.19876,0.37668,-0.325,-0.03569,0.05546,-1.27158,0.01442,-0.07569,0.0275,0.00115,0.02123,0.37784,2.11678,-0.16118,-0.24014,0.05013,0.20379,-0.01114,34.78577,0.50641,-4.50271,-48.82081,-0.11743,0.40469,2.47059,18.86437,-17.31231,-0.92234,0.2077,-7.49037,-2.29157,-0.39613
3.8,-1.70934,0.60424,0.0625,0.30928,-0.21272,-0.03336,0.1637,-0.79315,0.02922,-0.10091,0.08947,0.0066,0.02624,0.37788,1.78848,-0.14794,-0.22964,0.05067,0.18826,-0.0085,22.91942,0.06257,-3.80503,-22.82311,0.1616,0.35269,2.35593,16.58203,-15.92226,-0.31637,-0.12601,-7.08,-2.04886,-0.34742
3.82,-1.81079,1.3463,-0.0407,0.24531,-0.08841,-0.02842,0.25753,-0.35428,0.04501,-0.11813,0.14921,0.01232,0.03068,0.38044,1.42996,-0.13915,-0.20701,0.04799,0.16703,-0.00629,13.42375,0.03957,-3.18901,-5.74797,0.32912,0.29715,2.15879,14.47219,-13.41793,0.46373,-0.50868,-6.63874,-1.83098,-0.31464
3.84,-1.83834,1.88928,-0.10145,0.19097,0.02072,-0.02234,0.33048,0.05983,0.05898,-0.12743,0.20289,0.01761,0.03336,0.37779,1.08691,-0.13362,-0.18,0.04459,0.14754,-0.00403,7.1068,0.3812,-3.0679,2.12835,0.45403,0.24467,2.19145,12.54483,-10.22282,1.29107,-0.85144,-6.21905,-1.64446,-0.29992
3.86,-1.80192,2.24633,-0.12917,0.15053,0.10585,-0.01614,0.37317,0.42867,0.06754,-0.13118,0.24803,0.02132,0.03336,0.36406,0.7802,-0.12857,-0.15436,0.04193,0.13332,-0.00163,3.53947,0.86351,-3.4074,3.41354,0.6046,0.20861,2.50887,10.75342,-6.80093,2.03791,-1.07313,-5.86208,-1.48871,-0.30262
3.88,-1.73025,2.43801,-0.13412,0.12685,0.1659,-0.00998,0.3886,0.73016,0.07048,-0.1284,0.28372,0.02328,0.03081,0.33897,0.51012,-0.11994,-0.13015,0.03926,0.12271,0.00074,1.76007,1.31351,-3.99754,0.80798,0.76484,0.20223,3.07836,9.05484,-3.48955,2.74586,-1.13578,-5.58746,-1.36336,-0.32118
3.9,-1.63676,2.48243,-0.12673,0.11828,0.20071,-0.00429,0.37826,0.96193,0.06817,-0.12064,0.30992,0.02349,0.02586,0.30133,0.27904,-0.10805,-0.10817,0.03692,0.11481,0.00301,1.27417,1.86085,-4.97086,-1.63925,0.87265,0.209,3.50985,7.37474,-0.50207,3.25015,-1.02208,-5.41989,-1.25923,-0.34936
3.92,-1.5286,2.39303,-0.11475,0.12108,0.2111,0.00052,0.34519,1.13724,0.06172,-0.1096,0.32726,0.02219,0.01908,0.25264,0.08757,-0.0938,-0.08844,0.03532,0.10825,0.00509,0.98685,2.5625,-5.82147,-2.37905,0.85389,0.21592,3.50141,5.65368,1.98966,3.3655,-0.78288,-5.37977,-1.16554,-0.37989
3.94,-1.42159,2.21251,-0.0996,0.13187,0.20253,0.00417,0.29882,1.25516,0.05295,-0.09497,0.33689,0.01985,0.01155,0.19815,-0.06624,-0.07514,-0.07056,0.03294,0.09971,0.00693,0.51587,2.97078,-5.7711,-3.87554,0.69651,0.20462,2.9688,3.91495,3.91737,3.29046,-0.53054,-5.46623,-1.07723,-0.41325
3.96,-1.32294,1.98582,-0.08166,0.1476,0.18284,0.00663,0.24572,1.31199,0.04333,-0.0772,0.34035,0.01689,0.00404,0.14092,-0.18597,-0.05289,-0.05449,0.02912,0.08744,0.0085,0.14667,2.84815,-4.85263,-6.44922,0.43463,0.13668,1.80532,2.21282,5.31953,3.17543,-0.34266,-5.68205,-0.98495,-0.45266
3.98,-1.22855,1.73206,-0.06174,0.16532,0.15659,0.008,0.18874,1.32817,0.03411,-0.05765,0.33953,0.01374,-0.00301,0.08196,-0.27708,-0.02983,-0.03989,0.02483,0.07197,0.0097,-0.05452,2.26758,-3.33387,-10.15213,0.12907,-0.01308,0.07204,0.59102,6.24317,2.97206,-0.25854,-6.04009,-0.87524,-0.50147
4,-1.13729,1.46908,-0.04179,0.1827,0.12954,0.00854,0.1291,1.30643,0.02546,-0.03941,0.33639,0.01054,-0.00909,0.02188,-0.3466,-0.00822,-0.02687,0.02006,0.05388,0.01063,-0.06975,1.34054,-1.72826,-14.43485,-0.10958,-0.24665,-1.89737,-0.97327,6.67682,2.73472,-0.29932,-6.54818,-0.7378,-0.54606
4.02,-1.04898,1.21534,-0.02386,0.19787,0.10655,0.00858,0.06853,1.24583,0.01745,-0.02439,0.33265,0.00745,-0.01369,-0.03866,-0.40229,0.01058,-0.01551,0.01527,0.03486,0.01144,0.01493,0.30172,-0.52063,-18.3176,-0.20657,-0.53995,-3.2913,-2.52512,6.59314,2.5216,-0.474,-7.20803,-0.56793,-0.56142
4.04,-0.95818,0.98628,-0.0086,0.20939,0.08788,0.0083,0.00928,1.17169,0.01064,-0.01227,0.32946,0.00476,-0.01657,-0.09933,-0.45044,0.02592,-0.00652,0.01211,0.01732,0.01187,0.10817,-0.6561,0.12009,-21.43543,-0.18086,-0.86204,-3.78131,-4.03327,6.08916,2.29696,-0.79346,-8.01045,-0.36766,-0.55927
4.06,-0.86241,0.79167,0.00322,0.21617,0.07305,0.00781,-0.04827,1.0998,0.00492,-0.00345,0.32678,0.00255,-0.01776,-0.16016,-0.49588,0.03766,-0.00052,0.01097,0.00212,0.01173,0.1727,-1.26586,0.16487,-22.33142,-0.07542,-1.15686,-3.45395,-5.46789,5.30767,2.04829,-1.27851,-8.9331,-0.14808,-0.55865
4.08,-0.76336,0.6366,0.01101,0.21733,0.06226,0.00724,-0.10402,1.02852,-0.00018,0.00185,0.32312,0.00069,-0.01737,-0.22081,-0.54216,0.04675,0.00223,0.01112,-0.01101,0.01118,0.20423,-1.6022,-0.15701,-21.89343,0.08675,-1.37365,-2.35946,-6.8269,4.38922,1.79698,-1.96166,-9.93802,0.07016,-0.5538
4.1,-0.66067,0.52002,0.01517,0.21152,0.05459,0.00663,-0.15647,0.95721,-0.00482,0.00432,0.31617,-0.00089,-0.01574,-0.27909,-0.59062,0.05383,0.00055,0.01219,-0.02273,0.01019,0.18918,-1.791,-0.59915,-21.2559,0.27809,-1.50432,-1.02435,-8.17449,3.50311,1.58097,-2.94528,-10.97381,0.25856,-0.54387
4.12,-0.555,0.44061,0.01697,0.19755,0.04885,0.00597,-0.20271,0.88543,-0.00883,0.00497,0.30328,-0.00229,-0.01328,-0.33149,-0.64122,0.05928,-0.00369,0.01396,-0.03401,0.00886,0.10693,-1.83125,-0.92236,-20.33346,0.47228,-1.57124,-0.01051,-9.52474,2.83517,1.41866,-4.43165,-11.97749,0.38827,-0.53058
4.14,-0.4435,0.40403,0.01798,0.1755,0.0448,0.00525,-0.24147,0.81111,-0.01194,0.00488,0.28202,-0.00353,-0.01037,-0.37659,-0.69369,0.06507,-0.00818,0.01526,-0.04565,0.0076,-0.06668,-1.83503,-1.02726,-19.59067,0.67535,-1.55822,0.7222,-10.7316,2.55148,1.30934,-6.57522,-12.85266,0.45408,-0.50706
4.16,-0.32224,0.41515,0.01886,0.14626,0.04229,0.00447,-0.27297,0.73445,-0.01382,0.00496,0.25142,-0.00463,-0.00744,-0.41413,-0.7484,0.07271,-0.01329,0.01511,-0.05811,0.00668,-0.36448,-1.86426,-0.90767,-19.17561,0.90935,-1.44876,1.27477,-11.60262,2.73248,1.24561,-9.48997,-13.49717,0.47865,-0.47445
4.18,-0.18683,0.47478,0.01906,0.11159,0.04084,0.00361,-0.29713,0.65901,-0.0139,0.00593,0.21254,-0.00562,-0.00494,-0.44307,-0.80646,0.08195,-0.01831,0.01345,-0.07171,0.00614,-0.81761,-1.92449,-0.58237,-18.68823,1.17793,-1.28363,1.57579,-11.93285,3.37264,1.20241,-13.31241,-13.82559,0.50036,-0.44505
4.2,-0.02463,0.57539,0.01759,0.07466,0.04071,0.0027,-0.31798,0.58408,-0.01162,0.00828,0.16788,-0.00638,-0.00339,-0.46463,-0.86882,0.09223,-0.02304,0.01023,-0.086,0.00606,-1.40728,-2.07954,-0.12395,-17.06692,1.49057,-1.05006,1.56627,-11.72728,4.39649,1.23069,-18.55803,-13.69794,0.57478,-0.3893
4.22,0.15927,0.70053,0.01266,0.03934,0.04238,0.00177,-0.34101,0.5116,-0.00656,0.01231,0.12078,-0.00676,-0.00324,-0.48044,-0.93641,0.10269,-0.0278,0.00586,-0.10002,0.00647,-2.01659,-2.43251,0.36454,-13.29488,1.85001,-0.75202,1.28467,-10.83875,5.67478,1.36229,-26.01449,-12.98788,0.76088,-0.28377
4.24,0.357,0.83818,0.00163,0.00875,0.04494,0.00085,-0.3653,0.45238,0.00146,0.01834,0.07414,-0.00679,-0.00485,-0.48826,-1.00971,0.11191,-0.03179,0.0012,-0.11318,0.00732,-2.54976,-2.9262,0.77506,-7.88449,2.21074,-0.46959,0.91524,-8.72601,7.08993,1.50243,-35.81702,-11.69584,1.09658,-0.1649
4.26,0.57778,0.97265,-0.01821,-0.01538,0.04699,-3e-05,-0.38801,0.40937,0.01227,0.02673,0.02881,-0.00655,-0.0084,-0.48424,-1.08788,0.11871,-0.03435,-0.00314,-0.12486,0.00848,-2.92938,-3.49871,1.03693,-1.40396,2.52272,-0.23576,0.55659,-5.00427,8.54983,1.557,-47.69418,-9.88288,1.59825,-0.05629
4.28,0.8268,1.07277,-0.04921,-0.03301,0.04744,-0.00078,-0.40727,0.37492,0.02519,0.03747,-0.01624,-0.00603,-0.01386,-0.46406,-1.16836,0.1222,-0.03522,-0.00673,-0.13413,0.00968,-2.99679,-4.1746,1.13098,6.12997,2.75,-0.04261,0.23022,0.46296,9.95087,1.47282,-61.22767,-7.64402,2.27348,0.04501
4.3,1.07901,1.10308,-0.0872,-0.04516,0.04284,-0.00127,-0.41713,0.34237,0.03919,0.05075,-0.06313,-0.00536,-0.02092,-0.42181,-1.24344,0.12116,-0.03406,-0.00903,-0.13855,0.01075,-2.45532,-4.63687,1.04061,13.96333,2.80436,0.11126,-0.06027,7.69713,11.10178,1.27736,-77.64473,-5.10581,3.10011,0.17357
4.32,1.28139,1.01898,-0.12134,-0.05315,0.02844,-0.00133,-0.41043,0.30442,0.05309,0.06696,-0.1144,-0.00468,-0.02896,-0.35079,-1.3021,0.11436,-0.0302,-0.00924,-0.13508,0.01159,-1.07201,-4.4119,0.76983,19.28006,2.58237,0.22162,-0.25155,16.76205,11.75401,0.92006,-98.61673,-2.44721,4.03264,0.36351
4.34,1.42846,0.7959,-0.14954,-0.05919,0.00491,-0.00097,-0.38453,0.25024,0.06515,0.0855,-0.17196,-0.00403,-0.03743,-0.24581,-1.33556,0.10146,-0.02403,-0.00766,-0.12398,0.01172,1.07906,-3.72547,0.42289,21.18213,2.07181,0.28278,-0.32691,27.4345,11.87585,0.25183,-122.00929,0.15575,5.00562,0.58144
4.36,1.52216,0.44846,-0.17136,-0.06479,-0.02409,-0.00041,-0.3396,0.17538,0.07344,0.10495,-0.23622,-0.00345,-0.04583,-0.10563,-1.33483,0.08229,-0.01619,-0.00471,-0.10587,0.01082,3.9639,-2.91277,0.10585,21.02511,1.27598,0.29761,-0.34442,39.15698,11.58512,-0.72468,-144.92733,2.64363,5.9186,0.7793
4.38,1.52529,0.01034,-0.17938,-0.0695,-0.05582,0.00014,-0.27773,0.08358,0.07658,0.12256,-0.30563,-0.00297,-0.05357,0.06466,-1.28981,0.05678,-0.00693,-0.00034,-0.08045,0.00913,7.49055,-2.00645,-0.10941,18.71042,0.18238,0.27056,-0.33222,51.29186,10.90485,-1.90518,-165.52741,5.04539,6.66731,0.9199
4.4,1.44383,-0.42007,-0.17655,-0.07262,-0.08227,0.00036,-0.20536,-0.01834,0.07344,0.13888,-0.37588,-0.00258,-0.05953,0.25407,-1.19003,0.02609,-0.00015,0.00525,-0.05061,0.00682,11.446,-1.14253,-0.16394,15.10495,-1.15857,0.22399,-0.32553,63.14162,9.7489,-3.12407,-185.66633,7.27545,6.94622,1.01024
4.42,1.28856,-0.73447,-0.16809,-0.07323,-0.096,0.00014,-0.1287,-0.11807,0.06434,0.15652,-0.44094,-0.00223,-0.06231,0.454,-1.02818,-0.00842,0.00188,0.01296,-0.01861,0.00433,15.55462,-0.48504,-0.09888,11.3398,-2.6525,0.18568,-0.33579,74.39809,8.4055,-4.0991,-208.08995,8.99735,6.35959,0.98455
4.44,1.03727,-0.88725,-0.14893,-0.06962,-0.09693,-0.00034,-0.0498,-0.2062,0.05045,0.16779,-0.49644,-0.00194,-0.06178,0.65266,-0.80631,-0.04524,0.00189,0.02275,0.01455,0.00229,19.47178,-0.10413,0.03441,7.57646,-4.18565,0.15515,-0.3604,83.83236,7.39587,-4.65638,-225.8311,10.0161,5.10788,0.7222
4.46,0.69315,-0.83967,-0.11726,-0.06146,-0.08493,-0.00088,0.03029,-0.28158,0.03366,0.16522,-0.53988,-0.00169,-0.05823,0.83677,-0.53119,-0.08173,0.0001,0.03302,0.04593,0.00094,22.90269,0.0042,0.21003,4.06639,-5.63867,0.12538,-0.40713,90.10395,6.76322,-4.88798,-232.8355,10.31786,3.58416,0.26991
4.48,0.29228,-0.55828,-0.07732,-0.05045,-0.05872,-0.00121,0.1116,-0.34487,0.01707,0.15016,-0.56959,-0.00145,-0.05148,1.00251,-0.21556,-0.11458,-0.0044,0.04263,0.07258,0.00024,25.37279,-0.13016,0.37671,1.13218,-6.90927,0.09831,-0.47692,93.09009,6.71544,-5.02342,-229.62687,9.73536,1.99929,-0.21137
4.5,-0.11203,-0.04349,-0.03637,-0.03959,-0.0183,-0.001,0.19451,-0.39946,0.00243,0.1182,-0.58521,-0.00121,-0.0423,1.14269,0.11774,-0.14108,-0.01149,0.05055,0.09243,3e-05,26.69311,-0.44188,0.47982,-0.44686,-7.97032,0.06011,-0.56916,90.48008,6.67318,-4.98324,-212.61192,8.53703,0.82028,-0.55993
4.52,-0.49536,0.62886,0.0018,-0.03203,0.03288,-7e-05,0.27758,-0.45008,-0.00736,0.07102,-0.58688,-0.00094,-0.03136,1.24944,0.44335,-0.15965,-0.02077,0.05606,0.10435,0.00013,26.95704,-0.79017,0.48332,-0.58721,-8.85453,-0.01344,-0.67818,81.28405,6.09083,-4.59953,-181.77528,7.05004,0.07876,-0.94656
4.54,-0.83485,1.36412,0.0344,-0.0299,0.08975,0.0016,0.36065,-0.49817,-0.01078,0.02017,-0.57465,-0.00059,-0.01863,1.32733,0.73784,-0.16802,-0.03035,0.05797,0.10741,0.00035,25.72642,-1.11724,0.42313,-0.06628,-9.53307,-0.1212,-0.78716,68.69658,5.48026,-4.36688,-143.33133,5.35715,-0.40884,-1.2979
4.56,-1.0932,2.10525,0.05545,-0.03363,0.14819,0.00393,0.4433,-0.54362,-0.01063,-0.02968,-0.54836,-0.00012,-0.00447,1.38135,0.98239,-0.16556,-0.03801,0.05568,0.10184,0.00058,22.73835,-1.41779,0.34228,0.83276,-9.98287,-0.25006,-0.88429,55.75695,4.94507,-4.57811,-103.10583,3.63113,-0.63508,-1.38707
4.58,-1.26107,2.79266,0.06073,-0.04182,0.20347,0.00673,0.51981,-0.58626,-0.00953,-0.07755,-0.50773,0.0005,0.0103,1.41117,1.16409,-0.15409,-0.04232,0.05029,0.08977,0.00077,18.39589,-1.60939,0.24918,1.85842,-10.25223,-0.39115,-0.94644,44.35562,4.27735,-5.06394,-65.27269,2.09748,-0.65641,-1.31068
4.6,-1.3532,3.377,0.05099,-0.05202,0.24743,0.00959,0.58973,-0.61486,-0.00939,-0.12011,-0.45262,0.0013,0.02483,1.41554,1.27741,-0.13674,-0.04297,0.04208,0.07337,0.00091,13.42114,-1.64891,0.16749,2.71862,-10.35998,-0.53078,-0.98102,34.82242,3.45432,-5.55013,-29.97534,1.04024,-0.61859,-1.12256
4.62,-1.39759,3.82991,0.03113,-0.06153,0.27066,0.01198,0.65619,-0.61369,-0.01118,-0.15104,-0.383,0.00231,0.03914,1.39295,1.32314,-0.11711,-0.04055,0.03199,0.05524,0.00101,8.61284,-1.53463,0.10741,3.25522,-10.31401,-0.65605,-1.00928,27.09854,2.56661,-5.78512,2.45761,0.37201,-0.67334,-0.93456
4.64,-1.39751,4.13566,0.00462,-0.06735,0.27339,0.01365,0.70856,-0.58504,-0.01563,-0.17025,-0.29926,0.00351,0.05241,1.34374,1.30247,-0.09704,-0.03555,0.02255,0.03837,0.0011,4.23708,-1.26932,0.0575,3.32128,-10.15404,-0.73795,-0.99334,21.4894,1.68997,-5.79995,33.20193,-0.18099,-0.83288,-0.86675
4.66,-1.35488,4.29601,-0.02255,-0.06744,0.25992,0.01458,0.73834,-0.53233,-0.0223,-0.18066,-0.20267,0.00489,0.06335,1.27054,1.22403,-0.07777,-0.02878,0.01485,0.02438,0.00118,0.40306,-0.90406,0.00891,2.93262,-9.90399,-0.75491,-0.90975,17.38633,0.83232,-5.65247,66.96306,-0.68717,-1.05393,-0.92007
4.68,-1.29377,4.33532,-0.04207,-0.0616,0.23266,0.01466,0.74977,-0.45282,-0.02899,-0.18108,-0.09623,0.00635,0.07202,1.17715,1.10501,-0.06057,-0.02141,0.00881,0.01369,0.00126,-2.66545,-0.52071,-0.0435,2.24257,-9.5635,-0.71873,-0.78136,13.55551,-0.00694,-5.29228,106.26774,-1.14495,-1.31203,-0.99141
4.7,-1.21519,4.26386,-0.05125,-0.05043,0.19809,0.01405,0.74222,-0.35959,-0.03523,-0.1731,0.01474,0.00782,0.07828,1.06665,0.962,-0.04556,-0.01453,0.00438,0.00637,0.00137,-5.21628,-0.18557,-0.0995,1.45422,-9.12493,-0.62429,-0.61485,9.37382,-0.78192,-4.58529,147.1835,-1.52875,-1.48926,-0.95617
4.72,-1.116,4.0943,-0.05091,-0.03532,0.16235,0.01293,0.71522,-0.26442,-0.04086,-0.15871,0.12445,0.00923,0.082,0.94469,0.81007,-0.0325,-0.00881,0.00135,0.00222,0.00151,-7.60466,0.06222,-0.14888,0.70522,-8.57765,-0.47323,-0.42549,4.99862,-1.33966,-3.4543,177.90969,-1.76945,-1.4388,-0.72374
4.74,-1.01343,3.87601,-0.04316,-0.01814,0.1274,0.01131,0.67631,-0.16733,-0.04367,-0.1378,0.22768,0.01035,0.08382,0.8194,0.66019,-0.02105,-0.00436,-0.00053,0.00081,0.00169,-9.8972,0.20192,-0.18161,0.03576,-7.9226,-0.31202,-0.25381,1.53767,-1.57286,-2.18086,191.4692,-1.66049,-1.10828,-0.34831
4.76,-0.91479,3.64208,-0.03261,-0.00023,0.09485,0.00927,0.63016,-0.07368,-0.0428,-0.11125,0.32009,0.01094,0.08418,0.69527,0.51689,-0.0105,-0.00116,-0.00159,0.00146,0.00189,-12.22193,0.24836,-0.19378,-0.55434,-7.16987,-0.17351,-0.11845,-0.13545,-1.50332,-1.0567,188.68466,-1.05325,-0.50523,0.04086
4.78,-0.81376,3.39261,-0.02354,0.0175,0.06637,0.00702,0.57664,0.0087,-0.03905,-0.08101,0.39862,0.01093,0.08304,0.57417,0.38106,-7e-05,0.00091,-0.00219,0.00326,0.00209,-14.77493,0.23913,-0.18518,-1.10466,-6.33001,-0.06451,-0.01865,0.24669,-1.1971,-0.20365,168.3256,-0.0048,0.31771,0.32879
4.8,-0.70166,3.11408,-0.01778,0.03418,0.04274,0.00475,0.51357,0.07517,-0.03272,-0.05151,0.46074,0.01029,0.08033,0.45853,0.25281,0.01062,0.002,-0.00273,0.00501,0.00227,-17.70686,0.19058,-0.15857,-1.69254,-5.41883,0.00246,0.03383,2.44517,-0.75707,0.31135,133.88727,1.30418,1.23165,0.43505
4.82,-0.57207,2.79354,-0.01512,0.04884,0.02443,0.00267,0.43887,0.12373,-0.02407,-0.02512,0.50447,0.00907,0.07591,0.35143,0.13236,0.02181,0.00205,-0.00357,0.00541,0.0024,-21.06602,0.12562,-0.12197,-2.43272,-4.46514,0.01918,0.04219,5.65615,-0.31996,0.44572,90.03556,2.58638,2.0444,0.35957
4.84,-0.4222,2.43637,-0.01418,0.06051,0.01154,0.00094,0.3525,0.15377,-0.01369,-0.00114,0.52815,0.00731,0.0695,0.25525,0.01951,0.03338,0.00105,-0.00492,0.00327,0.00243,-24.71031,0.07229,-0.08506,-3.48502,-3.51386,-0.00263,0.03029,9.1545,-0.04838,0.30884,43.65996,3.61407,2.60768,0.15249
4.86,-0.24448,2.05438,-0.0134,0.06805,0.00376,-0.00035,0.25388,0.16585,-0.00189,0.01952,0.53139,0.00514,0.06103,0.16996,-0.08702,0.04506,-0.0009,-0.00675,-0.00215,0.00235,-28.41652,0.03508,-0.05429,-5.06259,-2.61685,-0.04022,0.01107,12.34704,-0.0002,0.07177,1.1884,4.29794,2.87272,-0.11564
4.88,-0.02609,1.66532,-0.01167,0.0699,0.00049,-0.00117,0.14237,0.16291,0.01097,0.03578,0.51565,0.00283,0.05082,0.09312,-0.18919,0.05704,-0.00401,-0.0089,-0.01091,0.00215,-31.92524,0.00276,-0.03287,-7.42877,-1.81854,-0.06785,-0.00851,15.03938,-0.15225,-0.18998,-36.68494,4.67735,2.83357,-0.3785
4.9,0.24615,1.30263,-0.00835,0.06396,0.00084,-0.00156,0.01891,0.14802,0.02426,0.04792,0.48324,0.00058,0.03899,0.02074,-0.28912,0.06933,-0.00762,-0.0109,-0.02231,0.00187,-34.97529,-0.06884,-0.01584,-10.9235,-1.1323,-0.05611,-0.02057,16.4309,-0.35788,-0.35976,-56.99171,4.75701,2.59024,-0.51078
4.92,0.58177,1.00036,-0.00344,0.04841,0.00372,-0.00154,-0.11048,0.12438,0.03706,0.05747,0.43738,-0.0013,0.0262,-0.05178,-0.38829,0.08174,-0.01021,-0.01206,-0.03491,0.00151,-37.19838,-0.27246,-0.0032,-15.94817,-0.54508,-0.00307,-0.01996,16.34818,-0.39505,-0.40563,-54.79896,4.58228,2.2751,-0.46722
4.94,0.98854,0.78326,0.00252,0.02308,0.00802,-0.00122,-0.23892,0.09551,0.04841,0.06463,0.38208,-0.00261,0.01367,-0.1286,-0.48614,0.09486,-0.01169,-0.01236,-0.04731,0.00111,-38.04953,-0.67078,0.00221,-22.87328,-0.01073,0.06506,-0.00621,16.39747,-0.19686,-0.41694,-45.32085,4.3498,1.91307,-0.34154
4.96,1.47242,0.65268,0.00898,-0.01045,0.01263,-0.00074,-0.36306,0.06351,0.05746,0.069,0.32158,-0.00344,0.00204,-0.21242,-0.57895,0.10887,-0.01227,-0.01205,-0.05833,0.00067,-36.95567,-1.27294,0.00678,-31.98493,0.56414,0.12209,0.01641,17.79271,0.29963,-0.44663,-35.9086,4.17375,1.51708,-0.1808
4.98,2.04131,0.58127,0.0161,-0.04829,0.01634,-0.00025,-0.4781,0.02918,0.06335,0.07147,0.26072,-0.00396,-0.00844,-0.30283,-0.65925,0.12245,-0.01108,-0.01111,-0.06675,0.00021,-33.37971,-2.08528,0.0209,-43.36724,1.31671,0.1413,0.0433,20.94894,1.22802,-0.49816,-25.80916,4.03404,1.11559,0.01673
5,2.62502,0.54374,0.0243,-0.08392,0.01835,0.0001,-0.58207,-0.00727,0.06571,0.07119,0.20498,-0.00435,-0.01753,-0.39718,-0.71452,0.134,-0.00881,-0.00988,-0.07129,-0.00028,-27.09233,-3.23903,0.0618,-57.40522,2.31444,0.09642,0.06493,25.45651,2.54306,-0.54499,-14.289,3.80951,0.72626,0.23643
5.02,3.08413,0.52028,0.03392,-0.1095,0.0185,0.00025,-0.67713,-0.0453,0.0647,0.06669,0.16005,-0.00482,-0.02499,-0.49208,-0.73005,0.14172,-0.00687,-0.00865,-0.07075,-0.0008,-17.86738,-5.00845,0.16788,-74.71643,3.45608,-0.02798,0.0539,30.15351,3.72804,-0.55429,-3.61183,3.36728,0.35065,0.41488
5.04,3.41663,0.45345,0.0459,-0.11904,0.0158,0.00022,-0.75914,-0.08442,0.05975,0.05834,0.13035,-0.0055,-0.03068,-0.58137,-0.69579,0.14351,-0.0045,-0.00731,-0.06467,-0.00137,-5.29413,-7.32399,0.37864,-94.67225,4.67332,-0.2021,0.00438,35.23484,4.618,-0.54987,3.26629,2.68004,-0.02723,0.52529
5.06,3.65444,0.27794,0.06061,-0.10992,0.00905,2e-05,-0.82384,-0.1242,0.05082,0.04595,0.11739,-0.0065,-0.03455,-0.65883,-0.60725,0.13821,-0.00151,-0.00585,-0.05302,-0.00201,10.46922,-9.90583,0.70623,-115.85834,5.91596,-0.37943,-0.06627,41.386,5.42875,-0.55457,6.72354,1.71258,-0.40821,0.59216
5.08,3.74344,-0.02957,0.07638,-0.08268,-0.00209,-0.00025,-0.87406,-0.16323,0.03913,0.02855,0.11956,-0.00788,-0.03655,-0.72124,-0.46559,0.12599,0.001,-0.00437,-0.03607,-0.00276,28.63977,-12.59375,1.11688,-136.67319,7.06525,-0.53076,-0.15217,47.84084,5.89365,-0.54714,7.51491,0.42394,-0.78328,0.60676
5.1,3.68202,-0.46055,0.09274,-0.04081,-0.01761,-0.0005,-0.90294,-0.19767,0.0249,0.00591,0.13311,-0.00958,-0.03646,-0.7626,-0.28042,0.10853,0.00242,-0.0029,-0.01489,-0.00366,47.67574,-15.18971,1.68905,-156.25008,7.52789,-0.61087,-0.22238,53.82978,5.96316,-0.52933,6.5206,-1.13095,-1.1386,0.58461
5.12,3.47066,-0.96517,0.1112,0.00965,-0.03696,-0.00066,-0.90112,-0.22182,0.00936,-0.02153,0.15311,-0.01144,-0.03402,-0.77716,-0.06485,0.08787,0.00212,-0.00145,0.00932,-0.00474,65.40207,-17.08484,2.62873,-173.81339,6.58194,-0.59762,-0.26412,58.44143,5.73095,-0.51227,4.6844,-2.85472,-1.46055,0.5481
5.14,3.09842,-1.48162,0.13046,0.06176,-0.05874,-0.00066,-0.87522,-0.23149,-0.00528,-0.05289,0.1747,-0.01332,-0.02934,-0.76612,0.1664,0.06532,-0.00042,-9e-05,0.03518,-0.00598,79.72946,-17.30795,3.65327,-184.96,4.84727,-0.51643,-0.26231,60.89616,4.89529,-0.48163,2.53596,-4.63056,-1.73501,0.491
5.16,2.58266,-1.92722,0.14681,0.10991,-0.08036,-0.00052,-0.83133,-0.22298,-0.01858,-0.08666,0.1942,-0.01506,-0.0227,-0.73332,0.39434,0.04255,-0.00497,0.00108,0.06067,-0.00732,89.10082,-15.70308,4.33401,-186.21086,3.09045,-0.39681,-0.17683,61.03296,3.31682,-0.43262,0.58412,-6.34634,-1.95424,0.4139
5.18,1.95452,-2.1921,0.15648,0.14884,-0.09746,-0.00034,-0.76859,-0.1924,-0.03055,-0.12141,0.20949,-0.0164,-0.0144,-0.68286,0.59572,0.02154,-0.01065,0.00185,0.08291,-0.00872,92.70834,-12.45527,4.63978,-177.3906,1.41475,-0.26024,0.00059,58.31109,1.10648,-0.37359,-0.76011,-7.92261,-2.13084,0.32054
5.2,1.31256,-2.22419,0.15528,0.17478,-0.10509,-0.00033,-0.68464,-0.13766,-0.0407,-0.15241,0.21945,-0.01676,-0.0051,-0.61413,0.74892,0.00408,-0.01634,0.00198,0.09958,-0.00983,88.66588,-8.48215,4.3921,-157.41078,0.4044,-0.13218,0.24248,53.31008,-1.47942,-0.3166,-1.32343,-9.32483,-2.27559,0.23866
5.22,0.71411,-1.99471,0.13814,0.18549,-0.09754,-0.00078,-0.57858,-0.05857,-0.04819,-0.17287,0.22371,-0.01546,0.00453,-0.52688,0.84001,-0.00903,-0.0208,0.00126,0.10946,-0.01022,76.77655,-4.99318,3.64163,-128.02196,0.11005,-0.03411,0.45337,47.2463,-4.02904,-0.27556,-1.29304,-10.55552,-2.39965,0.19406
5.24,0.15419,-1.4695,0.09967,0.17942,-0.06854,-0.00193,-0.45808,0.0428,-0.0524,-0.18325,0.2225,-0.0125,0.0139,-0.43046,0.85444,-0.01787,-0.02303,-0.0005,0.1092,-0.00995,60.75053,-2.28612,2.76118,-94.46399,0.03725,0.0321,0.60204,39.96917,-6.11651,-0.24797,-0.86749,-11.58184,-2.53185,0.1581
5.26,-0.34303,-0.69314,0.0405,0.15761,-0.01673,-0.00382,-0.32997,0.16161,-0.05187,-0.18586,0.21622,-0.0079,0.02229,-0.33112,0.78909,-0.02303,-0.02258,-0.00317,0.09744,-0.00921,44.18923,-0.57025,1.93137,-62.21917,0.01047,0.07305,0.70754,31.51769,-7.32779,-0.22305,-0.29623,-12.36887,-2.69249,0.1173
5.28,-0.75017,0.22942,-0.03347,0.12389,0.05377,-0.00628,-0.19973,0.28838,-0.04459,-0.18031,0.20539,-0.00178,0.02898,-0.23026,0.65993,-0.02583,-0.01981,-0.00634,0.07751,-0.00796,29.61225,0.00887,1.18918,-35.69404,-0.01016,0.09617,0.79576,22.7804,-7.34522,-0.20603,0.01224,-12.93486,-2.8791,0.086
5.3,-1.08253,1.16788,-0.11292,0.08648,0.13214,-0.00862,-0.07923,0.41265,-0.03136,-0.16801,0.19069,0.00501,0.03343,-0.1335,0.48229,-0.02709,-0.01594,-0.00922,0.05245,-0.00652,18.13746,-0.31566,0.5255,-16.49867,-0.09967,0.11456,0.85814,14.92013,-6.02558,-0.17296,-0.19332,-13.29097,-3.07548,0.04968
5.32,-1.40114,1.97713,-0.17864,0.05207,0.19833,-0.00985,0.02306,0.52716,-0.01368,-0.15075,0.1728,0.01222,0.03534,-0.04476,0.27894,-0.02739,-0.01217,-0.01069,0.02736,-0.00517,10.18653,-0.96576,0.05908,-4.79481,-0.32443,0.13472,0.86609,8.78267,-3.63682,-0.07163,-1.13379,-13.4449,-3.2588,0.01293
5.34,-1.69295,2.58125,-0.22596,0.02335,0.24327,-0.0099,0.10231,0.61959,0.0072,-0.13007,0.15223,0.01889,0.03408,0.0349,0.07808,-0.02836,-0.00911,-0.01047,0.00812,-0.00377,6.01075,-1.43027,-0.13038,1.41676,-0.60878,0.1509,0.85955,4.01349,-0.78971,0.06933,-2.76619,-13.4385,-3.41959,-1e-05
5.36,-1.91568,2.96999,-0.26441,0.00414,0.26882,-0.00913,0.15384,0.67956,0.02779,-0.10722,0.12915,0.02338,0.02937,0.10327,-0.10616,-0.03125,-0.00726,-0.00873,-0.00346,-0.00233,4.83648,-1.60664,-0.11048,6.11255,-0.8958,0.16355,0.86253,0.16643,1.95696,0.19958,-4.72435,-13.30939,-3.55979,0.00902
5.38,-2.07604,3.15969,-0.29628,-0.00282,0.27549,-0.00778,0.17814,0.70726,0.04492,-0.08291,0.10355,0.02537,0.02182,0.15898,-0.26695,-0.03633,-0.00688,-0.00553,-0.00776,-0.00099,5.3199,-1.54648,0.02308,13.10002,-1.17616,0.17489,0.85072,-2.83795,4.19837,0.31722,-6.69074,-13.07204,-3.6836,0.03232
5.4,-2.17485,3.17681,-0.32693,0.00281,0.26682,-0.00628,0.17661,0.70432,0.05643,-0.05963,0.07543,0.02459,0.01204,0.20158,-0.39827,-0.04393,-0.00765,-0.00141,-0.00613,0.00019,6.24087,-1.30639,0.16616,24.59849,-1.46646,0.18369,0.78942,-5.27281,5.611,0.4028,-8.36837,-12.73849,-3.80345,0.06515
5.42,-2.21743,3.04818,-0.35965,0.01954,0.24685,-0.00506,0.15156,0.67463,0.0614,-0.03873,0.04486,0.02122,0.00118,0.23117,-0.49501,-0.05431,-0.00894,0.00329,-0.0004,0.00114,6.43156,-0.81274,0.23336,39.53958,-1.79707,0.1856,0.64964,-7.42022,6.02201,0.44435,-9.57399,-12.31099,-3.93567,0.10357
5.44,-2.20139,2.81554,-0.38794,0.04485,0.22029,-0.00431,0.10829,0.62453,0.06065,-0.0195,0.01205,0.01638,-0.00952,0.24839,-0.55471,-0.06719,-0.01036,0.00833,0.00784,0.00182,5.53709,-0.28883,0.19728,55.1564,-2.07787,0.17338,0.43372,-9.47584,5.60145,0.46176,-10.27438,-11.78192,-4.09577,0.14644
5.46,-2.12316,2.51786,-0.40479,0.07593,0.19166,-0.0041,0.04994,0.56097,0.05584,-0.00219,-0.02263,0.01095,-0.01969,0.25409,-0.57867,-0.08199,-0.01159,0.01309,0.01698,0.00228,3.93032,-0.00998,0.09634,69.14111,-2.17748,0.13885,0.15433,-11.57892,4.65286,0.4721,-10.52626,-11.15123,-4.29006,0.19278
5.48,-2.00047,2.18404,-0.40696,0.10981,0.16304,-0.00439,-0.02233,0.49287,0.04916,0.01256,-0.0583,0.00532,-0.02931,0.24963,-0.57164,-0.09772,-0.01206,0.01719,0.0256,0.00255,1.92117,0.05988,-0.00609,77.41626,-2.06648,0.07512,-0.17912,-13.76223,3.45301,0.4843,-10.49529,-10.4373,-4.5061,0.24292
5.5,-1.82933,1.82887,-0.39643,0.14266,0.13738,-0.00505,-0.10639,0.42587,0.04153,0.02473,-0.09346,-0.00028,-0.03857,0.23634,-0.54492,-0.11312,-0.01144,0.02037,0.03252,0.00271,0.12888,0.02773,-0.042,76.83325,-1.72663,-0.01619,-0.52692,-16.11981,2.24555,0.49485,-10.36076,-9.6827,-4.71986,0.30361
5.52,-1.60826,1.47431,-0.3769,0.17014,0.11699,-0.00591,-0.19752,0.36689,0.03399,0.03518,-0.12635,-0.00549,-0.04776,0.21552,-0.51233,-0.12696,-0.00967,0.02249,0.03689,0.0028,-0.90463,0.02394,0.01563,65.89322,-1.18061,-0.14001,-0.80246,-18.70642,1.23975,0.50188,-10.34708,-8.93363,-4.88959,0.38221
5.54,-1.36707,1.15893,-0.34831,0.18983,0.10106,-0.00678,-0.29147,0.32725,0.0288,0.0443,-0.15604,-0.0101,-0.05702,0.18858,-0.48374,-0.13747,-0.00678,0.0237,0.03822,0.00289,-0.97484,0.04603,0.17301,45.52251,-0.48978,-0.29511,-0.95108,-21.37078,0.56484,0.52061,-10.79236,-8.20804,-4.94986,0.47936
5.56,-1.12598,0.90435,-0.31083,0.20054,0.08876,-0.00752,-0.38519,0.31163,0.02722,0.05217,-0.18287,-0.01419,-0.06634,0.15655,-0.46609,-0.14326,-0.00313,0.02417,0.03657,0.00303,-0.16159,0.02344,0.43427,19.16278,0.28056,-0.45514,-0.95547,-23.955,0.21713,0.55822,-11.97223,-7.49645,-4.83685,0.59473
5.58,-0.88862,0.71524,-0.26599,0.20123,0.0801,-0.00806,-0.47355,0.31645,0.02981,0.05953,-0.20817,-0.01777,-0.07565,0.12033,-0.4633,-0.14406,0.00065,0.02416,0.03282,0.00321,1.19686,-0.0714,0.80912,-10.16658,1.07402,-0.60441,-0.80926,-26.35235,0.1366,0.61256,-14.05173,-6.76554,-4.49662,0.72624
5.6,-0.64654,0.58888,-0.21215,0.19054,0.07366,-0.00826,-0.54977,0.3364,0.03752,0.06715,-0.23404,-0.02046,-0.08376,0.08122,-0.47459,-0.13845,0.00319,0.02384,0.02821,0.0034,2.48307,-0.1077,1.14704,-34.22003,1.84889,-0.71519,-0.53476,-28.53244,0.26883,0.68112,-17.33683,-5.9646,-3.87303,0.8844
5.62,-0.39627,0.52127,-0.15016,0.16767,0.06769,-0.00793,-0.60567,0.36405,0.05118,0.07576,-0.26285,-0.02154,-0.08892,0.04072,-0.49652,-0.12521,0.00376,0.02331,0.02425,0.00358,2.92429,-0.06863,1.29811,-47.05179,2.59214,-0.76456,-0.17959,-30.37644,0.56371,0.75573,-22.20021,-5.03932,-2.9252,1.08488
5.64,-0.14034,0.51196,-0.08818,0.13408,0.06184,-0.00716,-0.63583,0.38858,0.07074,0.08597,-0.29648,-0.02116,-0.09125,0.00017,-0.5251,-0.10609,0.00321,0.02282,0.0224,0.00369,2.13285,-0.07097,1.39392,-50.58847,3.30685,-0.77197,0.15439,-31.49925,0.98512,0.83219,-28.83067,-3.91966,-1.64041,1.30875
5.66,0.13538,0.5531,-0.03555,0.09127,0.05563,-0.00611,-0.63745,0.40126,0.09509,0.09814,-0.33589,-0.0196,-0.09125,-0.03967,-0.55668,-0.0823,0.00211,0.02248,0.0234,0.00365,-0.00641,-0.1102,1.49852,-46.6387,3.99556,-0.75464,0.39953,-31.43965,1.53854,0.90587,-37.36454,-2.55472,-0.03299,1.53154
5.68,0.4556,0.62391,0.0005,0.04074,0.04793,-0.0048,-0.60841,0.39808,0.12175,0.11249,-0.38083,-0.01674,-0.08855,-0.07844,-0.58847,-0.0541,0.00072,0.02205,0.02707,0.00347,-3.45039,-0.18148,1.55844,-35.45008,4.67248,-0.71096,0.55121,-29.74171,2.24018,0.95901,-47.88786,-0.92982,1.84548,1.74902
5.7,0.82437,0.70103,0.0179,-0.01458,0.03841,-0.00343,-0.55626,0.37759,0.14706,0.12967,-0.42927,-0.01322,-0.08401,-0.11607,-0.61604,-0.02362,-0.00045,0.02142,0.03271,0.00315,-7.59266,-0.3299,1.51348,-15.03515,5.18361,-0.63741,0.45574,-26.15186,2.99638,0.97056,-60.99758,0.94298,3.88743,1.95143
5.72,1.20589,0.75871,0.01885,-0.07058,0.02714,-0.00215,-0.49057,0.34139,0.16715,0.15029,-0.47814,-0.00964,-0.07869,-0.15248,-0.63453,0.0078,-0.00146,0.02043,0.03929,0.00273,-10.93904,-0.53993,1.32327,8.28993,5.3281,-0.53404,0.15976,-20.31761,3.53987,0.91656,-77.51242,2.94038,5.93118,2.11821
5.74,1.59042,0.76275,0.00666,-0.12308,0.01461,-0.00106,-0.41203,0.29352,0.17825,0.17288,-0.5252,-0.00598,-0.07236,-0.18535,-0.64286,0.03922,-0.00227,0.01863,0.04549,0.00224,-12.72991,-0.77792,1.06426,26.3363,5.144,-0.40069,-0.10024,-11.6023,3.80402,0.77636,-96.88021,4.90988,7.81968,2.23127
5.76,1.98014,0.68109,-0.01131,-0.1686,0.00206,-0.00027,-0.32302,0.23926,0.17816,0.19511,-0.56905,-0.00249,-0.06495,-0.21003,-0.64045,0.06807,-0.0025,0.01574,0.05019,0.00171,-12.93288,-1.0088,0.78382,39.27107,4.69114,-0.24132,-0.29984,0.25593,3.85093,0.55525,-117.83673,6.74324,9.42192,2.25914
5.78,2.34157,0.49008,-0.02557,-0.20427,-0.00901,7e-05,-0.22994,0.18522,0.16732,0.21522,-0.60839,0.00046,-0.05688,-0.22068,-0.62553,0.09155,-0.00214,0.01187,0.05268,0.00117,-11.18333,-1.10243,0.49418,47.05588,3.91931,-0.06467,-0.45856,15.00814,3.53026,0.28264,-138.9511,8.30994,10.62786,2.15187
5.8,2.6167,0.21029,-0.02941,-0.22716,-0.01616,-0.0001,-0.14018,0.13814,0.14726,0.22982,-0.64198,0.00274,-0.04884,-0.20922,-0.59889,0.10752,-0.00138,0.00709,0.05246,0.00065,-7.26642,-1.06879,0.22095,49.07791,2.81532,0.11397,-0.55643,31.93335,2.82574,-0.00846,-160.14774,9.32283,11.17931,1.90459
5.82,2.74496,-0.08913,-0.0206,-0.23499,-0.01775,-0.00063,-0.05723,0.10447,0.1205,0.23578,-0.66864,0.00432,-0.04136,-0.16849,-0.5618,0.11461,-0.0006,0.00176,0.04936,0.00017,-1.3561,-1.1312,-0.00187,44.65717,1.4214,0.27205,-0.54555,49.95095,1.94706,-0.22319,-181.61112,9.40256,10.78277,1.49895
5.84,2.71786,-0.38053,-0.00181,-0.22812,-0.0143,-0.00132,0.02009,0.08868,0.0906,0.2293,-0.6878,0.00528,-0.0341,-0.09679,-0.51323,0.1101,-8e-05,-0.00366,0.04355,-0.00026,5.89452,-1.25625,-0.16969,35.60447,-0.16689,0.38702,-0.46484,67.37504,1.04409,-0.26644,-198.56628,8.6521,9.61551,0.86746
5.86,2.53008,-0.64332,0.02247,-0.2082,-0.0061,-0.0021,0.09215,0.09113,0.06076,0.20749,-0.69926,0.0057,-0.02683,0.00297,-0.45204,0.09296,-9e-05,-0.00893,0.03564,-0.00065,13.94046,-1.30604,-0.28666,24.82208,-1.87751,0.44166,-0.38189,82.28066,0.21325,-0.14376,-206.59688,7.39136,7.96532,0.02445
5.88,2.16967,-0.81717,0.04853,-0.17821,0.00732,-0.00284,0.1605,0.10849,0.03377,0.17074,-0.70279,0.00576,-0.01947,0.12275,-0.37751,0.06575,-0.00079,-0.01386,0.02673,-0.00099,21.99047,-1.3608,-0.3611,12.88415,-3.61097,0.41964,-0.28251,93.26953,-0.22804,0.11759,-204.93046,5.74136,5.98479,-0.93078
5.9,1.69827,-0.88387,0.07573,-0.14346,0.02637,-0.00356,0.22701,0.13556,0.01113,0.11529,-0.69831,0.00561,-0.0119,0.24984,-0.28819,0.03128,-0.00257,-0.01814,0.01823,-0.00128,29.23972,-1.3746,-0.39106,3.13558,-5.28314,0.31774,-0.23857,97.31342,-0.4574,0.47564,-191.23912,4.1109,4.07808,-1.86667
5.92,1.17173,-0.84355,0.10659,-0.10967,0.05181,-0.0044,0.2924,0.16692,-0.0056,0.04602,-0.68565,0.00537,-0.00388,0.37118,-0.18378,-0.00506,-0.0078,-0.02131,0.01168,-0.00151,35.25929,-1.27439,-0.35977,-1.87195,-6.91638,0.14973,-0.28389,92.46009,-0.64066,0.87913,-165.8637,2.7866,2.47159,-2.66829
5.94,0.60727,-0.67687,0.14158,-0.08135,0.08372,-0.00544,0.35937,0.19776,-0.01548,-0.02389,-0.66442,0.00516,0.00486,0.4741,-0.0663,-0.03729,-0.01743,-0.02338,0.0083,-0.0017,39.18445,-1.11347,-0.28709,-4.0465,-8.38111,-0.06332,-0.33082,81.25202,-0.43777,1.21574,-133.04775,1.74037,1.17869,-3.15178
5.96,0.04853,-0.39531,0.17782,-0.06103,0.12097,-0.00674,0.42992,0.22531,-0.02019,-0.09021,-0.63402,0.00507,0.01447,0.54959,0.06068,-0.06308,-0.03058,-0.02454,0.00838,-0.00188,40.30234,-0.9333,-0.20244,-4.30054,-9.49571,-0.2852,-0.34244,67.1102,0.01631,1.38026,-98.10331,0.94687,0.26221,-3.21734
5.98,-0.45517,-0.04024,0.20981,-0.0489,0.16166,-0.00835,0.50112,0.24929,-0.02185,-0.15206,-0.59378,0.00509,0.02483,0.59502,0.19083,-0.08049,-0.04949,-0.02477,0.01134,-0.00208,38.41436,-0.72941,-0.11641,-2.2961,-10.24262,-0.47291,-0.32962,52.99478,0.37223,1.3737,-66.27109,0.40366,-0.26642,-2.9655
6,-0.87608,0.33524,0.23388,-0.04349,0.20022,-0.00998,0.57561,0.26989,-0.02199,-0.20621,-0.54341,0.0052,0.03596,0.61075,0.31506,-0.09113,-0.06818,-0.02406,0.01599,-0.00232,34.34858,-0.49089,-0.02915,1.67972,-10.6434,-0.58589,-0.28605,40.6784,0.50363,1.12598,-39.43057,0.12614,-0.50095,-2.4385
6.02,-1.21459,0.66903,0.24935,-0.04235,0.22928,-0.01116,0.65911,0.2876,-0.02146,-0.24756,-0.4827,0.00539,0.04823,0.60016,0.42415,-0.09916,-0.0742,-0.02237,0.02094,-0.00265,29.53375,-0.22663,0.05427,6.56954,-10.75765,-0.6102,-0.21199,31.43108,0.36081,0.6988,-18.42496,-0.06079,-0.61419,-1.7908
6.04,-1.46184,0.9171,0.24754,-0.04288,0.24721,-0.0119,0.74257,0.30439,-0.02193,-0.27726,-0.41141,0.00552,0.06106,0.56936,0.51097,-0.10308,-0.07204,-0.01967,0.02486,-0.00304,23.93038,0.02803,0.12972,11.40798,-10.63302,-0.57295,-0.12855,26.28835,0.03232,0.30643,-2.07062,-0.30111,-0.68643,-1.29285
6.06,-1.60682,1.0608,0.22212,-0.04336,0.25478,-0.01228,0.81665,0.32182,-0.02434,-0.29943,-0.32968,0.00545,0.07347,0.52513,0.57204,-0.10155,-0.06782,-0.0159,0.02686,-0.00342,17.38524,0.24352,0.20182,15.86039,-10.30189,-0.5063,-0.05268,24.69617,-0.38801,0.01411,14.19291,-0.618,-0.75619,-1.02381
6.08,-1.66339,1.10221,0.17809,-0.04336,0.25196,-0.01225,0.88233,0.34007,-0.02774,-0.31457,-0.23874,0.00512,0.0848,0.47497,0.60711,-0.09654,-0.05874,-0.01093,0.02671,-0.00369,10.60609,0.39132,0.26935,19.54463,-9.82471,-0.43111,0.00549,24.86942,-0.87717,-0.24689,34.98796,-1.03442,-0.86551,-0.88269
6.1,-1.6442,1.05251,0.11978,-0.04317,0.23994,-0.01187,0.94002,0.35955,-0.03222,-0.32008,-0.14157,0.00449,0.09496,0.42482,0.6186,-0.08982,-0.04629,-0.00496,0.02456,-0.00365,4.17393,0.42951,0.31723,22.07089,-9.26908,-0.35923,0.0384,24.77804,-1.43912,-0.57233,61.8835,-1.58059,-1.00892,-0.74643
6.12,-1.56253,0.93213,0.05376,-0.04351,0.22049,-0.01124,0.99022,0.38001,-0.03798,-0.31225,-0.04132,0.00355,0.10418,0.38067,0.61026,-0.08332,-0.03184,0.0021,0.02083,-0.00309,-1.51718,0.33762,0.32968,23.22732,-8.68633,-0.2944,0.04814,22.46145,-2.0413,-1.00922,90.82357,-2.27162,-1.13051,-0.50375
6.14,-1.43591,0.77294,-0.00874,-0.04528,0.19607,-0.01042,1.03272,0.39959,-0.04323,-0.29486,0.06003,0.00236,0.11098,0.34987,0.58453,-0.07695,-0.01695,0.01054,0.01616,-0.00198,-6.6283,0.15383,0.31993,23.43472,-8.0787,-0.2395,0.04098,17.88971,-2.57866,-1.44085,116.3507,-2.87806,-1.12438,-0.13549
6.16,-1.27917,0.60003,-0.05867,-0.04909,0.16874,-0.00947,1.06632,0.41563,-0.04682,-0.27191,0.16141,0.00105,0.11413,0.33605,0.54483,-0.0707,-0.00393,0.02028,0.01114,-0.00037,-11.45956,-0.07904,0.30347,23.21616,-7.44078,-0.19289,0.02417,12.23363,-2.94117,-1.71299,135.33239,-3.07642,-0.90058,0.28882
6.18,-1.10567,0.43074,-0.09049,-0.05522,0.13982,-0.00844,1.09073,0.42455,-0.04895,-0.24237,0.26244,-0.00027,0.11422,0.33824,0.49687,-0.0656,0.00539,0.03134,0.00633,0.00167,-16.06062,-0.32515,0.28116,22.74478,-6.77444,-0.14879,0.00577,6.10615,-3.07116,-1.73805,143.37515,-2.75493,-0.43293,0.64851
6.2,-0.92031,0.27934,-0.10529,-0.06385,0.11089,-0.00743,1.10409,0.42344,-0.04984,-0.21039,0.36281,-0.00141,0.1109,0.35352,0.44585,-0.05936,0.00548,0.04384,0.00235,0.00399,-20.6651,-0.53875,0.25304,22.18821,-6.06577,-0.11099,-0.00812,0.79159,-2.84525,-1.39327,138.81552,-1.91987,0.24703,0.82579
6.22,-0.72568,0.16239,-0.10687,-0.07536,0.08341,-0.00653,1.10384,0.40954,-0.04974,-0.17983,0.46159,-0.00217,0.10403,0.37758,0.39706,-0.05018,-0.00183,0.05778,-0.00022,0.00666,-25.40629,-0.67165,0.22141,21.53173,-5.30693,-0.08668,-0.0166,-2.82102,-2.2641,-0.76935,121.84288,-0.76284,0.98537,0.79381
6.24,-0.5274,0.09596,-0.09652,-0.09021,0.0581,-0.00573,1.08591,0.37767,-0.04864,-0.14883,0.55684,-0.00247,0.09528,0.40571,0.35613,-0.04013,-0.01156,0.07307,-0.00097,0.00945,-30.12326,-0.70917,0.1903,20.59044,-4.50373,-0.07296,-0.02292,-4.65414,-1.58292,-0.16155,94.79315,0.44838,1.61386,0.56015
6.26,-0.32417,0.08767,-0.07734,-0.10934,0.03545,-0.00501,1.04631,0.32495,-0.04657,-0.1167,0.64497,-0.00232,0.08566,0.4349,0.32596,-0.02992,-0.02409,0.08929,0.00013,0.01198,-34.6128,-0.66326,0.16194,19.08359,-3.68057,-0.06598,-0.03021,-4.68115,-0.97897,0.27574,61.84954,1.51747,2.05749,0.17387
6.28,-0.10698,0.13811,-0.05406,-0.13443,0.01587,-0.00439,0.98316,0.25261,-0.04377,-0.08485,0.71976,-0.00184,0.07512,0.46497,0.30641,-0.01874,-0.03766,0.10527,0.00274,0.01419,-38.64773,-0.55154,0.13678,16.66592,-2.88482,-0.06298,-0.04112,-2.98803,-0.51274,0.49852,25.57427,2.35601,2.25455,-0.25821
6.3,0.13627,0.24142,-0.03119,-0.1672,-0.00037,-0.00379,0.88889,0.16266,-0.03994,-0.05744,0.77425,-0.0012,0.06338,0.49768,0.29583,-0.00705,-0.05123,0.12103,0.00612,0.01589,-42.1928,-0.37496,0.11311,13.30302,-2.14332,-0.05806,-0.05601,0.25785,-0.19414,0.47108,-6.59418,2.92599,2.26951,-0.57771
6.32,0.41452,0.38393,-0.01192,-0.20924,-0.01277,-0.00318,0.76007,0.05922,-0.03485,-0.03631,0.80168,-0.0006,0.05025,0.53603,0.29174,0.00439,-0.06486,0.13716,0.00932,0.01685,-45.17207,-0.15419,0.08844,8.82655,-1.48213,-0.04648,-0.07229,4.21413,-0.02981,0.19693,-29.36948,3.2251,2.20865,-0.7247
6.34,0.74043,0.55049,0.00303,-0.26239,-0.02091,-0.00253,0.6052,-0.05296,-0.02905,-0.01866,0.79374,-0.00018,0.03582,0.58418,0.29169,0.01464,-0.07542,0.15048,0.01142,0.01728,-47.15848,0.04936,0.06293,2.76621,-0.94487,-0.02325,-0.08953,8.20394,0.00203,-0.13928,-43.6509,3.35092,2.05439,-0.73365
6.36,1.13453,0.726,0.01313,-0.32779,-0.02473,-0.00187,0.43078,-0.17171,-0.02287,-0.00334,0.74738,-4e-05,0.02004,0.64379,0.29476,0.02246,-0.0803,0.15797,0.01182,0.01737,-47.69415,0.20361,0.03803,-5.13667,-0.53231,0.01165,-0.10883,12.22198,-0.00754,-0.40594,-50.78589,3.41493,1.81317,-0.62237
6.38,1.62277,0.88482,0.01814,-0.40496,-0.02426,-0.00122,0.24148,-0.29631,-0.01645,0.0093,0.66863,-0.00027,0.00283,0.71127,0.3024,0.02681,-0.07851,0.15973,0.01039,0.01701,-46.37346,0.31411,0.01431,-14.95101,-0.18366,0.05083,-0.12916,16.66135,0.03807,-0.6006,-52.03161,3.4758,1.53107,-0.40143
6.4,2.17087,1.00069,0.01932,-0.49035,-0.01994,-0.00063,0.04589,-0.42442,-0.00996,0.02067,0.56628,-0.00088,-0.01565,0.78258,0.31731,0.02698,-0.07215,0.15477,0.00746,0.01631,-43.11601,0.31864,-0.00705,-26.88777,0.20532,0.07769,-0.14882,21.14385,0.22509,-0.6206,-42.12378,3.49611,1.25091,-0.05153
6.42,2.68353,1.04871,0.02037,-0.57733,-0.01273,-0.00019,-0.14233,-0.55197,-0.00381,0.03556,0.45273,-0.00181,-0.03452,0.85217,0.34395,0.02266,-0.06407,0.14251,0.00364,0.01543,-37.7347,0.00994,-0.01362,-41.49186,0.70738,0.06484,-0.1713,24.73649,0.51299,-0.49283,-24.10603,3.44507,0.99649,0.32773
6.44,3.16125,0.98993,0.02672,-0.66039,-0.00411,9e-05,-0.31156,-0.67931,0.00158,0.056,0.34234,-0.00298,-0.05303,0.907,0.38934,0.01388,-0.05292,0.12456,-0.00049,0.01412,-29.48081,-0.65502,0.01477,-58.74998,1.39545,-0.00697,-0.20733,28.49441,0.84678,-0.39168,-9.19702,3.36028,0.73914,0.6357
6.46,3.62812,0.78241,0.04315,-0.73375,0.00378,0.00016,-0.45799,-0.80971,0.00611,0.08036,0.2429,-0.00435,-0.07081,0.93341,0.46048,0.00125,-0.03845,0.10227,-0.00465,0.01225,-17.94495,-1.57286,0.0934,-78.01028,2.36709,-0.14429,-0.26545,33.74742,1.29453,-0.382,0.43914,3.24056,0.46472,0.89212
6.48,4.03651,0.39353,0.07247,-0.7885,0.00832,1e-05,-0.58106,-0.94502,0.00995,0.10701,0.15567,-0.00592,-0.08744,0.92134,0.56242,-0.01396,-0.02331,0.07667,-0.00894,0.00997,-3.28837,-2.74147,0.22835,-98.33268,3.67235,-0.3401,-0.34501,40.06966,1.77853,-0.41712,6.20555,3.0063,0.17479,1.07752
6.5,4.29997,-0.14512,0.1154,-0.81686,0.00689,-0.00034,-0.68363,-1.07834,0.01311,0.13781,0.07896,-0.00753,-0.10134,0.8665,0.69666,-0.02997,-0.01037,0.04828,-0.01367,0.00738,13.92405,-4.34192,0.46916,-119.76801,5.00392,-0.57442,-0.45743,46.83846,2.18837,-0.47126,8.86055,2.56863,-0.12928,1.18882
6.52,4.3147,-0.74766,0.17083,-0.81208,-0.00246,-0.00087,-0.7724,-1.19749,0.01547,0.17584,0.00909,-0.0089,-0.11029,0.77036,0.85869,-0.04461,-0.00194,0.01881,-0.01925,0.00463,32.82309,-6.47209,0.93498,-142.78108,5.73549,-0.80695,-0.64042,53.05195,2.53076,-0.54757,9.40398,1.86474,-0.45867,1.23151
6.54,4.09932,-1.38838,0.2359,-0.76686,-0.0209,-0.00153,-0.85065,-1.30345,0.01722,0.21106,-0.05755,-0.01007,-0.11459,0.63189,1.04171,-0.05628,0.00056,-0.00914,-0.02579,0.00192,52.02969,-8.61918,1.6077,-163.92904,5.79383,-0.96125,-0.83467,58.03499,2.65547,-0.59526,8.4249,0.88384,-0.82508,1.19145
6.56,3.68651,-2.032,0.30444,-0.68089,-0.04863,-0.00233,-0.92003,-1.39884,0.0187,0.23295,-0.12245,-0.01123,-0.11527,0.46124,1.2326,-0.06407,-0.0036,-0.03422,-0.03303,-0.00066,69.72195,-10.23901,2.34423,-179.15778,5.36446,-0.99158,-0.92903,61.72268,2.43643,-0.57792,6.52542,-0.36731,-1.22031,1.07849
6.58,3.05848,-2.58123,0.36498,-0.56319,-0.08384,-0.00326,-0.98541,-1.47759,0.02002,0.24171,-0.18448,-0.01232,-0.11209,0.28096,1.40394,-0.0665,-0.01373,-0.056,-0.04039,-0.00305,84.21572,-10.90814,3.0608,-186.56986,4.42441,-0.90072,-0.87273,63.36446,1.79388,-0.50371,4.23734,-1.84421,-1.64111,0.90789
6.6,2.34064,-2.95596,0.41064,-0.4267,-0.123,-0.00442,-1.0245,-1.52699,0.02126,0.23439,-0.23928,-0.01295,-0.10494,0.10961,1.54362,-0.06616,-0.02525,-0.07233,-0.04679,-0.00519,92.47207,-10.65645,3.6716,-183.79139,3.17596,-0.69878,-0.60389,62.96654,0.50814,-0.39449,2.08929,-3.45866,-2.05056,0.72576
6.62,1.61463,-3.08826,0.43806,-0.28893,-0.16012,-0.00596,-1.0051,-1.53247,0.02264,0.21085,-0.28066,-0.01264,-0.09352,-0.02938,1.65312,-0.06824,-0.02913,-0.07911,-0.05099,-0.00695,91.96496,-9.54905,4.11956,-169.94667,1.8502,-0.44342,-0.16129,61.01356,-1.63076,-0.28427,0.4352,-5.13187,-2.3861,0.57182
6.64,0.85427,-2.92394,0.43073,-0.16837,-0.18545,-0.00796,-0.93997,-1.49428,0.02454,0.1776,-0.30439,-0.01146,-0.07842,-0.12058,1.70119,-0.07041,-0.02603,-0.07865,-0.05257,-0.00829,83.73526,-7.28745,4.19855,-145.76382,0.7758,-0.21643,0.34603,57.09085,-4.31497,-0.20222,-0.59731,-6.74844,-2.64244,0.43246
6.66,0.10435,-2.46094,0.37874,-0.07443,-0.19097,-0.0104,-0.84178,-1.41442,0.02708,0.13921,-0.30894,-0.00938,-0.06026,-0.16755,1.66717,-0.07064,-0.01937,-0.07502,-0.0517,-0.0092,70.22871,-4.37342,3.80018,-114.59965,0.12187,-0.05058,0.82901,50.9714,-7.05488,-0.15394,-0.95216,-8.19313,-2.83796,0.30419
6.68,-0.56558,-1.74338,0.29097,-0.00816,-0.17347,-0.01326,-0.70437,-1.2891,0.02987,0.09786,-0.29502,-0.00614,-0.03931,-0.17934,1.56598,-0.0727,-0.00836,-0.06801,-0.04865,-0.00966,54.17225,-1.63524,3.06751,-82.08836,-0.16336,0.05143,1.21732,42.9825,-9.48757,-0.12834,-0.72295,-9.41695,-2.98061,0.19692
6.7,-1.12808,-0.84451,0.17549,0.03444,-0.13066,-0.01597,-0.54803,-1.13053,0.03295,0.05263,-0.26617,-0.00211,-0.01791,-0.16898,1.40444,-0.07246,-0.00156,-0.06071,-0.04428,-0.00957,37.5641,0.13644,2.01583,-51.82841,-0.10183,0.10534,1.45558,34.34347,-11.19177,-0.10788,-0.21323,-10.4141,-3.08845,0.1154
6.72,-1.61803,0.10536,0.04832,0.0614,-0.06838,-0.01772,-0.3923,-0.95218,0.03635,0.00657,-0.2271,0.00262,0.00338,-0.14981,1.19269,-0.06437,-0.00228,-0.05566,-0.03952,-0.00881,22.82431,0.59168,0.9479,-27.82958,0.02072,0.14785,1.61632,26.47322,-11.85042,-0.07991,0.18177,-11.21246,-3.18106,0.06076
6.74,-2.03541,0.97664,-0.07047,0.07957,0.00016,-0.01843,-0.23874,-0.75759,0.03889,-0.03491,-0.18144,0.00789,0.025,-0.13098,0.95427,-0.0547,-0.00271,-0.05014,-0.03476,-0.00754,12.34989,0.22846,0.22437,-12.58985,0.07429,0.18807,1.80905,19.23967,-11.35001,-0.03753,0.24591,-11.82088,-3.29154,0.02445
6.76,-2.34912,1.70252,-0.17376,0.09306,0.06566,-0.01829,-0.09569,-0.55474,0.03936,-0.0714,-0.1318,0.01292,0.04532,-0.11797,0.70521,-0.04765,-0.00143,-0.04291,-0.03013,-0.00592,6.42877,-0.49203,-0.13583,-4.49587,0.11377,0.22564,2.02522,12.47458,-9.78127,0.01921,-0.187,-12.24867,-3.4537,0.00126
6.78,-2.56265,2.24983,-0.2607,0.1041,0.12173,-0.01734,0.02798,-0.35653,0.03728,-0.10315,-0.07996,0.01706,0.06312,-0.11221,0.45559,-0.04083,-0.00054,-0.03491,-0.02557,-0.00405,4.17428,-1.28726,-0.22486,-0.27399,0.1555,0.26508,2.25719,6.68039,-7.42755,0.07344,-1.19313,-12.53796,-3.6844,-0.01226
6.8,-2.71184,2.60171,-0.33114,0.11256,0.16124,-0.01555,0.12987,-0.17873,0.03288,-0.12753,-0.02695,0.01998,0.07772,-0.11088,0.21679,-0.03498,-0.00011,-0.02652,-0.02059,-0.0023,4.35615,-1.86106,-0.14263,3.4016,0.15574,0.30854,2.33319,2.1351,-4.59355,0.14493,-2.72856,-12.70968,-3.99399,-0.01729
6.82,-2.83971,2.76835,-0.38415,0.11676,0.17772,-0.01301,0.21009,-0.0303,0.02661,-0.13964,0.02652,0.02166,0.0888,-0.10845,0.00342,-0.03068,-1e-05,-0.01798,-0.01454,-0.00092,5.49604,-1.90902,-0.02223,8.93254,0.01805,0.35466,2.09304,-1.12904,-1.77879,0.2745,-4.79571,-12.77856,-4.38296,-0.00752
6.84,-2.9045,2.79479,-0.42205,0.11436,0.17489,-0.01033,0.27182,0.08712,0.01835,-0.1412,0.07978,0.02187,0.09582,-0.09874,-0.17251,-0.02638,0.00076,-0.00954,-0.00707,-5e-05,6.53047,-1.52467,0.01829,17.26629,-0.27245,0.37896,1.64748,-3.47308,0.50597,0.42099,-7.10739,-12.77211,-4.85139,0.01288
6.86,-2.86828,2.7267,-0.44703,0.10357,0.16065,-0.00788,0.31917,0.17247,0.00876,-0.13621,0.13186,0.0206,0.09835,-0.07673,-0.30719,-0.02184,0.00313,-0.0014,0.00196,0.00016,6.96749,-1.01578,-0.04022,28.27624,-0.62018,0.34867,1.09228,-5.2804,2.07673,0.54603,-9.28808,-12.70771,-5.38772,0.03511
6.88,-2.75465,2.60394,-0.45684,0.08371,0.13935,-0.0057,0.35517,0.22964,-0.00087,-0.12444,0.18095,0.01834,0.09696,-0.03993,-0.40257,-0.01764,0.00698,0.00615,0.01217,-0.00028,6.4201,-0.54145,-0.15154,40.39405,-0.91911,0.24971,0.4636,-6.72275,2.96733,0.66248,-11.23404,-12.59926,-5.94796,0.05709
6.9,-2.56363,2.44915,-0.4536,0.05495,0.11691,-0.00395,0.38238,0.26441,-0.00954,-0.10934,0.22433,0.0154,0.09171,0.01095,-0.46593,-0.01467,0.01326,0.01282,0.02268,-0.00117,4.93083,-0.11325,-0.2435,51.14833,-1.03186,0.08599,-0.14549,-8.08199,3.29724,0.76341,-12.90702,-12.44775,-6.51209,0.08247
6.92,-2.3027,2.27215,-0.4409,0.01814,0.09775,-0.00273,0.40241,0.28266,-0.01633,-0.09413,0.25885,0.01211,0.08287,0.07289,-0.50827,-0.01328,0.02513,0.01859,0.03246,-0.00212,2.8018,0.38466,-0.26518,57.5171,-0.83393,-0.11589,-0.6466,-9.57379,3.22896,0.84029,-14.33131,-12.24591,-7.06606,0.11714
6.94,-2.00057,2.09505,-0.41763,-0.02559,0.08182,-0.00195,0.41577,0.29223,-0.02133,-0.07763,0.28144,0.00894,0.0717,0.14121,-0.54043,-0.01284,0.04001,0.02313,0.0403,-0.00282,0.58712,0.74552,-0.17527,57.54553,-0.26112,-0.32173,-0.99252,-11.20788,2.9736,0.90781,-15.64634,-12.00348,-7.52605,0.16302
6.96,-1.67805,1.93378,-0.38494,-0.07496,0.06885,-0.00155,0.42262,0.29912,-0.02521,-0.0596,0.29006,0.00607,0.05899,0.20983,-0.57147,-0.0127,0.05308,0.02616,0.04536,-0.00315,-1.0525,0.78386,0.04497,50.98329,0.65974,-0.50066,-1.17125,-12.9784,2.69464,0.97416,-16.97925,-11.72097,-7.81494,0.22288
6.98,-1.35297,1.78924,-0.34721,-0.12824,0.05923,-0.00144,0.42277,0.30646,-0.02811,-0.0413,0.28409,0.00346,0.04497,0.2715,-0.60768,-0.0123,0.0638,0.02802,0.04762,-0.00304,-1.6958,0.5216,0.39499,37.72278,1.82275,-0.63165,-1.20627,-14.88598,2.47625,1.03828,-18.41517,-11.37161,-7.89972,0.30056
7,-1.01331,1.64175,-0.3064,-0.18268,0.05192,-0.00147,0.41716,0.31589,-0.02963,-0.02468,0.26376,0.00104,0.02979,0.31947,-0.64946,-0.01051,0.07099,0.029,0.04745,-0.00255,-1.11536,0.18028,0.78098,19.02625,3.06511,-0.70806,-1.09589,-17.11706,2.34375,1.10349,-20.25365,-10.92368,-7.71847,0.41127
7.02,-0.66035,1.47229,-0.26466,-0.23511,0.04577,-0.00148,0.40663,0.32749,-0.02892,-0.01021,0.23008,-0.00119,0.01383,0.34843,-0.69345,-0.00621,0.07353,0.0294,0.04549,-0.00178,0.40441,0.00022,1.09803,-3.17358,4.19661,-0.73681,-0.8129,-19.82213,2.30861,1.16887,-22.81485,-10.33582,-7.20785,0.57795
7.04,-0.32407,1.29462,-0.22583,-0.28379,0.04084,-0.0014,0.3897,0.34053,-0.02523,0.00314,0.18471,-0.00321,-0.00238,0.35278,-0.73934,0.00104,0.07149,0.02994,0.04265,-0.00074,2.21058,-0.16946,1.39629,-25.08481,5.04739,-0.71957,-0.43807,-22.71358,2.42265,1.22974,-26.12084,-9.53834,-6.34319,0.79363
7.06,0.00014,1.12169,-0.19286,-0.32874,0.03688,-0.00124,0.36558,0.35297,-0.01798,0.01536,0.12979,-0.00501,-0.01846,0.3321,-0.78673,0.01129,0.06467,0.03104,0.0395,0.0005,3.60305,-0.44675,1.71748,-43.19258,5.51458,-0.66045,-0.065,-25.4452,2.74598,1.28493,-30.22647,-8.46263,-5.11387,1.04413
7.08,0.3412,0.9558,-0.16828,-0.37139,0.03301,-0.00102,0.33566,0.3604,-0.00703,0.026,0.06829,-0.00656,-0.03403,0.29461,-0.83175,0.02378,0.05262,0.03252,0.03628,0.00188,4.02612,-0.76444,2.02431,-56.33252,5.59495,-0.57648,0.28324,-27.76765,3.33115,1.33366,-35.34222,-7.05636,-3.52286,1.33605
7.1,0.71968,0.81139,-0.15082,-0.41198,0.02869,-0.0008,0.30142,0.35937,0.00692,0.03612,0.00421,-0.00773,-0.04812,0.2533,-0.87067,0.03703,0.03608,0.03429,0.03298,0.00331,2.99122,-1.09977,2.22585,-57.60576,5.3142,-0.47152,0.51289,-29.50534,4.19475,1.37112,-41.96269,-5.25902,-1.59366,1.66773
7.12,1.13502,0.70227,-0.13876,-0.4499,0.02336,-0.0006,0.26454,0.34694,0.02244,0.04877,-0.05778,-0.00836,-0.05918,0.22378,-0.89969,0.04948,0.01545,0.03622,0.02947,0.00475,0.62323,-1.438,2.32302,-45.29315,4.78839,-0.35562,0.5787,-30.37052,5.30172,1.3857,-50.66607,-3.04268,0.59951,2.0348
7.14,1.59847,0.63371,-0.13561,-0.48712,0.01684,-0.00044,0.22711,0.31797,0.0378,0.06364,-0.11387,-0.00845,-0.06683,0.21947,-0.91329,0.05867,-0.01,0.03763,0.02555,0.0061,-2.35343,-1.80134,2.33114,-27.2818,4.2035,-0.2544,0.52603,-29.66696,6.65815,1.37296,-61.54169,-0.42511,2.95152,2.43227
7.16,2.13277,0.59843,-0.1433,-0.52364,0.00925,-0.00033,0.18946,0.27145,0.0514,0.07896,-0.16189,-0.0081,-0.07143,0.24547,-0.90739,0.06261,-0.03884,0.03797,0.02105,0.00723,-5.37819,-2.25534,2.23249,-7.23991,3.65792,-0.17717,0.38063,-26.71585,8.26386,1.32981,-74.49381,2.5584,5.35907,2.85326
7.18,2.74515,0.57201,-0.15994,-0.55436,0.00047,-0.00022,0.15005,0.21307,0.06207,0.09533,-0.20088,-0.00737,-0.07291,0.29663,-0.88079,0.06143,-0.06988,0.0372,0.01589,0.00805,-7.8948,-2.79076,2.02501,14.67385,3.13202,-0.11867,0.15364,-21.05595,10.0234,1.24344,-89.37287,5.84402,7.70316,3.30723
7.2,3.34234,0.54272,-0.18032,-0.56999,-0.00721,-0.00012,0.10823,0.15044,0.06923,0.11118,-0.23061,-0.00637,-0.07195,0.36037,-0.83112,0.05413,-0.0968,0.03515,0.0101,0.00848,-8.89634,-3.26387,1.67829,36.01368,2.47635,-0.07232,-0.14883,-12.43289,11.57108,1.09142,-106.70904,9.24413,9.73767,3.73079
7.22,3.76624,0.51061,-0.19677,-0.56031,-0.01178,-7e-05,0.06298,0.09385,0.07289,0.1241,-0.25134,-0.00526,-0.06943,0.4215,-0.75751,0.04125,-0.10706,0.03176,0.00383,0.00846,-7.29524,-3.39341,1.17931,49.40782,1.52336,-0.03167,-0.38506,-0.68657,12.37242,0.85252,-127.09691,12.38743,11.13467,4.00025
7.24,4.02628,0.44304,-0.20519,-0.51969,-0.01465,0,0.01273,0.05361,0.07334,0.13333,-0.2638,-0.00413,-0.06553,0.4645,-0.66411,0.02703,-0.10259,0.02731,-0.00262,0.00783,-3.12091,-3.13785,0.65231,53.24658,0.20927,0.0058,-0.49844,14.16173,12.33555,0.53913,-148.9126,15.00632,11.81236,4.15991
7.26,4.15001,0.3155,-0.20166,-0.44659,-0.01607,0.00012,-0.04071,0.03489,0.071,0.13774,-0.26906,-0.00303,-0.06049,0.47927,-0.55394,0.01394,-0.09183,0.02201,-0.00886,0.00654,3.32797,-2.63143,0.21653,51.26992,-1.4833,0.03797,-0.55818,31.43747,11.60855,0.1937,-169.74923,16.95155,11.84082,4.24493
7.28,4.06582,0.14486,-0.18008,-0.34352,-0.01436,0.00026,-0.09314,0.03873,0.06661,0.13629,-0.26838,-0.00202,-0.05473,0.46449,-0.4281,0.00261,-0.07571,0.01585,-0.01434,0.0047,11.65206,-1.8985,-0.04021,43.25546,-3.47,0.05633,-0.58038,49.95145,10.26422,-0.13362,-187.38028,18.01998,11.28682,4.13159
7.3,3.79868,-0.04572,-0.13874,-0.2177,-0.00794,0.00034,-0.13815,0.06387,0.06076,0.12725,-0.26323,-0.00112,-0.04866,0.42142,-0.29159,-0.00631,-0.0561,0.00893,-0.01829,0.00242,20.94694,-1.17146,-0.05244,32.44237,-5.55683,0.05702,-0.5813,67.43235,8.14456,-0.36849,-200.52917,17.8214,10.12094,3.97088
7.32,3.38083,-0.22584,-0.07857,-0.0809,0.00465,0.00027,-0.16777,0.10797,0.05385,0.11035,-0.25508,-0.00036,-0.04258,0.35514,-0.14917,-0.0126,-0.0345,0.00142,-0.01994,2e-05,30.0931,-0.77725,-0.03939,22.80458,-7.5832,0.05419,-0.53636,81.1725,5.40157,-0.32421,-208.43762,15.95815,8.3112,3.87718
7.34,2.79451,-0.36013,-0.00266,0.05375,0.02469,-0.00012,-0.17844,0.16811,0.04621,0.08884,-0.24511,0.0003,-0.03654,0.27582,-0.0039,-0.01637,-0.01589,-0.00642,-0.01887,-0.00213,37.90823,-0.56342,-0.10242,13.95955,-9.33139,0.04132,-0.47024,89.61671,3.09681,0.06887,-206.66637,12.98934,6.26953,3.52378
7.36,2.06107,-0.41746,0.08193,0.17731,0.0531,-0.00098,-0.16941,0.24097,0.0382,0.06512,-0.23421,0.00087,-0.03047,0.19145,0.13953,-0.01796,-0.00373,-0.01422,-0.01515,-0.00389,43.57406,-0.38837,-0.16184,6.11043,-10.60626,0.00256,-0.41338,92.27329,1.63401,0.67261,-193.13743,9.68864,4.36499,2.82966
7.38,1.23871,-0.37795,0.16394,0.28294,0.08979,-0.00244,-0.13969,0.32268,0.03027,0.04025,-0.22311,0.00138,-0.02436,0.10765,0.27501,-0.01744,-0.00035,-0.02155,-0.00933,-0.00518,46.17944,-0.24982,-0.2662,0.44304,-11.35943,-0.05148,-0.35431,89.57747,0.93054,1.42626,-170.63381,6.35572,2.68453,1.95188
7.4,0.42939,-0.24308,0.2374,0.36648,0.13184,-0.00444,-0.08784,0.40979,0.0225,0.01543,-0.21237,0.00188,-0.01823,0.03019,0.3961,-0.0165,-0.00719,-0.02748,-0.00247,-0.006,45.99265,-0.09026,-0.32133,-1.74865,-11.66509,-0.12748,-0.31475,80.94384,0.87368,2.0425,-139.4883,3.82875,1.47,1.0216
7.42,-0.33277,-0.03558,0.30839,0.42655,0.17363,-0.00659,-0.01397,0.50016,0.01518,-0.00813,-0.20235,0.00241,-0.01205,-0.03533,0.49721,-0.01721,-0.00616,-0.03069,0.00423,-0.00643,44.16951,0.11536,-0.25114,-0.68959,-11.6586,-0.23396,-0.30832,67.55089,0.99035,2.21703,-103.69105,2.24639,0.70472,0.19668
7.44,-1.04308,0.2091,0.36942,0.46163,0.21154,-0.00871,0.07932,0.58987,0.00899,-0.02969,-0.19297,0.00301,-0.00575,-0.08493,0.5726,-0.01841,0.00365,-0.03126,0.00976,-0.00646,40.26701,0.34765,-0.17828,2.08859,-11.38752,-0.33039,-0.29437,53.90757,0.99244,2.09771,-70.88545,1.06154,0.19936,-0.43193
7.46,-1.64911,0.45422,0.40743,0.47297,0.24338,-0.01075,0.19016,0.67547,0.00402,-0.04909,-0.18374,0.00372,0.00069,-0.11703,0.61862,-0.01909,0.00871,-0.02977,0.01342,-0.00613,33.91692,0.61956,-0.14263,5.92932,-10.89226,-0.38325,-0.25512,43.2634,0.83984,1.86681,-44.33085,0.12088,-0.11776,-0.87518
7.48,-2.12528,0.67034,0.4209,0.46538,0.26691,-0.01259,0.31303,0.75647,0.0001,-0.06674,-0.17383,0.00451,0.00721,-0.1317,0.63495,-0.01999,0.01141,-0.02636,0.01493,-0.0055,26.03095,0.93231,-0.12117,10.17298,-10.27039,-0.3955,-0.20057,36.72407,0.53639,1.61379,-22.81037,-0.5921,-0.29605,-1.21266
7.5,-2.47833,0.83141,0.41159,0.44812,0.27883,-0.01399,0.44231,0.83317,-0.00293,-0.08204,-0.16211,0.00541,0.01368,-0.12986,0.62323,-0.02113,0.0089,-0.02213,0.01434,-0.00462,18.07277,1.24043,-0.10932,13.93697,-9.61114,-0.36236,-0.13686,33.47512,0.12891,1.35221,-2.33714,-1.2436,-0.42638,-1.50638
7.52,-2.73282,0.91876,0.38429,0.4305,0.27666,-0.01471,0.57582,0.90523,-0.00526,-0.09343,-0.1473,0.00643,0.02007,-0.11322,0.58597,-0.02245,0.00055,-0.01816,0.01192,-0.00352,11.39836,1.45235,-0.10672,16.43874,-8.98192,-0.29209,-0.07688,31.51163,-0.38727,0.9479,20.21029,-2.28703,-0.6418,-1.76714
7.54,-2.88184,0.9292,0.33543,0.41487,0.2633,-0.01496,0.70229,0.97074,-0.00703,-0.10165,-0.1281,0.00744,0.02619,-0.08459,0.52475,-0.02413,-0.00658,-0.01452,0.00806,-0.00231,5.76177,1.53972,-0.11839,17.63863,-8.39746,-0.21898,-0.03463,29.84347,-1.06863,0.37323,46.27568,-3.86882,-0.97902,-2.01356
7.56,-2.91898,0.8634,0.26566,0.40188,0.24135,-0.01489,0.81051,1.0271,-0.00836,-0.10802,-0.10332,0.00832,0.03175,-0.04727,0.44245,-0.0262,-0.00841,-0.01146,0.00314,-0.00104,0.72655,1.49179,-0.14495,17.91086,-7.85712,-0.15829,-0.01177,27.97562,-1.91818,-0.31938,76.80201,-5.66862,-1.38237,-2.22672
7.58,-2.87254,0.72497,0.18888,0.39214,0.21162,-0.01444,0.90064,1.07089,-0.00942,-0.11232,-0.07213,0.00906,0.03664,-0.0052,0.34421,-0.02886,-0.00482,-0.00924,-0.0024,0.00025,-3.54675,1.27748,-0.17807,17.45228,-7.36325,-0.10349,-0.00265,24.83284,-2.91158,-1.15965,109.54279,-7.4309,-1.82031,-2.30238
7.6,-2.7552,0.51785,0.10953,0.3827,0.17658,-0.0138,0.97173,1.10336,-0.01048,-0.11383,-0.03422,0.00964,0.04083,0.03664,0.23532,-0.03034,-0.00138,-0.00762,-0.00812,0.00154,-7.27091,0.91371,-0.2081,16.64314,-6.89935,-0.05281,-0.0004,20.1949,-3.84914,-1.97004,139.30816,-8.72719,-2.19389,-2.19358
7.62,-2.57699,0.25674,0.03251,0.36943,0.1383,-0.0132,1.02306,1.12684,-0.01186,-0.11168,0.01022,0.01007,0.04431,0.07283,0.12136,-0.02835,0.00211,-0.0061,-0.01355,0.00285,-10.69614,0.44437,-0.22574,15.78799,-6.44362,-0.00796,0.00018,14.28267,-4.42501,-2.44247,158.76859,-9.18049,-2.38409,-1.926
7.64,-2.35899,-0.02959,-0.02612,0.34936,0.09761,-0.01261,1.06084,1.13347,-0.01373,-0.10651,0.06049,0.01034,0.04697,0.09871,0.0069,-0.02423,0.0067,-0.00433,-0.01837,0.00417,-14.00564,-0.07315,-0.2251,14.96822,-5.97257,0.03314,0.00098,7.97151,-4.59556,-2.46172,164.54506,-8.60243,-2.31071,-1.51392
7.66,-2.11441,-0.31659,-0.05907,0.32013,0.05578,-0.0121,1.08901,1.11692,-0.01613,-0.09933,0.11517,0.01041,0.04877,0.11114,-0.10647,-0.01907,0.00707,-0.00201,-0.02244,0.00538,-17.3553,-0.57311,-0.20727,14.15228,-5.46421,0.06852,0.00127,2.3441,-4.43639,-2.09705,158.05233,-7.01505,-1.92253,-1.02331
7.68,-1.84905,-0.58078,-0.0698,0.2804,0.01427,-0.0118,1.10572,1.079,-0.01904,-0.09034,0.17169,0.01025,0.04988,0.10903,-0.21907,-0.01203,0.00227,0.00101,-0.02571,0.00643,-20.73848,-1.0008,-0.17582,13.18882,-4.90752,0.09191,-0.00113,-2.16838,-3.97791,-1.48197,139.58772,-4.71497,-1.23607,-0.56467
7.7,-1.5577,-0.79037,-0.06454,0.23137,-0.02533,-0.01176,1.11099,1.01822,-0.02222,-0.08027,0.22635,0.00986,0.0504,0.0934,-0.33144,-0.0029,-0.0083,0.00468,-0.02823,0.00727,-24.16282,-1.30136,-0.13928,11.92391,-4.29686,0.09886,-0.00871,-4.92328,-3.23749,-0.77483,111.48087,-2.09333,-0.31174,-0.22876
7.72,-1.23703,-0.90998,-0.05021,0.17461,-0.06122,-0.01193,1.10339,0.93407,-0.02527,-0.06986,0.27503,0.00926,0.05045,0.06697,-0.44413,0.00878,-0.02518,0.00887,-0.03009,0.00783,-27.50419,-1.43236,-0.10704,10.05466,-3.64251,0.08797,-0.02351,-5.85709,-2.3391,-0.2131,75.85471,0.40074,0.63261,-0.05742
7.74,-0.89605,-0.92252,-0.03255,0.10985,-0.09186,-0.01221,1.07435,0.8318,-0.02781,-0.05958,0.31381,0.00837,0.05025,0.03288,-0.55815,0.0236,-0.04344,0.01333,-0.0315,0.00805,-30.4075,-1.39329,-0.0786,7.12378,-2.971,0.06218,-0.04653,-5.37675,-1.53559,0.05321,37.61929,2.45112,1.35637,0.00324
7.76,-0.5362,-0.82573,-0.01619,0.03725,-0.11617,-0.01246,1.01652,0.71522,-0.02948,-0.04978,0.34006,0.00718,0.04989,-0.0063,-0.6744,0.04165,-0.058,0.01767,-0.03277,0.00788,-32.49695,-1.21132,-0.05114,2.71312,-2.30964,0.02631,-0.07688,-3.70653,-0.91898,0.08654,1.63954,3.94649,1.77637,0.07394
7.78,-0.14795,-0.62449,-0.00405,-0.04239,-0.13337,-0.0125,0.92719,0.5862,-0.03,-0.04056,0.35299,0.00577,0.04925,-0.04875,-0.79264,0.0627,-0.06529,0.02141,-0.0343,0.00735,-33.43311,-0.9267,-0.02732,-3.44727,-1.67814,-0.01411,-0.11239,-0.92627,-0.48984,0.02077,-31.78049,4.9451,1.85796,0.28356
7.8,0.27979,-0.33562,0.00295,-0.12776,-0.14252,-0.01212,0.80325,0.44509,-0.02904,-0.03295,0.35278,0.00422,0.04815,-0.09331,-0.90745,0.08616,-0.06659,0.02415,-0.03665,0.00653,-33.11145,-0.54209,-0.00131,-11.56403,-1.05986,-0.05542,-0.14887,2.99462,-0.24801,0.00916,-52.11685,5.48655,1.73456,0.67637
7.82,0.74879,0.00821,0.0057,-0.21702,-0.14279,-0.01118,0.64416,0.29431,-0.02648,-0.02735,0.34046,0.00261,0.04634,-0.13937,-1.00954,0.11093,-0.06483,0.0256,-0.04033,0.00547,-31.41474,-0.11261,0.04368,-22.14578,-0.44636,-0.0999,-0.17963,7.45771,-0.13885,0.11654,-54.07803,5.62282,1.5798,1.17416
7.84,1.26677,0.3612,0.00606,-0.30758,-0.13423,-0.00969,0.45377,0.13787,-0.02289,-0.02238,0.31781,0.00108,0.0435,-0.18577,-1.09247,0.13496,-0.05719,0.02511,-0.04553,0.0043,-27.96502,0.24773,0.11009,-35.38495,0.14196,-0.15017,-0.20452,12.23171,-0.10469,0.33377,-48.88189,5.56629,1.39684,1.71564
7.86,1.85385,0.67707,0.0059,-0.39576,-0.11758,-0.0078,0.23673,-0.02395,-0.01907,-0.01682,0.28713,-0.00035,0.03933,-0.23024,-1.14946,0.15545,-0.04176,0.02234,-0.05193,0.00311,-22.43899,0.49113,0.18907,-50.99942,0.70933,-0.20851,-0.22665,17.77969,-0.06807,0.66962,-42.68614,5.47365,1.20538,2.2701
7.88,2.53847,0.89672,0.00747,-0.47679,-0.09419,-0.00568,-0.00054,-0.19368,-0.01588,-0.00988,0.25138,-0.00169,0.03357,-0.26951,-1.17118,0.16876,-0.02005,0.01757,-0.05881,0.00192,-14.66202,0.63472,0.28328,-68.58504,1.28002,-0.27773,-0.24229,24.42035,0.10221,1.11556,-35.17227,5.35467,1.05485,2.80345
7.9,3.23654,0.97345,0.01378,-0.54108,-0.06626,-0.00359,-0.24806,-0.37166,-0.01358,-0.00103,0.21425,-0.00297,0.02602,-0.29999,-1.14763,0.17433,-0.00083,0.01109,-0.06466,0.00077,-4.68664,0.51087,0.41579,-88.6116,1.79485,-0.35882,-0.26745,31.44118,0.42097,1.48141,-24.70926,5.13993,0.93531,3.09633
7.92,3.76621,0.88645,0.02829,-0.57665,-0.03698,-0.0018,-0.49485,-0.5532,-0.01214,0.0112,0.18016,-0.00416,0.0166,-0.31889,-1.0707,0.17297,0.00803,0.00351,-0.06763,-0.00034,7.5861,-0.34031,0.63454,-112.09571,2.05576,-0.4476,-0.33292,37.15461,0.59206,1.48933,-12.89879,4.74569,0.81034,2.92201
7.94,4.13898,0.59101,0.05438,-0.57673,-0.01063,-0.00052,-0.73252,-0.73976,-0.01186,0.02797,0.15381,-0.00534,0.00543,-0.32403,-0.93741,0.16002,0.01227,-0.00435,-0.06674,-0.00148,22.18989,-1.93451,0.97113,-137.34043,1.98659,-0.52662,-0.4228,41.96848,0.50678,1.25604,-3.98522,4.143,0.63763,2.51382
7.96,4.40387,0.0554,0.0946,-0.53801,0.00847,5e-05,-0.95707,-0.93809,-0.0123,0.04857,0.13975,-0.00663,-0.00724,-0.316,-0.74634,0.13328,0.01486,-0.01217,-0.06155,-0.00268,38.56627,-3.95593,1.41786,-161.56902,1.63206,-0.57943,-0.50646,47.04762,0.28682,0.946,1.53881,3.30961,0.38753,2.07745
7.98,4.48385,-0.70989,0.14901,-0.45969,0.01648,-0.00024,-1.17111,-1.1514,-0.01208,0.07092,0.14249,-0.00816,-0.021,-0.29929,-0.49825,0.09629,0.01252,-0.01985,-0.05203,-0.00402,55.77818,-6.34402,1.92089,-182.77274,1.04268,-0.59926,-0.57139,51.7433,-0.27944,0.54876,4.50498,2.20609,0.05483,1.59975
8,4.34344,-1.5727,0.21608,-0.34351,0.01062,-0.00142,-1.3625,-1.3682,-0.00947,0.09501,0.16624,-0.00977,-0.03488,-0.28027,-0.19999,0.05339,0.00451,-0.02717,-0.039,-0.00556,72.25749,-8.82898,2.57484,-199.76801,-0.09418,-0.56788,-0.60951,55.73172,-1.53376,0.14609,5.54745,0.86465,-0.34122,1.12505
8.02,3.96631,-2.30745,0.29348,-0.19779,-0.00887,-0.00338,-1.50935,-1.56644,-0.0035,0.12251,0.21362,-0.01108,-0.04722,-0.26501,0.1361,0.00973,-0.00973,-0.03381,-0.02368,-0.00732,86.00579,-10.53695,3.53632,-211.26523,-2.12603,-0.47447,-0.61145,58.63146,-3.83414,-0.19543,5.45663,-0.64151,-0.7604,0.7004
8.04,3.37839,-2.85284,0.37411,-0.03748,-0.04015,-0.00592,-1.62097,-1.74514,0.00581,0.14823,0.28413,-0.01223,-0.05725,-0.25543,0.49332,-0.02966,-0.02976,-0.03966,-0.00741,-0.00928,94.74499,-10.65506,4.34944,-212.51458,-4.13228,-0.35133,-0.52644,59.82823,-7.25283,-0.443,4.65213,-2.24298,-1.16219,0.35687
8.06,2.61931,-3.18226,0.44466,0.12445,-0.08039,-0.00891,-1.71136,-1.90754,0.01829,0.16606,0.37235,-0.01337,-0.06488,-0.24962,0.84978,-0.06124,-0.05321,-0.0448,0.00826,-0.01143,96.91199,-9.2638,4.54976,-200.85322,-5.25765,-0.23022,-0.32801,59.23968,-11.47571,-0.56016,3.4935,-3.87098,-1.51931,0.10795
8.08,1.72815,-3.19731,0.48816,0.27471,-0.12372,-0.01217,-1.777,-2.04235,0.03351,0.17498,0.46597,-0.01426,-0.06957,-0.24346,1.17399,-0.0823,-0.07642,-0.04914,0.02145,-0.01378,92.09651,-6.47646,4.17496,-177.68983,-5.49443,-0.12333,-0.04928,56.50094,-16.31235,-0.53498,2.29492,-5.46181,-1.81256,-0.05341
8.1,0.84185,-2.89436,0.48749,0.39838,-0.16387,-0.01566,-1.78766,-2.12517,0.05036,0.17706,0.54931,-0.01449,-0.07014,-0.22636,1.43937,-0.09327,-0.09346,-0.05225,0.03024,-0.01577,79.38007,-3.56116,3.21138,-144.13963,-4.5887,-0.04955,0.24094,52.32942,-21.08891,-0.39314,1.32538,-6.96107,-2.0351,-0.14462
8.12,0.01384,-2.31993,0.43017,0.48148,-0.19409,-0.01941,-1.7077,-2.12765,0.06713,0.17611,0.60685,-0.01354,-0.06526,-0.18826,1.63398,-0.09754,-0.09699,-0.05365,0.03323,-0.01651,60.75997,-1.71472,1.99847,-105.02161,-2.98514,-0.00679,0.47415,48.01982,-24.8626,-0.19613,0.70535,-8.3195,-2.19647,-0.19543
8.14,-0.75635,-1.53619,0.31235,0.51602,-0.20416,-0.02307,-1.56022,-2.05305,0.0826,0.16919,0.62194,-0.0113,-0.05566,-0.1307,1.73358,-0.09519,-0.0883,-0.05353,0.02941,-0.01629,41.10504,-0.49838,1.01149,-67.58835,-1.50618,0.01974,0.63876,43.12754,-27.16462,0.04139,0.3192,-9.45946,-2.3143,-0.22248
8.16,-1.39985,-0.65949,0.14806,0.50333,-0.18981,-0.02628,-1.3676,-1.90953,0.09566,0.15423,0.5865,-0.0077,-0.04241,-0.05798,1.72737,-0.08808,-0.07107,-0.05238,0.01911,-0.01558,23.67651,0.28942,0.37323,-36.99513,-0.45125,0.0366,0.75342,37.25978,-27.71554,0.32451,0.02229,-10.31825,-2.40992,-0.23352
8.18,-1.87231,0.18413,-0.03288,0.45052,-0.15556,-0.02905,-1.12735,-1.69404,0.10422,0.13468,0.50674,-0.00277,-0.02621,0.02361,1.6393,-0.08164,-0.04718,-0.05057,0.00438,-0.01414,10.22957,0.53264,0.04692,-15.7001,0.16571,0.04837,0.86941,31.03993,-26.40896,0.59908,-0.30797,-10.90406,-2.5062,-0.24046
8.2,-2.20727,0.87789,-0.19665,0.37925,-0.10347,-0.02991,-0.8795,-1.43732,0.1087,0.10599,0.39519,0.00281,-0.00974,0.10231,1.48405,-0.07371,-0.02372,-0.04762,-0.01175,-0.01249,1.07978,0.24181,-0.00996,-3.68491,0.41988,0.06377,1.03757,24.95794,-23.42051,0.9011,-0.79617,-11.26229,-2.6251,-0.24436
8.22,-2.48737,1.314,-0.30871,0.31044,-0.0455,-0.02726,-0.65722,-1.17129,0.11045,0.06819,0.27105,0.00867,0.00579,0.16684,1.27902,-0.05995,-0.006,-0.04271,-0.02527,-0.01109,-4.07658,-0.27498,0.13107,0.25223,0.51048,0.09044,1.30037,19.39159,-19.25678,1.31917,-1.5145,-11.45693,-2.78502,-0.24267
8.24,-2.68617,1.49789,-0.35947,0.24649,0.00109,-0.02285,-0.45564,-0.89902,0.10715,0.03107,0.1556,0.01412,0.01982,0.20463,1.06244,-0.04753,0.00978,-0.03705,-0.03359,-0.00954,-4.21235,-0.59982,0.2782,-0.56174,0.70987,0.11977,1.56723,14.36488,-14.66328,1.75726,-2.49537,-11.55812,-3.00185,-0.24073
8.26,-2.76109,1.50603,-0.36358,0.1899,0.03261,-0.01847,-0.2809,-0.62958,0.09768,-0.00227,0.06079,0.018,0.03055,0.2067,0.85785,-0.03944,0.02521,-0.03138,-0.0363,-0.00768,-2.95837,-0.79277,0.3631,-1.70178,0.97707,0.16018,1.86886,9.77263,-10.26297,2.11846,-3.75527,-11.61934,-3.29108,-0.24258
8.28,-2.74128,1.40905,-0.33734,0.1452,0.05108,-0.01429,-0.14274,-0.38122,0.08381,-0.03224,-0.01,0.02001,0.0374,0.17441,0.67191,-0.03024,0.0361,-0.02489,-0.03377,-0.00575,-1.67782,-1.03977,0.4098,-2.859,1.27142,0.21886,2.15813,5.68774,-6.42528,2.42327,-5.25531,-11.6708,-3.66697,-0.2492
8.3,-2.63978,1.2614,-0.30105,0.1108,0.05866,-0.01069,-0.03878,-0.17103,0.06763,-0.0575,-0.05869,0.02012,0.04025,0.11711,0.51412,-0.0247,0.04847,-0.01918,-0.0279,-0.00388,-0.52564,-1.33006,0.4232,-4.07898,1.5039,0.28624,2.26629,1.97688,-3.29682,2.65737,-7.02238,-11.72806,-4.14188,-0.24855
8.32,-2.47319,1.09076,-0.26986,0.08316,0.05676,-0.00782,0.03666,-0.0065,0.05111,-0.07528,-0.09091,0.01863,0.03937,0.05173,0.39161,-0.02354,0.06992,-0.01509,-0.02101,-0.00223,0.54201,-1.30718,0.28026,-3.34626,1.52988,0.33224,2.00678,-1.51936,-0.99315,2.79622,-9.13385,-11.79254,-4.7172,-0.22464
8.34,-2.25664,0.93082,-0.2446,0.05931,0.04897,-0.00561,0.09042,0.11218,0.03546,-0.08508,-0.11275,0.01612,0.03628,-0.00321,0.30524,-0.01923,0.09162,-0.01121,-0.01462,-0.0009,1.29429,-0.74266,-0.1368,2.85151,1.28865,0.31079,1.32312,-4.75053,0.46563,2.88307,-11.53177,-11.8346,-5.37668,-0.18646
8.36,-2.00267,0.80312,-0.22274,0.03678,0.03946,-0.00402,0.12916,0.18456,0.02164,-0.08822,-0.12916,0.0131,0.03214,-0.03513,0.2543,-0.0138,0.10697,-0.00775,-0.01001,6e-05,1.22219,-0.0398,-0.51156,10.34478,0.8719,0.19684,0.36586,-7.66992,1.23767,2.94495,-14.10907,-11.82211,-6.08342,-0.14717
8.38,-1.738,0.70625,-0.20278,0.01458,0.02969,-0.00288,0.15667,0.21545,0.01039,-0.08469,-0.14351,0.01001,0.0274,-0.03852,0.23553,-0.01219,0.11943,-0.00554,-0.00787,0.00066,0.65017,0.74594,-0.76366,17.09938,0.36657,-0.01801,-0.68547,-10.27752,1.52866,2.95615,-16.75669,-11.74465,-6.77703,-0.10976
8.4,-1.45973,0.62432,-0.18233,-0.00662,0.02101,-0.00209,0.17516,0.21082,0.00178,-0.07623,-0.15742,0.00706,0.02245,-0.0149,0.24118,-0.01572,0.1246,-0.00446,-0.00795,0.00093,0.0869,1.43366,-0.86407,20.77487,-0.09997,-0.31102,-1.56899,-12.79973,1.53593,2.98334,-19.59118,-11.55687,-7.42976,-0.0598
8.42,-1.16888,0.54201,-0.1605,-0.02517,0.01419,-0.00154,0.1856,0.17706,-0.00423,-0.06459,-0.17128,0.0044,0.01747,0.02915,0.26095,-0.02293,0.11835,-0.00403,-0.00945,0.00096,0.11111,1.90497,-0.81631,19.10276,-0.43222,-0.64183,-1.97114,-15.45429,1.43797,3.08077,-22.78467,-11.21577,-8.01524,0.02138
8.44,-0.8997,0.46705,-0.13821,-0.03965,0.00904,-0.00114,0.18631,0.12277,-0.00796,-0.05009,-0.18551,0.00221,0.01247,0.08521,0.28506,-0.03159,0.10622,-0.00385,-0.01148,0.00083,1.08001,2.06681,-0.54199,10.90082,-0.60898,-0.97396,-1.82424,-18.09225,1.38803,3.16252,-26.03657,-10.75652,-8.41253,0.12537
8.46,-0.66817,0.40575,-0.1167,-0.04964,0.00535,-0.00082,0.17596,0.05415,-0.00995,-0.03356,-0.20084,0.00048,0.00747,0.14482,0.30555,-0.03991,0.09162,-0.00358,-0.0134,0.00061,2.95898,1.87154,-0.02564,-3.18066,-0.66597,-1.27082,-1.24042,-20.60189,1.48416,3.18757,-29.07493,-10.20527,-8.50995,0.24355
8.48,-0.46832,0.35319,-0.09731,-0.05581,0.00284,-0.00055,0.15513,-0.02456,-0.01041,-0.01632,-0.21821,-0.00091,0.00248,0.20017,0.31657,-0.04607,0.07423,-0.00298,-0.01481,0.00037,5.40643,1.39974,0.68977,-21.88167,-0.67558,-1.5126,-0.29717,-23.0347,1.76658,3.19085,-31.94574,-9.53335,-8.25647,0.3789
8.5,-0.28521,0.30205,-0.08088,-0.05932,0.00131,-0.00033,0.1249,-0.10854,-0.00928,0.0001,-0.23881,-0.00204,-0.00243,0.24417,0.31453,-0.04861,0.05379,-0.00203,-0.01559,0.00018,7.54691,0.83877,1.37618,-39.26321,-0.69465,-1.68438,0.76762,-25.55698,2.2302,3.18261,-34.94108,-8.72784,-7.57394,0.55537
8.52,-0.11243,0.24686,-0.06854,-0.06174,0.00049,-0.00016,0.08682,-0.19084,-0.00646,0.01538,-0.26378,-0.00293,-0.00709,0.27115,0.29772,-0.04665,0.0314,-0.00075,-0.01582,0.0001,8.37086,0.41338,1.82291,-49.35982,-0.75624,-1.77952,1.72052,-28.27128,2.84754,3.16213,-38.41775,-7.77368,-6.40592,0.80593
8.54,0.04881,0.19439,-0.06131,-0.06517,-2e-05,-5e-05,0.04253,-0.2665,-0.00208,0.02951,-0.29373,-0.00362,-0.01139,0.27768,0.2659,-0.04082,0.00963,0.00082,-0.01564,0.00016,7.51543,0.10776,2.09215,-51.96619,-0.86655,-1.80157,2.49653,-30.90615,3.62307,3.14434,-42.37565,-6.61311,-4.76089,1.09475
8.56,0.21321,0.14958,-0.06031,-0.07131,-0.0005,-2e-05,-0.00683,-0.33361,0.0035,0.04196,-0.32857,-0.00415,-0.0153,0.26391,0.21991,-0.03215,-0.01045,0.00261,-0.0152,0.00037,4.94435,-0.16867,2.24773,-47.48957,-0.99835,-1.75016,3.07561,-33.11242,4.59216,3.13866,-46.90266,-5.21647,-2.67925,1.37897
8.58,0.40324,0.1105,-0.06746,-0.08098,-0.00117,-2e-05,-0.06022,-0.38949,0.00954,0.05283,-0.36725,-0.00453,-0.0188,0.23431,0.16176,-0.02139,-0.0282,0.00447,-0.01472,0.0007,0.81856,-0.48256,2.32917,-35.55533,-1.10195,-1.62591,3.49155,-34.58683,5.79127,3.1328,-52.41896,-3.6011,-0.24296,1.66905
8.6,0.62915,0.08399,-0.08086,-0.09416,-0.00203,-7e-05,-0.11634,-0.43339,0.01506,0.06249,-0.40723,-0.00478,-0.02184,0.19679,0.09437,-0.00996,-0.04309,0.00624,-0.01438,0.00111,-4.19568,-0.81965,2.14694,-14.20025,-1.09306,-1.43778,3.38,-35.03769,7.16968,3.08069,-59.48303,-1.78336,2.404,1.92537
8.62,0.8849,0.07389,-0.09792,-0.10996,-0.00306,-0.00015,-0.17373,-0.4659,0.01913,0.07138,-0.44522,-0.00487,-0.02437,0.16058,0.02155,0.00085,-0.05541,0.00778,-0.01437,0.00154,-8.36182,-1.03699,1.63608,10.36038,-0.90355,-1.20372,2.59494,-34.05204,8.56541,2.92661,-68.6118,0.16267,5.05282,2.09566
8.64,1.18073,0.06985,-0.12149,-0.12708,-0.00449,-0.00021,-0.23056,-0.48535,0.02078,0.07947,-0.47898,-0.00482,-0.02635,0.13308,-0.05335,0.01023,-0.06379,0.00883,-0.01483,0.0019,-10.46146,-1.19362,1.13775,29.70729,-0.54501,-0.91748,1.68197,-30.92789,9.91797,2.66108,-80.12723,2.13181,7.5175,2.21813
8.66,1.53387,0.05618,-0.15233,-0.14339,-0.00664,-0.00021,-0.28452,-0.49039,0.01953,0.08653,-0.50726,-0.00461,-0.02782,0.11754,-0.12841,0.01749,-0.06651,0.00918,-0.01578,0.00215,-10.28455,-1.37481,0.76716,43.57918,-0.05782,-0.58361,0.89325,-25.07642,11.18368,2.27782,-93.98075,4.05756,9.67209,2.31399
8.68,1.94663,0.01501,-0.18633,-0.15546,-0.0096,-0.00015,-0.33267,-0.48143,0.01573,0.09264,-0.52925,-0.00423,-0.02876,0.11258,-0.20264,0.02265,-0.06329,0.00877,-0.01717,0.00226,-7.67328,-1.51194,0.45307,51.65075,0.48404,-0.22358,0.18899,-16.23436,12.17462,1.76517,-109.48331,5.87532,11.41095,2.34459
8.7,2.33648,-0.06389,-0.21604,-0.15811,-0.01292,-8e-05,-0.37294,-0.45765,0.01021,0.09705,-0.5448,-0.00367,-0.02915,0.11385,-0.27387,0.02574,-0.05413,0.00761,-0.0188,0.00224,-2.85067,-1.47062,0.16182,53.83867,0.94231,0.13999,-0.39496,-4.4928,12.46718,1.12222,-126.90877,7.43998,12.5319,2.31428
8.72,2.57175,-0.1764,-0.23143,-0.14613,-0.016,-2e-05,-0.4045,-0.41852,0.00411,0.09867,-0.55393,-0.0029,-0.029,0.11623,-0.3381,0.02671,-0.03979,0.0058,-0.02038,0.00211,3.42115,-1.02569,-0.09207,50.46883,1.14448,0.44946,-0.80691,9.79894,11.61701,0.38239,-146.56116,8.52188,12.80205,2.20312
8.74,2.66797,-0.32666,-0.22776,-0.11733,-0.01886,0,-0.42437,-0.36775,-0.0014,0.09758,-0.55637,-0.00201,-0.0283,0.11582,-0.39303,0.02629,-0.02264,0.00356,-0.02145,0.00189,10.14659,-0.25738,-0.22715,42.85656,0.93957,0.65742,-1.05083,25.92967,9.7786,-0.34573,-165.43974,9.04041,12.28555,1.94299
8.76,2.64345,-0.50012,-0.20281,-0.07209,-0.02096,-8e-05,-0.43088,-0.30968,-0.00542,0.09359,-0.55149,-0.00111,-0.02711,0.11279,-0.43614,0.02471,-0.00508,0.0012,-0.02141,0.00164,16.77908,0.57955,-0.15522,33.14356,0.25563,0.76037,-1.17985,42.59902,7.35828,-0.94229,-180.07769,9.01342,11.14927,1.48309
8.78,2.43276,-0.6447,-0.15439,-0.01349,-0.02055,-0.00035,-0.42631,-0.24791,-0.00754,0.08583,-0.53828,-0.00023,-0.02545,0.11264,-0.46186,0.02088,0.00995,-0.00086,-0.01949,0.00136,22.76386,1.38792,0.27327,21.7456,-0.87978,0.74753,-1.24193,58.21166,4.70421,-1.32285,-188.22788,8.41847,9.51258,0.80663
8.8,2.09359,-0.70578,-0.08695,0.05183,-0.01534,-0.00083,-0.40831,-0.19009,-0.00748,0.07415,-0.51525,0.00052,-0.02342,0.12422,-0.46456,0.0146,0.02066,-0.0021,-0.01474,0.00111,27.67783,1.79362,1.04174,10.67687,-2.33027,0.64876,-1.26067,70.25817,2.08277,-1.32341,-188.24601,7.26454,7.58311,-0.02114
8.82,1.67713,-0.63777,-0.00536,0.11552,-0.0025,-0.00152,-0.37393,-0.14178,-0.00496,0.0586,-0.48108,0.00124,-0.02106,0.15713,-0.43848,0.00469,0.03246,-0.00193,-0.00633,0.0009,31.25161,1.50616,1.76448,2.03768,-3.92707,0.51783,-1.20432,76.50247,0.0761,-0.67105,-179.60481,5.62078,5.51913,-1.03386
8.84,1.14694,-0.42126,0.08624,0.16988,0.02072,-0.00237,-0.32789,-0.10213,-0.00096,0.03887,-0.43581,0.00193,-0.01835,0.218,-0.37812,-0.0118,0.04488,-0.00011,0.00597,0.00075,33.09027,0.7881,2.36142,-4.84956,-5.48883,0.35074,-1.11289,76.4781,-0.64479,0.39146,-160.63545,3.88088,3.58021,-2.16161
8.86,0.52847,-0.06678,0.17972,0.20956,0.05607,-0.00331,-0.27332,-0.07058,0.00282,0.0154,-0.38098,0.00247,-0.01521,0.30695,-0.2824,-0.03488,0.05264,0.00335,0.02177,0.00065,32.93898,-0.16175,2.90302,-10.295,-6.8336,0.14851,-1.03871,71.04462,-0.39379,1.3475,-133.08889,2.35856,1.98718,-3.13051
8.88,-0.10511,0.38113,0.26397,0.23149,0.10345,-0.00427,-0.20945,-0.04691,0.00502,-0.01075,-0.32,0.00292,-0.01157,0.41563,-0.15614,-0.06299,0.0586,0.00818,0.03961,0.0006,30.5869,-1.1844,3.18382,-13.5523,-7.84422,-0.05616,-0.97153,62.17089,0.32866,1.9977,-102.50821,1.13883,0.81032,-3.78061
8.9,-0.69286,0.84896,0.33255,0.23628,0.15953,-0.00512,-0.13642,-0.02893,0.00536,-0.03797,-0.25903,0.00329,-0.00732,0.52852,-0.00981,-0.09101,0.05773,0.01403,0.05742,0.00057,26.59337,-2.0151,3.10089,-13.62485,-8.47404,-0.23287,-0.91311,50.99029,1.00418,1.93123,-71.64402,0.48594,0.11706,-3.88398
8.92,-1.22615,1.25833,0.38496,0.22629,0.21798,-0.00581,-0.05541,-0.01431,0.00417,-0.06318,-0.20469,0.00359,-0.00243,0.62755,0.14304,-0.11004,0.04387,0.02108,0.07334,0.00054,21.93149,-2.4343,2.68487,-10.26186,-8.73144,-0.35713,-0.8543,39.82969,1.20565,1.10695,-44.56957,0.19095,-0.27736,-3.35914
8.94,-1.68088,1.51117,0.40847,0.20235,0.27201,-0.00636,0.03085,-0.00075,0.00037,-0.0848,-0.16104,0.00404,0.00309,0.697,0.2888,-0.11779,0.02645,0.02807,0.08472,0.00051,16.44218,-2.34485,2.04374,-4.32115,-8.60192,-0.41823,-0.77536,32.07637,1.01654,0.07638,-24.5034,-0.07368,-0.55259,-2.59527
8.96,-2.01313,1.53412,0.39055,0.16673,0.31588,-0.00686,0.11947,0.01488,-0.00611,-0.10304,-0.12955,0.00484,0.0091,0.72747,0.41561,-0.11641,0.01337,0.03337,0.08974,0.00051,9.88462,-1.81522,1.3282,3.51562,-8.0952,-0.41836,-0.67177,28.71557,0.6177,-0.85474,-8.90742,-0.3581,-0.77736,-1.99147
8.98,-2.22121,1.32119,0.33242,0.12431,0.34533,-0.00735,0.20508,0.03613,-0.01315,-0.11787,-0.10887,0.00593,0.01519,0.71653,0.51332,-0.10647,0.00524,0.03694,0.08863,0.00054,2.63447,-1.02741,0.66535,12.65994,-7.299,-0.36904,-0.54658,28.7902,0.10716,-1.61256,7.47925,-0.71544,-1.05518,-1.56847
9,-2.3249,0.90137,0.24114,0.08208,0.35465,-0.00785,0.28347,0.06683,-0.01938,-0.12881,-0.09487,0.00733,0.02094,0.66331,0.57556,-0.09072,0.00029,0.03853,0.08211,0.00065,-4.20857,-0.36939,0.21671,21.75176,-6.37085,-0.28216,-0.41522,30.27145,-0.46565,-2.28044,29.21594,-1.27531,-1.45534,-1.31856
9.02,-2.35026,0.34969,0.13236,0.04636,0.34,-0.00837,0.35472,0.1102,-0.02301,-0.13493,-0.0822,0.009,0.0261,0.57002,0.6001,-0.07261,-0.00312,0.03816,0.07151,0.00087,-9.5109,-0.06533,0.01512,28.59381,-5.46462,-0.17378,-0.29351,30.43174,-1.16473,-3.12601,56.87228,-2.24555,-1.9574,-1.09676
9.04,-2.29195,-0.2434,0.02127,0.02119,0.30544,-0.00905,0.4114,0.16813,-0.02144,-0.13673,-0.06637,0.01056,0.02994,0.44492,0.58586,-0.05443,-0.00341,0.03728,0.05888,0.00123,-13.79898,0.00162,-0.06819,32.748,-4.63173,-0.06839,-0.18738,28.30923,-2.00947,-4.06656,87.83136,-3.519,-2.44519,-0.7008
9.06,-2.15263,-0.81818,-0.07612,0.00891,0.25556,-0.00999,0.44649,0.23964,-0.01342,-0.13471,-0.04467,0.0116,0.03185,0.29565,0.53691,-0.0378,-0.0014,0.03687,0.04574,0.00175,-17.70974,-0.17052,-0.09162,34.96063,-3.90667,0.01847,-0.10171,24.31481,-2.89929,-4.81268,119.07413,-4.67232,-2.77112,-0.19277
9.08,-1.96544,-1.33471,-0.14207,0.00897,0.19377,-0.01119,0.46336,0.31702,0.00036,-0.12803,-0.01668,0.01196,0.03184,0.12878,0.46317,-0.02298,-2e-05,0.037,0.03292,0.00242,-21.09044,-0.55239,-0.08435,35.43814,-3.33138,0.08258,-0.03815,18.33235,-3.75016,-5.16295,145.03062,-5.3901,-2.79637,0.28611
9.1,-1.73166,-1.75221,-0.1776,0.01798,0.12683,-0.01271,0.46229,0.39637,0.01769,-0.11662,0.01574,0.01154,0.0299,-0.0466,0.37657,-0.00973,-0.00121,0.03786,0.02105,0.00324,-24.3598,-1.08384,-0.0739,34.83919,-2.90357,0.11935,0.00605,11.47305,-4.32064,-4.79618,160.50831,-5.33388,-2.49351,0.62286
9.12,-1.4523,-2.0252,-0.19111,0.031,0.0609,-0.01461,0.4446,0.47894,0.03647,-0.10066,0.04947,0.01037,0.02617,-0.21943,0.28777,0.00372,-0.00696,0.03953,0.01065,0.00424,-27.98597,-1.71194,-0.06601,33.8128,-2.59893,0.12521,0.03105,4.96793,-4.39276,-3.61132,161.40634,-4.35631,-1.91571,0.75463
9.14,-1.16278,-2.13779,-0.18364,0.04333,6e-05,-0.01673,0.42004,0.54802,0.05323,-0.0806,0.08136,0.00864,0.02118,-0.38071,0.20256,0.01976,-0.01783,0.04159,0.00206,0.00534,-32.0002,-2.27438,-0.05414,32.60561,-2.3843,0.10154,0.03376,-0.74301,-4.0697,-1.99621,147.56604,-2.5906,-1.10197,0.69132
9.16,-0.88338,-2.09128,-0.16211,0.05153,-0.0518,-0.01884,0.39496,0.58605,0.06425,-0.05765,0.10895,0.00658,0.01535,-0.52492,0.12326,0.03965,-0.03249,0.04367,-0.00466,0.00639,-36.37268,-2.64266,-0.03184,31.21657,-2.21205,0.05106,0.01197,-5.15794,-3.51174,-0.40276,122.75955,-0.29777,-0.13924,0.49501
9.18,-0.61354,-1.88323,-0.13702,0.05353,-0.09205,-0.02077,0.36987,0.59252,0.06857,-0.03356,0.13062,0.00442,0.00901,-0.64778,0.04986,0.06378,-0.04873,0.04555,-0.0096,0.00732,-40.92207,-2.79095,0.00387,29.31126,-2.0303,-0.02074,-0.03418,-8.00384,-2.8394,0.85368,89.7757,2.18006,0.8581,0.2191
9.2,-0.35273,-1.51299,-0.11392,0.04852,-0.1188,-0.02216,0.34504,0.56693,0.06644,-0.01116,0.14525,0.00238,0.00254,-0.74667,-0.01961,0.09261,-0.06625,0.04702,-0.01293,0.00807,-45.32223,-2.71153,0.05367,26.56926,-1.78858,-0.10577,-0.10299,-8.69985,-2.12515,1.51912,54.45787,4.4438,1.78577,-0.03058
9.22,-0.1048,-0.99685,-0.09378,0.03661,-0.13089,-0.02261,0.31945,0.5114,0.05939,0.00874,0.15206,0.00063,-0.00357,-0.81977,-0.08709,0.12641,-0.08607,0.0479,-0.01479,0.0086,-49.04323,-2.4263,0.11733,22.42441,-1.45923,-0.20074,-0.19252,-7.39505,-1.47149,1.4615,21.31468,6.10152,2.56144,-0.16798
9.24,0.1271,-0.38008,-0.07326,0.01843,-0.12923,-0.02207,0.29072,0.43071,0.04978,0.0267,0.15056,-0.00069,-0.0089,-0.86369,-0.15492,0.16205,-0.10536,0.04791,-0.01531,0.00883,-51.35942,-1.95438,0.18912,16.03185,-1.05237,-0.29958,-0.29624,-4.89313,-1.03237,0.96503,-7.42203,7.00511,3.0885,-0.18436
9.26,0.35146,0.28917,-0.04763,-0.00525,-0.11589,-0.02056,0.25661,0.32938,0.03948,0.04222,0.14046,-0.0016,-0.01334,-0.87464,-0.2258,0.19531,-0.12118,0.04682,-0.01453,0.0087,-51.56296,-1.34107,0.25954,6.72437,-0.59615,-0.39438,-0.4054,-1.47097,-0.81981,0.3805,-30.52672,7.23549,3.3028,-0.06076
9.28,0.586,0.95203,-0.01377,-0.03353,-0.09362,-0.01818,0.21528,0.21272,0.03002,0.05545,0.12174,-0.00215,-0.0169,-0.84973,-0.30135,0.22326,-0.13345,0.04466,-0.01243,0.00824,-49.051,-0.64355,0.32091,-5.74129,-0.11154,-0.48249,-0.50989,2.97621,-0.77895,-0.09911,-48.90765,6.94713,3.20378,0.22724
9.3,0.84246,1.53392,0.02824,-0.06505,-0.0655,-0.01503,0.16599,0.08076,0.02193,0.06719,0.09467,-0.00241,-0.01972,-0.78738,-0.38139,0.24288,-0.14228,0.04129,-0.00894,0.00748,-43.78501,0.14903,0.38221,-21.36573,0.40166,-0.56215,-0.60555,8.39049,-0.90744,-0.23677,-54.82533,6.27717,2.89774,0.64207
9.32,1.12143,1.95289,0.07466,-0.09761,-0.03528,-0.01127,0.10884,-0.06002,0.01536,0.07853,0.05997,-0.00246,-0.02199,-0.68804,-0.46388,0.25193,-0.14806,0.03656,-0.004,0.00647,-35.78934,0.82521,0.46613,-40.7806,0.91907,-0.63167,-0.69534,13.88857,-1.15557,-0.11513,-46.20988,5.39469,2.52429,1.0506
9.34,1.43529,2.11633,0.12175,-0.12867,-0.00783,-0.00739,0.04466,-0.20254,0.01063,0.08899,0.0189,-0.00242,-0.02383,-0.55603,-0.54477,0.24808,-0.14978,0.03063,0.00236,0.00524,-24.65952,1.18524,0.57414,-63.84388,1.43458,-0.68849,-0.77158,19.39115,-1.45296,0.00478,-34.50125,4.49013,2.11221,1.37721
9.36,1.79275,1.94381,0.16598,-0.15467,0.01271,-0.00395,-0.02468,-0.35042,0.00759,0.09731,-0.02652,-0.00245,-0.02525,-0.40101,-0.61788,0.23091,-0.14588,0.02349,0.00998,0.00379,-10.28268,1.27347,0.68753,-89.30759,1.99454,-0.72871,-0.82038,25.60602,-1.70703,0.02491,-24.67823,3.64687,1.68867,1.6159
9.38,2.17834,1.35311,0.20443,-0.16997,0.02305,-0.00138,-0.09609,-0.50989,0.00565,0.10289,-0.07316,-0.00269,-0.02623,-0.23887,-0.67503,0.20343,-0.13633,0.01486,0.01845,0.00206,7.02536,1.07309,0.79358,-115.85159,2.6327,-0.74557,-0.82544,32.66267,-1.74418,-0.10401,-15.76816,2.85629,1.29816,1.75214
9.4,2.49956,0.42606,0.23729,-0.16671,0.02079,-9e-05,-0.16597,-0.67072,0.0042,0.1034,-0.11651,-0.00306,-0.02659,-0.09226,-0.70146,0.16696,-0.1203,0.00466,0.02714,3e-05,26.69079,0.48552,0.93142,-143.39533,3.13649,-0.73521,-0.83013,39.8784,-1.82946,-0.37624,-7.55044,2.05814,0.95583,1.70169
9.42,2.62678,-0.59396,0.2684,-0.13677,0.00566,-0.0002,-0.23218,-0.80561,0.00276,0.09636,-0.15135,-0.0034,-0.02607,0.0202,-0.6826,0.12474,-0.09708,-0.00701,0.03538,-0.00232,48.18324,-0.53758,1.16736,-172.37681,3.06062,-0.6889,-0.89757,45.78296,-2.73543,-0.63197,-0.99386,1.21395,0.65496,1.41877
9.44,2.55962,-1.6534,0.30318,-0.07607,-0.02091,-0.00152,-0.2911,-0.91776,0.00096,0.08139,-0.17345,-0.00381,-0.02449,0.0882,-0.61772,0.08467,-0.06918,-0.01974,0.04257,-0.00497,70.01306,-1.73386,1.4219,-198.66201,2.42717,-0.59052,-0.95953,50.40121,-4.25527,-0.77091,2.87397,0.32629,0.36532,1.05392
9.46,2.30645,-2.71222,0.34141,0.01378,-0.05632,-0.00387,-0.33795,-1.01915,-0.00149,0.05868,-0.18025,-0.00439,-0.02161,0.10942,-0.51195,0.05075,-0.04056,-0.03259,0.04839,-0.00781,89.89163,-2.74984,1.58658,-217.35832,1.49169,-0.44526,-0.93494,54.5221,-5.96221,-0.82385,4.44346,-0.62373,0.06666,0.70521
9.48,1.83205,-3.58727,0.37506,0.12469,-0.09681,-0.00696,-0.37031,-1.09975,-0.00493,0.02889,-0.17063,-0.00501,-0.01719,0.09314,-0.37445,0.02358,-0.0145,-0.04504,0.05299,-0.01074,105.85502,-3.24136,1.65103,-226.04286,0.33954,-0.27413,-0.8126,57.28941,-8.05308,-0.75806,4.28094,-1.63945,-0.24785,0.37718
9.5,1.22401,-4.14502,0.39466,0.24155,-0.13682,-0.01061,-0.37507,-1.15331,-0.00907,-0.00609,-0.14504,-0.00549,-0.01093,0.05469,-0.22604,0.00436,0.00571,-0.05439,0.05658,-0.01347,114.19588,-3.38615,1.59628,-222.23385,-0.82,-0.10115,-0.57816,58.72707,-10.48139,-0.638,3.19359,-2.70079,-0.57255,0.10362
9.52,0.53672,-4.30706,0.38669,0.345,-0.16997,-0.01469,-0.33673,-1.17566,-0.01261,-0.04297,-0.10486,-0.00565,-0.00265,0.01142,-0.08832,-0.00806,0.02245,-0.05589,0.05919,-0.01562,111.95826,-3.48691,1.44784,-205.36705,-1.78779,0.03857,-0.25392,59.44675,-13.21285,-0.55641,1.95273,-3.79818,-0.88065,-0.10594
9.54,-0.22985,-4.06474,0.3339,0.42061,-0.1911,-0.01905,-0.26168,-1.16482,-0.01589,-0.07912,-0.05183,-0.00532,0.00756,-0.02395,0.02177,-0.01483,0.03978,-0.05187,0.06086,-0.0172,100.56645,-3.07688,1.23591,-175.87969,-2.20632,0.1224,0.11498,58.72408,-15.95332,-0.48023,0.81888,-4.87624,-1.1579,-0.25614
9.56,-1.00298,-3.477,0.23379,0.46229,-0.1973,-0.02353,-0.15925,-1.12102,-0.01986,-0.11356,0.01192,-0.00432,0.01944,-0.04884,0.09067,-0.01591,0.05879,-0.04662,0.06096,-0.01836,83.18159,-2.06638,0.98147,-137.7348,-2.00437,0.15612,0.45348,56.05357,-18.16016,-0.3517,-0.00324,-5.86502,-1.40568,-0.34598
9.58,-1.6991,-2.63877,0.10271,0.46834,-0.18827,-0.02796,-0.0371,-1.04251,-0.0239,-0.1464,0.08339,-0.0025,0.03217,-0.06798,0.11185,-0.01192,0.08266,-0.03994,0.05795,-0.01912,63.33495,-0.89453,0.71308,-98.12678,-1.42615,0.1508,0.70669,51.55635,-19.38176,-0.1889,-0.39403,-6.72731,-1.62047,-0.38685
9.6,-2.29183,-1.65427,-0.03421,0.44922,-0.16217,-0.03122,0.08828,-0.93457,-0.02766,-0.17528,0.15865,3e-05,0.04518,-0.09116,0.08519,-0.00331,0.112,-0.03416,0.05019,-0.01942,43.61466,-0.04536,0.41864,-61.32783,-0.59819,0.13715,0.84849,45.92945,-19.17654,0.0044,-0.42113,-7.43324,-1.8167,-0.39376
9.62,-2.81901,-0.68487,-0.14787,0.41898,-0.1222,-0.03196,0.20653,-0.8037,-0.03055,-0.19606,0.23367,0.00325,0.05868,-0.13083,0.01523,0.00932,0.14611,-0.03151,0.03617,-0.01919,26.78426,0.19532,0.16262,-31.99544,0.12453,0.1444,1.01771,40.16369,-17.40874,0.23053,-0.28472,-7.97125,-2.01726,-0.38442
9.64,-3.23858,0.11822,-0.22039,0.37985,-0.07888,-0.0308,0.30675,-0.65432,-0.0312,-0.21016,0.30482,0.00703,0.07105,-0.19943,-0.09072,0.02568,0.19167,-0.02985,0.01444,-0.01854,15.32835,0.10546,0.01009,-12.81268,0.65692,0.16137,1.37382,34.25681,-14.3985,0.44807,-0.10938,-8.33298,-2.2265,-0.37122
9.66,-3.48932,0.713,-0.25133,0.33345,-0.0384,-0.02857,0.37719,-0.49159,-0.02837,-0.21981,0.36958,0.01091,0.0804,-0.30811,-0.22424,0.04672,0.25616,-0.0277,-0.01471,-0.0176,9.23828,-0.09659,-0.06527,-1.27208,1.18048,0.18282,1.91274,28.16745,-10.61092,0.62359,0.01909,-8.52192,-2.4483,-0.3606
9.68,-3.58963,1.11273,-0.24963,0.28499,-0.00293,-0.02543,0.41648,-0.32307,-0.02164,-0.22406,0.42674,0.01445,0.08669,-0.46569,-0.37678,0.07355,0.34165,-0.0253,-0.04944,-0.01633,7.05511,-0.37184,-0.12973,6.93678,1.78624,0.21407,2.60002,22.40788,-6.52412,0.71348,0.00386,-8.57254,-2.69242,-0.36109
9.7,-3.56092,1.34716,-0.22953,0.23739,0.02582,-0.02151,0.42421,-0.16327,-0.0128,-0.22056,0.47565,0.01732,0.08962,-0.67902,-0.53922,0.11145,0.46076,-0.02273,-0.08613,-0.01526,7.02714,-0.59294,-0.27858,15.43467,2.40673,0.26361,3.24914,17.20361,-2.56427,0.80996,-0.17803,-8.516,-2.9686,-0.36249
9.72,-3.43,1.45438,-0.20506,0.1921,0.04531,-0.01697,0.40192,-0.01867,-0.00346,-0.20686,0.51599,0.01935,0.0891,-0.95414,-0.70356,0.17029,0.62903,-0.02008,-0.11907,-0.0149,7.33007,-0.42114,-0.61049,25.55327,2.83784,0.34017,3.61855,12.60968,0.75752,1.03441,-0.55607,-8.38801,-3.28551,-0.3465
9.74,-3.21048,1.4815,-0.18435,0.14887,0.05578,-0.01233,0.35614,0.11105,0.00523,-0.18589,0.54758,0.02015,0.08585,-1.29176,-0.87134,0.25627,0.84118,-0.01631,-0.14585,-0.01513,6.95151,0.15148,-1.09938,36.74199,2.95665,0.41269,3.57163,8.60543,3.08954,1.26409,-1.07385,-8.24323,-3.6331,-0.3223
9.76,-2.91954,1.4682,-0.16781,0.10703,0.05996,-0.00777,0.29143,0.22121,0.01127,-0.16064,0.57051,0.01956,0.08056,-1.68632,-1.05112,0.37255,1.08009,-0.01062,-0.1668,-0.01578,5.78677,0.83773,-1.6336,47.70775,2.76127,0.43022,3.074,5.06158,4.46681,1.4273,-1.61742,-8.12429,-3.99847,-0.29958
9.78,-2.59851,1.44447,-0.1498,0.06618,0.05934,-0.00322,0.21017,0.30962,0.01411,-0.13115,0.58529,0.01788,0.07381,-2.12802,-1.24974,0.51726,1.3204,-0.00419,-0.1814,-0.01681,3.99352,1.54584,-2.08848,55.91721,2.28209,0.36312,2.16886,1.8721,5.09177,1.59073,-2.16191,-8.05093,-4.38397,-0.27153
9.8,-2.25053,1.40982,-0.12436,0.02546,0.05521,0.00123,0.1143,0.37686,0.01429,-0.10308,0.59237,0.01537,0.06585,-2.58696,-1.48488,0.71696,1.56827,0.00542,-0.1883,-0.01785,2.06426,2.24773,-2.40301,58.97513,1.63877,0.19625,0.98897,-1.25365,5.18579,1.70425,-2.73018,-8.03601,-4.79703,-0.23138
9.82,-1.87755,1.35873,-0.0834,-0.01564,0.04849,0.00548,0.00726,0.42512,0.01289,-0.08043,0.59211,0.01235,0.05704,-3.01295,-1.77543,1.01229,1.8391,0.02144,-0.18542,-0.0184,0.57364,2.96743,-2.55747,54.84553,0.97577,-0.06015,-0.18219,-4.5611,4.97283,1.71483,-3.40599,-8.0792,-5.24685,-0.17614
9.84,-1.52017,1.32395,-0.02032,-0.05755,0.03998,0.00938,-0.10688,0.45527,0.01141,-0.06034,0.58483,0.00927,0.04837,-3.37515,-2.11145,1.36696,2.05882,0.03722,-0.17378,-0.01822,-0.0087,3.45507,-2.42313,43.77364,0.42217,-0.38118,-1.04977,-7.90482,4.71659,1.71345,-4.37547,-8.15526,-5.74363,-0.10922
9.86,-1.20069,1.33133,0.06268,-0.10099,0.03038,0.01274,-0.22579,0.4675,0.01069,-0.04195,0.57091,0.00637,0.04036,-3.65836,-2.47864,1.73362,2.16364,0.04699,-0.15449,-0.01719,0.39254,3.56147,-1.97756,27.67696,0.02796,-0.72791,-1.49857,-11.06284,4.59424,1.74517,-5.83846,-8.23696,-6.28904,-0.03797
9.88,-0.91436,1.38114,0.15746,-0.14616,0.02021,0.01546,-0.3465,0.46434,0.01098,-0.02666,0.55095,0.00369,0.03307,-3.83646,-2.8662,2.1057,2.15153,0.05241,-0.12719,-0.01542,1.51385,3.36834,-1.26134,7.44342,-0.24335,-1.05674,-1.4932,-13.87181,4.65965,1.78038,-7.93459,-8.30344,-6.86961,0.03035
9.9,-0.64248,1.4488,0.25207,-0.19239,0.01009,0.01745,-0.46423,0.44521,0.01235,-0.01532,0.52551,0.00121,0.02651,-3.9103,-3.23147,2.45712,2.03838,0.05045,-0.09589,-0.01316,2.67612,2.94493,-0.48636,-11.63284,-0.43247,-1.32742,-1.10671,-16.33086,4.87865,1.85741,-10.96595,-8.31531,-7.47066,0.10465
9.92,-0.37742,1.49662,0.33233,-0.23846,0.001,0.01869,-0.57262,0.40921,0.01479,-0.00769,0.49507,-0.00102,0.02069,-3.89005,-3.5119,2.75484,1.85722,0.03984,-0.06452,-0.01073,3.02393,2.4737,0.13788,-24.26506,-0.58691,-1.52038,-0.47763,-18.37531,5.17023,1.99897,-15.3599,-8.2306,-8.05898,0.19024
9.94,-0.12931,1.52565,0.38664,-0.28362,-0.00604,0.01919,-0.66569,0.35859,0.0183,-0.00259,0.45996,-0.00295,0.01563,-3.75912,-3.68536,2.97449,1.61182,0.02764,-0.03518,-0.00836,2.11657,2.02971,0.65215,-30.63383,-0.7514,-1.61511,0.23113,-19.54247,5.50994,2.16447,-21.24359,-8.01842,-8.56537,0.26882
9.96,0.10972,1.53916,0.41027,-0.32792,-0.01041,0.01906,-0.73867,0.29528,0.02286,0.0007,0.41978,-0.00459,0.01124,-3.51579,-3.74732,3.10011,1.30911,0.01773,-0.01212,-0.00616,-0.25847,1.57969,1.10501,-31.08009,-0.93834,-1.59293,0.89349,-19.43758,5.90118,2.32393,-28.57543,-7.65046,-8.8991,0.32595
9.98,0.35763,1.50773,0.40394,-0.37198,-0.01179,0.01843,-0.78697,0.22133,0.02827,0.0028,0.37348,-0.00594,0.0073,-3.17893,-3.67664,3.12397,0.97479,0.00989,0.00072,-0.00408,-4.13254,1.07018,1.54497,-24.90566,-1.13055,-1.46717,1.50089,-17.89628,6.33938,2.45053,-37.2588,-7.10396,-8.94364,0.35842
10,0.62357,1.43628,0.37678,-0.41482,-0.01033,0.01752,-0.80873,0.13888,0.03419,0.00432,0.31991,-0.0068,0.00356,-2.77077,-3.51052,3.02782,0.61429,0.00424,0.00153,-0.00188,-8.73499,0.58106,1.67538,-9.74194,-1.24855,-1.23719,1.65951,-14.91467,6.6525,2.57565,-47.87703,-6.31952,-8.63363,0.39346
10.02,0.90368,1.33551,0.34004,-0.45446,-0.00658,0.01651,-0.804,0.05409,0.04011,0.00565,0.25823,-0.00689,-0.00018,-2.31879,-3.28933,2.81439,0.23165,0.00088,-0.00937,0.00092,-12.07077,0.37165,1.30326,8.54666,-1.20563,-0.92143,1.20718,-10.45689,6.54839,2.69942,-61.3817,-5.26045,-7.90878,0.45772
10.04,1.1988,1.17327,0.29984,-0.49115,-0.00136,0.01548,-0.77319,-0.02439,0.0453,0.00734,0.18822,-0.0063,-0.00416,-1.84843,-3.00258,2.52722,-0.18231,-0.00014,-0.02977,0.00508,-13.13659,0.316,0.86361,21.67687,-0.99984,-0.57038,0.68369,-4.35483,6.10159,2.70368,-77.02409,-3.98063,-6.60638,0.53563
10.06,1.5096,0.92507,0.26171,-0.52401,0.00408,0.01442,-0.71897,-0.09168,0.04899,0.00985,0.11066,-0.00522,-0.0086,-1.37632,-2.65307,2.21389,-0.64562,0.001,-0.05586,0.01129,-11.91518,0.23919,0.57133,29.53721,-0.65001,-0.22153,0.30321,3.39241,5.49796,2.52602,-93.55472,-2.53718,-4.6758,0.61504
10.08,1.81524,0.58769,0.22919,-0.54841,0.00823,0.01322,-0.6463,-0.14448,0.05049,0.01314,0.02807,-0.00365,-0.01363,-0.91655,-2.25499,1.90161,-1.18186,0.00375,-0.08372,0.01981,-8.11147,0.19849,0.34064,31.71339,-0.18211,0.10371,0.00194,12.63174,4.68725,2.17248,-110.33532,-0.97968,-2.22062,0.696
10.1,2.0741,0.20993,0.21077,-0.55886,0.0097,0.01168,-0.56603,-0.18009,0.04941,0.01712,-0.05503,-0.00191,-0.0193,-0.50816,-1.87158,1.62441,-1.75403,0.00758,-0.10862,0.03092,-2.02461,0.23098,0.16615,29.17096,0.31467,0.37965,-0.21981,23.09758,3.58496,1.63399,-127.89093,0.61642,0.61152,0.76131
10.12,2.22446,-0.1467,0.20922,-0.54972,0.00764,0.00954,-0.48885,-0.19697,0.04585,0.0215,-0.13246,-0.00016,-0.02557,-0.16699,-1.52735,1.39174,-2.25719,0.01226,-0.1245,0.0452,5.48857,0.36799,0.05196,23.92382,0.71228,0.57085,-0.34611,34.49882,2.12405,0.92567,-147.01173,2.14163,3.52848,0.78426
10.14,2.23131,-0.477,0.21447,-0.51661,0.00245,0.00665,-0.41506,-0.19513,0.03972,0.02515,-0.19854,0.00157,-0.03209,0.1184,-1.17676,1.19799,-2.68543,0.01647,-0.13085,0.06093,13.3346,0.5459,0.00199,17.10374,0.88901,0.66536,-0.3903,46.35679,0.45563,0.13978,-165.304,3.4923,6.25563,0.73341
10.16,2.08089,-0.75055,0.21989,-0.45933,-0.00416,0.00301,-0.3445,-0.17609,0.03133,0.02681,-0.24915,0.00308,-0.03827,0.33982,-0.81359,1.05164,-3.07299,0.01902,-0.13062,0.07536,20.74461,0.68608,0.01785,10.19326,0.77412,0.67797,-0.38967,58.10924,-1.20741,-0.60939,-180.26605,4.60291,8.64002,0.57933
10.18,1.76458,-0.90346,0.22132,-0.38263,-0.0099,-0.00137,-0.28013,-0.14214,0.02166,0.02555,-0.28101,0.0043,-0.0434,0.49288,-0.45913,0.95019,-3.38156,0.02058,-0.12373,0.08705,26.86007,0.82473,0.1093,3.99989,0.3581,0.61772,-0.35513,69.40234,-2.7766,-1.25518,-191.13016,5.41172,10.52133,0.30326
10.2,1.34553,-0.87753,0.21645,-0.29542,-0.01201,-0.006,-0.22041,-0.09716,0.01155,0.02079,-0.29139,0.00525,-0.04588,0.57058,-0.12937,0.89022,-3.55955,0.0205,-0.11206,0.09422,31.23376,0.76852,0.22502,0.27368,-0.29796,0.52403,-0.30637,78.80619,-3.99472,-1.62599,-196.78166,5.85151,11.6955,-0.09698
10.22,0.88574,-0.66376,0.20351,-0.20868,-0.00876,-0.01015,-0.16367,-0.04437,0.0021,0.0123,-0.2784,0.00595,-0.04392,0.56393,0.16559,0.86386,-3.543,0.01774,-0.09662,0.09553,33.96527,0.43795,0.19626,-0.61574,-1.10753,0.43533,-0.2472,84.9525,-4.39251,-1.36273,-196.75754,5.83871,11.89922,-0.63469
10.24,0.40225,-0.31795,0.176,-0.13208,-0.00012,-0.01374,-0.11091,0.01453,-0.0056,-8e-05,-0.24223,0.00656,-0.03762,0.47889,0.41988,0.86324,-3.35003,0.0147,-0.07732,0.09047,34.69925,0.14771,0.0561,-0.42197,-1.98127,0.34431,-0.18069,87.87391,-3.90992,-0.66783,-189.04241,5.4512,11.14637,-1.29965
10.26,-0.06554,0.1083,0.13253,-0.0712,0.0133,-0.01679,-0.06116,0.07747,-0.01129,-0.01573,-0.18534,0.00719,-0.02767,0.32429,0.63043,0.88074,-3.0253,0.01264,-0.05503,0.07921,33.29746,0.01703,-0.08959,0.25854,-2.8279,0.25065,-0.11733,88.18563,-3.00111,0.02544,-173.04612,4.81726,9.66082,-2.03413
10.28,-0.47341,0.56739,0.07569,-0.02797,0.03019,-0.01907,-0.01245,0.14155,-0.01518,-0.03368,-0.11275,0.00781,-0.01482,0.11277,0.79995,0.89407,-2.52562,0.00944,-0.03109,0.06284,30.21529,0.00605,-0.23869,1.33291,-3.58932,0.16766,-0.06526,86.81667,-1.90053,0.66761,-150.81361,3.88074,7.57528,-2.78164
10.3,-0.80057,1.00316,0.02069,-0.00207,0.04828,-0.02039,0.03609,0.20561,-0.01747,-0.05136,-0.03253,0.00849,-0.00108,-0.13176,0.94352,0.92064,-2.01889,0.00727,-0.0103,0.04192,26.32555,0.08704,-0.36528,2.5761,-4.21864,0.10331,-0.02865,82.01095,-0.85297,0.91383,-119.07776,3.0817,5.50868,-3.36304
10.32,-1.0533,1.36186,-0.01543,0.00875,0.06471,-0.02072,0.08424,0.27178,-0.01832,-0.06407,0.04684,0.00936,0.01229,-0.36474,1.0852,0.99294,-1.71732,0.00866,0.00658,0.01859,22.51661,0.21072,-0.45779,3.88248,-4.68091,0.06077,-0.00723,72.53772,-0.13674,0.53419,-78.61256,2.64775,3.87563,-3.60434
10.34,-1.22813,1.61323,-0.04043,0.00767,0.07737,-0.02037,0.13122,0.33749,-0.0186,-0.07127,0.11875,0.01016,0.02421,-0.54858,1.228,1.06807,-1.46779,0.00801,0.01848,-0.00383,18.79644,0.32378,-0.50973,5.14284,-4.97222,0.03808,0.00194,61.70667,0.18667,-0.07999,-36.95323,2.08215,2.45579,-3.5319
10.36,-1.32046,1.75464,-0.06157,-0.00138,0.08491,-0.01964,0.17599,0.39874,-0.0189,-0.07458,0.17937,0.01068,0.03306,-0.66938,1.37088,1.104,-1.1691,0.00335,0.02065,-0.02406,15.01238,0.37701,-0.514,6.35217,-5.09891,0.0309,0.00327,51.91399,0.18028,-0.66562,3.33488,1.26414,1.24636,-3.20757
10.38,-1.34942,1.80133,-0.07645,-0.01345,0.08634,-0.01867,0.21621,0.45651,-0.01887,-0.07377,0.2284,0.01094,0.03839,-0.71907,1.52465,1.1046,-0.87765,-0.00267,0.01204,-0.04158,11.31262,0.34789,-0.48621,7.582,-5.07225,0.03296,0.00054,42.95406,-0.06415,-1.21949,42.67428,0.39644,0.37318,-2.66783
10.4,-1.33334,1.77075,-0.08347,-0.02278,0.08085,-0.01757,0.25042,0.51215,-0.01889,-0.07042,0.2679,0.01086,0.04007,-0.71105,1.693,1.07795,-0.64367,-0.00707,-0.00618,-0.05622,7.78444,0.23336,-0.4356,8.73119,-4.92542,0.03681,-0.00265,34.15924,-0.44075,-1.69116,79.16408,-0.34779,-0.14345,-1.93303
10.42,-1.28865,1.68522,-0.08185,-0.02367,0.06813,-0.01644,0.27818,0.56647,-0.01932,-0.06619,0.30117,0.01039,0.03841,-0.66725,1.87637,1.03239,-0.48833,0.00148,-0.02749,-0.06841,4.44053,0.04632,-0.36953,9.66816,-4.6962,0.03651,-0.00386,25.05837,-0.79655,-1.92955,107.03817,-0.86237,-0.34062,-1.0811
10.44,-1.23091,1.58149,-0.07578,-0.01132,0.049,-0.01538,0.29606,0.62052,-0.01952,-0.06083,0.33184,0.00964,0.03456,-0.59261,2.07774,0.96218,-0.37157,0.02396,-0.04489,-0.07802,1.07251,-0.19222,-0.30687,10.59295,-4.405,0.02991,-0.00442,16.84345,-1.0326,-1.85755,124.31075,-0.99314,-0.24725,-0.26443
10.46,-1.17014,1.4896,-0.06743,0.01694,0.02446,-0.01443,0.30231,0.67415,-0.01943,-0.05422,0.36238,0.0087,0.02948,-0.49164,2.29781,0.86588,-0.27247,0.05062,-0.05652,-0.08512,-2.50452,-0.47235,-0.25606,11.6715,-4.07434,0.01753,-0.00541,10.37774,-1.13034,-1.54772,133.37536,-0.58932,0.10611,0.43322
10.48,-1.11225,1.42788,-0.05573,0.06107,-0.00452,-0.01361,0.29994,0.72481,-0.01946,-0.04661,0.39332,0.00758,0.02371,-0.3726,2.53251,0.7562,-0.19863,0.07704,-0.06124,-0.09022,-6.28626,-0.7807,-0.21428,12.84271,-3.73275,0.00146,-0.0064,5.28617,-1.10371,-1.08488,133.881,0.34871,0.66747,0.95116
10.5,-1.06064,1.38947,-0.04381,0.1182,-0.03672,-0.01283,0.29083,0.77666,-0.01979,-0.0387,0.42369,0.00635,0.01769,-0.23994,2.76873,0.64382,-0.1472,0.1003,-0.0585,-0.09289,-10.18217,-1.12551,-0.18868,13.92885,-3.40199,-0.01383,-0.00845,1.60547,-0.95555,-0.51517,126.9235,1.70064,1.3483,1.23495
10.52,-1.01695,1.36313,-0.03317,0.18319,-0.07074,-0.01196,0.27801,0.83522,-0.02045,-0.03109,0.45129,0.00506,0.01177,-0.09411,2.99235,0.53623,-0.11439,0.11984,-0.04839,-0.09251,-14.02319,-1.53418,-0.19251,14.65827,-3.09584,-0.01917,-0.01302,-0.77757,-0.73542,0.00524,114.01675,3.24139,1.97614,1.30296
10.54,-0.97929,1.36893,-0.02181,0.25133,-0.10579,-0.01107,0.2686,0.8918,-0.02122,-0.02342,0.47286,0.0037,0.00618,0.06786,3.19514,0.43974,-0.09673,0.13068,-0.03531,-0.08998,-17.72131,-1.98669,-0.22865,14.92447,-2.81399,-0.00305,-0.01864,-2.26094,-0.55821,0.33475,96.54733,4.74952,2.44946,1.17748
10.56,-0.94323,1.42256,-0.01011,0.31907,-0.14177,-0.01019,0.26761,0.93751,-0.02182,-0.01569,0.48509,0.00225,0.00085,0.25036,3.36892,0.35831,-0.09013,0.12976,-0.02366,-0.08632,-21.1432,-2.43595,-0.299,14.55197,-2.54873,0.04492,-0.02045,-3.06795,-0.46855,0.48762,76.43183,6.05711,2.76224,0.89135
10.58,-0.90294,1.51995,0.00059,0.38263,-0.1782,-0.00921,0.2766,0.9712,-0.02213,-0.00863,0.48489,0.00073,-0.00453,0.4582,3.5051,0.2944,-0.09203,0.12214,-0.01298,-0.08178,-24.03561,-2.82765,-0.41822,13.21311,-2.29456,0.13716,-0.01426,-3.33266,-0.45038,0.49896,54.48144,7.08363,2.87564,0.51217
10.6,-0.85452,1.63665,0.01037,0.43901,-0.21351,-0.00815,0.29625,0.99549,-0.02232,-0.00312,0.46917,-0.00087,-0.01038,0.69776,3.59076,0.24766,-0.09983,0.10628,-0.0074,-0.07646,-26.35252,-3.22096,-0.56549,10.95152,-2.03623,0.25847,0.0028,-3.02762,-0.49742,0.41212,33.63227,7.72593,2.81728,0.16703
10.62,-0.79111,1.73151,0.02266,0.48515,-0.24443,-0.007,0.32594,1.01435,-0.02283,0.00029,0.43536,-0.00259,-0.01718,0.97605,3.61475,0.21816,-0.11146,0.08283,-0.00829,-0.07047,-28.07279,-3.70618,-0.66737,7.7331,-1.76826,0.37459,0.04376,-2.21252,-0.61032,0.26436,16.14611,7.90983,2.64489,-0.05231
10.64,-0.69944,1.7995,0.04097,0.51641,-0.26769,-0.0057,0.36409,1.02056,-0.0237,0.00145,0.38179,-0.00442,-0.0252,1.29736,3.57038,0.20782,-0.1267,0.06159,-0.00846,-0.06438,-29.04813,-4.11873,-0.71041,3.26585,-1.50878,0.484,0.11248,-1.02418,-0.80679,0.10642,1.43335,7.76794,2.36632,-0.18729
10.66,-0.57101,1.84135,0.0664,0.52913,-0.28085,-0.00431,0.40841,1.00769,-0.02486,0.00029,0.30901,-0.00634,-0.03437,1.65949,3.45554,0.21558,-0.14506,0.04654,-0.00508,-0.05843,-29.22685,-4.29741,-0.70208,-2.47349,-1.27268,0.58216,0.19431,0.57098,-1.08693,-0.03222,-11.11339,7.46499,2.0035,-0.26803
10.68,-0.40323,1.82303,0.09856,0.52138,-0.27641,-0.00297,0.45526,0.97849,-0.02648,-0.00303,0.22065,-0.00834,-0.04434,2.04378,3.27815,0.2367,-0.16526,0.03614,0.00069,-0.05224,-28.62034,-4.25471,-0.59538,-9.24374,-1.0648,0.64728,0.2778,2.75493,-1.37392,-0.10591,-21.88491,7.0805,1.58276,-0.27692
10.7,-0.19494,1.72226,0.13779,0.49153,-0.26041,-0.00187,0.50091,0.92791,-0.02807,-0.00675,0.12275,-0.0102,-0.05389,2.4651,3.03057,0.26187,-0.18411,0.02906,0.00802,-0.04666,-27.58248,-3.9288,-0.44674,-16.8857,-0.85146,0.65573,0.3482,5.62271,-1.82114,-0.13496,-26.98402,6.49251,1.17852,-0.22524
10.72,0.0496,1.52288,0.18349,0.43914,-0.23761,-0.00112,0.54142,0.85276,-0.02879,-0.00748,0.02339,-0.01156,-0.06125,2.95893,2.71324,0.27996,-0.19543,0.02421,0.01515,-0.04237,-26.42127,-3.33657,-0.31295,-25.62322,-0.59709,0.58817,0.38754,8.95937,-2.6614,-0.2554,-24.82113,5.5855,0.82837,-0.12927
10.74,0.32442,1.21025,0.22128,0.36585,-0.20059,-0.00072,0.57247,0.75976,-0.02875,-0.00474,-0.0699,-0.01244,-0.06576,3.46961,2.36244,0.28629,-0.19638,0.02133,0.02076,-0.03815,-24.94648,-2.4849,-0.15332,-35.17418,-0.30718,0.46549,0.39007,12.86422,-3.64071,-0.38859,-20.5291,4.45832,0.47458,0.0186
10.76,0.62654,0.78765,0.23587,0.27533,-0.15499,-0.00054,0.59124,0.65348,-0.02814,0.00063,-0.1528,-0.01297,-0.06735,3.91636,2.00382,0.27839,-0.18572,0.02014,0.02438,-0.03321,-22.96989,-1.31295,0.02385,-45.0179,0.04067,0.31861,0.35851,17.74978,-4.4759,-0.38867,-16.78135,3.09308,0.10359,0.22242
10.78,0.96534,0.25954,0.22283,0.17369,-0.10925,-0.00043,0.59694,0.53644,-0.02653,0.00931,-0.22316,-0.01311,-0.0657,4.26228,1.64521,0.25527,-0.15788,0.01969,0.02618,-0.02756,-20.36181,0.26303,0.17164,-55.24577,0.50418,0.17003,0.29762,23.8707,-5.30913,-0.28896,-13.11137,1.34241,-0.25262,0.48953
10.8,1.31842,-0.33187,0.18682,0.06921,-0.06754,-0.00022,0.59452,0.40834,-0.02359,0.0185,-0.2801,-0.01295,-0.06136,4.52796,1.28911,0.2147,-0.12239,0.01961,0.02596,-0.02155,-16.97453,2.32944,0.18774,-66.18035,1.12352,0.05321,0.21349,30.50671,-6.05441,-0.15854,-9.12267,-0.85889,-0.57261,0.83603
10.82,1.61912,-0.94287,0.13985,-0.02849,-0.0326,0.00015,0.5904,0.27528,-0.01919,0.02489,-0.32371,-0.01264,-0.05511,4.75435,0.94683,0.15635,-0.08485,0.01982,0.02336,-0.01526,-12.53028,4.71933,0.07482,-78.2389,1.88443,-0.00717,0.10816,36.02735,-6.61726,-0.08229,-5.29448,-3.41678,-0.91658,1.24422
10.84,1.88244,-1.60064,0.09131,-0.11145,-0.00759,0.00055,0.58384,0.15038,-0.01341,0.02872,-0.355,-0.01224,-0.04724,4.8674,0.64753,0.089,-0.03731,0.0196,0.0198,-0.00846,-6.47219,7.30004,-0.05449,-91.53794,2.80191,-0.01176,-0.0119,40.71484,-7.15469,-0.02952,-2.59362,-6.16309,-1.28335,1.62826
10.86,2.14484,-2.33072,0.04889,-0.1745,0.00647,0.00076,0.57347,0.03872,-0.00645,0.02938,-0.37577,-0.01182,-0.03816,4.81402,0.40673,0.01921,0.01621,0.01848,0.01633,-0.00139,1.57063,10.08727,-0.17935,-105.85659,3.89019,0.03015,-0.1432,45.50129,-7.79702,0.00486,-1.09275,-8.92589,-1.60653,1.92086
10.88,2.37463,-3.12376,0.01867,-0.21378,0.01049,0.00062,0.56039,-0.05977,0.00122,0.02505,-0.38819,-0.01147,-0.02858,4.64192,0.22574,-0.04949,0.06408,0.0166,0.0128,0.00528,11.66958,12.81323,-0.27639,-120.66052,5.09435,0.10348,-0.27913,49.75969,-8.53465,0.01238,-0.46486,-11.45976,-1.91405,2.10269
10.9,2.52057,-3.89771,0.00213,-0.22635,0.0052,-3e-05,0.54764,-0.14523,0.00876,0.0142,-0.39467,-0.01136,-0.01946,4.37256,0.10476,-0.11153,0.10168,0.01419,0.00976,0.01105,23.61325,15.16321,-0.35719,-135.94316,6.09635,0.19427,-0.3918,53.1935,-9.15516,-0.00722,-0.43401,-13.58392,-2.16414,2.07165
10.92,2.50693,-4.54996,-0.00369,-0.21005,-0.00845,-0.00124,0.54024,-0.21773,0.01536,-0.00246,-0.39742,-0.01167,-0.01143,4.03327,0.03871,-0.15811,0.13898,0.01152,0.0074,0.0162,36.88307,16.88037,-0.46941,-151.63917,6.41864,0.29789,-0.44479,55.59859,-9.37154,-0.07114,-0.71798,-15.22259,-2.2938,1.77169
10.94,2.32338,-5.05523,-0.0039,-0.1638,-0.02931,-0.00309,0.53679,-0.27725,0.02004,-0.02272,-0.39774,-0.01229,-0.00445,3.67208,0.01763,-0.1841,0.17117,0.00875,0.00537,0.02037,50.53971,17.72007,-0.55537,-165.1023,6.09581,0.40283,-0.37687,56.51184,-9.30266,-0.14273,-1.06962,-16.26253,-2.35539,1.37192
10.96,1.97268,-5.36524,-0.00283,-0.08975,-0.05541,-0.00566,0.53737,-0.32321,0.02178,-0.04519,-0.39587,-0.01308,0.00159,3.31712,0.02821,-0.18898,0.18714,0.00598,0.00357,0.02292,63.32114,17.54971,-0.56874,-173.42761,5.3376,0.49917,-0.11845,55.80627,-9.11012,-0.18642,-1.3017,-16.66306,-2.38534,0.99195
10.98,1.43732,-5.41035,-0.00401,0.00545,-0.08361,-0.00899,0.55015,-0.35333,0.02065,-0.06826,-0.39105,-0.01397,0.00709,2.98411,0.05424,-0.17268,0.19206,0.00335,0.00206,0.02437,73.92093,16.4404,-0.53066,-174.92967,4.19488,0.5846,0.35399,53.33605,-8.68816,-0.20989,-1.34088,-16.50825,-2.37963,0.64502
11,0.82698,-5.12072,-0.00918,0.11073,-0.10856,-0.01298,0.57159,-0.36113,0.01666,-0.08948,-0.38142,-0.01432,0.01265,2.65467,0.07931,-0.13229,0.18634,0.00107,0.00103,0.02496,79.81702,14.48662,-0.42065,-167.62546,2.95999,0.64168,0.99367,49.57169,-8.08735,-0.20889,-1.19158,-15.91521,-2.31622,0.35766
11.02,0.17798,-4.47319,-0.01801,0.21233,-0.12337,-0.01732,0.59355,-0.3392,0.00958,-0.10589,-0.36407,-0.0134,0.01875,2.31304,0.0903,-0.06938,0.16957,-0.00076,0.00037,0.02479,78.92514,11.83331,-0.25646,-151.00542,1.85926,0.65345,1.67859,45.26769,-7.3426,-0.18623,-0.91627,-15.02255,-2.18113,0.14573
11.04,-0.53879,-3.56446,-0.0254,0.29791,-0.12274,-0.0217,0.62604,-0.28673,0.00114,-0.11688,-0.33532,-0.01132,0.02581,1.98399,0.07784,-0.00308,0.14859,-0.00211,-8e-05,0.02479,71.96589,8.89602,-0.09839,-125.99537,0.98668,0.62852,2.26301,40.40824,-6.31487,-0.16459,-0.61662,-13.97283,-2.02937,0.01143
11.06,-1.24433,-2.50278,-0.02021,0.35982,-0.10466,-0.02587,0.67551,-0.20582,-0.00681,-0.12318,-0.29081,-0.00821,0.03394,1.67785,0.03817,0.05238,0.13069,-0.00271,-0.00017,0.02567,60.89347,6.15214,0.02413,-96.01635,0.38844,0.57741,2.63894,34.93556,-4.91205,-0.14919,-0.35765,-12.8827,-1.90535,-0.0556
11.08,-1.85433,-1.37168,0.00748,0.39459,-0.0708,-0.02975,0.73116,-0.10125,-0.01346,-0.12492,-0.22579,-0.00408,0.04226,1.38193,-0.0265,0.09122,0.12071,-0.00228,0.00027,0.0275,48.05309,3.9196,0.09748,-66.30782,0.06286,0.50121,2.79422,29.14518,-3.13453,-0.12211,-0.15653,-11.83877,-1.80743,-0.07348
11.1,-2.34903,-0.25401,0.06642,0.40608,-0.02495,-0.03226,0.78624,0.01555,-0.01851,-0.12413,-0.1356,0.00047,0.05026,1.08018,-0.11115,0.10225,0.11601,-0.00032,0.00145,0.0307,35.06552,2.29178,0.11085,-39.83829,-0.03413,0.43464,2.75082,23.53817,-1.03687,-0.07778,-0.02834,-10.91167,-1.76008,-0.06309
11.12,-2.7685,0.75354,0.15948,0.40191,0.02376,-0.03226,0.83529,0.13286,-0.02146,-0.12339,-0.01357,0.00508,0.05789,0.76258,-0.21207,0.07916,0.11333,0.00361,0.00367,0.03565,23.96513,1.20207,0.07371,-19.48989,-0.08639,0.4106,2.74445,18.60894,1.20327,-0.02579,0.02582,-10.15672,-1.78964,-0.04338
11.14,-3.06536,1.6029,0.2726,0.38422,0.0667,-0.03085,0.86184,0.23922,-0.02165,-0.12308,0.15086,0.00933,0.06317,0.42562,-0.32596,0.03039,0.12206,0.0098,0.00724,0.04223,16.732,0.56597,0.01508,-6.17037,-0.13937,0.41006,2.92648,14.20877,3.34541,0.03064,0.02087,-9.60611,-1.88826,-0.02382
11.16,-3.18123,2.31395,0.38447,0.3545,0.10145,-0.02922,0.85403,0.32328,-0.01875,-0.12358,0.37155,0.01255,0.06458,0.05401,-0.44776,-0.03312,0.15035,0.018,0.01231,0.04995,13.33517,0.2041,-0.05549,3.03731,-0.19141,0.42079,3.18861,10.15461,5.19358,0.08366,-0.04911,-9.27107,-2.05431,-0.00899
11.18,-3.15319,2.92222,0.47607,0.31692,0.1273,-0.02742,0.81084,0.37764,-0.01291,-0.12613,0.66526,0.01488,0.06304,-0.37286,-0.57348,-0.10004,0.1978,0.02559,0.0188,0.0577,12.58092,-0.10239,-0.14269,12.08931,-0.29067,0.43777,3.44895,6.61165,6.61411,0.11995,-0.19789,-9.14457,-2.30367,-0.0013
11.2,-3.00487,3.44324,0.51681,0.2748,0.14309,-0.0255,0.72824,0.39702,-0.00588,-0.13007,1.04918,0.01667,0.05893,-0.86897,-0.70259,-0.1624,0.2742,0.03507,0.02714,0.06556,12.97332,-0.4771,-0.25419,23.81428,-0.51446,0.45766,3.36322,3.5257,7.449,0.13871,-0.43876,-9.20473,-2.64697,-0.00062
11.22,-2.76933,3.86732,0.48222,0.23091,0.14688,-0.02336,0.60626,0.37827,0.00223,-0.13406,1.53505,0.01839,0.05325,-1.44078,-0.83776,-0.20455,0.39065,0.05141,0.03843,0.07379,12.85983,-0.83579,-0.3967,37.94628,-0.93942,0.48019,2.71844,0.81003,7.57248,0.14204,-0.79577,-9.42228,-3.08904,-0.00951
11.24,-2.47837,4.21446,0.38368,0.18673,0.13977,-0.02109,0.454,0.3202,0.01209,-0.1383,2.1299,0.02111,0.04864,-2.08666,-0.98014,-0.19803,0.54618,0.0657,0.05174,0.07866,11.46387,-1.06383,-0.54904,52.15857,-1.45658,0.47744,1.85075,-1.57285,7.15671,0.13151,-1.29283,-9.75922,-3.63151,-0.03104
11.26,-2.15461,4.50641,0.24929,0.14343,0.12338,-0.01869,0.27561,0.22406,0.02262,-0.14264,2.82712,0.02558,0.04656,-2.79908,-1.12631,-0.11558,0.73049,0.07028,0.06536,0.07755,9.00649,-1.14318,-0.67389,64.03775,-1.86088,0.42201,0.99546,-3.68765,6.45969,0.1111,-1.963,-10.17111,-4.26196,-0.06685
11.28,-1.82957,4.74625,0.11097,0.10273,0.09811,-0.01594,0.07012,0.0942,0.03353,-0.14611,3.58148,0.03169,0.04687,-3.57194,-1.26387,0.05912,0.91142,0.06876,0.0788,0.07149,5.86423,-1.03648,-0.72642,69.97374,-2.03306,0.31528,0.23272,-5.51152,5.6333,0.08296,-2.84207,-10.60866,-4.94537,-0.11824
11.3,-1.45997,4.9015,-0.01294,0.06602,0.0656,-0.01284,-0.16311,-0.0633,0.04514,-0.14536,4.3837,0.03986,0.04936,-4.32988,-1.42582,0.33221,1.14001,0.05956,0.09036,0.06031,2.78005,-0.67165,-0.74943,66.92344,-1.89113,0.17133,-0.33417,-7.52066,4.83336,0.05364,-4.13671,-10.98486,-5.6615,-0.19453
11.32,-1.02713,4.94074,-0.09297,0.03503,0.02905,-0.00948,-0.42374,-0.23713,0.05814,-0.13644,5.26399,0.05108,0.0536,-4.93835,-1.6383,0.72563,1.51168,0.04329,0.09772,0.04569,0.3529,-0.015,-0.80188,52.83963,-1.43416,0.00574,-0.62625,-10.13014,4.16137,0.02225,-6.24241,-11.20234,-6.38634,-0.31297
11.34,-0.5984,4.91639,-0.0988,0.01109,-0.00729,-0.00606,-0.7125,-0.41802,0.07331,-0.1209,6.12296,0.06473,0.05835,-5.37957,-1.83064,1.20046,1.91382,0.02815,0.10011,0.03154,-1.15088,0.68782,-0.74071,30.3695,-0.72493,-0.17293,-0.64375,-12.8185,3.65129,-0.01099,-9.38588,-11.19688,-7.03299,-0.47286
11.36,-0.19763,4.87304,-0.04311,-0.00607,-0.04018,-0.00282,-1.03126,-0.6039,0.09144,-0.10123,6.84312,0.07992,0.06237,-5.69559,-1.95729,1.667,2.23052,0.01743,0.09769,0.01939,-1.91372,1.23563,-0.48392,4.53288,0.14066,-0.34841,-0.45909,-15.04969,3.31541,-0.03664,-13.70218,-10.90832,-7.49967,-0.6613
11.38,0.18814,4.80673,0.04298,-0.0181,-0.06716,3e-05,-1.37961,-0.79297,0.1137,-0.07778,7.42292,0.09717,0.06476,-5.85757,-2.0248,2.06774,2.46987,0.0102,0.09083,0.00934,-2.53206,1.59634,-0.01463,-22.28809,1.07573,-0.50978,-0.12632,-16.59396,3.14457,-0.04366,-19.33522,-10.27207,-7.69308,-0.8664
11.4,0.55356,4.70329,0.12874,-0.02753,-0.08655,0.00229,-1.73734,-0.98055,0.14023,-0.05309,7.82216,0.11625,0.06467,-5.84557,-2.03779,2.33732,2.58839,0.00535,0.08024,0.00145,-3.51303,1.68957,0.49307,-41.33701,2.01083,-0.63935,0.21804,-17.44298,3.12372,-0.02808,-27.23522,-9.17994,-7.56794,-1.09399
11.42,0.86484,4.5465,0.19097,-0.03723,-0.09797,0.00387,-2.06596,-1.1593,0.17023,-0.03019,7.99306,0.13623,0.06142,-5.64823,-2.00794,2.43637,2.559,0.0022,0.0673,-0.00435,-5.20883,1.53095,0.83604,-46.72765,2.88505,-0.71238,0.45047,-17.37759,3.24805,0.01517,-38.95383,-7.55771,-7.07721,-1.35611
11.44,1.11509,4.34413,0.21794,-0.05026,-0.10159,0.00471,-2.34618,-1.32619,0.20361,-0.01078,7.9559,0.15718,0.05424,-5.29539,-1.94309,2.3823,2.406,0.00053,0.05409,-0.00822,-7.89941,1.21659,1.07474,-42.89343,3.69404,-0.73457,0.60466,-15.5034,3.4711,0.09055,-54.25426,-5.45244,-6.05973,-1.60354
11.46,1.32851,4.09778,0.2104,-0.06917,-0.09787,0.00487,-2.56466,-1.47816,0.23962,0.00386,7.71721,0.17839,0.04289,-4.82215,-1.84978,2.21192,2.1449,-0.00025,0.04188,-0.01029,-11.69847,0.81501,1.24414,-32.73586,4.44823,-0.71598,0.72463,-11.11825,3.74564,0.18595,-72.13893,-2.92909,-4.43925,-1.7887
11.48,1.50374,3.78968,0.17861,-0.09524,-0.08831,0.00453,-2.69624,-1.60573,0.27575,0.01295,7.25342,0.19691,0.02802,-4.22089,-1.73749,1.96828,1.78873,-0.00062,0.03096,-0.01076,-16.41614,0.32596,1.33341,-16.23025,5.13005,-0.64672,0.81767,-3.9085,4.09781,0.28285,-92.14872,-0.06807,-2.27989,-1.91679
11.5,1.65775,3.44882,0.13689,-0.12902,-0.07493,0.00392,-2.71892,-1.68931,0.30684,0.01531,6.53887,0.21116,0.01053,-3.58503,-1.60834,1.68018,1.35156,-0.00076,0.02147,-0.00987,-20.62316,-0.10056,1.18213,6.48103,5.58967,-0.55543,0.78544,6.26682,4.2875,0.35358,-114.94218,2.97247,0.30913,-1.98411
11.52,1.80514,3.10318,0.09688,-0.17036,-0.05945,0.00329,-2.61849,-1.70453,0.32612,0.01182,5.56631,0.22007,-0.00772,-3.00226,-1.46289,1.37437,0.8668,-0.00075,0.01329,-0.00789,-22.07056,-0.10335,0.75546,27.24204,5.62959,-0.47998,0.59529,19.40229,3.86056,0.36149,-141.29228,5.91868,3.0451,-1.99921
11.54,1.921,2.71853,0.06438,-0.21745,-0.04361,0.0028,-2.40957,-1.64622,0.33085,0.00561,4.32936,0.21804,-0.0248,-2.42025,-1.30313,1.08978,0.36956,-0.00053,0.00607,-0.00499,-20.60631,0.09393,0.38108,39.57478,5.24532,-0.39117,0.37659,35.01694,2.92583,0.29458,-168.02191,8.48298,5.60854,-1.98374
11.56,1.97805,2.27806,0.04096,-0.26697,-0.02917,0.00252,-2.11511,-1.51676,0.32046,-0.00147,2.85658,0.20194,-0.03969,-1.813,-1.12648,0.8444,-0.12185,-1e-05,-0.00044,-0.00135,-16.7537,0.30065,0.14682,45.25396,4.48393,-0.27702,0.19154,51.92516,1.78386,0.18372,-190.92392,10.43785,7.76994,-1.93787
11.58,1.95177,1.79775,0.02569,-0.31334,-0.01723,0.00235,-1.752,-1.31626,0.2942,-0.0083,1.22169,0.17453,-0.05156,-1.21513,-0.92853,0.63611,-0.59387,0.00083,-0.00636,0.00281,-10.25887,0.54658,0.01493,43.58282,3.32883,-0.16379,0.02918,68.65424,0.36944,0.07932,-207.0883,11.57549,9.30822,-1.84096
11.6,1.84774,1.31507,0.01803,-0.35168,-0.00829,0.00215,-1.37792,-1.06761,0.25618,-0.01366,-0.48706,0.13627,-0.05972,-0.69439,-0.71092,0.45273,-1.02675,0.00201,-0.01165,0.00722,-1.66235,0.72102,-0.03393,36.61536,1.87244,-0.06172,-0.09897,82.24476,-0.89605,0.00471,-214.79339,11.60151,9.91003,-1.62664
11.62,1.66955,0.87631,0.01699,-0.37784,-0.00226,0.00181,-1.03758,-0.79362,0.21249,-0.0168,-2.02608,0.09079,-0.06368,-0.26743,-0.47723,0.2892,-1.3943,0.00355,-0.01604,0.01172,7.99237,0.72609,-0.03246,27.99449,0.23704,0.0049,-0.19347,89.71424,-1.38861,0.02369,-213.50958,10.28865,9.30792,-1.25388
11.64,1.38619,0.4966,0.02053,-0.38364,0.00152,0.00128,-0.72095,-0.50134,0.1662,-0.01739,-3.21767,0.0468,-0.06307,0.0979,-0.23048,0.15713,-1.67652,0.00533,-0.01941,0.01599,17.48977,0.60713,-0.01325,18.27154,-1.48363,0.00734,-0.25854,90.25926,-1.15984,0.17567,-199.18794,8.11652,7.78939,-0.78225
11.66,0.99376,0.20073,0.02715,-0.36465,0.00402,0.00061,-0.42976,-0.20345,0.12068,-0.01566,-4.06712,0.00853,-0.05804,0.38743,0.02251,0.05815,-1.86817,0.0072,-0.02171,0.0196,25.87245,0.42069,0.00166,8.48367,-3.18647,-0.05144,-0.2993,84.6079,-0.64622,0.37211,-171.98602,5.73484,5.87092,-0.3125
11.68,0.52726,0.02216,0.03631,-0.32459,0.00616,-0.00012,-0.17801,0.07907,0.08025,-0.01235,-4.56732,-0.02299,-0.04918,0.59403,0.27121,-0.01174,-1.96708,0.00898,-0.02284,0.02237,32.07632,0.16454,-0.00046,0.13145,-4.76473,-0.15742,-0.31735,74.69431,-0.0182,0.54517,-138.37665,3.47095,3.90427,0.05824
11.7,0.04448,-0.038,0.04898,-0.27032,0.00877,-0.00082,0.03025,0.32787,0.04849,-0.00794,-4.78129,-0.04688,-0.03794,0.71751,0.50282,-0.05458,-1.96905,0.01057,-0.02307,0.02411,35.6524,-0.07158,-0.00959,-4.58247,-6.15556,-0.28161,-0.32249,61.30714,0.40288,0.59235,-100.93778,1.92223,2.34863,0.25632
11.72,-0.41771,0.00492,0.06588,-0.21101,0.01237,-0.00144,0.19394,0.54682,0.02639,-0.00317,-4.79813,-0.06259,-0.02583,0.7588,0.70626,-0.074,-1.87494,0.01191,-0.02277,0.02469,37.04081,-0.1913,-0.00789,-4.91346,-7.37017,-0.38709,-0.31508,47.03011,0.42385,0.47518,-65.45729,1.10377,1.33625,0.3101
11.74,-0.82982,0.12166,0.08411,-0.15548,0.01701,-0.00196,0.31579,0.72902,0.01248,0.00058,-4.64472,-0.07083,-0.01353,0.74404,0.87029,-0.07335,-1.71086,0.01279,-0.02183,0.02423,35.90438,-0.20907,0.00609,-2.68746,-8.33532,-0.45257,-0.28323,36.1711,0.22357,0.30678,-38.27375,0.56405,0.6832,0.30325
11.76,-1.15347,0.26909,0.10076,-0.10893,0.02234,-0.00235,0.40183,0.85781,0.00484,0.00273,-4.34913,-0.07336,-0.00168,0.69714,0.98784,-0.05757,-1.50443,0.01304,-0.02022,0.02293,32.081,-0.13864,0.03802,0.99561,-8.96696,-0.46943,-0.23028,30.06438,-0.07271,0.1494,-17.85216,0.14427,0.2588,0.29354
11.78,-1.37819,0.41396,0.11464,-0.07317,0.02788,-0.00266,0.45872,0.93931,0.00139,0.0035,-3.94896,-0.07143,0.00922,0.6305,1.06005,-0.03348,-1.26475,0.01274,-0.01814,0.02098,26.34221,0.0078,0.08925,5.52625,-9.29591,-0.44167,-0.16954,27.6656,-0.41364,0.0012,1.40406,-0.22081,-0.0401,0.31493
11.8,-1.5078,0.5262,0.12431,-0.04785,0.03258,-0.00285,0.49425,0.97513,0.00031,0.00286,-3.48051,-0.06635,0.019,0.55482,1.09109,-0.00872,-1.03347,0.01185,-0.01553,0.01861,19.68277,0.18288,0.14658,10.01026,-9.3775,-0.37744,-0.11099,26.91005,-0.78333,-0.15432,24.65455,-0.62076,-0.298,0.34237
11.82,-1.55501,0.58406,0.12908,-0.03122,0.03521,-0.00289,0.51549,0.96624,0.00032,0.00142,-2.96908,-0.05902,0.0276,0.47837,1.08779,0.01106,-0.84782,0.01039,-0.01239,0.01608,13.05695,0.30959,0.18852,13.56002,-9.27424,-0.28761,-0.06234,25.26454,-1.22492,-0.35754,52.76164,-1.1692,-0.58762,0.36805
11.84,-1.53602,0.59214,0.128,-0.02114,0.03546,-0.00285,0.52461,0.92565,0.00069,0.00015,-2.41453,-0.04993,0.03501,0.40832,1.05752,0.02262,-0.68738,0.00866,-0.00886,0.01365,6.67697,0.34581,0.20955,15.97646,-9.02262,-0.19192,-0.02864,21.99098,-1.71174,-0.58981,83.28727,-1.81636,-0.88704,0.44595
11.86,-1.46568,0.55996,0.12077,-0.01598,0.03336,-0.00278,0.52326,0.86332,0.00108,-0.00062,-1.81365,-0.03933,0.04111,0.34876,1.00674,0.02445,-0.54056,0.00688,-0.00508,0.01147,0.50383,0.28161,0.2124,17.56249,-8.64869,-0.10101,-0.00752,17.60968,-2.15596,-0.78179,113.65655,-2.32561,-1.08062,0.62208
11.88,-1.36159,0.49378,0.10896,-0.01475,0.02901,-0.00268,0.51534,0.7852,0.00129,-0.00081,-1.16943,-0.02733,0.04551,0.30029,0.94198,0.01779,-0.41554,0.00509,-0.00125,0.00963,-5.33314,0.11791,0.19634,18.50938,-8.18634,-0.01317,0.00623,12.3325,-2.5103,-0.87198,138.84439,-2.51675,-1.08072,0.87143
11.9,-1.23286,0.39687,0.09341,-0.01706,0.0228,-0.00257,0.50278,0.69388,0.00116,-0.00052,-0.48751,-0.01506,0.04788,0.26416,0.86646,0.00549,-0.31419,0.00337,0.00235,0.00813,-10.9859,-0.123,0.16242,19.00978,-7.6521,0.06342,0.01406,7.01107,-2.63045,-0.74588,153.48877,-2.2858,-0.80551,1.12359
11.92,-1.08474,0.27807,0.07556,-0.02308,0.01536,-0.00242,0.48779,0.59303,0.00055,-2e-05,0.22536,-0.00304,0.04787,0.24085,0.78246,-0.00896,-0.23568,0.00182,0.00546,0.00697,-16.58806,-0.39364,0.11588,19.13925,-7.0545,0.11687,0.01487,2.46171,-2.41225,-0.38944,152.58775,-1.65604,-0.25084,1.30047
11.94,-0.92532,0.15685,0.05847,-0.03359,0.00735,-0.00225,0.47553,0.49134,-0.00061,0.00046,0.95451,0.00862,0.04475,0.22923,0.69357,-0.02266,-0.17622,0.00054,0.00786,0.00617,-22.12699,-0.64923,0.06661,18.97776,-6.38971,0.14789,0.00736,-0.65311,-1.99866,0.03228,136.68084,-0.72724,0.48633,1.30476
11.96,-0.75738,0.04671,0.04381,-0.04985,-0.00075,-0.00205,0.46954,0.39392,-0.0024,0.00061,1.66868,0.01871,0.03831,0.22887,0.60045,-0.0338,-0.13231,-0.0004,0.00944,0.00571,-27.55108,-0.86345,0.02059,18.45197,-5.66051,0.15538,-0.01148,-1.97768,-1.54712,0.38269,110.30607,0.34905,1.3112,1.08466
11.98,-0.57735,-0.04357,0.03182,-0.07364,-0.00863,-0.00183,0.47065,0.30181,-0.00482,-2e-05,2.30646,0.02608,0.02927,0.24017,0.50113,-0.04146,-0.10224,-0.00097,0.01025,0.00561,-32.70331,-1.01231,-0.01912,17.26251,-4.89413,0.13562,-0.04375,-1.60977,-1.12739,0.58186,75.67377,1.42144,2.11729,0.65216
12,-0.37542,-0.1036,0.02227,-0.10702,-0.01593,-0.00158,0.48009,0.21553,-0.00768,-0.00191,2.81957,0.03009,0.01845,0.26424,0.39303,-0.04512,-0.08488,-0.00107,0.0104,0.00589,-37.64188,-1.06575,-0.04944,15.41964,-4.09764,0.09534,-0.08883,0.22485,-0.73174,0.53249,38.81965,2.3617,2.80496,0.11778
12.02,-0.14352,-0.12276,0.01494,-0.15224,-0.02213,-0.0013,0.49828,0.13635,-0.0106,-0.00548,3.1836,0.03055,0.00735,0.30254,0.2741,-0.04449,-0.07949,-0.00065,0.01007,0.00659,-42.35571,-0.99624,-0.0678,12.79849,-3.28301,0.04037,-0.14344,2.83162,-0.37489,0.18601,4.88319,3.06202,3.29581,-0.3957
12.04,0.12432,-0.09834,0.01004,-0.21185,-0.02682,-0.00101,0.52354,0.06599,-0.01307,-0.01098,3.29155,0.02685,-0.00243,0.35563,0.14323,-0.0395,-0.08518,0.00036,0.00952,0.00776,-46.39231,-0.79696,-0.0733,8.86088,-2.50304,-0.02692,-0.20295,5.61757,-0.14346,-0.22461,-23.25173,3.51753,3.51623,-0.83188
12.06,0.44095,-0.03665,0.00792,-0.28834,-0.02976,-0.00073,0.55372,0.00387,-0.01459,-0.01835,3.05919,0.01879,-0.01046,0.42352,-0.00079,-0.03031,-0.10087,0.00206,0.00899,0.0094,-49.27764,-0.46523,-0.0687,3.24485,-1.78893,-0.10238,-0.26454,8.39439,-0.01288,-0.52227,-44.01039,3.79068,3.45194,-1.14652
12.08,0.82421,0.04765,0.00943,-0.38334,-0.03057,-0.00047,0.58645,-0.05201,-0.01472,-0.02706,2.51557,0.00705,-0.01704,0.50571,-0.1578,-0.01746,-0.12496,0.00455,0.00865,0.01149,-50.61005,0.01088,-0.05782,-4.20686,-1.12634,-0.18394,-0.32432,11.37121,0.09498,-0.69309,-58.37097,3.9462,3.12744,-1.30207
12.1,1.27243,0.12856,0.01575,-0.49628,-0.02896,-0.00024,0.62023,-0.10382,-0.01324,-0.03559,1.67731,-0.00752,-0.02311,0.60229,-0.3238,-0.00198,-0.15455,0.00806,0.00865,0.01397,-50.27134,0.6357,-0.04707,-13.67809,-0.46543,-0.27273,-0.38621,14.36233,0.15296,-0.64192,-58.31702,3.99261,2.64952,-1.15638
12.12,1.7538,0.17054,0.02749,-0.6237,-0.02487,-6e-05,0.65288,-0.15385,-0.01025,-0.04153,0.64026,-0.02276,-0.03003,0.71153,-0.4903,0.01434,-0.18549,0.01298,0.00909,0.01671,-48.04745,1.31121,-0.04153,-25.59333,0.22924,-0.37263,-0.46175,17.06329,0.13762,-0.44938,-43.82781,3.96153,2.12914,-0.71985
12.14,2.26485,0.13378,0.04455,-0.76159,-0.01879,4e-05,0.67892,-0.20387,-0.00603,-0.04284,-0.4322,-0.03686,-0.03838,0.82567,-0.64798,0.02962,-0.21265,0.01928,0.01006,0.01947,-43.14596,1.93092,-0.03909,-40.11832,0.98165,-0.48266,-0.54625,20.48308,0.06242,-0.29403,-28.09317,3.92855,1.55891,-0.18882
12.16,2.81676,-0.01938,0.06629,-0.90393,-0.01165,6e-05,0.69179,-0.25486,-0.00114,-0.03797,-1.46065,-0.04936,-0.04796,0.93138,-0.78791,0.04252,-0.23039,0.02638,0.01156,0.02189,-34.99893,2.45419,-0.03384,-56.93801,1.83853,-0.5963,-0.6253,25.71458,-0.04533,-0.23873,-15.84458,3.92302,0.95142,0.36614
12.18,3.39392,-0.32085,0.0907,-1.0387,-0.00475,-3e-05,0.68484,-0.30695,0.0037,-0.02596,-2.40003,-0.05981,-0.05834,1.00875,-0.90016,0.05222,-0.23331,0.03303,0.01344,0.02354,-23.52965,2.80913,-0.02109,-75.39431,2.86428,-0.703,-0.6834,32.88782,-0.28911,-0.26247,-5.91077,3.90933,0.35516,0.93376
12.2,3.90625,-0.75198,0.11455,-1.15409,0.00015,-0.00022,0.65927,-0.35741,0.00764,-0.0063,-3.20214,-0.06742,-0.06773,1.05296,-0.97025,0.05753,-0.21733,0.039,0.01546,0.024,-9.08809,2.6893,0.02171,-95.56064,3.86476,-0.79179,-0.73271,41.18756,-0.71129,-0.32621,1.75514,3.74143,-0.18105,1.43882
12.22,4.21266,-1.25381,0.13637,-1.23795,0.00119,-0.00046,0.62128,-0.4015,0.01002,0.0201,-3.81844,-0.07132,-0.07359,1.06799,-0.98385,0.05739,-0.18064,0.04464,0.01734,0.02296,7.8047,1.70832,0.15843,-117.91711,4.35148,-0.85113,-0.80922,48.6866,-1.18254,-0.37811,6.47433,3.26603,-0.66681,1.72827
12.24,4.31309,-1.79619,0.16111,-1.27104,-0.00385,-0.00077,0.56591,-0.43606,0.01044,0.04762,-4.24142,-0.07229,-0.07532,1.02547,-0.9407,0.05293,-0.1258,0.0465,0.0188,0.02002,26.3549,0.0163,0.44578,-139.92827,4.27286,-0.85149,-0.86283,55.08386,-1.72534,-0.38375,8.2222,2.47433,-1.11495,1.78173
12.26,4.23052,-2.33291,0.19103,-1.24165,-0.01746,-0.00112,0.4933,-0.45816,0.00894,0.06981,-4.48947,-0.07164,-0.07316,0.914,-0.84654,0.04533,-0.06029,0.04233,0.0196,0.01519,45.05669,-1.96367,0.88811,-158.1278,3.81544,-0.78069,-0.83145,61.04079,-2.45596,-0.33265,7.93511,1.35069,-1.49969,1.67552
12.28,3.90987,-2.79481,0.2206,-1.15193,-0.0408,-0.00148,0.41568,-0.46404,0.00605,0.08327,-4.56666,-0.06975,-0.06699,0.76094,-0.70739,0.03503,0.00484,0.03385,0.01969,0.009,62.14814,-3.83097,1.4439,-170.26875,3.00198,-0.65166,-0.71158,65.40101,-3.28325,-0.23111,6.21191,-0.12184,-1.84287,1.40461
12.3,3.43302,-3.09831,0.24754,-1.00736,-0.07352,-0.00191,0.33543,-0.44822,0.00255,0.08376,-4.48544,-0.06627,-0.05769,0.57932,-0.5414,0.02382,0.05792,0.02141,0.0191,0.0021,74.81322,-5.59654,2.19955,-174.27959,1.83211,-0.46727,-0.46123,67.84013,-4.40971,-0.11039,3.99287,-1.85922,-2.12104,1.08347
12.32,2.87243,-3.18192,0.26565,-0.82018,-0.11216,-0.00258,0.25667,-0.40582,-0.00047,0.07088,-4.26025,-0.06046,-0.04619,0.39079,-0.36526,0.0129,0.0953,0.00763,0.01798,-0.0046,80.30094,-6.86139,3.33515,-168.75692,0.39996,-0.26254,-0.11114,68.57712,-6.24796,-0.01121,2.04727,-3.80013,-2.28038,0.83402
12.34,2.1956,-3.05613,0.25878,-0.61059,-0.14781,-0.00363,0.1919,-0.33658,-0.002,0.04993,-3.91516,-0.05313,-0.0328,0.22908,-0.18692,0.00239,0.11419,-0.00328,0.01656,-0.01039,78.1974,-6.56593,4.36128,-152.09219,-0.68594,-0.09247,0.24889,66.79397,-8.45107,0.03941,0.54755,-5.82774,-2.37377,0.61193
12.36,1.43247,-2.73974,0.22005,-0.39512,-0.17083,-0.00518,0.14475,-0.24082,-0.00125,0.02507,-3.47775,-0.04458,-0.0181,0.10324,-0.01753,-0.00704,0.11289,-0.01069,0.01512,-0.0151,69.58473,-4.87376,4.70567,-125.85827,-1.12501,0.02229,0.55049,62.10021,-10.55099,0.0427,-0.33674,-7.76861,-2.45992,0.40554
12.38,0.65875,-2.24363,0.15411,-0.18587,-0.17532,-0.00726,0.11202,-0.12005,0.00252,-0.00095,-2.9721,-0.03396,-0.00303,0.00777,0.13033,-0.01492,0.09691,-0.01518,0.0139,-0.01874,56.38754,-2.4379,4.35601,-94.93669,-1.07013,0.08302,0.71861,54.59862,-12.32309,0.02067,-0.56659,-9.52371,-2.53515,0.24545
12.4,-0.04984,-1.58126,0.06809,0.00509,-0.15494,-0.00946,0.09056,0.01919,0.01,-0.02518,-2.4584,-0.02265,0.01117,-0.06303,0.24601,-0.02115,0.06902,-0.01723,0.01313,-0.02138,40.34903,-0.23835,3.17447,-63.07711,-0.60904,0.10366,0.71723,45.64165,-13.46769,0.00034,-0.35235,-11.02648,-2.6101,0.13106
12.42,-0.67524,-0.79852,-0.02892,0.16754,-0.11047,-0.0111,0.07725,0.16971,0.02189,-0.04445,-1.98694,-0.01107,0.0238,-0.11112,0.32293,-0.02585,0.03512,-0.0171,0.01301,-0.02314,24.24483,0.93361,1.56152,-35.22801,-0.14305,0.10959,0.79921,37.03514,-13.74372,-0.00026,-0.04924,-12.25215,-2.69519,0.05728
12.44,-1.21285,0.02815,-0.13,0.29563,-0.05283,-0.01193,0.06947,0.32321,0.03829,-0.05723,-1.56047,0.00163,0.03388,-0.14075,0.3563,-0.02934,0.00491,-0.01576,0.0136,-0.02415,11.03956,1.25302,0.1879,-15.50245,0.09893,0.11375,1.1067,28.64988,-12.93922,0.0265,0.07444,-13.19102,-2.79131,0.0168
12.46,-1.63203,0.8431,-0.23257,0.38858,0.00906,-0.01202,0.06461,0.46912,0.05805,-0.06385,-1.18573,0.01426,0.04033,-0.15825,0.34656,-0.03195,-0.01802,-0.01411,0.01487,-0.02461,1.74235,0.98169,-0.73338,-4.25014,0.16364,0.12228,1.48921,20.34321,-11.00818,0.07882,-0.21263,-13.84867,-2.90774,-0.00133
12.48,-1.92923,1.5956,-0.33855,0.44898,0.06867,-0.0114,0.05974,0.59618,0.07844,-0.06493,-0.87565,0.02522,0.04329,-0.16658,0.30304,-0.03398,-0.03248,-0.012,0.01657,-0.02457,-3.75911,0.28098,-1.19461,0.16181,0.10359,0.13911,1.96292,12.87731,-8.16511,0.14436,-1.05233,-14.28156,-3.05097,-0.0068
12.5,-2.12324,2.22988,-0.44292,0.48301,0.1186,-0.01022,0.05205,0.69745,0.09697,-0.06124,-0.63016,0.03346,0.04302,-0.17019,0.23843,-0.03543,-0.03717,-0.01036,0.01841,-0.02408,-5.78979,-0.62335,-1.19314,0.12723,-0.04374,0.16235,2.16664,6.68682,-4.70361,0.23209,-2.49193,-14.51457,-3.23389,-0.00559
12.52,-2.24115,2.70324,-0.53364,0.49819,0.15109,-0.00873,0.03884,0.77062,0.11192,-0.05364,-0.44407,0.03841,0.04016,-0.17388,0.16998,-0.03618,-0.03085,-0.01001,0.02008,-0.02313,-5.03022,-1.40557,-0.84918,-1.41606,-0.24417,0.18572,1.79987,1.91622,-1.16289,0.38723,-4.63949,-14.56144,-3.46745,-0.00091
12.54,-2.27632,3.00174,-0.61239,0.49871,0.16557,-0.00738,0.01762,0.80573,0.11886,-0.04396,-0.31043,0.0396,0.03619,-0.17897,0.11676,-0.03654,-0.0128,-0.00998,0.02109,-0.02183,-2.86988,-1.9167,-0.44331,-1.7878,-0.50951,0.20564,1.276,-1.71726,1.87311,0.59291,-7.21192,-14.48764,-3.75159,0.00229
12.56,-2.22287,3.13467,-0.67864,0.488,0.16634,-0.00646,-0.01366,0.79638,0.11564,-0.0337,-0.22137,0.03707,0.03208,-0.18554,0.09163,-0.03687,0.0165,-0.00989,0.02105,-0.02025,-0.44434,-2.21929,-0.12536,0.61034,-0.84384,0.21339,0.80113,-4.59622,4.10852,0.80659,-9.7472,-14.3436,-4.0804,0.00114
12.58,-2.10451,3.12693,-0.7207,0.47011,0.15615,-0.006,-0.0564,0.74837,0.10532,-0.02337,-0.16993,0.03177,0.02805,-0.19295,0.10104,-0.03727,0.05394,-0.01025,0.01984,-0.01845,1.5447,-2.34163,0.08016,6.33616,-1.20298,0.19565,0.33929,-6.91589,5.46447,1.0321,-12.08132,-14.14225,-4.43119,-0.00375
12.6,-1.92772,3.01606,-0.73569,0.4475,0.13971,-0.00606,-0.11093,0.66454,0.09029,-0.01434,-0.15086,0.02449,0.02412,-0.19731,0.14644,-0.03841,0.09463,-0.01052,0.01738,-0.01668,2.5764,-2.26774,0.18992,14.67513,-1.53719,0.13703,-0.07675,-8.95565,5.95505,1.2421,-14.04161,-13.88839,-4.81356,-0.00989
12.62,-1.70049,2.84134,-0.72413,0.42203,0.12126,-0.00665,-0.17639,0.54959,0.07351,-0.00692,-0.16013,0.01621,0.02011,-0.19295,0.22502,-0.04113,0.13458,-0.00986,0.01373,-0.01518,2.38939,-1.88339,0.24278,23.1765,-1.78486,0.02967,-0.42902,-10.95016,5.69591,1.40053,-15.55628,-13.56928,-5.24364,-0.01272
12.64,-1.45169,2.62864,-0.6852,0.39541,0.1017,-0.00767,-0.2523,0.41309,0.05897,-0.0002,-0.19379,0.00801,0.01568,-0.17613,0.33036,-0.04535,0.16472,-0.00879,0.00924,-0.01396,1.23103,-1.27869,0.29223,29.00626,-1.87366,-0.11751,-0.69223,-12.98391,4.99163,1.5187,-16.86209,-13.16501,-5.63794,-0.00195
12.66,-1.20321,2.39917,-0.62341,0.36873,0.08162,-0.00899,-0.33877,0.26091,0.04826,0.00581,-0.24715,0.00034,0.01055,-0.14463,0.45368,-0.05078,0.17595,-0.00783,0.00417,-0.01299,-0.25336,-0.65872,0.38834,30.52751,-1.78834,-0.28584,-0.83866,-15.10045,4.12762,1.6093,-18.20984,-12.64852,-5.91491,0.03371
12.68,-0.96731,2.174,-0.54628,0.34282,0.0619,-0.01047,-0.43511,0.09642,0.04103,0.01042,-0.31442,-0.00684,0.00461,-0.09805,0.58452,-0.05733,0.16591,-0.00671,-0.0012,-0.01225,-1.50871,-0.1036,0.55858,26.22433,-1.57861,-0.44757,-0.87685,-17.29647,3.28083,1.67704,-19.79166,-11.97712,-6.05744,0.1013
12.7,-0.74677,1.9493,-0.46182,0.31785,0.04332,-0.01192,-0.53856,-0.0762,0.03602,0.01369,-0.38802,-0.01352,-0.00213,-0.03961,0.7118,-0.06423,0.13386,-0.00577,-0.00657,-0.01159,-2.03854,0.35622,0.76805,15.84474,-1.30775,-0.58326,-0.77923,-19.65864,2.57553,1.72147,-21.94707,-11.12084,-6.00088,0.20614
12.72,-0.54453,1.72215,-0.37636,0.29371,0.0265,-0.01316,-0.64467,-0.24565,0.03216,0.01711,-0.45983,-0.01938,-0.00949,0.02651,0.82549,-0.07032,0.08276,-0.00528,-0.01163,-0.0108,-1.716,0.74289,0.96791,0.08003,-1.02977,-0.70064,-0.49675,-22.18817,2.10295,1.73489,-25.01581,-10.06436,-5.68354,0.35637
12.74,-0.37399,1.51491,-0.29324,0.27021,0.01166,-0.01407,-0.75013,-0.40279,0.0295,0.02015,-0.52498,-0.02449,-0.01727,0.0961,0.91588,-0.07485,0.01883,-0.00491,-0.01616,-0.00982,-0.86616,0.96702,1.21078,-18.18871,-0.76813,-0.78909,-0.12197,-24.56147,1.92232,1.73444,-29.24626,-8.78643,-5.1018,0.54768
12.76,-0.23871,1.33976,-0.21526,0.24602,-0.00077,-0.01456,-0.85189,-0.54558,0.02795,0.02108,-0.58207,-0.02919,-0.02535,0.16425,0.97707,-0.0771,-0.05246,-0.00459,-0.02005,-0.00864,-0.06189,0.98355,1.55143,-35.61215,-0.5298,-0.834,0.247,-26.4214,2.03344,1.73161,-34.85787,-7.30159,-4.23815,0.76523
12.78,-0.13,1.1951,-0.14492,0.21852,-0.01016,-0.01459,-0.94504,-0.67001,0.0271,0.01964,-0.6319,-0.03345,-0.03355,0.22635,1.00852,-0.07629,-0.12637,-0.0045,-0.02329,-0.00729,0.117,0.8698,2.02499,-51.0387,-0.30952,-0.8528,0.62442,-27.49442,2.39042,1.71821,-41.94531,-5.67931,-3.06061,0.99852
12.8,-0.03505,1.0829,-0.08359,0.18404,-0.01599,-0.0142,-1.0211,-0.77149,0.02669,0.01799,-0.67791,-0.03682,-0.04145,0.27809,1.01012,-0.071,-0.19567,-0.00457,-0.02582,-0.00594,-0.73631,0.67548,2.46959,-56.34486,-0.0841,-0.82893,0.92463,-27.63633,2.88978,1.69288,-51.05669,-3.99514,-1.54839,1.24705
12.82,0.06263,1.00434,-0.03284,0.13882,-0.01795,-0.01341,-1.06902,-0.84505,0.02646,0.01999,-0.7249,-0.0386,-0.04841,0.31594,0.98241,-0.06005,-0.24951,-0.00465,-0.02757,-0.00479,-2.52454,0.4591,2.71055,-47.60947,0.16452,-0.75699,1.04637,-26.67375,3.38011,1.63483,-62.85162,-2.33429,0.26451,1.52476
12.84,0.18595,0.96135,0.00604,0.08038,-0.01611,-0.0122,-1.08419,-0.88907,0.02638,0.02404,-0.77705,-0.0389,-0.05428,0.33727,0.92783,-0.04374,-0.28516,-0.00469,-0.02865,-0.00396,-4.79873,0.27242,2.78874,-32.80274,0.45395,-0.68132,1.07045,-24.21036,3.78608,1.52414,-76.96989,-0.76923,2.2969,1.81224
12.86,0.36578,0.95151,0.03006,0.0072,-0.01113,-0.01055,-1.0639,-0.90452,0.02633,0.02817,-0.83767,-0.03796,-0.0592,0.34194,0.84946,-0.02243,-0.30532,-0.00464,-0.02929,-0.00353,-7.20596,0.08418,2.78163,-16.02937,0.80971,-0.62306,1.07167,-19.87,4.09628,1.35884,-92.85382,0.6886,4.44673,2.07279
12.88,0.6421,0.96121,0.03353,-0.08042,-0.00442,-0.00852,-1.00324,-0.8916,0.02579,0.03524,-0.90886,-0.03555,-0.06312,0.33348,0.75063,0.00369,-0.30897,-0.00429,-0.02966,-0.00356,-9.34455,-0.12464,2.66194,3.02981,1.25381,-0.57144,1.06883,-13.37667,4.30616,1.12924,-110.22065,2.08447,6.57022,2.28401
12.9,1.01161,0.9846,0.01874,-0.17914,0.00203,-0.00625,-0.91214,-0.8572,0.02464,0.04136,-0.98993,-0.03237,-0.06638,0.31846,0.63236,0.03374,-0.30117,-0.00354,-0.02973,-0.00401,-10.42193,-0.32801,2.28028,23.00893,1.76415,-0.52135,0.96654,-4.56766,4.18842,0.8098,-129.47405,3.45144,8.40723,2.40728
12.92,1.41177,1.01305,-0.00691,-0.28309,0.00642,-0.00392,-0.80273,-0.80992,0.02287,0.04164,-1.07808,-0.02928,-0.06946,0.30423,0.49787,0.06627,-0.28854,-0.00237,-0.02942,-0.00482,-9.59004,-0.38339,1.54065,37.78295,2.26551,-0.46572,0.7263,6.71715,3.33065,0.39938,-150.97856,4.7386,9.62264,2.37823
12.94,1.83564,1.00419,-0.04219,-0.38568,0.00753,-0.0017,-0.6715,-0.75035,0.02004,0.04139,-1.16988,-0.02596,-0.07228,0.29607,0.35434,0.09959,-0.27035,-0.00066,-0.02894,-0.00591,-7.00883,-0.17286,0.79051,45.17509,2.72091,-0.38648,0.49541,20.46358,1.88119,-0.03911,-172.93998,5.93931,10.10225,2.15669
12.96,2.28468,0.91024,-0.07779,-0.48085,0.00512,0.00014,-0.51918,-0.67887,0.01606,0.0441,-1.2604,-0.02225,-0.07463,0.29577,0.20658,0.1317,-0.24664,0.00162,-0.02845,-0.00717,-2.92468,0.35084,0.25818,47.98667,3.10628,-0.28116,0.33151,36.12852,0.18404,-0.42315,-192.74398,7.06263,9.88606,1.71044
12.98,2.69373,0.70114,-0.09548,-0.56258,6e-05,0.00129,-0.35497,-0.59876,0.01137,0.04761,-1.34252,-0.01856,-0.07639,0.30121,0.0589,0.16029,-0.22002,0.00418,-0.02792,-0.00848,2.71892,1.21401,0.00739,45.84183,3.33511,-0.1661,0.20022,52.65251,-1.7582,-0.68215,-207.73221,8.00746,9.03612,1.02448
13,2.99756,0.4019,-0.08395,-0.6256,-0.00564,0.0016,-0.18888,-0.51167,0.00649,0.05106,-1.40321,-0.01499,-0.07699,0.3097,-0.08098,0.18193,-0.19435,0.00698,-0.02713,-0.00973,9.68981,2.31522,0.10278,39.95663,3.30393,-0.06843,0.0838,68.19934,-3.58644,-0.67423,-216.93965,8.34679,7.69421,0.19597
13.02,3.14307,0.10258,-0.04093,-0.66576,-0.00967,0.00126,-0.02822,-0.41892,0.00192,0.05373,-1.42784,-0.01159,-0.07567,0.31904,-0.20126,0.19281,-0.17302,0.00994,-0.02584,-0.01079,17.50881,3.26096,0.37925,32.2721,2.93282,-0.00701,-0.02656,80.69902,-4.50084,-0.13806,-219.99183,7.53642,5.98737,-0.75922
13.04,3.10644,-0.15869,0.02668,-0.67951,-0.0109,0.00045,0.12285,-0.3228,-0.00197,0.05329,-1.41282,-0.00853,-0.07234,0.32331,-0.29059,0.19117,-0.15448,0.01224,-0.02421,-0.0116,25.57547,3.79223,0.63564,23.19886,2.19511,0.02007,-0.12891,88.07592,-4.14441,0.77563,-211.43981,5.93745,4.21008,-1.76579
13.06,2.87006,-0.3526,0.10772,-0.66499,-0.00844,-0.0007,0.25973,-0.22572,-0.00501,0.04795,-1.35991,-0.00589,-0.06701,0.31889,-0.34057,0.17666,-0.13706,0.01325,-0.02227,-0.01211,33.36707,3.88519,0.80935,13.66614,1.10796,0.01479,-0.22784,89.16632,-2.95417,1.66562,-189.39858,4.10647,2.64244,-2.58479
13.08,2.42655,-0.41639,0.1922,-0.62385,-0.0011,-0.0018,0.37899,-0.131,-0.00719,0.03683,-1.27188,-0.00361,-0.05956,0.30866,-0.34469,0.15012,-0.12098,0.01295,-0.01977,-0.01236,39.9366,3.45862,0.79505,4.75387,-0.24423,-0.01051,-0.31646,84.43006,-1.20873,2.40371,-158.29743,2.25503,1.38042,-3.05116
13.1,1.86066,-0.36706,0.27761,-0.56219,0.012,-0.00272,0.47879,-0.04395,-0.00862,0.01819,-1.1628,-0.00187,-0.05041,0.29302,-0.30113,0.11517,-0.10366,0.01147,-0.01678,-0.01242,44.67265,2.71392,0.65302,-1.15416,-1.6996,-0.05742,-0.40173,73.10287,0.36416,2.58922,-119.83809,1.06624,0.58725,-3.02028
13.12,1.24022,-0.23681,0.36876,-0.48738,0.03225,-0.00356,0.55967,0.03325,-0.00953,-0.00609,-1.0486,-0.00059,-0.03996,0.27319,-0.21205,0.07594,-0.08292,0.00918,-0.01329,-0.01236,47.45682,2.01584,0.54989,-2.87157,-3.12972,-0.14534,-0.50966,57.1388,1.13171,2.03984,-80.14476,0.5193,0.16084,-2.48703
13.14,0.57581,-0.04122,0.46213,-0.40527,0.05989,-0.00416,0.62216,0.10148,-0.01011,-0.03221,-0.93494,0.00048,-0.02821,0.25634,-0.08322,0.0355,-0.06029,0.00653,-0.00905,-0.01225,47.44469,1.36391,0.43817,-1.85988,-4.3896,-0.23731,-0.60102,42.18003,1.3319,1.23449,-47.86665,0.14938,-0.08353,-1.67626
13.16,-0.08275,0.16464,0.54695,-0.32151,0.09279,-0.00456,0.6683,0.16223,-0.0106,-0.05895,-0.82504,0.00135,-0.01534,0.24636,0.07278,-0.00305,-0.03727,0.00398,-0.00408,-0.01207,44.10596,0.78333,0.30008,1.15208,-5.33224,-0.29056,-0.63636,31.52245,1.19404,0.45138,-24.92594,-0.08726,-0.20787,-0.92166
13.18,-0.67701,0.33033,0.61102,-0.24159,0.128,-0.00496,0.70408,0.22045,-0.01128,-0.08515,-0.7215,0.00209,-0.00188,0.24159,0.23651,-0.03686,-0.01511,0.00202,0.00117,-0.01175,37.72551,0.37137,0.17873,5.84821,-5.92584,-0.30997,-0.62293,25.86135,0.82969,-0.25343,-8.30856,-0.18161,-0.28655,-0.39858
13.2,-1.1762,0.42515,0.64437,-0.16986,0.15845,-0.00525,0.73217,0.28051,-0.01206,-0.10795,-0.62231,0.00274,0.01142,0.23998,0.38504,-0.06378,0.00372,0.00059,0.00611,-0.01109,29.89424,0.13386,0.06836,11.23683,-6.21531,-0.28669,-0.55178,24.20622,0.41747,-0.8344,6.80716,-0.23907,-0.40389,-0.22312
13.22,-1.57783,0.43751,0.64348,-0.10957,0.17544,-0.00526,0.75377,0.3442,-0.01262,-0.12329,-0.52369,0.00332,0.02429,0.23893,0.49826,-0.08273,0.01786,-7e-05,0.01036,-0.00985,22.57945,0.02716,-0.03483,15.79403,-6.28683,-0.22376,-0.42681,24.28974,0.01545,-1.40025,24.24946,-0.47894,-0.62832,-0.33872
13.24,-1.86795,0.38162,0.6004,-0.06254,0.17846,-0.0052,0.77557,0.41675,-0.01308,-0.13116,-0.42284,0.00398,0.03622,0.23534,0.5619,-0.09301,0.02671,0.00014,0.0134,-0.00808,15.51342,-0.02498,-0.12799,19.06438,-6.1976,-0.15645,-0.29516,24.55104,-0.42168,-2.03951,45.94009,-0.99684,-0.97484,-0.46285
13.26,-2.03372,0.27304,0.51786,-0.02902,0.16981,-0.00517,0.80162,0.5005,-0.01342,-0.13332,-0.31803,0.00481,0.04635,0.2276,0.5719,-0.09474,0.03014,0.00061,0.01478,-0.00587,8.34394,-0.1094,-0.21986,21.31548,-5.99235,-0.09573,-0.18001,24.13078,-0.88684,-2.75162,72.32632,-1.69314,-1.3897,-0.43546
13.28,-2.09061,0.12408,0.41697,-0.00796,0.1505,-0.00509,0.83002,0.58642,-0.01327,-0.12946,-0.20983,0.00571,0.05447,0.21551,0.53553,-0.08913,0.02935,0.001,0.01467,-0.00335,1.76305,-0.29043,-0.31271,22.46966,-5.72627,-0.02828,-0.07755,21.68926,-1.37052,-3.57038,100.23729,-2.45461,-1.77079,-0.21973
13.3,-2.05125,-0.05077,0.31183,0.00249,0.12546,-0.00504,0.85954,0.6735,-0.01286,-0.121,-0.10241,0.00671,0.0604,0.19935,0.46453,-0.0776,0.02551,0.00105,0.01334,-0.00077,-4.0967,-0.58606,-0.40068,22.6354,-5.44337,0.0389,-0.00182,17.16267,-1.80414,-4.32371,124.50132,-3.0279,-1.98157,0.13356
13.32,-1.9303,-0.23387,0.21381,0.00459,0.09888,-0.00512,0.88753,0.76613,-0.01254,-0.10986,-0.00081,0.00795,0.06408,0.18003,0.37233,-0.06158,0.01978,0.00072,0.01117,0.00168,-9.26963,-0.9634,-0.47596,21.94506,-5.18365,0.08587,0.03529,11.32429,-2.08288,-4.68924,139.5984,-3.15811,-1.90737,0.51672
13.34,-1.7468,-0.40439,0.13762,0.00066,0.07141,-0.00519,0.90742,0.84315,-0.01206,-0.09658,0.09112,0.00905,0.06559,0.15864,0.27105,-0.0423,0.01334,0.00037,0.00881,0.00385,-13.79827,-1.36796,-0.53165,20.74,-4.95517,0.10776,0.03899,4.99229,-2.23552,-4.63572,142.49361,-2.73656,-1.49109,0.80774
13.36,-1.51667,-0.54399,0.08695,-0.00693,0.04437,-0.00518,0.91343,0.88397,-0.01136,-0.08182,0.171,0.00969,0.06505,0.13495,0.16817,-0.02057,0.00664,0.00015,0.00664,0.00559,-17.81208,-1.74046,-0.55798,19.21854,-4.75513,0.0945,0.00756,-0.72125,-2.32534,-4.28832,133.7797,-1.7586,-0.74906,0.90415
13.38,-1.2562,-0.63732,0.05675,-0.01566,0.01938,-0.00512,0.9014,0.88912,-0.01071,-0.06634,0.23847,0.0099,0.06271,0.10742,0.06789,0.00303,-0.00036,4e-05,0.00477,0.00679,-21.31674,-2.02718,-0.5505,17.20693,-4.60028,0.0409,-0.05385,-4.97264,-2.35028,-3.70152,114.00517,-0.3218,0.22767,0.74181
13.4,-0.97179,-0.66752,0.04082,-0.02278,-0.00282,-0.00498,0.86737,0.85342,-0.01015,-0.05192,0.29434,0.00965,0.05868,0.07417,-0.02658,0.02784,-0.00769,1e-05,0.00322,0.00737,-24.40073,-2.20156,-0.49693,14.88308,-4.45683,-0.03213,-0.12591,-6.69327,-2.32495,-2.9472,87.39273,1.39827,1.28082,0.37822
13.42,-0.67308,-0.62296,0.03355,-0.02567,-0.0215,-0.00476,0.80798,0.77428,-0.00961,-0.03984,0.33981,0.00894,0.05313,0.03306,-0.1118,0.05295,-0.01538,1e-05,0.00197,0.00731,-27.09245,-2.25268,-0.36421,12.23008,-4.26263,-0.10356,-0.18589,-5.67914,-2.26552,-2.13378,58.90711,3.1512,2.19107,-0.02299
13.44,-0.37809,-0.50757,0.03091,-0.02251,-0.03628,-0.00446,0.71885,0.66026,-0.00908,-0.02936,0.37609,0.00798,0.04645,-0.01766,-0.18495,0.07757,-0.02332,2e-05,0.00098,0.00657,-29.26251,-2.17387,-0.18578,8.72195,-4.0299,-0.14339,-0.21067,-2.7047,-2.15197,-1.38277,30.13684,4.73668,2.8227,-0.37333
13.46,-0.09204,-0.33273,0.02961,-0.01282,-0.0472,-0.00407,0.59707,0.51804,-0.0085,-0.02,0.40376,0.00691,0.03892,-0.07756,-0.2443,0.10119,-0.03124,3e-05,0.00018,0.0052,-30.81213,-1.96783,-0.01774,4.07094,-3.76655,-0.12722,-0.19482,1.73608,-1.9464,-0.73601,2.34855,6.04989,3.14513,-0.58688
13.48,0.19215,-0.11568,0.02683,0.00239,-0.05429,-0.0036,0.44321,0.35195,-0.00786,-0.01206,0.42226,0.0058,0.03067,-0.14337,-0.28813,0.12312,-0.03874,1e-05,-0.00056,0.0034,-31.61682,-1.64048,0.13895,-1.74844,-3.41637,-0.06131,-0.15191,7.38559,-1.60636,-0.18098,-23.17096,7.0536,3.14921,-0.55235
13.5,0.48113,0.11554,0.02044,0.02062,-0.05716,-0.00302,0.25885,0.16345,-0.007,-0.00634,0.4303,0.00467,0.02176,-0.20806,-0.31479,0.14268,-0.04524,-2e-05,-0.00134,0.00146,-31.85848,-1.16029,0.20437,-8.7423,-2.94262,0.02788,-0.10748,13.57747,-1.19566,0.2495,-40.86047,7.66389,2.96737,-0.22524
13.52,0.77107,0.31956,0.01075,0.03838,-0.05524,-0.00231,0.05232,-0.03944,-0.00581,-0.00275,0.42616,0.00356,0.01238,-0.26148,-0.32241,0.15913,-0.04994,0,-0.00229,-0.00024,-31.6853,-0.51995,0.155,-17.20964,-2.31248,0.09074,-0.08298,19.142,-0.82535,0.52559,-47.75111,7.82738,2.75358,0.31021
13.54,1.06972,0.45284,0.00043,0.0528,-0.04894,-0.00155,-0.16382,-0.24743,-0.0046,-0.00011,0.40797,0.00249,0.00282,-0.29504,-0.3078,0.17091,-0.05201,0,-0.00349,-0.00135,-30.73598,0.27331,0.09734,-27.28119,-1.4674,0.09038,-0.08548,23.94858,-0.45933,0.65312,-48.50255,7.66239,2.48776,0.92429
13.56,1.39812,0.48005,-0.00736,0.06259,-0.03903,-0.00084,-0.38006,-0.46235,-0.00357,0.00228,0.37529,0.00148,-0.00685,-0.30284,-0.26722,0.17633,-0.05052,3e-05,-0.00489,-0.00179,-28.63483,1.21329,0.07063,-38.79328,-0.39057,0.01881,-0.1183,28.53372,-0.0182,0.63361,-46.31668,7.27242,2.15725,1.51613
13.58,1.77312,0.37101,-0.00863,0.06796,-0.0264,-0.00027,-0.58632,-0.68907,-0.00254,0.00485,0.32979,0.00048,-0.01668,-0.28113,-0.19704,0.17414,-0.04456,0.00023,-0.00641,-0.00168,-25.08883,2.28957,0.05976,-51.72292,0.89881,-0.11347,-0.17899,33.2499,0.5752,0.4462,-41.75367,6.67306,1.80116,2.03625
13.6,2.14485,0.10662,0.00127,0.07025,-0.01261,2e-05,-0.76848,-0.92615,-0.00114,0.00917,0.27469,-0.00057,-0.02658,-0.23135,-0.09379,0.16236,-0.03356,0.00086,-0.00774,-0.00141,-19.93197,3.38273,0.07808,-66.62435,2.33063,-0.28216,-0.27522,37.33317,1.0025,0.01817,-32.64413,5.82603,1.43566,2.32744
13.62,2.41311,-0.31335,0.02572,0.07199,-0.00054,-0.00014,-0.91133,-1.16717,0.00112,0.01816,0.21482,-0.00168,-0.0363,-0.15813,0.04414,0.13957,-0.01718,0.00254,-0.00839,-0.00148,-12.80397,4.24505,0.16793,-84.35743,3.70455,-0.4739,-0.43757,39.60619,0.70608,-0.5289,-20.14428,4.7192,1.05915,2.23772
13.64,2.59251,-0.8442,0.06561,0.07717,0.00579,-0.00091,-1.00979,-1.41287,0.00472,0.03254,0.15618,-0.00289,-0.04556,-0.06767,0.21618,0.10608,0.00482,0.00503,-0.00821,-0.00233,-3.03869,4.77685,0.35497,-104.43112,4.8571,-0.65918,-0.66472,41.1961,-0.04173,-1.0244,-9.5657,3.42399,0.64447,1.94194
13.66,2.71172,-1.42171,0.1201,0.09032,0.00253,-0.00238,-1.06712,-1.6686,0.01011,0.0511,0.10518,-0.00426,-0.05399,0.02945,0.41975,0.06282,0.03204,0.0075,-0.00713,-0.00425,9.55964,4.98026,0.63235,-125.6582,5.7174,-0.80013,-0.91654,43.37303,-0.88451,-1.4882,-2.26136,1.98421,0.18222,1.59799
13.68,2.71957,-2.00081,0.1839,0.11575,-0.01323,-0.00456,-1.08832,-1.94138,0.01746,0.07217,0.06898,-0.0059,-0.06114,0.11854,0.64759,0.01171,0.06327,0.0097,-0.00504,-0.00726,24.66569,4.80408,0.98243,-146.79022,6.25556,-0.88146,-1.14874,45.65933,-2.03238,-1.85879,2.47845,0.41533,-0.31224,1.21268
13.7,2.61991,-2.4724,0.25174,0.15802,-0.04301,-0.00739,-1.08277,-2.16998,0.02566,0.09606,0.05552,-0.00758,-0.06571,0.18513,0.88788,-0.04388,0.0968,0.01127,-0.00201,-0.01108,41.32759,4.07803,1.43014,-167.47821,6.08604,-0.88532,-1.36407,47.73702,-3.57262,-2.10606,5.04659,-1.22289,-0.81019,0.82111
13.72,2.41867,-2.72949,0.32012,0.22099,-0.0862,-0.01069,-1.06123,-2.26346,0.03256,0.12336,0.07172,-0.00877,-0.06611,0.22092,1.12617,-0.09891,0.13095,0.01193,0.00183,-0.01516,57.93187,2.94162,2.05092,-187.28336,4.67838,-0.79883,-1.58057,49.22645,-5.54318,-2.25846,6.04158,-2.85434,-1.27716,0.45935
13.74,2.08444,-2.79973,0.37849,0.30522,-0.13802,-0.01416,-1.03051,-2.26368,0.03698,0.14539,0.12046,-0.00961,-0.0626,0.21961,1.34709,-0.14914,0.16372,0.01186,0.00629,-0.01909,72.65185,1.97836,2.62524,-201.84042,2.63076,-0.63955,-1.64838,49.83359,-8.01724,-2.27108,5.89938,-4.40927,-1.67824,0.15702
13.76,1.61258,-2.71404,0.4157,0.40709,-0.19201,-0.01745,-0.99579,-2.21267,0.03824,0.15406,0.19834,-0.01023,-0.05581,0.18192,1.53612,-0.19231,0.19317,0.01127,0.01101,-0.02264,83.86826,1.42993,2.8501,-207.29175,0.71464,-0.43987,-1.43637,49.58013,-10.93737,-2.12339,5.02816,-5.83367,-1.9893,-0.07246
13.78,1.02987,-2.45993,0.4263,0.51885,-0.24282,-0.02039,-0.96166,-2.07698,0.03629,0.14981,0.29416,-0.01017,-0.04583,0.11913,1.67765,-0.22567,0.21823,0.01041,0.01538,-0.02562,90.24496,1.54545,2.66353,-202.62554,-0.92976,-0.23059,-0.95665,48.11194,-14.25048,-1.81946,3.77685,-7.08157,-2.20982,-0.22793
13.8,0.40423,-2.04601,0.40975,0.62682,-0.28215,-0.02274,-0.91813,-1.89047,0.03258,0.12993,0.3914,-0.00924,-0.03385,0.04248,1.76784,-0.25078,0.23802,0.00938,0.01907,-0.02776,89.75703,1.7,2.00572,-186.21397,-1.77905,-0.04804,-0.25395,45.7801,-17.6687,-1.4264,2.53574,-8.13292,-2.34226,-0.31825
13.82,-0.2248,-1.50139,0.36936,0.71404,-0.30202,-0.02431,-0.85331,-1.68585,0.02966,0.09658,0.47277,-0.00716,-0.02087,-0.03195,1.81013,-0.27196,0.25201,0.00823,0.02208,-0.02872,81.7332,1.23422,1.06323,-158.88292,-1.75165,0.0829,0.48529,43.28664,-20.76886,-1.04627,1.58089,-8.98572,-2.39496,-0.36576
13.84,-0.83239,-0.87995,0.30433,0.77072,-0.30018,-0.02519,-0.7765,-1.4374,0.03028,0.05969,0.52075,-0.00352,-0.00724,-0.09139,1.78989,-0.28686,0.26029,0.00726,0.02357,-0.02866,68.22473,0.77313,0.1641,-124.30432,-1.32023,0.15698,1.06882,40.24085,-23.25243,-0.65524,0.8816,-9.59655,-2.40168,-0.37799
13.86,-1.36489,-0.23864,0.21775,0.79442,-0.27738,-0.02554,-0.6948,-1.1423,0.03594,0.02447,0.52475,0.00176,0.00615,-0.1353,1.70165,-0.29336,0.26448,0.0066,0.02298,-0.02787,51.97694,0.6142,-0.48281,-87.72827,-0.76976,0.1811,1.4084,36.28672,-24.75548,-0.21439,0.37716,-9.93113,-2.39273,-0.36034
13.88,-1.77794,0.3707,0.11965,0.78485,-0.23625,-0.02552,-0.60596,-0.82341,0.0461,-0.00735,0.48602,0.00819,0.01802,-0.16651,1.56132,-0.29441,0.26695,0.00605,0.02077,-0.02638,35.63528,0.56802,-0.78597,-54.6737,-0.23999,0.16802,1.49903,31.73407,-24.92198,0.21412,0.0341,-10.01794,-2.37765,-0.32965
13.9,-2.08377,0.88918,0.01882,0.75547,-0.17722,-0.02468,-0.52099,-0.51072,0.05985,-0.03393,0.41165,0.01508,0.02735,-0.19182,1.37848,-0.28998,0.26932,0.00564,0.01728,-0.02435,20.89441,0.38518,-0.69906,-28.08169,0.1698,0.1485,1.42892,27.04055,-23.57247,0.66817,-0.22572,-9.90134,-2.37647,-0.2935
13.92,-2.3424,1.25991,-0.07244,0.72378,-0.1073,-0.02262,-0.45124,-0.22054,0.07632,-0.05213,0.3143,0.02217,0.03374,-0.2199,1.16515,-0.27931,0.2732,0.00542,0.01312,-0.02192,9.42953,0.09838,-0.35565,-10.32159,0.35895,0.14616,1.46984,22.6694,-20.83413,1.24272,-0.46905,-9.64335,-2.41129,-0.25647
13.94,-2.52538,1.47233,-0.14472,0.69005,-0.04079,-0.02004,-0.39563,0.04553,0.09105,-0.06171,0.20966,0.02819,0.03587,-0.25553,0.942,-0.26556,0.28155,0.005,0.00926,-0.01918,2.14305,-0.02091,-0.03084,-1.74718,0.42859,0.15615,1.77485,18.57957,-17.15799,1.85375,-0.73248,-9.33822,-2.47536,-0.22919
13.96,-2.58938,1.55252,-0.19602,0.65301,0.01566,-0.01749,-0.35499,0.27741,0.0997,-0.06472,0.10875,0.03172,0.03282,-0.30162,0.72055,-0.25068,0.29627,0.00422,0.00618,-0.01622,-1.59247,-0.01441,0.1829,-0.08536,0.47412,0.18172,2.28304,14.63508,-13.01817,2.40915,-1.03991,-9.06541,-2.56314,-0.2171
13.98,-2.56105,1.53448,-0.22616,0.61726,0.06056,-0.01505,-0.33266,0.46343,0.10175,-0.06177,0.01815,0.03268,0.02549,-0.36037,0.50505,-0.2345,0.31706,0.00324,0.00392,-0.01311,-1.1579,0.09291,-0.01324,-1.30897,0.53415,0.21759,2.82254,10.96943,-8.78549,2.92983,-1.41765,-8.87411,-2.68725,-0.21906
14,-2.46218,1.44861,-0.23464,0.58337,0.09221,-0.01261,-0.32628,0.60308,0.09773,-0.05492,-0.0577,0.03118,0.01488,-0.4286,0.30046,-0.21872,0.34423,0.0021,0.00244,-0.01012,0.11804,0.2656,-0.40624,-2.49655,0.5176,0.27175,3.19913,7.47205,-4.72756,3.34485,-1.89675,-8.81382,-2.85921,-0.2309
14.02,-2.31009,1.32832,-0.22002,0.55034,0.10828,-0.01013,-0.33123,0.70878,0.08937,-0.04599,-0.11624,0.02771,0.00315,-0.49964,0.1121,-0.20472,0.37758,0.00098,0.0016,-0.00746,0.76877,0.53242,-0.80193,-4.15986,0.34363,0.3372,3.14825,4.01271,-1.15474,3.55797,-2.51797,-8.92297,-3.09135,-0.24759
14.04,-2.10919,1.21222,-0.18681,0.51659,0.11229,-0.00796,-0.34484,0.77633,0.07869,-0.03498,-0.1567,0.02312,-0.0072,-0.56929,-0.056,-0.19158,0.41377,0.00019,0.00124,-0.0051,0.84193,0.77252,-1.01611,-6.76442,0.03078,0.37397,2.64926,0.71692,1.68999,3.63365,-3.37553,-9.2061,-3.39389,-0.26735
14.06,-1.87054,1.11888,-0.14273,0.48061,0.1101,-0.00621,-0.36418,0.79904,0.06717,-0.02222,-0.17996,0.0181,-0.01527,-0.63225,-0.20183,-0.17902,0.44822,-0.00027,0.00122,-0.00307,0.59535,0.76382,-0.89509,-10.68169,-0.33849,0.32724,1.75255,-2.30467,3.79162,3.62451,-4.57188,-9.65528,-3.77317,-0.29079
14.08,-1.62459,1.05566,-0.09334,0.44241,0.10413,-0.00478,-0.38513,0.78977,0.05616,-0.00858,-0.18807,0.01314,-0.02089,-0.68003,-0.32427,-0.16776,0.47639,-0.00045,0.00146,-0.00149,0.22133,0.53964,-0.46962,-16.04367,-0.68137,0.15318,0.53451,-4.97803,5.24202,3.51164,-6.13959,-10.25511,-4.23399,-0.32124
14.1,-1.36666,1.00615,-0.04562,0.40123,0.09601,-0.00361,-0.40446,0.74908,0.046,0.00496,-0.18405,0.00843,-0.02453,-0.70428,-0.42187,-0.15861,0.49459,-0.00044,0.00187,-0.00038,-0.10924,0.15745,0.12994,-22.06336,-0.91144,-0.16473,-0.76146,-7.43662,6.13338,3.37466,-8.26737,-10.96763,-4.75751,-0.33858
14.12,-1.09661,0.94667,-0.00515,0.35711,0.08605,-0.00263,-0.41947,0.67674,0.03675,0.01823,-0.17143,0.00417,-0.02705,-0.6962,-0.49328,-0.15253,0.49924,-0.00028,0.00238,0.0003,-0.23903,0.14933,0.40628,-22.52072,-1.04183,-0.58376,-1.70519,-9.7929,6.54805,3.2635,-11.28323,-11.7403,-5.30362,-0.31119
14.14,-0.85313,0.88972,0.02611,0.31208,0.07524,-0.00181,-0.42798,0.58875,0.02891,0.03093,-0.15372,0.00063,-0.02887,-0.64948,-0.53804,-0.1498,0.48426,-2e-05,0.00295,0.00058,-0.19524,0.10629,0.67228,-23.20017,-1.0187,-1.03745,-2.04522,-11.74285,6.65891,3.16425,-15.24116,-12.49353,-5.85136,-0.25399
14.16,-0.65408,0.84649,0.04731,0.26734,0.06472,-0.00117,-0.4286,0.49502,0.02247,0.04213,-0.13431,-0.00223,-0.0302,-0.56206,-0.55756,-0.15062,0.44713,0.0003,0.00355,0.00055,0.10968,0.01154,0.87636,-24.85792,-0.87419,-1.45317,-1.77365,-13.01512,6.63337,3.05764,-20.0219,-13.13646,-6.36015,-0.19265
14.18,-0.49177,0.80956,0.05906,0.22329,0.05455,-0.00068,-0.42032,0.39761,0.01697,0.05146,-0.11663,-0.00456,-0.03127,-0.43718,-0.55545,-0.15573,0.39146,0.00063,0.00417,0.00033,0.61267,-0.13708,0.97826,-28.21527,-0.6545,-1.75516,-0.97531,-13.56045,6.56157,2.88701,-25.41837,-13.58795,-6.73218,-0.13612
14.2,-0.35042,0.77259,0.06427,0.18093,0.04552,-0.00036,-0.40575,0.29622,0.01195,0.05866,-0.10414,-0.00643,-0.03191,-0.28917,-0.53506,-0.16257,0.32145,0.00093,0.00479,3e-05,1.08349,-0.35896,0.97181,-32.708,-0.38844,-1.91934,0.10145,-13.54294,6.50273,2.85865,-32.06472,-13.69627,-6.92337,-0.05291
14.22,-0.22054,0.7301,0.06553,0.14143,0.03824,-0.0002,-0.38794,0.19406,0.00711,0.06373,-0.09996,-0.00777,-0.03176,-0.13253,-0.50084,-0.16765,0.24511,0.00113,0.00536,-0.00022,1.12667,-0.63502,0.90162,-37.00494,-0.10132,-2.00689,1.15464,-13.10888,6.49718,3.1176,-41.06445,-13.30668,-6.90242,0.0938
14.24,-0.10421,0.68455,0.06402,0.10502,0.03237,-0.00016,-0.36504,0.09923,0.00237,0.06672,-0.10617,-0.00868,-0.03078,0.02413,-0.4602,-0.17237,0.17309,0.0012,0.00587,-0.00033,0.32511,-0.91586,0.8055,-40.20698,0.19662,-2.01539,1.98731,-12.15796,6.6242,3.3816,-51.63361,-12.39873,-6.52329,0.26964
14.26,0.00702,0.64098,0.06049,0.07081,0.02762,-0.00023,-0.3353,0.0147,-0.00232,0.06793,-0.12343,-0.00934,-0.02898,0.172,-0.41937,-0.1782,0.11149,0.00112,0.00627,-0.00024,-1.67262,-1.2138,0.72192,-41.03453,0.51871,-1.9171,2.5218,-10.61852,6.9808,3.48011,-62.75291,-10.98297,-5.68119,0.45095
14.28,0.12951,0.60109,0.05495,0.03686,0.0239,-0.00036,-0.29896,-0.05954,-0.00689,0.06825,-0.1508,-0.00973,-0.02635,0.30671,-0.38251,-0.18383,0.06248,0.00087,0.00646,5e-05,-5.06121,-1.60209,0.69548,-38.41006,0.88385,-1.76128,2.82036,-8.44966,7.62847,3.44595,-74.60754,-9.06293,-4.36264,0.6584
14.3,0.2769,0.57136,0.04856,0.00032,0.02125,-0.00052,-0.25643,-0.1229,-0.01102,0.06767,-0.18565,-0.00987,-0.02324,0.42793,-0.3542,-0.18914,0.02671,0.00047,0.00633,0.00051,-9.32735,-1.97442,0.70744,-28.35981,1.29062,-1.52661,2.64136,-5.5425,8.58344,3.28201,-87.88761,-6.69844,-2.55905,0.9189
14.32,0.45939,0.55759,0.04224,-0.04095,0.01955,-0.00068,-0.20805,-0.17453,-0.0142,0.06614,-0.22418,-0.00982,-0.02001,0.536,-0.33865,-0.19453,0.00355,-7e-05,0.00574,0.00107,-12.85977,-2.18403,0.72471,-11.82232,1.70596,-1.18853,1.90715,-1.64529,9.8071,2.96261,-103.23515,-4.021,-0.31116,1.26886
14.34,0.6886,0.5578,0.03398,-0.08765,0.01816,-0.0008,-0.15467,-0.21362,-0.01612,0.06467,-0.26277,-0.0095,-0.01684,0.63301,-0.33804,-0.19933,-0.00838,-0.00069,0.00461,0.00165,-14.68697,-2.3517,0.75407,4.08569,2.11063,-0.80554,1.15779,3.58909,11.21339,2.44107,-120.23157,-1.22095,2.29303,1.68747
14.36,0.97806,0.56324,0.02171,-0.13857,0.01644,-0.00084,-0.0981,-0.23952,-0.01667,0.06383,-0.2982,-0.00886,-0.01387,0.71834,-0.35285,-0.20308,-0.01073,-0.00134,0.00293,0.00219,-14.56425,-2.58574,0.79691,17.03686,2.49717,-0.41875,0.6186,10.42968,12.66484,1.69387,-138.07141,1.50106,5.10373,2.14006
14.38,1.34471,0.55798,0.00421,-0.18905,0.01399,-0.00077,-0.04162,-0.25109,-0.01587,0.0635,-0.32734,-0.00792,-0.01126,0.78378,-0.38196,-0.2059,-0.00534,-0.00197,0.00087,0.00262,-12.07199,-2.80497,0.81695,26.70747,2.82003,-0.04189,0.232,18.99588,13.98526,0.73364,-155.90031,3.99819,7.94902,2.64262
14.4,1.71457,0.52155,-0.01384,-0.23094,0.01066,-0.00057,0.00989,-0.24679,-0.01428,0.06187,-0.34691,-0.00679,-0.00914,0.82776,-0.41991,-0.2055,0.00577,-0.00249,-0.00132,0.0029,-7.13994,-2.86563,0.75218,32.50364,3.0149,0.28821,-0.01046,29.31786,14.81104,-0.40915,-174.65636,6.16264,10.36091,3.06915
14.42,1.94607,0.4295,-0.02484,-0.25482,0.00627,-0.00028,0.05491,-0.22521,-0.01264,0.05704,-0.3539,-0.00556,-0.00753,0.8527,-0.45847,-0.19915,0.02067,-0.00274,-0.00323,0.00302,-0.42225,-2.58644,0.54067,33.87319,2.99278,0.50187,-0.14238,41.41776,14.81296,-1.63096,-195.30715,7.86068,11.63596,3.23127
14.44,2.05989,0.26884,-0.03227,-0.25348,0.00073,-2e-05,0.09346,-0.18661,-0.01128,0.0497,-0.34676,-0.00425,-0.00623,0.84243,-0.49309,-0.1885,0.03726,-0.00278,-0.00456,0.00294,6.92741,-2.0245,0.2638,31.74528,2.66019,0.56395,-0.20745,54.63903,14.07309,-2.77422,-214.35103,9.11972,11.74095,3.17783
14.46,2.09183,0.05398,-0.0391,-0.22457,-0.00541,-1e-05,0.12532,-0.13256,-0.01051,0.03977,-0.32551,-0.00286,-0.00495,0.78822,-0.51996,-0.17509,0.053,-0.00272,-0.0052,0.00272,14.37277,-1.35428,0.04783,27.86844,1.94991,0.50054,-0.23708,67.81598,12.77874,-3.71854,-228.00493,10.04945,10.95084,2.91916
14.48,1.97626,-0.18003,-0.04147,-0.17179,-0.01138,-0.00054,0.15427,-0.06606,-0.01065,0.02569,-0.29164,-0.00143,-0.00329,0.70261,-0.53252,-0.15862,0.06526,-0.00256,-0.00514,0.00241,21.53933,-0.62673,0.0026,22.47337,0.83111,0.34115,-0.26387,79.84258,11.143,-4.37525,-234.15268,10.60043,9.38242,2.31065
14.5,1.76875,-0.34829,-0.04079,-0.10385,-0.01555,-0.0017,0.18249,0.00736,-0.01167,0.00683,-0.24873,1e-05,-0.00071,0.59198,-0.52758,-0.14178,0.07138,-0.00244,-0.00454,0.00211,28.10019,-0.05015,0.18648,16.56281,-0.63275,0.18454,-0.28842,88.23845,9.06797,-4.50861,-231.54729,10.38984,7.35588,1.56596
14.52,1.52383,-0.37028,-0.03629,-0.03328,-0.01678,-0.0031,0.20968,0.08361,-0.01324,-0.0179,-0.2008,0.00149,0.00325,0.46829,-0.50293,-0.12722,0.06954,-0.00256,-0.00365,0.00189,33.71941,0.18034,0.37964,11.2832,-2.3071,0.11307,-0.29238,90.76076,6.85868,-3.82078,-220.11616,8.91358,5.13593,0.74396
14.54,1.19039,-0.24063,-0.02362,0.02783,-0.0157,-0.00457,0.23977,0.15909,-0.01475,-0.04952,-0.15022,0.00301,0.00888,0.35415,-0.45334,-0.11432,0.05908,-0.0028,-0.00262,0.00182,38.07654,0.16731,0.46356,6.56201,-4.04393,0.08133,-0.31238,87.27765,5.44418,-2.69477,-197.00648,6.70678,3.12188,-0.31216
14.56,0.77014,0.03724,-0.00205,0.07297,-0.01266,-0.00601,0.27562,0.22861,-0.01544,-0.08741,-0.09773,0.00451,0.01629,0.26025,-0.37702,-0.10253,0.04128,-0.00306,-0.0016,0.0019,40.93404,0.00273,0.4809,2.52432,-5.69117,0.05568,-0.37435,78.87135,4.79688,-1.72869,-163.37619,4.45278,1.59972,-1.33051
14.58,0.31726,0.44127,0.02631,0.10014,-0.00722,-0.00707,0.31369,0.28744,-0.01481,-0.13148,-0.04256,0.00591,0.02512,0.18651,-0.27746,-0.09172,0.01944,-0.00339,-0.00069,0.0021,41.81829,-0.24783,0.3695,-0.32992,-7.12789,0.05657,-0.43637,67.60171,4.60278,-1.16349,-125.72922,2.32252,0.58865,-2.01868
14.6,-0.1137,0.91034,0.0594,0.11216,0.00087,-0.00765,0.35162,0.3342,-0.01235,-0.17565,0.01726,0.00723,0.03506,0.12998,-0.16223,-0.08042,-0.00205,-0.00353,9e-05,0.00232,40.92122,-0.47638,0.23658,-1.36088,-8.3033,0.04866,-0.50132,54.46219,4.46752,-1.27996,-86.83458,1.0637,0.11521,-2.2396
14.62,-0.50911,1.37788,0.09724,0.11448,0.01203,-0.00782,0.38774,0.37128,-0.00777,-0.20761,0.08365,0.00865,0.04603,0.08656,-0.04043,-0.06683,-0.01793,-0.00315,0.00075,0.00248,38.7906,-0.64605,0.17264,-0.63755,-9.21882,-0.04189,-0.63342,41.64793,4.05741,-1.96457,-51.73056,0.47893,-0.09903,-2.02471
14.64,-0.85568,1.76482,0.13366,0.11013,0.02626,-0.00757,0.4158,0.39508,-0.00263,-0.22772,0.15731,0.01,0.05699,0.05258,0.07915,-0.04996,-0.02496,-0.00251,0.00134,0.0025,35.097,-0.69884,0.10847,1.10396,-9.83051,-0.16822,-0.75942,32.38941,3.54919,-2.86144,-24.79147,-0.03098,-0.26109,-1.57879
14.66,-1.12154,2.01469,0.15938,0.10182,0.04268,-0.00696,0.43186,0.40277,0.00106,-0.24042,0.23666,0.01106,0.06656,0.02424,0.18741,-0.02977,-0.02329,-0.00183,0.00186,0.00236,29.72396,-0.59215,0.04891,3.43255,-10.11448,-0.25835,-0.79568,27.38767,3.09772,-3.82504,-2.88387,-0.44894,-0.42275,-1.23396
14.68,-1.30732,2.1255,0.16983,0.09319,0.05978,-0.0062,0.4366,0.39984,0.00239,-0.24331,0.31656,0.01194,0.07371,-0.00174,0.27581,-0.00732,-0.0149,-0.00101,0.00235,0.00211,23.34044,-0.35649,0.01388,5.93993,-10.10609,-0.32523,-0.75911,25.35388,2.70346,-4.78547,20.25189,-0.76311,-0.68132,-1.10959
14.7,-1.41948,2.10324,0.1619,0.08714,0.07424,-0.00534,0.43057,0.38566,0.00121,-0.23638,0.38935,0.01254,0.07784,-0.02743,0.3368,0.01518,-0.00361,-0.00022,0.00281,0.0018,16.80505,-0.06628,-0.00876,8.09955,-9.87278,-0.32763,-0.64301,24.42207,2.35614,-5.69677,49.35157,-1.14652,-1.08724,-1.24405
14.72,-1.46678,1.97446,0.13684,0.08594,0.08191,-0.00446,0.41544,0.35986,-0.00177,-0.21971,0.44664,0.01271,0.07866,-0.05398,0.36524,0.03574,0.00692,0.00063,0.00321,0.00153,10.89902,0.19101,-0.03119,9.45769,-9.48447,-0.22824,-0.46558,22.56588,2.02486,-6.47777,84.0948,-1.90704,-1.59727,-1.45836
14.74,-1.46692,1.80061,0.09994,0.09091,0.08197,-0.00375,0.39374,0.33302,-0.00568,-0.19472,0.47973,0.0126,0.07456,-0.08184,0.35946,0.05274,0.01388,0.00153,0.00354,0.00138,5.69743,0.37234,-0.05709,10.07702,-8.9523,-0.08416,-0.28933,19.25909,1.67304,-6.95728,120.92393,-2.98983,-2.11447,-1.38167
14.76,-1.43493,1.62311,0.05836,0.10215,0.07536,-0.00331,0.36733,0.3108,-0.00933,-0.16371,0.48345,0.01226,0.06466,-0.11095,0.32255,0.06528,0.01534,0.00207,0.0038,0.00142,1.07295,0.45727,-0.08438,10.2347,-8.30544,0.07061,-0.13677,15.01699,1.30598,-7.01502,156.14948,-3.98562,-2.49082,-0.9517
14.78,-1.38341,1.45789,0.02074,0.11858,0.06301,-0.00307,0.33829,0.2904,-0.01131,-0.12741,0.45845,0.01156,0.04995,-0.14035,0.26235,0.07368,0.01104,0.00214,0.00393,0.00166,-2.91734,0.43176,-0.10629,10.06783,-7.60659,0.24877,-0.0055,10.12272,0.94293,-6.55543,183.31694,-4.64862,-2.56715,-0.28711
14.8,-1.31816,1.30567,-0.00911,0.13757,0.04762,-0.00304,0.30543,0.27177,-0.01128,-0.09388,0.40819,0.01042,0.0308,-0.16796,0.18927,0.07837,0.00201,0.00168,0.00389,0.00213,-6.49227,0.31338,-0.11956,9.82375,-6.90121,0.43076,0.09875,5.45875,0.60072,-5.48523,196.94001,-4.70336,-2.22207,0.40824
14.82,-1.2409,1.16332,-0.03027,0.15566,0.03198,-0.00317,0.26888,0.25395,-0.00935,-0.0681,0.33877,0.0088,0.00928,-0.19121,0.11453,0.07992,-0.00967,0.00082,0.00364,0.00281,-9.91053,0.14348,-0.12683,9.66461,-6.23528,0.5859,0.17591,1.77385,0.3082,-3.904,193.48085,-4.05517,-1.4567,0.93035
14.84,-1.1567,1.03821,-0.04097,0.17008,0.01781,-0.00338,0.23417,0.23046,-0.00585,-0.04572,0.25791,0.00664,-0.01136,-0.20778,0.04726,0.0797,-0.02175,-2e-05,0.00313,0.00371,-13.27363,-0.03283,-0.12809,9.55263,-5.64265,0.70901,0.23025,-0.59915,0.09546,-2.21808,173.88751,-2.858,-0.41757,1.14882
14.86,-1.0687,0.93259,-0.0427,0.17893,0.00648,-0.0036,0.2044,0.19764,-0.00176,-0.02581,0.17184,0.00403,-0.02992,-0.21617,-0.00777,0.07893,-0.03245,-0.00071,0.00235,0.00477,-16.67304,-0.17813,-0.12309,9.43154,-5.13245,0.78916,0.25886,-1.51549,-0.02801,-0.79658,142.86292,-1.30689,0.72793,1.0277
14.88,-0.97506,0.8398,-0.03926,0.18078,-0.0012,-0.0038,0.17943,0.15649,0.00198,-0.0103,0.08566,0.00116,-0.04579,-0.21615,-0.04979,0.07846,-0.04037,-0.00123,0.00137,0.00595,-20.18017,-0.27066,-0.11479,9.24945,-4.70193,0.80886,0.25863,-1.0667,-0.06946,0.16276,103.82868,0.39902,1.81393,0.61052
14.9,-0.87445,0.75091,-0.03338,0.17522,-0.00509,-0.0039,0.15931,0.10795,0.00489,0.00053,0.00426,-0.00175,-0.05812,-0.20921,-0.08095,0.07922,-0.04451,-0.00157,0.00029,0.00715,-23.87023,-0.29928,-0.10275,8.97622,-4.31335,0.77093,0.23211,0.55296,-0.04888,0.55867,62.97793,2.06181,2.68559,0.07127
14.92,-0.76673,0.66011,-0.02673,0.16238,-0.00545,-0.00382,0.14375,0.0551,0.00676,0.00737,-0.0678,-0.00428,-0.06593,-0.19766,-0.10537,0.08216,-0.0444,-0.0018,-0.00077,0.0083,-27.76026,-0.26438,-0.08535,8.54154,-3.91795,0.68596,0.18575,2.81998,-0.0085,0.38463,25.28895,3.4673,3.23466,-0.39566
14.94,-0.64861,0.57109,-0.02007,0.14202,-0.00293,-0.00357,0.13202,0.00241,0.00777,0.01124,-0.12777,-0.00619,-0.06934,-0.18316,-0.12778,0.08798,-0.04022,-0.00195,-0.00171,0.00924,-31.72921,-0.18493,-0.06581,7.75773,-3.49356,0.56226,0.12997,5.36515,-0.00122,-0.09223,-6.85453,4.52158,3.41661,-0.7067
14.96,-0.51626,0.49021,-0.01332,0.11405,0.00166,-0.00314,0.12278,-0.04795,0.00826,0.01291,-0.17555,-0.00752,-0.06907,-0.16614,-0.1523,0.09702,-0.03302,-0.00207,-0.00248,0.00991,-35.58089,-0.08853,-0.04792,6.39348,-3.01008,0.41265,0.07511,8.13565,-0.04846,-0.57535,-32.41772,5.25252,3.25902,-0.80499
14.98,-0.36562,0.4244,-0.00592,0.07878,0.00748,-0.00256,0.11399,-0.0951,0.0086,0.01347,-0.21301,-0.00832,-0.06535,-0.14562,-0.18177,0.10893,-0.02492,-0.00219,-0.00309,0.01029,-39.04902,-0.00047,-0.03361,4.19523,-2.42544,0.25213,0.02898,11.30342,-0.12668,-0.92789,-52.39761,5.71886,2.83083,-0.64383
15,-0.18658,0.38406,0.00292,0.03683,0.01359,-0.00185,0.10357,-0.13793,0.00915,0.01362,-0.24354,-0.00868,-0.05963,-0.11918,-0.21734,0.12278,-0.01916,-0.00229,-0.00359,0.01042,-41.93721,0.05395,-0.02051,0.87738,-1.70165,0.09654,-0.00306,14.57011,-0.14662,-1.01748,-60.18537,5.92877,2.30557,-0.20815
15.02,0.02526,0.37512,0.01402,-0.0107,0.01902,-0.00109,0.08929,-0.17498,0.01015,0.01372,-0.27122,-0.00871,-0.05339,-0.08379,-0.25818,0.13707,-0.01932,-0.00239,-0.00405,0.01035,-43.9457,-0.01624,-0.00591,-3.94141,-0.83218,-0.04722,-0.02268,17.37191,-0.00666,-0.87631,-54.05475,5.91259,1.83512,0.35942
15.04,0.2715,0.39212,0.02809,-0.06229,0.0231,-0.00038,0.0688,-0.20712,0.01179,0.01463,-0.29957,-0.00851,-0.04672,-0.03717,-0.30115,0.14935,-0.02799,-0.00247,-0.00452,0.01017,-44.47475,-0.29212,0.01138,-10.6865,0.15805,-0.18112,-0.03642,20.3475,0.35974,-0.6676,-44.14096,5.79892,1.42168,0.90505
15.06,0.55879,0.4147,0.04591,-0.11607,0.02544,0.00018,0.04059,-0.23693,0.01413,0.01711,-0.3311,-0.00817,-0.0398,0.0212,-0.34054,0.15696,-0.04573,-0.00251,-0.00502,0.0099,-42.92469,-0.77337,0.03695,-19.6887,1.24182,-0.30741,-0.05147,24.32533,1.03063,-0.48242,-35.25134,5.66805,1.07192,1.38467
15.08,0.89238,0.40511,0.06842,-0.16916,0.02552,0.00047,0.00452,-0.26657,0.01693,0.02146,-0.36701,-0.00778,-0.03316,0.0892,-0.3678,0.1578,-0.07054,-0.00251,-0.00551,0.00945,-38.82335,-1.44362,0.07942,-31.04379,2.40234,-0.43049,-0.07321,29.41394,2.10773,-0.34987,-26.71866,5.4997,0.80455,1.7827
15.1,1.24345,0.33257,0.09564,-0.21697,0.02324,0.00042,-0.03824,-0.29902,0.01999,0.02815,-0.40668,-0.00738,-0.02697,0.16251,-0.37121,0.14851,-0.09785,-0.00241,-0.00584,0.00868,-32.05623,-2.42526,0.16423,-45.09453,3.54121,-0.55773,-0.11933,34.92696,3.51361,-0.27535,-17.78517,5.19517,0.59682,2.01751
15.12,1.54703,0.18361,0.12649,-0.25377,0.01867,6e-05,-0.08592,-0.33775,0.0232,0.03733,-0.44795,-0.00702,-0.02119,0.23644,-0.33892,0.12671,-0.12171,-0.00212,-0.00586,0.00747,-22.51159,-3.98761,0.34706,-62.52472,4.43755,-0.69408,-0.21794,39.54794,4.81771,-0.25695,-9.17139,4.64182,0.40742,1.99102
15.14,1.78485,-0.07524,0.16097,-0.27511,0.01043,-0.00061,-0.13574,-0.38389,0.026,0.04826,-0.48784,-0.00672,-0.01567,0.30443,-0.26397,0.09416,-0.13643,-0.00172,-0.00544,0.00562,-9.82871,-6.04244,0.66696,-82.84112,5.01181,-0.82419,-0.3609,43.48741,5.92382,-0.29342,-2.67558,3.81612,0.19186,1.81292
15.16,1.95124,-0.4727,0.19813,-0.27845,-0.00316,-0.00156,-0.18361,-0.43693,0.02776,0.0597,-0.52245,-0.0065,-0.01015,0.35914,-0.14551,0.05368,-0.1379,-0.00122,-0.00454,0.00306,5.84971,-8.34469,1.12404,-104.72541,5.3028,-0.92696,-0.51748,47.49018,7.02731,-0.37601,1.57934,2.70292,-0.08171,1.59859
15.18,2.00855,-1.00025,0.23356,-0.26318,-0.02276,-0.00268,-0.22591,-0.49579,0.02821,0.0696,-0.54658,-0.00632,-0.00435,0.39452,0.01018,0.00898,-0.12416,-0.00054,-0.00313,-0.00013,23.80948,-10.85214,1.68292,-126.71845,5.34459,-0.99026,-0.66232,51.02708,7.97483,-0.48233,4.06435,1.28371,-0.42466,1.34553
15.2,1.95182,-1.60477,0.26513,-0.23073,-0.04846,-0.00382,-0.25656,-0.54893,0.02635,0.07702,-0.5533,-0.00608,0.00196,0.40582,0.18953,-0.03443,-0.09453,0.00032,-0.00129,-0.00376,42.74489,-13.46315,2.44196,-148.25724,4.73257,-0.98306,-0.78331,53.82846,8.44191,-0.59091,5.11437,-0.3709,-0.82315,1.09188
15.22,1.78577,-2.19414,0.29273,-0.18463,-0.07881,-0.00481,-0.26854,-0.57944,0.02141,0.08118,-0.53549,-0.00565,0.00902,0.39118,0.37537,-0.07144,-0.05073,0.00153,0.00089,-0.00747,60.83448,-15.63977,3.63671,-168.83627,2.9377,-0.8824,-0.87756,55.66602,7.9335,-0.68157,5.09407,-2.14806,-1.23977,0.87157
15.24,1.50367,-2.71222,0.31065,-0.12992,-0.1106,-0.00545,-0.2616,-0.58412,0.01386,0.07831,-0.48954,-0.00501,0.01696,0.35004,0.55063,-0.09842,0.00263,0.00316,0.00326,-0.01092,76.14941,-16.61678,4.97362,-184.14365,0.67738,-0.71807,-0.87451,56.26283,6.3471,-0.73855,4.35227,-3.92902,-1.63778,0.68191
15.26,1.11573,-3.11039,0.31326,-0.07179,-0.14,-0.00566,-0.23785,-0.56123,0.00432,0.06624,-0.41519,-0.0041,0.02583,0.28693,0.69998,-0.11401,0.0604,0.00502,0.00563,-0.01391,87.06911,-16.17819,5.95855,-190.37396,-1.22863,-0.52735,-0.71721,55.6444,3.85169,-0.75779,3.24939,-5.60633,-1.99171,0.52303
15.28,0.65295,-3.31418,0.2993,-0.01587,-0.16241,-0.00544,-0.19798,-0.50452,-0.00634,0.04592,-0.31557,-0.00277,0.03531,0.21237,0.8091,-0.11864,0.11652,0.00691,0.00779,-0.01626,92.51944,-14.11661,6.46431,-186.64238,-2.66114,-0.33251,-0.42077,53.54821,0.31556,-0.73546,2.06521,-7.10801,-2.28077,0.39334
15.3,0.16695,-3.28612,0.26946,0.03141,-0.17261,-0.00496,-0.14428,-0.41832,-0.01662,0.01809,-0.19907,-0.00098,0.04519,0.13561,0.86911,-0.11622,0.16535,0.00871,0.00948,-0.01766,90.7098,-11.0734,6.29331,-171.73645,-3.18006,-0.16239,-0.0235,50.41912,-3.8959,-0.68866,1.0933,-8.39794,-2.4968,0.29264
15.32,-0.30257,-3.01523,0.22492,0.06408,-0.16617,-0.00452,-0.07988,-0.30919,-0.02452,-0.01359,-0.07532,0.00136,0.05533,0.06769,0.87637,-0.11144,0.20401,0.01043,0.01055,-0.01772,81.22738,-7.92964,5.47132,-146.69118,-2.78079,-0.03672,0.37393,47.03561,-8.13916,-0.64606,0.47721,-9.46612,-2.64547,0.21594
15.34,-0.72387,-2.4991,0.16391,0.07844,-0.14027,-0.00438,-0.00857,-0.17998,-0.02919,-0.04489,0.04794,0.00433,0.06473,0.01845,0.82343,-0.10459,0.22875,0.01159,0.01082,-0.01664,66.67654,-4.77372,4.25459,-115.03938,-1.94012,0.04302,0.69392,43.01049,-12.15661,-0.59972,0.17201,-10.29102,-2.73556,0.14866
15.36,-1.06529,-1.77857,0.08731,0.07445,-0.09525,-0.00473,0.06553,-0.03668,-0.03053,-0.07446,0.16429,0.00779,0.07237,-0.01094,0.71063,-0.09611,0.23809,0.01176,0.01026,-0.01473,50.10883,-2.01847,2.91345,-81.72536,-0.99772,0.0855,0.91841,37.99231,-15.55553,-0.53178,0.09531,-10.8492,-2.78353,0.08535
15.38,-1.31441,-0.93123,-0.00086,0.05586,-0.03473,-0.00558,0.13662,0.11206,-0.02806,-0.10187,0.26903,0.01143,0.07773,-0.02408,0.55066,-0.08837,0.23523,0.01108,0.0091,-0.01211,34.18509,-0.19637,1.69049,-51.90047,-0.16605,0.10107,1.07463,32.3442,-17.77684,-0.45373,0.11014,-11.14862,-2.81694,0.028
15.4,-1.48568,-0.04902,-0.09592,0.03005,0.03503,-0.00662,0.1992,0.258,-0.02331,-0.12408,0.35881,0.01496,0.08068,-0.02689,0.35675,-0.08161,0.22379,0.00951,0.00757,-0.00922,20.42726,0.42199,0.69189,-28.17064,0.42046,0.11183,1.19434,26.58641,-18.4594,-0.34703,0.04813,-11.22551,-2.85276,-0.02286
15.42,-1.60899,0.75386,-0.18583,0.0048,0.10177,-0.00735,0.25069,0.39624,-0.01785,-0.13591,0.43144,0.01817,0.08131,-0.02605,0.14729,-0.07587,0.20829,0.00722,0.006,-0.0064,10.01846,0.09289,0.08559,-12.23182,0.69777,0.13757,1.32459,21.22876,-17.59048,-0.17004,-0.23536,-11.13261,-2.89965,-0.06284
15.44,-1.6876,1.39823,-0.26462,-0.01419,0.15597,-0.00763,0.28426,0.52021,-0.01165,-0.13946,0.48566,0.02047,0.0791,-0.02654,-0.0581,-0.07305,0.19385,0.00474,0.00475,-0.00355,3.69024,-0.57872,-0.12703,-3.89125,0.83595,0.17365,1.53212,16.29338,-15.52462,0.04844,-0.81236,-10.92417,-2.9815,-0.09058
15.46,-1.71929,1.86544,-0.33448,-0.02362,0.19534,-0.00754,0.29458,0.62248,-0.00567,-0.13826,0.52173,0.02137,0.07385,-0.03123,-0.24853,-0.07422,0.18352,0.00245,0.004,-0.00072,0.90188,-1.29662,-0.10614,-0.48566,0.97824,0.21823,1.83855,11.71871,-12.72824,0.26453,-1.68746,-10.65556,-3.11906,-0.11028
15.48,-1.71555,2.16149,-0.39384,-0.02365,0.21844,-0.0071,0.2844,0.69882,-0.00105,-0.13118,0.54195,0.02093,0.06634,-0.0406,-0.41665,-0.07912,0.17837,0.00052,0.00374,0.00192,0.58552,-1.92963,0.00508,1.16565,1.1589,0.27705,2.19885,7.64561,-9.61578,0.47215,-2.81483,-10.3817,-3.31775,-0.12586
15.5,-1.68291,2.31167,-0.4406,-0.0173,0.22508,-0.00643,0.25519,0.75033,0.00194,-0.12045,0.54921,0.01929,0.0568,-0.05222,-0.55524,-0.08779,0.17851,-0.00098,0.00392,0.00424,1.73117,-2.32006,0.08768,3.79555,1.30479,0.35207,2.51826,4.07067,-6.44801,0.66499,-4.12699,-10.1479,-3.58731,-0.13467
15.52,-1.62491,2.3521,-0.47036,-0.00901,0.21634,-0.00567,0.21058,0.78196,0.00354,-0.10813,0.54644,0.01672,0.04576,-0.06159,-0.65767,-0.10023,0.1833,-0.00181,0.00441,0.0061,3.24192,-2.24219,0.05414,8.97529,1.27052,0.43682,2.65746,0.93621,-3.55814,0.83843,-5.55369,-9.98764,-3.93192,-0.12858
15.54,-1.54056,2.31375,-0.48041,-0.00267,0.1967,-0.00497,0.15915,0.78931,0.00423,-0.09264,0.53651,0.0136,0.03474,-0.06477,-0.72018,-0.11564,0.19179,-0.00199,0.00504,0.00741,4.26842,-1.79213,-0.08916,16.82506,1.01599,0.4947,2.49112,-1.837,-1.27606,0.9856,-7.01081,-9.91827,-4.33272,-0.10969
15.56,-1.4315,2.22152,-0.47072,-5e-05,0.17153,-0.00439,0.10534,0.77021,0.0045,-0.07333,0.52077,0.01024,0.02439,-0.05955,-0.74332,-0.13299,0.20275,-0.00186,0.00568,0.00811,4.54748,-1.23351,-0.27249,26.7062,0.61601,0.47908,1.99522,-4.34617,0.34405,1.10343,-8.42843,-9.93738,-4.76008,-0.08359
15.58,-1.30613,2.09838,-0.44069,-0.00065,0.14378,-0.00392,0.04942,0.73403,0.00478,-0.05103,0.49863,0.00684,0.01455,-0.04604,-0.73173,-0.15109,0.21459,-0.00153,0.00623,0.0083,4.01372,-0.63561,-0.41952,37.11979,0.15965,0.36594,1.23359,-6.63057,1.38795,1.19372,-9.76061,-10.02573,-5.17954,-0.05049
15.6,-1.16731,1.94907,-0.39654,-0.00223,0.11751,-0.00354,-0.00917,0.68184,0.00531,-0.02824,0.46851,0.00344,0.00499,-0.02737,-0.69574,-0.16847,0.22557,-0.0012,0.00665,0.00812,2.80987,0.00024,-0.4949,45.81727,-0.24011,0.15741,0.34564,-8.88733,1.95451,1.25521,-11.04355,-10.15487,-5.55082,0.00342
15.62,-1.01898,1.77339,-0.34606,-0.00182,0.09596,-0.00326,-0.07184,0.61556,0.00628,-0.00556,0.4282,0.0002,-0.00459,-0.00841,-0.64802,-0.1836,0.23383,-0.00106,0.00687,0.00777,1.25703,0.74286,-0.51469,49.75092,-0.47333,-0.11613,-0.45857,-11.29193,2.14236,1.28564,-12.33487,-10.29048,-5.83032,0.09709
15.64,-0.8711,1.58577,-0.29075,0.00312,0.07846,-0.003,-0.14059,0.55001,0.00808,0.01794,0.3752,-0.00275,-0.01448,0.00597,-0.59845,-0.19479,0.23776,-0.00098,0.00691,0.00751,-0.12343,1.3431,-0.43532,47.12341,-0.46518,-0.41544,-1.01432,-13.72374,2.08452,1.28625,-13.59265,-10.39642,-5.96959,0.22137
15.66,-0.73,1.39656,-0.23297,0.01397,0.06413,-0.00273,-0.21771,0.49303,0.01115,0.041,0.30811,-0.00545,-0.02485,0.01193,-0.55378,-0.20071,0.23619,-0.00085,0.00675,0.00752,-0.87894,1.56132,-0.23766,37.89206,-0.23792,-0.69967,-1.27717,-16.09004,1.90468,1.26192,-14.79401,-10.44187,-5.92549,0.36272
15.68,-0.5981,1.2079,-0.17705,0.03084,0.05317,-0.00245,-0.3051,0.44276,0.01593,0.06179,0.22737,-0.008,-0.0358,0.00745,-0.51731,-0.20086,0.22844,-0.00071,0.00642,0.00785,-0.85814,1.40618,0.03561,22.06085,0.11957,-0.93367,-1.27137,-18.43842,1.68335,1.21834,-15.9866,-10.39349,-5.66425,0.52153
15.7,-0.47159,1.00939,-0.12517,0.0525,0.04428,-0.00214,-0.4013,0.39768,0.02278,0.08026,0.13496,-0.01036,-0.04679,-0.00766,-0.4886,-0.19481,0.21395,-0.0005,0.00593,0.00849,-0.18136,0.99264,0.29562,1.84524,0.50772,-1.09857,-1.03582,-20.90917,1.46573,1.15739,-17.31908,-10.22559,-5.14818,0.71375
15.72,-0.34805,0.79516,-0.07898,0.07652,0.03614,-0.00178,-0.50129,0.35538,0.03188,0.09842,0.03455,-0.01244,-0.05676,-0.03199,-0.46495,-0.18236,0.19235,-0.00011,0.0053,0.00939,0.63662,0.54549,0.47433,-19.78857,0.84454,-1.19481,-0.59461,-23.61666,1.29004,1.07999,-18.95429,-9.90818,-4.34552,0.96117
15.74,-0.23172,0.58355,-0.03976,0.1005,0.02931,-0.00141,-0.60293,0.31222,0.04336,0.11499,-0.06982,-0.01424,-0.06553,-0.06307,-0.44303,-0.16373,0.16349,0.00034,0.00453,0.01046,0.8866,0.11858,0.56256,-39.08878,1.08771,-1.20719,-0.09697,-26.4598,1.21317,0.99678,-20.9296,-9.3697,-3.24302,1.24635
15.76,-0.12089,0.3863,-0.00797,0.1222,0.02394,-0.00108,-0.70461,0.2659,0.05724,0.12753,-0.17492,-0.01585,-0.07334,-0.0975,-0.42001,-0.13935,0.12692,0.00074,0.00356,0.0116,-0.06127,-0.27087,0.55028,-52.96055,1.23684,-1.12369,0.31883,-29.28524,1.29155,0.91784,-23.32728,-8.54606,-1.83996,1.54958
15.78,-0.00628,0.20762,0.01606,0.13881,0.01928,-0.00079,-0.80105,0.21595,0.07298,0.13651,-0.27741,-0.01722,-0.07998,-0.13078,-0.39397,-0.10999,0.08208,0.0011,0.00233,0.01275,-2.59175,-0.57215,0.44389,-60.64902,1.33396,-0.96114,0.6481,-31.95218,1.58067,0.84676,-26.34626,-7.40519,-0.15366,1.87995
15.8,0.12367,0.06024,0.03426,0.14616,0.01563,-0.00057,-0.88349,0.16341,0.08945,0.14466,-0.3727,-0.01823,-0.08523,-0.15676,-0.36439,-0.07669,0.02896,0.00143,0.00076,0.01385,-6.50724,-0.76035,0.24548,-55.74694,1.41021,-0.72867,0.67873,-34.42112,2.12573,0.78414,-30.36518,-5.89917,1.76804,2.23205
15.82,0.27673,-0.04375,0.0486,0.13995,0.01312,-0.00044,-0.94077,0.11146,0.10493,0.15603,-0.45543,-0.01875,-0.08886,-0.16874,-0.33205,-0.04135,-0.03173,0.00172,-0.0012,0.01485,-10.66006,-0.8287,0.01726,-38.29034,1.50739,-0.4536,0.39885,-36.54562,2.94355,0.72783,-35.82442,-4.0097,3.84286,2.59568
15.84,0.46496,-0.0945,0.05834,0.11891,0.01089,-0.00035,-0.96904,0.06478,0.11766,0.16961,-0.52229,-0.01878,-0.09089,-0.16295,-0.29848,-0.00622,-0.09861,0.00199,-0.00354,0.01567,-14.22886,-0.88881,-0.1736,-17.84747,1.70026,-0.17744,0.11287,-37.77778,4.05411,0.67858,-42.99761,-1.76452,5.97572,2.96893
15.86,0.71106,-0.08633,0.06285,0.08399,0.00848,-0.00027,-0.96714,0.02834,0.126,0.18375,-0.57208,-0.01836,-0.09144,-0.13928,-0.2668,0.02729,-0.16933,0.00221,-0.00619,0.01621,-16.96883,-1.01629,-0.32566,1.96577,2.02298,0.0766,-0.10085,-37.51053,5.473,0.63154,-52.08703,0.8036,8.06862,3.34195
15.88,1.04599,-0.02316,0.06222,0.03803,0.00596,-0.00019,-0.93118,0.00762,0.12823,0.20083,-0.60439,-0.01746,-0.09032,-0.10146,-0.24227,0.05848,-0.24019,0.00237,-0.00897,0.01639,-18.47405,-1.24087,-0.44523,21.23433,2.43313,0.29598,-0.27005,-35.22587,7.17673,0.57245,-63.1868,3.64661,10.02127,3.70869
15.9,1.4402,0.07934,0.05768,-0.01302,0.00375,-0.0001,-0.8745,0.00861,0.12361,0.21688,-0.61987,-0.01592,-0.08777,-0.05789,-0.23108,0.0863,-0.30555,0.00246,-0.01154,0.01619,-18.05341,-1.5707,-0.53753,38.32651,2.83038,0.46689,-0.37134,-30.63091,8.9503,0.48323,-76.93642,6.63104,11.58139,3.99632
15.92,1.80392,0.19398,0.05038,-0.06112,0.00209,-4e-05,-0.81339,0.03632,0.11216,0.22633,-0.61974,-0.01358,-0.0841,-0.01822,-0.2395,0.109,-0.35893,0.0025,-0.01348,0.01557,-15.21943,-1.991,-0.61416,49.38688,3.07375,0.57219,-0.35381,-23.37913,10.38021,0.3476,-94.11506,9.48275,12.42244,4.07634
15.94,2.15292,0.28237,0.03977,-0.09862,0.00073,0,-0.74322,0.09234,0.09384,0.23065,-0.60565,-0.01069,-0.07897,0.0101,-0.27192,0.12654,-0.39636,0.00244,-0.01461,0.01453,-10.61797,-2.49235,-0.69084,54.06699,3.06032,0.61077,-0.26571,-12.85234,11.3659,0.16844,-114.01696,11.99266,12.54271,3.99759
15.96,2.52274,0.29975,0.02689,-0.11997,-0.00054,-6e-05,-0.66159,0.17385,0.06991,0.2299,-0.57963,-0.00743,-0.07211,0.023,-0.32857,0.13942,-0.41667,0.00227,-0.01492,0.01308,-4.75765,-3.06665,-0.77597,54.77735,2.74088,0.5951,-0.17711,1.1124,11.95776,-0.03281,-135.25433,14.04899,12.06548,3.79304
15.98,2.86343,0.20569,0.01465,-0.12169,-0.002,-0.00033,-0.57523,0.27188,0.04331,0.22068,-0.54411,-0.00385,-0.06353,0.02061,-0.40463,0.14692,-0.42014,0.00203,-0.01441,0.01133,2.30336,-3.68236,-0.87165,51.49559,2.08776,0.53231,-0.09061,18.09795,11.97364,-0.2238,-156.29616,15.51344,11.04864,3.33605
16,3.1092,-0.01068,0.00552,-0.10194,-0.00423,-0.00095,-0.4907,0.37541,0.01756,0.19659,-0.50242,-0.00035,-0.05338,0.00637,-0.48999,0.1477,-0.41021,0.00172,-0.01316,0.0094,10.2681,-4.22846,-0.9731,44.98494,1.13529,0.45141,-0.03844,37.09181,11.30566,-0.35765,-176.80827,15.98479,9.58173,2.82913
16.02,3.18929,-0.3079,0.00087,-0.06132,-0.00763,-0.00193,-0.41218,0.47584,-0.00369,0.1542,-0.45824,0.00314,-0.04175,-0.01476,-0.57116,0.14021,-0.39171,0.00135,-0.01129,0.00744,18.60826,-4.56622,-1.0688,36.31025,-0.04175,0.38228,-0.0268,56.50324,10.11031,-0.36033,-196.59565,14.98161,7.74367,2.35402
16.04,3.10123,-0.63155,5e-05,-0.00348,-0.01219,-0.00328,-0.33616,0.55983,-0.01728,0.09652,-0.41484,0.00672,-0.02884,-0.03815,-0.63747,0.12438,-0.36599,0.00101,-0.0089,0.00558,26.79231,-4.73048,-1.14156,26.50539,-1.36372,0.31993,-0.02383,74.41403,8.67638,-0.21798,-210.85154,12.8827,5.78622,1.51645
16.06,2.84549,-0.92887,0.00149,0.06602,-0.0174,-0.00498,-0.2593,0.61427,-0.02133,0.02571,-0.37552,0.00993,-0.01495,-0.06029,-0.68195,0.10113,-0.33373,0.00073,-0.00604,0.00385,34.45171,-4.78173,-1.17791,16.78838,-2.75548,0.25928,-0.01931,89.00864,7.19187,0.00472,-215.49276,10.29515,3.92012,0.23526
16.08,2.39865,-1.13645,0.00328,0.13907,-0.02197,-0.00692,-0.18095,0.63364,-0.01643,-0.05696,-0.34387,0.0125,-0.00079,-0.07879,-0.69957,0.07195,-0.29696,0.00049,-0.00267,0.00223,40.8289,-4.66999,-1.16982,7.79015,-4.12919,0.20525,-0.01557,98.97449,6.03574,0.27374,-210.09643,7.44586,2.23012,-1.31595
16.1,1.86862,-1.19686,0.00434,0.20511,-0.02368,-0.00894,-0.09647,0.61587,-0.00281,-0.14508,-0.32407,0.0145,0.01261,-0.09131,-0.68953,0.04034,-0.25537,0.00028,0.00123,0.00067,45.55218,-4.48351,-1.08352,1.54427,-5.42657,0.15223,-0.01428,101.52437,4.88657,0.51399,-192.60079,4.936,0.9145,-2.9223
16.12,1.3285,-1.09159,0.00474,0.25321,-0.01988,-0.01093,-0.00466,0.56289,0.02051,-0.22087,-0.31943,0.01632,0.0253,-0.09582,-0.65389,0.0095,-0.20899,9e-05,0.00575,-0.00088,48.70763,-4.32033,-0.89971,-1.01264,-6.64966,0.09359,-0.01449,95.13823,3.38441,0.67398,-163.86114,3.0477,-0.0382,-4.33215
16.14,0.75069,-0.85281,0.0022,0.27642,-0.00828,-0.01274,0.09112,0.47332,0.04521,-0.27747,-0.32974,0.01772,0.03673,-0.09255,-0.59571,-0.01845,-0.16097,-5e-05,0.0109,-0.0024,49.54132,-4.07752,-0.65395,-1.33759,-7.71601,0.03392,-0.0137,82.64315,2.18391,0.79506,-128.74524,1.63975,-0.69225,-5.25306
16.16,0.17347,-0.5233,-0.00748,0.27367,0.012,-0.01431,0.19063,0.34853,0.06203,-0.31913,-0.35079,0.01848,0.04564,-0.08313,-0.52068,-0.04134,-0.11358,-0.00014,0.01642,-0.00388,47.4085,-3.70147,-0.38303,-0.00521,-8.5271,-0.01801,-0.01117,67.59301,1.50039,0.89202,-92.7116,0.63936,-1.02905,-5.51694
16.18,-0.3387,-0.14672,-0.02907,0.24818,0.03997,-0.01569,0.28923,0.19614,0.06998,-0.34541,-0.37446,0.01905,0.05209,-0.07004,-0.43742,-0.05775,-0.0683,-0.00018,0.02185,-0.00521,42.43057,-3.23476,-0.10648,2.89796,-9.08819,-0.05314,-0.00617,53.00779,1.05419,0.95912,-60.74442,0.02232,-1.0763,-5.23126
16.2,-0.75684,0.22415,-0.0601,0.21103,0.07146,-0.01654,0.3898,0.02055,0.06749,-0.35664,-0.3875,0.01916,0.05614,-0.05724,-0.35717,-0.0672,-0.02781,-0.00019,0.02659,-0.00622,35.74199,-2.69813,0.14939,6.7428,-9.43672,-0.06204,0.00195,40.62647,0.76226,0.94754,-34.50926,-0.30285,-0.99758,-4.40329
16.22,-1.09544,0.52963,-0.09076,0.17323,0.09898,-0.01649,0.50727,-0.15886,0.05515,-0.35341,-0.37449,0.01853,0.05799,-0.04913,-0.29082,-0.06996,0.00562,-0.00014,0.03008,-0.00669,28.88871,-2.13102,0.34904,10.46793,-9.63202,-0.04133,0.01242,31.6165,0.49813,0.86623,-14.54154,-0.62098,-0.97879,-3.21463
16.24,-1.35138,0.73612,-0.12453,0.13778,0.1188,-0.01601,0.63117,-0.32285,0.03904,-0.34106,-0.32359,0.01789,0.05859,-0.04903,-0.24514,-0.06617,0.03059,-9e-05,0.0316,-0.00653,21.87231,-1.59362,0.47325,13.51865,-9.70616,0.00409,0.02132,26.94524,0.23378,0.82257,0.65206,-0.99602,-1.00595,-2.19579
16.26,-1.50789,0.84147,-0.1662,0.10743,0.13077,-0.01546,0.74427,-0.4686,0.02347,-0.32502,-0.22676,0.01767,0.05869,-0.05836,-0.22228,-0.05644,0.04633,-0.00011,0.03078,-0.00576,14.59268,-1.13366,0.5224,15.8263,-9.67179,0.06303,0.0229,26.02538,-0.01158,0.8569,15.61441,-1.41052,-1.08049,-1.61151
16.28,-1.57867,0.85745,-0.2092,0.08529,0.13452,-0.0148,0.84787,-0.59101,0.00989,-0.30572,-0.08017,0.0177,0.05858,-0.07628,-0.22001,-0.04232,0.05312,-0.00016,0.02792,-0.00443,7.73555,-0.78519,0.50009,17.15332,-9.55454,0.12126,0.00944,26.96476,-0.26443,0.92315,34.59237,-1.93474,-1.27582,-1.28309
16.3,-1.58184,0.79995,-0.24961,0.07194,0.13125,-0.01402,0.93807,-0.68712,-0.00124,-0.28506,0.11434,0.01803,0.05857,-0.09982,-0.23243,-0.02564,0.05195,-0.00022,0.0235,-0.00271,1.82587,-0.55175,0.40964,17.516,-9.3709,0.16183,-0.02432,27.7319,-0.56946,0.895,58.99778,-2.59956,-1.55584,-1.0917
16.32,-1.53707,0.69031,-0.28356,0.06666,0.12297,-0.01319,1.01086,-0.75535,-0.01015,-0.26432,0.35428,0.0187,0.05884,-0.12483,-0.25223,-0.00835,0.04414,-0.00022,0.0182,-0.00074,-2.89684,-0.43115,0.26747,17.11606,-9.12266,0.16931,-0.07597,26.34744,-0.96637,0.59149,85.63769,-3.36739,-1.78132,-0.8705
16.34,-1.45253,0.55828,-0.30605,0.06812,0.11156,-0.01235,1.06761,-0.79372,-0.01678,-0.2426,0.63713,0.01955,0.05932,-0.1482,-0.27302,0.008,0.03102,-8e-05,0.01293,0.00135,-6.80073,-0.4146,0.10881,16.25094,-8.78626,0.14488,-0.14028,22.40448,-1.43716,0.01535,109.77577,-3.92806,-1.85206,-0.42992
16.36,-1.33417,0.42482,-0.31415,0.07459,0.09843,-0.01154,1.10865,-0.80298,-0.02152,-0.21942,0.95914,0.02049,0.05988,-0.1685,-0.29044,0.0225,0.01407,0.00024,0.00825,0.00344,-10.30343,-0.47534,-0.04133,15.20045,-8.34124,0.10024,-0.20986,16.77326,-1.90167,-0.69605,128.27936,-3.93713,-1.70353,0.13836
16.38,-1.19919,0.30224,-0.30599,0.08418,0.08447,-0.01075,1.13592,-0.78433,-0.02534,-0.19434,1.31603,0.02155,0.06044,-0.18549,-0.30229,0.03486,-0.00482,0.00072,0.00441,0.00539,-13.53384,-0.58033,-0.16935,14.08421,-7.78193,0.04696,-0.27397,10.00746,-2.26239,-1.42445,137.12013,-3.33135,-1.29027,0.64288
16.4,-1.05289,0.1999,-0.28442,0.09454,0.07026,-0.01,1.14443,-0.74402,-0.0286,-0.16918,1.70289,0.02274,0.06084,-0.20038,-0.30758,0.04501,-0.02323,0.00135,0.00158,0.00708,-16.71267,-0.69526,-0.26279,12.99995,-7.09538,-0.00718,-0.31718,3.33864,-2.49318,-2.02344,135.03654,-2.1746,-0.61644,0.91854
16.42,-0.89934,0.12781,-0.25308,0.1032,0.05622,-0.00933,1.12971,-0.68914,-0.0314,-0.14569,2.1114,0.02402,0.0609,-0.21492,-0.30643,0.05301,-0.03827,0.00211,-0.00019,0.0084,-19.95941,-0.78567,-0.30553,11.89848,-6.28147,-0.05415,-0.32287,-2.15055,-2.62257,-2.38575,122.98641,-0.71827,0.19128,0.8942
16.44,-0.75008,0.09524,-0.21264,0.10815,0.0426,-0.00866,1.09868,-0.62194,-0.03398,-0.12222,2.52405,0.02537,0.06044,-0.22996,-0.30008,0.05944,-0.0477,0.00293,-0.00091,0.00923,-23.22559,-0.83272,-0.29711,10.54093,-5.37645,-0.07822,-0.29249,-6.02345,-2.57443,-2.38894,102.37502,0.73072,0.95118,0.62109
16.46,-0.61171,0.1057,-0.16523,0.10782,0.02959,-0.00794,1.05507,-0.54543,-0.03634,-0.09775,2.91291,0.02661,0.05939,-0.24484,-0.29033,0.06503,-0.05052,0.00371,-0.00072,0.00947,-26.4115,-0.82682,-0.24845,8.66093,-4.44061,-0.07523,-0.23823,-8.03201,-2.34295,-2.04947,75.78557,1.97347,1.57323,0.2031
16.48,-0.48516,0.15792,-0.11434,0.10085,0.0174,-0.00716,0.99684,-0.46473,-0.03825,-0.07308,3.23392,0.02728,0.05794,-0.25699,-0.27974,0.07017,-0.047,0.00435,0.00012,0.00923,-29.33336,-0.75364,-0.16559,6.01371,-3.54128,-0.05279,-0.16892,-8.14791,-2.03203,-1.5292,45.67121,2.93185,1.98574,-0.22672
16.5,-0.35523,0.24475,-0.0659,0.08588,0.00636,-0.00628,0.92123,-0.38791,-0.03944,-0.05066,3.46446,0.02732,0.05596,-0.2617,-0.27189,0.07547,-0.03936,0.00488,0.00123,0.00863,-32.01318,-0.59416,-0.06741,2.43908,-2.71537,-0.01654,-0.09988,-6.16031,-1.62186,-0.90781,17.12464,3.56184,2.2056,-0.50993
16.52,-0.21223,0.35014,-0.02473,0.0619,-0.00291,-0.00529,0.82754,-0.32157,-0.0398,-0.03264,3.59475,0.0268,0.05337,-0.25281,-0.27092,0.08155,-0.03094,0.0054,0.00221,0.00788,-34.42637,-0.33609,0.03343,-2.31917,-1.98445,0.01965,-0.04289,-2.60445,-1.15067,-0.37061,-6.46286,3.84274,2.29203,-0.5827
16.54,-0.05765,0.45812,0.0095,0.02854,-0.00974,-0.0042,0.72014,-0.2661,-0.03915,-0.01843,3.54626,0.02475,0.05071,-0.22452,-0.2802,0.08819,-0.02499,0.00576,0.00265,0.00725,-36.15054,0.02484,0.13053,-8.57393,-1.37895,0.04318,0.00132,1.68433,-0.77918,-0.08907,-24.39961,3.88059,2.2159,-0.44945
16.56,0.12353,0.55359,0.03682,-0.01445,-0.01378,-0.00308,0.60181,-0.22181,-0.03732,-0.00762,3.26947,0.02063,0.04812,-0.17254,-0.30096,0.09477,-0.0241,0.0058,0.00229,0.00692,-36.75763,0.49921,0.20666,-16.50663,-0.90021,0.05444,0.03247,6.50958,-0.54048,-0.00362,-36.78919,3.80748,1.98185,-0.12401
16.58,0.35837,0.6087,0.05595,-0.06683,-0.01485,-0.00197,0.4731,-0.19018,-0.03431,-0.00075,2.80665,0.01488,0.04497,-0.0951,-0.33134,0.10042,-0.02952,0.00566,0.00104,0.00689,-35.94166,1.11187,0.23639,-26.18579,-0.50804,0.0609,0.05106,12.12961,-0.378,-0.01175,-44.84202,3.69898,1.64551,0.37253
16.6,0.65792,0.59361,0.06594,-0.12715,-0.01297,-0.00098,0.3365,-0.17162,-0.0301,0.00161,2.17425,0.00767,0.04079,0.00567,-0.36531,0.10295,-0.0409,0.00529,-0.00098,0.00708,-33.65972,1.85246,0.23718,-37.87854,-0.11837,0.06198,0.06209,18.20551,-0.28629,-0.03769,-42.97481,3.52568,1.29796,0.95994
16.62,1.00118,0.47342,0.06771,-0.19244,-0.00852,-0.00022,0.19594,-0.16614,-0.02481,0.00078,1.44247,-5e-05,0.03511,0.12548,-0.3937,0.09978,-0.05633,0.00464,-0.00347,0.00738,-29.79268,2.59403,0.27809,-52.11026,0.31613,0.04796,0.07215,23.53626,-0.2534,-0.04236,-31.37039,3.2728,1.00741,1.42759
16.64,1.3872,0.20616,0.06486,-0.25891,-0.00259,0.00012,0.05559,-0.17306,-0.01874,-0.00017,0.75292,-0.00698,0.027,0.2571,-0.40696,0.08966,-0.0725,0.0039,-0.00609,0.00754,-23.79992,3.24392,0.31537,-68.69742,0.83794,0.03668,0.07515,28.62856,-0.20179,-0.04799,-19.82539,3.03042,0.76254,1.72081
16.66,1.82323,-0.24476,0.06105,-0.32169,0.00311,-0.00012,-0.08104,-0.19164,-0.01208,0.00088,0.17292,-0.01286,0.0162,0.38876,-0.39568,0.07218,-0.08493,0.00318,-0.00865,0.00733,-15.33882,3.78932,0.28853,-86.97259,1.55976,0.03564,0.06229,34.65419,0.00821,-0.07634,-11.54014,2.8286,0.56127,1.9043
16.68,2.28542,-0.91595,0.05944,-0.37386,0.00628,-0.00114,-0.21057,-0.22183,-0.0049,0.00534,-0.28037,-0.01769,0.00317,0.50384,-0.35113,0.0479,-0.08854,0.00241,-0.011,0.00657,-4.39911,4.0519,0.23224,-106.17413,2.61913,0.02329,0.02709,41.40399,0.51402,-0.1301,-5.31288,2.60085,0.40748,1.96529
16.7,2.66923,-1.72818,0.06301,-0.40588,0.00421,-0.00296,-0.32975,-0.26201,0.00281,0.0151,-0.60112,-0.02144,-0.01122,0.58965,-0.26617,0.01856,-0.07793,0.00161,-0.01306,0.00512,8.80419,3.81666,0.10145,-126.63267,3.90804,-0.00716,-0.0325,48.26195,1.20689,-0.2015,-0.8808,2.27188,0.27706,1.8838
16.72,2.83728,-2.5039,0.07391,-0.4079,-0.0052,-0.00532,-0.43764,-0.3091,0.01114,0.03205,-0.79729,-0.02406,-0.02534,0.64066,-0.13812,-0.01252,-0.04907,0.00081,-0.0148,0.00288,24.06394,2.98613,-0.00583,-149.14337,4.99999,-0.08854,-0.13164,54.15232,1.68547,-0.27211,1.84996,1.76205,0.13867,1.66092
16.74,2.80386,-3.2003,0.09274,-0.37404,-0.02349,-0.00807,-0.53306,-0.36155,0.02023,0.05385,-0.88325,-0.02582,-0.03793,0.64203,0.02924,-0.04193,-0.00156,-5e-05,-0.01624,-0.00017,40.77367,1.59572,0.14308,-170.89341,5.78127,-0.22059,-0.28274,58.80401,1.93247,-0.32555,3.0789,1.00733,-0.0351,1.37426
16.76,2.59398,-3.79443,0.1172,-0.30439,-0.05164,-0.01104,-0.61518,-0.41796,0.03017,0.07611,-0.87914,-0.02712,-0.04854,0.58892,0.22717,-0.06796,0.06047,-0.00081,-0.01736,-0.0039,57.72137,-0.22152,0.60841,-188.40357,6.27486,-0.3488,-0.44894,62.56712,2.09782,-0.35642,3.20496,-0.03387,-0.26432,1.08427
16.78,2.17241,-4.18113,0.1417,-0.20561,-0.08861,-0.01384,-0.68755,-0.47482,0.04132,0.09573,-0.80854,-0.02809,-0.05679,0.49808,0.43979,-0.08887,0.12873,-0.00134,-0.0181,-0.00809,73.61368,-2.02773,1.33824,-199.74989,6.31072,-0.43542,-0.58044,64.78204,1.94226,-0.35547,2.55904,-1.35206,-0.55501,0.79845
16.8,1.62071,-4.28307,0.16041,-0.08983,-0.13178,-0.01631,-0.73531,-0.52354,0.05271,0.11192,-0.70098,-0.0285,-0.06202,0.38259,0.64898,-0.1054,0.19319,-0.00118,-0.0184,-0.01236,85.83158,-3.7084,2.3585,-202.91632,5.54627,-0.44715,-0.59029,65.43352,1.17792,-0.32944,1.53222,-2.86831,-0.89179,0.54146
16.82,0.99415,-4.06916,0.16824,0.02576,-0.17662,-0.01842,-0.73426,-0.55309,0.06264,0.1256,-0.5852,-0.02794,-0.0634,0.26056,0.84163,-0.12014,0.24667,0.00067,-0.01821,-0.01615,91.61083,-4.70486,3.76132,-196.68654,3.76095,-0.37904,-0.42064,64.88879,-0.43028,-0.29313,0.47206,-4.47646,-1.23889,0.32892
16.84,0.27913,-3.58071,0.1595,0.12492,-0.21554,-0.01998,-0.69338,-0.55915,0.07151,0.13384,-0.48085,-0.02655,-0.06129,0.15485,1.00067,-0.13139,0.2832,0.00401,-0.01746,-0.0192,90.41605,-4.15714,4.96754,-179.30053,1.85481,-0.26431,-0.06297,62.69643,-2.67416,-0.25163,-0.40506,-6.03989,-1.56776,0.15878
16.86,-0.47509,-2.87266,0.13266,0.19865,-0.24104,-0.02096,-0.62332,-0.5381,0.07969,0.13439,-0.40222,-0.02436,-0.05636,0.0741,1.11189,-0.13728,0.30002,0.00783,-0.01618,-0.0215,83.10548,-2.50738,5.39098,-151.93259,0.50245,-0.14092,0.44574,58.57135,-5.11472,-0.21011,-0.93214,-7.43036,-1.86442,0.03135
16.88,-1.19122,-1.9926,0.09197,0.24217,-0.24774,-0.02151,-0.51967,-0.48407,0.08629,0.12877,-0.35868,-0.02103,-0.04876,0.01813,1.17143,-0.13896,0.30007,0.0115,-0.01448,-0.02294,71.31091,-0.39094,5.08487,-119.38164,-0.30734,-0.03592,1.00825,52.61998,-7.46671,-0.17533,-1.04734,-8.58253,-2.11832,-0.05512
16.9,-1.83105,-1.02579,0.04241,0.25723,-0.23041,-0.02153,-0.39189,-0.39726,0.09159,0.11643,-0.35251,-0.01685,-0.03968,-0.0148,1.17907,-0.13652,0.28437,0.01483,-0.01251,-0.02334,56.13759,1.12336,3.92525,-84.61533,-0.32643,0.03207,1.44879,45.70876,-9.19614,-0.14966,-0.83826,-9.47597,-2.32695,-0.10646
16.92,-2.41567,-0.06541,-0.0106,0.24896,-0.18853,-0.02094,-0.25136,-0.28061,0.09592,0.0976,-0.38133,-0.01209,-0.03022,-0.02688,1.1374,-0.13002,0.25472,0.01799,-0.01044,-0.02243,40.33688,1.4107,2.34491,-52.78615,-0.0575,0.08082,1.70192,38.97631,-9.83914,-0.1335,-0.49782,-10.12491,-2.49607,-0.13106
16.94,-2.9065,0.81019,-0.06329,0.21876,-0.12811,-0.01998,-0.10489,-0.13947,0.09888,0.07477,-0.44045,-0.00673,-0.02045,-0.02133,1.04584,-0.12019,0.21886,0.01956,-0.00834,-0.02046,27.68959,1.03843,1.10122,-29.03794,0.04808,0.1235,1.91177,32.33501,-9.41981,-0.12272,-0.17285,-10.54824,-2.64219,-0.13574
16.96,-3.24474,1.54046,-0.11591,0.16944,-0.05734,-0.01884,0.03716,0.01591,0.0997,0.04983,-0.52316,-0.00113,-0.01075,-0.00195,0.90828,-0.1076,0.18222,0.01868,-0.00628,-0.01772,19.52381,0.37735,0.37395,-13.23275,0.08027,0.15944,2.12533,25.69198,-8.12479,-0.11265,0.00714,-10.77592,-2.78435,-0.12633
16.98,-3.43626,2.09561,-0.17177,0.10721,0.015,-0.01768,0.16335,0.1695,0.09667,0.02409,-0.62067,0.00408,-0.00175,0.02709,0.73886,-0.0932,0.14649,0.01648,-0.00427,-0.0143,15.41607,-0.43587,0.05802,-2.25308,0.11527,0.19279,2.36535,19.55558,-6.20695,-0.10732,-0.06011,-10.86519,-2.93658,-0.10961
17,-3.52598,2.45732,-0.22917,0.04025,0.07888,-0.01619,0.26497,0.30547,0.09131,-0.00155,-0.72046,0.00836,0.0061,0.06081,0.54962,-0.07705,0.11438,0.01265,-0.00233,-0.01071,14.15363,-1.21238,0.0061,7.56652,0.09232,0.2323,2.46135,14.3482,-4.00139,-0.09307,-0.37951,-10.86233,-3.11907,-0.08785
17.02,-3.56398,2.63086,-0.27887,-0.02548,0.12131,-0.01413,0.33797,0.4187,0.08574,-0.02275,-0.80881,0.01141,0.01256,0.09476,0.35974,-0.06003,0.08829,0.00763,-0.00048,-0.00735,14.05188,-1.68461,0.03504,18.6266,-0.14862,0.28808,2.23519,10.30421,-1.94236,-0.04418,-0.90875,-10.80749,-3.35023,-0.06232
17.04,-3.51875,2.66223,-0.32119,-0.08589,0.13984,-0.0121,0.37676,0.498,0.07654,-0.03649,-0.87892,0.01288,0.01738,0.12444,0.19347,-0.04489,0.0688,0.00371,0.00128,-0.00415,13.91897,-1.82275,0.00494,31.69384,-0.5956,0.34735,1.85164,7.14789,-0.4044,0.01932,-1.53497,-10.75233,-3.63675,-0.03731
17.06,-3.36964,2.59771,-0.35609,-0.13616,0.14086,-0.01044,0.37809,0.53402,0.06286,-0.04364,-0.92982,0.01261,0.02037,0.14622,0.06178,-0.03299,0.0557,0.00143,0.00297,-0.00128,13.16944,-1.80584,-0.10886,46.38842,-1.09532,0.38656,1.42726,4.55124,0.49192,0.07638,-2.1502,-10.73377,-3.98289,-0.01525
17.08,-3.15458,2.4777,-0.37451,-0.17429,0.12892,-0.00899,0.34604,0.53556,0.04838,-0.0441,-0.96307,0.01087,0.02154,0.15919,-0.03445,-0.02434,0.04786,0.00023,0.0046,0.00102,11.34375,-1.72289,-0.24663,60.27864,-1.54118,0.39581,0.96127,2.4123,0.81798,0.13929,-2.75589,-10.76754,-4.38922,0.00378
17.1,-2.87032,2.32732,-0.37568,-0.19939,0.11122,-0.00785,0.28413,0.50663,0.03423,-0.0393,-0.98655,0.00797,0.02093,0.16384,-0.09989,-0.01893,0.04284,-0.00028,0.0062,0.00258,8.61925,-1.47913,-0.33206,70.07966,-1.7929,0.366,0.50542,0.43575,0.73022,0.19647,-3.38871,-10.86685,-4.86031,0.0227
17.12,-2.52092,2.16257,-0.3623,-0.21169,0.09367,-0.00706,0.19761,0.45274,0.02158,-0.03048,-1.01031,0.00429,0.01859,0.16181,-0.14414,-0.01631,0.03746,-0.00043,0.00779,0.0033,5.44866,-0.91173,-0.34361,72.58492,-1.75014,0.29975,0.10742,-1.63045,0.41766,0.23208,-4.10996,-11.03344,-5.39777,0.04354
17.14,-2.15048,2.0121,-0.33366,-0.2136,0.0773,-0.00644,0.09434,0.39121,0.01247,-0.01703,-1.03878,0.00022,0.01468,0.15589,-0.177,-0.01561,0.02871,-0.00043,0.00934,0.00318,2.45012,-0.26674,-0.24887,66.98322,-1.39507,0.2131,-0.20892,-3.77401,0.06328,0.27112,-5.09773,-11.23883,-5.97878,0.06418
17.16,-1.78791,1.89649,-0.29374,-0.20726,0.06278,-0.00588,-0.02194,0.33239,0.00658,0.00058,-1.07288,-0.00405,0.00926,0.14775,-0.20656,-0.01605,0.01464,-0.0004,0.01077,0.00231,0.23438,0.20648,-0.0213,54.81381,-0.78253,0.12062,-0.42523,-5.93896,-0.20705,0.3286,-6.52458,-11.44523,-6.56966,0.08286
17.18,-1.44566,1.8201,-0.24957,-0.194,0.0511,-0.00532,-0.14985,0.27866,0.00258,0.02062,-1.1113,-0.00844,0.00225,0.13719,-0.2389,-0.01696,-0.0052,-0.00033,0.01202,0.00087,-0.93319,0.46534,0.35842,37.21763,-0.01482,0.03224,-0.542,-8.0635,-0.30831,0.39156,-8.43413,-11.61479,-7.13135,0.09958
17.2,-1.105,1.7625,-0.20534,-0.17381,0.04227,-0.00464,-0.28714,0.23133,-0.00015,0.04156,-1.14505,-0.01267,-0.0064,0.12345,-0.27687,-0.01756,-0.02976,-0.0002,0.01294,-0.00092,-0.95602,0.64705,0.72134,16.67088,0.80677,-0.04696,-0.55034,-10.32138,-0.17322,0.48282,-11.11917,-11.66985,-7.63222,0.12137
17.22,-0.7618,1.69851,-0.16433,-0.14705,0.03634,-0.00371,-0.4302,0.19134,-0.00135,0.06392,-1.16226,-0.01604,-0.01667,0.10504,-0.3209,-0.01709,-0.0569,6e-05,0.01333,-0.00275,-0.1529,0.85756,0.90942,-4.29505,1.60842,-0.11632,-0.43243,-12.85553,0.24399,0.62957,-15.01707,-11.52209,-8.03296,0.15673
17.24,-0.44756,1.63803,-0.12937,-0.11625,0.03359,-0.00251,-0.57478,0.1602,-0.00014,0.08642,-1.15891,-0.01851,-0.02847,0.07994,-0.37054,-0.01502,-0.08471,0.00052,0.01311,-0.00439,0.91029,0.8923,1.11844,-23.14717,2.33789,-0.17733,-0.25262,-15.33472,0.96129,0.80212,-20.05432,-11.12177,-8.24784,0.2055
17.26,-0.16124,1.58894,-0.10156,-0.08416,0.0339,-0.00105,-0.71586,0.13696,0.00457,0.10604,-1.13472,-0.02033,-0.04161,0.04764,-0.42471,-0.01083,-0.11232,0.00113,0.01222,-0.00573,1.66875,0.682,1.44968,-37.95916,2.97039,-0.23151,-0.08314,-17.46147,1.9811,0.9731,-26.00148,-10.42562,-8.19547,0.26734
17.28,0.12273,1.53909,-0.08111,-0.05395,0.0366,0.00056,-0.8464,0.11733,0.01367,0.12143,-1.09053,-0.02123,-0.05577,0.00981,-0.48131,-0.00387,-0.13945,0.00188,0.01061,-0.00671,1.65225,0.29799,1.86878,-48.33927,3.52958,-0.28091,0.05882,-19.15659,3.28848,1.14051,-32.77328,-9.39067,-7.8214,0.34434
17.3,0.42326,1.49515,-0.06667,-0.02991,0.04042,0.00215,-0.9515,0.09665,0.02726,0.13533,-1.03484,-0.02139,-0.06952,-0.03008,-0.53591,0.00652,-0.16638,0.00271,0.0083,-0.00734,0.49855,-0.22711,2.15216,-49.04319,4.01365,-0.31952,0.12212,-20.49351,4.77405,1.3129,-40.72042,-7.97986,-7.08112,0.44392
17.32,0.74135,1.46605,-0.05706,-0.01719,0.0435,0.00349,-1.01156,0.06965,0.04439,0.1535,-0.97801,-0.0211,-0.08049,-0.06775,-0.58332,0.02091,-0.19358,0.00351,0.00532,-0.00767,-1.63816,-0.77246,2.11111,-38.67463,4.41851,-0.33492,0.10813,-21.50022,6.20683,1.48213,-50.37924,-6.19937,-5.94114,0.57681
17.34,1.08424,1.44337,-0.05282,-0.01931,0.04465,0.00442,-1.02211,0.03137,0.06306,0.17324,-0.92375,-0.02011,-0.08813,-0.10033,-0.62208,0.03976,-0.22128,0.0043,0.00175,-0.00771,-4.23721,-1.3027,1.89138,-23.8528,4.79452,-0.33114,0.08104,-21.8428,7.48894,1.6056,-61.14853,-4.1315,-4.36682,0.72739
17.36,1.4688,1.4163,-0.05402,-0.03597,0.04325,0.00486,-0.98562,-0.01813,0.0808,0.1905,-0.87332,-0.01835,-0.09255,-0.12781,-0.65383,0.06328,-0.24933,0.00502,-0.00231,-0.00744,-6.91457,-1.87943,1.63446,-7.7427,5.16663,-0.31608,0.06692,-21.16458,8.63515,1.66392,-72.34025,-1.88753,-2.37729,0.87129
17.38,1.89634,1.37035,-0.0599,-0.06282,0.0386,0.00481,-0.90273,-0.07322,0.0947,0.20752,-0.827,-0.01603,-0.09295,-0.15298,-0.68223,0.09133,-0.27677,0.00543,-0.00672,-0.00681,-9.2005,-2.46564,1.34753,9.5838,5.48988,-0.2832,0.07047,-19.18255,9.59984,1.65212,-84.05771,0.40887,-0.0585,0.9987
17.4,2.31886,1.30918,-0.06732,-0.09193,0.03205,0.00445,-0.79765,-0.1231,0.1031,0.21806,-0.78086,-0.01331,-0.08928,-0.18127,-0.71301,0.12238,-0.30242,0.00546,-0.01115,-0.00578,-10.19419,-2.88236,0.94944,26.4075,5.59209,-0.24452,0.08891,-15.58387,10.18177,1.53747,-96.49888,2.62275,2.43996,1.0718
17.42,2.65274,1.24202,-0.072,-0.11366,0.02541,0.004,-0.6968,-0.1535,0.10567,0.21504,-0.72936,-0.01031,-0.08171,-0.21909,-0.75297,0.15362,-0.32543,0.00514,-0.0151,-0.00427,-8.904,-2.8545,0.42804,37.35343,5.26041,-0.21474,0.11043,-10.0169,10.07052,1.29759,-109.80306,4.6141,4.85866,1.05062
17.44,2.88352,1.12956,-0.07246,-0.11865,0.01806,0.0035,-0.59998,-0.15418,0.10107,0.19947,-0.66922,-0.00723,-0.07055,-0.26985,-0.80937,0.18386,-0.34449,0.00406,-0.01837,-0.00222,-5.32258,-2.47287,0.07159,41.06696,4.46991,-0.17894,0.13514,-2.10905,9.39202,0.97314,-123.72487,6.32018,6.97621,0.93737
17.46,3.00739,0.93444,-0.06643,-0.10045,0.00982,0.00294,-0.50846,-0.11959,0.08913,0.17058,-0.59859,-0.00415,-0.05643,-0.33328,-0.88633,0.21283,-0.35916,0.00219,-0.02099,0.00042,0.31833,-1.93556,0.01699,40.3695,3.24494,-0.12817,0.17371,8.1907,8.37639,0.62456,-137.5536,7.75973,8.66457,0.7291
17.48,2.97657,0.65875,-0.05007,-0.05661,0.00165,0.00241,-0.4305,-0.04745,0.07229,0.12577,-0.51753,-0.00109,-0.04012,-0.40722,-0.98242,0.23908,-0.37065,0.0001,-0.02287,0.00364,7.79048,-1.2678,0.33138,35.19449,1.57227,-0.069,0.22398,20.54878,6.92778,0.31014,-150.1224,8.92304,9.81454,0.4118
17.5,2.78591,0.30641,-0.02168,0.01166,-0.00598,0.00191,-0.36772,0.05996,0.05326,0.06029,-0.43015,0.00182,-0.02378,-0.48352,-1.09307,0.26214,-0.3795,-0.00163,-0.02415,0.00738,16.38765,-0.65513,0.91284,27.92047,-0.42109,-0.0247,0.27546,34.04199,5.29693,0.05676,-160.92394,9.62814,10.26597,-0.00639
17.52,2.43737,-0.09753,0.02019,0.09949,-0.01291,0.00143,-0.31911,0.1981,0.03429,-0.01832,-0.34197,0.00464,-0.00837,-0.55103,-1.21063,0.28196,-0.38649,-0.00185,-0.02502,0.01158,25.09636,-0.39028,1.08751,21.36034,-2.56462,-0.0092,0.29059,47.23422,3.99631,-0.04047,-169.50915,9.5769,9.84372,-0.50669
17.54,1.92036,-0.50496,0.07661,0.19995,-0.01954,0.00085,-0.28163,0.36057,0.01762,-0.09603,-0.25696,0.00731,0.00656,-0.60728,-1.32455,0.29749,-0.39306,-5e-05,-0.02535,0.01614,32.99276,-0.34572,0.79769,15.02115,-4.67914,-0.00291,0.26852,58.74889,3.09229,0.08986,-172.63951,8.8071,8.7138,-1.03924
17.56,1.24486,-0.86675,0.14762,0.30544,-0.02631,5e-05,-0.25152,0.53834,0.0046,-0.16893,-0.17857,0.00961,0.02036,-0.6549,-1.4242,0.30852,-0.40015,0.00313,-0.02495,0.02086,39.50991,-0.37022,0.3699,8.9121,-6.56805,0.0004,0.22402,67.50102,2.40739,0.36207,-168.08583,7.5095,7.1697,-1.52424
17.58,0.45245,-1.13295,0.2325,0.4066,-0.03287,-0.00108,-0.22631,0.71633,-0.00438,-0.23279,-0.10997,0.01144,0.03238,-0.69605,-1.49849,0.31642,-0.40875,0.00677,-0.0237,0.02534,43.9024,-0.47836,-0.25713,3.81259,-8.10168,-0.00217,0.15603,72.83419,2.08465,0.69465,-156.46263,5.78834,5.38032,-1.87784
17.6,-0.38088,-1.27755,0.33304,0.4926,-0.03867,-0.00264,-0.19873,0.89073,-0.00941,-0.28223,-0.05397,0.01289,0.04233,-0.72711,-1.5366,0.32362,-0.41203,0.01037,-0.02163,0.02924,46.19391,-0.59147,-0.75127,0.72608,-9.26479,-0.0133,0.08504,72.79945,1.9999,0.94904,-136.49052,4.10274,3.73574,-2.0153
17.62,-1.22723,-1.29523,0.45263,0.5527,-0.04243,-0.00469,-0.16241,1.07256,-0.01069,-0.31214,-0.01218,0.01415,0.05016,-0.74193,-1.52577,0.33254,-0.39995,0.01391,-0.01867,0.03217,46.90771,-0.59311,-0.78306,-0.23326,-10.12101,-0.05331,0.0196,66.49461,1.91412,1.00716,-109.59428,2.71549,2.44585,-1.90448
17.64,-2.04279,-1.18259,0.58648,0.5816,-0.04158,-0.00711,-0.11962,1.2452,-0.00926,-0.32284,0.01617,0.01517,0.0556,-0.74819,-1.45086,0.3454,-0.37586,0.01541,-0.01433,0.03311,45.53753,-0.54556,-0.68885,-0.00714,-10.65834,-0.12773,-0.0445,56.87137,1.80377,0.91612,-81.32241,1.5359,1.43134,-1.59123
17.66,-2.74597,-0.95781,0.72643,0.57956,-0.0341,-0.00973,-0.0717,1.38596,-0.00665,-0.31835,0.03493,0.01587,0.05845,-0.75419,-1.30051,0.36373,-0.34268,0.01366,-0.00828,0.03131,41.75667,-0.48127,-0.65379,1.00341,-10.87248,-0.22428,-0.09805,47.08822,1.60168,0.75702,-55.86669,0.58461,0.68213,-1.19065
17.68,-3.29972,-0.659,0.86425,0.54901,-0.01942,-0.01254,-0.0191,1.49648,-0.00381,-0.30082,0.05133,0.01646,0.05928,-0.75879,-1.07063,0.38688,-0.29544,0.01009,-0.00051,0.02676,36.19786,-0.37299,-0.6194,2.46972,-10.83472,-0.33833,-0.13283,39.15611,1.24584,0.59131,-35.03856,-0.10863,0.18966,-0.81886
17.7,-3.70278,-0.32633,0.99415,0.50192,0.00192,-0.01511,0.03361,1.5791,-0.00174,-0.2756,0.07529,0.01703,0.05829,-0.76248,-0.76859,0.41628,-0.23861,0.00523,0.00889,0.01951,30.00554,-0.22472,-0.60076,3.99296,-10.60104,-0.44665,-0.14936,33.69552,0.7226,0.42807,-17.8618,-0.61791,-0.11666,-0.54594
17.72,-3.9777,-0.00429,1.11235,0.45033,0.02782,-0.01696,0.08217,1.63677,-0.0011,-0.24799,0.11791,0.01762,0.05578,-0.76609,-0.40635,0.45358,-0.17541,0.0008,0.01951,0.01018,24.32459,-0.05713,-0.60364,5.32537,-10.21895,-0.51503,-0.15656,30.32246,0.09742,0.27024,-2.63153,-1.12776,-0.34684,-0.3873
17.74,-4.10624,0.27228,1.20219,0.39411,0.05593,-0.01844,0.12073,1.66233,-0.0015,-0.21941,0.18951,0.01838,0.05283,-0.77045,0.00478,0.49407,-0.10076,-0.00011,0.03089,-0.00011,19.20017,0.09109,-0.61307,6.33903,-9.7297,-0.53189,-0.15199,28.86508,-0.54949,0.15181,12.48652,-1.71881,-0.57286,-0.28368
17.76,-4.07455,0.48589,1.24951,0.33399,0.08451,-0.0198,0.14303,1.64841,-0.00229,-0.19088,0.29784,0.01937,0.05005,-0.77698,0.44905,0.53279,-0.01442,0.00349,0.0425,-0.01062,14.49231,0.17568,-0.62705,7.0686,-9.16001,-0.49713,-0.1319,28.66113,-1.2164,0.07146,29.9102,-2.33087,-0.80203,-0.16358
17.78,-3.91975,0.63164,1.25483,0.27446,0.11226,-0.02098,0.14682,1.60149,-0.00274,-0.16363,0.4466,0.02052,0.04719,-0.78581,0.90637,0.56777,0.07943,0.01109,0.05369,-0.0208,10.41133,0.16465,-0.64625,7.61747,-8.53214,-0.41621,-0.10275,28.16447,-1.91703,-0.00739,50.45518,-2.87141,-1.00744,0.02177
17.8,-3.64529,0.70379,1.21818,0.21756,0.13725,-0.02175,0.13213,1.5086,-0.00206,-0.13945,0.63562,0.02178,0.04413,-0.79979,1.35557,0.60062,0.17791,0.0223,0.06362,-0.02996,6.8722,0.04961,-0.66934,8.09175,-7.86549,-0.31399,-0.06683,26.22497,-2.62579,-0.0946,72.33251,-3.18743,-1.12865,0.28382
17.82,-3.25859,0.69703,1.14172,0.16492,0.15705,-0.02185,0.10133,1.36137,0.00053,-0.11923,0.86031,0.02305,0.04069,-0.82172,1.77959,0.63389,0.28352,0.03741,0.0714,-0.03728,3.67107,-0.15952,-0.69395,8.6051,-7.17719,-0.21818,-0.02862,22.22366,-3.25308,-0.17787,91.41784,-3.12244,-1.10316,0.57984
17.84,-2.81266,0.62576,1.03478,0.11785,0.17144,-0.02153,0.0586,1.18081,0.00558,-0.1015,1.11029,0.02408,0.03619,-0.84999,2.1628,0.66359,0.39358,0.0539,0.07654,-0.04254,0.56905,-0.44129,-0.7182,9.28615,-6.48064,-0.13967,-0.00113,16.6988,-3.7619,-0.24692,104.8364,-2.53951,-0.88876,0.84722
17.86,-2.34638,0.50731,0.90751,0.07664,0.18132,-0.02106,0.00784,0.98005,0.01322,-0.08505,1.36802,0.02463,0.03044,-0.8829,2.49657,0.68658,0.50148,0.06848,0.0791,-0.04598,-2.67986,-0.76608,-0.74637,10.22817,-5.78883,-0.08262,0.00679,10.72643,-4.15222,-0.2988,112.10792,-1.41796,-0.48251,1.03345
17.88,-1.87864,0.35268,0.76842,0.0411,0.18685,-0.02047,-0.04753,0.76098,0.02327,-0.06961,1.60416,0.02456,0.02395,-0.91923,2.78347,0.7043,0.60537,0.08047,0.07955,-0.04769,-6.23174,-1.10361,-0.79144,11.47296,-5.11677,-0.04291,-0.00653,4.83846,-4.37645,-0.33636,112.10258,0.09856,0.07774,1.07417
17.9,-1.41033,0.17411,0.62293,0.01059,0.18782,-0.0197,-0.10415,0.52065,0.03509,-0.05616,1.7934,0.02369,0.01723,-0.95782,3.03039,0.72128,0.70731,0.08933,0.07852,-0.048,-10.22171,-1.42708,-0.8591,12.87166,-4.48365,-0.00379,-0.0377,-0.00173,-4.49403,-0.37326,105.55226,1.76812,0.71979,0.94507
17.92,-0.95257,-0.01078,0.47579,-0.01547,0.18401,-0.01867,-0.15901,0.26893,0.04749,-0.04521,1.91608,0.02195,0.01119,-0.99502,3.24651,0.74227,0.81018,0.09494,0.07664,-0.0473,-14.66022,-1.7076,-0.95361,14.13386,-3.90469,0.06172,-0.07403,-3.16581,-4.60612,-0.42777,94.07458,3.29989,1.3,0.69924
17.94,-0.53911,-0.18308,0.33741,-0.03817,0.17679,-0.01755,-0.2104,0.02682,0.05921,-0.0356,1.92838,0.01934,0.0069,-1.0227,3.44011,0.76499,0.90743,0.09799,0.07475,-0.04577,-19.40925,-1.92072,-1.0969,15.12754,-3.37571,0.18123,-0.10284,-4.82391,-4.66926,-0.50944,78.48179,4.48787,1.72559,0.3876
17.96,-0.17641,-0.329,0.2177,-0.05947,0.16764,-0.01649,-0.25779,-0.19919,0.06918,-0.02679,1.80369,0.01596,0.00471,-1.0328,3.62139,0.78686,0.99329,0.0991,0.07336,-0.0436,-24.22991,-2.04525,-1.30121,15.61593,-2.88633,0.36902,-0.11012,-5.10322,-4.63526,-0.617,59.84159,5.25965,1.98806,0.07013
17.98,0.14902,-0.43458,0.12185,-0.08168,0.15701,-0.01537,-0.30072,-0.40883,0.07656,-0.01904,1.5608,0.01211,0.00436,-1.01813,3.80385,0.80869,1.06936,0.09894,0.07242,-0.04091,-28.78555,-2.05848,-1.59167,15.15667,-2.43077,0.64879,-0.08463,-4.03377,-4.53505,-0.73705,39.13693,5.6524,2.06125,-0.1678
18,0.44874,-0.48063,0.05577,-0.10707,0.14537,-0.01408,-0.33888,-0.59812,0.08057,-0.01234,1.21776,0.00785,0.00534,-0.97365,3.99787,0.8262,1.13801,0.09739,0.07177,-0.03812,-32.87534,-1.97918,-1.8206,13.60041,-2.00265,0.91358,-0.01977,-1.63156,-4.42638,-0.83771,19.65043,5.69799,2.01274,-0.28169
18.02,0.73281,-0.44876,0.02387,-0.13759,0.13317,-0.01249,-0.37147,-0.75981,0.08069,-0.00662,0.81606,0.00358,0.00696,-0.89351,4.21282,0.83289,1.20253,0.09418,0.07105,-0.03558,-36.19785,-1.8176,-1.63777,10.72351,-1.61416,0.98502,0.13821,1.66626,-4.34695,-0.86966,3.88697,5.44665,1.933,-0.27218
18.04,1.0126,-0.33852,0.0252,-0.17488,0.1209,-0.01053,-0.39757,-0.8961,0.07746,-0.0018,0.42152,-3e-05,0.00845,-0.77201,4.45989,0.82534,1.26668,0.09007,0.06977,-0.0331,-38.24873,-1.52209,-1.13871,6.06716,-1.27507,0.92706,0.34329,5.37988,-4.29731,-0.80723,-8.64498,5.04463,1.7926,-0.13606
18.06,1.30416,-0.16307,0.05521,-0.21984,0.10888,-0.00821,-0.41651,-1.01583,0.07171,0.00224,0.06743,-0.00287,0.00917,-0.60563,4.75011,0.7994,1.33459,0.08558,0.06748,-0.03052,-38.78494,-1.06874,-0.57949,-0.51517,-0.97726,0.80814,0.49797,9.42115,-4.28898,-0.63962,-18.6035,4.61146,1.57423,0.10541
18.08,1.62799,0.05219,0.10681,-0.27191,0.09708,-0.00554,-0.42771,-1.12355,0.06418,0.0057,-0.23705,-0.00504,0.00869,-0.39493,5.09377,0.74944,1.41119,0.08054,0.06385,-0.02793,-37.63975,-0.45128,0.07963,-8.83743,-0.70372,0.58294,0.57204,13.95266,-4.34213,-0.3356,-26.46276,4.19428,1.30642,0.42476
18.1,1.97309,0.26487,0.16655,-0.32925,0.08537,-0.00259,-0.43462,-1.22445,0.05583,0.00893,-0.49115,-0.00674,0.00673,-0.15122,5.49217,0.6649,1.50462,0.07449,0.05841,-0.0254,-35.21191,0.36068,0.46052,-18.6943,-0.38014,0.3593,0.52705,18.46259,-4.53934,-0.05423,-27.97618,3.72072,1.02501,0.76339
18.12,2.30369,0.42435,0.2213,-0.38931,0.07346,0.00055,-0.4415,-1.32487,0.04764,0.01234,-0.70177,-0.00825,0.00325,0.11988,5.94174,0.537,1.62303,0.06707,0.0508,-0.02298,-31.91757,1.40179,0.38254,-30.49413,0.03134,0.21551,0.37462,21.93288,-4.9822,0.0229,-22.18024,3.14446,0.75389,1.01278
18.14,2.63684,0.47604,0.26779,-0.44851,0.0609,0.00344,-0.4469,-1.42807,0.04013,0.01669,-0.87516,-0.00973,-0.00164,0.41472,6.43916,0.36754,1.76686,0.05865,0.0411,-0.02056,-27.43963,2.73071,0.21763,-44.09272,0.52589,0.09824,0.21412,24.94316,-5.63735,0.02339,-15.45647,2.54236,0.48338,1.15013
18.16,3.0035,0.37412,0.30496,-0.50325,0.04738,0.00565,-0.44838,-1.53567,0.03346,0.02276,-1.01521,-0.0113,-0.00764,0.71771,6.96911,0.15899,1.93167,0.04966,0.02958,-0.01806,-21.56354,4.40638,0.09689,-58.78168,1.16881,0.01661,0.09755,28.44055,-6.40502,-0.00675,-10.29847,1.91975,0.21826,1.19902
18.18,3.40473,0.09295,0.3306,-0.55067,0.03276,0.00694,-0.44466,-1.64895,0.02746,0.03042,-1.12348,-0.01317,-0.01427,1.00165,7.50038,-0.08499,2.11113,0.04029,0.01672,-0.01549,-14.3305,6.38413,-0.02471,-74.2916,2.04994,-0.00189,0.03273,32.37153,-7.24855,-0.14119,-5.88934,1.21134,-0.02623,1.15614
18.2,3.73463,-0.33841,0.34373,-0.58324,0.01692,0.00707,-0.43479,-1.74373,0.02132,0.04005,-1.19307,-0.01525,-0.02083,1.27572,7.96118,-0.35194,2.29003,0.03097,0.00323,-0.01288,-5.78558,8.65779,-0.13486,-90.93178,3.13246,0.0356,0.00808,36.19219,-8.09445,-0.37205,-2.14561,0.37832,-0.24041,0.98567
18.22,3.82647,-0.81428,0.34089,-0.59221,0.0006,0.00608,-0.41905,-1.78374,0.0142,0.05156,-1.21385,-0.01731,-0.0264,1.58688,8.25345,-0.61073,2.44159,0.02215,-0.00983,-0.01025,4.17066,11.23442,-0.20259,-109.22522,4.21209,0.10753,-0.00172,39.01493,-8.84761,-0.56548,0.70821,-0.58107,-0.41854,0.6895
18.24,3.72949,-1.22905,0.32023,-0.57857,-0.01363,0.00424,-0.39536,-1.76682,0.00591,0.06045,-1.1875,-0.01933,-0.03047,1.89636,8.33147,-0.83005,2.54337,0.01416,-0.02126,-0.00772,15.63105,13.65422,-0.22272,-127.97787,5.22284,0.1743,-0.02989,41.06269,-9.42071,-0.69515,2.4901,-1.64533,-0.5645,0.36648
18.26,3.51487,-1.5128,0.2803,-0.54688,-0.02295,0.00191,-0.36234,-1.68763,-0.0038,0.06216,-1.12145,-0.02125,-0.03285,2.14567,8.19722,-0.99039,2.58607,0.00723,-0.0303,-0.00543,28.27028,15.45324,-0.21154,-145.37316,6.11715,0.20803,-0.09697,42.90207,-9.81767,-0.81303,3.32341,-2.78512,-0.68374,0.07047
18.28,3.12168,-1.61797,0.21811,-0.50087,-0.02465,-0.0005,-0.32217,-1.52171,-0.01485,0.05497,-1.02466,-0.02264,-0.03334,2.3212,7.85744,-1.07242,2.56358,0.00143,-0.03635,-0.00351,41.51863,16.47487,-0.15018,-159.96119,6.73478,0.1973,-0.19577,44.07244,-10.05492,-0.85925,3.34374,-3.93796,-0.78804,-0.18447
18.3,2.67202,-1.51963,0.13938,-0.44751,-0.01507,-0.00249,-0.27298,-1.26066,-0.02642,0.03715,-0.91847,-0.02293,-0.03179,2.45236,7.29345,-1.04994,2.46127,-0.00316,-0.03907,-0.00204,53.99787,16.28609,-0.09264,-170.55777,6.62657,0.16591,-0.29417,44.58208,-10.30559,-0.84889,2.78385,-5.04157,-0.87425,-0.38106
18.32,2.26687,-1.24687,0.0561,-0.39407,0.0074,-0.00346,-0.2123,-0.89911,-0.03705,0.00999,-0.82497,-0.0214,-0.02808,2.56202,6.49064,-0.89909,2.26419,-0.00637,-0.03826,-0.00106,63.77859,14.85577,-0.02218,-176.22028,5.33604,0.13676,-0.36122,44.64611,-10.83271,-0.80577,1.93298,-6.04747,-0.92588,-0.52556
18.34,1.83672,-0.90656,-0.0078,-0.34728,0.04167,-0.00309,-0.14253,-0.44184,-0.04541,-0.02289,-0.75192,-0.01778,-0.02244,2.59394,5.57868,-0.66835,2.00146,-0.00816,-0.0349,-0.00053,69.60846,12.93084,0.09675,-173.72175,3.50929,0.11213,-0.32609,43.88559,-11.46505,-0.70849,1.00707,-6.86987,-0.95749,-0.61142
18.36,1.37415,-0.57921,-0.0234,-0.31068,0.08536,-0.00138,-0.06436,0.09252,-0.05043,-0.05893,-0.70015,-0.01192,-0.01524,2.54633,4.68843,-0.42484,1.7092,-0.00868,-0.03061,-0.00029,71.00948,10.86602,0.16056,-161.48207,1.83781,0.10384,-0.11135,42.01798,-11.96963,-0.54069,0.21251,-7.4485,-0.98346,-0.63232
18.38,0.92185,-0.29428,0.02164,-0.28325,0.13543,0.00149,0.02177,0.65901,-0.05093,-0.09651,-0.66507,-0.00395,-0.007,2.46434,3.84459,-0.19777,1.39483,-0.00795,-0.02623,-0.00019,67.93465,8.9921,0.09162,-141.2336,0.45308,0.11601,0.28126,38.95346,-12.28672,-0.28627,-0.27611,-7.78939,-0.99168,-0.60301
18.4,0.58311,-0.06723,0.11343,-0.26685,0.17848,0.00493,0.11172,1.2205,-0.04823,-0.13105,-0.62947,0.00533,0.00134,2.42256,3.13119,-0.04135,1.09831,-0.00619,-0.02311,-7e-05,59.903,6.98454,-0.11845,-113.22827,-0.12591,0.13728,0.7376,35.05201,-12.05444,0.00568,-0.3941,-7.92284,-0.98931,-0.5412
18.42,0.37461,0.08912,0.21876,-0.26269,0.18964,0.00782,0.20079,1.81077,-0.0442,-0.15467,-0.57178,0.01592,0.00907,2.52027,2.60554,0.01048,0.85878,-0.00358,-0.0218,0.0001,47.98654,4.62007,-0.34593,-80.98352,-0.09788,0.15928,1.04779,30.88991,-10.95576,0.2348,-0.29144,-7.89914,-0.98822,-0.46668
18.44,0.19535,0.17069,0.29986,-0.26521,0.15182,0.00952,0.28297,2.38507,-0.03792,-0.16769,-0.47894,0.02739,0.01551,2.7628,2.18754,-0.00684,0.65856,-0.00014,-0.02147,0.00036,35.30782,2.67316,-0.49392,-51.23765,-0.01643,0.17635,1.23318,26.33708,-9.10997,0.4408,-0.07586,-7.76416,-0.96978,-0.39664
18.46,0.02243,0.18974,0.32324,-0.268,0.09781,0.01019,0.35243,2.85351,-0.02953,-0.17383,-0.34396,0.03825,0.01987,3.12988,1.82754,-0.07275,0.48396,0.00395,-0.02194,0.00072,24.24207,1.44901,-0.56818,-27.85471,0.07923,0.18762,1.41403,21.30603,-6.62371,0.66175,0.18258,-7.5493,-0.92289,-0.34029
18.48,-0.12573,0.1579,0.26984,-0.268,0.04455,0.00997,0.4064,3.22252,-0.02098,-0.17253,-0.16672,0.04773,0.0219,3.62426,1.53146,-0.2078,0.34207,0.00841,-0.02359,0.00116,15.96925,0.75647,-0.59897,-11.6186,0.25329,0.197,1.70496,16.22576,-3.6094,0.80151,0.32694,-7.28597,-0.85494,-0.30261
18.5,-0.24546,0.091,0.15575,-0.26305,-0.00884,0.00906,0.44269,3.48763,-0.01399,-0.16294,0.04217,0.05557,0.02156,4.2847,1.25022,-0.38219,0.23741,0.01299,-0.02619,0.0016,10.61746,0.35451,-0.64002,-1.28551,0.47808,0.21728,2.12959,11.57988,-0.35906,0.93594,0.31611,-6.99645,-0.76743,-0.27992
18.52,-0.33944,0.01326,0.0152,-0.25138,-0.06227,0.00758,0.46011,3.64468,-0.0097,-0.14428,0.27074,0.06195,0.01901,5.13884,0.95368,-0.55378,0.16685,0.0175,-0.02929,0.00192,7.77521,0.10311,-0.78487,5.19263,0.68345,0.26388,2.62882,7.70606,2.68148,1.19331,0.16087,-6.69756,-0.66324,-0.26414
18.54,-0.40542,-0.05306,-0.14054,-0.22959,-0.11161,0.00601,0.45692,3.72294,-0.00836,-0.12041,0.50767,0.06657,0.01472,6.07605,0.67099,-0.74178,0.11924,0.02163,-0.03287,0.0021,6.88024,0.00431,-1.10606,10.47888,0.84776,0.33312,3.11105,4.53007,5.11219,1.42692,-0.11013,-6.41253,-0.54764,-0.25381
18.56,-0.43246,-0.09546,-0.29125,-0.19595,-0.1537,0.00462,0.43256,3.743,-0.00953,-0.09479,0.74173,0.06922,0.00918,6.95856,0.41425,-0.94268,0.08755,0.02502,-0.03691,0.00218,7.11916,0.02043,-1.62556,16.95179,0.92151,0.4073,3.42793,1.88068,6.77109,1.54054,-0.40089,-6.15936,-0.42248,-0.24843
18.58,-0.41424,-0.1088,-0.40387,-0.15261,-0.19011,0.00325,0.38982,3.72283,-0.01252,-0.06683,0.9659,0.07068,0.00289,7.69589,0.18057,-1.10972,0.06903,0.02739,-0.04118,0.00212,7.60486,0.1119,-2.33251,25.41208,0.83332,0.46837,3.44551,-0.30682,7.67802,1.60765,-0.63601,-5.9497,-0.29051,-0.24321
18.6,-0.3604,-0.09101,-0.47009,-0.10286,-0.21807,0.00207,0.32686,3.66247,-0.01644,-0.04325,1.17485,0.07121,-0.00358,8.27723,-0.01932,-1.2097,0.06074,0.02847,-0.04593,0.00196,7.71648,0.28379,-3.15927,34.93493,0.54928,0.49663,3.01623,-2.0487,7.89383,1.59003,-0.77603,-5.80961,-0.15852,-0.22784
18.62,-0.29324,-0.05385,-0.49571,-0.05184,-0.23454,0.00137,0.24668,3.55943,-0.02053,-0.02871,1.36353,0.07084,-0.00945,8.71001,-0.1611,-1.18286,0.05896,0.02799,-0.05171,0.00195,7.07576,0.55927,-3.96209,43.08077,0.09056,0.48103,2.17664,-3.39071,7.5366,1.45546,-0.82398,-5.7653,-0.04009,-0.19181
18.64,-0.20801,-0.01949,-0.47668,-0.00497,-0.24353,0.00084,0.16079,3.42922,-0.02519,-0.01787,1.52547,0.07037,-0.0142,8.82683,-0.22127,-0.95996,0.06093,0.02566,-0.05838,0.00214,5.747,0.86582,-4.59063,47.83159,-0.39681,0.4094,1.21826,-4.56049,6.90607,1.31597,-0.84205,-5.81748,0.04752,-0.13751
18.66,-0.10073,0.00207,-0.41489,0.03469,-0.24866,0.00027,0.07539,3.28229,-0.03146,-0.00821,1.65258,0.06991,-0.01771,8.51595,-0.19264,-0.52159,0.06441,0.02134,-0.06555,0.00252,4.07944,1.10561,-4.98585,48.54223,-0.76635,0.28125,0.35046,-5.72148,6.25176,1.22858,-0.89305,-5.96402,0.08875,-0.07224
18.68,0.00784,0.0107,-0.32375,0.06585,-0.2502,-0.00025,-0.00676,3.12197,-0.03999,-0.00107,1.73525,0.0684,-0.01994,7.82883,-0.05718,0.24247,0.06599,0.01516,-0.07318,0.00323,2.28805,1.26048,-5.10082,44.61522,-0.96956,0.11536,-0.31921,-6.87767,5.67165,1.16967,-1.02123,-6.2109,0.07094,-0.00047
18.7,0.1027,0.00745,-0.22837,0.08812,-0.24803,-0.00068,-0.08142,2.92596,-0.04983,0.00218,1.76584,0.06533,-0.02104,6.8652,0.12872,1.04453,0.06356,0.00733,-0.07986,0.00437,0.66739,1.33794,-4.96846,36.8522,-0.96737,-0.06343,-0.71995,-8.11031,5.16885,1.14105,-1.28786,-6.54604,-0.01444,0.08066
18.72,0.16737,-0.00014,-0.14686,0.10194,-0.22847,-0.00099,-0.14354,2.68023,-0.0586,0.00206,1.73822,0.06015,-0.02129,5.76135,0.25233,1.27947,0.05603,-0.00157,-0.08353,0.00607,-0.60541,1.39767,-4.63286,26.68921,-0.78048,-0.23222,-0.85493,-9.47582,4.71236,1.14082,-1.7747,-6.94517,-0.17234,0.17383
18.74,0.19311,-0.00433,-0.07726,0.10797,-0.20272,-0.0011,-0.18928,2.41776,-0.06548,0.00108,1.6396,0.05057,-0.02089,4.61751,0.33568,1.25555,0.04341,-0.01072,-0.08461,0.00837,-1.60862,1.52963,-4.11812,15.25857,-0.48412,-0.37401,-0.76934,-10.89471,4.35517,1.14926,-2.57386,-7.38999,-0.4036,0.26574
18.76,0.17938,-0.00303,-0.01711,0.10695,-0.18067,-0.00098,-0.21672,2.15853,-0.0695,0.00019,1.46648,0.03572,-0.02006,3.50325,0.42319,1.27159,0.02802,-0.0194,-0.08396,0.0112,-2.48539,1.80068,-3.45082,3.70701,-0.13012,-0.47527,-0.52309,-12.24815,4.13667,1.15446,-3.8029,-7.85195,-0.70224,0.34279
18.78,0.12957,0.00341,0.03215,0.0996,-0.1634,-0.00057,-0.2248,1.89882,-0.0685,-0.00041,1.23335,0.01683,-0.019,2.47498,0.49097,1.22871,0.01342,-0.02715,-0.08162,0.0144,-3.39364,2.24431,-2.57422,-7.26032,0.25829,-0.53368,-0.17166,-13.38581,4.02471,1.15107,-5.60373,-8.28082,-1.05522,0.3999
18.8,0.06963,0.01136,0.07182,0.08621,-0.15147,0.0002,-0.21562,1.63586,-0.06215,-0.00057,0.95475,-0.00464,-0.01796,1.55847,0.51149,1.06165,0.00375,-0.03283,-0.0776,0.01792,-4.24992,2.823,-1.74255,-14.24146,0.67483,-0.54816,0.1618,-14.26149,3.92446,1.14705,-8.23083,-8.60994,-1.44237,0.44513
18.82,0.0217,0.01171,0.10381,0.0673,-0.14551,0.00135,-0.19258,1.37502,-0.05143,-0.00077,0.65567,-0.02431,-0.01718,0.75942,0.46972,0.78056,0.00016,-0.03468,-0.07174,0.02165,-4.90344,3.44934,-1.26699,-15.27847,1.11999,-0.52106,0.38243,-14.74747,3.72024,1.14167,-12.0441,-8.77109,-1.83491,0.48247
18.84,-0.00266,-0.00772,0.13414,0.04388,-0.14671,0.00291,-0.15744,1.1329,-0.03763,-0.00089,0.36983,-0.03883,-0.01669,0.06015,0.3969,0.50729,0.00074,-0.03373,-0.06532,0.02495,-5.46316,4.07629,-0.94511,-13.11358,1.60391,-0.46694,0.52804,-14.43678,3.40667,1.12575,-17.268,-8.70655,-2.19483,0.50279
18.86,0.01827,-0.06029,0.16681,0.01675,-0.15619,0.00489,-0.11284,0.92613,-0.02306,-0.00061,0.11368,-0.04812,-0.0165,-0.5717,0.32054,0.29502,0.00361,-0.03183,-0.05939,0.0273,-5.98739,4.65989,-0.5806,-9.36522,2.13212,-0.39954,0.64076,-12.96431,3.0213,1.08977,-23.9804,-8.38208,-2.47339,0.49772
18.88,0.10969,-0.16665,0.19776,-0.01332,-0.17505,0.00721,-0.06287,0.77184,-0.01048,-3e-05,-0.10961,-0.05187,-0.01664,-1.17269,0.24107,0.13047,0.00702,-0.02922,-0.05348,0.02865,-6.353,5.12867,-0.17253,-3.91271,2.68597,-0.32722,0.74014,-10.1191,2.59847,1.01537,-32.0923,-7.79035,-2.60663,0.46215
18.9,0.27014,-0.32773,0.21897,-0.04489,-0.20292,0.00965,-0.01222,0.68664,-0.00235,0.00054,-0.3015,-0.05082,-0.01712,-1.77287,0.1608,0.01086,0.00811,-0.02606,-0.04814,0.02873,-6.07639,5.46292,-0.02072,3.17769,3.14572,-0.25934,0.7421,-5.85476,1.93839,0.91296,-42.17221,-6.88714,-2.55388,0.42799
18.92,0.45119,-0.52074,0.2208,-0.07528,-0.23831,0.01188,0.03624,0.68447,-0.0003,0.0008,-0.46716,-0.04612,-0.0179,-2.38543,0.08789,-0.0648,0.00424,-0.0219,-0.04307,0.02759,-4.75014,5.78104,-0.24787,8.98831,3.33253,-0.20252,0.61,-0.076,0.72304,0.77564,-55.16704,-5.65695,-2.28748,0.41346
18.94,0.63385,-0.75581,0.19116,-0.10226,-0.28215,0.01361,0.08084,0.77389,-0.00449,0.00078,-0.61199,-0.0383,-0.01885,-3.02361,0.03254,-0.10226,-0.00228,-0.01668,-0.03651,0.02575,-2.68087,6.05869,-0.34983,11.62378,3.20708,-0.15749,0.47643,7.31274,-0.80392,0.55671,-70.36126,-4.18148,-1.74691,0.38246
18.96,0.81291,-1.04021,0.11904,-0.12424,-0.3332,0.01465,0.11932,0.94087,-0.01339,0.00049,-0.74022,-0.02817,-0.01979,-3.69489,0.00059,-0.11229,-0.00797,-0.01043,-0.02764,0.02382,-0.06508,6.21318,-0.16326,12.21649,2.78463,-0.12367,0.39778,16.10932,-2.32093,0.25369,-86.3931,-2.53245,-0.93688,0.31489
18.98,0.94488,-1.33627,0.00231,-0.1388,-0.38425,0.01486,0.15059,1.13883,-0.02413,-9e-05,-0.85394,-0.01683,-0.02055,-4.37751,-0.00886,-0.10485,-0.01141,-0.00386,-0.01722,0.02258,3.07564,6.19835,0.22621,10.76126,2.04789,-0.09874,0.34394,25.91632,-3.88155,-0.10167,-102.17734,-0.75456,0.05598,0.20638
19,1.01842,-1.61096,-0.15102,-0.14444,-0.42852,0.01449,0.17338,1.32892,-0.03366,-0.00086,-0.95005,-0.00587,-0.02082,-5.03133,0.00382,-0.08544,-0.01204,0.00046,-0.00795,0.02171,6.52508,6.03329,0.74512,8.17541,1.06096,-0.08328,0.30636,36.20558,-5.33264,-0.462,-118.5965,1.09092,1.10147,0.03688
19.02,1.02965,-1.82453,-0.3137,-0.1403,-0.45664,0.01397,0.18658,1.4909,-0.0402,-0.0016,-1.02238,0.00384,-0.02026,-5.57556,0.04216,-0.05884,-0.01006,0.00088,-0.0028,0.02046,9.98453,5.652,1.17178,5.66286,-0.07026,-0.07925,0.27535,46.58528,-6.36859,-0.68602,-137.19718,2.88131,1.99337,-0.22141
19.04,0.95399,-1.90624,-0.44987,-0.12461,-0.44976,0.01365,0.19079,1.56566,-0.04287,-0.00204,-1.06871,0.01182,-0.01876,-5.93188,0.08311,-0.03425,-0.00656,-0.00532,-0.00502,0.01998,13.15444,4.97554,1.38564,3.21303,-1.24415,-0.08272,0.24703,56.42504,-6.87792,-0.66084,-154.32919,4.50202,2.59516,-0.59034
19.06,0.791,-1.80392,-0.52888,-0.09728,-0.39393,0.01393,0.18782,1.50871,-0.04201,-0.00207,-1.08874,0.01731,-0.01628,-6.07192,0.09573,-0.01645,-0.00317,-0.01815,-0.01685,0.02096,15.86889,4.067,1.39042,0.98587,-2.36886,-0.09021,0.22136,65.09827,-6.9518,-0.40857,-166.55852,5.88546,2.8833,-1.07657
19.08,0.56197,-1.51056,-0.52606,-0.06082,-0.28681,0.01523,0.18066,1.3347,-0.03938,-0.00176,-1.08177,0.02015,-0.01277,-5.97078,0.06523,-0.00527,-0.001,-0.03479,-0.03785,0.02156,17.86413,3.06561,1.18671,-0.73933,-3.37353,-0.10249,0.19367,72.56594,-6.55031,0.0264,-174.02661,6.92851,2.84678,-1.65211
19.1,0.31071,-1.05031,-0.44579,-0.01914,-0.13112,0.01745,0.1723,1.04536,-0.03577,-0.00126,-1.04951,0.02028,-0.00838,-5.70741,-0.01742,-0.0001,-0.00023,-0.04453,-0.06402,0.02332,19.10225,2.05859,0.78984,-1.45766,-4.22481,-0.11748,0.16269,77.57137,-5.74442,0.6402,-174.65782,7.56266,2.57238,-2.3009
19.12,0.06271,-0.4943,-0.30499,0.02315,0.05473,0.02012,0.16612,0.66748,-0.03139,-0.00069,-0.99471,0.01784,-0.00329,-5.39221,-0.13966,0.00182,-0.00018,-0.02436,-0.08807,0.02929,19.75069,1.16287,0.28826,-1.11488,-4.92462,-0.13082,0.12915,78.97867,-4.64014,1.44155,-167.37487,7.73857,2.14919,-3.04115
19.14,-0.17737,0.06432,-0.12177,0.06219,0.24551,0.02312,0.16641,0.26557,-0.02739,-0.0002,-0.92049,0.01345,0.00235,-5.01588,-0.28062,0.00305,8e-05,0.02665,-0.10601,0.03469,19.616,0.50992,-0.14925,-0.26667,-5.46407,-0.13719,0.09451,77.59062,-3.3855,2.17098,-153.2782,7.46261,1.60098,-3.7485
19.16,-0.39057,0.55896,0.0699,0.09569,0.42446,0.02637,0.17534,-0.12454,-0.02413,0.00038,-0.83116,0.00772,0.0083,-4.58206,-0.42591,0.00455,0.00126,0.09162,-0.11754,0.03494,18.53684,0.11102,-0.43565,0.88719,-5.84027,-0.13118,0.06067,74.52157,-2.21528,2.62452,-133.63314,6.77626,0.98701,-4.29398
19.18,-0.56213,0.9523,0.23216,0.12269,0.57795,0.02951,0.19186,-0.48328,-0.02097,0.00125,-0.73259,0.00125,0.01422,-4.14536,-0.55999,0.00693,0.00344,0.16126,-0.1218,0.0306,16.63057,-0.09791,-0.5676,2.27975,-6.0748,-0.1098,0.02989,70.63236,-1.25215,2.85908,-109.97676,5.67994,0.38305,-4.6901
19.2,-0.69307,1.22858,0.33907,0.14331,0.69184,0.03204,0.21391,-0.78304,-0.01702,0.00305,-0.63413,-0.00524,0.01978,-3.76111,-0.66277,0.01024,0.00594,0.22719,-0.11979,0.02078,14.26732,-0.15699,-0.53605,3.68176,-6.21381,-0.0704,0.00849,64.75846,-0.54177,2.70463,-80.26324,4.5484,-0.13836,-4.75811
19.22,-0.79705,1.38932,0.38501,0.15822,0.75388,0.03341,0.23884,-0.988,-0.01192,0.00737,-0.54498,-0.01066,0.02475,-3.47613,-0.71448,0.01397,0.00774,0.285,-0.1133,0.00744,11.87719,-0.13388,-0.39246,4.73593,-6.30895,-0.01717,-0.00411,56.08604,-0.12417,2.09735,-45.80473,3.61574,-0.56375,-4.37774
19.24,-0.87075,1.45404,0.37349,0.16816,0.76765,0.03369,0.26302,-1.09004,-0.00623,0.01329,-0.46937,-0.01436,0.02874,-3.28997,-0.71785,0.01723,0.0081,0.31747,-0.10362,-0.00517,9.39888,-0.10402,-0.23534,5.39693,-6.36113,0.03915,-0.01261,47.03662,0.00073,1.36071,-12.23704,2.62871,-0.88354,-3.77724
19.26,-0.90969,1.44683,0.31885,0.17424,0.74455,0.03313,0.28342,-1.10088,-0.00036,0.01857,-0.40845,-0.01638,0.03146,-3.19269,-0.68288,0.01922,0.00681,0.31438,-0.09223,-0.01562,6.77244,-0.09551,-0.1104,5.77673,-6.36423,0.08937,-0.01592,39.25494,-0.11836,0.67353,19.03732,1.56931,-1.06351,-3.12071
19.28,-0.92919,1.38703,0.24794,0.17774,0.69257,0.03162,0.2982,-1.02973,0.00523,0.02269,-0.36083,-0.01671,0.03301,-3.18487,-0.61244,0.01978,0.00419,0.29082,-0.07936,-0.02355,4.23111,-0.11196,-0.02773,5.82679,-6.33284,0.12521,-0.01401,32.41455,-0.44434,0.02693,48.56767,0.60918,-1.09881,-2.42024
19.3,-0.93365,1.29561,0.17764,0.18042,0.62801,0.02956,0.3056,-0.91355,0.01001,0.02419,-0.3214,-0.01593,0.03353,-3.22243,-0.52411,0.01851,0.00142,0.24,-0.06739,-0.02851,1.77006,-0.14713,0.01415,5.71965,-6.25562,0.13604,-0.01122,25.88896,-0.89345,-0.55717,75.06447,-0.13011,-1.01012,-1.69921
19.32,-0.92295,1.18974,0.1169,0.18409,0.56618,0.02741,0.30434,-0.79235,0.01369,0.02216,-0.28359,-0.01477,0.03322,-3.2488,-0.43405,0.01546,-0.0004,0.16453,-0.05797,-0.03003,-0.69584,-0.18734,0.02545,5.64578,-6.11315,0.11173,-0.01538,19.21379,-1.29554,-0.97353,94.65801,-0.58443,-0.82285,-1.0094
19.34,-0.9113,1.07619,0.07441,0.18918,0.50901,0.02498,0.29336,-0.6809,0.01575,0.01825,-0.24187,-0.01343,0.03247,-3.25408,-0.34167,0.01194,-0.00116,0.10016,-0.04854,-0.02899,-3.0882,-0.22646,0.01902,5.56747,-5.90422,0.06077,-0.02415,13.08941,-1.61255,-1.20365,106.39947,-0.69548,-0.53741,-0.41825
19.36,-0.90622,0.95782,0.04987,0.19541,0.45738,0.02218,0.27251,-0.5938,0.01576,0.01378,-0.19232,-0.01211,0.03159,-3.2302,-0.24979,0.00877,-0.00082,0.05871,-0.03825,-0.02647,-5.41037,-0.26737,0.00467,5.49797,-5.62696,-0.00051,-0.03115,8.09584,-1.87021,-1.30936,112.20182,-0.42475,-0.1708,0.04147
19.38,-0.89979,0.83509,0.03718,0.20243,0.41435,0.01931,0.2433,-0.54633,0.01377,0.00931,-0.13326,-0.01108,0.03083,-3.15131,-0.1647,0.00608,0.00058,0.03266,-0.02823,-0.02266,-7.78521,-0.31314,-0.01317,5.53312,-5.27433,-0.06384,-0.03609,4.01571,-2.02538,-1.31868,111.78168,0.17693,0.24588,0.35673
19.4,-0.90023,0.70084,0.0324,0.20928,0.37895,0.01651,0.20682,-0.54064,0.00997,0.00548,-0.06582,-0.01035,0.03032,-3.01214,-0.08796,0.00394,0.00263,0.01791,-0.01962,-0.01825,-10.28013,-0.3614,-0.03419,5.75359,-4.84248,-0.11675,-0.03888,0.88755,-2.05467,-1.24628,105.59942,0.98883,0.67569,0.51417
19.42,-0.92055,0.54922,0.03311,0.21459,0.3495,0.01395,0.16572,-0.5726,0.00472,0.00272,0.00756,-0.00979,0.03013,-2.81712,-0.02172,0.00229,0.00511,0.01089,-0.01332,-0.01374,-12.94517,-0.40343,-0.05883,6.22593,-4.33746,-0.15062,-0.04048,-1.30404,-1.96117,-1.12246,94.32381,1.85125,1.04183,0.52278
19.44,-0.94177,0.38183,0.03714,0.21671,0.32584,0.01192,0.12487,-0.63945,-0.00145,0.00116,0.08474,-0.00936,0.03036,-2.56425,0.03212,0.00112,0.00753,0.00893,-0.00971,-0.00912,-15.8995,-0.44648,-0.08909,6.95864,-3.78098,-0.16634,-0.03956,-2.66877,-1.78789,-1.00314,79.20851,2.62571,1.30698,0.41905
19.46,-0.94699,0.20451,0.0433,0.21407,0.30728,0.01055,0.08719,-0.73834,-0.00792,0.0005,0.16415,-0.00904,0.03096,-2.25522,0.07396,0.00037,0.00926,0.01059,-0.00884,-0.00454,-19.20121,-0.50281,-0.12859,7.89115,-3.20256,-0.16352,-0.03437,-3.24997,-1.5725,-0.91741,61.92136,3.22408,1.4817,0.25042
19.48,-0.93861,0.03017,0.05126,0.20547,0.29302,0.00981,0.05373,-0.86551,-0.01401,0.00023,0.24469,-0.00881,0.03165,-1.89795,0.10462,-3e-05,0.00994,0.01459,-0.01024,-0.00029,-22.77569,-0.56843,-0.17923,8.88048,-2.63275,-0.14106,-0.0253,-3.08131,-1.3283,-0.86186,42.86224,3.62649,1.55033,0.06786
19.5,-0.90705,-0.11806,0.06091,0.18984,0.28209,0.00962,0.02525,-1.01592,-0.01891,-0.00019,0.3255,-0.00878,0.03208,-1.50948,0.12382,-0.00017,0.00989,0.02031,-0.0127,0.00339,-26.5503,-0.62785,-0.23234,9.61565,-2.10436,-0.09885,-0.01338,-2.04772,-1.09657,-0.82906,24.629,3.81826,1.53611,-0.07674
19.52,-0.84236,-0.20763,0.07238,0.16617,0.27372,0.00983,0.00177,-1.18405,-0.0218,-0.00107,0.40618,-0.00909,0.0319,-1.10927,0.13068,-0.00012,0.00976,0.0278,-0.01462,0.00644,-30.33992,-0.6608,-0.26991,9.6514,-1.64501,-0.04062,0.00077,-0.19952,-0.91149,-0.80028,9.36464,3.80333,1.46951,-0.15332
19.54,-0.7424,-0.21207,0.08608,0.13362,0.26847,0.01033,-0.01762,-1.36718,-0.02222,-0.00254,0.48679,-0.00976,0.03059,-0.71086,0.12621,2e-05,0.00931,0.03427,-0.01489,0.0087,-33.76119,-0.64457,-0.28994,8.57929,-1.26201,0.02717,0.01716,2.3346,-0.77585,-0.75111,-3.69372,3.66088,1.33462,-0.15157
19.56,-0.60217,-0.11794,0.10218,0.09182,0.26644,0.01102,-0.03494,-1.56412,-0.01986,-0.00461,0.56827,-0.01075,0.02785,-0.32745,0.11176,0.00011,0.00833,0.0364,-0.01294,0.00987,-36.40412,-0.5629,-0.29775,6.00569,-0.95124,0.09762,0.03396,5.61468,-0.69076,-0.64093,-15.22412,3.4672,1.12748,-0.06596
19.58,-0.41291,0.07658,0.12028,0.04125,0.26663,0.01176,-0.05314,-1.77278,-0.01441,-0.00685,0.65277,-0.01208,0.02368,0.02604,0.08806,9e-05,0.00718,0.03369,-0.00853,0.00997,-37.87541,-0.39532,-0.29062,1.60945,-0.70116,0.1625,0.04725,9.82531,-0.66352,-0.4097,-25.48913,3.26096,0.8652,0.10608
19.6,-0.15777,0.35797,0.13923,-0.01638,0.26732,0.01242,-0.07598,-1.97854,-0.00581,-0.0084,0.74164,-0.01357,0.0182,0.33418,0.05595,0,0.00614,0.02501,-0.00205,0.00889,-38.06634,-0.09081,-0.26608,-4.73884,-0.46934,0.20822,0.05568,14.67373,-0.7157,-0.12055,-30.80218,3.01564,0.59661,0.3529
19.62,0.16263,0.69701,0.15691,-0.07819,0.26645,0.01285,-0.1072,-2.16113,0.00564,-0.00812,0.83368,-0.01497,0.01176,0.58449,0.01736,-6e-05,0.00533,0.0114,0.00622,0.00667,-36.8682,0.31398,-0.2252,-13.30299,-0.21085,0.2158,0.05803,19.29605,-0.85353,0.1051,-29.2876,2.71919,0.35448,0.64026
19.64,0.54096,1.05403,0.17123,-0.14095,0.26277,0.01296,-0.14834,-2.31977,0.01936,-0.00544,0.92523,-0.01624,0.00489,0.76581,-0.02496,6e-05,0.00463,-0.00291,0.01627,0.00365,-33.78714,0.74294,-0.17342,-24.25858,0.11748,0.17509,0.04427,23.78663,-1.04164,0.2887,-25.53849,2.41946,0.14131,0.92937
19.66,0.98392,1.38324,0.18124,-0.20142,0.25529,0.01267,-0.19786,-2.45703,0.03457,-0.00043,1.00701,-0.01742,-0.00196,0.86998,-0.06897,0.00056,0.00382,-0.01499,0.02793,7e-05,-28.4104,1.19994,-0.11711,-37.44171,0.59109,0.08465,0.00275,28.6933,-1.20824,0.42843,-21.9973,2.11786,-0.02238,1.19699
19.68,1.4997,1.62629,0.18706,-0.25622,0.2427,0.01187,-0.25166,-2.56632,0.05015,0.00683,1.06063,-0.01846,-0.00841,0.89526,-0.11266,0.00159,0.00276,-0.02227,0.04144,-0.00394,-20.5672,1.69521,-0.05847,-52.44796,1.31142,-0.05182,-0.07128,34.01272,-1.25204,0.43602,-18.15584,1.76634,-0.12683,1.43782
19.7,2.02816,1.74074,0.18758,-0.29953,0.22411,0.01055,-0.30382,-2.62782,0.06463,0.01483,1.06813,-0.01936,-0.01399,0.84587,-0.15303,0.00323,0.00131,-0.02094,0.05719,-0.00817,-10.36261,2.044,0.01874,-69.50257,2.31407,-0.23359,-0.18017,38.87555,-1.25021,0.20659,-13.42503,1.28848,-0.18698,1.5678
19.72,2.44271,1.71106,0.18266,-0.32429,0.19913,0.00872,-0.34895,-2.61736,0.07643,0.02147,1.01319,-0.02014,-0.01819,0.72981,-0.18632,0.00543,-0.00071,-0.00712,0.07528,-0.01232,2.22978,1.87845,0.14239,-89.42433,3.50113,-0.44531,-0.35044,41.99066,-1.52254,-0.16098,-8.16627,0.62706,-0.23506,1.50768
19.74,2.73753,1.5196,0.17788,-0.32801,0.16934,0.00655,-0.38253,-2.54228,0.08379,0.02585,0.87426,-0.02074,-0.02075,0.55417,-0.2114,0.00793,-0.00338,0.02223,0.09607,-0.01619,17.27198,1.16497,0.3183,-110.98447,4.79324,-0.63294,-0.57708,43.84189,-1.96087,-0.48286,-3.62059,-0.23782,-0.30606,1.35809
19.76,2.9373,1.16578,0.17815,-0.31058,0.13694,0.00428,-0.40211,-2.41216,0.08546,0.02728,0.64919,-0.02111,-0.02163,0.33173,-0.22861,0.01034,-0.00662,0.06644,0.11925,-0.01968,34.23227,0.0856,0.53478,-132.04025,6.08954,-0.74789,-0.8127,45.30454,-2.34377,-0.7377,-0.13588,-1.32871,-0.42368,1.19793
19.78,2.98617,0.67361,0.18426,-0.27246,0.10304,0.00214,-0.40853,-2.22261,0.08108,0.02506,0.36489,-0.02122,-0.02082,0.08236,-0.23686,0.01226,-0.01041,0.11431,0.14194,-0.02285,52.26361,-1.21549,0.77205,-150.972,7.18557,-0.76433,-1.0178,46.01038,-2.7578,-0.89483,2.39445,-2.62279,-0.60154,1.01647
19.8,2.90279,0.14698,0.19947,-0.21709,0.07248,0.00048,-0.40094,-1.99786,0.07124,0.01887,0.06306,-0.02089,-0.01844,-0.1715,-0.23877,0.01343,-0.01419,0.17591,0.16429,-0.02482,69.694,-2.98074,1.07775,-167.08579,7.5425,-0.67226,-1.12647,45.90272,-3.31407,-0.94355,3.94621,-4.03715,-0.83558,0.82555
19.82,2.71106,-0.2871,0.22438,-0.14971,0.04953,-0.00051,-0.37807,-1.76185,0.0572,0.00958,-0.19331,-0.0199,-0.01468,-0.40388,-0.23714,0.01375,-0.01699,0.27177,0.18777,-0.02419,84.34827,-5.22253,1.55635,-180.14518,6.55678,-0.48144,-1.11227,45.0027,-4.15996,-0.89584,4.49479,-5.45915,-1.10338,0.63747
19.84,2.38088,-0.62808,0.24994,-0.07639,0.03151,-0.00102,-0.34116,-1.5113,0.04041,-0.00097,-0.35005,-0.01831,-0.00967,-0.596,-0.22917,0.01312,-0.01937,0.3569,0.20348,-0.02177,94.61777,-6.73684,2.04688,-185.77757,4.70115,-0.21833,-0.88412,43.30324,-5.2854,-0.78529,4.20575,-6.75501,-1.38986,0.45996
19.86,1.91644,-0.86717,0.26522,-0.00324,0.01648,-0.00126,-0.29034,-1.24869,0.0225,-0.01156,-0.3838,-0.01608,-0.00362,-0.74099,-0.21413,0.01153,-0.02229,0.39431,0.20495,-0.0186,99.87648,-6.9144,2.33585,-181.13138,2.67497,0.06637,-0.33949,40.92216,-6.5567,-0.65511,3.39379,-7.82253,-1.68542,0.30204
19.88,1.35594,-0.94237,0.26021,0.06355,0.00542,-0.00138,-0.22487,-0.98636,0.00537,-0.02139,-0.28932,-0.01305,0.00308,-0.8362,-0.1954,0.00931,-0.02602,0.40045,0.19523,-0.01445,100.4548,-5.86033,2.4458,-167.88421,0.74776,0.32027,0.52326,37.6889,-7.90435,-0.52465,2.30957,-8.6128,-1.97449,0.16742
19.9,0.77378,-0.84527,0.22382,0.11764,-0.00117,-0.00161,-0.14481,-0.73859,-0.00928,-0.02977,-0.0818,-0.00924,0.00986,-0.87798,-0.17829,0.00687,-0.02983,0.36293,0.17405,-0.01059,94.55565,-4.24066,2.21102,-144.09329,-0.29919,0.49507,1.53867,34.01545,-9.13985,-0.42447,1.33343,-9.14757,-2.2359,0.06075
19.92,0.21425,-0.59878,0.14758,0.15386,-0.00346,-0.00211,-0.0531,-0.51503,-0.02011,-0.03631,0.21528,-0.00462,0.01621,-0.8617,-0.1683,0.00471,-0.03203,0.28188,0.144,-0.00792,81.81468,-2.95999,1.66137,-111.50413,-0.41132,0.58789,2.29239,30.52839,-10.02596,-0.37703,0.70293,-9.49234,-2.44955,-0.01912
19.94,-0.31185,-0.24616,0.0291,0.1696,-0.00273,-0.00295,0.04424,-0.31635,-0.02665,-0.04103,0.57511,0.00088,0.02159,-0.79335,-0.16802,0.00315,-0.03283,0.20238,0.11389,-0.00553,66.54889,-1.85547,1.11901,-77.85081,-0.18147,0.61617,2.79724,26.86738,-10.39698,-0.35271,0.31711,-9.65913,-2.61513,-0.0772
19.96,-0.77426,0.14786,-0.12487,0.16585,-0.00067,-0.00409,0.14123,-0.14312,-0.02922,-0.04427,0.96294,0.00704,0.02556,-0.68275,-0.17753,0.00228,-0.03291,0.14408,0.08822,-0.00307,51.96684,-0.86085,0.69079,-47.83206,0.23205,0.59947,3.24808,22.73353,-10.11664,-0.31118,0.04859,-9.65351,-2.74362,-0.11697
19.98,-1.15108,0.5237,-0.29796,0.14691,0.00133,-0.00538,0.22987,0.00429,-0.02843,-0.04662,1.33508,0.01328,0.02803,-0.53892,-0.19472,0.00202,-0.03148,0.10053,0.06704,-0.00093,39.22993,-0.17554,0.35408,-23.2905,0.77524,0.55629,3.72884,18.40526,-9.12202,-0.25207,-0.20687,-9.52031,-2.85068,-0.14359
20,-1.45195,0.82373,-0.46435,0.12152,0.0015,-0.00631,0.30286,0.12767,-0.02563,-0.0473,1.65243,0.01904,0.02906,-0.38172,-0.21265,0.00214,-0.02927,0.06956,0.05047,0.00064,28.52985,0.16229,0.08326,-4.94457,1.29409,0.54064,4.19151,14.26238,-7.5031,-0.13875,-0.57756,-9.29628,-2.96164,-0.16258
20.02,-1.70799,1.00147,-0.59481,0.09854,-0.00271,-0.00624,0.35638,0.22983,-0.02229,-0.0452,1.88711,0.02417,0.02879,-0.23099,-0.22232,0.00235,-0.02727,0.04851,0.03819,0.00161,19.73071,0.25229,-0.11582,6.67477,1.61894,0.58863,4.42772,10.66102,-5.51115,0.09706,-1.14863,-9.02549,-3.10164,-0.18036
20.04,-1.90553,1.07041,-0.6748,0.08283,-0.01039,-0.00544,0.38353,0.31332,-0.01896,-0.04174,1.98791,0.02758,0.02753,-0.09909,-0.21918,0.00243,-0.02466,0.03345,0.02954,0.00179,13.28269,0.24258,-0.24491,12.35507,1.73398,0.6502,4.38849,7.52751,-3.46482,0.4096,-1.92939,-8.76949,-3.28903,-0.19956
20.06,-2.02268,1.06621,-0.70457,0.07777,-0.01869,-0.00443,0.38081,0.37955,-0.01602,-0.03768,1.9197,0.02831,0.02557,0.00319,-0.20214,0.00224,-0.02111,0.02235,0.02383,0.00098,8.96784,0.14758,-0.31753,14.0101,1.64761,0.67375,4.0704,4.72098,-1.63664,0.72595,-2.89993,-8.58161,-3.52668,-0.22062
20.08,-2.06835,1.01722,-0.69076,0.08468,-0.02607,-0.00331,0.35326,0.42848,-0.01384,-0.03213,1.69958,0.02668,0.02318,0.07002,-0.17217,0.00177,-0.01727,0.01411,0.02039,-0.00069,6.00371,-0.01251,-0.32566,13.00327,1.36127,0.64224,3.42371,2.28773,-0.17627,1.03828,-4.0298,-8.49974,-3.79684,-0.24921
20.1,-2.04491,0.94344,-0.64987,0.10115,-0.03163,-0.00227,0.30317,0.45946,-0.01219,-0.02622,1.34555,0.02276,0.02058,0.10131,-0.13445,0.00106,-0.01349,0.00789,0.01856,-0.00282,3.94274,-0.11118,-0.25915,10.36294,0.92992,0.54301,2.46473,0.11309,0.87217,1.30966,-5.32055,-8.55257,-4.06995,-0.27213
20.12,-1.95987,0.85529,-0.59919,0.12248,-0.0352,-0.0014,0.23474,0.47135,-0.01071,-0.02069,0.90317,0.01706,0.01796,0.10074,-0.09529,0.00023,-0.01024,0.00336,0.01771,-0.00446,2.45331,-0.01214,-0.12,6.93324,0.45849,0.37367,1.34183,-1.93454,1.51677,1.50153,-6.80733,-8.75502,-4.31016,-0.2616
20.14,-1.82243,0.76835,-0.54702,0.14433,-0.03632,-0.00059,0.15756,0.46024,-0.00918,-0.01431,0.44863,0.01089,0.01552,0.0751,-0.05898,-0.00061,-0.00813,0.00041,0.01722,-0.00517,1.28477,0.19662,0.07084,3.58083,0.09875,0.14735,0.3325,-3.88677,1.84288,1.64583,-8.51615,-9.09403,-4.47771,-0.22682
20.16,-1.6422,0.69379,-0.49838,0.16331,-0.0347,0.00022,0.07603,0.4239,-0.00736,-0.00712,0.02653,0.00497,0.01335,0.03149,-0.02799,-0.00137,-0.0074,-0.00129,0.01652,-0.00522,0.30491,0.42703,0.27667,0.94094,-0.05556,-0.10623,-0.40435,-5.7665,1.96886,1.76764,-10.45427,-9.53309,-4.54651,-0.18687
20.18,-1.43943,0.63425,-0.45716,0.17695,-0.03073,0.0011,-0.00925,0.36438,-0.00497,-0.00028,-0.34163,-0.00049,0.01143,-0.02326,-0.00277,-0.00202,-0.00798,-0.00217,0.01516,-0.00461,-0.63418,0.71722,0.46532,-1.00368,0.00727,-0.35477,-0.82186,-7.57386,1.99293,1.85182,-12.57967,-10.01356,-4.50965,-0.13741
20.2,-1.21362,0.56723,-0.4251,0.18299,-0.02501,0.00215,-0.09691,0.28313,-0.00167,0.00515,-0.64025,-0.0053,0.0097,-0.08199,0.01804,-0.00255,-0.00952,-0.00263,0.01278,-0.00377,-1.62179,1.01182,0.60223,-2.56403,0.24449,-0.57265,-0.93887,-9.51028,1.99221,1.95619,-15.05626,-10.43844,-4.36258,-0.07334
20.22,-0.96625,0.46927,-0.40245,0.17978,-0.01812,0.00346,-0.18435,0.18423,0.00272,0.00912,-0.86019,-0.00921,0.00806,-0.13793,0.03656,-0.00298,-0.01145,-0.00312,0.00915,-0.00313,-2.59589,1.24409,0.67939,-4.18629,0.5646,-0.75003,-0.8434,-11.76493,2.02769,2.13561,-18.10393,-10.69353,-4.10195,0.00987
20.24,-0.72699,0.36073,-0.38731,0.16783,-0.0105,0.00499,-0.26958,0.07468,0.00833,0.01145,-1.00179,-0.01218,0.00644,-0.18533,0.05424,-0.00328,-0.01346,-0.00391,0.00428,-0.00247,-3.43855,1.39725,0.735,-6.66519,0.86841,-0.89241,-0.61756,-14.17174,2.15927,2.32499,-21.4982,-10.69521,-3.7237,0.11177
20.26,-0.51325,0.26156,-0.37746,0.14818,-0.00285,0.00663,-0.35184,-0.04077,0.01538,0.01146,-1.07416,-0.01437,0.00472,-0.22005,0.07096,-0.00344,-0.01543,-0.00505,-0.00153,-0.00172,-4.03378,1.43212,0.81088,-10.70281,1.08665,-1.0095,-0.32491,-16.56826,2.43605,2.47849,-24.98543,-10.39684,-3.20737,0.22897
20.28,-0.32467,0.17069,-0.37117,0.12155,0.00388,0.00833,-0.42979,-0.15829,0.02393,0.00929,-1.08965,-0.01588,0.00284,-0.23974,0.08486,-0.00343,-0.01719,-0.00645,-0.00765,-0.00102,-4.25106,1.29165,0.95438,-16.61725,1.1913,-1.10988,-0.01287,-18.91781,2.88615,2.60858,-28.5501,-9.7886,-2.51366,0.36124
20.3,-0.15514,0.08974,-0.36525,0.08911,0.00866,0.00991,-0.50292,-0.2719,0.03366,0.00589,-1.06767,-0.01686,0.00075,-0.24306,0.09242,-0.00319,-0.01855,-0.00765,-0.01307,-0.00044,-3.88338,0.98476,1.14911,-22.83323,1.18965,-1.19183,0.28535,-21.28073,3.50299,2.72375,-32.40449,-8.91217,-1.59096,0.52911
20.32,-0.00449,0.02002,-0.35644,0.0521,0.01039,0.01114,-0.57092,-0.37334,0.04377,0.00278,-1.0291,-0.01746,-0.00153,-0.22926,0.08984,-0.00269,-0.01931,-0.00807,-0.01661,-1e-05,-2.882,0.58199,1.35159,-27.04149,1.116,-1.24623,0.55055,-23.66519,4.25491,2.82125,-36.8281,-7.83198,-0.40137,0.76034
20.34,0.12678,-0.03144,-0.34249,0.01122,0.00863,0.01192,-0.63111,-0.46042,0.05363,0.0004,-0.98731,-0.01781,-0.00396,-0.19843,0.07488,-0.00196,-0.01955,-0.00748,-0.01762,0.00032,-1.43807,0.11355,1.57736,-29.05567,1.01825,-1.24524,0.75449,-25.79162,5.14383,2.89228,-41.79072,-6.5923,1.07036,1.03398
20.36,0.2543,-0.06171,-0.32173,-0.0336,0.00374,0.01217,-0.67958,-0.53681,0.06268,-0.00102,-0.95188,-0.01802,-0.00642,-0.15043,0.04812,-0.00111,-0.01928,-0.00588,-0.01606,0.00052,0.32066,-0.41473,1.83533,-29.01219,0.94581,-1.15981,0.88055,-27.33624,6.19364,2.93714,-47.33688,-5.23308,2.81359,1.32878
20.38,0.40374,-0.07945,-0.29374,-0.08296,-0.00317,0.01184,-0.71194,-0.60587,0.06991,-0.00011,-0.93002,-0.01815,-0.00873,-0.08507,0.01327,-0.0002,-0.01822,-0.00338,-0.01228,0.00062,2.38362,-1.01167,2.12633,-26.49098,0.9469,-0.98893,0.93623,-28.01395,7.41692,2.96038,-53.77417,-3.79307,4.77776,1.65512
20.4,0.58388,-0.08257,-0.25429,-0.13694,-0.01039,0.0111,-0.72321,-0.67814,0.07508,0.00274,-0.92347,-0.01829,-0.01063,-0.0034,-0.0233,0.00066,-0.01654,-0.00044,-0.00728,0.00064,4.67747,-1.57182,2.28006,-19.75274,1.0468,-0.73239,0.8166,-27.60612,8.72118,2.93922,-61.72398,-2.27925,6.82432,1.99185
20.42,0.7801,-0.07394,-0.20081,-0.19423,-0.01648,0.01025,-0.70841,-0.76712,0.07836,0.00649,-0.93009,-0.01851,-0.01178,0.09324,-0.05349,0.0014,-0.01428,0.00248,-0.00225,0.0006,6.92975,-1.94629,2.13195,-9.5223,1.25336,-0.42868,0.5237,-25.78384,9.9248,2.83765,-71.83791,-0.7109,8.74032,2.30825
20.44,1.01089,-0.0714,-0.1417,-0.25372,-0.02044,0.00928,-0.6658,-0.87162,0.07857,0.0124,-0.94512,-0.01873,-0.012,0.20173,-0.07115,0.00197,-0.01093,0.00494,0.00181,0.00057,9.15326,-2.25067,1.85222,0.8144,1.57427,-0.15048,0.23488,-21.9074,11.0259,2.66409,-84.2573,0.87594,10.37791,2.61466
20.46,1.30512,-0.08866,-0.08582,-0.31377,-0.02193,0.00817,-0.59717,-0.98293,0.07495,0.02131,-0.96077,-0.01883,-0.01121,0.31498,-0.07404,0.00234,-0.00634,0.00648,0.00408,0.00063,11.59598,-2.60295,1.56143,10.2565,1.99158,0.0634,0.00648,-15.45176,12.07812,2.42802,-98.83261,2.45448,11.64416,2.89571
20.48,1.6623,-0.1381,-0.03841,-0.3699,-0.02169,0.00711,-0.50711,-1.09316,0.06812,0.03204,-0.96649,-0.01873,-0.00945,0.42268,-0.06314,0.0025,-0.00086,0.00702,0.00429,0.00077,14.33305,-2.9451,1.22465,18.82925,2.42983,0.20032,-0.1744,-6.17786,13.01228,2.1212,-115.11442,3.99677,12.4487,3.08803
20.5,1.99418,-0.21081,-0.003,-0.415,-0.02015,0.00575,-0.41081,-1.16886,0.05821,0.04295,-0.94767,-0.01814,-0.00694,0.51183,-0.04178,0.00245,0.00502,0.00666,0.00256,0.00105,17.12544,-3.13327,0.81868,25.6415,2.7377,0.26214,-0.29587,5.89567,13.46361,1.73183,-133.54898,5.35885,12.5859,3.23917
20.52,2.16665,-0.28351,0.01879,-0.44083,-0.01796,0.00388,-0.32152,-1.16673,0.04561,0.05186,-0.88877,-0.01671,-0.00395,0.57036,-0.01519,0.00225,0.01077,0.00565,-0.00062,0.00152,19.4427,-2.99086,0.3724,28.78324,2.72068,0.26378,-0.32543,20.53233,12.96246,1.25029,-154.56767,6.2559,11.86005,3.36989
20.54,2.20767,-0.36195,0.02424,-0.44171,-0.0169,0.00179,-0.23762,-1.08468,0.0317,0.0555,-0.78046,-0.01445,-0.00069,0.58988,0.01125,0.00208,0.01592,0.00439,-0.00467,0.00222,21.41673,-2.55634,-0.01367,28.52506,2.26619,0.22607,-0.29528,37.04969,11.67401,0.72643,-175.48221,6.59426,10.45835,3.36439
20.56,2.14844,-0.43566,0.01394,-0.41538,-0.01795,-0.00064,-0.15877,-0.92887,0.01734,0.05097,-0.61756,-0.01132,0.00257,0.56864,0.03506,0.00203,0.01997,0.00307,-0.0091,0.00316,23.4527,-1.96337,-0.26744,26.34643,1.3348,0.17265,-0.25331,54.13606,9.9418,0.22347,-192.849,6.4322,8.62632,3.11582
20.58,1.92706,-0.45982,-0.00748,-0.36349,-0.02094,-0.00369,-0.08753,-0.69912,0.00309,0.03677,-0.39928,-0.00718,0.00554,0.51287,0.05584,0.0021,0.02268,0.00171,-0.01352,0.0043,25.38869,-1.25195,-0.31178,22.09008,-0.05813,0.12392,-0.21272,70.13675,7.93378,-0.2078,-203.95493,5.81977,6.52562,2.54817
20.6,1.62912,-0.39189,-0.03347,-0.29267,-0.02538,-0.00741,-0.02233,-0.42549,-0.01016,0.01168,-0.13363,-0.00221,0.00793,0.43158,0.0753,0.00219,0.02393,0.00025,-0.01751,0.00569,27.22112,-0.60743,-0.15438,16.51768,-1.77834,0.09933,-0.19034,82.26251,5.69908,-0.50751,-207.17249,4.63064,4.44002,1.84381
20.62,1.31894,-0.20758,-0.05454,-0.21202,-0.03011,-0.01163,0.03773,-0.12896,-0.02207,-0.02095,0.17026,0.00364,0.00947,0.33614,0.09692,0.00211,0.02383,-0.00144,-0.02066,0.0074,28.95374,-0.22617,-0.02241,10.75872,-3.63737,0.10845,-0.19032,87.93958,3.47025,-0.59948,-201.93537,2.76706,2.56132,0.96835
20.64,0.92419,0.08633,-0.06456,-0.13045,-0.03344,-0.01607,0.09368,0.18786,-0.03215,-0.05584,0.50373,0.01051,0.0099,0.2384,0.12325,0.00161,0.02257,-0.00352,-0.02291,0.00914,30.40617,-0.04846,0.03703,5.09081,-5.46658,0.14096,-0.21682,86.6185,1.90522,-0.46796,-185.15158,0.9729,1.04849,-0.34108
20.66,0.44391,0.47213,-0.0622,-0.05475,-0.0342,-0.02056,0.14839,0.50885,-0.03965,-0.09054,0.8548,0.01817,0.00914,0.14507,0.15635,0.00049,0.02039,-0.00606,-0.02438,0.01058,31.35943,0.00934,0.08781,-0.05866,-7.1198,0.17229,-0.27158,79.17282,1.11962,-0.21207,-157.39601,-0.19846,0.00373,-1.87096
20.68,-0.05771,0.91607,-0.04875,0.01039,-0.03219,-0.0249,0.20378,0.81728,-0.04439,-0.12305,1.20814,0.02627,0.00724,0.05829,0.19841,-0.00135,0.01778,-0.00907,-0.02517,0.01161,31.35209,-0.00939,0.01862,-4.17223,-8.48645,0.19351,-0.32827,67.63479,0.86856,0.06571,-124.38346,-0.82542,-0.56265,-3.31252
20.7,-0.53025,1.3787,-0.02446,0.06208,-0.02823,-0.02862,0.26003,1.10522,-0.0464,-0.14818,1.55015,0.0348,0.00437,-0.02186,0.25172,-0.00394,0.01479,-0.01246,-0.02564,0.01206,30.51025,-0.02109,-0.07257,-5.99629,-9.5585,0.16265,-0.40088,53.38299,0.92502,0.15802,-89.37508,-0.71298,-0.76612,-4.22191
20.72,-0.98136,1.83094,0.01045,0.10017,-0.02405,-0.03128,0.31541,1.37375,-0.04593,-0.15865,1.87113,0.04408,0.0008,-0.09588,0.31842,-0.00722,0.01131,-0.01604,-0.02618,0.01175,29.31679,-0.02039,-0.04688,-5.16984,-10.37099,-0.00667,-0.56255,39.14851,0.9481,-0.05235,-57.7153,-0.26714,-0.83267,-4.17365
20.74,-1.38953,2.22111,0.04873,0.12497,-0.0216,-0.03303,0.36839,1.61318,-0.04364,-0.15673,2.1499,0.05346,-0.00311,-0.16479,0.39745,-0.01109,0.00806,-0.01953,-0.02675,0.01073,27.21131,0.01478,-0.0408,-3.00175,-10.85126,-0.25756,-0.75156,28.6903,0.8102,-0.43082,-34.46721,-0.02847,-0.80564,-3.46008
20.76,-1.7005,2.50418,0.08351,0.13726,-0.02213,-0.03406,0.41775,1.80902,-0.0402,-0.1478,2.36664,0.06198,-0.00704,-0.2299,0.48543,-0.01539,0.00568,-0.02259,-0.0271,0.00901,23.72031,0.13332,-0.08708,-0.17015,-10.96347,-0.48049,-0.87502,23.22942,0.56185,-0.88018,-18.32091,-0.01601,-0.70687,-2.62385
20.78,-1.91481,2.67511,0.11229,0.13966,-0.02582,-0.03428,0.46056,1.95815,-0.0359,-0.13247,2.51703,0.06918,-0.01067,-0.29134,0.57868,-0.01995,0.00427,-0.02521,-0.02689,0.00657,19.24793,0.31858,-0.13353,3.08125,-10.76782,-0.66552,-0.93239,22.00775,0.25561,-1.35327,-4.16994,-0.14375,-0.62937,-1.91475
20.8,-2.04022,2.73121,0.13176,0.13564,-0.0319,-0.03399,0.49514,2.06478,-0.03163,-0.11323,2.5992,0.07493,-0.0136,-0.34698,0.67175,-0.02434,0.00391,-0.0263,-0.02529,0.00351,14.36127,0.52076,-0.16943,6.33788,-10.34437,-0.75484,-0.89575,23.09929,-0.06009,-1.81595,13.78283,-0.41603,-0.64812,-1.53724
20.82,-2.08943,2.68167,0.13979,0.12864,-0.03893,-0.03356,0.52057,2.13544,-0.028,-0.09245,2.61551,0.0793,-0.01539,-0.39288,0.75847,-0.02796,0.00446,-0.02434,-0.02136,-8e-05,9.63297,0.67543,-0.18828,9.17141,-9.7764,-0.71074,-0.76339,23.81539,-0.38474,-2.31878,38.52822,-1.02512,-0.7994,-1.48866
20.84,-2.07572,2.55234,0.13611,0.12107,-0.04506,-0.0329,0.53376,2.15503,-0.02427,-0.07178,2.56998,0.08121,-0.0158,-0.42606,0.83241,-0.03067,0.00566,-0.02064,-0.01492,-0.00417,5.11461,0.75825,-0.19216,11.41254,-9.09898,-0.60764,-0.59721,22.82898,-0.71331,-2.83647,69.59519,-2.01489,-1.0483,-1.54817
20.86,-2.01019,2.36368,0.12253,0.11446,-0.04852,-0.03201,0.53328,2.11067,-0.02017,-0.05235,2.47215,0.08001,-0.01474,-0.44389,0.8887,-0.0325,0.00715,-0.01629,-0.0061,-0.00846,0.7043,0.76348,-0.18679,13.158,-8.33989,-0.49697,-0.43601,20.12525,-0.99005,-3.26494,105.05438,-3.11994,-1.31925,-1.53628
20.88,-1.91639,2.13376,0.10376,0.10984,-0.04786,-0.03108,0.52092,2.0106,-0.01609,-0.03367,2.34413,0.07648,-0.01221,-0.44257,0.92497,-0.03332,0.00848,-0.0107,0.00442,-0.01283,-3.5062,0.68174,-0.17189,14.52411,-7.53978,-0.38312,-0.29108,15.60096,-1.16944,-3.54152,139.48716,-4.12384,-1.52486,-1.31397
20.9,-1.79489,1.86541,0.08245,0.10709,-0.04158,-0.03014,0.49692,1.84472,-0.01218,-0.01949,2.20133,0.07028,-0.00841,-0.4179,0.94016,-0.03294,0.00926,-0.00511,0.01518,-0.0161,-7.63888,0.52907,-0.14869,15.58057,-6.7286,-0.27919,-0.17491,10.20421,-1.18164,-3.45945,165.85204,-4.75462,-1.54712,-0.88972
20.92,-1.64163,1.56665,0.0604,0.10563,-0.02861,-0.02916,0.46197,1.60894,-0.00868,-0.01188,2.0601,0.0614,-0.00356,-0.36628,0.93458,-0.03116,0.00928,0.0006,0.02483,-0.01607,-11.8385,0.33885,-0.12027,16.35576,-5.92431,-0.19502,-0.09094,5.12084,-0.98801,-2.85343,176.9042,-4.82693,-1.29651,-0.36227
20.94,-1.48182,1.2645,0.04234,0.10536,-0.00864,-0.02826,0.41959,1.32839,-0.00597,-0.00663,1.95159,0.05184,0.0021,-0.28764,0.90695,-0.02827,0.00878,0.00683,0.03146,-0.01378,-16.16909,0.14602,-0.09072,17.02922,-5.12333,-0.13172,-0.03286,1.27637,-0.66893,-1.96866,171.00769,-4.27901,-0.76733,0.14559
20.96,-1.33177,0.97361,0.03111,0.10653,0.01815,-0.02743,0.37143,1.01938,-0.00411,-0.00182,1.88797,0.0427,0.00832,-0.18516,0.85769,-0.02464,0.00801,0.01181,0.03353,-0.01103,-20.67834,-0.01832,-0.06373,17.68086,-4.32249,-0.091,0.00425,-0.70021,-0.32528,-1.07832,151.62077,-3.18823,-0.00725,0.48546
20.98,-1.18776,0.6965,0.02636,0.10955,0.0508,-0.02658,0.3167,0.68606,-0.00294,0.00152,1.85253,0.03384,0.0147,-0.06594,0.79171,-0.02042,0.00704,0.01466,0.03134,-0.00769,-25.33084,-0.1359,-0.04137,18.15484,-3.53524,-0.07126,0.02337,-0.66593,-0.03092,-0.31877,120.26992,-1.78937,0.9009,0.53652
21,-1.04546,0.43519,0.02813,0.11537,0.08696,-0.02528,0.25419,0.32912,-0.00212,0.00246,1.82759,0.02516,0.02081,0.0576,0.70863,-0.01616,0.00632,0.01485,0.02582,-0.00518,-30.0876,-0.19514,-0.02451,18.34838,-2.77477,-0.06509,0.02728,1.26701,0.14994,0.19402,83.23387,-0.32543,1.80423,0.30485
21.02,-0.90157,0.19892,0.03599,0.12503,0.12277,-0.02316,0.1831,-0.03678,-0.00127,0.00105,1.79103,0.01656,0.02625,0.17302,0.60998,-0.01235,0.00622,0.01259,0.01872,-0.00422,-34.81574,-0.18864,-0.01365,18.07175,-2.0654,-0.06295,0.01966,4.38466,0.1798,0.37024,46.60517,0.94669,2.46034,-0.0266
21.04,-0.75017,0.00292,0.04776,0.13866,0.15548,-0.02029,0.10334,-0.3928,-9e-05,-0.00199,1.70523,0.00788,0.03046,0.26893,0.50706,-0.00897,0.00651,0.00943,0.01229,-0.00354,-39.26123,-0.1375,-0.00899,16.98051,-1.44406,-0.05403,0.00521,8.08863,0.09249,0.27665,12.58195,1.89066,2.76869,-0.36235
21.06,-0.58235,-0.14014,0.06082,0.15509,0.18372,-0.01678,0.01518,-0.73746,0.00185,-0.00663,1.54416,-0.00104,0.03295,0.33647,0.40652,-0.00605,0.00698,0.00636,0.00772,-0.00284,-43.13465,-0.07506,-0.01066,14.74453,-0.93707,-0.02893,-0.01204,12.17134,-0.0398,0.05273,-17.36184,2.52494,2.77103,-0.67162
21.08,-0.38558,-0.21605,0.07256,0.17189,0.2058,-0.01266,-0.07975,-1.07235,0.00495,-0.01282,1.30348,-0.01036,0.03358,0.37283,0.30938,-0.00373,0.00771,0.00364,0.00527,-0.00252,-46.10293,-0.0244,-0.01954,11.10408,-0.54952,0.01766,-0.02932,16.67627,-0.15285,-0.22033,-43.17343,2.95145,2.48406,-0.86028
21.1,-0.13947,-0.21051,0.07912,0.18351,0.22054,-0.00819,-0.17681,-1.38613,0.00944,-0.01945,0.98288,-0.01994,0.03225,0.38005,0.21861,-0.00208,0.00873,0.00142,0.00477,-0.00255,-48.0972,0.00625,-0.03587,6.00182,-0.25089,0.08435,-0.042,20.8033,-0.14451,-0.41726,-55.79685,3.20645,2.07639,-0.84708
21.12,0.16309,-0.11597,0.07745,0.18338,0.22714,-0.00376,-0.26783,-1.65624,0.01508,-0.0242,0.59641,-0.02906,0.029,0.36313,0.13732,-0.00103,0.01007,-0.00032,0.00573,-0.00274,-49.00715,-0.03577,-0.05577,-0.76913,-0.00305,0.15766,-0.04151,23.5449,0.01243,-0.48708,-51.93028,3.31714,1.70652,-0.66739
21.14,0.52187,0.0607,0.06707,0.16894,0.22517,0.00024,-0.34652,-1.88352,0.02156,-0.02614,0.17107,-0.03745,0.02405,0.32725,0.06739,-0.00038,0.01169,-0.00165,0.00766,-0.00306,-48.27489,-0.21186,-0.07436,-9.56059,0.24166,0.22186,-0.02808,25.8811,0.27174,-0.49863,-43.03321,3.43891,1.34517,-0.40598
21.16,0.94367,0.29135,0.04892,0.14035,0.21487,0.00345,-0.40962,-2.07771,0.02851,-0.02504,-0.2702,-0.04522,0.01766,0.27714,0.00984,3e-05,0.01341,-0.00255,0.01022,-0.00345,-45.3605,-0.52151,-0.08864,-20.50459,0.57548,0.2636,-0.01057,28.96713,0.65494,-0.49662,-34.65183,3.67898,0.98736,-0.10865
21.18,1.43664,0.5254,0.02594,0.09968,0.19685,0.00559,-0.45345,-2.2333,0.03508,-0.01994,-0.70442,-0.05223,0.0101,0.21748,-0.03549,0.00036,0.01508,-0.00298,0.01334,-0.00381,-39.89727,-0.95378,-0.09434,-33.54511,1.12874,0.26998,0.00181,32.98466,1.21337,-0.48065,-25.93534,4.02213,0.66573,0.20735
21.2,1.93754,0.70381,-0.00308,0.05209,0.17196,0.00649,-0.48049,-2.33697,0.04015,-0.00975,-1.09761,-0.05761,0.00181,0.15278,-0.06947,0.0007,0.01654,-0.00282,0.0171,-0.00404,-31.83153,-1.60122,-0.06456,-48.93284,1.95281,0.22049,0.00707,37.11658,1.88205,-0.42847,-15.89668,4.3438,0.38694,0.50698
21.22,2.31261,0.7806,-0.03923,0.00472,0.14138,0.00621,-0.49718,-2.37311,0.04248,0.00579,-1.4064,-0.06014,-0.0067,0.08667,-0.093,0.00108,0.01748,-0.00195,0.02165,-0.00412,-21.05124,-2.65916,0.05884,-67.3267,2.95336,0.09821,-0.01432,40.00678,2.40948,-0.33616,-5.90221,4.46016,0.13733,0.7082
21.24,2.56409,0.71254,-0.074,-0.03584,0.1077,0.00498,-0.50213,-2.34413,0.04102,0.02344,-1.61349,-0.0604,-0.01488,0.02123,-0.10806,0.00147,0.01703,-0.00028,0.0271,-0.00406,-7.16713,-4.08528,0.29868,-88.21759,4.11265,-0.06408,-0.09133,42.38507,2.78101,-0.24297,1.53578,4.268,-0.10802,0.79714
21.26,2.73221,0.46587,-0.10119,-0.06576,0.07351,0.00321,-0.49402,-2.25299,0.03508,0.03912,-1.7239,-0.05915,-0.02213,-0.04241,-0.11686,0.00178,0.01448,0.00218,0.03339,-0.00389,9.64027,-5.70484,0.63478,-110.20625,5.42633,-0.22167,-0.22275,45.33684,3.12357,-0.16621,6.40992,3.66764,-0.35989,0.81521
21.28,2.76733,0.03819,-0.12077,-0.08339,0.04068,0.0014,-0.47683,-2.09296,0.0244,0.05043,-1.74439,-0.05606,-0.02789,-0.10386,-0.12069,0.00193,0.00949,0.00533,0.04009,-0.00363,28.56474,-7.41193,1.03263,-131.74803,6.75598,-0.35,-0.40066,48.29509,3.28939,-0.10113,9.14165,2.54594,-0.6226,0.7641
21.3,2.69428,-0.52757,-0.12938,-0.08904,0.01238,6e-05,-0.44973,-1.87472,0.00949,0.05348,-1.7045,-0.05204,-0.03119,-0.16299,-0.12099,0.00183,0.00189,0.00897,0.04672,-0.00331,48.08425,-9.21861,1.55326,-152.18138,7.53197,-0.40997,-0.55898,50.99444,3.18025,-0.05063,10.07682,0.94709,-0.88815,0.6736
21.32,2.53788,-1.15529,-0.12362,-0.08421,-0.00909,-0.00056,-0.41102,-1.60964,-0.00859,0.04642,-1.63886,-0.04803,-0.03096,-0.2196,-0.11885,0.00148,-0.00789,0.01289,0.05283,-0.00297,66.0124,-10.81959,2.33315,-170.88486,7.07895,-0.38776,-0.65248,53.19021,2.72746,-0.01784,9.67728,-0.98616,-1.13563,0.57886
21.34,2.26056,-1.78055,-0.10453,-0.07057,-0.02377,-0.00039,-0.36321,-1.30063,-0.02831,0.03141,-1.55857,-0.04328,-0.02719,-0.27335,-0.11465,0.00092,-0.01918,0.01671,0.05762,-0.0026,80.16315,-11.41705,3.13187,-183.27988,5.80089,-0.31341,-0.68595,54.42219,1.78554,-0.00386,8.26116,-3.07351,-1.35602,0.48128
21.36,1.85415,-2.33053,-0.07478,-0.05046,-0.0316,0.00043,-0.30698,-0.95811,-0.04762,0.0106,-1.46779,-0.03734,-0.02027,-0.32357,-0.1091,0.00025,-0.03172,0.02,0.06048,-0.00222,88.8282,-10.73337,3.61582,-185.41677,4.27229,-0.21507,-0.62272,54.47213,0.29967,-0.00761,6.24153,-5.11614,-1.54653,0.38407
21.38,1.34552,-2.71984,-0.03882,-0.02704,-0.03222,0.0016,-0.24126,-0.60271,-0.06419,-0.01432,-1.36902,-0.0304,-0.01073,-0.36888,-0.10348,-0.00037,-0.04546,0.02247,0.06142,-0.00181,90.96821,-8.72578,3.76055,-176.6257,2.63029,-0.1128,-0.44937,52.85726,-1.73626,-0.02417,4.01909,-6.96406,-1.69875,0.2904
21.4,0.8088,-2.8694,-0.00343,-0.0041,-0.02496,0.00266,-0.16543,-0.26815,-0.07651,-0.04042,-1.24955,-0.02239,0.00019,-0.40533,-0.10018,-0.0008,-0.05932,0.0239,0.06041,-0.00144,85.09985,-6.08083,3.47972,-156.32786,1.36552,-0.02598,-0.18028,49.82374,-4.0438,-0.04571,2.13394,-8.53007,-1.81767,0.21234
21.42,0.28523,-2.73153,0.02099,0.01499,-0.011,0.00307,-0.0808,0.02362,-0.0844,-0.06171,-1.09164,-0.01315,0.01149,-0.42759,-0.10155,-0.00092,-0.0712,0.0242,0.05754,-0.00118,71.72936,-3.7059,2.86129,-126.84934,0.63367,0.03228,0.09684,46.03961,-6.18052,-0.06829,0.88235,-9.78768,-1.9176,0.15911
21.44,-0.2167,-2.33064,0.02229,0.02797,0.00636,0.00253,0.0091,0.26209,-0.0874,-0.07629,-0.88602,-0.00257,0.02223,-0.43411,-0.108,-0.00066,-0.08105,0.02326,0.0532,-0.00096,54.57111,-1.61679,2.14454,-93.14121,0.23346,0.06276,0.29745,41.15134,-7.95183,-0.08624,0.1699,-10.72337,-1.99656,0.11593
21.46,-0.65752,-1.72704,-0.00463,0.03425,0.02464,0.00105,0.10078,0.43571,-0.08508,-0.08602,-0.62632,0.0093,0.03121,-0.42517,-0.11896,-1e-05,-0.08941,0.02118,0.04779,-0.00075,37.31817,0.00265,1.43903,-60.9717,0.04787,0.07447,0.40262,34.94138,-9.11164,-0.08856,-0.09477,-11.33546,-2.0569,0.07598
21.48,-1.00365,-0.9971,-0.05664,0.03529,0.04155,-0.00111,0.18828,0.54677,-0.07769,-0.09152,-0.31119,0.02192,0.03763,-0.40075,-0.13322,0.00091,-0.09495,0.01844,0.04165,-0.00057,22.68273,0.82414,0.76841,-35.07471,-0.00118,0.07565,0.42818,27.92617,-9.35042,-0.07539,-0.0653,-11.66979,-2.11821,0.04543
21.5,-1.26184,-0.24339,-0.12088,0.03455,0.05408,-0.00344,0.2655,0.60519,-0.0671,-0.09213,0.04929,0.03466,0.04101,-0.36317,-0.14767,0.00197,-0.09689,0.01543,0.0351,-0.00041,11.74854,0.78066,0.13388,-16.92995,-0.00338,0.07839,0.44396,21.0588,-8.53694,-0.0409,0.04557,-11.79974,-2.18068,0.02118
21.52,-1.47394,0.43251,-0.17461,0.036,0.05957,-0.00522,0.32914,0.62478,-0.05529,-0.08675,0.44255,0.04734,0.04123,-0.31554,-0.1586,0.00302,-0.09455,0.01263,0.02849,-0.00026,4.95748,0.12901,-0.31107,-6.56569,-0.00381,0.08895,0.6077,15.21383,-6.79365,0.02734,0.06205,-11.8024,-2.24124,0.00453
21.54,-1.62896,0.97222,-0.20741,0.04225,0.0589,-0.00618,0.37053,0.62587,-0.04228,-0.07835,0.85218,0.05841,0.0381,-0.25949,-0.16387,0.00394,-0.08677,0.01072,0.0223,-0.00014,2.32508,-0.63234,-0.48036,-1.87747,0.05629,0.10361,0.93936,10.15629,-4.48348,0.1135,-0.12259,-11.73196,-2.33121,5e-05
21.56,-1.70125,1.36144,-0.22086,0.05407,0.05456,-0.00651,0.38339,0.62463,-0.02915,-0.06924,1.25377,0.06609,0.03186,-0.19587,-0.16297,0.00464,-0.07277,0.00998,0.01667,-5e-05,2.83192,-1.26903,-0.42768,1.15881,0.15122,0.12294,1.34438,5.60509,-2.00344,0.19661,-0.55501,-11.62701,-2.47853,0.00542
21.58,-1.70433,1.61456,-0.21648,0.07047,0.04822,-0.00633,0.37116,0.62976,-0.01756,-0.05822,1.61478,0.06997,0.02352,-0.12523,-0.157,0.0052,-0.05275,0.01029,0.01152,-0,5.04549,-1.72569,-0.22417,6.62569,0.21644,0.14859,1.7778,1.7497,0.32342,0.27183,-1.24153,-11.51713,-2.69032,0.01595
21.6,-1.64849,1.7607,-0.20254,0.08821,0.0418,-0.00585,0.33365,0.64777,-0.00818,-0.04764,1.90583,0.06987,0.01404,-0.04785,-0.14825,0.00562,-0.0289,0.01147,0.00671,1e-05,7.64656,-1.96407,0.02705,17.51093,0.14101,0.18009,2.07572,-1.39638,2.21764,0.32883,-2.16347,-11.42141,-2.98076,0.0308
21.62,-1.54719,1.83202,-0.18842,0.1029,0.03675,-0.00522,0.27368,0.682,-0.00126,-0.03926,2.10363,0.06596,0.00491,0.03567,-0.13966,0.00588,-0.00318,0.01329,0.00207,2e-05,9.23649,-1.85433,0.19647,33.91226,-0.20652,0.2152,2.08991,-3.86743,3.40821,0.35903,-3.28796,-11.35004,-3.36193,0.05143
21.64,-1.40656,1.84882,-0.17746,0.11135,0.03335,-0.0044,0.20252,0.73058,0.00336,-0.03068,2.1623,0.05866,-0.00236,0.1245,-0.13401,0.00608,0.02287,0.01533,-0.00255,6e-05,9.12611,-1.46464,0.20266,53.30158,-0.76248,0.23743,1.84762,-5.7762,3.87631,0.37399,-4.59343,-11.28674,-3.83739,0.07049
21.66,-1.23555,1.82489,-0.17022,0.11212,0.03131,-0.00335,0.12564,0.78966,0.00625,-0.02111,2.0492,0.04852,-0.00735,0.21771,-0.13266,0.00629,0.04683,0.01719,-0.00722,0.00015,7.58721,-1.00135,0.06278,72.53995,-1.3084,0.22405,1.41393,-7.25191,3.81026,0.38486,-6.07376,-11.22014,-4.4035,0.07947
21.68,-1.05892,1.7816,-0.16602,0.10528,0.03051,-0.00211,0.04338,0.85382,0.00814,-0.01185,1.77315,0.03648,-0.01022,0.31303,-0.13534,0.00644,0.0669,0.01869,-0.01194,0.00029,5.08074,-0.52619,-0.15045,86.81873,-1.67851,0.16315,0.8467,-8.33011,3.41834,0.39243,-7.70382,-11.1638,-5.03576,0.0754
21.7,-0.87392,1.7129,-0.16364,0.09221,0.02946,-0.00078,-0.04329,0.91724,0.00979,-0.00478,1.34425,0.02307,-0.01155,0.40752,-0.13999,0.00645,0.08213,0.01963,-0.01652,0.00053,2.42967,0.04285,-0.3438,91.15683,-1.74596,0.06059,0.24171,-9.30885,2.88779,0.41347,-9.67453,-11.08795,-5.72903,0.06087
21.72,-0.67928,1.61245,-0.16134,0.07494,0.02665,0.00047,-0.1329,0.97379,0.01195,-0.00064,0.79752,0.0093,-0.01212,0.49815,-0.14363,0.00631,0.09229,0.0199,-0.02068,0.00097,0.42074,0.80624,-0.46585,81.41283,-1.48735,-0.07149,-0.26561,-10.43283,2.36028,0.46001,-12.30407,-10.9456,-6.47494,0.03859
21.74,-0.50164,1.51456,-0.15698,0.055,0.02293,0.00146,-0.22357,1.0126,0.01532,0.00072,0.19363,-0.00354,-0.01249,0.58031,-0.14445,0.00597,0.09743,0.01947,-0.02423,0.00149,-0.42924,1.52805,-0.46577,59.14026,-0.97434,-0.22098,-0.58051,-11.5521,1.9505,0.51921,-15.63163,-10.7354,-7.18749,0.01224
21.76,-0.35024,1.44111,-0.14996,0.033,0.01907,0.00208,-0.3131,1.02429,0.02042,-0.00138,-0.42367,-0.01507,-0.01302,0.6502,-0.14139,0.00542,0.09804,0.01834,-0.02709,0.00193,-0.12148,1.981,-0.30574,29.68092,-0.34898,-0.36154,-0.69741,-12.55893,1.70446,0.58048,-19.61537,-10.4366,-7.7682,-0.0084
21.78,-0.21371,1.38539,-0.14102,0.00868,0.0149,0.00228,-0.3979,1.00526,0.02744,-0.00749,-1.01929,-0.02524,-0.01398,0.70636,-0.13368,0.00474,0.09518,0.01659,-0.02921,0.00228,0.88461,2.10422,0.05545,-3.70627,0.23918,-0.47785,-0.64564,-13.49241,1.61042,0.64193,-24.23791,-9.98427,-8.14091,-0.01137
21.8,-0.07447,1.33108,-0.13175,-0.01889,0.01029,0.00211,-0.4723,0.95028,0.03604,-0.01683,-1.54613,-0.03373,-0.01536,0.74776,-0.12145,0.00396,0.08919,0.0143,-0.03061,0.00248,1.8018,2.0478,0.42502,-32.33034,0.69259,-0.5495,-0.47079,-14.5042,1.62481,0.71098,-29.95673,-9.2963,-8.22276,0.01322
21.82,0.0759,1.25917,-0.12394,-0.05069,0.00511,0.00167,-0.52892,0.85591,0.0453,-0.02715,-1.94618,-0.03983,-0.01698,0.77408,-0.10561,0.00312,0.08028,0.01161,-0.03133,0.00253,1.71818,1.90347,0.62715,-49.57467,0.97998,-0.55903,-0.21962,-15.71347,1.69787,0.78905,-37.39019,-8.3071,-7.93339,0.07731
21.84,0.2447,1.16939,-0.11737,-0.08793,-0.00015,0.00109,-0.5618,0.72367,0.05458,-0.03729,-2.20191,-0.04371,-0.01867,0.78618,-0.08771,0.00234,0.06951,0.00869,-0.03149,0.00246,0.11648,1.53133,0.82372,-56.28186,1.12155,-0.52898,0.02969,-16.97847,1.82556,0.85764,-45.94754,-7.012,-7.1821,0.19155
21.86,0.45534,1.06725,-0.11138,-0.13215,-0.00512,0.00053,-0.5667,0.55552,0.06355,-0.04652,-2.32579,-0.04598,-0.02024,0.78686,-0.06962,0.00171,0.05759,0.0057,-0.03124,0.00233,-3.21826,1.00304,1.04268,-53.81814,1.16855,-0.48174,0.23777,-18.0892,2.02155,0.90519,-54.96218,-5.44378,-5.92992,0.35305
21.88,0.73661,0.95257,-0.10589,-0.18434,-0.00991,0.00011,-0.54079,0.3546,0.07175,-0.05255,-2.3272,-0.04662,-0.02156,0.78183,-0.05352,0.00122,0.04483,0.00275,-0.03078,0.00219,-8.25141,0.4402,1.23313,-42.82966,1.194,-0.42134,0.43033,-18.79429,2.29344,0.92598,-64.60509,-3.65935,-4.21515,0.5524
21.9,1.08406,0.83921,-0.09813,-0.2438,-0.01399,-8e-05,-0.48832,0.12689,0.07886,-0.05412,-2.24597,-0.04621,-0.02251,0.7775,-0.04209,0.00088,0.03179,0,-0.03043,0.00208,-13.92121,-0.02954,1.21919,-20.80853,1.23335,-0.35923,0.50163,-18.78715,2.54506,0.89416,-75.18087,-1.73678,-2.09791,0.76704
21.92,1.4542,0.73782,-0.08562,-0.30775,-0.01691,-3e-05,-0.41589,-0.11427,0.08456,-0.05059,-2.12825,-0.0454,-0.02301,0.77996,-0.03787,0.00069,0.01946,-0.00238,-0.0305,0.00199,-17.94629,-0.19708,0.92949,5.10248,1.30812,-0.30437,0.40486,-17.59662,2.58983,0.78419,-86.99633,0.21965,0.27764,0.96452
21.94,1.85139,0.63869,-0.07049,-0.37388,-0.01888,0.00021,-0.32675,-0.35198,0.08859,-0.04148,-1.99072,-0.04402,-0.02302,0.79476,-0.04226,0.00064,0.0091,-0.00428,-0.03109,0.00203,-19.51249,-0.23758,0.64444,24.92223,1.46545,-0.25113,0.27941,-14.47249,2.43822,0.60319,-100.18805,2.11013,2.72343,1.11702
21.96,2.29309,0.52372,-0.05509,-0.43923,-0.01994,0.00055,-0.22657,-0.57086,0.09054,-0.02698,-1.84668,-0.0419,-0.02254,0.82205,-0.05492,0.00076,0.00168,-0.00568,-0.03213,0.00229,-18.77527,-0.27694,0.45229,38.57205,1.72209,-0.19639,0.18706,-8.81614,2.1503,0.36933,-114.51673,3.87912,5.08621,1.19751
21.98,2.75151,0.36948,-0.04039,-0.49759,-0.02019,0.00089,-0.12439,-0.75373,0.08955,-0.00771,-1.71256,-0.03916,-0.02159,0.85404,-0.07374,0.00106,-0.0022,-0.00663,-0.0335,0.00274,-15.2831,-0.27307,0.31537,46.17572,2.02182,-0.1406,0.10192,-0.37631,1.62723,0.10327,-129.21763,5.50196,7.21481,1.17753
22,3.12457,0.1743,-0.02671,-0.54125,-0.01969,0.00104,-0.03074,-0.87368,0.08496,0.0109,-1.59392,-0.03559,-0.02026,0.88241,-0.09403,0.00162,-0.00242,-0.00721,-0.03476,0.00347,-8.94163,-0.24497,0.22042,47.89824,2.26484,-0.08138,0.01605,10.75913,0.84218,-0.16601,-144.43666,6.85275,8.83566,1.02829
22.02,3.27856,-0.03956,-0.01341,-0.56232,-0.01916,0.00088,0.04936,-0.90052,0.07643,0.02348,-1.4907,-0.03088,-0.0187,0.89915,-0.10951,0.00246,0.00059,-0.00756,-0.03542,0.00462,-0.25701,-0.21858,0.15808,44.23913,2.31182,-0.01956,-0.05715,24.1943,-0.09449,-0.34167,-160.30456,7.67471,9.59357,0.72422
22.04,3.23916,-0.27143,-0.00087,-0.55489,-0.02037,0.00038,0.11489,-0.83061,0.06376,0.03064,-1.4018,-0.0253,-0.01688,0.89096,-0.11693,0.00355,0.00603,-0.00779,-0.03535,0.00607,9.75223,-0.17808,0.1244,36.72313,2.04296,0.03875,-0.10629,39.05352,-1.0582,-0.33383,-173.67242,7.93565,9.49331,0.26718
22.06,3.04099,-0.51003,0.01019,-0.51691,-0.02448,-0.0005,0.16466,-0.67263,0.04747,0.0317,-1.32321,-0.01896,-0.01481,0.85031,-0.11573,0.00483,0.01248,-0.00798,-0.0346,0.00764,20.37924,-0.11178,0.10964,27.57045,1.38759,0.0857,-0.14298,53.945,-1.92859,-0.1439,-181.36346,7.71616,8.72186,-0.30488
22.08,2.63988,-0.71382,0.01961,-0.4507,-0.03158,-0.00178,0.20189,-0.43748,0.02908,0.02427,-1.24906,-0.01192,-0.01254,0.78075,-0.10636,0.00623,0.01821,-0.00819,-0.03318,0.00928,30.68202,-0.02767,0.10158,17.41423,0.33643,0.11232,-0.16782,67.41054,-2.48882,0.19555,-182.06175,6.9713,7.38942,-0.90837
22.1,2.15067,-0.84937,0.02554,-0.36386,-0.04109,-0.00343,0.22883,-0.15594,0.01082,0.00726,-1.17489,-0.0047,-0.01012,0.68538,-0.0925,0.00763,0.02169,-0.00845,-0.03133,0.01093,39.73946,0.00804,0.08932,9.01321,-1.00444,0.10477,-0.20257,76.46029,-2.67492,0.69208,-173.43123,5.87149,5.83791,-1.44449
22.12,1.65862,-0.89544,0.02588,-0.26585,-0.05171,-0.00537,0.24646,0.1501,-0.00562,-0.01598,-1.09465,0.00257,-0.00759,0.57041,-0.07833,0.00892,0.02219,-0.00875,-0.02933,0.0125,47.01059,-0.08685,0.06483,4.18212,-2.52521,0.04531,-0.26989,78.32966,-2.37915,1.35015,-154.91003,4.618,4.31876,-1.84777
22.14,1.10922,-0.84833,0.02047,-0.16464,-0.06122,-0.00746,0.2606,0.4674,-0.01914,-0.04039,-0.99542,0.00996,-0.00505,0.44786,-0.06585,0.01,0.01972,-0.00912,-0.0273,0.01391,51.44879,-0.28063,0.03731,1.35688,-4.08741,-0.05826,-0.33358,73.74716,-1.53976,1.87961,-128.5669,3.33811,2.90817,-2.00711
22.16,0.52103,-0.71862,0.01137,-0.06706,-0.06745,-0.00955,0.27689,0.77377,-0.02883,-0.06354,-0.86074,0.01714,-0.00258,0.32509,-0.0561,0.0108,0.01508,-0.00958,-0.02534,0.01506,52.28889,-0.4984,0.02004,0.0058,-5.50939,-0.17899,-0.36754,64.93528,-0.54255,2.06601,-98.42431,2.1569,1.72936,-1.89084
22.18,-0.03097,-0.52648,0.00272,0.02125,-0.06885,-0.01151,0.29809,1.05085,-0.03466,-0.08283,-0.67266,0.02402,-0.00033,0.20485,-0.04913,0.01121,0.00989,-0.01011,-0.02357,0.01596,49.42681,-0.73228,0.02158,0.34323,-6.69829,-0.29622,-0.36732,54.39105,0.27323,1.98566,-69.48848,1.17853,0.85907,-1.59945
22.2,-0.49613,-0.30524,-0.00104,0.09612,-0.0644,-0.01318,0.3235,1.28956,-0.03679,-0.09593,-0.40961,0.03059,0.00152,0.08964,-0.04408,0.01117,0.00508,-0.01073,-0.02209,0.01656,44.07966,-0.9024,0.04465,1.95655,-7.60985,-0.37537,-0.33023,43.8298,0.65241,1.58599,-43.93042,0.54496,0.32378,-1.21656
22.22,-0.90628,-0.09134,0.00792,0.15586,-0.05398,-0.01443,0.35039,1.49039,-0.03555,-0.10116,-0.05508,0.03691,0.0028,-0.01854,-0.0394,0.01065,0.00116,-0.01141,-0.02099,0.01681,38.08998,-0.93352,0.07632,4.0472,-8.24625,-0.3936,-0.26447,35.04434,0.54834,0.99847,-23.24887,0.13748,0.01853,-0.86037
22.24,-1.26276,0.08729,0.03292,0.19997,-0.03812,-0.01525,0.38117,1.63868,-0.03277,-0.09853,0.39373,0.04307,0.00341,-0.11876,-0.03296,0.00965,-0.00112,-0.01212,-0.02019,0.01682,31.50701,-0.84872,0.1063,6.05697,-8.6268,-0.36508,-0.18509,29.85575,0.19371,0.53077,-7.15895,-0.22012,-0.18852,-0.62494
22.26,-1.52033,0.21476,0.06975,0.22916,-0.01773,-0.01569,0.41764,1.71937,-0.0303,-0.08958,0.92696,0.04904,0.00341,-0.21121,-0.02362,0.0082,-0.00177,-0.0128,-0.01959,0.0166,24.27426,-0.68582,0.13011,7.79299,-8.76686,-0.30963,-0.10794,28.22611,-0.27504,0.2478,8.19309,-0.57627,-0.36279,-0.49652
22.28,-1.68728,0.28926,0.11421,0.24582,0.00593,-0.01578,0.45593,1.73935,-0.02882,-0.07566,1.50683,0.05455,0.00306,-0.29613,-0.01154,0.00646,-0.00143,-0.01341,-0.01903,0.01604,17.22998,-0.48241,0.14212,9.00168,-8.70416,-0.24344,-0.0462,28.64114,-0.83156,0.05357,27.27471,-0.96325,-0.54136,-0.39438
22.3,-1.78789,0.31675,0.16117,0.25422,0.03119,-0.01544,0.49309,1.69454,-0.02867,-0.05848,2.09637,0.05988,0.00278,-0.37245,0.00223,0.00464,-0.00069,-0.01378,-0.01825,0.01514,10.95826,-0.27752,0.13731,9.58012,-8.48289,-0.17877,-0.00858,29.03828,-1.48726,-0.16038,52.08028,-1.42089,-0.72844,-0.2242
22.32,-1.85288,0.30783,0.20606,0.25889,0.05572,-0.01458,0.52595,1.58174,-0.02957,-0.03958,2.68188,0.06543,0.00304,-0.4376,0.0162,0.00292,-1e-05,-0.01368,-0.01698,0.01393,5.74814,-0.12458,0.11775,9.58432,-8.14156,-0.1224,0.0035,27.24797,-2.247,-0.47736,79.50794,-1.97935,-0.88867,0.07225
22.34,-1.87857,0.27716,0.24407,0.26092,0.07807,-0.01333,0.54773,1.41819,-0.03066,-0.02098,3.1936,0.07007,0.00423,-0.48921,0.02882,0.00149,0.00037,-0.01318,-0.0151,0.01221,1.34747,-0.05983,0.09346,9.25249,-7.69552,-0.07819,-0.00345,23.06104,-3.04815,-0.84388,104.90838,-2.47063,-0.92844,0.47101
22.36,-1.85609,0.23592,0.27135,0.26032,0.09787,-0.01174,0.55367,1.21665,-0.03124,-0.0043,3.55734,0.07271,0.0065,-0.52459,0.0388,0.0004,0.00035,-0.01239,-0.01263,0.00995,-2.5725,-0.08312,0.07,8.79751,-7.16138,-0.04116,-0.0192,17.52697,-3.79793,-1.14613,125.45758,-2.64536,-0.75736,0.89823
22.38,-1.80992,0.19108,0.28778,0.25768,0.11509,-0.00975,0.54373,0.98201,-0.03084,0.00997,3.76999,0.07332,0.00969,-0.53956,0.04524,-0.00033,-0,-0.01133,-0.00975,0.00743,-6.09708,-0.17781,0.04733,8.27843,-6.56425,-0.00144,-0.03511,11.16284,-4.41433,-1.29994,137.1089,-2.42095,-0.34802,1.2288
22.4,-1.73318,0.14642,0.29066,0.25099,0.12966,-0.00732,0.51721,0.71638,-0.02884,0.01932,3.81594,0.07123,0.01344,-0.52909,0.04748,-0.00075,-0.00061,-0.01028,-0.00695,0.0048,-9.48341,-0.31676,0.02446,7.80214,-5.91289,0.0403,-0.04489,5.10162,-4.69622,-1.17699,137.60884,-1.80479,0.27332,1.35481
22.42,-1.61625,0.10544,0.27763,0.23752,0.14152,-0.00449,0.47566,0.42808,-0.02496,0.02238,3.68908,0.06594,0.01731,-0.48807,0.0451,-0.00092,-0.00138,-0.00957,-0.00481,0.00243,-12.93763,-0.46437,-0.00046,7.37852,-5.22083,0.07545,-0.04819,0.201,-4.50179,-0.78228,126.15,-0.92477,0.97983,1.25328
22.44,-1.48255,0.07253,0.254,0.21677,0.15187,-0.00141,0.42614,0.13165,-0.01957,0.0214,3.43227,0.05791,0.02075,-0.41321,0.03792,-0.00091,-0.00205,-0.00917,-0.00378,0.00076,-16.44314,-0.59686,-0.02975,6.85203,-4.52195,0.10178,-0.04996,-3.31078,-3.99499,-0.3026,104.63633,0.0452,1.62673,0.9284
22.46,-1.34649,0.05007,0.22501,0.18859,0.16228,0.00177,0.37268,-0.16656,-0.01292,0.01767,3.08132,0.04762,0.02331,-0.30458,0.02604,-0.00077,-0.00239,-0.00909,-0.00413,-0.00014,-19.96644,-0.70311,-0.06458,6.07922,-3.85112,0.11794,-0.05463,-5.34262,-3.36064,0.11753,76.92065,0.96443,2.13542,0.43425
22.48,-1.20726,0.03898,0.19274,0.15312,0.17398,0.00485,0.31457,-0.46431,-0.00505,0.01116,2.6586,0.03548,0.02481,-0.16729,0.01001,-0.00057,-0.00228,-0.0094,-0.00582,-0.00043,-23.4666,-0.76838,-0.10469,4.94668,-3.23642,0.12049,-0.06546,-6.02067,-2.69462,0.39499,45.31154,1.75195,2.43541,-0.12503
22.5,-1.04083,0.03975,0.15939,0.11235,0.1873,0.00752,0.2516,-0.75355,0.00398,0.00201,2.17887,0.02171,0.02519,-0.01321,-0.00934,-0.00036,-0.0018,-0.00994,-0.00844,-0.00028,-27.05335,-0.77103,-0.1469,3.37379,-2.67992,0.10869,-0.08359,-5.27612,-1.99558,0.45734,15.73131,2.34316,2.53782,-0.57024
22.52,-0.83283,0.05362,0.12707,0.06892,0.20186,0.00945,0.18237,-1.01884,0.01397,-0.00861,1.66336,0.00723,0.02447,0.14333,-0.03024,-0.00016,-0.00098,-0.0105,-0.01135,0.0001,-30.77857,-0.68807,-0.18491,1.20071,-2.17291,0.0824,-0.10734,-3.51086,-1.31494,0.2922,-7.55465,2.68537,2.4889,-0.79766
22.54,-0.5998,0.08445,0.09928,0.02458,0.21832,0.0104,0.10357,-1.25534,0.02478,-0.01947,1.1463,-0.0067,0.02272,0.28859,-0.05095,-2e-05,0.00024,-0.01096,-0.01394,0.00055,-34.29613,-0.50325,-0.21381,-1.83063,-1.72431,0.04704,-0.13692,-1.34859,-0.82527,0.0543,-24.63157,2.83176,2.2788,-0.83708
22.56,-0.34249,0.13905,0.07903,-0.01986,0.23675,0.01037,0.0141,-1.466,0.03648,-0.03048,0.64253,-0.01973,0.01996,0.41135,-0.0705,7e-05,0.00177,-0.01122,-0.01574,0.00095,-37.19427,-0.20149,-0.23197,-5.9552,-1.33262,0.00761,-0.17331,1.06508,-0.52682,-0.11965,-36.12692,2.87222,1.92642,-0.70626
22.58,-0.04284,0.22454,0.06662,-0.06487,0.2551,0.00955,-0.08441,-1.64836,0.04917,-0.0418,0.15059,-0.03186,0.01616,0.50543,-0.0875,9e-05,0.00345,-0.01111,-0.01639,0.0012,-39.13216,0.23928,-0.24021,-11.38248,-0.97463,-0.03386,-0.21273,3.95223,-0.33772,-0.1703,-43.07531,2.86634,1.48172,-0.40104
22.6,0.31325,0.34618,0.05936,-0.1115,0.26963,0.00818,-0.18732,-1.79434,0.06235,-0.05125,-0.3315,-0.04277,0.01125,0.56882,-0.10035,9e-05,0.00518,-0.01053,-0.01565,0.00123,-39.94014,0.8245,-0.23725,-18.41326,-0.59995,-0.08046,-0.25774,7.46339,-0.2638,-0.03876,-40.54686,2.82459,1.03602,0.07202
22.62,0.70927,0.50219,0.05434,-0.16005,0.27579,0.00655,-0.28624,-1.89369,0.07504,-0.05449,-0.80324,-0.05187,0.0052,0.60215,-0.10735,8e-05,0.00684,-0.00938,-0.01339,0.00098,-39.37358,1.45793,-0.22121,-27.47836,-0.1694,-0.1504,-0.32046,11.29457,-0.28656,0.15001,-29.0824,2.77169,0.64389,0.60328
22.64,1.13696,0.67509,0.05142,-0.21138,0.27139,0.00503,-0.37533,-1.94631,0.08727,-0.05211,-1.26661,-0.05925,-0.00199,0.60631,-0.10701,0.0001,0.00841,-0.00751,-0.00947,0.00041,-36.78046,2.06115,-0.19832,-38.74501,0.34639,-0.2512,-0.40156,15.71861,-0.38545,0.26107,-17.69467,2.77314,0.28775,1.09711
22.66,1.60981,0.82961,0.05087,-0.26557,0.25589,0.00377,-0.45231,-1.95268,0.09926,-0.04636,-1.72718,-0.06538,-0.01025,0.58179,-0.09861,0.00015,0.00983,-0.00475,-0.00381,-0.00055,-31.63013,2.63779,-0.17423,-52.07022,1.01877,-0.37666,-0.49596,21.40737,-0.53002,0.29207,-9.2686,2.85741,-0.02091,1.54917
22.68,2.12673,0.91452,0.05283,-0.31953,0.22893,0.00273,-0.51434,-1.90658,0.11047,-0.03659,-2.1862,-0.07033,-0.01941,0.52891,-0.08242,0.00019,0.01117,-0.00096,0.00358,-0.00197,-23.71739,3.17858,-0.14629,-67.05265,1.95798,-0.52049,-0.60441,28.36819,-0.732,0.23533,-2.79141,2.99236,-0.26801,1.95043
22.7,2.61956,0.89948,0.05752,-0.36794,0.1917,0.00183,-0.56413,-1.79741,0.12019,-0.02362,-2.63053,-0.07362,-0.02907,0.44824,-0.05934,0.00016,0.01235,0.00396,0.01256,-0.00391,-13.16979,3.37465,-0.09936,-83.94367,3.165,-0.67728,-0.73484,35.96748,-1.03352,0.10726,1.91689,3.0726,-0.46063,2.22825
22.72,2.97067,0.78791,0.06528,-0.40444,0.14652,0.00104,-0.60782,-1.61347,0.12739,-0.00903,-3.03596,-0.07459,-0.03864,0.3419,-0.03137,-3e-05,0.01322,0.0101,0.02294,-0.00642,-0.14561,2.69699,0.00129,-103.35094,4.45734,-0.82964,-0.91429,42.8789,-1.44225,-0.04824,4.84566,2.96155,-0.62336,2.283
22.74,3.18,0.56725,0.07765,-0.42426,0.09925,0.00036,-0.64141,-1.35917,0.13125,0.00457,-3.38432,-0.07358,-0.04754,0.2144,-0.00132,-0.00044,0.01372,0.01743,0.03438,-0.00942,15.14489,1.21778,0.1922,-123.56859,5.75365,-0.93049,-1.11915,48.81131,-1.92756,-0.18886,6.18938,2.57738,-0.77858,2.18251
22.76,3.26847,0.23952,0.09501,-0.42654,0.05589,-0.00011,-0.65834,-1.04109,0.131,0.0148,-3.6562,-0.07098,-0.05518,0.07516,0.02884,-0.00112,0.01374,0.02569,0.0463,-0.01271,31.90007,-0.68928,0.49015,-142.11772,6.98646,-0.94633,-1.29064,54.1864,-2.46503,-0.29495,6.3968,1.83815,-0.93602,2.0148
22.78,3.18642,-0.15679,0.11452,-0.41434,0.01963,-0.00031,-0.65669,-0.6677,0.12541,0.02133,-3.82399,-0.06655,-0.06093,-0.06106,0.05727,-0.00208,0.01305,0.03398,0.05771,-0.01621,48.96231,-2.82626,0.88046,-157.16837,7.96034,-0.86775,-1.38927,58.40413,-3.08643,-0.35365,5.7363,0.68538,-1.10765,1.7681
22.8,2.98291,-0.5315,0.13431,-0.39379,-0.00178,-0.00015,-0.62171,-0.27167,0.11541,0.0207,-3.82303,-0.06003,-0.06353,-0.17542,0.08283,-0.00325,0.01101,0.04196,0.06773,-0.01894,64.25564,-5.27287,1.45707,-167.48235,8.02532,-0.69534,-1.33997,61.2098,-3.95143,-0.36545,4.53352,-0.82597,-1.28234,1.48488
22.82,2.71087,-0.79154,0.15026,-0.37217,-0.00706,0.00026,-0.53768,0.12623,0.10249,0.01328,-3.58357,-0.05107,-0.06151,-0.24795,0.10536,-0.00456,0.00717,0.04979,0.07564,-0.01922,75.30283,-7.67677,2.42977,-172.20278,6.54783,-0.45668,-1.11519,62.51,-5.30107,-0.34168,3.12587,-2.57913,-1.43261,1.20829
22.84,2.34374,-0.94105,0.14967,-0.3566,-0.00468,0.00071,-0.41175,0.51231,0.08587,0.00477,-3.12618,-0.04008,-0.055,-0.26723,0.12236,-0.00586,0.00157,0.05525,0.07986,-0.0177,80.68511,-8.7552,3.52294,-167.67683,4.39736,-0.19749,-0.67182,61.93985,-7.12026,-0.29323,1.7693,-4.42039,-1.55611,0.93443
22.86,1.89087,-0.98779,0.12086,-0.34998,0.0011,0.00109,-0.25319,0.85744,0.06621,-0.00314,-2.48404,-0.02739,-0.0446,-0.23272,0.13066,-0.00699,-0.00585,0.05653,0.07943,-0.01549,80.06149,-8.1619,4.29078,-152.47481,2.4477,0.03217,-0.00772,59.35649,-9.2409,-0.23349,0.68975,-6.18815,-1.66042,0.67338
22.88,1.3959,-0.91067,0.05788,-0.34915,0.00854,0.00128,-0.07179,1.13695,0.04633,-0.01108,-1.67825,-0.01316,-0.03079,-0.15178,0.12847,-0.00778,-0.01506,0.05449,0.07511,-0.01238,74.0338,-6.15991,4.6722,-129.39645,0.87614,0.1954,0.7619,54.5394,-11.48692,-0.17468,0.03695,-7.76647,-1.75177,0.44151
22.9,0.91803,-0.71654,-0.04111,-0.35137,0.01483,0.00115,0.11138,1.33627,0.02911,-0.01819,-0.79688,0.00129,-0.01547,-0.03941,0.11333,-0.00805,-0.02519,0.0492,0.06771,-0.00961,62.30307,-3.65901,4.29838,-99.22456,0.20542,0.27713,1.33909,48.26094,-13.60258,-0.12618,-0.16849,-9.10204,-1.83109,0.25849
22.92,0.48869,-0.43703,-0.17057,-0.35315,0.01663,0.00068,0.28683,1.45082,0.01639,-0.02126,0.10669,0.01659,2e-05,0.08642,0.08383,-0.00758,-0.03404,0.04142,0.05848,-0.00814,46.54501,-1.73586,3.1845,-66.47443,0.02332,0.3093,1.46871,41.73893,-15.22543,-0.09281,-0.09685,-10.19581,-1.89867,0.12782
22.94,0.10333,-0.12231,-0.32129,-0.34506,0.01271,-3e-05,0.44307,1.4649,0.00852,-0.02105,1.00815,0.03296,0.01508,0.20935,0.04143,-0.0063,-0.04043,0.0338,0.04947,-0.00696,31.1716,-0.39746,1.95536,-38.6815,-0.14686,0.30696,1.46033,34.74856,-15.8499,-0.06374,0.01875,-11.02381,-1.98499,0.03217
22.96,-0.23014,0.18211,-0.48265,-0.32124,0.00391,-0.0008,0.56336,1.37298,0.00486,-0.02008,1.84134,0.04834,0.0284,0.31654,-0.00977,-0.00425,-0.04385,0.02775,0.04191,-0.00562,18.64738,0.35972,0.9209,-18.89264,-0.22551,0.28559,1.56266,27.19534,-15.1527,-0.02566,-0.0995,-11.57893,-2.11696,-0.0351
22.98,-0.50425,0.43907,-0.64204,-0.28332,-0.00938,-0.00146,0.64694,1.1997,0.00408,-0.01786,2.54048,0.06118,0.03897,0.39774,-0.06251,-0.00167,-0.04294,0.02335,0.03618,-0.0044,9.5399,0.45339,0.1503,-6.88303,-0.19996,0.26678,1.91144,19.84926,-13.16442,0.01065,-0.67996,-11.92693,-2.29082,-0.07992
23,-0.72575,0.62086,-0.7789,-0.23466,-0.02608,-0.00184,0.69078,0.95925,0.00447,-0.01576,3.06457,0.07064,0.04609,0.44645,-0.10641,0.00097,-0.03776,0.02069,0.03239,-0.00335,3.65319,-0.02119,-0.29408,-1.19926,-0.15867,0.26682,2.33048,13.37728,-10.08144,0.07298,-1.86596,-12.11696,-2.50759,-0.10482
23.02,-0.91169,0.72408,-0.86837,-0.18047,-0.04377,-0.00184,0.69334,0.67966,0.00441,-0.01539,3.39839,0.07659,0.04946,0.45957,-0.13025,0.00324,-0.02849,0.01969,0.03043,-0.00249,0.47334,-0.70942,-0.37906,0.2665,-0.19053,0.28565,2.4749,8.18084,-6.37104,0.22528,-3.78159,-12.19128,-2.76747,-0.10441
23.04,-1.06189,0.7609,-0.90543,-0.12665,-0.05964,-0.0016,0.66819,0.4118,0.00296,-0.01556,3.47658,0.07705,0.04885,0.4321,-0.12747,0.00473,-0.01389,0.02009,0.03008,-0.00183,-0.56752,-1.29235,-0.25123,0.02018,-0.29716,0.31452,2.43808,4.09955,-2.64215,0.41377,-6.17219,-12.23589,-3.05579,-0.08775
23.06,-1.16762,0.74598,-0.89616,-0.07689,-0.07195,-0.00129,0.62626,0.17795,-0.00013,-0.01517,3.25771,0.07093,0.04457,0.36389,-0.09775,0.00517,0.00582,0.02155,0.03091,-0.00134,-0.22092,-1.7377,-0.06904,0.11147,-0.47183,0.34069,2.29845,0.84309,0.68514,0.56224,-8.61406,-12.31628,-3.36002,-0.06615
23.08,-1.22976,0.70123,-0.84513,-0.03291,-0.07966,-0.00101,0.57056,-0.02111,-0.00452,-0.01416,2.79848,0.06024,0.03781,0.26395,-0.04634,0.00471,0.02862,0.02356,0.0322,-0.00099,0.72005,-2.03668,0.0833,1.67317,-0.68517,0.3461,1.98341,-1.7324,3.4305,0.6713,-10.92746,-12.45431,-3.66758,-0.03959
23.1,-1.24794,0.65109,-0.76849,0.00473,-0.0821,-0.00084,0.50141,-0.18904,-0.00949,-0.01275,2.1319,0.04527,0.02961,0.14429,0.01565,0.00364,0.05171,0.02561,0.03314,-0.00069,1.76708,-2.126,0.16468,4.95586,-0.87252,0.30899,1.46433,-3.80692,5.54197,0.70826,-12.88065,-12.66617,-3.98269,-0.00501
23.12,-1.22638,0.60787,-0.68344,0.03665,-0.07963,-0.0008,0.41831,-0.33476,-0.01405,-0.01096,1.35131,0.02794,0.02142,0.02346,0.07653,0.00244,0.07229,0.02719,0.03297,-0.0004,2.4476,-1.87297,0.19345,9.29405,-0.93878,0.21767,0.8208,-5.55249,7.03366,0.65664,-14.3153,-12.94139,-4.31821,0.04295
23.14,-1.16792,0.56716,-0.59653,0.06413,-0.07345,-0.00079,0.32178,-0.46617,-0.01778,-0.00849,0.62288,0.01248,0.01496,-0.07982,0.12615,0.00157,0.08716,0.02752,0.03073,-9e-05,2.29111,-1.38769,0.2246,13.55904,-0.75206,0.07823,0.22149,-7.18174,8.06149,0.56643,-15.47059,-13.23252,-4.634,0.10939
23.16,-1.07674,0.52644,-0.51274,0.08866,-0.06457,-0.00076,0.21081,-0.58836,-0.02073,-0.00542,0.02132,6e-05,0.01078,-0.15695,0.15712,0.00119,0.0942,0.02605,0.02595,0.00021,1.32762,-0.86438,0.29741,16.85623,-0.24289,-0.09033,-0.23843,-8.8462,8.79558,0.47279,-16.55362,-13.47703,-4.89027,0.19475
23.18,-0.96631,0.48592,-0.43702,0.11191,-0.05399,-0.00069,0.08342,-0.70464,-0.02265,-0.00233,-0.43873,-0.00983,0.00845,-0.20596,0.16807,0.00117,0.09408,0.02283,0.01904,0.00047,-0.18738,-0.33714,0.42822,18.2514,0.55692,-0.25849,-0.51811,-10.57562,9.29449,0.3934,-17.54129,-13.59421,-5.09422,0.29107
23.2,-0.83969,0.44056,-0.37066,0.13513,-0.04215,-0.00063,-0.06077,-0.8097,-0.02301,-0.00038,-0.76265,-0.01773,0.00716,-0.23151,0.16155,0.00128,0.08821,0.01796,0.01074,0.00061,-1.88005,0.11065,0.59588,16.86837,1.53412,-0.39462,-0.61503,-12.57384,9.48582,0.35529,-18.67488,-13.52195,-5.19097,0.41428
23.22,-0.69843,0.38867,-0.31355,0.15882,-0.02988,-0.00063,-0.21776,-0.89302,-0.02116,-7e-05,-0.97613,-0.02439,0.0059,-0.24234,0.14315,0.00135,0.07865,0.01183,0.00232,0.00057,-3.28685,0.4096,0.79197,11.97265,2.49349,-0.47934,-0.59553,-15.03376,9.28483,0.38356,-20.21199,-13.21219,-5.11223,0.58907
23.24,-0.55647,0.33101,-0.26543,0.18255,-0.01895,-0.00064,-0.3829,-0.95304,-0.01672,-0.00153,-1.10438,-0.03025,0.00356,-0.2453,0.12051,0.00123,0.06775,0.00514,-0.00497,0.00024,-4.04728,0.57944,1.01746,3.80138,3.23583,-0.50444,-0.49807,-17.83547,8.78771,0.49558,-21.96716,-12.57343,-4.90966,0.76929
23.26,-0.42325,0.26802,-0.22535,0.2045,-0.01021,-0.00061,-0.55279,-0.99029,-0.00936,-0.00554,-1.17254,-0.03557,-0.00052,-0.24562,0.09951,0.0009,0.05681,-0.00171,-0.01072,-0.00042,-4.01253,0.60949,1.26536,-6.67578,3.62207,-0.47507,-0.34452,-20.84755,8.14346,0.69856,-23.89155,-11.55984,-4.61864,0.90585
23.28,-0.29927,0.20275,-0.19238,0.22139,-0.00374,-0.00055,-0.7213,-1.00143,0.00114,-0.01296,-1.20657,-0.04056,-0.00643,-0.24713,0.08366,0.00042,0.04611,-0.00849,-0.015,-0.00132,-3.22916,0.45591,1.56972,-18.71614,3.59689,-0.41544,-0.21496,-23.99075,7.49205,0.9785,-26.27874,-10.21325,-4.20044,0.99795
23.3,-0.17579,0.13876,-0.16536,0.22655,0.00056,-0.00047,-0.87413,-0.98793,0.01456,-0.02286,-1.23045,-0.04488,-0.01372,-0.25072,0.07509,-9e-05,0.03499,-0.01496,-0.0184,-0.00221,-1.84833,0.27266,1.80004,-29.57527,3.2316,-0.34759,-0.04149,-27.21761,6.93088,1.30975,-29.39159,-8.57318,-3.67358,1.04158
23.32,-0.04812,0.08287,-0.14333,0.21241,0.00292,-0.00036,-0.99039,-0.95264,0.03002,-0.03205,-1.26463,-0.04792,-0.02125,-0.25483,0.0745,-0.0005,0.02299,-0.02087,-0.02173,-0.00264,-0.31439,0.15907,1.83421,-36.64394,2.67757,-0.29359,0.29268,-30.36007,6.54542,1.67291,-33.53463,-6.71924,-3.03046,1.04191
23.34,0.08656,0.04385,-0.12572,0.17624,0.00378,-0.00023,-1.06087,-0.89638,0.04642,-0.04031,-1.32029,-0.04968,-0.0282,-0.25583,0.08118,-0.00073,0.01033,-0.02604,-0.02546,-0.00254,0.85702,-0.02324,1.83901,-39.15085,2.06442,-0.27757,0.61644,-32.88193,6.48675,2.03529,-39.22369,-4.79536,-2.18266,1.02163
23.36,0.24686,0.02726,-0.11168,0.11749,0.00364,-0.00011,-1.08209,-0.82211,0.0627,-0.04825,-1.40061,-0.05026,-0.03423,-0.24812,0.09343,-0.00076,-0.00301,-0.03037,-0.02966,-0.00216,1.36127,-0.29991,1.89106,-36.92128,1.51615,-0.30819,0.82071,-34.18911,6.81508,2.35284,-46.8672,-2.92294,-1.08787,0.99837
23.38,0.46457,0.03574,-0.10031,0.03692,0.00303,-1e-05,-1.0479,-0.73549,0.07753,-0.05341,-1.50311,-0.04947,-0.03898,-0.22445,0.10864,-0.00064,-0.01685,-0.0338,-0.03414,-0.00154,1.16403,-0.6582,1.97619,-29.94872,1.13262,-0.37962,0.98971,-33.78029,7.46395,2.5998,-56.55227,-1.17634,0.2443,0.97871
23.4,0.74607,0.06806,-0.08988,-0.061,0.00244,7e-05,-0.97135,-0.64822,0.09006,-0.05562,-1.61018,-0.0474,-0.04251,-0.17622,0.12304,-0.00044,-0.03048,-0.03579,-0.03804,-0.00102,0.49422,-1.03923,1.89938,-15.69989,0.94007,-0.47568,0.97996,-31.37653,8.23383,2.74705,-68.82827,0.41785,1.76721,0.9658
23.42,1.05547,0.11581,-0.07858,-0.16987,0.00234,0.00012,-0.87045,-0.57147,0.09991,-0.05583,-1.6972,-0.04428,-0.04507,-0.09606,0.13262,-0.00024,-0.04281,-0.03559,-0.04022,-0.00082,-0.00847,-1.2458,1.45887,1.93564,0.94963,-0.56619,0.72186,-26.67314,8.79956,2.7429,-84.30989,1.8534,3.36744,0.95613
23.44,1.4048,0.15985,-0.06606,-0.28237,0.00312,9e-05,-0.74838,-0.50645,0.106,-0.05205,-1.75432,-0.04026,-0.04673,0.01835,0.13388,-0.0002,-0.05279,-0.03357,-0.04016,-0.00073,0.33787,-1.31115,0.91504,16.06457,1.17176,-0.61542,0.43744,-19.10513,9.07771,2.56552,-102.39798,3.17278,4.91295,0.93143
23.46,1.82347,0.17112,-0.05092,-0.39067,0.00512,-6e-05,-0.61181,-0.45104,0.10744,-0.04279,-1.7776,-0.03558,-0.04759,0.16286,0.1245,-0.00041,-0.05955,-0.03015,-0.03776,-0.00063,1.93974,-1.3047,0.45725,26.3727,1.58756,-0.59905,0.21234,-8.39946,9.09112,2.23922,-121.96102,4.47876,6.27888,0.86268
23.48,2.28995,0.11388,-0.03067,-0.48606,0.00857,-0.0004,-0.47369,-0.40177,0.10417,-0.02853,-1.76152,-0.03047,-0.04786,0.3248,0.10376,-0.0008,-0.06234,-0.02524,-0.03308,-0.00057,5.01424,-1.10223,0.11348,32.88458,2.11545,-0.50951,0.01378,5.27522,8.64143,1.81946,-141.63704,5.85879,7.34223,0.71549
23.5,2.71629,-0.01857,-0.00392,-0.55872,0.01322,-0.00095,-0.34842,-0.34894,0.09643,-0.01186,-1.70994,-0.02533,-0.04783,0.48591,0.071,-0.00121,-0.0611,-0.01975,-0.02675,-0.00051,9.50351,-0.61518,-0.03398,35.4697,2.58297,-0.36642,-0.16349,21.34353,7.72432,1.30943,-161.29472,7.20576,7.90625,0.46623
23.52,2.98235,-0.18569,0.02839,-0.59965,0.01809,-0.00156,-0.24456,-0.28192,0.08494,0.00423,-1.63036,-0.02046,-0.04777,0.62949,0.02817,-0.00137,-0.05655,-0.01446,-0.01958,-0.00041,14.95593,0.08793,0.03299,34.15432,2.74186,-0.21247,-0.29174,38.88804,6.52748,0.74005,-181.01841,8.1927,7.76318,0.08683
23.54,3.09091,-0.36407,0.06282,-0.6013,0.02265,-0.00221,-0.15991,-0.1952,0.07059,0.01911,-1.5284,-0.01593,-0.04761,0.7397,-0.01993,-0.00105,-0.04899,-0.00931,-0.01221,-0.00031,20.93395,0.81851,0.24517,29.73797,2.40373,-0.08282,-0.37319,56.39078,5.15896,0.28591,-196.39429,8.69959,7.01246,-0.42716
23.56,3.04857,-0.52479,0.09599,-0.56104,0.02691,-0.00297,-0.09149,-0.086,0.05439,0.03137,-1.41176,-0.01175,-0.04722,0.80746,-0.07013,-0.0001,-0.03881,-0.00465,-0.00525,-0.00021,27.25486,1.42716,0.53251,23.60686,1.46436,-0.00773,-0.44417,71.88919,3.73057,0.04384,-203.11815,8.69688,5.87919,-1.015
23.58,2.79918,-0.6064,0.12495,-0.48479,0.03115,-0.00371,-0.03558,0.04463,0.03776,0.03862,-1.2906,-0.00799,-0.04655,0.83565,-0.11905,0.0015,-0.02707,-0.00089,0.00073,-8e-05,33.24982,1.80855,0.80716,16.01832,-0.06785,-0.00829,-0.50217,83.60959,2.55111,0.00741,-199.88527,8.03565,4.51714,-1.56413
23.6,2.42154,-0.58556,0.15061,-0.38302,0.03683,-0.00448,0.01466,0.19132,0.02197,0.03832,-1.18058,-0.00485,-0.0452,0.83095,-0.16392,0.00367,-0.01501,0.0019,0.00524,0.00011,38.35522,1.85989,0.99016,8.68631,-1.99393,-0.09088,-0.57933,88.29012,1.74658,0.14414,-184.6138,6.81016,3.19274,-1.96273
23.62,1.98392,-0.46327,0.17797,-0.27092,0.04625,-0.00537,0.06425,0.35019,0.00797,0.03002,-1.09675,-0.00238,-0.04271,0.80239,-0.20376,0.00632,-0.00382,0.00379,0.0079,0.0004,42.2162,1.61978,1.05808,3.29984,-4.09493,-0.26663,-0.70788,83.77698,1.31805,0.37127,-158.00231,5.212,2.06644,-2.13754
23.64,1.45628,-0.25002,0.2075,-0.16624,0.06115,-0.00636,0.11674,0.51542,-0.0034,0.01637,-1.04373,-0.00042,-0.03911,0.76111,-0.23555,0.00915,0.00551,0.00498,0.00851,0.00081,44.01969,1.2156,1.017,-0.50942,-6.10903,-0.50839,-0.83568,72.21922,1.25525,0.57049,-123.92483,3.54737,1.1813,-1.99724
23.66,0.86538,0.0159,0.23686,-0.07895,0.08237,-0.00744,0.17482,0.67907,-0.01187,-0.00056,-1.02109,0.00104,-0.03448,0.71511,-0.25643,0.01176,0.01231,0.00561,0.00708,0.00135,43.16172,0.75313,0.8882,-2.76451,-7.75488,-0.75692,-0.92243,57.1931,1.29662,0.62662,-88.24371,2.08971,0.56783,-1.56982
23.68,0.282,0.28377,0.26346,-0.01152,0.10972,-0.00864,0.23729,0.83455,-0.0177,-0.01957,-1.02564,0.0021,-0.02874,0.66849,-0.2658,0.0139,0.01649,0.00571,0.00396,0.00197,39.39141,0.32609,0.69769,-2.94961,-8.91758,-0.97527,-0.96285,42.20941,1.19473,0.47623,-57.07887,0.98192,0.20491,-1.00872
23.7,-0.23251,0.51063,0.28994,0.03761,0.14075,-0.00985,0.30135,0.97836,-0.02123,-0.03866,-1.04477,0.00291,-0.02227,0.62269,-0.26461,0.01535,0.01809,0.00524,-0.0003,0.00264,33.76334,0.02265,0.4852,-0.87639,-9.59701,-1.11932,-0.94061,29.38091,0.87397,0.05846,-32.56135,0.33952,0.04187,-0.4446
23.72,-0.68874,0.67158,0.32108,0.07396,0.17139,-0.01085,0.36396,1.11045,-0.02275,-0.05416,-1.06177,0.00362,-0.01538,0.578,-0.25421,0.01593,0.01728,0.00411,-0.00497,0.00338,27.94749,-0.11952,0.29539,2.72666,-9.86948,-1.16018,-0.84906,20.32715,0.33737,-0.52849,-15.29436,-0.02086,-0.02142,-0.01676
23.74,-1.092,0.74497,0.34506,0.10198,0.19811,-0.01164,0.41981,1.22141,-0.02341,-0.06519,-1.06574,0.00444,-0.00805,0.5352,-0.23415,0.0156,0.01506,0.00224,-0.00944,0.00395,21.68017,-0.11949,0.1343,6.88638,-9.79799,-1.11335,-0.71086,16.10943,-0.29802,-1.08474,-3.44769,-0.26426,-0.06712,0.17162
23.76,-1.40824,0.72358,0.34927,0.12385,0.2183,-0.01223,0.46519,1.30178,-0.02418,-0.07293,-1.04825,0.00551,-0.00042,0.49533,-0.20475,0.01441,0.01248,-0.00031,-0.01338,0.00416,14.62096,-0.02731,-0.00779,11.1882,-9.43222,-1.0017,-0.55117,15.93958,-0.94257,-1.53928,7.98414,-0.46052,-0.1472,0.13712
23.78,-1.6402,0.62575,0.33375,0.14111,0.23051,-0.01261,0.5003,1.35351,-0.02487,-0.07716,-1.00146,0.00692,0.00723,0.45989,-0.16832,0.01249,0.01,-0.00331,-0.01661,0.00407,7.49123,0.0865,-0.13338,15.18889,-8.85347,-0.84684,-0.38886,17.89919,-1.58008,-1.90215,24.07704,-0.6993,-0.30488,0.00538
23.8,-1.79847,0.4758,0.29714,0.15342,0.23371,-0.01284,0.52437,1.37385,-0.02536,-0.07785,-0.92315,0.00871,0.01461,0.4307,-0.12798,0.01002,0.00791,-0.00642,-0.01912,0.00372,1.03487,0.15585,-0.24286,18.30713,-8.15589,-0.66312,-0.24064,19.82117,-2.24454,-2.17286,47.38543,-1.07859,-0.55327,-0.1129
23.82,-1.8969,0.3075,0.24152,0.15933,0.22766,-0.01302,0.53712,1.35965,-0.02538,-0.07501,-0.81271,0.01089,0.02152,0.41005,-0.08667,0.00725,0.00627,-0.00918,-0.02096,0.00327,-4.18094,0.1402,-0.3273,20.04076,-7.41719,-0.46928,-0.12292,19.55376,-2.97059,-2.28334,75.3689,-1.67739,-0.86007,-0.10167
23.84,-1.93828,0.15684,0.17615,0.15813,0.21378,-0.01322,0.54275,1.31748,-0.02431,-0.06928,-0.66671,0.01339,0.02764,0.40076,-0.0461,0.00447,0.00497,-0.01133,-0.02219,0.003,-8.44951,0.03561,-0.38992,20.64762,-6.65639,-0.29789,-0.04562,16.70431,-3.65966,-2.11058,102.92618,-2.31579,-1.14333,0.08733
23.86,-1.92294,0.04537,0.11141,0.14981,0.19363,-0.0135,0.54453,1.25121,-0.02201,-0.06161,-0.48204,0.01605,0.0326,0.40406,-0.00748,0.00187,0.00384,-0.01282,-0.02291,0.00307,-12.20696,-0.14258,-0.43653,20.61488,-5.89349,-0.16563,-0.00579,12.2062,-4.18366,-1.57924,125.94856,-2.65869,-1.29077,0.37377
23.88,-1.86944,-0.01739,0.05744,0.13511,0.16875,-0.01383,0.54297,1.15912,-0.0189,-0.05222,-0.25747,0.0187,0.03625,0.41887,0.02837,-0.00047,0.00274,-0.01362,-0.02322,0.00348,-15.50484,-0.36317,-0.45916,20.10501,-5.1682,-0.07231,0.00576,6.62427,-4.52087,-0.71463,138.93585,-2.53727,-1.21343,0.61674
23.9,-1.77906,-0.0295,0.01618,0.11627,0.14108,-0.01413,0.5386,1.04076,-0.01561,-0.04208,0.00611,0.02122,0.03851,0.44283,0.06091,-0.0025,0.00169,-0.01377,-0.02325,0.00424,-18.52356,-0.59523,-0.46279,19.31171,-4.49672,-0.01552,-0.00166,1.53577,-4.43195,0.33351,139.42133,-1.8639,-0.87787,0.71658
23.92,-1.64965,0.00476,-0.01371,0.09589,0.1129,-0.01426,0.53123,0.89682,-0.01276,-0.03205,0.30503,0.02351,0.03938,0.47272,0.08936,-0.00418,0.00064,-0.01335,-0.02311,0.00533,-21.38373,-0.82128,-0.45433,18.28618,-3.88708,0.01007,-0.02166,-1.89064,-3.77164,1.12409,127.54687,-0.75424,-0.33872,0.67603
23.94,-1.4997,0.07591,-0.02869,0.07549,0.08651,-0.01411,0.51958,0.72658,-0.01066,-0.02244,0.63105,0.02523,0.03885,0.50488,0.1133,-0.00547,-0.00058,-0.01241,-0.02285,0.00664,-24.07038,-1.00098,-0.42953,16.92438,-3.34972,0.01286,-0.04763,-3.76425,-2.92513,1.37449,104.82624,0.52593,0.27673,0.47452
23.96,-1.34174,0.17381,-0.0296,0.05631,0.06329,-0.01356,0.50179,0.53176,-0.00948,-0.01356,0.96854,0.02607,0.03706,0.53594,0.13246,-0.00633,-0.00195,-0.01106,-0.02254,0.00805,-26.5414,-1.10236,-0.39213,15.05037,-2.88453,0.00143,-0.07264,-4.04582,-2.15975,1.18637,74.70073,1.76048,0.84622,0.14045
23.98,-1.17565,0.28739,-0.02216,0.03938,0.04363,-0.01255,0.47524,0.31764,-0.0092,-0.0057,1.28851,0.02591,0.03449,0.56285,0.146,-0.00672,-0.00341,-0.00937,-0.02217,0.00937,-28.7048,-1.12905,-0.35092,12.44542,-2.48425,-0.01576,-0.09138,-2.68986,-1.50504,0.73634,40.11424,2.80484,1.27553,-0.19965
24,-0.99797,0.40285,-0.01182,0.02521,0.02723,-0.01102,0.43647,0.08943,-0.00945,-0.00046,1.56359,0.02479,0.0315,0.58194,0.15241,-0.00658,-0.00496,-0.00757,-0.02171,0.01056,-30.55284,-1.07609,-0.31179,9.10255,-2.12314,-0.03224,-0.09824,0.11203,-0.97346,0.26058,7.76273,3.5516,1.53577,-0.4162
24.02,-0.80865,0.50606,-0.00265,0.01392,0.01374,-0.00894,0.382,-0.13921,-0.00971,0.00155,1.77389,0.02282,0.02854,0.58943,0.14998,-0.00585,-0.00661,-0.00583,-0.02107,0.01163,-32.05344,-0.94872,-0.27125,4.89961,-1.7733,-0.04627,-0.08908,3.54702,-0.54319,0.00403,-17.34211,3.94572,1.65912,-0.45494
24.04,-0.6073,0.59204,0.00326,0.00525,0.0031,-0.00647,0.30905,-0.35541,-0.0097,0.00194,1.87515,0.01985,0.02634,0.58355,0.13791,-0.0047,-0.00835,-0.00429,-0.0202,0.01225,-33.05819,-0.76445,-0.22138,-0.4831,-1.42798,-0.05687,-0.0665,6.88805,-0.25357,0.16966,-35.07081,4.04035,1.64943,-0.31896
24.06,-0.38988,0.66445,0.00462,-0.0015,-0.00467,-0.00374,0.21625,-0.55777,-0.00922,0.00137,1.83686,0.01584,0.0252,0.56342,0.1164,-0.00336,-0.01011,-0.00304,-0.01904,0.01216,-33.37686,-0.52266,-0.16136,-7.2198,-1.07518,-0.06398,-0.03649,9.97757,-0.0992,0.79586,-46.22604,3.92661,1.52047,-0.03335
24.08,-0.14788,0.72871,0.00095,-0.00739,-0.00923,-0.00095,0.10482,-0.74661,-0.008,-0.00021,1.6744,0.01103,0.02482,0.52855,0.08684,-0.00204,-0.0118,-0.00212,-0.01752,0.0115,-32.77079,-0.2042,-0.09053,-15.37701,-0.69254,-0.07075,-0.00339,13.05904,-0.05204,1.91423,-52.26261,3.67568,1.31583,0.3676
24.1,0.13243,0.79179,-0.00649,-0.01376,-0.01007,0.00165,-0.02077,-0.92184,-0.00583,-0.00251,1.40209,0.00546,0.02482,0.48165,0.05211,-0.00097,-0.01339,-0.00153,-0.01561,0.01014,-31.22587,0.22895,-0.01154,-25.1851,-0.25519,-0.08117,0.02288,15.90381,-0.08404,3.08028,-47.605,3.33356,1.09424,0.81248
24.12,0.4373,0.8539,-0.01413,-0.02184,-0.007,0.00382,-0.15207,-1.08296,-0.00259,-0.00486,1.0538,-0.00045,0.02474,0.42603,0.01621,-0.00023,-0.01483,-0.0012,-0.01327,0.00812,-28.6205,0.76757,0.07297,-37.16002,0.231,-0.1,0.02953,18.05578,-0.15502,3.59524,-33.13682,2.97079,0.90514,1.16801
24.14,0.75712,0.90353,-0.01903,-0.03254,-0.00059,0.00533,-0.28011,-1.22911,0.00181,-0.00665,0.6909,-0.00615,0.02383,0.36205,-0.01686,0.00027,-0.01567,-0.00102,-0.01044,0.00593,-24.41896,1.3997,0.16357,-51.37148,0.7392,-0.13197,0.01376,20.50706,-0.26351,3.48604,-19.66887,2.64845,0.74637,1.39502
24.16,1.10764,0.9153,-0.0203,-0.04612,0.00764,0.00603,-0.39799,-1.3585,0.00738,-0.00752,0.34813,-0.01152,0.02156,0.28965,-0.04405,0.00064,-0.01557,-0.00087,-0.00703,0.00384,-18.20196,2.15983,0.2553,-67.48977,1.26355,-0.18026,-0.02591,24.27967,-0.39953,3.1229,-10.54793,2.38674,0.61751,1.52665
24.18,1.50017,0.84839,-0.01822,-0.06185,0.01556,0.00588,-0.49889,-1.46635,0.01395,-0.00735,0.03704,-0.01653,0.01782,0.20903,-0.06349,0.00096,-0.01455,-0.00061,-0.00298,0.00182,-9.80329,3.07758,0.34213,-85.12781,1.81396,-0.24561,-0.09438,29.19194,-0.63476,2.44767,-4.26593,2.16894,0.51713,1.56326
24.2,1.88632,0.70128,-0.01423,-0.07774,0.02109,0.00497,-0.57734,-1.53071,0.02089,-0.00523,-0.23659,-0.02094,0.01265,0.12013,-0.07381,0.00129,-0.01269,-9e-05,0.00175,-0.00011,0.74046,3.94364,0.45196,-104.67601,2.30136,-0.32888,-0.20476,34.77234,-1.14456,1.58355,-0.37929,1.9115,0.42796,1.47949
24.22,2.16583,0.51001,-0.01025,-0.09102,0.0229,0.00352,-0.63006,-1.52349,0.02697,-0.00015,-0.47287,-0.02432,0.00634,0.02347,-0.07442,0.00156,-0.01046,0.00083,0.00719,-0.00196,13.43412,4.32657,0.62107,-126.80335,2.52695,-0.42428,-0.37995,40.07479,-1.95441,0.72923,1.75016,1.5283,0.32755,1.26781
24.24,2.35204,0.26177,-0.00785,-0.10017,0.02082,0.00178,-0.65381,-1.44443,0.03125,0.00585,-0.6727,-0.02658,-0.00059,-0.07929,-0.06689,0.00164,-0.00868,0.00227,0.01334,-0.00374,28.05849,4.15603,0.84781,-149.58229,2.46595,-0.51211,-0.60246,44.68419,-3.05022,-0.02958,2.69133,0.99156,0.18398,1.00676
24.26,2.47506,-0.0546,-0.00732,-0.10475,0.01563,7e-05,-0.64734,-1.2964,0.03306,0.01053,-0.83528,-0.02778,-0.00762,-0.18424,-0.05367,0.00138,-0.0081,0.00432,0.02011,-0.00548,43.80919,3.59106,1.10973,-170.27055,2.19363,-0.57447,-0.82458,48.72291,-4.38366,-0.65103,2.82428,0.26762,-0.02515,0.74898
24.28,2.47831,-0.40813,-0.00847,-0.10452,0.00847,-0.00131,-0.61237,-1.07565,0.03176,0.0136,-0.9571,-0.02768,-0.01413,-0.2851,-0.0376,0.0007,-0.00928,0.00698,0.02734,-0.00722,59.60435,2.68082,1.36147,-186.84233,1.77646,-0.60074,-1.00055,51.75997,-6.02392,-1.11634,2.47071,-0.66334,-0.30409,0.49738
24.3,2.38743,-0.72838,-0.01218,-0.10046,0.00168,-0.00212,-0.55015,-0.80152,0.02746,0.01351,-1.02752,-0.02616,-0.01924,-0.37219,-0.02317,-0.00036,-0.01247,0.01022,0.03477,-0.00881,73.46537,1.29682,1.62448,-197.82147,0.94441,-0.57572,-1.10201,53.56452,-8.01889,-1.41639,1.87456,-1.76651,-0.63818,0.26893
24.32,2.22466,-0.94081,-0.02056,-0.09391,-0.00261,-0.00233,-0.46276,-0.49345,0.02068,0.0099,-1.03244,-0.02313,-0.02195,-0.43431,-0.01484,-0.00153,-0.01741,0.01398,0.04218,-0.01,83.01433,-0.26512,1.92154,-202.0299,-0.60798,-0.49017,-1.11111,53.99649,-10.36918,-1.55672,1.23415,-2.9893,-0.99268,0.07523
24.34,1.93948,-1.05421,-0.03675,-0.08559,-0.00427,-0.00217,-0.35436,-0.16106,0.01199,0.00486,-0.96487,-0.01865,-0.02187,-0.46619,-0.01629,-0.00254,-0.02366,0.01805,0.04899,-0.01078,86.78337,-1.04685,1.97641,-195.86584,-2.05834,-0.36656,-0.9379,52.95699,-13.09338,-1.54516,0.70621,-4.25659,-1.33449,-0.07919
24.36,1.52455,-1.07551,-0.0652,-0.07632,-0.00343,-0.00188,-0.22887,0.17702,0.00246,-0.00051,-0.82142,-0.01286,-0.01913,-0.46781,-0.03014,-0.00318,-0.03071,0.02216,0.05461,-0.01123,84.43384,-0.85406,1.60368,-178.02232,-2.76379,-0.23349,-0.55171,50.53163,-16.05571,-1.40208,0.37186,-5.49372,-1.63968,-0.19143
24.38,1.01771,-0.98201,-0.11137,-0.06696,-0.00027,-0.00173,-0.09172,0.4949,-0.00645,-0.00602,-0.60081,-0.00601,-0.01407,-0.4412,-0.05661,-0.0033,-0.03768,0.02586,0.0585,-0.01134,76.46749,0.16907,0.90887,-151.16677,-2.84652,-0.10928,-0.02926,46.63459,-18.93861,-1.1649,0.23502,-6.65085,-1.88884,-0.26389
24.4,0.49374,-0.78563,-0.18016,-0.05876,0.00399,-0.00183,0.04817,0.7711,-0.01334,-0.01101,-0.30982,0.00129,-0.00769,-0.39238,-0.09305,-0.00292,-0.04356,0.02883,0.06017,-0.0109,63.07606,1.12752,0.05769,-116.84343,-2.10085,-0.0182,0.49891,41.97381,-21.33319,-0.87362,0.24301,-7.69573,-2.07214,-0.30563
24.42,-0.01108,-0.51935,-0.2745,-0.05263,0.00568,-0.00214,0.18092,0.99725,-0.01754,-0.01352,0.04126,0.00882,-0.00093,-0.32851,-0.1347,-0.00211,-0.04709,0.03083,0.0593,-0.00967,46.47103,1.24564,-0.55312,-79.96441,-1.00137,0.0423,0.86818,37.51983,-22.77422,-0.56098,0.30981,-8.60348,-2.19365,-0.32939
24.44,-0.49124,-0.23069,-0.39283,-0.04835,0.00203,-0.00257,0.29718,1.15399,-0.01876,-0.01378,0.43805,0.01632,0.00557,-0.2554,-0.17555,-0.00094,-0.04818,0.03114,0.05553,-0.00807,30.57464,1.04527,-0.71537,-47.70967,-0.21583,0.08287,1.06567,32.96234,-22.91523,-0.23778,0.33082,-9.33615,-2.26795,-0.34121
24.46,-0.91086,0.03153,-0.52736,-0.0453,-0.00698,-0.00296,0.38944,1.22582,-0.01728,-0.01346,0.85776,0.02306,0.01121,-0.17887,-0.20946,0.00045,-0.04741,0.02934,0.04904,-0.00646,17.6328,0.78686,-0.49919,-23.71455,0.21652,0.1046,1.17314,28.05718,-21.65622,0.09034,0.19198,-9.87097,-2.31459,-0.34495
24.48,-1.24934,0.22992,-0.66503,-0.04254,-0.02122,-0.00308,0.45357,1.22508,-0.01413,-0.01274,1.26325,0.02848,0.01576,-0.1051,-0.23142,0.00183,-0.04464,0.02579,0.04093,-0.00475,8.40743,0.3831,-0.01004,-8.55172,0.42572,0.11403,1.29444,23.25875,-19.15606,0.39959,-0.17173,-10.2222,-2.3559,-0.34667
24.5,-1.51096,0.33982,-0.78321,-0.03873,-0.03966,-0.0027,0.48752,1.15941,-0.01048,-0.01199,1.61948,0.03238,0.01924,-0.041,-0.23617,0.00297,-0.04079,0.02073,0.03229,-0.0035,2.64354,-0.16766,0.5843,-1.15414,0.49808,0.1248,1.5134,18.80425,-15.74916,0.74536,-0.79754,-10.42088,-2.40693,-0.34384
24.52,-1.7118,0.3602,-0.85655,-0.0323,-0.05958,-0.0017,0.49156,1.0401,-0.0074,-0.01148,1.9027,0.03485,0.02176,0.00681,-0.21959,0.00364,-0.03687,0.01475,0.02449,-0.00303,-0.28774,-0.63341,0.95685,0.32269,0.52551,0.15203,1.88479,14.80312,-11.94596,1.21561,-1.69048,-10.50575,-2.47661,-0.33144
24.54,-1.84468,0.31452,-0.87705,-0.02175,-0.07674,-0.0004,0.46793,0.89616,-0.00547,-0.01129,2.05994,0.03522,0.02367,0.03331,-0.18237,0.00365,-0.03193,0.00882,0.01909,-0.00284,-1.07505,-0.83834,0.94793,-1.44552,0.58378,0.19956,2.36777,11.29313,-8.32211,1.71624,-2.74776,-10.51871,-2.58017,-0.31487
24.56,-1.89951,0.23002,-0.84872,-0.00638,-0.08806,0.00083,0.42019,0.74554,-0.00481,-0.0111,2.05068,0.03307,0.0252,0.03596,-0.12824,0.00292,-0.02543,0.00348,0.01658,-0.00275,0.08633,-0.73478,0.36494,-2.54603,0.64362,0.2538,2.7605,8.20443,-5.26356,2.14685,-3.84829,-10.4992,-2.72778,-0.3002
24.58,-1.8843,0.13588,-0.77906,0.01341,-0.09235,0.00186,0.35312,0.59227,-0.00521,-0.01019,1.88784,0.02898,0.02637,0.01543,-0.06331,0.00154,-0.01796,-0.00112,0.01647,-0.00293,1.07411,-0.51592,-0.38896,-3.46544,0.63413,0.31472,2.99624,5.46558,-2.90665,2.53299,-4.94282,-10.48356,-2.91685,-0.28838
24.6,-1.81236,0.04824,-0.68616,0.03634,-0.08947,0.00254,0.26884,0.43787,-0.00621,-0.00916,1.5826,0.02301,0.02716,-0.02475,0.00296,-0.00029,-0.00991,-0.00485,0.01798,-0.00315,1.64252,-0.18088,-1.12308,-4.6809,0.49896,0.35216,2.84173,2.9952,-1.19967,2.82048,-5.98729,-10.50351,-3.14789,-0.27812
24.62,-1.70622,-0.03251,-0.58846,0.06078,-0.08075,0.00285,0.17062,0.2825,-0.00721,-0.00828,1.1701,0.01564,0.02746,-0.07866,0.06196,-0.00217,-0.00217,-0.00763,0.02014,-0.00307,1.69467,0.42337,-1.61799,-6.63617,0.18588,0.32143,2.14766,0.72159,-0.00021,2.94841,-6.97289,-10.58016,-3.41649,-0.26767
24.64,-1.5727,-0.10213,-0.49422,0.08562,-0.06841,0.00301,0.06387,0.12563,-0.00793,-0.0066,0.72026,0.00815,0.02702,-0.1407,0.10765,-0.00375,0.00427,-0.00945,0.02175,-0.00279,1.43612,1.20189,-1.84355,-7.96952,-0.2057,0.18089,0.9922,-1.45334,0.87333,3.00243,-8.01538,-10.72068,-3.6942,-0.25911
24.66,-1.4181,-0.15718,-0.40839,0.11064,-0.0544,0.00319,-0.04996,-0.03346,-0.00822,-0.00399,0.27701,0.00107,0.02562,-0.20785,0.13695,-0.0049,0.00911,-0.01044,0.02191,-0.00245,0.98393,1.89214,-1.7508,-8.35613,-0.55107,-0.08247,-0.36345,-3.57237,1.59759,3.03967,-9.20657,-10.92305,-3.94952,-0.25573
24.68,-1.26544,-0.20049,-0.33495,0.1365,-0.04028,0.00344,-0.17127,-0.19468,-0.00779,-0.00126,-0.13713,-0.00557,0.02316,-0.27798,0.15116,-0.00553,0.01247,-0.01069,0.02039,-0.00197,0.35608,2.34644,-1.25697,-9.22892,-0.8041,-0.44725,-1.60385,-5.58014,2.29018,3.03366,-10.52315,-11.17677,-4.1602,-0.26003
24.7,-1.10975,-0.23814,-0.27466,0.16396,-0.02732,0.00377,-0.29854,-0.35373,-0.00627,0.00048,-0.50219,-0.01164,0.0195,-0.35085,0.15418,-0.00571,0.01484,-0.01036,0.01722,-0.0015,-0.25988,2.41007,-0.58731,-10.53989,-0.91683,-0.8595,-2.37735,-7.65754,2.99285,3.0343,-12.11622,-11.45843,-4.29144,-0.25864
24.72,-0.94243,-0.27307,-0.22734,0.1936,-0.01663,0.00418,-0.42781,-0.50097,-0.00333,0.00166,-0.80105,-0.01679,0.01461,-0.42761,0.1511,-0.00557,0.01689,-0.00962,0.01276,-0.00111,-0.71059,2.0683,0.02462,-12.09713,-0.90836,-1.26334,-2.40413,-9.98078,3.69351,3.0856,-14.15383,-11.7382,-4.30449,-0.23256
24.74,-0.78659,-0.2982,-0.19278,0.2263,-0.009,0.00468,-0.55755,-0.63253,0.00115,0.00252,-1.02629,-0.02098,0.00856,-0.50713,0.14678,-0.00516,0.01932,-0.00858,0.00762,-0.00073,-0.97858,1.54301,0.46083,-14.51073,-0.87307,-1.61238,-1.76395,-12.3442,4.38878,3.13679,-16.46973,-11.98366,-4.17461,-0.18951
24.76,-0.65571,-0.30926,-0.17053,0.26245,-0.00451,0.00529,-0.68862,-0.7499,0.00737,0.00202,-1.18062,-0.02449,0.00148,-0.58693,0.14412,-0.00452,0.02258,-0.00735,0.00231,-0.00033,-1.07952,0.94784,0.64388,-18.40585,-0.88604,-1.85955,-0.70196,-14.58127,5.09714,3.15615,-18.87398,-12.15497,-3.87567,-0.14065
24.78,-0.54518,-0.30981,-0.16024,0.30122,-0.00263,0.00593,-0.82,-0.85256,0.01546,-0.00021,-1.26919,-0.02732,-0.00635,-0.66416,0.14374,-0.00375,0.02669,-0.00605,-0.00272,2e-05,-1.0409,0.31216,0.56135,-23.89729,-0.98803,-1.98161,0.60683,-16.70732,5.83992,3.14699,-21.2917,-12.20205,-3.37574,-0.08628
24.8,-0.43947,-0.29566,-0.16071,0.33892,-0.00245,0.00656,-0.94806,-0.94234,0.02536,-0.00337,-1.30172,-0.02944,-0.01442,-0.73186,0.14454,-0.00292,0.03152,-0.00479,-0.00699,0.00027,-0.90876,-0.33743,0.258,-29.77329,-1.1624,-2.00629,1.7262,-18.93479,6.5999,3.15927,-23.97418,-12.05941,-2.64701,-0.00277
24.82,-0.3292,-0.26346,-0.17009,0.37024,-0.00294,0.00715,-1.06698,-1.02217,0.03683,-0.00565,-1.28982,-0.03075,-0.02193,-0.78063,0.14436,-0.0021,0.03682,-0.00369,-0.01003,0.00047,-0.79296,-0.96431,-0.13894,-34.48972,-1.33863,-1.99888,2.2618,-21.45968,7.34563,3.23114,-27.27409,-11.65589,-1.67225,0.14463
24.84,-0.22366,-0.22462,-0.18676,0.39308,-0.00328,0.00757,-1.17341,-1.09246,0.04943,-0.00733,-1.24362,-0.03135,-0.02834,-0.80461,0.14074,-0.00137,0.04182,-0.00285,-0.01156,0.0006,-0.82846,-1.49991,-0.48244,-37.51091,-1.44019,-1.93174,2.39316,-24.07986,8.14052,3.30333,-30.96358,-10.93653,-0.44783,0.33445
24.86,-0.12411,-0.18683,-0.20741,0.40658,-0.00305,0.00775,-1.26407,-1.15319,0.06269,-0.00902,-1.17315,-0.03142,-0.03352,-0.79997,0.13204,-0.00078,0.04591,-0.00236,-0.01162,0.00057,-1.09134,-1.95252,-0.67614,-38.35584,-1.37925,-1.76911,2.3089,-26.53336,9.08195,3.34039,-34.92024,-9.8619,1.00986,0.54328
24.88,-0.02051,-0.14873,-0.22605,0.40876,-0.0023,0.00768,-1.33218,-1.20399,0.07597,-0.00937,-1.08844,-0.03093,-0.03732,-0.76379,0.11783,-0.00034,0.04907,-0.00229,-0.01048,0.00044,-1.56262,-2.38386,-0.68557,-36.41099,-1.05648,-1.55068,2.02626,-28.62276,10.22877,3.35689,-39.53791,-8.40798,2.66356,0.79129
24.9,0.09713,-0.11385,-0.23449,0.39684,-0.00138,0.0073,-1.37128,-1.23978,0.08846,-0.0084,-1.00106,-0.03005,-0.03979,-0.69832,0.09831,-6e-05,0.05144,-0.0027,-0.00872,0.00022,-2.02574,-2.7064,-0.51898,-29.38552,-0.40245,-1.23345,1.51937,-30.15741,11.54712,3.31582,-45.35654,-6.57866,4.42778,1.0558
24.92,0.22991,-0.08679,-0.22523,0.36877,-0.00081,0.00652,-1.37461,-1.25289,0.09915,-0.00666,-0.92159,-0.02892,-0.04107,-0.60823,0.07479,0.00011,0.05333,-0.00364,-0.00702,0,-2.09,-2.90681,-0.27298,-17.47705,0.60788,-0.8141,0.86789,-30.76974,12.9333,3.17045,-52.9404,-4.40961,6.163,1.30178
24.94,0.38418,-0.06358,-0.19711,0.32642,-0.00094,0.00557,-1.33846,-1.23875,0.10698,-0.00297,-0.85553,-0.02748,-0.04141,-0.49782,0.04931,0.00021,0.0553,-0.00506,-0.00582,-7e-05,-1.48547,-3.05147,-0.05806,-4.48388,1.94491,-0.40147,0.30107,-29.68139,14.37242,2.93945,-62.80852,-1.9609,7.76495,1.54863
24.96,0.57717,-0.04271,-0.15418,0.27278,-0.00181,0.00461,-1.26177,-1.19178,0.11098,0.0036,-0.80582,-0.02563,-0.04112,-0.37378,0.0237,0.00032,0.05769,-0.00686,-0.00522,-2e-05,-0.04074,-3.20271,0.06263,8.00314,3.52239,-0.04276,-0.1172,-26.12409,15.84873,2.62689,-75.26073,0.67517,9.16474,1.8108
24.98,0.8263,-0.03623,-0.10343,0.21117,-0.00331,0.00372,-1.14422,-1.10436,0.11038,0.01286,-0.77399,-0.02339,-0.04053,-0.24614,-0.00042,0.00048,0.0603,-0.00885,-0.00495,0.00012,2.35625,-3.34414,0.06462,19.82694,5.19859,0.25673,-0.4067,-19.55239,17.26634,2.21357,-90.15445,3.39318,10.29963,2.08855
25,1.09101,-0.05517,-0.05227,0.14696,-0.00533,0.00299,-1.00307,-0.97099,0.105,0.02355,-0.75846,-0.02079,-0.04022,-0.12792,-0.02138,0.00073,0.06301,-0.01073,-0.00437,0.00029,5.57,-3.30245,-0.05296,29.97588,6.71677,0.47756,-0.56442,-9.67892,18.19935,1.69749,-108.32492,6.06268,10.90563,2.31835
25.02,1.28013,-0.11795,-0.00708,0.08702,-0.00799,0.00249,-0.85601,-0.78816,0.095,0.03392,-0.75598,-0.01787,-0.04079,-0.03097,-0.03711,0.00108,0.06539,-0.01212,-0.00273,0.00037,9.05869,-2.90477,-0.24359,36.28394,7.73114,0.58909,-0.57648,3.68276,18.12085,1.07569,-130.71004,8.51397,10.66448,2.36446
25.04,1.40534,-0.25451,0.02356,0.03801,-0.01174,0.00197,-0.69875,-0.5595,0.08075,0.0431,-0.76305,-0.01461,-0.0421,0.03755,-0.04745,0.0015,0.06629,-0.01288,0.00038,0.00037,12.46565,-2.31025,-0.4166,38.81137,8.03311,0.58585,-0.50996,20.49465,17.18719,0.39271,-155.52348,10.68747,9.74895,2.30222
25.06,1.4868,-0.46786,0.03524,0.00399,-0.01698,0.001,-0.53135,-0.29431,0.06313,0.05024,-0.77557,-0.01102,-0.04375,0.07587,-0.05446,0.00195,0.06484,-0.01298,0.00492,0.00031,15.85949,-1.69588,-0.49223,39.09501,7.55113,0.49678,-0.42707,40.00662,15.70642,-0.29029,-180.03399,12.59485,8.41115,2.16696
25.08,1.46702,-0.73213,0.0303,-0.01332,-0.02377,-0.00087,-0.36374,-0.00977,0.0436,0.05406,-0.78883,-0.00715,-0.04536,0.08877,-0.06079,0.00243,0.06079,-0.01244,0.01032,0.00014,19.15525,-1.05913,-0.35427,36.94979,6.23493,0.33309,-0.35228,60.90561,13.77976,-0.90461,-201.41991,14.19816,6.74366,1.75221
25.1,1.37395,-0.97458,0.01337,-0.01399,-0.03137,-0.00393,-0.20515,0.26893,0.02451,0.05204,-0.79751,-0.00332,-0.0457,0.08567,-0.07069,0.00298,0.05434,-0.01143,0.01562,-7e-05,22.3657,-0.50821,-0.0435,32.71374,4.21253,0.1936,-0.2899,80.68867,11.20165,-1.37896,-219.13905,14.90961,4.99018,1.48333
25.12,1.23727,-1.09511,-0.00785,0.00038,-0.03792,-0.00783,-0.0608,0.53287,0.00758,0.04288,-0.79586,0.00041,-0.04335,0.07786,-0.08887,0.00367,0.04626,-0.01017,0.01984,-0.00017,25.49802,-0.17663,0.11945,27.05903,1.7532,0.17023,-0.23744,96.37341,8.02505,-1.62262,-233.38845,13.87722,3.32806,1.59611
25.14,1.00312,-1.05699,-0.02628,0.02737,-0.0413,-0.01209,0.06874,0.76948,-0.00643,0.02763,-0.77884,0.00415,-0.03824,0.07539,-0.11783,0.00463,0.03722,-0.00879,0.02186,-0.00023,28.49617,-0.02732,0.10303,20.32629,-0.89409,0.19055,-0.23237,105.92137,5.2731,-1.55756,-237.01362,11.6105,1.9013,1.35219
25.16,0.65939,-0.84781,-0.03823,0.06295,-0.03965,-0.01639,0.18325,0.95881,-0.01672,0.00682,-0.74171,0.00776,-0.03056,0.08414,-0.15745,0.00592,0.02799,-0.00734,0.02101,-0.00032,31.23522,0.01448,0.04366,13.10946,-3.50296,0.20589,-0.28112,108.43324,3.36571,-1.24996,-225.61162,8.92591,0.82027,0.58205
25.18,0.24829,-0.46121,-0.04342,0.10147,-0.03145,-0.02016,0.28441,1.10046,-0.02297,-0.01977,-0.67986,0.0111,-0.02052,0.10536,-0.205,0.00744,0.01961,-0.00589,0.01745,-0.00037,33.24065,-0.00575,-0.15706,5.91287,-5.87212,0.26571,-0.3237,104.34551,2.19968,-0.77082,-202.22101,5.98169,0.10404,-0.4441
25.2,-0.17587,0.05878,-0.03983,0.13617,-0.01603,-0.02304,0.37405,1.19386,-0.02528,-0.05047,-0.59028,0.01418,-0.00924,0.13711,-0.25493,0.00916,0.01295,-0.00446,0.01178,-0.00041,34.31382,-0.01063,-0.27583,0.4125,-7.89923,0.29453,-0.3581,92.79626,1.60722,-0.36173,-166.54131,3.70726,-0.27085,-1.4757
25.22,-0.59597,0.6544,-0.0242,0.16053,0.00622,-0.02496,0.45221,1.23936,-0.02377,-0.07854,-0.46971,0.01714,0.00252,0.17586,-0.30036,0.0111,0.00854,-0.00301,0.00502,-0.00041,34.39055,-0.0029,-0.14463,-2.26308,-9.59628,0.13282,-0.5147,75.28784,1.18818,-0.26659,-123.41632,2.34012,-0.47535,-2.18437
25.24,-0.98756,1.25808,-0.00334,0.17016,0.03405,-0.02588,0.52033,1.24557,-0.01982,-0.1017,-0.31281,0.01991,0.01443,0.21705,-0.33382,0.01292,0.00644,-0.00155,-0.00169,-0.00031,32.90342,0.02081,-0.04334,-2.9525,-10.86236,-0.12898,-0.72994,57.54898,0.80432,-0.37342,-83.21633,1.29021,-0.57379,-2.44984
25.26,-1.30229,1.79728,0.01412,0.16392,0.06557,-0.02593,0.57901,1.21934,-0.01525,-0.12254,-0.11391,0.02234,0.02563,0.25677,-0.3502,0.01429,0.00621,-9e-05,-0.00768,-0.0001,29.47198,0.11423,-0.02294,-2.10068,-11.61634,-0.35261,-0.87531,43.53086,0.45222,-0.59989,-50.91195,0.4421,-0.57026,-2.39112
25.28,-1.52601,2.22774,0.02471,0.14408,0.09831,-0.02533,0.62395,1.16662,-0.01106,-0.14154,0.13155,0.02455,0.0354,0.29275,-0.34893,0.01518,0.00711,0.00129,-0.0126,0.00022,24.34307,0.2659,-0.01651,0.21797,-11.90978,-0.55629,-0.96177,34.42855,0.12498,-0.95537,-25.89268,-0.15363,-0.52664,-2.18248
25.3,-1.66566,2.5132,0.02759,0.11651,0.12837,-0.02407,0.65948,1.08735,-0.00828,-0.15437,0.42613,0.0266,0.04336,0.32253,-0.33184,0.01544,0.00841,0.00248,-0.01631,0.00062,18.4424,0.4839,-0.01504,3.49152,-11.85568,-0.65722,-0.92492,29.42382,-0.15603,-1.43169,-4.04407,-0.57669,-0.52268,-1.97315
25.32,-1.7388,2.63648,0.0253,0.08768,0.15128,-0.02221,0.69394,0.98089,-0.00743,-0.15424,0.7688,0.02844,0.04952,0.34395,-0.30255,0.01496,0.00947,0.00334,-0.01881,0.00122,12.85752,0.76126,-0.021,6.7899,-11.59314,-0.59947,-0.74268,26.5324,-0.47163,-2.13709,18.65467,-1.13504,-0.64089,-1.83968
25.34,-1.74585,2.61157,0.01633,0.06211,0.16539,-0.02012,0.71765,0.85416,-0.00806,-0.1463,1.1531,0.03008,0.05339,0.35689,-0.26584,0.01393,0.00986,0.00376,-0.02019,0.0019,7.58218,0.99738,-0.0446,9.53575,-11.15051,-0.49017,-0.52738,24.47212,-0.88498,-3.1133,45.10945,-2.00707,-0.88597,-1.83108
25.36,-1.68979,2.45694,0.00086,0.04354,0.17072,-0.018,0.72267,0.71138,-0.00955,-0.13618,1.5635,0.03145,0.05469,0.36222,-0.22566,0.01248,0.00945,0.0037,-0.02066,0.00246,2.49907,1.10525,-0.09155,11.65415,-10.54348,-0.39043,-0.34132,22.39971,-1.35898,-4.28916,77.55659,-3.10261,-1.21272,-1.90993
25.38,-1.59577,2.1953,-0.01478,0.03466,0.16766,-0.01589,0.71415,0.55293,-0.0114,-0.12106,1.96603,0.03238,0.05414,0.3611,-0.18503,0.0107,0.00833,0.00321,-0.02045,0.00287,-2.06002,1.03931,-0.15741,13.06616,-9.83172,-0.28679,-0.19062,19.2682,-1.84828,-5.58727,114.3765,-4.33096,-1.58784,-1.90832
25.4,-1.46906,1.83737,-0.02935,0.03653,0.15756,-0.01387,0.6915,0.37883,-0.01327,-0.10501,2.33591,0.0329,0.0521,0.35523,-0.14641,0.00872,0.00682,0.00238,-0.01989,0.00302,-6.14763,0.79685,-0.23234,13.92488,-9.04773,-0.17678,-0.08418,14.95242,-2.25068,-6.79345,149.69432,-5.45745,-1.87959,-1.71584
25.42,-1.31318,1.40755,-0.0421,0.049,0.14243,-0.01205,0.65414,0.19299,-0.01501,-0.09178,2.66175,0.03311,0.04897,0.34656,-0.11171,0.00671,0.00527,0.00136,-0.01928,0.00287,-9.95384,0.399,-0.30529,14.47863,-8.21271,-0.05825,-0.01998,9.93252,-2.45528,-7.52889,174.39857,-6.22167,-1.92595,-1.32055
25.44,-1.154,0.95589,-0.04844,0.07085,0.12479,-0.01049,0.60551,0.00201,-0.01648,-0.07748,2.8853,0.03263,0.04602,0.33742,-0.08204,0.00487,0.00381,0.0003,-0.01882,0.00258,-13.67721,-0.11874,-0.36374,14.90857,-7.3467,0.06851,0.00955,5.22051,-2.40814,-7.55995,183.80235,-6.33951,-1.70232,-0.81723
25.46,-1.00683,0.51544,-0.04698,0.0998,0.10681,-0.00921,0.54715,-0.19236,-0.01781,-0.06032,2.96083,0.03125,0.04394,0.32984,-0.0574,0.00332,0.00252,-0.00072,-0.01862,0.00229,-17.52152,-0.69355,-0.40126,15.31952,-6.4707,0.18994,0.01194,1.67624,-2.13025,-6.96101,178.93553,-5.65785,-1.22499,-0.34409
25.48,-0.87103,0.10635,-0.03932,0.13244,0.0902,-0.00818,0.47985,-0.39048,-0.01931,-0.04172,2.91032,0.0292,0.04252,0.32543,-0.03702,0.00206,0.00145,-0.00162,-0.01871,0.00201,-21.5521,-1.2558,-0.41648,15.6839,-5.61202,0.28576,-0.0075,-0.4881,-1.69292,-5.88398,159.58054,-4.31524,-0.52131,-0.0089
25.5,-0.74018,-0.24621,-0.0296,0.16356,0.0764,-0.0073,0.39749,-0.5903,-0.02065,-0.0258,2.73753,0.02629,0.04154,0.32582,-0.01969,0.00109,0.00067,-0.00237,-0.01898,0.00175,-25.80963,-1.73523,-0.40998,15.8484,-4.79159,0.32158,-0.04432,-1.12598,-1.17877,-4.53068,129.63765,-2.51289,0.31076,0.12379
25.52,-0.6084,-0.50629,-0.02105,0.187,0.06684,-0.00648,0.29916,-0.78722,-0.02134,-0.01478,2.45943,0.02243,0.04071,0.33229,-0.00414,0.00035,0.0001,-0.00293,-0.01925,0.00153,-30.19206,-2.06654,-0.38604,15.52298,-4.02792,0.26638,-0.08513,-0.47527,-0.69723,-3.18501,93.89383,-0.58403,1.07621,0.07641
25.54,-0.47808,-0.64808,-0.01223,0.19911,0.06277,-0.00565,0.1943,-0.97991,-0.02158,-0.0066,2.15155,0.01816,0.03928,0.3446,0.01078,-0.00021,-0.00038,-0.0033,-0.0194,0.00132,-34.42551,-2.20383,-0.35181,14.39874,-3.33388,0.12581,-0.1233,1.08417,-0.32991,-2.09836,55.7822,1.1502,1.60471,-0.05806
25.56,-0.34912,-0.66207,-0.00223,0.19854,0.06453,-0.00475,0.08537,-1.16962,-0.02132,-0.0012,1.85404,0.0137,0.03677,0.36062,0.02582,-0.00063,-0.00075,-0.00352,-0.01932,0.00114,-38.18391,-2.13229,-0.314,12.10978,-2.70947,-0.07239,-0.15634,3.36374,-0.09826,-1.30579,18.63337,2.53918,1.83801,-0.16656
25.58,-0.21483,-0.54519,0.0082,0.18488,0.07136,-0.00374,-0.02995,-1.35641,-0.02004,-0.0001,1.55728,0.00888,0.03319,0.37597,0.04111,-0.0009,-0.00096,-0.00365,-0.01891,0.00096,-41.09059,-1.86282,-0.28559,8.28462,-2.14607,-0.27631,-0.16419,6.33365,0.00055,-0.70856,-16.22928,3.5565,1.76646,-0.1452
25.6,-0.06637,-0.30606,0.01889,0.16021,0.08137,-0.00259,-0.15205,-1.52698,-0.01712,-0.00347,1.25176,0.00356,0.02846,0.38378,0.05594,-0.00104,-0.00101,-0.00377,-0.01814,0.00078,-43.03605,-1.40911,-0.24415,2.80669,-1.59448,-0.44757,-0.16278,9.68893,-0.01374,-0.26954,-40.23603,4.18294,1.51679,0.06006
25.62,0.10497,0.03089,0.0296,0.12746,0.09179,-0.00134,-0.27938,-1.66119,-0.01219,-0.0087,0.91951,-0.00231,0.02275,0.37631,0.06877,-0.00106,-0.00088,-0.00399,-0.017,0.00058,-43.87304,-0.81196,-0.13248,-4.65371,-1.01737,-0.61522,-0.19285,12.88776,-0.11322,0.03962,-48.78675,4.42235,1.23143,0.38914
25.64,0.31094,0.42497,0.04004,0.08801,0.10049,-6e-05,-0.40918,-1.76233,-0.00536,-0.0141,0.5324,-0.00875,0.01661,0.34774,0.07836,-0.00099,-0.00058,-0.00438,-0.01542,0.00037,-43.05685,-0.10885,0.02013,-14.51019,-0.43002,-0.76221,-0.2313,16.13187,-0.2715,0.30268,-49.4612,4.41125,0.93037,0.75216
25.66,0.56769,0.82722,0.04975,0.04316,0.10584,0.00114,-0.53759,-1.83756,0.0032,-0.01954,0.08455,-0.01566,0.01016,0.29615,0.08373,-0.0009,-0.0002,-0.00493,-0.01326,0.00015,-40.10498,0.68515,0.15866,-26.82003,0.1741,-0.85632,-0.25618,19.93325,-0.44094,0.56991,-46.97817,4.27566,0.64681,1.08854
25.68,0.89866,1.17244,0.058,-0.00565,0.1061,0.00217,-0.65749,-1.88108,0.01321,-0.02357,-0.40667,-0.02296,0.0031,0.22482,0.08388,-0.00083,0.00011,-0.00561,-0.01033,-9e-05,-34.68303,1.6085,0.28754,-41.43404,0.82423,-0.9261,-0.28863,24.6286,-0.52965,0.83965,-41.6841,4.05449,0.42262,1.37047
25.7,1.27835,1.4051,0.06236,-0.05698,0.10037,0.0029,-0.75689,-1.88734,0.02389,-0.02306,-0.8991,-0.02973,-0.00488,0.14207,0.07822,-0.00083,7e-05,-0.00631,-0.00643,-0.00033,-26.842,2.57004,0.35932,-58.62575,1.51463,-0.96402,-0.34732,29.50528,-0.55984,0.91506,-31.07068,3.72389,0.25757,1.48386
25.72,1.62253,1.49638,0.06059,-0.10768,0.08849,0.00322,-0.82233,-1.84994,0.03396,-0.0145,-1.31882,-0.03429,-0.01422,0.0587,0.06661,-0.0009,-0.00071,-0.00685,-0.00139,-0.00058,-16.50803,3.15989,0.35589,-79.2105,2.16094,-0.95215,-0.46048,33.21468,-0.82121,0.65521,-17.05231,3.26535,0.13317,1.34013
25.74,1.92893,1.39902,0.05477,-0.15508,0.07146,0.00305,-0.84904,-1.76706,0.04219,0.00058,-1.62588,-0.03674,-0.02508,-0.01628,0.04946,-0.00106,-0.0027,-0.00714,0.0048,-0.00082,-3.20316,3.27262,0.33961,-102.49938,2.70934,-0.90445,-0.63706,36.50114,-1.35411,0.27753,-5.70621,2.70723,0.02419,1.10347
25.76,2.21385,1.07551,0.04749,-0.1971,0.05142,0.00236,-0.83858,-1.63703,0.04756,0.01886,-1.81755,-0.0378,-0.037,-0.07867,0.02794,-0.00128,-0.00632,-0.0071,0.01192,-0.00103,13.00724,3.07472,0.33985,-126.83878,3.15871,-0.82387,-0.86602,40.4904,-1.96717,-0.11421,1.92052,2.05178,-0.09284,0.89103
25.78,2.42252,0.52286,0.03988,-0.22969,0.03057,0.00116,-0.79414,-1.45596,0.04914,0.03882,-1.89114,-0.03716,-0.04929,-0.12895,0.00406,-0.00154,-0.01182,-0.00666,0.01945,-0.00122,31.51423,2.36497,0.34622,-150.73858,3.53023,-0.70376,-1.1307,44.67591,-2.75952,-0.51287,6.66206,1.26656,-0.23473,0.6968
25.8,2.52815,-0.14727,0.03439,-0.24913,0.01279,-0.00027,-0.72823,-1.23215,0.04649,0.05745,-1.87359,-0.03531,-0.05998,-0.17127,-0.0196,-0.00183,-0.01895,-0.00582,0.02671,-0.00132,51.15918,1.18076,0.37945,-173.69671,3.38471,-0.54907,-1.43246,48.69069,-3.86918,-0.861,9.00459,0.344,-0.41175,0.53331
25.82,2.50981,-0.74565,0.03245,-0.25219,0.00111,-0.00143,-0.65475,-0.97419,0.03968,0.07166,-1.80112,-0.03283,-0.06622,-0.21108,-0.04055,-0.00211,-0.02677,-0.00461,0.03307,-0.00118,70.24323,-0.03204,0.44395,-195.26172,2.04198,-0.37122,-1.78836,52.03243,-5.41075,-1.13019,9.62068,-0.69149,-0.63091,0.4079
25.84,2.3439,-1.24479,0.03214,-0.23551,-0.00516,-0.00224,-0.5754,-0.68837,0.02947,0.07826,-1.68807,-0.02935,-0.06757,-0.25123,-0.05775,-0.00229,-0.03454,-0.00314,0.03776,-0.00094,86.63549,-0.91611,0.43589,-210.78656,0.03651,-0.19653,-2.09887,54.2692,-7.38049,-1.2761,8.90809,-1.80526,-0.89026,0.32005
25.86,2.02409,-1.64271,0.02919,-0.19937,-0.00707,-0.0026,-0.49062,-0.38882,0.0175,0.07559,-1.54732,-0.02473,-0.06452,-0.29082,-0.07204,-0.00224,-0.04196,-0.00162,0.0402,-0.00073,98.42701,-1.38845,0.26894,-216.17425,-1.8407,-0.04731,-2.20847,55.39642,-9.65343,-1.27533,7.33807,-2.97189,-1.17673,0.26514
25.88,1.56115,-1.85804,0.01722,-0.14887,-0.00519,-0.00244,-0.4038,-0.09887,0.00592,0.06482,-1.39463,-0.01917,-0.05681,-0.32575,-0.08562,-0.00179,-0.04866,-0.00034,0.04037,-0.0005,104.33548,-1.12916,-0.04604,-210.55944,-3.41924,0.0653,-2.03875,54.9503,-12.22599,-1.11272,5.33759,-4.1544,-1.46854,0.23022
25.9,1.03568,-1.86292,-0.0126,-0.09249,-0.00057,-0.00191,-0.31225,0.15182,-0.00305,0.04483,-1.23974,-0.01318,-0.04552,-0.34698,-0.1031,-0.00073,-0.05433,0.00031,0.03832,-0.00036,102.04818,-0.65998,-0.41648,-192.44475,-4.124,0.13746,-1.55667,53.2097,-14.81493,-0.87162,3.45469,-5.32059,-1.73413,0.20645
25.92,0.49971,-1.67016,-0.07036,-0.03984,0.0045,-0.00139,-0.21486,0.34876,-0.00844,0.0192,-1.08858,-0.00705,-0.03167,-0.3434,-0.13061,0.00113,-0.05866,-0.00011,0.0342,-0.0004,91.00663,-0.73509,-0.65975,-163.08675,-3.7927,0.1776,-0.83275,50.93329,-17.01725,-0.67642,2.06828,-6.44766,-1.9469,0.18698
25.94,-0.03757,-1.32444,-0.16322,0.00145,0.00768,-0.00127,-0.11642,0.47678,-0.01029,-0.0042,-0.94403,-0.00073,-0.01555,-0.30915,-0.17222,0.00397,-0.06155,-0.00195,0.02846,-0.00052,74.37937,-0.7905,-0.69831,-126.77122,-2.838,0.18946,-0.03214,47.68947,-18.59807,-0.49045,1.11478,-7.47403,-2.0882,0.16032
25.96,-0.53079,-0.89334,-0.29138,0.02821,0.00802,-0.00165,-0.01948,0.52046,-0.00938,-0.02318,-0.80674,0.00547,0.00205,-0.24223,-0.23065,0.00783,-0.06288,-0.0054,0.02148,-0.0006,55.76151,-0.50673,-0.57268,-89.186,-1.66214,0.17774,0.60404,43.09269,-19.24764,-0.26672,0.51329,-8.33523,-2.15622,0.12245
25.98,-0.94295,-0.44466,-0.44583,0.04205,0.00504,-0.00231,0.07228,0.48601,-0.00698,-0.03799,-0.6771,0.011,0.01965,-0.14329,-0.30844,0.01257,-0.06196,-0.01037,0.01359,-0.00069,38.23162,-0.16737,-0.37619,-56.00613,-0.57224,0.14795,0.88793,37.53013,-18.64594,-0.07066,0.19308,-9.00755,-2.17871,0.07808
26,-1.26945,-0.04238,-0.60294,0.04876,-0.00141,-0.00272,0.15311,0.38051,-0.00439,-0.0478,-0.55651,0.01545,0.03589,-0.01811,-0.40339,0.01797,-0.05788,-0.0163,0.00523,-0.00057,23.35615,0.06259,-0.19282,-29.86289,0.23891,0.12836,0.8487,31.57901,-16.7869,0.13847,0.00346,-9.49227,-2.17983,0.03265
26.02,-1.52904,0.25366,-0.73099,0.05602,-0.01027,-0.00214,0.22074,0.21935,-0.00243,-0.05092,-0.44615,0.01873,0.05041,0.12798,-0.50923,0.02372,-0.04999,-0.0221,-0.00302,0.00013,12.15044,0.04638,-0.08468,-12.41933,0.65338,0.1458,1.01179,25.82044,-13.91702,0.44123,-0.19189,-9.80952,-2.18118,-0.00918
26.04,-1.72143,0.42316,-0.80907,0.06962,-0.01817,-0.00046,0.26971,0.02884,-0.00128,-0.04951,-0.34555,0.02026,0.06135,0.29225,-0.62349,0.02925,-0.03832,-0.02638,-0.01043,0.00168,5.41059,-0.08146,-0.0466,-3.22376,0.87261,0.18242,1.61958,20.32846,-10.38837,0.75059,-0.47162,-9.99237,-2.22663,-0.04562
26.06,-1.83682,0.48579,-0.82785,0.09238,-0.02205,0.002,0.29627,-0.17687,-0.00086,-0.04602,-0.25397,0.01962,0.06666,0.47374,-0.74496,0.03387,-0.02276,-0.02762,-0.01615,0.00426,2.53321,-0.2213,-0.04363,0.95552,1.08657,0.23191,2.55558,15.06468,-6.64075,0.99227,-0.87389,-10.07939,-2.35274,-0.07613
26.08,-1.87869,0.47003,-0.7881,0.12415,-0.02073,0.00515,0.30646,-0.39162,-0.00099,-0.03984,-0.17117,0.01724,0.06669,0.67487,-0.86879,0.03693,-0.0029,-0.02484,-0.01907,0.00755,2.16446,-0.3731,-0.06932,3.75281,1.34652,0.30368,3.78234,10.19073,-3.06323,1.19491,-1.42098,-10.10878,-2.57792,-0.10241
26.1,-1.85225,0.41915,-0.7029,0.1607,-0.01405,0.00856,0.30461,-0.60779,-0.00155,-0.03218,-0.09755,0.01325,0.06135,0.90071,-0.98993,0.0382,0.01918,-0.01495,-0.01767,0.01322,3.10124,-0.4501,-0.14538,7.9995,1.55056,0.39981,4.91026,5.79099,0.07793,1.33274,-2.12988,-10.12626,-2.91983,-0.12002
26.12,-1.76662,0.3737,-0.58972,0.19542,-0.00398,0.01174,0.29586,-0.81459,-0.0026,-0.02335,-0.03412,0.0081,0.05124,1.15596,-1.10427,0.03755,0.03853,0.00634,-0.01017,0.02399,4.13548,-0.22161,-0.29079,14.80284,1.50273,0.5123,5.46882,1.90608,2.52067,1.37752,-3.02595,-10.17408,-3.38941,-0.11864
26.14,-1.61971,0.34115,-0.46185,0.22378,0.00614,0.01474,0.29252,-1.00442,-0.00481,-0.01154,0.01778,0.00272,0.03886,1.43698,-1.20661,0.03408,0.05278,0.03672,0.00516,0.03751,4.45792,0.24904,-0.47029,23.55962,1.17604,0.59747,5.33238,-1.53918,4.17626,1.39845,-4.17072,-10.25825,-3.98898,-0.10199
26.16,-1.41655,0.32164,-0.32481,0.2441,0.01342,0.01755,0.30179,-1.17025,-0.00963,0.00348,0.05637,-0.00257,0.02571,1.7278,-1.29371,0.02643,0.05721,0.07114,0.02997,0.05058,3.98566,0.72608,-0.62778,33.0363,0.6839,0.59844,4.55738,-4.60126,5.17188,1.44333,-5.63351,-10.37532,-4.70714,-0.07879
26.18,-1.18179,0.32035,-0.17876,0.25666,0.01616,0.0198,0.32209,-1.29977,-0.01923,0.02011,0.07925,-0.00779,0.01228,1.9987,-1.3678,0.01248,0.03929,0.10627,0.06548,0.06268,2.86683,1.18855,-0.72328,41.12895,0.12887,0.48752,3.2796,-7.21868,5.68407,1.49734,-7.43991,-10.53061,-5.50777,-0.05218
26.2,-0.92681,0.33415,-0.0212,0.26382,0.01308,0.02075,0.35313,-1.34863,-0.03374,0.03737,0.08339,-0.01279,-0.001,2.21276,-1.41294,-0.01147,-0.00865,0.1422,0.11242,0.07235,1.4924,1.53493,-0.74333,45.63365,-0.34138,0.27062,1.74591,-9.54839,5.85209,1.593,-9.68855,-10.69808,-6.367,-0.01778
26.22,-0.6654,0.35964,0.15302,0.26891,0.00461,0.01945,0.39465,-1.26362,-0.04921,0.05744,0.06609,-0.01718,-0.01373,2.32531,-1.39203,-0.05495,-0.09161,0.18027,0.17059,0.07859,0.36024,1.7159,-0.68722,44.4192,-0.61475,-0.01362,0.33619,-11.71439,5.78619,1.75353,-12.5014,-10.83948,-7.25673,0.0282
26.24,-0.42764,0.38607,0.34379,0.27462,-0.00244,0.01616,0.43939,-1.05847,-0.06557,0.0777,0.02635,-0.02077,-0.02558,2.28364,-1.30364,-0.13369,-0.22157,0.21277,0.23759,0.07959,-0.11017,1.77272,-0.55095,36.708,-0.66463,-0.32329,-0.62876,-13.55224,5.6595,1.93702,-15.85941,-10.93606,-8.08662,0.08002
26.26,-0.23133,0.40308,0.53959,0.28233,-0.00084,0.01157,0.48012,-0.75154,-0.08384,0.09269,-0.03343,-0.02348,-0.03652,2.06207,-1.16065,-0.2649,-0.39436,0.23263,0.3083,0.07422,0.23973,1.71273,-0.34382,23.32392,-0.537,-0.61413,-1.0915,-14.97013,5.60672,2.10899,-19.67458,-10.96494,-8.75737,0.13472
26.28,-0.0791,0.40953,0.72499,0.29208,0.01381,0.00577,0.51407,-0.35742,-0.0988,0.10169,-0.10677,-0.02493,-0.04647,1.67213,-0.94131,-0.47467,-0.58741,0.24006,0.37214,0.06399,1.27408,1.54842,-0.05927,5.03287,-0.31899,-0.85302,-1.11283,-16.01655,5.66601,2.24977,-23.78173,-10.88775,-9.18798,0.19371
26.3,0.03223,0.38596,0.88072,0.30029,0.0401,0.00094,0.53765,0.05949,-0.11092,0.10485,-0.18312,-0.02546,-0.05486,1.15292,-0.68098,-0.76044,-0.78,0.23715,0.42512,0.04693,2.50874,1.3389,0.24764,-14.42788,-0.09006,-1.01942,-0.80359,-16.94205,5.80886,2.41678,-28.55108,-10.63435,-9.29714,0.28157
26.32,0.10309,0.32246,0.98164,0.3019,0.06219,-0.00082,0.5482,0.47732,-0.12274,0.10368,-0.24988,-0.02563,-0.06074,0.55726,-0.44741,-1.09609,-0.93246,0.2281,0.47003,0.0256,3.17822,1.13827,0.52693,-30.95687,0.10599,-1.1045,-0.26336,-17.97601,5.97551,2.65089,-34.58032,-10.12952,-9.00197,0.43534
26.34,0.14194,0.2446,1.00486,0.29585,0.07193,-0.00115,0.54547,0.87049,-0.12846,0.0993,-0.29837,-0.02508,-0.06406,-0.07044,-0.24562,-1.44971,-1.01315,0.21179,0.48898,0.0078,2.60946,0.91877,0.80786,-42.41127,0.26927,-1.10796,0.33327,-19.01225,6.1925,2.8586,-41.33022,-9.33738,-8.1986,0.65045
26.36,0.17264,0.16887,0.9444,0.28203,0.07172,-0.00128,0.52983,1.17543,-0.12449,0.092,-0.32578,-0.02362,-0.06506,-0.70791,-0.08883,-1.78762,-1.01284,0.1889,0.47108,-0.00463,0.33344,0.6629,1.09487,-47.39299,0.43048,-1.03528,0.84103,-19.91585,6.51742,2.98674,-48.23934,-8.23126,-6.82325,0.91698
26.38,0.21883,0.09949,0.80852,0.25861,0.05817,-0.00079,0.50256,1.37552,-0.112,0.0836,-0.33379,-0.02157,-0.06339,-1.3571,-0.02407,-2.15961,-0.90558,0.16653,0.432,-0.01206,-3.87294,0.3497,1.40627,-45.30453,0.63891,-0.90307,1.25606,-20.58957,6.96624,3.04614,-55.5374,-6.78586,-4.87399,1.25452
26.4,0.30396,0.04701,0.61707,0.22414,0.03707,-0.00029,0.46595,1.46101,-0.09485,0.07353,-0.3295,-0.01901,-0.05916,-2.058,-0.11976,-2.15694,-0.79457,0.14,0.36844,-0.01535,-9.4741,-0.02567,1.58797,-31.87104,0.92471,-0.72563,1.30975,-20.91282,7.47772,3.01249,-63.66481,-4.97918,-2.37701,1.66646
26.42,0.45903,0.01874,0.40009,0.17818,0.01699,-0.00022,0.42265,1.43293,-0.07705,0.0615,-0.32204,-0.01597,-0.05253,-2.91943,-0.42595,-1.3342,-0.78644,0.10841,0.28314,-0.01617,-14.63469,-0.35636,1.50681,-10.3924,1.28238,-0.52591,0.93933,-20.60913,7.93866,2.8551,-73.11529,-2.83184,0.57377,2.14665
26.44,0.70675,0.01756,0.17593,0.12299,-0.00219,-0.00013,0.37571,1.32169,-0.05814,0.04871,-0.31745,-0.01263,-0.04345,-3.99427,-0.90675,-0.41406,-0.73031,0.08507,0.20371,-0.01425,-18.23996,-0.67658,1.36652,9.93943,1.70984,-0.32843,0.51393,-19.08601,8.35714,2.5725,-84.08474,-0.41698,3.83517,2.67968
26.46,1.05029,0.04234,-0.02762,0.06177,-0.01955,8e-05,0.3256,1.1563,-0.03842,0.03507,-0.31828,-0.00908,-0.03216,-5.2379,-1.43362,0.19915,-0.49784,0.0738,0.13801,-0.00928,-20.07798,-1.03914,1.28064,27.04238,2.18967,-0.14794,0.16056,-15.73344,8.7469,2.16986,-96.5773,2.18804,7.23171,3.23408
26.48,1.49245,0.08155,-0.18458,-0.00115,-0.032,0.00026,0.26977,0.96474,-0.02017,0.01915,-0.32362,-0.00539,-0.01922,-6.63612,-1.90016,0.56679,-0.07296,0.06896,0.08068,-0.00205,-19.61276,-1.35832,1.19963,40.63458,2.63539,0.00868,-0.15632,-10.06184,8.98858,1.65656,-110.49446,4.89136,10.57167,3.79193
26.5,1.90263,0.11366,-0.25112,-0.05938,-0.03564,0.00026,0.20824,0.76229,-0.00656,-0.00198,-0.3279,-0.00165,-0.0058,-7.8885,-2.08981,0.62431,0.54517,0.06826,0.03172,0.0064,-16.28053,-1.58419,1.06612,49.12822,2.9034,0.13663,-0.41938,-1.7168,8.87452,1.02937,-126.54243,7.50839,13.39212,4.21754
26.52,2.11054,0.12182,-0.20461,-0.10738,-0.02943,6e-05,0.14043,0.56852,0.00293,-0.02585,-0.32331,0.00203,0.00749,-8.65133,-1.86364,0.50496,1.29302,0.06951,-0.00719,0.01364,-10.08736,-1.65994,0.83639,50.16204,2.81954,0.22893,-0.56428,9.59263,8.23143,0.33203,-145.35467,9.72483,15.0414,4.30301
26.54,2.17296,0.09589,-0.09651,-0.13965,-0.01676,-0.00026,0.06271,0.41709,0.00998,-0.04955,-0.30398,0.00553,0.02028,-9.04423,-1.44276,0.33985,2.0618,0.06689,-0.03513,0.01788,-2.16913,-1.47448,0.56261,45.20927,2.2761,0.28415,-0.60556,23.88617,7.05783,-0.32416,-165.25137,11.33898,15.47812,4.11063
26.56,2.13684,0.03555,0.04906,-0.15174,0.00051,-0.00074,-0.02284,0.31972,0.01369,-0.07437,-0.26645,0.00876,0.03171,-9.24083,-0.97523,0.17846,2.76754,0.05717,-0.0528,0.0189,6.65988,-1.03489,0.3071,37.4453,1.25052,0.30771,-0.60536,40.54629,5.45654,-0.85285,-183.85143,12.28154,14.93739,3.69997
26.58,1.94406,-0.04236,0.22451,-0.14301,0.02157,-0.00149,-0.11041,0.26892,0.01436,-0.09915,-0.20985,0.01156,0.04118,-9.2246,-0.4991,0.03486,3.31331,0.04202,-0.0623,0.01689,15.7648,-0.35694,0.09857,27.2152,-0.20657,0.29865,-0.57599,58.47264,3.62608,-1.2012,-198.80764,12.47558,13.51492,2.95213
26.6,1.6358,-0.10888,0.41905,-0.11569,0.04482,-0.0024,-0.19157,0.25646,0.01275,-0.12011,-0.13705,0.01386,0.04833,-8.9863,-0.0509,-0.08587,3.73309,0.02263,-0.0659,0.01281,24.36911,0.26805,0.00603,17.31893,-1.93323,0.27256,-0.54533,75.36864,1.60783,-1.25237,-208.85669,11.71088,11.43071,2.06654
26.62,1.23916,-0.13541,0.61788,-0.07421,0.06825,-0.00314,-0.25397,0.272,0.00961,-0.13163,-0.05227,0.01574,0.05305,-8.50396,0.35732,-0.2076,4.10401,0.00308,-0.06592,0.00781,31.87445,0.40819,-0.00768,10.33421,-3.76671,0.25475,-0.50887,88.52503,-0.18078,-0.80046,-213.29584,9.78249,8.86107,1.02998
26.64,0.72023,-0.10839,0.80429,-0.02422,0.09075,-0.00382,-0.2945,0.30158,0.00592,-0.13351,0.04107,0.01691,0.05499,-7.85738,0.71947,-0.33887,4.29278,-0.0113,-0.0643,0.0029,37.55903,0.31561,-0.01968,5.1082,-5.54725,0.23192,-0.46795,96.26124,-0.99828,-0.02317,-207.34934,7.29342,6.21243,-0.46104
26.66,0.10141,-0.01962,0.95775,0.02855,0.11216,-0.00478,-0.31649,0.33362,0.00271,-0.12779,0.14029,0.01715,0.054,-7.11933,1.02569,-0.46818,4.25292,-0.02011,-0.06189,-0.00129,40.9182,0.21952,-0.02307,1.11532,-7.11674,0.18722,-0.43458,98.05682,-0.94035,0.71742,-189.29373,4.88309,3.84508,-2.23565
26.68,-0.54203,0.13143,1.05347,0.0782,0.13186,-0.00602,-0.32107,0.36098,0.00081,-0.11335,0.24339,0.0167,0.05077,-6.26877,1.27119,-0.59332,4.06955,-0.02449,-0.05872,-0.00452,41.6101,0.06062,-0.03749,-1.12044,-8.40351,0.12973,-0.40088,94.57271,-0.26483,1.32462,-162.78453,2.69661,1.88769,-3.97868
26.7,-1.14506,0.33537,1.09642,0.1193,0.14979,-0.00753,-0.3063,0.37742,-0.00028,-0.09637,0.34895,0.01561,0.04562,-5.36504,1.45915,-0.6954,3.74391,-0.0257,-0.05411,-0.00679,40.07992,-0.03444,-0.04663,-1.3643,-9.4099,0.04426,-0.38259,84.82622,0.45329,1.50457,-128.05787,1.35884,0.59862,-5.24769
26.72,-1.71324,0.58612,1.10685,0.1479,0.16654,-0.00929,-0.26984,0.37846,-0.001,-0.083,0.4568,0.01403,0.03916,-4.47719,1.60216,-0.756,3.29696,-0.02475,-0.04716,-0.00825,37.25334,-0.01993,-0.02746,-0.00514,-10.17482,-0.09211,-0.39741,69.99101,0.71268,1.16983,-89.53105,0.75782,-0.19483,-5.63642
26.74,-2.1925,0.85915,1.06375,0.16061,0.18115,-0.01126,-0.21593,0.36093,-0.0009,-0.07007,0.56787,0.01239,0.03287,-3.59582,1.70602,-0.78158,2.8434,-0.02298,-0.03746,-0.00916,32.93282,0.00392,-0.01378,2.21793,-10.6899,-0.25014,-0.41294,55.4137,0.66199,0.69565,-55.57128,0.28007,-0.72951,-5.22019
26.76,-2.50107,1.11945,0.95215,0.15625,0.19216,-0.01329,-0.14779,0.32388,-0.0003,-0.05619,0.68505,0.01093,0.02757,-2.73249,1.77068,-0.77848,2.44966,-0.02165,-0.02487,-0.0098,26.98359,0.05811,-0.02186,4.91096,-10.9433,-0.39242,-0.40409,44.56983,0.40875,0.27936,-28.57449,-0.1355,-1.03213,-4.43513
26.78,-2.64824,1.3473,0.78775,0.13689,0.19912,-0.01514,-0.06704,0.27013,7e-05,-0.04359,0.81397,0.00972,0.0233,-1.92919,1.79647,-0.7472,2.12325,-0.02079,-0.00972,-0.01042,20.11722,0.17845,-0.04443,7.67504,-10.96911,-0.50836,-0.3719,38.10546,0.00217,-0.04119,-5.88779,-0.44115,-1.2055,-3.60503
26.8,-2.66199,1.52162,0.59641,0.10736,0.20061,-0.01666,0.02004,0.20227,-0.00013,-0.03343,0.95959,0.00881,0.02011,-1.23048,1.79079,-0.69296,1.84074,-0.02053,0.00702,-0.01087,13.14542,0.36076,-0.08108,10.1185,-10.80943,-0.57039,-0.3202,34.82645,-0.45247,-0.28292,16.84898,-0.72503,-1.36865,-2.91613
26.82,-2.57908,1.62433,0.40129,0.07274,0.19496,-0.01775,0.10839,0.12673,-0.00084,-0.02612,1.12322,0.00824,0.01787,-0.66076,1.7614,-0.62504,1.58149,-0.02079,0.02439,-0.01083,6.77716,0.56203,-0.12625,11.97629,-10.50297,-0.55395,-0.25851,32.24367,-0.92655,-0.54179,42.09729,-1.19159,-1.58758,-2.37385
26.84,-2.41932,1.65067,0.20499,0.03602,0.18269,-0.01844,0.1929,0.05348,-0.00176,-0.02104,1.30348,0.00807,0.01633,-0.21584,1.69638,-0.5507,1.37033,-0.02079,0.04145,-0.0105,1.03813,0.72055,-0.17146,13.24587,-10.05747,-0.47466,-0.19069,29.02991,-1.40799,-0.82286,70.3437,-1.843,-1.80269,-1.79038
26.86,-2.19894,1.60381,0.01606,-0.00045,0.16493,-0.01878,0.2677,-0.01197,-0.00255,-0.01758,1.49051,0.00829,0.01532,0.111,1.59158,-0.47601,1.21381,-0.01975,0.05731,-0.00995,-4.22097,0.78509,-0.20997,14.08994,-9.4822,-0.35635,-0.11982,24.8402,-1.84913,-1.0942,101.25,-2.47081,-1.90169,-1.06361
26.88,-1.95514,1.49333,-0.14749,-0.03524,0.14265,-0.01883,0.3309,-0.06677,-0.00287,-0.01561,1.65862,0.00878,0.01487,0.33447,1.45849,-0.40626,1.09154,-0.01696,0.07139,-0.0089,-8.94283,0.71845,-0.23293,14.65108,-8.80401,-0.21722,-0.055,19.05521,-2.21206,-1.37139,130.57538,-2.92394,-1.78567,-0.20189
26.9,-1.68858,1.32268,-0.27862,-0.06794,0.11794,-0.01872,0.38332,-0.1088,-0.00277,-0.01437,1.78441,0.00941,0.01504,0.47831,1.30803,-0.34725,0.99622,-0.01223,0.08324,-0.00731,-13.46755,0.53421,-0.23951,15.11524,-8.03659,-0.08247,-0.00035,12.31978,-2.4791,-1.60342,151.98854,-3.03966,-1.36787,0.63765
26.92,-1.39704,1.10236,-0.37497,-0.09857,0.09285,-0.01858,0.42734,-0.13699,-0.00262,-0.01294,1.84658,0.01005,0.01586,0.56877,1.1508,-0.30493,0.92376,-0.0049,0.09245,-0.00517,-18.14651,0.27015,-0.23373,15.62044,-7.18891,0.02658,0.0417,5.78078,-2.63127,-1.68606,158.63447,-2.74779,-0.65468,1.25505
26.94,-1.11492,0.86074,-0.43275,-0.12786,0.06832,-0.01834,0.4656,-0.15126,-0.00292,-0.01129,1.80175,0.01036,0.01738,0.63026,0.99282,-0.27788,0.86833,0.00603,0.09856,-0.00231,-23.00028,-0.03536,-0.21752,16.20486,-6.2752,0.10121,0.06511,0.66096,-2.57223,-1.5356,149.02108,-2.07197,0.23894,1.51159
26.96,-0.86055,0.6178,-0.45303,-0.15689,0.04498,-0.01793,0.50001,-0.15292,-0.00423,-0.00944,1.62349,0.01006,0.01947,0.68293,0.83769,-0.26441,0.82627,0.02071,0.10101,0.00123,-28.05131,-0.33368,-0.1958,16.8217,-5.31728,0.13786,0.06671,-2.18965,-2.30017,-1.18425,126.57542,-1.12451,1.19261,1.37857
26.98,-0.62872,0.38507,-0.44191,-0.18651,0.02338,-0.01732,0.53166,-0.14466,-0.00688,-0.00723,1.32434,0.00904,0.02166,0.74351,0.68738,-0.26967,0.79359,0.03841,0.09912,0.00525,-33.32394,-0.58958,-0.17549,17.32351,-4.35091,0.13783,0.04703,-2.65686,-1.90029,-0.73145,92.90758,-0.07242,2.08707,0.89697
27,-0.40678,0.17836,-0.40605,-0.217,0.00411,-0.01651,0.56257,-0.13068,-0.01088,-0.00473,0.92005,0.00718,0.02346,0.82659,0.53382,-0.2865,0.76913,0.05897,0.09245,0.00952,-38.83857,-0.7654,-0.15834,17.50163,-3.41769,0.11359,0.00774,-0.80496,-1.39205,-0.27803,54.97832,0.94375,2.79513,0.24555
27.02,-0.1898,0.01607,-0.35246,-0.24825,-0.01247,-0.01551,0.59401,-0.1157,-0.01592,-0.00216,0.45166,0.00448,0.02437,0.94226,0.37019,-0.30185,0.75173,0.08342,0.08062,0.01378,-44.4538,-0.82131,-0.14525,17.0241,-2.56411,0.07776,-0.04502,2.49022,-0.87151,0.01615,19.42169,1.7906,3.18961,-0.36371
27.04,0.01914,-0.08504,-0.28786,-0.28053,-0.02609,-0.01418,0.62283,-0.10348,-0.02157,-0.00015,-0.02144,0.00112,0.02365,1.09266,0.19432,-0.32124,0.73567,0.10895,0.06276,0.01772,-49.73238,-0.7679,-0.14044,15.46588,-1.82683,0.03836,-0.1036,6.34565,-0.4828,0.08316,-11.63307,2.42763,3.22364,-0.83651
27.06,0.23059,-0.11321,-0.21812,-0.31425,-0.03626,-0.01242,0.64564,-0.09702,-0.0273,0.00084,-0.46432,-0.00274,0.02088,1.27015,0.00083,-0.3525,0.71621,0.1317,0.03915,0.02102,-54.1695,-0.63103,-0.14586,12.37045,-1.22003,0.00416,-0.16263,10.47139,-0.22634,-0.003,-36.98373,2.90024,2.94037,-1.12413
27.08,0.46207,-0.06393,-0.14887,-0.34941,-0.04263,-0.01025,0.66113,-0.09862,-0.03277,0.00076,-0.85458,-0.00686,0.01623,1.45272,-0.21605,-0.39611,0.69168,0.1511,0.01182,0.02342,-57.25558,-0.41868,-0.16114,7.32681,-0.72997,-0.01763,-0.21624,14.99753,-0.03861,-0.1797,-57.00415,3.28009,2.39669,-1.18293
27.1,0.72025,0.05627,-0.08525,-0.38427,-0.04498,-0.00779,0.66797,-0.10957,-0.03724,-0.00028,-1.17013,-0.0109,0.01014,1.6201,-0.44785,-0.41138,0.66294,0.16592,-0.01602,0.025,-58.76882,-0.11986,-0.17943,0.12008,-0.29517,-0.02843,-0.2602,19.44199,0.06649,-0.3321,-62.81443,3.55725,1.77975,-0.92751
27.12,0.99734,0.22814,-0.03119,-0.41603,-0.04331,-0.00517,0.66431,-0.13053,-0.0397,-0.00111,-1.39016,-0.01438,0.0034,1.75045,-0.65844,-0.32896,0.63019,0.17517,-0.03948,0.02598,-58.44402,0.22932,-0.18538,-9.64114,0.13847,-0.04547,-0.29254,23.04973,0.07762,-0.37384,-52.54886,3.71991,1.23127,-0.45502
27.14,1.2984,0.41818,0.01093,-0.44306,-0.03801,-0.00259,0.64778,-0.16204,-0.04024,-0.00064,-1.50872,-0.01706,-0.00307,1.79522,-0.83139,-0.17761,0.59101,0.17979,-0.05466,0.0261,-55.53776,0.56174,-0.17215,-22.33364,0.62573,-0.08026,-0.31567,26.8541,0.05204,-0.36974,-39.28717,3.88365,0.72701,0.04254
27.16,1.63707,0.57694,0.04043,-0.46321,-0.02992,-0.00025,0.61594,-0.20444,-0.03926,0.00131,-1.53087,-0.01889,-0.00862,1.72375,-0.96645,-0.00704,0.54525,0.18045,-0.06,0.02524,-49.43274,0.86188,-0.13797,-37.90893,1.27063,-0.13618,-0.33401,32.11354,0.04358,-0.38005,-28.56653,4.1253,0.28307,0.50412
27.18,2.02123,0.6442,0.05758,-0.47254,-0.02034,0.00158,0.56653,-0.25774,-0.03682,0.0047,-1.46189,-0.01976,-0.01281,1.54761,-1.04481,0.20856,0.49384,0.17749,-0.05504,0.02366,-39.86401,1.12214,-0.06916,-55.89352,2.20307,-0.2214,-0.35003,38.94506,0.02329,-0.39848,-19.13371,4.3994,-0.06928,0.92062
27.2,2.37037,0.58183,0.0641,-0.46411,-0.01097,0.0027,0.50238,-0.32056,-0.03325,0.00873,-1.32011,-0.0197,-0.01531,1.29603,-1.06837,0.36087,0.43924,0.17095,-0.04131,0.02149,-27.06069,1.21878,0.05284,-76.38264,3.39374,-0.33108,-0.37553,46.4135,-0.04765,-0.40737,-10.5039,4.58018,-0.33662,1.23715
27.22,2.54837,0.3894,0.06246,-0.43078,-0.00363,0.00304,0.42848,-0.39034,-0.02894,0.01198,-1.12385,-0.01876,-0.01588,1.01139,-1.0442,0.34975,0.38399,0.16073,-0.02125,0.01881,-11.26962,0.95696,0.26434,-100.08507,4.58999,-0.44987,-0.43215,52.70286,-0.20647,-0.38638,-3.28972,4.49652,-0.54604,1.36325
27.24,2.59036,0.05219,0.05327,-0.3718,-5e-05,0.00258,0.34343,-0.46439,-0.02439,0.01276,-0.87514,-0.0168,-0.01453,0.73436,-0.9624,0.29348,0.32755,0.14728,0.00297,0.01579,7.36003,0.3578,0.60024,-125.21544,5.70428,-0.5517,-0.50071,58.00468,-0.48962,-0.35164,1.61846,4.03482,-0.72467,1.34011
27.26,2.54377,-0.43548,0.03824,-0.28898,-0.00177,0.00141,0.24945,-0.53926,-0.02014,0.00955,-0.57246,-0.01371,-0.0114,0.49065,-0.82345,0.25184,0.27075,0.13111,0.02893,0.01255,27.89587,-0.4372,1.05011,-148.76443,6.70105,-0.6134,-0.5459,63.26185,-0.93235,-0.31686,4.48835,3.09971,-0.88889,1.24823
27.28,2.34719,-1.03661,0.02109,-0.18521,-0.00988,-0.00021,0.15434,-0.60987,-0.01613,0.00151,-0.21348,-0.00946,-0.00676,0.29148,-0.64151,0.20303,0.21664,0.11265,0.0541,0.00918,48.79872,-1.2841,1.55985,-168.34792,7.38714,-0.6259,-0.55176,67.65262,-1.60272,-0.26988,5.72218,1.62914,-1.0539,1.08669
27.3,2.06373,-1.69456,0.0047,-0.06743,-0.02493,-0.0021,0.06313,-0.66497,-0.01308,-0.01127,0.20802,-0.00402,-0.00102,0.13721,-0.44825,0.14532,0.16648,0.09171,0.07629,0.00561,67.62266,-2.27913,2.1855,-182.28629,7.27971,-0.56306,-0.48003,70.74239,-2.5913,-0.21214,5.70538,-0.289,-1.22053,0.89899
27.32,1.73283,-2.33413,-0.00657,0.05531,-0.04675,-0.0041,-0.01511,-0.69088,-0.01163,-0.02608,0.69377,0.00261,0.00544,0.02266,-0.2665,0.08605,0.12315,0.06884,0.09407,0.002,81.43415,-3.14688,3.05689,-189.13338,5.98079,-0.4327,-0.32442,72.20669,-3.98073,-0.15006,4.88081,-2.47652,-1.381,0.72926
27.34,1.28513,-2.88156,-0.00982,0.17397,-0.07248,-0.00588,-0.07179,-0.68361,-0.01092,-0.04037,1.23756,0.01045,0.01232,-0.05923,-0.09961,0.0362,0.09114,0.04569,0.10572,-0.00133,88.0752,-3.06476,3.84161,-184.60912,4.16527,-0.29096,-0.10974,71.50527,-5.73493,-0.0864,3.59289,-4.7247,-1.53338,0.56899
27.36,0.71752,-3.2543,-0.00692,0.28059,-0.09712,-0.00725,-0.10389,-0.64159,-0.01095,-0.05306,1.82028,0.01947,0.01921,-0.11487,0.04156,-0.00059,0.07101,0.02342,0.11028,-0.0043,86.71683,-1.98961,4.14531,-167.13137,2.48557,-0.16792,0.14338,68.49106,-7.67999,-0.03028,2.19029,-6.82923,-1.67715,0.4179
27.38,0.09124,-3.36444,-0.00128,0.36727,-0.11498,-0.00824,-0.1089,-0.56196,-0.01216,-0.06222,2.38912,0.02934,0.02572,-0.14871,0.14531,-0.02491,0.05971,0.00274,0.10859,-0.00684,77.96927,-0.17476,3.97525,-139.87187,1.09448,-0.07129,0.40036,62.81274,-9.56987,0.00654,0.97358,-8.64706,-1.81165,0.28501
27.4,-0.52272,-3.17347,0.00304,0.42722,-0.1193,-0.00903,-0.08291,-0.45023,-0.01368,-0.06785,2.91091,0.03998,0.03133,-0.16118,0.20806,-0.03876,0.05284,-0.01546,0.10173,-0.0089,62.53223,1.5231,3.21851,-105.62319,0.36469,-0.00766,0.60434,55.44289,-11.05193,0.01801,0.18013,-10.10848,-1.93339,0.18338
27.42,-1.12624,-2.67627,0.00299,0.45484,-0.10402,-0.00991,-0.02472,-0.31313,-0.01385,-0.07176,3.38193,0.05164,0.03533,-0.15055,0.23399,-0.04616,0.04479,-0.02933,0.0912,-0.01048,43.70203,2.36302,2.05906,-70.34466,0.13012,0.03075,0.72581,47.97798,-11.75556,0.01217,-0.16945,-11.20754,-2.0426,0.11788
27.44,-1.6858,-1.90187,-0.00251,0.44743,-0.06629,-0.01107,0.06073,-0.15419,-0.0118,-0.07307,3.70505,0.06308,0.03731,-0.1192,0.22554,-0.04982,0.03003,-0.0383,0.07925,-0.01144,26.48348,2.58496,0.93122,-41.04681,0.02998,0.05573,0.80267,40.1123,-11.42763,-2e-05,-0.20074,-11.94363,-2.15076,0.07212
27.46,-2.12245,-0.94464,-0.01186,0.40734,-0.00858,-0.0126,0.16681,0.0206,-0.00669,-0.07106,3.79539,0.07265,0.03706,-0.07107,0.18671,-0.05189,0.00582,-0.04324,0.06755,-0.01168,13.52162,2.31391,0.00945,-20.71372,-0.00509,0.07345,0.86399,31.59,-9.99295,-0.01068,-0.06072,-12.33931,-2.27089,0.03813
27.48,-2.41308,0.07326,-0.02461,0.3406,0.06241,-0.01444,0.28074,0.20229,0.00194,-0.06699,3.68768,0.07961,0.03452,-0.01102,0.12779,-0.05455,-0.02692,-0.04446,0.05699,-0.01126,5.722,1.57681,-0.67433,-8.99273,0.00975,0.08807,0.94103,23.16315,-7.58049,-0.01158,0.05431,-12.4722,-2.41529,0.01715
27.5,-2.61561,1.0254,-0.03565,0.26414,0.1347,-0.0158,0.38794,0.3819,0.01322,-0.0607,3.37631,0.0831,0.02998,0.05295,0.05479,-0.05809,-0.0639,-0.04288,0.0482,-0.01035,2.64589,0.50311,-1.0203,-3.27415,0.04182,0.10567,1.01569,15.61914,-4.48993,-0.00378,-0.01562,-12.43173,-2.58395,0.00437
27.52,-2.82499,1.80066,-0.03192,0.19125,0.19085,-0.01574,0.47777,0.55402,0.02692,-0.05185,2.88625,0.08256,0.02384,0.11344,-0.02254,-0.06168,-0.0989,-0.03935,0.04161,-0.00917,3.01204,-0.58885,-0.95174,0.18343,0.05882,0.13248,1.04914,9.54753,-1.19338,0.01298,-0.3552,-12.30384,-2.77019,-0.00039
27.54,-2.9866,2.3668,-0.02404,0.1216,0.2255,-0.01468,0.53201,0.71038,0.04117,-0.04211,2.35492,0.07764,0.01636,0.16319,-0.09409,-0.06511,-0.1269,-0.03397,0.03745,-0.00781,5.39639,-1.46236,-0.65299,5.25517,-0.00426,0.16752,1.05647,4.66448,1.81631,0.03821,-0.97122,-12.15298,-2.99423,0.00326
27.56,-3.03888,2.74513,-0.02954,0.05835,0.24265,-0.0132,0.53772,0.84191,0.053,-0.03241,1.85528,0.0685,0.0079,0.19606,-0.15854,-0.06825,-0.14534,-0.02695,0.0356,-0.00637,8.43867,-2.16261,-0.32141,14.97876,-0.20975,0.20577,1.04249,0.63367,4.20652,0.0652,-1.82187,-12.01837,-3.275,0.01099
27.58,-3.01725,2.97602,-0.047,0.00623,0.24458,-0.01143,0.49791,0.94513,0.06156,-0.02261,1.38195,0.05596,-0.00099,0.20994,-0.21497,-0.07056,-0.15404,-0.01879,0.03557,-0.00494,10.83786,-2.79378,-0.07823,30.66868,-0.57005,0.24358,0.97954,-2.46951,5.83868,0.09126,-2.83351,-11.92205,-3.60522,0.01802
27.6,-2.91604,3.09176,-0.07803,-0.03356,0.23472,-0.00969,0.41528,1.02008,0.06604,-0.01378,0.92821,0.04073,-0.00964,0.20482,-0.26203,-0.07179,-0.15538,-0.0102,0.03668,-0.00358,11.74953,-3.27163,0.00901,50.94561,-1.05402,0.27066,0.84435,-4.85606,6.64416,0.11647,-3.96252,-11.86149,-3.99187,0.02184
27.62,-2.73445,3.11048,-0.12058,-0.06127,0.21551,-0.00822,0.29801,1.06946,0.06631,-0.00623,0.47195,0.02396,-0.01711,0.18231,-0.29789,-0.07189,-0.15288,-0.00172,0.0382,-0.00233,10.66625,-3.19802,-0.04655,70.57922,-1.55354,0.27497,0.63673,-6.78152,6.64901,0.14218,-5.21006,-11.82158,-4.43827,0.0194
27.64,-2.50402,3.06855,-0.16078,-0.0785,0.19101,-0.0071,0.1616,1.09069,0.06383,0.00063,-0.0174,0.00714,-0.02293,0.14512,-0.32103,-0.07098,-0.149,0.00633,0.03938,-0.0012,7.92714,-2.61617,-0.16587,84.04157,-1.82195,0.24831,0.39,-8.34677,6.15258,0.17407,-6.58174,-11.77823,-4.91469,0.00451
27.66,-2.24828,2.99796,-0.18814,-0.08725,0.16512,-0.00632,0.01362,1.08315,0.0601,0.00632,-0.54734,-0.00896,-0.02722,0.09478,-0.33114,-0.06946,-0.1455,0.0136,0.03976,-0.0002,4.57411,-1.85644,-0.24171,88.60342,-1.64773,0.18871,0.14338,-9.67713,5.46732,0.21733,-8.10968,-11.70937,-5.38783,-0.02567
27.68,-1.98982,2.9137,-0.19854,-0.08937,0.13899,-0.00585,-0.14357,1.05488,0.05636,0.00975,-1.10678,-0.0241,-0.03016,0.0316,-0.32765,-0.06797,-0.14378,0.01996,0.03931,0.00071,1.42018,-1.08038,-0.15524,81.83053,-0.98942,0.10235,-0.07431,-10.88898,4.76275,0.27032,-9.82412,-11.6027,-5.82273,-0.06849
27.7,-1.7079,2.80615,-0.1934,-0.08609,0.11462,-0.00556,-0.30703,1.00705,0.05239,0.01079,-1.65,-0.0376,-0.03242,-0.04476,-0.31567,-0.06702,-0.14371,0.02544,0.03825,0.0015,-0.72087,-0.15397,-0.01315,64.0591,0.07458,0.0009,-0.23578,-12.28849,4.11022,0.34733,-12.02282,-11.39738,-6.21819,-0.11881
27.72,-1.39354,2.66424,-0.17665,-0.07858,0.09337,-0.00532,-0.47276,0.9405,0.04792,0.011,-2.09603,-0.04783,-0.0349,-0.13542,-0.30176,-0.06715,-0.14452,0.03014,0.03699,0.0022,-1.6395,0.99811,-0.06307,37.46502,1.36563,-0.10079,-0.30309,-14.10929,3.54021,0.46708,-15.1294,-11.01957,-6.57361,-0.16915
27.74,-1.0925,2.51212,-0.15049,-0.0687,0.07445,-0.005,-0.63592,0.86634,0.04447,0.01001,-2.41595,-0.05495,-0.03793,-0.24262,-0.28606,-0.06941,-0.14644,0.0343,0.03608,0.00278,-1.74685,1.77676,-0.0962,7.11785,2.66423,-0.19002,-0.27767,-16.16707,3.11642,0.60946,-19.10014,-10.45275,-6.79325,-0.20264
27.76,-0.82008,2.36707,-0.11908,-0.05847,0.05736,-0.00455,-0.79064,0.78941,0.04279,0.00649,-2.61723,-0.0601,-0.04167,-0.36945,-0.26909,-0.07485,-0.14982,0.03811,0.03597,0.00327,-1.69521,1.93511,0.07973,-21.50492,3.77814,-0.25908,-0.19535,-18.24612,2.87667,0.75041,-23.8206,-9.66258,-6.7822,-0.20207
27.78,-0.55614,2.22522,-0.08823,-0.05029,0.04227,-0.00395,-0.92825,0.70491,0.04249,0.00124,-2.69644,-0.06312,-0.04635,-0.51891,-0.25387,-0.08404,-0.1547,0.04158,0.03702,0.00364,-2.24209,1.67254,0.44433,-46.00497,4.62476,-0.30775,-0.07737,-20.21323,2.81232,0.88612,-29.42245,-8.57511,-6.49606,-0.16087
27.8,-0.2733,2.07381,-0.06294,-0.04691,0.02915,-0.00326,-1.03461,0.60824,0.04335,-0.00473,-2.68406,-0.06427,-0.05156,-0.69253,-0.24135,-0.09778,-0.16156,0.04473,0.03951,0.00387,-3.91043,1.2308,0.76159,-57.48788,5.16381,-0.33089,0.04495,-22.0104,2.85075,1.00513,-36.32242,-7.12773,-5.86257,-0.08718
27.82,0.03839,1.8965,-0.04641,-0.05121,0.01815,-0.00253,-1.09221,0.49478,0.04507,-0.01009,-2.62015,-0.06386,-0.05651,-0.88972,-0.23158,-0.11732,-0.17092,0.04752,0.04367,0.00396,-6.70901,0.8781,0.87417,-52.36614,5.43291,-0.31977,0.15772,-23.45548,2.88986,1.08308,-45.0266,-5.2871,-4.82457,0.00609
27.84,0.37987,1.70006,-0.03774,-0.06557,0.00968,-0.00184,-1.09254,0.35957,0.04732,-0.01415,-2.51688,-0.06164,-0.06093,-1.10799,-0.22493,-0.14187,-0.18273,0.04964,0.04965,0.00386,-10.47452,0.64527,0.91488,-38.53275,5.56403,-0.28856,0.25969,-23.95294,2.93838,1.10543,-55.48268,-3.05695,-3.37712,0.1023
27.86,0.76723,1.48641,-0.03508,-0.0907,0.00392,-0.00122,-1.03342,0.20285,0.04971,-0.01642,-2.38547,-0.05751,-0.06461,-1.34191,-0.22118,-0.17001,-0.19625,0.05081,0.05743,0.00357,-15.04697,0.49841,0.95035,-20.24955,5.63992,-0.2494,0.35283,-22.8702,3.01793,1.0692,-67.47576,-0.48782,-1.5535,0.17438
27.88,1.21246,1.23499,-0.03732,-0.12469,0.00073,-0.00069,-0.91564,0.03126,0.05155,-0.0154,-2.24207,-0.05155,-0.06701,-1.58133,-0.21981,-0.20342,-0.20977,0.0509,0.06684,0.00308,-19.94826,0.44629,0.96098,2.23299,5.64528,-0.19336,0.45281,-19.69785,3.06436,0.96802,-80.89851,2.3278,0.56205,0.19845
27.9,1.68409,0.96068,-0.04187,-0.16298,-8e-05,-0.00028,-0.76134,-0.14278,0.05223,-0.01188,-2.09563,-0.04454,-0.06775,-1.80972,-0.22136,-0.2316,-0.22047,0.04976,0.07747,0.0024,-23.49358,0.4987,0.77656,26.82467,5.36769,-0.14287,0.49884,-14.07388,2.96083,0.7954,-96.34207,5.22645,2.81156,0.15069
27.92,2.10868,0.69314,-0.04658,-0.19915,0.00084,-0,-0.59386,-0.29895,0.05118,-0.00704,-1.95099,-0.03724,-0.06652,-2.00756,-0.22622,-0.23618,-0.22493,0.04731,0.0888,0.00154,-23.44709,0.73886,0.36234,44.51584,4.5685,-0.12466,0.44321,-5.63298,2.54161,0.55682,-114.44092,7.92192,4.94937,0.01771
27.94,2.46607,0.41988,-0.0507,-0.22729,0.00288,0.00023,-0.41828,-0.422,0.04812,-0.00039,-1.81042,-0.02957,-0.06302,-2.15761,-0.23237,-0.22334,-0.22028,0.04341,0.1001,0.00054,-19.89247,1.09771,0.08057,51.75737,3.2462,-0.10945,0.33816,5.9514,1.77634,0.28014,-133.83516,10.19802,6.76792,-0.19565
27.96,2.74742,0.13766,-0.05273,-0.24299,0.00581,0.00047,-0.24382,-0.50651,0.04302,0.00776,-1.67392,-0.02167,-0.05713,-2.24601,-0.23708,-0.20463,-0.20441,0.03804,0.11063,-0.00056,-13.54803,1.51433,-0.01055,52.36135,1.44247,-0.07981,0.2231,20.386,0.73324,0.02423,-152.50237,11.93595,8.14685,-0.48261
27.98,2.90232,-0.12458,-0.04996,-0.24312,0.0097,0.00074,-0.0835,-0.54969,0.03605,0.01619,-1.54131,-0.01399,-0.04887,-2.26224,-0.2373,-0.18106,-0.1761,0.03136,0.11964,-0.00172,-4.53207,1.93613,0.03845,45.95342,-0.78576,-0.04768,0.09117,36.80997,-0.57374,-0.16181,-168.57125,12.97079,9.00642,-0.82064
28,2.91013,-0.33497,-0.03894,-0.22654,0.01511,0.00103,0.05426,-0.55345,0.02844,0.019,-1.41489,-0.00703,-0.03876,-2.19234,-0.22782,-0.1464,-0.13626,0.02353,0.12634,-0.0029,6.18185,2.23337,0.16006,35.77221,-3.22641,-0.01498,-0.04275,53.42847,-1.93705,-0.18473,-180.88256,13.04012,9.18662,-1.18361
28.02,2.75768,-0.46903,-0.01646,-0.19394,0.02315,0.00128,0.1671,-0.52236,0.02124,0.01395,-1.2966,-0.00095,-0.0273,-2.0249,-0.20305,-0.09345,-0.08655,0.01489,0.12991,-0.00403,17.23227,2.30457,0.24429,26.14982,-5.70002,0.00686,-0.16304,67.91583,-2.81926,0.24516,-188.58451,11.90234,8.50743,-1.54645
28.04,2.43106,-0.52139,0.01923,-0.14767,0.03524,0.00143,0.25648,-0.46213,0.01438,0.00609,-1.18427,0.00437,-0.01467,-1.7665,-0.16004,-0.04333,-0.02825,0.00588,0.12957,-0.00505,27.26259,2.18129,0.27834,16.77226,-7.98767,0.00127,-0.25875,78.43303,-2.88088,1.06114,-187.46899,9.88288,7.20065,-1.8282
28.06,1.94061,-0.48987,0.0679,-0.09215,0.05259,0.00139,0.32594,-0.37966,0.00818,-0.00328,-1.0751,0.00891,-0.0013,-1.43058,-0.0987,-0.00923,0.03535,-0.00322,0.12483,-0.00592,35.35878,1.92571,0.28363,7.8566,-9.8583,-0.03724,-0.32827,83.96801,-2.36157,1.89311,-175.6323,7.47271,5.61472,-1.9652
28.08,1.32389,-0.37401,0.12561,-0.03417,0.07555,0.0011,0.38409,-0.28215,0.00328,-0.01467,-0.96722,0.01273,0.01199,-1.03439,-0.02268,0.01509,0.09907,-0.01221,0.11566,-0.0066,40.58271,1.52745,0.23792,0.65281,-11.21338,-0.11118,-0.36727,84.53164,-1.38001,2.61918,-155.63062,4.94964,3.92039,-1.93578
28.1,0.66553,-0.19146,0.18683,0.01746,0.10306,0.00051,0.43668,-0.17867,-0.00015,-0.02675,-0.85956,0.016,0.02433,-0.61033,0.05983,0.01667,0.15564,-0.02077,0.10232,-0.00703,42.85073,1.10307,0.17709,-3.32552,-12.06797,-0.22106,-0.3944,78.8223,-0.33365,2.92047,-127.32563,2.9401,2.49243,-1.71393
28.12,0.02783,0.03289,0.24702,0.05392,0.1328,-0.00038,0.48541,-0.07618,-0.00215,-0.03653,-0.75065,0.0189,0.03529,-0.19136,0.13888,0.00351,0.19677,-0.02838,0.08544,-0.00715,42.93364,0.78029,0.15129,-3.68278,-12.51331,-0.36197,-0.43182,67.37909,0.34192,2.62641,-94.25344,1.5833,1.48103,-1.3427
28.14,-0.55251,0.27127,0.29713,0.0696,0.16221,-0.00152,0.53751,0.02208,-0.00305,-0.04317,-0.6369,0.02155,0.04403,0.19766,0.20504,0.00029,0.2183,-0.03479,0.06598,-0.00701,40.51693,0.50692,0.12441,-1.70463,-12.56231,-0.51099,-0.45479,54.83994,0.64078,2.07306,-64.01418,0.56351,0.74407,-0.93759
28.16,-1.02875,0.49415,0.32795,0.06405,0.18884,-0.0029,0.59702,0.1139,-0.00339,-0.04758,-0.51419,0.02398,0.04972,0.53605,0.25157,0.00786,0.22008,-0.03997,0.04506,-0.00667,35.39062,0.26436,0.0766,1.86648,-12.22693,-0.63797,-0.44489,44.7451,0.61479,1.51619,-39.76399,-0.19611,0.22639,-0.59701
28.18,-1.38032,0.67996,0.33513,0.04185,0.21031,-0.00449,0.65634,0.1982,-0.00348,-0.04929,-0.37906,0.02615,0.05254,0.80642,0.27573,0.02115,0.20443,-0.04379,0.02402,-0.00617,28.36427,0.09276,0.02233,6.51622,-11.60999,-0.72456,-0.40764,38.35923,0.31738,1.04752,-20.33188,-0.74581,-0.1185,-0.35628
28.2,-1.61246,0.81576,0.31987,0.01192,0.22433,-0.00622,0.71565,0.27471,-0.00361,-0.0489,-0.22927,0.0282,0.05272,1.00239,0.27762,0.03407,0.17485,-0.04588,0.00441,-0.00556,20.65437,0.00046,-0.03259,11.3643,-10.81857,-0.75247,-0.35019,35.14532,-0.15479,0.65073,-2.29428,-1.24289,-0.38068,-0.19824
28.22,-1.74468,0.8966,0.28813,-0.01611,0.22914,-0.008,0.7797,0.34322,-0.00389,-0.04726,-0.06189,0.03023,0.05063,1.12693,0.25955,0.03967,0.13561,-0.04576,-0.01203,-0.00488,13.4568,-0.03616,-0.07965,15.41023,-9.9475,-0.71329,-0.28353,33.23493,-0.71533,0.2242,17.04978,-1.92335,-0.65876,-0.06313
28.24,-1.79207,0.92109,0.24119,-0.03466,0.22451,-0.00978,0.83319,0.40285,-0.00398,-0.04447,0.12801,0.03193,0.04723,1.16657,0.22564,0.03635,0.09225,-0.04368,-0.02407,-0.00417,6.92803,-0.06169,-0.1176,18.30847,-9.05336,-0.62244,-0.21559,31.52938,-1.32244,-0.23835,38.93363,-2.80072,-0.98138,0.11612
28.26,-1.76691,0.89043,0.18304,-0.0394,0.21135,-0.01153,0.86393,0.4518,-0.0036,-0.04062,0.34592,0.03302,0.04323,1.11381,0.1807,0.02347,0.04811,-0.03994,-0.03143,-0.00345,0.93658,-0.1175,-0.1477,20.23779,-8.16796,-0.50236,-0.15216,29.41443,-1.94388,-0.73088,64.0522,-3.65798,-1.29669,0.37023
28.28,-1.68693,0.80902,0.12455,-0.03047,0.19128,-0.01319,0.8769,0.48727,-0.0027,-0.03572,0.59722,0.03356,0.03888,0.98286,0.12945,0.00129,0.00448,-0.03458,-0.03437,-0.00274,-4.415,-0.23009,-0.16298,21.34232,-7.31609,-0.37352,-0.09932,25.76166,-2.52924,-1.32031,90.43423,-4.29447,-1.52875,0.68786
28.3,-1.55985,0.67567,0.06925,-0.01156,0.16645,-0.0147,0.86872,0.50814,-0.00132,-0.03057,0.88533,0.03351,0.03437,0.78505,0.07671,-0.02774,-0.03764,-0.02824,-0.03362,-0.00207,-9.17368,-0.40837,-0.1601,21.85148,-6.50757,-0.25157,-0.0578,20.30979,-2.99387,-1.91876,113.70276,-4.49008,-1.58124,1.01443
28.32,-1.39057,0.49371,0.01875,0.01125,0.13933,-0.016,0.83692,0.51372,0.00043,-0.02588,1.2077,0.0328,0.02981,0.53994,0.02643,-0.05087,-0.07882,-0.02148,-0.03015,-0.00145,-13.48345,-0.64559,-0.14007,21.99319,-5.74015,-0.14614,-0.02691,13.39521,-3.23191,-2.328,128.04027,-4.10085,-1.38154,1.26478
28.34,-1.18949,0.27805,-0.01878,0.03181,0.11198,-0.01703,0.79309,0.49876,0.00235,-0.02089,1.55551,0.03159,0.0253,0.27565,-0.01927,-0.05944,-0.11954,-0.01442,-0.0249,-0.00087,-17.74746,-0.91592,-0.10744,22.04193,-5.00153,-0.0655,-0.00738,6.20716,-3.18978,-2.45672,131.12563,-3.07651,-0.91229,1.38037
28.36,-0.96477,0.04498,-0.03904,0.04576,0.08549,-0.01775,0.7442,0.46049,0.00424,-0.01518,1.90834,0.02992,0.02103,0.00872,-0.05973,-0.0547,-0.15954,-0.00736,-0.01889,-0.00033,-22.25608,-1.18904,-0.07078,22.12573,-4.28261,-0.01176,0.00164,0.0053,-2.90763,-2.30667,124.34461,-1.50677,-0.19953,1.33309
28.38,-0.72175,-0.18522,-0.04372,0.05035,0.06035,-0.01812,0.68988,0.40226,0.00591,-0.0092,2.22237,0.02759,0.01735,-0.25054,-0.0952,-0.03594,-0.19902,-0.00079,-0.01319,0.00018,-26.97975,-1.44516,-0.0381,22.11236,-3.58449,0.01853,0.00095,-4.75652,-2.45486,-1.90856,108.05265,0.37987,0.68917,1.09089
28.4,-0.46095,-0.38192,-0.03533,0.0441,0.03656,-0.01806,0.63059,0.32698,0.00723,-0.00341,2.46603,0.02462,0.01464,-0.49039,-0.12645,0.00012,-0.23751,0.00488,-0.00901,0.00066,-31.86924,-1.61091,-0.01477,21.74107,-2.91559,0.02873,-0.00963,-7.38047,-1.87751,-1.30655,84.33385,2.30013,1.62563,0.67952
28.42,-0.18549,-0.50677,-0.01737,0.02647,0.01437,-0.0175,0.56709,0.23976,0.00811,0.00165,2.61866,0.02106,0.01332,-0.69764,-0.15447,0.05679,-0.27419,0.00933,-0.00746,0.00111,-36.69907,-1.60888,-0.00314,20.58159,-2.2907,0.02418,-0.03036,-7.81928,-1.2794,-0.66342,55.2331,3.96734,2.39705,0.19268
28.44,0.10058,-0.53232,0.0063,-0.00255,-0.00569,-0.01644,0.50045,0.14836,0.00859,0.00539,2.60455,0.01653,0.0138,-0.86096,-0.17964,0.12316,-0.30828,0.01232,-0.00927,0.00155,-41.07994,-1.47291,-8e-05,18.20821,-1.7185,0.01163,-0.06144,-6.65427,-0.80191,-0.19528,24.37692,5.20586,2.8596,-0.25631
28.46,0.40421,-0.4459,0.03123,-0.04275,-0.0231,-0.01493,0.43062,0.0564,0.00879,0.00721,2.37414,0.01093,0.016,-0.97212,-0.2018,0.18625,-0.33897,0.01372,-0.01457,0.00195,-44.5749,-1.25161,-6e-05,14.14604,-1.20249,-0.00373,-0.10133,-4.25641,-0.48315,0.04973,-4.76662,5.98673,2.97952,-0.55876
28.48,0.74129,-0.24628,0.05227,-0.09353,-0.03699,-0.01295,0.35618,-0.03592,0.00885,0.0066,1.95797,0.00453,0.01922,-1.02448,-0.22083,0.2414,-0.36587,0.01369,-0.02278,0.00231,-46.6746,-0.96084,0.00127,7.96415,-0.74206,-0.01789,-0.14843,-0.79481,-0.30388,0.09509,-31.82996,6.40049,2.73767,-0.62308
28.5,1.11837,0.05045,0.06387,-0.15353,-0.04604,-0.01057,0.2763,-0.12933,0.00892,0.00316,1.37904,-0.00238,0.02261,-1.01742,-0.23491,0.28011,-0.3885,0.01246,-0.03252,0.00261,-47.30902,-0.58345,0.00629,-0.40525,-0.31628,-0.03056,-0.19603,3.61533,-0.24158,-0.00721,-48.69606,6.47881,2.32698,-0.38117
28.52,1.526,0.40484,0.06348,-0.22057,-0.0489,-0.00791,0.19031,-0.2256,0.00912,-0.00266,0.71182,-0.00898,0.02523,-0.95387,-0.2413,0.29629,-0.40646,0.0103,-0.04191,0.00283,-46.40582,-0.1531,0.02084,-11.37505,0.08413,-0.04695,-0.23215,8.27856,-0.25496,-0.16995,-51.09092,6.27477,1.93518,0.07899
28.54,1.9758,0.75783,0.05357,-0.29188,-0.04497,-0.00513,0.09763,-0.3276,0.0095,-0.00974,0.07476,-0.0146,0.02578,-0.83634,-0.23836,0.28921,-0.41915,0.00757,-0.04956,0.00291,-43.33821,0.22312,0.05227,-25.33679,0.45717,-0.07293,-0.25972,12.94655,-0.28913,-0.37007,-47.04849,5.98768,1.52223,0.62831
28.56,2.49087,1.0416,0.03791,-0.36386,-0.03483,-0.00244,-0.00143,-0.43926,0.01003,-0.01698,-0.47704,-0.01928,0.02332,-0.67137,-0.2241,0.26014,-0.42594,0.0044,-0.05478,0.00282,-37.60025,0.49922,0.10338,-42.06433,0.82357,-0.11435,-0.28623,18.04737,-0.27193,-0.63244,-41.15891,5.74324,1.10466,1.19075
28.58,3.08174,1.17186,0.02081,-0.43138,-0.02026,-0.00011,-0.10496,-0.56522,0.01059,-0.02307,-0.92234,-0.02301,0.01781,-0.47151,-0.19591,0.21311,-0.42681,0.00075,-0.05726,0.00252,-28.9872,0.66095,0.17907,-61.02529,1.21554,-0.17507,-0.30641,23.93412,-0.08364,-0.99049,-33.34669,5.52647,0.74937,1.73404
28.6,3.64982,1.09527,0.00729,-0.48567,-0.00428,0.00156,-0.20965,-0.70595,0.01099,-0.02622,-1.25295,-0.02577,0.0096,-0.25627,-0.15094,0.15028,-0.41931,-0.00348,-0.05742,0.00197,-17.68269,0.57351,0.30083,-82.39579,1.58668,-0.26195,-0.33765,30.03144,0.1832,-1.32232,-22.09774,5.22092,0.46842,2.09101
28.62,4.0255,0.81599,0.0017,-0.51617,0.0092,0.00237,-0.31255,-0.85865,0.01113,-0.02472,-1.47281,-0.02753,-0.00037,-0.04377,-0.08794,0.08031,-0.40115,-0.00846,-0.05601,0.00114,-3.74727,-0.04477,0.51719,-106.93945,1.78224,-0.37681,-0.41492,34.97466,0.10598,-1.41142,-9.46609,4.70042,0.24798,2.05356
28.64,4.23031,0.33446,0.00609,-0.51643,0.01608,0.00217,-0.40996,-1.02429,0.01095,-0.01863,-1.58866,-0.02858,-0.01091,0.15328,-0.0085,0.0166,-0.37403,-0.01428,-0.05373,6e-05,12.82625,-1.23062,0.85714,-132.66868,1.75516,-0.48883,-0.51563,39.28644,-0.30414,-1.37385,0.13447,3.94474,0.06073,1.79696
28.66,4.30897,-0.32827,0.01959,-0.48414,0.01274,0.00091,-0.49781,-1.20437,0.01042,-0.00926,-1.6114,-0.02937,-0.02102,0.3238,0.08516,-0.03486,-0.33915,-0.02096,-0.05126,-0.00124,31.22025,-2.80317,1.303,-156.37678,1.53875,-0.56769,-0.59949,44.0951,-0.8502,-1.35225,6.24639,2.93703,-0.11708,1.50267
28.68,4.19032,-1.10744,0.03873,-0.42032,-0.00336,-0.00137,-0.57452,-1.39761,0.00947,0.00181,-1.55239,-0.03005,-0.02981,0.46222,0.18846,-0.07228,-0.29611,-0.0284,-0.04928,-0.00271,50.05784,-4.62945,1.79003,-175.68505,1.16197,-0.60468,-0.65244,48.85147,-1.71221,-1.2747,9.42278,1.63989,-0.30222,1.16272
28.7,3.92398,-1.85482,0.05963,-0.33064,-0.0329,-0.0045,-0.63165,-1.57596,0.0074,0.0136,-1.42634,-0.03055,-0.03614,0.56541,0.29608,-0.09439,-0.24436,-0.03614,-0.04841,-0.00427,67.08629,-6.51418,2.3691,-188.78497,0.40251,-0.57424,-0.65577,53.23612,-3.17385,-1.14823,10.2007,0.11507,-0.50085,0.83754
28.72,3.5687,-2.39995,0.08058,-0.22462,-0.07363,-0.00818,-0.65715,-1.69773,0.00383,0.02556,-1.24675,-0.03067,-0.03876,0.6325,0.40511,-0.10044,-0.18456,-0.04343,-0.04912,-0.00576,79.56901,-7.74517,3.1396,-194.07479,-0.93499,-0.46803,-0.59818,56.9321,-5.66236,-0.99934,9.37115,-1.5482,-0.70488,0.57256
28.74,3.08523,-2.73561,0.0983,-0.1132,-0.1211,-0.01204,-0.65213,-1.76639,-0.0008,0.03481,-1.02007,-0.03048,-0.03741,0.66874,0.50809,-0.09321,-0.11948,-0.04995,-0.05152,-0.00709,85.40854,-7.55378,3.67064,-187.70542,-2.12732,-0.3325,-0.45259,59.34542,-9.13596,-0.80553,7.45684,-3.25569,-0.90746,0.35794
28.76,2.47087,-2.87439,0.10859,-0.0056,-0.16981,-0.0158,-0.62067,-1.79018,-0.00629,0.03918,-0.75159,-0.02992,-0.03238,0.68218,0.59459,-0.07784,-0.05191,-0.05556,-0.05542,-0.00819,83.78486,-6.07446,3.57628,-168.65082,-2.62781,-0.20501,-0.22066,60.22935,-13.17161,-0.56595,5.05986,-4.89841,-1.10397,0.19303
28.78,1.77256,-2.76753,0.1098,0.08999,-0.2127,-0.01909,-0.56245,-1.75387,-0.01211,0.03909,-0.44831,-0.02866,-0.02395,0.68175,0.65533,-0.05762,0.01475,-0.06011,-0.06041,-0.00897,75.18645,-3.5183,2.95968,-140.21923,-2.53244,-0.09913,0.04811,58.98922,-17.5625,-0.27809,2.71886,-6.39194,-1.28019,0.07598
28.8,1.07484,-2.43456,0.10098,0.16578,-0.24322,-0.02183,-0.47987,-1.66027,-0.017,0.03413,-0.11918,-0.02641,-0.01318,0.67087,0.69017,-0.03587,0.07529,-0.06267,-0.06563,-0.00933,60.2542,-1.10063,1.92644,-105.32439,-1.80656,-0.02955,0.28364,55.97194,-21.46756,-0.00846,1.03983,-7.68209,-1.43026,-0.00318
28.82,0.42665,-1.92296,0.08164,0.21554,-0.25583,-0.0241,-0.37849,-1.51565,-0.01931,0.0253,0.2261,-0.02291,-0.00105,0.65058,0.70559,-0.01527,0.12404,-0.06204,-0.07002,-0.0092,42.11394,0.23696,0.88824,-69.73726,-0.8868,0.01114,0.44547,52.17884,-23.93071,0.14542,0.16994,-8.74839,-1.56212,-0.0599
28.84,-0.15754,-1.27562,0.0508,0.23619,-0.24356,-0.02564,-0.2678,-1.32144,-0.01773,0.01513,0.57532,-0.01815,0.01171,0.62944,0.68951,0.00252,0.15694,-0.05907,-0.07292,-0.00856,25.21951,0.96788,0.23499,-40.01874,-0.22885,0.03777,0.57012,47.17221,-24.82987,0.23919,-0.17169,-9.5561,-1.67314,-0.10563
28.86,-0.64235,-0.5669,0.00939,0.22969,-0.20535,-0.02638,-0.15711,-1.08547,-0.01176,0.00502,0.91031,-0.01238,0.02406,0.61135,0.63509,0.01615,0.17308,-0.05465,-0.07392,-0.00746,11.85999,1.25342,-0.00456,-18.97946,0.15384,0.05664,0.69411,40.67915,-24.1784,0.34061,-0.1481,-10.08483,-1.76323,-0.14458
28.88,-1.00515,0.12111,-0.04038,0.20239,-0.14766,-0.02663,-0.05584,-0.82094,-0.00209,-0.0044,1.20298,-0.00618,0.03491,0.59029,0.55514,0.02534,0.17485,-0.04848,-0.07267,-0.00601,2.88426,1.04073,0.06422,-6.5755,0.36873,0.07282,0.86638,33.46306,-21.97364,0.39668,0.00711,-10.37228,-1.84953,-0.18126
28.9,-1.2596,0.71079,-0.09446,0.16654,-0.076,-0.02562,0.02438,-0.5573,0.00886,-0.0123,1.42663,-0.00079,0.04343,0.56308,0.45027,0.02985,0.16795,-0.04186,-0.06906,-0.00448,-1.90775,0.38975,0.29442,-1.10828,0.51788,0.09304,1.08546,26.29264,-18.47317,0.46786,0.08319,-10.46698,-1.93469,-0.21051
28.92,-1.4466,1.1283,-0.14205,0.13413,-0.00528,-0.02268,0.07456,-0.31492,0.01972,-0.01711,1.56036,0.00306,0.04913,0.5261,0.32773,0.02972,0.15901,-0.03588,-0.06311,-0.0031,-3.31747,-0.34602,0.46599,0.00413,0.70189,0.12481,1.30628,19.79729,-14.19295,0.67103,-0.08983,-10.4221,-2.01603,-0.22041
28.94,-1.56789,1.36178,-0.18082,0.11062,0.04853,-0.01899,0.08774,-0.09677,0.02818,-0.01881,1.56548,0.00475,0.05097,0.46906,0.21005,0.02634,0.1524,-0.02984,-0.05491,-0.002,-2.41923,-0.79892,0.44917,-0.179,0.94642,0.17055,1.51865,14.05739,-9.79386,0.92158,-0.62968,-10.29333,-2.11908,-0.21599
28.96,-1.61365,1.44407,-0.21396,0.09892,0.08297,-0.01537,0.06061,0.08871,0.03159,-0.01833,1.41987,0.00377,0.04825,0.38611,0.10676,0.02125,0.14989,-0.02366,-0.0447,-0.00123,-0.35658,-0.95903,0.24043,0.83921,1.17898,0.22503,1.68939,8.98302,-5.7849,1.13354,-1.53057,-10.12598,-2.26751,-0.20638
28.98,-1.59925,1.41326,-0.23829,0.09947,0.09969,-0.0118,-0.00382,0.23367,0.03042,-0.01572,1.14268,0.00055,0.04146,0.27926,0.01873,0.01562,0.15076,-0.01791,-0.03292,-0.00079,1.89627,-0.8769,-0.1557,4.48422,1.32006,0.27943,1.7319,4.63966,-2.43158,1.33435,-2.74917,-9.95884,-2.46854,-0.19186
29,-1.53259,1.31318,-0.25359,0.10815,0.10235,-0.00855,-0.09819,0.33631,0.02565,-0.01221,0.75904,-0.00397,0.03103,0.15256,-0.0521,0.00985,0.15289,-0.01278,-0.02044,-0.00059,3.62867,-0.54074,-0.68398,10.96043,1.276,0.31364,1.5624,0.98083,0.1703,1.52172,-4.2289,-9.81926,-2.7461,-0.17058
29.02,-1.42246,1.18172,-0.25941,0.11859,0.09544,-0.00584,-0.20942,0.39969,0.01899,-0.00874,0.32057,-0.0082,0.01804,0.01551,-0.10442,0.00466,0.15363,-0.00826,-0.00819,-0.00049,4.3029,0.1882,-1.23478,18.90199,1.00321,0.2987,1.13211,-2.08345,1.96956,1.68564,-5.92288,-9.72506,-3.12566,-0.14145
29.04,-1.279,1.04528,-0.25265,0.12598,0.08325,-0.00364,-0.32686,0.42494,0.0127,-0.00479,-0.10647,-0.01116,0.0042,-0.12105,-0.13776,0.00126,0.1491,-0.00424,0.00311,-0.00037,3.84963,1.10599,-1.63548,26.28168,0.61085,0.20207,0.45306,-4.69119,3.0528,1.84374,-7.82329,-9.68937,-3.60579,-0.1081
29.06,-1.11415,0.91944,-0.23299,0.12758,0.06948,-0.00194,-0.44573,0.41455,0.00772,-0.00057,-0.48648,-0.0129,-0.00946,-0.25158,-0.15325,2e-05,0.13704,-0.00053,0.01285,-0.00015,2.67671,1.8688,-1.78695,31.65693,0.24851,0.00485,-0.37313,-6.95273,3.62931,2.00453,-9.93416,-9.71662,-4.1794,-0.07493
29.08,-0.94723,0.81216,-0.2027,0.12234,0.05596,-0.00065,-0.56095,0.37806,0.0041,0.00319,-0.80069,-0.01346,-0.02233,-0.37299,-0.15329,0.00055,0.11822,0.00302,0.02071,0.00019,1.16729,2.42242,-1.69011,33.46644,0.01495,-0.2842,-1.19445,-8.87805,3.89174,2.16178,-12.25144,-9.80222,-4.8399,-0.04411
29.1,-0.78099,0.72133,-0.16633,0.11106,0.0446,0.00031,-0.66839,0.32253,0.00173,0.006,-1.0383,-0.01319,-0.03365,-0.48412,-0.14327,0.00274,0.09402,0.00652,0.02659,0.00065,-0.20546,2.66168,-1.4135,30.86425,-0.01917,-0.6302,-1.81282,-10.63424,3.97914,2.33096,-14.89694,-9.92593,-5.57543,-0.00569
29.12,-0.61665,0.64306,-0.12849,0.09543,0.03656,0.00104,-0.7642,0.25695,0.00064,0.00784,-1.19581,-0.01247,-0.04256,-0.58546,-0.12912,0.00764,0.06697,0.01005,0.03052,0.0012,-1.04609,2.604,-1.03316,23.74124,0.13312,-0.99452,-2.03222,-12.34437,3.99067,2.51748,-18.01024,-10.06078,-6.3607,0.05
29.14,-0.47264,0.57987,-0.09253,0.07692,0.03075,0.00161,-0.84433,0.19493,0.00092,0.00858,-1.27763,-0.01138,-0.04882,-0.67742,-0.11391,0.01496,0.04025,0.0136,0.03259,0.00179,-1.22941,2.38541,-0.60434,12.4627,0.39051,-1.33877,-1.85183,-13.85926,4.04009,2.7064,-21.54332,-10.18839,-7.13821,0.11758
29.16,-0.35698,0.53048,-0.06143,0.05645,0.02632,0.00205,-0.90511,0.14355,0.00261,0.00798,-1.29521,-0.01001,-0.05267,-0.76081,-0.09989,0.02335,0.01554,0.01706,0.03285,0.00239,-0.83527,2.07659,-0.17969,-1.87121,0.64717,-1.62116,-1.37124,-15.09037,4.1987,2.88721,-25.37271,-10.28278,-7.83356,0.19214
29.18,-0.26382,0.48861,-0.0372,0.03445,0.02333,0.00234,-0.94234,0.10361,0.00557,0.00638,-1.26229,-0.00856,-0.05424,-0.83661,-0.08894,0.03246,-0.0066,0.02019,0.03134,0.00295,-0.10015,1.72655,0.22623,-18.0194,0.80157,-1.82461,-0.66374,-16.09647,4.4636,3.04694,-29.30359,-10.29772,-8.36221,0.27182
29.2,-0.18344,0.44746,-0.02066,0.01104,0.02131,0.00248,-0.95297,0.07409,0.00939,0.00417,-1.20048,-0.00735,-0.05414,-0.90479,-0.08117,0.04245,-0.02613,0.02268,0.02806,0.0034,0.60707,1.36549,0.58038,-32.16027,0.77983,-1.93758,0.10001,-17.08643,4.76348,3.24248,-33.63213,-10.16235,-8.64735,0.381
29.22,-0.10813,0.40038,-0.01122,-0.01366,0.01975,0.00245,-0.93462,0.05178,0.01343,0.00177,-1.132,-0.00669,-0.05313,-0.9645,-0.07577,0.05361,-0.04339,0.02424,0.02293,0.00369,0.82581,1.04306,0.871,-40.93434,0.57837,-1.95859,0.7677,-18.27682,5.0021,3.5196,-38.79339,-9.80116,-8.61346,0.55365
29.24,-0.03389,0.34572,-0.00719,-0.03959,0.01875,0.00225,-0.88604,0.0323,0.01684,-0.00025,-1.06783,-0.00671,-0.05147,-1.01522,-0.0718,0.06475,-0.05876,0.02434,0.01583,0.00377,0.24948,0.77461,1.14621,-44.20939,0.26445,-1.89493,1.30779,-19.64506,5.18691,3.80256,-44.11273,-9.16976,-8.14735,0.76696
29.26,0.04916,0.2854,-0.00676,-0.06671,0.01824,0.00192,-0.80894,0.01165,0.01893,-0.00141,-1.01397,-0.00746,-0.04938,-1.05675,-0.06825,0.0744,-0.07246,0.02261,0.00657,0.00361,-1.2126,0.52759,1.46623,-42.17989,-0.08064,-1.75594,1.72715,-21.1183,5.3758,4.04933,-49.02492,-8.24655,-7.18037,0.99412
29.28,0.15671,0.22396,-0.00855,-0.0947,0.01779,0.00153,-0.70886,-0.01356,0.01938,-0.00127,-0.97388,-0.00888,-0.04713,-1.0888,-0.06421,0.08207,-0.08446,0.01907,-0.00497,0.00322,-3.42953,0.28005,1.88229,-34.83335,-0.3749,-1.56347,2.06495,-22.61935,5.60645,4.27057,-53.83271,-7.02756,-5.71973,1.24433
29.3,0.30161,0.17293,-0.0112,-0.12231,0.0173,0.00115,-0.59979,-0.04599,0.01847,-0.00044,-0.94246,-0.01066,-0.04484,-1.11254,-0.05879,0.08751,-0.09432,0.01384,-0.01883,0.00265,-5.75536,0.04962,2.21824,-20.22267,-0.53081,-1.32241,2.1048,-23.97048,5.82458,4.39264,-58.75126,-5.52714,-3.79048,1.50585
29.32,0.48974,0.14412,-0.01333,-0.14731,0.01663,0.00079,-0.49633,-0.08715,0.01671,0.0003,-0.91125,-0.01234,-0.04253,-1.1294,-0.05135,0.09077,-0.10132,0.0073,-0.03478,0.00196,-6.99186,-0.12456,2.26114,-1.91689,-0.47354,-1.05017,1.75689,-24.85899,5.91685,4.33012,-64.04929,-3.78771,-1.47186,1.75883
29.34,0.73153,0.14458,-0.01527,-0.16699,0.01522,0.00051,-0.40562,-0.13663,0.01433,0.00153,-0.87607,-0.01366,-0.04019,-1.1392,-0.04176,0.09106,-0.10472,-0,-0.0523,0.00125,-6.5144,-0.24056,2.11374,13.58881,-0.17545,-0.79071,1.3614,-24.78303,5.91649,4.09016,-70.3246,-1.87221,1.11753,1.99631
29.36,1.04099,0.17512,-0.01842,-0.17801,0.01269,0.00031,-0.33287,-0.19141,0.01158,0.00359,-0.83471,-0.01446,-0.03776,-1.14229,-0.03023,0.08812,-0.10396,-0.0075,-0.07052,0.00058,-4.15049,-0.3368,1.90585,25.30521,0.3454,-0.57176,1.06922,-23.20037,5.85861,3.67415,-78.00573,0.15815,3.85907,2.20418
29.38,1.43118,0.2254,-0.02338,-0.17605,0.00905,0.00023,-0.2817,-0.24605,0.00876,0.00611,-0.7862,-0.01464,-0.03522,-1.13994,-0.01739,0.08305,-0.09892,-0.01463,-0.08822,2e-05,0.26976,-0.37568,1.56978,33.07624,1.01866,-0.39913,0.84412,-19.62919,5.65393,3.05869,-87.18023,2.23867,6.62106,2.36521
29.4,1.82627,0.27688,-0.02936,-0.15498,0.00524,0.00032,-0.25347,-0.29019,0.00607,0.00861,-0.73488,-0.01406,-0.03268,-1.13673,-0.00452,0.07587,-0.08955,-0.0205,-0.1031,-0.00037,6.50185,-0.31617,1.09544,36.71027,1.70119,-0.27787,0.65914,-13.72055,5.06756,2.20862,-98.37817,4.26501,9.15581,2.4277
29.42,2.08944,0.30887,-0.03364,-0.11001,0.00205,0.00062,-0.24713,-0.31091,0.00363,0.0105,-0.68663,-0.01261,-0.03022,-1.13773,0.00689,0.06696,-0.07603,-0.02385,-0.11235,-0.00054,13.70537,-0.14899,0.5629,36.27315,2.19837,-0.20776,0.5131,-5.20167,3.81379,1.14482,-111.99409,6.06431,11.11643,2.32218
29.44,2.24035,0.29476,-0.03297,-0.04126,-0.00021,0.00115,-0.25671,-0.30319,0.0015,0.01165,-0.64362,-0.01054,-0.02763,-1.13817,0.01614,0.05818,-0.0591,-0.02474,-0.11527,-0.00048,21.05107,0.11881,0.09847,32.77627,2.34616,-0.18339,0.43835,6.09258,1.97649,-0.01293,-127.16956,7.51073,12.37787,2.06174
29.46,2.31374,0.21855,-0.02279,0.04788,-0.00052,0.00175,-0.27513,-0.26691,-0.00034,0.01183,-0.60611,-0.0081,-0.02465,-1.12963,0.02424,0.05009,-0.03915,-0.02382,-0.11221,-0.00022,28.23842,0.44448,-0.19147,27.70801,2.06052,-0.19278,0.43241,19.8649,-0.22593,-1.12911,-142.50752,8.53672,12.95157,1.64226
29.48,2.24771,0.08714,0.00184,0.15008,0.00211,0.00219,-0.29709,-0.20337,-0.00187,0.01042,-0.57301,-0.00538,-0.02104,-1.10539,0.03436,0.04168,-0.01627,-0.0212,-0.10327,0.00018,34.73446,0.80458,-0.18938,21.49322,1.33478,-0.21485,0.46055,35.33625,-2.70579,-2.10896,-156.19478,9.05661,12.82604,1.01227
29.5,2.0815,-0.07452,0.04338,0.25283,0.00803,0.00229,-0.31233,-0.12061,-0.00308,0.00741,-0.54044,-0.00277,-0.01635,-1.04766,0.05184,0.03161,0.00922,-0.0179,-0.0902,0.0006,40.14635,1.04834,0.05665,15.42041,0.25956,-0.23981,0.48115,51.01606,-5.17397,-2.65378,-167.47294,8.94205,11.97895,0.21167
29.52,1.86221,-0.22774,0.10126,0.34083,0.01669,0.00208,-0.30947,-0.02617,-0.00384,0.00269,-0.50358,-0.00038,-0.01024,-0.93774,0.08289,0.01856,0.0372,-0.01483,-0.07495,0.0009,44.20991,1.0206,0.09978,10.58307,-1.00836,-0.27317,0.44323,65.18045,-6.86297,-2.07714,-175.83225,8.0704,10.35614,-0.85822
29.54,1.55215,-0.35071,0.17044,0.4041,0.0278,0.00148,-0.28697,0.07569,-0.00411,-0.00429,-0.45924,0.00189,-0.00273,-0.77467,0.13226,0.00161,0.067,-0.01194,-0.05822,0.001,46.67265,0.866,-0.05382,6.57678,-2.31832,-0.28919,0.33824,76.30421,-7.11453,-0.541,-176.85572,6.68454,8.25562,-2.2652
29.56,1.15155,-0.43221,0.24269,0.43909,0.04141,0.00045,-0.24614,0.17915,-0.00394,-0.01317,-0.40592,0.00383,0.006,-0.56255,0.20082,-0.01911,0.09675,-0.00948,-0.04085,0.00084,47.41902,0.70066,-0.14584,3.29744,-3.55683,-0.26185,0.18496,83.38837,-6.22909,1.18431,-168.32815,5.09293,6.0178,-3.79862
29.58,0.70909,-0.46183,0.30728,0.44432,0.05692,-0.00068,-0.18733,0.27856,-0.00337,-0.02349,-0.34432,0.00532,0.01537,-0.30808,0.28345,-0.04254,0.12398,-0.00785,-0.02393,0.00044,46.31794,0.52516,-0.24936,1.05595,-4.64212,-0.1952,0.01018,86.46544,-4.40945,2.83268,-152.28151,3.40575,3.78719,-5.22056
29.6,0.29103,-0.46023,0.35917,0.42622,0.07485,-0.00179,-0.11487,0.37057,-0.0026,-0.03345,-0.27845,0.00634,0.0246,-0.0295,0.3708,-0.06504,0.14432,-0.00708,-0.00828,-0.00013,43.75933,0.37153,-0.2887,0.06227,-5.54986,-0.08454,-0.14587,83.8137,-2.25495,3.74155,-127.81455,2.12856,2.01321,-6.12795
29.62,-0.07159,-0.45519,0.39763,0.3931,0.0963,-0.00287,-0.03443,0.45538,-0.00186,-0.03965,-0.21335,0.00691,0.03323,0.25387,0.4519,-0.07963,0.15291,-0.00702,0.00553,-0.00076,40.23895,0.2686,-0.20116,0.20223,-6.29199,0.04958,-0.25868,74.99814,-0.53377,3.46651,-97.22473,1.33214,0.74137,-6.17379
29.64,-0.36959,-0.45939,0.41115,0.3473,0.11937,-0.00367,0.04844,0.53132,-0.00142,-0.04217,-0.15237,0.00713,0.04005,0.52476,0.5137,-0.08413,0.1483,-0.00745,0.01716,-0.00134,35.51526,0.22329,-0.0927,1.22608,-6.83528,0.16858,-0.31864,63.99006,0.56019,2.49752,-67.4799,0.63389,-0.26736,-5.41644
29.66,-0.58136,-0.48679,0.39011,0.2926,0.14138,-0.00417,0.12791,0.59688,-0.00142,-0.04232,-0.09729,0.00707,0.04389,0.7673,0.54691,-0.08046,0.1313,-0.00812,0.0264,-0.0018,29.45706,0.22359,-0.02306,3.01756,-7.14944,0.26424,-0.32148,54.14095,0.98757,1.34229,-41.96882,0.01438,-1.00761,-4.25782
29.68,-0.70521,-0.54315,0.33522,0.23583,0.16064,-0.00462,0.19749,0.65651,-0.00171,-0.0397,-0.04835,0.00683,0.04456,0.96801,0.54894,-0.06823,0.10401,-0.00871,0.03322,-0.00212,22.41448,0.23022,-0.00303,5.37312,-7.24235,0.34186,-0.25725,46.8121,0.80407,0.3212,-20.4103,-0.46944,-1.53128,-3.01746
29.7,-0.75935,-0.61478,0.2542,0.18583,0.17324,-0.00511,0.25162,0.70966,-0.00206,-0.03506,-0.00443,0.00644,0.04197,1.12006,0.52171,-0.05099,0.06988,-0.0089,0.03768,-0.00225,15.48305,0.21388,0.00756,7.68458,-7.16966,0.40692,-0.17419,41.81332,0.19261,-0.55526,-0.6884,-0.88518,-1.95234,-1.99949
29.72,-0.76985,-0.67672,0.16037,0.14943,0.17493,-0.00566,0.28725,0.75231,-0.00213,-0.02905,0.03565,0.00593,0.0364,1.2214,0.47026,-0.03373,0.0334,-0.00835,0.03994,-0.00219,9.80192,0.18376,0.01649,9.12748,-7.00454,0.4615,-0.14105,37.84175,-0.66873,-1.41422,18.82068,-1.4069,-2.34607,-1.33142
29.74,-0.74765,-0.69873,0.06054,0.12815,0.16592,-0.00639,0.29932,0.78929,-0.00161,-0.02154,0.07195,0.00543,0.02861,1.26067,0.39994,-0.01672,-0.00079,-0.00698,0.04014,-0.00193,5.09317,0.0972,0.00866,9.74316,-6.75216,0.53209,-0.10278,34.40674,-1.67473,-2.11256,38.95601,-2.05909,-2.7229,-0.7431
29.76,-0.69945,-0.66046,-0.03714,0.12255,0.14797,-0.00735,0.28543,0.82177,-0.00042,-0.01288,0.10249,0.00503,0.01936,1.23242,0.31772,-0.00096,-0.02998,-0.00484,0.03857,-0.00153,0.9695,-0.08232,0.00139,9.85444,-6.42245,0.64412,-0.01056,31.10226,-2.76167,-2.59788,60.43178,-2.71008,-3.02364,-0.12657
29.78,-0.64064,-0.56147,-0.11872,0.13222,0.12283,-0.0084,0.24984,0.83922,0.00125,-0.00392,0.12256,0.0047,0.00944,1.14627,0.232,0.01113,-0.05249,-0.00208,0.03563,-0.00103,-2.40833,-0.31213,-0.00097,9.45779,-6.06659,0.78649,0.10659,26.77459,-3.8985,-3.00086,81.72778,-3.24996,-3.1179,0.48692
29.8,-0.57555,-0.41053,-0.18192,0.15291,0.09561,-0.00956,0.19596,0.84137,0.00302,0.00417,0.12548,0.00443,-0.00033,1.01078,0.14968,0.01869,-0.06771,0.00088,0.03179,-0.00052,-5.18074,-0.60543,-0.00209,8.87912,-5.69632,0.91787,0.23766,21.32518,-4.90439,-3.18112,99.97969,-3.51107,-2.95004,1.02649
29.82,-0.50516,-0.22948,-0.22892,0.17837,0.07058,-0.01092,0.13101,0.82945,0.00439,0.01137,0.10453,0.00424,-0.00877,0.83909,0.07728,0.02165,-0.07609,0.00362,0.02751,-7e-05,-7.58927,-0.98555,-0.0015,8.39871,-5.30726,0.98834,0.37538,15.20184,-5.49223,-2.95967,111.95339,-3.35153,-2.5215,1.39739
29.84,-0.43655,-0.04684,-0.25534,0.20439,0.0479,-0.01224,0.06674,0.78233,0.00489,0.01736,0.05557,0.00404,-0.01498,0.64912,0.01941,0.02025,-0.07705,0.00571,0.02329,0.00025,-9.82084,-1.37257,-0.00031,7.92423,-4.91636,1.00228,0.49826,8.93517,-5.65622,-2.44384,116.3269,-2.70905,-1.77693,1.57258
29.86,-0.37322,0.11847,-0.261,0.22836,0.02793,-0.01329,0.00954,0.68797,0.00425,0.0211,-0.01934,0.0038,-0.01873,0.45142,-0.0239,0.01582,-0.07041,0.00679,0.01948,0.0004,-12.01849,-1.70742,0.00228,7.36725,-4.53195,0.96869,0.58843,3.17158,-5.50193,-1.77113,113.88634,-1.60282,-0.73931,1.57217
29.88,-0.31452,0.25499,-0.25068,0.24805,0.01101,-0.01408,-0.03809,0.55535,0.00252,0.02253,-0.1107,0.00359,-0.01994,0.251,-0.05524,0.01028,-0.05758,0.00675,0.01638,0.00035,-14.22901,-2.00419,0.00535,6.67351,-4.15151,0.87101,0.63925,-1.79206,-5.08185,-1.02301,104.87206,-0.14436,0.49073,1.37674
29.9,-0.25828,0.35214,-0.22797,0.26248,-0.00384,-0.01438,-0.07507,0.38673,-8e-05,0.0217,-0.20187,0.00344,-0.01888,0.05197,-0.07865,0.0044,-0.04069,0.00566,0.01427,0.00013,-16.41355,-2.25178,0.00585,5.70201,-3.76962,0.74569,0.6367,-5.29243,-4.35651,-0.28373,90.78173,1.49827,1.77291,1.0299
29.92,-0.2029,0.4009,-0.19575,0.27148,-0.01732,-0.01397,-0.1021,0.19777,-0.00305,0.01891,-0.27209,0.00337,-0.01593,-0.14057,-0.09901,0.00026,-0.02216,0.00379,0.01335,-0.00024,-18.47174,-2.43,0.00791,4.26162,-3.38527,0.6189,0.56673,-7.11828,-3.37222,0.26442,73.21829,3.11773,2.87745,0.63043
29.94,-0.15128,0.40187,-0.1566,0.27567,-0.03027,-0.01303,-0.12086,0.01679,-0.00586,0.01473,-0.30669,0.00349,-0.01137,-0.32221,-0.12029,0.00029,-0.00428,0.00149,0.0137,-0.0007,-20.34614,-2.5522,0.00537,2.17318,-3.01179,0.47193,0.44923,-7.88852,-2.43595,0.51499,53.6096,4.56888,3.64875,0.22376
29.96,-0.10595,0.36141,-0.11353,0.2759,-0.0436,-0.01172,-0.13428,-0.14558,-0.0084,0.00984,-0.30016,0.00385,-0.00558,-0.49065,-0.14521,0.00453,0.01108,-0.0009,0.01517,-0.00119,-21.96716,-2.63123,-0.01723,-0.72697,-2.66244,0.31159,0.30879,-7.9853,-1.70278,0.53019,33.39764,5.80259,4.04999,-0.13898
29.98,-0.0673,0.28943,-0.07047,0.27252,-0.05706,-0.01004,-0.14687,-0.28724,-0.01052,0.00498,-0.25438,0.00435,0.00091,-0.64285,-0.17539,0.01198,0.02244,-0.00308,0.0173,-0.00165,-23.23766,-2.65853,-0.06833,-4.49865,-2.34207,0.16467,0.16257,-7.50578,-1.15169,0.38828,13.18528,6.82602,4.05491,-0.38346
30,-0.03768,0.20116,-0.03174,0.26666,-0.06971,-0.0082,-0.16474,-0.40795,-0.01226,0.00051,-0.18024,0.00494,0.00743,-0.7734,-0.21039,0.02168,0.02877,-0.00479,0.01937,-0.00201,-24.26438,-2.5982,-0.13199,-9.16205,-2.02477,0.06242,0.02744,-6.26465,-0.79301,0.1977,-3.15289,7.56453,3.81688,-0.4327
30.02,-0.01952,0.11832,-0.00015,0.25946,-0.08013,-0.00639,-0.19475,-0.50963,-0.01378,-0.00275,-0.09197,0.00557,0.0134,-0.87536,-0.24813,0.03253,0.0296,-0.00575,0.02057,-0.00221,-25.16712,-2.43199,-0.16043,-14.88515,-1.68155,0.01156,-0.07393,-4.28444,-0.59829,0.05042,-13.07341,7.92347,3.52782,-0.31033
30.04,-0.00861,0.06437,0.02312,0.25007,-0.08631,-0.00473,-0.24271,-0.59544,-0.01495,-0.00438,-0.00177,0.00606,0.01818,-0.94526,-0.28603,0.04072,0.02454,-0.00591,0.02014,-0.00221,-25.88554,-2.15588,-0.14716,-21.57406,-1.32341,-0.00254,-0.1258,-1.84574,-0.51835,-0.00065,-19.30999,8.01246,3.16965,-0.10048
30.06,-0.0006,0.05487,0.03718,0.23833,-0.08669,-0.00336,-0.31235,-0.67015,-0.01564,-0.00483,0.08046,0.00623,0.02122,-0.98349,-0.32128,0.04304,0.01398,-0.00535,0.01765,-0.002,-26.33083,-1.73663,-0.11556,-28.99128,-0.95443,0.01201,-0.1356,1.09003,-0.50645,0.07724,-23.83747,7.94558,2.74101,0.15297
30.08,0.01487,0.09546,0.0414,0.22593,-0.08081,-0.00241,-0.40461,-0.7379,-0.01584,-0.00424,0.14798,0.00602,0.02225,-0.9927,-0.35093,0.03939,-0.00049,-0.00427,0.01315,-0.00161,-26.34179,-1.13957,-0.05291,-37.12187,-0.56082,0.0451,-0.11099,4.78052,-0.48933,0.32013,-26.92047,7.69566,2.30391,0.43402
30.1,0.04668,0.18134,0.03628,0.21352,-0.06883,-0.00192,-0.51663,-0.79932,-0.01547,-0.00263,0.19685,0.00535,0.02115,-0.98368,-0.37038,0.02976,-0.01626,-0.00299,0.00706,-0.00111,-25.88192,-0.27577,0.02865,-46.28181,-0.12688,0.07277,-0.07512,9.27888,-0.5408,0.64436,-26.25528,7.17909,1.86507,0.70404
30.12,0.07702,0.29717,0.02362,0.20269,-0.05209,-0.00177,-0.64267,-0.85345,-0.01456,0.0004,0.22525,0.0042,0.01796,-0.96967,-0.37475,0.01702,-0.02991,-0.00191,0.00012,-0.00058,-24.77655,0.80765,0.10571,-57.02234,0.32487,0.05985,-0.06482,14.14663,-0.88192,0.8164,-21.29874,6.31157,1.41646,0.88758
30.14,0.11761,0.4179,0.00473,0.1972,-0.03321,-0.00171,-0.7764,-0.90331,-0.01318,0.00557,0.23314,0.00263,0.01288,-0.9557,-0.3625,0.00608,-0.0386,-0.00131,-0.00689,-0.00012,-22.3332,1.99525,0.18126,-69.37482,0.75043,-0.00191,-0.08632,19.3952,-1.46977,0.84316,-15.78199,5.03007,0.95647,1.00287
30.16,0.21171,0.51158,-0.01808,0.20043,-0.01507,-0.00141,-0.91169,-0.95199,-0.01137,0.01346,0.22201,0.00071,0.00626,-0.94313,-0.333,-0.00101,-0.0409,-0.00139,-0.01343,0.00022,-17.88828,3.28543,0.24675,-83.17271,1.13496,-0.10412,-0.13322,25.44873,-2.15196,0.84253,-11.33708,3.29005,0.48235,1.09592
30.18,0.39543,0.54303,-0.04009,0.21501,-0.00039,-0.00065,-1.04239,-0.99931,-0.00921,0.02391,0.19496,-0.00148,-0.00146,-0.93166,-0.28569,-0.00419,-0.0367,-0.00221,-0.0191,0.0004,-11.00803,4.66448,0.27977,-98.44779,1.48782,-0.24093,-0.21003,32.35331,-3.05965,0.78032,-7.41991,1.06812,-0.00025,1.13801
30.2,0.60643,0.49718,-0.05411,0.24014,0.00859,0.00072,-1.1604,-1.04394,-0.00649,0.03725,0.15633,-0.00384,-0.00967,-0.9166,-0.22267,-0.00461,-0.02726,-0.00369,-0.02361,0.00041,-1.4009,5.89317,0.31365,-115.58312,1.67062,-0.40517,-0.31574,39.23189,-4.13653,0.67112,-3.86054,-1.55777,-0.46868,1.12188
30.22,0.70601,0.37809,-0.05401,0.27223,0.00972,0.00277,-1.26008,-1.08448,-0.00308,0.05462,0.11146,-0.00618,-0.01752,-0.89251,-0.14719,-0.00397,-0.0147,-0.00558,-0.02678,0.00025,11.14266,6.53527,0.37236,-134.81573,1.38943,-0.57684,-0.45465,44.42756,-5.16312,0.55066,-0.79462,-4.32013,-0.92892,1.03214
30.24,0.74997,0.17149,-0.03835,0.3112,0.00181,0.00496,-1.33895,-1.11834,0.00094,0.07327,0.06604,-0.00838,-0.0244,-0.85389,-0.06288,-0.0033,-0.00122,-0.00767,-0.02855,-6e-05,26.50141,6.66608,0.4003,-154.76307,0.65316,-0.69486,-0.59577,48.08469,-6.24732,0.43587,1.58513,-6.94764,-1.37273,0.81782
30.26,0.79664,-0.12481,-0.00703,0.35634,-0.01452,0.00652,-1.39673,-1.14003,0.00575,0.08908,0.02541,-0.01039,-0.02997,-0.79796,0.02561,-0.00297,0.01161,-0.00979,-0.02896,-0.00049,43.77684,6.52763,0.37012,-173.16332,-0.35642,-0.71975,-0.67825,51.02816,-7.53873,0.33938,3.26937,-9.26701,-1.77094,0.46986
30.28,0.75812,-0.48917,0.03624,0.40114,-0.03794,0.00702,-1.43884,-1.14231,0.0114,0.10034,-0.00518,-0.01217,-0.03391,-0.72716,0.11222,-0.00286,0.02281,-0.01176,-0.02806,-0.00101,61.47843,6.01589,0.29179,-187.40047,-1.50793,-0.65721,-0.66306,52.86783,-9.02793,0.25182,4.27269,-11.07306,-2.14664,0.03388
30.3,0.68411,-0.88672,0.08302,0.43674,-0.06567,0.00602,-1.44358,-1.10852,0.01757,0.10531,-0.02019,-0.01334,-0.03576,-0.64188,0.19078,-0.00217,0.03173,-0.0134,-0.02596,-0.00157,76.84095,5.3815,0.15567,-195.71431,-2.83852,-0.50584,-0.55622,53.74736,-10.87568,0.12354,4.42566,-12.35765,-2.45822,-0.40518
30.32,0.5989,-1.26246,0.12401,0.45313,-0.09284,0.00334,-1.38069,-1.01922,0.02359,0.10293,-0.0138,-0.01338,-0.03504,-0.54333,0.25737,0.00028,0.03788,-0.01449,-0.02279,-0.00209,86.66554,4.869,-0.02935,-196.80155,-4.31212,-0.30544,-0.37263,54.01082,-13.33429,-0.0195,3.51059,-13.21551,-2.60649,-0.66938
30.34,0.41512,-1.56917,0.14523,0.4482,-0.11281,-0.00082,-1.27073,-0.87154,0.02839,0.09263,0.01964,-0.01229,-0.03187,-0.43818,0.30676,0.00559,0.04106,-0.01489,-0.01861,-0.00251,89.33084,4.21721,-0.24184,-186.59325,-5.09701,-0.13348,-0.10427,53.73548,-16.46008,0.01481,2.0119,-13.45452,-2.64204,-0.68889
30.36,0.13335,-1.77219,0.13403,0.42371,-0.11981,-0.00617,-1.13164,-0.66532,0.03121,0.07478,0.08526,-0.01007,-0.02653,-0.33105,0.33398,0.0144,0.04121,-0.01447,-0.01352,-0.00278,84.71844,3.38961,-0.4608,-164.1048,-4.80035,-0.01571,0.20167,52.84095,-20.1357,0.42478,0.65345,-12.99028,-2.63076,-0.51973
30.38,-0.17537,-1.84292,0.08698,0.37718,-0.11054,-0.01239,-0.95618,-0.40239,0.03219,0.05121,0.18726,-0.0065,-0.01934,-0.22374,0.33755,0.02619,0.03836,-0.0131,-0.00765,-0.00284,73.90819,2.58777,-0.65808,-133.24136,-3.76695,0.04984,0.48953,50.96875,-24.32241,1.51111,-0.00044,-11.95095,-2.49304,-0.23583
30.4,-0.46156,-1.71945,0.00846,0.32442,-0.08116,-0.01864,-0.7615,-0.10274,0.03245,0.02323,0.32812,-0.0018,-0.01119,-0.11826,0.31768,0.04195,0.03262,-0.01066,-0.0012,-0.00264,57.92694,1.72842,-0.77101,-96.89986,-2.18867,0.07801,0.70542,48.15386,-28.07977,3.04628,0.56114,-10.47498,-2.34996,0.04624
30.42,-0.78025,-1.3809,-0.08924,0.28233,-0.03435,-0.02353,-0.56488,0.21978,0.03347,-0.00582,0.50688,0.00393,-0.00289,-0.01805,0.27566,0.06436,0.02436,-0.00707,0.00559,-0.00217,39.66654,0.84894,-0.75298,-60.97361,-0.73829,0.09618,0.81643,44.57666,-29.95395,3.88362,1.31974,-8.85523,-2.41916,0.2631
30.44,-1.10521,-0.92435,-0.18826,0.24181,0.01993,-0.02664,-0.37004,0.5542,0.03624,-0.03229,0.71818,0.01058,0.00506,0.07342,0.21162,0.09065,0.01439,-0.00232,0.01248,-0.00145,23.38012,0.24262,-0.64197,-32.33753,0.1329,0.10872,0.87659,40.18971,-30.03032,3.99835,1.61396,-7.41849,-2.54578,0.40131
30.46,-1.3392,-0.44176,-0.27011,0.19626,0.07421,-0.02827,-0.18858,0.87951,0.04074,-0.05534,0.94987,0.01749,0.012,0.15508,0.1283,0.11579,0.00369,0.00346,0.01922,-0.00053,11.10352,-0.02235,-0.49175,-13.31474,0.56506,0.11553,0.96185,34.7602,-28.29886,3.87814,1.78252,-6.37425,-2.59517,0.4553
30.48,-1.48125,0.00567,-0.32061,0.15003,0.12318,-0.02862,-0.03554,1.17588,0.04539,-0.07487,1.17749,0.02379,0.0174,0.22565,0.03204,0.13727,-0.00646,0.00984,0.02548,0.00048,3.15578,-0.04626,-0.33734,-3.19907,0.78338,0.12346,1.11605,29.00866,-24.64073,3.16629,1.48088,-5.80528,-2.64991,0.45481
30.5,-1.55371,0.35671,-0.32576,0.11288,0.15762,-0.02687,0.07771,1.43976,0.05001,-0.08941,1.37639,0.02908,0.02098,0.28381,-0.06977,0.15673,-0.01449,0.01625,0.03088,0.00144,-0.88351,-0.02276,-0.26634,0.00171,0.94115,0.14405,1.41014,23.18078,-19.33243,2.49641,1.14218,-5.6982,-2.66496,0.40453
30.52,-1.58626,0.56919,-0.27868,0.08931,0.16554,-0.02227,0.14984,1.68459,0.05576,-0.09657,1.52543,0.03354,0.02272,0.32813,-0.16482,0.17822,-0.01903,0.02225,0.03506,0.00219,-1.9354,0.0382,-0.45581,-0.93597,1.13276,0.19436,1.9032,17.15651,-12.94322,2.68147,1.02704,-5.96622,-2.61263,0.29561
30.54,-1.56665,0.6573,-0.19719,0.07058,0.1524,-0.0168,0.18089,1.89382,0.05886,-0.09797,1.58712,0.03603,0.02257,0.3544,-0.24482,0.19609,-0.01923,0.02687,0.03762,0.00262,-0.56565,0.22996,-0.99381,-1.78702,1.37882,0.26881,2.42736,11.50495,-6.56946,3.02666,0.49148,-6.4819,-2.61722,0.16676
30.56,-1.48125,0.67006,-0.1037,0.05371,0.13062,-0.01208,0.17282,2.04652,0.05635,-0.09549,1.53662,0.03561,0.02075,0.35863,-0.30871,0.20482,-0.01525,0.0292,0.03838,0.00268,0.40284,0.4349,-1.48645,-2.67691,1.55533,0.36042,2.87617,6.55271,-0.97526,3.08231,-0.58869,-7.12645,-2.75581,0.04086
30.58,-1.36273,0.65523,-0.01234,0.04142,0.10238,-0.00803,0.13578,2.15337,0.05021,-0.08835,1.38307,0.03295,0.01787,0.33922,-0.35471,0.20754,-0.00844,0.02926,0.03747,0.00238,0.99844,0.57033,-1.85324,-3.50823,1.60949,0.44489,3.06866,2.24452,3.53152,3.06844,-2.08932,-7.80927,-3.02813,-0.07856
30.6,-1.21386,0.63059,0.06051,0.03304,0.07481,-0.00499,0.07847,2.21344,0.04065,-0.07841,1.13831,0.02809,0.01449,0.29534,-0.38379,0.20055,-0.00112,0.02712,0.03516,0.00185,1.51312,0.73058,-2.19179,-1.17523,1.46138,0.46975,2.74068,-1.54468,6.83709,2.95375,-3.97839,-8.46882,-3.43566,-0.17976
30.62,-1.04011,0.59121,0.10566,0.02757,0.05219,-0.00295,0.01203,2.22392,0.0286,-0.06729,0.83027,0.02142,0.01129,0.22754,-0.39807,0.18082,0.00421,0.02318,0.03185,0.0012,1.33802,0.94378,-2.30686,1.93775,1.09308,0.39962,1.8871,-4.93846,8.91735,2.68981,-6.25854,-9.07015,-3.9605,-0.23228
30.64,-0.87285,0.56085,0.12605,0.02451,0.0345,-0.00155,-0.05206,2.19437,0.01738,-0.05361,0.50525,0.01442,0.00894,0.13802,-0.39784,0.15504,0.00572,0.01833,0.02801,0.00056,0.78662,1.16289,-2.14055,4.69718,0.61,0.20993,0.70206,-7.88814,10.00737,2.3961,-8.93159,-9.56381,-4.56575,-0.23478
30.66,-0.73528,0.55473,0.12611,0.02292,0.02069,-0.0006,-0.11021,2.13126,0.00843,-0.03724,0.19252,0.00784,0.00761,0.02997,-0.38412,0.12766,0.00292,0.01321,0.02391,1e-05,0.18127,1.29922,-1.72697,6.31873,0.13746,-0.09507,-0.53253,-10.31739,10.43241,2.11259,-11.90549,-9.90795,-5.20544,-0.2104
30.68,-0.63616,0.56276,0.11061,0.02154,0.0106,-2e-05,-0.16109,2.04071,0.00137,-0.01958,-0.09251,0.00186,0.00691,-0.09157,-0.35844,0.09943,-0.00316,0.00813,0.0196,-0.00042,-0.37128,1.38088,-1.18526,5.66399,-0.25542,-0.47561,-1.53111,-12.23685,10.39636,1.8105,-15.00443,-10.10676,-5.80919,-0.17074
30.7,-0.54751,0.56945,0.08606,0.01929,0.00391,0.00023,-0.20414,1.91171,-0.00444,-0.00223,-0.33743,-0.00334,0.00626,-0.21876,-0.3263,0.06879,-0.01013,0.00336,0.01503,-0.00073,-0.75308,1.36897,-0.65652,2.72583,-0.45671,-0.86463,-2.02762,-13.85458,10.03305,1.57042,-18.42869,-10.12649,-6.33161,-0.10893
30.72,-0.44552,0.55857,0.05946,0.01541,-0.00045,0.00032,-0.23899,1.73624,-0.00872,0.01407,-0.53296,-0.00735,0.00493,-0.34172,-0.29311,0.03715,-0.01488,-0.00086,0.01012,-0.00091,-0.95187,1.24574,-0.239,-1.52528,-0.42861,-1.21035,-1.8839,-15.39825,9.44951,1.42522,-22.51305,-9.93256,-6.73231,-0.01544
30.74,-0.3565,0.53578,0.03703,0.00952,-0.00403,0.00028,-0.26434,1.53634,-0.01176,0.029,-0.67672,-0.01002,0.00221,-0.45141,-0.25796,0.00966,-0.01485,-0.00436,0.00484,-0.00099,-1.10123,1.09711,0.00866,-7.47371,-0.23197,-1.47876,-1.25811,-16.86428,8.81852,1.30105,-26.76352,-9.57446,-6.90452,0.08877
30.76,-0.29378,0.51004,0.02142,0.00129,-0.00733,8e-05,-0.27879,1.3253,-0.01442,0.04193,-0.77351,-0.01163,-0.00221,-0.541,-0.22085,-0.01264,-0.00883,-0.007,-0.00064,-0.00095,-1.31608,0.9759,0.06346,-15.26871,0.09839,-1.63537,-0.38319,-18.28176,8.27981,1.18314,-30.65443,-9.08907,-6.74751,0.19072
30.78,-0.24483,0.47934,0.01191,-0.00965,-0.01029,-0.00018,-0.28117,1.0999,-0.01627,0.05313,-0.83092,-0.01227,-0.00811,-0.60514,-0.18461,-0.03088,0.00276,-0.0087,-0.00594,-0.00079,-1.6666,0.878,-0.05635,-24.07786,0.53751,-1.68216,0.60438,-19.77702,7.88857,1.09604,-34.15612,-8.46343,-6.19705,0.30069
30.8,-0.19087,0.44627,0.00637,-0.02332,-0.01287,-0.00044,-0.2742,0.85617,-0.01686,0.06288,-0.8611,-0.01231,-0.01465,-0.64,-0.1517,-0.04508,0.01789,-0.00924,-0.0104,-0.00049,-2.11521,0.7862,-0.29564,-30.62054,1.03043,-1.61782,1.29574,-21.56307,7.63834,1.05587,-37.53298,-7.67339,-5.19873,0.44993
30.82,-0.12418,0.41519,0.00222,-0.03939,-0.01493,-0.00062,-0.26181,0.59497,-0.01571,0.07133,-0.87728,-0.0122,-0.02044,-0.64329,-0.12426,-0.05405,0.03368,-0.00844,-0.01321,-5e-05,-2.531,0.6736,-0.52459,-32.12097,1.49165,-1.44667,1.39085,-23.78245,7.51339,1.06934,-41.13259,-6.6936,-3.71162,0.68372
30.84,-0.05023,0.38801,-0.00249,-0.05745,-0.01602,-0.00064,-0.24486,0.32284,-0.01223,0.07954,-0.88718,-0.01203,-0.0246,-0.61593,-0.10326,-0.05932,0.04752,-0.00638,-0.01378,0.00053,-2.83424,0.53889,-0.65851,-30.21409,1.89126,-1.19019,1.18837,-26.24818,7.55177,1.11868,-44.78175,-5.52138,-1.69899,1.00408
30.86,0.03684,0.36756,-0.00836,-0.07717,-0.01593,-0.00046,-0.22485,0.04357,-0.00643,0.08868,-0.89466,-0.01192,-0.02691,-0.56207,-0.08877,-0.06376,0.05806,-0.00331,-0.01182,0.00118,-2.93062,0.38851,-0.6691,-26.24859,2.23956,-0.86715,0.90081,-28.65926,7.79516,1.18262,-48.47156,-4.1596,0.79965,1.40231
30.88,0.15566,0.35741,-0.01466,-0.09793,-0.01488,-9e-05,-0.20438,-0.23987,0.00106,0.09972,-0.90079,-0.01208,-0.02728,-0.48855,-0.08012,-0.06842,0.0655,0.00035,-0.00736,0.00182,-2.65011,0.18822,-0.53497,-19.94758,2.53045,-0.49991,0.51805,-30.67656,8.27251,1.24397,-52.77213,-2.61571,3.67368,1.90534
30.9,0.31133,0.35943,-0.01923,-0.11757,-0.01227,0.00038,-0.18679,-0.51674,0.00912,0.11183,-0.90024,-0.01243,-0.02636,-0.4092,-0.07533,-0.07222,0.07124,0.00388,-0.00082,0.00228,-1.74414,-0.05536,-0.25143,-10.59279,2.7747,-0.10514,0.05961,-31.91378,8.84879,1.24491,-58.23305,-0.92239,6.68697,2.43635
30.92,0.47689,0.36999,-0.01979,-0.13304,-0.00833,0.00089,-0.17422,-0.76431,0.01672,0.12315,-0.88508,-0.0128,-0.02504,-0.33771,-0.07216,-0.07302,0.07728,0.00659,0.00724,0.00238,-0.09707,-0.34203,0.10186,0.32858,2.98784,0.26218,-0.35433,-31.83791,9.29418,1.12335,-65.34568,0.86691,9.432,2.84488
30.94,0.66043,0.37805,-0.01651,-0.1428,-0.00424,0.00136,-0.16475,-0.96853,0.02272,0.13425,-0.85192,-0.01319,-0.02358,-0.28026,-0.06938,-0.07201,0.08563,0.0077,0.01621,0.002,2.20918,-0.66303,0.42418,10.24558,3.16995,0.54567,-0.63785,-29.61318,9.6389,0.88107,-74.8035,2.68605,11.68461,3.14309
30.96,0.89287,0.3631,-0.01078,-0.14575,-3e-05,0.00176,-0.15569,-1.12402,0.02613,0.14536,-0.79986,-0.01353,-0.02214,-0.24139,-0.06657,-0.06971,0.09721,0.00673,0.02539,0.00112,5.21506,-1.01359,0.67361,18.78305,3.30292,0.73886,-0.82309,-24.51762,9.93523,0.52447,-86.89,4.45935,13.3843,3.35913
30.98,1.17629,0.29267,-0.0038,-0.14037,0.00485,0.00212,-0.14535,-1.22044,0.02698,0.15455,-0.72963,-0.01364,-0.02099,-0.22438,-0.06404,-0.0641,0.11142,0.00384,0.03406,-0.00018,8.9755,-1.34819,0.81582,25.9224,3.32581,0.83691,-0.93065,-16.18322,10.0464,0.05664,-100.97237,6.11447,14.42689,3.40742
31,1.44495,0.14613,0.00246,-0.12303,0.01034,0.00233,-0.13207,-1.2437,0.02542,0.16004,-0.64766,-0.01325,-0.02007,-0.22894,-0.06317,-0.05571,0.12635,-0.00038,0.04147,-0.00169,13.27816,-1.5997,0.82273,30.77225,3.11147,0.8524,-0.94793,-4.62161,9.64546,-0.49023,-117.43146,7.47002,14.62364,3.3202
31.02,1.59733,-0.06912,0.00716,-0.09187,0.01515,0.00226,-0.11459,-1.18088,0.0218,0.16023,-0.56204,-0.01207,-0.01919,-0.25288,-0.06575,-0.04493,0.13948,-0.00491,0.0469,-0.00311,17.49067,-1.67722,0.69004,31.73566,2.51483,0.80718,-0.86547,9.86971,8.4269,-1.03716,-136.69411,8.24631,13.78701,3.10812
31.04,1.65822,-0.33481,0.01074,-0.05027,0.01832,0.00205,-0.092,-1.03978,0.01734,0.15307,-0.47808,-0.01008,-0.01824,-0.29203,-0.07309,-0.03073,0.14888,-0.00879,0.04973,-0.0042,21.40714,-1.53377,0.46091,29.47014,1.46534,0.71233,-0.74912,26.60101,6.51323,-1.4613,-155.7586,8.41702,12.15943,2.68585
31.06,1.65002,-0.60742,0.01294,-0.00068,0.01896,0.00171,-0.06482,-0.83495,0.01284,0.13709,-0.40028,-0.00735,-0.01705,-0.34087,-0.08562,-0.01362,0.15335,-0.01163,0.04956,-0.00486,25.19982,-1.21329,0.20697,25.53041,-0.04801,0.58137,-0.64318,44.22856,4.22804,-1.66463,-171.07497,8.08754,10.04326,2.00976
31.08,1.51771,-0.81411,0.01316,0.05456,0.01602,0.00113,-0.03498,-0.5812,0.00851,0.11177,-0.33281,-0.00396,-0.01544,-0.39423,-0.10248,0.00462,0.1522,-0.01316,0.04637,-0.00501,28.49849,-0.71815,0.00144,19.85905,-1.95671,0.42257,-0.54915,61.07791,1.96116,-1.61377,-180.33894,7.27286,7.59404,1.09089
31.1,1.31717,-0.86974,0.0107,0.11083,0.01016,0.00021,-0.00419,-0.31383,0.00477,0.07709,-0.27908,-0.00029,-0.01324,-0.4402,-0.12085,0.0224,0.14626,-0.0134,0.04024,-0.0047,31.07097,-0.25041,-0.08724,13.49233,-4.08337,0.27443,-0.46583,74.34562,-0.3701,-1.11502,-181.50455,6.10816,5.22602,0.06797
31.12,1.09156,-0.71529,0.00447,0.16214,0.00392,-0.00115,0.02574,-0.05654,0.0018,0.03451,-0.24083,0.00358,-0.01031,-0.46366,-0.13643,0.03994,0.13688,-0.01247,0.03145,-0.00405,32.73407,-0.09311,-0.11568,7.70341,-6.25043,0.17256,-0.37499,81.379,-2.33437,0.1468,-173.53871,4.75488,3.14739,-1.15994
31.14,0.79432,-0.34901,-0.00693,0.20376,0.00147,-0.00305,0.05374,0.1825,-0.0005,-0.01364,-0.21644,0.00761,-0.00656,-0.46296,-0.14542,0.05639,0.12406,-0.01044,0.0206,-0.00308,33.13519,-0.10277,-0.13348,2.50986,-8.26459,0.08702,-0.29819,81.67721,-2.79478,1.68816,-154.98558,3.41511,1.40079,-2.56736
31.16,0.43614,0.20812,-0.02489,0.23349,0.00773,-0.00555,0.0802,0.38794,-0.00196,-0.06536,-0.20066,0.01149,-0.00198,-0.44143,-0.14476,0.06955,0.10841,-0.0075,0.00839,-0.00186,32.04907,-0.12629,-0.13013,-1.89628,-9.93722,-0.00358,-0.25155,76.17036,-2.0145,2.81242,-127.89633,2.22502,0.11524,-3.79165
31.18,0.07161,0.90542,-0.05129,0.2496,0.02671,-0.00867,0.10539,0.54982,-0.00243,-0.11909,-0.18472,0.01506,0.00337,-0.4005,-0.13196,0.07834,0.09195,-0.00402,-0.00433,-0.00056,29.2004,-0.15565,-0.14915,-5.05053,-11.18347,-0.08407,-0.22361,66.77184,-0.69176,3.40953,-97.70369,1.24347,-0.64374,-4.64454
31.2,-0.2552,1.65453,-0.08625,0.25538,0.06003,-0.01225,0.13014,0.66499,-0.00195,-0.17062,-0.1561,0.01833,0.00929,-0.34868,-0.10637,0.08291,0.07651,-0.00059,-0.01635,0.00066,25.11606,-0.09243,-0.16422,-6.16044,-12.01148,-0.16407,-0.21179,54.79114,0.3706,3.15682,-67.42647,0.64018,-0.96768,-4.81411
31.22,-0.54475,2.35596,-0.12695,0.25636,0.10572,-0.01594,0.15566,0.73544,-0.0008,-0.2124,-0.1004,0.02144,0.01564,-0.29701,-0.06889,0.08414,0.06394,0.00223,-0.02633,0.00163,20.71298,0.10722,-0.14027,-5.11672,-12.47785,-0.25447,-0.212,42.82137,0.65597,2.23805,-41.13711,0.30392,-1.09611,-4.1737
31.24,-0.79126,2.91074,-0.17545,0.25199,0.15958,-0.01956,0.18136,0.7605,0.00051,-0.2438,-0.00378,0.02437,0.02216,-0.25384,-0.0219,0.07935,0.05576,0.00393,-0.03333,0.00224,15.78321,0.41133,-0.10844,-2.88573,-12.59078,-0.32529,-0.20437,34.18109,0.44748,1.34991,-21.72603,0.02536,-1.1188,-3.2068
31.26,-0.96735,3.2555,-0.23622,0.24143,0.21631,-0.02306,0.2067,0.74176,0.00134,-0.26777,0.1459,0.02703,0.02844,-0.22568,0.0304,0.0665,0.05212,0.00422,-0.03702,0.00243,10.16452,0.79716,-0.06722,-0.0379,-12.36686,-0.35524,-0.17847,29.81344,0.00533,0.78018,-6.77088,-0.24434,-1.09105,-2.40762
31.28,-1.07038,3.38403,-0.30992,0.22673,0.26993,-0.02638,0.23221,0.69186,0.00108,-0.284,0.35755,0.02972,0.0341,-0.21655,0.082,0.04689,0.05183,0.00316,-0.03749,0.00225,4.34687,1.20764,-0.00305,3.15103,-11.87658,-0.35069,-0.13626,28.84414,-0.54876,0.55951,8.60527,-0.54071,-1.12164,-1.87352
31.3,-1.12121,3.29642,-0.391,0.21061,0.30924,-0.02879,0.25753,0.6173,-0.00019,-0.2921,0.6361,0.03239,0.03893,-0.22698,0.12644,0.02025,0.05278,0.00115,-0.03534,0.00179,-0.95015,1.51066,0.07722,6.32454,-11.20195,-0.31036,-0.08638,29.30613,-1.15337,0.52604,28.56364,-0.93233,-1.26319,-1.62251
31.32,-1.14694,3.02591,-0.46757,0.19474,0.3223,-0.02931,0.28235,0.52858,-0.0019,-0.29122,0.98132,0.03483,0.04287,-0.25514,0.15923,-0.00889,0.05237,-0.0012,-0.03139,0.00118,-5.14777,1.57928,0.14801,9.12951,-10.41304,-0.24053,-0.04029,28.59321,-1.87799,0.28209,53.47807,-1.52641,-1.48839,-1.4879
31.34,-1.13065,2.65238,-0.5343,0.17754,0.31202,-0.02863,0.30658,0.44998,-0.00407,-0.28302,1.38617,0.03742,0.04545,-0.29813,0.17646,-0.03403,0.0483,-0.00324,-0.02633,0.00059,-8.69525,1.42692,0.1939,11.47235,-9.53323,-0.16551,-0.00634,25.78411,-2.77503,-0.27096,80.90122,-2.23649,-1.69427,-1.19956
31.36,-1.05912,2.23075,-0.58556,0.15812,0.28529,-0.0275,0.32931,0.39381,-0.00645,-0.26963,1.83322,0.04032,0.04636,-0.35194,0.17682,-0.05344,0.03894,-0.00455,-0.0208,0.00012,-12.11738,1.09393,0.21416,13.4818,-8.5858,-0.10123,0.0097,21.30025,-3.78151,-0.97875,108.16247,-2.7736,-1.78258,-0.71959
31.38,-0.95371,1.79279,-0.61004,0.13728,0.24471,-0.02573,0.34953,0.35735,-0.00819,-0.25077,2.2838,0.04298,0.04609,-0.41095,0.16344,-0.06551,0.02341,-0.00482,-0.01542,-0.00016,-15.4986,0.60799,0.21085,15.26439,-7.60658,-0.05231,0.00622,15.2477,-4.77893,-1.73186,130.33147,-2.93502,-1.68921,-0.14173
31.4,-0.8203,1.35167,-0.60709,0.11657,0.19754,-0.02375,0.36457,0.33656,-0.00931,-0.22884,2.71272,0.04552,0.04483,-0.46671,0.13986,-0.06949,0.00171,-0.00389,-0.01075,-0.0002,-19.09803,0.02009,0.18462,16.85349,-6.62375,-0.01936,-0.01349,8.58467,-5.53734,-2.23583,142.69772,-2.59,-1.35807,0.35957
31.42,-0.6673,0.92742,-0.57911,0.09775,0.14981,-0.022,0.37151,0.32331,-0.01013,-0.20622,3.11194,0.04816,0.04282,-0.50904,0.11051,-0.06558,-0.02596,-0.00165,-0.00726,3e-05,-23.10703,-0.57639,0.13992,18.21264,-5.65746,-0.00094,-0.04254,2.30408,-5.87936,-2.21053,141.47421,-1.76183,-0.79641,0.6646
31.44,-0.51717,0.55646,-0.52408,0.08061,0.10229,-0.02004,0.36975,0.30311,-0.01046,-0.18189,3.41321,0.04967,0.04109,-0.53059,0.08057,-0.05498,-0.05942,0.0019,-0.00531,0.00054,-27.59019,-1.09941,0.09084,19.40328,-4.7136,0.00598,-0.07465,-2.79341,-5.73898,-1.60519,127.12816,-0.59501,-0.09898,0.71117
31.46,-0.38502,0.25723,-0.44618,0.06474,0.05627,-0.01762,0.35821,0.26403,-0.01044,-0.15548,3.55842,0.04917,0.0402,-0.52588,0.05326,-0.04003,-0.0982,0.00663,-0.00505,0.0013,-32.52359,-1.51661,0.04418,20.363,-3.80366,0.00661,-0.1065,-6.1794,-5.19628,-0.60289,103.40688,0.70947,0.65947,0.4839
31.48,-0.27828,0.03675,-0.35511,0.05042,0.01414,-0.01483,0.3346,0.19899,-0.0105,-0.12796,3.56823,0.04704,0.03983,-0.49042,0.03034,-0.02347,-0.14171,0.01213,-0.00647,0.00226,-37.66088,-1.79782,-0.00045,20.76202,-2.95325,0.00511,-0.13633,-7.86558,-4.45408,0.52488,72.63247,1.96102,1.40936,0.03123
31.5,-0.18696,-0.09594,-0.26266,0.03828,-0.02162,-0.01193,0.29689,0.10315,-0.01062,-0.10199,3.43695,0.04307,0.03976,-0.42552,0.01326,-0.00934,-0.18865,0.01789,-0.00937,0.00334,-42.87324,-1.90282,-0.04297,20.26173,-2.18186,0.00459,-0.16157,-7.51706,-3.41569,1.39615,39.84966,2.99903,2.07976,-0.48598
31.52,-0.10539,-0.12891,-0.17933,0.02848,-0.0483,-0.00914,0.2438,-0.02561,-0.01068,-0.07935,3.17025,0.03724,0.03969,-0.3348,0.00365,0.0007,-0.23704,0.02347,-0.01339,0.00441,-47.86388,-1.80026,-0.08193,18.37947,-1.51025,0.0078,-0.18047,-5.51425,-2.21758,1.53126,8.58094,3.70009,2.59752,-0.91324
31.54,-0.04199,-0.06369,-0.11066,0.01988,-0.06357,-0.00643,0.17471,-0.18727,-0.01051,-0.05887,2.84781,0.03056,0.03876,-0.22048,0.00295,0.00731,-0.28475,0.02803,-0.01808,0.00538,-51.85026,-1.48573,-0.11597,14.52473,-0.95387,0.01232,-0.19778,-2.63336,-1.35578,1.07777,-18.02366,4.07274,2.88026,-1.21831
31.56,0.00949,0.0856,-0.05936,0.01187,-0.0662,-0.00389,0.09002,-0.37902,-0.01006,-0.0397,2.51505,0.02352,0.03636,-0.08721,0.01188,0.01051,-0.3295,0.03078,-0.02288,0.00615,-54.07208,-0.97383,-0.14452,8.18549,-0.50851,0.01062,-0.21905,0.96806,-0.8712,0.37645,-38.03154,4.21221,2.90933,-1.38356
31.58,0.0716,0.29548,-0.02563,0.00437,-0.0569,-0.00168,-0.00842,-0.59696,-0.00983,-0.02203,2.16257,0.01599,0.03252,0.05687,0.03033,0.01126,-0.36896,0.03166,-0.02712,0.00665,-53.94921,-0.27389,-0.16518,-0.89261,-0.14438,-0.0051,-0.24617,5.56602,-0.60394,-0.50469,-52.71671,4.21554,2.69384,-1.37505
31.6,0.16066,0.53201,-0.00703,-0.003,-0.03734,0.00014,-0.11642,-0.82534,-0.00919,-0.00627,1.78386,0.00782,0.02717,0.20158,0.05714,0.01139,-0.3982,0.03054,-0.02997,0.00683,-51.43054,0.60791,-0.17374,-12.68403,0.19752,-0.05419,-0.28115,11.18822,-0.54812,-1.10002,-54.03261,4.08302,2.35376,-1.0877
31.62,0.27039,0.75637,0.00059,-0.01012,-0.01122,0.00145,-0.22486,-1.03564,-0.00705,0.00935,1.36537,-0.00104,0.02054,0.33788,0.09053,0.01314,-0.41147,0.02747,-0.03058,0.00662,-46.51563,1.49619,-0.16325,-27.67009,0.54032,-0.15948,-0.33595,16.93826,-0.63624,-1.11026,-41.34208,3.8393,2.00946,-0.56422
31.64,0.42101,0.92291,0.00172,-0.01714,0.01581,0.0022,-0.32657,-1.22237,-0.0051,0.02734,0.88077,-0.01057,0.01325,0.45662,0.12862,0.01659,-0.40754,0.02306,-0.02844,0.00602,-38.60241,2.23455,-0.12648,-45.90518,0.92174,-0.31697,-0.42569,22.99625,-0.83163,-0.96691,-27.59997,3.60411,1.61804,0.01873
31.66,0.65155,0.98211,0.00024,-0.02465,0.03894,0.00242,-0.41906,-1.39214,-0.00506,0.04826,0.32385,-0.02061,0.00559,0.54997,0.17006,0.0206,-0.38656,0.01772,-0.02349,0.00503,-27.34118,2.83245,-0.0669,-66.59324,1.44232,-0.50738,-0.55927,30.33371,-1.10797,-0.94233,-17.42656,3.42259,1.16683,0.60918
31.68,0.98117,0.8726,-0.00085,-0.03277,0.05361,0.00212,-0.4988,-1.54078,-0.00662,0.0723,-0.28959,-0.03112,-0.00235,0.61462,0.21432,0.02478,-0.3483,0.01161,-0.01612,0.00366,-12.8498,3.33823,0.0085,-88.87856,2.19622,-0.70634,-0.74474,38.9251,-1.44502,-0.95249,-9.33869,3.24127,0.69686,1.19642
31.7,1.32724,0.59914,0.00043,-0.04041,0.05568,0.00135,-0.56462,-1.65993,-0.0087,0.10032,-0.92141,-0.04076,-0.01052,0.65377,0.26135,0.02499,-0.29462,0.00486,-0.00731,0.00194,4.44363,3.34345,0.11179,-112.7194,3.07126,-0.88278,-0.97207,47.8504,-1.82454,-0.97882,-3.01945,2.95053,0.24586,1.72282
31.72,1.53487,0.223,0.00513,-0.04521,0.04195,0.00017,-0.62001,-1.73841,-0.00986,0.1332,-1.49654,-0.04683,-0.01888,0.6751,0.31108,0.01964,-0.22886,-0.00231,0.00181,-4e-05,24.09948,2.10895,0.27398,-138.54619,3.72418,-0.99288,-1.24008,55.27729,-2.19702,-1.00987,1.41509,2.43976,-0.17995,2.0826
31.74,1.62949,-0.28856,0.01393,-0.04598,0.01144,-0.00135,-0.6657,-1.77691,-0.00929,0.16778,-1.9696,-0.04989,-0.02733,0.67903,0.36268,0.01291,-0.15502,-0.00965,0.01027,-0.00215,45.20225,0.02081,0.4796,-163.60022,4.08798,-0.98746,-1.50548,61.03988,-2.52013,-1.01536,3.9559,1.66928,-0.59532,2.24423
31.76,1.64508,-0.95236,0.0265,-0.04239,-0.03376,-0.00315,-0.703,-1.77677,-0.00589,0.19938,-2.33388,-0.0516,-0.03562,0.66631,0.41367,0.00654,-0.07724,-0.01699,0.01732,-0.00432,65.96963,-2.17366,0.69311,-184.07046,4.20462,-0.85474,-1.66265,65.90515,-2.81142,-0.98144,5.0426,0.60245,-0.98873,2.24277
31.78,1.49975,-1.69479,0.04038,-0.03431,-0.08995,-0.00517,-0.73982,-1.72973,0.00153,0.22507,-2.5783,-0.05167,-0.04351,0.64471,0.45947,0.0008,-0.0001,-0.02412,0.02256,-0.00643,84.46056,-4.22762,0.91614,-197.49523,3.94561,-0.61723,-1.63157,69.00883,-3.12629,-0.88647,5.01169,-0.76539,-1.3635,2.06922
31.8,1.27481,-2.37786,0.05142,-0.02326,-0.14783,-0.00748,-0.75663,-1.63063,0.01311,0.24427,-2.70942,-0.05044,-0.05003,0.61385,0.49773,-0.00376,0.07088,-0.03056,0.02581,-0.00837,97.13302,-5.9413,1.14571,-201.33126,3.22921,-0.31334,-1.3493,70.23032,-3.73067,-0.72975,4.23927,-2.35345,-1.69847,1.77987
31.82,1.02618,-2.83758,0.05241,-0.01158,-0.19479,-0.0102,-0.72612,-1.47474,0.02844,0.25726,-2.7419,-0.04822,-0.0538,0.57214,0.52786,-0.00734,0.13035,-0.03557,0.02706,-0.01,100.44933,-7.08677,1.39817,-193.9509,2.08895,-0.0175,-0.83671,69.83478,-4.99589,-0.53216,3.1209,-4.0614,-1.94856,1.45098
31.84,0.68052,-3.02643,0.03261,-0.00186,-0.22226,-0.01357,-0.66736,-1.26192,0.04593,0.25962,-2.68574,-0.04473,-0.05475,0.52843,0.54384,-0.01036,0.17432,-0.03906,0.02652,-0.01122,94.48803,-6.99866,1.63509,-173.97387,0.97382,0.19929,-0.19545,67.30598,-6.821,-0.32944,1.93595,-5.75095,-2.12915,1.09861
31.86,0.2554,-2.92993,-0.01637,0.00421,-0.22424,-0.01786,-0.59425,-0.99524,0.06315,0.24872,-2.55421,-0.03969,-0.05318,0.48922,0.54112,-0.01332,0.20108,-0.0412,0.02454,-0.01195,81.31848,-5.57831,1.77925,-143.33565,0.19982,0.31666,0.40655,62.42099,-8.84,-0.15476,0.93354,-7.28094,-2.27106,0.7489
31.88,-0.17384,-2.52347,-0.09761,0.00591,-0.19685,-0.02324,-0.49732,-0.68303,0.07791,0.22733,-2.36144,-0.03283,-0.04888,0.45528,0.52068,-0.01687,0.21127,-0.04193,0.0216,-0.01216,63.70603,-3.39487,1.79594,-107.68415,-0.22322,0.34159,0.78801,55.15577,-10.70313,-0.02957,0.28159,-8.57427,-2.38181,0.43739
31.9,-0.55914,-1.84286,-0.20604,0.00393,-0.13779,-0.02897,-0.39082,-0.35261,0.09064,0.19347,-2.12822,-0.02488,-0.04245,0.42506,0.48418,-0.02145,0.20702,-0.04104,0.01823,-0.01185,44.12429,-1.19244,1.54048,-71.36782,-0.21921,0.31259,0.82036,46.67529,-12.08941,0.03796,0.02015,-9.61974,-2.46036,0.18754
31.92,-0.91868,-0.99111,-0.32572,-0.00108,-0.05511,-0.03364,-0.28798,-0.02474,0.10294,0.14809,-1.87387,-0.01626,-0.03452,0.39632,0.43386,-0.02726,0.19146,-0.03826,0.01494,-0.01101,25.74466,0.17805,1.00977,-39.94156,-0.06837,0.27666,0.69866,38.60032,-12.69996,0.05961,-0.00088,-10.45368,-2.50418,0.00502
31.94,-1.23925,-0.10527,-0.44151,-0.00952,0.03474,-0.03705,-0.18666,0.28706,0.11313,0.09977,-1.60751,-0.00678,-0.02532,0.37083,0.36993,-0.03412,0.16857,-0.03384,0.01216,-0.00968,11.69427,0.64451,0.41453,-17.96861,0.01374,0.24104,0.68016,30.64631,-12.10722,0.05287,-0.00366,-11.08414,-2.54326,-0.11793
31.96,-1.47476,0.70926,-0.5426,-0.02083,0.12026,-0.03938,-0.09313,0.56077,0.11897,0.05325,-1.33826,0.0029,-0.01536,0.349,0.29393,-0.0415,0.14208,-0.028,0.01001,-0.00792,2.76082,0.47736,-0.12247,-5.63199,0.05707,0.21051,0.80593,22.5615,-10.1865,0.03235,-0.22279,-11.52442,-2.60918,-0.18717
31.98,-1.62481,1.38297,-0.61943,-0.03371,0.19347,-0.04052,-0.01703,0.77848,0.11933,0.00998,-1.0785,0.01151,-0.00552,0.32759,0.21076,-0.0487,0.11544,-0.02078,0.00827,-0.00587,-1.58948,-0.1058,-0.53028,-0.7068,0.09383,0.19296,1.18057,15.06227,-7.1933,0.01444,-0.82385,-11.8285,-2.71066,-0.21578
32,-1.7268,1.86833,-0.65898,-0.04812,0.24387,-0.03937,0.03662,0.93169,0.11662,-0.02791,-0.84513,0.01813,0.00302,0.30444,0.12377,-0.05471,0.09255,-0.01331,0.00657,-0.00377,-2.53277,-0.83671,-0.69154,0.00069,0.13365,0.19306,1.63389,8.59933,-3.46519,0.00179,-1.8915,-12.02809,-2.85234,-0.20429
32.02,-1.82522,2.156,-0.65141,-0.06537,0.26116,-0.03498,0.06805,1.02115,0.11432,-0.05583,-0.65244,0.02262,0.00954,0.27794,0.04094,-0.05846,0.0767,-0.00637,0.00441,-0.00183,-1.46896,-1.35993,-0.54723,0.05431,0.17446,0.21319,1.92001,3.37486,0.36044,-0.00119,-3.47193,-12.14076,-3.03101,-0.14666
32.04,-1.88195,2.28529,-0.61192,-0.08114,0.25266,-0.02941,0.0789,1.04182,0.10846,-0.07189,-0.50518,0.0241,0.01333,0.24559,-0.02784,-0.05935,0.06939,-0.00018,0.00136,-0.00016,0.52515,-1.57141,-0.2712,2.47307,0.14727,0.24857,2.07672,-0.83886,3.61864,0.01007,-5.30271,-12.19245,-3.2579,-0.06678
32.06,-1.86485,2.30027,-0.55839,-0.09017,0.23075,-0.02427,0.07165,0.99262,0.09719,-0.07738,-0.40442,0.02199,0.0138,0.20652,-0.07903,-0.05717,0.07061,0.0045,-0.00282,0.00113,2.64612,-1.60077,-0.03908,9.01748,-0.00909,0.28294,2.11095,-4.36032,5.96724,0.02535,-7.01193,-12.20041,-3.53993,0.01095
32.08,-1.79966,2.23805,-0.4963,-0.09244,0.2002,-0.01934,0.05129,0.88753,0.08472,-0.07256,-0.34745,0.01731,0.01129,0.16292,-0.11164,-0.05202,0.07878,0.00725,-0.00804,0.00201,4.19052,-1.5503,0.05915,19.96838,-0.28545,0.29818,1.94598,-7.29619,7.29964,0.03664,-8.42382,-12.17282,-3.84898,0.0789
32.1,-1.67418,2.12836,-0.43646,-0.08695,0.16816,-0.01529,0.0215,0.73392,0.07092,-0.06018,-0.32524,0.01072,0.00648,0.11865,-0.12676,-0.04449,0.09083,0.00817,-0.01394,0.00252,4.81588,-1.34677,-0.00205,33.92668,-0.62676,0.27269,1.54159,-9.92902,7.61657,0.04045,-9.4196,-12.10468,-4.19103,0.14229
32.12,-1.48342,1.98168,-0.38428,-0.07513,0.1386,-0.0124,-0.01244,0.54308,0.05587,-0.04283,-0.32623,0.00345,0.00065,0.08035,-0.12715,-0.03536,0.10314,0.00762,-0.0199,0.00274,4.3421,-0.74842,-0.1651,47.44655,-0.90848,0.19481,0.97839,-12.52759,7.06313,0.03953,-10.00822,-11.97826,-4.57404,0.20889
32.14,-1.26806,1.80384,-0.33422,-0.06257,0.11072,-0.00988,-0.04528,0.33597,0.04361,-0.02069,-0.34056,-0.00293,-0.00481,0.05567,-0.11512,-0.02537,0.11232,0.00631,-0.02545,0.00276,2.94442,-0.03964,-0.31079,56.77814,-0.92854,0.06311,0.4214,-15.10173,6.02709,0.04204,-10.38453,-11.78308,-4.90986,0.27257
32.16,-1.05543,1.60728,-0.28385,-0.05269,0.08452,-0.00754,-0.0753,0.12528,0.03551,0.00474,-0.36093,-0.00814,-0.00935,0.04924,-0.09355,-0.01539,0.1164,0.00477,-0.03033,0.00266,1.21615,0.40777,-0.33169,59.74846,-0.54063,-0.11021,-0.03195,-17.64387,4.85612,0.05425,-10.76309,-11.51019,-5.11498,0.33356
32.18,-0.85376,1.40428,-0.23453,-0.04653,0.06019,-0.00557,-0.10067,-0.08174,0.0303,0.03094,-0.38257,-0.01231,-0.01282,0.06222,-0.06621,-0.00632,0.1155,0.00329,-0.03441,0.00251,-0.30137,0.53309,-0.16694,54.5121,0.27539,-0.29868,-0.33844,-20.19895,3.74936,0.07969,-11.34149,-11.14137,-5.16415,0.40313
32.2,-0.65594,1.19681,-0.18758,-0.04456,0.03933,-0.00406,-0.1206,-0.27423,0.02634,0.05595,-0.40382,-0.0155,-0.0155,0.09283,-0.03771,0.00102,0.11051,0.00206,-0.03768,0.00235,-1.09113,0.39186,0.13903,40.93707,1.43268,-0.47182,-0.48539,-22.9602,2.83256,0.12046,-12.38789,-10.65255,-5.02119,0.49717
32.22,-0.4597,0.99483,-0.14461,-0.04682,0.02222,-0.003,-0.13486,-0.43348,0.02246,0.07927,-0.42496,-0.01754,-0.01793,0.13713,-0.01214,0.00643,0.10317,0.00115,-0.04028,0.00223,-0.9782,0.14129,0.48722,20.20263,2.73088,-0.60645,-0.49902,-26.04186,2.2025,0.17693,-14.18207,-10.01444,-4.65417,0.63093
32.24,-0.27896,0.82314,-0.10716,-0.05334,0.00697,-0.00227,-0.1412,-0.54991,0.01889,0.10003,-0.44643,-0.01864,-0.02041,0.1894,0.00775,0.01001,0.09617,0.00058,-0.04223,0.00217,-0.1926,-0.24451,0.84724,-4.08135,3.94437,-0.68058,-0.41793,-29.17762,1.94154,0.24926,-16.99649,-9.18517,-4.04773,0.80682
32.26,-0.11143,0.6979,-0.07626,-0.06433,-0.00655,-0.00178,-0.13717,-0.62412,0.0156,0.11705,-0.46844,-0.01911,-0.02309,0.24305,0.02042,0.01188,0.09108,0.00034,-0.04351,0.00219,0.80726,-0.75338,1.1882,-27.73431,4.89875,-0.67899,-0.28165,-32.01691,2.0907,0.33667,-21.11528,-8.11626,-3.19057,1.02287
32.28,0.06375,0.62643,-0.05218,-0.08017,-0.01786,-0.00147,-0.12103,-0.65499,0.01222,0.13083,-0.49098,-0.01872,-0.02607,0.29114,0.02616,0.01232,0.08785,0.00038,-0.04412,0.00228,1.51687,-1.29347,1.45832,-48.7714,5.51659,-0.60949,-0.13067,-34.22662,2.67337,0.4345,-26.7624,-6.7615,-2.08207,1.27827
32.3,0.26722,0.61165,-0.03445,-0.1006,-0.02646,-0.00131,-0.09193,-0.65087,0.00876,0.14222,-0.51295,-0.01781,-0.02913,0.32738,0.02664,0.01161,0.08569,0.00062,-0.04396,0.0024,1.43043,-1.73494,1.57266,-59.06557,5.7561,-0.47994,-0.0143,-35.67647,3.67144,0.53981,-34.51591,-5.0603,-0.73423,1.57495
32.32,0.49726,0.6486,-0.0222,-0.12472,-0.03159,-0.00123,-0.04923,-0.62326,0.00533,0.15229,-0.53294,-0.01674,-0.03181,0.34654,0.02415,0.00989,0.08323,0.001,-0.04288,0.0025,0.34121,-1.97849,1.54077,-54.68813,5.67223,-0.31335,0.04508,-36.09162,4.99179,0.64398,-45.14221,-2.98765,0.81075,1.91429
32.34,0.76733,0.72637,-0.01425,-0.1531,-0.03324,-0.00119,0.00733,-0.57551,0.00208,0.16077,-0.55057,-0.01519,-0.03384,0.34337,0.02083,0.00645,0.07898,0.00144,-0.04084,0.00253,-1.5015,-2.16444,1.42658,-42.37886,5.43581,-0.1492,0.05001,-34.60661,6.58693,0.72781,-58.68863,-0.57475,2.4883,2.26777
32.36,1.11287,0.82005,-0.0092,-0.18677,-0.03171,-0.00114,0.07556,-0.51057,-0.00081,0.16694,-0.56626,-0.01309,-0.03499,0.31618,0.01739,0.00056,0.07189,0.00185,-0.0378,0.00246,-3.78193,-2.43079,1.24428,-25.94129,5.1535,-0.00916,0.00772,-30.43959,8.43389,0.77641,-74.8304,2.12659,4.22374,2.59898
32.38,1.55851,0.88278,-0.00581,-0.22557,-0.0272,-0.00103,0.14974,-0.43249,-0.00315,0.17094,-0.58086,-0.01066,-0.03492,0.26895,0.01292,-0.00857,0.06156,0.00217,-0.03382,0.00226,-6.08186,-2.80354,0.99624,-5.52668,4.81766,0.09859,-0.07713,-23.13521,10.39803,0.77832,-93.11115,5.03333,5.92025,2.88978
32.4,2.0358,0.87481,-0.00318,-0.26616,-0.02065,-0.00083,0.22472,-0.34249,-0.0048,0.16894,-0.5961,-0.00804,-0.03346,0.20957,0.00533,-0.02076,0.04812,0.00231,-0.0291,0.00194,-7.47732,-3.18692,0.72728,17.63928,4.26021,0.17003,-0.17157,-12.51923,12.11986,0.71637,-114.00071,7.94297,7.38899,3.07501
32.42,2.40057,0.773,-0.00086,-0.30259,-0.01331,-0.00055,0.30004,-0.24093,-0.00571,0.15716,-0.61336,-0.00531,-0.0305,0.14753,-0.00804,-0.03226,0.0324,0.00222,-0.02386,0.00148,-6.77518,-3.36544,0.47477,36.00006,3.29586,0.2043,-0.19208,1.46592,13.04412,0.57119,-138.13396,10.48837,8.38444,3.06455
32.44,2.66539,0.55414,0.00109,-0.33366,-0.00618,-0.00022,0.36855,-0.12933,-0.00595,0.13591,-0.63141,-0.0025,-0.02591,0.09095,-0.02928,-0.04166,0.0159,0.00183,-0.01823,0.00093,-3.72622,-3.34741,0.22325,45.4711,1.90923,0.20439,-0.15984,18.62602,12.99384,0.36046,-162.80824,12.41896,8.82035,2.8634
32.46,2.86201,0.22288,0.00217,-0.35844,-0.0006,5e-05,0.4196,-0.00995,-0.0057,0.10461,-0.64638,0.00035,-0.01972,0.04581,-0.05849,-0.04968,0.00026,0.00116,-0.01229,0.0003,1.61544,-3.21851,-0.01075,48.6533,0.11816,0.17731,-0.12893,37.93977,12.08744,0.14983,-184.36304,13.61089,8.71564,2.46553
32.48,2.90635,-0.18355,0.00153,-0.37142,0.00222,0.0001,0.44867,0.1126,-0.00519,0.06144,-0.65206,0.00318,-0.0121,0.0162,-0.09334,-0.05462,-0.01258,0.00024,-0.00611,-0.00037,9.1525,-2.90075,-0.19006,45.12357,-2.01231,0.12592,-0.10041,57.78735,10.32311,0.01402,-200.02401,13.90406,8.10991,1.82375
32.5,2.81388,-0.58663,-0.00194,-0.37268,0.00212,-0.00024,0.46134,0.23248,-0.00484,0.00461,-0.63832,0.00593,-0.00352,0.00459,-0.12795,-0.05493,-0.02058,-0.00084,0.00027,-0.00104,18.2535,-2.52793,-0.29564,37.02109,-4.28672,0.06846,-0.07923,75.24646,7.80429,0.01745,-207.76689,13.01881,7.01096,1.01612
32.52,2.61762,-0.90109,-0.00935,-0.36378,0.00038,-0.00113,0.47228,0.34715,-0.00499,-0.06066,-0.59352,0.00871,0.00582,0.01226,-0.15384,-0.04917,-0.02218,-0.00197,0.00674,-0.00169,27.94372,-2.38706,-0.38311,27.65728,-6.53699,0.02516,-0.05159,87.00262,5.11174,0.32763,-206.41483,10.78323,5.45,0.06138
32.54,2.28206,-1.11247,-0.02106,-0.3394,-0.00044,-0.00265,0.4785,0.45204,-0.00544,-0.12752,-0.50959,0.01151,0.01583,0.03923,-0.16512,-0.03866,-0.01673,-0.00305,0.01315,-0.00227,37.0818,-2.38326,-0.46734,17.67536,-8.54949,-0.01261,-0.01692,91.26799,3.08408,0.95589,-192.25175,7.88389,3.78487,-1.0248
32.56,1.81251,-1.22043,-0.03686,-0.29848,0.0027,-0.00484,0.47771,0.54164,-0.0058,-0.19405,-0.38105,0.01424,0.02616,0.0842,-0.1589,-0.02519,-0.00502,-0.00401,0.0193,-0.00274,44.74966,-2.37448,-0.52006,8.23266,-10.11048,-0.04957,0.02016,87.87716,1.87493,1.65923,-165.39412,5.07213,2.30706,-2.02068
32.58,1.2644,-1.21478,-0.05671,-0.24742,0.01235,-0.00769,0.48657,0.61482,-0.00602,-0.25661,-0.20562,0.01689,0.03642,0.14453,-0.13452,-0.01023,0.01064,-0.0048,0.02482,-0.00307,49.65087,-2.40669,-0.56375,0.92459,-11.14246,-0.07475,0.05736,78.14677,1.54051,2.2807,-131.4527,2.67096,1.11704,-2.71893
32.6,0.75621,-1.11527,-0.07782,-0.19283,0.02962,-0.01088,0.49648,0.6712,-0.0058,-0.30867,0.01328,0.01961,0.04632,0.21479,-0.09523,0.00219,0.02694,-0.0054,0.02921,-0.00324,51.53136,-2.40574,-0.54215,-1.9714,-11.70338,-0.08399,0.09429,62.97451,1.62868,2.50496,-93.75656,1.205,0.3698,-2.91539
32.62,0.34091,-0.96066,-0.09608,-0.14209,0.05339,-0.01386,0.49297,0.7112,-0.00467,-0.34233,0.27276,0.0226,0.05574,0.28691,-0.04624,0.01439,0.04053,-0.00579,0.03197,-0.00321,51.25045,-2.26004,-0.41059,-0.49665,-11.93183,-0.07266,0.13476,45.76486,1.55033,2.21357,-58.76018,0.4738,-0.04511,-2.47583
32.64,-0.00688,-0.79358,-0.11192,-0.10265,0.08163,-0.01646,0.49809,0.73365,-0.00311,-0.35752,0.5716,0.02575,0.06394,0.35616,0.00714,0.02755,0.04899,-0.00595,0.03258,-0.00299,48.13611,-2.0227,-0.25392,3.14585,-11.86432,-0.03273,0.17203,31.68584,1.39164,1.72927,-33.06302,0.0323,-0.27105,-1.63814
32.66,-0.27505,-0.64833,-0.12675,-0.07697,0.11211,-0.01869,0.52573,0.73751,-0.00199,-0.35844,0.90807,0.02893,0.07011,0.42065,0.05978,0.03754,0.0513,-0.00582,0.03082,-0.00259,41.66305,-1.74055,-0.11235,8.17933,-11.52498,0.03362,0.1988,22.88457,1.20171,1.2735,-16.5045,-0.20987,-0.36278,-0.84419
32.68,-0.4592,-0.54289,-0.14072,-0.0636,0.14193,-0.02039,0.56346,0.72467,-0.00161,-0.3467,1.28161,0.03226,0.07394,0.47777,0.10706,0.04456,0.04791,-0.00537,0.02689,-0.00204,32.73955,-1.4312,0.01497,13.83717,-11.01307,0.11573,0.21091,19.24734,0.89769,0.94594,-4.91869,-0.32987,-0.41272,-0.26432
32.7,-0.5903,-0.47938,-0.15012,-0.06099,0.16654,-0.02122,0.61099,0.69366,-0.00215,-0.32583,1.69065,0.03575,0.07527,0.5263,0.14542,0.04644,0.04001,-0.00456,0.02125,-0.00138,22.94632,-1.0994,0.11516,18.91992,-10.43015,0.19562,0.20159,19.31423,0.45728,0.79621,7.05005,-0.46889,-0.51894,-0.08265
32.72,-0.71884,-0.44982,-0.14869,-0.06761,0.18139,-0.02085,0.66964,0.64229,-0.00341,-0.2992,2.12774,0.03926,0.07413,0.56538,0.17303,0.04138,0.02923,-0.00334,0.01456,-0.00063,13.93539,-0.78491,0.16726,22.2092,-9.85325,0.24901,0.16494,20.58265,-0.08981,0.7217,23.37741,-0.84145,-0.74715,-0.26971
32.74,-0.86291,-0.43963,-0.13955,-0.08086,0.1862,-0.01969,0.71982,0.57271,-0.00502,-0.26976,2.57815,0.04273,0.07048,0.59362,0.18793,0.0342,0.01731,-0.00172,0.00755,0.00015,5.77284,-0.55548,0.17192,23.65769,-9.28513,0.26258,0.10311,21.24511,-0.75811,0.58294,45.52986,-1.51314,-1.08357,-0.41289
32.76,-1.02683,-0.43113,-0.12644,-0.09884,0.18216,-0.01809,0.74576,0.48569,-0.00643,-0.23977,3.01362,0.04589,0.06462,0.60949,0.18937,0.02757,0.00541,0.00024,0.00077,0.00095,-1.64198,-0.42516,0.14515,23.78117,-8.71693,0.23631,0.02466,20.51507,-1.60455,0.34626,73.30856,-2.28646,-1.43935,-0.32003
32.78,-1.23019,-0.40783,-0.1069,-0.12094,0.16996,-0.01603,0.74609,0.37978,-0.00692,-0.20953,3.37842,0.04809,0.05752,0.61056,0.17912,0.02081,-0.0058,0.00244,-0.0054,0.00173,-7.75929,-0.37241,0.1005,22.70042,-8.1598,0.17749,-0.05892,17.58931,-2.6419,0.00686,102.99112,-2.91199,-1.6768,-0.00133
32.8,-1.46646,-0.35268,-0.08492,-0.14564,0.15157,-0.01375,0.71594,0.25462,-0.00639,-0.18199,3.64722,0.04933,0.04969,0.59539,0.15866,0.01399,-0.01583,0.0047,-0.01061,0.00246,-12.61675,-0.36572,0.05147,20.81517,-7.60765,0.09989,-0.13253,12.70774,-3.74906,-0.32251,128.23063,-3.05047,-1.63276,0.44077
32.82,-1.7194,-0.25789,-0.06523,-0.17037,0.12937,-0.01148,0.65498,0.11198,-0.00498,-0.15851,3.81312,0.04982,0.04191,0.56341,0.13001,0.00653,-0.02438,0.00682,-0.01459,0.00308,-16.39967,-0.37117,0.01024,18.42613,-7.04923,0.01903,-0.18057,6.70205,-4.70411,-0.44896,141.39276,-2.45416,-1.19772,0.83277
32.84,-1.98399,-0.135,-0.04534,-0.19107,0.10556,-0.00921,0.57444,-0.04483,-0.00283,-0.13608,3.77161,0.04815,0.03579,0.51351,0.09656,-0.00291,-0.03116,0.00857,-0.0172,0.00354,-19.19587,-0.36891,-0.015,15.76897,-6.46695,-0.04664,-0.19705,0.8263,-5.34032,-0.23289,139.27723,-1.07718,-0.37651,1.03069
32.86,-2.24322,-0.00691,-0.02406,-0.20296,0.08226,-0.00702,0.48694,-0.21108,-0.0004,-0.11259,3.45412,0.04365,0.03202,0.4476,0.06078,-0.0146,-0.03598,0.00979,-0.01846,0.00381,-21.15472,-0.35217,-0.02619,12.87488,-5.85631,-0.08781,-0.18716,-3.74016,-5.58528,0.28885,123.87886,0.91538,0.75971,0.97563
32.88,-2.46674,0.0994,-0.00309,-0.20263,0.06129,-0.00507,0.40452,-0.37963,0.00185,-0.08771,2.91515,0.03729,0.03017,0.37189,0.02449,-0.02827,-0.03874,0.01041,-0.01852,0.00387,-22.34158,-0.31854,-0.02619,9.58637,-5.24102,-0.10737,-0.15723,-6.62785,-5.4664,0.95971,96.13838,3.22136,2.09254,0.63788
32.9,-2.6194,0.15713,0.01368,-0.18838,0.04268,-0.00339,0.32808,-0.53577,0.00365,-0.06493,2.17617,0.02903,0.02983,0.29295,-0.00993,-0.04194,-0.03963,0.01049,-0.01762,0.00373,-23.03616,-0.27179,-0.02336,6.2503,-4.60971,-0.10422,-0.11925,-7.30488,-4.72342,1.44567,62.13473,5.42298,3.43938,0.1296
32.92,-2.66698,0.14488,0.0236,-0.16206,0.02622,-0.00195,0.2578,-0.65812,0.00476,-0.04619,1.33598,0.01973,0.03046,0.21771,-0.0395,-0.05165,-0.03899,0.01008,-0.01606,0.00345,-23.48226,-0.21986,-0.02736,2.9263,-3.9502,-0.084,-0.08527,-6.12646,-3.35529,1.37825,29.00985,7.02462,4.57566,-0.34538
32.94,-2.58594,0.07377,0.02932,-0.12897,0.01335,-0.00086,0.20588,-0.73492,0.00529,-0.02949,0.58107,0.01158,0.03111,0.1526,-0.06158,-0.05618,-0.03685,0.00932,-0.01411,0.00306,-23.47429,-0.16894,-0.03253,-0.54007,-3.32212,-0.06109,-0.05587,-4.2626,-2.03288,0.85338,-1.79352,7.86838,5.3295,-0.77293
32.96,-2.36486,-0.02022,0.03233,-0.09459,0.00449,-0.00013,0.17467,-0.76151,0.00547,-0.01541,-0.005,0.00535,0.03102,0.10014,-0.07472,-0.05581,-0.03333,0.0083,-0.01197,0.0026,-22.83229,-0.12258,-0.03343,-3.76352,-2.76335,-0.04118,-0.03092,-2.34309,-1.10548,0.09737,-28.16852,8.02295,5.62956,-1.16037
32.98,-2.01178,-0.10711,0.03194,-0.06327,-0.0012,0.00033,0.15558,-0.7339,0.00532,-0.00549,-0.40144,0.00094,0.02978,0.05997,-0.07843,-0.05021,-0.02874,0.00709,-0.00979,0.00211,-21.52922,-0.08267,-0.0317,-6.29219,-2.25439,-0.02442,-0.01168,-0.69724,-0.55821,-0.73171,-46.96655,7.53685,5.44872,-1.42234
33,-1.67078,-0.19743,0.02957,-0.03281,-0.00476,0.00056,0.12711,-0.70646,0.00509,0.00333,-0.78806,-0.00338,0.02846,0.01841,-0.08204,-0.04483,-0.02406,0.00589,-0.00759,0.00162,-19.23984,-0.04144,-0.02884,-9.24726,-1.85535,-0.00591,0.00909,1.31128,-0.30275,-1.54413,-58.79146,7.07516,5.21814,-1.579
