T,J7,J8,J9,J10,J11,J12,J13,J14,J15,J16,J17,J18,J19,J20,J21,J22,J23,J24,J25,J26,J27,J28,J29,J30,J31,J32,J33,J34,J35,J36,J37,J38,J39,J40
0,-3e-05,0,0,0,-0,-0,-5e-05,0.00063,6e-05,8e-05,2e-05,0,-1e-05,0.0001,3e-05,-0.00038,2e-05,-0,0,-0,1e-05,0.0001,-8e-05,-1e-05,0,-0,-0,0,3e-05,-1e-05,-0,-0,0,0
0.02,-3e-05,-0,0,0,-0,-0,-5e-05,0.00065,6e-05,9e-05,2e-05,0,-1e-05,0.00011,3e-05,-0.00038,2e-05,-0,0,-0,2e-05,0.00011,-8e-05,-1e-05,0,-0,-0,0,3e-05,-1e-05,-0,-0,0,0
0.04,-3e-05,-0,0,0,-0,-0,-5e-05,0.00066,7e-05,9e-05,2e-05,0,-1e-05,0.00011,3e-05,-0.00037,2e-05,-0,0,-0,2e-05,0.00011,-8e-05,-1e-05,0,-0,-0,0,3e-05,-1e-05,-0,-0,0,0
0.06,-3e-05,-0,0,0,-0,-0,-5e-05,0.00066,7e-05,8e-05,2e-05,0,-1e-05,0.00011,4e-05,-0.00037,2e-05,-0,0,-0,2e-05,0.00011,-9e-05,-1e-05,0,-0,-0,0,3e-05,-1e-05,-0,-0,0,0
0.08,-2e-05,-0,0,0,-0,-0,-5e-05,0.00065,7e-05,8e-05,2e-05,0,-1e-05,0.00011,4e-05,-0.00036,2e-05,0,0,-0,2e-05,0.00011,-9e-05,-1e-05,0,-0,-0,0,2e-05,-0,-0,-0,0,0
0.1,-2e-05,-0,-0,0,-0,-0,-5e-05,0.00064,7e-05,7e-05,2e-05,0,-1e-05,0.00011,4e-05,-0.00036,2e-05,0,0,-0,1e-05,0.00011,-9e-05,-1e-05,0,-0,-0,0,2e-05,-0,-0,-0,0,0
0.12,-2e-05,-0,-0,0,-0,-0,-4e-05,0.00062,7e-05,6e-05,2e-05,0,-1e-05,0.00012,4e-05,-0.00035,2e-05,0,0,-0,1e-05,0.00011,-8e-05,-1e-05,0,-0,-0,0,1e-05,0,-0,-0,0,0
0.14,-1e-05,-0,-0,0,0,-0,-4e-05,0.00059,7e-05,5e-05,2e-05,0,-1e-05,0.00012,5e-05,-0.00035,2e-05,0,0,-0,1e-05,0.0001,-8e-05,-1e-05,0,-0,-0,0,-0,1e-05,-0,-0,0,0
0.16,-1e-05,-0,-0,0,0,-0,-4e-05,0.00056,7e-05,4e-05,2e-05,0,-1e-05,0.00012,6e-05,-0.00035,2e-05,0,0,-0,1e-05,0.0001,-8e-05,-1e-05,0,-0,-0,0,-2e-05,2e-05,-0,-0,0,0
0.18,-0,-0,-0,-0,0,-0,-4e-05,0.00052,7e-05,3e-05,1e-05,0,-1e-05,0.00013,6e-05,-0.00035,2e-05,0,0,-0,1e-05,9e-05,-7e-05,-1e-05,0,-0,-0,0,-3e-05,3e-05,-0,-0,0,0
0.2,1e-05,-0,-0,-0,0,-0,-4e-05,0.00048,7e-05,1e-05,1e-05,0,-0,0.00013,7e-05,-0.00035,3e-05,0,0,-0,1e-05,7e-05,-6e-05,-1e-05,0,-0,-0,0,-5e-05,4e-05,-0,-0,0,0
0.22,1e-05,-0,-0,-0,0,-0,-4e-05,0.00044,8e-05,-0,1e-05,0,-0,0.00014,8e-05,-0.00034,3e-05,0,0,-0,0,6e-05,-5e-05,-1e-05,0,-0,-0,0,-6e-05,4e-05,-0,-0,0,0
0.24,2e-05,-0,-0,-0,0,-0,-4e-05,0.0004,8e-05,-1e-05,1e-05,0,-0,0.00014,9e-05,-0.00034,3e-05,0,0,-0,0,4e-05,-3e-05,-0,0,-0,-0,-0,-8e-05,5e-05,-0,-0,0,0
0.26,3e-05,-0,-0,-0,0,-0,-4e-05,0.00035,8e-05,-2e-05,0,0,-0,0.00014,0.0001,-0.00033,3e-05,0,0,-0,-0,1e-05,-1e-05,-0,-0,-0,-0,-0,-9e-05,6e-05,-0,-0,0,0
0.28,4e-05,0,-0,-0,0,-0,-4e-05,0.00031,9e-05,-3e-05,0,0,0,0.00014,0.0001,-0.00031,3e-05,0,0,-0,-0,-1e-05,1e-05,-0,-0,-0,-0,-0,-0.0001,6e-05,-0,-0,0,0
0.3,5e-05,0,-0,-0,0,-0,-4e-05,0.00027,9e-05,-3e-05,0,0,0,0.00014,0.00011,-0.0003,3e-05,0,0,-0,-0,-3e-05,3e-05,-0,-0,0,0,-0,-0.00011,6e-05,-0,-0,0,0
0.32,5e-05,0,-0,-0,0,0,-4e-05,0.00023,9e-05,-4e-05,-0,0,0,0.00013,0.00013,-0.00027,3e-05,0,0,-0,-1e-05,-5e-05,4e-05,-0,-0,0,0,-0,-0.00012,6e-05,0,-0,0,0
0.34,6e-05,0,-0,-0,0,0,-4e-05,0.00019,9e-05,-4e-05,-0,0,0,0.00012,0.00014,-0.00025,3e-05,0,0,-0,-1e-05,-7e-05,6e-05,-0,-0,0,0,-0,-0.00012,6e-05,0,-0,0,0
0.36,6e-05,0,-0,-0,0,-0,-4e-05,0.00016,9e-05,-5e-05,-0,0,0,0.00011,0.00015,-0.00021,3e-05,0,0,-0,-1e-05,-8e-05,7e-05,-0,-0,0,0,-0,-0.00011,5e-05,0,-0,0,0
0.38,7e-05,0,-0,-0,0,-0,-4e-05,0.00013,9e-05,-5e-05,-0,0,0,9e-05,0.00017,-0.00017,2e-05,0,0,-0,-1e-05,-8e-05,8e-05,-0,-0,0,0,-0,-0.0001,4e-05,0,-0,0,0
0.4,7e-05,0,-0,-0,0,-0,-3e-05,9e-05,0.0001,-5e-05,-0,0,1e-05,7e-05,0.00018,-0.00012,1e-05,0,0,-0,-1e-05,-8e-05,8e-05,-0,-0,0,0,-0,-9e-05,3e-05,0,-0,0,0
0.42,7e-05,0,-0,-0,0,-0,-3e-05,5e-05,0.0001,-6e-05,-0,0,1e-05,4e-05,0.0002,-6e-05,0,0,0,-0,-1e-05,-7e-05,8e-05,-0,-0,0,0,-0,-7e-05,1e-05,0,0,-0,-0
0.44,7e-05,0,-0,0,0,-0,-2e-05,1e-05,0.0001,-7e-05,-0,0,1e-05,1e-05,0.00022,1e-05,-0,-0,1e-05,-0,-1e-05,-7e-05,8e-05,-0,-0,0,0,-0,-6e-05,-0,0,0,-0,-0
0.46,7e-05,0,-0,0,0,-0,-1e-05,-5e-05,0.0001,-8e-05,-0,1e-05,1e-05,-3e-05,0.00023,0.0001,-1e-05,-0,1e-05,-0,-0,-5e-05,8e-05,-0,-0,0,0,-0,-4e-05,-1e-05,0,0,-0,-0
0.48,7e-05,0,-0,0,0,-0,-0,-0.00013,0.00011,-0.0001,-0,1e-05,1e-05,-7e-05,0.00022,0.00019,-2e-05,-0,1e-05,-0,-0,-4e-05,7e-05,-0,-0,0,0,-0,-3e-05,-2e-05,0,0,-0,-0
0.5,7e-05,0,0,0,0,-0,2e-05,-0.00023,0.00011,-0.00012,-0,1e-05,2e-05,-0.00011,0.00021,0.00029,-2e-05,-0,1e-05,-0,-0,-2e-05,7e-05,-0,-0,0,0,-0,-3e-05,-3e-05,0,0,-0,-0
0.52,7e-05,0,1e-05,0,0,-0,4e-05,-0.00036,0.0001,-0.00016,-0,1e-05,2e-05,-0.00016,0.00016,0.0004,-1e-05,-0,1e-05,-0,-0,0,6e-05,-0,-0,0,0,-0,-4e-05,-3e-05,0,0,-0,-0
0.54,6e-05,0,1e-05,0,-0,-0,6e-05,-0.00053,0.0001,-0.0002,-0,1e-05,2e-05,-0.00022,9e-05,0.0005,-1e-05,-0,1e-05,0,0,3e-05,4e-05,0,-0,0,0,-0,-5e-05,-3e-05,0,0,-0,-0
0.56,6e-05,0,3e-05,0,-0,-0,9e-05,-0.00074,8e-05,-0.00025,-0,1e-05,3e-05,-0.00028,-3e-05,0.00058,1e-05,-0,1e-05,0,0,6e-05,3e-05,0,-0,0,0,-0,-7e-05,-2e-05,0,0,-0,-0
0.58,6e-05,-0,4e-05,0,-0,-0,0.00013,-0.001,7e-05,-0.00031,-0,1e-05,3e-05,-0.00035,-0.00018,0.00059,2e-05,-0,0,0,0,0.0001,1e-05,0,-0,0,0,-0,-0.0001,-1e-05,1e-05,0,-0,-0
0.6,6e-05,-0,7e-05,0,-0,-0,0.00016,-0.0013,4e-05,-0.00038,-0,1e-05,3e-05,-0.00042,-0.00036,0.00055,3e-05,-1e-05,0,0,1e-05,0.00013,-1e-05,1e-05,-0,0,0,-0,-0.00013,1e-05,1e-05,0,-0,-0
0.62,7e-05,-0,0.0001,0,-0,-0,0.0002,-0.00165,2e-05,-0.00043,-0,1e-05,4e-05,-0.00046,-0.00056,0.00045,4e-05,-1e-05,-0,0,1e-05,0.00015,-2e-05,1e-05,0,0,0,-0,-0.00015,3e-05,1e-05,-0,0,0
0.64,8e-05,-0,0.00013,1e-05,0,0,0.00023,-0.00205,0,-0.00046,0,1e-05,4e-05,-0.00041,-0.00075,0.00022,3e-05,-1e-05,-1e-05,0,1e-05,0.00017,-3e-05,1e-05,0,0,0,-0,-0.00018,4e-05,1e-05,-0,0,0
0.66,0.0001,-0,0.00015,1e-05,0,0,0.00024,-0.00249,-1e-05,-0.00048,1e-05,1e-05,4e-05,-0.00024,-0.00092,-0.00019,1e-05,-1e-05,-2e-05,0,2e-05,0.00017,-3e-05,2e-05,0,0,0,-0,-0.0002,5e-05,1e-05,-0,0,0
0.68,0.00013,-0,0.00017,1e-05,0,0,0.00023,-0.00298,0,-0.0005,1e-05,1e-05,3e-05,0.00012,-0.00103,-0.00081,-1e-05,-1e-05,-2e-05,-0,3e-05,0.00017,-3e-05,2e-05,0,0,0,-0,-0.00021,5e-05,1e-05,-0,0,0
0.7,0.00016,1e-05,0.00017,1e-05,0,0,0.00019,-0.0035,6e-05,-0.00049,2e-05,1e-05,3e-05,0.00071,-0.00103,-0.00174,-1e-05,-1e-05,-3e-05,-1e-05,3e-05,0.00017,-2e-05,2e-05,0,0,0,0,-0.00022,6e-05,1e-05,-0,0,0
0.72,0.0002,4e-05,0.00015,1e-05,1e-05,0,0.00012,-0.004,0.00018,-0.00047,3e-05,1e-05,3e-05,0.00149,-0.00069,-0.00341,-0,-0,-2e-05,-1e-05,4e-05,0.00016,-1e-05,3e-05,0,0,0,0,-0.00022,5e-05,2e-05,-0,0,0
0.74,0.00023,0.00012,0.0001,1e-05,1e-05,0,3e-05,-0.00444,0.00038,-0.00045,5e-05,1e-05,2e-05,0.00245,-0,-0.00587,0,0,-1e-05,-2e-05,5e-05,0.00016,-1e-05,3e-05,0,0,0,0,-0.00021,4e-05,2e-05,0,0,0
0.76,0.00026,0.00021,5e-05,1e-05,1e-05,0,-9e-05,-0.00483,0.00066,-0.00046,7e-05,0,2e-05,0.00323,0.00069,-0.00865,-6e-05,0,0,-2e-05,7e-05,0.00017,-0,3e-05,0,0,0,0,-0.0002,3e-05,2e-05,0,0,0
0.78,0.00029,0.00026,2e-05,1e-05,1e-05,0,-0.00022,-0.00503,0.00095,-0.00048,9e-05,0,1e-05,0.00296,0.00111,-0.01394,-0.00023,0,0,-2e-05,8e-05,0.00018,-0,3e-05,0,0,0,0,-0.00019,1e-05,3e-05,0,0,-0
0.8,0.00028,0.00031,-5e-05,1e-05,1e-05,0,-0.00036,-0.00531,0.00127,-0.00056,0.0001,0,0,0.0025,-0.00042,-0.01248,-0.00064,-0,-1e-05,0,9e-05,0.0002,0,3e-05,0,0,0,0,-0.00017,-2e-05,3e-05,0,-0,-0
0.82,0.00016,0.0003,-0.00023,0,1e-05,0,-0.00056,-0.00635,0.00192,-0.00074,0.00012,0,-1e-05,0.00127,-0.00681,0.00197,-0.00162,-2e-05,-1e-05,7e-05,0.00011,0.00023,0,3e-05,0,0,0,0,-0.00016,-5e-05,4e-05,0,-0,-0
0.84,1e-05,0.00019,-0.00033,0,2e-05,0,-0.00065,-0.00757,0.0026,-0.00093,0.00012,0,-2e-05,0.0002,-0.01288,0.01027,-0.00262,-2e-05,2e-05,0.00014,0.00013,0.00027,1e-05,3e-05,0,0,0,0,-0.00014,-8e-05,4e-05,1e-05,-0,-0
0.86,-4e-05,3e-05,-0.00028,0,2e-05,0,-0.00054,-0.00857,0.00303,-0.00102,9e-05,0,-4e-05,0.00095,-0.01508,0.01575,-0.00292,-1e-05,7e-05,0.00015,0.00014,0.00031,2e-05,3e-05,0,0,0,0,-0.00014,-0.00011,5e-05,1e-05,-0,-0
0.88,7e-05,-0.00013,-0.00012,-0,2e-05,0,-0.00019,-0.00938,0.00324,-0.00102,4e-05,1e-05,-5e-05,0.00562,-0.01368,0.01994,-0.00206,-0,0.00011,0.00011,0.00016,0.00035,3e-05,2e-05,0,0,0,-0,-0.00014,-0.00015,5e-05,1e-05,-0,-0
0.9,0.00031,-0.00016,0,-0,2e-05,-0,0.00021,-0.0099,0.00307,-0.00092,-3e-05,1e-05,-5e-05,0.01567,-0.01127,0.0203,-0.00073,0,0.00012,5e-05,0.00019,0.0004,5e-05,2e-05,0,0,0,-0,-0.00016,-0.00018,6e-05,1e-05,-0,-0
0.92,0.00045,-0.0001,1e-05,-1e-05,2e-05,-0,0.0002,-0.01051,0.00245,-0.00073,-8e-05,2e-05,-5e-05,0.01717,-0.01134,0.01372,-0.00035,1e-05,0.0001,3e-05,0.00021,0.00045,7e-05,1e-05,0,0,0,-1e-05,-0.00019,-0.0002,7e-05,1e-05,-0,-0
0.94,0.00057,0.0001,-0,-2e-05,1e-05,-0,-0,-0.01115,0.00178,-0.00048,-8e-05,2e-05,-4e-05,0.0092,-0.01043,0.00628,-0.00031,2e-05,5e-05,3e-05,0.00023,0.00051,9e-05,-0,-0,0,0,-1e-05,-0.00025,-0.00021,7e-05,1e-05,-0,-0
0.96,0.00071,0.00026,-1e-05,-2e-05,1e-05,-0,-0.00013,-0.01173,0.00126,-0.0002,-7e-05,3e-05,-3e-05,0.00432,-0.00941,0.00223,1e-05,4e-05,2e-05,2e-05,0.00026,0.00058,0.00011,-1e-05,-0,0,0,-1e-05,-0.00032,-0.00021,8e-05,1e-05,-0,-0
0.98,0.00085,0.00036,-4e-05,-3e-05,1e-05,-0,-0.00022,-0.01233,0.00085,7e-05,-3e-05,3e-05,-2e-05,0.0012,-0.00916,0.00024,0.00043,5e-05,0,1e-05,0.00029,0.00067,0.00012,-3e-05,-0,0,0,-1e-05,-0.00042,-0.0002,9e-05,1e-05,-0,-0
1,0.00097,0.0004,-0.0001,-4e-05,1e-05,-0,-0.00025,-0.0129,0.00055,0.00035,2e-05,4e-05,-1e-05,-0.00017,-0.0095,-0.00055,0.00089,6e-05,-0,-0,0.00032,0.00079,0.00012,-4e-05,-0,0,0,-0,-0.00052,-0.00019,9e-05,1e-05,-0,-0
1.02,0.00107,0.00041,-0.00018,-5e-05,0,-0,-0.00022,-0.01334,0.00035,0.00062,6e-05,4e-05,0,-0.00037,-0.01005,-0.00083,0.00128,8e-05,-0,-0,0.00034,0.00093,0.00011,-6e-05,-0,0,0,0,-0.00063,-0.00019,0.0001,1e-05,-0,-0
1.04,0.00115,0.00038,-0.00027,-7e-05,-0,-0,-0.00017,-0.01367,0.00019,0.00085,0.0001,4e-05,1e-05,2e-05,-0.01075,-0.00099,0.00155,0.00011,-0,-0,0.00037,0.0011,8e-05,-8e-05,-0,0,0,1e-05,-0.00073,-0.00019,0.0001,2e-05,-0,-0
1.06,0.00119,0.00032,-0.00032,-8e-05,-1e-05,-0,-0.00013,-0.01395,5e-05,0.001,0.00012,4e-05,1e-05,0.0005,-0.01145,-0.00119,0.00168,0.00012,-0,-0,0.00039,0.0013,3e-05,-0.0001,-0,0,0,3e-05,-0.00083,-0.0002,0.00011,2e-05,-0,-0
1.08,0.00121,0.00026,-0.00033,-9e-05,-1e-05,-0,-0.0001,-0.01415,-6e-05,0.00109,0.00012,4e-05,2e-05,0.00079,-0.01207,-0.00145,0.00168,0.00013,0,-0,0.00041,0.00152,-4e-05,-0.00013,-0,-0,-0,-1e-05,-0.0008,-0.00018,7e-05,1e-05,-0,0
1.1,0.00121,0.0002,-0.00028,-0.00011,-2e-05,-0,-7e-05,-0.01429,-0.00017,0.0011,0.0001,4e-05,1e-05,0.00074,-0.01251,-0.00172,0.00159,0.00013,0,-0,0.00043,0.00175,-0.00012,-0.00015,-0,-0,-0,-0.00012,-0.00052,-0.00011,-4e-05,-1e-05,0,1e-05
1.12,0.0012,0.00015,-0.00017,-0.00012,-2e-05,-0,-5e-05,-0.01436,-0.00025,0.00104,7e-05,4e-05,1e-05,0.0003,-0.01265,-0.00196,0.00141,0.00011,-0,-0,0.00044,0.00199,-0.0002,-0.00016,-0,-0,-0,-0.00029,-4e-05,-4e-05,-0.0002,-4e-05,1e-05,1e-05
1.14,0.0012,0.0001,-1e-05,-0.00013,-3e-05,-0,-4e-05,-0.01437,-0.00031,0.00093,3e-05,3e-05,1e-05,-0.00026,-0.01264,-0.00214,0.00121,9e-05,-0,-0,0.00044,0.00219,-0.00026,-0.00017,-0,-0,-0,-0.00053,0.00064,3e-05,-0.00038,-7e-05,1e-05,2e-05
1.16,0.00121,5e-05,0.00015,-0.00015,-3e-05,-0,-4e-05,-0.01433,-0.00036,0.00082,1e-05,3e-05,0,-0.00068,-0.01258,-0.00225,0.00102,7e-05,-0,0,0.00043,0.00234,-0.00031,-0.00017,-0,-0,-0,-0.00083,0.00152,9e-05,-0.0006,-0.00011,2e-05,3e-05
1.18,0.00123,-0,0.0003,-0.00016,-4e-05,-0,-3e-05,-0.01423,-0.0004,0.00071,-0,2e-05,-0,-0.0009,-0.01246,-0.00228,0.00088,5e-05,-0,1e-05,0.0004,0.00243,-0.00034,-0.00017,-1e-05,-0,-0,-0.0012,0.00256,0.00013,-0.00082,-0.00015,3e-05,5e-05
1.2,0.00126,-5e-05,0.00041,-0.00017,-4e-05,-0,-3e-05,-0.01406,-0.00043,0.0006,1e-05,2e-05,-1e-05,-0.00092,-0.01226,-0.00226,0.00077,3e-05,-0,1e-05,0.00037,0.00246,-0.00034,-0.00015,-1e-05,-0,-0,-0.00161,0.00369,0.00015,-0.00102,-0.0002,4e-05,6e-05
1.22,0.00133,-0.0001,0.00047,-0.00017,-5e-05,-0,-2e-05,-0.01379,-0.00047,0.00048,3e-05,1e-05,-1e-05,-0.0008,-0.0119,-0.00218,0.00069,2e-05,-0,2e-05,0.00033,0.00241,-0.00032,-0.00012,-1e-05,-0,-0,-0.00205,0.00476,0.00014,-0.00117,-0.00024,5e-05,7e-05
1.24,0.00141,-0.00015,0.00048,-0.00018,-5e-05,-0,-0,-0.01342,-0.00051,0.00037,8e-05,0,-2e-05,-0.00056,-0.01141,-0.00208,0.00065,1e-05,-0,2e-05,0.00029,0.00229,-0.00027,-7e-05,-2e-05,-0,-0,-0.00248,0.00565,0.0001,-0.00124,-0.00027,6e-05,9e-05
1.26,0.00151,-0.0002,0.00045,-0.00018,-5e-05,-0,1e-05,-0.01291,-0.00056,0.00028,0.00015,-1e-05,-2e-05,-0.00027,-0.01077,-0.00196,0.00064,-0,-0,2e-05,0.00023,0.0021,-0.0002,-2e-05,-2e-05,0,0,-0.00291,0.00624,4e-05,-0.00122,-0.0003,7e-05,0.0001
1.28,0.00162,-0.00024,0.00037,-0.00018,-5e-05,-0,3e-05,-0.01222,-0.00063,0.00019,0.00023,-2e-05,-2e-05,-0,-0.00994,-0.00183,0.00065,-1e-05,0,2e-05,0.00018,0.00184,-9e-05,5e-05,-2e-05,0,0,-0.00332,0.00648,-3e-05,-0.0011,-0.0003,8e-05,0.00011
1.3,0.00175,-0.00028,0.00028,-0.00018,-6e-05,-0,5e-05,-0.01143,-0.00073,0.00013,0.00035,-3e-05,-3e-05,0.0002,-0.00896,-0.0017,0.00065,-1e-05,0,2e-05,0.00013,0.0015,5e-05,0.00013,-3e-05,0,0,-0.0037,0.00638,-9e-05,-0.00088,-0.0003,8e-05,0.00011
1.32,0.0019,-0.00031,0.00017,-0.00017,-6e-05,-0,7e-05,-0.01063,-0.00085,8e-05,0.00051,-3e-05,-1e-05,0.00032,-0.0079,-0.00159,0.00062,-2e-05,0,1e-05,8e-05,0.00108,0.00022,0.00021,-3e-05,1e-05,0,-0.00404,0.00599,-0.00013,-0.00059,-0.00028,9e-05,0.00012
1.34,0.00207,-0.00034,8e-05,-0.00017,-6e-05,-0,0.0001,-0.00972,-0.00099,6e-05,0.00067,-4e-05,1e-05,0.00037,-0.00676,-0.00149,0.00056,-2e-05,1e-05,1e-05,4e-05,0.00058,0.00042,0.0003,-4e-05,1e-05,0,-0.00434,0.00535,-0.00016,-0.00024,-0.00026,9e-05,0.00013
1.36,0.00223,-0.00036,0,-0.00017,-7e-05,-0,0.00012,-0.0086,-0.00115,6e-05,0.00079,-4e-05,3e-05,0.00035,-0.00553,-0.00138,0.00048,-2e-05,1e-05,1e-05,2e-05,-0,0.00064,0.00037,-4e-05,1e-05,1e-05,-0.00459,0.00452,-0.00016,0.00017,-0.00023,0.0001,0.00013
1.38,0.00238,-0.00037,-4e-05,-0.00016,-8e-05,-0,0.00013,-0.00728,-0.00128,8e-05,0.00084,-4e-05,5e-05,0.00031,-0.00424,-0.00127,0.00038,-2e-05,1e-05,0,0,-0.00064,0.00086,0.00041,-4e-05,2e-05,1e-05,-0.00476,0.00358,-0.00015,0.0006,-0.00019,0.00011,0.00014
1.4,0.00252,-0.00039,-6e-05,-0.00015,-9e-05,-0,0.00014,-0.00594,-0.0014,0.00012,0.00082,-4e-05,6e-05,0.00025,-0.00309,-0.00116,0.00025,-3e-05,1e-05,0,-0,-0.00129,0.00107,0.00046,-4e-05,2e-05,1e-05,-0.00482,0.00264,-0.00013,0.00103,-0.00016,0.00012,0.00016
1.42,0.00262,-0.0004,-6e-05,-0.00014,-0.0001,-0,0.00014,-0.00475,-0.00149,0.00016,0.00071,-4e-05,6e-05,0.00018,-0.00225,-0.00106,0.00012,-3e-05,2e-05,0,0,-0.00187,0.00126,0.00056,-4e-05,2e-05,1e-05,-0.00473,0.0018,-0.00012,0.00142,-0.00012,0.00012,0.00017
1.44,0.00267,-0.00043,-6e-05,-0.00013,-0.00012,-0,0.00014,-0.00364,-0.00154,0.00019,0.00055,-3e-05,5e-05,0.00013,-0.00157,-0.00096,0,-3e-05,2e-05,-0,1e-05,-0.00229,0.00137,0.0007,-3e-05,2e-05,1e-05,-0.00446,0.00105,-0.00012,0.00176,-8e-05,0.00013,0.00018
1.46,0.00267,-0.00046,-4e-05,-0.00012,-0.00014,-0,0.00013,-0.00259,-0.00152,0.00021,0.00037,-2e-05,4e-05,8e-05,-0.00096,-0.00084,-0.0001,-3e-05,2e-05,-0,2e-05,-0.00252,0.00135,0.00082,-2e-05,1e-05,1e-05,-0.00399,0.00037,-0.00011,0.00203,-5e-05,0.00013,0.00018
1.48,0.00261,-0.00051,-2e-05,-0.0001,-0.00016,-0,0.00012,-0.00167,-0.00143,0.00022,0.00018,-1e-05,2e-05,3e-05,-0.00046,-0.00069,-0.00019,-3e-05,3e-05,0,2e-05,-0.00255,0.00122,0.00093,-1e-05,1e-05,0,-0.00335,-0.00021,-0.0001,0.00223,-1e-05,0.00014,0.00019
1.5,0.00246,-0.00058,0,-9e-05,-0.00019,-0,0.00011,-0.00095,-0.00132,0.00021,1e-05,-0,-0,-3e-05,-0.00016,-0.00056,-0.00026,-3e-05,3e-05,0,1e-05,-0.00241,0.00099,0.00099,1e-05,0,0,-0.00252,-0.00071,-8e-05,0.00236,3e-05,0.00014,0.0002
1.52,0.0022,-0.00065,2e-05,-6e-05,-0.00021,-0,8e-05,-0.00044,-0.00122,0.0002,-0.00011,-0,-2e-05,-9e-05,1e-05,-0.00046,-0.00033,-3e-05,3e-05,1e-05,-1e-05,-0.00217,0.0007,0.00099,2e-05,-1e-05,-0,-0.00152,-0.00119,-7e-05,0.00241,7e-05,0.00015,0.00021
1.54,0.00188,-0.00074,3e-05,-4e-05,-0.00024,-0,6e-05,-5e-05,-0.00112,0.00018,-0.00014,0,-3e-05,-0.00014,0.0001,-0.00036,-0.00039,-2e-05,4e-05,1e-05,-3e-05,-0.00187,0.00041,0.00091,3e-05,-1e-05,-1e-05,-0.00048,-0.00167,-8e-05,0.00239,0.00011,0.00016,0.00022
1.56,0.00154,-0.00083,4e-05,-1e-05,-0.00027,-0,3e-05,0.00022,-0.00099,0.00015,-0.00014,0,-3e-05,-0.00022,0.00012,-0.00026,-0.00043,-2e-05,4e-05,1e-05,-4e-05,-0.00155,0.00015,0.00079,4e-05,-2e-05,-1e-05,0.00055,-0.00216,-7e-05,0.00231,0.00016,0.00018,0.00024
1.58,0.00121,-0.00091,4e-05,1e-05,-0.0003,-0,2e-05,0.0004,-0.00084,0.00012,-0.0001,0,-3e-05,-0.00033,6e-05,-0.00016,-0.00047,-2e-05,3e-05,2e-05,-3e-05,-0.00125,-6e-05,0.0006,5e-05,-3e-05,-1e-05,0.00151,-0.00266,-6e-05,0.0022,0.00021,0.0002,0.00027
1.6,0.0009,-0.00098,4e-05,4e-05,-0.00032,-0,-0,0.00049,-0.00069,7e-05,-8e-05,0,-2e-05,-0.00046,-4e-05,-8e-05,-0.0005,-2e-05,3e-05,3e-05,2e-05,-0.001,-0.00023,0.00033,5e-05,-3e-05,-2e-05,0.00234,-0.00322,-6e-05,0.00206,0.00027,0.00022,0.00029
1.62,0.00064,-0.00102,3e-05,6e-05,-0.00035,-0,-2e-05,0.00053,-0.00054,2e-05,-9e-05,0,-2e-05,-0.00058,-0.00012,-3e-05,-0.00052,-2e-05,2e-05,4e-05,0.00013,-0.00082,-0.00034,-0,6e-05,-3e-05,-2e-05,0.00295,-0.00392,-0.0001,0.0019,0.00035,0.00024,0.00033
1.64,0.00045,-0.00102,2e-05,8e-05,-0.00036,-0,-3e-05,0.00053,-0.0004,-3e-05,-0.00011,0,-3e-05,-0.0007,-0.00019,0,-0.00051,-2e-05,2e-05,5e-05,0.00032,-0.00072,-0.00039,-0.00034,6e-05,-3e-05,-1e-05,0.00331,-0.00473,-0.00015,0.00176,0.00043,0.00027,0.00036
1.66,0.00032,-0.00097,1e-05,8e-05,-0.00037,-0,-5e-05,0.0005,-0.00029,-8e-05,-0.00012,1e-05,-3e-05,-0.00085,-0.00028,2e-05,-0.00049,-1e-05,1e-05,5e-05,0.0006,-0.00071,-0.0004,-0.00067,5e-05,-3e-05,-1e-05,0.00342,-0.00559,-0.00017,0.00164,0.00054,0.00031,0.0004
1.68,0.00024,-0.00087,-0,8e-05,-0.00037,-0,-9e-05,0.00045,-0.00019,-0.00012,-0.00015,0,-3e-05,-0.00102,-0.00035,2e-05,-0.00045,0,0,6e-05,0.00098,-0.00081,-0.00035,-0.00099,5e-05,-2e-05,-1e-05,0.00333,-0.00645,-0.00017,0.00156,0.00065,0.00033,0.00043
1.7,0.00021,-0.00072,-1e-05,7e-05,-0.00036,-0,-0.00014,0.00039,-0.00011,-0.00016,-0.00016,0,-2e-05,-0.00118,-0.00041,-0,-0.00039,4e-05,-0,6e-05,0.00147,-0.00101,-0.00026,-0.00127,5e-05,-2e-05,-1e-05,0.00303,-0.00735,-0.00019,0.00153,0.00077,0.00036,0.00045
1.72,0.00021,-0.0005,-2e-05,4e-05,-0.00032,-0,-0.00019,0.00032,-5e-05,-0.00019,-0.00012,0,-2e-05,-0.00129,-0.00044,-3e-05,-0.00032,0.0001,-0,6e-05,0.00206,-0.0013,-0.00014,-0.00151,4e-05,-1e-05,-0,0.00252,-0.00834,-0.00025,0.00152,0.00088,0.00038,0.00046
1.74,0.00023,-0.00023,-2e-05,1e-05,-0.00027,-0,-0.00024,0.00025,-1e-05,-0.00022,-8e-05,1e-05,-1e-05,-0.00135,-0.00044,-6e-05,-0.00024,0.00021,0,6e-05,0.0027,-0.00168,0,-0.00168,4e-05,-1e-05,-0,0.00196,-0.00922,-0.00037,0.00154,0.00098,0.00038,0.00046
1.76,0.00027,6e-05,-2e-05,-2e-05,-0.0002,-0,-0.00029,0.00019,1e-05,-0.00023,-5e-05,0,-0,-0.00137,-0.0004,-9e-05,-0.00016,0.00036,1e-05,5e-05,0.00334,-0.00212,0.00015,-0.00179,3e-05,-1e-05,-0,0.00145,-0.00977,-0.00054,0.00156,0.00106,0.00037,0.00044
1.78,0.0003,0.00035,-1e-05,-6e-05,-0.00012,-0,-0.00035,0.00014,3e-05,-0.00024,-1e-05,0,0,-0.00133,-0.00034,-0.00011,-9e-05,0.00053,3e-05,3e-05,0.00388,-0.00259,0.00029,-0.0018,3e-05,-0,-0,0.00103,-0.0099,-0.00078,0.00153,0.00111,0.00035,0.00041
1.8,0.00035,0.00063,-0,-9e-05,-4e-05,-0,-0.0004,0.0001,3e-05,-0.00023,3e-05,0,0,-0.00124,-0.00027,-0.00012,-4e-05,0.00072,4e-05,2e-05,0.00429,-0.00304,0.00038,-0.00176,3e-05,-0,0,0.0007,-0.00958,-0.00103,0.00141,0.00111,0.00031,0.00035
1.82,0.00045,0.00086,1e-05,-0.00012,5e-05,-0,-0.00043,7e-05,3e-05,-0.00021,0.00013,-0,2e-05,-0.00111,-0.0002,-0.00011,-2e-05,0.00098,7e-05,-0,0.00456,-0.00336,0.00043,-0.00168,3e-05,0,0,0.00043,-0.00881,-0.00125,0.00119,0.00106,0.00027,0.00029
1.84,0.00058,0.00101,2e-05,-0.00014,0.00013,-0,-0.00044,4e-05,2e-05,-0.00017,0.00027,-0,3e-05,-0.00094,-0.00014,-0.0001,1e-05,0.00119,9e-05,-2e-05,0.00464,-0.00355,0.00042,-0.00156,3e-05,1e-05,0,0.00019,-0.00754,-0.00137,0.0009,0.00095,0.00021,0.00022
1.86,0.00073,0.00109,2e-05,-0.00015,0.0002,-0,-0.00043,2e-05,2e-05,-0.00014,0.00039,0,5e-05,-0.00074,-8e-05,-7e-05,3e-05,0.00125,9e-05,-3e-05,0.00446,-0.00366,0.00037,-0.00138,3e-05,1e-05,0,-1e-05,-0.00588,-0.00134,0.00059,0.00081,0.00016,0.00016
1.88,0.00091,0.00109,2e-05,-0.00014,0.00025,-0,-0.0004,-1e-05,1e-05,-0.0001,0.00049,0,6e-05,-0.00053,-3e-05,-4e-05,5e-05,0.0012,9e-05,-3e-05,0.0041,-0.00366,0.00029,-0.00118,3e-05,1e-05,0,-0.00018,-0.00408,-0.00117,0.00033,0.00064,0.00011,0.0001
1.9,0.00109,0.001,2e-05,-0.00013,0.00028,-0,-0.00036,-3e-05,0,-7e-05,0.00053,0,7e-05,-0.00034,1e-05,-0,9e-05,0.001,8e-05,-4e-05,0.00357,-0.00356,0.0002,-0.00095,2e-05,1e-05,0,-0.00032,-0.00239,-0.00088,0.00015,0.00047,7e-05,6e-05
1.92,0.00125,0.0008,1e-05,-0.00011,0.0003,-0,-0.00032,-5e-05,-0,-5e-05,0.00049,0,7e-05,-0.00018,3e-05,3e-05,0.00014,0.00066,6e-05,-4e-05,0.00286,-0.00335,0.00011,-0.00071,2e-05,1e-05,0,-0.00041,-0.00105,-0.00052,5e-05,0.00031,4e-05,3e-05
1.94,0.00141,0.00054,-0,-9e-05,0.00029,-0,-0.00027,-8e-05,-1e-05,-4e-05,0.00041,-0,7e-05,-4e-05,5e-05,7e-05,0.0002,0.00036,4e-05,-4e-05,0.00213,-0.00302,3e-05,-0.00048,2e-05,1e-05,0,-0.0003,-0.00023,-0.00017,1e-05,0.00017,2e-05,1e-05
1.96,0.00156,0.00023,-1e-05,-7e-05,0.00027,-0,-0.00023,-0.0001,-1e-05,-4e-05,0.00032,-0,6e-05,8e-05,5e-05,0.0001,0.00026,0.00015,3e-05,-4e-05,0.00145,-0.00261,-3e-05,-0.00027,1e-05,1e-05,0,3e-05,1e-05,0.00013,-0,6e-05,1e-05,0
1.98,0.00171,-0.0001,-3e-05,-6e-05,0.00024,-0,-0.00018,-0.00012,-1e-05,-3e-05,0.00023,-1e-05,5e-05,0.00017,3e-05,0.00012,0.00032,2e-05,1e-05,-4e-05,0.00083,-0.00215,-6e-05,-8e-05,1e-05,1e-05,0,0.00053,-0.00025,0.00035,-1e-05,-3e-05,0,0
2,0.00185,-0.00045,-4e-05,-4e-05,0.0002,-0,-0.00013,-0.00014,-1e-05,-3e-05,0.00014,-1e-05,5e-05,0.00022,-0,0.00013,0.00037,-6e-05,1e-05,-3e-05,0.00026,-0.00168,-7e-05,7e-05,1e-05,1e-05,0,0.00096,-0.00077,0.00038,-2e-05,-6e-05,0,-0
2.02,0.00197,-0.00081,-4e-05,-3e-05,0.00015,-0,-0.0001,-0.00015,-1e-05,-3e-05,6e-05,-1e-05,4e-05,0.00025,-4e-05,0.00013,0.0004,-0.0001,0,-3e-05,-0.00023,-0.00123,-7e-05,0.00019,0,1e-05,0,0.00126,-0.00125,0.00029,-5e-05,-5e-05,0,0
2.04,0.00207,-0.00115,-4e-05,-2e-05,9e-05,-0,-8e-05,-0.00015,-1e-05,-3e-05,1e-05,-1e-05,3e-05,0.00026,-9e-05,0.00012,0.00042,-0.00012,0,-3e-05,-0.0006,-0.00084,-5e-05,0.00027,-0,1e-05,0,0.00155,-0.00173,0.00018,-8e-05,-5e-05,0,0
2.06,0.00215,-0.00147,-3e-05,-1e-05,4e-05,-0,-6e-05,-0.00015,-2e-05,-3e-05,-3e-05,-1e-05,2e-05,0.00023,-0.00016,9e-05,0.00043,-0.00013,0,-3e-05,-0.00088,-0.00052,-2e-05,0.00031,-1e-05,1e-05,0,0.00181,-0.00221,2e-05,-0.00012,-5e-05,0,0
2.08,0.00223,-0.00175,-2e-05,-1e-05,-2e-05,0,-4e-05,-0.00013,-2e-05,-4e-05,-6e-05,-1e-05,2e-05,0.00016,-0.00022,4e-05,0.00044,-0.00012,0,-3e-05,-0.00105,-0.00028,1e-05,0.00032,-1e-05,1e-05,0,0.00203,-0.00266,-0.00021,-0.00017,-5e-05,0,0
2.1,0.00228,-0.00201,0,-0,-7e-05,0,-3e-05,-0.0001,-2e-05,-5e-05,-7e-05,-0,1e-05,6e-05,-0.00029,-0,0.00042,-0.00011,0,-2e-05,-0.00115,-0.00013,5e-05,0.0003,-1e-05,1e-05,0,0.00216,-0.00306,-0.00052,-0.00021,-5e-05,0,0
2.12,0.0023,-0.00226,2e-05,-0,-0.00012,0,-1e-05,-7e-05,-2e-05,-4e-05,-8e-05,-0,1e-05,-4e-05,-0.00034,-4e-05,0.00038,-0.0001,0,-2e-05,-0.00115,-5e-05,7e-05,0.00025,-1e-05,1e-05,0,0.00212,-0.00337,-0.00083,-0.00024,-4e-05,0,0
2.14,0.00229,-0.00248,3e-05,-0,-0.00016,0,-0,-3e-05,-2e-05,-3e-05,-9e-05,-0,1e-05,-0.00013,-0.00038,-6e-05,0.00032,-0.0001,0,-2e-05,-0.00109,-1e-05,8e-05,0.0002,-1e-05,0,0,0.00196,-0.0036,-0.00109,-0.00024,-4e-05,-0,0
2.16,0.00224,-0.00263,5e-05,-0,-0.0002,0,1e-05,0,-2e-05,-2e-05,-0.0001,-0,1e-05,-0.00023,-0.0004,-8e-05,0.00026,-9e-05,0,-2e-05,-0.00099,2e-05,8e-05,0.00015,-2e-05,0,0,0.00174,-0.00373,-0.00132,-0.00024,-3e-05,0,0
2.18,0.00215,-0.00272,7e-05,-1e-05,-0.00023,0,3e-05,4e-05,-2e-05,-1e-05,-0.00011,-0,1e-05,-0.00032,-0.00039,-7e-05,0.00019,-8e-05,0,-2e-05,-0.00086,4e-05,7e-05,0.0001,-2e-05,0,0,0.00144,-0.00372,-0.00145,-0.00022,-3e-05,0,0
2.2,0.00202,-0.00272,9e-05,-1e-05,-0.00026,0,5e-05,7e-05,-2e-05,0,-0.00011,-0,1e-05,-0.00037,-0.00036,-6e-05,0.00012,-6e-05,0,-1e-05,-0.00073,5e-05,6e-05,6e-05,-2e-05,0,0,0.00107,-0.00356,-0.0015,-0.0002,-2e-05,0,0
2.22,0.00187,-0.00262,0.0001,-2e-05,-0.00028,0,7e-05,0.0001,-1e-05,-0,-0.00012,-0,2e-05,-0.00038,-0.00032,-4e-05,5e-05,-4e-05,0,-1e-05,-0.00063,8e-05,5e-05,2e-05,-2e-05,0,0,0.00064,-0.00325,-0.00148,-0.00016,-1e-05,0,0
2.24,0.00168,-0.00244,0.00011,-2e-05,-0.00029,0,9e-05,0.00012,-1e-05,-0,-0.00012,0,2e-05,-0.00035,-0.00027,-3e-05,-2e-05,-2e-05,0,-1e-05,-0.00054,0.00012,4e-05,-0,-2e-05,0,0,0.00019,-0.00279,-0.00139,-0.00012,-0,0,0
2.26,0.00147,-0.0022,0.00011,-3e-05,-0.0003,0,0.00011,0.00013,-1e-05,-0,-0.00013,0,3e-05,-0.0003,-0.00019,-1e-05,-9e-05,1e-05,0,-0,-0.00047,0.00015,3e-05,-3e-05,-2e-05,0,0,-0.00028,-0.0022,-0.00123,-6e-05,1e-05,1e-05,0
2.28,0.00124,-0.00191,9e-05,-4e-05,-0.00029,0,0.00012,0.00014,-0,-0,-0.00013,0,3e-05,-0.00023,-0.00011,-0,-0.00014,4e-05,0,-0,-0.0004,0.00017,4e-05,-4e-05,-2e-05,0,0,-0.00081,-0.00152,-0.00103,0,1e-05,1e-05,-0
2.3,0.00103,-0.00157,6e-05,-4e-05,-0.00028,0,0.00013,0.00014,-0,-0,-0.00013,1e-05,4e-05,-0.00016,-4e-05,0,-0.00019,8e-05,0,0,-0.00035,0.00017,3e-05,-5e-05,-2e-05,0,0,-0.00137,-0.00084,-0.00084,6e-05,2e-05,1e-05,-0
2.32,0.00087,-0.0012,3e-05,-4e-05,-0.00026,0,0.00012,0.00013,-0,0,-0.00011,1e-05,4e-05,-0.00012,3e-05,-0,-0.00023,0.00011,0,0,-0.0003,0.00016,1e-05,-6e-05,-2e-05,0,0,-0.0019,-0.00019,-0.00071,0.00011,2e-05,1e-05,0
2.34,0.00073,-0.00083,1e-05,-4e-05,-0.00022,0,0.00011,0.00013,0,0,-9e-05,1e-05,4e-05,-0.0001,9e-05,-0,-0.00026,0.00015,0,1e-05,-0.00026,0.00014,-0,-7e-05,-2e-05,1e-05,0,-0.00243,0.00048,-0.0006,0.00014,3e-05,2e-05,0
2.36,0.00061,-0.00048,-1e-05,-3e-05,-0.00019,0,0.0001,0.00012,1e-05,0,-7e-05,1e-05,4e-05,-6e-05,0.00014,-1e-05,-0.00027,0.00018,0,1e-05,-0.00023,0.00012,-0,-7e-05,-2e-05,1e-05,0,-0.003,0.00113,-0.00049,0.00014,3e-05,2e-05,0
2.38,0.00049,-0.00014,-2e-05,-1e-05,-0.00014,0,8e-05,0.00011,1e-05,0,-5e-05,1e-05,4e-05,-3e-05,0.00017,-1e-05,-0.00027,0.0002,0,1e-05,-0.0002,0.0001,-0,-8e-05,-2e-05,1e-05,0,-0.00356,0.00169,-0.00041,0.0001,3e-05,2e-05,1e-05
2.4,0.00037,0.00016,-1e-05,1e-05,-0.0001,0,6e-05,0.0001,2e-05,1e-05,-4e-05,1e-05,4e-05,-1e-05,0.00018,-1e-05,-0.00026,0.0002,0,2e-05,-0.00018,8e-05,0,-7e-05,-2e-05,1e-05,0,-0.00407,0.00216,-0.00034,4e-05,3e-05,3e-05,1e-05
2.42,0.00023,0.00043,0,2e-05,-5e-05,0,4e-05,9e-05,4e-05,1e-05,-4e-05,1e-05,4e-05,-0,0.00019,-0,-0.00025,0.00019,0,2e-05,-0.00016,6e-05,-0,-7e-05,-2e-05,1e-05,0,-0.00445,0.00258,-0.00028,-3e-05,3e-05,2e-05,1e-05
2.44,7e-05,0.00065,3e-05,3e-05,-1e-05,0,3e-05,8e-05,6e-05,2e-05,-4e-05,1e-05,3e-05,0,0.00018,0,-0.00023,0.00017,0,2e-05,-0.00015,5e-05,-0,-6e-05,-2e-05,1e-05,0,-0.00466,0.00288,-0.00022,-8e-05,2e-05,2e-05,0
2.46,-0.00011,0.00082,5e-05,4e-05,3e-05,0,2e-05,6e-05,8e-05,3e-05,-3e-05,0,3e-05,-1e-05,0.00016,0,-0.0002,0.00015,-0,2e-05,-0.00013,4e-05,-1e-05,-4e-05,-2e-05,1e-05,0,-0.00467,0.003,-0.00017,-0.00012,1e-05,2e-05,0
2.48,-0.0003,0.00095,7e-05,4e-05,5e-05,0,2e-05,5e-05,0.00011,5e-05,-3e-05,0,2e-05,-2e-05,0.00014,1e-05,-0.00017,0.00013,-0,2e-05,-0.00011,4e-05,-1e-05,-2e-05,-2e-05,1e-05,0,-0.00448,0.00299,-0.00011,-0.00013,0,2e-05,0
2.5,-0.0005,0.00104,8e-05,4e-05,7e-05,0,2e-05,3e-05,0.00014,8e-05,-3e-05,0,1e-05,-4e-05,0.00012,1e-05,-0.00014,0.00011,-0,2e-05,-9e-05,3e-05,-1e-05,-0,-2e-05,1e-05,0,-0.00414,0.00285,-6e-05,-0.00012,-1e-05,2e-05,0
2.52,-0.00069,0.00108,7e-05,3e-05,9e-05,0,2e-05,0,0.00017,0.00013,-3e-05,-0,1e-05,-7e-05,9e-05,1e-05,-0.0001,9e-05,-0,2e-05,-8e-05,4e-05,-1e-05,2e-05,-2e-05,1e-05,0,-0.0037,0.00261,-3e-05,-0.0001,-1e-05,1e-05,0
2.54,-0.00086,0.00108,5e-05,2e-05,9e-05,0,1e-05,-3e-05,0.00021,0.00022,-2e-05,-0,0,-9e-05,6e-05,1e-05,-7e-05,7e-05,-0,1e-05,-7e-05,4e-05,-1e-05,4e-05,-1e-05,1e-05,0,-0.0032,0.00232,0,-7e-05,-2e-05,1e-05,0
2.56,-0.00097,0.00104,0,1e-05,0.0001,0,-0,-8e-05,0.00026,0.00036,-2e-05,0,-1e-05,-0.00011,4e-05,1e-05,-3e-05,6e-05,-0,1e-05,-6e-05,4e-05,-0,5e-05,-1e-05,0,0,-0.00265,0.00205,2e-05,-3e-05,-2e-05,1e-05,0
2.58,-0.00104,0.00097,-5e-05,0,0.0001,0,-3e-05,-0.00015,0.00032,0.00056,-1e-05,0,-1e-05,-0.00012,3e-05,1e-05,1e-05,5e-05,-0,1e-05,-5e-05,5e-05,1e-05,7e-05,-1e-05,0,0,-0.0021,0.00181,3e-05,0,-2e-05,1e-05,0
2.6,-0.00104,0.00089,-0.00012,-1e-05,0.0001,0,-8e-05,-0.00024,0.0004,0.00085,-1e-05,1e-05,-2e-05,-0.00013,4e-05,0,5e-05,4e-05,-0,1e-05,-4e-05,5e-05,2e-05,9e-05,-1e-05,0,0,-0.00163,0.00158,4e-05,2e-05,-2e-05,1e-05,0
2.62,-0.00101,0.00079,-0.00019,-3e-05,9e-05,0,-0.00013,-0.00036,0.00048,0.00128,0,1e-05,-3e-05,-0.00014,4e-05,1e-05,8e-05,3e-05,-0,1e-05,-3e-05,7e-05,3e-05,0.0001,-1e-05,0,0,-0.00127,0.00132,4e-05,3e-05,-2e-05,1e-05,0
2.64,-0.00095,0.0007,-0.00024,-5e-05,9e-05,0,-0.00019,-0.00049,0.00059,0.00186,1e-05,2e-05,-3e-05,-0.00013,6e-05,1e-05,0.0001,2e-05,-0,0,-2e-05,9e-05,4e-05,0.0001,-1e-05,0,0,-0.00101,0.00107,4e-05,3e-05,-1e-05,0,0
2.66,-0.00087,0.00063,-0.00028,-7e-05,9e-05,0,-0.00024,-0.00065,0.00071,0.00258,2e-05,3e-05,-2e-05,-0.00011,7e-05,1e-05,0.00011,1e-05,-0,0,-1e-05,0.00011,5e-05,0.00011,-1e-05,0,0,-0.00085,0.00083,3e-05,2e-05,-1e-05,0,0
2.68,-0.00079,0.00059,-0.0003,-9e-05,9e-05,0,-0.00026,-0.00081,0.00084,0.00342,3e-05,5e-05,-2e-05,-9e-05,8e-05,1e-05,0.00012,-1e-05,-0,-1e-05,1e-05,0.00014,6e-05,0.00011,-0,0,0,-0.00078,0.00057,2e-05,1e-05,-0,0,0
2.7,-0.0007,0.00059,-0.00029,-0.00011,9e-05,0,-0.00024,-0.00097,0.001,0.00443,4e-05,5e-05,-1e-05,-6e-05,9e-05,1e-05,0.00012,-2e-05,-0,-1e-05,3e-05,0.00018,6e-05,0.0001,-0,-0,-0,-0.00079,0.00029,1e-05,-0,0,0,0
2.72,-0.00062,0.00065,-0.00026,-0.00013,9e-05,0,-0.00019,-0.00107,0.00116,0.00572,5e-05,6e-05,2e-05,-3e-05,9e-05,0,0.0001,-3e-05,-0,-2e-05,7e-05,0.00025,5e-05,9e-05,-0,-0,-0,-0.00086,-4e-05,-0,-2e-05,1e-05,0,0
2.74,-0.00056,0.00075,-0.00021,-0.00015,9e-05,0,-8e-05,-0.00111,0.00131,0.00711,6e-05,5e-05,6e-05,-1e-05,7e-05,0,8e-05,-5e-05,-0,-3e-05,0.00011,0.00032,4e-05,7e-05,-0,-0,-0,-0.00094,-0.00038,0,-3e-05,2e-05,0,0
2.76,-0.00051,0.00091,-0.00014,-0.00016,9e-05,0,8e-05,-0.00107,0.00142,0.00842,5e-05,4e-05,9e-05,-0,4e-05,0,5e-05,-6e-05,-0,-3e-05,0.00016,0.00041,2e-05,4e-05,-0,-0,-0,-0.00103,-0.00074,2e-05,-4e-05,2e-05,0,0
2.78,-0.00049,0.00111,-8e-05,-0.00017,9e-05,0,0.00025,-0.00095,0.00148,0.00959,3e-05,3e-05,0.00012,0,-0,-0,1e-05,-7e-05,-0,-4e-05,0.00022,0.0005,1e-05,1e-05,-0,-0,-0,-0.0011,-0.00112,5e-05,-4e-05,2e-05,1e-05,0
2.8,-0.00049,0.00132,-1e-05,-0.00016,8e-05,0,0.00042,-0.00077,0.0015,0.01064,1e-05,2e-05,0.00013,-0,-5e-05,0,-4e-05,-8e-05,-0,-4e-05,0.00028,0.00059,0,-3e-05,-1e-05,-0,-0,-0.00112,-0.00153,0.00011,-4e-05,3e-05,1e-05,0
2.82,-0.00051,0.00152,6e-05,-0.00015,8e-05,0,0.00062,-0.00055,0.00146,0.01163,-0,2e-05,0.00013,-1e-05,-9e-05,0,-9e-05,-0.0001,-0,-4e-05,0.00032,0.0007,0,-8e-05,-1e-05,-0,-0,-0.00105,-0.00192,0.00017,-3e-05,3e-05,1e-05,0
2.84,-0.00055,0.00167,0.00011,-0.00013,7e-05,0,0.00083,-0.00033,0.00139,0.01237,-0,2e-05,0.00012,-2e-05,-0.00011,1e-05,-0.00013,-0.00011,-0,-3e-05,0.00035,0.00081,1e-05,-0.00012,-1e-05,-0,-0,-0.00092,-0.00229,0.00025,-1e-05,3e-05,1e-05,0
2.86,-0.00061,0.00177,0.00015,-0.00011,6e-05,0,0.00097,-0.00014,0.00131,0.01274,1e-05,1e-05,0.00011,-4e-05,-0.00012,1e-05,-0.00016,-0.00013,-0,-3e-05,0.00037,0.00093,3e-05,-0.00017,-1e-05,-0,-0,-0.00075,-0.00262,0.00032,1e-05,3e-05,1e-05,1e-05
2.88,-0.00069,0.00179,0.00017,-8e-05,4e-05,0,0.00101,2e-05,0.00125,0.01277,2e-05,2e-05,9e-05,-5e-05,-0.00012,1e-05,-0.00019,-0.00015,-0,-2e-05,0.00035,0.00104,5e-05,-0.00022,-1e-05,-0,-0,-0.00056,-0.0029,0.00037,3e-05,3e-05,2e-05,1e-05
2.9,-0.00078,0.00173,0.00018,-5e-05,3e-05,0,0.00101,0.00014,0.00121,0.01255,3e-05,2e-05,8e-05,-7e-05,-0.00011,1e-05,-0.0002,-0.00017,-0,-1e-05,0.00032,0.00116,8e-05,-0.00026,-1e-05,-0,-0,-0.00037,-0.00307,0.00039,6e-05,3e-05,2e-05,1e-05
2.92,-0.00087,0.00158,0.00018,-2e-05,1e-05,0,0.00108,0.00022,0.00121,0.01212,3e-05,2e-05,6e-05,-9e-05,-0.0001,-0,-0.00021,-0.00018,-0,-1e-05,0.00026,0.00129,0.00012,-0.00029,-1e-05,-0,-0,-0.00018,-0.00311,0.00039,8e-05,2e-05,2e-05,1e-05
2.94,-0.00095,0.00135,0.00017,0,-1e-05,0,0.00118,0.00028,0.00123,0.01147,2e-05,3e-05,5e-05,-0.00011,-9e-05,-1e-05,-0.0002,-0.00019,-1e-05,0,0.00018,0.00141,0.00016,-0.00031,-1e-05,-0,-0,-1e-05,-0.00301,0.00035,0.00011,2e-05,2e-05,1e-05
2.96,-0.00102,0.00109,0.00017,2e-05,-2e-05,0,0.00124,0.00033,0.00125,0.01064,2e-05,4e-05,4e-05,-0.00012,-7e-05,-3e-05,-0.00019,-0.00019,-1e-05,1e-05,9e-05,0.0015,0.00021,-0.00031,-1e-05,-0,-0,0.00012,-0.00282,0.00027,0.00014,2e-05,2e-05,1e-05
2.98,-0.00109,0.0008,0.00017,3e-05,-2e-05,0,0.00131,0.00037,0.00125,0.00973,2e-05,5e-05,3e-05,-0.00013,-6e-05,-4e-05,-0.00017,-0.00019,-1e-05,1e-05,1e-05,0.00157,0.00026,-0.0003,-1e-05,-0,-0,0.00022,-0.00254,0.00019,0.00017,2e-05,1e-05,1e-05
3,-0.00111,0.0005,0.00017,4e-05,-2e-05,-0,0.00146,0.0004,0.00121,0.00877,2e-05,5e-05,2e-05,-0.00014,-4e-05,-5e-05,-0.00015,-0.00018,-1e-05,2e-05,-6e-05,0.00161,0.00032,-0.00028,-1e-05,-0,-0,0.00028,-0.00222,0.0001,0.00019,3e-05,1e-05,1e-05
3.02,-0.00106,0.00022,0.00016,4e-05,-0,-0,0.00174,0.00046,0.00109,0.00776,2e-05,5e-05,2e-05,-0.00014,-3e-05,-6e-05,-0.00013,-0.00016,-1e-05,2e-05,-0.0001,0.00164,0.00038,-0.00023,-2e-05,-0,-0,0.00032,-0.00192,4e-05,0.0002,3e-05,1e-05,0
3.04,-0.00096,-3e-05,0.00015,4e-05,2e-05,-0,0.00206,0.00051,0.00095,0.00677,2e-05,5e-05,2e-05,-0.00013,-1e-05,-6e-05,-0.00011,-0.00014,-1e-05,2e-05,-0.0001,0.00167,0.00044,-0.00017,-2e-05,-0,-0,0.00034,-0.00165,0,0.00021,3e-05,1e-05,0
3.06,-0.00081,-0.00026,0.00012,3e-05,4e-05,-0,0.00237,0.00056,0.0008,0.00587,2e-05,4e-05,1e-05,-0.00013,-0,-6e-05,-8e-05,-0.00013,-1e-05,2e-05,-9e-05,0.00171,0.00047,-0.0001,-2e-05,-0,-0,0.00037,-0.00139,-1e-05,0.00021,3e-05,1e-05,0
3.08,-0.00062,-0.00045,8e-05,2e-05,7e-05,-0,0.00265,0.00062,0.00066,0.00506,3e-05,3e-05,1e-05,-0.00011,-0,-6e-05,-6e-05,-0.00011,-0,2e-05,-5e-05,0.00176,0.00048,-1e-05,-2e-05,-0,-0,0.00041,-0.00116,-1e-05,0.0002,3e-05,1e-05,0
3.1,-0.00039,-0.00061,3e-05,-0,0.0001,-0,0.00283,0.00066,0.00054,0.00434,2e-05,2e-05,1e-05,-0.0001,-1e-05,-6e-05,-4e-05,-9e-05,-0,2e-05,-1e-05,0.00179,0.00045,7e-05,-2e-05,-0,0,0.00045,-0.00093,-0,0.00018,2e-05,0,0
3.12,-0.00012,-0.00074,-3e-05,-2e-05,0.00013,-0,0.00287,0.00067,0.00044,0.00365,2e-05,1e-05,1e-05,-8e-05,-2e-05,-6e-05,-3e-05,-7e-05,-0,2e-05,3e-05,0.0018,0.00038,0.00015,-3e-05,-0,0,0.0005,-0.00068,-0,0.00016,2e-05,0,0
3.14,0.00015,-0.00083,-8e-05,-4e-05,0.00016,-0,0.00281,0.00068,0.00036,0.00301,1e-05,0,0,-6e-05,-4e-05,-6e-05,-1e-05,-4e-05,-0,1e-05,7e-05,0.00177,0.00029,0.0002,-3e-05,0,0,0.00053,-0.00045,0,0.00013,2e-05,0,0
3.16,0.00041,-0.00088,-0.00011,-6e-05,0.00018,-0,0.00271,0.00069,0.0003,0.00245,1e-05,-0,0,-5e-05,-6e-05,-5e-05,0,-1e-05,-0,1e-05,0.00013,0.0017,0.00019,0.00023,-3e-05,0,0,0.00056,-0.00025,2e-05,0.0001,2e-05,0,-0
3.18,0.00067,-0.00088,-0.00013,-8e-05,0.0002,-0,0.00256,0.0007,0.00025,0.00195,1e-05,0,0,-3e-05,-9e-05,-5e-05,2e-05,4e-05,-0,1e-05,0.00021,0.00156,7e-05,0.00021,-3e-05,0,0,0.00058,-8e-05,4e-05,6e-05,2e-05,-0,-0
3.2,0.00092,-0.00085,-0.00012,-0.0001,0.00021,-0,0.00235,0.00072,0.00022,0.00149,1e-05,0,0,-2e-05,-0.00012,-4e-05,3e-05,8e-05,0,0,0.00032,0.00136,-5e-05,0.00016,-2e-05,-0,0,0.00058,2e-05,7e-05,1e-05,2e-05,-0,-0
3.22,0.00112,-0.00077,-0.0001,-0.00011,0.00022,-0,0.00208,0.00074,0.0002,0.00105,1e-05,1e-05,0,-1e-05,-0.00014,-3e-05,4e-05,0.00012,0,-0,0.00047,0.00108,-0.00017,0.0001,-2e-05,-0,0,0.00059,4e-05,0.0001,-3e-05,3e-05,-0,-0
3.24,0.00128,-0.00065,-6e-05,-0.00013,0.00022,-0,0.00181,0.00077,0.00019,0.00066,0,1e-05,1e-05,0,-0.00016,-3e-05,5e-05,0.00016,1e-05,-0,0.00066,0.00076,-0.00026,4e-05,-2e-05,-0,-0,0.00059,4e-05,0.00013,-7e-05,3e-05,-0,-0
3.26,0.00142,-0.00051,-0,-0.00014,0.00023,-0,0.00155,0.00079,0.00018,0.00031,0,1e-05,1e-05,1e-05,-0.00017,-2e-05,5e-05,0.00018,1e-05,-0,0.00086,0.00041,-0.00034,-3e-05,-1e-05,-0,-0,0.00059,2e-05,0.00015,-0.00011,3e-05,-0,-0
3.28,0.00152,-0.00036,6e-05,-0.00015,0.00023,-0,0.00132,0.00081,0.00018,0,0,1e-05,1e-05,2e-05,-0.00019,-2e-05,5e-05,0.00019,1e-05,-0,0.00108,5e-05,-0.0004,-8e-05,-1e-05,-0,-0,0.00058,-1e-05,0.00015,-0.00015,3e-05,-1e-05,-0
3.3,0.00159,-0.0002,0.00012,-0.00016,0.00023,-0,0.0011,0.00083,0.00018,-0.00027,0,1e-05,1e-05,3e-05,-0.00019,-1e-05,5e-05,0.00018,1e-05,-0,0.00131,-0.00031,-0.00044,-0.00012,0,-1e-05,-0,0.00058,-3e-05,0.00014,-0.00019,3e-05,-1e-05,-0
3.32,0.0016,-7e-05,0.00017,-0.00016,0.00023,-0,0.00091,0.00084,0.00018,-0.00049,0,1e-05,1e-05,4e-05,-0.0002,-1e-05,5e-05,0.00015,0,-0,0.00154,-0.00063,-0.00046,-0.00013,1e-05,-1e-05,-0,0.00058,-4e-05,0.00011,-0.00022,3e-05,-1e-05,-0
3.34,0.00158,4e-05,0.00021,-0.00017,0.00023,-0,0.00075,0.00085,0.00018,-0.00066,0,2e-05,1e-05,5e-05,-0.00019,-0,4e-05,0.00011,0,0,0.00177,-0.00089,-0.00045,-0.00011,1e-05,-1e-05,-0,0.00057,-4e-05,8e-05,-0.00024,3e-05,-1e-05,-0
3.36,0.00154,0.00011,0.00024,-0.00016,0.00023,-0,0.00064,0.00086,0.00018,-0.00079,0,2e-05,1e-05,6e-05,-0.00019,-0,4e-05,8e-05,-0,0,0.00199,-0.00111,-0.00043,-7e-05,1e-05,-1e-05,-0,0.00057,-3e-05,6e-05,-0.00026,2e-05,-0,-0
3.38,0.00149,0.00015,0.00025,-0.00016,0.00022,-0,0.00056,0.00087,0.00018,-0.00088,0,2e-05,1e-05,6e-05,-0.00018,0,4e-05,4e-05,-0,0,0.00218,-0.00127,-0.0004,-2e-05,2e-05,-1e-05,-0,0.00056,-1e-05,4e-05,-0.00027,2e-05,-0,-0
3.4,0.00143,0.00017,0.00025,-0.00015,0.00022,-0,0.00051,0.00087,0.00017,-0.00093,0,2e-05,1e-05,7e-05,-0.00016,1e-05,3e-05,2e-05,-0,0,0.00237,-0.00138,-0.00035,2e-05,2e-05,-1e-05,-0,0.00055,2e-05,2e-05,-0.00027,2e-05,-0,-0
3.42,0.00136,0.00017,0.00024,-0.00015,0.00021,-0,0.00048,0.00087,0.00016,-0.00094,0,3e-05,1e-05,7e-05,-0.00015,1e-05,3e-05,-0,-1e-05,0,0.00258,-0.00146,-0.00029,4e-05,2e-05,-1e-05,-0,0.00056,4e-05,1e-05,-0.00026,2e-05,-0,-0
3.44,0.00129,0.00017,0.00022,-0.00014,0.00021,-0,0.00046,0.00086,0.00014,-0.00093,0,3e-05,1e-05,8e-05,-0.00013,2e-05,2e-05,-2e-05,-1e-05,0,0.0028,-0.00151,-0.00021,7e-05,1e-05,-1e-05,-0,0.00056,6e-05,-0,-0.00026,2e-05,-0,-0
3.46,0.00122,0.00018,0.0002,-0.00012,0.0002,-0,0.00045,0.00083,0.00013,-0.00088,0,3e-05,1e-05,8e-05,-0.00011,2e-05,2e-05,-3e-05,-1e-05,0,0.00297,-0.00156,-0.00013,6e-05,1e-05,-1e-05,-0,0.00056,8e-05,-1e-05,-0.00024,2e-05,-0,-0
3.48,0.00115,0.0002,0.00019,-0.00011,0.00019,-0,0.00044,0.0008,0.00011,-0.00081,1e-05,3e-05,1e-05,8e-05,-8e-05,3e-05,2e-05,-4e-05,-1e-05,0,0.0031,-0.00159,-6e-05,1e-05,1e-05,-1e-05,-0,0.00057,9e-05,-1e-05,-0.00023,1e-05,-0,-0
3.5,0.00108,0.00025,0.00017,-0.0001,0.00018,-0,0.00041,0.00075,9e-05,-0.00073,1e-05,3e-05,1e-05,8e-05,-6e-05,3e-05,1e-05,-4e-05,-0,0,0.00319,-0.00162,2e-05,-7e-05,1e-05,-1e-05,-0,0.00057,9e-05,-1e-05,-0.00021,1e-05,-0,-0
3.52,0.001,0.0003,0.00015,-9e-05,0.00016,-0,0.00037,0.00069,7e-05,-0.00062,1e-05,3e-05,1e-05,7e-05,-4e-05,3e-05,1e-05,-4e-05,-0,0,0.00326,-0.00161,8e-05,-0.00016,0,-1e-05,-0,0.00058,9e-05,-1e-05,-0.00019,1e-05,-0,-0
3.54,0.00091,0.00037,0.00014,-8e-05,0.00015,-0,0.0003,0.00061,4e-05,-0.00051,1e-05,3e-05,1e-05,7e-05,-2e-05,3e-05,0,-4e-05,-0,0,0.00325,-0.00159,0.00014,-0.00025,0,-1e-05,-0,0.00059,9e-05,-0,-0.00017,2e-05,-0,-0
3.56,0.00081,0.00046,0.00013,-6e-05,0.00013,-0,0.00021,0.00052,2e-05,-0.00038,2e-05,2e-05,1e-05,6e-05,-0,3e-05,-0,-5e-05,-0,0,0.00313,-0.00156,0.0002,-0.00034,0,-1e-05,-0,0.00061,8e-05,1e-05,-0.00016,2e-05,-0,-0
3.58,0.00071,0.00057,0.00012,-5e-05,0.00011,-0,0.0001,0.0004,-1e-05,-0.00025,2e-05,2e-05,1e-05,6e-05,2e-05,3e-05,-1e-05,-5e-05,-0,0,0.00292,-0.00151,0.00024,-0.00039,0,-1e-05,-0,0.00063,8e-05,2e-05,-0.00014,2e-05,-1e-05,-0
3.6,0.00059,0.00068,0.00012,-4e-05,0.0001,-0,-5e-05,0.00028,-4e-05,-0.00011,2e-05,1e-05,1e-05,5e-05,3e-05,2e-05,-1e-05,-5e-05,-0,0,0.00261,-0.00144,0.00028,-0.00043,0,-0,-0,0.00066,7e-05,3e-05,-0.00013,2e-05,-1e-05,-0
3.62,0.00046,0.00079,0.00012,-3e-05,8e-05,-0,-0.00021,0.00014,-7e-05,3e-05,3e-05,1e-05,1e-05,5e-05,4e-05,2e-05,-1e-05,-5e-05,-0,0,0.00223,-0.00134,0.00031,-0.00044,0,-0,-0,0.00071,6e-05,5e-05,-0.00012,2e-05,-1e-05,-0
3.64,0.00032,0.00089,0.00012,-2e-05,6e-05,-0,-0.0004,-1e-05,-0.0001,0.00017,3e-05,0,1e-05,5e-05,6e-05,2e-05,-1e-05,-5e-05,-0,0,0.00183,-0.00119,0.00033,-0.00041,0,-0,-0,0.00078,4e-05,7e-05,-0.00012,2e-05,-1e-05,-0
3.66,0.00017,0.001,0.00013,-1e-05,5e-05,-0,-0.0006,-0.00015,-0.00014,0.00031,4e-05,-0,0,6e-05,7e-05,2e-05,-1e-05,-5e-05,-0,1e-05,0.00144,-0.00101,0.00034,-0.00033,1e-05,-0,-0,0.00087,2e-05,9e-05,-0.00012,2e-05,-1e-05,-0
3.68,1e-05,0.0011,0.00015,-1e-05,4e-05,-0,-0.00082,-0.0003,-0.00017,0.00044,4e-05,-1e-05,0,7e-05,8e-05,1e-05,-0,-6e-05,-0,1e-05,0.00112,-0.00079,0.00034,-0.00022,1e-05,0,0,0.00099,-0,0.00011,-0.00014,2e-05,-1e-05,-0
3.7,-0.00016,0.00118,0.00016,-1e-05,2e-05,-0,-0.00105,-0.00045,-0.0002,0.00057,4e-05,-1e-05,-0,8e-05,8e-05,1e-05,-0,-6e-05,-0,1e-05,0.00083,-0.00053,0.00033,-0.0001,1e-05,0,0,0.00115,-4e-05,0.00013,-0.00017,3e-05,-1e-05,-0
3.72,-0.00033,0.00125,0.00018,-1e-05,2e-05,-0,-0.00128,-0.00059,-0.00022,0.0007,4e-05,-1e-05,-0,0.0001,9e-05,1e-05,0,-6e-05,-0,1e-05,0.00053,-0.00025,0.0003,2e-05,1e-05,0,0,0.00137,-9e-05,0.00014,-0.00022,3e-05,-1e-05,-0
3.74,-0.00051,0.00129,0.0002,-1e-05,1e-05,-0,-0.0015,-0.00072,-0.00025,0.00082,5e-05,-1e-05,-0,0.00012,9e-05,0,1e-05,-7e-05,-0,1e-05,0.00031,4e-05,0.00026,0.00014,1e-05,0,0,0.00165,-0.00015,0.00014,-0.00029,2e-05,-1e-05,-0
3.76,-0.00068,0.00132,0.00022,-2e-05,1e-05,-0,-0.00171,-0.00084,-0.00027,0.00093,5e-05,-1e-05,-1e-05,0.00014,9e-05,-0,2e-05,-8e-05,-0,2e-05,0.00017,0.00032,0.00019,0.00023,1e-05,0,0,0.00197,-0.00021,0.00014,-0.00038,2e-05,-1e-05,-0
3.78,-0.00081,0.00134,0.00024,-3e-05,0,-0,-0.00191,-0.00095,-0.0003,0.00103,5e-05,-1e-05,-1e-05,0.00017,9e-05,-1e-05,2e-05,-9e-05,-0,2e-05,6e-05,0.00057,0.0001,0.00029,1e-05,0,0,0.00232,-0.00028,0.00013,-0.00049,2e-05,-1e-05,-0
3.8,-0.00092,0.00132,0.00026,-4e-05,0,-0,-0.00209,-0.00105,-0.00032,0.00111,5e-05,-1e-05,-1e-05,0.0002,8e-05,-2e-05,2e-05,-9e-05,-0,2e-05,-9e-05,0.00073,1e-05,0.00032,1e-05,0,0,0.00272,-0.00035,0.00011,-0.00062,2e-05,-1e-05,-0
3.82,-0.00106,0.00127,0.00028,-6e-05,0,0,-0.00224,-0.00113,-0.00033,0.00118,5e-05,-1e-05,-1e-05,0.00024,8e-05,-2e-05,3e-05,-9e-05,-0,3e-05,-0.00022,0.00078,-6e-05,0.00033,2e-05,0,0,0.00317,-0.00039,8e-05,-0.00077,1e-05,-1e-05,-0
3.84,-0.00119,0.00118,0.0003,-7e-05,0,0,-0.00235,-0.00118,-0.00035,0.00123,5e-05,-1e-05,-0,0.00028,7e-05,-3e-05,3e-05,-8e-05,-0,3e-05,-0.00031,0.00068,-0.00011,0.00031,2e-05,1e-05,0,0.00363,-0.0004,5e-05,-0.00094,1e-05,-1e-05,-0
3.86,-0.00124,0.00106,0.00032,-8e-05,-0,0,-0.00242,-0.00121,-0.00037,0.00125,5e-05,-1e-05,-0,0.00032,5e-05,-3e-05,4e-05,-7e-05,-0,3e-05,-0.00039,0.00042,-0.00012,0.00028,2e-05,1e-05,0,0.00406,-0.00037,3e-05,-0.0011,-0,-1e-05,-0
3.88,-0.00123,0.00088,0.00033,-9e-05,-1e-05,0,-0.00243,-0.00122,-0.00038,0.00125,5e-05,-1e-05,-0,0.00036,3e-05,-3e-05,4e-05,-6e-05,0,2e-05,-0.00045,1e-05,-8e-05,0.00024,1e-05,1e-05,0,0.00445,-0.0003,1e-05,-0.00126,-1e-05,-1e-05,-0
3.9,-0.00116,0.00067,0.00034,-0.0001,-1e-05,0,-0.00239,-0.0012,-0.0004,0.00122,5e-05,-0,0,0.00041,1e-05,-3e-05,5e-05,-4e-05,0,2e-05,-0.00047,-0.0005,-1e-05,0.00019,1e-05,1e-05,0,0.00477,-0.00015,-0,-0.00137,-1e-05,-0,-0
3.92,-0.00108,0.00045,0.00034,-0.00011,-2e-05,0,-0.00228,-0.00115,-0.00041,0.00117,5e-05,-0,0,0.00045,-1e-05,-3e-05,5e-05,-2e-05,0,1e-05,-0.00038,-0.00102,9e-05,0.00014,1e-05,1e-05,0,0.00499,6e-05,0,-0.00142,-2e-05,-0,-0
3.94,-0.00097,0.00023,0.00032,-0.00012,-3e-05,0,-0.00211,-0.00106,-0.00041,0.00109,4e-05,-0,0,0.00049,-2e-05,-2e-05,6e-05,3e-05,1e-05,-0,-0.00022,-0.0015,0.00019,0.0001,1e-05,2e-05,1e-05,0.0051,0.00034,2e-05,-0.00138,-3e-05,-0,-0
3.96,-0.00084,1e-05,0.0003,-0.00012,-4e-05,0,-0.00189,-0.00095,-0.00041,0.00099,4e-05,0,-0,0.00052,-5e-05,-1e-05,7e-05,0.00011,2e-05,-1e-05,-5e-05,-0.00189,0.00029,6e-05,0,2e-05,1e-05,0.00508,0.00065,5e-05,-0.00126,-4e-05,-0,-0
3.98,-0.0007,-0.00017,0.00026,-0.00013,-5e-05,0,-0.00162,-0.00081,-0.00039,0.00087,3e-05,0,-0,0.00054,-7e-05,-0,8e-05,0.00021,3e-05,-2e-05,0.00016,-0.00216,0.00035,2e-05,-0,2e-05,1e-05,0.00496,0.00098,8e-05,-0.00104,-4e-05,-0,-0
4,-0.00054,-0.00028,0.00021,-0.00014,-6e-05,0,-0.00132,-0.00064,-0.00036,0.00073,3e-05,1e-05,-1e-05,0.00055,-9e-05,1e-05,9e-05,0.00035,4e-05,-3e-05,0.00035,-0.00229,0.00038,-2e-05,-1e-05,2e-05,1e-05,0.00469,0.00131,0.00013,-0.00073,-5e-05,-1e-05,-0
4.02,-0.00034,-0.00034,0.00016,-0.00016,-7e-05,0,-0.00102,-0.00048,-0.00032,0.00057,2e-05,1e-05,-2e-05,0.00056,-0.0001,1e-05,0.0001,0.00055,6e-05,-3e-05,0.00046,-0.00225,0.00037,-5e-05,-1e-05,2e-05,1e-05,0.00428,0.00165,0.00019,-0.00034,-5e-05,-1e-05,-0
4.04,-0.00015,-0.00035,0.00011,-0.00017,-7e-05,0,-0.00071,-0.0003,-0.00027,0.00041,1e-05,2e-05,-2e-05,0.00055,-0.00012,1e-05,0.0001,0.00078,8e-05,-3e-05,0.00055,-0.00209,0.00033,-8e-05,-2e-05,2e-05,1e-05,0.00377,0.00197,0.00024,0.00011,-6e-05,-1e-05,-0
4.06,2e-05,-0.00035,7e-05,-0.00019,-8e-05,0,-0.00041,-0.00011,-0.0002,0.00025,0,3e-05,-3e-05,0.00051,-0.00014,1e-05,0.0001,0.00098,0.0001,-3e-05,0.00068,-0.00186,0.00026,-0.0001,-2e-05,2e-05,1e-05,0.00319,0.00225,0.00028,0.00059,-7e-05,-1e-05,-0
4.08,0.00019,-0.00035,3e-05,-0.00021,-0.0001,0,-0.00012,7e-05,-0.00011,9e-05,-0,4e-05,-3e-05,0.00046,-0.00016,1e-05,0.00011,0.00114,0.00012,-2e-05,0.00085,-0.00158,0.00018,-0.00012,-2e-05,2e-05,1e-05,0.00255,0.00248,0.0003,0.00105,-7e-05,-1e-05,-0
4.1,0.00037,-0.00034,1e-05,-0.00023,-0.00012,0,0.00015,0.00025,-2e-05,-6e-05,-1e-05,6e-05,-3e-05,0.00039,-0.00017,1e-05,0.00011,0.00125,0.00013,-2e-05,0.00105,-0.00131,0.00012,-0.00015,-2e-05,2e-05,1e-05,0.00185,0.00265,0.00031,0.00147,-8e-05,-1e-05,-0
4.12,0.00052,-0.00035,-0,-0.00025,-0.00014,0,0.00038,0.00043,8e-05,-0.0002,-1e-05,7e-05,-3e-05,0.0003,-0.00018,1e-05,0.00011,0.00129,0.00015,-1e-05,0.00124,-0.00107,6e-05,-0.00017,-1e-05,2e-05,1e-05,0.00108,0.00272,0.00031,0.00191,-8e-05,-1e-05,-0
4.14,0.00063,-0.00036,-0,-0.00025,-0.00016,0,0.00057,0.0006,0.00018,-0.00032,-1e-05,8e-05,-2e-05,0.00021,-0.00018,0,0.00011,0.00126,0.00017,-0,0.00141,-0.00086,2e-05,-0.00019,-1e-05,1e-05,1e-05,0.00032,0.00268,0.00029,0.0023,-8e-05,-1e-05,-0
4.16,0.00073,-0.00037,1e-05,-0.00024,-0.00018,0,0.00072,0.00075,0.00027,-0.00042,-1e-05,8e-05,-2e-05,0.00012,-0.00018,-0,0.00011,0.00117,0.00017,0,0.00158,-0.00065,0,-0.00021,-0,1e-05,0,-0.00039,0.00254,0.00025,0.00257,-8e-05,-1e-05,-0
4.18,0.00083,-0.00038,3e-05,-0.00023,-0.00021,0,0.00082,0.00089,0.00035,-0.0005,-1e-05,8e-05,-1e-05,4e-05,-0.00017,-1e-05,0.00012,0.00104,0.00016,1e-05,0.00172,-0.00047,0,-0.00023,0,1e-05,0,-0.00103,0.00231,0.00019,0.00269,-8e-05,-1e-05,-0
4.2,0.00089,-0.00038,5e-05,-0.0002,-0.00023,0,0.00087,0.00099,0.00042,-0.00055,-1e-05,7e-05,-1e-05,-4e-05,-0.00015,-2e-05,0.00012,0.00088,0.00015,1e-05,0.0018,-0.00031,1e-05,-0.00026,1e-05,0,0,-0.00155,0.002,0.00013,0.00269,-8e-05,-1e-05,-0
4.22,0.00088,-0.00036,7e-05,-0.00016,-0.00024,0,0.00088,0.00108,0.00047,-0.00057,-1e-05,5e-05,-1e-05,-0.0001,-0.00014,-3e-05,0.00012,0.00067,0.00012,1e-05,0.00182,-0.00018,1e-05,-0.00028,2e-05,-0,-0,-0.00183,0.00163,8e-05,0.00262,-7e-05,-0,-0
4.24,0.00084,-0.00032,8e-05,-0.00012,-0.00025,0,0.00084,0.00112,0.0005,-0.00057,-1e-05,4e-05,-0,-0.00014,-0.00012,-5e-05,0.00013,0.00048,9e-05,1e-05,0.00181,-7e-05,2e-05,-0.0003,3e-05,-0,-0,-0.0019,0.00124,4e-05,0.00244,-6e-05,-0,-0
4.26,0.00081,-0.00027,9e-05,-8e-05,-0.00024,0,0.00077,0.00112,0.0005,-0.00054,-1e-05,3e-05,-0,-0.00017,-9e-05,-6e-05,0.00013,0.00033,6e-05,1e-05,0.00179,1e-05,2e-05,-0.00033,3e-05,-1e-05,-0,-0.00188,0.00082,2e-05,0.00215,-4e-05,0,0
4.28,0.00077,-0.0002,0.0001,-5e-05,-0.00023,0,0.00067,0.00108,0.00048,-0.00049,-0,2e-05,0,-0.00019,-7e-05,-7e-05,0.00013,0.00021,4e-05,1e-05,0.00175,7e-05,2e-05,-0.00035,4e-05,-1e-05,-1e-05,-0.0018,0.00038,0,0.00182,-3e-05,0,0
4.3,0.00072,-0.00013,0.0001,-2e-05,-0.0002,0,0.00054,0.001,0.00044,-0.00043,-0,1e-05,0,-0.0002,-5e-05,-7e-05,0.00014,0.00012,2e-05,1e-05,0.00172,9e-05,2e-05,-0.00038,4e-05,-1e-05,-1e-05,-0.00166,-0.00011,-0,0.00141,-2e-05,1e-05,0
4.32,0.00064,-6e-05,0.0001,0,-0.00015,0,0.00039,0.00087,0.00038,-0.00036,-0,1e-05,0,-0.0002,-2e-05,-8e-05,0.00014,6e-05,1e-05,1e-05,0.00172,0.00011,3e-05,-0.00039,5e-05,-1e-05,-1e-05,-0.00145,-0.00057,1e-05,0.00093,-0,1e-05,0
4.34,0.00056,-1e-05,0.0001,2e-05,-9e-05,0,0.00025,0.00071,0.0003,-0.00028,-0,0,1e-05,-0.00019,-0,-7e-05,0.00013,2e-05,-0,0,0.00173,0.0001,4e-05,-0.00041,5e-05,-1e-05,-1e-05,-0.00118,-0.00095,3e-05,0.00047,1e-05,2e-05,0
4.36,0.00047,3e-05,9e-05,3e-05,-2e-05,0,0.0001,0.00053,0.00021,-0.0002,-0,0,1e-05,-0.00017,1e-05,-6e-05,0.00013,-1e-05,-1e-05,0,0.00175,8e-05,5e-05,-0.00042,4e-05,-1e-05,-1e-05,-0.00093,-0.00122,6e-05,6e-05,2e-05,2e-05,1e-05
4.38,0.00038,7e-05,9e-05,3e-05,6e-05,0,-4e-05,0.00033,0.00011,-0.00012,-0,0,1e-05,-0.00015,2e-05,-5e-05,0.00012,-2e-05,-1e-05,0,0.00178,5e-05,6e-05,-0.00043,4e-05,-1e-05,-1e-05,-0.0007,-0.00136,9e-05,-0.00036,3e-05,3e-05,1e-05
4.4,0.0003,0.0001,8e-05,3e-05,0.00014,0,-0.00017,0.00011,1e-05,-4e-05,-0,0,0,-0.00013,3e-05,-4e-05,0.00011,-3e-05,-1e-05,0,0.0018,3e-05,6e-05,-0.00043,3e-05,-1e-05,-0,-0.00045,-0.00136,0.00014,-0.00081,4e-05,3e-05,1e-05
4.42,0.00023,0.00013,7e-05,2e-05,0.00021,0,-0.00029,-0.0001,-9e-05,3e-05,-0,0,0,-0.00011,3e-05,-3e-05,9e-05,-3e-05,-1e-05,0,0.00181,1e-05,5e-05,-0.00044,3e-05,-1e-05,-0,-0.00012,-0.00126,0.00018,-0.00118,5e-05,2e-05,1e-05
4.44,0.00016,0.00018,7e-05,0,0.00028,0,-0.00039,-0.0003,-0.00018,9e-05,-0,0,0,-8e-05,3e-05,-2e-05,7e-05,-4e-05,-1e-05,-0,0.00182,-1e-05,3e-05,-0.00044,2e-05,-1e-05,-0,0.00019,-0.00104,0.00023,-0.00145,5e-05,2e-05,1e-05
4.46,0.00012,0.00024,6e-05,-2e-05,0.00034,0,-0.00048,-0.00047,-0.00025,0.00015,-0,1e-05,-0,-5e-05,3e-05,-0,5e-05,-4e-05,-1e-05,-0,0.00184,-1e-05,2e-05,-0.00045,1e-05,-1e-05,-0,0.00039,-0.00072,0.00027,-0.00168,5e-05,1e-05,0
4.48,8e-05,0.00032,6e-05,-4e-05,0.00038,0,-0.00056,-0.00063,-0.00031,0.00019,-0,1e-05,-0,-1e-05,3e-05,1e-05,4e-05,-4e-05,-1e-05,-0,0.00189,-2e-05,1e-05,-0.00045,0,-2e-05,-1e-05,0.00044,-0.00034,0.00031,-0.0018,4e-05,1e-05,0
4.5,6e-05,0.00041,7e-05,-7e-05,0.00041,0,-0.00061,-0.00075,-0.00036,0.00022,-0,1e-05,-0,2e-05,2e-05,2e-05,2e-05,-4e-05,-0,-0,0.00195,-3e-05,1e-05,-0.00046,-0,-2e-05,-1e-05,0.00041,9e-05,0.00033,-0.00184,4e-05,0,-0
4.52,5e-05,0.00051,8e-05,-9e-05,0.00042,0,-0.00065,-0.00084,-0.00038,0.00023,-1e-05,1e-05,-1e-05,6e-05,1e-05,2e-05,1e-05,-4e-05,-0,-1e-05,0.00205,-4e-05,0,-0.00047,-1e-05,-2e-05,-1e-05,0.00039,0.00051,0.00034,-0.00181,3e-05,-1e-05,-0
4.54,5e-05,0.0006,0.0001,-0.00012,0.00043,0,-0.00066,-0.00089,-0.00039,0.00024,-1e-05,0,-1e-05,0.0001,0,3e-05,-0,-4e-05,-0,-1e-05,0.00217,-5e-05,-0,-0.0005,-1e-05,-2e-05,-1e-05,0.00031,0.00092,0.00032,-0.00166,2e-05,-1e-05,-0
4.56,6e-05,0.00069,0.00014,-0.00014,0.00042,0,-0.00064,-0.00089,-0.00038,0.00023,-1e-05,0,-1e-05,0.00014,-1e-05,3e-05,-1e-05,-4e-05,-0,-1e-05,0.00234,-6e-05,-0,-0.00053,-1e-05,-2e-05,-1e-05,9e-05,0.00126,0.00029,-0.00138,1e-05,-1e-05,-1e-05
4.58,8e-05,0.00076,0.00017,-0.00017,0.00041,0,-0.0006,-0.00086,-0.00035,0.0002,-1e-05,0,-1e-05,0.00018,-2e-05,3e-05,-2e-05,-4e-05,-0,-1e-05,0.00254,-5e-05,0,-0.00058,-0,-2e-05,-1e-05,-0.0002,0.00154,0.00024,-0.001,0,-1e-05,-1e-05
4.6,0.0001,0.00083,0.00021,-0.00019,0.00039,0,-0.00052,-0.00079,-0.0003,0.00016,-1e-05,0,-1e-05,0.00021,-3e-05,2e-05,-3e-05,-4e-05,-0,-1e-05,0.00281,-3e-05,1e-05,-0.00063,1e-05,-2e-05,-1e-05,-0.00056,0.00172,0.0002,-0.00056,-0,-2e-05,-1e-05
4.62,0.00013,0.00088,0.00024,-0.0002,0.00037,0,-0.00042,-0.00068,-0.00023,0.0001,-1e-05,-0,-1e-05,0.00024,-3e-05,2e-05,-3e-05,-4e-05,-1e-05,-1e-05,0.00315,0,3e-05,-0.00071,3e-05,-1e-05,-0,-0.00097,0.0018,0.00019,-0.0001,-1e-05,-1e-05,-1e-05
4.64,0.00014,0.00092,0.00027,-0.00021,0.00035,0,-0.00029,-0.00053,-0.00015,3e-05,-1e-05,-0,-0,0.00026,-4e-05,2e-05,-4e-05,-4e-05,-1e-05,-0,0.00356,6e-05,7e-05,-0.0008,5e-05,1e-05,0,-0.00135,0.0018,0.00021,0.00035,-1e-05,-1e-05,-1e-05
4.66,0.00015,0.00096,0.00029,-0.00022,0.00033,0,-0.00014,-0.00036,-5e-05,-6e-05,-1e-05,-0,-0,0.00027,-4e-05,1e-05,-6e-05,-5e-05,-1e-05,-0,0.00406,0.00012,0.00012,-0.00091,9e-05,4e-05,2e-05,-0.00162,0.00174,0.00028,0.00077,-1e-05,-1e-05,-0
4.68,0.00014,0.00099,0.0003,-0.00021,0.00032,0,3e-05,-0.00017,5e-05,-0.00015,-0,-0,-0,0.00027,-5e-05,0,-8e-05,-5e-05,-1e-05,-0,0.00461,0.00019,0.00019,-0.00105,0.00014,8e-05,3e-05,-0.00168,0.00165,0.00038,0.0011,-1e-05,-1e-05,-0
4.7,0.00011,0.00104,0.0003,-0.00021,0.00031,0,0.00021,4e-05,0.00015,-0.00026,-0,-0,-0,0.00027,-5e-05,-0,-0.0001,-5e-05,-1e-05,-0,0.00523,0.00024,0.00027,-0.00121,0.00021,0.00015,5e-05,-0.00165,0.00154,0.00053,0.00134,-1e-05,-1e-05,-0
4.72,4e-05,0.00109,0.0003,-0.00019,0.0003,0,0.00037,0.00026,0.00025,-0.00036,-0,-0,-0,0.00025,-5e-05,-1e-05,-0.00013,-6e-05,-1e-05,-0,0.00589,0.00026,0.00035,-0.00139,0.00028,0.00024,8e-05,-0.00165,0.00142,0.0007,0.0015,-0,-1e-05,-0
4.74,-7e-05,0.00117,0.00029,-0.00017,0.00029,0,0.00053,0.00048,0.00035,-0.00046,-0,-0,-0,0.00023,-6e-05,-2e-05,-0.00016,-5e-05,-1e-05,-0,0.00653,0.00022,0.0004,-0.00157,0.00036,0.00036,0.00011,-0.00153,0.00126,0.0009,0.00156,-0,-1e-05,-0
4.76,-0.0002,0.00128,0.00029,-0.00014,0.00029,0,0.00066,0.00069,0.00043,-0.00055,-0,0,0,0.00021,-6e-05,-3e-05,-0.0002,-5e-05,-1e-05,-0,0.00712,0.0001,0.0004,-0.00174,0.00045,0.00052,0.00015,-0.0012,0.00107,0.00108,0.0015,0,-1e-05,-0
4.78,-0.00036,0.00141,0.00028,-0.00011,0.00029,0,0.00076,0.00088,0.0005,-0.00063,-0,0,0,0.00018,-6e-05,-3e-05,-0.00023,-4e-05,-1e-05,-0,0.00757,-0.00012,0.0003,-0.0019,0.00051,0.00061,0.00014,-0.00075,0.00082,0.00126,0.00136,1e-05,-1e-05,-0
4.8,-0.00053,0.00157,0.00028,-6e-05,0.00029,0,0.00083,0.00104,0.00055,-0.00069,-0,0,0,0.00014,-6e-05,-4e-05,-0.00026,-4e-05,-0,-0,0.00794,-0.0004,0.00015,-0.00194,0.00058,0.00085,0.00022,-0.00034,0.0005,0.0014,0.00117,1e-05,-0,-0
4.82,-0.0007,0.00172,0.00027,-2e-05,0.00029,0,0.00087,0.00118,0.00058,-0.00074,-0,1e-05,0,9e-05,-6e-05,-4e-05,-0.00028,-2e-05,-0,-0,0.00844,-0.00063,0.00014,-0.00165,0.00068,0.00167,0.00067,0,7e-05,0.0015,0.00095,1e-05,-0,-0
4.84,-0.00087,0.00186,0.00026,3e-05,0.00029,0,0.00088,0.00128,0.00059,-0.00076,-1e-05,1e-05,0,3e-05,-5e-05,-3e-05,-0.0003,-1e-05,0,-0,0.00893,-0.00069,0.00024,-0.00121,0.00073,0.00281,0.0013,0.00036,-0.00048,0.00154,0.0007,2e-05,-0,-0
4.86,-0.00098,0.00197,0.00024,8e-05,0.00029,0,0.00087,0.00133,0.00057,-0.00076,-1e-05,1e-05,0,-4e-05,-5e-05,-3e-05,-0.0003,0,0,-0,0.0091,-0.0005,0.00034,-0.0008,0.00063,0.00388,0.00183,0.00068,-0.00115,0.00151,0.00043,2e-05,0,0
4.88,-0.00104,0.00202,0.00023,0.00013,0.00028,0,0.00084,0.00134,0.00055,-0.00075,-1e-05,1e-05,1e-05,-0.00013,-4e-05,-2e-05,-0.00029,2e-05,0,-0,0.00889,-1e-05,0.00046,-0.00034,0.00041,0.0051,0.00235,0.0009,-0.00192,0.00144,0.00015,3e-05,-0,0
4.9,-0.00104,0.00199,0.00022,0.00018,0.00027,0,0.0008,0.0013,0.0005,-0.00072,-2e-05,1e-05,1e-05,-0.00024,-2e-05,-1e-05,-0.00026,3e-05,0,-0,0.00812,0.00074,0.00047,-6e-05,3e-05,0.00595,0.00261,0.00109,-0.0027,0.00128,-0.00013,3e-05,-0,1e-05
4.92,-0.00101,0.00186,0.0002,0.00022,0.00025,0,0.00076,0.00121,0.00043,-0.00068,-2e-05,1e-05,1e-05,-0.00035,-1e-05,0,-0.00023,4e-05,0,0,0.00687,0.00157,0.00026,-0.00011,-0.00039,0.00556,0.00237,0.00144,-0.00331,0.00103,-0.0004,4e-05,-0,1e-05
4.94,-0.00095,0.00162,0.00018,0.00026,0.00023,0,0.00071,0.0011,0.00036,-0.00063,-3e-05,1e-05,1e-05,-0.00047,1e-05,0,-0.00018,5e-05,0,0,0.0054,0.00238,3e-05,-0.0002,-0.00068,0.00471,0.00198,0.0018,-0.0037,0.00076,-0.00065,5e-05,0,1e-05
4.96,-0.00085,0.00129,0.00016,0.00029,0.0002,0,0.00067,0.00096,0.00029,-0.00057,-3e-05,1e-05,1e-05,-0.0006,2e-05,0,-0.00012,5e-05,0,0,0.0038,0.00316,-0.00013,-0.00021,-0.00086,0.00396,0.00162,0.00199,-0.00391,0.00051,-0.00086,6e-05,1e-05,1e-05
4.98,-0.00077,0.00089,0.00014,0.00031,0.00017,0,0.00063,0.00081,0.00023,-0.00051,-3e-05,0,1e-05,-0.00072,2e-05,-1e-05,-7e-05,4e-05,-0,0,0.00207,0.00382,-0.00024,-0.00019,-0.00095,0.00314,0.00125,0.00205,-0.00392,0.00028,-0.00103,6e-05,1e-05,1e-05
5,-0.00066,0.00047,0.00011,0.00033,0.00013,0,0.00061,0.00065,0.00018,-0.00044,-2e-05,0,1e-05,-0.00083,1e-05,-2e-05,-3e-05,2e-05,-0,0,0.00024,0.00432,-0.0003,-0.00014,-0.00092,0.00224,0.00086,0.00196,-0.00311,3e-05,-0.00087,4e-05,1e-05,-0
5.02,-0.00048,6e-05,8e-05,0.00034,8e-05,0,0.00059,0.0005,0.00013,-0.00039,-1e-05,-0,1e-05,-0.00091,-2e-05,-2e-05,-0,-1e-05,-1e-05,0,-0.00162,0.00461,-0.00029,-7e-05,-0.00076,0.00125,0.00044,0.00148,-0.00133,-2e-05,-0.00011,-3e-05,-2e-05,-3e-05
5.04,-0.0003,-0.00032,5e-05,0.00035,4e-05,0,0.00059,0.00035,9e-05,-0.00035,1e-05,-0,1e-05,-0.00095,-5e-05,-3e-05,2e-05,-6e-05,-2e-05,0,-0.00343,0.00472,-0.00019,-1e-05,-0.00053,0.00017,-1e-05,0.00072,0.00065,0.00024,0.00109,-9e-05,-4e-05,-5e-05
5.06,-0.00019,-0.00064,-0,0.00035,0,-0,0.00059,0.00022,6e-05,-0.00032,2e-05,0,1e-05,-0.00096,-0.00011,-4e-05,4e-05,-0.00012,-3e-05,0,-0.00516,0.00469,2e-05,5e-05,-0.0003,-0.00101,-0.00053,-0.00021,0.00252,0.0008,0.00274,-0.00016,-6e-05,-7e-05
5.08,-0.00013,-0.00088,-5e-05,0.00035,-3e-05,-0,0.0006,0.00012,4e-05,-0.0003,2e-05,1e-05,1e-05,-0.00094,-0.00018,-4e-05,5e-05,-0.00019,-4e-05,-0,-0.00679,0.00449,0.00037,0.0001,-9e-05,-0.00234,-0.00112,-0.00118,0.00395,0.00154,0.00476,-0.00021,-7e-05,-7e-05
5.1,-7e-05,-0.00104,-0.00011,0.00035,-6e-05,-0,0.0006,3e-05,2e-05,-0.0003,2e-05,1e-05,1e-05,-0.00089,-0.00027,-3e-05,6e-05,-0.00027,-5e-05,-0,-0.00825,0.00416,0.00084,0.00012,7e-05,-0.00382,-0.0018,-0.00189,0.00465,0.00232,0.00695,-0.00025,-7e-05,-7e-05
5.12,-1e-05,-0.00113,-0.00016,0.00035,-8e-05,-0,0.0006,-2e-05,2e-05,-0.0003,1e-05,2e-05,1e-05,-0.00083,-0.00036,-2e-05,0.0001,-0.00033,-6e-05,-1e-05,-0.00943,0.00375,0.00132,0.00014,0.00015,-0.00553,-0.00257,-0.00193,0.00454,0.00302,0.009,-0.00029,-5e-05,-5e-05
5.14,3e-05,-0.00115,-0.00019,0.00034,-9e-05,-0,0.00058,-4e-05,1e-05,-0.0003,-0,3e-05,0,-0.00076,-0.00044,-0,0.00014,-0.00037,-8e-05,-1e-05,-0.01032,0.00321,0.00165,0.00013,0.00018,-0.0073,-0.00338,-0.00121,0.00367,0.00347,0.01067,-0.0003,-2e-05,-1e-05
5.16,3e-05,-0.00111,-0.00022,0.00033,-0.0001,-0,0.00054,-4e-05,1e-05,-0.00031,-0,4e-05,0,-0.00066,-0.00052,2e-05,0.00018,-0.00039,-8e-05,-1e-05,-0.01091,0.00258,0.0017,0.00011,0.00016,-0.00893,-0.00415,0.00025,0.0023,0.00347,0.01189,-0.0003,1e-05,3e-05
5.18,-0,-0.00101,-0.00022,0.00032,-0.00011,-0,0.00049,-2e-05,2e-05,-0.0003,-0,5e-05,-0,-0.00056,-0.00057,5e-05,0.00022,-0.0004,-9e-05,-1e-05,-0.0113,0.00198,0.00087,9e-05,0.00014,-0.01085,-0.00511,0.00242,0.00081,0.00295,0.01258,-0.00028,4e-05,6e-05
5.2,-5e-05,-0.0009,-0.00021,0.00029,-0.00011,-0,0.00042,0,2e-05,-0.00029,-0,6e-05,-0,-0.00046,-0.00061,8e-05,0.00026,-0.00036,-9e-05,-1e-05,-0.01115,0.00143,0.00016,5e-05,7e-05,-0.00966,-0.00531,0.005,-0.0004,0.0021,0.01276,-0.00023,6e-05,9e-05
5.22,-0.00014,-0.00077,-0.00018,0.00026,-0.0001,-0,0.00034,2e-05,2e-05,-0.00025,0,7e-05,-0,-0.00035,-0.00061,0.0001,0.00029,-0.00025,-8e-05,-1e-05,-0.00976,0.00099,0.00093,-3e-05,1e-05,-0.00429,-0.00324,0.00738,-0.0011,0.00125,0.01252,-0.00016,6e-05,9e-05
5.24,-0.00028,-0.00064,-0.00013,0.00022,-0.0001,-0,0.00025,2e-05,2e-05,-0.00019,1e-05,8e-05,-1e-05,-0.00024,-0.0006,0.00012,0.00031,-0.00011,-7e-05,-1e-05,-0.00844,0.00068,0.001,-0.00011,1e-05,-0.00021,-0.0006,0.00916,-0.0012,0.00039,0.01213,-7e-05,5e-05,7e-05
5.26,-0.00047,-0.00053,-7e-05,0.00017,-9e-05,-0,0.00016,0,1e-05,-0.00011,1e-05,8e-05,-1e-05,-0.00013,-0.00056,0.00012,0.00035,-1e-05,-5e-05,-1e-05,-0.00841,0.0003,0.00071,-0.00014,3e-05,0.00264,0.00154,0.01036,-0.00081,-0.00045,0.01183,6e-05,2e-05,2e-05
5.28,-0.00072,-0.00043,-1e-05,0.0001,-7e-05,-0,7e-05,-4e-05,-0,-1e-05,1e-05,8e-05,-1e-05,-2e-05,-0.00049,0.00012,0.00039,6e-05,-4e-05,-1e-05,-0.00965,-0.00014,0.00162,-0.00015,5e-05,0.00694,0.00377,0.01092,-0.00018,-0.00102,0.01166,0.0002,-3e-05,-5e-05
5.3,-0.00103,-0.00035,6e-05,3e-05,-6e-05,-0,-3e-05,-0.00011,-2e-05,0.00011,2e-05,7e-05,-1e-05,9e-05,-0.00041,0.00011,0.00044,9e-05,-3e-05,-1e-05,-0.01107,-0.00055,0.00356,-0.00013,4e-05,0.01263,0.00513,0.01084,0.00046,-0.00134,0.01162,0.00037,-8e-05,-0.00013
5.32,-0.00137,-0.00027,0.00012,-5e-05,-4e-05,-0,-0.00012,-0.00018,-5e-05,0.00024,2e-05,6e-05,-1e-05,0.00019,-0.00034,0.0001,0.00049,6e-05,-3e-05,-1e-05,-0.0116,-0.00087,0.003,-0.0001,2e-05,0.01198,0.00447,0.01023,0.00089,-0.00145,0.01167,0.00054,-0.00012,-0.00021
5.34,-0.00171,-0.0002,0.00018,-0.00013,-2e-05,-0,-0.00021,-0.00026,-8e-05,0.00038,2e-05,5e-05,-1e-05,0.00028,-0.00026,9e-05,0.00055,1e-05,-3e-05,-1e-05,-0.01181,-0.00112,0.00172,-6e-05,0,0.00856,0.0033,0.00934,0.00102,-0.00124,0.01175,0.0007,-0.00017,-0.00028
5.36,-0.00204,-0.00013,0.00023,-0.00022,0,-0,-0.0003,-0.00033,-0.00012,0.00052,2e-05,5e-05,-2e-05,0.00036,-0.00018,7e-05,0.00062,-1e-05,-2e-05,-1e-05,-0.01198,-0.00134,0.00129,-4e-05,-0,0.0063,0.00244,0.00838,0.00083,-0.00077,0.01185,0.00086,-0.0002,-0.00034
5.38,-0.00235,-6e-05,0.00028,-0.0003,3e-05,-0,-0.00038,-0.00041,-0.00017,0.00066,3e-05,4e-05,-2e-05,0.00043,-0.00011,6e-05,0.0007,-2e-05,-2e-05,-1e-05,-0.01202,-0.00154,0.00101,-2e-05,0,0.00432,0.00168,0.00744,0.00037,-0.0002,0.01194,0.00099,-0.00022,-0.00038
5.4,-0.00258,0,0.00032,-0.00038,5e-05,-0,-0.00046,-0.00048,-0.00022,0.00079,3e-05,3e-05,-2e-05,0.00049,-4e-05,6e-05,0.00079,-3e-05,-2e-05,-1e-05,-0.01188,-0.00176,0.00078,-0,1e-05,0.00272,0.00107,0.00647,-0.00026,0.00033,0.01198,0.00111,-0.00023,-0.00041
5.42,-0.0027,5e-05,0.00037,-0.00045,8e-05,-0,-0.00054,-0.00054,-0.00027,0.00091,4e-05,3e-05,-1e-05,0.00053,1e-05,6e-05,0.0009,-3e-05,-1e-05,-1e-05,-0.01149,-0.00199,0.00058,1e-05,1e-05,0.00155,0.00061,0.00543,-0.00091,0.00071,0.01193,0.00119,-0.00024,-0.00041
5.44,-0.00273,7e-05,0.00043,-0.0005,0.00011,-0,-0.00062,-0.0006,-0.00032,0.001,4e-05,2e-05,-1e-05,0.00055,5e-05,6e-05,0.00102,-3e-05,-1e-05,-1e-05,-0.01087,-0.00224,0.0004,2e-05,2e-05,0.0007,0.00027,0.00441,-0.00153,0.00085,0.0118,0.00125,-0.00024,-0.0004
5.46,-0.0027,6e-05,0.0005,-0.00054,0.00014,-0,-0.00069,-0.00065,-0.00037,0.00105,4e-05,2e-05,-1e-05,0.00056,8e-05,7e-05,0.00115,-2e-05,-1e-05,-1e-05,-0.01004,-0.00251,0.00026,2e-05,2e-05,0.00013,5e-05,0.0035,-0.00207,0.00072,0.01164,0.00127,-0.00023,-0.00037
5.48,-0.0026,1e-05,0.00058,-0.00058,0.00018,-0,-0.00076,-0.0007,-0.00043,0.00106,4e-05,1e-05,-0,0.00055,0.0001,8e-05,0.00129,-2e-05,-0,-0,-0.00894,-0.00279,0.00014,3e-05,2e-05,-0.00022,-9e-05,0.0027,-0.00249,0.00038,0.01143,0.00127,-0.00023,-0.00033
5.5,-0.0024,-7e-05,0.00068,-0.00059,0.00021,-0,-0.00081,-0.00075,-0.00049,0.00101,4e-05,1e-05,0,0.00053,0.00011,9e-05,0.00143,-2e-05,-0,-0,-0.00762,-0.00305,7e-05,3e-05,1e-05,-0.00041,-0.00016,0.002,-0.00273,-0.00012,0.01117,0.00125,-0.00022,-0.00028
5.52,-0.00208,-0.00018,0.00079,-0.0006,0.00023,-0,-0.00082,-0.00078,-0.00054,0.00088,3e-05,0,1e-05,0.00049,0.00011,0.0001,0.0016,-1e-05,0,0,-0.00616,-0.00323,4e-05,4e-05,1e-05,-0.00049,-0.00019,0.00141,-0.00278,-0.00065,0.01087,0.00122,-0.00022,-0.00023
5.54,-0.00167,-0.00032,0.0009,-0.00059,0.00026,-0,-0.0008,-0.00081,-0.0006,0.00065,2e-05,-0,1e-05,0.00044,0.0001,0.00011,0.00179,-1e-05,1e-05,1e-05,-0.00453,-0.00333,4e-05,4e-05,0,-0.00051,-0.00019,0.00093,-0.00275,-0.00108,0.01053,0.00121,-0.00021,-0.00018
5.56,-0.00119,-0.00047,0.00101,-0.00058,0.00027,-0,-0.00075,-0.00083,-0.00065,0.0003,1e-05,0,1e-05,0.00038,9e-05,0.00012,0.00197,0,2e-05,1e-05,-0.00276,-0.00336,6e-05,5e-05,-0,-0.0005,-0.00019,0.00056,-0.00274,-0.00139,0.01013,0.0012,-0.00021,-0.00014
5.58,-0.00064,-0.00062,0.00112,-0.00056,0.00028,-0,-0.00068,-0.00085,-0.0007,-0.00016,1e-05,0,1e-05,0.00031,7e-05,0.00012,0.00215,1e-05,2e-05,1e-05,-0.00095,-0.00331,0.0001,6e-05,-0,-0.00051,-0.00018,0.00029,-0.00277,-0.00155,0.00967,0.00122,-0.00021,-0.00011
5.6,-3e-05,-0.00076,0.00121,-0.00053,0.00029,-0,-0.00059,-0.00087,-0.00073,-0.00073,-0,1e-05,1e-05,0.00024,4e-05,0.00012,0.00234,2e-05,3e-05,1e-05,0.00073,-0.00319,0.00015,8e-05,-0,-0.00056,-0.00019,0.00011,-0.00281,-0.00157,0.00915,0.00126,-0.00021,-8e-05
5.62,0.00059,-0.00087,0.00129,-0.00049,0.00028,-0,-0.00046,-0.00089,-0.00074,-0.0014,-0,1e-05,1e-05,0.00015,1e-05,0.00011,0.00255,3e-05,4e-05,1e-05,0.00221,-0.00301,0.00019,9e-05,-0,-0.00068,-0.00023,1e-05,-0.00283,-0.00148,0.00855,0.00132,-0.00021,-5e-05
5.64,0.00116,-0.00093,0.00136,-0.00044,0.00027,-0,-0.00032,-0.0009,-0.00072,-0.00214,-0,2e-05,1e-05,6e-05,-3e-05,0.0001,0.00276,3e-05,4e-05,1e-05,0.00343,-0.00278,0.00023,9e-05,-0,-0.00088,-0.0003,-4e-05,-0.00284,-0.00132,0.00788,0.0014,-0.00022,-3e-05
5.66,0.00168,-0.00095,0.0014,-0.00039,0.00025,-0,-0.00016,-0.0009,-0.00069,-0.00296,0,3e-05,1e-05,-4e-05,-7e-05,8e-05,0.00296,4e-05,4e-05,1e-05,0.00425,-0.00254,0.00024,0.0001,-1e-05,-0.00118,-0.00041,-3e-05,-0.00281,-0.00113,0.00711,0.00151,-0.00022,-1e-05
5.68,0.00212,-0.00092,0.00142,-0.00033,0.00022,-0,0,-0.00089,-0.00064,-0.00385,1e-05,3e-05,0,-0.00013,-0.00012,6e-05,0.00315,4e-05,4e-05,1e-05,0.00465,-0.00228,0.00023,9e-05,-1e-05,-0.0016,-0.00056,1e-05,-0.00273,-0.00092,0.00624,0.00165,-0.00023,0
5.7,0.00244,-0.00085,0.00143,-0.00026,0.0002,-0,0.00017,-0.00084,-0.00058,-0.00475,2e-05,2e-05,-0,-0.00021,-0.00018,4e-05,0.00336,3e-05,4e-05,1e-05,0.00464,-0.00203,0.00018,6e-05,-1e-05,-0.00208,-0.00076,0.0001,-0.00256,-0.00071,0.00528,0.00181,-0.00024,2e-05
5.72,0.00258,-0.00075,0.00144,-0.0002,0.00017,-0,0.00034,-0.00071,-0.00052,-0.00548,2e-05,2e-05,-1e-05,-0.00025,-0.00027,1e-05,0.00362,2e-05,3e-05,1e-05,0.00427,-0.0018,9e-05,-0,-0,-0.00253,-0.00098,0.00024,-0.00226,-0.00051,0.00423,0.00198,-0.00025,3e-05
5.74,0.00257,-0.00062,0.00143,-0.00014,0.00014,-0,0.00052,-0.00055,-0.00046,-0.00611,2e-05,1e-05,-2e-05,-0.00023,-0.00038,-1e-05,0.00393,1e-05,2e-05,1e-05,0.00361,-0.0016,-7e-05,-0.00012,1e-05,-0.00292,-0.0012,0.00042,-0.00185,-0.00033,0.00311,0.00216,-0.00026,4e-05
5.76,0.00244,-0.00047,0.00141,-9e-05,0.00011,-0,0.00066,-0.00038,-0.00041,-0.00674,2e-05,0,-3e-05,-0.00017,-0.00053,-3e-05,0.00428,0,1e-05,1e-05,0.00274,-0.00143,-0.00029,-0.00031,2e-05,-0.00328,-0.00143,0.00067,-0.00136,-0.00018,0.0019,0.00235,-0.00026,5e-05
5.78,0.00222,-0.00031,0.00135,-5e-05,8e-05,-0,0.00079,-0.00022,-0.00036,-0.00739,2e-05,-1e-05,-3e-05,-8e-05,-0.00073,-5e-05,0.00466,-0,0,1e-05,0.00181,-0.00128,-0.00059,-0.00061,4e-05,-0.00362,-0.00167,0.00098,-0.00075,-6e-05,0.00061,0.00253,-0.00026,6e-05
5.8,0.00195,-0.00015,0.00128,-1e-05,6e-05,-0,0.00088,-0.0001,-0.00033,-0.00794,1e-05,-3e-05,-4e-05,5e-05,-0.00096,-7e-05,0.00509,0,-1e-05,1e-05,0.00098,-0.00116,-0.00095,-0.00107,5e-05,-0.00374,-0.00183,0.00134,-1e-05,4e-05,-0.00071,0.00268,-0.00026,6e-05
5.82,0.00165,-1e-05,0.00118,2e-05,4e-05,-0,0.0009,-4e-05,-0.00035,-0.00828,2e-05,-4e-05,-5e-05,0.00023,-0.00118,-8e-05,0.00556,1e-05,-2e-05,1e-05,0.00034,-0.00104,-0.00135,-0.00173,6e-05,-0.00334,-0.00179,0.0017,0.00082,8e-05,-0.00206,0.00279,-0.00025,6e-05
5.84,0.00136,0.00011,0.00106,5e-05,2e-05,-0,0.00088,-2e-05,-0.00042,-0.00853,3e-05,-3e-05,-4e-05,0.00045,-0.0014,-7e-05,0.00601,2e-05,-2e-05,1e-05,-1e-05,-0.00092,-0.00176,-0.00264,8e-05,-0.00271,-0.00161,0.00207,0.0017,8e-05,-0.0034,0.00284,-0.00023,5e-05
5.86,0.00109,0.00021,0.00092,8e-05,1e-05,-0,0.00084,-1e-05,-0.00051,-0.00872,2e-05,-2e-05,-4e-05,0.0007,-0.00165,-6e-05,0.0064,3e-05,-3e-05,1e-05,-8e-05,-0.00078,-0.00216,-0.00378,9e-05,-0.00209,-0.00138,0.00241,0.00262,1e-05,-0.00469,0.00284,-0.00021,4e-05
5.88,0.00084,0.00028,0.00077,0.00011,0,-0,0.00079,0,-0.00065,-0.00876,1e-05,-0,-3e-05,0.00097,-0.00194,-3e-05,0.00672,5e-05,-3e-05,1e-05,-1e-05,-0.00058,-0.00274,-0.0052,0.0001,-0.00143,-0.00108,0.00272,0.00353,-0.00012,-0.0059,0.0028,-0.00018,2e-05
5.9,0.00063,0.00032,0.00064,0.00012,-1e-05,-0,0.00071,2e-05,-0.00081,-0.00861,0,1e-05,-2e-05,0.00128,-0.00216,1e-05,0.00695,6e-05,-3e-05,2e-05,-0,-0.00035,-0.00286,-0.00646,0.0001,-0.00083,-0.00076,0.00296,0.00431,-0.00028,-0.00702,0.00273,-0.00015,1e-05
5.92,0.00047,0.00035,0.00053,0.00013,-2e-05,-0,0.0006,6e-05,-0.00092,-0.0083,0,1e-05,-1e-05,0.0017,-0.0022,6e-05,0.00709,9e-05,-3e-05,2e-05,-9e-05,-0.00012,-0.00145,-0.0067,0.0001,-0.00035,-0.00047,0.00311,0.00476,-0.00044,-0.0081,0.00265,-0.00011,-1e-05
5.94,0.00035,0.00037,0.00045,0.00013,-4e-05,-0,0.00048,0.00011,-0.00103,-0.00781,3e-05,-1e-05,1e-05,0.00216,-0.00209,0.00011,0.00712,0.0001,-3e-05,1e-05,-0.00012,4e-05,0.00034,-0.00609,9e-05,2e-05,-0.00021,0.00319,0.0049,-0.00054,-0.00906,0.00258,-8e-05,-2e-05
5.96,0.00024,0.0004,0.00039,0.00012,-6e-05,-0,0.00037,0.00015,-0.00112,-0.00712,8e-05,-1e-05,3e-05,0.00259,-0.00193,0.00016,0.00703,0.0001,-3e-05,1e-05,-0.00011,9e-05,0.00156,-0.00505,8e-05,0.00027,-1e-05,0.0032,0.00481,-0.00053,-0.0098,0.00255,-6e-05,-3e-05
5.98,0.00013,0.00044,0.00035,0.0001,-8e-05,-0,0.00028,0.00018,-0.00118,-0.00624,0.00015,-2e-05,4e-05,0.00297,-0.00169,0.0002,0.00683,9e-05,-3e-05,0,-7e-05,1e-05,0.00241,-0.00348,6e-05,0.00043,0.00014,0.00315,0.00454,-0.00036,-0.01034,0.00255,-3e-05,-3e-05
6,5e-05,0.00053,0.00032,8e-05,-0.00011,-0,0.00019,0.00017,-0.00113,-0.00533,0.00025,-1e-05,5e-05,0.00337,-0.00139,0.00023,0.00652,7e-05,-2e-05,-1e-05,-0.00014,-0.00016,0.0025,-0.00205,5e-05,0.00045,0.0002,0.00298,0.00409,3e-05,-0.01071,0.0026,-1e-05,-4e-05
6.02,1e-05,0.00066,0.0003,6e-05,-0.00014,-0,0.00011,0.00012,-0.00095,-0.00461,0.00038,-1e-05,5e-05,0.00391,-0.00103,0.00024,0.00609,4e-05,-1e-05,-1e-05,-0.00032,-0.00035,0.0019,-0.00134,5e-05,0.00033,0.00016,0.00264,0.00349,0.00065,-0.01092,0.00269,1e-05,-4e-05
6.04,-3e-05,0.00084,0.00027,4e-05,-0.00016,-0,5e-05,6e-05,-0.00072,-0.00395,0.00053,1e-05,4e-05,0.00449,-0.00067,0.00023,0.00558,2e-05,-0,-0,-0.00054,-0.00055,0.00131,-0.00087,4e-05,0.00021,0.0001,0.00217,0.00286,0.00147,-0.01098,0.00281,3e-05,-3e-05
6.06,-8e-05,0.00108,0.00023,2e-05,-0.00018,-0,2e-05,1e-05,-0.00049,-0.00326,0.0007,2e-05,3e-05,0.00505,-0.00033,0.0002,0.005,1e-05,0,0,-0.00077,-0.00073,0.00093,-0.00042,4e-05,0.00014,7e-05,0.00156,0.0023,0.00248,-0.01091,0.00297,4e-05,-3e-05
6.08,-0.00013,0.00135,0.00018,0,-0.0002,-0,0,-3e-05,-0.00027,-0.0026,0.00085,5e-05,1e-05,0.00561,-3e-05,0.00015,0.00437,0,0,1e-05,-0.001,-0.00091,0.00065,-9e-05,4e-05,9e-05,4e-05,0.00079,0.00186,0.00361,-0.01075,0.00315,5e-05,-2e-05
6.1,-0.00019,0.00161,0.00013,-1e-05,-0.00021,-0,-0,-5e-05,-9e-05,-0.00202,0.00101,7e-05,-1e-05,0.00624,0.00015,8e-05,0.00372,0,0,2e-05,-0.00122,-0.00108,0.00043,0.00012,4e-05,5e-05,2e-05,-0.00012,0.00149,0.00471,-0.01049,0.00334,6e-05,-1e-05
6.12,-0.00023,0.00182,0.0001,-2e-05,-0.00021,-0,-0,-4e-05,2e-05,-0.00158,0.00121,9e-05,-3e-05,0.00702,0.00016,2e-05,0.00307,0,0,2e-05,-0.00141,-0.00126,0.00025,0.00021,4e-05,2e-05,1e-05,-0.00116,0.00118,0.00559,-0.01012,0.00351,7e-05,-1e-05
6.14,-0.00026,0.00195,6e-05,-3e-05,-0.00021,-0,-0,-3e-05,8e-05,-0.00124,0.00134,0.0001,-4e-05,0.00778,0.00012,-5e-05,0.00244,0,0,3e-05,-0.00157,-0.00145,0.00011,0.00025,5e-05,0,-0,-0.00229,0.0009,0.00614,-0.00974,0.00366,9e-05,0
6.16,-0.00029,0.00202,1e-05,-4e-05,-0.0002,-0,-1e-05,-1e-05,0.00011,-0.00094,0.00133,0.00011,-4e-05,0.00838,6e-05,-0.00013,0.00186,0,-0,3e-05,-0.0017,-0.00167,2e-05,0.00028,5e-05,-1e-05,-1e-05,-0.00348,0.00061,0.00632,-0.00942,0.00375,0.0001,1e-05
6.18,-0.00029,0.00201,-6e-05,-5e-05,-0.00019,-0,-1e-05,2e-05,0.00012,-0.00069,0.00124,0.00011,-4e-05,0.00883,-3e-05,-0.00021,0.00132,0,-1e-05,3e-05,-0.00176,-0.00193,-0,0.00031,5e-05,-1e-05,-1e-05,-0.00466,0.00021,0.0061,-0.00915,0.00376,0.00011,2e-05
6.2,-0.00025,0.00193,-0.00015,-5e-05,-0.00017,-0,-2e-05,5e-05,0.00012,-0.00048,0.00103,0.0001,-3e-05,0.00903,-0.00013,-0.00027,0.00087,1e-05,-1e-05,3e-05,-0.0018,-0.00222,4e-05,0.00034,5e-05,-2e-05,-1e-05,-0.00575,-0.00044,0.00544,-0.00889,0.00369,0.00012,3e-05
6.22,-0.00014,0.00179,-0.00024,-6e-05,-0.00015,-0,-2e-05,5e-05,9e-05,-0.00034,0.00071,7e-05,-3e-05,0.00897,-0.00021,-0.00029,0.0005,1e-05,-1e-05,2e-05,-0.00183,-0.00258,0.00013,0.0004,6e-05,-2e-05,-1e-05,-0.00666,-0.00153,0.00435,-0.00862,0.00349,0.00012,4e-05
6.24,1e-05,0.00158,-0.00036,-6e-05,-0.00013,-0,-2e-05,4e-05,5e-05,-0.00023,0.00042,5e-05,-2e-05,0.00866,-0.00025,-0.00028,0.00023,1e-05,-1e-05,1e-05,-0.00182,-0.00297,0.00027,0.00047,6e-05,-2e-05,-1e-05,-0.0073,-0.00313,0.00301,-0.00832,0.00317,0.00012,4e-05
6.26,0.00022,0.0013,-0.0005,-7e-05,-0.0001,-0,-2e-05,3e-05,2e-05,-0.00013,0.00023,4e-05,-2e-05,0.00813,-0.0003,-0.00028,4e-05,1e-05,-0,1e-05,-0.00175,-0.00334,0.00043,0.00054,6e-05,-1e-05,-1e-05,-0.00758,-0.00523,0.00168,-0.00796,0.00273,0.00012,4e-05
6.28,0.00049,0.00094,-0.00065,-8e-05,-7e-05,-0,-1e-05,2e-05,1e-05,-6e-05,0.0001,2e-05,-2e-05,0.00744,-0.00035,-0.00025,-9e-05,1e-05,1e-05,0,-0.00163,-0.00366,0.00055,0.0006,6e-05,-1e-05,-1e-05,-0.00746,-0.00771,0.00057,-0.00754,0.00217,0.0001,4e-05
6.3,0.00078,0.00054,-0.00079,-9e-05,-4e-05,-0,-1e-05,0,-0,-0,1e-05,1e-05,-1e-05,0.0066,-0.00042,-0.00021,-0.00015,1e-05,1e-05,-0,-0.00146,-0.00381,0.00061,0.00066,6e-05,-1e-05,-1e-05,-0.00695,-0.01034,-0.00016,-0.00698,0.00156,9e-05,4e-05
6.32,0.00105,0.00013,-0.0009,-0.0001,-1e-05,-0,-0,-1e-05,-0,4e-05,-4e-05,-0,-1e-05,0.00568,-0.00052,-0.00017,-0.00018,1e-05,2e-05,-0,-0.00125,-0.00363,0.00062,0.00074,5e-05,-0,-0,-0.00608,-0.01275,-0.00041,-0.00622,0.00094,7e-05,4e-05
6.34,0.00127,-0.00028,-0.00096,-0.00011,1e-05,-0,0,-2e-05,1e-05,8e-05,-7e-05,-1e-05,-1e-05,0.00479,-0.00061,-0.00012,-0.00019,1e-05,2e-05,-0,-0.00102,-0.00318,0.00055,0.00081,5e-05,-0,-0,-0.00494,-0.01431,-0.00027,-0.0053,0.00036,4e-05,4e-05
6.36,0.00144,-0.00067,-0.00097,-0.00013,3e-05,0,1e-05,-2e-05,3e-05,0.0001,-0.0001,-1e-05,-1e-05,0.00396,-0.00065,-6e-05,-0.00019,1e-05,2e-05,-0,-0.00078,-0.00257,0.00041,0.00084,5e-05,-0,-0,-0.00368,-0.01457,0.00011,-0.00432,-0.00014,2e-05,4e-05
6.38,0.00154,-0.001,-0.00092,-0.00014,5e-05,0,2e-05,-1e-05,6e-05,0.00012,-0.00011,-2e-05,-1e-05,0.00319,-0.00066,-0,-0.00018,1e-05,2e-05,-0,-0.00055,-0.00186,0.00025,0.00085,5e-05,-0,-1e-05,-0.00243,-0.01348,0.00057,-0.00327,-0.00049,1e-05,4e-05
6.4,0.00156,-0.00125,-0.00081,-0.00015,6e-05,0,2e-05,-1e-05,9e-05,0.00013,-0.00012,-2e-05,-1e-05,0.00248,-0.00063,5e-05,-0.00017,1e-05,2e-05,0,-0.00034,-0.00122,0.00011,0.00082,6e-05,-0,-1e-05,-0.00132,-0.01117,0.00093,-0.00225,-0.00068,0,4e-05
6.42,0.0015,-0.00142,-0.00066,-0.00015,7e-05,0,2e-05,-0,0.00012,0.00013,-0.00012,-2e-05,-1e-05,0.00185,-0.00059,9e-05,-0.00017,1e-05,2e-05,0,-0.00018,-0.00077,1e-05,0.00074,7e-05,-1e-05,-1e-05,-0.00043,-0.00817,0.00109,-0.00135,-0.00071,-0,4e-05
6.44,0.00137,-0.00152,-0.00047,-0.00016,7e-05,0,2e-05,0,0.00014,0.00013,-0.00012,-2e-05,-1e-05,0.00129,-0.00053,0.00011,-0.00017,1e-05,2e-05,0,-6e-05,-0.00045,-2e-05,0.00065,7e-05,-1e-05,-1e-05,0.00016,-0.00521,0.00103,-0.00062,-0.00061,0,4e-05
6.46,0.00122,-0.00154,-0.00028,-0.00016,7e-05,0,2e-05,1e-05,0.00016,0.00013,-0.00011,-2e-05,-1e-05,0.00083,-0.00046,0.00012,-0.00016,1e-05,1e-05,0,5e-05,-0.00024,-1e-05,0.00056,8e-05,-1e-05,-1e-05,0.00048,-0.00276,0.00082,-8e-05,-0.00044,0,3e-05
6.48,0.00104,-0.00151,-8e-05,-0.00015,7e-05,0,1e-05,1e-05,0.00016,0.00012,-0.0001,-2e-05,-1e-05,0.00048,-0.00037,0.00011,-0.00016,1e-05,1e-05,0,0.00013,-0.00012,1e-05,0.00047,8e-05,-1e-05,-1e-05,0.00064,-0.00104,0.0005,0.00025,-0.00026,0,2e-05
6.5,0.00087,-0.00144,9e-05,-0.00014,7e-05,0,0,1e-05,0.00015,0.00011,-9e-05,-2e-05,-0,0.00022,-0.00028,9e-05,-0.00015,1e-05,-0,0,0.00017,-6e-05,2e-05,0.00039,8e-05,-1e-05,-1e-05,0.0007,-6e-05,0.00014,0.00037,-0.0001,0,1e-05
6.52,0.00072,-0.00137,0.00022,-0.00012,7e-05,0,-1e-05,0,0.00014,0.00011,-8e-05,-2e-05,-0,7e-05,-0.0002,6e-05,-0.00015,1e-05,-1e-05,-0,0.00018,-4e-05,2e-05,0.00032,8e-05,-1e-05,-1e-05,0.00076,0.00024,-0.00017,0.00037,3e-05,-0,0
6.54,0.00059,-0.00131,0.00031,-0.0001,7e-05,0,-3e-05,0,0.00011,0.0001,-7e-05,-2e-05,0,2e-05,-0.00013,3e-05,-0.00015,1e-05,-1e-05,-0,0.00017,-3e-05,1e-05,0.00027,7e-05,-1e-05,-1e-05,0.00086,7e-05,-0.00022,0.00039,7e-05,-0,-1e-05
6.56,0.0005,-0.00126,0.00036,-8e-05,8e-05,0,-5e-05,-0,9e-05,8e-05,-4e-05,-2e-05,1e-05,5e-05,-6e-05,-1e-05,-0.00014,1e-05,-2e-05,0,0.00015,-4e-05,0,0.00023,7e-05,-1e-05,-1e-05,0.00101,-0.00019,-0.0001,0.00048,6e-05,-0,-1e-05
6.58,0.00043,-0.00122,0.00037,-5e-05,8e-05,0,-8e-05,-0,8e-05,7e-05,0,-1e-05,1e-05,0.00015,-1e-05,-5e-05,-0.00014,1e-05,-3e-05,0,0.00011,-5e-05,-0,0.00021,6e-05,-1e-05,-1e-05,0.00123,-0.00042,-3e-05,0.00053,5e-05,-0,-1e-05
6.6,0.00039,-0.00119,0.00036,-3e-05,8e-05,0,-0.00011,-0,6e-05,5e-05,7e-05,-1e-05,2e-05,0.00029,3e-05,-8e-05,-0.00014,1e-05,-3e-05,0,7e-05,-6e-05,-0,0.0002,6e-05,-1e-05,-1e-05,0.00149,-0.00064,0,0.00057,4e-05,-0,-1e-05
6.62,0.00038,-0.00114,0.00034,-1e-05,7e-05,0,-0.00012,-0,5e-05,3e-05,0.00017,0,2e-05,0.00044,6e-05,-0.00012,-0.00014,1e-05,-4e-05,0,3e-05,-8e-05,0,0.0002,5e-05,-1e-05,-1e-05,0.0018,-0.0008,1e-05,0.00062,3e-05,-1e-05,-1e-05
6.64,0.0004,-0.00109,0.00032,0,6e-05,0,-0.00013,0,4e-05,1e-05,0.0003,2e-05,3e-05,0.00059,8e-05,-0.00015,-0.00013,1e-05,-4e-05,0,-2e-05,-9e-05,1e-05,0.00021,5e-05,-1e-05,-1e-05,0.0021,-0.00094,-0,0.00067,3e-05,-1e-05,-1e-05
6.66,0.00043,-0.00101,0.00031,1e-05,5e-05,0,-0.00013,1e-05,3e-05,-1e-05,0.00047,3e-05,4e-05,0.0007,8e-05,-0.00018,-0.00012,1e-05,-4e-05,1e-05,-6e-05,-0.0001,1e-05,0.00023,5e-05,-1e-05,-1e-05,0.00238,-0.0011,-2e-05,0.00069,2e-05,-1e-05,-1e-05
6.68,0.00047,-0.00093,0.00033,2e-05,3e-05,0,-0.00012,1e-05,3e-05,-3e-05,0.00065,5e-05,4e-05,0.00077,8e-05,-0.0002,-0.00011,1e-05,-4e-05,1e-05,-0.0001,-0.00011,1e-05,0.00026,4e-05,-1e-05,-1e-05,0.00262,-0.00128,-4e-05,0.0007,1e-05,-1e-05,-1e-05
6.7,0.00052,-0.00083,0.00036,2e-05,1e-05,0,-0.00011,2e-05,3e-05,-4e-05,0.00082,6e-05,5e-05,0.0008,7e-05,-0.00021,-9e-05,1e-05,-4e-05,1e-05,-0.00014,-0.0001,1e-05,0.00028,4e-05,-1e-05,-1e-05,0.00282,-0.00146,-4e-05,0.0007,1e-05,-1e-05,-1e-05
6.72,0.00056,-0.00071,0.00041,2e-05,-1e-05,0,-0.0001,3e-05,2e-05,-5e-05,0.00104,8e-05,6e-05,0.00077,5e-05,-0.00021,-7e-05,0,-4e-05,0,-0.00015,-0.0001,0,0.00031,4e-05,-1e-05,-1e-05,0.00298,-0.0016,-4e-05,0.00068,0,-1e-05,-1e-05
6.74,0.00058,-0.00058,0.00047,1e-05,-2e-05,0,-9e-05,4e-05,2e-05,-5e-05,0.00119,9e-05,6e-05,0.00069,4e-05,-0.0002,-4e-05,0,-3e-05,0,-0.00016,-8e-05,-0,0.00035,4e-05,-1e-05,-1e-05,0.00308,-0.00171,-3e-05,0.00064,0,-1e-05,-1e-05
6.76,0.00057,-0.00045,0.00055,1e-05,-4e-05,0,-7e-05,4e-05,1e-05,-6e-05,0.00118,8e-05,6e-05,0.00056,3e-05,-0.00017,-2e-05,0,-3e-05,0,-0.00015,-7e-05,-0,0.00037,4e-05,-1e-05,-1e-05,0.00311,-0.00178,-2e-05,0.00058,-0,-1e-05,-2e-05
6.78,0.00052,-0.00032,0.00063,1e-05,-5e-05,0,-5e-05,4e-05,1e-05,-6e-05,0.00106,8e-05,5e-05,0.0004,2e-05,-0.00013,1e-05,0,-2e-05,0,-0.00014,-4e-05,-0,0.0004,4e-05,-1e-05,-1e-05,0.00308,-0.0018,0,0.0005,-0,-1e-05,-2e-05
6.8,0.00044,-0.00018,0.00069,1e-05,-5e-05,0,-4e-05,4e-05,1e-05,-6e-05,0.00079,6e-05,4e-05,0.00023,2e-05,-8e-05,3e-05,0,-2e-05,-0,-0.00012,-2e-05,-0,0.00042,4e-05,-1e-05,-1e-05,0.00298,-0.00177,2e-05,0.00039,-0,-1e-05,-2e-05
6.82,0.00032,-4e-05,0.00073,1e-05,-5e-05,0,-3e-05,3e-05,1e-05,-5e-05,0.00042,3e-05,2e-05,7e-05,3e-05,-2e-05,5e-05,0,-2e-05,-0,-7e-05,-1e-05,-0,0.00044,4e-05,-1e-05,-1e-05,0.00282,-0.00169,5e-05,0.00028,-0,-1e-05,-2e-05
6.84,0.00017,0.00012,0.00073,1e-05,-4e-05,0,-3e-05,2e-05,1e-05,-5e-05,9e-05,1e-05,1e-05,-6e-05,4e-05,4e-05,5e-05,0,-1e-05,-0,-1e-05,0,-0,0.00046,4e-05,-1e-05,-0,0.00261,-0.00154,8e-05,0.00018,-0,-1e-05,-2e-05
6.86,0,0.00028,0.00071,1e-05,-2e-05,0,-2e-05,1e-05,1e-05,-4e-05,-0.00016,-1e-05,-1e-05,-0.00015,5e-05,0.0001,5e-05,0,-1e-05,-0,6e-05,1e-05,-0,0.00047,4e-05,-1e-05,-0,0.00237,-0.00132,0.00011,9e-05,-0,-1e-05,-2e-05
6.88,-0.00019,0.00047,0.00067,1e-05,-0,0,-2e-05,0,1e-05,-3e-05,-0.00033,-2e-05,-2e-05,-0.0002,7e-05,0.00016,3e-05,1e-05,-1e-05,0,0.00015,1e-05,-0,0.00048,3e-05,-1e-05,-0,0.00211,-0.00102,0.00014,3e-05,0,-1e-05,-1e-05
6.9,-0.00038,0.00068,0.00061,1e-05,3e-05,0,-1e-05,-1e-05,1e-05,-2e-05,-0.00041,-3e-05,-3e-05,-0.00022,8e-05,0.00022,1e-05,1e-05,-1e-05,0,0.00025,1e-05,0,0.00048,3e-05,-1e-05,-0,0.00184,-0.00067,0.00019,1e-05,0,-1e-05,-1e-05
6.92,-0.00057,0.00091,0.00055,1e-05,6e-05,0,-1e-05,-2e-05,1e-05,-1e-05,-0.00036,-3e-05,-4e-05,-0.00022,9e-05,0.00027,-1e-05,1e-05,-2e-05,0,0.00039,0,0,0.00046,3e-05,-1e-05,-0,0.00091,-0.00023,0.00022,-0.00029,-1e-05,-0,-0
6.94,-0.00074,0.00115,0.00049,1e-05,9e-05,0,-1e-05,-2e-05,1e-05,-1e-05,-0.00026,-2e-05,-4e-05,-0.00022,0.0001,0.00032,-4e-05,1e-05,-2e-05,0,0.00054,0,0,0.00044,2e-05,-1e-05,-0,-0.00068,9e-05,0.00024,-0.00052,-5e-05,1e-05,1e-05
6.96,-0.00086,0.00141,0.00044,1e-05,0.00012,0,-0,-2e-05,1e-05,0,-0.00018,-2e-05,-4e-05,-0.00023,0.00011,0.00036,-6e-05,1e-05,-2e-05,0,0.00071,0,0,0.00041,2e-05,-1e-05,-0,-0.00221,9e-05,0.00024,-2e-05,-0.00017,3e-05,2e-05
6.98,-0.00093,0.00167,0.0004,1e-05,0.00015,0,-0,-1e-05,-0,1e-05,-0.00011,-1e-05,-3e-05,-0.00026,0.00011,0.0004,-8e-05,1e-05,-2e-05,0,0.00089,1e-05,1e-05,0.00036,1e-05,-1e-05,-0,-0.00316,-0.00037,0.00023,0.00172,-0.00038,4e-05,3e-05
7,-0.00094,0.0019,0.00036,1e-05,0.00017,0,1e-05,1e-05,-2e-05,2e-05,-7e-05,-1e-05,-3e-05,-0.00031,0.0001,0.00043,-0.0001,1e-05,-2e-05,0,0.00106,2e-05,2e-05,0.00031,1e-05,-1e-05,-0,-0.0027,-0.00133,0.00021,0.00514,-0.00072,4e-05,4e-05
7.02,-0.00094,0.00206,0.00033,1e-05,0.00018,0,1e-05,3e-05,-3e-05,3e-05,-7e-05,0,-3e-05,-0.00038,9e-05,0.00045,-0.00011,1e-05,-2e-05,1e-05,0.00123,6e-05,5e-05,0.00026,0,-0,-0,-0.0001,-0.00278,0.00016,0.00971,-0.00119,3e-05,4e-05
7.04,-0.0009,0.00211,0.00029,1e-05,0.00018,0,2e-05,5e-05,-4e-05,5e-05,-5e-05,1e-05,-3e-05,-0.00046,7e-05,0.00047,-0.00011,1e-05,-1e-05,1e-05,0.00137,0.00013,9e-05,0.00022,-1e-05,-0,-0,0.00481,-0.00449,0.0001,0.0145,-0.00174,-0,3e-05
7.06,-0.00079,0.00205,0.00027,2e-05,0.00016,0,4e-05,7e-05,-4e-05,6e-05,-3e-05,1e-05,-3e-05,-0.00054,5e-05,0.00047,-0.0001,1e-05,-1e-05,1e-05,0.00145,0.00025,0.00014,0.00021,-2e-05,-0,-0,0.01188,-0.00604,5e-05,0.01894,-0.00235,-7e-05,-0
7.08,-0.00064,0.00187,0.00024,2e-05,0.00013,0,5e-05,8e-05,-4e-05,8e-05,-4e-05,1e-05,-3e-05,-0.00061,3e-05,0.00047,-9e-05,1e-05,-1e-05,1e-05,0.00146,0.00041,0.0002,0.00024,-3e-05,-0,-0,0.02047,-0.00709,1e-05,0.0221,-0.00294,-0.00016,-6e-05
7.1,-0.00047,0.00156,0.00021,3e-05,9e-05,0,6e-05,8e-05,-4e-05,0.00011,-8e-05,-0,-3e-05,-0.00065,1e-05,0.00046,-7e-05,1e-05,-1e-05,1e-05,0.00138,0.00062,0.00028,0.00032,-4e-05,-0,-0,0.02928,-0.00735,-0,0.02329,-0.00345,-0.00026,-0.00012
7.12,-0.00029,0.00117,0.00019,5e-05,4e-05,-0,7e-05,8e-05,-3e-05,0.00014,-0.00014,-2e-05,-3e-05,-0.00064,-1e-05,0.00043,-4e-05,1e-05,-1e-05,1e-05,0.00121,0.00089,0.00035,0.00046,-5e-05,-0,-0,0.03658,-0.00682,0,0.02223,-0.00382,-0.00037,-0.00019
7.14,-0.00012,0.00071,0.00017,6e-05,-0,-0,8e-05,7e-05,-2e-05,0.00017,-0.00017,-3e-05,-3e-05,-0.00055,-2e-05,0.0004,-2e-05,0,-1e-05,1e-05,0.00096,0.00121,0.00043,0.00066,-6e-05,-1e-05,-0,0.04143,-0.0058,3e-05,0.01944,-0.00406,-0.00046,-0.00026
7.16,1e-05,0.00024,0.00014,7e-05,-4e-05,-0,8e-05,5e-05,-1e-05,0.0002,-0.00014,-3e-05,-3e-05,-0.00041,-2e-05,0.00035,-0,0,-1e-05,0,0.00067,0.00153,0.00051,0.00093,-7e-05,-1e-05,-0,0.04388,-0.00462,8e-05,0.01577,-0.00415,-0.00053,-0.00031
7.18,0.0001,-0.00019,0.00011,8e-05,-7e-05,-0,8e-05,4e-05,0,0.00021,-6e-05,-3e-05,-3e-05,-0.00021,-2e-05,0.00029,1e-05,0,-1e-05,0,0.00036,0.00184,0.00056,0.00122,-8e-05,-1e-05,-0,0.04383,-0.00347,0.00016,0.01153,-0.00413,-0.00056,-0.00035
7.2,0.00014,-0.00053,8e-05,9e-05,-8e-05,-0,8e-05,2e-05,2e-05,0.00022,0.00013,-1e-05,-3e-05,1e-05,-1e-05,0.00023,2e-05,0,-1e-05,0,5e-05,0.00214,0.0006,0.00152,-9e-05,-1e-05,-0,0.04209,-0.00245,0.00023,0.00742,-0.004,-0.00057,-0.00036
7.22,0.00016,-0.00075,5e-05,0.0001,-8e-05,-0,9e-05,1e-05,3e-05,0.0002,0.00055,5e-05,-2e-05,0.00022,-0,0.00017,1e-05,0,-1e-05,-0,-0.0002,0.00241,0.00063,0.00182,-0.0001,-1e-05,-0,0.03974,-0.0016,0.00027,0.00401,-0.0038,-0.00055,-0.00036
7.24,0.00014,-0.00084,2e-05,9e-05,-6e-05,-0,8e-05,0,2e-05,0.00018,0.00099,0.0001,-1e-05,0.00041,1e-05,0.00012,-0,0,-1e-05,-0,-0.00036,0.00263,0.00061,0.00207,-0.00011,-1e-05,-0,0.03689,-0.00097,0.00027,0.00112,-0.00355,-0.0005,-0.00034
7.26,9e-05,-0.00081,1e-05,7e-05,-3e-05,-0,5e-05,-1e-05,-1e-05,0.00017,0.00123,0.00012,-1e-05,0.00055,1e-05,7e-05,-2e-05,0,-1e-05,-0,-0.00042,0.00278,0.00053,0.00223,-0.00011,-1e-05,-0,0.0335,-0.00054,0.00025,-0.00138,-0.00324,-0.00046,-0.00031
7.28,3e-05,-0.00067,-0,5e-05,-0,-0,1e-05,-4e-05,-6e-05,0.00016,0.00125,0.00011,0,0.00064,1e-05,3e-05,-5e-05,0,-1e-05,-0,-0.00041,0.00286,0.00041,0.00228,-0.00011,-1e-05,-0,0.0298,-0.00025,0.00022,-0.00344,-0.0029,-0.0004,-0.00029
7.3,-4e-05,-0.00043,0,2e-05,2e-05,-0,-2e-05,-8e-05,-0.00011,0.00016,0.00103,7e-05,0,0.00068,1e-05,-1e-05,-8e-05,0,-1e-05,-1e-05,-0.00029,0.00285,0.00027,0.0022,-0.00011,-0,-0,0.02617,-7e-05,0.00017,-0.00489,-0.00255,-0.00035,-0.00026
7.32,-8e-05,-0.00013,2e-05,-1e-05,5e-05,-0,-4e-05,-0.00012,-0.00013,0.00015,0.00067,2e-05,1e-05,0.00068,0,-3e-05,-0.0001,0,-1e-05,-1e-05,1e-05,0.00275,0.00011,0.00198,-0.00011,-0,-0,0.02302,6e-05,0.00012,-0.00569,-0.00223,-0.0003,-0.00023
7.34,-0.00011,0.00024,6e-05,-5e-05,6e-05,-0,-4e-05,-0.00016,-0.00013,0.00014,0.00029,-0,2e-05,0.00063,-0,-5e-05,-0.00012,-0,-1e-05,-1e-05,0.0004,0.00259,-5e-05,0.00165,-9e-05,-0,-0,0.01999,0.00014,7e-05,-0.00607,-0.00194,-0.00026,-0.0002
7.36,-9e-05,0.00064,0.00012,-8e-05,7e-05,-0,-4e-05,-0.0002,-0.00011,0.00013,1e-05,0,3e-05,0.00056,-1e-05,-6e-05,-0.00013,-0,-1e-05,-0,0.00079,0.00235,-0.00021,0.00126,-8e-05,0,-0,0.01672,0.00021,3e-05,-0.0062,-0.00169,-0.00022,-0.00017
7.38,-4e-05,0.00105,0.00019,-0.00011,7e-05,-0,-4e-05,-0.00023,-0.0001,0.00012,-0.00012,4e-05,4e-05,0.00047,-1e-05,-7e-05,-0.00013,-0,-1e-05,-0,0.00114,0.00208,-0.00038,0.00088,-6e-05,0,-0,0.01329,0.00027,0,-0.00611,-0.00148,-0.00019,-0.00015
7.4,3e-05,0.00145,0.00027,-0.00013,7e-05,-0,-5e-05,-0.00026,-8e-05,0.00011,-7e-05,0.0001,4e-05,0.00036,-2e-05,-7e-05,-0.00012,-0,-1e-05,-0,0.00147,0.00174,-0.00057,0.00051,-4e-05,0,-0,0.00983,0.00034,-1e-05,-0.00581,-0.0013,-0.00016,-0.00012
7.42,0.0001,0.00178,0.00035,-0.00015,6e-05,-0,-6e-05,-0.00026,-7e-05,0.0001,0.00048,0.00021,3e-05,0.00026,-2e-05,-7e-05,-0.0001,-0,-1e-05,-0,0.00179,0.00134,-0.00073,0.00018,-2e-05,1e-05,-0,0.00648,0.00042,-0,-0.00535,-0.00116,-0.00013,-0.00011
7.44,0.00017,0.00204,0.00042,-0.00016,5e-05,-0,-7e-05,-0.00023,-6e-05,0.0001,0.00117,0.00031,2e-05,0.00016,-2e-05,-7e-05,-8e-05,-0,-1e-05,-0,0.00211,0.00096,-0.00087,-7e-05,-0,2e-05,0,0.00323,0.0005,1e-05,-0.00488,-0.00104,-0.00012,-9e-05
7.46,0.00023,0.00222,0.00046,-0.00017,5e-05,-0,-6e-05,-0.00018,-4e-05,0.00011,0.0015,0.00033,1e-05,9e-05,-2e-05,-6e-05,-6e-05,-0,-1e-05,-0,0.00241,0.00061,-0.001,-0.00027,2e-05,2e-05,0,4e-05,0.00058,3e-05,-0.00448,-0.00095,-0.0001,-8e-05
7.48,0.00026,0.00234,0.00047,-0.00018,5e-05,-0,-5e-05,-0.00012,-3e-05,0.00012,0.0015,0.0003,0,3e-05,-2e-05,-6e-05,-3e-05,-0,-1e-05,-0,0.00272,0.00029,-0.0011,-0.00051,3e-05,2e-05,1e-05,-0.00296,0.00066,7e-05,-0.00416,-0.00087,-9e-05,-8e-05
7.5,0.00027,0.00238,0.00046,-0.00018,4e-05,-0,-3e-05,-7e-05,-2e-05,0.00013,0.00109,0.00021,0,-0,-2e-05,-5e-05,-1e-05,-0,-1e-05,-0,0.00306,-2e-05,-0.00113,-0.00079,4e-05,2e-05,1e-05,-0.00564,0.00072,0.00012,-0.00391,-0.00079,-9e-05,-8e-05
7.52,0.00023,0.00237,0.00044,-0.00018,4e-05,-0,-3e-05,-2e-05,-1e-05,0.00012,0.00044,0.0001,0,-1e-05,-1e-05,-4e-05,1e-05,-0,-1e-05,-0,0.00348,-0.00035,-0.00105,-0.00102,5e-05,2e-05,1e-05,-0.0079,0.00077,0.00018,-0.00371,-0.00072,-8e-05,-8e-05
7.54,0.00018,0.00231,0.00041,-0.00017,4e-05,-0,-2e-05,2e-05,-0,0.0001,-0,1e-05,0,-1e-05,-1e-05,-3e-05,1e-05,-0,-1e-05,-0,0.0039,-0.00072,-0.00087,-0.00123,5e-05,1e-05,0,-0.00979,0.00079,0.00026,-0.00353,-0.00065,-8e-05,-8e-05
7.56,0.00014,0.00223,0.00039,-0.00017,4e-05,-0,-2e-05,5e-05,1e-05,6e-05,-8e-05,-4e-05,1e-05,2e-05,-1e-05,-2e-05,1e-05,-0,-1e-05,-0,0.00424,-0.0011,-0.00064,-0.00152,5e-05,0,0,-0.01136,0.00077,0.00036,-0.00333,-0.00057,-8e-05,-9e-05
7.58,0.0001,0.00214,0.00037,-0.00016,4e-05,-0,-3e-05,7e-05,2e-05,2e-05,0.00017,-5e-05,1e-05,6e-05,-1e-05,-2e-05,1e-05,-0,-1e-05,-0,0.00446,-0.00149,-0.00039,-0.0018,4e-05,-0,-0,-0.01263,0.0007,0.00045,-0.0031,-0.0005,-7e-05,-9e-05
7.6,7e-05,0.00204,0.00035,-0.00015,4e-05,-0,-3e-05,7e-05,3e-05,-2e-05,0.00071,-3e-05,2e-05,0.00011,-0,-3e-05,-1e-05,-0,-1e-05,-0,0.0046,-0.00183,-0.00017,-0.00207,4e-05,-0,-0,-0.01355,0.00057,0.00052,-0.0028,-0.00045,-7e-05,-8e-05
7.62,5e-05,0.00192,0.00034,-0.00014,3e-05,-0,-4e-05,7e-05,5e-05,-4e-05,0.00159,3e-05,2e-05,0.00016,-0,-3e-05,-2e-05,-0,-1e-05,-0,0.00468,-0.00207,1e-05,-0.00231,3e-05,-0,-0,-0.0141,0.00043,0.00054,-0.00242,-0.00041,-6e-05,-7e-05
7.64,3e-05,0.0018,0.00031,-0.00012,3e-05,-0,-4e-05,7e-05,7e-05,-6e-05,0.00243,8e-05,3e-05,0.00021,-0,-4e-05,-4e-05,-0,-1e-05,0,0.00459,-0.00221,0.00012,-0.00246,2e-05,-0,-0,-0.01451,0.00028,0.00049,-0.00196,-0.00039,-4e-05,-5e-05
7.66,2e-05,0.00167,0.00027,-0.00011,2e-05,-0,-2e-05,6e-05,0.0001,-9e-05,0.00283,0.00011,4e-05,0.00025,-0,-4e-05,-5e-05,0,-1e-05,0,0.00424,-0.00226,0.00017,-0.00249,2e-05,-0,-0,-0.01489,0.00013,0.00035,-0.00144,-0.00039,-3e-05,-3e-05
7.68,2e-05,0.00153,0.00022,-9e-05,1e-05,-0,-1e-05,5e-05,0.00012,-0.00012,0.00278,0.00011,4e-05,0.00029,-0,-5e-05,-6e-05,0,-1e-05,0,0.00372,-0.00224,0.00018,-0.00238,1e-05,-0,-0,-0.01519,0,0.00016,-0.00084,-0.00039,-1e-05,-0
7.7,1e-05,0.00137,0.00016,-8e-05,1e-05,-0,0,3e-05,0.00012,-0.00016,0.00223,8e-05,4e-05,0.00031,0,-6e-05,-7e-05,0,-0,0,0.00304,-0.00214,0.00013,-0.00219,1e-05,-0,-0,-0.01533,-6e-05,-5e-05,-0.0002,-0.00039,0,2e-05
7.72,1e-05,0.0012,0.00011,-7e-05,-0,-0,-0,1e-05,0.00011,-0.00018,0.00132,3e-05,4e-05,0.00032,0,-6e-05,-8e-05,0,-0,0,0.0023,-0.00194,5e-05,-0.00198,1e-05,-0,-0,-0.01518,-6e-05,-0.00019,0.00044,-0.00037,1e-05,4e-05
7.74,0,0.00101,8e-05,-6e-05,-0,-0,-2e-05,-0,0.0001,-0.0002,0.00044,-0,4e-05,0.00031,0,-7e-05,-8e-05,0,-0,0,0.00161,-0.00167,-6e-05,-0.00169,1e-05,0,0,-0.01452,-4e-05,-0.00023,0.00102,-0.00032,2e-05,5e-05
7.76,0,0.00082,5e-05,-5e-05,-0,-0,-4e-05,-1e-05,9e-05,-0.00021,-0.00012,1e-05,3e-05,0.00029,0,-6e-05,-7e-05,0,-0,0,0.00107,-0.00135,-0.00019,-0.00131,1e-05,0,0,-0.01323,-4e-05,-0.00019,0.00147,-0.00026,2e-05,5e-05
7.78,0,0.00062,4e-05,-4e-05,0,-0,-6e-05,-2e-05,9e-05,-0.00021,-0.00033,7e-05,2e-05,0.00026,0,-6e-05,-7e-05,0,-0,0,0.00078,-0.00099,-0.00033,-0.00088,1e-05,0,0,-0.01133,-4e-05,-0.00012,0.00172,-0.00019,2e-05,5e-05
7.8,0,0.00045,3e-05,-4e-05,2e-05,-0,-7e-05,-3e-05,9e-05,-0.00021,-0,0.0002,1e-05,0.00022,-0,-5e-05,-6e-05,0,-0,0,0.00057,-0.00062,-0.00045,-0.00049,1e-05,0,0,-0.00896,-4e-05,-6e-05,0.00173,-0.00012,1e-05,4e-05
7.82,0,0.0003,4e-05,-4e-05,3e-05,-0,-6e-05,-5e-05,0.00011,-0.00019,0.00155,0.00039,-0,0.00019,-0,-4e-05,-6e-05,0,-0,0,0.00032,-0.00029,-0.00053,-0.00015,1e-05,0,0,-0.00627,-3e-05,-2e-05,0.00148,-7e-05,1e-05,3e-05
7.84,-1e-05,0.00021,6e-05,-4e-05,5e-05,-0,-1e-05,-6e-05,0.00011,-0.00016,0.00352,0.00057,-1e-05,0.00017,-0,-4e-05,-6e-05,0,-0,-0,0.00017,-0,-0.00056,0.00013,1e-05,0,0,-0.00336,-2e-05,-1e-05,0.001,-3e-05,0,2e-05
7.86,-4e-05,0.00018,7e-05,-5e-05,7e-05,-0,4e-05,-6e-05,0.0001,-0.00014,0.00423,0.00067,-0,0.00016,-0,-3e-05,-7e-05,0,0,-0,0.00013,0.00022,-0.00053,0.00034,1e-05,0,0,-0.00041,-1e-05,-0,0.00032,-0,-0,1e-05
7.88,-7e-05,0.00021,7e-05,-6e-05,0.0001,-0,7e-05,-5e-05,7e-05,-0.00014,0.00497,0.00068,0,0.00015,-0,-3e-05,-7e-05,0,0,-0,0.0001,0.00035,-0.00045,0.00045,1e-05,0,0,0.00236,1e-05,-0,-0.00046,1e-05,-1e-05,-0
7.9,-0.0001,0.00029,6e-05,-7e-05,0.00013,-0,6e-05,-4e-05,5e-05,-0.00015,0.0056,0.00062,1e-05,0.00014,-0,-3e-05,-6e-05,0,1e-05,-1e-05,-5e-05,0.0004,-0.00032,0.00049,1e-05,1e-05,0,0.00388,2e-05,-1e-05,-0.00094,0,-1e-05,-1e-05
7.92,-0.00016,0.00042,5e-05,-7e-05,0.00015,-0,4e-05,-4e-05,5e-05,-0.00017,0.00584,0.0005,2e-05,0.00011,-0,-3e-05,-4e-05,-0,1e-05,-1e-05,-0.00025,0.00036,-0.00019,0.00051,1e-05,1e-05,0,0.00438,4e-05,-1e-05,-0.00108,-0,-0,-1e-05
7.94,-0.00023,0.00057,4e-05,-8e-05,0.00017,-0,2e-05,-4e-05,5e-05,-0.00017,0.00455,0.00036,2e-05,4e-05,-1e-05,-2e-05,0,-0,1e-05,-1e-05,-0.00043,0.00022,-6e-05,0.0005,1e-05,1e-05,0,0.00487,9e-05,-2e-05,-0.00118,-2e-05,-0,-1e-05
7.96,-0.00027,0.00069,3e-05,-8e-05,0.00019,-0,2e-05,-5e-05,6e-05,-0.00017,0.00312,0.00023,3e-05,-8e-05,-0,-1e-05,6e-05,-0,2e-05,-1e-05,-0.00068,-1e-05,5e-05,0.00044,1e-05,1e-05,0,0.00521,0.00016,-2e-05,-0.00122,-3e-05,-0,-1e-05
7.98,-0.00028,0.00075,2e-05,-7e-05,0.0002,-0,5e-05,-5e-05,7e-05,-0.00015,0.00174,0.00011,3e-05,-0.00027,-0,1e-05,0.00014,-0,2e-05,-1e-05,-0.001,-0.00032,0.00012,0.00037,1e-05,1e-05,0,0.00538,0.00029,-3e-05,-0.00116,-4e-05,-0,-1e-05
8,-0.00028,0.00071,1e-05,-6e-05,0.00019,-0,0.00011,-4e-05,7e-05,-0.00011,0.00052,2e-05,3e-05,-0.00051,0,3e-05,0.00023,-0,3e-05,-0,-0.00127,-0.00071,0.00017,0.00028,1e-05,1e-05,1e-05,0.00531,0.0005,-2e-05,-0.00097,-6e-05,-0,-1e-05
8.02,-0.00027,0.00056,0,-3e-05,0.00017,-0,0.00015,-2e-05,5e-05,-7e-05,-0.0003,-3e-05,2e-05,-0.00082,2e-05,6e-05,0.00033,-1e-05,4e-05,0,-0.00132,-0.00113,0.00021,0.00019,1e-05,1e-05,1e-05,0.00497,0.00083,-0,-0.00064,-7e-05,-0,-1e-05
8.04,-0.00027,0.0003,-1e-05,-0,0.00014,-0,0.0002,-0,2e-05,-2e-05,-0.00045,-3e-05,2e-05,-0.00119,4e-05,0.0001,0.00042,-1e-05,4e-05,1e-05,-0.0012,-0.00157,0.00025,0.00011,1e-05,1e-05,1e-05,0.00436,0.00126,2e-05,-0.00019,-8e-05,-1e-05,-1e-05
8.06,-0.00025,-3e-05,-2e-05,3e-05,9e-05,-0,0.00025,-0,-0,3e-05,5e-05,4e-05,1e-05,-0.00161,6e-05,0.00014,0.00051,-1e-05,5e-05,1e-05,-0.00105,-0.00197,0.00029,3e-05,1e-05,2e-05,1e-05,0.00354,0.00172,5e-05,0.00033,-0.0001,-1e-05,-1e-05
8.08,-0.00023,-0.0004,-3e-05,8e-05,3e-05,0,0.00028,-3e-05,-1e-05,7e-05,0.00085,0.00015,0,-0.00208,9e-05,0.00019,0.00057,-1e-05,5e-05,2e-05,-0.00084,-0.00228,0.00033,-4e-05,1e-05,2e-05,1e-05,0.0026,0.00219,7e-05,0.00088,-0.00011,-1e-05,-1e-05
8.1,-0.00019,-0.00075,-4e-05,0.00011,-3e-05,0,0.0003,-0.0001,0,8e-05,0.00137,0.00028,-1e-05,-0.00257,0.00013,0.00023,0.00063,-0,5e-05,3e-05,-0.00066,-0.00244,0.00035,-0.00011,1e-05,2e-05,1e-05,0.00154,0.00257,9e-05,0.00139,-0.00011,-1e-05,-0
8.12,-0.00012,-0.00103,-6e-05,0.00015,-0.0001,0,0.00034,-0.0002,4e-05,4e-05,0.00258,0.00048,-2e-05,-0.00306,0.00017,0.00027,0.00068,0,6e-05,4e-05,-0.0006,-0.00236,0.00033,-0.00016,1e-05,2e-05,1e-05,0.00047,0.00281,0.0001,0.00188,-0.00012,-1e-05,-0
8.14,-3e-05,-0.00127,-7e-05,0.00017,-0.00016,0,0.00033,-0.00026,6e-05,-2e-05,0.0039,0.00066,-3e-05,-0.00356,0.00021,0.00031,0.00073,1e-05,6e-05,4e-05,-0.00058,-0.0021,0.00028,-0.0002,2e-05,2e-05,1e-05,-0.00037,0.00286,0.00012,0.00231,-0.00011,-1e-05,-0
8.16,9e-05,-0.00146,-5e-05,0.00019,-0.00022,0,0.00026,-0.0003,7e-05,-5e-05,0.00496,0.00075,-4e-05,-0.00408,0.00025,0.00035,0.00077,2e-05,5e-05,5e-05,-0.00055,-0.00175,0.00022,-0.00022,2e-05,2e-05,1e-05,-0.00095,0.00275,0.00014,0.00259,-0.00011,-1e-05,-0
8.18,0.00023,-0.0016,-0,0.00019,-0.00027,0,0.00016,-0.00033,7e-05,-1e-05,0.00629,0.00077,-5e-05,-0.00464,0.00027,0.0004,0.00078,3e-05,5e-05,5e-05,-0.0005,-0.00134,0.00015,-0.00024,2e-05,1e-05,1e-05,-0.00129,0.00245,0.00015,0.00257,-0.0001,-1e-05,-0
8.2,0.00039,-0.00169,8e-05,0.00018,-0.00031,0,7e-05,-0.00042,0.0001,6e-05,0.00748,0.00072,-5e-05,-0.00524,0.00028,0.00045,0.00081,4e-05,4e-05,5e-05,-0.00045,-0.00096,9e-05,-0.00025,2e-05,1e-05,1e-05,-0.00134,0.00197,0.00015,0.00241,-9e-05,-0,-0
8.22,0.00054,-0.00172,0.00015,0.00017,-0.00034,0,1e-05,-0.00057,0.00021,7e-05,0.00552,0.0006,-5e-05,-0.00582,0.00028,0.00052,0.00088,6e-05,4e-05,4e-05,-0.00042,-0.00067,4e-05,-0.00027,3e-05,1e-05,0,-0.00106,0.00132,0.00014,0.00236,-8e-05,-0,0
8.24,0.00067,-0.00171,0.00024,0.00015,-0.00036,0,-2e-05,-0.00068,0.00031,7e-05,0.00345,0.00045,-5e-05,-0.00637,0.00023,0.00059,0.00094,7e-05,3e-05,3e-05,-0.00036,-0.00045,1e-05,-0.00028,3e-05,1e-05,0,-0.0006,0.00063,0.00012,0.00232,-6e-05,0,0
8.26,0.0008,-0.00165,0.00035,0.00012,-0.00038,0,-2e-05,-0.00073,0.00037,8e-05,0.00206,0.00034,-4e-05,-0.00687,0.0001,0.00065,0.00091,8e-05,2e-05,2e-05,-0.00025,-0.00029,-0,-0.00031,3e-05,1e-05,0,-0.00017,-6e-05,9e-05,0.00219,-5e-05,0,0
8.28,0.00094,-0.00157,0.00049,9e-05,-0.0004,0,1e-05,-0.0007,0.00039,9e-05,0.00111,0.00024,-4e-05,-0.00727,-0.00012,0.00069,0.00076,8e-05,1e-05,1e-05,-0.0001,-0.00016,-1e-05,-0.00034,3e-05,0,0,0.0002,-0.00072,5e-05,0.00207,-3e-05,1e-05,0
8.3,0.00104,-0.00146,0.00063,7e-05,-0.0004,0,5e-05,-0.00062,0.00036,0.0001,0.00052,0.00016,-3e-05,-0.00747,-0.00042,0.00069,0.00049,7e-05,-0,0,7e-05,-9e-05,-1e-05,-0.00037,2e-05,0,0,0.0005,-0.00131,-0,0.00189,-1e-05,1e-05,0
8.32,0.00102,-0.00134,0.00075,4e-05,-0.00039,0,0.00011,-0.00052,0.00029,9e-05,0.00018,0.00011,-3e-05,-0.00732,-0.0008,0.00064,4e-05,6e-05,-1e-05,-0,0.00024,-6e-05,-0,-0.0004,2e-05,-0,-0,0.00078,-0.00172,-5e-05,0.00159,1e-05,1e-05,0
8.34,0.00095,-0.00122,0.00083,2e-05,-0.00038,0,0.00018,-0.00039,0.0002,8e-05,-2e-05,7e-05,-3e-05,-0.00677,-0.00121,0.00056,-0.00066,4e-05,-1e-05,-0,0.00042,-5e-05,0,-0.00043,2e-05,-0,-0,0.00101,-0.00196,-0.0001,0.00129,3e-05,1e-05,0
8.36,0.00091,-0.00114,0.00086,-1e-05,-0.00035,0,0.00024,-0.00024,0.00012,6e-05,-0.00013,4e-05,-2e-05,-0.00588,-0.00162,0.00045,-0.00162,2e-05,-1e-05,-0,0.00059,-4e-05,0,-0.00045,2e-05,-0,-0,0.00111,-0.00213,-0.00015,0.00098,4e-05,1e-05,0
8.38,0.00088,-0.00109,0.00084,-3e-05,-0.00032,0,0.00029,-0.00011,5e-05,5e-05,-0.0002,1e-05,-2e-05,-0.00464,-0.00201,0.00034,-0.00284,1e-05,-1e-05,-0,0.00076,-3e-05,-0,-0.00048,1e-05,-0,-0,0.00106,-0.00226,-0.00024,0.00059,5e-05,2e-05,0
8.4,0.00083,-0.00106,0.00079,-4e-05,-0.00027,0,0.00033,2e-05,-2e-05,3e-05,-0.00024,-1e-05,-2e-05,-0.00326,-0.00232,0.00024,-0.00422,0,-0,-0,0.00091,-3e-05,-0,-0.00052,1e-05,-1e-05,-0,0.00092,-0.0024,-0.00037,4e-05,6e-05,2e-05,1e-05
8.42,0.00073,-0.00104,0.00073,-6e-05,-0.00023,0,0.00035,0.00012,-6e-05,0,-0.00025,-3e-05,-1e-05,-0.00199,-0.00252,0.00015,-0.00557,0,-0,0,0.00106,-3e-05,-1e-05,-0.00056,1e-05,-1e-05,-0,0.00069,-0.00262,-0.00055,-0.00065,6e-05,2e-05,1e-05
8.44,0.00062,-0.00103,0.00065,-7e-05,-0.00018,0,0.00035,0.00021,-9e-05,-3e-05,-0.00026,-4e-05,-1e-05,-0.00083,-0.00259,8e-05,-0.00688,-0,0,1e-05,0.00121,-5e-05,-1e-05,-0.00061,1e-05,-0,-0,0.00018,-0.00288,-0.00073,-0.00141,6e-05,2e-05,1e-05
8.46,0.00053,-0.00102,0.00056,-9e-05,-0.00014,0,0.00033,0.00028,-0.00011,-8e-05,-0.00025,-5e-05,-0,0.00022,-0.00256,4e-05,-0.00817,0,-0,1e-05,0.00141,-6e-05,-1e-05,-0.00068,1e-05,-0,-0,-0.00065,-0.00313,-0.00089,-0.00221,5e-05,2e-05,1e-05
8.48,0.00046,-0.00099,0.00047,-0.0001,-0.00011,0,0.00029,0.00033,-0.00012,-0.00013,-0.00024,-6e-05,0,0.00121,-0.00242,1e-05,-0.00939,0,-1e-05,1e-05,0.00165,-7e-05,-0,-0.00077,1e-05,-0,-0,-0.00173,-0.00336,-0.00098,-0.00292,4e-05,2e-05,1e-05
8.5,0.00038,-0.00092,0.00038,-0.00012,-7e-05,0,0.00024,0.00037,-0.00013,-0.00018,-0.00023,-6e-05,1e-05,0.00176,-0.00223,-0,-0.01038,0,-1e-05,0,0.00194,-8e-05,-0,-0.00088,2e-05,0,-0,-0.00297,-0.00353,-0.00098,-0.00352,2e-05,2e-05,1e-05
8.52,0.00027,-0.00077,0.00031,-0.00013,-4e-05,0,0.00019,0.00039,-0.00013,-0.00022,-0.0002,-5e-05,1e-05,0.0015,-0.00203,-1e-05,-0.01108,0,-1e-05,-1e-05,0.00229,-7e-05,-0,-0.00101,3e-05,0,0,-0.00412,-0.00356,-0.00089,-0.00397,1e-05,2e-05,1e-05
8.54,0.00016,-0.00055,0.00025,-0.00014,-1e-05,0,0.00014,0.0004,-0.00012,-0.00025,-0.00018,-4e-05,1e-05,0.00099,-0.00183,-1e-05,-0.01161,0,-1e-05,-3e-05,0.00267,-5e-05,-0,-0.00116,5e-05,1e-05,0,-0.00513,-0.00349,-0.00074,-0.0042,-0,2e-05,1e-05
8.56,7e-05,-0.00025,0.00019,-0.00014,3e-05,0,0.0001,0.0004,-0.00012,-0.00027,-0.00015,-3e-05,1e-05,0.00063,-0.00162,-1e-05,-0.01188,2e-05,-1e-05,-6e-05,0.00303,-2e-05,-0,-0.00132,8e-05,1e-05,0,-0.0059,-0.00336,-0.00056,-0.00419,-1e-05,2e-05,2e-05
8.58,-1e-05,0.00012,0.00015,-0.00013,7e-05,0,8e-05,0.00039,-0.00011,-0.00027,-0.00012,-2e-05,1e-05,0.00038,-0.0014,-2e-05,-0.01177,7e-05,-0,-0.0001,0.00331,1e-05,-0,-0.00146,0.00011,2e-05,0,-0.00613,-0.00314,-0.00037,-0.00393,-1e-05,2e-05,2e-05
8.6,-5e-05,0.00054,0.00011,-0.00012,0.00011,0,6e-05,0.00037,-0.0001,-0.00025,-9e-05,-2e-05,1e-05,0.0002,-0.00122,-2e-05,-0.01123,0.00017,1e-05,-0.00013,0.00347,3e-05,-0,-0.00157,0.00015,3e-05,1e-05,-0.00588,-0.00286,-0.00021,-0.00351,-1e-05,1e-05,2e-05
8.62,-5e-05,0.00096,0.0001,-9e-05,0.00015,0,5e-05,0.00034,-9e-05,-0.00024,-5e-05,-1e-05,1e-05,8e-05,-0.00107,-3e-05,-0.01035,0.00038,1e-05,-0.00014,0.00353,1e-05,0,-0.00159,0.0002,4e-05,1e-05,-0.00518,-0.00257,-0.0001,-0.00303,-1e-05,1e-05,2e-05
8.64,-3e-05,0.00132,9e-05,-6e-05,0.00019,0,5e-05,0.0003,-7e-05,-0.00021,-2e-05,-1e-05,1e-05,3e-05,-0.00092,-6e-05,-0.00919,0.00066,0,-0.00011,0.00337,-3e-05,-0,-0.00149,0.00025,5e-05,1e-05,-0.0039,-0.00222,-5e-05,-0.00251,-0,1e-05,2e-05
8.66,2e-05,0.0016,9e-05,-1e-05,0.00023,0,6e-05,0.00026,-6e-05,-0.00017,1e-05,0,1e-05,7e-05,-0.00073,-9e-05,-0.0078,0.00094,-1e-05,-8e-05,0.0029,-9e-05,-1e-05,-0.00127,0.0003,6e-05,1e-05,-0.00213,-0.00181,-7e-05,-0.00196,-0,1e-05,2e-05
8.68,0.00012,0.00176,0.0001,4e-05,0.00026,0,7e-05,0.00023,-5e-05,-0.00013,3e-05,1e-05,1e-05,0.00017,-0.00051,-0.00012,-0.00625,0.00119,-2e-05,-3e-05,0.00214,-0.00016,-2e-05,-0.00093,0.00034,7e-05,2e-05,-0.0002,-0.00139,-0.00013,-0.00146,0,1e-05,2e-05
8.7,0.00023,0.00173,0.00013,0.00011,0.00027,0,8e-05,0.00019,-4e-05,-8e-05,6e-05,2e-05,1e-05,0.00029,-0.0003,-0.00014,-0.00479,0.00136,-3e-05,1e-05,0.0013,-0.00022,-4e-05,-0.00051,0.00036,8e-05,2e-05,0.00145,-0.001,-0.00022,-0.00108,0,1e-05,1e-05
8.72,0.00031,0.00146,0.00018,0.00017,0.00025,0,8e-05,0.00016,-2e-05,-4e-05,9e-05,3e-05,1e-05,0.00041,-0.00013,-0.00013,-0.00362,0.00139,-1e-05,2e-05,0.00069,-0.00023,-5e-05,-0.0001,0.00041,9e-05,2e-05,0.00292,-0.0007,-0.00032,-0.00085,0,1e-05,1e-05
8.74,0.00035,0.00099,0.00022,0.00024,0.0002,-0,8e-05,0.00012,-2e-05,-1e-05,0.00011,3e-05,1e-05,0.00049,-2e-05,-0.0001,-0.00266,0.00131,2e-05,2e-05,0.00024,-0.00016,-6e-05,-0,0.00041,9e-05,2e-05,0.00453,-0.00049,-0.00041,-0.00068,-1e-05,1e-05,0
8.76,0.00035,0.0004,0.00025,0.0003,0.00012,-0,8e-05,9e-05,-1e-05,2e-05,0.00013,3e-05,1e-05,0.00052,3e-05,-4e-05,-0.00182,0.00119,4e-05,2e-05,-5e-05,0,-7e-05,-0.00042,0.0003,7e-05,2e-05,0.00622,-0.00036,-0.00048,-0.00041,-6e-05,0,-0
8.78,0.00029,-0.00024,0.00026,0.00035,3e-05,-0,6e-05,5e-05,-0,5e-05,0.00014,2e-05,1e-05,0.00048,1e-05,4e-05,-0.00113,0.00103,7e-05,2e-05,-4e-05,0.00028,-7e-05,-0.00167,9e-05,3e-05,1e-05,0.00752,-0.0003,-0.00052,0.0001,-0.00017,-0,0
8.8,0.0002,-0.00079,0.00022,0.0004,-5e-05,-0,4e-05,2e-05,0,7e-05,0.00015,1e-05,1e-05,0.00032,-3e-05,0.0001,-0.00062,0.00084,8e-05,2e-05,2e-05,0.00063,-8e-05,-0.00326,-0.00021,-3e-05,-0,0.00804,-0.00026,-0.00053,0.0012,-0.00033,-0,1e-05
8.82,9e-05,-0.00111,0.00013,0.00043,-0.00013,-0,1e-05,1e-05,0,9e-05,0.00016,1e-05,1e-05,7e-05,-7e-05,0.00014,-0.00025,0.00061,7e-05,1e-05,0.0005,0.00097,-0.00016,-0.0034,-0.00045,-8e-05,-2e-05,0.00778,-0.00021,-0.00051,0.00313,-0.00054,0,3e-05
8.84,-2e-05,-0.00123,-0,0.00044,-0.0002,-0,-2e-05,-0,0,0.00011,0.00014,-0,0,-0.00024,-0.0001,0.00017,2e-05,0.00041,6e-05,1e-05,0.00157,0.0012,-0.00027,-0.00251,-0.00056,-0.0001,-2e-05,0.00655,-0.00015,-0.00046,0.0061,-0.00078,1e-05,5e-05
8.86,-0.00012,-0.00119,-0.00017,0.00044,-0.00027,-0,-5e-05,-1e-05,-0,0.00012,0.00012,-1e-05,0,-0.00058,-0.00013,0.0002,0.00022,0.00026,4e-05,0,0.00269,0.00132,-0.00039,-0.00158,-0.00058,-0.00011,-2e-05,0.00402,-9e-05,-0.00031,0.01022,-0.00103,3e-05,9e-05
8.88,-0.00019,-0.00098,-0.00035,0.00042,-0.00029,-0,-7e-05,-1e-05,-0,0.00013,8e-05,-2e-05,0,-0.00093,-0.00015,0.00022,0.00035,0.00015,3e-05,-0,0.00357,0.00129,-0.00052,-0.00029,-0.00051,-9e-05,-2e-05,0.00024,-5e-05,-5e-05,0.01534,-0.00126,4e-05,0.00013
8.9,-0.00021,-0.00065,-0.00054,0.00039,-0.00027,-0,-9e-05,-0,-0,0.00014,3e-05,-2e-05,0,-0.00126,-0.00016,0.00024,0.00043,6e-05,2e-05,-0,0.00403,0.00115,-0.00061,0.00079,-0.00041,-7e-05,-2e-05,-0.00418,-1e-05,0.00036,0.02088,-0.00145,7e-05,0.00018
8.92,-0.00018,-0.00026,-0.00072,0.00036,-0.00022,-0,-0.00011,-0,-0,0.00015,-1e-05,-2e-05,0,-0.00152,-0.00015,0.00026,0.00049,-1e-05,0,-1e-05,0.00391,0.00096,-0.0006,0.0013,-0.00036,-6e-05,-1e-05,-0.00819,2e-05,0.00084,0.02599,-0.0016,0.0001,0.00024
8.94,-0.00014,0.00012,-0.00088,0.00033,-0.00016,-0,-0.00011,0,-0,0.00016,-5e-05,-2e-05,0,-0.00169,-0.00013,0.00027,0.00054,-6e-05,-1e-05,-1e-05,0.00325,0.00075,-0.00052,0.0017,-0.0003,-6e-05,-1e-05,-0.01148,-5e-05,0.0013,0.03024,-0.00169,0.00013,0.00029
8.96,-0.00012,0.00043,-0.00102,0.0003,-0.0001,-0,-0.00011,0,-0,0.00017,-8e-05,-1e-05,0,-0.00178,-0.00011,0.00028,0.00056,-0.00011,-2e-05,-1e-05,0.00217,0.00053,-0.00037,0.00207,-0.00023,-4e-05,-1e-05,-0.01398,-0.00021,0.00172,0.03348,-0.00173,0.00017,0.00035
8.98,-0.00014,0.00068,-0.00113,0.00028,-4e-05,-0,-9e-05,-1e-05,-0,0.00019,-9e-05,-1e-05,-0,-0.00178,-0.0001,0.00029,0.00057,-0.00014,-3e-05,-1e-05,0.00081,0.00032,-0.00016,0.00225,-0.00016,-4e-05,-1e-05,-0.01527,-0.00042,0.0021,0.03551,-0.00171,0.0002,0.0004
9,-0.00023,0.00085,-0.00122,0.00025,0,-0,-7e-05,-2e-05,0,0.00021,-0.0001,-1e-05,-1e-05,-0.00168,-8e-05,0.00029,0.00057,-0.00018,-3e-05,-1e-05,-0.00016,9e-05,4e-05,0.00187,-0.0001,-3e-05,-1e-05,-0.01462,-0.00081,0.00235,0.03595,-0.00167,0.00023,0.00044
9.02,-0.00038,0.00094,-0.0013,0.00024,3e-05,-0,-4e-05,-4e-05,1e-05,0.00024,-9e-05,-1e-05,-1e-05,-0.00151,-8e-05,0.00029,0.00057,-0.00021,-4e-05,-1e-05,-0.00031,-0.00015,9e-05,0.00102,-6e-05,-2e-05,-0,-0.01182,-0.00169,0.00229,0.03457,-0.0016,0.00027,0.00048
9.04,-0.00058,0.00097,-0.00137,0.00022,5e-05,-0,-0,-5e-05,1e-05,0.00028,-8e-05,-0,-1e-05,-0.00126,-8e-05,0.00029,0.00056,-0.00025,-5e-05,-0,-0.0003,-0.00037,-0.00015,0.00013,-2e-05,-2e-05,-0,-0.00754,-0.00296,0.00204,0.03186,-0.00152,0.0003,0.00051
9.06,-0.00081,0.00097,-0.00142,0.00021,5e-05,-0,3e-05,-8e-05,2e-05,0.00033,-5e-05,0,-1e-05,-0.00094,-0.0001,0.00028,0.00057,-0.00028,-5e-05,-0,-0.00055,-0.00053,-0.00069,-0.00073,0,-1e-05,-0,-0.00228,-0.00434,0.00177,0.02836,-0.00142,0.00033,0.00053
9.08,-0.00105,0.00096,-0.00144,0.0002,5e-05,-0,7e-05,-0.0001,4e-05,0.00039,-3e-05,1e-05,-1e-05,-0.00056,-0.00014,0.00027,0.00059,-0.00031,-6e-05,-0,-0.00107,-0.00064,-0.00147,-0.00156,2e-05,-1e-05,0,0.00374,-0.0058,0.0015,0.02438,-0.00131,0.00035,0.00054
9.1,-0.00123,0.00094,-0.00144,0.00018,5e-05,-0,0.00011,-0.00012,5e-05,0.00046,-0,1e-05,-1e-05,-0.00015,-0.00019,0.00026,0.00062,-0.00033,-6e-05,-0,-0.00191,-0.00074,-0.00229,-0.0023,3e-05,-1e-05,0,0.00991,-0.00742,0.00115,0.02023,-0.00119,0.00035,0.00053
9.12,-0.00132,0.00091,-0.0014,0.00017,4e-05,-0,0.00015,-0.00014,8e-05,0.00054,2e-05,2e-05,-1e-05,0.00027,-0.00026,0.00024,0.00064,-0.0003,-5e-05,-1e-05,-0.00307,-0.00083,-0.00295,-0.00286,3e-05,0,1e-05,0.01475,-0.00933,0.00052,0.01636,-0.00106,0.00035,0.0005
9.14,-0.00129,0.00089,-0.00133,0.00014,3e-05,-0,0.0002,-0.00015,0.00011,0.00062,5e-05,2e-05,-0,0.0007,-0.00034,0.00023,0.00067,-0.00025,-4e-05,-1e-05,-0.00449,-0.00095,-0.00326,-0.00321,3e-05,1e-05,1e-05,0.01772,-0.0113,-0.0003,0.0133,-0.00092,0.00033,0.00046
9.16,-0.00117,0.00086,-0.00121,0.00012,2e-05,-0,0.00025,-0.00015,0.00013,0.0007,6e-05,2e-05,-0,0.00111,-0.00044,0.00021,0.00074,-0.00019,-4e-05,-1e-05,-0.00576,-0.00105,-0.00315,-0.00336,2e-05,2e-05,2e-05,0.01929,-0.01301,-0.00112,0.0114,-0.00077,0.0003,0.0004
9.18,-0.00097,0.00084,-0.00104,9e-05,1e-05,-0,0.0003,-0.00014,0.00015,0.00076,7e-05,1e-05,0,0.00148,-0.00056,0.0002,0.00084,-0.00014,-3e-05,-1e-05,-0.00648,-0.00111,-0.00264,-0.00326,2e-05,2e-05,2e-05,0.01966,-0.01435,-0.00198,0.01082,-0.00059,0.00026,0.00034
9.2,-0.00074,0.00081,-0.00084,6e-05,0,-0,0.00035,-0.00014,0.00016,0.00081,6e-05,1e-05,0,0.00179,-0.00067,0.0002,0.00095,-0.0001,-3e-05,-1e-05,-0.00646,-0.00107,-0.00193,-0.00302,1e-05,2e-05,2e-05,0.0183,-0.01534,-0.00285,0.01145,-0.00038,0.00023,0.00028
9.22,-0.00052,0.00075,-0.00062,3e-05,-1e-05,-0,0.0004,-0.00016,0.00018,0.00085,5e-05,0,0,0.00203,-0.00075,0.0002,0.00108,-7e-05,-3e-05,-1e-05,-0.00573,-0.00091,-0.00123,-0.00274,1e-05,2e-05,1e-05,0.01471,-0.01599,-0.00368,0.01299,-0.00013,0.00022,0.00024
9.24,-0.0003,0.00068,-0.00039,0,-1e-05,-0,0.00044,-0.00019,0.0002,0.00088,3e-05,-0,0,0.00219,-0.00079,0.0002,0.00121,-6e-05,-3e-05,-1e-05,-0.00446,-0.00068,-0.0006,-0.00242,0,2e-05,1e-05,0.01021,-0.01612,-0.00432,0.0152,0.00017,0.00024,0.00024
9.26,-0.0001,0.00058,-0.00017,-1e-05,-1e-05,-0,0.00048,-0.00023,0.00023,0.00088,1e-05,-0,0,0.00226,-0.00078,0.0002,0.00132,-4e-05,-2e-05,-1e-05,-0.0029,-0.00041,-0.00011,-0.00211,0,1e-05,1e-05,0.00609,-0.01558,-0.0046,0.01779,0.00052,0.00031,0.00029
9.28,8e-05,0.00045,0,-1e-05,-0,-0,0.0005,-0.0003,0.00026,0.00087,-1e-05,-1e-05,0,0.00225,-0.00072,0.00021,0.00139,-2e-05,-2e-05,-1e-05,-0.00137,-0.00017,0.0002,-0.00186,0,1e-05,0,0.00262,-0.01442,-0.00442,0.0203,0.00091,0.00046,0.00041
9.3,0.00023,0.00028,0.0001,-0,-0,-0,0.0005,-0.00038,0.00031,0.00085,-4e-05,-1e-05,-0,0.00217,-0.00062,0.00022,0.00141,-1e-05,-2e-05,-1e-05,-0.00011,-3e-05,0.00033,-0.00169,0,0,0,-0.00026,-0.01268,-0.0036,0.0216,0.00132,0.00068,0.0006
9.32,0.00035,2e-05,0.00012,1e-05,-0,-0,0.00049,-0.00048,0.00037,0.00081,-6e-05,-1e-05,-0,0.00205,-0.00049,0.00022,0.00137,-1e-05,-1e-05,-1e-05,0.00074,3e-05,0.00034,-0.00158,0,0,0,-0.00245,-0.01049,-0.00217,0.02043,0.00171,0.00097,0.00084
9.34,0.00042,-0.0003,5e-05,3e-05,-0,0,0.00047,-0.00061,0.00044,0.00079,-8e-05,-1e-05,-1e-05,0.00188,-0.00033,0.00022,0.00128,-1e-05,-1e-05,0,0.00116,1e-05,0.00028,-0.0015,0,-0,-0,-0.00348,-0.00806,-0.00049,0.01715,0.00203,0.00128,0.0011
9.36,0.00046,-0.00065,-8e-05,5e-05,-1e-05,0,0.00045,-0.00075,0.00053,0.00078,-0.0001,-1e-05,-1e-05,0.0017,-0.00019,0.00021,0.00115,-0,-0,1e-05,0.0012,-4e-05,0.00019,-0.00144,1e-05,0,-0,-0.00336,-0.00566,0.00106,0.01293,0.00219,0.00156,0.00131
9.38,0.00048,-0.00103,-0.00023,7e-05,-4e-05,0,0.00043,-0.00091,0.00061,0.00079,-0.00011,-1e-05,-1e-05,0.00153,-6e-05,0.00019,0.00098,1e-05,-0,2e-05,0.00101,-0.0001,0.0001,-0.00137,1e-05,0,-0,-0.00254,-0.00354,0.00221,0.00878,0.00215,0.00174,0.00143
9.4,0.0005,-0.0014,-0.00037,8e-05,-6e-05,0,0.00042,-0.00107,0.00069,0.00082,-0.00012,-1e-05,-1e-05,0.00137,2e-05,0.00017,0.00079,3e-05,-0,3e-05,0.00072,-0.00015,3e-05,-0.00128,0,1e-05,0,-0.0016,-0.00183,0.00245,0.00463,0.00193,0.00176,0.0014
9.42,0.0005,-0.00174,-0.00045,0.0001,-0.0001,0,0.00041,-0.00119,0.00076,0.00086,-0.00013,-1e-05,-1e-05,0.00123,5e-05,0.00014,0.0006,8e-05,-0,4e-05,0.0004,-0.00017,-2e-05,-0.00118,0,1e-05,0,-0.00086,-0.00064,0.00133,0.00096,0.00157,0.00159,0.00121
9.44,0.0005,-0.00201,-0.00045,0.0001,-0.00014,0,0.00041,-0.00127,0.00082,0.00092,-0.00015,-1e-05,-1e-05,0.00113,5e-05,0.00012,0.00043,0.00013,-0,6e-05,0.00016,-0.00014,-4e-05,-0.00107,-0,1e-05,0,-0.00034,-3e-05,-0.00043,-0.00052,0.00108,0.00123,0.00087
9.46,0.0005,-0.00217,-0.00037,0.0001,-0.00018,0,0.00041,-0.00133,0.00085,0.001,-0.00016,-1e-05,-1e-05,0.00108,3e-05,9e-05,0.00029,0.00016,-0,7e-05,2e-05,-7e-05,-4e-05,-0.00096,-1e-05,1e-05,0,3e-05,9e-05,-0.00206,0.00012,0.00051,0.00076,0.00048
9.48,0.00049,-0.00221,-0.00022,0.0001,-0.00022,0,0.00043,-0.00134,0.00085,0.00107,-0.00017,-1e-05,-1e-05,0.00106,0,6e-05,0.00018,0.00018,0,7e-05,-4e-05,3e-05,-2e-05,-0.00085,-1e-05,1e-05,0,0.00029,-0.00016,-0.00323,0.00173,-5e-05,0.00021,5e-05
9.5,0.00048,-0.00213,-3e-05,9e-05,-0.00024,0,0.00046,-0.00132,0.00083,0.00116,-0.00017,-2e-05,-1e-05,0.00108,-3e-05,4e-05,0.0001,0.00017,0,7e-05,-3e-05,0.00012,2e-05,-0.00076,-2e-05,1e-05,0,0.00036,-0.00055,-0.00343,0.00255,-0.00025,0.00012,-0.00013
9.52,0.00049,-0.00191,0.00016,9e-05,-0.00025,0,0.00051,-0.00124,0.00077,0.00124,-0.00015,-2e-05,-1e-05,0.00112,-5e-05,2e-05,4e-05,0.00013,0,6e-05,2e-05,0.00017,5e-05,-0.00068,-2e-05,2e-05,0,0.00023,-0.00087,-0.00291,0.00239,-0.00013,0.00092,0.00021
9.54,0.00049,-0.00161,0.00032,8e-05,-0.00025,0,0.00058,-0.00112,0.00069,0.00133,-0.00011,-2e-05,-1e-05,0.00117,-5e-05,1e-05,1e-05,9e-05,0,5e-05,9e-05,0.00019,8e-05,-0.00061,-3e-05,1e-05,0,6e-05,-0.00104,-0.00195,0.00201,-0,0.00191,0.0007
9.56,0.00047,-0.00126,0.00043,8e-05,-0.00023,0,0.00067,-0.00098,0.00061,0.00141,-7e-05,-2e-05,-1e-05,0.0012,-5e-05,0,-1e-05,6e-05,0,4e-05,0.00016,0.00019,9e-05,-0.00056,-3e-05,1e-05,0,-3e-05,-0.00102,-0.00072,0.00148,9e-05,0.00255,0.00104
9.58,0.00042,-0.00089,0.00049,8e-05,-0.0002,0,0.00079,-0.00084,0.00053,0.00149,-2e-05,-2e-05,-1e-05,0.0012,-3e-05,-0,-1e-05,4e-05,0,3e-05,0.00023,0.00015,0.0001,-0.00053,-4e-05,1e-05,0,-3e-05,-0.00079,0.00127,0.00097,0.00015,0.00291,0.00121
9.6,0.00035,-0.00051,0.00049,8e-05,-0.00017,0,0.00093,-0.00069,0.00046,0.00156,2e-05,-2e-05,-0,0.00117,-1e-05,-0,-1e-05,2e-05,0,2e-05,0.00029,0.0001,9e-05,-0.0005,-4e-05,1e-05,0,2e-05,-0.00052,0.00257,0.00056,0.00013,0.00211,0.00088
9.62,0.00026,-0.00016,0.00044,9e-05,-0.00013,0,0.00108,-0.00058,0.00039,0.00164,8e-05,-2e-05,1e-05,0.00109,2e-05,-0,-0,1e-05,0,2e-05,0.00033,3e-05,7e-05,-0.00047,-5e-05,1e-05,0,-2e-05,-0.00036,0.00154,0.00026,6e-05,0.00021,0.00015
9.64,0.00014,0.00017,0.00036,0.0001,-0.0001,0,0.00125,-0.00048,0.00033,0.00173,0.00013,-2e-05,1e-05,0.001,6e-05,-0,0,1e-05,0,2e-05,0.00037,-4e-05,5e-05,-0.00045,-5e-05,1e-05,1e-05,-0.00013,-0.00029,0.00029,0,-1e-05,-0.00126,-0.00053
9.66,0,0.00047,0.00026,0.00011,-7e-05,0,0.00142,-0.00039,0.00027,0.00183,0.00017,-2e-05,2e-05,0.00091,0.0001,-0,0,0,0,2e-05,0.00039,-0.0001,3e-05,-0.00042,-5e-05,1e-05,1e-05,-0.00028,-0.00023,-0.00061,-0.0003,-4e-05,-0.0022,-0.00106
9.68,-0.00016,0.00073,0.00016,0.00013,-4e-05,0,0.00159,-0.00032,0.00023,0.00192,0.00019,-2e-05,3e-05,0.00082,0.00014,-0,0,0,0,2e-05,0.00041,-0.00015,2e-05,-0.00039,-5e-05,1e-05,1e-05,-0.00046,-0.00019,-0.00175,-0.00075,-4e-05,-0.00269,-0.00144
9.7,-0.00032,0.00096,7e-05,0.00015,-2e-05,0,0.00175,-0.00026,0.00019,0.00203,0.00019,-2e-05,3e-05,0.00074,0.00018,-0,0,-0,0,2e-05,0.00042,-0.00017,2e-05,-0.00036,-4e-05,1e-05,1e-05,-0.00056,-0.00017,-0.00248,-0.00141,-1e-05,-0.00264,-0.00157
9.72,-0.00049,0.00115,-0,0.00017,-0,0,0.00191,-0.00021,0.00016,0.00213,0.00018,-2e-05,4e-05,0.00066,0.00021,-0,1e-05,-0,0,3e-05,0.00042,-0.00017,2e-05,-0.00034,-4e-05,1e-05,1e-05,-0.00053,-0.00012,-0.0011,-0.00227,4e-05,-0.00193,-0.00132
9.74,-0.00066,0.0013,-5e-05,0.00019,1e-05,0,0.00206,-0.00017,0.00014,0.00223,0.00016,-2e-05,4e-05,0.00059,0.00025,-0,1e-05,-0,0,3e-05,0.00042,-0.00015,2e-05,-0.00031,-4e-05,1e-05,0,-0.00046,3e-05,0.00075,-0.00322,0.0001,-0.00099,-0.00087
9.76,-0.00082,0.00141,-6e-05,0.0002,1e-05,0,0.00217,-0.00015,0.00012,0.00232,0.00014,-2e-05,5e-05,0.00054,0.00028,0,2e-05,0,0,4e-05,0.00042,-0.00013,2e-05,-0.00028,-3e-05,1e-05,0,-0.00034,0.00027,0.00175,-0.00416,0.00015,-0.00021,-0.00042
9.78,-0.00096,0.00147,-4e-05,0.00021,1e-05,0,0.00225,-0.00015,0.0001,0.00239,0.00012,-1e-05,5e-05,0.00049,0.00032,0,3e-05,0,-0,4e-05,0.00042,-0.00012,2e-05,-0.00025,-3e-05,1e-05,0,-9e-05,0.00055,0.00235,-0.00492,0.00018,0.00047,3e-05
9.8,-0.0011,0.00148,1e-05,0.00023,1e-05,0,0.0023,-0.00015,9e-05,0.00245,0.00011,-1e-05,6e-05,0.00046,0.00036,1e-05,5e-05,0,-0,5e-05,0.00043,-0.0001,2e-05,-0.00022,-3e-05,1e-05,0,0.00028,0.00078,0.00233,-0.00523,0.00018,0.00079,0.00029
9.82,-0.00122,0.00143,8e-05,0.00023,0,0,0.00229,-0.00013,7e-05,0.00249,9e-05,-1e-05,7e-05,0.00043,0.00041,1e-05,7e-05,0,-0,5e-05,0.00044,-8e-05,2e-05,-0.00019,-3e-05,1e-05,0,0.0007,0.00086,0.0017,-0.00492,0.00017,0.00063,0.00025
9.84,-0.00132,0.00133,0.00016,0.00024,-0,0,0.00225,-0.00012,6e-05,0.0025,7e-05,-1e-05,8e-05,0.0004,0.00045,2e-05,0.0001,1e-05,-0,5e-05,0.00044,-7e-05,2e-05,-0.00017,-2e-05,0,0,0.00109,0.00079,0.00089,-0.00434,0.00015,0.00038,0.00015
9.86,-0.0014,0.00118,0.00024,0.00024,-1e-05,0,0.00219,-0.0001,4e-05,0.00249,6e-05,-1e-05,0.0001,0.00036,0.00051,3e-05,0.00014,1e-05,-0,4e-05,0.00044,-6e-05,3e-05,-0.00014,-2e-05,0,0,0.00137,0.00065,0.00029,-0.00374,0.00013,0.00024,9e-05
9.88,-0.00145,0.001,0.00031,0.00025,-2e-05,0,0.00211,-8e-05,3e-05,0.00246,6e-05,-1e-05,0.00011,0.00032,0.00056,4e-05,0.00018,1e-05,0,3e-05,0.00044,-5e-05,3e-05,-0.00012,-2e-05,0,0,0.0015,0.00048,-6e-05,-0.00302,0.00011,0.00013,5e-05
9.9,-0.00147,0.00079,0.00036,0.00025,-3e-05,0,0.00199,-6e-05,1e-05,0.0024,5e-05,-1e-05,0.00012,0.00026,0.00061,5e-05,0.00022,1e-05,0,3e-05,0.00044,-4e-05,4e-05,-0.0001,-2e-05,0,0,0.00149,0.00036,-0.00013,-0.00247,9e-05,7e-05,3e-05
9.92,-0.00146,0.00057,0.00038,0.00024,-4e-05,0,0.00184,-5e-05,1e-05,0.00231,5e-05,-1e-05,0.00013,0.0002,0.00064,7e-05,0.00026,2e-05,0,2e-05,0.00041,-3e-05,4e-05,-8e-05,-2e-05,0,0,0.00138,0.00034,-5e-05,-0.00224,8e-05,4e-05,1e-05
9.94,-0.00141,0.00036,0.00038,0.00024,-4e-05,0,0.00165,-3e-05,1e-05,0.00218,4e-05,-1e-05,0.00014,0.00013,0.00066,8e-05,0.0003,2e-05,0,1e-05,0.00038,-1e-05,5e-05,-7e-05,-2e-05,0,0,0.00121,0.00037,2e-05,-0.00196,7e-05,2e-05,1e-05
9.96,-0.00133,0.00017,0.00035,0.00023,-5e-05,0,0.0014,-2e-05,3e-05,0.00202,4e-05,-0,0.00014,5e-05,0.00065,9e-05,0.00034,2e-05,0,1e-05,0.00034,1e-05,5e-05,-5e-05,-2e-05,0,0,0.00103,0.00041,1e-05,-0.00152,6e-05,0,0
9.98,-0.00123,0,0.00031,0.00022,-6e-05,0,0.00111,-0,6e-05,0.00183,4e-05,-0,0.00013,-4e-05,0.00062,0.0001,0.00037,2e-05,0,1e-05,0.0003,3e-05,6e-05,-4e-05,-2e-05,0,0,0.00088,0.00042,-8e-05,-0.00104,5e-05,-1e-05,-0
10,-0.00112,-0.00013,0.00026,0.00021,-6e-05,0,0.00075,0,9e-05,0.00161,5e-05,-0,0.00013,-0.00014,0.00057,0.0001,0.0004,3e-05,0,1e-05,0.00025,5e-05,6e-05,-4e-05,-2e-05,0,0,0.00078,0.00036,-0.00021,-0.00063,4e-05,-1e-05,-1e-05
10.02,-0.00098,-0.00022,0.00021,0.0002,-6e-05,0,0.00034,0,0.00013,0.00135,5e-05,-0,0.00011,-0.00025,0.0005,9e-05,0.00042,3e-05,0,2e-05,0.00021,8e-05,6e-05,-3e-05,-2e-05,0,0,0.00074,0.00023,-0.00033,-0.00033,4e-05,-2e-05,-1e-05
10.04,-0.00085,-0.00026,0.00015,0.0002,-6e-05,0,-0.0001,-1e-05,0.00018,0.00108,5e-05,-0,9e-05,-0.00036,0.00042,8e-05,0.00043,4e-05,0,3e-05,0.00017,0.00012,5e-05,-3e-05,-2e-05,0,0,0.00073,2e-05,-0.00039,-0.00013,4e-05,-2e-05,-1e-05
10.06,-0.00072,-0.00026,0.00011,0.00019,-6e-05,0,-0.00057,-2e-05,0.00023,0.00079,4e-05,-0,8e-05,-0.00048,0.00034,6e-05,0.00043,5e-05,0,3e-05,0.00014,0.00017,4e-05,-4e-05,-2e-05,0,0,0.00075,-0.00024,-0.00039,-0,3e-05,-2e-05,-1e-05
10.08,-0.0006,-0.00022,6e-05,0.00018,-5e-05,0,-0.00105,-5e-05,0.00029,0.0005,3e-05,-0,6e-05,-0.00061,0.00026,5e-05,0.00042,7e-05,0,4e-05,0.00013,0.00023,3e-05,-5e-05,-2e-05,0,0,0.00078,-0.00052,-0.00033,5e-05,3e-05,-2e-05,-1e-05
10.1,-0.00049,-0.00016,2e-05,0.00018,-3e-05,0,-0.0015,-8e-05,0.00034,0.00021,1e-05,-0,4e-05,-0.00073,0.00018,3e-05,0.0004,0.0001,0,5e-05,0.00013,0.00031,2e-05,-6e-05,-2e-05,0,0,0.00081,-0.00081,-0.00025,5e-05,3e-05,-2e-05,-1e-05
10.12,-0.00038,-7e-05,-3e-05,0.00017,-2e-05,0,-0.00183,-0.00013,0.00038,-5e-05,0,-0,3e-05,-0.00084,0.00011,2e-05,0.00037,0.00015,1e-05,6e-05,0.00013,0.00039,1e-05,-7e-05,-2e-05,0,0,0.00083,-0.00107,-0.00016,3e-05,3e-05,-1e-05,-1e-05
10.14,-0.0003,2e-05,-7e-05,0.00017,-0,0,-0.00205,-0.00018,0.00042,-0.00026,-1e-05,-0,2e-05,-0.00093,6e-05,1e-05,0.00033,0.0002,2e-05,7e-05,0.00014,0.00049,0,-9e-05,-2e-05,0,0,0.00083,-0.00129,-8e-05,0,3e-05,-1e-05,-1e-05
10.16,-0.00025,0.00011,-0.00011,0.00017,1e-05,0,-0.00217,-0.00023,0.00044,-0.00043,-1e-05,-0,2e-05,-0.00102,3e-05,1e-05,0.00029,0.00026,3e-05,8e-05,0.00016,0.00058,-0,-0.0001,-1e-05,-0,0,0.00081,-0.00145,-1e-05,-1e-05,3e-05,-1e-05,-0
10.18,-0.00023,0.00017,-0.00016,0.00017,2e-05,0,-0.0022,-0.00027,0.00045,-0.00054,-1e-05,-0,3e-05,-0.00109,2e-05,0,0.00024,0.00032,4e-05,8e-05,0.00019,0.00068,0,-0.0001,-1e-05,-0,-0,0.00078,-0.00155,3e-05,-0,3e-05,-0,-0
10.2,-0.00023,0.00021,-0.00021,0.00016,3e-05,0,-0.00215,-0.0003,0.00045,-0.00061,-1e-05,-0,3e-05,-0.00115,3e-05,1e-05,0.0002,0.00036,5e-05,9e-05,0.00022,0.00075,2e-05,-0.00011,-1e-05,-0,-0,0.00074,-0.00158,5e-05,1e-05,2e-05,-0,-0
10.22,-0.00024,0.00022,-0.00026,0.00016,4e-05,0,-0.00205,-0.00031,0.00044,-0.00064,-1e-05,-0,4e-05,-0.0012,4e-05,1e-05,0.00015,0.00041,7e-05,9e-05,0.00024,0.00081,4e-05,-0.00011,-0,-0,-0,0.00069,-0.00154,5e-05,4e-05,2e-05,-0,-0
10.24,-0.00025,0.0002,-0.00028,0.00015,4e-05,0,-0.00189,-0.00031,0.00041,-0.00065,-1e-05,-0,4e-05,-0.00123,6e-05,2e-05,0.00012,0.00042,8e-05,9e-05,0.00027,0.00083,7e-05,-0.0001,0,-1e-05,-0,0.00064,-0.00144,4e-05,6e-05,2e-05,0,-0
10.26,-0.00027,0.00015,-0.0003,0.00014,3e-05,0,-0.00169,-0.00028,0.00038,-0.00062,-1e-05,-0,3e-05,-0.00125,8e-05,4e-05,9e-05,0.00037,8e-05,8e-05,0.00028,0.00083,9e-05,-9e-05,1e-05,-1e-05,-0,0.0006,-0.0013,3e-05,9e-05,2e-05,0,-0
10.28,-0.00028,8e-05,-0.00029,0.00012,2e-05,0,-0.00145,-0.00024,0.00035,-0.00058,-1e-05,-0,1e-05,-0.00126,9e-05,6e-05,8e-05,0.00027,7e-05,6e-05,0.00028,0.0008,0.00012,-8e-05,2e-05,-1e-05,-1e-05,0.00056,-0.00113,2e-05,0.00011,2e-05,0,-0
10.3,-0.00028,-1e-05,-0.00026,0.00011,1e-05,0,-0.00121,-0.00019,0.00031,-0.00053,-1e-05,0,-2e-05,-0.00126,0.00011,8e-05,8e-05,0.00015,4e-05,3e-05,0.00026,0.00073,0.00013,-6e-05,2e-05,-1e-05,-1e-05,0.00052,-0.00095,0,0.00013,2e-05,0,0
10.32,-0.00028,-0.0001,-0.00023,9e-05,-1e-05,0,-0.001,-0.00014,0.00026,-0.00047,-1e-05,0,-5e-05,-0.00123,0.00011,0.0001,8e-05,3e-05,2e-05,0,0.00023,0.00065,0.00013,-5e-05,3e-05,-2e-05,-1e-05,0.00049,-0.00079,-1e-05,0.00013,2e-05,0,-0
10.34,-0.00028,-0.00022,-0.00018,7e-05,-2e-05,-0,-0.0008,-9e-05,0.00021,-0.0004,-0,0,-7e-05,-0.00119,0.00012,0.00013,0.0001,-5e-05,-1e-05,-3e-05,0.00019,0.00057,0.00012,-4e-05,3e-05,-2e-05,-1e-05,0.00045,-0.00065,-1e-05,0.00014,2e-05,0,-0
10.36,-0.00027,-0.00034,-0.00014,6e-05,-4e-05,-0,-0.00062,-5e-05,0.00017,-0.00034,-0,0,-8e-05,-0.00113,0.00012,0.00014,0.00011,-8e-05,-2e-05,-6e-05,0.00014,0.00051,0.0001,-2e-05,4e-05,-2e-05,-1e-05,0.00041,-0.00053,-2e-05,0.00014,2e-05,0,-0
10.38,-0.00026,-0.00048,-0.00011,4e-05,-6e-05,-0,-0.00047,-2e-05,0.00013,-0.00028,-0,0,-9e-05,-0.00105,0.00012,0.00015,0.00014,-8e-05,-3e-05,-8e-05,8e-05,0.00048,8e-05,-2e-05,4e-05,-2e-05,-1e-05,0.00036,-0.00042,-2e-05,0.00014,2e-05,0,-0
10.4,-0.00024,-0.00063,-8e-05,3e-05,-8e-05,-0,-0.00034,-1e-05,0.0001,-0.00023,-0,0,-9e-05,-0.00096,0.00012,0.00015,0.00016,-6e-05,-4e-05,-0.0001,3e-05,0.00049,5e-05,-1e-05,4e-05,-2e-05,-1e-05,0.0003,-0.00033,-2e-05,0.00014,2e-05,0,-0
10.42,-0.00024,-0.0008,-6e-05,1e-05,-9e-05,-0,-0.00024,-0,7e-05,-0.00019,-0,0,-9e-05,-0.00088,0.00011,0.00015,0.00019,-1e-05,-3e-05,-0.00011,-3e-05,0.00053,2e-05,-1e-05,3e-05,-2e-05,-1e-05,0.00024,-0.00027,-2e-05,0.00014,2e-05,-0,-0
10.44,-0.00023,-0.00097,-5e-05,0,-0.00011,-0,-0.00017,-1e-05,5e-05,-0.00016,-0,0,-9e-05,-0.00079,0.0001,0.00014,0.00021,3e-05,-3e-05,-0.00011,-8e-05,0.0006,-2e-05,-0,3e-05,-2e-05,-1e-05,0.00017,-0.00022,-2e-05,0.00014,2e-05,-0,-0
10.46,-0.00023,-0.00113,-4e-05,-1e-05,-0.00013,-0,-0.00011,-2e-05,3e-05,-0.00016,-0,0,-9e-05,-0.00072,0.0001,0.00012,0.00023,5e-05,-2e-05,-0.0001,-0.00012,0.00069,-5e-05,0,2e-05,-2e-05,-1e-05,9e-05,-0.00018,-2e-05,0.00015,2e-05,-0,-0
10.48,-0.00024,-0.00128,-4e-05,-2e-05,-0.00014,-0,-7e-05,-5e-05,2e-05,-0.00016,-0,0,-9e-05,-0.00065,9e-05,0.0001,0.00025,7e-05,-1e-05,-9e-05,-0.00016,0.00078,-7e-05,1e-05,1e-05,-1e-05,-1e-05,1e-05,-0.00014,-2e-05,0.00015,2e-05,-0,-0
10.5,-0.00025,-0.00139,-4e-05,-2e-05,-0.00014,-0,-4e-05,-7e-05,1e-05,-0.00018,-0,0,-9e-05,-0.00058,8e-05,8e-05,0.00026,6e-05,-1e-05,-8e-05,-0.0002,0.00085,-8e-05,2e-05,1e-05,-1e-05,-0,-6e-05,-0.00012,-2e-05,0.00016,2e-05,-0,-0
10.52,-0.00029,-0.00145,-5e-05,-3e-05,-0.00014,-0,-1e-05,-0.0001,-1e-05,-0.00021,-0,0,-8e-05,-0.00053,7e-05,5e-05,0.00027,3e-05,-1e-05,-7e-05,-0.00023,0.00086,-9e-05,2e-05,0,-1e-05,-0,-0.00014,-0.0001,-2e-05,0.00016,2e-05,-0,-0
10.54,-0.00034,-0.00146,-5e-05,-3e-05,-0.00014,-0,1e-05,-0.00013,-2e-05,-0.00024,-0,0,-8e-05,-0.00048,6e-05,3e-05,0.00027,0,-1e-05,-6e-05,-0.00026,0.00082,-7e-05,3e-05,-0,-1e-05,-0,-0.0002,-9e-05,-1e-05,0.00017,2e-05,-0,-0
10.56,-0.00041,-0.00142,-6e-05,-4e-05,-0.00014,-0,3e-05,-0.00016,-3e-05,-0.00027,-1e-05,0,-8e-05,-0.00044,5e-05,-0,0.00027,-1e-05,-0,-4e-05,-0.00029,0.00071,-4e-05,4e-05,-1e-05,-0,-0,-0.00026,-9e-05,-0,0.00017,1e-05,-0,-0
10.58,-0.00048,-0.00135,-7e-05,-4e-05,-0.00013,-0,5e-05,-0.00019,-5e-05,-0.0003,-1e-05,1e-05,-7e-05,-0.00041,3e-05,-3e-05,0.00025,-1e-05,0,-3e-05,-0.00033,0.00055,-0,4e-05,-1e-05,-0,-0,-0.0003,-8e-05,1e-05,0.00017,1e-05,0,-0
10.6,-0.00057,-0.00124,-8e-05,-4e-05,-0.00011,-0,7e-05,-0.00021,-6e-05,-0.00032,-1e-05,1e-05,-6e-05,-0.00037,1e-05,-5e-05,0.00023,-1e-05,1e-05,-2e-05,-0.00036,0.00036,4e-05,5e-05,-1e-05,-0,0,-0.00034,-7e-05,2e-05,0.00017,1e-05,0,0
10.62,-0.00069,-0.00111,-0.0001,-4e-05,-0.0001,-0,8e-05,-0.00023,-7e-05,-0.00033,-1e-05,1e-05,-6e-05,-0.00033,-0,-7e-05,0.00021,-1e-05,1e-05,-1e-05,-0.0004,0.00016,8e-05,5e-05,-0,0,0,-0.00037,-5e-05,3e-05,0.00018,1e-05,0,0
10.64,-0.00082,-0.00098,-0.00011,-4e-05,-8e-05,-0,9e-05,-0.00024,-9e-05,-0.00034,-1e-05,1e-05,-5e-05,-0.00029,-2e-05,-8e-05,0.00019,-0,2e-05,0,-0.00043,-1e-05,0.00012,6e-05,-0,0,0,-0.00039,-3e-05,4e-05,0.00018,0,0,0
10.66,-0.00095,-0.00087,-0.00012,-4e-05,-7e-05,-0,9e-05,-0.00025,-0.0001,-0.00033,0,2e-05,-4e-05,-0.00025,-4e-05,-9e-05,0.00017,0,2e-05,1e-05,-0.00046,-0.00014,0.00016,7e-05,0,1e-05,0,-0.00041,-0,3e-05,0.00018,0,0,0
10.68,-0.00108,-0.00076,-0.00012,-4e-05,-6e-05,-0,8e-05,-0.00026,-0.0001,-0.00032,1e-05,2e-05,-3e-05,-0.0002,-6e-05,-0.0001,0.00015,1e-05,2e-05,2e-05,-0.0005,-0.00024,0.00018,8e-05,0,1e-05,0,-0.00043,3e-05,3e-05,0.00019,0,0,0
10.7,-0.00121,-0.00067,-0.00012,-4e-05,-5e-05,-0,7e-05,-0.00026,-0.00011,-0.0003,2e-05,3e-05,-3e-05,-0.00016,-7e-05,-0.0001,0.00012,1e-05,3e-05,2e-05,-0.00052,-0.0003,0.0002,9e-05,1e-05,1e-05,0,-0.00045,8e-05,1e-05,0.00019,1e-05,0,-0
10.72,-0.00135,-0.00058,-0.00012,-4e-05,-4e-05,-0,6e-05,-0.00025,-0.00011,-0.00028,4e-05,3e-05,-3e-05,-0.00012,-9e-05,-0.0001,0.0001,2e-05,3e-05,3e-05,-0.00054,-0.00034,0.00021,0.0001,1e-05,1e-05,0,-0.00046,0.00014,-0,0.0002,1e-05,-0,-0
10.74,-0.00149,-0.0005,-0.00012,-4e-05,-3e-05,-0,4e-05,-0.00024,-0.00011,-0.00025,6e-05,3e-05,-2e-05,-9e-05,-0.00011,-0.0001,7e-05,2e-05,3e-05,3e-05,-0.00054,-0.00037,0.00021,0.00011,1e-05,1e-05,0,-0.00047,0.0002,-3e-05,0.00021,1e-05,-0,-0
10.76,-0.00161,-0.00042,-0.00011,-4e-05,-2e-05,-0,2e-05,-0.00023,-0.00011,-0.00021,7e-05,3e-05,-2e-05,-7e-05,-0.00012,-0.0001,5e-05,2e-05,3e-05,2e-05,-0.00054,-0.00038,0.00022,0.00013,1e-05,1e-05,0,-0.00048,0.00026,-5e-05,0.00022,1e-05,-0,-0
10.78,-0.00172,-0.00036,-0.00011,-4e-05,-2e-05,-0,-1e-05,-0.00021,-0.0001,-0.00018,8e-05,3e-05,-2e-05,-6e-05,-0.00013,-0.0001,2e-05,2e-05,3e-05,1e-05,-0.00053,-0.00038,0.00022,0.00014,2e-05,1e-05,0,-0.00049,0.00032,-7e-05,0.00022,1e-05,-0,-0
10.8,-0.00182,-0.0003,-0.0001,-4e-05,-1e-05,-0,-2e-05,-0.0002,-0.0001,-0.00015,7e-05,3e-05,-2e-05,-7e-05,-0.00014,-0.0001,-0,1e-05,3e-05,-0,-0.00052,-0.00037,0.00021,0.00016,2e-05,1e-05,0,-0.0005,0.00037,-9e-05,0.00023,1e-05,-0,-0
10.82,-0.00191,-0.00024,-9e-05,-3e-05,-1e-05,-0,-4e-05,-0.00019,-9e-05,-0.00012,5e-05,3e-05,-2e-05,-8e-05,-0.00015,-9e-05,-2e-05,1e-05,2e-05,-1e-05,-0.0005,-0.00035,0.0002,0.00018,2e-05,1e-05,0,-0.0005,0.00041,-0.00011,0.00023,2e-05,-0,-0
10.84,-0.00198,-0.00018,-8e-05,-3e-05,-0,-0,-5e-05,-0.00018,-9e-05,-0.0001,3e-05,3e-05,-1e-05,-9e-05,-0.00016,-8e-05,-5e-05,1e-05,2e-05,-2e-05,-0.00048,-0.00031,0.00019,0.0002,2e-05,1e-05,0,-0.00049,0.00043,-0.00012,0.00023,2e-05,-0,-0
10.86,-0.00203,-0.00014,-8e-05,-3e-05,-0,-0,-5e-05,-0.00017,-8e-05,-8e-05,2e-05,3e-05,-1e-05,-0.00011,-0.00016,-8e-05,-7e-05,0,2e-05,-3e-05,-0.00045,-0.00026,0.00016,0.00021,2e-05,0,0,-0.00047,0.00043,-0.00012,0.00023,1e-05,-0,-0
10.88,-0.00206,-0.0001,-7e-05,-2e-05,0,-0,-4e-05,-0.00016,-8e-05,-7e-05,1e-05,3e-05,-1e-05,-0.00013,-0.00016,-7e-05,-8e-05,0,2e-05,-4e-05,-0.00042,-0.0002,0.00013,0.00023,2e-05,0,0,-0.00044,0.00042,-0.00011,0.00023,1e-05,-0,-0
10.9,-0.00208,-7e-05,-6e-05,-2e-05,0,-0,-3e-05,-0.00016,-8e-05,-7e-05,1e-05,2e-05,-1e-05,-0.00014,-0.00016,-6e-05,-0.0001,-0,1e-05,-4e-05,-0.00039,-0.00015,9e-05,0.00024,2e-05,0,0,-0.00041,0.00039,-0.0001,0.00022,1e-05,-0,-0
10.92,-0.00208,-5e-05,-5e-05,-1e-05,1e-05,-0,-2e-05,-0.00015,-7e-05,-6e-05,0,2e-05,-1e-05,-0.00015,-0.00015,-6e-05,-0.0001,-0,1e-05,-4e-05,-0.00036,-0.00011,6e-05,0.00024,2e-05,0,0,-0.00038,0.00035,-9e-05,0.00021,1e-05,-0,-0
10.94,-0.00208,-3e-05,-3e-05,-1e-05,1e-05,-0,-1e-05,-0.00015,-7e-05,-5e-05,0,2e-05,-1e-05,-0.00014,-0.00014,-5e-05,-0.0001,-0,1e-05,-4e-05,-0.00033,-8e-05,3e-05,0.00024,2e-05,0,0,-0.00034,0.00031,-7e-05,0.0002,1e-05,-0,-0
10.96,-0.00207,-1e-05,-2e-05,-0,1e-05,-0,0,-0.00015,-7e-05,-5e-05,0,2e-05,-0,-0.00012,-0.00014,-5e-05,-9e-05,-0,1e-05,-4e-05,-0.00029,-8e-05,2e-05,0.00024,1e-05,0,0,-0.0003,0.00026,-5e-05,0.00019,0,-0,-0
10.98,-0.00206,-1e-05,-0,0,1e-05,-0,1e-05,-0.00014,-7e-05,-4e-05,0,2e-05,-0,-9e-05,-0.00013,-4e-05,-8e-05,-1e-05,1e-05,-4e-05,-0.00025,-9e-05,1e-05,0.00023,1e-05,0,0,-0.00025,0.0002,-2e-05,0.00018,0,0,0
11,-0.00204,0,1e-05,0,1e-05,-0,1e-05,-0.00013,-7e-05,-3e-05,0,1e-05,-0,-6e-05,-0.00012,-4e-05,-6e-05,-1e-05,1e-05,-3e-05,-0.00021,-0.00011,1e-05,0.00023,1e-05,0,0,-0.00021,0.00015,0,0.00017,0,0,0
11.02,-0.00199,0,2e-05,1e-05,2e-05,-0,1e-05,-0.00012,-6e-05,-3e-05,1e-05,1e-05,-0,-2e-05,-0.00011,-4e-05,-5e-05,-1e-05,1e-05,-3e-05,-0.00017,-0.00013,2e-05,0.00022,1e-05,0,0,-0.00017,9e-05,3e-05,0.00016,-0,0,0
11.04,-0.00192,0,3e-05,1e-05,2e-05,-0,1e-05,-0.00012,-6e-05,-3e-05,1e-05,1e-05,0,1e-05,-0.0001,-3e-05,-4e-05,-1e-05,0,-3e-05,-0.00014,-0.00015,3e-05,0.00021,1e-05,0,0,-0.00014,3e-05,6e-05,0.00015,-0,0,0
11.06,-0.00181,0,3e-05,1e-05,2e-05,-0,-1e-05,-0.00011,-6e-05,-3e-05,2e-05,1e-05,0,4e-05,-9e-05,-3e-05,-2e-05,-1e-05,0,-2e-05,-0.00011,-0.00016,3e-05,0.0002,1e-05,0,0,-0.00011,-4e-05,8e-05,0.00014,-0,0,0
11.08,-0.00166,0,3e-05,1e-05,2e-05,-0,-2e-05,-0.0001,-5e-05,-3e-05,3e-05,1e-05,0,6e-05,-9e-05,-3e-05,-2e-05,-1e-05,0,-2e-05,-9e-05,-0.00016,4e-05,0.00018,1e-05,0,0,-9e-05,-0.0001,0.00011,0.00012,-1e-05,0,0
11.1,-0.00148,0,3e-05,0,2e-05,-0,-4e-05,-8e-05,-4e-05,-3e-05,4e-05,1e-05,1e-05,8e-05,-8e-05,-2e-05,-1e-05,-1e-05,0,-2e-05,-7e-05,-0.00016,4e-05,0.00016,1e-05,0,0,-7e-05,-0.00016,0.00013,0.00011,-1e-05,0,0
11.12,-0.00125,-1e-05,3e-05,0,2e-05,-0,-6e-05,-7e-05,-4e-05,-3e-05,5e-05,1e-05,1e-05,0.0001,-8e-05,-2e-05,-1e-05,-1e-05,0,-1e-05,-5e-05,-0.00014,4e-05,0.00014,0,0,0,-5e-05,-0.00022,0.00014,0.0001,-1e-05,0,0
11.14,-0.00101,-1e-05,2e-05,0,2e-05,-0,-7e-05,-6e-05,-3e-05,-3e-05,6e-05,1e-05,1e-05,0.00011,-7e-05,-2e-05,-1e-05,-1e-05,0,-1e-05,-4e-05,-0.00013,4e-05,0.00012,0,0,0,-4e-05,-0.00026,0.00015,8e-05,-1e-05,0,0
11.16,-0.00076,-2e-05,2e-05,-0,2e-05,-0,-8e-05,-5e-05,-3e-05,-3e-05,6e-05,1e-05,1e-05,0.00012,-7e-05,-2e-05,-1e-05,-2e-05,0,-1e-05,-3e-05,-0.00011,4e-05,9e-05,0,0,0,-3e-05,-0.00028,0.00015,7e-05,-1e-05,0,0
11.18,-0.00052,-3e-05,1e-05,-1e-05,2e-05,-0,-8e-05,-4e-05,-2e-05,-4e-05,6e-05,1e-05,1e-05,0.00013,-6e-05,-2e-05,-0,-2e-05,-0,-0,-2e-05,-8e-05,4e-05,7e-05,0,0,0,-2e-05,-0.00029,0.00014,6e-05,-1e-05,0,0
11.2,-0.00028,-4e-05,1e-05,-1e-05,2e-05,-0,-9e-05,-3e-05,-2e-05,-4e-05,5e-05,0,1e-05,0.00014,-6e-05,-1e-05,-0,-2e-05,-0,-0,-1e-05,-6e-05,4e-05,6e-05,0,0,0,-1e-05,-0.00028,0.00012,4e-05,-1e-05,0,0
11.22,-5e-05,-6e-05,1e-05,-1e-05,1e-05,-0,-9e-05,-2e-05,-1e-05,-4e-05,4e-05,0,1e-05,0.00015,-6e-05,-1e-05,0,-2e-05,-0,0,-0,-3e-05,4e-05,4e-05,0,0,-0,-0,-0.00025,0.0001,2e-05,-1e-05,0,0
11.24,0.00016,-7e-05,0,-2e-05,1e-05,-0,-9e-05,-2e-05,-1e-05,-5e-05,3e-05,0,1e-05,0.00016,-6e-05,-1e-05,1e-05,-2e-05,-0,0,1e-05,1e-05,3e-05,2e-05,0,-0,-0,0,-0.0002,7e-05,1e-05,-1e-05,0,0
11.26,0.00034,-8e-05,-0,-2e-05,1e-05,-0,-9e-05,-1e-05,-1e-05,-5e-05,2e-05,0,1e-05,0.00016,-6e-05,-1e-05,2e-05,-2e-05,-0,1e-05,2e-05,4e-05,3e-05,1e-05,0,-0,-0,1e-05,-0.00015,3e-05,-1e-05,-0,0,0
11.28,0.0005,-9e-05,-0,-2e-05,0,-0,-9e-05,-1e-05,-0,-6e-05,1e-05,-0,1e-05,0.00017,-5e-05,-1e-05,3e-05,-1e-05,-0,1e-05,3e-05,8e-05,3e-05,-0,0,-0,-0,2e-05,-0.0001,-1e-05,-2e-05,-0,0,0
11.3,0.00065,-0.0001,-1e-05,-2e-05,0,-0,-0.0001,-0,-0,-8e-05,1e-05,-0,0,0.00018,-5e-05,-1e-05,4e-05,-1e-05,-0,1e-05,4e-05,0.00011,3e-05,-1e-05,-0,-0,-0,3e-05,-5e-05,-4e-05,-4e-05,-0,-0,-0
11.32,0.00078,-0.0001,-1e-05,-2e-05,-0,-0,-0.0001,-0,0,-0.0001,0,-0,0,0.00019,-5e-05,-1e-05,5e-05,-1e-05,-0,1e-05,6e-05,0.00014,3e-05,-2e-05,-0,-0,-0,5e-05,-3e-05,-7e-05,-5e-05,0,-0,-0
11.34,0.0009,-9e-05,-1e-05,-2e-05,-0,-0,-0.00011,-0,1e-05,-0.00011,0,-0,0,0.00019,-4e-05,-1e-05,6e-05,-1e-05,-0,1e-05,7e-05,0.00016,5e-05,-4e-05,-0,-0,-0,7e-05,-3e-05,-9e-05,-7e-05,0,-0,-0
11.36,0.00102,-7e-05,-1e-05,-2e-05,-1e-05,0,-0.00012,0,1e-05,-0.00013,-0,-0,0,0.00019,-3e-05,-1e-05,7e-05,-1e-05,-0,1e-05,9e-05,0.00017,7e-05,-5e-05,-0,-0,-0,9e-05,-7e-05,-9e-05,-8e-05,0,-0,-0
11.38,0.00115,-5e-05,-1e-05,-2e-05,-1e-05,0,-0.00012,1e-05,2e-05,-0.00015,-0,-0,0,0.00019,-2e-05,-1e-05,9e-05,-0,-0,1e-05,0.00011,0.00017,9e-05,-6e-05,-1e-05,0,0,0.00011,-0.00013,-9e-05,-9e-05,0,-0,-0
11.4,0.00128,-2e-05,-1e-05,-1e-05,-1e-05,0,-0.00013,1e-05,3e-05,-0.00016,-0,-0,-0,0.00018,-1e-05,-1e-05,0.0001,-0,-0,1e-05,0.00012,0.00016,0.00013,-8e-05,-1e-05,0,0,0.00013,-0.00021,-7e-05,-0.0001,-0,-0,-0
11.42,0.00141,2e-05,-1e-05,-1e-05,-2e-05,0,-0.00013,1e-05,4e-05,-0.00017,-0,-0,-0,0.00017,0,-1e-05,0.00012,-0,-0,1e-05,0.00014,0.00015,0.00017,-0.0001,-1e-05,0,0,0.00015,-0.0003,-6e-05,-0.00011,-0,-0,-0
11.44,0.00154,5e-05,-1e-05,-1e-05,-2e-05,0,-0.00013,1e-05,4e-05,-0.00018,-0,-0,-0,0.00015,2e-05,-0,0.00013,0,-0,1e-05,0.00016,0.00013,0.00022,-0.00012,-1e-05,0,0,0.00018,-0.00039,-5e-05,-0.00011,-0,-0,0
11.46,0.00168,9e-05,-0,-0,-2e-05,0,-0.00012,1e-05,5e-05,-0.00018,-0,-1e-05,-0,0.00013,4e-05,-0,0.00014,0,-0,1e-05,0.00018,0.00011,0.00027,-0.00015,-2e-05,0,0,0.0002,-0.00047,-4e-05,-0.00012,-0,0,0
11.48,0.00183,0.00012,1e-05,0,-2e-05,0,-0.00011,2e-05,6e-05,-0.00017,-0,-1e-05,-0,0.0001,6e-05,-0,0.00015,0,-0,1e-05,0.0002,0.00011,0.00031,-0.00017,-2e-05,0,0,0.00022,-0.00054,-4e-05,-0.00012,-0,0,0
11.5,0.00197,0.00014,1e-05,1e-05,-2e-05,0,-0.0001,2e-05,6e-05,-0.00017,-0,-1e-05,-0,8e-05,8e-05,0,0.00016,0,-0,1e-05,0.00022,0.00012,0.00035,-0.0002,-2e-05,0,0,0.00024,-0.00059,-4e-05,-0.00011,-0,-0,-0
11.52,0.00208,0.00016,2e-05,1e-05,-2e-05,0,-9e-05,2e-05,7e-05,-0.00016,-0,-1e-05,-0,5e-05,0.0001,0,0.00017,0,-0,1e-05,0.00025,0.00016,0.00037,-0.00022,-2e-05,0,0,0.00026,-0.00061,-6e-05,-0.00011,-0,-0,-0
11.54,0.00216,0.00017,2e-05,2e-05,-2e-05,0,-7e-05,2e-05,7e-05,-0.00015,-0,-1e-05,-0,3e-05,0.00012,1e-05,0.00018,0,-0,2e-05,0.00029,0.00024,0.00038,-0.00025,-3e-05,0,0,0.00028,-0.00061,-8e-05,-0.00011,0,-0,-0
11.56,0.00223,0.00017,3e-05,2e-05,-2e-05,0,-5e-05,2e-05,7e-05,-0.00014,-0,-1e-05,-0,2e-05,0.00014,1e-05,0.0002,0,-0,2e-05,0.00033,0.00036,0.00037,-0.00027,-3e-05,0,0,0.0003,-0.0006,-0.0001,-0.0001,0,-0,-0
11.58,0.00227,0.00017,3e-05,2e-05,-1e-05,0,-3e-05,2e-05,7e-05,-0.00013,-1e-05,-1e-05,-0,2e-05,0.00016,1e-05,0.00021,0,-0,2e-05,0.00038,0.00051,0.00033,-0.00028,-3e-05,0,0,0.00032,-0.00058,-0.00013,-9e-05,1e-05,-0,-0
11.6,0.00227,0.00016,3e-05,3e-05,-1e-05,0,-1e-05,2e-05,7e-05,-0.00012,-1e-05,-1e-05,-0,3e-05,0.00017,1e-05,0.00023,0,-0,2e-05,0.00044,0.00069,0.00027,-0.00029,-2e-05,0,0,0.00035,-0.00055,-0.00015,-7e-05,1e-05,-0,-0
11.62,0.00221,0.00015,3e-05,3e-05,-1e-05,0,1e-05,2e-05,7e-05,-0.00011,-1e-05,-0,0,5e-05,0.00019,1e-05,0.00024,0,-0,2e-05,0.00052,0.0009,0.0002,-0.00027,-2e-05,0,0,0.00038,-0.00053,-0.00016,-6e-05,1e-05,-0,-0
11.64,0.00211,0.00013,2e-05,3e-05,-1e-05,0,3e-05,2e-05,7e-05,-0.0001,-1e-05,-0,0,8e-05,0.0002,2e-05,0.00025,0,-1e-05,3e-05,0.00061,0.00112,0.00013,-0.00024,-2e-05,-0,0,0.00041,-0.00051,-0.00015,-4e-05,2e-05,-0,-0
11.66,0.002,0.00011,1e-05,4e-05,-1e-05,0,5e-05,3e-05,7e-05,-0.0001,-1e-05,-0,0,0.00013,0.0002,2e-05,0.00026,0,-1e-05,3e-05,0.00073,0.00131,6e-05,-0.00019,-2e-05,-0,0,0.00044,-0.00051,-0.00013,-2e-05,2e-05,-0,-0
11.68,0.00188,9e-05,1e-05,4e-05,-0,0,6e-05,3e-05,7e-05,-9e-05,-1e-05,0,1e-05,0.00017,0.00021,3e-05,0.00026,0,-1e-05,3e-05,0.00088,0.00148,-1e-05,-0.00012,-2e-05,-0,-0,0.00047,-0.0005,-0.0001,-0,2e-05,-0,-0
11.7,0.00179,7e-05,0,4e-05,-0,0,7e-05,4e-05,8e-05,-9e-05,-1e-05,0,1e-05,0.00021,0.00021,4e-05,0.00025,0,-1e-05,3e-05,0.00105,0.00162,-8e-05,-6e-05,-2e-05,-0,-0,0.0005,-0.00049,-7e-05,2e-05,2e-05,-0,-0
11.72,0.00174,6e-05,0,4e-05,-0,0,8e-05,6e-05,8e-05,-0.0001,-0,1e-05,2e-05,0.00025,0.0002,4e-05,0.00024,0,-1e-05,2e-05,0.00125,0.00173,-0.00015,0,-2e-05,-0,-0,0.00051,-0.00046,-5e-05,4e-05,2e-05,-0,-0
11.74,0.00173,4e-05,0,3e-05,0,0,8e-05,7e-05,8e-05,-0.0001,1e-05,1e-05,2e-05,0.00028,0.00019,6e-05,0.00021,1e-05,-1e-05,2e-05,0.00148,0.00179,-0.00022,4e-05,-2e-05,-0,0,0.00049,-0.00041,-3e-05,6e-05,2e-05,-0,-0
11.76,0.00177,2e-05,1e-05,3e-05,0,0,9e-05,9e-05,8e-05,-0.00011,1e-05,2e-05,3e-05,0.00029,0.00018,7e-05,0.00017,1e-05,-1e-05,2e-05,0.00173,0.0018,-0.0003,4e-05,-2e-05,-0,0,0.00045,-0.00034,-1e-05,8e-05,2e-05,-0,-0
11.78,0.00184,-0,3e-05,2e-05,-0,-0,0.0001,0.0001,7e-05,-0.00011,1e-05,2e-05,4e-05,0.00029,0.00016,8e-05,0.00011,1e-05,-1e-05,1e-05,0.00203,0.00174,-0.00037,-2e-05,-2e-05,0,0,0.00036,-0.00026,-0,0.0001,2e-05,-0,-0
11.8,0.00195,-2e-05,5e-05,1e-05,-1e-05,-0,0.0001,0.00012,7e-05,-0.00011,1e-05,3e-05,5e-05,0.00027,0.00014,0.0001,4e-05,1e-05,-1e-05,1e-05,0.00236,0.00161,-0.00044,-0.00013,-1e-05,0,0,0.00024,-0.00018,0,0.00011,2e-05,-0,-0
11.82,0.00211,-3e-05,8e-05,-1e-05,-1e-05,-0,0.00011,0.00014,7e-05,-9e-05,1e-05,4e-05,7e-05,0.00024,0.00012,0.00012,-3e-05,2e-05,-1e-05,0,0.00274,0.00139,-0.00047,-0.00028,-1e-05,0,0,8e-05,-0.00011,-0,0.00012,2e-05,-0,-0
11.84,0.00228,-3e-05,0.00011,-3e-05,-2e-05,-0,0.00012,0.00017,6e-05,-7e-05,0,4e-05,8e-05,0.00019,0.0001,0.00014,-0.00012,3e-05,-1e-05,0,0.00314,0.00109,-0.00047,-0.00044,-1e-05,0,0,-0.0001,-4e-05,-1e-05,0.00013,2e-05,-0,-0
11.86,0.00245,1e-05,0.00015,-5e-05,-3e-05,-0,0.00013,0.00019,6e-05,-3e-05,0,5e-05,0.0001,0.00014,8e-05,0.00015,-0.00021,4e-05,-1e-05,1e-05,0.00355,0.00071,-0.00046,-0.00058,-1e-05,0,0,-0.00029,1e-05,-3e-05,0.00013,1e-05,0,0
11.88,0.00259,8e-05,0.00018,-7e-05,-3e-05,-0,0.00014,0.00021,5e-05,1e-05,-0,5e-05,0.00011,8e-05,5e-05,0.00016,-0.0003,5e-05,-1e-05,1e-05,0.00389,0.00025,-0.00043,-0.00065,-1e-05,0,0,-0.00048,5e-05,-5e-05,0.00014,1e-05,0,0
11.9,0.0027,0.00018,0.0002,-9e-05,-4e-05,-0,0.00014,0.00023,5e-05,6e-05,-0,5e-05,0.00011,2e-05,3e-05,0.00017,-0.00038,7e-05,-1e-05,3e-05,0.00416,-0.00026,-0.00039,-0.0006,-1e-05,0,0,-0.00064,7e-05,-7e-05,0.00014,0,0,0
11.92,0.00281,0.0003,0.00022,-0.0001,-4e-05,-0,0.00013,0.00025,4e-05,0.0001,-0,4e-05,0.00011,-3e-05,2e-05,0.00017,-0.00045,0.0001,-0,4e-05,0.00435,-0.00078,-0.00036,-0.00039,-1e-05,-0,-0,-0.00077,9e-05,-9e-05,0.00014,-0,0,0
11.94,0.00285,0.00043,0.00022,-0.00012,-4e-05,-0,0.00011,0.00028,4e-05,0.00014,-0,3e-05,0.0001,-7e-05,0,0.00016,-0.0005,0.00014,-0,6e-05,0.00436,-0.00123,-0.00034,-0,-1e-05,-1e-05,-0,-0.00086,9e-05,-0.00011,0.00016,-1e-05,0,0
11.96,0.00282,0.00056,0.00022,-0.00013,-3e-05,-0,8e-05,0.0003,4e-05,0.00018,-0,2e-05,0.0001,-0.0001,-1e-05,0.00016,-0.00053,0.00018,0,8e-05,0.00412,-0.00163,-0.00032,0.00054,-2e-05,-1e-05,-0,-0.0009,0.0001,-0.00012,0.00017,-1e-05,1e-05,0
11.98,0.0027,0.00067,0.0002,-0.00013,-3e-05,-0,4e-05,0.00032,4e-05,0.0002,0,2e-05,9e-05,-0.00011,-2e-05,0.00016,-0.00054,0.00022,1e-05,0.0001,0.00366,-0.00196,-0.00031,0.00113,-2e-05,-2e-05,-0,-0.00092,0.00011,-0.00013,0.00019,-1e-05,1e-05,0
12,0.00252,0.00076,0.00017,-0.00013,-2e-05,-0,-1e-05,0.00034,4e-05,0.00021,0,1e-05,8e-05,-0.00012,-2e-05,0.00015,-0.00054,0.00026,2e-05,0.00012,0.00304,-0.00224,-0.0003,0.00174,-3e-05,-3e-05,-1e-05,-0.0009,0.00011,-0.00012,0.00022,-2e-05,1e-05,0
12.02,0.00228,0.00081,0.00013,-0.00013,-1e-05,-0,-6e-05,0.00036,4e-05,0.00021,1e-05,1e-05,7e-05,-0.00012,-2e-05,0.00015,-0.00053,0.00031,2e-05,0.00014,0.00231,-0.00252,-0.00031,0.00252,-4e-05,-4e-05,-1e-05,-0.00087,0.00012,-0.00011,0.00026,-2e-05,1e-05,0
12.04,0.00201,0.00082,8e-05,-0.00013,-1e-05,-0,-0.00012,0.00037,5e-05,0.0002,2e-05,1e-05,6e-05,-0.00011,-3e-05,0.00015,-0.00052,0.00035,3e-05,0.00016,0.00154,-0.00283,-0.00035,0.00335,-5e-05,-4e-05,-1e-05,-0.00083,0.00011,-8e-05,0.00031,-2e-05,1e-05,0
12.06,0.00172,0.00081,2e-05,-0.00013,-0,-0,-0.00018,0.00039,6e-05,0.00018,3e-05,0,5e-05,-0.00011,-3e-05,0.00015,-0.00051,0.00034,3e-05,0.00016,0.00082,-0.00317,-0.00044,0.00398,-7e-05,-5e-05,-1e-05,-0.00079,0.0001,-6e-05,0.00036,-2e-05,1e-05,0
12.08,0.00142,0.00079,-4e-05,-0.00014,0,-0,-0.00024,0.0004,7e-05,0.00015,5e-05,0,4e-05,-0.00011,-2e-05,0.00016,-0.0005,0.00031,3e-05,0.00016,0.00024,-0.00353,-0.00058,0.00435,-8e-05,-6e-05,-2e-05,-0.00076,8e-05,-3e-05,0.00042,-2e-05,1e-05,0
12.1,0.00114,0.00074,-0.00011,-0.00015,0,-0,-0.00029,0.00041,7e-05,0.00011,6e-05,-0,3e-05,-0.00012,-2e-05,0.00017,-0.00049,0.00025,2e-05,0.00015,-0.0001,-0.00386,-0.00075,0.00464,-0.0001,-4e-05,-2e-05,-0.00074,5e-05,-0,0.00048,-1e-05,1e-05,0
12.12,0.00088,0.00069,-0.00019,-0.00016,0,-0,-0.00032,0.00042,8e-05,7e-05,9e-05,-0,2e-05,-0.00013,-2e-05,0.00018,-0.00048,0.00017,1e-05,0.00013,-0.00014,-0.00409,-0.0008,0.00517,-0.00013,8e-05,4e-05,-0.00072,2e-05,2e-05,0.00055,-1e-05,1e-05,0
12.14,0.00064,0.00064,-0.00026,-0.00017,1e-05,-0,-0.00035,0.00042,9e-05,3e-05,0.00011,-0,1e-05,-0.00016,-1e-05,0.0002,-0.00046,0.00011,0,0.00011,0.0001,-0.00405,-0.00069,0.0057,-0.00015,0.00027,0.00014,-0.0007,0,3e-05,0.00062,-0,1e-05,0
12.16,0.00041,0.00061,-0.00033,-0.00019,1e-05,-0,-0.00036,0.00041,0.0001,-1e-05,0.00012,-0,0,-0.0002,-1e-05,0.00021,-0.00043,6e-05,-0,0.0001,0.00049,-0.00368,-0.00048,0.00591,-0.00017,0.00047,0.00025,-0.0007,-1e-05,4e-05,0.00069,1e-05,1e-05,0
12.18,0.00019,0.00061,-0.00038,-0.0002,2e-05,-0,-0.00036,0.0004,0.0001,-6e-05,0.00012,-0,-0,-0.00024,-0,0.00023,-0.0004,3e-05,-1e-05,8e-05,0.00088,-0.00302,-0.00012,0.00608,-0.00019,0.0007,0.00038,-0.00073,-1e-05,4e-05,0.00075,1e-05,0,0
12.2,1e-05,0.00064,-0.00042,-0.00022,3e-05,-0,-0.00036,0.00038,0.00011,-9e-05,0.0001,-0,-1e-05,-0.00028,-0,0.00024,-0.00037,1e-05,-1e-05,8e-05,0.00116,-0.00217,0.00023,0.00572,-0.00019,0.00093,0.00051,-0.00077,-0,4e-05,0.00081,2e-05,0,0
12.22,-0.00016,0.0007,-0.00044,-0.00023,5e-05,-0,-0.00035,0.00036,0.00011,-0.00012,8e-05,-0,-1e-05,-0.00033,0,0.00025,-0.00033,-0,-2e-05,7e-05,0.00134,-0.0013,0.00034,0.00445,-0.00016,0.00112,0.00062,-0.00079,0,2e-05,0.00086,3e-05,0,0
12.24,-0.00029,0.00079,-0.00044,-0.00022,7e-05,-0,-0.00033,0.00033,0.00011,-0.00014,5e-05,-0,-0,-0.00036,1e-05,0.00026,-0.0003,-1e-05,-2e-05,6e-05,0.00135,-0.00052,0.00039,0.00314,-0.00011,0.00128,0.00071,-0.00083,1e-05,1e-05,0.00092,3e-05,0,-0
12.26,-0.0004,0.00091,-0.00041,-0.00021,0.0001,-0,-0.00032,0.0003,0.00011,-0.00015,4e-05,-0,1e-05,-0.00038,1e-05,0.00026,-0.00027,-2e-05,-2e-05,4e-05,0.00113,0.00013,0.00046,0.00222,-7e-05,0.00138,0.00077,-0.00087,3e-05,0,0.00099,3e-05,-0,-0
12.28,-0.00046,0.00105,-0.00036,-0.00019,0.00013,-0,-0.00031,0.00026,0.00012,-0.00015,2e-05,-0,2e-05,-0.0004,1e-05,0.00026,-0.00024,-3e-05,-2e-05,2e-05,0.0007,0.00065,0.00053,0.00152,-3e-05,0.00142,0.0008,-0.00093,5e-05,-0,0.00106,3e-05,-0,-0
12.3,-0.00051,0.0012,-0.0003,-0.00016,0.00016,-0,-0.0003,0.00022,0.00012,-0.00014,1e-05,-0,4e-05,-0.00041,2e-05,0.00025,-0.00022,-3e-05,-2e-05,0,4e-05,0.00108,0.00058,0.00095,-1e-05,0.00136,0.00076,-0.00097,5e-05,-1e-05,0.00114,3e-05,-0,-0
12.32,-0.00055,0.00133,-0.00023,-0.00013,0.00018,-0,-0.00031,0.00018,0.00012,-0.00013,1e-05,-0,6e-05,-0.00041,2e-05,0.00023,-0.00021,-4e-05,-2e-05,-2e-05,-0.00072,0.00144,0.00057,0.00048,-1e-05,0.00118,0.00065,-0.00095,3e-05,-0,0.00126,3e-05,-0,-0
12.34,-0.00057,0.0014,-0.00015,-9e-05,0.0002,-0,-0.00033,0.00013,0.00012,-0.00011,0,-0,7e-05,-0.00041,2e-05,0.00021,-0.00021,-5e-05,-1e-05,-5e-05,-0.00142,0.00172,0.00052,7e-05,-1e-05,0.00087,0.00047,-0.00088,-2e-05,-0,0.0014,2e-05,-1e-05,-0
12.36,-0.00054,0.00142,-8e-05,-7e-05,0.00021,-0,-0.00035,9e-05,0.00013,-9e-05,0,-0,7e-05,-0.00041,2e-05,0.00017,-0.00021,-5e-05,-1e-05,-7e-05,-0.00207,0.00189,0.00042,-0.0003,0,0.00043,0.00023,-0.00081,-0.0001,0,0.00157,1e-05,-1e-05,-0
12.38,-0.00047,0.00136,-3e-05,-5e-05,0.0002,-0,-0.00037,5e-05,0.00013,-7e-05,0,-0,7e-05,-0.0004,2e-05,0.00013,-0.00022,-6e-05,-1e-05,-8e-05,-0.00267,0.00194,0.00023,-0.00069,1e-05,-0.00014,-8e-05,-0.00074,-0.0002,1e-05,0.00179,-0,-1e-05,-0
12.4,-0.00037,0.0012,-0,-4e-05,0.00018,-0,-0.00038,3e-05,0.00013,-4e-05,0,-0,6e-05,-0.00038,1e-05,8e-05,-0.00022,-6e-05,-1e-05,-9e-05,-0.00308,0.00192,-0.00014,-0.00113,3e-05,-0.00081,-0.00044,-0.00067,-0.0003,1e-05,0.00206,-1e-05,-1e-05,-1e-05
12.42,-0.00032,0.00094,-0,-4e-05,0.00014,-0,-0.00038,2e-05,0.00013,0,-0,-0,4e-05,-0.00035,-0,3e-05,-0.00021,-6e-05,-1e-05,-9e-05,-0.00308,0.00185,-0.00057,-0.00163,7e-05,-0.00133,-0.00074,-0.00059,-0.00029,2e-05,0.00238,-3e-05,-1e-05,-1e-05
12.44,-0.00026,0.00062,-3e-05,-4e-05,9e-05,-0,-0.00035,3e-05,0.00013,6e-05,-0,0,3e-05,-0.00032,-2e-05,-1e-05,-0.0002,-5e-05,-1e-05,-9e-05,-0.00274,0.00172,-0.00093,-0.00218,0.00011,-0.00161,-0.00094,-0.00053,-0.00019,2e-05,0.00275,-4e-05,-1e-05,-1e-05
12.46,-0.00019,0.00026,-8e-05,-4e-05,3e-05,-0,-0.00029,5e-05,0.00013,0.00013,-0,0,2e-05,-0.00028,-3e-05,-3e-05,-0.00017,-4e-05,-1e-05,-8e-05,-0.00222,0.00153,-0.00131,-0.00278,0.00015,-0.00173,-0.00105,-0.00048,-5e-05,2e-05,0.00315,-6e-05,-1e-05,-1e-05
12.48,-0.00013,-9e-05,-0.00015,-4e-05,-3e-05,0,-0.00021,7e-05,0.00012,0.0002,-0,0,2e-05,-0.00023,-4e-05,-5e-05,-0.00014,-3e-05,-1e-05,-6e-05,-0.00153,0.00128,-0.00183,-0.00345,0.00019,-0.00173,-0.0011,-0.00038,0.00015,2e-05,0.00353,-8e-05,-1e-05,-0
12.5,-8e-05,-0.00038,-0.00021,-4e-05,-8e-05,0,-0.00012,0.0001,0.00011,0.00027,-0,-0,2e-05,-0.0002,-4e-05,-5e-05,-0.0001,-3e-05,-0,-5e-05,-0.00093,0.00102,-0.0021,-0.00396,0.00022,-0.00152,-0.00103,-0.00028,0.00037,2e-05,0.00388,-0.0001,-1e-05,-0
12.52,-4e-05,-0.00056,-0.00026,-4e-05,-0.00011,0,-3e-05,0.00011,0.00011,0.00032,-0,-0,2e-05,-0.00017,-3e-05,-3e-05,-7e-05,-3e-05,-0,-3e-05,-0.00079,0.00075,-0.00144,-0.00396,0.00023,-0.001,-0.00078,-0.00016,0.00054,2e-05,0.00416,-0.00011,-1e-05,-0
12.54,0,-0.00065,-0.0003,-5e-05,-0.00013,0,5e-05,0.00011,0.0001,0.00034,0,-0,3e-05,-0.00017,-2e-05,-1e-05,-5e-05,-2e-05,-0,-2e-05,-0.00091,0.00047,-0.0006,-0.00361,0.00023,-0.00045,-0.00047,0.0001,0.00069,2e-05,0.00434,-0.00011,-1e-05,-0
12.56,4e-05,-0.00065,-0.00031,-5e-05,-0.00014,0,0.0001,0.0001,0.0001,0.00033,0,-0,3e-05,-0.00018,1e-05,3e-05,-3e-05,-2e-05,-0,-1e-05,-0.00102,0.00021,-0.00011,-0.00309,0.00022,-3e-05,-0.00021,0.00046,0.00083,2e-05,0.00437,-0.00011,-1e-05,-0
12.58,0.0001,-0.00058,-0.00031,-6e-05,-0.00013,0,0.00013,8e-05,0.0001,0.0003,0,-0,3e-05,-0.00021,5e-05,7e-05,-2e-05,-2e-05,-0,0,-0.00113,2e-05,0.00021,-0.00232,0.0002,0.00032,3e-05,0.00083,0.00097,2e-05,0.00423,-0.00011,-1e-05,-0
12.6,0.00019,-0.00045,-0.0003,-7e-05,-0.00011,0,0.00014,6e-05,0.0001,0.00023,0,-0,4e-05,-0.00024,9e-05,0.0001,-2e-05,-1e-05,-0,1e-05,-0.00113,-9e-05,0.00018,-0.00153,0.00018,0.00046,0.00016,0.00121,0.00107,1e-05,0.00392,-0.0001,-0,-0
12.62,0.00026,-0.00027,-0.00028,-8e-05,-8e-05,0,0.00014,4e-05,0.00011,0.00016,0,-0,4e-05,-0.00026,0.00013,0.00013,-1e-05,-1e-05,-0,2e-05,-0.00102,-0.00011,-0.00014,-0.00099,0.00016,0.00035,0.00013,0.00175,0.00112,-1e-05,0.0035,-9e-05,-0,0
12.64,0.00033,-7e-05,-0.00025,-9e-05,-5e-05,0,0.00013,2e-05,0.00011,8e-05,0,-0,3e-05,-0.00027,0.00017,0.00016,-0,-0,-0,2e-05,-0.00093,-0.0001,-0.00035,-0.00059,0.00014,0.00021,7e-05,0.00232,0.00114,-7e-05,0.00294,-7e-05,-0,0
12.66,0.00042,0.00013,-0.00023,-0.00011,-2e-05,0,0.00012,1e-05,0.00012,0,0,-0,3e-05,-0.00025,0.00021,0.00017,1e-05,0,-0,3e-05,-0.00087,-7e-05,-0.00036,-0.00024,0.00013,0.00013,4e-05,0.00274,0.00114,-0.0002,0.00226,-6e-05,0,0
12.68,0.00054,0.00032,-0.00022,-0.00013,0,0,0.00011,-0,0.00011,-6e-05,-0,-0,2e-05,-0.00021,0.00023,0.00018,3e-05,0,-1e-05,3e-05,-0.00084,-5e-05,-0.00028,3e-05,0.00011,8e-05,3e-05,0.00304,0.00109,-0.00044,0.00158,-4e-05,0,0
12.7,0.00064,0.00047,-0.00021,-0.00014,2e-05,0,0.00012,-1e-05,0.00011,-0.00011,-0,-0,1e-05,-0.00016,0.00024,0.00017,6e-05,1e-05,-0,4e-05,-0.0008,-3e-05,-0.00017,0.00019,0.0001,4e-05,1e-05,0.00329,0.00093,-0.00076,0.00089,-2e-05,0,0
12.72,0.00071,0.00058,-0.0002,-0.00015,4e-05,0,0.00014,-2e-05,9e-05,-0.00015,-0,-0,-1e-05,-0.0001,0.00024,0.00014,8e-05,1e-05,-0,4e-05,-0.00074,-3e-05,-8e-05,0.00025,9e-05,2e-05,1e-05,0.0036,0.00067,-0.00106,0.00024,-1e-05,1e-05,0
12.74,0.00075,0.00063,-0.0002,-0.00016,5e-05,0,0.00018,-2e-05,5e-05,-0.00017,-0,-0,-3e-05,-4e-05,0.00024,0.00012,0.00011,1e-05,-0,4e-05,-0.00067,-4e-05,-2e-05,0.00027,8e-05,1e-05,0,0.00388,0.00032,-0.00131,-0.0003,1e-05,1e-05,0
12.76,0.00077,0.00062,-0.0002,-0.00015,6e-05,0,0.00022,-3e-05,1e-05,-0.00017,-0,-0,-4e-05,2e-05,0.00022,9e-05,0.00013,1e-05,-0,4e-05,-0.00061,-7e-05,1e-05,0.00029,7e-05,-0,-0,0.00409,-8e-05,-0.00149,-0.00085,2e-05,1e-05,0
12.78,0.00077,0.00056,-0.0002,-0.00014,7e-05,0,0.00027,-3e-05,-3e-05,-0.00016,-0,-0,-6e-05,8e-05,0.0002,6e-05,0.00015,1e-05,-0,4e-05,-0.00054,-0.0001,1e-05,0.0003,6e-05,-1e-05,-0,0.00424,-0.00054,-0.00152,-0.00158,3e-05,1e-05,0
12.8,0.00073,0.00046,-0.00021,-0.00013,7e-05,0,0.00031,-3e-05,-8e-05,-0.00013,-0,-0,-7e-05,0.00012,0.00017,3e-05,0.00017,1e-05,-0,4e-05,-0.00047,-0.00015,1e-05,0.00031,6e-05,-1e-05,-0,0.00439,-0.001,-0.00133,-0.00253,3e-05,1e-05,0
12.82,0.00067,0.00034,-0.00022,-0.00011,7e-05,0,0.00034,-3e-05,-0.0001,-0.0001,-0,-0,-7e-05,0.00015,0.00015,1e-05,0.00017,2e-05,-0,3e-05,-0.00042,-0.00022,0,0.00032,5e-05,-1e-05,-1e-05,0.00455,-0.00141,-0.0009,-0.00353,3e-05,1e-05,0
12.84,0.00059,0.00022,-0.00022,-0.0001,7e-05,0,0.00035,-3e-05,-0.00011,-7e-05,-0,0,-5e-05,0.00017,0.00011,-1e-05,0.00018,2e-05,-0,3e-05,-0.00038,-0.00028,-0,0.00033,5e-05,-1e-05,-1e-05,0.00468,-0.00172,-0.00036,-0.00456,2e-05,1e-05,0
12.86,0.0005,0.00011,-0.00022,-8e-05,8e-05,0,0.00034,-2e-05,-0.0001,-5e-05,-0,0,-3e-05,0.00018,8e-05,-2e-05,0.00017,3e-05,0,2e-05,-0.00035,-0.00034,-0,0.00035,5e-05,-1e-05,-1e-05,0.0048,-0.00188,0.00014,-0.00568,1e-05,1e-05,0
12.88,0.00042,2e-05,-0.00021,-8e-05,8e-05,0,0.00031,-1e-05,-7e-05,-2e-05,-0,0,0,0.00018,5e-05,-3e-05,0.00016,3e-05,0,1e-05,-0.00032,-0.00039,-0,0.00038,5e-05,-1e-05,-0,0.00489,-0.00187,0.00049,-0.00658,0,1e-05,0
12.9,0.00033,-3e-05,-0.00019,-8e-05,9e-05,0,0.00026,0,-3e-05,-1e-05,-0,0,3e-05,0.00018,3e-05,-4e-05,0.00014,4e-05,0,1e-05,-0.0003,-0.00042,-1e-05,0.0004,5e-05,-1e-05,-0,0.00495,-0.00168,0.00063,-0.00709,-1e-05,1e-05,0
12.92,0.00025,-4e-05,-0.00018,-8e-05,9e-05,0,0.00021,1e-05,0,0,-0,0,6e-05,0.00017,0,-4e-05,0.00012,5e-05,0,0,-0.00026,-0.00043,-1e-05,0.00042,5e-05,-1e-05,-0,0.00481,-0.00136,0.00071,-0.00744,-2e-05,0,0
12.94,0.00017,-0,-0.00016,-8e-05,0.0001,0,0.00016,3e-05,3e-05,0,0,0,0.0001,0.00016,-1e-05,-4e-05,0.00011,6e-05,0,-1e-05,-0.0002,-0.00043,-1e-05,0.00044,5e-05,-1e-05,-0,0.00434,-0.00099,0.0008,-0.0076,-2e-05,0,0
12.96,9e-05,8e-05,-0.00014,-9e-05,0.00011,0,0.00013,3e-05,5e-05,-1e-05,1e-05,0,0.00012,0.00015,-2e-05,-4e-05,9e-05,7e-05,1e-05,-1e-05,-0.00014,-0.00041,-1e-05,0.00045,5e-05,-1e-05,-0,0.00362,-0.00061,0.00084,-0.00748,-1e-05,0,0
12.98,2e-05,0.00021,-0.00012,-9e-05,0.00012,0,0.00011,4e-05,6e-05,-3e-05,2e-05,0,0.00013,0.00013,-3e-05,-4e-05,8e-05,8e-05,1e-05,-1e-05,-7e-05,-0.00037,-0,0.00045,5e-05,-1e-05,-0,0.00275,-0.00019,0.00087,-0.00698,-1e-05,-0,0
13,-6e-05,0.00038,-0.00011,-0.0001,0.00013,0,0.0001,4e-05,5e-05,-6e-05,4e-05,0,0.00012,0.00012,-3e-05,-3e-05,7e-05,0.0001,1e-05,-2e-05,4e-05,-0.0003,1e-05,0.00044,4e-05,-0,-0,0.0019,0.00029,0.00085,-0.00625,-0,-0,-0
13.02,-0.00015,0.00057,-0.00011,-0.0001,0.00014,0,0.00011,4e-05,4e-05,-0.0001,7e-05,1e-05,0.0001,0.0001,-4e-05,-3e-05,6e-05,0.00012,1e-05,-1e-05,0.0002,-0.00022,1e-05,0.00041,4e-05,-0,-0,0.00123,0.00084,0.00074,-0.00541,-0,-0,-0
13.04,-0.00025,0.00078,-0.00011,-9e-05,0.00015,0,0.00011,3e-05,1e-05,-0.00016,0.00012,1e-05,7e-05,8e-05,-4e-05,-3e-05,5e-05,0.00014,2e-05,-1e-05,0.00043,-0.00012,2e-05,0.00035,4e-05,-0,-0,0.00076,0.00139,0.00059,-0.00438,-0,-0,-0
13.06,-0.00035,0.001,-0.00011,-8e-05,0.00015,0,0.00012,3e-05,-2e-05,-0.00022,0.00017,2e-05,5e-05,5e-05,-4e-05,-4e-05,4e-05,0.00017,2e-05,-0,0.00069,-1e-05,2e-05,0.00028,3e-05,-0,-0,0.00046,0.00185,0.00044,-0.00318,-0,-0,-0
13.08,-0.00044,0.00123,-0.00011,-7e-05,0.00016,0,0.00012,2e-05,-5e-05,-0.00028,0.00022,3e-05,2e-05,1e-05,-4e-05,-4e-05,3e-05,0.0002,2e-05,0,0.00099,9e-05,3e-05,0.00017,3e-05,-0,-0,0.00034,0.00219,0.0003,-0.00196,0,-0,-1e-05
13.1,-0.00052,0.00146,-0.0001,-5e-05,0.00016,0,0.00012,1e-05,-8e-05,-0.00033,0.00028,4e-05,-1e-05,-3e-05,-4e-05,-4e-05,3e-05,0.00021,2e-05,1e-05,0.00134,0.00018,3e-05,4e-05,2e-05,-0,-0,0.00023,0.00239,0.00018,-0.00094,0,-0,-0
13.12,-0.0006,0.00167,-9e-05,-2e-05,0.00015,0,0.00011,1e-05,-0.0001,-0.00036,0.00034,6e-05,-3e-05,-9e-05,-3e-05,-5e-05,3e-05,0.00023,3e-05,1e-05,0.00175,0.00028,3e-05,-0.0001,2e-05,-0,-0,8e-05,0.00244,6e-05,-0.00018,0,-0,-0
13.14,-0.00067,0.00186,-7e-05,0,0.00015,0,9e-05,0,-0.00012,-0.00035,0.00039,7e-05,-5e-05,-0.00016,-1e-05,-5e-05,5e-05,0.00021,4e-05,0,0.00215,0.0004,4e-05,-0.00026,1e-05,-0,-0,-6e-05,0.00235,-8e-05,0.00041,0,-0,-0
13.16,-0.00069,0.00199,-4e-05,3e-05,0.00014,0,6e-05,-1e-05,-0.00013,-0.0003,0.00037,6e-05,-6e-05,-0.00023,2e-05,-5e-05,7e-05,0.00012,3e-05,-1e-05,0.00247,0.00054,5e-05,-0.0004,-0,-0,-0,0.0001,0.00184,-0.00022,0.00093,-1e-05,-0,-0
13.18,-0.00066,0.00202,-2e-05,6e-05,0.00012,0,4e-05,-5e-05,-0.00014,-0.00023,0.00031,3e-05,-6e-05,-0.00029,6e-05,-5e-05,0.00012,1e-05,1e-05,-3e-05,0.00267,0.00072,6e-05,-0.0005,-1e-05,-0,-0,0.00151,0.00088,-0.00026,0.00162,-6e-05,0,0
13.2,-0.0006,0.00194,1e-05,8e-05,0.00011,0,1e-05,-9e-05,-0.00014,-0.00013,0.00021,0,-7e-05,-0.00034,9e-05,-5e-05,0.00017,-0.00011,-3e-05,-6e-05,0.00273,0.00098,9e-05,-0.00054,-3e-05,-0,-0,0.00453,-5e-05,-0.00014,0.00234,-0.00014,0,1e-05
13.22,-0.00053,0.00171,3e-05,0.00011,9e-05,0,-1e-05,-0.00014,-0.00013,-4e-05,8e-05,-3e-05,-7e-05,-0.00037,0.00013,-4e-05,0.00023,-0.00015,-5e-05,-8e-05,0.0026,0.00135,0.00012,-0.00047,-4e-05,-0,-0,0.00926,-0.00059,0.00014,0.00289,-0.00026,0,1e-05
13.24,-0.00046,0.00136,5e-05,0.00013,7e-05,0,-1e-05,-0.00019,-0.00013,6e-05,-1e-05,-4e-05,-7e-05,-0.00035,0.00016,-4e-05,0.0003,-0.0001,-5e-05,-9e-05,0.0023,0.00181,0.00015,-0.0003,-6e-05,-0,-0,0.01527,-0.0004,0.0005,0.00305,-0.00044,-0,1e-05
13.26,-0.00038,0.00092,5e-05,0.00015,4e-05,0,1e-05,-0.00024,-0.00012,0.00014,-7e-05,-4e-05,-7e-05,-0.00031,0.00018,-3e-05,0.00036,-1e-05,-4e-05,-0.0001,0.00186,0.00229,0.00018,-3e-05,-7e-05,-0,-0,0.02205,0.00079,0.0009,0.00278,-0.00066,-2e-05,0
13.28,-0.00031,0.00043,4e-05,0.00016,2e-05,-0,4e-05,-0.00026,-0.00011,0.0002,-8e-05,-3e-05,-7e-05,-0.00023,0.00018,-2e-05,0.00042,9e-05,-2e-05,-0.0001,0.00134,0.00276,0.00021,0.0003,-9e-05,-0,-0,0.02861,0.00312,0.00127,0.00206,-0.00093,-5e-05,-2e-05
13.3,-0.00026,-3e-05,2e-05,0.00017,-1e-05,-0,7e-05,-0.00027,-0.0001,0.00024,-6e-05,-1e-05,-7e-05,-0.00015,0.00017,-0,0.00046,0.00015,-1e-05,-9e-05,0.00077,0.00318,0.00023,0.00065,-0.0001,-0,-0,0.03408,0.0064,0.00148,0.00108,-0.00121,-0.0001,-5e-05
13.32,-0.00019,-0.00041,-1e-05,0.00017,-3e-05,-0,0.0001,-0.00025,-8e-05,0.00025,2e-05,1e-05,-6e-05,-6e-05,0.00014,1e-05,0.00048,0.00016,-1e-05,-7e-05,0.00023,0.00348,0.00024,0.00097,-0.00011,-0,0,0.038,0.00988,0.00143,0.00014,-0.00149,-0.00015,-8e-05
13.34,-0.00013,-0.00069,-4e-05,0.00016,-5e-05,-0,0.00012,-0.00021,-7e-05,0.00025,0.0001,2e-05,-6e-05,1e-05,0.00011,2e-05,0.00047,0.00013,-1e-05,-5e-05,-0.00016,0.00363,0.00024,0.00123,-0.00011,-0,0,0.03975,0.01286,0.00119,-0.00057,-0.00174,-0.0002,-0.00012
13.36,-8e-05,-0.00089,-7e-05,0.00014,-7e-05,-0,0.00012,-0.00016,-5e-05,0.00022,0.00016,3e-05,-5e-05,5e-05,8e-05,4e-05,0.00043,0.0001,-1e-05,-2e-05,-0.00034,0.0036,0.00022,0.00136,-0.00012,-0,0,0.03908,0.01503,0.00088,-0.00095,-0.00192,-0.00023,-0.00016
13.38,-3e-05,-0.001,-0.0001,0.00011,-8e-05,-0,0.00011,-0.0001,-3e-05,0.00019,0.00019,3e-05,-4e-05,8e-05,5e-05,6e-05,0.00036,7e-05,-1e-05,1e-05,-0.00036,0.0034,0.00019,0.00132,-0.00012,-0,0,0.03613,0.0161,0.00056,-0.00095,-0.00201,-0.00026,-0.00019
13.4,7e-05,-0.00103,-0.00013,8e-05,-9e-05,-0,8e-05,-4e-05,-1e-05,0.00015,0.00018,3e-05,-3e-05,8e-05,3e-05,8e-05,0.00026,4e-05,-1e-05,3e-05,-0.00016,0.00299,0.00014,0.00116,-0.00011,0,0,0.03184,0.01607,0.00027,-0.00056,-0.00201,-0.00027,-0.0002
13.42,0.00018,-0.00098,-0.00016,4e-05,-9e-05,-0,6e-05,2e-05,0,0.00011,0.00012,2e-05,-2e-05,7e-05,1e-05,9e-05,0.00015,2e-05,-1e-05,6e-05,0.00036,0.00237,9e-05,0.00103,-0.00011,0,0,0.02741,0.01511,6e-05,0.00013,-0.00192,-0.00027,-0.00021
13.44,0.0003,-0.00089,-0.00018,1e-05,-9e-05,-0,4e-05,7e-05,1e-05,9e-05,6e-05,1e-05,-1e-05,6e-05,0,0.0001,4e-05,1e-05,-1e-05,0.0001,0.00108,0.00161,4e-05,0.00085,-9e-05,0,0,0.02267,0.01348,-2e-05,0.00102,-0.00174,-0.00026,-0.00022
13.46,0.00042,-0.00076,-0.0002,-2e-05,-9e-05,-0,3e-05,0.0001,0,7e-05,3e-05,1e-05,-0,6e-05,-0,0.0001,-7e-05,0,-1e-05,0.00012,0.00181,0.00075,-2e-05,0.00061,-8e-05,0,0,0.01742,0.01146,6e-05,0.00206,-0.00148,-0.00024,-0.00022
13.48,0.00056,-0.00061,-0.00023,-6e-05,-9e-05,-0,3e-05,0.00012,-1e-05,6e-05,1e-05,0,0,5e-05,0,0.0001,-0.00017,-0,-0,0.00013,0.00247,-0.00023,-9e-05,0.00043,-6e-05,1e-05,0,0.01207,0.00917,0.00032,0.00321,-0.00115,-0.00023,-0.00022
13.5,0.00067,-0.00048,-0.00025,-9e-05,-9e-05,-0,3e-05,0.00014,-2e-05,7e-05,-0,-0,1e-05,6e-05,1e-05,9e-05,-0.00025,-0,-0,0.00013,0.00304,-0.00135,-0.00018,0.00027,-4e-05,1e-05,0,0.00728,0.00696,0.00075,0.0044,-0.00081,-0.00021,-0.00022
13.52,0.00073,-0.00038,-0.00027,-0.00011,-0.0001,-0,4e-05,0.00015,-3e-05,8e-05,-0,-0,1e-05,6e-05,1e-05,9e-05,-0.00032,0,-0,0.00011,0.00356,-0.00246,-0.00027,0.00013,-2e-05,1e-05,0,0.00354,0.00511,0.00129,0.00547,-0.00048,-0.00019,-0.00022
13.54,0.00074,-0.00033,-0.0003,-0.00013,-0.0001,-0,5e-05,0.00015,-4e-05,9e-05,-0,-1e-05,2e-05,7e-05,2e-05,8e-05,-0.00037,0,0,0.0001,0.00394,-0.00348,-0.00037,7e-05,-0,1e-05,0,0.00054,0.00343,0.00188,0.00641,-0.00018,-0.00017,-0.00022
13.56,0.00073,-0.00034,-0.00032,-0.00015,-0.0001,-0,6e-05,0.00016,-5e-05,0.00011,-0,-1e-05,2e-05,7e-05,2e-05,8e-05,-0.0004,0,0,9e-05,0.00414,-0.00446,-0.00048,1e-05,1e-05,1e-05,0,-0.00208,0.00175,0.0025,0.00724,6e-05,-0.00015,-0.00022
13.58,0.00069,-0.0004,-0.00034,-0.00016,-0.0001,-0,6e-05,0.00018,-5e-05,0.00012,0,-1e-05,3e-05,7e-05,2e-05,7e-05,-0.00043,0,0,9e-05,0.00418,-0.00537,-0.0006,-0.00016,2e-05,1e-05,0,-0.00422,6e-05,0.00307,0.00792,0.00023,-0.00014,-0.00021
13.6,0.00062,-0.00049,-0.00035,-0.00016,-0.0001,-0,5e-05,0.00019,-5e-05,0.00013,0,-1e-05,3e-05,6e-05,1e-05,7e-05,-0.00044,0,1e-05,9e-05,0.00411,-0.00614,-0.00072,-0.00053,3e-05,2e-05,0,-0.00585,-0.00149,0.00349,0.00845,0.00032,-0.00012,-0.00019
13.62,0.0005,-0.00059,-0.00036,-0.00016,-0.0001,-0,4e-05,0.0002,-4e-05,0.00013,0,-1e-05,3e-05,4e-05,1e-05,8e-05,-0.00044,0,1e-05,9e-05,0.00395,-0.00668,-0.0008,-0.00099,4e-05,1e-05,0,-0.00702,-0.00274,0.00361,0.00879,0.00033,-0.0001,-0.00017
13.64,0.00036,-0.00067,-0.00037,-0.00016,-0.0001,-0,3e-05,0.0002,-4e-05,0.00013,0,-1e-05,3e-05,0,-0,8e-05,-0.00044,0,1e-05,9e-05,0.00367,-0.00702,-0.00085,-0.0015,4e-05,1e-05,0,-0.00795,-0.00383,0.00342,0.00901,0.00026,-8e-05,-0.00015
13.66,0.00025,-0.00073,-0.00036,-0.00016,-9e-05,-0,1e-05,0.00021,-3e-05,0.00012,0,-1e-05,3e-05,-4e-05,-1e-05,8e-05,-0.00045,0,1e-05,8e-05,0.00324,-0.00718,-0.00088,-0.00211,4e-05,1e-05,0,-0.0089,-0.0049,0.00289,0.0092,0.00012,-7e-05,-0.00011
13.68,0.00014,-0.00073,-0.00035,-0.00016,-9e-05,-0,-1e-05,0.0002,-2e-05,0.0001,0,-1e-05,3e-05,-9e-05,-1e-05,8e-05,-0.00045,0,1e-05,6e-05,0.00269,-0.00711,-0.00087,-0.0027,4e-05,1e-05,0,-0.00995,-0.0059,0.00201,0.00939,-0.0001,-5e-05,-7e-05
13.7,6e-05,-0.00067,-0.00033,-0.00016,-8e-05,-0,-4e-05,0.00019,-1e-05,9e-05,0,-1e-05,3e-05,-0.00014,-2e-05,8e-05,-0.00044,0,1e-05,3e-05,0.00201,-0.00683,-0.00082,-0.0032,3e-05,0,-0,-0.01133,-0.00666,0.00078,0.00972,-0.00036,-3e-05,-3e-05
13.72,0,-0.00055,-0.00031,-0.00016,-6e-05,-0,-6e-05,0.00018,-1e-05,7e-05,-0,-0,3e-05,-0.00018,-2e-05,7e-05,-0.00043,0,1e-05,-0,0.00125,-0.00635,-0.00072,-0.00351,3e-05,-0,-0,-0.01332,-0.00702,-0.00067,0.01033,-0.00065,-0,2e-05
13.74,-3e-05,-0.00036,-0.00029,-0.00017,-4e-05,-0,-8e-05,0.00017,0,5e-05,-0,-0,2e-05,-0.0002,-3e-05,6e-05,-0.00042,0,1e-05,-4e-05,0.00045,-0.0057,-0.00058,-0.0036,3e-05,-1e-05,-0,-0.01603,-0.00712,-0.00217,0.01127,-0.00095,2e-05,6e-05
13.76,-5e-05,-0.0001,-0.00027,-0.00017,-2e-05,-0,-9e-05,0.00015,1e-05,4e-05,-0,-0,2e-05,-0.00019,-3e-05,5e-05,-0.00039,0,1e-05,-8e-05,-0.00034,-0.00489,-0.0004,-0.00344,2e-05,-1e-05,-1e-05,-0.01958,-0.00706,-0.00366,0.01255,-0.00125,5e-05,0.0001
13.78,-6e-05,0.00021,-0.00026,-0.00019,2e-05,-0,-0.0001,0.00013,1e-05,4e-05,0,-0,1e-05,-0.00017,-3e-05,4e-05,-0.00036,1e-05,1e-05,-0.00011,-0.00102,-0.00399,-0.00022,-0.00299,2e-05,-1e-05,-1e-05,-0.02407,-0.00677,-0.00508,0.01416,-0.00152,8e-05,0.00014
13.8,-5e-05,0.00057,-0.00024,-0.0002,6e-05,-0,-0.0001,0.00011,1e-05,3e-05,0,-0,-0,-0.00012,-3e-05,2e-05,-0.00033,1e-05,1e-05,-0.00013,-0.00154,-0.00313,-5e-05,-0.00243,2e-05,-1e-05,-1e-05,-0.02984,-0.00615,-0.0063,0.01606,-0.00175,0.00012,0.00017
13.82,-3e-05,0.00095,-0.00022,-0.00021,0.0001,-0,-0.0001,9e-05,1e-05,3e-05,0,-0,-2e-05,-6e-05,-3e-05,1e-05,-0.00029,1e-05,1e-05,-0.00013,-0.00184,-0.00241,9e-05,-0.00189,2e-05,-1e-05,-1e-05,-0.03717,-0.00516,-0.00713,0.01813,-0.00193,0.00015,0.0002
13.84,-2e-05,0.00134,-0.00021,-0.00023,0.00015,-0,-0.0001,6e-05,1e-05,3e-05,1e-05,-0,-3e-05,0,-2e-05,-1e-05,-0.00026,2e-05,1e-05,-0.00011,-0.00186,-0.00174,0.00023,-0.00127,2e-05,-1e-05,-1e-05,-0.04574,-0.00388,-0.00756,0.02004,-0.00203,0.00019,0.00022
13.86,-0,0.00172,-0.00019,-0.00025,0.0002,-0,-0.0001,2e-05,-0,2e-05,2e-05,-0,-4e-05,8e-05,-2e-05,-2e-05,-0.00022,2e-05,1e-05,-7e-05,-0.00158,-0.00112,0.00033,-0.0006,2e-05,-1e-05,-1e-05,-0.05487,-0.00239,-0.00767,0.02131,-0.00204,0.00022,0.00024
13.88,1e-05,0.00209,-0.00017,-0.00026,0.00026,-0,-0.0001,-2e-05,-1e-05,-0,3e-05,-0,-6e-05,0.00015,-2e-05,-4e-05,-0.00019,3e-05,1e-05,-4e-05,-0.00105,-0.00057,0.0004,1e-05,1e-05,-1e-05,-0,-0.06372,-0.00071,-0.00751,0.0214,-0.00196,0.00024,0.00025
13.9,1e-05,0.00241,-0.00014,-0.00028,0.0003,-0,-0.00011,-6e-05,-2e-05,-4e-05,5e-05,-0,-6e-05,0.00023,-2e-05,-6e-05,-0.00017,3e-05,1e-05,-0,-0.00052,-0.00014,0.00043,0.00051,1e-05,-0,-0,-0.07178,0.00109,-0.00682,0.01972,-0.00178,0.00025,0.00026
13.92,1e-05,0.00264,-0.00011,-0.00029,0.00033,-0,-0.00012,-9e-05,-2e-05,-9e-05,7e-05,-0,-6e-05,0.0003,-2e-05,-8e-05,-0.00016,4e-05,1e-05,2e-05,-6e-05,0.00016,0.00044,0.0009,1e-05,-0,-0,-0.07845,0.00276,-0.00539,0.01571,-0.0015,0.00024,0.00026
13.94,0,0.00272,-7e-05,-0.00029,0.00034,-0,-0.00016,-0.00011,-2e-05,-0.00015,0.00011,0,-4e-05,0.00037,-2e-05,-0.00012,-0.00016,4e-05,1e-05,5e-05,0.00043,0.00032,0.00042,0.00117,0,0,0,-0.08146,0.00407,-0.00372,0.00886,-0.00114,0.00023,0.00024
13.96,-1e-05,0.00266,-4e-05,-0.0003,0.00033,-0,-0.0002,-0.00012,-1e-05,-0.00024,0.00015,1e-05,-2e-05,0.00043,-3e-05,-0.00016,-0.00017,5e-05,1e-05,6e-05,0.00085,0.00035,0.00037,0.00131,0,0,0,-0.07905,0.00497,-0.00224,-0.00072,-0.00074,0.0002,0.00021
13.98,-3e-05,0.00242,-1e-05,-0.0003,0.00028,-0,-0.00026,-0.00011,0,-0.00032,0.00018,1e-05,-0,0.00048,-4e-05,-0.00021,-0.00017,5e-05,1e-05,5e-05,0.00115,0.0003,0.00028,0.00134,0,1e-05,0,-0.07123,0.00542,-0.00103,-0.01218,-0.00036,0.00016,0.00017
14,-7e-05,0.00201,1e-05,-0.0003,0.00023,-0,-0.00031,-0.0001,2e-05,-0.00039,0.00022,2e-05,2e-05,0.00052,-5e-05,-0.00025,-0.00018,4e-05,1e-05,3e-05,0.00132,0.00024,0.00017,0.0013,0,1e-05,0,-0.05837,0.0053,-0.00033,-0.0239,-3e-05,0.00012,0.00013
14.02,-0.0001,0.00152,2e-05,-0.0003,0.00017,-0,-0.00033,-8e-05,4e-05,-0.00042,0.00026,3e-05,5e-05,0.00055,-6e-05,-0.00027,-0.00017,4e-05,1e-05,-1e-05,0.00144,0.00023,5e-05,0.00121,1e-05,1e-05,0,-0.04222,0.00467,-6e-05,-0.03397,0.0002,8e-05,8e-05
14.04,-0.00015,0.00097,1e-05,-0.00029,0.00011,-0,-0.00031,-6e-05,4e-05,-0.0004,0.00028,4e-05,8e-05,0.00055,-6e-05,-0.00028,-0.00015,3e-05,0,-4e-05,0.00149,0.00032,-6e-05,0.00107,1e-05,1e-05,0,-0.0258,0.00383,8e-05,-0.04047,0.0003,5e-05,5e-05
14.06,-0.00019,0.00041,-3e-05,-0.00028,5e-05,-0,-0.00024,-4e-05,4e-05,-0.00033,0.00026,4e-05,9e-05,0.00054,-7e-05,-0.00027,-0.00012,1e-05,-0,-7e-05,0.00141,0.00048,-0.00015,0.00089,2e-05,1e-05,0,-0.01177,0.00303,0.00013,-0.04209,0.0003,3e-05,2e-05
14.08,-0.00024,-8e-05,-9e-05,-0.00028,-1e-05,0,-0.00014,-2e-05,3e-05,-0.00021,0.00022,4e-05,0.0001,0.00052,-7e-05,-0.00024,-7e-05,-1e-05,-1e-05,-9e-05,0.00122,0.00065,-0.00021,0.0007,2e-05,1e-05,0,-0.0018,0.0024,0.00015,-0.03846,0.00024,2e-05,1e-05
14.1,-0.00027,-0.00044,-0.00016,-0.00027,-7e-05,0,-1e-05,-1e-05,1e-05,-7e-05,0.00015,2e-05,0.0001,0.00047,-6e-05,-0.0002,-2e-05,-2e-05,-1e-05,-0.0001,0.00102,0.00077,-0.00023,0.00049,3e-05,0,0,0.00346,0.00195,0.00013,-0.03087,0.00014,1e-05,1e-05
14.12,-0.0003,-0.00064,-0.00025,-0.00028,-0.00012,0,0.00012,-1e-05,-1e-05,7e-05,8e-05,0,8e-05,0.00042,-6e-05,-0.00016,4e-05,-3e-05,-1e-05,-0.0001,0.00092,0.00086,-0.00019,0.00028,4e-05,0,-0,0.0046,0.00168,8e-05,-0.02086,3e-05,0,0
14.14,-0.00031,-0.00069,-0.00034,-0.00029,-0.00015,0,0.00025,-1e-05,-2e-05,0.00022,2e-05,-2e-05,6e-05,0.00037,-5e-05,-0.00013,9e-05,-2e-05,-1e-05,-9e-05,0.00091,0.00089,-0.00014,0.0001,4e-05,0,-0,0.00295,0.00157,7e-05,-0.00954,-5e-05,-0,0
14.16,-0.0003,-0.0006,-0.00042,-0.0003,-0.00018,0,0.00034,-1e-05,-3e-05,0.00034,-1e-05,-3e-05,4e-05,0.00031,-5e-05,-0.0001,0.00013,-0,-1e-05,-7e-05,0.00096,0.00085,-8e-05,-6e-05,5e-05,-0,-0,-0.00014,0.00154,0.0001,0.00097,-9e-05,-0,-0
14.18,-0.00027,-0.00045,-0.0005,-0.00032,-0.00019,0,0.0004,-1e-05,-3e-05,0.00043,-2e-05,-3e-05,3e-05,0.00027,-5e-05,-8e-05,0.00016,1e-05,-0,-5e-05,0.00111,0.00078,-4e-05,-0.0002,5e-05,-0,-0,-0.00206,0.00152,0.00011,0.00557,-9e-05,-0,0
14.2,-0.00023,-0.00029,-0.00056,-0.00035,-0.0002,0,0.00043,-2e-05,-2e-05,0.00049,-3e-05,-3e-05,1e-05,0.00023,-6e-05,-7e-05,0.00018,1e-05,0,-2e-05,0.00128,0.00069,-1e-05,-0.00033,4e-05,-0,-0,-0.00228,0.00142,0.0001,0.00531,-9e-05,-0,0
14.22,-0.00023,-0.00016,-0.00059,-0.00037,-0.00019,0,0.00044,-2e-05,-2e-05,0.00052,-2e-05,-3e-05,0,0.00021,-8e-05,-7e-05,0.00019,1e-05,1e-05,-0,0.00132,0.00056,-0,-0.00046,4e-05,0,-0,-0.00229,0.00125,8e-05,0.00472,-8e-05,0,0
14.24,-0.00023,-0.00011,-0.00059,-0.0004,-0.00018,0,0.00043,-2e-05,-3e-05,0.00051,-2e-05,-2e-05,-0,0.0002,-0.0001,-7e-05,0.00019,-0,1e-05,2e-05,0.00135,0.00044,-0,-0.0006,3e-05,0,0,-0.00218,0.00108,6e-05,0.00393,-7e-05,0,0
14.26,-0.00021,-0.00016,-0.00056,-0.00041,-0.00016,0,0.00043,-2e-05,-4e-05,0.00047,-1e-05,-2e-05,-0,0.00022,-0.00013,-7e-05,0.00018,-0,1e-05,4e-05,0.00141,0.00033,-0,-0.00073,3e-05,0,0,-0.00204,0.00096,4e-05,0.00303,-5e-05,0,0
14.28,-0.00019,-0.00032,-0.00051,-0.00042,-0.00013,0,0.00041,-2e-05,-7e-05,0.0004,-1e-05,-1e-05,0,0.00024,-0.00016,-7e-05,0.00016,-1e-05,0,6e-05,0.00148,0.00022,-0,-0.00087,2e-05,0,0,-0.00181,0.00087,1e-05,0.00207,-4e-05,0,1e-05
14.3,-0.00016,-0.00058,-0.00043,-0.00041,-0.00011,0,0.0004,-2e-05,-0.0001,0.00032,-0,-1e-05,1e-05,0.00026,-0.00018,-8e-05,0.00013,-1e-05,0,7e-05,0.00156,0.00012,-0,-0.001,1e-05,0,0,-0.00151,0.00082,-1e-05,0.00096,-3e-05,1e-05,1e-05
14.32,-0.00012,-0.00092,-0.00036,-0.0004,-8e-05,0,0.00037,-2e-05,-0.00012,0.00021,1e-05,-1e-05,2e-05,0.00029,-0.0002,-8e-05,9e-05,-0,0,8e-05,0.00168,3e-05,-1e-05,-0.0011,0,0,0,-0.00124,0.0008,1e-05,-0.0002,-2e-05,1e-05,1e-05
14.34,-9e-05,-0.00133,-0.00028,-0.00037,-5e-05,0,0.00033,-1e-05,-0.00014,9e-05,1e-05,-1e-05,3e-05,0.0003,-0.0002,-8e-05,5e-05,-0,0,9e-05,0.00181,-5e-05,-1e-05,-0.00116,-0,0,0,-0.001,0.00078,6e-05,-0.0013,-2e-05,1e-05,1e-05
14.36,-5e-05,-0.00177,-0.0002,-0.00034,-3e-05,0,0.00027,-1e-05,-0.00014,-2e-05,1e-05,-0,5e-05,0.00029,-0.0002,-8e-05,1e-05,0,-0,0.0001,0.00192,-0.00013,-2e-05,-0.0012,-1e-05,0,0,-0.00077,0.00073,0.00015,-0.00238,-1e-05,1e-05,1e-05
14.38,-3e-05,-0.00222,-0.00013,-0.00031,-2e-05,0,0.0002,-1e-05,-0.00014,-0.00014,-0,-0,6e-05,0.00027,-0.00019,-7e-05,-3e-05,1e-05,-0,0.0001,0.00203,-0.0002,-3e-05,-0.00122,-1e-05,-0,-0,-0.00059,0.00067,0.00025,-0.00345,-0,1e-05,1e-05
14.4,-1e-05,-0.00263,-8e-05,-0.00027,-1e-05,0,0.00011,-1e-05,-0.00012,-0.00026,-0,0,7e-05,0.00024,-0.00017,-7e-05,-7e-05,1e-05,-0,0.00011,0.00212,-0.00026,-4e-05,-0.00122,-1e-05,-0,-0,-0.00044,0.0006,0.0003,-0.00445,0,1e-05,0
14.42,0,-0.00294,-3e-05,-0.00024,0,0,3e-05,-1e-05,-0.00011,-0.00036,3e-05,2e-05,8e-05,0.0002,-0.00015,-7e-05,-0.00011,1e-05,-0,0.00011,0.00218,-0.00031,-4e-05,-0.00121,-1e-05,-0,-0,-0.00036,0.00053,0.00031,-0.00528,1e-05,1e-05,0
14.44,1e-05,-0.00314,-0,-0.00021,1e-05,0,-4e-05,-1e-05,-9e-05,-0.00045,0.0001,3e-05,8e-05,0.00016,-0.00012,-6e-05,-0.00013,1e-05,-0,0.00012,0.00223,-0.00035,-4e-05,-0.00118,-1e-05,-1e-05,-0,-0.00045,0.00049,0.00028,-0.00588,1e-05,0,0
14.46,2e-05,-0.00324,2e-05,-0.00019,1e-05,0,-0.0001,-0,-8e-05,-0.00051,0.00021,6e-05,8e-05,0.00013,-0.0001,-6e-05,-0.00014,2e-05,-0,0.00011,0.00229,-0.00038,-3e-05,-0.00114,-1e-05,-1e-05,-0,-0.00072,0.00049,0.00024,-0.00619,1e-05,-0,-0
14.48,3e-05,-0.00323,3e-05,-0.00018,2e-05,0,-0.00014,-0,-6e-05,-0.00055,0.00033,8e-05,7e-05,0.00011,-7e-05,-5e-05,-0.00014,2e-05,0,0.0001,0.00235,-0.00039,-2e-05,-0.0011,-1e-05,-1e-05,-0,-0.00117,0.00052,0.0002,-0.00616,2e-05,-0,-1e-05
14.5,4e-05,-0.00312,4e-05,-0.00018,3e-05,0,-0.00017,0,-6e-05,-0.00056,0.00046,0.0001,5e-05,0.0001,-4e-05,-4e-05,-0.00013,2e-05,0,9e-05,0.00243,-0.00039,-1e-05,-0.00105,0,-1e-05,-1e-05,-0.00173,0.00057,0.00017,-0.00584,2e-05,-1e-05,-1e-05
14.52,5e-05,-0.00292,4e-05,-0.00019,3e-05,0,-0.00017,0,-5e-05,-0.00053,0.00062,0.00015,3e-05,9e-05,-1e-05,-4e-05,-0.00011,3e-05,0,6e-05,0.00252,-0.00038,-1e-05,-0.00101,1e-05,-1e-05,-1e-05,-0.00229,0.00065,0.00014,-0.00534,2e-05,-1e-05,-1e-05
14.54,6e-05,-0.00264,4e-05,-0.0002,4e-05,0,-0.00017,0,-5e-05,-0.00047,0.00072,0.00019,2e-05,0.0001,2e-05,-3e-05,-9e-05,3e-05,1e-05,3e-05,0.00263,-0.00035,0,-0.00097,3e-05,-1e-05,-1e-05,-0.00279,0.00073,0.00012,-0.00463,2e-05,-1e-05,-2e-05
14.56,7e-05,-0.00229,3e-05,-0.00022,5e-05,0,-0.00014,0,-5e-05,-0.00037,0.00069,0.0002,0,0.00011,5e-05,-3e-05,-6e-05,4e-05,1e-05,-0,0.00276,-0.0003,1e-05,-0.00095,6e-05,-1e-05,-0,-0.00317,0.00077,0.0001,-0.00374,2e-05,-1e-05,-2e-05
14.58,7e-05,-0.00188,3e-05,-0.00024,6e-05,0,-0.00011,-0,-5e-05,-0.00026,0.00058,0.00017,-1e-05,0.00013,8e-05,-2e-05,-2e-05,4e-05,1e-05,-4e-05,0.00291,-0.00023,1e-05,-0.00094,9e-05,-0,-0,-0.00333,0.00079,9e-05,-0.00277,2e-05,-1e-05,-2e-05
14.6,7e-05,-0.0014,2e-05,-0.00026,8e-05,0,-7e-05,-0,-6e-05,-0.00015,0.0004,0.00012,-2e-05,0.00015,0.0001,-1e-05,2e-05,5e-05,1e-05,-7e-05,0.00309,-0.00016,1e-05,-0.00094,0.00014,1e-05,0,-0.00328,0.00076,9e-05,-0.00186,2e-05,-1e-05,-2e-05
14.62,6e-05,-0.00086,1e-05,-0.00028,9e-05,0,-3e-05,-0,-6e-05,-4e-05,0.00018,5e-05,-2e-05,0.00018,0.00013,-1e-05,5e-05,6e-05,1e-05,-9e-05,0.00328,-9e-05,2e-05,-0.00099,0.00018,3e-05,1e-05,-0.00304,0.00068,9e-05,-0.00112,2e-05,-1e-05,-2e-05
14.64,5e-05,-0.00029,0,-0.0003,0.00012,0,2e-05,-0,-6e-05,4e-05,3e-05,-0,-2e-05,0.00021,0.00014,-1e-05,8e-05,6e-05,1e-05,-9e-05,0.00348,-1e-05,3e-05,-0.00105,0.00024,6e-05,2e-05,-0.0026,0.00057,0.0001,-0.00054,2e-05,-1e-05,-1e-05
14.66,2e-05,0.00031,-1e-05,-0.00032,0.00014,0,6e-05,-0,-6e-05,0.0001,-3e-05,-3e-05,-2e-05,0.00023,0.00015,-0,0.00011,5e-05,1e-05,-8e-05,0.00369,5e-05,3e-05,-0.00111,0.00029,0.0001,3e-05,-0.00221,0.00034,9e-05,-0.00014,-0,-0,0
14.68,-2e-05,0.00093,-1e-05,-0.00033,0.00018,0,9e-05,-0,-6e-05,0.00012,-5e-05,-4e-05,-2e-05,0.00025,0.00015,-0,0.00014,4e-05,0,-7e-05,0.00382,0.0001,3e-05,-0.00119,0.00034,0.00015,5e-05,-0.00197,7e-05,5e-05,4e-05,-5e-05,1e-05,1e-05
14.7,-8e-05,0.00153,-2e-05,-0.00033,0.00021,0,0.00012,-0,-5e-05,0.00012,-4e-05,-4e-05,-2e-05,0.00026,0.00015,-0,0.00016,2e-05,-0,-6e-05,0.00385,0.00013,-1e-05,-0.0012,0.00037,0.00022,6e-05,-0.00165,-4e-05,-2e-05,3e-05,-9e-05,1e-05,1e-05
14.72,-0.00014,0.00207,-2e-05,-0.00031,0.00025,0,0.00015,-1e-05,-5e-05,0.0001,-4e-05,-4e-05,-1e-05,0.00026,0.00014,-0,0.00018,1e-05,-0,-5e-05,0.00373,0.00012,-8e-05,-0.00101,0.00044,0.0003,8e-05,-0.00097,0.00013,-9e-05,-2e-05,-0.00012,-0,-0
14.74,-0.0002,0.00249,-2e-05,-0.00028,0.00028,0,0.00016,-2e-05,-4e-05,7e-05,-5e-05,-5e-05,-1e-05,0.00024,0.00013,0,0.0002,-1e-05,-1e-05,-5e-05,0.00339,8e-05,-0.00017,-0.00069,0.00048,0.00042,0.00011,7e-05,0.00061,-0.00014,2e-05,-0.00014,-3e-05,-4e-05
14.76,-0.00027,0.00278,-1e-05,-0.00023,0.0003,0,0.00017,-3e-05,-4e-05,4e-05,-5e-05,-4e-05,-1e-05,0.0002,0.00013,1e-05,0.00022,-2e-05,-1e-05,-5e-05,0.0028,5e-05,-0.00028,-0.00034,0.00045,0.00053,0.00015,0.00123,0.00141,-0.00012,0.00033,-0.00016,-8e-05,-9e-05
14.78,-0.00034,0.0029,-1e-05,-0.00017,0.00031,0,0.00018,-4e-05,-4e-05,1e-05,-5e-05,-4e-05,-2e-05,0.00015,0.00012,1e-05,0.00024,-2e-05,-1e-05,-5e-05,0.00203,2e-05,-0.00041,2e-05,0.00038,0.00059,0.00016,0.00229,0.00248,0,0.00106,-0.00019,-0.00014,-0.00015
14.8,-0.00042,0.00279,0,-0.00011,0.0003,0,0.00019,-6e-05,-3e-05,-1e-05,-5e-05,-4e-05,-3e-05,9e-05,0.00011,2e-05,0.00026,-2e-05,-1e-05,-5e-05,0.00112,0.00012,-0.00048,0.00028,0.00024,0.0007,0.00022,0.00302,0.00367,0.00024,0.00228,-0.00021,-0.0002,-0.00022
14.82,-0.00052,0.00243,2e-05,-4e-05,0.00027,0,0.0002,-8e-05,-4e-05,-3e-05,-5e-05,-4e-05,-4e-05,3e-05,0.0001,3e-05,0.00029,-0,-1e-05,-4e-05,0.00014,0.00051,-0.00038,0.00032,6e-05,0.00105,0.00047,0.00333,0.0047,0.00047,0.00388,-0.00024,-0.00026,-0.00028
14.84,-0.00065,0.00184,3e-05,1e-05,0.0002,0,0.00023,-0.0001,-4e-05,-4e-05,-5e-05,-4e-05,-5e-05,-1e-05,9e-05,4e-05,0.00031,1e-05,-1e-05,-3e-05,-0.0008,0.0011,-0.00023,0.00022,-5e-05,0.00127,0.00067,0.00318,0.00545,0.00058,0.00571,-0.00025,-0.0003,-0.00034
14.86,-0.00081,0.00106,5e-05,5e-05,0.00011,0,0.00027,-0.00012,-4e-05,-5e-05,-4e-05,-3e-05,-7e-05,-5e-05,8e-05,5e-05,0.00033,2e-05,-1e-05,-1e-05,-0.00162,0.00171,-0.0001,3e-05,-0.00012,0.00108,0.0006,0.00265,0.00597,0.00057,0.00764,-0.00023,-0.00033,-0.00038
14.88,-0.001,0.00016,8e-05,8e-05,3e-05,-0,0.00032,-0.00014,-5e-05,-5e-05,-4e-05,-3e-05,-8e-05,-7e-05,6e-05,6e-05,0.00035,3e-05,-0,1e-05,-0.00231,0.00231,1e-05,-0.00022,-0.00014,0.00044,0.00027,0.00184,0.00621,0.00043,0.00951,-0.00018,-0.00035,-0.00041
14.9,-0.00126,-0.00085,0.00011,8e-05,-6e-05,-0,0.00039,-0.00015,-7e-05,-5e-05,-2e-05,-2e-05,-0.0001,-0.0001,4e-05,7e-05,0.00036,3e-05,-0,2e-05,-0.00292,0.00259,-1e-05,-0.0005,-0.00015,-0.00083,-0.00036,0.00103,0.00626,0.00024,0.01118,-9e-05,-0.00036,-0.00042
14.92,-0.00161,-0.00193,0.00014,7e-05,-0.00015,-0,0.00047,-0.00017,-9e-05,-4e-05,3e-05,-1e-05,-0.0001,-0.00013,2e-05,8e-05,0.00037,2e-05,-1e-05,3e-05,-0.00351,0.00231,-8e-05,-0.00083,-0.00019,-0.0016,-0.00081,0.00045,0.00619,6e-05,0.01247,2e-05,-0.00036,-0.00043
14.94,-0.00204,-0.00302,0.00017,3e-05,-0.00024,-0,0.00056,-0.00018,-0.00011,-4e-05,7e-05,-0,-0.00011,-0.00017,-1e-05,9e-05,0.00037,1e-05,-1e-05,3e-05,-0.00381,0.00186,-0.00012,-0.00124,-0.00025,-0.00148,-0.00083,-1e-05,0.00601,-6e-05,0.01343,0.00015,-0.00035,-0.00042
14.96,-0.00257,-0.00406,0.0002,-2e-05,-0.00032,-0,0.00065,-0.0002,-0.00014,-3e-05,0.0001,0,-0.0001,-0.00024,-3e-05,0.0001,0.00036,1e-05,-1e-05,2e-05,-0.00396,0.00154,-0.00021,-0.00166,-0.00032,-0.00111,-0.00066,-0.00044,0.00567,-0.00011,0.0141,0.00028,-0.00033,-0.00041
14.98,-0.00317,-0.00502,0.00024,-9e-05,-0.00039,-0,0.00074,-0.00021,-0.00017,-3e-05,0.00011,1e-05,-0.0001,-0.00032,-5e-05,0.00012,0.00034,1e-05,-0,-2e-05,-0.00411,0.00133,-0.0003,-0.00216,-0.00043,-0.00052,-0.00031,-0.00085,0.00515,-9e-05,0.01452,0.0004,-0.00031,-0.00039
15,-0.00382,-0.00582,0.00027,-0.00017,-0.00046,-0,0.00082,-0.00023,-0.0002,-3e-05,0.0001,1e-05,-8e-05,-0.00041,-7e-05,0.00013,0.00032,0,-0,-6e-05,-0.00426,0.00122,-0.00043,-0.00229,-0.00052,-8e-05,-3e-05,-0.00114,0.00444,-4e-05,0.01463,0.00049,-0.00028,-0.00037
15.02,-0.00445,-0.00637,0.0003,-0.00025,-0.00052,-0,0.00088,-0.00024,-0.00022,-3e-05,6e-05,0,-7e-05,-0.0005,-7e-05,0.00014,0.00029,0,0,-9e-05,-0.00428,0.00108,-0.00065,-0.00142,-0.00053,-5e-05,0,-0.00119,0.00357,-1e-05,0.01439,0.00053,-0.00025,-0.00033
15.04,-0.00501,-0.00665,0.00031,-0.00034,-0.00056,-0,0.00093,-0.00025,-0.00023,-3e-05,3e-05,0,-4e-05,-0.00058,-7e-05,0.00015,0.00025,0,1e-05,-0.0001,-0.00449,0.00081,-0.00089,-0.00019,-0.00049,-0.00012,-4e-05,-0.00111,0.00258,-7e-05,0.01388,0.00052,-0.00021,-0.00029
15.06,-0.00546,-0.00667,0.00032,-0.00042,-0.0006,-0,0.00095,-0.00026,-0.00023,-4e-05,1e-05,0,-2e-05,-0.00064,-6e-05,0.00014,0.00022,-0,1e-05,-9e-05,-0.00507,0.00033,-0.00104,0.00079,-0.00042,-0.00013,-5e-05,-0.00098,0.00156,-0.00028,0.01319,0.00045,-0.00017,-0.00024
15.08,-0.00576,-0.00646,0.0003,-0.0005,-0.00063,-0,0.00094,-0.00026,-0.00022,-4e-05,-0,-0,0,-0.00067,-4e-05,0.00012,0.00018,-0,1e-05,-7e-05,-0.00548,-0.00037,-0.00111,0.00157,-0.00033,-0.00013,-5e-05,-0.00078,0.00056,-0.00066,0.01236,0.00032,-0.00013,-0.00018
15.1,-0.00592,-0.006,0.00027,-0.00057,-0.00066,-0,0.0009,-0.00026,-0.00021,-5e-05,-0,-0,2e-05,-0.00068,-2e-05,0.0001,0.00015,-0,1e-05,-4e-05,-0.00581,-0.00117,-0.001,0.0018,-0.00024,-0.00011,-5e-05,-0.00048,-0.00017,-0.00118,0.01135,0.00017,-9e-05,-0.00012
15.12,-0.00597,-0.00536,0.00023,-0.00062,-0.00063,-0,0.00084,-0.00026,-0.00019,-6e-05,-0,-0,5e-05,-0.00065,0,7e-05,0.00012,0,1e-05,-2e-05,-0.00611,-0.00184,-0.0007,0.00145,-0.00019,-8e-05,-3e-05,-0.00013,-0.0005,-0.00174,0.01019,-1e-05,-5e-05,-7e-05
15.14,-0.00587,-0.00466,0.00019,-0.00065,-0.00056,-0,0.00075,-0.00024,-0.00017,-7e-05,-0,-0,7e-05,-0.00059,2e-05,4e-05,9e-05,-0,1e-05,1e-05,-0.00594,-0.00223,-0.00041,0.00092,-0.00015,-5e-05,-2e-05,0.00018,-0.00066,-0.00227,0.00895,-0.00018,-2e-05,-2e-05
15.16,-0.00561,-0.00397,0.00016,-0.00065,-0.00047,-0,0.00064,-0.00022,-0.00015,-8e-05,0,0,9e-05,-0.00051,4e-05,1e-05,6e-05,0,1e-05,4e-05,-0.00522,-0.00232,-0.00021,0.00033,-0.00011,-2e-05,-1e-05,0.00042,-0.00079,-0.00275,0.00769,-0.00034,1e-05,3e-05
15.18,-0.00523,-0.00331,0.00012,-0.00063,-0.00038,-0,0.00051,-0.0002,-0.00013,-9e-05,0,0,0.0001,-0.00041,4e-05,-2e-05,4e-05,0,1e-05,7e-05,-0.00415,-0.00211,-0.0001,-0.00027,-8e-05,-0,0,0.00058,-0.00089,-0.00314,0.00643,-0.00048,3e-05,6e-05
15.2,-0.00477,-0.00265,0.0001,-0.00059,-0.00027,-0,0.00036,-0.00017,-0.0001,-0.0001,0,0,0.0001,-0.0003,5e-05,-5e-05,3e-05,0,1e-05,9e-05,-0.00309,-0.00171,-6e-05,-0.00081,-5e-05,1e-05,1e-05,0.00065,-0.00095,-0.00339,0.00521,-0.0006,5e-05,9e-05
15.22,-0.00427,-0.00198,8e-05,-0.00053,-0.00017,-0,0.0002,-0.00014,-7e-05,-0.00011,0,0,9e-05,-0.0002,4e-05,-7e-05,1e-05,-0,1e-05,0.00012,-0.00226,-0.00122,-7e-05,-0.00121,-3e-05,2e-05,1e-05,0.00063,-0.00094,-0.00347,0.00408,-0.00068,6e-05,0.00011
15.24,-0.00378,-0.00133,6e-05,-0.00046,-8e-05,-0,3e-05,-0.00011,-4e-05,-0.00012,0,0,8e-05,-0.0001,4e-05,-8e-05,1e-05,-0,1e-05,0.00013,-0.00155,-0.00067,-0.00012,-0.00142,-2e-05,2e-05,1e-05,0.00053,-0.00092,-0.00339,0.00304,-0.00072,7e-05,0.00012
15.26,-0.00337,-0.00071,5e-05,-0.00038,0,-0,-0.00014,-8e-05,-0,-0.00013,0,-0,7e-05,-2e-05,3e-05,-8e-05,0,-0,0,0.00012,-0.00097,-0.00011,-0.00018,-0.00146,-1e-05,2e-05,1e-05,0.00036,-0.00092,-0.00321,0.00211,-0.00074,8e-05,0.00013
15.28,-0.00303,-0.00014,4e-05,-0.0003,7e-05,-0,-0.00031,-5e-05,4e-05,-0.00013,1e-05,-0,6e-05,4e-05,2e-05,-8e-05,-0,-0,0,9e-05,-0.00057,0.00041,-0.00023,-0.00132,-0,1e-05,1e-05,0.00019,-0.00093,-0.00293,0.00127,-0.00072,8e-05,0.00014
15.3,-0.0028,0.00033,3e-05,-0.00022,0.00013,-0,-0.00046,-2e-05,9e-05,-0.00013,1e-05,0,5e-05,8e-05,1e-05,-7e-05,-1e-05,-0,0,5e-05,-0.00033,0.00084,-0.00027,-0.00108,0,1e-05,0,-7e-05,-0.00091,-0.00257,0.00052,-0.00069,8e-05,0.00014
15.32,-0.00267,0.00066,2e-05,-0.00015,0.00016,-0,-0.00058,0,0.00013,-0.00013,1e-05,0,4e-05,0.00011,1e-05,-6e-05,-1e-05,-0,0,1e-05,-0.00022,0.00116,-0.00031,-0.00084,0,1e-05,0,-0.00054,-0.00087,-0.00216,-0.00014,-0.00063,8e-05,0.00013
15.34,-0.00265,0.00084,0,-0.0001,0.00018,-0,-0.00067,2e-05,0.00017,-0.00013,1e-05,0,4e-05,0.00013,0,-5e-05,-2e-05,-0,0,-1e-05,-0.00016,0.00136,-0.00032,-0.00061,1e-05,0,0,-0.00107,-0.0008,-0.00174,-0.00072,-0.00056,8e-05,0.00013
15.36,-0.00272,0.00089,-2e-05,-7e-05,0.00018,-0,-0.00071,3e-05,0.0002,-0.00013,2e-05,0,3e-05,0.00014,0,-5e-05,-3e-05,0,0,-1e-05,-0.00014,0.00142,-0.00032,-0.00039,1e-05,-0,-0,-0.00155,-0.00074,-0.00132,-0.00122,-0.00048,7e-05,0.00012
15.38,-0.00285,0.00086,-5e-05,-5e-05,0.00017,-0,-0.00072,4e-05,0.00023,-0.00013,3e-05,0,3e-05,0.00014,0,-4e-05,-4e-05,0,0,-0,-0.00011,0.00138,-0.00031,-0.00022,1e-05,-0,-0,-0.002,-0.00067,-0.00092,-0.00165,-0.0004,6e-05,0.0001
15.4,-0.00303,0.00077,-8e-05,-5e-05,0.00016,-0,-0.0007,4e-05,0.00024,-0.00012,3e-05,1e-05,3e-05,0.00014,0,-3e-05,-6e-05,0,0,1e-05,-8e-05,0.00126,-0.00028,-0.0001,1e-05,-0,-0,-0.00236,-0.00059,-0.00055,-0.00201,-0.00031,5e-05,9e-05
15.42,-0.00321,0.00067,-0.0001,-7e-05,0.00014,-0,-0.00065,4e-05,0.00025,-0.00012,4e-05,1e-05,3e-05,0.00013,-0,-2e-05,-7e-05,0,0,2e-05,-2e-05,0.00107,-0.00024,-4e-05,1e-05,-0,-0,-0.00257,-0.00049,-0.0002,-0.00228,-0.00022,5e-05,7e-05
15.44,-0.00338,0.00056,-0.00012,-9e-05,0.00012,-0,-0.00059,4e-05,0.00024,-0.00011,5e-05,1e-05,2e-05,0.00011,-0,-2e-05,-8e-05,0,-0,3e-05,5e-05,0.00086,-0.00019,-1e-05,0,-0,-0,-0.00268,-0.00038,0.00012,-0.00248,-0.00014,4e-05,6e-05
15.46,-0.00352,0.00046,-0.00012,-0.00011,0.0001,-0,-0.00052,4e-05,0.00023,-0.0001,5e-05,1e-05,2e-05,8e-05,-0,-0,-9e-05,0,-0,3e-05,0.00011,0.00064,-0.00014,-0,0,-0,-0,-0.00276,-0.00029,0.0004,-0.00258,-6e-05,3e-05,4e-05
15.48,-0.00362,0.00037,-0.00011,-0.00013,8e-05,-0,-0.00045,3e-05,0.00021,-9e-05,5e-05,1e-05,2e-05,5e-05,-0,1e-05,-0.0001,0,-0,1e-05,0.00015,0.00043,-8e-05,-0,0,-0,-0,-0.00279,-0.00019,0.00063,-0.0026,1e-05,2e-05,3e-05
15.5,-0.00364,0.00029,-8e-05,-0.00015,6e-05,-0,-0.00039,3e-05,0.00019,-8e-05,4e-05,1e-05,2e-05,1e-05,-0,2e-05,-0.00011,-0,-0,-1e-05,0.00017,0.00023,-3e-05,-0,0,0,0,-0.00275,-0.0001,0.00081,-0.00256,7e-05,1e-05,2e-05
15.52,-0.00357,0.00023,-5e-05,-0.00017,5e-05,-0,-0.00033,3e-05,0.00017,-6e-05,3e-05,1e-05,2e-05,-4e-05,-0,4e-05,-0.00011,-0,-0,-3e-05,0.00017,5e-05,1e-05,-1e-05,-0,0,0,-0.00261,-0,0.00092,-0.00246,0.00012,1e-05,1e-05
15.54,-0.00342,0.00018,-2e-05,-0.00017,4e-05,-0,-0.00029,3e-05,0.00014,-5e-05,2e-05,0,2e-05,-8e-05,-0,5e-05,-0.00011,0,-0,-3e-05,0.00015,-0.00011,5e-05,-1e-05,-0,0,0,-0.00242,9e-05,0.00095,-0.00232,0.00014,0,0
15.56,-0.00319,0.00014,0,-0.00017,3e-05,-0,-0.00025,3e-05,0.00012,-3e-05,2e-05,0,2e-05,-0.00012,-0,7e-05,-0.00011,0,-0,-2e-05,0.00013,-0.00023,7e-05,-1e-05,-0,0,0,-0.00221,0.00017,0.00091,-0.00215,0.00016,0,-0
15.58,-0.00289,0.0001,2e-05,-0.00016,2e-05,-0,-0.00022,3e-05,0.0001,-2e-05,1e-05,0,2e-05,-0.00016,-0,8e-05,-0.00011,0,-0,-0,0.00011,-0.00032,9e-05,-0,-0,0,0,-0.00199,0.00025,0.00082,-0.00197,0.00016,0,-0
15.6,-0.00252,7e-05,3e-05,-0.00014,1e-05,-0,-0.0002,3e-05,9e-05,-1e-05,1e-05,0,1e-05,-0.00019,-0,9e-05,-0.00011,-0,-0,1e-05,8e-05,-0.00038,9e-05,0,-0,0,0,-0.00172,0.0003,0.00072,-0.00178,0.00015,-0,-0
15.62,-0.0021,4e-05,4e-05,-0.00011,1e-05,-0,-0.00018,3e-05,7e-05,1e-05,0,0,1e-05,-0.00021,-0,0.0001,-0.0001,-0,-0,3e-05,6e-05,-0.00042,8e-05,0,0,0,0,-0.00141,0.00033,0.00063,-0.0016,0.00015,-0,-0
15.64,-0.00166,2e-05,3e-05,-8e-05,0,-0,-0.00016,3e-05,6e-05,1e-05,0,0,1e-05,-0.00023,0,0.00011,-9e-05,0,-0,4e-05,3e-05,-0.00042,6e-05,0,0,0,0,-0.00112,0.00034,0.00058,-0.00142,0.00015,-0,-1e-05
15.66,-0.00122,0,2e-05,-4e-05,-0,-0,-0.00014,3e-05,5e-05,2e-05,0,-0,1e-05,-0.00023,0,0.0001,-8e-05,0,-0,4e-05,2e-05,-0.00041,3e-05,1e-05,0,0,0,-0.00086,0.00032,0.00059,-0.00126,0.00016,-1e-05,-1e-05
15.68,-0.00079,-1e-05,2e-05,-1e-05,-0,-0,-0.00012,3e-05,4e-05,2e-05,-0,-0,1e-05,-0.00022,0,0.0001,-7e-05,0,-0,2e-05,1e-05,-0.00038,1e-05,1e-05,0,0,0,-0.00064,0.00028,0.00064,-0.00111,0.00019,-1e-05,-2e-05
15.7,-0.0004,-2e-05,1e-05,2e-05,-0,-0,-0.0001,2e-05,3e-05,2e-05,-0,-0,0,-0.0002,0,9e-05,-5e-05,0,-0,-1e-05,0,-0.00034,-2e-05,1e-05,1e-05,-0,-0,-0.00044,0.00024,0.00072,-0.00098,0.00021,-1e-05,-3e-05
15.72,-5e-05,-3e-05,0,5e-05,-0,-0,-8e-05,2e-05,2e-05,2e-05,-0,-0,0,-0.00017,0,8e-05,-4e-05,0,-0,-3e-05,-0,-0.0003,-4e-05,0,1e-05,-0,-0,-0.00028,0.00019,0.0008,-0.00087,0.00024,-2e-05,-3e-05
15.74,0.00022,-3e-05,0,7e-05,-0,-0,-6e-05,1e-05,1e-05,2e-05,-0,-0,0,-0.00014,0,6e-05,-3e-05,0,-0,-4e-05,-0,-0.00025,-6e-05,0,1e-05,-0,-0,-0.00015,0.00015,0.00085,-0.00078,0.00026,-2e-05,-4e-05
15.76,0.00043,-3e-05,-0,8e-05,-0,-0,-4e-05,1e-05,-0,2e-05,-0,-0,-0,-0.00011,0,4e-05,-2e-05,0,-0,-3e-05,-0,-0.0002,-7e-05,0,1e-05,-0,-0,-5e-05,0.00011,0.00088,-0.00071,0.00027,-2e-05,-4e-05
15.78,0.00058,-3e-05,-0,9e-05,-0,-0,-2e-05,1e-05,-1e-05,1e-05,-0,-0,-0,-8e-05,0,3e-05,-1e-05,0,-0,-1e-05,0,-0.00016,-8e-05,0,1e-05,-0,-0,3e-05,8e-05,0.00087,-0.00065,0.00028,-3e-05,-4e-05
15.8,0.00066,-3e-05,-0,9e-05,-0,-0,-0,0,-1e-05,1e-05,-0,-0,-0,-6e-05,-0,1e-05,-0,0,-0,0,0,-0.00012,-8e-05,0,1e-05,-0,-0,8e-05,5e-05,0.00084,-0.00062,0.00028,-3e-05,-5e-05
15.82,0.00068,-2e-05,0,8e-05,-0,-0,1e-05,-0,-2e-05,1e-05,-0,-0,-0,-3e-05,-0,0,-0,0,-0,2e-05,0,-8e-05,-8e-05,0,1e-05,-0,-0,0.00011,3e-05,0.00082,-0.00059,0.00028,-3e-05,-5e-05
15.84,0.00067,-2e-05,0,8e-05,-0,-0,1e-05,-0,-2e-05,1e-05,-0,0,-0,-2e-05,-0,-1e-05,0,-0,-0,3e-05,0,-4e-05,-8e-05,0,1e-05,-0,-0,0.00014,1e-05,0.00081,-0.00058,0.00027,-3e-05,-5e-05
15.86,0.00062,-1e-05,0,6e-05,-0,-0,1e-05,-0,-2e-05,1e-05,-0,0,-0,-1e-05,-0,-1e-05,0,-0,0,2e-05,0,-1e-05,-8e-05,0,1e-05,-0,-0,0.00015,-1e-05,0.00081,-0.00057,0.00027,-3e-05,-5e-05
15.88,0.00055,-0,0,5e-05,-0,-0,1e-05,-0,-1e-05,0,-0,0,-0,-1e-05,-0,-1e-05,0,-0,0,1e-05,0,2e-05,-8e-05,0,1e-05,-0,-0,0.00015,-3e-05,0.00082,-0.00057,0.00027,-3e-05,-5e-05
15.9,0.00047,0,0,4e-05,0,-0,-0,0,-1e-05,0,-0,0,-0,-1e-05,-0,-1e-05,0,-0,0,-1e-05,0,4e-05,-8e-05,0,1e-05,-0,-0,0.00014,-5e-05,0.00083,-0.00057,0.00026,-3e-05,-5e-05
15.92,0.00039,1e-05,0,2e-05,0,-0,-1e-05,0,-0,0,-0,0,-0,-2e-05,-0,-0,0,-0,0,-2e-05,0,6e-05,-8e-05,0,1e-05,-0,-0,0.00014,-6e-05,0.00082,-0.00057,0.00025,-3e-05,-4e-05
15.94,0.00033,2e-05,0,1e-05,0,-0,-2e-05,0,0,0,0,0,-0,-2e-05,-0,-0,0,-0,0,-1e-05,0,8e-05,-7e-05,0,1e-05,-0,-0,0.00014,-6e-05,0.00078,-0.00057,0.00023,-3e-05,-4e-05
15.96,0.00029,2e-05,-0,1e-05,0,-0,-2e-05,1e-05,1e-05,1e-05,0,0,-0,-2e-05,-0,0,0,-0,0,0,0,9e-05,-6e-05,1e-05,1e-05,-0,-0,0.00013,-6e-05,0.00069,-0.00058,0.0002,-2e-05,-4e-05
15.98,0.00026,3e-05,0,0,0,-0,-1e-05,1e-05,1e-05,1e-05,0,0,-0,-2e-05,-0,-0,0,0,0,3e-05,-0,0.0001,-5e-05,1e-05,1e-05,-0,-0,0.00013,-5e-05,0.00057,-0.0006,0.00015,-2e-05,-3e-05
16,0.00025,3e-05,0,-0,0,-0,-0,1e-05,1e-05,1e-05,0,0,-0,-1e-05,-0,-0,0,0,0,5e-05,-0,0.00011,-4e-05,1e-05,1e-05,-0,-0,0.00014,-4e-05,0.00042,-0.00062,0.00011,-1e-05,-2e-05
16.02,0.00025,3e-05,0,-0,0,-0,1e-05,1e-05,0,1e-05,0,0,-0,-1e-05,-0,-0,0,0,-0,8e-05,-0,0.00012,-3e-05,1e-05,0,-0,-0,0.00015,-3e-05,0.00027,-0.00064,6e-05,-1e-05,-1e-05
16.04,0.00025,3e-05,0,0,0,-0,3e-05,1e-05,-0,1e-05,0,0,-0,-1e-05,-0,-1e-05,0,-0,-0,0.00012,0,0.00013,-2e-05,1e-05,0,-0,-0,0.00016,-2e-05,0.00012,-0.00066,2e-05,-1e-05,-1e-05
16.06,0.00026,3e-05,0,1e-05,1e-05,-0,4e-05,1e-05,-1e-05,1e-05,0,0,-0,-1e-05,-0,-1e-05,0,-0,-0,0.00014,0,0.00014,-1e-05,2e-05,0,-0,-0,0.00018,-1e-05,0,-0.00069,-1e-05,-0,-0
16.08,0.00026,3e-05,0,1e-05,1e-05,-0,6e-05,0,-1e-05,1e-05,0,0,-0,-1e-05,-0,-0,0,-0,-0,0.00014,0,0.00015,-0,2e-05,0,-0,-0,0.0002,-1e-05,-9e-05,-0.00073,-4e-05,-0,0
16.1,0.00026,3e-05,0,1e-05,1e-05,-0,7e-05,0,-2e-05,1e-05,0,0,-0,-2e-05,-0,-0,0,-0,-0,0.00011,0,0.00017,0,2e-05,0,0,-0,0.00023,-1e-05,-0.00016,-0.00077,-7e-05,0,1e-05
16.12,0.00025,3e-05,0,2e-05,0,-0,8e-05,0,-2e-05,1e-05,-0,0,-0,-2e-05,-0,0,0,-0,0,6e-05,1e-05,0.00018,1e-05,2e-05,0,0,0,0.00026,-2e-05,-0.0002,-0.00082,-8e-05,0,1e-05
16.14,0.00023,3e-05,0,2e-05,0,-0,8e-05,0,-3e-05,1e-05,-0,0,-0,-3e-05,-0,1e-05,0,-0,0,-0,1e-05,0.00019,2e-05,2e-05,0,0,0,0.00028,-3e-05,-0.00022,-0.00086,-0.0001,0,1e-05
16.16,0.0002,3e-05,0,2e-05,0,-0,8e-05,-0,-3e-05,1e-05,-0,0,-1e-05,-3e-05,-0,1e-05,0,-0,0,-6e-05,1e-05,0.0002,3e-05,3e-05,0,0,0,0.00032,-4e-05,-0.00023,-0.00091,-0.0001,0,1e-05
16.18,0.00017,3e-05,0,3e-05,0,-0,8e-05,-0,-3e-05,1e-05,-0,0,-1e-05,-4e-05,0,1e-05,0,0,0,-0.00011,1e-05,0.00022,4e-05,3e-05,-0,0,0,0.00035,-6e-05,-0.00022,-0.00094,-0.00011,0,1e-05
16.2,0.00013,3e-05,0,3e-05,0,-0,7e-05,-0,-3e-05,1e-05,-0,0,-1e-05,-4e-05,0,2e-05,0,0,0,-0.00014,1e-05,0.00023,5e-05,3e-05,-0,0,0,0.00039,-8e-05,-0.00021,-0.00096,-0.00012,0,1e-05
16.22,0.0001,4e-05,0,2e-05,0,-0,6e-05,-0,-3e-05,1e-05,-0,0,-1e-05,-4e-05,0,2e-05,0,0,0,-0.00014,1e-05,0.00024,6e-05,4e-05,-0,0,0,0.00043,-0.0001,-0.0002,-0.00095,-0.00012,0,1e-05
16.24,7e-05,4e-05,0,2e-05,0,-0,6e-05,-0,-3e-05,1e-05,-0,0,-1e-05,-4e-05,0,2e-05,0,0,0,-0.00012,1e-05,0.00026,8e-05,4e-05,-0,0,0,0.00048,-0.00012,-0.00021,-0.00091,-0.00013,0,1e-05
16.26,5e-05,5e-05,0,2e-05,0,-0,6e-05,-0,-3e-05,1e-05,-0,0,-1e-05,-3e-05,0,2e-05,-0,0,0,-9e-05,1e-05,0.00027,9e-05,5e-05,-0,0,0,0.00054,-0.00014,-0.00022,-0.00084,-0.00014,0,1e-05
16.28,4e-05,5e-05,-0,1e-05,0,-0,6e-05,-0,-3e-05,1e-05,-0,0,-1e-05,-3e-05,0,1e-05,-0,0,0,-5e-05,1e-05,0.00027,0.00011,5e-05,-0,0,0,0.00059,-0.00016,-0.00023,-0.00077,-0.00015,0,1e-05
16.3,5e-05,6e-05,-0,1e-05,1e-05,-0,5e-05,-0,-3e-05,1e-05,-0,0,-1e-05,-2e-05,0,1e-05,-0,0,0,-2e-05,1e-05,0.00026,0.00014,6e-05,-1e-05,0,0,0.00065,-0.00018,-0.00024,-0.00071,-0.00016,1e-05,1e-05
16.32,7e-05,6e-05,-0,0,1e-05,-0,5e-05,-0,-2e-05,1e-05,-0,0,-1e-05,-0,0,0,-0,0,-0,-1e-05,1e-05,0.00022,0.00017,6e-05,-1e-05,0,0,0.0007,-0.00021,-0.00024,-0.00069,-0.00016,1e-05,1e-05
16.34,0.00012,6e-05,-0,0,1e-05,-0,4e-05,-0,-2e-05,1e-05,-0,-0,-1e-05,2e-05,0,-1e-05,0,0,-0,1e-05,1e-05,0.00016,0.0002,6e-05,-1e-05,0,0,0.00074,-0.00022,-0.00021,-0.00072,-0.00016,1e-05,1e-05
16.36,0.00019,6e-05,-0,0,1e-05,-0,2e-05,-1e-05,-1e-05,0,0,-0,-0,4e-05,0,-2e-05,1e-05,0,-0,1e-05,0,7e-05,0.00024,6e-05,-1e-05,0,0,0.00077,-0.00022,-0.00017,-0.0008,-0.00015,1e-05,1e-05
16.38,0.00029,6e-05,0,0,1e-05,-0,-0,-1e-05,-0,-0,0,-0,-0,6e-05,0,-2e-05,1e-05,0,-0,-0,-0,-4e-05,0.00028,6e-05,-1e-05,1e-05,0,0.0008,-0.0002,-0.00013,-0.00094,-0.00014,1e-05,1e-05
16.4,0.0004,5e-05,0,1e-05,1e-05,-0,-3e-05,-2e-05,1e-05,-1e-05,0,-0,-0,8e-05,0,-3e-05,2e-05,0,-0,-2e-05,-1e-05,-0.00015,0.0003,6e-05,-1e-05,1e-05,0,0.00083,-0.00016,-0.00011,-0.0011,-0.00013,1e-05,1e-05
16.42,0.00053,5e-05,0,1e-05,1e-05,-0,-5e-05,-2e-05,2e-05,-1e-05,0,-0,0,0.0001,0,-4e-05,2e-05,0,-0,-3e-05,-2e-05,-0.00023,0.00032,6e-05,-1e-05,1e-05,0,0.00088,-0.0001,-0.00013,-0.00125,-0.00013,1e-05,2e-05
16.44,0.00068,4e-05,-0,2e-05,1e-05,-0,-8e-05,-2e-05,3e-05,-2e-05,0,-0,0,0.00011,0,-4e-05,2e-05,0,-0,-3e-05,-3e-05,-0.00027,0.00031,6e-05,-1e-05,1e-05,0,0.00095,-3e-05,-0.00022,-0.00136,-0.00014,1e-05,2e-05
16.46,0.00083,4e-05,-0,3e-05,1e-05,-0,-9e-05,-2e-05,3e-05,-2e-05,0,-0,0,0.00012,0,-5e-05,3e-05,0,-0,-2e-05,-4e-05,-0.00026,0.00027,6e-05,-1e-05,1e-05,0,0.00104,5e-05,-0.00039,-0.00142,-0.00016,2e-05,3e-05
16.48,0.00101,3e-05,-0,4e-05,1e-05,-0,-0.00011,-2e-05,4e-05,-2e-05,0,-0,0,0.00011,0,-5e-05,3e-05,0,-0,-1e-05,-6e-05,-0.0002,0.00021,6e-05,-1e-05,0,0,0.00117,0.00012,-0.0006,-0.0014,-0.0002,2e-05,4e-05
16.5,0.00121,3e-05,-0,5e-05,1e-05,-0,-0.00012,-2e-05,5e-05,-2e-05,0,-0,0,0.0001,0,-5e-05,3e-05,0,-0,0,-9e-05,-0.00012,0.00013,5e-05,-0,0,0,0.00132,0.00019,-0.00085,-0.00131,-0.00024,3e-05,5e-05
16.52,0.00142,2e-05,-0,7e-05,1e-05,-0,-0.00012,-1e-05,5e-05,-2e-05,0,-0,0,9e-05,0,-5e-05,3e-05,0,-0,2e-05,-0.00011,-4e-05,5e-05,4e-05,0,0,0,0.00148,0.00025,-0.00109,-0.00115,-0.00028,3e-05,6e-05
16.54,0.00166,2e-05,-0,8e-05,1e-05,-0,-0.00013,-1e-05,5e-05,-2e-05,0,-0,0,7e-05,0,-5e-05,3e-05,0,-0,3e-05,-0.00014,3e-05,-2e-05,2e-05,0,0,0,0.00166,0.00029,-0.00129,-0.00091,-0.00032,4e-05,6e-05
16.56,0.00192,1e-05,-1e-05,0.0001,2e-05,-0,-0.00013,-0,5e-05,-1e-05,0,-0,0,5e-05,0,-5e-05,3e-05,0,-0,2e-05,-0.00017,7e-05,-6e-05,1e-05,1e-05,0,-0,0.00185,0.00032,-0.00142,-0.0006,-0.00035,4e-05,7e-05
16.58,0.0022,0,-1e-05,0.00012,2e-05,-0,-0.00012,0,5e-05,-1e-05,0,-0,-0,3e-05,0,-4e-05,3e-05,-0,-0,1e-05,-0.0002,9e-05,-8e-05,-0,1e-05,-0,-0,0.00207,0.00033,-0.00145,-0.00022,-0.00037,4e-05,7e-05
16.6,0.00249,-0,-1e-05,0.00014,2e-05,-0,-0.00012,0,5e-05,-0,0,-0,-0,1e-05,0,-4e-05,3e-05,-0,-0,-2e-05,-0.00024,9e-05,-9e-05,-1e-05,1e-05,-0,-0,0.00228,0.0003,-0.00138,0.00021,-0.00037,4e-05,7e-05
16.62,0.00279,-1e-05,-0,0.00016,2e-05,-0,-0.00012,1e-05,4e-05,1e-05,0,-0,-1e-05,-1e-05,0,-3e-05,3e-05,-0,0,-3e-05,-0.00027,9e-05,-0.0001,-2e-05,1e-05,-0,-0,0.00243,0.00024,-0.0012,0.00068,-0.00035,3e-05,6e-05
16.64,0.00307,-1e-05,-0,0.00018,2e-05,-0,-0.00011,1e-05,3e-05,1e-05,0,-0,-1e-05,-3e-05,0,-3e-05,3e-05,0,0,-3e-05,-0.0003,9e-05,-0.00011,-3e-05,1e-05,-0,-0,0.00254,0.00016,-0.00092,0.00119,-0.00031,2e-05,5e-05
16.66,0.00335,-1e-05,0,0.0002,2e-05,-0,-0.0001,1e-05,2e-05,2e-05,0,-0,-1e-05,-4e-05,0,-3e-05,3e-05,0,0,-1e-05,-0.00034,0.00011,-0.00012,-3e-05,1e-05,-0,-0,0.00264,6e-05,-0.00057,0.00171,-0.00027,1e-05,3e-05
16.68,0.00363,-1e-05,1e-05,0.00022,2e-05,-0,-0.0001,2e-05,1e-05,3e-05,-0,-0,-2e-05,-5e-05,0,-3e-05,3e-05,0,0,1e-05,-0.00037,0.00014,-0.00013,-4e-05,1e-05,-0,-0,0.00275,-4e-05,-0.00017,0.00224,-0.00021,0,1e-05
16.7,0.00389,-0,1e-05,0.00024,2e-05,-0,-9e-05,2e-05,0,3e-05,-0,-0,-2e-05,-6e-05,0,-3e-05,3e-05,0,0,4e-05,-0.0004,0.00016,-0.00015,-4e-05,1e-05,-0,-0,0.00279,-0.00014,0.00022,0.00275,-0.00015,-1e-05,-1e-05
16.72,0.00412,1e-05,2e-05,0.00026,2e-05,-0,-9e-05,2e-05,-1e-05,4e-05,-0,-0,-2e-05,-6e-05,-0,-3e-05,2e-05,0,0,7e-05,-0.00041,0.00018,-0.00016,-4e-05,1e-05,-0,-0,0.00268,-0.00022,0.00056,0.00323,-0.0001,-2e-05,-2e-05
16.74,0.00431,3e-05,2e-05,0.00028,3e-05,-0,-9e-05,2e-05,-2e-05,4e-05,-0,-0,-3e-05,-6e-05,-0,-3e-05,2e-05,0,-0,0.00011,-0.0004,0.00017,-0.00017,-5e-05,1e-05,-0,-0,0.00246,-0.00028,0.0008,0.00366,-6e-05,-2e-05,-3e-05
16.76,0.0045,6e-05,3e-05,0.00029,3e-05,-0,-0.0001,2e-05,-2e-05,3e-05,-0,-0,-3e-05,-5e-05,-0,-4e-05,2e-05,0,-0,0.00014,-0.00038,0.00012,-0.00017,-5e-05,1e-05,-0,-0,0.00221,-0.00029,0.00093,0.00405,-4e-05,-3e-05,-4e-05
16.78,0.00468,9e-05,3e-05,0.0003,4e-05,-0,-0.00012,1e-05,-2e-05,3e-05,-0,-0,-3e-05,-3e-05,-1e-05,-4e-05,1e-05,0,-0,0.00016,-0.00034,3e-05,-0.00017,-6e-05,1e-05,-0,-0,0.00192,-0.00025,0.00092,0.00439,-3e-05,-3e-05,-4e-05
16.8,0.00483,0.00014,3e-05,0.0003,5e-05,-0,-0.00015,1e-05,-2e-05,1e-05,-0,-0,-3e-05,-1e-05,-1e-05,-5e-05,1e-05,0,-0,0.00015,-0.00028,-0.00011,-0.00016,-7e-05,1e-05,-0,-0,0.00153,-0.00014,0.0008,0.00471,-4e-05,-3e-05,-4e-05
16.82,0.00492,0.0002,3e-05,0.0003,5e-05,-0,-0.00018,0,-1e-05,-1e-05,-0,-0,-3e-05,1e-05,-1e-05,-6e-05,1e-05,0,-0,0.00012,-0.00018,-0.00029,-0.00015,-9e-05,1e-05,-0,-0,0.00094,3e-05,0.00056,0.00505,-7e-05,-2e-05,-3e-05
16.84,0.00497,0.00027,3e-05,0.0003,6e-05,-0,-0.00023,-0,0,-3e-05,-0,0,-3e-05,3e-05,-1e-05,-6e-05,-0,0,-0,8e-05,-6e-05,-0.00051,-0.00013,-0.00011,1e-05,-0,-0,0.0002,0.00025,0.00026,0.00541,-0.0001,-1e-05,-2e-05
16.86,0.005,0.00035,3e-05,0.00029,7e-05,-0,-0.00028,-1e-05,2e-05,-6e-05,-0,0,-2e-05,5e-05,-2e-05,-7e-05,-1e-05,0,-0,5e-05,0.0001,-0.00076,-0.00011,-0.00013,1e-05,-0,-0,-0.00059,0.0005,-9e-05,0.00577,-0.00013,-0,-1e-05
16.88,0.005,0.00042,2e-05,0.00028,8e-05,-0,-0.00034,-1e-05,4e-05,-9e-05,-0,0,-2e-05,7e-05,-2e-05,-8e-05,-2e-05,0,-0,2e-05,0.00026,-0.00102,-9e-05,-0.00016,1e-05,-0,-0,-0.00138,0.00076,-0.00042,0.00614,-0.00016,0,1e-05
16.9,0.00495,0.00049,2e-05,0.00027,9e-05,-0,-0.00039,-1e-05,5e-05,-0.00011,-0,0,-2e-05,9e-05,-2e-05,-9e-05,-3e-05,0,-0,-1e-05,0.00046,-0.00126,-8e-05,-0.00019,1e-05,-0,-0,-0.00235,0.00098,-0.0007,0.0065,-0.00017,1e-05,2e-05
16.92,0.00481,0.00055,2e-05,0.00027,9e-05,-0,-0.00044,-1e-05,7e-05,-0.00013,-0,0,-1e-05,9e-05,-3e-05,-9e-05,-4e-05,0,-0,-3e-05,0.0007,-0.00142,-6e-05,-0.00021,1e-05,-0,-0,-0.00375,0.00106,-0.00085,0.00685,-0.00017,1e-05,2e-05
16.94,0.0046,0.0006,2e-05,0.00028,9e-05,-0,-0.00047,-1e-05,8e-05,-0.00014,-0,0,-1e-05,8e-05,-3e-05,-9e-05,-5e-05,0,-0,-5e-05,0.00095,-0.0015,-5e-05,-0.00022,1e-05,-0,-0,-0.00528,0.00103,-0.00084,0.00712,-0.00014,1e-05,2e-05
16.96,0.00435,0.00063,2e-05,0.00029,0.0001,-0,-0.00048,-1e-05,8e-05,-0.00013,-0,0,-2e-05,7e-05,-3e-05,-9e-05,-6e-05,0,0,-6e-05,0.00116,-0.00149,-5e-05,-0.00022,0,-0,-0,-0.00669,0.00091,-0.00069,0.00728,-9e-05,1e-05,1e-05
16.98,0.00404,0.00063,2e-05,0.00031,0.0001,-0,-0.00049,-0,8e-05,-0.00012,-0,0,-2e-05,5e-05,-3e-05,-9e-05,-6e-05,0,0,-7e-05,0.00134,-0.00139,-4e-05,-0.00022,0,-0,-0,-0.00805,0.00071,-0.00042,0.00732,-2e-05,-0,-0
17,0.00368,0.00061,2e-05,0.00033,9e-05,-0,-0.00048,0,8e-05,-0.0001,-0,0,-2e-05,2e-05,-3e-05,-8e-05,-6e-05,-0,0,-7e-05,0.00148,-0.00124,-4e-05,-0.0002,1e-05,-0,-0,-0.00921,0.00051,-9e-05,0.00722,6e-05,-1e-05,-2e-05
17.02,0.00328,0.00054,2e-05,0.00034,9e-05,-0,-0.00047,1e-05,7e-05,-8e-05,-0,0,-3e-05,-0,-3e-05,-8e-05,-6e-05,-0,0,-7e-05,0.00158,-0.00105,-5e-05,-0.00018,1e-05,-0,-0,-0.01,0.00033,0.00025,0.00698,0.00014,-2e-05,-4e-05
17.04,0.00284,0.00047,3e-05,0.00035,8e-05,-0,-0.00044,2e-05,6e-05,-6e-05,-0,0,-3e-05,-2e-05,-3e-05,-7e-05,-6e-05,-0,0,-7e-05,0.00165,-0.00086,-5e-05,-0.00016,1e-05,-0,-0,-0.01058,0.00016,0.00058,0.00661,0.00022,-4e-05,-6e-05
17.06,0.00236,0.00039,3e-05,0.00036,7e-05,-0,-0.00042,2e-05,5e-05,-3e-05,-0,0,-3e-05,-3e-05,-3e-05,-7e-05,-5e-05,-0,0,-7e-05,0.0017,-0.00066,-5e-05,-0.00014,1e-05,-0,-0,-0.01106,-0,0.00086,0.00613,0.00028,-4e-05,-8e-05
17.08,0.00186,0.00032,3e-05,0.00035,6e-05,-0,-0.00038,2e-05,4e-05,-2e-05,-0,0,-3e-05,-4e-05,-3e-05,-6e-05,-5e-05,-0,0,-7e-05,0.00172,-0.00048,-5e-05,-0.00011,1e-05,-0,-0,-0.01141,-0.00015,0.00106,0.00554,0.00033,-5e-05,-9e-05
17.1,0.00138,0.00025,3e-05,0.00034,5e-05,-0,-0.00035,2e-05,3e-05,-0,-0,0,-3e-05,-3e-05,-3e-05,-6e-05,-5e-05,-0,0,-7e-05,0.00171,-0.00033,-5e-05,-9e-05,1e-05,-0,-0,-0.0116,-0.00026,0.00119,0.00487,0.00036,-6e-05,-0.0001
17.12,0.00096,0.0002,3e-05,0.00032,4e-05,-0,-0.00031,2e-05,2e-05,1e-05,-0,0,-4e-05,-2e-05,-3e-05,-6e-05,-4e-05,-0,0,-6e-05,0.00165,-0.0002,-5e-05,-7e-05,1e-05,-0,-0,-0.0116,-0.00033,0.00123,0.00414,0.00037,-6e-05,-0.0001
17.14,0.00059,0.00015,3e-05,0.0003,3e-05,-0,-0.00027,2e-05,2e-05,2e-05,-0,0,-3e-05,-0,-3e-05,-5e-05,-4e-05,-0,0,-6e-05,0.00157,-0.00012,-4e-05,-6e-05,1e-05,-0,-0,-0.01143,-0.00036,0.00118,0.00339,0.00036,-6e-05,-0.0001
17.16,0.00025,0.00012,2e-05,0.00028,3e-05,-0,-0.00023,1e-05,1e-05,2e-05,-0,0,-3e-05,1e-05,-3e-05,-5e-05,-4e-05,-0,0,-5e-05,0.00148,-7e-05,-4e-05,-5e-05,1e-05,-0,-0,-0.01112,-0.00034,0.00105,0.00262,0.00034,-5e-05,-0.0001
17.18,-4e-05,0.0001,2e-05,0.00025,2e-05,-0,-0.00019,1e-05,1e-05,3e-05,-0,0,-3e-05,3e-05,-3e-05,-5e-05,-4e-05,-0,0,-5e-05,0.00138,-5e-05,-3e-05,-3e-05,1e-05,-0,-0,-0.01069,-0.00029,0.00085,0.00188,0.0003,-5e-05,-9e-05
17.2,-0.00025,9e-05,2e-05,0.00022,1e-05,-0,-0.00015,1e-05,1e-05,3e-05,-0,0,-3e-05,5e-05,-3e-05,-4e-05,-3e-05,-0,0,-5e-05,0.00125,-6e-05,-2e-05,-2e-05,1e-05,-0,-0,-0.01008,-0.0002,0.0006,0.00119,0.00025,-4e-05,-7e-05
17.22,-0.00037,8e-05,1e-05,0.0002,1e-05,-0,-0.00013,0,1e-05,3e-05,-0,0,-3e-05,6e-05,-2e-05,-3e-05,-3e-05,-0,0,-4e-05,0.0011,-9e-05,-1e-05,-2e-05,1e-05,-0,-0,-0.00926,-8e-05,0.0003,0.0006,0.00019,-3e-05,-6e-05
17.24,-0.00042,7e-05,1e-05,0.00017,1e-05,-0,-0.0001,0,2e-05,2e-05,-0,0,-2e-05,8e-05,-2e-05,-2e-05,-3e-05,-0,0,-4e-05,0.00095,-0.00013,0,-1e-05,1e-05,-0,-0,-0.00838,5e-05,-0,0.00014,0.00013,-2e-05,-4e-05
17.26,-0.00045,7e-05,1e-05,0.00015,0,-0,-9e-05,1e-05,2e-05,2e-05,-0,0,-2e-05,8e-05,-1e-05,-2e-05,-4e-05,0,0,-3e-05,0.0008,-0.00018,1e-05,-0,1e-05,-0,-0,-0.00752,0.00016,-0.0003,-0.00019,7e-05,-1e-05,-2e-05
17.28,-0.00046,7e-05,0,0.00013,0,-0,-8e-05,1e-05,3e-05,2e-05,-0,0,-2e-05,9e-05,-1e-05,-1e-05,-4e-05,0,0,-3e-05,0.00065,-0.00024,1e-05,0,1e-05,-0,-0,-0.00666,0.00026,-0.00056,-0.00041,2e-05,-0,-0
17.3,-0.00043,8e-05,-0,0.00011,0,-0,-7e-05,2e-05,4e-05,2e-05,-0,0,-2e-05,8e-05,-0,1e-05,-5e-05,0,0,-2e-05,0.00051,-0.00028,1e-05,1e-05,1e-05,-0,-0,-0.00577,0.00033,-0.00076,-0.00054,-2e-05,1e-05,1e-05
17.32,-0.00036,8e-05,-0,0.0001,0,-0,-8e-05,3e-05,4e-05,2e-05,-0,0,-1e-05,7e-05,1e-05,2e-05,-5e-05,0,-0,-2e-05,0.00038,-0.00032,1e-05,1e-05,1e-05,-0,-0,-0.00483,0.00035,-0.00085,-0.00063,-4e-05,1e-05,2e-05
17.34,-0.00028,8e-05,-1e-05,9e-05,-0,-0,-8e-05,4e-05,5e-05,2e-05,-0,0,-1e-05,5e-05,1e-05,3e-05,-6e-05,0,-0,-1e-05,0.00024,-0.00033,1e-05,1e-05,1e-05,-0,-0,-0.00386,0.00032,-0.00084,-0.00071,-3e-05,1e-05,2e-05
17.36,-0.0002,8e-05,-1e-05,8e-05,-0,-0,-9e-05,6e-05,7e-05,3e-05,-0,0,-1e-05,2e-05,2e-05,5e-05,-7e-05,0,-0,-0,0.00012,-0.00033,1e-05,2e-05,1e-05,-0,-0,-0.00283,0.00027,-0.00073,-0.00083,-0,1e-05,2e-05
17.38,-0.00012,9e-05,-1e-05,8e-05,-0,-0,-0.0001,7e-05,8e-05,3e-05,-0,-0,-0,-1e-05,3e-05,7e-05,-8e-05,0,-0,0,0,-0.00031,1e-05,2e-05,1e-05,-0,-0,-0.00175,0.00021,-0.00055,-0.00099,4e-05,1e-05,1e-05
17.4,-4e-05,8e-05,-1e-05,8e-05,-0,-0,-0.00011,9e-05,9e-05,4e-05,-0,-0,-0,-5e-05,3e-05,9e-05,-9e-05,0,-0,1e-05,-0.00011,-0.00028,1e-05,2e-05,0,-0,-0,-0.00061,0.00014,-0.00033,-0.00121,0.0001,0,1e-05
17.42,3e-05,8e-05,-2e-05,9e-05,-0,-0,-0.00012,0.0001,0.0001,5e-05,-0,-0,0,-9e-05,4e-05,0.00011,-0.0001,0,-0,1e-05,-0.00022,-0.00024,1e-05,3e-05,0,-0,-0,0.00055,0.0001,-0.00012,-0.00148,0.00016,-0,-0
17.44,8e-05,8e-05,-2e-05,0.0001,-0,-0,-0.00014,0.00012,0.00011,5e-05,-0,-0,1e-05,-0.00013,5e-05,0.00013,-0.00011,0,-0,2e-05,-0.00031,-0.0002,0,3e-05,0,-0,-0,0.00169,6e-05,8e-05,-0.00181,0.00021,-1e-05,-1e-05
17.46,0.00011,7e-05,-2e-05,0.00011,-0,-0,-0.00015,0.00013,0.00013,5e-05,-0,-0,1e-05,-0.00017,6e-05,0.00015,-0.00012,0,-0,3e-05,-0.00041,-0.00015,-0,3e-05,0,-0,-0,0.00281,4e-05,0.00024,-0.00218,0.00024,-1e-05,-2e-05
17.48,0.00013,6e-05,-2e-05,0.00011,-0,-0,-0.00016,0.00014,0.00014,5e-05,-0,-0,1e-05,-0.0002,7e-05,0.00016,-0.00012,0,-0,3e-05,-0.00049,-0.00011,-1e-05,4e-05,0,-0,-0,0.00392,2e-05,0.00037,-0.00258,0.00027,-1e-05,-3e-05
17.5,0.00013,5e-05,-2e-05,0.00012,-1e-05,-0,-0.00017,0.00014,0.00015,5e-05,-0,-0,2e-05,-0.00023,7e-05,0.00018,-0.00012,0,-0,3e-05,-0.00058,-7e-05,-1e-05,4e-05,0,-0,-0,0.00499,1e-05,0.00046,-0.00301,0.00028,-1e-05,-3e-05
17.52,0.00011,4e-05,-2e-05,0.00012,-1e-05,-0,-0.00017,0.00015,0.00015,5e-05,-0,-0,2e-05,-0.00024,8e-05,0.00018,-0.00011,0,-0,4e-05,-0.00066,-3e-05,-2e-05,5e-05,0,-0,-0,0.00598,0,0.00052,-0.00343,0.00028,-1e-05,-3e-05
17.54,7e-05,3e-05,-2e-05,0.00013,-1e-05,-0,-0.00017,0.00014,0.00015,4e-05,-0,-0,2e-05,-0.00024,8e-05,0.00018,-0.0001,0,-0,4e-05,-0.00073,1e-05,-2e-05,5e-05,0,-0,-0,0.00689,-0,0.00056,-0.00383,0.00028,-1e-05,-3e-05
17.56,3e-05,2e-05,-1e-05,0.00013,-1e-05,-0,-0.00015,0.00014,0.00015,4e-05,-0,-0,2e-05,-0.00023,7e-05,0.00018,-9e-05,0,-0,4e-05,-0.0008,5e-05,-2e-05,6e-05,0,-0,-0,0.00775,-0,0.00058,-0.00421,0.00028,-1e-05,-3e-05
17.58,-0,1e-05,-1e-05,0.00013,-1e-05,-0,-0.00013,0.00012,0.00014,4e-05,-0,-0,2e-05,-0.00021,7e-05,0.00016,-7e-05,0,-0,3e-05,-0.00087,9e-05,-2e-05,6e-05,0,-0,-0,0.00856,0,0.0006,-0.00455,0.00028,-1e-05,-3e-05
17.6,-4e-05,0,-0,0.00012,-1e-05,-0,-0.0001,0.00011,0.00012,3e-05,-0,-0,2e-05,-0.00017,6e-05,0.00013,-6e-05,0,-0,3e-05,-0.00093,0.00012,-2e-05,7e-05,0,-0,-0,0.00928,1e-05,0.00063,-0.00485,0.00028,-1e-05,-3e-05
17.62,-7e-05,-0,0,0.00011,-1e-05,-0,-7e-05,9e-05,9e-05,3e-05,-0,-0,2e-05,-0.00014,4e-05,0.0001,-4e-05,0,-0,2e-05,-0.00097,0.00015,-2e-05,7e-05,0,-0,-0,0.00986,3e-05,0.00066,-0.0051,0.00028,-1e-05,-3e-05
17.64,-0.0001,-0,1e-05,0.0001,-1e-05,-0,-3e-05,6e-05,6e-05,3e-05,-0,-0,2e-05,-0.0001,3e-05,7e-05,-3e-05,0,-0,2e-05,-0.00099,0.00018,-2e-05,7e-05,0,-0,-0,0.01032,4e-05,0.00069,-0.00529,0.00028,-1e-05,-3e-05
17.66,-0.00014,-0,1e-05,9e-05,-0,-0,2e-05,4e-05,2e-05,3e-05,-0,0,2e-05,-6e-05,1e-05,4e-05,-2e-05,0,0,1e-05,-0.001,0.00019,-2e-05,8e-05,0,-0,-0,0.01069,6e-05,0.00073,-0.00543,0.00029,-1e-05,-3e-05
17.68,-0.00017,-0,1e-05,7e-05,0,-0,7e-05,2e-05,-2e-05,3e-05,-0,0,2e-05,-3e-05,-0,1e-05,-1e-05,0,0,1e-05,-0.001,0.00021,-1e-05,8e-05,0,0,-0,0.01096,7e-05,0.00077,-0.00553,0.0003,-1e-05,-4e-05
17.7,-0.00022,-0,1e-05,5e-05,1e-05,-0,0.00011,0,-5e-05,4e-05,-0,0,2e-05,-0,-2e-05,-1e-05,-1e-05,-0,0,1e-05,-0.00099,0.00022,-1e-05,8e-05,0,0,0,0.01115,9e-05,0.0008,-0.00559,0.0003,-1e-05,-4e-05
17.72,-0.00028,-0,1e-05,4e-05,1e-05,-0,0.00015,-1e-05,-9e-05,4e-05,-0,0,2e-05,2e-05,-3e-05,-3e-05,-1e-05,-0,0,0,-0.00098,0.00024,-1e-05,9e-05,0,0,0,0.01124,0.00012,0.00082,-0.00561,0.00029,-1e-05,-3e-05
17.74,-0.00035,-0,1e-05,2e-05,2e-05,-0,0.00019,-3e-05,-0.00011,4e-05,-0,0,2e-05,3e-05,-4e-05,-5e-05,-1e-05,-0,0,0,-0.00095,0.00027,-1e-05,9e-05,-0,0,0,0.01125,0.00014,0.00082,-0.00561,0.00028,-1e-05,-3e-05
17.76,-0.00043,0,0,0,2e-05,-0,0.00021,-3e-05,-0.00013,5e-05,-0,0,2e-05,4e-05,-5e-05,-6e-05,-2e-05,-0,0,0,-0.00092,0.00031,-2e-05,9e-05,-0,0,0,0.01122,0.00016,0.0008,-0.00559,0.00026,-0,-2e-05
17.78,-0.00051,0,0,-1e-05,2e-05,-0,0.00022,-3e-05,-0.00015,6e-05,-0,0,2e-05,4e-05,-5e-05,-6e-05,-2e-05,-0,0,0,-0.00089,0.00035,-2e-05,9e-05,-0,0,0,0.01115,0.00019,0.00076,-0.00556,0.00023,0,-2e-05
17.8,-0.0006,0,0,-3e-05,1e-05,-0,0.00022,-3e-05,-0.00015,7e-05,-0,0,3e-05,5e-05,-6e-05,-6e-05,-2e-05,-0,0,0,-0.00085,0.00039,-3e-05,9e-05,-0,0,0,0.01097,0.00021,0.00069,-0.0055,0.00019,1e-05,-1e-05
17.82,-0.00072,0,0,-4e-05,0,-0,0.00021,-3e-05,-0.00015,8e-05,-0,0,3e-05,5e-05,-6e-05,-6e-05,-3e-05,-0,0,0,-0.00082,0.00042,-3e-05,9e-05,-0,0,0,0.01058,0.00022,0.00061,-0.00539,0.00016,1e-05,-0
17.84,-0.00084,-0,1e-05,-6e-05,-1e-05,-0,0.00019,-2e-05,-0.00014,9e-05,-0,0,3e-05,6e-05,-6e-05,-5e-05,-3e-05,-0,0,1e-05,-0.00078,0.00044,-3e-05,9e-05,-0,0,0,0.01006,0.00021,0.00051,-0.00524,0.00014,1e-05,1e-05
17.86,-0.00096,-1e-05,1e-05,-8e-05,-1e-05,0,0.00017,-1e-05,-0.00012,9e-05,-0,0,3e-05,7e-05,-6e-05,-5e-05,-4e-05,-0,0,1e-05,-0.00075,0.00044,-3e-05,9e-05,-1e-05,0,0,0.00947,0.0002,0.00039,-0.00504,0.00011,2e-05,1e-05
17.88,-0.00108,-2e-05,2e-05,-0.0001,-2e-05,0,0.00014,-1e-05,-0.0001,0.0001,0,0,3e-05,9e-05,-5e-05,-4e-05,-5e-05,0,0,1e-05,-0.00071,0.00043,-2e-05,9e-05,-1e-05,0,0,0.0088,0.00017,0.00026,-0.0048,0.0001,2e-05,2e-05
17.9,-0.00119,-3e-05,2e-05,-0.00012,-2e-05,0,0.00012,0,-8e-05,0.0001,0,0,3e-05,0.0001,-5e-05,-3e-05,-5e-05,0,0,1e-05,-0.00068,0.00041,-1e-05,8e-05,-1e-05,0,0,0.00812,0.00014,0.00012,-0.00451,8e-05,2e-05,3e-05
17.92,-0.00128,-5e-05,2e-05,-0.00015,-2e-05,0,0.0001,1e-05,-6e-05,0.0001,0,0,2e-05,0.00011,-5e-05,-3e-05,-6e-05,0,0,2e-05,-0.00066,0.00039,-1e-05,8e-05,-1e-05,0,0,0.00758,0.00011,-3e-05,-0.00419,6e-05,2e-05,3e-05
17.94,-0.00135,-6e-05,2e-05,-0.00017,-1e-05,0,8e-05,1e-05,-5e-05,0.0001,0,0,2e-05,0.00012,-4e-05,-3e-05,-6e-05,0,0,2e-05,-0.00064,0.00037,-0,9e-05,-1e-05,0,0,0.00707,8e-05,-0.00017,-0.00382,4e-05,2e-05,4e-05
17.96,-0.00143,-9e-05,2e-05,-0.00019,1e-05,0,8e-05,1e-05,-3e-05,9e-05,0,0,2e-05,0.00012,-4e-05,-2e-05,-7e-05,0,0,2e-05,-0.00063,0.00036,-0,9e-05,-0,0,0,0.00655,4e-05,-0.00032,-0.0034,1e-05,2e-05,4e-05
17.98,-0.00149,-0.00011,2e-05,-0.0002,2e-05,0,8e-05,1e-05,-3e-05,9e-05,0,0,1e-05,0.00012,-3e-05,-2e-05,-7e-05,0,0,2e-05,-0.00062,0.00036,-0,9e-05,-0,0,0,0.00604,1e-05,-0.00046,-0.00295,-2e-05,2e-05,5e-05
18,-0.00154,-0.00014,1e-05,-0.00022,4e-05,0,8e-05,1e-05,-3e-05,9e-05,0,0,1e-05,0.00011,-3e-05,-1e-05,-7e-05,0,0,2e-05,-0.00061,0.00037,-1e-05,9e-05,-0,0,0,0.00558,-3e-05,-0.0006,-0.00249,-7e-05,3e-05,6e-05
18.02,-0.00159,-0.00016,1e-05,-0.00023,5e-05,0,0.0001,0,-3e-05,8e-05,0,0,1e-05,9e-05,-2e-05,-1e-05,-7e-05,0,0,3e-05,-0.00059,0.00039,-1e-05,9e-05,-0,-0,-0,0.00517,-8e-05,-0.00073,-0.00205,-0.00011,3e-05,6e-05
18.04,-0.00164,-0.00019,0,-0.00024,5e-05,0,0.00012,-0,-4e-05,8e-05,0,0,1e-05,8e-05,-2e-05,-1e-05,-6e-05,0,0,3e-05,-0.00057,0.0004,-2e-05,9e-05,0,-0,-0,0.00481,-0.00012,-0.00086,-0.00163,-0.00016,4e-05,7e-05
18.06,-0.00169,-0.0002,0,-0.00025,5e-05,0,0.00015,-1e-05,-6e-05,7e-05,0,0,0,6e-05,-2e-05,-0,-6e-05,0,0,3e-05,-0.00054,0.0004,-3e-05,9e-05,0,-0,-0,0.00448,-0.00016,-0.00096,-0.00126,-0.00021,4e-05,8e-05
18.08,-0.00175,-0.00021,-0,-0.00025,5e-05,0,0.00018,-1e-05,-7e-05,7e-05,0,0,0,5e-05,-1e-05,0,-6e-05,0,0,3e-05,-0.00051,0.0004,-4e-05,9e-05,0,-0,-0,0.00416,-0.0002,-0.00104,-0.00093,-0.00025,5e-05,8e-05
18.1,-0.00181,-0.0002,-0,-0.00026,5e-05,0,0.0002,-2e-05,-8e-05,6e-05,0,0,0,3e-05,-1e-05,1e-05,-6e-05,0,0,3e-05,-0.00047,0.00039,-5e-05,8e-05,0,-0,-0,0.00389,-0.00024,-0.00107,-0.00065,-0.00027,5e-05,8e-05
18.12,-0.00187,-0.00018,-0,-0.00026,4e-05,0,0.00022,-2e-05,-9e-05,6e-05,0,0,0,2e-05,-1e-05,1e-05,-5e-05,0,0,3e-05,-0.00044,0.00037,-6e-05,7e-05,0,-0,-0,0.00367,-0.00026,-0.00104,-0.00041,-0.00028,5e-05,8e-05
18.14,-0.00193,-0.00016,-0,-0.00025,3e-05,0,0.00023,-2e-05,-9e-05,5e-05,0,0,1e-05,0,-1e-05,2e-05,-5e-05,0,0,3e-05,-0.00041,0.00034,-6e-05,7e-05,0,-0,-0,0.00349,-0.00026,-0.00095,-0.00021,-0.00027,5e-05,8e-05
18.16,-0.002,-0.00012,0,-0.00025,3e-05,0,0.00023,-2e-05,-9e-05,5e-05,0,0,1e-05,-2e-05,-0,2e-05,-5e-05,0,-0,3e-05,-0.00038,0.00031,-6e-05,6e-05,0,-0,-0,0.0033,-0.00024,-0.0008,-4e-05,-0.00024,4e-05,7e-05
18.18,-0.00206,-9e-05,0,-0.00023,2e-05,-0,0.00022,-2e-05,-8e-05,5e-05,0,0,1e-05,-4e-05,-0,3e-05,-5e-05,0,-0,2e-05,-0.00034,0.00026,-5e-05,5e-05,0,-0,-0,0.00313,-0.00018,-0.0006,0.0001,-0.00019,4e-05,5e-05
18.2,-0.0021,-5e-05,0,-0.00022,1e-05,-0,0.00021,-1e-05,-7e-05,5e-05,0,0,1e-05,-6e-05,0,4e-05,-5e-05,0,-0,2e-05,-0.00031,0.00021,-4e-05,4e-05,0,-0,-0,0.00296,-0.00011,-0.00037,0.00023,-0.00012,3e-05,4e-05
18.22,-0.00213,-1e-05,0,-0.00019,1e-05,-0,0.00018,-1e-05,-6e-05,5e-05,0,0,1e-05,-8e-05,0,4e-05,-5e-05,0,-0,2e-05,-0.00027,0.00016,-3e-05,2e-05,0,-0,-0,0.00279,-2e-05,-0.00014,0.00035,-4e-05,2e-05,2e-05
18.24,-0.00214,1e-05,0,-0.00017,1e-05,-0,0.00016,-1e-05,-5e-05,4e-05,0,-0,1e-05,-0.0001,0,5e-05,-5e-05,0,-0,2e-05,-0.00024,0.0001,-2e-05,1e-05,0,-0,-0,0.00262,8e-05,0.0001,0.00045,3e-05,0,-0
18.26,-0.00211,3e-05,0,-0.00014,0,-0,0.00013,-0,-4e-05,4e-05,0,-0,1e-05,-0.00012,0,5e-05,-5e-05,0,-0,2e-05,-0.00021,5e-05,-1e-05,0,-0,-0,-0,0.00243,0.00017,0.00032,0.00055,0.00011,-1e-05,-2e-05
18.28,-0.00206,5e-05,1e-05,-0.00012,0,-0,0.00011,0,-3e-05,3e-05,0,-0,1e-05,-0.00013,1e-05,5e-05,-4e-05,0,-0,2e-05,-0.00017,0,1e-05,-1e-05,-0,-0,-0,0.00223,0.00025,0.00051,0.00065,0.00017,-2e-05,-4e-05
18.3,-0.00198,5e-05,1e-05,-9e-05,0,-0,9e-05,0,-2e-05,3e-05,0,-0,1e-05,-0.00014,1e-05,5e-05,-4e-05,0,-0,2e-05,-0.00014,-4e-05,1e-05,-2e-05,-0,0,0,0.00202,0.0003,0.00065,0.00074,0.00022,-3e-05,-5e-05
18.32,-0.00187,5e-05,1e-05,-6e-05,0,-0,8e-05,0,-1e-05,2e-05,0,-0,1e-05,-0.00015,1e-05,5e-05,-3e-05,0,-0,2e-05,-0.00011,-7e-05,2e-05,-4e-05,-0,0,0,0.00184,0.00034,0.00074,0.00084,0.00025,-3e-05,-6e-05
18.34,-0.00175,5e-05,1e-05,-3e-05,-0,-0,7e-05,0,-1e-05,2e-05,0,-0,1e-05,-0.00014,1e-05,5e-05,-2e-05,0,-0,2e-05,-9e-05,-0.0001,3e-05,-5e-05,-0,0,0,0.00165,0.00034,0.00076,0.00093,0.00026,-3e-05,-6e-05
18.36,-0.00163,5e-05,1e-05,-1e-05,-0,-0,7e-05,-0,-1e-05,1e-05,0,-0,1e-05,-0.00014,1e-05,4e-05,-2e-05,0,-0,1e-05,-7e-05,-0.00013,3e-05,-6e-05,-1e-05,0,0,0.00143,0.00033,0.00072,0.00102,0.00024,-3e-05,-6e-05
18.38,-0.00151,4e-05,2e-05,1e-05,-0,-0,7e-05,-0,-1e-05,1e-05,0,-0,1e-05,-0.00012,1e-05,3e-05,-1e-05,0,-0,1e-05,-4e-05,-0.00014,4e-05,-6e-05,-1e-05,0,0,0.00121,0.00029,0.00062,0.00111,0.00021,-3e-05,-5e-05
18.4,-0.0014,4e-05,2e-05,3e-05,-0,-0,8e-05,-1e-05,-1e-05,0,0,-0,1e-05,-0.00011,1e-05,3e-05,1e-05,0,-0,1e-05,-2e-05,-0.00015,4e-05,-7e-05,-1e-05,0,0,0.00099,0.00024,0.00048,0.00119,0.00016,-3e-05,-4e-05
18.42,-0.0013,4e-05,2e-05,4e-05,-0,-0,8e-05,-1e-05,-2e-05,-0,0,-0,1e-05,-9e-05,1e-05,2e-05,1e-05,0,-0,1e-05,-0,-0.00015,5e-05,-7e-05,-1e-05,0,0,0.00078,0.00019,0.00031,0.00127,0.0001,-2e-05,-2e-05
18.44,-0.00123,4e-05,2e-05,5e-05,0,-0,9e-05,-1e-05,-2e-05,-1e-05,0,-0,1e-05,-7e-05,1e-05,1e-05,2e-05,0,-0,0,2e-05,-0.00016,5e-05,-7e-05,-1e-05,0,0,0.00057,0.00015,0.00015,0.00134,3e-05,-1e-05,-1e-05
18.46,-0.00119,3e-05,1e-05,5e-05,0,-0,9e-05,-1e-05,-2e-05,-1e-05,0,-0,1e-05,-5e-05,1e-05,0,3e-05,0,-0,0,4e-05,-0.00016,6e-05,-7e-05,-1e-05,0,0,0.00036,0.00011,1e-05,0.00138,-3e-05,-1e-05,0
18.48,-0.00119,3e-05,1e-05,4e-05,0,-0,9e-05,-2e-05,-2e-05,-2e-05,0,-0,1e-05,-3e-05,1e-05,-0,3e-05,0,-0,0,5e-05,-0.00015,7e-05,-7e-05,-1e-05,0,0,0.00015,8e-05,-0.0001,0.0014,-9e-05,-0,1e-05
18.5,-0.00122,3e-05,1e-05,2e-05,1e-05,-0,9e-05,-2e-05,-2e-05,-2e-05,0,-0,1e-05,-1e-05,1e-05,-1e-05,3e-05,0,-0,0,7e-05,-0.00014,7e-05,-6e-05,-1e-05,0,0,-6e-05,6e-05,-0.00018,0.00138,-0.00014,0,2e-05
18.52,-0.00128,3e-05,0,0,1e-05,-0,8e-05,-2e-05,-1e-05,-2e-05,0,-0,1e-05,1e-05,0,-1e-05,3e-05,0,-0,0,9e-05,-0.00013,7e-05,-5e-05,-1e-05,0,0,-0.00026,5e-05,-0.00023,0.00131,-0.00018,1e-05,3e-05
18.54,-0.00136,3e-05,-0,-3e-05,1e-05,-0,8e-05,-2e-05,-1e-05,-3e-05,0,-0,1e-05,2e-05,0,-2e-05,3e-05,0,-0,0,0.0001,-0.0001,7e-05,-4e-05,-1e-05,0,0,-0.00044,5e-05,-0.00026,0.00117,-0.00022,1e-05,3e-05
18.56,-0.00148,3e-05,-0,-6e-05,1e-05,-0,8e-05,-2e-05,-1e-05,-3e-05,0,-0,1e-05,3e-05,0,-2e-05,2e-05,0,-0,0,0.00011,-8e-05,7e-05,-3e-05,-1e-05,0,0,-0.0006,6e-05,-0.00026,0.00094,-0.00024,1e-05,3e-05
18.58,-0.00162,3e-05,-1e-05,-0.0001,1e-05,-0,9e-05,-2e-05,-0,-4e-05,0,-0,2e-05,3e-05,0,-2e-05,2e-05,0,-0,1e-05,0.00012,-4e-05,7e-05,-2e-05,-1e-05,0,0,-0.00074,7e-05,-0.00024,0.00062,-0.00025,1e-05,3e-05
18.6,-0.00177,2e-05,-1e-05,-0.00014,1e-05,-0,9e-05,-2e-05,-0,-4e-05,0,-0,2e-05,3e-05,0,-1e-05,1e-05,0,-0,1e-05,0.00013,-0,6e-05,-0,-1e-05,0,0,-0.00083,9e-05,-0.0002,0.00019,-0.00025,1e-05,3e-05
18.62,-0.00192,2e-05,-1e-05,-0.00017,1e-05,-0,0.0001,-2e-05,-0,-4e-05,0,-0,2e-05,3e-05,0,-1e-05,1e-05,0,-0,1e-05,0.00012,4e-05,5e-05,1e-05,-1e-05,0,0,-0.00088,0.0001,-0.00016,-0.00034,-0.00025,1e-05,2e-05
18.64,-0.00206,2e-05,-1e-05,-0.00021,1e-05,-0,0.0001,-2e-05,0,-5e-05,0,-0,2e-05,2e-05,0,-0,0,0,-0,1e-05,0.00011,8e-05,5e-05,3e-05,-0,0,0,-0.00088,0.00012,-0.0001,-0.00097,-0.00023,1e-05,1e-05
18.66,-0.00218,2e-05,-1e-05,-0.00024,1e-05,-0,0.00011,-2e-05,0,-5e-05,0,-0,2e-05,2e-05,0,0,-0,0,-0,1e-05,9e-05,0.00011,4e-05,6e-05,-0,0,0,-0.0008,0.00014,-4e-05,-0.00169,-0.00021,0,1e-05
18.68,-0.00227,1e-05,-1e-05,-0.00026,1e-05,-0,0.00011,-1e-05,1e-05,-5e-05,0,-0,2e-05,1e-05,0,1e-05,-1e-05,0,-0,1e-05,6e-05,0.00015,4e-05,8e-05,-0,0,0,-0.00066,0.00016,2e-05,-0.00248,-0.00018,-0,-0
18.7,-0.00232,1e-05,-1e-05,-0.00027,1e-05,-0,0.00011,-1e-05,1e-05,-5e-05,0,-0,2e-05,-0,0,1e-05,-1e-05,0,-0,1e-05,2e-05,0.00018,4e-05,0.00011,-0,0,0,-0.00046,0.00017,7e-05,-0.00328,-0.00014,-1e-05,-1e-05
18.72,-0.00234,1e-05,-1e-05,-0.00026,1e-05,-0,0.00011,-1e-05,1e-05,-4e-05,0,-0,2e-05,-1e-05,1e-05,2e-05,-2e-05,0,-0,1e-05,-3e-05,0.00022,4e-05,0.00013,-0,0,0,-0.00022,0.00018,0.00013,-0.00404,-0.00011,-1e-05,-2e-05
18.74,-0.00231,1e-05,-1e-05,-0.00025,0,-0,0.0001,-1e-05,1e-05,-3e-05,0,-0,2e-05,-2e-05,1e-05,3e-05,-2e-05,0,-0,1e-05,-7e-05,0.00025,3e-05,0.00016,0,0,0,4e-05,0.00019,0.00017,-0.00472,-7e-05,-1e-05,-2e-05
18.76,-0.00223,1e-05,-1e-05,-0.00022,0,-0,0.0001,-0,1e-05,-2e-05,0,-0,2e-05,-3e-05,1e-05,3e-05,-2e-05,0,-0,1e-05,-0.00011,0.00028,2e-05,0.00018,0,0,0,0.00028,0.00019,0.00021,-0.00525,-4e-05,-2e-05,-3e-05
18.78,-0.0021,0,-1e-05,-0.00018,0,-0,9e-05,-0,1e-05,-1e-05,0,-0,1e-05,-3e-05,1e-05,4e-05,-2e-05,0,-0,1e-05,-0.00014,0.00032,1e-05,0.0002,0,0,0,0.0005,0.00019,0.00023,-0.00562,-1e-05,-2e-05,-3e-05
18.8,-0.00192,0,-1e-05,-0.00014,-0,-0,8e-05,0,1e-05,-0,0,-0,1e-05,-4e-05,1e-05,4e-05,-2e-05,0,-0,1e-05,-0.00016,0.00035,-0,0.0002,0,0,0,0.00067,0.00018,0.00024,-0.00581,1e-05,-2e-05,-4e-05
18.82,-0.00172,0,-1e-05,-9e-05,-0,-0,7e-05,0,1e-05,1e-05,0,-0,1e-05,-5e-05,1e-05,4e-05,-2e-05,0,-0,1e-05,-0.00017,0.00036,-2e-05,0.00021,0,0,-0,0.00075,0.00017,0.00023,-0.00579,2e-05,-2e-05,-4e-05
18.84,-0.0015,0,-1e-05,-5e-05,-1e-05,-0,5e-05,1e-05,1e-05,2e-05,0,-0,0,-6e-05,1e-05,4e-05,-2e-05,0,-0,1e-05,-0.00017,0.00037,-3e-05,0.0002,1e-05,-0,-0,0.00074,0.00015,0.00019,-0.00558,3e-05,-2e-05,-4e-05
18.86,-0.00126,-0,-1e-05,-1e-05,-1e-05,-0,4e-05,1e-05,1e-05,2e-05,0,-0,0,-7e-05,1e-05,4e-05,-2e-05,0,-0,1e-05,-0.00015,0.00036,-4e-05,0.00019,1e-05,-0,-0,0.00061,0.00012,0.00012,-0.00518,2e-05,-2e-05,-3e-05
18.88,-0.00103,-0,-0,3e-05,-1e-05,-0,3e-05,1e-05,1e-05,3e-05,0,-0,-0,-8e-05,1e-05,4e-05,-1e-05,0,-0,1e-05,-0.00013,0.00034,-5e-05,0.00017,1e-05,-0,-0,0.00039,8e-05,3e-05,-0.00464,1e-05,-2e-05,-3e-05
18.9,-0.00079,-0,-0,5e-05,-1e-05,-0,3e-05,1e-05,1e-05,3e-05,0,-0,-0,-8e-05,1e-05,4e-05,-1e-05,0,-0,1e-05,-0.0001,0.00031,-5e-05,0.00016,1e-05,-0,-0,8e-05,3e-05,-7e-05,-0.00401,-1e-05,-1e-05,-2e-05
18.92,-0.00056,-0,-0,7e-05,-1e-05,-0,2e-05,1e-05,0,3e-05,0,-0,-1e-05,-8e-05,1e-05,3e-05,-0,0,-0,0,-6e-05,0.00028,-5e-05,0.00014,1e-05,-0,-0,-0.00029,-2e-05,-0.00019,-0.00336,-4e-05,-1e-05,-1e-05
18.94,-0.00036,-0,-0,9e-05,-1e-05,-0,3e-05,0,-1e-05,3e-05,0,-0,-1e-05,-7e-05,1e-05,2e-05,0,0,-0,0,-2e-05,0.00024,-5e-05,0.00012,1e-05,-0,-0,-0.00069,-7e-05,-0.00031,-0.00276,-8e-05,-0,0
18.96,-0.00017,-0,0,0.0001,-2e-05,-0,3e-05,0,-2e-05,3e-05,0,-0,-1e-05,-6e-05,1e-05,1e-05,1e-05,0,-0,0,3e-05,0.0002,-5e-05,0.0001,1e-05,-0,-0,-0.00109,-0.00013,-0.00042,-0.00223,-0.00011,0,1e-05
18.98,0,-0,0,0.00011,-2e-05,-0,5e-05,-0,-3e-05,2e-05,0,0,-1e-05,-4e-05,0,-0,1e-05,0,-0,0,7e-05,0.00016,-5e-05,9e-05,1e-05,-0,-0,-0.00148,-0.00018,-0.00052,-0.00181,-0.00015,1e-05,3e-05
19,0.00015,-0,0,0.00011,-2e-05,-0,6e-05,-1e-05,-4e-05,2e-05,0,0,-1e-05,-2e-05,-0,-1e-05,1e-05,0,-0,0,0.00011,0.00013,-5e-05,8e-05,1e-05,-0,-0,-0.00185,-0.00023,-0.00057,-0.00148,-0.00017,2e-05,4e-05
19.02,0.00028,-0,0,0.00012,-2e-05,-0,8e-05,-1e-05,-5e-05,2e-05,0,0,-1e-05,0,-0,-2e-05,1e-05,0,0,-0,0.00015,0.0001,-5e-05,7e-05,1e-05,-0,-0,-0.00216,-0.00028,-0.00056,-0.00123,-0.00019,2e-05,4e-05
19.04,0.00038,-0,0,0.00012,-2e-05,-0,9e-05,-1e-05,-6e-05,2e-05,0,0,-1e-05,2e-05,-1e-05,-3e-05,1e-05,0,0,-0,0.00019,8e-05,-5e-05,6e-05,1e-05,-0,-0,-0.00243,-0.00032,-0.00049,-0.00103,-0.00018,2e-05,5e-05
19.06,0.00045,-0,0,0.00011,-1e-05,-0,0.0001,-1e-05,-6e-05,2e-05,0,0,-1e-05,3e-05,-1e-05,-4e-05,1e-05,0,0,-0,0.00024,6e-05,-5e-05,6e-05,1e-05,-0,-0,-0.00262,-0.00035,-0.00038,-0.00085,-0.00016,3e-05,5e-05
19.08,0.00051,-0,0,0.00011,-1e-05,-0,0.0001,-1e-05,-6e-05,2e-05,0,0,-1e-05,4e-05,-1e-05,-4e-05,1e-05,0,0,-0,0.00028,5e-05,-6e-05,6e-05,1e-05,-0,-0,-0.00277,-0.00036,-0.00025,-0.00069,-0.00013,3e-05,5e-05
19.1,0.00056,0,-0,0.00011,-1e-05,-0,0.0001,-1e-05,-5e-05,2e-05,0,0,-1e-05,4e-05,-1e-05,-4e-05,1e-05,0,0,-0,0.00032,3e-05,-6e-05,5e-05,1e-05,-0,-0,-0.00286,-0.00037,-0.00012,-0.00051,-0.0001,3e-05,4e-05
19.12,0.00059,0,-0,0.0001,-1e-05,-0,9e-05,-1e-05,-5e-05,2e-05,0,0,-1e-05,4e-05,-1e-05,-3e-05,1e-05,0,0,-0,0.00036,2e-05,-6e-05,5e-05,1e-05,-0,-0,-0.0029,-0.00038,-2e-05,-0.00032,-7e-05,3e-05,4e-05
19.14,0.00061,1e-05,-0,9e-05,-0,-0,8e-05,-0,-4e-05,2e-05,0,-0,-1e-05,3e-05,-1e-05,-3e-05,1e-05,0,0,-0,0.0004,1e-05,-6e-05,5e-05,1e-05,-0,-0,-0.00289,-0.0004,4e-05,-0.00011,-5e-05,3e-05,4e-05
19.16,0.00063,1e-05,-0,8e-05,-0,-0,7e-05,-0,-3e-05,2e-05,0,-0,-0,2e-05,-1e-05,-2e-05,1e-05,0,0,-0,0.00045,-0,-5e-05,4e-05,1e-05,-0,-0,-0.00284,-0.00042,7e-05,0.00011,-5e-05,3e-05,5e-05
19.18,0.00064,1e-05,-0,7e-05,0,-0,6e-05,0,-1e-05,2e-05,0,-0,-0,2e-05,-0,-2e-05,1e-05,0,-0,-0,0.00049,-2e-05,-4e-05,3e-05,1e-05,-0,-0,-0.00272,-0.00044,8e-05,0.00031,-5e-05,3e-05,5e-05
19.2,0.00067,1e-05,-0,6e-05,1e-05,-0,5e-05,1e-05,-0,2e-05,0,-0,-0,1e-05,-0,-1e-05,1e-05,0,-0,-0,0.00053,-3e-05,-3e-05,2e-05,1e-05,-0,-0,-0.0025,-0.00043,7e-05,0.00048,-6e-05,3e-05,5e-05
19.22,0.0007,2e-05,-0,5e-05,1e-05,-0,4e-05,1e-05,1e-05,2e-05,0,-0,-0,1e-05,-0,-1e-05,1e-05,0,-0,-0,0.00057,-4e-05,-2e-05,1e-05,1e-05,-0,-0,-0.00219,-0.00041,5e-05,0.00058,-6e-05,3e-05,5e-05
19.24,0.00074,2e-05,-0,4e-05,1e-05,-0,4e-05,1e-05,1e-05,3e-05,0,-0,0,2e-05,-0,-1e-05,1e-05,0,-0,-0,0.00061,-6e-05,-1e-05,-1e-05,1e-05,-0,-0,-0.00179,-0.00035,4e-05,0.0006,-5e-05,2e-05,4e-05
19.26,0.00078,2e-05,-0,3e-05,1e-05,-0,4e-05,1e-05,1e-05,3e-05,0,-0,0,2e-05,-0,-1e-05,2e-05,0,-0,-0,0.00064,-7e-05,-0,-2e-05,1e-05,-0,-0,-0.00136,-0.00025,3e-05,0.00055,-4e-05,2e-05,3e-05
19.28,0.00084,2e-05,-0,2e-05,2e-05,-0,5e-05,1e-05,1e-05,3e-05,0,-0,0,3e-05,-0,-2e-05,2e-05,0,-0,-0,0.00066,-8e-05,1e-05,-3e-05,1e-05,-0,-0,-0.00093,-0.00015,2e-05,0.00045,-3e-05,1e-05,2e-05
19.3,0.0009,2e-05,-0,2e-05,2e-05,-0,6e-05,1e-05,0,3e-05,0,-0,0,4e-05,-0,-3e-05,2e-05,0,-0,-0,0.00067,-9e-05,2e-05,-4e-05,1e-05,-0,-0,-0.00055,-6e-05,2e-05,0.00031,-2e-05,1e-05,1e-05
19.32,0.00096,2e-05,-0,1e-05,2e-05,-0,7e-05,0,-0,3e-05,0,-0,0,5e-05,-0,-3e-05,2e-05,0,-0,-0,0.00067,-0.00011,4e-05,-5e-05,1e-05,-0,-0,-0.00024,1e-05,1e-05,0.00017,-1e-05,0,1e-05
19.34,0.001,2e-05,0,1e-05,2e-05,-0,8e-05,0,-1e-05,3e-05,0,-0,0,6e-05,-0,-4e-05,2e-05,0,-0,-1e-05,0.00065,-0.00013,5e-05,-5e-05,1e-05,-0,-0,-1e-05,5e-05,1e-05,4e-05,-0,-0,0
19.36,0.00104,2e-05,0,1e-05,2e-05,-0,0.0001,-0,-2e-05,4e-05,0,-0,0,6e-05,-0,-4e-05,3e-05,0,-0,-1e-05,0.00062,-0.00015,8e-05,-4e-05,1e-05,0,-0,0.00015,6e-05,1e-05,-7e-05,0,-0,-0
19.38,0.00106,3e-05,0,2e-05,2e-05,-0,0.00011,-0,-3e-05,4e-05,0,-0,0,6e-05,-0,-4e-05,2e-05,0,-0,-1e-05,0.00058,-0.00018,0.0001,-2e-05,0,0,0,0.0002,4e-05,0,-0.00011,0,-0,-0
19.4,0.00107,4e-05,0,2e-05,2e-05,-0,0.00012,-0,-3e-05,4e-05,0,-0,-0,6e-05,-0,-4e-05,2e-05,0,-0,-1e-05,0.00051,-0.0002,0.00013,0,0,0,0,0.00019,2e-05,-0,-0.00011,0,-0,-0
19.42,0.00107,5e-05,0,2e-05,1e-05,-0,0.00013,-1e-05,-4e-05,4e-05,0,-0,-0,5e-05,0,-3e-05,2e-05,0,0,-1e-05,0.00043,-0.00022,0.00015,3e-05,-0,0,0,0.00018,-1e-05,-0,-0.0001,0,-0,-0
19.44,0.00104,6e-05,0,2e-05,1e-05,-0,0.00015,-1e-05,-4e-05,4e-05,0,-0,-0,5e-05,0,-2e-05,2e-05,0,0,-1e-05,0.00035,-0.00023,0.00018,7e-05,-0,1e-05,0,0.00017,-4e-05,-0,-0.0001,1e-05,-0,-0
19.46,0.001,8e-05,1e-05,2e-05,1e-05,-0,0.00016,-1e-05,-4e-05,5e-05,-0,-0,-0,5e-05,1e-05,-2e-05,2e-05,0,0,-1e-05,0.00025,-0.00023,0.0002,0.00011,-1e-05,1e-05,0,0.00016,-6e-05,0,-9e-05,1e-05,-0,-0
19.48,0.00094,9e-05,1e-05,1e-05,0,-0,0.00017,-1e-05,-4e-05,5e-05,-0,0,-0,4e-05,1e-05,-1e-05,2e-05,0,0,-1e-05,0.00015,-0.00022,0.00021,0.00016,-1e-05,1e-05,0,0.00015,-9e-05,-0,-7e-05,1e-05,-0,-0
19.5,0.00084,9e-05,1e-05,0,0,-0,0.00017,-1e-05,-4e-05,5e-05,-0,0,-0,4e-05,1e-05,-0,2e-05,0,0,-0,6e-05,-0.00021,0.00021,0.0002,-1e-05,1e-05,0,0.00014,-0.0001,-0,-6e-05,1e-05,-0,-0
19.52,0.00071,9e-05,1e-05,-1e-05,0,-0,0.00016,-1e-05,-4e-05,4e-05,-0,0,-0,4e-05,1e-05,-0,2e-05,0,0,-0,-1e-05,-0.00019,0.00021,0.00024,-1e-05,1e-05,0,0.00013,-0.0001,-1e-05,-5e-05,1e-05,-0,-0
19.54,0.00054,7e-05,1e-05,-2e-05,-0,-0,0.00013,-1e-05,-3e-05,4e-05,-0,0,-0,4e-05,1e-05,-0,1e-05,0,0,-0,-7e-05,-0.00018,0.00019,0.00027,-1e-05,1e-05,0,0.00013,-8e-05,-1e-05,-4e-05,1e-05,-0,-0
19.56,0.00035,2e-05,1e-05,-4e-05,-0,-0,9e-05,-1e-05,-2e-05,2e-05,-0,0,0,4e-05,0,-1e-05,1e-05,0,0,-0,-0.0001,-0.00018,0.00016,0.00029,-1e-05,1e-05,0,0.00013,-4e-05,-2e-05,-3e-05,1e-05,-0,-0
19.58,0.00014,-6e-05,0,-5e-05,-0,-0,3e-05,-0,-1e-05,1e-05,-0,0,0,4e-05,-0,-1e-05,0,0,0,-0,-0.0001,-0.00017,0.00011,0.00029,-0,1e-05,0,0.00013,2e-05,-2e-05,-3e-05,1e-05,-0,-0
19.6,-6e-05,-0.00015,0,-7e-05,-0,0,-3e-05,-0,1e-05,-1e-05,-0,0,1e-05,4e-05,-1e-05,-2e-05,-1e-05,0,-0,-0,-9e-05,-0.00016,5e-05,0.00028,0,0,0,0.00014,8e-05,-3e-05,-4e-05,1e-05,-0,-0
19.62,-0.00021,-0.00023,0,-8e-05,-0,0,-9e-05,-0,2e-05,-2e-05,-0,0,1e-05,4e-05,-2e-05,-3e-05,-1e-05,0,-0,-0,-6e-05,-0.00015,-0,0.00025,0,0,0,0.00015,0.00013,-3e-05,-4e-05,1e-05,-0,-0
19.64,-0.0003,-0.00029,-0,-8e-05,-0,0,-0.00013,-0,3e-05,-3e-05,-0,0,1e-05,4e-05,-2e-05,-3e-05,-2e-05,0,-0,-0,-4e-05,-0.00012,-5e-05,0.00023,1e-05,-0,-0,0.00015,0.00017,-3e-05,-5e-05,0,-0,-0
19.66,-0.00032,-0.00033,-0,-8e-05,-1e-05,0,-0.00016,-0,3e-05,-3e-05,-0,0,1e-05,4e-05,-2e-05,-4e-05,-2e-05,0,-0,-0,-2e-05,-9e-05,-9e-05,0.0002,1e-05,-0,-0,0.00015,0.00019,-2e-05,-5e-05,0,-0,-0
19.68,-0.00026,-0.00034,-0,-7e-05,-1e-05,0,-0.00017,0,3e-05,-3e-05,-0,0,1e-05,4e-05,-3e-05,-4e-05,-2e-05,0,-0,-0,-2e-05,-4e-05,-0.00012,0.00018,1e-05,-0,-0,0.00015,0.00019,-1e-05,-6e-05,0,-0,-0
19.7,-0.00016,-0.00033,-0,-6e-05,-0,0,-0.00017,0,2e-05,-2e-05,-0,0,1e-05,3e-05,-2e-05,-4e-05,-2e-05,0,-0,-0,-2e-05,0,-0.00014,0.00017,1e-05,-0,-0,0.00015,0.00017,-0,-7e-05,-0,-0,-0
19.72,-3e-05,-0.0003,0,-4e-05,-0,0,-0.00016,0,2e-05,-1e-05,-0,0,0,3e-05,-2e-05,-3e-05,-2e-05,0,-0,-0,-3e-05,4e-05,-0.00015,0.00016,1e-05,-0,-0,0.00014,0.00014,0,-7e-05,-0,0,0
19.74,0.0001,-0.00027,0,-3e-05,-0,0,-0.00013,0,1e-05,-0,-0,0,-0,3e-05,-2e-05,-3e-05,-1e-05,0,-0,-1e-05,-5e-05,6e-05,-0.00015,0.00015,1e-05,-0,-0,0.00013,0.0001,1e-05,-7e-05,-0,0,0
19.76,0.00021,-0.00023,0,-1e-05,-0,0,-0.00011,0,-1e-05,1e-05,-0,0,-1e-05,2e-05,-2e-05,-2e-05,-1e-05,0,0,-1e-05,-7e-05,7e-05,-0.00014,0.00015,1e-05,-0,-0,0.00011,7e-05,2e-05,-7e-05,-0,0,0
19.78,0.0003,-0.00019,-0,0,0,0,-9e-05,0,-2e-05,2e-05,-0,0,-1e-05,2e-05,-1e-05,-2e-05,-1e-05,-0,0,-1e-05,-0.0001,6e-05,-0.00013,0.00014,1e-05,-0,-0,9e-05,4e-05,2e-05,-7e-05,-0,0,0
19.8,0.00036,-0.00015,-0,1e-05,0,0,-6e-05,0,-3e-05,3e-05,-0,0,-1e-05,1e-05,-1e-05,-1e-05,-0,-0,0,-1e-05,-0.00013,4e-05,-0.00011,0.00014,1e-05,-0,-0,7e-05,2e-05,2e-05,-6e-05,-0,0,0
19.82,0.00038,-0.00012,-0,2e-05,0,0,-4e-05,0,-4e-05,3e-05,-0,0,-1e-05,1e-05,-1e-05,-1e-05,-0,-0,0,-1e-05,-0.00016,2e-05,-8e-05,0.00014,1e-05,-0,-0,5e-05,1e-05,2e-05,-5e-05,-0,0,0
19.84,0.00036,-9e-05,-1e-05,2e-05,1e-05,0,-2e-05,0,-5e-05,4e-05,-0,0,-1e-05,0,-1e-05,-0,-0,-0,0,-1e-05,-0.00018,-1e-05,-6e-05,0.00014,1e-05,-0,-0,2e-05,0,1e-05,-4e-05,-0,0,0
19.86,0.00032,-7e-05,-1e-05,2e-05,1e-05,0,-1e-05,0,-5e-05,4e-05,-0,0,-1e-05,-0,-1e-05,0,-0,-0,0,-1e-05,-0.0002,-4e-05,-4e-05,0.00013,1e-05,-0,-0,-0,0,1e-05,-2e-05,-0,0,0
19.88,0.00025,-5e-05,-1e-05,1e-05,1e-05,0,0,0,-5e-05,4e-05,-0,0,-1e-05,-1e-05,-0,1e-05,-0,-0,0,-1e-05,-0.00021,-7e-05,-3e-05,0.00013,1e-05,-0,-0,-2e-05,1e-05,1e-05,-0,-0,0,0
19.9,0.00017,-4e-05,-1e-05,0,1e-05,0,1e-05,0,-5e-05,4e-05,-0,0,-1e-05,-1e-05,-0,1e-05,-0,-0,0,-1e-05,-0.00021,-9e-05,-2e-05,0.00012,1e-05,-0,-0,-4e-05,1e-05,1e-05,2e-05,-0,0,0
19.92,9e-05,-2e-05,-1e-05,-1e-05,1e-05,0,2e-05,0,-4e-05,4e-05,-0,0,-1e-05,-1e-05,-0,1e-05,-1e-05,-0,0,-0,-0.0002,-0.0001,-1e-05,0.00012,0,-0,-0,-6e-05,2e-05,1e-05,4e-05,-0,0,0
19.94,2e-05,-1e-05,-1e-05,-2e-05,1e-05,0,3e-05,0,-3e-05,3e-05,-0,0,-1e-05,-2e-05,-0,1e-05,-1e-05,-0,0,-0,-0.00018,-0.00011,-1e-05,0.00011,0,-0,-0,-7e-05,3e-05,1e-05,5e-05,-0,0,0
19.96,-4e-05,1e-05,-1e-05,-4e-05,1e-05,0,3e-05,-0,-3e-05,3e-05,-0,0,-1e-05,-2e-05,-0,1e-05,-1e-05,0,0,-0,-0.00015,-0.0001,-2e-05,0.0001,0,-0,-0,-8e-05,4e-05,2e-05,7e-05,-0,0,0
19.98,-7e-05,2e-05,-1e-05,-5e-05,1e-05,0,3e-05,-0,-2e-05,2e-05,-0,-0,-0,-2e-05,-0,1e-05,-1e-05,0,0,0,-0.00011,-0.0001,-2e-05,9e-05,0,-0,-0,-6e-05,4e-05,2e-05,5e-05,-0,0,0
20,-8e-05,3e-05,-1e-05,-6e-05,1e-05,0,4e-05,-1e-05,-1e-05,2e-05,0,-0,-0,-2e-05,-0,1e-05,-1e-05,0,-0,0,-7e-05,-9e-05,-3e-05,8e-05,0,-0,-0,0,3e-05,2e-05,-4e-05,0,-0,-0
20.02,-5e-05,5e-05,-0,-6e-05,1e-05,0,4e-05,-1e-05,0,1e-05,0,-0,-0,-2e-05,-0,1e-05,-1e-05,0,-0,0,-2e-05,-7e-05,-4e-05,6e-05,0,-0,-0,7e-05,0,1e-05,-0.00019,0,-0,-0
20.04,1e-05,6e-05,-0,-6e-05,1e-05,0,4e-05,-1e-05,1e-05,1e-05,0,-0,-0,-1e-05,-0,1e-05,-0,0,-0,0,4e-05,-6e-05,-5e-05,5e-05,1e-05,-0,-0,0.00014,-4e-05,-0,-0.00039,0,-0,-0
20.06,0.0001,7e-05,0,-6e-05,1e-05,0,4e-05,-1e-05,2e-05,1e-05,0,-0,-0,-1e-05,-0,1e-05,0,0,-0,0,9e-05,-4e-05,-5e-05,3e-05,1e-05,-0,-0,0.00018,-9e-05,-1e-05,-0.00064,0,-0,-0
20.08,0.00021,8e-05,0,-4e-05,0,0,3e-05,-2e-05,2e-05,1e-05,0,-0,-0,-1e-05,-0,0,0,0,-0,-0,0.00015,-3e-05,-6e-05,1e-05,1e-05,-0,-0,0.00016,-0.00016,-2e-05,-0.00092,0,-0,-0
20.1,0.00034,9e-05,0,-2e-05,0,0,3e-05,-2e-05,3e-05,1e-05,0,-1e-05,-1e-05,-1e-05,-0,0,1e-05,0,-0,-0,0.00022,-2e-05,-6e-05,-2e-05,0,-0,-0,7e-05,-0.00026,-2e-05,-0.0012,-1e-05,-0,0
20.12,0.00046,9e-05,0,-0,0,-0,2e-05,-2e-05,3e-05,1e-05,0,-1e-05,-1e-05,-0,0,0,1e-05,0,-0,-0,0.00028,-1e-05,-6e-05,-4e-05,0,-0,-0,-0.00011,-0.00036,-2e-05,-0.00144,-2e-05,0,0
20.14,0.00058,9e-05,0,2e-05,0,-0,1e-05,-2e-05,3e-05,1e-05,0,-1e-05,-1e-05,-0,0,-0,2e-05,0,-0,-0,0.00034,-1e-05,-7e-05,-7e-05,0,-0,-0,-0.00038,-0.00047,-1e-05,-0.00161,-3e-05,0,1e-05
20.16,0.00068,8e-05,0,3e-05,0,-0,-0,-2e-05,3e-05,1e-05,0,-0,-1e-05,-0,0,-0,2e-05,0,-0,-1e-05,0.0004,-1e-05,-7e-05,-9e-05,0,-0,-0,-0.00071,-0.00057,-1e-05,-0.00169,-4e-05,1e-05,1e-05
20.18,0.00076,7e-05,0,5e-05,-0,-0,-1e-05,-2e-05,3e-05,0,-0,-0,-1e-05,-0,0,-1e-05,2e-05,0,-0,-1e-05,0.00045,-1e-05,-8e-05,-0.00011,0,-0,-0,-0.00107,-0.00063,-1e-05,-0.00168,-5e-05,1e-05,1e-05
20.2,0.00082,6e-05,0,6e-05,-0,-0,-2e-05,-2e-05,2e-05,-0,-0,-0,-1e-05,-0,0,-1e-05,2e-05,0,-0,-1e-05,0.0005,-2e-05,-8e-05,-0.00013,0,-0,-0,-0.0014,-0.00066,-2e-05,-0.00159,-6e-05,1e-05,1e-05
20.22,0.00085,5e-05,0,7e-05,-0,-0,-3e-05,-2e-05,2e-05,-1e-05,-0,-0,-1e-05,-1e-05,0,-1e-05,2e-05,0,-0,-1e-05,0.00053,-3e-05,-7e-05,-0.00015,0,-0,-0,-0.00168,-0.00064,-3e-05,-0.00145,-6e-05,1e-05,1e-05
20.24,0.00086,4e-05,0,8e-05,-0,-0,-4e-05,-1e-05,2e-05,-2e-05,-0,-0,-1e-05,-1e-05,0,-2e-05,2e-05,0,-0,-1e-05,0.00054,-5e-05,-7e-05,-0.00015,0,-0,-0,-0.00186,-0.00057,-6e-05,-0.00127,-6e-05,0,1e-05
20.26,0.00085,4e-05,-0,8e-05,-0,-0,-4e-05,-1e-05,1e-05,-2e-05,-0,-0,-1e-05,-1e-05,0,-2e-05,2e-05,0,-0,-1e-05,0.00053,-6e-05,-6e-05,-0.00015,0,-0,-0,-0.00192,-0.00046,-9e-05,-0.00108,-6e-05,-0,0
20.28,0.00082,3e-05,-0,8e-05,-0,-0,-3e-05,-1e-05,1e-05,-3e-05,-0,-0,-0,-2e-05,-0,-2e-05,2e-05,0,-0,-1e-05,0.00049,-8e-05,-5e-05,-0.00014,0,-0,-0,-0.00187,-0.00032,-0.00012,-0.0009,-5e-05,-1e-05,-1e-05
20.3,0.00078,3e-05,-0,8e-05,-0,-0,-3e-05,-1e-05,0,-3e-05,-0,-0,-0,-2e-05,-0,-2e-05,2e-05,0,-0,-1e-05,0.00044,-9e-05,-3e-05,-0.00012,0,-0,-0,-0.00171,-0.00015,-0.00014,-0.00073,-5e-05,-1e-05,-1e-05
20.32,0.00071,3e-05,-0,8e-05,-0,-0,-1e-05,-1e-05,-0,-3e-05,-0,-0,-0,-3e-05,-0,-2e-05,2e-05,0,-0,-0,0.00037,-0.0001,-2e-05,-9e-05,0,-0,-0,-0.00146,1e-05,-0.00015,-0.00059,-4e-05,-1e-05,-2e-05
20.34,0.00064,3e-05,-0,7e-05,-0,-0,0,-1e-05,-1e-05,-3e-05,-0,-0,-0,-3e-05,-0,-2e-05,2e-05,-0,-0,-0,0.00028,-0.0001,-1e-05,-6e-05,-0,-0,0,-0.00114,0.00017,-0.00016,-0.00049,-4e-05,-1e-05,-2e-05
20.36,0.00056,3e-05,-0,6e-05,0,-0,2e-05,-1e-05,-2e-05,-2e-05,-0,0,-0,-3e-05,-0,-2e-05,2e-05,-0,0,-0,0.0002,-9e-05,1e-05,-4e-05,-0,0,0,-0.00077,0.00032,-0.00015,-0.00043,-3e-05,-2e-05,-2e-05
20.38,0.00048,3e-05,-0,4e-05,0,-0,4e-05,-1e-05,-2e-05,-2e-05,-0,0,-0,-3e-05,-0,-2e-05,2e-05,-0,0,-0,0.00011,-8e-05,2e-05,-1e-05,-0,0,0,-0.00036,0.00048,-0.00015,-0.00042,-3e-05,-2e-05,-2e-05
20.4,0.00041,3e-05,-0,3e-05,-0,-0,6e-05,-1e-05,-3e-05,-1e-05,-0,0,-0,-2e-05,-0,-2e-05,2e-05,-0,0,-0,3e-05,-5e-05,3e-05,2e-05,-0,0,0,7e-05,0.00066,-0.00014,-0.00044,-2e-05,-2e-05,-2e-05
20.42,0.00036,4e-05,-0,2e-05,-0,-0,8e-05,-1e-05,-4e-05,-1e-05,-0,0,-0,-1e-05,-0,-2e-05,2e-05,-0,0,-0,-5e-05,-2e-05,4e-05,4e-05,-1e-05,0,0,0.00051,0.00088,-0.00014,-0.00051,-1e-05,-2e-05,-2e-05
20.44,0.00034,5e-05,-0,1e-05,-0,0,0.0001,-1e-05,-4e-05,0,-0,0,-1e-05,0,0,-2e-05,2e-05,-0,0,-0,-0.0001,3e-05,4e-05,5e-05,-1e-05,0,0,0.00094,0.00116,-0.00015,-0.00061,-0,-2e-05,-3e-05
20.46,0.00036,6e-05,-0,1e-05,-0,0,0.00011,-1e-05,-5e-05,1e-05,-0,0,-1e-05,2e-05,0,-2e-05,3e-05,-0,0,-0,-0.00013,8e-05,4e-05,6e-05,-1e-05,0,0,0.00133,0.00149,-0.00015,-0.00073,1e-05,-2e-05,-3e-05
20.48,0.00043,7e-05,-0,2e-05,-0,0,0.00013,-1e-05,-5e-05,2e-05,-0,0,-1e-05,4e-05,1e-05,-2e-05,3e-05,-0,0,-1e-05,-0.00015,0.00015,4e-05,6e-05,-1e-05,0,0,0.00164,0.00183,-0.00016,-0.00086,3e-05,-3e-05,-4e-05
20.5,0.00054,9e-05,0,3e-05,-0,-0,0.00015,-1e-05,-5e-05,3e-05,-0,0,-1e-05,6e-05,1e-05,-1e-05,4e-05,-0,0,-1e-05,-0.00014,0.00023,4e-05,5e-05,-0,0,0,0.00183,0.00216,-0.00015,-0.00097,2e-05,-3e-05,-4e-05
20.52,0.00069,0.00012,0,5e-05,0,-0,0.00016,-1e-05,-6e-05,4e-05,-0,0,-1e-05,8e-05,2e-05,-1e-05,5e-05,-0,0,-1e-05,-0.00012,0.00033,3e-05,3e-05,-0,0,0,0.00185,0.00241,-0.00011,-0.00103,1e-05,-2e-05,-3e-05
20.54,0.00089,0.00015,0,8e-05,0,-0,0.00018,-2e-05,-6e-05,5e-05,-0,0,-1e-05,0.0001,2e-05,-1e-05,6e-05,-0,0,-1e-05,-7e-05,0.00043,2e-05,2e-05,-0,0,0,0.00166,0.00254,-6e-05,-0.00101,-4e-05,-1e-05,-2e-05
20.56,0.00113,0.00019,0,0.00011,0,-0,0.00019,-2e-05,-6e-05,6e-05,-0,0,-2e-05,0.00012,3e-05,-1e-05,7e-05,-0,0,-1e-05,-1e-05,0.00054,0,-0,-0,0,0,0.00124,0.00254,-1e-05,-0.0009,-0.00011,-0,1e-05
20.58,0.00139,0.00023,1e-05,0.00015,1e-05,-0,0.0002,-2e-05,-6e-05,6e-05,-0,-0,-2e-05,0.00013,4e-05,-1e-05,9e-05,-0,0,-1e-05,7e-05,0.00064,-1e-05,-3e-05,0,0,0,0.00058,0.0024,1e-05,-0.00067,-0.0002,1e-05,3e-05
20.6,0.00166,0.00027,1e-05,0.00019,1e-05,-0,0.00019,-2e-05,-6e-05,7e-05,-0,-0,-2e-05,0.00015,4e-05,-1e-05,0.0001,-0,0,-2e-05,0.00016,0.00071,-3e-05,-6e-05,0,0,-0,-0.00028,0.00213,2e-05,-0.00033,-0.00029,3e-05,7e-05
20.62,0.00189,0.00031,1e-05,0.00022,1e-05,-0,0.00018,-3e-05,-6e-05,6e-05,-0,-0,-2e-05,0.00015,4e-05,-1e-05,0.00011,-0,0,-2e-05,0.00028,0.00074,-4e-05,-9e-05,0,-0,-0,-0.00134,0.00174,3e-05,0.00013,-0.00038,5e-05,9e-05
20.64,0.00208,0.00033,1e-05,0.00025,2e-05,-0,0.00014,-3e-05,-5e-05,5e-05,-0,-0,-2e-05,0.00016,5e-05,-1e-05,0.00012,-0,0,-2e-05,0.00041,0.00072,-5e-05,-0.00013,0,-0,-0,-0.0026,0.00126,5e-05,0.0007,-0.00045,6e-05,0.00012
20.66,0.00223,0.00033,1e-05,0.00028,2e-05,-0,9e-05,-3e-05,-4e-05,4e-05,-0,-0,-2e-05,0.00015,4e-05,-2e-05,0.00012,-0,0,-2e-05,0.00055,0.00064,-5e-05,-0.00017,0,-0,-0,-0.00402,0.00069,7e-05,0.00137,-0.00048,7e-05,0.00013
20.68,0.00234,0.00031,0,0.0003,2e-05,-0,2e-05,-3e-05,-3e-05,1e-05,-0,-0,-1e-05,0.00015,3e-05,-3e-05,0.00012,-0,0,-2e-05,0.00071,0.0005,-5e-05,-0.00022,0,-0,-0,-0.00553,7e-05,9e-05,0.00211,-0.00049,8e-05,0.00014
20.7,0.00241,0.00025,-0,0.00031,3e-05,-0,-6e-05,-3e-05,-2e-05,-2e-05,-0,-0,-1e-05,0.00014,2e-05,-4e-05,0.00012,-0,0,-2e-05,0.00089,0.00031,-4e-05,-0.00028,0,-0,-0,-0.00712,-0.00055,0.0001,0.00289,-0.00046,7e-05,0.00013
20.72,0.00244,0.00018,-0,0.00032,3e-05,-0,-0.00014,-3e-05,-1e-05,-5e-05,-0,-0,-0,0.00012,1e-05,-5e-05,0.00011,-0,0,-2e-05,0.00107,8e-05,-3e-05,-0.00033,0,-0,-0,-0.00877,-0.00113,9e-05,0.00368,-0.0004,7e-05,0.00012
20.74,0.00246,0.0001,-1e-05,0.00032,3e-05,-0,-0.00021,-2e-05,-0,-8e-05,-0,-0,0,0.00011,-1e-05,-6e-05,9e-05,-0,0,-2e-05,0.00127,-0.00017,-2e-05,-0.00039,-0,-0,-0,-0.01038,-0.00162,7e-05,0.00442,-0.00032,5e-05,9e-05
20.76,0.00247,2e-05,-1e-05,0.00032,3e-05,-0,-0.00028,-2e-05,1e-05,-0.00011,-0,-0,1e-05,9e-05,-2e-05,-7e-05,8e-05,-0,-0,-2e-05,0.00146,-0.00042,-1e-05,-0.00044,-0,-0,-0,-0.01187,-0.002,5e-05,0.00509,-0.00022,4e-05,6e-05
20.78,0.0025,-3e-05,-0,0.00032,2e-05,-0,-0.00033,-2e-05,1e-05,-0.00013,-0,-0,1e-05,8e-05,-4e-05,-7e-05,6e-05,0,-0,-2e-05,0.00164,-0.00065,0,-0.00049,-1e-05,-0,-0,-0.01317,-0.00225,4e-05,0.00567,-0.00011,2e-05,3e-05
20.8,0.00252,-6e-05,1e-05,0.00033,2e-05,-0,-0.00037,-2e-05,1e-05,-0.00015,-0,-0,2e-05,7e-05,-5e-05,-8e-05,4e-05,0,-0,-2e-05,0.00182,-0.00086,2e-05,-0.00053,-1e-05,-0,-0,-0.01432,-0.00237,2e-05,0.00614,0,-0,-1e-05
20.82,0.00252,-6e-05,1e-05,0.00033,2e-05,-0,-0.00039,-2e-05,1e-05,-0.00016,-0,-0,2e-05,5e-05,-6e-05,-8e-05,3e-05,0,-0,-2e-05,0.00199,-0.00102,3e-05,-0.00056,-1e-05,-0,-0,-0.01532,-0.00233,0,0.0065,0.00011,-2e-05,-4e-05
20.84,0.0025,-4e-05,2e-05,0.00033,1e-05,-0,-0.00039,-1e-05,1e-05,-0.00015,-0,-0,2e-05,4e-05,-6e-05,-8e-05,2e-05,0,-0,-2e-05,0.00212,-0.00111,4e-05,-0.00057,-1e-05,-0,-0,-0.01612,-0.00215,0,0.00674,0.0002,-4e-05,-7e-05
20.86,0.00248,-1e-05,3e-05,0.00034,1e-05,-0,-0.00037,-1e-05,1e-05,-0.00015,-0,-0,1e-05,3e-05,-6e-05,-8e-05,1e-05,0,-0,-2e-05,0.00221,-0.00115,6e-05,-0.00056,-1e-05,-0,-0,-0.01663,-0.00186,1e-05,0.00684,0.00027,-6e-05,-0.0001
20.88,0.00243,2e-05,3e-05,0.00034,1e-05,-0,-0.00035,-1e-05,0,-0.00013,-0,-0,1e-05,2e-05,-5e-05,-7e-05,1e-05,-0,-0,-2e-05,0.00224,-0.00113,7e-05,-0.00054,-1e-05,-0,-0,-0.01687,-0.00149,4e-05,0.00681,0.00033,-7e-05,-0.00012
20.9,0.00235,5e-05,4e-05,0.00034,1e-05,-0,-0.00032,-1e-05,0,-0.00011,-0,-0,1e-05,1e-05,-5e-05,-6e-05,1e-05,-0,0,-2e-05,0.00222,-0.00108,8e-05,-0.00051,-1e-05,-0,0,-0.01687,-0.00109,7e-05,0.00667,0.00036,-8e-05,-0.00014
20.92,0.00224,6e-05,4e-05,0.00034,0,-0,-0.00028,-1e-05,-0,-9e-05,-0,-0,0,1e-05,-4e-05,-6e-05,1e-05,-0,0,-2e-05,0.00216,-0.001,9e-05,-0.00048,-1e-05,0,0,-0.01667,-0.00071,9e-05,0.00643,0.00039,-8e-05,-0.00015
20.94,0.00209,7e-05,4e-05,0.00033,0,-0,-0.00025,-1e-05,-0,-8e-05,-0,0,-0,1e-05,-3e-05,-5e-05,2e-05,-0,0,-2e-05,0.00205,-0.00092,0.00011,-0.00044,-1e-05,0,0,-0.01627,-0.0004,0.00012,0.00613,0.00039,-9e-05,-0.00016
20.96,0.00191,6e-05,3e-05,0.00031,0,-0,-0.00022,-1e-05,-0,-6e-05,-0,0,-1e-05,1e-05,-2e-05,-4e-05,2e-05,-0,0,-2e-05,0.00193,-0.00084,0.00012,-0.0004,-1e-05,0,0,-0.01568,-0.00016,0.00013,0.00575,0.00039,-9e-05,-0.00016
20.98,0.0017,6e-05,3e-05,0.00029,-0,-0,-0.00019,-0,-0,-5e-05,-0,0,-1e-05,1e-05,-2e-05,-3e-05,2e-05,-0,0,-2e-05,0.00178,-0.00076,0.00012,-0.00036,-1e-05,0,0,-0.01492,-1e-05,0.00014,0.00531,0.00037,-8e-05,-0.00015
21,0.00149,5e-05,2e-05,0.00026,-0,-0,-0.00017,0,-0,-4e-05,-0,0,-1e-05,1e-05,-1e-05,-2e-05,2e-05,-0,0,-2e-05,0.00161,-0.00067,0.00012,-0.00032,-1e-05,0,0,-0.01399,8e-05,0.00013,0.00482,0.00035,-8e-05,-0.00014
21.02,0.00129,5e-05,1e-05,0.00022,-0,-0,-0.00015,1e-05,-0,-4e-05,-0,0,-1e-05,1e-05,-1e-05,-2e-05,1e-05,-0,0,-2e-05,0.00142,-0.00057,0.00012,-0.00028,-1e-05,0,0,-0.01289,0.00012,0.0001,0.00427,0.00032,-7e-05,-0.00013
21.04,0.00111,5e-05,1e-05,0.00019,-0,-0,-0.00014,2e-05,0,-3e-05,-0,0,-1e-05,1e-05,-0,-1e-05,1e-05,-0,0,-1e-05,0.00122,-0.00046,0.00011,-0.00024,-1e-05,0,0,-0.01165,0.00012,7e-05,0.00369,0.00029,-7e-05,-0.00011
21.06,0.00092,5e-05,0,0.00015,0,-0,-0.00013,3e-05,0,-3e-05,-0,0,-1e-05,-0,-0,-1e-05,0,-0,0,-1e-05,0.001,-0.00034,9e-05,-0.0002,-0,0,0,-0.01033,0.00011,3e-05,0.00308,0.00026,-6e-05,-0.0001
21.08,0.00075,5e-05,-0,0.0001,0,-0,-0.00012,4e-05,0,-3e-05,-0,0,-1e-05,-1e-05,-0,-1e-05,-1e-05,-0,0,-1e-05,0.00078,-0.0002,7e-05,-0.00016,0,-0,-0,-0.00894,9e-05,-2e-05,0.00248,0.00023,-5e-05,-8e-05
21.1,0.00059,6e-05,-1e-05,6e-05,1e-05,-0,-0.00012,6e-05,1e-05,-2e-05,-0,0,-1e-05,-2e-05,-0,-0,-2e-05,-0,0,-1e-05,0.00055,-6e-05,5e-05,-0.00012,0,-0,-0,-0.00747,8e-05,-6e-05,0.00192,0.0002,-4e-05,-7e-05
21.12,0.00048,6e-05,-1e-05,2e-05,1e-05,-0,-0.00011,7e-05,1e-05,-1e-05,-0,0,-1e-05,-3e-05,-0,-0,-3e-05,-0,0,-0,0.00032,8e-05,2e-05,-8e-05,1e-05,-0,-0,-0.00594,9e-05,-9e-05,0.00142,0.00018,-3e-05,-6e-05
21.14,0.00038,6e-05,-1e-05,-2e-05,2e-05,-0,-0.0001,8e-05,1e-05,0,-0,0,-1e-05,-4e-05,-0,-0,-4e-05,-0,0,-0,0.0001,0.0002,-0,-5e-05,1e-05,-0,-0,-0.00445,0.00011,-0.00011,0.00104,0.00017,-3e-05,-5e-05
21.16,0.00029,6e-05,-1e-05,-6e-05,2e-05,-0,-9e-05,8e-05,1e-05,1e-05,-0,0,-1e-05,-5e-05,-0,0,-4e-05,-0,0,-0,-9e-05,0.00029,-2e-05,-2e-05,1e-05,-1e-05,-0,-0.00304,0.00016,-0.00012,0.00079,0.00017,-2e-05,-4e-05
21.18,0.00022,6e-05,-1e-05,-0.0001,2e-05,-0,-8e-05,8e-05,1e-05,3e-05,-0,0,-1e-05,-6e-05,-0,0,-5e-05,-0,0,-0,-0.00025,0.00036,-4e-05,-0,1e-05,-1e-05,-0,-0.0017,0.00022,-0.00012,0.00068,0.00018,-2e-05,-4e-05
21.2,0.00016,6e-05,-1e-05,-0.00013,3e-05,-0,-7e-05,8e-05,0,4e-05,-0,0,-1e-05,-6e-05,-0,0,-6e-05,-0,0,0,-0.00038,0.0004,-5e-05,1e-05,1e-05,-1e-05,-0,-0.00045,0.00029,-0.0001,0.0007,0.0002,-2e-05,-3e-05
21.22,0.00012,6e-05,-1e-05,-0.00016,3e-05,-0,-6e-05,8e-05,0,6e-05,-0,0,-1e-05,-6e-05,-0,0,-6e-05,-0,0,0,-0.00048,0.00041,-5e-05,1e-05,1e-05,-1e-05,-0,0.00069,0.00036,-8e-05,0.00082,0.00022,-2e-05,-3e-05
21.24,9e-05,5e-05,-2e-05,-0.00018,2e-05,-0,-4e-05,7e-05,-0,7e-05,-0,0,-1e-05,-6e-05,-0,0,-6e-05,-0,0,0,-0.00053,0.00039,-6e-05,1e-05,1e-05,-1e-05,-0,0.00172,0.00041,-6e-05,0.00103,0.00024,-2e-05,-3e-05
21.26,7e-05,5e-05,-2e-05,-0.0002,2e-05,-0,-3e-05,6e-05,-1e-05,8e-05,-0,0,-1e-05,-5e-05,-0,1e-05,-6e-05,-0,0,0,-0.00055,0.00036,-6e-05,-0,1e-05,-1e-05,-0,0.00265,0.00044,-3e-05,0.00131,0.00026,-2e-05,-3e-05
21.28,6e-05,4e-05,-2e-05,-0.00021,1e-05,-0,-1e-05,5e-05,-1e-05,9e-05,-0,0,-1e-05,-5e-05,-0,1e-05,-7e-05,-0,0,0,-0.00054,0.0003,-6e-05,-2e-05,1e-05,-1e-05,-0,0.00349,0.00043,-0,0.00161,0.00027,-2e-05,-3e-05
21.3,5e-05,3e-05,-3e-05,-0.00022,1e-05,-0,0,4e-05,-2e-05,0.0001,-0,0,-1e-05,-4e-05,-0,1e-05,-7e-05,-0,0,0,-0.00052,0.00023,-6e-05,-3e-05,1e-05,-0,-0,0.00425,0.00039,2e-05,0.00189,0.00028,-1e-05,-3e-05
21.32,5e-05,1e-05,-3e-05,-0.00021,0,-0,2e-05,3e-05,-2e-05,0.0001,-0,0,-1e-05,-4e-05,-0,1e-05,-7e-05,-0,0,0,-0.00049,0.00015,-5e-05,-5e-05,1e-05,-0,-0,0.00493,0.00032,4e-05,0.0021,0.00028,-1e-05,-3e-05
21.34,6e-05,-0,-4e-05,-0.0002,-0,-0,3e-05,2e-05,-2e-05,0.0001,-0,0,-0,-3e-05,-0,1e-05,-6e-05,-0,0,0,-0.00046,7e-05,-4e-05,-7e-05,1e-05,-0,-0,0.00555,0.00019,5e-05,0.0022,0.00026,-0,-2e-05
21.36,6e-05,-2e-05,-4e-05,-0.00018,-0,-0,3e-05,2e-05,-3e-05,0.0001,0,0,-0,-3e-05,-1e-05,1e-05,-6e-05,-0,0,0,-0.00043,-2e-05,-3e-05,-8e-05,1e-05,-0,-0,0.00611,2e-05,5e-05,0.00215,0.00024,0,-0
21.38,7e-05,-4e-05,-4e-05,-0.00016,-1e-05,-0,4e-05,1e-05,-2e-05,0.00011,0,0,-0,-3e-05,-1e-05,1e-05,-6e-05,-0,0,0,-0.00041,-0.00011,-2e-05,-8e-05,1e-05,-0,-0,0.00663,-0.00019,3e-05,0.00195,0.00021,1e-05,1e-05
21.4,8e-05,-6e-05,-4e-05,-0.00013,-1e-05,-0,4e-05,1e-05,-2e-05,0.00011,0,0,-0,-2e-05,-1e-05,0,-6e-05,-0,0,0,-0.00039,-0.00019,-1e-05,-8e-05,1e-05,-0,-0,0.0071,-0.00043,2e-05,0.00158,0.00017,2e-05,3e-05
21.42,8e-05,-7e-05,-4e-05,-0.0001,-0,-0,5e-05,1e-05,-2e-05,0.00011,0,0,0,-2e-05,-1e-05,0,-6e-05,0,0,0,-0.00037,-0.00028,1e-05,-8e-05,1e-05,0,-0,0.00751,-0.00069,0,0.00102,0.00014,3e-05,4e-05
21.44,7e-05,-9e-05,-3e-05,-8e-05,-0,-0,5e-05,2e-05,-1e-05,0.00011,0,0,0,-2e-05,-1e-05,0,-6e-05,0,0,0,-0.00036,-0.00036,3e-05,-7e-05,1e-05,0,0,0.00785,-0.00095,-1e-05,0.00026,0.00011,4e-05,5e-05
21.46,6e-05,-0.0001,-3e-05,-6e-05,-0,-0,5e-05,2e-05,-1e-05,0.00012,0,0,0,-2e-05,-2e-05,0,-5e-05,0,0,0,-0.00035,-0.00044,5e-05,-5e-05,1e-05,0,0,0.00811,-0.0012,-0,-0.00073,0.0001,4e-05,6e-05
21.48,3e-05,-0.00012,-2e-05,-4e-05,0,-0,6e-05,2e-05,-0,0.00013,0,0,0,-1e-05,-2e-05,0,-5e-05,0,0,0,-0.00034,-0.00051,6e-05,-4e-05,1e-05,0,0,0.00828,-0.00143,0,-0.00197,0.0001,4e-05,6e-05
21.5,-1e-05,-0.00013,-2e-05,-3e-05,0,-0,6e-05,3e-05,0,0.00013,0,0,0,-0,-2e-05,0,-5e-05,0,0,0,-0.00034,-0.00057,8e-05,-2e-05,1e-05,0,0,0.00836,-0.00165,1e-05,-0.00351,0.00011,4e-05,6e-05
21.52,-6e-05,-0.00014,-1e-05,-2e-05,-0,-0,8e-05,3e-05,1e-05,0.00014,0,0,0,1e-05,-2e-05,-0,-5e-05,0,0,0,-0.00033,-0.00061,9e-05,1e-05,1e-05,0,0,0.00834,-0.00185,2e-05,-0.00537,0.00012,4e-05,6e-05
21.54,-0.00012,-0.00016,-0,-2e-05,-0,-0,9e-05,3e-05,1e-05,0.00016,0,-0,0,3e-05,-3e-05,-0,-5e-05,0,0,0,-0.00032,-0.00063,9e-05,4e-05,1e-05,1e-05,0,0.00823,-0.00203,2e-05,-0.00758,0.00014,4e-05,5e-05
21.56,-0.0002,-0.00017,1e-05,-3e-05,-0,-0,0.00012,3e-05,1e-05,0.00017,0,-0,-0,5e-05,-3e-05,-0,-4e-05,0,-0,-0,-0.00031,-0.00062,9e-05,7e-05,1e-05,1e-05,0,0.00807,-0.00216,1e-05,-0.01016,0.00017,3e-05,4e-05
21.58,-0.00029,-0.00019,1e-05,-4e-05,-1e-05,0,0.00015,2e-05,1e-05,0.00018,0,-0,-0,8e-05,-3e-05,-0,-4e-05,0,-0,-0,-0.00029,-0.00059,8e-05,0.00011,1e-05,0,0,0.00789,-0.00224,-1e-05,-0.01308,0.0002,2e-05,3e-05
21.6,-0.00037,-0.0002,2e-05,-6e-05,-1e-05,0,0.00018,2e-05,1e-05,0.0002,-0,-0,-1e-05,0.00012,-3e-05,-1e-05,-3e-05,0,-0,-0,-0.00026,-0.00055,7e-05,0.00015,2e-05,0,0,0.00779,-0.00225,-3e-05,-0.01627,0.00024,2e-05,1e-05
21.62,-0.00045,-0.00021,2e-05,-8e-05,-2e-05,0,0.00022,2e-05,1e-05,0.00022,-0,-0,-1e-05,0.00016,-4e-05,-1e-05,-2e-05,0,-0,-1e-05,-0.00022,-0.00048,6e-05,0.00019,2e-05,0,0,0.00787,-0.00217,-7e-05,-0.01963,0.00027,0,-1e-05
21.64,-0.00051,-0.00021,3e-05,-0.0001,-2e-05,0,0.00026,2e-05,1e-05,0.00024,-1e-05,-0,-1e-05,0.00021,-4e-05,-0,-2e-05,0,-0,-1e-05,-0.00016,-0.0004,4e-05,0.00023,2e-05,0,0,0.00815,-0.00197,-0.0001,-0.02284,0.00031,-1e-05,-3e-05
21.66,-0.00055,-0.00021,3e-05,-0.00012,-3e-05,0,0.0003,3e-05,1e-05,0.00026,-1e-05,-0,-2e-05,0.00026,-3e-05,-0,-0,0,-0,-2e-05,-9e-05,-0.00032,3e-05,0.00026,2e-05,0,0,0.00857,-0.00164,-0.00011,-0.02544,0.00034,-2e-05,-5e-05
21.68,-0.00054,-0.00019,3e-05,-0.00013,-3e-05,0,0.00033,4e-05,2e-05,0.00028,-1e-05,-0,-2e-05,0.00032,-2e-05,1e-05,1e-05,-0,-0,-3e-05,-0,-0.00023,1e-05,0.00029,2e-05,0,-0,0.00908,-0.00123,-0.00011,-0.02688,0.00036,-4e-05,-7e-05
21.7,-0.0005,-0.00017,2e-05,-0.00014,-4e-05,0,0.00036,5e-05,3e-05,0.00031,-1e-05,-0,-2e-05,0.00037,-0,2e-05,3e-05,-0,-0,-4e-05,0.0001,-0.00015,0,0.0003,2e-05,0,-0,0.00956,-0.00077,-8e-05,-0.02689,0.00035,-4e-05,-8e-05
21.72,-0.0004,-0.00014,2e-05,-0.00015,-5e-05,0,0.00038,6e-05,4e-05,0.00033,-1e-05,-0,-2e-05,0.00042,4e-05,3e-05,5e-05,-0,-0,-6e-05,0.00021,-8e-05,-0,0.00029,2e-05,0,-0,0.00991,-0.00032,-3e-05,-0.02547,0.00032,-5e-05,-8e-05
21.74,-0.00026,-9e-05,1e-05,-0.00015,-6e-05,0,0.00038,8e-05,7e-05,0.00036,-1e-05,-0,-1e-05,0.00045,9e-05,5e-05,8e-05,-0,-0,-7e-05,0.00033,-2e-05,-1e-05,0.00025,2e-05,-0,-0,0.00996,1e-05,3e-05,-0.02236,0.00026,-4e-05,-8e-05
21.76,-9e-05,-3e-05,-1e-05,-0.00014,-6e-05,0,0.00036,0.0001,0.00011,0.0004,-1e-05,-0,-1e-05,0.00047,0.00017,7e-05,0.00013,-0,-0,-9e-05,0.00043,3e-05,-1e-05,0.00019,2e-05,-0,-0,0.00965,0.00019,8e-05,-0.01788,0.0002,-3e-05,-6e-05
21.78,0.00011,5e-05,-3e-05,-0.00013,-7e-05,0,0.00033,0.00012,0.00015,0.00044,-1e-05,-0,-1e-05,0.00046,0.00027,9e-05,0.00018,-0,-0,-0.00011,0.00052,6e-05,-2e-05,0.0001,1e-05,-0,-0,0.00905,0.00023,0.00011,-0.01288,0.00013,-2e-05,-5e-05
21.8,0.00028,0.00014,-4e-05,-0.00011,-7e-05,0,0.00028,0.00015,0.00021,0.00049,-1e-05,-0,-1e-05,0.00042,0.00041,0.00012,0.00024,-1e-05,-0,-0.00013,0.00057,8e-05,-2e-05,-1e-05,1e-05,-0,-0,0.00803,0.00013,8e-05,-0.00796,7e-05,-1e-05,-3e-05
21.82,0.00035,0.00024,-6e-05,-9e-05,-6e-05,0,0.00021,0.00017,0.00027,0.00053,-1e-05,-0,-2e-05,0.00034,0.00056,0.00014,0.00031,-1e-05,0,-0.00013,0.00059,9e-05,-2e-05,-0.00013,1e-05,0,-0,0.00678,-5e-05,0,-0.00372,3e-05,-0,-1e-05
21.84,0.00035,0.00034,-8e-05,-7e-05,-5e-05,0,0.00014,0.0002,0.00034,0.00059,-0,-0,-3e-05,0.00023,0.00074,0.00016,0.00039,-1e-05,-0,-0.00012,0.00057,8e-05,-2e-05,-0.00024,0,0,0,0.00567,-0.00024,-9e-05,-0.00063,-0,0,-0
21.86,0.00031,0.00046,-0.0001,-4e-05,-3e-05,0,4e-05,0.00022,0.00041,0.00064,-0,0,-6e-05,8e-05,0.00094,0.00018,0.00047,-1e-05,-0,-0.00011,0.00048,7e-05,-2e-05,-0.00033,-0,0,0,0.00506,-0.00035,-0.00013,0.00076,-2e-05,0,0
21.88,0.00023,0.00059,-0.00011,-2e-05,-1e-05,0,-6e-05,0.00025,0.00049,0.0007,-0,0,-8e-05,-0.0001,0.00113,0.0002,0.00056,-1e-05,-0,-9e-05,0.00035,5e-05,-2e-05,-0.00038,-0,0,0,0.00496,-0.00037,-8e-05,0.00071,-1e-05,0,0
21.9,4e-05,0.00074,-0.00012,-0,2e-05,0,-0.00019,0.00027,0.00057,0.00076,-0,0,-0.00011,-0.00031,0.00132,0.00022,0.00064,-0,-0,-7e-05,0.00019,4e-05,-3e-05,-0.00037,-1e-05,0,0,0.00461,-0.0004,-6e-05,0.00057,-1e-05,0,0
21.92,-0.00035,0.00091,-0.00013,1e-05,6e-05,0,-0.00034,0.00029,0.00067,0.00081,-0,1e-05,-0.00013,-0.00054,0.00149,0.00024,0.00072,-0,-0,-6e-05,2e-05,5e-05,-3e-05,-0.0003,-1e-05,0,0,0.0041,-0.00044,-5e-05,0.00035,-1e-05,-0,0
21.94,-0.00085,0.00111,-0.00014,2e-05,9e-05,0,-0.00051,0.00031,0.00077,0.00085,-0,1e-05,-0.00012,-0.00079,0.00163,0.00027,0.00078,-0,-0,-5e-05,-0.00012,9e-05,-4e-05,-0.00019,-1e-05,-0,0,0.00345,-0.00049,-5e-05,0.0001,-1e-05,-0,-0
21.96,-0.00139,0.00133,-0.00014,2e-05,0.00012,0,-0.00071,0.00033,0.00088,0.00089,-0,1e-05,-0.00012,-0.00106,0.00171,0.00031,0.00081,-0,-0,-4e-05,-0.00017,0.00018,-4e-05,-5e-05,-1e-05,-0,-0,0.00271,-0.00056,-3e-05,-0.00015,-1e-05,-0,-0
21.98,-0.00199,0.00155,-0.00014,2e-05,0.00014,0,-0.00093,0.00034,0.00099,0.00091,-0,1e-05,-0.0001,-0.00138,0.00173,0.00036,0.00082,-0,0,-3e-05,-7e-05,0.00034,-5e-05,7e-05,-1e-05,-0,-0,0.00204,-0.00063,2e-05,-0.00039,-1e-05,-0,-0
22,-0.00272,0.00172,-0.00013,0,0.00015,0,-0.00116,0.00036,0.00109,0.00091,-0,1e-05,-8e-05,-0.00172,0.00169,0.00042,0.0008,-0,0,-3e-05,0.00021,0.00057,-6e-05,0.00012,-1e-05,-0,-0,0.00146,-0.00071,0.00012,-0.00058,-1e-05,-0,-0
22.02,-0.00366,0.00178,-0.00011,-1e-05,0.00015,0,-0.00137,0.0004,0.00119,0.00089,-0,1e-05,-7e-05,-0.00206,0.00159,0.00049,0.00076,-0,0,-2e-05,0.00073,0.00089,-6e-05,7e-05,-1e-05,-0,-0,9e-05,-0.0007,0.00029,-0.00039,0,-0,0
22.04,-0.00483,0.00169,-8e-05,-3e-05,0.00014,0,-0.00156,0.00044,0.00127,0.00084,-0,1e-05,-7e-05,-0.00241,0.00144,0.00057,0.00068,-0,1e-05,-1e-05,0.00146,0.00129,-7e-05,-9e-05,-1e-05,-1e-05,-0,-0.00207,-0.00063,0.00053,0.00014,2e-05,0,-0
22.06,-0.00623,0.00146,-5e-05,-6e-05,0.00011,0,-0.00173,0.00047,0.00131,0.00076,-0,2e-05,-6e-05,-0.00283,0.00125,0.00068,0.00056,-0,1e-05,-1e-05,0.00231,0.00175,-8e-05,-0.00037,-1e-05,-1e-05,-0,-0.00461,-0.00056,0.00083,0.00068,2e-05,-0,-0
22.08,-0.00792,0.00108,-2e-05,-9e-05,6e-05,0,-0.0019,0.00049,0.00131,0.00066,0,2e-05,-6e-05,-0.00332,0.00102,0.00082,0.00041,-0,1e-05,-1e-05,0.00302,0.00226,-7e-05,-0.00086,-2e-05,-1e-05,-0,-0.00751,-0.00051,0.00116,0.001,-0,-0,-1e-05
22.1,-0.01,0.00056,0,-0.00012,0,-0,-0.00205,0.00049,0.00127,0.00052,0,2e-05,-5e-05,-0.00385,0.00079,0.00098,0.00022,-0,2e-05,-1e-05,0.00363,0.00282,-8e-05,-0.00116,-2e-05,-1e-05,-0,-0.0103,-0.00049,0.00144,0.00099,-7e-05,-1e-05,-1e-05
22.12,-0.01253,-5e-05,1e-05,-0.00016,-8e-05,-0,-0.00221,0.00047,0.00118,0.00035,1e-05,2e-05,-4e-05,-0.00441,0.00054,0.00118,-0,-0,2e-05,-1e-05,0.00441,0.00352,-0.0001,-0.00057,-3e-05,-1e-05,-0,-0.01195,-0.0005,0.00165,0.00065,-0.00018,-1e-05,-2e-05
22.14,-0.01548,-0.00059,-1e-05,-0.00022,-0.00017,-0,-0.00236,0.00042,0.00105,0.00016,1e-05,2e-05,-4e-05,-0.005,0.00033,0.0014,-0.00024,0,3e-05,-1e-05,0.00488,0.00425,-0.0001,0.00051,-4e-05,-1e-05,-0,-0.01278,-0.00052,0.00171,-0.00029,-0.00031,-2e-05,-2e-05
22.16,-0.01879,-0.00093,-5e-05,-0.00028,-0.00025,-0,-0.00253,0.00033,0.00091,-5e-05,2e-05,2e-05,-3e-05,-0.00562,0.00015,0.00161,-0.0005,1e-05,4e-05,-2e-05,0.00455,0.00488,-7e-05,0.00154,-5e-05,-1e-05,-0,-0.0136,-0.00051,0.00159,-0.00189,-0.00046,-3e-05,-2e-05
22.18,-0.02229,-0.00098,-0.0001,-0.00035,-0.00033,-0,-0.00272,0.00019,0.00077,-0.00026,3e-05,2e-05,-2e-05,-0.00623,4e-05,0.00181,-0.00078,1e-05,5e-05,-2e-05,0.00347,0.00536,2e-05,0.00256,-6e-05,-1e-05,-0,-0.01433,-0.00045,0.00127,-0.00402,-0.0006,-3e-05,-2e-05
22.2,-0.02607,-0.0007,-0.00016,-0.00042,-0.0004,-0,-0.00292,1e-05,0.00062,-0.00047,4e-05,2e-05,-1e-05,-0.00677,-1e-05,0.00198,-0.00107,2e-05,7e-05,-3e-05,0.00214,0.00559,0.00017,0.00321,-7e-05,-1e-05,-0,-0.0153,-0.00034,0.00076,-0.00647,-0.00073,-3e-05,-2e-05
22.22,-0.03025,-0.00015,-0.00021,-0.00049,-0.00045,-0,-0.00313,-0.00022,0.00049,-0.00065,6e-05,3e-05,-1e-05,-0.00717,0,0.0021,-0.00132,2e-05,0.0001,-3e-05,0.0012,0.00551,0.0004,0.00328,-8e-05,-0,-0,-0.01693,-0.00015,5e-05,-0.00892,-0.00083,-2e-05,-0
22.24,-0.03447,0.0005,-0.00025,-0.00055,-0.00048,-0,-0.00337,-0.00046,0.00039,-0.0008,7e-05,3e-05,-0,-0.00747,8e-05,0.00214,-0.00154,3e-05,0.00013,-3e-05,0.00063,0.00512,0.00066,0.00294,-8e-05,-0,0,-0.019,0.00016,-0.00089,-0.01116,-0.00094,-1e-05,1e-05
22.26,-0.03835,0.00113,-0.00026,-0.0006,-0.0005,-0,-0.00365,-0.00072,0.00035,-0.00094,7e-05,2e-05,0,-0.00766,0.0002,0.00209,-0.00174,3e-05,0.00016,-2e-05,0.00029,0.00447,0.00094,0.0023,-7e-05,0,0,-0.02126,0.00059,-0.00205,-0.01305,-0.00105,0,4e-05
22.28,-0.04192,0.00168,-0.00025,-0.00064,-0.00052,-0,-0.00399,-0.00099,0.00036,-0.00106,7e-05,2e-05,0,-0.00766,0.00036,0.00191,-0.00192,2e-05,0.00018,-2e-05,0.0004,0.00368,0.0012,0.0014,-7e-05,0,0,-0.02373,0.00114,-0.00342,-0.01458,-0.00116,2e-05,7e-05
22.3,-0.04527,0.00208,-0.00022,-0.00068,-0.00051,-0,-0.00436,-0.00123,0.00042,-0.00117,7e-05,1e-05,-0,-0.00757,0.00052,0.00162,-0.00208,1e-05,0.0002,-1e-05,0.00084,0.00283,0.00136,0.0002,-6e-05,1e-05,0,-0.0263,0.00172,-0.00489,-0.01575,-0.00129,3e-05,0.0001
22.32,-0.04856,0.00233,-0.00018,-0.00071,-0.00045,-0,-0.00472,-0.00142,0.00052,-0.00129,6e-05,-0,-0,-0.00745,0.0007,0.00121,-0.00221,0,0.00021,-1e-05,0.00122,0.00202,0.00131,-0.00107,-5e-05,1e-05,0,-0.02883,0.00209,-0.00618,-0.01661,-0.00141,5e-05,0.00014
22.34,-0.05172,0.00243,-0.00013,-0.00075,-0.00037,-0,-0.0051,-0.00157,0.00067,-0.00142,6e-05,-3e-05,1e-05,-0.00719,0.00086,0.00072,-0.00232,0,0.00021,0,0.0014,0.00139,0.00116,-0.00217,-5e-05,1e-05,0,-0.03119,0.00225,-0.00724,-0.01732,-0.00154,7e-05,0.00017
22.36,-0.0547,0.0024,-8e-05,-0.0008,-0.00027,-0,-0.00547,-0.00168,0.00085,-0.00156,6e-05,-5e-05,3e-05,-0.0067,0.00095,0.0002,-0.00243,2e-05,0.0002,1e-05,0.00147,0.001,0.001,-0.00312,-4e-05,1e-05,0,-0.03322,0.00231,-0.00809,-0.01802,-0.00163,9e-05,0.0002
22.38,-0.05759,0.00228,-4e-05,-0.00086,-0.00018,-0,-0.00571,-0.00177,0.00103,-0.00171,6e-05,-9e-05,5e-05,-0.00602,0.00093,-0.00029,-0.00256,8e-05,0.00018,3e-05,0.00153,0.00079,0.00085,-0.00373,-3e-05,1e-05,0,-0.03471,0.00228,-0.0086,-0.01858,-0.00169,0.0001,0.00022
22.4,-0.06039,0.00206,-1e-05,-0.00093,-0.0001,-0,-0.00592,-0.00184,0.00122,-0.00184,7e-05,-0.00012,9e-05,-0.00528,0.00085,-0.00065,-0.00262,0.00019,0.00016,6e-05,0.00145,0.00072,0.00073,-0.004,-3e-05,1e-05,0,-0.03549,0.00208,-0.00865,-0.01898,-0.00169,0.0001,0.00023
22.42,-0.06305,0.0017,0,-0.00103,-3e-05,-0,-0.00619,-0.00183,0.0014,-0.00185,8e-05,-0.0001,0.00014,-0.0046,0.00076,-0.00076,-0.00253,0.00037,0.00015,9e-05,0.00117,0.00075,0.00062,-0.00405,-2e-05,0,0,-0.03542,0.0017,-0.00821,-0.01915,-0.00161,0.0001,0.00022
22.44,-0.06554,0.0013,-1e-05,-0.00114,1e-05,-0,-0.00628,-0.0018,0.00154,-0.00177,9e-05,-6e-05,0.00019,-0.00393,0.00063,-0.00063,-0.00237,0.00063,0.00014,0.00012,0.001,0.00081,0.0005,-0.00372,-2e-05,0,0,-0.03428,0.00128,-0.00729,-0.0188,-0.00146,9e-05,0.00021
22.46,-0.06778,0.00094,-6e-05,-0.00127,4e-05,-0,-0.00609,-0.00177,0.0016,-0.00165,9e-05,-2e-05,0.00024,-0.00329,0.00043,-0.00035,-0.00218,0.00094,0.00014,0.00016,0.00109,0.00086,0.00038,-0.00297,-1e-05,0,0,-0.0319,0.00094,-0.00601,-0.01773,-0.00124,8e-05,0.00017
22.48,-0.0696,0.00062,-0.00014,-0.0014,5e-05,-0,-0.00565,-0.00172,0.00157,-0.00147,6e-05,1e-05,0.00028,-0.00271,0.00023,-1e-05,-0.00193,0.00125,0.00015,0.00019,0.00135,0.00088,0.00025,-0.00199,-1e-05,0,0,-0.02848,0.00069,-0.00455,-0.01604,-0.00097,6e-05,0.00014
22.5,-0.07066,0.00036,-0.00025,-0.00151,6e-05,-0,-0.00503,-0.00165,0.00144,-0.00125,2e-05,2e-05,0.00031,-0.00222,1e-05,0.00028,-0.00161,0.00155,0.00015,0.00023,0.00177,0.00083,0.00013,-0.00102,-0,0,0,-0.02398,0.00047,-0.00298,-0.01381,-0.0007,4e-05,0.0001
22.52,-0.07066,0.00019,-0.00034,-0.00158,5e-05,-0,-0.00429,-0.00156,0.00124,-0.00099,-2e-05,2e-05,0.00032,-0.00183,-0.0002,0.00051,-0.00122,0.00182,0.00017,0.00026,0.00236,0.00071,3e-05,-0.0002,0,0,0,-0.01855,0.00021,-0.00154,-0.01122,-0.00045,3e-05,6e-05
22.54,-0.06951,7e-05,-0.00039,-0.00159,5e-05,-0,-0.00346,-0.00142,0.00095,-0.00076,-6e-05,0,0.00032,-0.00154,-0.00034,0.0007,-0.00077,0.00196,0.00018,0.00027,0.00302,0.00054,-6e-05,0.0005,0,0,0,-0.01304,3e-05,-0.00055,-0.00859,-0.00026,1e-05,4e-05
22.56,-0.06721,-4e-05,-0.00037,-0.00155,3e-05,-0,-0.00259,-0.0012,0.00061,-0.00058,-2e-05,-1e-05,0.0003,-0.00133,-0.00037,0.0008,-0.00032,0.00189,0.00017,0.00027,0.00368,0.00035,-0.00012,0.00101,1e-05,0,0,-0.00806,-3e-05,-2e-05,-0.00618,-0.00012,1e-05,2e-05
22.58,-0.06379,-0.00012,-0.00026,-0.00144,2e-05,0,-0.00174,-0.00092,0.00023,-0.00042,3e-05,-3e-05,0.00028,-0.00122,-0.00033,0.00082,7e-05,0.00161,0.00013,0.00025,0.00432,0.00016,-0.00017,0.00133,1e-05,0,0,-0.0038,-0,0.0002,-0.00409,-5e-05,0,1e-05
22.6,-0.05942,-0.00019,-8e-05,-0.0013,1e-05,0,-0.00095,-0.00064,-0.00016,-0.00031,0.00037,4e-05,0.00025,-0.00118,-0.00026,0.00073,0.00035,0.00117,6e-05,0.00022,0.00488,1e-05,-0.00022,0.00149,2e-05,0,0,-0.00038,7e-05,0.00023,-0.00239,-1e-05,0,0
22.62,-0.0544,-0.00026,0.00017,-0.00115,0,0,-0.00026,-0.00039,-0.00049,-0.00022,0.00181,0.00046,0.00021,-0.00117,-0.00019,0.00049,0.00058,0.00062,-2e-05,0.00018,0.00533,-8e-05,-0.00027,0.00154,2e-05,0,-0,0.00225,0.00019,0.00019,-0.00106,1e-05,-0,-0
22.64,-0.04912,-0.00033,0.00047,-0.00101,0,0,0.00027,-0.00025,-0.00072,-5e-05,0.00351,0.001,0.00014,-0.00123,-0.00013,0.00014,0.00073,9e-05,-0.00011,0.00014,0.0057,-9e-05,-0.00032,0.00152,3e-05,0,-0,0.00421,0.00032,0.00012,-7e-05,0,0,-0
22.66,-0.04383,-0.00039,0.0008,-0.0009,0,0,0.00064,-0.00016,-0.00085,0.00014,0.00451,0.00135,9e-05,-0.00146,-9e-05,-0.0003,0.00072,-0.00028,-0.00016,9e-05,0.00603,-2e-05,-0.00038,0.00145,3e-05,-0,-0,0.00559,0.00045,7e-05,0.00064,-0,0,0
22.68,-0.03866,-0.00044,0.00114,-0.00082,0,0,0.00091,-0.0001,-0.00094,0.00023,0.00502,0.00154,3e-05,-0.00197,-6e-05,-0.00082,0.00057,-0.00049,-0.00019,3e-05,0.0063,8e-05,-0.00045,0.00137,4e-05,-0,-0,0.00611,0.00054,5e-05,0.00086,-1e-05,0,0
22.7,-0.03387,-0.0005,0.00141,-0.00079,0,0,0.0011,-5e-05,-0.00103,0.00027,0.00474,0.00149,-0,-0.00261,-1e-05,-0.0013,0.00029,-0.00039,-0.0001,-1e-05,0.00651,0.00019,-0.0005,0.00127,4e-05,-0,-0,0.00617,0.0006,4e-05,0.00085,-1e-05,0,0
22.72,-0.02964,-0.00057,0.00159,-0.00083,1e-05,-0,0.00118,-2e-05,-0.00114,0.00036,0.00343,0.00122,-2e-05,-0.00292,0.00011,-0.00145,-0.00011,0.00046,0.0002,-6e-05,0.00667,0.00027,-0.00052,0.00115,4e-05,-0,-0,0.00619,0.00064,3e-05,0.00084,-1e-05,0,0
22.74,-0.02594,-0.00066,0.0017,-0.00092,1e-05,0,0.00117,-2e-05,-0.00124,0.00044,0.0021,0.00092,-3e-05,-0.00315,0.00036,-0.0014,-0.00082,0.00165,0.00056,-0.0001,0.00674,0.00028,-0.00052,0.00104,4e-05,-1e-05,-0,0.00615,0.00069,4e-05,0.00084,-1e-05,0,0
22.76,-0.02265,-0.00077,0.0017,-0.00106,1e-05,0,0.00109,-2e-05,-0.00132,0.00046,0.00119,0.00067,-4e-05,-0.00385,0.0007,-0.00133,-0.00192,0.00257,0.00082,-0.00013,0.00671,0.00022,-0.00048,0.00094,4e-05,-1e-05,-0,0.00605,0.00076,4e-05,0.00083,-1e-05,0,0
22.78,-0.01969,-0.0009,0.00162,-0.00123,2e-05,0,0.00092,-3e-05,-0.00137,0.00045,0.0006,0.00048,-4e-05,-0.00507,0.00109,-0.00116,-0.00335,0.00321,0.00102,-0.00015,0.00658,0.0001,-0.00042,0.00086,4e-05,-1e-05,-0,0.00588,0.00084,5e-05,0.00083,-1e-05,-0,-0
22.8,-0.0169,-0.00106,0.00134,-0.0014,3e-05,0,0.00067,-3e-05,-0.00129,0.00039,0.00025,0.00035,-4e-05,-0.00655,0.00141,-0.00089,-0.00468,0.00336,0.00113,-0.00017,0.00636,-8e-05,-0.00034,0.00078,4e-05,-1e-05,-0,0.00567,0.00092,5e-05,0.00081,-0,-0,-0
22.82,-0.01419,-0.00127,0.00072,-0.0015,4e-05,0,0.00033,-3e-05,-0.00101,0.0003,9e-05,0.00027,-3e-05,-0.0079,0.00158,-0.00053,-0.0053,0.0029,0.0011,-0.00018,0.00606,-0.00026,-0.00028,0.00071,4e-05,-1e-05,-0,0.00539,0.00101,4e-05,0.00078,-0,-0,-0
22.84,-0.01144,-0.00152,-0.00012,-0.00153,6e-05,0,-0.00011,-2e-05,-0.0006,0.0002,6e-05,0.00024,-2e-05,-0.009,0.00159,-0.00012,-0.00506,0.00218,0.00098,-0.00018,0.0057,-0.00043,-0.00022,0.00063,3e-05,-1e-05,-0,0.00507,0.00108,3e-05,0.00073,-0,-0,-0
22.86,-0.00861,-0.00176,-0.00093,-0.00148,9e-05,-0,-0.00063,-3e-05,-0.0001,0.00012,0.00011,0.00024,0,-0.00963,0.00147,0.00024,-0.00417,0.00147,0.00083,-0.00018,0.00531,-0.00056,-0.00018,0.00056,3e-05,-0,-0,0.00471,0.00113,2e-05,0.00066,-0,-0,-0
22.88,-0.00568,-0.00197,-0.0016,-0.00133,0.00011,-0,-0.00118,-3e-05,0.00042,6e-05,0.00021,0.00025,2e-05,-0.00933,0.00126,0.00051,-0.00272,0.00085,0.00066,-0.00017,0.00488,-0.00064,-0.00015,0.00048,2e-05,-0,-0,0.00428,0.00115,1e-05,0.00058,-0,-0,-0
22.9,-0.00272,-0.00207,-0.00199,-0.00113,0.00012,-0,-0.00171,-6e-05,0.0009,1e-05,0.00035,0.00027,4e-05,-0.00856,0.00105,0.00069,-0.00114,0.00033,0.00043,-0.00016,0.00438,-0.00069,-0.00014,0.0004,2e-05,-0,-0,0.00376,0.00114,-0,0.00048,-0,-0,-0
22.92,0.00015,-0.00202,-0.00206,-0.00089,0.00013,-0,-0.00211,-0.0001,0.00137,-1e-05,0.00057,0.00029,6e-05,-0.00801,0.0009,0.00081,0.00012,-1e-05,0.00018,-0.00014,0.00381,-0.0007,-0.00013,0.00031,2e-05,-0,-0,0.00315,0.00108,-2e-05,0.00038,-0,-0,-0
22.94,0.00282,-0.00187,-0.0019,-0.0006,0.00013,-0,-0.00232,-0.00013,0.00177,-4e-05,0.00079,0.00028,8e-05,-0.00705,0.00078,0.00087,0.00098,-0.00012,2e-05,-0.00012,0.00319,-0.00069,-0.00013,0.00022,2e-05,-0,-0,0.00244,0.00099,-3e-05,0.00026,-0,-0,-0
22.96,0.00527,-0.00167,-0.00159,-0.00028,0.00012,-0,-0.00235,-0.00016,0.00195,-6e-05,0.00086,0.00023,9e-05,-0.00544,0.00066,0.00087,0.00148,-8e-05,-4e-05,-9e-05,0.00253,-0.00063,-0.00013,0.00014,2e-05,-0,-0,0.00164,0.00089,-5e-05,0.00012,-0,0,0
22.98,0.00751,-0.00144,-0.0012,6e-05,0.00011,-0,-0.00217,-0.00019,0.00189,-8e-05,0.00076,0.00014,9e-05,-0.00361,0.00052,0.00084,0.00171,2e-05,-6e-05,-6e-05,0.00182,-0.00055,-0.00013,6e-05,1e-05,-0,-0,0.00077,0.00077,-7e-05,-1e-05,-0,0,0
23,0.00956,-0.00123,-0.00084,0.00038,0.0001,-0,-0.00182,-0.00021,0.00149,-0.00011,0.00045,1e-05,7e-05,-0.00195,0.00033,0.0008,0.00132,0.00013,-5e-05,-4e-05,0.00107,-0.00042,-0.00014,-1e-05,1e-05,-1e-05,-0,-0.00016,0.00064,-9e-05,-0.00014,-0,0,0
23.02,0.01149,-0.00106,-0.00058,0.00071,5e-05,-0,-0.00136,-0.00024,0.00078,-0.00012,1e-05,-0.00012,3e-05,-0.00069,9e-05,0.00077,0.00042,0.00017,-5e-05,-4e-05,0.00032,-0.00025,-0.00015,-7e-05,1e-05,-1e-05,-0,-0.00109,0.00051,-0.00011,-0.00027,-0,0,0
23.04,0.01332,-0.00093,-0.00036,0.00102,2e-05,-0,-0.00083,-0.00027,-7e-05,-0.00012,-0.00038,-0.00024,-0,0.00018,-0.00013,0.00075,-0.00021,0.00017,-6e-05,-3e-05,-0.00043,-4e-05,-0.00017,-0.00013,2e-05,-1e-05,-0,-0.00198,0.00036,-0.00011,-0.00039,-0,0,0
23.06,0.01509,-0.00084,-0.00014,0.00128,0,-0,-0.00027,-0.00034,-0.00092,-0.00012,-0.00062,-0.00031,-4e-05,0.00062,-0.00033,0.00074,-0.00046,0.00016,-7e-05,-2e-05,-0.00115,0.0002,-0.00019,-0.00018,2e-05,-1e-05,-0,-0.00282,0.00018,-0.00012,-0.00049,-0,0,0
23.08,0.01682,-0.00076,5e-05,0.00149,-1e-05,-0,0.00027,-0.00042,-0.0017,-0.0001,-0.00074,-0.00033,-7e-05,0.00059,-0.00049,0.0007,-0.00043,0.00014,-8e-05,-1e-05,-0.00185,0.00044,-0.00022,-0.00021,2e-05,-1e-05,-0,-0.0036,-1e-05,-0.00012,-0.00056,-0,0,0
23.1,0.0185,-0.00072,0.00021,0.00165,-2e-05,-0,0.00074,-0.0005,-0.00227,-7e-05,-0.00059,-0.00027,-0.0001,0.00017,-0.00057,0.00064,0.00017,0.00011,-9e-05,-1e-05,-0.00249,0.00068,-0.00024,-0.00023,2e-05,-1e-05,-0,-0.00429,-0.00021,-0.00011,-0.00058,-0,0,0
23.12,0.02008,-0.0007,0.00039,0.00177,-3e-05,-0,0.0011,-0.00056,-0.00243,-4e-05,0.00012,-0.00012,-0.00011,-0.00049,-0.00046,0.00056,0.00185,8e-05,-9e-05,0,-0.00303,0.00089,-0.00025,-0.00024,2e-05,-1e-05,-0,-0.00484,-0.0004,-0.0001,-0.00054,-0,0,0
23.14,0.02153,-0.00068,0.00058,0.00184,-4e-05,-0,0.00129,-0.00053,-0.00225,-2e-05,0.00105,0.0001,-0.00011,-0.0014,-0.00016,0.00039,0.00407,5e-05,-0.0001,1e-05,-0.00346,0.00104,-0.00024,-0.00022,2e-05,-1e-05,-0,-0.00523,-0.00055,-9e-05,-0.00042,-1e-05,0,0
23.16,0.0228,-0.00066,0.00076,0.00182,-6e-05,-0,0.00132,-0.00043,-0.00192,-4e-05,0.00184,0.00032,-0.00011,-0.00258,0.00023,0.00012,0.00611,3e-05,-0.00012,2e-05,-0.00381,0.00113,-0.00021,-0.00018,2e-05,-1e-05,-0,-0.00546,-0.00066,-8e-05,-0.00024,-1e-05,0,0
23.18,0.02381,-0.00061,0.00091,0.00174,-9e-05,-0,0.00121,-0.00027,-0.00148,-7e-05,0.0025,0.00053,-0.00011,-0.00378,0.00063,-0.0002,0.00778,2e-05,-0.00014,3e-05,-0.00406,0.00114,-0.00016,-0.00013,2e-05,-1e-05,-0,-0.00547,-0.00071,-6e-05,-0,-1e-05,0,0
23.2,0.02445,-0.00054,0.00099,0.0016,-0.00012,-0,0.00101,-0.0001,-0.00105,-9e-05,0.00293,0.00072,-0.0001,-0.00467,0.00096,-0.0005,0.00902,1e-05,-0.00016,3e-05,-0.00423,0.0011,-9e-05,-6e-05,2e-05,-1e-05,-0,-0.00525,-0.00072,-3e-05,0.00027,-2e-05,0,0
23.22,0.02459,-0.00043,0.00095,0.00141,-0.00015,-0,0.00076,4e-05,-0.00065,-0.00012,0.00302,0.00085,-9e-05,-0.00471,0.00111,-0.0006,0.0099,1e-05,-0.00013,2e-05,-0.00435,0.001,-2e-05,2e-05,2e-05,-0,-0,-0.00479,-0.00067,1e-05,0.00057,-2e-05,0,0
23.24,0.02421,-0.0003,0.00079,0.0012,-0.0002,0,0.00048,0.00012,-0.00021,-0.00012,0.00296,0.00093,-8e-05,-0.00395,0.00102,-0.00057,0.01001,0,-7e-05,1e-05,-0.00442,0.00086,6e-05,0.00011,2e-05,-0,-0,-0.00408,-0.00059,5e-05,0.00085,-3e-05,0,0
23.26,0.02339,-0.00015,0.00054,0.00099,-0.00024,0,0.0002,0.00015,0.00028,-0.00012,0.00283,0.001,-6e-05,-0.00278,0.00078,-0.00053,0.00924,0,-2e-05,1e-05,-0.00442,0.00071,0.00014,0.00019,2e-05,-0,-0,-0.00316,-0.00047,0.0001,0.00111,-4e-05,-0,0
23.28,0.02216,2e-05,0.00024,0.00077,-0.00027,0,-6e-05,0.00011,0.00076,-0.00011,0.00263,0.00103,-5e-05,-0.00145,0.00046,-0.0005,0.00789,-0,2e-05,1e-05,-0.00436,0.00054,0.00022,0.00028,2e-05,-0,-0,-0.00212,-0.00034,0.00016,0.00131,-4e-05,-0,0
23.3,0.0207,0.0002,-0,0.00057,-0.00031,0,-0.00029,3e-05,0.0012,-9e-05,0.00238,0.00104,-3e-05,-0.00051,0.00034,-0.00042,0.00618,-0,3e-05,0,-0.00426,0.00037,0.00029,0.00036,2e-05,0,0,-0.00113,-0.0002,0.00023,0.00147,-5e-05,-0,0
23.32,0.0192,0.00037,-9e-05,0.00038,-0.00035,0,-0.00046,-5e-05,0.0016,-8e-05,0.0021,0.00102,-1e-05,0.00014,0.00054,-0.00028,0.00442,-0,0,0,-0.00413,0.00021,0.00036,0.00043,1e-05,0,0,-0.00029,-8e-05,0.00031,0.00163,-5e-05,-0,-0
23.34,0.01762,0.00051,-0.0001,0.00022,-0.00038,0,-0.00056,-0.00014,0.0019,-7e-05,0.00178,0.00097,-0,0.00088,0.00083,-0.00012,0.00283,-0,-1e-05,0,-0.00397,6e-05,0.00043,0.00048,1e-05,0,0,0.00034,1e-05,0.0004,0.00171,-4e-05,-0,-0
23.36,0.01596,0.0006,-7e-05,8e-05,-0.00037,0,-0.00057,-0.00023,0.00204,-6e-05,0.00146,0.00089,1e-05,0.00167,0.00106,4e-05,0.00151,-0,0,0,-0.00375,-7e-05,0.00048,0.00052,1e-05,0,0,0.00073,7e-05,0.00045,0.00163,-4e-05,-0,-0
23.38,0.01428,0.00062,-0,-2e-05,-0.00035,0,-0.00051,-0.00031,0.00204,-5e-05,0.00117,0.0008,1e-05,0.00248,0.00123,0.00016,0.00043,0,3e-05,0,-0.00349,-0.0002,0.00053,0.00055,1e-05,1e-05,0,0.00088,8e-05,0.00048,0.00141,-3e-05,-0,-0
23.4,0.01268,0.00057,0.0001,-0.00011,-0.0003,0,-0.00039,-0.00037,0.00189,-5e-05,0.00087,0.00068,1e-05,0.0034,0.00129,0.00023,-0.00045,0,8e-05,0,-0.00319,-0.00032,0.00057,0.00055,0,1e-05,0,0.00085,6e-05,0.00048,0.00099,-2e-05,-0,-0
23.42,0.01122,0.00045,0.00022,-0.00018,-0.00025,0,-0.00025,-0.00041,0.0016,-5e-05,0.00057,0.0005,1e-05,0.00455,0.00119,0.0003,-0.00113,0,0.00012,0,-0.00286,-0.00046,0.0006,0.00054,0,1e-05,0,0.0007,1e-05,0.00044,0.0004,-1e-05,-0,0
23.44,0.00988,0.00028,0.00033,-0.00023,-0.00018,0,-0.00011,-0.00042,0.00128,-4e-05,0.00035,0.00035,1e-05,0.00566,0.00097,0.0004,-0.00165,0,0.00017,1e-05,-0.00249,-0.0006,0.00062,0.00051,-0,1e-05,0,0.00048,-6e-05,0.00039,-0.00025,-1e-05,0,0
23.46,0.00862,0.00011,0.0004,-0.00028,-0.0001,0,2e-05,-0.00039,0.00098,-4e-05,0.00019,0.00024,0,0.00643,0.00066,0.0005,-0.00202,0,0.0002,1e-05,-0.0021,-0.00074,0.00063,0.00046,-1e-05,1e-05,0,0.00023,-0.00014,0.00033,-0.00093,-0,0,0
23.48,0.00744,-6e-05,0.00043,-0.00031,-2e-05,0,0.00012,-0.00034,0.00071,-3e-05,9e-05,0.00017,0,0.00693,0.00029,0.00062,-0.00226,0,0.00021,1e-05,-0.0017,-0.00087,0.00064,0.0004,-1e-05,1e-05,0,-1e-05,-0.00022,0.00028,-0.00161,0,0,0
23.5,0.00634,-0.00017,0.00044,-0.00033,6e-05,0,0.00019,-0.00028,0.0005,-3e-05,3e-05,0.00012,0,0.00703,-9e-05,0.00076,-0.00238,0,0.0002,1e-05,-0.00129,-0.00095,0.00063,0.00032,-1e-05,1e-05,0,-0.00021,-0.0003,0.00023,-0.00223,0,0,0
23.52,0.0053,-0.00021,0.0004,-0.00034,0.00014,-0,0.00024,-0.00021,0.00033,-2e-05,0,9e-05,-0,0.00661,-0.00042,0.0009,-0.00239,-0,0.00018,0,-0.00091,-0.00095,0.0006,0.00023,-1e-05,1e-05,0,-0.00031,-0.00037,0.00017,-0.00269,0,0,0
23.54,0.0043,-0.00016,0.00035,-0.00034,0.0002,-0,0.00026,-0.00015,0.00021,-1e-05,-1e-05,7e-05,-0,0.00594,-0.00067,0.00099,-0.00228,-0,0.00015,0,-0.00055,-0.00084,0.00055,0.00012,-1e-05,1e-05,0,-0.00031,-0.00042,0.00012,-0.00292,1e-05,0,0
23.56,0.0033,-4e-05,0.00028,-0.00033,0.00026,-0,0.00027,-0.0001,0.00011,-0,-2e-05,6e-05,-0,0.00529,-0.00083,0.00102,-0.00206,-0,0.00012,-0,-0.00021,-0.00062,0.00046,1e-05,-1e-05,0,0,-0.00021,-0.00045,7e-05,-0.00287,1e-05,0,0
23.58,0.00232,0.00012,0.00022,-0.00031,0.0003,-0,0.00027,-7e-05,4e-05,0,-1e-05,5e-05,-0,0.00474,-0.00091,0.00097,-0.00173,-0,0.0001,-1e-05,9e-05,-0.0003,0.00035,-0.00011,-1e-05,0,0,-3e-05,-0.00047,2e-05,-0.00255,1e-05,0,0
23.6,0.00136,0.0003,0.00016,-0.0003,0.00032,-0,0.00028,-4e-05,-3e-05,1e-05,-0,5e-05,-0,0.00427,-0.00094,0.00085,-0.00135,-0,8e-05,-1e-05,0.00036,9e-05,0.00021,-0.00023,-1e-05,-0,-0,0.00022,-0.00047,-3e-05,-0.00207,0,0,0
23.62,0.00043,0.00046,0.00011,-0.00029,0.00033,-0,0.0003,-2e-05,-0.0001,2e-05,-0,5e-05,-0,0.00384,-0.00092,0.00067,-0.00097,-0,7e-05,-2e-05,0.0006,0.00051,7e-05,-0.00034,-1e-05,-0,-0,0.00053,-0.00045,-8e-05,-0.00156,0,0,0
23.64,-0.00047,0.00058,7e-05,-0.0003,0.00032,-0,0.00035,-1e-05,-0.0002,3e-05,-0,4e-05,-0,0.00355,-0.00088,0.00049,-0.00058,-0,7e-05,-2e-05,0.0008,0.00095,-7e-05,-0.00044,-1e-05,-0,-0,0.00088,-0.00042,-0.00013,-0.00105,0,0,0
23.66,-0.00135,0.00064,4e-05,-0.00032,0.0003,-0,0.00042,-0,-0.00032,3e-05,-1e-05,2e-05,-0,0.00341,-0.00084,0.00032,-0.00015,-0,7e-05,-3e-05,0.00097,0.00135,-0.00019,-0.00051,-1e-05,-1e-05,-0,0.00125,-0.0004,-0.00017,-0.00057,1e-05,0,0
23.68,-0.00224,0.00067,3e-05,-0.00036,0.00028,-0,0.00051,-0,-0.00048,4e-05,-3e-05,-0,-0,0.00334,-0.00081,0.00019,0.00034,-0,8e-05,-3e-05,0.00111,0.00167,-0.00029,-0.00057,-1e-05,-1e-05,-0,0.00161,-0.00037,-0.00019,-0.00017,1e-05,0,0
23.7,-0.00318,0.00066,3e-05,-0.00042,0.00025,0,0.00063,0,-0.00066,5e-05,-6e-05,-3e-05,-0,0.00324,-0.00078,9e-05,0.0008,-0,9e-05,-3e-05,0.0012,0.00192,-0.00035,-0.00061,-1e-05,-1e-05,-0,0.00194,-0.00036,-0.0002,0.00014,1e-05,0,0
23.72,-0.00422,0.00063,3e-05,-0.00048,0.00021,0,0.00075,-0,-0.00086,5e-05,-0.0001,-7e-05,-0,0.00305,-0.00076,2e-05,0.0011,-0,0.00011,-3e-05,0.00124,0.00206,-0.00037,-0.00064,-2e-05,-1e-05,-0,0.00221,-0.00037,-0.00018,0.00037,1e-05,0,0
23.74,-0.00536,0.00058,4e-05,-0.00056,0.00018,0,0.00088,-1e-05,-0.00106,5e-05,-0.00013,-0.0001,-1e-05,0.00278,-0.00073,-2e-05,0.00133,0,0.00013,-2e-05,0.00124,0.0021,-0.00036,-0.00064,-2e-05,-1e-05,-0,0.00242,-0.0004,-0.00014,0.00052,1e-05,0,0
23.76,-0.00662,0.00053,6e-05,-0.00063,0.00015,0,0.00099,-1e-05,-0.00125,6e-05,-0.00017,-0.00014,-1e-05,0.00244,-0.00069,-5e-05,0.00155,0,0.00015,-2e-05,0.0012,0.00203,-0.00031,-0.00064,-2e-05,-1e-05,-0,0.00257,-0.00044,-9e-05,0.00061,0,0,0
23.78,-0.00794,0.00048,7e-05,-0.0007,0.00012,0,0.00107,-2e-05,-0.0014,6e-05,-0.0002,-0.00017,-1e-05,0.00204,-0.00062,-5e-05,0.00177,1e-05,0.00016,-1e-05,0.00112,0.00187,-0.00023,-0.00061,-2e-05,-1e-05,-0,0.00265,-0.00049,-5e-05,0.00067,0,0,0
23.8,-0.00924,0.00042,8e-05,-0.00075,0.0001,0,0.00111,-3e-05,-0.00146,6e-05,-0.00022,-0.00018,-1e-05,0.00158,-0.00054,-5e-05,0.00177,1e-05,0.00016,-1e-05,0.00101,0.00163,-0.00013,-0.00059,-2e-05,-1e-05,-0,0.00266,-0.00053,-1e-05,0.00069,0,0,0
23.82,-0.01041,0.00035,8e-05,-0.00078,7e-05,0,0.00108,-4e-05,-0.00136,5e-05,-0.0002,-0.00017,-1e-05,0.00108,-0.00045,-4e-05,0.00143,1e-05,0.00015,-1e-05,0.00089,0.00134,-2e-05,-0.00056,-2e-05,-0,-0,0.00264,-0.00054,1e-05,0.00069,0,0,0
23.84,-0.01133,0.00028,8e-05,-0.00079,5e-05,0,0.00097,-4e-05,-0.00113,4e-05,-0.00016,-0.00013,-1e-05,0.0006,-0.00035,-2e-05,0.00101,2e-05,0.00013,-1e-05,0.00075,0.00105,9e-05,-0.00053,-2e-05,-0,-0,0.00255,-0.00052,3e-05,0.00067,-0,0,0
23.86,-0.01193,0.0002,7e-05,-0.00077,4e-05,0,0.00079,-3e-05,-0.00085,3e-05,-0.00011,-8e-05,-1e-05,0.00015,-0.00023,1e-05,0.00064,2e-05,0.00011,-1e-05,0.00061,0.00076,0.00019,-0.00049,-2e-05,-0,-0,0.0024,-0.00047,3e-05,0.00063,-0,0,0
23.88,-0.01216,0.00012,5e-05,-0.00072,2e-05,-0,0.00056,-1e-05,-0.00052,3e-05,-5e-05,-3e-05,-1e-05,-0.00028,-0.00012,3e-05,0.00028,2e-05,9e-05,-0,0.00047,0.0005,0.00027,-0.00046,-2e-05,-0,0,0.0022,-0.0004,3e-05,0.00058,-0,0,0
23.9,-0.01202,5e-05,4e-05,-0.00064,1e-05,-0,0.00032,1e-05,-0.00023,2e-05,0,2e-05,-0,-0.0007,-1e-05,6e-05,-9e-05,2e-05,7e-05,0,0.00032,0.00026,0.00033,-0.00042,-3e-05,0,0,0.00194,-0.00033,3e-05,0.00052,0,0,0
23.92,-0.01151,-1e-05,2e-05,-0.00054,0,-0,0.00011,2e-05,-1e-05,1e-05,6e-05,7e-05,-0,-0.0011,8e-05,8e-05,-0.00045,1e-05,5e-05,0,0.00018,6e-05,0.00037,-0.00039,-3e-05,0,0,0.00163,-0.00028,2e-05,0.00044,0,0,0
23.94,-0.01067,-6e-05,1e-05,-0.00042,-1e-05,-0,-2e-05,3e-05,0.00013,1e-05,0.00011,0.00012,-0,-0.0015,0.00016,0.0001,-0.00076,1e-05,4e-05,1e-05,3e-05,-0.0001,0.00039,-0.00036,-3e-05,0,0,0.00129,-0.00023,1e-05,0.00035,0,0,0
23.96,-0.0095,-0.00011,1e-05,-0.00027,-1e-05,-0,-6e-05,3e-05,0.00016,-0,0.00014,0.00013,-0,-0.00189,0.00021,0.0001,-0.00105,-0,2e-05,1e-05,-0.00012,-0.00022,0.00038,-0.00033,-3e-05,0,0,0.00091,-0.00019,0,0.00026,0,0,0
23.98,-0.00804,-0.00017,2e-05,-0.00011,-2e-05,0,-2e-05,1e-05,8e-05,-1e-05,0.00014,0.00012,-0,-0.00225,0.00023,9e-05,-0.00136,-0,1e-05,2e-05,-0.00028,-0.00031,0.00035,-0.00031,-3e-05,0,0,0.0005,-0.00016,0,0.00016,1e-05,0,0
24,-0.00633,-0.00022,3e-05,6e-05,-3e-05,0,8e-05,-1e-05,-7e-05,-1e-05,0.00011,8e-05,-0,-0.00254,0.00023,5e-05,-0.00158,-0,0,2e-05,-0.00046,-0.00036,0.00031,-0.00029,-3e-05,1e-05,0,6e-05,-0.00013,-0,6e-05,1e-05,0,0
24.02,-0.00442,-0.00027,4e-05,0.00024,-3e-05,-0,0.00019,-2e-05,-0.00021,-2e-05,7e-05,3e-05,-1e-05,-0.00267,0.00022,-1e-05,-0.00151,0,-1e-05,3e-05,-0.00066,-0.00038,0.00026,-0.00028,-3e-05,1e-05,0,-0.00043,-0.00011,-0,-4e-05,1e-05,0,-0
24.04,-0.00235,-0.00031,6e-05,0.00041,-4e-05,-0,0.00028,-2e-05,-0.00026,-1e-05,4e-05,-1e-05,-1e-05,-0.00264,0.00022,-0.00012,-0.00123,1e-05,-2e-05,3e-05,-0.00088,-0.00037,0.00019,-0.00029,-3e-05,1e-05,0,-0.00094,-0.0001,0,-0.00015,1e-05,0,-0
24.06,-0.00016,-0.00036,9e-05,0.00058,-4e-05,-0,0.00034,1e-05,-0.00022,-1e-05,2e-05,-3e-05,-0,-0.00245,0.00024,-0.00027,-0.00092,2e-05,-3e-05,4e-05,-0.00112,-0.00033,0.00013,-0.0003,-3e-05,1e-05,0,-0.00148,-8e-05,0,-0.00026,1e-05,0,-0
24.08,0.00215,-0.0004,0.00014,0.00073,-4e-05,-0,0.00038,6e-05,-0.00012,-1e-05,-0,-4e-05,-0,-0.00221,0.00029,-0.00047,-0.00063,3e-05,-3e-05,4e-05,-0.00138,-0.00027,7e-05,-0.00032,-3e-05,1e-05,0,-0.00203,-7e-05,1e-05,-0.00036,1e-05,-0,-0
24.1,0.00453,-0.00043,0.00021,0.00086,-4e-05,-0,0.00041,0.00012,-1e-05,-0,-3e-05,-5e-05,-0,-0.0019,0.00037,-0.00073,-0.00016,3e-05,-4e-05,4e-05,-0.00166,-0.00019,1e-05,-0.00036,-2e-05,1e-05,0,-0.00258,-6e-05,1e-05,-0.00047,1e-05,-0,-0
24.12,0.00693,-0.00044,0.00032,0.00096,-3e-05,-0,0.00047,0.00018,8e-05,-0,-8e-05,-8e-05,0,-0.00154,0.00048,-0.00103,0.00077,4e-05,-5e-05,5e-05,-0.00196,-0.0001,-5e-05,-0.00041,-2e-05,1e-05,0,-0.00307,-6e-05,1e-05,-0.00058,1e-05,-0,-0
24.14,0.00928,-0.00043,0.00047,0.00104,-2e-05,-0,0.00058,0.00025,0.00011,0,-0.00015,-0.00014,1e-05,-0.0015,0.00053,-0.00133,0.00184,3e-05,-7e-05,6e-05,-0.00226,1e-05,-0.0001,-0.00047,-2e-05,1e-05,0,-0.0035,-6e-05,2e-05,-0.00068,1e-05,-0,-0
24.16,0.01152,-0.00043,0.00062,0.00108,-2e-05,-0,0.00074,0.00029,6e-05,0,-0.00023,-0.00021,1e-05,-0.00209,0.00047,-0.00157,0.00276,2e-05,-0.0001,7e-05,-0.00256,0.00012,-0.00016,-0.00055,-1e-05,1e-05,0,-0.00385,-6e-05,2e-05,-0.00078,1e-05,-0,-0
24.18,0.01351,-0.00042,0.00075,0.0011,-1e-05,-0,0.00091,0.00032,-6e-05,0,-0.00029,-0.00029,2e-05,-0.00346,0.00026,-0.00173,0.00359,0,-0.00014,6e-05,-0.00286,0.00023,-0.0002,-0.00063,-1e-05,1e-05,0,-0.00411,-6e-05,3e-05,-0.00088,1e-05,-0,-0
24.2,0.01508,-0.0004,0.00082,0.00109,-1e-05,-0,0.00106,0.00031,-0.0002,1e-05,-0.00024,-0.0003,3e-05,-0.00471,-9e-05,-0.00172,0.0042,0,-0.00017,5e-05,-0.00312,0.00032,-0.00025,-0.00069,-0,1e-05,0,-0.00426,-6e-05,3e-05,-0.00096,1e-05,-0,-0
24.22,0.0159,-0.00037,0.00074,0.00106,-2e-05,-0,0.00113,0.00026,-0.00025,1e-05,0.00014,-4e-05,4e-05,-0.00434,-0.00045,-0.00149,0.00433,4e-05,-9e-05,2e-05,-0.00325,0.00039,-0.00027,-0.00073,-0,0,0,-0.00431,-7e-05,3e-05,-0.00102,1e-05,-0,-0
24.24,0.01602,-0.00033,0.0006,0.00103,-3e-05,-0,0.00104,0.00018,-0.00016,2e-05,0.00081,0.00042,5e-05,-0.00336,-0.00072,-0.00119,0.00415,0.00011,5e-05,1e-05,-0.00328,0.00044,-0.00029,-0.00074,0,0,0,-0.00426,-7e-05,3e-05,-0.00105,1e-05,-0,-0
24.26,0.01551,-0.00028,0.00044,0.001,-4e-05,-0,0.00079,0.00011,7e-05,1e-05,0.00162,0.00091,8e-05,-0.00249,-0.00087,-0.00093,0.0037,0.00023,0.00019,0,-0.00324,0.00046,-0.00029,-0.00071,1e-05,0,0,-0.0041,-7e-05,3e-05,-0.00106,1e-05,-0,-0
24.28,0.01444,-0.00022,0.00027,0.00097,-4e-05,-0,0.00039,5e-05,0.00039,-2e-05,0.00248,0.00139,0.0001,-0.00139,-0.00086,-0.0007,0.003,0.00037,0.00034,0,-0.00309,0.00045,-0.00029,-0.00066,1e-05,0,0,-0.00385,-6e-05,3e-05,-0.00104,1e-05,-0,-0
24.3,0.01297,-0.00017,0.00012,0.00094,-5e-05,-0,-7e-05,3e-05,0.00073,-6e-05,0.00338,0.00183,0.00012,-0.00019,-0.00074,-0.00056,0.00188,0.00055,0.00048,1e-05,-0.00286,0.00042,-0.00027,-0.00057,1e-05,0,-0,-0.00353,-6e-05,2e-05,-0.00098,1e-05,-0,-0
24.32,0.01125,-0.00011,2e-05,0.00091,-5e-05,-0,-0.00052,4e-05,0.00107,-0.00012,0.00433,0.00219,0.00013,0.00056,-0.00061,-0.00044,0.00054,0.00073,0.00054,3e-05,-0.00256,0.00037,-0.00026,-0.00048,1e-05,0,-0,-0.00313,-5e-05,2e-05,-0.00089,0,-0,-0
24.34,0.00944,-7e-05,-3e-05,0.00087,-4e-05,-0,-0.00093,6e-05,0.00137,-0.00014,0.00499,0.0024,0.00014,0.0009,-0.00049,-0.00024,-0.00061,0.00093,0.00058,5e-05,-0.0022,0.00033,-0.00023,-0.00036,1e-05,0,-0,-0.00268,-4e-05,1e-05,-0.00077,0,-0,-0
24.36,0.00763,-4e-05,-5e-05,0.00084,-4e-05,0,-0.0013,2e-05,0.0016,-0.0001,0.00512,0.00245,0.00013,0.00109,-0.00036,2e-05,-0.0015,0.00119,0.00061,8e-05,-0.00175,0.00029,-0.00021,-0.00023,2e-05,0,-0,-0.00216,-3e-05,1e-05,-0.00063,0,-0,-0
24.38,0.00592,-1e-05,-4e-05,0.0008,-3e-05,0,-0.00163,-5e-05,0.00178,-3e-05,0.00493,0.00241,0.00011,0.00126,-0.00025,0.00031,-0.00214,0.00146,0.00064,0.00011,-0.00126,0.00026,-0.00019,-9e-05,2e-05,0,-0,-0.00159,-1e-05,1e-05,-0.00047,0,-0,-0
24.4,0.00442,1e-05,-1e-05,0.00075,-2e-05,0,-0.00189,-0.00013,0.00182,2e-05,0.00432,0.00225,8e-05,0.00113,-0.0002,0.00058,-0.00248,0.00178,0.00066,0.00015,-0.00076,0.00025,-0.00017,6e-05,2e-05,0,-0,-0.00101,1e-05,0,-0.0003,0,-0,-0
24.42,0.00319,4e-05,2e-05,0.0007,-1e-05,0,-0.00204,-0.00017,0.0016,5e-05,0.00322,0.00194,5e-05,0.00062,-0.00027,0.00082,-0.00251,0.00221,0.00069,0.00019,-0.00027,0.00025,-0.00015,0.0002,2e-05,0,-0,-0.00044,3e-05,-0,-0.00013,0,-0,-0
24.44,0.00227,5e-05,5e-05,0.00065,-0,0,-0.00206,-0.00018,0.00118,8e-05,0.00214,0.0016,3e-05,0.00028,-0.00037,0.00103,-0.00225,0.00265,0.00073,0.00024,0.00021,0.00026,-0.00013,0.00036,2e-05,0,0,0.00013,6e-05,-0,3e-05,0,-0,-0
24.46,0.00169,7e-05,7e-05,0.0006,0,0,-0.00193,-0.00017,0.00058,9e-05,0.00133,0.00131,1e-05,0.00022,-0.00042,0.00125,-0.00182,0.00299,0.00077,0.00028,0.00067,0.00027,-0.0001,0.0005,2e-05,0,0,0.00071,9e-05,-0,0.00017,0,-0,-0
24.48,0.00143,8e-05,8e-05,0.00054,1e-05,0,-0.00166,-0.00016,-0.00018,0.00011,0.00071,0.00105,-0,0.00023,-0.00042,0.0015,-0.00122,0.00321,0.00081,0.0003,0.0011,0.00028,-8e-05,0.00063,2e-05,0,0,0.00127,0.00012,-0,0.00029,0,-0,-0
24.5,0.0015,9e-05,8e-05,0.00049,2e-05,0,-0.00125,-0.00015,-0.00105,0.00012,0.00027,0.00082,-1e-05,0.00017,-0.00037,0.00173,-0.00065,0.00329,0.00085,0.00031,0.0015,0.00027,-5e-05,0.00074,1e-05,0,0,0.00183,0.00016,0,0.00038,0,-0,-0
24.52,0.00186,0.0001,7e-05,0.00045,3e-05,-0,-0.00071,-0.00016,-0.00192,0.00014,-4e-05,0.00062,-2e-05,-3e-05,-0.00029,0.0019,-0.00032,0.0032,0.00088,0.00031,0.00189,0.00023,-2e-05,0.00083,1e-05,0,0,0.00241,0.0002,-0,0.00044,0,-0,-0
24.54,0.00244,0.0001,5e-05,0.00042,3e-05,-0,-0.0001,-0.00019,-0.00269,0.00014,-0.00023,0.00045,-3e-05,-0.00033,-0.0002,0.00199,-0.00011,0.00297,0.0009,0.0003,0.00227,0.00015,1e-05,0.0009,1e-05,0,0,0.00298,0.00024,-0,0.00048,0,-0,-0
24.56,0.00319,0.0001,3e-05,0.00041,4e-05,-0,0.00054,-0.00022,-0.00335,0.00014,-0.00033,0.00031,-3e-05,-0.00071,-0.00012,0.00198,0.0001,0.00266,0.0009,0.00027,0.00262,1e-05,4e-05,0.00093,1e-05,0,0,0.00355,0.00027,-0,0.00049,0,-0,-0
24.58,0.00399,0.0001,1e-05,0.00041,5e-05,0,0.00117,-0.00023,-0.00387,0.00012,-0.00039,0.00019,-3e-05,-0.00111,-5e-05,0.00186,0.00026,0.00231,0.00088,0.00024,0.00296,-0.00015,7e-05,0.00094,1e-05,0,0,0.00411,0.00031,-0,0.00048,0,-0,-0
24.6,0.00471,0.0001,0,0.00041,5e-05,0,0.00172,-0.00024,-0.00412,0.0001,-0.00041,9e-05,-3e-05,-0.00145,0,0.00161,0.00037,0.00191,0.00084,0.0002,0.00328,-0.00034,9e-05,0.00093,0,0,0,0.00464,0.00035,-0,0.00045,0,-0,-0
24.62,0.00522,0.0001,-0,0.00041,6e-05,0,0.00214,-0.00022,-0.00391,8e-05,-0.00037,1e-05,-3e-05,-0.00168,3e-05,0.00123,0.00044,0.00146,0.00078,0.00016,0.0036,-0.00053,0.0001,0.00089,0,0,0,0.00513,0.00038,-0,0.00041,0,-0,-0
24.64,0.00541,0.00011,1e-05,0.00041,6e-05,0,0.0024,-0.00017,-0.00346,5e-05,-0.0003,-4e-05,-2e-05,-0.0018,4e-05,0.00081,0.00047,0.00104,0.00071,0.00011,0.00388,-0.00069,0.0001,0.00083,-0,0,0,0.00556,0.00042,-0,0.00036,0,-0,-0
24.66,0.00522,0.00011,3e-05,0.00039,7e-05,0,0.00249,-0.00012,-0.00296,2e-05,-0.00025,-6e-05,-2e-05,-0.00179,5e-05,0.00039,0.00047,0.00071,0.00065,8e-05,0.0041,-0.00081,8e-05,0.00077,-0,0,0,0.0059,0.00045,-0,0.00031,-0,-0,-0
24.68,0.00467,0.00013,7e-05,0.00036,7e-05,0,0.00242,-7e-05,-0.00239,1e-05,-0.0002,-7e-05,-2e-05,-0.00166,4e-05,-4e-05,0.00045,0.00044,0.00058,5e-05,0.00427,-0.00089,4e-05,0.0007,-0,0,0,0.00615,0.00047,-0,0.00026,-0,-0,-0
24.7,0.00383,0.00014,0.0001,0.00031,6e-05,0,0.00223,-3e-05,-0.0019,-1e-05,-0.00017,-7e-05,-1e-05,-0.00143,4e-05,-0.00046,0.00039,0.00021,0.00051,2e-05,0.00435,-0.00094,-1e-05,0.00062,-0,0,0,0.0063,0.00048,0,0.0002,-0,-0,-0
24.72,0.00283,0.00015,0.00014,0.00026,6e-05,0,0.00198,-1e-05,-0.00157,-1e-05,-0.00017,-5e-05,-1e-05,-0.00114,3e-05,-0.00088,0.00029,3e-05,0.00044,-0,0.00434,-0.00095,-6e-05,0.00054,-0,0,0,0.00634,0.00048,0,0.00015,-0,-0,-0
24.74,0.00178,0.00017,0.00016,0.0002,6e-05,0,0.00171,-0,-0.00129,-1e-05,-0.00015,-3e-05,-1e-05,-0.00081,2e-05,-0.00129,0.00018,-0.00013,0.00037,-3e-05,0.00425,-0.00093,-0.00012,0.00046,-0,0,0,0.00628,0.00048,1e-05,0.00011,-0,-0,-0
24.76,0.00076,0.00019,0.00017,0.00014,6e-05,0,0.00145,0,-0.00101,-1e-05,-0.00012,-1e-05,-1e-05,-0.00047,1e-05,-0.00168,9e-05,-0.00027,0.0003,-5e-05,0.00411,-0.00088,-0.00017,0.00039,-0,0,0,0.00612,0.00049,0,6e-05,-0,-0,-0
24.78,-0.00013,0.0002,0.00018,8e-05,5e-05,0,0.0012,-0,-0.00076,-1e-05,-9e-05,1e-05,-1e-05,-0.00014,0,-0.00204,-0,-0.00039,0.00023,-7e-05,0.00391,-0.00081,-0.00022,0.00032,-0,0,0,0.00588,0.00049,0,2e-05,-0,-0,-0
24.8,-0.00084,0.00022,0.00018,4e-05,5e-05,-0,0.00099,-0,-0.00056,-1e-05,-6e-05,2e-05,-1e-05,0.00014,-0,-0.00229,-8e-05,-0.00047,0.00016,-9e-05,0.00365,-0.0007,-0.00027,0.00026,-0,0,0,0.00555,0.00049,-0,-1e-05,-0,-0,-0
24.82,-0.00131,0.00023,0.00017,1e-05,4e-05,-0,0.0008,-0,-0.0004,-1e-05,-3e-05,4e-05,-0,0.00036,-0,-0.00231,-0.00014,-0.00051,9e-05,-9e-05,0.00335,-0.00056,-0.00032,0.00021,-0,0,0,0.00514,0.00049,-1e-05,-4e-05,-0,-0,-0
24.84,-0.00152,0.00023,0.00016,-1e-05,4e-05,-0,0.00064,-0,-0.00028,-1e-05,-1e-05,4e-05,-0,0.0005,-0,-0.00217,-0.00018,-0.0005,4e-05,-8e-05,0.00301,-0.00041,-0.00037,0.00017,-0,0,0,0.0047,0.00048,-1e-05,-6e-05,0,-0,-0
24.86,-0.00144,0.00023,0.00014,-0,4e-05,-0,0.0005,-0,-0.00018,-1e-05,-0,5e-05,-0,0.00057,-0,-0.00194,-0.00021,-0.00047,0,-7e-05,0.00267,-0.00024,-0.00043,0.00014,0,0,-0,0.00425,0.00045,-1e-05,-7e-05,0,-0,-0
24.88,-0.00111,0.00023,0.00012,2e-05,3e-05,-0,0.00038,-0,-9e-05,-1e-05,1e-05,5e-05,-0,0.00056,-0,-0.00161,-0.00022,-0.00041,-3e-05,-6e-05,0.00233,-8e-05,-0.00047,0.00012,0,-0,-0,0.00381,0.00041,-1e-05,-8e-05,0,-0,-0
24.9,-0.00056,0.00021,0.00011,6e-05,3e-05,-0,0.00026,-0,-1e-05,-1e-05,2e-05,6e-05,0,0.0005,-0,-0.00128,-0.00022,-0.00035,-4e-05,-5e-05,0.00199,6e-05,-0.0005,0.00011,0,-0,-0,0.00339,0.00036,-1e-05,-8e-05,0,-0,-0
24.92,0.00015,0.0002,9e-05,0.00011,3e-05,-0,0.00013,-0,9e-05,-1e-05,4e-05,6e-05,0,0.00041,0,-0.00099,-0.00021,-0.00029,-5e-05,-4e-05,0.00166,0.00015,-0.0005,0.00011,1e-05,-0,-0,0.003,0.00029,-0,-8e-05,0,-0,-0
24.94,0.00096,0.00018,8e-05,0.00017,2e-05,-0,-1e-05,0,0.00022,-0,7e-05,8e-05,0,0.0003,0,-0.00069,-0.00019,-0.00023,-6e-05,-3e-05,0.00137,0.00018,-0.00046,0.00011,1e-05,-0,-0,0.00265,0.00022,0,-6e-05,-0,-0,-0
24.96,0.00181,0.00016,7e-05,0.00024,2e-05,0,-0.00019,0,0.0004,-0,0.00011,0.0001,1e-05,0.00019,-0,-0.00039,-0.00018,-0.00015,-6e-05,-2e-05,0.00111,0.00014,-0.0004,0.00012,1e-05,-0,-0,0.00234,0.00015,1e-05,-5e-05,-0,-0,-0
24.98,0.00267,0.00014,6e-05,0.00031,1e-05,0,-0.0004,1e-05,0.00063,-0,0.00017,0.00014,1e-05,8e-05,-0,-9e-05,-0.00016,-7e-05,-5e-05,-1e-05,0.0009,4e-05,-0.00031,0.00013,1e-05,0,0,0.00208,7e-05,2e-05,-3e-05,-0,-0,-0
25,0.00347,0.00012,5e-05,0.00037,1e-05,0,-0.00067,1e-05,0.00093,0,0.00026,0.00018,2e-05,-3e-05,-0,0.00019,-0.00014,1e-05,-4e-05,-0,0.00072,-0.0001,-0.00021,0.00015,0,0,0,0.00185,-0,2e-05,-1e-05,-0,-0,-0
25.02,0.00415,0.0001,4e-05,0.00043,1e-05,0,-0.00099,2e-05,0.00128,1e-05,0.00037,0.00024,2e-05,-0.00014,-0,0.00047,-0.00012,9e-05,-2e-05,1e-05,0.00057,-0.00026,-0.00011,0.00016,0,0,0,0.00165,-7e-05,3e-05,2e-05,-0,0,0
25.04,0.00468,8e-05,3e-05,0.00046,0,0,-0.00137,4e-05,0.0017,1e-05,0.00052,0.00032,3e-05,-0.00025,-1e-05,0.00073,-0.0001,0.00017,-0,2e-05,0.00044,-0.00041,-1e-05,0.00018,0,0,0,0.00146,-0.00012,5e-05,4e-05,-0,0,0
25.06,0.00503,7e-05,2e-05,0.00048,0,0,-0.00178,6e-05,0.00215,2e-05,0.0007,0.00039,4e-05,-0.00035,-1e-05,0.00097,-8e-05,0.00025,2e-05,3e-05,0.00031,-0.00053,7e-05,0.0002,0,0,0,0.00127,-0.00015,6e-05,6e-05,-0,0,0
25.08,0.00521,5e-05,2e-05,0.00048,0,0,-0.00221,8e-05,0.00256,2e-05,0.00087,0.00047,5e-05,-0.00045,-1e-05,0.00117,-6e-05,0.00032,4e-05,4e-05,0.0002,-0.00063,0.00014,0.00021,-0,0,0,0.00108,-0.00017,6e-05,8e-05,-0,0,0
25.1,0.00521,4e-05,1e-05,0.00047,0,0,-0.00257,0.0001,0.00296,3e-05,0.00104,0.00053,6e-05,-0.00053,-1e-05,0.00133,-4e-05,0.00037,6e-05,5e-05,9e-05,-0.0007,0.00019,0.00021,-0,0,0,0.0009,-0.00018,7e-05,9e-05,-0,0,0
25.12,0.00505,3e-05,1e-05,0.00045,0,-0,-0.00277,0.00013,0.00349,4e-05,0.00122,0.00058,8e-05,-0.00058,-1e-05,0.00146,-2e-05,0.00041,7e-05,6e-05,-2e-05,-0.00073,0.00021,0.00021,-0,0,0,0.00074,-0.00018,7e-05,0.0001,-0,0,0
25.14,0.00474,3e-05,0,0.00042,0,-0,-0.00276,0.00013,0.00396,4e-05,0.00134,0.0006,0.0001,-0.00059,-1e-05,0.00151,0,0.00042,8e-05,6e-05,-0.00011,-0.00073,0.00022,0.0002,-0,0,0,0.00059,-0.00017,6e-05,0.00011,-0,0,0
25.16,0.00431,3e-05,0,0.00038,1e-05,-0,-0.00253,0.0001,0.00408,3e-05,0.0013,0.00056,0.0001,-0.00057,-1e-05,0.00144,1e-05,0.00039,8e-05,6e-05,-0.0002,-0.0007,0.00022,0.00018,-0,0,0,0.00045,-0.00016,6e-05,0.00011,-0,0,0
25.18,0.00377,2e-05,0,0.00034,1e-05,-0,-0.0021,6e-05,0.00386,2e-05,0.00112,0.00047,9e-05,-0.0005,-1e-05,0.00125,2e-05,0.00034,8e-05,5e-05,-0.00028,-0.00064,0.00019,0.00016,-0,0,0,0.00034,-0.00015,5e-05,0.00011,-0,0,0
25.2,0.00317,2e-05,0,0.0003,1e-05,-0,-0.00152,2e-05,0.00303,1e-05,0.00081,0.00034,7e-05,-0.0004,-0,0.00094,3e-05,0.00025,6e-05,4e-05,-0.00035,-0.00056,0.00016,0.00013,-0,0,0,0.00025,-0.00014,5e-05,0.0001,-0,0,0
25.22,0.00253,2e-05,1e-05,0.00025,2e-05,-0,-0.00086,0,0.00154,1e-05,0.00038,0.00018,3e-05,-0.00028,-0,0.00052,3e-05,0.00013,4e-05,2e-05,-0.0004,-0.00047,0.00012,9e-05,-0,0,0,0.00018,-0.00013,4e-05,9e-05,-0,0,0
25.24,0.00189,2e-05,1e-05,0.00021,3e-05,0,-0.00014,0,-0.00011,1e-05,-1e-05,1e-05,-0,-0.00014,0,5e-05,2e-05,1e-05,2e-05,0,-0.00043,-0.00037,8e-05,6e-05,-0,0,0,0.00012,-0.00011,4e-05,8e-05,-0,0,0
25.26,0.00128,2e-05,1e-05,0.00016,4e-05,0,0.0006,-1e-05,-0.0017,1e-05,-0.00031,-0.00015,-3e-05,-0,1e-05,-0.00042,2e-05,-0.0001,-1e-05,-2e-05,-0.00045,-0.00026,4e-05,4e-05,-0,0,0,8e-05,-0.0001,3e-05,7e-05,-0,-0,0
25.28,0.0007,2e-05,1e-05,0.00011,4e-05,0,0.00128,-5e-05,-0.00319,1e-05,-0.00053,-0.00028,-5e-05,0.00013,1e-05,-0.00086,1e-05,-0.0002,-3e-05,-3e-05,-0.00046,-0.00014,-0,1e-05,-0,0,0,5e-05,-8e-05,2e-05,6e-05,0,-0,0
25.3,0.00017,2e-05,1e-05,6e-05,5e-05,0,0.00187,-0.00012,-0.00427,2e-05,-0.00065,-0.00037,-7e-05,0.00025,2e-05,-0.00121,0,-0.00029,-5e-05,-4e-05,-0.00046,-3e-05,-4e-05,-1e-05,-0,0,0,2e-05,-6e-05,1e-05,5e-05,0,-0,-0
25.32,-0.00029,2e-05,2e-05,1e-05,6e-05,0,0.00233,-0.00019,-0.00445,3e-05,-0.00059,-0.00042,-6e-05,0.00033,2e-05,-0.00141,-0,-0.00033,-7e-05,-5e-05,-0.00045,8e-05,-8e-05,-2e-05,-0,0,0,-0,-4e-05,1e-05,5e-05,0,-0,-0
25.34,-0.00066,2e-05,3e-05,-4e-05,8e-05,0,0.00261,-0.00023,-0.00407,4e-05,-0.00045,-0.00043,-5e-05,0.00037,2e-05,-0.00146,-1e-05,-0.00034,-8e-05,-5e-05,-0.00044,0.00018,-0.00011,-3e-05,0,0,0,-2e-05,-2e-05,-0,4e-05,0,-0,-0
25.36,-0.00093,1e-05,4e-05,-0.0001,9e-05,0,0.00267,-0.00024,-0.00353,5e-05,-0.00032,-0.00042,-3e-05,0.00036,2e-05,-0.0014,-1e-05,-0.00033,-8e-05,-5e-05,-0.00043,0.00026,-0.00013,-3e-05,0,0,0,-4e-05,-0,-1e-05,4e-05,0,-0,-0
25.38,-0.00109,1e-05,5e-05,-0.00015,0.0001,0,0.00254,-0.0002,-0.00282,4e-05,-0.0002,-0.00038,-1e-05,0.00031,3e-05,-0.00124,-1e-05,-0.0003,-7e-05,-4e-05,-0.00043,0.00033,-0.00015,-3e-05,0,0,0,-6e-05,2e-05,-1e-05,4e-05,0,-0,-0
25.4,-0.00113,0,7e-05,-0.00021,0.00011,0,0.00228,-0.00015,-0.00222,4e-05,-0.00015,-0.00033,-0,0.00021,3e-05,-0.00103,-0,-0.00026,-5e-05,-3e-05,-0.00043,0.00037,-0.00016,-2e-05,0,0,0,-8e-05,3e-05,-2e-05,4e-05,0,-0,-0
25.42,-0.00103,-0,8e-05,-0.00027,0.00012,0,0.00193,-0.00012,-0.00185,3e-05,-0.00017,-0.00029,-1e-05,9e-05,3e-05,-0.00081,1e-05,-0.00022,-3e-05,-3e-05,-0.00043,0.00039,-0.00016,-2e-05,0,0,0,-0.0001,4e-05,-2e-05,4e-05,1e-05,-0,-0
25.44,-0.00078,-0,0.0001,-0.00033,0.00012,0,0.00159,-9e-05,-0.00152,3e-05,-0.00019,-0.00024,-1e-05,-6e-05,3e-05,-0.00059,4e-05,-0.00017,-1e-05,-2e-05,-0.00044,0.00037,-0.00014,-2e-05,0,0,0,-0.00012,4e-05,-2e-05,4e-05,1e-05,-0,-0
25.46,-0.00036,-0,0.00012,-0.00038,0.00013,0,0.00129,-7e-05,-0.00118,2e-05,-0.00017,-0.00019,-1e-05,-0.00022,3e-05,-0.00035,7e-05,-0.00012,1e-05,-2e-05,-0.00045,0.00033,-0.00012,-2e-05,0,0,0,-0.00015,3e-05,-2e-05,3e-05,1e-05,-0,-0
25.48,0.0002,-0,0.00015,-0.00044,0.00014,0,0.00105,-4e-05,-0.00089,2e-05,-0.00014,-0.00014,-1e-05,-0.0004,4e-05,-0.00011,0.00011,-6e-05,4e-05,-1e-05,-0.00047,0.00026,-8e-05,-3e-05,0,0,0,-0.00019,2e-05,-1e-05,3e-05,1e-05,-0,-0
25.5,0.00089,-0,0.00017,-0.0005,0.00015,0,0.00088,-2e-05,-0.00064,2e-05,-0.0001,-0.00011,-1e-05,-0.0006,5e-05,0.00012,0.00017,-1e-05,6e-05,-0,-0.00049,0.00018,-4e-05,-3e-05,0,0,0,-0.00022,-0,-1e-05,2e-05,0,-0,-0
25.52,0.00167,-0,0.00019,-0.00055,0.00015,0,0.00076,-1e-05,-0.00045,2e-05,-6e-05,-8e-05,-0,-0.0008,6e-05,0.00033,0.00023,4e-05,9e-05,0,-0.00052,9e-05,1e-05,-4e-05,-0,0,0,-0.00026,-2e-05,-1e-05,1e-05,0,-0,-0
25.54,0.00248,0,0.0002,-0.0006,0.00015,0,0.00071,0,-0.00031,2e-05,-3e-05,-6e-05,-0,-0.001,7e-05,0.00053,0.00029,8e-05,0.00011,1e-05,-0.00055,1e-05,5e-05,-5e-05,-0,0,0,-0.0003,-5e-05,-1e-05,-1e-05,0,-0,-0
25.56,0.00323,0,0.00021,-0.00064,0.00015,0,0.00069,1e-05,-0.00021,2e-05,0,-5e-05,-0,-0.00118,8e-05,0.00069,0.00036,0.00012,0.00013,1e-05,-0.00058,-5e-05,9e-05,-6e-05,-0,0,0,-0.00034,-7e-05,-0,-2e-05,0,-0,-0
25.58,0.0038,0,0.00021,-0.00067,0.00015,0,0.00069,1e-05,-0.00015,2e-05,2e-05,-4e-05,0,-0.00132,8e-05,0.0008,0.0004,0.00015,0.00015,2e-05,-0.0006,-0.0001,0.00011,-8e-05,-0,0,0,-0.00036,-9e-05,-0,-3e-05,0,-0,-0
25.6,0.00405,0,0.00019,-0.00065,0.00015,0,0.00069,1e-05,-0.00012,2e-05,3e-05,-4e-05,0,-0.00138,8e-05,0.00086,0.00043,0.00016,0.00015,2e-05,-0.00062,-0.00012,0.00013,-8e-05,-0,0,0,-0.00035,-0.0001,0,-4e-05,0,-0,-0
25.62,0.00383,1e-05,0.00017,-0.00059,0.00015,0,0.00065,1e-05,-0.00011,3e-05,4e-05,-3e-05,0,-0.00132,7e-05,0.00085,0.00045,0.00016,0.00014,2e-05,-0.00061,-0.00012,0.00012,-9e-05,-0,0,0,-0.00031,-0.00011,0,-4e-05,0,-0,-0
25.64,0.00308,1e-05,0.00014,-0.00048,0.00015,0,0.00055,0,-0.0001,4e-05,4e-05,-2e-05,0,-0.00113,6e-05,0.00075,0.00042,0.00013,0.00012,2e-05,-0.00059,-0.00011,0.0001,-9e-05,-1e-05,0,0,-0.00024,-0.00011,0,-4e-05,0,-0,-0
25.66,0.00182,2e-05,0.00011,-0.00033,0.00015,0,0.00038,-0,-8e-05,5e-05,4e-05,-1e-05,0,-0.00082,4e-05,0.00055,0.0003,9e-05,9e-05,1e-05,-0.00055,-8e-05,7e-05,-9e-05,-1e-05,0,0,-0.00013,-0.0001,0,-3e-05,0,-0,-0
25.68,0.00018,4e-05,8e-05,-0.00014,0.00014,0,0.00015,0,-5e-05,6e-05,5e-05,2e-05,0,-0.00042,2e-05,0.00027,0.0001,3e-05,4e-05,0,-0.0005,-4e-05,3e-05,-8e-05,-1e-05,0,0,1e-05,-8e-05,0,-2e-05,0,-0,-0
25.7,-0.00161,4e-05,4e-05,5e-05,0.00013,0,-0.00012,0,0,7e-05,6e-05,5e-05,0,2e-05,0,-6e-05,-0.00016,-4e-05,-1e-05,-0,-0.00045,-2e-05,-2e-05,-7e-05,-1e-05,0,0,0.00015,-6e-05,0,-0,0,-0,-0
25.72,-0.00328,4e-05,-0,0.00023,0.00011,0,-0.00039,0,9e-05,8e-05,8e-05,9e-05,0,0.00042,-2e-05,-0.00036,-0.00038,-9e-05,-5e-05,-1e-05,-0.00041,-1e-05,-6e-05,-6e-05,-1e-05,0,0,0.00028,-3e-05,0,2e-05,0,-0,-0
25.74,-0.00462,2e-05,-3e-05,0.00038,8e-05,0,-0.00063,0,0.0002,0.0001,0.00011,0.00013,0,0.00073,-3e-05,-0.00057,-0.00047,-0.00013,-8e-05,-2e-05,-0.00039,-3e-05,-8e-05,-5e-05,-1e-05,0,0,0.00036,0,-0,3e-05,1e-05,-0,-0
25.76,-0.0055,-1e-05,-5e-05,0.00047,5e-05,0,-0.00084,-0,0.00036,0.00011,0.00015,0.00018,1e-05,0.00092,-4e-05,-0.00069,-0.0005,-0.00015,-0.0001,-2e-05,-0.00039,-0.0001,-8e-05,-4e-05,-0,0,0,0.00039,3e-05,-0,4e-05,1e-05,-0,-0
25.78,-0.00589,-5e-05,-5e-05,0.00051,3e-05,0,-0.00101,-0,0.00055,0.00012,0.00021,0.00023,1e-05,0.001,-5e-05,-0.00071,-0.00045,-0.00015,-0.0001,-2e-05,-0.00043,-0.00023,-5e-05,-3e-05,-0,0,0,0.00036,5e-05,-0,5e-05,1e-05,-0,-0
25.8,-0.00589,-8e-05,-5e-05,0.0005,1e-05,0,-0.00114,0,0.00079,0.00012,0.0003,0.00029,2e-05,0.00097,-6e-05,-0.00066,-0.00038,-0.00013,-0.0001,-2e-05,-0.00049,-0.00043,0,-3e-05,-0,0,0,0.00026,7e-05,-0,5e-05,1e-05,-0,-0
25.82,-0.00564,-0.00011,-3e-05,0.00046,-1e-05,0,-0.00127,2e-05,0.00107,0.00011,0.00039,0.00034,2e-05,0.00086,-6e-05,-0.00059,-0.00034,-0.00012,-9e-05,-1e-05,-0.00059,-0.00071,8e-05,-3e-05,-0,0,0,9e-05,9e-05,-0,5e-05,1e-05,-0,-0
25.84,-0.00531,-0.00013,-2e-05,0.00039,-2e-05,0,-0.00137,3e-05,0.00137,9e-05,0.0005,0.00038,3e-05,0.00071,-6e-05,-0.00049,-0.0003,-0.0001,-9e-05,-1e-05,-0.00071,-0.00108,0.00018,-4e-05,-0,0,0,-0.00013,0.00011,-0,5e-05,1e-05,-0,-0
25.86,-0.00504,-0.00015,-0,0.00032,-4e-05,0,-0.00145,5e-05,0.00168,7e-05,0.0006,0.00041,4e-05,0.00055,-5e-05,-0.00038,-0.00025,-8e-05,-8e-05,-1e-05,-0.00086,-0.00151,0.0003,-7e-05,-0,0,0,-0.00041,0.00013,-0,4e-05,1e-05,-0,-0
25.88,-0.00489,-0.00017,1e-05,0.00024,-5e-05,0,-0.00148,6e-05,0.0019,3e-05,0.00066,0.0004,5e-05,0.00041,-5e-05,-0.00028,-0.00021,-6e-05,-9e-05,-1e-05,-0.00104,-0.002,0.0004,-9e-05,-0,0,0,-0.00073,0.00014,-0,2e-05,1e-05,-0,-0
25.9,-0.00492,-0.00018,2e-05,0.00017,-6e-05,0,-0.00142,5e-05,0.00209,-1e-05,0.00066,0.00035,6e-05,0.0003,-4e-05,-0.00018,-0.00018,-4e-05,-0.0001,-0,-0.00125,-0.00245,0.00048,-0.00013,-0,0,0,-0.00107,0.00015,-0,1e-05,1e-05,-0,-0
25.92,-0.00513,-0.0002,2e-05,0.00011,-7e-05,0,-0.00122,3e-05,0.00237,-3e-05,0.00061,0.00025,7e-05,0.00021,-4e-05,-9e-05,-0.00016,-3e-05,-0.00012,-0,-0.00147,-0.00276,0.00052,-0.00018,0,0,0,-0.0014,0.00015,0,-1e-05,1e-05,-0,-0
25.94,-0.00549,-0.0002,2e-05,6e-05,-8e-05,0,-0.00092,-2e-05,0.00253,2e-05,0.00044,7e-05,6e-05,0.00017,-4e-05,-2e-05,-0.00015,-2e-05,-0.00015,0,-0.0017,-0.0029,0.00049,-0.00023,1e-05,0,0,-0.00172,0.00015,1e-05,-3e-05,1e-05,-0,-0
25.96,-0.00593,-0.0002,2e-05,2e-05,-8e-05,0,-0.00055,-6e-05,0.00231,0.00016,0.00014,-0.00018,4e-05,0.00016,-3e-05,4e-05,-0.00014,-2e-05,-0.00019,0,-0.00192,-0.00286,0.00037,-0.0003,1e-05,0,0,-0.002,0.00013,1e-05,-5e-05,1e-05,-0,-0
25.98,-0.00636,-0.00017,-0,-1e-05,-9e-05,0,-0.0002,-8e-05,0.00182,0.00043,-0.00023,-0.00047,1e-05,0.0002,-3e-05,9e-05,-0.00015,-2e-05,-0.00024,0,-0.00211,-0.00262,0.0002,-0.00036,2e-05,0,-0,-0.00221,0.00011,1e-05,-7e-05,0,0,0
26,-0.00664,-0.00013,-4e-05,-3e-05,-9e-05,0,3e-05,-8e-05,0.00096,0.00079,-0.00062,-0.00074,-4e-05,0.00026,-3e-05,0.00013,-0.00017,-3e-05,-0.00029,0,-0.00224,-0.00226,-2e-05,-0.00043,2e-05,-0,-0,-0.00234,6e-05,2e-05,-8e-05,0,0,0
26.02,-0.00665,-8e-05,-0.00011,-3e-05,-8e-05,-0,8e-05,-5e-05,3e-05,0.00115,-0.00074,-0.00085,-9e-05,0.00035,-3e-05,0.00016,-0.00018,-3e-05,-0.00032,1e-05,-0.00226,-0.00183,-0.00022,-0.00047,3e-05,-0,-0,-0.00237,-1e-05,4e-05,-8e-05,-0,0,0
26.04,-0.00629,-2e-05,-0.00021,-3e-05,-8e-05,-0,-6e-05,-3e-05,-0.00044,0.00155,-0.00061,-0.00078,-0.00012,0.00046,-3e-05,0.00019,-0.0002,-4e-05,-0.00035,1e-05,-0.00217,-0.00136,-0.00036,-0.00048,3e-05,-1e-05,-0,-0.00227,-8e-05,8e-05,-8e-05,-0,0,0
26.06,-0.00552,5e-05,-0.00033,-0,-7e-05,-0,-0.00031,-1e-05,-0.00054,0.00198,-0.00041,-0.00061,-0.00015,0.00058,-2e-05,0.00022,-0.00021,-5e-05,-0.00038,1e-05,-0.00199,-0.00087,-0.00043,-0.00049,3e-05,-1e-05,-0,-0.00204,-0.00017,0.00011,-8e-05,-0,0,0
26.08,-0.00438,0.00014,-0.00048,3e-05,-7e-05,-0,-0.00064,0,-0.00044,0.00235,-0.00013,-0.00039,-0.00015,0.0007,-2e-05,0.00024,-0.00023,-5e-05,-0.00039,1e-05,-0.00171,-0.00041,-0.00043,-0.00048,2e-05,-1e-05,-0,-0.0017,-0.00027,0.00013,-6e-05,-0,0,0
26.1,-0.00296,0.00021,-0.00061,7e-05,-7e-05,-0,-0.00105,0,-0.0003,0.00272,0.00014,-0.00017,-0.00014,0.00081,-2e-05,0.00026,-0.00024,-6e-05,-0.00039,1e-05,-0.00137,-1e-05,-0.00036,-0.00046,2e-05,-1e-05,-0,-0.00126,-0.00036,0.00014,-4e-05,-0,0,0
26.12,-0.00141,0.00023,-0.0007,0.00012,-7e-05,-0,-0.00156,0,-0.00019,0.00307,0.00032,-1e-05,-0.00013,0.00091,-2e-05,0.00028,-0.00025,-6e-05,-0.00038,1e-05,-0.001,0.00031,-0.00027,-0.00043,1e-05,-1e-05,-0,-0.00075,-0.00043,0.00012,-2e-05,-0,0,0
26.14,0.00016,0.00022,-0.00074,0.00018,-7e-05,-0,-0.00228,1e-05,-3e-05,0.00309,0.00044,9e-05,-0.00011,0.00099,-2e-05,0.00028,-0.00025,-6e-05,-0.00035,1e-05,-0.00061,0.00056,-0.00016,-0.0004,0,-1e-05,-0,-0.0002,-0.00048,0.0001,1e-05,-0,0,0
26.16,0.00161,0.00019,-0.00073,0.00023,-8e-05,-0,-0.00329,1e-05,0.00018,0.00269,0.00049,0.00014,-8e-05,0.00104,-3e-05,0.00028,-0.00025,-6e-05,-0.00032,1e-05,-0.00021,0.00075,-3e-05,-0.00036,-0,-1e-05,-0,0.00038,-0.00049,7e-05,5e-05,-0,0,0
26.18,0.00283,0.00015,-0.00065,0.00028,-9e-05,-0,-0.00456,-1e-05,0.00046,0.00203,0.00049,0.00016,-5e-05,0.00106,-4e-05,0.00026,-0.00024,-6e-05,-0.00029,1e-05,0.0002,0.00088,0.0001,-0.00031,-1e-05,-0,-0,0.00095,-0.00047,4e-05,8e-05,0,0,0
26.2,0.00371,0.0001,-0.00052,0.00032,-0.0001,-0,-0.00561,-5e-05,0.00076,0.00127,0.00042,0.00014,-3e-05,0.00104,-5e-05,0.00022,-0.00023,-7e-05,-0.00025,0,0.0006,0.00099,0.00022,-0.00025,-2e-05,-0,-0,0.00151,-0.00044,0,0.00012,0,0,0
26.22,0.00418,6e-05,-0.00033,0.00034,-0.00011,-0,-0.00577,-0.0001,0.00101,0.00048,0.00028,8e-05,-1e-05,0.001,-6e-05,0.00016,-0.00022,-9e-05,-0.00022,0,0.00101,0.0011,0.00032,-0.00017,-2e-05,-0,-0,0.00202,-0.00039,-3e-05,0.00017,0,-0,-0
26.24,0.00415,4e-05,-6e-05,0.00035,-0.00013,-0,-0.00527,-0.00012,0.00123,-0.00039,0.00016,4e-05,1e-05,0.00092,-6e-05,6e-05,-0.00021,-0.00012,-0.00019,-0,0.00142,0.00123,0.00039,-8e-05,-2e-05,-0,0,0.00248,-0.00034,-5e-05,0.00021,1e-05,-0,-0
26.26,0.00358,2e-05,0.00025,0.00033,-0.00015,-0,-0.0045,-0.00012,0.00145,-0.00135,9e-05,2e-05,3e-05,0.00083,-6e-05,-7e-05,-0.00019,-0.00016,-0.00016,-1e-05,0.00181,0.00141,0.00044,2e-05,-2e-05,-0,0,0.00287,-0.0003,-6e-05,0.00027,1e-05,-0,-0
26.28,0.00249,1e-05,0.00058,0.0003,-0.00016,-0,-0.00338,-0.00011,0.00162,-0.00241,5e-05,3e-05,5e-05,0.00071,-5e-05,-0.00025,-0.00017,-0.00022,-0.00014,-1e-05,0.00218,0.00162,0.00046,0.00014,-2e-05,-0,0,0.0032,-0.00027,-7e-05,0.00032,1e-05,-0,-0
26.3,0.00096,1e-05,0.00087,0.00027,-0.00017,-0,-0.00241,-0.00011,0.00176,-0.00336,3e-05,5e-05,7e-05,0.0006,-3e-05,-0.00046,-0.00016,-0.00027,-0.00012,-2e-05,0.00254,0.00187,0.00047,0.00027,-2e-05,0,0,0.00348,-0.00025,-7e-05,0.00038,1e-05,-0,-0
26.32,-0.00089,2e-05,0.00104,0.00023,-0.00018,-0,-0.00219,-0.00015,0.00192,-0.00368,3e-05,7e-05,9e-05,0.00048,-0,-0.00071,-0.00015,-0.00033,-0.00011,-3e-05,0.00287,0.00215,0.00047,0.00041,-2e-05,0,0,0.00374,-0.00024,-6e-05,0.00045,2e-05,-0,-0
26.34,-0.00297,5e-05,0.00106,0.0002,-0.0002,-0,-0.00229,-0.00024,0.00206,-0.00332,4e-05,0.00011,0.0001,0.00039,2e-05,-0.00099,-0.00014,-0.00038,-0.0001,-3e-05,0.00318,0.00244,0.00048,0.00056,-2e-05,0,0,0.00399,-0.00025,-3e-05,0.00053,2e-05,-0,-0
26.36,-0.00517,0.00011,0.001,0.00019,-0.0002,-0,-0.00216,-0.00032,0.0021,-0.0026,6e-05,0.00015,0.00011,0.0003,3e-05,-0.00125,-0.00014,-0.00041,-0.0001,-4e-05,0.00346,0.00271,0.0005,0.00072,-1e-05,0,0,0.00423,-0.00027,-1e-05,0.00061,2e-05,-0,-0
26.38,-0.0074,0.00019,0.0009,0.00019,-0.00021,-0,-0.00172,-0.00032,0.00206,-0.00153,8e-05,0.00019,0.0001,0.00022,3e-05,-0.00149,-0.00013,-0.00044,-0.0001,-4e-05,0.0037,0.00298,0.00053,0.00087,-1e-05,0,0,0.00447,-0.00029,2e-05,0.0007,2e-05,-0,-0
26.4,-0.00957,0.00026,0.00084,0.0002,-0.00021,-0,-0.00129,-0.00024,0.00191,-0.00047,0.0001,0.00022,9e-05,0.00012,2e-05,-0.00159,-0.00013,-0.00044,-9e-05,-4e-05,0.00389,0.00322,0.00059,0.00104,-1e-05,0,0,0.0047,-0.00031,4e-05,0.0008,2e-05,-0,-0
26.42,-0.01159,0.00027,0.00082,0.00021,-0.00023,0,-0.00119,-0.00016,0.00158,7e-05,0.00017,0.00023,6e-05,-1e-05,1e-05,-0.00145,-0.00015,-0.00036,-7e-05,-4e-05,0.00403,0.00342,0.00066,0.00122,-1e-05,0,0,0.00494,-0.0003,6e-05,0.0009,2e-05,-0,-0
26.44,-0.01346,0.00024,0.00082,0.00024,-0.00025,0,-0.00113,-7e-05,0.00101,0.00033,0.00023,0.00024,3e-05,-0.00019,-1e-05,-0.00114,-0.00018,-0.00027,-5e-05,-3e-05,0.00412,0.00357,0.00074,0.00141,-1e-05,0,0,0.00516,-0.00027,8e-05,0.001,2e-05,-0,-0
26.46,-0.01517,0.00019,0.00088,0.00026,-0.00026,0,-0.00098,0,0.00012,0.00058,0.00024,0.00022,1e-05,-0.00042,-2e-05,-0.00076,-0.00021,-0.00019,-2e-05,-2e-05,0.00414,0.00367,0.00083,0.00157,-1e-05,0,0,0.00533,-0.00022,0.0001,0.00109,2e-05,-0,-0
26.48,-0.01673,0.00013,0.00095,0.00027,-0.00028,0,-0.00088,2e-05,-0.00117,0.00081,0.00023,0.00018,-0,-0.00067,-2e-05,-0.00033,-0.00024,-0.00012,2e-05,-1e-05,0.00409,0.00371,0.00092,0.00172,-1e-05,0,0,0.00546,-0.00016,0.00012,0.00118,2e-05,-0,-0
26.5,-0.01818,7e-05,0.00105,0.00028,-0.00029,0,-0.00089,-2e-05,-0.00286,0.00108,0.00019,0.00013,-1e-05,-0.00091,-3e-05,6e-05,-0.00027,-8e-05,6e-05,-1e-05,0.004,0.00367,0.00101,0.00183,-1e-05,0,0,0.00554,-0.00011,0.00015,0.00124,2e-05,-0,-0
26.52,-0.01956,2e-05,0.00121,0.00028,-0.00031,0,-0.00102,-9e-05,-0.00481,0.00136,0.00011,7e-05,-1e-05,-0.00108,-5e-05,0.00041,-0.00026,-7e-05,0.0001,-1e-05,0.0039,0.00352,0.00108,0.00189,-0,0,0,0.00556,-7e-05,0.00018,0.00129,2e-05,-0,-0
26.54,-0.02086,-2e-05,0.00134,0.00026,-0.00034,0,-0.00117,-0.00016,-0.0068,0.00166,4e-05,2e-05,-1e-05,-0.00115,-7e-05,0.00072,-0.00022,-5e-05,0.00013,-1e-05,0.00377,0.00328,0.00115,0.00191,-0,0,0,0.00552,-5e-05,0.00021,0.00132,2e-05,-0,-0
26.56,-0.02206,-5e-05,0.00141,0.00023,-0.00037,0,-0.00127,-0.00023,-0.00868,0.00199,-0,-1e-05,0,-0.00112,-8e-05,0.00089,-0.00019,-4e-05,0.00015,-0,0.00359,0.00294,0.0012,0.00187,-0,0,0,0.00539,-4e-05,0.00023,0.00131,2e-05,-0,-0
26.58,-0.02311,-7e-05,0.00146,0.00019,-0.0004,0,-0.00133,-0.00028,-0.01112,0.00229,-3e-05,-1e-05,1e-05,-0.001,-0.00011,0.00094,-0.00015,-5e-05,0.00015,-1e-05,0.00338,0.00253,0.00123,0.00178,-0,1e-05,0,0.0052,-3e-05,0.00023,0.00128,2e-05,-0,-0
26.6,-0.02393,-9e-05,0.00146,0.00015,-0.00043,0,-0.00115,-0.0003,-0.01126,0.00243,-4e-05,1e-05,2e-05,-0.00085,-0.00013,0.00085,-0.00013,-7e-05,0.00014,-1e-05,0.0031,0.00206,0.00125,0.00165,-0,1e-05,0,0.00492,-2e-05,0.00023,0.00121,2e-05,-0,-0
26.62,-0.02445,-0.0001,0.00142,0.00011,-0.00046,0,-0.00063,-0.0003,-0.00612,0.00228,-3e-05,4e-05,3e-05,-0.00072,-0.00015,0.00066,-0.00014,-7e-05,0.00012,-1e-05,0.00275,0.00157,0.00123,0.00148,-1e-05,1e-05,0,0.00456,-2e-05,0.0002,0.00111,2e-05,-0,-0
26.64,-0.02449,-0.00012,0.00128,8e-05,-0.00049,0,-7e-05,-0.00027,-0.00149,0.00194,-2e-05,7e-05,3e-05,-0.00065,-0.00015,0.00053,-0.00016,-6e-05,0.00011,-0,0.00236,0.0011,0.00118,0.0013,-1e-05,1e-05,0,0.00413,-2e-05,0.00018,0.00098,2e-05,-0,-0
26.66,-0.0239,-0.00012,0.00105,8e-05,-0.00052,0,0.00034,-0.00021,0.00096,0.00155,-1e-05,8e-05,2e-05,-0.00065,-0.00014,0.00053,-0.00017,-3e-05,0.0001,-0,0.00195,0.00068,0.00111,0.00109,-1e-05,1e-05,0,0.00363,-2e-05,0.00015,0.00083,2e-05,-0,-0
26.68,-0.02265,-0.00011,0.00073,9e-05,-0.00049,0,0.00056,-0.00014,0.00223,0.00116,0,8e-05,1e-05,-0.00069,-0.00012,0.00057,-0.00018,-1e-05,9e-05,-0,0.00152,0.00031,0.00101,0.00087,-1e-05,1e-05,0,0.00305,-2e-05,0.00012,0.00066,2e-05,-0,-0
26.7,-0.02072,-8e-05,0.00041,0.00012,-0.00044,0,0.00054,-7e-05,0.00243,0.00075,1e-05,7e-05,-3e-05,-0.00074,-0.0001,0.00062,-0.00017,1e-05,8e-05,0,0.00108,-0,0.00088,0.00065,-1e-05,1e-05,0,0.00242,-1e-05,9e-05,0.00049,1e-05,-0,-0
26.72,-0.01825,-6e-05,0.00023,0.00016,-0.00037,0,0.00034,-3e-05,0.00195,0.00034,-0,5e-05,-6e-05,-0.00072,-9e-05,0.00067,-0.00013,2e-05,6e-05,0,0.00062,-0.00024,0.00073,0.00042,-1e-05,1e-05,0,0.00173,-1e-05,7e-05,0.00031,1e-05,-0,-0
26.74,-0.0154,-3e-05,0.00015,0.00022,-0.00029,0,8e-05,-1e-05,0.00128,0,-1e-05,3e-05,-9e-05,-0.00058,-0.0001,0.00059,-8e-05,2e-05,4e-05,0,0.00017,-0.00042,0.00056,0.0002,-1e-05,0,0,0.00101,-1e-05,5e-05,0.00014,1e-05,-0,-0
26.76,-0.01227,-1e-05,0.00011,0.00028,-0.0002,0,-0.00022,-0,0.00066,-0.00024,-2e-05,2e-05,-0.00011,-0.00033,-0.00015,0.00029,-5e-05,-2e-05,-0,-0,-0.00026,-0.00053,0.00037,-0,-0,0,0,0.00029,-0,3e-05,-1e-05,1e-05,-0,-0
26.78,-0.00894,0,9e-05,0.00034,-0.00011,0,-0.00057,0,0.00025,-0.00042,-2e-05,1e-05,-0.00013,0,-0.00022,-0.00025,-2e-05,-0.0001,-5e-05,-0,-0.00066,-0.00059,0.00018,-0.00019,-0,0,0,-0.00044,-0,2e-05,-0.00014,1e-05,-0,-0
26.8,-0.00552,2e-05,7e-05,0.0004,-2e-05,0,-0.00092,1e-05,3e-05,-0.00057,-2e-05,0,-0.00013,0.00038,-0.00031,-0.00097,0,-0.00019,-0.0001,-1e-05,-0.00104,-0.00061,-3e-05,-0.00036,-0,0,0,-0.00113,0,1e-05,-0.00025,1e-05,-0,-0
26.82,-0.00211,3e-05,1e-05,0.00046,7e-05,0,-0.00122,2e-05,5e-05,-0.0007,-2e-05,-0,-0.00013,0.00072,-0.00038,-0.00153,2e-05,-0.00021,-0.00014,-1e-05,-0.00136,-0.00062,-0.00022,-0.0005,-0,0,0,-0.00175,-0,-1e-05,-0.00034,0,-0,-0
26.84,0.0012,4e-05,-8e-05,0.00052,0.00014,0,-0.00142,5e-05,0.00038,-0.00082,-1e-05,-0,-0.00011,0.00099,-0.00043,-0.00179,5e-05,-0.00016,-0.00017,-1e-05,-0.00163,-0.00062,-0.00041,-0.00062,0,0,0,-0.00228,-0,-2e-05,-0.00041,0,-0,-0
26.86,0.00431,5e-05,-0.0002,0.00056,0.0002,0,-0.00153,9e-05,0.00082,-0.00094,-1e-05,-0,-9e-05,0.00113,-0.00045,-0.00187,8e-05,-0.00011,-0.00019,-1e-05,-0.00186,-0.00063,-0.00059,-0.00071,0,-0,-0,-0.00273,-1e-05,-4e-05,-0.00046,0,-0,-0
26.88,0.00717,5e-05,-0.00034,0.0006,0.00026,0,-0.00154,0.00015,0.00122,-0.00106,-1e-05,-0,-7e-05,0.00114,-0.00043,-0.00174,0.00011,-5e-05,-0.00019,-0,-0.00204,-0.00063,-0.00076,-0.00078,1e-05,-0,-0,-0.00308,-1e-05,-7e-05,-0.0005,-0,-0,-0
26.9,0.00969,4e-05,-0.00047,0.00061,0.0003,0,-0.00147,0.00022,0.00151,-0.00113,-0,-0,-5e-05,0.00103,-0.00039,-0.00154,0.00014,-2e-05,-0.00019,-0,-0.00219,-0.00065,-0.00091,-0.00083,1e-05,-0,-0,-0.00335,-1e-05,-0.00011,-0.00052,-0,-0,-0
26.92,0.01179,2e-05,-0.00059,0.00061,0.00033,0,-0.00135,0.0003,0.00166,-0.00108,-0,-0,-4e-05,0.00082,-0.00033,-0.00135,0.00016,-3e-05,-0.00018,-0,-0.00234,-0.00066,-0.00106,-0.00087,1e-05,-0,-0,-0.00355,-0,-0.00016,-0.00053,-1e-05,0,0
26.94,0.01346,-0,-0.00068,0.00058,0.00035,0,-0.00123,0.00038,0.00164,-0.00096,-0,-0,-3e-05,0.00058,-0.00027,-0.00112,0.00017,-5e-05,-0.00017,-0,-0.00248,-0.00068,-0.0012,-0.00091,1e-05,-0,-0,-0.0037,0,-0.00023,-0.00054,-1e-05,0,0
26.96,0.01478,-3e-05,-0.00074,0.00053,0.00036,0,-0.00114,0.00045,0.00151,-0.00081,-0,0,-2e-05,0.00032,-0.00021,-0.00084,0.00018,-6e-05,-0.00015,-0,-0.00261,-0.00071,-0.00133,-0.00094,1e-05,-0,-0,-0.00382,-1e-05,-0.00029,-0.00055,-1e-05,0,0
26.98,0.0159,-4e-05,-0.00079,0.00047,0.00038,0,-0.00109,0.0005,0.0013,-0.00063,0,0,-1e-05,5e-05,-0.00014,-0.00053,0.00019,-4e-05,-0.00013,-0,-0.00273,-0.00075,-0.00145,-0.00097,2e-05,-1e-05,-0,-0.0039,-4e-05,-0.00037,-0.00055,-2e-05,0,0
27,0.017,-5e-05,-0.00084,0.0004,0.00038,0,-0.00111,0.00054,0.00107,-0.00044,0,0,-0,-0.00022,-7e-05,-0.0002,0.0002,0,-0.00011,0,-0.00282,-0.0008,-0.00154,-0.00101,2e-05,-1e-05,-0,-0.00398,-8e-05,-0.00041,-0.00055,-2e-05,0,0
27.02,0.01826,-6e-05,-0.00088,0.00033,0.00038,0,-0.00119,0.00057,0.0008,-0.00026,0,0,1e-05,-0.00048,-1e-05,0.00016,0.00022,7e-05,-9e-05,1e-05,-0.00284,-0.00089,-0.00158,-0.00103,2e-05,-1e-05,-0,-0.00406,-0.0001,-0.00036,-0.00055,-2e-05,1e-05,0
27.04,0.01979,-6e-05,-0.00092,0.00028,0.00038,0,-0.00127,0.00059,0.00056,-9e-05,0,0,3e-05,-0.00074,5e-05,0.00053,0.00024,0.00017,-6e-05,1e-05,-0.00282,-0.00101,-0.00158,-0.00105,2e-05,-1e-05,-0,-0.00413,-0.0001,-0.00026,-0.00055,-2e-05,1e-05,0
27.06,0.02161,-7e-05,-0.00097,0.00024,0.00038,0,-0.00133,0.00061,0.0004,7e-05,0,0,4e-05,-0.001,0.0001,0.00091,0.00027,0.0003,-4e-05,2e-05,-0.00278,-0.00115,-0.00155,-0.00106,2e-05,-1e-05,-0,-0.00419,-5e-05,-0.00016,-0.00056,-2e-05,1e-05,0
27.08,0.02359,-8e-05,-0.00103,0.00023,0.00038,0,-0.00135,0.00063,0.00029,0.0002,0,0,6e-05,-0.00124,0.00014,0.00126,0.00031,0.00045,-1e-05,2e-05,-0.00271,-0.0013,-0.00149,-0.00108,2e-05,-1e-05,-0,-0.00429,3e-05,-6e-05,-0.00057,-2e-05,0,0
27.1,0.02548,-8e-05,-0.00109,0.00023,0.00039,0,-0.00136,0.00065,0.00022,0.00033,0,0,8e-05,-0.00146,0.00016,0.0016,0.00035,0.00062,1e-05,3e-05,-0.00265,-0.00143,-0.00142,-0.00108,2e-05,-1e-05,-0,-0.00444,0.00014,-0,-0.00058,-1e-05,0,0
27.12,0.02698,-0.0001,-0.00116,0.00025,0.00039,0,-0.00135,0.00066,0.00017,0.00047,0,0,9e-05,-0.00164,0.00018,0.00199,0.00037,0.00084,3e-05,5e-05,-0.00264,-0.00151,-0.00137,-0.00109,2e-05,-1e-05,-0,-0.00467,0.00029,1e-05,-0.00058,-1e-05,0,0
27.14,0.02785,-0.00012,-0.00121,0.00028,0.00038,0,-0.00132,0.00066,0.00014,0.0006,0,0,0.0001,-0.00175,0.00018,0.00236,0.00039,0.00105,4e-05,6e-05,-0.00266,-0.00152,-0.00134,-0.00108,2e-05,-1e-05,-1e-05,-0.00502,0.00045,0,-0.00058,0,-0,-0
27.16,0.02799,-0.00015,-0.00125,0.00031,0.00038,0,-0.00128,0.00066,0.00013,0.00072,0,0,0.00011,-0.0018,0.00015,0.00262,0.0004,0.00121,5e-05,7e-05,-0.00271,-0.00148,-0.00133,-0.00108,2e-05,-1e-05,-1e-05,-0.00547,0.00055,-1e-05,-0.00057,1e-05,-0,-0
27.18,0.02743,-0.0002,-0.00126,0.00035,0.00036,0,-0.00122,0.00065,0.00013,0.00084,0,0,0.00011,-0.00179,0.00011,0.0028,0.00039,0.00131,4e-05,8e-05,-0.00277,-0.0014,-0.00135,-0.00107,2e-05,-1e-05,-1e-05,-0.00603,0.00055,-3e-05,-0.00056,1e-05,-1e-05,-0
27.2,0.02635,-0.00026,-0.00124,0.00041,0.00035,0,-0.00116,0.00061,0.00014,0.00095,0,0,0.00011,-0.00172,7e-05,0.00283,0.00038,0.00134,3e-05,9e-05,-0.00283,-0.00129,-0.00137,-0.00106,2e-05,-1e-05,-1e-05,-0.00662,0.00049,-3e-05,-0.00056,1e-05,-1e-05,-0
27.22,0.02497,-0.00032,-0.00119,0.00048,0.00033,0,-0.0011,0.00055,0.00015,0.00106,0,0,0.0001,-0.00161,3e-05,0.00266,0.00039,0.00127,1e-05,0.0001,-0.00284,-0.0012,-0.00136,-0.00104,2e-05,-1e-05,-1e-05,-0.00714,0.00046,0,-0.00056,2e-05,-1e-05,-0
27.24,0.02357,-0.00039,-0.00112,0.00057,0.00031,0,-0.00105,0.00048,0.00016,0.00116,0,0,9e-05,-0.00145,1e-05,0.00239,0.00041,0.00116,-1e-05,0.0001,-0.0028,-0.00115,-0.00134,-0.00103,2e-05,-1e-05,-1e-05,-0.00752,0.00041,5e-05,-0.00057,1e-05,-1e-05,-0
27.26,0.02236,-0.00048,-0.00104,0.00068,0.00029,0,-0.001,0.0004,0.00018,0.00127,0,0,8e-05,-0.00125,-0,0.00211,0.00042,0.00102,-5e-05,9e-05,-0.00271,-0.00116,-0.00128,-0.00102,2e-05,-1e-05,-1e-05,-0.00775,0.00032,8e-05,-0.00058,1e-05,-0,-0
27.28,0.02155,-0.0006,-0.00095,0.00082,0.00026,0,-0.00094,0.00032,0.00019,0.00137,0,0,7e-05,-0.00103,0,0.00181,0.00042,0.00087,-8e-05,9e-05,-0.00255,-0.00123,-0.00118,-0.00101,2e-05,-1e-05,-1e-05,-0.00784,0.00027,7e-05,-0.00059,1e-05,-0,-0
27.3,0.0213,-0.00074,-0.00085,0.001,0.00022,0,-0.0009,0.00025,0.0002,0.00146,0,0,5e-05,-0.00078,2e-05,0.0015,0.00042,0.0007,-0.00012,8e-05,-0.00236,-0.00134,-0.00106,-0.00101,2e-05,-1e-05,-1e-05,-0.00789,0.0002,1e-05,-0.00062,0,-0,-0
27.32,0.02174,-0.00091,-0.00076,0.00121,0.00019,0,-0.00087,0.00018,0.0002,0.00154,0,0,3e-05,-0.00053,3e-05,0.0012,0.0004,0.00053,-0.00016,8e-05,-0.00219,-0.00147,-0.0009,-0.00104,2e-05,-1e-05,-1e-05,-0.00806,0.0001,-6e-05,-0.00064,-1e-05,0,0
27.34,0.02294,-0.00111,-0.00066,0.00144,0.00015,0,-0.00086,0.00013,0.0002,0.00161,1e-05,0,2e-05,-0.00029,5e-05,0.00093,0.00038,0.00036,-0.00019,7e-05,-0.00203,-0.00159,-0.00073,-0.00107,1e-05,-1e-05,-1e-05,-0.00828,3e-05,-0.00011,-0.00067,-1e-05,0,0
27.36,0.02489,-0.00134,-0.00057,0.0017,0.00011,0,-0.00084,0.0001,0.00019,0.00166,1e-05,0,0,-5e-05,7e-05,0.00071,0.00037,0.0002,-0.00022,6e-05,-0.0019,-0.0017,-0.00054,-0.00112,1e-05,-1e-05,-1e-05,-0.00847,1e-05,-0.00015,-0.00072,-2e-05,0,0
27.38,0.02746,-0.0016,-0.00049,0.00198,7e-05,0,-0.00082,9e-05,0.00017,0.00167,0,0,-1e-05,0.00017,9e-05,0.00051,0.00035,6e-05,-0.00025,6e-05,-0.00185,-0.00178,-0.00034,-0.00118,2e-05,-1e-05,-1e-05,-0.00868,-0,-0.00016,-0.00078,-2e-05,0,0
27.4,0.03039,-0.00187,-0.0004,0.00227,3e-05,-0,-0.00081,9e-05,0.00015,0.00166,0,-0,-2e-05,0.00038,0.00012,0.00035,0.00034,-7e-05,-0.00026,5e-05,-0.00188,-0.00183,-0.00015,-0.00124,2e-05,-2e-05,-1e-05,-0.00884,-1e-05,-0.00016,-0.00085,-2e-05,0,1e-05
27.42,0.0334,-0.00209,-0.00032,0.00255,-1e-05,-0,-0.00081,0.0001,0.00013,0.00161,0,-0,-3e-05,0.00056,0.00014,0.00023,0.00034,-0.00018,-0.00026,4e-05,-0.00197,-0.00185,1e-05,-0.00131,2e-05,-2e-05,-1e-05,-0.00885,-1e-05,-0.00015,-0.00092,-2e-05,0,1e-05
27.44,0.03623,-0.00227,-0.00025,0.00281,-5e-05,-0,-0.00081,0.00011,0.00011,0.00155,0,-0,-3e-05,0.00073,0.00016,0.00013,0.00033,-0.00027,-0.00025,4e-05,-0.00216,-0.00185,0.00016,-0.00137,2e-05,-2e-05,-1e-05,-0.00878,-1e-05,-0.00013,-0.00099,-2e-05,0,0
27.46,0.03877,-0.00237,-0.0002,0.00303,-9e-05,-0,-0.0008,0.00013,9e-05,0.00146,0,-0,-2e-05,0.00087,0.00018,6e-05,0.00033,-0.00033,-0.00023,3e-05,-0.00249,-0.00184,0.00027,-0.00141,3e-05,-2e-05,-1e-05,-0.00869,-0,-9e-05,-0.00106,-1e-05,0,0
27.48,0.04092,-0.00239,-0.00017,0.00321,-0.00011,-0,-0.00078,0.00015,8e-05,0.00137,0,-0,-2e-05,0.00101,0.00019,-1e-05,0.00034,-0.00038,-0.0002,3e-05,-0.00298,-0.00185,0.00035,-0.00142,3e-05,-2e-05,-1e-05,-0.00857,1e-05,-5e-05,-0.00112,-1e-05,0,0
27.5,0.04261,-0.0023,-0.00017,0.00333,-0.00012,-0,-0.00077,0.00016,7e-05,0.00128,0,0,-1e-05,0.00112,0.0002,-6e-05,0.00034,-0.00041,-0.00018,2e-05,-0.00347,-0.0019,0.0004,-0.00139,3e-05,-2e-05,-1e-05,-0.00838,2e-05,-2e-05,-0.00117,-0,0,0
27.52,0.0438,-0.00211,-0.0002,0.0034,-0.00012,-0,-0.00079,0.00017,6e-05,0.00119,0,0,0,0.00123,0.00021,-0.00013,0.00034,-0.0004,-0.00015,2e-05,-0.00375,-0.00202,0.00044,-0.00133,3e-05,-1e-05,-1e-05,-0.00754,4e-05,0,-0.00088,-0,-0,-0
27.54,0.04452,-0.00185,-0.00025,0.00339,-9e-05,-0,-0.00082,0.00017,5e-05,0.0011,0,-0,2e-05,0.00133,0.0002,-0.0002,0.00034,-0.00036,-0.00012,1e-05,-0.0039,-0.00221,0.00047,-0.00124,3e-05,-1e-05,-0,-0.00556,6e-05,2e-05,8e-05,-0,-0,0
27.56,0.04482,-0.00156,-0.00032,0.00332,-3e-05,-0,-0.00085,0.00017,5e-05,0.00103,0,-0,3e-05,0.00143,0.00019,-0.0003,0.00034,-0.0003,-9e-05,-1e-05,-0.00397,-0.00247,0.00049,-0.00113,3e-05,-1e-05,-0,-0.003,5e-05,3e-05,0.00143,-1e-05,0,1e-05
27.58,0.04473,-0.00125,-0.00039,0.00319,5e-05,-0,-0.00087,0.00015,4e-05,0.00097,0,-0,5e-05,0.00153,0.00017,-0.00042,0.00032,-0.00022,-6e-05,-3e-05,-0.00384,-0.0028,0.00051,-0.00101,3e-05,-0,-0,0.00011,1e-05,7e-05,0.00317,-3e-05,0,1e-05
27.6,0.04428,-0.00092,-0.00047,0.003,0.00016,-0,-0.0009,0.00013,4e-05,0.00093,0,-0,6e-05,0.00164,0.00014,-0.00056,0.00029,-0.0001,-4e-05,-5e-05,-0.0036,-0.00315,0.00053,-0.00089,2e-05,-0,-0,0.00371,-6e-05,0.00017,0.00527,-4e-05,1e-05,2e-05
27.62,0.04353,-0.00059,-0.00053,0.00276,0.00026,-0,-0.00094,0.0001,3e-05,0.0009,1e-05,-0,7e-05,0.00176,9e-05,-0.00072,0.00024,8e-05,-3e-05,-7e-05,-0.00343,-0.00342,0.00053,-0.00078,2e-05,0,0,0.00772,-0.00016,0.00029,0.00759,-6e-05,2e-05,3e-05
27.64,0.04248,-0.00028,-0.00058,0.00249,0.00036,-0,-0.00099,7e-05,3e-05,0.00089,1e-05,-0,7e-05,0.00191,5e-05,-0.0009,0.00016,0.00029,-2e-05,-0.0001,-0.0032,-0.00359,0.00053,-0.00066,1e-05,1e-05,0,0.01203,-0.00029,0.00038,0.00999,-8e-05,2e-05,4e-05
27.66,0.0412,1e-05,-0.00059,0.00218,0.00044,-0,-0.00105,2e-05,2e-05,0.00089,1e-05,0,7e-05,0.00208,-1e-05,-0.00109,7e-05,0.00048,-1e-05,-0.00012,-0.00283,-0.0037,0.00051,-0.00053,0,1e-05,0,0.01636,-0.00044,0.00041,0.01228,-9e-05,3e-05,5e-05
27.68,0.03977,0.00026,-0.00056,0.00185,0.00043,-0,-0.00112,-3e-05,1e-05,0.0009,2e-05,0,5e-05,0.00226,-6e-05,-0.0013,-6e-05,0.00064,-0,-0.00014,-0.00237,-0.00373,0.00048,-0.00039,0,1e-05,1e-05,0.02045,-0.00061,0.00036,0.01427,-9e-05,4e-05,6e-05
27.7,0.03831,0.00046,-0.00051,0.00152,0.00041,-0,-0.0012,-0.0001,-0,0.00091,3e-05,0,3e-05,0.00245,-0.00011,-0.00151,-0.0002,0.00076,0,-0.00016,-0.00188,-0.00366,0.00044,-0.00025,-0,1e-05,1e-05,0.02404,-0.00082,0.00024,0.01587,-8e-05,5e-05,7e-05
27.72,0.03688,0.00058,-0.00043,0.00121,0.00039,-0,-0.00128,-0.00016,-2e-05,0.00093,4e-05,1e-05,-0,0.00264,-0.00014,-0.00172,-0.00033,0.00086,1e-05,-0.00017,-0.00136,-0.00349,0.00037,-0.00011,-0,1e-05,1e-05,0.02689,-0.00103,0.0001,0.01707,-5e-05,6e-05,8e-05
27.74,0.03557,0.00064,-0.00034,0.00093,0.00035,-0,-0.00138,-0.00022,-3e-05,0.00094,6e-05,2e-05,-3e-05,0.00282,-0.00016,-0.00191,-0.00044,0.00088,1e-05,-0.00017,-0.00083,-0.00325,0.00029,2e-05,-0,1e-05,1e-05,0.02892,-0.0012,-7e-05,0.01792,-0,6e-05,9e-05
27.76,0.03439,0.00063,-0.00023,0.00068,0.00032,-0,-0.00149,-0.00028,-5e-05,0.00095,7e-05,3e-05,-5e-05,0.00298,-0.00017,-0.0021,-0.00053,0.00082,1e-05,-0.00016,-0.0003,-0.00293,0.00018,0.00014,-0,1e-05,1e-05,0.03012,-0.00126,-0.00028,0.0185,5e-05,6e-05,8e-05
27.78,0.0333,0.00058,-0.00013,0.00046,0.00029,-0,-0.00159,-0.00033,-7e-05,0.00095,9e-05,4e-05,-6e-05,0.0031,-0.00016,-0.00227,-0.00061,0.00073,0,-0.00015,0.00022,-0.00256,6e-05,0.00022,-0,1e-05,1e-05,0.03051,-0.00121,-0.00053,0.01886,0.00011,6e-05,7e-05
27.8,0.03217,0.00049,-3e-05,0.00028,0.00025,-0,-0.0017,-0.00038,-9e-05,0.00095,0.00011,5e-05,-7e-05,0.00318,-0.00015,-0.00239,-0.00065,0.00057,-0,-0.00012,0.00073,-0.00217,-6e-05,0.00026,-0,1e-05,1e-05,0.03041,-0.00113,-0.00079,0.01904,0.00016,5e-05,6e-05
27.82,0.03087,0.00038,5e-05,0.00013,0.00021,-0,-0.0018,-0.00043,-0.0001,0.00094,0.00013,7e-05,-7e-05,0.00321,-0.00012,-0.0024,-0.00063,0.00036,0,-6e-05,0.00121,-0.00179,-0.00016,0.00023,0,1e-05,1e-05,0.0302,-0.00115,-0.00099,0.01909,0.00019,4e-05,5e-05
27.84,0.02936,0.00027,0.0001,2e-05,0.00017,-0,-0.00189,-0.00046,-0.0001,0.00094,0.00014,9e-05,-6e-05,0.00318,-8e-05,-0.00234,-0.00058,0.00019,2e-05,1e-05,0.00167,-0.00144,-0.00025,0.00015,0,1e-05,1e-05,0.02986,-0.00142,-0.00099,0.01899,0.0002,4e-05,4e-05
27.86,0.02765,0.00014,0.00012,-7e-05,0.00012,-0,-0.00197,-0.0005,-0.0001,0.00093,0.00013,9e-05,-5e-05,0.00311,-3e-05,-0.00224,-0.00051,9e-05,4e-05,6e-05,0.00209,-0.00112,-0.00033,0,0,1e-05,1e-05,0.02924,-0.00204,-0.00067,0.01866,0.00017,4e-05,4e-05
27.88,0.02572,0,0.00013,-0.00014,8e-05,-0,-0.00203,-0.00054,-0.0001,0.00093,0.00011,0.0001,-3e-05,0.00298,1e-05,-0.0021,-0.00042,3e-05,5e-05,0.0001,0.00248,-0.00086,-0.00042,-0.00019,1e-05,1e-05,0,0.02847,-0.00298,-3e-05,0.01812,0.00013,5e-05,5e-05
27.9,0.02368,-0.00014,0.00012,-0.00018,2e-05,-0,-0.00207,-0.00057,-0.0001,0.00093,8e-05,9e-05,-2e-05,0.00282,6e-05,-0.00194,-0.00033,1e-05,6e-05,0.00011,0.00204,-0.00054,-0.00034,-0.00026,0,0,0,0.02741,-0.00405,0.00084,0.01718,9e-05,5e-05,4e-05
27.92,0.02167,-0.00029,0.00011,-0.00021,-3e-05,0,-0.00208,-0.00059,-9e-05,0.00093,4e-05,7e-05,0,0.00268,0.00011,-0.00176,-0.00026,-0,5e-05,8e-05,0.00072,-0.00025,-0.0001,8e-05,-0,-0,-0,0.02585,-0.00492,0.00165,0.01567,7e-05,4e-05,3e-05
27.94,0.01969,-0.00044,0.0001,-0.00022,-8e-05,0,-0.00208,-0.00061,-9e-05,0.00093,1e-05,4e-05,2e-05,0.00252,0.00015,-0.00158,-0.00019,-0,4e-05,5e-05,-0.00135,-0,0.0002,0.00101,-1e-05,-0,-1e-05,0.02393,-0.00536,0.00217,0.01375,8e-05,1e-05,0
27.96,0.01773,-0.00056,8e-05,-0.00022,-0.00014,0,-0.00205,-0.00062,-8e-05,0.00093,-1e-05,3e-05,3e-05,0.00234,0.00018,-0.0014,-0.00013,-0,3e-05,3e-05,-0.00431,0.00024,0.00051,0.00273,-1e-05,-1e-05,-1e-05,0.02171,-0.00527,0.00237,0.01161,0.00012,-1e-05,-3e-05
27.98,0.01583,-0.00065,7e-05,-0.00021,-0.00021,0,-0.002,-0.00063,-7e-05,0.00093,-2e-05,2e-05,4e-05,0.00215,0.0002,-0.00121,-6e-05,-0,2e-05,2e-05,-0.00816,0.00053,0.00075,0.0054,-1e-05,-1e-05,-2e-05,0.01927,-0.00463,0.00222,0.00929,0.00017,-4e-05,-6e-05
28,0.0141,-0.0007,7e-05,-0.0002,-0.00027,0,-0.00193,-0.00062,-7e-05,0.00091,-3e-05,1e-05,4e-05,0.00196,0.0002,-0.00104,-2e-05,-0,2e-05,1e-05,-0.01277,0.00089,0.00086,0.00908,-0,-2e-05,-3e-05,0.01643,-0.00357,0.00182,0.00711,0.00021,-7e-05,-8e-05
28.02,0.01265,-0.00069,6e-05,-0.00018,-0.00029,0,-0.00185,-0.0006,-6e-05,0.00089,-3e-05,-0,4e-05,0.00178,0.00019,-0.00088,0,-0,1e-05,1e-05,-0.0178,0.00133,0.00082,0.01372,2e-05,-3e-05,-4e-05,0.01325,-0.00235,0.0013,0.00526,0.00022,-7e-05,-9e-05
28.04,0.01137,-0.00063,6e-05,-0.00016,-0.00028,0,-0.00174,-0.00056,-5e-05,0.00085,-3e-05,-0,4e-05,0.00161,0.00018,-0.00074,2e-05,-0,1e-05,1e-05,-0.02281,0.00175,0.00067,0.019,5e-05,-3e-05,-4e-05,0.01009,-0.00126,0.0008,0.00368,0.00019,-6e-05,-7e-05
28.06,0.01019,-0.00052,6e-05,-0.00014,-0.00026,0,-0.00162,-0.00051,-4e-05,0.0008,-3e-05,-1e-05,3e-05,0.00145,0.00016,-0.00061,2e-05,-0,1e-05,1e-05,-0.0273,0.00205,0.00048,0.02441,9e-05,-3e-05,-4e-05,0.00721,-0.00048,0.0004,0.00232,0.00014,-5e-05,-5e-05
28.08,0.00907,-0.00036,6e-05,-0.00012,-0.00023,0,-0.00148,-0.00046,-3e-05,0.00073,-3e-05,-1e-05,2e-05,0.00129,0.00015,-0.00049,3e-05,-0,1e-05,1e-05,-0.03062,0.00215,0.00031,0.02928,0.00012,-2e-05,-2e-05,0.00467,-7e-05,0.00015,0.00119,9e-05,-3e-05,-3e-05
28.1,0.00804,-0.00019,6e-05,-9e-05,-0.0002,0,-0.00134,-0.00039,-2e-05,0.00064,-3e-05,-1e-05,1e-05,0.00115,0.00013,-0.00038,2e-05,-0,1e-05,1e-05,-0.03229,0.00208,0.00017,0.03275,0.00015,0,1e-05,0.00225,1e-05,1e-05,0.00031,5e-05,-1e-05,-2e-05
28.12,0.00715,-0,6e-05,-7e-05,-0.00017,0,-0.00118,-0.00032,-1e-05,0.00055,-3e-05,-1e-05,0,0.00104,0.00012,-0.00031,1e-05,-0,1e-05,2e-05,-0.03208,0.00192,9e-05,0.03404,0.00018,4e-05,5e-05,0.00024,-0.00011,-5e-05,-0.00039,1e-05,-0,-0
28.14,0.0063,0.00015,5e-05,-4e-05,-0.00013,0,-0.00103,-0.00025,-1e-05,0.00044,-2e-05,-0,-0,0.00093,0.0001,-0.00024,-1e-05,-0,1e-05,2e-05,-0.03006,0.00171,3e-05,0.03311,0.00019,7e-05,0.0001,-0.00106,-0.00032,-9e-05,-0.00101,-1e-05,0,0
28.16,0.00541,0.00027,4e-05,-2e-05,-0.00011,0,-0.00086,-0.00017,-0,0.00033,-2e-05,-0,-1e-05,0.00084,9e-05,-0.00018,-2e-05,0,1e-05,3e-05,-0.02651,0.00147,-1e-05,0.03028,0.0002,0.0001,0.00013,-0.00165,-0.00045,-0.00011,-0.00129,-1e-05,0,0
28.18,0.00449,0.00034,4e-05,-0,-0.0001,0,-0.0007,-9e-05,0,0.00021,-2e-05,0,-1e-05,0.00076,8e-05,-0.00013,-3e-05,1e-05,1e-05,3e-05,-0.02193,0.00123,-3e-05,0.02601,0.00019,0.00012,0.00016,-0.00222,-0.0005,-0.00013,-0.00133,-1e-05,-0,-0
28.2,0.00356,0.00034,3e-05,1e-05,-9e-05,0,-0.00054,-2e-05,0,9e-05,-1e-05,0,-1e-05,0.00069,7e-05,-8e-05,-3e-05,2e-05,1e-05,3e-05,-0.01692,0.001,-3e-05,0.02097,0.00016,0.00012,0.00016,-0.00284,-0.00053,-0.00016,-0.00134,-0,-0,-0
28.22,0.00265,0.00027,2e-05,2e-05,-0.0001,0,-0.0004,4e-05,1e-05,-2e-05,-1e-05,0,-1e-05,0.00065,6e-05,-6e-05,-3e-05,5e-05,1e-05,3e-05,-0.012,0.00078,-2e-05,0.0158,0.00013,0.0001,0.00015,-0.00313,-0.00057,-0.00017,-0.00133,-0,-0,-0
28.24,0.00174,0.00014,1e-05,3e-05,-0.00011,0,-0.00028,0.0001,1e-05,-0.00013,-0,1e-05,-1e-05,0.00062,3e-05,-3e-05,-3e-05,8e-05,1e-05,3e-05,-0.00748,0.00054,-1e-05,0.01101,9e-05,8e-05,0.00011,-0.00326,-0.00063,-0.00017,-0.0013,-0,-0,-0
28.26,0.0008,-3e-05,1e-05,3e-05,-0.00012,0,-0.00017,0.00014,1e-05,-0.00022,-0,1e-05,-1e-05,0.0006,-0,-1e-05,-3e-05,0.00012,1e-05,2e-05,-0.00357,0.00027,0,0.00688,6e-05,5e-05,8e-05,-0.00339,-0.00071,-0.00015,-0.00122,0,-0,-0
28.28,-0.00016,-0.00022,0,3e-05,-0.00013,0,-7e-05,0.00018,1e-05,-0.00031,0,1e-05,-0,0.00058,-4e-05,1e-05,-3e-05,0.00016,1e-05,2e-05,-0.00034,-2e-05,2e-05,0.00353,2e-05,2e-05,4e-05,-0.00329,-0.00082,-0.00011,-0.00114,0,-0,-0
28.3,-0.00107,-0.0004,0,3e-05,-0.00015,0,-1e-05,0.00021,0,-0.00038,0,1e-05,0,0.00057,-9e-05,2e-05,-3e-05,0.00021,1e-05,1e-05,0.00221,-0.0003,2e-05,0.00097,0,0,1e-05,-0.00306,-0.00095,-6e-05,-0.00105,-0,-0,-0
28.32,-0.00186,-0.00054,0,3e-05,-0.00016,0,4e-05,0.00023,0,-0.00044,0,1e-05,1e-05,0.00057,-0.00014,4e-05,-2e-05,0.00029,1e-05,0,0.00413,-0.00055,2e-05,-0.00087,0,-0,-0,-0.00287,-0.00104,-1e-05,-0.0009,-0,-0,-0
28.34,-0.00257,-0.00062,-0,3e-05,-0.00017,0,6e-05,0.00025,0,-0.00049,1e-05,1e-05,1e-05,0.00057,-0.0002,5e-05,-2e-05,0.00036,1e-05,-0,0.00517,-0.0007,1e-05,-0.00173,2e-05,1e-05,1e-05,-0.00251,-0.00111,4e-05,-0.00077,-0,0,0
28.36,-0.00325,-0.00066,-0,3e-05,-0.00017,0,6e-05,0.00026,-0,-0.00052,1e-05,2e-05,2e-05,0.00056,-0.00025,6e-05,-2e-05,0.00039,0,-0,0.00529,-0.0007,-1e-05,-0.00163,5e-05,3e-05,3e-05,-0.00187,-0.00116,8e-05,-0.00069,-1e-05,0,0
28.38,-0.00389,-0.00064,0,3e-05,-0.00016,0,4e-05,0.00026,-0,-0.00054,0,2e-05,2e-05,0.00054,-0.00029,7e-05,-3e-05,0.0004,0,-0,0.00539,-0.00067,-3e-05,-0.00151,8e-05,6e-05,6e-05,-0.00102,-0.00119,0.00011,-0.00067,-1e-05,0,0
28.4,-0.00443,-0.00059,0,3e-05,-0.00015,0,0,0.00026,-0,-0.00054,0,2e-05,2e-05,0.0005,-0.00032,7e-05,-3e-05,0.00037,0,-0,0.00544,-0.00061,-4e-05,-0.00138,0.00013,0.0001,0.0001,-0.0002,-0.00121,0.00013,-0.00069,-1e-05,0,0
28.42,-0.00478,-0.00052,0,3e-05,-0.00013,0,-6e-05,0.00025,-0,-0.00053,0,2e-05,2e-05,0.00043,-0.00034,8e-05,-3e-05,0.00031,0,-0,0.00544,-0.00053,-6e-05,-0.00122,0.00019,0.00017,0.00014,0.00035,-0.00125,0.00015,-0.0007,-2e-05,1e-05,0
28.44,-0.00502,-0.00043,0,2e-05,-0.00011,0,-0.00013,0.00023,-0,-0.00049,0,2e-05,2e-05,0.00035,-0.00034,8e-05,-4e-05,0.00024,0,-0,0.00537,-0.00043,-7e-05,-0.00103,0.00025,0.00026,0.00019,0.00076,-0.00131,0.00017,-0.00067,-2e-05,1e-05,0
28.46,-0.00524,-0.00034,-0,2e-05,-7e-05,0,-0.00021,0.00022,-0,-0.00043,-0,2e-05,2e-05,0.00027,-0.00033,7e-05,-4e-05,0.00018,0,-0,0.00522,-0.00031,-9e-05,-0.00084,0.00032,0.0004,0.00025,0.00115,-0.00138,0.00018,-0.00067,-2e-05,1e-05,0
28.48,-0.00542,-0.00025,-0,2e-05,-3e-05,0,-0.00029,0.00019,-0,-0.00036,-0,2e-05,1e-05,0.00019,-0.0003,6e-05,-4e-05,0.00012,0,0,0.005,-0.00018,-0.00012,-0.00064,0.00038,0.00052,0.00027,0.00147,-0.00148,0.0002,-0.00068,-2e-05,1e-05,0
28.5,-0.00548,-0.00018,-0,2e-05,1e-05,0,-0.00037,0.00017,-0,-0.00027,-0,2e-05,0,0.00011,-0.00026,5e-05,-4e-05,8e-05,0,0,0.0047,-6e-05,-0.00014,-0.00045,0.00043,0.00075,0.00036,0.00169,-0.00157,0.0002,-0.0007,-2e-05,1e-05,0
28.52,-0.00535,-0.00011,-0,1e-05,5e-05,0,-0.00045,0.00014,-0,-0.00018,-1e-05,2e-05,-0,2e-05,-0.00023,4e-05,-3e-05,4e-05,0,0,0.00433,4e-05,-0.00014,-0.00027,0.00053,0.00139,0.00069,0.00183,-0.00164,0.00021,-0.00076,-2e-05,1e-05,1e-05
28.54,-0.00513,-7e-05,0,1e-05,8e-05,0,-0.00051,0.00011,-0,-8e-05,-1e-05,1e-05,-1e-05,-5e-05,-0.00019,4e-05,-3e-05,2e-05,0,0,0.00392,0.00015,-0.00013,-0.00011,0.0006,0.00222,0.00114,0.00191,-0.00167,0.0002,-0.00079,-2e-05,1e-05,1e-05
28.56,-0.00488,-4e-05,0,1e-05,0.00011,0,-0.00055,8e-05,0,1e-05,-1e-05,1e-05,-2e-05,-0.00012,-0.00016,3e-05,-2e-05,-0,0,0,0.00347,0.00027,-0.00012,2e-05,0.00058,0.00296,0.00151,0.00199,-0.00165,0.00018,-0.0008,-2e-05,1e-05,1e-05
28.58,-0.00461,-2e-05,1e-05,1e-05,0.00013,0,-0.00058,5e-05,-0,0.0001,-1e-05,1e-05,-3e-05,-0.00018,-0.00012,2e-05,-1e-05,-2e-05,0,0,0.00299,0.0004,-0.00012,0.00014,0.0005,0.00372,0.00186,0.00206,-0.0016,0.00015,-0.00078,-2e-05,1e-05,1e-05
28.6,-0.00428,-0,1e-05,0,0.00014,0,-0.00059,3e-05,-0,0.00019,-1e-05,0,-4e-05,-0.00023,-9e-05,2e-05,0,-3e-05,-0,0,0.00248,0.00054,-0.00011,0.00019,0.00031,0.00424,0.00203,0.00214,-0.0015,0.00011,-0.00076,-2e-05,1e-05,1e-05
28.62,-0.00389,1e-05,2e-05,0,0.00015,0,-0.00059,0,-0,0.00027,-1e-05,0,-4e-05,-0.00026,-7e-05,1e-05,2e-05,-4e-05,-0,-0,0.00197,0.00067,-9e-05,0.00016,8e-05,0.00413,0.0019,0.00222,-0.00138,8e-05,-0.00073,-2e-05,1e-05,0
28.64,-0.00351,2e-05,2e-05,0,0.00015,0,-0.00059,-1e-05,-1e-05,0.00034,-1e-05,-0,-5e-05,-0.00029,-5e-05,1e-05,3e-05,-5e-05,-0,-0,0.00151,0.00079,-6e-05,0.0001,-8e-05,0.00372,0.00165,0.0023,-0.00124,5e-05,-0.0007,-1e-05,1e-05,0
28.66,-0.00316,3e-05,2e-05,0,0.00015,0,-0.00058,-2e-05,-1e-05,0.00041,-1e-05,-0,-6e-05,-0.0003,-3e-05,1e-05,4e-05,-6e-05,-0,-0,0.00113,0.00087,-4e-05,7e-05,-0.00017,0.00326,0.00139,0.00237,-0.0011,3e-05,-0.00067,-1e-05,1e-05,0
28.68,-0.00285,5e-05,2e-05,0,0.00015,0,-0.00058,-2e-05,-2e-05,0.00048,-1e-05,-1e-05,-7e-05,-0.00031,-2e-05,1e-05,5e-05,-7e-05,-0,-0,0.00082,0.00093,-2e-05,4e-05,-0.00021,0.00276,0.00113,0.00243,-0.00096,1e-05,-0.00065,-1e-05,1e-05,0
28.7,-0.00257,6e-05,3e-05,0,0.00015,0,-0.00058,-2e-05,-2e-05,0.00054,-1e-05,-1e-05,-8e-05,-0.0003,-1e-05,0,6e-05,-7e-05,-0,-0,0.00058,0.00096,-1e-05,2e-05,-0.00022,0.00215,0.00085,0.00248,-0.00083,0,-0.00063,-1e-05,0,0
28.72,-0.00231,7e-05,2e-05,-0,0.00014,0,-0.00057,-2e-05,-2e-05,0.0006,-1e-05,-1e-05,-8e-05,-0.00029,0,0,6e-05,-7e-05,-0,-0,0.0004,0.00094,-0,1e-05,-0.00022,0.00146,0.00058,0.00251,-0.00073,0,-0.0006,-1e-05,0,0
28.74,-0.00209,8e-05,2e-05,-0,0.00013,0,-0.00057,-2e-05,-3e-05,0.00066,-1e-05,-1e-05,-9e-05,-0.00027,1e-05,0,7e-05,-6e-05,-0,-0,0.00028,0.0009,-0,-0,-0.00023,0.00091,0.00036,0.00253,-0.00063,-0,-0.00058,-1e-05,0,0
28.76,-0.0019,8e-05,2e-05,-0,0.00013,0,-0.00057,-2e-05,-3e-05,0.00071,-1e-05,-1e-05,-9e-05,-0.00024,1e-05,0,7e-05,-5e-05,-0,-0,0.00021,0.00085,0,-1e-05,-0.00023,0.00054,0.0002,0.00253,-0.00056,-0,-0.00056,-1e-05,0,0
28.78,-0.00176,8e-05,1e-05,-0,0.00012,0,-0.00056,-2e-05,-3e-05,0.00075,-1e-05,-1e-05,-9e-05,-0.0002,1e-05,0,7e-05,-4e-05,-0,-0,0.00017,0.00079,0,-1e-05,-0.00023,0.00031,9e-05,0.00253,-0.00049,-0,-0.00054,-1e-05,0,0
28.8,-0.00164,8e-05,1e-05,-0,0.00011,0,-0.00056,-2e-05,-3e-05,0.00079,-1e-05,-1e-05,-9e-05,-0.00016,0,-0,7e-05,-3e-05,0,-0,0.00016,0.00073,1e-05,-1e-05,-0.00023,0.0002,3e-05,0.00251,-0.00043,0,-0.00052,-1e-05,0,0
28.82,-0.00155,8e-05,1e-05,-0,0.0001,0,-0.00055,-2e-05,-4e-05,0.00081,-1e-05,-1e-05,-9e-05,-0.00012,-0,-0,7e-05,-3e-05,0,-1e-05,0.00015,0.00066,1e-05,-1e-05,-0.00022,0.00017,-0,0.00248,-0.00038,0,-0.0005,-1e-05,0,0
28.84,-0.00148,8e-05,0,-0,0.0001,0,-0.00054,-2e-05,-4e-05,0.00083,-1e-05,-1e-05,-9e-05,-9e-05,-1e-05,-0,6e-05,-3e-05,0,-1e-05,0.00015,0.0006,1e-05,-1e-05,-0.00021,0.00018,-1e-05,0.00244,-0.00034,-0,-0.00048,-1e-05,0,0
28.86,-0.00144,7e-05,0,-0,9e-05,0,-0.00052,-2e-05,-4e-05,0.00083,-0,-0,-8e-05,-5e-05,-2e-05,-0,5e-05,-2e-05,0,-1e-05,0.00014,0.00054,1e-05,-1e-05,-0.0002,0.00021,-1e-05,0.00238,-0.0003,-0,-0.00046,-1e-05,0,0
28.88,-0.00141,7e-05,0,-0,8e-05,0,-0.0005,-2e-05,-4e-05,0.00082,-0,-0,-7e-05,-2e-05,-3e-05,-0,3e-05,-2e-05,0,-1e-05,0.00012,0.00049,1e-05,-0,-0.00018,0.00023,-1e-05,0.00231,-0.00026,0,-0.00044,-1e-05,0,0
28.9,-0.00138,6e-05,0,-0,7e-05,0,-0.00047,-2e-05,-5e-05,0.0008,-0,0,-7e-05,1e-05,-4e-05,0,1e-05,-2e-05,0,-1e-05,9e-05,0.00045,2e-05,-0,-0.00016,0.00025,-0,0.00222,-0.00023,0,-0.00042,-1e-05,0,0
28.92,-0.00136,5e-05,0,-1e-05,7e-05,0,-0.00043,-2e-05,-5e-05,0.00078,0,1e-05,-6e-05,4e-05,-5e-05,0,-1e-05,-2e-05,0,-0,4e-05,0.00041,2e-05,-0,-0.00014,0.00026,1e-05,0.00213,-0.00021,0,-0.0004,-1e-05,0,0
28.94,-0.00132,4e-05,0,-1e-05,6e-05,0,-0.00039,-1e-05,-5e-05,0.00074,0,1e-05,-5e-05,6e-05,-6e-05,0,-3e-05,-2e-05,1e-05,-0,-1e-05,0.00038,2e-05,-0,-0.00012,0.00025,1e-05,0.00204,-0.00019,1e-05,-0.00038,-0,0,0
28.96,-0.00128,3e-05,1e-05,-1e-05,5e-05,0,-0.00035,-1e-05,-5e-05,0.0007,1e-05,1e-05,-4e-05,7e-05,-7e-05,0,-5e-05,-2e-05,1e-05,-0,-6e-05,0.00035,2e-05,-0,-0.00011,0.00023,2e-05,0.00195,-0.00017,1e-05,-0.00036,-0,0,0
28.98,-0.00121,3e-05,1e-05,-1e-05,5e-05,0,-0.0003,-1e-05,-5e-05,0.00066,1e-05,2e-05,-3e-05,9e-05,-8e-05,0,-7e-05,-2e-05,1e-05,-0,-0.00012,0.00033,2e-05,-0,-9e-05,0.0002,2e-05,0.00185,-0.00015,2e-05,-0.00034,-0,0,0
29,-0.00114,2e-05,1e-05,-1e-05,4e-05,0,-0.00024,-1e-05,-5e-05,0.00061,1e-05,2e-05,-2e-05,9e-05,-9e-05,0,-9e-05,-3e-05,1e-05,-0,-0.00018,0.00032,2e-05,0,-8e-05,0.00016,2e-05,0.00176,-0.00014,2e-05,-0.00033,-0,0,0
29.02,-0.00104,1e-05,1e-05,-1e-05,4e-05,0,-0.00019,-0,-5e-05,0.00056,2e-05,3e-05,-1e-05,0.0001,-9e-05,0,-0.00011,-2e-05,1e-05,-0,-0.00024,0.0003,2e-05,0,-6e-05,0.00011,1e-05,0.00166,-0.00012,3e-05,-0.00031,-0,0,0
29.04,-0.00094,0,1e-05,-1e-05,4e-05,0,-0.00014,-0,-4e-05,0.00051,2e-05,3e-05,-0,0.00011,-9e-05,1e-05,-0.00013,-2e-05,1e-05,-0,-0.00028,0.00027,2e-05,0,-5e-05,5e-05,0,0.00154,-0.00011,3e-05,-0.00029,-0,0,0
29.06,-0.00083,-0,1e-05,-1e-05,4e-05,0,-9e-05,-0,-4e-05,0.00045,2e-05,3e-05,1e-05,0.00011,-9e-05,1e-05,-0.00014,-1e-05,1e-05,-0,-0.00032,0.00025,2e-05,0,-3e-05,-1e-05,-0,0.00142,-9e-05,4e-05,-0.00026,-0,-0,0
29.08,-0.00072,-1e-05,1e-05,-1e-05,3e-05,0,-3e-05,-0,-4e-05,0.0004,1e-05,4e-05,3e-05,0.00011,-9e-05,1e-05,-0.00016,-1e-05,1e-05,-0,-0.00036,0.00021,2e-05,0,-2e-05,-9e-05,-2e-05,0.00128,-7e-05,5e-05,-0.00024,0,-0,-0
29.1,-0.00061,-1e-05,1e-05,-1e-05,3e-05,0,2e-05,-1e-05,-4e-05,0.00034,1e-05,4e-05,5e-05,0.0001,-9e-05,1e-05,-0.00017,-1e-05,1e-05,-0,-0.00038,0.00017,2e-05,0,-0,-0.00017,-3e-05,0.00112,-5e-05,6e-05,-0.00021,0,-0,-0
29.12,-0.00051,-2e-05,0,-1e-05,3e-05,0,7e-05,-1e-05,-4e-05,0.00028,0,5e-05,6e-05,0.0001,-9e-05,1e-05,-0.00018,-1e-05,1e-05,-0,-0.0004,0.00012,2e-05,0,1e-05,-0.00026,-5e-05,0.00095,-3e-05,7e-05,-0.00018,0,-0,-0
29.14,-0.00042,-2e-05,0,-1e-05,3e-05,0,0.00012,-2e-05,-4e-05,0.00022,-1e-05,5e-05,9e-05,9e-05,-8e-05,1e-05,-0.00018,-1e-05,2e-05,-0,-0.00041,7e-05,1e-05,0,3e-05,-0.00036,-7e-05,0.00077,-1e-05,7e-05,-0.00015,0,-0,-0
29.16,-0.00034,-3e-05,0,-1e-05,3e-05,0,0.00017,-2e-05,-3e-05,0.00015,-2e-05,6e-05,0.00011,9e-05,-7e-05,1e-05,-0.00018,-1e-05,2e-05,-0,-0.00042,2e-05,1e-05,0,5e-05,-0.00046,-9e-05,0.00059,1e-05,8e-05,-0.00012,1e-05,-0,-0
29.18,-0.00027,-3e-05,-0,-1e-05,3e-05,0,0.00021,-3e-05,-3e-05,8e-05,-2e-05,7e-05,0.00013,8e-05,-7e-05,1e-05,-0.00017,-1e-05,2e-05,-0,-0.00042,-3e-05,1e-05,0,6e-05,-0.00056,-0.0001,0.0004,2e-05,8e-05,-8e-05,1e-05,-0,-0
29.2,-0.00021,-4e-05,-0,-1e-05,3e-05,0,0.00026,-4e-05,-3e-05,1e-05,-2e-05,8e-05,0.00016,8e-05,-6e-05,1e-05,-0.00016,-1e-05,2e-05,-1e-05,-0.00042,-9e-05,0,0,7e-05,-0.00063,-0.00012,0.00022,4e-05,7e-05,-5e-05,1e-05,-0,-0
29.22,-0.00017,-5e-05,-0,-1e-05,2e-05,0,0.00029,-5e-05,-3e-05,-7e-05,0,9e-05,0.00018,7e-05,-5e-05,1e-05,-0.00016,-1e-05,2e-05,-1e-05,-0.00041,-0.00013,-0,-0,9e-05,-0.00065,-0.00012,5e-05,5e-05,7e-05,-3e-05,1e-05,-0,-0
29.24,-0.00012,-6e-05,-0,-1e-05,2e-05,0,0.00031,-6e-05,-3e-05,-0.00013,5e-05,0.00011,0.00021,7e-05,-4e-05,1e-05,-0.00014,-1e-05,2e-05,-0,-0.00039,-0.00018,-1e-05,-0,9e-05,-0.00063,-0.00012,-9e-05,6e-05,6e-05,-0,1e-05,-0,-0
29.26,-9e-05,-7e-05,-0,-1e-05,2e-05,0,0.00032,-7e-05,-3e-05,-0.00019,0.00012,0.00012,0.00022,6e-05,-4e-05,1e-05,-0.00013,-1e-05,2e-05,-0,-0.00037,-0.00021,-1e-05,-0,9e-05,-0.00057,-0.00012,-0.00021,6e-05,5e-05,2e-05,1e-05,-0,-0
29.28,-5e-05,-8e-05,-0,-1e-05,1e-05,0,0.0003,-8e-05,-3e-05,-0.00024,0.00021,0.00013,0.00023,5e-05,-3e-05,0,-0.00012,-1e-05,2e-05,-0,-0.00035,-0.00024,-1e-05,-0,8e-05,-0.00048,-0.0001,-0.0003,7e-05,4e-05,4e-05,1e-05,-0,-0
29.3,-2e-05,-9e-05,-0,-1e-05,1e-05,0,0.00027,-8e-05,-3e-05,-0.00028,0.00032,0.00014,0.00022,5e-05,-2e-05,0,-0.0001,-0,2e-05,-0,-0.00032,-0.00026,-1e-05,-0,7e-05,-0.00038,-8e-05,-0.00037,7e-05,4e-05,5e-05,0,-0,-0
29.32,2e-05,-0.0001,-0,-1e-05,1e-05,0,0.00023,-8e-05,-3e-05,-0.0003,0.00049,0.00017,0.0002,4e-05,-1e-05,0,-9e-05,-0,2e-05,-0,-0.00028,-0.00027,-1e-05,-0,5e-05,-0.00029,-7e-05,-0.00041,7e-05,3e-05,6e-05,0,-0,-0
29.34,6e-05,-0.0001,-1e-05,-1e-05,1e-05,0,0.00016,-8e-05,-3e-05,-0.00031,0.00065,0.00019,0.00017,3e-05,-1e-05,0,-8e-05,-0,1e-05,-0,-0.00024,-0.00027,-1e-05,-0,3e-05,-0.0002,-6e-05,-0.00042,7e-05,2e-05,7e-05,0,-0,-0
29.36,0.00011,-0.0001,-1e-05,-1e-05,1e-05,0,9e-05,-8e-05,-3e-05,-0.00029,0.00071,0.0002,0.00014,2e-05,-0,0,-6e-05,-0,1e-05,-0,-0.0002,-0.00027,-1e-05,-0,2e-05,-0.00014,-6e-05,-0.00042,7e-05,1e-05,8e-05,0,-0,-0
29.38,0.00016,-0.00011,-1e-05,-1e-05,0,0,1e-05,-7e-05,-3e-05,-0.00026,0.00072,0.00019,0.00011,2e-05,-0,0,-5e-05,-0,1e-05,-0,-0.00016,-0.00026,-1e-05,-0,2e-05,-0.00012,-6e-05,-0.0004,7e-05,1e-05,8e-05,0,-0,-0
29.4,0.0002,-0.0001,-1e-05,-2e-05,0,0,-8e-05,-6e-05,-2e-05,-0.00022,0.00064,0.00017,8e-05,1e-05,0,-0,-4e-05,-0,1e-05,-0,-0.00013,-0.00024,-1e-05,-0,3e-05,-0.00014,-8e-05,-0.00038,6e-05,0,8e-05,0,0,0
29.42,0.00023,-0.0001,-2e-05,-2e-05,0,0,-0.00015,-5e-05,-2e-05,-0.00017,0.00048,0.00014,5e-05,0,0,-0,-3e-05,-0,1e-05,-0,-9e-05,-0.00023,-1e-05,-0,4e-05,-0.00021,-0.00012,-0.00036,6e-05,-0,8e-05,0,0,0
29.44,0.00026,-9e-05,-2e-05,-2e-05,0,0,-0.00021,-4e-05,-2e-05,-0.00013,0.00032,0.0001,3e-05,-0,0,-0,-2e-05,0,0,-0,-7e-05,-0.00021,-2e-05,-0,6e-05,-0.00034,-0.00016,-0.00034,5e-05,-0,8e-05,0,0,0
29.46,0.00027,-9e-05,-2e-05,-2e-05,0,0,-0.00025,-3e-05,-1e-05,-9e-05,0.00021,7e-05,2e-05,-1e-05,0,-0,-1e-05,0,0,-0,-6e-05,-0.0002,-2e-05,-0,9e-05,-0.0005,-0.00021,-0.00034,5e-05,-0,8e-05,0,0,0
29.48,0.00027,-8e-05,-2e-05,-2e-05,0,0,-0.00026,-3e-05,-1e-05,-5e-05,0.00013,4e-05,0,-1e-05,0,-0,-0,0,0,-0,-5e-05,-0.00018,-3e-05,-0,0.00012,-0.00067,-0.00026,-0.00034,5e-05,-0,8e-05,0,-0,0
29.5,0.00026,-7e-05,-2e-05,-1e-05,0,0,-0.00026,-2e-05,-0,-3e-05,7e-05,2e-05,-1e-05,-2e-05,0,-0,0,0,0,-0,-5e-05,-0.00017,-4e-05,-0,0.00014,-0.0008,-0.00029,-0.00035,5e-05,-0,8e-05,0,-0,-0
29.52,0.00024,-6e-05,-2e-05,-1e-05,0,0,-0.00025,-2e-05,-0,-1e-05,4e-05,1e-05,-1e-05,-2e-05,0,0,1e-05,0,0,-0,-5e-05,-0.00015,-4e-05,-0,0.00015,-0.00077,-0.00028,-0.00036,5e-05,-0,9e-05,0,-0,-0
29.54,0.00021,-6e-05,-1e-05,-1e-05,0,0,-0.00022,-2e-05,0,0,1e-05,-0,-1e-05,-2e-05,0,0,1e-05,0,-0,-0,-6e-05,-0.00014,-3e-05,-0,0.00015,-0.00062,-0.00023,-0.00037,4e-05,0,9e-05,0,-0,-0
29.56,0.00019,-5e-05,-1e-05,-1e-05,0,0,-0.00019,-2e-05,0,1e-05,-0,-1e-05,-2e-05,-2e-05,-0,0,1e-05,0,-0,-0,-6e-05,-0.00013,-2e-05,-0,0.00012,-0.0004,-0.00015,-0.00038,4e-05,-0,9e-05,0,-0,-0
29.58,0.00016,-4e-05,-1e-05,-1e-05,0,0,-0.00016,-2e-05,0,2e-05,-1e-05,-1e-05,-2e-05,-3e-05,-0,0,1e-05,0,-0,-0,-7e-05,-0.00011,-1e-05,-0,5e-05,-0.00013,-5e-05,-0.00039,4e-05,-0,9e-05,0,-0,-0
29.6,0.00013,-3e-05,-1e-05,-1e-05,0,0,-0.00013,-2e-05,0,2e-05,-2e-05,-1e-05,-1e-05,-3e-05,-0,0,2e-05,0,-0,-0,-6e-05,-0.0001,1e-05,0,-3e-05,0.00012,5e-05,-0.00039,4e-05,-0,9e-05,0,-0,-0
29.62,0.0001,-3e-05,-0,-1e-05,0,0,-9e-05,-3e-05,0,2e-05,-2e-05,-1e-05,-1e-05,-3e-05,-0,0,2e-05,-0,-0,-0,-6e-05,-9e-05,2e-05,0,-0.00011,0.00038,0.00015,-0.00038,3e-05,-0,9e-05,0,0,0
29.64,7e-05,-2e-05,-0,-1e-05,-0,0,-6e-05,-3e-05,0,1e-05,-2e-05,-1e-05,-1e-05,-3e-05,-0,0,2e-05,-0,-0,-0,-5e-05,-8e-05,3e-05,0,-0.00015,0.00062,0.00023,-0.00037,3e-05,-1e-05,8e-05,0,0,0
29.66,4e-05,-2e-05,0,-1e-05,-0,0,-3e-05,-4e-05,0,0,-2e-05,-1e-05,-0,-3e-05,-1e-05,0,2e-05,-0,-0,-0,-4e-05,-7e-05,4e-05,0,-0.00016,0.00079,0.00028,-0.00034,3e-05,-1e-05,8e-05,-0,0,0
29.68,2e-05,-1e-05,0,-0,-0,0,-1e-05,-4e-05,0,-1e-05,-2e-05,-1e-05,-0,-3e-05,-1e-05,0,2e-05,-0,0,-0,-3e-05,-7e-05,4e-05,0,-0.00015,0.00088,0.00031,-0.00031,2e-05,-1e-05,8e-05,-0,0,0
29.7,-1e-05,-1e-05,0,-0,-0,0,1e-05,-4e-05,-0,-2e-05,-2e-05,-1e-05,0,-3e-05,-1e-05,0,2e-05,-0,0,-0,-1e-05,-6e-05,4e-05,0,-0.00013,0.00089,0.0003,-0.00028,2e-05,-1e-05,7e-05,-0,0,0
29.72,-4e-05,-1e-05,0,-1e-05,-0,0,3e-05,-4e-05,-0,-4e-05,-2e-05,-0,0,-2e-05,-1e-05,0,2e-05,-0,0,-0,0,-6e-05,4e-05,0,-0.00011,0.00078,0.00027,-0.00024,2e-05,-1e-05,7e-05,-0,0,0
29.74,-6e-05,-0,0,-1e-05,-0,0,5e-05,-4e-05,-0,-5e-05,-2e-05,-0,0,-2e-05,-1e-05,0,2e-05,-0,0,-0,2e-05,-6e-05,3e-05,0,-0.0001,0.00066,0.00023,-0.0002,2e-05,-1e-05,6e-05,-0,0,0
29.76,-8e-05,0,0,-1e-05,-0,0,6e-05,-4e-05,-0,-6e-05,-2e-05,0,1e-05,-1e-05,-1e-05,0,2e-05,-0,0,-0,4e-05,-6e-05,2e-05,0,-9e-05,0.00059,0.00019,-0.00016,2e-05,-1e-05,6e-05,-0,0,0
29.78,-0.0001,0,1e-05,-1e-05,-1e-05,0,6e-05,-4e-05,-0,-7e-05,-1e-05,0,0,-1e-05,-1e-05,0,2e-05,-0,0,-0,5e-05,-5e-05,2e-05,0,-9e-05,0.00054,0.00017,-0.00012,1e-05,-1e-05,6e-05,-0,0,0
29.8,-0.00011,1e-05,1e-05,-1e-05,-1e-05,0,5e-05,-4e-05,-0,-7e-05,-1e-05,0,0,-0,-0,0,2e-05,-0,0,-0,7e-05,-5e-05,2e-05,0,-9e-05,0.00053,0.00015,-8e-05,1e-05,-1e-05,5e-05,-0,0,0
29.82,-0.00011,1e-05,1e-05,-1e-05,-1e-05,0,3e-05,-3e-05,-0,-5e-05,-1e-05,0,-0,0,-0,0,2e-05,-0,0,-0,9e-05,-4e-05,2e-05,0,-9e-05,0.00054,0.00014,-5e-05,1e-05,-1e-05,5e-05,-0,0,0
29.84,-0.0001,1e-05,1e-05,-1e-05,-1e-05,0,-1e-05,-3e-05,-0,-1e-05,-1e-05,-0,-1e-05,1e-05,-0,0,2e-05,-0,0,-0,0.0001,-3e-05,2e-05,0,-8e-05,0.00055,0.00013,-1e-05,1e-05,-1e-05,4e-05,-0,0,0
29.86,-8e-05,1e-05,0,-1e-05,-1e-05,0,-7e-05,-2e-05,-0,5e-05,-1e-05,-1e-05,-2e-05,1e-05,-0,0,2e-05,-0,-0,-0,0.00011,-2e-05,2e-05,0,-7e-05,0.00053,0.00012,2e-05,0,-1e-05,4e-05,-0,0,0
29.88,-5e-05,1e-05,0,-1e-05,-1e-05,0,-0.00015,-1e-05,0,0.00013,-1e-05,-2e-05,-3e-05,2e-05,0,0,2e-05,-0,-0,-0,0.00013,-0,2e-05,0,-6e-05,0.00049,0.0001,5e-05,-1e-05,-1e-05,3e-05,-0,0,0
29.9,-0,2e-05,0,-1e-05,-1e-05,0,-0.00026,0,1e-05,0.00025,-1e-05,-3e-05,-4e-05,2e-05,0,0,2e-05,-0,-0,0,0.00014,2e-05,2e-05,0,-5e-05,0.00042,8e-05,8e-05,-1e-05,-1e-05,3e-05,-0,0,0
29.92,5e-05,2e-05,0,-1e-05,-1e-05,0,-0.0004,2e-05,1e-05,0.00039,-2e-05,-5e-05,-6e-05,2e-05,1e-05,0,2e-05,-0,-0,0,0.00015,5e-05,1e-05,0,-3e-05,0.00032,6e-05,0.00012,-2e-05,-2e-05,2e-05,-0,0,0
29.94,0.00012,2e-05,0,-1e-05,-1e-05,0,-0.00056,3e-05,2e-05,0.00056,-3e-05,-7e-05,-8e-05,3e-05,1e-05,0,1e-05,-0,-1e-05,0,0.00016,8e-05,1e-05,-0,-2e-05,0.00023,4e-05,0.00016,-4e-05,-2e-05,2e-05,-0,0,0
29.96,0.00019,2e-05,-0,-1e-05,-1e-05,0,-0.00074,5e-05,4e-05,0.00075,-3e-05,-9e-05,-0.0001,3e-05,1e-05,0,1e-05,-0,-1e-05,0,0.00018,0.00012,1e-05,-0,-0,0.00014,2e-05,0.00021,-5e-05,-2e-05,1e-05,-1e-05,0,0
29.98,0.00026,2e-05,-0,-1e-05,-1e-05,0,-0.00092,7e-05,6e-05,0.00093,-4e-05,-0.00011,-0.00012,3e-05,1e-05,0,1e-05,-0,-1e-05,0,0.00019,0.00015,1e-05,-0,1e-05,6e-05,1e-05,0.00025,-6e-05,-2e-05,0,-0,0,0
30,0.00032,1e-05,-0,-1e-05,-2e-05,0,-0.00108,9e-05,8e-05,0.00108,-4e-05,-0.00013,-0.00013,3e-05,1e-05,0,1e-05,-0,-1e-05,0,0.00019,0.00019,1e-05,-0,2e-05,-0,-0,0.00028,-7e-05,-2e-05,-0,-0,0,0
30.02,0.00037,1e-05,-0,-1e-05,-2e-05,0,-0.00119,0.00011,0.00011,0.00119,-3e-05,-0.00013,-0.00013,3e-05,2e-05,0,1e-05,-0,-1e-05,0,0.00019,0.00022,1e-05,-0,3e-05,-4e-05,-1e-05,0.0003,-7e-05,-1e-05,-1e-05,-0,0,0
30.04,0.00039,1e-05,-0,-1e-05,-2e-05,0,-0.00123,0.00013,0.00013,0.00124,-1e-05,-0.00013,-0.00012,4e-05,2e-05,0,1e-05,-0,-1e-05,1e-05,0.00017,0.00024,1e-05,-0,3e-05,-6e-05,-1e-05,0.0003,-7e-05,-0,-1e-05,-0,0,0
30.06,0.00038,1e-05,-0,-1e-05,-2e-05,0,-0.00121,0.00015,0.00015,0.0012,1e-05,-0.00012,-0.00011,4e-05,2e-05,-0,1e-05,-0,-1e-05,1e-05,0.00015,0.00025,1e-05,-0,3e-05,-6e-05,-1e-05,0.00027,-6e-05,1e-05,-1e-05,0,-0,-0
30.08,0.00036,0,-0,-1e-05,-2e-05,0,-0.00113,0.00016,0.00016,0.0011,3e-05,-0.0001,-9e-05,4e-05,2e-05,-0,1e-05,-0,-1e-05,1e-05,0.00012,0.00025,1e-05,-0,3e-05,-5e-05,-1e-05,0.00022,-5e-05,2e-05,-0,0,-0,-0
30.1,0.00031,0,-0,-1e-05,-2e-05,0,-0.00103,0.00017,0.00017,0.00095,5e-05,-8e-05,-7e-05,4e-05,1e-05,-0,1e-05,-0,-1e-05,1e-05,8e-05,0.00023,1e-05,-0,2e-05,-4e-05,-1e-05,0.00015,-4e-05,3e-05,0,1e-05,-0,-0
30.12,0.00026,0,-0,-1e-05,-2e-05,0,-0.00094,0.00017,0.00016,0.00078,7e-05,-6e-05,-5e-05,4e-05,1e-05,-0,1e-05,-0,-0,1e-05,5e-05,0.00022,1e-05,-0,2e-05,-2e-05,-1e-05,8e-05,-2e-05,3e-05,1e-05,1e-05,-0,-0
30.14,0.0002,0,0,-1e-05,-2e-05,0,-0.00086,0.00016,0.00015,0.0006,8e-05,-4e-05,-4e-05,4e-05,1e-05,-0,1e-05,-0,-0,1e-05,2e-05,0.00019,1e-05,-0,1e-05,-1e-05,-0,2e-05,-1e-05,4e-05,2e-05,1e-05,-0,-0
30.16,0.00015,-0,0,-1e-05,-2e-05,0,-0.00078,0.00013,0.00012,0.00045,9e-05,-2e-05,-3e-05,4e-05,1e-05,-0,1e-05,-0,-0,1e-05,0,0.00017,1e-05,-0,1e-05,-1e-05,-0,-4e-05,-0,4e-05,2e-05,1e-05,-0,-0
30.18,0.0001,0,0,-1e-05,-1e-05,0,-0.00073,9e-05,0.0001,0.00032,9e-05,-1e-05,-2e-05,4e-05,1e-05,-0,0,-0,-0,1e-05,-1e-05,0.00014,1e-05,-0,1e-05,-2e-05,-0,-8e-05,0,3e-05,3e-05,1e-05,-0,-0
30.2,7e-05,0,0,-1e-05,-1e-05,0,-0.00068,3e-05,7e-05,0.00021,9e-05,-0,-2e-05,3e-05,1e-05,0,0,-0,-0,1e-05,-0,0.00011,0,-0,1e-05,-4e-05,-1e-05,-0.00011,0,3e-05,3e-05,1e-05,-0,-0
30.22,3e-05,0,0,-1e-05,-1e-05,0,-0.00062,-2e-05,5e-05,0.00013,7e-05,-0,-1e-05,3e-05,1e-05,0,-0,-0,-0,1e-05,1e-05,9e-05,0,-0,1e-05,-5e-05,-1e-05,-0.00012,0,2e-05,4e-05,1e-05,-0,-0
30.24,0,0,-0,-1e-05,-0,0,-0.00054,-8e-05,3e-05,8e-05,5e-05,-1e-05,-1e-05,3e-05,1e-05,-0,-0,-0,-0,1e-05,3e-05,7e-05,0,-0,1e-05,-6e-05,-1e-05,-0.00012,0,1e-05,4e-05,0,-0,-0
30.26,-2e-05,0,-0,-1e-05,1e-05,0,-0.00043,-0.00012,2e-05,6e-05,4e-05,-1e-05,-1e-05,2e-05,1e-05,0,-0,-0,-0,1e-05,5e-05,5e-05,-0,-0,2e-05,-7e-05,-1e-05,-0.00011,0,1e-05,4e-05,0,-0,-0
30.28,-4e-05,0,-0,-1e-05,2e-05,0,-0.00028,-0.00014,1e-05,0.0001,3e-05,-1e-05,-1e-05,2e-05,0,0,-0,0,-0,1e-05,9e-05,4e-05,-0,-0,2e-05,-7e-05,-1e-05,-8e-05,-0,0,4e-05,0,-0,-0
30.3,-5e-05,0,-0,-1e-05,3e-05,0,-8e-05,-0.00016,0,0.00022,2e-05,-0,-1e-05,2e-05,0,0,-0,0,-0,0,0.00013,3e-05,-0,-0,2e-05,-7e-05,-1e-05,-4e-05,-0,-0,3e-05,0,-0,-0
30.32,-4e-05,1e-05,-1e-05,-1e-05,4e-05,0,0.00016,-0.00016,-1e-05,0.00044,2e-05,0,-1e-05,2e-05,1e-05,-0,0,0,0,0,0.00018,2e-05,-1e-05,-0,2e-05,-7e-05,-1e-05,2e-05,-1e-05,-0,3e-05,-0,-0,0
30.34,-1e-05,1e-05,-1e-05,-1e-05,6e-05,0,0.00043,-0.00016,-2e-05,0.00081,1e-05,1e-05,-1e-05,3e-05,1e-05,-0,1e-05,0,0,-0,0.00024,1e-05,-1e-05,-0,2e-05,-8e-05,-1e-05,9e-05,-1e-05,-1e-05,2e-05,-0,0,0
30.36,5e-05,1e-05,-1e-05,-1e-05,8e-05,0,0.00071,-0.00016,-2e-05,0.00136,1e-05,1e-05,-1e-05,4e-05,1e-05,-0,2e-05,0,0,-0,0.00031,0,-1e-05,-0,2e-05,-0.0001,-2e-05,0.00018,-1e-05,-1e-05,1e-05,-0,0,0
30.38,0.00014,1e-05,-1e-05,-0,0.0001,0,0.00096,-0.00015,-3e-05,0.0021,1e-05,2e-05,-0,6e-05,1e-05,-0,3e-05,0,0,-0,0.0004,-0,-1e-05,-0,3e-05,-0.00013,-3e-05,0.00029,-1e-05,-1e-05,0,-0,0,0
30.4,0.00028,1e-05,-0,0,0.00011,0,0.00116,-0.00014,-4e-05,0.00305,1e-05,3e-05,0,8e-05,1e-05,-0,4e-05,0,1e-05,-1e-05,0.00049,-1e-05,-1e-05,-0,4e-05,-0.00017,-4e-05,0.00041,-2e-05,-1e-05,-1e-05,-0,0,0
30.42,0.00045,1e-05,1e-05,-0,0.00013,0,0.00129,-0.00014,-5e-05,0.00416,1e-05,4e-05,1e-05,0.00011,1e-05,-0,5e-05,0,1e-05,-1e-05,0.00059,-1e-05,-2e-05,-0,5e-05,-0.00023,-5e-05,0.00053,-2e-05,-2e-05,-2e-05,-0,0,0
30.44,0.00067,-0,2e-05,-1e-05,0.00015,0,0.0013,-0.00015,-6e-05,0.00536,1e-05,6e-05,2e-05,0.00015,2e-05,-0,7e-05,0,1e-05,-1e-05,0.00069,-2e-05,-2e-05,-0,6e-05,-0.0003,-6e-05,0.00065,-2e-05,-2e-05,-3e-05,-1e-05,0,0
30.46,0.00093,-1e-05,5e-05,-4e-05,0.00016,0,0.00121,-0.00017,-7e-05,0.00654,2e-05,7e-05,3e-05,0.00019,2e-05,-0,9e-05,0,1e-05,-1e-05,0.00079,-2e-05,-2e-05,-0,7e-05,-0.00037,-8e-05,0.00076,-2e-05,-2e-05,-4e-05,-1e-05,0,0
30.48,0.00122,-3e-05,7e-05,-7e-05,0.00015,0,0.00106,-0.00018,-7e-05,0.00751,2e-05,9e-05,4e-05,0.00023,2e-05,-0,0.0001,0,1e-05,-1e-05,0.00088,-2e-05,-2e-05,-0,8e-05,-0.00045,-0.0001,0.00084,-2e-05,-2e-05,-4e-05,-1e-05,0,0
30.5,0.00153,-5e-05,0.0001,-0.00012,0.00015,0,0.00091,-0.00018,-8e-05,0.00813,2e-05,0.0001,5e-05,0.00029,2e-05,-0,0.00012,-0,2e-05,-1e-05,0.00094,-2e-05,-3e-05,-0,9e-05,-0.00052,-0.00011,0.0009,-2e-05,-2e-05,-4e-05,-1e-05,0,0
30.52,0.00186,-8e-05,0.00012,-0.0002,0.00014,0,0.00078,-0.00017,-8e-05,0.00828,2e-05,0.00011,5e-05,0.00034,2e-05,-0,0.00014,-0,2e-05,-1e-05,0.00098,-2e-05,-3e-05,-0,0.0001,-0.00055,-0.00012,0.00091,-2e-05,-2e-05,-4e-05,-1e-05,0,0
30.54,0.00219,-0.00011,0.00013,-0.0003,0.00013,0,0.00075,-0.00015,-7e-05,0.00791,2e-05,0.00012,5e-05,0.0004,2e-05,-0,0.00015,-0,2e-05,-1e-05,0.00097,-1e-05,-2e-05,-0,0.0001,-0.00056,-0.00012,0.00086,-1e-05,-2e-05,-3e-05,-0,0,0
30.56,0.00251,-0.00014,0.00011,-0.0004,0.00012,0,0.00082,-0.00013,-5e-05,0.00711,2e-05,0.00012,4e-05,0.00045,2e-05,-0,0.00017,-0,1e-05,-1e-05,0.00091,-1e-05,-2e-05,-0,0.0001,-0.00053,-0.00012,0.00076,-1e-05,-1e-05,-1e-05,-0,0,0
30.58,0.0028,-0.00016,6e-05,-0.00048,0.00011,0,0.00096,-0.00011,-3e-05,0.00611,1e-05,0.00012,3e-05,0.0005,3e-05,0,0.00018,-0,1e-05,-1e-05,0.00079,0,-2e-05,-0,9e-05,-0.00047,-0.00011,0.0006,0,-1e-05,1e-05,-0,-0,-0
30.6,0.00303,-0.00019,2e-05,-0.00054,0.0001,0,0.00117,-8e-05,-1e-05,0.00504,1e-05,0.0001,2e-05,0.00054,3e-05,0,0.00019,-0,1e-05,-1e-05,0.00063,1e-05,-1e-05,-0,7e-05,-0.0004,-9e-05,0.00038,1e-05,-0,4e-05,-0,-0,-0
30.62,0.00315,-0.0002,-2e-05,-0.00057,8e-05,0,0.00143,-5e-05,-0,0.00384,1e-05,7e-05,1e-05,0.00058,4e-05,0,0.00019,-0,1e-05,-0,0.00041,2e-05,-1e-05,-0,5e-05,-0.00032,-7e-05,0.00012,2e-05,1e-05,8e-05,0,-0,-0
30.64,0.00318,-0.00019,-4e-05,-0.00056,6e-05,0,0.00171,-1e-05,-0,0.00264,1e-05,5e-05,-0,0.00061,4e-05,0,0.0002,-0,0,-0,0.00015,3e-05,-0,-0,2e-05,-0.00023,-5e-05,-0.00017,3e-05,1e-05,0.00011,0,-0,-0
30.66,0.00313,-0.00019,-5e-05,-0.00053,4e-05,0,0.00193,4e-05,-0,0.00146,1e-05,2e-05,-1e-05,0.00063,5e-05,-0,0.0002,-0,-0,0,-0.00012,4e-05,0,-0,-0,-0.00014,-3e-05,-0.00048,4e-05,2e-05,0.00014,0,-0,-0
30.68,0.00303,-0.00018,-4e-05,-0.00048,3e-05,0,0.00203,9e-05,-0,0.00024,1e-05,-0,-2e-05,0.00064,7e-05,-0,0.00019,-0,-1e-05,0,-0.00041,5e-05,1e-05,0,-3e-05,-5e-05,-1e-05,-0.0008,5e-05,2e-05,0.00018,1e-05,-0,-0
30.7,0.00288,-0.00016,-3e-05,-0.00041,1e-05,0,0.00205,0.00013,-1e-05,-0.00103,1e-05,-2e-05,-3e-05,0.00065,8e-05,-0,0.00019,-0,-1e-05,1e-05,-0.00067,5e-05,2e-05,0,-5e-05,4e-05,1e-05,-0.00111,5e-05,2e-05,0.00021,1e-05,-0,-0
30.72,0.00269,-0.00013,-1e-05,-0.00033,1e-05,-0,0.00208,0.00016,-0,-0.00175,0,-3e-05,-4e-05,0.00065,9e-05,-0,0.00018,-0,-1e-05,1e-05,-0.00089,5e-05,3e-05,0,-7e-05,0.00014,3e-05,-0.0014,6e-05,2e-05,0.00023,1e-05,-0,-0
30.74,0.00251,-0.00011,-0,-0.00026,1e-05,-0,0.00197,0.00019,0,-0.00192,0,-3e-05,-4e-05,0.00064,9e-05,-0,0.00017,-0,-1e-05,1e-05,-0.00104,5e-05,3e-05,0,-9e-05,0.00024,5e-05,-0.00164,6e-05,2e-05,0.00025,1e-05,-0,-0
30.76,0.00236,-0.0001,0,-0.0002,0,-0,0.00163,0.0002,0,-0.00177,0,-3e-05,-4e-05,0.00063,0.0001,-0,0.00016,-0,-1e-05,2e-05,-0.00113,4e-05,4e-05,0,-0.0001,0.00033,7e-05,-0.00182,6e-05,2e-05,0.00027,1e-05,-0,-0
30.78,0.00223,-0.0001,0,-0.00017,0,-0,0.00111,0.0002,0,-0.00128,0,-2e-05,-4e-05,0.00062,0.0001,-0,0.00015,-0,-0,2e-05,-0.00116,2e-05,4e-05,0,-0.00011,0.00042,9e-05,-0.00195,6e-05,1e-05,0.00027,1e-05,-0,-0
30.8,0.00212,-0.0001,0,-0.00014,0,-0,0.00041,0.00019,-0,-0.00056,0,-2e-05,-3e-05,0.0006,0.0001,-0,0.00014,-0,-0,2e-05,-0.00113,1e-05,3e-05,0,-0.00012,0.0005,0.00011,-0.00201,5e-05,0,0.00027,1e-05,-0,-0
30.82,0.00203,-0.00012,0,-0.00014,0,-0,-0.0003,0.00018,-1e-05,0.00028,0,-2e-05,-2e-05,0.00058,9e-05,-0,0.00013,-0,-0,1e-05,-0.00106,-1e-05,3e-05,0,-0.00012,0.00058,0.00013,-0.002,5e-05,-0,0.00025,0,-0,-0
30.84,0.00193,-0.00014,1e-05,-0.00014,0,0,-0.0008,0.00016,-1e-05,0.00111,0,-2e-05,-0,0.00055,8e-05,-0,0.00011,-0,-0,1e-05,-0.00096,-2e-05,2e-05,0,-0.00011,0.00062,0.00013,-0.00193,5e-05,-1e-05,0.00024,0,-0,-0
30.86,0.00182,-0.00015,1e-05,-0.00015,0,0,-0.00107,0.00016,-1e-05,0.00173,0,-1e-05,1e-05,0.00051,7e-05,-0,9e-05,-0,-0,1e-05,-0.00084,-3e-05,2e-05,0,-0.00011,0.00064,0.00013,-0.00179,4e-05,-1e-05,0.00022,0,-0,-0
30.88,0.0017,-0.00016,1e-05,-0.00017,0,0,-0.0011,0.00016,-1e-05,0.00207,0,-1e-05,3e-05,0.00047,5e-05,-0,7e-05,-0,-0,0,-0.00071,-4e-05,1e-05,0,-0.0001,0.00063,0.00013,-0.00161,3e-05,-1e-05,0.0002,0,-0,0
30.9,0.00156,-0.00017,1e-05,-0.00018,0,0,-0.00097,0.00018,-0,0.00207,0,0,3e-05,0.00041,3e-05,-0,4e-05,-0,-0,0,-0.00058,-4e-05,1e-05,0,-9e-05,0.00059,0.00012,-0.00141,3e-05,-1e-05,0.00017,0,0,0
30.92,0.00143,-0.00017,0,-0.00019,0,0,-0.00079,0.00019,0,0.0017,0,1e-05,3e-05,0.00035,1e-05,-0,2e-05,-0,0,-0,-0.00048,-3e-05,0,0,-8e-05,0.00053,0.0001,-0.00122,2e-05,-1e-05,0.00015,0,0,0
30.94,0.00129,-0.00016,0,-0.00019,0,0,-0.00057,0.00021,1e-05,0.00118,0,2e-05,3e-05,0.00027,-0,0,-0,-0,0,-0,-0.00041,-1e-05,0,0,-6e-05,0.00045,9e-05,-0.00104,1e-05,-1e-05,0.00013,0,0,0
30.96,0.00114,-0.00016,-0,-0.00018,-0,0,-0.0003,0.00021,1e-05,0.00067,0,2e-05,2e-05,0.00019,-1e-05,0,-2e-05,-0,0,-0,-0.00037,1e-05,0,0,-5e-05,0.00037,7e-05,-0.00089,0,-1e-05,0.0001,0,-0,0
30.98,0.00099,-0.00016,-0,-0.00016,-0,0,-4e-05,0.00021,1e-05,0.0002,0,2e-05,1e-05,0.00011,-1e-05,0,-3e-05,-0,0,-0,-0.00037,4e-05,0,0,-4e-05,0.00029,5e-05,-0.00078,-0,-0,9e-05,0,-0,-0
31,0.00084,-0.00016,0,-0.00014,-0,0,0.00019,0.00021,1e-05,-0.00014,0,2e-05,1e-05,3e-05,-1e-05,-0,-4e-05,-0,0,-0,-0.00039,6e-05,0,0,-3e-05,0.00021,4e-05,-0.0007,-0,-0,7e-05,0,-0,-0
31.02,0.00069,-0.00015,0,-0.00011,-0,0,0.00039,0.00021,1e-05,-0.00032,0,1e-05,-0,-3e-05,-0,-0,-3e-05,-0,0,0,-0.00042,8e-05,0,0,-2e-05,0.00015,3e-05,-0.00065,-0,0,6e-05,0,-0,-0
31.04,0.00055,-0.00014,0,-9e-05,-0,0,0.00055,0.00021,1e-05,-0.00032,0,1e-05,-0,-8e-05,0,-0,-2e-05,-0,-0,0,-0.00043,8e-05,0,0,-1e-05,9e-05,2e-05,-0.00062,1e-05,1e-05,5e-05,0,-0,-0
31.06,0.00043,-0.00013,0,-8e-05,0,0,0.00067,0.00022,1e-05,-0.00017,0,0,-0,-0.00011,1e-05,-0,-1e-05,-0,-0,0,-0.00044,7e-05,-0,0,-0,4e-05,1e-05,-0.00061,2e-05,1e-05,4e-05,1e-05,-0,-0
31.08,0.00032,-0.0001,0,-7e-05,1e-05,0,0.00075,0.00024,1e-05,6e-05,0,-0,-0,-0.00012,1e-05,0,1e-05,-0,-0,0,-0.00042,4e-05,-0,0,1e-05,0,0,-0.00061,4e-05,2e-05,3e-05,1e-05,-0,-0
31.1,0.00024,-8e-05,-0,-8e-05,1e-05,0,0.0008,0.00025,1e-05,0.00028,0,-0,-0,-0.00012,1e-05,0,3e-05,-0,-0,0,-0.00038,0,-1e-05,0,1e-05,-2e-05,-0,-0.0006,6e-05,2e-05,3e-05,1e-05,-0,-0
31.12,0.00018,-5e-05,-0,-8e-05,2e-05,0,0.00081,0.00028,0,0.00041,0,-1e-05,-0,-0.00012,1e-05,0,5e-05,-0,-0,0,-0.00034,-4e-05,-1e-05,0,2e-05,-4e-05,-0,-0.00057,7e-05,2e-05,3e-05,1e-05,-0,-0
31.14,0.00015,-2e-05,0,-8e-05,2e-05,0,0.00082,0.00031,-0,0.00037,0,-1e-05,-1e-05,-0.00014,1e-05,0,7e-05,-0,-0,0,-0.00028,-8e-05,-1e-05,0,2e-05,-6e-05,-1e-05,-0.00052,9e-05,1e-05,2e-05,1e-05,-0,-0
31.16,0.00014,1e-05,0,-8e-05,2e-05,0,0.00082,0.00032,-1e-05,0.00013,0,-1e-05,-1e-05,-0.00016,1e-05,0,8e-05,-0,-0,0,-0.00022,-0.00011,-1e-05,0,2e-05,-6e-05,-1e-05,-0.00044,0.0001,1e-05,2e-05,1e-05,-0,-0
31.18,0.00014,3e-05,0,-7e-05,2e-05,0,0.00081,0.00031,-3e-05,-0.00026,0,-1e-05,-2e-05,-0.0002,2e-05,0,9e-05,-0,-0,0,-0.00016,-0.00014,-1e-05,0,2e-05,-7e-05,-0,-0.00035,0.0001,1e-05,2e-05,1e-05,-0,-0
31.2,0.00016,4e-05,0,-6e-05,2e-05,0,0.00078,0.00029,-5e-05,-0.00071,0,-1e-05,-3e-05,-0.00024,3e-05,-0,0.0001,-0,-0,0,-0.00011,-0.00015,-1e-05,0,2e-05,-6e-05,-0,-0.00026,0.0001,0,1e-05,0,-0,-0
31.22,0.00018,5e-05,-0,-6e-05,1e-05,0,0.00076,0.00025,-4e-05,-0.00094,0,-1e-05,-3e-05,-0.00028,4e-05,-0,0.0001,-0,-0,0,-7e-05,-0.00016,-0,0,1e-05,-5e-05,-0,-0.00018,9e-05,0,1e-05,0,-0,-0
31.24,0.00019,6e-05,0,-5e-05,1e-05,0,0.00068,0.00021,-2e-05,-0.0009,0,-1e-05,-3e-05,-0.0003,5e-05,-0,0.00011,-0,-0,0,-5e-05,-0.00017,-0,0,1e-05,-3e-05,0,-0.00012,8e-05,0,1e-05,0,-0,-0
31.26,0.00019,6e-05,0,-5e-05,1e-05,0,0.00049,0.00017,-1e-05,-0.00066,0,-1e-05,-2e-05,-0.0003,5e-05,-0,0.00011,-0,-0,0,-4e-05,-0.00016,-0,0,1e-05,-1e-05,0,-9e-05,6e-05,-0,0,-0,0,0
31.28,0.00019,7e-05,1e-05,-4e-05,1e-05,0,0.00023,0.00012,-0,-0.00029,-0,-1e-05,-1e-05,-0.00029,5e-05,-0,0.00012,-0,-0,0,-5e-05,-0.00016,-0,0,1e-05,-0,0,-9e-05,5e-05,0,-1e-05,-0,0,0
31.3,0.00018,8e-05,1e-05,-4e-05,1e-05,0,-8e-05,9e-05,0,8e-05,-0,-1e-05,-1e-05,-0.00028,4e-05,-0,0.00012,-0,-0,0,-6e-05,-0.00015,-0,0,1e-05,-0,-0,-0.0001,3e-05,0,-1e-05,-0,0,0
31.32,0.00017,9e-05,1e-05,-3e-05,0,0,-0.00035,6e-05,-0,0.00034,-0,-1e-05,-0,-0.00027,3e-05,-0,0.00012,-0,-0,0,-8e-05,-0.00014,-0,0,2e-05,-3e-05,-2e-05,-0.00012,3e-05,0,-1e-05,-0,0,0
31.34,0.00015,0.00011,1e-05,-1e-05,-0,0,-0.0005,4e-05,-0,0.00041,-0,-1e-05,0,-0.00026,2e-05,-0,0.00012,-0,-0,-0,-9e-05,-0.00014,-0,0,3e-05,-9e-05,-4e-05,-0.00013,2e-05,0,-2e-05,-0,0,0
31.36,0.00013,0.00013,2e-05,1e-05,-1e-05,0,-0.00056,2e-05,-0,0.00023,-0,-1e-05,1e-05,-0.00027,1e-05,-0,0.00011,-0,-0,-0,-9e-05,-0.00014,-1e-05,-0,4e-05,-0.00018,-7e-05,-0.00013,2e-05,0,-2e-05,-0,0,0
31.38,0.0001,0.00017,2e-05,6e-05,-2e-05,0,-0.00052,-0,-0,-0.00022,-0,-1e-05,1e-05,-0.0003,0,-0,9e-05,-0,-0,-0,-0.0001,-0.00014,-1e-05,-0,6e-05,-0.00033,-0.00011,-0.00012,2e-05,0,-2e-05,-0,0,0
31.4,7e-05,0.00021,3e-05,0.00012,-2e-05,0,-0.00042,-2e-05,-0,-0.00092,-0,-1e-05,0,-0.00034,-1e-05,-0,7e-05,-0,-0,-0,-0.00011,-0.00013,-1e-05,-0,9e-05,-0.0005,-0.00016,-0.00011,2e-05,0,-2e-05,-0,0,0
31.42,1e-05,0.00025,4e-05,0.00019,-3e-05,0,-0.00031,-5e-05,-0,-0.0017,-0,-1e-05,0,-0.00039,-1e-05,-0,4e-05,-0,-0,-0,-0.00014,-0.00012,-2e-05,-0,0.00012,-0.00071,-0.00022,-9e-05,1e-05,0,-2e-05,-0,0,0
31.44,-6e-05,0.00028,4e-05,0.00028,-4e-05,0,-0.00019,-7e-05,2e-05,-0.00249,-0,-2e-05,0,-0.00044,-1e-05,-0,1e-05,-0,-0,-0,-0.00019,-0.0001,-2e-05,-0,0.00015,-0.00093,-0.00028,-8e-05,0,0,-2e-05,-0,0,0
31.46,-0.00014,0.0003,3e-05,0.00037,-5e-05,0,-9e-05,-0.0001,4e-05,-0.00336,-0,-2e-05,-0,-0.00049,-1e-05,-0,-2e-05,0,-0,0,-0.00025,-6e-05,-3e-05,-0,0.00018,-0.00113,-0.00034,-8e-05,-1e-05,0,-2e-05,-0,0,0
31.48,-0.00022,0.00032,1e-05,0.00046,-6e-05,0,-3e-05,-0.00013,5e-05,-0.00431,-0,-2e-05,-0,-0.00053,-1e-05,-1e-05,-5e-05,0,-0,0,-0.00032,-1e-05,-3e-05,-0,0.00021,-0.00131,-0.00039,-9e-05,-4e-05,0,-2e-05,-1e-05,0,0
31.5,-0.00029,0.00032,-3e-05,0.00054,-7e-05,0,-2e-05,-0.00015,7e-05,-0.0052,-0,-2e-05,-1e-05,-0.00056,-0,-1e-05,-8e-05,0,-0,1e-05,-0.00037,4e-05,-3e-05,-0,0.00022,-0.00138,-0.00041,-9e-05,-7e-05,0,-3e-05,-1e-05,0,0
31.52,-0.00034,0.00031,-7e-05,0.00058,-7e-05,0,-9e-05,-0.00016,8e-05,-0.00581,-0,-1e-05,-2e-05,-0.00056,-0,-1e-05,-0.0001,0,-0,1e-05,-0.0004,9e-05,-3e-05,-0,0.00024,-0.00125,-0.00038,-7e-05,-0.0001,-0,-4e-05,-1e-05,0,0
31.54,-0.00036,0.0003,-9e-05,0.00058,-8e-05,0,-0.00026,-0.00015,7e-05,-0.00628,-0,1e-05,-2e-05,-0.00053,-0,-0,-0.00011,0,0,2e-05,-0.00039,0.00015,-2e-05,-0,0.00023,-0.001,-0.00031,-2e-05,-0.00012,-0,-5e-05,-1e-05,0,0
31.56,-0.00034,0.00029,-8e-05,0.00056,-9e-05,0,-0.00055,-0.00013,4e-05,-0.00652,-0,3e-05,-2e-05,-0.00048,-0,-0,-0.00012,0,0,2e-05,-0.00033,0.00019,-1e-05,-0,0.00018,-0.00068,-0.00021,6e-05,-0.00014,-0,-7e-05,-1e-05,0,0
31.58,-0.0003,0.00028,-6e-05,0.00051,-0.0001,0,-0.00095,-9e-05,2e-05,-0.00635,-0,5e-05,-1e-05,-0.00041,-1e-05,0,-0.00012,0,0,2e-05,-0.00024,0.00023,0,-0,0.0001,-0.00033,-0.0001,0.00017,-0.00015,-0,-8e-05,-1e-05,0,0
31.6,-0.00023,0.00026,-3e-05,0.00044,-0.00011,0,-0.00143,-4e-05,1e-05,-0.00581,0,6e-05,-0,-0.00032,-2e-05,0,-0.00012,0,0,2e-05,-0.00012,0.00025,2e-05,-0,-0,-2e-05,2e-05,0.00031,-0.00016,-0,-0.0001,-1e-05,0,0
31.62,-0.00016,0.00023,-1e-05,0.00037,-0.00012,0,-0.00183,2e-05,-1e-05,-0.00499,0,6e-05,1e-05,-0.00024,-2e-05,0,-0.00011,0,0,2e-05,1e-05,0.00027,3e-05,0,-9e-05,0.00027,0.00012,0.00045,-0.00016,-0,-0.00012,-1e-05,0,0
31.64,-9e-05,0.0002,-0,0.00031,-0.00013,0,-0.00207,8e-05,-1e-05,-0.00402,0,5e-05,3e-05,-0.00016,-3e-05,-0,-0.0001,0,0,2e-05,0.00012,0.00028,5e-05,0,-0.00015,0.00054,0.00021,0.00059,-0.00016,-0,-0.00013,-0,0,0
31.66,-2e-05,0.00017,0,0.00023,-0.00013,0,-0.00216,0.00012,-1e-05,-0.00302,1e-05,4e-05,4e-05,-8e-05,-3e-05,-0,-9e-05,0,0,1e-05,0.0002,0.00028,5e-05,0,-0.00017,0.00073,0.00027,0.00072,-0.00015,-0,-0.00014,-0,0,0
31.68,4e-05,0.00013,0,0.00017,-0.00012,0,-0.00207,0.00014,-0,-0.00213,1e-05,3e-05,5e-05,-1e-05,-3e-05,-0,-8e-05,0,-0,1e-05,0.00025,0.00027,6e-05,-0,-0.00016,0.00083,0.0003,0.00082,-0.00014,-0,-0.00015,-0,0,0
31.7,9e-05,9e-05,0,0.00011,-0.0001,0,-0.00184,0.00015,-0,-0.0014,1e-05,2e-05,5e-05,4e-05,-3e-05,-0,-7e-05,0,-0,1e-05,0.00026,0.00027,5e-05,-0,-0.00014,0.00083,0.00029,0.00089,-0.00014,0,-0.00015,-0,0,0
31.72,0.00012,6e-05,-0,5e-05,-9e-05,0,-0.00155,0.00015,0,-0.00084,1e-05,2e-05,5e-05,8e-05,-2e-05,-0,-7e-05,0,-0,1e-05,0.00024,0.00026,5e-05,-0,-0.00012,0.0007,0.00025,0.00092,-0.00013,0,-0.00015,-0,0,0
31.74,0.00014,3e-05,-0,1e-05,-7e-05,0,-0.00124,0.00013,-0,-0.00044,1e-05,1e-05,5e-05,0.00011,-2e-05,-0,-6e-05,0,-0,1e-05,0.00018,0.00025,4e-05,-0,-0.00011,0.00056,0.00021,0.00091,-0.00011,0,-0.00015,-0,0,0
31.76,0.00015,0,-0,-2e-05,-5e-05,0,-0.00092,0.0001,-1e-05,-0.00018,1e-05,1e-05,4e-05,0.00012,-1e-05,-0,-5e-05,0,-0,1e-05,0.0001,0.00024,4e-05,-0,-0.0001,0.00043,0.00016,0.00086,-0.0001,1e-05,-0.00014,-0,0,0
31.78,0.00016,-1e-05,-0,-4e-05,-4e-05,0,-0.00063,7e-05,-1e-05,-1e-05,1e-05,0,3e-05,0.00012,0,-0,-5e-05,0,-0,1e-05,-0,0.00023,3e-05,-0,-9e-05,0.00034,0.00013,0.00078,-9e-05,1e-05,-0.00013,-0,0,0
31.8,0.00017,-2e-05,-0,-5e-05,-3e-05,0,-0.0004,3e-05,-1e-05,8e-05,1e-05,0,2e-05,0.00011,1e-05,-0,-4e-05,0,0,0,-0.00011,0.00023,3e-05,-0,-8e-05,0.00026,9e-05,0.00067,-8e-05,1e-05,-0.00012,-0,-0,-0
31.82,0.00017,-3e-05,-0,-5e-05,-2e-05,0,-0.00023,0,-1e-05,0.00013,1e-05,0,2e-05,9e-05,2e-05,-0,-4e-05,0,-0,0,-0.00021,0.00022,3e-05,-0,-6e-05,0.0002,7e-05,0.00053,-7e-05,1e-05,-0.00011,0,-0,-0
31.84,0.00019,-3e-05,-0,-5e-05,-1e-05,0,-0.00013,-2e-05,-1e-05,0.00015,1e-05,0,1e-05,7e-05,2e-05,-0,-3e-05,0,-0,0,-0.00029,0.0002,2e-05,-0,-5e-05,0.00013,5e-05,0.0004,-6e-05,1e-05,-0.0001,0,-0,-0
31.86,0.00022,-2e-05,-0,-5e-05,-0,0,-8e-05,-4e-05,-1e-05,0.00015,0,0,1e-05,5e-05,3e-05,-0,-3e-05,0,-0,0,-0.00036,0.00018,2e-05,-0,-3e-05,5e-05,2e-05,0.00025,-5e-05,2e-05,-9e-05,0,-0,-0
31.88,0.00026,-2e-05,-0,-5e-05,0,0,-8e-05,-5e-05,-1e-05,0.00014,0,0,0,3e-05,3e-05,-0,-2e-05,0,-0,0,-0.0004,0.00014,1e-05,0,-1e-05,-4e-05,0,0.00011,-4e-05,2e-05,-7e-05,0,-0,-0
31.9,0.00034,-1e-05,-0,-4e-05,1e-05,0,-0.00013,-6e-05,-1e-05,0.00012,0,0,-0,1e-05,3e-05,-0,-1e-05,0,-0,0,-0.00042,0.0001,1e-05,0,1e-05,-0.00012,-2e-05,-3e-05,-2e-05,2e-05,-5e-05,0,-0,-0
31.92,0.00043,-0,-0,-4e-05,2e-05,0,-0.00021,-6e-05,-1e-05,9e-05,0,0,-0,-0,3e-05,-0,1e-05,0,-0,-0,-0.00042,4e-05,-0,0,3e-05,-0.00018,-2e-05,-0.00017,-1e-05,2e-05,-3e-05,0,-0,-0
31.94,0.00056,0,-0,-3e-05,2e-05,0,-0.00032,-6e-05,-0,6e-05,0,-0,-1e-05,-2e-05,4e-05,-0,3e-05,0,-0,-0,-0.0004,-3e-05,-1e-05,1e-05,4e-05,-0.00018,-2e-05,-0.00032,1e-05,2e-05,-1e-05,0,-0,-0
31.96,0.00074,0,-0,-2e-05,3e-05,0,-0.00044,-6e-05,-0,1e-05,0,-0,-1e-05,-5e-05,4e-05,-0,6e-05,0,-0,-0,-0.00037,-0.00011,-1e-05,1e-05,5e-05,-0.00014,-0,-0.00047,3e-05,2e-05,1e-05,0,-0,-0
31.98,0.00097,0,-0,-2e-05,3e-05,0,-0.00057,-6e-05,-0,-5e-05,1e-05,-0,-1e-05,-8e-05,3e-05,0,8e-05,0,-0,-1e-05,-0.00034,-0.00021,-2e-05,1e-05,5e-05,-5e-05,3e-05,-0.00064,5e-05,2e-05,4e-05,0,-0,-0
32,0.00126,-1e-05,-1e-05,-1e-05,3e-05,0,-0.00071,-6e-05,0,-0.00012,1e-05,-0,-1e-05,-0.00012,3e-05,1e-05,0.00011,-0,-0,-1e-05,-0.00031,-0.00033,-2e-05,2e-05,4e-05,8e-05,7e-05,-0.00084,8e-05,2e-05,7e-05,0,-0,-0
32.02,0.00159,-2e-05,-0,1e-05,3e-05,0,-0.00084,-6e-05,0,-0.00021,0,-0,-1e-05,-0.00018,2e-05,3e-05,0.00014,-0,-0,-1e-05,-0.00029,-0.00045,-2e-05,2e-05,3e-05,0.00022,0.00011,-0.00107,0.0001,1e-05,0.00011,0,-0,-0
32.04,0.00199,-4e-05,-0,2e-05,3e-05,0,-0.00096,-7e-05,-0,-0.0003,0,-0,-1e-05,-0.00027,1e-05,5e-05,0.00016,-0,-0,-1e-05,-0.00029,-0.00058,-2e-05,3e-05,1e-05,0.00037,0.00015,-0.00135,0.00013,1e-05,0.00015,0,-0,-0
32.06,0.00246,-7e-05,-0,3e-05,2e-05,0,-0.00105,-8e-05,-0,-0.0004,0,0,-1e-05,-0.00038,0,9e-05,0.00016,-0,-0,-2e-05,-0.00034,-0.00073,-2e-05,3e-05,-1e-05,0.00051,0.00018,-0.00168,0.00016,1e-05,0.00021,1e-05,-0,-0
32.08,0.00301,-0.0001,-0,4e-05,2e-05,0,-0.00112,-9e-05,-0,-0.0005,-0,1e-05,-0,-0.00053,-1e-05,0.00013,0.00015,-0,-0,-2e-05,-0.00043,-0.00088,-3e-05,3e-05,-3e-05,0.00059,0.00019,-0.00207,0.00019,0,0.00027,1e-05,-0,-0
32.1,0.0036,-0.00014,-0,5e-05,2e-05,0,-0.00114,-0.00011,-1e-05,-0.00059,-1e-05,2e-05,-0,-0.0007,-1e-05,0.00018,0.00013,-0,-0,-2e-05,-0.0006,-0.00103,-3e-05,3e-05,-4e-05,0.0006,0.00017,-0.00253,0.00023,0,0.00035,1e-05,-0,-0
32.12,0.00411,-0.00018,-0,5e-05,1e-05,0,-0.00111,-0.00013,-1e-05,-0.00067,-1e-05,4e-05,0,-0.00089,-2e-05,0.00023,8e-05,-0,-0,-2e-05,-0.00085,-0.00117,-3e-05,2e-05,-5e-05,0.00052,0.00011,-0.00303,0.00029,0,0.00045,1e-05,-0,-0
32.14,0.00454,-0.00021,-0,5e-05,1e-05,0,-0.001,-0.00016,-1e-05,-0.00071,-2e-05,7e-05,1e-05,-0.00109,-1e-05,0.0003,2e-05,-0,0,-2e-05,-0.0012,-0.00128,-4e-05,-0,-6e-05,0.00029,0,-0.00296,0.00027,0,0.00025,0,-0,-0
32.16,0.00494,-0.00023,-0,5e-05,1e-05,0,-0.00083,-0.00018,-1e-05,-0.00071,-1e-05,0.00011,1e-05,-0.00132,-0,0.00036,-5e-05,0,1e-05,-2e-05,-0.00169,-0.00137,-4e-05,-3e-05,-6e-05,-0.00012,-0.00017,-0.00203,0.00013,0,-0.00046,-0,-0,0
32.18,0.00531,-0.00023,-0,5e-05,1e-05,0,-0.0006,-0.0002,-2e-05,-0.00065,-1e-05,0.00016,2e-05,-0.00157,1e-05,0.00041,-0.00013,0,1e-05,-2e-05,-0.00232,-0.00141,-4e-05,-8e-05,-6e-05,-0.00073,-0.00041,-7e-05,-0.00015,-0,-0.0018,-2e-05,1e-05,1e-05
32.2,0.00544,-0.00021,-0,4e-05,0,0,-0.00029,-0.00023,-2e-05,-0.00054,1e-05,0.00023,3e-05,-0.0018,2e-05,0.00046,-0.0002,0,2e-05,-2e-05,-0.00312,-0.00138,-3e-05,-0.00014,-6e-05,-0.00154,-0.00073,0.00335,-0.00061,-1e-05,-0.00405,-4e-05,1e-05,2e-05
32.22,0.00499,-0.00016,-0,3e-05,0,0,7e-05,-0.00025,-1e-05,-0.00036,5e-05,0.00032,4e-05,-0.00197,2e-05,0.00052,-0.00025,0,3e-05,-1e-05,-0.00411,-0.00126,-2e-05,-0.00023,-6e-05,-0.00247,-0.0011,0.0087,-0.00131,-1e-05,-0.00747,-7e-05,3e-05,4e-05
32.24,0.00408,-0.0001,-1e-05,3e-05,0,0,0.00047,-0.00026,-0,-0.00012,0.00012,0.00043,5e-05,-0.00209,3e-05,0.00057,-0.00026,0,4e-05,-1e-05,-0.00531,-0.00105,-1e-05,-0.00034,-7e-05,-0.00345,-0.00151,0.01634,-0.00225,-1e-05,-0.01233,-0.00011,4e-05,6e-05
32.26,0.00296,-4e-05,-2e-05,2e-05,1e-05,0,0.00089,-0.00026,1e-05,0.00015,0.00021,0.00052,7e-05,-0.0022,2e-05,0.00061,-0.00025,0,5e-05,-1e-05,-0.00674,-0.00078,0,-0.00045,-9e-05,-0.00443,-0.00193,0.02648,-0.00337,-1e-05,-0.01874,-0.00015,6e-05,8e-05
32.28,0.0017,1e-05,-4e-05,1e-05,1e-05,0,0.00133,-0.00026,3e-05,0.00042,0.00031,0.0006,7e-05,-0.00228,0,0.00065,-0.00022,0,6e-05,-0,-0.00848,-0.00049,2e-05,-0.00064,-0.00011,-0.00554,-0.00239,0.03891,-0.00455,-0,-0.02648,-0.00018,7e-05,0.0001
32.3,-7e-05,2e-05,-7e-05,1e-05,2e-05,0,0.00175,-0.00024,5e-05,0.00066,0.00042,0.00066,8e-05,-0.00236,-3e-05,0.00068,-0.00016,0,7e-05,-0,-0.01024,-0.0002,3e-05,-0.00061,-0.00013,-0.00601,-0.00265,0.05213,-0.00559,-0,-0.03491,-0.0002,9e-05,0.00012
32.32,-0.00281,-3e-05,-0.00012,0,4e-05,0,0.00213,-0.00023,7e-05,0.00081,0.00053,0.0007,8e-05,-0.0025,-5e-05,0.00072,-8e-05,0,6e-05,-0,-0.01134,2e-05,0,0.00021,-0.00014,-0.00477,-0.00232,0.06328,-0.0063,-3e-05,-0.0431,-0.00021,9e-05,0.00013
32.34,-0.0061,-0.00019,-0.00018,0,6e-05,0,0.00245,-0.0002,9e-05,0.00086,0.00064,0.00072,8e-05,-0.00266,-8e-05,0.00076,1e-05,0,6e-05,-0,-0.01188,0.00017,-1e-05,0.00142,-0.00014,-0.00313,-0.00172,0.07039,-0.00652,-7e-05,-0.04958,-0.00019,9e-05,0.00013
32.36,-0.00945,-0.00043,-0.00025,-1e-05,8e-05,0,0.00271,-0.00016,0.00011,0.0008,0.00073,0.00072,8e-05,-0.0028,-0.00011,0.00079,0.0001,0,6e-05,0,-0.01223,0.00028,-2e-05,0.00256,-0.00013,-0.00188,-0.00114,0.07262,-0.00621,-0.0001,-0.053,-0.00017,8e-05,0.00012
32.38,-0.01287,-0.00077,-0.00033,-2e-05,0.00011,0,0.0029,-0.00011,0.00012,0.00063,0.00079,0.0007,7e-05,-0.00289,-0.00014,0.00082,0.00019,0,6e-05,0,-0.01224,0.00037,-3e-05,0.00369,-0.00011,-0.00074,-0.00053,0.06947,-0.0054,-0.0001,-0.05265,-0.00013,7e-05,0.0001
32.4,-0.01666,-0.00119,-0.00039,-3e-05,0.00013,0,0.00303,-6e-05,0.00013,0.00039,0.00081,0.00067,7e-05,-0.00299,-0.00017,0.00086,0.00028,0,6e-05,1e-05,-0.01201,0.00048,-8e-05,0.00463,-9e-05,-9e-05,-0.00012,0.06098,-0.0042,-8e-05,-0.04846,-0.0001,6e-05,8e-05
32.42,-0.02114,-0.0017,-0.00045,-7e-05,0.00014,0,0.00313,-0,0.00014,9e-05,0.00081,0.00062,6e-05,-0.00314,-0.00021,0.0009,0.00037,0,6e-05,1e-05,-0.01157,0.00065,-0.00015,0.00513,-7e-05,-6e-05,-7e-05,0.04841,-0.00282,-3e-05,-0.04114,-6e-05,4e-05,5e-05
32.44,-0.02599,-0.00224,-0.00049,-0.00012,0.00015,0,0.00319,5e-05,0.00014,-0.00023,0.00078,0.00058,5e-05,-0.0033,-0.00024,0.00095,0.00045,-0,6e-05,2e-05,-0.01076,0.00084,-0.00022,0.00535,-5e-05,-0.00014,-0.0001,0.03505,-0.00156,1e-05,-0.03212,-3e-05,2e-05,3e-05
32.46,-0.03086,-0.00275,-0.00048,-0.00019,0.00014,0,0.00318,0.00011,0.00014,-0.00056,0.00073,0.00053,5e-05,-0.00341,-0.00025,0.001,0.00052,-0,6e-05,2e-05,-0.0096,0.00103,-0.00026,0.00538,-3e-05,-0.00014,-8e-05,0.02343,-0.00064,3e-05,-0.02294,-2e-05,1e-05,1e-05
32.48,-0.03577,-0.00318,-0.00043,-0.00029,0.00012,0,0.00313,0.00017,0.00013,-0.0009,0.00068,0.0005,4e-05,-0.00348,-0.00023,0.00105,0.00057,-0,6e-05,3e-05,-0.00808,0.0012,-0.00028,0.00527,-2e-05,-0.00012,-6e-05,0.01449,-0.00012,2e-05,-0.01477,-0,0,0
32.5,-0.04066,-0.00354,-0.00035,-0.00041,0.0001,0,0.00306,0.00022,0.00011,-0.00124,0.00063,0.00047,3e-05,-0.00354,-0.00021,0.00109,0.00061,-0,7e-05,5e-05,-0.00645,0.00132,-0.00025,0.005,-1e-05,-9e-05,-4e-05,0.0085,3e-05,1e-05,-0.00818,0,-0,-0
32.52,-0.04537,-0.00383,-0.00024,-0.00053,9e-05,0,0.00299,0.00027,9e-05,-0.00158,0.00057,0.00045,3e-05,-0.00357,-0.00019,0.00111,0.00065,0,8e-05,8e-05,-0.00494,0.00137,-0.00019,0.00459,-1e-05,-5e-05,-2e-05,0.00481,-9e-05,-0,-0.00336,0,-0,-0
32.54,-0.04965,-0.00403,-9e-05,-0.00064,7e-05,0,0.00292,0.00033,7e-05,-0.00191,0.00053,0.00043,3e-05,-0.00357,-0.00016,0.00113,0.00066,1e-05,9e-05,0.00011,-0.00346,0.00137,-0.0001,0.00418,-0,-2e-05,-1e-05,0.00287,-0.00033,1e-05,-0.00025,0,-0,-0
32.56,-0.05323,-0.00412,8e-05,-0.00072,5e-05,0,0.00286,0.00037,5e-05,-0.00224,0.00051,0.00043,3e-05,-0.00352,-0.00012,0.00116,0.00064,2e-05,9e-05,0.00013,-0.00193,0.00132,-0,0.00384,-0,0,0,0.00229,-0.00059,4e-05,0.00156,-0,0,0
32.58,-0.05604,-0.00414,0.00027,-0.00076,3e-05,0,0.00279,0.00042,3e-05,-0.00257,0.00051,0.00043,3e-05,-0.00343,-8e-05,0.00122,0.0006,5e-05,0.00011,0.00015,-0.00046,0.00123,0.00011,0.00356,-0,2e-05,1e-05,0.0028,-0.00074,7e-05,0.00218,-0,0,0
32.6,-0.05787,-0.00407,0.00047,-0.00075,1e-05,0,0.00275,0.00045,1e-05,-0.00287,0.00052,0.00045,4e-05,-0.0033,-4e-05,0.00129,0.00051,9e-05,0.00012,0.00016,0.00094,0.00109,0.00023,0.00333,-1e-05,3e-05,1e-05,0.00385,-0.00075,9e-05,0.00195,0,0,0
32.62,-0.05864,-0.00389,0.00067,-0.00068,-1e-05,0,0.00275,0.00048,-0,-0.00315,0.00055,0.00046,4e-05,-0.00313,-2e-05,0.00139,0.00039,0.00017,0.00013,0.00015,0.00227,0.00093,0.00036,0.00315,-1e-05,3e-05,1e-05,0.00459,-0.00073,0.0001,0.0018,0,0,0
32.64,-0.05857,-0.00367,0.00086,-0.00057,-3e-05,0,0.00276,0.00049,-2e-05,-0.00338,0.00057,0.00047,5e-05,-0.00295,-0,0.0015,0.00026,0.00028,0.00014,0.00013,0.00349,0.00074,0.0005,0.00301,-1e-05,3e-05,2e-05,0.00519,-0.00068,0.00011,0.0017,0,0,0
32.66,-0.05782,-0.00346,0.00104,-0.00041,-7e-05,0,0.00277,0.00049,-2e-05,-0.00357,0.00056,0.00047,5e-05,-0.00275,0,0.00163,0.00012,0.00044,0.00016,0.0001,0.0046,0.00054,0.00063,0.0029,-2e-05,3e-05,2e-05,0.00576,-0.00059,0.0001,0.00166,1e-05,0,0
32.68,-0.05646,-0.00324,0.00121,-0.00021,-0.0001,0,0.00277,0.00045,-3e-05,-0.00371,0.00054,0.00045,4e-05,-0.00254,-1e-05,0.00175,-0,0.00061,0.00018,7e-05,0.00558,0.00035,0.00074,0.00281,-2e-05,3e-05,1e-05,0.00627,-0.00049,9e-05,0.00166,1e-05,0,0
32.7,-0.05441,-0.00301,0.00137,3e-05,-0.00014,0,0.00277,0.0004,-4e-05,-0.00379,0.00049,0.00041,4e-05,-0.00233,-2e-05,0.00188,-0.00012,0.00083,0.0002,3e-05,0.0064,0.00021,0.00082,0.00275,-3e-05,3e-05,1e-05,0.00672,-0.00038,6e-05,0.0017,1e-05,0,-0
32.72,-0.05165,-0.00278,0.00151,0.00029,-0.00019,0,0.00278,0.00031,-4e-05,-0.00378,0.00042,0.00035,4e-05,-0.00213,-4e-05,0.00203,-0.00022,0.00111,0.00022,0,0.00698,0.00015,0.00085,0.00274,-3e-05,2e-05,1e-05,0.00713,-0.00026,3e-05,0.00175,1e-05,-0,-0
32.74,-0.04845,-0.00255,0.00165,0.00057,-0.00024,0,0.0028,0.0002,-5e-05,-0.00371,0.00034,0.00027,3e-05,-0.00195,-6e-05,0.00215,-0.0003,0.00136,0.00023,-2e-05,0.00738,0.0002,0.00082,0.00275,-3e-05,2e-05,1e-05,0.0075,-0.00015,0,0.00182,1e-05,-0,-0
32.76,-0.04499,-0.0023,0.00178,0.00086,-0.00028,0,0.00279,7e-05,-6e-05,-0.00358,0.00026,0.00018,2e-05,-0.0018,-8e-05,0.00223,-0.00037,0.00149,0.00023,-3e-05,0.0077,0.00036,0.0007,0.00277,-2e-05,2e-05,1e-05,0.00784,-4e-05,-3e-05,0.00187,1e-05,-0,-0
32.78,-0.0413,-0.00206,0.00192,0.00114,-0.0003,0,0.00278,-7e-05,-7e-05,-0.0034,0.00018,9e-05,2e-05,-0.00167,-0.0001,0.00227,-0.00042,0.0015,0.00021,-3e-05,0.00798,0.0006,0.00053,0.00279,-2e-05,1e-05,1e-05,0.00816,7e-05,-6e-05,0.0019,1e-05,-0,-0
32.8,-0.03744,-0.00182,0.00204,0.00139,-0.0003,0,0.00275,-0.00021,-9e-05,-0.00321,0.00012,-0,2e-05,-0.00157,-0.0001,0.00225,-0.00046,0.00136,0.00017,-2e-05,0.00822,0.00089,0.00033,0.00279,-1e-05,1e-05,0,0.00844,0.00018,-0.0001,0.00192,1e-05,-0,-0
32.82,-0.03351,-0.0016,0.00213,0.0016,-0.00031,0,0.0027,-0.00034,-0.0001,-0.00304,6e-05,-8e-05,1e-05,-0.00148,-9e-05,0.00214,-0.00046,0.00103,0.00012,-1e-05,0.00843,0.0012,0.00013,0.00273,-1e-05,0,0,0.00869,0.0003,-0.00014,0.00191,1e-05,-0,-0
32.84,-0.02967,-0.00142,0.00218,0.00175,-0.00032,0,0.00265,-0.00044,-0.00012,-0.00289,2e-05,-0.00015,1e-05,-0.00141,-7e-05,0.00197,-0.00045,0.00065,5e-05,1e-05,0.00863,0.00151,-4e-05,0.00264,-0,0,0,0.0089,0.0004,-0.00019,0.00188,1e-05,-0,-0
32.86,-0.02599,-0.00128,0.0022,0.00183,-0.00032,0,0.00261,-0.00052,-0.00015,-0.00274,-0,-0.00019,1e-05,-0.00135,-4e-05,0.00176,-0.00042,0.00028,-1e-05,2e-05,0.00883,0.00176,-0.00017,0.00256,0,-0,-0,0.00909,0.0005,-0.00024,0.00181,2e-05,-0,-0
32.88,-0.02243,-0.00119,0.00216,0.00183,-0.00032,0,0.00258,-0.00058,-0.00017,-0.00259,-1e-05,-0.00022,1e-05,-0.00131,-2e-05,0.00151,-0.00037,-4e-05,-6e-05,5e-05,0.00901,0.00198,-0.00026,0.00247,0,-0,-0,0.00927,0.00057,-0.00029,0.00172,2e-05,-0,-0
32.9,-0.01897,-0.00113,0.00208,0.00174,-0.00033,0,0.00255,-0.00063,-0.0002,-0.00246,-0,-0.00023,1e-05,-0.00126,-0,0.00122,-0.00032,-0.00023,-9e-05,7e-05,0.00911,0.00215,-0.00032,0.00239,1e-05,-0,-0,0.0094,0.0006,-0.00033,0.00163,2e-05,-1e-05,-0
32.92,-0.01561,-0.0011,0.00195,0.00157,-0.00035,0,0.00255,-0.00065,-0.00023,-0.00233,1e-05,-0.00022,2e-05,-0.00118,1e-05,0.00089,-0.00028,-0.00024,-8e-05,0.0001,0.00907,0.00228,-0.00035,0.00232,1e-05,-0,-0,0.00941,0.00059,-0.00035,0.00154,2e-05,-1e-05,-0
32.94,-0.01237,-0.0011,0.00178,0.00132,-0.00037,0,0.00254,-0.00066,-0.00025,-0.00219,4e-05,-0.0002,2e-05,-0.00108,2e-05,0.00057,-0.00024,-1e-05,-1e-05,0.00013,0.00896,0.0024,-0.00037,0.00226,1e-05,-0,-0,0.00934,0.00053,-0.00034,0.00146,2e-05,-1e-05,-0
32.96,-0.00929,-0.0011,0.0016,0.001,-0.00039,0,0.00249,-0.00066,-0.00028,-0.00202,8e-05,-0.00017,3e-05,-0.00094,3e-05,0.00028,-0.00019,0.00054,0.00012,0.00017,0.0088,0.0025,-0.00036,0.00222,1e-05,-0,-0,0.00924,0.00041,-0.00031,0.00139,2e-05,-1e-05,-0
32.98,-0.00647,-0.00109,0.00142,0.00065,-0.00041,0,0.0024,-0.00066,-0.00032,-0.00183,0.00014,-0.00014,4e-05,-0.00076,3e-05,0,-0.00016,0.0011,0.00027,0.00019,0.00858,0.0026,-0.00034,0.00218,1e-05,-0,-0,0.00906,0.00025,-0.00028,0.00134,2e-05,-0,-0
33,-0.00409,-0.00109,0.00127,0.00029,-0.00043,0,0.00228,-0.00066,-0.00037,-0.00159,0.0002,-0.00012,5e-05,-0.00054,3e-05,-0.00027,-0.00013,0.0015,0.0005,0.00021,0.00831,0.00267,-0.0003,0.00215,2e-05,-0,-0,0.00882,7e-05,-0.00024,0.00129,2e-05,-0,-0
33.02,-0.00234,-0.00112,0.00118,-3e-05,-0.00044,0,0.00214,-0.00067,-0.00043,-0.00125,0.00028,-0.0001,7e-05,-0.00029,1e-05,-0.00051,-9e-05,0.00275,0.00094,0.00019,0.00797,0.00267,-0.00025,0.00211,2e-05,-0,-0,0.00853,-0.00011,-0.00021,0.00124,1e-05,-0,-0
33.04,-0.00137,-0.00113,0.00121,-0.00027,-0.00043,0,0.00199,-0.00067,-0.00048,-0.00086,0.00038,-0.0001,9e-05,-4e-05,-0.00011,-0.00071,-0.00012,0.0042,0.00129,0.00015,0.00758,0.00262,-0.0002,0.00204,2e-05,-0,-0,0.00818,-0.00028,-0.00018,0.00119,1e-05,-0,-0
33.06,-0.00122,-0.00111,0.00128,-0.00042,-0.00043,0,0.00183,-0.00066,-0.00053,-0.00046,0.00049,-0.00012,0.00012,0.00019,-0.00027,-0.00089,-0.00021,0.00541,0.00138,0.0001,0.00714,0.0025,-0.00015,0.00195,2e-05,-0,-0,0.00776,-0.00042,-0.00015,0.00114,1e-05,-0,-0
33.08,-0.00178,-0.00107,0.00134,-0.00047,-0.00042,0,0.00167,-0.00064,-0.00056,-4e-05,0.0006,-0.00015,0.00014,0.00044,-0.00037,-0.00108,-0.00036,0.00702,0.00131,4e-05,0.00666,0.00234,-0.0001,0.00184,1e-05,-0,-0,0.0073,-0.00054,-0.00012,0.00107,1e-05,-0,-0
33.1,-0.00282,-0.00101,0.00125,-0.00046,-0.00042,0,0.00154,-0.0006,-0.00052,0.00031,0.0007,-0.00018,0.00017,0.00068,-0.00031,-0.00125,-0.00045,0.00618,0.00114,-1e-05,0.00612,0.00212,-5e-05,0.0017,1e-05,-0,-0,0.00678,-0.00064,-9e-05,0.001,1e-05,0,-0
33.12,-0.00405,-0.00093,0.00108,-0.0004,-0.00042,0,0.00145,-0.00054,-0.00039,0.00048,0.0008,-0.00021,0.00019,0.00085,-0.00025,-0.00132,-0.00046,0.00392,0.00082,-4e-05,0.00552,0.00188,-1e-05,0.00155,1e-05,-0,-0,0.00621,-0.0007,-6e-05,0.00092,0,0,0
33.14,-0.00522,-0.00084,0.00091,-0.00032,-0.00041,0,0.00139,-0.00045,-0.00024,0.00056,0.00086,-0.00023,0.00022,0.00096,-0.0002,-0.00129,-0.00047,0.00198,0.00051,-6e-05,0.0049,0.00163,2e-05,0.00139,1e-05,-0,-0,0.00561,-0.00072,-3e-05,0.00085,0,0,0
33.16,-0.00612,-0.00075,0.00073,-0.00024,-0.00039,0,0.0013,-0.00037,-0.0001,0.00061,0.00088,-0.00024,0.00023,0.00101,-0.00015,-0.0012,-0.00047,0.00089,0.00029,-6e-05,0.00429,0.00138,4e-05,0.00123,1e-05,0,0,0.00501,-0.0007,0,0.00078,0,0,0
33.18,-0.00663,-0.00066,0.00056,-0.00017,-0.00037,0,0.00119,-0.00029,1e-05,0.00063,0.00086,-0.00024,0.00022,0.00099,-0.0001,-0.00104,-0.00046,0.0003,0.00015,-5e-05,0.00369,0.00113,6e-05,0.00107,0,0,0,0.0044,-0.00065,2e-05,0.0007,0,0,0
33.2,-0.00669,-0.00056,0.0004,-0.00011,-0.00034,0,0.00104,-0.00021,7e-05,0.00058,0.00077,-0.00023,0.00021,0.00091,-5e-05,-0.00084,-0.00043,2e-05,7e-05,-4e-05,0.00308,0.00089,7e-05,0.0009,0,0,0,0.00378,-0.00057,4e-05,0.00063,0,0,0
33.22,-0.00628,-0.00045,0.00026,-6e-05,-0.00029,0,0.00085,-0.00016,6e-05,0.00045,0.00063,-0.00021,0.00017,0.00079,-0,-0.00066,-0.00038,-9e-05,2e-05,-4e-05,0.00248,0.00067,8e-05,0.00073,0,0,0,0.00314,-0.00047,4e-05,0.00055,0,0,0
33.24,-0.00544,-0.00033,0.00016,-2e-05,-0.00024,0,0.00064,-0.00012,2e-05,0.00031,0.00044,-0.00019,0.00013,0.00065,4e-05,-0.00047,-0.00032,-0.00014,-0,-4e-05,0.00188,0.00045,8e-05,0.00055,0,0,0,0.0025,-0.00037,5e-05,0.00047,0,0,0
33.26,-0.00419,-0.00021,9e-05,3e-05,-0.00018,0,0.00041,-0.0001,-1e-05,0.00018,0.00021,-0.00017,8e-05,0.00048,6e-05,-0.00029,-0.00025,-0.00014,-2e-05,-3e-05,0.0013,0.00024,9e-05,0.00036,-0,0,0,0.00186,-0.00027,4e-05,0.00037,0,0,0
33.28,-0.00259,-6e-05,4e-05,8e-05,-0.00011,0,0.00018,-8e-05,-1e-05,5e-05,-4e-05,-0.00014,2e-05,0.00031,7e-05,-0.00011,-0.00018,-0.00012,-2e-05,-2e-05,0.00073,4e-05,9e-05,0.00015,-0,0,0,0.00122,-0.00016,4e-05,0.00027,0,0,0
33.3,-0.00068,0.00011,0,0.00014,-3e-05,0,-4e-05,-8e-05,1e-05,-0.0001,-0.00031,-0.00012,-5e-05,0.00013,7e-05,6e-05,-0.00011,-7e-05,-3e-05,-1e-05,0.00015,-0.00016,8e-05,-7e-05,-0,0,0,0.00056,-6e-05,3e-05,0.00015,0,0,0
33.32,0.00143,0.00031,-4e-05,0.00022,6e-05,0,-0.00026,-8e-05,0.00011,-0.00025,-0.00055,-0.0001,-0.00011,-5e-05,6e-05,0.00023,-3e-05,1e-05,-2e-05,1e-05,-0.00043,-0.00034,7e-05,-0.00031,-0,0,0,-0.00011,5e-05,2e-05,3e-05,0,0,0
33.34,0.00368,0.00054,-0.00011,0.00031,0.00015,0,-0.00045,-9e-05,0.00029,-0.00041,-0.00074,-0.0001,-0.00016,-0.00022,5e-05,0.00039,4e-05,0.0001,-2e-05,2e-05,-0.001,-0.00052,6e-05,-0.00055,-0,0,0,-0.00078,0.00015,1e-05,-0.00011,0,-0,-0
33.36,0.00603,0.00081,-0.00021,0.00042,0.00026,0,-0.00061,-9e-05,0.00051,-0.00058,-0.00087,-0.0001,-0.0002,-0.00039,4e-05,0.00056,0.00011,0.0002,-2e-05,4e-05,-0.00157,-0.00069,4e-05,-0.00081,-0,-0,-0,-0.00148,0.00025,0,-0.00025,0,-0,-0
33.38,0.00843,0.00111,-0.00035,0.00055,0.00037,0,-0.00074,-8e-05,0.00074,-0.00078,-0.00097,-0.00012,-0.00023,-0.00055,3e-05,0.00071,0.00017,0.00028,-3e-05,5e-05,-0.00216,-0.00085,2e-05,-0.00108,-0,-0,-0,-0.0022,0.00034,-1e-05,-0.0004,0,-0,-0
33.4,0.01081,0.00145,-0.00052,0.00069,0.00048,0,-0.0008,-5e-05,0.00097,-0.00096,-0.00099,-0.00013,-0.00025,-0.00069,2e-05,0.00084,0.00024,0.00033,-3e-05,6e-05,-0.00276,-0.00101,-1e-05,-0.00135,-0,-0,-0,-0.00293,0.00041,-1e-05,-0.00056,0,-0,-0
33.42,0.0131,0.00181,-0.0007,0.00084,0.00058,0,-0.00076,-1e-05,0.00119,-0.00102,-0.00087,-0.00015,-0.00024,-0.00079,1e-05,0.00097,0.0003,0.00032,-5e-05,7e-05,-0.00335,-0.00117,-4e-05,-0.00162,-0,-0,-0,-0.00363,0.00046,-1e-05,-0.00073,0,-0,-0
33.44,0.01524,0.00216,-0.00085,0.00099,0.00068,0,-0.00064,5e-05,0.00134,-0.001,-0.00068,-0.00016,-0.00022,-0.00084,1e-05,0.00106,0.00034,0.00025,-6e-05,8e-05,-0.00394,-0.00134,-6e-05,-0.00189,-0,-0,-0,-0.00428,0.00047,0,-0.00088,0,-0,-0
33.46,0.01721,0.00251,-0.00097,0.00113,0.00073,0,-0.0005,0.00012,0.00137,-0.00093,-0.00051,-0.00016,-0.00019,-0.00084,1e-05,0.00111,0.00038,9e-05,-8e-05,8e-05,-0.00456,-0.00149,-9e-05,-0.00215,-0,-0,-0,-0.00491,0.00044,2e-05,-0.00103,0,0,0
33.48,0.01899,0.00283,-0.00104,0.00126,0.00071,0,-0.00039,0.0002,0.00133,-0.0008,-0.00035,-0.00017,-0.00015,-0.0008,1e-05,0.0011,0.0004,-0.00013,-9e-05,7e-05,-0.00523,-0.00163,-0.00013,-0.00239,-0,-0,-0,-0.00553,0.00037,5e-05,-0.00117,0,0,0
33.5,0.0205,0.0031,-0.00107,0.00138,0.00069,0,-0.00034,0.00026,0.00118,-0.00062,-0.00024,-0.00017,-0.00012,-0.0007,1e-05,0.00104,0.00041,-0.00036,-9e-05,5e-05,-0.00595,-0.00174,-0.00016,-0.0026,-0,-0,-0,-0.00613,0.00026,7e-05,-0.0013,-0,0,0
33.52,0.02167,0.00329,-0.00102,0.00148,0.00066,0,-0.0003,0.0003,0.00094,-0.00042,-0.00019,-0.00017,-0.0001,-0.00058,1e-05,0.00094,0.00042,-0.0005,-7e-05,3e-05,-0.0067,-0.00179,-0.00021,-0.00276,0,-0,-0,-0.00669,0.00013,0.0001,-0.00142,-0,0,0
33.54,0.02245,0.00336,-0.00095,0.00155,0.00063,0,-0.00031,0.00032,0.00068,-0.00021,-0.00018,-0.00016,-8e-05,-0.00043,1e-05,0.00081,0.00043,-0.00047,-2e-05,1e-05,-0.0075,-0.00179,-0.00027,-0.00286,0,-0,-0,-0.00723,0,0.00011,-0.00152,-1e-05,0,0
33.56,0.02283,0.00332,-0.00088,0.00158,0.00058,0,-0.0004,0.00032,0.00046,-2e-05,-0.00016,-0.00015,-6e-05,-0.00027,1e-05,0.00067,0.00044,-0.00025,7e-05,-3e-05,-0.00841,-0.00174,-0.00034,-0.00287,0,-0,-0,-0.00775,-0.00013,0.00011,-0.00161,-1e-05,0,0
33.58,0.02281,0.00313,-0.00082,0.00159,0.00053,0,-0.00055,0.00029,0.00029,0.00017,-0.00013,-0.00013,-5e-05,-0.00012,1e-05,0.00054,0.00046,-2e-05,0.00017,-6e-05,-0.00943,-0.00164,-0.00041,-0.00279,0,-0,-0,-0.00826,-0.00025,9e-05,-0.00168,-1e-05,0,1e-05
33.6,0.02234,0.0028,-0.00077,0.00156,0.00048,0,-0.00072,0.00027,0.00017,0.00029,-0.00011,-0.00011,-4e-05,0,0,0.00042,0.00046,0.00052,0.00029,-0.0001,-0.01049,-0.00152,-0.00046,-0.00259,0,-1e-05,-0,-0.00873,-0.00034,7e-05,-0.00174,-1e-05,0,1e-05
33.62,0.02141,0.00234,-0.00071,0.0015,0.00042,0,-0.00083,0.00025,8e-05,0.00032,-9e-05,-0.0001,-3e-05,0.0001,0,0.00032,0.00041,0.00184,0.00042,-0.00013,-0.01149,-0.0014,-0.00047,-0.00227,-0,-1e-05,-0,-0.00909,-0.0004,7e-05,-0.00179,-1e-05,0,1e-05
33.64,0.02004,0.00176,-0.00064,0.00141,0.00035,0,-0.00094,0.00024,3e-05,0.00032,-8e-05,-9e-05,-2e-05,0.00016,0,0.00024,0.00033,0.00299,0.0005,-0.00014,-0.01237,-0.0013,-0.00043,-0.00186,-0,-1e-05,-0,-0.00934,-0.00042,8e-05,-0.00184,-1e-05,0,1e-05
33.66,0.01828,0.00114,-0.0006,0.00129,0.00028,0,-0.00108,0.00023,-1e-05,0.00032,-6e-05,-8e-05,-2e-05,0.00018,0,0.00018,0.00029,0.00336,0.00052,-0.00015,-0.01311,-0.00123,-0.00034,-0.0014,-1e-05,-0,-0,-0.00948,-0.0004,9e-05,-0.00188,-1e-05,0,1e-05
33.68,0.0162,0.00051,-0.00059,0.00114,0.0002,0,-0.0012,0.00022,-3e-05,0.00031,-4e-05,-8e-05,-2e-05,0.00017,0,0.00013,0.00029,0.00331,0.0005,-0.00015,-0.01356,-0.0012,-0.00021,-0.00092,-2e-05,-0,-0,-0.00951,-0.00035,0.0001,-0.00191,-0,1e-05,0
33.7,0.0139,4e-05,-0.00064,0.00097,0.00013,0,-0.00134,0.0002,-4e-05,0.00028,-4e-05,-9e-05,-2e-05,0.00012,-0,9e-05,0.00032,0.00269,0.00042,-0.00013,-0.01364,-0.00122,-5e-05,-0.00048,-3e-05,-0,-0,-0.00911,-0.00028,8e-05,-0.00133,-0,0,0
33.72,0.01148,-0.00018,-0.00075,0.00077,5e-05,-0,-0.00153,0.00019,-5e-05,0.00025,-5e-05,-0.0001,-2e-05,3e-05,-1e-05,5e-05,0.00032,0.00156,0.00025,-0.00013,-0.01331,-0.00129,0.00013,-0.00014,-4e-05,-0,0,-0.0082,-0.00019,4e-05,0.00044,-0,0,-0
33.74,0.00907,-0.0002,-0.00086,0.00057,-1e-05,-0,-0.00172,0.00016,-5e-05,0.00021,-6e-05,-0.00011,-2e-05,-7e-05,-3e-05,-0,0.0003,0.00068,0.0001,-0.00013,-0.01245,-0.00139,0.00034,0.00011,-5e-05,0,0,-0.00734,-0.0001,1e-05,0.00288,-0,-0,-1e-05
33.76,0.00674,-2e-05,-0.00091,0.00037,-8e-05,-0,-0.00185,0.00013,-4e-05,0.00017,-7e-05,-0.00012,-3e-05,-0.00019,-7e-05,-6e-05,0.00025,0.00022,2e-05,-0.00013,-0.01109,-0.00153,0.00058,0.00027,-5e-05,0,0,-0.00688,2e-05,0,0.00605,-1e-05,-1e-05,-1e-05
33.78,0.00457,0.00035,-0.00093,0.00018,-0.00015,-0,-0.00189,8e-05,-3e-05,0.00014,-8e-05,-0.00014,-3e-05,-0.00031,-0.00013,-0.00013,0.00018,3e-05,-2e-05,-0.00014,-0.00929,-0.00166,0.00081,0.00034,-6e-05,0,0,-0.00715,0.0002,-1e-05,0.00994,-1e-05,-1e-05,-2e-05
33.8,0.00261,0.00086,-0.00088,2e-05,-0.00021,-0,-0.00188,4e-05,-2e-05,0.00011,-9e-05,-0.00015,-3e-05,-0.00042,-0.00022,-0.00024,0.00011,-2e-05,-3e-05,-0.00015,-0.00738,-0.0017,0.00103,0.00038,-6e-05,0,0,-0.00849,0.00047,-2e-05,0.01448,-1e-05,-1e-05,-2e-05
33.82,0.0009,0.00138,-0.00078,-0.0001,-0.00026,-0,-0.00182,-0,-1e-05,8e-05,-9e-05,-0.00016,-4e-05,-0.00052,-0.00033,-0.00036,4e-05,-0,-3e-05,-0.00014,-0.00563,-0.00158,0.00122,0.00046,-6e-05,1e-05,0,-0.01113,0.00079,-4e-05,0.01953,-1e-05,-2e-05,-3e-05
33.84,-0.00052,0.00182,-0.00064,-0.00019,-0.00024,-0,-0.00164,-1e-05,-0,6e-05,-8e-05,-0.00016,-4e-05,-0.00058,-0.00044,-0.00052,0,1e-05,-1e-05,-0.00012,-0.00405,-0.00126,0.0013,0.00052,-6e-05,1e-05,0,-0.01479,0.00108,-3e-05,0.0247,-2e-05,-2e-05,-3e-05
33.86,-0.00167,0.00215,-0.00049,-0.00024,-0.0002,-0,-0.00129,1e-05,-0,5e-05,-7e-05,-0.00016,-5e-05,-0.00059,-0.00056,-0.00071,-0,3e-05,0,-0.0001,-0.0027,-0.00079,0.00124,0.00044,-5e-05,1e-05,0,-0.01898,0.00121,-1e-05,0.02942,-5e-05,-1e-05,-2e-05
33.88,-0.00254,0.00232,-0.00033,-0.00027,-0.00014,-0,-0.00081,6e-05,-1e-05,3e-05,-6e-05,-0.00016,-6e-05,-0.00056,-0.00067,-0.00091,1e-05,4e-05,1e-05,-8e-05,-0.00166,-0.00022,0.00108,0.00017,-4e-05,1e-05,0,-0.02315,0.00113,2e-05,0.0333,-0.0001,0,1e-05
33.9,-0.00317,0.00232,-0.00021,-0.00028,-7e-05,-0,-0.00023,0.00014,-2e-05,1e-05,-4e-05,-0.00015,-6e-05,-0.00046,-0.00074,-0.00112,4e-05,3e-05,2e-05,-6e-05,-0.00093,0.00036,0.00084,-0.00037,-2e-05,1e-05,0,-0.02627,0.00093,3e-05,0.0357,-0.00017,2e-05,4e-05
33.92,-0.0036,0.00217,-0.00014,-0.0003,-0,-0,0.0004,0.00022,-3e-05,-2e-05,-3e-05,-0.00015,-7e-05,-0.0003,-0.00075,-0.00127,9e-05,3e-05,2e-05,-5e-05,-0.00047,0.0009,0.00058,-0.00105,-2e-05,1e-05,0,-0.02758,0.00071,0.00013,0.03607,-0.00024,4e-05,8e-05
33.94,-0.00385,0.00191,-9e-05,-0.00033,5e-05,-0,0.00103,0.00029,-3e-05,-6e-05,-3e-05,-0.00014,-7e-05,-0.0001,-0.0007,-0.00138,0.00014,2e-05,1e-05,-4e-05,-0.00018,0.00135,0.00036,-0.00174,-1e-05,0,0,-0.02709,0.0005,0.00032,0.03456,-0.0003,6e-05,0.00011
33.96,-0.00392,0.00159,-7e-05,-0.00037,9e-05,-0,0.00164,0.00034,-3e-05,-0.00012,-2e-05,-0.00013,-7e-05,7e-05,-0.00062,-0.00146,0.00016,1e-05,1e-05,-3e-05,-1e-05,0.00166,0.00021,-0.00244,-0,0,0,-0.02502,0.00031,0.00049,0.03154,-0.00032,7e-05,0.00014
33.98,-0.00388,0.00123,-7e-05,-0.00043,0.0001,-0,0.00217,0.00035,-3e-05,-0.00019,-1e-05,-0.00012,-7e-05,0.00016,-0.00052,-0.00151,0.00016,0,1e-05,-2e-05,0.00011,0.00182,0.00011,-0.00301,-0,0,0,-0.02153,0.00021,0.00057,0.02736,-0.00031,8e-05,0.00015
34,-0.00384,0.0008,-7e-05,-0.00052,9e-05,-0,0.00262,0.00033,-2e-05,-0.00027,-0,-0.00011,-6e-05,0.00021,-0.0004,-0.00154,0.00012,-0,2e-05,-2e-05,0.00021,0.00184,4e-05,-0.0034,0,0,0,-0.01664,0.00015,0.00054,0.02276,-0.00026,8e-05,0.00014
34.02,-0.00392,0.00024,-7e-05,-0.00063,7e-05,-0,0.00298,0.00029,-1e-05,-0.00033,1e-05,-0.0001,-6e-05,0.00031,-0.00029,-0.00154,7e-05,-0,2e-05,-1e-05,0.00029,0.00175,-2e-05,-0.00361,0,0,0,-0.01093,4e-05,0.00036,0.01856,-0.00018,8e-05,0.00013
34.04,-0.00417,-0.00039,-7e-05,-0.00077,3e-05,-0,0.00323,0.00023,-0,-0.00038,1e-05,-9e-05,-5e-05,0.00039,-0.00019,-0.00152,1e-05,-0,2e-05,-1e-05,0.00038,0.00159,-9e-05,-0.00348,1e-05,0,0,-0.00545,-0.00023,-0,0.01523,-8e-05,7e-05,0.00011
34.06,-0.0046,-0.00104,-8e-05,-0.00094,-2e-05,-0,0.00334,0.00015,0,-0.00041,2e-05,-8e-05,-3e-05,0.00036,-0.0001,-0.0015,-4e-05,-0,2e-05,-1e-05,0.00052,0.00138,-0.00017,-0.00296,1e-05,0,-0,-0.00072,-0.00075,-0.00049,0.01299,2e-05,5e-05,8e-05
34.08,-0.00512,-0.00176,-9e-05,-0.00113,-5e-05,0,0.00334,9e-05,-1e-05,-0.00043,2e-05,-7e-05,-2e-05,0.0003,-3e-05,-0.00148,-7e-05,0,2e-05,-0,0.00071,0.00115,-0.00027,-0.00215,1e-05,-0,-0,0.00308,-0.00147,-0.00099,0.01185,0.00011,4e-05,5e-05
34.1,-0.00561,-0.00248,-9e-05,-0.00133,-8e-05,0,0.00323,3e-05,-3e-05,-0.00042,2e-05,-5e-05,-1e-05,0.00021,3e-05,-0.00146,-9e-05,1e-05,2e-05,-0,0.00103,0.0009,-0.00037,-0.00126,1e-05,-0,-0,0.00579,-0.00227,-0.00141,0.01147,0.00018,2e-05,2e-05
34.12,-0.00586,-0.00309,-9e-05,-0.00153,-0.0001,0,0.00307,-2e-05,-7e-05,-0.00034,2e-05,-4e-05,0,7e-05,8e-05,-0.00143,-4e-05,2e-05,2e-05,0,0.00156,0.00065,-0.00046,-0.00045,1e-05,-0,-0,0.00725,-0.00298,-0.00167,0.01134,0.00023,1e-05,1e-05
34.14,-0.00565,-0.0036,-8e-05,-0.00172,-0.00011,0,0.00288,-3e-05,-0.00011,-0.00023,2e-05,-3e-05,1e-05,-5e-05,0.00011,-0.00139,6e-05,3e-05,3e-05,0,0.00224,0.00042,-0.00053,0.00024,1e-05,-0,-0,0.00754,-0.00336,-0.00171,0.01106,0.00025,1e-05,-1e-05
34.16,-0.00487,-0.00403,-7e-05,-0.00187,-0.00012,0,0.00267,-1e-05,-0.00017,-0.0001,2e-05,-2e-05,2e-05,-9e-05,0.00014,-0.00135,0.00018,5e-05,3e-05,1e-05,0.00298,0.00025,-0.00057,0.00075,2e-05,-0,-0,0.00693,-0.00326,-0.00153,0.01035,0.00023,0,-1e-05
34.18,-0.00358,-0.00435,-6e-05,-0.00199,-0.00012,0,0.0025,4e-05,-0.00021,4e-05,2e-05,-1e-05,3e-05,0,0.00015,-0.00129,0.00031,7e-05,3e-05,1e-05,0.00373,0.00011,-0.00058,0.00107,2e-05,-0,-0,0.00573,-0.00273,-0.00121,0.0091,0.0002,0,-1e-05
34.2,-0.00202,-0.00455,-4e-05,-0.00209,-0.00013,0,0.00237,0.0001,-0.00024,0.00015,2e-05,-1e-05,4e-05,0.00014,0.00014,-0.00123,0.00046,9e-05,3e-05,1e-05,0.00438,0,-0.00057,0.00121,2e-05,-0,-0,0.00423,-0.0019,-0.00084,0.00728,0.00015,0,-1e-05
34.22,-0.00051,-0.00468,-3e-05,-0.00218,-0.00013,0,0.00228,0.00015,-0.00024,0.00022,2e-05,-1e-05,4e-05,0.00026,0.00013,-0.00114,0.00064,0.00013,3e-05,2e-05,0.00481,-7e-05,-0.00052,0.00122,2e-05,-0,-0,0.00273,-0.00098,-0.00048,0.00505,0.0001,0,-1e-05
34.24,0.00063,-0.00476,-3e-05,-0.00226,-0.00013,0,0.00225,0.0002,-0.00021,0.00025,1e-05,-1e-05,5e-05,0.00042,0.00011,-0.00104,0.00081,0.00017,2e-05,2e-05,0.00502,-0.00012,-0.00046,0.00114,3e-05,-0,-0,0.00147,-0.00015,-0.00018,0.00275,5e-05,0,-0
34.26,0.00122,-0.00483,-4e-05,-0.00233,-0.00012,0,0.00226,0.00022,-0.00018,0.00026,1e-05,-0,5e-05,0.0007,8e-05,-0.00094,0.00095,0.0002,2e-05,2e-05,0.00503,-0.00015,-0.00038,0.00103,3e-05,-0,-0,0.00056,0.00046,7e-05,0.00062,1e-05,0,-0
34.28,0.00126,-0.00488,-4e-05,-0.00239,-0.00011,0,0.00229,0.00022,-0.00013,0.00026,1e-05,-1e-05,5e-05,0.00105,2e-05,-0.00082,0.00105,0.00023,2e-05,2e-05,0.00483,-0.00016,-0.00031,0.00091,3e-05,-0,-0,3e-05,0.00078,0.00026,-0.00118,-2e-05,-0,0
34.3,0.00089,-0.00492,-5e-05,-0.00243,-0.0001,0,0.00228,0.00021,-0.0001,0.00023,1e-05,-1e-05,5e-05,0.00136,-4e-05,-0.00071,0.0011,0.00024,2e-05,2e-05,0.00447,-0.00016,-0.00024,0.00078,3e-05,0,-0,-8e-05,0.00073,0.00031,-0.0019,-3e-05,-0,0
34.32,0.00035,-0.00493,-6e-05,-0.00244,-9e-05,0,0.00218,0.00019,-7e-05,0.00017,1e-05,-1e-05,5e-05,0.00152,-0.0001,-0.00061,0.00105,0.00024,1e-05,2e-05,0.00399,-0.00015,-0.00018,0.00067,3e-05,0,-0,-5e-05,0.00053,0.0003,-0.00194,-3e-05,-0,0
34.34,-0.0001,-0.00488,-6e-05,-0.00239,-8e-05,0,0.00204,0.00018,-4e-05,0.00011,1e-05,-1e-05,5e-05,0.0016,-0.00015,-0.00052,0.00096,0.00023,1e-05,1e-05,0.00346,-0.00014,-0.00015,0.00055,2e-05,0,-0,-2e-05,0.00033,0.00028,-0.00196,-3e-05,-0,0
34.36,-0.0003,-0.00471,-6e-05,-0.00229,-7e-05,0,0.00192,0.00017,0,7e-05,1e-05,-1e-05,4e-05,0.00167,-0.00019,-0.00044,0.00084,0.0002,1e-05,1e-05,0.0029,-0.00012,-0.00011,0.00043,2e-05,0,-0,3e-05,0.00014,0.00027,-0.00195,-3e-05,-0,0
34.38,-0.00019,-0.00446,-5e-05,-0.00214,-6e-05,0,0.00181,0.00016,5e-05,3e-05,1e-05,-1e-05,4e-05,0.0017,-0.0002,-0.00036,0.00072,0.00016,1e-05,1e-05,0.00236,-0.0001,-8e-05,0.00031,2e-05,0,-0,0.0001,-4e-05,0.00025,-0.0019,-3e-05,-0,0
34.4,0.00022,-0.00412,-6e-05,-0.00194,-6e-05,0,0.00167,0.00017,0.0001,1e-05,1e-05,-1e-05,4e-05,0.00164,-0.0002,-0.00029,0.00057,0.00012,0,0,0.00182,-8e-05,-6e-05,0.00019,2e-05,-0,-0,0.00018,-0.00019,0.00023,-0.00184,-3e-05,-0,0
34.42,0.00081,-0.00372,-8e-05,-0.00172,-5e-05,0,0.00151,0.00017,0.00015,-1e-05,0,-1e-05,3e-05,0.00147,-0.00019,-0.00024,0.00042,7e-05,0,0,0.0013,-7e-05,-4e-05,7e-05,2e-05,-0,-0,0.0003,-0.00035,0.0002,-0.00177,-3e-05,-0,0
34.44,0.00149,-0.00332,-0.00011,-0.00148,-4e-05,0,0.00134,0.00019,0.0002,-2e-05,0,-1e-05,3e-05,0.00126,-0.00016,-0.00019,0.00027,3e-05,0,-0,0.00083,-6e-05,-2e-05,-4e-05,2e-05,-0,-0,0.00044,-0.00051,0.00017,-0.00168,-3e-05,-0,0
34.46,0.00219,-0.00295,-0.00017,-0.00122,-4e-05,0,0.00117,0.0002,0.00024,-3e-05,0,-1e-05,2e-05,0.00103,-0.00012,-0.00015,0.00013,0,0,-1e-05,0.0004,-6e-05,-1e-05,-0.00014,1e-05,-0,-0,0.00059,-0.00068,0.00014,-0.00158,-3e-05,-0,0
34.48,0.00286,-0.00261,-0.00025,-0.00096,-3e-05,0,0.001,0.00022,0.00028,-4e-05,-0,-1e-05,1e-05,0.00079,-7e-05,-0.00011,2e-05,-2e-05,0,-1e-05,3e-05,-6e-05,0,-0.00023,1e-05,0,-0,0.00075,-0.00088,0.00011,-0.00147,-3e-05,-0,0
34.5,0.00347,-0.0023,-0.00033,-0.00071,-3e-05,0,0.00083,0.00023,0.00032,-5e-05,-0,-0,1e-05,0.00053,-2e-05,-8e-05,-8e-05,-3e-05,0,-1e-05,-0.0003,-5e-05,1e-05,-0.00032,1e-05,0,-0,0.00091,-0.00108,8e-05,-0.00135,-3e-05,-0,0
34.52,0.00402,-0.00202,-0.00041,-0.00048,-2e-05,0,0.00065,0.00023,0.00036,-5e-05,-0,-0,0,0.00027,3e-05,-5e-05,-0.00016,-3e-05,-0,-1e-05,-0.00058,-5e-05,0,-0.00039,1e-05,0,0,0.00105,-0.00128,5e-05,-0.00124,-3e-05,-0,0
34.54,0.0045,-0.00176,-0.00048,-0.00027,-2e-05,0,0.00048,0.00023,0.00039,-5e-05,-0,-0,-0,3e-05,7e-05,-3e-05,-0.00022,-3e-05,-0,-1e-05,-0.00081,-5e-05,-0,-0.00044,0,0,0,0.00117,-0.00145,1e-05,-0.00113,-3e-05,-0,0
34.56,0.00491,-0.0015,-0.00054,-9e-05,-2e-05,0,0.00032,0.00022,0.00042,-5e-05,-0,-0,-1e-05,-0.0002,0.0001,-0,-0.00025,-2e-05,0,-1e-05,-0.00099,-5e-05,-0,-0.00048,0,0,0,0.00126,-0.00161,-2e-05,-0.00101,-3e-05,-0,0
34.58,0.0052,-0.00123,-0.00057,6e-05,-2e-05,0,0.00018,0.0002,0.00045,-6e-05,-0,-0,-1e-05,-0.00041,0.00012,2e-05,-0.00027,-1e-05,0,-1e-05,-0.00113,-4e-05,-1e-05,-0.00052,-0,0,0,0.00128,-0.00172,-5e-05,-0.00086,-2e-05,-0,0
34.6,0.00534,-0.00096,-0.00058,0.00018,-2e-05,0,6e-05,0.00018,0.00048,-6e-05,-0,-0,-1e-05,-0.0006,0.00013,4e-05,-0.00027,-0,0,-1e-05,-0.00123,-3e-05,-1e-05,-0.00054,-0,0,0,0.00125,-0.00177,-9e-05,-0.0007,-2e-05,-0,0
34.62,0.00527,-0.00068,-0.00057,0.00026,-2e-05,-0,-5e-05,0.00015,0.00049,-5e-05,-0,-0,-2e-05,-0.00077,0.00014,6e-05,-0.00026,1e-05,0,-1e-05,-0.0013,-2e-05,-0,-0.00055,-0,0,0,0.00116,-0.00177,-0.00012,-0.00055,-2e-05,-0,-0
34.64,0.00492,-0.00039,-0.00054,0.00031,-2e-05,-0,-0.00015,0.00012,0.0005,-4e-05,-0,-0,-1e-05,-0.0009,0.00014,8e-05,-0.00023,2e-05,-0,-0,-0.00134,-1e-05,-0,-0.00056,-0,0,0,0.00101,-0.00169,-0.00016,-0.00039,-1e-05,-0,-0
34.66,0.00427,-8e-05,-0.00049,0.00033,-1e-05,-0,-0.00023,0.0001,0.00049,-2e-05,-0,-0,-1e-05,-0.00102,0.00013,0.0001,-0.0002,3e-05,-0,-0,-0.00135,1e-05,0,-0.00057,-0,0,0,0.00081,-0.00156,-0.00019,-0.00024,-1e-05,-0,-0
34.68,0.0033,0.00026,-0.00043,0.00031,-1e-05,-0,-0.00031,8e-05,0.00046,-1e-05,-0,-0,-1e-05,-0.00111,0.00012,0.00012,-0.00017,4e-05,-0,-0,-0.00135,2e-05,0,-0.00058,-0,-0,-0,0.00059,-0.00138,-0.00021,-9e-05,-1e-05,-0,-0
34.7,0.00199,0.00063,-0.00035,0.00026,-1e-05,-0,-0.00038,7e-05,0.0004,-1e-05,-0,-0,-1e-05,-0.00118,0.00011,0.00014,-0.00013,4e-05,-0,0,-0.00135,3e-05,1e-05,-0.00059,0,-0,-0,0.00035,-0.00115,-0.00023,4e-05,-0,-0,-0
34.72,0.00037,0.00103,-0.00026,0.00019,-0,0,-0.00045,7e-05,0.00031,-1e-05,-0,-0,-0,-0.0012,0.0001,0.00017,-0.00011,5e-05,-0,0,-0.00133,4e-05,1e-05,-0.00061,0,-0,-0,0.00014,-0.0009,-0.00022,0.00012,1e-05,-0,-0
34.74,-0.00154,0.00145,-0.00016,0.0001,0,0,-0.00051,7e-05,0.00021,-1e-05,-0,-0,0,-0.00117,9e-05,0.00021,-8e-05,5e-05,-0,1e-05,-0.00131,4e-05,1e-05,-0.00063,0,-0,-0,1e-05,-0.00064,-0.0002,0.00017,1e-05,-0,-0
34.76,-0.00368,0.00189,-5e-05,-2e-05,2e-05,0,-0.00057,7e-05,0.00011,-0,-0,0,1e-05,-0.00108,8e-05,0.00025,-6e-05,5e-05,-0,1e-05,-0.00129,3e-05,1e-05,-0.00066,1e-05,-0,-0,2e-05,-0.0004,-0.00016,0.00015,2e-05,-0,-0
34.78,-0.00599,0.00231,7e-05,-0.00015,3e-05,0,-0.00063,7e-05,0,-0,-0,0,1e-05,-0.00091,7e-05,0.00029,-5e-05,6e-05,-0,1e-05,-0.00126,1e-05,1e-05,-0.00069,1e-05,-0,-0,0.00015,-0.00016,-0.00011,7e-05,2e-05,-0,-0
34.8,-0.00833,0.00266,0.00021,-0.00029,5e-05,0,-0.00069,6e-05,-0.00011,-0,-0,0,2e-05,-0.00064,7e-05,0.00034,-3e-05,6e-05,-0,1e-05,-0.00121,-1e-05,1e-05,-0.00071,1e-05,-0,-0,0.00042,8e-05,-6e-05,-2e-05,3e-05,-0,-0
34.82,-0.0106,0.00287,0.00035,-0.00044,7e-05,0,-0.00072,6e-05,-0.00019,-0,-0,0,2e-05,-0.00028,6e-05,0.00039,-2e-05,6e-05,-1e-05,1e-05,-0.00113,-2e-05,1e-05,-0.00072,1e-05,-0,-0,0.00081,0.0003,-2e-05,2e-05,3e-05,-0,-0
34.84,-0.01268,0.00292,0.00049,-0.0006,9e-05,0,-0.00074,4e-05,-0.00025,-0,-0,0,3e-05,0.00018,5e-05,0.00045,-0,6e-05,-1e-05,0,-0.00102,-3e-05,0,-0.0007,1e-05,-0,-0,0.00124,0.00053,2e-05,0.00017,3e-05,-0,-0
34.86,-0.01447,0.00281,0.00065,-0.00076,0.00011,0,-0.00076,3e-05,-0.0003,-1e-05,-0,0,3e-05,0.00075,4e-05,0.00048,1e-05,5e-05,-1e-05,0,-0.00085,-3e-05,0,-0.00065,1e-05,-1e-05,-0,0.00155,0.00074,5e-05,0.00039,4e-05,-0,-0
34.88,-0.01592,0.00253,0.0008,-0.00092,0.00013,0,-0.00079,2e-05,-0.00033,-1e-05,-0,-0,3e-05,0.00141,2e-05,0.00047,3e-05,3e-05,-0,1e-05,-0.00062,-2e-05,0,-0.00058,1e-05,-1e-05,-0,0.00155,0.00096,5e-05,0.00073,3e-05,-0,-0
34.9,-0.01699,0.00209,0.00094,-0.00108,0.00014,0,-0.0008,2e-05,-0.00034,-2e-05,-0,-0,3e-05,0.00213,-1e-05,0.00043,6e-05,1e-05,-0,1e-05,-0.00032,-1e-05,0,-0.00049,1e-05,-1e-05,-0,0.0013,0.00116,4e-05,0.00114,3e-05,-0,-0
34.92,-0.01767,0.00151,0.00108,-0.00123,0.00016,0,-0.00081,3e-05,-0.00036,-2e-05,-0,0,3e-05,0.00291,-4e-05,0.00036,9e-05,-1e-05,1e-05,1e-05,4e-05,0,0,-0.00037,1e-05,-1e-05,-0,0.00102,0.00134,2e-05,0.00153,3e-05,-1e-05,-0
34.94,-0.01787,0.00083,0.0012,-0.00136,0.00017,0,-0.00082,6e-05,-0.00037,-2e-05,-0,0,3e-05,0.00368,-7e-05,0.00021,0.00013,-2e-05,2e-05,1e-05,0.00046,1e-05,0,-0.00025,1e-05,-1e-05,-0,0.00056,0.00148,-2e-05,0.00189,2e-05,-1e-05,-0
34.96,-0.01756,9e-05,0.0013,-0.00148,0.00018,0,-0.00083,0.00011,-0.00038,-2e-05,-0,0,3e-05,0.00434,-0.0001,-2e-05,0.00018,-3e-05,4e-05,2e-05,0.0009,2e-05,-0,-0.00012,1e-05,-1e-05,-0,-0.00022,0.00158,-5e-05,0.00217,1e-05,-1e-05,-0
34.98,-0.01676,-0.00069,0.00137,-0.00157,0.00019,0,-0.00086,0.00018,-0.00038,-1e-05,-0,0,3e-05,0.00485,-0.00012,-0.00038,0.00025,-2e-05,6e-05,2e-05,0.00135,3e-05,-0,2e-05,1e-05,-1e-05,-0,-0.00111,0.0016,-9e-05,0.00234,1e-05,-1e-05,-0
35,-0.01551,-0.00143,0.00142,-0.00164,0.00018,0,-0.00089,0.00024,-0.00037,-0,0,0,3e-05,0.00518,-0.00013,-0.00081,0.00032,2e-05,9e-05,3e-05,0.00176,4e-05,-0,0.00015,1e-05,-1e-05,-0,-0.0019,0.00154,-0.00011,0.00229,0,-1e-05,-0
35.02,-0.01391,-0.00208,0.00148,-0.00169,0.00018,0,-0.00093,0.00031,-0.00035,0,0,0,3e-05,0.00538,-0.00012,-0.00104,0.00041,5e-05,0.00012,4e-05,0.0021,4e-05,-0,0.00026,1e-05,-1e-05,-0,-0.0024,0.00138,-0.00012,0.00204,-0,-1e-05,-0
35.04,-0.01203,-0.00258,0.00153,-0.0017,0.00016,0,-0.00097,0.00035,-0.00032,1e-05,0,-0,2e-05,0.00548,-0.00011,-0.00104,0.00048,0.0001,0.00015,5e-05,0.00233,5e-05,-0,0.00036,1e-05,-1e-05,-0,-0.00255,0.00109,-0.0001,0.00173,-0,-0,-0
35.06,-0.00994,-0.00292,0.00159,-0.00167,0.00014,0,-0.00103,0.00037,-0.00029,1e-05,0,-0,2e-05,0.0055,-9e-05,-0.00097,0.00053,0.00018,0.00018,5e-05,0.00241,7e-05,0,0.00044,1e-05,-1e-05,-0,-0.00233,0.00066,-6e-05,0.00145,-0,-0,0
35.08,-0.00772,-0.00309,0.00166,-0.00159,0.00011,0,-0.0011,0.00035,-0.00026,2e-05,0,-0,1e-05,0.00551,-7e-05,-0.00086,0.00053,0.00021,0.00022,5e-05,0.00235,9e-05,1e-05,0.00049,0,-1e-05,-0,-0.00169,0.00011,-2e-05,0.00121,-0,0,0
35.1,-0.00543,-0.00309,0.00176,-0.00145,8e-05,0,-0.00117,0.00029,-0.00023,3e-05,0,-0,1e-05,0.0055,-3e-05,-0.00066,0.00046,0.00031,0.00024,4e-05,0.00216,0.00014,2e-05,0.0005,-0,-0,-0,-0.00108,-0.00051,3e-05,0.00104,0,1e-05,0
35.12,-0.00319,-0.00296,0.00185,-0.00126,4e-05,0,-0.0012,0.00019,-0.0002,5e-05,0,-0,-0,0.00547,1e-05,-0.00037,0.00028,0.00065,0.00023,1e-05,0.00186,0.0002,5e-05,0.00047,-0,-0,-0,-0.00075,-0.0011,6e-05,0.00098,0,1e-05,1e-05
35.14,-0.00112,-0.0027,0.00197,-0.00099,1e-05,0,-0.00122,5e-05,-0.00018,8e-05,0,0,-1e-05,0.00549,6e-05,-0.00016,0.0001,0.00084,0.00018,0,0.00148,0.0003,9e-05,0.00041,-1e-05,-1e-05,-0,-0.00044,-0.00161,5e-05,0.00099,0,1e-05,1e-05
35.16,0.0007,-0.00238,0.00211,-0.00067,-3e-05,0,-0.0012,-0.00012,-0.00015,0.0001,0,0,-1e-05,0.00548,0.00012,-1e-05,-0,0.00072,9e-05,0,0.00102,0.00045,0.00013,0.00031,-1e-05,-1e-05,-0,-0.00015,-0.00203,1e-05,0.001,1e-05,1e-05,1e-05
35.18,0.00218,-0.00203,0.00228,-0.0003,-5e-05,0,-0.00115,-0.00031,-0.00012,0.00012,0,0,-2e-05,0.00537,0.00019,0.00015,-4e-05,0.00047,2e-05,1e-05,0.00051,0.00063,0.00017,0.00017,-1e-05,-1e-05,-0,1e-05,-0.00232,-5e-05,0.00104,1e-05,1e-05,1e-05
35.2,0.00324,-0.00172,0.00235,9e-05,-7e-05,0,-0.00106,-0.0005,-9e-05,0.00014,0,0,-2e-05,0.00502,0.00022,0.0004,-3e-05,0.00013,-0,1e-05,-5e-05,0.00086,0.00019,1e-05,-1e-05,-1e-05,-0,1e-05,-0.00249,-0.00012,0.00107,1e-05,1e-05,1e-05
35.22,0.00381,-0.00149,0.00218,0.00049,-8e-05,0,-0.00098,-0.00064,-6e-05,0.00015,0,1e-05,-3e-05,0.0043,6e-05,0.00091,-6e-05,-9e-05,3e-05,3e-05,-0.00063,0.00113,0.00021,-0.00017,-1e-05,-1e-05,-0,-0.00015,-0.00254,-0.00018,0.00109,1e-05,1e-05,1e-05
35.24,0.0039,-0.00138,0.00193,0.00087,-0.0001,0,-0.00087,-0.00073,-4e-05,0.00016,0,1e-05,-3e-05,0.0033,-0.00015,0.00181,-0.0002,-2e-05,9e-05,4e-05,-0.00122,0.00141,0.00021,-0.00035,-2e-05,-1e-05,-0,-0.00042,-0.00249,-0.00022,0.00108,2e-05,1e-05,1e-05
35.26,0.0037,-0.00138,0.00168,0.00121,-0.0001,0,-0.00072,-0.00077,-2e-05,0.00017,0,1e-05,-3e-05,0.00236,-0.00028,0.00293,-0.00042,0.00015,0.00016,4e-05,-0.00179,0.00168,0.0002,-0.00053,-2e-05,-1e-05,-0,-0.00077,-0.00234,-0.00024,0.00106,2e-05,1e-05,1e-05
35.28,0.00346,-0.00147,0.00145,0.00151,-0.00011,0,-0.00052,-0.00077,-1e-05,0.00016,0,1e-05,-3e-05,0.00152,-0.00034,0.00457,-0.00075,0.00032,0.00022,5e-05,-0.00234,0.00194,0.00019,-0.00071,-2e-05,-1e-05,-0,-0.00115,-0.00212,-0.00023,0.00102,2e-05,1e-05,1e-05
35.3,0.0035,-0.0016,0.00121,0.00175,-0.00011,0,-0.00032,-0.00073,-1e-05,0.00015,0,1e-05,-2e-05,0.00083,-0.00036,0.00615,-0.00087,0.00037,0.00026,6e-05,-0.00281,0.00216,0.00018,-0.00088,-2e-05,-1e-05,-0,-0.0015,-0.00187,-0.0002,0.00097,2e-05,1e-05,1e-05
35.32,0.00413,-0.00174,0.00095,0.00193,-0.00011,0,-0.00014,-0.00066,-1e-05,0.00014,0,1e-05,-2e-05,0.00027,-0.0004,0.00592,-0.00044,0.00024,0.00025,0.0001,-0.00316,0.00234,0.00018,-0.00104,-2e-05,-1e-05,-0,-0.00177,-0.00165,-0.00018,0.0009,2e-05,1e-05,1e-05
35.34,0.00554,-0.00185,0.00073,0.00203,-0.00012,0,3e-05,-0.00057,-1e-05,0.00012,0,1e-05,-2e-05,-0.00028,-0.0004,0.0049,0.00021,0.0001,0.00021,0.00012,-0.00335,0.00246,0.0002,-0.00119,-2e-05,-1e-05,-0,-0.0019,-0.00144,-0.00015,0.00081,2e-05,1e-05,0
35.36,0.00767,-0.00191,0.00054,0.00207,-0.00013,0,0.00021,-0.00045,-1e-05,0.0001,0,1e-05,-2e-05,-0.00087,-0.00035,0.00399,0.0008,2e-05,0.00017,0.00013,-0.00341,0.00249,0.00024,-0.00134,-2e-05,-1e-05,-0,-0.00201,-0.00107,-0.0001,0.00047,1e-05,1e-05,0
35.38,0.01027,-0.00192,0.00037,0.00204,-0.00013,0,0.00041,-0.00032,-1e-05,8e-05,0,1e-05,-3e-05,-0.00152,-0.00025,0.00303,0.00134,-0,0.00012,0.00012,-0.00332,0.00244,0.00031,-0.00147,-2e-05,-1e-05,-0,-0.00232,-0.00046,-2e-05,-0.00011,-0,0,-0
35.4,0.01285,-0.0019,0.00023,0.00195,-0.00014,0,0.00057,-0.00018,-1e-05,7e-05,0,0,-3e-05,-0.0022,-0.00013,0.00205,0.00184,1e-05,8e-05,0.0001,-0.00314,0.00229,0.00041,-0.00158,-3e-05,-0,-0,-0.00281,0.00015,3e-05,-0.00044,-1e-05,-0,-1e-05
35.42,0.01486,-0.00185,0.0001,0.00182,-0.00013,0,0.00065,-4e-05,-1e-05,6e-05,0,0,-3e-05,-0.00287,1e-05,0.00114,0.00233,4e-05,5e-05,6e-05,-0.00291,0.00204,0.00053,-0.00164,-3e-05,-0,0,-0.00357,0.00069,3e-05,-0.00014,-2e-05,-1e-05,-2e-05
35.44,0.01593,-0.00177,-2e-05,0.00166,-0.00011,0,0.00068,0.0001,-1e-05,5e-05,0,0,-3e-05,-0.00353,0.00015,0.00038,0.00276,6e-05,3e-05,3e-05,-0.00268,0.00171,0.00066,-0.00164,-3e-05,0,0,-0.00469,0.00094,-4e-05,0.00115,-3e-05,-1e-05,-3e-05
35.46,0.01592,-0.00163,-0.00014,0.00148,-9e-05,0,0.00069,0.00023,-1e-05,5e-05,0,0,-4e-05,-0.00422,0.0003,-0.00022,0.00309,7e-05,1e-05,1e-05,-0.00245,0.00132,0.00079,-0.00158,-3e-05,1e-05,0,-0.00626,0.00077,-0.00022,0.0038,-4e-05,-1e-05,-3e-05
35.48,0.01486,-0.00146,-0.00025,0.00129,-5e-05,0,0.00066,0.00035,-1e-05,4e-05,0,0,-4e-05,-0.00499,0.00043,-0.00066,0.00329,6e-05,0,-1e-05,-0.00229,0.00087,0.00091,-0.00144,-3e-05,1e-05,1e-05,-0.00826,0.00018,-0.00064,0.00797,-7e-05,-1e-05,-3e-05
35.5,0.01299,-0.00123,-0.00034,0.0011,-1e-05,0,0.0006,0.00045,-0,4e-05,-0,0,-5e-05,-0.00576,0.00053,-0.00096,0.00346,4e-05,0,-1e-05,-0.00219,0.00037,0.00103,-0.00127,-4e-05,2e-05,1e-05,-0.01042,-0.00056,-0.00137,0.0134,-0.00011,-1e-05,-2e-05
35.52,0.01058,-0.00096,-0.00041,0.00092,3e-05,0,0.00052,0.00052,-0,5e-05,-0,0,-5e-05,-0.00634,0.00059,-0.00105,0.00368,1e-05,0,-2e-05,-0.0021,-0.00017,0.00113,-0.00108,-4e-05,2e-05,1e-05,-0.01226,-0.00102,-0.00223,0.01928,-0.00015,-1e-05,-1e-05
35.54,0.00787,-0.00067,-0.00045,0.00077,7e-05,0,0.00042,0.00057,-0,7e-05,-0,0,-4e-05,-0.00679,0.00057,-0.001,0.00377,-0,0,-1e-05,-0.00209,-0.00071,0.0012,-0.00088,-5e-05,2e-05,1e-05,-0.01344,-0.00112,-0.0031,0.02471,-0.00019,-0,-0
35.56,0.00505,-0.00037,-0.00044,0.00064,0.00011,0,0.00032,0.0006,-0,8e-05,-0,0,-4e-05,-0.0072,0.00048,-0.00089,0.00367,-1e-05,0,-1e-05,-0.00219,-0.00122,0.00123,-0.00068,-6e-05,3e-05,1e-05,-0.0138,-0.00089,-0.00394,0.02896,-0.0002,-0,1e-05
35.58,0.00231,-0.00011,-0.0004,0.00054,0.00014,0,0.00021,0.00061,-0,9e-05,-0,0,-3e-05,-0.00753,0.00035,-0.00072,0.00343,-0,0,-0,-0.00239,-0.00168,0.00122,-0.0005,-6e-05,3e-05,1e-05,-0.0132,-0.00027,-0.00458,0.03139,-0.00019,0,1e-05
35.6,-0.00022,0.00011,-0.00034,0.00046,0.00015,0,0.00012,0.00061,-0,0.0001,-0,-0,-2e-05,-0.00765,0.0002,-0.00056,0.00309,-0,1e-05,-0,-0.0026,-0.00203,0.00115,-0.00037,-7e-05,2e-05,1e-05,-0.01125,0.00072,-0.00489,0.03144,-0.00015,0,1e-05
35.62,-0.00249,0.00025,-0.00029,0.0004,0.00016,0,7e-05,0.00061,0,9e-05,-0,-0,-2e-05,-0.00751,7e-05,-0.00046,0.00271,-0,1e-05,0,-0.00275,-0.00222,0.00103,-0.0003,-6e-05,2e-05,1e-05,-0.00794,0.00189,-0.00484,0.02881,-0.0001,0,0
35.64,-0.00451,0.00031,-0.00024,0.00035,0.00016,0,5e-05,0.00062,1e-05,8e-05,-0,-0,-1e-05,-0.00717,-1e-05,-0.00039,0.00231,-0,1e-05,-0,-0.00279,-0.00224,0.00083,-0.00028,-5e-05,1e-05,1e-05,-0.00407,0.0031,-0.00457,0.02385,-4e-05,0,0
35.66,-0.0063,0.00031,-0.0002,0.00032,0.00015,0,2e-05,0.00064,1e-05,7e-05,-0,-0,-0,-0.00669,-3e-05,-0.00031,0.00188,-0,2e-05,-0,-0.00268,-0.00209,0.00055,-0.00027,-4e-05,1e-05,1e-05,-0.00011,0.0044,-0.00419,0.0171,1e-05,0,-0
35.68,-0.00791,0.00029,-0.00019,0.0003,0.00014,0,1e-05,0.00067,2e-05,5e-05,-0,-0,0,-0.00605,0,-0.00024,0.0014,-0,2e-05,-0,-0.00232,-0.00181,0.00022,-0.00026,-3e-05,0,0,0.00372,0.00578,-0.00375,0.00906,6e-05,0,-1e-05
35.7,-0.00947,0.00027,-0.00018,0.00029,0.00013,0,1e-05,0.0007,4e-05,4e-05,-0,-0,1e-05,-0.0053,5e-05,-0.00018,0.00088,-0,3e-05,-0,-0.00165,-0.00143,-0.00015,-0.00024,-1e-05,-0,-0,0.00711,0.00693,-0.00323,0.00051,9e-05,0,-1e-05
35.72,-0.01114,0.00028,-0.0002,0.00029,0.00012,0,1e-05,0.00072,5e-05,2e-05,-0,0,2e-05,-0.00451,0.00011,-0.00013,0.0003,-0,4e-05,-0,-0.0006,-0.001,-0.0005,-0.00014,1e-05,-1e-05,-0,0.00968,0.00744,-0.00261,-0.00785,0.00011,0,-1e-05
35.74,-0.01293,0.0003,-0.00023,0.00029,0.00012,0,1e-05,0.00074,7e-05,0,-0,0,2e-05,-0.0037,0.00016,-6e-05,-0.00031,0,5e-05,-0,0.00081,-0.00056,-0.0008,-4e-05,3e-05,-1e-05,-1e-05,0.01126,0.00742,-0.00199,-0.01545,0.00013,0,-1e-05
35.76,-0.01478,0.00034,-0.00028,0.0003,0.00012,0,0,0.00075,0.0001,-1e-05,-0,0,2e-05,-0.00289,0.0002,2e-05,-0.00094,0,6e-05,-1e-05,0.00252,-0.00014,-0.00103,1e-05,4e-05,-1e-05,-1e-05,0.01195,0.00715,-0.00139,-0.02175,0.00014,0,-0
35.78,-0.01667,0.00035,-0.00034,0.00031,0.00013,0,-2e-05,0.00075,0.00013,-2e-05,-0,0,2e-05,-0.0021,0.00024,0.0001,-0.00159,1e-05,7e-05,-1e-05,0.00437,0.00022,-0.00117,1e-05,6e-05,-1e-05,-1e-05,0.01186,0.00664,-0.00084,-0.02641,0.00014,0,-0
35.8,-0.01859,0.00034,-0.00042,0.00031,0.00014,0,-6e-05,0.00073,0.00016,-3e-05,-0,0,2e-05,-0.00142,0.00027,0.00016,-0.00223,1e-05,9e-05,-1e-05,0.0062,0.00048,-0.00123,-4e-05,7e-05,-1e-05,-1e-05,0.01106,0.00583,-0.00035,-0.02919,0.00015,0,-0
35.82,-0.02046,0.0003,-0.00052,0.00029,0.00016,0,-0.00012,0.00068,0.0002,-3e-05,-0,0,2e-05,-0.00087,0.00026,0.00021,-0.00283,1e-05,0.0001,-1e-05,0.00797,0.00062,-0.00123,-6e-05,7e-05,-1e-05,-1e-05,0.00969,0.00475,3e-05,-0.02994,0.00014,0,-0
35.84,-0.02212,0.00019,-0.00063,0.00026,0.00018,0,-0.00019,0.00061,0.00024,-3e-05,-0,0,2e-05,-0.00042,0.00026,0.00023,-0.00338,2e-05,0.00012,-0,0.00948,0.00061,-0.00116,1e-05,7e-05,-1e-05,-1e-05,0.00813,0.00364,0.00029,-0.02872,0.00014,0,-0
35.86,-0.02342,2e-05,-0.00073,0.00021,0.0002,0,-0.00028,0.00054,0.00028,-4e-05,-0,0,2e-05,-6e-05,0.00026,0.00022,-0.00389,2e-05,0.00013,-0,0.01048,0.00049,-0.00105,0.00016,7e-05,-1e-05,-0,0.00671,0.00268,0.00042,-0.02576,0.00012,0,-1e-05
35.88,-0.0243,-0.00019,-0.00083,0.00013,0.00021,0,-0.00038,0.00046,0.00032,-4e-05,-0,-0,2e-05,0.00022,0.00028,0.00018,-0.00433,2e-05,0.00014,0,0.01102,0.00025,-0.00089,0.00039,7e-05,-1e-05,-0,0.00555,0.00189,0.00044,-0.02148,0.0001,0,-0
35.9,-0.02475,-0.00039,-0.00091,4e-05,0.00023,0,-0.00049,0.00038,0.00036,-4e-05,-0,-0,2e-05,0.0004,0.00031,0.00011,-0.00468,2e-05,0.00014,1e-05,0.01116,-7e-05,-0.00071,0.00067,6e-05,-0,-0,0.00487,0.00126,0.00038,-0.01658,8e-05,-0,-0
35.92,-0.02478,-0.00057,-0.00098,-6e-05,0.00025,0,-0.0006,0.00029,0.00039,-4e-05,-0,-0,1e-05,0.00053,0.00037,2e-05,-0.00487,2e-05,0.00013,1e-05,0.01096,-0.00047,-0.00052,0.00101,5e-05,-0,-0,0.0047,0.00079,0.00027,-0.0117,6e-05,-0,-0
35.94,-0.02441,-0.0007,-0.00102,-0.00018,0.00027,0,-0.0007,0.00021,0.00042,-4e-05,-0,-0,1e-05,0.00061,0.00043,-7e-05,-0.00489,1e-05,0.00012,2e-05,0.01057,-0.00094,-0.00029,0.00135,5e-05,0,-0,0.00476,0.00052,0.00015,-0.00722,4e-05,-0,-0
35.96,-0.0237,-0.00077,-0.00105,-0.00029,0.0003,0,-0.00081,0.00014,0.00045,-3e-05,-0,-0,1e-05,0.00064,0.00048,-0.00015,-0.00475,1e-05,0.00011,2e-05,0.01009,-0.00145,-5e-05,0.00162,4e-05,0,0,0.0049,0.00045,7e-05,-0.00343,2e-05,-0,-0
35.98,-0.02273,-0.00077,-0.00106,-0.00039,0.00033,0,-0.00093,8e-05,0.00047,-3e-05,-0,-0,0,0.00062,0.00052,-0.00021,-0.00444,1e-05,0.0001,3e-05,0.00959,-0.00197,0.0002,0.00182,3e-05,1e-05,0,0.00508,0.00052,2e-05,-0.00051,0,0,-0
36,-0.02158,-0.00071,-0.00106,-0.0005,0.00036,0,-0.00105,3e-05,0.00049,-2e-05,-0,-0,0,0.00058,0.00052,-0.00024,-0.00404,1e-05,9e-05,3e-05,0.00912,-0.00241,0.00042,0.00195,3e-05,1e-05,0,0.00522,0.00067,-1e-05,0.00153,-1e-05,0,0
36.02,-0.02038,-0.00061,-0.00107,-0.0006,0.00038,0,-0.00114,-1e-05,0.00049,-2e-05,-0,-0,0,0.00053,0.00046,-0.00023,-0.00363,0,8e-05,3e-05,0.00874,-0.00269,0.00058,0.00204,2e-05,1e-05,0,0.00527,0.00081,-2e-05,0.00211,-1e-05,0,0
36.04,-0.01922,-0.0005,-0.00109,-0.0007,0.0004,0,-0.00122,-4e-05,0.00049,-1e-05,-0,-0,0,0.00047,0.00038,-0.00019,-0.00322,0,7e-05,2e-05,0.00838,-0.00276,0.00064,0.00208,2e-05,1e-05,0,0.00522,0.00092,-3e-05,0.00196,-1e-05,0,0
36.06,-0.01812,-0.00038,-0.0011,-0.0008,0.00042,0,-0.00129,-5e-05,0.00049,-1e-05,-0,-0,0,0.00041,0.00031,-0.00012,-0.00277,0,6e-05,2e-05,0.00799,-0.00264,0.0006,0.00207,1e-05,1e-05,0,0.00509,0.00099,-2e-05,0.00182,-1e-05,0,0
36.08,-0.01712,-0.00026,-0.00111,-0.00091,0.00044,0,-0.00135,-6e-05,0.00048,-1e-05,-0,-0,-0,0.00035,0.00024,-3e-05,-0.00231,0,5e-05,1e-05,0.00763,-0.00235,0.00046,0.00202,1e-05,1e-05,0,0.00491,0.00103,0,0.00167,-1e-05,0,0
36.1,-0.0162,-0.00014,-0.00111,-0.00101,0.00045,0,-0.00139,-7e-05,0.00047,-1e-05,-0,-0,-0,0.00029,0.00017,7e-05,-0.00189,0,4e-05,1e-05,0.0072,-0.00197,0.00027,0.00192,1e-05,1e-05,0,0.00469,0.00102,4e-05,0.0015,-2e-05,0,0
36.12,-0.01535,-1e-05,-0.0011,-0.00111,0.00047,0,-0.00138,-8e-05,0.00045,-1e-05,-0,-0,-0,0.00023,0.00012,0.00017,-0.00156,0,3e-05,0,0.00668,-0.0016,6e-05,0.00177,2e-05,0,0,0.00446,0.00095,0.0001,0.00133,-2e-05,0,0
36.14,-0.01452,0.00014,-0.00108,-0.0012,0.00046,0,-0.00135,-9e-05,0.00043,-1e-05,-0,-0,-0,0.00018,8e-05,0.00026,-0.00127,0,2e-05,-0,0.00613,-0.00123,-0.00013,0.00158,2e-05,0,0,0.0042,0.00087,0.00017,0.00115,-2e-05,0,0
36.16,-0.01371,0.00031,-0.00102,-0.00129,0.00043,0,-0.00129,-0.00012,0.00041,-2e-05,-0,-0,-0,0.00012,5e-05,0.00033,-0.00101,0,2e-05,-0,0.0056,-0.00089,-0.00028,0.0014,2e-05,0,0,0.00389,0.0008,0.00022,0.00097,-2e-05,0,0
36.18,-0.01289,0.0005,-0.00095,-0.00136,0.00038,0,-0.00121,-0.00017,0.00039,-2e-05,-0,-0,-0,7e-05,4e-05,0.00036,-0.00077,0,1e-05,-0,0.00505,-0.00058,-0.0004,0.00122,2e-05,0,-0,0.00357,0.00074,0.00026,0.00079,-2e-05,0,0
36.2,-0.01207,0.00069,-0.00084,-0.00141,0.00033,0,-0.0011,-0.00023,0.00037,-2e-05,-0,-0,-1e-05,3e-05,4e-05,0.00033,-0.00058,0,-0,-1e-05,0.00443,-0.00034,-0.00048,0.00104,2e-05,-0,-0,0.00318,0.00069,0.00029,0.00061,-2e-05,0,0
36.22,-0.01126,0.00089,-0.0007,-0.00141,0.00028,0,-0.00098,-0.00031,0.00035,-3e-05,-0,-0,-1e-05,-0,4e-05,0.00026,-0.00043,0,-1e-05,-1e-05,0.00374,-0.00016,-0.00053,0.00088,2e-05,-0,-0,0.00273,0.00064,0.00029,0.00043,-1e-05,0,0
36.24,-0.01045,0.00107,-0.00053,-0.00137,0.00022,0,-0.00084,-0.00041,0.00034,-3e-05,-0,0,-1e-05,-2e-05,5e-05,0.00011,-0.00031,0,-2e-05,-1e-05,0.00301,-2e-05,-0.00054,0.00073,2e-05,-0,-0,0.00226,0.00058,0.00027,0.00026,-1e-05,0,0
36.26,-0.00963,0.00123,-0.00034,-0.00127,0.00017,0,-0.0007,-0.00053,0.00034,-2e-05,-0,0,-1e-05,-3e-05,5e-05,-9e-05,-0.00021,-0,-3e-05,-1e-05,0.00228,7e-05,-0.00052,0.0006,2e-05,-0,-0,0.00178,0.0005,0.00025,0.0001,-1e-05,0,0
36.28,-0.00874,0.00138,-0.00014,-0.00112,0.00011,0,-0.00056,-0.00066,0.00035,-1e-05,0,1e-05,-2e-05,-3e-05,5e-05,-0.00036,-0.00012,-0,-3e-05,-1e-05,0.00156,0.00012,-0.00047,0.00048,2e-05,-0,-0,0.00131,0.00041,0.00023,-6e-05,-1e-05,-0,-0
36.3,-0.0077,0.00152,7e-05,-0.00093,5e-05,0,-0.00041,-0.00079,0.00037,-0,0,1e-05,-2e-05,-3e-05,4e-05,-0.00066,-5e-05,-0,-4e-05,-1e-05,0.00087,0.00015,-0.00042,0.00038,1e-05,-0,-0,0.00085,0.00032,0.0002,-0.00019,-1e-05,-0,-0
36.32,-0.00645,0.00167,0.00026,-0.0007,0,0,-0.00021,-0.00092,0.0004,1e-05,0,2e-05,-3e-05,-2e-05,3e-05,-0.00089,-1e-05,-0,-4e-05,-1e-05,0.00025,0.00017,-0.00037,0.0003,1e-05,0,-0,0.00043,0.00022,0.00017,-0.00031,-0,-0,-0
36.34,-0.00496,0.00185,0.00044,-0.00045,-5e-05,0,1e-05,-0.00103,0.00044,2e-05,0,2e-05,-3e-05,-1e-05,1e-05,-0.00105,1e-05,0,-4e-05,-1e-05,-0.00028,0.00018,-0.00033,0.00022,1e-05,0,0,6e-05,0.00014,0.00015,-0.00041,-0,-0,-0
36.36,-0.00327,0.00203,0.00058,-0.00019,-0.0001,0,0.00023,-0.00111,0.00049,3e-05,0,2e-05,-3e-05,-1e-05,0,-0.00114,2e-05,0,-4e-05,-1e-05,-0.0007,0.0002,-0.0003,0.00016,0,0,0,-0.00024,8e-05,0.00012,-0.0005,-0,-0,-0
36.38,-0.00144,0.00224,0.00068,7e-05,-0.00015,0,0.00043,-0.00116,0.00055,4e-05,1e-05,3e-05,-3e-05,-0,0,-0.00119,2e-05,0,-4e-05,-0,-0.00101,0.00023,-0.00027,0.00012,0,0,0,-0.00047,4e-05,9e-05,-0.00056,0,-0,-0
36.4,0.00036,0.00246,0.00074,0.0003,-0.00019,0,0.00067,-0.00117,0.0006,3e-05,1e-05,3e-05,-3e-05,-0,1e-05,-0.00116,2e-05,0,-4e-05,-0,-0.00122,0.00026,-0.00025,9e-05,-0,0,0,-0.00064,2e-05,6e-05,-0.00061,0,-0,-0
36.42,0.00198,0.00268,0.00076,0.00049,-0.00023,0,0.001,-0.00113,0.00063,0,1e-05,3e-05,-3e-05,-0,5e-05,-0.00106,2e-05,1e-05,-4e-05,-0,-0.00131,0.00029,-0.00023,7e-05,-0,0,0,-0.00073,2e-05,4e-05,-0.00063,0,-0,-0
36.44,0.0033,0.00292,0.00074,0.00064,-0.00025,0,0.0014,-0.00105,0.00064,-4e-05,1e-05,2e-05,-2e-05,-0,0.00012,-0.00092,2e-05,1e-05,-3e-05,0,-0.00131,0.00033,-0.00021,7e-05,-0,0,0,-0.00076,4e-05,1e-05,-0.00063,0,-0,-0
36.46,0.00425,0.00315,0.0007,0.00073,-0.00027,0,0.00177,-0.00094,0.00062,-0.0001,1e-05,2e-05,-2e-05,0,0.00018,-0.00078,3e-05,1e-05,-2e-05,0,-0.00121,0.00035,-0.0002,9e-05,-1e-05,0,0,-0.00072,6e-05,-1e-05,-0.0006,0,-0,-0
36.48,0.00483,0.00338,0.00063,0.00077,-0.00028,0,0.00212,-0.0008,0.00057,-0.00017,1e-05,1e-05,-1e-05,0,0.00024,-0.00065,5e-05,1e-05,-2e-05,1e-05,-0.00105,0.00036,-0.00018,0.00012,-1e-05,0,0,-0.00061,8e-05,-2e-05,-0.00055,0,-0,-0
36.5,0.00509,0.0036,0.00056,0.00077,-0.00028,0,0.0025,-0.00065,0.00047,-0.00026,1e-05,1e-05,-1e-05,1e-05,0.00029,-0.00055,7e-05,1e-05,-1e-05,1e-05,-0.00083,0.00035,-0.00015,0.00016,-1e-05,0,0,-0.00045,0.00011,-3e-05,-0.00048,0,-0,-0
36.52,0.00512,0.00379,0.0005,0.00073,-0.00028,0,0.00297,-0.00052,0.00034,-0.00036,1e-05,-0,-0,2e-05,0.00039,-0.00051,0.00011,1e-05,-1e-05,1e-05,-0.00056,0.00034,-0.00013,0.00021,-1e-05,0,0,-0.00025,0.00012,-3e-05,-0.00039,0,-0,-0
36.54,0.00499,0.00395,0.00045,0.00065,-0.00028,0,0.00338,-0.00041,0.00018,-0.00045,1e-05,-0,-0,3e-05,0.00048,-0.0005,0.00017,0,-1e-05,1e-05,-0.00026,0.00031,-0.00011,0.00027,-1e-05,0,0,1e-05,0.00013,-2e-05,-0.00029,0,-0,-0
36.56,0.00475,0.00409,0.00042,0.00056,-0.00026,0,0.00356,-0.0003,-5e-05,-0.00052,0,0,-0,3e-05,0.00052,-0.00052,0.00024,0,-0,1e-05,7e-05,0.00026,-9e-05,0.00033,-1e-05,0,0,0.00031,0.00012,-1e-05,-0.00019,0,-0,-0
36.58,0.00449,0.00419,0.0004,0.00044,-0.00025,0,0.00349,-0.00019,-0.00038,-0.00058,-0,1e-05,0,-1e-05,0.00051,-0.00058,0.00032,0,0,1e-05,0.00042,0.0002,-6e-05,0.00038,-1e-05,0,0,0.00064,8e-05,3e-05,-7e-05,0,-0,-0
36.6,0.00429,0.00425,0.00039,0.00031,-0.00022,0,0.00299,-8e-05,-0.00082,-0.00054,-0,1e-05,0,-0.0001,0.00044,-0.00067,0.00043,0,1e-05,1e-05,0.00078,0.00013,-3e-05,0.00043,-1e-05,0,0,0.00101,2e-05,7e-05,3e-05,0,-0,-0
36.62,0.00418,0.00422,0.0004,0.00017,-0.0002,0,0.00194,7e-05,-0.00131,-0.00023,1e-05,1e-05,1e-05,-0.00023,0.00033,-0.00079,0.0006,0,1e-05,2e-05,0.00113,5e-05,1e-05,0.00047,-1e-05,0,0,0.0014,-6e-05,0.00012,0.00013,-0,-0,-0
36.64,0.0042,0.00414,0.00042,3e-05,-0.00017,0,0.00067,0.00024,-0.00179,0.00028,2e-05,-1e-05,1e-05,-0.00041,0.00018,-0.00094,0.00081,0,1e-05,3e-05,0.00147,-3e-05,4e-05,0.0005,-2e-05,1e-05,0,0.00179,-0.00018,0.00018,0.00022,-0,-0,-0
36.66,0.0043,0.00405,0.00044,-0.00011,-0.00014,0,-0.00048,0.00041,-0.00221,0.00083,3e-05,-2e-05,2e-05,-0.00061,3e-05,-0.0011,0.00104,1e-05,1e-05,3e-05,0.00176,-0.00012,8e-05,0.00051,-2e-05,1e-05,0,0.00217,-0.00032,0.00024,0.00029,-0,-0,-0
36.68,0.00438,0.00393,0.00047,-0.00026,-0.00011,0,-0.00128,0.00057,-0.00259,0.00135,5e-05,-4e-05,1e-05,-0.00078,-7e-05,-0.00129,0.00125,1e-05,-0,4e-05,0.00199,-0.00021,0.00012,0.0005,-2e-05,1e-05,0,0.0025,-0.00047,0.0003,0.00034,-1e-05,0,0
36.7,0.00429,0.0038,0.00049,-0.00041,-8e-05,0,-0.00161,0.00067,-0.00245,0.00176,8e-05,-5e-05,1e-05,-0.00087,-0.00014,-0.00134,0.00144,1e-05,-1e-05,5e-05,0.00213,-0.00027,0.00014,0.00047,-2e-05,1e-05,0,0.00277,-0.00061,0.00035,0.00037,-1e-05,0,0
36.72,0.00387,0.00366,0.00049,-0.00057,-5e-05,0,-0.00139,0.00069,-0.00142,0.00196,0.00013,-2e-05,0,-0.00079,-0.00019,-0.00104,0.00158,1e-05,-1e-05,6e-05,0.00216,-0.0003,0.00016,0.00042,-2e-05,1e-05,0,0.00297,-0.0007,0.00038,0.00039,-1e-05,0,0
36.74,0.00297,0.00349,0.00048,-0.00072,-2e-05,0,-0.00079,0.00064,-0.00044,0.00187,0.00018,3e-05,-0,-0.00056,-0.00017,-0.00064,0.00163,1e-05,-1e-05,6e-05,0.00204,-0.00028,0.00015,0.00035,-2e-05,1e-05,0,0.00304,-0.00071,0.00039,0.00038,-0,0,0
36.76,0.00154,0.00329,0.00046,-0.00088,1e-05,0,-0.00013,0.00051,0.00013,0.00157,0.00021,8e-05,-1e-05,-0.00028,-0.0001,-0.00032,0.00156,1e-05,0,6e-05,0.00174,-0.00023,0.00013,0.00026,-2e-05,1e-05,0,0.00295,-0.00064,0.00036,0.00036,-0,0,-0
36.78,-0.00037,0.00304,0.00044,-0.00102,3e-05,0,0.00035,0.00032,0.00044,0.00116,0.00021,0.00011,-1e-05,-2e-05,-3e-05,-5e-05,0.00142,1e-05,1e-05,5e-05,0.00128,-0.00014,9e-05,0.00014,-2e-05,0,0,0.0027,-0.00048,0.00029,0.00032,0,-0,-0
36.8,-0.00259,0.00275,0.00042,-0.00114,6e-05,0,0.0004,0.00016,0.00041,0.00073,0.00018,0.00011,-0,0.00012,0,7e-05,0.00116,0,1e-05,4e-05,0.00068,-3e-05,3e-05,0,-1e-05,0,0,0.00232,-0.00026,0.00019,0.00028,1e-05,-0,-0
36.82,-0.00482,0.00245,0.00042,-0.00122,9e-05,0,0.00012,6e-05,0.00018,0.00034,0.00013,7e-05,-0,0.00012,-0,6e-05,0.00079,0,0,3e-05,-3e-05,0.0001,-2e-05,-0.00015,-1e-05,0,0,0.00183,-0,5e-05,0.00023,1e-05,-0,-0
36.84,-0.00679,0.00218,0.00043,-0.00124,0.00011,0,-0.00031,-1e-05,1e-05,4e-05,7e-05,4e-05,-0,5e-05,-4e-05,1e-05,0.00043,0,-0,2e-05,-0.00078,0.00023,-8e-05,-0.00031,-1e-05,0,0,0.00127,0.00025,-8e-05,0.00018,2e-05,-0,-0
36.86,-0.00835,0.00193,0.00044,-0.00121,0.00014,0,-0.00085,-5e-05,-3e-05,-0.00015,3e-05,1e-05,-0,-5e-05,-9e-05,-0,0.00013,-0,-1e-05,1e-05,-0.00157,0.00037,-0.00014,-0.00048,-1e-05,0,0,0.00066,0.00047,-0.00021,0.00013,2e-05,-1e-05,-0
36.88,-0.00944,0.00172,0.00046,-0.00112,0.00017,0,-0.00147,-9e-05,6e-05,-0.00028,1e-05,-0,0,-0.00018,-0.00015,-0,-0.00013,0,-1e-05,0,-0.00237,0.00051,-0.0002,-0.00066,-1e-05,-0,0,3e-05,0.00064,-0.00032,9e-05,3e-05,-1e-05,-0
36.9,-0.01008,0.00153,0.00048,-0.00099,0.0002,0,-0.0021,-0.00013,0.00022,-0.00035,-0,-1e-05,-0,-0.00033,-0.00021,1e-05,-0.00036,0,-1e-05,-1e-05,-0.00316,0.00065,-0.00025,-0.00084,-1e-05,-0,-0,-0.00064,0.00075,-0.00041,6e-05,3e-05,-1e-05,-0
36.92,-0.01035,0.00138,0.00049,-0.00083,0.00023,0,-0.00258,-0.00017,0.00042,-0.00038,-1e-05,-1e-05,-0,-0.00045,-0.00024,7e-05,-0.00054,0,-1e-05,-2e-05,-0.0039,0.0008,-0.00029,-0.00101,-1e-05,-0,-0,-0.00132,0.00077,-0.00047,2e-05,4e-05,-1e-05,-1e-05
36.94,-0.01036,0.00125,0.00049,-0.00065,0.00025,0,-0.00293,-0.0002,0.00061,-0.00037,-0,-0,-0,-0.00054,-0.00026,0.00015,-0.00067,0,-0,-2e-05,-0.00457,0.00095,-0.00033,-0.00117,-1e-05,-0,-0,-0.00201,0.00072,-0.00049,-1e-05,4e-05,-1e-05,-1e-05
36.96,-0.01017,0.00115,0.00048,-0.00044,0.00026,0,-0.00325,-0.00021,0.00072,-0.00033,0,0,-0,-0.00061,-0.00029,0.00022,-0.00078,0,0,-3e-05,-0.00521,0.00108,-0.00034,-0.00134,-2e-05,-0,-0,-0.00269,0.00059,-0.00048,-4e-05,4e-05,-1e-05,-1e-05
36.98,-0.00977,0.00107,0.00048,-0.00022,0.00027,0,-0.00353,-0.00019,0.00074,-0.00026,0,0,-1e-05,-0.00068,-0.00031,0.00029,-0.00085,0,0,-3e-05,-0.00579,0.00118,-0.00033,-0.0015,-2e-05,-0,-0,-0.00337,0.00042,-0.00045,-8e-05,4e-05,-1e-05,-1e-05
37,-0.00908,0.001,0.00048,1e-05,0.00027,0,-0.00382,-0.00016,0.00068,-0.00016,0,0,-1e-05,-0.00073,-0.00034,0.00033,-0.00087,0,0,-3e-05,-0.0063,0.00126,-0.0003,-0.00166,-2e-05,-0,0,-0.00402,0.00022,-0.00039,-0.00013,5e-05,-1e-05,-1e-05
37.02,-0.00801,0.00094,0.00047,0.00024,0.00026,0,-0.00413,-0.00013,0.00055,-3e-05,0,-0,-0,-0.00079,-0.00035,0.00033,-0.0008,0,0,-2e-05,-0.00673,0.00132,-0.00025,-0.00181,-3e-05,-0,0,-0.00461,0,-0.00031,-0.00019,4e-05,-1e-05,-1e-05
37.04,-0.00649,0.00087,0.00046,0.00048,0.00024,0,-0.0044,-0.0001,0.0004,0.00011,-0,-1e-05,1e-05,-0.00084,-0.00036,0.00031,-0.00067,0,-0,-0,-0.00709,0.00134,-0.00018,-0.00196,-3e-05,0,0,-0.00513,-0.0002,-0.00022,-0.00026,4e-05,-1e-05,-1e-05
37.06,-0.00448,0.00078,0.00046,0.00073,0.00022,0,-0.00461,-8e-05,0.00026,0.00024,-1e-05,-1e-05,2e-05,-0.0009,-0.00037,0.00027,-0.00053,0,-0,1e-05,-0.00739,0.00134,-0.0001,-0.00209,-3e-05,0,0,-0.00558,-0.00036,-0.00014,-0.00034,4e-05,-0,-1e-05
37.08,-0.00204,0.00066,0.00045,0.00097,0.0002,0,-0.00474,-5e-05,0.00016,0.00036,-1e-05,-1e-05,3e-05,-0.00096,-0.00037,0.00022,-0.00038,-0,-0,3e-05,-0.00763,0.0013,-3e-05,-0.00221,-3e-05,0,0,-0.00597,-0.00048,-6e-05,-0.00044,4e-05,-0,-1e-05
37.1,0.00072,0.0005,0.00043,0.0012,0.00017,0,-0.0048,-3e-05,8e-05,0.00047,-1e-05,-1e-05,3e-05,-0.00102,-0.00035,0.00018,-0.00023,-0,-0,4e-05,-0.0078,0.00122,4e-05,-0.0023,-3e-05,0,0,-0.00628,-0.00053,1e-05,-0.00055,4e-05,-0,-1e-05
37.12,0.00364,0.00032,0.00039,0.00142,0.00015,0,-0.00481,-1e-05,2e-05,0.00057,-1e-05,-1e-05,4e-05,-0.00107,-0.0003,0.00012,-7e-05,-0,-0,5e-05,-0.00786,0.00109,9e-05,-0.00231,-3e-05,0,0,-0.00651,-0.00049,6e-05,-0.00067,3e-05,-0,-0
37.14,0.00656,0.00012,0.00034,0.00161,0.00014,0,-0.00474,1e-05,-0,0.00067,-1e-05,-1e-05,4e-05,-0.00109,-0.00021,8e-05,8e-05,-0,0,6e-05,-0.00781,0.00093,0.00012,-0.00224,-2e-05,0,0,-0.00668,-0.00035,9e-05,-0.00079,3e-05,-0,-0
37.16,0.00936,-9e-05,0.00028,0.00177,0.00012,0,-0.00459,3e-05,-1e-05,0.00074,-1e-05,-1e-05,4e-05,-0.00107,-0.0001,6e-05,0.00019,-0,0,6e-05,-0.00767,0.00071,0.00013,-0.00205,-2e-05,0,0,-0.0068,-0.00014,8e-05,-0.0009,3e-05,-0,-0
37.18,0.01194,-0.00029,0.0002,0.00189,0.00011,0,-0.00438,4e-05,-1e-05,0.00079,-1e-05,-0,4e-05,-0.001,6e-05,5e-05,0.00029,0,-0,6e-05,-0.00743,0.00043,0.00013,-0.00171,-1e-05,0,0,-0.00689,0.00013,5e-05,-0.00102,2e-05,-0,-0
37.2,0.01418,-0.00046,0.00012,0.00198,0.0001,0,-0.00413,5e-05,0,0.00083,-0,-1e-05,5e-05,-0.00091,0.00021,5e-05,0.00036,0,-0,6e-05,-0.00706,9e-05,0.00011,-0.00127,0,-0,-0,-0.00695,0.00043,-0,-0.00114,2e-05,-0,-0
37.22,0.01599,-0.00058,6e-05,0.00202,0.0001,-0,-0.00384,5e-05,2e-05,0.00086,-0,-1e-05,4e-05,-0.0008,0.00032,4e-05,0.00038,0,-0,5e-05,-0.00657,-0.00031,8e-05,-0.00073,1e-05,-0,-0,-0.00607,0.00073,-5e-05,-0.00053,0,-0,0
37.24,0.01732,-0.00066,1e-05,0.00202,0.0001,-0,-0.00353,4e-05,3e-05,0.00087,-0,-1e-05,4e-05,-0.00068,0.00041,4e-05,0.00039,0,-0,5e-05,-0.006,-0.00078,3e-05,-0.00011,2e-05,-1e-05,-0,-0.00455,0.00087,-3e-05,0.00065,-1e-05,-0,0
37.26,0.0182,-0.0007,-3e-05,0.00199,9e-05,-0,-0.00318,2e-05,4e-05,0.00086,-0,-1e-05,5e-05,-0.00054,0.00047,5e-05,0.00039,0,-0,4e-05,-0.00542,-0.00135,-4e-05,0.00057,3e-05,-1e-05,-1e-05,-0.00244,0.00076,0.00017,0.00238,-2e-05,0,0
37.28,0.01871,-0.00069,-5e-05,0.00192,8e-05,-0,-0.00281,-1e-05,5e-05,0.00083,-0,-1e-05,5e-05,-0.00038,0.00049,5e-05,0.00038,0,-0,4e-05,-0.00482,-0.00206,-0.00013,0.00122,5e-05,-1e-05,-1e-05,0.0003,0.00025,0.00066,0.00468,-2e-05,-0,0
37.3,0.01894,-0.00065,-4e-05,0.00183,7e-05,-0,-0.00244,-4e-05,5e-05,0.00078,-0,-1e-05,5e-05,-0.00024,0.00046,6e-05,0.00037,0,-0,4e-05,-0.00428,-0.00286,-0.00025,0.00182,6e-05,-1e-05,-2e-05,0.00364,-0.00067,0.00147,0.0074,-0,0,0
37.32,0.01901,-0.00058,-2e-05,0.00172,6e-05,-0,-0.0021,-6e-05,6e-05,0.00071,-0,-1e-05,5e-05,-0.00011,0.00038,7e-05,0.00035,0,-0,3e-05,-0.00381,-0.00369,-0.00037,0.00244,7e-05,-1e-05,-2e-05,0.00745,-0.00182,0.0025,0.01014,2e-05,0,1e-05
37.34,0.01898,-0.00047,-1e-05,0.00162,5e-05,-0,-0.00179,-8e-05,5e-05,0.00064,-0,-1e-05,5e-05,-0,0.00027,8e-05,0.00032,0,-0,3e-05,-0.00333,-0.00458,-0.00051,0.00298,8e-05,-1e-05,-2e-05,0.0115,-0.0031,0.00355,0.01238,6e-05,1e-05,2e-05
37.36,0.01888,-0.00033,0,0.00153,3e-05,-0,-0.00148,-8e-05,5e-05,0.00058,-0,-1e-05,6e-05,0.0001,0.00018,9e-05,0.0003,0,0,3e-05,-0.00278,-0.00562,-0.00068,0.00329,9e-05,-1e-05,-3e-05,0.0153,-0.00442,0.00438,0.01348,9e-05,1e-05,5e-05
37.38,0.01869,-0.00017,-1e-05,0.00144,2e-05,-0,-0.00118,-7e-05,4e-05,0.00052,-0,-1e-05,6e-05,0.0002,9e-05,0.0001,0.00028,0,0,3e-05,-0.00218,-0.0068,-0.00088,0.00335,9e-05,-1e-05,-3e-05,0.01831,-0.00551,0.0047,0.01279,0.00013,3e-05,9e-05
37.4,0.01836,2e-05,-4e-05,0.00138,0,-0,-0.00091,-5e-05,3e-05,0.00046,-0,-0,6e-05,0.00027,1e-05,0.00011,0.00026,0,0,3e-05,-0.00139,-0.00793,-0.00106,0.00315,9e-05,-2e-05,-2e-05,0.0202,-0.00597,0.0043,0.00993,0.00016,4e-05,0.00014
37.42,0.0178,0.00021,-8e-05,0.00133,-1e-05,-0,-0.00069,-3e-05,2e-05,0.00041,-0,-0,6e-05,0.00032,-4e-05,0.00011,0.00023,0,1e-05,2e-05,-0.00027,-0.00872,-0.00117,0.00274,9e-05,-2e-05,-2e-05,0.02072,-0.00549,0.00319,0.00497,0.00021,5e-05,0.00019
37.44,0.01695,0.00036,-0.00013,0.00128,-2e-05,-0,-0.00049,0,1e-05,0.00036,-0,-0,6e-05,0.00034,-8e-05,0.00011,0.00021,0,1e-05,2e-05,0.00044,-0.00845,-0.00103,0.00132,6e-05,-1e-05,-0,0.01973,-0.00427,0.00164,-0.00168,0.00027,7e-05,0.00024
37.46,0.01579,0.00045,-0.00015,0.00125,-2e-05,-0,-0.00032,2e-05,-0,0.00032,-0,0,6e-05,0.00034,-9e-05,0.00011,0.00019,0,1e-05,2e-05,-0.00041,-0.00711,-0.00066,-0.00049,1e-05,-0,1e-05,0.01737,-0.00259,-3e-05,-0.00917,0.00034,7e-05,0.00027
37.48,0.01433,0.00046,-0.00016,0.00121,-2e-05,-0,-0.00018,4e-05,-1e-05,0.00029,-0,0,5e-05,0.00033,-8e-05,0.00011,0.00018,0,1e-05,2e-05,-0.00328,-0.00575,-0.00035,-5e-05,-3e-05,0,2e-05,0.01406,-0.0006,-0.00155,-0.01615,0.00041,7e-05,0.00028
37.5,0.01267,0.00037,-0.00013,0.00115,-2e-05,-0,-8e-05,4e-05,-2e-05,0.00027,-0,0,5e-05,0.0003,-7e-05,0.0001,0.00017,0,2e-05,1e-05,-0.00856,-0.00474,-0.00015,0.00491,-5e-05,-0,0,0.0105,0.00145,-0.00269,-0.02156,0.00048,7e-05,0.00027
37.52,0.01092,0.00018,-9e-05,0.00107,-1e-05,-0,-1e-05,3e-05,-2e-05,0.00024,-0,0,4e-05,0.00025,-5e-05,9e-05,0.00016,0,2e-05,1e-05,-0.01524,-0.00357,-3e-05,0.01514,-8e-05,-1e-05,-3e-05,0.0073,0.00315,-0.00332,-0.02505,0.0005,5e-05,0.00023
37.54,0.00918,-5e-05,-3e-05,0.00096,-0,-0,3e-05,0,-1e-05,0.00022,-0,1e-05,4e-05,0.00019,-4e-05,8e-05,0.00015,0,2e-05,1e-05,-0.02282,-0.00237,2e-05,0.02948,-0.0001,-3e-05,-9e-05,0.0048,0.00431,-0.00343,-0.02562,0.00048,3e-05,0.00018
37.56,0.00757,-0.00023,4e-05,0.0008,0,-0,5e-05,-3e-05,-1e-05,0.00019,-0,1e-05,3e-05,0.00012,-2e-05,7e-05,0.00014,0,2e-05,1e-05,-0.0313,-0.00182,0,0.04644,-9e-05,-5e-05,-0.00016,0.0032,0.00503,-0.00312,-0.02292,0.00042,1e-05,0.00013
37.58,0.0062,-0.00028,0.0001,0.00062,-0,-0,6e-05,-7e-05,1e-05,0.00016,-0,1e-05,3e-05,4e-05,-2e-05,6e-05,0.00013,0,2e-05,0,-0.03936,-0.00181,-3e-05,0.0628,-6e-05,-7e-05,-0.00023,0.00241,0.00542,-0.00258,-0.01808,0.00034,-0,7e-05
37.6,0.00522,-0.00017,0.00014,0.00042,-1e-05,-0,6e-05,-0.00011,2e-05,0.00013,-0,1e-05,2e-05,-4e-05,-2e-05,5e-05,0.00012,0,2e-05,0,-0.04548,-0.00183,-8e-05,0.07589,1e-05,-9e-05,-0.00029,0.00217,0.00555,-0.00197,-0.01233,0.00024,-0,3e-05
37.62,0.00478,8e-05,0.00015,0.00024,-2e-05,-0,4e-05,-0.00015,4e-05,0.0001,-0,1e-05,1e-05,-0.00012,-2e-05,3e-05,0.0001,0,1e-05,0,-0.04842,-0.00134,-0.00012,0.08476,0.0001,-0.00011,-0.00033,0.00213,0.00552,-0.0014,-0.00685,0.00016,-0,1e-05
37.64,0.00494,0.00035,0.00014,9e-05,-3e-05,-0,2e-05,-0.00018,6e-05,6e-05,-0,1e-05,1e-05,-0.0002,-2e-05,3e-05,7e-05,0,1e-05,0,-0.04842,-0.0007,-0.00015,0.08873,0.00021,-0.00012,-0.00036,0.00198,0.00549,-0.00094,-0.00263,9e-05,0,-0
37.66,0.00568,0.00061,0.0001,-2e-05,-4e-05,0,0,-0.0002,7e-05,4e-05,-0,1e-05,0,-0.00029,-3e-05,2e-05,4e-05,0,1e-05,0,-0.04646,-0.00017,-0.00017,0.08822,0.00033,-0.00013,-0.00036,0.00153,0.00553,-0.0006,-0.00012,3e-05,0,-1e-05
37.68,0.00693,0.00078,5e-05,-7e-05,-6e-05,0,-1e-05,-0.00022,9e-05,2e-05,-0,1e-05,-0,-0.00038,-4e-05,1e-05,-0,0,1e-05,0,-0.0428,0.00035,-0.00015,0.08432,0.00045,-0.00013,-0.00035,0.00064,0.00557,-0.00032,0.00068,0,1e-05,-0
37.7,0.00854,0.00087,-1e-05,-8e-05,-7e-05,0,-2e-05,-0.00023,0.0001,1e-05,-0,1e-05,-1e-05,-0.00046,-5e-05,1e-05,-5e-05,0,0,0,-0.03797,0.00075,-3e-05,0.07812,0.00058,-0.00013,-0.00034,-0.00045,0.00566,-6e-05,0.00011,-2e-05,1e-05,1e-05
37.72,0.01033,0.00087,-7e-05,-5e-05,-8e-05,0,-3e-05,-0.00023,0.00011,-0,-0,1e-05,-1e-05,-0.00051,-5e-05,1e-05,-9e-05,0,0,-0,-0.0325,0.00064,0.00015,0.07054,0.00071,-0.00013,-0.00034,-0.00038,0.00588,0.00023,-0.00095,-2e-05,1e-05,1e-05
37.74,0.01212,0.00077,-0.00011,0,-9e-05,0,-3e-05,-0.00024,0.00011,-1e-05,-0,0,-2e-05,-0.00054,-5e-05,1e-05,-0.00013,0,0,-0,-0.02669,1e-05,0.0003,0.06238,0.00086,-0.00014,-0.00034,-0.00032,0.00595,0.00057,-0.00192,-2e-05,1e-05,2e-05
37.76,0.01378,0.00055,-0.00017,7e-05,-0.0001,0,-3e-05,-0.00024,0.00012,-2e-05,-0,0,-2e-05,-0.00054,-5e-05,1e-05,-0.00016,0,0,-1e-05,-0.02082,-0.00073,0.00038,0.05411,0.00102,-0.00015,-0.00034,-0.00071,0.00573,0.0009,-0.00274,-2e-05,1e-05,2e-05
37.78,0.01516,0.00023,-0.00022,0.00015,-0.00012,0,-3e-05,-0.00024,0.00012,-2e-05,-0,0,-2e-05,-0.00051,-4e-05,1e-05,-0.00019,0,0,-1e-05,-0.0151,-0.00145,0.00035,0.04601,0.00119,-0.00016,-0.00036,-0.00149,0.00538,0.00115,-0.00336,-3e-05,1e-05,2e-05
37.8,0.0162,-0.0002,-0.0003,0.00022,-0.00013,0,-2e-05,-0.00024,0.00013,-3e-05,-0,0,-2e-05,-0.00046,-3e-05,1e-05,-0.00021,0,-0,-1e-05,-0.00978,-0.00219,0.00015,0.0384,0.00137,-0.00017,-0.00038,-0.00262,0.00492,0.00125,-0.00375,-3e-05,1e-05,2e-05
37.82,0.01684,-0.00072,-0.00039,0.00027,-0.00014,0,-1e-05,-0.00024,0.00013,-4e-05,-0,0,-2e-05,-0.00037,-1e-05,1e-05,-0.00023,0,-0,-2e-05,-0.00507,-0.00303,-0.00025,0.03151,0.00152,-0.00019,-0.0004,-0.00397,0.00436,0.00121,-0.00391,-3e-05,1e-05,2e-05
37.84,0.01702,-0.00134,-0.00049,0.0003,-0.00014,0,1e-05,-0.00023,0.00013,-6e-05,-0,0,-3e-05,-0.00026,2e-05,1e-05,-0.00023,0,-0,-2e-05,-0.00109,-0.00371,-0.00083,0.02531,0.00165,-0.0002,-0.00041,-0.00526,0.00388,0.00107,-0.00383,-4e-05,1e-05,2e-05
37.86,0.01671,-0.00203,-0.00061,0.00029,-0.00014,0,2e-05,-0.00023,0.00013,-7e-05,-0,0,-3e-05,-0.00013,5e-05,1e-05,-0.00024,0,-0,-2e-05,0.00208,-0.00411,-0.0015,0.01983,0.00176,-0.00021,-0.00042,-0.0063,0.00356,0.00086,-0.00358,-4e-05,1e-05,1e-05
37.88,0.01599,-0.00279,-0.00074,0.00026,-0.00014,0,4e-05,-0.00022,0.00013,-9e-05,-0,0,-3e-05,0,9e-05,1e-05,-0.00023,0,0,-3e-05,0.00439,-0.00433,-0.00211,0.01524,0.00182,-0.00022,-0.00042,-0.00698,0.00333,0.00068,-0.0032,-4e-05,1e-05,1e-05
37.9,0.01505,-0.00357,-0.00086,0.00021,-0.00012,0,7e-05,-0.00022,0.00013,-0.0001,-0,0,-3e-05,0.00013,0.00012,1e-05,-0.00022,0,0,-3e-05,0.00586,-0.00454,-0.00279,0.01175,0.00182,-0.00021,-0.0004,-0.00729,0.00318,0.00052,-0.00276,-3e-05,1e-05,1e-05
37.92,0.01406,-0.00429,-0.00096,0.00015,-9e-05,0,9e-05,-0.00021,0.00012,-0.00011,-0,0,-3e-05,0.00024,0.00015,1e-05,-0.00021,-0,0,-3e-05,0.00654,-0.00492,-0.00362,0.00954,0.00175,-0.0002,-0.00037,-0.00727,0.00312,0.00033,-0.0023,-3e-05,0,1e-05
37.94,0.01308,-0.00488,-0.00104,8e-05,-6e-05,0,0.00011,-0.0002,0.00012,-0.00012,-0,0,-3e-05,0.00032,0.00017,1e-05,-0.00019,-0,0,-4e-05,0.0065,-0.00544,-0.00431,0.00854,0.00162,-0.00017,-0.00033,-0.00689,0.00302,0.00017,-0.00186,-3e-05,0,1e-05
37.96,0.01212,-0.0053,-0.00108,0,-2e-05,0,0.00012,-0.0002,0.0001,-0.00011,-0,0,-3e-05,0.00038,0.00018,1e-05,-0.00017,-0,0,-4e-05,0.00585,-0.00604,-0.00456,0.00852,0.00143,-0.00014,-0.00028,-0.00613,0.00284,8e-05,-0.00146,-3e-05,0,1e-05
37.98,0.01125,-0.00549,-0.00107,-7e-05,3e-05,0,0.00013,-0.00021,9e-05,-0.0001,0,0,-3e-05,0.00041,0.00019,1e-05,-0.00014,-0,0,-4e-05,0.00476,-0.00663,-0.00436,0.0091,0.00118,-0.00011,-0.00022,-0.00504,0.00264,3e-05,-0.00112,-2e-05,0,1e-05
38,0.01051,-0.00537,-0.00101,-0.00014,6e-05,0,0.00013,-0.00022,7e-05,-8e-05,0,0,-4e-05,0.00042,0.00018,1e-05,-0.00012,-0,0,-4e-05,0.00349,-0.00714,-0.00385,0.00969,0.00092,-8e-05,-0.00016,-0.00379,0.00233,1e-05,-0.00085,-2e-05,0,1e-05
38.02,0.00992,-0.00489,-0.00088,-0.0002,9e-05,0,0.00011,-0.00023,5e-05,-5e-05,0,0,-4e-05,0.00041,0.00016,1e-05,-9e-05,-0,0,-4e-05,0.00225,-0.00743,-0.00314,0.00975,0.00066,-4e-05,-0.0001,-0.00252,0.00187,4e-05,-0.00067,-2e-05,0,0
38.04,0.00945,-0.00408,-0.00071,-0.00024,0.0001,0,8e-05,-0.00024,2e-05,-1e-05,0,0,-4e-05,0.00039,0.00013,2e-05,-7e-05,-0,0,-3e-05,0.00121,-0.00719,-0.00226,0.00902,0.00042,-2e-05,-5e-05,-0.00131,0.00138,7e-05,-0.00051,-1e-05,0,0
38.06,0.00905,-0.00303,-0.00049,-0.00028,9e-05,0,4e-05,-0.00026,-0,2e-05,0,0,-4e-05,0.00036,9e-05,2e-05,-4e-05,-0,0,-3e-05,0.00047,-0.00627,-0.00139,0.00748,0.00023,-0,-2e-05,-0.00026,0.00054,-1e-05,-6e-05,-1e-05,0,-0
38.08,0.00868,-0.00186,-0.00025,-0.0003,7e-05,0,-1e-05,-0.00026,-3e-05,7e-05,0,0,-4e-05,0.00033,6e-05,2e-05,-2e-05,-0,0,-3e-05,5e-05,-0.00473,-0.00069,0.00532,0.0001,1e-05,0,0.00066,-8e-05,-2e-05,0.0003,0,-1e-05,-1e-05
38.1,0.00829,-0.00069,-1e-05,-0.00031,5e-05,0,-8e-05,-0.00026,-5e-05,0.00011,0,0,-4e-05,0.00028,2e-05,2e-05,1e-05,-0,0,-2e-05,-0.00015,-0.00276,-0.00023,0.00276,3e-05,1e-05,1e-05,0.00145,0.00039,0.00031,1e-05,-0,-2e-05,-2e-05
38.12,0.00782,0.0003,0.00019,-0.00033,3e-05,0,-0.00016,-0.00023,-7e-05,0.00014,0,0,-3e-05,0.00023,-1e-05,3e-05,3e-05,-0,0,-2e-05,-0.00022,-0.00055,-3e-05,0.00021,0,0,1e-05,0.00215,0.00242,0.00117,-0.00119,-3e-05,-3e-05,-2e-05
38.14,0.00723,0.00095,0.00031,-0.00035,2e-05,-0,-0.00025,-0.00019,-8e-05,0.00017,0,0,-3e-05,0.00017,-2e-05,4e-05,5e-05,-0,0,-2e-05,-0.00031,0.00159,-1e-05,-0.00184,1e-05,-0,-0,0.00271,0.00611,0.00263,-0.00346,-0.0001,-3e-05,-2e-05
38.16,0.00651,0.00123,0.00036,-0.00037,1e-05,-0,-0.00034,-0.00014,-9e-05,0.00019,0,0,-3e-05,0.0001,-1e-05,4e-05,7e-05,-0,0,-2e-05,-0.00066,0.00253,-6e-05,-0.0025,2e-05,-1e-05,-1e-05,0.00301,0.01136,0.00462,-0.00669,-0.00023,-2e-05,-0
38.18,0.00569,0.00113,0.00033,-0.0004,-0,-0,-0.00045,-8e-05,-8e-05,0.0002,0,0,-3e-05,2e-05,2e-05,5e-05,8e-05,-0,0,-2e-05,-0.00135,0.00246,-7e-05,-0.00221,3e-05,-1e-05,-1e-05,0.00293,0.01774,0.00692,-0.01043,-0.0004,-1e-05,2e-05
38.2,0.00481,0.00075,0.00024,-0.00042,-1e-05,-0,-0.00054,-3e-05,-6e-05,0.0002,0,0,-2e-05,-8e-05,6e-05,5e-05,8e-05,-0,0,-2e-05,-0.00217,0.00224,-6e-05,-0.00177,4e-05,-1e-05,-1e-05,0.00236,0.0244,0.00913,-0.01383,-0.00062,1e-05,5e-05
38.22,0.00397,0.0002,0.00013,-0.00044,-3e-05,-0,-0.00061,-0,-3e-05,0.00018,0,0,-2e-05,-0.00018,9e-05,6e-05,8e-05,-0,-0,-2e-05,-0.00292,0.00184,-5e-05,-0.00122,5e-05,-1e-05,-1e-05,0.0012,0.03015,0.01082,-0.0159,-0.00085,2e-05,9e-05
38.24,0.00325,-0.00035,2e-05,-0.00043,-5e-05,-0,-0.00065,-0,-0,0.00016,0,0,-2e-05,-0.00029,0.00012,7e-05,8e-05,-0,0,-1e-05,-0.00348,0.00137,-3e-05,-0.00065,6e-05,-0,-1e-05,-0.0008,0.03417,0.01159,-0.01534,-0.00106,4e-05,0.00012
38.26,0.00268,-0.00073,-6e-05,-0.0004,-6e-05,-0,-0.00068,-3e-05,3e-05,0.00014,0,-0,-1e-05,-0.00038,0.00013,7e-05,8e-05,-0,0,-1e-05,-0.00374,0.00091,-1e-05,-0.0002,7e-05,-0,-1e-05,-0.00373,0.03628,0.01136,-0.01107,-0.0012,4e-05,0.00013
38.28,0.00227,-0.00086,-7e-05,-0.00036,-6e-05,-0,-0.00069,-8e-05,6e-05,0.0001,0,-0,-1e-05,-0.00047,0.0001,7e-05,7e-05,-0,0,-1e-05,-0.00353,0.00046,-1e-05,7e-05,7e-05,-0,-1e-05,-0.00755,0.03617,0.01026,-0.00275,-0.00127,4e-05,0.00014
38.3,0.00195,-0.00067,-1e-05,-0.0003,-5e-05,-0,-0.0007,-0.00016,7e-05,7e-05,0,-1e-05,-0,-0.00054,4e-05,7e-05,7e-05,-0,0,-1e-05,-0.00288,-8e-05,-0,5e-05,7e-05,-0,-1e-05,-0.01217,0.03442,0.00848,0.00937,-0.00127,4e-05,0.00013
38.32,0.00166,-0.00022,0.00011,-0.00024,-2e-05,-0,-0.00071,-0.00021,7e-05,5e-05,0,-1e-05,0,-0.00059,-4e-05,7e-05,7e-05,-0,0,-1e-05,-0.00185,-0.00072,-0,-0.00019,6e-05,-0,-0,-0.01759,0.03208,0.00639,0.02381,-0.00123,3e-05,0.00012
38.34,0.00136,0.00037,0.00026,-0.00019,2e-05,-0,-0.00072,-0.00025,6e-05,3e-05,0,-1e-05,1e-05,-0.00061,-0.00013,6e-05,8e-05,-0,0,-0,-0.00043,-0.00144,-1e-05,-0.00046,5e-05,-0,-0,-0.02368,0.02894,0.00441,0.03897,-0.00115,2e-05,0.0001
38.36,0.00101,0.00097,0.00043,-0.00015,8e-05,-0,-0.00069,-0.00028,5e-05,1e-05,0,-1e-05,2e-05,-0.00061,-0.00021,6e-05,8e-05,-0,0,0,0.00124,-0.00233,-4e-05,-0.00073,4e-05,-0,-0,-0.0301,0.0247,0.00272,0.05402,-0.00103,2e-05,8e-05
38.38,0.00062,0.00152,0.00058,-0.00012,0.00014,-0,-0.00064,-0.00028,3e-05,1e-05,-0,-1e-05,2e-05,-0.00059,-0.0003,5e-05,8e-05,-0,0,0,0.00293,-0.00343,-0.00011,-0.00092,3e-05,-0,-0,-0.03666,0.01951,0.00137,0.06804,-0.00091,1e-05,6e-05
38.4,0.00021,0.00189,0.0007,-0.0001,0.0002,-0,-0.00056,-0.00027,1e-05,0,-0,-1e-05,3e-05,-0.00055,-0.00037,5e-05,8e-05,-0,0,1e-05,0.00443,-0.00457,-0.00024,-0.00091,2e-05,-0,0,-0.04335,0.01418,0.00037,0.07985,-0.00079,0,4e-05
38.42,-0.00019,0.00201,0.00077,-9e-05,0.00024,-0,-0.00046,-0.00024,-2e-05,1e-05,-0,-1e-05,4e-05,-0.0005,-0.00041,4e-05,8e-05,-0,0,1e-05,0.00571,-0.00552,-0.00039,-0.00061,1e-05,0,0,-0.05025,0.00961,-0.00034,0.08808,-0.0007,0,3e-05
38.44,-0.00054,0.00189,0.00079,-8e-05,0.00026,-0,-0.00034,-0.00021,-4e-05,1e-05,-0,-0,4e-05,-0.00045,-0.00043,2e-05,8e-05,-0,0,2e-05,0.00656,-0.0064,-0.0006,-0.00011,0,0,0,-0.05685,0.00513,-0.00093,0.0925,-0.00064,0,2e-05
38.46,-0.00085,0.00164,0.00076,-8e-05,0.00027,-0,-0.0002,-0.00016,-6e-05,1e-05,-0,-0,4e-05,-0.0004,-0.00043,1e-05,7e-05,-0,0,2e-05,0.00669,-0.00729,-0.00091,0.00047,0,0,0,-0.06256,0.00025,-0.00156,0.09329,-0.0006,0,2e-05
38.48,-0.0011,0.00128,0.0007,-9e-05,0.00026,-0,-6e-05,-0.00011,-7e-05,2e-05,-0,0,5e-05,-0.00035,-0.00042,-2e-05,6e-05,-0,0,2e-05,0.00605,-0.00801,-0.00133,0.00113,0,0,0,-0.06709,-0.00462,-0.00228,0.08991,-0.00058,1e-05,3e-05
38.5,-0.00131,0.00092,0.00061,-0.00011,0.00024,-0,8e-05,-7e-05,-7e-05,2e-05,-0,0,4e-05,-0.00031,-0.00038,-4e-05,4e-05,-0,0,2e-05,0.00488,-0.00847,-0.00183,0.00163,0,0,0,-0.07036,-0.00921,-0.00301,0.08269,-0.00056,1e-05,4e-05
38.52,-0.00149,0.00062,0.00051,-0.00013,0.00022,-0,0.0002,-3e-05,-8e-05,2e-05,-0,1e-05,4e-05,-0.00028,-0.00034,-6e-05,2e-05,-0,0,3e-05,0.0036,-0.00867,-0.0023,0.00176,0,0,1e-05,-0.0722,-0.01316,-0.00356,0.07184,-0.00052,2e-05,4e-05
38.54,-0.00164,0.00036,0.00041,-0.00017,0.00019,-0,0.00029,-0,-8e-05,2e-05,-0,1e-05,3e-05,-0.00025,-0.00028,-8e-05,-1e-05,-0,0,3e-05,0.00218,-0.00846,-0.00266,0.00173,0,0,0,-0.07182,-0.01624,-0.00389,0.05636,-0.00045,2e-05,5e-05
38.56,-0.00179,0.00014,0.00031,-0.00022,0.00015,-0,0.00036,2e-05,-7e-05,2e-05,-0,1e-05,3e-05,-0.00023,-0.00022,-9e-05,-4e-05,0,0,2e-05,0.00067,-0.0078,-0.00286,0.00166,1e-05,0,0,-0.0682,-0.01844,-0.004,0.03535,-0.00033,2e-05,5e-05
38.58,-0.00196,-5e-05,0.00021,-0.00028,0.00012,-0,0.00039,3e-05,-5e-05,2e-05,-0,1e-05,2e-05,-0.00021,-0.00016,-0.0001,-7e-05,0,0,2e-05,-0.00048,-0.00677,-0.00283,0.00149,1e-05,0,0,-0.06039,-0.0196,-0.00384,0.00857,-0.00014,2e-05,4e-05
38.6,-0.00217,-0.00023,0.00012,-0.00034,9e-05,-0,0.00041,3e-05,-3e-05,1e-05,-0,1e-05,1e-05,-0.00019,-0.0001,-0.00011,-9e-05,0,0,2e-05,-0.00128,-0.00555,-0.00257,0.00126,1e-05,0,0,-0.04793,-0.01917,-0.0034,-0.02374,0.0001,1e-05,2e-05
38.62,-0.00246,-0.00041,3e-05,-0.00039,7e-05,-0,0.0004,2e-05,-1e-05,1e-05,-0,1e-05,1e-05,-0.00016,-5e-05,-0.0001,-0.00011,0,0,2e-05,-0.00182,-0.00432,-0.00214,0.00103,1e-05,0,0,-0.03038,-0.01687,-0.00276,-0.06186,0.00038,1e-05,0
38.64,-0.00285,-0.00056,-3e-05,-0.00043,4e-05,-0,0.00039,1e-05,1e-05,1e-05,-0,1e-05,0,-0.00013,-2e-05,-0.0001,-0.00011,0,0,1e-05,-0.00227,-0.00302,-0.00152,0.00053,0,0,0,-0.00718,-0.01286,-0.00195,-0.10481,0.00067,-0,-2e-05
38.66,-0.00338,-0.00063,-8e-05,-0.00045,1e-05,-0,0.00036,-2e-05,3e-05,0,-0,1e-05,-0,-0.0001,1e-05,-9e-05,-0.00011,0,0,1e-05,-0.00235,-0.00187,-0.00087,0.00011,-0,0,-0,0.02048,-0.0073,-0.00102,-0.14878,0.00093,-1e-05,-5e-05
38.68,-0.00406,-0.00059,-9e-05,-0.00046,-2e-05,-0,0.00034,-5e-05,5e-05,-0,-0,0,-0,-7e-05,2e-05,-8e-05,-9e-05,0,0,1e-05,-0.0021,-0.00097,-0.00024,-0.00024,-0,-0,-0,0.04971,-0.00043,-5e-05,-0.18599,0.00116,-1e-05,-8e-05
38.7,-0.00489,-0.00038,-7e-05,-0.00046,-4e-05,-0,0.00032,-8e-05,6e-05,-0,-0,0,-1e-05,-4e-05,2e-05,-7e-05,-6e-05,0,-0,1e-05,-0.00145,-0.0003,0.0004,-0.00065,1e-05,-0,-1e-05,0.07572,0.00697,0.00088,-0.2164,0.00125,-1e-05,-0.0001
38.72,-0.00588,2e-05,-1e-05,-0.00047,-7e-05,-0,0.00029,-0.0001,8e-05,0,-0,0,-1e-05,-2e-05,2e-05,-6e-05,-3e-05,0,-0,1e-05,-0.00036,0.00012,0.00101,-0.00133,4e-05,-1e-05,-2e-05,0.09307,0.01351,0.00183,-0.24413,0.00107,-1e-05,-0.00012
38.74,-0.00699,0.00058,7e-05,-0.00048,-9e-05,0,0.00026,-0.00012,9e-05,1e-05,-0,0,-1e-05,0,1e-05,-6e-05,0,0,-0,1e-05,0.00083,0.00027,0.00146,-0.0023,6e-05,-2e-05,-3e-05,0.09887,0.01759,0.00271,-0.25075,0.00074,0,-0.00012
38.76,-0.00817,0.00129,0.00018,-0.00052,-0.00011,0,0.00024,-0.00013,0.00011,3e-05,-0,-0,-1e-05,2e-05,-0,-5e-05,4e-05,0,-0,1e-05,0.00188,0.00014,0.00175,-0.00327,9e-05,-2e-05,-4e-05,0.09318,0.01874,0.00328,-0.22625,0.00041,2e-05,-0.00011
38.78,-0.00933,0.00208,0.00028,-0.00057,-0.00012,0,0.00023,-0.00013,0.00012,6e-05,-0,-0,-0,4e-05,-1e-05,-5e-05,7e-05,0,-0,1e-05,0.00257,-0.00026,0.00179,-0.00397,0.0001,-3e-05,-4e-05,0.07909,0.01729,0.00354,-0.18198,0.00011,3e-05,-9e-05
38.8,-0.01043,0.00282,0.00039,-0.00064,-0.00013,0,0.00023,-0.00012,0.00013,9e-05,-0,-0,-0,6e-05,-2e-05,-5e-05,0.00011,0,-0,2e-05,0.00282,-0.00092,0.00161,-0.00394,0.0001,-3e-05,-5e-05,0.05837,0.01367,0.00329,-0.12446,-5e-05,3e-05,-7e-05
38.82,-0.01144,0.0033,0.00047,-0.00072,-0.00013,0,0.00022,-0.00011,0.00015,0.00013,-0,-0,-0,7e-05,-2e-05,-5e-05,0.00014,0,0,2e-05,0.00274,-0.00173,0.00133,-0.00288,8e-05,-3e-05,-4e-05,0.03528,0.00934,0.00255,-0.06805,-6e-05,2e-05,-4e-05
38.84,-0.01226,0.00346,0.00052,-0.0008,-0.00013,0,0.00023,-0.00011,0.00016,0.00018,-0,-0,0,7e-05,-2e-05,-4e-05,0.00016,0,0,2e-05,0.00232,-0.00264,0.00098,-0.00095,7e-05,-3e-05,-3e-05,0.01654,0.00582,0.00181,-0.02793,-5e-05,1e-05,-2e-05
38.86,-0.01281,0.00335,0.00054,-0.00088,-0.00012,0,0.00023,-0.0001,0.00017,0.00022,-0,-0,0,8e-05,-2e-05,-3e-05,0.00018,0,0,2e-05,0.00157,-0.00353,0.0006,0.00152,6e-05,-2e-05,-2e-05,0.00419,0.00346,0.00124,-0.00629,-4e-05,1e-05,-1e-05
38.88,-0.0131,0.00295,0.00054,-0.00095,-0.00011,0,0.00024,-9e-05,0.00018,0.00025,-0,-1e-05,1e-05,9e-05,-2e-05,-3e-05,0.0002,0,0,3e-05,0.00062,-0.00423,0.00027,0.00405,5e-05,-1e-05,-1e-05,-0.0026,0.00212,0.00082,0.00064,-2e-05,0,0
38.9,-0.01318,0.00242,0.00051,-0.00099,-0.0001,0,0.00025,-8e-05,0.00019,0.00027,-0,-1e-05,1e-05,0.0001,-2e-05,-2e-05,0.00021,0,0,3e-05,-0.00039,-0.00479,-3e-05,0.00598,5e-05,0,0,-0.00332,0.00161,0.00041,-0.00107,-1e-05,-0,0
38.92,-0.01312,0.00185,0.00049,-0.00101,-0.0001,0,0.00025,-7e-05,0.00019,0.00028,-0,-1e-05,1e-05,0.0001,-1e-05,-2e-05,0.00021,0,-0,3e-05,-0.00132,-0.00525,-0.00033,0.0067,6e-05,1e-05,1e-05,-0.00276,0.00108,-0.00011,-0.0034,1e-05,-0,-0
38.94,-0.01299,0.00126,0.00046,-0.001,-9e-05,0,0.00025,-5e-05,0.0002,0.00026,-0,-1e-05,1e-05,0.00011,-1e-05,-2e-05,0.0002,0,0,3e-05,-0.002,-0.00534,-0.00053,0.00615,5e-05,2e-05,2e-05,-0.00247,0.00049,-0.00056,-0.00547,2e-05,-0,-1e-05
38.96,-0.01287,0.00067,0.00044,-0.00096,-7e-05,0,0.00027,-3e-05,0.0002,0.00021,-0,-1e-05,1e-05,0.00013,1e-05,-1e-05,0.00018,0,0,3e-05,-0.00225,-0.00493,-0.00062,0.00475,5e-05,2e-05,2e-05,-0.00232,2e-05,-0.00075,-0.0072,3e-05,-0,-1e-05
38.98,-0.01288,0.00012,0.00043,-0.0009,-6e-05,0,0.00029,-1e-05,0.0002,0.00014,-0,-1e-05,1e-05,0.00015,2e-05,-1e-05,0.00016,0,0,3e-05,-0.00196,-0.00415,-0.00062,0.00302,5e-05,2e-05,2e-05,-0.00182,-0.0006,-0.00095,-0.00495,2e-05,-1e-05,0
39,-0.01317,-0.00037,0.00042,-0.00082,-4e-05,0,0.00033,2e-05,0.0002,5e-05,-0,-0,1e-05,0.00017,3e-05,-1e-05,0.00013,0,0,3e-05,-0.00132,-0.00316,-0.00057,0.00155,4e-05,2e-05,2e-05,-0.00131,-0.00182,-0.0014,0.00275,-9e-05,2e-05,5e-05
39.02,-0.01392,-0.0008,0.00041,-0.00074,-3e-05,0,0.0004,4e-05,0.00019,-5e-05,-0,-0,1e-05,0.0002,5e-05,-1e-05,9e-05,0,0,2e-05,-0.00052,-0.00213,-0.00047,0.0006,4e-05,1e-05,1e-05,-0.00116,-0.00334,-0.00171,0.01138,-0.00029,6e-05,0.00012
39.04,-0.01517,-0.00114,0.00039,-0.00067,-2e-05,0,0.00048,6e-05,0.00019,-0.00015,-0,-0,1e-05,0.00023,6e-05,-1e-05,5e-05,0,0,2e-05,0.00047,-0.0012,-0.00033,0.00014,4e-05,1e-05,1e-05,-0.00123,-0.00505,-0.00173,0.01933,-0.00056,0.00012,0.00021
39.06,-0.01693,-0.00141,0.00036,-0.00062,-1e-05,0,0.00058,8e-05,0.00017,-0.00025,-0,0,1e-05,0.00027,7e-05,-1e-05,-1e-05,0,1e-05,2e-05,0.00157,-0.00043,-0.00016,1e-05,3e-05,0,0,-0.00194,-0.00667,-0.00126,0.02438,-0.00089,0.00019,0.0003
39.08,-0.01913,-0.00159,0.00032,-0.00058,-1e-05,0,0.00069,9e-05,0.00016,-0.00036,-0,1e-05,1e-05,0.00031,7e-05,-0,-8e-05,0,1e-05,1e-05,0.00265,0.00019,3e-05,-0,2e-05,0,0,-0.00352,-0.00773,-0.00014,0.02519,-0.00121,0.00026,0.00038
39.1,-0.02163,-0.00165,0.00028,-0.00056,-1e-05,0,0.00082,0.0001,0.00014,-0.00046,-0,1e-05,1e-05,0.00034,7e-05,-0,-0.00015,0,1e-05,0,0.00361,0.00069,0.00023,-1e-05,-1e-05,-0,-0,-0.0056,-0.00727,0.00167,0.02267,-0.0014,0.0003,0.00041
39.12,-0.02428,-0.00161,0.00023,-0.00055,-2e-05,0,0.00095,0.0001,0.00012,-0.00054,-0,2e-05,0,0.00036,7e-05,-0,-0.00021,0,1e-05,-1e-05,0.00437,0.00109,0.00039,-5e-05,-2e-05,-0,0,-0.00699,-0.00491,0.00365,0.0185,-0.00139,0.00029,0.0004
39.14,-0.02678,-0.00141,0.00021,-0.00054,-2e-05,0,0.00108,0.0001,9e-05,-0.0006,0,2e-05,0,0.00037,6e-05,-1e-05,-0.00025,0,2e-05,-1e-05,0.00474,0.00125,0.00039,-7e-05,-3e-05,-0,0,-0.00787,-0.00198,0.00523,0.01201,-0.00124,0.00024,0.00035
39.16,-0.0289,-0.00107,0.00021,-0.00055,-1e-05,0,0.00121,0.0001,7e-05,-0.00065,0,3e-05,-0,0.00037,5e-05,-1e-05,-0.00029,0,2e-05,-2e-05,0.00509,0.00148,0.00039,-9e-05,-3e-05,-0,0,-0.00907,0.00057,0.00635,0.00352,-0.00102,0.00019,0.00028
39.18,-0.0305,-0.00064,0.00023,-0.00056,-1e-05,0,0.00133,9e-05,4e-05,-0.00069,0,3e-05,-1e-05,0.00036,3e-05,-1e-05,-0.00032,0,2e-05,-3e-05,0.0054,0.00175,0.0004,-9e-05,-3e-05,-0,0,-0.01025,0.00242,0.00674,-0.00553,-0.00078,0.00013,0.0002
39.2,-0.03153,-0.0002,0.00026,-0.00058,-0,0,0.00145,9e-05,1e-05,-0.00072,0,3e-05,-1e-05,0.00035,2e-05,-2e-05,-0.00033,0,3e-05,-3e-05,0.00572,0.00206,0.00042,-8e-05,-2e-05,-0,0,-0.01115,0.00348,0.00651,-0.01421,-0.00057,8e-05,0.00013
39.22,-0.03202,0.00016,0.00029,-0.00062,0,0,0.00154,8e-05,-2e-05,-0.00075,0,3e-05,-2e-05,0.00037,1e-05,-2e-05,-0.00033,0,3e-05,-4e-05,0.00606,0.0024,0.00042,-5e-05,-2e-05,-0,-0,-0.01168,0.00401,0.00602,-0.02176,-0.0004,4e-05,7e-05
39.24,-0.0319,0.00039,0.00032,-0.00069,0,0,0.00161,8e-05,-4e-05,-0.00078,0,3e-05,-2e-05,0.0004,0,-3e-05,-0.00031,0,3e-05,-4e-05,0.0064,0.0027,0.00044,-2e-05,-2e-05,-0,-0,-0.0118,0.00412,0.00519,-0.02778,-0.00027,1e-05,2e-05
39.26,-0.03116,0.00048,0.00032,-0.00078,1e-05,-0,0.00167,8e-05,-7e-05,-0.00081,0,2e-05,-3e-05,0.00042,-0,-4e-05,-0.00028,0,3e-05,-4e-05,0.00669,0.00294,0.00046,3e-05,-2e-05,-0,-0,-0.01161,0.00392,0.00405,-0.0319,-0.00019,-2e-05,-1e-05
39.28,-0.0299,0.00048,0.0003,-0.0009,1e-05,-0,0.0017,9e-05,-9e-05,-0.00083,0,2e-05,-3e-05,0.00043,-1e-05,-5e-05,-0.00024,0,2e-05,-3e-05,0.00693,0.0031,0.00049,7e-05,-2e-05,-0,-0,-0.011,0.00356,0.00283,-0.03385,-0.00014,-4e-05,-4e-05
39.3,-0.02818,0.00041,0.00028,-0.00104,1e-05,-0,0.00173,0.0001,-0.00011,-0.00084,0,2e-05,-3e-05,0.00043,-1e-05,-7e-05,-0.00019,-0,2e-05,-3e-05,0.00709,0.00317,0.00052,0.00011,-2e-05,-0,-0,-0.00988,0.00306,0.00169,-0.03374,-0.00011,-4e-05,-6e-05
39.32,-0.02612,0.00033,0.00024,-0.00118,1e-05,-0,0.00176,0.00012,-0.00014,-0.00082,0,1e-05,-3e-05,0.00042,-0,-8e-05,-0.00014,-0,2e-05,-3e-05,0.00715,0.00317,0.00055,0.00015,-2e-05,-0,-0,-0.00822,0.00246,0.00074,-0.03183,-9e-05,-5e-05,-7e-05
39.34,-0.02395,0.00025,0.00021,-0.00131,1e-05,-0,0.00178,0.00014,-0.00016,-0.00077,0,1e-05,-3e-05,0.00041,-0,-9e-05,-9e-05,-0,1e-05,-3e-05,0.00709,0.00312,0.00055,0.00018,-2e-05,-1e-05,-0,-0.00609,0.00182,9e-05,-0.02806,-6e-05,-4e-05,-7e-05
39.36,-0.02181,0.00018,0.00018,-0.00142,1e-05,-0,0.00175,0.00017,-0.00019,-0.00071,0,1e-05,-3e-05,0.00039,0,-9e-05,-2e-05,-0,1e-05,-2e-05,0.00689,0.00306,0.00052,0.0002,-2e-05,-1e-05,-0,-0.00372,0.00124,-0.00022,-0.02284,-4e-05,-4e-05,-7e-05
39.38,-0.01975,0.00012,0.00015,-0.00151,0,-0,0.00169,0.0002,-0.00021,-0.00062,0,1e-05,-3e-05,0.00036,1e-05,-0.0001,5e-05,-0,1e-05,-2e-05,0.00656,0.00299,0.00045,0.0002,-2e-05,-1e-05,-0,-0.00139,0.00072,-0.00028,-0.01706,-2e-05,-3e-05,-6e-05
39.4,-0.01778,8e-05,0.00013,-0.00156,0,-0,0.00161,0.00023,-0.00023,-0.00052,0,0,-3e-05,0.00033,1e-05,-0.0001,0.00011,-0,1e-05,-2e-05,0.0061,0.00292,0.00035,0.00019,-1e-05,-1e-05,-0,0.00072,0.00031,-0.00017,-0.01149,-0,-2e-05,-4e-05
39.42,-0.0159,5e-05,0.00011,-0.00157,0,-0,0.0015,0.00026,-0.00022,-0.00041,0,0,-2e-05,0.00029,1e-05,-0.0001,0.00017,-0,1e-05,-1e-05,0.0055,0.00284,0.00021,0.00016,-1e-05,-1e-05,-0,0.00241,4e-05,-3e-05,-0.00667,1e-05,-1e-05,-3e-05
39.44,-0.01413,3e-05,9e-05,-0.00154,0,-0,0.00138,0.00028,-0.0002,-0.0003,0,0,-2e-05,0.00024,1e-05,-0.0001,0.00022,-0,1e-05,-1e-05,0.00482,0.00277,6e-05,0.00011,-1e-05,-1e-05,-0,0.00356,-0.00014,6e-05,-0.00293,1e-05,-0,-2e-05
39.46,-0.01246,1e-05,8e-05,-0.00147,0,-0,0.00125,0.00028,-0.00017,-0.0002,0,0,-2e-05,0.0002,1e-05,-9e-05,0.00026,-0,1e-05,-1e-05,0.00411,0.00272,-0.0001,5e-05,-1e-05,-1e-05,-0,0.00415,-0.00025,7e-05,-0.00033,0,0,-1e-05
39.48,-0.01084,1e-05,6e-05,-0.00134,0,-0,0.00111,0.00027,-0.00014,-9e-05,0,0,-1e-05,0.00016,1e-05,-9e-05,0.0003,-0,1e-05,-1e-05,0.00337,0.00265,-0.00025,-1e-05,-0,-1e-05,-0,0.00428,-0.00029,-0,0.00123,-1e-05,1e-05,0
39.5,-0.00923,0,5e-05,-0.00118,0,-0,0.00095,0.00024,-0.00011,-1e-05,0,0,-1e-05,0.00013,1e-05,-8e-05,0.00031,-0,1e-05,-0,0.00259,0.00256,-0.00037,-9e-05,-0,-1e-05,-0,0.00373,-0.00027,-9e-05,0.00115,-1e-05,0,1e-05
39.52,-0.0076,1e-05,4e-05,-0.00099,0,-0,0.00076,0.00021,-9e-05,3e-05,0,1e-05,-1e-05,9e-05,0,-7e-05,0.0003,0,1e-05,-0,0.00179,0.00241,-0.00045,-0.00016,-0,-1e-05,-0,0.00303,-0.00021,-0.00017,0.00089,-1e-05,-0,1e-05
39.54,-0.00593,1e-05,4e-05,-0.00078,0,-0,0.00057,0.00017,-7e-05,4e-05,0,1e-05,-1e-05,5e-05,-0,-5e-05,0.00026,0,1e-05,-0,0.00101,0.00219,-0.00048,-0.00022,-0,-1e-05,-0,0.00228,-0.00014,-0.00021,0.00065,-1e-05,-0,1e-05
39.56,-0.00421,2e-05,3e-05,-0.00054,-0,0,0.00037,0.00013,-5e-05,5e-05,0,1e-05,-0,2e-05,0,-4e-05,0.00021,0,2e-05,-0,0.00026,0.0019,-0.00044,-0.00028,-0,-1e-05,-0,0.00152,-9e-05,-0.00021,0.00042,-1e-05,-0,1e-05
39.58,-0.0024,3e-05,3e-05,-0.00027,-0,0,0.00017,0.0001,-4e-05,5e-05,0,1e-05,-0,-0,1e-05,-3e-05,0.00013,0,2e-05,0,-0.00047,0.00154,-0.00036,-0.00033,-0,-0,-0,0.00074,-3e-05,-0.00018,0.00021,-1e-05,-0,1e-05
39.6,-0.00051,5e-05,2e-05,1e-05,-1e-05,0,-2e-05,7e-05,-2e-05,2e-05,0,1e-05,0,-3e-05,1e-05,-2e-05,3e-05,0,2e-05,0,-0.00118,0.00116,-0.00023,-0.00037,-0,-0,-0,-6e-05,0,-0.00013,2e-05,-1e-05,-0,1e-05
39.62,0.00147,8e-05,2e-05,0.00031,-2e-05,0,-0.00019,4e-05,-1e-05,-2e-05,0,1e-05,0,-4e-05,3e-05,-1e-05,-9e-05,0,3e-05,1e-05,-0.00187,0.00077,-9e-05,-0.00041,-1e-05,0,0,-0.00086,-1e-05,-8e-05,-0.00016,-0,-0,0
39.64,0.00352,0.0001,2e-05,0.00062,-3e-05,0,-0.00033,0,2e-05,-7e-05,0,1e-05,1e-05,-4e-05,4e-05,1e-05,-0.00021,0,3e-05,1e-05,-0.00254,0.00043,5e-05,-0.00046,-1e-05,1e-05,0,-0.00164,-3e-05,-4e-05,-0.00032,-0,0,0
39.66,0.00568,0.00014,2e-05,0.00093,-4e-05,0,-0.00043,-3e-05,5e-05,-0.00014,-0,1e-05,1e-05,-3e-05,5e-05,4e-05,-0.00033,0,4e-05,2e-05,-0.00322,0.00017,0.00016,-0.0005,-1e-05,1e-05,0,-0.00242,-3e-05,-1e-05,-0.00047,0,0,0
39.68,0.00801,0.00018,3e-05,0.00125,-5e-05,0,-0.00047,-9e-05,9e-05,-0.00023,-0,1e-05,1e-05,-1e-05,6e-05,8e-05,-0.00045,0,4e-05,2e-05,-0.00391,-1e-05,0.00026,-0.00054,-1e-05,1e-05,1e-05,-0.00319,-5e-05,0,-0.00057,0,0,-0
39.7,0.01052,0.00023,4e-05,0.00157,-6e-05,0,-0.00043,-0.00016,0.00014,-0.00032,-0,2e-05,1e-05,4e-05,6e-05,0.00013,-0.00053,0,5e-05,3e-05,-0.00459,-0.00012,0.00031,-0.00059,-1e-05,2e-05,1e-05,-0.00354,-0.00013,2e-05,8e-05,-0,0,-0
39.72,0.01323,0.00029,5e-05,0.00187,-7e-05,0,-0.00025,-0.00023,0.00019,-0.00034,-0,2e-05,2e-05,0.00016,5e-05,0.00022,-0.0005,0,6e-05,5e-05,-0.00521,-0.00016,0.00033,-0.00064,-1e-05,2e-05,1e-05,-0.00358,-0.00027,6e-05,0.00129,-0,0,-0
39.74,0.0162,0.00035,5e-05,0.00216,-8e-05,0,6e-05,-0.00031,0.00025,-0.00031,-0,2e-05,2e-05,0.00034,4e-05,0.00032,-0.00039,0,6e-05,7e-05,-0.00578,-0.00015,0.00031,-0.00069,-1e-05,2e-05,1e-05,-0.00329,-0.00052,0.00014,0.00315,0,0,-1e-05
39.76,0.01955,0.00042,5e-05,0.00241,-8e-05,0,0.00044,-0.00038,0.0003,-0.00026,-0,3e-05,3e-05,0.00055,3e-05,0.00041,-0.00027,0,6e-05,9e-05,-0.00631,-0.00011,0.00026,-0.00076,-2e-05,1e-05,1e-05,-0.00265,-0.00095,0.00028,0.00578,1e-05,0,-2e-05
39.78,0.02334,0.00048,5e-05,0.00262,-7e-05,0,0.00087,-0.00043,0.00034,-0.0002,-0,3e-05,3e-05,0.00075,3e-05,0.00049,-0.00014,0,6e-05,0.00012,-0.00681,-5e-05,0.00018,-0.00085,-2e-05,1e-05,0,-0.00167,-0.00159,0.00046,0.00924,3e-05,0,-3e-05
39.8,0.02759,0.00053,4e-05,0.00278,-6e-05,-0,0.00137,-0.00044,0.00035,-0.00011,-0,2e-05,4e-05,0.00097,3e-05,0.00053,-0,0,5e-05,0.00014,-0.00719,2e-05,9e-05,-0.00097,-2e-05,-0,-0,-0.00057,-0.00252,0.00064,0.01358,6e-05,0,-4e-05
39.82,0.03217,0.00058,3e-05,0.0029,-4e-05,-0,0.00198,-0.00037,0.00034,4e-05,-0,2e-05,4e-05,0.00119,3e-05,0.00053,0.00017,-0,4e-05,0.00017,-0.00736,8e-05,0,-0.0011,-2e-05,-1e-05,-1e-05,-4e-05,-0.0038,0.00073,0.01886,0.0001,-0,-6e-05
39.84,0.03709,0.00062,0,0.00298,-1e-05,-0,0.00262,-0.00023,0.0003,0.00019,-0,2e-05,5e-05,0.00138,4e-05,0.00051,0.00031,-0,2e-05,0.0002,-0.00736,0.00013,-7e-05,-0.00125,-2e-05,-2e-05,-1e-05,-0.00041,-0.00538,0.00064,0.02502,0.00015,-1e-05,-7e-05
39.86,0.04234,0.00062,-3e-05,0.003,2e-05,-0,0.00317,-8e-05,0.00025,0.00031,-0,1e-05,6e-05,0.00151,4e-05,0.00046,0.00041,-0,1e-05,0.00022,-0.00727,0.00018,-0.00012,-0.00143,-3e-05,-4e-05,-2e-05,-0.00159,-0.00712,0.00025,0.03196,0.00022,-1e-05,-8e-05
39.88,0.04777,0.00059,-5e-05,0.00298,5e-05,-0,0.00361,7e-05,0.00019,0.00041,-0,0,6e-05,0.00162,4e-05,0.00041,0.00047,-0,-0,0.00023,-0.00719,0.00022,-0.00021,-0.0016,-3e-05,-5e-05,-4e-05,-0.00373,-0.00885,-0.00048,0.03969,0.00029,-2e-05,-8e-05
39.9,0.05298,0.00052,-6e-05,0.0029,8e-05,-0,0.00401,0.00019,0.00013,0.00044,-0,-0,6e-05,0.00169,4e-05,0.00036,0.00046,-0,-1e-05,0.00023,-0.00713,0.00025,-0.00043,-0.00168,-3e-05,-7e-05,-6e-05,-0.0068,-0.01064,-0.00153,0.04817,0.00037,-3e-05,-8e-05
39.92,0.05744,0.00044,-4e-05,0.00279,0.0001,-0,0.00446,0.00026,8e-05,0.00036,-0,-1e-05,5e-05,0.00171,5e-05,0.0003,0.00039,-0,-2e-05,0.00022,-0.00711,0.00027,-0.00097,-0.00153,-3e-05,-0.0001,-9e-05,-0.01078,-0.01264,-0.00287,0.05732,0.00045,-3e-05,-7e-05
39.94,0.061,0.00034,1e-05,0.00263,0.0001,-0,0.00487,0.00027,3e-05,0.00027,-0,-1e-05,5e-05,0.00171,6e-05,0.00024,0.0003,-0,-2e-05,0.00019,-0.00737,0.00024,-0.00195,-0.00108,-4e-05,-0.00015,-0.00014,-0.01547,-0.0146,-0.0044,0.06712,0.00054,-4e-05,-5e-05
39.96,0.06371,0.00023,9e-05,0.00244,9e-05,-0,0.00515,0.00024,-0,0.0002,-0,-1e-05,4e-05,0.00171,7e-05,0.00019,0.00023,-0,-2e-05,0.00016,-0.008,0.0001,-0.0034,-0.00037,-4e-05,-0.00021,-0.0002,-0.02059,-0.01626,-0.00594,0.07757,0.00062,-4e-05,-3e-05
39.98,0.06547,0.00012,0.00021,0.00225,8e-05,0,0.00533,0.00019,-4e-05,0.00015,-0,-1e-05,4e-05,0.0017,8e-05,0.00015,0.00018,-0,-2e-05,0.00013,-0.00904,-0.00019,-0.00533,0.00037,-3e-05,-0.00036,-0.0003,-0.02614,-0.01768,-0.00739,0.08872,0.00069,-4e-05,-2e-05
40,0.06616,2e-05,0.00035,0.00206,5e-05,0,0.00537,0.00011,-7e-05,0.0001,-0,-0,3e-05,0.00167,9e-05,0.00011,0.00012,-0,-1e-05,9e-05,-0.00936,-0.00066,-0.00683,0.00128,-3e-05,-0.00035,-0.00029,-0.03157,-0.01902,-0.00857,0.09997,0.00076,-3e-05,-1e-05
40.02,0.06563,-7e-05,0.0005,0.00189,3e-05,0,0.00523,4e-05,-0.00011,6e-05,-0,0,3e-05,0.00159,0.00011,7e-05,7e-05,-0,-0,5e-05,-0.00648,-0.00124,-0.00618,0.00234,-2e-05,0.00019,4e-05,-0.03639,-0.02045,-0.00929,0.11053,0.00083,-3e-05,0
40.04,0.064,-0.00016,0.00063,0.00177,1e-05,0,0.00492,-1e-05,-0.00015,3e-05,-0,1e-05,2e-05,0.00145,0.00013,4e-05,2e-05,-0,0,1e-05,-0.00253,-0.00173,-0.0039,0.00262,-1e-05,0.00086,0.00044,-0.04087,-0.02198,-0.00951,0.12048,0.00089,-4e-05,2e-05
40.06,0.0615,-0.00026,0.00075,0.00168,-0,0,0.0045,-3e-05,-0.00018,0,-0,1e-05,2e-05,0.00128,0.00014,1e-05,-1e-05,-0,1e-05,-2e-05,-0.00056,-0.00195,-0.00142,0.00217,0,0.0012,0.00064,-0.04534,-0.02367,-0.00935,0.13007,0.00092,-7e-05,3e-05
40.08,0.05819,-0.00037,0.00083,0.00163,-1e-05,0,0.00402,-3e-05,-0.00021,-2e-05,-0,1e-05,1e-05,0.00107,0.00015,-2e-05,-4e-05,-0,2e-05,-5e-05,-0.00078,-0.00173,0.00119,0.00154,1e-05,0.00114,0.00059,-0.05,-0.02563,-0.00891,0.13937,0.00091,-0.00013,6e-05
40.1,0.0543,-0.0005,0.00087,0.00159,-1e-05,0,0.00345,-1e-05,-0.00023,-4e-05,-0,0,1e-05,0.00085,0.00015,-4e-05,-7e-05,-0,2e-05,-8e-05,-0.00279,-0.00134,0.00248,0.00093,1e-05,0.00016,0.0001,-0.05386,-0.02771,-0.00828,0.14697,0.00085,-0.00023,0.00011
40.12,0.05005,-0.00064,0.00087,0.00154,-0,0,0.00274,1e-05,-0.00022,-6e-05,-0,0,0,0.00066,0.00014,-6e-05,-9e-05,-0,2e-05,-0.0001,-0.00378,-0.00126,0.00165,0.00016,1e-05,-0.00097,-0.00049,-0.05587,-0.02974,-0.00753,0.151,0.00073,-0.00038,0.00019
40.14,0.04547,-0.0008,0.00082,0.00147,0,0,0.00204,2e-05,-0.0002,-8e-05,-0,-0,-1e-05,0.00047,0.00012,-7e-05,-0.0001,-0,2e-05,-0.00011,-0.00313,-0.00148,0.00059,-0.00094,-0,-0.00131,-0.00077,-0.05714,-0.03167,-0.00682,0.15223,0.00052,-0.0006,0.00029
40.16,0.04062,-0.00101,0.00074,0.00137,1e-05,0,0.00145,3e-05,-0.00018,-0.0001,-0,-1e-05,-2e-05,0.00031,9e-05,-8e-05,-0.0001,-0,1e-05,-0.00013,-0.00165,-0.00196,-0.00011,-0.00263,-2e-05,-0.00125,-0.00085,-0.0586,-0.03342,-0.00627,0.15154,0.00018,-0.00089,0.00043
40.18,0.03565,-0.00125,0.00064,0.00125,2e-05,0,0.00096,2e-05,-0.00015,-0.00011,-0,-1e-05,-3e-05,0.0002,5e-05,-9e-05,-9e-05,-0,0,-0.00014,-0.00016,-0.00271,-0.00077,-0.00526,-5e-05,-0.0008,-0.00069,-0.05987,-0.03479,-0.00589,0.1483,-0.00029,-0.00124,0.00061
40.2,0.03074,-0.00153,0.00052,0.00112,4e-05,-0,0.00056,1e-05,-0.00011,-0.00013,-0,-2e-05,-4e-05,0.00013,1e-05,-9e-05,-6e-05,0,-1e-05,-0.00014,0.00068,-0.00379,-0.00116,-0.00802,-9e-05,-0.00024,-0.00042,-0.06042,-0.03536,-0.00563,0.14165,-0.00091,-0.00165,0.00081
40.22,0.02602,-0.00184,0.00041,0.00097,5e-05,-0,0.00023,0,-7e-05,-0.00015,-0,-2e-05,-5e-05,9e-05,-4e-05,-0.0001,-3e-05,0,-2e-05,-0.00014,0.0006,-0.00518,6e-05,-0.00864,-0.00013,0.00014,-0.00019,-0.05976,-0.03472,-0.00543,0.13052,-0.00167,-0.0021,0.00104
40.24,0.02155,-0.00215,0.00031,0.00083,7e-05,-0,-2e-05,-0,-4e-05,-0.00017,0,-3e-05,-6e-05,0.00011,-8e-05,-0.00012,0,0,-2e-05,-0.00014,0.0003,-0.00653,0.00256,-0.0075,-0.00014,0.00038,-0,-0.05789,-0.0327,-0.00523,0.11539,-0.00255,-0.00255,0.00128
40.26,0.01735,-0.00242,0.00022,0.00069,9e-05,-0,-0.00017,-1e-05,-1e-05,-0.0002,0,-3e-05,-6e-05,0.00018,-0.0001,-0.00013,4e-05,0,-2e-05,-0.00013,0.00029,-0.00748,0.00467,-0.00586,-0.00014,0.00052,0.00014,-0.05482,-0.0291,-0.00493,0.09661,-0.00346,-0.00297,0.0015
40.28,0.01333,-0.00262,0.00014,0.00056,0.00012,-0,-0.00026,-1e-05,2e-05,-0.00023,0,-3e-05,-6e-05,0.0003,-0.00011,-0.00015,9e-05,0,-2e-05,-0.00012,0.00059,-0.00788,0.00603,-0.00342,-0.00011,0.00055,0.00022,-0.05021,-0.02384,-0.00437,0.07361,-0.00422,-0.00322,0.00169
40.3,0.00992,-0.00268,9e-05,0.00045,0.00014,-0,-0.00027,-1e-05,5e-05,-0.00026,0,-3e-05,-5e-05,0.00044,-0.0001,-0.00017,0.00012,0,-2e-05,-0.00011,0.00075,-0.00768,0.00576,-0.00148,-8e-05,0.00048,0.00022,-0.04378,-0.0167,-0.00361,0.04812,-0.00472,-0.00339,0.00171
40.32,0.00748,-0.00255,5e-05,0.00037,0.00016,-0,-0.00024,-2e-05,7e-05,-0.00028,0,-3e-05,-5e-05,0.00053,-8e-05,-0.00019,0.00016,0,-2e-05,-0.0001,0.00059,-0.00715,0.00419,-0.00084,-6e-05,0.00033,0.00016,-0.03542,-0.00796,-0.00276,0.02035,-0.00488,-0.00371,0.00141
40.34,0.00553,-0.00228,3e-05,0.0003,0.00016,-0,-0.00018,-3e-05,8e-05,-0.00029,0,-3e-05,-4e-05,0.00061,-5e-05,-0.00021,0.00018,0,-2e-05,-9e-05,0.00035,-0.00647,0.00267,-0.00051,-4e-05,0.00021,0.0001,-0.02526,0.00149,-0.00191,-0.01136,-0.00426,-0.00363,0.00094
40.36,0.0037,-0.00195,1e-05,0.00023,0.00016,-0,-0.00011,-5e-05,0.0001,-0.0003,0,-3e-05,-3e-05,0.00068,-2e-05,-0.00023,0.00019,0,-2e-05,-8e-05,0.00013,-0.00569,0.00163,-0.00011,-1e-05,0.00013,6e-05,-0.01335,0.0111,-0.00109,-0.0464,-0.00262,-0.00273,0.0005
40.38,0.00198,-0.00158,-1e-05,0.00018,0.00015,-0,-5e-05,-7e-05,0.0001,-0.0003,0,-2e-05,-2e-05,0.00073,0,-0.00025,0.00019,0,-2e-05,-7e-05,-7e-05,-0.00488,0.00095,0.00017,2e-05,7e-05,4e-05,-2e-05,0.02023,-0.0003,-0.08178,-0.00011,-0.00112,0.00013
40.4,0.00071,-0.0012,-4e-05,0.00013,0.00012,-0,-0,-8e-05,0.0001,-0.0003,0,-2e-05,-2e-05,0.00075,1e-05,-0.00025,0.00017,0,-2e-05,-6e-05,-0.00023,-0.00418,0.00054,0.00022,4e-05,4e-05,2e-05,0.0139,0.0285,-8e-05,-0.11791,0.00288,0.00106,-6e-05
40.42,0.00015,-0.00084,-8e-05,9e-05,8e-05,-0,2e-05,-9e-05,9e-05,-0.00025,0,-1e-05,-1e-05,0.00071,1e-05,-0.00023,0.00015,0,-1e-05,-5e-05,-0.00031,-0.00363,0.00032,0.0001,6e-05,1e-05,0,0.0279,0.03619,0.00016,-0.16082,0.00496,0.00283,-0.00023
40.44,-0.00015,-0.00053,-0.00015,6e-05,3e-05,0,2e-05,-8e-05,7e-05,-0.00019,0,-1e-05,-0,0.00065,-0,-0.00019,0.00012,0,-1e-05,-3e-05,-0.00031,-0.00311,0.00018,-3e-05,8e-05,-0,-1e-05,0.04141,0.04187,0.0012,-0.20417,0.00549,0.00361,-0.00044
40.46,-0.0005,-0.00027,-0.00022,3e-05,-3e-05,0,1e-05,-7e-05,5e-05,-0.00013,0,-1e-05,1e-05,0.0006,-3e-05,-0.00015,9e-05,0,-1e-05,-2e-05,-0.00027,-0.00255,9e-05,-0.00014,0.0001,-2e-05,-1e-05,0.05297,0.04426,0.00261,-0.23635,0.00497,0.00366,-0.00059
40.48,-0.00084,-7e-05,-0.0003,0,-0.0001,0,-2e-05,-5e-05,4e-05,-5e-05,0,-0,1e-05,0.00054,-7e-05,-9e-05,6e-05,0,-1e-05,-1e-05,-0.0002,-0.002,4e-05,-0.00022,0.00012,-2e-05,-2e-05,0.06194,0.04314,0.00394,-0.25347,0.00367,0.0031,-0.00065
40.5,-0.00105,9e-05,-0.00038,-2e-05,-0.00017,0,-6e-05,-4e-05,2e-05,1e-05,0,-0,1e-05,0.00048,-0.00012,-3e-05,2e-05,0,-0,0,-0.00014,-0.00148,2e-05,-0.00027,0.00013,-3e-05,-2e-05,0.06652,0.03817,0.00492,-0.25296,0.00224,0.00237,-0.00059
40.52,-0.00108,0.0002,-0.00045,-4e-05,-0.00021,0,-8e-05,-2e-05,1e-05,3e-05,0,0,2e-05,0.00045,-0.00016,2e-05,-1e-05,0,0,1e-05,-0.00012,-0.00105,2e-05,-0.00032,0.00013,-3e-05,-2e-05,0.06525,0.02992,0.00531,-0.23494,0.00117,0.00177,-0.00041
40.54,-0.00106,0.00027,-0.00049,-5e-05,-0.00024,0,-0.0001,-0,0,4e-05,0,0,1e-05,0.00043,-0.0002,7e-05,-3e-05,0,0,1e-05,-0.0001,-0.00071,3e-05,-0.00037,0.00013,-3e-05,-2e-05,0.05927,0.02068,0.00489,-0.19926,0.00044,0.00122,-0.00024
40.56,-0.00108,0.00028,-0.0005,-5e-05,-0.00024,0,-0.00012,1e-05,0,4e-05,0,0,1e-05,0.00042,-0.00022,0.00011,-5e-05,0,1e-05,1e-05,-5e-05,-0.00047,5e-05,-0.00041,0.00013,-3e-05,-2e-05,0.05057,0.01247,0.00377,-0.15231,3e-05,0.00075,-0.00013
40.58,-0.00113,0.00022,-0.00048,-5e-05,-0.00023,0,-0.00012,2e-05,0,2e-05,0,0,1e-05,0.00043,-0.00024,0.00013,-6e-05,0,1e-05,1e-05,-0,-0.00031,7e-05,-0.00046,0.00012,-3e-05,-2e-05,0.04097,0.00626,0.00228,-0.10501,-0.00015,0.00041,-6e-05
40.6,-0.00116,0.0001,-0.00045,-4e-05,-0.0002,0,-0.00013,2e-05,2e-05,-4e-05,0,-0,1e-05,0.00045,-0.00023,0.00014,-6e-05,0,1e-05,0,6e-05,-0.00023,9e-05,-0.00052,0.00011,-3e-05,-2e-05,0.03105,0.00232,0.00077,-0.06227,-0.00016,0.00019,-2e-05
40.62,-0.00116,-9e-05,-0.0004,-3e-05,-0.00017,0,-0.00013,-0,5e-05,-8e-05,0,-0,0,0.00049,-0.00021,0.00013,-5e-05,0,1e-05,0,0.00012,-0.0002,0.00011,-0.00056,0.0001,-3e-05,-2e-05,0.02222,0.00017,-0.0005,-0.02973,-0.0001,7e-05,-1e-05
40.64,-0.00115,-0.00033,-0.00035,-2e-05,-0.00015,0,-0.00014,-3e-05,9e-05,-6e-05,0,-1e-05,-0,0.00054,-0.00018,0.00011,-3e-05,0,1e-05,-0,0.00019,-0.00021,0.00012,-0.00058,9e-05,-3e-05,-2e-05,0.01587,-0.00083,-0.00156,-0.0104,-5e-05,2e-05,-1e-05
40.66,-0.00116,-0.00061,-0.0003,-2e-05,-0.00014,0,-0.00013,-7e-05,0.00014,-3e-05,-0,-1e-05,-1e-05,0.0006,-0.00012,9e-05,1e-05,0,0,-0,0.00029,-0.00025,0.00013,-0.00059,8e-05,-3e-05,-2e-05,0.01179,-0.0012,-0.0024,-0.0016,-3e-05,-0,-0
40.68,-0.00118,-0.0009,-0.00025,-2e-05,-0.00014,0,-0.00013,-0.0001,0.00019,3e-05,-0,-1e-05,-1e-05,0.00064,-6e-05,7e-05,4e-05,0,0,0,0.00042,-0.0003,0.00014,-0.00058,7e-05,-3e-05,-1e-05,0.01006,-0.00125,-0.00283,3e-05,-1e-05,-0,-0
40.7,-0.00114,-0.00116,-0.00021,-2e-05,-0.00015,0,-0.00011,-0.00011,0.00023,0.0001,-0,-1e-05,-1e-05,0.00067,1e-05,5e-05,9e-05,0,-0,0,0.0006,-0.00036,0.00015,-0.00053,6e-05,-3e-05,-1e-05,0.00957,-0.00124,-0.00295,-6e-05,0,-0,0
40.72,-0.00099,-0.00135,-0.00017,-2e-05,-0.00017,0,-9e-05,-0.00011,0.00024,0.00017,-0,-1e-05,-1e-05,0.00071,8e-05,3e-05,0.00014,0,-1e-05,0,0.00084,-0.00043,0.00016,-0.00047,5e-05,-3e-05,-1e-05,0.00907,-0.00134,-0.00299,-0.0002,1e-05,-0,0
40.74,-0.0008,-0.00146,-0.00014,-3e-05,-0.00019,0,-6e-05,-9e-05,0.00024,0.00023,-0,-1e-05,-0,0.00074,0.00014,1e-05,0.0002,0,-1e-05,0,0.00112,-0.00051,0.00018,-0.0004,4e-05,-3e-05,-1e-05,0.00842,-0.00153,-0.00297,-0.00054,1e-05,-0,0
40.76,-0.00059,-0.00151,-0.00011,-5e-05,-0.00022,0,-2e-05,-7e-05,0.00023,0.00028,-0,-1e-05,0,0.00074,0.00019,0,0.00026,0,-1e-05,0,0.00145,-0.00059,0.00021,-0.00032,3e-05,-2e-05,-1e-05,0.00755,-0.00175,-0.00289,-0.00127,1e-05,-1e-05,0
40.78,-0.00035,-0.00153,-8e-05,-6e-05,-0.00024,0,3e-05,-4e-05,0.0002,0.00033,-0,-1e-05,0,0.00072,0.00023,-0,0.00031,0,-1e-05,0,0.00181,-0.00067,0.00023,-0.00024,2e-05,-2e-05,-0,0.0065,-0.00198,-0.00274,-0.00243,0,-1e-05,0
40.8,-0.00011,-0.00149,-6e-05,-8e-05,-0.00025,0,7e-05,-2e-05,0.00017,0.00036,-0,-1e-05,1e-05,0.00068,0.00027,-1e-05,0.00035,0,-1e-05,0,0.00218,-0.00075,0.00027,-0.00016,2e-05,-2e-05,-0,0.00528,-0.00217,-0.00253,-0.00392,-0,-1e-05,0
40.82,0.0001,-0.0014,-4e-05,-0.0001,-0.00026,0,0.0001,0,0.00014,0.00034,-0,-1e-05,1e-05,0.00063,0.00029,-1e-05,0.00038,0,-1e-05,-0,0.00255,-0.00082,0.00033,-0.00011,1e-05,-1e-05,-0,0.00394,-0.00229,-0.00225,-0.00552,-1e-05,-1e-05,0
40.84,0.00024,-0.00129,-3e-05,-0.00013,-0.00026,0,0.00012,3e-05,0.00012,0.00032,-0,-1e-05,1e-05,0.00058,0.00031,-1e-05,0.00039,0,-1e-05,-0,0.00287,-0.00088,0.00039,-7e-05,0,-1e-05,-0,0.00259,-0.00233,-0.00194,-0.00708,-1e-05,-0,-0
40.86,0.00031,-0.00117,-2e-05,-0.00015,-0.00025,0,0.00013,5e-05,0.0001,0.0003,-0,-1e-05,1e-05,0.00051,0.00031,-1e-05,0.00038,0,-1e-05,-0,0.00313,-0.00091,0.00045,-5e-05,-1e-05,-1e-05,-0,0.00135,-0.00229,-0.00162,-0.00849,-2e-05,0,-1e-05
40.88,0.00031,-0.00103,-0,-0.00016,-0.00022,0,0.00013,8e-05,8e-05,0.00029,-0,-1e-05,2e-05,0.00043,0.00032,-1e-05,0.00035,0,-1e-05,-0,0.00329,-0.00092,0.00048,-3e-05,-1e-05,-1e-05,0,0.00029,-0.00213,-0.00129,-0.00955,-2e-05,1e-05,-1e-05
40.9,0.00027,-0.00085,1e-05,-0.00017,-0.00018,0,0.00011,0.00011,7e-05,0.00027,-0,-1e-05,2e-05,0.00034,0.00032,-1e-05,0.0003,0,-1e-05,-0,0.00335,-0.0009,0.0005,-2e-05,-2e-05,-1e-05,0,-0.00052,-0.00188,-0.00096,-0.01006,-2e-05,1e-05,-2e-05
40.92,0.00019,-0.00064,2e-05,-0.00018,-0.00012,0,8e-05,0.00014,6e-05,0.00025,-0,-0,1e-05,0.00024,0.00032,-1e-05,0.00024,0,-1e-05,-0,0.00329,-0.00087,0.0005,-2e-05,-2e-05,-1e-05,0,-0.00101,-0.00156,-0.00063,-0.00975,-2e-05,1e-05,-2e-05
40.94,0.00011,-0.0004,3e-05,-0.00018,-5e-05,0,5e-05,0.00017,6e-05,0.00023,-0,-0,1e-05,0.00014,0.00031,-1e-05,0.00017,0,-0,-0,0.00313,-0.00082,0.00048,-2e-05,-3e-05,-1e-05,0,-0.00119,-0.00113,-0.00034,-0.00868,-2e-05,1e-05,-2e-05
40.96,5e-05,-0.00015,3e-05,-0.00017,3e-05,0,2e-05,0.00019,6e-05,0.00021,-0,-0,1e-05,4e-05,0.0003,-1e-05,0.0001,0,-0,-0,0.00289,-0.00075,0.00043,-2e-05,-3e-05,-1e-05,0,-0.00118,-0.00059,-9e-05,-0.007,-1e-05,0,-1e-05
40.98,-0,0.00012,4e-05,-0.00014,0.0001,0,0,0.0002,8e-05,0.00018,-0,-0,0,-6e-05,0.00029,-1e-05,4e-05,0,-0,-0,0.00258,-0.00067,0.00036,-2e-05,-4e-05,-0,0,-0.0005,-0.0005,4e-05,-0.00624,3e-05,3e-05,2e-05
41,-1e-05,0.00038,4e-05,-0.00011,0.00018,0,-1e-05,0.00019,9e-05,0.00015,-0,-0,0,-0.00018,0.00027,-1e-05,-3e-05,0,0,-0,0.00226,-0.00059,0.00027,-4e-05,-4e-05,-0,0,0.00104,-0.00135,9e-05,-0.00797,0.0001,8e-05,5e-05
41.02,2e-05,0.00061,4e-05,-6e-05,0.00024,0,-3e-05,0.00017,0.00011,0.00012,-0,-0,-0,-0.0003,0.00023,-0,-9e-05,0,0,-0,0.00194,-0.00054,0.00017,-5e-05,-4e-05,-0,0,0.00265,-0.00302,7e-05,-0.0093,0.00015,0.00013,9e-05
41.04,7e-05,0.00076,3e-05,0,0.00029,0,-4e-05,0.00014,0.00013,9e-05,-0,-0,-1e-05,-0.00045,0.00017,2e-05,-0.00015,0,0,-0,0.00166,-0.00049,8e-05,-8e-05,-4e-05,-0,0,0.00394,-0.0054,4e-05,-0.00837,0.00012,0.00016,0.00011
41.06,0.00014,0.00082,1e-05,8e-05,0.00032,0,-4e-05,0.00011,0.00014,7e-05,-0,-0,-1e-05,-0.00063,0.0001,5e-05,-0.0002,0,0,-0,0.00143,-0.00046,1e-05,-0.00012,-4e-05,-0,0,0.00468,-0.00829,0,-0.00501,-2e-05,0.00013,9e-05
41.08,0.00024,0.00078,-3e-05,0.00017,0.00033,0,-5e-05,8e-05,0.00015,6e-05,-0,-0,-1e-05,-0.00086,2e-05,9e-05,-0.00025,0,0,-0,0.00125,-0.00043,-6e-05,-0.00017,-4e-05,0,0,0.00462,-0.0115,-4e-05,0.00113,-0.00032,3e-05,3e-05
41.1,0.00035,0.00058,-8e-05,0.00026,0.00032,0,-6e-05,6e-05,0.00015,5e-05,-0,-0,-1e-05,-0.00113,-7e-05,0.00015,-0.00028,-0,-0,0,0.00113,-0.00042,-0.00013,-0.00022,-3e-05,0,0,0.00375,-0.01445,-0.00012,0.00948,-0.00078,-0.00014,-9e-05
41.12,0.00049,0.00021,-0.00013,0.00036,0.00028,0,-8e-05,4e-05,0.00014,6e-05,-0,-0,-2e-05,-0.00138,-0.00016,0.00022,-0.00031,-0,-0,0,0.00105,-0.00042,-0.00018,-0.00027,-2e-05,0,0,0.00248,-0.01637,-0.00033,0.0171,-0.0013,-0.00038,-0.00025
41.14,0.00063,-0.00033,-0.00018,0.00044,0.00022,0,-0.00011,2e-05,0.00013,9e-05,-0,-0,-1e-05,-0.00163,-0.00025,0.00031,-0.00031,-0,-0,1e-05,0.001,-0.00042,-0.00024,-0.00032,-2e-05,-0,-0,0.00162,-0.01741,-0.00059,0.02139,-0.00178,-0.00065,-0.00045
41.16,0.00078,-0.00095,-0.00021,0.00052,0.00014,0,-0.00014,1e-05,0.0001,0.00012,-0,-0,-1e-05,-0.0019,-0.00032,0.00039,-0.0003,-0,0,1e-05,0.00099,-0.00043,-0.00029,-0.00034,-1e-05,-0,-0,0.0018,-0.01794,-0.0007,0.02232,-0.00213,-0.00091,-0.00064
41.18,0.00093,-0.00164,-0.00021,0.00058,4e-05,-0,-0.00018,0,8e-05,0.00016,-0,-1e-05,-1e-05,-0.00218,-0.00036,0.00045,-0.00027,-0,0,2e-05,0.001,-0.00044,-0.00034,-0.00035,-0,-0,-0,0.00328,-0.01801,-0.00054,0.01939,-0.00227,-0.00112,-0.00081
41.2,0.00105,-0.00231,-0.00017,0.00062,-5e-05,-0,-0.00023,-0,6e-05,0.00021,-0,-1e-05,-1e-05,-0.00242,-0.00036,0.0005,-0.00023,-0,1e-05,3e-05,0.00102,-0.00043,-0.00038,-0.00032,0,0,-1e-05,0.00594,-0.01787,4e-05,0.01488,-0.00222,-0.00126,-0.00092
41.22,0.00112,-0.00286,-9e-05,0.00063,-0.00014,-0,-0.00027,-1e-05,4e-05,0.00026,-0,-1e-05,0,-0.00256,-0.00031,0.00051,-0.00019,-0,1e-05,4e-05,0.00103,-0.00042,-0.0004,-0.00025,1e-05,0,-1e-05,0.00947,-0.01768,0.00089,0.01179,-0.00204,-0.0013,-0.00097
41.24,0.00111,-0.00328,4e-05,0.00061,-0.00022,-0,-0.0003,-1e-05,3e-05,0.00031,-0,-1e-05,1e-05,-0.00261,-0.00023,0.0005,-0.00014,-0,1e-05,4e-05,0.00104,-0.00039,-0.00042,-0.00013,1e-05,1e-05,-0,0.0134,-0.01747,0.00175,0.00921,-0.00175,-0.00128,-0.00098
41.26,0.00105,-0.00356,0.00019,0.00057,-0.0003,-0,-0.00032,-1e-05,2e-05,0.00035,-0,-1e-05,2e-05,-0.0026,-0.00011,0.00047,-9e-05,-0,2e-05,5e-05,0.00105,-0.00035,-0.00043,2e-05,1e-05,2e-05,0,0.01721,-0.01723,0.00254,0.00646,-0.0014,-0.00123,-0.00096
41.28,0.00096,-0.00368,0.00034,0.00051,-0.00037,-0,-0.00032,-1e-05,1e-05,0.00037,-0,-1e-05,3e-05,-0.00251,3e-05,0.00042,-4e-05,-0,2e-05,5e-05,0.00103,-0.00027,-0.00042,0.0002,0,3e-05,0,0.02053,-0.0169,0.00314,0.00416,-0.00103,-0.00115,-0.00091
41.3,0.00081,-0.00364,0.00048,0.00044,-0.00043,-0,-0.00031,0,-0,0.00039,-0,-1e-05,4e-05,-0.00236,0.00017,0.00035,1e-05,-0,2e-05,4e-05,0.00101,-0.00015,-0.0004,0.00039,-0,3e-05,1e-05,0.02306,-0.01644,0.00352,0.00236,-0.00067,-0.00107,-0.00086
41.32,0.00061,-0.00346,0.00057,0.00038,-0.00044,-0,-0.0003,1e-05,-1e-05,0.00039,-0,-1e-05,4e-05,-0.00218,0.00032,0.0003,5e-05,-0,2e-05,3e-05,0.001,3e-05,-0.00037,0.00061,-1e-05,4e-05,1e-05,0.02459,-0.0158,0.00368,0.00098,-0.00034,-0.00098,-0.00081
41.34,0.00042,-0.00319,0.0006,0.00031,-0.00043,-0,-0.00027,3e-05,-2e-05,0.00038,-0,-1e-05,4e-05,-0.00198,0.00045,0.00024,8e-05,-0,2e-05,2e-05,0.00096,0.00026,-0.00032,0.00084,-1e-05,4e-05,1e-05,0.0251,-0.01481,0.00359,-7e-05,-5e-05,-0.00089,-0.00075
41.36,0.00025,-0.00288,0.00058,0.00024,-0.0004,-0,-0.00024,5e-05,-3e-05,0.00038,-0,-1e-05,4e-05,-0.00175,0.00056,0.00021,0.00011,-0,2e-05,1e-05,0.00084,0.00053,-0.00027,0.00101,-1e-05,4e-05,1e-05,0.02464,-0.01337,0.00323,-0.00091,0.00019,-0.00081,-0.0007
41.38,0.0001,-0.00254,0.00051,0.00019,-0.00037,-0,-0.00021,6e-05,-4e-05,0.00037,0,-1e-05,4e-05,-0.0015,0.00064,0.00019,0.00013,-0,1e-05,0,0.00066,0.00081,-0.0002,0.00108,-1e-05,4e-05,1e-05,0.02328,-0.01157,0.00265,-0.00163,0.00039,-0.00073,-0.00065
41.4,-4e-05,-0.00221,0.00041,0.00014,-0.00034,-0,-0.00018,8e-05,-4e-05,0.00036,0,-1e-05,4e-05,-0.00126,0.00069,0.00018,0.00014,-0,1e-05,-0,0.00039,0.0011,-0.00014,0.00108,-1e-05,3e-05,1e-05,0.02149,-0.00955,0.00194,-0.00224,0.00055,-0.00066,-0.0006
41.42,-0.00016,-0.00189,0.00032,0.0001,-0.0003,-0,-0.00016,9e-05,-4e-05,0.00036,0,-1e-05,3e-05,-0.00106,0.00073,0.00019,0.00015,-0,1e-05,-1e-05,5e-05,0.00138,-9e-05,0.00111,-0,3e-05,1e-05,0.01972,-0.00749,0.00119,-0.0028,0.00067,-0.0006,-0.00055
41.44,-0.00029,-0.00161,0.00023,7e-05,-0.00027,-0,-0.00013,9e-05,-4e-05,0.00037,0,-1e-05,3e-05,-0.00088,0.00075,0.00021,0.00016,-0,1e-05,-1e-05,-0.00028,0.00164,-6e-05,0.0011,0,2e-05,1e-05,0.01778,-0.00565,0.00049,-0.00328,0.00077,-0.00054,-0.00051
41.46,-0.00044,-0.00137,0.00017,5e-05,-0.00024,-0,-0.00011,9e-05,-4e-05,0.00037,-0,-1e-05,2e-05,-0.00071,0.00073,0.00023,0.00017,-0,1e-05,-1e-05,-0.00059,0.00183,-3e-05,0.00098,1e-05,2e-05,1e-05,0.01552,-0.00417,-9e-05,-0.00366,0.00085,-0.00048,-0.00047
41.48,-0.0006,-0.00117,0.00012,5e-05,-0.00023,-0,-9e-05,8e-05,-3e-05,0.00037,-0,-1e-05,2e-05,-0.00055,0.00071,0.00026,0.00019,-0,1e-05,-1e-05,-0.00083,0.00195,-2e-05,0.00084,1e-05,1e-05,0,0.01307,-0.00315,-0.00049,-0.00394,0.00091,-0.00042,-0.00043
41.5,-0.00075,-0.00101,9e-05,5e-05,-0.00021,-0,-5e-05,7e-05,-2e-05,0.00038,-0,-1e-05,1e-05,-0.00043,0.00067,0.00029,0.00021,-0,1e-05,-1e-05,-0.00095,0.00201,-2e-05,0.00067,2e-05,1e-05,0,0.01064,-0.00268,-0.00066,-0.00401,0.00097,-0.00037,-0.00039
41.52,-0.00085,-0.00086,8e-05,6e-05,-0.00021,-0,-2e-05,5e-05,-2e-05,0.00039,-0,-1e-05,1e-05,-0.00034,0.00062,0.00031,0.00023,-0,1e-05,-2e-05,-0.0009,0.00201,-1e-05,0.00047,2e-05,1e-05,0,0.00833,-0.00283,-0.00057,-0.00384,0.00104,-0.00031,-0.00034
41.54,-0.0009,-0.00071,7e-05,7e-05,-0.00021,-0,3e-05,4e-05,-1e-05,0.0004,-0,-0,0,-0.00027,0.00057,0.00033,0.00026,-0,1e-05,-2e-05,-0.00066,0.00193,0,0.0003,2e-05,1e-05,0,0.00605,-0.0036,-0.00022,-0.0035,0.00111,-0.00026,-0.0003
41.56,-0.0009,-0.00056,7e-05,8e-05,-0.00022,-0,8e-05,2e-05,-1e-05,0.00041,-0,-0,-0,-0.00021,0.00053,0.00035,0.00028,-0,0,-2e-05,-0.00022,0.00179,2e-05,0.00019,2e-05,1e-05,0,0.00373,-0.00494,0.00034,-0.00309,0.0012,-0.0002,-0.00025
41.58,-0.00084,-0.00038,8e-05,9e-05,-0.00023,-0,0.00014,-0,0,0.00043,-0,-0,-1e-05,-0.00016,0.00049,0.00035,0.0003,-0,0,-2e-05,0.00041,0.00159,5e-05,0.00013,2e-05,0,0,0.00142,-0.00672,0.001,-0.00268,0.0013,-0.00014,-0.0002
41.6,-0.00066,-0.00015,8e-05,9e-05,-0.00024,-0,0.0002,-3e-05,1e-05,0.00045,-0,-0,-1e-05,-0.00013,0.00045,0.00035,0.00032,-0,0,-2e-05,0.00119,0.00131,9e-05,9e-05,1e-05,0,0,-0.00083,-0.00875,0.00159,-0.00232,0.0014,-8e-05,-0.00015
41.62,-0.00037,0.00014,9e-05,0.0001,-0.00025,-0,0.00025,-5e-05,4e-05,0.00047,-0,-0,-1e-05,-0.00011,0.0004,0.00034,0.00032,-0,0,-1e-05,0.00214,0.00094,0.00014,5e-05,0,0,0,-0.00294,-0.01083,0.00192,-0.00208,0.0015,-2e-05,-0.0001
41.64,-0,0.00048,8e-05,0.0001,-0.00026,-0,0.00029,-7e-05,7e-05,0.00051,-0,-0,-1e-05,-0.0001,0.00036,0.00032,0.00032,-0,0,-1e-05,0.0032,0.00054,0.00019,3e-05,-0,0,0,-0.0048,-0.01259,0.00185,-0.00205,0.00159,4e-05,-5e-05
41.66,0.00042,0.00087,7e-05,0.0001,-0.00026,-0,0.00032,-9e-05,0.0001,0.00056,-0,-0,-1e-05,-9e-05,0.00032,0.00031,0.00032,-0,0,-1e-05,0.0043,0.00013,0.00024,3e-05,-1e-05,0,0,-0.00625,-0.01362,0.00138,-0.00222,0.00161,9e-05,-0
41.68,0.00092,0.00124,5e-05,9e-05,-0.00025,-0,0.00035,-0.0001,0.00013,0.00062,-0,-0,-1e-05,-7e-05,0.00028,0.00029,0.00031,-0,0,-1e-05,0.00538,-0.00027,0.00029,3e-05,-2e-05,0,0,-0.00696,-0.01364,0.0006,-0.00242,0.00156,0.00014,4e-05
41.7,0.00138,0.00154,1e-05,9e-05,-0.00023,-0,0.00036,-0.0001,0.00016,0.0007,-0,0,-2e-05,-4e-05,0.00024,0.00027,0.00029,-0,0,-1e-05,0.00638,-0.00063,0.00032,4e-05,-3e-05,1e-05,0,-0.00728,-0.01257,-0.00027,-0.00245,0.00143,0.00016,7e-05
41.72,0.00154,0.00165,-3e-05,9e-05,-0.00019,-0,0.00035,-9e-05,0.00019,0.0008,-0,0,-2e-05,-1e-05,0.00019,0.00025,0.00026,-0,0,-1e-05,0.00732,-0.00086,0.00033,6e-05,-4e-05,1e-05,0,-0.00769,-0.01049,-0.001,-0.00218,0.00121,0.00017,9e-05
41.74,0.00135,0.00154,-8e-05,0.0001,-0.00014,-0,0.00033,-6e-05,0.00021,0.0009,-0,0,-2e-05,2e-05,0.00014,0.00024,0.00023,-0,0,-0,0.00815,-0.00095,0.00031,9e-05,-4e-05,1e-05,0,-0.00758,-0.00773,-0.00143,-0.00167,0.00094,0.00016,0.0001
41.76,0.00095,0.0012,-0.00015,0.00012,-9e-05,-0,0.00032,-2e-05,0.00022,0.00102,-0,0,-1e-05,6e-05,0.0001,0.00023,0.0002,-0,1e-05,-0,0.00882,-0.00092,0.00027,0.00015,-5e-05,1e-05,0,-0.00655,-0.00475,-0.00141,-0.00108,0.00067,0.00013,9e-05
41.78,0.00032,0.00066,-0.00022,0.00013,-4e-05,-0,0.00031,1e-05,0.00022,0.00113,-0,0,-1e-05,0.00011,6e-05,0.00022,0.00017,-0,1e-05,-0,0.00935,-0.00079,0.00021,0.00023,-5e-05,1e-05,0,-0.00485,-0.00206,-0.00098,-0.00053,0.00042,0.0001,7e-05
41.8,-0.00075,-6e-05,-0.00029,0.00015,-1e-05,-0,0.00029,4e-05,0.00023,0.00123,-0,1e-05,-1e-05,0.00017,2e-05,0.00022,0.00013,0,1e-05,0,0.00984,-0.0006,0.00013,0.00034,-4e-05,1e-05,0,-0.00277,4e-05,-0.00025,-0.00014,0.00022,6e-05,4e-05
41.82,-0.00254,-0.0009,-0.00036,0.00019,2e-05,-0,0.00025,5e-05,0.00023,0.0013,-0,1e-05,-1e-05,0.00022,-2e-05,0.00023,9e-05,0,1e-05,0,0.01039,-0.00039,6e-05,0.00049,-4e-05,1e-05,0,-0.00017,0.00138,0.0006,3e-05,9e-05,2e-05,2e-05
41.84,-0.00481,-0.00172,-0.00042,0.00023,3e-05,0,0.00021,4e-05,0.00025,0.00135,-0,1e-05,-1e-05,0.00027,-6e-05,0.00024,5e-05,0,2e-05,0,0.01104,-0.00018,-1e-05,0.00063,-4e-05,1e-05,0,0.00279,0.00197,0.00142,-1e-05,1e-05,-1e-05,-0
41.86,-0.00723,-0.00242,-0.00046,0.00026,2e-05,0,0.00018,1e-05,0.00029,0.00134,-0,1e-05,-1e-05,0.0003,-0.0001,0.00025,1e-05,0,2e-05,1e-05,0.01177,1e-05,-7e-05,0.00077,-3e-05,0,0,0.00479,0.00176,0.00172,-0.00018,-1e-05,-2e-05,-1e-05
41.88,-0.00979,-0.00296,-0.00048,0.0003,2e-05,0,0.00015,-3e-05,0.00034,0.0013,0,1e-05,-0,0.00033,-0.00013,0.00027,-3e-05,0,3e-05,1e-05,0.01261,0.00017,-0.00011,0.00089,-3e-05,0,0,0.00602,0.0012,0.00162,-0.00036,-0,-1e-05,-2e-05
41.9,-0.01247,-0.00333,-0.00048,0.00033,2e-05,0,0.00012,-9e-05,0.00042,0.0012,0,1e-05,0,0.00034,-0.00016,0.00029,-7e-05,0,3e-05,1e-05,0.01359,0.0003,-0.00015,0.00099,-2e-05,0,0,0.0071,0.00067,0.00142,-0.00046,-0,-1e-05,-2e-05
41.92,-0.01524,-0.00355,-0.00047,0.00037,2e-05,0,8e-05,-0.00013,0.0005,0.00106,0,2e-05,1e-05,0.00034,-0.00016,0.00032,-0.00011,0,4e-05,3e-05,0.01466,0.00045,-0.00018,0.00107,-2e-05,0,0,0.00785,0.00023,0.00113,-0.00039,0,-1e-05,-2e-05
41.94,-0.01797,-0.00367,-0.00045,0.0004,3e-05,0,4e-05,-0.00015,0.00059,0.0009,0,2e-05,2e-05,0.00032,-0.00015,0.00035,-0.00014,0,4e-05,4e-05,0.01581,0.0006,-0.0002,0.00114,-2e-05,0,0,0.00871,-0.0001,0.00083,-0.00019,0,-1e-05,-2e-05
41.96,-0.02051,-0.0037,-0.00043,0.00043,5e-05,0,-2e-05,-0.00015,0.00067,0.00073,0,3e-05,3e-05,0.00029,-0.00013,0.00038,-0.00017,0,4e-05,5e-05,0.01704,0.00073,-0.00021,0.00119,-1e-05,-0,0,0.01001,-0.00031,0.00056,3e-05,0,-1e-05,-1e-05
41.98,-0.02287,-0.00365,-0.0004,0.00046,7e-05,0,-0.00012,-0.00011,0.00073,0.00055,0,3e-05,4e-05,0.00025,-0.0001,0.00041,-0.00019,0,4e-05,6e-05,0.01833,0.00085,-0.00021,0.00124,-1e-05,-0,0,0.01173,-0.00041,0.00031,0.00022,1e-05,-1e-05,-1e-05
42,-0.02507,-0.00349,-0.00037,0.00049,0.0001,0,-0.00021,-4e-05,0.00076,0.00037,0,3e-05,5e-05,0.0002,-5e-05,0.00044,-0.00021,0,4e-05,6e-05,0.01969,0.00095,-0.0002,0.00128,-1e-05,-0,-0,0.01403,-0.0004,8e-05,0.00024,1e-05,-1e-05,-1e-05
42.02,-0.02715,-0.00322,-0.00033,0.00052,0.00013,0,-0.00025,4e-05,0.00075,0.0002,0,3e-05,5e-05,0.00015,0,0.00046,-0.00022,0,4e-05,6e-05,0.02116,0.00105,-0.00019,0.00134,-1e-05,-0,-0,0.01706,-0.00028,-0.00013,7e-05,1e-05,-1e-05,-1e-05
42.04,-0.02918,-0.00284,-0.00027,0.00056,0.00015,0,-0.00027,0.00014,0.00071,5e-05,0,3e-05,6e-05,9e-05,6e-05,0.00048,-0.00022,0,3e-05,6e-05,0.02266,0.00114,-0.00017,0.0014,-1e-05,-0,-0,0.02052,-0.0001,-0.00031,-0.00022,1e-05,-1e-05,-1e-05
42.06,-0.03121,-0.00238,-0.00022,0.00059,0.00017,0,-0.00031,0.00025,0.00062,-9e-05,0,3e-05,6e-05,3e-05,0.00012,0.00048,-0.00023,0,3e-05,6e-05,0.02413,0.00119,-0.00014,0.00145,-1e-05,-0,-0,0.02411,0.00012,-0.00045,-0.00061,1e-05,-1e-05,-1e-05
42.08,-0.03328,-0.00189,-0.00015,0.00061,0.00018,0,-0.00035,0.00035,0.00051,-0.00022,0,3e-05,6e-05,-3e-05,0.00018,0.00048,-0.00023,0,3e-05,5e-05,0.02554,0.00122,-9e-05,0.00151,-1e-05,-0,-0,0.02762,0.00034,-0.00053,-0.00108,1e-05,-1e-05,-1e-05
42.1,-0.03544,-0.00138,-0.0001,0.00061,0.00017,0,-0.00041,0.00046,0.00036,-0.00034,0,3e-05,6e-05,-9e-05,0.00024,0.00046,-0.00023,0,2e-05,5e-05,0.02691,0.00121,-3e-05,0.00156,-1e-05,-0,-0,0.03095,0.00053,-0.00054,-0.00153,2e-05,-1e-05,-0
42.12,-0.03777,-0.00092,-4e-05,0.0006,0.00014,0,-0.0005,0.00056,0.00019,-0.00044,0,3e-05,6e-05,-0.00012,0.00029,0.00042,-0.00022,0,2e-05,5e-05,0.02827,0.00118,3e-05,0.00162,-1e-05,-0,-0,0.03405,0.00065,-0.00048,-0.00179,2e-05,-1e-05,-0
42.14,-0.04019,-0.00053,0,0.00057,0.0001,0,-0.0006,0.00065,3e-05,-0.00053,0,3e-05,6e-05,-0.00015,0.00034,0.00036,-0.00022,0,2e-05,5e-05,0.0295,0.00111,9e-05,0.00169,-1e-05,-0,-0,0.03642,0.00069,-0.00034,-0.00181,2e-05,-0,-0
42.16,-0.04264,-0.00025,4e-05,0.00051,4e-05,-0,-0.00069,0.00072,-0.00012,-0.00062,0,3e-05,6e-05,-0.00019,0.00039,0.00028,-0.00022,0,2e-05,5e-05,0.03052,0.00104,0.00016,0.00176,-0,-0,-0,0.03797,0.00067,-0.00012,-0.00172,3e-05,-0,-0
42.18,-0.04515,-6e-05,6e-05,0.00043,-2e-05,-0,-0.00078,0.00077,-0.00026,-0.00069,-0,3e-05,7e-05,-0.00023,0.00044,0.00018,-0.00021,0,2e-05,5e-05,0.03131,0.00097,0.00021,0.00182,-0,-0,-0,0.03891,0.0006,0.00015,-0.00155,3e-05,-0,-0
42.2,-0.04751,5e-05,7e-05,0.00032,-8e-05,-0,-0.00085,0.00081,-0.00037,-0.00076,-0,3e-05,7e-05,-0.00029,0.00051,5e-05,-0.0002,0,2e-05,6e-05,0.03189,0.00091,0.00026,0.0019,-0,-0,-0,0.0393,0.00048,0.00046,-0.00127,3e-05,-0,-0
42.22,-0.04952,8e-05,8e-05,0.0002,-0.00013,-0,-0.00089,0.00083,-0.00047,-0.0008,-0,3e-05,7e-05,-0.00034,0.00057,-8e-05,-0.00019,0,2e-05,7e-05,0.0323,0.00087,0.00029,0.00204,0,-0,-0,0.03926,0.00033,0.00082,-0.00082,3e-05,-0,-0
42.24,-0.05122,6e-05,7e-05,6e-05,-0.00017,-0,-0.00092,0.00085,-0.00054,-0.00081,-0,2e-05,7e-05,-0.0004,0.00065,-0.00022,-0.00017,0,2e-05,7e-05,0.0325,0.00088,0.00032,0.0022,0,-0,-0,0.03894,0.00016,0.0012,-0.00032,4e-05,-0,-0
42.26,-0.05265,2e-05,6e-05,-8e-05,-0.00019,-0,-0.00093,0.00084,-0.0006,-0.0008,0,2e-05,7e-05,-0.00046,0.00073,-0.00036,-0.00014,-0,2e-05,8e-05,0.03249,0.00093,0.00033,0.00236,1e-05,-1e-05,-0,0.0384,-4e-05,0.00153,0.00012,4e-05,0,-0
42.28,-0.05375,-4e-05,4e-05,-0.00022,-0.0002,-0,-0.00091,0.00083,-0.00064,-0.00077,0,2e-05,7e-05,-0.00052,0.00082,-0.00049,-0.00011,-0,2e-05,8e-05,0.03231,0.00101,0.00033,0.00252,1e-05,-1e-05,-0,0.03769,-0.00024,0.00181,0.00051,4e-05,0,-0
42.3,-0.05426,-9e-05,2e-05,-0.00035,-0.00019,-0,-0.00087,0.0008,-0.00066,-0.0007,0,1e-05,7e-05,-0.00056,0.0009,-0.00061,-6e-05,0,2e-05,8e-05,0.03194,0.00112,0.00033,0.00269,2e-05,-1e-05,-0,0.03684,-0.00046,0.00203,0.00084,4e-05,-0,-0
42.32,-0.05398,-0.00013,0,-0.00046,-0.00016,-0,-0.00082,0.00074,-0.00065,-0.00061,0,1e-05,6e-05,-0.00058,0.00099,-0.00069,1e-05,0,1e-05,7e-05,0.03135,0.00126,0.00034,0.00285,2e-05,-0,0,0.03586,-0.00067,0.00217,0.00107,4e-05,-0,-0
42.34,-0.05312,-0.00016,-2e-05,-0.00055,-0.00013,-0,-0.00074,0.00067,-0.00063,-0.00049,0,1e-05,6e-05,-0.00057,0.00105,-0.00075,9e-05,0,1e-05,6e-05,0.03063,0.0014,0.00036,0.003,3e-05,-0,0,0.03476,-0.00089,0.00228,0.00124,4e-05,0,-0
42.36,-0.05184,-0.00019,-4e-05,-0.00062,-9e-05,-0,-0.00065,0.00059,-0.0006,-0.00035,0,0,5e-05,-0.00053,0.00109,-0.00078,0.0002,0,1e-05,5e-05,0.02988,0.00153,0.0004,0.00312,5e-05,0,1e-05,0.03358,-0.00111,0.0024,0.00137,4e-05,0,-0
42.38,-0.05011,-0.00021,-6e-05,-0.00065,-4e-05,-0,-0.00055,0.0005,-0.00055,-0.00018,0,0,4e-05,-0.00046,0.0011,-0.00077,0.00032,1e-05,1e-05,4e-05,0.02907,0.00164,0.00045,0.00321,7e-05,1e-05,1e-05,0.03232,-0.00132,0.00254,0.00146,4e-05,0,0
42.4,-0.04788,-0.00023,-8e-05,-0.00066,0,-0,-0.00043,0.00041,-0.0005,1e-05,0,-0,4e-05,-0.00038,0.00107,-0.00074,0.00046,1e-05,1e-05,2e-05,0.0282,0.00176,0.00051,0.00328,0.0001,2e-05,2e-05,0.03092,-0.00152,0.00271,0.00153,4e-05,1e-05,0
42.42,-0.0452,-0.00023,-9e-05,-0.00065,5e-05,-0,-0.00032,0.00031,-0.00045,0.00021,0,-0,3e-05,-0.00027,0.00099,-0.0007,0.00063,1e-05,1e-05,1e-05,0.02727,0.00189,0.00055,0.00334,0.00014,4e-05,2e-05,0.02934,-0.00171,0.00292,0.00157,4e-05,2e-05,1e-05
42.44,-0.04223,-0.00023,-0.0001,-0.00061,8e-05,-0,-0.00021,0.00021,-0.0004,0.00042,0,-0,2e-05,-0.00016,0.00086,-0.00063,0.00081,2e-05,1e-05,-1e-05,0.02621,0.00211,0.00055,0.00338,0.00019,5e-05,3e-05,0.02772,-0.00187,0.00316,0.00161,5e-05,2e-05,1e-05
42.46,-0.03914,-0.00021,-0.00011,-0.00056,0.0001,-0,-0.00011,0.00013,-0.00035,0.00063,0,-0,1e-05,-4e-05,0.0007,-0.00054,0.001,2e-05,1e-05,-3e-05,0.02507,0.00249,0.00049,0.00341,0.00026,8e-05,4e-05,0.02613,-0.00198,0.00341,0.00164,5e-05,4e-05,1e-05
42.48,-0.03602,-0.00017,-0.00011,-0.00051,0.00011,-0,-0,4e-05,-0.0003,0.00084,0,-0,0,7e-05,0.00049,-0.00044,0.00121,2e-05,0,-4e-05,0.02385,0.00305,0.00033,0.00344,0.00032,0.0001,4e-05,0.0246,-0.00203,0.00364,0.00167,6e-05,5e-05,2e-05
42.5,-0.03295,-0.00012,-0.0001,-0.00047,0.00012,-0,9e-05,-4e-05,-0.00025,0.00106,0,-0,-0,0.00016,0.00025,-0.00033,0.00143,2e-05,0,-6e-05,0.02255,0.00382,0.0001,0.00345,0.00041,0.00013,5e-05,0.02312,-0.00197,0.00383,0.00172,7e-05,8e-05,3e-05
42.52,-0.03001,-5e-05,-9e-05,-0.00045,0.00011,-0,0.00018,-0.00011,-0.00021,0.00129,0,-0,-2e-05,0.00024,0,-0.00022,0.00166,2e-05,0,-6e-05,0.02117,0.00471,-0.0002,0.00345,0.00055,0.00019,6e-05,0.02173,-0.00176,0.00401,0.00184,8e-05,0.0001,4e-05
42.54,-0.0274,3e-05,-8e-05,-0.00046,0.0001,-0,0.00026,-0.00017,-0.00018,0.00153,-0,-0,-3e-05,0.00031,-0.00023,-0.00012,0.00189,2e-05,0,-7e-05,0.01974,0.00561,-0.00054,0.00342,0.00073,0.00027,7e-05,0.02045,-0.00145,0.00412,0.00198,9e-05,0.00013,5e-05
42.56,-0.02524,0.00012,-7e-05,-0.0005,8e-05,-0,0.00032,-0.00023,-0.00015,0.00177,-0,-0,-4e-05,0.00035,-0.00045,-2e-05,0.00212,2e-05,0,-7e-05,0.01827,0.00632,-0.00086,0.00336,0.00092,0.00035,6e-05,0.01927,-0.00113,0.00414,0.0021,0.0001,0.00015,6e-05
42.58,-0.02356,0.0002,-6e-05,-0.00058,6e-05,-0,0.00038,-0.00028,-0.00013,0.002,-0,-0,-5e-05,0.00037,-0.00065,7e-05,0.00233,1e-05,-0,-7e-05,0.01679,0.00649,-0.00113,0.00326,0.00114,0.00047,4e-05,0.01812,-0.00079,0.00414,0.00223,0.0001,0.00017,7e-05
42.6,-0.02237,0.00028,-5e-05,-0.0007,4e-05,-0,0.00042,-0.00033,-0.0001,0.00224,-0,-1e-05,-7e-05,0.00038,-0.00081,0.00015,0.00253,0,-0,-7e-05,0.01519,0.00623,-0.00126,0.00312,0.00137,0.00061,1e-05,0.01687,-0.00055,0.00415,0.00231,0.0001,0.00018,7e-05
42.62,-0.02166,0.00032,-4e-05,-0.00086,1e-05,-0,0.00045,-0.00037,-8e-05,0.00249,-0,-1e-05,-7e-05,0.00037,-0.00093,0.00021,0.00271,-1e-05,-1e-05,-7e-05,0.01333,0.00603,-0.00107,0.00296,0.00156,0.0007,-2e-05,0.01541,-0.00047,0.00414,0.00229,0.0001,0.00023,0.0001
42.64,-0.02144,0.00032,-3e-05,-0.00105,-0,-0,0.00048,-0.00041,-5e-05,0.00273,-0,-0,-8e-05,0.00036,-0.001,0.00026,0.00286,-1e-05,-1e-05,-6e-05,0.01136,0.00567,-0.00069,0.00286,0.00176,0.0008,-3e-05,0.01364,-0.0005,0.00429,0.00222,0.0001,0.00024,0.00011
42.66,-0.02165,0.00029,-2e-05,-0.00127,-1e-05,-0,0.00049,-0.00044,-2e-05,0.00294,-0,-0,-8e-05,0.00034,-0.00105,0.00029,0.00296,-1e-05,-1e-05,-6e-05,0.00941,0.00492,-0.00031,0.00283,0.00197,0.00096,-2e-05,0.01157,-0.00061,0.00469,0.00216,6e-05,0.00019,9e-05
42.68,-0.02217,0.00023,-2e-05,-0.00152,-2e-05,-0,0.0005,-0.00047,2e-05,0.00311,-0,-0,-8e-05,0.00034,-0.00106,0.0003,0.00301,-0,-1e-05,-5e-05,0.00751,0.0042,0.0001,0.00284,0.00214,0.00106,-1e-05,0.00925,-0.00087,0.00524,0.00206,0,7e-05,4e-05
42.7,-0.02281,0.00016,-1e-05,-0.00179,-2e-05,-0,0.00049,-0.00049,7e-05,0.00325,0,-0,-7e-05,0.00032,-0.00106,0.0003,0.00302,-0,-1e-05,-5e-05,0.00574,0.00334,0.00035,0.00284,0.00232,0.00127,1e-05,0.00685,-0.00125,0.00598,0.00201,-8e-05,-0.00011,-5e-05
42.72,-0.02341,6e-05,-1e-05,-0.00208,-1e-05,-0,0.00047,-0.00051,0.00012,0.00337,0,-0,-7e-05,0.0003,-0.00104,0.00028,0.003,0,-0,-5e-05,0.00398,0.00208,0.00023,0.00242,0.00239,0.00185,2e-05,0.00464,-0.00167,0.00706,0.00215,-0.00014,-0.00024,-0.00012
42.74,-0.02386,-4e-05,-0,-0.00236,-1e-05,-0,0.00044,-0.00053,0.00017,0.00342,0,-0,-7e-05,0.00028,-0.00102,0.00026,0.00294,0,-0,-4e-05,0.00254,0.0011,7e-05,0.00179,0.00233,0.0025,1e-05,0.00287,-0.00211,0.00815,0.0024,-0.00015,-0.00029,-0.00015
42.76,-0.02413,-0.00014,-0,-0.00264,-0,-0,0.00041,-0.00054,0.00023,0.00339,1e-05,0,-6e-05,0.00026,-0.00099,0.00023,0.00283,0,0,-4e-05,0.00143,0.00053,-2e-05,0.00092,0.00198,0.00283,-8e-05,0.0017,-0.0025,0.00892,0.00266,-0.00014,-0.00028,-0.00015
42.78,-0.02434,-0.00025,0,-0.0029,-0,-0,0.00036,-0.00055,0.00028,0.00328,1e-05,0,-6e-05,0.00025,-0.00096,0.0002,0.00269,1e-05,0,-3e-05,0.00065,0.00021,-5e-05,-0.00025,0.00153,0.00306,-0.00029,0.00113,-0.00271,0.00937,0.00299,-0.00011,-0.00021,-0.00013
42.8,-0.02467,-0.00034,1e-05,-0.00313,-0,-0,0.00031,-0.00055,0.00033,0.00311,1e-05,0,-5e-05,0.00024,-0.00092,0.00017,0.00252,0,0,-3e-05,0.00019,6e-05,-2e-05,-0.00179,0.0009,0.00285,-0.00061,0.00105,-0.00266,0.00932,0.00332,-7e-05,-0.00015,-9e-05
42.82,-0.02529,-0.00041,1e-05,-0.00332,-0,-0,0.00024,-0.00054,0.00036,0.00288,2e-05,0,-4e-05,0.00023,-0.00088,0.00014,0.00231,0,0,-3e-05,-1e-05,0,8e-05,-0.00382,5e-05,0.00173,-0.00088,0.00126,-0.00232,0.00867,0.00354,-6e-05,-0.00012,-8e-05
42.84,-0.02639,-0.00046,1e-05,-0.00344,-1e-05,0,0.00019,-0.00052,0.00038,0.00261,2e-05,0,-3e-05,0.00022,-0.00083,0.00013,0.00208,0,0,-2e-05,-4e-05,-1e-05,0.00022,-0.0063,-0.00056,0.0006,-0.00107,0.00155,-0.00174,0.00769,0.00368,-4e-05,-0.0001,-6e-05
42.86,-0.02795,-0.00049,2e-05,-0.0035,-1e-05,0,0.00015,-0.00051,0.00039,0.00232,2e-05,0,-3e-05,0.00021,-0.00077,0.00012,0.00184,0,0,-2e-05,2e-05,-0,0.00038,-0.00899,-0.00078,-6e-05,-0.00121,0.00178,-0.00104,0.00657,0.00376,-2e-05,-7e-05,-4e-05
42.88,-0.02966,-0.0005,3e-05,-0.00345,-1e-05,0,0.00011,-0.00048,0.00038,0.00201,2e-05,0,-2e-05,0.00019,-0.0007,0.00012,0.00158,0,0,-2e-05,0.0001,0,0.00051,-0.01159,-0.00072,-0.00038,-0.00116,0.00189,-0.00037,0.00541,0.00377,-0,-3e-05,-2e-05
42.9,-0.03102,-0.00047,4e-05,-0.0033,-1e-05,0,9e-05,-0.00045,0.00035,0.00169,1e-05,0,-1e-05,0.00017,-0.00062,0.00013,0.00132,0,0,-2e-05,0.00014,-1e-05,0.0006,-0.01336,-0.0005,-0.00038,-0.00097,0.00189,0.00014,0.00425,0.00367,2e-05,1e-05,1e-05
42.92,-0.03144,-0.00039,5e-05,-0.00301,-0,0,7e-05,-0.00041,0.00031,0.00135,1e-05,0,-1e-05,0.00014,-0.00055,0.00016,0.00105,0,-0,-2e-05,0.00013,-3e-05,0.00064,-0.01351,-0.00025,-0.00021,-0.00076,0.00184,0.00042,0.00316,0.00343,5e-05,6e-05,3e-05
42.94,-0.03047,-0.00028,6e-05,-0.0026,0,0,6e-05,-0.00036,0.00024,0.00101,0,0,-0,0.00011,-0.00047,0.00018,0.00079,0,-0,-2e-05,7e-05,-6e-05,0.0006,-0.01212,-5e-05,-6e-05,-0.00052,0.00178,0.00049,0.00227,0.00315,9e-05,0.00012,6e-05
42.96,-0.02792,-0.00018,8e-05,-0.00207,1e-05,0,4e-05,-0.00031,0.00016,0.00068,0,0,-0,7e-05,-0.00038,0.00021,0.00053,0,0,-2e-05,1e-05,-9e-05,0.0005,-0.00975,3e-05,-0,-0.00031,0.00177,0.00038,0.00159,0.00285,0.00012,0.00019,9e-05
42.98,-0.02393,-8e-05,9e-05,-0.00145,2e-05,0,2e-05,-0.00025,7e-05,0.00036,-0,0,0,2e-05,-0.00028,0.00023,0.00028,0,0,-2e-05,-4e-05,-0.0001,0.00037,-0.00697,4e-05,-2e-05,-0.00018,0.0018,0.00017,0.00111,0.00254,0.00016,0.00025,0.00012
43,-0.01892,0,9e-05,-0.00079,2e-05,0,1e-05,-0.00018,-4e-05,5e-05,-0,0,0,-4e-05,-0.00018,0.00025,4e-05,0,0,-2e-05,-7e-05,-0.0001,0.00025,-0.0043,-1e-05,-8e-05,-0.0001,0.00185,-4e-05,0.00078,0.00223,0.0002,0.00033,0.00015
43.02,-0.01345,6e-05,9e-05,-0.00014,3e-05,0,-1e-05,-0.00011,-0.00014,-0.00023,-0,0,-0,-9e-05,-8e-05,0.00025,-0.00018,0,0,-2e-05,-7e-05,-9e-05,0.00015,-0.0021,-6e-05,-0.00014,-4e-05,0.00189,-0.0002,0.00057,0.00191,0.00026,0.00048,0.00023
43.04,-0.00806,0.00011,9e-05,0.00043,2e-05,-0,-3e-05,-4e-05,-0.00023,-0.00047,-0,0,-0,-0.00013,1e-05,0.00024,-0.00037,0,0,-2e-05,-6e-05,-8e-05,8e-05,-0.0005,-0.00011,-0.00018,1e-05,0.00186,-0.00029,0.00042,0.00158,0.00032,0.00064,0.00032
43.06,-0.00313,0.00012,9e-05,0.0009,2e-05,-0,-5e-05,4e-05,-0.00031,-0.00067,-0,0,-1e-05,-0.00017,0.00011,0.00022,-0.00055,0,0,-2e-05,-4e-05,-6e-05,4e-05,0.00049,-0.00013,-0.0002,7e-05,0.00176,-0.00031,0.00032,0.00125,0.00035,0.00075,0.00039
43.08,0.00111,0.00012,8e-05,0.00124,1e-05,-0,-5e-05,0.0001,-0.00037,-0.00083,-0,0,-1e-05,-0.00019,0.0002,0.00018,-0.0007,0,0,-2e-05,-1e-05,-4e-05,1e-05,0.00096,-0.00013,-0.00019,0.00012,0.00157,-0.00028,0.00024,0.00093,0.00036,0.00083,0.00043
43.1,0.00454,0.0001,8e-05,0.00145,1e-05,-0,-5e-05,0.00016,-0.00042,-0.00093,0,0,-1e-05,-0.00021,0.00028,0.00013,-0.00082,0,0,-1e-05,0,-2e-05,0,0.00103,-0.00011,-0.00017,0.00017,0.00133,-0.00019,0.00017,0.00062,0.00034,0.00081,0.00043
43.12,0.00711,6e-05,7e-05,0.00151,0,-0,-5e-05,0.00021,-0.00044,-0.00099,0,0,-2e-05,-0.00021,0.00035,8e-05,-0.00091,0,0,-1e-05,2e-05,-1e-05,-0,0.00084,-9e-05,-0.00014,0.00021,0.00106,-8e-05,0.0001,0.00034,0.00028,0.00068,0.00037
43.14,0.00885,2e-05,6e-05,0.00144,-0,-0,-2e-05,0.00025,-0.00045,-0.00098,1e-05,0,-2e-05,-0.0002,0.0004,3e-05,-0.00096,0,-0,-1e-05,2e-05,-0,-0,0.00048,-7e-05,-0.0001,0.00022,0.00078,3e-05,5e-05,0.00011,0.0002,0.00051,0.00028
43.16,0.0098,-3e-05,5e-05,0.00125,-0,-0,1e-05,0.00028,-0.00045,-0.00092,1e-05,0,-2e-05,-0.00018,0.00043,-0,-0.00098,0,-0,-0,2e-05,0,-0,0.00017,-4e-05,-7e-05,0.00023,0.00052,0.00014,0,-7e-05,0.00013,0.00034,0.00019
43.18,0.01005,-8e-05,4e-05,0.00096,0,-0,6e-05,0.00029,-0.00043,-0.00079,1e-05,0,-3e-05,-0.00015,0.00044,-2e-05,-0.00096,0,-0,-0,2e-05,1e-05,-0,-7e-05,-3e-05,-4e-05,0.00023,0.00028,0.00022,-4e-05,-0.00021,6e-05,0.00017,0.0001
43.2,0.00972,-0.00012,3e-05,0.0006,1e-05,-0,0.00013,0.00028,-0.00039,-0.00061,2e-05,0,-3e-05,-0.00012,0.00042,-3e-05,-0.00091,0,-0,-0,2e-05,1e-05,0,-0.00026,-1e-05,-2e-05,0.00022,7e-05,0.00028,-7e-05,-0.0003,-1e-05,0,0
43.22,0.00891,-0.00015,2e-05,0.00021,2e-05,-0,0.00021,0.00026,-0.00036,-0.00036,2e-05,0,-4e-05,-9e-05,0.00039,-2e-05,-0.00083,0,0,-0,2e-05,1e-05,-0,-0.00038,-0,-1e-05,0.00021,-0.0001,0.00031,-0.0001,-0.00035,-6e-05,-0.00015,-8e-05
43.24,0.0077,-0.00016,1e-05,-0.00021,3e-05,-0,0.0003,0.00023,-0.00031,-6e-05,2e-05,0,-4e-05,-7e-05,0.00033,1e-05,-0.00072,0,0,-1e-05,2e-05,1e-05,-0,-0.00045,0,0,0.00019,-0.00025,0.00031,-0.00013,-0.00036,-0.0001,-0.00027,-0.00016
43.26,0.00618,-0.00015,0,-0.00064,5e-05,-0,0.00039,0.0002,-0.00027,0.00029,2e-05,0,-5e-05,-4e-05,0.00026,6e-05,-0.00059,0,0,-1e-05,1e-05,1e-05,-0,-0.00046,1e-05,1e-05,0.00017,-0.00037,0.00029,-0.00015,-0.00034,-0.00012,-0.00036,-0.00022
43.28,0.00444,-0.00013,-0,-0.00106,6e-05,-0,0.00046,0.00017,-0.00023,0.00068,2e-05,-0,-6e-05,-2e-05,0.00018,0.00011,-0.00045,0,0,-2e-05,1e-05,1e-05,-1e-05,-0.00044,1e-05,1e-05,0.00015,-0.00044,0.00026,-0.00017,-0.00031,-0.00014,-0.00043,-0.00027
43.3,0.00256,-0.0001,-0,-0.00146,8e-05,-0,0.00051,0.00014,-0.0002,0.0011,2e-05,-0,-6e-05,1e-05,9e-05,0.00018,-0.00029,0,0,-2e-05,1e-05,0,-1e-05,-0.00039,1e-05,1e-05,0.00013,-0.00048,0.00023,-0.00017,-0.00026,-0.00014,-0.00045,-0.00029
43.32,0.00067,-6e-05,-0,-0.00182,9e-05,-0,0.00056,0.00011,-0.00017,0.00152,1e-05,-0,-6e-05,2e-05,1e-05,0.00025,-0.00014,0,0,-2e-05,0,0,-1e-05,-0.00031,1e-05,1e-05,0.0001,-0.00047,0.0002,-0.00016,-0.0002,-0.00013,-0.00041,-0.00026
43.34,-0.00114,-2e-05,0,-0.00213,9e-05,-0,0.00059,9e-05,-0.00016,0.00194,1e-05,-0,-5e-05,4e-05,-6e-05,0.00033,-1e-05,0,0,-2e-05,0,0,-1e-05,-0.00023,1e-05,1e-05,8e-05,-0.0004,0.00017,-0.00013,-0.00014,-0.00011,-0.00033,-0.00021
43.36,-0.0028,3e-05,1e-05,-0.00237,9e-05,-0,0.00056,8e-05,-0.00016,0.00232,0,-0,-4e-05,5e-05,-0.00013,0.0004,0.00012,0,0,-2e-05,0,0,-0,-0.00013,1e-05,1e-05,7e-05,-0.00028,0.00015,-9e-05,-7e-05,-8e-05,-0.00024,-0.00014
43.38,-0.00424,7e-05,1e-05,-0.00257,9e-05,-0,0.0005,7e-05,-0.00017,0.00266,-0,-0,-2e-05,6e-05,-0.00017,0.00047,0.00022,1e-05,0,-2e-05,-0,0,-0,-4e-05,0,0,5e-05,-0.00013,0.00013,-4e-05,-1e-05,-4e-05,-0.00014,-7e-05
43.4,-0.00539,0.00011,2e-05,-0.00271,8e-05,-0,0.00043,8e-05,-0.00018,0.00295,-1e-05,-0,-1e-05,7e-05,-0.00021,0.00053,0.00029,1e-05,1e-05,-1e-05,-0,0,0,6e-05,0,0,4e-05,3e-05,0.00011,2e-05,6e-05,-0,-6e-05,-2e-05
43.42,-0.0062,0.00015,3e-05,-0.00284,8e-05,-0,0.00038,8e-05,-0.00021,0.00319,-1e-05,0,-1e-05,7e-05,-0.00025,0.00058,0.00033,1e-05,1e-05,-1e-05,-0,0,1e-05,0.00015,0,-0,2e-05,0.00018,0.00011,8e-05,0.00012,4e-05,0,4e-05
43.44,-0.00663,0.0002,3e-05,-0.00296,7e-05,-0,0.00035,0.0001,-0.00023,0.00338,-1e-05,1e-05,-1e-05,7e-05,-0.00028,0.00063,0.00034,1e-05,1e-05,-2e-05,-0,-0,1e-05,0.00024,0,-0,1e-05,0.0003,0.00011,0.00012,0.00018,7e-05,6e-05,0.0001
43.46,-0.00667,0.00023,4e-05,-0.00308,6e-05,-0,0.00033,0.00012,-0.00025,0.0035,-0,2e-05,-1e-05,7e-05,-0.0003,0.00066,0.00033,1e-05,1e-05,-2e-05,-0,-0,1e-05,0.00032,-0,-0,-2e-05,0.00037,0.0001,0.00015,0.00023,0.00011,0.0001,0.00016
43.48,-0.00638,0.00026,6e-05,-0.00322,4e-05,-0,0.00033,0.00015,-0.00027,0.00357,1e-05,3e-05,-0,8e-05,-0.00033,0.00067,0.00028,1e-05,1e-05,-3e-05,-0,-0,2e-05,0.0004,-0,-0,-5e-05,0.0004,9e-05,0.00015,0.00028,0.00014,0.00011,0.00022
43.5,-0.00581,0.00028,7e-05,-0.00338,3e-05,-0,0.00032,0.00019,-0.00029,0.00358,2e-05,4e-05,-0,8e-05,-0.00034,0.00067,0.00022,1e-05,1e-05,-3e-05,-0,-0,2e-05,0.00047,0,0,-9e-05,0.00039,7e-05,0.00015,0.00033,0.00017,0.0001,0.00026
43.52,-0.00506,0.00029,9e-05,-0.00354,3e-05,-0,0.00027,0.00024,-0.0003,0.00356,5e-05,5e-05,-0,8e-05,-0.00035,0.00064,0.00016,0,2e-05,-2e-05,-0,-0,2e-05,0.00054,0,0,-0.00015,0.00035,5e-05,0.00013,0.00037,0.00018,5e-05,0.00027
43.54,-0.0042,0.00028,0.0001,-0.00371,2e-05,-0,0.00022,0.00029,-0.0003,0.0035,8e-05,6e-05,0,8e-05,-0.00033,0.00058,9e-05,-0,2e-05,-1e-05,-0,-0,2e-05,0.0006,0,0,-0.00021,0.0003,3e-05,0.00011,0.0004,0.0002,0,0.00026
43.56,-0.00333,0.00027,0.00011,-0.00386,1e-05,-0,0.00017,0.00035,-0.0003,0.00341,0.00013,8e-05,0,9e-05,-0.00031,0.0005,2e-05,1e-05,3e-05,-0,-0,-0,2e-05,0.00064,0,0,-0.00029,0.00024,2e-05,9e-05,0.00042,0.00021,-5e-05,0.00023
43.58,-0.00252,0.00024,0.00011,-0.004,1e-05,-0,0.00011,0.00042,-0.00029,0.0033,0.00019,0.0001,0,9e-05,-0.00028,0.0004,-3e-05,3e-05,5e-05,0,-0,-0,2e-05,0.00068,0,0,-0.00037,0.00019,0,7e-05,0.00043,0.00022,-9e-05,0.00019
43.6,-0.00185,0.0002,0.0001,-0.0041,0,-0,4e-05,0.00049,-0.00027,0.00317,0.00024,0.00012,0,0.00011,-0.00025,0.00029,-7e-05,9e-05,7e-05,1e-05,-0,-0,2e-05,0.00068,0,0,-0.00043,0.00014,-1e-05,5e-05,0.00043,0.00023,-0.00012,0.00015
43.62,-0.0014,0.00013,8e-05,-0.00413,-0,-0,-3e-05,0.00057,-0.00025,0.00303,0.00031,0.00014,0,0.00013,-0.00022,0.00019,-8e-05,0.00023,0.0001,0,-0,-0,2e-05,0.00068,0,0,-0.00045,9e-05,-2e-05,3e-05,0.00041,0.00025,-0.00014,9e-05
43.64,-0.00122,5e-05,5e-05,-0.00409,-0,-0,-0.0001,0.00065,-0.00023,0.00288,0.00036,0.00015,1e-05,0.00016,-0.0002,0.00013,-8e-05,0.00041,0.00013,-0,-0,-0,2e-05,0.00065,0,0,-0.00043,6e-05,-4e-05,2e-05,0.00038,0.00028,-0.00015,5e-05
43.66,-0.00134,-2e-05,3e-05,-0.00399,-0,-0,-0.00014,0.00072,-0.0002,0.00274,0.00036,0.00014,1e-05,0.00017,-0.0002,0.0001,-5e-05,0.00058,0.00014,-0,0,-0,2e-05,0.0006,0,0,-0.00039,3e-05,-5e-05,1e-05,0.0002,0.00019,-7e-05,1e-05
43.68,-0.00176,-9e-05,0,-0.00383,-0,-0,-0.00017,0.00076,-0.00016,0.0026,0.00033,0.00012,2e-05,0.00017,-0.00021,0.00012,0,0.00073,0.00015,-0,0,-0,2e-05,0.00055,0,0,-0.00032,1e-05,-5e-05,-0,-6e-05,3e-05,6e-05,-0
43.7,-0.00245,-0.00013,-2e-05,-0.00364,0,-0,-0.00018,0.00079,-0.00012,0.00245,0.00025,0.0001,2e-05,0.00016,-0.00022,0.00015,7e-05,0.00082,0.00014,-1e-05,0,0,1e-05,0.00048,0,0,-0.00026,-0,-4e-05,0,-0.00035,-0.00014,0.00016,1e-05
43.72,-0.00334,-0.00015,-3e-05,-0.00346,0,-0,-0.00017,0.00079,-9e-05,0.00228,0.00016,7e-05,2e-05,0.00015,-0.00024,0.0002,0.00014,0.00086,0.00012,-1e-05,0,0,1e-05,0.00041,0,0,-0.00021,0,-2e-05,1e-05,-0.00062,-0.0003,0.00021,2e-05
43.74,-0.00439,-0.00016,-5e-05,-0.00331,0,-0,-0.00014,0.00077,-4e-05,0.0021,8e-05,5e-05,2e-05,0.00013,-0.00025,0.00024,0.00023,0.00084,9e-05,-1e-05,0,0,0,0.00035,0,0,-0.00017,1e-05,3e-05,2e-05,-0.00085,-0.00043,0.00019,3e-05
43.76,-0.00551,-0.00016,-5e-05,-0.00316,0,-0,-0.0001,0.00071,-0,0.00193,3e-05,3e-05,3e-05,0.00012,-0.00026,0.00027,0.00032,0.00075,6e-05,-1e-05,0,0,-0,0.0003,0,0,-0.00013,2e-05,0.0001,4e-05,-0.00102,-0.0005,0.00015,2e-05
43.78,-0.00663,-0.00016,-6e-05,-0.00304,-0,-0,-6e-05,0.00064,4e-05,0.00176,0,2e-05,3e-05,0.00012,-0.00027,0.00028,0.00041,0.00063,4e-05,-0,0,0,-0,0.00027,0,-0,-0.0001,3e-05,0.0002,5e-05,-0.00112,-0.00052,0.00011,-2e-05
43.8,-0.00764,-0.00015,-6e-05,-0.00293,-0,-0,-3e-05,0.00055,7e-05,0.00159,-1e-05,1e-05,3e-05,0.00013,-0.00027,0.00027,0.00049,0.00048,2e-05,0,0,0,-1e-05,0.00025,0,-0,-7e-05,4e-05,0.00032,5e-05,-0.00114,-0.00048,0.00013,-8e-05
43.82,-0.00843,-0.00015,-6e-05,-0.00281,-0,-0,1e-05,0.00045,0.0001,0.00142,-0,1e-05,2e-05,0.00014,-0.00027,0.00025,0.00055,0.0003,1e-05,0,0,0,-1e-05,0.00023,0,-0,-5e-05,4e-05,0.00046,5e-05,-0.00108,-0.0004,0.00019,-0.00016
43.84,-0.00893,-0.00014,-6e-05,-0.00269,-0,-0,3e-05,0.00035,0.00012,0.00126,0,1e-05,2e-05,0.00016,-0.00026,0.00021,0.0006,0.00016,0,0,0,0,-1e-05,0.00022,-0,-0,-2e-05,4e-05,0.00059,5e-05,-0.00096,-0.00031,0.00027,-0.00024
43.86,-0.00911,-0.00014,-6e-05,-0.00255,-1e-05,-0,5e-05,0.00027,0.00013,0.00112,1e-05,0,2e-05,0.00018,-0.00025,0.00016,0.00063,7e-05,-0,0,0,0,-1e-05,0.00016,-0,-0,0,3e-05,0.00068,4e-05,-0.00081,-0.00024,0.00031,-0.00031
43.88,-0.00897,-0.00013,-6e-05,-0.0024,-1e-05,-0,5e-05,0.00021,0.00014,0.00098,1e-05,0,2e-05,0.00019,-0.00023,0.00011,0.00063,2e-05,-0,0,0,0,-2e-05,4e-05,-0,-0,2e-05,3e-05,0.00074,3e-05,-0.00064,-0.0002,0.00029,-0.00037
43.9,-0.00858,-0.00012,-6e-05,-0.00223,-1e-05,-0,5e-05,0.00016,0.00014,0.00084,1e-05,0,2e-05,0.00021,-0.00022,5e-05,0.00061,-1e-05,-0,0,-0,0,-4e-05,-0.00013,-0,-0,3e-05,2e-05,0.00073,2e-05,-0.00048,-0.00018,0.00022,-0.00039
43.92,-0.008,-0.00011,-6e-05,-0.00207,-1e-05,-0,5e-05,0.00013,0.00015,0.00071,1e-05,0,1e-05,0.00023,-0.0002,0,0.00058,-2e-05,-0,-0,-0,-0,-6e-05,-0.00036,-0,-0,3e-05,1e-05,0.00066,1e-05,-0.00034,-0.00017,0.0001,-0.00038
43.94,-0.00731,-0.0001,-5e-05,-0.00189,-1e-05,0,4e-05,0.00011,0.00015,0.00057,0,0,1e-05,0.00025,-0.00017,-5e-05,0.00052,-4e-05,-0,0,-0,-0,-9e-05,-0.00063,-0,-0,1e-05,1e-05,0.00056,1e-05,-0.00022,-0.00016,-2e-05,-0.00034
43.96,-0.00655,-9e-05,-5e-05,-0.0017,-1e-05,0,3e-05,0.0001,0.00015,0.00043,-0,0,1e-05,0.00026,-0.00015,-9e-05,0.00046,-4e-05,-0,0,0,-0,-0.00011,-0.00093,-0,0,-3e-05,0,0.00045,0,-0.00014,-0.00014,-0.00012,-0.00028
43.98,-0.00579,-8e-05,-5e-05,-0.0015,-1e-05,0,2e-05,0.0001,0.00015,0.00028,-0,0,0,0.00026,-0.00012,-0.00013,0.00038,-5e-05,-0,0,0,-0,-0.00013,-0.00126,0,0,-8e-05,-0,0.00035,-0,-9e-05,-0.00011,-0.00019,-0.0002
44,-0.00504,-8e-05,-4e-05,-0.0013,-1e-05,0,1e-05,0.0001,0.00015,0.00014,-0,0,-0,0.00026,-9e-05,-0.00017,0.0003,-6e-05,-0,0,0,-0,-0.00015,-0.00158,0,0,-0.00013,-0,0.00026,-0,-6e-05,-8e-05,-0.00023,-0.00012
44.02,-0.00434,-7e-05,-4e-05,-0.00112,-0,0,0,0.0001,0.00015,1e-05,0,0,-0,0.00026,-6e-05,-0.00021,0.00022,-7e-05,-0,0,0,-0,-0.00016,-0.00186,0,0,-0.00019,-0,0.00018,-0,-4e-05,-5e-05,-0.00024,-5e-05
44.04,-0.0037,-7e-05,-3e-05,-0.00095,-0,0,-0,0.0001,0.00015,-0.00011,0,0,-1e-05,0.00025,-3e-05,-0.00023,0.00014,-8e-05,-0,0,0,-0,-0.00016,-0.00211,0,0,-0.00024,-0,0.00013,-0,-4e-05,-2e-05,-0.00023,-1e-05
44.06,-0.00313,-7e-05,-3e-05,-0.00078,-0,0,-0,0.00011,0.00014,-0.0002,1e-05,0,-1e-05,0.00024,-0,-0.00025,7e-05,-9e-05,-0,0,0,-0,-0.00015,-0.00231,0,0,-0.00027,-0,9e-05,-0,-4e-05,-1e-05,-0.00021,2e-05
44.08,-0.00264,-7e-05,-2e-05,-0.00063,-0,0,-1e-05,0.00011,0.00014,-0.00027,1e-05,0,-1e-05,0.00022,2e-05,-0.00025,1e-05,-0.0001,-1e-05,-0,0,-0,-0.00013,-0.00246,0,0,-0.00028,-0,7e-05,-0,-5e-05,0,-0.00019,4e-05
44.1,-0.00221,-6e-05,-2e-05,-0.00049,0,0,-1e-05,0.00011,0.00013,-0.00031,1e-05,0,-1e-05,0.0002,3e-05,-0.00024,-4e-05,-0.0001,-1e-05,-0,0,-0,-0.00011,-0.00256,-0,-0,-0.00028,-0,6e-05,-0,-6e-05,1e-05,-0.00016,5e-05
44.12,-0.00186,-6e-05,-2e-05,-0.00038,0,0,-1e-05,0.0001,0.00012,-0.00032,1e-05,0,-1e-05,0.00017,4e-05,-0.00021,-7e-05,-7e-05,-1e-05,0,-0,0,-8e-05,-0.00261,-0,-0,-0.00027,-0,5e-05,-0,-7e-05,1e-05,-0.00014,5e-05
44.14,-0.00159,-5e-05,-1e-05,-0.00028,0,0,-1e-05,9e-05,0.00011,-0.00031,1e-05,0,-1e-05,0.00014,3e-05,-0.00016,-8e-05,-4e-05,-1e-05,0,-0,0,-6e-05,-0.00259,-0,-0,-0.00025,-0,5e-05,-0,-7e-05,1e-05,-0.00012,4e-05
44.16,-0.00137,-5e-05,-1e-05,-0.0002,0,0,-2e-05,7e-05,0.0001,-0.00027,1e-05,0,-1e-05,0.0001,1e-05,-0.0001,-8e-05,-0,-0,0,-0,0,-4e-05,-0.0025,-0,-0,-0.00022,-0,4e-05,-0,-8e-05,1e-05,-0.00011,4e-05
44.18,-0.00121,-4e-05,-1e-05,-0.00013,0,0,-3e-05,5e-05,9e-05,-0.00022,0,-0,-1e-05,6e-05,-2e-05,-2e-05,-6e-05,5e-05,1e-05,-0,-0,0,-3e-05,-0.00235,-0,-0,-0.00019,-0,4e-05,-0,-8e-05,1e-05,-0.0001,3e-05
44.2,-0.0011,-2e-05,-1e-05,-8e-05,0,0,-4e-05,2e-05,8e-05,-0.00015,0,-0,-1e-05,1e-05,-5e-05,7e-05,-3e-05,0.00013,2e-05,-1e-05,-0,0,-2e-05,-0.00215,-0,-0,-0.00016,-0,4e-05,-0,-8e-05,1e-05,-0.0001,3e-05
44.22,-0.00103,-1e-05,-1e-05,-4e-05,0,0,-5e-05,-1e-05,8e-05,-8e-05,0,-0,-1e-05,-2e-05,-7e-05,0.00014,1e-05,0.0003,3e-05,-1e-05,-0,0,-2e-05,-0.0019,-0,-0,-0.00013,-0,4e-05,-0,-8e-05,0,-0.0001,2e-05
44.24,-0.00098,0,-1e-05,-1e-05,0,0,-6e-05,-4e-05,7e-05,-0,0,-0,-1e-05,-5e-05,-9e-05,0.0002,5e-05,0.0005,3e-05,0,-0,0,-4e-05,-0.00162,-0,-0,-0.0001,-0,4e-05,-0,-8e-05,0,-0.00012,1e-05
44.26,-0.00095,2e-05,-1e-05,1e-05,0,0,-7e-05,-7e-05,7e-05,7e-05,-0,-0,-1e-05,-6e-05,-0.0001,0.00023,9e-05,0.00062,3e-05,1e-05,-0,0,-6e-05,-0.00132,-0,-0,-7e-05,0,4e-05,0,-8e-05,0,-0.00015,1e-05
44.28,-0.00092,3e-05,-0,3e-05,0,0,-8e-05,-0.0001,7e-05,0.00013,-0,0,-1e-05,-6e-05,-0.0001,0.00025,0.00012,0.0007,3e-05,2e-05,-0,0,-8e-05,-0.00101,-0,-0,-5e-05,0,4e-05,0,-7e-05,1e-05,-0.00018,-0
44.3,-0.00086,4e-05,-0,3e-05,0,0,-9e-05,-0.00013,7e-05,0.00017,-0,0,-1e-05,-6e-05,-0.0001,0.00025,0.00014,0.00067,2e-05,3e-05,-0,0,-0.00011,-0.00071,-0,-0,-3e-05,0,5e-05,0,-7e-05,1e-05,-0.00022,-2e-05
44.32,-0.00077,6e-05,0,4e-05,0,0,-0.0001,-0.00015,7e-05,0.0002,-0,0,-1e-05,-6e-05,-8e-05,0.00024,0.00015,0.00051,2e-05,2e-05,-0,0,-0.00014,-0.00042,-0,-0,-1e-05,0,5e-05,0,-7e-05,1e-05,-0.00026,-3e-05
44.34,-0.00062,6e-05,0,3e-05,0,0,-0.0001,-0.00016,6e-05,0.00021,0,0,-1e-05,-6e-05,-7e-05,0.00023,0.00014,0.00037,2e-05,1e-05,-0,0,-0.00016,-0.00016,-0,-0,0,0,4e-05,0,-6e-05,1e-05,-0.0003,-5e-05
44.36,-0.00042,7e-05,1e-05,3e-05,0,0,-9e-05,-0.00017,5e-05,0.0002,0,0,-1e-05,-6e-05,-5e-05,0.00024,0.00012,0.00029,1e-05,1e-05,0,-0,-0.00018,6e-05,0,0,1e-05,0,4e-05,0,-6e-05,2e-05,-0.00034,-7e-05
44.38,-0.0002,7e-05,1e-05,2e-05,0,0,-9e-05,-0.00016,3e-05,0.00018,1e-05,0,-1e-05,-7e-05,-3e-05,0.00024,9e-05,0.00024,1e-05,0,0,-0,-0.00018,0.00023,0,0,2e-05,0,3e-05,0,-6e-05,2e-05,-0.00037,-9e-05
44.4,2e-05,7e-05,1e-05,1e-05,0,0,-8e-05,-0.00016,1e-05,0.00015,1e-05,0,-1e-05,-8e-05,-2e-05,0.00026,5e-05,0.00023,1e-05,0,0,-0,-0.00017,0.00036,0,1e-05,2e-05,0,1e-05,0,-6e-05,2e-05,-0.0004,-0.00011
44.42,0.00021,7e-05,1e-05,-0,0,0,-7e-05,-0.00014,-2e-05,0.00012,1e-05,0,-1e-05,-9e-05,-0,0.00027,0,0.00024,1e-05,0,0,-0,-0.00015,0.00043,0,1e-05,2e-05,0,-0,0,-7e-05,2e-05,-0.00041,-0.00012
44.44,0.00032,6e-05,1e-05,-1e-05,0,0,-7e-05,-0.00013,-4e-05,9e-05,2e-05,-0,-1e-05,-9e-05,1e-05,0.00028,-3e-05,0.00024,1e-05,1e-05,0,-0,-0.00012,0.00045,0,1e-05,2e-05,0,-2e-05,0,-8e-05,2e-05,-0.00042,-0.00012
44.46,0.00035,5e-05,1e-05,-2e-05,0,0,-6e-05,-0.00011,-5e-05,8e-05,2e-05,-0,-1e-05,-9e-05,2e-05,0.00027,-6e-05,0.00021,1e-05,1e-05,0,-0,-7e-05,0.00042,0,1e-05,1e-05,0,-3e-05,0,-9e-05,2e-05,-0.00041,-0.00012
44.48,0.0003,4e-05,1e-05,-3e-05,0,0,-6e-05,-0.0001,-6e-05,7e-05,2e-05,-0,-1e-05,-8e-05,3e-05,0.00025,-7e-05,0.00014,0,1e-05,0,-0,-2e-05,0.00036,0,1e-05,1e-05,0,-5e-05,0,-0.00011,2e-05,-0.00039,-0.00011
44.5,0.00017,4e-05,1e-05,-3e-05,0,0,-6e-05,-9e-05,-7e-05,9e-05,1e-05,-0,-1e-05,-7e-05,4e-05,0.00022,-7e-05,3e-05,-0,0,0,-0,4e-05,0.00028,0,1e-05,1e-05,0,-6e-05,0,-0.00013,1e-05,-0.00037,-0.0001
44.52,1e-05,3e-05,1e-05,-4e-05,0,0,-6e-05,-9e-05,-7e-05,0.00011,1e-05,-1e-05,-1e-05,-5e-05,4e-05,0.00018,-6e-05,-9e-05,0,0,0,-0,8e-05,0.0002,0,1e-05,1e-05,0,-6e-05,0,-0.00014,1e-05,-0.00034,-8e-05
44.54,-0.00018,3e-05,1e-05,-4e-05,0,0,-7e-05,-9e-05,-6e-05,0.00014,1e-05,-1e-05,-0,-4e-05,4e-05,0.00013,-4e-05,-0.00018,1e-05,-0,0,-0,0.00011,0.00012,0,1e-05,1e-05,-0,-6e-05,-0,-0.00015,0,-0.00032,-7e-05
44.56,-0.00036,3e-05,1e-05,-4e-05,0,0,-8e-05,-0.0001,-5e-05,0.00017,0,-1e-05,-0,-2e-05,5e-05,7e-05,-0,-0.00023,2e-05,-1e-05,0,-0,0.00012,7e-05,0,0,2e-05,-0,-6e-05,-0,-0.00015,0,-0.00029,-5e-05
44.58,-0.00053,3e-05,1e-05,-4e-05,0,-0,-9e-05,-0.00012,-3e-05,0.00021,0,-1e-05,0,-1e-05,5e-05,1e-05,4e-05,-0.00023,4e-05,-1e-05,-0,0,0.00012,5e-05,-0,-0,3e-05,-0,-5e-05,-0,-0.00014,-0,-0.00027,-4e-05
44.6,-0.00067,4e-05,1e-05,-4e-05,0,-0,-0.0001,-0.00014,-0,0.00024,0,-1e-05,0,-1e-05,5e-05,-5e-05,9e-05,-0.00016,6e-05,-1e-05,-0,0,0.0001,7e-05,-0,-0,4e-05,-0,-3e-05,-0,-0.00012,-1e-05,-0.00024,-2e-05
44.62,-0.00076,4e-05,2e-05,-3e-05,-0,-0,-0.00012,-0.00017,3e-05,0.00025,0,-1e-05,1e-05,-1e-05,5e-05,-0.00011,0.00014,5e-05,9e-05,-1e-05,-0,0,7e-05,0.00013,-0,-1e-05,5e-05,-0,-2e-05,-0,-0.0001,-1e-05,-0.00022,-1e-05
44.64,-0.00081,5e-05,2e-05,-1e-05,-0,-0,-0.00013,-0.00021,6e-05,0.00025,0,-0,1e-05,-2e-05,6e-05,-0.00018,0.00019,0.00032,0.0001,-0,-0,0,4e-05,0.00023,-0,-1e-05,6e-05,-0,-0,-0,-8e-05,-2e-05,-0.00019,0
44.66,-0.0008,6e-05,3e-05,2e-05,-0,-0,-0.00015,-0.00025,9e-05,0.00022,0,0,1e-05,-4e-05,7e-05,-0.00024,0.00023,0.00052,0.00011,0,-0,0,1e-05,0.00037,-0,-1e-05,6e-05,-0,1e-05,-0,-6e-05,-2e-05,-0.00016,1e-05
44.68,-0.00074,7e-05,4e-05,6e-05,0,-0,-0.00017,-0.00029,0.00012,0.00016,0,1e-05,1e-05,-6e-05,8e-05,-0.00032,0.00027,0.00066,0.00011,1e-05,-0,0,-2e-05,0.00054,-0,-1e-05,7e-05,-0,2e-05,-0,-4e-05,-3e-05,-0.00013,2e-05
44.7,-0.00062,8e-05,5e-05,0.00011,0,-0,-0.00019,-0.00033,0.00015,5e-05,1e-05,1e-05,0,-8e-05,9e-05,-0.0004,0.00029,0.0007,9e-05,1e-05,-0,0,-3e-05,0.00072,-0,-1e-05,6e-05,-0,2e-05,-0,-3e-05,-5e-05,-8e-05,3e-05
44.72,-0.00046,9e-05,6e-05,0.00019,0,0,-0.0002,-0.00036,0.00018,-0.0001,1e-05,2e-05,0,-0.00011,0.00011,-0.00049,0.0003,0.00064,7e-05,2e-05,-0,0,-3e-05,0.00091,-0,-1e-05,6e-05,-0,1e-05,-0,-3e-05,-6e-05,-2e-05,5e-05
44.74,-0.00026,0.0001,7e-05,0.00028,0,0,-0.00021,-0.00039,0.0002,-0.00031,1e-05,2e-05,-0,-0.00013,0.00014,-0.00058,0.0003,0.00052,5e-05,3e-05,-0,0,-1e-05,0.00108,-0,-1e-05,5e-05,-0,0,-0,-5e-05,-8e-05,5e-05,6e-05
44.76,-4e-05,0.00011,9e-05,0.0004,0,0,-0.00021,-0.00041,0.00022,-0.00057,1e-05,3e-05,-0,-0.00015,0.00016,-0.00068,0.00028,0.00039,3e-05,3e-05,-0,0,4e-05,0.00122,-0,-1e-05,4e-05,-0,-2e-05,-0,-9e-05,-0.00011,0.00014,8e-05
44.78,0.00018,0.00011,0.0001,0.00053,0,0,-0.00021,-0.00042,0.00024,-0.00089,1e-05,3e-05,-1e-05,-0.00017,0.00019,-0.00079,0.00024,0.00027,1e-05,3e-05,-0,0,0.00011,0.0013,-0,-0,3e-05,-0,-3e-05,-0,-0.00015,-0.00013,0.00025,0.00011
44.8,0.00036,0.00012,0.00012,0.00068,1e-05,0,-0.0002,-0.00043,0.00025,-0.00126,1e-05,2e-05,-1e-05,-0.00018,0.00022,-0.00089,0.00018,0.00016,0,3e-05,-0,0,0.0002,0.00132,-0,-0,2e-05,-0,-5e-05,-0,-0.00022,-0.00016,0.00039,0.00013
44.82,0.00049,0.00013,0.00013,0.00085,1e-05,0,-0.00019,-0.00044,0.00026,-0.00167,1e-05,2e-05,-1e-05,-0.00019,0.00025,-0.00096,0.00012,7e-05,-0,3e-05,-0,0,0.00031,0.00125,-0,-0,2e-05,-0,-7e-05,-0,-0.00031,-0.00019,0.00055,0.00016
44.84,0.00054,0.00015,0.00015,0.00104,1e-05,0,-0.00018,-0.00044,0.00028,-0.0021,1e-05,1e-05,-0,-0.0002,0.00027,-0.00102,4e-05,2e-05,0,3e-05,0,-0,0.00043,0.00109,0,0,2e-05,-0,-8e-05,-0,-0.00041,-0.00023,0.00074,0.0002
44.86,0.00052,0.00017,0.00017,0.00124,2e-05,0,-0.00016,-0.00044,0.00031,-0.00256,1e-05,1e-05,0,-0.00021,0.0003,-0.00107,-4e-05,0,1e-05,2e-05,0,-0,0.00055,0.00083,0,0,3e-05,-0,-8e-05,-0,-0.00051,-0.00026,0.00095,0.00023
44.88,0.00045,0.00019,0.00019,0.00144,3e-05,0,-0.00014,-0.00044,0.00035,-0.00306,1e-05,0,0,-0.00021,0.00032,-0.00109,-0.00013,0,3e-05,2e-05,0,-0,0.00066,0.00049,0,0,4e-05,-0,-7e-05,-0,-0.0006,-0.00029,0.00115,0.00025
44.9,0.00039,0.00022,0.00021,0.00164,4e-05,0,-0.00011,-0.00043,0.0004,-0.00356,1e-05,0,1e-05,-0.00022,0.00034,-0.00109,-0.00022,1e-05,5e-05,2e-05,0,-0,0.00073,9e-05,0,0,6e-05,0,-5e-05,0,-0.00065,-0.00032,0.00132,0.00026
44.92,0.00037,0.00026,0.00023,0.00186,5e-05,0,-7e-05,-0.00041,0.00048,-0.00404,1e-05,-0,1e-05,-0.00023,0.00036,-0.00105,-0.00031,1e-05,7e-05,3e-05,0,-0,0.00075,-0.00032,0,0,8e-05,0,-2e-05,0,-0.00067,-0.00033,0.00144,0.00028
44.94,0.00044,0.0003,0.00025,0.00209,6e-05,0,-3e-05,-0.00037,0.00057,-0.00448,1e-05,-0,1e-05,-0.00024,0.00038,-0.00098,-0.00039,2e-05,9e-05,3e-05,0,-0,0.0007,-0.00073,0,0,0.00011,0,2e-05,0,-0.00062,-0.00033,0.00148,0.00028
44.96,0.00062,0.00034,0.00027,0.00231,7e-05,0,-0,-0.00034,0.00067,-0.00489,1e-05,-0,1e-05,-0.00024,0.00039,-0.00089,-0.00047,2e-05,0.0001,3e-05,0,-0,0.0006,-0.00113,0,0,0.00013,0,7e-05,0,-0.00053,-0.0003,0.00144,0.00027
44.98,0.00089,0.00039,0.00028,0.00253,8e-05,0,2e-05,-0.00029,0.00077,-0.00523,1e-05,-0,1e-05,-0.00024,0.00041,-0.00077,-0.00055,1e-05,0.00011,4e-05,0,-0,0.00044,-0.00155,0,0,0.00016,0,0.00013,0,-0.00039,-0.00025,0.00134,0.00025
45,0.00119,0.00043,0.00028,0.00274,8e-05,0,3e-05,-0.00026,0.00088,-0.00544,1e-05,0,1e-05,-0.00024,0.00043,-0.00062,-0.00063,1e-05,0.00011,5e-05,0,-0,0.00025,-0.00201,0,0,0.00018,0,0.0002,0,-0.00021,-0.00018,0.0012,0.00023
45.02,0.00148,0.00045,0.00028,0.00296,9e-05,0,3e-05,-0.00026,0.00098,-0.00545,1e-05,1e-05,0,-0.00024,0.00045,-0.00046,-0.0007,0,0.0001,5e-05,0,-0,7e-05,-0.00255,0,0,0.0002,0,0.00029,0,-2e-05,-0.00011,0.00105,0.0002
45.04,0.00169,0.00044,0.00026,0.00316,9e-05,0,2e-05,-0.00028,0.00107,-0.00526,1e-05,3e-05,0,-0.00024,0.00047,-0.00028,-0.00076,-0,9e-05,6e-05,0,-0,-9e-05,-0.00314,0,0,0.00022,0,0.00037,0,0.00018,-5e-05,0.00091,0.00017
45.06,0.00182,0.00043,0.00023,0.00333,9e-05,0,-1e-05,-0.00033,0.00112,-0.00491,1e-05,6e-05,1e-05,-0.00023,0.00049,-9e-05,-0.00082,0,8e-05,7e-05,-0,0,-0.00021,-0.00373,0,0,0.00023,-0,0.00048,-0,0.00039,-1e-05,0.00081,0.00016
45.08,0.00188,0.0004,0.00019,0.00348,9e-05,0,-5e-05,-0.00041,0.00113,-0.00439,1e-05,9e-05,1e-05,-0.00022,0.0005,0.00012,-0.00088,1e-05,6e-05,7e-05,-0,0,-0.00028,-0.0042,-0,-0,0.00023,-0,0.00058,-0,0.00062,1e-05,0.00075,0.00016
45.1,0.00192,0.00034,0.00014,0.00362,9e-05,0,-0.0001,-0.00049,0.00112,-0.00379,0,0.00013,3e-05,-0.00021,0.00052,0.00033,-0.00092,1e-05,3e-05,6e-05,-0,0,-0.0003,-0.00439,-0,-0,0.00021,-0,0.00068,-0,0.00088,-2e-05,0.00073,0.00016
45.12,0.002,0.00025,9e-05,0.00374,8e-05,0,-0.00011,-0.00057,0.00109,-0.00318,0,0.00019,9e-05,-0.0002,0.00053,0.00055,-0.00096,1e-05,1e-05,5e-05,-0,0,-0.0003,-0.00419,-0,-0,0.00018,-0,0.00081,-0,0.00117,-8e-05,0.00072,0.00018
45.14,0.00215,0.00014,3e-05,0.00385,7e-05,0,-0.0001,-0.00064,0.00103,-0.00257,1e-05,0.00025,0.00016,-0.0002,0.00055,0.00077,-0.00099,1e-05,-1e-05,4e-05,-0,0,-0.00026,-0.0036,-0,-0,0.00013,-0,0.00093,-0,0.00153,-0.00017,0.00071,0.0002
45.16,0.00239,2e-05,0,0.00395,6e-05,0,-8e-05,-0.0007,0.00092,-0.00197,2e-05,0.00031,0.00023,-0.00019,0.00055,0.00097,-0.001,1e-05,-3e-05,4e-05,-0,0,-0.00022,-0.00272,-0,-0,7e-05,-0,0.00098,-0,0.00195,-0.00025,0.00069,0.00021
45.18,0.00268,-0.00011,-1e-05,0.00404,4e-05,-0,-5e-05,-0.00076,0.00078,-0.00143,6e-05,0.00037,0.00029,-0.00017,0.00054,0.00116,-0.001,1e-05,-3e-05,3e-05,-0,0,-0.00017,-0.00176,0,0,3e-05,-0,0.00094,-0,0.00242,-0.00028,0.00064,0.00021
45.2,0.00296,-0.00022,-1e-05,0.00411,3e-05,-0,-0,-0.0008,0.00061,-0.00098,0.00012,0.00044,0.00033,-0.00015,0.00052,0.00132,-0.00098,1e-05,-3e-05,2e-05,0,-0,-0.00013,-0.00094,-0,0,0,-0,0.00077,-0,0.00292,-0.00025,0.00056,0.00018
45.22,0.00315,-0.00029,-1e-05,0.00416,1e-05,-0,4e-05,-0.00081,0.0004,-0.00065,0.00022,0.00052,0.00033,-0.00013,0.00049,0.00147,-0.00095,1e-05,-2e-05,1e-05,-0,-0,-8e-05,-0.00037,-0,-0,0,-0,0.00046,-0,0.00341,-0.00016,0.00043,0.00012
45.24,0.00319,-0.00031,-1e-05,0.00416,-1e-05,-0,8e-05,-0.00079,0.00024,-0.00044,0.00035,0.0006,0.00032,-0.00011,0.00044,0.0016,-0.0009,0,-0,1e-05,-0,-0,-4e-05,-7e-05,-0,-0,2e-05,-0,0.0001,-0,0.00385,-2e-05,0.00024,3e-05
45.26,0.00306,-0.00029,1e-05,0.00409,-3e-05,-0,0.0001,-0.00078,0.00013,-0.00035,0.00048,0.00067,0.0003,-8e-05,0.00037,0.00169,-0.00083,0,3e-05,1e-05,-0,-0,-2e-05,0,-0,-0,5e-05,-0,-0.00025,-0,0.00414,0.00013,-6e-05,-0.0001
45.28,0.00281,-0.00023,2e-05,0.00398,-5e-05,-0,8e-05,-0.00074,8e-05,-0.00037,0.00059,0.00072,0.00027,-5e-05,0.00028,0.00174,-0.00075,0,5e-05,1e-05,-0,-0,-0,-6e-05,-0,-0,9e-05,-0,-0.00057,-0,0.00427,0.00025,-0.00049,-0.0003
45.3,0.00253,-0.00013,2e-05,0.00383,-6e-05,-0,6e-05,-0.0007,8e-05,-0.00044,0.00067,0.00076,0.00023,-2e-05,0.00018,0.00175,-0.00066,0,8e-05,1e-05,-0,-0,-0,-0.00014,-0,-0,0.0001,-0,-0.00083,-0,0.00422,0.0003,-0.00111,-0.00061
45.32,0.00231,-1e-05,1e-05,0.00364,-6e-05,-0,6e-05,-0.00065,0.00013,-0.00053,0.00073,0.0008,0.00018,-0,7e-05,0.00172,-0.00056,0,0.00013,1e-05,-0,-0,0,-0.0002,-0,-0,0.00011,0,-0.00105,0,0.00396,0.00026,-0.00197,-0.00109
45.34,0.00229,0.0001,-1e-05,0.00343,-6e-05,-0,7e-05,-0.00059,0.00022,-0.0006,0.00071,0.00079,0.00014,1e-05,-4e-05,0.00164,-0.00046,0,0.00016,1e-05,-0,-0,0,-0.00023,-0,-0,0.00013,0,-0.00124,0,0.00351,0.00011,-0.00311,-0.00177
45.36,0.00254,0.00019,-4e-05,0.00323,-5e-05,-0,7e-05,-0.00052,0.00032,-0.00062,0.0006,0.00071,9e-05,2e-05,-0.00014,0.00151,-0.00035,0,0.00016,-0,-0,-0,0,-0.00023,-0,-0,0.00016,0,-0.00138,0,0.00288,-0.00014,-0.0046,-0.00266
45.38,0.00315,0.00025,-7e-05,0.00304,-4e-05,-0,8e-05,-0.00043,0.00043,-0.00057,0.00044,0.00058,5e-05,2e-05,-0.00023,0.00133,-0.00021,-0,0.00013,-2e-05,0,0,0,-0.00021,0,0,0.00022,0,-0.00149,0,0.00208,-0.00045,-0.00646,-0.00376
45.4,0.00417,0.00028,-0.0001,0.00287,-2e-05,-0,7e-05,-0.00035,0.00052,-0.00046,0.00022,0.00037,2e-05,1e-05,-0.00033,0.0011,-4e-05,-0,9e-05,-4e-05,0,0,-0,-0.00013,0,0,0.00029,0,-0.00159,0,0.00117,-0.00077,-0.00869,-0.00499
45.42,0.00566,0.00027,-0.00012,0.00272,-1e-05,-0,3e-05,-0.00027,0.00061,-0.00028,1e-05,0.00014,-1e-05,1e-05,-0.00041,0.00081,0.00017,-0,3e-05,-5e-05,0,0,-1e-05,2e-05,0,0,0.0003,0,-0.0017,0,0.0002,-0.00105,-0.01126,-0.00625
45.44,0.0076,0.00022,-0.00015,0.00259,1e-05,-0,1e-05,-0.0002,0.00066,-4e-05,-0.00012,-5e-05,-3e-05,1e-05,-0.00049,0.00051,0.00043,-0,-0,-7e-05,0,0,-3e-05,9e-05,0,0,0.00027,0,-0.00178,0,-0.00078,-0.00124,-0.01405,-0.00738
45.46,0.00987,0.00015,-0.00017,0.00248,1e-05,-0,-2e-05,-0.00012,0.00066,0.00026,-0.00019,-0.00019,-5e-05,1e-05,-0.00056,0.00022,0.00074,-0,-1e-05,-7e-05,0,0,-6e-05,-3e-05,0,0,0.00019,0,-0.00182,0,-0.00168,-0.00129,-0.01682,-0.00821
45.48,0.01229,8e-05,-0.00018,0.00237,1e-05,-0,-5e-05,-5e-05,0.00063,0.00059,-0.00021,-0.00028,-6e-05,4e-05,-0.00063,-4e-05,0.00106,0,-1e-05,-7e-05,-0,0,-0.0001,-0.00043,0,-0,3e-05,0,-0.00185,0,-0.00242,-0.00122,-0.01921,-0.00854
45.5,0.01452,-0,-0.00019,0.00225,-0,-0,-0.0001,1e-05,0.00054,0.00091,-0.00019,-0.00031,-6e-05,7e-05,-0.00067,-0.00028,0.00137,-0,0,-7e-05,-0,0,-0.00014,-0.00119,-0,-0,-0.00018,0,-0.00172,0,-0.00294,-0.00103,-0.02102,-0.00831
45.52,0.01617,-0.00011,-0.00018,0.0021,-2e-05,-0,-0.00013,6e-05,0.00042,0.00119,-0.00014,-0.00029,-6e-05,0.0001,-0.00067,-0.00047,0.00166,-0,1e-05,-6e-05,-0,0,-0.00017,-0.00232,-0,-0,-0.00037,0,-0.0013,0,-0.00329,-0.00075,-0.02205,-0.00755
45.54,0.01691,-0.00019,-0.00017,0.00189,-3e-05,-0,-0.00015,9e-05,0.00031,0.00139,-8e-05,-0.00023,-6e-05,0.00013,-0.00065,-0.0006,0.00188,-0,1e-05,-5e-05,-0,0,-0.00019,-0.0037,-0,-0,-0.00053,0,-0.00084,0,-0.0034,-0.00044,-0.02174,-0.00626
45.56,0.01654,-0.00025,-0.00016,0.00164,-5e-05,-0,-0.00014,0.00011,0.00021,0.00147,-4e-05,-0.00017,-5e-05,0.00017,-0.0006,-0.00067,0.00197,-0,1e-05,-4e-05,-0,0,-0.00018,-0.00511,-0,-0,-0.00064,0,-0.00051,0,-0.00328,-0.00017,-0.0201,-0.0047
45.58,0.01507,-0.00029,-0.00015,0.00132,-6e-05,0,-0.0001,0.00012,0.00015,0.00145,-1e-05,-0.00011,-4e-05,0.0002,-0.00053,-0.00069,0.00195,-0,0,-2e-05,-0,0,-0.00015,-0.00638,-0,-0,-0.00067,0,-0.00024,0,-0.00303,4e-05,-0.01743,-0.00315
45.6,0.01268,-0.00029,-0.00014,0.00098,-6e-05,0,-5e-05,0.00012,0.00011,0.00134,-0,-7e-05,-2e-05,0.00022,-0.00045,-0.00066,0.00183,-0,0,-1e-05,-0,0,-0.00011,-0.00726,-0,-0,-0.00063,0,-0.00011,0,-0.00268,0.00018,-0.01424,-0.00187
45.62,0.00971,-0.00025,-0.00012,0.00063,-5e-05,0,2e-05,0.0001,0.0001,0.00116,-3e-05,-7e-05,-1e-05,0.00023,-0.00037,-0.0006,0.0016,-0,0,-1e-05,-0,0,-7e-05,-0.00755,-0,-0,-0.00058,0,-0.00011,0,-0.00225,0.00023,-0.01113,-0.00104
45.64,0.00643,-0.00021,-0.00011,0.0003,-4e-05,0,8e-05,7e-05,0.0001,0.00096,-3e-05,-6e-05,-0,0.00022,-0.0003,-0.00049,0.00132,0,0,0,-0,0,-1e-05,-0.00727,-0,-0,-0.00047,0,-0.0001,0,-0.00185,0.00023,-0.00812,-0.00054
45.66,0.00303,-0.00017,-9e-05,-1e-05,-2e-05,0,0.00014,4e-05,0.00012,0.00074,-1e-05,-3e-05,0,0.00019,-0.00023,-0.00036,0.001,0,-0,1e-05,-0,0,5e-05,-0.0065,-0,-0,-0.00032,0,-7e-05,0,-0.00149,0.0002,-0.00519,-0.00024
45.68,-0.00042,-0.00013,-7e-05,-0.00029,-1e-05,0,0.00018,-1e-05,0.00014,0.00052,2e-05,-1e-05,1e-05,0.00015,-0.00016,-0.00022,0.00066,0,0,1e-05,-0,0,0.00012,-0.0053,-0,-0,-0.00015,0,-2e-05,-0,-0.00117,0.00014,-0.0024,-7e-05
45.7,-0.0039,-0.0001,-5e-05,-0.00056,1e-05,0,0.00019,-6e-05,0.00016,0.00031,4e-05,2e-05,1e-05,0.0001,-0.0001,-9e-05,0.00033,0,0,2e-05,-0,0,0.00019,-0.00379,-0,-0,3e-05,0,3e-05,-0,-0.00088,6e-05,0.00029,4e-05
45.72,-0.00746,-8e-05,-3e-05,-0.00082,2e-05,0,0.00018,-9e-05,0.00018,0.0001,7e-05,4e-05,2e-05,6e-05,-6e-05,1e-05,3e-05,0,0,2e-05,-0,0,0.00023,-0.00211,-0,-0,0.00021,-0,8e-05,-0,-0.0006,-1e-05,0.00288,0.00012
45.74,-0.01107,-6e-05,-0,-0.00107,4e-05,0,0.00014,-0.00011,0.0002,-0.00011,8e-05,6e-05,2e-05,1e-05,-2e-05,8e-05,-0.00022,0,0,2e-05,-0,-0,0.00025,-0.0004,0,0,0.0004,-0,0.00011,-0,-0.00032,-8e-05,0.00538,0.00022
45.76,-0.01464,-5e-05,2e-05,-0.00132,4e-05,0,9e-05,-0.00011,0.00022,-0.00031,0.0001,7e-05,2e-05,-3e-05,0,0.00011,-0.00042,0,0,2e-05,-0,-0,0.00024,0.00125,0,0,0.00058,-0,0.00012,-0,-5e-05,-0.00014,0.00774,0.00036
45.78,-0.01793,-4e-05,4e-05,-0.00156,4e-05,0,2e-05,-9e-05,0.00023,-0.00049,0.00011,7e-05,2e-05,-6e-05,2e-05,0.0001,-0.00055,0,0,2e-05,-0,-0,0.00022,0.00274,0,0,0.00074,-0,0.0001,0,0.00021,-0.00019,0.00985,0.00049
45.8,-0.0206,-2e-05,5e-05,-0.00175,4e-05,-0,-4e-05,-6e-05,0.00023,-0.00063,0.00011,7e-05,2e-05,-8e-05,3e-05,6e-05,-0.00063,0,0,2e-05,-0,-0,0.00019,0.00396,0,0,0.00088,0,8e-05,0,0.00045,-0.00022,0.01161,0.00067
45.82,-0.02233,-1e-05,7e-05,-0.00188,4e-05,-0,-9e-05,-2e-05,0.00022,-0.00074,0.00011,6e-05,2e-05,-9e-05,3e-05,0,-0.00066,0,0,2e-05,-0,-0,0.00018,0.00476,0,0,0.00105,0,0.00016,0,0.00062,-0.00022,0.01296,0.00099
45.84,-0.02281,-1e-05,8e-05,-0.00192,4e-05,-0,-0.00013,2e-05,0.00021,-0.00079,0.00011,5e-05,2e-05,-9e-05,4e-05,-6e-05,-0.00064,0,0,3e-05,0,-0,0.00015,0.00513,0,0,0.00117,0,0.00031,0,0.00071,-0.00021,0.01356,0.0013
45.86,-0.02195,-0,8e-05,-0.00185,3e-05,-0,-0.00015,5e-05,0.00018,-0.00078,0.0001,4e-05,2e-05,-9e-05,3e-05,-0.00011,-0.00058,0,0,3e-05,0,-0,0.00012,0.00513,0,0,0.00121,0,0.00042,0,0.00073,-0.00019,0.01328,0.00147
45.88,-0.01992,0,8e-05,-0.00169,2e-05,-0,-0.00015,8e-05,0.00015,-0.00073,9e-05,3e-05,2e-05,-8e-05,3e-05,-0.00015,-0.00049,0,0,2e-05,0,-0,9e-05,0.00477,0,0,0.00119,0,0.00053,0,0.00068,-0.00015,0.01222,0.00153
45.9,-0.01704,0,7e-05,-0.00146,2e-05,-0,-0.00015,0.0001,0.00012,-0.00065,7e-05,2e-05,1e-05,-7e-05,2e-05,-0.00018,-0.0004,0,0,2e-05,0,-0,7e-05,0.00418,0,0,0.00108,0,0.00055,0,0.00059,-0.00012,0.01056,0.00141
45.92,-0.01375,1e-05,5e-05,-0.00119,1e-05,-0,-0.00014,0.00011,8e-05,-0.00055,5e-05,1e-05,1e-05,-6e-05,2e-05,-0.00019,-0.0003,0,0,2e-05,0,-0,6e-05,0.00349,0,0,0.00088,0,0.00046,0,0.00047,-9e-05,0.00862,0.00115
45.94,-0.01045,1e-05,4e-05,-0.00092,1e-05,-0,-0.00013,0.00011,5e-05,-0.00045,3e-05,0,1e-05,-5e-05,2e-05,-0.00018,-0.00022,0,0,1e-05,0,-0,6e-05,0.0027,0,0,0.00068,0,0.00034,0,0.00033,-6e-05,0.00667,0.00086
45.96,-0.00745,1e-05,3e-05,-0.00065,0,-0,-0.00012,0.0001,2e-05,-0.00036,2e-05,-0,1e-05,-4e-05,1e-05,-0.00017,-0.00016,0,0,1e-05,0,-0,8e-05,0.00183,0,0,0.00049,0,0.00024,0,0.00017,-4e-05,0.00486,0.00061
45.98,-0.00486,1e-05,2e-05,-0.00042,-0,-0,-0.0001,9e-05,0,-0.00028,1e-05,-1e-05,0,-3e-05,1e-05,-0.00015,-0.00012,0,0,0,0,-0,0.00012,0.00096,0,0,0.00033,0,0.00015,0,2e-05,-2e-05,0.0033,0.00039
46,-0.00275,1e-05,1e-05,-0.00022,-0,-0,-8e-05,8e-05,-1e-05,-0.00022,-0,-1e-05,0,-2e-05,1e-05,-0.00012,-0.0001,0,0,0,0,-0,0.00016,0.00013,0,0,0.0002,0,8e-05,0,-0.00013,0,0.00202,0.00021
46.02,-0.00112,1e-05,1e-05,-6e-05,-1e-05,-0,-7e-05,6e-05,-2e-05,-0.00017,-1e-05,-1e-05,-0,-2e-05,1e-05,-9e-05,-9e-05,0,0,-0,0,-0,0.0002,-0.00059,0,0,9e-05,0,3e-05,0,-0.00026,1e-05,0.00102,8e-05
46.04,5e-05,1e-05,1e-05,5e-05,-1e-05,-0,-5e-05,5e-05,-3e-05,-0.00014,-1e-05,-1e-05,-0,-2e-05,2e-05,-6e-05,-9e-05,0,0,-0,0,0,0.00024,-0.00117,0,0,2e-05,-0,-2e-05,-0,-0.00036,2e-05,0.0003,-1e-05
46.06,0.00083,1e-05,1e-05,0.00013,-1e-05,-0,-4e-05,3e-05,-4e-05,-0.00011,-1e-05,-1e-05,-0,-2e-05,2e-05,-3e-05,-0.0001,0,-0,-0,0,0,0.00027,-0.00159,0,0,-3e-05,-0,-5e-05,-0,-0.00042,3e-05,-0.0002,-7e-05
46.08,0.00128,1e-05,1e-05,0.00017,-1e-05,-0,-3e-05,2e-05,-5e-05,-9e-05,-1e-05,-1e-05,-0,-2e-05,3e-05,-0,-0.00011,0,-0,-0,0,0,0.00029,-0.00184,0,0,-6e-05,-0,-7e-05,-0,-0.00046,3e-05,-0.00051,-0.0001
46.1,0.00149,1e-05,1e-05,0.00019,-1e-05,-0,-2e-05,1e-05,-5e-05,-7e-05,-1e-05,-1e-05,-0,-3e-05,3e-05,2e-05,-0.00011,0,-0,-0,0,0,0.0003,-0.00194,0,0,-7e-05,-0,-9e-05,-0,-0.00047,3e-05,-0.00067,-0.00011
46.12,0.00151,1e-05,2e-05,0.00018,-1e-05,-0,-2e-05,-0,-6e-05,-6e-05,-1e-05,-1e-05,-0,-4e-05,3e-05,4e-05,-0.00012,0,-0,-1e-05,-0,0,0.00031,-0.00189,-0,0,-7e-05,-0,-0.0001,-0,-0.00046,3e-05,-0.00071,-0.00011
46.14,0.00142,1e-05,2e-05,0.00016,-1e-05,-0,-1e-05,-1e-05,-6e-05,-5e-05,-1e-05,-0,-0,-4e-05,3e-05,6e-05,-0.00012,0,-0,-1e-05,-0,0,0.00031,-0.00173,-0,-0,-7e-05,-0,-0.0001,-0,-0.00043,2e-05,-0.00068,-9e-05
46.16,0.00125,1e-05,2e-05,0.00013,-1e-05,-0,-1e-05,-2e-05,-5e-05,-4e-05,-1e-05,0,0,-4e-05,3e-05,7e-05,-0.00012,0,-0,-1e-05,-0,0,0.0003,-0.00146,-0,-0,-5e-05,-0,-0.0001,-0,-0.00039,1e-05,-0.00059,-7e-05
46.18,0.00106,1e-05,2e-05,0.0001,-0,-0,-1e-05,-3e-05,-4e-05,-2e-05,-0,1e-05,0,-5e-05,3e-05,8e-05,-0.00012,0,-0,-1e-05,-0,0,0.00029,-0.00113,-0,-0,-4e-05,-0,-0.0001,-0,-0.00034,0,-0.00048,-5e-05
46.2,0.00086,1e-05,2e-05,7e-05,-0,-0,-1e-05,-4e-05,-2e-05,-1e-05,-0,1e-05,0,-4e-05,3e-05,9e-05,-0.00011,0,-0,-1e-05,-0,0,0.00028,-0.00077,-0,-0,-2e-05,-0,-0.0001,-0,-0.00029,-1e-05,-0.00036,-2e-05
46.22,0.00068,0,2e-05,4e-05,-0,-0,-1e-05,-4e-05,-0,-0,0,2e-05,1e-05,-4e-05,3e-05,8e-05,-0.0001,0,-0,-1e-05,-0,0,0.00027,-0.00042,-0,-0,-1e-05,-0,-0.0001,-0,-0.00024,-2e-05,-0.00024,0
46.24,0.00051,0,2e-05,1e-05,-0,-0,-1e-05,-5e-05,2e-05,0,0,2e-05,1e-05,-3e-05,3e-05,7e-05,-9e-05,0,-0,-0,-0,0,0.00026,-9e-05,-0,-0,-0,-0,-0.0001,-0,-0.0002,-2e-05,-0.00013,2e-05
46.26,0.00038,0,2e-05,-0,-0,-0,-2e-05,-6e-05,5e-05,1e-05,0,2e-05,1e-05,-3e-05,3e-05,5e-05,-8e-05,0,-0,-0,-1e-05,0,0.00024,0.00018,-0,-0,1e-05,-0,-0.0001,-0,-0.00016,-3e-05,-4e-05,3e-05
46.28,0.00027,0,1e-05,-2e-05,-0,-0,-2e-05,-6e-05,7e-05,1e-05,1e-05,3e-05,1e-05,-2e-05,3e-05,2e-05,-6e-05,0,0,-0,-1e-05,0,0.00023,0.00038,-0,-0,1e-05,-0,-9e-05,-0,-0.00013,-3e-05,3e-05,4e-05
46.3,0.00019,-0,1e-05,-2e-05,-0,-0,-3e-05,-7e-05,9e-05,1e-05,1e-05,3e-05,2e-05,-1e-05,3e-05,-1e-05,-5e-05,0,0,0,-1e-05,-0,0.00021,0.00053,0,0,2e-05,-0,-9e-05,-0,-0.0001,-4e-05,8e-05,5e-05
46.32,0.00012,-0,1e-05,-2e-05,-0,-0,-3e-05,-7e-05,0.00011,1e-05,1e-05,3e-05,2e-05,0,3e-05,-4e-05,-4e-05,0,0,0,-1e-05,-0,0.0002,0.00061,0,0,2e-05,0,-9e-05,0,-9e-05,-4e-05,0.00011,5e-05
46.34,8e-05,-0,0,-3e-05,-0,0,-3e-05,-6e-05,0.00012,1e-05,1e-05,3e-05,2e-05,1e-05,3e-05,-6e-05,-2e-05,0,0,0,-1e-05,-0,0.00019,0.00064,0,1e-05,2e-05,0,-8e-05,1e-05,-8e-05,-3e-05,0.00012,5e-05
46.36,5e-05,-0,-0,-3e-05,-0,0,-3e-05,-6e-05,0.00012,1e-05,0,3e-05,1e-05,1e-05,2e-05,-7e-05,-1e-05,0,0,0,-1e-05,-0,0.00018,0.00061,0,1e-05,2e-05,0,-8e-05,1e-05,-9e-05,-3e-05,0.00011,4e-05
46.38,2e-05,-0,-0,-3e-05,-0,0,-2e-05,-5e-05,0.0001,1e-05,0,2e-05,1e-05,1e-05,1e-05,-6e-05,0,-0,0,0,-0,-0,0.00017,0.00053,1e-05,2e-05,2e-05,0,-7e-05,2e-05,-0.0001,-2e-05,9e-05,4e-05
46.4,-0,-0,-0,-4e-05,-0,0,-2e-05,-4e-05,8e-05,1e-05,0,1e-05,1e-05,1e-05,0,-5e-05,1e-05,-0,0,0,0,-0,0.00016,0.0004,1e-05,2e-05,2e-05,0,-6e-05,3e-05,-0.00013,-2e-05,6e-05,3e-05
46.42,-3e-05,-0,-0,-5e-05,-0,0,-1e-05,-3e-05,6e-05,1e-05,0,1e-05,0,1e-05,-1e-05,-3e-05,2e-05,-0,0,0,1e-05,-0,0.00016,0.00022,1e-05,3e-05,2e-05,1e-05,-6e-05,5e-05,-0.00016,-1e-05,1e-05,1e-05
46.44,-7e-05,-0,-1e-05,-7e-05,-0,0,-0,-2e-05,3e-05,1e-05,-0,-0,-0,1e-05,-2e-05,-1e-05,3e-05,-0,0,-0,2e-05,-0,0.00016,-1e-05,1e-05,3e-05,2e-05,1e-05,-5e-05,6e-05,-0.00021,0,-4e-05,-0
46.46,-0.00012,-0,-1e-05,-9e-05,-0,0,0,-0,0,2e-05,-0,-1e-05,-1e-05,0,-3e-05,2e-05,4e-05,-0,-0,-0,4e-05,-0,0.00017,-0.00027,2e-05,4e-05,1e-05,1e-05,-4e-05,7e-05,-0.00026,1e-05,-0.0001,-2e-05
46.48,-0.00019,-1e-05,-1e-05,-0.00012,-0,0,1e-05,1e-05,-2e-05,2e-05,-0,-2e-05,-1e-05,0,-4e-05,4e-05,5e-05,-0,-0,-0,5e-05,-0,0.00017,-0.00057,2e-05,4e-05,1e-05,1e-05,-4e-05,9e-05,-0.00033,2e-05,-0.00016,-3e-05
46.5,-0.00029,-1e-05,-0,-0.00015,-0,0,2e-05,1e-05,-4e-05,2e-05,-0,-2e-05,-1e-05,-0,-5e-05,5e-05,6e-05,-0,-0,-1e-05,8e-05,-0,0.00018,-0.00089,2e-05,4e-05,1e-05,2e-05,-3e-05,9e-05,-0.0004,3e-05,-0.00022,-5e-05
46.52,-0.00042,-1e-05,-0,-0.00019,-0,0,2e-05,2e-05,-5e-05,2e-05,-0,-2e-05,-1e-05,-0,-5e-05,6e-05,7e-05,0,-0,-1e-05,0.0001,-0,0.00018,-0.00121,2e-05,3e-05,1e-05,2e-05,-3e-05,0.0001,-0.00047,4e-05,-0.00028,-6e-05
46.54,-0.00059,-1e-05,-0,-0.00023,-0,0,2e-05,2e-05,-5e-05,3e-05,-0,-2e-05,-2e-05,0,-5e-05,5e-05,8e-05,0,-0,-0,0.00012,-0,0.00018,-0.00153,1e-05,1e-05,1e-05,2e-05,-2e-05,9e-05,-0.00055,5e-05,-0.00034,-7e-05
46.56,-0.00079,-1e-05,-0,-0.00027,-0,0,2e-05,2e-05,-4e-05,3e-05,0,-2e-05,-1e-05,1e-05,-4e-05,3e-05,9e-05,0,-0,-0,0.00015,-0,0.00018,-0.00181,-0,-1e-05,1e-05,1e-05,-2e-05,6e-05,-0.00062,6e-05,-0.00038,-8e-05
46.58,-0.00102,-1e-05,-0,-0.00032,-0,0,2e-05,1e-05,-3e-05,5e-05,0,-1e-05,-1e-05,1e-05,-3e-05,1e-05,0.0001,0,-0,-0,0.00017,0,0.00017,-0.00204,-2e-05,-5e-05,1e-05,1e-05,-1e-05,1e-05,-0.00069,6e-05,-0.00041,-9e-05
46.6,-0.00126,-1e-05,0,-0.00037,-1e-05,0,1e-05,0,-1e-05,6e-05,1e-05,-1e-05,-1e-05,2e-05,-2e-05,-3e-05,0.00012,0,-0,0,0.00017,1e-05,0.00015,-0.0022,-4e-05,-0.00011,0,-0,-2e-05,-7e-05,-0.00074,7e-05,-0.00042,-0.0001
46.62,-0.00149,-1e-05,0,-0.00041,-1e-05,0,1e-05,-1e-05,1e-05,9e-05,1e-05,-0,-1e-05,3e-05,-0,-6e-05,0.00014,0,-0,0,0.00016,2e-05,0.00013,-0.00224,-7e-05,-0.00018,-0,-2e-05,-2e-05,-0.00018,-0.00078,7e-05,-0.00042,-0.00012
46.64,-0.00167,-1e-05,0,-0.00044,-1e-05,0,1e-05,-2e-05,2e-05,0.00013,1e-05,0,-1e-05,4e-05,1e-05,-9e-05,0.00018,0,0,0,0.00013,3e-05,9e-05,-0.00213,-0.00011,-0.00027,-1e-05,-4e-05,-4e-05,-0.00034,-0.00079,7e-05,-0.00038,-0.00014
46.66,-0.00175,-2e-05,1e-05,-0.00045,-1e-05,0,2e-05,-3e-05,2e-05,0.00019,1e-05,1e-05,-1e-05,5e-05,2e-05,-0.00011,0.00022,0,0,1e-05,5e-05,4e-05,4e-05,-0.0018,-0.00016,-0.00038,-1e-05,-8e-05,-6e-05,-0.00054,-0.00076,7e-05,-0.0003,-0.00016
46.68,-0.00167,-2e-05,1e-05,-0.00044,-1e-05,0,2e-05,-4e-05,3e-05,0.00026,0,1e-05,-0,6e-05,3e-05,-0.00012,0.00028,0,0,1e-05,-7e-05,5e-05,-3e-05,-0.00117,-0.00021,-0.0005,-2e-05,-0.00012,-0.0001,-0.00079,-0.00066,6e-05,-0.00017,-0.0002
46.7,-0.00135,-3e-05,1e-05,-0.00038,-1e-05,0,2e-05,-6e-05,4e-05,0.00033,1e-05,1e-05,-0,6e-05,5e-05,-0.00012,0.00034,0,0,1e-05,-0.00024,6e-05,-0.0001,-0.00015,-0.00027,-0.00063,-2e-05,-0.00017,-0.00015,-0.00108,-0.00049,5e-05,2e-05,-0.00024
46.72,-0.00067,-4e-05,1e-05,-0.00025,-2e-05,-0,3e-05,-8e-05,6e-05,0.00042,1e-05,2e-05,-0,6e-05,6e-05,-0.00011,0.00041,0,0,1e-05,-0.00049,6e-05,-0.00019,0.00134,-0.00033,-0.00075,-3e-05,-0.00022,-0.00022,-0.0014,-0.00022,3e-05,0.00029,-0.00029
46.74,0.00048,-5e-05,1e-05,-4e-05,-2e-05,0,2e-05,-0.00011,9e-05,0.0005,2e-05,4e-05,0,6e-05,7e-05,-8e-05,0.00048,0,0,1e-05,-0.00082,6e-05,-0.00027,0.00342,-0.00038,-0.00084,-3e-05,-0.00028,-0.0003,-0.00172,0.00019,-0,0.00065,-0.00035
46.76,0.00224,-6e-05,1e-05,0.0003,-2e-05,0,1e-05,-0.00014,0.00015,0.00057,4e-05,6e-05,0,5e-05,9e-05,-4e-05,0.00053,0,0,2e-05,-0.00122,4e-05,-0.00036,0.00614,-0.00042,-0.00088,-3e-05,-0.00033,-0.00041,-0.00199,0.00076,-5e-05,0.00109,-0.0004
46.78,0.00475,-7e-05,-0,0.00078,-1e-05,0,-0,-0.00018,0.00022,0.0006,7e-05,9e-05,1e-05,4e-05,0.00011,1e-05,0.00055,0,0,2e-05,-0.0017,3e-05,-0.00042,0.00956,-0.00042,-0.00083,-3e-05,-0.00036,-0.00053,-0.00217,0.00149,-0.00011,0.00162,-0.00045
46.8,0.00813,-9e-05,-2e-05,0.00144,-0,0,-2e-05,-0.00022,0.00031,0.00057,0.00011,0.00012,1e-05,3e-05,0.00013,9e-05,0.00052,-0,-0,3e-05,-0.00224,0,-0.00046,0.01363,-0.00037,-0.00063,-2e-05,-0.00037,-0.00065,-0.00216,0.00239,-0.00018,0.0022,-0.00047
46.82,0.01248,-0.0001,-4e-05,0.00229,1e-05,0,-4e-05,-0.00024,0.00042,0.00046,0.00017,0.00017,2e-05,1e-05,0.00014,0.00019,0.00042,-0,-0,4e-05,-0.00281,-2e-05,-0.00045,0.01819,-0.00023,-0.00024,-0,-0.00034,-0.00075,-0.00187,0.00345,-0.00028,0.00281,-0.00045
46.84,0.01783,-0.0001,-6e-05,0.00333,3e-05,0,-7e-05,-0.00024,0.00053,0.00024,0.00023,0.00021,2e-05,-1e-05,0.00016,0.0003,0.00022,0,0,5e-05,-0.00333,-0,-0.00037,0.02313,4e-05,0.0004,4e-05,-0.00025,-0.0008,-0.00121,0.00463,-0.0004,0.00339,-0.00038
46.86,0.02406,-0.0001,-9e-05,0.00453,6e-05,0,-0.0001,-0.00022,0.00064,-0.00011,0.00031,0.00026,3e-05,-3e-05,0.00018,0.00042,-8e-05,1e-05,0,6e-05,-0.0037,7e-05,-0.00021,0.02833,0.00051,0.00135,0.00011,-0.00011,-0.00083,-9e-05,0.00588,-0.00053,0.00393,-0.00027
46.88,0.0309,-7e-05,-0.00012,0.00583,0.00011,0,-0.00013,-0.00016,0.00074,-0.00061,0.00038,0.0003,4e-05,-6e-05,0.00021,0.00052,-0.00051,2e-05,1e-05,7e-05,-0.00379,0.00025,3e-05,0.03352,0.00123,0.00263,0.00024,7e-05,-0.00081,0.00149,0.0071,-0.00066,0.00439,-0.00011
46.9,0.03786,-3e-05,-0.00016,0.00711,0.00016,0,-0.00019,-6e-05,0.00083,-0.00125,0.00045,0.00032,5e-05,-9e-05,0.00025,0.0006,-0.00106,4e-05,2e-05,9e-05,-0.00344,0.00055,0.00035,0.03837,0.00225,0.00423,0.00044,0.00023,-0.00068,0.00344,0.00822,-0.00079,0.00473,6e-05
46.92,0.04422,3e-05,-0.00019,0.00711,0.00021,0,-0.00025,7e-05,0.00088,-0.00202,0.0005,0.00032,5e-05,-0.00013,0.0003,0.00064,-0.00173,7e-05,3e-05,0.00011,-0.00248,0.001,0.00065,0.04257,0.00357,0.0061,0.00073,0.00028,-0.00041,0.00557,0.00919,-0.00095,0.00488,0.00024
46.94,0.04952,0.00014,-0.00021,0.00704,0.00025,0,-0.00034,0.00023,0.0009,-0.00288,0.00053,0.00029,6e-05,-0.00018,0.00037,0.00062,-0.0025,0.0001,4e-05,0.00012,-0.00086,0.00161,0.00085,0.04557,0.00512,0.00801,0.0011,6e-05,-0.00015,0.00745,0.00973,-0.00108,0.0048,0.00037
46.96,0.05349,0.00031,-0.00023,0.00692,0.00025,0,-0.00044,0.0004,0.00086,-0.00381,0.00051,0.00022,6e-05,-0.00026,0.00046,0.0005,-0.00335,0.00014,6e-05,0.00014,0.00133,0.00225,0.00093,0.04688,0.00668,0.00961,0.00152,-0.00062,5e-05,0.00857,0.00957,-0.00113,0.00444,0.00041
46.98,0.05603,0.00055,-0.00024,0.00677,0.00025,0,-0.00059,0.00052,0.00078,-0.00477,0.00043,0.0001,6e-05,-0.00038,0.00053,0.00029,-0.00426,0.00017,6e-05,0.00016,0.00377,0.00273,0.00091,0.04627,0.00785,0.0105,0.00189,-0.0019,0.0002,0.00849,0.00867,-0.00111,0.00382,0.00031
47,0.0573,0.00087,-0.00024,0.00656,0.00025,0,-0.00071,0.00061,0.00066,-0.00563,0.0003,-5e-05,6e-05,-0.00051,0.0006,-1e-05,-0.0051,0.00019,6e-05,0.00017,0.00589,0.00289,0.00066,0.04319,0.00826,0.01014,0.00208,-0.00383,0.00032,0.00694,0.00694,-0.00099,0.00299,0.00012
47.02,0.05757,0.0012,-0.00024,0.00628,0.00024,0,-0.00069,0.0007,0.00048,-0.00614,0.00014,-0.00022,5e-05,-0.00056,0.00066,-0.00034,-0.00557,0.00021,6e-05,0.00018,0.00705,0.0027,0.00012,0.0375,0.00785,0.00847,0.002,-0.00632,0.00045,0.00407,0.00453,-0.00079,0.00209,1e-05
47.04,0.05712,0.00156,-0.00022,0.00597,0.00022,0,-0.00062,0.00075,0.00029,-0.00627,-2e-05,-0.00038,5e-05,-0.00061,0.00068,-0.00063,-0.00564,0.0002,5e-05,0.00017,0.00648,0.00201,-0.00032,0.03029,0.00653,0.00609,0.00167,-0.00919,0.00066,0.00047,0.00188,-0.00057,0.00127,-6e-05
47.06,0.05622,0.00199,-0.00019,0.00565,0.0002,-0,-0.00059,0.00074,0.0001,-0.00609,-0.00015,-0.00051,3e-05,-0.00068,0.00064,-0.00089,-0.00541,0.00016,3e-05,0.00015,0.00366,0.00086,-0.00045,0.02247,0.0047,0.00377,0.00122,-0.01226,0.00091,-0.00328,-0.00066,-0.00039,0.00062,-0.00014
47.08,0.05513,0.00246,-0.00015,0.0053,0.00018,-0,-0.00053,0.00069,-0.00011,-0.00559,-0.00025,-0.00063,2e-05,-0.00071,0.00055,-0.00107,-0.00483,0.00011,1e-05,0.00013,-0.0014,-0.00045,-0.00036,0.01453,0.00291,0.00197,0.00078,-0.0154,0.00119,-0.00673,-0.00289,-0.00023,0.0002,-0.00014
47.1,0.05407,0.00292,-8e-05,0.0048,0.00016,-0,-0.00045,0.00057,-0.00037,-0.00487,-0.00028,-0.00066,-0,-0.00069,0.0004,-0.00116,-0.00406,4e-05,-2e-05,0.0001,-0.00833,-0.00168,-0.00017,0.00707,0.00148,0.00085,0.00045,-0.01849,0.00154,-0.00952,-0.00464,-0.00013,-4e-05,-0.00013
47.12,0.05326,0.00321,-1e-05,0.00373,0.00014,-0,-0.00034,0.00037,-0.00068,-0.00412,-0.00017,-0.00053,-2e-05,-0.00062,0.00021,-0.00114,-0.00334,-2e-05,-3e-05,6e-05,-0.01619,-0.00283,-2e-05,0.00042,0.00048,0.00018,0.00021,-0.02102,0.00199,-0.01083,-0.00546,-7e-05,-0.00014,-0.00014
47.14,0.05281,0.00337,8e-05,0.00277,0.00012,-0,-0.00012,0.00013,-0.00106,-0.00334,3e-05,-0.00031,-4e-05,-0.00046,2e-05,-0.00102,-0.00264,-3e-05,-3e-05,3e-05,-0.02411,-0.00368,-2e-05,-0.00518,-9e-05,-0.00019,5e-05,-0.02302,0.00243,-0.01098,-0.00555,-4e-05,-0.00015,-0.00013
47.16,0.05274,0.00345,0.00018,0.0019,0.0001,-0,0.00018,-0.00012,-0.00149,-0.00252,0.00019,-0.00014,-6e-05,-0.00023,-0.00015,-0.00084,-0.00195,-2e-05,-3e-05,2e-05,-0.03145,-0.00396,-0.00024,-0.00931,-0.0003,-0.00028,-3e-05,-0.02505,0.00277,-0.0108,-0.00546,-2e-05,-0.00012,-0.0001
47.18,0.05311,0.00339,0.00027,0.00115,7e-05,-0,0.00047,-0.00038,-0.00198,-0.00173,0.00034,2e-05,-7e-05,4e-05,-0.00031,-0.00061,-0.00132,1e-05,-2e-05,1e-05,-0.03484,-0.00337,-0.0005,-0.00975,-4e-05,-0.00011,-3e-05,-0.0271,0.00303,-0.01025,-0.00518,-2e-05,-8e-05,-7e-05
47.2,0.05364,0.00315,0.00033,0.00049,3e-05,-0,0.00069,-0.00057,-0.00241,-0.00106,0.00039,9e-05,-8e-05,0.00031,-0.00044,-0.00039,-0.00084,4e-05,-1e-05,-0,-0.03858,-0.00268,-0.00086,-0.00965,5e-05,-3e-05,-2e-05,-0.02906,0.00306,-0.00939,-0.00484,-1e-05,-4e-05,-4e-05
47.22,0.05402,0.00272,0.00035,-7e-05,-2e-05,-0,0.00086,-0.00052,-0.00256,-0.00058,0.00033,2e-05,-8e-05,0.00063,-0.00054,-0.00021,-0.00051,5e-05,-1e-05,-1e-05,-0.04261,-0.00204,-0.00124,-0.0089,-1e-05,-4e-05,-3e-05,-0.03087,0.00277,-0.0083,-0.00456,-1e-05,-1e-05,-2e-05
47.24,0.05424,0.0021,0.00034,-0.00053,-8e-05,-0,0.00095,-0.00029,-0.00245,-0.00023,0.00023,-5e-05,-8e-05,0.00099,-0.00064,-3e-05,-0.00025,5e-05,-1e-05,-1e-05,-0.04683,-0.00136,-0.00158,-0.00764,-8e-05,-5e-05,-3e-05,-0.03255,0.0023,-0.00705,-0.00425,-1e-05,0,-1e-05
47.26,0.05429,0.00131,0.00029,-0.0009,-0.00016,-0,0.00093,-0,-0.00222,-1e-05,0.00016,-7e-05,-8e-05,0.00134,-0.00075,0.00012,-5e-05,5e-05,-1e-05,-2e-05,-0.05105,-0.00065,-0.00181,-0.0061,-0.0001,-4e-05,-2e-05,-0.03409,0.0018,-0.00576,-0.00388,-0,1e-05,0
47.28,0.0541,0.00042,0.00023,-0.00119,-0.00024,-0,0.00086,0.00028,-0.00191,8e-05,0.00011,-8e-05,-8e-05,0.00168,-0.00089,0.00024,0.00011,4e-05,-0,-3e-05,-0.05489,-2e-05,-0.00186,-0.0044,-0.00011,-2e-05,-1e-05,-0.03547,0.00133,-0.00451,-0.00349,-0,2e-05,1e-05
47.3,0.05309,-0.00053,0.00016,-0.0014,-0.00023,-0,0.0009,0.00053,-0.00144,4e-05,7e-05,-6e-05,-8e-05,0.00199,-0.00104,0.00031,0.00021,3e-05,-0,-5e-05,-0.05782,0.00048,-0.00173,-0.0028,-0.0001,-1e-05,-0,-0.03675,0.00089,-0.00341,-0.00313,0,2e-05,1e-05
47.32,0.05075,-0.00147,9e-05,-0.00156,-0.00014,-0,0.00112,0.00071,-0.00075,-8e-05,4e-05,-4e-05,-8e-05,0.00225,-0.00118,0.0003,0.00026,2e-05,-0,-6e-05,-0.05932,0.00083,-0.0015,-0.00151,-9e-05,1e-05,0,-0.03803,0.00051,-0.00254,-0.00284,0,1e-05,1e-05
47.34,0.04747,-0.00219,4e-05,-0.00165,5e-05,-0,0.00142,0.00079,-9e-05,-0.00025,2e-05,-2e-05,-8e-05,0.00244,-0.00131,0.00021,0.00028,1e-05,-0,-7e-05,-0.05913,0.00104,-0.00119,-0.00052,-8e-05,2e-05,1e-05,-0.03916,0.00022,-0.00186,-0.00258,1e-05,1e-05,1e-05
47.36,0.04374,-0.00252,-0,-0.0017,0.00033,-0,0.00164,0.00076,0.00035,-0.00044,1e-05,-0,-7e-05,0.00257,-0.00142,3e-05,0.00028,1e-05,-0,-8e-05,-0.05715,0.00112,-0.00082,0.00019,-9e-05,3e-05,1e-05,-0.03997,-2e-05,-0.00135,-0.00233,1e-05,1e-05,1e-05
47.38,0.03962,-0.00236,-3e-05,-0.00171,0.00068,-0,0.00178,0.00068,0.00062,-0.00062,1e-05,1e-05,-7e-05,0.00265,-0.00151,-0.00024,0.00026,0,-0,-8e-05,-0.0534,0.0011,-0.00044,0.00067,-0.0001,3e-05,1e-05,-0.04032,-0.0003,-0.00097,-0.00207,1e-05,0,0
47.4,0.03522,-0.00166,-6e-05,-0.00167,0.00097,-0,0.00162,0.00056,0.00072,-0.00079,1e-05,2e-05,-6e-05,0.0027,-0.00157,-0.00058,0.00024,0,-0,-9e-05,-0.0483,0.00097,-0.00012,0.001,-0.00011,2e-05,1e-05,-0.04019,-0.00065,-0.00071,-0.00186,2e-05,0,0
47.42,0.03061,-0.00048,-9e-05,-0.00158,0.00105,-0,0.00101,0.00044,0.00069,-0.00091,0,2e-05,-5e-05,0.00274,-0.0016,-0.00096,0.0002,-0,-0,-8e-05,-0.04243,0.00072,0.00015,0.00129,-0.00011,2e-05,1e-05,-0.03964,-0.00104,-0.00058,-0.00175,2e-05,0,0
47.44,0.02617,0.00102,-0.00013,-0.00145,0.00112,-0,0.00015,0.00035,0.0006,-0.00101,0,2e-05,-4e-05,0.00278,-0.00162,-0.00133,0.00016,-0,-0,-6e-05,-0.03643,0.00039,0.00043,0.00174,-0.00011,1e-05,0,-0.03848,-0.00139,-0.00052,-0.00169,3e-05,-0,-0
47.46,0.02217,0.00267,-0.00019,-0.0013,0.00116,-0,-0.00069,0.00031,0.00049,-0.00107,0,1e-05,-3e-05,0.00283,-0.00162,-0.00171,0.00014,-0,-0,-4e-05,-0.03075,1e-05,0.00067,0.00246,-0.0001,-0,-0,-0.03662,-0.00167,-0.00053,-0.00165,3e-05,-0,-0
47.48,0.01851,0.00435,-0.00027,-0.00115,0.00119,-0,-0.00141,0.00033,0.00039,-0.00108,0,1e-05,-2e-05,0.00288,-0.00162,-0.00209,0.00011,-0,-0,-3e-05,-0.02566,-0.00041,0.00086,0.00311,-8e-05,-1e-05,-0,-0.03422,-0.00178,-0.00061,-0.00162,4e-05,-1e-05,-0
47.5,0.01549,0.00592,-0.00039,-0.00101,0.0012,-0,-0.00184,0.00038,0.00028,-0.00101,0,1e-05,-2e-05,0.00298,-0.0016,-0.0024,0.0001,-0,-0,-2e-05,-0.02193,-0.00081,0.00096,0.0036,-5e-05,-2e-05,-1e-05,-0.03146,-0.00172,-0.00074,-0.00157,4e-05,-1e-05,-1e-05
47.52,0.01338,0.00725,-0.00053,-0.00093,0.00118,-0,-0.00191,0.00044,0.00018,-0.00088,0,0,-1e-05,0.00317,-0.00153,-0.0025,8e-05,-0,0,-1e-05,-0.01994,-0.00106,0.00085,0.00393,-4e-05,-2e-05,-1e-05,-0.02852,-0.00156,-0.00086,-0.00148,4e-05,-1e-05,-1e-05
47.54,0.01181,0.00832,-0.00072,-0.00088,0.00114,-0,-0.00172,0.0005,9e-05,-0.00069,0,0,-1e-05,0.0034,-0.00145,-0.0025,6e-05,-0,0,-1e-05,-0.01888,-0.00109,0.00055,0.00344,-2e-05,-3e-05,-1e-05,-0.02554,-0.00129,-0.00096,-0.00136,4e-05,-2e-05,-1e-05
47.56,0.01048,0.00915,-0.00093,-0.00086,0.0011,-0,-0.00137,0.00056,4e-05,-0.00047,0,0,-1e-05,0.00362,-0.00138,-0.00247,5e-05,-0,0,-1e-05,-0.01818,-0.00094,0.00018,0.00144,-0,-3e-05,-0,-0.02257,-0.00096,-0.00099,-0.00126,4e-05,-2e-05,-1e-05
47.58,0.00937,0.00974,-0.00119,-0.00086,0.00105,-0,-0.00093,0.00061,0,-0.00025,0,-0,-0,0.00385,-0.00131,-0.0024,4e-05,0,0,-0,-0.01769,-0.00066,-0.00018,-0.00217,1e-05,-3e-05,-0,-0.01962,-0.00063,-0.00095,-0.00118,4e-05,-2e-05,-1e-05
47.6,0.00862,0.01003,-0.00144,-0.00086,0.001,-0,-0.00053,0.00063,-2e-05,-9e-05,0,-0,-0,0.00413,-0.00125,-0.00233,2e-05,0,-0,-0,-0.01697,-0.00034,-0.00046,-0.00654,1e-05,-2e-05,0,-0.01683,-0.00036,-0.00083,-0.00113,4e-05,-3e-05,-1e-05
47.62,0.00839,0.0099,-0.00167,-0.00087,0.00093,-0,-0.00023,0.0006,-4e-05,1e-05,0,-0,0,0.00455,-0.0012,-0.00227,1e-05,0,0,-0,-0.01527,-6e-05,-0.00059,-0.01008,2e-05,-1e-05,1e-05,-0.01432,-0.00017,-0.00064,-0.00112,3e-05,-3e-05,-1e-05
47.64,0.00841,0.00943,-0.00186,-0.00088,0.00086,-0,-3e-05,0.00052,-6e-05,5e-05,0,-1e-05,0,0.00498,-0.00115,-0.00221,1e-05,0,0,-0,-0.01242,0.00016,-0.00042,-0.01249,2e-05,0,1e-05,-0.01204,-6e-05,-0.00042,-0.00118,2e-05,-3e-05,-1e-05
47.66,0.00843,0.00871,-0.00196,-0.00088,0.00079,-0,7e-05,0.0004,-8e-05,2e-05,0,-1e-05,0,0.00533,-0.00106,-0.00211,2e-05,-0,0,-0,-0.00899,0.00039,-6e-05,-0.01366,2e-05,1e-05,1e-05,-0.00994,-1e-05,-0.00019,-0.0013,2e-05,-2e-05,-1e-05
47.68,0.00851,0.00773,-0.00194,-0.00086,0.00071,-0,6e-05,0.00022,-9e-05,-5e-05,0,-2e-05,-0,0.00561,-0.00093,-0.00195,2e-05,-0,1e-05,-0,-0.00545,0.00071,0.00036,-0.0126,2e-05,2e-05,1e-05,-0.00802,-2e-05,1e-05,-0.00148,0,-2e-05,-1e-05
47.7,0.00856,0.00648,-0.00174,-0.00083,0.00063,-0,-4e-05,1e-05,-8e-05,-0.00016,0,-2e-05,-0,0.00571,-0.00075,-0.00176,3e-05,-0,1e-05,-0,-0.00274,0.00111,0.00061,-0.01046,1e-05,1e-05,1e-05,-0.00637,-6e-05,0.00015,-0.00174,-1e-05,-2e-05,-1e-05
47.72,0.00848,0.00497,-0.00134,-0.00077,0.00053,-0,-0.00022,-0.00018,-3e-05,-0.00027,0,-2e-05,0,0.00557,-0.00052,-0.00156,5e-05,-0,2e-05,1e-05,-0.00122,0.00141,0.00065,-0.00861,1e-05,1e-05,0,-0.00502,-0.00011,0.00024,-0.00208,-2e-05,-1e-05,-0
47.74,0.00833,0.00331,-0.0008,-0.00069,0.00041,-0,-0.00051,-0.00025,1e-05,-0.00037,0,-2e-05,0,0.00525,-0.00026,-0.00134,7e-05,0,2e-05,3e-05,-0.00039,0.00149,0.00062,-0.00614,1e-05,0,0,-0.00389,-0.00017,0.00027,-0.00247,-3e-05,-1e-05,-0
47.76,0.00815,0.00163,-0.0002,-0.0006,0.00029,-0,-0.00088,-0.0002,3e-05,-0.00045,0,-1e-05,1e-05,0.00483,2e-05,-0.00109,8e-05,1e-05,3e-05,5e-05,2e-05,0.00134,0.00056,-0.00303,1e-05,0,-0,-0.00289,-0.00024,0.00025,-0.00289,-3e-05,-1e-05,-0
47.78,0.00788,4e-05,0.00036,-0.0005,0.00015,-0,-0.0013,-2e-05,2e-05,-0.00051,-0,-1e-05,2e-05,0.00435,0.00027,-0.00085,0.0001,2e-05,4e-05,6e-05,0.00014,0.00098,0.00047,-0.0001,2e-05,-0,-0,-0.00205,-0.00032,0.00018,-0.00333,-4e-05,-0,-0
47.8,0.00761,-0.00132,0.00076,-0.00041,1e-05,-0,-0.00173,0.00029,-3e-05,-0.0005,-0,0,2e-05,0.00381,0.00045,-0.00062,0.00012,4e-05,4e-05,8e-05,7e-05,0.00045,0.00038,0.0022,2e-05,0,0,-0.00136,-0.00044,0.0001,-0.00365,-4e-05,-0,-0
47.82,0.00751,-0.00235,0.00093,-0.00034,-0.00013,-0,-0.0021,0.00067,-9e-05,-0.00035,-0,0,4e-05,0.00327,0.00054,-0.00042,0.00014,7e-05,5e-05,9e-05,-0.00013,-0.00012,0.00029,0.0039,3e-05,1e-05,0,-0.00082,-0.0006,2e-05,-0.00373,-3e-05,-0,0
47.84,0.00744,-0.0031,0.00088,-0.00029,-0.00026,0,-0.0023,0.001,-0.00012,-0.00013,-0,1e-05,5e-05,0.00276,0.00052,-0.00025,0.00017,0.00013,5e-05,9e-05,-0.00035,-0.00058,0.0002,0.00497,4e-05,2e-05,0,-0.0004,-0.0008,-4e-05,-0.00354,-3e-05,-0,-0
47.86,0.00729,-0.00363,0.00069,-0.00026,-0.00039,0,-0.00223,0.0012,-0.00013,4e-05,-0,1e-05,6e-05,0.00234,0.0004,-0.00012,0.00019,0.0002,5e-05,9e-05,-0.00066,-0.00091,0.0001,0.00524,4e-05,3e-05,1e-05,-8e-05,-0.00103,-7e-05,-0.00308,-2e-05,-0,-0
47.88,0.00716,-0.00398,0.00045,-0.00026,-0.00051,0,-0.00189,0.00125,-0.0001,0.00015,0,0,6e-05,0.00201,0.00019,-2e-05,0.00022,0.00029,5e-05,9e-05,-0.00119,-0.0011,-2e-05,0.00496,4e-05,3e-05,1e-05,0.00017,-0.0013,-8e-05,-0.0023,-1e-05,-0,-0
47.9,0.00694,-0.00418,0.00023,-0.00028,-0.00056,0,-0.00133,0.00117,-6e-05,0.0001,0,0,5e-05,0.00173,-5e-05,3e-05,0.00024,0.00039,4e-05,7e-05,-0.00188,-0.00118,-0.00017,0.00424,3e-05,4e-05,2e-05,0.00033,-0.00141,-3e-05,-0.00131,-1e-05,-1e-05,-0
47.92,0.00646,-0.00424,6e-05,-0.00031,-0.00054,0,-0.00066,0.00098,-2e-05,-4e-05,0,0,4e-05,0.00151,-0.00028,5e-05,0.00026,0.00055,4e-05,6e-05,-0.00257,-0.00121,-0.00035,0.00321,2e-05,5e-05,2e-05,0.00033,-0.00102,0.00018,-0.00019,-0,-1e-05,-0
47.94,0.00585,-0.00417,-3e-05,-0.00035,-0.00048,0,2e-05,0.00077,2e-05,-0.00013,0,0,2e-05,0.00134,-0.00047,4e-05,0.00027,0.0007,3e-05,4e-05,-0.0033,-0.00118,-0.00057,0.00221,1e-05,5e-05,2e-05,0.00018,-0.0002,0.00053,0.00096,-0,-1e-05,-1e-05
47.96,0.00525,-0.00399,-5e-05,-0.00037,-0.00041,0,0.00065,0.00056,5e-05,-0.00018,0,0,0,0.00122,-0.00063,1e-05,0.00027,0.00077,2e-05,3e-05,-0.00414,-0.0011,-0.00083,0.00139,0,5e-05,2e-05,-0.00015,0.00083,0.00094,0.00199,-0,-1e-05,-1e-05
47.98,0.00464,-0.00371,-3e-05,-0.00039,-0.00033,0,0.00116,0.00037,6e-05,-0.00018,0,0,-2e-05,0.00112,-0.00073,-2e-05,0.00026,0.0008,2e-05,2e-05,-0.005,-0.00099,-0.00112,0.00076,-1e-05,5e-05,2e-05,-0.00079,0.00199,0.00136,0.00274,0,-1e-05,-1e-05
48,0.00402,-0.00332,1e-05,-0.0004,-0.00025,0,0.00153,0.00022,6e-05,-0.00011,0,0,-3e-05,0.00104,-0.00078,-6e-05,0.00023,0.00076,1e-05,1e-05,-0.00586,-0.0009,-0.0014,0.00029,-2e-05,5e-05,2e-05,-0.00185,0.00329,0.00186,0.00315,1e-05,-0,-1e-05
48.02,0.00338,-0.00281,5e-05,-0.0004,-0.00018,0,0.00176,0.00011,3e-05,3e-05,-0,0,-4e-05,0.00098,-0.00079,-9e-05,0.0002,0.00063,0,0,-0.00669,-0.00087,-0.00158,-2e-05,-2e-05,4e-05,2e-05,-0.00342,0.00464,0.00251,0.00333,2e-05,-0,-1e-05
48.04,0.00275,-0.00225,8e-05,-0.0004,-0.00012,0,0.00187,5e-05,-2e-05,0.00018,-0,0,-4e-05,0.00093,-0.00078,-0.0001,0.00017,0.0005,-1e-05,-0,-0.00728,-0.00088,-0.00163,-0.00019,-3e-05,4e-05,2e-05,-0.00558,0.00563,0.00312,0.00321,3e-05,0,-1e-05
48.06,0.00219,-0.00168,0.00011,-0.00039,-9e-05,0,0.00185,5e-05,-7e-05,0.00027,-0,0,-3e-05,0.00087,-0.00074,-0.0001,0.00013,0.0004,-1e-05,-0,-0.00745,-0.00093,-0.00157,-0.00028,-4e-05,3e-05,2e-05,-0.00827,0.00615,0.00354,0.00276,4e-05,1e-05,-1e-05
48.08,0.00169,-0.00111,0.00013,-0.00037,-8e-05,0,0.00175,8e-05,-0.00012,0.00033,-0,0,-3e-05,0.00082,-0.0007,-9e-05,9e-05,0.00033,-1e-05,-1e-05,-0.00716,-0.00102,-0.00139,-0.00032,-5e-05,3e-05,1e-05,-0.01145,0.00622,0.00378,0.00212,5e-05,1e-05,-1e-05
48.1,0.00127,-0.00054,0.00014,-0.00034,-8e-05,0,0.0016,0.00014,-0.00017,0.0003,-0,0,-2e-05,0.00076,-0.00066,-7e-05,6e-05,0.00027,-1e-05,-0,-0.00653,-0.00112,-0.00113,-0.00036,-6e-05,2e-05,1e-05,-0.01479,0.00593,0.00381,0.00143,6e-05,1e-05,-1e-05
48.12,0.00092,-1e-05,0.00014,-0.00031,-9e-05,0,0.00146,0.0002,-0.00019,0.00018,-0,-0,-1e-05,0.00067,-0.00061,-5e-05,2e-05,0.00024,-1e-05,-0,-0.0057,-0.00118,-0.00089,-0.00039,-6e-05,2e-05,1e-05,-0.01785,0.00541,0.00362,0.00078,6e-05,2e-05,-0
48.14,0.00062,0.00046,0.00015,-0.00027,-9e-05,0,0.00133,0.00028,-0.0002,6e-05,-0,-0,-0,0.00057,-0.00057,-2e-05,-2e-05,0.00022,-1e-05,-0,-0.00472,-0.00119,-0.00065,-0.00041,-7e-05,2e-05,1e-05,-0.02049,0.00472,0.00327,0.00028,6e-05,2e-05,-0
48.16,0.00035,0.00087,0.00016,-0.00022,-0.0001,0,0.00119,0.00036,-0.00021,-4e-05,-0,-0,1e-05,0.00045,-0.00053,1e-05,-6e-05,0.0002,-1e-05,-0,-0.00365,-0.00117,-0.00043,-0.00041,-8e-05,1e-05,1e-05,-0.02267,0.00392,0.00283,-3e-05,6e-05,1e-05,-0
48.18,9e-05,0.00124,0.00017,-0.00016,-0.00011,0,0.00105,0.00043,-0.00021,-0.00014,-0,-0,1e-05,0.0003,-0.0005,4e-05,-0.0001,0.00018,-0,0,-0.00259,-0.00109,-0.00024,-0.00038,-8e-05,1e-05,1e-05,-0.02415,0.0031,0.00236,-0.00011,5e-05,1e-05,0
48.2,-9e-05,0.00156,0.00018,-0.00011,-0.00011,0,0.00093,0.0005,-0.00021,-0.00024,-0,-0,2e-05,0.00012,-0.00048,6e-05,-0.00013,0.00015,-0,0,-0.00167,-0.00099,-0.00012,-0.00031,-8e-05,1e-05,1e-05,-0.02484,0.00238,0.00186,-6e-05,5e-05,1e-05,0
48.22,-0.00015,0.00182,0.00018,-5e-05,-0.00011,0,0.00083,0.00055,-0.0002,-0.00029,-0,-0,3e-05,-8e-05,-0.00045,8e-05,-0.00015,0.00013,-0,0,-0.00092,-0.0009,-7e-05,-0.00022,-8e-05,1e-05,1e-05,-0.0248,0.00178,0.00137,0.0001,4e-05,1e-05,0
48.24,-0.00016,0.00204,0.00019,-1e-05,-0.00012,0,0.00073,0.00059,-0.00018,-0.00029,-0,0,4e-05,-0.00029,-0.00041,0.0001,-0.00016,0.00011,-0,0,-0.00033,-0.00082,-4e-05,-9e-05,-8e-05,1e-05,1e-05,-0.02402,0.00125,0.00094,0.00034,3e-05,1e-05,0
48.26,-0.00018,0.00223,0.0002,2e-05,-0.00011,0,0.00065,0.0006,-0.00016,-0.0003,-0,0,5e-05,-0.00049,-0.00038,0.00011,-0.00016,9e-05,-0,0,0.00012,-0.00072,-3e-05,6e-05,-7e-05,0,1e-05,-0.02244,0.00079,0.00059,0.00052,3e-05,0,0
48.28,-0.00018,0.00242,0.0002,4e-05,-0.00011,0,0.00057,0.0006,-0.00013,-0.00029,-0,0,5e-05,-0.00068,-0.00033,0.00011,-0.00015,7e-05,-0,-0,0.00043,-0.00061,-2e-05,0.00023,-6e-05,0,1e-05,-0.02204,6e-05,0.00029,0.00253,3e-05,0,0
48.3,-0.0001,0.00262,0.0002,5e-05,-0.00011,0,0.00051,0.00057,-0.0001,-0.00027,-0,0,5e-05,-0.00085,-0.00028,0.00012,-0.00014,4e-05,-0,-0,0.00061,-0.00047,-2e-05,0.00041,-5e-05,0,1e-05,-0.02526,-0.00116,5e-05,0.00983,3e-05,-0,-0
48.32,3e-05,0.00283,0.00018,3e-05,-0.0001,0,0.00046,0.00054,-7e-05,-0.00026,-0,0,5e-05,-0.00098,-0.00023,0.00011,-0.00013,2e-05,-0,-0,0.00068,-0.00029,-4e-05,0.0006,-5e-05,-0,1e-05,-0.0303,-0.00223,-0,0.02177,3e-05,0,-0
48.34,0.0002,0.00304,0.00013,0,-9e-05,0,0.00043,0.00049,-6e-05,-0.00023,-0,0,5e-05,-0.00108,-0.00018,0.00011,-0.00012,-1e-05,-0,-1e-05,0.00065,1e-05,-7e-05,0.00077,-4e-05,-0,0,-0.03574,-0.00286,0.00013,0.03755,1e-05,1e-05,0
48.36,0.00041,0.00323,7e-05,-5e-05,-7e-05,0,0.0004,0.00045,-4e-05,-0.0002,-0,0,4e-05,-0.00113,-0.00012,0.0001,-0.00011,-5e-05,0,-1e-05,0.00055,0.00046,-0.00013,0.0009,-3e-05,-0,0,-0.04071,-0.00297,0.0004,0.05625,-3e-05,3e-05,1e-05
48.38,0.00068,0.00334,-1e-05,-0.00011,-5e-05,0,0.00037,0.0004,-2e-05,-0.00015,-0,0,4e-05,-0.00114,-8e-05,0.0001,-0.00011,-9e-05,0,-1e-05,0.00041,0.0011,-0.00021,0.00099,-2e-05,-0,0,-0.04406,-0.00241,0.00073,0.07562,-0.00011,5e-05,2e-05
48.4,0.00093,0.00329,-0.0001,-0.00018,-3e-05,0,0.00034,0.00034,-1e-05,-0.00011,-0,0,3e-05,-0.00111,-5e-05,9e-05,-0.00012,-0.00013,0,-1e-05,0.00024,0.0019,-0.00033,0.00102,-1e-05,-0,0,-0.04365,-0.00104,0.00105,0.09223,-0.00024,8e-05,3e-05
48.42,0.00104,0.00304,-0.00019,-0.00025,-1e-05,0,0.00031,0.00029,-1e-05,-0.0001,-0,0,2e-05,-0.00105,-3e-05,9e-05,-0.00013,-0.00016,1e-05,-1e-05,8e-05,0.00287,-0.00045,0.00097,-1e-05,0,0,-0.03755,0.00104,0.0013,0.10217,-0.00046,0.00013,5e-05
48.44,0.00103,0.00258,-0.00027,-0.00032,-0,0,0.00028,0.00024,-0,-8e-05,-0,0,2e-05,-0.00097,-2e-05,9e-05,-0.00016,-0.00017,1e-05,-1e-05,-2e-05,0.00387,-0.00053,0.00082,-1e-05,0,0,-0.02685,0.00349,0.00141,0.10398,-0.00075,0.00017,7e-05
48.46,0.00095,0.00194,-0.00033,-0.00039,1e-05,0,0.00025,0.00018,0,-4e-05,-0,0,1e-05,-0.00085,-3e-05,9e-05,-0.00019,-0.00017,1e-05,-1e-05,-4e-05,0.00471,-0.00053,0.0006,-0,0,0,-0.01345,0.00607,0.00141,0.09846,-0.00105,0.00022,0.0001
48.48,0.00077,0.00121,-0.00036,-0.00044,1e-05,0,0.00021,0.00013,0,-0,-0,0,1e-05,-0.0007,-3e-05,8e-05,-0.00024,-0.00016,1e-05,-1e-05,-1e-05,0.0053,-0.00043,0.0003,0,1e-05,0,0.00121,0.00846,0.00131,0.08645,-0.00133,0.00025,0.00012
48.5,0.00056,0.00046,-0.00036,-0.00046,0,0,0.00018,8e-05,-0,4e-05,-0,0,1e-05,-0.00055,-4e-05,7e-05,-0.00029,-0.00015,1e-05,-1e-05,-1e-05,0.00551,-0.00022,-2e-05,1e-05,1e-05,0,0.01528,0.01048,0.00119,0.07157,-0.00153,0.00028,0.00015
48.52,0.00035,-0.00018,-0.00034,-0.00047,-1e-05,0,0.00014,4e-05,-1e-05,8e-05,-0,0,0,-0.00041,-4e-05,6e-05,-0.00033,-0.00013,1e-05,-0,-0.00013,0.00525,4e-05,-0.00033,2e-05,1e-05,-0,0.02742,0.01215,0.00114,0.05728,-0.00157,0.00029,0.00018
48.54,0.00013,-0.0007,-0.0003,-0.00045,-3e-05,0,0.0001,1e-05,-1e-05,0.00012,-0,0,0,-0.00026,-3e-05,5e-05,-0.00036,-0.00011,1e-05,0,-0.00048,0.00467,0.00029,-0.00063,3e-05,1e-05,-0,0.03667,0.0133,0.00118,0.04392,-0.0015,0.00029,0.0002
48.56,-7e-05,-0.00109,-0.00024,-0.00042,-4e-05,-0,7e-05,-0,-2e-05,0.00016,-0,0,0,-0.00012,-2e-05,3e-05,-0.00038,-9e-05,1e-05,1e-05,-0.00127,0.00391,0.00046,-0.00084,5e-05,0,-1e-05,0.04256,0.01381,0.00135,0.03196,-0.00138,0.00027,0.00021
48.58,-0.00023,-0.00134,-0.00019,-0.00037,-5e-05,-0,4e-05,-0,-3e-05,0.00018,-0,0,1e-05,0,-1e-05,1e-05,-0.00041,-8e-05,1e-05,1e-05,-0.00273,0.00303,0.00053,-0.00094,7e-05,-0,-1e-05,0.0452,0.01379,0.00164,0.02223,-0.0012,0.00024,0.00022
48.6,-0.00033,-0.00146,-0.00014,-0.00031,-6e-05,-0,0,-0,-4e-05,0.00019,-0,-0,1e-05,0.00011,0,-1e-05,-0.00043,-6e-05,1e-05,2e-05,-0.0047,0.00213,0.00048,-0.00092,0.0001,-1e-05,-1e-05,0.04519,0.0133,0.00206,0.01473,-0.00099,0.00021,0.00022
48.62,-0.00038,-0.00148,-0.00011,-0.00025,-5e-05,-0,-3e-05,1e-05,-4e-05,0.00019,-0,-0,1e-05,0.00018,0,-3e-05,-0.00043,-6e-05,1e-05,2e-05,-0.00665,0.00128,0.00035,-0.00078,0.00013,-2e-05,-2e-05,0.04325,0.01239,0.0026,0.00913,-0.00078,0.00018,0.00022
48.64,-0.00038,-0.00143,-0.0001,-0.00018,-5e-05,-0,-7e-05,2e-05,-5e-05,0.00018,-0,-0,1e-05,0.00023,0,-4e-05,-0.00043,-6e-05,0,3e-05,-0.00851,0.00051,0.00018,-0.00056,0.00016,-3e-05,-2e-05,0.03981,0.01122,0.00317,0.00503,-0.00058,0.00015,0.0002
48.66,-0.00034,-0.00132,-0.0001,-0.00012,-4e-05,-0,-0.00012,3e-05,-5e-05,0.00016,-0,-0,1e-05,0.00024,-0,-5e-05,-0.00042,-6e-05,0,3e-05,-0.01028,-0.00015,5e-05,-0.00033,0.00019,-3e-05,-2e-05,0.0353,0.00987,0.00366,0.00202,-0.0004,0.00012,0.00019
48.68,-0.00026,-0.00119,-0.00012,-6e-05,-2e-05,-0,-0.00018,3e-05,-5e-05,0.00013,-0,-0,1e-05,0.00023,-1e-05,-5e-05,-0.0004,-5e-05,0,3e-05,-0.01153,-0.00071,-0,-0.00025,0.00021,-3e-05,-1e-05,0.03016,0.00844,0.00404,-0.00024,-0.00025,0.0001,0.00017
48.7,-0.00019,-0.00101,-0.00015,-1e-05,0,-0,-0.00026,4e-05,-4e-05,9e-05,-0,-0,1e-05,0.0002,-1e-05,-6e-05,-0.00037,-5e-05,0,4e-05,-0.01187,-0.00119,5e-05,-0.0001,0.00023,-2e-05,-1e-05,0.02532,0.00708,0.00426,-0.00197,-0.00012,8e-05,0.00015
48.72,-0.00018,-0.00078,-0.0002,3e-05,3e-05,-0,-0.00032,3e-05,-3e-05,6e-05,-0,-0,1e-05,0.00016,-0,-5e-05,-0.00032,-4e-05,0,4e-05,-0.01095,-0.00168,0.00011,0.00063,0.00024,-3e-05,-2e-05,0.02149,0.00589,0.00431,-0.00337,-1e-05,6e-05,0.00012
48.74,-0.0002,-0.00054,-0.00026,7e-05,5e-05,-0,-0.00039,2e-05,-2e-05,3e-05,-0,-0,1e-05,0.00012,0,-5e-05,-0.00026,-4e-05,-0,4e-05,-0.00925,-0.00228,8e-05,0.0018,0.00025,-5e-05,-5e-05,0.01835,0.00491,0.00421,-0.00455,8e-05,4e-05,0.0001
48.76,-0.00022,-0.00033,-0.00034,0.0001,7e-05,-0,-0.00047,0,-1e-05,1e-05,-0,-0,0,9e-05,1e-05,-3e-05,-0.0002,-3e-05,-0,4e-05,-0.00728,-0.00299,-4e-05,0.00299,0.00028,-8e-05,-9e-05,0.01569,0.00412,0.00396,-0.00553,0.00016,3e-05,7e-05
48.78,-0.00024,-0.00016,-0.00045,0.00012,8e-05,-0,-0.00055,-1e-05,0,-1e-05,-0,0,0,8e-05,1e-05,-2e-05,-0.00014,-3e-05,-0,3e-05,-0.00507,-0.00372,-0.00014,0.00416,0.0003,-0.00017,-0.00016,0.01356,0.0035,0.0036,-0.00638,0.00022,2e-05,4e-05
48.8,-0.00027,-4e-05,-0.00056,0.00014,8e-05,-0,-0.00063,-3e-05,0,-1e-05,-0,0,-0,8e-05,-0,-0,-9e-05,-2e-05,-0,3e-05,-0.00334,-0.00415,0.00011,0.00497,0.00033,-0.00016,-0.00017,0.01175,0.00302,0.00315,-0.0071,0.00027,1e-05,1e-05
48.82,-0.00027,2e-05,-0.00068,0.00014,8e-05,-0,-0.00069,-5e-05,0,-0,-0,0,-1e-05,8e-05,-3e-05,1e-05,-8e-05,-2e-05,0,3e-05,-0.00215,-0.00397,0.00076,0.00503,0.00038,0.00028,8e-05,0.00998,0.00264,0.00267,-0.00761,0.00029,-0,-1e-05
48.84,-0.00025,1e-05,-0.00076,0.00012,6e-05,-0,-0.00072,-6e-05,-0,1e-05,-0,0,-2e-05,0.0001,-6e-05,2e-05,-7e-05,-2e-05,0,2e-05,-0.00121,-0.00344,0.00162,0.0045,0.00043,0.00094,0.00046,0.0082,0.00228,0.00217,-0.00784,0.00029,-1e-05,-3e-05
48.86,-0.00023,-4e-05,-0.00081,0.0001,4e-05,0,-0.00073,-8e-05,-0,2e-05,-0,0,-2e-05,0.00011,-0.00011,2e-05,-4e-05,-2e-05,0,2e-05,-0.00045,-0.0028,0.00249,0.00377,0.00044,0.00156,0.00081,0.00641,0.0019,0.00168,-0.00769,0.00027,-1e-05,-4e-05
48.88,-0.00019,-0.00011,-0.0008,7e-05,2e-05,0,-0.0007,-0.0001,-0,3e-05,-0,0,-3e-05,0.00012,-0.00017,1e-05,-0,-2e-05,0,1e-05,-1e-05,-0.00211,0.00357,0.003,0.00043,0.00223,0.00116,0.00465,0.00151,0.00122,-0.00703,0.00024,-1e-05,-5e-05
48.9,-0.00014,-0.00018,-0.00074,4e-05,-0,0,-0.00065,-0.00012,-0,4e-05,0,0,-3e-05,0.00013,-0.00023,-1e-05,4e-05,-2e-05,0,-0,0.00016,-0.00156,0.00438,0.00225,0.00039,0.00268,0.00137,0.00308,0.00114,0.00084,-0.00592,0.00019,-1e-05,-5e-05
48.92,-9e-05,-0.00025,-0.00063,1e-05,-2e-05,0,-0.00059,-0.00013,0,5e-05,0,0,-4e-05,0.00013,-0.00028,-4e-05,9e-05,-2e-05,0,-1e-05,0.00026,-0.00123,0.004,0.00157,0.00032,0.00259,0.00132,0.00182,0.00081,0.00055,-0.00451,0.00015,-1e-05,-4e-05
48.94,-4e-05,-0.00029,-0.00049,-2e-05,-4e-05,0,-0.00052,-0.00014,1e-05,8e-05,0,0,-4e-05,0.00013,-0.00031,-7e-05,0.00013,-2e-05,0,-1e-05,0.00033,-0.001,0.00323,0.00103,0.00025,0.0023,0.00118,0.00091,0.00053,0.00034,-0.00298,0.0001,-1e-05,-4e-05
48.96,-0,-0.0003,-0.00035,-4e-05,-5e-05,0,-0.00043,-0.00013,1e-05,0.0001,0,0,-4e-05,0.00013,-0.00035,-0.00011,0.00017,-2e-05,0,-2e-05,0.00034,-0.0008,0.00266,0.00064,0.00019,0.002,0.00102,0.00033,0.00031,0.0002,-0.00156,6e-05,-0,-2e-05
48.98,1e-05,-0.00027,-0.00022,-5e-05,-5e-05,0,-0.00034,-0.00012,2e-05,0.00012,0,0,-4e-05,0.00011,-0.00037,-0.00014,0.00019,-1e-05,0,-2e-05,0.00029,-0.00063,0.00212,0.00033,0.00015,0.00167,0.00085,5e-05,0.00014,0.0001,-0.00045,2e-05,0,-1e-05
49,2e-05,-0.00021,-0.0001,-5e-05,-5e-05,0,-0.00026,-0.0001,3e-05,0.00013,0,0,-3e-05,7e-05,-0.00039,-0.00016,0.00021,-1e-05,1e-05,-3e-05,0.00021,-0.00047,0.00155,7e-05,0.00011,0.00128,0.00065,-2e-05,4e-05,4e-05,0.00023,-1e-05,1e-05,-0
49.02,1e-05,-0.00014,1e-05,-4e-05,-4e-05,0,-0.00018,-8e-05,3e-05,0.00013,0,0,-3e-05,3e-05,-0.00037,-0.00018,0.00022,-1e-05,1e-05,-3e-05,0.00011,-0.00031,0.00093,-0.0002,8e-05,0.00084,0.00043,4e-05,1e-05,-0,0.0003,-3e-05,1e-05,1e-05
49.04,1e-05,-6e-05,9e-05,-3e-05,-3e-05,0,-0.00013,-5e-05,3e-05,0.00013,0,0,-3e-05,-4e-05,-0.00034,-0.0002,0.00023,-1e-05,1e-05,-3e-05,3e-05,-0.00014,0.00036,-0.00053,4e-05,0.0004,0.0002,0.00011,-0,-3e-05,0.00019,-3e-05,0,1e-05
49.06,1e-05,1e-05,0.00016,-0,-2e-05,0,-8e-05,-2e-05,2e-05,0.00012,0,0,-2e-05,-0.00012,-0.00029,-0.00021,0.00023,-1e-05,2e-05,-2e-05,-0,8e-05,-0.00013,-0.00096,0,-4e-05,-2e-05,0.00016,-0,-6e-05,8e-05,-3e-05,0,1e-05
49.08,1e-05,5e-05,0.00021,3e-05,-1e-05,0,-5e-05,-0,2e-05,0.00011,0,0,-1e-05,-0.00022,-0.00023,-0.0002,0.00023,-1e-05,2e-05,-2e-05,6e-05,0.00037,-0.00061,-0.00156,-5e-05,-0.0005,-0.00026,0.00023,1e-05,-6e-05,-3e-05,-3e-05,0,1e-05
49.1,3e-05,6e-05,0.00025,6e-05,-0,0,-3e-05,0,1e-05,8e-05,0,1e-05,-1e-05,-0.00033,-0.00015,-0.00019,0.00022,-1e-05,2e-05,-2e-05,0.00023,0.00076,-0.00108,-0.00237,-0.00011,-0.00097,-0.00051,0.00031,2e-05,-4e-05,-0.00014,-3e-05,1e-05,1e-05
49.12,7e-05,1e-05,0.00028,9e-05,0,0,-1e-05,-1e-05,-0,4e-05,0,1e-05,-0,-0.00044,-8e-05,-0.00017,0.00021,-1e-05,2e-05,-1e-05,0.00045,0.00129,-0.00161,-0.00344,-0.00017,-0.00147,-0.00077,0.00026,3e-05,2e-05,-0.00013,-1e-05,1e-05,0
49.14,0.00013,-8e-05,0.0003,0.00011,-0,0,0,-3e-05,-1e-05,1e-05,0,1e-05,-0,-0.00054,-2e-05,-0.00014,0.00019,-1e-05,2e-05,-1e-05,0.00052,0.00203,-0.00221,-0.00477,-0.00025,-0.00197,-0.00104,-0.00025,-3e-05,0.00017,0.00029,3e-05,0,-1e-05
49.16,0.0002,-0.0002,0.00031,0.00012,-2e-05,-0,2e-05,-7e-05,-2e-05,-2e-05,0,1e-05,0,-0.00064,3e-05,-0.00011,0.00019,-0,2e-05,-1e-05,0.0002,0.00301,-0.0028,-0.0063,-0.00033,-0.00241,-0.00129,-0.00113,-0.00014,0.00039,0.00096,7e-05,-0,-2e-05
49.18,0.00028,-0.00033,0.00032,0.00012,-4e-05,-0,4e-05,-0.00012,-3e-05,-5e-05,0,1e-05,0,-0.00073,4e-05,-6e-05,0.00018,-0,2e-05,-1e-05,-0.00091,0.00414,-0.00379,-0.00804,-0.00041,-0.00292,-0.00156,-0.00246,-0.00027,0.00066,0.00173,0.00011,-1e-05,-3e-05
49.2,0.00037,-0.00045,0.00032,0.00012,-7e-05,-0,5e-05,-0.00019,-4e-05,-8e-05,0,2e-05,-0,-0.0008,2e-05,-3e-05,0.00018,-0,2e-05,-1e-05,-0.00244,0.00539,-0.004,-0.00922,-0.00048,-0.00303,-0.00167,-0.00426,-0.00032,0.00094,0.00235,0.00014,-1e-05,-4e-05
49.22,0.00044,-0.00051,0.00033,0.00011,-0.0001,-0,6e-05,-0.00025,-4e-05,-0.0001,0,2e-05,-0,-0.00084,-2e-05,0,0.00018,-0,2e-05,-1e-05,-0.00245,0.00659,-0.0012,-0.00858,-0.00051,-0.00209,-0.00132,-0.00654,-0.00018,0.00115,0.00258,0.00013,-1e-05,-4e-05
49.24,0.00048,-0.00049,0.00033,9e-05,-0.00014,-0,6e-05,-0.00031,-4e-05,-0.00013,0,3e-05,-1e-05,-0.00087,-8e-05,2e-05,0.00019,0,2e-05,-1e-05,-0.00075,0.00703,0.00236,-0.00678,-0.00049,-0.00094,-0.0008,-0.00915,0.00028,0.00117,0.0021,9e-05,-1e-05,-3e-05
49.26,0.00049,-0.00037,0.00032,7e-05,-0.00017,-0,5e-05,-0.00037,-3e-05,-0.00016,0,4e-05,-1e-05,-0.00088,-0.00016,3e-05,0.00019,1e-05,2e-05,-1e-05,0.0011,0.0064,0.00442,-0.00462,-0.00043,-0.00016,-0.00038,-0.01176,0.00119,0.0009,0.0007,-0,-1e-05,-2e-05
49.28,0.00046,-0.00015,0.00029,5e-05,-0.00019,-0,4e-05,-0.0004,-2e-05,-0.00018,0,4e-05,-2e-05,-0.00089,-0.00025,3e-05,0.0002,1e-05,2e-05,-1e-05,0.0027,0.00495,0.00523,-0.00215,-0.00034,0.00046,2e-05,-0.01419,0.0026,0.00031,-0.00166,-0.00013,0,1e-05
49.3,0.00038,0.00012,0.00023,2e-05,-0.00021,-0,1e-05,-0.00042,1e-05,-0.00021,0,5e-05,-2e-05,-0.00089,-0.00033,2e-05,0.00022,3e-05,3e-05,-1e-05,0.00278,0.00333,0.00425,-0.00048,-0.00025,0.0007,0.00022,-0.01636,0.00429,-0.00055,-0.00488,-0.00029,1e-05,5e-05
49.32,0.00027,0.0004,0.00015,-0,-0.0002,-0,-0,-0.00041,3e-05,-0.00024,0,5e-05,-2e-05,-0.00088,-0.00038,-1e-05,0.00023,5e-05,3e-05,-1e-05,0.00155,0.00211,0.00248,2e-05,-0.00019,0.00051,0.00017,-0.01833,0.00553,-0.00145,-0.00883,-0.00044,3e-05,9e-05
49.34,0.00015,0.00064,3e-05,-4e-05,-0.00019,-0,-1e-05,-0.00038,6e-05,-0.00028,0,5e-05,-2e-05,-0.00087,-0.00041,-3e-05,0.00024,9e-05,3e-05,-1e-05,0.00032,0.00125,0.0012,0.00013,-0.00014,0.00027,9e-05,-0.02014,0.00607,-0.00215,-0.0133,-0.00057,4e-05,0.00013
49.36,6e-05,0.00082,-0.00011,-7e-05,-0.00016,-0,-2e-05,-0.00033,9e-05,-0.00032,0,5e-05,-1e-05,-0.00084,-0.00041,-5e-05,0.00026,0.00013,3e-05,-1e-05,-0.00043,0.00063,0.00053,7e-05,-9e-05,0.00015,5e-05,-0.02173,0.0061,-0.00258,-0.01812,-0.00066,5e-05,0.00016
49.38,-0,0.00092,-0.00027,-0.00011,-0.00012,-0,-2e-05,-0.00026,0.00011,-0.00036,0,4e-05,-1e-05,-0.0008,-0.00038,-7e-05,0.00026,0.00017,3e-05,-1e-05,-0.0007,0.00022,0.0002,-0.00014,-5e-05,7e-05,3e-05,-0.02285,0.00564,-0.00269,-0.02318,-0.00068,6e-05,0.00018
49.4,-2e-05,0.00097,-0.00042,-0.00016,-8e-05,-0,-1e-05,-0.00018,0.00013,-0.0004,0,3e-05,-0,-0.00075,-0.00033,-8e-05,0.00027,0.00022,3e-05,-1e-05,-0.00053,-9e-05,7e-05,-0.00041,-2e-05,2e-05,1e-05,-0.0234,0.00449,-0.00246,-0.02857,-0.00063,7e-05,0.00018
49.42,-2e-05,0.00098,-0.00055,-0.0002,-3e-05,-0,-1e-05,-0.0001,0.00013,-0.00042,0,2e-05,-0,-0.0007,-0.00025,-9e-05,0.00028,0.00028,2e-05,-1e-05,5e-05,-0.00033,3e-05,-0.00073,0,-1e-05,-0,-0.02323,0.00238,-0.00187,-0.0344,-0.0005,7e-05,0.00016
49.44,-2e-05,0.00095,-0.00065,-0.00024,1e-05,-0,0,-3e-05,0.00013,-0.00043,0,1e-05,0,-0.00065,-0.00016,-9e-05,0.00028,0.00032,2e-05,0,0.00104,-0.00056,0,-0.00103,2e-05,-2e-05,-1e-05,-0.02154,0.00013,-0.00117,-0.04039,-0.00029,6e-05,0.00012
49.46,-2e-05,0.00087,-0.0007,-0.00027,5e-05,-0,1e-05,2e-05,0.00011,-0.00042,0,-0,1e-05,-0.00058,-7e-05,-7e-05,0.00027,0.00032,1e-05,1e-05,0.00228,-0.00079,-5e-05,-0.00124,4e-05,-3e-05,-2e-05,-0.01786,-0.00154,-0.00057,-0.04601,-5e-05,3e-05,5e-05
49.48,-3e-05,0.00072,-0.0007,-0.00031,7e-05,-0,1e-05,5e-05,9e-05,-0.0004,0,-1e-05,1e-05,-0.00052,-0,-5e-05,0.00026,0.00028,0,2e-05,0.00358,-0.00106,-0.00017,-0.00138,5e-05,-3e-05,-3e-05,-0.01246,-0.00264,-0.00016,-0.05055,0.0002,1e-05,-2e-05
49.5,-5e-05,0.00047,-0.00065,-0.00034,7e-05,-0,1e-05,4e-05,6e-05,-0.00036,0,-2e-05,2e-05,-0.00044,3e-05,-3e-05,0.00025,0.00022,-0,3e-05,0.00483,-0.00134,-0.00039,-0.00149,6e-05,-4e-05,-4e-05,-0.00579,-0.00275,-1e-05,-0.05328,0.0004,-2e-05,-9e-05
49.52,-7e-05,6e-05,-0.00056,-0.00037,4e-05,-0,0,-0,3e-05,-0.00031,0,-2e-05,3e-05,-0.00035,2e-05,-1e-05,0.00024,0.00013,-1e-05,4e-05,0.00601,-0.00162,-0.00074,-0.00167,7e-05,-6e-05,-5e-05,0.00111,-0.00199,-0,-0.05366,0.00052,-5e-05,-0.00014
49.54,-8e-05,-0.00046,-0.00043,-0.00039,-1e-05,-0,-1e-05,-7e-05,1e-05,-0.00025,0,-2e-05,4e-05,-0.00024,-2e-05,1e-05,0.00023,5e-05,-1e-05,5e-05,0.00706,-0.00189,-0.00123,-0.00188,8e-05,-0.0001,-7e-05,0.00706,-0.00101,-1e-05,-0.05081,0.00054,-5e-05,-0.00016
49.56,-6e-05,-0.00106,-0.00029,-0.00042,-9e-05,0,-2e-05,-0.00016,-1e-05,-0.00019,0,-1e-05,5e-05,-0.00011,-9e-05,1e-05,0.00023,-0,-1e-05,6e-05,0.00788,-0.00214,-0.00178,-0.00206,7e-05,-0.00013,-8e-05,0.01122,-0.00012,-1e-05,-0.04459,0.00047,-5e-05,-0.00016
49.58,-2e-05,-0.00169,-0.00014,-0.00043,-0.00019,0,-3e-05,-0.00027,-2e-05,-0.00012,0,-1e-05,5e-05,2e-05,-0.00019,1e-05,0.00023,-3e-05,-2e-05,7e-05,0.00829,-0.0023,-0.00235,-0.00229,5e-05,-0.0002,-0.00011,0.01316,0.00055,3e-05,-0.03602,0.00035,-4e-05,-0.00013
49.6,4e-05,-0.00233,1e-05,-0.00045,-0.0003,0,-5e-05,-0.00038,-3e-05,-7e-05,0,-1e-05,4e-05,0.00014,-0.0003,-2e-05,0.00024,-4e-05,-2e-05,6e-05,0.00861,-0.00226,-0.00243,-0.0023,2e-05,-0.00016,-7e-05,0.01267,0.00081,8e-05,-0.02617,0.00023,-3e-05,-0.0001
49.62,9e-05,-0.00296,0.00015,-0.00047,-0.00038,0,-7e-05,-0.00049,-3e-05,-4e-05,0,-0,3e-05,0.00025,-0.00039,-6e-05,0.00026,-3e-05,-2e-05,6e-05,0.00932,-0.0019,-0.00152,-0.00156,-3e-05,5e-05,4e-05,0.01006,0.00046,6e-05,-0.0165,0.00013,-1e-05,-6e-05
49.64,0.00011,-0.00353,0.00026,-0.00048,-0.00046,0,-9e-05,-0.00057,-2e-05,-2e-05,0,-0,1e-05,0.00033,-0.00047,-9e-05,0.00026,-1e-05,-2e-05,5e-05,0.00915,-0.00132,-0.00044,-0.00031,-0.0001,-0.0001,-7e-05,0.00644,-0.00016,-2e-05,-0.00856,6e-05,-0,-3e-05
49.66,9e-05,-0.00399,0.00034,-0.00049,-0.00053,0,-0.00011,-0.00062,-1e-05,-1e-05,-0,-0,-1e-05,0.00038,-0.00053,-0.00014,0.00026,0,-2e-05,3e-05,0.0074,-0.00076,1e-05,0.00101,-0.00019,-0.00094,-0.00057,0.00275,-0.00077,-0.00013,-0.00305,1e-05,0,-1e-05
49.68,4e-05,-0.00435,0.00039,-0.00049,-0.00059,0,-0.00014,-0.00063,0,-0,-0,-0,-2e-05,0.0004,-0.00056,-0.00018,0.00024,1e-05,-2e-05,2e-05,0.00474,-0.00032,-0.00081,0.00249,-0.00033,-0.00328,-0.0017,-0.00046,-0.00127,-0.00027,-4e-05,-1e-05,0,-0
49.7,-8e-05,-0.00457,0.00039,-0.00048,-0.00064,0,-0.00017,-0.0006,1e-05,0,-0,-0,-3e-05,0.00039,-0.00056,-0.00021,0.00021,1e-05,-2e-05,1e-05,0.00213,-0.0001,-0.00261,0.00339,-0.00045,-0.0059,-0.00286,-0.0022,-0.00158,-0.00035,0.00051,-0,0,-0
49.72,-0.00027,-0.00463,0.00035,-0.00047,-0.00067,0,-0.00021,-0.00053,1e-05,0,-0,0,-4e-05,0.00037,-0.00053,-0.00023,0.00016,1e-05,-2e-05,1e-05,0.00052,1e-05,-0.00202,0.00336,-0.00048,-0.00324,-0.00213,-0.00234,-0.00174,-0.00036,-8e-05,1e-05,-0,-0
49.74,-0.00051,-0.00455,0.00029,-0.00045,-0.0007,0,-0.00024,-0.00043,1e-05,0,-0,0,-4e-05,0.00034,-0.00047,-0.00024,9e-05,-1e-05,-1e-05,-0,-0.00019,0.0001,-0.00075,0.00292,-0.00041,0.00057,-0.00035,-0.0023,-0.00186,-0.00041,-0.00072,2e-05,-0,-0
49.76,-0.00072,-0.00433,0.0002,-0.00043,-0.00072,0,-0.00027,-0.00031,0,-0,-0,0,-4e-05,0.0003,-0.00038,-0.00024,2e-05,-1e-05,-1e-05,-0,-0.00025,0.00024,-0.00028,0.0023,-0.00028,0.00322,0.00119,-0.00202,-0.00196,-0.00049,-0.0014,3e-05,-1e-05,-1e-05
49.78,-0.00091,-0.00399,0.00012,-0.00042,-0.00074,0,-0.0003,-0.00018,-1e-05,-0,-0,1e-05,-4e-05,0.00026,-0.00027,-0.00024,-5e-05,-1e-05,0,-1e-05,-5e-05,0.0005,1e-05,0.00145,-0.0001,0.00594,0.00263,-0.00145,-0.00198,-0.00055,-0.0021,3e-05,-1e-05,-1e-05
49.8,-0.00104,-0.0035,5e-05,-0.0004,-0.00072,0,-0.00034,-5e-05,-2e-05,-0,-0,1e-05,-4e-05,0.00023,-0.00016,-0.00022,-0.00013,0,1e-05,-1e-05,-0.00034,0.00088,8e-05,0.00073,2e-05,0.00713,0.00295,-0.00067,-0.00189,-0.00056,-0.00278,4e-05,-1e-05,-1e-05
49.82,-0.00106,-0.00288,-1e-05,-0.00039,-0.00067,0,-0.00037,6e-05,-3e-05,-0,0,1e-05,-3e-05,0.00021,-4e-05,-0.0002,-0.00019,3e-05,2e-05,-1e-05,-0.00084,0.00121,-6e-05,0.00038,3e-05,0.00399,0.00165,0.00029,-0.00166,-0.00048,-0.0034,4e-05,-1e-05,-1e-05
49.84,-0.00102,-0.00221,-3e-05,-0.00037,-0.00061,0,-0.00041,0.00016,-4e-05,-0,0,1e-05,-3e-05,0.00021,6e-05,-0.00018,-0.00023,7e-05,3e-05,-2e-05,-0.0011,0.00147,2e-05,2e-05,2e-05,-0,0,0.00138,-0.00132,-0.00034,-0.00393,3e-05,-1e-05,-1e-05
49.86,-0.00094,-0.00154,-1e-05,-0.00036,-0.00055,0,-0.00045,0.00023,-4e-05,0,0,2e-05,-3e-05,0.00022,0.00015,-0.00016,-0.00025,0.00013,5e-05,-3e-05,-0.00091,0.00176,0.00013,-0.0006,0,-0.00348,-0.00152,0.00211,-0.00148,-0.00027,-0.00182,0,-0,-1e-05
49.88,-0.00087,-0.00094,4e-05,-0.00035,-0.00049,0,-0.00049,0.00027,-3e-05,1e-05,0,2e-05,-3e-05,0.00026,0.00021,-0.00013,-0.00026,0.00019,6e-05,-3e-05,0.00011,0.00205,-0.00014,-0.00162,0,-0.00685,-0.00294,0.00211,-0.00215,-0.0002,0.00278,-4e-05,1e-05,-1e-05
49.9,-0.00082,-0.00045,0.00013,-0.00035,-0.00042,0,-0.00053,0.00029,-3e-05,1e-05,0,2e-05,-2e-05,0.0003,0.00025,-0.00011,-0.00025,0.00026,7e-05,-4e-05,0.0023,0.00213,-0.00072,-0.00353,2e-05,-0.00814,-0.00363,0.00143,-0.00305,-6e-05,0.00871,-6e-05,2e-05,-0
49.92,-0.00081,-0.00014,0.00025,-0.00037,-0.00034,0,-0.00054,0.00027,-1e-05,1e-05,0,3e-05,-2e-05,0.00034,0.00027,-9e-05,-0.00023,0.00035,8e-05,-4e-05,0.0065,0.00156,-0.00086,-0.00776,0.0001,-0.00425,-0.00232,-0.00039,-0.00395,0.00017,0.01595,-3e-05,2e-05,-0
49.94,-0.00086,-2e-05,0.0004,-0.00039,-0.00027,0,-0.00055,0.00023,0,1e-05,0,3e-05,-2e-05,0.00038,0.00025,-6e-05,-0.00021,0.00041,8e-05,-4e-05,0.01466,0.00061,-0.00057,-0.01344,0.00022,0.00013,-0.00016,-0.00375,-0.00468,0.00046,0.02422,6e-05,1e-05,-0
49.96,-0.00094,-5e-05,0.00056,-0.00044,-0.00021,0,-0.00053,0.00017,2e-05,1e-05,0,4e-05,-1e-05,0.0004,0.00023,-5e-05,-0.00018,0.00042,8e-05,-4e-05,0.02637,1e-05,4e-05,-0.01862,0.0003,0.00295,0.00147,-0.00848,-0.00515,0.00076,0.03283,0.00018,-3e-05,0
49.98,-0.00097,-0.00016,0.00073,-0.00049,-0.00015,0,-0.0005,9e-05,4e-05,1e-05,-0,5e-05,-1e-05,0.00041,0.00019,-3e-05,-0.00015,0.0004,7e-05,-3e-05,0.03991,6e-05,0.00093,-0.02334,0.00035,0.00547,0.00274,-0.01468,-0.00515,0.00101,0.0412,0.0003,-0.0001,2e-05
50,-0.00089,-0.00027,0.00091,-0.00056,-0.0001,0,-0.00045,1e-05,5e-05,1e-05,-0,6e-05,-0,0.0004,0.00015,-2e-05,-0.00012,0.00033,6e-05,-3e-05,0.04711,0.00175,0.00099,-0.02525,0.00038,0.0059,0.00268,-0.02187,-0.00454,0.00116,0.04876,0.00034,-0.00021,4e-05
50.02,-0.00069,-0.00031,0.00106,-0.00064,-7e-05,0,-0.00038,-7e-05,7e-05,0,-0,7e-05,1e-05,0.00039,0.00011,-1e-05,-0.00011,0.00022,4e-05,-2e-05,0.03839,0.00567,-0.00018,-0.01858,0.00037,0.00246,0.0012,-0.02893,-0.00326,0.0012,0.05521,0.00021,-0.00035,7e-05
50.04,-0.00036,-0.00023,0.00118,-0.00073,-4e-05,0,-0.0003,-0.00014,8e-05,0,-0,7e-05,2e-05,0.00037,7e-05,-0,-0.00012,0.00013,2e-05,-1e-05,0.02741,0.01013,0.00238,-0.00516,0.0003,0.00031,0.00018,-0.03577,-0.00119,0.0011,0.06061,-0.00021,-0.00052,0.00012
50.06,5e-05,-1e-05,0.00126,-0.00082,-3e-05,0,-0.00021,-0.00018,0.0001,0,-0,8e-05,3e-05,0.00032,5e-05,0,-0.00014,7e-05,1e-05,-1e-05,0.02306,0.01215,0.00876,0.00857,0.00024,-0.00012,-8e-05,-0.04248,0.00164,0.00084,0.06515,-0.00101,-0.0007,0.00017
50.08,0.00047,0.00033,0.00127,-0.0009,-1e-05,0,-0.00013,-0.00021,0.00011,-0,-0,8e-05,5e-05,0.00027,3e-05,1e-05,-0.00017,3e-05,-0,-0,0.02552,0.01112,0.01495,0.02307,0.00017,0.00016,4e-05,-0.04848,0.00504,0.00047,0.06901,-0.00227,-0.00087,0.00022
50.1,0.00088,0.00074,0.00122,-0.00097,-1e-05,0,-6e-05,-0.00022,0.00011,-1e-05,-0,8e-05,6e-05,0.00021,2e-05,1e-05,-0.00021,1e-05,-1e-05,0,0.02698,0.00828,0.01615,0.0326,0.00011,0.00049,0.00022,-0.0544,0.00858,4e-05,0.07247,-0.00404,-0.00101,0.00026
50.12,0.00126,0.00113,0.00111,-0.00102,-1e-05,0,-2e-05,-0.0002,0.0001,-2e-05,-0,7e-05,9e-05,0.00014,1e-05,1e-05,-0.00023,0,-2e-05,1e-05,0.02401,0.00576,0.01329,0.03198,7e-05,0.00046,0.00021,-0.06141,0.01155,-0.00029,0.07579,-0.0063,-0.00109,0.00025
50.14,0.00155,0.00146,0.00094,-0.00105,-0,-0,0,-0.00016,9e-05,-3e-05,-0,7e-05,0.00011,8e-05,1e-05,1e-05,-0.00023,-0,-1e-05,2e-05,0.01988,0.00391,0.00923,0.0265,5e-05,0.0003,0.00012,-0.0685,0.01358,-0.00037,0.0787,-0.00899,-0.00105,0.00017
50.16,0.00169,0.00167,0.00073,-0.00104,-0,-0,-0,-0.00012,7e-05,-3e-05,-0,6e-05,0.00012,4e-05,1e-05,1e-05,-0.00021,-1e-05,-1e-05,2e-05,0.01571,0.00267,0.0055,0.01939,2e-05,0.00017,6e-05,-0.07459,0.01459,-9e-05,0.08074,-0.01201,-0.00083,0
50.18,0.0017,0.00173,0.00052,-0.001,-0,-0,-4e-05,-7e-05,5e-05,-4e-05,0,4e-05,0.00011,2e-05,1e-05,1e-05,-0.00017,-1e-05,-1e-05,3e-05,0.01201,0.00193,0.00289,0.01183,1e-05,7e-05,1e-05,-0.08004,0.01446,0.00047,0.08193,-0.01483,-0.00036,-0.00029
50.2,0.00162,0.00165,0.00031,-0.00093,-0,-0,-0.0001,-4e-05,4e-05,-5e-05,0,3e-05,9e-05,1e-05,1e-05,1e-05,-0.00011,-0,-0,3e-05,0.00953,0.00159,0.00151,0.00523,-1e-05,2e-05,-1e-05,-0.08382,0.01329,0.00183,0.08078,-0.01778,0.00041,-0.00073
50.22,0.00148,0.00144,0.00012,-0.00085,0,-0,-0.00018,-2e-05,2e-05,-5e-05,0,2e-05,6e-05,1e-05,1e-05,1e-05,-6e-05,0,-0,3e-05,0.00844,0.0015,0.00089,0.00106,-2e-05,0,-1e-05,-0.08478,0.01118,0.00533,0.07528,-0.0218,0.00164,-0.00129
50.24,0.00124,0.00115,-4e-05,-0.00075,1e-05,-0,-0.00025,-1e-05,1e-05,-4e-05,0,1e-05,3e-05,2e-05,1e-05,1e-05,-2e-05,1e-05,-1e-05,3e-05,0.00803,0.0015,0.00051,-0.00057,-4e-05,0,-1e-05,-0.08424,0.00842,0.01007,0.06697,-0.02536,0.00347,-0.00192
50.26,0.00089,0.00081,-0.00016,-0.00064,1e-05,-0,-0.00033,-0,1e-05,-4e-05,-0,-0,1e-05,3e-05,1e-05,0,2e-05,1e-05,-1e-05,3e-05,0.00765,0.00148,0.00017,-0.00043,-5e-05,0,-1e-05,-0.08265,0.00547,0.01454,0.05727,-0.02694,0.00582,-0.00257
50.28,0.00042,0.00047,-0.00023,-0.00055,2e-05,-0,-0.0004,0,0,-2e-05,-0,-1e-05,-1e-05,3e-05,0,0,4e-05,2e-05,-1e-05,2e-05,0.00699,0.00142,-0.0002,0.00068,-7e-05,0,-0,-0.07977,0.00259,0.01844,0.04535,-0.02688,0.00894,-0.00297
50.3,-0.00013,0.00013,-0.00028,-0.00045,4e-05,-0,-0.00045,0,0,-1e-05,-0,-1e-05,-3e-05,3e-05,0,0,4e-05,3e-05,-0,2e-05,0.00562,0.00129,-0.00055,0.00192,-8e-05,-0,-0,-0.07601,0.0001,0.02041,0.0352,-0.02443,0.01142,-0.00342
50.32,-0.00077,-0.00018,-0.00031,-0.00036,5e-05,-0,-0.0005,-0,0,0,-0,-1e-05,-4e-05,3e-05,-0,0,3e-05,3e-05,-0,2e-05,0.00341,0.00107,-0.0008,0.00235,-8e-05,-0,0,-0.07098,-0.00201,0.02053,0.02912,-0.01981,0.01035,-0.00476
50.34,-0.00147,-0.00044,-0.00031,-0.00029,6e-05,0,-0.00051,-1e-05,0,1e-05,0,-1e-05,-4e-05,2e-05,-1e-05,0,2e-05,4e-05,-0,2e-05,0.00061,0.00074,-0.00087,0.0017,-9e-05,-1e-05,-0,-0.06443,-0.00384,0.01976,0.02343,-0.01477,0.00693,-0.00631
50.36,-0.00221,-0.00065,-0.0003,-0.00022,8e-05,0,-0.00051,-1e-05,0,2e-05,0,-1e-05,-4e-05,-0,-1e-05,0,-1e-05,4e-05,-0,2e-05,-0.00261,0.00026,-0.0007,0.00019,-9e-05,-1e-05,-0,-0.05694,-0.00527,0.01815,0.01707,-0.01029,0.00347,-0.00718
50.38,-0.00296,-0.00082,-0.00029,-0.00016,9e-05,-0,-0.00047,-1e-05,0,2e-05,0,-1e-05,-4e-05,-2e-05,-1e-05,0,-4e-05,3e-05,-0,2e-05,-0.00613,-0.00032,-0.00028,-0.00185,-8e-05,-1e-05,-0,-0.04885,-0.0063,0.01599,0.01135,-0.00651,-0.0002,-0.00754
50.4,-0.00367,-0.00095,-0.00027,-0.00011,9e-05,-0,-0.00043,-1e-05,0,2e-05,0,-0,-4e-05,-5e-05,-1e-05,0,-7e-05,3e-05,-0,1e-05,-0.0097,-0.00095,0.0003,-0.00414,-8e-05,-1e-05,-0,-0.04055,-0.00691,0.01321,0.00663,-0.00359,-0.00231,-0.00704
50.42,-0.00429,-0.00104,-0.00023,-7e-05,0.0001,-0,-0.00038,-1e-05,0,1e-05,0,-0,-4e-05,-7e-05,-1e-05,0,-0.0001,1e-05,-0,1e-05,-0.01287,-0.00151,0.00091,-0.00625,-7e-05,-1e-05,-0,-0.03247,-0.00708,0.00986,0.00312,-0.00159,-0.00212,-0.00563
50.44,-0.00479,-0.0011,-0.0002,-3e-05,0.0001,-0,-0.00032,-1e-05,0,-0,0,0,-4e-05,-0.0001,-1e-05,1e-05,-0.00012,-1e-05,-0,1e-05,-0.01539,-0.00193,0.00142,-0.00754,-6e-05,-0,-0,-0.02486,-0.00683,0.00679,0.00083,-0.00043,-0.00143,-0.00408
50.46,-0.00518,-0.00113,-0.00015,-0,9e-05,-0,-0.00026,-1e-05,0,-2e-05,0,0,-4e-05,-0.00011,-1e-05,1e-05,-0.00014,-4e-05,-0,1e-05,-0.01715,-0.00217,0.00178,-0.00774,-5e-05,-0,0,-0.01799,-0.00617,0.00439,-0.00044,6e-05,-0.00091,-0.00275
50.48,-0.00544,-0.00114,-9e-05,2e-05,8e-05,-0,-0.0002,0,1e-05,-4e-05,0,0,-3e-05,-0.00013,-0,1e-05,-0.00016,-6e-05,-0,0,-0.01793,-0.00226,0.00197,-0.00686,-4e-05,-0,0,-0.01209,-0.00517,0.00261,-0.00095,0.00015,-0.00046,-0.00168
50.5,-0.00552,-0.00113,-3e-05,3e-05,7e-05,-0,-0.00015,1e-05,1e-05,-7e-05,0,0,-3e-05,-0.00014,0,1e-05,-0.00016,-7e-05,-0,-0,-0.01771,-0.00224,0.00209,-0.00534,-3e-05,-0,0,-0.00729,-0.00392,0.00139,-0.00098,5e-05,-0.00012,-0.00091
50.52,-0.00539,-0.0011,2e-05,4e-05,6e-05,-0,-9e-05,1e-05,1e-05,-9e-05,0,0,-3e-05,-0.00014,1e-05,1e-05,-0.00017,-6e-05,-0,-1e-05,-0.01655,-0.00219,0.00226,-0.00379,-2e-05,-0,0,-0.0036,-0.00254,0.00062,-0.00077,-6e-05,7e-05,-0.00042
50.54,-0.00508,-0.00105,8e-05,5e-05,4e-05,-0,-5e-05,2e-05,1e-05,-0.0001,0,0,-3e-05,-0.00014,1e-05,1e-05,-0.00016,-0,-0,-2e-05,-0.01469,-0.00212,0.00242,-0.00231,-1e-05,-0,0,-0.00096,-0.0012,0.00017,-0.00051,-0.0001,0.00016,-0.00014
50.56,-0.00463,-0.00099,0.00011,5e-05,2e-05,-0,-1e-05,2e-05,1e-05,-0.00011,0,-0,-2e-05,-0.00013,2e-05,1e-05,-0.00016,0.00011,0,-2e-05,-0.01248,-0.00201,0.00247,-0.00092,0,-0,0,0.00083,1e-05,-7e-05,-0.00028,-6e-05,0.00017,-1e-05
50.58,-0.00408,-0.0009,0.00013,5e-05,0,0,2e-05,2e-05,1e-05,-0.00012,0,-0,-2e-05,-0.00012,2e-05,1e-05,-0.00015,0.00024,1e-05,-3e-05,-0.01014,-0.00184,0.00235,0.00033,1e-05,-0,-0,0.00197,0.00098,-0.00019,-0.00011,4e-05,0.00014,4e-05
50.6,-0.00346,-0.0008,0.00013,5e-05,-1e-05,0,5e-05,2e-05,0,-0.00012,0,-0,-2e-05,-0.0001,2e-05,0,-0.00015,0.00044,1e-05,-3e-05,-0.00804,-0.00152,0.00203,0.00101,1e-05,0,-0,0.0026,0.00166,-0.00024,-1e-05,0.00017,0.0001,5e-05
50.62,-0.00281,-0.00067,0.00011,4e-05,-2e-05,0,7e-05,2e-05,0,-0.00011,0,-1e-05,-2e-05,-8e-05,2e-05,0,-0.00014,0.00078,2e-05,-3e-05,-0.00635,-0.00102,0.00159,0.00096,2e-05,-0,-0,0.00262,0.00182,-0.00025,2e-05,0.00024,7e-05,4e-05
50.64,-0.00223,-0.00053,8e-05,4e-05,-3e-05,0,9e-05,2e-05,-0,-0.0001,0,-1e-05,-1e-05,-6e-05,2e-05,-0,-0.00013,0.00112,2e-05,-3e-05,-0.00507,-0.00044,0.00107,0.00074,2e-05,-0,-0,0.00234,0.00164,-0.00024,1e-05,0.00026,5e-05,3e-05
50.66,-0.00173,-0.0004,3e-05,3e-05,-4e-05,0,0.0001,2e-05,-0,-8e-05,0,-1e-05,-1e-05,-4e-05,2e-05,-0,-0.00012,0.00129,2e-05,-2e-05,-0.00424,0.00014,0.00052,0.00061,3e-05,-0,-0,0.00205,0.00138,-0.00021,1e-05,0.00025,6e-05,4e-05
50.68,-0.00132,-0.00027,-1e-05,3e-05,-4e-05,0,0.00011,1e-05,-1e-05,-6e-05,0,-1e-05,-1e-05,-2e-05,2e-05,-0,-0.00012,0.00137,2e-05,-2e-05,-0.00389,0.00067,0,0.00046,3e-05,-0,-0,0.00175,0.00106,-0.00018,1e-05,0.00023,9e-05,6e-05
50.7,-0.00095,-0.00015,-4e-05,2e-05,-4e-05,0,0.00011,1e-05,-1e-05,-4e-05,0,-1e-05,-1e-05,-0,2e-05,0,-0.00011,0.0013,1e-05,-1e-05,-0.00389,0.00107,-0.00044,0.00032,4e-05,-0,-0,0.00147,0.0007,-0.00015,1e-05,0.00019,0.00012,8e-05
50.72,-0.00059,-6e-05,-6e-05,2e-05,-4e-05,0,0.00011,1e-05,-1e-05,-3e-05,0,-2e-05,-1e-05,1e-05,1e-05,0,-0.00011,0.00104,1e-05,-1e-05,-0.00407,0.00132,-0.00075,0.00019,4e-05,0,-0,0.0012,0.00035,-0.00012,0,0.00014,0.00016,0.0001
50.74,-0.0002,2e-05,-6e-05,2e-05,-3e-05,0,0.00011,0,-1e-05,-1e-05,0,-2e-05,-1e-05,2e-05,2e-05,0,-0.00011,0.00077,1e-05,-1e-05,-0.00432,0.00139,-0.00092,4e-05,5e-05,0,0,0.00098,5e-05,-9e-05,0,9e-05,0.0002,0.00012
50.76,0.00024,7e-05,-6e-05,3e-05,-2e-05,0,0.00011,-0,-1e-05,0,0,-2e-05,-1e-05,2e-05,2e-05,0,-0.00011,0.00058,1e-05,-1e-05,-0.00456,0.00127,-0.00097,-0.00011,5e-05,0,0,0.0008,-0.00016,-7e-05,0,4e-05,0.00023,0.00014
50.78,0.00075,0.0001,-6e-05,5e-05,-2e-05,0,0.0001,-0,-1e-05,2e-05,0,-2e-05,-0,2e-05,2e-05,0,-0.00012,0.00043,1e-05,-1e-05,-0.00468,0.00099,-0.00093,-0.00028,5e-05,0,0,0.00066,-0.00029,-5e-05,-0,-0,0.00024,0.00014
50.8,0.00131,0.00011,-6e-05,6e-05,-1e-05,0,0.0001,-1e-05,-1e-05,3e-05,0,-1e-05,-0,2e-05,2e-05,0,-0.00013,0.00033,0,-1e-05,-0.00459,0.0006,-0.00086,-0.00043,6e-05,0,-0,0.00055,-0.00035,-3e-05,-0,-4e-05,0.00024,0.00014
50.82,0.00188,0.00011,-6e-05,9e-05,0,0,9e-05,-1e-05,-1e-05,4e-05,0,-1e-05,-0,2e-05,2e-05,0,-0.00015,0.00028,0,-1e-05,-0.00426,0.00014,-0.0008,-0.00049,6e-05,1e-05,0,0.00047,-0.00036,-2e-05,-0,-7e-05,0.00022,0.00013
50.84,0.00243,0.0001,-6e-05,0.00011,1e-05,0,8e-05,-1e-05,-1e-05,5e-05,0,-1e-05,0,1e-05,2e-05,0,-0.00018,0.00023,0,-1e-05,-0.00367,-0.00034,-0.00078,-0.00044,7e-05,1e-05,0,0.00039,-0.00033,-1e-05,-0,-8e-05,0.00019,0.00011
50.86,0.00293,8e-05,-7e-05,0.00013,1e-05,0,7e-05,-1e-05,-1e-05,6e-05,0,-1e-05,0,1e-05,2e-05,0,-0.00021,0.00019,0,-1e-05,-0.00283,-0.00081,-0.0008,-0.00035,8e-05,2e-05,0,0.00031,-0.00028,0,-0,-0.0001,0.00015,8e-05
50.88,0.00334,7e-05,-8e-05,0.00016,2e-05,0,6e-05,-1e-05,-0,7e-05,0,-1e-05,0,0,1e-05,0,-0.00025,0.00015,0,-1e-05,-0.00179,-0.00126,-0.00086,-0.00038,9e-05,2e-05,0,0.00021,-0.00023,1e-05,-0,-0.0001,0.0001,6e-05
50.9,0.00361,4e-05,-9e-05,0.00018,2e-05,0,6e-05,-1e-05,-0,7e-05,0,-1e-05,1e-05,-0,-0,-0,-0.00028,0.00012,0,-1e-05,-0.00061,-0.00161,-0.00098,-0.00029,0.0001,3e-05,1e-05,6e-05,-0.00017,2e-05,-0,-0.0001,5e-05,3e-05
50.92,0.00367,2e-05,-0.0001,0.0002,2e-05,0,5e-05,-1e-05,-0,7e-05,0,-1e-05,1e-05,-1e-05,-1e-05,-0,-0.00031,8e-05,0,-1e-05,0.00063,-0.00181,-0.00115,0.0004,0.0001,4e-05,1e-05,-0.00014,-0.00013,2e-05,-0,-9e-05,-2e-05,-1e-05
50.94,0.00351,-2e-05,-0.00011,0.00021,1e-05,0,5e-05,-1e-05,-1e-05,6e-05,0,-1e-05,1e-05,-1e-05,-3e-05,-0,-0.00034,4e-05,0,-1e-05,0.00188,-0.00187,-0.00135,0.00128,0.00011,5e-05,1e-05,-0.00042,-0.0001,2e-05,-0,-8e-05,-8e-05,-4e-05
50.96,0.00314,-6e-05,-0.00012,0.00022,1e-05,0,5e-05,-1e-05,-1e-05,5e-05,0,-1e-05,1e-05,-1e-05,-4e-05,-0,-0.00035,2e-05,0,-1e-05,0.00306,-0.0018,-0.00156,0.00174,0.00012,5e-05,2e-05,-0.00076,-7e-05,2e-05,-0,-7e-05,-0.00015,-8e-05
50.98,0.0026,-0.0001,-0.00012,0.00023,1e-05,0,5e-05,-1e-05,-1e-05,4e-05,0,-1e-05,1e-05,-1e-05,-6e-05,-0,-0.00036,-1e-05,0,-1e-05,0.0041,-0.00161,-0.00176,0.00178,0.00013,6e-05,2e-05,-0.00115,-6e-05,2e-05,-0,-5e-05,-0.00022,-0.00011
51,0.00197,-0.00015,-0.00013,0.00023,1e-05,0,5e-05,-1e-05,-1e-05,3e-05,0,-0,1e-05,-0,-7e-05,-0,-0.00036,-3e-05,0,-1e-05,0.00488,-0.00133,-0.00194,0.00154,0.00013,5e-05,2e-05,-0.00158,-4e-05,2e-05,-0,-3e-05,-0.00028,-0.00015
51.02,0.00133,-0.00021,-0.00013,0.00022,1e-05,0,5e-05,-1e-05,-1e-05,2e-05,-0,-0,1e-05,-1e-05,-8e-05,-0,-0.00035,-4e-05,0,-1e-05,0.00529,-0.00101,-0.00208,0.00123,0.00013,4e-05,1e-05,-0.002,-3e-05,1e-05,-0,-1e-05,-0.00032,-0.00017
51.04,0.00076,-0.00027,-0.00013,0.00022,2e-05,0,6e-05,-1e-05,-1e-05,1e-05,-0,-0,1e-05,-1e-05,-8e-05,-0,-0.00034,-6e-05,0,-1e-05,0.00526,-0.00067,-0.00215,0.00079,0.00013,3e-05,1e-05,-0.00239,-0,0,-0,1e-05,-0.00034,-0.00019
51.06,0.0003,-0.00034,-0.00012,0.00021,2e-05,0,6e-05,-1e-05,-1e-05,0,-0,-0,1e-05,-1e-05,-9e-05,-0,-0.00033,-7e-05,0,-1e-05,0.00484,-0.00032,-0.00212,0.0002,0.00012,2e-05,0,-0.00269,3e-05,-1e-05,-0,2e-05,-0.00035,-0.00019
51.08,-2e-05,-0.00041,-0.00012,0.00019,2e-05,0,6e-05,-1e-05,-1e-05,0,-0,0,1e-05,-1e-05,-9e-05,0,-0.00031,-8e-05,0,-1e-05,0.00408,1e-05,-0.00198,-0.00021,0.00011,1e-05,0,-0.00291,5e-05,-1e-05,-0,2e-05,-0.00033,-0.00019
51.1,-0.00021,-0.00048,-0.00012,0.00018,2e-05,0,6e-05,-1e-05,-1e-05,0,-0,0,1e-05,-2e-05,-9e-05,0,-0.00028,-9e-05,0,-1e-05,0.00314,0.00029,-0.00173,-0.0006,0.0001,-0,-0,-0.00304,6e-05,-2e-05,-0,2e-05,-0.00031,-0.00018
51.12,-0.00028,-0.00053,-0.00011,0.00017,2e-05,0,6e-05,-1e-05,-1e-05,0,-0,0,1e-05,-2e-05,-9e-05,0,-0.00026,-9e-05,0,-1e-05,0.0022,0.00051,-0.00143,-0.00112,8e-05,-1e-05,-0,-0.00309,5e-05,-2e-05,-0,2e-05,-0.00027,-0.00016
51.14,-0.00025,-0.00056,-0.00011,0.00015,1e-05,0,5e-05,-1e-05,-1e-05,0,-0,0,1e-05,-3e-05,-8e-05,0,-0.00023,-9e-05,1e-05,-1e-05,0.00139,0.00067,-0.00111,-0.00145,6e-05,-1e-05,-0,-0.00306,-0,-3e-05,-0,0,-0.00023,-0.00014
51.16,-0.00016,-0.00057,-0.0001,0.00013,1e-05,0,5e-05,-1e-05,-1e-05,1e-05,-0,0,0,-4e-05,-7e-05,1e-05,-0.0002,-8e-05,1e-05,-1e-05,0.00078,0.00074,-0.00077,-0.00139,5e-05,-1e-05,-1e-05,-0.00295,-0.0001,-3e-05,0,-1e-05,-0.00019,-0.00011
51.18,-1e-05,-0.00056,-0.0001,0.00011,1e-05,0,4e-05,-1e-05,-1e-05,1e-05,-0,0,0,-4e-05,-6e-05,1e-05,-0.00017,-7e-05,1e-05,-1e-05,0.00042,0.00075,-0.00046,-0.00103,4e-05,-1e-05,-1e-05,-0.00276,-0.00024,-2e-05,0,-4e-05,-0.00014,-9e-05
51.2,0.00015,-0.00053,-9e-05,8e-05,0,-0,4e-05,-1e-05,-1e-05,1e-05,-0,0,0,-4e-05,-5e-05,1e-05,-0.00014,-6e-05,0,-1e-05,0.00029,0.0007,-0.00019,-0.00067,2e-05,-1e-05,-0,-0.00253,-0.00041,-2e-05,0,-6e-05,-9e-05,-6e-05
51.22,0.0003,-0.00049,-9e-05,6e-05,0,-0,4e-05,-0,-1e-05,1e-05,-0,0,0,-5e-05,-4e-05,1e-05,-0.00011,-5e-05,0,-0,0.00037,0.00061,3e-05,-0.00048,1e-05,-1e-05,-0,-0.00226,-0.00061,-2e-05,-0,-9e-05,-5e-05,-3e-05
51.24,0.00044,-0.00043,-8e-05,3e-05,0,-0,4e-05,-0,-1e-05,1e-05,0,-0,-0,-5e-05,-4e-05,1e-05,-8e-05,-4e-05,0,-0,0.00062,0.00046,0.00019,-0.0003,0,-1e-05,-0,-0.00196,-0.00081,-1e-05,-0,-0.00011,-1e-05,-0
51.26,0.00055,-0.00038,-7e-05,1e-05,-0,-0,3e-05,-0,-1e-05,1e-05,0,-0,-0,-4e-05,-3e-05,1e-05,-6e-05,-4e-05,0,-0,0.00101,0.00028,0.0003,-7e-05,-1e-05,-1e-05,-0,-0.00165,-0.00101,-1e-05,-0,-0.00013,3e-05,2e-05
51.28,0.00063,-0.00032,-6e-05,-2e-05,-0,-0,3e-05,0,-1e-05,0,0,-0,-0,-4e-05,-2e-05,1e-05,-4e-05,-3e-05,0,-0,0.0015,8e-05,0.00037,0.0001,-1e-05,-1e-05,-0,-0.00132,-0.00119,-0,-0,-0.00014,6e-05,4e-05
51.3,0.00069,-0.00026,-5e-05,-4e-05,-0,0,3e-05,0,-1e-05,0,0,-0,-0,-3e-05,-1e-05,1e-05,-2e-05,-3e-05,0,0,0.00207,-0.00013,0.00041,0.00011,-2e-05,-1e-05,-0,-0.00097,-0.00128,0,-0,-0.00014,8e-05,5e-05
51.32,0.00073,-0.00022,-4e-05,-6e-05,0,0,3e-05,0,-1e-05,-0,0,-0,-0,-2e-05,-0,1e-05,-0,-3e-05,0,0,0.00271,-0.00035,0.00041,-1e-05,-3e-05,-1e-05,-0,-0.00057,-0.00111,1e-05,0,-0.0001,9e-05,4e-05
51.34,0.00076,-0.00018,-3e-05,-8e-05,0,0,3e-05,0,-0,-1e-05,0,-0,-0,-1e-05,-0,1e-05,1e-05,-3e-05,0,0,0.0034,-0.00055,0.0004,-0.0002,-4e-05,-1e-05,-0,-0.00026,-0.00077,2e-05,0,-4e-05,8e-05,3e-05
51.36,0.00077,-0.00015,-2e-05,-0.0001,0,0,3e-05,0,-0,-1e-05,0,0,-0,-0,0,1e-05,2e-05,-4e-05,0,1e-05,0.00409,-0.00073,0.00038,-0.00046,-5e-05,-1e-05,-0,-5e-05,-0.00027,3e-05,0,3e-05,6e-05,1e-05
51.38,0.00078,-0.00012,-1e-05,-0.00011,0,0,3e-05,0,-0,-2e-05,0,0,-0,1e-05,0,0,2e-05,-4e-05,0,1e-05,0.00476,-0.00088,0.00035,-0.00081,-6e-05,-1e-05,-0,0,0.00032,4e-05,0,9e-05,4e-05,-2e-05
51.4,0.00079,-0.00011,-0,-0.00013,0,0,4e-05,0,-0,-2e-05,0,1e-05,0,2e-05,-0,0,2e-05,-4e-05,0,1e-05,0.00541,-0.001,0.00032,-0.0012,-7e-05,-1e-05,-0,-0.00013,0.00095,5e-05,0,0.00013,2e-05,-4e-05
51.42,0.0008,-9e-05,1e-05,-0.00014,0,0,4e-05,-0,-0,-2e-05,0,1e-05,0,2e-05,-0,-0,2e-05,-4e-05,0,1e-05,0.00606,-0.00108,0.00028,-0.00149,-8e-05,-1e-05,-0,-0.00046,0.00155,5e-05,0,0.00014,0,-4e-05
51.44,0.00081,-8e-05,3e-05,-0.00015,0,0,4e-05,-0,-0,-3e-05,0,1e-05,0,3e-05,-0,-0,2e-05,-4e-05,0,1e-05,0.00665,-0.0011,0.00024,-0.00169,-9e-05,-1e-05,-0,-0.00098,0.00208,6e-05,0,0.00015,-1e-05,-4e-05
51.46,0.00083,-7e-05,6e-05,-0.00016,0,0,4e-05,-0,-0,-3e-05,0,1e-05,0,4e-05,-0,-1e-05,2e-05,-4e-05,0,1e-05,0.00712,-0.00107,0.00019,-0.00188,-0.00011,-1e-05,-0,-0.00166,0.0025,6e-05,0,0.00016,-0,-2e-05
51.48,0.00084,-6e-05,9e-05,-0.00017,0,0,5e-05,-0,-1e-05,-3e-05,0,1e-05,0,4e-05,-1e-05,-1e-05,1e-05,-3e-05,0,1e-05,0.00746,-0.00099,0.00013,-0.00205,-0.00012,-1e-05,-0,-0.00238,0.00278,5e-05,1e-05,0.0002,0,-0
51.5,0.00084,-5e-05,0.00013,-0.00018,0,0,5e-05,-0,-1e-05,-3e-05,0,1e-05,0,4e-05,-1e-05,-1e-05,1e-05,-3e-05,0,1e-05,0.00767,-0.00086,7e-05,-0.00215,-0.00013,-1e-05,-0,-0.00298,0.00288,4e-05,2e-05,0.00026,1e-05,2e-05
51.52,0.00084,-4e-05,0.00017,-0.00018,0,0,5e-05,-0,-1e-05,-3e-05,0,1e-05,0,4e-05,-1e-05,-1e-05,0,-3e-05,0,1e-05,0.00774,-0.00068,-2e-05,-0.00211,-0.00015,-1e-05,-0,-0.00332,0.00277,2e-05,3e-05,0.00031,2e-05,4e-05
51.54,0.00082,-3e-05,0.0002,-0.00019,-0,0,5e-05,-0,-1e-05,-3e-05,0,1e-05,0,4e-05,-1e-05,-0,-0,-3e-05,0,1e-05,0.00766,-0.00047,-0.00012,-0.00198,-0.00016,-1e-05,-0,-0.00328,0.00247,-1e-05,4e-05,0.00033,2e-05,5e-05
51.56,0.00077,-2e-05,0.00023,-0.00019,-0,0,4e-05,-0,-1e-05,-3e-05,0,1e-05,0,3e-05,-1e-05,-0,-0,-4e-05,1e-05,0,0.0074,-0.00023,-0.00025,-0.00186,-0.00017,-1e-05,-0,-0.00287,0.00203,-4e-05,4e-05,0.00029,2e-05,6e-05
51.58,0.00069,-1e-05,0.00025,-0.00018,-0,0,4e-05,-0,-1e-05,-2e-05,0,1e-05,-0,3e-05,-1e-05,0,-0,-4e-05,1e-05,0,0.00695,4e-05,-0.0004,-0.00175,-0.00018,-1e-05,-0,-0.00221,0.00152,-7e-05,4e-05,0.00022,1e-05,6e-05
51.6,0.00056,0,0.00026,-0.00018,0,0,3e-05,-0,-1e-05,-1e-05,0,0,-0,2e-05,-0,0,0,-3e-05,1e-05,0,0.00633,0.00032,-0.00057,-0.00162,-0.00018,-1e-05,-0,-0.00144,0.00102,-9e-05,3e-05,0.00013,-0,5e-05
51.62,0.00039,-0,0.00026,-0.00017,0,0,2e-05,-0,-1e-05,-1e-05,0,-0,-1e-05,2e-05,-0,1e-05,1e-05,-1e-05,2e-05,-0,0.00554,0.0006,-0.00075,-0.0014,-0.00018,-1e-05,-0,-0.00069,0.00056,-0.00011,2e-05,5e-05,-2e-05,4e-05
51.64,0.00018,-1e-05,0.00024,-0.00016,0,0,0,-0,-1e-05,0,0,-1e-05,-1e-05,2e-05,-0,1e-05,1e-05,4e-05,4e-05,-0,0.0046,0.00088,-0.00093,-0.00117,-0.00017,-2e-05,-0,-4e-05,0.00018,-0.00013,1e-05,-0,-4e-05,2e-05
51.66,-7e-05,-3e-05,0.00022,-0.00014,0,0,-1e-05,0,-1e-05,1e-05,0,-2e-05,-2e-05,1e-05,0,1e-05,2e-05,0.00012,5e-05,-1e-05,0.00354,0.00112,-0.00107,-0.001,-0.00015,-2e-05,-0,0.00048,-0.0001,-0.00014,0,-1e-05,-6e-05,-1e-05
51.68,-0.00036,-6e-05,0.00019,-0.00013,0,0,-3e-05,0,-1e-05,2e-05,0,-3e-05,-2e-05,1e-05,0,2e-05,2e-05,0.00022,7e-05,-1e-05,0.00242,0.00129,-0.00116,-0.00088,-0.00013,-2e-05,-0,0.00086,-0.00028,-0.00015,0,2e-05,-7e-05,-2e-05
51.7,-0.00065,-9e-05,0.00015,-0.00012,0,0,-4e-05,-0,-1e-05,3e-05,0,-3e-05,-3e-05,1e-05,0,2e-05,2e-05,0.00035,9e-05,-1e-05,0.0013,0.00137,-0.00115,-0.00076,-0.00011,-2e-05,-0,0.00113,-0.00036,-0.00016,-0,9e-05,-8e-05,-4e-05
51.72,-0.00094,-0.00013,0.00011,-0.00011,0,0,-6e-05,-0,-1e-05,4e-05,0,-3e-05,-2e-05,1e-05,0,2e-05,1e-05,0.00056,0.0001,-1e-05,0.00028,0.00133,-0.00099,-0.00054,-9e-05,-1e-05,-0,0.00133,-0.00036,-0.00016,0,0.00018,-8e-05,-5e-05
51.74,-0.00119,-0.00015,7e-05,-0.00011,0,0,-7e-05,-0,-1e-05,4e-05,0,-3e-05,-2e-05,1e-05,0,2e-05,-0,0.00076,0.00011,-1e-05,-0.00058,0.00113,-0.0007,-0.00025,-7e-05,-1e-05,-0,0.00139,-0.00027,-0.00016,0,0.00024,-7e-05,-5e-05
51.76,-0.0014,-0.00018,4e-05,-0.0001,0,0,-9e-05,-0,-1e-05,4e-05,0,-3e-05,-2e-05,0,0,3e-05,-1e-05,0.00083,0.00011,-1e-05,-0.00125,0.0008,-0.00034,0.0001,-5e-05,-1e-05,-0,0.00145,-0.00014,-0.00015,0,0.00027,-5e-05,-4e-05
51.78,-0.00155,-0.00019,2e-05,-0.0001,0,0,-0.0001,-0,-1e-05,3e-05,0,-3e-05,-1e-05,-1e-05,0,2e-05,-3e-05,0.00081,0.0001,-1e-05,-0.00177,0.00036,5e-05,0.00063,-3e-05,-0,-0,0.00154,-2e-05,-0.00014,0,0.00029,-4e-05,-4e-05
51.8,-0.00164,-0.0002,0,-0.00011,0,0,-0.00011,-0,-1e-05,3e-05,0,-2e-05,-1e-05,-2e-05,0,2e-05,-4e-05,0.0007,8e-05,-1e-05,-0.00216,-0.00012,0.00039,0.00113,-1e-05,-0,0,0.00167,0.00011,-0.00012,0,0.0003,-2e-05,-3e-05
51.82,-0.00168,-0.00019,-1e-05,-0.00011,0,0,-0.00011,-0,-1e-05,1e-05,0,-2e-05,-1e-05,-4e-05,0,2e-05,-6e-05,0.00048,5e-05,-1e-05,-0.00246,-0.0006,0.00071,0.00139,-1e-05,-0,0,0.00183,0.00021,-0.0001,0,0.0003,-1e-05,-2e-05
51.84,-0.00165,-0.00018,-1e-05,-0.00011,0,0,-0.00011,0,-1e-05,-0,0,-2e-05,-1e-05,-5e-05,0,1e-05,-7e-05,0.00028,3e-05,-1e-05,-0.00271,-0.00103,0.001,0.00161,0,-0,0,0.002,0.0003,-8e-05,0,0.00029,-0,-1e-05
51.86,-0.00158,-0.00016,-1e-05,-0.00011,-0,0,-9e-05,0,-1e-05,-2e-05,0,-1e-05,-0,-6e-05,0,1e-05,-7e-05,0.00015,2e-05,-1e-05,-0.00293,-0.00142,0.00125,0.00186,1e-05,-0,0,0.00217,0.00036,-5e-05,0,0.00028,0,-1e-05
51.88,-0.00147,-0.00013,-0,-0.00011,-0,0,-8e-05,0,-1e-05,-4e-05,0,-1e-05,-0,-6e-05,-0,-0,-7e-05,7e-05,1e-05,-1e-05,-0.00313,-0.00176,0.00145,0.00205,1e-05,-0,0,0.00231,0.00038,-3e-05,0,0.00027,0,-1e-05
51.9,-0.00135,-0.0001,0,-0.0001,-1e-05,0,-6e-05,0,-1e-05,-6e-05,0,-1e-05,-0,-6e-05,-0,-1e-05,-6e-05,2e-05,0,-1e-05,-0.00328,-0.00203,0.0016,0.00198,2e-05,-0,0,0.00241,0.00037,-1e-05,0,0.00025,1e-05,-1e-05
51.92,-0.00126,-8e-05,1e-05,-9e-05,-1e-05,0,-3e-05,0,-1e-05,-7e-05,0,-0,-0,-6e-05,-0,-1e-05,-5e-05,-0,0,-0,-0.00336,-0.00218,0.00173,0.00162,2e-05,-0,0,0.00245,0.00032,2e-05,0,0.00022,1e-05,-0
51.94,-0.0012,-6e-05,1e-05,-8e-05,-1e-05,0,-2e-05,0,-1e-05,-7e-05,0,-0,-0,-6e-05,-0,-1e-05,-4e-05,-2e-05,-0,-0,-0.00337,-0.00217,0.00178,0.00119,2e-05,-0,0,0.00241,0.00024,5e-05,0,0.0002,2e-05,0
51.96,-0.0012,-5e-05,1e-05,-6e-05,-1e-05,0,-0,0,-1e-05,-7e-05,0,0,-0,-5e-05,-0,-1e-05,-3e-05,-2e-05,-0,-0,-0.00331,-0.00198,0.00171,0.00082,1e-05,-0,0,0.00229,0.00014,8e-05,0,0.00016,4e-05,1e-05
51.98,-0.00124,-5e-05,0,-4e-05,-1e-05,0,1e-05,0,-0,-6e-05,0,0,-0,-4e-05,-0,-1e-05,-2e-05,-2e-05,-0,-0,-0.00318,-0.00164,0.00154,0.0005,1e-05,-0,0,0.00209,4e-05,0.00011,0,0.00013,6e-05,3e-05
52,-0.00129,-7e-05,0,-3e-05,-1e-05,0,2e-05,0,-0,-5e-05,0,0,-0,-3e-05,-0,-1e-05,-0,-2e-05,-0,0,-0.00301,-0.0012,0.00127,0.00026,1e-05,-0,0,0.00184,-6e-05,0.00014,0,9e-05,8e-05,4e-05
52.02,-0.00131,-9e-05,-0,-1e-05,-1e-05,0,2e-05,0,0,-3e-05,0,0,-0,-2e-05,-1e-05,-1e-05,1e-05,-2e-05,-0,0,-0.00284,-0.00072,0.00093,0.00011,0,-0,0,0.00156,-0.00013,0.00017,0,7e-05,0.00011,5e-05
52.04,-0.00129,-0.00012,-0,-0,-0,0,3e-05,0,0,-2e-05,0,0,-0,-1e-05,-1e-05,-0,1e-05,-2e-05,-0,0,-0.00271,-0.00026,0.0006,5e-05,-0,-0,0,0.00128,-0.00015,0.00019,0,4e-05,0.00013,7e-05
52.06,-0.00119,-0.00015,-1e-05,1e-05,-0,0,3e-05,0,0,-0,0,0,-0,-1e-05,-1e-05,-0,1e-05,-2e-05,-0,0,-0.00265,0.00013,0.0003,6e-05,-0,-0,0,0.001,-0.00012,0.00021,0,3e-05,0.00015,8e-05
52.08,-0.00102,-0.00018,-1e-05,1e-05,0,0,3e-05,0,0,1e-05,0,0,-0,-1e-05,-0,0,1e-05,-1e-05,-0,-0,-0.0027,0.00044,5e-05,0.00013,-1e-05,-0,0,0.00073,-5e-05,0.00022,0,3e-05,0.00017,9e-05
52.1,-0.0008,-0.00021,-2e-05,2e-05,0,-0,3e-05,-0,-0,2e-05,0,0,0,-0,-0,0,-0,-1e-05,-0,-0,-0.00286,0.00065,-0.00014,0.00024,-1e-05,-0,0,0.00048,6e-05,0.00023,0,3e-05,0.00018,0.0001
52.12,-0.00053,-0.00023,-2e-05,2e-05,1e-05,-0,4e-05,-0,-0,3e-05,0,0,0,-0,-0,0,-2e-05,-1e-05,-0,-0,-0.00314,0.00075,-0.00026,0.00035,-1e-05,-0,0,0.00025,0.00018,0.00024,0,5e-05,0.00019,0.00011
52.14,-0.00026,-0.00023,-3e-05,2e-05,1e-05,-0,4e-05,-0,-0,4e-05,-0,0,0,-0,-0,0,-3e-05,-1e-05,-0,-0,-0.00352,0.00076,-0.00032,0.00043,-0,-0,0,5e-05,0.00031,0.00025,0,6e-05,0.0002,0.00011
52.16,0,-0.00021,-4e-05,3e-05,1e-05,-0,4e-05,-0,-0,5e-05,-0,0,0,-0,-1e-05,0,-4e-05,-0,-0,-0,-0.00397,0.00067,-0.00033,0.00046,0,-0,0,-0.00012,0.00041,0.00026,0,8e-05,0.0002,0.00012
52.18,0.00027,-0.00018,-5e-05,3e-05,2e-05,-0,4e-05,-0,-0,6e-05,-0,0,0,-0,-1e-05,0,-6e-05,-0,-0,-0,-0.00445,0.00051,-0.00028,0.00041,1e-05,-0,0,-0.00027,0.0005,0.00026,0,0.0001,0.0002,0.00013
52.2,0.00055,-0.00014,-5e-05,3e-05,2e-05,-0,4e-05,-0,-0,6e-05,-0,-0,-0,0,-1e-05,-0,-7e-05,-0,-0,-0,-0.00487,0.0003,-0.00021,0.00027,2e-05,0,-0,-0.0004,0.00055,0.00026,0,0.00012,0.0002,0.00013
52.22,0.00085,-8e-05,-5e-05,4e-05,2e-05,0,5e-05,-0,-0,6e-05,-0,-0,-0,-0,-1e-05,-0,-8e-05,0,0,-0,-0.00514,5e-05,-0.00013,4e-05,3e-05,0,-0,-0.0005,0.00057,0.00023,0,0.00013,0.00018,0.00012
52.24,0.0012,-0,-5e-05,4e-05,2e-05,0,5e-05,-0,-0,6e-05,-0,-0,-0,-0,-1e-05,-0,-8e-05,0,0,-0,-0.0052,-0.00023,-5e-05,-0.00025,4e-05,0,-0,-0.00057,0.00055,0.00019,0,0.00014,0.00016,0.0001
52.26,0.00162,9e-05,-4e-05,5e-05,3e-05,0,5e-05,-0,-0,6e-05,-0,-0,-0,-0,-1e-05,-0,-8e-05,0,0,-0,-0.00498,-0.00051,2e-05,-0.00059,5e-05,0,-0,-0.00062,0.00048,0.00011,0,0.00014,0.00011,7e-05
52.28,0.0021,0.00018,-4e-05,6e-05,3e-05,0,5e-05,-0,-0,6e-05,-0,-1e-05,-0,-0,-0,-0,-7e-05,0,0,0,-0.00442,-0.00079,6e-05,-0.00096,6e-05,0,-0,-0.00064,0.00037,-2e-05,0,0.00014,4e-05,3e-05
52.3,0.00263,0.0003,-2e-05,6e-05,3e-05,0,5e-05,-0,-0,6e-05,0,-1e-05,-0,-0,-0,0,-7e-05,0,0,0,-0.00345,-0.00106,7e-05,-0.00131,7e-05,0,-0,-0.00065,0.00022,-0.00021,0,0.00011,-6e-05,-4e-05
52.32,0.00322,0.00042,-1e-05,6e-05,2e-05,0,5e-05,-0,0,5e-05,0,-1e-05,-0,-0,-0,0,-6e-05,0,0,0,-0.00203,-0.00129,5e-05,-0.00149,9e-05,1e-05,0,-0.00058,1e-05,-0.00049,-0,5e-05,-0.0002,-0.00011
52.34,0.00382,0.00054,-0,6e-05,2e-05,0,5e-05,0,0,5e-05,0,-1e-05,-0,-0,-0,0,-5e-05,0,0,0,-0.00014,-0.00145,-2e-05,-0.00149,0.00012,1e-05,0,-0.00039,-0.00012,-0.00092,-1e-05,-0,-0.00031,-0.00012
52.36,0.00442,0.00068,1e-05,6e-05,1e-05,0,5e-05,0,0,4e-05,0,-1e-05,-0,-0,-0,1e-05,-5e-05,0,0,0,0.00221,-0.00152,-0.00013,-0.0014,0.00015,2e-05,0,-0.00014,1e-05,-0.00158,-3e-05,4e-05,-0.00034,1e-05
52.38,0.00499,0.00081,1e-05,5e-05,1e-05,0,4e-05,0,0,3e-05,0,-1e-05,-0,-0,-0,1e-05,-5e-05,0,1e-05,1e-05,0.00495,-0.00145,-0.00028,-0.00141,0.00017,2e-05,0,0.00018,0.00056,-0.00258,-7e-05,0.00031,-0.00019,0.00039
52.4,0.00546,0.00093,2e-05,4e-05,0,0,4e-05,0,0,1e-05,0,-2e-05,-0,-0,-0,1e-05,-4e-05,0,0,1e-05,0.00795,-0.00121,-0.00047,-0.00118,0.0002,2e-05,0,0.00061,0.00168,-0.00407,-0.00014,0.00096,0.00026,0.00117
52.42,0.00577,0.00104,2e-05,3e-05,-0,0,4e-05,0,0,-0,0,-2e-05,-0,-0,-0,1e-05,-4e-05,0,0,1e-05,0.01113,-0.00078,-0.00068,2e-05,0.00022,3e-05,1e-05,0.00119,0.00342,-0.00621,-0.00025,0.00213,0.00119,0.00253
52.44,0.00588,0.00113,2e-05,2e-05,-1e-05,0,4e-05,0,0,-2e-05,0,-1e-05,-0,0,-0,1e-05,-3e-05,1e-05,0,1e-05,0.01428,-0.00023,-0.00088,0.00159,0.00023,3e-05,1e-05,0.00202,0.00568,-0.00902,-0.0004,0.00388,0.00267,0.00453
52.46,0.00581,0.00118,1e-05,0,-1e-05,0,3e-05,-0,0,-4e-05,0,-1e-05,-0,0,-0,1e-05,-2e-05,1e-05,0,1e-05,0.01712,0.0004,-0.00104,0.00262,0.00024,3e-05,1e-05,0.00317,0.00815,-0.01227,-0.00059,0.00609,0.00455,0.00707
52.48,0.00556,0.00121,1e-05,-2e-05,-2e-05,0,3e-05,-0,0,-6e-05,0,-1e-05,-0,0,-0,0,-2e-05,1e-05,-0,2e-05,0.01945,0.00105,-0.00114,0.00304,0.00023,2e-05,0,0.00461,0.01041,-0.01581,-0.00079,0.00847,0.00727,0.00997
52.5,0.00516,0.00122,-0,-4e-05,-2e-05,0,2e-05,-0,0,-7e-05,0,-1e-05,-0,0,-0,0,-1e-05,1e-05,-0,2e-05,0.02099,0.00163,-0.00118,0.00288,0.00022,2e-05,0,0.00631,0.01207,-0.01788,-0.00096,0.01033,0.00812,0.0119
52.52,0.00467,0.00122,-1e-05,-6e-05,-2e-05,0,1e-05,-0,1e-05,-8e-05,0,-0,0,0,0,0,-1e-05,1e-05,-1e-05,2e-05,0.02149,0.00212,-0.00114,0.00226,0.00019,1e-05,0,0.00818,0.0128,-0.01627,-0.00103,0.01072,0.00101,0.0103
52.54,0.00411,0.00121,-1e-05,-8e-05,-1e-05,0,-0,-0,1e-05,-9e-05,-0,0,0,0,0,-0,-1e-05,1e-05,-1e-05,2e-05,0.02082,0.00248,-0.00103,0.0011,0.00016,0,-0,0.00994,0.0123,-0.01254,-0.00092,0.00958,-0.00863,0.00624
52.56,0.00353,0.00118,-2e-05,-0.00011,-1e-05,0,-2e-05,-0,1e-05,-9e-05,-0,1e-05,1e-05,-0,0,-0,-1e-05,1e-05,-1e-05,2e-05,0.01909,0.00268,-0.00086,-0.00048,0.00013,-0,-0,0.01129,0.01068,-0.0079,-0.00066,0.00722,-0.01224,0.00245
52.58,0.00295,0.00113,-3e-05,-0.00013,0,0,-3e-05,-0,1e-05,-9e-05,-0,1e-05,1e-05,-0,0,-0,-1e-05,1e-05,-2e-05,2e-05,0.01651,0.00271,-0.00062,-0.00194,0.00011,-1e-05,-0,0.01206,0.0082,-0.00256,-0.00028,0.00389,-0.00811,-5e-05
52.6,0.00241,0.00106,-3e-05,-0.00016,1e-05,0,-5e-05,-0,2e-05,-9e-05,-0,2e-05,1e-05,-1e-05,0,-0,-2e-05,1e-05,-2e-05,3e-05,0.0135,0.0026,-0.00036,-0.00321,8e-05,-1e-05,-0,0.01236,0.00543,0.00277,8e-05,0.00023,0.00591,0.00043
52.62,0.00193,0.00094,-4e-05,-0.00018,1e-05,0,-6e-05,0,2e-05,-8e-05,-0,3e-05,2e-05,-2e-05,0,-0,-2e-05,-0,-1e-05,3e-05,0.01048,0.00236,-0.00011,-0.00423,5e-05,-1e-05,-0,0.01264,0.00271,0.00808,0.00043,-0.00332,0.01804,0.00022
52.64,0.00151,0.00081,-5e-05,-0.0002,1e-05,0,-6e-05,0,2e-05,-7e-05,-0,3e-05,3e-05,-2e-05,-0,-1e-05,-3e-05,-1e-05,-0,3e-05,0.00766,0.00206,0.0001,-0.00455,3e-05,-1e-05,-0,0.01251,0.00018,0.01342,0.00078,-0.0064,0.01905,-0.00331
52.66,0.00116,0.00068,-6e-05,-0.00021,1e-05,0,-6e-05,0,1e-05,-6e-05,-0,3e-05,4e-05,-2e-05,-0,-1e-05,-3e-05,-2e-05,0,2e-05,0.00513,0.00173,0.00025,-0.00405,1e-05,-1e-05,-0,0.01187,-0.00197,0.01783,0.00101,-0.00861,0.01358,-0.0077
52.68,0.00087,0.00054,-6e-05,-0.00022,1e-05,0,-5e-05,0,1e-05,-5e-05,-0,3e-05,4e-05,-2e-05,-0,-1e-05,-2e-05,-2e-05,1e-05,2e-05,0.00294,0.00138,0.00034,-0.00296,-0,-1e-05,0,0.01079,-0.00357,0.02136,0.0011,-0.00991,0.00191,-0.01265
52.7,0.00064,0.00042,-7e-05,-0.00022,1e-05,0,-3e-05,0,1e-05,-4e-05,-0,3e-05,4e-05,-1e-05,-0,-1e-05,-2e-05,-2e-05,2e-05,1e-05,0.00116,0.00105,0.00036,-0.00184,-2e-05,-1e-05,0,0.00949,-0.00455,0.02276,0.00105,-0.01012,-0.0076,-0.01543
52.72,0.00046,0.00032,-6e-05,-0.00021,0,0,-2e-05,-0,0,-3e-05,-0,3e-05,3e-05,0,-0,-1e-05,-1e-05,-1e-05,1e-05,0,-0.00027,0.00075,0.00034,-0.00096,-3e-05,-1e-05,0,0.00822,-0.00499,0.02055,0.00094,-0.00913,-0.00824,-0.01439
52.74,0.00032,0.00023,-6e-05,-0.0002,0,0,-1e-05,-0,0,-2e-05,-0,2e-05,2e-05,1e-05,-0,-1e-05,-0,3e-05,1e-05,-0,-0.00143,0.00047,0.00028,-0.00019,-4e-05,-1e-05,0,0.0068,-0.005,0.01696,0.00081,-0.00758,-0.00637,-0.01205
52.76,0.00023,0.00016,-4e-05,-0.00019,0,0,1e-05,-0,0,-2e-05,-0,1e-05,2e-05,2e-05,-0,-1e-05,0,0.0001,1e-05,-1e-05,-0.00234,0.00021,0.00018,0.00041,-5e-05,-0,0,0.00515,-0.00465,0.01348,0.00067,-0.00589,-0.00535,-0.0098
52.78,0.00016,9e-05,-3e-05,-0.00018,-0,0,2e-05,-0,0,-1e-05,-0,1e-05,1e-05,4e-05,-0,-1e-05,1e-05,0.00017,1e-05,-2e-05,-0.00302,-3e-05,5e-05,0.00067,-6e-05,-0,0,0.00333,-0.00406,0.01012,0.00054,-0.00418,-0.00417,-0.00755
52.8,0.00012,2e-05,-1e-05,-0.00017,-0,0,3e-05,-0,0,-1e-05,-0,1e-05,1e-05,5e-05,0,-1e-05,1e-05,0.00026,1e-05,-2e-05,-0.00351,-0.00022,-9e-05,0.00066,-7e-05,-0,0,0.0014,-0.00334,0.00712,0.00044,-0.00256,-0.00302,-0.00548
52.82,0.0001,-5e-05,1e-05,-0.00016,-0,0,4e-05,-0,-0,-0,-0,1e-05,0,5e-05,0,-1e-05,2e-05,0.00042,1e-05,-3e-05,-0.00392,-0.00038,-0.00023,0.00065,-9e-05,-0,0,-0.00058,-0.00261,0.00463,0.00037,-0.00111,-0.00206,-0.00376
52.84,8e-05,-0.00012,3e-05,-0.00015,-0,0,4e-05,-0,-0,0,0,0,0,5e-05,0,-1e-05,2e-05,0.00055,1e-05,-2e-05,-0.00426,-0.00051,-0.00036,0.00064,-0.0001,-0,0,-0.00254,-0.00196,0.00267,0.00033,0.00015,-0.00129,-0.0024
52.86,7e-05,-0.00021,5e-05,-0.00014,-0,0,4e-05,-0,-0,0,0,0,-0,5e-05,0,-1e-05,2e-05,0.0006,0,-2e-05,-0.00454,-0.00059,-0.00048,0.00053,-0.00011,-0,0,-0.00441,-0.00144,0.00124,0.00031,0.0012,-0.00075,-0.00142
52.88,6e-05,-0.00032,6e-05,-0.00013,-0,0,4e-05,-0,-0,0,0,0,-0,5e-05,0,-1e-05,2e-05,0.00059,0,-2e-05,-0.00484,-0.00065,-0.00056,0.00035,-0.00013,-1e-05,0,-0.00611,-0.00108,0.00028,0.00031,0.00205,-0.00039,-0.00078
52.9,4e-05,-0.00043,6e-05,-0.00011,-0,0,4e-05,0,-0,0,0,0,-0,4e-05,-0,-1e-05,2e-05,0.0005,0,-1e-05,-0.00522,-0.00069,-0.00061,0.0002,-0.00014,-1e-05,0,-0.00757,-0.00089,-0.0003,0.00033,0.00269,-0.0002,-0.00042
52.92,2e-05,-0.00055,7e-05,-0.0001,-0,-0,3e-05,0,-0,1e-05,0,0,-0,3e-05,-0,-1e-05,1e-05,0.00033,-0,-1e-05,-0.00575,-0.00073,-0.0006,0.00015,-0.00015,-1e-05,0,-0.00868,-0.00085,-0.00058,0.00035,0.00313,-0.00012,-0.00028
52.94,-3e-05,-0.00067,7e-05,-9e-05,-0,-0,2e-05,0,-0,1e-05,0,1e-05,-0,2e-05,-0,-1e-05,-0,0.00019,-0,-1e-05,-0.00643,-0.00077,-0.00054,0.0001,-0.00016,-1e-05,0,-0.00934,-0.00094,-0.00068,0.00038,0.00335,-0.00012,-0.00028
52.96,-9e-05,-0.00079,6e-05,-7e-05,0,0,0,0,-0,1e-05,0,1e-05,-0,1e-05,-0,-1e-05,-2e-05,9e-05,-0,-0,-0.00726,-0.00081,-0.00042,-0.00013,-0.00016,-1e-05,0,-0.00946,-0.00111,-0.00065,0.0004,0.00337,-0.00016,-0.00036
52.98,-0.00018,-0.00089,5e-05,-6e-05,1e-05,0,-1e-05,-0,-0,1e-05,0,1e-05,-0,-1e-05,-1e-05,-1e-05,-3e-05,3e-05,-0,-0,-0.00821,-0.00085,-0.00026,-0.00065,-0.00016,-1e-05,0,-0.00901,-0.00134,-0.00056,0.00041,0.00318,-0.00021,-0.00046
53,-0.00032,-0.00097,4e-05,-5e-05,1e-05,0,-3e-05,-0,-1e-05,1e-05,0,1e-05,-0,-3e-05,-1e-05,-1e-05,-5e-05,0,0,0,-0.00919,-0.00083,-9e-05,-0.00136,-0.00015,-1e-05,0,-0.00801,-0.00156,-0.00045,0.0004,0.00281,-0.00025,-0.00054
53.02,-0.0005,-0.00103,3e-05,-3e-05,1e-05,0,-6e-05,-0,-1e-05,1e-05,0,1e-05,-0,-4e-05,-1e-05,-1e-05,-6e-05,-1e-05,0,0,-0.01009,-0.00074,7e-05,-0.00215,-0.00013,-0,0,-0.00657,-0.00171,-0.00034,0.00036,0.00228,-0.00026,-0.00057
53.04,-0.00074,-0.00108,2e-05,-2e-05,2e-05,0,-8e-05,-0,-1e-05,1e-05,0,1e-05,-1e-05,-6e-05,-1e-05,-1e-05,-7e-05,-2e-05,0,0,-0.01076,-0.00055,0.00019,-0.00317,-0.00012,-0,0,-0.00485,-0.00175,-0.00023,0.00031,0.00167,-0.00023,-0.00054
53.06,-0.00102,-0.00111,1e-05,-0,2e-05,0,-0.0001,-0,-1e-05,1e-05,0,1e-05,-1e-05,-8e-05,-1e-05,-1e-05,-8e-05,-2e-05,0,0,-0.01106,-0.00026,0.00028,-0.00451,-9e-05,-0,0,-0.00313,-0.00162,-0.00015,0.00025,0.00107,-0.00017,-0.00045
53.08,-0.00132,-0.00114,0,2e-05,2e-05,0,-0.00012,-0,-1e-05,1e-05,0,1e-05,-1e-05,-0.0001,-1e-05,-0,-8e-05,-2e-05,0,-0,-0.0109,8e-05,0.00033,-0.00605,-7e-05,-0,0,-0.00167,-0.00133,-8e-05,0.00018,0.00055,-9e-05,-0.00033
53.1,-0.00162,-0.00116,-0,4e-05,2e-05,-0,-0.00013,0,-1e-05,1e-05,0,0,-1e-05,-0.00012,-1e-05,-0,-7e-05,-2e-05,1e-05,-0,-0.0102,0.00041,0.00036,-0.00738,-4e-05,-0,-0,-0.00064,-0.00091,-3e-05,0.00012,0.00018,0,-0.0002
53.12,-0.00188,-0.00117,-0,6e-05,1e-05,-0,-0.00014,0,-1e-05,0,0,-0,-1e-05,-0.00013,-2e-05,0,-6e-05,-2e-05,1e-05,-1e-05,-0.00892,0.00067,0.00039,-0.00792,-3e-05,-0,0,-0.00011,-0.00043,-0,7e-05,-1e-05,8e-05,-8e-05
53.14,-0.00206,-0.00119,-1e-05,9e-05,0,-0,-0.00012,0,-1e-05,-0,0,-1e-05,-1e-05,-0.00013,-2e-05,0,-5e-05,-2e-05,1e-05,-1e-05,-0.00732,0.00076,0.00042,-0.00786,-1e-05,-0,0,-1e-05,2e-05,2e-05,3e-05,-5e-05,0.00013,0
53.16,-0.00217,-0.00122,-1e-05,0.00012,-0,-0,-0.00011,1e-05,-1e-05,-1e-05,0,-1e-05,-2e-05,-0.00013,-2e-05,0,-3e-05,-2e-05,1e-05,-1e-05,-0.00571,0.00066,0.00047,-0.00733,-0,-0,0,-0.00022,0.00038,3e-05,1e-05,4e-05,0.00014,4e-05
53.18,-0.00219,-0.00126,-2e-05,0.00015,-1e-05,-0,-8e-05,1e-05,-1e-05,-2e-05,0,-2e-05,-2e-05,-0.00012,-2e-05,1e-05,-2e-05,-2e-05,2e-05,-1e-05,-0.0043,0.00041,0.00051,-0.00598,0,-0,0,-0.0006,0.00059,4e-05,0,0.00019,0.00013,5e-05
53.2,-0.00213,-0.00131,-2e-05,0.00017,-1e-05,-0,-5e-05,1e-05,-1e-05,-3e-05,0,-2e-05,-2e-05,-0.00011,-2e-05,1e-05,-1e-05,-2e-05,2e-05,-1e-05,-0.00334,7e-05,0.00056,-0.00469,0,-0,-0,-0.00094,0.00058,5e-05,-0,0.00031,0.0001,4e-05
53.22,-0.002,-0.00137,-3e-05,0.00019,-1e-05,-0,-2e-05,1e-05,-1e-05,-3e-05,0,-3e-05,-1e-05,-0.00011,-3e-05,1e-05,-0,-2e-05,3e-05,-1e-05,-0.00293,-0.00028,0.00062,-0.004,0,-0,-0,-0.00112,0.00042,5e-05,-0,0.00036,7e-05,2e-05
53.24,-0.00182,-0.00143,-3e-05,0.00019,-1e-05,-0,-0,1e-05,-1e-05,-2e-05,0,-3e-05,-1e-05,-0.0001,-3e-05,1e-05,0,-1e-05,4e-05,-1e-05,-0.00299,-0.00056,0.00068,-0.00307,0,-0,-0,-0.00121,0.00021,6e-05,-0,0.00039,6e-05,2e-05
53.26,-0.00161,-0.00147,-3e-05,0.00019,-1e-05,-0,1e-05,1e-05,-0,-1e-05,0,-2e-05,-1e-05,-9e-05,-3e-05,2e-05,1e-05,-1e-05,5e-05,-1e-05,-0.00346,-0.00076,0.00071,-0.0018,0,0,-0,-0.00123,-4e-05,7e-05,-0,0.00038,7e-05,2e-05
53.28,-0.00138,-0.00152,-2e-05,0.00018,-1e-05,-0,1e-05,1e-05,-0,-0,0,-2e-05,-1e-05,-8e-05,-3e-05,3e-05,0,-1e-05,5e-05,-1e-05,-0.00448,-0.00091,0.00072,-0.00062,0,0,-0,-0.00119,-0.0003,8e-05,-0,0.00034,9e-05,5e-05
53.3,-0.00117,-0.00156,-1e-05,0.00017,-1e-05,-0,1e-05,1e-05,-0,1e-05,0,-2e-05,-0,-7e-05,-2e-05,3e-05,-1e-05,-1e-05,4e-05,-1e-05,-0.00586,-0.00105,0.00074,0.0003,0,0,-0,-0.00111,-0.00052,8e-05,-0,0.00026,0.00013,7e-05
53.32,-0.001,-0.00163,-1e-05,0.00016,-2e-05,-0,-0,1e-05,0,2e-05,0,-2e-05,-0,-7e-05,-2e-05,4e-05,-2e-05,-1e-05,3e-05,-0,-0.00713,-0.00128,0.00078,0.00095,-0,0,0,-0.00105,-0.00067,9e-05,-0,0.00016,0.00018,0.0001
53.34,-0.00089,-0.00171,-1e-05,0.00015,-3e-05,-0,-2e-05,1e-05,0,3e-05,-0,-2e-05,-0,-6e-05,-2e-05,4e-05,-2e-05,-1e-05,2e-05,-0,-0.00835,-0.00165,0.00087,0.0014,-0,0,0,-0.00103,-0.0007,9e-05,-0,7e-05,0.00022,0.00013
53.36,-0.00087,-0.00181,-1e-05,0.00015,-3e-05,-0,-4e-05,1e-05,0,5e-05,-0,-2e-05,0,-6e-05,-1e-05,4e-05,-3e-05,-0,1e-05,0,-0.00973,-0.00216,0.00099,0.00158,-1e-05,1e-05,0,-0.00106,-0.00062,8e-05,-0,-1e-05,0.00025,0.00015
53.38,-0.00092,-0.00194,-1e-05,0.00015,-3e-05,-0,-7e-05,1e-05,1e-05,5e-05,-0,-1e-05,0,-5e-05,-0,4e-05,-3e-05,-0,1e-05,1e-05,-0.01103,-0.00281,0.00112,0.00154,-1e-05,1e-05,0,-0.00115,-0.00045,5e-05,-0,-7e-05,0.00027,0.00015
53.4,-0.00103,-0.00207,-1e-05,0.00016,-3e-05,-0,-9e-05,1e-05,1e-05,6e-05,0,-1e-05,0,-5e-05,0,3e-05,-3e-05,-0,0,1e-05,-0.0122,-0.00353,0.00124,0.0014,-1e-05,1e-05,0,-0.00131,-0.0002,1e-05,-0,-0.00011,0.00025,0.00015
53.42,-0.00118,-0.00218,-2e-05,0.00017,-3e-05,-0,-0.00011,1e-05,1e-05,6e-05,0,-1e-05,1e-05,-4e-05,1e-05,2e-05,-2e-05,-0,-0,1e-05,-0.01335,-0.00412,0.0013,0.00132,-1e-05,2e-05,1e-05,-0.00153,8e-05,-5e-05,-0,-0.00013,0.00021,0.00012
53.44,-0.00135,-0.00226,-4e-05,0.00018,-3e-05,-0,-0.00011,1e-05,1e-05,6e-05,0,-1e-05,1e-05,-3e-05,1e-05,1e-05,-2e-05,-0,-0,1e-05,-0.01432,-0.0045,0.00125,0.00126,-2e-05,3e-05,1e-05,-0.00178,0.00038,-0.00014,-0,-0.00012,0.00014,9e-05
53.46,-0.00152,-0.00235,-6e-05,0.00019,-2e-05,-0,-0.00011,1e-05,1e-05,5e-05,0,-1e-05,1e-05,-3e-05,2e-05,-1e-05,-2e-05,-0,-1e-05,2e-05,-0.01502,-0.00465,0.00104,0.00117,-2e-05,3e-05,1e-05,-0.00208,0.00067,-0.00027,-0,-9e-05,4e-05,3e-05
53.48,-0.00169,-0.00242,-0.0001,0.00019,-2e-05,-0,-0.0001,1e-05,1e-05,4e-05,0,-1e-05,1e-05,-2e-05,3e-05,-2e-05,-1e-05,-0,-1e-05,2e-05,-0.01551,-0.00455,0.00071,0.00111,-2e-05,4e-05,1e-05,-0.0024,0.00094,-0.00043,-0,-4e-05,-9e-05,-4e-05
53.5,-0.00185,-0.00248,-0.00016,0.0002,-1e-05,-0,-8e-05,1e-05,1e-05,2e-05,0,-1e-05,1e-05,-1e-05,3e-05,-4e-05,-1e-05,-0,-1e-05,2e-05,-0.01573,-0.00425,0.0003,0.001,-3e-05,4e-05,2e-05,-0.00276,0.00119,-0.00062,-0,3e-05,-0.00025,-0.00012
53.52,-0.00199,-0.0025,-0.00023,0.0002,-1e-05,-0,-7e-05,0,2e-05,1e-05,0,-1e-05,2e-05,0,4e-05,-5e-05,-0,-0,-1e-05,2e-05,-0.01572,-0.00384,-0.00013,0.00079,-3e-05,4e-05,2e-05,-0.00313,0.00142,-0.00084,-0,0.00011,-0.00043,-0.00022
53.54,-0.00212,-0.00251,-0.00031,0.0002,-0,-0,-6e-05,0,2e-05,-0,0,-1e-05,2e-05,2e-05,4e-05,-6e-05,0,-0,-1e-05,2e-05,-0.01562,-0.00337,-0.00049,0.00055,-3e-05,4e-05,2e-05,-0.00352,0.00162,-0.00109,-0,0.00022,-0.00061,-0.00032
53.56,-0.00223,-0.00249,-0.00039,0.00021,0,-0,-4e-05,-0,2e-05,-1e-05,0,-1e-05,2e-05,3e-05,5e-05,-6e-05,1e-05,-0,-1e-05,2e-05,-0.01548,-0.00287,-0.00077,0.00034,-3e-05,4e-05,2e-05,-0.00393,0.00181,-0.00134,-0,0.00033,-0.0008,-0.00043
53.58,-0.00232,-0.00247,-0.00048,0.00021,1e-05,-0,-3e-05,-0,2e-05,-1e-05,0,-1e-05,3e-05,4e-05,5e-05,-7e-05,1e-05,-0,-1e-05,3e-05,-0.01536,-0.0024,-0.00095,0.00015,-2e-05,4e-05,1e-05,-0.00436,0.00199,-0.00159,-0,0.00045,-0.00098,-0.00053
53.6,-0.00237,-0.00242,-0.00056,0.00021,1e-05,-0,-2e-05,-0,1e-05,-1e-05,0,-1e-05,3e-05,5e-05,5e-05,-7e-05,1e-05,-0,-1e-05,3e-05,-0.01524,-0.00199,-0.00106,-4e-05,-0,3e-05,1e-05,-0.00481,0.00217,-0.00177,-0,0.00056,-0.00111,-0.0006
53.62,-0.00235,-0.00234,-0.00064,0.00022,1e-05,-0,-2e-05,-0,1e-05,-1e-05,0,-1e-05,3e-05,7e-05,5e-05,-7e-05,1e-05,-0,-0,3e-05,-0.01509,-0.0017,-0.00112,-0.00018,2e-05,2e-05,1e-05,-0.00527,0.00234,-0.00178,-0,0.00067,-0.00107,-0.0006
53.64,-0.00226,-0.00222,-0.00071,0.00022,1e-05,-0,-1e-05,-0,1e-05,-0,0,-1e-05,3e-05,8e-05,5e-05,-6e-05,1e-05,-0,-0,3e-05,-0.01499,-0.0015,-0.00117,-0.00022,4e-05,0,0,-0.00575,0.0025,-0.00168,-0,0.00077,-0.00095,-0.00054
53.66,-0.0021,-0.00208,-0.00078,0.00023,1e-05,-0,-0,-0,0,-0,0,-1e-05,3e-05,0.0001,5e-05,-6e-05,1e-05,-0,-0,2e-05,-0.01496,-0.00141,-0.00131,-0.00018,8e-05,-1e-05,-1e-05,-0.00626,0.00268,-0.00154,-1e-05,0.00082,-0.00081,-0.00045
53.68,-0.0019,-0.00191,-0.00083,0.00023,1e-05,-0,-0,-0,0,-0,0,-0,2e-05,0.0001,4e-05,-6e-05,0,-0,-0,2e-05,-0.01487,-0.00144,-0.00164,-0.0001,0.00014,-4e-05,-2e-05,-0.00556,0.00228,-0.00136,2e-05,0.00059,-0.00058,-0.00028
53.7,-0.00164,-0.00168,-0.00088,0.00024,2e-05,-0,-0,-0,-0,-0,0,-0,2e-05,0.0001,4e-05,-6e-05,-0,-0,-0,2e-05,-0.0148,-0.00161,-0.00236,0.00016,0.0002,-7e-05,-3e-05,-0.00368,0.0014,-0.0012,4e-05,0.00017,-0.0004,-0.00011
53.72,-0.00134,-0.00139,-0.00091,0.00024,2e-05,-0,-0,0,-0,-0,-0,-0,1e-05,0.0001,4e-05,-5e-05,-1e-05,-0,-0,1e-05,-0.01473,-0.00196,-0.00365,0.00088,0.00029,-0.00012,-6e-05,-0.00057,0.00015,-0.00111,0,-0.00029,-0.00029,3e-05
53.74,-0.00103,-0.00107,-0.00093,0.00025,2e-05,-0,-1e-05,0,-0,0,-0,0,0,9e-05,3e-05,-5e-05,-1e-05,-0,-0,1e-05,-0.01434,-0.00251,-0.00558,0.00202,0.00039,-0.00019,-0.0001,0.004,-0.00147,-0.00109,-0.00017,-0.0006,-0.0002,0.00016
53.76,-0.00075,-0.00072,-0.00093,0.00024,3e-05,-0,-2e-05,1e-05,-0,0,-0,0,0,7e-05,3e-05,-5e-05,-2e-05,-0,-0,1e-05,-0.01329,-0.00325,-0.00809,0.00327,0.00051,-0.00028,-0.00016,0.01022,-0.00333,-0.00116,-0.00062,-0.00044,-0.00013,0.00028
53.78,-0.0005,-0.00039,-0.0009,0.00023,3e-05,-0,-5e-05,1e-05,-0,-0,-0,0,-0,5e-05,3e-05,-5e-05,-3e-05,-0,-0,0,-0.01148,-0.00413,-0.01104,0.00413,0.0006,-0.0004,-0.00023,0.01815,-0.00517,-0.00137,-0.00152,0.00062,-8e-05,0.00041
53.8,-0.0003,-0.0001,-0.00084,0.00022,3e-05,-0,-7e-05,1e-05,-0,-0,-0,0,-1e-05,2e-05,3e-05,-5e-05,-4e-05,-0,-0,0,-0.00888,-0.00501,-0.01303,0.00525,0.00068,-0.00047,-0.00027,0.02743,-0.00665,-0.00177,-0.00303,0.00304,-3e-05,0.00058
53.82,-0.00015,9e-05,-0.00074,0.00019,3e-05,-0,-0.00011,1e-05,-0,-0,-0,-0,-1e-05,-0,3e-05,-4e-05,-4e-05,-0,-0,0,-0.00499,-0.00556,-0.01153,0.00747,0.00079,-0.00034,-0.00017,0.03712,-0.00736,-0.00242,-0.00525,0.00719,5e-05,0.00082
53.84,-5e-05,0.00016,-0.00062,0.00016,2e-05,0,-0.00015,0,-0,-0,-0,-0,-1e-05,-2e-05,2e-05,-4e-05,-4e-05,-0,-0,0,-0.0013,-0.0054,-0.00746,0.00892,0.00084,-9e-05,-2e-05,0.04614,-0.00705,-0.00329,-0.00812,0.01311,0.00017,0.00117
53.86,-0,0.0001,-0.00048,0.00011,0,0,-0.00019,-0,0,-0,-0,-0,-1e-05,-3e-05,1e-05,-3e-05,-3e-05,-0,-0,0,0.00062,-0.00457,-0.00329,0.00893,0.00078,0.00011,0.00011,0.0535,-0.00567,-0.00432,-0.01142,0.02038,0.00033,0.00159
53.88,1e-05,-7e-05,-0.00032,6e-05,-2e-05,0,-0.00024,-1e-05,0,-0,-0,-0,-1e-05,-4e-05,-0,-2e-05,-2e-05,-0,-0,0,0.00087,-0.00326,0.00032,0.00868,0.00062,0.00019,0.00014,0.05816,-0.0034,-0.00538,-0.0145,0.02831,0.00062,0.00206
53.9,-1e-05,-0.00032,-0.00018,-0,-5e-05,0,-0.00027,-2e-05,1e-05,-1e-05,-0,-0,-1e-05,-3e-05,-1e-05,-1e-05,-2e-05,-0,-0,0,0.00023,-0.00211,0.00157,0.00787,0.00037,-1e-05,0,0.0596,-0.00075,-0.00627,-0.01743,0.03496,0.00072,0.00242
53.92,-3e-05,-0.00056,-6e-05,-6e-05,-7e-05,0,-0.00029,-3e-05,1e-05,-1e-05,-0,-1e-05,-2e-05,-3e-05,-2e-05,0,-1e-05,-0,-0,0,-6e-05,-0.00148,0.00076,0.00585,4e-05,-0.0004,-0.00028,0.05806,0.00195,-0.00659,-0.02094,0.03732,-7e-05,0.00234
53.94,-7e-05,-0.00076,3e-05,-0.00012,-0.0001,0,-0.0003,-4e-05,1e-05,-1e-05,-0,-1e-05,-2e-05,-2e-05,-2e-05,1e-05,-0,-0,-0,0,-3e-05,-0.00112,-0.0002,0.00391,-0.00027,-0.00079,-0.00059,0.05417,0.00436,-0.00571,-0.02344,0.0353,-0.0013,0.00183
53.96,-0.00012,-0.00091,9e-05,-0.00017,-0.00011,0,-0.00029,-4e-05,2e-05,-1e-05,-0,-1e-05,-2e-05,-1e-05,-2e-05,3e-05,0,-0,-0,-0,-0,-0.00087,-0.00111,0.00263,-0.00055,-0.00113,-0.0009,0.04783,0.00593,-0.00401,-0.02372,0.0307,-0.00224,0.00116
53.98,-0.00017,-0.00097,0.00012,-0.00021,-0.00011,0,-0.00028,-4e-05,2e-05,-1e-05,-0,-1e-05,-2e-05,-1e-05,-1e-05,4e-05,0,-0,-0,-1e-05,-8e-05,-0.00074,-0.00242,0.00171,-0.00082,-0.00156,-0.00128,0.03993,0.00652,-0.00167,-0.02237,0.02403,-0.00294,0.00038
54,-0.00021,-0.00095,0.00012,-0.00024,-0.0001,0,-0.00025,-4e-05,2e-05,-2e-05,-0,-0,-2e-05,-1e-05,-1e-05,5e-05,0,-0,-0,-1e-05,-0.00024,-0.0007,-0.00334,0.00107,-0.00102,-0.00136,-0.00134,0.03128,0.00629,0.0001,-0.01961,0.01784,-0.00299,-0.00016
54.02,-0.0002,-0.00084,0.00011,-0.00024,-8e-05,0,-0.00021,-4e-05,2e-05,-2e-05,-0,-0,-2e-05,-2e-05,0,6e-05,1e-05,-0,-0,-1e-05,-0.00038,-0.00074,-0.00216,0.00062,-0.00099,0.00074,-0.00036,0.02281,0.00581,0.00044,-0.01608,0.01366,-0.00237,-0.00029
54.04,-0.00016,-0.0007,9e-05,-0.00023,-6e-05,0,-0.00017,-3e-05,2e-05,-2e-05,-0,-0,-1e-05,-4e-05,1e-05,7e-05,1e-05,-0,-0,-1e-05,-0.0004,-0.00075,-0.00089,0.0003,-0.00079,0.00338,0.00109,0.01553,0.00524,0.00039,-0.01281,0.0102,-0.00169,-0.00028
54.06,-7e-05,-0.00056,6e-05,-0.00019,-4e-05,0,-0.00012,-2e-05,2e-05,-1e-05,-0,-0,-1e-05,-7e-05,1e-05,7e-05,0,-0,-0,-1e-05,-0.00028,-0.00072,-0.00063,0.00011,-0.00053,0.00559,0.00233,0.00976,0.0046,0.00037,-0.01021,0.00701,-0.00116,-0.00025
54.08,4e-05,-0.00043,4e-05,-0.00015,-2e-05,0,-8e-05,-0,1e-05,-1e-05,-0,-0,-1e-05,-0.00012,1e-05,7e-05,-0,-0,-0,-1e-05,-5e-05,-0.00069,-0.00074,3e-05,-0.00023,0.00818,0.00353,0.00554,0.00398,0.00028,-0.00821,0.00442,-0.00072,-0.00019
54.1,0.00018,-0.0003,2e-05,-9e-05,-1e-05,0,-3e-05,2e-05,1e-05,-0,-0,-0,-1e-05,-0.00017,1e-05,6e-05,-0,-0,-0,-1e-05,0.00028,-0.00071,-0.00115,1e-05,-4e-05,0.00995,0.00406,0.00276,0.0034,0.00016,-0.00681,0.00248,-0.0004,-0.00013
54.12,0.0003,-0.00019,2e-05,-3e-05,0,0,0,3e-05,0,0,-0,-0,-0,-0.00021,1e-05,3e-05,-1e-05,-0,-0,-1e-05,0.00065,-0.00074,-0.00155,0,-2e-05,0.00815,0.00335,0.00121,0.0029,5e-05,-0.00592,0.00113,-0.00019,-7e-05
54.14,0.00038,-0.0001,1e-05,2e-05,1e-05,0,3e-05,5e-05,-0,1e-05,0,-0,-0,-0.00025,1e-05,1e-05,-1e-05,-0,-0,-1e-05,0.00096,-0.00079,-0.00153,0,-3e-05,0.00532,0.00229,0.00056,0.00249,-3e-05,-0.00538,0.00032,-6e-05,-2e-05
54.16,0.00042,-2e-05,1e-05,8e-05,1e-05,0,5e-05,6e-05,-1e-05,2e-05,0,0,0,-0.00027,1e-05,-0,-2e-05,-1e-05,0,-0,0.00116,-0.00088,-0.00109,-0,-1e-05,0.00294,0.00131,0.00048,0.00221,-9e-05,-0.00515,-0.00012,0,0
54.18,0.00042,5e-05,1e-05,0.00013,0,0,7e-05,8e-05,-1e-05,2e-05,0,0,0,-0.00027,1e-05,-2e-05,-3e-05,-1e-05,0,-0,0.00117,-0.00101,-0.00042,-0,3e-05,0.00064,0.00032,0.00072,0.00213,-0.00015,-0.00529,-0.00034,3e-05,2e-05
54.2,0.00035,0.00012,1e-05,0.00017,-0,-0,7e-05,8e-05,-1e-05,3e-05,0,0,0,-0.00025,1e-05,-3e-05,-3e-05,-1e-05,0,-0,0.00096,-0.00114,0.0003,-0,9e-05,-0.0015,-0.00064,0.00126,0.0023,-0.00023,-0.00598,-0.00047,5e-05,3e-05
54.22,0.00023,0.00018,1e-05,0.00021,-0,-0,7e-05,9e-05,-1e-05,3e-05,0,0,1e-05,-0.00022,2e-05,-3e-05,-3e-05,-1e-05,0,-0,0.00054,-0.00127,0.00092,-2e-05,0.00018,-0.00354,-0.00156,0.00224,0.00279,-0.00034,-0.00742,-0.00057,6e-05,4e-05
54.24,6e-05,0.00025,1e-05,0.00025,-0,-0,7e-05,9e-05,-0,3e-05,0,0,1e-05,-0.00017,3e-05,-3e-05,-1e-05,-1e-05,0,-0,-6e-05,-0.00134,0.00129,-9e-05,0.00029,-0.00539,-0.0024,0.00397,0.00362,-0.00048,-0.00985,-0.00067,6e-05,5e-05
54.26,-0.00016,0.00032,2e-05,0.00028,-0,-0,5e-05,8e-05,-0,3e-05,0,0,1e-05,-0.00012,4e-05,-3e-05,1e-05,-1e-05,0,-0,-0.00072,-0.00129,0.00133,-0.00027,0.00042,-0.00694,-0.00311,0.00672,0.00475,-0.00064,-0.01333,-0.00076,7e-05,5e-05
54.28,-0.0004,0.00038,3e-05,0.0003,1e-05,-0,4e-05,7e-05,0,2e-05,-0,0,1e-05,-7e-05,5e-05,-2e-05,3e-05,-1e-05,0,-0,-0.00133,-0.00112,0.00096,-0.00061,0.00053,-0.00879,-0.00384,0.0106,0.00607,-0.0008,-0.01771,-0.00083,7e-05,5e-05
54.3,-0.00063,0.00043,4e-05,0.00032,2e-05,-0,2e-05,5e-05,1e-05,1e-05,-0,0,1e-05,-4e-05,6e-05,-2e-05,7e-05,-1e-05,0,-0,-0.00174,-0.00079,0.00037,-0.00124,0.00067,-0.00893,-0.00399,0.01535,0.00738,-0.00092,-0.02262,-0.00084,5e-05,4e-05
54.32,-0.00079,0.00042,6e-05,0.00033,3e-05,0,1e-05,3e-05,1e-05,0,-0,-0,1e-05,-2e-05,6e-05,-1e-05,0.0001,-1e-05,0,-1e-05,-0.00164,-0.00033,9e-05,-0.00249,0.0009,-0.00504,-0.00267,0.02032,0.0085,-0.00098,-0.02766,-0.0008,4e-05,3e-05
54.34,-0.0008,0.00036,8e-05,0.00033,4e-05,0,-0,1e-05,2e-05,0,-0,-0,1e-05,-2e-05,7e-05,0,0.00012,-1e-05,0,-1e-05,-0.00106,0.00016,0.00018,-0.00425,0.00106,-0.00141,-0.00098,0.02473,0.00928,-0.00096,-0.032,-0.00072,1e-05,1e-05
54.36,-0.0006,0.00022,9e-05,0.00032,4e-05,0,0,0,2e-05,1e-05,-0,-0,1e-05,-3e-05,7e-05,1e-05,0.00014,-0,0,-1e-05,-0.00069,0.00084,0.00042,-0.00623,0.00099,0.00068,0.00024,0.02796,0.00966,-0.00084,-0.03489,-0.00061,-2e-05,-1e-05
54.38,-0.00013,0,0.0001,0.0003,4e-05,0,2e-05,0,2e-05,4e-05,-0,-1e-05,0,-5e-05,6e-05,3e-05,0.00013,-0,0,-2e-05,-0.0013,0.00194,0.00093,-0.00892,0.00075,0.00234,0.00124,0.02961,0.00963,-0.00063,-0.03621,-0.00048,-5e-05,-3e-05
54.4,0.00064,-0.00027,9e-05,0.00028,3e-05,0,6e-05,2e-05,1e-05,0.0001,-0,-1e-05,0,-5e-05,5e-05,4e-05,9e-05,-0,0,-2e-05,-0.00415,0.00384,0.00057,-0.01109,0.00027,0.00269,0.0014,0.02955,0.00935,-0.00037,-0.03576,-0.00036,-8e-05,-4e-05
54.42,0.00164,-0.00056,7e-05,0.00026,-0,0,0.00013,8e-05,-0,0.00021,-0,-1e-05,0,-4e-05,3e-05,6e-05,2e-05,-0,-0,-2e-05,-0.00883,0.00681,-0.00012,-0.00971,-0.00023,0.0012,0.00068,0.02793,0.00897,-9e-05,-0.03367,-0.00025,-0.0001,-6e-05
54.44,0.00276,-0.00075,3e-05,0.00024,-4e-05,-0,0.00024,0.00016,-1e-05,0.00034,-0,-1e-05,-0,1e-05,0,8e-05,-7e-05,-0,-0,-2e-05,-0.01213,0.01027,0.00113,-0.00634,-0.00051,0.0002,0.00015,0.02518,0.00859,0.00018,-0.03087,-0.00015,-0.00011,-7e-05
54.46,0.00392,-0.00075,-1e-05,0.00022,-9e-05,-0,0.0004,0.00029,-3e-05,0.00049,-0,-1e-05,-0,9e-05,-2e-05,0.0001,-0.00018,-0,-0,-2e-05,-0.01297,0.01298,0.00345,-0.00334,-0.00062,-1e-05,-1e-05,0.02182,0.00829,0.00045,-0.02814,-6e-05,-0.00012,-7e-05
54.48,0.00504,-0.00049,-7e-05,0.0002,-0.00014,-0,0.00063,0.00044,-5e-05,0.00064,-0,-1e-05,-0,0.0002,-6e-05,0.00012,-0.00029,-0,-0,-2e-05,-0.01105,0.01418,0.0059,-0.00035,-0.00057,0.00012,3e-05,0.0184,0.00813,0.0007,-0.02598,1e-05,-0.00012,-8e-05
54.5,0.00584,6e-05,-0.00011,0.00019,-0.00019,-0,0.00092,0.00062,-8e-05,0.00077,-0,-2e-05,-0,0.00036,-9e-05,0.00014,-0.00039,-0,-0,-2e-05,-0.0083,0.01376,0.00697,0.00122,-0.00047,0.00032,0.00013,0.01563,0.00805,0.00093,-0.025,7e-05,-0.00011,-8e-05
54.52,0.00594,0.00082,-0.00015,0.00019,-0.00023,-0,0.00128,0.00082,-0.00011,0.00089,-0,-2e-05,-0,0.00063,-0.0001,0.00016,-0.00045,-0,0,-1e-05,-0.00636,0.01257,0.00627,0.00103,-0.00044,0.00036,0.00015,0.01428,0.00792,0.00113,-0.02586,0.00012,-0.00011,-8e-05
54.54,0.00541,0.00166,-0.00017,0.0002,-0.00025,-0,0.0017,0.00103,-0.00013,0.00097,-0,-2e-05,0,0.00095,-0.00011,0.00018,-0.00046,-0,0,-1e-05,-0.00456,0.01104,0.00496,0.00053,-0.00042,0.00031,0.00012,0.01511,0.0078,0.0013,-0.0292,0.00016,-0.0001,-8e-05
54.56,0.00448,0.0025,-0.00016,0.00021,-0.00026,-0,0.00218,0.00121,-0.00015,0.00098,-0,-2e-05,1e-05,0.00121,-0.00012,0.00019,-0.00043,-0,1e-05,0,-0.00281,0.00934,0.00369,-0,-0.00038,0.00025,9e-05,0.01893,0.00775,0.00146,-0.03579,0.00018,-8e-05,-8e-05
54.58,0.00324,0.00325,-0.00012,0.00024,-0.00026,-0,0.00268,0.00134,-0.00016,0.00094,-0,-2e-05,1e-05,0.00137,-0.00012,0.00021,-0.00037,-0,1e-05,0,-0.00139,0.00774,0.0026,-0.00082,-0.00035,0.00019,7e-05,0.02656,0.00783,0.00161,-0.04647,0.00021,-7e-05,-8e-05
54.6,0.00158,0.00378,-7e-05,0.00028,-0.00024,-0,0.00321,0.00141,-0.00015,0.00085,-1e-05,-2e-05,1e-05,0.00146,-0.00011,0.00023,-0.00029,-0,1e-05,1e-05,-0.00054,0.00644,0.00169,-0.00186,-0.00031,0.00013,4e-05,0.03884,0.00798,0.00174,-0.06208,0.00025,-6e-05,-8e-05
54.62,-0.00064,0.00398,-0,0.00034,-0.00022,-0,0.00376,0.0014,-0.00014,0.00072,-1e-05,-2e-05,1e-05,0.00155,-6e-05,0.00021,-0.00022,-0,2e-05,2e-05,-0.0003,0.00549,0.00103,-0.00255,-0.00026,0.0001,3e-05,0.05658,0.00811,0.00182,-0.08303,0.0003,-5e-05,-8e-05
54.64,-0.00315,0.00387,7e-05,0.00043,-0.0002,-0,0.00425,0.00132,-0.0001,0.00056,-1e-05,-2e-05,1e-05,0.00157,0,0.00019,-0.00016,0,2e-05,2e-05,-0.00031,0.00483,0.00066,-0.00274,-0.0002,8e-05,3e-05,0.08012,0.00831,0.00189,-0.10959,0.00037,-4e-05,-8e-05
54.66,-0.00565,0.00351,0.00014,0.00053,-0.00017,-0,0.0046,0.00116,-6e-05,0.00038,-0,-1e-05,1e-05,0.00146,8e-05,0.00018,-0.00011,0,2e-05,3e-05,-0.00042,0.00444,0.00048,-0.00268,-0.00014,6e-05,3e-05,0.1091,0.00866,0.00197,-0.14116,0.00046,-4e-05,-9e-05
54.68,-0.00815,0.00292,0.00021,0.00065,-0.00014,-0,0.00478,0.00097,-0,0.0002,-0,-1e-05,1e-05,0.00127,0.00017,0.00017,-7e-05,0,2e-05,3e-05,-0.00074,0.00432,0.00039,-0.00207,-9e-05,5e-05,3e-05,0.14233,0.00907,0.00204,-0.17411,0.00057,-3e-05,-9e-05
54.7,-0.01084,0.00215,0.00026,0.00078,-0.0001,-0,0.00481,0.00074,6e-05,3e-05,-0,-1e-05,1e-05,0.00105,0.00026,0.00016,-4e-05,0,2e-05,4e-05,-0.00131,0.00422,0.0003,-0.00141,-5e-05,3e-05,2e-05,0.17663,0.00926,0.00207,-0.20906,0.00067,-3e-05,-9e-05
54.72,-0.01396,0.00124,0.0003,0.00092,-5e-05,-0,0.00478,0.00048,0.00012,-0.00013,-0,-1e-05,0,0.00086,0.00038,0.00014,-3e-05,0,2e-05,4e-05,-0.002,0.00387,0.00022,-0.00114,-3e-05,2e-05,2e-05,0.20785,0.00879,0.00197,-0.24924,0.00072,-2e-05,-8e-05
54.74,-0.01744,0.00021,0.00032,0.00106,3e-05,-0,0.00462,0.00025,0.00018,-0.00026,-0,-0,0,0.00074,0.00049,0.00013,-2e-05,0,1e-05,4e-05,-0.00274,0.00336,0.00016,-0.00066,-2e-05,1e-05,1e-05,0.23133,0.00764,0.0017,-0.284,0.0007,-1e-05,-7e-05
54.76,-0.02117,-0.00093,0.00034,0.00118,0.00012,0,0.0043,9e-05,0.0002,-0.00037,-0,0,0,0.00067,0.00056,0.00011,-0,0,1e-05,4e-05,-0.00343,0.00284,0.00011,0.00013,-1e-05,0,0,0.24355,0.00611,0.0013,-0.30153,0.00065,0,-4e-05
54.78,-0.02511,-0.00214,0.00036,0.00126,0.00022,0,0.00389,-0,0.0002,-0.00046,-0,0,0,0.00072,0.0006,9e-05,2e-05,0,0,4e-05,-0.00405,0.00231,7e-05,0.00087,-1e-05,-0,0,0.24437,0.00438,0.00082,-0.2992,0.00054,1e-05,-1e-05
54.8,-0.02969,-0.00329,0.00037,0.00131,0.00031,0,0.00339,-3e-05,0.00017,-0.00052,-0,0,0,0.0008,0.00059,6e-05,5e-05,0,-0,3e-05,-0.00405,0.00179,5e-05,0.00152,-0,-0,-0,0.2241,0.00251,0.00036,-0.27328,0.0004,1e-05,2e-05
54.82,-0.03535,-0.00421,0.00039,0.00134,0.0004,0,0.0028,0,0.00011,-0.0005,0,0,0,0.00078,0.00051,4e-05,0.00011,0,-0,3e-05,-0.0026,0.00132,6e-05,0.00261,0,-1e-05,-0,0.17931,0.00065,-1e-05,-0.22676,0.00025,2e-05,5e-05
54.84,-0.04156,-0.00471,0.00043,0.0013,0.00047,0,0.00221,0.0001,0,-0.00042,0,0,0,0.00073,0.00038,1e-05,0.00018,0,-0,2e-05,-0.00022,0.00095,8e-05,0.00384,0,-1e-05,-0,0.12877,-0.00037,-0.00017,-0.16802,0.00012,1e-05,7e-05
54.86,-0.04773,-0.00468,0.00049,0.00121,0.00053,0,0.0017,0.00023,-0.00012,-0.00031,0,0,0,0.00072,0.00022,-2e-05,0.00026,0,-0,2e-05,0.00228,0.00068,0.00013,0.00458,1e-05,-1e-05,-0,0.08616,-0.00035,-0.00013,-0.10895,4e-05,1e-05,8e-05
54.88,-0.05377,-0.00409,0.00056,0.00104,0.00057,0,0.00137,0.00037,-0.00026,-0.00018,0,0,-0,0.00077,3e-05,-4e-05,0.00034,0,-0,1e-05,0.00506,0.00046,0.00023,0.005,1e-05,-1e-05,-0,0.05524,0.00024,-1e-05,-0.06091,-0,-0,7e-05
54.9,-0.05958,-0.00306,0.00064,0.00082,0.00058,0,0.00112,0.0005,-0.0004,-3e-05,0,0,-0,0.00077,-0.00019,-7e-05,0.00041,0,0,1e-05,0.00745,0.00025,0.0004,0.0049,1e-05,-1e-05,-0,0.0332,0.00098,4e-05,-0.02592,-0,-1e-05,6e-05
54.92,-0.0651,-0.00182,0.00072,0.00055,0.00051,0,0.00083,0.0006,-0.00048,0.00015,0,0,-0,0.00067,-0.00038,-8e-05,0.00049,0,0,1e-05,0.00882,4e-05,0.0006,0.00416,1e-05,-0,-0,0.01749,0.00138,-8e-05,-0.00635,0,-1e-05,4e-05
54.94,-0.06978,-0.00062,0.00078,0.00025,0.00043,0,0.00069,0.00066,-0.0005,0.00033,0,0,-0,0.0006,-0.00054,-8e-05,0.00054,0,1e-05,0,0.00984,-0.00019,0.00085,0.00333,0,-0,-0,0.00983,0.00134,-0.00024,-0.00029,0,-1e-05,2e-05
54.96,-0.07315,0.00036,0.00083,-8e-05,0.00037,0,0.00079,0.00067,-0.00049,0.00047,0,0,-0,0.00062,-0.00066,-7e-05,0.00057,0,1e-05,0,0.01094,-0.00043,0.00116,0.00269,-0,-0,-0,0.00821,0.00103,-0.00033,-0.00057,1e-05,-1e-05,0
54.98,-0.07522,0.00105,0.00086,-0.00043,0.00033,0,0.00104,0.00064,-0.00044,0.00059,0,1e-05,-0,0.00072,-0.00073,-5e-05,0.00058,0,2e-05,-0,0.01194,-0.00067,0.00149,0.00217,-1e-05,-0,-0,0.00864,0.00055,-0.00031,-0.00182,2e-05,-1e-05,-1e-05
55,-0.07585,0.00145,0.00086,-0.00077,0.00031,0,0.00135,0.00057,-0.00039,0.00065,-0,1e-05,-0,0.00081,-0.00077,-4e-05,0.00057,0,2e-05,-0,0.01289,-0.00086,0.00184,0.00183,-1e-05,-0,0,0.0084,8e-05,-0.00023,-0.00222,2e-05,-0,-1e-05
55.02,-0.07511,0.00157,0.00083,-0.0011,0.00029,0,0.00162,0.00049,-0.00034,0.00063,-0,1e-05,-0,0.00082,-0.00077,-2e-05,0.00054,0,2e-05,-0,0.0139,-0.00094,0.00219,0.00171,-1e-05,0,0,0.00768,-0.00028,-0.00018,-0.00218,2e-05,-0,-1e-05
55.04,-0.07357,0.0015,0.00078,-0.00141,0.00028,0,0.00186,0.00041,-0.0003,0.00058,0,2e-05,-0,0.00081,-0.00076,-1e-05,0.0005,0,2e-05,-0,0.01477,-0.00086,0.0025,0.00172,-1e-05,0,0,0.00728,-0.00052,-0.00014,-0.00166,2e-05,-0,-0
55.06,-0.07166,0.00132,0.00072,-0.00172,0.00028,0,0.0021,0.00033,-0.00027,0.00054,0,2e-05,0,0.00082,-0.00073,-1e-05,0.00048,0,3e-05,-1e-05,0.01539,-0.00062,0.00269,0.00179,-1e-05,0,0,0.00764,-0.00068,-0.00011,-0.00068,2e-05,-0,-0
55.08,-0.06952,0.00107,0.00064,-0.00203,0.00028,0,0.00232,0.00027,-0.00024,0.00049,0,2e-05,0,0.00082,-0.0007,0,0.00046,0,3e-05,-1e-05,0.01578,-0.00021,0.00276,0.00193,-1e-05,-0,0,0.00845,-0.00077,-8e-05,0.00055,2e-05,0,0
55.1,-0.06716,0.00082,0.00055,-0.00234,0.00027,0,0.00247,0.00022,-0.00021,0.00044,1e-05,2e-05,0,0.00083,-0.00067,0,0.00045,0,3e-05,-1e-05,0.01592,0.00032,0.00273,0.00208,-1e-05,-0,0,0.00968,-0.00081,-5e-05,0.00182,1e-05,0,0
55.12,-0.06455,0.00058,0.00047,-0.00268,0.00026,0,0.00252,0.00016,-0.00019,0.00039,1e-05,2e-05,0,0.00087,-0.00064,0,0.00045,0,3e-05,-1e-05,0.01581,0.00092,0.00259,0.00217,-1e-05,-0,-0,0.01127,-0.00085,-3e-05,0.00298,1e-05,0,0
55.14,-0.06183,0.00037,0.0004,-0.00305,0.00024,0,0.00251,0.00011,-0.00017,0.00034,2e-05,2e-05,0,0.00091,-0.00062,-0,0.00045,0,2e-05,-1e-05,0.01551,0.00154,0.0024,0.00222,-0,-0,-0,0.01289,-0.00088,1e-05,0.00393,1e-05,1e-05,0
55.16,-0.05899,0.0002,0.00034,-0.00347,0.00022,0,0.00247,7e-05,-0.00014,0.0003,3e-05,2e-05,0,0.00093,-0.00061,-1e-05,0.00045,0,2e-05,-1e-05,0.01509,0.0021,0.0022,0.00223,-0,-0,-0,0.01428,-0.00091,4e-05,0.00456,1e-05,1e-05,0
55.18,-0.05588,7e-05,0.00029,-0.00395,0.00019,0,0.00239,2e-05,-0.00011,0.00027,4e-05,2e-05,0,0.00094,-0.00059,-3e-05,0.00045,0,2e-05,-2e-05,0.01456,0.00256,0.00202,0.00218,0,-0,-0,0.01537,-0.00094,6e-05,0.00487,1e-05,1e-05,0
55.2,-0.05231,-1e-05,0.00025,-0.00447,0.00016,-0,0.00227,-2e-05,-7e-05,0.00023,6e-05,2e-05,0,0.00093,-0.00057,-6e-05,0.00044,0,1e-05,-2e-05,0.01386,0.00289,0.00186,0.00207,0,-0,-0,0.01598,-0.00094,7e-05,0.00492,1e-05,1e-05,0
55.22,-0.04813,-4e-05,0.00021,-0.00502,0.00014,-0,0.00211,-5e-05,0,0.00019,7e-05,2e-05,0,0.00088,-0.00054,-8e-05,0.00043,0,1e-05,-2e-05,0.01292,0.00307,0.00176,0.00188,1e-05,-0,-0,0.016,-0.00086,7e-05,0.00477,1e-05,1e-05,0
55.24,-0.04339,-2e-05,0.00017,-0.00557,0.00012,-0,0.0019,-8e-05,7e-05,0.00015,8e-05,1e-05,-0,0.0008,-0.0005,-9e-05,0.0004,0,1e-05,-2e-05,0.01183,0.00308,0.00173,0.00167,1e-05,-0,-0,0.01553,-0.00071,5e-05,0.00447,1e-05,1e-05,0
55.26,-0.03814,6e-05,0.00013,-0.00609,0.00011,-0,0.00167,-0.00012,0.0001,0.00011,8e-05,1e-05,-1e-05,0.00072,-0.00045,-0.0001,0.00036,-0,0,-2e-05,0.01066,0.00289,0.00177,0.00146,1e-05,-0,-0,0.0146,-0.00052,2e-05,0.00404,1e-05,1e-05,0
55.28,-0.03247,0.00018,8e-05,-0.00652,9e-05,0,0.00141,-0.00015,0.00011,7e-05,8e-05,1e-05,-2e-05,0.00062,-0.00039,-0.0001,0.00031,-0,-0,-2e-05,0.00942,0.00256,0.00188,0.00124,1e-05,-0,-0,0.01332,-0.00033,0,0.00356,1e-05,0,0
55.3,-0.02658,0.00032,4e-05,-0.00678,8e-05,0,0.0011,-0.00018,0.0001,3e-05,7e-05,0,-2e-05,0.00049,-0.00032,-9e-05,0.00024,-0,-0,-2e-05,0.00805,0.00212,0.002,0.00104,1e-05,-0,-0,0.01171,-0.00017,-0,0.00309,2e-05,0,0
55.32,-0.02076,0.00044,1e-05,-0.00678,6e-05,0,0.00077,-0.00019,6e-05,-0,5e-05,-0,-2e-05,0.00033,-0.00025,-8e-05,0.00014,-0,-1e-05,-1e-05,0.00655,0.00165,0.00209,0.00087,1e-05,-0,-0,0.00978,-8e-05,1e-05,0.00263,2e-05,0,0
55.34,-0.01538,0.00051,-0,-0.00648,4e-05,0,0.00044,-0.00018,3e-05,-2e-05,3e-05,-0,-2e-05,0.00017,-0.00019,-6e-05,5e-05,-0,-1e-05,-1e-05,0.00506,0.00125,0.0021,0.00071,1e-05,-0,-0,0.00773,-3e-05,4e-05,0.00219,2e-05,-0,-0
55.36,-0.01061,0.00053,-1e-05,-0.0059,2e-05,0,0.00012,-0.00017,1e-05,-4e-05,1e-05,-1e-05,-2e-05,0,-0.00012,-4e-05,-3e-05,0,-1e-05,-1e-05,0.00363,0.00095,0.00201,0.00052,1e-05,-0,-0,0.00563,-0,7e-05,0.00177,3e-05,-0,-0
55.38,-0.00639,0.00049,-1e-05,-0.00505,0,0,-0.00017,-0.00014,0,-6e-05,1e-05,-1e-05,-1e-05,-0.00016,-5e-05,-3e-05,-0.00011,0,-1e-05,-0,0.00225,0.00075,0.00182,0.00032,1e-05,-0,-0,0.00351,-0,0.00011,0.00136,3e-05,-0,-0
55.4,-0.00263,0.00041,-1e-05,-0.00406,-1e-05,0,-0.00044,-0.00012,1e-05,-7e-05,-0,-1e-05,-0,-0.00033,2e-05,-2e-05,-0.00017,0,-1e-05,-0,0.00093,0.00063,0.00155,8e-05,1e-05,-0,-0,0.00137,-1e-05,0.00013,0.00095,3e-05,-0,-0
55.42,0.00082,0.00029,-0,-0.00308,-3e-05,0,-0.00069,-9e-05,5e-05,-9e-05,-1e-05,-1e-05,-0,-0.00049,9e-05,-2e-05,-0.00022,0,-0,0,-0.00032,0.00055,0.00121,-0.00017,1e-05,-0,-0,-0.00071,-2e-05,0.00012,0.00054,2e-05,-0,-0
55.44,0.00411,0.00016,-0,-0.00208,-5e-05,0,-0.00091,-6e-05,0.0001,-0.00012,-1e-05,-1e-05,-0,-0.00063,0.00015,-1e-05,-0.00024,0,-0,0,-0.00151,0.00047,0.00087,-0.00044,0,-0,-0,-0.0027,-2e-05,0.00011,0.00012,2e-05,-0,-0
55.46,0.00734,2e-05,-0,-0.00109,-6e-05,0,-0.0011,-4e-05,0.00016,-0.00016,-1e-05,-1e-05,-0,-0.00077,0.00019,-1e-05,-0.00026,0,-0,1e-05,-0.00265,0.00035,0.00055,-0.00072,0,-0,-0,-0.00459,-1e-05,9e-05,-0.0003,1e-05,-0,-0
55.48,0.01052,-0.00011,-1e-05,-0.00016,-7e-05,0,-0.00127,-2e-05,0.00021,-0.00021,-1e-05,-1e-05,0,-0.0009,0.00023,0,-0.00026,0,0,2e-05,-0.00373,0.00021,0.00024,-0.00102,0,-0,-0,-0.00639,0,6e-05,-0.00071,1e-05,-0,-0
55.5,0.01358,-0.00024,-1e-05,0.00066,-8e-05,0,-0.0014,-0,0.00026,-0.00026,-1e-05,-1e-05,0,-0.00101,0.00026,1e-05,-0.00024,0,0,3e-05,-0.00474,5e-05,-6e-05,-0.00134,0,-0,-0,-0.00807,2e-05,3e-05,-0.00112,0,0,0
55.52,0.01638,-0.00036,-1e-05,0.00136,-7e-05,0,-0.0015,1e-05,0.00029,-0.00029,-1e-05,-1e-05,0,-0.0011,0.00027,2e-05,-0.00017,0,1e-05,4e-05,-0.00564,-8e-05,-0.00037,-0.00167,-0,-0,-0,-0.00959,4e-05,0,-0.00151,-1e-05,0,0
55.54,0.01882,-0.00047,-0,0.00195,-5e-05,0,-0.00156,2e-05,0.00029,-0.00029,-0,-1e-05,1e-05,-0.00116,0.00027,2e-05,-9e-05,-0,1e-05,5e-05,-0.00642,-0.00016,-0.0007,-0.002,-0,-0,-0,-0.01096,4e-05,-3e-05,-0.00186,-1e-05,0,0
55.56,0.02089,-0.00058,0,0.00239,-3e-05,-0,-0.00161,4e-05,0.00029,-0.00029,-0,-1e-05,2e-05,-0.00119,0.00026,3e-05,-1e-05,0,1e-05,6e-05,-0.00709,-0.00021,-0.00104,-0.00234,0,-0,-0,-0.01222,2e-05,-6e-05,-0.00219,-2e-05,0,0
55.58,0.02261,-0.00067,1e-05,0.00272,-0,-0,-0.00167,6e-05,0.00027,-0.00027,-0,-1e-05,2e-05,-0.0012,0.00024,3e-05,7e-05,0,1e-05,7e-05,-0.00766,-0.00023,-0.00139,-0.00267,0,-0,-0,-0.01337,-4e-05,-0.0001,-0.00248,-3e-05,1e-05,0
55.6,0.02401,-0.00075,1e-05,0.00294,3e-05,-0,-0.00174,0.0001,0.00024,-0.00023,-0,-2e-05,3e-05,-0.00118,0.00021,3e-05,0.00014,0,2e-05,8e-05,-0.00812,-0.00027,-0.00172,-0.00296,0,-0,-0,-0.0144,-0.00012,-0.00014,-0.00273,-4e-05,1e-05,0
55.62,0.02514,-0.00082,-1e-05,0.00308,6e-05,-0,-0.00179,0.00016,0.00018,-0.00011,-0,-2e-05,4e-05,-0.00112,0.00017,3e-05,0.0002,0,3e-05,8e-05,-0.00841,-0.00038,-0.00198,-0.0031,0,-0,-0,-0.01529,-0.00014,-0.00014,-0.00293,-4e-05,1e-05,0
55.64,0.02612,-0.00086,-4e-05,0.00315,9e-05,-0,-0.00185,0.00025,0.00011,3e-05,-1e-05,-2e-05,4e-05,-0.00102,0.00014,3e-05,0.00025,1e-05,3e-05,8e-05,-0.00858,-0.0006,-0.00215,-0.00313,0,-0,-0,-0.01598,-0.00012,-0.00011,-0.0031,-5e-05,1e-05,0
55.66,0.02709,-0.00087,-8e-05,0.00318,0.00013,-0,-0.00193,0.00034,6e-05,0.00015,-1e-05,-2e-05,4e-05,-0.00091,0.0001,2e-05,0.00029,1e-05,4e-05,8e-05,-0.00867,-0.00093,-0.00224,-0.0031,0,0,0,-0.01645,-0.0001,-8e-05,-0.00325,-5e-05,1e-05,1e-05
55.68,0.02819,-0.00084,-0.00014,0.00318,0.00016,-0,-0.00203,0.00044,2e-05,0.00027,-1e-05,-2e-05,4e-05,-0.00078,6e-05,2e-05,0.00031,1e-05,4e-05,8e-05,-0.00869,-0.00132,-0.00225,-0.00295,-0,0,0,-0.01671,-6e-05,-3e-05,-0.00339,-4e-05,1e-05,1e-05
55.7,0.02951,-0.00075,-0.00021,0.00318,0.0002,-0,-0.00212,0.00054,0,0.00036,-1e-05,-2e-05,4e-05,-0.00064,4e-05,2e-05,0.00031,1e-05,4e-05,7e-05,-0.00873,-0.00168,-0.00222,-0.00275,-0,1e-05,0,-0.01674,-4e-05,1e-05,-0.00352,-4e-05,1e-05,1e-05
55.72,0.03111,-0.00058,-0.00026,0.00319,0.00024,-0,-0.00218,0.00065,-1e-05,0.0004,-0,-2e-05,4e-05,-0.00053,2e-05,1e-05,0.00029,1e-05,4e-05,6e-05,-0.00887,-0.00187,-0.00219,-0.00253,-0,1e-05,1e-05,-0.0165,-3e-05,5e-05,-0.00363,-4e-05,1e-05,1e-05
55.74,0.03306,-0.0003,-0.00028,0.00321,0.00028,-0,-0.0022,0.00075,-1e-05,0.0004,-0,-1e-05,3e-05,-0.00043,0,1e-05,0.00026,1e-05,4e-05,5e-05,-0.00912,-0.00182,-0.00216,-0.00226,-1e-05,1e-05,1e-05,-0.0161,1e-05,6e-05,-0.0037,-3e-05,1e-05,1e-05
55.76,0.03537,0.00011,-0.00026,0.00325,0.00032,-0,-0.00218,0.00082,-1e-05,0.00039,-0,-1e-05,2e-05,-0.00034,-0,-0,0.00023,1e-05,4e-05,4e-05,-0.00945,-0.00151,-0.00216,-0.00192,-1e-05,1e-05,1e-05,-0.01562,8e-05,4e-05,-0.00375,-3e-05,1e-05,0
55.78,0.0379,0.00065,-0.00018,0.00329,0.00036,-0,-0.0021,0.00085,0,0.00036,-0,-1e-05,1e-05,-0.00027,-0,-1e-05,0.0002,1e-05,4e-05,3e-05,-0.00992,-0.00098,-0.00219,-0.00154,-1e-05,1e-05,1e-05,-0.01508,0.00013,-0,-0.00376,-3e-05,1e-05,0
55.8,0.04046,0.00129,-6e-05,0.00332,0.00039,-0,-0.00199,0.00086,1e-05,0.0003,-0,-0,1e-05,-0.00022,-0,-2e-05,0.00018,1e-05,3e-05,2e-05,-0.01033,-0.00034,-0.00223,-0.00118,-2e-05,1e-05,1e-05,-0.01449,0.00015,-5e-05,-0.00373,-2e-05,0,0
55.82,0.04281,0.00193,9e-05,0.00332,0.00043,-0,-0.0019,0.00085,1e-05,0.00023,-0,0,-0,-0.00021,0,-3e-05,0.00015,1e-05,3e-05,1e-05,-0.01043,0.00027,-0.00228,-0.00087,-2e-05,1e-05,1e-05,-0.01375,0.00015,-8e-05,-0.00365,-2e-05,0,0
55.84,0.04471,0.00249,0.00025,0.00326,0.00045,-0,-0.00178,0.00082,1e-05,0.00015,-0,0,-1e-05,-0.00024,1e-05,-4e-05,0.00012,0,2e-05,1e-05,-0.01029,0.00075,-0.00232,-0.00062,-2e-05,1e-05,1e-05,-0.01293,0.0001,-7e-05,-0.00355,-2e-05,0,0
55.86,0.04597,0.00291,0.0004,0.00313,0.00046,-0,-0.00161,0.00077,0,9e-05,-0,0,-1e-05,-0.00027,1e-05,-6e-05,0.00011,0,2e-05,0,-0.00996,0.00102,-0.00233,-0.00041,-2e-05,1e-05,1e-05,-0.01211,-5e-05,-4e-05,-0.00343,-2e-05,0,0
55.88,0.04641,0.00315,0.00051,0.00293,0.00044,-0,-0.00138,0.00071,-0,4e-05,-0,0,-1e-05,-0.00033,1e-05,-7e-05,0.0001,0,2e-05,-0,-0.00931,0.00104,-0.00231,-0.00024,-2e-05,1e-05,1e-05,-0.01134,-0.00025,-0,-0.00328,-3e-05,0,0
55.9,0.04595,0.00312,0.00058,0.00266,0.00041,-0,-0.00115,0.00063,-0,0,-0,0,-1e-05,-0.00039,0,-8e-05,0.0001,1e-05,2e-05,-0,-0.00836,0.00081,-0.00225,-0.00012,-1e-05,1e-05,0,-0.01078,-0.00047,-1e-05,-0.0031,-3e-05,0,0
55.92,0.04459,0.0028,0.0006,0.00233,0.00036,-0,-0.00093,0.00055,-0,-2e-05,-0,0,-2e-05,-0.00044,0,-9e-05,0.00011,1e-05,2e-05,-0,-0.00723,0.00036,-0.00213,-5e-05,-0,0,0,-0.01054,-0.00066,-9e-05,-0.00283,-4e-05,0,0
55.94,0.04226,0.00222,0.00055,0.00197,0.00028,-0,-0.00068,0.00047,1e-05,-4e-05,-0,0,-2e-05,-0.0005,0,-8e-05,0.00012,1e-05,2e-05,-0,-0.00592,-0.00027,-0.00198,0,1e-05,0,0,-0.01057,-0.0008,-0.00024,-0.0025,-4e-05,0,0
55.96,0.03899,0.00149,0.00045,0.0016,0.00018,-0,-0.00042,0.0004,2e-05,-5e-05,-0,-0,-2e-05,-0.00053,-0,-7e-05,0.00013,1e-05,2e-05,-0,-0.00452,-0.00104,-0.0018,4e-05,2e-05,0,0,-0.01081,-0.00085,-0.00047,-0.00211,-4e-05,0,0
55.98,0.03492,0.00071,0.00032,0.00122,7e-05,0,-0.00014,0.00033,4e-05,-6e-05,-0,-0,-1e-05,-0.00056,-1e-05,-5e-05,0.00014,2e-05,3e-05,-0,-0.00312,-0.00191,-0.00159,8e-05,4e-05,0,-0,-0.01122,-0.00084,-0.00077,-0.0017,-4e-05,0,0
56,0.03042,5e-05,0.00018,0.00085,-5e-05,0,0.00013,0.00027,7e-05,-5e-05,-0,-0,-1e-05,-0.00056,-2e-05,-3e-05,0.00016,3e-05,3e-05,-0,-0.00191,-0.00285,-0.00136,0.00013,5e-05,0,-0,-0.01164,-0.00075,-0.00107,-0.00128,-4e-05,0,0
56.02,0.0258,-0.00032,6e-05,0.00052,-0.00017,0,0.00038,0.0002,0.00011,-4e-05,-0,-0,-1e-05,-0.00052,-3e-05,0,0.00017,4e-05,4e-05,-0,-0.00098,-0.00379,-0.00112,0.00024,7e-05,0,-0,-0.01188,-0.00059,-0.00128,-0.00088,-3e-05,0,0
56.04,0.02105,-0.00036,-3e-05,0.0002,-0.00029,0,0.0006,0.00014,0.00015,-2e-05,-0,-0,-1e-05,-0.00046,-5e-05,3e-05,0.00018,6e-05,5e-05,-0,-0.0003,-0.00472,-0.00087,0.00039,0.0001,0,-0,-0.01179,-0.00035,-0.00136,-0.00053,-2e-05,0,0
56.06,0.01612,-3e-05,-8e-05,-9e-05,-0.0004,0,0.00076,8e-05,0.0002,0,-0,-0,-1e-05,-0.00039,-9e-05,5e-05,0.00018,8e-05,5e-05,-1e-05,0.00012,-0.00563,-0.00061,0.00058,0.00011,0,-0,-0.01126,-2e-05,-0.00132,-0.00027,0,0,0
56.08,0.01109,0.0007,-7e-05,-0.00037,-0.00051,0,0.00088,2e-05,0.00024,3e-05,-0,-0,-1e-05,-0.00031,-0.00014,6e-05,0.00019,0.00011,6e-05,-1e-05,0.00027,-0.00647,-0.00037,0.00077,0.00012,0,-0,-0.01014,0.00043,-0.00109,-0.0001,3e-05,-0,-0
56.1,0.00606,0.00179,-1e-05,-0.00065,-0.00054,0,0.00094,-4e-05,0.00027,7e-05,-0,-0,-1e-05,-0.00023,-0.0002,6e-05,0.00019,0.00014,6e-05,-1e-05,0.00022,-0.0071,-0.00018,0.00098,0.00012,0,-0,-0.00849,0.00101,-0.00076,-3e-05,6e-05,-0,-0
56.12,0.00112,0.00309,0.0001,-0.00091,-0.00049,0,0.00096,-9e-05,0.00029,0.0001,-0,-0,-1e-05,-0.00016,-0.00026,6e-05,0.00019,0.00017,7e-05,-1e-05,0,-0.00727,-7e-05,0.00122,0.00011,0,-0,-0.00643,0.00171,-0.00036,-1e-05,8e-05,-0,-0
56.14,-0.00374,0.00445,0.00024,-0.00117,-0.00041,0,0.00093,-0.00014,0.00028,0.00013,-0,-0,-1e-05,-0.0001,-0.00033,4e-05,0.00019,0.0002,7e-05,-1e-05,-0.00031,-0.00704,-6e-05,0.00143,8e-05,0,-0,-0.00402,0.00247,0.00014,-1e-05,8e-05,-1e-05,-0
56.16,-0.00842,0.00575,0.0004,-0.0014,-0.00029,0,0.00088,-0.00018,0.00026,0.00016,-0,-0,-1e-05,-4e-05,-0.00041,2e-05,0.00018,0.00022,8e-05,-1e-05,-0.00067,-0.00641,-0.00015,0.00148,4e-05,0,-0,-0.00151,0.00314,0.00066,-2e-05,7e-05,-1e-05,-0
56.18,-0.01275,0.00686,0.00057,-0.00161,-0.00016,0,0.00081,-0.00021,0.00022,0.00018,-0,-0,-1e-05,1e-05,-0.00049,-0,0.00018,0.00023,8e-05,-0,-0.00099,-0.00506,-0.00025,0.00126,-5e-05,0,-0,0.00072,0.00361,0.00114,-6e-05,3e-05,-2e-05,0
56.2,-0.01663,0.00759,0.00072,-0.00178,-1e-05,0,0.00071,-0.00022,0.00015,0.0002,-0,-0,-1e-05,6e-05,-0.00057,-3e-05,0.00018,0.00022,8e-05,-0,-0.00123,-0.00366,-0.00029,0.00093,-0.00017,-0,0,0.00246,0.00485,0.00193,5e-05,-5e-05,-1e-05,1e-05
56.22,-0.01998,0.00773,0.00081,-0.00191,0.00013,0,0.00057,-0.0002,8e-05,0.00021,-0,-0,-0,0.0001,-0.00061,-6e-05,0.00017,0.00021,8e-05,0,-0.00134,-0.00247,-0.00018,0.00057,-0.00034,0,1e-05,0.00364,0.00639,0.00288,0.00058,-0.00013,-1e-05,2e-05
56.24,-0.02249,0.00739,0.00084,-0.00197,0.00026,0,0.00041,-0.00016,0,0.00021,-0,-0,-0,0.00012,-0.00064,-8e-05,0.00017,0.00018,7e-05,1e-05,-0.00133,-0.00146,3e-05,0.00027,-0.00054,0,1e-05,0.00374,0.00722,0.00361,0.00181,-0.00021,1e-05,3e-05
56.26,-0.02388,0.00674,0.00083,-0.00197,0.00037,0,0.00025,-0.00011,-7e-05,0.0002,-0,-0,-0,0.00014,-0.00064,-0.0001,0.00016,0.00017,7e-05,1e-05,-0.00124,-0.00062,0.00028,-3e-05,-0.00076,0,2e-05,0.00242,0.00679,0.00382,0.00401,-0.00028,3e-05,4e-05
56.28,-0.02416,0.00584,0.00077,-0.00191,0.00044,0,8e-05,-7e-05,-0.00012,0.00019,-0,-0,-0,0.00014,-0.00063,-0.00012,0.00015,0.00015,7e-05,1e-05,-0.00111,-5e-05,0.00044,-0.00048,-0.00099,0,2e-05,-0.00035,0.00483,0.0031,0.00737,-0.00034,7e-05,5e-05
56.3,-0.02337,0.00484,0.00068,-0.0018,0.00049,0,-9e-05,-3e-05,-0.00016,0.00017,-0,-0,0,0.00012,-0.00059,-0.00013,0.00015,0.00014,6e-05,0,-0.00102,0.00019,0.00043,-0.00133,-0.00117,-1e-05,3e-05,-0.00467,0.00126,0.00094,0.01123,-0.00039,0.00011,5e-05
56.32,-0.02164,0.00387,0.00059,-0.00166,0.0005,0,-0.00026,-1e-05,-0.00017,0.00014,-0,-0,0,0.00011,-0.00053,-0.00013,0.00014,0.00013,6e-05,-0,-0.00112,8e-05,0.00022,-0.00294,-0.00126,-2e-05,3e-05,-0.01098,-0.00358,-0.00298,0.01349,-0.00041,0.00014,3e-05
56.34,-0.0193,0.00298,0.00051,-0.00153,0.00044,0,-0.0004,0,-0.00017,0.00012,-0,-0,0,8e-05,-0.00045,-0.00012,0.00013,0.00013,5e-05,-1e-05,-0.00134,-0.00041,-0.00019,-0.00562,-0.00124,-4e-05,3e-05,-0.01796,-0.00843,-0.00775,0.01339,-0.00037,0.00014,0
56.36,-0.01663,0.00221,0.00044,-0.00142,0.00038,0,-0.00054,0,-0.00015,9e-05,-0,-0,0,5e-05,-0.00036,-0.00011,0.00012,0.00011,4e-05,-1e-05,-0.00149,-0.00125,-0.00077,-0.00943,-0.00109,-7e-05,3e-05,-0.02339,-0.01207,-0.01184,0.01158,-0.00025,0.00012,-3e-05
56.38,-0.01387,0.00156,0.00036,-0.00133,0.00032,0,-0.00064,-1e-05,-0.00013,7e-05,-0,-0,0,2e-05,-0.00027,-0.0001,0.0001,0.0001,3e-05,-1e-05,-0.00136,-0.00228,-0.00133,-0.01415,-0.00083,-0.00011,2e-05,-0.02682,-0.01397,-0.0144,0.00796,-6e-05,8e-05,-4e-05
56.4,-0.01119,0.001,0.00029,-0.00125,0.00026,0,-0.00072,-3e-05,-0.0001,6e-05,-0,-0,0,-0,-0.00019,-8e-05,9e-05,8e-05,1e-05,-1e-05,-0.00085,-0.00314,-0.00162,-0.01961,-0.00051,-0.00014,1e-05,-0.02648,-0.01308,-0.01373,0.0047,0.00017,3e-05,-2e-05
56.42,-0.0088,0.0005,0.00021,-0.00118,0.00019,0,-0.00077,-5e-05,-8e-05,5e-05,-0,-0,0,-2e-05,-0.00012,-6e-05,7e-05,7e-05,-0,-1e-05,0.00013,-0.00347,-0.00147,-0.02562,-0.00018,-0.00018,-1e-05,-0.02222,-0.00947,-0.00979,0.00293,0.00038,-3e-05,3e-05
56.44,-0.00689,0.00015,0.00013,-0.00112,0.00011,0,-0.00079,-7e-05,-6e-05,5e-05,-0,-0,0,-3e-05,-7e-05,-4e-05,4e-05,5e-05,-2e-05,-1e-05,0.0016,-0.00292,-0.00075,-0.03043,7e-05,-0.0002,-2e-05,-0.01735,-0.00449,-0.00461,0.00099,0.00053,-0.00012,8e-05
56.46,-0.00554,-0,3e-05,-0.00105,3e-05,-0,-0.00077,-9e-05,-4e-05,6e-05,-0,0,0,-3e-05,-4e-05,-2e-05,1e-05,3e-05,-3e-05,-1e-05,0.00323,-0.00131,0.00055,-0.03221,0.00022,-0.00021,-2e-05,-0.01385,0.00123,0.00083,-0.00168,0.00059,-0.0002,0.00012
56.48,-0.00473,0.00011,-6e-05,-0.00098,-4e-05,-0,-0.00072,-0.00011,-2e-05,7e-05,-0,0,-0,-3e-05,-2e-05,-0,-2e-05,2e-05,-5e-05,-1e-05,0.00464,0.00131,0.0023,-0.03046,0.00023,-0.0002,-3e-05,-0.01203,0.00762,0.00628,-0.00463,0.00056,-0.00026,0.00016
56.5,-0.00438,0.00049,-0.00015,-0.0009,-9e-05,-0,-0.00063,-0.00012,-1e-05,8e-05,-0,0,-0,-4e-05,-1e-05,2e-05,-6e-05,0,-6e-05,-1e-05,0.00539,0.00448,0.00409,-0.02471,0.00016,-0.00017,-2e-05,-0.01165,0.0141,0.01138,-0.00837,0.00046,-0.00028,0.00017
56.52,-0.00439,0.00102,-0.00021,-0.00081,-0.00013,-0,-0.00051,-0.00012,-0,9e-05,-0,0,-0,-5e-05,-0,3e-05,-0.0001,-1e-05,-6e-05,-0,0.00545,0.00714,0.00539,-0.01616,6e-05,-0.00013,-1e-05,-0.01204,0.01922,0.01574,-0.01542,0.00031,-0.00028,0.00016
56.54,-0.00464,0.00161,-0.00024,-0.00071,-0.00016,-0,-0.00035,-0.00012,0,0.0001,-0,0,-0,-5e-05,-0,4e-05,-0.00014,-2e-05,-7e-05,-0,0.00498,0.00893,0.00597,-0.00752,-2e-05,-9e-05,-1e-05,-0.01291,0.02249,0.01881,-0.02459,0.00014,-0.00026,0.00013
56.56,-0.00502,0.00225,-0.00022,-0.0006,-0.00019,-0,-0.00017,-0.00012,0,9e-05,-0,0,-1e-05,-6e-05,-0,4e-05,-0.00017,-3e-05,-7e-05,-0,0.00419,0.0101,0.006,-0.0011,-9e-05,-5e-05,0,-0.01416,0.02448,0.02058,-0.03262,-1e-05,-0.00022,9e-05
56.58,-0.00538,0.00285,-0.00017,-0.00048,-0.00021,-0,5e-05,-0.00012,0,7e-05,-0,0,-1e-05,-5e-05,0,4e-05,-0.0002,-4e-05,-7e-05,-0,0.00342,0.0106,0.00571,0.00179,-0.00013,-2e-05,0,-0.01541,0.02507,0.02119,-0.03949,-0.00013,-0.00017,5e-05
56.6,-0.00562,0.00328,-0.0001,-0.00034,-0.00023,-0,0.00028,-0.00013,-0,4e-05,-0,0,-1e-05,-4e-05,1e-05,4e-05,-0.00022,-5e-05,-7e-05,-0,0.00267,0.01091,0.00525,0.00074,-0.00014,-1e-05,1e-05,-0.01675,0.02434,0.02056,-0.04326,-0.00022,-0.00012,2e-05
56.62,-0.00568,0.00343,-4e-05,-0.00018,-0.00022,-0,0.00052,-0.00015,-0,-1e-05,-0,1e-05,-1e-05,-4e-05,1e-05,4e-05,-0.00024,-5e-05,-6e-05,-0,0.00196,0.01126,0.00449,-0.00304,-0.00013,0,1e-05,-0.01851,0.02267,0.01897,-0.04237,-0.00026,-7e-05,0
56.64,-0.00545,0.00336,1e-05,1e-05,-0.00021,-0,0.00075,-0.00018,-1e-05,-6e-05,-0,1e-05,-1e-05,-2e-05,0,4e-05,-0.00025,-5e-05,-6e-05,-0,0.00144,0.01092,0.00348,-0.0071,-0.00013,0,1e-05,-0.02055,0.02042,0.01713,-0.03923,-0.00026,-4e-05,-1e-05
56.66,-0.00492,0.00312,5e-05,0.00022,-0.00018,-0,0.00097,-0.00022,-1e-05,-0.00011,-0,1e-05,-1e-05,-0,-0,4e-05,-0.00025,-6e-05,-5e-05,-0,0.0011,0.00942,0.00229,-0.00965,-0.00011,0,0,-0.02267,0.01798,0.01548,-0.03553,-0.00019,-2e-05,-1e-05
56.68,-0.00416,0.00274,9e-05,0.00045,-0.00016,-0,0.00117,-0.00027,-1e-05,-0.00018,-0,1e-05,-1e-05,3e-05,-1e-05,3e-05,-0.00026,-5e-05,-5e-05,-1e-05,0.00091,0.00724,0.00112,-0.01019,-9e-05,0,0,-0.02474,0.0156,0.01404,-0.03145,-8e-05,-0,-0
56.7,-0.00333,0.00224,0.0001,0.0007,-0.00012,-0,0.00136,-0.00032,-0,-0.00024,-0,1e-05,-0,7e-05,-2e-05,3e-05,-0.00026,-5e-05,-4e-05,-1e-05,0.00089,0.00514,0.00036,-0.01005,-7e-05,-0,0,-0.02676,0.01308,0.01254,-0.02702,7e-05,1e-05,1e-05
56.72,-0.0026,0.00162,9e-05,0.00095,-8e-05,-0,0.00153,-0.00037,0,-0.00029,-0,0,-0,0.00011,-2e-05,3e-05,-0.00025,-5e-05,-4e-05,-1e-05,0.001,0.00337,-3e-05,-0.00969,-5e-05,-0,0,-0.02881,0.01008,0.01074,-0.02237,0.00023,1e-05,2e-05
56.74,-0.00214,0.00094,6e-05,0.00119,-4e-05,-0,0.00169,-0.00039,2e-05,-0.00034,-0,0,-0,0.00016,-1e-05,3e-05,-0.00024,-5e-05,-4e-05,-1e-05,0.00117,0.00221,-0.00013,-0.00869,-3e-05,-0,0,-0.03054,0.00687,0.0088,-0.018,0.0004,2e-05,2e-05
56.76,-0.00202,0.00024,1e-05,0.0014,0,-0,0.00182,-0.0004,4e-05,-0.00038,-0,0,-0,0.0002,1e-05,3e-05,-0.00023,-5e-05,-3e-05,-1e-05,0.00135,0.00155,-5e-05,-0.00691,-2e-05,-0,0,-0.03151,0.00367,0.00692,-0.01409,0.00056,2e-05,3e-05
56.78,-0.00225,-0.00051,-6e-05,0.00158,5e-05,0,0.00193,-0.00038,6e-05,-0.0004,-0,0,-0,0.00026,6e-05,3e-05,-0.00021,-4e-05,-3e-05,-1e-05,0.00148,0.00101,6e-05,-0.00459,-1e-05,-0,0,-0.03152,0.00053,0.00512,-0.01055,0.00069,3e-05,3e-05
56.8,-0.00276,-0.00126,-0.00013,0.00174,0.00011,0,0.00202,-0.00033,8e-05,-0.00041,-0,0,0,0.00031,0.00013,2e-05,-0.00019,-4e-05,-2e-05,-2e-05,0.00172,0.00019,3e-05,-0.00241,-0,-0,0,-0.03094,-0.00256,0.00346,-0.00726,0.00079,3e-05,2e-05
56.82,-0.00343,-0.00196,-0.00022,0.00186,0.00015,0,0.00209,-0.00025,0.00011,-0.0004,-0,-0,0,0.00035,0.00023,2e-05,-0.00017,-4e-05,-2e-05,-2e-05,0.00231,-0.00067,-8e-05,-0.00057,0,0,0,-0.03018,-0.00543,0.00191,-0.00425,0.00087,2e-05,1e-05
56.84,-0.00416,-0.00262,-0.00033,0.00196,0.0002,0,0.00214,-0.00015,0.00015,-0.00037,-0,-0,0,0.00039,0.00033,1e-05,-0.00015,-3e-05,-2e-05,-2e-05,0.0032,-0.00122,-0.00019,0.00121,1e-05,0,0,-0.02853,-0.00706,0.0006,-0.00174,0.00091,2e-05,-1e-05
56.86,-0.00486,-0.00328,-0.00045,0.00202,0.00024,0,0.00217,-5e-05,0.00019,-0.00033,-0,-0,1e-05,0.00043,0.00044,1e-05,-0.00012,-2e-05,-1e-05,-2e-05,0.00421,-0.00158,-0.00033,0.00266,1e-05,0,0,-0.02548,-0.00693,-0.00042,0.00012,0.00088,1e-05,-3e-05
56.88,-0.00549,-0.00389,-0.00058,0.00205,0.00027,0,0.00218,5e-05,0.00024,-0.00029,0,-0,1e-05,0.00047,0.00053,0,-0.0001,-2e-05,-1e-05,-2e-05,0.00538,-0.0017,-0.00051,0.00367,2e-05,0,0,-0.0212,-0.00556,-0.00116,0.00122,0.0008,-0,-4e-05
56.9,-0.00605,-0.00442,-0.00072,0.00206,0.00028,0,0.00217,0.00012,0.00028,-0.00024,0,-0,1e-05,0.00051,0.00061,-0,-8e-05,-1e-05,-1e-05,-2e-05,0.00659,-0.00168,-0.00072,0.00419,2e-05,0,0,-0.01619,-0.00335,-0.00135,0.00156,0.00066,-1e-05,-5e-05
56.92,-0.00657,-0.00488,-0.00082,0.00204,0.00029,0,0.00214,0.00015,0.00032,-0.0002,0,-0,1e-05,0.00054,0.00064,-0,-6e-05,-1e-05,-1e-05,-2e-05,0.0077,-0.00156,-0.00096,0.00419,3e-05,0,0,-0.01105,-0.00138,-0.00097,0.00131,0.00048,-1e-05,-5e-05
56.94,-0.00707,-0.00522,-0.0009,0.00199,0.00029,0,0.0021,0.00016,0.00035,-0.00017,0,-0,0,0.00056,0.00064,-0,-4e-05,-1e-05,-1e-05,-2e-05,0.00879,-0.00132,-0.00118,0.0039,4e-05,0,0,-0.00588,-0.00034,-0.00045,0.00075,0.0003,-1e-05,-4e-05
56.96,-0.0076,-0.00542,-0.00094,0.00191,0.00029,0,0.00207,0.00015,0.00036,-0.00014,0,-0,0,0.00057,0.00062,-0,-3e-05,-1e-05,-1e-05,-2e-05,0.00988,-0.00094,-0.00136,0.00351,4e-05,0,-0,-0.00081,-2e-05,-8e-05,0.00022,0.00016,-1e-05,-2e-05
56.98,-0.00824,-0.00543,-0.00094,0.00179,0.00029,0,0.00204,0.00015,0.00034,-0.00013,0,0,0,0.00057,0.00057,-0,-1e-05,-1e-05,-1e-05,-2e-05,0.01093,-0.00049,-0.00146,0.00312,5e-05,0,-0,0.00385,3e-05,-1e-05,-8e-05,6e-05,-0,-1e-05
57,-0.00907,-0.00527,-0.0009,0.00161,0.00028,0,0.00202,0.00014,0.00028,-0.00013,0,0,0,0.00056,0.00049,-0,1e-05,-2e-05,-1e-05,-2e-05,0.01194,-4e-05,-0.00151,0.00278,5e-05,0,-0,0.00807,0.00018,-0.00025,-6e-05,1e-05,0,-0
57.02,-0.01017,-0.00492,-0.00083,0.00138,0.00028,0,0.00203,0.00014,0.00019,-0.00014,0,0,-0,0.00058,0.0004,-0,3e-05,-2e-05,-1e-05,-2e-05,0.01287,0.00037,-0.0015,0.00253,6e-05,0,-0,0.01166,0.00057,-0.00064,0.00021,-0,-0,-0
57.04,-0.01161,-0.00436,-0.00072,0.00107,0.00028,0,0.00204,0.00017,7e-05,-0.00016,0,0,-0,0.00062,0.00029,-0,5e-05,-3e-05,-1e-05,-2e-05,0.01364,0.0007,-0.00143,0.00238,6e-05,-0,-0,0.01365,0.00113,-0.00086,0.00049,1e-05,-0,-0
57.06,-0.01337,-0.00364,-0.00058,0.00069,0.00027,0,0.00204,0.00021,-9e-05,-0.00019,0,0,-0,0.00065,0.00017,-0,7e-05,-3e-05,-1e-05,-2e-05,0.0142,0.00091,-0.00128,0.00234,6e-05,-0,-0,0.01459,0.00173,-0.00087,0.00063,1e-05,-0,-0
57.08,-0.01542,-0.00282,-0.00042,0.00022,0.00027,0,0.00203,0.00027,-0.00027,-0.00023,0,0,-0,0.00069,4e-05,-0,8e-05,-4e-05,-1e-05,-2e-05,0.01454,0.00098,-0.00107,0.00239,6e-05,-0,-0,0.01533,0.00233,-0.00075,0.00077,1e-05,-0,-0
57.1,-0.01759,-0.00199,-0.00025,-0.00032,0.00026,0,0.00199,0.00035,-0.00047,-0.00027,0,0,-1e-05,0.00074,-0.0001,0,0.0001,-4e-05,-1e-05,-2e-05,0.01467,0.00095,-0.00086,0.00252,6e-05,-0,-0,0.01589,0.00286,-0.00059,0.00093,2e-05,-0,-1e-05
57.12,-0.01969,-0.00122,-9e-05,-0.0009,0.00025,0,0.00189,0.00046,-0.00063,-0.00028,0,0,-1e-05,0.00081,-0.00024,0,0.00014,-4e-05,-0,-2e-05,0.01463,0.00084,-0.00068,0.00275,5e-05,-0,-0,0.01639,0.00332,-0.00043,0.00112,2e-05,-0,-1e-05
57.14,-0.02149,-0.00061,5e-05,-0.00148,0.00023,0,0.00176,0.00057,-0.00075,-0.00026,1e-05,-0,-0,0.00088,-0.00037,-0,0.00018,-3e-05,-0,-2e-05,0.01445,0.00067,-0.00052,0.00299,5e-05,0,-0,0.01667,0.00362,-0.00027,0.00133,1e-05,-0,-1e-05
57.16,-0.02282,-0.00017,0.00016,-0.00204,0.00022,0,0.00163,0.00068,-0.00084,-0.00024,1e-05,-0,0,0.00094,-0.00049,-1e-05,0.00023,-3e-05,-0,-2e-05,0.01413,0.00044,-0.00034,0.0032,4e-05,0,-0,0.01658,0.00375,-0.00013,0.00152,1e-05,-0,-1e-05
57.18,-0.02359,0.00012,0.00024,-0.00255,0.0002,0,0.0015,0.00077,-0.00091,-0.0002,1e-05,-0,0,0.00099,-0.00059,-3e-05,0.00027,-2e-05,-0,-1e-05,0.01368,0.00018,-0.00016,0.00335,4e-05,0,0,0.01622,0.00372,-2e-05,0.00168,1e-05,-1e-05,-1e-05
57.2,-0.02374,0.00029,0.00029,-0.003,0.00018,0,0.00139,0.00085,-0.0009,-0.00014,1e-05,-1e-05,1e-05,0.00101,-0.00067,-4e-05,0.00031,-1e-05,-1e-05,-1e-05,0.01319,-0.0001,-0,0.00341,3e-05,0,0,0.01559,0.00357,3e-05,0.00179,1e-05,-1e-05,-0
57.22,-0.02329,0.00039,0.00032,-0.00336,0.00016,0,0.00131,0.00093,-0.00075,-5e-05,1e-05,-1e-05,2e-05,0.00101,-0.00071,-4e-05,0.00037,-0,-0,-0,0.01273,-0.00038,0.00015,0.00336,2e-05,0,0,0.01473,0.0033,3e-05,0.00183,1e-05,-1e-05,-0
57.24,-0.02232,0.00046,0.00033,-0.0036,0.00015,0,0.00126,0.00097,-0.00055,5e-05,1e-05,-1e-05,3e-05,0.00098,-0.00073,-2e-05,0.00043,1e-05,-0,1e-05,0.01218,-0.00063,0.0003,0.00322,1e-05,1e-05,0,0.0137,0.00299,1e-05,0.00181,1e-05,-1e-05,-0
57.26,-0.02092,0.0005,0.00032,-0.00373,0.00013,0,0.00121,0.00093,-0.00035,0.00013,1e-05,-1e-05,4e-05,0.00094,-0.00072,-1e-05,0.00048,2e-05,-0,1e-05,0.01148,-0.00083,0.00041,0.00301,1e-05,1e-05,0,0.01252,0.00266,-4e-05,0.00173,1e-05,-1e-05,-0
57.28,-0.01914,0.00053,0.0003,-0.00374,0.00011,0,0.00116,0.00084,-0.00017,0.00021,1e-05,-0,4e-05,0.00088,-0.00071,1e-05,0.00053,3e-05,-0,2e-05,0.01065,-0.00098,0.00049,0.00276,0,1e-05,0,0.01124,0.00233,-8e-05,0.0016,1e-05,-0,-0
57.3,-0.01705,0.00056,0.00027,-0.00362,9e-05,0,0.00107,0.00069,-4e-05,0.00024,1e-05,0,4e-05,0.00078,-0.00069,2e-05,0.00053,4e-05,0,2e-05,0.00962,-0.00108,0.00052,0.00246,-0,1e-05,0,0.00982,0.00201,-0.00012,0.00141,1e-05,-0,-0
57.32,-0.01472,0.00057,0.00023,-0.00339,8e-05,0,0.00092,0.00051,3e-05,0.00019,0,0,3e-05,0.00063,-0.00065,3e-05,0.00044,4e-05,0,1e-05,0.00839,-0.00113,0.00052,0.00211,-1e-05,1e-05,0,0.00824,0.0017,-0.00015,0.00118,1e-05,-0,-0
57.34,-0.01223,0.00056,0.00018,-0.00306,6e-05,0,0.00073,0.00034,5e-05,0.00013,0,1e-05,2e-05,0.00046,-0.00058,3e-05,0.00033,5e-05,0,1e-05,0.00705,-0.00113,0.00049,0.00176,-1e-05,1e-05,0,0.00663,0.00139,-0.00015,0.00094,1e-05,-0,-0
57.36,-0.00963,0.00054,0.00014,-0.00262,5e-05,0,0.00051,0.00021,6e-05,9e-05,0,1e-05,1e-05,0.00028,-0.0005,2e-05,0.00023,5e-05,0,0,0.00564,-0.00109,0.00045,0.0014,-1e-05,0,0,0.00506,0.00108,-0.00013,0.0007,1e-05,-0,-0
57.38,-0.00693,0.00051,0.0001,-0.00209,3e-05,0,0.00026,0.00011,4e-05,6e-05,0,1e-05,1e-05,0.00012,-0.00039,2e-05,0.00012,5e-05,0,-0,0.00415,-0.00101,0.00039,0.00104,-1e-05,0,0,0.0035,0.00076,-9e-05,0.00047,0,-0,-0
57.4,-0.00417,0.00046,6e-05,-0.00148,2e-05,0,-1e-05,5e-05,2e-05,2e-05,0,1e-05,0,-3e-05,-0.00028,1e-05,-1e-05,4e-05,0,-0,0.0026,-0.00093,0.00032,0.00068,-1e-05,0,0,0.00195,0.00041,-1e-05,0.00023,-0,-0,-0
57.42,-0.00138,0.00042,2e-05,-0.00083,1e-05,0,-0.00029,2e-05,-0,-2e-05,-0,1e-05,-1e-05,-0.00014,-0.00016,0,-0.00015,3e-05,-0,-0,0.001,-0.00086,0.00026,0.00032,-1e-05,0,0,0.00041,1e-05,9e-05,-1e-05,-1e-05,-0,-0
57.44,0.00143,0.00038,-1e-05,-0.00014,-1e-05,0,-0.00055,1e-05,1e-05,-8e-05,-0,1e-05,-1e-05,-0.00019,-5e-05,0,-0.00031,2e-05,0,-0,-0.00063,-0.00079,0.00019,-4e-05,-1e-05,0,0,-0.0011,-0.00044,0.00022,-0.00024,-1e-05,0,0
57.46,0.00425,0.00035,-4e-05,0.00057,-3e-05,0,-0.00079,0,5e-05,-0.00016,-0,0,-2e-05,-0.00016,5e-05,2e-05,-0.00049,1e-05,0,-0,-0.00228,-0.00071,0.00013,-0.00039,-1e-05,0,0,-0.0026,-0.00095,0.00038,-0.00049,-1e-05,0,0
57.48,0.00709,0.00032,-6e-05,0.00127,-5e-05,0,-0.00099,-3e-05,0.00012,-0.00027,-1e-05,0,-3e-05,-5e-05,0.00013,4e-05,-0.00071,-0,0,-0,-0.00399,-0.00062,6e-05,-0.00073,-1e-05,0,0,-0.00408,-0.00153,0.00055,-0.00073,-2e-05,0,0
57.5,0.00991,0.00032,-7e-05,0.00192,-8e-05,0,-0.00111,-0.0001,0.00021,-0.00041,-1e-05,0,-4e-05,0.00019,0.00018,6e-05,-0.00092,-0,1e-05,-0,-0.00576,-0.00049,-1e-05,-0.00108,-1e-05,0,0,-0.00554,-0.00211,0.00072,-0.00099,-2e-05,0,0
57.52,0.01267,0.00033,-4e-05,0.0025,-0.00011,0,-0.00108,-0.00022,0.00034,-0.00053,-1e-05,0,-4e-05,0.00062,0.00021,0.0001,-0.00102,1e-05,1e-05,1e-05,-0.00756,-0.00031,-9e-05,-0.00143,-0,-0,-0,-0.00696,-0.00261,0.00087,-0.00127,-2e-05,0,0
57.54,0.01536,0.00036,2e-05,0.00299,-0.00015,0,-0.00091,-0.00039,0.00047,-0.00062,-1e-05,0,-3e-05,0.00121,0.00022,0.00013,-0.00106,4e-05,2e-05,3e-05,-0.00941,-8e-05,-0.00019,-0.00177,-0,-0,-0,-0.00827,-0.00297,0.00098,-0.00158,-2e-05,0,0
57.56,0.01803,0.00043,0.00013,0.00335,-0.0002,0,-0.00067,-0.00058,0.00057,-0.00069,-1e-05,-0,-3e-05,0.00184,0.00022,0.00015,-0.00106,8e-05,3e-05,4e-05,-0.01133,0.00019,-0.0003,-0.0021,0,-0,-0,-0.00944,-0.0032,0.00101,-0.00193,-2e-05,0,0
57.58,0.02076,0.00052,0.0003,0.00358,-0.00025,0,-0.00043,-0.00079,0.00064,-0.00072,-1e-05,-0,-2e-05,0.00245,0.00019,0.00016,-0.00103,0.00012,4e-05,6e-05,-0.01335,0.00047,-0.00043,-0.00242,0,-0,-0,-0.01041,-0.00323,0.00096,-0.00231,-2e-05,-0,-0
57.6,0.02356,0.00065,0.00049,0.00368,-0.0003,0,-0.00018,-0.00094,0.00064,-0.00066,-0,-0,-1e-05,0.00305,0.00014,0.00014,-0.00092,0.00017,4e-05,7e-05,-0.01531,0.00073,-0.00054,-0.0027,1e-05,-0,-0,-0.01106,-0.00308,0.00082,-0.00271,-1e-05,-1e-05,-0
57.62,0.02642,0.00082,0.00068,0.00368,-0.00035,0,8e-05,-0.00094,0.00056,-0.00045,-0,-0,0,0.00372,6e-05,0.00011,-0.0007,0.00024,6e-05,8e-05,-0.01696,0.00096,-0.0006,-0.00292,1e-05,-0,-0,-0.01123,-0.00275,0.00059,-0.00307,-1e-05,-1e-05,-0
57.64,0.02942,0.00103,0.00083,0.00359,-0.00036,0,0.00026,-0.00081,0.00043,-0.00019,0,0,1e-05,0.00431,-3e-05,8e-05,-0.00046,0.00028,6e-05,8e-05,-0.0183,0.00113,-0.0006,-0.00307,1e-05,-1e-05,-0,-0.01098,-0.00221,0.00029,-0.00335,-0,-1e-05,-1e-05
57.66,0.03267,0.00128,0.00092,0.00343,-0.00036,0,0.00025,-0.00061,0.00029,5e-05,0,0,2e-05,0.00468,-0.00012,5e-05,-0.00024,0.00029,6e-05,8e-05,-0.01943,0.0012,-0.00054,-0.00319,1e-05,-1e-05,-0,-0.01045,-0.00145,-5e-05,-0.00358,0,-2e-05,-1e-05
57.68,0.03621,0.00156,0.00092,0.00322,-0.00036,0,6e-05,-0.00036,0.00016,0.00027,1e-05,1e-05,3e-05,0.00486,-0.0002,3e-05,-4e-05,0.00026,6e-05,8e-05,-0.02026,0.00117,-0.00044,-0.00326,0,-0,-0,-0.00974,-0.00054,-0.00042,-0.0037,1e-05,-2e-05,-1e-05
57.7,0.03996,0.00186,0.00084,0.00297,-0.00036,0,-9e-05,-8e-05,6e-05,0.00038,1e-05,1e-05,3e-05,0.00491,-0.00025,2e-05,7e-05,0.0002,4e-05,7e-05,-0.02082,0.00106,-0.00032,-0.00328,-0,-0,-0,-0.00892,0.00043,-0.00078,-0.00372,1e-05,-2e-05,-1e-05
57.72,0.04376,0.00221,0.00068,0.00271,-0.00036,0,4e-05,0.00018,-1e-05,0.00034,1e-05,2e-05,3e-05,0.00492,-0.00026,1e-05,6e-05,0.00012,2e-05,5e-05,-0.02114,0.00088,-0.00022,-0.00322,-1e-05,-0,-0,-0.00806,0.00136,-0.0011,-0.0036,1e-05,-2e-05,-2e-05
57.74,0.0476,0.00256,0.00048,0.00245,-0.00036,0,0.00037,0.00038,-3e-05,0.00024,1e-05,4e-05,2e-05,0.00482,-0.00024,-0,3e-05,5e-05,0,4e-05,-0.02121,0.0007,-0.00015,-0.00309,-1e-05,-0,-0,-0.00732,0.00215,-0.00134,-0.00335,2e-05,-2e-05,-1e-05
57.76,0.05152,0.00291,0.00026,0.00221,-0.00037,0,0.00077,0.00049,-2e-05,0.00015,1e-05,5e-05,2e-05,0.00458,-0.0002,-1e-05,2e-05,1e-05,-1e-05,2e-05,-0.02099,0.00053,-9e-05,-0.0029,-2e-05,-0,-0,-0.00701,0.00273,-0.00148,-0.00303,2e-05,-1e-05,-1e-05
57.78,0.05539,0.00324,8e-05,0.00198,-0.00038,0,0.00133,0.00052,-1e-05,5e-05,1e-05,7e-05,1e-05,0.00426,-0.00015,-2e-05,1e-05,-1e-05,-2e-05,-0,-0.02049,0.00038,-4e-05,-0.00267,-2e-05,-0,0,-0.00748,0.00306,-0.00153,-0.00264,3e-05,-1e-05,-1e-05
57.8,0.059,0.00348,-5e-05,0.00176,-0.0004,0,0.00197,0.00045,0,-4e-05,1e-05,8e-05,0,0.00385,-0.00011,-3e-05,-1e-05,-2e-05,-3e-05,-2e-05,-0.01972,0.00023,-1e-05,-0.00243,-3e-05,0,0,-0.00841,0.00316,-0.00149,-0.0023,3e-05,-0,-1e-05
57.82,0.06199,0.00359,-9e-05,0.00155,-0.00041,0,0.00261,0.00029,-1e-05,-7e-05,1e-05,8e-05,-0,0.0033,-8e-05,-3e-05,-1e-05,-2e-05,-2e-05,-3e-05,-0.01872,8e-05,1e-05,-0.00223,-3e-05,0,0,-0.00914,0.00307,-0.0014,-0.00207,4e-05,-0,-0
57.84,0.06426,0.00354,-6e-05,0.00135,-0.00043,0,0.00314,0.00013,-5e-05,-4e-05,0,8e-05,-1e-05,0.00267,-5e-05,-3e-05,-1e-05,-1e-05,0,-4e-05,-0.01748,-8e-05,4e-05,-0.00206,-4e-05,0,0,-0.0101,0.00284,-0.00127,-0.00194,4e-05,0,0
57.86,0.0658,0.00334,0,0.00115,-0.00035,0,0.00355,2e-05,-9e-05,2e-05,0,7e-05,-1e-05,0.00207,-1e-05,-2e-05,-1e-05,-1e-05,2e-05,-5e-05,-0.01603,-0.00025,8e-05,-0.00191,-4e-05,0,0,-0.0117,0.00251,-0.00112,-0.00185,4e-05,0,0
57.88,0.06647,0.00301,9e-05,0.00095,-0.00022,0,0.00385,-3e-05,-0.00013,0.0001,0,6e-05,-1e-05,0.00152,4e-05,-1e-05,-1e-05,-1e-05,5e-05,-5e-05,-0.01445,-0.00044,0.00013,-0.0018,-5e-05,0,0,-0.0136,0.00212,-0.00096,-0.00182,4e-05,1e-05,1e-05
57.9,0.06617,0.00259,0.00015,0.00074,-4e-05,0,0.0039,-2e-05,-0.00017,0.00018,0,4e-05,-1e-05,0.00102,0.0001,-0,-1e-05,-1e-05,7e-05,-5e-05,-0.01283,-0.00062,0.00018,-0.00172,-5e-05,0,0,-0.01533,0.00163,-0.00079,-0.00182,4e-05,1e-05,1e-05
57.92,0.06483,0.00217,0.00018,0.00053,0.00015,0,0.0036,3e-05,-0.0002,0.00021,0,3e-05,-1e-05,0.00059,0.00017,0,1e-05,-1e-05,9e-05,-5e-05,-0.01129,-0.00079,0.00023,-0.0017,-5e-05,0,0,-0.01639,0.00103,-0.0006,-0.00183,3e-05,1e-05,1e-05
57.94,0.0624,0.00183,0.00017,0.00031,0.00034,0,0.00317,0.0001,-0.00021,0.00023,0,1e-05,-1e-05,0.00027,0.00022,-0,4e-05,-1e-05,0.0001,-5e-05,-0.00984,-0.00092,0.00029,-0.00171,-5e-05,0,0,-0.01681,0.00034,-0.00041,-0.00183,2e-05,1e-05,1e-05
57.96,0.05897,0.00161,0.00014,9e-05,0.0005,0,0.00278,0.00016,-0.00022,0.00024,0,1e-05,-1e-05,8e-05,0.00027,-0,8e-05,-1e-05,0.0001,-4e-05,-0.00851,-0.001,0.00033,-0.00175,-5e-05,0,0,-0.01664,-0.00044,-0.00021,-0.00182,1e-05,1e-05,1e-05
57.98,0.05459,0.00156,0.0001,-0.00012,0.00055,0,0.00243,0.0002,-0.00022,0.00024,0,0,-0,1e-05,0.00029,-1e-05,0.00013,-0,9e-05,-3e-05,-0.00733,-0.00101,0.00037,-0.00181,-5e-05,0,0,-0.01549,-0.00131,1e-05,-0.00183,0,2e-05,1e-05
58,0.04961,0.00167,6e-05,-0.00031,0.00053,0,0.0021,0.00021,-0.00022,0.00023,0,-0,-0,1e-05,0.00029,-1e-05,0.00019,-0,8e-05,-3e-05,-0.00631,-0.00095,0.00039,-0.00189,-4e-05,0,0,-0.0161,-0.00184,0.00015,-0.00041,-0,1e-05,-0
58.02,0.04439,0.00191,2e-05,-0.00047,0.0005,0,0.00174,0.00019,-0.0002,0.00018,0,-0,0,4e-05,0.00026,-0,0.00024,-0,6e-05,-2e-05,-0.00549,-0.00083,0.0004,-0.00196,-4e-05,-0,0,-0.02118,-0.00115,-0.00012,0.00382,-0,-1e-05,-3e-05
58.04,0.03892,0.00224,-1e-05,-0.00061,0.00045,0,0.00142,0.00016,-0.00018,0.00012,0,-1e-05,1e-05,9e-05,0.00022,1e-05,0.00028,-0,4e-05,-1e-05,-0.00487,-0.00065,0.0004,-0.00202,-4e-05,-0,0,-0.02876,0.00094,-0.00086,0.01002,1e-05,-3e-05,-5e-05
58.06,0.03318,0.00257,-4e-05,-0.00072,0.00039,0,0.00116,0.00012,-0.00016,7e-05,0,-1e-05,1e-05,0.00017,0.00017,2e-05,0.00032,-0,2e-05,-1e-05,-0.00442,-0.0004,0.00038,-0.00207,-3e-05,-0,-0,-0.03885,0.00455,-0.00206,0.01819,4e-05,-6e-05,-9e-05
58.08,0.02735,0.00279,-6e-05,-0.0008,0.00033,0,0.00094,8e-05,-0.00013,3e-05,0,-1e-05,1e-05,0.00026,0.00013,4e-05,0.00035,-0,1e-05,0,-0.00414,-0.00012,0.00034,-0.0021,-2e-05,-0,-0,-0.05136,0.00958,-0.00354,0.02796,8e-05,-9e-05,-0.00014
58.1,0.02202,0.00279,-9e-05,-0.00085,0.00025,0,0.00074,4e-05,-9e-05,-1e-05,0,-1e-05,2e-05,0.00031,9e-05,5e-05,0.00035,-0,0,1e-05,-0.00403,0.00016,0.00029,-0.00207,-1e-05,-0,-0,-0.06447,0.01549,-0.00493,0.03841,0.00013,-0.00012,-0.00019
58.12,0.0177,0.00248,-0.00012,-0.00089,0.00017,0,0.00055,-0,-6e-05,-4e-05,0,-1e-05,2e-05,0.00031,5e-05,6e-05,0.00028,-0,0,1e-05,-0.00412,0.00041,0.00024,-0.00191,-1e-05,-1e-05,-0,-0.07424,0.02109,-0.00569,0.04812,0.00019,-0.00014,-0.00023
58.14,0.01406,0.00188,-0.00014,-0.00091,8e-05,-0,0.00037,-6e-05,-2e-05,-6e-05,0,-1e-05,2e-05,0.00029,2e-05,7e-05,0.0002,-0,-0,1e-05,-0.00432,0.00058,0.00019,-0.00166,0,-1e-05,-0,-0.07992,0.02512,-0.00551,0.05582,0.00023,-0.00015,-0.00026
58.16,0.01084,0.00111,-0.00015,-0.00091,-1e-05,-0,0.0002,-0.00013,2e-05,-7e-05,0,-1e-05,2e-05,0.00026,-1e-05,6e-05,0.00013,-0,-0,1e-05,-0.00459,0.00064,0.00015,-0.00138,1e-05,-1e-05,-0,-0.0827,0.02674,-0.00448,0.06083,0.00024,-0.00015,-0.00026
58.18,0.00809,0.00027,-0.00013,-0.00088,-0.0001,-0,3e-05,-0.00023,5e-05,-6e-05,0,-1e-05,2e-05,0.00021,-3e-05,4e-05,7e-05,-0,-0,1e-05,-0.00488,0.00058,0.00012,-0.00105,2e-05,-1e-05,-1e-05,-0.08215,0.02546,-0.00279,0.06276,0.00021,-0.00013,-0.00024
58.2,0.00594,-0.00049,-0.00011,-0.00083,-0.00017,-0,-0.0001,-0.00034,8e-05,-5e-05,0,-1e-05,2e-05,0.00016,-4e-05,1e-05,1e-05,-0,0,1e-05,-0.00515,0.0004,0.0001,-0.00073,3e-05,-1e-05,-1e-05,-0.07884,0.02207,-0.00126,0.06175,0.00013,-0.0001,-0.00019
58.22,0.00442,-0.00107,-9e-05,-0.00078,-0.00021,-0,-0.00018,-0.00044,9e-05,-3e-05,0,-1e-05,1e-05,0.00011,-4e-05,-2e-05,-5e-05,-0,0,0,-0.00537,0.00012,8e-05,-0.00046,4e-05,-1e-05,-1e-05,-0.07383,0.01801,-0.00042,0.05868,1e-05,-7e-05,-0.00012
58.24,0.00328,-0.00146,-6e-05,-0.00072,-0.00019,-0,-0.00024,-0.00054,9e-05,-1e-05,0,-1e-05,1e-05,6e-05,-4e-05,-5e-05,-9e-05,-0,0,0,-0.00549,-0.00024,7e-05,-0.00023,5e-05,-1e-05,-1e-05,-0.06801,0.01369,-4e-05,0.05453,-0.00013,-4e-05,-6e-05
58.26,0.00234,-0.0017,-5e-05,-0.00064,-0.00013,-0,-0.00029,-0.00064,9e-05,-0,0,-0,0,2e-05,-3e-05,-9e-05,-0.00012,0,0,-0,-0.00547,-0.00066,6e-05,-4e-05,5e-05,-1e-05,-1e-05,-0.0622,0.00939,-7e-05,0.05002,-0.00028,-1e-05,1e-05
58.28,0.00155,-0.00181,-4e-05,-0.00056,-2e-05,-0,-0.00032,-0.00074,8e-05,0,0,-0,0,0,-2e-05,-0.00012,-0.00015,0,0,-0,-0.00529,-0.00112,5e-05,0.0001,5e-05,-1e-05,-1e-05,-0.05672,0.00561,-0.00055,0.04561,-0.00043,2e-05,8e-05
58.3,0.00093,-0.00179,-3e-05,-0.00047,0.00013,0,-0.00033,-0.00083,6e-05,-0,0,-1e-05,0,-1e-05,-2e-05,-0.00014,-0.00016,0,0,-0,-0.00492,-0.0016,3e-05,0.00015,5e-05,-1e-05,-1e-05,-0.05174,0.00293,-0.00128,0.04159,-0.00056,4e-05,0.00013
58.32,0.00052,-0.00169,-3e-05,-0.00038,0.00029,0,-0.00032,-0.0009,4e-05,-1e-05,0,-1e-05,0,-2e-05,-1e-05,-0.00015,-0.00016,0,-0,-0,-0.00435,-0.00209,1e-05,9e-05,5e-05,-1e-05,-1e-05,-0.04736,0.00141,-0.00183,0.0381,-0.00067,6e-05,0.00017
58.34,0.00021,-0.00152,-3e-05,-0.00029,0.00042,0,-0.00031,-0.00095,2e-05,-2e-05,0,-1e-05,0,-2e-05,-0,-0.00014,-0.00015,0,-0,0,-0.00365,-0.00257,-1e-05,1e-05,5e-05,-1e-05,-0,-0.04362,0.00051,-0.00219,0.03517,-0.00074,7e-05,0.0002
58.36,-8e-05,-0.00129,-2e-05,-0.00022,0.00052,0,-0.00027,-0.00098,0,-2e-05,0,-1e-05,0,-1e-05,0,-0.00012,-0.00014,0,-0,0,-0.0029,-0.00308,-3e-05,-0.0001,4e-05,-1e-05,-0,-0.04048,2e-05,-0.00249,0.03272,-0.00079,8e-05,0.00021
58.38,-0.00033,-0.00103,-1e-05,-0.00015,0.00059,0,-0.00023,-0.00098,-1e-05,-1e-05,-0,-2e-05,0,-1e-05,1e-05,-9e-05,-0.00012,0,-0,0,-0.00213,-0.00363,-6e-05,-0.00024,4e-05,-1e-05,-0,-0.03775,-0.00014,-0.00268,0.03058,-0.0008,8e-05,0.00022
58.4,-0.00052,-0.00073,-0,-0.0001,0.00061,0,-0.00019,-0.00096,-2e-05,-0,-0,-2e-05,1e-05,-0,1e-05,-6e-05,-9e-05,0,-0,1e-05,-0.00141,-0.00417,-9e-05,-0.00037,4e-05,-0,-0,-0.03542,-0.00011,-0.00269,0.02865,-0.00078,8e-05,0.00021
58.42,-0.00061,-0.00042,0,-5e-05,0.00061,0,-0.00014,-0.00091,-3e-05,-0,-0,-2e-05,1e-05,-0,1e-05,-3e-05,-6e-05,0,-0,1e-05,-0.0008,-0.00463,-0.00013,-0.00034,4e-05,-0,-0,-0.03345,-4e-05,-0.00251,0.02679,-0.00073,8e-05,0.0002
58.44,-0.00064,-0.00012,0,-2e-05,0.00057,0,-0.0001,-0.00083,-4e-05,-0,-0,-2e-05,1e-05,-0,1e-05,0,-3e-05,0,0,1e-05,-0.00032,-0.00505,-0.00017,-0.00021,4e-05,-0,-0,-0.03152,2e-05,-0.0022,0.0246,-0.00065,7e-05,0.00018
58.46,-0.00065,0.00017,-0,1e-05,0.00051,0,-6e-05,-0.00073,-4e-05,-0,-0,-3e-05,1e-05,0,2e-05,4e-05,-0,0,0,1e-05,-1e-05,-0.00544,-0.00022,-8e-05,4e-05,0,0,-0.02925,7e-05,-0.00187,0.02161,-0.00055,6e-05,0.00016
58.48,-0.00063,0.00044,-1e-05,4e-05,0.00045,0,-2e-05,-0.00061,-4e-05,0,-0,-2e-05,1e-05,0,2e-05,7e-05,2e-05,0,0,1e-05,0.00015,-0.00575,-0.00027,6e-05,4e-05,0,0,-0.02636,0.0001,-0.00151,0.01736,-0.00044,6e-05,0.00014
58.5,-0.00056,0.00068,-3e-05,6e-05,0.00037,0,1e-05,-0.00048,-5e-05,0,-0,-2e-05,1e-05,0,2e-05,9e-05,4e-05,0,-0,1e-05,0.00017,-0.00591,-0.00031,0.00019,4e-05,1e-05,0,-0.02257,7e-05,-0.00116,0.01137,-0.0003,6e-05,0.00012
58.52,-0.00044,0.00088,-5e-05,7e-05,0.0003,0,3e-05,-0.00033,-5e-05,-0,-0,-2e-05,1e-05,0,2e-05,0.00011,4e-05,0,-0,1e-05,7e-05,-0.00583,-0.00033,0.00031,4e-05,1e-05,0,-0.01755,1e-05,-0.00088,0.00309,-0.00016,6e-05,0.00012
58.54,-0.00029,0.00102,-8e-05,9e-05,0.00022,0,4e-05,-0.00017,-5e-05,-0,-0,-2e-05,1e-05,0,1e-05,0.00012,3e-05,0,-0,1e-05,-0.00011,-0.00549,-0.00031,0.0004,4e-05,1e-05,0,-0.01077,-1e-05,-0.00067,-0.00808,-1e-05,6e-05,0.00012
58.56,-0.00017,0.00109,-9e-05,0.0001,0.00015,0,4e-05,-1e-05,-5e-05,-1e-05,-0,-2e-05,1e-05,0,1e-05,0.00012,2e-05,0,-0,1e-05,-0.00035,-0.00487,-0.00024,0.00045,4e-05,1e-05,0,-0.00185,2e-05,-0.00054,-0.02249,0.00014,7e-05,0.00014
58.58,-7e-05,0.00109,-0.0001,0.00011,9e-05,0,3e-05,0.00016,-5e-05,-2e-05,-0,-1e-05,1e-05,-0,1e-05,0.00011,2e-05,0,-0,1e-05,-0.0006,-0.00394,-0.00014,0.00047,4e-05,1e-05,0,0.00934,0.00014,-0.00051,-0.04004,0.0003,9e-05,0.00017
58.6,1e-05,0.00099,-0.0001,0.00011,4e-05,0,2e-05,0.00031,-5e-05,-2e-05,-0,-1e-05,1e-05,-1e-05,0,0.0001,1e-05,0,-0,0,-0.00084,-0.00287,-2e-05,0.00041,4e-05,1e-05,0,0.02259,0.00037,-0.00052,-0.06023,0.00047,0.00012,0.00021
58.62,7e-05,0.00078,-9e-05,0.00011,-0,0,1e-05,0.00046,-5e-05,-2e-05,-0,-1e-05,1e-05,-2e-05,-0,8e-05,1e-05,0,-0,0,-0.00101,-0.00177,0.0001,0.00029,3e-05,1e-05,0,0.0372,0.00062,-0.00053,-0.08197,0.00064,0.00014,0.00025
58.64,9e-05,0.00051,-8e-05,0.0001,-3e-05,0,0,0.00058,-6e-05,-2e-05,-0,-0,1e-05,-4e-05,-0,6e-05,0,0,0,0,-0.0011,-0.00068,0.00019,0.00017,3e-05,1e-05,0,0.05199,0.0008,-0.00052,-0.10322,0.00079,0.00017,0.00028
58.66,4e-05,0.00025,-5e-05,8e-05,-4e-05,0,0,0.00067,-7e-05,-1e-05,-0,0,1e-05,-5e-05,1e-05,4e-05,-0,0,0,-0,-0.00113,0.00033,0.00024,5e-05,2e-05,1e-05,0,0.06528,0.0009,-0.00047,-0.12089,0.0009,0.00018,0.0003
58.68,-5e-05,5e-05,-2e-05,5e-05,-4e-05,0,0,0.00072,-7e-05,1e-05,-0,0,1e-05,-6e-05,2e-05,2e-05,-0,0,0,-1e-05,-0.0011,0.00116,0.00025,-6e-05,2e-05,0,0,0.07501,0.00112,-0.00042,-0.13058,0.00098,0.00018,0.0003
58.7,-0.00017,-3e-05,-0,0,-3e-05,0,2e-05,0.00073,-7e-05,3e-05,-0,1e-05,1e-05,-7e-05,4e-05,-0,0,0,1e-05,-1e-05,-0.00103,0.00176,0.00023,-0.00014,1e-05,0,0,0.07887,0.00083,-0.00028,-0.13194,0.00096,0.00016,0.00027
58.72,-0.00031,5e-05,1e-05,-5e-05,-1e-05,0,4e-05,0.00071,-6e-05,6e-05,-0,1e-05,1e-05,-6e-05,8e-05,-2e-05,1e-05,0,1e-05,-1e-05,-0.00098,0.00211,0.0002,-0.00019,1e-05,0,0,0.07582,-0.00071,-3e-05,-0.12672,0.00078,0.00013,0.00021
58.74,-0.00043,0.0003,-0,-0.00012,1e-05,-0,7e-05,0.00065,-4e-05,9e-05,-0,1e-05,1e-05,-5e-05,0.00011,-4e-05,2e-05,0,1e-05,-1e-05,-0.00092,0.00221,0.00016,-0.00019,1e-05,0,0,0.06658,-0.00218,8e-05,-0.11077,0.00053,8e-05,0.00013
58.76,-0.00049,0.0007,-2e-05,-0.00018,4e-05,-0,0.00011,0.00055,-1e-05,0.00012,-0,1e-05,1e-05,-2e-05,0.00015,-5e-05,3e-05,0,1e-05,-2e-05,-0.00086,0.0021,0.00013,-0.00017,1e-05,0,0,0.0536,-0.00259,-3e-05,-0.08569,0.00031,4e-05,6e-05
58.78,-0.00046,0.00124,-6e-05,-0.00026,8e-05,0,0.00015,0.00041,2e-05,0.00015,-0,1e-05,1e-05,2e-05,0.00019,-6e-05,4e-05,-0,2e-05,-2e-05,-0.00079,0.00183,0.00011,-0.0001,1e-05,0,0,0.04005,-0.00198,-0.00026,-0.05905,0.00012,1e-05,0
58.8,-0.00033,0.00187,-9e-05,-0.00032,0.00012,0,0.00018,0.00027,6e-05,0.00018,-0,1e-05,0,5e-05,0.00022,-6e-05,5e-05,0,2e-05,-2e-05,-0.00072,0.00147,0.00011,-2e-05,2e-05,0,-0,0.02725,-0.00111,-0.00045,-0.03416,2e-05,-0,-3e-05
58.82,-0.00011,0.00249,-0.00011,-0.00038,0.00015,0,0.00019,0.00018,0.0001,0.00023,-0,1e-05,-0,8e-05,0.00025,-6e-05,6e-05,0,2e-05,-2e-05,-0.00066,0.00107,0.00013,7e-05,2e-05,0,-0,0.01688,-0.00036,-0.00047,-0.01495,-2e-05,-0,-4e-05
58.84,0.00015,0.0031,-0.00012,-0.00043,0.00019,0,0.00018,0.00012,0.00012,0.00029,-0,0,-0,0.00012,0.00026,-4e-05,8e-05,0,2e-05,-1e-05,-0.00065,0.00058,0.00013,0.00011,1e-05,-0,-0,0.01049,0.00053,-0.0003,-0.00384,-4e-05,-0,-2e-05
58.86,0.00042,0.00369,-0.0001,-0.00046,0.00023,0,0.00015,7e-05,0.00013,0.00034,-0,0,-0,0.00014,0.00027,-2e-05,0.0001,0,2e-05,-1e-05,-0.00077,0.00015,7e-05,-7e-05,-1e-05,0,0,0.00747,0.00124,-2e-05,0.00105,-7e-05,1e-05,-0
58.88,0.00065,0.00423,-4e-05,-0.00049,0.00028,0,0.00012,5e-05,0.00013,0.00038,-0,0,-1e-05,0.00016,0.00027,1e-05,0.00012,0,2e-05,-1e-05,-0.00102,-1e-05,-4e-05,-0.00049,-4e-05,0,0,0.00752,0.00084,-0.00032,0.00156,-7e-05,1e-05,1e-05
58.9,0.00078,0.00467,3e-05,-0.00051,0.00032,0,7e-05,5e-05,0.00011,0.00043,0,0,-1e-05,0.00019,0.00026,4e-05,0.00014,0,2e-05,-0,-0.00149,0.0002,-0.00019,-0.00118,-9e-05,0,1e-05,0.00876,-0.00035,-0.00139,0.00083,-6e-05,0,1e-05
58.92,0.00076,0.00495,0.00012,-0.00053,0.00035,0,3e-05,5e-05,8e-05,0.00048,0,0,-1e-05,0.00023,0.00024,5e-05,0.00019,0,2e-05,-0,-0.00229,0.0008,-0.00032,-0.00213,-0.00015,0,1e-05,0.00977,-0.00138,-0.00253,0.00034,-5e-05,-1e-05,1e-05
58.94,0.00061,0.00507,0.00023,-0.00055,0.00036,0,-1e-05,6e-05,4e-05,0.00053,0,0,-1e-05,0.00029,0.00021,6e-05,0.00024,0,2e-05,-0,-0.00357,0.00171,-0.00037,-0.00321,-0.00023,1e-05,3e-05,0.01066,-0.00192,-0.00343,0.00012,-4e-05,-1e-05,1e-05
58.96,0.00036,0.00504,0.00035,-0.00058,0.00036,0,-2e-05,6e-05,2e-05,0.00055,0,0,-1e-05,0.00034,0.00019,7e-05,0.00029,0,2e-05,0,-0.0055,0.00276,-0.00029,-0.00421,-0.00034,2e-05,5e-05,0.01167,-0.00186,-0.00387,0.00011,-3e-05,-1e-05,1e-05
58.98,7e-05,0.00486,0.0005,-0.0006,0.00035,0,-3e-05,7e-05,1e-05,0.00055,0,0,-1e-05,0.00038,0.00016,7e-05,0.00034,0,2e-05,0,-0.00823,0.00381,-8e-05,-0.00494,-0.00047,4e-05,9e-05,0.01296,-0.00137,-0.00363,0.00025,-2e-05,-1e-05,0
59,-0.00019,0.0045,0.00068,-0.00062,0.00031,0,-2e-05,6e-05,0,0.00053,0,0,-1e-05,0.0004,0.00015,6e-05,0.00037,0,1e-05,0,-0.01186,0.00472,0.00017,-0.0052,-0.00061,7e-05,0.00014,0.01486,-0.00065,-0.00287,0.00047,-2e-05,-1e-05,0
59.02,-0.00034,0.00396,0.00087,-0.00064,0.00025,0,0,4e-05,-0,0.00047,0,0,-1e-05,0.00038,0.00014,5e-05,0.00038,0,1e-05,0,-0.01652,0.00543,0.00035,-0.005,-0.00075,0.0001,0.00018,0.01774,0.00014,-0.00181,0.00084,-1e-05,-0,0
59.04,-0.00033,0.00329,0.00106,-0.00066,0.00018,0,3e-05,2e-05,-0,0.00038,0,0,-1e-05,0.00033,0.00014,4e-05,0.00037,0,1e-05,0,-0.02193,0.00598,0.00042,-0.00452,-0.00085,0.00012,0.00022,0.02174,0.00091,-0.00038,0.00137,-1e-05,-0,0
59.06,-0.00016,0.00258,0.00123,-0.00067,0.0001,0,5e-05,1e-05,-0,0.00026,0,0,-2e-05,0.00026,0.00015,3e-05,0.00034,0,1e-05,0,-0.02765,0.00641,0.00029,-0.00404,-0.00091,0.00013,0.00025,0.02678,0.00146,0.00116,0.00199,-1e-05,-0,0
59.08,0.00017,0.00184,0.00135,-0.00069,2e-05,0,8e-05,-1e-05,-0,0.00012,0,0,-2e-05,0.00018,0.00016,3e-05,0.0003,0,1e-05,0,-0.03338,0.00671,0,-0.00384,-0.0009,0.00013,0.00025,0.03239,0.00154,0.0023,0.00267,-1e-05,0,0
59.1,0.00056,0.00113,0.00137,-0.00071,-4e-05,0,0.0001,-2e-05,-0,-4e-05,0,1e-05,-2e-05,9e-05,0.00019,2e-05,0.00023,0,0,-0,-0.03846,0.00676,-0.00042,-0.0042,-0.00085,0.00012,0.00023,0.03941,0.0009,0.00268,0.00351,-2e-05,0,0
59.12,0.00086,0.00049,0.00126,-0.00073,-8e-05,0,0.00011,-2e-05,0,-0.00021,0,1e-05,-2e-05,-0,0.00022,1e-05,0.00013,0,0,-0,-0.04221,0.00643,-0.00096,-0.00533,-0.00076,0.0001,0.0002,0.04894,-0.00077,0.0023,0.00473,-3e-05,0,0
59.14,0.00103,-5e-05,0.00106,-0.00077,-0.0001,0,0.00012,-3e-05,1e-05,-0.00035,0,1e-05,-1e-05,-6e-05,0.00026,1e-05,5e-05,0,0,-0,-0.04454,0.00576,-0.00148,-0.00737,-0.00064,7e-05,0.00015,0.05815,-0.00384,0.0008,0.00628,-4e-05,0,0
59.16,0.00111,-0.00047,0.00077,-0.00079,-9e-05,-0,0.00012,-4e-05,1e-05,-0.00049,-0,1e-05,-1e-05,-9e-05,0.0003,-0,-2e-05,0,0,-1e-05,-0.04544,0.00483,-0.00188,-0.01033,-0.00051,5e-05,0.0001,0.06361,-0.00837,-0.00197,0.00781,-5e-05,0,0
59.18,0.00116,-0.00074,0.00045,-0.00081,-5e-05,0,0.00013,-5e-05,1e-05,-0.0006,-0,1e-05,-0,-8e-05,0.00034,-1e-05,-8e-05,0,-0,-1e-05,-0.04499,0.00375,-0.00208,-0.01402,-0.00039,2e-05,4e-05,0.06401,-0.01403,-0.00546,0.00929,-6e-05,0,0
59.2,0.00104,-0.00086,0.00012,-0.00082,1e-05,0,0.00012,-6e-05,1e-05,-0.00068,-0,1e-05,1e-05,-4e-05,0.00036,-2e-05,-0.00012,0,-0,-1e-05,-0.04288,0.00234,-0.00221,-0.01818,-0.00027,-1e-05,-1e-05,0.0595,-0.0192,-0.00873,0.01024,-6e-05,0,0
59.22,0.00057,-0.00079,-0.0002,-0.00081,6e-05,0,0.00011,-9e-05,1e-05,-0.0007,-0,1e-05,2e-05,1e-05,0.00037,-3e-05,-0.00013,0,-1e-05,-0,-0.03903,0.0002,-0.00243,-0.02248,-0.00018,-3e-05,-5e-05,0.05116,-0.02151,-0.01072,0.01031,-4e-05,0,0
59.24,0.0001,-0.00056,-0.00049,-0.00078,0.00013,0,8e-05,-0.00013,1e-05,-0.00066,-0,1e-05,4e-05,6e-05,0.00036,-4e-05,-0.00011,0,-1e-05,-0,-0.03426,-0.00209,-0.00251,-0.02653,-0.0001,-4e-05,-8e-05,0.03953,-0.0208,-0.01125,0.00952,-2e-05,-0,0
59.26,-0.00014,-0.00022,-0.00076,-0.00071,0.00019,0,6e-05,-0.00018,1e-05,-0.0006,-0,0,4e-05,9e-05,0.00032,-4e-05,-9e-05,0,-1e-05,0,-0.0291,-0.00402,-0.00231,-0.02994,-4e-05,-5e-05,-0.0001,0.0269,-0.01797,-0.01067,0.00798,-1e-05,-0,0
59.28,-0.00029,0.00013,-0.00103,-0.00061,0.00025,0,4e-05,-0.00026,0,-0.0005,0,0,5e-05,9e-05,0.00027,-4e-05,-5e-05,0,-1e-05,0,-0.02368,-0.00577,-0.00189,-0.03238,0,-5e-05,-0.00011,0.01644,-0.01348,-0.00913,0.00589,0,-0,0
59.3,-0.00031,0.00037,-0.00127,-0.00048,0.00031,0,2e-05,-0.00034,-0,-0.00039,0,0,5e-05,6e-05,0.00022,-4e-05,-2e-05,0,-1e-05,0,-0.01824,-0.00645,-0.00119,-0.03348,3e-05,-5e-05,-0.00011,0.009,-0.00953,-0.00746,0.00372,0,-0,-0
59.32,-0.00017,0.0004,-0.00144,-0.00034,0.00029,0,4e-05,-0.00041,-1e-05,-0.00032,0,-0,4e-05,-1e-05,0.00017,-3e-05,-1e-05,0,-2e-05,0,-0.01307,-0.00562,-0.00029,-0.03287,6e-05,-5e-05,-0.0001,0.00386,-0.00718,-0.0062,0.00195,-0,-0,-0
59.34,-3e-05,0.00031,-0.00151,-0.00018,0.00024,0,6e-05,-0.00047,-1e-05,-0.00024,0,-0,2e-05,-8e-05,0.00011,-3e-05,-0,0,-2e-05,-0,-0.00841,-0.00434,0.00059,-0.03026,8e-05,-4e-05,-0.0001,0.00115,-0.00534,-0.00493,0.00067,-1e-05,-0,-0
59.36,2e-05,0.00016,-0.00147,-3e-05,0.00018,0,8e-05,-0.00053,-1e-05,-0.00015,0,-0,2e-05,-0.00015,6e-05,-1e-05,0,0,-2e-05,-0,-0.00439,-0.00316,0.0014,-0.02554,0.0001,-4e-05,-9e-05,0.00046,-0.00354,-0.00351,-0.00017,-1e-05,-0,-0
59.38,2e-05,-1e-05,-0.0013,0.00012,0.00013,0,9e-05,-0.00057,-1e-05,-6e-05,0,-1e-05,1e-05,-0.00021,2e-05,0,-0,0,-2e-05,-0,-0.00104,-0.00198,0.0021,-0.01889,0.00012,-3e-05,-8e-05,0.00047,-0.00192,-0.0021,-0.00062,-1e-05,-0,-0
59.4,-6e-05,-0.00019,-0.00104,0.00025,8e-05,0,0.0001,-0.00057,-1e-05,0,0,-1e-05,0,-0.00026,-1e-05,2e-05,-1e-05,0,-2e-05,-0,0.00165,-0.00079,0.00263,-0.01046,0.00014,-3e-05,-6e-05,8e-05,-0.00052,-0.00089,-0.00083,-1e-05,-0,-1e-05
59.42,-0.00026,-0.00031,-0.00071,0.00037,5e-05,0,0.0001,-0.00052,-1e-05,7e-05,0,-1e-05,0,-0.00028,-2e-05,3e-05,-1e-05,0,-1e-05,-0,0.00366,0.00025,0.00293,-0.00086,0.00015,-2e-05,-5e-05,-0.00101,0.00076,7e-05,-0.00097,-1e-05,-0,-1e-05
59.44,-0.00061,-0.00035,-0.00037,0.00046,2e-05,0,8e-05,-0.00045,-2e-05,0.00013,0,-1e-05,-0,-0.00026,-2e-05,4e-05,-1e-05,-0,-1e-05,-0,0.00499,0.00098,0.00299,0.00906,0.00016,-1e-05,-3e-05,-0.00281,0.00193,0.00082,-0.00104,-0,-0,-1e-05
59.46,-0.00108,-0.00035,-5e-05,0.00053,1e-05,0,6e-05,-0.00035,-2e-05,0.0002,0,-1e-05,-0,-0.00023,0,4e-05,-1e-05,-0,-1e-05,-0,0.00574,0.00145,0.00284,0.01898,0.00015,-0,-1e-05,-0.00553,0.00288,0.00129,-0.00101,-0,-0,-1e-05
59.48,-0.00166,-0.0003,0.00021,0.00058,1e-05,0,1e-05,-0.00025,-2e-05,0.00025,0,-1e-05,-0,-0.00017,4e-05,4e-05,-1e-05,-0,-1e-05,0,0.00599,0.0017,0.00254,0.02867,0.00013,1e-05,2e-05,-0.00911,0.00356,0.00149,-0.00091,0,-1e-05,-1e-05
59.5,-0.00226,-0.00023,0.00037,0.00062,1e-05,0,-7e-05,-0.00016,-2e-05,0.0003,0,-1e-05,-0,-0.00011,8e-05,3e-05,-0,-0,-1e-05,0,0.00581,0.0018,0.00209,0.03779,0.00011,2e-05,4e-05,-0.01331,0.00391,0.00147,-0.00078,1e-05,-1e-05,-1e-05
59.52,-0.00272,-0.00016,0.00043,0.00064,1e-05,0,-0.00016,-9e-05,-1e-05,0.00031,0,-1e-05,-0,-6e-05,0.00012,2e-05,0,-0,-1e-05,0,0.00528,0.00183,0.00152,0.04589,8e-05,3e-05,7e-05,-0.01785,0.00386,0.00125,-0.00069,1e-05,-1e-05,-1e-05
59.54,-0.00314,-9e-05,0.00041,0.00065,1e-05,0,-0.00025,-4e-05,-1e-05,0.00031,0,-1e-05,-0,-1e-05,0.00016,1e-05,0,-0,-1e-05,0,0.00449,0.00177,0.00104,0.05287,6e-05,4e-05,9e-05,-0.02265,0.00352,0.00092,-0.00066,1e-05,-1e-05,-1e-05
59.56,-0.00359,-5e-05,0.00033,0.00066,1e-05,0,-0.00035,-1e-05,-0,0.00028,0,-1e-05,-1e-05,2e-05,0.0002,1e-05,0,-0,-1e-05,0,0.0035,0.00161,0.00074,0.05888,4e-05,5e-05,0.0001,-0.02783,0.00303,0.00055,-0.00071,2e-05,-1e-05,-1e-05
59.58,-0.00402,-1e-05,0.00023,0.00066,0,0,-0.00047,-0,0,0.00024,0,-1e-05,-1e-05,4e-05,0.00022,0,-1e-05,-0,-1e-05,0,0.00238,0.0014,0.00056,0.06383,2e-05,5e-05,0.00012,-0.0334,0.00244,0.00015,-0.00089,2e-05,-1e-05,-1e-05
59.6,-0.00454,2e-05,0.00014,0.00066,-0,0,-0.00059,-0,1e-05,0.00016,0,-1e-05,-1e-05,4e-05,0.00024,-0,-2e-05,-0,-1e-05,0,0.00124,0.00113,0.00047,0.06763,0,6e-05,0.00013,-0.03902,0.00192,-0.0002,-0.00123,3e-05,-1e-05,-1e-05
59.62,-0.00527,4e-05,8e-05,0.00066,-1e-05,-0,-0.00068,-1e-05,1e-05,5e-05,0,-1e-05,-1e-05,3e-05,0.00024,-1e-05,-2e-05,-0,-1e-05,0,0.00017,0.00079,0.00044,0.07015,-2e-05,7e-05,0.00014,-0.04416,0.00166,-0.00045,-0.00174,3e-05,-1e-05,-1e-05
59.64,-0.00611,5e-05,3e-05,0.00066,-1e-05,-0,-0.00075,-2e-05,1e-05,-5e-05,0,-1e-05,-1e-05,1e-05,0.00023,-1e-05,-2e-05,0,-1e-05,0,-0.00077,0.00047,0.00042,0.07138,-5e-05,8e-05,0.00015,-0.0489,0.00157,-0.00063,-0.00241,4e-05,-1e-05,-0
59.66,-0.00696,4e-05,0,0.00065,-2e-05,-0,-0.00081,-3e-05,2e-05,-0.00015,0,-1e-05,-1e-05,-2e-05,0.0002,-1e-05,-2e-05,0,-1e-05,0,-0.0015,0.00019,0.00038,0.07132,-8e-05,9e-05,0.00016,-0.05336,0.00154,-0.00078,-0.00319,4e-05,-1e-05,-0
59.68,-0.00777,1e-05,-2e-05,0.00065,-3e-05,-0,-0.00084,-4e-05,2e-05,-0.00025,-0,-1e-05,-1e-05,-5e-05,0.00016,-1e-05,-2e-05,0,-0,0,-0.00197,-5e-05,0.00032,0.06989,-0.00012,0.0001,0.00018,-0.05714,0.00156,-0.0009,-0.00408,5e-05,-1e-05,-0
59.7,-0.0086,-4e-05,-4e-05,0.00065,-3e-05,-0,-0.00084,-4e-05,2e-05,-0.00034,-0,-1e-05,-1e-05,-8e-05,0.00011,-1e-05,-2e-05,0,-0,0,-0.00218,-0.00024,0.00025,0.06729,-0.00016,0.00011,0.00019,-0.0601,0.0015,-0.00101,-0.00491,5e-05,-1e-05,-0
59.72,-0.00954,-0.00012,-6e-05,0.00064,-4e-05,-0,-0.00083,-5e-05,2e-05,-0.00043,-0,-1e-05,-0,-0.0001,5e-05,-1e-05,-2e-05,0,-0,1e-05,-0.00216,-0.00042,0.00015,0.06375,-0.00019,0.00012,0.00019,-0.06223,0.00125,-0.00115,-0.00539,6e-05,-1e-05,-0
59.74,-0.01041,-0.00022,-0.0001,0.00061,-5e-05,-0,-0.00077,-5e-05,2e-05,-0.00051,-0,-1e-05,-0,-0.0001,-2e-05,-1e-05,-1e-05,0,-0,1e-05,-0.00191,-0.00052,8e-05,0.05914,-0.0002,0.00012,0.00019,-0.06319,0.00092,-0.0013,-0.00548,6e-05,-0,-0
59.76,-0.01104,-0.00033,-0.00016,0.00058,-6e-05,-0,-0.00068,-5e-05,2e-05,-0.00059,-0,-1e-05,0,-0.0001,-9e-05,-1e-05,-1e-05,0,-0,1e-05,-0.00148,-0.0005,3e-05,0.05342,-0.0002,0.00011,0.00017,-0.06256,0.0006,-0.00144,-0.00535,6e-05,-0,-0
59.78,-0.01147,-0.00042,-0.00023,0.00055,-6e-05,-0,-0.00056,-6e-05,2e-05,-0.00066,-0,-1e-05,0,-9e-05,-0.00017,-1e-05,0,0,-1e-05,1e-05,-0.00094,-0.00039,1e-05,0.04677,-0.00017,0.0001,0.00015,-0.05993,0.00035,-0.0015,-0.00509,6e-05,-0,-0
59.8,-0.01162,-0.00048,-0.00032,0.00051,-6e-05,-0,-0.00042,-6e-05,3e-05,-0.00071,-0,-1e-05,1e-05,-8e-05,-0.00024,-1e-05,0,-0,-1e-05,1e-05,-0.00043,-0.0002,0,0.0397,-0.00013,8e-05,0.00012,-0.05602,0.00015,-0.0015,-0.00454,7e-05,-0,-0
59.82,-0.01138,-0.0005,-0.00042,0.00047,-7e-05,-0,-0.00028,-6e-05,3e-05,-0.00072,-0,-1e-05,1e-05,-5e-05,-0.00031,-2e-05,-0,0,-1e-05,2e-05,-4e-05,2e-05,1e-05,0.03268,-9e-05,6e-05,8e-05,-0.05166,3e-05,-0.00143,-0.0034,7e-05,-0,0
59.84,-0.0109,-0.00047,-0.0005,0.00042,-7e-05,-0,-0.00015,-7e-05,4e-05,-0.0007,-0,-0,2e-05,-3e-05,-0.00036,-2e-05,-0,0,-1e-05,2e-05,0.00019,0.00018,2e-05,0.02579,-5e-05,4e-05,5e-05,-0.04614,-0,-0.00122,-0.00211,7e-05,-0,0
59.86,-0.01027,-0.00041,-0.00056,0.00038,-7e-05,-0,-3e-05,-7e-05,4e-05,-0.00064,-0,-0,3e-05,-1e-05,-0.0004,-2e-05,-0,1e-05,-1e-05,3e-05,0.00025,0.00025,3e-05,0.01929,-1e-05,2e-05,3e-05,-0.03909,-1e-05,-0.0009,-0.00113,7e-05,-0,0
59.88,-0.00954,-0.00032,-0.0006,0.00033,-7e-05,-0,6e-05,-7e-05,3e-05,-0.00056,-0,-0,4e-05,0,-0.00043,-3e-05,0,2e-05,-1e-05,3e-05,0.00019,0.00024,3e-05,0.01358,1e-05,1e-05,1e-05,-0.031,-7e-05,-0.00056,-0.00044,7e-05,-0,-0
59.9,-0.00868,-0.00022,-0.0006,0.00028,-7e-05,-0,0.00012,-7e-05,2e-05,-0.00045,-0,-0,4e-05,1e-05,-0.00043,-3e-05,0,5e-05,-1e-05,3e-05,9e-05,0.00016,3e-05,0.00888,2e-05,0,-0,-0.02335,-0.00019,-0.00029,-0.00014,7e-05,-0,-0
59.92,-0.00767,-0.00011,-0.00058,0.00024,-7e-05,-0,0.00015,-8e-05,3e-05,-0.00029,-0,0,5e-05,1e-05,-0.00042,-3e-05,1e-05,9e-05,-1e-05,3e-05,2e-05,7e-05,3e-05,0.00521,2e-05,-0,-0,-0.01729,-0.00034,-0.00014,-0.00019,7e-05,0,-0
59.94,-0.00664,-1e-05,-0.00054,0.0002,-6e-05,-0,0.00017,-8e-05,5e-05,-0.00013,-0,0,6e-05,1e-05,-0.00038,-3e-05,1e-05,0.00014,-0,4e-05,-1e-05,-3e-05,2e-05,0.00253,1e-05,-0,-0,-0.01221,-0.00049,-5e-05,-0.0004,6e-05,0,-0
59.96,-0.00568,6e-05,-0.00049,0.00017,-6e-05,-0,0.00017,-0.0001,7e-05,2e-05,-0,0,6e-05,0,-0.00034,-2e-05,1e-05,0.00022,-0,3e-05,2e-05,-0.0001,2e-05,0.0007,0,-0,-0,-0.00783,-0.00063,-1e-05,-0.00066,6e-05,0,0
59.98,-0.00478,0.00011,-0.00042,0.00013,-5e-05,-0,0.00015,-0.00013,0.0001,0.00016,0,-0,6e-05,0,-0.00028,-2e-05,0,0.00029,-0,2e-05,0.00011,-0.00012,2e-05,-0.00046,-1e-05,0,-0,-0.00446,-0.00073,0,-0.00082,5e-05,0,0
60,-0.00392,0.00014,-0.00034,9e-05,-4e-05,-0,0.00012,-0.00016,0.00011,0.00025,0,-0,6e-05,0,-0.00022,-1e-05,-1e-05,0.00038,0,1e-05,0.00021,-8e-05,0,-0.00081,-1e-05,0,0,-0.00218,-0.00079,1e-05,-0.00096,4e-05,0,0
60.02,-0.0031,0.00015,-0.00026,6e-05,-4e-05,-0,8e-05,-0.00019,0.0001,0.00023,0,-0,5e-05,0,-0.00016,-1e-05,-1e-05,0.00049,0,-0,0.00029,-2e-05,-1e-05,-0.00075,-1e-05,0,0,-0.00087,-0.00083,0,-0.00111,3e-05,0,0
60.04,-0.00237,0.00015,-0.00018,3e-05,-3e-05,-0,3e-05,-0.00019,8e-05,0.00018,0,-0,4e-05,0,-0.00011,-1e-05,-1e-05,0.00058,0,-1e-05,0.00038,4e-05,-1e-05,-0.00069,-1e-05,0,0,-0.00021,-0.00085,0,-0.0011,2e-05,0,0
60.06,-0.00173,0.00014,-0.00012,0,-2e-05,-0,-2e-05,-0.00018,5e-05,0.00013,0,-0,2e-05,0,-7e-05,-1e-05,-1e-05,0.00061,0,-2e-05,0.00048,0.0001,-1e-05,-0.00062,-1e-05,0,0,7e-05,-0.00084,-1e-05,-0.00093,2e-05,0,0
60.08,-0.00117,0.00012,-6e-05,-2e-05,-1e-05,-0,-6e-05,-0.00015,2e-05,8e-05,0,-0,1e-05,0,-4e-05,-0,-0,0.0006,0,-3e-05,0.00057,0.00016,-1e-05,-0.00056,-1e-05,0,0,0.00014,-0.00082,-1e-05,-0.00071,1e-05,0,0
60.1,-0.0007,0.0001,-2e-05,-5e-05,-1e-05,-0,-0.0001,-0.00011,-1e-05,2e-05,0,-0,0,0,-1e-05,-0,0,0.00053,0,-3e-05,0.00066,0.00021,-1e-05,-0.00049,-1e-05,0,0,0.00012,-0.00079,-2e-05,-0.00048,1e-05,0,0
60.12,-0.00032,8e-05,1e-05,-7e-05,-0,-0,-0.00012,-6e-05,-2e-05,-4e-05,0,-0,-1e-05,-0,-0,-0,0,0.0004,0,-3e-05,0.00073,0.00025,-0,-0.00044,-1e-05,0,0,0.0001,-0.00074,-2e-05,-0.00028,0,0,0
60.14,-3e-05,6e-05,3e-05,-8e-05,-0,-0,-0.00012,-3e-05,-1e-05,-8e-05,0,-0,-2e-05,-0,0,-0,1e-05,0.00027,-0,-3e-05,0.00077,0.00027,0,-0.00038,-1e-05,0,0,9e-05,-0.00069,-3e-05,-0.00013,0,0,0
60.16,0.00017,5e-05,3e-05,-9e-05,0,-0,-0.00012,-1e-05,1e-05,-0.00011,0,-0,-2e-05,-0,0,-0,0,0.00018,-0,-2e-05,0.00079,0.00027,1e-05,-0.00033,-1e-05,0,0,0.00011,-0.00062,-2e-05,-3e-05,-0,0,0
60.18,0.00028,3e-05,3e-05,-9e-05,0,-0,-0.0001,-0,2e-05,-0.00012,0,-0,-2e-05,-0,0,-0,0,0.00011,-0,-2e-05,0.00078,0.00026,2e-05,-0.00029,-1e-05,0,0,0.00014,-0.00055,-2e-05,3e-05,-0,0,0
60.2,0.00034,2e-05,2e-05,-8e-05,1e-05,-0,-8e-05,0,3e-05,-0.00013,0,-0,-2e-05,-0,-0,0,-0,6e-05,0,-1e-05,0.00075,0.00023,3e-05,-0.00024,-1e-05,0,0,0.00018,-0.00048,-2e-05,6e-05,-0,0,0
60.22,0.00036,1e-05,2e-05,-7e-05,1e-05,-0,-6e-05,0,2e-05,-0.00012,0,-0,-2e-05,-0,-1e-05,0,-1e-05,3e-05,0,-1e-05,0.0007,0.0002,3e-05,-0.00021,-1e-05,0,0,0.0002,-0.00042,-1e-05,6e-05,-0,0,0
60.24,0.00036,0,1e-05,-6e-05,1e-05,-0,-3e-05,-0,1e-05,-0.0001,0,-0,-2e-05,-0,-2e-05,0,-1e-05,1e-05,0,-1e-05,0.00064,0.00017,3e-05,-0.00018,-1e-05,0,0,0.00021,-0.00037,-1e-05,6e-05,-0,0,0
60.26,0.00034,-0,1e-05,-4e-05,1e-05,-0,-0,-1e-05,1e-05,-9e-05,0,-0,-1e-05,-0,-2e-05,0,-1e-05,-1e-05,-0,-0,0.00056,0.00014,3e-05,-0.00015,-1e-05,0,0,0.0002,-0.00032,-0,5e-05,-0,0,0
60.28,0.00032,-0,1e-05,-3e-05,1e-05,-0,3e-05,-1e-05,0,-7e-05,0,-0,-1e-05,-0,-2e-05,0,-1e-05,-1e-05,-0,0,0.00047,0.00012,3e-05,-0.00012,-1e-05,0,0,0.00018,-0.00027,0,4e-05,-0,0,0
60.3,0.00031,0,0,-1e-05,1e-05,-0,6e-05,-2e-05,-0,-5e-05,0,-0,-1e-05,-1e-05,-2e-05,0,-1e-05,-2e-05,-0,0,0.00037,0.0001,2e-05,-9e-05,-0,0,0,0.00015,-0.00023,0,3e-05,-0,0,0
60.32,0.0003,1e-05,0,0,1e-05,-0,9e-05,-2e-05,-0,-4e-05,0,-0,-1e-05,-1e-05,-2e-05,0,-1e-05,-2e-05,-0,1e-05,0.00027,0.0001,2e-05,-6e-05,-0,0,0,0.00011,-0.0002,0,3e-05,-0,0,0
60.34,0.0003,1e-05,0,1e-05,1e-05,-0,0.00011,-2e-05,-0,-4e-05,0,-0,-1e-05,-1e-05,-2e-05,0,-1e-05,-2e-05,-0,1e-05,0.00016,0.0001,1e-05,-4e-05,-0,0,0,7e-05,-0.00017,-0,2e-05,-0,0,0
60.36,0.0003,2e-05,-0,2e-05,0,-0,0.00013,-2e-05,-0,-3e-05,0,0,-1e-05,-1e-05,-2e-05,0,-1e-05,-2e-05,-0,1e-05,4e-05,0.0001,1e-05,-1e-05,0,-0,-0,4e-05,-0.00014,-0,2e-05,-0,0,0
60.38,0.0003,2e-05,-0,2e-05,0,-0,0.00014,-2e-05,-0,-3e-05,0,0,-1e-05,-1e-05,-2e-05,0,-1e-05,-1e-05,-0,1e-05,-8e-05,0.00011,0,1e-05,0,-0,-0,1e-05,-0.00012,-1e-05,2e-05,-0,0,0
60.4,0.0003,2e-05,-0,2e-05,0,-0,0.00014,-1e-05,-0,-3e-05,0,0,-1e-05,-1e-05,-2e-05,0,-1e-05,-1e-05,-0,1e-05,-0.00021,0.00011,-0,3e-05,0,-0,-0,-2e-05,-9e-05,-1e-05,2e-05,-0,0,0
60.42,0.00029,2e-05,-1e-05,2e-05,0,-0,0.00014,-1e-05,0,-2e-05,0,0,-1e-05,-1e-05,-1e-05,0,-1e-05,-1e-05,0,1e-05,-0.00033,0.00012,-1e-05,5e-05,1e-05,-0,-0,-5e-05,-8e-05,-0,1e-05,-0,0,0
60.44,0.00027,2e-05,-1e-05,2e-05,1e-05,-0,0.00013,-0,0,-2e-05,0,0,-1e-05,-1e-05,-2e-05,0,-1e-05,-0,0,0,-0.00045,0.00012,-1e-05,8e-05,1e-05,-0,-0,-8e-05,-6e-05,0,1e-05,-1e-05,0,0
60.46,0.00023,1e-05,-1e-05,2e-05,1e-05,-0,0.00012,-0,0,-3e-05,0,0,-1e-05,-1e-05,-2e-05,0,-0,-0,0,0,-0.00056,0.00011,-2e-05,0.0001,1e-05,-0,-0,-0.00011,-5e-05,1e-05,1e-05,-1e-05,0,0
60.48,0.00019,1e-05,-1e-05,1e-05,1e-05,-0,0.0001,0,1e-05,-3e-05,0,0,-1e-05,-1e-05,-2e-05,0,-0,-0,0,0,-0.00066,9e-05,-2e-05,0.00011,1e-05,-0,-0,-0.00015,-5e-05,3e-05,1e-05,-1e-05,0,0
60.5,0.00013,1e-05,-1e-05,1e-05,1e-05,-0,8e-05,0,1e-05,-3e-05,0,0,-2e-05,-0,-3e-05,0,-0,0,0,0,-0.00075,8e-05,-3e-05,0.00013,1e-05,-0,-0,-0.00019,-5e-05,5e-05,1e-05,-1e-05,0,0
60.52,8e-05,0,-1e-05,1e-05,1e-05,-0,7e-05,0,1e-05,-3e-05,0,0,-2e-05,-0,-3e-05,0,0,0,0,-0,-0.00082,6e-05,-3e-05,0.00015,1e-05,-0,-0,-0.00022,-5e-05,7e-05,1e-05,-1e-05,0,0
60.54,4e-05,0,-1e-05,1e-05,1e-05,-0,5e-05,0,2e-05,-3e-05,0,0,-1e-05,0,-4e-05,0,0,0,0,-0,-0.00087,4e-05,-3e-05,0.00016,1e-05,-0,-0,-0.00025,-5e-05,8e-05,1e-05,-1e-05,0,0
60.56,1e-05,1e-05,-0,0,1e-05,-0,3e-05,0,2e-05,-3e-05,0,0,-1e-05,0,-4e-05,0,1e-05,0,0,-0,-0.00088,2e-05,-3e-05,0.00017,1e-05,-0,-0,-0.00026,-6e-05,0.0001,1e-05,-1e-05,0,0
60.58,-0,1e-05,0,0,1e-05,-0,2e-05,0,2e-05,-2e-05,0,0,-1e-05,0,-5e-05,0,1e-05,0,0,-0,-0.00087,0,-2e-05,0.00017,1e-05,-0,-0,-0.00027,-7e-05,0.0001,2e-05,-1e-05,0,0
60.6,1e-05,2e-05,1e-05,-0,1e-05,-0,-0,0,2e-05,-2e-05,0,-0,-1e-05,0,-5e-05,0,1e-05,0,0,-0,-0.00083,-1e-05,-2e-05,0.00016,0,-0,-0,-0.00027,-8e-05,0.00011,3e-05,-1e-05,0,0
60.62,3e-05,2e-05,1e-05,-1e-05,1e-05,-0,-1e-05,0,2e-05,-2e-05,0,-0,-1e-05,0,-5e-05,0,1e-05,-0,0,-0,-0.00076,-2e-05,-1e-05,0.00016,0,-0,-0,-0.00026,-9e-05,0.0001,5e-05,-1e-05,0,0
60.64,7e-05,4e-05,2e-05,-1e-05,1e-05,-0,-3e-05,0,1e-05,-1e-05,0,-0,-0,1e-05,-5e-05,0,1e-05,-0,0,-0,-0.00065,-2e-05,-1e-05,0.00014,0,-0,-0,-0.00024,-9e-05,9e-05,9e-05,-1e-05,0,0
60.66,0.00013,5e-05,3e-05,-2e-05,1e-05,-0,-4e-05,-0,1e-05,-1e-05,0,-0,-0,1e-05,-5e-05,-0,0,-1e-05,0,0,-0.0005,-2e-05,-0,0.00012,0,-0,-0,-0.00022,-0.0001,8e-05,0.00013,-1e-05,0,0
60.68,0.0002,8e-05,5e-05,-2e-05,1e-05,-0,-6e-05,0,1e-05,-1e-05,0,-0,-0,1e-05,-4e-05,-0,0,-1e-05,0,0,-0.0003,-0,0,8e-05,0,-0,-0,-0.0002,-0.00011,6e-05,0.00018,-1e-05,0,0
60.7,0.00027,0.0001,6e-05,-3e-05,-0,-0,-7e-05,0,0,-0,0,-0,0,1e-05,-3e-05,-0,-0,-2e-05,-0,0,-5e-05,2e-05,0,3e-05,0,-0,-0,-0.00019,-0.00012,5e-05,0.00025,-0,0,0
60.72,0.00035,0.00012,8e-05,-4e-05,-1e-05,-0,-8e-05,0,-0,0,0,-0,0,1e-05,-1e-05,-0,-1e-05,-3e-05,-0,1e-05,0.00027,5e-05,0,-3e-05,0,-0,-0,-0.00018,-0.00013,3e-05,0.00034,-0,0,0
60.74,0.00042,0.00014,0.0001,-4e-05,-2e-05,-0,-9e-05,1e-05,-0,1e-05,0,-0,1e-05,1e-05,1e-05,-0,-1e-05,-3e-05,-0,1e-05,0.00063,9e-05,-0,-0.0001,0,-0,-0,-0.00018,-0.00015,2e-05,0.00044,-0,0,0
60.76,0.00048,0.00015,0.00011,-5e-05,-4e-05,-0,-0.0001,1e-05,-1e-05,1e-05,0,-0,1e-05,2e-05,4e-05,-1e-05,-0,-4e-05,-0,1e-05,0.00103,0.00014,-1e-05,-0.00019,0,-0,-0,-0.00019,-0.00018,1e-05,0.00056,0,0,0
60.78,0.00051,0.00015,0.00012,-5e-05,-7e-05,-0,-0.00011,1e-05,-1e-05,1e-05,0,0,1e-05,2e-05,9e-05,-1e-05,-0,-5e-05,-0,2e-05,0.00143,0.0002,-1e-05,-0.00029,0,-0,-0,-0.00021,-0.00022,0,0.00068,0,0,0
60.8,0.00053,0.00013,0.0001,-6e-05,-0.0001,-0,-0.00012,2e-05,-1e-05,1e-05,0,0,1e-05,3e-05,0.00015,-2e-05,1e-05,-5e-05,-0,2e-05,0.00178,0.00026,-2e-05,-0.00038,0,-0,-0,-0.00023,-0.00026,-1e-05,0.0008,1e-05,0,-0
60.82,0.00052,9e-05,7e-05,-6e-05,-0.00014,-0,-0.00013,2e-05,-2e-05,1e-05,0,0,2e-05,3e-05,0.00024,-3e-05,2e-05,-5e-05,-1e-05,2e-05,0.00202,0.00033,-2e-05,-0.00044,0,-0,-0,-0.00025,-0.00032,-2e-05,0.00091,1e-05,-0,-0
60.84,0.00048,1e-05,2e-05,-6e-05,-0.00019,-0,-0.00013,2e-05,-2e-05,1e-05,0,0,2e-05,4e-05,0.00034,-4e-05,4e-05,-5e-05,-1e-05,3e-05,0.00206,0.00038,-2e-05,-0.00045,0,-0,-0,-0.00026,-0.00038,-3e-05,0.00101,1e-05,-0,-0
60.86,0.00042,-9e-05,-4e-05,-6e-05,-0.00024,-0,-0.00013,2e-05,-2e-05,1e-05,0,0,2e-05,4e-05,0.00046,-6e-05,7e-05,-4e-05,-1e-05,3e-05,0.00183,0.00043,-1e-05,-0.0004,-0,-0,-0,-0.00026,-0.00046,-5e-05,0.00107,2e-05,-0,-0
60.88,0.00035,-0.00024,-0.00011,-6e-05,-0.00028,-0,-0.00012,1e-05,-3e-05,1e-05,0,0,2e-05,4e-05,0.00061,-7e-05,0.0001,-3e-05,-1e-05,3e-05,0.00131,0.00045,1e-05,-0.00029,-0,-0,-0,-0.00017,-0.00051,-7e-05,0.00062,1e-05,-0,-0
60.9,0.00031,-0.00043,-0.00017,-6e-05,-0.00029,-0,-0.0001,-0,-3e-05,0,0,-0,3e-05,3e-05,0.00076,-9e-05,0.00013,-1e-05,-1e-05,3e-05,0.00056,0.00045,1e-05,-0.00014,-1e-05,-0,-0,-1e-05,-0.00047,-7e-05,-0.00063,-1e-05,-0,0
60.92,0.00032,-0.00064,-0.0002,-7e-05,-0.0003,-0,-6e-05,-2e-05,-3e-05,0,0,0,3e-05,3e-05,0.00092,-0.00011,0.00019,2e-05,-1e-05,3e-05,-0.00023,0.00044,-0,-1e-05,-2e-05,-0,-0,0,-0.00036,-7e-05,-0.00221,-3e-05,0,0
60.94,0.00042,-0.00087,-0.00017,-8e-05,-0.00031,-0,-1e-05,-5e-05,-3e-05,0,0,0,3e-05,2e-05,0.00106,-0.00013,0.00026,7e-05,-1e-05,2e-05,-0.00074,0.0004,-3e-05,-5e-05,-2e-05,-0,-0,-0.00041,-0.00012,-5e-05,-0.00377,-7e-05,0,1e-05
60.96,0.00067,-0.0011,-8e-05,-9e-05,-0.00031,-0,5e-05,-9e-05,-3e-05,0,0,0,3e-05,1e-05,0.00118,-0.00014,0.00031,0.00013,-1e-05,2e-05,-0.00055,0.0003,-8e-05,-0.00043,-3e-05,-0,-0,-0.00169,0.00031,-4e-05,-0.00474,-0.00011,0,1e-05
60.98,0.00113,-0.00128,0.00011,-0.00011,-0.0003,-0,0.00013,-0.00013,-3e-05,1e-05,0,0,3e-05,1e-05,0.00126,-0.00015,0.00036,0.0002,-1e-05,1e-05,0.00086,0.0001,-0.00013,-0.00137,-5e-05,-0,-0,-0.0044,0.00098,-2e-05,-0.00448,-0.00016,-0,1e-05
61,0.00187,-0.0014,0.00039,-0.00012,-0.00029,-0,0.0002,-0.00016,-2e-05,0,0,0,3e-05,1e-05,0.0013,-0.00015,0.00038,0.00027,-0,1e-05,0.00395,-0.00015,-0.00018,-0.00298,-6e-05,-0,-0,-0.009,0.00182,-1e-05,-0.00243,-0.00021,-0,1e-05
61.02,0.00295,-0.00143,0.00076,-0.00014,-0.00029,-0,0.00028,-0.00015,-1e-05,-0,0,0,2e-05,3e-05,0.0013,-0.00015,0.00038,0.00035,-0,0,0.00903,-0.0004,-0.00023,-0.00516,-7e-05,-0,0,-0.01569,0.00251,-8e-05,0.00143,-0.00026,-0,1e-05
61.04,0.00443,-0.00133,0.00117,-0.00015,-0.00028,-0,0.00035,-0.00011,0,-2e-05,0,1e-05,1e-05,7e-05,0.00126,-0.00015,0.00035,0.00042,0,-0,0.01604,-0.00059,-0.00025,-0.00771,-9e-05,-0,0,-0.02432,0.00279,-0.0003,0.00647,-0.00032,-0,1e-05
61.06,0.0063,-0.0011,0.0016,-0.00017,-0.00027,-0,0.00039,-3e-05,1e-05,-5e-05,0,0,0,0.00012,0.00116,-0.00014,0.00028,0.00044,0,-0,0.02439,-0.00066,-0.00023,-0.0104,-0.00011,-0,0,-0.03438,0.00258,-0.00077,0.0118,-0.0004,-0,2e-05
61.08,0.00858,-0.00073,0.00197,-0.00018,-0.00026,-0,0.0004,9e-05,1e-05,-0.00011,0,0,-1e-05,0.00018,0.00101,-0.00013,0.00017,0.00041,-0,-0,0.03267,-0.00047,-0.00016,-0.01311,-0.00013,-0,0,-0.04504,0.00184,-0.00165,0.01654,-0.00048,0,4e-05
61.1,0.01098,-0.00027,0.00221,-0.0002,-0.00023,-0,0.00043,0.00021,0,-0.00016,0,0,-4e-05,0.00026,0.00084,-0.0001,-0,0.00034,-0,0,0.04047,0.00018,-5e-05,-0.01418,-0.00014,-0,0,-0.05538,0.00028,-0.00294,0.02004,-0.00056,1e-05,6e-05
61.12,0.0131,0.00023,0.00225,-0.00025,-0.00015,-0,0.00055,0.00033,-1e-05,-0.00015,0,-0,-5e-05,0.00032,0.00068,-7e-05,-0.00018,0.00022,0,0,0.04787,0.00147,0.00012,-0.01101,-0.00015,-0,0,-0.06459,-0.00247,-0.0044,0.02203,-0.00063,2e-05,7e-05
61.14,0.01485,0.00071,0.00207,-0.00032,-8e-05,-0,0.00074,0.0004,-3e-05,-9e-05,0,0,-6e-05,0.00036,0.00053,-4e-05,-0.00035,0.00011,1e-05,1e-05,0.05298,0.00319,0.00027,-0.00586,-0.00014,-0,0,-0.07175,-0.00595,-0.00586,0.02238,-0.00067,2e-05,8e-05
61.16,0.01631,0.00115,0.00167,-0.00039,-3e-05,-0,0.00097,0.00042,-5e-05,-1e-05,0,0,-7e-05,0.00037,0.00039,-1e-05,-0.00048,1e-05,2e-05,1e-05,0.05464,0.00478,0.00015,-0.00143,-0.00013,-0,-0,-0.07627,-0.00965,-0.00722,0.02108,-0.00067,2e-05,8e-05
61.18,0.01734,0.00147,0.00111,-0.00046,1e-05,-0,0.00123,0.00038,-7e-05,9e-05,-0,1e-05,-7e-05,0.00037,0.00028,0,-0.00059,-6e-05,3e-05,1e-05,0.05286,0.0055,-0.0007,0.0025,-0.00011,0,-0,-0.078,-0.01361,-0.00826,0.01827,-0.00063,2e-05,7e-05
61.2,0.01789,0.00164,0.00047,-0.00055,6e-05,-0,0.00144,0.0003,-7e-05,0.00021,-0,1e-05,-7e-05,0.00034,0.00019,1e-05,-0.00064,-0.00011,4e-05,1e-05,0.05023,0.00443,-0.0024,0.00431,-0.0001,1e-05,0,-0.07691,-0.01756,-0.00883,0.0141,-0.00056,2e-05,5e-05
61.22,0.01801,0.00163,-0.00018,-0.00067,0.00011,0,0.00153,0.00019,-6e-05,0.00032,-0,2e-05,-5e-05,0.0003,0.00013,-0,-0.00061,-0.00013,5e-05,0,0.04794,0.00168,-0.00403,0.00416,-9e-05,1e-05,0,-0.07316,-0.02122,-0.00883,0.00876,-0.00048,1e-05,4e-05
61.24,0.01776,0.00144,-0.00077,-0.00079,0.00018,0,0.00149,0.00011,-5e-05,0.00043,-0,2e-05,-2e-05,0.00024,8e-05,-2e-05,-0.00051,-0.00013,5e-05,-0,0.04256,-0.00156,-0.00508,0.00376,-8e-05,2e-05,1e-05,-0.06722,-0.02459,-0.00836,0.00258,-0.00041,1e-05,3e-05
61.26,0.01713,0.00114,-0.00129,-0.00087,0.00027,0,0.00131,6e-05,-3e-05,0.00053,-0,3e-05,-0,0.00019,3e-05,-3e-05,-0.00037,-0.00012,5e-05,-0,0.03348,-0.00433,-0.00546,0.00314,-7e-05,3e-05,1e-05,-0.05963,-0.02765,-0.00756,-0.00406,-0.00036,1e-05,2e-05
61.28,0.01608,0.00078,-0.00174,-0.00093,0.00034,0,0.00098,3e-05,-1e-05,0.00063,0,2e-05,2e-05,0.00014,-1e-05,-5e-05,-0.0002,-0.00011,5e-05,-1e-05,0.02296,-0.00589,-0.00489,0.00173,-5e-05,4e-05,2e-05,-0.05099,-0.03034,-0.00652,-0.01058,-0.00033,1e-05,2e-05
61.3,0.01472,0.00045,-0.00211,-0.00093,0.00042,0,0.00049,1e-05,-0,0.0007,0,2e-05,3e-05,9e-05,-7e-05,-6e-05,-6e-05,-0.0001,4e-05,-1e-05,0.01247,-0.00612,-0.00364,-0.0005,-4e-05,4e-05,2e-05,-0.04209,-0.03199,-0.00546,-0.01628,-0.00033,1e-05,2e-05
61.32,0.01308,0.0002,-0.00235,-0.00088,0.00049,-0,-0.0001,0,0,0.00074,0,1e-05,3e-05,5e-05,-0.00015,-6e-05,0,-0.0001,4e-05,-2e-05,0.00294,-0.0055,-0.00208,-0.00308,-3e-05,4e-05,2e-05,-0.03372,-0.03206,-0.00464,-0.02052,-0.00034,2e-05,2e-05
61.34,0.01119,1e-05,-0.00247,-0.00078,0.00054,-0,-0.00071,0,0,0.00072,0,1e-05,2e-05,3e-05,-0.00026,-5e-05,3e-05,-0.0001,3e-05,-2e-05,-0.00422,-0.00431,-0.00041,-0.0056,-2e-05,4e-05,3e-05,-0.02646,-0.03081,-0.00391,-0.02252,-0.00037,4e-05,2e-05
61.36,0.00907,-0.00016,-0.00249,-0.00065,0.00059,-0,-0.00133,-1e-05,1e-05,0.00065,0,1e-05,2e-05,1e-05,-0.00039,-3e-05,3e-05,-0.0001,2e-05,-2e-05,-0.00783,-0.00287,0.00114,-0.00762,-1e-05,4e-05,2e-05,-0.02051,-0.02846,-0.00318,-0.02171,-0.00042,6e-05,2e-05
61.38,0.00677,-0.00034,-0.0024,-0.0005,0.00062,-0,-0.00193,-2e-05,1e-05,0.00052,0,0,1e-05,-1e-05,-0.00054,-2e-05,1e-05,-0.00011,2e-05,-1e-05,-0.00803,-0.0015,0.00235,-0.00874,1e-05,3e-05,2e-05,-0.01576,-0.02491,-0.00254,-0.01814,-0.00046,9e-05,2e-05
61.4,0.00437,-0.00051,-0.00219,-0.00033,0.00049,-0,-0.00245,-2e-05,3e-05,0.00031,0,0,0,0,-0.0007,-1e-05,-4e-05,-0.00011,2e-05,-1e-05,-0.00588,-0.00052,0.00329,-0.00897,2e-05,3e-05,2e-05,-0.01208,-0.01988,-0.00183,-0.012,-0.0005,0.00012,2e-05
61.42,0.00197,-0.00064,-0.00187,-0.00016,0.00031,-0,-0.00282,-1e-05,6e-05,5e-05,0,0,-1e-05,5e-05,-0.00081,-0,-8e-05,-0.0001,1e-05,-1e-05,-0.0025,0.00035,0.0043,-0.00857,3e-05,3e-05,2e-05,-0.00912,-0.01356,-0.00104,-0.00393,-0.00054,0.00015,2e-05
61.44,-0.00036,-0.00072,-0.00149,1e-05,0.00011,-0,-0.00304,0,9e-05,-0.00023,0,0,-1e-05,0.0001,-0.00086,0,-9e-05,-8e-05,1e-05,0,0.00117,0.00158,0.00521,-0.00752,3e-05,3e-05,2e-05,-0.0064,-0.00679,-0.00033,0.00519,-0.00056,0.00017,2e-05
61.46,-0.00256,-0.00074,-0.00106,0.00017,-0.0001,-0,-0.0031,1e-05,0.00012,-0.0005,0,0,-1e-05,0.00011,-0.00086,-0,-9e-05,-6e-05,1e-05,1e-05,0.00397,0.00312,0.00572,-0.00593,3e-05,2e-05,2e-05,-0.0036,-1e-05,0.00032,0.01477,-0.00055,0.00019,2e-05
61.48,-0.00458,-0.00068,-0.00062,0.0003,-0.0003,-0,-0.003,0,0.00014,-0.00074,0,0,-2e-05,9e-05,-0.00081,-1e-05,-8e-05,-5e-05,1e-05,1e-05,0.00485,0.00486,0.00586,-0.00417,2e-05,2e-05,2e-05,-0.00058,0.00657,0.00095,0.02437,-0.00053,0.0002,2e-05
61.5,-0.00634,-0.00051,-0.00018,0.00042,-0.00046,-0,-0.00278,-1e-05,0.00015,-0.00092,0,0,-1e-05,3e-05,-0.0007,-2e-05,-3e-05,-3e-05,0,2e-05,0.00342,0.00669,0.00571,-0.00261,1e-05,2e-05,2e-05,0.00269,0.01251,0.00158,0.03334,-0.00049,0.0002,2e-05
61.52,-0.00777,-0.00025,0.0002,0.00051,-0.00055,-0,-0.00252,-4e-05,0.00014,-0.00102,0,0,-1e-05,-6e-05,-0.00057,-2e-05,0.00014,-3e-05,-0,3e-05,7e-05,0.00845,0.00532,-0.00151,-0,2e-05,1e-05,0.00613,0.01702,0.0021,0.04078,-0.00044,0.0002,2e-05
61.54,-0.00889,1e-05,0.0005,0.00058,-0.00059,-0,-0.00223,-6e-05,0.00013,-0.00103,0,0,-1e-05,-0.00014,-0.00044,-3e-05,0.00034,-3e-05,-0,3e-05,-0.00509,0.00981,0.00458,-0.00086,-1e-05,2e-05,1e-05,0.00963,0.01988,0.00252,0.04648,-0.00037,0.00019,2e-05
61.56,-0.00977,0.00023,0.0007,0.00062,-0.00056,-0,-0.0019,-9e-05,0.00011,-0.00097,0,1e-05,-1e-05,-0.00024,-0.00034,-3e-05,0.0005,-3e-05,-0,4e-05,-0.01221,0.01054,0.00352,-0.00059,-1e-05,1e-05,1e-05,0.01316,0.02141,0.00292,0.05055,-0.0003,0.00017,3e-05
61.58,-0.01041,0.00039,0.00081,0.00065,-0.00048,-0,-0.00158,-0.00012,9e-05,-0.00085,0,1e-05,-1e-05,-0.00035,-0.00027,-3e-05,0.00063,-2e-05,-0,4e-05,-0.02072,0.01055,0.00236,-0.00061,0,1e-05,0,0.01665,0.02178,0.00325,0.05289,-0.00022,0.00015,3e-05
61.6,-0.01085,0.00047,0.00082,0.00067,-0.00037,-0,-0.00128,-0.00015,7e-05,-0.00071,0,1e-05,-1e-05,-0.00045,-0.00023,-2e-05,0.00066,-2e-05,-0,4e-05,-0.0296,0.00988,0.00125,-0.00073,2e-05,-1e-05,-0,0.02005,0.02111,0.0035,0.0534,-0.00015,0.00013,4e-05
61.62,-0.01107,0.00048,0.00074,0.00067,-0.00023,-0,-0.00104,-0.00017,6e-05,-0.00059,0,1e-05,-1e-05,-0.00052,-0.00022,-1e-05,0.00058,-2e-05,-0,4e-05,-0.0377,0.0087,0.00034,-0.00075,5e-05,-2e-05,-1e-05,0.02327,0.01959,0.00369,0.05199,-8e-05,0.00011,4e-05
61.64,-0.01107,0.00044,0.00057,0.00066,-9e-05,-0,-0.00082,-0.00018,4e-05,-0.00047,0,1e-05,-1e-05,-0.00055,-0.00023,-0,0.00045,-2e-05,-0,4e-05,-0.04452,0.0071,-0.00025,-0.00055,9e-05,-3e-05,-2e-05,0.02623,0.01773,0.00375,0.04898,-3e-05,9e-05,4e-05
61.66,-0.01084,0.00041,0.00035,0.00065,3e-05,-0,-0.00064,-0.00019,3e-05,-0.00036,0,1e-05,-0,-0.00056,-0.00026,0,0.00029,-2e-05,-1e-05,3e-05,-0.04983,0.00524,-0.0005,-0.00011,0.00014,-5e-05,-2e-05,0.02886,0.01595,0.00366,0.04474,1e-05,8e-05,4e-05
61.68,-0.01037,0.00039,6e-05,0.00064,0.00013,-0,-0.00047,-0.00019,1e-05,-0.00027,0,1e-05,-0,-0.00053,-0.00029,1e-05,0.00011,-1e-05,-1e-05,3e-05,-0.05277,0.00339,-0.00046,0.00036,0.0002,-5e-05,-2e-05,0.03107,0.01437,0.00345,0.03941,3e-05,6e-05,4e-05
61.7,-0.00965,0.00043,-0.00025,0.00062,0.00021,-0,-0.00033,-0.00018,-0,-0.0002,0,0,-0,-0.00049,-0.00032,1e-05,-0.00011,-1e-05,-1e-05,2e-05,-0.05367,0.00164,-0.00026,0.00102,0.00027,-4e-05,-1e-05,0.033,0.01304,0.00309,0.03364,5e-05,5e-05,4e-05
61.72,-0.0087,0.00055,-0.00056,0.0006,0.00025,-0,-0.00021,-0.00016,-1e-05,-0.00015,0,0,1e-05,-0.00042,-0.00034,-0,-0.00032,-1e-05,-0,2e-05,-0.05341,3e-05,-0.00024,0.00272,0.00035,-5e-05,-2e-05,0.03496,0.01194,0.00261,0.02802,8e-05,4e-05,4e-05
61.74,-0.00755,0.00068,-0.00085,0.00057,0.00026,-0,-0.00011,-0.00013,-2e-05,-0.00011,0,-0,1e-05,-0.00036,-0.00035,-2e-05,-0.00049,-1e-05,-0,1e-05,-0.05172,-0.00153,-0.00067,0.00527,0.00046,-8e-05,-3e-05,0.03666,0.01112,0.00217,0.02239,0.00012,3e-05,4e-05
61.76,-0.0063,0.00077,-0.00111,0.00053,0.00025,-0,-4e-05,-0.0001,-2e-05,-8e-05,0,-1e-05,2e-05,-0.0003,-0.00035,-4e-05,-0.00064,-0,-0,1e-05,-0.04792,-0.00334,-0.00168,0.00786,0.00057,-0.00012,-7e-05,0.03789,0.01058,0.00187,0.0168,0.00017,2e-05,3e-05
61.78,-0.00505,0.00081,-0.00133,0.00048,0.00021,-0,0,-7e-05,-2e-05,-5e-05,0,-1e-05,3e-05,-0.00026,-0.00036,-5e-05,-0.00076,-0,0,0,-0.04183,-0.00559,-0.00339,0.01008,0.00066,-0.00026,-0.00016,0.03881,0.01016,0.00167,0.01153,0.00023,1e-05,1e-05
61.8,-0.00383,0.00079,-0.00148,0.00043,0.00017,-0,1e-05,-4e-05,-2e-05,-3e-05,-0,-1e-05,3e-05,-0.00022,-0.00037,-5e-05,-0.00084,-0,0,0,-0.03537,-0.00808,-0.00475,0.01233,0.00075,-0.0003,-0.00019,0.03931,0.00978,0.0016,0.00684,0.0003,-0,-2e-05
61.82,-0.00266,0.00072,-0.00157,0.00038,0.00014,-0,-1e-05,-2e-05,-1e-05,1e-05,0,-1e-05,4e-05,-0.0002,-0.00037,-4e-05,-0.00088,0,0,-0,-0.02864,-0.00997,-0.00409,0.01471,0.00087,0.00011,5e-05,0.03925,0.00942,0.00164,0.00294,0.00036,-1e-05,-4e-05
61.84,-0.00171,0.00064,-0.00157,0.00034,0.00011,-0,-4e-05,-1e-05,-0,5e-05,0,-1e-05,4e-05,-0.00019,-0.00039,-3e-05,-0.00086,0,0,-0,-0.02098,-0.01026,-0.00201,0.01513,0.00091,0.00076,0.00043,0.03887,0.00892,0.00172,-2e-05,0.00041,-2e-05,-6e-05
61.86,-0.00102,0.00058,-0.00147,0.0003,8e-05,-0,-8e-05,0,1e-05,7e-05,0,-1e-05,4e-05,-0.00018,-0.00042,-0,-0.0008,0,0,-1e-05,-0.01398,-0.00885,2e-05,0.01341,0.00084,0.00131,0.00074,0.03834,0.00818,0.00181,-0.00197,0.00043,-3e-05,-8e-05
61.88,-0.00056,0.00053,-0.00126,0.00026,7e-05,-0,-0.00012,1e-05,2e-05,7e-05,0,-0,4e-05,-0.00018,-0.00045,1e-05,-0.00069,0,0,-1e-05,-0.00878,-0.00604,0.00168,0.01087,0.00069,0.00177,0.00098,0.03765,0.00724,0.00189,-0.0029,0.00044,-3e-05,-9e-05
61.9,-0.00026,0.00051,-0.00097,0.00022,5e-05,-0,-0.00015,1e-05,2e-05,5e-05,0,-0,3e-05,-0.00018,-0.00047,2e-05,-0.00055,0,-0,-1e-05,-0.00528,-0.00338,0.00202,0.00799,0.00049,0.00177,0.00096,0.03653,0.00616,0.00196,-0.00287,0.00043,-4e-05,-0.0001
61.92,-0.0001,0.0005,-0.00064,0.00019,5e-05,-0,-0.00015,2e-05,1e-05,1e-05,0,-0,2e-05,-0.00016,-0.00047,1e-05,-0.00043,-0,-0,-1e-05,-0.00229,-0.00201,0.00128,0.00491,0.00024,0.00117,0.00064,0.0347,0.00504,0.00202,-0.00196,0.00041,-4e-05,-0.0001
61.94,-3e-05,0.00049,-0.00031,0.00016,5e-05,-0,-0.00013,3e-05,1e-05,-3e-05,0,-0,1e-05,-0.00012,-0.00044,-0,-0.0003,-0,0,-1e-05,0.00013,-0.00141,0.0004,0.00238,1e-05,0.00031,0.00018,0.03234,0.00392,0.00205,-0.00035,0.00038,-4e-05,-0.0001
61.96,-1e-05,0.00045,-1e-05,0.00013,5e-05,-0,-0.0001,4e-05,0,-6e-05,0,0,-0,-7e-05,-0.00039,-1e-05,-0.00016,-0,0,-2e-05,0.00144,-0.00115,-0.00045,0.00064,-0.00018,-0.00059,-0.00031,0.02961,0.00282,0.00204,0.00176,0.00034,-4e-05,-0.0001
61.98,-0,0.00039,0.00024,0.00011,6e-05,-0,-6e-05,5e-05,-0,-8e-05,0,0,-2e-05,-1e-05,-0.00033,-2e-05,-4e-05,-0,1e-05,-2e-05,0.00139,-0.00106,-0.00155,-0.00058,-0.00035,-0.00154,-0.00082,0.02643,0.00179,0.00196,0.00411,0.0003,-5e-05,-0.0001
62,0,0.00031,0.00042,0.0001,6e-05,-0,-3e-05,7e-05,-0,-9e-05,0,0,-2e-05,5e-05,-0.00027,-1e-05,6e-05,-0,1e-05,-2e-05,-0.00011,-0.00113,-0.00248,-0.0014,-0.00047,-0.00222,-0.00121,0.0229,0.00099,0.00185,0.00636,0.00026,-5e-05,-0.0001
62.02,1e-05,0.00022,0.00052,9e-05,5e-05,-0,-1e-05,9e-05,0,-6e-05,0,0,-2e-05,0.0001,-0.0002,-0,0.00013,-0,2e-05,-2e-05,-0.00251,-0.00125,-0.0017,-0.00178,-0.00052,-0.00186,-0.00116,0.01917,0.00052,0.00177,0.00811,0.00021,-4e-05,-9e-05
62.04,2e-05,0.00012,0.00054,0.0001,4e-05,-0,-0,0.00011,1e-05,0,0,0,-2e-05,0.00014,-0.00014,1e-05,0.00018,-0,2e-05,-2e-05,-0.00446,-0.0011,-0.00016,-0.00167,-0.00049,-0.00098,-0.00078,0.01542,0.0002,0.00165,0.00886,0.00016,-4e-05,-7e-05
62.06,3e-05,2e-05,0.00049,0.00012,2e-05,-0,-1e-05,0.00015,1e-05,8e-05,-0,-0,-2e-05,0.00016,-9e-05,3e-05,0.00019,-0,2e-05,-1e-05,-0.00556,-0.00073,0.00092,-0.00119,-0.00043,-0.00023,-0.00039,0.01192,-0.0001,0.00144,0.00805,0.00012,-3e-05,-5e-05
62.08,6e-05,-5e-05,0.00038,0.00014,0,-0,-4e-05,0.00019,1e-05,0.00017,-0,-0,-1e-05,0.00014,-5e-05,6e-05,0.00018,-0,2e-05,-1e-05,-0.00582,-0.00034,0.00169,-0.00035,-0.00033,0.00045,4e-05,0.00906,-0.00036,0.00121,0.00507,0.0001,-1e-05,-3e-05
62.1,8e-05,-0.0001,0.00022,0.00018,-2e-05,0,-8e-05,0.00023,-0,0.00028,0,-1e-05,-0,0.0001,-1e-05,7e-05,0.00015,-0,2e-05,-1e-05,-0.00579,-5e-05,0.00176,0.00056,-0.00023,0.00079,0.0003,0.00744,-0.00067,0.00096,-0.00071,0.00011,-0,-1e-05
62.12,8e-05,-0.0001,4e-05,0.00021,-4e-05,0,-0.00011,0.00029,-1e-05,0.00038,-0,-1e-05,-0,5e-05,2e-05,7e-05,0.00011,-0,1e-05,-0,-0.00582,0.0001,0.00125,0.00113,-0.00019,0.00066,0.00027,0.00779,-0.00107,0.00071,-0.00987,0.00019,1e-05,0
62.14,6e-05,-9e-05,-0.00014,0.00024,-5e-05,0,-0.00013,0.00034,-2e-05,0.00048,-0,0,-0,-1e-05,5e-05,6e-05,7e-05,-0,0,0,-0.00553,0.00016,0.00073,0.00145,-0.00014,0.00043,0.00018,0.01089,-0.00151,0.00054,-0.02282,0.00034,1e-05,0
62.16,4e-05,-6e-05,-0.00026,0.00027,-6e-05,0,-0.00013,0.00039,-3e-05,0.00058,-0,1e-05,0,-9e-05,8e-05,5e-05,3e-05,-0,-0,1e-05,-0.00485,0.00016,0.0004,0.00162,-0.0001,0.00028,0.00013,0.0175,-0.00192,0.00045,-0.03949,0.00056,0,-2e-05
62.18,2e-05,-3e-05,-0.00027,0.00028,-6e-05,0,-0.0001,0.00044,-4e-05,0.00067,-0,2e-05,0,-0.00016,0.0001,2e-05,1e-05,-0,-0,2e-05,-0.00391,0.00014,0.00021,0.00164,-6e-05,0.00016,8e-05,0.02818,-0.00224,0.00036,-0.05889,0.00083,-1e-05,-5e-05
62.2,-1e-05,-1e-05,-0.00015,0.00027,-6e-05,0,-4e-05,0.00047,-5e-05,0.00076,-0,2e-05,0,-0.00023,0.00012,-1e-05,-0,-0,-0,2e-05,-0.00286,0.00013,0.0001,0.00149,-2e-05,9e-05,5e-05,0.04303,-0.0024,0.00023,-0.07998,0.0011,-2e-05,-9e-05
62.22,-1e-05,-2e-05,0.00016,0.00025,-5e-05,0,5e-05,0.00047,-5e-05,0.00085,-0,3e-05,0,-0.00031,0.00014,-5e-05,1e-05,-0,-0,3e-05,-0.00183,0.00014,5e-05,0.00124,0,4e-05,3e-05,0.06155,-0.00238,3e-05,-0.10171,0.00129,-3e-05,-0.00012
62.24,9e-05,-3e-05,0.00064,0.00021,-4e-05,0,0.00017,0.00045,-6e-05,0.00092,-0,3e-05,0,-0.00039,0.00017,-8e-05,4e-05,-0,0,3e-05,-0.00085,0.00017,3e-05,0.00096,2e-05,2e-05,1e-05,0.08208,-0.00211,-0.00023,-0.12047,0.00136,-4e-05,-0.00014
62.26,0.00034,-6e-05,0.00128,0.00015,-2e-05,0,0.00032,0.00042,-6e-05,0.00094,-0,3e-05,0,-0.00047,0.00019,-0.00011,8e-05,-0,0,3e-05,-0,0.00022,1e-05,0.00073,4e-05,0,0,0.10215,-0.00158,-0.00047,-0.13174,0.0013,-4e-05,-0.00015
62.28,0.00084,-7e-05,0.002,8e-05,0,0,0.00048,0.00037,-5e-05,0.00092,-0,2e-05,0,-0.00053,0.00021,-0.00015,0.00014,-0,0,2e-05,0.00069,0.00026,-2e-05,0.00054,4e-05,-1e-05,-1e-05,0.11953,-0.0009,-0.00057,-0.13197,0.00113,-4e-05,-0.00014
62.3,0.00163,-5e-05,0.00269,1e-05,2e-05,0,0.00064,0.0003,-4e-05,0.00085,-0,1e-05,0,-0.00058,0.00022,-0.00018,0.00021,-0,0,2e-05,0.00118,0.00026,-5e-05,0.00039,4e-05,-1e-05,-1e-05,0.12947,-0.0002,-0.00055,-0.12273,0.00083,-3e-05,-0.00012
62.32,0.00268,0,0.00322,-6e-05,4e-05,0,0.00079,0.00021,-1e-05,0.00073,-0,1e-05,-0,-0.00061,0.00023,-0.00018,0.0003,-0,0,1e-05,0.00148,0.00018,-7e-05,0.00027,4e-05,-1e-05,-2e-05,0.12956,0.00034,-0.00037,-0.10601,0.00043,-2e-05,-9e-05
62.34,0.004,9e-05,0.00346,-0.00013,6e-05,0,0.00093,0.00013,2e-05,0.00059,-0,-0,-0,-0.0006,0.00025,-0.00016,0.00039,-0,-0,-0,0.00163,1e-05,-9e-05,0.0002,4e-05,-1e-05,-2e-05,0.12132,0.0006,0.0001,-0.07874,0.0001,-1e-05,-7e-05
62.36,0.00554,0.00016,0.00333,-0.0002,6e-05,0,0.00103,6e-05,6e-05,0.00043,-0,-0,-0,-0.00053,0.00027,-0.00013,0.00044,-1e-05,-0,-1e-05,0.00173,-0.00026,-0.00011,0.00018,3e-05,-1e-05,-1e-05,0.10691,0.00053,0.00064,-0.04543,-9e-05,-0,-4e-05
62.38,0.00715,0.00018,0.00289,-0.00027,6e-05,-0,0.00109,1e-05,9e-05,0.00026,-0,-0,-1e-05,-0.00041,0.00029,-9e-05,0.00044,-1e-05,-0,-2e-05,0.00181,-0.00062,-0.00013,0.00019,3e-05,-1e-05,-1e-05,0.08682,0.00014,0.00082,-0.01293,-0.00017,0,-2e-05
62.4,0.00851,6e-05,0.00224,-0.00034,3e-05,-0,0.00111,-2e-05,0.00011,9e-05,-0,-0,-1e-05,-0.00027,0.00031,-6e-05,0.00039,-1e-05,-0,-3e-05,0.00202,-0.00102,-0.00016,0.00024,2e-05,-1e-05,-0,0.0643,-0.00046,0.0002,0.01397,-0.00016,1e-05,-0
62.42,0.00939,-0.00027,0.00152,-0.00046,-2e-05,-0,0.00107,-2e-05,0.00012,-6e-05,-0,0,-1e-05,-0.00013,0.00032,-4e-05,0.00029,-1e-05,0,-4e-05,0.00171,-0.00106,-0.00015,0.00014,1e-05,-0,0,0.05104,-0.00096,-0.00098,0.02462,-0.00012,1e-05,1e-05
62.44,0.00978,-0.00082,0.00086,-0.00064,-9e-05,-0,0.00099,-1e-05,0.00012,-0.00019,-0,1e-05,-0,-2e-05,0.00033,-3e-05,0.00018,-1e-05,0,-4e-05,0.00027,-0.00043,-8e-05,-0.00034,-1e-05,-0,-0,0.03937,-0.00117,-0.00237,0.02543,-9e-05,1e-05,1e-05
62.46,0.00967,-0.00156,0.00034,-0.00085,-0.00016,-0,0.00089,3e-05,0.00011,-0.00028,-0,1e-05,0,0,0.00034,-2e-05,9e-05,-1e-05,0,-4e-05,-0.00216,0.00083,0,-0.00139,-2e-05,-1e-05,-1e-05,0.02356,-0.00104,-0.00384,0.02428,-5e-05,1e-05,2e-05
62.48,0.00916,-0.00238,-5e-05,-0.00109,-0.00024,-0,0.00077,6e-05,9e-05,-0.00034,-0,2e-05,1e-05,-7e-05,0.00034,-1e-05,4e-05,-1e-05,1e-05,-3e-05,-0.00547,0.00268,9e-05,-0.00326,-4e-05,-2e-05,-2e-05,0.00733,-0.00058,-0.00495,0.02106,-2e-05,1e-05,2e-05
62.5,0.00828,-0.00309,-0.00031,-0.00134,-0.00029,-0,0.00067,0.0001,7e-05,-0.00038,0,2e-05,1e-05,-0.00026,0.00034,-0,0,-1e-05,0,-3e-05,-0.00933,0.00497,0.00019,-0.00604,-7e-05,-4e-05,-4e-05,-0.00784,6e-05,-0.00546,0.01638,1e-05,0,1e-05
62.52,0.0071,-0.0035,-0.00048,-0.00159,-0.00031,-0,0.00058,0.00012,4e-05,-0.00038,0,2e-05,2e-05,-0.00052,0.00034,1e-05,-0,-0,0,-2e-05,-0.01311,0.00751,0.00036,-0.0095,-0.0001,-5e-05,-5e-05,-0.02151,0.00069,-0.00541,0.01138,3e-05,0,1e-05
62.54,0.00584,-0.00352,-0.00059,-0.00177,-0.00031,-0,0.00053,0.00012,2e-05,-0.00036,0,2e-05,3e-05,-0.00082,0.00032,2e-05,0,-0,-0,-1e-05,-0.01631,0.00986,0.00053,-0.0129,-0.00013,-5e-05,-5e-05,-0.03143,0.00116,-0.00497,0.00694,4e-05,0,1e-05
62.56,0.00465,-0.00315,-0.00064,-0.00186,-0.00029,-0,0.00049,0.0001,-0,-0.00031,0,1e-05,4e-05,-0.00113,0.00027,4e-05,1e-05,0,-1e-05,-1e-05,-0.0187,0.0115,0.00057,-0.01504,-0.00013,-4e-05,-4e-05,-0.03486,0.00133,-0.00424,0.00342,3e-05,-0,0
62.58,0.00346,-0.00247,-0.00066,-0.00183,-0.00025,-0,0.00046,5e-05,-1e-05,-0.00024,0,1e-05,4e-05,-0.00141,0.00018,7e-05,-0,1e-05,-1e-05,-0,-0.02004,0.01196,0.00043,-0.0148,-9e-05,-3e-05,-3e-05,-0.03107,0.00111,-0.00326,0.0009,1e-05,-0,-0
62.6,0.00242,-0.00163,-0.00065,-0.00167,-0.00022,-0,0.00041,-0,-2e-05,-0.00014,0,1e-05,4e-05,-0.00161,6e-05,0.00011,-3e-05,3e-05,-2e-05,-0,-0.0202,0.01145,6e-05,-0.01124,-0,-2e-05,-2e-05,-0.02179,0.00075,-0.00227,-0.00071,-2e-05,-0,-0
62.62,0.00154,-0.00073,-0.0006,-0.00137,-0.00018,-0,0.00032,-3e-05,-2e-05,-2e-05,0,0,3e-05,-0.00171,-8e-05,0.00016,-6e-05,5e-05,-2e-05,0,-0.01918,0.01048,-0.00045,-0.00451,0.00013,-0,-1e-05,-0.00876,0.00067,-0.00126,-0.00183,-6e-05,-0,-1e-05
62.64,0.00058,0.00016,-0.00054,-0.00097,-0.00015,-0,0.00018,-3e-05,-1e-05,0.00012,0,0,2e-05,-0.0017,-0.00023,0.00019,-9e-05,9e-05,-2e-05,0,-0.01716,0.00879,-0.0009,0.00399,0.00029,0,-1e-05,0.0057,0.00088,-0.00015,-0.00275,-8e-05,-0,-1e-05
62.66,-0.00049,0.001,-0.00046,-0.00052,-0.00012,-0,-1e-05,-4e-05,-1e-05,0.00027,0,-0,1e-05,-0.00162,-0.00037,0.00022,-0.00011,0.00014,-1e-05,0,-0.01437,0.00634,-0.00124,0.01307,0.00045,-0,-2e-05,0.01782,0.0012,0.00096,-0.00353,-0.0001,-0,-1e-05
62.68,-0.00159,0.00171,-0.00036,-6e-05,-9e-05,-0,-0.00024,-5e-05,-0,0.00041,0,-0,1e-05,-0.00145,-0.00048,0.00022,-0.00011,0.00019,-1e-05,1e-05,-0.01113,0.00356,-0.00139,0.02169,0.00059,-1e-05,-3e-05,0.02407,0.00165,0.00199,-0.00421,-9e-05,-0,-1e-05
62.7,-0.00267,0.00228,-0.00026,0.00038,-7e-05,-0,-0.00047,-4e-05,0,0.00053,0,-1e-05,0,-0.00127,-0.00056,0.00021,-0.00011,0.00026,-1e-05,0,-0.00792,0.00104,-0.00138,0.02876,0.00067,-1e-05,-4e-05,0.02289,0.00225,0.00289,-0.00494,-7e-05,0,-1e-05
62.72,-0.00371,0.00272,-0.00015,0.00076,-5e-05,-0,-0.00064,-2e-05,0,0.00062,0,-1e-05,0,-0.00111,-0.0006,0.00018,-9e-05,0.00035,-1e-05,0,-0.00524,-0.00101,-0.00125,0.03334,0.00067,-1e-05,-4e-05,0.01549,0.00293,0.00375,-0.00586,-4e-05,0,-1e-05
62.74,-0.00467,0.00294,-6e-05,0.00104,-4e-05,-0,-0.00074,-1e-05,0,0.00064,0,-1e-05,0,-0.00095,-0.00058,0.00013,-7e-05,0.00043,-1e-05,0,-0.0034,-0.00245,-0.00099,0.03518,0.00057,-1e-05,-3e-05,0.00304,0.00319,0.00443,-0.00682,-1e-05,0,-1e-05
62.76,-0.00551,0.00286,2e-05,0.00122,-4e-05,-0,-0.00076,1e-05,-0,0.00058,0,-0,-0,-0.00078,-0.00053,9e-05,-5e-05,0.00046,-1e-05,-0,-0.00247,-0.00304,-0.00066,0.03451,0.00037,1e-05,-0,-0.01359,0.00277,0.00472,-0.00763,3e-05,0,-1e-05
62.78,-0.00617,0.00252,7e-05,0.00132,-5e-05,-0,-0.00072,2e-05,-1e-05,0.00045,0,-0,-0,-0.00059,-0.00043,4e-05,-2e-05,0.00045,-1e-05,-0,-0.00222,-0.00286,-0.00034,0.03161,0.00011,3e-05,3e-05,-0.03138,0.00186,0.00453,-0.00825,6e-05,0,-1e-05
62.8,-0.00675,0.00194,7e-05,0.00133,-7e-05,-0,-0.00065,2e-05,-1e-05,0.00024,0,-0,-0,-0.00042,-0.00032,1e-05,-0,0.00038,0,-0,-0.0023,-0.0022,-0.00014,0.02709,-0.00016,5e-05,7e-05,-0.04793,0.00069,0.00384,-0.00866,8e-05,-0,-1e-05
62.82,-0.00737,0.00123,1e-05,0.00129,-9e-05,0,-0.00059,1e-05,-1e-05,1e-05,0,0,-0,-0.00027,-0.00019,-2e-05,0,0.00027,1e-05,-0,-0.00235,-0.0014,-7e-05,0.02173,-0.00037,6e-05,9e-05,-0.06163,-0.00032,0.00285,-0.00881,0.0001,-0,-1e-05
62.84,-0.00789,0.0005,-0.00011,0.00121,-0.00012,0,-0.00053,0,-0,-0.0002,0,1e-05,-0,-0.00015,-6e-05,-3e-05,-0,0.00016,1e-05,0,-0.00211,-0.00071,-4e-05,0.0161,-0.0005,6e-05,0.00011,-0.07085,-0.00085,0.00177,-0.00865,0.00011,-0,-1e-05
62.86,-0.00819,-0.00014,-0.00029,0.00111,-0.00015,0,-0.00047,0,1e-05,-0.00039,0,1e-05,-0,-6e-05,6e-05,-4e-05,-1e-05,8e-05,2e-05,1e-05,-0.00151,-0.00025,-1e-05,0.0107,-0.00049,6e-05,0.0001,-0.07499,-0.00096,0.00085,-0.00819,0.00012,-0,-1e-05
62.88,-0.0083,-0.00065,-0.00049,0.001,-0.00017,0,-0.00043,-0,2e-05,-0.00056,0,1e-05,-0,-1e-05,0.00017,-3e-05,-3e-05,1e-05,2e-05,2e-05,-0.00068,-4e-05,0,0.00599,-0.00036,4e-05,8e-05,-0.07364,-0.00079,0.00032,-0.00768,0.00013,-0,-1e-05
62.9,-0.00822,-0.00097,-0.00069,0.00088,-0.00018,0,-0.00039,-0,2e-05,-0.00068,0,2e-05,-0,-0,0.00027,-3e-05,-5e-05,-3e-05,2e-05,3e-05,0.00013,0,-1e-05,0.00228,-0.00011,2e-05,5e-05,-0.06962,-0.00058,3e-05,-0.00681,0.00013,-0,-1e-05
62.92,-0.00796,-0.0011,-0.00084,0.00078,-0.00018,0,-0.00034,0,1e-05,-0.00073,0,2e-05,-0,-4e-05,0.00037,-2e-05,-8e-05,-6e-05,2e-05,4e-05,0.00065,2e-05,-2e-05,-8e-05,0.00021,-1e-05,1e-05,-0.06584,-0.00047,-9e-05,-0.00498,0.00015,-1e-05,-0
62.94,-0.00754,-0.00106,-0.00089,0.00068,-0.00018,0,-0.00029,1e-05,-4e-05,-0.0007,0,1e-05,0,-0.00011,0.00046,-2e-05,-0.00011,-8e-05,2e-05,5e-05,0.00048,0.00014,2e-05,-0.0005,0.00048,-3e-05,-2e-05,-0.06227,-0.00038,-3e-05,0.00153,0.00015,-1e-05,0
62.96,-0.00698,-0.00092,-0.00085,0.00058,-0.00016,0,-0.00024,2e-05,-0.00012,-0.00063,0,1e-05,1e-05,-0.00021,0.00054,-2e-05,-0.00014,-8e-05,1e-05,7e-05,-0.00021,0.00036,0.00012,0.00032,0.00058,-2e-05,-4e-05,-0.06085,-0.00013,0.00024,0.01559,0.00011,-0,2e-05
62.98,-0.00635,-0.00071,-0.00072,0.00048,-0.00015,0,-0.00018,3e-05,-0.00022,-0.00053,0,0,2e-05,-0.00032,0.00062,-2e-05,-0.00018,-8e-05,1e-05,8e-05,-0.0005,0.00063,0.00021,0.00078,0.00064,-1e-05,-4e-05,-0.06263,0.00042,0.00064,0.03487,7e-05,0,3e-05
63,-0.0055,-0.00048,-0.00053,0.00038,-0.00013,0,-0.00012,3e-05,-0.00028,-0.0004,0,-0,3e-05,-0.00042,0.00068,-3e-05,-0.00022,-8e-05,1e-05,9e-05,0.00033,0.00079,0.00032,0.00044,0.0007,-1e-05,-4e-05,-0.068,0.00152,0.00103,0.05835,2e-05,0,3e-05
63.02,-0.00432,-0.00028,-0.00035,0.00029,-0.0001,0,-9e-05,3e-05,-0.00021,-0.00023,1e-05,-0,5e-05,-0.00048,0.00074,-3e-05,-0.00023,-8e-05,1e-05,9e-05,0.00311,0.00047,0.00048,-0.00123,0.00085,1e-05,-2e-05,-0.07258,0.00294,0.0011,0.0817,-8e-05,-0,2e-05
63.04,-0.00295,-0.0001,-0.0002,0.0002,-6e-05,0,-9e-05,1e-05,-5e-05,-8e-05,1e-05,0,6e-05,-0.00049,0.00077,-3e-05,-0.00024,-7e-05,1e-05,0.0001,0.00861,-0.0004,0.00057,-0.00459,0.00087,2e-05,1e-05,-0.07466,0.00413,0.00082,0.10157,-0.00019,-1e-05,-1e-05
63.06,-0.00141,2e-05,-7e-05,0.00011,-2e-05,-0,-0.00015,-1e-05,0.00014,2e-05,1e-05,0,7e-05,-0.00046,0.00076,-3e-05,-0.00023,-7e-05,1e-05,9e-05,0.01702,-0.00144,0.00049,-0.00953,0.00062,2e-05,2e-05,-0.07648,0.00482,0.00044,0.11667,-0.00028,-3e-05,-5e-05
63.08,0.00041,7e-05,1e-05,4e-05,2e-05,-0,-0.00024,-1e-05,0.00032,9e-05,1e-05,1e-05,7e-05,-0.00039,0.00072,-1e-05,-0.00021,-6e-05,1e-05,8e-05,0.02717,-0.00227,0.00029,-0.01621,8e-05,1e-05,1e-05,-0.07711,0.00429,0.0001,0.12302,-0.00033,-5e-05,-9e-05
63.1,0.00251,4e-05,4e-05,-2e-05,5e-05,-0,-0.00033,2e-05,0.00042,0.0001,1e-05,2e-05,7e-05,-0.0003,0.00064,1e-05,-0.00017,-5e-05,0,6e-05,0.03794,-0.00173,0.00014,-0.0224,-0.00078,-1e-05,-2e-05,-0.07665,0.0026,-4e-05,0.12131,-0.00031,-7e-05,-0.00013
63.12,0.00474,-6e-05,5e-05,-6e-05,7e-05,-0,-0.0004,8e-05,0.00043,3e-05,1e-05,2e-05,6e-05,-0.0002,0.00053,4e-05,-0.00012,-5e-05,0,4e-05,0.04824,0.00104,-1e-05,-0.02268,-0.00142,-2e-05,-4e-05,-0.07587,0.00055,3e-05,0.11531,-0.00021,-8e-05,-0.00016
63.14,0.007,-0.0002,3e-05,-0.00011,4e-05,-0,-0.00045,0.00016,0.00035,-3e-05,1e-05,2e-05,6e-05,-0.0001,0.0004,7e-05,-5e-05,-5e-05,0,1e-05,0.05464,0.00447,-0.00013,-0.01807,-0.00162,-1e-05,-4e-05,-0.07491,-0.00192,0.00018,0.10463,-7e-05,-8e-05,-0.00018
63.16,0.00932,-0.00033,0,-0.00016,-2e-05,-0,-0.00047,0.00026,0.00023,-4e-05,0,2e-05,4e-05,1e-05,0.00027,9e-05,0,-4e-05,0,-3e-05,0.0551,0.00649,0.00027,-0.01188,-0.0016,2e-05,-2e-05,-0.0742,-0.00476,0.00022,0.08995,8e-05,-8e-05,-0.00019
63.18,0.01157,-0.00039,-2e-05,-0.00023,-0.00012,-0,-0.00046,0.00035,0.0001,-2e-05,0,1e-05,2e-05,0.00011,0.00016,9e-05,3e-05,-4e-05,0,-6e-05,0.0487,0.00608,0.00148,-0.00367,-0.00129,6e-05,2e-05,-0.07353,-0.00742,-1e-05,0.07383,0.00022,-8e-05,-0.00018
63.2,0.01349,-0.00037,-2e-05,-0.00033,-0.00022,0,-0.00043,0.00041,-2e-05,-0,0,1e-05,-0,0.00016,7e-05,8e-05,1e-05,-4e-05,1e-05,-9e-05,0.0406,0.00286,0.00315,0.00274,-0.00094,9e-05,5e-05,-0.07234,-0.00931,-0.00057,0.05802,0.00033,-7e-05,-0.00016
63.22,0.01475,-0.00027,-1e-05,-0.00051,-0.00032,0,-0.00043,0.0004,-9e-05,3e-05,0,0,-2e-05,0.00015,1e-05,6e-05,-4e-05,-3e-05,1e-05,-0.0001,0.0367,-0.00169,0.00423,0.00567,-0.00078,0.00011,7e-05,-0.07007,-0.01009,-0.00129,0.04369,0.0004,-7e-05,-0.00014
63.24,0.01528,-0.00011,2e-05,-0.00074,-0.0004,0,-0.00043,0.00037,-0.0001,7e-05,0,-0,-3e-05,0.00012,-1e-05,4e-05,-9e-05,-3e-05,1e-05,-9e-05,0.03243,-0.00533,0.00431,0.00745,-0.00065,0.00012,7e-05,-0.06636,-0.01004,-0.00201,0.03117,0.00041,-6e-05,-0.00011
63.26,0.01509,7e-05,3e-05,-0.00099,-0.00045,0,-0.00044,0.00033,-9e-05,0.00011,-0,-0,-3e-05,8e-05,-1e-05,2e-05,-0.00015,-3e-05,2e-05,-7e-05,0.02525,-0.00698,0.00356,0.0082,-0.00046,0.00011,7e-05,-0.06111,-0.00948,-0.00267,0.02057,0.00038,-5e-05,-8e-05
63.28,0.01419,0.00022,0,-0.00123,-0.00047,0,-0.00045,0.00029,-9e-05,0.00016,-0,-1e-05,-2e-05,5e-05,0,0,-0.0002,-2e-05,2e-05,-5e-05,0.01787,-0.00643,0.00221,0.00722,-0.0003,9e-05,6e-05,-0.05453,-0.00857,-0.00319,0.01209,0.00029,-4e-05,-5e-05
63.3,0.01269,0.0003,-0.0001,-0.00144,-0.00046,0,-0.00048,0.00025,-0.0001,0.00021,-0,-1e-05,-1e-05,2e-05,1e-05,-1e-05,-0.00021,-2e-05,2e-05,-3e-05,0.01121,-0.00468,0.0008,0.00404,-0.00018,7e-05,5e-05,-0.04695,-0.00727,-0.00351,0.00595,0.00017,-2e-05,-2e-05
63.32,0.0108,0.00029,-0.00027,-0.00157,-0.00044,0,-0.00053,0.0002,-0.00013,0.00029,-0,-1e-05,-0,1e-05,-2e-05,-1e-05,-0.00018,-2e-05,2e-05,-2e-05,0.00432,-0.00276,-0.00024,-9e-05,-0.0001,6e-05,4e-05,-0.03882,-0.0057,-0.00362,0.00227,3e-05,1e-05,0
63.34,0.00876,0.00021,-0.0005,-0.00159,-0.0004,0,-0.0006,0.00017,-0.00016,0.00036,-0,-1e-05,1e-05,-0,-7e-05,-2e-05,-0.00011,-2e-05,2e-05,-1e-05,-0.00274,-0.00087,-0.00077,-0.00409,-5e-05,4e-05,3e-05,-0.03095,-0.0042,-0.00359,0.00102,-0.00013,4e-05,2e-05
63.36,0.00672,9e-05,-0.00074,-0.0015,-0.00036,0,-0.00067,0.00014,-0.00019,0.0004,-0,-1e-05,1e-05,-1e-05,-0.00015,-1e-05,-3e-05,-2e-05,1e-05,-1e-05,-0.0082,0.00065,-0.00084,-0.0079,-2e-05,3e-05,2e-05,-0.02376,-0.00288,-0.00345,0.00204,-0.00028,8e-05,3e-05
63.38,0.00474,-3e-05,-0.00094,-0.00129,-0.00031,0,-0.00074,0.00012,-0.00019,0.0004,-0,-1e-05,1e-05,-1e-05,-0.00027,-1e-05,5e-05,-2e-05,1e-05,-0,-0.011,0.00149,-0.00063,-0.0112,-0,2e-05,1e-05,-0.01732,-0.0017,-0.00328,0.00497,-0.00042,0.00011,4e-05
63.4,0.00302,-0.00013,-0.00105,-0.00098,-0.00028,0,-0.00081,0.00011,-0.00017,0.00036,-0,-1e-05,0,-0,-0.00041,-1e-05,9e-05,-2e-05,1e-05,-0,-0.0116,0.00169,-0.00034,-0.0139,-0,1e-05,1e-05,-0.01184,-0.00057,-0.00294,0.00918,-0.00054,0.00015,4e-05
63.42,0.00162,-0.0002,-0.00102,-0.00062,-0.00026,0,-0.00085,0.00011,-0.00013,0.00028,-0,-1e-05,-0,-1e-05,-0.00054,-0,6e-05,-1e-05,0,-0,-0.01004,0.00172,-9e-05,-0.01613,-1e-05,1e-05,0,-0.00732,0.00051,-0.00235,0.01392,-0.00063,0.00018,4e-05
63.44,0.00035,-0.00025,-0.00086,-0.00025,-0.00023,0,-0.00085,0.00012,-8e-05,0.00017,-0,-2e-05,-0,-2e-05,-0.00064,-0,3e-05,-1e-05,-0,-0,-0.00572,0.00172,0.0001,-0.01706,-2e-05,0,-0,-0.00351,0.00155,-0.0017,0.01857,-0.00069,0.0002,4e-05
63.46,-0.00083,-0.00028,-0.00058,8e-05,-0.00011,0,-0.00082,0.00012,-4e-05,6e-05,-0,-2e-05,0,-3e-05,-0.00071,-0,0,-1e-05,-1e-05,-0,0.00029,0.00166,0.00021,-0.01613,-3e-05,-0,-0,-0.00028,0.00258,-0.00111,0.02276,-0.0007,0.00021,4e-05
63.48,-0.00189,-0.0003,-0.00024,0.00037,1e-05,0,-0.00074,0.00012,1e-05,-6e-05,-0,-2e-05,1e-05,-5e-05,-0.00075,-0,-3e-05,-1e-05,-2e-05,0,0.00619,0.00179,0.00023,-0.01353,-4e-05,-1e-05,-1e-05,0.00244,0.00361,-0.00057,0.0262,-0.00067,0.00021,4e-05
63.5,-0.00286,-0.00034,0.00011,0.00059,0.00016,0,-0.00064,0.00012,4e-05,-0.00017,0,-2e-05,2e-05,-8e-05,-0.00074,-0,-6e-05,-0,-2e-05,1e-05,0.0106,0.00227,0.00019,-0.01007,-4e-05,-1e-05,-1e-05,0.00472,0.00458,-0.00011,0.0287,-0.00062,0.0002,4e-05
63.52,-0.00378,-0.00041,0.0004,0.00074,0.00031,0,-0.00051,0.00011,7e-05,-0.00026,0,-2e-05,3e-05,-0.00012,-0.00066,-1e-05,-3e-05,-0,-2e-05,1e-05,0.01296,0.00313,9e-05,-0.00662,-3e-05,-1e-05,-1e-05,0.00663,0.00539,0.00027,0.03014,-0.00055,0.00019,3e-05
63.54,-0.00464,-0.00051,0.00061,0.00082,0.00036,0,-0.00036,0.0001,8e-05,-0.0003,-0,-2e-05,4e-05,-0.00015,-0.00054,-1e-05,3e-05,-0,-2e-05,2e-05,0.01285,0.00413,-0.00012,-0.00349,-2e-05,-2e-05,-2e-05,0.00826,0.00599,0.00059,0.03058,-0.00048,0.00018,3e-05
63.56,-0.00539,-0.00065,0.00071,0.00084,0.00039,0,-0.0002,7e-05,9e-05,-0.00032,-0,-1e-05,5e-05,-0.00018,-0.00042,-1e-05,0.0001,-0,-2e-05,2e-05,0.00973,0.00508,-0.00044,-0.00101,-0,-3e-05,-2e-05,0.0097,0.00634,0.00084,0.03012,-0.00041,0.00017,4e-05
63.58,-0.00608,-0.00085,0.00071,0.00083,0.00041,0,-4e-05,4e-05,9e-05,-0.0003,-0,-1e-05,5e-05,-0.00021,-0.00029,-0,0.00016,-0,-1e-05,3e-05,0.00378,0.00589,-0.00087,0.00053,2e-05,-5e-05,-3e-05,0.01107,0.00644,0.00102,0.02887,-0.00037,0.00015,4e-05
63.6,-0.00674,-0.0011,0.00062,0.00079,0.00043,0,9e-05,1e-05,9e-05,-0.00026,-0,-1e-05,6e-05,-0.00023,-0.00019,1e-05,0.0002,-0,-1e-05,4e-05,-0.0041,0.00644,-0.00135,0.00111,4e-05,-6e-05,-4e-05,0.0125,0.00619,0.00111,0.02702,-0.00034,0.00015,4e-05
63.62,-0.0074,-0.00139,0.00044,0.00074,0.00046,0,0.00021,-2e-05,8e-05,-0.00021,-0,-1e-05,6e-05,-0.00024,-0.00012,2e-05,0.00021,-0,-1e-05,4e-05,-0.01221,0.00663,-0.00182,0.001,7e-05,-8e-05,-5e-05,0.0141,0.00553,0.00111,0.0248,-0.00033,0.00014,5e-05
63.64,-0.00808,-0.00171,0.0002,0.00069,0.00047,0,0.00029,-5e-05,6e-05,-0.00015,-0,-0,6e-05,-0.00023,-7e-05,3e-05,0.0002,-0,-0,5e-05,-0.01962,0.00632,-0.0022,0.00052,0.0001,-0.0001,-5e-05,0.01599,0.00455,0.00103,0.02227,-0.00034,0.00014,6e-05
63.66,-0.00873,-0.00204,-9e-05,0.00064,0.00048,0,0.00034,-6e-05,4e-05,-9e-05,-0,-0,5e-05,-0.00023,-3e-05,4e-05,0.00018,-0,-0,5e-05,-0.02609,0.00541,-0.00248,3e-05,0.00013,-0.00012,-6e-05,0.01827,0.00338,0.00088,0.01947,-0.00036,0.00014,7e-05
63.68,-0.00938,-0.00233,-0.00042,0.0006,0.00048,0,0.00036,-8e-05,2e-05,-3e-05,-0,-0,5e-05,-0.00024,-1e-05,4e-05,0.00017,-0,0,5e-05,-0.03056,0.00389,-0.00267,-0.00019,0.00018,-0.00013,-6e-05,0.02101,0.00208,0.00069,0.01643,-0.00039,0.00013,8e-05
63.7,-0.01,-0.00254,-0.00078,0.00057,0.00047,0,0.00036,-9e-05,-1e-05,0,-0,0,4e-05,-0.00025,-0,3e-05,0.00013,0,0,5e-05,-0.03304,0.0018,-0.00282,-0,0.00023,-0.00015,-6e-05,0.02429,0.00075,0.00048,0.0132,-0.00041,0.00012,9e-05
63.72,-0.01053,-0.0026,-0.00117,0.00056,0.00039,0,0.00034,-9e-05,-3e-05,1e-05,-0,0,3e-05,-0.00024,-0,2e-05,8e-05,0,0,5e-05,-0.03471,-0.0006,-0.00303,0.00056,0.00029,-0.00017,-7e-05,0.02825,-0.00047,0.00029,0.0098,-0.00042,0.00011,0.0001
63.74,-0.01094,-0.00251,-0.00157,0.00055,0.00029,0,0.0003,-9e-05,-4e-05,-0,-0,0,2e-05,-0.00023,-0,-1e-05,3e-05,0,0,4e-05,-0.03565,-0.00298,-0.00325,0.00145,0.00035,-0.00019,-8e-05,0.03282,-0.00144,0.00017,0.00615,-0.00041,9e-05,9e-05
63.76,-0.01121,-0.00231,-0.00197,0.00054,0.00021,0,0.00025,-9e-05,-5e-05,-2e-05,-0,0,0,-0.00023,-0,-4e-05,-1e-05,0,0,4e-05,-0.03539,-0.00512,-0.00339,0.00244,0.0004,-0.0002,-8e-05,0.0379,-0.00209,0.00013,0.00222,-0.00037,6e-05,8e-05
63.78,-0.01135,-0.00201,-0.00235,0.00054,0.00015,0,0.00018,-9e-05,-6e-05,-5e-05,-0,0,-1e-05,-0.00022,-0,-8e-05,-4e-05,0,-0,3e-05,-0.03374,-0.00685,-0.00345,0.00276,0.00043,-0.0002,-8e-05,0.0434,-0.00236,0.00015,-0.00191,-0.00031,4e-05,6e-05
63.8,-0.01129,-0.00165,-0.00266,0.00053,0.0001,0,0.0001,-0.0001,-6e-05,-9e-05,-0,0,-3e-05,-0.00021,0,-0.00011,-7e-05,-0,-0,2e-05,-0.03234,-0.00803,-0.00284,0.00388,0.00045,-0.00013,-4e-05,0.04911,-0.00223,0.0002,-0.00615,-0.00023,1e-05,3e-05
63.82,-0.011,-0.00129,-0.00288,0.00051,7e-05,0,2e-05,-0.0001,-5e-05,-0.00013,-0,0,-4e-05,-0.00016,0,-0.00013,-9e-05,-0,-0,1e-05,-0.03229,-0.0083,-0.00127,0.00862,0.00048,-1e-05,-0,0.05474,-0.00174,0.00022,-0.01045,-0.00014,-1e-05,-1e-05
63.84,-0.01051,-0.00094,-0.00295,0.00048,5e-05,0,-5e-05,-0.00011,-2e-05,-0.00015,-0,0,-5e-05,-0.0001,0,-0.00014,-0.0001,-0,-0,0,-0.03185,-0.00739,-8e-05,0.01406,0.00045,-9e-05,-0.00011,0.06007,-0.00088,0.00017,-0.01471,-5e-05,-2e-05,-3e-05
63.86,-0.00987,-0.00065,-0.00286,0.00044,3e-05,-0,-0.00012,-0.00012,-0,-0.00018,-0,-0,-6e-05,-4e-05,0,-0.00014,-0.00011,-0,-0,-0,-0.02949,-0.00566,0,0.01729,0.00032,-0.0005,-0.00044,0.06496,0.00022,2e-05,-0.01885,3e-05,-3e-05,-5e-05
63.88,-0.00912,-0.0004,-0.0026,0.00039,3e-05,-0,-0.00018,-0.00014,2e-05,-0.00022,-0,-0,-7e-05,1e-05,-1e-05,-0.00012,-0.00012,-0,-0,-1e-05,-0.02486,-0.00355,-0.00083,0.01895,0.00014,-0.00155,-0.00112,0.06945,0.00143,-0.00021,-0.02287,0.00011,-3e-05,-6e-05
63.9,-0.00813,-0.00022,-0.00222,0.00034,3e-05,-0,-0.00023,-0.00015,5e-05,-0.00024,-0,-0,-7e-05,6e-05,-2e-05,-0.0001,-0.00012,-0,-0,-1e-05,-0.0179,-0.00211,-0.00128,0.01824,-8e-05,-0.00248,-0.00172,0.07314,0.00255,-0.00046,-0.02674,0.00017,-3e-05,-6e-05
63.92,-0.00683,-9e-05,-0.00176,0.00029,3e-05,-0,-0.00024,-0.00017,6e-05,-0.00024,-0,-0,-7e-05,0.00012,-3e-05,-8e-05,-0.00012,-0,-0,-1e-05,-0.01015,-0.00187,-0.00018,0.01508,-0.00025,-0.00113,-0.00114,0.07553,0.00318,-0.00062,-0.03034,0.00023,-2e-05,-6e-05
63.94,-0.00541,-1e-05,-0.00125,0.00024,3e-05,-0,-0.00024,-0.00017,8e-05,-0.00022,-0,-0,-7e-05,0.00016,-5e-05,-6e-05,-0.0001,-0,-0,-1e-05,-0.00414,-0.00241,0.00105,0.01089,-0.00032,0.00137,0.0002,0.07683,0.00324,-0.00064,-0.03363,0.00028,-2e-05,-5e-05
63.96,-0.00398,2e-05,-0.00073,0.00019,3e-05,-0,-0.00021,-0.00018,9e-05,-0.0002,-0,-1e-05,-7e-05,0.00019,-7e-05,-3e-05,-9e-05,-0,-0,-0,-0.00068,-0.00321,0.00155,0.00701,-0.0003,0.00367,0.00152,0.07727,0.00289,-0.00054,-0.03663,0.00032,-1e-05,-4e-05
63.98,-0.00254,3e-05,-0.00024,0.00014,3e-05,-0,-0.00016,-0.00018,0.0001,-0.00017,-0,-1e-05,-6e-05,0.0002,-0.0001,-2e-05,-7e-05,-0,0,-0,0.00044,-0.00422,0.00163,0.00374,-0.00022,0.00636,0.00294,0.07678,0.00221,-0.00035,-0.03923,0.00036,-1e-05,-4e-05
64,-0.00111,1e-05,0.00017,9e-05,2e-05,-0,-0.00011,-0.00017,0.0001,-0.00011,-0,-1e-05,-6e-05,0.00021,-0.00012,-1e-05,-5e-05,-0,0,0,0.00016,-0.00497,0.00129,0.00161,-0.00014,0.0084,0.00375,0.07469,0.0012,-0.00011,-0.04119,0.0004,-1e-05,-3e-05
64.02,0.00019,-2e-05,0.00047,4e-05,2e-05,-0,-8e-05,-0.00016,8e-05,-2e-05,-0,-1e-05,-5e-05,0.0002,-0.00013,-0,-4e-05,-0,0,0,-0.0007,-0.00496,0.00058,0.00062,-8e-05,0.0076,0.00333,0.07033,-0.00022,0.00011,-0.04225,0.00042,-0,-3e-05
64.04,0.00123,-4e-05,0.00064,-2e-05,1e-05,-0,-5e-05,-0.00014,7e-05,7e-05,-0,-1e-05,-5e-05,0.00018,-0.00014,1e-05,-2e-05,-0,0,0,-0.0017,-0.00453,1e-05,0.00017,-3e-05,0.00573,0.00251,0.06439,-0.00178,0.00028,-0.0423,0.00044,-0,-3e-05
64.06,0.00201,-5e-05,0.00071,-0.0001,-0,-0,-2e-05,-0.00012,6e-05,0.00015,0,-0,-5e-05,0.00017,-0.00015,2e-05,-1e-05,0,0,0,-0.00255,-0.00401,-0.00023,-1e-05,1e-05,0.00404,0.00174,0.05751,-0.00313,0.00037,-0.04127,0.00044,-1e-05,-3e-05
64.08,0.00251,-5e-05,0.00069,-0.0002,-1e-05,-0,-0,-9e-05,5e-05,0.00023,0,-0,-4e-05,0.00014,-0.00015,3e-05,-0,0,0,-0,-0.00309,-0.00339,-0.00025,-3e-05,5e-05,0.00224,0.00093,0.04978,-0.00429,0.00036,-0.03902,0.00043,-1e-05,-3e-05
64.1,0.00272,-6e-05,0.00061,-0.00031,-2e-05,-0,-0,-7e-05,4e-05,0.00025,0,-0,-4e-05,0.00011,-0.00015,4e-05,-0,0,0,-0,-0.00335,-0.00275,-0.00014,-0,8e-05,0.00039,0.00013,0.04177,-0.00491,0.00028,-0.03563,0.00041,-1e-05,-3e-05
64.12,0.00268,-8e-05,0.0005,-0.00043,-3e-05,-0,-1e-05,-4e-05,4e-05,0.00021,0,-0,-3e-05,7e-05,-0.00015,6e-05,-1e-05,0,0,-1e-05,-0.00345,-0.00217,3e-05,4e-05,0.0001,-0.00135,-0.00062,0.03409,-0.00482,0.0002,-0.03128,0.00038,-1e-05,-3e-05
64.14,0.00243,-0.00011,0.00039,-0.00055,-4e-05,-0,-3e-05,-2e-05,3e-05,0.00014,0,-0,-2e-05,2e-05,-0.00015,7e-05,-1e-05,0,0,-2e-05,-0.00351,-0.00168,0.00019,7e-05,0.0001,-0.00283,-0.0013,0.02701,-0.00438,0.00013,-0.02611,0.00033,-1e-05,-3e-05
64.16,0.00202,-0.00016,0.0003,-0.00064,-4e-05,-0,-5e-05,0,2e-05,5e-05,0,-0,-2e-05,-3e-05,-0.00016,8e-05,-3e-05,0,-0,-2e-05,-0.0036,-0.00127,0.0003,7e-05,7e-05,-0.00405,-0.00189,0.02072,-0.00383,3e-05,-0.02045,0.00029,-1e-05,-3e-05
64.18,0.00153,-0.00021,0.00022,-0.00069,-5e-05,-0,-0.0001,3e-05,1e-05,-7e-05,0,-0,-1e-05,-7e-05,-0.00016,9e-05,-5e-05,0,-0,-2e-05,-0.00377,-0.00096,0.00034,5e-05,1e-05,-0.00517,-0.00244,0.01538,-0.00319,-4e-05,-0.01486,0.00024,-1e-05,-3e-05
64.2,0.00107,-0.00027,0.00017,-0.0007,-5e-05,-0,-0.00015,5e-05,1e-05,-0.00023,0,-0,-0,-0.00012,-0.00016,0.0001,-7e-05,-0,-0,-3e-05,-0.00398,-0.00072,0.00031,3e-05,-7e-05,-0.0056,-0.00273,0.01109,-0.00247,-8e-05,-0.00983,0.00019,-1e-05,-2e-05
64.22,0.00075,-0.00033,0.00013,-0.00065,-5e-05,-0,-0.00019,6e-05,1e-05,-0.00036,-0,-0,-0,-0.00017,-0.00016,8e-05,-8e-05,-0,-0,-3e-05,-0.00408,-0.00056,0.00025,7e-05,-0.00015,-0.00445,-0.00239,0.00784,-0.00175,-7e-05,-0.00578,0.00014,-1e-05,-2e-05
64.24,0.00051,-0.00038,0.0001,-0.00056,-5e-05,-0,-0.00025,7e-05,1e-05,-0.00045,-0,-0,-0,-0.0002,-0.00014,7e-05,-8e-05,-0,-0,-2e-05,-0.00405,-0.00049,0.00017,0.00012,-0.00019,-0.00293,-0.00176,0.00553,-0.00118,-5e-05,-0.00289,0.00011,-1e-05,-2e-05
64.26,0.00031,-0.00041,8e-05,-0.00045,-4e-05,-0,-0.00033,7e-05,3e-05,-0.00052,-0,-0,0,-0.00025,-0.00012,6e-05,-9e-05,-0,-0,-2e-05,-0.00392,-0.00045,7e-05,0.00016,-0.0002,-0.00176,-0.00116,0.00403,-0.00082,-5e-05,-0.00097,9e-05,-1e-05,-2e-05
64.28,0.00016,-0.00044,6e-05,-0.00032,-3e-05,-0,-0.00043,6e-05,4e-05,-0.00054,-0,-0,0,-0.00029,-9e-05,5e-05,-0.00011,-0,-0,-2e-05,-0.00365,-0.00044,-2e-05,0.0002,-0.00018,-0.0007,-0.00053,0.00311,-0.00061,-6e-05,0.00037,7e-05,-1e-05,-2e-05
64.3,7e-05,-0.00045,4e-05,-0.0002,-2e-05,-0,-0.00053,5e-05,6e-05,-0.00054,-0,0,-0,-0.00033,-6e-05,5e-05,-0.00012,-0,-0,-1e-05,-0.00327,-0.00042,-9e-05,0.00021,-0.00015,-0.0001,-0.00012,0.00255,-0.00049,-9e-05,0.00152,7e-05,-1e-05,-2e-05
64.32,1e-05,-0.00046,2e-05,-0.0001,-1e-05,-0,-0.00062,4e-05,8e-05,-0.00051,-0,0,-0,-0.00035,-2e-05,6e-05,-0.00011,-0,-0,-1e-05,-0.00274,-0.00037,-0.00015,0.00018,-0.00011,-9e-05,-7e-05,0.00212,-0.00037,-0.00012,0.00271,7e-05,-2e-05,-3e-05
64.34,-4e-05,-0.00045,1e-05,-2e-05,0,-0,-0.00069,2e-05,0.00011,-0.00046,-0,1e-05,0,-0.00037,2e-05,7e-05,-0.0001,0,-0,-0,-0.00203,-0.00032,-0.00016,0.00012,-6e-05,-0.00017,-0.0001,0.00154,-0.00019,-0.00015,0.00398,7e-05,-2e-05,-3e-05
64.36,-9e-05,-0.00044,-1e-05,3e-05,1e-05,-0,-0.00073,1e-05,0.00012,-0.00039,-0,1e-05,0,-0.00038,6e-05,7e-05,-8e-05,0,0,0,-0.00118,-0.00025,-0.00014,5e-05,1e-05,-0.00015,-8e-05,0.00062,8e-05,-0.00019,0.00518,8e-05,-3e-05,-4e-05
64.38,-0.00013,-0.00043,-3e-05,5e-05,3e-05,-0,-0.00072,0,0.00014,-0.00029,-0,1e-05,0,-0.00038,0.0001,8e-05,-6e-05,0,0,1e-05,-0.00023,-0.00018,-0.00011,-3e-05,9e-05,-9e-05,-5e-05,-0.00073,0.00045,-0.00021,0.00605,8e-05,-4e-05,-5e-05
64.4,-0.00016,-0.0004,-6e-05,5e-05,4e-05,-0,-0.0007,-0,0.00014,-0.00021,-0,1e-05,0,-0.00037,0.00012,8e-05,-4e-05,0,0,1e-05,0.00072,-0.00011,-6e-05,-0.00013,0.00018,-1e-05,-1e-05,-0.00247,0.0009,-0.00021,0.00643,8e-05,-4e-05,-6e-05
64.42,-0.00019,-0.00037,-8e-05,5e-05,5e-05,-0,-0.00066,-0,0.00014,-0.00014,-0,1e-05,0,-0.00034,0.00015,7e-05,-3e-05,0,0,1e-05,0.0016,-4e-05,-1e-05,-0.00019,0.00028,0.0001,3e-05,-0.00449,0.00139,-0.0002,0.00628,8e-05,-5e-05,-7e-05
64.44,-0.00022,-0.00034,-0.0001,3e-05,5e-05,-0,-0.00061,0,0.00013,-9e-05,-0,0,-0,-0.0003,0.00016,6e-05,-2e-05,0,0,2e-05,0.00233,3e-05,3e-05,-0.00022,0.00038,0.00023,7e-05,-0.00659,0.0019,-0.00017,0.00563,7e-05,-6e-05,-9e-05
64.46,-0.00025,-0.0003,-0.00012,2e-05,5e-05,-0,-0.00052,1e-05,0.0001,-5e-05,-0,0,-0,-0.00025,0.00017,5e-05,-1e-05,0,0,2e-05,0.00281,8e-05,7e-05,-0.00021,0.00049,0.00037,0.00012,-0.00854,0.00242,-0.00013,0.00457,6e-05,-7e-05,-0.0001
64.48,-0.00029,-0.00025,-0.00013,2e-05,5e-05,-0,-0.0004,1e-05,8e-05,-2e-05,-0,0,-0,-0.0002,0.00017,3e-05,-0,0,0,2e-05,0.00301,0.00014,9e-05,-0.00016,0.00055,0.00049,0.00014,-0.01012,0.00296,-9e-05,0.00323,3e-05,-8e-05,-0.0001
64.5,-0.00034,-0.0002,-0.00013,2e-05,5e-05,-0,-0.0003,1e-05,6e-05,-1e-05,-0,0,-0,-0.00015,0.00016,2e-05,-0,0,0,2e-05,0.00289,0.00019,0.0001,-6e-05,0.00062,0.00065,0.00019,-0.01117,0.00345,-4e-05,0.00174,1e-05,-8e-05,-0.00011
64.52,-0.00038,-0.00014,-0.00013,4e-05,4e-05,-0,-0.00022,1e-05,4e-05,1e-05,-0,0,-0,-0.0001,0.00015,0,-0,0,0,1e-05,0.0025,0.00026,0.00011,9e-05,0.00077,0.00103,0.00035,-0.01154,0.00381,-1e-05,0.00021,-3e-05,-8e-05,-0.00011
64.54,-0.00043,-8e-05,-0.00013,6e-05,3e-05,-0,-0.00014,-0,3e-05,3e-05,-0,0,-0,-7e-05,0.00014,-1e-05,0,0,-0,1e-05,0.00188,0.00035,0.00012,0.00023,0.00087,0.0015,0.00056,-0.01103,0.00404,2e-05,-0.00135,-6e-05,-8e-05,-0.00011
64.56,-0.00045,-2e-05,-0.00012,9e-05,2e-05,-0,-4e-05,-1e-05,4e-05,8e-05,-0,-0,-0,-6e-05,0.00012,-1e-05,0,0,-0,0,0.00111,0.00049,0.00012,0.00024,0.0008,0.00187,0.00073,-0.00947,0.0042,2e-05,-0.00298,-0.0001,-8e-05,-0.0001
64.58,-0.00042,1e-05,-0.00011,0.00012,1e-05,-0,0.0001,-1e-05,6e-05,0.00015,-0,-0,0,-7e-05,0.0001,-0,1e-05,0,-0,-0,0.00027,0.0007,0.00011,5e-05,0.00058,0.00212,0.00086,-0.00674,0.00428,1e-05,-0.00475,-0.00014,-8e-05,-9e-05
64.6,-0.00027,2e-05,-0.00011,0.00015,0,-0,0.00027,0,8e-05,0.00026,-0,0,0,-0.00011,7e-05,1e-05,3e-05,-0,-1e-05,-1e-05,-0.00055,0.001,0.0001,-0.00043,0.00016,0.00216,0.00091,-0.00276,0.00427,-2e-05,-0.0068,-0.00017,-7e-05,-8e-05
64.62,9e-05,-1e-05,-0.00011,0.00016,0,0,0.00049,4e-05,0.00011,0.00041,-0,0,-0,-0.00018,4e-05,4e-05,5e-05,-0,-1e-05,-2e-05,-0.00135,0.00143,0.00013,-0.00112,-0.00029,0.00193,0.00087,0.00255,0.00414,-5e-05,-0.00926,-0.00019,-6e-05,-7e-05
64.64,0.00075,-0.0001,-0.00013,0.00016,-0,0,0.00077,0.00011,0.00015,0.0006,-0,0,-0,-0.00028,0,9e-05,9e-05,-0,-1e-05,-2e-05,-0.00217,0.00194,0.00015,-0.00184,-0.00055,0.00132,0.00066,0.00923,0.00391,-9e-05,-0.01222,-0.00021,-5e-05,-5e-05
64.66,0.00182,-0.00022,-0.00016,0.00015,-0,0,0.00115,0.0002,0.00019,0.00083,-0,0,-0,-0.00043,-5e-05,0.00015,0.00013,-0,-1e-05,-2e-05,-0.00314,0.00244,0.00016,-0.00252,-0.00067,0.00028,0.00022,0.01733,0.00359,-0.00014,-0.01577,-0.00021,-4e-05,-4e-05
64.68,0.00343,-0.00033,-0.00021,0.00012,-1e-05,0,0.00163,0.00031,0.00024,0.00108,-0,0,-0,-0.00063,-0.0001,0.00023,0.00016,-0,-1e-05,-3e-05,-0.00461,0.00289,0.00012,-0.00319,-0.00066,-0.00125,-0.00043,0.02694,0.00315,-0.00018,-0.01986,-0.0002,-3e-05,-2e-05
64.7,0.00547,-0.00037,-0.00027,7e-05,-3e-05,0,0.00224,0.00043,0.0003,0.00135,-0,0,0,-0.00089,-0.00017,0.00032,0.00018,-0,-1e-05,-3e-05,-0.00625,0.00315,7e-05,-0.00323,-0.00061,-0.00298,-0.00119,0.03758,0.00262,-0.00021,-0.02432,-0.00019,-1e-05,0
64.72,0.00746,-0.00021,-0.00036,3e-05,-5e-05,0,0.00296,0.00056,0.00038,0.00165,-0,0,0,-0.0012,-0.00022,0.00044,0.00019,-0,-1e-05,-3e-05,-0.00689,0.00308,-3e-05,-0.0017,-0.00059,-0.00328,-0.00149,0.04803,0.00201,-0.00024,-0.02886,-0.00017,1e-05,3e-05
64.74,0.00924,0.00024,-0.00047,-0,-8e-05,0,0.0038,0.00068,0.00047,0.0019,-0,0,0,-0.00156,-0.00027,0.00056,0.00019,-0,-1e-05,-3e-05,-0.00665,0.00286,-0.00021,0.00029,-0.00055,-0.00253,-0.00131,0.05809,0.00124,-0.00027,-0.03328,-0.00014,4e-05,7e-05
64.76,0.01092,0.00106,-0.00059,-4e-05,-0.0001,0,0.00475,0.00079,0.00055,0.00203,-0,0,0,-0.00196,-0.00029,0.00068,0.00017,-0,-1e-05,-3e-05,-0.00642,0.00266,-0.00038,0.00189,-0.00047,-0.00173,-0.00098,0.06822,0.00026,-0.00027,-0.03745,-0.00011,7e-05,0.00013
64.78,0.01248,0.00226,-0.00072,-6e-05,-0.00013,0,0.00578,0.00088,0.00064,0.00203,-0,1e-05,-0,-0.00239,-0.0003,0.00077,0.00014,-0,-1e-05,-3e-05,-0.00609,0.00247,-0.0005,0.00339,-0.00036,-0.00078,-0.00049,0.07861,-0.00085,-0.00023,-0.0413,-7e-05,0.00012,0.00019
64.8,0.01297,0.0037,-0.00085,-6e-05,-0.00014,0,0.00688,0.00092,0.00072,0.00192,-0,1e-05,-0,-0.00281,-0.00028,0.00085,0.00011,-0,-1e-05,-3e-05,-0.00591,0.00229,-0.00055,0.00411,-0.00026,-0.00014,-0.00011,0.08725,-0.00202,-0.00023,-0.04433,-3e-05,0.00017,0.00027
64.82,0.01095,0.00503,-0.00096,-4e-05,-0.00012,0,0.00804,0.00087,0.0008,0.0017,-0,2e-05,-0,-0.00321,-0.00023,0.0009,6e-05,-0,-1e-05,-3e-05,-0.00568,0.00209,-0.00048,0.00369,-0.0002,-6e-05,-5e-05,0.09091,-0.00321,-0.00034,-0.04602,1e-05,0.00023,0.00036
64.84,0.00704,0.00598,-0.00105,-1e-05,-9e-05,0,0.00909,0.00078,0.00087,0.00138,0,3e-05,-1e-05,-0.00357,-0.00017,0.00091,1e-05,-0,-1e-05,-3e-05,-0.00512,0.00186,-0.00035,0.00299,-0.00014,-0.00011,-6e-05,0.09077,-0.00428,-0.00044,-0.04662,4e-05,0.00029,0.00045
64.86,0.00236,0.00642,-0.00109,0,-5e-05,0,0.00995,0.00065,0.00093,0.00103,0,4e-05,-1e-05,-0.00387,-0.00011,0.00087,-2e-05,-0,-1e-05,-2e-05,-0.00427,0.00162,-0.0002,0.00242,-9e-05,-9e-05,-4e-05,0.08912,-0.00505,-0.00047,-0.04658,8e-05,0.00036,0.00053
64.88,-0.00306,0.00625,-0.00106,1e-05,-1e-05,0,0.01059,0.00052,0.00099,0.00067,0,6e-05,-1e-05,-0.00407,-5e-05,0.00079,-4e-05,-1e-05,-1e-05,-2e-05,-0.00308,0.00141,-7e-05,0.00189,-5e-05,-7e-05,-3e-05,0.08611,-0.00543,-0.00045,-0.04626,0.00011,0.00042,0.00061
64.9,-0.00972,0.00512,-0.00094,-0,0,0,0.01092,0.00035,0.00103,0.00034,0,7e-05,-1e-05,-0.00426,-1e-05,0.00065,-5e-05,-1e-05,-1e-05,-2e-05,-0.00207,0.00126,1e-05,0.00146,-3e-05,-6e-05,-2e-05,0.07923,-0.0054,-0.00043,-0.04537,0.00013,0.00048,0.00068
64.92,-0.01839,0.00279,-0.00072,-3e-05,-2e-05,0,0.01082,0.00016,0.00101,6e-05,0,8e-05,-1e-05,-0.00451,0,0.00048,-6e-05,-1e-05,-1e-05,-1e-05,-0.00169,0.00118,4e-05,0.00119,-1e-05,-3e-05,-1e-05,0.06504,-0.00497,-0.00041,-0.04346,0.00014,0.00052,0.00071
64.94,-0.02826,-0.0002,-0.00036,-7e-05,-9e-05,0,0.01023,-1e-05,0.00092,-0.00018,0,9e-05,-1e-05,-0.00474,-1e-05,0.00032,-5e-05,-1e-05,-1e-05,-0,-0.00143,0.00118,3e-05,0.00118,-0,-2e-05,-0,0.04654,-0.004,-0.00042,-0.04147,0.00015,0.00054,0.00072
64.96,-0.03836,-0.00325,0.00012,-0.00013,-0.00021,-0,0.0093,-0.00013,0.00078,-0.0004,0,9e-05,-1e-05,-0.00485,-4e-05,0.0002,-1e-05,-1e-05,-1e-05,1e-05,-0.00087,0.00129,-1e-05,0.00145,1e-05,-1e-05,-0,0.0273,-0.00245,-0.00044,-0.04006,0.00013,0.00053,0.00068
64.98,-0.04879,-0.00615,0.00067,-0.00019,-0.00036,-0,0.00814,-0.00023,0.00055,-0.00063,0,8e-05,-0,-0.00486,-9e-05,0.00012,4e-05,-1e-05,-1e-05,2e-05,-9e-05,0.00148,-8e-05,0.00194,1e-05,-0,-0,0.00674,-0.00045,-0.00048,-0.03862,0.00011,0.00049,0.00061
65,-0.0592,-0.00883,0.00123,-0.00024,-0.00043,-0,0.0067,-0.00032,0.00021,-0.00088,0,7e-05,0,-0.00479,-0.00013,8e-05,0.0001,-1e-05,-0,3e-05,0.00099,0.00174,-0.00015,0.00264,1e-05,0,0,-0.01383,0.00176,-0.0005,-0.03722,7e-05,0.00043,0.00052
65.02,-0.06895,-0.01134,0.00173,-0.00028,-0.0005,-0,0.0048,-0.0004,-0.00027,-0.00105,0,6e-05,1e-05,-0.00464,-0.00018,9e-05,0.00018,-1e-05,-0,4e-05,0.00239,0.00201,-0.0002,0.00366,1e-05,1e-05,0,-0.03264,0.00383,-0.00045,-0.03613,4e-05,0.00034,0.00041
65.04,-0.07777,-0.01342,0.00213,-0.00031,-0.00056,-0,0.00267,-0.00048,-0.00091,-0.00111,0,4e-05,1e-05,-0.00439,-0.00022,0.00013,0.00026,-1e-05,-0,5e-05,0.004,0.00226,-0.00022,0.00482,1e-05,1e-05,0,-0.04923,0.00542,-0.00025,-0.03462,1e-05,0.00025,0.00028
65.06,-0.08534,-0.01492,0.00237,-0.00033,-0.00061,-0,0.00068,-0.00056,-0.00172,-0.00109,0,3e-05,1e-05,-0.00402,-0.00022,0.0002,0.00034,-1e-05,-0,5e-05,0.00573,0.00248,-0.00018,0.00581,1e-05,2e-05,1e-05,-0.0628,0.00623,0.0002,-0.03213,-0,0.00014,0.00015
65.08,-0.09143,-0.01594,0.00249,-0.00037,-0.00065,-0,-0.00098,-0.00065,-0.00276,-0.00097,0,2e-05,0,-0.00354,-0.00019,0.00028,0.00041,-0,-0,5e-05,0.00737,0.00267,-8e-05,0.00661,1e-05,3e-05,1e-05,-0.07263,0.0061,0.00089,-0.02881,1e-05,3e-05,3e-05
65.1,-0.09497,-0.01658,0.00251,-0.00046,-0.00071,-0,-0.00236,-0.00072,-0.00383,-0.00071,1e-05,1e-05,0,-0.00293,-0.00012,0.00035,0.00047,-0,0,4e-05,0.00899,0.00281,9e-05,0.00715,1e-05,3e-05,1e-05,-0.07665,0.00511,0.00179,-0.02488,5e-05,-7e-05,-8e-05
65.12,-0.09529,-0.01702,0.00245,-0.00064,-0.0008,-0,-0.0034,-0.00077,-0.00452,-0.00028,1e-05,-0,-0,-0.0022,-3e-05,0.00042,0.00052,-0,1e-05,2e-05,0.01074,0.00284,0.0003,0.00741,1e-05,3e-05,1e-05,-0.07373,0.00346,0.00276,-0.02063,0.0001,-0.00016,-0.00018
65.14,-0.09322,-0.01735,0.00241,-0.00092,-0.0009,-0,-0.00374,-0.00082,-0.00482,0.00017,1e-05,-1e-05,0,-0.00136,0.0001,0.00046,0.00057,-0,2e-05,-0,0.01224,0.00278,0.00053,0.00743,1e-05,4e-05,1e-05,-0.06609,0.0014,0.00355,-0.01622,0.00017,-0.00023,-0.00024
65.16,-0.0894,-0.01758,0.00244,-0.00133,-0.00101,-0,-0.0033,-0.00088,-0.00487,0.0005,1e-05,-2e-05,1e-05,-0.00044,0.00025,0.00043,0.00062,-0,4e-05,-2e-05,0.01318,0.00267,0.0007,0.00726,1e-05,4e-05,1e-05,-0.0556,-0.00065,0.00395,-0.01187,0.00024,-0.00026,-0.00028
65.18,-0.08401,-0.01767,0.00253,-0.00183,-0.00111,-0,-0.00232,-0.00092,-0.0047,0.00068,1e-05,-3e-05,2e-05,0.00054,0.00042,0.00034,0.00065,-0,7e-05,-3e-05,0.01371,0.00247,0.00079,0.00693,1e-05,3e-05,1e-05,-0.04339,-0.00216,0.00382,-0.00799,0.00028,-0.00026,-0.00027
65.2,-0.07688,-0.01767,0.00257,-0.00238,-0.00121,-0,-0.00113,-0.00093,-0.00396,0.00068,1e-05,-3e-05,2e-05,0.00151,0.00061,0.00019,0.00068,0,9e-05,-4e-05,0.0136,0.00222,0.0008,0.0065,1e-05,3e-05,1e-05,-0.03102,-0.00279,0.00316,-0.00468,0.00028,-0.00023,-0.00024
65.22,-0.06818,-0.01757,0.00239,-0.00289,-0.00126,-0,-0.00011,-0.00088,-0.00249,0.00054,2e-05,-2e-05,4e-05,0.00242,0.00078,-1e-05,0.0007,0,0.0001,-3e-05,0.01273,0.00199,0.00073,0.00599,1e-05,3e-05,1e-05,-0.02012,-0.00245,0.00208,-0.00192,0.00026,-0.00017,-0.00018
65.24,-0.05896,-0.01715,0.00199,-0.00332,-0.00128,-0,0.0004,-0.0007,-0.00114,0.00032,2e-05,-0,5e-05,0.00321,0.00093,-0.0002,0.00073,0,0.00011,-1e-05,0.01154,0.00174,0.00064,0.00545,1e-05,2e-05,1e-05,-0.01148,-0.00118,0.00083,0.00017,0.0002,-0.00011,-0.00012
65.26,-0.04981,-0.01623,0.00148,-0.0036,-0.0013,-0,0.00021,-0.00044,-0.00024,0.00012,2e-05,0,6e-05,0.00386,0.00105,-0.00038,0.00076,0,0.00011,1e-05,0.01027,0.00145,0.00053,0.00488,0,2e-05,1e-05,-0.00531,0.0008,-0.00035,0.00171,0.00013,-5e-05,-6e-05
65.28,-0.04076,-0.01482,0.00098,-0.00372,-0.00132,-0,-0.00065,-0.00013,0.00032,2e-05,2e-05,0,5e-05,0.00436,0.00115,-0.00052,0.0008,0,0.0001,3e-05,0.00891,0.00116,0.00043,0.00431,-0,2e-05,1e-05,-0.0015,0.00311,-0.00128,0.00285,6e-05,-1e-05,-2e-05
65.3,-0.03184,-0.01288,0.00058,-0.00368,-0.00133,-0,-0.0019,0.00013,0.00047,-2e-05,1e-05,-0,5e-05,0.00471,0.00119,-0.00062,0.00083,0,8e-05,4e-05,0.00744,0.00089,0.00034,0.00372,-1e-05,1e-05,1e-05,0.00028,0.00543,-0.00185,0.00361,-0,1e-05,0
65.32,-0.02325,-0.01054,0.00034,-0.0035,-0.00133,-0,-0.00303,0.00026,0.00039,-4e-05,1e-05,-1e-05,3e-05,0.0049,0.00117,-0.00067,0.00085,0,6e-05,5e-05,0.0059,0.00065,0.00026,0.00311,-1e-05,1e-05,1e-05,0.00027,0.00683,-0.00184,0.00405,-3e-05,1e-05,1e-05
65.34,-0.01521,-0.00799,0.00021,-0.0032,-0.00134,-0,-0.00388,0.0003,0.00027,2e-05,1e-05,-2e-05,2e-05,0.00497,0.0011,-0.00067,0.00087,0,4e-05,5e-05,0.00436,0.00047,0.00019,0.00251,-2e-05,1e-05,1e-05,-0.0002,0.00726,-0.00148,0.00424,-2e-05,1e-05,1e-05
65.36,-0.00772,-0.00536,0.00012,-0.00276,-0.00128,-0,-0.00449,0.00027,0.00018,0.00013,1e-05,-2e-05,1e-05,0.00495,0.001,-0.00064,0.00088,0,2e-05,5e-05,0.00285,0.00033,0.00014,0.00193,-3e-05,1e-05,1e-05,-0.00079,0.00746,-0.00108,0.0042,-2e-05,0,1e-05
65.38,-0.00064,-0.00277,3e-05,-0.00223,-0.00077,-0,-0.00479,0.0002,0.0001,0.00023,0,-2e-05,1e-05,0.00488,0.00086,-0.00059,0.00088,0,1e-05,5e-05,0.00137,0.00023,0.0001,0.00137,-3e-05,1e-05,1e-05,-0.00177,0.00744,-0.00067,0.00392,-2e-05,0,0
65.4,0.00614,-0.00037,-6e-05,-0.00165,-0.00025,-0,-0.00478,0.0001,5e-05,0.00031,0,-2e-05,-1e-05,0.00474,0.0007,-0.00053,0.00087,0,-0,4e-05,-9e-05,0.00015,8e-05,0.00083,-4e-05,1e-05,1e-05,-0.00317,0.00722,-0.00028,0.00348,-2e-05,0,0
65.42,0.01268,0.00163,-0.00017,-0.00107,0.00027,-0,-0.00452,0,1e-05,0.00037,0,-1e-05,-1e-05,0.00456,0.00053,-0.00046,0.00084,0,-0,4e-05,-0.00145,0.00011,8e-05,0.00031,-4e-05,1e-05,1e-05,-0.00468,0.0068,4e-05,0.00294,-3e-05,0,0
65.44,0.01903,0.00312,-0.0003,-0.0005,0.00078,-0,-0.00409,-7e-05,-0,0.00041,-0,-1e-05,-1e-05,0.00436,0.00035,-0.00039,0.00079,0,-0,3e-05,-0.00267,7e-05,0.0001,-0.00016,-5e-05,1e-05,1e-05,-0.00637,0.00625,0.00029,0.00228,-3e-05,0,0
65.46,0.02519,0.00407,-0.00046,6e-05,0.00126,-0,-0.00357,-0.00012,-1e-05,0.00042,-0,-0,-0,0.00414,0.00019,-0.00033,0.00073,0,0,3e-05,-0.00377,1e-05,0.00015,-0.0006,-6e-05,1e-05,1e-05,-0.00836,0.00563,0.00045,0.00152,-3e-05,0,0
65.48,0.03107,0.0046,-0.00063,0.00056,0.00136,-0,-0.00298,-0.00015,-1e-05,0.0004,-0,1e-05,1e-05,0.00393,3e-05,-0.00026,0.00067,0,1e-05,2e-05,-0.00473,-4e-05,0.00021,-0.00098,-6e-05,1e-05,1e-05,-0.01037,0.00499,0.00053,0.00077,-4e-05,0,0
65.5,0.03642,0.00486,-0.00083,0.00099,0.00135,-0,-0.00245,-0.00016,-1e-05,0.00038,-0,2e-05,2e-05,0.00371,-0.0001,-0.00021,0.00061,0,2e-05,2e-05,-0.00555,-0.0001,0.00026,-0.00133,-7e-05,1e-05,1e-05,-0.01232,0.00431,0.00053,0.00012,-5e-05,0,0
65.52,0.0409,0.00508,-0.00103,0.00136,0.00135,-0,-0.00209,-0.00016,-2e-05,0.00037,-0,4e-05,5e-05,0.00349,-0.00022,-0.00017,0.00054,0,3e-05,2e-05,-0.00621,-0.00013,0.00031,-0.00163,-7e-05,1e-05,1e-05,-0.0142,0.00359,0.00045,-0.00035,-5e-05,0,0
65.54,0.04439,0.00544,-0.00121,0.00164,0.00135,-0,-0.00178,-0.00015,-1e-05,0.00035,-0,6e-05,7e-05,0.00327,-0.00032,-0.00014,0.00048,0,3e-05,2e-05,-0.00673,-0.00013,0.00033,-0.00189,-8e-05,1e-05,1e-05,-0.01572,0.00295,0.00035,-0.00059,-6e-05,1e-05,0
65.56,0.04694,0.00607,-0.00138,0.00182,0.00135,-0,-0.00146,-0.00012,-1e-05,0.00033,-0,8e-05,9e-05,0.00304,-0.0004,-0.00012,0.00044,0,3e-05,2e-05,-0.00716,-9e-05,0.00031,-0.00212,-7e-05,1e-05,1e-05,-0.01659,0.00246,0.00029,-0.00063,-6e-05,1e-05,0
65.58,0.04857,0.00707,-0.00151,0.00193,0.00135,-0,-0.00115,-9e-05,0,0.0003,-0,9e-05,0.0001,0.00282,-0.00047,-0.0001,0.00041,0,3e-05,2e-05,-0.00755,-0,0.00025,-0.00233,-7e-05,1e-05,1e-05,-0.01665,0.00208,0.00028,-0.00054,-7e-05,1e-05,0
65.6,0.04936,0.00845,-0.00159,0.00197,0.00135,-0,-0.00088,-5e-05,1e-05,0.00026,-0,9e-05,0.0001,0.00259,-0.00052,-9e-05,0.00039,0,3e-05,2e-05,-0.00788,0.0001,0.00017,-0.00253,-7e-05,1e-05,1e-05,-0.01603,0.00174,0.00029,-0.00037,-6e-05,1e-05,0
65.62,0.04942,0.01015,-0.00159,0.00198,0.00135,-0,-0.00071,-3e-05,2e-05,0.00022,-0,9e-05,9e-05,0.00234,-0.00056,-8e-05,0.00039,-0,3e-05,2e-05,-0.00814,0.00023,0.00011,-0.00272,-7e-05,1e-05,1e-05,-0.01487,0.00139,0.00029,-0.00017,-6e-05,1e-05,1e-05
65.64,0.04882,0.01214,-0.00149,0.00196,0.00134,-0,-0.00056,-1e-05,3e-05,0.00019,-0,8e-05,7e-05,0.0021,-0.00059,-7e-05,0.00039,-0,2e-05,2e-05,-0.00838,0.00036,9e-05,-0.00291,-7e-05,1e-05,1e-05,-0.01307,0.00101,0.0003,-2e-05,-5e-05,1e-05,1e-05
65.66,0.0477,0.01439,-0.00128,0.00192,0.00132,-0,-0.00043,1e-05,4e-05,0.00016,-0,7e-05,6e-05,0.00186,-0.00061,-7e-05,0.0004,-0,2e-05,3e-05,-0.00871,0.00046,0.00012,-0.00311,-7e-05,0,1e-05,-0.01068,0.00059,0.00031,5e-05,-4e-05,1e-05,1e-05
65.68,0.04616,0.01679,-0.00098,0.00187,0.00129,-0,-0.0003,2e-05,5e-05,0.00013,-0,5e-05,4e-05,0.00163,-0.00062,-7e-05,0.0004,-0,2e-05,3e-05,-0.00916,0.00051,0.00018,-0.00333,-7e-05,0,1e-05,-0.00801,9e-05,0.00031,6e-05,-2e-05,1e-05,1e-05
65.7,0.04443,0.01911,-0.0006,0.00181,0.00124,-0,-0.00018,2e-05,6e-05,0.0001,-0,3e-05,2e-05,0.00141,-0.00061,-7e-05,0.0004,-0,1e-05,4e-05,-0.00976,0.00053,0.00027,-0.00356,-7e-05,0,1e-05,-0.00545,-0.0005,0.00029,1e-05,-1e-05,1e-05,1e-05
65.72,0.04273,0.02105,-0.00017,0.00173,0.00117,-0,-6e-05,1e-05,9e-05,7e-05,0,1e-05,-0,0.00121,-0.00059,-7e-05,0.00039,-0,1e-05,4e-05,-0.01049,0.00052,0.00034,-0.0038,-7e-05,0,1e-05,-0.00331,-0.00113,0.00024,-2e-05,0,0,1e-05
65.74,0.04106,0.02238,0.00024,0.00165,0.00109,-0,8e-05,-1e-05,0.00013,4e-05,0,-1e-05,-1e-05,0.00104,-0.00055,-7e-05,0.00036,0,1e-05,5e-05,-0.01143,0.00052,0.00039,-0.00404,-6e-05,0,1e-05,-0.00174,-0.00174,0.00017,1e-05,1e-05,0,0
65.76,0.03942,0.0229,0.00058,0.00157,0.00098,-0,0.00025,-4e-05,0.00018,2e-05,0,-2e-05,-2e-05,0.0009,-0.00048,-8e-05,0.00031,0,0,5e-05,-0.01271,0.00054,0.0004,-0.00421,-5e-05,0,0,-0.00081,-0.00232,0.0001,0.00015,3e-05,0,0
65.78,0.03795,0.02239,0.00078,0.00148,0.00084,-0,0.00045,-9e-05,0.00025,-0,0,-3e-05,-2e-05,0.00079,-0.00041,-8e-05,0.00024,0,0,6e-05,-0.0144,0.00058,0.00036,-0.0043,-4e-05,0,0,-0.0005,-0.00282,0,0.00037,4e-05,0,0
65.8,0.03674,0.02058,0.00081,0.0014,0.00069,-0,0.00072,-0.00018,0.00033,-1e-05,0,-4e-05,-1e-05,0.00071,-0.00032,-8e-05,0.00016,0,0,6e-05,-0.01637,0.00063,0.00028,-0.00425,-3e-05,0,0,-0.00067,-0.00319,-0.0001,0.00068,5e-05,0,-0
65.82,0.03589,0.01727,0.00066,0.00134,0.00053,-0,0.00107,-0.00029,0.0004,-1e-05,0,-4e-05,-1e-05,0.00064,-0.00024,-8e-05,7e-05,0,-0,6e-05,-0.01842,0.00067,0.00017,-0.00398,-2e-05,0,0,-0.00113,-0.00298,-0.00017,0.00056,4e-05,0,-0
65.84,0.03536,0.01277,0.00038,0.0013,0.00036,-0,0.00149,-0.00044,0.00047,1e-05,0,-5e-05,0,0.00059,-0.00016,-8e-05,-2e-05,0,-0,7e-05,-0.02065,0.00068,2e-05,-0.0035,-1e-05,0,0,-0.00174,-0.0018,-3e-05,-0.00081,-1e-05,-0,0
65.86,0.03502,0.00766,3e-05,0.0013,0.00011,-0,0.00195,-0.00064,0.00052,4e-05,0,-5e-05,1e-05,0.00054,-9e-05,-8e-05,-0.0001,0,-0,7e-05,-0.02304,0.00062,-0.00017,-0.00282,0,0,0,-0.00241,-8e-05,0.00038,-0.00317,-0.00011,0,2e-05
65.88,0.0349,0.00234,-0.00028,0.00132,-0,0,0.00243,-0.00087,0.00056,8e-05,0,-6e-05,2e-05,0.00049,-3e-05,-9e-05,-0.00018,-0,-0,7e-05,-0.02534,0.00047,-0.0004,-0.002,2e-05,0,-0,-0.00316,0.00201,0.00113,-0.00619,-0.00024,1e-05,4e-05
65.9,0.0346,-0.00245,-0.00048,0.00136,2e-05,0,0.00286,-0.00113,0.00057,0.00012,0,-6e-05,3e-05,0.00042,0,-9e-05,-0.00026,-0,-0,7e-05,-0.02711,0.00016,-0.00068,-0.00117,4e-05,0,-0,-0.00414,0.00431,0.00226,-0.00897,-0.00041,2e-05,7e-05
65.92,0.0336,-0.00612,-0.00052,0.00138,0.00013,0,0.00315,-0.00137,0.00056,0.00017,0,-6e-05,3e-05,0.00033,2e-05,-9e-05,-0.00031,-0,-0,7e-05,-0.02772,-0.00032,-0.00093,-0.00051,7e-05,0,-0,-0.00598,0.00665,0.0037,-0.00996,-0.0006,4e-05,0.00012
65.94,0.03201,-0.00863,-0.0004,0.00138,0.00031,0,0.00328,-0.00159,0.00052,0.00021,0,-6e-05,3e-05,0.00022,2e-05,-8e-05,-0.00034,-0,0,7e-05,-0.02706,-0.00095,-0.00112,-2e-05,0.0001,0,-0,-0.00941,0.00888,0.00527,-0.00681,-0.00079,7e-05,0.00019
65.96,0.02998,-0.01002,-0.00015,0.00134,0.0005,0,0.00327,-0.0018,0.00049,0.00023,0,-5e-05,3e-05,8e-05,2e-05,-8e-05,-0.00035,-0,0,7e-05,-0.0251,-0.00172,-0.00127,0.0003,0.00013,0,-0,-0.01477,0.01085,0.00668,0.0031,-0.00095,0.0001,0.00026
65.98,0.02734,-0.01031,0.0002,0.00126,0.00066,0,0.00312,-0.00197,0.00046,0.00025,0,-5e-05,3e-05,-8e-05,0,-7e-05,-0.00036,-0,0,7e-05,-0.02167,-0.00262,-0.00139,0.00042,0.00015,-0,-0,-0.02251,0.01231,0.00765,0.02193,-0.00106,0.00014,0.00034
66,0.02438,-0.0095,0.00059,0.00114,0.00079,0,0.00283,-0.00211,0.00042,0.00025,0,-4e-05,2e-05,-0.00025,-2e-05,-6e-05,-0.00035,-0,0,7e-05,-0.01752,-0.00343,-0.00137,0.00035,0.00017,-0,-0,-0.03283,0.01334,0.00797,0.05013,-0.00112,0.00016,0.00041
66.02,0.02147,-0.00775,0.00097,0.00099,0.00085,0,0.0024,-0.0022,0.00039,0.00022,0,-4e-05,2e-05,-0.00041,-4e-05,-3e-05,-0.0003,-0,0,6e-05,-0.01318,-0.00377,-0.00105,0.00014,0.00018,-0,-0,-0.04602,0.01427,0.0077,0.08497,-0.00117,0.00019,0.00048
66.04,0.01852,-0.00559,0.0013,0.0008,0.00085,0,0.00194,-0.00225,0.00035,0.00018,0,-4e-05,2e-05,-0.00054,-7e-05,-1e-05,-0.00022,-0,0,6e-05,-0.00842,-0.00377,-0.00064,-4e-05,0.00018,-0,-0,-0.06192,0.0148,0.00692,0.12378,-0.00117,0.00021,0.00053
66.06,0.01552,-0.00341,0.00156,0.00061,0.00082,0,0.00153,-0.00224,0.00032,0.00014,0,-3e-05,1e-05,-0.00063,-0.0001,1e-05,-0.00013,-0,0,5e-05,-0.00352,-0.00379,-0.00036,-0.00012,0.00017,-1e-05,-0,-0.07977,0.0145,0.00573,0.16514,-0.00111,0.00022,0.00056
66.08,0.01258,-0.00134,0.00172,0.00042,0.00076,0,0.00117,-0.00217,0.00028,0.0001,-0,-3e-05,1e-05,-0.00069,-0.00013,2e-05,-2e-05,-0,0,4e-05,0.00084,-0.00385,-0.00019,-6e-05,0.00015,-1e-05,-0,-0.09927,0.01324,0.00433,0.20702,-0.00101,0.00022,0.00058
66.1,0.01005,0.0005,0.00179,0.00024,0.00068,0,0.00086,-0.00204,0.00024,7e-05,-0,-3e-05,1e-05,-0.00072,-0.00016,1e-05,9e-05,-0,-0,3e-05,0.0041,-0.00389,-0.00016,0.00011,0.00014,-1e-05,-0,-0.12007,0.0116,0.00301,0.24527,-0.00088,0.00022,0.00058
66.12,0.0082,0.00198,0.00174,9e-05,0.0006,0,0.00061,-0.00186,0.00021,3e-05,-0,-2e-05,1e-05,-0.00073,-0.00017,0,0.00022,-0,-0,2e-05,0.00617,-0.00376,-0.00022,0.00034,0.00012,-1e-05,-0,-0.14177,0.01031,0.00192,0.27439,-0.00075,0.00022,0.00058
66.14,0.00677,0.00302,0.00157,-3e-05,0.00052,0,0.00041,-0.00164,0.00017,1e-05,-0,-2e-05,1e-05,-0.00073,-0.00017,-1e-05,0.00034,-0,-0,1e-05,0.00698,-0.00342,-0.00025,0.00056,0.0001,-1e-05,-1e-05,-0.16393,0.00891,0.00105,0.29432,-0.00063,0.00023,0.00058
66.16,0.00554,0.00373,0.00128,-0.00014,0.00046,0,0.00026,-0.00139,0.00014,-1e-05,-0,-2e-05,0,-0.00072,-0.00016,-1e-05,0.00043,-0,-0,1e-05,0.00628,-0.00302,-0.00026,0.00072,8e-05,-1e-05,-1e-05,-0.1857,0.00698,0.0004,0.30665,-0.00049,0.00023,0.00057
66.18,0.00455,0.00418,0.00084,-0.00023,0.00042,0,0.00014,-0.00113,0.00011,-2e-05,-0,-2e-05,0,-0.0007,-0.00015,-1e-05,0.0005,-0,-0,1e-05,0.0043,-0.00247,-0.00022,0.00078,6e-05,-1e-05,-1e-05,-0.20587,0.0046,2e-05,0.30984,-0.00035,0.00023,0.00055
66.2,0.00378,0.00438,0.00031,-0.0003,0.00039,0,6e-05,-0.00087,9e-05,-3e-05,-0,-2e-05,0,-0.00067,-0.00012,1e-05,0.00054,-0,-0,1e-05,0.00158,-0.0019,-0.00018,0.00074,5e-05,-1e-05,-1e-05,-0.22429,0.00289,-0.00011,0.3033,-0.00022,0.00022,0.00053
66.22,0.00324,0.00431,-0.00029,-0.00036,0.00036,0,-0,-0.00064,7e-05,-3e-05,-0,-2e-05,0,-0.00065,-9e-05,3e-05,0.00054,-0,-0,1e-05,-0.00126,-0.00148,-0.00015,0.00063,4e-05,-1e-05,-1e-05,-0.24032,0.0026,-0.00015,0.28669,-9e-05,0.00022,0.0005
66.24,0.00285,0.00408,-0.0009,-0.00041,0.00034,0,-4e-05,-0.00042,7e-05,-3e-05,-0,-1e-05,-0,-0.0006,-5e-05,6e-05,0.00051,0,-0,1e-05,-0.00401,-0.0012,-0.00011,0.00056,3e-05,-1e-05,-1e-05,-0.25095,0.00254,-0.00015,0.26025,3e-05,0.00022,0.00047
66.26,0.00256,0.00378,-0.0015,-0.00045,0.00032,0,-6e-05,-0.00023,7e-05,-3e-05,-0,-1e-05,-0,-0.00052,-1e-05,9e-05,0.00047,1e-05,-0,2e-05,-0.00645,-0.00099,-6e-05,0.00058,3e-05,-2e-05,-2e-05,-0.25317,0.00204,-1e-05,0.22471,0.00015,0.00021,0.00042
66.28,0.00236,0.00342,-0.00199,-0.0005,0.0003,0,-8e-05,-8e-05,8e-05,-2e-05,-0,-1e-05,-0,-0.0004,4e-05,0.00012,0.00042,4e-05,-0,2e-05,-0.00811,-0.00081,-1e-05,0.00074,2e-05,-2e-05,-2e-05,-0.24487,0.00133,0.00022,0.18101,0.00026,0.00019,0.00036
66.3,0.00222,0.00294,-0.00233,-0.00054,0.00025,0,-8e-05,5e-05,0.00011,-2e-05,-0,-1e-05,-0,-0.00025,8e-05,0.00014,0.00038,7e-05,-0,2e-05,-0.00891,-0.00071,4e-05,0.00106,2e-05,-2e-05,-2e-05,-0.22611,0.00072,0.00046,0.1335,0.00035,0.00016,0.0003
66.32,0.0021,0.00225,-0.00251,-0.00059,0.00018,0,-8e-05,0.00014,0.00013,-1e-05,-0,-0,-0,-7e-05,0.00013,0.00016,0.00033,0.00014,-0,2e-05,-0.00889,-0.00061,0.00013,0.00154,1e-05,-2e-05,-2e-05,-0.19758,0.00022,0.00062,0.08588,0.0004,0.00014,0.00024
66.34,0.00199,0.00135,-0.0025,-0.00064,0.00011,0,-8e-05,0.0002,0.00017,-0,-0,0,-0,0.00015,0.00018,0.00016,0.00029,0.00023,-0,2e-05,-0.00777,-0.00034,0.0003,0.00213,1e-05,-2e-05,-2e-05,-0.15985,-0.00015,0.00068,0.04106,0.00041,0.00011,0.00019
66.36,0.00186,0.00025,-0.00227,-0.0007,3e-05,0,-7e-05,0.00024,0.0002,1e-05,-0,0,-0,0.00039,0.00021,0.00016,0.00028,0.00035,0,1e-05,-0.00545,4e-05,0.00058,0.00275,1e-05,-2e-05,-2e-05,-0.11686,-0.00013,0.0006,0.00319,0.00038,8e-05,0.00014
66.38,0.00168,-0.00105,-0.00187,-0.00075,-6e-05,0,-5e-05,0.00025,0.00024,2e-05,-0,1e-05,0,0.00063,0.00024,0.00016,0.00029,0.00049,1e-05,-1e-05,-0.00221,0.00045,0.00099,0.00327,1e-05,-2e-05,-2e-05,-0.07461,0.00047,0.00045,-0.0236,0.00033,5e-05,9e-05
66.4,0.0014,-0.00253,-0.0014,-0.00081,-0.00015,-0,-3e-05,0.00024,0.00027,3e-05,0,1e-05,0,0.00086,0.00024,0.00014,0.00028,0.00065,1e-05,-2e-05,0.00139,0.00078,0.0015,0.00365,1e-05,-2e-05,-1e-05,-0.03914,0.00148,0.00022,-0.03873,0.00023,3e-05,5e-05
66.42,0.00101,-0.00409,-0.00097,-0.00085,-0.00027,-0,-1e-05,0.00021,0.0003,5e-05,0,2e-05,0,0.00109,0.00025,0.00011,0.00022,0.00087,2e-05,-3e-05,0.00573,0.00087,0.00187,0.00369,-1e-05,-1e-05,-0,-0.01349,0.00249,5e-05,-0.04467,8e-05,1e-05,3e-05
66.44,0.00059,-0.00541,-0.00058,-0.00087,-0.0004,-0,1e-05,0.00017,0.0003,6e-05,0,2e-05,0,0.00131,0.00023,7e-05,0.00016,0.00106,3e-05,-4e-05,0.01088,0.0008,0.002,0.00314,-2e-05,-0,0,0.00265,0.00366,-1e-05,-0.04089,-5e-05,0,1e-05
66.46,0.00019,-0.00615,-0.00026,-0.00086,-0.00047,-0,1e-05,0.00012,0.0003,7e-05,0,3e-05,0,0.00148,0.00018,4e-05,9e-05,0.00115,4e-05,-4e-05,0.01634,0.00063,0.00183,0.0019,-2e-05,0,1e-05,0.01003,0.00492,-3e-05,-0.02953,-0.00014,-0,-0
66.48,-0.00017,-0.00611,-5e-05,-0.00081,-0.00051,-0,0,8e-05,0.00027,8e-05,0,3e-05,0,0.00159,0.00011,1e-05,1e-05,0.00117,4e-05,-3e-05,0.02158,0.00038,0.00127,0.00029,-1e-05,1e-05,1e-05,0.00995,0.00603,-2e-05,-0.01491,-0.00018,0,-0
66.5,-0.00046,-0.00498,3e-05,-0.00073,-0.00049,-0,-3e-05,4e-05,0.00022,7e-05,0,4e-05,0,0.00167,0,-1e-05,-0.0001,0.00108,4e-05,-3e-05,0.02591,3e-05,0.0004,-0.00091,0,0,1e-05,0.0083,0.00647,5e-05,-0.00657,-0.00019,1e-05,0
66.52,-0.00066,-0.0028,0,-0.00062,-0.00043,-0,-8e-05,1e-05,0.00015,6e-05,0,4e-05,0,0.00177,-0.00013,-3e-05,-0.00019,0.00088,3e-05,-2e-05,0.0281,-0.00042,-0.00055,-0.00026,2e-05,-1e-05,-1e-05,0.00914,0.00606,0.00022,-0.00396,-0.00019,1e-05,1e-05
66.54,-0.00077,6e-05,-0.0001,-0.00049,-0.00035,-0,-0.00013,-1e-05,8e-05,3e-05,0,4e-05,-0,0.00182,-0.00028,-2e-05,-0.00025,0.00067,2e-05,-1e-05,0.02675,-0.00102,-0.0015,0.00428,4e-05,-4e-05,-4e-05,0.00856,0.00508,0.00054,-0.00089,-0.00018,1e-05,1e-05
66.56,-0.00075,0.00331,-0.00025,-0.00036,-0.00024,-0,-0.00019,-2e-05,-0,1e-05,0,3e-05,-0,0.00181,-0.00044,-1e-05,-0.0003,0.0005,1e-05,-0,0.02132,-0.00177,-0.00241,0.01476,6e-05,-9e-05,-0.00011,0.00589,0.00374,0.00103,0.00161,-0.00016,1e-05,2e-05
66.58,-0.00063,0.00665,-0.0004,-0.00024,-0.00012,-0,-0.00023,-2e-05,-8e-05,-3e-05,0,3e-05,-0,0.00172,-0.0006,3e-05,-0.00035,0.00036,0,1e-05,0.01097,-0.0026,-0.00315,0.03269,5e-05,-0.00017,-0.00023,0.00199,0.00228,0.00171,0.00339,-0.00013,2e-05,3e-05
66.6,-0.00047,0.00964,-0.00054,-0.00014,1e-05,-0,-0.00025,-2e-05,-0.00015,-6e-05,0,2e-05,-0,0.0016,-0.00073,8e-05,-0.00039,0.00025,0,2e-05,-0.00228,-0.00345,-0.00363,0.05554,3e-05,-0.00028,-0.00041,-0.00109,0.00101,0.00237,0.00351,-0.00011,2e-05,3e-05
66.62,-0.00031,0.01181,-0.00067,-7e-05,0.00014,-0,-0.00025,-1e-05,-0.00019,-8e-05,0,1e-05,-1e-05,0.00147,-0.0008,0.00012,-0.00041,0.00017,-0,2e-05,-0.01465,-0.00436,-0.00373,0.07504,-3e-05,-0.00045,-0.00065,-0.002,0.00024,0.00263,0.0023,-9e-05,2e-05,3e-05
66.64,-0.00014,0.0131,-0.00078,-2e-05,0.00028,-0,-0.00023,-1e-05,-0.00021,-0.0001,0,0,-1e-05,0.00132,-0.00081,0.00017,-0.00042,9e-05,-0,3e-05,-0.02574,-0.00506,-0.00341,0.08709,-0.00013,-0.00066,-0.00093,-0.00229,7e-05,0.00253,0.00066,-8e-05,3e-05,3e-05
66.66,4e-05,0.01364,-0.00082,-0,0.00041,-0,-0.00018,-0,-0.00021,-0.00011,0,-0,-1e-05,0.00113,-0.00079,0.00022,-0.00044,2e-05,0,3e-05,-0.03506,-0.00529,-0.00282,0.09146,-0.00025,-0.00084,-0.00119,-0.00305,0.00033,0.00223,-0.00137,-6e-05,2e-05,3e-05
66.68,0.0002,0.01357,-0.00082,0,0.00054,-0,-0.00012,0,-0.00018,-0.0001,0,-1e-05,-1e-05,0.00094,-0.00073,0.00026,-0.00044,-4e-05,0,3e-05,-0.0407,-0.0051,-0.00208,0.08709,-0.00037,-0.00095,-0.00136,-0.00406,0.00072,0.00171,-0.00384,-4e-05,2e-05,3e-05
66.7,0.00035,0.01309,-0.00078,-1e-05,0.00064,-0,-6e-05,1e-05,-0.00016,-9e-05,0,-1e-05,-1e-05,0.00075,-0.00065,0.00029,-0.00045,-0.0001,1e-05,3e-05,-0.04213,-0.00467,-0.00137,0.07493,-0.00044,-0.00098,-0.00141,-0.00578,0.00107,0.00116,-0.00649,-2e-05,1e-05,2e-05
66.72,0.00046,0.01238,-0.00071,-4e-05,0.00072,-0,0,1e-05,-0.00012,-7e-05,0,-1e-05,-0,0.00058,-0.00055,0.00029,-0.00046,-0.00015,1e-05,3e-05,-0.03975,-0.00413,-0.00078,0.05773,-0.00047,-0.00091,-0.00133,-0.00853,0.00149,0.00081,-0.00892,-1e-05,1e-05,2e-05
66.74,0.00053,0.01163,-0.00061,-7e-05,0.00075,-0,5e-05,1e-05,-9e-05,-5e-05,0,-1e-05,-0,0.00044,-0.00044,0.00028,-0.00045,-0.00019,2e-05,3e-05,-0.03444,-0.00352,-0.00034,0.0402,-0.00043,-0.00074,-0.00112,-0.01129,0.00199,0.00058,-0.01072,-0,0,1e-05
66.76,0.0006,0.01099,-0.00052,-0.00011,0.00076,-0,0.0001,1e-05,-6e-05,-2e-05,0,-1e-05,0,0.00034,-0.00033,0.00027,-0.00042,-0.00021,2e-05,3e-05,-0.02737,-0.00283,-6e-05,0.02537,-0.00033,-0.00049,-0.00081,-0.01302,0.00247,0.00041,-0.01148,-0,0,1e-05
66.78,0.00065,0.01048,-0.00043,-0.00015,0.00074,-0,0.00015,0,-2e-05,1e-05,0,-0,0,0.00028,-0.00023,0.00024,-0.00036,-0.00023,2e-05,3e-05,-0.01959,-0.00202,8e-05,0.01418,-0.00017,-0.00023,-0.00048,-0.01343,0.00301,0.00033,-0.01086,-1e-05,0,0
66.8,0.00067,0.01003,-0.00036,-0.00019,0.0007,-0,0.0002,0,1e-05,3e-05,0,0,1e-05,0.00023,-0.00015,0.00021,-0.0003,-0.00022,2e-05,3e-05,-0.01222,-0.00105,0.00014,0.00701,-0,0,-0.00018,-0.01235,0.0035,0.0003,-0.00913,-2e-05,-0,-0
66.82,0.00065,0.00953,-0.00031,-0.00023,0.00064,-0,0.00024,0,4e-05,5e-05,0,0,1e-05,0.00016,-0.00011,0.00019,-0.00028,-0.00019,2e-05,3e-05,-0.00628,0.00028,0.00012,0.00291,0.00015,0.00022,8e-05,-0.00992,0.00372,0.00025,-0.00673,-4e-05,-0,-1e-05
66.84,0.00061,0.00896,-0.00028,-0.00024,0.00057,-0,0.00029,1e-05,6e-05,6e-05,0,1e-05,2e-05,8e-05,-9e-05,0.00016,-0.00026,-0.00014,2e-05,3e-05,-0.00243,0.00196,9e-05,0.00093,0.00025,-4e-05,0,-0.00648,0.0036,0.00018,-0.00391,-4e-05,-0,-1e-05
66.86,0.00057,0.0083,-0.00027,-0.00024,0.00051,-0,0.00034,3e-05,8e-05,6e-05,0,1e-05,2e-05,-3e-05,-0.0001,0.00013,-0.00023,-8e-05,1e-05,2e-05,-0.00429,0.00293,6e-05,0.00193,0.00021,-0.00104,-0.00051,-0.00242,0.00316,0.0001,-0.00113,-4e-05,-1e-05,-1e-05
66.88,0.00052,0.00745,-0.00027,-0.00021,0.00043,-0,0.0004,5e-05,0.00011,5e-05,0,2e-05,3e-05,-0.00021,-0.00013,0.0001,-0.00019,-2e-05,1e-05,2e-05,-0.00543,0.00381,-0.00014,0.00213,0.00013,-0.00327,-0.0015,0.00188,0.00131,5e-05,0.00092,-0.00011,2e-05,2e-05
66.9,0.00044,0.00642,-0.00027,-0.00017,0.00036,-0,0.00044,7e-05,0.00013,4e-05,0,2e-05,3e-05,-0.00045,-0.00017,8e-05,-0.00016,6e-05,0,1e-05,-0.00502,0.00362,-0.00032,0.00121,-0,-0.00564,-0.00246,0.00664,-0.00023,0.0008,0.00148,-0.00023,8e-05,8e-05
66.92,0.00032,0.00528,-0.00026,-0.0001,0.00029,-0,0.00048,9e-05,0.00015,2e-05,0,2e-05,4e-05,-0.00071,-0.0002,5e-05,-0.00012,0.00016,-0,0,-0.00402,0.00131,-0.00011,-0.00062,-0.00015,-0.00327,-0.00181,0.01179,-4e-05,0.00267,0.00058,-0.00039,0.00017,0.00017
66.94,0.00017,0.00403,-0.00023,-3e-05,0.00021,-0,0.00049,9e-05,0.00018,1e-05,0,3e-05,4e-05,-0.00096,-0.00023,3e-05,-9e-05,0.00026,-0,-1e-05,-0.00368,-0.00141,0.00019,-0.00276,-0.00027,2e-05,-0.0003,0.01619,0.0029,0.00549,-0.00106,-0.00057,0.00025,0.00028
66.96,1e-05,0.0027,-0.00019,5e-05,0.00013,-0,0.00048,6e-05,0.0002,-0,0,3e-05,5e-05,-0.00122,-0.00023,2e-05,-6e-05,0.00034,-0,-1e-05,-0.00245,-0.0027,0.00042,-0.00457,-0.00035,0.00204,0.00086,0.01877,0.00909,0.00891,-0.00133,-0.00074,0.00032,0.00036
66.98,-0.00014,0.00141,-0.00013,0.00012,6e-05,-0,0.00044,-1e-05,0.00021,-1e-05,0,3e-05,5e-05,-0.00146,-0.00021,1e-05,-3e-05,0.00037,-0,-1e-05,-0.00029,-0.00265,0.00076,-0.00549,-0.00038,0.00378,0.00175,0.01749,0.01827,0.01231,0.00315,-0.00088,0.0003,0.00037
67,-0.00025,0.00034,-5e-05,0.00017,-1e-05,0,0.00038,-0.00012,0.00022,-1e-05,0,2e-05,5e-05,-0.00163,-0.00018,0,-1e-05,0.00035,-0,-1e-05,0.00163,-0.00105,0.00038,-0.0058,-0.00038,0.00377,0.0016,0.01045,0.02942,0.01469,0.0165,-0.00093,0.00015,0.00023
67.02,-0.00031,-0.00038,4e-05,0.00021,-5e-05,0,0.00031,-0.00024,0.00021,-1e-05,0,2e-05,4e-05,-0.00169,-0.00013,-0,1e-05,0.00027,-0,-2e-05,0.00179,0.00107,-0.00043,-0.00643,-0.0004,0.00108,0.00051,-0.0049,0.04112,0.01498,0.04165,-0.00087,-0.00019,-0.00014
67.04,-0.00033,-0.00076,0.00013,0.00023,-8e-05,0,0.00023,-0.00038,0.00019,-0,0,1e-05,4e-05,-0.00167,-7e-05,-0,2e-05,0.00015,0,-2e-05,0.00182,0.00158,0.0001,-0.00697,-0.0004,-0.00028,-0.00014,-0.03095,0.05043,0.01332,0.07914,-0.00068,-0.00076,-0.00081
67.06,-0.0003,-0.0008,0.00021,0.00024,-9e-05,0,0.00016,-0.0005,0.00014,0,0,0,3e-05,-0.0016,-2e-05,0,4e-05,2e-05,0,-2e-05,0.00307,-0.0004,0.0015,-0.00694,-0.00036,-0.00044,-0.00028,-0.0665,0.05511,0.01062,0.12673,-0.00038,-0.00154,-0.00182
67.08,-0.00022,-0.00053,0.00028,0.00024,-9e-05,0,9e-05,-0.0006,8e-05,1e-05,0,-1e-05,2e-05,-0.00146,2e-05,1e-05,6e-05,-0.00011,-0,-3e-05,0.00568,-0.00391,0.00321,-0.00563,-0.00028,2e-05,-8e-05,-0.10993,0.05416,0.00742,0.18136,1e-05,-0.00244,-0.00314
67.1,-0.00013,-5e-05,0.00031,0.00022,-7e-05,0,4e-05,-0.00065,1e-05,2e-05,0,-2e-05,1e-05,-0.00131,3e-05,2e-05,8e-05,-0.00021,-0,-3e-05,0.00792,-0.00728,0.00394,-0.00345,-0.00019,0.0005,0.00018,-0.15349,0.04958,0.00413,0.2278,0.00047,-0.00341,-0.00469
67.12,-7e-05,0.00054,0.00031,0.0002,-5e-05,0,-1e-05,-0.00065,-5e-05,2e-05,0,-2e-05,0,-0.00118,3e-05,4e-05,0.00013,-0.00026,-0,-4e-05,0.00847,-0.00927,0.00318,-0.00174,-0.00012,0.00053,0.00021,-0.1865,0.04406,0.00135,0.24267,0.00105,-0.00455,-0.00632
67.14,-3e-05,0.00114,0.00028,0.00018,-3e-05,0,-4e-05,-0.00059,-0.00011,2e-05,0,-3e-05,-1e-05,-0.00106,1e-05,5e-05,0.00019,-0.00025,-0,-4e-05,0.0072,-0.00982,0.00205,0.00011,-6e-05,0.00039,0.00017,-0.2071,0.03776,-0.00021,0.23108,0.00175,-0.00578,-0.00782
67.16,0,0.00166,0.00022,0.00016,-0,0,-6e-05,-0.00049,-0.00015,2e-05,0,-3e-05,-1e-05,-0.00093,-1e-05,7e-05,0.00024,-0.00021,-0,-4e-05,0.00392,-0.00948,0.00117,0.00216,-0,0.00029,0.00015,-0.21434,0.03061,-0.00055,0.20554,0.00242,-0.00671,-0.00891
67.18,1e-05,0.00208,0.00013,0.00014,2e-05,0,-7e-05,-0.00036,-0.00018,1e-05,0,-3e-05,-1e-05,-0.00081,-4e-05,9e-05,0.00028,-0.00016,-0,-3e-05,-0.00117,-0.00845,0.00052,0.00392,3e-05,0.00019,0.00012,-0.20511,0.02338,4e-05,0.16585,0.00302,-0.00676,-0.00907
67.2,1e-05,0.00239,3e-05,0.00011,5e-05,0,-7e-05,-0.00021,-0.00019,1e-05,-0,-3e-05,-2e-05,-0.0007,-6e-05,0.00011,0.00029,-0.00011,-0,-3e-05,-0.00696,-0.00732,0.00012,0.00489,5e-05,0.00011,0.0001,-0.18252,0.01737,0.00086,0.1264,0.00331,-0.00685,-0.00872
67.22,1e-05,0.00257,-9e-05,9e-05,7e-05,0,-7e-05,-7e-05,-0.00019,1e-05,-0,-3e-05,-2e-05,-0.00063,-5e-05,0.00012,0.00027,-8e-05,-0,-2e-05,-0.01224,-0.00663,-0.00014,0.00498,6e-05,6e-05,8e-05,-0.15177,0.01274,0.00127,0.09577,0.00311,-0.00753,-0.00818
67.24,0,0.00266,-0.0002,7e-05,0.0001,0,-6e-05,6e-05,-0.00018,0,-0,-3e-05,-2e-05,-0.00056,-3e-05,0.00012,0.00025,-6e-05,-0,-2e-05,-0.01738,-0.00605,-0.00036,0.00467,5e-05,4e-05,6e-05,-0.11699,0.00858,0.00114,0.06799,0.00269,-0.00638,-0.00649
67.26,0,0.00271,-0.00029,4e-05,0.00012,0,-6e-05,0.00016,-0.00016,-0,-0,-2e-05,-2e-05,-0.0005,-0,0.00012,0.00022,-5e-05,-0,-1e-05,-0.02236,-0.00535,-0.00055,0.00425,5e-05,2e-05,4e-05,-0.08307,0.00481,0.00058,0.04351,0.00218,-0.00353,-0.00394
67.28,0,0.00272,-0.00036,1e-05,0.00014,0,-6e-05,0.00024,-0.00014,-0,-0,-2e-05,-2e-05,-0.00043,3e-05,0.00011,0.0002,-5e-05,-0,-0,-0.02623,-0.00463,-0.00071,0.00377,4e-05,1e-05,2e-05,-0.05335,0.00178,-0.0001,0.02492,0.00166,-0.00054,-0.00153
67.3,-0,0.00263,-0.0004,-3e-05,0.00016,0,-7e-05,0.00027,-0.00011,-0,-0,-1e-05,-2e-05,-0.00035,5e-05,0.0001,0.00016,-5e-05,-0,0,-0.02865,-0.00397,-0.00082,0.00334,3e-05,1e-05,1e-05,-0.02985,-0.00024,-0.00043,0.01264,0.00108,0.00099,-9e-05
67.32,-1e-05,0.00239,-0.00043,-8e-05,0.00016,0,-9e-05,0.00028,-8e-05,0,-0,-1e-05,-2e-05,-0.00027,7e-05,9e-05,0.00011,-6e-05,-0,1e-05,-0.02929,-0.00344,-0.00089,0.00301,2e-05,-0,-0,-0.01266,-0.0012,-0.00015,0.00527,0.00052,6e-05,1e-05
67.34,-3e-05,0.002,-0.00044,-0.00013,0.00015,0,-0.0001,0.00025,-5e-05,1e-05,-0,-0,-2e-05,-0.00016,8e-05,7e-05,7e-05,-6e-05,-0,2e-05,-0.02702,-0.00278,-0.0008,0.00231,-0,-1e-05,-1e-05,-0.0008,-0.00146,0.00057,0.00137,0.00016,-0.00216,-0.00082
67.36,-6e-05,0.00148,-0.0004,-0.00019,0.00012,0,-0.00011,0.0002,-1e-05,2e-05,-0,0,-2e-05,-2e-05,7e-05,6e-05,4e-05,-4e-05,-0,2e-05,-0.02319,-0.00203,-0.00062,0.00128,-4e-05,-0,1e-05,0.00577,-0.00127,0.00138,4e-05,-0,-0.00475,-0.00208
67.38,-0.0001,0.00083,-0.00034,-0.00026,8e-05,0,-0.0001,0.00013,2e-05,3e-05,-0,1e-05,-1e-05,0.00015,6e-05,4e-05,2e-05,-1e-05,0,3e-05,-0.019,-0.00141,-0.00047,0.00028,-8e-05,2e-05,5e-05,0.00444,-0.00082,0.00149,-0.00053,0,-0.00691,-0.00314
67.4,-0.00017,6e-05,-0.00025,-0.00033,1e-05,0,-8e-05,4e-05,6e-05,4e-05,0,1e-05,-1e-05,0.00032,4e-05,3e-05,0,4e-05,0,3e-05,-0.01367,-0.00089,-0.00034,-0.00067,-0.00014,7e-05,0.00012,0.00301,-0.00033,0.00135,-0.00151,-0,-0.00749,-0.00362
67.42,-0.00024,-0.00082,-0.00017,-0.00039,-8e-05,-0,-4e-05,-7e-05,9e-05,6e-05,0,2e-05,-1e-05,0.0005,2e-05,2e-05,-1e-05,0.00012,0,3e-05,-0.0053,-0.00048,-0.00023,-0.00159,-0.00022,0.00013,0.00021,0.00115,-0,0.00136,-0.00343,-0,-0.00421,-0.00262
67.44,-0.00034,-0.00172,-0.0001,-0.00044,-0.00018,-0,0,-0.00017,0.00013,7e-05,0,2e-05,-0,0.00069,-1e-05,1e-05,-2e-05,0.00022,0,3e-05,0.00487,-0.00018,-0.00015,-0.00179,-0.0003,0.0002,0.0003,-0.0002,-0.00011,0.00143,-0.0061,3e-05,-0.00077,-0.00102
67.46,-0.00047,-0.00251,-3e-05,-0.00048,-0.00029,-0,6e-05,-0.00027,0.00016,9e-05,0,3e-05,0,0.00084,-4e-05,0,-3e-05,0.00036,1e-05,3e-05,0.01543,-1e-05,-8e-05,5e-05,-0.00041,0.00024,0.00038,-0.00012,-0.00026,0.00149,-0.00892,7e-05,0.00128,0.00023
67.48,-0.00063,-0.00313,1e-05,-0.0005,-0.0004,-0,0.00013,-0.00036,0.00018,0.0001,0,3e-05,0,0.00094,-7e-05,0,-4e-05,0.00049,1e-05,2e-05,0.02561,5e-05,1e-05,0.00544,-0.00052,0.00023,0.00038,0.00058,-3e-05,0.00183,-0.01188,0.00012,0.00285,0.00128
67.5,-0.00079,-0.00342,2e-05,-0.0005,-0.00049,-0,0.00019,-0.00042,0.00019,0.00011,1e-05,4e-05,1e-05,0.001,-0.0001,1e-05,-6e-05,0.00064,1e-05,1e-05,0.03221,5e-05,0.00017,0.01624,-0.00062,0.00014,0.00026,-8e-05,0.00108,0.00159,-0.01373,0.00015,0.00309,0.00148
67.52,-0.00092,-0.00324,-2e-05,-0.00048,-0.00055,-0,0.00024,-0.00046,0.00019,0.00013,1e-05,4e-05,1e-05,0.00102,-0.00014,2e-05,-7e-05,0.00084,1e-05,0,0.02754,4e-05,0.00035,0.03511,-0.00069,-6e-05,-7e-05,-0.00357,0.00332,0.00025,-0.01237,0.00019,0.00151,0.00075
67.54,-0.00101,-0.00266,-0.00011,-0.00043,-0.00056,-0,0.00029,-0.00045,0.00016,0.00014,1e-05,4e-05,1e-05,0.00099,-0.00019,3e-05,-0.0001,0.001,1e-05,-0,0.01015,-5e-05,0.00038,0.06387,-0.00073,-0.00039,-0.00067,-0.00782,0.00585,0.00012,-0.00905,0.00022,0.00035,0.00018
67.56,-0.00105,-0.00173,-0.00025,-0.00037,-0.00052,-0,0.00031,-0.00042,0.00012,0.00014,1e-05,4e-05,1e-05,0.0009,-0.00025,4e-05,-0.00013,0.00105,1e-05,-1e-05,-0.01492,-0.00022,0.00015,0.10203,-0.00076,-0.00087,-0.0016,-0.01135,0.00721,0.00126,-0.00545,0.00023,1e-05,-0
67.58,-0.001,-0.00051,-0.00044,-0.0003,-0.00044,-0,0.00032,-0.00036,7e-05,0.00013,1e-05,3e-05,0,0.0008,-0.00032,6e-05,-0.00016,0.00101,1e-05,-1e-05,-0.04819,-0.00042,-0.00056,0.14981,-0.00076,-0.00145,-0.00287,-0.01302,0.00709,0.00286,-0.00119,0.00023,4e-05,2e-05
67.6,-0.00092,0.00087,-0.00066,-0.00023,-0.00032,-0,0.00031,-0.00029,0,0.00011,0,2e-05,0,0.00068,-0.00039,8e-05,-0.00018,0.00087,0,-1e-05,-0.08436,-0.00077,-0.00212,0.19917,-0.00078,-0.00221,-0.00447,-0.0138,0.00567,0.00367,0.00227,0.00022,0.00019,0.00011
67.62,-0.00083,0.0022,-0.00091,-0.00016,-0.00018,-0,0.00027,-0.00022,-6e-05,8e-05,0,1e-05,-0,0.00054,-0.00045,9e-05,-0.00019,0.00061,-0,-1e-05,-0.1157,-0.00147,-0.00432,0.23542,-0.00084,-0.00323,-0.00628,-0.01541,0.00377,0.00319,0.0039,0.00021,0.00022,0.00013
67.64,-0.0007,0.00331,-0.00117,-0.00011,-4e-05,-0,0.00022,-0.00015,-0.00011,4e-05,0,0,-1e-05,0.00042,-0.00048,0.0001,-0.00018,0.00036,-0,-1e-05,-0.14161,-0.0026,-0.00659,0.25652,-0.00092,-0.00447,-0.00811,-0.01746,0.00208,0.00222,0.00483,0.0002,0.00017,0.00011
67.66,-0.00052,0.00417,-0.00143,-8e-05,7e-05,-0,0.00015,-9e-05,-0.00015,0,0,-1e-05,-1e-05,0.00033,-0.00049,0.00011,-0.00015,0.00017,0,-2e-05,-0.16079,-0.00417,-0.00845,0.26458,-0.00096,-0.00563,-0.00965,-0.01975,0.00088,0.0013,0.00524,0.00018,0.00011,0.0001
67.68,-0.00033,0.00479,-0.00169,-6e-05,0.00016,-0,5e-05,-4e-05,-0.00018,-3e-05,-0,-1e-05,-1e-05,0.00026,-0.00049,0.00011,-0.00012,2e-05,1e-05,-2e-05,-0.1694,-0.00593,-0.00913,0.25781,-0.00092,-0.0057,-0.01019,-0.02228,8e-05,0.00045,0.00486,0.00015,5e-05,7e-05
67.7,-0.00015,0.00521,-0.00193,-6e-05,0.00022,-0,-6e-05,-1e-05,-0.00019,-7e-05,-0,-2e-05,-2e-05,0.00021,-0.00046,0.00011,-8e-05,-9e-05,1e-05,-2e-05,-0.16359,-0.00858,-0.00895,0.2302,-0.00084,-0.00652,-0.01033,-0.02477,-0.00041,-0.00036,0.00361,0.00012,1e-05,5e-05
67.72,-2e-05,0.00549,-0.00218,-7e-05,0.00025,-0,-0.00019,0,-0.00019,-0.0001,-0,-2e-05,-2e-05,0.00017,-0.00041,0.0001,-4e-05,-0.00015,2e-05,-2e-05,-0.14122,-0.01293,-0.00656,0.18109,-0.00074,-0.00949,-0.01051,-0.02751,-0.0007,-0.00112,0.00189,0.0001,-1e-05,3e-05
67.74,6e-05,0.00573,-0.00241,-0.0001,0.00025,-0,-0.00035,0,-0.00018,-0.00012,-0,-2e-05,-2e-05,0.00014,-0.00036,0.0001,-1e-05,-0.00018,3e-05,-3e-05,-0.10821,-0.01666,-0.00221,0.12836,-0.00054,-0.01002,-0.00896,-0.03073,-0.00083,-0.00181,0.00028,8e-05,-2e-05,2e-05
67.76,6e-05,0.00601,-0.0026,-0.00013,0.00023,-0,-0.00054,-0,-0.00016,-0.00013,-0,-2e-05,-2e-05,0.00012,-0.0003,9e-05,2e-05,-0.0002,3e-05,-3e-05,-0.07392,-0.01778,0.00107,0.0839,-0.00029,-0.00705,-0.00582,-0.03395,-0.00078,-0.00242,-0.0009,6e-05,-1e-05,0
67.78,-1e-05,0.00632,-0.00275,-0.00017,0.0002,-0,-0.00076,-0,-0.00015,-0.00014,-0,-2e-05,-2e-05,0.00011,-0.00025,7e-05,4e-05,-0.00019,3e-05,-3e-05,-0.04386,-0.01574,0.00245,0.04938,-6e-05,-0.003,-0.00256,-0.03678,-0.0005,-0.00286,-0.00144,4e-05,-0,-0
67.8,-0.00014,0.00657,-0.00283,-0.00021,0.00016,-0,-0.001,-0,-0.00014,-0.00013,-0,-1e-05,-2e-05,0.0001,-0.0002,5e-05,5e-05,-0.00018,4e-05,-3e-05,-0.02124,-0.01142,0.00151,0.02731,7e-05,-0.00023,-0.00042,-0.03525,7e-05,-0.00339,-0.0011,1e-05,0,1e-05
67.82,-0.00036,0.00658,-0.00282,-0.00024,0.00012,-0,-0.00123,1e-05,-0.00014,-0.00013,-0,-1e-05,-1e-05,7e-05,-0.00015,3e-05,5e-05,-0.00018,4e-05,-3e-05,-0.00675,-0.00655,0.00029,0.01398,8e-05,-0.00048,1e-05,-0.02948,0.00099,-0.00421,-0.00035,-7e-05,2e-05,4e-05
67.84,-0.00066,0.00631,-0.00269,-0.00026,9e-05,-0,-0.00145,1e-05,-0.00015,-0.00013,-0,-1e-05,-1e-05,3e-05,-0.00011,1e-05,4e-05,-0.00018,4e-05,-2e-05,0.00028,-0.00105,-0,0.00549,3e-05,-0.00286,-0.00088,-0.02281,0.00235,-0.0051,2e-05,-0.00016,4e-05,8e-05
67.86,-0.00107,0.00574,-0.00244,-0.00027,6e-05,-0,-0.00164,1e-05,-0.00016,-0.00013,-0,-0,-1e-05,-4e-05,-6e-05,-0,1e-05,-0.00016,4e-05,-2e-05,0.00163,0.00468,0.00038,0.00099,-1e-05,-0.00641,-0.00263,-0.01673,0.0043,-0.00591,-0.00032,-0.00026,6e-05,0.00013
67.88,-0.00155,0.00483,-0.00208,-0.00026,4e-05,-0,-0.00178,-1e-05,-0.00019,-0.00014,-0,0,-1e-05,-0.00015,-3e-05,0,-4e-05,-0.00015,4e-05,-1e-05,-0.00065,0.00852,0.00065,-0.00035,-3e-05,-0.01016,-0.00449,-0.01231,0.0071,-0.00682,-0.00112,-0.00037,7e-05,0.00015
67.9,-0.00211,0.00353,-0.00165,-0.00023,3e-05,-0,-0.00184,-7e-05,-0.00022,-0.00014,-0,0,-1e-05,-0.00032,0,3e-05,-9e-05,-0.00011,4e-05,-1e-05,-0.0039,0.01006,0.00047,-0.00032,-3e-05,-0.00956,-0.00514,-0.00846,0.0106,-0.00732,-0.00185,-0.00044,5e-05,0.00012
67.92,-0.0027,0.00182,-0.0012,-0.00017,1e-05,-0,-0.00175,-0.00018,-0.00025,-0.00013,-0,1e-05,-0,-0.00052,-0,0.00012,-0.00014,2e-05,3e-05,-0,-0.00713,0.01116,0.00043,-0.00013,-4e-05,-0.00406,-0.00354,-0.00309,0.01311,-0.0061,-0.00187,-0.00044,1e-05,5e-05
67.94,-0.00325,-4e-05,-0.00077,-9e-05,-0,-0,-0.00155,-0.00033,-0.00029,-0.00012,-0,1e-05,-0,-0.00073,-7e-05,0.00026,-0.00019,0.00015,2e-05,-0,-0.00975,0.01255,-5e-05,1e-05,-8e-05,0.00012,-0.00115,0.00083,0.01367,-0.00382,-7e-05,-0.00039,-4e-05,-6e-05
67.96,-0.00364,-0.00174,-0.00038,1e-05,-2e-05,0,-0.00126,-0.00053,-0.00033,-0.0001,-0,1e-05,-0,-0.00096,-0.00023,0.00048,-0.00023,0.00021,1e-05,0,-0.01186,0.01382,-0.00079,3e-05,-0.00015,0.00299,0.00083,0.00132,0.0128,-0.0017,0.00447,-0.00031,-8e-05,-0.00017
67.98,-0.00377,-0.00313,-5e-05,0.00015,-4e-05,0,-0.00091,-0.00076,-0.00037,-8e-05,-0,1e-05,-0,-0.0012,-0.00051,0.00077,-0.00025,0.00025,-1e-05,0,-0.01353,0.01432,-0.00118,-5e-05,-0.00025,0.00721,0.0027,-0.00062,0.01041,-0.00021,0.01207,-0.0002,-9e-05,-0.00027
68,-0.00361,-0.00403,0.00021,0.00031,-6e-05,0,-0.00056,-0.00098,-0.0004,-5e-05,-0,1e-05,-0,-0.00139,-0.00092,0.00114,-0.00025,0.00023,-2e-05,1e-05,-0.01463,0.0134,-0.001,-0.00015,-0.00034,0.00992,0.00345,-0.00391,0.00711,-0,0.02209,-9e-05,-9e-05,-0.00033
68.02,-0.00321,-0.0044,0.00039,0.0005,-8e-05,0,-0.0003,-0.00115,-0.00042,-3e-05,-0,0,-0,-0.0015,-0.00139,0.00157,-0.00023,0.00015,-2e-05,1e-05,-0.01488,0.01147,-0.00039,-0.00019,-0.00035,0.00699,0.00237,-0.00686,0.00379,-0.00098,0.03257,2e-05,-8e-05,-0.00036
68.04,-0.0025,-0.00436,0.00051,0.0007,-0.0001,0,-9e-05,-0.00126,-0.00044,-2e-05,-0,-0,-0,-0.00155,-0.00187,0.00202,-0.00018,8e-05,-2e-05,1e-05,-0.01446,0.00918,0.00056,-0.00019,-0.00029,0.00291,0.00095,-0.00874,0.0011,-0.00259,0.04227,0.00014,-7e-05,-0.00037
68.06,-0.00152,-0.00406,0.00057,0.0009,-0.00013,0,9e-05,-0.0013,-0.00045,-0,-0,-1e-05,-0,-0.00162,-0.00233,0.00248,-0.0001,4e-05,-1e-05,0,-0.01344,0.0069,0.00144,-0.00018,-0.00023,-0.00021,-0.00024,-0.00959,-0.0007,-0.00445,0.0507,0.00024,-6e-05,-0.00036
68.08,-0.0004,-0.00356,0.0006,0.0011,-0.00016,0,0.00021,-0.00127,-0.00045,1e-05,-0,-2e-05,-0,-0.0017,-0.00272,0.00292,-0,1e-05,0,0,-0.01201,0.00479,0.00171,-0.00016,-0.00016,-0.0028,-0.00126,-0.00962,-0.00176,-0.00605,0.0572,0.00033,-6e-05,-0.00034
68.1,0.0007,-0.00298,0.0006,0.00128,-0.0002,0,0.0003,-0.00118,-0.00044,1e-05,-0,-2e-05,0,-0.00176,-0.00294,0.00332,8e-05,-0,2e-05,0,-0.01029,0.00303,0.00155,-0.00011,-9e-05,-0.0041,-0.00182,-0.00921,-0.00218,-0.00718,0.06134,0.0004,-6e-05,-0.00031
68.12,0.00158,-0.00237,0.00059,0.0014,-0.00025,0,0.00035,-0.00107,-0.00044,1e-05,-0,-3e-05,0,-0.00171,-0.00288,0.00367,0.00015,-0,4e-05,-0,-0.00838,0.00165,0.00156,-5e-05,-2e-05,-0.00263,-0.00133,-0.00886,-0.00221,-0.00799,0.06286,0.00046,-7e-05,-0.00028
68.14,0.0021,-0.0018,0.00056,0.00147,-0.00031,0,0.00038,-0.00093,-0.00043,1e-05,-0,-4e-05,0,-0.00153,-0.00258,0.00395,0.00018,0,6e-05,-1e-05,-0.00683,0.00061,0.00116,-1e-05,8e-05,-0.00082,-0.00047,-0.00915,-0.00221,-0.00852,0.06235,0.00048,-8e-05,-0.00024
68.16,0.00228,-0.00126,0.00056,0.00149,-0.00037,0,0.00042,-0.00077,-0.00041,1e-05,-0,-4e-05,0,-0.00127,-0.00212,0.00413,0.00015,1e-05,8e-05,-1e-05,-0.00564,-0.00013,0.00065,-0,0.00022,7e-05,9e-05,-0.01039,-0.00236,-0.00887,0.06065,0.00048,-0.0001,-0.00019
68.18,0.00216,-0.00079,0.00057,0.00147,-0.00044,0,0.00045,-0.00061,-0.00038,1e-05,-0,-5e-05,0,-0.00092,-0.00153,0.00424,6e-05,2e-05,0.0001,-1e-05,-0.00443,-0.00065,0.00014,0,0.00036,0.0004,0.0003,-0.01242,-0.00277,-0.00921,0.05808,0.00046,-0.00011,-0.00014
68.2,0.00182,-0.00038,0.00058,0.00141,-0.0005,0,0.00049,-0.00045,-0.00035,1e-05,-0,-5e-05,0,-0.00041,-0.00091,0.00427,-7e-05,4e-05,0.00012,-1e-05,-0.00327,-0.00103,-0.0017,1e-05,0.00045,-0.00014,-0.00014,-0.01497,-0.0035,-0.00935,0.05543,0.00042,-0.00013,-9e-05
68.22,0.00138,-0,0.0006,0.00132,-0.00054,0,0.00056,-0.0003,-0.00032,1e-05,-0,-5e-05,1e-05,0.00029,-0.0003,0.00422,-0.00022,6e-05,0.00014,-1e-05,-0.00224,-0.00123,-0.00169,0,0.00049,-0.00037,-0.0004,-0.01775,-0.00454,-0.00902,0.05355,0.00038,-0.00014,-5e-05
68.24,0.00094,0.00034,0.0006,0.00121,-0.00056,0,0.00064,-0.00018,-0.00028,1e-05,-0,-4e-05,1e-05,0.001,0.00033,0.00411,-0.00034,9e-05,0.00016,-0,-0.00116,-0.00137,-0.00052,-3e-05,0.00048,0.00047,9e-05,-0.02028,-0.00595,-0.00844,0.05225,0.00034,-0.00014,-3e-05
68.26,0.00058,0.00072,0.0006,0.00109,-0.00055,0,0.00072,-8e-05,-0.00025,2e-05,-0,-4e-05,1e-05,0.0016,0.00096,0.00396,-0.00044,0.00012,0.00019,1e-05,-0.00041,-0.00153,-0.0002,-6e-05,0.00045,0.00165,0.00079,-0.02222,-0.00775,-0.0078,0.05126,0.00032,-0.00015,-0
68.28,0.0003,0.00118,0.0006,0.00096,-0.00052,0,0.0008,-1e-05,-0.00022,2e-05,0,-3e-05,1e-05,0.00211,0.00154,0.00378,-0.00049,0.00016,0.00021,1e-05,-7e-05,-0.00173,0.0002,-0.00011,0.00042,0.00346,0.00171,-0.02336,-0.00984,-0.00708,0.0505,0.00031,-0.00015,1e-05
68.3,0.00011,0.00179,0.00059,0.00084,-0.00047,0,0.00088,4e-05,-0.0002,3e-05,1e-05,-3e-05,1e-05,0.00244,0.00205,0.00351,-0.0005,0.00019,0.00023,2e-05,-1e-05,-0.00185,0.00105,-0.00014,0.00039,0.00496,0.00229,-0.02355,-0.01192,-0.00626,0.0493,0.00032,-0.00016,3e-05
68.32,-2e-05,0.00258,0.00058,0.00072,-0.00042,0,0.00095,8e-05,-0.00018,3e-05,3e-05,-2e-05,1e-05,0.00254,0.00249,0.00305,-0.00049,0.00024,0.00025,2e-05,-1e-05,-0.00182,0.00095,-0.00015,0.00032,0.00395,0.00193,-0.0227,-0.01356,-0.00531,0.04682,0.00035,-0.00016,4e-05
68.34,-0.0001,0.00358,0.00056,0.0006,-0.00037,0,0.00101,0.00011,-0.00016,4e-05,5e-05,-1e-05,1e-05,0.00254,0.00281,0.00252,-0.00047,0.00028,0.00026,3e-05,-3e-05,-0.00167,0.00054,-0.00015,0.00023,0.00235,0.00131,-0.02068,-0.01458,-0.00439,0.04273,0.00039,-0.00017,4e-05
68.36,-0.00017,0.00476,0.00055,0.00049,-0.00034,0,0.00107,0.00013,-0.00015,5e-05,8e-05,-1e-05,1e-05,0.00254,0.00298,0.002,-0.00044,0.00029,0.00027,3e-05,-7e-05,-0.00141,0.00082,-0.00015,0.00013,0.0012,0.0008,-0.01744,-0.01492,-0.00361,0.03671,0.00045,-0.00018,5e-05
68.38,-0.00026,0.00608,0.00055,0.00038,-0.00033,0,0.00113,0.00014,-0.00014,5e-05,0.00012,-1e-05,-0,0.00254,0.00302,0.00148,-0.00041,0.00027,0.00026,3e-05,-0.00013,-0.00105,0.0015,-0.00013,4e-05,0.00029,0.00035,-0.01303,-0.01446,-0.00295,0.02834,0.00052,-0.00019,5e-05
68.4,-0.0004,0.0073,0.00052,0.00028,-0.00033,-0,0.00117,0.00014,-0.00012,5e-05,0.00016,-0,-1e-05,0.00249,0.00291,0.00096,-0.00037,0.00023,0.00025,2e-05,-0.0002,-0.00064,0.00189,-0.00011,-5e-05,-0.00035,-1e-05,-0.00762,-0.013,-0.00242,0.01756,0.00059,-0.0002,5e-05
68.42,-0.00062,0.00807,0.00045,0.00019,-0.00033,-0,0.00119,0.00012,-0.0001,5e-05,0.00021,-0,-1e-05,0.00237,0.00264,0.00046,-0.00033,0.00016,0.00025,2e-05,-0.00027,-0.00025,0.00148,-9e-05,-0.00011,-0.00077,-0.00028,-0.00139,-0.01052,-0.00205,0.00437,0.00066,-0.0002,4e-05
68.44,-0.00098,0.00826,0.00034,0.00011,-0.00032,-0,0.0012,0.0001,-7e-05,5e-05,0.00026,-0,-2e-05,0.00225,0.00228,4e-05,-0.00028,0.0001,0.00023,1e-05,-0.00033,8e-05,0.00096,-7e-05,-0.00014,-0.00102,-0.00046,0.00544,-0.00737,-0.00185,-0.01108,0.00074,-0.0002,3e-05
68.46,-0.00148,0.00782,0.00019,2e-05,-0.0003,-0,0.00121,7e-05,-4e-05,5e-05,0.00028,-0,-2e-05,0.0022,0.00187,-0.00029,-0.00023,5e-05,0.00021,1e-05,-0.00038,0.00031,0.00069,-5e-05,-0.00015,-0.00113,-0.00057,0.01273,-0.00388,-0.0018,-0.02836,0.00081,-0.00019,2e-05
68.48,-0.00214,0.00665,3e-05,-7e-05,-0.00026,-0,0.0012,3e-05,-1e-05,5e-05,0.00027,-0,-1e-05,0.00221,0.00148,-0.00052,-0.00018,2e-05,0.00018,1e-05,-0.0004,0.00043,0.00046,-3e-05,-0.00014,-0.00114,-0.00062,0.02031,-0.00041,-0.00189,-0.04641,0.00089,-0.00018,0
68.5,-0.00302,0.00464,-0.00015,-0.00018,-0.0002,-0,0.00118,0,1e-05,4e-05,0.00023,-0,-1e-05,0.00223,0.00108,-0.00064,-0.00014,-1e-05,0.00015,0,-0.00042,0.00047,0.00024,-2e-05,-0.00012,-0.00106,-0.0006,0.02796,0.00257,-0.00207,-0.06442,0.00096,-0.00017,-1e-05
68.52,-0.0042,0.00173,-0.00034,-0.00033,-0.00012,-0,0.00112,-1e-05,3e-05,4e-05,0.00017,-0,-1e-05,0.00222,0.0007,-0.00064,-0.00011,-2e-05,0.00012,-0,-0.00048,0.00045,6e-05,-2e-05,-0.00011,-0.0009,-0.00054,0.03557,0.00447,-0.00225,-0.08225,0.00099,-0.00015,-3e-05
68.54,-0.0057,-0.00176,-0.00051,-0.00053,-3e-05,-0,0.00105,-0,3e-05,3e-05,0.00011,0,-1e-05,0.00221,0.00039,-0.00053,-8e-05,-3e-05,9e-05,-0,-0.00054,0.00041,-9e-05,-1e-05,-0.0001,-0.00071,-0.00043,0.04258,0.00501,-0.00237,-0.09747,0.001,-0.00013,-5e-05
68.56,-0.00744,-0.00541,-0.00063,-0.00078,6e-05,0,0.00097,3e-05,3e-05,1e-05,7e-05,0,-1e-05,0.00223,0.00018,-0.00038,-7e-05,-4e-05,6e-05,-0,-0.0006,0.00037,-0.00021,-1e-05,-8e-05,-0.0005,-0.00031,0.04833,0.00431,-0.00237,-0.10701,0.00097,-0.0001,-6e-05
68.58,-0.00935,-0.00899,-0.00069,-0.00106,0.00015,-0,0.00089,9e-05,0,-1e-05,3e-05,0,-0,0.00227,5e-05,-0.00019,-6e-05,-3e-05,3e-05,-0,-0.00066,0.00035,-0.00028,-1e-05,-6e-05,-0.00028,-0.00018,0.05264,0.00264,-0.00219,-0.10941,0.0009,-7e-05,-6e-05
68.6,-0.01137,-0.01206,-0.0007,-0.00136,0.00023,-0,0.0008,0.00019,-3e-05,-3e-05,1e-05,0,-0,0.00228,-2e-05,-1e-05,-6e-05,-3e-05,0,0,-0.0007,0.00036,-0.0003,-1e-05,-5e-05,-9e-05,-6e-05,0.05377,0.00052,-0.00198,-0.1036,0.00077,-4e-05,-5e-05
68.62,-0.01347,-0.0142,-0.00065,-0.00165,0.00028,-0,0.00068,0.00031,-8e-05,-5e-05,-0,0,-0,0.00224,-6e-05,0.00015,-5e-05,-3e-05,-1e-05,0,-0.00065,0.00041,-0.0003,-1e-05,-3e-05,9e-05,5e-05,0.05039,-0.00166,-0.00188,-0.08998,0.00058,-1e-05,-3e-05
68.64,-0.01531,-0.01549,-0.00057,-0.00191,0.00032,-0,0.00057,0.00044,-0.00014,-6e-05,-1e-05,0,-0,0.00216,-8e-05,0.00029,-6e-05,-3e-05,-3e-05,0,-0.00056,0.00049,-0.00026,-1e-05,-1e-05,0.00031,0.00017,0.04418,-0.0036,-0.00171,-0.06985,0.00038,1e-05,-0
68.66,-0.01654,-0.01598,-0.00047,-0.0021,0.00034,-0,0.00046,0.00059,-0.0002,-6e-05,-2e-05,0,-0,0.00204,-8e-05,0.0004,-6e-05,-2e-05,-3e-05,0,-0.00045,0.00059,-0.00021,-1e-05,1e-05,0.00054,0.00029,0.03708,-0.00482,-0.00142,-0.04676,0.0002,2e-05,2e-05
68.68,-0.01707,-0.01562,-0.00035,-0.0022,0.00034,-0,0.00036,0.00072,-0.00025,-6e-05,-2e-05,0,-0,0.00187,-7e-05,0.00046,-7e-05,-2e-05,-3e-05,0,-0.00031,0.00069,-0.00016,-1e-05,3e-05,0.00077,0.00041,0.0303,-0.00514,-0.00108,-0.02545,6e-05,1e-05,4e-05
68.7,-0.0168,-0.01441,-0.00021,-0.00221,0.00033,-0,0.00028,0.00083,-0.0003,-6e-05,-3e-05,-0,-0,0.00164,-7e-05,0.00047,-8e-05,-2e-05,-3e-05,0,-0.00014,0.00078,-0.00011,-1e-05,5e-05,0.00101,0.00051,0.02346,-0.00461,-0.00073,-0.0087,-0,-0,4e-05
68.72,-0.01567,-0.01246,-6e-05,-0.00214,0.0003,-0,0.00019,0.0009,-0.00033,-5e-05,-3e-05,-0,0,0.00136,-7e-05,0.00043,-9e-05,-1e-05,-3e-05,0,-1e-05,0.00081,-8e-05,-1e-05,8e-05,0.00124,0.00061,0.01714,-0.00339,-0.00042,0.00097,-3e-05,-2e-05,3e-05
68.74,-0.01387,-0.01,0.0001,-0.00201,0.00027,-0,0.00012,0.00094,-0.00033,-5e-05,-3e-05,-0,1e-05,0.00105,-7e-05,0.00036,-0.00011,-1e-05,-2e-05,0,0.00014,0.00078,-8e-05,-1e-05,0.00012,0.00145,0.00068,0.01301,-0.00179,-0.00017,0.00358,-2e-05,-4e-05,2e-05
68.76,-0.01157,-0.00724,0.00027,-0.00184,0.00024,-0,6e-05,0.00094,-0.00033,-4e-05,-3e-05,-1e-05,2e-05,0.00073,-6e-05,0.00029,-0.00012,-1e-05,-1e-05,-0,0.00033,0.00066,-0.0001,-1e-05,0.00015,0.00166,0.00075,0.01094,-0.00021,-2e-05,0.00156,2e-05,-5e-05,0
68.78,-0.00902,-0.00434,0.00045,-0.00164,0.00021,-0,0,0.00091,-0.0003,-3e-05,-2e-05,-0,3e-05,0.00042,-5e-05,0.00022,-0.00013,-1e-05,-1e-05,-0,0.00054,0.00044,-0.00016,-1e-05,0.00018,0.00183,0.0008,0.00997,0.00066,-1e-05,-0.00142,4e-05,-5e-05,-1e-05
68.8,-0.00643,-0.00146,0.00061,-0.00144,0.00019,-0,-4e-05,0.00086,-0.00025,-1e-05,-2e-05,-0,4e-05,0.0001,-2e-05,0.00016,-0.00013,-1e-05,-1e-05,-1e-05,0.00078,0.00014,-0.00026,-1e-05,0.00021,0.00197,0.00084,0.00893,0.00055,-3e-05,-0.00198,3e-05,-3e-05,-2e-05
68.82,-0.00414,0.00116,0.00075,-0.00124,0.00018,-0,-8e-05,0.00079,-0.0002,-0,-2e-05,0,9e-05,-0.00021,4e-05,0.00011,-9e-05,-1e-05,-0,-0,0.00104,-0.00023,-0.0004,-1e-05,0.00024,0.00212,0.00087,0.00768,0.00045,-6e-05,-0.00246,0,-2e-05,-2e-05
68.84,-0.00246,0.00336,0.00085,-0.00105,0.00018,-0,-0.0001,0.0007,-0.00012,1e-05,-2e-05,2e-05,0.00014,-0.00051,0.00011,7e-05,-4e-05,-1e-05,-0,0,0.0013,-0.00066,-0.00058,-1e-05,0.00027,0.00221,0.00087,0.00632,0.0004,-0.00011,-0.00292,-4e-05,-0,-1e-05
68.86,-0.0015,0.00509,0.00092,-0.00091,0.00019,-0,-0.00011,0.00062,-3e-05,2e-05,-2e-05,3e-05,0.00017,-0.00079,0.00021,3e-05,-0,-1e-05,-0,1e-05,0.00151,-0.00113,-0.0008,-1e-05,0.00028,0.00222,0.00085,0.005,0.00038,-0.0002,-0.00346,-0.0001,1e-05,1e-05
68.88,-0.00124,0.00637,0.00097,-0.00078,0.00021,-0,-0.0001,0.00053,8e-05,3e-05,-3e-05,5e-05,0.00019,-0.00104,0.00033,1e-05,3e-05,-1e-05,-0,2e-05,0.00166,-0.00159,-0.00105,-1e-05,0.00029,0.00216,0.0008,0.00383,0.00029,-0.00033,-0.00385,-0.00016,4e-05,3e-05
68.9,-0.00157,0.00721,0.00099,-0.00069,0.00022,-0,-8e-05,0.00045,0.00019,4e-05,-3e-05,8e-05,0.00018,-0.00125,0.00046,-0,3e-05,-2e-05,-0,2e-05,0.00176,-0.00203,-0.00128,-1e-05,0.00028,0.00198,0.00071,0.00282,7e-05,-0.00047,-0.00406,-0.00021,9e-05,3e-05
68.92,-0.00236,0.00755,0.00098,-0.00062,0.00023,-0,-6e-05,0.00036,0.0003,5e-05,-2e-05,0.00011,0.00014,-0.0014,0.00061,-1e-05,1e-05,-2e-05,0,2e-05,0.00179,-0.00241,-0.00141,-1e-05,0.00025,0.00162,0.00057,0.00156,-0.00026,-0.00035,-0.00431,-8e-05,0.00015,-4e-05
68.94,-0.00351,0.00748,0.00095,-0.00056,0.00022,-0,-3e-05,0.00028,0.0004,6e-05,-1e-05,0.00015,0.0001,-0.00147,0.00076,-1e-05,-0,-2e-05,0,2e-05,0.00176,-0.0027,-0.00146,-0,0.00021,0.00118,0.00042,-0.00059,-0.00031,0.0008,-0.00718,0.00114,0.00015,-0.00013
68.96,-0.00494,0.0071,0.0009,-0.00052,0.0002,-0,-0,0.00021,0.00048,7e-05,0,0.00017,6e-05,-0.00144,0.00085,-1e-05,1e-05,-1e-05,0,2e-05,0.00166,-0.00289,-0.00146,-0,0.00019,0.00069,0.00024,-0.0015,-5e-05,0.00239,-0.01402,0.0036,4e-05,-0.0003
68.98,-0.00663,0.00646,0.00086,-0.00048,0.00017,-0,3e-05,0.00014,0.00053,9e-05,3e-05,0.00019,3e-05,-0.00132,0.00087,-1e-05,4e-05,-1e-05,0,2e-05,0.00151,-0.00296,-0.0014,-0,0.00017,0.00014,4e-05,-0.00056,0.00049,0.00425,-0.02566,0.00772,-0.00016,-0.00048
69,-0.00863,0.00555,0.00081,-0.00046,0.00013,-0,5e-05,8e-05,0.00056,0.0001,6e-05,0.00018,1e-05,-0.0011,0.00082,0,8e-05,-1e-05,0,2e-05,0.00139,-0.00293,-0.00128,-0,0.00016,-0.00049,-0.00019,0.00243,0.00117,0.0057,-0.04142,0.01353,-0.00085,-0.00084
69.02,-0.01106,0.0044,0.00075,-0.00045,8e-05,-0,9e-05,2e-05,0.00055,0.00013,0.00012,0.00016,-0,-0.0008,0.0007,2e-05,0.00014,-1e-05,0,3e-05,0.00141,-0.00281,-0.00113,-0,0.00014,-0.00117,-0.00044,0.00642,0.00177,0.00529,-0.05831,0.01978,-0.00433,-0.00245
69.04,-0.0139,0.00311,0.00069,-0.00045,3e-05,0,0.00013,-3e-05,0.00051,0.00016,0.00017,0.00013,-1e-05,-0.00042,0.00054,3e-05,0.00021,-0,-0,3e-05,0.00161,-0.00259,-0.00094,0,0.00013,-0.00189,-0.00073,0.00922,0.00231,0.0032,-0.07284,0.02507,-0.01072,-0.0055
69.06,-0.01707,0.00181,0.00066,-0.00045,-3e-05,0,0.00018,-7e-05,0.00046,0.0002,0.0002,0.0001,-1e-05,-1e-05,0.00036,4e-05,0.00026,0,-0,4e-05,0.002,-0.00227,-0.00075,0,0.0001,-0.00263,-0.00103,0.00843,0.00282,0.00078,-0.08249,0.0287,-0.01736,-0.00874
69.08,-0.02048,0.0005,0.00064,-0.00046,-9e-05,0,0.00024,-0.0001,0.00038,0.00024,0.00021,7e-05,0,0.0004,0.00019,5e-05,0.0003,1e-05,-0,4e-05,0.00264,-0.00191,-0.00056,0,6e-05,-0.00343,-0.00137,0.00207,0.00329,-0.00119,-0.08485,0.02971,-0.0227,-0.01164
69.1,-0.02413,-0.00062,0.00065,-0.00048,-0.00015,0,0.00031,-0.00012,0.00031,0.00028,0.00019,5e-05,1e-05,0.00079,5e-05,6e-05,0.00031,1e-05,-1e-05,4e-05,0.00353,-0.00155,-0.00039,0,2e-05,-0.00401,-0.00166,-0.01015,0.00349,-0.00164,-0.07725,0.02854,-0.02367,-0.01256
69.12,-0.02801,-0.00135,0.00071,-0.00051,-0.00019,0,0.00038,-0.00012,0.00022,0.00032,0.00015,2e-05,2e-05,0.00112,-3e-05,7e-05,0.0003,2e-05,-1e-05,5e-05,0.00456,-0.00127,-0.00026,0,-1e-05,-0.0039,-0.00178,-0.02605,0.00297,-0.00134,-0.06113,0.02598,-0.02068,-0.01103
69.14,-0.03189,-0.00182,0.0008,-0.00055,-0.00021,0,0.00045,-0.00012,0.00015,0.00037,0.0001,1e-05,4e-05,0.00139,-6e-05,7e-05,0.00028,2e-05,-1e-05,5e-05,0.00576,-0.00113,-0.00016,1e-05,-3e-05,-0.0034,-0.00175,-0.04247,0.00221,-0.00077,-0.04292,0.02242,-0.01604,-0.00851
69.16,-0.03547,-0.00214,0.00087,-0.0006,-0.00022,0,0.00052,-0.0001,9e-05,0.0004,7e-05,-0,5e-05,0.00158,-7e-05,5e-05,0.00026,2e-05,-2e-05,5e-05,0.00715,-0.00115,-8e-05,1e-05,-2e-05,-0.00288,-0.00166,-0.05654,0.00156,-0.00016,-0.02685,0.01851,-0.01125,-0.00599
69.18,-0.03865,-0.00224,0.00092,-0.00065,-0.00021,0,0.00061,-9e-05,5e-05,0.00042,4e-05,-1e-05,6e-05,0.00172,-5e-05,1e-05,0.00023,3e-05,-2e-05,5e-05,0.00871,-0.00133,-3e-05,1e-05,1e-05,-0.00228,-0.00151,-0.06553,0.00103,0.00034,-0.01421,0.01483,-0.00702,-0.00374
69.2,-0.04165,-0.00213,0.00092,-0.00072,-0.00018,0,0.00067,-7e-05,2e-05,0.00042,3e-05,-1e-05,7e-05,0.00181,-2e-05,-4e-05,0.0002,3e-05,-2e-05,5e-05,0.01028,-0.0016,0,1e-05,4e-05,-0.0017,-0.00129,-0.06798,0.00063,0.00063,-0.00565,0.01158,-0.0038,-0.00204
69.22,-0.04469,-0.00182,0.00089,-0.00078,-0.00014,0,0.00069,-6e-05,-0,0.0004,2e-05,-2e-05,7e-05,0.00187,-1e-05,-0.00013,0.00018,3e-05,-2e-05,5e-05,0.01167,-0.00182,2e-05,1e-05,8e-05,-0.00122,-0.00099,-0.06391,0.00034,0.00069,-0.00078,0.00883,-0.00172,-0.00092
69.24,-0.04743,-0.00136,0.0008,-0.00084,-9e-05,0,0.00066,-6e-05,-2e-05,0.00035,1e-05,-2e-05,6e-05,0.00189,0,-0.00025,0.00016,3e-05,-2e-05,5e-05,0.01291,-0.00191,3e-05,1e-05,0.00013,-0.00081,-0.00067,-0.05444,0.00014,0.0006,0.00134,0.00659,-0.00058,-0.0003
69.26,-0.04955,-0.00083,0.00066,-0.00088,-5e-05,0,0.00062,-5e-05,-2e-05,0.0003,0,-2e-05,5e-05,0.00188,1e-05,-0.0004,0.00014,3e-05,-2e-05,4e-05,0.01404,-0.00184,4e-05,1e-05,0.00018,-0.00048,-0.0004,-0.04156,1e-05,0.00045,0.00177,0.0048,-0.0001,-3e-05
69.28,-0.0511,-0.0003,0.00049,-0.0009,-1e-05,0,0.00055,-4e-05,-2e-05,0.00025,0,-2e-05,4e-05,0.00184,2e-05,-0.00059,0.00012,3e-05,-2e-05,4e-05,0.01502,-0.00159,4e-05,1e-05,0.00023,-0.00019,-0.00014,-0.02739,-7e-05,0.00029,0.00139,0.00341,2e-05,4e-05
69.3,-0.05214,0.00016,0.00034,-0.0009,1e-05,0,0.00047,-3e-05,-2e-05,0.00019,-0,-2e-05,2e-05,0.00175,3e-05,-0.0008,9e-05,2e-05,-1e-05,3e-05,0.01574,-0.0012,4e-05,1e-05,0.00027,-5e-05,-0,-0.01373,-9e-05,0.00015,0.00078,0.00234,-2e-05,1e-05
69.32,-0.05271,0.00045,0.0002,-0.00087,3e-05,0,0.0004,-2e-05,-1e-05,0.00012,-0,-2e-05,1e-05,0.00161,4e-05,-0.00101,6e-05,2e-05,-1e-05,2e-05,0.01614,-0.00076,3e-05,1e-05,0.00031,-5e-05,-0,-0.00184,-8e-05,4e-05,0.00024,0.00156,-0.0001,-4e-05
69.34,-0.05281,0.00056,0.0001,-0.00082,3e-05,0,0.00034,-1e-05,-1e-05,5e-05,-0,-2e-05,-1e-05,0.00144,4e-05,-0.00121,2e-05,1e-05,-1e-05,0,0.01626,-0.00032,2e-05,1e-05,0.00035,-7e-05,-3e-05,0.00763,-4e-05,-4e-05,-0.00012,0.001,-0.00019,-9e-05
69.36,-0.05239,0.0005,6e-05,-0.00074,2e-05,0,0.00027,0,-0,-2e-05,-0,-2e-05,-2e-05,0.00129,3e-05,-0.0014,-4e-05,1e-05,-1e-05,-1e-05,0.01613,9e-05,0,1e-05,0.00036,-6e-05,-3e-05,0.01442,2e-05,-9e-05,-0.0003,0.00062,-0.00027,-0.00012
69.38,-0.05159,0.00032,5e-05,-0.00064,-1e-05,0,0.0002,2e-05,-0,-0.0001,-0,-2e-05,-4e-05,0.00114,0,-0.00159,-9e-05,1e-05,-1e-05,-2e-05,0.0158,0.00043,-1e-05,1e-05,0.00036,-4e-05,-2e-05,0.01532,8e-05,-9e-05,-0.00026,0.00045,-0.00032,-0.00013
69.4,-0.05034,6e-05,4e-05,-0.00054,-3e-05,-0,0.00015,3e-05,-0,-0.00017,-0,-2e-05,-5e-05,0.00101,-5e-05,-0.00175,-0.00015,1e-05,-1e-05,-4e-05,0.01524,0.00068,-4e-05,1e-05,0.00035,-3e-05,-2e-05,0.01496,0.00012,-9e-05,-0.00019,0.00026,-0.00039,-0.00014
69.42,-0.04867,-0.00026,2e-05,-0.00043,-5e-05,-0,0.00016,5e-05,-1e-05,-0.00024,-0,-2e-05,-5e-05,0.00087,-0.00012,-0.00183,-0.00019,0,-1e-05,-5e-05,0.01448,0.00082,-6e-05,0,0.00032,-1e-05,-1e-05,0.01444,0.00014,-0.0001,-0.00014,4e-05,-0.00047,-0.00014
69.44,-0.04681,-0.00056,-2e-05,-0.00032,-7e-05,-0,0.00017,8e-05,-3e-05,-0.0003,-1e-05,-2e-05,-6e-05,0.00076,-0.00022,-0.00186,-0.00021,0,-1e-05,-5e-05,0.01365,0.00087,-8e-05,0,0.00028,-0,-1e-05,0.01383,0.00014,-0.00012,-9e-05,-0.00017,-0.00056,-0.00015
69.46,-0.04493,-0.00077,-7e-05,-0.00024,-8e-05,-0,0.00014,0.00013,-5e-05,-0.00036,-1e-05,-2e-05,-7e-05,0.00066,-0.00033,-0.00186,-0.00021,-0,-1e-05,-6e-05,0.01283,0.00084,-9e-05,0,0.00024,0,-0,0.01316,0.00013,-0.00015,-5e-05,-0.00037,-0.00065,-0.00015
69.48,-0.04297,-0.0009,-0.00012,-0.00018,-7e-05,-0,8e-05,0.00019,-9e-05,-0.00042,-1e-05,-2e-05,-7e-05,0.00058,-0.00047,-0.00183,-0.00021,-0,-1e-05,-6e-05,0.01202,0.00073,-0.0001,0,0.00021,0,-0,0.01245,0.0001,-0.0002,-2e-05,-0.00054,-0.00074,-0.00016
69.5,-0.04088,-0.00092,-0.00016,-0.00015,-7e-05,-0,-3e-05,0.00027,-0.00016,-0.00046,-1e-05,-2e-05,-7e-05,0.00051,-0.00061,-0.00175,-0.00018,-0,-2e-05,-5e-05,0.01126,0.00057,-0.00011,-0,0.00018,0,-0,0.0117,6e-05,-0.00025,-0,-0.00066,-0.00078,-0.00016
69.52,-0.03859,-0.00085,-0.00018,-0.00018,-5e-05,-0,-0.0002,0.0004,-0.00026,-0.00046,-1e-05,-2e-05,-7e-05,0.00047,-0.00072,-0.00159,-0.00012,0,-2e-05,-5e-05,0.01056,0.00038,-0.00012,-0,0.00015,0,-0,0.01093,1e-05,-0.00026,1e-05,-0.00068,-0.00073,-0.00015
69.54,-0.0361,-0.00074,-0.00018,-0.00026,-4e-05,-0,-0.0004,0.00057,-0.00039,-0.00042,-1e-05,-3e-05,-7e-05,0.00045,-0.00081,-0.0014,-3e-05,0,-2e-05,-4e-05,0.0099,0.00018,-0.00012,-0,0.00013,0,-0,0.01014,-3e-05,-0.00025,2e-05,-0.00063,-0.00062,-0.00012
69.56,-0.0334,-0.00062,-0.00016,-0.00039,-2e-05,-0,-0.00062,0.00078,-0.00056,-0.00035,-1e-05,-3e-05,-7e-05,0.00044,-0.00089,-0.0012,6e-05,1e-05,-2e-05,-3e-05,0.00927,-2e-05,-0.00011,-0,0.00012,0,-0,0.00937,-7e-05,-0.00024,2e-05,-0.00053,-0.00046,-9e-05
69.58,-0.03049,-0.0005,-0.00012,-0.00056,-0,-0,-0.00084,0.00101,-0.00077,-0.00026,-0,-4e-05,-6e-05,0.00043,-0.00096,-0.00099,0.00015,1e-05,-1e-05,-2e-05,0.00866,-0.0002,-0.00011,-0,0.00011,0,0,0.0086,-0.0001,-0.0002,2e-05,-0.00041,-0.00026,-5e-05
69.6,-0.02741,-0.00039,-7e-05,-0.00075,2e-05,-0,-0.00099,0.00126,-0.00093,-0.00013,0,-4e-05,-5e-05,0.00044,-0.00102,-0.00078,0.00023,1e-05,-1e-05,-1e-05,0.00804,-0.00036,-0.0001,-0,0.0001,0,0,0.00784,-0.00012,-0.00016,2e-05,-0.00028,-6e-05,-0
69.62,-0.02426,-0.0003,-2e-05,-0.00093,3e-05,-0,-0.00093,0.00152,-0.00088,9e-05,2e-05,-4e-05,-2e-05,0.00044,-0.00104,-0.00057,0.00028,2e-05,-1e-05,0,0.00741,-0.00049,-9e-05,-0,9e-05,0,0,0.00708,-0.00014,-0.00014,2e-05,-0.00019,0.00013,4e-05
69.64,-0.02116,-0.00023,2e-05,-0.00107,4e-05,-0,-0.0007,0.0017,-0.00069,0.0003,3e-05,-4e-05,0,0.00045,-0.00104,-0.0004,0.0003,3e-05,-0,1e-05,0.00677,-0.00057,-8e-05,-0,9e-05,0,0,0.00633,-0.00015,-0.00012,1e-05,-0.0001,0.0003,7e-05
69.66,-0.01814,-0.00018,6e-05,-0.00117,5e-05,-0,-0.00044,0.0017,-0.00047,0.00044,4e-05,-3e-05,2e-05,0.00044,-0.00099,-0.00027,0.00032,3e-05,-0,2e-05,0.00611,-0.00061,-7e-05,-0,8e-05,0,0,0.00555,-0.00015,-0.0001,1e-05,-2e-05,0.00042,9e-05
69.68,-0.01522,-0.00015,8e-05,-0.00122,5e-05,-0,-0.00017,0.00157,-0.00023,0.00055,5e-05,-2e-05,3e-05,0.00042,-0.00091,-0.00016,0.00033,4e-05,0,2e-05,0.00543,-0.00061,-6e-05,-0,7e-05,0,0,0.00481,-0.00014,-7e-05,1e-05,4e-05,0.00049,0.0001
69.7,-0.0124,-0.00012,9e-05,-0.0012,4e-05,-0,-2e-05,0.00134,-7e-05,0.00057,5e-05,-1e-05,3e-05,0.00039,-0.00079,-0.0001,0.00031,4e-05,0,2e-05,0.00473,-0.00058,-5e-05,-0,6e-05,0,-0,0.0041,-0.00013,-6e-05,1e-05,8e-05,0.00051,0.0001
69.72,-0.0097,-0.00011,0.0001,-0.00113,4e-05,-0,1e-05,0.0011,-5e-05,0.00045,5e-05,-1e-05,2e-05,0.00035,-0.00066,-7e-05,0.00024,5e-05,0,1e-05,0.00402,-0.00053,-4e-05,-0,5e-05,0,-0,0.00343,-0.00011,-4e-05,0,0.0001,0.00048,0.0001
69.74,-0.00714,-9e-05,0.0001,-0.001,3e-05,-0,2e-05,0.00088,-5e-05,0.00031,5e-05,-0,1e-05,0.0003,-0.00053,-4e-05,0.00017,5e-05,0,1e-05,0.00332,-0.00047,-3e-05,-0,4e-05,0,-0,0.00278,-0.0001,-3e-05,0,0.0001,0.00043,9e-05
69.76,-0.00475,-8e-05,0.00011,-0.00083,2e-05,-0,2e-05,0.0007,-4e-05,0.00022,4e-05,0,1e-05,0.00026,-0.0004,0,0.00011,5e-05,0,0,0.00265,-0.0004,-2e-05,-0,3e-05,0,-0,0.00216,-8e-05,-2e-05,0,9e-05,0.00037,8e-05
69.78,-0.00253,-6e-05,0.00011,-0.00063,1e-05,-0,1e-05,0.00056,-4e-05,0.00015,4e-05,0,0,0.00021,-0.00028,4e-05,7e-05,4e-05,0,-0,0.002,-0.00033,-2e-05,-0,2e-05,0,-0,0.00155,-6e-05,-2e-05,-0,8e-05,0.00031,6e-05
69.8,-0.00055,-4e-05,0.00011,-0.00042,1e-05,-0,1e-05,0.00043,-3e-05,9e-05,3e-05,0,0,0.00018,-0.00019,7e-05,3e-05,4e-05,0,-0,0.00138,-0.00027,-1e-05,-0,2e-05,0,-0,0.00097,-5e-05,-1e-05,-0,6e-05,0.00026,5e-05
69.82,0.00114,-3e-05,0.00011,-0.00023,-0,-0,0,0.00031,-2e-05,4e-05,3e-05,0,-0,0.00015,-0.00013,9e-05,-0,3e-05,0,-0,0.00079,-0.00022,-1e-05,-0,1e-05,0,-0,0.00042,-3e-05,-1e-05,-0,4e-05,0.00021,5e-05
69.84,0.0025,-2e-05,0.00011,-6e-05,-1e-05,-0,-1e-05,0.00022,-0,1e-05,3e-05,0,-0,0.00013,-8e-05,0.00011,-2e-05,2e-05,0,-0,0.00024,-0.00017,-1e-05,-0,0,0,-0,-0.00011,-2e-05,-1e-05,-0,3e-05,0.00017,4e-05
69.86,0.00354,-2e-05,0.00011,9e-05,-1e-05,-0,-1e-05,0.00013,0,-1e-05,2e-05,0,-0,0.0001,-4e-05,0.00012,-3e-05,1e-05,0,-0,-0.00026,-0.00013,-1e-05,-0,-0,-0,0,-0.00059,-1e-05,-1e-05,-0,1e-05,0.00013,3e-05
69.88,0.0043,-2e-05,0.00011,0.0002,-1e-05,-0,-2e-05,6e-05,1e-05,-3e-05,2e-05,0,-0,9e-05,-1e-05,0.00012,-4e-05,1e-05,0,-0,-0.00072,-0.0001,-1e-05,-0,-1e-05,-0,0,-0.00103,-1e-05,-1e-05,-0,-1e-05,9e-05,2e-05
69.9,0.00484,-3e-05,0.0001,0.00028,-1e-05,-0,-2e-05,-1e-05,2e-05,-4e-05,1e-05,0,-0,7e-05,0,0.00013,-4e-05,1e-05,0,-0,-0.00112,-6e-05,-0,-0,-1e-05,-0,0,-0.0014,0,-1e-05,-0,-3e-05,4e-05,0
69.92,0.00522,-4e-05,0.0001,0.00033,-1e-05,-0,-2e-05,-7e-05,2e-05,-4e-05,1e-05,0,-0,6e-05,1e-05,0.00013,-4e-05,1e-05,0,-0,-0.00143,-2e-05,-0,-0,-1e-05,-0,0,-0.0017,1e-05,-1e-05,0,-6e-05,-2e-05,-1e-05
69.94,0.00551,-6e-05,0.0001,0.00037,-1e-05,-0,-3e-05,-0.00012,2e-05,-4e-05,1e-05,0,-0,6e-05,1e-05,0.00013,-3e-05,0,0,-0,-0.00164,4e-05,-0,0,-1e-05,-0,0,-0.0019,2e-05,-1e-05,0,-9e-05,-0.00011,-4e-05
69.96,0.00574,-8e-05,0.0001,0.00039,-1e-05,-0,-3e-05,-0.00016,2e-05,-4e-05,0,0,-0,6e-05,1e-05,0.00013,-2e-05,0,0,-0,-0.00176,0.00012,-1e-05,0,-1e-05,-0,0,-0.00202,4e-05,-1e-05,0,-0.00013,-0.00022,-7e-05
69.98,0.00591,-0.0001,0.00011,0.0004,-1e-05,-0,-3e-05,-0.00021,2e-05,-4e-05,0,0,-0,7e-05,0,0.00014,-1e-05,0,0,-0,-0.00179,0.00022,-1e-05,0,0,-0,0,-0.00205,5e-05,-2e-05,0,-0.00019,-0.00037,-0.00011
70,0.00599,-0.00012,0.00014,0.0004,-2e-05,-0,-3e-05,-0.00025,2e-05,-3e-05,0,0,-0,9e-05,-1e-05,0.00015,1e-05,0,0,-0,-0.00175,0.00033,-1e-05,0,1e-05,-0,0,-0.00203,7e-05,-2e-05,0,-0.00025,-0.00055,-0.00016
70.02,0.00596,-0.00014,0.00018,0.00038,-2e-05,-0,-3e-05,-0.0003,1e-05,-2e-05,0,0,0,0.00012,-2e-05,0.00016,2e-05,0,0,-0,-0.00167,0.00045,-1e-05,0,2e-05,-0,0,-0.00195,9e-05,-3e-05,0,-0.00033,-0.00077,-0.00022
70.04,0.00578,-0.00016,0.00024,0.00035,-2e-05,-0,-2e-05,-0.00035,1e-05,-1e-05,0,0,0,0.00015,-3e-05,0.00019,3e-05,-0,0,-0,-0.00154,0.00057,-1e-05,0,3e-05,0,0,-0.00185,0.00011,-5e-05,0,-0.00043,-0.00102,-0.00028
70.06,0.00541,-0.00018,0.00034,0.0003,-2e-05,-0,-2e-05,-0.00041,0,1e-05,0,0,0,0.0002,-5e-05,0.00023,3e-05,-0,0,-0,-0.00138,0.0007,-2e-05,0,3e-05,0,0,-0.00172,0.00012,-7e-05,1e-05,-0.00052,-0.00126,-0.00034
70.08,0.00485,-0.00019,0.00047,0.00024,-3e-05,-0,-1e-05,-0.00048,-0,2e-05,0,0,0,0.00027,-6e-05,0.00029,4e-05,-0,0,-0,-0.0012,0.00083,-2e-05,0,4e-05,1e-05,-0,-0.00156,0.00014,-9e-05,1e-05,-0.0006,-0.00148,-0.00039
70.1,0.00409,-0.00022,0.00064,0.00018,-3e-05,-0,0,-0.00055,-1e-05,4e-05,0,0,0,0.00036,-8e-05,0.00037,4e-05,-1e-05,1e-05,-0,-0.00098,0.00097,-2e-05,0,5e-05,1e-05,-0,-0.00137,0.00016,-0.00011,1e-05,-0.00063,-0.00156,-0.0004
70.12,0.00314,-0.00025,0.00085,0.00011,-4e-05,-0,1e-05,-0.00063,-2e-05,5e-05,0,0,1e-05,0.00046,-0.0001,0.00047,4e-05,-1e-05,1e-05,-0,-0.00073,0.00113,-2e-05,0,6e-05,1e-05,-0,-0.00114,0.00019,-9e-05,1e-05,-0.00051,-0.00136,-0.00037
70.14,0.00204,-0.00029,0.00109,4e-05,-5e-05,-0,3e-05,-0.00072,-2e-05,7e-05,0,0,1e-05,0.00058,-0.00012,0.00061,3e-05,-1e-05,1e-05,-0,-0.00044,0.00131,-2e-05,0,7e-05,2e-05,-0,-0.00087,0.00022,-5e-05,1e-05,-0.00034,-0.00101,-0.00029
70.16,0.00081,-0.00035,0.00135,-2e-05,-6e-05,-0,4e-05,-0.00082,-3e-05,8e-05,0,0,1e-05,0.00072,-0.00014,0.00077,2e-05,-1e-05,1e-05,-0,-0.0001,0.00152,-3e-05,0,8e-05,2e-05,-0,-0.00056,0.00027,-2e-05,0,-0.00016,-0.00061,-0.00019
70.18,-0.00049,-0.00042,0.00159,-7e-05,-7e-05,-0,6e-05,-0.00092,-4e-05,8e-05,0,-0,1e-05,0.00086,-0.00016,0.00093,1e-05,-1e-05,1e-05,-0,0.00028,0.00174,-3e-05,0,9e-05,3e-05,-0,-0.0002,0.00032,0,0,1e-05,-0.00019,-6e-05
70.2,-0.00176,-0.00053,0.0018,-0.00011,-9e-05,-0,7e-05,-0.00103,-4e-05,8e-05,0,-0,2e-05,0.00099,-0.00017,0.00113,-1e-05,-1e-05,2e-05,-0,0.0007,0.00198,-3e-05,0,0.0001,3e-05,-0,0.0002,0.00039,-0,0,0.00014,0.00017,6e-05
70.22,-0.00292,-0.00067,0.00197,-0.00013,-0.00012,0,7e-05,-0.00111,-4e-05,8e-05,0,-0,2e-05,0.00112,-0.00018,0.00142,-2e-05,-1e-05,2e-05,0,0.00115,0.00222,-3e-05,0,0.00012,3e-05,0,0.00062,0.00045,-0,-0,0.00032,0.00054,0.00017
70.24,-0.0039,-0.00082,0.00205,-0.00015,-0.00015,0,8e-05,-0.00118,-3e-05,8e-05,1e-05,-1e-05,3e-05,0.00122,-0.00019,0.00175,-3e-05,-1e-05,2e-05,0,0.00161,0.00243,-3e-05,0,0.00013,3e-05,0,0.00105,0.00051,1e-05,-0,0.00057,0.00094,0.00028
70.26,-0.00466,-0.00097,0.00201,-0.00015,-0.00018,0,7e-05,-0.0012,-3e-05,7e-05,1e-05,-1e-05,3e-05,0.00128,-0.00019,0.00204,-4e-05,-0,2e-05,1e-05,0.00205,0.0026,-3e-05,0,0.00015,3e-05,0,0.00147,0.00058,3e-05,-0,0.00079,0.00125,0.00035
70.28,-0.0052,-0.0011,0.00186,-0.00016,-0.00021,0,7e-05,-0.00118,-2e-05,5e-05,0,-1e-05,3e-05,0.0013,-0.00019,0.00229,-5e-05,0,2e-05,1e-05,0.00245,0.00271,-3e-05,0,0.00016,2e-05,0,0.00185,0.00063,5e-05,-0,0.00099,0.00149,0.0004
70.3,-0.00556,-0.00121,0.00163,-0.00017,-0.00023,0,6e-05,-0.00111,-1e-05,4e-05,0,-1e-05,3e-05,0.00127,-0.00019,0.00243,-4e-05,0,1e-05,1e-05,0.00277,0.00273,-3e-05,0,0.00017,2e-05,0,0.00215,0.00067,5e-05,-0,0.0011,0.00156,0.0004
70.32,-0.0058,-0.00129,0.00137,-0.0002,-0.00025,0,5e-05,-0.00098,-0,3e-05,0,-1e-05,3e-05,0.0012,-0.00017,0.00236,-4e-05,1e-05,1e-05,1e-05,0.00299,0.00263,-3e-05,0,0.00018,1e-05,0,0.00235,0.00067,4e-05,-0,0.00105,0.00139,0.00035
70.34,-0.00595,-0.00134,0.00112,-0.00025,-0.00025,0,5e-05,-0.0008,0,2e-05,0,-1e-05,2e-05,0.0011,-0.00015,0.00213,-2e-05,1e-05,0,1e-05,0.00305,0.0024,-3e-05,0,0.00017,0,0,0.00242,0.00064,2e-05,-0,0.00092,0.00115,0.0003
70.36,-0.00601,-0.00133,0.0009,-0.00032,-0.00023,0,4e-05,-0.0006,0,1e-05,0,-1e-05,2e-05,0.00096,-0.00014,0.00181,0,1e-05,0,0,0.00296,0.00205,-3e-05,0,0.00016,-0,0,0.00234,0.00056,1e-05,-0,0.00079,0.00093,0.00024
70.38,-0.00597,-0.00129,0.00072,-0.00041,-0.0002,0,4e-05,-0.00039,1e-05,1e-05,0,-1e-05,1e-05,0.0008,-0.00013,0.00139,3e-05,0,-0,0,0.00271,0.00161,-2e-05,0,0.00015,-0,0,0.00214,0.00045,0,-0,0.00065,0.00073,0.00019
70.4,-0.00577,-0.00119,0.00055,-0.0005,-0.00014,-0,3e-05,-0.0002,1e-05,1e-05,-0,-1e-05,0,0.00061,-0.00012,0.00086,5e-05,0,-1e-05,0,0.00235,0.00113,-2e-05,0,0.00012,-0,0,0.00184,0.00032,0,-0,0.00052,0.00057,0.00014
70.42,-0.00535,-0.00103,0.00036,-0.00056,-8e-05,-0,3e-05,-5e-05,0,1e-05,-0,-0,-0,0.00041,-0.0001,0.00029,8e-05,-0,-1e-05,0,0.00192,0.00066,-1e-05,0,0.0001,-0,0,0.00149,0.00019,0,-0,0.00039,0.00044,0.0001
70.44,-0.00467,-0.00087,0.00017,-0.00057,-3e-05,-0,2e-05,7e-05,-0,1e-05,-0,-0,-1e-05,0.00022,-8e-05,-0.00017,0.0001,-0,-1e-05,-0,0.00149,0.00026,-1e-05,0,7e-05,0,0,0.00115,9e-05,0,0,0.00028,0.00033,7e-05
70.46,-0.00375,-0.00072,-3e-05,-0.00054,1e-05,-0,0,0.00016,-0,1e-05,-0,-0,-1e-05,4e-05,-6e-05,-0.00049,0.00012,0,-1e-05,-0,0.00107,-5e-05,-1e-05,0,5e-05,0,0,0.00083,0,-0,0,0.00019,0.00023,5e-05
70.48,-0.00262,-0.00058,-0.00025,-0.00047,4e-05,-0,-1e-05,0.00021,-0,1e-05,-0,-0,-1e-05,-0.00013,-3e-05,-0.00069,0.00012,0,-1e-05,-0,0.0007,-0.00026,-1e-05,0,3e-05,1e-05,0,0.00054,-5e-05,-0,0,0.00011,0.00014,2e-05
70.5,-0.00141,-0.00046,-0.00048,-0.00038,6e-05,-0,-2e-05,0.00023,0,0,-0,0,-1e-05,-0.00029,-1e-05,-0.00079,0.00011,0,-0,-0,0.00035,-0.0004,-0,0,2e-05,1e-05,0,0.00026,-8e-05,-0,-0,5e-05,6e-05,1e-05
70.52,-0.00021,-0.00035,-0.00068,-0.00028,6e-05,-0,-3e-05,0.00021,1e-05,-1e-05,-0,0,-1e-05,-0.00043,1e-05,-0.00081,0.0001,0,-0,-0,1e-05,-0.00047,-0,0,1e-05,1e-05,0,-1e-05,-0.0001,-0,-0,-0,-2e-05,-1e-05
70.54,0.00086,-0.00025,-0.00084,-0.00019,7e-05,-0,-4e-05,0.00015,1e-05,-1e-05,-0,0,-1e-05,-0.00057,2e-05,-0.00077,8e-05,0,-0,-0,-0.00034,-0.00049,-0,0,1e-05,0,-0,-0.00031,-0.00011,-0,-0,-4e-05,-9e-05,-2e-05
70.56,0.0018,-0.00016,-0.00095,-0.00011,7e-05,-0,-5e-05,8e-05,2e-05,-3e-05,-0,0,-1e-05,-0.00069,3e-05,-0.00068,5e-05,0,-0,-0,-0.00071,-0.00049,0,0,0,0,-0,-0.00067,-0.00011,-0,-0,-7e-05,-0.00015,-3e-05
70.58,0.00267,-6e-05,-0.00101,-4e-05,7e-05,-0,-6e-05,0,3e-05,-4e-05,-0,0,-1e-05,-0.0008,3e-05,-0.00055,1e-05,0,0,0,-0.00114,-0.00048,0,0,0,-0,-0,-0.00109,-0.0001,-0,-0,-9e-05,-0.00021,-4e-05
70.6,0.00356,3e-05,-0.00102,2e-05,7e-05,-0,-7e-05,-9e-05,4e-05,-6e-05,-0,1e-05,-1e-05,-0.00089,3e-05,-0.00042,-2e-05,0,0,0,-0.00164,-0.00047,1e-05,0,-0,-1e-05,-0,-0.0016,-0.0001,0,-1e-05,-0.0001,-0.00025,-5e-05
70.62,0.00466,0.00012,-0.00102,8e-05,8e-05,-0,-8e-05,-0.00018,5e-05,-8e-05,-0,1e-05,-1e-05,-0.00098,4e-05,-0.00029,-6e-05,0,0,1e-05,-0.00223,-0.00045,1e-05,0,-1e-05,-1e-05,-0,-0.00219,-9e-05,1e-05,-1e-05,-0.0001,-0.00028,-5e-05
70.64,0.00613,0.0002,-0.00101,0.00015,9e-05,-0,-8e-05,-0.00027,6e-05,-0.0001,-0,1e-05,-1e-05,-0.00108,5e-05,-0.00017,-0.0001,0,-0,1e-05,-0.00291,-0.00044,1e-05,0,-1e-05,-1e-05,-0,-0.00287,-9e-05,1e-05,-1e-05,-9e-05,-0.00028,-5e-05
70.66,0.00816,0.00027,-0.00101,0.00025,0.00011,-0,-9e-05,-0.00034,8e-05,-0.00012,-0,1e-05,-1e-05,-0.00118,6e-05,-5e-05,-0.00013,0,-0,1e-05,-0.0037,-0.00043,2e-05,0,-2e-05,-1e-05,0,-0.00364,-8e-05,2e-05,-1e-05,-8e-05,-0.00027,-5e-05
70.68,0.01089,0.00035,-0.00104,0.00038,0.00014,-0,-0.0001,-0.0004,0.0001,-0.00014,-0,1e-05,-1e-05,-0.00129,8e-05,6e-05,-0.00017,0,-0,2e-05,-0.0046,-0.00042,2e-05,0,-3e-05,-0,0,-0.00452,-8e-05,3e-05,-1e-05,-6e-05,-0.00025,-4e-05
70.7,0.01443,0.00043,-0.0011,0.00056,0.00017,-0,-0.00011,-0.00045,0.00013,-0.00017,-1e-05,2e-05,-1e-05,-0.00142,0.00011,0.00016,-0.00021,0,-0,3e-05,-0.0056,-0.00041,3e-05,0,-5e-05,0,0,-0.0055,-7e-05,4e-05,-1e-05,-5e-05,-0.00021,-4e-05
70.72,0.01881,0.00052,-0.0012,0.0008,0.00021,-0,-9e-05,-0.00049,0.00017,-0.00018,-1e-05,2e-05,-1e-05,-0.00157,0.00015,0.00025,-0.00024,0,-0,3e-05,-0.00666,-0.00041,3e-05,0,-7e-05,1e-05,1e-05,-0.00654,-7e-05,5e-05,-1e-05,-4e-05,-0.00017,-3e-05
70.74,0.02407,0.00063,-0.00132,0.00109,0.00025,-0,-4e-05,-0.00051,0.00022,-0.00019,-1e-05,3e-05,-0,-0.00175,0.0002,0.00032,-0.00027,0,-0,4e-05,-0.00777,-0.0004,4e-05,0,-8e-05,1e-05,1e-05,-0.00767,-6e-05,5e-05,-0,-4e-05,-0.00013,-2e-05
70.76,0.03023,0.00077,-0.00147,0.00142,0.00029,-0,0,-0.00052,0.00027,-0.00019,-1e-05,3e-05,1e-05,-0.00193,0.00025,0.00037,-0.0003,1e-05,-0,4e-05,-0.00893,-0.00039,4e-05,0,-0.0001,2e-05,1e-05,-0.0089,-6e-05,6e-05,0,-6e-05,-8e-05,-1e-05
70.78,0.03719,0.00096,-0.00164,0.00177,0.00033,-0,6e-05,-0.00052,0.00031,-0.0002,-1e-05,4e-05,2e-05,-0.00213,0.00031,0.00039,-0.00034,0,-0,5e-05,-0.01014,-0.00039,5e-05,0,-0.00012,2e-05,1e-05,-0.01026,-6e-05,6e-05,2e-05,-8e-05,-3e-05,0
70.8,0.04467,0.00121,-0.00181,0.00212,0.00037,-0,0.00014,-0.00051,0.00035,-0.00019,-1e-05,5e-05,3e-05,-0.00233,0.00036,0.00038,-0.00035,0,-0,5e-05,-0.01136,-0.00041,5e-05,0,-0.00014,3e-05,1e-05,-0.01167,-6e-05,6e-05,3e-05,-0.00013,3e-05,2e-05
70.82,0.05218,0.00154,-0.00194,0.00247,0.00038,-0,0.00028,-0.00047,0.00038,-0.00016,-0,5e-05,4e-05,-0.0025,0.00041,0.00032,-0.00029,0,-0,5e-05,-0.01251,-0.00045,5e-05,0,-0.00016,3e-05,1e-05,-0.01297,-6e-05,5e-05,6e-05,-0.00018,9e-05,4e-05
70.84,0.05946,0.00196,-0.00202,0.00275,0.00038,-0,0.00045,-0.00043,0.00039,-0.00012,-0,5e-05,5e-05,-0.00266,0.00045,0.00022,-0.0002,-0,-0,5e-05,-0.01358,-0.00053,6e-05,0,-0.00018,3e-05,1e-05,-0.01424,-7e-05,4e-05,8e-05,-0.00024,0.00015,5e-05
70.86,0.06636,0.00244,-0.00204,0.00295,0.00035,-0,0.00063,-0.00037,0.00037,-9e-05,-0,6e-05,5e-05,-0.0028,0.00046,4e-05,-0.00011,-0,0,5e-05,-0.01457,-0.00063,6e-05,0,-0.0002,3e-05,2e-05,-0.01546,-9e-05,2e-05,0.00012,-0.00031,0.00022,8e-05
70.88,0.07263,0.00297,-0.00198,0.00304,0.00031,-0,0.00083,-0.0003,0.00034,-5e-05,-0,6e-05,6e-05,-0.00292,0.00046,-0.00019,-2e-05,0,0,4e-05,-0.01542,-0.00077,6e-05,0,-0.00023,3e-05,2e-05,-0.0166,-0.00012,1e-05,0.00016,-0.00039,0.00029,0.0001
70.9,0.07781,0.00352,-0.00186,0.00304,0.00025,-0,0.00101,-0.00023,0.0003,-3e-05,-0,5e-05,6e-05,-0.00299,0.00043,-0.00047,7e-05,0,1e-05,4e-05,-0.01607,-0.00093,6e-05,-0,-0.00025,3e-05,2e-05,-0.01756,-0.00016,-0,0.00019,-0.00047,0.00036,0.00013
70.92,0.08129,0.00404,-0.00167,0.00295,0.00017,-0,0.00113,-0.00017,0.00024,-3e-05,0,5e-05,5e-05,-0.00298,0.00038,-0.00073,0.00015,1e-05,1e-05,3e-05,-0.01645,-0.00109,6e-05,-0,-0.00028,3e-05,2e-05,-0.01822,-0.00019,-1e-05,0.00023,-0.00054,0.00042,0.00015
70.94,0.08301,0.00447,-0.00144,0.00278,9e-05,-0,0.00122,-0.0001,0.00018,-2e-05,0,5e-05,4e-05,-0.00292,0.00032,-0.00095,0.00021,1e-05,1e-05,2e-05,-0.01654,-0.00123,6e-05,-0,-0.0003,3e-05,3e-05,-0.01856,-0.00021,-0,0.00025,-0.00059,0.00046,0.00016
70.96,0.08311,0.00479,-0.00118,0.00256,2e-05,-0,0.00127,-5e-05,0.00012,-2e-05,0,4e-05,3e-05,-0.00282,0.00024,-0.00113,0.00025,1e-05,2e-05,1e-05,-0.01634,-0.00135,5e-05,-0,-0.00032,2e-05,3e-05,-0.01861,-0.00023,0,0.00026,-0.00063,0.00047,0.00017
70.98,0.08153,0.00494,-0.00092,0.00231,-5e-05,-0,0.0013,-0,8e-05,-2e-05,0,4e-05,2e-05,-0.00269,0.00016,-0.00128,0.00027,1e-05,2e-05,-0,-0.01586,-0.00144,5e-05,-0,-0.00034,2e-05,3e-05,-0.01837,-0.00024,2e-05,0.00025,-0.00068,0.00044,0.00015
71,0.07818,0.00489,-0.00067,0.00204,-0.0001,-0,0.00125,3e-05,4e-05,-2e-05,0,3e-05,2e-05,-0.00257,9e-05,-0.00137,0.00027,1e-05,2e-05,-1e-05,-0.01511,-0.00149,5e-05,-0,-0.00035,1e-05,4e-05,-0.01779,-0.00025,3e-05,0.00019,-0.00072,0.00035,0.00011
71.02,0.07297,0.00461,-0.00044,0.00178,-0.00012,-0,0.00111,6e-05,2e-05,-2e-05,0,3e-05,1e-05,-0.0025,4e-05,-0.00134,0.00024,1e-05,2e-05,-2e-05,-0.01409,-0.0015,4e-05,-0,-0.00036,1e-05,4e-05,-0.01682,-0.00025,4e-05,0.0001,-0.00075,0.00017,3e-05
71.04,0.06638,0.00412,-0.00027,0.00154,-0.00011,-0,0.0009,8e-05,1e-05,-2e-05,0,2e-05,0,-0.00249,1e-05,-0.00124,0.0002,1e-05,3e-05,-2e-05,-0.01288,-0.00147,4e-05,-0,-0.00036,1e-05,4e-05,-0.01559,-0.00025,4e-05,-6e-05,-0.00079,-0.00013,-0.0001
71.06,0.059,0.00347,-0.00014,0.00132,-9e-05,-0,0.00067,9e-05,-0,-2e-05,0,2e-05,-0,-0.00252,-0,-0.00111,0.00017,1e-05,3e-05,-3e-05,-0.01158,-0.00141,3e-05,-0,-0.00035,0,4e-05,-0.01418,-0.00025,2e-05,-0.00029,-0.00083,-0.00056,-0.00026
71.08,0.05109,0.00272,-5e-05,0.00112,-6e-05,0,0.00043,0.0001,-0,-1e-05,0,1e-05,-1e-05,-0.00257,1e-05,-0.00095,0.00014,1e-05,2e-05,-3e-05,-0.01021,-0.00132,2e-05,-0,-0.00034,0,4e-05,-0.0098,-0.00023,3e-05,-0.00044,-0.00114,-0.00106,-0.00043
71.1,0.04345,0.00195,-0,0.00096,-2e-05,0,0.0002,0.0001,-0,-1e-05,0,1e-05,-1e-05,-0.00261,2e-05,-0.0008,0.0001,0,2e-05,-3e-05,-0.00892,-0.00121,1e-05,-0,-0.00032,-0,4e-05,-0.002,-0.00018,6e-05,2e-05,-0.00198,-0.00131,-0.00046
71.12,0.03674,0.00123,3e-05,0.00083,1e-05,0,3e-05,0.00011,-0,-0,0,0,-1e-05,-0.00261,4e-05,-0.00068,4e-05,0,2e-05,-3e-05,-0.0078,-0.00109,0,-0,-0.00031,-0,4e-05,0.00597,-9e-05,0.0001,0.00153,-0.00337,-0.00102,-0.00021
71.14,0.03069,0.00062,5e-05,0.00072,3e-05,0,-9e-05,0.00012,-0,-0,0,-0,-1e-05,-0.00254,7e-05,-0.00057,-2e-05,0,1e-05,-3e-05,-0.00682,-0.00098,-1e-05,-0,-0.00028,-0,3e-05,0.01308,4e-05,0.00013,0.00481,-0.00547,0.00023,0.00051
71.16,0.02506,0.00016,6e-05,0.00062,4e-05,0,-0.00015,0.00013,-0,-0,0,-1e-05,-1e-05,-0.00239,8e-05,-0.00046,-9e-05,0,1e-05,-3e-05,-0.00593,-0.00087,-2e-05,-1e-05,-0.00026,-1e-05,3e-05,0.01799,0.00024,0.00015,0.01056,-0.00844,0.00288,0.00191
71.18,0.01987,-0.00015,9e-05,0.00054,4e-05,0,-0.00017,0.00014,-1e-05,-1e-05,0,-1e-05,-1e-05,-0.00216,0.0001,-0.00035,-0.00016,0,0,-3e-05,-0.00514,-0.00078,-2e-05,-1e-05,-0.00024,-1e-05,2e-05,0.01945,0.00051,0.00016,0.01927,-0.01229,0.0071,0.0041
71.2,0.01548,-0.00028,0.00012,0.00047,2e-05,0,-0.00014,0.00015,-1e-05,-2e-05,0,-1e-05,-1e-05,-0.00185,0.00011,-0.00025,-0.00024,-0,-0,-2e-05,-0.00445,-0.0007,-3e-05,-1e-05,-0.00021,-1e-05,1e-05,0.0169,0.0009,0.00013,0.0305,-0.01672,0.01287,0.0069
71.22,0.01205,-0.00024,0.00016,0.00042,1e-05,0,-9e-05,0.00016,-1e-05,-2e-05,0,-2e-05,-1e-05,-0.0015,0.00011,-0.00017,-0.00029,-0,-1e-05,-2e-05,-0.00386,-0.00065,-4e-05,-1e-05,-0.00019,-1e-05,1e-05,0.01076,0.00157,2e-05,0.04219,-0.02124,0.01812,0.00918
71.24,0.00912,-0.00015,0.0002,0.00036,-1e-05,0,-5e-05,0.00018,-1e-05,-1e-05,0,-2e-05,-1e-05,-0.00115,0.00011,-0.00011,-0.00033,-0,-1e-05,-1e-05,-0.00333,-0.00064,-5e-05,-1e-05,-0.00016,-1e-05,0,0.00208,0.00248,-8e-05,0.05228,-0.02531,0.01987,0.00993
71.26,0.00645,-8e-05,0.00025,0.00031,-3e-05,0,-2e-05,0.00019,-1e-05,-0,0,-2e-05,-1e-05,-0.00082,0.00011,-4e-05,-0.00036,-0,-2e-05,-1e-05,-0.00283,-0.00065,-6e-05,-1e-05,-0.00014,-1e-05,-0,-0.00748,0.00344,-0.00013,0.05933,-0.028,0.01822,0.00923
71.28,0.00412,-2e-05,0.00029,0.00026,-5e-05,0,-0,0.00021,-1e-05,1e-05,0,-3e-05,-1e-05,-0.00052,0.00011,2e-05,-0.00038,-0,-2e-05,-0,-0.00233,-0.00071,-7e-05,-0,-0.00011,-0,-0,-0.0163,0.0045,-0.00019,0.06206,-0.02893,0.01283,0.00687
71.3,0.00215,0,0.00034,0.00021,-7e-05,-0,0,0.00022,0,1e-05,0,-3e-05,-0,-0.00027,0.0001,7e-05,-0.00038,-0,-2e-05,0,-0.00184,-0.0008,-8e-05,-0,-9e-05,-0,-1e-05,-0.02328,0.00538,-0.00029,0.06097,-0.0275,0.00734,0.00444
71.32,0.00053,1e-05,0.00037,0.00018,-8e-05,-0,-0,0.00024,1e-05,2e-05,0,-3e-05,0,-6e-05,9e-05,0.00012,-0.00037,-0,-2e-05,1e-05,-0.00136,-0.00094,-9e-05,-0,-7e-05,0,-1e-05,-0.02788,0.00575,-0.00045,0.05744,-0.02362,0.00554,0.00358
71.34,-0.0008,1e-05,0.0004,0.00015,-9e-05,-0,-1e-05,0.00027,2e-05,1e-05,0,-3e-05,1e-05,0.00011,7e-05,0.00017,-0.00036,-0,-2e-05,1e-05,-0.00088,-0.00111,-0.0001,-0,-5e-05,0,-1e-05,-0.03027,0.00587,-0.00068,0.05192,-0.0188,0.00475,0.0031
71.36,-0.00183,-1e-05,0.00041,0.00013,-0.0001,-0,-2e-05,0.00029,3e-05,1e-05,0,-2e-05,1e-05,0.00023,6e-05,0.0002,-0.00033,-0,-2e-05,1e-05,-0.00037,-0.00131,-0.00011,-0,-3e-05,1e-05,-0,-0.03093,0.00598,-0.00099,0.04494,-0.0141,0.00346,0.00235
71.38,-0.00261,-2e-05,0.0004,0.00012,-0.00011,-0,-1e-05,0.00031,4e-05,1e-05,0,-2e-05,2e-05,0.00031,5e-05,0.00023,-0.00031,0,-2e-05,2e-05,0.00016,-0.00154,-0.00012,-0,-1e-05,1e-05,-0,-0.03035,0.00605,-0.00135,0.03738,-0.00982,0.00238,0.00167
71.4,-0.00316,-3e-05,0.00038,0.00012,-0.00011,-0,-0,0.00033,6e-05,0,0,-2e-05,2e-05,0.00036,4e-05,0.00025,-0.00028,0,-2e-05,2e-05,0.00069,-0.00177,-0.00012,-0,0,1e-05,0,-0.02914,0.00602,-0.0017,0.03033,-0.00624,0.00151,0.00109
71.42,-0.00357,-4e-05,0.00034,0.00012,-0.00012,-0,2e-05,0.00036,7e-05,0,0,-1e-05,3e-05,0.00037,3e-05,0.00026,-0.00026,0,-2e-05,2e-05,0.00124,-0.00199,-0.00012,-0,1e-05,2e-05,0,-0.02783,0.00584,-0.00198,0.0245,-0.00344,0.00082,0.0006
71.44,-0.00388,-4e-05,0.00028,0.00011,-0.00012,-0,4e-05,0.00038,8e-05,-0,0,-0,4e-05,0.00036,2e-05,0.00025,-0.00024,0,-2e-05,2e-05,0.00177,-0.00217,-0.00011,-0,2e-05,2e-05,1e-05,-0.02675,0.00555,-0.00215,0.01972,-0.00135,0.00031,0.00023
71.46,-0.00411,-3e-05,0.00019,9e-05,-0.00012,-0,7e-05,0.00039,9e-05,-0,0,0,4e-05,0.00033,2e-05,0.00022,-0.00022,0,-2e-05,2e-05,0.00226,-0.00232,-0.0001,0,3e-05,2e-05,1e-05,-0.02611,0.00525,-0.00222,0.01591,0.0001,-5e-05,-3e-05
71.48,-0.0043,-1e-05,9e-05,5e-05,-0.00012,-0,0.00011,0.0004,9e-05,-0,0,0,4e-05,0.00029,2e-05,0.00017,-0.0002,0,-1e-05,1e-05,0.0027,-0.00242,-8e-05,0,3e-05,2e-05,1e-05,-0.02609,0.00491,-0.00217,0.01325,0.00104,-0.00028,-0.00021
71.5,-0.00448,1e-05,-4e-05,0,-0.00011,-0,0.00015,0.0004,8e-05,-0,0,1e-05,4e-05,0.00023,2e-05,0.0001,-0.00018,0,-1e-05,1e-05,0.00304,-0.00247,-7e-05,0,3e-05,3e-05,1e-05,-0.0268,0.00455,-0.00197,0.01186,0.00156,-0.00041,-0.00031
71.52,-0.00469,-3e-05,-0.00018,-7e-05,-0.0001,-0,0.00019,0.00039,8e-05,-1e-05,0,0,3e-05,0.00015,2e-05,0,-0.00014,0,-1e-05,0,0.00327,-0.00248,-5e-05,0,3e-05,3e-05,1e-05,-0.0283,0.00418,-0.00164,0.01182,0.00179,-0.00047,-0.00035
71.54,-0.00492,-0.00012,-0.00031,-0.00016,-9e-05,0,0.00022,0.00038,7e-05,-1e-05,0,0,2e-05,7e-05,2e-05,-0.0001,-0.0001,-0,-1e-05,-0,0.00337,-0.00243,-3e-05,-0,2e-05,3e-05,1e-05,-0.03056,0.0038,-0.00119,0.01304,0.00181,-0.00047,-0.00036
71.56,-0.00515,-0.00026,-0.00042,-0.00025,-7e-05,0,0.00026,0.00036,6e-05,-2e-05,0,0,2e-05,-1e-05,1e-05,-0.0002,-6e-05,-0,-1e-05,-0,0.00332,-0.00232,-1e-05,-0,1e-05,2e-05,0,-0.03354,0.00342,-0.00067,0.01531,0.00168,-0.00043,-0.00033
71.58,-0.00541,-0.00046,-0.00049,-0.00036,-5e-05,0,0.00029,0.00033,6e-05,-2e-05,0,-0,1e-05,-0.0001,1e-05,-0.0003,-3e-05,-0,-1e-05,-1e-05,0.00312,-0.00216,-0,-0,-1e-05,2e-05,0,-0.03722,0.00306,-0.00012,0.01848,0.00147,-0.00037,-0.00029
71.6,-0.00569,-0.00074,-0.00052,-0.00045,-3e-05,0,0.00032,0.00029,5e-05,-3e-05,0,-0,0,-0.00018,0,-0.00038,-1e-05,-0,-0,-1e-05,0.0028,-0.00195,1e-05,-0,-2e-05,1e-05,0,-0.04132,0.00272,0.00039,0.02196,0.00122,-0.00031,-0.00024
71.62,-0.00599,-0.00107,-0.00053,-0.00053,-1e-05,0,0.00035,0.00023,5e-05,-3e-05,0,-0,-0,-0.00024,-1e-05,-0.00041,0,-0,-0,-1e-05,0.00238,-0.0017,2e-05,-0,-4e-05,0,0,-0.04533,0.00241,0.0008,0.02486,0.00096,-0.00024,-0.00019
71.64,-0.00634,-0.00143,-0.00052,-0.00057,1e-05,0,0.00038,0.00017,4e-05,-4e-05,0,-0,-1e-05,-0.00027,-2e-05,-0.00041,1e-05,-0,-0,-1e-05,0.00191,-0.00141,2e-05,-0,-6e-05,-1e-05,-0,-0.04878,0.0021,0.00106,0.0267,0.00072,-0.00017,-0.00014
71.66,-0.00676,-0.00178,-0.00049,-0.00058,2e-05,0,0.0004,9e-05,4e-05,-4e-05,0,-0,-1e-05,-0.00029,-2e-05,-0.0004,1e-05,-0,-0,-0,0.00142,-0.00109,2e-05,-0,-7e-05,-1e-05,-0,-0.05103,0.00179,0.00115,0.02719,0.00053,-0.00011,-9e-05
71.68,-0.00726,-0.00206,-0.00046,-0.00056,3e-05,0,0.00043,1e-05,5e-05,-3e-05,0,-0,-1e-05,-0.00027,-3e-05,-0.00036,1e-05,-0,-0,-0,0.00097,-0.00075,2e-05,-0,-8e-05,-2e-05,-1e-05,-0.05118,0.00148,0.0011,0.02613,0.00039,-6e-05,-5e-05
71.7,-0.00788,-0.00225,-0.00043,-0.0005,3e-05,-0,0.00044,-7e-05,5e-05,-3e-05,-0,-0,-1e-05,-0.00022,-3e-05,-0.00032,1e-05,-0,-0,-0,0.00058,-0.00042,1e-05,-1e-05,-9e-05,-2e-05,-1e-05,-0.04855,0.00115,0.00096,0.02281,0.00031,-2e-05,-2e-05
71.72,-0.00862,-0.00232,-0.0004,-0.00042,4e-05,-0,0.00046,-0.00015,5e-05,-2e-05,-0,-0,-1e-05,-0.00014,-2e-05,-0.00029,2e-05,-0,0,-0,0.0003,-9e-05,0,-1e-05,-9e-05,-2e-05,-1e-05,-0.04285,0.00082,0.00081,0.01704,0.00027,0,-0
71.74,-0.0095,-0.00225,-0.00038,-0.00032,6e-05,-0,0.00046,-0.00022,5e-05,-2e-05,-0,-0,-1e-05,-2e-05,-1e-05,-0.00026,2e-05,-0,0,-0,0.00016,0.0002,0,-1e-05,-9e-05,-2e-05,-2e-05,-0.0347,0.00057,0.00065,0.01096,0.00027,2e-05,1e-05
71.76,-0.01053,-0.00202,-0.00035,-0.00022,8e-05,-0,0.00043,-0.00026,4e-05,-1e-05,-0,-0,-1e-05,0.00013,-0,-0.00024,3e-05,-0,0,-0,0.00017,0.00044,0,-0,-8e-05,-2e-05,-2e-05,-0.02538,0.0004,0.00049,0.00607,0.00027,2e-05,2e-05
71.78,-0.01167,-0.00164,-0.00032,-0.00013,0.00011,-0,0.00038,-0.00027,4e-05,-0,-0,-0,-1e-05,0.00028,1e-05,-0.00021,4e-05,-0,-0,-0,0.00032,0.00062,1e-05,-0,-7e-05,-2e-05,-2e-05,-0.01619,0.00032,0.00035,0.00256,0.00025,2e-05,2e-05
71.8,-0.01298,-0.00114,-0.00027,-5e-05,0.00015,-0,0.0003,-0.00025,2e-05,1e-05,-0,-0,-0,0.00042,2e-05,-0.00019,6e-05,-0,-0,-0,0.0006,0.00073,2e-05,-0,-5e-05,-2e-05,-2e-05,-0.00855,0.00028,0.00023,0.00079,0.00021,1e-05,1e-05
71.82,-0.01452,-0.00056,-0.00019,0,0.00019,-0,0.00021,-0.00018,0,2e-05,-0,-0,-0,0.00056,4e-05,-0.00018,9e-05,0,-0,-0,0.001,0.00076,3e-05,-0,-3e-05,-2e-05,-2e-05,-0.00298,0.00025,0.00014,5e-05,0.00015,1e-05,1e-05
71.84,-0.0162,4e-05,-9e-05,3e-05,0.00023,-0,0.0001,-8e-05,-2e-05,4e-05,-0,-1e-05,-0,0.00066,6e-05,-0.00018,0.00013,0,-0,-0,0.00151,0.00071,4e-05,-0,-1e-05,-3e-05,-2e-05,0.00059,0.00021,7e-05,-0.0002,8e-05,-0,0
71.86,-0.01795,0.0006,5e-05,2e-05,0.00027,-0,-0,5e-05,-4e-05,5e-05,-0,-1e-05,0,0.00072,8e-05,-0.00018,0.00017,0,-0,-0,0.00211,0.0006,4e-05,-0,2e-05,-3e-05,-2e-05,0.0022,0.00017,3e-05,0,-0,-1e-05,-0
71.88,-0.01976,0.00105,0.00021,-2e-05,0.00029,-0,-9e-05,0.00019,-6e-05,7e-05,-0,-1e-05,0,0.00075,9e-05,-0.00018,0.0002,0,-0,-0,0.00278,0.00045,4e-05,0,5e-05,-3e-05,-2e-05,0.00185,0.00011,1e-05,0.00017,-4e-05,-1e-05,-0
71.9,-0.0218,0.00135,0.00038,-9e-05,0.0003,-0,-0.00017,0.00033,-7e-05,9e-05,-0,-1e-05,1e-05,0.00073,0.00011,-0.00019,0.00024,0,-0,-0,0.00351,0.0003,2e-05,0,8e-05,-3e-05,-2e-05,0.0008,5e-05,0,0.00014,-4e-05,-1e-05,-0
71.92,-0.02427,0.00143,0.00055,-0.00018,0.00027,-0,-0.00024,0.00044,-8e-05,0.00012,-0,-1e-05,1e-05,0.00069,0.00011,-0.00019,0.00026,0,-0,-0,0.00431,0.00018,1e-05,0,0.00011,-3e-05,-1e-05,-8e-05,-1e-05,0,0.00058,-4e-05,-1e-05,-0
71.94,-0.0271,0.00133,0.00069,-0.0003,0.00023,-0,-0.00029,0.00052,-9e-05,0.00014,-0,-1e-05,1e-05,0.00064,0.00011,-0.00018,0.00028,0,-0,-0,0.00511,0.00013,-1e-05,0,0.00013,-3e-05,-1e-05,-0.00053,-6e-05,-0,0.00139,-4e-05,-1e-05,-0
71.96,-0.0302,0.00112,0.0008,-0.00044,0.00018,-0,-0.0003,0.00054,-0.0001,0.00016,-0,-0,1e-05,0.00061,0.0001,-0.00017,0.00028,0,-0,-0,0.00587,0.00015,-2e-05,0,0.00016,-3e-05,-1e-05,-0.00044,-0.00011,-0,0.00221,-4e-05,-1e-05,-0
71.98,-0.03359,0.00083,0.00086,-0.0006,0.00012,-0,-0.00028,0.00052,-0.0001,0.00016,-0,-0,1e-05,0.0006,9e-05,-0.00015,0.00027,0,-0,-0,0.00656,0.00027,-3e-05,0,0.00019,-3e-05,-1e-05,0.00025,-0.00016,-0,0.00309,-3e-05,-0,-0
72,-0.03727,0.00053,0.00087,-0.0008,7e-05,0,-0.00023,0.00047,-9e-05,0.00016,-0,-0,1e-05,0.00061,8e-05,-0.00014,0.00024,0,-0,-0,0.00718,0.00046,-4e-05,0,0.00021,-3e-05,-1e-05,0.00147,-0.0002,-1e-05,0.00346,-2e-05,-0,-0
72.02,-0.04115,0.00027,0.00084,-0.00103,3e-05,0,-0.00019,0.00038,-9e-05,0.00015,-0,-0,1e-05,0.00061,6e-05,-0.00012,0.00021,0,-0,-0,0.00771,0.00074,-3e-05,0,0.00023,-3e-05,-1e-05,0.00317,-0.00021,-0,0.00288,-2e-05,-0,-0
72.04,-0.04498,6e-05,0.00077,-0.00127,0,0,-0.00013,0.00029,-8e-05,0.00014,0,-0,1e-05,0.00063,5e-05,-0.00011,0.00017,0,-0,-0,0.00813,0.00108,-3e-05,0,0.00024,-3e-05,-1e-05,0.00522,-0.00019,0,0.00202,-1e-05,-0,-0
72.06,-0.04845,-9e-05,0.00066,-0.00154,-1e-05,0,-6e-05,0.00018,-7e-05,0.00012,0,-0,1e-05,0.00068,3e-05,-9e-05,0.00013,0,-0,-0,0.00839,0.00146,-2e-05,0,0.00025,-2e-05,-2e-05,0.00741,-0.00016,1e-05,0.0012,-0,-0,-0
72.08,-0.05132,-0.00017,0.00052,-0.0018,-2e-05,0,1e-05,9e-05,-6e-05,0.0001,0,0,0,0.00074,1e-05,-7e-05,9e-05,0,-0,-0,0.00853,0.00185,-1e-05,0,0.00026,-2e-05,-2e-05,0.0096,-0.00011,2e-05,0.00035,0,-0,-0
72.1,-0.05323,-0.00018,0.00037,-0.00204,-1e-05,0,9e-05,-0,-5e-05,8e-05,1e-05,0,-0,0.0008,-0,-4e-05,6e-05,0,0,-0,0.00851,0.00222,-0,0,0.00027,-2e-05,-2e-05,0.01166,-4e-05,2e-05,-0.0005,1e-05,0,0
72.12,-0.05389,-0.00015,0.00022,-0.00224,-0,0,0.00016,-7e-05,-4e-05,6e-05,1e-05,0,-1e-05,0.00085,-2e-05,-2e-05,3e-05,0,0,-0,0.00832,0.00254,0,0,0.00028,-2e-05,-3e-05,0.01348,2e-05,2e-05,-0.00131,1e-05,0,0
72.14,-0.05312,-8e-05,8e-05,-0.00238,1e-05,0,0.00023,-0.00011,-3e-05,4e-05,1e-05,0,-2e-05,0.0009,-4e-05,0,1e-05,0,1e-05,-0,0.00806,0.00276,-0,0,0.00028,-2e-05,-3e-05,0.01498,7e-05,2e-05,-0.00203,2e-05,0,0
72.16,-0.05085,-2e-05,-2e-05,-0.00244,3e-05,0,0.00028,-0.00013,-2e-05,3e-05,1e-05,0,-2e-05,0.00094,-7e-05,3e-05,0,0,1e-05,-1e-05,0.00778,0.00284,-1e-05,0,0.0003,-2e-05,-3e-05,0.016,9e-05,2e-05,-0.00262,2e-05,0,0
72.18,-0.04723,-0,-9e-05,-0.00245,5e-05,0,0.00032,-0.00014,-2e-05,2e-05,1e-05,0,-3e-05,0.00096,-9e-05,6e-05,-0,0,1e-05,-1e-05,0.00748,0.00278,-1e-05,-0,0.00032,-1e-05,-4e-05,0.01654,7e-05,3e-05,-0.00308,3e-05,0,0
72.2,-0.04243,-6e-05,-0.00013,-0.00242,7e-05,0,0.00036,-0.00013,-1e-05,1e-05,0,0,-4e-05,0.00098,-0.00012,8e-05,0,0,2e-05,-1e-05,0.00718,0.0026,-2e-05,-0,0.00036,-1e-05,-4e-05,0.0167,0,3e-05,-0.00337,3e-05,0,0
72.22,-0.03682,-0.00023,-0.00014,-0.00239,0.0001,0,0.00042,-0.00012,-0,0,-0,0,-6e-05,0.00103,-0.00015,0.00011,1e-05,0,2e-05,-2e-05,0.0069,0.00233,-4e-05,-0,0.0004,-0,-4e-05,0.01653,-0.0001,4e-05,-0.00334,4e-05,0,0
72.24,-0.03105,-0.00045,-0.00012,-0.00238,0.00013,0,0.00049,-0.0001,-0,-0,-0,0,-7e-05,0.00107,-0.00016,0.00013,3e-05,1e-05,3e-05,-3e-05,0.00661,0.00203,-5e-05,-0,0.00045,1e-05,-3e-05,0.01592,-0.0002,4e-05,-0.00312,5e-05,0,0
72.26,-0.0255,-0.00065,-7e-05,-0.00239,0.00014,0,0.00053,-9e-05,-0,-0,-0,0,-8e-05,0.0011,-0.00015,0.00015,6e-05,1e-05,3e-05,-4e-05,0.00626,0.00174,-7e-05,-0,0.0005,1e-05,-3e-05,0.01485,-0.00028,3e-05,-0.00283,5e-05,0,0
72.28,-0.02026,-0.00078,0,-0.00239,0.00015,0,0.00056,-7e-05,-0,-0,-0,0,-9e-05,0.00112,-0.00012,0.00016,8e-05,1e-05,3e-05,-5e-05,0.00588,0.00148,-9e-05,-0,0.00055,2e-05,-2e-05,0.01347,-0.00032,1e-05,-0.00246,5e-05,0,0
72.3,-0.01533,-0.00075,8e-05,-0.00235,0.00014,0,0.00059,-6e-05,-0,-0,-0,0,-9e-05,0.00114,-7e-05,0.00017,9e-05,1e-05,3e-05,-6e-05,0.00552,0.00126,-0.00011,0,0.00059,2e-05,-1e-05,0.01187,-0.00032,-2e-05,-0.0021,6e-05,0,0
72.32,-0.01067,-0.00055,0.00015,-0.00219,0.00012,0,0.00063,-5e-05,-0,-0,0,1e-05,-7e-05,0.00119,-1e-05,0.00017,0.0001,2e-05,3e-05,-5e-05,0.00522,0.00108,-0.0001,0,0.00064,3e-05,0,0.01018,-0.00029,-5e-05,-0.00179,6e-05,0,0
72.34,-0.00634,-0.00021,0.00019,-0.00192,0.0001,0,0.00067,-4e-05,-0,0,0,1e-05,-4e-05,0.00124,5e-05,0.00017,0.00011,2e-05,2e-05,-4e-05,0.00498,0.00095,-9e-05,0,0.00068,4e-05,1e-05,0.00865,-0.00023,-8e-05,-0.0015,5e-05,0,0
72.36,-0.00242,0.00021,0.00022,-0.00156,9e-05,0,0.00069,-4e-05,0,-0,0,1e-05,-2e-05,0.0013,0.00012,0.00017,0.0001,3e-05,2e-05,-2e-05,0.00479,0.00085,-6e-05,1e-05,0.00066,4e-05,2e-05,0.00741,-0.00016,-0.0001,-0.00121,5e-05,0,0
72.38,0.00097,0.00068,0.00022,-0.00114,8e-05,0,0.00071,-4e-05,0,-1e-05,1e-05,1e-05,0,0.00136,0.00017,0.00017,9e-05,3e-05,2e-05,-1e-05,0.00464,0.00077,-4e-05,1e-05,0.00061,4e-05,3e-05,0.00647,-0.0001,-0.00012,-0.00093,4e-05,0,0
72.4,0.00361,0.0011,0.0002,-0.00073,8e-05,0,0.0007,-4e-05,0,-1e-05,0,1e-05,2e-05,0.0014,0.00021,0.00018,7e-05,3e-05,2e-05,0,0.00448,0.00068,-2e-05,1e-05,0.00051,2e-05,3e-05,0.00579,-5e-05,-0.00013,-0.0007,3e-05,0,0
72.42,0.00528,0.00135,0.00016,-0.00039,9e-05,0,0.00067,-6e-05,0,-2e-05,0,1e-05,2e-05,0.00143,0.00022,0.00019,5e-05,3e-05,1e-05,0,0.00425,0.00058,-1e-05,1e-05,0.00036,-0,3e-05,0.00534,-3e-05,-0.00013,-0.00054,2e-05,0,-0
72.44,0.00588,0.00137,0.0001,-0.00013,0.0001,0,0.00062,-8e-05,0,-3e-05,0,1e-05,1e-05,0.00143,0.00021,0.0002,2e-05,3e-05,1e-05,0,0.00399,0.00044,-1e-05,1e-05,0.00021,-2e-05,3e-05,0.0051,-3e-05,-0.00013,-0.00044,1e-05,0,-0
72.46,0.00541,0.00114,5e-05,2e-05,0.0001,0,0.00055,-9e-05,0,-3e-05,0,1e-05,1e-05,0.0014,0.00018,0.00021,0,3e-05,1e-05,0,0.00373,0.00026,0,1e-05,9e-05,-3e-05,2e-05,0.00506,-4e-05,-0.00012,-0.00036,1e-05,-0,-0
72.48,0.00406,0.00065,2e-05,9e-05,9e-05,0,0.00046,-0.00011,0,-3e-05,0,0,1e-05,0.00135,0.00014,0.00024,-1e-05,3e-05,1e-05,-0,0.00352,5e-05,1e-05,1e-05,-2e-05,-3e-05,2e-05,0.0052,-4e-05,-0.0001,-0.00031,0,-0,-0
72.5,0.00209,-7e-05,-0,9e-05,8e-05,0,0.00036,-0.00012,-0,-4e-05,0,0,1e-05,0.00128,0.0001,0.00027,-3e-05,3e-05,1e-05,-0,0.0034,-0.00018,1e-05,0,-0.00011,-4e-05,2e-05,0.00551,-2e-05,-8e-05,-0.00028,-0,-0,-0
72.52,-0.00017,-0.00091,1e-05,4e-05,4e-05,0,0.00025,-0.00013,-0,-4e-05,0,0,1e-05,0.00119,5e-05,0.0003,-4e-05,3e-05,1e-05,-0,0.00339,-0.00041,3e-05,-0,-0.00018,-4e-05,2e-05,0.00601,4e-05,-5e-05,-0.00026,-1e-05,-0,-0
72.54,-0.00246,-0.00177,4e-05,-4e-05,0,-0,0.00014,-0.00014,-1e-05,-4e-05,0,0,1e-05,0.0011,2e-05,0.00034,-6e-05,2e-05,1e-05,-0,0.00358,-0.00061,4e-05,-0,-0.00024,-4e-05,2e-05,0.00668,0.00013,-2e-05,-0.00025,-1e-05,-0,-0
72.56,-0.00458,-0.00254,0.0001,-0.00013,-4e-05,0,5e-05,-0.00014,-1e-05,-3e-05,0,-0,1e-05,0.00103,-0,0.00038,-7e-05,2e-05,1e-05,-0,0.00398,-0.00078,6e-05,-0,-0.00028,-4e-05,2e-05,0.00751,0.00024,-0,-0.00025,-1e-05,-0,-0
72.58,-0.00639,-0.00315,0.00017,-0.00023,-8e-05,-0,-3e-05,-0.00013,-2e-05,-3e-05,0,-0,1e-05,0.00097,-1e-05,0.00041,-7e-05,2e-05,1e-05,-0,0.00459,-0.00091,7e-05,-1e-05,-0.00032,-4e-05,1e-05,0.00845,0.00035,1e-05,-0.00024,-1e-05,-0,-0
72.6,-0.00777,-0.00351,0.00025,-0.00033,-0.00012,-0,-8e-05,-0.00011,-3e-05,-2e-05,0,-0,1e-05,0.00093,-2e-05,0.00044,-6e-05,2e-05,1e-05,-0,0.00539,-0.00098,7e-05,-1e-05,-0.00033,-4e-05,1e-05,0.00943,0.00045,1e-05,-0.00024,-1e-05,-0,-0
72.62,-0.00866,-0.00356,0.00033,-0.00043,-0.00014,-0,-0.00011,-9e-05,-4e-05,-0,0,-0,2e-05,0.00091,-2e-05,0.00046,-5e-05,2e-05,1e-05,-0,0.00637,-0.00097,7e-05,-1e-05,-0.00033,-3e-05,0,0.01038,0.00053,1e-05,-0.00023,-1e-05,-0,-0
72.64,-0.00896,-0.00344,0.00039,-0.00052,-0.00015,-0,-0.00012,-6e-05,-5e-05,1e-05,0,-0,2e-05,0.00091,-3e-05,0.00046,-2e-05,1e-05,1e-05,-0,0.00741,-0.00089,6e-05,-1e-05,-0.00031,-3e-05,0,0.01118,0.00055,-0,-0.00022,-0,-0,-0
72.66,-0.00865,-0.00323,0.00044,-0.00059,-0.00014,-0,-8e-05,-3e-05,-7e-05,2e-05,0,0,3e-05,0.00093,-4e-05,0.00042,1e-05,2e-05,1e-05,-0,0.00841,-0.00075,4e-05,-1e-05,-0.00027,-2e-05,-0,0.01174,0.00054,-2e-05,-0.0002,-0,-0,-0
72.68,-0.00781,-0.00296,0.00045,-0.00065,-0.00014,-0,-1e-05,-0,-8e-05,4e-05,0,0,3e-05,0.00096,-6e-05,0.00034,4e-05,2e-05,1e-05,0,0.00928,-0.00057,2e-05,-1e-05,-0.00023,-1e-05,0,0.012,0.00048,-3e-05,-0.00017,-0,-0,-0
72.7,-0.00662,-0.00268,0.00045,-0.0007,-0.00012,-0,8e-05,2e-05,-0.0001,4e-05,0,0,4e-05,0.00097,-9e-05,0.00022,6e-05,2e-05,0,0,0.00993,-0.00036,-1e-05,-1e-05,-0.00018,-1e-05,0,0.01193,0.0004,-4e-05,-0.00014,-0,-0,-0
72.72,-0.00531,-0.00244,0.00042,-0.00074,-0.0001,-0,0.00016,5e-05,-0.0001,5e-05,0,0,4e-05,0.00093,-0.00011,8e-05,8e-05,2e-05,0,0,0.01027,-0.00017,-3e-05,-0,-0.00014,-0,0,0.01148,0.00032,-4e-05,-0.0001,-1e-05,-0,-0
72.74,-0.00414,-0.00224,0.00038,-0.00076,-8e-05,-0,0.00023,7e-05,-0.0001,5e-05,0,0,4e-05,0.00086,-0.00012,-4e-05,0.00011,2e-05,0,0,0.01025,-1e-05,-4e-05,-0,-0.0001,-0,0,0.01069,0.00023,-4e-05,-7e-05,-1e-05,-0,-0
72.76,-0.00325,-0.00205,0.00032,-0.00077,-6e-05,-0,0.00028,8e-05,-9e-05,5e-05,0,0,4e-05,0.00077,-0.00012,-0.00011,0.00012,3e-05,-0,1e-05,0.00982,9e-05,-5e-05,-0,-7e-05,-0,0,0.00958,0.00015,-3e-05,-3e-05,-1e-05,-0,0
72.78,-0.0027,-0.0019,0.00026,-0.00077,-4e-05,-0,0.00031,9e-05,-8e-05,4e-05,-0,0,4e-05,0.00066,-0.00011,-0.00015,0.00012,3e-05,-0,1e-05,0.009,0.00014,-6e-05,-0,-4e-05,-0,0,0.00821,6e-05,-2e-05,0,-1e-05,-0,0
72.8,-0.00241,-0.00178,0.00019,-0.00076,-1e-05,-0,0.0003,9e-05,-6e-05,3e-05,-0,0,3e-05,0.00053,-9e-05,-0.00016,0.00012,3e-05,-0,1e-05,0.00784,0.00013,-6e-05,-0,-2e-05,-0,-0,0.00665,-3e-05,-1e-05,3e-05,-1e-05,0,0
72.82,-0.00227,-0.00166,0.00012,-0.00072,1e-05,-0,0.00024,8e-05,-4e-05,2e-05,-0,0,2e-05,0.00038,-6e-05,-0.00016,9e-05,3e-05,-0,1e-05,0.0064,9e-05,-5e-05,0,-1e-05,-0,-0,0.005,-0.00011,-0,5e-05,-1e-05,0,0
72.84,-0.00216,-0.00155,5e-05,-0.00066,3e-05,-0,0.00016,5e-05,-2e-05,1e-05,-0,0,1e-05,0.00021,-3e-05,-0.00014,6e-05,3e-05,-0,0,0.0048,3e-05,-5e-05,0,-0,-0,-0,0.00334,-0.0002,2e-05,7e-05,-1e-05,0,0
72.86,-0.00203,-0.00144,-1e-05,-0.00058,5e-05,-0,6e-05,2e-05,1e-05,0,-0,0,1e-05,5e-05,-0,-0.00011,4e-05,2e-05,-0,0,0.00311,-4e-05,-4e-05,0,-0,-0,-0,0.00173,-0.00027,5e-05,7e-05,-1e-05,0,0
72.88,-0.00188,-0.00131,-8e-05,-0.00049,6e-05,-0,-3e-05,-3e-05,4e-05,-0,-0,0,-0,-0.00011,4e-05,-8e-05,1e-05,2e-05,-0,-0,0.00136,-0.00011,-4e-05,0,-1e-05,-0,-0,0.00015,-0.00034,8e-05,7e-05,-1e-05,0,0
72.9,-0.00178,-0.00114,-0.00014,-0.00039,7e-05,-0,-0.00013,-0.0001,8e-05,-1e-05,-0,0,-1e-05,-0.00027,8e-05,-6e-05,-3e-05,1e-05,-0,-0,-0.00044,-0.00018,-3e-05,0,-2e-05,-0,-0,-0.00142,-0.00038,0.00013,6e-05,-1e-05,0,0
72.92,-0.00183,-0.00091,-0.00019,-0.00029,8e-05,-0,-0.0002,-0.00018,0.00013,-2e-05,-0,0,-2e-05,-0.00041,0.00012,-4e-05,-7e-05,0,-0,-0,-0.0023,-0.00026,-2e-05,0,-3e-05,0,-0,-0.003,-0.00037,0.00017,5e-05,-1e-05,0,0
72.94,-0.00205,-0.0006,-0.00025,-0.00019,8e-05,-0,-0.00024,-0.00027,0.00018,-4e-05,-0,0,-2e-05,-0.00054,0.00016,-3e-05,-0.00013,-1e-05,-0,0,-0.00419,-0.00034,-1e-05,0,-4e-05,0,-0,-0.00464,-0.00032,0.00021,3e-05,-1e-05,0,0
72.96,-0.00235,-0.00016,-0.0003,-9e-05,8e-05,-0,-0.00023,-0.00039,0.00025,-7e-05,-0,1e-05,-3e-05,-0.00063,0.0002,-3e-05,-0.00021,-2e-05,-0,0,-0.00613,-0.00042,-1e-05,0,-4e-05,0,-1e-05,-0.00634,-0.00022,0.00024,1e-05,-1e-05,-0,0
72.98,-0.00252,0.00042,-0.00036,3e-05,6e-05,-0,-0.00018,-0.00054,0.00033,-0.00012,-0,1e-05,-4e-05,-0.00069,0.00025,-6e-05,-0.00032,-3e-05,-0,0,-0.00811,-0.00049,0,-0,-5e-05,1e-05,-1e-05,-0.00813,-6e-05,0.00025,-2e-05,-0,-0,-0
73,-0.00222,0.00119,-0.00041,0.00021,3e-05,-0,-3e-05,-0.00071,0.00042,-0.00017,-0,1e-05,-4e-05,-0.00069,0.0003,-9e-05,-0.00042,-3e-05,0,1e-05,-0.01008,-0.00054,1e-05,-0,-4e-05,1e-05,-1e-05,-0.00995,0.00012,0.00024,-5e-05,0,-0,-0
73.02,-0.00107,0.00212,-0.00045,0.00045,-1e-05,-0,0.00026,-0.0009,0.00053,-0.00017,-0,2e-05,-3e-05,-0.0006,0.00035,-0.00014,-0.00042,-1e-05,1e-05,1e-05,-0.01191,-0.00057,1e-05,-1e-05,-4e-05,1e-05,-2e-05,-0.01173,0.0003,0.00021,-8e-05,0,-1e-05,-0
73.04,0.00126,0.00323,-0.00047,0.00079,-6e-05,-0,0.00069,-0.00109,0.00064,-0.00013,-0,2e-05,-1e-05,-0.00045,0.00039,-0.00018,-0.00034,3e-05,2e-05,2e-05,-0.01359,-0.00057,2e-05,-1e-05,-3e-05,1e-05,-2e-05,-0.01339,0.00045,0.00018,-0.00011,1e-05,-1e-05,-0
73.06,0.005,0.00449,-0.00047,0.00121,-0.00012,-0,0.00117,-0.00127,0.00072,-8e-05,-0,3e-05,1e-05,-0.0003,0.00041,-0.00022,-0.00024,8e-05,2e-05,3e-05,-0.01509,-0.00052,1e-05,-2e-05,-1e-05,2e-05,-2e-05,-0.01486,0.00054,0.00017,-0.00015,2e-05,-1e-05,-1e-05
73.08,0.01018,0.00584,-0.00045,0.0017,-0.00019,-0,0.00164,-0.00143,0.00077,-1e-05,-0,3e-05,3e-05,-0.00023,0.00041,-0.00026,-0.00014,0.00013,3e-05,3e-05,-0.01641,-0.00043,0,-2e-05,1e-05,2e-05,-2e-05,-0.01621,0.00055,0.00017,-0.00019,2e-05,-1e-05,-1e-05
73.1,0.01664,0.00717,-0.00038,0.0022,-0.00027,-0,0.00213,-0.00152,0.00076,0.0001,-0,3e-05,6e-05,-0.00014,0.00036,-0.00027,2e-05,0.00019,4e-05,4e-05,-0.01747,-0.00031,-1e-05,-3e-05,3e-05,2e-05,-1e-05,-0.0174,0.0005,0.00018,-0.00023,3e-05,-1e-05,-1e-05
73.12,0.02395,0.00838,-0.00028,0.00272,-0.00033,-0,0.00273,-0.00146,0.00069,0.00026,0,3e-05,8e-05,0.00019,0.00028,-0.00026,0.00027,0.00028,5e-05,5e-05,-0.01824,-0.00017,-3e-05,-3e-05,6e-05,3e-05,-1e-05,-0.01839,0.00038,0.00021,-0.00024,3e-05,-1e-05,-1e-05
73.14,0.03173,0.00937,-0.00015,0.00317,-0.00039,0,0.00327,-0.0013,0.00057,0.0004,0,3e-05,0.0001,0.00061,0.00017,-0.00024,0.00048,0.00034,7e-05,5e-05,-0.01867,-3e-05,-5e-05,-4e-05,8e-05,3e-05,-1e-05,-0.01923,0.0002,0.00025,-0.00025,4e-05,-1e-05,-1e-05
73.16,0.03968,0.01007,-2e-05,0.0035,-0.00042,0,0.00361,-0.00109,0.00042,0.00048,0,2e-05,0.00011,0.00096,5e-05,-0.00022,0.00059,0.00035,7e-05,5e-05,-0.01878,0.0001,-8e-05,-4e-05,0.0001,4e-05,-1e-05,-0.01994,-3e-05,0.00027,-0.00025,4e-05,-1e-05,-1e-05
73.18,0.0474,0.01045,0.0001,0.0037,-0.00042,0,0.0038,-0.00086,0.00028,0.00052,0,1e-05,0.00012,0.00127,-6e-05,-0.00021,0.00064,0.00033,7e-05,5e-05,-0.01853,0.0002,-0.00011,-4e-05,0.00011,4e-05,-2e-05,-0.02052,-0.00028,0.00025,-0.00025,5e-05,-0,-1e-05
73.2,0.05429,0.01056,0.00018,0.00377,-0.00037,0,0.0039,-0.00065,0.00015,0.00047,0,1e-05,0.0001,0.00152,-0.00013,-0.00021,0.00058,0.00026,6e-05,4e-05,-0.01789,0.00027,-0.00014,-3e-05,0.00012,4e-05,-2e-05,-0.0209,-0.00052,0.00022,-0.00023,5e-05,-0,-0
73.22,0.05962,0.01048,0.00021,0.00373,-0.00032,0,0.00396,-0.0005,5e-05,0.00032,0,0,7e-05,0.00163,-0.00016,-0.00022,0.00041,0.00017,4e-05,3e-05,-0.01682,0.00027,-0.00016,-1e-05,0.00011,4e-05,-1e-05,-0.02095,-0.00063,0.00025,-0.00018,5e-05,-0,-0
73.24,0.06323,0.01023,0.00018,0.00361,-0.00028,0,0.00399,-0.00039,-1e-05,0.00019,0,0,4e-05,0.00156,-0.00016,-0.00023,0.00025,9e-05,2e-05,2e-05,-0.0154,0.0002,-0.00017,1e-05,0.0001,3e-05,-1e-05,-0.02063,-0.00059,0.00028,-0.00011,6e-05,0,-0
73.26,0.06525,0.00981,0.00011,0.00343,-0.00025,0,0.00395,-0.00032,-5e-05,0.0001,0,0,2e-05,0.00133,-0.00013,-0.00023,0.00012,4e-05,-1e-05,1e-05,-0.01371,2e-05,-0.00018,5e-05,8e-05,2e-05,-1e-05,-0.01998,-0.00047,0.00025,-4e-05,6e-05,0,0
73.28,0.0656,0.00928,-1e-05,0.0032,-0.00022,0,0.00391,-0.00027,-7e-05,3e-05,0,-0,-1e-05,0.00102,-9e-05,-0.00022,2e-05,1e-05,-3e-05,-1e-05,-0.01182,-0.00026,-0.00018,0.00011,4e-05,1e-05,-1e-05,-0.01905,-0.00029,0.00021,2e-05,6e-05,0,0
73.3,0.06444,0.00858,-0.00015,0.00296,-0.00018,0,0.00375,-0.00023,-9e-05,-2e-05,0,-0,-2e-05,0.00058,-5e-05,-0.00019,-8e-05,-1e-05,-4e-05,-2e-05,-0.00998,-0.00063,-0.00017,0.00017,-2e-05,-0,-1e-05,-0.01798,-0.00013,0.00011,4e-05,6e-05,1e-05,0
73.32,0.062,0.0076,-0.00028,0.0027,-0.00014,0,0.00338,-0.0002,-9e-05,-5e-05,0,0,-3e-05,-4e-05,-3e-05,-0.00016,-0.00016,-1e-05,-5e-05,-2e-05,-0.00839,-0.00109,-0.00014,0.00025,-9e-05,-2e-05,-0,-0.0148,-2e-05,-1e-05,2e-05,2e-05,1e-05,0
73.34,0.05834,0.0064,-0.00039,0.00243,-0.0001,0,0.00295,-0.00017,-9e-05,-7e-05,0,0,-4e-05,-0.00064,-1e-05,-0.00012,-0.00023,-1e-05,-5e-05,-3e-05,-0.00704,-0.0016,-0.0001,0.00033,-0.00017,-4e-05,-0,-0.00815,1e-05,-8e-05,-1e-05,-6e-05,-0,-1e-05
73.36,0.05369,0.00509,-0.00048,0.00217,-6e-05,-0,0.00257,-0.00013,-9e-05,-7e-05,0,0,-4e-05,-0.00106,0,-9e-05,-0.00028,-1e-05,-5e-05,-3e-05,-0.00591,-0.00214,-6e-05,0.0004,-0.00027,-5e-05,0,0.00012,-3e-05,-0.00023,-0,-0.00017,-2e-05,-2e-05
73.38,0.04828,0.00366,-0.00053,0.00191,-3e-05,-0,0.00222,-8e-05,-8e-05,-7e-05,0,0,-4e-05,-0.00132,1e-05,-6e-05,-0.0003,-1e-05,-4e-05,-3e-05,-0.00503,-0.0027,-1e-05,0.00047,-0.00038,-7e-05,-0,0.01007,-8e-05,-0.00065,0.00013,-0.00028,-3e-05,-3e-05
73.4,0.04271,0.00221,-0.00053,0.00166,-1e-05,-0,0.00186,-4e-05,-6e-05,-7e-05,-0,1e-05,-3e-05,-0.00143,1e-05,-4e-05,-0.00032,-1e-05,-3e-05,-3e-05,-0.00446,-0.00323,3e-05,0.00052,-0.00047,-9e-05,-1e-05,0.02173,-6e-05,-0.00147,0.0005,-0.00038,-3e-05,-3e-05
73.42,0.03754,0.00086,-0.00047,0.00142,0,-0,0.00147,-1e-05,-4e-05,-8e-05,-0,1e-05,-2e-05,-0.00143,-0,-2e-05,-0.00032,-1e-05,-1e-05,-3e-05,-0.00421,-0.00367,5e-05,0.00055,-0.00052,-8e-05,1e-05,0.03518,5e-05,-0.00264,0.00119,-0.00046,-3e-05,-3e-05
73.44,0.03264,-0.00034,-0.00037,0.0012,-0,-0,0.0011,1e-05,-2e-05,-8e-05,-0,1e-05,-2e-05,-0.00134,-3e-05,0,-0.00033,-1e-05,-0,-3e-05,-0.00425,-0.00402,7e-05,0.00054,-0.00054,-4e-05,4e-05,0.05024,0.00024,-0.00404,0.00228,-0.00049,-1e-05,-1e-05
73.46,0.02788,-0.00136,-0.00024,0.00098,-1e-05,0,0.00081,2e-05,-1e-05,-8e-05,-0,1e-05,-1e-05,-0.00116,-7e-05,2e-05,-0.00033,-1e-05,1e-05,-3e-05,-0.00454,-0.00431,8e-05,0.00049,-0.00054,-1e-05,7e-05,0.06627,0.00047,-0.00556,0.00391,-0.00047,2e-05,2e-05
73.48,0.02335,-0.00214,-9e-05,0.00077,-1e-05,0,0.00058,2e-05,-0,-8e-05,-0,1e-05,-0,-0.00093,-0.00011,4e-05,-0.00033,-1e-05,2e-05,-3e-05,-0.00514,-0.00457,9e-05,0.00039,-0.00052,4e-05,0.00011,0.08235,0.00063,-0.00697,0.00638,-0.0004,6e-05,7e-05
73.5,0.01936,-0.0026,6e-05,0.00058,0,0,0.00039,-0,0,-8e-05,-0,1e-05,0,-0.00069,-0.00015,6e-05,-0.00034,-0,2e-05,-3e-05,-0.00594,-0.00479,9e-05,0.00022,-0.00052,9e-05,0.00015,0.09813,0.00058,-0.00792,0.00888,-0.00029,0.0001,0.00013
73.52,0.01617,-0.00267,0.00018,0.00042,2e-05,0,0.00025,-3e-05,1e-05,-6e-05,-0,1e-05,0,-0.00045,-0.00018,8e-05,-0.00035,-0,2e-05,-3e-05,-0.00677,-0.00496,8e-05,-7e-05,-0.00057,0.00014,0.0002,0.11362,0.00024,-0.00811,0.00922,-0.00015,0.00015,0.00018
73.54,0.01344,-0.00249,0.00026,0.00027,3e-05,0,0.00015,-5e-05,1e-05,-4e-05,-0,1e-05,0,-0.00022,-0.0002,9e-05,-0.00036,-0,1e-05,-2e-05,-0.00764,-0.00516,6e-05,-0.00052,-0.00066,0.00019,0.00025,0.12782,-0.00037,-0.00779,0.00742,1e-05,0.0002,0.00023
73.56,0.01093,-0.00214,0.00027,0.00013,3e-05,0,7e-05,-8e-05,2e-05,-2e-05,-0,1e-05,1e-05,-2e-05,-0.00021,9e-05,-0.00036,-0,1e-05,-1e-05,-0.00854,-0.00546,4e-05,-0.0012,-0.00077,0.00024,0.00028,0.13963,-0.00123,-0.00727,0.00472,0.00021,0.00023,0.00025
73.58,0.00864,-0.00167,0.00021,1e-05,3e-05,0,1e-05,-0.00011,2e-05,-0,-0,0,1e-05,0.00017,-0.00022,8e-05,-0.00035,-0,1e-05,-1e-05,-0.0093,-0.00585,2e-05,-0.00225,-0.00092,0.00028,0.00029,0.14865,-0.00233,-0.00663,0.0011,0.0005,0.00022,0.00023
73.6,0.00674,-0.00115,7e-05,-8e-05,1e-05,0,-2e-05,-0.00013,3e-05,2e-05,-0,0,1e-05,0.00033,-0.00022,7e-05,-0.00033,-0,1e-05,-0,-0.00953,-0.00614,0,-0.00377,-0.00106,0.00031,0.00027,0.15511,-0.00361,-0.00593,-0.00446,0.00094,0.00016,0.00015
73.62,0.00532,-0.00065,-0.00013,-0.00016,-2e-05,0,-6e-05,-0.00014,4e-05,4e-05,-0,0,1e-05,0.00046,-0.00021,4e-05,-0.00027,-0,1e-05,1e-05,-0.00879,-0.00611,-1e-05,-0.00582,-0.00107,0.00034,0.00022,0.15928,-0.005,-0.00517,-0.0134,0.00165,3e-05,-2e-05
73.64,0.00416,-0.00027,-0.00036,-0.00022,-6e-05,0,-8e-05,-0.00014,5e-05,5e-05,-0,0,1e-05,0.00057,-0.00021,1e-05,-0.00019,-0,0,1e-05,-0.00714,-0.00582,-2e-05,-0.00838,-0.00097,0.00033,0.00012,0.1604,-0.00649,-0.00448,-0.02413,0.00275,-0.00021,-0.00028
73.66,0.00313,-4e-05,-0.00058,-0.00027,-9e-05,0,-0.00011,-0.00013,6e-05,6e-05,-0,-0,1e-05,0.00065,-0.0002,-3e-05,-0.0001,-0,0,2e-05,-0.00477,-0.00534,-1e-05,-0.01138,-0.00082,0.00022,-2e-05,0.15771,-0.00812,-0.0039,-0.03463,0.00438,-0.00057,-0.00065
73.68,0.00223,6e-05,-0.00076,-0.00031,-0.00012,0,-0.00015,-0.00012,7e-05,7e-05,-0,-0,1e-05,0.0007,-0.00019,-9e-05,-1e-05,0,-0,2e-05,-0.00193,-0.00456,0,-0.01502,-0.00063,4e-05,-0.00022,0.1511,-0.00983,-0.00336,-0.0448,0.00669,-0.00108,-0.00114
73.7,0.00155,3e-05,-0.00084,-0.00034,-0.00015,0,-0.00018,-0.00011,8e-05,6e-05,-0,-0,1e-05,0.00072,-0.00018,-0.00015,6e-05,0,-0,3e-05,0.00069,-0.00369,3e-05,-0.01739,-0.00033,-0.00023,-0.00042,0.14145,-0.01155,-0.00283,-0.05442,0.00979,-0.00176,-0.00173
73.72,0.00112,-7e-05,-0.00081,-0.00038,-0.00016,0,-0.00021,-9e-05,8e-05,5e-05,-0,-0,1e-05,0.0007,-0.00016,-0.00021,9e-05,0,-0,3e-05,0.00283,-0.00287,8e-05,-0.01575,0.00011,-0.0004,-0.00049,0.12958,-0.01327,-0.00229,-0.0632,0.01377,-0.00254,-0.00238
73.74,0.00081,-0.00021,-0.00062,-0.00044,-0.00016,0,-0.00023,-8e-05,9e-05,3e-05,-0,-0,1e-05,0.00064,-0.00014,-0.00025,9e-05,0,-0,2e-05,0.00427,-0.00205,0.00019,-0.01263,0.00052,-0.00043,-0.00044,0.1146,-0.01482,-0.00168,-0.07028,0.01852,-0.00342,-0.00305
73.76,0.00052,-0.00033,-0.00028,-0.00049,-0.00015,0,-0.00025,-7e-05,9e-05,2e-05,-0,-0,1e-05,0.00055,-0.00013,-0.00029,7e-05,0,-0,2e-05,0.00467,-0.00136,0.00034,-0.00979,0.00077,-0.00039,-0.00035,0.09603,-0.016,-0.00099,-0.07479,0.02378,-0.00439,-0.0037
73.78,0.00026,-0.00042,0.00016,-0.00055,-0.00014,0,-0.00027,-7e-05,9e-05,1e-05,-0,-0,0,0.00043,-0.00011,-0.00031,1e-05,0,-0,1e-05,0.00422,-0.00094,0.00053,-0.00674,0.00092,-0.00027,-0.00021,0.0746,-0.01686,-0.00026,-0.07638,0.0292,-0.00477,-0.00398
73.8,5e-05,-0.00044,0.00067,-0.00062,-0.00011,0,-0.00026,-6e-05,8e-05,1e-05,-0,0,0,0.0003,-0.0001,-0.00031,-9e-05,0,-0,0,0.00316,-0.00078,0.00066,-0.0045,0.00089,-0.00016,-0.0001,0.0513,-0.01683,0.00042,-0.07427,0.03357,-0.00593,-0.00449
73.82,-0.0002,-0.00037,0.00115,-0.00071,-9e-05,0,-0.0002,-6e-05,7e-05,2e-05,-0,0,0,0.00015,-7e-05,-0.0003,-0.00018,0,-0,-1e-05,0.00187,-0.00078,0.00066,-0.0031,0.00069,-0.00012,-7e-05,0.02762,-0.0153,0.00087,-0.06808,0.0353,-0.01002,-0.00622
73.84,-0.00058,-0.00023,0.00153,-0.0008,-6e-05,0,-0.00012,-6e-05,5e-05,2e-05,-0,0,-0,0,-4e-05,-0.00027,-0.00026,0,-0,-2e-05,0.00067,-0.00082,0.00056,-0.00156,0.00048,-0.0001,-6e-05,0.00557,-0.01297,0.00095,-0.05857,0.03453,-0.01375,-0.00768
73.86,-0.00107,-6e-05,0.00176,-0.00087,-4e-05,0,-5e-05,-5e-05,4e-05,3e-05,-0,0,-0,-0.00013,-1e-05,-0.00024,-0.00033,0,-0,-2e-05,-0.0004,-0.00084,0.00042,7e-05,0.0003,-6e-05,-4e-05,-0.0127,-0.01043,0.00067,-0.04684,0.03185,-0.01449,-0.00772
73.88,-0.00164,0.0001,0.00182,-0.00091,-2e-05,0,1e-05,-5e-05,2e-05,4e-05,-0,1e-05,-1e-05,-0.00024,1e-05,-0.0002,-0.00036,0,-0,-3e-05,-0.00136,-0.0008,0.00026,0.00134,0.00016,-2e-05,-2e-05,-0.02515,-0.00761,0,-0.03433,0.02753,-0.01292,-0.00669
73.9,-0.00235,0.00021,0.0017,-0.00094,-1e-05,0,6e-05,-4e-05,1e-05,4e-05,-0,1e-05,-1e-05,-0.00032,4e-05,-0.00016,-0.00036,0,0,-4e-05,-0.00227,-0.00072,0.00013,0.00213,4e-05,2e-05,1e-05,-0.03077,-0.00524,-0.0006,-0.02258,0.02226,-0.00904,-0.00477
73.92,-0.00334,0.00018,0.00144,-0.00095,-0,0,8e-05,-2e-05,0,4e-05,-0,1e-05,-1e-05,-0.00036,5e-05,-0.00012,-0.00033,-0,0,-4e-05,-0.00319,-0.00065,4e-05,0.00291,-5e-05,6e-05,3e-05,-0.03008,-0.00374,-0.00066,-0.01309,0.01678,-0.00464,-0.00273
73.94,-0.00452,-2e-05,0.00108,-0.00095,-0,0,8e-05,-1e-05,0,4e-05,-0,1e-05,-1e-05,-0.00036,7e-05,-9e-05,-0.00027,-0,0,-3e-05,-0.00408,-0.00057,-4e-05,0.00383,-0.00012,0.00013,6e-05,-0.02423,-0.00247,-0.00048,-0.00655,0.01187,-0.00159,-0.0012
73.96,-0.00575,-0.00036,0.00068,-0.00094,-0,-0,3e-05,-1e-05,0,3e-05,0,1e-05,-1e-05,-0.00032,7e-05,-6e-05,-0.0002,-0,0,-3e-05,-0.00485,-0.00044,-0.00012,0.00464,-0.00018,0.0002,0.0001,-0.01536,-0.00129,-0.00029,-0.00265,0.00798,-5e-05,-0.00027
73.98,-0.00703,-0.00083,0.00029,-0.00093,-0,-0,-6e-05,-0,0,1e-05,0,1e-05,-0,-0.00026,8e-05,-3e-05,-0.00012,-0,0,-2e-05,-0.00547,-0.00025,-0.00022,0.0055,-0.00022,0.00027,0.00014,-0.00582,-0.00035,-7e-05,-0.00072,0.00525,0.00028,0.00014
74,-0.0083,-0.00137,-3e-05,-0.00092,-1e-05,-0,-0.00018,0,1e-05,-2e-05,0,1e-05,-0,-0.00018,7e-05,-1e-05,-6e-05,-0,0,-1e-05,-0.00587,2e-05,-0.00032,0.00647,-0.00024,0.00037,0.00019,0.00263,0.00033,0.00015,-1e-05,0.00342,-0.00022,0.00017
74.02,-0.00944,-0.00193,-0.00026,-0.00091,-0,-0,-0.00031,0,1e-05,-5e-05,0,1e-05,-0,-0.0001,7e-05,0,-2e-05,-0,0,-1e-05,-0.00597,0.00036,-0.0003,0.00755,-0.00023,0.00053,0.00031,0.0089,0.00079,0.00029,5e-05,0.00206,-0.00096,-1e-05
74.04,-0.01041,-0.0024,-0.0004,-0.00091,-0,-0,-0.00043,-0,2e-05,-8e-05,0,1e-05,0,-3e-05,7e-05,1e-05,-1e-05,-0,0,-0,-0.00578,0.00073,-0.00015,0.00842,-0.0002,0.0007,0.00044,0.01077,0.0008,0.00028,-0.00012,0.00132,-0.0014,-0.00021
74.06,-0.01111,-0.00271,-0.00046,-0.00091,-0,-0,-0.00055,-0,2e-05,-0.00012,0,1e-05,0,3e-05,7e-05,1e-05,0,-0,0,-0,-0.00533,0.00105,5e-05,0.0088,-0.00017,0.0008,0.00053,0.0101,0.00052,0.00024,-0.00023,0.00092,-0.00151,-0.00035
74.08,-0.01151,-0.00283,-0.00046,-0.00091,-0,-0,-0.00065,0,2e-05,-0.00015,0,1e-05,0,8e-05,6e-05,1e-05,-0,0,0,0,-0.00464,0.00124,0.00028,0.00885,-0.00012,0.00085,0.00058,0.00903,0.00025,0.00022,-0.0003,0.00058,-0.00142,-0.00042
74.1,-0.0114,-0.00275,-0.00043,-0.00091,-1e-05,-0,-0.00072,1e-05,2e-05,-0.00019,0,1e-05,0,0.00011,6e-05,0,-1e-05,0,0,0,-0.00388,0.00129,0.00042,0.00809,-8e-05,0.00081,0.00056,0.00756,-1e-05,0.00019,-0.00032,0.00031,-0.00123,-0.00042
74.12,-0.0106,-0.00252,-0.00039,-0.00088,-2e-05,-0,-0.00074,1e-05,2e-05,-0.0002,0,1e-05,0,0.00013,6e-05,-0,-3e-05,0,0,-0,-0.00322,0.00125,0.00045,0.00634,-4e-05,0.00065,0.00046,0.00577,-0.00021,0.00013,-0.00031,0.0001,-0.00101,-0.00037
74.14,-0.00928,-0.00215,-0.00035,-0.00082,-3e-05,-0,-0.00072,2e-05,2e-05,-0.0002,0,0,0,0.00013,6e-05,-1e-05,-4e-05,0,0,-0,-0.00269,0.00116,0.00043,0.00456,-2e-05,0.00046,0.00034,0.0038,-0.00029,6e-05,-0.00027,-3e-05,-0.00076,-0.00029
74.16,-0.00755,-0.00168,-0.00033,-0.00074,-5e-05,-0,-0.00067,2e-05,3e-05,-0.0002,0,0,0,0.00012,5e-05,-2e-05,-5e-05,0,0,-0,-0.00234,0.00105,0.00039,0.00315,-0,0.00029,0.00022,0.00176,-0.00016,-2e-05,-0.00022,-0.00012,-0.00048,-0.00019
74.18,-0.00544,-0.0011,-0.00033,-0.00061,-8e-05,-0,-0.0006,3e-05,3e-05,-0.00019,0,0,0,0.0001,5e-05,-1e-05,-5e-05,0,0,-0,-0.00222,0.00095,0.00033,0.00202,1e-05,0.00012,0.00011,-0.00028,0.00021,-0.0001,-0.00016,-0.00016,-0.00021,-9e-05
74.2,-0.00296,-0.00044,-0.00034,-0.00045,-0.00011,-0,-0.00051,3e-05,3e-05,-0.00017,0,0,0,8e-05,4e-05,-1e-05,-5e-05,0,0,-0,-0.00226,0.00085,0.00023,0.00114,1e-05,-3e-05,-0,-0.00223,0.00084,-0.00016,-9e-05,-0.00019,0,-1e-05
74.22,-0.00029,0.00028,-0.00035,-0.00025,-0.00016,-0,-0.00041,4e-05,3e-05,-0.00016,0,0,0,2e-05,4e-05,-0,-5e-05,0,0,-0,-0.00238,0.00074,0.00011,0.00049,1e-05,-0.00015,-0.0001,-0.00398,0.00179,-0.00019,-2e-05,-0.00021,0.00016,3e-05
74.24,0.0023,0.00105,-0.00035,-3e-05,-0.00022,-0,-0.00031,5e-05,4e-05,-0.00015,0,0,0,-6e-05,3e-05,1e-05,-4e-05,0,0,-0,-0.00253,0.0006,0,3e-05,0,-0.00025,-0.00018,-0.00546,0.00302,-0.00016,6e-05,-0.00025,0.00025,3e-05
74.26,0.00464,0.00184,-0.00031,0.00019,-0.00027,-0,-0.00022,6e-05,4e-05,-0.00013,0,-0,0,-0.00013,2e-05,3e-05,-2e-05,0,0,-0,-0.00266,0.00042,-9e-05,-0.00027,-0,-0.00033,-0.00024,-0.00666,0.00428,-8e-05,0.00015,-0.0003,0.0002,-2e-05
74.28,0.00663,0.00264,-0.00024,0.00041,-0.0003,-0,-0.00014,7e-05,4e-05,-0.00012,0,-0,0,-0.00019,1e-05,5e-05,-0,0,0,-0,-0.00276,0.00023,-0.00016,-0.00045,-0,-0.00039,-0.00029,-0.00759,0.0053,5e-05,0.00023,-0.00039,-1e-05,-0.00014
74.3,0.00806,0.00341,-0.00014,0.0006,-0.00034,-0,-7e-05,8e-05,4e-05,-0.00011,0,-0,0,-0.00025,-1e-05,7e-05,2e-05,0,0,-0,-0.00279,2e-05,-0.00021,-0.00053,0,-0.00042,-0.00032,-0.00829,0.0061,0.00019,0.00031,-0.0005,-0.00039,-0.00032
74.32,0.00864,0.00406,-1e-05,0.00074,-0.00038,-0,-2e-05,9e-05,3e-05,-0.0001,0,-0,-0,-0.0003,-3e-05,0.0001,3e-05,0,0,-0,-0.00274,-0.00015,-0.00026,-0.00054,2e-05,-0.00042,-0.00032,-0.0088,0.00701,0.00034,0.00038,-0.00063,-0.00082,-0.00053
74.34,0.00846,0.00456,0.00013,0.00082,-0.00042,-0,1e-05,0.0001,3e-05,-9e-05,0,-1e-05,-0,-0.00032,-7e-05,0.00012,4e-05,0,0,0,-0.00262,-0.00026,-0.0003,-0.0005,4e-05,-0.00041,-0.00031,-0.00923,0.00756,0.0005,0.00042,-0.00077,-0.0012,-0.00075
74.36,0.00778,0.00488,0.00027,0.00086,-0.00047,-0,3e-05,0.0001,2e-05,-9e-05,0,-1e-05,-0,-0.00031,-0.00012,0.00014,4e-05,0,-0,0,-0.00242,-0.00032,-0.00034,-0.00044,6e-05,-0.00038,-0.00029,-0.00957,0.00735,0.0006,0.00044,-0.00092,-0.00155,-0.00098
74.38,0.00669,0.00499,0.0004,0.00086,-0.00051,-0,3e-05,0.0001,2e-05,-9e-05,0,-1e-05,-0,-0.00026,-0.00017,0.00015,4e-05,0,-0,0,-0.00215,-0.00033,-0.00037,-0.00037,8e-05,-0.00035,-0.00026,-0.00985,0.00654,0.00066,0.0004,-0.00107,-0.00183,-0.0012
74.4,0.00542,0.00491,0.00051,0.00083,-0.00056,-0,3e-05,8e-05,1e-05,-8e-05,-0,-1e-05,-0,-0.0002,-0.00023,0.00015,2e-05,0,-0,1e-05,-0.0018,-0.0003,-0.00039,-0.0003,9e-05,-0.00031,-0.00022,-0.01001,0.00544,0.00067,0.00028,-0.00118,-0.00198,-0.00137
74.42,0.00422,0.00466,0.00057,0.00079,-0.0006,-0,2e-05,5e-05,-0,-8e-05,-0,-1e-05,-0,-0.00013,-0.00028,0.00013,0,0,-0,1e-05,-0.00139,-0.00025,-0.00038,-0.00022,9e-05,-0.00028,-0.0002,-0.00999,0.00441,0.00062,5e-05,-0.00114,-0.00187,-0.00138
74.44,0.00312,0.00422,0.00058,0.00074,-0.00054,-0,-0,1e-05,-1e-05,-7e-05,-0,-0,0,-6e-05,-0.00031,0.00011,-2e-05,0,-0,1e-05,-0.00092,-0.00018,-0.00036,-0.00015,8e-05,-0.00025,-0.00017,-0.0097,0.00351,0.00052,-0.00033,-0.00102,-0.00162,-0.00128
74.46,0.00216,0.00362,0.00056,0.00069,-0.00041,-0,-3e-05,-4e-05,-1e-05,-7e-05,-0,-0,0,-1e-05,-0.00033,8e-05,-3e-05,0,-0,1e-05,-0.00041,-0.00012,-0.00033,-9e-05,6e-05,-0.00022,-0.00015,-0.00897,0.00262,0.00039,-0.00086,-0.00091,-0.0013,-0.00113
74.48,0.00134,0.00291,0.00051,0.00064,-0.00027,-0,-6e-05,-0.0001,-2e-05,-6e-05,-0,-0,1e-05,0,-0.00033,6e-05,-4e-05,0,-0,1e-05,0.0001,-6e-05,-0.00029,-3e-05,3e-05,-0.00019,-0.00012,-0.00789,0.00209,0.00025,-0.00156,-0.00077,-0.00095,-0.00093
74.5,0.00083,0.0022,0.00043,0.0006,-0.00012,-0,-9e-05,-0.00016,-2e-05,-6e-05,-0,-0,1e-05,-3e-05,-0.0003,3e-05,-5e-05,-0,0,0,0.00058,0,-0.00023,2e-05,-1e-05,-0.00016,-0.0001,-0.00643,0.00162,0.00011,-0.00238,-0.00064,-0.00062,-0.00072
74.52,0.00073,0.00156,0.00035,0.00057,1e-05,-0,-0.00012,-0.00021,-2e-05,-5e-05,-0,0,1e-05,-0.00011,-0.00025,1e-05,-4e-05,-0,0,0,0.00101,6e-05,-0.00014,7e-05,-4e-05,-0.00013,-8e-05,-0.00465,0.00092,0,-0.00325,-0.00056,-0.00034,-0.00051
74.54,0.00075,0.00103,0.00026,0.00054,0.00011,-0,-0.00015,-0.00023,-2e-05,-4e-05,-0,0,1e-05,-0.00022,-0.00019,-0,-3e-05,-0,1e-05,-0,0.00137,0.00012,-3e-05,0.00012,-7e-05,-0.00011,-6e-05,-0.00277,0.00039,-6e-05,-0.00407,-0.00049,-0.00012,-0.00032
74.56,0.00072,0.00062,0.00018,0.0005,0.00017,-0,-0.00017,-0.00024,-2e-05,-3e-05,-0,1e-05,1e-05,-0.00036,-0.00012,-0,-2e-05,0,1e-05,-0,0.00164,0.00016,9e-05,0.00017,-8e-05,-8e-05,-4e-05,-0.00102,0.00022,-8e-05,-0.00476,-0.00042,3e-05,-0.00016
74.58,0.00063,0.00035,0.00011,0.00046,0.0002,-0,-0.00018,-0.00023,-1e-05,-1e-05,-0,1e-05,1e-05,-0.00051,-5e-05,0,-1e-05,0,1e-05,-1e-05,0.00183,0.00017,0.00021,0.00022,-8e-05,-5e-05,-2e-05,0.00039,0.00032,-8e-05,-0.00532,-0.00036,0.00013,-3e-05
74.6,0.00056,0.00019,6e-05,0.00042,0.00019,-0,-0.00018,-0.00019,-0,-0,-0,1e-05,1e-05,-0.00066,0,1e-05,-0,0,2e-05,-1e-05,0.00196,0.00013,0.00033,0.00026,-6e-05,-2e-05,-0,0.00134,0.00035,-7e-05,-0.00546,-0.00026,0.00014,3e-05
74.62,0.00056,0.0001,3e-05,0.00039,0.00016,-0,-0.00016,-0.00014,0,0,0,2e-05,1e-05,-0.00078,4e-05,1e-05,-0,0,2e-05,-1e-05,0.00209,4e-05,0.00046,0.00029,-2e-05,2e-05,2e-05,0.00191,0.0002,-6e-05,-0.00479,-0.0001,6e-05,1e-05
74.64,0.00053,2e-05,1e-05,0.00035,0.00012,-0,-0.00013,-7e-05,1e-05,0,0,3e-05,0,-0.00086,5e-05,2e-05,0,0,3e-05,-1e-05,0.00223,-0.00012,0.00059,0.00031,2e-05,6e-05,5e-05,0.00215,9e-05,-6e-05,-0.00371,7e-05,1e-05,-1e-05
74.66,0.00045,-7e-05,0,0.00031,6e-05,-0,-8e-05,-2e-05,2e-05,-0,0,3e-05,0,-0.00089,3e-05,1e-05,0,0,3e-05,-1e-05,0.00237,-0.00036,0.00068,0.00032,7e-05,0.00011,8e-05,0.00208,5e-05,-6e-05,-0.00266,0.00019,0,-1e-05
74.68,0.00037,-0.00022,0,0.00027,1e-05,0,-3e-05,3e-05,2e-05,-1e-05,0,3e-05,0,-0.00086,-3e-05,-1e-05,0,0,3e-05,-1e-05,0.00252,-0.00069,0.00074,0.0003,0.00012,0.00015,0.00011,0.0018,2e-05,-8e-05,-0.00163,0.00029,1e-05,-0
74.7,0.0003,-0.00044,0,0.00024,-5e-05,0,0,5e-05,1e-05,-3e-05,0,4e-05,0,-0.00079,-0.0001,-5e-05,1e-05,0,3e-05,-1e-05,0.0027,-0.00108,0.00076,0.00026,0.00016,0.0002,0.00014,0.0011,0,-7e-05,-0.00045,0.00018,1e-05,-0
74.72,0.00024,-0.00071,-0,0.0002,-0.0001,0,2e-05,3e-05,1e-05,-4e-05,0,3e-05,0,-0.0007,-0.00016,-8e-05,2e-05,0,3e-05,-1e-05,0.00288,-0.00145,0.00073,0.00016,0.00017,0.00031,0.00022,0.00016,3e-05,5e-05,0.00079,-0.00018,-4e-05,-2e-05
74.74,0.00018,-0.00097,-1e-05,0.00017,-0.00015,0,1e-05,-0,0,-6e-05,0,3e-05,0,-0.00058,-0.00022,-0.00012,3e-05,0,3e-05,-1e-05,0.00296,-0.0018,0.00066,0,0.00016,0.00045,0.00032,-7e-05,7e-05,0.00027,0.0014,-0.00046,-0.00011,-7e-05
74.76,0.00011,-0.00118,-1e-05,0.00013,-0.00017,0,-2e-05,-5e-05,-0,-7e-05,0,2e-05,0,-0.00045,-0.00028,-0.00015,4e-05,0,3e-05,-0,0.00288,-0.00221,0.00051,-0.00025,0.00015,0.00057,0.0004,0.001,9e-05,0.00067,0.00107,-0.00054,-0.00021,-0.00014
74.78,4e-05,-0.00129,-1e-05,9e-05,-0.00018,0,-7e-05,-0.00012,-1e-05,-8e-05,0,1e-05,0,-0.00031,-0.00031,-0.00018,5e-05,0,2e-05,-0,0.00266,-0.00271,0.0003,-0.00062,0.00012,0.00064,0.00045,0.00385,7e-05,0.00134,-0.00049,-0.00036,-0.00032,-0.00023
74.8,-1e-05,-0.00128,-1e-05,6e-05,-0.00018,0,-0.00015,-0.00018,-2e-05,-8e-05,0,0,0,-0.0002,-0.00033,-0.00021,5e-05,0,2e-05,-0,0.00226,-0.00307,-3e-05,-0.00112,7e-05,0.00067,0.00047,0.00881,1e-05,0.0022,-0.0034,0.00013,-0.00045,-0.00035
74.82,-5e-05,-0.00118,-0,2e-05,-0.00015,0,-0.00022,-0.00023,-3e-05,-8e-05,0,-1e-05,0,-0.0001,-0.00032,-0.00022,4e-05,0,1e-05,0,0.00177,-0.00281,-0.00037,-0.00173,-0,0.00066,0.00045,0.01601,0,0.00289,-0.00819,0.00096,-0.00059,-0.00048
74.84,-7e-05,-0.00097,0,-2e-05,-0.00011,0,-0.00029,-0.00025,-3e-05,-8e-05,0,-1e-05,-0,-2e-05,-0.00028,-0.00021,2e-05,0,1e-05,0,0.0014,-0.00202,-0.00064,-0.00246,-0.00011,0.00052,0.00034,0.02476,0.00014,0.0032,-0.01514,0.00212,-0.00076,-0.00063
74.86,-7e-05,-0.00069,1e-05,-5e-05,-6e-05,0,-0.00035,-0.00024,-2e-05,-7e-05,0,-2e-05,-0,5e-05,-0.00023,-0.0002,1e-05,0,0,0,0.00124,-0.00097,-0.00087,-0.00335,-0.00024,0.00024,0.00012,0.03345,0.00053,0.00317,-0.02326,0.00349,-0.00093,-0.00079
74.88,-7e-05,-0.00035,0,-9e-05,-1e-05,0,-0.00039,-0.00021,-2e-05,-6e-05,0,-2e-05,-0,0.0001,-0.00016,-0.00018,-1e-05,0,0,0,0.00125,0.00026,-0.0011,-0.00453,-0.00041,-0.00019,-0.00021,0.04039,0.0012,0.00262,-0.03108,0.00488,-0.00109,-0.00094
74.9,-7e-05,3e-05,-1e-05,-0.00012,4e-05,0,-0.00042,-0.00016,-1e-05,-4e-05,0,-2e-05,-0,0.00015,-9e-05,-0.00015,-2e-05,0,-0,1e-05,0.00139,0.00168,-0.00123,-0.00568,-0.00051,-0.00072,-0.00057,0.04431,0.00206,0.00123,-0.03793,0.00609,-0.00121,-0.00104
74.92,-7e-05,0.00044,-5e-05,-0.00016,0.0001,0,-0.00042,-9e-05,1e-05,-4e-05,0,-2e-05,-0,0.0002,-3e-05,-0.00012,-3e-05,0,-0,1e-05,0.00164,0.00284,-0.00089,-0.00626,-0.0003,-0.00092,-0.0007,0.04453,0.00286,-0.00084,-0.04358,0.00693,-0.00122,-0.00104
74.94,-7e-05,0.00083,-0.0001,-0.00019,0.00015,0,-0.0004,-2e-05,2e-05,-4e-05,0,-2e-05,-0,0.00024,1e-05,-0.0001,-3e-05,0,-1e-05,1e-05,0.00184,0.00309,-0.0002,-0.00661,8e-05,-0.00077,-0.00058,0.04048,0.00345,-0.00235,-0.04493,0.00716,-0.00113,-0.00094
74.96,-9e-05,0.00123,-0.00015,-0.00023,0.00019,0,-0.00035,6e-05,4e-05,-4e-05,0,-2e-05,-0,0.00028,4e-05,-7e-05,-2e-05,0,-1e-05,1e-05,0.00175,0.0025,0.00041,-0.00696,0.00043,-0.00055,-0.0004,0.03281,0.00371,-0.00278,-0.04061,0.00673,-0.00096,-0.00078
74.98,-0.00011,0.00161,-0.00018,-0.00026,0.00023,0,-0.00028,0.00013,5e-05,-4e-05,0,-2e-05,-0,0.00031,3e-05,-5e-05,-1e-05,0,-1e-05,1e-05,0.0013,0.00146,0.00091,-0.00706,0.00076,-0.00025,-0.00015,0.02346,0.00362,-0.00223,-0.03275,0.00584,-0.00074,-0.00059
75,-0.00015,0.00196,-0.00022,-0.0003,0.00025,0,-0.00019,0.00019,6e-05,-5e-05,0,-1e-05,0,0.00034,-0,-3e-05,1e-05,0,-1e-05,1e-05,0.00051,0.00038,0.00105,-0.00682,0.00093,-4e-05,3e-05,0.01458,0.00318,-0.0011,-0.02297,0.0047,-0.00051,-0.0004
75.02,-0.00022,0.00224,-0.00024,-0.00033,0.00026,0,-0.00011,0.00024,7e-05,-5e-05,0,-1e-05,0,0.00036,-5e-05,-1e-05,2e-05,0,-1e-05,1e-05,-0.00042,-0.0004,0.00071,-0.00631,0.00087,-5e-05,3e-05,0.00772,0.00243,-0.00027,-0.01365,0.00354,-0.00032,-0.00026
75.04,-0.00031,0.00244,-0.00025,-0.00035,0.00026,0,-2e-05,0.00028,7e-05,-5e-05,0,-0,0,0.00037,-0.00011,-1e-05,4e-05,0,-1e-05,1e-05,-0.00131,-0.00079,0.0003,-0.00556,0.00073,-0.0001,-1e-05,0.00322,0.00159,0.00027,-0.00695,0.00254,-0.00018,-0.00015
75.06,-0.00043,0.00259,-0.00025,-0.00036,0.00025,0,6e-05,0.0003,7e-05,-5e-05,0,-0,0,0.00038,-0.00018,-0,6e-05,0,-1e-05,1e-05,-0.00207,-0.00087,6e-05,-0.00464,0.0006,-0.0001,-2e-05,0.0008,0.00086,0.00068,-0.00291,0.00175,-9e-05,-8e-05
75.08,-0.00055,0.00268,-0.00024,-0.00037,0.00023,0,0.00012,0.00031,6e-05,-4e-05,0,0,0,0.00038,-0.00025,0,7e-05,0,-1e-05,1e-05,-0.00266,-0.00075,-3e-05,-0.00355,0.00048,-9e-05,-3e-05,-1e-05,0.00028,0.00093,-0.00082,0.00114,-4e-05,-4e-05
75.1,-0.0007,0.00267,-0.00023,-0.00036,0.0002,0,0.00018,0.00031,5e-05,-3e-05,0,0,0,0.00037,-0.00032,0,9e-05,0,-1e-05,0,-0.0031,-0.00055,-2e-05,-0.00253,0.00037,-7e-05,-2e-05,0.00022,-0.0001,0.00104,2e-05,0.00068,-1e-05,-1e-05
75.12,-0.00089,0.00251,-0.00022,-0.00034,0.00017,0,0.00022,0.00029,3e-05,-2e-05,0,0,0,0.00037,-0.00038,-0,0.00012,0,-1e-05,0,-0.00341,-0.00037,1e-05,-0.00169,0.00028,-5e-05,-2e-05,0.00101,-0.00026,0.00105,0.00017,0.00035,1e-05,1e-05
75.14,-0.0011,0.00223,-0.00021,-0.00032,0.00013,0,0.00025,0.00026,2e-05,-1e-05,0,0,0,0.00038,-0.00043,-0,0.00014,0,-1e-05,0,-0.00363,-0.00024,4e-05,-0.00091,0.00023,-3e-05,-1e-05,0.00198,-0.00021,0.00101,4e-05,0.00012,1e-05,3e-05
75.16,-0.00129,0.00188,-0.0002,-0.00028,9e-05,0,0.00026,0.00023,1e-05,-0,0,0,0,0.00038,-0.00044,-0,0.00016,0,-1e-05,0,-0.00373,-0.00014,3e-05,-0.00019,0.00019,-1e-05,-1e-05,0.00237,1e-05,0.00098,-0.00012,0.00016,0,3e-05
75.18,-0.00146,0.00147,-0.00019,-0.00023,5e-05,0,0.00025,0.00018,-1e-05,1e-05,0,0,1e-05,0.00037,-0.00043,-1e-05,0.00016,0,-1e-05,0,-0.00372,-3e-05,1e-05,0.00034,0.00018,-0,-0,0.00267,0.00028,0.00093,-0.00021,0.00019,-1e-05,3e-05
75.2,-0.00164,0.00103,-0.00018,-0.00018,1e-05,-0,0.00025,0.00014,-2e-05,2e-05,0,0,1e-05,0.00037,-0.0004,-1e-05,0.00016,0,-1e-05,0,-0.00364,0.00011,-3e-05,0.00064,0.00019,1e-05,0,0.00289,0.00058,0.00087,-0.00025,0.00023,-2e-05,3e-05
75.22,-0.00185,0.00063,-0.00017,-0.00013,-2e-05,-0,0.00024,9e-05,-2e-05,4e-05,-0,-0,1e-05,0.00036,-0.00035,-1e-05,0.00015,0,-1e-05,0,-0.00357,0.00031,-4e-05,0.00094,0.00022,1e-05,0,0.00304,0.00092,0.0008,-0.00027,0.00028,-4e-05,3e-05
75.24,-0.00208,0.00024,-0.00017,-9e-05,-5e-05,-0,0.00024,4e-05,-2e-05,5e-05,-0,-0,1e-05,0.00033,-0.0003,-1e-05,0.00013,0,-1e-05,-0,-0.00345,0.00055,-1e-05,0.00124,0.00025,1e-05,0,0.00309,0.00128,0.00073,-0.00025,0.00033,-6e-05,1e-05
75.26,-0.0023,-0.00016,-0.00017,-5e-05,-8e-05,-0,0.00023,-0,-1e-05,6e-05,-0,-0,1e-05,0.00028,-0.00023,-1e-05,0.00011,0,-1e-05,-0,-0.00326,0.00079,5e-05,0.00136,0.00029,1e-05,0,0.00307,0.00163,0.00065,-0.00022,0.00037,-8e-05,-1e-05
75.28,-0.0025,-0.00054,-0.00018,-1e-05,-9e-05,0,0.00022,-3e-05,-0,8e-05,-0,-0,1e-05,0.00022,-0.00017,-1e-05,0.0001,0,-1e-05,-0,-0.00305,0.00102,0.00012,0.00142,0.00031,1e-05,0,0.00294,0.00195,0.00056,-0.00019,0.00042,-0.0001,-4e-05
75.3,-0.00263,-0.00086,-0.00021,2e-05,-9e-05,0,0.00019,-5e-05,1e-05,9e-05,-0,-0,2e-05,0.00014,-0.00011,-1e-05,9e-05,0,-0,-0,-0.00286,0.00122,0.00019,0.00136,0.00031,1e-05,0,0.00272,0.00222,0.00045,-0.00015,0.00046,-0.00013,-7e-05
75.32,-0.00266,-0.00107,-0.00024,4e-05,-7e-05,0,0.00015,-5e-05,2e-05,0.00011,-0,-0,2e-05,4e-05,-6e-05,-1e-05,7e-05,0,-0,-0,-0.00273,0.00139,0.00024,0.0011,0.0003,1e-05,0,0.00243,0.00243,0.00032,-0.00011,0.00049,-0.00014,-0.00011
75.34,-0.00255,-0.00117,-0.00027,7e-05,-4e-05,0,0.00011,-5e-05,3e-05,0.00013,-0,-0,2e-05,-7e-05,-1e-05,-2e-05,6e-05,0,-0,-0,-0.00268,0.00153,0.00025,0.0008,0.00026,1e-05,0,0.00207,0.00256,0.00018,-7e-05,0.00051,-0.00014,-0.00014
75.36,-0.00227,-0.00118,-0.00031,0.00011,2e-05,0,8e-05,-4e-05,4e-05,0.00014,-0,-0,1e-05,-0.00019,2e-05,-2e-05,4e-05,0,-0,-0,-0.0027,0.00163,0.00021,0.00056,0.00015,1e-05,0,0.00166,0.0026,1e-05,-4e-05,0.00052,-0.00013,-0.00017
75.38,-0.00183,-0.00108,-0.00033,0.00016,0.0001,0,5e-05,-2e-05,4e-05,0.00016,-0,-0,1e-05,-0.00032,5e-05,-2e-05,3e-05,0,-0,-0,-0.00276,0.00168,0.00011,0.00038,-2e-05,0,0,0.00121,0.00256,-0.00016,-2e-05,0.00052,-0.00012,-0.00021
75.4,-0.00118,-0.00088,-0.00034,0.00022,0.00018,0,2e-05,0,3e-05,0.00016,-0,-0,1e-05,-0.00044,7e-05,-2e-05,1e-05,0,-1e-05,0,-0.00285,0.00166,-3e-05,0.00028,-0.00023,-1e-05,-0,0.00075,0.00248,-0.00034,-0,0.00049,-9e-05,-0.00022
75.42,-0.00037,-0.00061,-0.00032,0.00029,0.00028,0,-2e-05,2e-05,3e-05,0.00016,-0,-0,0,-0.00053,9e-05,-3e-05,-1e-05,-0,-1e-05,0,-0.00293,0.00157,-0.00017,0.0003,-0.00037,-1e-05,-0,0.0003,0.00238,-0.00049,1e-05,0.00044,-2e-05,-0.00017
75.44,0.00052,-0.0003,-0.00026,0.00037,0.00036,-0,-4e-05,3e-05,2e-05,0.00015,-0,-0,0,-0.00059,0.0001,-3e-05,-4e-05,-0,-1e-05,0,-0.00296,0.00141,-0.00028,0.00037,-0.00041,-1e-05,-0,-0.00012,0.00231,-0.00061,1e-05,0.00037,7e-05,-9e-05
75.46,0.00146,2e-05,-0.00018,0.00046,0.00043,-0,-6e-05,4e-05,2e-05,0.00014,-0,-0,-0,-0.00063,0.0001,-4e-05,-8e-05,-0,-1e-05,0,-0.00293,0.0012,-0.00036,0.00045,-0.00039,-1e-05,-0,-0.00052,0.00232,-0.00071,2e-05,0.00029,0.00016,0
75.48,0.00243,0.00032,-7e-05,0.00055,0.00049,-0,-8e-05,5e-05,1e-05,0.00012,-0,-0,-1e-05,-0.00067,0.0001,-4e-05,-0.00012,-0,-1e-05,0,-0.00285,0.00097,-0.00039,0.00054,-0.00032,-1e-05,-0,-0.00091,0.00241,-0.00078,2e-05,0.0002,0.00024,0.0001
75.5,0.00337,0.0006,4e-05,0.00065,0.00054,-0,-9e-05,6e-05,2e-05,9e-05,-0,-0,-1e-05,-0.00068,0.0001,-5e-05,-0.00017,-0,-1e-05,0,-0.00273,0.00072,-0.00038,0.00058,-0.00024,-1e-05,-0,-0.00132,0.00258,-0.00083,2e-05,9e-05,0.00031,0.00018
75.52,0.00415,0.00084,0.00014,0.00073,0.00056,-0,-9e-05,6e-05,3e-05,7e-05,-0,-0,-1e-05,-0.00065,9e-05,-6e-05,-0.00019,-0,-1e-05,0,-0.00258,0.00047,-0.00035,0.00052,-0.00021,-1e-05,-0,-0.00171,0.00281,-0.00083,1e-05,-2e-05,0.00037,0.00026
75.54,0.00474,0.00103,0.00021,0.0008,0.00057,-0,-9e-05,6e-05,4e-05,5e-05,-0,-0,-1e-05,-0.0006,7e-05,-7e-05,-0.00019,-0,-1e-05,-0,-0.0024,0.00024,-0.0003,0.00042,-0.00017,-0,-0,-0.00212,0.00309,-0.00081,1e-05,-0.00013,0.0004,0.0003
75.56,0.00519,0.00118,0.00026,0.00086,0.00056,-0,-8e-05,6e-05,6e-05,3e-05,-0,-0,-1e-05,-0.00056,5e-05,-8e-05,-0.00019,-0,-1e-05,-0,-0.00218,4e-05,-0.00022,0.0003,-0.00011,-0,0,-0.0026,0.0034,-0.00077,1e-05,-0.00023,0.0004,0.00031
75.58,0.00548,0.0013,0.00027,0.00091,0.00055,-0,-5e-05,7e-05,8e-05,3e-05,-0,-0,-1e-05,-0.00051,3e-05,-9e-05,-0.00018,-0,-1e-05,-0,-0.00194,-0.00014,-0.00011,0.00015,-5e-05,0,0,-0.00318,0.00373,-0.00072,0,-0.00033,0.00037,0.0003
75.6,0.0056,0.00139,0.00026,0.00094,0.00052,-0,-2e-05,7e-05,0.00011,4e-05,-0,-0,-1e-05,-0.00046,-1e-05,-0.0001,-0.00017,-0,-1e-05,-1e-05,-0.00168,-0.00032,0,-4e-05,2e-05,1e-05,0,-0.0038,0.00405,-0.00066,0,-0.0004,0.00029,0.00024
75.62,0.0055,0.00144,0.00023,0.00095,0.00049,-0,-1e-05,8e-05,0.00015,5e-05,-0,-0,-1e-05,-0.00041,-4e-05,-0.00011,-0.00015,-0,-1e-05,-1e-05,-0.00142,-0.00049,0.00013,-0.00021,9e-05,1e-05,0,-0.00438,0.00434,-0.00059,-0,-0.00042,0.00018,0.00014
75.64,0.00523,0.00148,0.00019,0.00095,0.00046,-0,1e-05,9e-05,0.00019,7e-05,-0,0,-1e-05,-0.00036,-8e-05,-0.00011,-0.00012,-0,-1e-05,-1e-05,-0.00115,-0.00066,0.00027,-0.00034,0.00016,2e-05,0,-0.0049,0.00458,-0.00052,-1e-05,-0.00042,9e-05,6e-05
75.66,0.00484,0.0015,0.00014,0.00094,0.00043,-0,2e-05,0.0001,0.00022,0.0001,-0,0,-1e-05,-0.0003,-0.00013,-0.00011,-9e-05,-0,-1e-05,-1e-05,-0.00085,-0.00084,0.0004,-0.00043,0.00022,2e-05,0,-0.00535,0.00476,-0.00044,-1e-05,-0.00039,3e-05,2e-05
75.68,0.00433,0.00153,0.0001,0.00092,0.00039,-0,4e-05,0.00011,0.00025,0.00012,-0,0,-0,-0.00025,-0.00017,-0.00012,-6e-05,-0,-1e-05,-1e-05,-0.00054,-0.00102,0.00051,-0.00048,0.00027,2e-05,0,-0.00567,0.00486,-0.00036,-1e-05,-0.00035,0,-0
75.7,0.00374,0.00154,7e-05,0.00089,0.00036,-0,4e-05,0.00012,0.00027,0.00014,-0,0,-0,-0.00021,-0.00022,-0.00011,-4e-05,-0,-1e-05,-1e-05,-0.00021,-0.00119,0.00059,-0.0005,0.0003,2e-05,0,-0.00576,0.00487,-0.00028,-1e-05,-0.00031,-0,-0
75.72,0.0031,0.00154,5e-05,0.00084,0.00033,-0,3e-05,0.00013,0.00029,0.00016,-0,0,-0,-0.00017,-0.00025,-0.00011,-3e-05,-0,-1e-05,-1e-05,0.00013,-0.00133,0.00063,-0.00046,0.00034,2e-05,0,-0.00558,0.00478,-0.00021,-1e-05,-0.00028,1e-05,1e-05
75.74,0.00241,0.00151,3e-05,0.00079,0.00029,-0,1e-05,0.00014,0.00029,0.00018,-0,0,-0,-0.00013,-0.00028,-0.0001,-2e-05,-0,-1e-05,-1e-05,0.00046,-0.00143,0.00061,-0.00038,0.00034,2e-05,1e-05,-0.00514,0.00456,-0.00015,-1e-05,-0.00026,2e-05,3e-05
75.76,0.0017,0.00148,2e-05,0.00073,0.00025,-0,-0,0.00014,0.00028,0.00018,-0,-0,-0,-0.0001,-0.00029,-8e-05,-1e-05,-0,-1e-05,-1e-05,0.00075,-0.00148,0.00053,-0.00028,0.00027,2e-05,0,-0.00449,0.00422,-9e-05,-1e-05,-0.00023,5e-05,5e-05
75.78,0.00098,0.00142,2e-05,0.00066,0.00021,-0,-3e-05,0.00014,0.00027,0.00017,-0,-0,-0,-6e-05,-0.00028,-7e-05,-0,-0,-1e-05,-1e-05,0.001,-0.00147,0.0004,-0.00016,0.00015,0,0,-0.00365,0.00378,-3e-05,-1e-05,-0.00021,8e-05,7e-05
75.8,0.00036,0.00134,1e-05,0.00058,0.00018,-0,-4e-05,0.00013,0.00024,0.00015,-0,-0,-0,-3e-05,-0.00026,-6e-05,0,-0,-1e-05,-0,0.00117,-0.00138,0.00023,-3e-05,-2e-05,-1e-05,-0,-0.00278,0.00323,1e-05,-1e-05,-0.00019,0.0001,9e-05
75.82,-7e-05,0.00121,1e-05,0.00051,0.00014,-0,-5e-05,0.00011,0.00021,0.00011,-0,-0,-0,-1e-05,-0.00022,-4e-05,0,-0,-1e-05,-0,0.0013,-0.00122,5e-05,0.0001,-0.00016,-3e-05,-1e-05,-0.00203,0.00259,6e-05,-1e-05,-0.00017,0.00012,0.00011
75.84,-0.00037,0.00104,-1e-05,0.00045,0.00011,-0,-5e-05,9e-05,0.00018,8e-05,-0,-0,-0,1e-05,-0.00017,-3e-05,-0,-0,-0,-0,0.00139,-0.001,-0.00011,0.00021,-0.00023,-3e-05,-1e-05,-0.00137,0.00197,0.00011,-1e-05,-0.00015,0.00014,0.00012
75.86,-0.00058,0.00082,-3e-05,0.00038,8e-05,-0,-2e-05,6e-05,0.00015,4e-05,-0,-0,-0,3e-05,-0.0001,-2e-05,-1e-05,-0,-0,0,0.00144,-0.00077,-0.00023,0.00028,-0.00024,-3e-05,-1e-05,-0.00082,0.00142,0.00018,-0,-0.00013,0.00015,0.00012
75.88,-0.0007,0.00053,-6e-05,0.00031,5e-05,-0,2e-05,3e-05,0.00012,1e-05,-0,-0,-0,3e-05,-4e-05,-1e-05,-3e-05,-0,-0,0,0.00147,-0.00054,-0.00031,0.00033,-0.0002,-2e-05,-1e-05,-0.0004,0.00095,0.00024,-0,-0.00012,0.00015,0.00012
75.9,-0.00067,0.00018,-0.0001,0.00025,1e-05,-0,6e-05,-1e-05,9e-05,-2e-05,-0,-0,-0,2e-05,1e-05,-1e-05,-5e-05,-0,-0,0,0.0015,-0.00033,-0.00034,0.00032,-0.00014,-1e-05,-0,-0.0001,0.00058,0.0003,-0,-0.0001,0.00014,0.0001
75.92,-0.0005,-0.00021,-0.00015,0.00021,-2e-05,0,0.0001,-5e-05,7e-05,-4e-05,-0,0,-0,1e-05,5e-05,-0,-7e-05,-0,-0,0,0.00154,-0.00018,-0.00032,0.00026,-9e-05,-1e-05,-0,9e-05,0.00031,0.00036,-0,-9e-05,0.00012,8e-05
75.94,-0.00031,-0.0006,-0.00021,0.00017,-6e-05,0,0.00014,-8e-05,5e-05,-5e-05,-0,0,0,0,7e-05,0,-9e-05,-0,0,0,0.00157,-8e-05,-0.00028,0.0002,-4e-05,-0,-0,0.0002,0.00013,0.00041,-0,-7e-05,0.0001,6e-05
75.96,-0.00017,-0.00092,-0.00026,0.00013,-9e-05,0,0.00017,-0.0001,4e-05,-6e-05,-0,0,0,-2e-05,8e-05,0,-0.00011,-0,0,0,0.0016,-2e-05,-0.00022,0.00017,2e-05,0,-0,0.00026,4e-05,0.00044,-0,-6e-05,7e-05,4e-05
75.98,-6e-05,-0.00113,-0.00031,0.0001,-0.00013,0,0.0002,-0.00012,3e-05,-7e-05,-0,0,0,-5e-05,6e-05,1e-05,-0.00013,-0,0,0,0.00162,-1e-05,-0.00015,0.00018,7e-05,1e-05,0,0.00028,-0,0.00047,-0,-5e-05,5e-05,2e-05
76,1e-05,-0.00123,-0.00034,6e-05,-0.00015,0,0.00019,-0.00012,3e-05,-7e-05,-0,0,0,-9e-05,4e-05,1e-05,-0.00014,-0,0,0,0.00161,-3e-05,-0.0001,0.00021,0.00011,1e-05,0,0.0003,-2e-05,0.00047,-0,-3e-05,3e-05,1e-05
76.02,3e-05,-0.00122,-0.00035,3e-05,-0.00017,0,0.00015,-0.00012,2e-05,-6e-05,-0,-0,0,-0.00011,1e-05,1e-05,-0.00014,-0,0,0,0.00158,-8e-05,-6e-05,0.00027,0.00016,2e-05,0,0.0003,-3e-05,0.00046,0,-2e-05,1e-05,-0
76.04,2e-05,-0.00114,-0.00034,-1e-05,-0.00017,0,9e-05,-0.00011,2e-05,-6e-05,-0,-0,0,-0.00013,-2e-05,1e-05,-0.00014,-0,0,0,0.00154,-0.00016,-4e-05,0.00033,0.00018,2e-05,0,0.0003,-7e-05,0.00043,0,-2e-05,1e-05,-0
76.06,0,-0.00102,-0.00031,-4e-05,-0.00015,0,1e-05,-9e-05,2e-05,-5e-05,-0,-0,0,-0.00015,-5e-05,2e-05,-0.00013,-0,-0,0,0.00151,-0.00025,-3e-05,0.00035,0.00016,2e-05,0,0.00029,-0.00014,0.00038,0,-1e-05,1e-05,-0
76.08,-0,-0.00091,-0.00028,-6e-05,-0.00013,0,-8e-05,-7e-05,1e-05,-5e-05,-0,-0,-0,-0.00015,-8e-05,2e-05,-0.00011,-0,-0,0,0.00148,-0.00036,-4e-05,0.00026,0.0001,1e-05,0,0.00026,-0.00025,0.00034,0,-0,1e-05,0
76.1,0,-0.00081,-0.00025,-8e-05,-0.0001,0,-0.00018,-5e-05,1e-05,-4e-05,-0,-1e-05,-0,-0.00015,-9e-05,2e-05,-9e-05,-0,-0,0,0.00141,-0.00046,-6e-05,0.00015,0,-1e-05,-0,0.00022,-0.0004,0.00028,0,0,2e-05,1e-05
76.12,0,-0.00076,-0.00022,-8e-05,-7e-05,0,-0.00029,-4e-05,1e-05,-4e-05,-0,-1e-05,-0,-0.00015,-9e-05,2e-05,-7e-05,-0,-0,0,0.00126,-0.00051,-9e-05,0.00026,-0.0001,-2e-05,-0,0.00017,-0.00058,0.00022,0,1e-05,3e-05,2e-05
76.14,-2e-05,-0.00075,-0.0002,-8e-05,-4e-05,0,-0.00037,-2e-05,1e-05,-3e-05,-0,-1e-05,-0,-0.00015,-8e-05,2e-05,-5e-05,-0,-0,0,0.001,-0.00051,-0.00013,0.00044,-0.00015,-2e-05,-0,0.0001,-0.00078,0.00017,0,1e-05,4e-05,2e-05
76.16,-5e-05,-0.00078,-0.00019,-7e-05,-1e-05,0,-0.00044,-2e-05,1e-05,-3e-05,-0,-1e-05,-0,-0.00014,-6e-05,1e-05,-4e-05,-0,-0,0,0.00062,-0.00049,-0.00017,0.00051,-0.00018,-2e-05,-0,3e-05,-0.00098,0.00012,0,0,4e-05,3e-05
76.18,-0.00011,-0.00083,-0.00019,-5e-05,-0,0,-0.00048,-1e-05,0,-3e-05,-0,-0,-0,-0.00011,-3e-05,0,-3e-05,-0,-0,0,0.00012,-0.00045,-0.00021,0.00057,-0.00017,-2e-05,-0,-5e-05,-0.00117,8e-05,0,0,5e-05,3e-05
76.2,-0.00019,-0.00086,-0.0002,-4e-05,0,0,-0.00049,-1e-05,0,-4e-05,-0,-0,-0,-9e-05,-0,-1e-05,-3e-05,-0,-0,0,-0.00048,-0.00042,-0.00025,0.00056,-0.00015,-2e-05,-0,-0.00013,-0.00133,4e-05,0,0,4e-05,3e-05
76.22,-0.00029,-0.00085,-0.00021,-1e-05,0,0,-0.00048,-1e-05,0,-5e-05,-0,-0,-0,-7e-05,2e-05,-2e-05,-4e-05,-0,-0,0,-0.00112,-0.00044,-0.00029,0.00044,-0.00014,-1e-05,-0,-0.0002,-0.00145,1e-05,0,-0,4e-05,3e-05
76.24,-0.00038,-0.00079,-0.00022,1e-05,-0,0,-0.00045,-1e-05,0,-6e-05,-0,-0,-0,-4e-05,4e-05,-3e-05,-6e-05,-0,-0,0,-0.00176,-0.00044,-0.00031,0.00032,-0.00012,-1e-05,-0,-0.00025,-0.00151,-1e-05,0,0,3e-05,2e-05
76.26,-0.00042,-0.00068,-0.00022,3e-05,-1e-05,0,-0.0004,-1e-05,1e-05,-6e-05,-0,0,0,-2e-05,4e-05,-4e-05,-8e-05,-0,-0,-0,-0.00235,-0.00041,-0.00031,0.00025,-9e-05,-1e-05,-0,-0.00029,-0.00149,-4e-05,0,0,2e-05,1e-05
76.28,-0.00042,-0.00053,-0.00021,7e-05,-2e-05,0,-0.00033,-1e-05,1e-05,-7e-05,-0,0,0,0,4e-05,-4e-05,-0.0001,-0,-0,-0,-0.00285,-0.00034,-0.0003,0.00019,-7e-05,-1e-05,-0,-0.00031,-0.0014,-6e-05,0,1e-05,1e-05,1e-05
76.3,-0.00036,-0.00036,-0.00019,0.00011,-3e-05,0,-0.00026,-1e-05,1e-05,-8e-05,-0,0,0,2e-05,2e-05,-4e-05,-0.00013,-0,-0,-0,-0.00322,-0.00026,-0.00026,0.0001,-4e-05,-1e-05,-0,-0.0003,-0.00125,-9e-05,0,2e-05,0,0
76.32,-0.00026,-0.00019,-0.00016,0.00017,-4e-05,0,-0.0002,-1e-05,1e-05,-8e-05,-0,0,0,4e-05,-0,-4e-05,-0.00014,-0,-0,-0,-0.00344,-0.00016,-0.00022,-1e-05,-2e-05,-0,-0,-0.00027,-0.00106,-0.00012,0,3e-05,-1e-05,-0
76.34,-0.00014,-5e-05,-0.00012,0.00025,-5e-05,0,-0.00015,-0,2e-05,-8e-05,-0,0,0,6e-05,-4e-05,-3e-05,-0.00015,-0,-0,-0,-0.00348,-5e-05,-0.00017,-0.0001,-1e-05,-0,-0,-0.00023,-0.00084,-0.00015,0,4e-05,-1e-05,-1e-05
76.36,-4e-05,5e-05,-7e-05,0.00035,-5e-05,0,-0.00011,-0,2e-05,-8e-05,-0,0,0,7e-05,-8e-05,-2e-05,-0.00014,-0,-0,-0,-0.00332,6e-05,-0.00012,-0.00019,0,-0,-0,-0.00016,-0.0006,-0.00019,0,6e-05,-2e-05,-1e-05
76.38,3e-05,0.00011,-3e-05,0.00047,-5e-05,0,-8e-05,0,1e-05,-7e-05,-0,0,0,9e-05,-0.00011,-2e-05,-0.00013,-0,-0,-0,-0.003,0.00016,-7e-05,-0.00026,1e-05,-0,-0,-8e-05,-0.00037,-0.00023,0,7e-05,-3e-05,-2e-05
76.4,6e-05,0.00012,1e-05,0.00061,-4e-05,0,-5e-05,-0,1e-05,-7e-05,-0,0,0,0.0001,-0.00015,-1e-05,-0.00012,-0,-0,-0,-0.00258,0.00024,-3e-05,-0.00032,1e-05,0,0,2e-05,-0.00014,-0.00026,0,9e-05,-3e-05,-2e-05
76.42,6e-05,9e-05,4e-05,0.00075,-4e-05,0,-4e-05,-0,-0,-6e-05,-0,0,0,0.00011,-0.00017,-0,-0.0001,-0,-0,-0,-0.00214,0.0003,1e-05,-0.00036,1e-05,0,0,0.00012,4e-05,-0.00028,0,0.0001,-4e-05,-2e-05
76.44,1e-05,3e-05,5e-05,0.00088,-3e-05,0,-3e-05,-1e-05,-1e-05,-7e-05,-0,0,0,0.00011,-0.00019,-0,-8e-05,-0,-0,-0,-0.00168,0.00034,4e-05,-0.00039,1e-05,0,0,0.00024,0.00018,-0.00028,0,0.00012,-4e-05,-2e-05
76.46,-6e-05,-4e-05,6e-05,0.001,-2e-05,0,-2e-05,-1e-05,-2e-05,-8e-05,-0,0,0,0.00011,-0.00018,0,-7e-05,-0,-0,-0,-0.00125,0.00035,6e-05,-0.00038,1e-05,0,0,0.00036,0.00026,-0.00027,0,0.00014,-3e-05,-1e-05
76.48,-0.00015,-0.0001,6e-05,0.00111,-1e-05,0,-2e-05,-1e-05,-4e-05,-9e-05,-0,-0,0,0.00011,-0.00017,-0,-5e-05,-0,-0,-0,-0.00087,0.00035,8e-05,-0.00036,1e-05,0,0,0.00048,0.00029,-0.00025,0,0.00015,-3e-05,-1e-05
76.5,-0.00024,-0.00016,5e-05,0.00117,-1e-05,0,-2e-05,-2e-05,-5e-05,-0.00011,-0,-0,0,0.00011,-0.00014,-0,-3e-05,-0,-0,0,-0.00055,0.00033,0.0001,-0.00033,0,0,0,0.00058,0.00027,-0.00023,0,0.00015,-2e-05,-0
76.52,-0.00035,-0.0002,4e-05,0.00117,-1e-05,-0,-2e-05,-2e-05,-6e-05,-0.00013,-0,-0,0,0.00011,-0.00011,-0,-2e-05,-0,-0,0,-0.00031,0.00029,0.0001,-0.00029,0,0,0,0.00065,0.00022,-0.0002,0,0.00015,-1e-05,1e-05
76.54,-0.00048,-0.00022,4e-05,0.00111,-0,-0,-1e-05,-2e-05,-7e-05,-0.00016,-0,-0,0,0.00012,-8e-05,-1e-05,-1e-05,-0,-0,0,-0.00015,0.00025,0.00011,-0.00025,0,0,0,0.00068,0.00016,-0.00017,0,0.00015,-1e-05,1e-05
76.56,-0.00063,-0.00024,3e-05,0.00101,-0,-0,-0,-2e-05,-8e-05,-0.00019,-0,-0,0,0.00012,-4e-05,-1e-05,-1e-05,-0,-0,0,-6e-05,0.00021,0.00011,-0.00021,0,0,0,0.00068,9e-05,-0.00013,0,0.00014,0,2e-05
76.58,-0.00079,-0.00025,3e-05,0.00088,-0,-0,1e-05,-1e-05,-9e-05,-0.00021,-0,-0,0,0.00012,-1e-05,-1e-05,-0,-0,-0,0,-4e-05,0.00018,0.00011,-0.00018,0,0,0,0.00065,3e-05,-0.0001,0,0.00014,1e-05,3e-05
76.6,-0.00099,-0.00026,3e-05,0.00073,-0,-0,2e-05,-1e-05,-9e-05,-0.00023,-0,-0,0,0.00012,1e-05,-0,-0,-0,-0,0,-7e-05,0.00015,0.00011,-0.00016,0,0,0,0.00058,-3e-05,-7e-05,0,0.00012,1e-05,3e-05
76.62,-0.00127,-0.00026,3e-05,0.00058,0,-0,3e-05,-0,-0.0001,-0.00024,-0,-0,0,0.00012,4e-05,-0,-0,-0,-0,0,-0.00013,0.00013,0.0001,-0.00014,0,0,0,0.00048,-6e-05,-5e-05,0,0.00011,2e-05,3e-05
76.64,-0.00159,-0.00026,3e-05,0.00043,0,-0,5e-05,0,-0.0001,-0.00025,-0,-0,0,0.00012,5e-05,-0,-0,-0,-0,1e-05,-0.00021,0.00011,0.0001,-0.00013,0,0,0,0.00037,-8e-05,-4e-05,0,0.0001,2e-05,3e-05
76.66,-0.00191,-0.00026,3e-05,0.00029,0,-0,6e-05,1e-05,-0.0001,-0.00024,-0,-0,0,0.00011,7e-05,0,-0,-0,-0,1e-05,-0.00031,0.0001,0.0001,-0.00012,0,0,-0,0.00025,-8e-05,-3e-05,0,8e-05,2e-05,2e-05
76.68,-0.00223,-0.00026,3e-05,0.00018,0,-0,7e-05,1e-05,-0.0001,-0.00022,-0,-0,0,0.00011,8e-05,0,-0,-0,-0,1e-05,-0.00041,9e-05,9e-05,-0.00012,0,-0,-0,0.00014,-7e-05,-2e-05,0,6e-05,2e-05,2e-05
76.7,-0.00253,-0.00026,3e-05,9e-05,-0,-0,7e-05,1e-05,-0.0001,-0.0002,-0,-0,0,0.0001,9e-05,0,-0,-0,-0,1e-05,-0.0005,9e-05,8e-05,-0.00012,1e-05,-0,-0,2e-05,-4e-05,-2e-05,0,5e-05,1e-05,1e-05
76.72,-0.00277,-0.00026,2e-05,3e-05,-0,-0,8e-05,1e-05,-9e-05,-0.00018,-0,-0,0,9e-05,0.0001,0,0,-0,-0,1e-05,-0.00057,0.0001,7e-05,-0.00011,1e-05,-0,-0,-8e-05,-0,-2e-05,0,3e-05,1e-05,-0
76.74,-0.00294,-0.00026,2e-05,-1e-05,-1e-05,-0,8e-05,1e-05,-8e-05,-0.00016,-0,-0,0,8e-05,0.0001,0,0,-0,-0,1e-05,-0.00063,0.00011,5e-05,-0.00011,1e-05,-0,-0,-0.00017,4e-05,-3e-05,0,2e-05,-0,-1e-05
76.76,-0.00303,-0.00026,2e-05,-4e-05,-1e-05,-0,7e-05,1e-05,-7e-05,-0.00013,-0,-0,0,8e-05,0.00011,0,1e-05,-0,-0,1e-05,-0.00068,0.00013,3e-05,-0.0001,1e-05,-0,-0,-0.00026,9e-05,-3e-05,0,0,-1e-05,-2e-05
76.78,-0.00301,-0.00026,2e-05,-4e-05,-1e-05,-0,7e-05,0,-6e-05,-0.00011,0,-0,0,7e-05,0.00011,0,1e-05,-0,-0,1e-05,-0.0007,0.00015,-0,-9e-05,1e-05,-0,-0,-0.00033,0.00014,-3e-05,0,-1e-05,-1e-05,-3e-05
76.8,-0.00288,-0.00027,1e-05,-4e-05,-1e-05,-0,6e-05,0,-5e-05,-9e-05,0,-0,0,7e-05,0.00011,0,2e-05,-0,-0,1e-05,-0.0007,0.00017,-3e-05,-7e-05,1e-05,-0,-0,-0.00038,0.00018,-3e-05,0,-2e-05,-2e-05,-3e-05
76.82,-0.00265,-0.00026,1e-05,-3e-05,-1e-05,-0,5e-05,-0,-4e-05,-7e-05,-0,-0,0,8e-05,0.00011,-0,2e-05,-0,-0,1e-05,-0.00069,0.00018,-5e-05,-5e-05,1e-05,-0,-0,-0.00042,0.00022,-2e-05,0,-3e-05,-2e-05,-2e-05
76.84,-0.00234,-0.00026,0,-2e-05,-1e-05,-0,3e-05,-1e-05,-3e-05,-6e-05,-0,-0,0,9e-05,0.00011,-0,3e-05,-0,-0,1e-05,-0.00067,0.00019,-7e-05,-4e-05,0,-0,-0,-0.00044,0.00025,-0,0,-3e-05,-1e-05,-2e-05
76.86,-0.00199,-0.00025,-0,-1e-05,-1e-05,-0,1e-05,-1e-05,-2e-05,-5e-05,-0,-0,0,0.0001,0.00011,-0,4e-05,-0,-0,0,-0.00062,0.00018,-7e-05,-2e-05,0,-0,-0,-0.00044,0.00028,1e-05,-0,-3e-05,0,-1e-05
76.88,-0.00163,-0.00024,-1e-05,-1e-05,-1e-05,-0,-1e-05,-2e-05,-1e-05,-4e-05,-0,-0,0,0.00012,0.00011,-1e-05,4e-05,-0,-0,0,-0.00056,0.00015,-6e-05,-0,0,-0,-0,-0.00043,0.00029,4e-05,-0,-3e-05,2e-05,1e-05
76.9,-0.00126,-0.00022,-1e-05,-0,-1e-05,0,-3e-05,-2e-05,-1e-05,-3e-05,-0,-0,0,0.00014,0.0001,-1e-05,5e-05,-0,-0,0,-0.00048,0.00012,-5e-05,1e-05,0,-0,-0,-0.00041,0.0003,6e-05,-0,-3e-05,4e-05,2e-05
76.92,-0.00092,-0.0002,-1e-05,0,-1e-05,0,-5e-05,-2e-05,-0,-3e-05,-0,-0,0,0.00016,0.0001,-1e-05,5e-05,-0,-0,0,-0.00039,9e-05,-4e-05,3e-05,0,-0,-0,-0.00037,0.0003,8e-05,-1e-05,-4e-05,5e-05,3e-05
76.94,-0.00062,-0.00018,-1e-05,0,-1e-05,0,-7e-05,-2e-05,0,-2e-05,-0,-0,0,0.00018,9e-05,-1e-05,6e-05,-0,-0,0,-0.00029,5e-05,-2e-05,4e-05,0,-0,-0,-0.00033,0.00028,0.0001,-1e-05,-4e-05,7e-05,4e-05
76.96,-0.00039,-0.00016,-1e-05,-0,-0,0,-9e-05,-2e-05,0,-2e-05,0,-0,0,0.0002,9e-05,-1e-05,6e-05,-0,-0,0,-0.00017,2e-05,-2e-05,6e-05,0,-0,-0,-0.00028,0.00026,0.00011,-1e-05,-5e-05,8e-05,5e-05
76.98,-0.00023,-0.00014,-0,-1e-05,-0,0,-0.00011,-2e-05,1e-05,-3e-05,-0,-0,0,0.00022,9e-05,-1e-05,7e-05,-0,-0,0,-5e-05,-1e-05,-2e-05,7e-05,0,-0,-0,-0.00023,0.00022,0.00011,-2e-05,-6e-05,8e-05,5e-05
77,-0.00012,-0.00013,-0,-1e-05,-0,0,-0.00013,-2e-05,1e-05,-3e-05,-0,-0,0,0.00024,9e-05,-2e-05,7e-05,-0,0,0,9e-05,-5e-05,-3e-05,9e-05,0,-0,-0,-0.00018,0.00018,0.0001,-2e-05,-7e-05,7e-05,5e-05
77.02,-8e-05,-0.00011,0,-1e-05,-1e-05,0,-0.00013,-2e-05,1e-05,-3e-05,-0,-0,0,0.00026,0.0001,-2e-05,8e-05,-0,0,0,0.00022,-8e-05,-3e-05,0.0001,0,-0,-0,-0.00013,0.00012,9e-05,-3e-05,-8e-05,6e-05,4e-05
77.04,-7e-05,-9e-05,0,-1e-05,-1e-05,0,-0.00013,-2e-05,1e-05,-3e-05,-0,0,0,0.00027,0.00011,-2e-05,8e-05,-0,0,0,0.00036,-0.00013,-5e-05,0.00012,0,-0,-0,-8e-05,5e-05,7e-05,-3e-05,-0.0001,5e-05,3e-05
77.06,-0.00011,-8e-05,0,-1e-05,-1e-05,0,-0.00012,-2e-05,2e-05,-4e-05,-0,0,0,0.00029,0.00012,-3e-05,8e-05,-0,0,0,0.00049,-0.00017,-6e-05,0.00014,0,-0,-0,-5e-05,-3e-05,7e-05,-3e-05,-0.00011,4e-05,2e-05
77.08,-0.00016,-6e-05,-0,-0,-1e-05,0,-9e-05,-2e-05,2e-05,-4e-05,-0,0,0,0.00031,0.00015,-3e-05,8e-05,-0,0,0,0.00062,-0.00023,-7e-05,0.00017,1e-05,-0,-0,-3e-05,-0.00013,7e-05,-3e-05,-0.00012,3e-05,2e-05
77.1,-0.00023,-5e-05,-1e-05,1e-05,-1e-05,0,-6e-05,-2e-05,2e-05,-4e-05,-0,0,0,0.00032,0.00019,-4e-05,8e-05,-0,0,0,0.00074,-0.00029,-9e-05,0.00019,1e-05,-0,-0,-2e-05,-0.00025,7e-05,-3e-05,-0.00013,3e-05,2e-05
77.12,-0.00028,-3e-05,-2e-05,3e-05,-1e-05,-0,-2e-05,-2e-05,2e-05,-3e-05,-0,0,-0,0.00034,0.00024,-4e-05,7e-05,-0,0,0,0.00085,-0.00035,-0.00011,0.00022,1e-05,-0,-0,-2e-05,-0.00037,9e-05,-2e-05,-0.00014,3e-05,1e-05
77.14,-0.00031,0,-3e-05,7e-05,-1e-05,-0,3e-05,-3e-05,2e-05,-3e-05,-0,0,-0,0.00035,0.0003,-4e-05,7e-05,-0,0,0,0.00095,-0.00042,-0.00013,0.00025,1e-05,-0,-0,-5e-05,-0.00051,0.00012,0,-0.00014,3e-05,2e-05
77.16,-0.00028,3e-05,-4e-05,0.00013,-2e-05,-0,9e-05,-3e-05,2e-05,-2e-05,-0,0,-0,0.00037,0.00038,-5e-05,6e-05,-0,0,0,0.00104,-0.00048,-0.00015,0.00029,1e-05,-0,-0,-8e-05,-0.00066,0.00016,3e-05,-0.00014,4e-05,2e-05
77.18,-0.00017,7e-05,-5e-05,0.00021,-2e-05,-0,0.00014,-3e-05,3e-05,-0,-0,0,-0,0.00038,0.00046,-5e-05,6e-05,-0,0,0,0.00111,-0.00054,-0.00018,0.00032,1e-05,-0,-0,-0.00012,-0.0008,0.00021,7e-05,-0.00013,5e-05,3e-05
77.2,7e-05,0.00011,-6e-05,0.00031,-2e-05,-0,0.00019,-4e-05,3e-05,2e-05,-0,0,-0,0.00039,0.00055,-5e-05,5e-05,-0,0,0,0.00118,-0.00057,-0.00021,0.00036,1e-05,-0,-0,-0.00016,-0.00093,0.00027,0.00012,-0.00013,7e-05,4e-05
77.22,0.00048,0.00015,-7e-05,0.00042,-2e-05,-0,0.00023,-4e-05,3e-05,5e-05,-0,1e-05,-0,0.00039,0.00065,-4e-05,4e-05,-0,1e-05,-0,0.00125,-0.00058,-0.00025,0.0004,1e-05,-0,-0,-0.00018,-0.00101,0.00034,0.00019,-0.00012,9e-05,6e-05
77.24,0.00108,0.00019,-7e-05,0.00054,-1e-05,-0,0.00027,-4e-05,3e-05,8e-05,-0,1e-05,-0,0.00038,0.00075,-3e-05,4e-05,-0,1e-05,-0,0.00133,-0.00056,-0.00027,0.00045,1e-05,-0,-0,-0.00018,-0.00104,0.00043,0.00026,-0.00011,0.00012,7e-05
77.26,0.00191,0.00021,-6e-05,0.00065,-1e-05,-0,0.00029,-4e-05,3e-05,0.00011,-0,1e-05,-0,0.00036,0.00083,-2e-05,4e-05,-0,1e-05,-0,0.00141,-0.00051,-0.0003,0.00049,1e-05,-0,-0,-0.00018,-0.00101,0.00051,0.00034,-9e-05,0.00015,9e-05
77.28,0.00295,0.00021,-5e-05,0.00075,-0,-0,0.00031,-4e-05,3e-05,0.00015,-0,1e-05,-1e-05,0.00034,0.00088,-1e-05,4e-05,-0,2e-05,-1e-05,0.00153,-0.00043,-0.0003,0.00055,0,-0,-0,-0.00016,-0.00092,0.00059,0.00042,-8e-05,0.00018,0.00011
77.3,0.00413,0.00017,-3e-05,0.0008,0,0,0.00032,-3e-05,3e-05,0.0002,0,2e-05,-1e-05,0.0003,0.00092,1e-05,3e-05,-0,3e-05,-1e-05,0.00168,-0.00034,-0.00029,0.00061,-0,-0,-0,-0.00016,-0.00076,0.00065,0.00049,-7e-05,0.00021,0.00012
77.32,0.00527,8e-05,-2e-05,0.00075,-0,-0,0.00032,-2e-05,3e-05,0.00027,0,2e-05,-0,0.00026,0.00094,2e-05,3e-05,0,3e-05,-1e-05,0.00189,-0.00024,-0.00024,0.00069,-0,0,0,-0.00018,-0.00055,0.00071,0.00054,-6e-05,0.00024,0.00014
77.34,0.00627,-7e-05,-0,0.0006,-1e-05,-0,0.00032,-1e-05,2e-05,0.00037,0,3e-05,-0,0.00022,0.00093,3e-05,3e-05,0,4e-05,-1e-05,0.00216,-0.00015,-0.00017,0.00079,-1e-05,0,0,-0.00022,-0.00031,0.00073,0.00056,-6e-05,0.00026,0.00015
77.36,0.00708,-0.00027,1e-05,0.00042,-4e-05,-0,0.00031,-0,1e-05,0.00049,0,3e-05,0,0.00017,0.0009,4e-05,3e-05,0,5e-05,-1e-05,0.00251,-6e-05,-8e-05,0.00091,-1e-05,0,0,-0.00027,-5e-05,0.00069,0.00052,-5e-05,0.00026,0.00016
77.38,0.00764,-0.0005,2e-05,0.0002,-7e-05,-0,0.0003,1e-05,1e-05,0.00063,0,4e-05,1e-05,0.00013,0.00086,5e-05,2e-05,0,5e-05,-1e-05,0.00292,0,3e-05,0.00105,-1e-05,0,0,-0.00026,0.0002,0.0006,0.00041,-5e-05,0.00025,0.00015
77.4,0.00768,-0.00074,2e-05,-4e-05,-0.0001,-0,0.00029,1e-05,0,0.00079,0,4e-05,2e-05,9e-05,0.00081,5e-05,1e-05,0,6e-05,-1e-05,0.00341,5e-05,0.00014,0.00122,-2e-05,0,0,-6e-05,0.00043,0.00042,0.0002,-5e-05,0.00021,0.00013
77.42,0.00684,-0.00094,1e-05,-0.00031,-0.00014,-0,0.00027,1e-05,0,0.00097,0,3e-05,2e-05,5e-05,0.00075,6e-05,0,0,6e-05,-1e-05,0.004,9e-05,0.00026,0.00142,-2e-05,0,0,0.00049,0.00061,0.00014,-0.00014,-5e-05,0.00013,9e-05
77.44,0.00542,-0.00106,2e-05,-0.00054,-0.00016,-0,0.00027,1e-05,-0,0.00115,0,3e-05,2e-05,2e-05,0.00071,7e-05,-0,0,6e-05,-1e-05,0.00463,0.00011,0.00038,0.00163,-2e-05,0,0,0.00163,0.00077,-0.00023,-0.00068,-5e-05,2e-05,2e-05
77.46,0.00379,-0.00104,5e-05,-0.00071,-0.00017,-0,0.00031,0,-0,0.00131,0,3e-05,2e-05,0,0.00069,8e-05,-0,0,7e-05,-1e-05,0.00522,0.00012,0.00048,0.00185,-2e-05,0,0,0.00355,0.00093,-0.00068,-0.00151,-5e-05,-0.00014,-7e-05
77.48,0.00202,-0.0009,0.00013,-0.00081,-0.00015,-0,0.0004,-0,-0,0.00143,0,2e-05,3e-05,-1e-05,0.00068,0.00011,1e-05,0,7e-05,-0,0.00573,0.00011,0.00056,0.00204,-2e-05,0,0,0.00638,0.00112,-0.00123,-0.00276,-5e-05,-0.00034,-0.00019
77.5,0.00036,-0.00069,0.00027,-0.00082,-0.00012,-0,0.00057,1e-05,-0,0.00148,0,2e-05,2e-05,-0,0.00066,0.00015,3e-05,0,7e-05,1e-05,0.00607,8e-05,0.00062,0.00226,-1e-05,0,0,0.01008,0.00141,-0.00186,-0.00461,-4e-05,-0.00056,-0.00033
77.52,-0.00104,-0.00046,0.00051,-0.00075,-7e-05,0,0.00083,3e-05,0,0.00147,0,2e-05,2e-05,2e-05,0.00063,0.0002,8e-05,0,6e-05,2e-05,0.00609,3e-05,0.00069,0.00258,-1e-05,0,0,0.01434,0.00181,-0.0025,-0.00736,-4e-05,-0.00076,-0.00046
77.54,-0.00219,-0.00026,0.00085,-0.00063,-2e-05,0,0.00119,6e-05,0,0.0014,0,1e-05,2e-05,7e-05,0.0006,0.00027,0.00014,0,6e-05,3e-05,0.00577,-6e-05,0.00071,0.00293,0,0,0,0.0187,0.00228,-0.00306,-0.01122,-1e-05,-0.00091,-0.00056
77.56,-0.00311,-0.00012,0.0013,-0.00046,2e-05,0,0.00165,0.00012,1e-05,0.00131,0,1e-05,2e-05,0.00014,0.00055,0.00035,0.00022,0,5e-05,5e-05,0.00512,-0.00017,0.00066,0.00323,1e-05,0,0,0.0226,0.00265,-0.00352,-0.01625,3e-05,-0.00098,-0.00063
77.58,-0.00386,-4e-05,0.00187,-0.00026,3e-05,0,0.00216,0.0002,2e-05,0.00118,0,1e-05,2e-05,0.00027,0.00051,0.00045,0.00031,1e-05,5e-05,6e-05,0.00418,-0.00031,0.00058,0.00353,1e-05,0,0,0.02494,0.00267,-0.00451,-0.02252,9e-05,-0.00102,-0.00067
77.6,-0.00422,-0,0.00254,-3e-05,2e-05,0,0.00271,0.00032,4e-05,0.00103,0,1e-05,2e-05,0.00047,0.00047,0.00055,0.0004,1e-05,4e-05,8e-05,0.003,-0.00049,0.00043,0.00378,2e-05,0,0,0.02758,0.00218,-0.00389,-0.02833,0.00016,-0.00089,-0.00062
77.62,-0.004,4e-05,0.0033,0.00023,-5e-05,0,0.00331,0.00047,7e-05,0.00088,0,1e-05,3e-05,0.00076,0.00046,0.00065,0.00049,2e-05,3e-05,9e-05,0.00166,-0.00068,0.00021,0.00399,3e-05,0,0,0.03645,0.00107,0.00258,-0.02973,0.00024,-0.00046,-0.0004
77.64,-0.00338,0.00014,0.00408,0.0005,-0.00015,0,0.00388,0.00068,9e-05,0.00075,0,0,4e-05,0.00114,0.0005,0.00073,0.00054,3e-05,3e-05,0.0001,0.00027,-0.00089,1e-05,0.00418,3e-05,0,0,0.04768,-0.00032,0.00954,-0.0262,0.00025,-5e-05,-0.00014
77.66,-0.00256,0.0003,0.00483,0.00078,-0.00025,0,0.00426,0.00093,0.00012,0.00064,0,0,5e-05,0.00163,0.00061,0.00081,0.00056,5e-05,3e-05,0.0001,-0.00113,-0.00114,-0.00018,0.00438,3e-05,0,0,0.05304,-0.00136,0.01139,-0.01959,0.00017,0.00014,1e-05
77.68,-0.00148,0.00049,0.00546,0.00108,-0.00033,-0,0.00441,0.0012,0.00014,0.00056,0,0,6e-05,0.00217,0.00082,0.00088,0.00052,7e-05,3e-05,9e-05,-0.00254,-0.00144,-0.00039,0.00458,3e-05,0,0,0.05026,-0.00163,0.00901,-0.01105,3e-05,0.00022,0.00012
77.7,-9e-05,0.00063,0.00582,0.00136,-0.0004,-0,0.00434,0.00146,0.00016,0.00052,0,0,7e-05,0.00273,0.00111,0.00092,0.00045,0.00011,4e-05,8e-05,-0.00394,-0.00177,-0.00064,0.0048,3e-05,0,-0,0.04197,-0.00142,0.00442,-0.00531,-0.00011,0.00018,0.00016
77.72,0.00138,0.00057,0.00573,0.00157,-0.00046,-0,0.00414,0.00169,0.00016,0.0005,0,0,8e-05,0.00323,0.00147,0.00094,0.00034,0.00016,5e-05,6e-05,-0.00529,-0.00213,-0.00091,0.00503,2e-05,-0,-0,0.03603,-0.00128,0.00126,-0.00263,-0.0002,8e-05,0.00012
77.74,0.00265,0.00022,0.00515,0.00171,-0.00049,-0,0.00375,0.0018,0.00014,0.00051,0,1e-05,8e-05,0.00354,0.00186,0.00093,0.00021,0.00022,6e-05,3e-05,-0.0066,-0.00251,-0.00121,0.00524,1e-05,-0,-0,0.03129,-0.00134,-0.00011,0.0003,-0.00024,2e-05,9e-05
77.76,0.00373,-0.00044,0.00413,0.00177,-0.00051,-0,0.00314,0.00175,9e-05,0.0005,0,1e-05,8e-05,0.0035,0.00225,0.0009,0.0001,0.0003,7e-05,1e-05,-0.00789,-0.00292,-0.00158,0.00538,0,-0,-0,0.02581,-0.00166,-0.00156,0.00375,-0.00022,1e-05,0.00011
77.78,0.00474,-0.00132,0.00273,0.00177,-0.0005,-0,0.00242,0.00156,3e-05,0.00047,0,1e-05,7e-05,0.00299,0.00261,0.00084,3e-05,0.00036,8e-05,-1e-05,-0.00922,-0.00338,-0.00202,0.00533,-1e-05,-1e-05,-0,0.01986,-0.00236,-0.00491,0.00697,-0.00021,-2e-05,0.00014
77.8,0.00538,-0.00221,0.00104,0.00169,-0.00047,-0,0.00168,0.00124,-4e-05,0.0004,0,2e-05,6e-05,0.00209,0.00289,0.00076,-0,0.00042,8e-05,-2e-05,-0.01056,-0.0038,-0.00247,0.00499,-2e-05,-1e-05,-0,0.01329,-0.00379,-0.01027,0.00929,-4e-05,-6e-05,0.0002
77.82,0.00518,-0.00281,-0.00079,0.00152,-0.00041,-0,0.00098,0.00085,-0.0001,0.00029,0,2e-05,4e-05,0.00102,0.00305,0.00069,1e-05,0.0005,7e-05,-2e-05,-0.01188,-0.00401,-0.0028,0.00415,-3e-05,-1e-05,-0,0.00625,-0.00654,-0.01422,0.01029,0.00063,-9e-05,0.00029
77.84,0.0047,-0.00294,-0.00236,0.00131,-0.00032,-0,0.00044,0.00049,-0.00013,0.00017,0,3e-05,3e-05,-0.00016,0.00312,0.00061,3e-05,0.00054,5e-05,-2e-05,-0.01326,-0.00405,-0.00303,0.00256,-4e-05,-1e-05,-0,0.00122,-0.00984,-0.01342,0.0093,0.00158,-8e-05,0.00036
77.86,0.00469,-0.00252,-0.0033,0.00109,-0.00022,-0,0.0001,0.00021,-0.00013,6e-05,0,3e-05,2e-05,-0.00134,0.00309,0.0005,2e-05,0.0005,3e-05,-1e-05,-0.01463,-0.00394,-0.00317,5e-05,-5e-05,-0,-0,-0.00048,-0.01216,-0.00901,0.00658,0.00233,-4e-05,0.00037
77.88,0.00524,-0.00156,-0.00337,0.0009,-0.00011,-0,-0,4e-05,-9e-05,-2e-05,0,4e-05,1e-05,-0.00212,0.00297,0.00039,-5e-05,0.00044,2e-05,-0,-0.01578,-0.00363,-0.00317,-0.00341,-6e-05,-0,0,-2e-05,-0.01213,-0.00243,0.00414,0.00285,2e-05,0.00032
77.9,0.00564,-0.00027,-0.0025,0.00072,1e-05,-0,0.00011,0,-0,-4e-05,0,4e-05,1e-05,-0.00238,0.00278,0.00029,-0.00018,0.00034,1e-05,-0,-0.01631,-0.00308,-0.00302,-0.0072,-0.0001,0,-0,0.00049,-0.0097,0.00148,0.00255,0.00254,1e-05,0.00024
77.92,0.00506,0.00101,-0.00082,0.00053,0.00013,-0,0.00046,7e-05,0.00014,1e-05,0,4e-05,0,-0.00214,0.00256,0.00019,-0.0003,0.00023,0,1e-05,-0.01565,-0.0023,-0.00277,-0.0101,-0.00015,1e-05,-0,0.00021,-0.00729,0.00119,0.00097,0.00118,-3e-05,0.00014
77.94,0.00395,0.00199,0.0015,0.00035,0.00024,-0,0.00102,0.00024,0.00031,9e-05,0,4e-05,0,-0.0014,0.00228,0.00011,-0.00037,0.00017,1e-05,2e-05,-0.01365,-0.00151,-0.00245,-0.01134,-0.00024,1e-05,-0,-0.00022,-0.00549,0.00037,0.00013,-0.00031,-4e-05,6e-05
77.96,0.00259,0.00244,0.00414,0.00019,0.00033,-0,0.00168,0.00044,0.00045,0.00018,0,3e-05,0,-0.00031,0.00193,5e-05,-0.00036,0.00017,1e-05,1e-05,-0.01053,-0.00083,-0.00209,-0.01008,-0.00037,2e-05,-1e-05,0.00216,-0.00274,8e-05,-0.0003,-0.00188,-3e-05,-1e-05
77.98,0.00099,0.00224,0.0067,5e-05,0.0004,-0,0.00232,0.00063,0.00054,0.00023,0,3e-05,-0,0.00074,0.00153,1e-05,-0.00025,0.00018,2e-05,0,-0.00665,-0.00023,-0.00165,-0.00571,-0.00056,3e-05,-1e-05,0.01117,0.00115,-3e-05,0.0035,-0.00432,-4e-05,-6e-05
78,-0.00024,0.00156,0.00885,-6e-05,0.00034,0,0.00285,0.00076,0.00056,0.00024,0,2e-05,-0,0.00093,0.0011,-2e-05,-0.00012,0.00022,2e-05,-1e-05,-0.00283,4e-05,-0.00134,0.00116,-0.00081,4e-05,-2e-05,0.02835,0.00373,-1e-05,0.01466,-0.00753,-8e-05,-8e-05
78.02,-0.0004,0.00078,0.01057,-0.00015,0.00017,0,0.00322,0.00081,0.00053,0.00021,0,1e-05,-0,8e-05,0.00075,-3e-05,-4e-05,0.00032,3e-05,-0,0.00077,-2e-05,-0.00143,0.00911,-0.00115,6e-05,-2e-05,0.05698,0.00383,0.00085,0.03337,-0.01137,-0.00016,0
78.04,0.00112,0.00045,0.01179,-0.00019,-5e-05,0,0.00323,0.00076,0.00043,0.00013,0,-0,-0,-0.0011,0.00043,-6e-05,-1e-05,0.0004,3e-05,2e-05,0.00451,-6e-05,-0.00162,0.01577,-0.00158,7e-05,-3e-05,0.09793,0.0032,0.00304,0.05652,-0.01654,-0.00028,0.00016
78.06,0.00467,0.00105,0.01239,-0.00016,-0.00028,0,0.0027,0.00064,0.00031,3e-05,0,-1e-05,-0,-0.00232,-0,-9e-05,1e-05,0.00036,2e-05,3e-05,0.0089,-5e-05,-0.00157,0.01805,-0.00209,8e-05,-4e-05,0.15095,0.00326,0.00582,0.07991,-0.02277,-0.0004,0.00036
78.08,0.01043,0.00264,0.01238,-4e-05,-0.00039,0,0.00161,0.00049,0.00019,-8e-05,0,-1e-05,-0,-0.00338,-0.00066,-0.00015,2e-05,0.00021,0,5e-05,0.0146,-0.00011,-0.00122,0.01145,-0.0027,0.0001,-3e-05,0.21373,0.00374,0.00874,0.09848,-0.02905,-0.0005,0.00058
78.1,0.01755,0.00473,0.01254,0.00011,-0.00027,0,0.0002,0.00037,9e-05,-0.00017,0,-1e-05,-0,-0.00339,-0.00164,-0.00021,-1e-05,-3e-05,-2e-05,4e-05,0.02375,-0.0003,-0.00078,-0.00032,-0.00325,0.00011,-1e-05,0.27882,0.00438,0.01083,0.10763,-0.03343,-0.00054,0.00074
78.12,0.02439,0.00669,0.01375,0.00011,-0.00015,0,-0.00108,0.00028,2e-05,-0.00024,0,-1e-05,-0,-0.00118,-0.00282,-0.00025,-9e-05,-0.00022,-2e-05,2e-05,0.03894,-0.00107,-0.00025,-0.0021,-0.00331,0.00012,9e-05,0.33566,0.00362,0.0125,0.10604,-0.03385,-0.00047,0.00073
78.14,0.03063,0.00804,0.01496,1e-05,-2e-05,0,-0.00218,0.00025,-1e-05,-0.00032,0,-1e-05,-0,0.00247,-0.00404,-0.00028,-0.00018,-0.00023,-1e-05,0,0.05624,-0.00266,0.0004,0.00672,-0.00278,6e-05,0.00021,0.37641,0.00173,0.01424,0.09519,-0.03097,-0.00035,0.0006
78.16,0.03634,0.00838,0.0153,-0.0001,0.00012,-0,-0.00317,0.00027,0,-0.00043,0,-1e-05,-1e-05,0.00628,-0.00532,-0.00037,-0.00024,-0.00017,-1e-05,0,0.06922,-0.00485,0.00074,0.016,-0.0018,-0.0001,0.00027,0.39778,0.0002,0.01593,0.07836,-0.02628,-0.00023,0.00044
78.18,0.04078,0.00781,0.01476,-0.00025,0.00026,-0,-0.00383,0.00034,1e-05,-0.00059,0,-1e-05,-2e-05,0.00988,-0.0066,-0.0005,-0.00029,-6e-05,-1e-05,1e-05,0.07024,-0.00828,0.00054,0.03276,-0.00044,-0.00036,0.00024,0.39727,0.00011,0.01818,0.05804,-0.02046,-0.00012,0.00026
78.2,0.04236,0.00665,0.01321,-0.00047,0.00036,-0,-0.00416,0.00037,-0,-0.00078,0,-1e-05,-3e-05,0.01278,-0.00782,-0.00066,-0.00031,4e-05,-3e-05,2e-05,0.06312,-0.01134,3e-05,0.04331,0.00082,-0.00062,9e-05,0.37712,0.00254,0.02038,0.03841,-0.01442,-4e-05,0.00013
78.22,0.03945,0.00542,0.0103,-0.00079,0.0004,-0,-0.0043,0.00035,-2e-05,-0.00097,0,-1e-05,-4e-05,0.01438,-0.00887,-0.00077,-0.00027,8e-05,-5e-05,3e-05,0.05984,-0.01102,-4e-05,0.0297,0.00146,-0.00064,-9e-05,0.34232,0.00719,0.02115,0.02284,-0.00888,1e-05,5e-05
78.24,0.03035,0.00498,0.00634,-0.00133,0.00036,-0,-0.00424,0.0003,-3e-05,-0.00114,0,-2e-05,-6e-05,0.01448,-0.00989,-0.00086,-0.00019,8e-05,-8e-05,3e-05,0.05182,-0.00854,0.00015,0.01191,0.00172,-0.00045,-0.00021,0.29624,0.01361,0.02148,0.00956,-0.00411,4e-05,1e-05
78.26,0.01991,0.00551,0.00182,-0.00185,0.00028,-0,-0.00403,0.00022,-4e-05,-0.00125,0,-2e-05,-6e-05,0.01356,-0.01096,-0.00093,-0.0001,6e-05,-0.0001,3e-05,0.03534,-0.00581,0.00033,0.00228,0.00173,-0.00024,-0.00028,0.24388,0.02155,0.02234,-0.00285,-0.00032,5e-05,0
78.28,0.01102,0.00594,-0.00319,-0.00223,0.00018,-0,-0.00364,0.00013,-4e-05,-0.0013,0,-2e-05,-7e-05,0.01206,-0.0119,-0.00093,-3e-05,4e-05,-0.00011,2e-05,0.0161,-0.00199,0.00053,-0.00322,0.00145,-1e-05,-0.0003,0.19121,0.02931,0.02297,-0.01352,0.00247,4e-05,0
78.3,0.00521,0.00669,-0.00806,-0.00244,0.0001,0,-0.00323,3e-05,-4e-05,-0.00129,0,-2e-05,-7e-05,0.01013,-0.01251,-0.00089,0,2e-05,-0.0001,1e-05,-0.00368,0.00224,0.00074,-0.00545,0.00086,0.00014,-0.0003,0.14234,0.03732,0.02403,-0.02342,0.00426,1e-05,1e-05
78.32,0.00311,0.00839,-0.01198,-0.00241,5e-05,0,-0.00282,-5e-05,-4e-05,-0.00122,0,-2e-05,-7e-05,0.00789,-0.01256,-0.00088,-1e-05,-1e-05,-9e-05,-0,-0.02198,0.00513,0.001,-0.0053,9e-05,0.00016,-0.00029,0.09992,0.04646,0.02649,-0.03337,0.00503,-1e-05,1e-05
78.34,0.00322,0.00912,-0.01481,-0.00224,7e-05,0,-0.00222,-0.00012,-4e-05,-0.00106,0,-2e-05,-7e-05,0.00573,-0.01202,-0.00085,-6e-05,-2e-05,-7e-05,1e-05,-0.03501,0.00664,0.00114,-0.0038,-0.00068,0.00013,-0.00029,0.06675,0.05278,0.02861,-0.04128,0.00502,-2e-05,1e-05
78.36,0.00382,0.00779,-0.01645,-0.00201,0.00015,0,-0.00137,-0.00016,-4e-05,-0.00079,0,-2e-05,-7e-05,0.00389,-0.01093,-0.0008,-0.00012,-2e-05,-5e-05,2e-05,-0.0413,0.00739,0.00098,-0.00189,-0.00138,8e-05,-0.00027,0.04287,0.05426,0.02914,-0.04611,0.00456,-3e-05,0
78.38,0.0033,0.00521,-0.01655,-0.00154,0.00026,-0,-0.00038,-0.00017,-5e-05,-0.00043,0,-3e-05,-6e-05,0.00256,-0.00935,-0.00077,-0.00017,-2e-05,-2e-05,4e-05,-0.04187,0.00768,0.00049,-0.00034,-0.00196,4e-05,-0.00024,0.02629,0.05236,0.02858,-0.04875,0.00383,-3e-05,-1e-05
78.4,0.00169,0.0023,-0.01489,-0.00096,0.00036,-0,0.00065,-0.00015,-5e-05,-4e-05,0,-3e-05,-5e-05,0.00183,-0.00742,-0.00077,-0.00018,-2e-05,-1e-05,6e-05,-0.03744,0.00598,6e-05,0.00057,-0.00228,-0,-0.0002,0.0156,0.04695,0.02643,-0.04922,0.00309,-3e-05,-2e-05
78.42,-0.00047,0.00014,-0.01171,-0.00047,0.0004,-0,0.00165,-9e-05,-5e-05,0.00035,0,-2e-05,-4e-05,0.00145,-0.00503,-0.00077,-0.00016,-1e-05,1e-05,8e-05,-0.03026,0.00358,0.00023,0.00086,-0.00214,-2e-05,-0.00018,0.00836,0.03939,0.02309,-0.04849,0.00243,-2e-05,-3e-05
78.44,-0.00277,-0.00088,-0.00787,3e-05,0.00041,-0,0.00254,-3e-05,-5e-05,0.00072,-0,-2e-05,-3e-05,0.00119,-0.00208,-0.00076,-0.0001,-1e-05,1e-05,9e-05,-0.02138,0.00237,0.0007,0.00073,-0.00172,-0,-0.00015,0.00291,0.03164,0.01962,-0.0476,0.00181,-2e-05,-4e-05
78.46,-0.00498,-0.00093,-0.0039,0.0005,0.00042,-0,0.00326,1e-05,-4e-05,0.00103,-0,-1e-05,-2e-05,0.00098,0.00129,-0.00073,-1e-05,-1e-05,1e-05,0.0001,-0.01105,0.00184,0.00121,0.00043,-0.00119,1e-05,-0.00012,-0.00125,0.02371,0.01602,-0.04631,0.00119,-3e-05,-4e-05
78.48,-0.00701,-0.00036,-1e-05,0.00088,0.00029,-0,0.00376,0,-2e-05,0.00126,-0,-1e-05,-2e-05,0.00079,0.00479,-0.00069,0.00012,-0,-0,0.00012,-0.00022,0.0014,0.00197,0.00013,-0.00058,1e-05,-8e-05,-0.00412,0.01511,0.01188,-0.04379,0.00056,-3e-05,-4e-05
78.5,-0.00865,0.00022,0.00359,0.00114,0.00013,-0,0.00411,-5e-05,0,0.00141,-0,-0,-1e-05,0.00053,0.00821,-0.00063,0.00025,-0,-2e-05,0.00013,0.00996,0.00082,0.00223,-7e-05,-5e-05,-2e-05,-4e-05,-0.00582,0.00637,0.00722,-0.0383,-3e-05,-4e-05,-4e-05
78.52,-0.00977,0.0006,0.00686,0.00131,-2e-05,-0,0.00447,-0.00012,2e-05,0.0015,-0,-0,-1e-05,0.00014,0.01141,-0.00053,0.00039,-0,-4e-05,0.00014,0.01834,0.00011,0.00141,-0.00015,0.00045,-5e-05,-0,-0.00708,-0.00206,0.00227,-0.02918,-0.00059,-6e-05,-4e-05
78.54,-0.01064,0.00056,0.00972,0.00131,-0.00013,-0,0.00477,-0.00018,3e-05,0.00152,-0,-0,-0,-0.00022,0.01403,-0.00041,0.00052,-0,-6e-05,0.00015,0.02398,-0.00076,0.00048,-0.00012,0.00099,-6e-05,2e-05,-0.00793,-0.01,-0.00273,-0.01809,-0.00115,-8e-05,-4e-05
78.56,-0.01153,-0.00037,0.01202,0.00112,-0.00016,-0,0.00491,-0.00024,4e-05,0.00146,-0,-0,-0,-0.00045,0.01566,-0.00027,0.0006,1e-05,-7e-05,0.00016,0.02625,-0.00182,-0.00029,1e-05,0.00146,-4e-05,1e-05,-0.00798,-0.01675,-0.00741,-0.00621,-0.00163,-0.0001,-4e-05
78.58,-0.01238,-0.00229,0.01367,0.00094,-8e-05,0,0.00497,-0.00028,4e-05,0.00135,-0,-0,-0,-0.00048,0.01608,-0.00014,0.00061,3e-05,-8e-05,0.00015,0.0249,-0.00316,-0.00106,0.00017,0.00183,-1e-05,-3e-05,-0.00745,-0.02166,-0.01138,0.00579,-0.002,-0.00012,-4e-05
78.6,-0.01313,-0.00521,0.01448,0.00077,0,0,0.0049,-0.00028,3e-05,0.00119,-0,-0,-0,-0.00029,0.01518,-2e-05,0.00055,8e-05,-8e-05,0.00014,0.02017,-0.00496,-0.00165,0.00029,0.00207,5e-05,-6e-05,-0.00649,-0.02478,-0.01448,0.01685,-0.00226,-0.00014,-4e-05
78.62,-0.01373,-0.00891,0.01424,0.00062,7e-05,0,0.00466,-0.0002,1e-05,0.00098,-0,-0,-0,6e-05,0.01306,2e-05,0.00041,0.00015,-6e-05,0.00011,0.01233,-0.00744,-0.00141,0.00027,0.00214,0.00013,7e-05,-0.00532,-0.02662,-0.01682,0.02565,-0.00241,-0.00014,-4e-05
78.64,-0.01425,-0.01316,0.01288,0.00046,0.00012,0,0.00431,-6e-05,0,0.00077,-0,-0,-0,0.00032,0.00993,-5e-05,0.00022,0.00025,-3e-05,7e-05,0.00146,-0.01063,-0.00068,-0.0001,0.00202,0.00019,0.00029,-0.00411,-0.02653,-0.0179,0.0313,-0.00244,-0.00014,-3e-05
78.66,-0.01474,-0.01783,0.01038,0.0003,0.00016,0,0.0039,8e-05,0,0.00057,-0,-0,-0,6e-05,0.00607,-0.00025,4e-05,0.00039,2e-05,3e-05,-0.01172,-0.01453,5e-05,-0.00116,0.0017,0.0002,0.00049,-0.0028,-0.02419,-0.01749,0.0336,-0.0023,-0.00012,-2e-05
78.68,-0.0152,-0.02251,0.00666,0.00014,0.0002,0,0.00345,0.00022,2e-05,0.00039,-0,-0,-0,-0.00128,0.00196,-0.00055,-5e-05,0.00053,8e-05,-0,-0.0262,-0.01907,0.00095,-0.00325,0.0012,0.00017,0.00067,-0.00152,-0.02039,-0.01591,0.03255,-0.00203,-0.0001,-1e-05
78.7,-0.01575,-0.02724,0.00184,-2e-05,0.00023,0,0.00289,0.00036,6e-05,0.00023,-0,-1e-05,-0,-0.00403,-0.00165,-0.00083,3e-05,0.00069,0.00014,-3e-05,-0.04057,-0.02373,0.00171,-0.00681,0.00048,8e-05,0.00076,-0.00017,-0.01562,-0.01331,0.0286,-0.00166,-7e-05,-1e-05
78.72,-0.0166,-0.03188,-0.00379,-0.00015,0.00026,0,0.00222,0.00049,0.00012,0.00011,-0,-1e-05,-0,-0.00799,-0.00401,-0.00082,0.00033,0.00094,0.00019,-3e-05,-0.05245,-0.02762,0.00197,-0.01243,-0.00036,-2e-05,0.00071,0.00127,-0.0106,-0.01005,0.0227,-0.00126,-4e-05,-0
78.74,-0.01784,-0.03559,-0.01007,-0.00026,0.00029,0,0.00156,0.00061,0.0002,2e-05,-0,-1e-05,-0,-0.01277,-0.0051,-0.00056,0.00085,0.00113,0.0002,-1e-05,-0.05997,-0.03024,0.00214,-0.0201,-0.00113,-6e-05,0.00054,0.00262,-0.00624,-0.0069,0.01616,-0.00088,-2e-05,0
78.76,-0.01936,-0.03768,-0.01655,-0.00033,0.0003,0,0.00095,0.00071,0.0003,-4e-05,-0,-1e-05,-0,-0.01764,-0.00516,-0.00017,0.00149,0.00118,0.00017,2e-05,-0.06239,-0.03103,0.0025,-0.02929,-0.00178,-3e-05,0.00028,0.00386,-0.00295,-0.00432,0.01013,-0.00056,-1e-05,0
78.78,-0.02125,-0.03719,-0.02237,-0.00037,0.00029,0,0.00042,0.00078,0.00043,-7e-05,-0,-1e-05,-0,-0.01953,-0.00481,0.00016,0.00203,0.00114,0.00013,4e-05,-0.05883,-0.02947,0.00247,-0.0398,-0.00245,6e-05,-7e-05,0.005,-0.00073,-0.0024,0.00534,-0.00032,-0,0
78.8,-0.02286,-0.03392,-0.02568,-0.00036,0.00028,0,-3e-05,0.00083,0.00056,-8e-05,-0,-1e-05,0,-0.0171,-0.00416,0.00019,0.00222,0.00101,0.00011,4e-05,-0.05289,-0.02586,0.00311,-0.04783,-0.0026,0.00019,-0.00046,0.00616,0.00061,-0.0011,0.00212,-0.00014,0,0
78.82,-0.02293,-0.0295,-0.02505,-0.00031,0.00026,0,-0.00032,0.00085,0.00068,-8e-05,-0,-1e-05,0,-0.01291,-0.00262,3e-05,0.00203,0.00076,0.00012,3e-05,-0.04895,-0.02078,0.00632,-0.0482,-0.00125,0.00036,-0.00068,0.00734,0.00119,-0.00036,0.00037,-4e-05,0,-0
78.84,-0.02135,-0.02497,-0.02142,-0.00024,0.00022,-0,-0.00044,0.00083,0.00078,-7e-05,-0,-1e-05,0,-0.0078,-0.00097,-9e-05,0.00149,0.00052,0.00012,2e-05,-0.04414,-0.01512,0.00969,-0.04341,0.00044,0.00048,-0.0007,0.00845,0.00119,-2e-05,-0.00026,1e-05,-0,-0
78.86,-0.01866,-0.02087,-0.01644,-0.00016,0.00017,-0,-0.00043,0.00075,0.00081,-4e-05,-0,-0,0,-0.00243,6e-05,0.00017,0.0008,0.00033,9e-05,-0,-0.03768,-0.01031,0.01071,-0.03594,0.00158,0.00051,-0.00059,0.00919,0.00086,8e-05,-0.0001,2e-05,-0,-0
78.88,-0.01542,-0.01751,-0.01048,-9e-05,0.00011,-0,-0.00033,0.00065,0.0008,-2e-05,-0,0,0,0.00343,-0.00011,0.00105,0.00017,0.00018,5e-05,-2e-05,-0.03096,-0.00689,0.01004,-0.02551,0.00232,0.00048,-0.00039,0.0095,0.00042,9e-05,0.0003,0,-0,-0
78.9,-0.01228,-0.01472,-0.00559,-1e-05,5e-05,-0,-0.00019,0.00051,0.00073,0,-0,1e-05,0,0.00891,-0.00157,0.00238,-0.00015,4e-05,1e-05,-3e-05,-0.02441,-0.00509,0.00755,-0.01662,0.00251,0.00039,-0.0002,0.00994,-1e-05,5e-05,0.00068,-1e-05,0,0
78.92,-0.01017,-0.01174,-0.00422,7e-05,3e-05,-0,-7e-05,0.00036,0.00062,2e-05,-0,1e-05,1e-05,0.01393,-0.00389,0.00342,-0.00011,-7e-05,-2e-05,-2e-05,-0.01897,-0.00461,0.00439,-0.01143,0.00222,0.00027,-0.00012,0.01043,-0.00036,-1e-05,0.00105,-3e-05,0,0
78.94,-0.00903,-0.00818,-0.00535,0.00013,1e-05,-0,2e-05,0.00021,0.0005,4e-05,-0,2e-05,1e-05,0.01788,-0.00646,0.00383,6e-05,-0.00013,-2e-05,-1e-05,-0.01403,-0.00475,0.00214,-0.0071,0.00182,0.00017,-8e-05,0.01071,-0.00056,-6e-05,0.00138,-4e-05,0,0
78.96,-0.00796,-0.00452,-0.00719,0.00018,-2e-05,-0,8e-05,8e-05,0.00039,5e-05,-0,2e-05,1e-05,0.01798,-0.00793,0.0035,0.00017,-0.00014,-1e-05,-0,-0.00892,-0.00507,0.00086,-0.00304,0.00148,0.00011,-5e-05,0.01058,-0.00057,-0.00011,0.00167,-6e-05,0,0
78.98,-0.00679,-0.0017,-0.00895,0.0002,-1e-05,-0,0.0001,-3e-05,0.00029,6e-05,-0,2e-05,1e-05,0.01666,-0.00923,0.00295,9e-05,-0.00013,1e-05,1e-05,-0.0038,-0.00553,0.00012,1e-05,0.00118,6e-05,-4e-05,0.00987,-0.00039,-0.00014,0.00191,-7e-05,0,0
79,-0.00509,-4e-05,-0.01026,0.00021,2e-05,-0,0.0001,-0.00013,0.00022,7e-05,-0,2e-05,1e-05,0.0133,-0.01079,0.00216,-0.00024,-0.0001,2e-05,1e-05,0.00084,-0.00597,-0.00034,0.00198,0.00091,4e-05,-3e-05,0.00884,0,-0.00013,0.00206,-8e-05,0,0
79.02,-0.00303,0.00044,-0.01102,0.00021,6e-05,-0,9e-05,-0.00022,0.00016,7e-05,-0,2e-05,1e-05,0.00783,-0.01342,0.00129,-0.00076,-7e-05,2e-05,1e-05,0.00492,-0.00608,-0.00063,0.00306,0.0007,2e-05,-2e-05,0.00805,0.00061,-3e-05,0.00205,-8e-05,0,0
79.04,-0.00129,9e-05,-0.01088,0.00021,0.00013,-0,7e-05,-0.0003,0.00014,8e-05,-0,2e-05,0,0.00335,-0.01701,0.00065,-0.00121,-4e-05,2e-05,-0,0.00836,-0.00587,-0.0008,0.00343,0.00052,1e-05,-1e-05,0.00747,0.00122,0.0001,0.00182,-8e-05,0,0
79.06,-0.0001,-0.00063,-0.00984,0.0002,0.00021,-0,2e-05,-0.00037,0.00014,8e-05,0,1e-05,0,0.00107,-0.02098,0.00022,-0.00134,-2e-05,2e-05,-1e-05,0.01072,-0.00542,-0.00088,0.00321,0.00037,-0,-1e-05,0.00698,0.00161,0.00022,0.00135,-7e-05,-0,0
79.08,0.00055,-0.00132,-0.00826,0.00019,0.00031,-0,-0.0001,-0.00044,0.00017,8e-05,0,1e-05,-0,0.00016,-0.02451,-0.00014,-0.00108,0,1e-05,-1e-05,0.01198,-0.00473,-0.00089,0.00263,0.00026,-1e-05,-0,0.00675,0.00164,0.00029,0.00069,-6e-05,-0,0
79.1,0.00075,-0.00167,-0.00645,0.00018,0.00042,-0,-0.00031,-0.00051,0.00023,8e-05,0,1e-05,0,-0.00012,-0.02679,-0.0005,-0.00049,1e-05,0,-0,0.01227,-0.00394,-0.00083,0.00191,0.00016,-1e-05,-0,0.0068,0.00115,0.00022,-0.0001,-5e-05,-1e-05,-0
79.12,0.00069,-0.00158,-0.00466,0.00017,0.00053,-0,-0.00054,-0.00057,0.00032,7e-05,0,1e-05,0,-0.00027,-0.02711,-0.00093,0.00028,2e-05,-2e-05,0,0.01181,-0.00321,-0.00074,0.00121,8e-05,-1e-05,0,0.00696,0.00023,1e-05,-0.00086,-5e-05,-1e-05,-0
79.14,0.00049,-0.00113,-0.00302,0.00017,0.00066,-0,-0.00082,-0.00063,0.00043,6e-05,0,1e-05,0,-0.00053,-0.02515,-0.00143,0.00113,1e-05,-5e-05,1e-05,0.01088,-0.00257,-0.00062,0.00062,3e-05,-1e-05,0,0.00687,-0.00085,-0.00028,-0.00149,-4e-05,-2e-05,-1e-05
79.16,0.00025,-0.00043,-0.00161,0.00018,0.00078,-0,-0.00122,-0.00068,0.00057,5e-05,0,0,1e-05,-0.00107,-0.02118,-0.00192,0.00181,-2e-05,-8e-05,1e-05,0.00964,-0.00203,-0.00051,0.00015,-1e-05,-1e-05,0,0.00639,-0.00195,-0.00063,-0.00196,-3e-05,-2e-05,-1e-05
79.18,1e-05,0.00039,-0.00045,0.00021,0.00086,-0,-0.0017,-0.00068,0.0007,6e-05,0,-0,1e-05,-0.00184,-0.01572,-0.00228,0.00216,-7e-05,-0.0001,-1e-05,0.00832,-0.00161,-0.00039,-0.00016,-2e-05,-1e-05,0,0.00557,-0.00298,-0.00101,-0.00229,-2e-05,-3e-05,-2e-05
79.2,-0.00011,0.00122,0.00043,0.00024,0.00088,-0,-0.0022,-0.00062,0.00081,0.0001,0,-1e-05,2e-05,-0.00264,-0.01015,-0.00256,0.00218,-0.00013,-0.0001,-4e-05,0.00705,-0.0013,-0.00029,-0.00032,-3e-05,-0,0,0.00419,-0.00383,-0.00134,-0.0025,-1e-05,-4e-05,-2e-05
79.22,-8e-05,0.00196,0.00108,0.00028,0.00088,-0,-0.00261,-0.00046,0.00087,0.00019,0,-1e-05,2e-05,-0.0032,-0.0054,-0.00282,0.00204,-0.00016,-9e-05,-5e-05,0.00588,-0.00109,-0.00023,-0.00037,-3e-05,-0,0,0.00234,-0.00443,-0.00156,-0.00262,-0,-4e-05,-2e-05
79.24,-2e-05,0.00255,0.00151,0.00031,0.00086,-0,-0.00288,-0.00019,0.00085,0.00035,0,-1e-05,3e-05,-0.00356,-0.00132,-0.00292,0.00176,-0.00016,-7e-05,-5e-05,0.00487,-0.00095,-0.00018,-0.00034,-3e-05,0,0,0.00036,-0.00472,-0.00164,-0.00257,0,-4e-05,-2e-05
79.26,7e-05,0.00299,0.00164,0.00036,0.00084,-0,-0.00293,0.0002,0.00075,0.00061,0,-1e-05,3e-05,-0.00382,0.00192,-0.00276,0.00136,-0.00014,-4e-05,-5e-05,0.00405,-0.00084,-0.00014,-0.00025,-2e-05,0,0,-0.0017,-0.00468,-0.00159,-0.00234,1e-05,-4e-05,-2e-05
79.28,0.00022,0.00328,0.00143,0.00042,0.00081,-0,-0.00264,0.00069,0.00057,0.00099,0,-1e-05,3e-05,-0.00394,0.00406,-0.0024,0.00098,-0.00011,-1e-05,-4e-05,0.00338,-0.00077,-0.00011,-0.00013,-2e-05,0,0,-0.00381,-0.00432,-0.00141,-0.00192,2e-05,-3e-05,-2e-05
79.3,0.00044,0.00343,0.00097,0.00048,0.00078,-0,-0.00206,0.00125,0.00035,0.00149,0,-1e-05,3e-05,-0.0039,0.00524,-0.00193,0.00073,-8e-05,0,-3e-05,0.00284,-0.00075,-8e-05,-4e-05,-1e-05,0,0,-0.00583,-0.00374,-0.00115,-0.00137,2e-05,-3e-05,-1e-05
79.32,0.00064,0.00344,0.00042,0.00054,0.00074,-0,-0.0012,0.00192,0.00014,0.00214,0,-0,2e-05,-0.0037,0.0058,-0.00147,0.00066,-7e-05,2e-05,-2e-05,0.00238,-0.00078,-5e-05,4e-05,0,1e-05,0,-0.00753,-0.00308,-0.00088,-0.00081,3e-05,-2e-05,-1e-05
79.34,0.00081,0.00337,-0.00023,0.00061,0.0007,-0,8e-05,0.00269,-9e-05,0.00291,-0,-0,1e-05,-0.00344,0.00584,-0.00106,0.00063,-6e-05,3e-05,-1e-05,0.00203,-0.00084,-1e-05,0.00012,1e-05,1e-05,0,-0.00873,-0.00238,-0.00062,-0.00024,3e-05,-2e-05,-1e-05
79.36,0.00103,0.00326,-0.00095,0.00068,0.00067,-0,0.00171,0.00351,-0.00034,0.00372,-0,-0,0,-0.00319,0.00541,-0.00071,0.00058,-4e-05,3e-05,-0,0.00176,-0.00092,3e-05,0.00018,1e-05,1e-05,0,-0.00937,-0.00167,-0.00038,0.00029,3e-05,-1e-05,-1e-05
79.38,0.00126,0.00311,-0.00164,0.00075,0.00062,-0,0.00349,0.00436,-0.00059,0.00448,-0,-0,-1e-05,-0.00296,0.00471,-0.00045,0.00052,-3e-05,2e-05,1e-05,0.00157,-0.00101,8e-05,0.00022,2e-05,1e-05,0,-0.00936,-0.00099,-0.00019,0.00074,3e-05,-1e-05,-0
79.4,0.00146,0.00293,-0.00212,0.00079,0.00057,-0,0.00525,0.00527,-0.00091,0.00513,-0,-0,-1e-05,-0.00278,0.00392,-0.00025,0.00041,-3e-05,2e-05,1e-05,0.00143,-0.00109,0.00012,0.00024,2e-05,1e-05,0,-0.0088,-0.00036,-6e-05,0.00096,3e-05,-1e-05,-0
79.42,0.00164,0.00274,-0.00223,0.0008,0.00052,-0,0.00687,0.00627,-0.00141,0.00562,-0,-0,-1e-05,-0.00263,0.00314,-0.00012,0.00028,-2e-05,1e-05,1e-05,0.00134,-0.00113,0.00015,0.00025,2e-05,1e-05,0,-0.00786,0.00022,2e-05,0.00089,3e-05,-0,-0
79.44,0.00178,0.00248,-0.002,0.00077,0.00046,-0,0.00815,0.00725,-0.0021,0.0058,-0,-1e-05,-1e-05,-0.00253,0.0024,-5e-05,0.00016,-1e-05,0,1e-05,0.00127,-0.00112,0.00017,0.00026,2e-05,1e-05,0,-0.00666,0.00077,6e-05,0.0007,3e-05,-0,-0
79.46,0.00189,0.00212,-0.00158,0.00072,0.0004,-0,0.0089,0.00815,-0.00295,0.00563,-1e-05,-1e-05,-1e-05,-0.00249,0.00174,-1e-05,0.0001,-1e-05,-0,1e-05,0.00121,-0.00107,0.00017,0.00026,2e-05,0,0,-0.00535,0.00126,5e-05,0.00047,3e-05,0,0
79.48,0.00194,0.00169,-0.00107,0.00064,0.00033,-0,0.00895,0.00893,-0.00398,0.00519,-1e-05,-2e-05,0,-0.00248,0.00122,0,7e-05,-1e-05,-0,1e-05,0.00115,-0.00099,0.00016,0.00027,3e-05,0,0,-0.00407,0.0017,1e-05,0.00023,3e-05,0,0
79.5,0.002,0.00123,-0.00054,0.00054,0.00025,-0,0.00911,0.00947,-0.00503,0.00458,-1e-05,-2e-05,1e-05,-0.00251,0.00081,0,6e-05,-1e-05,0,1e-05,0.00108,-0.00089,0.00013,0.00027,3e-05,0,-0,-0.00295,0.00207,-5e-05,1e-05,3e-05,0,0
79.52,0.00215,0.00079,-6e-05,0.00043,0.00018,-0,0.01041,0.00947,-0.00558,0.00382,-1e-05,-3e-05,1e-05,-0.00259,0.00049,0,7e-05,-1e-05,1e-05,0,0.001,-0.0008,0.0001,0.00028,3e-05,-0,-0,-0.00205,0.00233,-0.00013,-0.00013,3e-05,0,0
79.54,0.00194,0.00039,-0.00012,0.00032,0.00011,-0,0.01168,0.00823,-0.00496,0.00301,-1e-05,-3e-05,1e-05,-0.00269,0.00027,0,8e-05,-1e-05,3e-05,-1e-05,0.00091,-0.00073,7e-05,0.00029,3e-05,-0,-0,-0.00139,0.00248,-0.00021,-0.00017,3e-05,0,0
79.56,0.00135,0.00011,-0.00044,0.00022,5e-05,-0,0.01286,0.00653,-0.00402,0.00233,-1e-05,-3e-05,1e-05,-0.00279,0.00019,-0,8e-05,0,5e-05,-2e-05,0.00081,-0.00067,6e-05,0.00029,3e-05,-0,-0,-0.00094,0.00253,-0.0003,-0.00013,4e-05,0,0
79.58,0.0006,-6e-05,-0.00069,0.00014,-1e-05,-0,0.01459,0.00488,-0.00328,0.00179,-1e-05,-3e-05,1e-05,-0.00289,0.00019,-0,6e-05,2e-05,7e-05,-3e-05,0.00072,-0.00061,5e-05,0.00028,3e-05,-0,-0,-0.00065,0.0025,-0.00037,-4e-05,4e-05,0,0
79.6,-0.0002,-0.00013,-0.00076,7e-05,-6e-05,-0,0.01682,0.00329,-0.00274,0.00139,-1e-05,-4e-05,1e-05,-0.00292,0.00023,-1e-05,4e-05,3e-05,8e-05,-4e-05,0.00063,-0.00057,6e-05,0.00027,3e-05,-0,-0,-0.00047,0.00239,-0.00043,7e-05,3e-05,0,0
79.62,-0.00093,-0.00015,-0.00061,3e-05,-0.00011,-0,0.01939,0.00186,-0.00237,0.00109,-1e-05,-4e-05,2e-05,-0.00281,0.00027,-1e-05,4e-05,3e-05,0.0001,-5e-05,0.00056,-0.00054,7e-05,0.00026,2e-05,-0,-0,-0.00035,0.00222,-0.00045,0.00015,3e-05,0,0
79.64,-0.00154,-0.00014,-0.00032,-0,-0.00014,-0,0.02194,0.00077,-0.00207,0.00077,-1e-05,-5e-05,2e-05,-0.00259,0.00031,-2e-05,7e-05,3e-05,0.0001,-4e-05,0.00052,-0.00051,0.0001,0.00025,2e-05,-0,-0,-0.00024,0.002,-0.00045,0.00022,3e-05,0,0
79.66,-0.00202,-0.0001,-1e-05,-2e-05,-0.00016,-0,0.02414,0.0001,-0.00177,0.00042,-1e-05,-7e-05,3e-05,-0.0023,0.00032,-4e-05,0.0001,2e-05,0.0001,-4e-05,0.00051,-0.00047,0.00013,0.00023,2e-05,-0,-0,-0.00013,0.00175,-0.00043,0.00028,3e-05,0,0
79.68,-0.0024,-5e-05,0.00026,-3e-05,-0.00018,-0,0.02575,-0.00018,-0.0013,6e-05,-0,-8e-05,3e-05,-0.00193,0.0003,-6e-05,0.00014,-0,9e-05,-3e-05,0.00053,-0.00043,0.00016,0.00022,1e-05,-0,-0,-1e-05,0.00147,-0.00039,0.00032,3e-05,0,0
79.7,-0.00257,1e-05,0.00042,-3e-05,-0.00019,-0,0.0267,-0.00014,-0.0007,-0.00026,0,-9e-05,4e-05,-0.00155,0.00021,-9e-05,0.00021,-3e-05,7e-05,-3e-05,0.00058,-0.00038,0.00018,0.00021,1e-05,-0,-0,0.00011,0.00117,-0.00034,0.00034,2e-05,0,0
79.72,-0.00245,7e-05,0.00045,-3e-05,-0.0002,-0,0.02712,-3e-05,-0.00023,-0.00051,1e-05,-7e-05,4e-05,-0.00119,5e-05,-0.00012,0.00034,-4e-05,5e-05,-2e-05,0.00066,-0.00032,0.0002,0.0002,0,-0,-0,0.00025,0.00085,-0.00028,0.00034,2e-05,0,0
79.74,-0.00244,0.00011,0.00041,-3e-05,-0.00021,-0,0.02524,0.00021,0.00021,-0.00065,2e-05,-3e-05,4e-05,-0.00085,-0.00016,-0.00016,0.00048,-3e-05,3e-05,-2e-05,0.00076,-0.00025,0.0002,0.00019,0,-0,-0,0.00039,0.00053,-0.00022,0.00033,2e-05,0,0
79.76,-0.00263,0.00012,0.00036,-3e-05,-0.00021,-0,0.02177,0.00053,0.00059,-0.00063,3e-05,2e-05,4e-05,-0.00053,-0.00041,-0.0002,0.00058,-2e-05,1e-05,-1e-05,0.00086,-0.00016,0.00019,0.00018,-0,0,0,0.00053,0.00023,-0.00015,0.0003,1e-05,0,0
79.78,-0.00288,9e-05,0.00029,-3e-05,-0.00021,-0,0.01803,0.00079,0.00082,-0.00048,4e-05,6e-05,3e-05,-0.00025,-0.00071,-0.00025,0.00067,-1e-05,-0,-1e-05,0.00095,-7e-05,0.00017,0.00016,-1e-05,0,0,0.00066,-5e-05,-8e-05,0.00028,1e-05,0,0
79.8,-0.00311,4e-05,0.00023,-2e-05,-0.00021,-0,0.01451,0.00088,0.00082,-0.00027,5e-05,0.0001,2e-05,-3e-05,-0.00104,-0.00029,0.0007,-1e-05,-1e-05,-0,0.00102,2e-05,0.00014,0.00015,-1e-05,0,0,0.00077,-0.00029,-1e-05,0.00024,0,0,0
79.82,-0.00318,-3e-05,0.00018,-2e-05,-0.0002,-0,0.01162,0.00078,0.00062,-8e-05,6e-05,0.00013,1e-05,0.00015,-0.00132,-0.00032,0.00066,-1e-05,-1e-05,-0,0.00105,0.0001,0.0001,0.00013,-1e-05,0,0,0.00085,-0.00048,6e-05,0.0002,0,0,0
79.84,-0.0031,-9e-05,0.00015,-1e-05,-0.00019,-0,0.00933,0.00062,0.0004,7e-05,6e-05,0.00014,0,0.00029,-0.00155,-0.00034,0.00058,0,-0,0,0.00102,0.00015,7e-05,0.00012,-1e-05,-0,-0,0.00089,-0.00061,0.00013,0.00017,-0,1e-05,0
79.86,-0.00295,-0.00015,0.00013,-1e-05,-0.00017,-0,0.00746,0.00049,0.00021,0.00019,6e-05,0.00013,-0,0.00039,-0.00175,-0.00036,0.00048,2e-05,-0,0,0.00095,0.00018,4e-05,0.00011,-1e-05,-0,-0,0.00086,-0.00069,0.00018,0.00015,-0,1e-05,0
79.88,-0.0027,-0.00018,0.00012,-0,-0.00015,-0,0.00597,0.00039,6e-05,0.00027,6e-05,0.00012,-0,0.00046,-0.00188,-0.00037,0.00034,4e-05,0,1e-05,0.00084,0.00018,1e-05,0.0001,-1e-05,-0,-0,0.00077,-0.00071,0.00023,0.00013,-0,1e-05,0
79.9,-0.00238,-0.0002,0.00011,0,-0.00013,-0,0.00483,0.00032,-5e-05,0.0003,5e-05,0.0001,-1e-05,0.00051,-0.00196,-0.00038,0.00015,8e-05,0,1e-05,0.00069,0.00015,-0,0.0001,-0,-0,-0,0.00064,-0.00069,0.00027,0.00012,-0,1e-05,0
79.92,-0.00203,-0.00021,0.00011,1e-05,-0.0001,-0,0.004,0.00025,-0.00012,0.00029,4e-05,7e-05,-1e-05,0.00056,-0.00199,-0.00037,-7e-05,0.00013,0,2e-05,0.00054,0.0001,-1e-05,0.00011,-0,-0,-0,0.00048,-0.00063,0.0003,0.00012,-0,1e-05,0
79.94,-0.00169,-0.0002,0.0001,1e-05,-7e-05,-0,0.00334,0.00021,-0.00015,0.00026,4e-05,4e-05,-1e-05,0.00061,-0.00198,-0.00036,-0.0003,0.00018,0,2e-05,0.00038,4e-05,-1e-05,0.00011,-0,-0,-0,0.00031,-0.00055,0.00031,0.00013,-0,1e-05,0
79.96,-0.00138,-0.00019,0.0001,1e-05,-5e-05,-0,0.00276,0.00019,-0.00016,0.00021,3e-05,2e-05,-0,0.00066,-0.00191,-0.00033,-0.00054,0.0002,-0,3e-05,0.00025,-3e-05,-0,0.00012,0,-0,-0,0.00016,-0.00044,0.00031,0.00013,0,1e-05,0
79.98,-0.00112,-0.00017,0.0001,1e-05,-3e-05,-0,0.00223,0.00017,-0.00015,0.00016,3e-05,1e-05,-0,0.00069,-0.00181,-0.0003,-0.00079,0.00021,-0,3e-05,0.00013,-0.00011,1e-05,0.00012,0,-0,-0,3e-05,-0.00032,0.0003,0.00013,0,0,0
80,-0.00089,-0.00015,9e-05,1e-05,-1e-05,-0,0.00175,0.00016,-0.00013,0.00011,3e-05,1e-05,-0,0.00073,-0.00168,-0.00027,-0.00102,0.0002,-0,3e-05,3e-05,-0.00019,2e-05,0.00012,0,-0,-0,-8e-05,-0.00019,0.00027,0.00013,0,0,0
80.02,-0.0007,-0.00013,8e-05,1e-05,0,-0,0.00133,0.00014,-0.0001,7e-05,3e-05,0,-0,0.00078,-0.00156,-0.00023,-0.00121,0.00016,-0,2e-05,-4e-05,-0.00027,4e-05,0.00012,1e-05,-0,-0,-0.00016,-7e-05,0.00024,0.00013,0,0,0
80.04,-0.00054,-0.00012,6e-05,1e-05,1e-05,-0,0.00093,0.00012,-8e-05,3e-05,3e-05,-0,-0,0.00082,-0.00143,-0.00019,-0.00135,0.00013,0,2e-05,-0.0001,-0.00035,7e-05,0.00012,1e-05,-0,-0,-0.00023,4e-05,0.00021,0.00013,0,0,0
80.06,-0.0004,-0.0001,5e-05,1e-05,2e-05,-0,0.00056,9e-05,-6e-05,1e-05,3e-05,-0,0,0.00085,-0.00126,-0.00015,-0.00146,0.00011,0,1e-05,-0.00015,-0.00042,9e-05,0.00011,1e-05,0,0,-0.00028,0.00015,0.00017,0.00012,0,0,0
80.08,-0.00029,-8e-05,3e-05,1e-05,2e-05,-0,0.0002,6e-05,-4e-05,-1e-05,3e-05,0,0,0.00087,-0.00108,-0.00011,-0.00152,0.0001,0,1e-05,-0.00019,-0.00048,0.00012,0.00011,1e-05,0,0,-0.00032,0.00023,0.00014,0.00012,1e-05,0,0
80.1,-0.00019,-7e-05,0,1e-05,3e-05,-0,-0.00012,4e-05,-3e-05,-2e-05,2e-05,0,0,0.00088,-0.0009,-8e-05,-0.00154,9e-05,0,0,-0.00023,-0.00052,0.00013,0.0001,1e-05,0,0,-0.00034,0.0003,0.00011,0.00011,1e-05,0,0
80.12,-0.00011,-6e-05,-2e-05,1e-05,3e-05,-0,-0.00041,1e-05,-2e-05,-2e-05,2e-05,0,0,0.00089,-0.00073,-5e-05,-0.00151,0.0001,0,0,-0.00026,-0.00052,0.00014,0.0001,0,0,0,-0.00036,0.00035,8e-05,0.0001,1e-05,0,0
80.14,-4e-05,-5e-05,-5e-05,1e-05,3e-05,-0,-0.00066,-1e-05,-1e-05,-2e-05,2e-05,0,-0,0.00088,-0.00058,-2e-05,-0.00143,0.00011,0,1e-05,-0.00028,-0.0005,0.00013,9e-05,0,0,0,-0.00036,0.00038,6e-05,9e-05,0,0,0
80.16,3e-05,-4e-05,-7e-05,1e-05,3e-05,-0,-0.00087,-3e-05,-1e-05,-1e-05,1e-05,0,-0,0.00086,-0.00043,0,-0.00131,0.00011,-0,1e-05,-0.00031,-0.00044,0.0001,8e-05,0,0,0,-0.00036,0.00039,4e-05,8e-05,0,0,0
80.18,8e-05,-3e-05,-8e-05,1e-05,2e-05,-0,-0.00102,-5e-05,-0,-1e-05,1e-05,0,0,0.00083,-0.00029,2e-05,-0.00115,0.0001,-0,1e-05,-0.00033,-0.00035,7e-05,8e-05,0,0,0,-0.00035,0.00039,2e-05,7e-05,0,0,0
80.2,0.00012,-2e-05,-9e-05,1e-05,2e-05,-0,-0.00113,-6e-05,0,-0,0,0,0,0.00079,-0.00017,3e-05,-0.00098,9e-05,-0,0,-0.00035,-0.00025,2e-05,7e-05,0,0,0,-0.00033,0.00037,0,6e-05,0,0,0
80.22,0.00015,-2e-05,-9e-05,1e-05,2e-05,-0,-0.00118,-6e-05,1e-05,0,0,0,0,0.00072,-8e-05,3e-05,-0.00084,7e-05,-0,0,-0.00036,-0.00015,-2e-05,6e-05,0,-0,-0,-0.0003,0.00034,-2e-05,5e-05,0,-0,-0
80.24,0.00017,-1e-05,-9e-05,1e-05,2e-05,-0,-0.00117,-7e-05,2e-05,1e-05,0,0,0,0.00064,-1e-05,4e-05,-0.00071,5e-05,-0,0,-0.00036,-4e-05,-6e-05,5e-05,0,-0,-0,-0.00027,0.00032,-4e-05,3e-05,0,-0,-0
80.26,0.00018,-1e-05,-8e-05,1e-05,1e-05,-0,-0.00111,-7e-05,3e-05,1e-05,0,0,0,0.00057,5e-05,4e-05,-0.00057,3e-05,-0,0,-0.00036,5e-05,-9e-05,5e-05,0,-0,-0,-0.00023,0.00029,-8e-05,2e-05,0,-0,-0
80.28,0.00019,-1e-05,-6e-05,1e-05,1e-05,-0,-0.00099,-7e-05,5e-05,2e-05,0,0,0,0.00049,8e-05,4e-05,-0.00044,2e-05,0,-0,-0.00035,0.00014,-0.00012,4e-05,0,-0,-0,-0.00018,0.00027,-0.00011,0,0,-0,-0
80.3,0.00019,-0,-5e-05,1e-05,1e-05,-0,-0.00081,-7e-05,7e-05,2e-05,0,0,0,0.00039,0.00011,4e-05,-0.00033,0,0,-0,-0.00033,0.00021,-0.00013,3e-05,0,-0,-0,-0.00014,0.00025,-0.00015,-1e-05,0,-0,-0
80.32,0.00019,-0,-3e-05,1e-05,1e-05,-0,-0.0006,-7e-05,0.0001,2e-05,1e-05,0,0,0.00025,0.00013,4e-05,-0.00024,-0,0,-0,-0.00031,0.00028,-0.00015,2e-05,0,-0,-0,-9e-05,0.00023,-0.00018,-2e-05,0,-0,-0
80.34,0.00018,0,-1e-05,1e-05,1e-05,-0,-0.00036,-7e-05,0.00013,3e-05,1e-05,0,0,0.00011,0.00014,4e-05,-0.00017,-1e-05,0,-0,-0.00029,0.00034,-0.00017,2e-05,0,-0,-0,-5e-05,0.00021,-0.00021,-3e-05,0,-0,-0
80.36,0.00017,1e-05,0,1e-05,0,-0,-0.00011,-7e-05,0.00016,3e-05,2e-05,1e-05,0,-3e-05,0.00015,4e-05,-0.0001,-2e-05,0,-0,-0.00027,0.0004,-0.00018,1e-05,0,-0,-0,-1e-05,0.00019,-0.00024,-4e-05,0,-0,-0
80.38,0.00016,1e-05,1e-05,1e-05,0,-0,0.00013,-7e-05,0.00019,3e-05,2e-05,1e-05,0,-0.00017,0.00015,3e-05,-5e-05,-2e-05,0,-0,-0.00025,0.00045,-0.00019,1e-05,0,-0,-0,3e-05,0.00016,-0.00025,-5e-05,0,-0,-0
80.4,0.00016,1e-05,2e-05,1e-05,0,-0,0.00034,-7e-05,0.00022,3e-05,3e-05,1e-05,0,-0.00031,0.00016,3e-05,-0,-3e-05,0,-0,-0.00023,0.00049,-0.0002,0,0,-0,-0,5e-05,0.00013,-0.00026,-5e-05,0,-0,-0
80.42,0.00016,1e-05,3e-05,1e-05,0,-0,0.00049,-6e-05,0.00025,3e-05,3e-05,1e-05,0,-0.00044,0.00016,2e-05,4e-05,-4e-05,0,-0,-0.00021,0.00051,-0.0002,-0,0,-0,-0,7e-05,9e-05,-0.00025,-5e-05,0,-0,-0
80.44,0.00016,1e-05,3e-05,0,0,-0,0.00057,-5e-05,0.00027,4e-05,3e-05,1e-05,0,-0.00054,0.00017,1e-05,7e-05,-4e-05,0,-0,-0.00019,0.00051,-0.00019,-0,0,-0,-0,8e-05,6e-05,-0.00023,-5e-05,0,-0,-0
80.46,0.00017,1e-05,3e-05,0,1e-05,-0,0.00056,-3e-05,0.00026,4e-05,3e-05,1e-05,0,-0.00063,0.00018,-0,0.00011,-5e-05,0,-0,-0.00018,0.00048,-0.00018,-0,0,-0,-0,7e-05,2e-05,-0.0002,-4e-05,0,-0,-0
80.48,0.00018,1e-05,2e-05,0,1e-05,-0,0.00048,-1e-05,0.00022,3e-05,2e-05,1e-05,0,-0.0007,0.00018,-2e-05,0.00014,-6e-05,0,-1e-05,-0.00016,0.00044,-0.00015,-0,0,-0,-0,6e-05,-2e-05,-0.00017,-4e-05,0,-0,-0
80.5,0.00019,1e-05,2e-05,0,1e-05,-0,0.00032,1e-05,0.00014,3e-05,2e-05,1e-05,0,-0.00075,0.00019,-3e-05,0.00017,-6e-05,-0,-1e-05,-0.00014,0.00037,-0.00012,-0,0,-0,-0,4e-05,-6e-05,-0.00013,-3e-05,0,-0,-0
80.52,0.00021,1e-05,1e-05,0,1e-05,-0,0.00011,4e-05,3e-05,2e-05,0,1e-05,0,-0.00078,0.00019,-4e-05,0.00019,-7e-05,-0,-1e-05,-0.00012,0.00029,-9e-05,-0,-0,-0,-0,2e-05,-9e-05,-9e-05,-3e-05,-0,-0,-0
80.54,0.00022,1e-05,1e-05,0,1e-05,-0,-0.00016,8e-05,-0.0001,2e-05,-1e-05,0,-0,-0.00079,0.00019,-5e-05,0.00022,-7e-05,-1e-05,-1e-05,-0.0001,0.00021,-6e-05,0,-0,0,0,1e-05,-0.00012,-5e-05,-2e-05,-0,-0,-0
80.56,0.00024,1e-05,0,0,1e-05,-0,-0.00045,0.00011,-0.00024,1e-05,-2e-05,0,-0,-0.00078,0.00019,-6e-05,0.00024,-6e-05,-1e-05,-1e-05,-8e-05,0.00013,-2e-05,0,-0,0,0,-1e-05,-0.00014,-1e-05,-2e-05,-0,-0,-0
80.58,0.00024,0,0,0,1e-05,-0,-0.00077,0.00014,-0.00039,0,-3e-05,-0,-0,-0.00075,0.00019,-7e-05,0.00025,-6e-05,-1e-05,-1e-05,-6e-05,5e-05,0,0,-0,0,0,-2e-05,-0.00015,3e-05,-2e-05,-0,0,0
80.6,0.00025,0,0,0,0,-0,-0.00109,0.00017,-0.00052,-0,-4e-05,-0,-0,-0.00071,0.00018,-7e-05,0.00026,-5e-05,-1e-05,-1e-05,-3e-05,-3e-05,3e-05,-0,-0,0,0,-2e-05,-0.00016,6e-05,-1e-05,-0,0,0
80.62,0.00025,0,-0,0,0,-0,-0.00139,0.00019,-0.00062,-1e-05,-4e-05,-1e-05,-0,-0.00065,0.00017,-8e-05,0.00027,-2e-05,-1e-05,-1e-05,-1e-05,-9e-05,5e-05,-0,-0,0,0,-2e-05,-0.00016,9e-05,-1e-05,-0,0,0
80.64,0.00025,0,-0,0,0,-0,-0.00164,0.0002,-0.00067,-1e-05,-4e-05,-1e-05,-0,-0.00059,0.00015,-8e-05,0.00028,1e-05,-1e-05,-0,2e-05,-0.00014,6e-05,-0,-0,0,0,-2e-05,-0.00016,0.00012,-1e-05,-0,0,0
80.66,0.00025,0,0,0,0,-0,-0.00183,0.0002,-0.00068,-1e-05,-4e-05,-1e-05,-0,-0.00052,0.00013,-7e-05,0.00028,1e-05,-1e-05,0,4e-05,-0.00017,7e-05,-1e-05,-0,0,0,-1e-05,-0.00016,0.00014,-1e-05,-0,0,0
80.68,0.00025,0,0,0,-0,-0,-0.00192,0.00019,-0.00067,0,-3e-05,-1e-05,-0,-0.00044,0.00011,-7e-05,0.00028,2e-05,-1e-05,0,7e-05,-0.0002,7e-05,-1e-05,-0,0,0,0,-0.00015,0.00016,-0,-0,0,0
80.7,0.00025,0,0,0,-0,-0,-0.00189,0.00018,-0.00061,2e-05,-3e-05,-1e-05,0,-0.00037,8e-05,-7e-05,0.00027,1e-05,-0,0,9e-05,-0.00021,7e-05,-1e-05,-0,-0,-0,1e-05,-0.00015,0.00017,-0,-0,0,0
80.72,0.00025,-0,0,0,-0,-0,-0.00174,0.00015,-0.00045,5e-05,-2e-05,-1e-05,0,-0.00031,5e-05,-7e-05,0.00025,-0,-0,0,0.00012,-0.00022,6e-05,-2e-05,-0,-0,-0,2e-05,-0.00014,0.00018,-0,-0,0,0
80.74,0.00025,-0,0,0,-0,-0,-0.00145,0.00012,-0.00029,8e-05,-1e-05,-0,0,-0.00025,2e-05,-6e-05,0.00022,-0,-0,-0,0.00014,-0.00021,5e-05,-2e-05,-0,-0,-0,2e-05,-0.00013,0.00019,0,-0,0,0
80.76,0.00025,-0,0,0,-1e-05,-0,-0.00107,9e-05,-0.00016,0.00012,-1e-05,-0,0,-0.0002,-1e-05,-6e-05,0.00019,1e-05,0,0,0.00016,-0.00021,5e-05,-2e-05,-0,-0,-0,2e-05,-0.00012,0.00019,1e-05,-0,0,0
80.78,0.00025,-0,0,0,-0,-0,-0.00065,5e-05,-5e-05,0.00015,-0,-0,0,-0.00015,-4e-05,-5e-05,0.00015,3e-05,0,0,0.00018,-0.0002,4e-05,-3e-05,-0,-0,-0,1e-05,-0.0001,0.00018,1e-05,-0,0,0
80.8,0.00025,-0,0,0,-0,-0,-0.00027,2e-05,2e-05,0.00019,-0,0,0,-0.00012,-6e-05,-5e-05,0.00011,5e-05,0,0,0.00019,-0.00019,4e-05,-3e-05,-0,-0,-0,-0,-8e-05,0.00017,1e-05,-0,0,0
80.82,0.00026,0,0,0,0,-0,-4e-05,-1e-05,0.00013,0.00025,-0,0,-0,-9e-05,-8e-05,-4e-05,6e-05,6e-05,0,0,0.00021,-0.00019,4e-05,-3e-05,-0,-0,-0,-2e-05,-6e-05,0.00015,2e-05,-0,0,0
80.84,0.00027,0,-0,-0,1e-05,-0,-2e-05,-3e-05,0.0003,0.00031,0,0,-0,-7e-05,-9e-05,-4e-05,0,6e-05,0,0,0.00022,-0.00019,5e-05,-3e-05,-0,-0,-0,-3e-05,-3e-05,0.00013,2e-05,-0,0,0
80.86,0.00029,1e-05,-0,-0,2e-05,-0,-0.00021,-5e-05,0.00048,0.00032,0,0,-0,-6e-05,-0.0001,-4e-05,-5e-05,7e-05,0,1e-05,0.00023,-0.0002,6e-05,-4e-05,-0,-0,-0,-4e-05,-1e-05,0.0001,3e-05,-0,0,0
80.88,0.0003,1e-05,-0,-0,4e-05,-0,-0.00057,-9e-05,0.00063,0.00029,0,-0,-0,-5e-05,-0.0001,-3e-05,-0.0001,7e-05,-0,1e-05,0.00025,-0.00021,8e-05,-4e-05,-0,-0,-0,-5e-05,2e-05,6e-05,3e-05,-0,0,0
80.9,0.00032,1e-05,0,-0,6e-05,-0,-0.00103,-0.00017,0.00066,0.00019,-0,-0,0,-5e-05,-0.0001,-3e-05,-0.00014,8e-05,-0,1e-05,0.00026,-0.00021,0.00011,-4e-05,-0,-0,-0,-6e-05,4e-05,2e-05,4e-05,-0,0,0
80.92,0.00034,1e-05,2e-05,-0,9e-05,-0,-0.00156,-0.0003,0.0005,6e-05,-1e-05,-1e-05,0,-6e-05,-0.0001,-2e-05,-0.00018,9e-05,-0,1e-05,0.00026,-0.00022,0.00014,-4e-05,-0,-0,-0,-6e-05,6e-05,-3e-05,4e-05,-0,0,0
80.94,0.00035,0,5e-05,0,0.00012,-0,-0.00216,-0.00052,0.00022,-5e-05,-1e-05,-1e-05,0,-7e-05,-0.0001,-2e-05,-0.00021,9e-05,-0,1e-05,0.00027,-0.00021,0.00016,-4e-05,-0,-0,0,-6e-05,7e-05,-7e-05,5e-05,-0,0,0
80.96,0.00037,0,9e-05,0,0.00016,-0,-0.00292,-0.00086,-0.00012,-5e-05,-1e-05,-2e-05,-0,-8e-05,-0.0001,-1e-05,-0.00023,0.0001,-0,1e-05,0.00026,-0.0002,0.00018,-3e-05,-0,0,0,-6e-05,7e-05,-0.0001,5e-05,-0,0,0
80.98,0.00038,-0,0.00015,1e-05,0.00021,-0,-0.00399,-0.00136,-0.00049,0.00015,-1e-05,-3e-05,-0,-9e-05,-9e-05,-0,-0.00024,0.0001,-0,1e-05,0.00025,-0.00018,0.0002,-3e-05,-0,0,0,-5e-05,6e-05,-0.00014,6e-05,0,0,0
81,0.00039,-0,0.00021,2e-05,0.00025,-0,-0.0059,-0.00196,-0.00081,0.00072,-2e-05,-3e-05,-1e-05,-9e-05,-9e-05,0,-0.00023,9e-05,-0,1e-05,0.00022,-0.00014,0.0002,-2e-05,-0,0,0,-4e-05,5e-05,-0.00017,7e-05,0,0,0
81.02,0.00038,0,0.00025,4e-05,0.00028,-0,-0.00938,-0.00244,-0.00093,0.00185,-3e-05,-3e-05,-2e-05,-7e-05,-9e-05,1e-05,-0.00021,8e-05,-0,2e-05,0.00018,-9e-05,0.0002,-2e-05,-0,0,0,-3e-05,2e-05,-0.00019,7e-05,0,0,-0
81.04,0.00037,1e-05,0.00026,6e-05,0.00027,-0,-0.0144,-0.00269,-0.00082,0.00344,-4e-05,-1e-05,-3e-05,-4e-05,-9e-05,1e-05,-0.00018,6e-05,-0,2e-05,0.00013,-2e-05,0.00019,-1e-05,-0,0,0,-2e-05,-0,-0.0002,8e-05,0,-0,-0
81.06,0.00035,1e-05,0.00025,8e-05,0.00025,-0,-0.02052,-0.00264,-0.00054,0.00521,-5e-05,1e-05,-4e-05,3e-05,-0.0001,1e-05,-0.00014,4e-05,-0,2e-05,6e-05,5e-05,0.00016,-0,-0,0,0,-1e-05,-4e-05,-0.00021,8e-05,0,-0,-0
81.08,0.00039,2e-05,0.00029,0.00012,0.00023,-0,-0.02458,-0.00248,-0.00019,0.00634,-5e-05,5e-05,-4e-05,0.00012,-0.0001,2e-05,-9e-05,2e-05,-0,2e-05,-2e-05,0.00013,0.00012,0,-0,0,0,-0,-7e-05,-0.00021,9e-05,0,-0,-0
81.1,0.00049,2e-05,0.00036,0.00015,0.00021,-0,-0.02618,-0.00202,0.00024,0.00654,-4e-05,0.0001,-4e-05,0.00024,-0.00011,2e-05,-5e-05,-1e-05,0,2e-05,-0.00011,0.00022,8e-05,1e-05,-0,0,0,1e-05,-0.00012,-0.0002,9e-05,1e-05,-0,-0
81.12,0.00063,3e-05,0.00037,0.00017,0.00019,-0,-0.02688,-0.00107,0.00089,0.00604,-4e-05,0.00016,-3e-05,0.0004,-0.00012,2e-05,0,-3e-05,1e-05,2e-05,-0.0002,0.00029,4e-05,1e-05,-0,0,0,1e-05,-0.00017,-0.00019,9e-05,1e-05,-0,-0
81.14,0.00084,3e-05,0.00031,0.00017,0.00017,-0,-0.02615,-0.00021,0.00175,0.00485,-3e-05,0.00022,-2e-05,0.00059,-0.00013,2e-05,5e-05,-5e-05,1e-05,2e-05,-0.00029,0.00036,1e-05,2e-05,-0,0,0,2e-05,-0.00023,-0.00018,9e-05,1e-05,-0,-0
81.16,0.00108,4e-05,0.00017,0.00016,0.00016,-0,-0.02402,-3e-05,0.00271,0.00331,-2e-05,0.00026,-1e-05,0.00082,-0.00015,2e-05,0.0001,-5e-05,2e-05,1e-05,-0.00037,0.00042,-0,1e-05,-0,0,0,2e-05,-0.00029,-0.00016,9e-05,1e-05,-0,-0
81.18,0.00133,6e-05,2e-05,0.00014,0.00014,-0,-0.02057,-0.00088,0.00362,0.0018,-1e-05,0.0003,0,0.00106,-0.00018,2e-05,0.00015,-6e-05,2e-05,1e-05,-0.00043,0.00046,-1e-05,1e-05,-1e-05,0,0,3e-05,-0.00037,-0.00014,8e-05,1e-05,-0,-0
81.2,0.00151,7e-05,-6e-05,9e-05,0.00012,-0,-0.01661,-0.00282,0.00435,0.00082,-1e-05,0.00031,1e-05,0.00133,-0.00021,3e-05,0.00019,-4e-05,3e-05,-0,-0.00047,0.00049,-1e-05,-1e-05,-1e-05,0,0,4e-05,-0.00045,-0.00012,8e-05,1e-05,-0,-0
81.22,0.00156,0.0001,2e-05,-1e-05,0.00011,-0,-0.01216,-0.00544,0.00499,0.00034,-0,0.00027,2e-05,0.00164,-0.00025,3e-05,0.00024,-0,4e-05,-1e-05,-0.00048,0.00053,-1e-05,-3e-05,-1e-05,0,0,5e-05,-0.00053,-0.0001,7e-05,1e-05,-0,-0
81.24,0.00157,0.00014,0.00031,-0.00013,9e-05,-0,-0.00633,-0.00776,0.00501,-6e-05,-0,0.00022,2e-05,0.00195,-0.0003,3e-05,0.00029,5e-05,5e-05,-1e-05,-0.00046,0.00056,0,-6e-05,-1e-05,0,0,8e-05,-0.0006,-9e-05,5e-05,1e-05,-0,-0
81.26,0.00163,0.00021,0.00073,-0.00025,7e-05,-0,0.00013,-0.00905,0.0043,-0.00065,-0,0.00015,2e-05,0.00223,-0.00035,3e-05,0.00033,9e-05,5e-05,-2e-05,-0.0004,0.0006,1e-05,-0.00011,-1e-05,0,0,0.00012,-0.00067,-8e-05,4e-05,1e-05,-0,-0
81.28,0.00179,0.00028,0.00112,-0.00037,4e-05,-0,0.00691,-0.00865,0.00299,-0.00167,0,7e-05,2e-05,0.00245,-0.00041,2e-05,0.00036,0.00012,6e-05,-2e-05,-0.00032,0.00064,2e-05,-0.00016,-1e-05,0,0,0.00016,-0.00072,-8e-05,3e-05,1e-05,-0,-0
81.3,0.002,0.00035,0.00136,-0.00047,2e-05,-0,0.01229,-0.00665,0.00141,-0.00328,0,-1e-05,0,0.00265,-0.00046,2e-05,0.00038,0.00013,6e-05,-2e-05,-0.00023,0.00067,3e-05,-0.00022,-2e-05,0,0,0.00021,-0.00075,-8e-05,1e-05,1e-05,-0,-0
81.32,0.00215,0.00039,0.00143,-0.00056,1e-05,-0,0.01373,-0.0038,8e-05,-0.00548,0,-8e-05,-2e-05,0.00288,-0.0005,0,0.00038,0.00012,5e-05,-2e-05,-0.00012,0.00068,4e-05,-0.00029,-2e-05,0,0,0.00026,-0.00076,-9e-05,0,1e-05,-0,-0
81.34,0.00234,0.00036,0.00125,-0.00061,0,-0,0.01001,-0.00027,-0.00095,-0.0076,0,-0.00011,-4e-05,0.00307,-0.00052,-2e-05,0.00035,0.0001,5e-05,-1e-05,0,0.00068,6e-05,-0.00036,-2e-05,-0,-0,0.00031,-0.00074,-9e-05,-1e-05,1e-05,-0,-0
81.36,0.00259,0.00028,0.0009,-0.00064,-0,-0,0.00427,0.00279,-0.00164,-0.00902,0,-0.00012,-6e-05,0.00313,-0.0005,-5e-05,0.00031,9e-05,4e-05,-1e-05,0.00013,0.00063,8e-05,-0.00043,-2e-05,-0,-0,0.00035,-0.0007,-9e-05,-2e-05,1e-05,0,0
81.38,0.00283,0.00018,0.00058,-0.00063,-0,-0,-0.00032,0.00483,-0.00203,-0.00997,-0,-0.00011,-8e-05,0.00308,-0.00044,-0.0001,0.00025,7e-05,3e-05,-0,0.00028,0.00055,0.0001,-0.00049,-2e-05,-0,-0,0.00037,-0.00062,-9e-05,-2e-05,1e-05,0,0
81.4,0.00298,9e-05,0.00039,-0.00059,0,-0,-0.00284,0.00485,-0.00184,-0.01022,-0,-8e-05,-9e-05,0.00293,-0.00035,-0.00015,0.00017,6e-05,2e-05,0,0.00046,0.00042,0.00012,-0.00052,-2e-05,-1e-05,-0,0.00038,-0.00051,-9e-05,-3e-05,1e-05,0,0
81.42,0.00298,3e-05,0.00028,-0.00052,1e-05,-0,-0.00338,0.00286,-0.00109,-0.00994,1e-05,-4e-05,-0.0001,0.00267,-0.00024,-0.0002,7e-05,4e-05,1e-05,1e-05,0.0007,0.00025,0.00014,-0.0005,-2e-05,-1e-05,-0,0.00037,-0.00038,-9e-05,-2e-05,1e-05,0,0
81.44,0.00296,-0,0.00019,-0.00044,2e-05,-0,-0.00288,0.00102,-0.00041,-0.00929,3e-05,-1e-05,-0.0001,0.0023,-0.0001,-0.00024,-2e-05,3e-05,0,1e-05,0.001,4e-05,0.00016,-0.00045,-2e-05,-1e-05,-0,0.00034,-0.00022,-9e-05,-2e-05,0,0,0
81.46,0.00299,-3e-05,0.00014,-0.00035,3e-05,-0,-0.00187,0.00011,-4e-05,-0.00834,8e-05,1e-05,-0.0001,0.00186,3e-05,-0.00027,-0.00012,2e-05,-1e-05,1e-05,0.00139,-0.00021,0.00017,-0.00036,-2e-05,-1e-05,-0,0.00029,-4e-05,-0.0001,-1e-05,0,0,0
81.48,0.00308,-4e-05,0.0001,-0.00027,4e-05,-0,-0.00083,-0.00016,0.00012,-0.00718,0.00016,2e-05,-0.0001,0.00138,0.00015,-0.00028,-0.00021,1e-05,-2e-05,1e-05,0.00185,-0.00051,0.00017,-0.00025,-2e-05,-1e-05,-0,0.00022,0.00016,-0.00011,1e-05,0,1e-05,0
81.5,0.00322,-5e-05,7e-05,-0.00018,4e-05,0,-7e-05,-6e-05,0.00014,-0.00598,0.00028,2e-05,-9e-05,0.00083,0.00022,-0.00026,-0.00032,1e-05,-2e-05,0,0.0024,-0.00086,0.00017,-0.00014,-2e-05,-1e-05,-1e-05,0.00012,0.00035,-0.00012,3e-05,0,1e-05,0
81.52,0.00339,-6e-05,6e-05,-0.0001,5e-05,0,0.00031,0.00029,8e-05,-0.00486,0.00044,0,-7e-05,0.00025,0.00025,-0.00024,-0.00044,0,-2e-05,-1e-05,0.00305,-0.00124,0.00015,-5e-05,-2e-05,-1e-05,-1e-05,0,0.00051,-0.00012,4e-05,0,0,0
81.54,0.00359,-8e-05,5e-05,-3e-05,5e-05,0,0.00039,0.00077,-3e-05,-0.00386,0.00062,-2e-05,-5e-05,-0.00027,0.00022,-0.00019,-0.0006,-0,-2e-05,-2e-05,0.00374,-0.00166,0.00012,-0,-2e-05,-1e-05,-0,-0.00013,0.00061,-0.00012,5e-05,0,0,-0
81.56,0.00382,-0.0001,5e-05,3e-05,5e-05,0,0.00022,0.00114,-0.00014,-0.00298,0.00076,-3e-05,-3e-05,-0.0007,0.00013,-0.00014,-0.00078,-0,-2e-05,-2e-05,0.00443,-0.00209,8e-05,-1e-05,-2e-05,-1e-05,-0,-0.00028,0.00064,-0.00012,4e-05,0,0,-0
81.58,0.00406,-0.00012,4e-05,8e-05,4e-05,0,-0.00011,0.00136,-0.00022,-0.00223,0.00086,-3e-05,-0,-0.00109,-2e-05,-7e-05,-0.00098,-0,-1e-05,-3e-05,0.00504,-0.00253,3e-05,-7e-05,-2e-05,-1e-05,-0,-0.00041,0.00057,-0.0001,2e-05,-0,-0,-1e-05
81.6,0.00425,-0.00011,4e-05,0.00012,3e-05,0,-0.00046,0.0014,-0.00025,-0.00162,0.00088,-3e-05,2e-05,-0.00134,-0.00021,-1e-05,-0.00119,-0,-0,-3e-05,0.0055,-0.00292,-5e-05,-0.00014,-3e-05,-1e-05,-0,-0.00053,0.00043,-7e-05,-3e-05,-0,-0,-1e-05
81.62,0.00433,-8e-05,7e-05,0.00016,2e-05,0,-0.00068,0.00125,-0.00023,-0.00116,0.0008,-2e-05,3e-05,-0.00126,-0.00037,2e-05,-0.0014,-1e-05,1e-05,-4e-05,0.00573,-0.00316,-0.00015,-0.00014,-4e-05,-0,-0,-0.00061,0.00021,-2e-05,-0.0001,-0,-1e-05,-1e-05
81.64,0.00428,2e-05,0.00012,0.00018,0,0,-0.00078,0.00103,-0.00019,-0.00081,0.00065,-1e-05,3e-05,-0.00097,-0.00051,2e-05,-0.00156,-1e-05,1e-05,-3e-05,0.00563,-0.00325,-0.00027,-1e-05,-5e-05,0,0,-0.00064,-4e-05,2e-05,-0.0002,-0,-1e-05,-1e-05
81.66,0.00413,0.00019,0.00013,0.00019,-0,0,-0.00081,0.0008,-0.00015,-0.00052,0.00046,-1e-05,3e-05,-0.00077,-0.0006,-3e-05,-0.00163,-1e-05,1e-05,-3e-05,0.00512,-0.0032,-0.00041,0.00031,-7e-05,2e-05,1e-05,-0.00065,-0.00028,5e-05,-0.00031,-0,-1e-05,-1e-05
81.68,0.00386,0.00045,0.00013,0.00019,-1e-05,0,-0.00077,0.00061,-0.0001,-0.00029,0.00027,-0,3e-05,-0.00074,-0.00062,-0.00011,-0.00157,-1e-05,1e-05,-2e-05,0.00419,-0.00299,-0.00055,0.00086,-0.0001,3e-05,1e-05,-0.00063,-0.00043,5e-05,-0.00042,-0,-1e-05,-1e-05
81.7,0.00354,0.00078,0.00013,0.00019,-1e-05,0,-0.00068,0.00046,-7e-05,-0.00013,8e-05,-0,2e-05,-0.00078,-0.00056,-0.00022,-0.0014,-1e-05,-0,-2e-05,0.00284,-0.00268,-0.00064,0.00164,-0.00013,5e-05,2e-05,-0.00062,-0.00045,3e-05,-0.00052,-0,-1e-05,-2e-05
81.72,0.00322,0.00118,0.00015,0.00018,-1e-05,0,-0.0006,0.00034,-4e-05,-1e-05,-7e-05,0,1e-05,-0.00062,-0.00044,-0.00028,-0.00115,-1e-05,-1e-05,-1e-05,0.0011,-0.00235,-0.00063,0.00269,-0.00017,8e-05,3e-05,-0.00062,-0.00036,1e-05,-0.00057,-0,-1e-05,-1e-05
81.74,0.00288,0.00163,0.00019,0.00016,-0,0,-0.00052,0.00025,-3e-05,8e-05,-0.00014,1e-05,0,-0.00038,-0.00032,-0.00029,-0.00083,-0,-2e-05,-1e-05,-0.0009,-0.00194,-0.0005,0.00393,-0.00022,0.00011,5e-05,-0.00062,-0.00017,-1e-05,-0.00056,-1e-05,-1e-05,-1e-05
81.76,0.00252,0.00211,0.00021,0.00015,1e-05,0,-0.00043,0.00019,-2e-05,0.00014,-0.00015,2e-05,-1e-05,-0.00026,-0.00021,-0.00025,-0.00046,-0,-2e-05,-0,-0.00305,-0.00147,-0.00028,0.00513,-0.00028,0.00015,6e-05,-0.00062,6e-05,-0,-0.00049,-1e-05,-1e-05,-1e-05
81.78,0.0022,0.00262,0.00023,0.00013,1e-05,0,-0.00035,0.00015,-2e-05,0.00018,-0.00011,4e-05,-1e-05,-0.0002,-0.00014,-0.00017,-9e-05,-0,-2e-05,0,-0.00515,-0.00097,1e-05,0.00598,-0.00033,0.00019,7e-05,-0.00061,0.00029,3e-05,-0.00035,-1e-05,-1e-05,-1e-05
81.8,0.00191,0.00311,0.00022,0.00011,2e-05,0,-0.00029,0.00011,-2e-05,0.00019,-3e-05,5e-05,-1e-05,-0.00016,-9e-05,-8e-05,0.00024,-0,-2e-05,0,-0.00689,-0.00049,0.00027,0.00666,-0.00037,0.00023,8e-05,-0.00061,0.00048,8e-05,-0.00017,-1e-05,-0,-0
81.82,0.00166,0.00354,0.00017,0.0001,2e-05,0,-0.00027,8e-05,-3e-05,0.00017,0.00013,6e-05,-1e-05,-0.00013,-7e-05,0,0.00056,0,-1e-05,0,-0.00782,-8e-05,0.00045,0.00788,-0.00036,0.00032,0.00015,-0.00063,0.00064,0.00016,5e-05,-0,-0,-0
81.84,0.00147,0.0039,0.0001,9e-05,2e-05,-0,-0.00026,7e-05,-4e-05,0.00013,0.00028,7e-05,-1e-05,-0.00019,-6e-05,0.00011,0.00084,0,-1e-05,0,-0.00767,0.00026,0.00055,0.00908,-0.0003,0.00043,0.00024,-0.00066,0.00076,0.00024,0.00031,0,0,-0
81.86,0.00134,0.00419,1e-05,8e-05,1e-05,-0,-0.00027,6e-05,-5e-05,7e-05,0.00036,7e-05,-1e-05,-0.00038,-6e-05,0.00024,0.00104,0,-1e-05,0,-0.00653,0.00052,0.00058,0.00956,-0.00021,0.00051,0.00032,-0.00073,0.00086,0.00035,0.00057,1e-05,0,-0
81.88,0.00123,0.00439,-9e-05,7e-05,1e-05,-0,-0.00029,5e-05,-7e-05,-2e-05,0.0004,7e-05,0,-0.00061,-6e-05,0.00039,0.00115,0,-1e-05,1e-05,-0.00467,0.00072,0.00056,0.00982,-0.0001,0.00057,0.00039,-0.00083,0.00094,0.00048,0.00081,2e-05,0,0
81.9,0.00112,0.00448,-0.0002,7e-05,0,-0,-0.00032,5e-05,-9e-05,-0.00011,0.00036,6e-05,1e-05,-0.00092,-7e-05,0.00056,0.00117,0,-1e-05,1e-05,-0.00269,0.00086,0.0005,0.00918,2e-05,0.00058,0.00043,-0.00095,0.00101,0.00061,0.00104,3e-05,0,0
81.92,0.00097,0.00443,-0.0003,7e-05,1e-05,-0,-0.00033,5e-05,-0.0001,-0.0002,0.00025,5e-05,1e-05,-0.00134,-7e-05,0.00074,0.0011,0,-0,1e-05,-0.00097,0.00091,0.00042,0.00689,0.00013,0.00052,0.00042,-0.00107,0.00108,0.00076,0.0012,3e-05,0,-0
81.94,0.0008,0.00427,-0.00037,8e-05,1e-05,-0,-0.00035,4e-05,-0.00011,-0.00027,0.00015,4e-05,2e-05,-0.00167,-7e-05,0.0009,0.00097,0,-0,1e-05,0.0004,0.00081,0.00034,0.00449,0.00022,0.00042,0.00036,-0.00121,0.00115,0.00089,0.00129,3e-05,0,-0
81.96,0.00059,0.00401,-0.00042,9e-05,2e-05,-0,-0.00037,3e-05,-0.0001,-0.00032,8e-05,3e-05,2e-05,-0.00176,-6e-05,0.00098,0.00083,0,0,-0,0.00135,0.00057,0.00024,0.00274,0.00027,0.00029,0.00028,-0.00136,0.00126,0.00102,0.00135,2e-05,-0,-0
81.98,0.00039,0.00368,-0.00043,0.0001,3e-05,-0,-0.0004,1e-05,-0.0001,-0.00035,4e-05,2e-05,3e-05,-0.00158,-4e-05,0.00098,0.00069,0,1e-05,-2e-05,0.00194,0.00016,0.00013,0.0014,0.00026,0.00014,0.00016,-0.00155,0.00138,0.00113,0.00138,1e-05,-0,-0
82,0.00021,0.00328,-0.00043,0.00011,4e-05,-0,-0.00042,-2e-05,-9e-05,-0.00036,1e-05,1e-05,2e-05,-0.00129,-2e-05,0.00089,0.00058,1e-05,1e-05,-5e-05,0.00225,-0.00039,3e-05,0.00036,0.00019,-2e-05,2e-05,-0.00177,0.00155,0.00125,0.00137,-1e-05,-0,-0
82.02,9e-05,0.00285,-0.00045,0.00011,5e-05,-0,-0.00045,-4e-05,-7e-05,-0.00034,0,1e-05,2e-05,-0.00102,-0,0.00072,0.00047,2e-05,1e-05,-6e-05,0.00229,-0.00097,-6e-05,-0.00047,7e-05,-0.00018,-0.00014,-0.00203,0.00179,0.00138,0.00135,-3e-05,-0,-0
82.04,2e-05,0.00239,-0.00046,0.0001,5e-05,-0,-0.00047,-6e-05,-6e-05,-0.00031,0,0,2e-05,-0.00068,-0,0.00052,0.00039,3e-05,1e-05,-6e-05,0.00223,-0.00148,-0.00014,-0.00115,-5e-05,-0.00031,-0.00027,-0.00234,0.00205,0.0015,0.0013,-5e-05,-0,-0
82.06,-1e-05,0.00188,-0.00045,9e-05,4e-05,-0,-0.00047,-6e-05,-4e-05,-0.00026,-0,-0,1e-05,-0.00029,-2e-05,0.00032,0.00033,6e-05,1e-05,-6e-05,0.00215,-0.0019,-0.00019,-0.0018,-0.00017,-0.00042,-0.00038,-0.00267,0.00228,0.00157,0.00125,-8e-05,-1e-05,-0
82.08,-3e-05,0.00136,-0.00043,6e-05,2e-05,0,-0.00044,-6e-05,-3e-05,-0.00021,-0,-0,0,2e-05,-7e-05,0.00015,0.00028,0.0001,0,-5e-05,0.00204,-0.00219,-0.00023,-0.00252,-0.00027,-0.0005,-0.00047,-0.00298,0.00246,0.00159,0.0012,-0.0001,-1e-05,-0
82.1,-5e-05,0.00082,-0.0004,2e-05,1e-05,0,-0.00039,-4e-05,-3e-05,-0.00015,0,-0,-0,0.00021,-0.00015,4e-05,0.00023,0.00014,-0,-3e-05,0.0019,-0.0023,-0.00026,-0.00314,-0.00031,-0.00054,-0.00051,-0.0032,0.00257,0.00154,0.00114,-0.00013,-1e-05,-0
82.12,-9e-05,0.0003,-0.00035,-2e-05,0,0,-0.00033,-1e-05,-2e-05,-0.0001,0,0,-1e-05,0.00043,-0.00027,-0,0.00014,0.00021,-1e-05,-2e-05,0.00172,-0.00217,-0.00028,-0.0032,-0.00017,-0.00048,-0.00046,-0.0032,0.00257,0.00143,0.00108,-0.00015,-1e-05,-0
82.14,-0.00014,-0.00016,-0.00025,-7e-05,-0,-0,-0.00025,1e-05,-2e-05,-5e-05,0,0,-2e-05,0.00072,-0.00041,1e-05,5e-05,0.0003,-1e-05,-1e-05,0.00136,-0.00189,-0.00028,-0.00295,5e-05,-0.00037,-0.00035,-0.00295,0.00241,0.00125,0.00101,-0.00016,-1e-05,0
82.16,-0.00022,-0.00053,-0.0001,-0.00012,-0,-0,-0.00016,4e-05,-1e-05,-0,0,1e-05,-2e-05,0.00097,-0.00055,7e-05,-5e-05,0.00038,-1e-05,1e-05,0.00075,-0.00157,-0.00026,-0.00267,0.00025,-0.00026,-0.00024,-0.00244,0.00209,0.00102,0.00093,-0.00016,-0,0
82.18,-0.00033,-0.00078,8e-05,-0.00016,0,-0,-6e-05,5e-05,-1e-05,4e-05,0,1e-05,-3e-05,0.00117,-0.00069,0.00015,-0.00017,0.00044,-2e-05,2e-05,-9e-05,-0.00123,-0.00023,-0.00226,0.00043,-0.00015,-0.00012,-0.0017,0.00161,0.00077,0.00081,-0.00016,-0,0
82.2,-0.00047,-0.00089,0.0003,-0.0002,1e-05,-0,3e-05,5e-05,-0,6e-05,0,1e-05,-3e-05,0.00135,-0.0008,0.00023,-0.00032,0.00049,-2e-05,4e-05,-0.00114,-0.00088,-0.00019,-0.00187,0.00054,-7e-05,-4e-05,-0.00087,0.00101,0.00052,0.00065,-0.00015,-0,0
82.22,-0.00063,-0.00086,0.00054,-0.00023,3e-05,-0,0.0001,4e-05,0,8e-05,-0,2e-05,-4e-05,0.0016,-0.00089,0.00028,-0.00045,0.00052,-1e-05,6e-05,-0.0022,-0.00055,-0.00014,-0.00164,0.00051,-5e-05,-3e-05,-4e-05,0.00035,0.00028,0.00045,-0.00014,0,0
82.24,-0.0008,-0.00073,0.00078,-0.00025,4e-05,-0,0.00016,2e-05,1e-05,9e-05,-0,3e-05,-4e-05,0.00182,-0.00093,0.0003,-0.00056,0.00052,-1e-05,8e-05,-0.00315,-0.00026,-0.00011,-0.00143,0.00044,-5e-05,-3e-05,0.00076,-0.00029,9e-05,0.00025,-0.00012,0,0
82.26,-0.00098,-0.00051,0.00101,-0.00028,5e-05,-0,0.00019,-1e-05,2e-05,8e-05,-0,4e-05,-4e-05,0.00193,-0.00093,0.0003,-0.00067,0.00047,-1e-05,9e-05,-0.004,-3e-05,-7e-05,-0.00119,0.00038,-4e-05,-2e-05,0.00142,-0.00087,-3e-05,8e-05,-0.0001,0,0
82.28,-0.00114,-0.00023,0.00122,-0.0003,6e-05,-0,0.0002,-5e-05,3e-05,7e-05,-0,5e-05,-4e-05,0.00198,-0.00088,0.00029,-0.00076,0.00038,0,0.0001,-0.0047,0.00016,-3e-05,-0.00096,0.00032,-3e-05,-1e-05,0.00187,-0.0014,-9e-05,-2e-05,-7e-05,0,0
82.3,-0.00127,8e-05,0.00141,-0.00033,7e-05,-0,0.00019,-9e-05,4e-05,4e-05,-0,5e-05,-4e-05,0.00195,-0.00081,0.00027,-0.00083,0.00025,1e-05,0.0001,-0.00523,0.00026,-0,-0.00076,0.00027,-2e-05,-1e-05,0.00213,-0.00182,-0.0001,-3e-05,-5e-05,0,0
82.32,-0.00137,0.00041,0.00157,-0.00035,7e-05,-0,0.00018,-0.00011,4e-05,1e-05,-0,6e-05,-4e-05,0.00184,-0.00072,0.00025,-0.00085,0.00011,2e-05,0.0001,-0.00559,0.00028,2e-05,-0.00058,0.00022,-1e-05,-1e-05,0.00226,-0.00207,-4e-05,5e-05,-3e-05,0,0
82.34,-0.0014,0.00075,0.00167,-0.00037,6e-05,-0,0.00016,-0.00014,5e-05,-3e-05,0,7e-05,-3e-05,0.00169,-0.00062,0.00022,-0.00084,1e-05,3e-05,8e-05,-0.00577,0.00026,4e-05,-0.00042,0.00018,-1e-05,-0,0.00221,-0.00218,9e-05,0.00025,-3e-05,0,-0
82.36,-0.00137,0.00108,0.00172,-0.00039,6e-05,-0,0.00015,-0.00015,5e-05,-7e-05,0,8e-05,-3e-05,0.00157,-0.00052,0.00019,-0.0008,-6e-05,3e-05,7e-05,-0.00579,0.00023,6e-05,-0.00027,0.00015,-0,-0,0.00194,-0.00226,0.00028,0.00048,-2e-05,0,-0
82.38,-0.00128,0.0014,0.0017,-0.00041,4e-05,-0,0.00013,-0.00016,3e-05,-0.0001,0,8e-05,-2e-05,0.00148,-0.00042,0.00016,-0.00072,-0.0001,4e-05,6e-05,-0.00567,0.00019,7e-05,-0.00013,0.00013,-0,-0,0.0015,-0.00236,0.00049,0.00057,-2e-05,-0,0
82.4,-0.00115,0.00169,0.0016,-0.00042,3e-05,-0,0.00013,-0.00017,1e-05,-0.00013,0,8e-05,-2e-05,0.00138,-0.00034,0.00013,-0.00063,-0.0001,4e-05,4e-05,-0.00542,0.00015,8e-05,1e-05,0.00011,0,-0,0.00092,-0.00262,0.0006,0.00051,-4e-05,-0,-0
82.42,-0.00099,0.00191,0.00143,-0.00042,2e-05,-0,0.00013,-0.00017,-0,-0.00015,0,7e-05,-1e-05,0.00125,-0.00027,0.00012,-0.00057,-7e-05,5e-05,3e-05,-0.00508,0.00011,9e-05,0.00016,9e-05,0,-0,0.00021,-0.00331,0.00026,0.00052,-6e-05,-1e-05,-0
82.44,-0.00082,0.00207,0.00118,-0.00042,0,-0,0.00013,-0.00016,-1e-05,-0.00015,0,6e-05,-1e-05,0.00113,-0.00023,0.00011,-0.00051,-3e-05,4e-05,1e-05,-0.00466,8e-05,8e-05,0.00031,8e-05,0,-0,-0.0006,-0.00459,-0.00078,0.00062,-0.0001,-3e-05,-2e-05
82.46,-0.00064,0.00217,0.00087,-0.00041,-1e-05,-0,0.00013,-0.00014,-2e-05,-0.00015,0,5e-05,-1e-05,0.00105,-0.0002,0.0001,-0.00043,1e-05,4e-05,0,-0.0042,6e-05,8e-05,0.00047,8e-05,0,-0,-0.00142,-0.00641,-0.00262,0.00065,-0.00015,-8e-05,-5e-05
82.48,-0.00046,0.0022,0.0005,-0.0004,-1e-05,-0,0.00014,-0.00013,-2e-05,-0.00014,0,4e-05,-1e-05,0.00098,-0.00018,0.0001,-0.00035,4e-05,3e-05,-1e-05,-0.00373,5e-05,8e-05,0.00063,7e-05,0,-0,-0.0021,-0.00859,-0.00534,0.00062,-0.00021,-0.00015,-0.0001
82.5,-0.00031,0.00216,0.0001,-0.00038,-2e-05,-0,0.00015,-0.00011,-2e-05,-0.00013,0,3e-05,-0,0.00092,-0.00018,0.0001,-0.00029,5e-05,2e-05,-1e-05,-0.00329,5e-05,8e-05,0.00079,6e-05,-0,-0,-0.00234,-0.01106,-0.00831,0.00113,-0.00026,-0.00024,-0.00016
82.52,-0.00019,0.00204,-0.00032,-0.00036,-2e-05,-0,0.00016,-0.0001,-2e-05,-0.00011,0,2e-05,-0,0.00084,-0.00019,0.00011,-0.00024,4e-05,2e-05,-2e-05,-0.0029,5e-05,8e-05,0.00094,6e-05,-0,-0,-0.00176,-0.01345,-0.00962,0.00318,-0.00026,-0.00028,-0.00019
82.54,-0.0001,0.00185,-0.00072,-0.00034,-1e-05,-0,0.00017,-9e-05,-2e-05,-9e-05,0,0,-0,0.00076,-0.00021,0.00013,-0.0002,2e-05,1e-05,-2e-05,-0.00258,4e-05,8e-05,0.00108,6e-05,-0,-0,-0.00065,-0.01426,-0.00825,0.00551,-0.00018,-0.00024,-0.00018
82.56,-3e-05,0.0016,-0.00108,-0.00033,-0,-0,0.00018,-7e-05,-1e-05,-6e-05,0,-1e-05,-0,0.00071,-0.00025,0.00015,-0.00017,1e-05,0,-2e-05,-0.00234,4e-05,9e-05,0.00121,5e-05,-0,-0,0.00028,-0.01289,-0.00516,0.00679,-5e-05,-0.00012,-0.00012
82.58,1e-05,0.00132,-0.00136,-0.00031,2e-05,-0,0.00018,-5e-05,-0,-4e-05,0,-1e-05,0,0.00067,-0.0003,0.00017,-0.00013,0,-0,-1e-05,-0.0022,5e-05,0.00011,0.00132,5e-05,-0,-0,0.00062,-0.00986,-0.00089,0.00771,0.00012,5e-05,-3e-05
82.6,3e-05,0.001,-0.00156,-0.00029,4e-05,-0,0.00017,-3e-05,1e-05,-1e-05,0,-2e-05,0,0.00063,-0.00036,0.00019,-0.0001,-0,-1e-05,-1e-05,-0.00213,6e-05,0.00014,0.00142,5e-05,-1e-05,-0,0.00071,-0.00642,0.00205,0.00761,0.00032,0.00031,0.00012
82.62,1e-05,0.00067,-0.00166,-0.00027,7e-05,-0,0.00015,-1e-05,2e-05,1e-05,0,-2e-05,0,0.00059,-0.00042,0.0002,-8e-05,-1e-05,-1e-05,-1e-05,-0.00208,8e-05,0.00019,0.00152,4e-05,-1e-05,-0,0.0014,-0.00387,0.00255,0.00553,0.00054,0.00064,0.00032
82.64,-6e-05,0.00037,-0.00167,-0.00025,0.0001,-0,0.00012,2e-05,3e-05,3e-05,0,-2e-05,1e-05,0.00055,-0.00047,0.00021,-6e-05,-1e-05,-1e-05,-0,-0.00209,0.00011,0.00025,0.00162,4e-05,-1e-05,-0,0.00225,-0.00213,0.00249,0.00333,0.00071,0.0009,0.00047
82.66,-0.00019,0.00014,-0.00161,-0.00022,0.00014,-0,9e-05,5e-05,4e-05,5e-05,0,-2e-05,1e-05,0.00053,-0.00052,0.0002,-5e-05,-1e-05,-1e-05,0,-0.00218,0.00016,0.00032,0.00172,4e-05,-1e-05,-0,0.00274,-0.00095,0.00259,0.002,0.00077,0.00098,0.00052
82.68,-0.00037,-1e-05,-0.00151,-0.00019,0.00018,-0,5e-05,8e-05,4e-05,7e-05,0,-2e-05,1e-05,0.00053,-0.00056,0.00019,-4e-05,-1e-05,-1e-05,1e-05,-0.00236,0.00023,0.00039,0.00184,3e-05,-1e-05,-0,0.00291,-0.00022,0.00263,0.00113,0.00073,0.00092,0.00049
82.7,-0.00061,-5e-05,-0.00138,-0.00015,0.00022,-0,2e-05,0.0001,3e-05,9e-05,0,-2e-05,1e-05,0.00052,-0.00057,0.00017,-3e-05,-0,-1e-05,1e-05,-0.00256,0.00032,0.00044,0.00199,2e-05,-0,0,0.00257,0.00024,0.00234,0.00061,0.00054,0.00062,0.00033
82.72,-0.00095,3e-05,-0.00123,-0.0001,0.00027,-0,-1e-05,0.00011,1e-05,0.00011,0,-2e-05,1e-05,0.00048,-0.00055,0.00014,-4e-05,-0,-1e-05,1e-05,-0.00272,0.00038,0.00043,0.00218,1e-05,-0,0,0.00171,0.00065,0.00162,0.0003,0.00021,0.00016,8e-05
82.74,-0.00132,0.00024,-0.00108,-5e-05,0.0003,-0,-4e-05,0.0001,-1e-05,0.00014,0,-2e-05,1e-05,0.00043,-0.0005,0.0001,-5e-05,-0,-0,1e-05,-0.00288,0.00038,0.00037,0.0024,-0,-0,0,0.0009,0.00113,0.00086,9e-05,-5e-05,-0.00016,-9e-05
82.76,-0.00163,0.00053,-0.00093,1e-05,0.00033,-0,-5e-05,7e-05,-3e-05,0.00015,0,-2e-05,1e-05,0.00035,-0.00043,5e-05,-8e-05,-0,0,1e-05,-0.00307,0.0003,0.00023,0.00266,-2e-05,-0,0,0.00038,0.00163,0.0002,-0.00012,-0.00024,-0.00033,-0.00018
82.78,-0.00179,0.00086,-0.00079,7e-05,0.00032,-0,-6e-05,2e-05,-5e-05,0.00016,0,-2e-05,1e-05,0.00025,-0.00033,1e-05,-0.00011,-0,1e-05,1e-05,-0.00325,9e-05,0,0.00294,-4e-05,0,0,-5e-05,0.00209,-0.00042,-0.00039,-0.00034,-0.00038,-0.00023
82.8,-0.00183,0.00115,-0.00065,0.00014,0.00027,-0,-6e-05,-3e-05,-7e-05,0.00017,0,-1e-05,1e-05,0.0001,-0.00023,-2e-05,-0.00016,-0,2e-05,0,-0.00335,-0.00021,-0.00029,0.00324,-6e-05,0,0,-0.00058,0.0025,-0.00099,-0.00074,-0.0004,-0.00037,-0.00026
82.82,-0.00184,0.0013,-0.00051,0.00021,0.0002,-0,-5e-05,-9e-05,-9e-05,0.00017,0,-1e-05,1e-05,-0.00012,-0.00013,-5e-05,-0.00021,-0,3e-05,-0,-0.00327,-0.00054,-0.00058,0.00349,-8e-05,0,0,0.00024,0.00254,-0.0015,-0.00052,-0.00068,-0.00034,-0.0003
82.84,-0.00171,0.00122,-0.00036,0.00028,0.00012,-0,-5e-05,-0.00016,-0.00011,0.00016,0,-1e-05,1e-05,-0.00039,-5e-05,-6e-05,-0.00027,-0,4e-05,-0,-0.00306,-0.00078,-0.00079,0.00365,-0.0001,0,0,0.00524,0.0018,-0.00189,0.00173,-0.00167,-0.00016,-0.00027
82.86,-0.0014,0.00087,-0.00021,0.00036,3e-05,-0,-3e-05,-0.00021,-0.00012,0.00016,0,-0,1e-05,-0.00074,1e-05,-6e-05,-0.00033,-0,5e-05,-0,-0.00268,-0.00087,-0.00088,0.00367,-0.00013,0,-0,0.01385,0.0007,-0.00209,0.00633,-0.00327,0.00012,-0.00022
82.88,-0.00103,0.00022,-7e-05,0.00043,-7e-05,0,-2e-05,-0.00025,-0.00014,0.00015,0,-0,1e-05,-0.00121,3e-05,-4e-05,-0.00039,-0,5e-05,-1e-05,-0.00203,-0.00074,-0.0008,0.00349,-0.00016,0,-0,0.02573,-0.0004,-0.00238,0.01422,-0.00559,0.00053,-0.00014
82.9,-0.00066,-0.0006,4e-05,0.0005,-0.00017,0,-1e-05,-0.00026,-0.00015,0.00014,0,0,1e-05,-0.00172,2e-05,-2e-05,-0.00042,-1e-05,5e-05,-1e-05,-0.00126,-0.00041,-0.00056,0.00313,-0.00019,0,-0,0.03968,-0.00089,-0.00146,0.02611,-0.00857,0.00092,-0.00011
82.92,-0.00035,-0.00138,0.00011,0.00056,-0.00027,0,-1e-05,-0.00023,-0.00017,0.00014,0,0,1e-05,-0.00197,-2e-05,1e-05,-0.00035,-0,5e-05,-1e-05,-0.00038,-3e-05,-0.00023,0.0027,-0.0002,0,-0,0.05348,-0.00037,0.00247,0.04082,-0.01189,0.00067,-0.00041
82.94,-0.00014,-0.002,0.00013,0.00059,-0.00037,0,-1e-05,-0.00016,-0.00019,0.00013,0,0,2e-05,-0.00208,-7e-05,4e-05,-0.0002,-0,5e-05,-1e-05,0.00074,0.0003,0.0001,0.00226,-0.0002,1e-05,-0,0.06461,0.00094,0.00606,0.05507,-0.01506,-0.00049,-0.00114
82.96,-2e-05,-0.00237,9e-05,0.00059,-0.00046,0,-2e-05,-6e-05,-0.00021,0.00012,0,0,2e-05,-0.00226,-0.00014,7e-05,-2e-05,-0,4e-05,-1e-05,0.0019,0.0005,0.00035,0.00184,-0.00019,2e-05,-0,0.07183,0.0029,0.00707,0.06595,-0.01753,-0.00209,-0.00203
82.98,6e-05,-0.00239,-1e-05,0.00058,-0.00054,0,-3e-05,7e-05,-0.00023,0.00012,0,0,2e-05,-0.0025,-0.00021,0.0001,0.0002,-0,3e-05,-1e-05,0.00287,0.00057,0.00051,0.00155,-0.00017,2e-05,0,0.07368,0.0053,0.00518,0.06939,-0.01876,-0.00408,-0.00302
83,0.00016,-0.00202,-0.00018,0.00055,-0.0006,0,-5e-05,0.0002,-0.00024,0.00011,0,-0,2e-05,-0.0027,-0.00027,0.00012,0.00033,0,2e-05,-2e-05,0.00357,0.00047,0.00048,0.00134,-0.00014,3e-05,0,0.0713,0.00766,0.00168,0.06467,-0.01866,-0.00528,-0.00355
83.02,0.00019,-0.00136,-0.00039,0.0005,-0.00063,0,-6e-05,0.00032,-0.00023,9e-05,0,-0,1e-05,-0.00272,-0.00029,0.00014,0.00028,0,1e-05,-2e-05,0.00416,0.00027,0.0003,0.00116,-0.00012,3e-05,1e-05,0.0667,0.00904,-0.00045,0.05686,-0.01763,-0.00477,-0.00323
83.04,0.0002,-0.00064,-0.00064,0.00045,-0.00063,0,-7e-05,0.00041,-0.00019,8e-05,0,-1e-05,1e-05,-0.00266,-0.00027,0.00016,0.00014,0,1e-05,-2e-05,0.00457,0.0001,0.00012,0.00098,-9e-05,4e-05,1e-05,0.05979,0.00926,-0.00128,0.04589,-0.01589,-0.00365,-0.00256
83.06,0.00026,2e-05,-0.00092,0.00038,-0.00064,0,-8e-05,0.00044,-0.00013,6e-05,0,-1e-05,2e-05,-0.00263,-0.00024,0.0002,-5e-05,0,-0,-2e-05,0.00467,1e-05,2e-05,0.00073,-6e-05,4e-05,1e-05,0.0507,0.00874,-0.00177,0.03146,-0.01369,-0.00263,-0.00186
83.08,0.00035,0.00055,-0.00122,0.00032,-0.00053,0,-7e-05,0.00042,-6e-05,3e-05,0,-1e-05,2e-05,-0.00257,-0.00019,0.00023,-0.00033,0,-1e-05,-2e-05,0.00457,-1e-05,0,0.00033,-3e-05,4e-05,1e-05,0.04062,0.00758,-0.00175,0.01566,-0.01137,-0.00167,-0.00117
83.1,0.00041,0.00091,-0.00151,0.00026,-0.00036,0,-6e-05,0.00036,2e-05,0,0,-1e-05,2e-05,-0.00252,-0.00015,0.00027,-0.00065,-0,-1e-05,-2e-05,0.00457,2e-05,7e-05,-0.00036,-1e-05,4e-05,1e-05,0.03135,0.00616,-0.00138,0.00231,-0.00919,-0.00088,-0.00056
83.12,0.00039,0.00111,-0.00178,0.00021,-0.00019,0,-5e-05,0.00028,9e-05,-3e-05,0,-1e-05,3e-05,-0.00254,-0.00014,0.00036,-0.00073,-0,-1e-05,-2e-05,0.00488,8e-05,0.00019,-0.00125,1e-05,3e-05,1e-05,0.02414,0.00486,-0.00094,-0.00572,-0.00734,-0.0003,-8e-05
83.14,0.00035,0.00118,-0.00199,0.00017,-6e-05,0,-4e-05,0.0002,0.00015,-6e-05,-0,-1e-05,3e-05,-0.00256,-0.00013,0.00048,-0.00061,-0,0,-2e-05,0.00529,0.00013,0.00032,-0.00231,3e-05,2e-05,1e-05,0.01825,0.00379,-0.00056,-0.01085,-0.00581,0.00011,0.00027
83.16,0.00032,0.00114,-0.00211,0.00014,4e-05,0,-3e-05,0.00013,0.00019,-9e-05,-0,-1e-05,3e-05,-0.00251,-0.00011,0.00059,-0.00047,-0,1e-05,-2e-05,0.00557,0.00016,0.00041,-0.00365,4e-05,2e-05,0,0.01314,0.00301,-0.00032,-0.01495,-0.00457,0.00036,0.0005
83.18,0.00025,0.00105,-0.00212,0.00011,0.0001,0,-1e-05,8e-05,0.00022,-0.00011,-0,-1e-05,3e-05,-0.00235,-9e-05,0.00069,-0.00031,-0,2e-05,-3e-05,0.00575,0.00015,0.00044,-0.00529,5e-05,1e-05,0,0.00906,0.00251,-0.00016,-0.01757,-0.00359,0.00047,0.00061
83.2,0.00016,0.00092,-0.00203,9e-05,0.00015,0,-0,4e-05,0.00022,-0.00013,-0,-0,3e-05,-0.00214,-6e-05,0.00077,-0.00012,-0,3e-05,-4e-05,0.00578,9e-05,0.00042,-0.00708,5e-05,0,-0,0.00586,0.00224,-8e-05,-0.0188,-0.00283,0.0005,0.00063
83.22,4e-05,0.00077,-0.00188,7e-05,0.00018,0,0,2e-05,0.00022,-0.00014,-0,-0,2e-05,-0.0019,-3e-05,0.00082,0.00012,0,2e-05,-5e-05,0.00553,-2e-05,0.00034,-0.00875,5e-05,-0,-0,0.00331,0.00214,-5e-05,-0.01886,-0.00224,0.00046,0.00059
83.24,-0.00011,0.00064,-0.00167,6e-05,0.0002,0,1e-05,0,0.0002,-0.00015,-0,0,1e-05,-0.00158,-1e-05,0.00083,0.00033,0,2e-05,-5e-05,0.00497,-0.00017,0.00026,-0.01025,4e-05,-1e-05,-0,0.00131,0.00207,-6e-05,-0.01802,-0.00177,0.00038,0.00051
83.26,-0.00027,0.00053,-0.00144,4e-05,0.00021,0,1e-05,-1e-05,0.00018,-0.00016,-0,0,-0,-0.00118,-0,0.00079,0.00048,0,1e-05,-6e-05,0.0042,-0.00033,0.0002,-0.01158,4e-05,-1e-05,-1e-05,-0.00026,0.00192,-7e-05,-0.01649,-0.00137,0.00029,0.00041
83.28,-0.00044,0.00045,-0.0012,3e-05,0.00022,0,1e-05,-1e-05,0.00016,-0.00016,-0,1e-05,-1e-05,-0.00074,-0,0.00071,0.00061,0,0,-6e-05,0.00332,-0.00048,0.00016,-0.01252,3e-05,-2e-05,-1e-05,-0.00149,0.00165,-7e-05,-0.01432,-0.00103,0.0002,0.0003
83.3,-0.0006,0.00039,-0.00098,2e-05,0.00024,0,1e-05,-1e-05,0.00014,-0.00016,-0,1e-05,-2e-05,-0.00038,-1e-05,0.00059,0.00065,-0,0,-6e-05,0.00237,-0.00057,0.00011,-0.01301,2e-05,-2e-05,-1e-05,-0.00242,0.00128,-6e-05,-0.01175,-0.00074,0.00013,0.0002
83.32,-0.00078,0.00035,-0.00079,1e-05,0.00025,0,0,-1e-05,0.00012,-0.00016,-0,1e-05,-2e-05,-0.00015,-2e-05,0.00045,0.00059,-0,-0,-6e-05,0.00136,-0.0006,7e-05,-0.01301,2e-05,-2e-05,-1e-05,-0.00306,0.00088,-4e-05,-0.00902,-0.0005,7e-05,0.00013
83.34,-0.00094,0.00034,-0.00065,0,0.00027,0,0,-1e-05,0.0001,-0.00016,-0,2e-05,-2e-05,-1e-05,-3e-05,0.00032,0.00052,-0,-0,-5e-05,0.0005,-0.00059,3e-05,-0.0124,1e-05,-2e-05,-1e-05,-0.00329,0.00048,1e-05,-0.00635,-0.0003,4e-05,8e-05
83.36,-0.00108,0.00034,-0.00052,-1e-05,0.00029,0,-0,-1e-05,9e-05,-0.00017,-0,2e-05,-2e-05,1e-05,-4e-05,0.0002,0.00048,0,-0,-4e-05,-0.0001,-0.00055,-0,-0.01113,0,-1e-05,-1e-05,-0.0031,0.00015,8e-05,-0.00395,-0.00016,2e-05,4e-05
83.38,-0.00119,0.00036,-0.00043,-2e-05,0.00031,0,-0,-2e-05,8e-05,-0.00018,0,2e-05,-2e-05,-0.0001,-4e-05,0.0001,0.00046,0,-0,-3e-05,-0.00043,-0.00048,-2e-05,-0.00921,-0,-1e-05,-0,-0.00252,-4e-05,0.00017,-0.00195,-6e-05,1e-05,2e-05
83.4,-0.00127,0.00039,-0.00037,-3e-05,0.00033,0,0,-3e-05,8e-05,-0.0002,0,2e-05,-1e-05,-0.0003,-5e-05,4e-05,0.00038,0,0,-1e-05,-0.00058,-0.00037,-2e-05,-0.00716,-0,-1e-05,-0,-0.00166,-8e-05,0.00025,-0.00043,-0,0,1e-05
83.42,-0.00134,0.00042,-0.00033,-4e-05,0.00035,0,0,-5e-05,9e-05,-0.00022,1e-05,2e-05,-1e-05,-0.00048,-5e-05,1e-05,0.00023,0,0,1e-05,-0.00065,-0.00022,2e-05,-0.00538,-0,-1e-05,-0,-0.00062,5e-05,0.00032,0.00062,2e-05,-0,0
83.44,-0.00138,0.00045,-0.00031,-5e-05,0.00035,0,1e-05,-7e-05,9e-05,-0.00025,2e-05,3e-05,-1e-05,-0.00058,-6e-05,0,4e-05,0,1e-05,2e-05,-0.00061,-8e-05,0.0001,-0.00361,-1e-05,-1e-05,-0,-6e-05,0.00028,0.00029,0.00094,2e-05,-0,-0
83.46,-0.00138,0.00047,-0.00031,-6e-05,0.00035,0,1e-05,-8e-05,0.0001,-0.00028,3e-05,3e-05,-0,-0.00063,-6e-05,-0,-0.00023,0,1e-05,4e-05,-0.00044,3e-05,0.0002,-0.00185,-1e-05,-1e-05,-0,4e-05,0.00052,0.00022,0.00092,1e-05,-0,-0
83.48,-0.00132,0.00048,-0.0003,-8e-05,0.00033,0,1e-05,-0.0001,0.00011,-0.00031,5e-05,3e-05,-0,-0.00062,-5e-05,-2e-05,-0.00061,0,1e-05,6e-05,-0.00022,9e-05,0.0003,-0.00035,-1e-05,-0,-0,8e-05,0.00078,0.00018,0.0009,0,-0,-1e-05
83.5,-0.00124,0.00048,-0.0003,-9e-05,0.0003,0,1e-05,-0.00011,0.00012,-0.00033,8e-05,3e-05,0,-0.00043,-4e-05,-8e-05,-0.00107,0,1e-05,7e-05,-6e-05,7e-05,0.00039,0.00072,-1e-05,-0,-0,5e-05,0.00106,0.00015,0.0009,-1e-05,0,-1e-05
83.52,-0.00117,0.00047,-0.00029,-0.00011,0.00026,-0,-1e-05,-0.00011,0.00012,-0.00034,0.0001,3e-05,1e-05,3e-05,-3e-05,-0.00021,-0.00148,0,1e-05,9e-05,1e-05,-2e-05,0.00046,0.00152,-1e-05,0,0,-2e-05,0.00143,0.00014,0.00093,-3e-05,0,-1e-05
83.54,-0.00109,0.00042,-0.00025,-0.00012,0.00021,-0,-3e-05,-0.0001,0.00011,-0.00034,0.00013,2e-05,1e-05,0.00063,-0,-0.00041,-0.0018,0,0,0.0001,1e-05,-0.00018,0.00051,0.00211,-1e-05,0,0,-0.00016,0.00186,0.00015,0.001,-5e-05,-0,-1e-05
83.56,-0.00098,0.00032,-0.00017,-0.00013,0.00016,-0,-5e-05,-9e-05,9e-05,-0.00031,0.00014,2e-05,2e-05,0.00123,3e-05,-0.00065,-0.00207,1e-05,-0,0.00011,-0.0001,-0.00039,0.00054,0.00237,-1e-05,1e-05,0,-0.00034,0.00228,0.00016,0.00109,-8e-05,-0,-1e-05
83.58,-0.00087,0.00014,-7e-05,-0.00014,0.0001,0,-9e-05,-7e-05,7e-05,-0.00027,0.00013,1e-05,2e-05,0.00177,5e-05,-0.00091,-0.00224,4e-05,-0,0.00011,-0.00034,-0.00062,0.00053,0.00237,-0,1e-05,1e-05,-0.00047,0.00267,0.00018,0.0012,-0.0001,-0,-0
83.6,-0.00074,-0.00013,7e-05,-0.00015,4e-05,0,-0.00013,-5e-05,5e-05,-0.00022,0.0001,0,3e-05,0.00217,4e-05,-0.00107,-0.00228,9e-05,0,0.00011,-0.00067,-0.00078,0.00048,0.00221,1e-05,2e-05,1e-05,-0.00053,0.00301,0.0002,0.00129,-0.00013,-0,-0
83.62,-0.00059,-0.0005,0.00022,-0.00015,-2e-05,0,-0.00016,-2e-05,2e-05,-0.00017,7e-05,-1e-05,4e-05,0.0022,-1e-05,-0.00094,-0.00213,0.00017,2e-05,0.00011,-0.001,-0.00081,0.00037,0.00195,2e-05,2e-05,1e-05,-0.00045,0.00325,0.00022,0.00134,-0.00015,-0,-0
83.64,-0.00043,-0.00093,0.00036,-0.00015,-7e-05,0,-0.00018,-0,-0,-0.00011,2e-05,-2e-05,4e-05,0.0019,-7e-05,-0.00066,-0.00183,0.00029,3e-05,0.0001,-0.00131,-0.0007,0.00024,0.00164,3e-05,2e-05,1e-05,-0.00014,0.00337,0.00023,0.00132,-0.00017,-0,-0
83.66,-0.00026,-0.00138,0.00045,-0.00014,-0.00011,-0,-0.00021,1e-05,-2e-05,-5e-05,-5e-05,-2e-05,4e-05,0.00143,-0.0001,-0.00038,-0.00143,0.00046,4e-05,8e-05,-0.00166,-0.00051,0.00012,0.00129,4e-05,2e-05,1e-05,0.00039,0.00337,0.00021,0.00125,-0.00018,-0,0
83.68,-7e-05,-0.00183,0.00048,-0.00014,-0.00014,-0,-0.00022,1e-05,-3e-05,-1e-05,-0.00012,-3e-05,4e-05,0.00085,-4e-05,-0.00014,-0.00089,0.00064,5e-05,5e-05,-0.00203,-0.00026,3e-05,0.00095,5e-05,2e-05,1e-05,0.00097,0.00323,0.00018,0.00112,-0.00019,0,-0
83.7,0.00016,-0.0022,0.00045,-0.00013,-0.00016,-0,-0.00023,-2e-05,-3e-05,2e-05,-0.00012,-2e-05,4e-05,0.0005,0.00015,-3e-05,-0.00044,0.00083,5e-05,2e-05,-0.00237,-5e-05,-1e-05,0.0006,6e-05,2e-05,1e-05,0.00166,0.00291,0.00013,0.00085,-0.00019,0,-0
83.72,0.00039,-0.00246,0.00039,-0.00012,-0.00017,-0,-0.00023,-7e-05,-1e-05,3e-05,0.00017,-1e-05,3e-05,0.00048,0.00037,-2e-05,-0.00012,0.00106,6e-05,-2e-05,-0.00265,7e-05,-0,0.00027,7e-05,1e-05,1e-05,0.00282,0.00244,7e-05,0.00054,-0.00018,0,-0
83.74,0.00061,-0.00264,0.00029,-0.00011,-0.00017,-0,-0.00022,-0.00013,2e-05,5e-05,0.00053,1e-05,2e-05,0.00056,0.0005,-3e-05,0.00033,0.00119,7e-05,-3e-05,-0.00291,0.00014,4e-05,4e-05,7e-05,1e-05,0,0.00411,0.00192,3e-05,0.00033,-0.00017,0,-0
83.76,0.00085,-0.00276,0.0002,-0.00011,-0.00015,-0,-0.00019,-0.00021,6e-05,6e-05,0.00068,2e-05,1e-05,0.00064,0.00057,-1e-05,0.00085,0.00112,7e-05,-3e-05,-0.00316,0.00018,0.0001,-9e-05,7e-05,1e-05,0,0.00506,0.00135,-0,0.00022,-0.00015,0,-0
83.78,0.0011,-0.00283,0.00011,-0.0001,-0.00013,-0,-0.00016,-0.00031,0.00012,8e-05,0.00068,3e-05,-1e-05,0.00083,0.00057,3e-05,0.00135,0.00092,5e-05,-2e-05,-0.00332,0.0002,0.00015,-0.00017,7e-05,1e-05,0,0.00562,0.00071,-4e-05,0.00021,-0.00012,1e-05,-0
83.8,0.00133,-0.00287,4e-05,-0.0001,-0.00011,-0,-0.00012,-0.00043,0.00018,0.0001,0.00047,2e-05,-2e-05,0.00102,0.00053,8e-05,0.00178,0.00057,3e-05,-2e-05,-0.00341,0.00021,0.0002,-0.00021,6e-05,1e-05,0,0.00593,-8e-05,-0.00012,0.00018,-0.0001,1e-05,-0
83.82,0.00147,-0.0029,-2e-05,-9e-05,-8e-05,-0,-7e-05,-0.00053,0.00023,0.00013,0.00014,1e-05,-3e-05,0.00109,0.00052,0.00013,0.00215,0.00017,1e-05,-1e-05,-0.00347,0.00022,0.00022,-0.00023,6e-05,0,0,0.00613,-0.00097,-0.00026,3e-05,-8e-05,1e-05,0
83.84,0.00154,-0.00291,-0.0001,-8e-05,-6e-05,-0,-2e-05,-0.0006,0.00028,0.00015,-1e-05,-0,-4e-05,0.00115,0.00056,0.00017,0.00244,-8e-05,-0,-2e-05,-0.00345,0.00024,0.00023,-0.00024,5e-05,0,0,0.00605,-0.00196,-0.00048,-0.00028,-6e-05,2e-05,1e-05
83.86,0.00157,-0.00292,-0.00018,-7e-05,-4e-05,-0,4e-05,-0.00067,0.00033,0.00019,-1e-05,0,-5e-05,0.00126,0.00066,0.00019,0.00258,-0.00016,1e-05,-2e-05,-0.00333,0.00028,0.00023,-0.00024,4e-05,0,0,0.00583,-0.00305,-0.00078,-0.00075,-4e-05,2e-05,1e-05
83.88,0.00153,-0.00293,-0.00027,-5e-05,-3e-05,-0,0.00011,-0.00073,0.00039,0.00022,7e-05,1e-05,-6e-05,0.0014,0.00079,0.00019,0.00259,-0.00012,2e-05,-3e-05,-0.00315,0.00033,0.00023,-0.00023,4e-05,0,0,0.00534,-0.00431,-0.00119,-0.00142,-3e-05,3e-05,2e-05
83.9,0.00145,-0.00291,-0.00037,-3e-05,-3e-05,-0,0.0002,-0.00077,0.00046,0.00027,0.00014,1e-05,-6e-05,0.00148,0.00092,0.00017,0.00252,-0,5e-05,-4e-05,-0.00298,0.00037,0.00022,-0.0002,3e-05,0,0,0.00457,-0.00571,-0.00165,-0.00226,-1e-05,3e-05,2e-05
83.92,0.00132,-0.00283,-0.00046,-1e-05,-3e-05,-0,0.00031,-0.00079,0.00056,0.00032,0.00015,2e-05,-5e-05,0.00148,0.00101,0.00014,0.00243,0.00018,7e-05,-4e-05,-0.00291,0.00041,0.0002,-0.00016,3e-05,0,0,0.00349,-0.00715,-0.00202,-0.00314,-1e-05,3e-05,2e-05
83.94,0.00116,-0.00268,-0.00054,1e-05,-4e-05,-0,0.00046,-0.00079,0.00068,0.00038,0.00012,2e-05,-4e-05,0.00145,0.00105,0.0001,0.00231,0.00034,9e-05,-4e-05,-0.0029,0.00041,0.00018,-8e-05,3e-05,0,0,0.00219,-0.00855,-0.00227,-0.00396,-0,2e-05,2e-05
83.96,0.00097,-0.00245,-0.00061,3e-05,-4e-05,-0,0.00065,-0.00078,0.00082,0.00046,9e-05,1e-05,-3e-05,0.00141,0.00107,5e-05,0.00213,0.00041,0.00011,-3e-05,-0.00295,0.00038,0.00017,2e-05,3e-05,0,0,0.0009,-0.00984,-0.00238,-0.00467,0,2e-05,2e-05
83.98,0.00075,-0.0021,-0.00065,4e-05,-4e-05,-0,0.00086,-0.00077,0.00096,0.00053,7e-05,1e-05,-1e-05,0.00138,0.00105,-1e-05,0.00193,0.00041,0.00012,-3e-05,-0.00306,0.00032,0.00015,0.00015,3e-05,0,0,-0.00018,-0.01088,-0.00232,-0.00507,0,2e-05,2e-05
84,0.00055,-0.00162,-0.00068,5e-05,-4e-05,-0,0.00113,-0.00074,0.00111,0.00061,4e-05,1e-05,2e-05,0.00132,0.00097,-6e-05,0.00174,0.00033,0.00014,-0,-0.00324,0.00023,0.00014,0.0003,3e-05,0,0,-0.00098,-0.01142,-0.00211,-0.00521,0,2e-05,2e-05
84.02,0.00039,-0.001,-0.00071,5e-05,-3e-05,-0,0.00149,-0.00066,0.00129,0.0007,2e-05,1e-05,9e-05,0.00123,0.00083,-7e-05,0.00158,0.00019,0.00015,6e-05,-0.00344,0.00014,0.00015,0.00048,2e-05,0,0,-0.00145,-0.01121,-0.00182,-0.00522,0,2e-05,2e-05
84.04,0.00026,-0.00028,-0.00071,5e-05,-1e-05,-0,0.00188,-0.00054,0.00144,0.00078,1e-05,1e-05,0.00017,0.00115,0.00066,-5e-05,0.00143,6e-05,0.00016,0.00014,-0.00363,5e-05,0.00016,0.00068,2e-05,-0,-0,-0.00149,-0.01037,-0.0015,-0.00495,0,1e-05,1e-05
84.06,0.00015,0.0005,-0.00068,3e-05,2e-05,-0,0.00223,-0.00039,0.00155,0.00086,0,1e-05,0.00023,0.0011,0.00047,-2e-05,0.00129,0,0.00017,0.00022,-0.00372,-2e-05,0.00017,0.00086,2e-05,-0,-0,-0.00111,-0.00906,-0.0012,-0.00433,0,1e-05,1e-05
84.08,6e-05,0.00128,-0.00061,2e-05,5e-05,-0,0.00252,-0.00022,0.00161,0.00092,-0,1e-05,0.00028,0.00106,0.00026,3e-05,0.00114,2e-05,0.00019,0.00028,-0.00359,-7e-05,0.00017,0.00098,1e-05,-0,-0,-0.00046,-0.00728,-0.00092,-0.00345,0,1e-05,1e-05
84.1,2e-05,0.00195,-0.00052,-0,8e-05,-0,0.00272,-4e-05,0.00161,0.00099,0,1e-05,0.0003,0.00102,5e-05,9e-05,0.001,0.0001,0.00022,0.00033,-0.00312,-0.00011,0.00016,0.00104,-0,-0,-0,0.00015,-0.00545,-0.00071,-0.00256,0,1e-05,1e-05
84.12,1e-05,0.00238,-0.0004,-2e-05,0.00011,-0,0.00278,0.00012,0.0015,0.00108,1e-05,1e-05,0.00028,0.00095,-0.00013,0.00012,0.00087,0.0003,0.00026,0.00034,-0.0022,-0.00012,0.00012,0.00108,-2e-05,-0,-0,0.00127,-0.0037,-0.00059,-0.00202,-4e-05,1e-05,0
84.14,2e-05,0.00249,-0.00026,-3e-05,0.00012,-0,0.00272,0.00024,0.00133,0.00115,2e-05,1e-05,0.00024,0.00083,-0.00026,0.00015,0.00072,0.00057,0.0003,0.00032,-0.00082,-8e-05,6e-05,0.00105,-4e-05,-1e-05,-0,0.00359,-0.00213,-0.0005,-0.0015,-0.00015,0,-0
84.16,2e-05,0.00232,-0.00013,-4e-05,0.00011,-0,0.0026,0.00031,0.00114,0.0012,3e-05,2e-05,0.0002,0.0006,-0.00033,0.00018,0.00056,0.00081,0.00034,0.0003,0.00093,6e-05,-0,0.00093,-6e-05,-1e-05,-0,0.00711,-0.00088,-0.00041,-0.00102,-0.00032,-0,-0
84.18,2e-05,0.00187,-4e-05,-4e-05,7e-05,-0,0.00242,0.00031,0.00094,0.00121,5e-05,2e-05,0.00015,0.00028,-0.00034,0.0002,0.00039,0.00101,0.00037,0.00026,0.00276,0.00032,-6e-05,0.00066,-9e-05,-1e-05,-0,0.01177,-7e-05,-0.00033,-0.00064,-0.00055,-1e-05,0
84.2,4e-05,0.0012,1e-05,-4e-05,1e-05,0,0.00222,0.00024,0.00074,0.0012,8e-05,3e-05,0.0001,-0.00011,-0.0003,0.00021,0.00021,0.00112,0.00039,0.00021,0.00445,0.00072,-0.0001,0.00054,-0.00012,-1e-05,-0,0.01718,0.00028,-0.00024,-0.00034,-0.00084,-0,2e-05
84.22,8e-05,0.00043,-0,-4e-05,-7e-05,0,0.002,0.0001,0.00054,0.00115,0.00012,4e-05,5e-05,-0.00052,-0.00025,0.0002,4e-05,0.00113,0.00042,0.00014,0.00615,0.00124,-0.00012,0.00102,-0.00014,-1e-05,0,0.02259,0.00016,-0.00014,-0.00011,-0.00116,1e-05,4e-05
84.24,0.00012,-0.00035,-8e-05,-4e-05,-0.00015,0,0.0018,-7e-05,0.00037,0.00109,0.00016,5e-05,2e-05,-0.00087,-0.00018,0.0002,-0.0001,0.00107,0.00043,8e-05,0.00755,0.00174,-5e-05,0.00168,-0.00014,-0,0,0.02697,-0.00041,-1e-05,0.00016,-0.00147,4e-05,9e-05
84.26,0.00018,-0.00104,-0.00023,-4e-05,-0.00023,0,0.0016,-0.00025,0.00024,0.00102,0.0002,7e-05,-0,-0.00115,-0.00011,0.00021,-0.0002,0.00095,0.00043,4e-05,0.00814,0.00208,0.00011,0.00213,-0.00013,-0,0,0.02954,-0.00131,0.00013,0.00055,-0.00176,9e-05,0.00014
84.28,0.00025,-0.00158,-0.00043,-4e-05,-0.0003,0,0.00142,-0.00043,0.00014,0.00095,0.00024,8e-05,-2e-05,-0.00132,-5e-05,0.00023,-0.00026,0.00081,0.00042,0,0.00797,0.00217,0.00033,0.00249,-0.00011,-0,0,0.02953,-0.00242,0.00027,0.00118,-0.00196,0.00015,0.00021
84.3,0.00029,-0.00192,-0.00068,-4e-05,-0.00035,0,0.00125,-0.00058,8e-05,0.00088,0.00027,0.00011,-2e-05,-0.00139,-1e-05,0.00026,-0.0003,0.00065,0.00039,-2e-05,0.00745,0.00203,0.00057,0.00238,-9e-05,-1e-05,-0,0.02732,-0.00367,0.00039,0.00199,-0.00208,0.00022,0.00029
84.32,0.00028,-0.00205,-0.00094,-5e-05,-0.00039,0,0.00112,-0.00069,3e-05,0.00081,0.00029,0.00013,-2e-05,-0.00137,1e-05,0.0003,-0.00032,0.00048,0.00036,-4e-05,0.00708,0.00183,0.00077,0.00173,-7e-05,-1e-05,-0,0.02395,-0.00508,0.00044,0.0027,-0.00212,0.00029,0.00037
84.34,0.00021,-0.00206,-0.00122,-6e-05,-0.00043,0,0.00099,-0.00074,0,0.00074,0.00031,0.00015,-2e-05,-0.00129,1e-05,0.00032,-0.00033,0.00035,0.00032,-5e-05,0.0068,0.00152,0.00086,0.00103,-5e-05,-1e-05,-0,0.01954,-0.00643,0.00042,0.00327,-0.00208,0.00037,0.00044
84.36,0.00011,-0.002,-0.00148,-7e-05,-0.00046,0,0.00085,-0.00074,-2e-05,0.00067,0.00032,0.00017,-1e-05,-0.00115,0,0.00033,-0.00033,0.00027,0.00029,-5e-05,0.0065,0.00107,0.00077,0.00034,-3e-05,-1e-05,-0,0.01441,-0.00745,0.00035,0.00375,-0.00195,0.00044,0.0005
84.38,-2e-05,-0.00191,-0.00171,-8e-05,-0.00049,0,0.00072,-0.00068,-4e-05,0.0006,0.00034,0.00019,-1e-05,-0.00098,-0,0.00031,-0.00033,0.00022,0.00027,-4e-05,0.00626,0.00058,0.00043,-0.00054,-2e-05,-1e-05,-0,0.00931,-0.008,0.00025,0.00407,-0.00175,0.00049,0.00055
84.4,-0.00016,-0.00178,-0.00188,-9e-05,-0.00051,0,0.00058,-0.0006,-7e-05,0.00053,0.00036,0.00021,-1e-05,-0.00083,1e-05,0.00027,-0.00033,0.00021,0.00025,-4e-05,0.00603,1e-05,-0.00023,-0.00173,-0,-1e-05,-0,0.00499,-0.00809,0.00011,0.00405,-0.00151,0.00052,0.00056
84.42,-0.0003,-0.00161,-0.00198,-0.00011,-0.00046,0,0.00042,-0.00049,-8e-05,0.00047,0.00038,0.00023,-0,-0.00071,3e-05,0.00022,-0.00033,0.00022,0.00025,-3e-05,0.00553,-0.00083,-0.00122,-0.00305,1e-05,-1e-05,-0,0.00175,-0.00777,-4e-05,0.00359,-0.00124,0.00052,0.00055
84.44,-0.00041,-0.00144,-0.00199,-0.00013,-0.00041,0,0.00025,-0.00038,-8e-05,0.00041,0.00039,0.00025,0,-0.00065,6e-05,0.00018,-0.00034,0.00026,0.00025,-1e-05,0.0046,-0.00191,-0.00238,-0.00449,2e-05,-1e-05,0,-0.00046,-0.00695,-0.00019,0.00292,-0.00095,0.00048,0.0005
84.46,-0.00048,-0.00127,-0.0019,-0.00015,-0.00035,0,0.0001,-0.00026,-8e-05,0.00037,0.00041,0.00026,0,-0.00065,8e-05,0.00014,-0.00035,0.0003,0.00025,-0,0.00339,-0.00294,-0.00341,-0.00612,3e-05,-0,1e-05,-0.00164,-0.00569,-0.0003,0.00226,-0.00067,0.00041,0.00042
84.48,-0.00048,-0.0011,-0.00172,-0.00017,-0.00029,0,-6e-05,-0.00014,-8e-05,0.00032,0.00042,0.00026,1e-05,-0.00073,0.00011,0.00012,-0.00037,0.00034,0.00025,1e-05,0.00212,-0.00385,-0.00406,-0.00767,4e-05,0,1e-05,-0.00192,-0.00424,-0.00036,0.00167,-0.00042,0.00033,0.00034
84.5,-0.00043,-0.00089,-0.00144,-0.00019,-0.00022,0,-0.00024,-5e-05,-7e-05,0.00028,0.00042,0.00026,1e-05,-0.00087,0.00012,0.00013,-0.00039,0.00038,0.00025,2e-05,0.001,-0.00438,-0.00415,-0.00897,4e-05,1e-05,2e-05,-0.00163,-0.00285,-0.00038,0.00114,-0.00022,0.00024,0.00024
84.52,-0.00033,-0.00063,-0.0011,-0.00021,-0.00016,0,-0.00042,1e-05,-4e-05,0.00024,0.00043,0.00026,1e-05,-0.00106,0.00011,0.00016,-0.0004,0.00042,0.00025,3e-05,0.00026,-0.00433,-0.00372,-0.00989,4e-05,2e-05,2e-05,-0.0011,-0.00168,-0.00036,0.00069,-7e-05,0.00016,0.00016
84.54,-0.00022,-0.00033,-0.00072,-0.00023,-9e-05,0,-0.00062,4e-05,3e-05,0.00018,0.00042,0.00024,1e-05,-0.00128,8e-05,0.00021,-0.00041,0.00043,0.00024,3e-05,0,-0.0038,-0.00294,-0.01013,3e-05,3e-05,2e-05,-0.00046,-0.0008,-0.00028,0.00032,1e-05,9e-05,9e-05
84.56,-0.0001,-4e-05,-0.00035,-0.00026,-2e-05,0,-0.00084,5e-05,0.00013,0.00011,0.00043,0.00023,2e-05,-0.00153,5e-05,0.00027,-0.00041,0.00041,0.00022,4e-05,0.00016,-0.00292,-0.00202,-0.00953,3e-05,3e-05,2e-05,0.00013,-0.00025,-0.00017,6e-05,3e-05,4e-05,4e-05
84.58,-2e-05,0.00019,-2e-05,-0.00028,4e-05,0,-0.00107,5e-05,0.00027,2e-05,0.00043,0.00022,2e-05,-0.00178,2e-05,0.00035,-0.0004,0.00038,0.00019,3e-05,0.00059,-0.00185,-0.00112,-0.00812,3e-05,3e-05,2e-05,0.00055,1e-05,-4e-05,-0.00014,0,1e-05,1e-05
84.6,0,0.00031,0.00022,-0.0003,8e-05,0,-0.00128,3e-05,0.00043,-6e-05,0.00044,0.0002,3e-05,-0.002,-0,0.00044,-0.00038,0.00033,0.00015,3e-05,0.00108,-0.00093,-0.00051,-0.00644,3e-05,2e-05,1e-05,0.00075,4e-05,8e-05,-0.00026,-5e-05,-1e-05,-0
84.62,-4e-05,0.00021,0.00036,-0.00032,0.0001,0,-0.00144,0,0.00062,-0.00013,0.00045,0.00019,4e-05,-0.00215,-0,0.00053,-0.00036,0.00027,0.00011,3e-05,0.00146,-0.00042,-0.00022,-0.00495,3e-05,1e-05,0,0.00064,-7e-05,9e-05,-0.00027,-6e-05,-0,-0
84.64,-0.00014,-0.00013,0.00038,-0.00033,0.0001,0,-0.00154,-3e-05,0.00081,-0.00018,0.00046,0.00018,4e-05,-0.00221,2e-05,0.0006,-0.00033,0.00022,8e-05,2e-05,0.00165,-0.00015,-7e-05,-0.00351,4e-05,-0,0,0.00057,-0.00024,0.00013,-0.00024,-7e-05,-0,-0
84.66,-0.00028,-0.00067,0.0003,-0.00034,8e-05,0,-0.00158,-8e-05,0.00099,-0.00021,0.00048,0.00019,5e-05,-0.00218,6e-05,0.00065,-0.00031,0.00018,6e-05,2e-05,0.0016,-2e-05,0,-0.00216,4e-05,-0,-0,0.00055,-0.00048,0.00018,-0.00018,-8e-05,0,1e-05
84.68,-0.00043,-0.00137,0.00016,-0.00034,3e-05,0,-0.00154,-0.00014,0.00115,-0.00022,0.0005,0.0002,5e-05,-0.00205,0.0001,0.00068,-0.00029,0.00016,4e-05,2e-05,0.00136,1e-05,2e-05,-0.00112,4e-05,0,-0,0.00056,-0.00079,0.00019,-0.0001,-8e-05,0,1e-05
84.7,-0.00055,-0.00214,-0,-0.00033,-4e-05,0,-0.00144,-0.0002,0.00127,-0.00022,0.00052,0.00021,5e-05,-0.00185,0.00015,0.00069,-0.00028,0.00014,4e-05,2e-05,0.00098,-2e-05,-1e-05,-0.00039,4e-05,0,0,0.00061,-0.00119,0.00013,0,-8e-05,1e-05,2e-05
84.72,-0.00062,-0.00286,-0.00016,-0.0003,-0.00013,0,-0.00133,-0.00026,0.00135,-0.00021,0.00053,0.00024,5e-05,-0.00161,0.00018,0.00067,-0.00027,0.00013,3e-05,2e-05,0.0005,-6e-05,-6e-05,6e-05,4e-05,1e-05,0,0.0007,-0.00162,-2e-05,0.00015,-8e-05,2e-05,2e-05
84.74,-0.00063,-0.00341,-0.00027,-0.00027,-0.00021,0,-0.0012,-0.0003,0.00139,-0.0002,0.00053,0.00026,5e-05,-0.00134,0.00018,0.00062,-0.00026,0.0001,3e-05,1e-05,3e-05,-8e-05,-0.0001,0.00027,3e-05,2e-05,0,0.00081,-0.00206,-0.00023,0.00029,-8e-05,2e-05,3e-05
84.76,-0.0006,-0.00368,-0.00033,-0.00022,-0.00028,-0,-0.00106,-0.00032,0.00137,-0.0002,0.00051,0.00026,4e-05,-0.00106,0.00014,0.00054,-0.00025,7e-05,2e-05,1e-05,-0.00038,-9e-05,-0.00014,0.00034,3e-05,2e-05,1e-05,0.00092,-0.0025,-0.00046,0.00038,-7e-05,3e-05,3e-05
84.78,-0.00054,-0.00365,-0.00032,-0.00016,-0.00032,-0,-0.00093,-0.00033,0.00132,-0.0002,0.00046,0.00026,4e-05,-0.00079,7e-05,0.00044,-0.00025,3e-05,1e-05,0,-0.0007,-7e-05,-0.00016,0.00032,2e-05,2e-05,1e-05,0.00102,-0.00287,-0.0007,0.00042,-7e-05,4e-05,3e-05
84.8,-0.00042,-0.00333,-0.00027,-0.0001,-0.00033,-0,-0.0008,-0.00031,0.00122,-0.00019,0.0004,0.00024,3e-05,-0.00055,-3e-05,0.00033,-0.00024,-2e-05,-1e-05,-0,-0.00094,-3e-05,-0.00017,0.00026,1e-05,3e-05,1e-05,0.0011,-0.00309,-0.00089,0.00038,-6e-05,4e-05,3e-05
84.82,-0.00024,-0.0028,-0.0002,-4e-05,-0.00031,-0,-0.00067,-0.00028,0.00107,-0.00018,0.00032,0.0002,2e-05,-0.00036,-0.00015,0.00021,-0.00022,-5e-05,-2e-05,-0,-0.0011,2e-05,-0.00017,0.0002,-0,3e-05,1e-05,0.00117,-0.00307,-0.00097,0.00029,-5e-05,4e-05,3e-05
84.84,-9e-05,-0.00216,-0.00014,2e-05,-0.00028,-0,-0.00054,-0.00024,0.0009,-0.00015,0.00024,0.00015,2e-05,-0.0002,-0.00026,0.00011,-0.0002,-6e-05,-3e-05,-0,-0.00118,9e-05,-0.00017,0.00013,-1e-05,3e-05,1e-05,0.00123,-0.00281,-0.00095,0.00012,-4e-05,4e-05,2e-05
84.86,-1e-05,-0.00147,-0.0001,6e-05,-0.00023,-0,-0.00042,-0.0002,0.00072,-0.00011,0.00018,0.00011,1e-05,-8e-05,-0.00036,2e-05,-0.00017,-6e-05,-3e-05,-0,-0.00119,0.00017,-0.00016,8e-05,-2e-05,3e-05,1e-05,0.00131,-0.00237,-0.00084,-0.00011,-3e-05,3e-05,2e-05
84.88,1e-05,-0.00079,-0.00011,9e-05,-0.00019,-0,-0.00029,-0.00015,0.00053,-6e-05,0.00013,6e-05,1e-05,0,-0.00043,-5e-05,-0.00014,-4e-05,-3e-05,-0,-0.00115,0.00026,-0.00015,4e-05,-3e-05,3e-05,1e-05,0.00139,-0.00179,-0.00066,-0.00045,-2e-05,3e-05,1e-05
84.9,-4e-05,-0.00015,-0.00015,0.00012,-0.00014,-0,-0.00018,-0.0001,0.00035,-1e-05,8e-05,2e-05,1e-05,6e-05,-0.00047,-0.0001,-0.00011,-2e-05,-3e-05,0,-0.00106,0.00036,-0.00013,1e-05,-4e-05,2e-05,1e-05,0.00144,-0.0012,-0.00049,-0.00079,-1e-05,2e-05,1e-05
84.92,-0.00013,0.00042,-0.00021,0.00014,-9e-05,-0,-7e-05,-6e-05,0.00019,4e-05,5e-05,-1e-05,1e-05,8e-05,-0.00049,-0.00012,-8e-05,0,-2e-05,0,-0.00095,0.00045,-0.00012,-2e-05,-4e-05,2e-05,1e-05,0.00147,-0.00069,-0.00038,-0.00086,-1e-05,1e-05,1e-05
84.94,-0.00025,0.0009,-0.00029,0.00016,-6e-05,-0,1e-05,-3e-05,7e-05,6e-05,3e-05,-3e-05,1e-05,8e-05,-0.00049,-0.00013,-6e-05,2e-05,-2e-05,1e-05,-0.00084,0.00054,-0.00011,-3e-05,-4e-05,2e-05,1e-05,0.00146,-0.00023,-0.00028,-0.00074,-0,1e-05,0
84.96,-0.00039,0.00131,-0.00036,0.00017,-3e-05,-0,7e-05,-0,-1e-05,7e-05,1e-05,-4e-05,1e-05,5e-05,-0.00047,-0.00013,-5e-05,3e-05,-2e-05,1e-05,-0.00072,0.00061,-0.0001,-3e-05,-4e-05,2e-05,1e-05,0.00143,0.00017,-0.00019,-0.0007,0,0,0
84.98,-0.00053,0.00163,-0.00042,0.00019,-1e-05,-0,0.00011,2e-05,-5e-05,6e-05,1e-05,-5e-05,1e-05,0,-0.00044,-0.00012,-4e-05,3e-05,-2e-05,1e-05,-0.00061,0.00067,-9e-05,-2e-05,-4e-05,2e-05,1e-05,0.00137,0.00047,-0.00012,-0.00074,1e-05,0,0
85,-0.00065,0.00188,-0.00045,0.00021,-1e-05,-0,0.00013,3e-05,-6e-05,3e-05,0,-4e-05,1e-05,-6e-05,-0.0004,-0.00011,-4e-05,3e-05,-2e-05,0,-0.0005,0.0007,-8e-05,-1e-05,-4e-05,2e-05,1e-05,0.00123,0.00065,-7e-05,-0.00083,2e-05,-0,-0
85.02,-0.00076,0.00204,-0.00045,0.00022,-0,-0,0.00014,4e-05,-6e-05,-1e-05,1e-05,-4e-05,1e-05,-0.00012,-0.00036,-0.0001,-4e-05,3e-05,-2e-05,0,-0.00039,0.00073,-8e-05,0,-4e-05,1e-05,1e-05,0.00103,0.00073,-4e-05,-0.00093,2e-05,-0,-0
85.04,-0.00085,0.00212,-0.00041,0.00023,-1e-05,-0,0.00014,5e-05,-5e-05,-5e-05,2e-05,-3e-05,1e-05,-0.00018,-0.00032,-8e-05,-4e-05,5e-05,-1e-05,0,-0.0003,0.00074,-8e-05,1e-05,-3e-05,1e-05,1e-05,0.00081,0.00073,-1e-05,-0.00101,3e-05,-0,-0
85.06,-0.00092,0.00215,-0.00035,0.00024,-1e-05,-0,0.00013,5e-05,-5e-05,-8e-05,3e-05,-2e-05,1e-05,-0.00022,-0.00029,-7e-05,-4e-05,7e-05,0,1e-05,-0.00023,0.00073,-9e-05,2e-05,-3e-05,1e-05,1e-05,0.00061,0.00065,2e-05,-0.0011,3e-05,0,-0
85.08,-0.00096,0.00213,-0.00026,0.00024,-2e-05,-0,0.00011,6e-05,-5e-05,-0.00011,4e-05,-2e-05,1e-05,-0.00025,-0.00025,-6e-05,-4e-05,0.0001,2e-05,1e-05,-0.00017,0.00071,-0.0001,2e-05,-3e-05,1e-05,1e-05,0.00044,0.00053,5e-05,-0.00113,3e-05,0,-0
85.1,-0.00096,0.00208,-0.00018,0.00024,-4e-05,-0,9e-05,6e-05,-5e-05,-0.00013,5e-05,-1e-05,1e-05,-0.00025,-0.00022,-5e-05,-3e-05,0.00013,3e-05,1e-05,-0.00013,0.00068,-0.0001,2e-05,-2e-05,1e-05,0,0.00031,0.00034,7e-05,-0.00113,3e-05,0,0
85.12,-0.00091,0.00198,-0.00011,0.00024,-5e-05,-0,8e-05,6e-05,-6e-05,-0.00014,6e-05,-1e-05,1e-05,-0.00023,-0.00019,-5e-05,-2e-05,0.00014,3e-05,1e-05,-0.0001,0.00067,-0.00011,0,-2e-05,1e-05,0,0.00021,0.0001,0.0001,-0.00113,3e-05,0,0
85.14,-0.00081,0.00187,-5e-05,0.00023,-7e-05,-0,6e-05,6e-05,-6e-05,-0.00015,6e-05,-2e-05,1e-05,-0.00019,-0.00015,-4e-05,-1e-05,0.00013,2e-05,1e-05,-7e-05,0.00065,-0.00012,-2e-05,-2e-05,1e-05,0,0.00014,-0.00017,0.00012,-0.00108,3e-05,1e-05,0
85.16,-0.00067,0.00178,-2e-05,0.00022,-9e-05,-0,6e-05,5e-05,-6e-05,-0.00014,6e-05,-3e-05,1e-05,-0.00011,-0.0001,-4e-05,1e-05,9e-05,-1e-05,1e-05,-6e-05,0.00065,-0.00013,-5e-05,-2e-05,0,0,9e-05,-0.00047,0.00014,-0.00093,3e-05,1e-05,0
85.18,-0.00051,0.0017,-0,0.00021,-0.00012,-0,5e-05,4e-05,-5e-05,-0.00012,4e-05,-5e-05,1e-05,-1e-05,-4e-05,-3e-05,3e-05,0,-5e-05,0,-6e-05,0.00065,-0.00014,-8e-05,-2e-05,0,0,5e-05,-0.0008,0.00017,-0.00074,3e-05,1e-05,0
85.2,-0.00034,0.00165,0,0.00019,-0.00015,-0,5e-05,3e-05,-5e-05,-9e-05,-0,-8e-05,1e-05,0.00012,3e-05,-3e-05,6e-05,-0.00011,-0.00011,-0,-7e-05,0.00067,-0.00015,-0.00012,-2e-05,0,0,1e-05,-0.00115,0.00018,-0.00054,3e-05,1e-05,0
85.22,-0.00017,0.00163,-0,0.00018,-0.00017,-0,5e-05,2e-05,-5e-05,-4e-05,-6e-05,-0.00012,1e-05,0.00028,0.00011,-4e-05,9e-05,-0.00022,-0.00018,-1e-05,-9e-05,0.00071,-0.00017,-0.00016,-2e-05,0,0,-4e-05,-0.00147,0.00018,-0.00039,3e-05,1e-05,0
85.24,-5e-05,0.00166,-0,0.00016,-0.0002,-0,6e-05,0,-5e-05,5e-05,-0.00013,-0.00017,1e-05,0.00047,0.0002,-6e-05,0.00012,-0.00031,-0.00024,-1e-05,-0.00012,0.00078,-0.00019,-0.0002,-2e-05,0,0,-8e-05,-0.00176,0.00015,-0.00027,4e-05,1e-05,0
85.26,1e-05,0.00176,-0,0.00015,-0.00022,-0,6e-05,-1e-05,-7e-05,0.00016,-0.00021,-0.00023,-0,0.00069,0.0003,-8e-05,0.00016,-0.00038,-0.00029,-1e-05,-0.00017,0.00087,-0.00021,-0.00024,-2e-05,0,0,-0.00013,-0.00201,9e-05,-0.00017,4e-05,1e-05,0
85.28,3e-05,0.0019,-0,0.00013,-0.00024,-0,7e-05,-3e-05,-9e-05,0.00032,-0.0003,-0.0003,-1e-05,0.00092,0.00042,-0.0001,0.0002,-0.00041,-0.00034,-1e-05,-0.00026,0.00098,-0.00022,-0.00027,-2e-05,-0,0,-0.00019,-0.0022,-0,-0.0001,5e-05,1e-05,0
85.3,2e-05,0.00209,0,0.00011,-0.00025,-0,7e-05,-4e-05,-0.00014,0.00053,-0.00038,-0.00036,-3e-05,0.00116,0.00054,-0.00013,0.00024,-0.00039,-0.00037,-1e-05,-0.00036,0.00111,-0.00022,-0.00029,-2e-05,-0,0,-0.00027,-0.00233,-0.00013,-5e-05,6e-05,1e-05,0
85.32,-3e-05,0.00229,-0,0.0001,-0.00025,-0,6e-05,-5e-05,-0.0002,0.00079,-0.00042,-0.00042,-5e-05,0.00139,0.00067,-0.00014,0.00031,-0.00032,-0.00038,-1e-05,-0.00045,0.00127,-0.00018,-0.00029,-3e-05,-0,0,-0.00036,-0.00238,-0.00025,-1e-05,7e-05,1e-05,0
85.34,-8e-05,0.00249,-1e-05,9e-05,-0.00024,-0,5e-05,-6e-05,-0.00028,0.00112,-0.0004,-0.00045,-8e-05,0.00159,0.00078,-0.00015,0.00039,-0.00017,-0.00036,-1e-05,-0.00054,0.00143,-0.0001,-0.00028,-3e-05,-0,0,-0.00046,-0.00236,-0.00036,5e-05,8e-05,1e-05,-0
85.36,-0.00014,0.00263,-4e-05,8e-05,-0.00021,-0,3e-05,-7e-05,-0.00038,0.00151,-0.00031,-0.00047,-0.00012,0.00174,0.00089,-0.00015,0.00046,4e-05,-0.00032,-2e-05,-0.00065,0.00159,1e-05,-0.00024,-4e-05,0,0,-0.0006,-0.0023,-0.00043,0.00013,8e-05,0,-0
85.38,-0.00019,0.00267,-7e-05,9e-05,-0.00018,-0,-0,-8e-05,-0.0005,0.00195,-0.00021,-0.00048,-0.00016,0.00183,0.00096,-0.00015,0.00051,0.00025,-0.00028,-2e-05,-0.00077,0.00174,0.00013,-0.00017,-6e-05,0,0,-0.00078,-0.00219,-0.00047,0.00023,9e-05,0,-0
85.4,-0.00022,0.00257,-0.00011,0.0001,-0.00014,-0,-4e-05,-9e-05,-0.00061,0.00245,-1e-05,-0.00045,-0.00021,0.00184,0.00098,-0.00014,0.00052,0.00055,-0.00022,-3e-05,-0.00088,0.0019,0.00027,-6e-05,-7e-05,0,0,-0.001,-0.00206,-0.00047,0.00035,9e-05,0,-0
85.42,-0.00024,0.00229,-0.00015,0.00011,-0.0001,-0,-8e-05,-7e-05,-0.00067,0.00303,0.00042,-0.00032,-0.00025,0.00175,0.00097,-0.00011,0.00049,0.00111,-0.0001,-3e-05,-0.00097,0.00211,0.00046,6e-05,-8e-05,0,1e-05,-0.00124,-0.00195,-0.00045,0.00049,9e-05,0,-0
85.44,-0.00025,0.00187,-0.00018,0.00012,-6e-05,-0,-0.00013,-3e-05,-0.00067,0.00363,0.00083,-0.00014,-0.00028,0.00159,0.00091,-8e-05,0.00037,0.00157,2e-05,-5e-05,-0.00099,0.00236,0.00066,0.00019,-9e-05,1e-05,1e-05,-0.00148,-0.00183,-0.00041,0.00061,9e-05,-0,-0
85.46,-0.00026,0.00133,-0.00018,0.00013,-3e-05,-0,-0.00017,2e-05,-0.00065,0.00417,0.00104,1e-05,-0.00029,0.00136,0.00079,-6e-05,0.00018,0.00168,0.0001,-6e-05,-0.00091,0.00262,0.00084,0.0003,-0.0001,1e-05,1e-05,-0.00171,-0.00166,-0.00034,0.00066,9e-05,-0,-0
85.48,-0.00025,0.00078,-0.00015,0.00014,1e-05,-0,-0.00024,7e-05,-0.00061,0.00462,0.00114,0.00016,-0.00028,0.00107,0.0006,-5e-05,-7e-05,0.00161,0.00016,-8e-05,-0.0007,0.00288,0.00096,0.00034,-0.00011,1e-05,1e-05,-0.00192,-0.00147,-0.00027,0.00064,8e-05,-0,-0
85.5,-0.00026,0.00032,-9e-05,0.00014,4e-05,-0,-0.00034,0.00012,-0.00057,0.00503,0.00103,0.00022,-0.00026,0.00069,0.00038,-6e-05,-0.00035,0.0013,0.00016,-0.0001,-0.00037,0.0031,0.00101,0.00031,-0.00011,1e-05,1e-05,-0.00204,-0.0012,-0.00018,0.00052,8e-05,-0,-0
85.52,-0.00027,4e-05,2e-05,0.00014,7e-05,-0,-0.00039,0.00017,-0.00047,0.00545,0.0007,0.00016,-0.00023,0.00023,0.00017,-8e-05,-0.00066,0.00077,8e-05,-0.00012,9e-05,0.00322,0.00097,0.00024,-0.0001,1e-05,1e-05,-0.002,-0.00078,-9e-05,0.00034,7e-05,-0,-0
85.54,-0.00027,-3e-05,0.00016,0.00013,0.00011,-0,-0.0004,0.00018,-0.00034,0.00587,0.0004,7e-05,-0.00021,-0.00023,-3e-05,-0.00012,-0.001,0.00035,2e-05,-0.00013,0.00067,0.00318,0.00082,0.0001,-9e-05,1e-05,1e-05,-0.00185,-0.0003,-1e-05,0.0001,7e-05,-0,-0
85.56,-0.00025,0.00014,0.00034,0.00011,0.00015,-0,-0.00042,0.00014,-0.00023,0.00626,0.00022,3e-05,-0.00018,-0.00069,-0.00017,-0.00019,-0.00139,0.00013,-0,-0.00015,0.00133,0.00294,0.00058,-0.00011,-7e-05,1e-05,1e-05,-0.00168,0.00015,4e-05,-0.00015,6e-05,-0,-0
85.58,-0.00019,0.00051,0.00053,9e-05,0.0002,0,-0.00045,4e-05,-0.00011,0.00659,0.00011,1e-05,-0.00015,-0.00116,-0.00025,-0.00031,-0.00184,3e-05,-0,-0.00016,0.00197,0.00252,0.00032,-0.00035,-5e-05,1e-05,1e-05,-0.00148,0.00055,7e-05,-0.00041,5e-05,-0,-0
85.6,-0.0001,0.00104,0.00071,7e-05,0.00025,0,-0.00038,-0.00016,-2e-05,0.00692,4e-05,0,-0.00012,-0.00162,-0.00023,-0.00049,-0.00228,-1e-05,0,-0.00018,0.00258,0.00196,7e-05,-0.00059,-4e-05,0,0,-0.00126,0.00084,7e-05,-0.00064,4e-05,-0,-0
85.62,5e-05,0.00162,0.00086,6e-05,0.00029,0,-4e-05,-0.00043,2e-05,0.00732,2e-05,0,-0.00011,-0.002,-8e-05,-0.00069,-0.00263,-1e-05,1e-05,-0.00018,0.00321,0.00133,-8e-05,-0.00077,-2e-05,-0,0,-0.00095,0.001,4e-05,-0.00083,4e-05,-0,-0
85.64,0.00024,0.00214,0.00096,5e-05,0.00032,0,0.00049,-0.00076,3e-05,0.00767,0,0,-0.0001,-0.00232,0.0002,-0.00092,-0.00283,-1e-05,0,-0.00017,0.00374,0.00072,-8e-05,-0.00076,-1e-05,-1e-05,-0,-0.00061,0.00105,1e-05,-0.00096,3e-05,-0,-0
85.66,0.00046,0.00251,0.00099,4e-05,0.00034,0,0.0011,-0.00115,4e-05,0.00784,-1e-05,1e-05,-8e-05,-0.00262,0.00056,-0.00119,-0.00286,-0,-0,-0.00014,0.00399,0.00018,3e-05,-0.00049,0,-1e-05,-1e-05,-0.0003,0.00106,-4e-05,-0.00104,3e-05,-0,-0
85.68,0.0007,0.00268,0.00096,4e-05,0.00035,0,0.00182,-0.00161,3e-05,0.00782,-1e-05,1e-05,-8e-05,-0.00287,0.00095,-0.00142,-0.0027,0,-1e-05,-0.00011,0.00394,-0.00034,0.00022,5e-05,1e-05,-2e-05,-1e-05,-1e-05,0.00104,-8e-05,-0.00107,2e-05,-0,-0
85.7,0.00095,0.00262,0.00088,5e-05,0.00033,0,0.00266,-0.00205,-1e-05,0.00767,-1e-05,2e-05,-7e-05,-0.00296,0.00127,-0.00152,-0.00245,0,-2e-05,-8e-05,0.00362,-0.00086,0.00036,0.00079,0,-2e-05,-1e-05,0.00026,0.00101,-0.00013,-0.00106,2e-05,-0,-0
85.72,0.00112,0.00235,0.00083,6e-05,0.0003,0,0.00361,-0.00231,-6e-05,0.00744,-1e-05,1e-05,-6e-05,-0.00274,0.00148,-0.00141,-0.00225,0,-2e-05,-2e-05,0.00302,-0.00145,0.00024,0.00174,-1e-05,-3e-05,-1e-05,0.00052,0.00098,-0.00016,-0.00101,2e-05,-0,-0
85.74,0.00124,0.00192,0.00081,7e-05,0.00026,0,0.00454,-0.0024,-9e-05,0.00704,-1e-05,1e-05,-5e-05,-0.00229,0.00152,-0.00118,-0.00203,0,-2e-05,2e-05,0.00218,-0.00223,-0.0003,0.00279,-4e-05,-5e-05,-2e-05,0.00075,0.00096,-0.00018,-0.00095,1e-05,-0,-0
85.76,0.00131,0.00139,0.00079,8e-05,0.00022,0,0.00536,-0.0024,-0.0001,0.00644,-1e-05,1e-05,-4e-05,-0.00175,0.00136,-0.00088,-0.00174,0,-1e-05,6e-05,0.00118,-0.00333,-0.00146,0.00366,-7e-05,-9e-05,-5e-05,0.00095,0.00097,-0.0002,-0.00087,1e-05,-0,-0
85.78,0.00135,0.00083,0.00077,0.0001,0.00017,0,0.00604,-0.00229,-0.00012,0.00572,-1e-05,0,-3e-05,-0.00115,0.00107,-0.00055,-0.00141,0,-1e-05,0.0001,0.00018,-0.00473,-0.00344,0.00407,-0.00012,-0.00016,-0.0001,0.00112,0.001,-0.0002,-0.00079,1e-05,-0,-0
85.8,0.00132,0.00029,0.00073,0.00012,0.00013,0,0.00651,-0.00205,-0.00011,0.00492,-1e-05,-0,-1e-05,-0.00065,0.00071,-0.0003,-0.00108,0,-0,0.00012,-0.00058,-0.00641,-0.00583,0.00435,-0.00017,-0.00022,-0.00015,0.00128,0.00103,-0.00018,-0.0007,1e-05,-1e-05,-0
85.82,0.00122,-0.00019,0.00064,0.00013,0.0001,0,0.00669,-0.00165,-4e-05,0.00406,-1e-05,-1e-05,-0,-0.00034,0.00038,-0.00015,-0.00079,1e-05,0,0.00011,-0.00074,-0.00818,-0.00696,0.00549,-0.0002,-0.00011,-8e-05,0.00143,0.00105,-0.00016,-0.00062,1e-05,-1e-05,-0
85.84,0.00106,-0.00055,0.00054,0.00015,8e-05,0,0.00666,-0.00118,5e-05,0.0032,-1e-05,-1e-05,1e-05,-0.0002,0.00013,-5e-05,-0.0005,1e-05,1e-05,0.0001,-0.00033,-0.00906,-0.006,0.00682,-0.00022,0.00018,9e-05,0.00157,0.00106,-0.00011,-0.00056,1e-05,-1e-05,-0
85.86,0.00085,-0.00079,0.00042,0.00016,7e-05,0,0.00646,-0.00071,0.00012,0.0024,-1e-05,-2e-05,2e-05,-0.00017,-5e-05,0,-0.00023,3e-05,1e-05,9e-05,0.0002,-0.00857,-0.00377,0.00738,-0.0002,0.00057,0.00032,0.00168,0.00104,-6e-05,-0.0005,1e-05,-1e-05,-0
85.88,0.00061,-0.00093,0.00031,0.00018,6e-05,0,0.00614,-0.00024,0.00017,0.00169,-0,-3e-05,3e-05,-0.00023,-0.00015,3e-05,-1e-05,6e-05,1e-05,8e-05,0.00054,-0.00686,-0.00061,0.0079,-0.00016,0.00106,0.00062,0.00174,0.001,1e-05,-0.00044,2e-05,-1e-05,-0
85.9,0.00035,-0.00097,0.0002,0.00019,6e-05,0,0.0057,0.00013,0.00019,0.00106,-0,-3e-05,4e-05,-0.00039,-0.00019,4e-05,0.00016,0.0001,1e-05,7e-05,0.00089,-0.00478,0.00141,0.00758,-0.0001,0.00162,0.00094,0.00179,0.00091,9e-05,-0.00038,2e-05,-1e-05,-1e-05
85.92,7e-05,-0.00093,9e-05,0.00019,6e-05,0,0.0052,0.00034,0.00018,0.00053,-0,-4e-05,4e-05,-0.00061,-0.00018,8e-05,0.00027,0.00018,2e-05,6e-05,0.00163,-0.00326,0.00153,0.00527,-1e-05,0.00222,0.00122,0.00187,0.00075,0.00017,-0.00033,2e-05,-1e-05,-1e-05
85.94,-0.0002,-0.00082,1e-05,0.00019,6e-05,0,0.00464,0.00046,0.00014,0.00011,-0,-4e-05,4e-05,-0.00079,-0.00017,0.00013,0.00034,0.00028,3e-05,3e-05,0.00237,-0.00223,0.00122,0.00291,5e-05,0.00265,0.00139,0.00194,0.0005,0.00025,-0.00026,2e-05,-1e-05,-1e-05
85.96,-0.00045,-0.00068,-4e-05,0.00018,6e-05,0,0.00404,0.00057,0.0001,-0.00019,-0,-5e-05,4e-05,-0.00087,-0.00015,0.00018,0.00037,0.00041,4e-05,0,0.00281,-0.0015,0.00102,0.00151,8e-05,0.00276,0.00138,0.00195,0.00013,0.00031,-0.00016,1e-05,-1e-05,-1e-05
85.98,-0.00066,-0.00049,-6e-05,0.00017,6e-05,0,0.00339,0.00064,7e-05,-0.00039,-0,-5e-05,3e-05,-0.00082,-0.00013,0.00022,0.00038,0.00054,5e-05,-3e-05,0.00289,-0.00107,0.00072,0.00063,6e-05,0.00257,0.0012,0.0019,-0.00038,0.00036,-2e-05,1e-05,-1e-05,-0
86,-0.00082,-0.00027,-7e-05,0.00015,6e-05,0,0.00267,0.00065,5e-05,-0.00049,-0,-5e-05,3e-05,-0.00071,-0.00012,0.00024,0.00038,0.00069,6e-05,-6e-05,0.00239,-0.00087,0.00018,0.00012,-1e-05,0.00178,0.00077,0.00184,-0.00102,0.00036,0.00018,-0,-1e-05,-0
86.02,-0.00099,-5e-05,-7e-05,0.00012,5e-05,0,0.0019,0.0006,2e-05,-0.0005,-0,-5e-05,2e-05,-0.00056,-0.00011,0.00022,0.0004,0.00088,7e-05,-8e-05,0.00127,-0.00082,-0.00051,-0.00024,-8e-05,0.00043,0.00015,0.00185,-0.00172,0.00029,0.00045,-1e-05,-1e-05,-0
86.04,-0.00112,0.00018,-7e-05,8e-05,4e-05,0,0.0011,0.00052,0,-0.00043,-0,-4e-05,1e-05,-0.00036,-0.00011,0.00018,0.00043,0.00105,7e-05,-9e-05,9e-05,-0.00081,-0.00117,-0.00062,-9e-05,-0.00091,-0.00047,0.0018,-0.00241,0.00015,0.00082,-3e-05,-1e-05,-0
86.06,-0.00115,0.00038,-7e-05,4e-05,2e-05,0,0.00029,0.00042,0,-0.00028,-0,-4e-05,0,-0.00014,-0.0001,0.00013,0.00045,0.00112,8e-05,-9e-05,-0.00066,-0.00077,-0.00191,-0.00114,-5e-05,-0.00211,-0.00104,0.00162,-0.00304,-7e-05,0.00129,-5e-05,-1e-05,-0
86.08,-0.00107,0.00051,-9e-05,-0,1e-05,0,-0.00051,0.0003,-1e-05,-7e-05,-0,-3e-05,0,7e-05,-9e-05,9e-05,0.00048,0.00113,8e-05,-9e-05,-0.00084,-0.00069,-0.00312,-0.00202,2e-05,-0.00324,-0.00155,0.00135,-0.00353,-0.00036,0.00185,-7e-05,-0,0
86.1,-0.00095,0.00054,-0.00013,-5e-05,-1e-05,-0,-0.00127,0.00015,-3e-05,0.00016,-0,-3e-05,0,0.00024,-9e-05,5e-05,0.00048,0.00107,7e-05,-7e-05,-0.00036,-0.00064,-0.00364,-0.00285,0.00013,-0.00378,-0.00182,0.00095,-0.00376,-0.00067,0.00243,-9e-05,-0,0
86.12,-0.00093,0.00044,-0.00019,-9e-05,-3e-05,-0,-0.00191,-1e-05,-6e-05,0.00042,-0,-2e-05,-0,0.00043,-8e-05,2e-05,0.00045,0.0009,7e-05,-6e-05,0.00072,-0.0007,-0.00111,-0.00274,0.00023,-0.00278,-0.00152,0.00047,-0.00358,-0.00088,0.00292,-0.00012,-0,0
86.14,-0.00092,0.0002,-0.00027,-0.00012,-6e-05,-0,-0.00239,-0.00013,-0.0001,0.00066,-0,-2e-05,-0,0.00064,-6e-05,0,0.0004,0.00073,6e-05,-5e-05,0.00181,-0.0009,0.00204,-0.002,0.00032,-0.00132,-0.00093,8e-05,-0.00305,-0.00094,0.00326,-0.00014,-0,-0
86.16,-0.00083,-0.00018,-0.00036,-0.00016,-9e-05,-0,-0.00271,-0.00021,-0.00016,0.00087,-0,-1e-05,0,0.00082,-4e-05,0,0.00034,0.00061,5e-05,-4e-05,0.00245,-0.00122,0.00371,-0.0011,0.00037,-0.00027,-0.00041,-0.00011,-0.00228,-0.00087,0.00338,-0.00016,0,-0
86.18,-0.00071,-0.00067,-0.00045,-0.00018,-0.00012,-0,-0.00286,-0.00022,-0.00022,0.00101,-0,-1e-05,0,0.00094,-1e-05,1e-05,0.00027,0.00052,5e-05,-2e-05,0.00248,-0.00154,0.00433,0.0002,0.00039,0.00059,8e-05,-6e-05,-0.00133,-0.00067,0.0032,-0.00017,0,0
86.2,-0.00052,-0.00121,-0.0005,-0.00021,-0.00017,-0,-0.00286,-0.00018,-0.00026,0.00108,-0,-1e-05,0,0.00105,2e-05,3e-05,0.00017,0.00046,4e-05,-1e-05,0.00278,-0.00173,0.00355,0.00127,0.00036,0.00096,0.00035,0.0002,-0.0004,-0.00042,0.00284,-0.00018,0,0
86.22,-0.00026,-0.00169,-0.00048,-0.00024,-0.00023,-0,-0.00274,-8e-05,-0.00028,0.00108,-0,-0,0,0.00126,6e-05,4e-05,4e-05,0.00043,4e-05,0,0.00418,-0.00174,0.00201,0.00157,0.00031,0.00075,0.00029,0.00087,0.00031,-0.00021,0.0026,-0.00017,1e-05,0
86.24,2e-05,-0.00211,-0.00038,-0.00026,-0.0003,-0,-0.00254,6e-05,-0.00026,0.00102,-0,-0,-0,0.00147,9e-05,5e-05,-8e-05,0.00043,5e-05,1e-05,0.00585,-0.0016,0.00083,0.00146,0.00025,0.00045,0.00017,0.00193,0.00073,-4e-05,0.00237,-0.00016,1e-05,0
86.26,0.00033,-0.00243,-0.00021,-0.00028,-0.00037,-0,-0.00227,0.00021,-0.00021,0.00091,-0,-0,-0,0.00159,0.00012,5e-05,-0.0002,0.00043,5e-05,2e-05,0.00713,-0.00136,0.00019,0.00119,0.0002,0.00029,0.00011,0.00301,0.00084,7e-05,0.0021,-0.00013,1e-05,1e-05
86.28,0.00069,-0.00263,2e-05,-0.00028,-0.00045,-0,-0.00198,0.00036,-0.00014,0.00077,-0,-0,-1e-05,0.00164,0.00014,5e-05,-0.00032,0.00044,5e-05,3e-05,0.00802,-0.00108,-0.0001,0.00076,0.00015,0.00017,6e-05,0.00377,0.00063,6e-05,0.00197,-9e-05,1e-05,1e-05
86.3,0.00101,-0.00269,0.00026,-0.00028,-0.0005,-0,-0.0017,0.00049,-7e-05,0.00063,-0,0,-1e-05,0.00164,0.00015,5e-05,-0.00042,0.00045,5e-05,3e-05,0.00846,-0.00086,-0.00017,0.00023,0.00011,9e-05,3e-05,0.00424,0.0001,-9e-05,0.0019,-6e-05,2e-05,1e-05
86.32,0.00102,-0.00258,0.00044,-0.00028,-0.00054,-0,-0.00144,0.00058,-1e-05,0.0005,0,0,-1e-05,0.00162,0.00014,2e-05,-0.00046,0.00047,6e-05,4e-05,0.00849,-0.00072,-0.00015,-0.00025,7e-05,5e-05,2e-05,0.00462,-0.00057,-0.00033,0.00182,-3e-05,2e-05,1e-05
86.34,0.00082,-0.00236,0.00052,-0.00028,-0.00055,-0,-0.00124,0.00063,3e-05,0.00042,0,1e-05,-1e-05,0.00157,0.00011,-1e-05,-0.00046,0.00049,7e-05,4e-05,0.00815,-0.00065,-0.0001,-0.00056,5e-05,2e-05,1e-05,0.00453,-0.00116,-0.00058,0.00177,-0,2e-05,1e-05
86.36,0.00063,-0.00205,0.00047,-0.0003,-0.00055,-0,-0.0011,0.0006,2e-05,0.00039,0,2e-05,-1e-05,0.00152,8e-05,-5e-05,-0.00045,0.0005,7e-05,4e-05,0.00755,-0.00059,-7e-05,-0.00073,3e-05,1e-05,0,0.00373,-0.0016,-0.0008,0.00159,3e-05,2e-05,1e-05
86.38,0.00045,-0.00168,0.00029,-0.00033,-0.00053,-0,-0.001,0.00052,-2e-05,0.0004,0,3e-05,-1e-05,0.00147,4e-05,-9e-05,-0.00041,0.00052,7e-05,4e-05,0.00679,-0.00055,-5e-05,-0.00077,3e-05,-0,-0,0.00237,-0.00179,-0.00092,0.00109,5e-05,2e-05,1e-05
86.4,0.00029,-0.00125,0,-0.00037,-0.0005,-0,-0.00093,0.0004,-9e-05,0.00046,0,4e-05,-0,0.00142,0,-0.00012,-0.00037,0.00052,7e-05,4e-05,0.00598,-0.00049,-3e-05,-0.00071,3e-05,-1e-05,-1e-05,0.00115,-0.00169,-0.00091,6e-05,6e-05,2e-05,1e-05
86.42,0.00017,-0.00076,-0.0004,-0.00042,-0.00045,-0,-0.00086,0.00024,-0.00015,0.00054,0,5e-05,0,0.00136,-3e-05,-0.0001,-0.00037,0.00051,6e-05,4e-05,0.0052,-0.00043,-2e-05,-0.00058,6e-05,-2e-05,-1e-05,0.0006,-0.00133,-0.00074,-0.00142,7e-05,1e-05,0
86.44,0.0001,-0.00026,-0.00087,-0.00047,-0.00039,-0,-0.00078,9e-05,-0.00018,0.00062,0,6e-05,1e-05,0.00127,-6e-05,-4e-05,-0.00038,0.00047,5e-05,4e-05,0.00445,-0.00033,-0,-0.00041,9e-05,-3e-05,-1e-05,0.00021,-0.00081,-0.0005,-0.00318,8e-05,0,-0
86.46,8e-05,0.00027,-0.00137,-0.00051,-0.00033,-0,-0.00067,-4e-05,-0.00019,0.00068,0,6e-05,1e-05,0.00116,-0.0001,3e-05,-0.00037,0.0004,3e-05,3e-05,0.00377,-0.00019,1e-05,-0.00023,0.00015,-4e-05,-1e-05,-0.0004,-0.00028,-0.00025,-0.00521,8e-05,-1e-05,-1e-05
86.48,7e-05,0.00083,-0.00187,-0.00054,-0.00027,-0,-0.00055,-0.00014,-0.00017,0.00072,0,5e-05,1e-05,0.00101,-0.00017,0.00011,-0.00036,0.00029,1e-05,3e-05,0.00315,0,1e-05,-5e-05,0.00022,-4e-05,-2e-05,-0.00106,6e-05,-4e-05,-0.00735,7e-05,-1e-05,-1e-05
86.5,8e-05,0.00141,-0.00236,-0.00056,-0.00019,-0,-0.00041,-0.00022,-0.00014,0.00073,0,4e-05,1e-05,0.00086,-0.00026,0.00018,-0.00035,0.00017,-0,2e-05,0.00262,0.00023,1e-05,0.00011,0.00032,-5e-05,-2e-05,-0.00191,4e-05,7e-05,-0.00936,6e-05,-2e-05,-1e-05
86.52,0.00011,0.00198,-0.00284,-0.00055,-0.00011,-0,-0.00028,-0.00028,-0.0001,0.00071,0,2e-05,1e-05,0.00077,-0.00038,0.00021,-0.00034,3e-05,-1e-05,1e-05,0.00218,0.00047,-0,0.00023,0.00042,-5e-05,-2e-05,-0.00315,-0.00031,8e-05,-0.01091,4e-05,-3e-05,-1e-05
86.54,0.00011,0.00254,-0.0033,-0.00052,-2e-05,-0,-0.00017,-0.00032,-5e-05,0.00067,0,1e-05,0,0.00072,-0.00054,0.00021,-0.00033,-8e-05,-1e-05,0,0.00183,0.0007,-1e-05,0.0003,0.00053,-4e-05,-2e-05,-0.00455,-0.00099,-3e-05,-0.01184,3e-05,-3e-05,-1e-05
86.56,9e-05,0.00308,-0.00372,-0.00045,8e-05,-0,-8e-05,-0.00035,-1e-05,0.00059,0,0,0,0.00068,-0.00074,0.00019,-0.00032,-0.00017,-1e-05,-1e-05,0.00155,0.00085,-3e-05,0.00034,0.00064,-3e-05,-1e-05,-0.00577,-0.00204,-0.00028,-0.01206,2e-05,-2e-05,-1e-05
86.58,5e-05,0.00359,-0.00409,-0.00034,0.00018,0,-4e-05,-0.00038,4e-05,0.00048,0,0,-0,0.00067,-0.00099,0.00013,-0.00033,-0.00024,0,-1e-05,0.00132,0.00089,-4e-05,0.00033,0.00068,-3e-05,-2e-05,-0.00663,-0.00323,-0.00062,-0.01145,1e-05,-1e-05,-0
86.6,2e-05,0.00401,-0.00437,-0.00019,0.00027,0,-4e-05,-0.00041,8e-05,0.00032,0,0,0,0.00066,-0.00124,4e-05,-0.00033,-0.0003,2e-05,-2e-05,0.00108,0.00085,-6e-05,0.00028,0.00073,1e-05,0,-0.00718,-0.00413,-0.00094,-0.01025,0,-0,0
86.62,-0,0.00429,-0.00445,0,0.00035,0,-8e-05,-0.00045,0.00011,0.0001,0,1e-05,0,0.00061,-0.00143,-6e-05,-0.00034,-0.00035,3e-05,-2e-05,0.00073,0.00087,-7e-05,0.00023,0.00088,0.00019,0.0001,-0.00737,-0.00431,-0.00114,-0.00873,0,1e-05,1e-05
86.64,2e-05,0.00436,-0.00434,0.00024,0.00041,-0,-0.00015,-0.00051,0.00014,-0.00018,0,1e-05,1e-05,0.00052,-0.00155,-0.00014,-0.00035,-0.0004,5e-05,-2e-05,0.00017,0.00102,-8e-05,0.00014,0.00095,0.00034,0.00017,-0.00694,-0.00385,-0.0012,-0.00693,0,2e-05,1e-05
86.66,9e-05,0.00418,-0.00401,0.00051,0.00045,-0,-0.00026,-0.00058,0.00016,-0.00056,0,3e-05,1e-05,0.00038,-0.00158,-0.00019,-0.00039,-0.00043,7e-05,-2e-05,-0.00068,0.00137,-8e-05,0,0.00076,0.00035,0.00018,-0.00582,-0.00297,-0.00111,-0.005,-0,2e-05,1e-05
86.68,0.00021,0.00372,-0.00345,0.00083,0.00039,-0,-0.00038,-0.00066,0.00017,-0.00103,0,4e-05,2e-05,0.00023,-0.00149,-0.00019,-0.00045,-0.00046,9e-05,-2e-05,-0.0019,0.00197,-8e-05,-0.00024,0.00032,0.00022,0.00011,-0.00409,-0.00186,-0.00086,-0.00314,-0,1e-05,1e-05
86.7,0.00036,0.00292,-0.00269,0.00118,0.00031,-0,-0.0005,-0.00073,0.00017,-0.00161,0,6e-05,2e-05,6e-05,-0.00124,-0.00012,-0.00055,-0.00047,0.00012,-2e-05,-0.00343,0.00296,-5e-05,-0.00056,-0.00045,-9e-05,-4e-05,-0.00223,-0.00089,-0.00056,-0.00162,-0,1e-05,0
86.72,0.00049,0.00176,-0.0018,0.00152,0.00023,-0,-0.00059,-0.00076,0.00016,-0.00235,0,8e-05,2e-05,1e-05,-0.00084,-2e-05,-0.00075,-0.00042,0.00016,-2e-05,-0.00498,0.00425,4e-05,-0.00046,-0.00101,-0.00033,-0.00017,-0.00048,-0.0003,-0.00033,-0.0005,0,-0,-0
86.74,0.00059,0.00037,-0.00087,0.00184,0.00014,-0,-0.00064,-0.00075,0.00015,-0.00324,0,0.00011,2e-05,0.00028,-0.00037,9e-05,-0.00104,-0.00034,0.0002,-1e-05,-0.00628,0.00534,0.00018,3e-05,-0.00111,-0.00033,-0.0002,0.00118,-4e-05,-0.00019,0.00022,1e-05,-0,-0
86.76,0.00064,-0.00106,2e-05,0.00213,6e-05,-0,-0.00066,-0.0007,0.00013,-0.0043,-0,0.00013,2e-05,0.00097,3e-05,0.00013,-0.0014,-0.00024,0.00022,-1e-05,-0.00718,0.00587,0.00031,0.00049,-0.00103,-0.00023,-0.00016,0.00247,-0,-8e-05,0.00052,2e-05,0,0
86.78,0.00064,-0.00238,0.0008,0.00237,-3e-05,-0,-0.00065,-0.00062,0.00011,-0.00562,-0,0.00015,2e-05,0.00209,0.00023,4e-05,-0.00183,-0.00014,0.00022,-0,-0.00756,0.00578,0.0004,0.00079,-0.00078,-4e-05,-8e-05,0.00322,-9e-05,-3e-05,0.00048,3e-05,1e-05,0
86.8,0.00061,-0.00345,0.00143,0.00256,-0.00011,0,-0.00056,-0.0005,9e-05,-0.00695,-0,0.00016,1e-05,0.00382,6e-05,-0.00021,-0.00223,-4e-05,0.0002,1e-05,-0.0071,0.00493,0.00042,0.00106,-0.00054,0.00011,-0,0.00341,-0.00021,-1e-05,0.00019,4e-05,1e-05,1e-05
86.82,0.00059,-0.00411,0.00202,0.00267,-0.0002,0,-0.00028,-0.00038,9e-05,-0.00794,-0,0.00015,1e-05,0.00649,-0.00053,-0.00054,-0.00239,8e-05,0.00013,3e-05,-0.00556,0.00346,0.00034,0.00152,-0.00048,0.00013,1e-05,0.00301,-0.00029,0,-0.00022,4e-05,2e-05,1e-05
86.84,0.00063,-0.00431,0.00257,0.0027,-0.0003,0,0.00011,-0.00025,9e-05,-0.00885,-0,0.00012,-0,0.00969,-0.00146,-0.00087,-0.00215,0.00018,5e-05,4e-05,-0.00369,0.00184,0.00013,0.00184,-0.00046,0.0001,-0,0.00213,-0.00032,1e-05,-0.00063,4e-05,2e-05,1e-05
86.86,0.00073,-0.00406,0.00299,0.00267,-0.00038,0,0.00042,-0.00013,6e-05,-0.00991,-0,9e-05,-1e-05,0.01274,-0.00267,-0.0011,-0.00156,0.00023,-4e-05,6e-05,-0.00214,0.0003,-0.0002,0.00186,-0.00039,9e-05,0,0.00094,-0.00032,2e-05,-0.00096,3e-05,2e-05,1e-05
86.88,0.00092,-0.0034,0.00325,0.00258,-0.00046,0,0.00065,-2e-05,-0,-0.01103,0,7e-05,-1e-05,0.01518,-0.00404,-0.00111,-0.0007,0.00024,-0.00013,6e-05,-0.00083,-0.00111,-0.00066,0.00182,-0.00032,8e-05,1e-05,-0.00039,-0.00028,3e-05,-0.00118,3e-05,2e-05,1e-05
86.9,0.00115,-0.00242,0.00342,0.00242,-0.00053,0,0.00068,6e-05,-0.00011,-0.01201,1e-05,4e-05,-2e-05,0.017,-0.00541,-0.00093,8e-05,0.00023,-0.0002,6e-05,-0.00024,-0.00237,-0.00124,0.00155,-0.00025,8e-05,1e-05,-0.00167,-0.00021,4e-05,-0.00128,2e-05,2e-05,1e-05
86.92,0.00139,-0.00121,0.00355,0.00215,-0.00057,0,0.00042,0.0001,-0.00024,-0.01269,2e-05,2e-05,-3e-05,0.01836,-0.00654,-0.00059,0.00078,0.0002,-0.00022,6e-05,-0.00055,-0.00346,-0.0018,0.00105,-0.0002,7e-05,2e-05,-0.00271,-0.00014,6e-05,-0.00126,2e-05,2e-05,1e-05
86.94,0.00164,0.00013,0.00349,0.00182,-0.00061,0,-0,9e-05,-0.00038,-0.01312,3e-05,0,-4e-05,0.01864,-0.00732,-2e-05,0.00152,0.00017,-0.0002,6e-05,-0.00101,-0.00435,-0.00225,0.00065,-0.00015,6e-05,2e-05,-0.00343,-5e-05,9e-05,-0.00116,1e-05,2e-05,1e-05
86.96,0.00191,0.00152,0.0031,0.00148,-0.00065,0,-0.00043,3e-05,-0.00052,-0.0132,6e-05,-0,-5e-05,0.01695,-0.00766,0.00075,0.00203,0.00015,-0.00016,5e-05,-0.00115,-0.00495,-0.00261,0.00033,-0.00011,6e-05,2e-05,-0.00378,7e-05,0.00012,-0.00102,1e-05,2e-05,1e-05
86.98,0.00211,0.00287,0.0025,0.00112,-0.00069,0,-0.00076,-7e-05,-0.00069,-0.01275,9e-05,0,-7e-05,0.01408,-0.00759,0.00159,0.00203,0.00013,-9e-05,3e-05,-0.00096,-0.00525,-0.0028,0,-7e-05,5e-05,2e-05,-0.00376,0.00022,0.00015,-0.00088,0,1e-05,0
87,0.00234,0.00415,0.0018,0.00077,-0.00072,0,-0.001,-0.00019,-0.0008,-0.01191,0.00013,2e-05,-7e-05,0.01138,-0.00749,0.00256,0.00208,0.00013,-3e-05,1e-05,-0.00058,-0.00529,-0.00282,-0.00034,-5e-05,3e-05,2e-05,-0.00347,0.00036,0.00016,-0.00076,-0,1e-05,0
87.02,0.00283,0.00524,0.00104,0.00047,-0.00073,0,-0.00115,-0.00029,-0.00074,-0.01097,0.00019,2e-05,-7e-05,0.00856,-0.00737,0.00401,0.00292,0.00013,4e-05,2e-05,-7e-05,-0.00515,-0.00268,-0.0007,-4e-05,2e-05,1e-05,-0.00305,0.00049,0.00014,-0.00068,-1e-05,1e-05,0
87.04,0.00328,0.00607,0.00027,0.00022,-0.00073,0,-0.00116,-0.00039,-0.00063,-0.00982,0.00023,2e-05,-6e-05,0.00562,-0.00685,0.00548,0.00345,0.00012,0.00012,2e-05,0.00052,-0.00488,-0.00241,-0.00104,-3e-05,1e-05,1e-05,-0.00255,0.00058,0.00011,-0.00061,-1e-05,1e-05,0
87.06,0.00342,0.00671,-0.00047,2e-05,-0.00072,0,-0.00103,-0.00047,-0.00055,-0.00835,0.0002,1e-05,-4e-05,0.00363,-0.0058,0.00619,0.00311,0.00012,0.00017,1e-05,0.00105,-0.00453,-0.00207,-0.00128,-2e-05,0,0,-0.002,0.00062,9e-05,-0.00055,-1e-05,1e-05,0
87.08,0.00329,0.00713,-0.00117,-0.00013,-0.00071,0,-0.00082,-0.00053,-0.00046,-0.00668,0.00014,0,-2e-05,0.00334,-0.00431,0.00587,0.00237,0.0001,0.00018,-1e-05,0.00141,-0.00417,-0.00169,-0.00142,-1e-05,-0,0,-0.00149,0.0006,7e-05,-0.00049,-2e-05,1e-05,0
87.1,0.00299,0.00734,-0.00171,-0.00023,-0.00069,0,-0.00059,-0.00052,-0.00038,-0.00509,5e-05,-0,-0,0.00529,-0.00271,0.00443,0.00132,8e-05,0.00014,-2e-05,0.00157,-0.00385,-0.00131,-0.00145,-1e-05,-1e-05,-0,-0.00106,0.00052,5e-05,-0.00043,-2e-05,1e-05,0
87.12,0.00273,0.00736,-0.00201,-0.00026,-0.00068,0,-0.00037,-0.00043,-0.00032,-0.00379,-3e-05,-0,0,0.00941,-0.00124,0.00253,0.00034,7e-05,9e-05,-1e-05,0.00155,-0.0036,-0.00096,-0.0014,-1e-05,-1e-05,-0,-0.00074,0.00039,4e-05,-0.00037,-3e-05,1e-05,0
87.14,0.00264,0.00721,-0.00221,-0.00025,-0.00067,0,-0.00019,-0.00033,-0.00027,-0.00269,-1e-05,0,1e-05,0.01479,-0.0001,0.00099,-0.00027,5e-05,3e-05,0,0.00136,-0.00342,-0.00064,-0.00128,-1e-05,-1e-05,-1e-05,-0.00051,0.00025,3e-05,-0.0003,-3e-05,1e-05,0
87.16,0.00267,0.00689,-0.00235,-0.00022,-0.00065,0,-7e-05,-0.00022,-0.00023,-0.00173,4e-05,0,2e-05,0.01963,0.00055,0.00028,-0.00059,2e-05,-2e-05,1e-05,0.00106,-0.00331,-0.00037,-0.00108,-2e-05,-1e-05,-1e-05,-0.00034,0.00011,2e-05,-0.00022,-4e-05,1e-05,0
87.18,0.00278,0.00635,-0.00241,-0.00019,-0.00064,0,1e-05,-0.00011,-0.0002,-0.00098,0.0001,0,2e-05,0.0232,0.00077,0.00058,-0.00066,-2e-05,-3e-05,0,0.00072,-0.00327,-0.00014,-0.00084,-2e-05,-1e-05,-1e-05,-0.00021,-1e-05,1e-05,-0.00013,-4e-05,1e-05,0
87.2,0.00271,0.00556,-0.00256,-0.00014,-0.00062,0,5e-05,-3e-05,-0.00016,-0.00044,0.00014,0,2e-05,0.02293,0.00082,0.00094,-0.0004,-7e-05,-1e-05,-2e-05,0.00037,-0.0033,6e-05,-0.00055,-2e-05,-1e-05,-0,-0.00013,-0.00013,1e-05,-3e-05,-5e-05,1e-05,1e-05
87.22,0.00201,0.00454,-0.00268,-0.0001,-0.00061,-0,7e-05,-1e-05,-0.00013,-8e-05,0.00013,0,2e-05,0.01748,0.00094,0.00043,0.00064,-4e-05,-0,-1e-05,5e-05,-0.00338,0.00022,-0.00016,-2e-05,-1e-05,-0,-7e-05,-0.00024,1e-05,7e-05,-5e-05,1e-05,1e-05
87.24,0.00071,0.00365,-0.00212,-6e-05,-0.00059,-0,7e-05,0,-0.0001,0.00018,0.00011,0,1e-05,0.01059,0.00069,0.0002,0.00244,6e-05,0,5e-05,-0.00012,-0.00352,0.00035,0.00022,-2e-05,-1e-05,-0,-2e-05,-0.00033,1e-05,0.00018,-5e-05,1e-05,1e-05
87.26,-0.00032,0.00287,-0.00163,-4e-05,-0.00059,-0,5e-05,0,-6e-05,0.00035,9e-05,0,1e-05,0.00713,0.00044,0.0002,0.00384,0.00013,0,0.00011,-8e-05,-0.00371,0.00046,0.00049,-2e-05,-1e-05,-0,2e-05,-0.00043,2e-05,0.0003,-5e-05,1e-05,1e-05
87.28,-0.00102,0.00213,-0.00134,-2e-05,-0.00059,0,0,-0,-4e-05,0.00046,7e-05,0,0,0.00597,0.00039,0.0002,0.00483,0.00017,-0,0.00013,0.00013,-0.00394,0.00054,0.00067,-1e-05,-0,-0,8e-05,-0.00053,3e-05,0.00042,-5e-05,1e-05,1e-05
87.3,-0.00136,0.00151,-0.00116,-0,-0.00052,0,-8e-05,-3e-05,-2e-05,0.00053,5e-05,0,0,0.00576,0.00061,0.00026,0.00527,0.00015,-1e-05,0.00012,0.00048,-0.00419,0.0006,0.00066,-1e-05,-0,-0,0.00014,-0.00061,4e-05,0.00054,-5e-05,1e-05,1e-05
87.32,-0.00141,0.00118,-0.00083,1e-05,-0.00037,0,-0.00022,-5e-05,-1e-05,0.00056,4e-05,1e-05,-0,0.00563,0.00055,0.00067,0.00485,9e-05,-1e-05,9e-05,0.00091,-0.00438,0.00066,0.00046,0,-0,-0,0.00023,-0.00064,4e-05,0.00067,-5e-05,1e-05,1e-05
87.34,-0.00125,0.00102,-0.00041,2e-05,-0.00026,0,-0.00042,-7e-05,-1e-05,0.00057,3e-05,1e-05,-0,0.00548,5e-05,0.00159,0.00389,3e-05,-0,5e-05,0.00131,-0.00449,0.00068,0.0002,2e-05,-0,-0,0.00032,-0.00063,4e-05,0.0008,-5e-05,1e-05,1e-05
87.36,-0.001,0.0009,-5e-05,2e-05,-0.0002,0,-0.00068,-0.0001,-1e-05,0.00058,2e-05,2e-05,-0,0.00512,-0.00056,0.00272,0.00292,-1e-05,1e-05,1e-05,0.00159,-0.0045,0.00064,-7e-05,3e-05,-0,-0,0.0004,-0.00058,2e-05,0.00094,-5e-05,1e-05,0
87.38,-0.00071,0.00081,0.00019,3e-05,-0.00018,0,-0.00099,-0.00014,-2e-05,0.00058,2e-05,2e-05,-0,0.00439,-0.00114,0.00444,0.00201,-1e-05,2e-05,-1e-05,0.0017,-0.00438,0.00055,-0.0003,4e-05,-0,-0,0.00049,-0.00049,1e-05,0.00107,-5e-05,0,0
87.4,-0.00041,0.00067,0.00032,3e-05,-0.00017,0,-0.00128,-0.00019,-2e-05,0.00058,2e-05,3e-05,-1e-05,0.00339,-0.00128,0.00605,0.00132,4e-05,1e-05,-2e-05,0.00165,-0.00412,0.00042,-0.00046,5e-05,-0,-0,0.00058,-0.00034,-2e-05,0.00121,-5e-05,0,0
87.42,-0.00016,0.0004,0.00046,4e-05,-0.00018,0,-0.00135,-0.00027,-1e-05,0.00056,2e-05,3e-05,-1e-05,0.0023,-0.00089,0.00551,0.00089,0.00016,1e-05,1e-05,0.00144,-0.00374,0.00027,-0.00045,6e-05,-0,-0,0.00065,-0.00011,-3e-05,0.00135,-5e-05,0,0
87.44,1e-05,0.00013,0.00062,4e-05,-0.00018,0,-0.00125,-0.00032,2e-05,0.00053,3e-05,3e-05,1e-05,0.00111,-0.00042,0.00424,0.00058,0.00032,1e-05,4e-05,0.00116,-0.00328,0.00012,-0.00031,7e-05,-1e-05,-0,0.00072,0.00016,-3e-05,0.00149,-5e-05,0,0
87.46,0.00011,-5e-05,0.00074,4e-05,-0.00017,0,-0.00111,-0.00032,5e-05,0.00048,3e-05,3e-05,2e-05,-5e-05,-8e-05,0.00329,0.00033,0.00043,-0,6e-05,0.00086,-0.00278,-3e-05,-0.00013,7e-05,-1e-05,-0,0.0008,0.00044,-2e-05,0.00162,-5e-05,0,0
87.48,0.00019,-9e-05,0.00083,4e-05,-0.00015,0,-0.0009,-0.00027,7e-05,0.00043,4e-05,3e-05,3e-05,-0.00103,0.00012,0.00242,0.00011,0.0005,0,8e-05,0.00061,-0.00229,-0.00016,8e-05,7e-05,-1e-05,-0,0.00087,0.00071,0,0.00171,-4e-05,-0,0
87.5,0.00024,2e-05,0.00087,4e-05,-0.00012,0,-0.0007,-0.00018,7e-05,0.00036,4e-05,3e-05,4e-05,-0.00178,0.00019,0.00169,-8e-05,0.0005,4e-05,7e-05,0.0004,-0.00183,-0.00025,0.00026,7e-05,-1e-05,-0,0.00098,0.00095,3e-05,0.00174,-4e-05,-0,0
87.52,0.00029,0.00023,0.00084,4e-05,-0.0001,0,-0.00058,-0.00011,6e-05,0.00029,4e-05,3e-05,3e-05,-0.00229,0.00015,0.00113,-0.00021,0.00039,0.00017,5e-05,0.00022,-0.00143,-0.0003,0.00037,7e-05,-1e-05,-0,0.00121,0.00114,7e-05,0.0017,-4e-05,-0,0
87.54,0.00035,0.00046,0.00077,3e-05,-8e-05,0,-0.00048,-4e-05,4e-05,0.00025,3e-05,3e-05,3e-05,-0.00252,8e-05,0.00071,-0.00025,0.00026,0.00032,3e-05,0.00012,-0.00109,-0.0003,0.00042,6e-05,-1e-05,-0,0.0015,0.00123,0.0001,0.00156,-3e-05,-0,-0
87.56,0.00042,0.00062,0.00067,3e-05,-6e-05,0,-0.00037,1e-05,2e-05,0.00022,2e-05,2e-05,2e-05,-0.00247,1e-05,0.00042,-0.00024,0.00018,0.00038,3e-05,7e-05,-0.00082,-0.00029,0.00042,6e-05,-1e-05,-0,0.00174,0.00119,0.00012,0.00134,-2e-05,-0,-0
87.58,0.00052,0.00067,0.00055,2e-05,-5e-05,0,-0.00025,3e-05,-0,0.00022,1e-05,1e-05,1e-05,-0.0022,-4e-05,0.00023,-0.00018,0.00011,0.00035,2e-05,6e-05,-0.00061,-0.00026,0.00038,5e-05,-1e-05,-0,0.00195,0.00105,0.00012,0.00107,-2e-05,-1e-05,-0
87.6,0.00059,0.0006,0.00044,1e-05,-4e-05,0,-0.00016,1e-05,-3e-05,0.00022,0,0,0,-0.00173,-9e-05,0.00012,-0.00011,7e-05,0.00023,2e-05,5e-05,-0.00045,-0.00022,0.00031,4e-05,-1e-05,-0,0.00204,0.00081,0.00011,0.00076,-1e-05,-1e-05,-0
87.62,0.0006,0.00045,0.00035,1e-05,-3e-05,0,-0.0001,-4e-05,-5e-05,0.00022,-0,-0,0,-0.00118,-0.00019,6e-05,-5e-05,6e-05,0.0001,4e-05,4e-05,-0.00034,-0.00019,0.00022,4e-05,-1e-05,-0,0.00196,0.00051,0.0001,0.00044,0,-1e-05,-0
87.64,0.00056,0.00025,0.00027,1e-05,-3e-05,0,-6e-05,-0.0001,-6e-05,0.00021,-0,-1e-05,-0,-0.00068,-0.00034,1e-05,-1e-05,6e-05,2e-05,6e-05,3e-05,-0.00026,-0.00016,0.00013,3e-05,-1e-05,-0,0.00176,0.00021,9e-05,0.00011,1e-05,-1e-05,-1e-05
87.66,0.00049,2e-05,0.00021,1e-05,-2e-05,0,-3e-05,-0.00017,-8e-05,0.00017,-0,-0,-0,-0.00029,-0.00048,-5e-05,2e-05,4e-05,-0,7e-05,-0,-0.00022,-0.00012,7e-05,2e-05,-1e-05,-0,0.00151,-5e-05,8e-05,-0.00024,2e-05,-1e-05,-1e-05
87.68,0.00041,-0.00021,0.00015,1e-05,-2e-05,0,-1e-05,-0.00024,-0.00011,0.00011,-0,-0,-0,-1e-05,-0.00058,-0.00014,3e-05,3e-05,0,8e-05,-4e-05,-0.00022,-8e-05,2e-05,2e-05,-1e-05,-0,0.00123,-0.00027,9e-05,-0.00063,2e-05,-1e-05,-1e-05
87.7,0.00031,-0.00043,0.0001,1e-05,-2e-05,0,0,-0.0003,-0.00013,3e-05,0,0,-0,0.00019,-0.00058,-0.0003,2e-05,0,1e-05,7e-05,-8e-05,-0.00025,-3e-05,-1e-05,2e-05,-0,-0,0.00094,-0.00044,9e-05,-0.00106,3e-05,-2e-05,-1e-05
87.72,0.0002,-0.00064,7e-05,1e-05,-1e-05,0,-0,-0.00033,-0.00014,-6e-05,-0,-0,-0,0.00037,-0.00046,-0.00055,0,-2e-05,2e-05,4e-05,-0.00012,-0.00031,2e-05,-3e-05,2e-05,-0,-0,0.00066,-0.00054,0.0001,-0.00145,3e-05,-2e-05,-1e-05
87.74,9e-05,-0.00083,5e-05,1e-05,-0,0,-1e-05,-0.00034,-0.00014,-0.00014,-0,-0,-0,0.00055,-0.00032,-0.0009,-2e-05,-4e-05,3e-05,2e-05,-0.00014,-0.0004,6e-05,-3e-05,2e-05,-0,-0,0.00042,-0.00057,0.0001,-0.0018,3e-05,-2e-05,-1e-05
87.76,-1e-05,-0.00099,4e-05,-0,0,0,-3e-05,-0.00034,-0.00015,-0.00022,-0,-0,-0,0.00073,-0.00018,-0.00137,-5e-05,-6e-05,2e-05,-0,-0.00017,-0.00052,0.00011,-3e-05,2e-05,-0,-0,0.00022,-0.00053,9e-05,-0.00212,3e-05,-2e-05,-1e-05
87.78,-0.0001,-0.00112,4e-05,-1e-05,0,0,-5e-05,-0.00033,-0.00014,-0.00028,-0,-0,-0,0.0009,-6e-05,-0.00197,-8e-05,-6e-05,-0,-2e-05,-0.00018,-0.00064,0.00014,-2e-05,2e-05,-0,-0,7e-05,-0.00043,7e-05,-0.00235,3e-05,-2e-05,-1e-05
87.8,-0.00018,-0.00119,3e-05,-1e-05,0,0,-6e-05,-0.0003,-0.00014,-0.00034,-0,-0,-0,0.00098,3e-05,-0.00265,-0.00012,-5e-05,-4e-05,-2e-05,-0.00019,-0.00075,0.00016,-1e-05,2e-05,-0,-0,-5e-05,-0.00028,3e-05,-0.00247,3e-05,-2e-05,-1e-05
87.82,-0.00026,-0.00116,2e-05,-1e-05,-2e-05,0,-7e-05,-0.00026,-0.00013,-0.00039,-0,-0,-0,0.00092,0.00012,-0.00344,-0.0002,-5e-05,-5e-05,-3e-05,-0.00019,-0.00085,0.00018,0,2e-05,0,0,-0.00014,-7e-05,-1e-05,-0.00246,3e-05,-2e-05,-1e-05
87.84,-0.00033,-0.00104,-1e-05,-1e-05,-4e-05,0,-7e-05,-0.00022,-0.00013,-0.00044,-0,0,-0,0.00071,0.00019,-0.00422,-0.0003,-4e-05,-5e-05,-3e-05,-0.0002,-0.00089,0.00018,2e-05,2e-05,0,0,-0.0002,0.00017,-7e-05,-0.00229,2e-05,-2e-05,-1e-05
87.86,-0.0004,-0.00084,-3e-05,-1e-05,-5e-05,0,-7e-05,-0.00015,-0.00012,-0.00047,-0,0,-0,0.00037,0.00023,-0.00487,-0.00043,-2e-05,-4e-05,-2e-05,-0.0002,-0.00088,0.00015,4e-05,3e-05,0,0,-0.00027,0.00041,-0.00014,-0.002,2e-05,-2e-05,-1e-05
87.88,-0.00047,-0.00058,-6e-05,-0,-6e-05,0,-6e-05,-9e-05,-0.00012,-0.0005,0,-0,-0,-1e-05,0.00022,-0.00574,-0.0006,-1e-05,-3e-05,-2e-05,-0.0002,-0.0008,0.0001,7e-05,3e-05,0,-0,-0.00033,0.00062,-0.00019,-0.00159,2e-05,-2e-05,-1e-05
87.9,-0.00057,-0.00029,-8e-05,0,-5e-05,0,-5e-05,-2e-05,-0.00011,-0.00051,0,-0,-0,-0.00033,0.00014,-0.00551,-0.0007,1e-05,-2e-05,-1e-05,-0.0002,-0.00068,5e-05,9e-05,3e-05,-0,-0,-0.0004,0.00077,-0.00024,-0.00117,2e-05,-1e-05,-1e-05
87.92,-0.00075,-2e-05,-8e-05,-0,-2e-05,0,-4e-05,4e-05,-0.0001,-0.0005,0,-0,0,-0.0005,-1e-05,-0.00301,-0.00059,3e-05,-2e-05,0,-0.0002,-0.00054,-1e-05,0.00012,3e-05,-0,-0,-0.00046,0.00084,-0.00026,-0.00082,2e-05,-1e-05,-1e-05
87.94,-0.00097,0.00019,-7e-05,-0,-0,0,-3e-05,8e-05,-9e-05,-0.00048,1e-05,-0,0,-0.00052,-8e-05,-0.00118,-0.00037,4e-05,-2e-05,1e-05,-0.0002,-0.00038,-5e-05,0.00014,3e-05,-0,-0,-0.00052,0.00081,-0.00024,-0.00051,2e-05,-1e-05,-0
87.96,-0.00116,0.00032,-6e-05,-0,2e-05,0,-3e-05,0.00012,-7e-05,-0.00044,0,0,0,-0.00044,-7e-05,-0.00042,-0.00012,6e-05,-1e-05,1e-05,-0.00019,-0.00023,-7e-05,0.00015,3e-05,-0,-0,-0.00057,0.00068,-0.00019,-0.00025,2e-05,-0,-0
87.98,-0.00132,0.00037,-4e-05,-0,3e-05,0,-3e-05,0.00014,-5e-05,-0.0004,-0,-0,-0,-0.00035,-3e-05,-6e-05,0.00013,8e-05,-1e-05,2e-05,-0.00018,-8e-05,-7e-05,0.00015,2e-05,-0,-0,-0.00062,0.00049,-0.00012,-4e-05,2e-05,-0,-0
88,-0.00148,0.00039,-3e-05,0,5e-05,0,-4e-05,0.00014,-2e-05,-0.00036,-0,-0,-0,-0.00034,4e-05,0.00011,0.00034,0.00011,-1e-05,2e-05,-0.00015,6e-05,-7e-05,0.00015,2e-05,-0,-0,-0.00066,0.00024,-4e-05,0.00011,2e-05,-0,-0
88.02,-0.00171,0.0004,-5e-05,0,8e-05,0,-6e-05,0.00015,-0,-0.00033,1e-05,0,-0,-0.00046,0.00027,0.00053,0.00068,0.00015,-1e-05,2e-05,-0.00012,0.00019,-5e-05,0.00014,2e-05,-0,-0,-0.00067,-2e-05,4e-05,0.0002,2e-05,0,0
88.04,-0.00194,0.00038,-3e-05,-0,0.00013,0,-9e-05,0.00016,2e-05,-0.00032,5e-05,2e-05,-0,-0.00073,0.00055,0.00159,0.00096,0.00021,0,2e-05,-8e-05,0.00031,-2e-05,0.00012,1e-05,-0,-0,-0.00066,-0.00026,0.00012,0.00026,2e-05,0,0
88.06,-0.00213,0.00034,6e-05,-1e-05,0.00021,0,-0.00014,0.00016,3e-05,-0.00032,0.00011,4e-05,-0,-0.00121,0.00053,0.00306,0.00088,0.00028,3e-05,2e-05,-4e-05,0.00042,1e-05,0.0001,1e-05,-0,-0,-0.00062,-0.00047,0.00018,0.00029,2e-05,0,0
88.08,-0.00228,0.00029,0.00028,-2e-05,0.00031,0,-0.00021,0.00016,5e-05,-0.00032,0.0002,6e-05,0,-0.00198,-0.00028,0.0053,0.00039,0.00031,6e-05,1e-05,-2e-05,0.00052,4e-05,8e-05,1e-05,-0,-0,-0.00054,-0.00064,0.00023,0.0003,2e-05,1e-05,0
88.1,-0.00226,0.00024,0.00054,-3e-05,0.00041,0,-0.00028,0.00016,5e-05,-0.00032,0.00031,8e-05,0,-0.00344,-0.00192,0.00736,-0.00036,0.00031,7e-05,-1e-05,-0,0.00062,7e-05,7e-05,1e-05,-0,-0,-0.00045,-0.00079,0.00026,0.0003,2e-05,1e-05,0
88.12,-0.00195,0.0002,0.00063,-4e-05,0.0004,0,-0.00029,0.00015,5e-05,-0.0003,0.00044,9e-05,1e-05,-0.00682,-0.00372,0.00656,-0.00094,0.00032,4e-05,-3e-05,-0,0.00072,0.0001,5e-05,0,-0,-0,-0.00033,-0.00091,0.00028,0.00029,3e-05,1e-05,0
88.14,-0.00142,0.00016,0.00058,-5e-05,0.00034,0,-0.00026,0.00015,5e-05,-0.00027,0.00059,0.00011,1e-05,-0.01264,-0.00528,0.00466,-0.00094,0.0003,1e-05,-4e-05,-1e-05,0.00082,0.00014,4e-05,0,-0,-0,-0.00022,-0.001,0.00028,0.00029,3e-05,1e-05,0
88.16,-0.00083,0.00012,0.0004,-6e-05,0.00029,0,-0.00021,0.00014,4e-05,-0.00023,0.00075,0.00012,2e-05,-0.02032,-0.00624,0.00297,-0.0004,0.00021,-0,-3e-05,-2e-05,0.00091,0.00017,3e-05,-0,-0,-0,-0.00012,-0.00108,0.00027,0.00028,3e-05,1e-05,0
88.18,-0.00064,5e-05,0.00052,-5e-05,0.00024,0,-0.00013,0.00013,3e-05,-0.00018,0.00091,0.00013,2e-05,-0.02433,-0.00798,0.00126,0.00049,0.00013,2e-05,-2e-05,-4e-05,0.001,0.0002,2e-05,-0,-0,-0,-4e-05,-0.00115,0.00025,0.00027,2e-05,1e-05,0
88.2,-0.0006,-2e-05,0.00064,-4e-05,0.0002,0,-5e-05,0.00011,1e-05,-0.00013,0.00105,0.00013,2e-05,-0.02559,-0.00874,-0.00045,0.00222,2e-05,4e-05,-0,-5e-05,0.00108,0.00022,1e-05,-1e-05,-0,-0,1e-05,-0.00117,0.00023,0.00026,2e-05,1e-05,0
88.22,-0.00052,-8e-05,0.00051,-1e-05,0.00017,0,-0,8e-05,1e-05,-8e-05,0.00122,0.00013,3e-05,-0.02612,-0.0066,-0.00194,0.00528,-1e-05,7e-05,1e-05,-4e-05,0.00115,0.00023,1e-05,-1e-05,-0,-0,4e-05,-0.00112,0.00019,0.00025,2e-05,1e-05,0
88.24,-0.00049,-7e-05,0.0002,4e-05,0.00014,0,-1e-05,5e-05,1e-05,-0,0.00132,0.00013,4e-05,-0.02428,-0.00326,-0.0029,0.00718,0.0001,7e-05,3e-05,-2e-05,0.00121,0.00023,1e-05,-1e-05,-0,-0,5e-05,-0.00102,0.00014,0.00024,2e-05,1e-05,0
88.26,-0.00044,3e-05,-0.0001,9e-05,0.00012,0,-0.00012,2e-05,0,0.00012,0.00127,0.0001,4e-05,-0.02005,-0.00068,-0.00344,0.00672,0.00021,7e-05,4e-05,1e-05,0.00124,0.0002,1e-05,-1e-05,-0,-0,3e-05,-0.00089,9e-05,0.00023,2e-05,1e-05,0
88.28,-0.00036,0.00022,-1e-05,0.00016,9e-05,0,-0.00039,-1e-05,-1e-05,0.00029,0.00114,7e-05,4e-05,-0.01367,-6e-05,-0.00438,0.00443,0.00027,6e-05,3e-05,3e-05,0.00125,0.00016,2e-05,-0,-0,-0,0,-0.00072,3e-05,0.00022,2e-05,1e-05,0
88.3,-0.00021,0.00043,0.001,0.00023,7e-05,0,-0.00081,-4e-05,-2e-05,0.00054,0.00088,4e-05,3e-05,-0.00771,-0.00232,-0.00456,0.0013,0.00026,5e-05,1e-05,4e-05,0.00124,0.0001,2e-05,-0,-0,-0,-3e-05,-0.00055,-3e-05,0.00021,2e-05,1e-05,0
88.32,-6e-05,0.00047,0.00309,0.00026,6e-05,0,-0.00131,-6e-05,-5e-05,0.00089,0.00051,1e-05,1e-05,-0.00378,-0.00791,-0.00068,-0.00154,0.00016,6e-05,-1e-05,4e-05,0.0012,3e-05,3e-05,0,-0,-0,-7e-05,-0.0004,-7e-05,0.0002,2e-05,1e-05,0
88.34,2e-05,0.00029,0.00546,0.00025,4e-05,0,-0.00186,-5e-05,-8e-05,0.00136,0.0002,-0,0,0.00033,-0.01485,0.00404,-0.00296,6e-05,8e-05,-1e-05,3e-05,0.00113,-4e-05,3e-05,0,-0,-0,-0.0001,-0.00026,-9e-05,0.00018,2e-05,0,0
88.36,4e-05,-5e-05,0.00728,0.00022,2e-05,0,-0.00241,-1e-05,-0.00011,0.00201,1e-05,-1e-05,0,0.00502,-0.0201,0.0071,-0.00285,2e-05,0.0001,-0,1e-05,0.00104,-0.0001,4e-05,1e-05,-0,-0,-0.00013,-0.00015,-0.0001,0.00017,2e-05,0,0
88.38,2e-05,-0.00054,0.00804,0.00016,1e-05,0,-0.00284,3e-05,-0.00014,0.00286,-9e-05,0,1e-05,0.00989,-0.02156,0.0087,-0.00166,-1e-05,0.0001,1e-05,-1e-05,0.00093,-0.00015,4e-05,1e-05,-0,-0,-0.00014,-6e-05,-9e-05,0.00016,2e-05,0,0
88.4,-3e-05,-0.00109,0.00758,8e-05,-0,0,-0.00305,4e-05,-0.00015,0.00396,-0.0001,3e-05,2e-05,0.01309,-0.01966,0.00823,-0.0003,-2e-05,0.0001,1e-05,-2e-05,0.00081,-0.00018,5e-05,1e-05,-0,-0,-0.00015,0,-8e-05,0.00014,2e-05,0,-0
88.42,-6e-05,-0.00157,0.00629,-2e-05,0,0,-0.00294,2e-05,-0.00014,0.00536,-4e-05,6e-05,4e-05,0.01196,-0.01704,0.00631,0.00035,1e-05,8e-05,1e-05,-3e-05,0.00067,-0.00021,5e-05,1e-05,-0,-0,-0.00015,5e-05,-8e-05,0.00012,2e-05,-0,-0
88.44,-7e-05,-0.00161,0.00422,-0.00012,1e-05,0,-0.00237,-8e-05,-0.00011,0.00699,6e-05,8e-05,6e-05,0.00493,-0.01226,0.00393,-5e-05,4e-05,6e-05,0,-2e-05,0.00053,-0.00022,4e-05,1e-05,-0,-0,-0.00015,7e-05,-7e-05,9e-05,1e-05,-0,-0
88.46,-2e-05,-0.0015,0.00236,-0.00023,3e-05,0,-0.00133,-0.0003,-3e-05,0.00871,0.00018,9e-05,8e-05,-0.00045,-0.008,0.0022,-0.00107,5e-05,3e-05,-1e-05,0,0.0004,-0.00022,4e-05,1e-05,-0,-0,-0.00014,9e-05,-6e-05,5e-05,1e-05,-0,-0
88.48,0.00013,-0.00128,0.00101,-0.00032,4e-05,0,6e-05,-0.00066,0.00011,0.01026,0.00027,8e-05,0.0001,-0.00377,-0.0047,0.00106,-0.0023,6e-05,0,-1e-05,4e-05,0.00028,-0.00021,3e-05,1e-05,0,0,-0.00012,0.0001,-6e-05,1e-05,1e-05,-0,-0
88.5,0.00037,-0.00102,0.00023,-0.00042,5e-05,0,0.00151,-0.00108,0.00029,0.01159,0.00035,5e-05,0.00012,-0.00501,-0.00315,0.00055,-0.00331,6e-05,-1e-05,-2e-05,9e-05,0.00016,-0.00019,2e-05,1e-05,0,0,-0.0001,0.0001,-5e-05,-3e-05,1e-05,-0,-0
88.52,0.0007,-0.00081,-0.00026,-0.00055,6e-05,0,0.00277,-0.00137,0.00048,0.01265,0.00044,1e-05,0.00014,-0.0048,-0.00364,0.00054,-0.00387,4e-05,0,-3e-05,0.00015,5e-05,-0.00017,-0,1e-05,0,0,-9e-05,0.00011,-5e-05,-8e-05,1e-05,-0,-0
88.54,0.0011,-0.00064,-0.00061,-0.00069,7e-05,0,0.00358,-0.00143,0.00066,0.01294,0.00046,-3e-05,0.00014,-0.00406,-0.00429,0.00057,-0.00397,2e-05,3e-05,-5e-05,0.00019,-6e-05,-0.00013,-2e-05,1e-05,0,0,-7e-05,0.00011,-5e-05,-0.00013,1e-05,-0,-0
88.56,0.00159,-0.00048,-0.00085,-0.00083,7e-05,0,0.00379,-0.00131,0.0008,0.01227,0.00038,-4e-05,0.00012,-0.00315,-0.00405,0.00048,-0.00372,0,3e-05,-7e-05,0.00021,-0.00016,-0.0001,-4e-05,0,0,0,-5e-05,0.00012,-5e-05,-0.00018,1e-05,-1e-05,-0
88.58,0.00216,-0.00035,-0.00102,-0.00089,7e-05,0,0.00335,-0.00101,0.00087,0.01081,0.00026,-4e-05,9e-05,-0.00225,-0.00311,0.00029,-0.0032,0,3e-05,-9e-05,0.00021,-0.00025,-6e-05,-7e-05,0,0,0,-3e-05,0.00012,-6e-05,-0.00023,1e-05,-1e-05,-0
88.6,0.00275,-0.00027,-0.00111,-0.00089,8e-05,0,0.00306,-0.00069,0.00086,0.00887,0.00013,-1e-05,5e-05,-0.00142,-0.00193,7e-05,-0.00254,3e-05,1e-05,-0.0001,0.00017,-0.00033,-3e-05,-0.0001,-0,0,0,-0,0.00012,-6e-05,-0.00027,1e-05,-1e-05,-0
88.62,0.0032,-0.00027,-0.00115,-0.00083,8e-05,0,0.00398,-0.00045,0.00076,0.00671,3e-05,1e-05,2e-05,-0.00074,-0.00077,-0.00015,-0.00186,8e-05,-2e-05,-9e-05,0.0001,-0.00039,-0,-0.00013,-0,0,0,4e-05,0.00012,-6e-05,-0.00032,1e-05,-1e-05,-0
88.64,0.00357,-0.00028,-0.00112,-0.00069,9e-05,0,0.00578,-0.00024,0.0006,0.00445,0,3e-05,0,-0.00024,0.00035,-0.00036,-0.00127,0.00017,-4e-05,-5e-05,2e-05,-0.00043,2e-05,-0.00016,-1e-05,0,0,0.00011,0.00011,-5e-05,-0.00036,1e-05,-1e-05,-0
88.66,0.00393,-0.00028,-0.00101,-0.00049,9e-05,0,0.00792,-7e-05,0.0004,0.00233,5e-05,4e-05,0,9e-05,0.00119,-0.00049,-0.00079,0.00031,-5e-05,-1e-05,-5e-05,-0.00043,3e-05,-0.0002,-1e-05,0,0,0.0002,9e-05,-5e-05,-0.0004,1e-05,-1e-05,-0
88.68,0.00429,-0.00027,-0.00085,-0.00022,0.0001,0,0.01042,7e-05,0.0002,0.00055,0.00017,3e-05,1e-05,0.00024,0.00161,-0.00052,-0.00044,0.00047,-4e-05,2e-05,-0.00012,-0.00042,4e-05,-0.00024,-1e-05,0,0,0.00031,6e-05,-3e-05,-0.00044,0,-1e-05,-0
88.7,0.00444,-0.00023,-0.00072,9e-05,0.00011,0,0.01267,0.0002,5e-05,-0.00081,0.00033,2e-05,3e-05,0.00018,0.00164,-0.00048,-0.00022,0.00066,-2e-05,5e-05,-0.00016,-0.00039,4e-05,-0.00027,-2e-05,0,0,0.00045,2e-05,-2e-05,-0.00047,-0,-1e-05,-0
88.72,0.00412,-0.00017,-0.00078,0.00042,0.00011,0,0.01389,0.00038,1e-05,-0.00185,0.00053,1e-05,5e-05,-7e-05,0.0015,-0.00039,-0.00011,0.00092,0,6e-05,-0.00017,-0.00034,5e-05,-0.00029,-2e-05,0,0,0.00062,-3e-05,-0,-0.00048,-0,-0,-0
88.74,0.00342,-9e-05,-0.0011,0.00072,0.00012,0,0.01399,0.00058,1e-05,-0.00271,0.00072,1e-05,7e-05,-0.00048,0.0013,-0.00027,-6e-05,0.00114,2e-05,5e-05,-0.00014,-0.00028,5e-05,-0.0003,-3e-05,0,0,0.0008,-8e-05,1e-05,-0.00049,-1e-05,-0,-0
88.76,0.00253,1e-05,-0.00165,0.001,0.00013,0,0.01324,0.00072,1e-05,-0.00348,0.00086,1e-05,8e-05,-0.00101,0.00105,-0.00014,-6e-05,0.00123,4e-05,4e-05,-8e-05,-0.00021,7e-05,-0.00031,-3e-05,0,0,0.00095,-0.00013,2e-05,-0.00049,-1e-05,-0,-0
88.78,0.00147,0.00014,-0.00242,0.00123,0.00013,0,0.01193,0.00076,0,-0.00428,0.00095,2e-05,8e-05,-0.00168,0.00083,-0,-8e-05,0.00123,5e-05,4e-05,-0,-0.00013,8e-05,-0.00031,-3e-05,0,0,0.00107,-0.00018,3e-05,-0.00047,-1e-05,-0,-0
88.8,0.00025,0.00029,-0.00334,0.00139,0.00013,0,0.00995,0.0007,-2e-05,-0.005,0.00098,2e-05,8e-05,-0.00237,0.00068,0.00012,-9e-05,0.0011,5e-05,3e-05,8e-05,-2e-05,0.0001,-0.0003,-3e-05,0,0,0.00115,-0.00023,3e-05,-0.00046,-2e-05,-0,-0
88.82,-0.00103,0.00044,-0.00424,0.00145,0.0001,0,0.00735,0.00058,-8e-05,-0.00517,0.00095,1e-05,7e-05,-0.00288,0.00059,0.00023,-0.0001,0.00081,3e-05,2e-05,0.00016,0.0001,0.00011,-0.00027,-3e-05,0,0,0.00117,-0.00029,2e-05,-0.00044,-2e-05,-0,-0
88.84,-0.0022,0.00056,-0.00487,0.00143,5e-05,-0,0.00542,0.00042,-0.00014,-0.0047,0.00089,1e-05,7e-05,-0.0032,0.00053,0.00033,-9e-05,0.00054,2e-05,1e-05,0.00023,0.00026,0.00012,-0.00024,-3e-05,0,0,0.00117,-0.00034,1e-05,-0.00042,-2e-05,-0,-0
88.86,-0.00318,0.00061,-0.0051,0.00133,-2e-05,-0,0.00487,0.00019,-0.00014,-0.004,0.00083,1e-05,6e-05,-0.00336,0.00045,0.00042,-8e-05,0.00033,1e-05,1e-05,0.00026,0.00043,0.00012,-0.00021,-3e-05,0,0,0.00115,-0.0004,0,-0.0004,-2e-05,-0,-0
88.88,-0.00393,0.00061,-0.00486,0.00116,-0.00011,-0,0.00526,-3e-05,-8e-05,-0.00301,0.00075,0,6e-05,-0.00334,0.00037,0.00048,-8e-05,0.00017,0,1e-05,0.00025,0.00063,0.00011,-0.00017,-3e-05,0,0,0.00111,-0.00046,-1e-05,-0.00037,-2e-05,-0,-0
88.9,-0.00438,0.00055,-0.00419,0.00095,-0.0002,-0,0.00579,-0.00016,-1e-05,-0.00218,0.00065,-0,5e-05,-0.00311,0.00024,0.00052,-7e-05,5e-05,-0,1e-05,0.00021,0.00083,9e-05,-0.00014,-3e-05,0,0,0.00107,-0.00049,-3e-05,-0.00034,-2e-05,-1e-05,-0
88.92,-0.00453,0.00044,-0.00326,0.00072,-0.00028,-0,0.00568,-0.00013,6e-05,-0.00191,0.00051,-1e-05,3e-05,-0.0027,8e-05,0.00053,-3e-05,-3e-05,-1e-05,1e-05,0.00014,0.00104,5e-05,-0.0001,-3e-05,1e-05,0,0.00102,-0.0005,-5e-05,-0.00031,-1e-05,-1e-05,-0
88.94,-0.00444,0.00033,-0.00219,0.00048,-0.00027,-0,0.00457,0.00013,7e-05,-0.00162,0.00035,-2e-05,2e-05,-0.00217,0,0.00048,0,-0.0001,-1e-05,1e-05,5e-05,0.00125,0,-8e-05,-3e-05,1e-05,0,0.00098,-0.00047,-7e-05,-0.00028,-1e-05,-1e-05,-0
88.96,-0.00415,0.00023,-0.00109,0.00023,-0.00017,-0,0.00246,0.00051,3e-05,-0.00093,0.00018,-3e-05,-0,-0.00156,-0,0.00034,1e-05,-0.00016,-2e-05,0,-3e-05,0.00143,-6e-05,-5e-05,-3e-05,1e-05,0,0.00094,-0.00041,-9e-05,-0.00025,-1e-05,-1e-05,-0
88.98,-0.00369,0.00016,-0.00014,-1e-05,-3e-05,-0,-0.00037,0.00079,-0,-7e-05,0,-4e-05,-2e-05,-0.00087,2e-05,0.00017,-1e-05,-0.00021,-2e-05,0,-0.0001,0.00156,-0.00012,-3e-05,-2e-05,1e-05,0,0.00092,-0.00033,-0.00011,-0.00021,-1e-05,-1e-05,-0
89,-0.00308,0.00011,0.00048,-0.00026,0.00013,-0,-0.0034,0.00071,-1e-05,0.00048,-0.00015,-4e-05,-3e-05,-0.00023,-1e-05,-2e-05,-0.0001,-0.00024,-2e-05,-0,-0.00015,0.00165,-0.00017,-2e-05,-2e-05,1e-05,0,0.0009,-0.00024,-0.00012,-0.00018,-0,-1e-05,-0
89.02,-0.00236,6e-05,0.00077,-0.00053,0.00023,-0,-0.00598,0.00038,-3e-05,0.00236,-0.00021,-3e-05,-2e-05,0.00037,-0.00015,-0.00015,-0.00013,-0.00021,-1e-05,-1e-05,-0.00015,0.00166,-0.00021,-2e-05,-1e-05,1e-05,0,0.00087,-0.00016,-0.00011,-0.00015,0,-1e-05,-0
89.04,-0.0016,2e-05,0.00081,-0.00081,0.00027,-0,-0.00773,0.00017,-4e-05,0.00488,-0.00016,-2e-05,-1e-05,0.00096,-0.00036,-0.00017,-7e-05,-0.00016,-0,-1e-05,-0.00012,0.00159,-0.00023,-2e-05,-1e-05,1e-05,0,0.00083,-9e-05,-9e-05,-0.00012,0,-1e-05,-0
89.06,-0.00093,-1e-05,0.00074,-0.00106,0.00026,-0,-0.00852,0.00021,3e-05,0.00624,-6e-05,-0,-0,0.00143,-0.00059,-0.00012,1e-05,-0.00012,-0,-2e-05,-7e-05,0.00143,-0.00022,-2e-05,-1e-05,1e-05,0,0.00077,-3e-05,-6e-05,-0.0001,0,-1e-05,-0
89.08,-0.00037,-3e-05,0.00063,-0.00125,0.00021,-0,-0.00827,0.00044,0.00028,0.00622,9e-05,3e-05,-0,0.00174,-0.00078,-3e-05,0.00013,-6e-05,0,-2e-05,-2e-05,0.00121,-0.00019,-1e-05,-1e-05,1e-05,0,0.0007,1e-05,-3e-05,-9e-05,1e-05,-1e-05,0
89.1,3e-05,-4e-05,0.00049,-0.00133,0.00014,-0,-0.00698,0.00052,0.00081,0.00493,0.00024,9e-05,-0,0.00187,-0.00087,6e-05,0.00026,-1e-05,-0,-2e-05,1e-05,0.00095,-0.00016,-1e-05,-1e-05,1e-05,0,0.00061,3e-05,-1e-05,-7e-05,1e-05,-0,0
89.12,0.00028,-4e-05,0.00032,-0.00126,8e-05,-0,-0.00485,0.00034,0.00141,0.00314,0.00033,0.00016,-1e-05,0.0018,-0.00084,0.00011,0.00035,6e-05,0,-2e-05,2e-05,0.00069,-0.00014,-1e-05,-0,1e-05,0,0.0005,4e-05,-1e-05,-6e-05,1e-05,-0,0
89.14,0.0004,-3e-05,0.00017,-0.00105,2e-05,-0,-0.0023,7e-05,0.00181,0.00129,0.00041,0.00022,0,0.00159,-0.00071,0.00011,0.00041,0.00016,2e-05,-2e-05,2e-05,0.00046,-0.00012,-1e-05,-0,0,0,0.00036,4e-05,0,-4e-05,0,-0,0
89.16,0.00044,-2e-05,4e-05,-0.00072,-3e-05,-0,0.00014,-0.00013,0.0019,-0.0003,0.00054,0.00027,1e-05,0.0013,-0.00054,8e-05,0.00043,0.00025,3e-05,-2e-05,1e-05,0.00029,-0.00011,-1e-05,-0,0,0,0.00021,3e-05,2e-05,-2e-05,0,0,-0
89.18,0.00045,-2e-05,-5e-05,-0.00032,-7e-05,-0,0.00198,-0.00019,0.00166,-0.00149,0.00055,0.00026,3e-05,0.00098,-0.00035,4e-05,0.00043,0.00032,4e-05,-1e-05,-0,0.00018,-0.00011,-1e-05,0,-0,-0,5e-05,2e-05,3e-05,-1e-05,0,0,-0
89.2,0.00048,-1e-05,-0.00012,0.00011,-0.00011,-0,0.00301,-4e-05,0.00098,-0.0023,0.00066,0.0002,3e-05,0.00064,-0.00019,-0,0.00037,0.00035,4e-05,-1e-05,-1e-05,0.00013,-0.00012,-1e-05,0,-1e-05,-0,-0.00011,1e-05,4e-05,1e-05,0,0,-0
89.22,0.00057,-0,-5e-05,0.00047,-0.00014,-0,0.00341,0.00057,-8e-05,-0.00267,0.00107,9e-05,3e-05,0.00031,-7e-05,-2e-05,0.00026,0.00033,4e-05,-1e-05,0,0.00014,-0.00014,-1e-05,0,-1e-05,-0,-0.00026,-0,5e-05,3e-05,0,0,0
89.24,0.00077,1e-05,6e-05,0.00071,-0.00015,-0,0.00359,0.00115,-0.00059,-0.00278,0.00108,-1e-05,3e-05,1e-05,2e-05,-3e-05,0.00016,0.00028,3e-05,-1e-05,1e-05,0.0002,-0.00016,0,1e-05,-1e-05,-0,-0.00039,-1e-05,5e-05,5e-05,0,1e-05,0
89.26,0.00109,2e-05,-8e-05,0.00082,-0.00012,-0,0.00326,0.00092,-0.00037,-0.00252,0.00068,-3e-05,3e-05,-0.00024,0.0001,-2e-05,7e-05,0.00024,3e-05,-1e-05,1e-05,0.00029,-0.00018,1e-05,1e-05,-1e-05,-0,-0.00048,-2e-05,5e-05,7e-05,0,1e-05,0
89.28,0.00146,3e-05,-0.00043,0.00082,-3e-05,-0,0.00201,5e-05,-1e-05,-0.00144,0.00023,-0,1e-05,-0.00044,0.00014,-1e-05,0,0.00018,2e-05,-2e-05,-3e-05,0.00039,-0.00019,1e-05,1e-05,-1e-05,-0,-0.00056,-4e-05,5e-05,9e-05,1e-05,1e-05,0
89.3,0.00176,2e-05,-0.00054,0.00075,0.0001,-0,-0.0001,-0.00047,5e-05,-0.00023,-0.00022,-1e-05,0,-0.00061,0.00015,1e-05,-6e-05,0.00013,2e-05,-2e-05,-0.00011,0.00049,-0.0002,1e-05,2e-05,-1e-05,-0,-0.00061,-7e-05,4e-05,0.00012,1e-05,1e-05,0
89.32,0.00195,-1e-05,-0.00022,0.00063,0.00026,-0,-0.00207,-0.00023,-1e-05,-0,-5e-05,3e-05,-1e-05,-0.00071,0.00013,2e-05,-0.0001,8e-05,1e-05,-3e-05,-0.00019,0.00057,-0.00018,1e-05,2e-05,-1e-05,-0,-0.00065,-9e-05,3e-05,0.00014,1e-05,0,0
89.34,0.00205,-6e-05,0.00017,0.00049,0.00039,-0,-0.00323,8e-05,-3e-05,-4e-05,0.00073,0.00014,-3e-05,-0.00078,9e-05,1e-05,-0.00014,2e-05,1e-05,-3e-05,-0.00026,0.00063,-0.00016,2e-05,2e-05,-0,-0,-0.00067,-0.00011,2e-05,0.00017,1e-05,0,0
89.36,0.00212,-0.00012,0.00051,0.00035,0.00036,-0,-0.00367,0.00019,4e-05,-0.00026,0.0014,0.00031,-5e-05,-0.00082,4e-05,0,-0.00017,-4e-05,0,-3e-05,-0.00031,0.00066,-0.00012,4e-05,2e-05,-0,-0,-0.00067,-0.00013,1e-05,0.0002,2e-05,0,0
89.38,0.00221,-0.00017,0.00075,0.00022,0.00033,-0,-0.00396,4e-05,0.00018,-0.00041,0.00186,0.0005,-6e-05,-0.00084,-1e-05,-3e-05,-0.0002,-0.00011,-1e-05,-3e-05,-0.00031,0.00065,-6e-05,6e-05,2e-05,0,0,-0.00067,-0.00013,1e-05,0.00023,2e-05,-0,-0
89.4,0.00238,-0.0002,0.00082,0.00011,0.0003,-0,-0.00451,-0.00033,0.00033,0.00029,0.00178,0.0006,-5e-05,-0.00086,-5e-05,-7e-05,-0.0002,-0.00016,-2e-05,-3e-05,-0.00024,0.00061,-1e-05,0.0001,2e-05,1e-05,0,-0.00065,-0.00013,1e-05,0.00026,2e-05,-0,-0
89.42,0.00258,-0.00019,0.00081,3e-05,0.00026,-0,-0.00537,-0.00059,0.00042,0.0025,0.00104,0.00052,-3e-05,-0.00089,-8e-05,-0.00011,-0.0002,-0.00017,-2e-05,-3e-05,-0.00011,0.00055,4e-05,0.00017,2e-05,1e-05,0,-0.00061,-0.00011,1e-05,0.00028,2e-05,-0,-0
89.44,0.00276,-0.00013,0.0008,-3e-05,0.00022,-0,-0.00714,-0.00041,0.00034,0.00502,0.00042,0.00036,-1e-05,-0.00093,-0.0001,-0.00012,-0.00017,-0.00016,-2e-05,-3e-05,7e-05,0.00046,7e-05,0.00025,2e-05,1e-05,0,-0.00055,-0.0001,1e-05,0.00031,2e-05,-0,-0
89.46,0.00288,-3e-05,0.0008,-6e-05,0.00018,-0,-0.00996,4e-05,9e-05,0.0067,0.00012,0.00018,-0,-0.00095,-0.0001,-0.00014,-0.00014,-0.00015,-2e-05,-3e-05,0.00025,0.00036,9e-05,0.00033,2e-05,1e-05,1e-05,-0.00048,-8e-05,1e-05,0.00032,2e-05,-0,-0
89.48,0.00289,0.0001,0.00074,-6e-05,0.00015,-0,-0.01336,0.0005,-0.00018,0.00729,1e-05,5e-05,1e-05,-0.00096,-0.00011,-0.00014,-0.00012,-0.00012,-1e-05,-3e-05,0.0004,0.00026,9e-05,0.0004,2e-05,2e-05,1e-05,-0.0004,-6e-05,2e-05,0.00034,2e-05,-0,-0
89.5,0.00268,0.00023,0.00054,-3e-05,0.00012,-0,-0.01546,0.00061,-0.00025,0.0064,1e-05,0,1e-05,-0.00094,-0.00011,-0.00013,-9e-05,-0.0001,-0,-2e-05,0.00051,0.00015,8e-05,0.00046,2e-05,2e-05,1e-05,-0.00033,-5e-05,2e-05,0.00034,2e-05,-0,-0
89.52,0.00234,0.00035,0.00034,1e-05,9e-05,-0,-0.01557,0.00037,-0.00012,0.00469,3e-05,1e-05,1e-05,-0.00088,-0.0001,-0.00011,-6e-05,-0.0001,1e-05,-2e-05,0.00056,3e-05,5e-05,0.00048,2e-05,1e-05,1e-05,-0.00026,-3e-05,3e-05,0.00034,2e-05,-0,-0
89.54,0.00188,0.00044,0.00018,7e-05,6e-05,-0,-0.0138,2e-05,6e-05,0.00258,3e-05,4e-05,0,-0.00078,-0.0001,-8e-05,-4e-05,-0.0001,1e-05,-2e-05,0.00056,-7e-05,2e-05,0.00049,2e-05,1e-05,1e-05,-0.00022,-2e-05,3e-05,0.00034,2e-05,-0,-0
89.56,0.00136,0.00048,8e-05,0.00014,3e-05,-0,-0.01101,-0.0003,0.00018,0.00035,4e-05,7e-05,-0,-0.00065,-0.00011,-4e-05,-3e-05,-0.0001,2e-05,-2e-05,0.00052,-0.00017,-1e-05,0.00049,1e-05,1e-05,0,-0.0002,-0,2e-05,0.00034,2e-05,-0,-0
89.58,0.00084,0.00049,4e-05,0.0002,-0,-0,-0.00755,-0.00051,0.00024,-0.0018,4e-05,9e-05,-1e-05,-0.0005,-0.00014,-1e-05,-3e-05,-0.0001,3e-05,-1e-05,0.00047,-0.00026,-3e-05,0.00048,1e-05,1e-05,0,-0.00021,2e-05,-0,0.00033,2e-05,-0,-0
89.6,0.00044,0.00047,4e-05,0.00025,-4e-05,-0,-0.00471,-0.00055,0.00024,-0.00375,4e-05,9e-05,-2e-05,-0.00035,-0.00015,1e-05,-3e-05,-0.0001,3e-05,-1e-05,0.0004,-0.00032,-6e-05,0.00045,1e-05,0,0,-0.00024,5e-05,-3e-05,0.00033,2e-05,-0,-0
89.62,0.00024,0.00041,1e-05,0.00027,-5e-05,-0,-0.00373,-0.00039,0.00019,-0.00539,5e-05,8e-05,-2e-05,-0.00022,-0.00015,1e-05,-3e-05,-5e-05,3e-05,-1e-05,0.00033,-0.00036,-8e-05,0.00042,1e-05,0,0,-0.00028,9e-05,-6e-05,0.00032,2e-05,-0,-0
89.64,0.0001,0.00033,-4e-05,0.00027,-5e-05,-0,-0.00372,-3e-05,0.00011,-0.00652,6e-05,5e-05,-3e-05,-9e-05,-0.00014,0,-3e-05,-1e-05,3e-05,-1e-05,0.00028,-0.00037,-9e-05,0.00038,1e-05,-0,-0,-0.00033,0.00014,-8e-05,0.00032,2e-05,-0,-0
89.66,-4e-05,0.00024,-8e-05,0.00026,-4e-05,-0,-0.00372,0.00043,4e-05,-0.00702,6e-05,4e-05,-3e-05,4e-05,-0.00012,-0,-2e-05,2e-05,3e-05,-1e-05,0.00024,-0.00035,-0.0001,0.00035,2e-05,-0,-0,-0.00037,0.00019,-0.0001,0.00031,2e-05,-0,-0
89.68,-0.00015,0.00015,-0.00012,0.00022,-3e-05,-0,-0.00369,0.00093,-5e-05,-0.00661,5e-05,3e-05,-2e-05,0.00016,-0.0001,-1e-05,-2e-05,4e-05,2e-05,-1e-05,0.00021,-0.00031,-0.00011,0.00032,2e-05,-0,-0,-0.00041,0.00022,-0.00012,0.0003,2e-05,-0,-0
89.7,-0.00021,8e-05,-0.00017,0.00018,-2e-05,-0,-0.00351,0.00129,-0.00011,-0.00564,4e-05,2e-05,-1e-05,0.00028,-8e-05,-1e-05,-1e-05,5e-05,2e-05,-1e-05,0.00019,-0.00026,-0.00012,0.00029,2e-05,-1e-05,-0,-0.00043,0.00025,-0.00012,0.00028,1e-05,-0,-0
89.72,-0.00021,3e-05,-0.00024,0.00014,-1e-05,-0,-0.00318,0.00135,-0.00012,-0.00488,4e-05,1e-05,-1e-05,0.0004,-6e-05,-1e-05,-1e-05,3e-05,1e-05,-1e-05,0.00017,-0.0002,-0.00011,0.00026,2e-05,-1e-05,-0,-0.00043,0.00025,-0.00012,0.00027,1e-05,-0,-0
89.74,-0.00021,1e-05,-0.00034,9e-05,-1e-05,-0,-0.00277,0.00116,-8e-05,-0.00403,3e-05,0,-1e-05,0.0005,-6e-05,-1e-05,-0,1e-05,0,-0,0.00014,-0.00016,-0.0001,0.00024,2e-05,-1e-05,-0,-0.00041,0.00025,-0.0001,0.00025,1e-05,-0,-0
89.76,-0.00024,0,-0.00046,4e-05,-1e-05,-0,-0.00225,0.00085,-1e-05,-0.00292,2e-05,0,-1e-05,0.00059,-6e-05,-1e-05,-0,0,0,-0,0.00011,-0.00013,-9e-05,0.00021,2e-05,-1e-05,-0,-0.00038,0.00023,-8e-05,0.00023,1e-05,-0,-0
89.78,-0.0003,-0,-0.0006,-1e-05,-2e-05,0,-0.00169,0.0005,6e-05,-0.00183,1e-05,0,-0,0.00064,-7e-05,-0,-0,-0,-0,-0,6e-05,-0.00012,-7e-05,0.00019,2e-05,-1e-05,-0,-0.00033,0.0002,-5e-05,0.00021,1e-05,0,0
89.8,-0.00039,0,-0.00073,-5e-05,-2e-05,0,-0.00116,0.00018,0.00012,-0.00097,1e-05,0,-0,0.00066,-8e-05,-0,-0,-1e-05,-0,-0,1e-05,-0.00013,-4e-05,0.00017,2e-05,-1e-05,-0,-0.00027,0.00017,-2e-05,0.00019,1e-05,0,0
89.82,-0.0005,1e-05,-0.00081,-8e-05,-2e-05,0,-0.00074,-4e-05,0.00015,-0.00037,0,0,-0,0.00065,-9e-05,-1e-05,-1e-05,-1e-05,-0,0,-5e-05,-0.00016,-1e-05,0.00015,1e-05,-1e-05,-0,-0.00023,0.00012,0,0.00017,0,0,0
89.84,-0.00063,1e-05,-0.00083,-9e-05,-2e-05,0,-0.00041,-0.00013,0.00016,8e-05,0,0,-0,0.0006,-9e-05,-0,-1e-05,-0,-0,0,-0.00011,-0.00021,1e-05,0.00013,1e-05,-1e-05,-0,-0.00018,9e-05,3e-05,0.00015,0,0,0
89.86,-0.00075,0,-0.00077,-8e-05,-2e-05,0,-0.00014,-0.00015,0.00013,0.00038,0,-0,-0,0.00051,-8e-05,0,-1e-05,-0,-0,0,-0.00017,-0.00027,4e-05,0.00011,1e-05,-1e-05,-0,-0.00014,6e-05,5e-05,0.00013,-0,0,0
89.88,-0.00085,0,-0.00066,-7e-05,-2e-05,0,5e-05,-0.0001,8e-05,0.00056,-0,-0,-0,0.00039,-6e-05,1e-05,0,-0,-0,-0,-0.00022,-0.00035,6e-05,9e-05,1e-05,-1e-05,-0,-0.0001,5e-05,7e-05,0.00012,-0,0,0
89.9,-0.00089,-0,-0.0005,-4e-05,-1e-05,0,0.00019,-5e-05,4e-05,0.00065,-0,0,-0,0.00026,-3e-05,1e-05,4e-05,-0,-0,-1e-05,-0.00026,-0.00043,7e-05,8e-05,1e-05,-1e-05,-0,-7e-05,6e-05,7e-05,0.0001,-0,1e-05,0
89.92,-0.00084,-1e-05,-0.00034,-1e-05,1e-05,0,0.00033,-1e-05,-0,0.00067,-0,0,-0,0.00013,-1e-05,1e-05,0.00014,0,-0,-1e-05,-0.00028,-0.00051,9e-05,6e-05,1e-05,-1e-05,-0,-5e-05,8e-05,7e-05,9e-05,-0,1e-05,0
89.94,-0.00074,-1e-05,-0.0002,2e-05,3e-05,0,0.00049,2e-05,-3e-05,0.00071,-0,1e-05,-0,2e-05,3e-05,0,0.00032,0,-0,-1e-05,-0.00028,-0.00059,9e-05,4e-05,1e-05,-1e-05,-0,-5e-05,0.0001,7e-05,7e-05,-0,1e-05,0
89.96,-0.00061,-1e-05,-9e-05,3e-05,5e-05,0,0.00068,4e-05,-4e-05,0.00082,-0,1e-05,-0,-3e-05,7e-05,-1e-05,0.00064,-0,-0,-1e-05,-0.00025,-0.00065,9e-05,3e-05,1e-05,-1e-05,-0,-5e-05,0.00014,6e-05,5e-05,-0,1e-05,0
89.98,-0.00045,-1e-05,-3e-05,3e-05,7e-05,0,0.0009,0,-2e-05,0.00099,-0,2e-05,0,-4e-05,0.0001,-0,0.00112,-0,0,-1e-05,-0.00021,-0.00069,9e-05,1e-05,1e-05,-1e-05,-0,-7e-05,0.00018,4e-05,3e-05,-0,1e-05,0
90,-0.00027,-1e-05,-0,2e-05,9e-05,0,0.00118,-0.0001,2e-05,0.00126,-0,3e-05,0,1e-05,9e-05,4e-05,0.00177,-0,0,-1e-05,-0.00014,-0.00071,9e-05,-1e-05,0,-1e-05,-0,-0.0001,0.00022,3e-05,1e-05,-0,0,0
90.02,-6e-05,-1e-05,-0,0,0.00011,0,0.00151,-0.00029,0.00011,0.00163,0,6e-05,1e-05,0.00014,-3e-05,0.00016,0.00263,0,-0,0,-5e-05,-0.00071,8e-05,-3e-05,0,-1e-05,-0,-0.00014,0.00025,1e-05,-1e-05,-0,0,0
90.04,0.00018,-1e-05,0,-3e-05,0.00011,0,0.00189,-0.00058,0.00026,0.00205,0,8e-05,1e-05,0.00033,-0.00027,0.00041,0.00358,0,-0,1e-05,6e-05,-0.00067,7e-05,-5e-05,0,-0,-0,-0.00017,0.00026,-0,-4e-05,-0,0,0
90.06,0.00046,-0,2e-05,-6e-05,0.0001,0,0.00232,-0.00096,0.00047,0.00246,0,0.0001,2e-05,0.00055,-0.00067,0.00084,0.00446,0,-1e-05,2e-05,0.00019,-0.00061,6e-05,-7e-05,0,-0,-0,-0.00021,0.00025,-0,-6e-05,-0,0,0
90.08,0.00078,-1e-05,5e-05,-9e-05,9e-05,0,0.00271,-0.00142,0.00076,0.00274,0,0.00012,2e-05,0.0007,-0.00119,0.00146,0.00507,1e-05,-2e-05,3e-05,0.00032,-0.00053,5e-05,-8e-05,-0,-0,-0,-0.00025,0.00022,-0,-9e-05,-0,0,0
90.1,0.00114,-1e-05,0.0001,-0.00013,8e-05,-0,0.00305,-0.00181,0.0011,0.0029,0,0.00013,2e-05,0.00064,-0.00171,0.00225,0.00538,1e-05,-2e-05,4e-05,0.00045,-0.00045,4e-05,-0.0001,-0,-0,-0,-0.00028,0.00017,0,-0.00012,-1e-05,0,0
90.12,0.00147,-2e-05,0.00013,-0.00018,5e-05,-0,0.00331,-0.00188,0.00144,0.00299,0,0.00011,2e-05,0.00019,-0.00184,0.0031,0.00547,2e-05,-3e-05,5e-05,0.00056,-0.00037,3e-05,-0.00011,-0,-0,-0,-0.00031,0.00011,2e-05,-0.00015,-1e-05,0,0
90.14,0.00177,-4e-05,0.00017,-0.00024,2e-05,-0,0.00346,-0.00162,0.00169,0.0028,0,8e-05,2e-05,-0.00058,-0.00148,0.00375,0.00507,3e-05,-2e-05,5e-05,0.00062,-0.0003,3e-05,-0.00011,-1e-05,-0,-0,-0.00034,5e-05,4e-05,-0.00018,-1e-05,0,0
90.16,0.00206,-8e-05,0.00022,-0.0003,-1e-05,-0,0.00355,-0.00112,0.00173,0.00225,0,2e-05,2e-05,-0.00137,-0.00087,0.00399,0.00424,3e-05,-1e-05,4e-05,0.00063,-0.00026,2e-05,-0.00012,-1e-05,-0,-0,-0.00037,-1e-05,6e-05,-0.0002,-1e-05,0,0
90.18,0.00241,-0.00014,0.0003,-0.00034,-5e-05,-0,0.00365,-0.00049,0.00145,0.00148,0,-2e-05,1e-05,-0.00195,-0.00017,0.00379,0.00323,4e-05,-1e-05,4e-05,0.00058,-0.00023,2e-05,-0.00011,-1e-05,-0,-0,-0.00039,-7e-05,8e-05,-0.00023,-2e-05,0,0
90.2,0.00262,-0.00024,0.00042,-0.00035,-7e-05,-0,0.00469,1e-05,0.00087,0.00058,0,-4e-05,0,-0.00145,0.00027,0.00326,0.00224,5e-05,0,3e-05,0.00046,-0.00021,2e-05,-0.0001,-2e-05,-0,-0,-0.0004,-0.00012,0.0001,-0.00025,-2e-05,1e-05,0
90.22,0.00231,-0.00037,0.00059,-0.00035,-7e-05,-0,0.00767,0.0002,0.00021,-0.00037,0,1e-05,-0,0.00094,0.00035,0.00259,0.00135,7e-05,0,4e-05,0.00029,-0.0002,3e-05,-8e-05,-2e-05,-0,-0,-0.00039,-0.00015,0.00012,-0.00026,-3e-05,1e-05,0
90.24,0.00168,-0.0005,0.00077,-0.00032,-5e-05,-0,0.01165,8e-05,-0.00037,-0.00124,0,0.00012,-0,0.00448,0.00024,0.00192,0.00046,9e-05,1e-05,4e-05,9e-05,-0.00018,4e-05,-4e-05,-3e-05,-0,-0,-0.00035,-0.00017,0.00012,-0.00027,-3e-05,1e-05,0
90.26,0.001,-0.00062,0.00091,-0.00024,-3e-05,-0,0.01552,-0.0003,-0.00077,-0.00199,0,0.00027,0,0.00815,6e-05,0.0014,-0.00048,0.00011,1e-05,5e-05,-9e-05,-0.00016,5e-05,-0,-3e-05,-0,-0,-0.00025,-0.00018,0.00012,-0.00026,-3e-05,1e-05,0
90.28,0.00027,-0.00072,0.00096,-0.00014,-0,-0,0.01919,-0.00083,-0.00089,-0.00259,0,0.00043,-0,0.01175,-0.00011,0.00116,-0.00154,0.00014,2e-05,5e-05,-0.00022,-0.00012,7e-05,4e-05,-3e-05,-0,-0,-8e-05,-0.00018,0.00011,-0.00025,-4e-05,1e-05,0
90.3,-0.00059,-0.00079,0.00088,-2e-05,3e-05,-0,0.02137,-0.00121,-0.0005,-0.00297,0,0.00056,-1e-05,0.01425,-0.0002,0.00107,-0.0027,0.00018,4e-05,4e-05,-0.00027,-7e-05,9e-05,9e-05,-4e-05,-0,-0,0.00016,-0.00016,9e-05,-0.00022,-4e-05,1e-05,0
90.32,-0.00167,-0.0008,0.00066,8e-05,6e-05,-0,0.02091,-0.00107,0.00042,-0.00297,0,0.00062,-1e-05,0.0148,-0.00016,0.00087,-0.00378,0.00021,5e-05,1e-05,-0.00015,-0,0.00011,0.00013,-4e-05,-0,-0,0.00048,-0.00015,6e-05,-0.00019,-4e-05,1e-05,0
90.34,-0.00265,-0.00078,0.00033,0.00016,9e-05,-0,0.01865,-0.00037,0.00126,-0.00255,0,0.00061,-0,0.01394,-5e-05,0.00063,-0.00451,0.00023,7e-05,-2e-05,0.00012,7e-05,0.00012,0.00016,-4e-05,-0,0,0.00086,-0.00013,4e-05,-0.00015,-4e-05,1e-05,0
90.36,-0.00327,-0.00077,-5e-05,0.00019,0.00012,-0,0.01562,0.00067,0.00158,-0.00191,0,0.00053,0,0.01247,9e-05,0.00031,-0.00484,0.00023,8e-05,-6e-05,0.00046,0.00016,0.00012,0.00018,-4e-05,-0,0,0.00127,-0.00011,2e-05,-0.0001,-4e-05,1e-05,0
90.38,-0.0036,-0.00076,-0.00045,0.00019,0.00015,-0,0.01225,0.00189,0.00128,-0.00103,0,0.0004,1e-05,0.01059,0.00025,-0.00016,-0.00468,0.00021,7e-05,-0.00011,0.00085,0.00024,0.00011,0.00019,-4e-05,-0,0,0.00168,-0.0001,0,-5e-05,-4e-05,0,0
90.4,-0.00359,-0.00075,-0.00077,0.00016,0.00017,-0,0.0092,0.00281,0.00012,-0.00025,1e-05,0.00027,1e-05,0.00867,0.00034,-0.00073,-0.00408,0.00015,6e-05,-0.00013,0.00122,0.00032,8e-05,0.00018,-3e-05,-0,0,0.00205,-8e-05,-1e-05,-1e-05,-4e-05,0,0
90.42,-0.00335,-0.0007,-0.00093,0.00012,0.00018,-0,0.00715,0.00303,-0.00119,6e-05,5e-05,0.00016,1e-05,0.00709,0.00031,-0.00126,-0.00322,9e-05,5e-05,-0.00011,0.00147,0.00039,5e-05,0.00018,-3e-05,-0,0,0.00235,-6e-05,-3e-05,2e-05,-3e-05,0,0
90.44,-0.00309,-0.00062,-0.00094,6e-05,0.00017,-0,0.00591,0.00282,-0.00194,0.00012,0.00013,7e-05,-0,0.00603,0.00021,-0.00164,-0.00228,1e-05,4e-05,-6e-05,0.00164,0.00043,1e-05,0.00016,-2e-05,-0,0,0.00254,-4e-05,-4e-05,4e-05,-3e-05,0,0
90.46,-0.00285,-0.00052,-0.00085,-1e-05,0.00016,-0,0.00505,0.00239,-0.00226,0.00013,0.00024,-0,-1e-05,0.00546,8e-05,-0.00183,-0.00142,-6e-05,2e-05,-1e-05,0.00173,0.00045,-2e-05,0.00014,-2e-05,-0,-0,0.00264,-3e-05,-4e-05,6e-05,-2e-05,0,0
90.48,-0.00264,-0.00038,-0.00068,-9e-05,0.00014,-0,0.00429,0.00185,-0.00223,0.0001,0.00036,-7e-05,-1e-05,0.00522,-8e-05,-0.00188,-0.00063,-0.0001,-0,4e-05,0.00175,0.00045,-6e-05,0.00011,-2e-05,-0,-0,0.00263,-1e-05,-5e-05,6e-05,-2e-05,0,0
90.5,-0.00244,-0.00021,-0.00047,-0.00016,0.00012,-0,0.00349,0.00124,-0.00186,2e-05,0.00049,-0.00012,-2e-05,0.00507,-0.00022,-0.00168,-0.00023,-0.0001,-4e-05,5e-05,0.00169,0.00043,-0.0001,8e-05,-1e-05,-0,-0,0.00253,1e-05,-5e-05,6e-05,-2e-05,-0,0
90.52,-0.00222,-4e-05,-0.00024,-0.00023,0.0001,-0,0.00268,0.00066,-0.00116,1e-05,0.00063,-0.00012,-1e-05,0.00477,-0.00026,-0.00111,-0.00024,9e-05,-5e-05,3e-05,0.00152,0.0004,-0.00013,6e-05,-1e-05,-0,-0,0.00233,2e-05,-5e-05,6e-05,-1e-05,-0,-0
90.54,-0.00203,0.0001,-5e-05,-0.00028,8e-05,-0,0.002,0.00023,-0.00055,0.0002,0.00068,-8e-05,2e-05,0.00429,-0.00022,-0.00055,-0.00015,0.0003,-5e-05,1e-05,0.00133,0.00036,-0.00015,5e-05,-1e-05,-0,-0,0.0021,3e-05,-5e-05,7e-05,-1e-05,-0,-0
90.56,-0.00191,0.00022,0.00012,-0.00031,6e-05,0,0.00157,-9e-05,-0.00021,0.00047,0.00061,-5e-05,3e-05,0.00372,-0.00013,-0.00021,0.00012,0.0004,-5e-05,1e-05,0.00118,0.00032,-0.00016,5e-05,-1e-05,-0,-0,0.00187,3e-05,-4e-05,7e-05,-1e-05,-0,-0
90.58,-0.00183,0.0003,0.00027,-0.00032,4e-05,0,0.00143,-0.00038,-5e-05,0.00075,0.00042,-1e-05,5e-05,0.00314,-3e-05,-1e-05,0.00047,0.00043,-4e-05,0,0.00105,0.00028,-0.00016,6e-05,-0,-0,-0,0.00165,4e-05,-3e-05,8e-05,-1e-05,-0,-0
90.6,-0.00177,0.00036,0.0004,-0.00032,3e-05,0,0.00152,-0.00066,-1e-05,0.00089,0.00018,-0,5e-05,0.00256,3e-05,2e-05,0.00082,0.00034,-3e-05,-0,0.00094,0.00024,-0.00015,8e-05,-0,-0,-0,0.00145,4e-05,-2e-05,0.0001,-0,-0,-0
90.62,-0.00171,0.00039,0.00048,-0.0003,2e-05,-0,0.00173,-0.00086,3e-05,0.00084,-3e-05,-3e-05,4e-05,0.00204,4e-05,-1e-05,0.00105,0.00016,-3e-05,-0,0.00085,0.0002,-0.00014,0.0001,-0,-0,-0,0.00126,4e-05,-1e-05,0.00012,-0,-0,-0
90.64,-0.00162,0.0004,0.00051,-0.00028,2e-05,-0,0.00193,-0.00095,0.00016,0.00068,-8e-05,-4e-05,3e-05,0.00161,4e-05,-2e-05,0.00112,5e-05,-3e-05,0,0.00076,0.00017,-0.00012,0.00013,0,-0,-0,0.0011,3e-05,0,0.00015,-0,-0,-0
90.66,-0.00148,0.0004,0.00051,-0.00026,1e-05,-0,0.00203,-0.00094,0.00031,0.0005,6e-05,1e-05,3e-05,0.00126,3e-05,-5e-05,0.00106,2e-05,-3e-05,1e-05,0.00067,0.00015,-9e-05,0.00016,0,-0,-0,0.00094,2e-05,1e-05,0.00018,-0,0,0
90.68,-0.00128,0.00039,0.00048,-0.00024,1e-05,-0,0.00197,-0.00086,0.00047,0.00035,0.00029,9e-05,2e-05,0.00093,3e-05,-0.00016,0.00092,-0,-5e-05,1e-05,0.00055,0.00013,-6e-05,0.00019,0,0,0,0.00079,1e-05,2e-05,0.00021,0,0,0
90.7,-0.00099,0.00036,0.00044,-0.00021,1e-05,-0,0.00169,-0.00075,0.00057,0.00024,0.0007,0.0002,2e-05,0.0006,1e-05,-0.00036,0.00075,-2e-05,-7e-05,0,0.00041,0.00012,-3e-05,0.00021,0,0,0,0.00062,-1e-05,3e-05,0.00024,0,0,0
90.72,-0.00063,0.00033,0.00038,-0.00017,1e-05,0,0.00119,-0.00064,0.00051,0.00019,0.00146,0.00028,1e-05,0.00023,-1e-05,-0.00033,0.00062,2e-05,-7e-05,-0,0.00025,0.00012,0,0.00024,1e-05,0,0,0.00044,-3e-05,4e-05,0.00026,0,0,0
90.74,-0.0002,0.00029,0.00034,-0.00012,1e-05,0,0.00048,-0.00057,0.00037,0.0002,0.0021,0.00031,1e-05,-0.0002,-1e-05,-0.00018,0.00055,8e-05,-5e-05,-0,7e-05,0.00012,3e-05,0.00027,1e-05,0,0,0.00021,-5e-05,4e-05,0.00027,0,0,0
90.76,0.00027,0.00024,0.00031,-4e-05,1e-05,0,-0.00039,-0.00056,0.00022,0.00025,0.00228,0.00028,0,-0.00072,0,-8e-05,0.00052,0.00012,-2e-05,0,-0.00013,0.00013,4e-05,0.00027,1e-05,0,0,-5e-05,-6e-05,4e-05,0.00026,1e-05,0,0
90.78,0.00079,0.0002,0.00029,6e-05,1e-05,0,-0.00137,-0.00059,4e-05,0.00033,0.00217,0.00022,0,-0.00132,1e-05,-1e-05,0.00056,0.00014,-0,1e-05,-0.00034,0.00014,5e-05,0.00024,1e-05,1e-05,0,-0.00035,-8e-05,4e-05,0.00023,1e-05,0,-0
90.8,0.00137,0.00016,0.00027,0.00018,1e-05,0,-0.00244,-0.00064,-0.00013,0.00043,0.00171,0.00015,0,-0.00199,-0,0,0.00064,0.00012,0,1e-05,-0.00056,0.00015,5e-05,0.00019,1e-05,1e-05,0,-0.00067,-9e-05,3e-05,0.00018,1e-05,-0,-0
90.82,0.00198,0.00013,0.00025,0.00031,1e-05,0,-0.00351,-0.00069,-0.00021,0.00059,0.00097,8e-05,0,-0.00264,-3e-05,-0,0.00075,6e-05,-0,1e-05,-0.00076,0.00015,4e-05,0.0001,1e-05,1e-05,0,-0.00099,-9e-05,2e-05,0.0001,1e-05,-0,-0
90.84,0.00259,0.0001,0.00022,0.00045,1e-05,0,-0.00451,-0.00076,-0.00019,0.00081,0.00038,3e-05,-0,-0.00325,-5e-05,5e-05,0.00086,2e-05,-0,1e-05,-0.00094,0.00014,3e-05,-1e-05,1e-05,1e-05,0,-0.00129,-9e-05,0,1e-05,2e-05,-0,-0
90.86,0.00323,9e-05,0.00021,0.00058,1e-05,0,-0.00541,-0.00085,-0.00014,0.00104,7e-05,-0,-1e-05,-0.00386,-8e-05,0.00013,0.00098,-1e-05,-0,1e-05,-0.0011,0.00011,2e-05,-0.00015,1e-05,1e-05,0,-0.00155,-9e-05,-1e-05,-0.0001,2e-05,-0,-0
90.88,0.00391,8e-05,0.00019,0.0007,1e-05,0,-0.00622,-0.00102,-6e-05,0.00125,-5e-05,-1e-05,-1e-05,-0.00447,-0.00011,0.00024,0.00108,-1e-05,0,0,-0.00127,8e-05,0,-0.00031,1e-05,0,0,-0.00178,-8e-05,-3e-05,-0.00021,2e-05,-0,-0
90.9,0.00457,7e-05,0.00018,0.00079,1e-05,0,-0.00688,-0.0012,1e-05,0.00152,-2e-05,0,-2e-05,-0.0051,-0.00014,0.00033,0.00119,-1e-05,0,-0,-0.00138,4e-05,-1e-05,-0.00046,1e-05,0,0,-0.00193,-7e-05,-5e-05,-0.00032,2e-05,-0,-0
90.92,0.00514,8e-05,0.00015,0.00082,1e-05,0,-0.00748,-0.0012,7e-05,0.00195,8e-05,2e-05,-3e-05,-0.00569,-0.00017,0.00038,0.0013,0,0,-1e-05,-0.00135,0,-3e-05,-0.00058,1e-05,0,0,-0.00195,-6e-05,-6e-05,-0.0004,2e-05,-1e-05,-0
90.94,0.00563,9e-05,0.0001,0.00081,0,0,-0.00825,-0.00099,0.00011,0.00242,0.00021,3e-05,-3e-05,-0.0063,-0.00019,0.00038,0.0014,2e-05,-0,-1e-05,-0.00124,-3e-05,-3e-05,-0.00064,1e-05,0,0,-0.00187,-5e-05,-6e-05,-0.00044,3e-05,-1e-05,-0
90.96,0.00606,0.0001,4e-05,0.00076,-1e-05,0,-0.0094,-0.00065,8e-05,0.00277,0.00034,4e-05,-3e-05,-0.00701,-0.00022,0.00033,0.00147,3e-05,-0,-0,-0.00111,-4e-05,-4e-05,-0.00067,1e-05,0,0,-0.00173,-4e-05,-7e-05,-0.00045,3e-05,-1e-05,-0
90.98,0.0064,0.00012,-2e-05,0.00067,-1e-05,0,-0.01105,-0.00022,0,0.00299,0.00043,2e-05,-3e-05,-0.00782,-0.00023,0.00024,0.00149,4e-05,-1e-05,0,-0.00095,-3e-05,-5e-05,-0.00065,1e-05,1e-05,0,-0.00152,-2e-05,-6e-05,-0.00042,3e-05,-1e-05,-0
91,0.0065,0.00015,-6e-05,0.00057,-2e-05,0,-0.0128,0.00015,-8e-05,0.00298,0.0005,-0,-2e-05,-0.00858,-0.00024,0.00013,0.00143,4e-05,-1e-05,1e-05,-0.00075,0,-6e-05,-0.0006,2e-05,1e-05,0,-0.00129,-1e-05,-6e-05,-0.00037,3e-05,-1e-05,-0
91.02,0.00622,0.00018,-9e-05,0.00044,-3e-05,0,-0.01394,0.00036,-7e-05,0.00272,0.00057,-2e-05,-1e-05,-0.00906,-0.00022,0,0.00128,4e-05,-1e-05,1e-05,-0.00054,6e-05,-7e-05,-0.00055,2e-05,0,0,-0.00107,-0,-5e-05,-0.0003,4e-05,-1e-05,-0
91.04,0.0056,0.00021,-0.0001,0.00032,-4e-05,0,-0.01449,0.00044,7e-05,0.00226,0.00058,-4e-05,-1e-05,-0.00927,-0.00018,-0.0001,0.00104,3e-05,-1e-05,1e-05,-0.00031,0.00015,-9e-05,-0.00048,2e-05,0,0,-0.00087,0,-4e-05,-0.00022,4e-05,-1e-05,-0
91.06,0.00478,0.00024,-0.0001,0.00022,-4e-05,0,-0.0146,0.00041,0.0003,0.00164,0.00052,-6e-05,-0,-0.00928,-0.00013,-0.00017,0.00073,3e-05,-1e-05,1e-05,-0.0001,0.00025,-0.00012,-0.00039,3e-05,0,0,-0.0007,1e-05,-4e-05,-0.00013,4e-05,-1e-05,-0
91.08,0.00377,0.00028,-0.0001,0.00012,-4e-05,0,-0.0141,0.00028,0.0006,0.0009,0.00043,-6e-05,-0,-0.00905,-8e-05,-0.00024,0.00037,2e-05,-0,1e-05,0.00011,0.00035,-0.00015,-0.00029,3e-05,0,0,-0.00056,1e-05,-3e-05,-3e-05,4e-05,-1e-05,-0
91.1,0.00277,0.00031,-9e-05,6e-05,-3e-05,0,-0.01305,7e-05,0.0009,0.00012,0.0003,-5e-05,-0,-0.00858,-4e-05,-0.00028,-1e-05,2e-05,-0,1e-05,0.00028,0.00042,-0.00016,-0.00018,3e-05,0,0,-0.00046,1e-05,-3e-05,6e-05,4e-05,-1e-05,-0
91.12,0.00195,0.00032,-9e-05,2e-05,-3e-05,0,-0.01168,-0.00016,0.0011,-0.00063,0.00015,-4e-05,-0,-0.00799,-0,-0.00028,-0.00036,2e-05,0,2e-05,0.00038,0.00044,-0.00016,-8e-05,3e-05,0,0,-0.00039,1e-05,-2e-05,0.00015,4e-05,-1e-05,-0
91.14,0.00124,0.00031,-8e-05,-2e-05,-2e-05,0,-0.01016,-0.00034,0.0012,-0.00126,5e-05,-2e-05,-0,-0.00733,2e-05,-0.00025,-0.00066,2e-05,0,2e-05,0.00046,0.0004,-0.00014,2e-05,3e-05,0,0,-0.00035,1e-05,-2e-05,0.00022,4e-05,-1e-05,-0
91.16,0.00061,0.00029,-8e-05,-5e-05,-2e-05,0,-0.00858,-0.00045,0.00124,-0.00176,0,-0,-0,-0.00664,5e-05,-0.00023,-0.0009,1e-05,1e-05,2e-05,0.00053,0.0003,-0.00011,0.00011,3e-05,0,0,-0.00031,1e-05,-1e-05,0.00027,3e-05,-0,-0
91.18,9e-05,0.00026,-7e-05,-8e-05,-1e-05,0,-0.00698,-0.0005,0.0012,-0.0021,0,1e-05,-0,-0.00593,6e-05,-0.0002,-0.0011,1e-05,1e-05,2e-05,0.00058,0.00015,-6e-05,0.00019,2e-05,0,0,-0.00028,1e-05,-1e-05,0.0003,3e-05,-0,-0
91.2,-0.00025,0.00022,-7e-05,-0.0001,-1e-05,0,-0.00557,-0.00047,0.00112,-0.00232,2e-05,2e-05,-0,-0.00525,7e-05,-0.00017,-0.00126,1e-05,1e-05,3e-05,0.0006,-2e-05,0,0.00024,2e-05,0,0,-0.00025,1e-05,-0,0.00031,3e-05,-0,-0
91.22,-0.00038,0.00017,-7e-05,-0.00012,-1e-05,0,-0.00457,-0.00032,0.00103,-0.0025,4e-05,3e-05,0,-0.0046,8e-05,-0.00014,-0.00142,1e-05,1e-05,3e-05,0.00057,-0.0002,7e-05,0.00028,1e-05,1e-05,0,-0.00022,1e-05,1e-05,0.0003,2e-05,-0,-0
91.24,-0.00043,0.00011,-7e-05,-0.00014,-0,0,-0.00378,-9e-05,0.00089,-0.00262,6e-05,4e-05,0,-0.00397,8e-05,-0.00012,-0.00159,1e-05,1e-05,3e-05,0.00051,-0.00034,0.00012,0.0003,1e-05,1e-05,0,-0.00019,0,1e-05,0.00028,2e-05,-0,-0
91.26,-0.00047,6e-05,-7e-05,-0.00014,-0,0,-0.00305,0.00014,0.00072,-0.00265,8e-05,4e-05,0,-0.00332,8e-05,-0.0001,-0.00175,1e-05,1e-05,3e-05,0.00044,-0.00044,0.00017,0.0003,0,1e-05,0,-0.00015,-0,2e-05,0.00026,1e-05,-0,-0
91.28,-0.00049,1e-05,-6e-05,-0.00013,-0,0,-0.00237,0.00035,0.00053,-0.00262,9e-05,4e-05,0,-0.00264,8e-05,-0.0001,-0.00193,1e-05,2e-05,3e-05,0.00035,-0.0005,0.00019,0.0003,0,1e-05,0,-0.00011,-0,2e-05,0.00025,1e-05,-0,-0
91.3,-0.0005,-3e-05,-6e-05,-0.0001,-1e-05,0,-0.00184,0.00052,0.00036,-0.00255,9e-05,3e-05,1e-05,-0.00203,8e-05,-0.0001,-0.0021,1e-05,2e-05,2e-05,0.00025,-0.00052,0.00021,0.00029,0,1e-05,0,-7e-05,0,3e-05,0.00023,1e-05,-0,-0
91.32,-0.00048,-5e-05,-6e-05,-7e-05,-1e-05,0,-0.0015,0.0006,0.00024,-0.00248,8e-05,3e-05,1e-05,-0.00155,9e-05,-0.00012,-0.00223,1e-05,1e-05,2e-05,0.00015,-0.00052,0.00021,0.00027,0,1e-05,0,-4e-05,1e-05,3e-05,0.00021,1e-05,-0,-0
91.34,-0.00042,-6e-05,-5e-05,-3e-05,-1e-05,0,-0.00121,0.0006,0.00015,-0.00237,7e-05,3e-05,0,-0.00114,9e-05,-0.00013,-0.0023,1e-05,1e-05,1e-05,7e-05,-0.0005,0.0002,0.00025,-0,1e-05,0,-2e-05,1e-05,3e-05,0.00019,1e-05,-0,0
91.36,-0.00035,-7e-05,-5e-05,0,-1e-05,0,-0.00091,0.00056,8e-05,-0.00222,5e-05,3e-05,-0,-0.00075,0.0001,-0.00014,-0.00233,1e-05,1e-05,-1e-05,2e-05,-0.00048,0.00018,0.00022,-0,0,0,-0,3e-05,2e-05,0.00017,1e-05,0,0
91.38,-0.00025,-6e-05,-4e-05,3e-05,-1e-05,0,-0.00061,0.00049,4e-05,-0.00203,4e-05,3e-05,-1e-05,-0.00041,0.0001,-0.00016,-0.00229,0,1e-05,-2e-05,-2e-05,-0.00045,0.00017,0.00019,-0,0,0,1e-05,4e-05,2e-05,0.00015,0,0,0
91.4,-0.00013,-5e-05,-4e-05,6e-05,-1e-05,0,-0.00037,0.00036,3e-05,-0.00179,2e-05,2e-05,-1e-05,-0.00019,0.00011,-0.00017,-0.00217,0,0,-4e-05,-4e-05,-0.00043,0.00015,0.00016,-0,0,0,1e-05,6e-05,1e-05,0.00012,0,0,0
91.42,-1e-05,-3e-05,-3e-05,7e-05,-1e-05,0,-0.00018,0.0002,6e-05,-0.00151,0,2e-05,-1e-05,-0.00012,0.00012,-0.00016,-0.00191,0,0,-4e-05,-5e-05,-0.00042,0.00013,0.00013,-0,0,0,1e-05,7e-05,0,0.0001,0,0,0
91.44,6e-05,-1e-05,-2e-05,8e-05,-1e-05,0,-4e-05,7e-05,7e-05,-0.00119,-0,1e-05,-1e-05,-9e-05,0.00012,-0.00014,-0.00154,0,0,-4e-05,-7e-05,-0.0004,0.00011,0.0001,-0,0,0,1e-05,8e-05,-0,7e-05,0,0,0
91.46,0.0001,0,-2e-05,8e-05,-1e-05,0,5e-05,0,6e-05,-0.00084,0,1e-05,-0,-5e-05,0.0001,-0.0001,-0.00112,0,0,-3e-05,-9e-05,-0.00039,0.0001,7e-05,-0,0,0,1e-05,9e-05,-1e-05,5e-05,0,0,0
91.48,0.0001,1e-05,-1e-05,7e-05,-1e-05,0,8e-05,-1e-05,3e-05,-0.00049,2e-05,-0,1e-05,-3e-05,6e-05,-7e-05,-0.00063,0,-0,-2e-05,-0.00011,-0.00037,0.0001,5e-05,-0,0,0,2e-05,0.0001,-1e-05,3e-05,-0,0,0
91.5,6e-05,1e-05,-1e-05,6e-05,-1e-05,0,7e-05,1e-05,-0,-0.00023,7e-05,-1e-05,3e-05,-2e-05,2e-05,-3e-05,-0.00023,0,-0,0,-0.00014,-0.00035,9e-05,3e-05,-0,0,0,3e-05,0.0001,-1e-05,2e-05,-0,0,0
91.52,1e-05,1e-05,-0,5e-05,-1e-05,0,4e-05,2e-05,-2e-05,-9e-05,0.00014,-2e-05,7e-05,-1e-05,-2e-05,-1e-05,-9e-05,0,-0,2e-05,-0.00017,-0.00032,8e-05,2e-05,-0,0,0,5e-05,0.0001,-1e-05,1e-05,-0,0,0
91.54,-4e-05,1e-05,1e-05,4e-05,-0,0,1e-05,-0,-1e-05,-1e-05,0.00024,-1e-05,0.0001,-0,-3e-05,1e-05,-4e-05,0,-0,4e-05,-0.00019,-0.00029,6e-05,1e-05,-0,-0,-0,7e-05,0.0001,-2e-05,-0,-0,0,0
91.56,-0.0001,1e-05,1e-05,3e-05,-0,0,-3e-05,-5e-05,3e-05,2e-05,0.00037,1e-05,0.00011,0,-3e-05,1e-05,2e-05,0,-0,5e-05,-0.00022,-0.00024,5e-05,0,0,-0,-0,9e-05,0.0001,-2e-05,-1e-05,-0,0,0
91.58,-0.00015,1e-05,1e-05,2e-05,-0,0,-6e-05,-0.00013,8e-05,1e-05,0.0005,3e-05,0.00011,1e-05,-1e-05,1e-05,4e-05,0,-0,6e-05,-0.00024,-0.00019,2e-05,-0,0,-0,-0,0.00011,0.0001,-2e-05,-1e-05,-0,0,0
91.6,-0.00019,1e-05,1e-05,1e-05,-0,0,-9e-05,-0.0002,0.00013,-1e-05,0.00064,5e-05,7e-05,1e-05,1e-05,0,0,0,-0,5e-05,-0.00025,-0.00013,-0,-1e-05,0,-0,-0,0.00012,0.0001,-2e-05,-1e-05,-0,0,0
91.62,-0.00021,1e-05,0,1e-05,0,0,-0.00011,-0.00024,0.00017,-1e-05,0.00084,7e-05,2e-05,1e-05,3e-05,0,-4e-05,0,-0,3e-05,-0.00025,-8e-05,-3e-05,-1e-05,0,-0,-0,0.00013,9e-05,-2e-05,-1e-05,-0,0,0
91.64,-0.00021,1e-05,-0,1e-05,0,0,-0.00013,-0.00025,0.00018,2e-05,0.00099,8e-05,-2e-05,-1e-05,3e-05,2e-05,-6e-05,0,0,1e-05,-0.00024,-3e-05,-5e-05,-1e-05,0,-0,-0,0.00014,8e-05,-2e-05,-2e-05,-0,0,0
91.66,-0.0002,1e-05,-1e-05,1e-05,0,0,-0.00014,-0.00023,0.00017,4e-05,0.001,7e-05,-4e-05,-4e-05,2e-05,5e-05,-8e-05,0,0,-0,-0.00022,1e-05,-7e-05,-1e-05,0,-0,-0,0.00014,7e-05,-1e-05,-2e-05,-0,0,0
91.68,-0.00017,1e-05,-1e-05,2e-05,1e-05,0,-0.00016,-0.00019,0.00015,8e-05,0.00092,6e-05,-5e-05,-9e-05,1e-05,8e-05,-9e-05,0,0,-2e-05,-0.0002,5e-05,-9e-05,-2e-05,0,-0,-0,0.00013,5e-05,-0,-2e-05,-0,0,0
91.7,-0.00014,1e-05,-1e-05,2e-05,1e-05,0,-0.00018,-0.00014,0.00011,0.0001,0.00073,4e-05,-5e-05,-0.00017,0,0.0001,-0.0001,0,0,-2e-05,-0.00017,8e-05,-0.0001,-2e-05,0,-0,-0,0.00012,2e-05,1e-05,-2e-05,-0,0,0
91.72,-0.00011,1e-05,-1e-05,3e-05,1e-05,0,-0.0002,-9e-05,7e-05,0.0001,0.00045,2e-05,-5e-05,-0.00024,-0,0.00011,-8e-05,0,0,-3e-05,-0.00013,0.0001,-0.0001,-2e-05,0,-0,-0,0.00011,-0,2e-05,-2e-05,-0,0,0
91.74,-9e-05,1e-05,-1e-05,3e-05,1e-05,0,-0.00021,-5e-05,4e-05,9e-05,0.00021,1e-05,-4e-05,-0.00032,0,0.00011,-5e-05,0,0,-3e-05,-0.0001,0.00012,-0.00011,-2e-05,0,-0,-0,9e-05,-2e-05,3e-05,-2e-05,-0,0,0
91.76,-8e-05,0,-0,4e-05,1e-05,0,-0.00023,-2e-05,2e-05,8e-05,6e-05,0,-4e-05,-0.00041,1e-05,0.0001,-4e-05,0,0,-2e-05,-7e-05,0.00013,-0.00011,-1e-05,0,-0,-0,8e-05,-4e-05,3e-05,-2e-05,-0,0,0
91.78,-8e-05,0,0,4e-05,1e-05,0,-0.00024,1e-05,1e-05,7e-05,-3e-05,-0,-3e-05,-0.00049,1e-05,9e-05,-2e-05,0,-0,-2e-05,-5e-05,0.00014,-0.00011,-1e-05,0,-0,-0,7e-05,-5e-05,4e-05,-2e-05,-0,0,0
91.8,-0.0001,0,0,5e-05,1e-05,0,-0.00025,2e-05,0,6e-05,-8e-05,0,-2e-05,-0.00057,2e-05,8e-05,-1e-05,0,-0,-2e-05,-3e-05,0.00014,-0.00011,-1e-05,0,-0,-0,5e-05,-5e-05,4e-05,-2e-05,-0,0,0
91.82,-0.00012,0,1e-05,5e-05,1e-05,0,-0.00025,4e-05,0,4e-05,-0.0001,0,-1e-05,-0.00062,2e-05,7e-05,-0,0,-0,-2e-05,-1e-05,0.00014,-0.00011,-0,0,-0,-0,4e-05,-6e-05,4e-05,-2e-05,-0,0,0
91.84,-0.00015,0,1e-05,6e-05,1e-05,0,-0.00024,5e-05,0,3e-05,-0.00011,0,-0,-0.00064,2e-05,5e-05,0,-0,-0,-2e-05,1e-05,0.00014,-0.00011,0,0,-0,-0,3e-05,-5e-05,4e-05,-2e-05,-0,0,0
91.86,-0.00018,0,1e-05,6e-05,1e-05,0,-0.00022,5e-05,0,3e-05,-0.00011,0,1e-05,-0.00065,1e-05,5e-05,0,-0,-0,-1e-05,2e-05,0.00013,-0.00011,0,0,-0,-0,1e-05,-4e-05,3e-05,-1e-05,-0,0,0
91.88,-0.00021,0,2e-05,6e-05,1e-05,0,-0.0002,5e-05,0,2e-05,-0.00012,0,1e-05,-0.00064,1e-05,4e-05,1e-05,-0,-0,-1e-05,2e-05,0.00012,-0.00012,1e-05,0,-0,-0,0,-3e-05,3e-05,-1e-05,-0,0,0
91.9,-0.00024,0,1e-05,6e-05,1e-05,0,-0.00017,5e-05,0,2e-05,-0.00011,-0,2e-05,-0.00062,1e-05,3e-05,2e-05,-0,-0,-1e-05,3e-05,0.00011,-0.00012,1e-05,0,-0,-0,-1e-05,-2e-05,2e-05,-1e-05,-0,0,0
91.92,-0.00026,1e-05,1e-05,5e-05,1e-05,0,-0.00014,5e-05,0,1e-05,-0.0001,-0,2e-05,-0.00058,1e-05,3e-05,2e-05,-0,-0,-1e-05,3e-05,0.0001,-0.00012,1e-05,0,-0,-0,-2e-05,-0,2e-05,-0,-0,0,0
91.94,-0.00028,1e-05,1e-05,5e-05,1e-05,0,-0.00012,4e-05,1e-05,1e-05,-9e-05,-0,3e-05,-0.00053,1e-05,3e-05,3e-05,-0,-0,-1e-05,3e-05,9e-05,-0.00012,1e-05,0,-0,-0,-3e-05,1e-05,1e-05,-0,-0,0,0
91.96,-0.00028,1e-05,1e-05,5e-05,1e-05,0,-9e-05,4e-05,1e-05,1e-05,-8e-05,-0,3e-05,-0.00047,1e-05,3e-05,4e-05,-0,0,-0,2e-05,8e-05,-0.00011,0,0,-0,-0,-4e-05,2e-05,1e-05,0,-0,0,0
91.98,-0.00028,1e-05,0,4e-05,0,0,-7e-05,3e-05,1e-05,0,-6e-05,-0,2e-05,-0.00039,1e-05,2e-05,5e-05,-0,0,-0,1e-05,6e-05,-0.0001,0,0,-0,-0,-4e-05,3e-05,0,0,-0,0,0
92,-0.00026,1e-05,0,4e-05,0,0,-4e-05,3e-05,1e-05,-1e-05,-4e-05,0,2e-05,-0.00031,0,2e-05,6e-05,-0,0,-0,1e-05,5e-05,-0.0001,-0,0,-0,-0,-4e-05,4e-05,-0,1e-05,-0,0,0
92.02,-0.00024,1e-05,-0,3e-05,0,0,-3e-05,3e-05,1e-05,-1e-05,-1e-05,0,1e-05,-0.00024,0,2e-05,5e-05,-0,0,-0,-1e-05,4e-05,-8e-05,-1e-05,0,-0,-0,-5e-05,4e-05,-0,1e-05,-0,0,0
92.04,-0.0002,2e-05,-0,3e-05,0,0,-2e-05,3e-05,1e-05,-2e-05,2e-05,0,1e-05,-0.00018,0,2e-05,5e-05,-0,0,0,-2e-05,2e-05,-7e-05,-1e-05,0,-0,-0,-4e-05,4e-05,-0,1e-05,-0,0,0
92.06,-0.00016,2e-05,-0,3e-05,0,0,-1e-05,3e-05,0,-3e-05,7e-05,0,0,-0.00011,0,2e-05,5e-05,-0,0,0,-3e-05,-1e-05,-6e-05,-1e-05,0,-0,-0,-4e-05,4e-05,-0,1e-05,-0,0,0
92.08,-0.00011,2e-05,-0,2e-05,0,0,0,3e-05,0,-5e-05,0.00011,0,0,-5e-05,0,2e-05,4e-05,-0,0,0,-4e-05,-3e-05,-4e-05,-2e-05,0,-0,-0,-4e-05,4e-05,0,1e-05,-0,0,0
92.1,-5e-05,1e-05,-0,2e-05,0,0,1e-05,3e-05,0,-6e-05,0.00014,0,-0,-1e-05,-0,1e-05,2e-05,-0,0,0,-4e-05,-6e-05,-2e-05,-2e-05,0,-0,-0,-3e-05,3e-05,1e-05,0,-0,0,0
92.12,-0,1e-05,-0,1e-05,0,0,1e-05,3e-05,-0,-7e-05,0.00017,0,0,4e-05,-0,1e-05,1e-05,-0,0,1e-05,-5e-05,-9e-05,-1e-05,-2e-05,0,-0,-0,-2e-05,3e-05,1e-05,0,-0,0,0
92.14,5e-05,1e-05,-0,1e-05,0,0,1e-05,3e-05,-0,-8e-05,0.00018,0,0,7e-05,-0,1e-05,-1e-05,-0,0,1e-05,-5e-05,-0.00011,1e-05,-2e-05,0,-0,-0,-1e-05,2e-05,1e-05,0,-0,0,0
92.16,0.0001,1e-05,-0,1e-05,0,0,1e-05,3e-05,-0,-9e-05,0.00017,-0,1e-05,0.0001,-0,1e-05,-3e-05,-0,0,1e-05,-6e-05,-0.00013,2e-05,-3e-05,0,-0,-0,-1e-05,2e-05,2e-05,-0,-0,0,0
92.18,0.00014,1e-05,-0,1e-05,0,0,1e-05,3e-05,-0,-9e-05,0.00013,-0,2e-05,0.00011,-0,1e-05,-5e-05,-0,-0,1e-05,-6e-05,-0.00015,3e-05,-3e-05,0,-0,-0,0,2e-05,2e-05,-0,-0,0,0
92.2,0.00017,1e-05,-0,0,0,0,0,3e-05,-0,-0.0001,8e-05,0,2e-05,0.00012,-0,1e-05,-7e-05,-0,-0,1e-05,-6e-05,-0.00017,4e-05,-3e-05,-0,-0,-0,1e-05,2e-05,2e-05,-0,-0,0,0
92.22,0.0002,1e-05,-0,-0,0,0,-0,2e-05,0,-0.0001,2e-05,0,3e-05,0.00013,-0,1e-05,-9e-05,0,-0,1e-05,-6e-05,-0.00019,5e-05,-3e-05,-0,-0,-0,2e-05,2e-05,2e-05,-0,-0,0,0
92.24,0.00022,1e-05,-0,-0,1e-05,0,-1e-05,2e-05,0,-0.00011,-1e-05,0,4e-05,0.00013,-1e-05,1e-05,-0.0001,0,-0,1e-05,-6e-05,-0.0002,6e-05,-2e-05,-0,-0,0,2e-05,2e-05,1e-05,-0,-0,0,0
92.26,0.00025,1e-05,-0,-1e-05,1e-05,0,-1e-05,1e-05,1e-05,-0.00012,-3e-05,0,4e-05,0.00012,-1e-05,0,-0.00011,0,-0,1e-05,-6e-05,-0.00022,8e-05,-2e-05,-0,0,0,2e-05,2e-05,1e-05,-0,-0,0,0
92.28,0.00027,1e-05,0,-1e-05,1e-05,0,-2e-05,1e-05,2e-05,-0.00012,-2e-05,0,4e-05,0.00011,-2e-05,0,-0.00012,1e-05,-0,1e-05,-6e-05,-0.00024,9e-05,-2e-05,-0,0,0,2e-05,2e-05,1e-05,-0,-0,0,0
92.3,0.00029,1e-05,0,-1e-05,1e-05,0,-2e-05,0,3e-05,-0.00012,-1e-05,0,4e-05,0.0001,-3e-05,-0,-0.00012,1e-05,-0,1e-05,-5e-05,-0.00025,0.00011,-2e-05,-0,0,0,2e-05,2e-05,1e-05,-0,-0,0,0
92.32,0.00032,2e-05,0,-2e-05,1e-05,0,-2e-05,-0,4e-05,-0.00013,3e-05,-0,3e-05,8e-05,-4e-05,0,-0.00011,3e-05,-0,1e-05,-5e-05,-0.00026,0.00012,-3e-05,-0,0,0,1e-05,2e-05,1e-05,-1e-05,-0,0,0
92.34,0.00035,2e-05,0,-2e-05,1e-05,0,-2e-05,0,6e-05,-0.00012,8e-05,-0,2e-05,6e-05,-5e-05,1e-05,-0.0001,4e-05,-0,0,-4e-05,-0.00025,0.00012,-3e-05,-0,0,0,0,2e-05,1e-05,-1e-05,-0,0,0
92.36,0.00039,3e-05,1e-05,-2e-05,0,0,-2e-05,2e-05,9e-05,-0.0001,0.00016,-1e-05,0,5e-05,-6e-05,4e-05,-8e-05,7e-05,-1e-05,0,-2e-05,-0.00024,0.00012,-4e-05,-0,0,0,-0,2e-05,1e-05,-1e-05,-0,0,0
92.38,0.00042,5e-05,1e-05,-3e-05,0,0,-1e-05,5e-05,0.00014,-8e-05,0.00026,-0,-1e-05,3e-05,-6e-05,9e-05,-5e-05,0.0001,-1e-05,-0,-1e-05,-0.00022,0.00011,-4e-05,-0,0,0,-1e-05,1e-05,1e-05,-1e-05,-0,0,0
92.4,0.00045,6e-05,0,-3e-05,-0,0,-1e-05,0.00012,0.0002,-3e-05,0.00037,0,-3e-05,2e-05,-3e-05,0.00016,-0,0.00014,-1e-05,-0,0,-0.00018,9e-05,-6e-05,-0,0,0,-2e-05,1e-05,1e-05,-2e-05,-0,0,0
92.42,0.00047,8e-05,0,-3e-05,-1e-05,0,-0,0.00022,0.00029,3e-05,0.00051,2e-05,-5e-05,1e-05,4e-05,0.00028,5e-05,0.00019,-2e-05,-1e-05,2e-05,-0.00015,7e-05,-8e-05,-1e-05,-0,-0,-2e-05,1e-05,1e-05,-3e-05,-0,0,0
92.44,0.00047,0.0001,0,-3e-05,-2e-05,0,-0,0.00036,0.0004,0.00011,0.00065,5e-05,-6e-05,0,0.00016,0.00044,0.00012,0.00023,-2e-05,-1e-05,2e-05,-0.00011,6e-05,-0.0001,-1e-05,-0,-0,-2e-05,2e-05,0,-4e-05,-1e-05,-0,0
92.46,0.00046,0.00012,-0,-3e-05,-2e-05,0,-1e-05,0.00054,0.00053,0.0002,0.00071,0.0001,-8e-05,-0,0.00035,0.00062,0.0002,0.00025,-2e-05,-1e-05,2e-05,-6e-05,4e-05,-0.00013,-1e-05,-0,-0,-1e-05,2e-05,0,-6e-05,-1e-05,-0,0
92.48,0.00043,0.00013,-1e-05,-2e-05,-3e-05,0,-1e-05,0.00074,0.00064,0.0003,0.00071,0.00015,-9e-05,-0,0.00059,0.0008,0.00029,0.00025,-2e-05,-2e-05,1e-05,-2e-05,2e-05,-0.00016,-1e-05,-0,-0,1e-05,2e-05,-0,-8e-05,-1e-05,-0,-0
92.5,0.00038,0.00014,-2e-05,-1e-05,-4e-05,0,-1e-05,0.00096,0.00074,0.00043,0.00062,0.00021,-0.0001,0,0.00089,0.00098,0.00039,0.00022,-1e-05,-2e-05,-1e-05,3e-05,1e-05,-0.0002,-2e-05,-0,-0,4e-05,3e-05,-1e-05,-0.0001,-2e-05,-0,-0
92.52,0.00029,0.00014,-2e-05,1e-05,-5e-05,0,-3e-05,0.00122,0.00086,0.00072,0.00044,0.0003,-9e-05,0,0.00124,0.00119,0.00056,0.00015,1e-05,-1e-05,-4e-05,7e-05,0,-0.00024,-2e-05,-1e-05,-0,8e-05,3e-05,-2e-05,-0.00013,-2e-05,-0,-0
92.54,0.00018,0.00012,-3e-05,4e-05,-6e-05,0,-5e-05,0.00143,0.0009,0.00113,0.00023,0.00039,-7e-05,0,0.00157,0.00131,0.00077,8e-05,4e-05,1e-05,-8e-05,0.00012,-0,-0.00027,-2e-05,-1e-05,-0,0.00012,4e-05,-3e-05,-0.00016,-2e-05,-0,-0
92.56,6e-05,0.0001,-3e-05,8e-05,-7e-05,0,-9e-05,0.00145,0.0008,0.00155,5e-05,0.00043,-5e-05,1e-05,0.00176,0.00125,0.00097,3e-05,7e-05,2e-05,-0.00013,0.00016,-0,-0.00029,-3e-05,-1e-05,-0,0.00018,5e-05,-4e-05,-0.00019,-2e-05,-0,-0
92.58,-8e-05,8e-05,-2e-05,0.00012,-8e-05,0,-0.00016,0.00123,0.0006,0.00192,-0.0001,0.00045,-2e-05,1e-05,0.00171,0.00104,0.00113,-0,8e-05,3e-05,-0.00018,0.00019,0,-0.00031,-3e-05,-1e-05,-0,0.00025,6e-05,-6e-05,-0.00021,-3e-05,-0,-0
92.6,-0.00021,5e-05,-0,0.00016,-9e-05,0,-0.00023,0.00083,0.00037,0.00223,-0.00019,0.0004,-0,-0,0.00149,0.00076,0.00123,-2e-05,7e-05,3e-05,-0.00022,0.00022,0,-0.00032,-3e-05,-1e-05,-0,0.00032,6e-05,-7e-05,-0.00023,-3e-05,-0,-0
92.62,-0.00032,4e-05,2e-05,0.00018,-9e-05,0,-0.00023,0.00041,0.00016,0.00255,-0.0002,0.00028,2e-05,-2e-05,0.00137,0.00051,0.00126,-2e-05,4e-05,3e-05,-0.00024,0.00023,1e-05,-0.00031,-3e-05,-1e-05,-0,0.00038,6e-05,-8e-05,-0.00023,-3e-05,-0,-0
92.64,-0.00042,3e-05,4e-05,0.00018,-9e-05,0,-0.00013,6e-05,1e-05,0.00266,-0.00016,0.00017,2e-05,-6e-05,0.00123,0.0003,0.00119,-1e-05,1e-05,2e-05,-0.00024,0.00022,1e-05,-0.00028,-3e-05,-0,-0,0.00043,6e-05,-8e-05,-0.00023,-3e-05,-0,-0
92.66,-0.00047,2e-05,5e-05,0.00017,-9e-05,0,1e-05,-0.00016,-5e-05,0.00245,-0.00012,9e-05,2e-05,-0.00013,0.00101,0.00015,0.00104,0,-1e-05,2e-05,-0.00023,0.0002,2e-05,-0.00025,-3e-05,-0,-0,0.00047,5e-05,-7e-05,-0.00021,-2e-05,-0,-0
92.68,-0.00048,1e-05,3e-05,0.00014,-9e-05,0,0.00015,-0.00015,-4e-05,0.00208,-8e-05,2e-05,2e-05,-0.00023,0.00088,6e-05,0.00085,1e-05,-2e-05,1e-05,-0.00021,0.00017,2e-05,-0.0002,-2e-05,-0,-0,0.00048,4e-05,-6e-05,-0.00018,-2e-05,-0,-0
92.7,-0.00044,0,2e-05,0.00011,-8e-05,0,0.00021,-6e-05,-1e-05,0.00159,-7e-05,-2e-05,1e-05,-0.00034,0.00073,1e-05,0.00065,1e-05,-3e-05,1e-05,-0.00018,0.00012,2e-05,-0.00016,-2e-05,-0,-0,0.00046,3e-05,-4e-05,-0.00015,-2e-05,-0,-0
92.72,-0.00037,-1e-05,-0,9e-05,-6e-05,0,0.00016,-6e-05,1e-05,0.0011,-8e-05,-4e-05,0,-0.0004,0.00048,-1e-05,0.00048,0,-3e-05,0,-0.00015,7e-05,3e-05,-0.00012,-1e-05,-0,-0,0.00043,1e-05,-3e-05,-0.00012,-1e-05,-0,-0
92.74,-0.00028,-1e-05,-1e-05,7e-05,-5e-05,0,7e-05,-4e-05,2e-05,0.0007,-0.0001,-6e-05,-0,-0.00041,0.00028,-1e-05,0.00035,-0,-4e-05,0,-0.00012,2e-05,4e-05,-8e-05,-1e-05,0,0,0.00038,-1e-05,-1e-05,-9e-05,-1e-05,-0,-0
92.76,-0.00018,-1e-05,-2e-05,5e-05,-3e-05,0,-1e-05,2e-05,2e-05,0.00043,-0.0001,-7e-05,-0,-0.00038,0.0002,1e-05,0.00025,-1e-05,-4e-05,0,-8e-05,-3e-05,5e-05,-5e-05,-1e-05,0,0,0.00032,-4e-05,1e-05,-6e-05,-1e-05,-0,-0
92.78,-8e-05,-1e-05,-1e-05,3e-05,-1e-05,0,-8e-05,5e-05,-2e-05,0.00023,-0.0001,-7e-05,-0,-0.00031,0.00014,3e-05,0.00018,-1e-05,-4e-05,0,-5e-05,-8e-05,6e-05,-2e-05,-0,0,0,0.00025,-6e-05,3e-05,-3e-05,-0,-0,-0
92.8,0,-0,-1e-05,2e-05,0,0,-0.00014,3e-05,-8e-05,7e-05,-8e-05,-8e-05,-0,-0.00023,6e-05,4e-05,0.00013,-1e-05,-4e-05,0,-2e-05,-0.00011,7e-05,1e-05,-0,0,0,0.00018,-9e-05,5e-05,-1e-05,0,0,0
92.82,6e-05,1e-05,-0,0,2e-05,0,-0.00019,-3e-05,-0.00014,-8e-05,-7e-05,-8e-05,0,-0.00019,-4e-05,3e-05,9e-05,-1e-05,-4e-05,-0,0,-0.00012,8e-05,3e-05,0,0,0,0.00011,-0.00011,6e-05,0,0,0,0
92.84,9e-05,1e-05,0,-1e-05,4e-05,0,-0.00023,-0.00013,-0.00021,-0.00022,-5e-05,-8e-05,0,-0.00013,-0.00015,1e-05,7e-05,-1e-05,-4e-05,-0,3e-05,-0.00012,8e-05,5e-05,0,0,0,5e-05,-0.00013,8e-05,2e-05,1e-05,0,0
92.86,0.0001,2e-05,1e-05,-2e-05,5e-05,0,-0.00026,-0.00024,-0.00028,-0.00037,-3e-05,-8e-05,1e-05,-5e-05,-0.00028,-3e-05,5e-05,-1e-05,-3e-05,-0,4e-05,-0.0001,8e-05,6e-05,1e-05,0,0,-1e-05,-0.00015,9e-05,3e-05,1e-05,0,0
92.88,9e-05,2e-05,0,-4e-05,7e-05,0,-0.00029,-0.00036,-0.00034,-0.00054,-0,-7e-05,1e-05,3e-05,-0.00042,-0.0001,5e-05,-1e-05,-2e-05,-0,5e-05,-7e-05,7e-05,8e-05,1e-05,0,0,-5e-05,-0.00017,9e-05,4e-05,1e-05,0,0
92.9,7e-05,2e-05,0,-6e-05,8e-05,-0,-0.00031,-0.00048,-0.00038,-0.00071,3e-05,-6e-05,1e-05,0.00011,-0.00056,-0.00018,6e-05,-1e-05,-1e-05,-0,5e-05,-3e-05,5e-05,0.0001,1e-05,0,0,-8e-05,-0.00018,9e-05,6e-05,1e-05,0,0
92.92,3e-05,2e-05,0,-9e-05,9e-05,-0,-0.00032,-0.00059,-0.00037,-0.00084,7e-05,-4e-05,2e-05,0.0002,-0.0007,-0.00025,7e-05,-0,1e-05,-0,5e-05,2e-05,3e-05,0.00012,2e-05,0,0,-0.0001,-0.00018,8e-05,7e-05,2e-05,0,0
92.94,-1e-05,2e-05,0,-0.00012,0.0001,-0,-0.00032,-0.0007,-0.00033,-0.00093,0.00013,-2e-05,3e-05,0.00029,-0.00083,-0.00032,9e-05,0,2e-05,-0,4e-05,7e-05,1e-05,0.00015,2e-05,0,0,-0.00011,-0.00016,7e-05,8e-05,2e-05,0,0
92.96,-5e-05,2e-05,0,-0.00015,0.0001,0,-0.0003,-0.00078,-0.00026,-0.00099,0.00019,0,3e-05,0.00037,-0.00097,-0.00039,0.00012,1e-05,4e-05,0,3e-05,0.00012,-1e-05,0.00017,2e-05,0,0,-0.00011,-0.00014,5e-05,0.0001,2e-05,0,0
92.98,-0.0001,2e-05,0,-0.00019,9e-05,0,-0.00028,-0.00086,-0.00016,-0.00101,0.00026,1e-05,4e-05,0.00043,-0.00111,-0.00044,0.00014,2e-05,4e-05,0,3e-05,0.00016,-3e-05,0.00019,2e-05,0,0,-0.00011,-0.00011,3e-05,0.00011,2e-05,0,0
93,-0.00015,1e-05,1e-05,-0.00022,9e-05,0,-0.00024,-0.00091,-6e-05,-0.00097,0.00032,2e-05,5e-05,0.00048,-0.00125,-0.00047,0.00016,4e-05,4e-05,0,3e-05,0.00019,-4e-05,0.0002,2e-05,0,0,-0.00011,-8e-05,1e-05,0.00012,2e-05,0,0
93.02,-0.0002,1e-05,1e-05,-0.00027,7e-05,0,-0.00018,-0.00095,3e-05,-0.00086,0.00042,2e-05,7e-05,0.00051,-0.00137,-0.00047,0.00017,7e-05,3e-05,1e-05,3e-05,0.00021,-5e-05,0.00021,2e-05,0,0,-0.0001,-4e-05,-1e-05,0.00013,2e-05,0,0
93.04,-0.00026,0,2e-05,-0.0003,6e-05,0,-0.0001,-0.00098,0.00011,-0.0007,0.00049,2e-05,9e-05,0.00054,-0.00148,-0.00044,0.00016,0.00011,2e-05,3e-05,3e-05,0.00022,-5e-05,0.0002,2e-05,0,0,-9e-05,-1e-05,-3e-05,0.00012,2e-05,-0,-0
93.06,-0.00029,0,4e-05,-0.00032,4e-05,0,-1e-05,-0.001,0.00017,-0.00054,0.0005,1e-05,0.0001,0.00053,-0.00157,-0.00039,0.00013,0.00013,1e-05,3e-05,4e-05,0.00022,-5e-05,0.00018,2e-05,0,0,-7e-05,1e-05,-5e-05,0.00011,2e-05,-0,-0
93.08,-0.0003,-0,5e-05,-0.00033,3e-05,0,8e-05,-0.00103,0.00022,-0.00037,0.00048,1e-05,0.00011,0.00051,-0.00163,-0.00032,8e-05,0.00013,1e-05,4e-05,4e-05,0.0002,-3e-05,0.00016,2e-05,1e-05,0,-5e-05,3e-05,-7e-05,9e-05,2e-05,-0,-0
93.1,-0.00029,-0,6e-05,-0.00032,2e-05,0,0.00015,-0.00104,0.00025,-0.00025,0.00042,1e-05,0.0001,0.00048,-0.00165,-0.00025,1e-05,0.00011,0,4e-05,4e-05,0.00018,-1e-05,0.00012,1e-05,0,0,-4e-05,4e-05,-8e-05,7e-05,2e-05,-0,-0
93.12,-0.00024,-1e-05,7e-05,-0.00029,1e-05,0,0.00023,-0.00102,0.00028,-0.00024,0.0003,1e-05,8e-05,0.00049,-0.0016,-0.00018,-9e-05,7e-05,0,3e-05,4e-05,0.00016,1e-05,8e-05,1e-05,0,0,-2e-05,4e-05,-8e-05,5e-05,2e-05,-0,-0
93.14,-0.00017,-1e-05,6e-05,-0.00025,1e-05,0,0.0003,-0.00096,0.00029,-0.00024,0.00022,1e-05,6e-05,0.0005,-0.00149,-0.00012,-0.0002,3e-05,-0,2e-05,3e-05,0.00014,3e-05,5e-05,0,0,0,-0,4e-05,-8e-05,3e-05,1e-05,-0,-0
93.16,-9e-05,-1e-05,5e-05,-0.0002,0,0,0.00033,-0.00088,0.00028,-0.00025,0.00017,0,4e-05,0.00047,-0.00133,-7e-05,-0.00033,1e-05,-0,1e-05,2e-05,0.00012,4e-05,3e-05,0,0,0,1e-05,4e-05,-7e-05,2e-05,1e-05,-0,-0
93.18,0,-1e-05,4e-05,-0.00015,-0,0,0.00032,-0.00078,0.00026,-0.00029,0.00015,0,3e-05,0.00044,-0.00112,-4e-05,-0.00046,-1e-05,-0,1e-05,-0,0.00011,5e-05,1e-05,-0,0,0,2e-05,3e-05,-6e-05,2e-05,1e-05,-0,-0
93.2,9e-05,-1e-05,2e-05,-0.0001,-1e-05,0,0.00027,-0.00069,0.00022,-0.00036,0.00016,-0,2e-05,0.00037,-0.00091,-3e-05,-0.00059,-1e-05,-1e-05,1e-05,-2e-05,0.0001,5e-05,1e-05,-0,0,0,2e-05,2e-05,-5e-05,3e-05,1e-05,-0,-0
93.22,0.00015,-1e-05,1e-05,-6e-05,-1e-05,0,0.00018,-0.00063,0.00017,-0.00041,0.00019,-0,1e-05,0.00027,-0.00075,-2e-05,-0.00067,-2e-05,-1e-05,0,-3e-05,9e-05,4e-05,1e-05,-0,0,0,2e-05,2e-05,-4e-05,4e-05,0,-0,-0
93.24,0.00019,-1e-05,-0,-3e-05,-0,0,8e-05,-0.00057,0.00012,-0.00045,0.00022,-0,1e-05,0.00017,-0.0006,-2e-05,-0.00071,-2e-05,-1e-05,0,-4e-05,9e-05,3e-05,1e-05,-0,0,0,1e-05,1e-05,-2e-05,5e-05,0,-0,-0
93.26,0.0002,-1e-05,-1e-05,-1e-05,-0,0,-1e-05,-0.00051,8e-05,-0.00046,0.00024,-0,1e-05,0.0001,-0.00044,-2e-05,-0.0007,-1e-05,-1e-05,0,-3e-05,9e-05,2e-05,2e-05,0,-0,-0,-1e-05,1e-05,-1e-05,6e-05,0,0,-0
93.28,0.0002,-1e-05,-1e-05,-0,0,0,-9e-05,-0.00044,3e-05,-0.0004,0.00025,-0,0,5e-05,-0.00029,-2e-05,-0.00061,-1e-05,-1e-05,0,-2e-05,0.0001,-0,2e-05,0,-0,-0,-3e-05,1e-05,-0,6e-05,0,0,0
93.3,0.00018,-1e-05,-0,-1e-05,1e-05,0,-0.00018,-0.00036,-2e-05,-0.00024,0.00022,-0,0,1e-05,-0.00015,-2e-05,-0.00044,-1e-05,-1e-05,0,0,0.0001,-2e-05,3e-05,0,-0,-0,-5e-05,1e-05,0,7e-05,0,0,0
93.32,0.00017,-1e-05,-0,-2e-05,1e-05,0,-0.00029,-0.00027,-8e-05,5e-05,0.00017,-1e-05,-0,-2e-05,-5e-05,-3e-05,-0.00017,-1e-05,-0,-0,2e-05,0.00012,-4e-05,4e-05,0,-0,-0,-6e-05,0,1e-05,7e-05,0,0,0
93.34,0.00015,-1e-05,0,-4e-05,2e-05,0,-0.00041,-0.00014,-0.00013,0.00054,8e-05,-1e-05,-1e-05,-4e-05,2e-05,-4e-05,0.00022,-1e-05,-0,-0,4e-05,0.00014,-6e-05,4e-05,0,-0,-0,-8e-05,-1e-05,2e-05,6e-05,0,0,0
93.36,0.00014,-1e-05,-0,-7e-05,2e-05,0,-0.00052,1e-05,-0.00016,0.00124,-2e-05,-1e-05,-1e-05,-4e-05,7e-05,-4e-05,0.00074,-1e-05,-0,-0,6e-05,0.00017,-8e-05,4e-05,0,-0,-0,-8e-05,-1e-05,2e-05,6e-05,-0,0,0
93.38,0.00013,-1e-05,-1e-05,-0.0001,3e-05,0,-0.0006,0.00015,-0.00015,0.00209,-0.00013,-1e-05,-1e-05,-2e-05,8e-05,-3e-05,0.00136,-0,-0,-0,7e-05,0.0002,-9e-05,4e-05,0,-0,-0,-9e-05,-3e-05,2e-05,4e-05,-0,0,0
93.4,0.00012,-1e-05,-2e-05,-0.00013,4e-05,0,-0.00061,0.00023,-6e-05,0.00308,-0.00023,-1e-05,-1e-05,2e-05,5e-05,-2e-05,0.00207,-0,0,0,8e-05,0.00024,-9e-05,4e-05,0,-0,-0,-8e-05,-4e-05,3e-05,3e-05,-0,0,0
93.42,0.00012,-0,-2e-05,-0.00016,4e-05,0,-0.00047,0.0002,0.0001,0.00434,-0.00026,0,0,0.0001,0,1e-05,0.00283,0,1e-05,0,7e-05,0.00026,-0.0001,3e-05,0,-0,-0,-8e-05,-6e-05,3e-05,1e-05,-0,0,0
93.44,0.00013,-0,-2e-05,-0.00019,4e-05,0,-0.00016,6e-05,0.00029,0.00562,-0.00023,1e-05,2e-05,0.00018,-5e-05,5e-05,0.00357,1e-05,1e-05,1e-05,6e-05,0.00028,-0.0001,1e-05,0,-0,-0,-7e-05,-7e-05,3e-05,-2e-05,-0,0,0
93.46,0.00015,0,-2e-05,-0.00021,4e-05,0,0.00024,-0.00011,0.00046,0.0066,-0.00017,2e-05,4e-05,0.00026,-9e-05,9e-05,0.00414,2e-05,2e-05,1e-05,3e-05,0.00029,-0.0001,-1e-05,0,-0,-0,-6e-05,-8e-05,3e-05,-4e-05,-1e-05,0,0
93.48,0.00019,-0,0,-0.00021,4e-05,0,0.00058,-0.00026,0.00055,0.00712,-0.0001,2e-05,4e-05,0.00027,-0.00011,0.00013,0.00443,3e-05,3e-05,1e-05,-2e-05,0.00029,-0.0001,-4e-05,0,-0,-0,-5e-05,-8e-05,3e-05,-7e-05,-1e-05,0,0
93.5,0.00023,-1e-05,3e-05,-0.0002,4e-05,0,0.00079,-0.00029,0.00052,0.00734,-3e-05,2e-05,5e-05,0.0002,-0.0001,0.00016,0.00448,4e-05,4e-05,1e-05,-7e-05,0.00028,-0.0001,-7e-05,0,-0,-0,-4e-05,-8e-05,3e-05,-0.00011,-1e-05,0,0
93.52,0.00025,-4e-05,5e-05,-0.00016,4e-05,-0,0.00102,-0.00012,0.00031,0.00748,5e-05,1e-05,5e-05,0.00012,-6e-05,0.00018,0.00441,5e-05,4e-05,1e-05,-0.00015,0.00027,-0.0001,-0.00011,-0,-0,-0,-2e-05,-7e-05,2e-05,-0.00014,-1e-05,0,0
93.54,0.00026,-7e-05,8e-05,-8e-05,3e-05,-0,0.00139,0.00011,1e-05,0.00715,0.00012,-0,5e-05,3e-05,-2e-05,0.00017,0.00404,6e-05,3e-05,1e-05,-0.00023,0.00025,-0.00011,-0.00014,-0,-0,-0,1e-05,-5e-05,2e-05,-0.00017,-1e-05,0,0
93.56,0.00029,-0.00012,0.00011,3e-05,2e-05,-0,0.00186,0.00027,-0.00022,0.00623,0.00016,-1e-05,4e-05,-8e-05,0,0.00015,0.00334,6e-05,2e-05,1e-05,-0.00032,0.00023,-0.00012,-0.00018,-0,-1e-05,-0,4e-05,-2e-05,1e-05,-0.0002,-1e-05,0,0
93.58,0.00033,-0.00017,0.00012,0.00018,1e-05,-0,0.00241,0.00033,-0.00036,0.00501,0.00019,-1e-05,4e-05,-0.00022,1e-05,0.00013,0.00248,5e-05,1e-05,1e-05,-0.00042,0.00019,-0.00012,-0.00022,-0,-1e-05,-0,8e-05,1e-05,-1e-05,-0.00022,-2e-05,0,0
93.6,0.00036,-0.00021,0.00011,0.00036,-1e-05,-0,0.00343,0.00031,-0.0004,0.0036,0.0002,-1e-05,3e-05,-0.00015,-0,0.00011,0.00152,3e-05,0,1e-05,-0.00049,0.00013,-0.00013,-0.00025,-1e-05,-1e-05,-0,0.00013,4e-05,-3e-05,-0.00023,-2e-05,0,0
93.62,0.00031,-0.00025,8e-05,0.00052,-3e-05,-0,0.00545,0.00029,-0.00045,0.00214,0.00018,1e-05,2e-05,0.00032,-1e-05,0.00012,0.00058,1e-05,-0,0,-0.00054,5e-05,-0.00013,-0.00027,-1e-05,-1e-05,-0,0.00016,7e-05,-5e-05,-0.00023,-2e-05,0,0
93.64,0.00018,-0.00028,5e-05,0.00066,-4e-05,-0,0.00777,0.00026,-0.00051,0.00083,0.00016,4e-05,0,0.00081,-1e-05,0.00014,-0.00019,0,-1e-05,-0,-0.00055,-8e-05,-0.00012,-0.00028,-1e-05,-1e-05,-0,0.00018,0.0001,-7e-05,-0.00021,-2e-05,0,0
93.66,3e-05,-0.00029,1e-05,0.00077,-5e-05,-0,0.00966,0.00021,-0.00057,-0.00018,0.00013,6e-05,-1e-05,0.00105,-1e-05,0.00017,-0.00073,-0,-1e-05,0,-0.00053,-0.00025,-0.0001,-0.00027,-1e-05,-1e-05,-0,0.00017,0.00011,-9e-05,-0.00018,-2e-05,1e-05,0
93.68,-0.00015,-0.00028,-2e-05,0.00085,-6e-05,-0,0.01132,0.00016,-0.00067,-0.00081,0.00012,9e-05,-2e-05,0.00118,0,0.0002,-0.00105,-0,-1e-05,0,-0.00048,-0.00048,-6e-05,-0.00026,-1e-05,-1e-05,-0,0.00012,0.0001,-0.0001,-0.00014,-2e-05,1e-05,0
93.7,-0.00032,-0.00025,-2e-05,0.00089,-6e-05,-0,0.01244,8e-05,-0.00077,-0.00104,0.0001,0.00011,-2e-05,0.00107,-1e-05,0.00023,-0.00117,-1e-05,-1e-05,1e-05,-0.0004,-0.00076,-1e-05,-0.00023,-1e-05,-1e-05,-0,3e-05,8e-05,-0.00011,-9e-05,-2e-05,1e-05,0
93.72,-0.00042,-0.0002,3e-05,0.00088,-9e-05,-0,0.01261,-3e-05,-0.00077,-0.00085,9e-05,0.00012,-2e-05,0.00071,-3e-05,0.00026,-0.00114,-1e-05,-0,1e-05,-0.00028,-0.00108,5e-05,-0.0002,-1e-05,-1e-05,-0,-0.0001,8e-05,-0.00011,-3e-05,-2e-05,1e-05,0
93.74,-0.00043,-0.00015,0.00016,0.00083,-0.00013,-0,0.01224,-0.00012,-0.00066,-0.00032,8e-05,0.00011,-2e-05,0.0004,-7e-05,0.00027,-0.00104,-1e-05,0,2e-05,-0.00013,-0.00144,0.00013,-0.00016,-1e-05,-1e-05,-0,-0.00024,0.0001,-9e-05,3e-05,-2e-05,1e-05,0
93.76,-0.00037,-0.00011,0.00037,0.00075,-0.00017,-0,0.01172,-0.00022,-0.00049,0.00045,7e-05,0.0001,-1e-05,0.00028,-0.00013,0.00024,-0.00093,-1e-05,1e-05,2e-05,3e-05,-0.00182,0.00022,-0.00011,-1e-05,-1e-05,-0,-0.0004,0.00012,-8e-05,0.00011,-2e-05,1e-05,0
93.78,-0.00022,-8e-05,0.00066,0.00066,-0.00021,-0,0.01103,-0.00033,-0.00025,0.00132,6e-05,9e-05,-0,0.00024,-0.00021,0.00019,-0.00082,-2e-05,1e-05,2e-05,0.0002,-0.00221,0.00031,-7e-05,-1e-05,-1e-05,-0,-0.00056,0.00017,-5e-05,0.00018,-2e-05,1e-05,0
93.8,1e-05,-6e-05,0.00096,0.00055,-0.00026,-0,0.01022,-0.0004,0.00017,0.00213,6e-05,7e-05,0,0.00012,-0.00024,0.00012,-0.00076,-3e-05,2e-05,1e-05,0.00038,-0.00258,0.0004,-3e-05,-1e-05,-1e-05,-0,-0.00071,0.00024,-4e-05,0.00026,-2e-05,1e-05,0
93.82,0.00023,-2e-05,0.00116,0.00043,-0.00031,-0,0.00929,-0.00036,0.00098,0.00278,5e-05,5e-05,1e-05,-0.00011,-0.00013,5e-05,-0.00076,-3e-05,3e-05,0,0.00057,-0.00287,0.00049,1e-05,-1e-05,-1e-05,-0,-0.00083,0.00035,-3e-05,0.00034,-2e-05,1e-05,1e-05
93.84,0.00036,2e-05,0.0012,0.00031,-0.00036,-0,0.00847,-0.00027,0.00189,0.00315,5e-05,3e-05,1e-05,-0.0004,6e-05,1e-05,-0.0008,-3e-05,4e-05,-0,0.00074,-0.00307,0.00056,4e-05,-1e-05,-1e-05,-0,-0.00091,0.00047,-3e-05,0.00042,-2e-05,2e-05,1e-05
93.86,0.00039,6e-05,0.00108,0.00021,-0.0004,-0,0.008,-0.00022,0.00257,0.00317,5e-05,1e-05,1e-05,-0.00073,0.00025,-1e-05,-0.0009,-2e-05,4e-05,-0,0.00086,-0.00317,0.0006,7e-05,-1e-05,-1e-05,-0,-0.00096,0.00059,-2e-05,0.00049,-2e-05,2e-05,1e-05
93.88,0.00032,0.00011,0.00079,0.00013,-0.00045,-0,0.00781,-0.00021,0.00324,0.00284,4e-05,0,0,-0.00104,0.00041,1e-05,-0.00107,-1e-05,5e-05,-0,0.00094,-0.00316,0.00061,0.0001,-1e-05,-1e-05,-0,-0.00097,0.00069,-2e-05,0.00056,-2e-05,2e-05,1e-05
93.9,0.00017,0.00015,0.00037,7e-05,-0.00049,-0,0.00775,-0.00021,0.0035,0.00228,4e-05,-2e-05,-1e-05,-0.00124,0.00049,5e-05,-0.00128,0,5e-05,-0,0.00095,-0.00302,0.00057,0.00012,-1e-05,-1e-05,-0,-0.00093,0.00077,-2e-05,0.00061,-2e-05,2e-05,1e-05
93.92,-0.00011,0.00019,-0.00012,3e-05,-0.0005,-0,0.0076,-0.00019,0.00271,0.00162,3e-05,-3e-05,-2e-05,-0.0013,0.00048,8e-05,-0.00147,2e-05,4e-05,0,0.0009,-0.00276,0.00048,0.00015,-1e-05,-1e-05,-0,-0.0008,0.00082,-2e-05,0.00067,-2e-05,2e-05,1e-05
93.94,-0.00048,0.00021,-0.00064,-0,-0.00042,-0,0.00745,-0.00016,0.00175,0.00092,2e-05,-4e-05,-3e-05,-0.00122,0.00039,0.00011,-0.00164,3e-05,3e-05,0,0.00081,-0.0024,0.00035,0.00019,-1e-05,-1e-05,-0,-0.00062,0.00083,-1e-05,0.00071,-2e-05,2e-05,1e-05
93.96,-0.00087,0.00021,-0.00115,-2e-05,-0.00027,-0,0.00745,-0.00013,0.0011,0.00025,2e-05,-6e-05,-4e-05,-0.00105,0.00026,0.00012,-0.00178,3e-05,2e-05,0,0.00067,-0.00197,0.00019,0.00022,-0,-1e-05,-0,-0.00042,0.00078,1e-05,0.00073,-3e-05,2e-05,1e-05
93.98,-0.00126,0.00017,-0.00158,-3e-05,-0.00014,-0,0.00762,-7e-05,0.00059,-0.00026,1e-05,-9e-05,-5e-05,-0.00079,0.00011,0.00012,-0.00188,2e-05,1e-05,0,0.00051,-0.00152,0,0.00026,-0,-1e-05,0,-0.0002,0.0007,2e-05,0.00074,-3e-05,1e-05,1e-05
94,-0.00157,8e-05,-0.0019,-2e-05,-4e-05,-0,0.00811,2e-05,0.00018,-0.0005,0,-0.00013,-5e-05,-0.00055,-3e-05,0.0001,-0.00192,0,-0,0,0.00032,-0.00109,-0.00019,0.00028,-0,-1e-05,0,-2e-05,0.00056,3e-05,0.00073,-3e-05,1e-05,1e-05
94.02,-0.00174,-5e-05,-0.00204,-1e-05,4e-05,-0,0.00917,0.0002,-0.00017,-0.0004,0,-0.00018,-5e-05,-0.00042,-0.00013,8e-05,-0.0019,0,-1e-05,1e-05,0.00013,-0.00073,-0.00034,0.0003,-0,-0,0,0.0001,0.00041,5e-05,0.00071,-3e-05,1e-05,1e-05
94.04,-0.00179,-0.00021,-0.002,-1e-05,9e-05,0,0.0108,0.00053,-0.00047,1e-05,0,-0.00025,-3e-05,-0.00033,-0.0002,6e-05,-0.00181,4e-05,-2e-05,2e-05,-6e-05,-0.00042,-0.00046,0.00031,-0,-0,0,0.00017,0.00025,7e-05,0.00067,-3e-05,1e-05,1e-05
94.06,-0.00179,-0.00039,-0.00177,0,0.00012,0,0.01299,0.00097,-0.00069,0.00069,-0,-0.0003,-2e-05,-0.00023,-0.00023,4e-05,-0.00164,0.00012,-2e-05,3e-05,-0.00021,-0.00017,-0.00053,0.00031,0,-0,0,0.00022,0.0001,9e-05,0.00062,-2e-05,1e-05,1e-05
94.08,-0.00173,-0.00058,-0.00138,1e-05,0.00013,0,0.01575,0.00144,-0.00073,0.00153,-0,-0.00035,-0,-0.00014,-0.00023,2e-05,-0.00139,0.00024,-2e-05,3e-05,-0.00034,4e-05,-0.00055,0.00031,0,-0,0,0.00024,-3e-05,0.00011,0.00056,-2e-05,1e-05,1e-05
94.1,-0.00155,-0.00076,-0.00089,1e-05,0.00013,0,0.01941,0.00197,-0.0004,0.00227,-1e-05,-0.00037,1e-05,-8e-05,-0.00022,1e-05,-0.00112,0.00038,-1e-05,3e-05,-0.00043,0.0002,-0.00054,0.00029,1e-05,-0,0,0.00024,-0.00013,0.00012,0.0005,-2e-05,1e-05,0
94.12,-0.00116,-0.00091,-0.00037,0,0.00013,0,0.02444,0.00264,0.00062,0.00245,-3e-05,-0.00034,1e-05,-4e-05,-0.00021,1e-05,-0.00091,0.00058,-1e-05,3e-05,-0.00045,0.00034,-0.00052,0.00028,1e-05,-0,0,0.00021,-0.00019,0.00014,0.00043,-2e-05,0,0
94.14,-0.00068,-0.00102,1e-05,-1e-05,0.00012,0,0.03036,0.00325,0.00275,0.0016,-6e-05,-0.00027,-0,-1e-05,-0.00018,1e-05,-0.00071,0.00077,-1e-05,2e-05,-0.00043,0.00044,-0.00047,0.00025,1e-05,-0,0,0.00017,-0.00022,0.00014,0.00036,-2e-05,0,0
94.16,-0.00023,-0.00109,0.00012,-2e-05,0.00012,0,0.0361,0.00361,0.00617,-0.00049,-0.0001,-0.00013,-2e-05,2e-05,-0.00014,0,-0.00051,0.00088,0,1e-05,-0.00038,0.00053,-0.00041,0.00022,1e-05,-0,-0,0.00013,-0.0002,0.00014,0.00028,-1e-05,0,0
94.18,0.00011,-0.00113,-0.00016,-4e-05,0.00011,0,0.0404,0.00373,0.01072,-0.00374,-0.00017,6e-05,-4e-05,4e-05,-7e-05,-0,-0.00032,0.00094,1e-05,-0,-0.00032,0.0006,-0.00034,0.00017,1e-05,0,-0,7e-05,-0.00015,0.00012,0.00021,-1e-05,-0,-0
94.2,0.00033,-0.00115,-0.00097,-6e-05,0.0001,0,0.04162,0.00376,0.01483,-0.00756,-0.00024,0.00024,-4e-05,5e-05,1e-05,-1e-05,-0.00018,0.00091,2e-05,-1e-05,-0.00025,0.00065,-0.00027,0.00012,0,0,-0,1e-05,-8e-05,9e-05,0.00013,-1e-05,-0,-0
94.22,0.0003,-0.0012,-0.00206,-7e-05,0.0001,-0,0.03574,0.00337,0.01235,-0.009,-0.0002,0.00029,-1e-05,5e-05,0.0001,-1e-05,-9e-05,0.00077,2e-05,-2e-05,-0.00019,0.00068,-0.0002,5e-05,-0,0,-0,-5e-05,-0,6e-05,6e-05,-0,-1e-05,-0
94.24,-3e-05,-0.00137,-0.00284,-8e-05,0.0001,-0,0.0192,0.00247,-0.00039,-0.0046,-7e-05,6e-05,2e-05,6e-05,0.00019,-1e-05,-2e-05,0.00062,3e-05,-2e-05,-0.00014,0.0007,-0.00013,-1e-05,-0,0,-0,-0.00011,8e-05,2e-05,-0,-0,-1e-05,-0
94.26,-0.00042,-0.00168,-0.00273,-9e-05,0.00011,-0,-0.00436,0.00122,-0.01962,0.00453,8e-05,-0.00048,1e-05,7e-05,0.00028,-1e-05,3e-05,0.00049,3e-05,-2e-05,-0.0001,0.0007,-7e-05,-7e-05,-1e-05,0,-0,-0.00016,0.00014,-1e-05,-6e-05,-0,-1e-05,-1e-05
94.28,-0.00055,-0.00178,-0.00036,-9e-05,0.00012,-0,-0.02061,-0.00124,-0.03502,0.01096,0.00014,-0.00105,-3e-05,9e-05,0.00035,-1e-05,6e-05,0.00038,3e-05,-2e-05,-7e-05,0.00068,-2e-05,-0.00013,-1e-05,0,-0,-0.00021,0.00019,-4e-05,-0.0001,0,-1e-05,-1e-05
94.3,-0.0004,-0.00154,0.00422,-7e-05,0.00014,-0,-0.02546,-0.00487,-0.03026,0.01245,0.00012,-0.00133,-2e-05,0.00012,0.00039,-0,8e-05,0.00029,3e-05,-2e-05,-4e-05,0.00065,3e-05,-0.00018,-1e-05,0,-0,-0.00024,0.00022,-7e-05,-0.00013,0,-1e-05,-1e-05
94.32,-8e-05,-0.00073,0.01002,-5e-05,0.00016,-0,-0.01782,-0.01005,-0.01411,0.01275,8e-05,-0.00131,-3e-05,0.00016,0.00042,1e-05,9e-05,0.00022,3e-05,-2e-05,-1e-05,0.00058,7e-05,-0.00021,-1e-05,0,-0,-0.00023,0.00023,-8e-05,-0.00015,0,-1e-05,-1e-05
94.34,0.00018,0.00014,0.01104,-2e-05,0.00018,-0,-0.00257,-0.01217,-0.0078,0.01197,-1e-05,-0.00112,-3e-05,0.00021,0.00042,2e-05,0.0001,0.00017,3e-05,-2e-05,1e-05,0.0005,0.00011,-0.00023,-1e-05,0,-0,-0.00021,0.00022,-9e-05,-0.00015,0,-1e-05,-1e-05
94.36,0.00023,0.00045,0.00678,1e-05,0.00021,-0,0.00919,-0.00985,-0.00309,0.00973,-0.00012,-0.00082,1e-05,0.00022,0.0004,3e-05,0.00011,0.00012,3e-05,-2e-05,2e-05,0.00039,0.00014,-0.00023,-1e-05,0,-0,-0.00016,0.0002,-0.0001,-0.00014,0,-1e-05,-1e-05
94.38,0.00011,0.00026,0.00058,5e-05,0.00024,-0,0.01421,-0.00496,0.00462,0.00738,-0.00021,-0.00047,6e-05,0.00019,0.00037,2e-05,0.00013,7e-05,2e-05,-2e-05,4e-05,0.00026,0.00017,-0.0002,-1e-05,0,-0,-0.00011,0.00017,-9e-05,-0.00012,0,-1e-05,-1e-05
94.4,6e-05,-9e-05,-0.00267,7e-05,0.00022,-0,0.01118,-0.00127,0.0203,0.00526,-0.00027,-0.00019,6e-05,0.0001,0.00034,1e-05,0.00015,3e-05,2e-05,-2e-05,5e-05,0.0001,0.0002,-0.00017,-0,1e-05,0,-4e-05,0.00014,-8e-05,-0.0001,0,-1e-05,-1e-05
94.42,0.00012,-0.00019,-0.00278,8e-05,0.00021,-0,0.00665,-0.00013,0.01733,0.00298,-0.00022,0,2e-05,-4e-05,0.00033,-1e-05,0.00017,0,2e-05,-1e-05,6e-05,-7e-05,0.00023,-0.00013,-0,1e-05,0,2e-05,0.0001,-7e-05,-8e-05,0,-1e-05,-0
94.44,0.00014,-0.00012,-0.00234,7e-05,0.00019,-0,0.00418,0.00014,0.00762,0.0014,-0.00013,5e-05,-3e-05,-0.00019,0.00034,-1e-05,0.00018,-2e-05,1e-05,-1e-05,7e-05,-0.00026,0.00027,-8e-05,0,1e-05,0,8e-05,6e-05,-5e-05,-6e-05,0,-1e-05,-0
94.46,0.00014,0,-0.00185,4e-05,0.00017,-0,0.00258,0.00023,0.00123,0.00042,-0,4e-05,-8e-05,-0.00033,0.00034,-1e-05,0.00017,-3e-05,1e-05,-1e-05,7e-05,-0.00046,0.0003,-3e-05,1e-05,1e-05,0,0.00012,2e-05,-4e-05,-5e-05,0,-1e-05,-0
94.48,0.00012,0.00015,-0.00131,0,0.00016,-0,0.00138,0.00017,-0.00434,-0.00024,0.00014,2e-05,-0.00012,-0.00045,0.00034,-0,0.00015,-4e-05,1e-05,-1e-05,7e-05,-0.00065,0.00033,1e-05,1e-05,1e-05,0,0.00013,-2e-05,-2e-05,-5e-05,1e-05,-0,-0
94.5,8e-05,0.00027,-0.00082,-5e-05,0.00015,-0,0.00043,8e-05,-0.00706,-0.00072,0.00031,-1e-05,-0.00012,-0.00054,0.00034,1e-05,0.00012,-4e-05,1e-05,-1e-05,6e-05,-0.00081,0.00035,6e-05,2e-05,1e-05,0,0.00012,-6e-05,-1e-05,-5e-05,1e-05,-0,-0
94.52,6e-05,0.00028,-0.00041,-9e-05,0.00013,-0,-0.00045,-1e-05,-0.00211,-0.00093,0.00051,-3e-05,-6e-05,-0.00059,0.00033,2e-05,9e-05,-4e-05,1e-05,-1e-05,5e-05,-0.00091,0.00037,0.0001,2e-05,1e-05,0,0.0001,-0.0001,0,-7e-05,1e-05,-0,-0
94.54,0.0001,0.0002,-0.00012,-0.00013,0.00012,-0,-0.00114,-0.00018,0.00519,-0.0011,0.00072,-2e-05,6e-05,-0.0006,0.0003,2e-05,8e-05,-4e-05,1e-05,-1e-05,3e-05,-0.00093,0.00036,0.00013,2e-05,1e-05,0,7e-05,-0.00013,1e-05,-9e-05,1e-05,-0,-0
94.56,0.00012,0.0002,-1e-05,-0.00016,0.00012,-0,-0.00144,-0.00048,0.00819,-0.00123,0.00085,-0,0.00018,-0.00058,0.00026,2e-05,0.0001,-5e-05,1e-05,-0,2e-05,-0.00086,0.00033,0.00015,3e-05,1e-05,0,6e-05,-0.00016,1e-05,-0.00011,1e-05,-0,-0
94.58,9e-05,0.00022,1e-05,-0.00019,0.00011,-0,-0.00139,-0.00102,0.00927,-0.00147,0.00087,1e-05,0.00029,-0.00052,0.0002,2e-05,0.00013,-5e-05,0,-0,0,-0.00071,0.00026,0.00016,3e-05,1e-05,0,6e-05,-0.00018,1e-05,-0.00013,1e-05,-0,-0
94.6,-1e-05,0.00022,-3e-05,-0.0002,0.0001,-0,-0.00103,-0.00187,0.00976,-0.00199,0.00075,1e-05,0.00038,-0.00045,0.00013,2e-05,0.00018,-7e-05,0,0,-1e-05,-0.00052,0.00016,0.00017,3e-05,1e-05,0,6e-05,-0.0002,1e-05,-0.00016,1e-05,-0,-0
94.62,-0.00014,0.00016,-0.00012,-0.0002,8e-05,-0,-0.00058,-0.00329,0.01048,-0.00285,0.00052,7e-05,0.00042,-0.00039,6e-05,2e-05,0.00025,-8e-05,-0,0,-1e-05,-0.00032,5e-05,0.00017,3e-05,1e-05,0,8e-05,-0.00023,1e-05,-0.00019,1e-05,-0,-0
94.64,-0.00028,4e-05,-0.00031,-0.00019,6e-05,-0,0.00018,-0.00611,0.01207,-0.00384,0.0002,0.00028,0.00042,-0.00033,-2e-05,2e-05,0.00032,-0.0001,-1e-05,0,-1e-05,-0.00013,-6e-05,0.00016,3e-05,1e-05,0,0.0001,-0.00026,2e-05,-0.00022,1e-05,-0,-0
94.66,-0.00037,-1e-05,-0.00067,-0.00018,4e-05,0,0.00243,-0.0104,0.01487,-0.00448,-0.00013,0.00065,0.00035,-0.00026,-0.0001,3e-05,0.00039,-0.00012,-1e-05,0,-0,3e-05,-0.00014,0.00016,3e-05,0,0,0.00012,-0.0003,4e-05,-0.00024,1e-05,-0,-0
94.68,-0.00035,2e-05,-0.00113,-0.00016,2e-05,0,0.00519,-0.01452,0.01618,-0.00371,-0.00048,0.00108,0.00019,-0.00019,-0.00019,4e-05,0.00043,-0.00014,-1e-05,1e-05,1e-05,0.00015,-0.0002,0.00016,3e-05,0,0,0.00015,-0.00034,6e-05,-0.00026,2e-05,-0,-0
94.7,-0.00021,0.0001,-0.00138,-0.00015,-1e-05,0,0.00703,-0.01533,0.01803,-0.00234,-0.00067,0.00132,-2e-05,-0.00012,-0.00028,5e-05,0.00045,-0.00016,-1e-05,1e-05,1e-05,0.00022,-0.00024,0.00016,3e-05,0,0,0.00019,-0.00037,8e-05,-0.00028,2e-05,-0,-0
94.72,-2e-05,0.00023,-0.00116,-0.00014,-4e-05,0,8e-05,-0.01304,0.01294,0.00169,-0.00019,0.00131,-0.00012,-4e-05,-0.00037,6e-05,0.00048,-0.00015,-1e-05,0,2e-05,0.00024,-0.00027,0.00017,2e-05,0,0,0.00026,-0.00038,0.0001,-0.00029,2e-05,-0,-0
94.74,9e-05,0.00049,-0.00094,-0.00013,-6e-05,0,-0.01238,-0.01066,0.00493,0.00799,0.00041,0.00097,-3e-05,3e-05,-0.00045,7e-05,0.00048,-0.00012,-1e-05,0,2e-05,0.00023,-0.00028,0.00018,2e-05,0,0,0.00035,-0.00036,0.00012,-0.0003,2e-05,-1e-05,-0
94.76,0.00011,0.00079,-0.0008,-0.00011,-0.0001,0,-0.02321,-0.00788,6e-05,0.01265,0.00065,0.00039,9e-05,8e-05,-0.00053,7e-05,0.00044,-9e-05,-0,-0,1e-05,0.00019,-0.00028,0.00018,2e-05,0,0,0.00045,-0.00031,0.00012,-0.0003,2e-05,-1e-05,-0
94.78,0.00012,0.00101,-0.00077,-9e-05,-0.00014,0,-0.02988,-0.00519,-0.00127,0.01426,0.00082,-0.0001,0.00013,0.00011,-0.00062,7e-05,0.00039,-6e-05,0,-1e-05,1e-05,0.00014,-0.00027,0.00019,2e-05,0,0,0.00055,-0.00023,0.0001,-0.0003,2e-05,-1e-05,-0
94.8,0.0002,0.00099,-0.00081,-6e-05,-0.00017,0,-0.03135,-0.00231,0.00051,0.01228,0.0009,-0.00025,7e-05,0.00012,-0.00069,6e-05,0.00031,-4e-05,1e-05,-2e-05,-0,8e-05,-0.00026,0.0002,2e-05,0,0,0.00066,-0.00013,8e-05,-0.00029,2e-05,-1e-05,-0
94.82,0.00038,0.00064,-0.00067,-1e-05,-0.00021,0,-0.02808,-6e-05,0.00514,0.00742,0.00063,-0.00019,0,0.00011,-0.00072,4e-05,0.0002,-2e-05,1e-05,-2e-05,-1e-05,2e-05,-0.00024,0.0002,2e-05,0,0,0.00075,-2e-05,5e-05,-0.00028,3e-05,-1e-05,-0
94.84,0.00055,0.00021,-0.00027,3e-05,-0.0002,0,-0.02104,-0.00092,0.00842,0.00207,0.00034,-0.0001,-5e-05,0.0001,-0.00073,2e-05,0.0001,-2e-05,1e-05,-2e-05,-2e-05,-2e-05,-0.00023,0.0002,1e-05,0,0,0.00083,9e-05,1e-05,-0.00025,3e-05,-1e-05,-0
94.86,0.00061,-6e-05,0.00011,8e-05,-0.00016,0,-0.01323,-0.00412,0.00937,-0.00124,0.00017,-2e-05,-8e-05,9e-05,-0.00074,0,-0,-1e-05,2e-05,-2e-05,-3e-05,-4e-05,-0.00021,0.00019,1e-05,0,0,0.0009,0.00017,-2e-05,-0.00022,3e-05,-1e-05,-0
94.88,0.00052,-0.00014,0.00022,0.00013,-9e-05,0,-0.00574,-0.00794,0.00944,-0.00191,6e-05,5e-05,-6e-05,7e-05,-0.00073,-1e-05,-9e-05,-1e-05,2e-05,-1e-05,-3e-05,-4e-05,-0.0002,0.00017,1e-05,0,0,0.00094,0.00022,-4e-05,-0.00019,3e-05,-1e-05,-0
94.9,0.00035,-7e-05,-9e-05,0.00016,-1e-05,0,0.00064,-0.01036,0.00805,-0.00041,1e-05,0.0001,0,7e-05,-0.00072,-3e-05,-0.00017,-0,2e-05,-1e-05,-3e-05,-2e-05,-0.00018,0.00015,1e-05,0,0,0.00095,0.00024,-6e-05,-0.00016,3e-05,-1e-05,-0
94.92,0.0002,2e-05,-0.00065,0.00018,7e-05,0,0.0076,-0.01212,0.00511,0.00072,-0,8e-05,6e-05,6e-05,-0.0007,-4e-05,-0.00022,-1e-05,1e-05,-0,-3e-05,2e-05,-0.00016,0.00012,1e-05,0,0,0.00092,0.00021,-6e-05,-0.00014,3e-05,-1e-05,-0
94.94,9e-05,2e-05,-0.00121,0.00019,0.00014,0,0.01355,-0.01318,0.00261,-0.00014,0,1e-05,7e-05,7e-05,-0.00068,-6e-05,-0.00024,-1e-05,1e-05,-0,-1e-05,8e-05,-0.00015,8e-05,0,0,0,0.00085,0.00013,-5e-05,-0.00012,3e-05,-1e-05,-0
94.96,0.0001,-9e-05,-0.00144,0.00018,0.0002,0,0.01496,-0.01225,0.00118,-0.00246,1e-05,-6e-05,4e-05,7e-05,-0.00063,-6e-05,-0.00024,-1e-05,0,-0,1e-05,0.00015,-0.00014,4e-05,0,0,0,0.00075,1e-05,-4e-05,-0.0001,2e-05,-1e-05,-0
94.98,0.00029,-0.00019,-0.00105,0.00015,0.00024,0,0.00849,-0.00777,0.00017,-0.00509,3e-05,-0.0001,-2e-05,7e-05,-0.00056,-7e-05,-0.00021,-1e-05,0,0,4e-05,0.00025,-0.00013,-1e-05,-0,0,0,0.00063,-0.00016,-2e-05,-9e-05,2e-05,-1e-05,-0
95,0.0004,-0.00023,-0.00062,0.00012,0.00025,0,0.00301,-0.00436,-0.00012,-0.00728,3e-05,-0.00011,-8e-05,8e-05,-0.0005,-7e-05,-0.00017,-1e-05,0,0,7e-05,0.00036,-0.00012,-5e-05,-0,0,0,0.00049,-0.00035,1e-05,-9e-05,2e-05,-1e-05,-0
95.02,0.00041,-0.00026,-0.00032,9e-05,0.00024,0,-0.00057,-0.0036,0.0002,-0.0086,4e-05,-7e-05,-8e-05,8e-05,-0.00045,-7e-05,-0.00014,-1e-05,0,0,0.00011,0.00048,-0.00012,-0.0001,-0,0,0,0.00033,-0.00055,3e-05,-9e-05,2e-05,-1e-05,-0
95.04,0.00039,-0.00026,-0.00011,5e-05,0.00021,0,-0.00264,-0.00494,0.00075,-0.00891,4e-05,-0,-5e-05,9e-05,-0.00042,-7e-05,-0.00011,-1e-05,0,0,0.00015,0.00062,-0.00012,-0.00014,-0,-0,-0,0.00017,-0.00074,5e-05,-9e-05,1e-05,-0,-0
95.06,0.00035,-0.0002,1e-05,1e-05,0.00017,0,-0.00347,-0.00654,0.00121,-0.00821,3e-05,5e-05,-2e-05,0.0001,-0.00039,-6e-05,-9e-05,-1e-05,0,0,0.00019,0.00077,-0.00012,-0.00018,-0,-0,-0,3e-05,-0.00091,7e-05,-9e-05,1e-05,-0,-0
95.08,0.0003,-0.00012,3e-05,-3e-05,0.00012,-0,-0.00356,-0.00769,0.00147,-0.00667,2e-05,8e-05,2e-05,0.0001,-0.00036,-4e-05,-0.0001,-1e-05,0,0,0.00022,0.00091,-0.00012,-0.00021,-0,-0,-0,-0.0001,-0.00104,7e-05,-9e-05,1e-05,-0,-0
95.1,0.00023,-3e-05,0,-8e-05,9e-05,-0,-0.00317,-0.00788,0.00154,-0.00493,0,8e-05,3e-05,0.00012,-0.00034,-2e-05,-0.00012,-1e-05,0,0,0.00025,0.00105,-0.00012,-0.00024,-1e-05,-0,-0,-0.0002,-0.00112,6e-05,-0.0001,1e-05,-0,-0
95.12,0.00017,1e-05,-4e-05,-0.00013,6e-05,-0,-0.00255,-0.00711,0.00159,-0.00365,-0,5e-05,1e-05,0.00017,-0.00033,-0,-0.00015,-1e-05,0,-0,0.00028,0.00117,-0.00011,-0.00027,-1e-05,-0,-0,-0.00028,-0.00112,5e-05,-0.0001,1e-05,-0,-0
95.14,0.0001,3e-05,-6e-05,-0.00017,4e-05,-0,-0.0019,-0.00559,0.00154,-0.00252,-0,2e-05,-0,0.00022,-0.00032,2e-05,-0.00021,-0,0,-0,0.00029,0.00125,-9e-05,-0.00028,-1e-05,-0,-0,-0.00034,-0.00107,3e-05,-9e-05,0,-0,-0
95.16,5e-05,6e-05,-7e-05,-0.00019,2e-05,-0,-0.00129,-0.00367,0.0013,-0.00151,1e-05,-1e-05,-0,0.00027,-0.00029,4e-05,-0.00027,-0,0,-0,0.00029,0.00128,-5e-05,-0.00029,-1e-05,-0,0,-0.00037,-0.00097,1e-05,-9e-05,0,-0,-0
95.18,-0,7e-05,-6e-05,-0.0002,1e-05,0,-0.00074,-0.00184,0.00097,-0.00077,3e-05,-3e-05,-0,0.00032,-0.00024,6e-05,-0.00034,-0,0,-0,0.00028,0.00124,-1e-05,-0.00029,-1e-05,0,0,-0.00039,-0.00084,-1e-05,-8e-05,0,-0,-0
95.2,-5e-05,8e-05,-5e-05,-0.0002,1e-05,0,-0.00033,-0.00052,0.00063,-0.00028,7e-05,-3e-05,0,0.00032,-0.00019,6e-05,-0.00041,-0,0,0,0.00025,0.00114,5e-05,-0.00028,-1e-05,0,0,-0.00039,-0.0007,-3e-05,-8e-05,0,-0,-0
95.22,-8e-05,8e-05,-4e-05,-0.00017,0,0,-0.0001,0.00025,0.00034,-1e-05,0.00015,-3e-05,-0,0.00027,-0.00014,5e-05,-0.00044,-0,0,0,0.00021,0.00099,0.00011,-0.00027,-1e-05,0,0,-0.00037,-0.00058,-5e-05,-7e-05,0,0,0
95.24,-0.0001,7e-05,-3e-05,-0.00013,0,0,0,0.00061,0.00013,0.0001,0.00027,-2e-05,-0,0.0002,-9e-05,4e-05,-0.00045,-0,0,0,0.00016,0.0008,0.00019,-0.00026,-1e-05,0,0,-0.00034,-0.00048,-5e-05,-6e-05,0,0,0
95.26,-0.00011,5e-05,-2e-05,-9e-05,0,0,2e-05,0.00064,-0,0.00012,0.00042,-1e-05,-1e-05,0.00013,-5e-05,3e-05,-0.00043,-0,0,0,0.00011,0.00059,0.00026,-0.00024,-1e-05,0,0,-0.00031,-0.00039,-5e-05,-6e-05,0,0,0
95.28,-0.00011,4e-05,-1e-05,-4e-05,0,0,-2e-05,0.00045,-6e-05,0.0001,0.00058,1e-05,-1e-05,5e-05,-2e-05,1e-05,-0.00038,-0,-0,1e-05,7e-05,0.00038,0.00032,-0.00022,-1e-05,0,0,-0.00028,-0.00032,-4e-05,-5e-05,0,0,0
95.3,-0.00012,3e-05,-0,1e-05,0,0,-0.00011,0.00018,-7e-05,7e-05,0.00076,3e-05,-2e-05,-4e-05,-0,0,-0.00032,-0,0,1e-05,4e-05,0.00018,0.00036,-0.0002,-1e-05,0,0,-0.00024,-0.00026,-4e-05,-5e-05,-0,0,0
95.32,-0.00011,3e-05,-0,4e-05,1e-05,0,-0.00021,-0.0001,-5e-05,4e-05,0.00099,4e-05,-3e-05,-0.00013,0,-1e-05,-0.00026,-0,0,1e-05,1e-05,2e-05,0.00039,-0.00018,-1e-05,0,0,-0.00022,-0.00021,-3e-05,-5e-05,-0,0,0
95.34,-0.00011,3e-05,0,7e-05,1e-05,0,-0.00029,-0.00033,-1e-05,2e-05,0.00118,5e-05,-3e-05,-0.00021,0,-1e-05,-0.0002,-0,0,1e-05,-0,-9e-05,0.00039,-0.00016,-1e-05,0,0,-0.00019,-0.00016,-3e-05,-4e-05,-0,0,0
95.36,-0.00012,2e-05,0,8e-05,1e-05,0,-0.00037,-0.00047,3e-05,1e-05,0.00122,6e-05,-3e-05,-0.0003,0,-2e-05,-0.00013,-0,0,1e-05,-1e-05,-0.00015,0.00036,-0.00013,-1e-05,0,0,-0.00017,-0.00012,-3e-05,-4e-05,-0,0,0
95.38,-0.00013,2e-05,-0,8e-05,1e-05,0,-0.00042,-0.00051,6e-05,0,0.00116,5e-05,-3e-05,-0.00038,-1e-05,-2e-05,-6e-05,-0,0,1e-05,-1e-05,-0.00016,0.0003,-0.00011,-1e-05,0,0,-0.00016,-7e-05,-3e-05,-4e-05,-0,0,0
95.4,-0.00015,1e-05,-0,8e-05,1e-05,0,-0.00045,-0.00049,8e-05,-0,0.00098,4e-05,-3e-05,-0.00046,-1e-05,-3e-05,-1e-05,-0,0,1e-05,-1e-05,-0.00013,0.00023,-9e-05,-1e-05,0,0,-0.00014,-3e-05,-4e-05,-4e-05,-0,0,0
95.42,-0.00018,1e-05,-0,7e-05,1e-05,0,-0.00046,-0.00043,9e-05,-0,0.00067,3e-05,-3e-05,-0.00052,-1e-05,-3e-05,4e-05,-0,0,1e-05,0,-0.0001,0.00015,-6e-05,-0,0,0,-0.00013,1e-05,-4e-05,-3e-05,-0,0,0
95.44,-0.00021,0,-0,5e-05,1e-05,0,-0.00047,-0.00032,9e-05,-0,0.0004,2e-05,-2e-05,-0.00058,-2e-05,-3e-05,7e-05,-0,-0,0,1e-05,-8e-05,7e-05,-4e-05,-0,0,0,-0.00012,4e-05,-4e-05,-3e-05,0,0,0
95.46,-0.00025,0,0,4e-05,0,0,-0.00047,-0.00019,9e-05,-0,0.0002,1e-05,-2e-05,-0.00063,-2e-05,-3e-05,9e-05,-0,-0,-0,1e-05,-8e-05,1e-05,-2e-05,-0,-0,-0,-0.00011,8e-05,-4e-05,-3e-05,0,0,0
95.48,-0.00028,-0,0,3e-05,0,0,-0.00046,-7e-05,8e-05,-0,7e-05,0,-2e-05,-0.00067,-1e-05,-3e-05,0.0001,-0,-0,-0,1e-05,-0.0001,-3e-05,-1e-05,0,-0,-0,-0.0001,0.00011,-4e-05,-2e-05,0,0,0
95.5,-0.00032,-0,0,2e-05,0,0,-0.00046,3e-05,7e-05,-0,-2e-05,-0,-2e-05,-0.00069,-1e-05,-4e-05,0.00011,-0,-0,-1e-05,2e-05,-0.00016,-6e-05,1e-05,0,-0,-0,-8e-05,0.00013,-3e-05,-2e-05,0,0,-0
95.52,-0.00036,-0,0,1e-05,0,0,-0.00045,0.0001,6e-05,0,-7e-05,-0,-2e-05,-0.0007,-1e-05,-4e-05,0.0001,-0,-0,-1e-05,2e-05,-0.00023,-8e-05,2e-05,0,-0,-0,-7e-05,0.00015,-2e-05,-2e-05,-0,0,0
95.54,-0.00039,-0,0,0,1e-05,0,-0.00044,0.00014,5e-05,0,-0.0001,-0,-2e-05,-0.00068,-1e-05,-4e-05,0.0001,-0,-0,-1e-05,2e-05,-0.00032,-9e-05,2e-05,0,-0,-0,-6e-05,0.00017,0,-1e-05,-0,0,0
95.56,-0.00041,-0,0,0,1e-05,0,-0.00043,0.00016,5e-05,1e-05,-0.00012,-1e-05,-2e-05,-0.00064,-0,-3e-05,9e-05,-0,-0,-1e-05,2e-05,-0.00041,-9e-05,3e-05,0,-0,-0,-4e-05,0.00018,2e-05,-1e-05,-0,0,0
95.58,-0.00043,0,-0,0,1e-05,0,-0.0004,0.00015,4e-05,1e-05,-0.00013,-0,-2e-05,-0.00057,0,-3e-05,8e-05,-0,-0,-1e-05,2e-05,-0.0005,-9e-05,3e-05,0,-0,-0,-3e-05,0.00019,4e-05,-1e-05,-0,0,0
95.6,-0.00044,1e-05,-0,0,1e-05,0,-0.00037,0.00013,3e-05,2e-05,-0.00013,-0,-2e-05,-0.00049,0,-2e-05,8e-05,-0,-0,-1e-05,2e-05,-0.00058,-8e-05,3e-05,0,-0,-0,-2e-05,0.00019,7e-05,-1e-05,-0,0,0
95.62,-0.00043,1e-05,-0,0,1e-05,0,-0.00032,0.0001,2e-05,2e-05,-0.00012,-0,-2e-05,-0.00038,0,-2e-05,8e-05,-0,-0,-1e-05,2e-05,-0.00063,-7e-05,3e-05,0,-0,-0,-1e-05,0.00019,9e-05,-1e-05,-0,0,0
95.64,-0.00042,2e-05,-0,0,1e-05,0,-0.00026,7e-05,1e-05,3e-05,-0.00012,-0,-1e-05,-0.00026,0,-1e-05,8e-05,-0,-0,-0,2e-05,-0.00064,-6e-05,2e-05,0,-0,-0,-1e-05,0.00018,0.00011,-0,-0,0,0
95.66,-0.00039,2e-05,-0,1e-05,1e-05,0,-0.00019,4e-05,-0,4e-05,-0.00011,-0,-1e-05,-0.00014,-1e-05,-1e-05,9e-05,-0,-0,-0,2e-05,-0.00062,-5e-05,2e-05,0,-0,-0,-1e-05,0.00017,0.00012,-0,-0,0,0
95.68,-0.00034,2e-05,-0,1e-05,1e-05,0,-0.00011,1e-05,-1e-05,6e-05,-9e-05,-0,-1e-05,-2e-05,-2e-05,-0,0.0001,-0,-0,-0,2e-05,-0.00057,-4e-05,2e-05,0,-0,-0,-1e-05,0.00015,0.00012,-0,-0,0,0
95.7,-0.00028,2e-05,0,0,1e-05,0,-3e-05,-0,-2e-05,0.0001,-8e-05,0,-1e-05,6e-05,-4e-05,0,0.00011,-0,-0,-0,2e-05,-0.00049,-4e-05,2e-05,0,-0,-0,-2e-05,0.00012,0.00011,0,-0,0,0
95.72,-0.00021,2e-05,0,0,1e-05,0,2e-05,-1e-05,-4e-05,0.00016,-7e-05,0,-0,0.0001,-7e-05,-0,0.00014,-0,0,-0,2e-05,-0.00038,-3e-05,1e-05,0,-0,-0,-3e-05,9e-05,0.0001,0,-0,0,0
95.74,-0.00013,1e-05,-0,0,1e-05,0,2e-05,-1e-05,-5e-05,0.00028,-7e-05,-0,-0,8e-05,-9e-05,-1e-05,0.00019,0,0,-0,2e-05,-0.00025,-4e-05,1e-05,0,-0,-0,-5e-05,6e-05,8e-05,0,-0,0,0
95.76,-3e-05,-0,-0,-0,1e-05,0,-4e-05,0,-5e-05,0.00049,-6e-05,-0,-0,-2e-05,-0.0001,-2e-05,0.0003,0,-0,-0,3e-05,-0.00011,-5e-05,1e-05,0,-0,-0,-7e-05,3e-05,6e-05,1e-05,-0,0,0
95.78,7e-05,-2e-05,-0,-1e-05,1e-05,0,-0.00019,1e-05,-5e-05,0.00083,-6e-05,-0,-0,-0.00017,-8e-05,-4e-05,0.0005,0,-0,0,4e-05,4e-05,-7e-05,1e-05,0,-0,-0,-9e-05,-1e-05,4e-05,1e-05,-0,0,0
95.8,0.00018,-4e-05,-1e-05,-1e-05,0,0,-0.0004,1e-05,-4e-05,0.00137,-5e-05,-0,-0,-0.00035,-2e-05,-8e-05,0.00086,0,-0,0,6e-05,0.0002,-8e-05,1e-05,0,-0,-0,-0.00011,-5e-05,2e-05,1e-05,-0,0,0
95.82,0.00029,-7e-05,-1e-05,-2e-05,0,0,-0.0006,-2e-05,-2e-05,0.00217,-4e-05,-1e-05,0,-0.00046,0.0001,-0.00013,0.00142,0,-0,1e-05,7e-05,0.00036,-0.0001,1e-05,0,-0,-0,-0.00014,-9e-05,0,0,-0,0,0
95.84,0.00039,-0.0001,-2e-05,-2e-05,-0,0,-0.0007,-0.00012,2e-05,0.00327,-3e-05,-0,1e-05,-0.0004,0.00028,-0.0002,0.00225,1e-05,-0,2e-05,9e-05,0.0005,-0.00012,1e-05,0,-0,-0,-0.00016,-0.00012,-1e-05,0,-0,-0,-0
95.86,0.00048,-0.00014,-2e-05,-2e-05,-0,0,-0.00055,-0.00033,0.00013,0.00466,-2e-05,1e-05,2e-05,-2e-05,0.00049,-0.00028,0.00335,1e-05,-0,4e-05,0.00012,0.00063,-0.00014,1e-05,0,-0,-0,-0.00018,-0.00016,-3e-05,-0,-0,-0,-0
95.88,0.00056,-0.00018,-2e-05,-2e-05,-1e-05,0,4e-05,-0.00072,0.00032,0.00619,-1e-05,3e-05,3e-05,0.00078,0.00067,-0.00034,0.00468,1e-05,1e-05,6e-05,0.00014,0.00074,-0.00015,1e-05,0,-0,-0,-0.0002,-0.0002,-4e-05,-1e-05,-0,-0,-0
95.9,0.0006,-0.00022,-2e-05,-1e-05,-1e-05,0,0.00117,-0.0013,0.00065,0.00777,0,6e-05,5e-05,0.00206,0.00077,-0.00035,0.00616,1e-05,2e-05,7e-05,0.00016,0.00082,-0.00016,1e-05,0,-0,-0,-0.00021,-0.00023,-4e-05,-2e-05,-0,-0,-0
95.92,0.00061,-0.00025,-2e-05,2e-05,-1e-05,0,0.0027,-0.00191,0.00112,0.00923,1e-05,0.0001,7e-05,0.00365,0.00074,-0.00031,0.00765,2e-05,3e-05,9e-05,0.00017,0.00085,-0.00015,0,-0,-0,-0,-0.00021,-0.00025,-5e-05,-4e-05,-0,-0,-0
95.94,0.00059,-0.00026,-2e-05,6e-05,-1e-05,0,0.00423,-0.00241,0.00171,0.01014,1e-05,0.00014,8e-05,0.00518,0.00061,-0.00018,0.00887,2e-05,4e-05,0.0001,0.00018,0.00084,-0.00014,-1e-05,-0,-0,-0,-0.00021,-0.00027,-4e-05,-6e-05,-0,-0,-0
95.96,0.00054,-0.00025,-1e-05,0.00011,-1e-05,0,0.00529,-0.00268,0.00237,0.01031,1e-05,0.00018,9e-05,0.00617,0.00041,0.0001,0.00962,2e-05,6e-05,0.0001,0.00018,0.00078,-0.00012,-2e-05,-0,-0,0,-0.0002,-0.00028,-3e-05,-8e-05,-1e-05,-0,-0
95.98,0.00049,-0.00021,-0,0.00017,-1e-05,0,0.00505,-0.00261,0.00304,0.00973,0,0.00021,9e-05,0.00585,0.00019,0.00057,0.00977,2e-05,7e-05,9e-05,0.00018,0.00067,-9e-05,-3e-05,-1e-05,0,0,-0.00018,-0.00028,-2e-05,-0.0001,-1e-05,-0,-0
96,0.00038,-0.00015,1e-05,0.00024,-0,0,0.00412,-0.00219,0.00352,0.00878,-1e-05,0.00022,8e-05,0.0044,0.0003,0.00105,0.00945,2e-05,7e-05,8e-05,0.00017,0.00054,-6e-05,-5e-05,-1e-05,0,0,-0.00016,-0.00027,-1e-05,-0.00012,-1e-05,-0,-0
96.02,0.00018,-7e-05,4e-05,0.00029,-0,0,0.00482,-0.00152,0.00353,0.00776,-2e-05,0.0002,7e-05,0.00316,0.00115,0.00121,0.0088,1e-05,6e-05,6e-05,0.00015,0.00039,-3e-05,-7e-05,-1e-05,0,0,-0.00014,-0.00026,1e-05,-0.00014,-1e-05,-0,-0
96.04,4e-05,3e-05,8e-05,0.00032,0,0,0.00711,-0.00082,0.00321,0.0064,-2e-05,0.00016,6e-05,0.00254,0.00228,0.00111,0.00771,0,4e-05,4e-05,0.00013,0.00026,-1e-05,-9e-05,-1e-05,0,0,-0.00012,-0.00025,4e-05,-0.00015,-1e-05,-0,-0
96.06,-0,0.00012,0.00013,0.00033,0,0,0.01001,-0.00029,0.00266,0.00458,-3e-05,0.00012,4e-05,0.00279,0.00306,0.00085,0.00621,0,3e-05,2e-05,0.00012,0.00016,-1e-05,-0.00011,-2e-05,0,0,-0.0001,-0.00024,6e-05,-0.00016,-2e-05,-0,-0
96.08,2e-05,0.00018,0.00017,0.00032,0,0,0.01322,3e-05,0.00182,0.00244,-4e-05,7e-05,2e-05,0.00449,0.00324,0.00032,0.00434,-0,1e-05,1e-05,0.00011,8e-05,-1e-05,-0.00013,-2e-05,0,0,-0.0001,-0.00024,9e-05,-0.00017,-2e-05,-0,-0
96.1,5e-05,0.0002,0.0002,0.00028,0,-0,0.01665,0.00019,0.0012,0.00053,-4e-05,3e-05,1e-05,0.00752,0.00285,-0.00022,0.00276,-0,1e-05,0,0.0001,3e-05,-2e-05,-0.00014,-2e-05,0,0,-0.00011,-0.00024,0.00012,-0.00017,-2e-05,-0,-0
96.12,0.00012,0.00019,0.0002,0.00021,0,-0,0.0198,0.00054,0.00088,-0.00117,-3e-05,1e-05,1e-05,0.01173,0.00199,-0.00041,0.00149,-0,-0,0,0.0001,1e-05,-3e-05,-0.00015,-2e-05,0,0,-0.00014,-0.00026,0.00015,-0.00017,-2e-05,-0,0
96.14,0.00021,0.00017,0.00016,0.00012,-0,-0,0.02221,0.00109,0.00071,-0.00262,-2e-05,1e-05,1e-05,0.01587,0.00104,-0.0003,0.00048,-0,-1e-05,-0,0.0001,2e-05,-5e-05,-0.00015,-2e-05,0,0,-0.00017,-0.00029,0.00019,-0.00016,-2e-05,0,0
96.16,0.0003,0.00017,0.0001,5e-05,-1e-05,-0,0.02373,0.00153,0.00062,-0.00371,-2e-05,0,0,0.01913,0.00022,-1e-05,-0.00032,-0,-3e-05,-0,0.0001,4e-05,-6e-05,-0.00016,-2e-05,-0,0,-0.00022,-0.00034,0.00023,-0.00016,-2e-05,0,0
96.18,0.00037,0.0002,2e-05,-1e-05,-1e-05,-0,0.02449,0.00177,0.00059,-0.00432,-1e-05,-0,0,0.02181,-0.00042,0.0005,-0.00095,-0,-4e-05,-0,0.00011,6e-05,-7e-05,-0.00015,-2e-05,-0,-0,-0.00028,-0.0004,0.00026,-0.00015,-2e-05,0,0
96.2,0.00036,0.00022,-6e-05,-4e-05,-1e-05,-0,0.02428,0.00172,0.00062,-0.00447,-0,0,0,0.02185,-0.00082,0.00074,-0.00133,-0,-4e-05,-0,0.00012,8e-05,-8e-05,-0.00014,-2e-05,-0,-0,-0.00034,-0.00045,0.00028,-0.00014,-2e-05,0,0
96.22,0.00026,0.00019,-0.00015,-4e-05,-1e-05,-0,0.02315,0.00139,0.0007,-0.00425,1e-05,0,-0,0.01813,-0.00107,0.00039,-0.00131,-0,-2e-05,-0,0.00015,8e-05,-7e-05,-0.00013,-2e-05,-0,0,-0.00039,-0.00049,0.00031,-0.00013,-2e-05,0,0
96.24,0.00011,0.00016,-0.00018,-2e-05,-1e-05,-0,0.01948,0.00068,0.00074,-0.003,5e-05,0,1e-05,0.01411,-0.00128,7e-05,-0.00101,-0,2e-05,-1e-05,0.00017,6e-05,-6e-05,-0.00011,-2e-05,-0,0,-0.00044,-0.0005,0.00032,-0.00011,-2e-05,0,0
96.26,-0,0.00013,-0.00018,2e-05,-1e-05,-0,0.01576,-0.00011,0.00076,-0.00138,9e-05,0,2e-05,0.01085,-0.00143,-0.00011,-0.0005,-0,5e-05,-1e-05,0.0002,2e-05,-3e-05,-9e-05,-1e-05,0,0,-0.00048,-0.00049,0.00032,-0.0001,-2e-05,0,0
96.28,-1e-05,0.0001,-0.00015,7e-05,-1e-05,0,0.01268,-0.00068,0.00077,0.00016,0.00014,0,3e-05,0.00842,-0.00149,-0.00018,4e-05,-1e-05,6e-05,-1e-05,0.00024,-4e-05,-1e-05,-6e-05,-1e-05,0,0,-0.00051,-0.00045,0.00029,-8e-05,-1e-05,0,0
96.3,0.00011,6e-05,-0.00011,0.00013,-1e-05,0,0.01033,-0.00093,0.00075,0.00121,0.00018,0,4e-05,0.00682,-0.00145,-0.00017,0.00046,-1e-05,6e-05,-1e-05,0.00027,-0.00011,2e-05,-3e-05,-1e-05,0,0,-0.00054,-0.00039,0.00025,-6e-05,-1e-05,0,0
96.32,0.00032,3e-05,-6e-05,0.00018,-1e-05,0,0.00861,-0.00085,0.00069,0.00155,0.0002,0,4e-05,0.00588,-0.00127,-0.00012,0.00069,-1e-05,4e-05,-1e-05,0.0003,-0.00019,5e-05,1e-05,-1e-05,0,0,-0.00056,-0.00033,0.0002,-4e-05,-1e-05,0,0
96.34,0.00058,0,-1e-05,0.00022,-1e-05,0,0.00729,-0.0005,0.0006,0.00147,0.00021,0,4e-05,0.00536,-0.00088,-6e-05,0.00073,-1e-05,2e-05,-1e-05,0.00034,-0.00026,7e-05,6e-05,-1e-05,1e-05,0,-0.00059,-0.00025,0.00014,-1e-05,-1e-05,-0,-0
96.36,0.00084,-2e-05,2e-05,0.00024,-1e-05,0,0.0062,-1e-05,0.00053,0.00122,0.00021,1e-05,4e-05,0.00511,-0.00028,-1e-05,0.00063,-1e-05,1e-05,-0,0.00037,-0.00032,7e-05,0.00011,-1e-05,1e-05,0,-0.00062,-0.00017,9e-05,2e-05,-0,-0,-0
96.38,0.00107,-3e-05,3e-05,0.00025,-1e-05,0,0.00525,0.00046,0.00047,0.00088,0.00021,1e-05,4e-05,0.00501,0.00043,0,0.00042,-0,-0,-0,0.00041,-0.00036,7e-05,0.00017,-1e-05,1e-05,0,-0.00065,-0.0001,4e-05,5e-05,-0,-0,-0
96.4,0.00114,-3e-05,1e-05,0.00023,-1e-05,0,0.00439,0.00076,0.00039,0.00049,0.0002,1e-05,4e-05,0.00498,0.00114,-2e-05,0.00016,0,-0,0,0.00044,-0.00038,5e-05,0.00024,-1e-05,1e-05,0,-0.00068,-3e-05,0,9e-05,0,-0,-0
96.42,0.00094,-3e-05,-3e-05,0.00016,-0,0,0.0036,0.00083,0.00032,0.00016,0.00019,1e-05,3e-05,0.00493,0.00173,-1e-05,-7e-05,0,0,0,0.00046,-0.00037,3e-05,0.00032,-1e-05,1e-05,0,-0.0007,2e-05,-3e-05,0.00013,0,-0,-0
96.44,0.00053,-3e-05,-7e-05,5e-05,-0,0,0.0029,0.0006,0.00025,1e-05,0.00018,1e-05,3e-05,0.00482,0.00205,8e-05,-0.00028,1e-05,1e-05,0,0.00048,-0.00034,-0,0.00041,-1e-05,1e-05,0,-0.00071,6e-05,-5e-05,0.00018,0,-0,-0
96.46,2e-05,-2e-05,-0.0001,-7e-05,-0,0,0.00228,3e-05,0.00022,3e-05,0.00017,1e-05,2e-05,0.00466,0.00199,0.00021,-0.00045,1e-05,1e-05,0,0.00048,-0.00029,-4e-05,0.00051,-1e-05,1e-05,0,-0.00069,8e-05,-5e-05,0.00023,0,-0,-0
96.48,-0.00049,-1e-05,-0.00011,-0.00021,-0,0,0.00174,-0.00082,0.00019,0.00017,0.00015,1e-05,2e-05,0.00441,0.00155,0.00041,-0.00058,1e-05,1e-05,-0,0.00047,-0.00022,-7e-05,0.00061,-0,1e-05,0,-0.00065,9e-05,-5e-05,0.00028,0,-0,-0
96.5,-0.00096,0,-0.0001,-0.00035,-0,0,0.0013,-0.00182,0.00018,0.00039,0.00013,1e-05,2e-05,0.00406,0.00081,0.00062,-0.00066,1e-05,2e-05,-0,0.00044,-0.00015,-0.0001,0.00072,-0,1e-05,0,-0.00058,9e-05,-4e-05,0.00033,0,-0,-0
96.52,-0.00136,2e-05,-8e-05,-0.00049,-0,0,0.00094,-0.00277,0.00016,0.00063,0.00011,1e-05,1e-05,0.00364,-7e-05,0.00076,-0.00069,1e-05,2e-05,-1e-05,0.00039,-8e-05,-0.00011,0.00082,-0,1e-05,0,-0.0005,8e-05,-3e-05,0.00038,0,-0,-0
96.54,-0.00158,3e-05,-4e-05,-0.00059,-0,0,0.00065,-0.00355,0.00013,0.00081,8e-05,2e-05,1e-05,0.00314,-0.00092,0.00084,-0.00067,0,2e-05,-1e-05,0.00033,-2e-05,-0.00012,0.00091,-0,1e-05,0,-0.00041,7e-05,-1e-05,0.00042,1e-05,-0,-0
96.56,-0.00156,5e-05,-1e-05,-0.00065,-0,0,0.0004,-0.00407,7e-05,0.00089,5e-05,3e-05,1e-05,0.00259,-0.00163,0.00088,-0.0006,0,3e-05,-1e-05,0.00026,2e-05,-0.00013,0.00096,0,1e-05,0,-0.00031,6e-05,-0,0.00044,1e-05,-0,-0
96.58,-0.00138,6e-05,1e-05,-0.00065,-0,0,0.00015,-0.00422,-1e-05,0.00086,1e-05,4e-05,1e-05,0.00198,-0.00209,0.00086,-0.00049,-0,4e-05,-1e-05,0.0002,5e-05,-0.00012,0.00099,0,1e-05,0,-0.00019,5e-05,1e-05,0.00044,1e-05,-0,-0
96.6,-0.00109,7e-05,3e-05,-0.00059,-0,0,-0.00014,-0.00404,-0.00015,0.00076,-2e-05,7e-05,1e-05,0.00134,-0.00221,0.00073,-0.00036,0,5e-05,-1e-05,0.00013,7e-05,-0.00011,0.00098,0,0,0,-8e-05,4e-05,1e-05,0.00044,1e-05,-0,-0
96.62,-0.00077,8e-05,2e-05,-0.00046,0,0,-0.0005,-0.0036,-0.00035,0.00062,-6e-05,9e-05,1e-05,0.00067,-0.00199,0.00049,-0.00022,0,7e-05,-1e-05,6e-05,8e-05,-9e-05,0.00095,0,0,0,3e-05,3e-05,1e-05,0.00041,1e-05,-0,-0
96.64,-0.00048,8e-05,1e-05,-0.00032,0,0,-0.00096,-0.00292,-0.00065,0.00048,-9e-05,0.00013,1e-05,-3e-05,-0.00152,0.00018,-8e-05,1e-05,9e-05,-1e-05,-1e-05,9e-05,-7e-05,0.0009,0,0,0,0.00014,2e-05,1e-05,0.00038,1e-05,-0,-0
96.66,-0.00026,8e-05,0,-0.00018,1e-05,0,-0.00154,-0.00207,-0.00103,0.00038,-0.0001,0.00016,1e-05,-0.00079,-0.0009,-0.00021,5e-05,2e-05,0.00011,-1e-05,-6e-05,0.00011,-6e-05,0.00083,0,0,0,0.00023,0,1e-05,0.00035,1e-05,-0,-0
96.68,-0.00011,8e-05,-1e-05,-6e-05,1e-05,0,-0.00224,-0.00118,-0.00154,0.00032,-0.00011,0.0002,2e-05,-0.00161,-0.00022,-0.00068,0.00016,3e-05,0.00014,-1e-05,-0.0001,0.00012,-4e-05,0.00077,0,0,0,0.0003,-1e-05,1e-05,0.00031,1e-05,-0,-0
96.7,-1e-05,8e-05,-2e-05,4e-05,2e-05,0,-0.00306,-0.00034,-0.00208,0.00031,-9e-05,0.00023,2e-05,-0.0025,0.00042,-0.00123,0.00025,3e-05,0.00016,-1e-05,-0.00012,0.00014,-3e-05,0.0007,0,0,0,0.00035,-2e-05,1e-05,0.00027,0,-0,-0
96.72,4e-05,7e-05,-3e-05,0.00011,2e-05,0,-0.00396,0.00032,-0.00244,0.00032,-3e-05,0.00025,3e-05,-0.00348,0.00092,-0.00186,0.00031,4e-05,0.00019,-0,-0.00012,0.00016,-3e-05,0.00065,0,0,0,0.00036,-2e-05,-0,0.00024,0,-0,-0
96.74,7e-05,6e-05,-4e-05,0.00014,3e-05,0,-0.00491,0.0007,-0.0026,0.00033,6e-05,0.00027,3e-05,-0.00452,0.00117,-0.00249,0.00033,3e-05,0.0002,-0,-0.0001,0.00018,-3e-05,0.00061,0,0,0,0.00032,-1e-05,-1e-05,0.00023,1e-05,-0,-0
96.76,0.00011,6e-05,-5e-05,0.00013,3e-05,0,-0.00591,0.00077,-0.00256,0.00031,0.00013,0.00028,4e-05,-0.00556,0.00108,-0.00304,0.00031,2e-05,0.00021,1e-05,-6e-05,0.00019,-4e-05,0.00059,0,0,0,0.00021,2e-05,-3e-05,0.00024,1e-05,-0,-0
96.78,0.00014,5e-05,-4e-05,0.00011,3e-05,0,-0.00698,0.00058,-0.00243,0.00024,0.00021,0.00028,3e-05,-0.0066,0.00064,-0.00373,0.00023,1e-05,0.0002,1e-05,-0,0.00019,-5e-05,0.00059,1e-05,0,0,3e-05,6e-05,-5e-05,0.00026,1e-05,-0,-0
96.8,0.00012,4e-05,-3e-05,7e-05,3e-05,0,-0.00812,0.00018,-0.0017,0.00015,0.00026,0.00028,2e-05,-0.00759,-0.00024,-0.00355,0.00012,0,0.00018,3e-05,6e-05,0.00019,-7e-05,0.00061,1e-05,0,0,-0.00023,0.00011,-7e-05,0.0003,1e-05,-0,-0
96.82,-2e-05,2e-05,1e-05,3e-05,3e-05,0,-0.00927,-0.00031,6e-05,0.00014,0.00029,0.00026,0,-0.00853,-0.00156,-0.00108,2e-05,-0,0.00015,4e-05,0.00013,0.00019,-9e-05,0.00064,1e-05,0,0,-0.00058,0.00017,-8e-05,0.00035,1e-05,-0,-0
96.84,-0.0003,1e-05,5e-05,-2e-05,3e-05,0,-0.01051,-0.00064,0.00168,0.00027,0.0003,0.00024,-1e-05,-0.00948,-0.00275,0.00164,1e-05,0,0.00011,5e-05,0.0002,0.00017,-0.00011,0.00069,2e-05,0,-0,-0.00101,0.00022,-9e-05,0.00041,2e-05,-0,-0
96.86,-0.00083,-1e-05,7e-05,-7e-05,3e-05,0,-0.01205,-0.00073,0.00259,0.00053,0.00032,0.00022,-3e-05,-0.01064,-0.00346,0.00345,0.00013,2e-05,7e-05,5e-05,0.00027,0.00015,-0.00014,0.00073,2e-05,-0,-0,-0.00148,0.00027,-9e-05,0.00048,2e-05,-0,-0
96.88,-0.00165,-2e-05,7e-05,-0.00013,2e-05,0,-0.01391,-0.00062,0.00288,0.00093,0.00033,0.00019,-3e-05,-0.01209,-0.00363,0.00449,0.00039,5e-05,4e-05,4e-05,0.00033,0.00012,-0.00018,0.00077,3e-05,-0,-0,-0.00195,0.0003,-8e-05,0.00054,2e-05,-0,-0
96.9,-0.00274,-2e-05,5e-05,-0.00019,2e-05,-0,-0.01604,-0.00044,0.00261,0.00134,0.00033,0.00016,-2e-05,-0.01381,-0.00342,0.00462,0.00073,8e-05,1e-05,3e-05,0.0004,8e-05,-0.0002,0.00081,3e-05,-0,-0,-0.00235,0.00033,-6e-05,0.0006,2e-05,-0,-0
96.92,-0.00383,-2e-05,-0,-0.00028,1e-05,-0,-0.01801,-0.0003,0.00218,0.00162,0.00034,0.00013,-0,-0.01548,-0.00299,0.00423,0.00099,0.00013,-1e-05,1e-05,0.00052,3e-05,-0.00022,0.00084,4e-05,-0,-0,-0.00259,0.00034,-4e-05,0.00067,3e-05,-0,-0
96.94,-0.00465,-0,-6e-05,-0.00037,1e-05,-0,-0.01939,-0.00017,0.00171,0.00176,0.00031,0.0001,3e-05,-0.0167,-0.00241,0.00359,0.00116,0.00016,-2e-05,0,0.00062,-2e-05,-0.00022,0.00086,4e-05,-0,-0,-0.00265,0.00035,-2e-05,0.00072,3e-05,0,-0
96.96,-0.00506,2e-05,-0.00011,-0.00046,1e-05,-0,-0.01993,-6e-05,0.00122,0.00177,0.00026,7e-05,5e-05,-0.01723,-0.00177,0.00281,0.00121,0.00017,-2e-05,-0,0.00068,-7e-05,-0.00021,0.00085,4e-05,-0,-0,-0.00251,0.00036,0,0.00075,3e-05,0,0
96.98,-0.00495,3e-05,-0.00015,-0.00052,1e-05,-0,-0.0195,1e-05,0.00078,0.00167,0.0002,4e-05,8e-05,-0.01695,-0.00114,0.002,0.00114,0.00015,-2e-05,-1e-05,0.00069,-0.00011,-0.00018,0.00083,4e-05,-0,-0,-0.00222,0.00035,3e-05,0.00075,2e-05,0,0
97,-0.00442,3e-05,-0.00017,-0.00054,1e-05,-0,-0.01811,3e-05,0.00046,0.00146,0.00014,2e-05,0.0001,-0.01585,-0.00063,0.00134,0.00095,0.00011,-2e-05,-1e-05,0.00061,-0.00015,-0.00016,0.00077,3e-05,-0,-0,-0.00183,0.00034,6e-05,0.00072,2e-05,0,0
97.02,-0.00368,2e-05,-0.00017,-0.00052,1e-05,0,-0.01597,3e-05,0.00028,0.00119,7e-05,1e-05,0.00011,-0.01411,-0.00029,0.00092,0.00068,6e-05,-1e-05,-0,0.00045,-0.00017,-0.00013,0.00069,3e-05,-0,-0,-0.00142,0.0003,8e-05,0.00065,2e-05,0,0
97.04,-0.00281,-1e-05,-0.00015,-0.00045,1e-05,0,-0.01336,-1e-05,0.00018,0.00092,3e-05,1e-05,0.00011,-0.01199,-6e-05,0.00062,0.00041,1e-05,-1e-05,1e-05,0.00028,-0.00018,-0.00011,0.00056,2e-05,-0,-0,-0.00101,0.00026,0.00011,0.00054,1e-05,0,0
97.06,-0.00188,-4e-05,-0.00013,-0.00035,1e-05,0,-0.01053,-6e-05,0.00013,0.00068,2e-05,1e-05,9e-05,-0.00973,6e-05,0.00039,0.00018,-0,0,1e-05,0.00014,-0.00018,-9e-05,0.00039,2e-05,-0,-0,-0.00061,0.0002,0.00013,0.0004,1e-05,0,0
97.08,-0.00102,-7e-05,-0.0001,-0.00022,1e-05,0,-0.00772,-0.00011,0.00012,0.00048,1e-05,1e-05,7e-05,-0.00752,8e-05,0.00024,0,-1e-05,1e-05,2e-05,4e-05,-0.00017,-8e-05,0.00019,1e-05,-0,-0,-0.00026,0.00013,0.00015,0.00024,0,0,0
97.1,-0.00032,-0.0001,-7e-05,-8e-05,0,0,-0.00524,-0.00012,0.00013,0.00032,0,1e-05,3e-05,-0.00557,4e-05,0.00014,-0.00011,1e-05,1e-05,3e-05,-3e-05,-0.00017,-6e-05,-2e-05,1e-05,-0,-0,6e-05,6e-05,0.00017,8e-05,-0,0,0
97.12,0.00017,-0.00013,-5e-05,6e-05,-0,0,-0.0033,-4e-05,0.0001,0.0002,-0,0,0,-0.00401,0,7e-05,-0.00016,3e-05,1e-05,4e-05,-6e-05,-0.00019,-3e-05,-0.0002,0,-0,-0,0.00033,-2e-05,0.00017,-8e-05,-1e-05,0,0
97.14,0.00045,-0.00016,-3e-05,0.00018,-1e-05,0,-0.00193,0.00017,1e-05,0.00013,-1e-05,0,-2e-05,-0.00286,3e-05,2e-05,-0.00015,6e-05,1e-05,4e-05,-8e-05,-0.00022,1e-05,-0.00035,-0,-0,-0,0.00056,-9e-05,0.00017,-0.0002,-1e-05,0,0
97.16,0.00054,-0.00018,-2e-05,0.00027,-1e-05,0,-0.0011,0.00053,-0.00011,8e-05,-1e-05,0,-3e-05,-0.00209,0.00018,-2e-05,-8e-05,8e-05,0,4e-05,-8e-05,-0.00028,6e-05,-0.00044,-1e-05,-0,0,0.00074,-0.00015,0.00017,-0.00028,-1e-05,0,0
97.18,0.00049,-0.0002,-1e-05,0.00033,-1e-05,0,-0.00075,0.00103,-0.00025,7e-05,-1e-05,1e-05,-2e-05,-0.00164,0.00044,-5e-05,3e-05,8e-05,-0,4e-05,-7e-05,-0.00035,0.00012,-0.00047,-1e-05,0,0,0.00087,-0.0002,0.00015,-0.00033,-1e-05,0,0
97.2,0.00039,-0.00022,-0,0.00036,-1e-05,0,-0.00077,0.00162,-0.00037,8e-05,0,2e-05,-1e-05,-0.00147,0.00079,-7e-05,0.00018,7e-05,0,3e-05,-5e-05,-0.00043,0.00017,-0.00044,-1e-05,0,0,0.00096,-0.00025,0.00014,-0.00032,-1e-05,0,0
97.22,0.00031,-0.00024,0,0.00037,-1e-05,0,-0.00104,0.0023,-0.00044,0.00011,5e-05,5e-05,-0,-0.00153,0.00127,-6e-05,0.00038,6e-05,1e-05,3e-05,-2e-05,-0.00049,0.00024,-0.00036,-2e-05,0,0,0.00099,-0.00028,0.00013,-0.00027,-1e-05,0,0
97.24,0.00025,-0.00025,0,0.00035,-2e-05,0,-0.00149,0.00295,-0.00043,0.00015,0.00013,8e-05,1e-05,-0.00175,0.00174,-4e-05,0.00063,4e-05,1e-05,2e-05,1e-05,-0.00054,0.0003,-0.00023,-2e-05,1e-05,0,0.00097,-0.00031,0.00013,-0.00019,-1e-05,0,0
97.26,0.00017,-0.00027,-0,0.00033,-1e-05,0,-0.00208,0.00338,-0.00032,0.00022,0.00024,0.00011,1e-05,-0.00209,0.00195,1e-05,0.00093,3e-05,2e-05,2e-05,2e-05,-0.00055,0.00035,-6e-05,-2e-05,1e-05,0,0.0009,-0.00032,0.00014,-7e-05,-0,0,0
97.28,-0,-0.00028,0,0.00029,-1e-05,-0,-0.00282,0.00349,-0.00016,0.00031,0.00035,0.00014,1e-05,-0.00253,0.00183,5e-05,0.00127,2e-05,2e-05,1e-05,1e-05,-0.00052,0.00038,0.00014,-2e-05,1e-05,0,0.00078,-0.00034,0.00015,6e-05,0,0,0
97.3,-0.00033,-0.00028,0,0.00026,-1e-05,-0,-0.00365,0.00331,-1e-05,0.00042,0.00048,0.00015,0,-0.00301,0.00142,4e-05,0.00164,2e-05,2e-05,0,-0,-0.00046,0.0004,0.00036,-2e-05,1e-05,0,0.00065,-0.00034,0.00016,0.00021,0,0,0
97.32,-0.00083,-0.00028,0,0.00024,-0,-0,-0.00452,0.00309,8e-05,0.00056,0.00063,0.00013,-1e-05,-0.00347,0.00096,-3e-05,0.00202,2e-05,2e-05,-0,-2e-05,-0.00035,0.00039,0.00058,-1e-05,1e-05,0,0.00051,-0.00032,0.00017,0.00037,1e-05,0,0
97.34,-0.00145,-0.00026,-0,0.00023,1e-05,-0,-0.00535,0.0028,5e-05,0.00071,0.00074,9e-05,-1e-05,-0.00383,0.00053,-0.00016,0.00234,2e-05,1e-05,-0,-4e-05,-0.00021,0.00037,0.0008,-1e-05,1e-05,0,0.0004,-0.00029,0.00017,0.00052,1e-05,0,0
97.36,-0.00203,-0.00023,-2e-05,0.00022,1e-05,-0,-0.00605,0.00238,-7e-05,0.00084,0.00077,3e-05,-1e-05,-0.00404,0.00011,-0.00035,0.00254,1e-05,-0,-0,-5e-05,-5e-05,0.00033,0.00099,-0,1e-05,0,0.0003,-0.00024,0.00016,0.00065,1e-05,0,0
97.38,-0.00243,-0.00019,-4e-05,0.00022,2e-05,-0,-0.00649,0.00203,-0.00025,0.00095,0.00076,-3e-05,-1e-05,-0.00403,-0.00011,-0.00055,0.00259,1e-05,-1e-05,-0,-6e-05,0.00011,0.00026,0.00112,-0,0,0,0.00021,-0.00018,0.00013,0.00074,2e-05,0,0
97.4,-0.00257,-0.00014,-7e-05,0.00022,3e-05,-0,-0.00657,0.00171,-0.00045,0.00098,0.00068,-8e-05,-0,-0.00381,-0.00016,-0.00072,0.00249,-0,-2e-05,0,-7e-05,0.00027,0.00019,0.00117,0,0,0,0.00013,-0.00012,8e-05,0.00079,2e-05,0,0
97.42,-0.00243,-9e-05,-0.0001,0.00024,4e-05,-0,-0.00625,0.00134,-0.0006,0.00094,0.00053,-0.0001,-0,-0.00346,-0.00014,-0.00083,0.00228,-1e-05,-3e-05,0,-6e-05,0.00041,0.00012,0.00112,1e-05,0,0,5e-05,-7e-05,3e-05,0.00077,2e-05,0,0
97.44,-0.00201,-4e-05,-0.00013,0.00027,4e-05,-0,-0.00556,0.00105,-0.00067,0.00082,0.00037,-0.00011,0,-0.00301,-2e-05,-0.00086,0.00199,-1e-05,-3e-05,1e-05,-4e-05,0.00051,4e-05,0.00095,1e-05,-0,-0,-6e-05,-3e-05,-2e-05,0.00067,2e-05,0,0
97.46,-0.00132,-0,-0.00014,0.00033,3e-05,0,-0.0046,0.00091,-0.00061,0.00063,0.00025,-0.0001,0,-0.00251,0.00022,-0.00078,0.00169,-0,-3e-05,1e-05,0,0.00058,-3e-05,0.00065,1e-05,-0,-0,-0.00018,1e-05,-7e-05,0.00049,1e-05,0,-0
97.48,-0.00048,2e-05,-0.00013,0.0004,3e-05,0,-0.00349,0.00089,-0.00044,0.00041,0.00016,-7e-05,0,-0.00202,0.00054,-0.00059,0.00138,0,-3e-05,1e-05,4e-05,0.00061,-0.0001,0.00024,1e-05,-0,-0,-0.00032,4e-05,-0.00012,0.00022,1e-05,-0,-0
97.5,0.00042,2e-05,-0.00011,0.00049,2e-05,0,-0.00247,0.00067,-0.00022,0.00017,9e-05,-5e-05,0,-0.00161,0.00055,-0.00036,0.00111,1e-05,-2e-05,1e-05,9e-05,0.00061,-0.00015,-0.00027,1e-05,-0,-0,-0.00046,6e-05,-0.00017,-0.00011,1e-05,-0,-0
97.52,0.00127,2e-05,-9e-05,0.00058,1e-05,0,-0.00171,0.00023,-1e-05,-4e-05,3e-05,-2e-05,-0,-0.00132,0.00023,-0.00013,0.00087,2e-05,-1e-05,1e-05,0.00015,0.00057,-0.00019,-0.00082,1e-05,-0,-0,-0.00058,7e-05,-0.00022,-0.00048,0,-0,-0
97.54,0.00198,-0,-6e-05,0.00065,0,0,-0.00115,-0.00016,0.00017,-0.00023,-1e-05,1e-05,-0,-0.00114,-7e-05,0.00011,0.00066,3e-05,0,1e-05,0.00021,0.00052,-0.00021,-0.00136,0,-1e-05,-0,-0.00065,7e-05,-0.00026,-0.00084,-0,-0,-0
97.56,0.00252,-3e-05,-1e-05,0.00071,-0,0,-0.0008,-0.00053,0.00029,-0.00039,-4e-05,3e-05,-0,-0.00103,-0.00036,0.00031,0.00045,2e-05,1e-05,1e-05,0.00024,0.00044,-0.00021,-0.00186,-0,-1e-05,-0,-0.00069,6e-05,-0.00031,-0.00118,-1e-05,-0,-0
97.58,0.00284,-5e-05,4e-05,0.00074,-1e-05,0,-0.00066,-0.00107,0.00032,-0.00052,-6e-05,4e-05,-0,-0.00102,-0.00075,0.00045,0.00025,2e-05,2e-05,1e-05,0.00024,0.00034,-0.00018,-0.00231,-1e-05,-0,-0,-0.00068,5e-05,-0.00036,-0.0015,-1e-05,-0,-0
97.6,0.00294,-7e-05,8e-05,0.00073,-1e-05,0,-0.00071,-0.00167,0.00029,-0.00062,-7e-05,5e-05,-0,-0.00111,-0.00117,0.00051,6e-05,0,3e-05,1e-05,0.00022,0.00024,-0.00012,-0.00265,-1e-05,-0,-0,-0.00061,3e-05,-0.00041,-0.00174,-2e-05,-1e-05,-0
97.62,0.00283,-8e-05,0.00011,0.00066,-1e-05,0,-0.00093,-0.00187,0.00023,-0.00068,-7e-05,5e-05,-1e-05,-0.00132,-0.00141,0.00051,-0.0001,-0,3e-05,1e-05,0.00018,0.00014,-5e-05,-0.00281,-1e-05,-0,-0,-0.00048,0,-0.00044,-0.00185,-2e-05,-1e-05,-0
97.64,0.00247,-8e-05,0.00013,0.00056,-1e-05,0,-0.00127,-0.00194,0.00015,-0.0007,-5e-05,4e-05,-1e-05,-0.00163,-0.00155,0.00044,-0.00021,0,3e-05,1e-05,0.00013,5e-05,3e-05,-0.00279,-2e-05,-0,-0,-0.00031,-2e-05,-0.00046,-0.00184,-2e-05,-1e-05,-0
97.66,0.00188,-7e-05,0.00015,0.00043,-1e-05,0,-0.00168,-0.00233,7e-05,-0.0007,-3e-05,3e-05,-1e-05,-0.00203,-0.00179,0.00029,-0.00029,1e-05,2e-05,2e-05,6e-05,-2e-05,0.0001,-0.00265,-2e-05,0,0,-0.0001,-5e-05,-0.00045,-0.00176,-2e-05,-1e-05,-0
97.68,0.00112,-6e-05,0.00015,0.00029,-1e-05,0,-0.00216,-0.00294,2e-05,-0.00068,-0,2e-05,-1e-05,-0.0025,-0.00203,0.00011,-0.00031,2e-05,1e-05,2e-05,0,-7e-05,0.00015,-0.00239,-2e-05,0,0,0.00013,-7e-05,-0.00044,-0.0016,-2e-05,-1e-05,-0
97.7,0.00025,-4e-05,0.00014,0.00017,-1e-05,0,-0.00267,-0.0036,-1e-05,-0.00065,2e-05,1e-05,0,-0.00301,-0.00225,-8e-05,-0.0003,3e-05,-1e-05,3e-05,-6e-05,-9e-05,0.00019,-0.00209,-2e-05,0,0,0.00036,-9e-05,-0.0004,-0.0014,-2e-05,-1e-05,-0
97.72,-0.00065,-2e-05,0.00012,7e-05,-1e-05,0,-0.00316,-0.00408,-1e-05,-0.00062,6e-05,-0,1e-05,-0.00348,-0.00241,-0.00025,-0.00025,4e-05,-1e-05,4e-05,-0.0001,-8e-05,0.00023,-0.00182,-2e-05,0,0,0.00057,-0.0001,-0.00035,-0.00122,-1e-05,-1e-05,-0
97.74,-0.00148,-1e-05,0.0001,1e-05,-1e-05,0,-0.00369,-0.00432,-1e-05,-0.00058,9e-05,-0,3e-05,-0.00395,-0.00243,-0.00038,-0.00018,4e-05,-2e-05,5e-05,-0.00013,-3e-05,0.00025,-0.00156,-2e-05,0,0,0.00075,-0.0001,-0.00029,-0.00103,-1e-05,-0,-0
97.76,-0.00214,0,8e-05,-2e-05,-1e-05,0,-0.00437,-0.00427,-2e-05,-0.00054,0.0001,-0,5e-05,-0.00449,-0.0023,-0.00045,-0.0001,4e-05,-1e-05,6e-05,-0.00016,6e-05,0.00025,-0.0013,-2e-05,0,0,0.00087,-0.0001,-0.00023,-0.00085,-1e-05,-0,-0
97.78,-0.00258,1e-05,5e-05,-3e-05,-0,0,-0.00521,-0.00376,-5e-05,-0.00047,9e-05,1e-05,6e-05,-0.0051,-0.00198,-0.00046,-0,4e-05,-0,6e-05,-0.0002,0.00017,0.00023,-0.00105,-1e-05,0,0,0.00093,-0.0001,-0.00017,-0.00066,-0,-0,-0
97.8,-0.00273,1e-05,3e-05,-2e-05,-0,0,-0.00605,-0.00307,-8e-05,-0.00037,7e-05,2e-05,6e-05,-0.00569,-0.00158,-0.00042,0.0001,3e-05,1e-05,6e-05,-0.00024,0.00028,0.00019,-0.00082,-1e-05,0,0,0.00093,-9e-05,-0.00013,-0.00051,-0,-0,0
97.82,-0.00257,1e-05,2e-05,0,-0,0,-0.0067,-0.00243,-0.00012,-0.00023,4e-05,3e-05,5e-05,-0.00613,-0.00121,-0.00035,0.00021,3e-05,2e-05,6e-05,-0.00026,0.00039,0.00013,-0.00064,-0,0,0,0.0009,-9e-05,-9e-05,-0.00038,-0,-0,0
97.84,-0.00223,0,1e-05,1e-05,-0,0,-0.00722,-0.00171,-0.00015,-4e-05,1e-05,3e-05,4e-05,-0.00644,-0.00083,-0.00027,0.00031,3e-05,3e-05,5e-05,-0.00027,0.00045,9e-05,-0.00047,-0,0,0,0.00082,-8e-05,-6e-05,-0.00027,0,-0,0
97.86,-0.00177,-0,0,1e-05,-0,0,-0.00762,-0.00095,-0.00015,0.00018,0,3e-05,3e-05,-0.00662,-0.00047,-0.00017,0.00041,3e-05,4e-05,4e-05,-0.00028,0.00046,5e-05,-0.00034,0,-0,-0,0.00072,-7e-05,-3e-05,-0.00018,0,-0,0
97.88,-0.00125,-1e-05,-1e-05,0,-0,0,-0.00776,-0.00032,-0.00011,0.00043,-0,3e-05,1e-05,-0.00659,-0.00018,-8e-05,0.0005,2e-05,4e-05,3e-05,-0.00027,0.00042,2e-05,-0.00023,0,-0,-0,0.0006,-7e-05,-1e-05,-0.00011,0,-0,0
97.9,-0.00068,-2e-05,-2e-05,-2e-05,-0,0,-0.00772,4e-05,-5e-05,0.00068,0,3e-05,-0,-0.00639,-3e-05,-2e-05,0.00057,1e-05,4e-05,2e-05,-0.00025,0.00034,-0,-0.00014,0,-0,-0,0.00047,-6e-05,2e-05,-6e-05,0,0,-0
97.92,-0.00012,-2e-05,-4e-05,-4e-05,-0,0,-0.0076,0.00018,1e-05,0.00091,1e-05,2e-05,-2e-05,-0.0061,1e-05,0,0.00063,0,4e-05,1e-05,-0.00022,0.00023,-1e-05,-8e-05,1e-05,-0,-0,0.00035,-5e-05,4e-05,-2e-05,0,0,-0
97.94,0.00032,-2e-05,-6e-05,-6e-05,-0,0,-0.00722,0.00018,6e-05,0.00108,1e-05,1e-05,-3e-05,-0.00563,-1e-05,-1e-05,0.00067,-1e-05,3e-05,-0,-0.00018,0.0001,-1e-05,-4e-05,1e-05,-0,-0,0.00025,-3e-05,6e-05,1e-05,-0,0,0
97.96,0.00065,-2e-05,-8e-05,-8e-05,0,0,-0.00644,3e-05,0.00011,0.00116,2e-05,0,-4e-05,-0.00494,-8e-05,-4e-05,0.00068,-1e-05,3e-05,-2e-05,-0.00015,-3e-05,-1e-05,-1e-05,0,-0,-0,0.00017,-2e-05,7e-05,2e-05,-0,0,0
97.98,0.00088,-2e-05,-0.0001,-8e-05,0,0,-0.00528,-0.00021,0.00016,0.0011,3e-05,-1e-05,-4e-05,-0.00405,-0.00017,-0.0001,0.00063,-2e-05,2e-05,-3e-05,-0.00013,-0.00016,0,0,0,-0,-0,0.00011,-1e-05,9e-05,3e-05,-0,0,0
98,0.00102,-1e-05,-0.00011,-7e-05,0,0,-0.00392,-0.00047,0.00021,0.0009,3e-05,-1e-05,-4e-05,-0.00308,-0.00025,-0.00015,0.00052,-2e-05,1e-05,-4e-05,-0.00011,-0.00026,1e-05,1e-05,0,-0,-0,6e-05,1e-05,0.0001,3e-05,-0,0,0
98.02,0.00106,-0,-0.00012,-4e-05,-0,0,-0.0025,-0.00072,0.00029,0.00057,4e-05,-1e-05,-4e-05,-0.00213,-0.0003,-0.00018,0.00032,-2e-05,0,-5e-05,-0.0001,-0.00034,2e-05,1e-05,0,-0,-0,3e-05,2e-05,0.00011,3e-05,-0,0,0
98.04,0.00103,1e-05,-0.00013,-0,-0,0,-0.00102,-0.00092,0.00042,0.00011,3e-05,-1e-05,-3e-05,-0.00118,-0.00032,-0.00018,3e-05,-0,-1e-05,-5e-05,-9e-05,-0.00039,2e-05,0,0,-0,-0,1e-05,3e-05,0.00012,3e-05,-0,0,0
98.06,0.00095,2e-05,-0.00012,4e-05,-0,0,0.00041,-0.00104,0.0006,-0.00044,3e-05,-1e-05,-2e-05,-0.00026,-0.00028,-0.0001,-0.00036,1e-05,-1e-05,-5e-05,-9e-05,-0.00041,3e-05,-1e-05,0,-0,-0,-0,3e-05,0.00013,3e-05,-1e-05,0,0
98.08,0.00083,3e-05,-0.00011,0.0001,-1e-05,0,0.00162,-0.00105,0.00085,-0.00103,3e-05,-1e-05,-2e-05,0.00057,-0.0002,5e-05,-0.00082,2e-05,-2e-05,-5e-05,-9e-05,-0.0004,2e-05,-3e-05,0,-0,-0,1e-05,3e-05,0.00014,2e-05,-1e-05,0,0
98.1,0.00068,5e-05,-9e-05,0.00015,-1e-05,0,0.00249,-0.001,0.00113,-0.00159,2e-05,-0,-1e-05,0.00124,-9e-05,0.00028,-0.00135,3e-05,-2e-05,-4e-05,-0.0001,-0.00038,2e-05,-5e-05,-0,-0,-0,3e-05,2e-05,0.00015,1e-05,-1e-05,0,0
98.12,0.00047,6e-05,-7e-05,0.0002,-1e-05,-0,0.00308,-0.00093,0.00141,-0.00206,1e-05,1e-05,-0,0.00175,2e-05,0.00058,-0.0019,4e-05,-1e-05,-3e-05,-0.00012,-0.00034,2e-05,-7e-05,-0,-0,-0,8e-05,0,0.00016,-0,-2e-05,0,0
98.14,0.00026,8e-05,-5e-05,0.00024,-2e-05,-0,0.00332,-0.0008,0.00164,-0.00238,-0,2e-05,-0,0.00208,0.00013,0.00092,-0.00245,3e-05,-1e-05,-2e-05,-0.00014,-0.0003,3e-05,-0.0001,-1e-05,-0,-0,0.00015,-3e-05,0.00017,-2e-05,-2e-05,0,0
98.16,8e-05,0.0001,-2e-05,0.00027,-2e-05,-0,0.00312,-0.00061,0.00179,-0.00251,-0,4e-05,0,0.00217,0.00024,0.00124,-0.00296,2e-05,0,-2e-05,-0.00017,-0.00026,4e-05,-0.00012,-1e-05,-0,-0,0.00024,-6e-05,0.00017,-4e-05,-3e-05,0,0
98.18,-8e-05,0.00012,-0,0.00029,-3e-05,-0,0.00256,-0.0004,0.00182,-0.00243,1e-05,6e-05,0,0.00201,0.00031,0.00148,-0.0034,1e-05,1e-05,-1e-05,-0.0002,-0.00022,7e-05,-0.00015,-1e-05,-0,-0,0.00036,-0.0001,0.00017,-5e-05,-3e-05,0,0
98.2,-0.0002,0.00014,1e-05,0.0003,-4e-05,-0,0.00182,-0.00022,0.00176,-0.00215,4e-05,7e-05,0,0.00167,0.00037,0.00159,-0.00366,-0,2e-05,-1e-05,-0.00024,-0.00017,0.0001,-0.00018,-2e-05,-0,-0,0.00051,-0.00013,0.00016,-7e-05,-4e-05,0,0
98.22,-0.0003,0.00014,3e-05,0.0003,-5e-05,-0,0.00112,-0.00011,0.00168,-0.0017,0.00012,8e-05,0,0.00132,0.00044,0.00155,-0.0036,-0,2e-05,-1e-05,-0.00027,-0.00012,0.00013,-0.0002,-3e-05,-0,-0,0.00067,-0.00015,0.00014,-9e-05,-4e-05,0,0
98.24,-0.0004,0.00012,5e-05,0.00027,-6e-05,-0,0.00059,-4e-05,0.00161,-0.00121,0.00022,0.00011,-0,0.00101,0.00051,0.00139,-0.00326,1e-05,1e-05,-1e-05,-0.0003,-7e-05,0.00018,-0.00022,-3e-05,-0,-0,0.00084,-0.00015,0.0001,-0.00011,-5e-05,0,0
98.26,-0.00052,9e-05,6e-05,0.00024,-6e-05,-0,0.00027,0,0.00154,-0.00076,0.0003,0.00013,-0,0.00077,0.0006,0.0012,-0.00283,2e-05,1e-05,-1e-05,-0.00031,-1e-05,0.00022,-0.00024,-4e-05,-0,0,0.00101,-0.00014,4e-05,-0.00013,-5e-05,0,0
98.28,-0.00064,6e-05,7e-05,0.0002,-7e-05,-0,0.00016,1e-05,0.00146,-0.00037,0.00031,0.00014,-0,0.00063,0.00075,0.00101,-0.00232,3e-05,0,-1e-05,-0.00032,6e-05,0.00025,-0.00024,-4e-05,0,0,0.00119,-0.00011,-4e-05,-0.00014,-5e-05,-0,0
98.3,-0.00083,2e-05,8e-05,0.00016,-8e-05,0,8e-05,1e-05,0.00132,-4e-05,0.00028,0.00013,0,0.00044,0.00099,0.00082,-0.0019,2e-05,0,-1e-05,-0.00032,0.00014,0.00028,-0.00024,-4e-05,0,0,0.00135,-8e-05,-0.00012,-0.00014,-5e-05,-0,-0
98.32,-0.00116,-2e-05,9e-05,0.00011,-9e-05,0,-0.00011,0,0.00106,0.00036,0.00022,0.0001,-0,0.00014,0.00128,0.0006,-0.00165,2e-05,2e-05,-2e-05,-0.00032,0.00022,0.00029,-0.00024,-4e-05,0,0,0.00146,-7e-05,-0.00017,-0.00014,-5e-05,-0,-0
98.34,-0.00156,-5e-05,0.0001,6e-05,-0.00011,0,-0.00048,-0,0.00072,0.00093,0.00011,5e-05,-0,-0.00025,0.0016,0.00034,-0.00138,0,2e-05,-2e-05,-0.00031,0.0003,0.00029,-0.00022,-4e-05,0,0,0.00151,-7e-05,-0.00018,-0.00013,-4e-05,-0,-0
98.36,-0.00191,-5e-05,0.00011,2e-05,-0.00012,0,-0.00109,0,0.00038,0.00155,1e-05,0,-0,-0.00074,0.00192,9e-05,-0.00099,0,1e-05,-2e-05,-0.00029,0.00038,0.00027,-0.0002,-4e-05,0,0,0.00149,-9e-05,-0.00015,-0.00012,-4e-05,-0,-0
98.38,-0.00221,-4e-05,0.00012,-0,-0.00013,0,-0.00186,1e-05,0.0001,0.0021,-0,2e-05,-0,-0.0013,0.00215,-8e-05,-0.00058,1e-05,0,-1e-05,-0.00027,0.00044,0.00023,-0.00018,-3e-05,0,0,0.0014,-0.00012,-0.0001,-0.0001,-3e-05,-0,-0
98.4,-0.00244,-1e-05,0.00012,-1e-05,-0.00012,0,-0.00255,0,-0.00011,0.00239,0.00011,0.00012,-0,-0.00183,0.00217,-0.00012,-0.00017,3e-05,-0,-1e-05,-0.00025,0.00049,0.00017,-0.00015,-3e-05,0,0,0.00126,-0.00016,-5e-05,-8e-05,-3e-05,-0,-0
98.42,-0.00256,1e-05,0.0001,-1e-05,-9e-05,0,-0.00291,-6e-05,-0.00019,0.00234,0.00054,0.00036,0,-0.00214,0.00201,-6e-05,0.00015,7e-05,1e-05,-1e-05,-0.00023,0.00052,0.00011,-0.00011,-2e-05,0,0,0.0011,-0.0002,0,-6e-05,-2e-05,-0,0
98.44,-0.00252,3e-05,6e-05,-1e-05,-6e-05,0,-0.00284,-0.0001,-0.00013,0.0021,0.0011,0.0006,-0,-0.00225,0.00189,-2e-05,0.00036,0.00011,2e-05,-0,-0.0002,0.00052,6e-05,-8e-05,-2e-05,0,0,0.00091,-0.00023,6e-05,-3e-05,-2e-05,0,0
98.46,-0.00229,4e-05,2e-05,-0,-4e-05,0,-0.00263,-7e-05,-4e-05,0.00185,0.00148,0.00073,-0,-0.0023,0.00185,-9e-05,0.00049,0.00012,3e-05,-0,-0.00015,0.00049,2e-05,-5e-05,-1e-05,0,0,0.00071,-0.00025,0.00011,-2e-05,-1e-05,0,0
98.48,-0.00193,5e-05,-2e-05,1e-05,-2e-05,0,-0.00235,1e-05,-0,0.00162,0.00169,0.00074,-0,-0.00228,0.00188,-0.00027,0.00055,0.00011,3e-05,0,-0.0001,0.00044,-0,-2e-05,-1e-05,0,0,0.00051,-0.00026,0.00015,0,-1e-05,0,0
98.5,-0.00149,5e-05,-4e-05,1e-05,-1e-05,0,-0.00215,8e-05,0,0.00138,0.00166,0.00066,-0,-0.00222,0.00179,-0.00045,0.00055,8e-05,1e-05,1e-05,-4e-05,0.00037,-2e-05,1e-05,-0,0,0,0.00032,-0.00027,0.00017,1e-05,-1e-05,0,0
98.52,-0.00102,5e-05,-5e-05,1e-05,1e-05,0,-0.00199,9e-05,-1e-05,0.0011,0.00131,0.00051,-0,-0.00212,0.00149,-0.00051,0.00052,3e-05,0,1e-05,3e-05,0.0003,-3e-05,3e-05,-0,0,0,0.00016,-0.00025,0.00017,2e-05,-0,0,0
98.54,-0.0006,4e-05,-6e-05,0,1e-05,0,-0.00178,9e-05,-1e-05,0.00083,0.00091,0.00035,-0,-0.00187,0.00108,-0.00047,0.00045,0,-0,2e-05,9e-05,0.00024,-4e-05,5e-05,0,0,0,3e-05,-0.00023,0.00015,3e-05,0,0,0
98.56,-0.00027,4e-05,-6e-05,-0,2e-05,0,-0.00147,8e-05,-2e-05,0.00058,0.00061,0.00023,-0,-0.00148,0.00064,-0.00036,0.00035,-0,-0,2e-05,0.00013,0.0002,-5e-05,6e-05,0,0,0,-5e-05,-0.00018,0.00012,3e-05,0,0,0
98.58,-3e-05,4e-05,-5e-05,-1e-05,2e-05,0,-0.00111,7e-05,-4e-05,0.00037,0.00039,0.00014,-0,-0.00099,0.00014,-0.00018,0.00024,1e-05,2e-05,2e-05,0.00017,0.00017,-5e-05,6e-05,0,0,0,-9e-05,-0.00013,7e-05,3e-05,0,0,0
98.6,0.00014,3e-05,-5e-05,-1e-05,2e-05,0,-0.00077,5e-05,-5e-05,0.00019,0.00024,8e-05,-0,-0.00049,-0.00042,6e-05,0.00014,4e-05,4e-05,2e-05,0.00018,0.00016,-6e-05,6e-05,0,0,0,-0.00011,-7e-05,1e-05,2e-05,1e-05,-0,-0
98.62,0.00024,3e-05,-4e-05,-1e-05,2e-05,0,-0.00047,4e-05,-6e-05,7e-05,0.00014,5e-05,0,-1e-05,-0.001,0.00036,4e-05,0.0001,6e-05,2e-05,0.00018,0.00016,-7e-05,5e-05,0,0,0,-0.0001,-1e-05,-5e-05,1e-05,1e-05,-0,-0
98.64,0.00029,3e-05,-3e-05,-1e-05,2e-05,0,-0.00021,3e-05,-7e-05,-2e-05,9e-05,3e-05,0,0.0004,-0.00156,0.00068,-4e-05,0.00015,8e-05,2e-05,0.00016,0.00018,-7e-05,4e-05,0,0,0,-7e-05,3e-05,-0.0001,0,1e-05,-0,-0
98.66,0.0003,3e-05,-2e-05,-0,1e-05,0,0,3e-05,-7e-05,-7e-05,5e-05,1e-05,0,0.00072,-0.00208,0.001,-0.0001,0.00017,9e-05,1e-05,0.00013,0.0002,-8e-05,3e-05,0,0,0,-3e-05,7e-05,-0.00014,-1e-05,1e-05,-0,-0
98.68,0.0003,3e-05,-2e-05,0,1e-05,0,0.00017,3e-05,-7e-05,-9e-05,3e-05,1e-05,0,0.00093,-0.00253,0.00128,-0.00015,0.00015,8e-05,0,0.0001,0.00023,-8e-05,2e-05,0,0,0,1e-05,9e-05,-0.00016,-1e-05,1e-05,-0,-0
98.7,0.00028,3e-05,-1e-05,1e-05,1e-05,0,0.00027,4e-05,-6e-05,-9e-05,1e-05,0,0,0.00104,-0.0028,0.00145,-0.00018,0.00011,7e-05,-1e-05,6e-05,0.00026,-9e-05,0,0,-0,-0,7e-05,0.0001,-0.00017,-2e-05,0,-0,-0
98.72,0.00025,3e-05,-0,1e-05,0,-0,0.00034,4e-05,-5e-05,-7e-05,0,0,0,0.00113,-0.00277,0.00142,-0.0002,5e-05,5e-05,-2e-05,2e-05,0.00028,-9e-05,-1e-05,0,-0,-0,0.00012,0.0001,-0.00017,-3e-05,0,-0,-0
98.74,0.00022,3e-05,0,1e-05,0,-0,0.00038,5e-05,-4e-05,-5e-05,-0,-0,0,0.00118,-0.00252,0.00123,-0.00022,1e-05,3e-05,-2e-05,-1e-05,0.00031,-0.0001,-2e-05,0,-0,-0,0.00016,8e-05,-0.00016,-3e-05,0,-0,-0
98.76,0.0002,3e-05,1e-05,1e-05,-0,-0,0.0004,5e-05,-2e-05,-4e-05,-1e-05,-0,0,0.00117,-0.00214,0.00097,-0.00023,-0,1e-05,-2e-05,-4e-05,0.00033,-0.0001,-3e-05,0,-0,-0,0.00021,7e-05,-0.00014,-3e-05,0,-0,-0
98.78,0.00019,3e-05,1e-05,1e-05,-0,-0,0.00039,5e-05,-0,-3e-05,-2e-05,-0,0,0.0011,-0.00164,0.00066,-0.00022,1e-05,0,-2e-05,-6e-05,0.00034,-0.00011,-3e-05,0,-0,-0,0.00024,5e-05,-0.00012,-4e-05,0,-0,-0
98.8,0.00019,2e-05,1e-05,1e-05,-0,-0,0.00038,5e-05,1e-05,-5e-05,-3e-05,-0,0,0.00097,-0.00116,0.00041,-0.00021,3e-05,-0,-1e-05,-8e-05,0.00035,-0.00011,-4e-05,0,-0,-0,0.00026,3e-05,-0.0001,-4e-05,0,-0,-0
98.82,0.0002,2e-05,1e-05,0,-0,-0,0.00036,4e-05,3e-05,-0.0001,-5e-05,-1e-05,0,0.00078,-0.00082,0.00027,-0.00018,5e-05,-1e-05,-1e-05,-9e-05,0.00036,-0.00012,-4e-05,0,-0,-0,0.00028,2e-05,-9e-05,-4e-05,0,-0,-0
98.84,0.00022,2e-05,2e-05,0,0,-0,0.00034,5e-05,3e-05,-0.00017,-7e-05,-0,0,0.00061,-0.0006,0.00019,-0.00015,5e-05,-1e-05,-1e-05,-0.00011,0.00037,-0.00012,-4e-05,0,-0,-0,0.00028,1e-05,-8e-05,-4e-05,0,-0,-0
98.86,0.00023,2e-05,1e-05,0,1e-05,-0,0.00033,5e-05,3e-05,-0.00029,-8e-05,-0,0,0.00049,-0.00052,0.0002,-0.00014,4e-05,-0,-0,-0.00012,0.00039,-0.00012,-4e-05,1e-05,-0,-0,0.00028,1e-05,-8e-05,-4e-05,0,-0,-0
98.88,0.00025,2e-05,1e-05,0,1e-05,-0,0.00032,6e-05,3e-05,-0.00045,-8e-05,1e-05,-0,0.0004,-0.00057,0.00027,-0.00013,2e-05,0,-0,-0.00013,0.0004,-0.00013,-4e-05,1e-05,-0,-0,0.00027,1e-05,-8e-05,-3e-05,0,-0,-0
98.9,0.00026,3e-05,1e-05,-0,2e-05,0,0.00032,6e-05,2e-05,-0.00065,-6e-05,3e-05,-0,0.00032,-0.00067,0.00035,-0.00014,-0,1e-05,0,-0.00013,0.00042,-0.00013,-3e-05,1e-05,-0,-0,0.00025,1e-05,-8e-05,-3e-05,1e-05,-0,-0
98.92,0.00026,5e-05,1e-05,-0,3e-05,0,0.00029,7e-05,1e-05,-0.00087,-2e-05,6e-05,-0,0.00029,-0.0007,0.00037,-0.00017,-1e-05,2e-05,0,-0.00014,0.00044,-0.00013,-2e-05,1e-05,-0,-0,0.00022,2e-05,-8e-05,-2e-05,1e-05,-0,-0
98.94,0.00024,7e-05,1e-05,-0,4e-05,0,0.00025,7e-05,-1e-05,-0.00109,5e-05,0.00011,-0,0.00024,-0.00062,0.00029,-0.00021,1e-05,3e-05,-0,-0.00015,0.00046,-0.00012,-1e-05,1e-05,-0,-0,0.0002,2e-05,-8e-05,-1e-05,2e-05,0,-0
98.96,0.00022,0.00011,1e-05,-0,5e-05,0,0.00019,7e-05,-3e-05,-0.0013,0.00015,0.00017,-0,0.00015,-0.00045,0.00014,-0.00025,5e-05,4e-05,-0,-0.00017,0.00047,-0.00011,0,2e-05,-0,-0,0.00017,1e-05,-8e-05,-0,2e-05,0,0
98.98,0.00017,0.00017,1e-05,0,6e-05,0,0.0001,5e-05,-5e-05,-0.00149,0.00021,0.00022,-0,2e-05,-0.00022,-2e-05,-0.00027,8e-05,4e-05,-0,-0.00018,0.00049,-0.0001,2e-05,2e-05,-0,-0,0.00015,0,-7e-05,1e-05,3e-05,0,0
99,0.00011,0.00024,1e-05,0,5e-05,-0,-0,3e-05,-8e-05,-0.00162,0.00031,0.00028,0,-0.00014,1e-05,-0.00014,-0.00026,0.00011,4e-05,-0,-0.0002,0.00051,-8e-05,3e-05,2e-05,-0,-0,0.00013,-1e-05,-6e-05,2e-05,4e-05,0,0
99.02,1e-05,0.00033,0,1e-05,3e-05,-0,-4e-05,-1e-05,-0.0001,-0.00166,0.00054,0.00039,1e-05,-0.00027,0.00019,-0.00023,-0.0002,0.00012,4e-05,-0,-0.00022,0.00054,-6e-05,5e-05,3e-05,-0,-0,0.00012,-3e-05,-6e-05,4e-05,4e-05,0,0
99.04,-0.00011,0.00043,-0,1e-05,0,-0,-3e-05,-4e-05,-0.00011,-0.00171,0.00065,0.00046,1e-05,-0.00033,0.0003,-0.00025,-0.0001,0.00011,3e-05,0,-0.00025,0.00058,-3e-05,6e-05,3e-05,-0,-0,0.00012,-4e-05,-5e-05,6e-05,5e-05,0,0
99.06,-0.00025,0.00054,-0,1e-05,-2e-05,-0,-3e-05,-3e-05,-0.00016,-0.00174,0.00054,0.00045,1e-05,-0.00031,0.00032,-0.00023,-1e-05,9e-05,3e-05,0,-0.00027,0.00062,-1e-05,7e-05,3e-05,-0,-0,0.00013,-6e-05,-5e-05,9e-05,6e-05,0,0
99.08,-0.00041,0.00065,-1e-05,1e-05,-5e-05,-0,-4e-05,3e-05,-0.00029,-0.00171,0.00037,0.00039,1e-05,-0.00026,0.00028,-0.00018,8e-05,8e-05,2e-05,0,-0.00029,0.00066,3e-05,7e-05,3e-05,-0,-0,0.00015,-6e-05,-6e-05,0.00011,6e-05,0,0
99.1,-0.00058,0.00075,-2e-05,1e-05,-7e-05,-0,-4e-05,7e-05,-0.00045,-0.00143,0.00014,0.00025,1e-05,-0.00018,0.00017,-0.00014,0.00015,6e-05,1e-05,0,-0.0003,0.00072,6e-05,6e-05,3e-05,-0,-0,0.00015,-7e-05,-6e-05,0.00013,6e-05,0,0
99.12,-0.00073,0.00081,-2e-05,1e-05,-9e-05,-0,7e-05,5e-05,-0.0005,-0.00096,-1e-05,7e-05,3e-05,-0.0001,1e-05,-0.00015,0.00023,4e-05,-0,0,-0.00029,0.00077,0.00011,3e-05,2e-05,-0,-0,0.00014,-8e-05,-6e-05,0.00015,7e-05,0,0
99.14,-0.00083,0.00083,-3e-05,-1e-05,-0.00011,-0,0.00029,2e-05,-0.00044,-0.00053,2e-05,-3e-05,7e-05,-6e-05,-0.00019,-0.00021,0.00032,2e-05,-0,0,-0.00026,0.00084,0.00016,-1e-05,2e-05,-0,-0,0.00012,-9e-05,-6e-05,0.00017,7e-05,0,0
99.16,-0.00086,0.00082,-2e-05,-3e-05,-0.00012,-0,0.00053,1e-05,-0.00035,-0.00026,0.00013,-5e-05,9e-05,-0.0001,-0.00048,-0.00031,0.0004,1e-05,-1e-05,0,-0.00021,0.0009,0.00021,-6e-05,1e-05,0,-0,6e-05,-0.0001,-5e-05,0.00017,6e-05,0,0
99.18,-0.00079,0.00078,-1e-05,-5e-05,-0.00014,-0,0.00061,0,-0.00023,-0.0001,0.00021,-1e-05,0.00011,-0.00026,-0.00089,-0.0004,0.00046,0,-1e-05,-0,-0.00015,0.00097,0.00026,-0.00012,1e-05,0,-0,-1e-05,-0.00011,-5e-05,0.00016,6e-05,0,0
99.2,-0.00062,0.00071,0,-8e-05,-0.00015,-0,0.00054,-2e-05,-0.00016,-6e-05,0.00021,2e-05,0.00011,-0.00042,-0.0014,-0.00045,0.00048,-0,-1e-05,-0,-9e-05,0.00104,0.0003,-0.00017,0,0,-0,-0.0001,-0.00012,-5e-05,0.00015,5e-05,0,0
99.22,-0.00035,0.00063,2e-05,-0.00013,-0.00014,-0,0.00053,-4e-05,-0.00018,-7e-05,0.0001,1e-05,8e-05,-0.00037,-0.00183,-0.00042,0.00042,-0,-1e-05,-0,-5e-05,0.00113,0.00033,-0.00018,-1e-05,-0,-0,-0.0002,-0.00013,-5e-05,0.00013,4e-05,0,0
99.24,3e-05,0.00054,4e-05,-0.00018,-0.00013,-0,0.00053,-7e-05,-0.00022,-4e-05,2e-05,-0,6e-05,-0.00022,-0.00211,-0.00033,0.00026,-0,-0,-0,-3e-05,0.00123,0.00035,-0.00016,-1e-05,-0,-0,-0.0003,-0.00013,-7e-05,0.00012,3e-05,0,0
99.26,0.0005,0.00044,6e-05,-0.00021,-0.0001,-0,0.00042,-0.00016,-0.00024,-4e-05,-0,-1e-05,4e-05,-9e-05,-0.00225,-0.00021,1e-05,-0,0,0,1e-05,0.00134,0.00035,-0.0001,-2e-05,-0,-0,-0.00035,-0.00011,-0.0001,4e-05,0,0,-0
99.28,0.00106,0.00034,8e-05,-0.00024,-7e-05,-0,0.00036,-0.00026,-0.0002,-0.00012,4e-05,-0,2e-05,9e-05,-0.00217,-0.0001,-0.00033,-0,1e-05,0,7e-05,0.00143,0.00034,-3e-05,-2e-05,-0,-0,-0.00035,-9e-05,-0.00013,-8e-05,-3e-05,-0,-1e-05
99.3,0.00164,0.00023,0.00011,-0.00025,-5e-05,-0,0.00034,-0.00034,-0.0001,-0.0003,0.00012,2e-05,1e-05,0.00023,-0.00195,-2e-05,-0.00071,-0,1e-05,0,0.00022,0.0015,0.00032,5e-05,-2e-05,-0,-0,-0.00031,-8e-05,-0.00018,-0.00025,-6e-05,-1e-05,-2e-05
99.32,0.00212,0.00013,0.00015,-0.00025,-2e-05,-0,0.00029,-0.00038,2e-05,-0.00048,0.00022,4e-05,1e-05,0.00024,-0.00171,3e-05,-0.00099,-0,2e-05,0,0.00051,0.00153,0.00029,0.0001,-2e-05,-0,-0,-0.00024,-0.00011,-0.00022,-0.00052,-9e-05,-2e-05,-4e-05
99.34,0.00249,3e-05,0.00021,-0.00023,-0,-0,0.00025,-0.00038,0.00014,-0.00061,0.00029,7e-05,0,0.00021,-0.00147,4e-05,-0.00116,-0,2e-05,-0,0.00101,0.00148,0.00026,8e-05,-2e-05,-0,-0,-0.00019,-0.0002,-0.00025,-0.00096,-0.00012,-3e-05,-6e-05
99.36,0.0028,-7e-05,0.00028,-0.00022,2e-05,-0,0.00022,-0.00034,0.00021,-0.00069,0.00034,8e-05,0,0.0002,-0.00119,2e-05,-0.00122,-0,2e-05,-1e-05,0.00175,0.00132,0.00022,-3e-05,-2e-05,-0,-0,-0.0002,-0.00032,-0.00024,-0.00162,-0.00016,-4e-05,-8e-05
99.38,0.00304,-0.00018,0.00039,-0.0002,3e-05,-0,0.0002,-0.00027,0.00024,-0.0007,0.00029,8e-05,-0,0.0002,-0.00088,-1e-05,-0.00117,-0,1e-05,-1e-05,0.0027,0.00102,0.00019,-0.00027,-2e-05,-0,-0,-0.00031,-0.00044,-0.00017,-0.0025,-0.0002,-5e-05,-0.00012
99.4,0.00323,-0.0003,0.00051,-0.00019,4e-05,-0,0.00015,-0.00023,0.00024,-0.00067,0.0002,6e-05,-0,0.00019,-0.00062,-5e-05,-0.00104,-0,1e-05,-1e-05,0.00391,0.00057,0.00015,-0.00059,-3e-05,-0,-0,-0.00061,-0.00046,-8e-05,-0.00356,-0.00026,-7e-05,-0.00015
99.42,0.0034,-0.00043,0.00066,-0.00018,5e-05,-0,7e-05,-0.00024,0.00024,-0.00065,0.00012,3e-05,0,0.00015,-0.00042,-9e-05,-0.00092,-0,-0,-0,0.00551,-6e-05,0.0001,-0.00085,-3e-05,0,0,-0.00116,-0.00027,-1e-05,-0.00469,-0.00032,-8e-05,-0.00017
99.44,0.00356,-0.00055,0.00081,-0.00018,5e-05,0,1e-05,-0.00025,0.00021,-0.00061,1e-05,0,0,0.00011,-0.00023,-0.00012,-0.00078,-0,-1e-05,2e-05,0.00724,-0.00085,5e-05,-0.00105,-3e-05,0,0,-0.00198,0.00019,-2e-05,-0.00567,-0.00039,-8e-05,-0.00019
99.46,0.00373,-0.00065,0.00097,-0.00018,6e-05,0,-0,-0.00019,0.00016,-0.0005,-4e-05,-1e-05,0,9e-05,-5e-05,-0.00013,-0.00062,-0,-1e-05,4e-05,0.00878,-0.00182,-0,-0.0012,-4e-05,0,0,-0.003,0.00093,-0.00019,-0.00634,-0.00045,-8e-05,-0.0002
99.48,0.00389,-0.0007,0.00111,-0.0002,5e-05,0,0,-7e-05,8e-05,-0.00034,0,-0,1e-05,7e-05,6e-05,-0.00013,-0.00046,-0,-1e-05,6e-05,0.00994,-0.00298,-8e-05,-0.00122,-5e-05,1e-05,0,-0.00418,0.00192,-0.00053,-0.00664,-0.0005,-7e-05,-0.00019
99.5,0.00403,-0.00071,0.00127,-0.00021,5e-05,0,1e-05,7e-05,0,-0.00017,0.00033,3e-05,1e-05,5e-05,8e-05,-0.00011,-0.00033,-0,-1e-05,9e-05,0.01071,-0.00426,-0.00019,-0.00111,-5e-05,1e-05,0,-0.00546,0.00298,-0.00098,-0.00659,-0.00053,-7e-05,-0.00017
99.52,0.00415,-0.0007,0.00146,-0.00022,5e-05,0,1e-05,0.00018,-7e-05,-7e-05,0.00161,9e-05,2e-05,3e-05,3e-05,-8e-05,-0.00025,0,-1e-05,0.00012,0.01109,-0.0054,-0.00033,-0.00088,-6e-05,1e-05,0,-0.0068,0.00383,-0.00144,-0.00631,-0.00052,-6e-05,-0.00015
99.54,0.00421,-0.00066,0.00159,-0.00023,5e-05,0,1e-05,0.00028,-0.00014,0,0.00315,0.00012,2e-05,1e-05,-7e-05,-6e-05,-0.00019,-0,-1e-05,0.00014,0.0109,-0.00637,-0.0005,-0.00056,-6e-05,1e-05,1e-05,-0.00799,0.00434,-0.0018,-0.00598,-0.00048,-5e-05,-0.00013
99.56,0.00414,-0.00059,0.00153,-0.00023,5e-05,0,-0,0.00036,-0.00019,6e-05,0.00411,0.00014,2e-05,-0,-0.00023,-3e-05,-0.00015,-0,-1e-05,0.00015,0.01008,-0.00727,-0.00074,-0.00023,-6e-05,2e-05,1e-05,-0.00883,0.00451,-0.00199,-0.00574,-0.00041,-4e-05,-0.00011
99.58,0.00395,-0.00051,0.00127,-0.00022,6e-05,0,-1e-05,0.00041,-0.0002,0.00013,0.00467,0.00015,2e-05,-0,-0.00043,-1e-05,-0.00015,-0,-1e-05,0.00015,0.00886,-0.00803,-0.00104,-1e-05,-6e-05,2e-05,1e-05,-0.0093,0.00434,-0.00197,-0.00571,-0.00032,-4e-05,-9e-05
99.6,0.00359,-0.00042,0.00092,-0.0002,7e-05,0,-1e-05,0.00037,-0.00018,0.0002,0.00443,0.00015,2e-05,0,-0.00062,0,-0.00018,0,-0,0.00014,0.00735,-0.00867,-0.00137,-5e-05,-5e-05,2e-05,1e-05,-0.00952,0.00391,-0.00177,-0.00601,-0.00022,-4e-05,-7e-05
99.62,0.00302,-0.00029,0.00057,-0.00017,8e-05,0,1e-05,0.0003,-0.00016,0.00029,0.00303,9e-05,1e-05,0,-0.00077,-0,-0.00022,1e-05,-0,0.00011,0.00566,-0.0092,-0.00164,-0.00028,-5e-05,1e-05,1e-05,-0.00966,0.00334,-0.00141,-0.00677,-0.00013,-4e-05,-6e-05
99.64,0.00236,-0.00014,0.00017,-0.00014,0.0001,0,3e-05,0.00024,-0.00013,0.00038,0.00157,3e-05,0,-2e-05,-0.0009,-2e-05,-0.00027,2e-05,0,8e-05,0.00402,-0.00954,-0.00185,-0.00063,-4e-05,1e-05,1e-05,-0.00993,0.0028,-0.00101,-0.0082,-4e-05,-5e-05,-6e-05
99.66,0.00171,5e-05,-0.00024,-0.0001,0.00011,0,5e-05,0.00018,-0.0001,0.00043,0.00059,0,0,-7e-05,-0.001,-5e-05,-0.00031,4e-05,0,6e-05,0.00262,-0.0096,-0.00199,-0.0011,-3e-05,1e-05,0,-0.01045,0.00235,-0.00064,-0.01066,4e-05,-6e-05,-5e-05
99.68,0.0011,0.00028,-0.00062,-5e-05,0.00012,0,6e-05,0.00013,-6e-05,0.00044,-1e-05,0,0,-0.0002,-0.00107,-0.0001,-0.00033,8e-05,1e-05,4e-05,0.00153,-0.00928,-0.00202,-0.00154,-2e-05,0,0,-0.01121,0.00189,-0.00031,-0.01465,0.00014,-7e-05,-5e-05
99.7,0.00062,0.00054,-0.00091,-0,0.00013,0,6e-05,8e-05,-1e-05,0.0004,-0.00023,3e-05,-0,-0.00041,-0.00109,-0.00015,-0.00032,0.00014,1e-05,2e-05,0.00072,-0.0086,-0.00192,-0.00187,-1e-05,-0,0,-0.0122,0.00134,-1e-05,-0.02085,0.00027,-9e-05,-5e-05
99.72,0.00032,0.00081,-0.00107,5e-05,0.00015,0,3e-05,3e-05,4e-05,0.00033,-0.00014,8e-05,-0,-0.00066,-0.00103,-0.00019,-0.00025,0.0002,1e-05,0,0.00017,-0.00759,-0.00167,-0.00199,-1e-05,-1e-05,-0,-0.01323,0.00065,0.00027,-0.02995,0.00041,-0.00011,-5e-05
99.74,0.00014,0.00107,-0.0011,0.0001,0.00016,0,-2e-05,-2e-05,0.0001,0.00024,0.00021,0.00014,-0,-0.00095,-0.00092,-0.0002,-0.00016,0.00027,1e-05,-2e-05,-7e-05,-0.00629,-0.00133,-0.00185,0,-1e-05,-0,-0.01355,-0.00015,0.00058,-0.04183,0.00056,-0.00012,-5e-05
99.76,4e-05,0.00132,-0.00102,0.00014,0.00016,0,-9e-05,-5e-05,0.00014,0.00015,0.00078,0.00021,-0,-0.00129,-0.00077,-0.00019,-7e-05,0.00031,1e-05,-4e-05,-0.00012,-0.00481,-0.00095,-0.00149,1e-05,-1e-05,-1e-05,-0.0124,-0.00091,0.00086,-0.05541,0.0007,-0.00012,-5e-05
99.78,0,0.00153,-0.00084,0.00018,0.00017,0,-0.00018,-7e-05,0.00017,7e-05,0.00135,0.00028,-1e-05,-0.00163,-0.00059,-0.00015,0,0.00029,2e-05,-7e-05,-0.00011,-0.00331,-0.00057,-0.00095,2e-05,-1e-05,-1e-05,-0.00939,-0.00142,0.00107,-0.06878,0.00081,-0.0001,-5e-05
99.8,-0,0.00167,-0.00059,0.00021,0.00016,0,-0.00028,-8e-05,0.00018,-0,0.00207,0.00034,-1e-05,-0.00189,-0.0004,-8e-05,2e-05,0.00022,2e-05,-9e-05,-0.00011,-0.00205,-0.00031,-0.00051,3e-05,-1e-05,-1e-05,-0.00454,-0.00151,0.00116,-0.08014,0.00084,-8e-05,-4e-05
99.82,-2e-05,0.00168,-0.00032,0.00024,0.00013,0,-0.00038,-6e-05,0.00016,-4e-05,0.00319,0.00037,-1e-05,-0.00195,-0.00023,1e-05,-1e-05,0.00017,2e-05,-0.0001,-7e-05,-0.00113,-0.00018,-0.00025,3e-05,-1e-05,-1e-05,0.00173,-0.00113,0.00115,-0.08782,0.00075,-5e-05,-3e-05
99.84,-7e-05,0.00156,-0.0001,0.00025,8e-05,0,-0.00044,-3e-05,0.00011,-5e-05,0.00401,0.00036,-1e-05,-0.00185,-9e-05,0.00011,-2e-05,5e-05,1e-05,-0.0001,-6e-05,-0.00043,-9e-05,-1e-05,4e-05,-2e-05,-1e-05,0.00856,-0.00034,0.00099,-0.08912,0.00059,-2e-05,-2e-05
99.86,-0.00014,0.00132,4e-05,0.00026,1e-05,0,-0.00044,-1e-05,7e-05,-6e-05,0.00425,0.00032,-1e-05,-0.0017,-2e-05,0.00017,-1e-05,-9e-05,-1e-05,-0.0001,-0.00018,8e-05,-1e-05,0.00015,5e-05,-2e-05,-1e-05,0.01465,0.00066,0.00071,-0.08294,0.00039,0,-1e-05
99.88,-0.00023,0.00099,0.00013,0.00026,-6e-05,-0,-0.00039,-0,3e-05,-7e-05,0.00408,0.00027,-1e-05,-0.00148,1e-05,0.00021,3e-05,-0.00023,-3e-05,-9e-05,-0.00046,0.0004,3e-05,0.00017,6e-05,-2e-05,-1e-05,0.01892,0.00161,0.00038,-0.07064,0.0002,1e-05,-1e-05
99.9,-0.00031,0.00055,0.00015,0.00025,-0.00015,-0,-0.00036,-0,1e-05,-7e-05,0.00342,0.00021,-1e-05,-0.00124,-1e-05,0.00017,0.00012,-0.00017,-3e-05,-8e-05,-0.00081,0.00056,5e-05,8e-05,6e-05,-2e-05,-1e-05,0.02039,0.00229,8e-05,-0.05445,3e-05,1e-05,-0
99.92,-0.00037,4e-05,0.00013,0.00023,-0.00023,-0,-0.00038,-0,-1e-05,-6e-05,0.0023,0.00014,-1e-05,-0.00104,-4e-05,9e-05,0.00026,0.00075,4e-05,-7e-05,-0.00109,0.0006,5e-05,-7e-05,7e-05,-2e-05,-1e-05,0.01908,0.00256,-0.00013,-0.03714,-9e-05,1e-05,-0
99.94,-0.00038,-0.00047,8e-05,0.00021,-0.0003,-0,-0.00041,0,-4e-05,-4e-05,0.00127,8e-05,-1e-05,-0.00088,-6e-05,3e-05,0.0004,0.00194,0.00013,-6e-05,-0.00135,0.00055,3e-05,-0.0002,7e-05,-2e-05,-1e-05,0.01611,0.00255,-0.00023,-0.02113,-0.00014,0,-0
99.96,-0.00035,-0.00093,-4e-05,0.00019,-0.00037,-0,-0.00045,-0,-6e-05,-1e-05,0.00056,3e-05,-1e-05,-0.00068,-9e-05,-2e-05,0.00056,0.00263,0.00018,-5e-05,-0.00164,0.00049,1e-05,-0.00026,7e-05,-1e-05,-1e-05,0.01243,0.00238,-0.00027,-0.00873,-0.00014,-0,0
99.98,-0.00028,-0.00133,-0.00021,0.00016,-0.00044,-0,-0.00049,-1e-05,-7e-05,2e-05,0.00011,0,-1e-05,-0.00045,-0.00012,-6e-05,0.00079,0.00295,0.00019,-5e-05,-0.00184,0.00041,-2e-05,-0.00027,7e-05,-1e-05,-1e-05,0.00884,0.00213,-0.00026,-0.00112,-0.0001,-0,0
100,-0.00014,-0.00166,-0.00039,0.00013,-0.00049,-0,-0.00053,-3e-05,-8e-05,4e-05,-0.00013,-1e-05,-2e-05,-0.00028,-0.00013,-8e-05,0.00101,0.00266,0.00017,-4e-05,-0.00197,0.00036,-5e-05,-0.00023,6e-05,-1e-05,-0,0.00658,0.00201,-0.0002,0.00102,-7e-05,-0,0
100.02,1e-05,-0.00191,-0.00051,0.0001,-0.00053,-0,-0.00056,-6e-05,-7e-05,6e-05,-0.00018,-2e-05,-2e-05,-0.00019,-0.00011,-5e-05,0.00111,0.00167,0.00011,-4e-05,-0.00202,0.00035,-7e-05,-0.00017,6e-05,-1e-05,-0,0.00613,0.00217,-7e-05,0.00021,-5e-05,0,0
100.04,0.00015,-0.00212,-0.00057,8e-05,-0.00054,-0,-0.00059,-8e-05,-4e-05,7e-05,-0.0001,-2e-05,-3e-05,-0.00014,-9e-05,-1e-05,0.00111,0.00075,5e-05,-4e-05,-0.00193,0.00036,-7e-05,-9e-05,5e-05,-1e-05,-0,0.00577,0.00227,0.00016,-0.00052,-4e-05,0,0
100.06,0.00024,-0.00233,-0.00057,5e-05,-0.00054,-0,-0.0006,-0.0001,-2e-05,8e-05,-1e-05,-2e-05,-4e-05,-0.0001,-8e-05,-0,0.00105,0.00019,1e-05,-4e-05,-0.00165,0.00038,-7e-05,-3e-05,5e-05,-1e-05,-0,0.00542,0.00217,0.0004,-0.00142,-2e-05,0,0
100.08,0.0003,-0.00256,-0.00053,2e-05,-0.00053,-0,-0.00059,-0.00011,0,7e-05,8e-05,-2e-05,-5e-05,-7e-05,-8e-05,-3e-05,0.00096,-9e-05,-0,-5e-05,-0.00123,0.0004,-7e-05,2e-05,4e-05,-1e-05,-0,0.00512,0.00192,0.00053,-0.00275,-1e-05,-0,-0
100.1,0.0003,-0.00276,-0.00046,0,-0.0005,-0,-0.00058,-0.00012,2e-05,8e-05,0.00011,-1e-05,-6e-05,-4e-05,-9e-05,-9e-05,0.00082,-0.00015,-1e-05,-6e-05,-0.00071,0.00041,-5e-05,3e-05,4e-05,-1e-05,-0,0.0049,0.00141,0.00036,-0.00447,0,-1e-05,-0
100.12,0.00025,-0.0029,-0.00039,-2e-05,-0.00046,-0,-0.00057,-0.00011,2e-05,9e-05,9e-05,-1e-05,-6e-05,-2e-05,-9e-05,-0.00018,0.00065,-5e-05,0,-6e-05,-0.00016,0.00043,-3e-05,2e-05,3e-05,-1e-05,-0,0.00459,0.00044,-0.00025,-0.00621,1e-05,-1e-05,-0
100.14,0.00017,-0.00299,-0.00032,-4e-05,-0.0004,-0,-0.00058,-0.0001,1e-05,0.00011,4e-05,-1e-05,-6e-05,-0,-8e-05,-0.00027,0.00049,0.0001,2e-05,-6e-05,0.0004,0.00043,-0,1e-05,3e-05,-1e-05,-0,0.00402,-0.00079,-0.00122,-0.00784,1e-05,-1e-05,-0
100.16,8e-05,-0.00303,-0.00025,-5e-05,-0.00034,-0,-0.00058,-9e-05,1e-05,0.00011,1e-05,-1e-05,-5e-05,1e-05,-6e-05,-0.00034,0.00036,0.0002,3e-05,-6e-05,0.00091,0.0004,2e-05,0,2e-05,-1e-05,-0,0.00327,-0.00191,-0.00225,-0.0094,1e-05,-1e-05,0
100.18,2e-05,-0.00299,-0.00019,-5e-05,-0.00027,-0,-0.00057,-7e-05,1e-05,0.0001,-1e-05,-1e-05,-4e-05,3e-05,-3e-05,-0.0004,0.00024,0.00024,3e-05,-5e-05,0.00133,0.00037,3e-05,-0,2e-05,-1e-05,-0,0.00242,-0.00281,-0.003,-0.01056,1e-05,-0,0
100.2,-1e-05,-0.00282,-0.00013,-4e-05,-0.00019,-0,-0.00057,-5e-05,2e-05,6e-05,-2e-05,-1e-05,-3e-05,4e-05,-1e-05,-0.00043,0.00013,0.00019,3e-05,-3e-05,0.00164,0.00032,4e-05,-0,1e-05,-1e-05,0,0.00155,-0.00324,-0.00321,-0.01131,1e-05,1e-05,0
100.22,3e-05,-0.00248,-8e-05,-1e-05,-0.0001,-0,-0.00057,-2e-05,3e-05,-0,-3e-05,-1e-05,-2e-05,6e-05,2e-05,-0.00045,0,8e-05,2e-05,-3e-05,0.00186,0.00028,5e-05,-0,0,-1e-05,0,0.00077,-0.00305,-0.00287,-0.0117,1e-05,2e-05,0
100.24,0.00014,-0.00202,-4e-05,4e-05,-1e-05,-0,-0.00056,0,4e-05,-5e-05,-3e-05,-1e-05,-2e-05,8e-05,5e-05,-0.00046,-0.00012,-0,1e-05,-2e-05,0.00201,0.00026,4e-05,-2e-05,-0,-0,0,0.00016,-0.00237,-0.00215,-0.01144,0,2e-05,-0
100.26,0.00029,-0.0015,-1e-05,0.0001,9e-05,-0,-0.00054,3e-05,5e-05,-9e-05,-3e-05,-0,-1e-05,0.0001,7e-05,-0.00047,-0.00025,-1e-05,-0,-1e-05,0.00205,0.00025,5e-05,-4e-05,-1e-05,-0,0,-0.00022,-0.00141,-0.00131,-0.01037,0,2e-05,-0
100.28,0.00049,-0.00097,0,0.00018,0.00018,-0,-0.00049,7e-05,5e-05,-0.00013,-2e-05,-0,-0,0.00012,0.0001,-0.00048,-0.00038,4e-05,-1e-05,0,0.00204,0.00026,5e-05,-7e-05,-2e-05,-0,0,-0.00037,-0.0004,-0.00052,-0.00853,0,2e-05,-1e-05
100.3,0.00068,-0.00048,-0,0.00027,0.00026,-0,-0.00041,0.0001,6e-05,-0.00016,-2e-05,-0,1e-05,0.00014,0.00012,-0.00048,-0.0005,0.00014,-1e-05,1e-05,0.00202,0.00031,7e-05,-9e-05,-2e-05,-0,0,-0.00034,0.00026,-8e-05,-0.0065,0,1e-05,-1e-05
100.32,0.00084,-0.00011,-2e-05,0.00036,0.00032,-0,-0.00029,0.00013,6e-05,-0.00016,-2e-05,0,1e-05,0.00015,0.00014,-0.00047,-0.00058,0.00027,-2e-05,2e-05,0.00204,0.00044,0.00011,-9e-05,-3e-05,-0,0,-0.00022,0.00036,2e-05,-0.00476,0,0,-1e-05
100.34,0.00095,0,-5e-05,0.00046,0.00034,-0,-0.00015,0.00015,5e-05,-0.00014,-1e-05,0,2e-05,0.00016,0.00015,-0.00045,-0.00063,0.00042,-2e-05,3e-05,0.00213,0.00065,0.00015,-6e-05,-4e-05,-0,0,-8e-05,0.00013,2e-05,-0.00311,0,0,-0
100.36,0.00103,-0.00021,-8e-05,0.00055,0.00026,-0,-2e-05,0.00016,4e-05,-0.00012,-0,0,3e-05,0.00015,0.00016,-0.00042,-0.00067,0.00057,-3e-05,4e-05,0.0023,0.00095,0.00017,-2e-05,-4e-05,-0,0,2e-05,-0.00025,-1e-05,-0.00163,1e-05,0,-0
100.38,0.00105,-0.00075,-0.00011,0.00064,0.00019,-0,5e-05,0.00015,4e-05,-8e-05,1e-05,0,4e-05,0.00013,0.00016,-0.00036,-0.00069,0.00068,-3e-05,5e-05,0.00253,0.00135,0.00015,3e-05,-4e-05,-0,0,6e-05,-0.00069,-0.0001,-0.00052,1e-05,0,0
100.4,0.00099,-0.00156,-0.00013,0.00071,0.00011,0,3e-05,0.00013,3e-05,-3e-05,5e-05,-0,4e-05,9e-05,0.00014,-0.00029,-0.00071,0.00077,-3e-05,6e-05,0.00282,0.00178,8e-05,7e-05,-5e-05,0,-0,0.00016,-0.00062,-0.0001,0.0002,-2e-05,-0,-0
100.42,0.00085,-0.00251,-0.00014,0.00076,4e-05,0,-9e-05,9e-05,1e-05,3e-05,0.00011,-0,4e-05,5e-05,0.00011,-0.00021,-0.00075,0.00086,-3e-05,7e-05,0.00314,0.00215,-3e-05,7e-05,-5e-05,0,-0,0.00048,0.0005,6e-05,0.00058,-9e-05,-3e-05,-2e-05
100.44,0.00067,-0.00345,-0.00014,0.00078,-3e-05,0,-0.00029,3e-05,-1e-05,0.00013,0.0002,-0,4e-05,1e-05,7e-05,-0.00012,-0.00078,0.00087,-2e-05,8e-05,0.00341,0.0024,-0.00015,2e-05,-4e-05,0,-0,0.00109,0.00264,0.00032,0.00062,-0.00021,-6e-05,-5e-05
100.46,0.00047,-0.00422,-0.00012,0.00078,-9e-05,0,-0.00055,-6e-05,-2e-05,0.00024,0.00033,-1e-05,4e-05,-1e-05,3e-05,-1e-05,-0.00079,0.00076,-2e-05,9e-05,0.00354,0.0025,-0.00027,-0.00012,-4e-05,0,-0,0.00206,0.00568,0.00065,0.0003,-0.00036,-0.00012,-9e-05
100.48,0.0003,-0.00471,-7e-05,0.00077,-0.00014,0,-0.00084,-0.00016,-1e-05,0.00033,0.00048,-1e-05,3e-05,-4e-05,0,9e-05,-0.00078,0.00058,-1e-05,9e-05,0.00346,0.00245,-0.00039,-0.00035,-3e-05,0,-0,0.0034,0.00929,0.001,-0.00036,-0.00054,-0.00018,-0.00014
100.5,0.00021,-0.00489,0,0.00075,-0.00019,0,-0.00111,-0.00029,6e-05,0.00037,0.00067,-2e-05,2e-05,-8e-05,-0,0.00018,-0.00074,0.00033,-0,7e-05,0.00309,0.00217,-0.00051,-0.00055,-2e-05,0,-0,0.00503,0.01293,0.00134,-0.00135,-0.00074,-0.00024,-0.00019
100.52,0.00022,-0.00478,0.00011,0.00073,-0.00022,0,-0.00131,-0.00043,0.00021,0.00035,0.00093,-3e-05,1e-05,-0.00017,1e-05,0.00031,-0.00069,6e-05,1e-05,4e-05,0.00237,0.00169,-0.00061,-0.00055,-2e-05,1e-05,-0,0.00685,0.01605,0.0017,-0.00257,-0.00092,-0.00029,-0.00023
100.54,0.00034,-0.0044,0.00026,0.0007,-0.00025,0,-0.0014,-0.00058,0.0005,0.00027,0.00118,-4e-05,1e-05,-0.00036,1e-05,0.00047,-0.0006,-0.00011,1e-05,2e-05,0.00139,0.00111,-0.00072,-0.00042,-1e-05,1e-05,-0,0.00853,0.01803,0.00207,-0.00388,-0.00107,-0.00032,-0.00026
100.56,0.00055,-0.00381,0.00044,0.00067,-0.00027,0,-0.00135,-0.00071,0.00095,0.00013,0.00133,-5e-05,0,-0.0007,2e-05,0.00061,-0.00044,-0.00019,1e-05,-0,0.00023,0.00049,-0.0008,-0.00028,-0,1e-05,0,0.00965,0.01839,0.00242,-0.00513,-0.00116,-0.00034,-0.00027
100.58,0.0008,-0.0031,0.00065,0.00065,-0.00029,0,-0.00118,-0.00079,0.00152,-4e-05,0.00141,-6e-05,-0,-0.00123,3e-05,0.00068,-0.00018,-0.00021,0,-2e-05,-0.00099,-0.00012,-0.00086,-0.00011,-0,1e-05,0,0.01002,0.01708,0.00272,-0.00622,-0.00117,-0.00032,-0.00026
100.6,0.00103,-0.00234,0.00086,0.00063,-0.0003,0,-0.0009,-0.00078,0.00214,-0.00022,0.00138,-5e-05,-1e-05,-0.00188,5e-05,0.00071,0.00018,-0.00018,-0,-4e-05,-0.00213,-0.00067,-0.00085,-1e-05,0,1e-05,0,0.00969,0.01458,0.00292,-0.00695,-0.00112,-0.00028,-0.00023
100.62,0.00118,-0.0016,0.00101,0.00061,-0.0003,0,-0.00058,-0.00065,0.00267,-0.00037,0.00118,-3e-05,-1e-05,-0.0024,0.0001,0.00086,0.00057,-0.00012,-1e-05,-5e-05,-0.00294,-0.0011,-0.00073,6e-05,0,1e-05,0,0.00891,0.01153,0.00296,-0.00717,-0.00102,-0.00024,-0.00019
100.64,0.00124,-0.00095,0.00107,0.00057,-0.00029,0,-0.00031,-0.00044,0.00304,-0.0005,0.00094,-1e-05,-1e-05,-0.00261,0.00015,0.00106,0.0009,-7e-05,-1e-05,-6e-05,-0.00336,-0.00134,-0.00055,0.00016,0,1e-05,0,0.00781,0.00838,0.00281,-0.00713,-0.00088,-0.00018,-0.00015
100.66,0.00122,-0.0004,0.00101,0.00054,-0.00029,0,-0.00011,-0.00019,0.00324,-0.00058,0.00074,0,-1e-05,-0.0025,0.00012,0.00126,0.00107,-4e-05,-0,-7e-05,-0.00351,-0.00138,-0.00035,0.00025,0,1e-05,0,0.00651,0.0055,0.00247,-0.00699,-0.00072,-0.00013,-0.00011
100.68,0.00114,3e-05,0.00085,0.0005,-0.00028,0,-0,4e-05,0.00326,-0.00061,0.00055,2e-05,-1e-05,-0.00207,4e-05,0.00149,0.00103,-2e-05,0,-7e-05,-0.00339,-0.00122,-0.00015,0.00032,0,0,0,0.0052,0.00319,0.002,-0.00672,-0.00056,-9e-05,-7e-05
100.7,0.00101,0.00036,0.00066,0.00046,-0.00026,0,4e-05,0.00023,0.00318,-0.0006,0.00037,2e-05,-1e-05,-0.0015,0,0.00169,0.00084,-2e-05,0,-6e-05,-0.00314,-0.00092,0,0.00035,-0,0,0,0.00398,0.00157,0.00152,-0.00634,-0.00041,-6e-05,-4e-05
100.72,0.00087,0.00059,0.00051,0.00041,-0.00023,0,6e-05,0.00051,0.0031,-0.00055,0.00022,2e-05,-2e-05,-0.00092,0.00021,0.00176,0.00061,-3e-05,-0,-6e-05,-0.0029,-0.00057,0.00012,0.00028,-0,0,0,0.00288,0.0006,0.00113,-0.00589,-0.00029,-3e-05,-2e-05
100.74,0.00071,0.00074,0.00038,0.00035,-0.00022,0,6e-05,0.001,0.00298,-0.00043,7e-05,1e-05,-2e-05,-0.00032,0.00079,0.00155,0.00039,-3e-05,-1e-05,-5e-05,-0.00265,-0.0002,0.00019,0.00019,-0,-0,-0,0.00194,0.00014,0.00079,-0.00525,-0.00019,-1e-05,-0
100.76,0.0005,0.00083,0.00025,0.0003,-0.00021,0,3e-05,0.00163,0.00275,-0.00021,-9e-05,0,-3e-05,0.00035,0.00163,0.00104,0.00021,-3e-05,-2e-05,-5e-05,-0.00237,0.00016,0.00021,0.00011,-0,-0,-0,0.00118,3e-05,0.00051,-0.0044,-0.00012,1e-05,1e-05
100.78,0.00028,0.00086,0.00013,0.00024,-0.0002,0,-1e-05,0.00235,0.00243,8e-05,-0.00024,-0,-4e-05,0.00105,0.0026,0.00039,9e-05,-7e-05,-3e-05,-6e-05,-0.00212,0.00047,0.0002,6e-05,-0,-0,-0,0.00056,9e-05,0.00029,-0.00346,-8e-05,1e-05,2e-05
100.8,6e-05,0.00084,2e-05,0.00018,-0.00019,0,1e-05,0.00291,0.00198,0.00037,-0.00036,-0,-5e-05,0.00163,0.00329,-0.00024,1e-05,-0.00012,-2e-05,-6e-05,-0.00189,0.00071,0.00017,2e-05,-0,-0,-0,0.00012,0.00018,0.00014,-0.00251,-5e-05,1e-05,2e-05
100.82,-0.00017,0.00077,-2e-05,0.00013,-0.00018,0,5e-05,0.00303,0.00134,0.00069,-0.00031,0,-3e-05,0.0019,0.00339,-0.00058,-6e-05,-0.00013,-1e-05,-4e-05,-0.00166,0.00087,0.00013,0,-0,-0,-0,-0.00016,0.00021,5e-05,-0.00165,-3e-05,1e-05,2e-05
100.84,-0.00038,0.00068,-2e-05,8e-05,-0.00016,0,6e-05,0.00276,0.00074,0.001,-0.00017,0,-1e-05,0.00198,0.003,-0.00058,-9e-05,-9e-05,0,-2e-05,-0.00144,0.00096,0.0001,-0,-0,-0,-0,-0.00031,0.00017,1e-05,-0.00096,-1e-05,1e-05,1e-05
100.86,-0.00055,0.00059,-1e-05,4e-05,-0.00014,0,1e-05,0.00231,0.00034,0.00121,-7e-05,-0,1e-05,0.00196,0.00244,-0.00037,-0.0001,-5e-05,1e-05,-1e-05,-0.00125,0.00097,9e-05,1e-05,-0,-0,-0,-0.00036,5e-05,-1e-05,-0.00045,-1e-05,0,1e-05
100.88,-0.00068,0.00049,-2e-05,1e-05,-0.00011,0,-7e-05,0.00178,0.00011,0.00135,2e-05,0,2e-05,0.00202,0.00188,-0.00011,-8e-05,-0,1e-05,-0,-0.00107,0.00094,0.0001,3e-05,-0,-0,-0,-0.00035,-9e-05,-0,-0.0001,-0,0,0
100.9,-0.00077,0.00041,-4e-05,-1e-05,-8e-05,0,-0.00015,0.00134,1e-05,0.00139,3e-05,1e-05,2e-05,0.00208,0.00152,4e-05,-2e-05,2e-05,1e-05,0,-0.0009,0.00086,0.00012,5e-05,-0,0,0,-0.00028,-0.00023,1e-05,0.00011,0,-0,0
100.92,-0.0008,0.00033,-5e-05,-2e-05,-5e-05,0,-0.00021,0.00105,-2e-05,0.00131,-1e-05,2e-05,1e-05,0.00195,0.00141,2e-05,7e-05,2e-05,1e-05,0,-0.00074,0.00076,0.00014,7e-05,-0,0,0,-0.00022,-0.0003,1e-05,0.0002,0,-0,-0
100.94,-0.0008,0.00025,-4e-05,-2e-05,-2e-05,0,-0.00025,0.00089,-3e-05,0.00117,-4e-05,3e-05,1e-05,0.00174,0.00141,-9e-05,0.00015,1e-05,0,0,-0.0006,0.00065,0.00017,8e-05,-0,0,0,-0.00019,-0.00028,1e-05,0.00019,0,-0,-0
100.96,-0.00078,0.00018,-2e-05,-1e-05,0,0,-0.00025,0.00082,-4e-05,0.00102,-4e-05,4e-05,0,0.00153,0.00143,-0.00019,0.00021,0,0,0,-0.00048,0.00052,0.00019,0.0001,0,0,0,-0.00016,-0.00024,1e-05,0.00019,0,-0,-0
100.98,-0.00075,0.00012,-1e-05,-1e-05,2e-05,0,-0.00024,0.00085,-5e-05,0.00085,-2e-05,5e-05,-0,0.00137,0.0014,-0.00025,0.00021,-0,0,0,-0.00036,0.0004,0.0002,0.00011,0,0,0,-0.00014,-0.00019,0,0.00019,1e-05,-0,-0
101,-0.0007,7e-05,0,-0,3e-05,0,-0.0002,0.00085,-6e-05,0.00066,0,5e-05,-0,0.00113,0.00124,-0.0002,0.00019,-0,0,-0,-0.00027,0.00029,0.00021,0.00013,0,0,0,-0.00012,-0.00013,-1e-05,0.00019,1e-05,-0,-0
101.02,-0.00063,4e-05,0,-0,4e-05,0,-0.00014,0.00077,-8e-05,0.00045,2e-05,4e-05,-0,0.00077,0.00096,-8e-05,0.00015,-0,0,-0,-0.0002,0.00019,0.00021,0.00014,0,0,0,-0.0001,-7e-05,-2e-05,0.00019,1e-05,-0,-0
101.04,-0.00055,2e-05,-1e-05,0,4e-05,0,-8e-05,0.00067,-0.00011,0.00026,2e-05,3e-05,-0,0.00045,0.00063,6e-05,0.0001,-0,0,-0,-0.00014,0.00012,0.00019,0.00015,1e-05,0,0,-9e-05,-1e-05,-3e-05,0.00019,1e-05,-0,-0
101.06,-0.00048,1e-05,-2e-05,0,4e-05,0,-4e-05,0.00058,-0.00015,9e-05,2e-05,1e-05,0,0.0002,0.00031,0.00018,6e-05,-0,0,0,-0.0001,7e-05,0.00016,0.00016,1e-05,0,0,-8e-05,5e-05,-5e-05,0.00019,1e-05,-0,-0
101.08,-0.0004,-0,-4e-05,0,3e-05,0,-0,0.00049,-0.00021,-7e-05,0,-0,0,-3e-05,1e-05,0.00026,3e-05,-0,0,0,-8e-05,5e-05,0.00013,0.00016,1e-05,0,0,-7e-05,0.0001,-6e-05,0.00019,1e-05,-0,-0
101.1,-0.00033,-1e-05,-5e-05,1e-05,3e-05,0,1e-05,0.00039,-0.00028,-0.00023,-2e-05,-2e-05,0,-0.00023,-0.00027,0.00028,0,-1e-05,0,0,-6e-05,3e-05,8e-05,0.00017,1e-05,0,0,-6e-05,0.00014,-7e-05,0.00018,2e-05,-0,-0
101.12,-0.00027,-1e-05,-6e-05,1e-05,3e-05,0,0,0.00028,-0.00035,-0.00039,-4e-05,-3e-05,0,-0.00038,-0.00051,0.00025,-2e-05,-1e-05,0,-0,-5e-05,2e-05,4e-05,0.00017,1e-05,0,0,-5e-05,0.00017,-8e-05,0.00018,2e-05,-0,-0
101.14,-0.00023,-1e-05,-6e-05,1e-05,2e-05,0,-1e-05,0.0002,-0.00042,-0.00055,-5e-05,-3e-05,0,-0.00048,-0.00069,0.00017,-3e-05,-0,0,0,-5e-05,1e-05,1e-05,0.00017,1e-05,0,0,-4e-05,0.00019,-9e-05,0.00018,2e-05,-0,-0
101.16,-0.00022,-1e-05,-5e-05,1e-05,2e-05,0,-3e-05,0.00015,-0.00054,-0.0007,-4e-05,-3e-05,0,-0.00054,-0.00085,7e-05,-3e-05,0,1e-05,0,-5e-05,-2e-05,-2e-05,0.00017,2e-05,0,0,-3e-05,0.0002,-9e-05,0.00018,2e-05,-0,-0
101.18,-0.00024,-2e-05,-4e-05,1e-05,2e-05,0,-9e-05,0.00012,-0.00071,-0.00082,-3e-05,-1e-05,0,-0.00059,-0.00098,-7e-05,-0,1e-05,1e-05,0,-5e-05,-5e-05,-4e-05,0.00018,2e-05,0,0,-3e-05,0.0002,-8e-05,0.00019,2e-05,-0,-0
101.2,-0.00028,-2e-05,-3e-05,1e-05,3e-05,0,-0.00019,0.0001,-0.00092,-0.00088,-1e-05,2e-05,0,-0.00061,-0.00106,-0.00022,6e-05,2e-05,2e-05,0,-4e-05,-9e-05,-4e-05,0.00019,2e-05,1e-05,0,-2e-05,0.00019,-6e-05,0.0002,2e-05,-0,-0
101.22,-0.00035,-2e-05,-1e-05,1e-05,3e-05,0,-0.00025,9e-05,-0.00109,-0.00083,5e-05,6e-05,0,-0.00061,-0.00106,-0.00034,0.00014,3e-05,2e-05,0,-4e-05,-0.00014,-4e-05,0.00021,3e-05,1e-05,0,-1e-05,0.00018,-5e-05,0.00021,2e-05,-0,-0
101.24,-0.00043,-3e-05,-0,1e-05,3e-05,0,-0.00029,6e-05,-0.00121,-0.00067,0.00011,0.00011,0,-0.00053,-0.001,-0.00041,0.00021,4e-05,2e-05,0,-4e-05,-0.00018,-3e-05,0.00023,3e-05,1e-05,0,-1e-05,0.00017,-4e-05,0.00023,2e-05,-0,-0
101.26,-0.00052,-4e-05,-0,1e-05,3e-05,0,-0.00032,-0,-0.00126,-0.00046,0.00013,0.00013,0,-0.00032,-0.00091,-0.00041,0.00023,4e-05,2e-05,0,-4e-05,-0.00022,-2e-05,0.00024,3e-05,1e-05,0,-1e-05,0.00015,-2e-05,0.00025,2e-05,0,-0
101.28,-0.00062,-5e-05,-0,0,4e-05,0,-0.00029,-9e-05,-0.00121,-0.00022,0.00013,0.00013,1e-05,4e-05,-0.00081,-0.00033,0.00017,4e-05,1e-05,0,-4e-05,-0.00026,0,0.00026,3e-05,1e-05,0,-2e-05,0.00013,-1e-05,0.00027,2e-05,0,-0
101.3,-0.00073,-7e-05,0,-1e-05,4e-05,0,-0.00023,-0.00019,-0.00103,0,9e-05,0.0001,1e-05,0.00055,-0.00069,-0.00018,6e-05,3e-05,1e-05,0,-5e-05,-0.00031,4e-05,0.00028,3e-05,1e-05,0,-3e-05,0.00011,0,0.00029,2e-05,0,0
101.32,-0.00088,-9e-05,1e-05,-4e-05,3e-05,0,-0.00011,-0.00027,-0.00075,0.00016,4e-05,6e-05,2e-05,0.00125,-0.00057,3e-05,0.00011,2e-05,0,-0,-5e-05,-0.00037,8e-05,0.00029,3e-05,1e-05,0,-4e-05,9e-05,2e-05,0.00029,2e-05,0,0
101.34,-0.00103,-0.00011,1e-05,-8e-05,3e-05,0,0.00011,-0.00031,-0.00041,0.00028,0,2e-05,3e-05,0.00208,-0.00051,0.00022,0.00029,1e-05,0,-0,-5e-05,-0.00044,0.00013,0.0003,3e-05,1e-05,0,-5e-05,6e-05,3e-05,0.00029,2e-05,0,0
101.36,-0.00114,-0.00012,1e-05,-0.00012,2e-05,0,0.00047,-0.00032,-8e-05,0.00035,0,0,3e-05,0.00289,-0.00053,0.00027,0.00054,0,1e-05,-0,-6e-05,-0.00052,0.0002,0.0003,3e-05,1e-05,0,-6e-05,3e-05,5e-05,0.00027,2e-05,0,0
101.38,-0.00121,-0.00012,-1e-05,-0.00017,1e-05,0,0.00093,-0.00031,0.00025,0.00035,2e-05,-0,2e-05,0.00353,-0.00062,0.00017,0.00089,-0,1e-05,-0,-5e-05,-0.00062,0.00026,0.00029,2e-05,1e-05,0,-6e-05,-2e-05,7e-05,0.00025,2e-05,0,0
101.4,-0.00123,-0.0001,-5e-05,-0.00021,1e-05,0,0.00147,-0.00028,0.0004,0.00041,6e-05,1e-05,-0,0.0039,-0.00075,-9e-05,0.00134,-0,1e-05,-0,-5e-05,-0.00072,0.00033,0.00026,1e-05,1e-05,0,-6e-05,-6e-05,9e-05,0.00021,1e-05,0,0
101.42,-0.00121,-7e-05,-9e-05,-0.00024,0,0,0.00204,-0.00024,0.00021,0.00075,0.00011,2e-05,-3e-05,0.00405,-0.00088,-0.00049,0.00184,-0,-0,-0,-3e-05,-0.00081,0.0004,0.00024,1e-05,1e-05,0,-5e-05,-0.00011,0.00011,0.00017,1e-05,0,0
101.44,-0.00115,-5e-05,-0.00011,-0.00027,-0,0,0.00247,-0.00017,-0.00014,0.00127,0.00014,2e-05,-3e-05,0.00396,-0.00097,-0.00084,0.00225,-0,-1e-05,0,-1e-05,-0.00088,0.00045,0.00021,0,1e-05,0,-3e-05,-0.00017,0.00014,0.00014,0,0,0
101.46,-0.00106,-3e-05,-0.00011,-0.00029,-0,0,0.00263,-3e-05,-0.00041,0.00179,0.00016,2e-05,-3e-05,0.00368,-0.00098,-0.00102,0.00249,-0,-2e-05,0,2e-05,-0.00094,0.00048,0.00019,-0,1e-05,0,-1e-05,-0.00022,0.00016,0.00012,-0,0,0
101.48,-0.00095,-2e-05,-9e-05,-0.00031,-1e-05,0,0.00253,0.00015,-0.00057,0.00232,0.00015,1e-05,-2e-05,0.00337,-0.00087,-0.001,0.00258,-0,-2e-05,1e-05,5e-05,-0.00096,0.00049,0.00018,-0,1e-05,0,1e-05,-0.00026,0.00018,0.0001,-0,0,0
101.5,-0.00083,-1e-05,-6e-05,-0.00033,-1e-05,0,0.00229,0.00036,-0.00061,0.00274,0.00011,0,-1e-05,0.00311,-0.00069,-0.00083,0.00245,0,-1e-05,1e-05,8e-05,-0.00094,0.00048,0.00017,-1e-05,1e-05,0,2e-05,-0.00029,0.00019,9e-05,-0,0,0
101.52,-0.00069,-0,-4e-05,-0.00034,-2e-05,0,0.00203,0.00057,-0.0006,0.00295,6e-05,-1e-05,-1e-05,0.00288,-0.00047,-0.00063,0.0021,1e-05,-1e-05,2e-05,0.00011,-0.00087,0.00045,0.00017,-1e-05,1e-05,0,3e-05,-0.0003,0.00019,8e-05,-1e-05,0,0
101.54,-0.00056,-0,-2e-05,-0.00034,-2e-05,0,0.00182,0.00077,-0.00049,0.00302,2e-05,-1e-05,-1e-05,0.00267,-0.00022,-0.00044,0.00177,2e-05,-1e-05,3e-05,0.00014,-0.00076,0.00039,0.00017,-1e-05,1e-05,0,3e-05,-0.00028,0.00018,8e-05,-0,0,0
101.56,-0.00043,0,-1e-05,-0.00033,-2e-05,0,0.00166,0.00092,-0.0003,0.00302,-1e-05,-1e-05,-1e-05,0.00251,5e-05,-0.00026,0.00153,4e-05,-0,4e-05,0.00016,-0.00061,0.0003,0.00017,-1e-05,1e-05,0,3e-05,-0.00024,0.00016,7e-05,-0,0,0
101.58,-0.0003,0,-0,-0.00032,-3e-05,0,0.00158,0.00099,-0.00012,0.00298,-2e-05,0,-1e-05,0.00237,0.00027,-0.00013,0.00135,6e-05,0,5e-05,0.00018,-0.00043,0.0002,0.00016,-1e-05,1e-05,0,2e-05,-0.00018,0.00013,6e-05,-0,-0,-0
101.6,-0.00015,1e-05,0,-0.00029,-3e-05,0,0.00159,0.00101,0,0.00285,-1e-05,1e-05,-0,0.00221,0.00043,-5e-05,0.00122,9e-05,0,6e-05,0.00018,-0.00022,9e-05,0.00015,-0,1e-05,0,1e-05,-0.00011,8e-05,5e-05,0,-0,-0
101.62,2e-05,1e-05,0,-0.00026,-4e-05,0,0.00169,0.001,7e-05,0.00261,5e-05,2e-05,1e-05,0.00203,0.00054,-2e-05,0.00112,0.00012,0,8e-05,0.00018,-1e-05,-2e-05,0.00014,-0,1e-05,0,0,-3e-05,4e-05,3e-05,0,-0,-0
101.64,0.00023,1e-05,0,-0.00022,-4e-05,0,0.00179,0.00096,0.0001,0.00236,0.00012,3e-05,3e-05,0.00182,0.00061,-1e-05,0.00104,0.00015,0,9e-05,0.00017,0.00019,-0.00013,0.00012,-0,0,0,-1e-05,4e-05,-1e-05,2e-05,0,-0,-0
101.66,0.00048,2e-05,0,-0.00018,-4e-05,0,0.00187,0.00087,8e-05,0.00214,0.00019,3e-05,5e-05,0.00158,0.0006,-0,0.00097,0.00019,-0,0.00011,0.00016,0.00038,-0.00023,0.00011,0,0,0,-1e-05,0.0001,-5e-05,1e-05,1e-05,-0,-0
101.68,0.00077,2e-05,0,-0.00014,-5e-05,0,0.00193,0.00074,5e-05,0.00191,0.00024,3e-05,7e-05,0.00129,0.00056,0,0.00089,0.00022,0,0.00012,0.00015,0.00053,-0.00031,9e-05,0,0,0,-2e-05,0.00015,-8e-05,-1e-05,1e-05,-1e-05,-0
101.7,0.00108,2e-05,0,-0.00011,-5e-05,0,0.00189,0.0006,1e-05,0.00167,0.00028,2e-05,8e-05,0.00093,0.0005,2e-05,0.0008,0.00026,0,0.00013,0.00013,0.00065,-0.00038,8e-05,1e-05,-0,-0,-2e-05,0.00018,-0.00011,-2e-05,1e-05,-1e-05,-0
101.72,0.00139,2e-05,0,-8e-05,-5e-05,0,0.00171,0.00048,-2e-05,0.00141,0.00028,2e-05,9e-05,0.00046,0.00041,5e-05,0.00068,0.0003,0,0.00014,0.00011,0.00072,-0.00043,6e-05,1e-05,-0,-0,-2e-05,0.0002,-0.00013,-3e-05,1e-05,-1e-05,-0
101.74,0.00167,2e-05,0,-5e-05,-4e-05,0,0.0014,0.00037,-2e-05,0.00112,0.00026,1e-05,0.0001,-0.00011,0.00033,0.0001,0.00051,0.00033,1e-05,0.00014,0.0001,0.00076,-0.00046,5e-05,1e-05,-0,-0,-1e-05,0.0002,-0.00013,-4e-05,1e-05,-1e-05,-0
101.76,0.00195,2e-05,0,-3e-05,-4e-05,0,0.00098,0.00027,0,0.0008,0.00025,1e-05,0.00011,-0.00079,0.00027,0.00017,0.00029,0.00034,2e-05,0.00014,8e-05,0.00076,-0.00046,4e-05,1e-05,-0,-0,-1e-05,0.00019,-0.00012,-4e-05,1e-05,-1e-05,-0
101.78,0.00221,2e-05,0,-1e-05,-4e-05,0,0.00041,0.00018,4e-05,0.00046,0.00024,1e-05,0.00011,-0.00159,0.00023,0.00024,4e-05,0.00035,3e-05,0.00013,7e-05,0.00072,-0.00045,3e-05,1e-05,-0,-0,-0,0.00016,-0.00011,-5e-05,1e-05,-1e-05,-0
101.8,0.00244,2e-05,0,0,-4e-05,0,-0.00031,9e-05,9e-05,0.00011,0.00022,0,0.00013,-0.00241,0.00019,0.00032,-0.00022,0.00037,5e-05,0.00011,5e-05,0.00066,-0.00041,3e-05,1e-05,-0,-0,0,0.00013,-9e-05,-5e-05,1e-05,-1e-05,-0
101.82,0.00259,1e-05,0,1e-05,-3e-05,0,-0.00104,1e-05,0.00016,-0.00023,0.00021,0,0.00015,-0.00297,0.00016,0.00041,-0.00047,0.00038,7e-05,9e-05,4e-05,0.00057,-0.00037,3e-05,1e-05,-0,-0,1e-05,0.0001,-6e-05,-5e-05,1e-05,-0,-0
101.84,0.00268,1e-05,-0,3e-05,-3e-05,0,-0.00166,-6e-05,0.00022,-0.00055,0.00018,0,0.00017,-0.00331,0.00014,0.00049,-0.00069,0.00043,0.0001,7e-05,3e-05,0.00047,-0.00032,2e-05,1e-05,-0,-0,2e-05,7e-05,-4e-05,-5e-05,1e-05,-0,-0
101.86,0.00272,0,-0,5e-05,-3e-05,0,-0.00222,-0.00012,0.0003,-0.00083,0.00014,-0,0.00019,-0.00354,0.00013,0.00057,-0.00087,0.00056,0.00015,7e-05,2e-05,0.00037,-0.00026,2e-05,1e-05,-0,-0,3e-05,4e-05,-1e-05,-5e-05,1e-05,-0,-0
101.88,0.0027,0,-0,7e-05,-3e-05,0,-0.00271,-0.00015,0.00038,-0.00108,9e-05,0,0.0002,-0.00361,0.00013,0.00064,-0.00099,0.00072,0.00019,8e-05,1e-05,0.00027,-0.0002,2e-05,0,-0,0,4e-05,2e-05,1e-05,-5e-05,1e-05,-0,-0
101.9,0.0026,0,-0,0.0001,-3e-05,0,-0.00306,-0.00017,0.00046,-0.00125,3e-05,0,0.0002,-0.00356,0.00015,0.0007,-0.00106,0.00097,0.00026,9e-05,-0,0.00017,-0.00014,2e-05,0,0,0,5e-05,-1e-05,3e-05,-5e-05,0,-0,-0
101.92,0.00243,-0,0,0.00013,-3e-05,0,-0.00319,-0.00017,0.00054,-0.00132,-0,0,0.0002,-0.00344,0.00019,0.00074,-0.00107,0.00139,0.00038,0.00011,-2e-05,8e-05,-8e-05,1e-05,-0,0,0,7e-05,-2e-05,5e-05,-5e-05,0,-0,-0
101.94,0.00219,-0,0,0.00016,-3e-05,0,-0.00313,-0.00014,0.00062,-0.00131,-0,1e-05,0.00019,-0.00325,0.00024,0.00077,-0.00102,0.00185,0.00051,0.00014,-3e-05,-1e-05,-4e-05,0,-0,0,0,9e-05,-4e-05,6e-05,-6e-05,0,-0,-0
101.96,0.00192,-0,0,0.0002,-3e-05,0,-0.00295,-7e-05,0.00069,-0.00124,7e-05,3e-05,0.00017,-0.00297,0.00029,0.00081,-0.00093,0.00219,0.00061,0.00016,-5e-05,-8e-05,0,-1e-05,-0,0,0,0.00012,-4e-05,6e-05,-7e-05,0,-0,-0
101.98,0.00162,-0,0,0.00023,-3e-05,0,-0.00262,1e-05,0.00073,-0.00112,0.00021,5e-05,0.00015,-0.00261,0.00033,0.00084,-0.00082,0.00242,0.00068,0.00017,-7e-05,-0.00013,3e-05,-2e-05,-1e-05,0,0,0.00014,-5e-05,6e-05,-8e-05,0,-0,-0
102,0.00132,-0,-0,0.00026,-3e-05,0,-0.00224,0.0001,0.00075,-0.00097,0.00048,0.0001,0.00013,-0.00224,0.00036,0.00088,-0.00071,0.00246,0.00069,0.00018,-9e-05,-0.00015,4e-05,-4e-05,-1e-05,0,0,0.00017,-5e-05,6e-05,-9e-05,-0,-0,-0
102.02,0.00106,-0,-0,0.00028,-3e-05,0,-0.00193,0.00018,0.00078,-0.00084,0.00104,0.00025,0.00011,-0.0019,0.00036,0.00091,-0.00062,0.00226,0.00065,0.00017,-0.0001,-0.00015,4e-05,-5e-05,-1e-05,0,0,0.0002,-5e-05,5e-05,-0.0001,-0,-0,-0
102.04,0.00084,0,-1e-05,0.00028,-2e-05,0,-0.00164,0.00024,0.00082,-0.00072,0.00171,0.00043,8e-05,-0.00157,0.00033,0.00091,-0.00055,0.00196,0.00057,0.00016,-0.0001,-0.00012,3e-05,-6e-05,-1e-05,0,0,0.00023,-5e-05,4e-05,-0.0001,-0,-0,-0
102.06,0.00065,0,-1e-05,0.00026,-2e-05,0,-0.00135,0.00026,0.00084,-0.00059,0.00221,0.00058,7e-05,-0.00124,0.00029,0.00086,-0.00048,0.00163,0.00049,0.00014,-0.0001,-6e-05,-1e-05,-6e-05,-0,0,0,0.00025,-5e-05,4e-05,-0.0001,-0,-0,-0
102.08,0.00048,0,-2e-05,0.00023,-1e-05,0,-0.0011,0.00026,0.00084,-0.00047,0.00257,0.0007,5e-05,-0.00094,0.00023,0.00078,-0.00043,0.00129,0.00041,0.00012,-9e-05,2e-05,-5e-05,-6e-05,-0,0,0,0.00026,-4e-05,3e-05,-9e-05,-0,-0,-0
102.1,0.00036,-0,-3e-05,0.0002,-1e-05,0,-0.00088,0.00025,0.00079,-0.00038,0.00265,0.00075,4e-05,-0.00068,0.00016,0.00064,-0.00039,0.00096,0.00033,9e-05,-8e-05,0.00011,-9e-05,-5e-05,-0,-0,-0,0.00025,-3e-05,2e-05,-8e-05,-0,-0,-0
102.12,0.00027,-0,-4e-05,0.00016,-0,0,-0.00068,0.00022,0.00069,-0.00031,0.00238,0.0007,4e-05,-0.00046,9e-05,0.00047,-0.00035,0.00065,0.00025,6e-05,-7e-05,0.00018,-0.00013,-4e-05,0,-0,-0,0.00024,-2e-05,2e-05,-7e-05,-0,-0,-0
102.14,0.00021,-0,-4e-05,0.00012,0,0,-0.00053,0.00018,0.00058,-0.00025,0.00197,0.00061,3e-05,-0.00028,2e-05,0.00029,-0.00032,0.00039,0.00017,4e-05,-6e-05,0.00023,-0.00015,-3e-05,0,-0,-0,0.00021,-1e-05,1e-05,-6e-05,-0,-0,-0
102.16,0.00016,-0,-4e-05,8e-05,1e-05,0,-0.00041,0.00014,0.00047,-0.00021,0.00159,0.00052,3e-05,-0.00014,-5e-05,0.00013,-0.00029,0.00018,0.00011,1e-05,-4e-05,0.00025,-0.00016,-2e-05,0,-0,-0,0.00019,1e-05,1e-05,-5e-05,-0,-0,-0
102.18,0.00012,-0,-3e-05,5e-05,1e-05,0,-0.00031,0.0001,0.00037,-0.00018,0.00123,0.00043,2e-05,-2e-05,-0.0001,-0,-0.00026,2e-05,6e-05,-1e-05,-3e-05,0.00024,-0.00016,-1e-05,0,-0,-0,0.00015,2e-05,1e-05,-4e-05,-0,-0,-0
102.2,8e-05,-0,-3e-05,2e-05,1e-05,0,-0.00024,7e-05,0.00028,-0.00016,0.0009,0.00033,2e-05,7e-05,-0.00015,-0.00011,-0.00023,-0.0001,2e-05,-2e-05,-2e-05,0.00021,-0.00015,0,0,-0,-0,0.00012,3e-05,1e-05,-3e-05,-0,-0,-0
102.22,6e-05,-0,-2e-05,-0,2e-05,0,-0.00018,4e-05,0.0002,-0.00013,0.00061,0.00024,1e-05,0.00014,-0.00017,-0.00018,-0.0002,-0.00016,-1e-05,-3e-05,-2e-05,0.00016,-0.00013,1e-05,0,-0,-0,9e-05,4e-05,1e-05,-2e-05,-0,-0,-0
102.24,3e-05,-0,-1e-05,-2e-05,2e-05,0,-0.00013,2e-05,0.00013,-0.00011,0.00038,0.00016,1e-05,0.00018,-0.00019,-0.00022,-0.00016,-0.00018,-2e-05,-3e-05,-1e-05,0.00011,-0.00011,2e-05,0,-0,-0,6e-05,4e-05,2e-05,-1e-05,-0,-0,-0
102.26,0,-0,0,-2e-05,2e-05,-0,-8e-05,0,7e-05,-9e-05,0.0002,0.0001,0,0.00021,-0.00018,-0.00022,-0.00013,-0.00017,-3e-05,-3e-05,0,6e-05,-9e-05,3e-05,0,-0,-0,4e-05,3e-05,3e-05,-0,-0,-0,-0
102.28,-2e-05,0,1e-05,-2e-05,2e-05,-0,-5e-05,-1e-05,2e-05,-6e-05,7e-05,4e-05,-0,0.00021,-0.00016,-0.00021,-9e-05,-0.00013,-3e-05,-2e-05,1e-05,2e-05,-7e-05,4e-05,0,-0,-0,1e-05,2e-05,4e-05,0,0,-0,-0
102.3,-5e-05,-0,1e-05,-2e-05,2e-05,-0,-1e-05,-2e-05,-2e-05,-4e-05,-3e-05,-1e-05,-1e-05,0.00021,-0.00014,-0.00018,-6e-05,-0.0001,-3e-05,-1e-05,2e-05,-1e-05,-5e-05,4e-05,0,-0,-0,-1e-05,0,5e-05,1e-05,0,0,0
102.32,-8e-05,-0,2e-05,-1e-05,2e-05,-0,1e-05,-2e-05,-5e-05,-2e-05,-0.00011,-4e-05,-1e-05,0.00019,-0.00011,-0.00016,-3e-05,-7e-05,-3e-05,-1e-05,2e-05,-3e-05,-4e-05,5e-05,0,-0,-0,-2e-05,-2e-05,6e-05,2e-05,0,0,0
102.34,-0.0001,-0,2e-05,-0,1e-05,-0,3e-05,-2e-05,-7e-05,0,-0.00016,-7e-05,-2e-05,0.00017,-9e-05,-0.00014,-0,-6e-05,-3e-05,-1e-05,3e-05,-5e-05,-3e-05,6e-05,0,0,-0,-4e-05,-4e-05,7e-05,3e-05,0,0,0
102.36,-0.00012,-0,2e-05,0,1e-05,0,4e-05,-2e-05,-8e-05,1e-05,-0.0002,-9e-05,-2e-05,0.00015,-7e-05,-0.00012,1e-05,-7e-05,-3e-05,-1e-05,4e-05,-6e-05,-2e-05,6e-05,0,0,-0,-5e-05,-5e-05,8e-05,4e-05,0,0,0
102.38,-0.00013,-0,1e-05,1e-05,1e-05,0,4e-05,-2e-05,-8e-05,2e-05,-0.00023,-0.00011,-2e-05,0.00013,-5e-05,-0.0001,2e-05,-0.00011,-4e-05,-2e-05,4e-05,-6e-05,-1e-05,7e-05,0,0,-0,-7e-05,-7e-05,9e-05,5e-05,0,0,0
102.4,-0.00014,-0,1e-05,1e-05,1e-05,0,4e-05,-2e-05,-8e-05,3e-05,-0.00024,-0.00011,-2e-05,0.00012,-5e-05,-9e-05,2e-05,-0.00017,-5e-05,-3e-05,5e-05,-6e-05,-0,7e-05,0,0,-0,-8e-05,-7e-05,9e-05,6e-05,0,0,0
102.42,-0.00015,0,1e-05,2e-05,1e-05,0,3e-05,-2e-05,-8e-05,3e-05,-0.00023,-0.00011,-2e-05,0.0001,-4e-05,-9e-05,2e-05,-0.00021,-6e-05,-3e-05,6e-05,-7e-05,0,8e-05,0,-0,-0,-8e-05,-7e-05,9e-05,7e-05,0,0,0
102.44,-0.00015,0,1e-05,2e-05,0,0,3e-05,-2e-05,-7e-05,3e-05,-0.0002,-0.0001,-2e-05,8e-05,-4e-05,-8e-05,1e-05,-0.00022,-6e-05,-4e-05,6e-05,-7e-05,1e-05,8e-05,0,-0,-0,-8e-05,-6e-05,8e-05,7e-05,0,0,0
102.46,-0.00015,0,1e-05,2e-05,0,0,2e-05,-2e-05,-7e-05,3e-05,-0.00016,-8e-05,-1e-05,6e-05,-4e-05,-7e-05,0,-0.00022,-6e-05,-4e-05,6e-05,-7e-05,1e-05,8e-05,0,-0,-0,-8e-05,-5e-05,7e-05,7e-05,0,0,0
102.48,-0.00015,0,1e-05,2e-05,0,0,2e-05,-2e-05,-7e-05,3e-05,-0.00011,-6e-05,-1e-05,5e-05,-4e-05,-7e-05,-0,-0.00019,-5e-05,-4e-05,6e-05,-8e-05,2e-05,8e-05,0,-0,-0,-8e-05,-2e-05,5e-05,7e-05,0,0,0
102.5,-0.00014,0,0,2e-05,0,0,3e-05,-2e-05,-7e-05,2e-05,-6e-05,-4e-05,-0,3e-05,-4e-05,-6e-05,-1e-05,-0.00014,-4e-05,-3e-05,6e-05,-8e-05,2e-05,7e-05,0,-0,-0,-7e-05,1e-05,3e-05,7e-05,0,0,0
102.52,-0.00014,-0,0,2e-05,0,0,3e-05,-2e-05,-7e-05,2e-05,-2e-05,-3e-05,0,2e-05,-4e-05,-5e-05,-1e-05,-8e-05,-2e-05,-2e-05,6e-05,-9e-05,2e-05,7e-05,0,-0,-0,-7e-05,4e-05,2e-05,6e-05,0,0,0
102.54,-0.00013,-0,0,3e-05,0,0,4e-05,-3e-05,-8e-05,1e-05,1e-05,-1e-05,1e-05,1e-05,-4e-05,-5e-05,-2e-05,-2e-05,-0,-1e-05,5e-05,-0.0001,2e-05,6e-05,0,-0,-0,-6e-05,8e-05,-0,6e-05,0,0,0
102.56,-0.00013,-0,0,3e-05,0,0,5e-05,-3e-05,-9e-05,1e-05,3e-05,-1e-05,1e-05,1e-05,-4e-05,-5e-05,-2e-05,5e-05,2e-05,1e-05,5e-05,-0.00011,3e-05,6e-05,0,-0,-0,-6e-05,0.00011,-2e-05,6e-05,0,0,0
102.58,-0.00013,-0,0,3e-05,0,0,6e-05,-4e-05,-0.00011,-0,3e-05,-0,1e-05,2e-05,-5e-05,-6e-05,-3e-05,0.00011,3e-05,2e-05,4e-05,-0.00012,3e-05,5e-05,0,-0,-0,-5e-05,0.00014,-4e-05,5e-05,0,0,-0
102.6,-0.00013,-0,0,3e-05,0,0,7e-05,-6e-05,-0.00012,-1e-05,2e-05,-0,1e-05,4e-05,-6e-05,-7e-05,-3e-05,0.00016,5e-05,3e-05,3e-05,-0.00013,3e-05,5e-05,0,-0,-0,-5e-05,0.00018,-6e-05,5e-05,0,-0,-0
102.62,-0.00013,-0,0,3e-05,0,0,8e-05,-7e-05,-0.00013,-1e-05,1e-05,-0,1e-05,7e-05,-7e-05,-9e-05,-3e-05,0.0002,6e-05,3e-05,2e-05,-0.00013,3e-05,5e-05,0,-0,-0,-4e-05,0.0002,-7e-05,5e-05,0,-0,-0
102.64,-0.00013,0,0,3e-05,0,0,9e-05,-8e-05,-0.00014,-2e-05,1e-05,-0,1e-05,0.00011,-8e-05,-0.00011,-3e-05,0.0002,6e-05,3e-05,2e-05,-0.00013,3e-05,4e-05,0,-0,-0,-4e-05,0.00022,-8e-05,5e-05,0,-0,-0
102.66,-0.00013,0,-0,3e-05,0,0,0.0001,-8e-05,-0.00014,-2e-05,1e-05,0,1e-05,0.00016,-0.0001,-0.00014,-2e-05,0.00018,6e-05,3e-05,1e-05,-0.00013,3e-05,4e-05,0,-0,-0,-3e-05,0.00024,-9e-05,5e-05,0,-0,-0
102.68,-0.00013,0,-0,3e-05,1e-05,0,0.00011,-9e-05,-0.00014,-1e-05,2e-05,0,1e-05,0.00021,-0.00012,-0.00018,-1e-05,0.00014,4e-05,2e-05,0,-0.00012,3e-05,4e-05,0,-0,-0,-3e-05,0.00024,-9e-05,5e-05,0,-0,-0
102.7,-0.00014,0,-0,2e-05,1e-05,0,0.00013,-9e-05,-0.00013,1e-05,2e-05,1e-05,2e-05,0.00028,-0.00013,-0.0002,1e-05,9e-05,3e-05,1e-05,-0,-0.0001,2e-05,4e-05,0,-0,-0,-3e-05,0.00024,-9e-05,5e-05,0,-0,-0
102.72,-0.00013,0,-0,2e-05,1e-05,0,0.00015,-8e-05,-0.00012,4e-05,1e-05,0,2e-05,0.00034,-0.00014,-0.00022,4e-05,4e-05,1e-05,1e-05,-1e-05,-8e-05,2e-05,3e-05,0,-0,-0,-2e-05,0.00022,-9e-05,5e-05,0,-0,-0
102.74,-0.00013,-0,0,2e-05,1e-05,0,0.00018,-7e-05,-0.0001,8e-05,-3e-05,-1e-05,1e-05,0.00041,-0.00013,-0.00021,8e-05,0,-1e-05,0,-1e-05,-6e-05,1e-05,3e-05,0,-0,-0,-2e-05,0.00019,-8e-05,4e-05,0,-0,-0
102.76,-0.00012,-0,0,2e-05,2e-05,0,0.00022,-5e-05,-7e-05,0.00013,-0.0001,-4e-05,1e-05,0.00048,-0.00011,-0.00019,0.00013,-2e-05,-3e-05,0,-1e-05,-4e-05,0,2e-05,0,-0,-0,-2e-05,0.00015,-6e-05,4e-05,0,-0,-0
102.78,-0.00011,0,0,3e-05,3e-05,0,0.00026,-1e-05,-4e-05,0.0002,-0.00019,-8e-05,-1e-05,0.00054,-6e-05,-0.00014,0.0002,-3e-05,-5e-05,1e-05,-1e-05,-2e-05,-0,2e-05,0,-0,-0,-1e-05,0.00011,-4e-05,3e-05,0,-0,-0
102.8,-0.0001,0,0,3e-05,4e-05,0,0.0003,4e-05,-0,0.00027,-0.00027,-0.00013,-2e-05,0.0006,2e-05,-9e-05,0.00028,-5e-05,-8e-05,1e-05,-1e-05,1e-05,-1e-05,1e-05,0,-0,-0,-1e-05,6e-05,-2e-05,2e-05,0,0,0
102.82,-8e-05,0,0,4e-05,5e-05,0,0.00033,0.00012,4e-05,0.00036,-0.00029,-0.00016,-4e-05,0.00065,0.00012,-2e-05,0.00038,-0.0001,-0.00011,1e-05,-0,3e-05,-2e-05,1e-05,0,-0,-0,-1e-05,1e-05,-0,1e-05,-0,0,0
102.84,-6e-05,1e-05,0,5e-05,7e-05,0,0.00035,0.00023,9e-05,0.00044,-0.00024,-0.00019,-6e-05,0.00069,0.00027,4e-05,0.00048,-0.00017,-0.00016,1e-05,1e-05,5e-05,-2e-05,0,0,-0,-0,-1e-05,-2e-05,1e-05,-0,-0,0,0
102.86,-5e-05,1e-05,1e-05,7e-05,9e-05,0,0.00035,0.00036,0.00014,0.00052,-0.00013,-0.0002,-8e-05,0.00071,0.00045,0.0001,0.0006,-0.00028,-0.0002,0,2e-05,6e-05,-3e-05,-0,0,-0,-0,-2e-05,-5e-05,2e-05,-1e-05,-0,0,0
102.88,-3e-05,2e-05,1e-05,9e-05,0.00012,0,0.00031,0.00052,0.00018,0.00058,-0,-0.00021,-0.0001,0.0007,0.00067,0.00015,0.0007,-0.00042,-0.00025,-1e-05,3e-05,7e-05,-4e-05,-1e-05,-0,-0,-0,-3e-05,-6e-05,3e-05,-2e-05,-0,0,0
102.9,-2e-05,2e-05,1e-05,0.00013,0.00014,0,0.00024,0.00071,0.00019,0.0006,0.00016,-0.00021,-0.00011,0.00065,0.00092,0.00017,0.00079,-0.00057,-0.00028,-3e-05,5e-05,6e-05,-4e-05,-2e-05,-0,-0,-0,-4e-05,-7e-05,3e-05,-2e-05,-0,0,0
102.92,-1e-05,2e-05,1e-05,0.00017,0.00013,0,0.00014,0.00091,0.00018,0.00057,0.00037,-0.00019,-0.00012,0.00057,0.00121,0.00016,0.00085,-0.00063,-0.00026,-5e-05,7e-05,5e-05,-4e-05,-2e-05,-0,-0,-0,-6e-05,-6e-05,4e-05,-3e-05,-0,0,0
102.94,-2e-05,2e-05,1e-05,0.00023,0.00011,0,3e-05,0.00112,0.00012,0.00048,0.00054,-0.00016,-0.00013,0.00044,0.0015,0.00013,0.00086,-0.00064,-0.0002,-7e-05,9e-05,2e-05,-4e-05,-3e-05,-0,-0,-0,-8e-05,-5e-05,4e-05,-3e-05,-1e-05,0,0
102.96,-3e-05,2e-05,1e-05,0.0003,0.0001,0,-6e-05,0.00132,4e-05,0.00031,0.0006,-0.00016,-0.00014,0.00028,0.00177,6e-05,0.0008,-0.00062,-0.00012,-0.0001,0.00011,-1e-05,-4e-05,-3e-05,-0,-0,-0,-0.00011,-3e-05,5e-05,-2e-05,-1e-05,0,0
102.98,-4e-05,2e-05,0,0.00037,8e-05,0,-9e-05,0.00145,-4e-05,6e-05,0.00059,-0.00015,-0.00015,0.00012,0.00197,-0,0.00067,-0.00057,-4e-05,-0.00012,0.00013,-6e-05,-3e-05,-4e-05,-0,-0,-0,-0.00014,-0,6e-05,-1e-05,-1e-05,0,0
103,-6e-05,1e-05,-1e-05,0.00045,7e-05,0,-2e-05,0.00154,-6e-05,-0.00026,0.00048,-0.00016,-0.00016,-1e-05,0.00212,-5e-05,0.00047,-0.00051,4e-05,-0.00015,0.00015,-0.0001,-3e-05,-4e-05,-0,-0,-0,-0.00016,2e-05,6e-05,0,-1e-05,0,0
103.02,-9e-05,0,-1e-05,0.00051,5e-05,-0,0.00023,0.00156,6e-05,-0.00064,0.00029,-0.0002,-0.00015,-5e-05,0.00222,-2e-05,0.00018,-0.00048,0.0001,-0.00019,0.00016,-0.00014,-2e-05,-4e-05,-0,-0,-0,-0.00016,5e-05,7e-05,1e-05,-1e-05,0,0
103.04,-0.00012,-0,-1e-05,0.00056,2e-05,-0,0.00067,0.00143,0.00039,-0.00106,0.00012,-0.00023,-0.00012,4e-05,0.00219,0.00015,-0.00018,-0.00047,0.00014,-0.00023,0.00016,-0.00017,-2e-05,-4e-05,-0,-1e-05,-0,-0.00014,8e-05,7e-05,2e-05,-1e-05,0,0
103.06,-0.00016,-0,-0,0.0006,0,-0,0.00119,0.0011,0.00099,-0.00153,3e-05,-0.00023,-0.0001,0.00026,0.00199,0.00051,-0.00061,-0.00043,0.00017,-0.00028,0.00015,-0.00019,-1e-05,-4e-05,-0,-1e-05,-0,-0.00012,0.00011,6e-05,3e-05,-1e-05,0,0
103.08,-0.00022,0,1e-05,0.00061,-3e-05,-0,0.00165,0.00054,0.00175,-0.00206,-1e-05,-0.00022,-8e-05,0.00054,0.00161,0.00106,-0.00112,-0.0004,0.00019,-0.00033,0.00013,-0.00019,-0,-3e-05,-0,-1e-05,-0,-9e-05,0.00013,5e-05,4e-05,-1e-05,0,0
103.1,-0.00036,0,3e-05,0.00059,-6e-05,-0,0.00189,-0.00021,0.00268,-0.00251,1e-05,-0.00018,-6e-05,0.00086,0.00109,0.00185,-0.00171,-0.00034,0.0002,-0.00037,0.00011,-0.00019,0,-3e-05,-0,-1e-05,-0,-6e-05,0.00015,4e-05,4e-05,-1e-05,0,0
103.12,-0.00056,1e-05,7e-05,0.00054,-7e-05,-0,0.00152,-0.00115,0.00375,-0.00246,6e-05,-0.00013,-4e-05,0.00119,0.00042,0.00287,-0.00227,-0.0002,0.00021,-0.00036,8e-05,-0.00017,1e-05,-3e-05,-0,-0,-0,-4e-05,0.00016,2e-05,4e-05,-1e-05,0,0
103.14,-0.00086,1e-05,0.00016,0.00047,-8e-05,-0,0.00016,-0.0021,0.00432,-0.00174,0.00014,-7e-05,-1e-05,0.00116,-0.00038,0.00379,-0.00266,-3e-05,0.00021,-0.00031,6e-05,-0.00016,2e-05,-2e-05,-0,-0,-0,-2e-05,0.00015,1e-05,4e-05,-0,0,0
103.16,-0.00125,2e-05,0.00029,0.00039,-6e-05,-0,-0.00201,-0.00285,0.00407,-0.00051,0.00025,-1e-05,3e-05,0.00047,-0.00122,0.00428,-0.00275,0.0001,0.00018,-0.00024,4e-05,-0.00014,4e-05,-2e-05,-0,-0,-0,-1e-05,0.00014,-1e-05,4e-05,-0,0,0
103.18,-0.00175,5e-05,0.00043,0.00029,-4e-05,-0,-0.00462,-0.00321,0.00291,0.0011,0.00036,5e-05,7e-05,-0.00088,-0.00197,0.00402,-0.00242,0.00021,0.00013,-0.00014,2e-05,-0.00013,6e-05,-2e-05,-0,-0,-0,0,0.00012,-2e-05,4e-05,-0,0,0
103.2,-0.00223,8e-05,0.00054,0.00021,-1e-05,-0,-0.00683,-0.00305,0.00221,0.00248,0.00046,9e-05,0.0001,-0.00275,-0.00241,0.00343,-0.00162,0.00025,7e-05,-6e-05,1e-05,-0.00012,8e-05,-2e-05,-0,-0,-0,1e-05,9e-05,-3e-05,4e-05,-0,0,0
103.22,-0.00254,0.00011,0.00053,0.00013,2e-05,-0,-0.00755,-0.00229,0.00312,0.00285,0.00053,0.00011,0.00011,-0.00458,-0.00224,0.00316,-0.00054,0.0002,2e-05,-0,-0,-0.00013,0.00011,-2e-05,-1e-05,-0,-0,1e-05,6e-05,-4e-05,3e-05,-0,0,0
103.24,-0.00282,0.00012,0.00038,6e-05,4e-05,-0,-0.00644,-0.00139,0.00422,0.00229,0.00053,0.00011,9e-05,-0.00544,-0.0016,0.00285,0.0003,0.00015,-1e-05,3e-05,-1e-05,-0.00015,0.00015,-3e-05,-1e-05,0,0,1e-05,3e-05,-5e-05,2e-05,-1e-05,0,0
103.26,-0.00305,0.0001,0.00018,-1e-05,6e-05,-0,-0.00419,-0.00073,0.00499,0.00125,0.00045,9e-05,6e-05,-0.00498,-0.00094,0.00269,0.00056,0.00013,-1e-05,4e-05,-2e-05,-0.00018,0.00019,-4e-05,-1e-05,0,0,1e-05,0,-6e-05,-0,-1e-05,0,0
103.28,-0.00319,7e-05,1e-05,-7e-05,7e-05,-0,-0.00144,-0.00013,0.00542,2e-05,0.00034,6e-05,3e-05,-0.00331,-0.00042,0.00285,0.00023,0.00011,-0,3e-05,-3e-05,-0.00023,0.00023,-5e-05,-1e-05,0,0,1e-05,-1e-05,-7e-05,-2e-05,-1e-05,-0,0
103.3,-0.00315,4e-05,-6e-05,-0.00013,7e-05,-0,0.00037,0.00079,0.0054,-0.00082,0.0002,3e-05,0,-0.00154,7e-05,0.00321,-0.0003,0.00011,1e-05,1e-05,-4e-05,-0.00029,0.00027,-7e-05,-1e-05,0,0,1e-05,-2e-05,-8e-05,-4e-05,-1e-05,-0,-0
103.32,-0.0029,2e-05,-0.0001,-0.00019,6e-05,-0,0.00089,0.00216,0.00501,-0.00106,6e-05,1e-05,-0,-0.00076,0.00087,0.00358,-0.00056,0.00013,1e-05,0,-6e-05,-0.00036,0.0003,-9e-05,-1e-05,0,0,0,-0,-9e-05,-6e-05,-1e-05,-0,-0
103.34,-0.00256,1e-05,-0.00014,-0.00023,5e-05,-0,0.00103,0.00364,0.00421,-0.00101,-1e-05,1e-05,-0,-0.00037,0.00197,0.00369,-0.00064,0.00015,2e-05,-1e-05,-8e-05,-0.00042,0.00032,-0.0001,-2e-05,0,0,-0,3e-05,-0.0001,-8e-05,-1e-05,-0,-0
103.36,-0.00219,1e-05,-0.00017,-0.00026,4e-05,-0,0.00101,0.00497,0.00319,-0.00086,-3e-05,1e-05,1e-05,-2e-05,0.00315,0.00353,-0.00066,0.00018,2e-05,-1e-05,-0.00011,-0.00049,0.00033,-0.00011,-2e-05,0,0,-1e-05,7e-05,-0.00011,-0.0001,-1e-05,-0,-0
103.38,-0.0018,0,-0.00018,-0.00029,3e-05,-0,0.00082,0.00593,0.00219,-0.00066,-2e-05,1e-05,3e-05,0.00022,0.00424,0.00317,-0.00059,0.0002,2e-05,-1e-05,-0.00014,-0.00054,0.00033,-0.00012,-2e-05,0,0,-1e-05,0.00012,-0.00012,-0.00011,-1e-05,-0,-0
103.4,-0.0014,0,-0.00015,-0.00029,2e-05,0,0.00046,0.00642,0.00136,-0.00046,-1e-05,2e-05,3e-05,0.00037,0.00509,0.00267,-0.00053,0.0002,2e-05,-1e-05,-0.00018,-0.00057,0.00031,-0.00012,-1e-05,0,0,-2e-05,0.00017,-0.00012,-0.00011,-1e-05,-0,-0
103.42,-0.001,0,-0.0001,-0.00026,1e-05,0,3e-05,0.00647,0.00077,-0.0003,-1e-05,2e-05,3e-05,0.00044,0.00569,0.00212,-0.00052,0.0002,1e-05,-1e-05,-0.0002,-0.00058,0.00028,-0.00012,-1e-05,0,0,-2e-05,0.00021,-0.00012,-0.00012,-1e-05,-0,-0
103.44,-0.00061,1e-05,-5e-05,-0.00023,1e-05,0,-0.00037,0.00616,0.00038,-0.00018,-2e-05,2e-05,2e-05,0.00037,0.00603,0.00152,-0.00047,0.00017,1e-05,-1e-05,-0.00022,-0.00055,0.00024,-0.00011,-1e-05,0,0,-2e-05,0.00024,-0.00011,-0.00011,-1e-05,-0,-0
103.46,-0.00025,1e-05,-0,-0.00018,0,0,-0.00073,0.00565,0.00014,-9e-05,-2e-05,3e-05,2e-05,0.00017,0.00614,0.00092,-0.00034,0.00011,0,-0,-0.00024,-0.00049,0.00019,-0.00011,-1e-05,0,0,-3e-05,0.00025,-0.0001,-0.00011,-1e-05,-0,-0
103.48,9e-05,1e-05,3e-05,-0.00012,0,0,-0.00104,0.00505,0,-3e-05,-2e-05,3e-05,1e-05,-0.00017,0.00605,0.00039,-0.00018,4e-05,0,-0,-0.00024,-0.00041,0.00014,-0.00011,-1e-05,0,0,-3e-05,0.00023,-7e-05,-0.0001,-1e-05,-0,-0
103.5,0.0004,1e-05,4e-05,-6e-05,-0,0,-0.00127,0.00438,-8e-05,3e-05,-1e-05,3e-05,1e-05,-0.0006,0.00561,-1e-05,1e-05,-3e-05,0,0,-0.00024,-0.00031,8e-05,-0.0001,-1e-05,-0,-0,-3e-05,0.0002,-5e-05,-0.0001,-1e-05,-0,0
103.52,0.00068,1e-05,4e-05,-0,-0,0,-0.00137,0.00366,-0.00014,9e-05,-1e-05,3e-05,0,-0.00094,0.00473,-0.00023,0.00018,-5e-05,-0,1e-05,-0.00022,-0.0002,2e-05,-9e-05,-0,-0,-0,-3e-05,0.00015,-2e-05,-9e-05,-1e-05,0,0
103.54,0.00092,1e-05,3e-05,5e-05,-0,0,-0.00136,0.00295,-0.00019,0.00016,-0,3e-05,0,-0.00108,0.0037,-0.00027,0.00029,-0,-1e-05,1e-05,-0.00021,-9e-05,-3e-05,-9e-05,-0,-0,-0,-2e-05,9e-05,1e-05,-8e-05,-1e-05,0,0
103.56,0.00111,1e-05,2e-05,0.0001,-0,0,-0.0013,0.00227,-0.00025,0.00025,-0,2e-05,0,-0.00107,0.00272,-0.00023,0.00037,6e-05,-1e-05,2e-05,-0.00018,1e-05,-8e-05,-8e-05,-0,-0,-0,-2e-05,4e-05,4e-05,-8e-05,-1e-05,0,0
103.58,0.00125,1e-05,2e-05,0.00013,-0,0,-0.00118,0.0016,-0.00031,0.00034,0,1e-05,0,-0.00088,0.00181,-0.00016,0.00039,0.00012,-2e-05,2e-05,-0.00016,0.0001,-0.00011,-8e-05,0,-0,-0,-1e-05,-1e-05,6e-05,-7e-05,-1e-05,0,0
103.6,0.00131,1e-05,1e-05,0.00015,-0,0,-0.00098,0.00092,-0.00038,0.00043,-0,1e-05,0,-0.00057,0.00099,-0.0001,0.00038,0.00016,-2e-05,2e-05,-0.00014,0.00016,-0.00014,-7e-05,0,-0,-0,-1e-05,-5e-05,8e-05,-7e-05,-0,0,0
103.62,0.00129,1e-05,1e-05,0.00015,-0,-0,-0.00068,0.00025,-0.00046,0.00054,-0,-0,0,-0.00029,0.0003,-7e-05,0.00045,0.00015,-2e-05,1e-05,-0.00011,0.0002,-0.00015,-7e-05,0,-0,-0,0,-9e-05,9e-05,-6e-05,-0,0,0
103.64,0.0012,0,1e-05,0.00012,0,-0,-0.0003,-0.00034,-0.00053,0.00065,-1e-05,-1e-05,0,3e-05,-0.00026,-7e-05,0.00057,0.00012,-2e-05,1e-05,-0.0001,0.00022,-0.00015,-6e-05,0,-0,-0,1e-05,-0.00012,0.0001,-6e-05,-0,0,0
103.66,0.00107,0,0,8e-05,0,-0,8e-05,-0.00085,-0.0006,0.00075,-1e-05,-2e-05,0,0.00043,-0.00071,-8e-05,0.00066,0.0001,-1e-05,0,-8e-05,0.00022,-0.00015,-5e-05,0,-0,-0,2e-05,-0.00013,0.0001,-5e-05,-0,0,0
103.68,0.00091,0,-0,2e-05,1e-05,-0,0.00051,-0.00128,-0.00067,0.00083,-2e-05,-2e-05,0,0.00087,-0.00108,-0.00011,0.00073,8e-05,-1e-05,0,-7e-05,0.00019,-0.00013,-4e-05,0,-0,-0,3e-05,-0.00014,0.0001,-5e-05,-0,0,0
103.7,0.00074,0,-1e-05,-5e-05,1e-05,-0,0.00089,-0.00162,-0.00072,0.0009,-2e-05,-3e-05,-0,0.00144,-0.00139,-0.00015,0.00078,6e-05,-1e-05,-0,-7e-05,0.00016,-0.0001,-3e-05,1e-05,-0,-0,4e-05,-0.00014,9e-05,-4e-05,0,0,0
103.72,0.00055,0,-4e-05,-0.00014,1e-05,-0,0.00117,-0.00189,-0.00074,0.00102,-1e-05,-3e-05,-0,0.00225,-0.00165,-0.00023,0.00082,5e-05,-0,-0,-6e-05,0.00012,-8e-05,-2e-05,1e-05,-0,-0,5e-05,-0.00013,8e-05,-3e-05,0,0,0
103.74,0.00038,1e-05,-6e-05,-0.00023,1e-05,-0,0.00141,-0.00213,-0.00077,0.00119,1e-05,-2e-05,-0,0.00313,-0.00199,-0.00037,0.00091,4e-05,0,-0,-6e-05,8e-05,-5e-05,-1e-05,1e-05,-0,-0,7e-05,-0.00011,7e-05,-2e-05,0,0,0
103.76,0.00023,2e-05,-9e-05,-0.00032,1e-05,-0,0.00163,-0.00243,-0.00087,0.00135,3e-05,-1e-05,-0,0.0039,-0.0025,-0.00061,0.00105,4e-05,1e-05,-0,-5e-05,4e-05,-3e-05,-0,1e-05,-0,-0,8e-05,-9e-05,5e-05,-2e-05,0,0,0
103.78,0.0001,3e-05,-0.0001,-0.00041,1e-05,-0,0.00183,-0.00284,-0.00107,0.00152,5e-05,1e-05,-0,0.00453,-0.00326,-0.00099,0.00125,3e-05,1e-05,0,-5e-05,2e-05,-1e-05,1e-05,1e-05,0,0,0.0001,-6e-05,3e-05,-1e-05,1e-05,0,0
103.8,-2e-05,3e-05,-9e-05,-0.00048,1e-05,-0,0.00198,-0.00342,-0.00137,0.00174,7e-05,3e-05,0,0.00488,-0.00431,-0.00149,0.00161,3e-05,1e-05,1e-05,-4e-05,2e-05,-0,1e-05,1e-05,0,0,0.00011,-2e-05,1e-05,0,1e-05,0,0
103.82,-0.00016,3e-05,-7e-05,-0.00053,1e-05,-0,0.00201,-0.0042,-0.00179,0.00207,0.0001,6e-05,0,0.00483,-0.00557,-0.00207,0.00222,2e-05,0,2e-05,-4e-05,4e-05,-0,2e-05,1e-05,0,0,0.00013,1e-05,-2e-05,1e-05,1e-05,0,0
103.84,-0.00034,3e-05,-3e-05,-0.00056,1e-05,-0,0.00196,-0.00518,-0.00231,0.00244,0.00011,8e-05,1e-05,0.00447,-0.00694,-0.00269,0.00287,1e-05,-1e-05,3e-05,-3e-05,9e-05,-1e-05,3e-05,1e-05,0,0,0.00013,4e-05,-4e-05,2e-05,1e-05,0,-0
103.86,-0.00055,2e-05,-1e-05,-0.00058,1e-05,0,0.00187,-0.00633,-0.00284,0.00274,0.00012,0.00011,1e-05,0.00393,-0.00826,-0.00326,0.00336,1e-05,-3e-05,4e-05,-3e-05,0.00016,-4e-05,3e-05,1e-05,-0,-0,0.00013,6e-05,-7e-05,2e-05,1e-05,-0,-0
103.88,-0.00078,1e-05,0,-0.00058,1e-05,0,0.00172,-0.00757,-0.00332,0.00296,0.00012,0.00012,1e-05,0.00331,-0.00935,-0.00371,0.00364,-0,-4e-05,5e-05,-2e-05,0.00025,-7e-05,3e-05,1e-05,-0,-0,0.00013,8e-05,-0.0001,2e-05,1e-05,-0,-0
103.9,-0.00102,-0,0,-0.00057,1e-05,0,0.00157,-0.00869,-0.00358,0.00304,0.0001,0.00013,1e-05,0.00277,-0.00995,-0.00386,0.0036,-1e-05,-6e-05,6e-05,-2e-05,0.00035,-0.00011,3e-05,1e-05,-0,-0,0.00012,9e-05,-0.00012,2e-05,1e-05,-0,-0
103.92,-0.00127,-0,-1e-05,-0.00054,1e-05,0,0.00153,-0.00941,-0.0035,0.00295,8e-05,0.00012,1e-05,0.0024,-0.00996,-0.00361,0.00323,-1e-05,-7e-05,6e-05,-2e-05,0.00045,-0.00014,3e-05,1e-05,-0,-0,0.0001,9e-05,-0.00013,2e-05,1e-05,-0,-0
103.94,-0.00148,0,-2e-05,-0.0005,1e-05,0,0.00158,-0.00969,-0.00312,0.00272,5e-05,0.0001,0,0.00219,-0.00946,-0.00311,0.0027,-1e-05,-7e-05,6e-05,-3e-05,0.00054,-0.00018,3e-05,1e-05,-0,-0,8e-05,7e-05,-0.00014,1e-05,1e-05,-0,-0
103.96,-0.00161,1e-05,-3e-05,-0.00045,1e-05,0,0.00168,-0.00952,-0.00252,0.00239,3e-05,8e-05,-0,0.00215,-0.00849,-0.00247,0.00213,-1e-05,-6e-05,5e-05,-2e-05,0.00062,-0.00021,3e-05,1e-05,-0,-0,6e-05,4e-05,-0.00013,1e-05,1e-05,-0,-0
103.98,-0.00165,2e-05,-2e-05,-0.0004,0,0,0.00186,-0.00878,-0.00175,0.00201,1e-05,6e-05,-1e-05,0.00227,-0.00704,-0.00173,0.00159,-1e-05,-5e-05,4e-05,-2e-05,0.00068,-0.00023,3e-05,1e-05,-0,-0,4e-05,-0,-0.00013,-0,1e-05,-0,-0
104,-0.00161,2e-05,-2e-05,-0.00035,0,-0,0.00214,-0.00768,-0.00102,0.00164,0,4e-05,-1e-05,0.00243,-0.00556,-0.00109,0.00114,-1e-05,-3e-05,4e-05,-1e-05,0.0007,-0.00024,2e-05,1e-05,-0,-0,3e-05,-5e-05,-0.00011,-1e-05,1e-05,-0,-0
104.02,-0.00149,2e-05,-1e-05,-0.00029,0,0,0.00244,-0.00648,-0.00046,0.00133,-0,3e-05,-1e-05,0.00248,-0.00436,-0.00066,0.00083,-0,-2e-05,3e-05,0,0.00069,-0.00022,2e-05,1e-05,-0,-0,2e-05,-0.0001,-9e-05,-1e-05,0,-0,-0
104.04,-0.00131,2e-05,-1e-05,-0.00022,0,0,0.00262,-0.00508,-8e-05,0.00111,-0,1e-05,-1e-05,0.00238,-0.00317,-0.00037,0.00064,-0,-2e-05,2e-05,2e-05,0.00064,-0.00019,2e-05,0,-0,-0,2e-05,-0.00015,-7e-05,-2e-05,0,-0,-0
104.06,-0.00107,2e-05,-0,-0.00015,0,0,0.00266,-0.0035,0.00011,0.00098,0,0,-1e-05,0.00218,-0.0019,-0.00022,0.00053,-0,-1e-05,2e-05,4e-05,0.00056,-0.00013,2e-05,0,0,0,1e-05,-0.0002,-5e-05,-2e-05,0,-0,-0
104.08,-0.00078,2e-05,0,-8e-05,0,0,0.00259,-0.00195,0.00012,0.00093,0,-1e-05,-1e-05,0.00188,-0.00077,-0.00018,0.00047,0,-1e-05,1e-05,6e-05,0.00044,-6e-05,2e-05,-0,0,0,1e-05,-0.00023,-2e-05,-2e-05,0,-0,-0
104.1,-0.00044,2e-05,1e-05,-1e-05,0,0,0.00233,-0.00078,4e-05,0.00093,1e-05,-1e-05,-1e-05,0.00144,3e-05,-0.0002,0.00046,0,-0,-0,8e-05,0.00031,1e-05,2e-05,-0,0,0,1e-05,-0.00026,0,-2e-05,0,-0,-0
104.12,-8e-05,2e-05,1e-05,7e-05,0,0,0.00188,-4e-05,-7e-05,0.00096,1e-05,-1e-05,-1e-05,0.00089,0.00056,-0.00024,0.00047,0,-0,-1e-05,9e-05,0.00018,8e-05,2e-05,-0,0,0,0,-0.00029,2e-05,-2e-05,0,-0,-0
104.14,0.00029,2e-05,2e-05,0.00014,0,0,0.0014,0.00046,-0.00016,0.00102,0,-1e-05,-0,0.00034,0.00091,-0.00024,0.00049,0,-0,-1e-05,0.0001,6e-05,0.00014,2e-05,-1e-05,0,0,0,-0.0003,4e-05,-1e-05,0,-0,-0
104.16,0.00066,1e-05,2e-05,0.00021,0,0,0.00095,0.00069,-0.00017,0.00109,0,-0,0,-0.0002,0.00103,-0.00018,0.00051,1e-05,-0,-1e-05,0.0001,-4e-05,0.00018,1e-05,-1e-05,1e-05,0,-0,-0.0003,5e-05,-1e-05,-0,-0,-0
104.18,0.00101,1e-05,1e-05,0.00027,0,0,0.00051,0.00068,-0.0001,0.00114,-0,-0,1e-05,-0.00074,0.00096,-6e-05,0.0005,1e-05,-0,-1e-05,0.0001,-0.00011,0.00021,1e-05,-1e-05,1e-05,0,-1e-05,-0.0003,6e-05,-2e-05,-0,-0,-0
104.2,0.0013,0,1e-05,0.00033,0,0,4e-05,0.00052,3e-05,0.00116,-0,0,1e-05,-0.00129,0.0008,0.00011,0.00048,1e-05,-0,-1e-05,0.0001,-0.00016,0.00022,0,-1e-05,1e-05,0,-1e-05,-0.00028,7e-05,-2e-05,-0,-0,-0
104.22,0.00148,-0,0,0.00036,-0,0,-0.00044,0.00035,0.0002,0.00115,0,0,2e-05,-0.00181,0.00061,0.00029,0.00042,2e-05,-0,0,9e-05,-0.00019,0.00022,-1e-05,-1e-05,1e-05,0,-2e-05,-0.00026,7e-05,-2e-05,-0,-0,-0
104.24,0.00156,-1e-05,-0,0.00039,-0,0,-0.00092,0.00022,0.00038,0.00109,1e-05,-0,3e-05,-0.00229,0.00045,0.00048,0.00034,3e-05,0,1e-05,7e-05,-0.0002,0.00021,-1e-05,-1e-05,0,0,-2e-05,-0.00024,7e-05,-2e-05,-0,-0,0
104.26,0.00156,-1e-05,-0,0.0004,-1e-05,0,-0.00141,0.00012,0.00052,0.00098,2e-05,-0,3e-05,-0.00275,0.00033,0.00063,0.00023,4e-05,0,2e-05,6e-05,-0.00021,0.00019,-1e-05,-0,0,0,-3e-05,-0.00021,7e-05,-2e-05,-0,0,0
104.28,0.0015,-1e-05,-1e-05,0.0004,-1e-05,0,-0.00191,0.00012,0.00062,0.00082,3e-05,-0,4e-05,-0.00317,0.00028,0.00076,9e-05,8e-05,1e-05,3e-05,5e-05,-0.00021,0.00017,-1e-05,-0,0,0,-3e-05,-0.00018,6e-05,-2e-05,-0,0,0
104.3,0.00141,-1e-05,-1e-05,0.00039,-1e-05,0,-0.00238,0.00013,0.00068,0.00062,3e-05,-0,4e-05,-0.00352,0.00025,0.00084,-6e-05,0.00013,1e-05,5e-05,4e-05,-0.00022,0.00015,-0,-0,0,0,-3e-05,-0.00014,6e-05,-1e-05,-0,0,0
104.32,0.00132,-1e-05,-0,0.00038,-1e-05,-0,-0.00278,0.00012,0.0007,0.00039,3e-05,-0,4e-05,-0.00372,0.0002,0.0009,-0.00023,0.00022,2e-05,7e-05,3e-05,-0.00023,0.00014,0,-0,0,0,-3e-05,-0.0001,5e-05,-1e-05,0,0,0
104.34,0.00125,-1e-05,-0,0.00038,-1e-05,-0,-0.00311,0.00012,0.0007,0.00011,3e-05,-0,5e-05,-0.0038,0.00018,0.00092,-0.00042,0.00036,4e-05,9e-05,3e-05,-0.00026,0.00013,1e-05,-0,0,0,-3e-05,-6e-05,5e-05,-0,0,0,0
104.36,0.00121,-0,-0,0.00037,-2e-05,-0,-0.00339,0.00015,0.00069,-0.00019,2e-05,-0,5e-05,-0.00382,0.00018,0.00092,-0.00061,0.00055,6e-05,0.00012,3e-05,-0.0003,0.00013,1e-05,-0,0,0,-3e-05,-1e-05,4e-05,0,0,0,0
104.38,0.0012,-0,-0,0.00037,-2e-05,-0,-0.00362,0.00017,0.00067,-0.0005,2e-05,-0,6e-05,-0.00375,0.0002,0.0009,-0.0008,0.00078,8e-05,0.00014,3e-05,-0.00034,0.00013,2e-05,-0,0,0,-4e-05,3e-05,4e-05,1e-05,0,0,0
104.4,0.00121,-0,-0,0.00037,-2e-05,-0,-0.00373,0.00018,0.00067,-0.0008,2e-05,0,8e-05,-0.00361,0.00019,0.00086,-0.00096,0.00107,0.0001,0.00018,3e-05,-0.00039,0.00013,2e-05,-0,0,0,-4e-05,7e-05,3e-05,1e-05,0,0,0
104.42,0.00124,-0,-0,0.00036,-2e-05,0,-0.00365,0.00018,0.00068,-0.00101,2e-05,0,0.0001,-0.00343,0.00017,0.00083,-0.00107,0.00145,0.00014,0.00022,4e-05,-0.00042,0.00013,2e-05,-0,0,0,-5e-05,0.00012,3e-05,1e-05,0,0,0
104.44,0.00129,-0,-0,0.00035,-2e-05,0,-0.00344,0.00018,0.00071,-0.00113,2e-05,1e-05,0.00012,-0.00321,0.00014,0.00081,-0.00112,0.00182,0.00018,0.00025,4e-05,-0.00044,0.00013,2e-05,-0,0,0,-6e-05,0.00015,2e-05,1e-05,0,0,0
104.46,0.00133,0,-0,0.00035,-2e-05,0,-0.00315,0.00019,0.00073,-0.00117,2e-05,1e-05,0.00015,-0.00295,0.00011,0.0008,-0.00112,0.00207,0.00021,0.00027,5e-05,-0.00044,0.00011,1e-05,-0,0,0,-7e-05,0.00018,1e-05,-0,0,0,0
104.48,0.00135,0,-0,0.00034,-2e-05,0,-0.00276,0.00021,0.00075,-0.00112,2e-05,2e-05,0.00017,-0.00265,0.0001,0.0008,-0.00107,0.00221,0.00024,0.00028,6e-05,-0.00041,9e-05,-1e-05,-0,0,0,-8e-05,0.00021,0,-1e-05,0,0,0
104.5,0.00136,0,0,0.00033,-1e-05,0,-0.00236,0.00024,0.00076,-0.00102,2e-05,2e-05,0.00019,-0.00235,0.0001,0.00082,-0.001,0.00218,0.00025,0.00026,6e-05,-0.00036,7e-05,-3e-05,-0,0,0,-9e-05,0.00022,-1e-05,-3e-05,0,0,0
104.52,0.00134,0,0,0.00031,-1e-05,0,-0.00203,0.00028,0.00078,-0.0009,2e-05,3e-05,0.00022,-0.0021,0.00012,0.00085,-0.00091,0.00196,0.00024,0.00023,7e-05,-0.0003,4e-05,-4e-05,-0,-0,-0,-0.0001,0.00023,-2e-05,-4e-05,-0,0,-0
104.54,0.00129,0,0,0.00028,-1e-05,0,-0.0017,0.00031,0.00078,-0.00076,1e-05,3e-05,0.00025,-0.00186,0.00014,0.00088,-0.0008,0.00161,0.00021,0.00018,7e-05,-0.00023,1e-05,-6e-05,-0,-0,-0,-0.0001,0.00023,-3e-05,-5e-05,-0,-0,-0
104.56,0.00121,0,-0,0.00026,-0,0,-0.00136,0.00032,0.00077,-0.00061,1e-05,4e-05,0.00025,-0.00161,0.00016,0.0009,-0.00069,0.0012,0.00017,0.00013,7e-05,-0.00016,-2e-05,-7e-05,-0,-0,-0,-0.00011,0.00021,-3e-05,-6e-05,-0,-0,-0
104.58,0.00109,0,-0,0.00022,-0,0,-0.00105,0.00033,0.00074,-0.00048,1e-05,4e-05,0.00024,-0.00137,0.00018,0.0009,-0.00057,0.00076,0.00011,9e-05,7e-05,-9e-05,-4e-05,-8e-05,-0,-0,-0,-0.00011,0.00018,-3e-05,-6e-05,-0,-0,-0
104.6,0.00097,0,-0,0.00019,0,0,-0.00079,0.00031,0.00069,-0.00035,1e-05,4e-05,0.00021,-0.00114,0.00019,0.00086,-0.00045,0.00031,3e-05,4e-05,7e-05,-2e-05,-7e-05,-8e-05,-0,-0,-0,-0.00012,0.00015,-2e-05,-6e-05,-0,-0,-0
104.62,0.00085,0,-0,0.00015,1e-05,0,-0.00057,0.00028,0.00062,-0.00025,1e-05,3e-05,0.00015,-0.00093,0.0002,0.00078,-0.00034,-7e-05,-4e-05,-0,7e-05,5e-05,-9e-05,-9e-05,-0,-0,-0,-0.00012,0.00011,-1e-05,-6e-05,-0,-0,0
104.64,0.00073,0,-0,0.00012,1e-05,0,-0.00039,0.00024,0.00053,-0.00017,0,3e-05,0.0001,-0.00074,0.00019,0.00067,-0.00025,-0.00033,-0.00011,-4e-05,6e-05,0.00011,-0.00011,-9e-05,-0,-0,-0,-0.00011,7e-05,1e-05,-6e-05,-0,0,0
104.66,0.00062,1e-05,-0,9e-05,1e-05,0,-0.00025,0.00019,0.00043,-0.00012,0,3e-05,5e-05,-0.00057,0.00019,0.00055,-0.00017,-0.00041,-0.00014,-7e-05,6e-05,0.00016,-0.00013,-8e-05,-0,-0,-0,-0.00011,2e-05,3e-05,-6e-05,-1e-05,0,0
104.68,0.00051,1e-05,-0,6e-05,1e-05,-0,-0.00014,0.00014,0.00033,-9e-05,0,2e-05,1e-05,-0.00042,0.00017,0.00043,-0.0001,-0.00034,-0.00015,-0.00011,6e-05,0.0002,-0.00014,-8e-05,0,-0,-0,-0.00011,-3e-05,5e-05,-5e-05,-1e-05,0,0
104.7,0.00041,1e-05,-0,4e-05,1e-05,-0,-6e-05,8e-05,0.00023,-8e-05,0,2e-05,-3e-05,-0.0003,0.00016,0.00032,-5e-05,1e-05,-9e-05,-0.00013,6e-05,0.00023,-0.00015,-7e-05,0,-0,-0,-0.00011,-8e-05,7e-05,-5e-05,-1e-05,0,0
104.72,0.00033,1e-05,-1e-05,2e-05,1e-05,-0,0,2e-05,0.00013,-8e-05,0,1e-05,-6e-05,-0.00021,0.00015,0.00022,-1e-05,0.00088,9e-05,-0.00014,6e-05,0.00024,-0.00016,-7e-05,0,-0,-0,-0.00011,-0.00013,9e-05,-5e-05,-1e-05,0,0
104.74,0.00026,1e-05,-1e-05,1e-05,1e-05,-0,4e-05,-3e-05,4e-05,-9e-05,0,1e-05,-9e-05,-0.00014,0.00014,0.00016,2e-05,0.00203,0.00036,-0.00013,6e-05,0.00024,-0.00015,-6e-05,0,-0,-0,-0.00011,-0.00018,0.00011,-4e-05,-1e-05,0,0
104.76,0.00018,1e-05,-1e-05,0,1e-05,-0,7e-05,-7e-05,-2e-05,-0.0001,-0,0,-0.00012,-0.0001,0.00013,0.00014,4e-05,0.00301,0.00062,-0.00011,6e-05,0.00023,-0.00014,-5e-05,0,-0,-0,-0.00011,-0.00022,0.00013,-4e-05,-1e-05,0,0
104.78,0.00012,1e-05,-0,-0,1e-05,-0,8e-05,-0.0001,-7e-05,-0.0001,-0,-0,-0.00014,-8e-05,0.00013,0.00015,6e-05,0.00351,0.00086,-7e-05,6e-05,0.00021,-0.00013,-4e-05,0,-0,-0,-0.0001,-0.00027,0.00015,-3e-05,-1e-05,0,0
104.8,5e-05,1e-05,-0,-0,1e-05,-0,7e-05,-0.00012,-9e-05,-0.00011,-0,-0,-0.00015,-8e-05,0.00013,0.00019,7e-05,0.00402,0.00106,-3e-05,6e-05,0.00018,-0.0001,-3e-05,0,-0,-0,-0.0001,-0.0003,0.00016,-2e-05,-0,0,0
104.82,-3e-05,1e-05,0,-0,1e-05,-0,3e-05,-0.00011,-9e-05,-0.00011,0,-0,-0.00013,-8e-05,0.00014,0.00025,7e-05,0.00458,0.00122,1e-05,6e-05,0.00014,-7e-05,-1e-05,0,-0,-0,-0.0001,-0.00032,0.00016,-0,-0,0,0
104.84,-0.00013,1e-05,0,-0,1e-05,-0,-3e-05,-8e-05,-6e-05,-0.00012,2e-05,-0,-0.00011,-9e-05,0.00014,0.00031,7e-05,0.00515,0.0013,6e-05,6e-05,0.0001,-4e-05,1e-05,0,-0,-0,-9e-05,-0.00031,0.00015,1e-05,-0,0,0
104.86,-0.00024,1e-05,0,0,1e-05,-0,-0.00012,-4e-05,-1e-05,-0.00013,4e-05,0,-7e-05,-9e-05,0.00016,0.00036,5e-05,0.0051,0.00129,8e-05,6e-05,6e-05,-1e-05,3e-05,0,0,0,-9e-05,-0.00029,0.00013,3e-05,-0,0,0
104.88,-0.00037,1e-05,1e-05,1e-05,1e-05,-0,-0.00023,3e-05,6e-05,-0.00014,8e-05,1e-05,-4e-05,-8e-05,0.00017,0.00038,2e-05,0.00455,0.00124,0.0001,6e-05,3e-05,2e-05,5e-05,0,0,0,-8e-05,-0.00025,9e-05,5e-05,0,0,0
104.9,-0.00053,1e-05,1e-05,1e-05,1e-05,-0,-0.00036,0.0001,0.00013,-0.00015,0.00015,3e-05,-0,-7e-05,0.00017,0.00037,-1e-05,0.00368,0.00108,0.0001,6e-05,0,4e-05,8e-05,0,0,0,-7e-05,-0.0002,6e-05,8e-05,0,0,0
104.92,-0.00071,0,2e-05,2e-05,1e-05,-0,-0.00048,0.00019,0.00021,-0.00016,0.00025,5e-05,4e-05,-7e-05,0.00016,0.00034,-5e-05,0.00251,0.00081,9e-05,7e-05,-2e-05,6e-05,0.0001,1e-05,0,0,-6e-05,-0.00015,2e-05,0.0001,1e-05,0,0
104.94,-0.00092,-1e-05,3e-05,3e-05,0,-0,-0.00059,0.00027,0.0003,-0.00016,0.0004,8e-05,9e-05,-8e-05,0.00012,0.0003,-0.00011,0.00142,0.00052,7e-05,7e-05,-3e-05,7e-05,0.00013,1e-05,0,0,-5e-05,-9e-05,-1e-05,0.00012,1e-05,0,-0
104.96,-0.00114,-2e-05,4e-05,4e-05,0,-0,-0.00068,0.00033,0.00039,-0.00016,0.00061,0.00012,0.00013,-9e-05,7e-05,0.00028,-0.00019,0.00058,0.00026,6e-05,7e-05,-2e-05,7e-05,0.00016,1e-05,1e-05,0,-4e-05,-5e-05,-4e-05,0.00014,1e-05,0,-0
104.98,-0.00136,-3e-05,5e-05,6e-05,-0,-0,-0.00075,0.00038,0.00046,-0.00016,0.00083,0.00015,0.00017,-0.0001,-0,0.00025,-0.00027,-2e-05,3e-05,4e-05,7e-05,-1e-05,6e-05,0.00018,1e-05,1e-05,0,-3e-05,-2e-05,-6e-05,0.00016,1e-05,-0,-0
105,-0.00157,-5e-05,5e-05,8e-05,-0,-0,-0.00077,0.0004,0.0005,-0.00015,0.0011,0.00019,0.0002,-0.00012,-8e-05,0.00022,-0.00035,-0.00034,-0.00016,3e-05,7e-05,0,5e-05,0.00019,1e-05,1e-05,0,-2e-05,0,-7e-05,0.00016,2e-05,-0,-0
105.02,-0.00176,-7e-05,5e-05,9e-05,-1e-05,0,-0.00073,0.00039,0.00051,-0.00015,0.00147,0.00026,0.00022,-0.00012,-0.00015,0.00018,-0.00042,-0.00035,-0.0003,1e-05,8e-05,2e-05,2e-05,0.0002,1e-05,1e-05,0,-2e-05,1e-05,-7e-05,0.00016,2e-05,-0,-0
105.04,-0.00187,-0.0001,3e-05,0.0001,-2e-05,0,-0.00065,0.00036,0.00047,-0.00015,0.0018,0.00033,0.00021,-0.0001,-0.0002,0.00013,-0.00046,-1e-05,-0.00035,0,9e-05,5e-05,-0,0.00019,1e-05,1e-05,0,-2e-05,1e-05,-6e-05,0.00014,2e-05,-0,-0
105.06,-0.00188,-0.00011,0,0.00011,-2e-05,0,-0.00053,0.0003,0.00038,-0.00015,0.00192,0.00037,0.0002,-6e-05,-0.00023,4e-05,-0.00048,0.00067,-0.00029,-1e-05,0.0001,6e-05,-3e-05,0.00017,1e-05,1e-05,0,-2e-05,-1e-05,-4e-05,0.00011,1e-05,-0,-0
105.08,-0.00178,-0.00011,-3e-05,0.00011,-3e-05,0,-0.00038,0.00021,0.00024,-0.00016,0.00192,0.00039,0.00017,-1e-05,-0.00025,-9e-05,-0.00047,0.00124,-0.00019,-2e-05,0.00012,7e-05,-6e-05,0.00013,1e-05,0,0,-2e-05,-2e-05,-3e-05,8e-05,1e-05,-0,-0
105.1,-0.00156,-0.00011,-5e-05,0.00011,-3e-05,0,-0.00024,0.0001,9e-05,-0.00016,0.00172,0.00036,0.00014,5e-05,-0.00023,-0.00022,-0.00046,0.00133,5e-05,-2e-05,0.00014,8e-05,-8e-05,9e-05,1e-05,0,0,-3e-05,-4e-05,-0,3e-05,1e-05,-0,-0
105.12,-0.00125,-0.0001,-5e-05,0.0001,-3e-05,0,-0.00013,-1e-05,-4e-05,-0.00017,0.00131,0.00029,0.00011,8e-05,-0.00019,-0.00031,-0.00049,0.00256,0.00079,-2e-05,0.00015,8e-05,-9e-05,5e-05,1e-05,0,0,-3e-05,-5e-05,1e-05,-1e-05,1e-05,-0,-0
105.14,-0.00088,-8e-05,-3e-05,8e-05,-3e-05,0,-4e-05,-7e-05,-0.00012,-0.00016,0.0009,0.00022,8e-05,8e-05,-0.00021,-0.0003,-0.00047,0.00406,0.00165,-2e-05,0.00016,6e-05,-0.0001,1e-05,0,0,0,-4e-05,-5e-05,2e-05,-5e-05,0,-0,-0
105.16,-0.00052,-6e-05,-2e-05,6e-05,-3e-05,0,3e-05,-0.0001,-0.00014,-0.00015,0.0006,0.00016,5e-05,6e-05,-0.00025,-0.00025,-0.00037,0.00531,0.0022,-2e-05,0.00016,4e-05,-0.0001,-3e-05,0,0,0,-5e-05,-4e-05,3e-05,-8e-05,0,-0,-0
105.18,-0.00017,-3e-05,-1e-05,5e-05,-3e-05,0,7e-05,-9e-05,-0.00012,-0.00014,0.00037,0.00011,3e-05,3e-05,-0.00028,-0.00019,-0.00025,0.00671,0.00255,-2e-05,0.00014,2e-05,-0.0001,-6e-05,0,0,0,-5e-05,-2e-05,3e-05,-0.0001,0,-0,0
105.2,0.00015,-0,0,3e-05,-3e-05,0,8e-05,-7e-05,-8e-05,-0.00014,0.00021,8e-05,1e-05,-2e-05,-0.00025,-0.00017,-0.00017,0.00781,0.00247,-1e-05,0.00012,-1e-05,-9e-05,-8e-05,-0,-0,-0,-5e-05,1e-05,2e-05,-0.00011,-0,-0,0
105.22,0.00041,2e-05,2e-05,2e-05,-3e-05,0,8e-05,-3e-05,-3e-05,-0.00014,0.0001,5e-05,-1e-05,-0.0001,-0.00018,-0.00015,-0.00015,0.00593,0.00196,-1e-05,9e-05,-4e-05,-8e-05,-9e-05,-0,-0,-0,-4e-05,4e-05,1e-05,-0.00013,-0,-0,0
105.24,0.00061,4e-05,5e-05,1e-05,-3e-05,0,5e-05,0,4e-05,-0.00016,4e-05,4e-05,-2e-05,-0.00018,-0.00012,-0.0001,-0.00015,0.00391,0.0014,-1e-05,6e-05,-6e-05,-7e-05,-0.0001,-0,-0,-0,-3e-05,7e-05,0,-0.00013,-0,-0,-0
105.26,0.00075,5e-05,7e-05,0,-3e-05,0,1e-05,3e-05,0.00011,-0.0002,0,3e-05,-2e-05,-0.00027,-7e-05,-5e-05,-0.00014,0.0025,0.00097,-1e-05,3e-05,-7e-05,-7e-05,-0.00011,-0,-0,-0,-2e-05,9e-05,-0,-0.00014,-0,-0,-0
105.28,0.00085,6e-05,9e-05,-0,-3e-05,0,-4e-05,3e-05,0.00018,-0.00025,-1e-05,4e-05,-2e-05,-0.00035,-4e-05,2e-05,-0.00014,0.0015,0.00065,-1e-05,1e-05,-8e-05,-7e-05,-0.00011,-0,-0,-0,-1e-05,0.0001,-0,-0.00015,-0,-0,-0
105.3,0.00091,6e-05,0.0001,-1e-05,-3e-05,0,-0.0001,3e-05,0.00024,-0.00031,-1e-05,5e-05,-2e-05,-0.00041,-1e-05,8e-05,-0.00014,0.00085,0.00041,-1e-05,-1e-05,-8e-05,-7e-05,-0.00011,-0,-0,-0,1e-05,0.00011,0,-0.00016,-0,-0,-0
105.32,0.00096,6e-05,0.0001,-1e-05,-4e-05,0,-0.00015,1e-05,0.0003,-0.00037,-0,6e-05,-1e-05,-0.00045,1e-05,0.00014,-0.00014,0.00044,0.00025,-1e-05,-3e-05,-7e-05,-8e-05,-0.00011,-0,-0,-0,3e-05,0.00011,1e-05,-0.00017,-1e-05,-0,-0
105.34,0.00102,5e-05,0.0001,-1e-05,-5e-05,0,-0.00018,-1e-05,0.00036,-0.00041,1e-05,7e-05,-1e-05,-0.00048,3e-05,0.00019,-0.00014,0.00019,0.00015,-0,-4e-05,-5e-05,-9e-05,-0.00011,-0,-0,-0,5e-05,0.0001,1e-05,-0.00018,-1e-05,-0,-0
105.36,0.0011,4e-05,0.0001,-1e-05,-5e-05,0,-0.00021,-3e-05,0.0004,-0.00044,2e-05,8e-05,-1e-05,-0.00048,5e-05,0.00024,-0.00013,4e-05,8e-05,0,-5e-05,-3e-05,-0.0001,-0.00011,-0,-0,-0,7e-05,9e-05,2e-05,-0.00019,-1e-05,-0,-0
105.38,0.00121,3e-05,0.0001,-1e-05,-6e-05,0,-0.00021,-4e-05,0.00042,-0.00045,3e-05,9e-05,-0,-0.00047,6e-05,0.00028,-0.00012,-3e-05,4e-05,1e-05,-6e-05,-2e-05,-0.00011,-0.00012,-0,-0,-0,9e-05,8e-05,2e-05,-0.0002,-1e-05,-0,-0
105.4,0.00134,2e-05,9e-05,-1e-05,-6e-05,0,-0.00021,-6e-05,0.00043,-0.00044,4e-05,0.0001,0,-0.00045,8e-05,0.00031,-0.00011,-5e-05,2e-05,1e-05,-7e-05,0,-0.00012,-0.00012,-0,-0,-0,0.00011,8e-05,2e-05,-0.00022,-1e-05,-0,-0
105.42,0.00148,2e-05,9e-05,-1e-05,-7e-05,0,-0.00021,-6e-05,0.00043,-0.00042,4e-05,0.0001,0,-0.00044,0.0001,0.00034,-9e-05,-4e-05,1e-05,2e-05,-8e-05,2e-05,-0.00013,-0.00013,-0,-0,-0,0.00014,7e-05,1e-05,-0.00024,-1e-05,-0,-0
105.44,0.00161,1e-05,9e-05,-1e-05,-7e-05,0,-0.0002,-7e-05,0.00041,-0.00039,5e-05,0.0001,0,-0.00042,0.00011,0.00037,-8e-05,-1e-05,1e-05,3e-05,-8e-05,2e-05,-0.00013,-0.00014,-0,-0,-0,0.00017,7e-05,0,-0.00025,-1e-05,-0,-0
105.46,0.00176,0,0.0001,-1e-05,-7e-05,0,-0.00018,-7e-05,0.00038,-0.00036,6e-05,0.0001,0,-0.0004,0.00012,0.0004,-7e-05,5e-05,2e-05,4e-05,-9e-05,2e-05,-0.00012,-0.00015,-0,-0,0,0.00021,7e-05,-1e-05,-0.00026,-1e-05,-0,-0
105.48,0.0019,0,0.0001,-1e-05,-7e-05,0,-0.00015,-7e-05,0.00034,-0.00032,6e-05,0.0001,-0,-0.00038,0.00013,0.00041,-5e-05,0.00011,4e-05,4e-05,-9e-05,2e-05,-0.0001,-0.00017,-1e-05,0,0,0.00026,7e-05,-3e-05,-0.00027,-1e-05,-0,-0
105.5,0.00205,0,0.00011,-1e-05,-7e-05,0,-0.00011,-7e-05,0.00029,-0.00028,7e-05,9e-05,-1e-05,-0.00035,0.00014,0.00041,-4e-05,0.00016,5e-05,5e-05,-9e-05,-0,-7e-05,-0.00018,-1e-05,0,0,0.00032,6e-05,-5e-05,-0.00028,-1e-05,-0,-0
105.52,0.00219,0,0.00013,-1e-05,-6e-05,0,-8e-05,-6e-05,0.00024,-0.00023,7e-05,8e-05,-1e-05,-0.00033,0.00014,0.0004,-3e-05,0.00019,5e-05,5e-05,-8e-05,-3e-05,-3e-05,-0.0002,-1e-05,0,0,0.00039,4e-05,-7e-05,-0.00028,-1e-05,-0,-0
105.54,0.00233,0,0.00014,-1e-05,-6e-05,0,-4e-05,-6e-05,0.00018,-0.00019,7e-05,7e-05,-2e-05,-0.0003,0.00014,0.00038,-1e-05,0.00019,6e-05,4e-05,-6e-05,-6e-05,1e-05,-0.00022,-1e-05,0,0,0.00048,1e-05,-0.0001,-0.00027,-1e-05,-0,-0
105.56,0.00249,0,0.00016,-2e-05,-5e-05,0,-1e-05,-5e-05,0.00013,-0.00014,6e-05,6e-05,-2e-05,-0.00027,0.00014,0.00034,0,0.00017,5e-05,3e-05,-4e-05,-9e-05,6e-05,-0.00023,-1e-05,0,0,0.00059,-5e-05,-0.00012,-0.00016,-1e-05,-0,0
105.58,0.00266,0,0.00017,-2e-05,-5e-05,0,2e-05,-4e-05,8e-05,-9e-05,5e-05,5e-05,-2e-05,-0.00023,0.00014,0.0003,2e-05,0.00011,4e-05,2e-05,-1e-05,-0.0001,0.0001,-0.00025,-2e-05,1e-05,0,0.00068,-8e-05,-9e-05,8e-05,1e-05,0,1e-05
105.6,0.00284,-1e-05,0.00019,-2e-05,-4e-05,0,5e-05,-2e-05,3e-05,-4e-05,4e-05,4e-05,-2e-05,-0.00021,0.00014,0.00027,3e-05,5e-05,2e-05,1e-05,1e-05,-8e-05,0.00013,-0.00026,-2e-05,1e-05,0,0.00073,-2e-05,-4e-05,0.00035,3e-05,2e-05,2e-05
105.62,0.003,-2e-05,0.0002,-3e-05,-3e-05,0,7e-05,-1e-05,-1e-05,1e-05,2e-05,3e-05,-2e-05,-0.00019,0.00015,0.00024,5e-05,-0,1e-05,-0,2e-05,-2e-05,0.00014,-0.00026,-2e-05,1e-05,0,0.0007,0.00022,1e-05,0.00057,6e-05,3e-05,4e-05
105.64,0.00316,-4e-05,0.00021,-4e-05,-3e-05,0,9e-05,1e-05,-5e-05,7e-05,0,2e-05,-2e-05,-0.00019,0.00018,0.00023,6e-05,-3e-05,-1e-05,-1e-05,0,0.00011,0.00013,-0.00025,-2e-05,1e-05,0,0.00053,0.00077,4e-05,0.00065,0.0001,5e-05,5e-05
105.66,0.00328,-6e-05,0.00022,-5e-05,-2e-05,0,0.0001,2e-05,-8e-05,0.00013,-2e-05,2e-05,-2e-05,-0.0002,0.00021,0.00026,8e-05,-4e-05,-2e-05,-1e-05,-5e-05,0.00031,8e-05,-0.00023,-2e-05,1e-05,0,0.00022,0.00178,1e-05,0.00047,0.00015,6e-05,7e-05
105.68,0.00336,-9e-05,0.00022,-6e-05,-2e-05,0,0.00011,3e-05,-0.0001,0.00018,-4e-05,1e-05,-2e-05,-0.00021,0.00024,0.0003,9e-05,-2e-05,-2e-05,-0,-0.00017,0.00058,1e-05,-0.00018,-2e-05,1e-05,0,-0.00024,0.00335,-0.0001,-4e-05,0.0002,8e-05,8e-05
105.7,0.00335,-0.00012,0.00021,-8e-05,-1e-05,0,0.00011,4e-05,-0.00011,0.00023,-5e-05,1e-05,-2e-05,-0.00022,0.00028,0.00034,0.00011,-0,-3e-05,0,-0.00032,0.00093,-9e-05,-0.00012,-2e-05,1e-05,0,-0.00076,0.00545,-0.00031,-0.00087,0.00024,9e-05,9e-05
105.72,0.00323,-0.00014,0.0002,-0.0001,-1e-05,0,0.00011,5e-05,-0.0001,0.00025,-6e-05,1e-05,-2e-05,-0.00022,0.00031,0.00039,0.00012,1e-05,-4e-05,1e-05,-0.0005,0.00135,-0.00019,-3e-05,-1e-05,0,0,-0.00125,0.0078,-0.00055,-0.00196,0.00026,0.0001,0.0001
105.74,0.00299,-0.00014,0.00019,-0.00012,-1e-05,0,0.00011,5e-05,-7e-05,0.00025,-7e-05,2e-05,-1e-05,-0.00021,0.00032,0.00042,0.00012,1e-05,-4e-05,1e-05,-0.00065,0.00182,-0.00029,8e-05,-1e-05,0,0,-0.00157,0.01011,-0.0008,-0.00318,0.00024,0.0001,0.00011
105.76,0.00266,-0.00013,0.00016,-0.00014,-1e-05,0,0.0001,5e-05,-2e-05,0.00022,-7e-05,3e-05,-1e-05,-0.00018,0.00032,0.00041,0.00013,-2e-05,-6e-05,0,-0.00074,0.00231,-0.00036,0.0002,-1e-05,0,0,-0.0016,0.01225,-0.00098,-0.00434,0.00017,0.00011,0.00012
105.78,0.00223,-0.0001,0.00013,-0.00015,-1e-05,0,7e-05,4e-05,5e-05,0.00017,-6e-05,4e-05,-1e-05,-0.00015,0.00029,0.00034,0.00014,-8e-05,-7e-05,-1e-05,-0.00073,0.00278,-0.0004,0.00034,-1e-05,0,0,-0.00131,0.01394,-0.00108,-0.00532,6e-05,0.00013,0.00015
105.8,0.0018,-6e-05,0.0001,-0.00016,-0,0,2e-05,2e-05,0.00014,0.0001,-5e-05,6e-05,-0,-0.00011,0.00026,0.00023,0.00015,-0.00014,-8e-05,-2e-05,-0.00057,0.00321,-0.00039,0.00051,-2e-05,0,0,-0.00061,0.01504,-0.00106,-0.00615,-8e-05,0.00015,0.00018
105.82,0.0015,-2e-05,5e-05,-0.00016,-0,0,-7e-05,1e-05,0.00024,2e-05,-4e-05,8e-05,0,-8e-05,0.00022,9e-05,0.00016,-0.0002,-9e-05,-3e-05,-0.00029,0.00361,-0.00034,0.00075,-2e-05,0,0,0.00031,0.01549,-0.00094,-0.00697,-0.00022,0.00019,0.00023
105.84,0.00123,0,0,-0.00015,0,0,-0.00017,-1e-05,0.00036,-6e-05,-3e-05,9e-05,1e-05,-5e-05,0.00018,-2e-05,0.00017,-0.00023,-0.0001,-4e-05,6e-05,0.00396,-0.00024,0.00111,-3e-05,0,0,0.00115,0.01523,-0.00072,-0.00775,-0.00036,0.00023,0.00028
105.86,0.00097,2e-05,-5e-05,-0.00014,0,0,-0.0003,-3e-05,0.00048,-0.00013,-1e-05,0.00011,2e-05,-3e-05,0.00016,-0.0001,0.00018,-0.00025,-0.0001,-4e-05,0.00035,0.00423,-0.00011,0.00157,-3e-05,0,0,0.00185,0.01435,-0.00045,-0.0084,-0.00047,0.00027,0.00034
105.88,0.00073,1e-05,-0.0001,-0.00012,0,0,-0.00044,-6e-05,0.00059,-0.00019,1e-05,0.00012,2e-05,-2e-05,0.00015,-0.00015,0.0002,-0.00024,-0.0001,-4e-05,0.00045,0.00445,6e-05,0.00211,-4e-05,0,0,0.00236,0.01298,-0.00017,-0.00896,-0.00055,0.00031,0.0004
105.9,0.00053,-0,-0.00014,-0.0001,0,0,-0.00058,-8e-05,0.0007,-0.00024,2e-05,0.00013,2e-05,-2e-05,0.00014,-0.00017,0.00021,-0.00022,-0.0001,-4e-05,0.00032,0.00463,0.00026,0.0028,-5e-05,1e-05,0,0.00266,0.01131,6e-05,-0.00938,-0.0006,0.00035,0.00045
105.92,0.00038,-2e-05,-0.00017,-7e-05,-0,0,-0.00069,-0.0001,0.00079,-0.00027,3e-05,0.00013,3e-05,-2e-05,0.00014,-0.00017,0.00022,-0.0002,-9e-05,-3e-05,0.00014,0.00477,0.00053,0.00374,-5e-05,1e-05,0,0.00274,0.00954,0.0002,-0.00959,-0.00062,0.00036,0.00048
105.94,0.00028,-5e-05,-0.00018,-5e-05,-0,0,-0.00076,-0.00012,0.00084,-0.00028,4e-05,0.00013,3e-05,-2e-05,0.00014,-0.00015,0.00023,-0.00017,-8e-05,-3e-05,-2e-05,0.00476,0.00084,0.00464,-5e-05,1e-05,1e-05,0.00264,0.00778,0.00022,-0.00954,-0.0006,0.00036,0.00049
105.96,0.00022,-6e-05,-0.00018,-3e-05,-0,0,-0.00077,-0.00012,0.00086,-0.00028,4e-05,0.00012,3e-05,-2e-05,0.00014,-0.00013,0.00022,-0.00014,-7e-05,-2e-05,-0.00016,0.00453,0.00111,0.00519,-4e-05,1e-05,1e-05,0.00242,0.00613,0.00015,-0.00917,-0.00057,0.00034,0.00047
105.98,0.00019,-5e-05,-0.00016,-2e-05,-1e-05,0,-0.00072,-0.00012,0.00083,-0.00026,4e-05,0.00011,3e-05,-2e-05,0.00014,-0.0001,0.00021,-0.00011,-6e-05,-1e-05,-0.00018,0.00409,0.00127,0.00535,-4e-05,1e-05,1e-05,0.0021,0.00465,1e-05,-0.00845,-0.00051,0.0003,0.00044
106,0.00016,-4e-05,-0.00013,-0,-1e-05,0,-0.00067,-0.00012,0.00079,-0.00025,4e-05,0.0001,3e-05,-3e-05,0.00013,-8e-05,0.00019,-8e-05,-5e-05,-1e-05,-0.00019,0.00359,0.00144,0.00542,-3e-05,1e-05,1e-05,0.00181,0.00332,-0.00016,-0.00771,-0.00045,0.00026,0.0004
