T,J1,J2,J3,J4,J5,J6,J7,J8,J9,J10,J11,J12,J13,J14,J15,J16,J17,J18,J19,J20,J21,J22,J23,J24,J25,J26,J27,J28,J29,J30,J31,J32,J33,J34,J35,J36,J37,J38,J39,J40
0,0.11394,-0.04641,0.26965,-0.37175,0,-0.44448,0.46342,0.01232,-0.53101,0.11744,-0.61893,-1.98783,-1.06798,1.60459,-0.70546,0.04301,0.87342,-0.48595,-0.39134,1.75731,2.58384,-0.83836,1.26375,0.92709,-0.54785,0.90052,-0.5796,0.08209,0.17651,0.31921,1.18463,0.00035,0.3928,-1.94172,0.9525,10.98666,5.67677,-1.78643,-0.67654,-2.22947
0.02,0.12846,-0.04688,0.29748,-0.41126,0,-0.4725,0.48826,0.02429,-0.54871,0.08377,-0.68638,-2.11859,-1.00507,1.65293,-0.43727,0.16157,0.76584,-0.52957,-0.54359,1.88731,2.74116,-1.11993,1.39013,0.95384,-0.56914,0.9272,-0.61979,0.06806,0.21649,0.3283,1.12295,0.01388,0.39592,-2.01593,0.82392,11.64792,6.15744,-2.01123,-0.77636,-2.64045
0.04,0.14735,-0.04669,0.33097,-0.46219,0,-0.50311,0.5123,0.04114,-0.55722,0.03475,-0.76768,-2.25199,-0.88826,1.67822,-0.02574,0.3284,0.60225,-0.57958,-0.74882,2.02994,2.89712,-1.49593,1.54102,0.96861,-0.58787,0.94884,-0.66371,0.04573,0.27055,0.33514,1.00809,0.03357,0.39273,-2.07176,0.62042,12.28185,6.69971,-2.27632,-0.8976,-3.14721
0.06,0.17132,-0.04563,0.368,-0.51751,0,-0.53465,0.53257,0.06326,-0.55296,-0.02821,-0.8588,-2.37492,-0.72005,1.67445,0.53604,0.53642,0.38504,-0.63265,-0.99805,2.17735,3.03668,-1.96126,1.71141,0.96572,-0.60284,0.96515,-0.70686,0.01425,0.33392,0.33804,0.83305,0.05951,0.38063,-2.10042,0.33925,12.80565,7.26326,-2.56406,-1.03231,-3.71487
0.08,0.20062,-0.04354,0.40575,-0.56979,0,-0.56492,0.54561,0.09063,-0.53164,-0.10239,-0.95381,-2.47033,-0.50498,1.63404,1.24685,0.77478,0.12206,-0.68416,-1.27743,2.31818,3.14026,-2.50093,1.89272,0.93906,-0.61257,0.97584,-0.74393,-0.02663,0.40094,0.33547,0.59386,0.09139,0.3575,-2.09123,-0.01721,13.11575,7.79502,-2.8493,-1.16919,-4.29387
0.1,0.23499,-0.0404,0.44128,-0.61345,0,-0.59177,0.54819,0.12276,-0.48889,-0.18389,-1.04587,-2.52029,-0.24907,1.54906,2.09625,1.03048,-0.17258,-0.72911,-1.57015,2.43967,3.18724,-3.09052,2.07422,0.8836,-0.61584,0.98131,-0.77009,-0.07636,0.46642,0.32663,0.29198,0.12848,0.32258,-2.03371,-0.44011,13.10574,8.23922,-3.1025,-1.29515,-4.82615
0.12,0.27364,-0.03635,0.47196,-0.64615,0,-0.61349,0.53783,0.15854,-0.42075,-0.26775,-1.12814,-2.50867,0.04044,1.41254,3.0635,1.2896,-0.47917,-0.76282,-1.85814,2.52919,3.1588,-3.69746,2.24427,0.79645,-0.61194,0.98304,-0.78177,-0.13357,0.52656,0.31176,-0.06441,0.16965,0.27692,-1.91946,-0.91342,12.68234,8.54446,-3.29274,-1.39672,-5.25145
0.14,0.31529,-0.03171,0.49569,-0.6694,0,-0.62886,0.51309,0.19618,-0.32413,-0.34836,-1.19448,-2.42341,0.35541,1.21955,4.11718,1.53846,-0.77457,-0.78143,-2.12371,2.57529,3.04,-4.28313,2.3911,0.67733,-0.60066,0.98335,-0.77693,-0.19627,0.57962,0.29213,-0.46027,0.21331,0.22333,-1.74322,-1.41439,11.77852,8.66787,-3.39051,-1.46133,-5.51378
0.16,0.35833,-0.02691,0.51103,-0.68855,0,-0.63705,0.47351,0.23318,-0.19713,-0.41992,-1.24,-2.25835,0.68736,0.96808,5.21555,1.76481,-1.03557,-0.78233,-2.3511,2.56821,2.82119,-4.80587,2.5035,0.52862,-0.58198,0.98479,-0.755,-0.2622,0.62621,0.26961,-0.87469,0.25744,0.16592,-1.50358,-1.91498,10.36369,8.57721,-3.37034,-1.47857,-5.56798
0.18,0.40089,-0.02244,0.51714,-0.71212,0,-0.63741,0.41953,0.26637,-0.03939,-0.47703,-1.26141,-2.01482,1.02806,0.65963,6.30789,1.95885,-1.24262,-0.76438,-2.52797,2.50019,2.49892,-5.22443,2.57124,0.35508,-0.55568,0.98921,-0.71651,-0.32925,0.66925,0.24622,-1.2826,0.29966,0.10938,-1.20308,-2.38414,8.45068,8.25162,-3.21337,-1.44135,-5.38582
0.2,0.4411,-0.01877,0.51382,-0.7508,0,-0.62922,0.3523,0.29206,0.14767,-0.51535,-1.25733,-1.70284,1.3703,0.29958,7.33687,2.11401,-1.38296,-0.72801,-2.64656,2.36564,2.0764,-5.50134,2.58545,0.16344,-0.52093,0.99692,-0.66269,-0.39582,0.71365,0.22345,-1.65705,0.33733,0.05819,-0.84812,-2.79064,6.09882,7.68209,-2.90954,-1.34674,-4.96045
0.22,0.47719,-0.01625,0.50142,-0.81592,0,-0.6116,0.2735,0.30635,0.36055,-0.53199,-1.22816,-1.34033,1.7084,-0.10288,8.24166,2.22735,-1.45222,-0.67504,-2.70416,2.16134,1.56352,-5.60561,2.53874,-0.03816,-0.47602,1.00591,-0.59498,-0.46115,0.7656,0.20173,-1.97148,0.36769,0.0159,-0.44852,-3.10602,3.41166,6.87163,-2.45918,-1.19647,-4.30819
0.24,0.50765,-0.01517,0.48069,-0.9177,0,-0.58346,0.18518,0.30545,0.59349,-0.52595,-1.17591,-0.94778,2.03871,-0.53517,8.96202,2.2993,-1.45431,-0.60835,-2.70298,1.88651,0.9763,-5.51448,2.42522,-0.24064,-0.41829,1.01141,-0.51459,-0.52533,0.83147,0.17995,-2.20206,0.3881,-0.01543,-0.01676,-3.3074,0.52884,5.83535,-1.87358,-0.99679,-3.46701
0.26,0.53142,-0.01567,0.45272,-1.0634,0,-0.54365,0.08961,0.28625,0.83844,-0.49823,-1.10363,-0.54079,2.35987,-0.98221,9.4431,2.3331,-1.39956,-0.53137,-2.64931,1.54303,0.33578,-5.21441,2.24039,-0.43462,-0.34424,1.00582,-0.42219,-0.58923,0.91661,0.15511,-2.32974,0.39624,-0.03561,0.43292,-3.38017,-2.38698,4.60039,-1.17475,-0.75792,-2.49212
0.28,0.54789,-0.01777,0.4188,-1.25561,0,-0.49113,-0.01073,0.24675,1.08518,-0.45183,-1.01486,-0.12717,2.67296,-1.42764,9.64072,2.33389,-1.30207,-0.44754,-2.55242,1.13562,-0.33333,-4.70176,1.98117,-0.61093,-0.2499,0.97896,-0.3177,-0.65428,1.02413,0.12217,-2.34201,0.39038,-0.04648,0.88555,-3.31993,-5.16582,3.20583,-0.39427,-0.49314,-1.44992
0.3,0.55706,-0.02142,0.38038,-1.49123,0,-0.42529,-0.11326,0.18645,1.32178,-0.39155,-0.9131,0.29066,2.98123,-1.8552,9.5264,2.30783,-1.17674,-0.36,-2.42336,0.6722,-1.0043,-3.98312,1.64599,-0.76117,-0.13136,0.9188,-0.20025,-0.72205,1.15421,0.07416,-2.23396,0.36957,-0.05177,1.32633,-3.13356,-7.6463,1.70185,0.42861,-0.21764,-0.41124
0.32,0.5594,-0.0265,0.33895,-1.76107,0,-0.34629,-0.21526,0.1066,1.53532,-0.32361,-0.80131,0.71158,3.28956,-2.25022,9.09099,2.26111,-1.0369,-0.27129,-2.27362,0.16398,-1.65027,-3.0755,1.23507,-0.87811,0.01452,0.81246,-0.06834,-0.7938,1.30386,0.00248,-2.00844,0.33369,-0.05671,1.74136,-2.83858,-9.68956,0.14786,1.24982,0.05277,0.55515
0.34,0.55573,-0.03284,0.29603,-2.05057,0,-0.2552,-0.31391,0.01009,1.71296,-0.25494,-0.68144,1.1315,3.60326,-2.60103,8.34631,2.19899,-0.89247,-0.18344,-2.11388,-0.37455,-2.24631,-2.00585,0.75066,-0.95615,0.18932,0.64758,0.07988,-0.86988,1.46743,-0.10239,-1.67513,0.28343,-0.06742,2.11813,-2.46096,-11.19037,-1.39114,2.02418,0.30311,1.38855
0.36,0.54703,-0.04025,0.25305,-2.34115,0,-0.15428,-0.40632,-0.0988,1.84324,-0.19245,-0.55413,1.5399,3.9268,-2.90039,7.32502,2.12504,-0.74915,-0.09815,-1.95282,-0.92604,-2.77163,-0.81022,0.19734,-0.99161,0.39224,0.41385,0.24617,-0.94918,1.63764,-0.25007,-1.24889,0.22008,-0.09005,2.44594,-2.03145,-12.08513,-2.84942,2.70974,0.52064,2.04128
0.38,0.53414,-0.04855,0.21129,-2.61212,0,-0.04694,-0.48955,-0.21487,1.91735,-0.14219,-0.4185,1.91991,4.2624,-3.14655,6.07876,2.04061,-0.60835,-0.01704,-1.79621,-1.47095,-3.21159,0.46766,-0.41764,-0.98303,0.61939,0.10468,0.43167,-1.02866,1.80696,-0.44912,-0.74782,0.14539,-0.12986,2.71617,-1.58158,-12.35668,-4.16606,3.27202,0.69615,2.48258
0.4,0.51765,-0.05751,0.17191,-2.84255,0,0.06224,-0.56061,-0.33244,1.93014,-0.10869,-0.27221,2.25377,4.60895,-3.3439,4.67496,1.94478,-0.46777,0.05802,-1.64649,-1.98849,-3.55922,1.77824,-1.08394,-0.93131,0.86327,-0.28135,0.63639,-1.10313,1.96887,-0.70591,-0.19152,0.06134,-0.19037,2.92253,-1.13992,-12.03527,-5.28974,3.68734,0.8247,2.70063
0.42,0.49774,-0.06689,0.1359,-3.01279,0,0.16775,-0.6165,-0.44593,1.88045,-0.09461,-0.11166,2.53017,4.96121,-3.50257,3.19179,1.8347,-0.32259,0.12479,-1.50267,-2.45776,-3.81562,3.06881,-1.78779,-0.83964,1.1126,-0.73932,0.8586,-1.16525,2.11873,-1.02333,0.40002,-0.02987,-0.27274,3.06104,-0.72942,-11.19466,-6.18213,3.94438,0.90576,2.70249
0.44,0.47414,-0.07637,0.10411,-3.10542,0,0.2635,-0.65415,-0.55025,1.77069,-0.10064,0.06756,2.7472,5.30942,-3.63715,1.71127,1.70635,-0.16692,0.18063,-1.36075,-2.85912,-3.98924,4.28703,-2.5118,-0.71319,1.35265,-1.25739,1.09442,-1.20597,2.2541,-1.3997,1.00699,-0.12588,-0.37532,3.12987,-0.366,-9.94318,-6.81926,4.04368,0.94265,2.51175
0.46,0.44622,-0.08553,0.07729,-3.10569,0,0.34333,-0.67041,-0.64125,1.6059,-0.1257,0.27001,2.91077,5.63944,-3.76447,0.3113,1.55561,0.00456,0.22273,-1.21445,-3.17577,-4.09414,5.3852,-3.2351,-0.5586,1.566,-1.81692,1.33748,-1.21513,2.37449,-1.82779,1.60973,-0.22407,-0.49364,3.12911,-0.05831,-8.41109,-7.19135,3.99562,0.94136,2.16446
0.48,0.4131,-0.0938,0.05611,-3.00182,0,0.40161,-0.66222,-0.71596,1.39252,-0.16726,0.49957,3.03112,5.93341,-3.90108,-0.94212,1.37937,0.19503,0.24844,-1.05621,-3.39531,-4.14771,6.32464,-3.93381,-0.38334,1.73395,-2.39312,1.57888,-1.18245,2.48083,-2.29423,2.18838,-0.3215,-0.62053,3.06046,0.19157,-6.73672,-7.30167,3.81746,0.90923,1.70419
0.5,0.3738,-0.10045,0.04114,-2.78517,0,0.43376,-0.62673,-0.77276,1.13735,-0.22164,0.75839,3.11934,6.17075,-4.06068,-2.00091,1.17667,0.40433,0.25571,-0.87838,-3.51108,-4.16815,7.07949,-4.58181,-0.19523,1.83831,-2.95633,1.80737,-1.09852,2.57478,-2.77928,2.72242,-0.41473,-0.74659,2.92709,0.38687,-5.05356,-7.1647,3.53025,0.85365,1.17712
0.52,0.32743,-0.10459,0.03283,-2.45046,0,0.43673,-0.56174,-0.81129,0.84685,-0.28436,1.04577,3.18408,6.3293,-4.25178,-2.83787,0.94939,0.62832,0.24359,-0.67428,-3.52274,-4.17189,7.63883,-5.1518,-0.00194,1.86351,-3.47392,2.0099,-0.95583,2.65799,-3.25722,3.19033,-0.49986,-0.86085,2.73343,0.53456,-3.47997,-6.80387,3.15617,0.78113,0.6276
0.54,0.27334,-0.10524,0.03147,-1.99597,0,0.40919,-0.46617,-0.83221,0.527,-0.35018,1.35703,3.22901,6.38653,-4.47581,-3.44629,0.70243,0.85893,0.2127,-0.43924,-3.43618,-4.17114,8.00672,-5.61661,0.1893,1.79892,-3.91263,2.17245,-0.74963,2.73127,-3.69733,3.56947,-0.57251,-0.95165,2.48486,0.64379,-2.11192,-6.24876,2.71637,0.69675,0.09469
0.56,0.21122,-0.1014,0.03706,-1.42386,0,0.35173,-0.34057,-0.83673,0.1834,-0.41321,1.6826,3.25128,6.3207,-4.72588,-3.83675,0.44342,1.08486,0.16549,-0.17135,-3.26266,-4.17183,8.20029,-5.95079,0.37195,1.64099,-4.24139,2.28119,-0.47862,2.79399,-4.06564,3.83662,-0.62796,-1.00768,2.18737,0.7244,-1.01874,-5.53246,2.22958,0.60406,-0.39049
0.58,0.14121,-0.09214,0.04926,-0.74055,0,0.26678,-0.18766,-0.8263,-0.17816,-0.4669,2.00757,3.24141,6.11239,-4.98659,-4.03236,0.18197,1.29277,0.1065,0.12793,-3.01766,-4.17236,8.24633,-6.13248,0.54021,1.39503,-4.43433,2.32382,-0.14552,2.84359,-4.32723,3.96921,-0.66149,-1.01911,1.84747,0.78574,-0.2416,-4.68927,1.71155,0.50537,-0.80625
0.6,0.06393,-0.07674,0.06729,0.04275,0,0.15852,-0.01278,-0.80226,-0.55109,-0.50407,2.31208,3.18473,5.74608,-5.23487,-4.06349,-0.07111,1.46871,0.04214,0.45332,-2.71961,-4.16335,8.17643,-6.14525,0.68913,1.07586,-4.47338,2.29094,0.24253,2.87538,-4.44885,3.94715,-0.66874,-0.97864,1.47217,0.83577,0.20586,-3.75336,1.17526,0.40212,-1.14081
0.62,-0.01944,-0.05485,0.08992,0.90965,0,0.03267,0.17609,-0.76582,-0.92754,-0.51714,2.57257,3.06465,5.21168,-5.442,-3.96304,-0.30484,1.59961,-0.01973,0.79563,-2.38854,-4.12865,8.02084,-5.97941,0.81449,0.70701,-4.35005,2.17711,0.67387,2.88255,-4.40165,3.75524,-0.64627,-0.88234,1.06927,0.8806,0.33489,-2.75807,0.6316,0.29536,-1.39169
0.64,-0.10722,-0.02654,0.11554,1.83853,0,-0.10384,0.36847,-0.71817,-1.29808,-0.49846,2.7642,2.86754,4.50557,-5.57669,-3.7626,-0.50905,1.67461,-0.07071,1.14196,-2.04467,-4.04745,7.80129,-5.63267,0.91267,0.31814,-4.06606,1.98155,1.13255,2.85635,-4.16364,3.38577,-0.59204,-0.73008,0.64764,0.92427,0.17757,-1.7359,0.09042,0.1862,-1.56402
0.66,-0.19729,0.00754,0.14224,2.80288,0,-0.2433,0.55209,-0.66074,-1.65181,-0.44082,2.86421,2.58896,3.63149,-5.60887,-3.48995,-0.67533,1.68625,-0.10298,1.47628,-1.70699,-3.89736,7.52424,-5.1103,0.98057,-0.0588,-3.63291,1.70844,1.599,2.78654,-3.72203,2.8411,-0.50603,-0.52572,0.21751,0.96887,-0.21823,-0.71869,-0.43838,0.07606,-1.66829
0.68,-0.28722,0.04615,0.16797,3.772,0,-0.3777,0.71372,-0.59558,-1.97677,-0.33821,2.85586,2.24008,2.60114,-5.51392,-3.16803,-0.7979,1.63131,-0.1105,1.7805,-1.39198,-3.65809,7.17612,-4.42503,1.01557,-0.39397,-3.07078,1.36695,2.05102,2.66225,-3.07526,2.13584,-0.39061,-0.27694,-0.2093,1.01491,-0.79411,0.262,-0.9439,-0.03314,-1.71782
0.7,-0.37436,0.08748,0.19071,4.71216,0,-0.49922,0.8402,-0.52561,-2.26051,-0.18662,2.73247,1.84939,1.43456,-5.2763,-2.81519,-0.87421,1.51121,-0.08986,2.03574,-1.11251,-3.31503,6.72258,-3.597,1.01561,-0.66346,-2.40704,0.97114,2.46503,2.4731,-2.2346,1.29788,-0.25074,0.00518,-0.61939,1.06167,-1.48626,1.1747,-1.41368,-0.13894,-1.72662
0.72,-0.45603,0.12919,0.20864,5.58792,0,-0.60061,0.91946,-0.45466,-2.4909,0.01511,2.50083,1.45431,0.15996,-4.89202,-2.44652,-0.90517,1.33174,-0.04079,2.22399,-0.877,-2.86214,6.11287,-2.65339,0.97929,-0.85189,-1.67428,0.53939,2.81762,2.21073,-1.22476,0.36767,-0.09387,0.30685,-0.99809,1.10761,-2.22996,1.98843,-1.83373,-0.23837,-1.7076
0.74,-0.52969,0.16864,0.22024,6.36393,0,-0.67561,0.94159,-0.38729,-2.65687,0.2645,2.18331,1.08746,-1.18722,-4.36917,-2.0758,-0.8949,1.10213,0.03406,2.32987,-0.68876,-2.30364,5.2895,-1.62772,0.90619,-0.95324,-0.90789,0.09363,3.08712,1.87026,-0.08324,-0.60469,0.07073,0.61266,-1.33016,1.15067,-2.96349,2.67379,-2.1892,-0.32812,-1.67153
0.76,-0.59304,0.20311,0.22441,7.00693,0,-0.71929,0.89967,-0.32824,-2.74936,0.55487,1.81577,0.76934,-2.56597,-3.72692,-1.71761,-0.85018,0.83359,0.12971,2.34253,-0.54562,-1.65446,4.20171,-0.55875,0.7971,-0.97029,-0.14341,-0.34201,3.2554,1.45174,1.14154,-1.56414,0.23287,0.90687,-1.60098,1.18845,-3.63151,3.20477,-2.46572,-0.40484,-1.62663
0.78,-0.64429,0.23012,0.22058,7.48831,0,-0.72833,0.79064,-0.28181,-2.76221,0.87503,1.43859,0.50925,-3.93203,-2.99342,-1.38896,-0.77973,0.53785,0.23978,2.25734,-0.44,-0.93963,2.82026,0.51111,0.65439,-0.91299,0.586,-0.74268,3.30959,0.96113,2.39312,-2.45621,0.38253,1.1748,-1.79788,1.21847,-4.18789,3.56105,-2.65103,-0.46542,-1.57859
0.8,-0.68222,0.24766,0.20871,7.78642,0,-0.70131,0.61586,-0.25128,-2.69302,1.20946,1.08505,0.30849,-5.24013,-2.20304,-1.10975,-0.69332,0.22596,0.35733,2.07708,-0.35956,-0.19271,1.15002,1.53755,0.48229,-0.79642,1.25171,-1.08464,3.24347,0.41063,3.61066,-3.23224,0.51092,1.40413,-1.9115,1.23836,-4.59784,3.73023,-2.73669,-0.50739,-1.53098
0.82,-0.70634,0.2544,0.18939,7.88852,0,-0.63884,0.38129,-0.23835,-2.54368,1.53899,0.77596,0.1629,-6.44637,-1.39324,-0.90145,-0.60094,-0.09216,0.47557,1.8121,-0.28854,0.54691,-0.76286,2.47669,0.28711,-0.63869,1.83092,-1.3471,3.05814,-0.18225,4.73303,-3.85342,0.61119,1.58586,-1.93681,1.2461,-4.83914,3.70933,-2.71925,-0.52913,-1.48562
0.84,-0.71687,0.24982,0.16373,7.7917,0,-0.54353,0.09728,-0.24288,-2.32044,1.84222,0.521,0.06497,-7.51026,-0.60103,-0.78404,-0.51201,-0.40765,0.58816,1.47942,-0.20983,1.23754,-2.83096,3.28778,0.07708,-0.45906,2.30727,-1.51415,2.76183,-0.79682,5.70338,-4.29307,0.67885,1.7148,-1.87372,1.24022,-4.90241,3.50545,-2.60084,-0.53016,-1.44297
0.86,-0.71467,0.23421,0.13334,7.50321,0,-0.41988,-0.2221,-0.26274,-2.03361,2.09737,0.32175,0.0053,-8.39687,0.14046,-0.77166,-0.43459,-0.71202,0.68934,1.10082,-0.10755,1.83953,-4.93249,3.93629,-0.13791,-0.27631,2.67085,-1.57665,2.36892,-1.41215,6.47388,-4.53749,0.71182,1.7898,-1.72732,1.21999,-4.79049,3.13559,-2.3891,-0.51119,-1.40239
0.88,-0.70114,0.20862,0.10022,7.04012,0,-0.274,-0.55999,-0.2939,-1.69693,2.28459,0.17429,-0.02638,-9.07891,0.8051,-0.86844,-0.37482,-0.99642,0.77394,0.70056,0.03026,2.31959,-6.92341,4.39706,-0.34687,-0.1075,2.91778,-1.53364,1.8986,-2.01016,7.01022,-4.58556,0.71032,1.81354,-1.50777,1.18566,-4.51732,2.62591,-2.09674,-0.47426,-1.36237
0.9,-0.67809,0.17474,0.06663,6.4284,0,-0.11323,-0.89778,-0.33065,-1.32673,2.38813,0.07117,-0.04049,-9.53853,1.37599,-1.0657,-0.33646,-1.25115,0.83741,0.3031,0.20931,2.65449,-8.65216,4.65666,-0.53846,0.03314,3.04956,-1.39323,1.37332,-2.57771,7.29486,-4.4476,0.67656,1.79211,-1.23013,1.13845,-4.10603,2.01073,-1.74081,-0.42266,-1.32087
0.92,-0.64759,0.1348,0.03503,5.70095,0,0.05434,-1.21625,-0.36603,-0.94075,2.39808,0.00301,-0.04731,-9.7683,1.84635,-1.34206,-0.32076,-1.46575,0.87602,-0.06877,0.42747,2.83332,-9.97514,4.7145,-0.70184,0.13498,3.07215,-1.17221,0.81732,-3.10707,7.32818,-4.14338,0.6144,1.73412,-0.91374,1.0805,-3.58639,1.3311,-1.34167,-0.36085,-1.27563
0.94,-0.61171,0.09128,0.00792,4.89454,0,0.2206,-1.49671,-0.39235,-0.55671,2.31144,-0.04052,-0.05673,-9.77116,2.21912,-1.66656,-0.3265,-1.62986,0.8872,-0.39524,0.67427,2.85804,-10.77149,4.58229,-0.82766,0.19165,2.99486,-0.89445,0.25503,-3.59446,7.12719,-3.69949,0.52894,1.64956,-0.58142,1.01447,-2.99123,0.63286,-0.92171,-0.29416,-1.22461
0.96,-0.57231,0.04676,-0.0123,4.04605,0,0.37808,-1.7222,-0.40182,-0.19067,2.13264,-0.06985,-0.07815,-9.55957,2.50538,-2.00439,-0.35025,-1.73464,0.87011,-0.66042,0.93144,2.74261,-10.9563,4.28211,-0.90907,0.20152,2.82925,-0.58823,-0.29042,-4.03727,6.72224,-3.14647,0.42604,1.5484,-0.25827,0.94303,-2.35251,-0.03573,-0.50376,-0.22844,-1.16639
0.98,-0.53083,0.00364,-0.02345,3.18877,0,0.52078,-1.87862,-0.38729,0.14446,1.87328,-0.09511,-0.12036,-9.15434,2.72212,-2.32354,-0.38686,-1.77454,0.82606,-0.85284,1.17437,2.51103,-10.49123,3.8439,-0.94265,0.16784,2.58823,-0.28317,-0.79856,-4.43086,6.1527,-2.51614,0.31196,1.43929,0.02985,0.86837,-1.69768,-0.62679,-0.1096,-0.16961,-1.10063
1,-0.48819,-0.03608,-0.02373,2.34959,0,0.6447,-1.9557,-0.34297,0.43994,1.55153,-0.12573,-0.19124,-8.58306,2.88967,-2.60062,-0.42998,-1.74868,0.75877,-0.96577,1.37431,2.19473,-9.39099,3.3026,-0.92889,0.09845,2.2854,-0.00711,-1.25254,-4.76616,5.46261,-1.83948,0.19299,1.32856,0.258,0.79177,-1.04718,-1.09587,0.24158,-0.12317,-1.02829
1.02,-0.44478,-0.07088,-0.01183,1.54764,0,0.74819,-1.94772,-0.26506,0.69151,1.19068,-0.17016,-0.29731,-7.8781,3.02898,-2.82412,-0.47279,-1.66159,0.67415,-0.99749,1.50103,1.8296,-7.7236,2.69536,-0.87222,0.00483,1.93475,0.21624,-1.63978,-5.02869,4.69649,-1.1453,0.07516,1.21977,0.40403,0.71343,-0.41351,-1.40528,0.53431,-0.09374,-0.9517
1.04,-0.40056,-0.09984,0.01298,0.79421,0,0.83185,-1.85373,-0.15226,0.89899,0.81706,-0.23553,-0.443,-7.07376,3.15904,-2.99454,-0.50866,-1.52285,0.5795,-0.95134,1.52602,1.45266,-5.60394,2.05893,-0.78035,-0.09939,1.55046,0.36906,-1.95213,-5.19945,3.89578,-0.45948,-0.03609,1.11364,0.45067,0.63261,0.19791,-1.52739,0.75782,-0.08465,-0.87421
1.06,-0.35521,-0.12262,0.05077,0.09394,0,0.89828,-1.6775,-0.0061,1.06527,0.45745,-0.32712,-0.62955,-6.20321,3.29459,-3.12163,-0.53189,-1.34585,0.48234,-0.83574,1.42567,1.09873,-3.18159,1.42723,-0.66309,-0.20048,1.1468,0.4403,-2.18571,-5.25756,3.09589,0.19519,-0.13609,1.00852,0.38756,0.54792,0.78651,-1.44804,0.90668,-0.09749,-0.79959
1.08,-0.30839,-0.13946,0.10093,-0.55323,0,0.95141,-1.42718,0.16897,1.19499,0.13638,-0.44773,-0.854,-5.29571,3.44451,-3.22013,-0.53831,-1.14608,0.38917,-0.66396,1.18446,0.79749,-0.62557,0.82941,-0.53096,-0.28656,0.73807,0.42587,-2.34057,-5.18384,2.32426,0.79885,-0.22122,0.90114,0.21305,0.45782,1.35354,-1.16929,0.98117,-0.13187,-0.7313
1.1,-0.25997,-0.15102,0.16215,-1.15003,0,0.99589,-1.11487,0.36579,1.29339,-0.12637,-0.59673,-1.10944,-4.37478,3.61099,-3.30513,-0.52573,-0.93922,0.30441,-0.45355,0.79748,0.57121,1.89136,0.28853,-0.39389,-0.34927,0.33843,0.32844,-2.42001,-4.9645,1.59951,1.33422,-0.28895,0.78742,-0.06469,0.36122,1.89898,-0.71111,0.98712,-0.18523,-0.67169
1.12,-0.21018,-0.1583,0.23257,-1.69992,0,1.03622,-0.75582,0.57501,1.36535,-0.31747,-0.76882,-1.38662,-3.45752,3.78952,-3.38829,-0.4941,-0.73954,0.22993,-0.22506,0.27181,0.43341,4.20698,-0.17913,-0.26022,-0.38455,-0.03841,0.15654,-2.4297,-4.59369,0.93161,1.78625,-0.33787,0.66331,-0.42752,0.25804,2.41908,-0.11119,0.93527,-0.25292,-0.6214
1.14,-0.15975,-0.16241,0.30987,-2.20591,0,1.0759,-0.3674,0.78601,1.41487,-0.43115,-0.95332,-1.67521,-2.55494,3.96992,-3.47551,-0.44525,-0.55852,0.16515,-0.00022,-0.37342,0.38867,6.1817,-0.56418,-0.13603,-0.39251,-0.37997,-0.07652,-2.37646,-4.07458,0.32291,2.14196,-0.36757,0.52528,-0.84854,0.14962,2.90483,0.57741,0.83993,-0.32851,-0.57885
1.16,-0.10988,-0.16442,0.39149,-2.66986,0,1.11662,0.03211,0.98814,1.44495,-0.46939,-1.13568,-1.96382,-1.67318,4.13802,-3.56615,-0.38252,-0.40398,0.10774,0.20046,-1.10835,0.4332,7.70798,-0.86374,-0.02499,-0.37657,-0.67589,-0.35419,-2.26698,-3.41886,-0.23018,2.39055,-0.37838,0.37076,-1.29433,0.03901,3.34178,1.2906,0.7172,-0.40431,-0.54003
1.18,-0.0622,-0.16512,0.47492,-3.09251,0,1.15764,0.42486,1.172,1.45781,-0.44154,-1.3015,-2.23974,-0.81515,4.27804,-3.6537,-0.31005,-0.27965,0.05454,0.36004,-1.89458,0.55623,8.71711,-1.08069,0.07153,-0.34208,-0.91894,-0.65825,-2.10675,-2.64566,-0.73512,2.52389,-0.37118,0.19842,-1.72788,-0.06896,3.71094,1.95878,0.58294,-0.4721,-0.49871
1.2,-0.01863,-0.16488,0.55781,-3.47363,0,1.19554,0.7945,1.33058,1.45509,-0.36328,-1.44019,-2.48926,0.01755,4.37511,-3.72751,-0.23226,-0.18526,0.00254,0.46711,-2.68807,0.7418,9.18254,-1.22262,0.15409,-0.29495,-1.10584,-0.9703,-1.89947,-1.78008,-1.20103,2.53715,-0.34721,0.00847,-2.11178,-0.16776,3.99076,2.51284,0.45074,-0.524,-0.44703
1.22,0.01876,-0.16363,0.6382,-3.81222,0,1.22432,1.12704,1.46,1.43809,-0.25497,-1.54608,-2.69857,0.82327,4.4176,-3.77493,-0.15327,-0.11709,-0.05036,0.51673,-3.44234,0.97079,9.11922,-1.30047,0.22456,-0.24059,-1.23743,-1.27306,-1.64703,-0.85209,-1.63657,2.42949,-0.30792,-0.19701,-2.41123,-0.24952,4.15978,2.88981,0.33027,-0.55331,-0.3767
1.24,0.04797,-0.16075,0.7145,-4.10648,0,1.23605,1.41132,1.55967,1.40762,-0.13958,-1.61801,-2.8552,1.59944,4.39885,-3.78371,-0.07658,-0.06892,-0.10502,0.51038,-4.11189,1.22309,8.57868,-1.32684,0.28546,-0.18328,-1.31842,-1.55147,-1.35006,0.10462,-2.04809,2.20469,-0.25495,-0.41373,-2.59654,-0.30561,4.19965,3.0378,0.22589,-0.55539,-0.28046
1.26,0.06725,-0.15525,0.78546,-4.35374,0,1.22181,1.63925,1.63202,1.36387,-0.04015,-1.65845,-2.94965,2.34244,4.3183,-3.74405,-0.00475,-0.03335,-0.16108,0.45483,-4.65561,1.47973,7.64079,-1.31435,0.33922,-0.12596,-1.35642,-1.79356,-1.00899,1.05344,-2.43821,1.87162,-0.19018,-0.63493,-2.64514,-0.32746,4.09841,2.92,0.13592,-0.52841,-0.15382
1.28,0.07534,-0.14583,0.85011,-4.55043,0,1.17294,1.80585,1.68195,1.30616,0.02262,-1.67254,-2.97704,3.04807,4.18192,-3.6504,0.06062,-0.00304,-0.21718,0.36057,-5.03996,1.72462,6.40384,-1.27407,0.38752,-0.07039,-1.36089,-1.99102,-0.62534,1.95586,-2.80507,1.44475,-0.11582,-0.85144,-2.54299,-0.30759,3.85335,2.51752,0.05247,-0.47384,0.00339
1.3,0.07161,-0.13111,0.90763,-4.6921,0,1.08238,1.90913,1.71597,1.23287,0.0324,-1.6671,-2.93821,3.71196,4.00181,-3.50229,0.11896,0.02809,-0.27141,0.23998,-5.24132,1.94573,4.97409,-1.21445,0.43074,-0.01743,-1.34188,-2.13953,-0.20312,2.77253,-3.14225,0.94456,-0.0346,-1.05212,-2.28507,-0.24071,3.47299,1.83049,-0.03796,-0.39663,0.18624
1.32,0.05623,-0.10989,0.95717,-4.77358,0,0.94581,1.94974,1.74121,1.14168,-0.02135,-1.64955,-2.83986,4.32993,3.79466,-3.30399,0.17065,0.06417,-0.32171,0.10567,-5.24702,2.13528,3.45554,-1.1408,0.46767,0.03268,-1.30891,-2.23856,0.25019,3.4649,-3.43942,0.39762,0.05012,-1.22481,-1.87489,-0.12474,2.9774,0.87717,-0.15293,-0.30482,0.3849
1.34,0.03014,-0.08134,0.99769,-4.78915,0,0.76248,1.93046,1.76437,1.03001,-0.1429,-1.62684,-2.69353,4.898,3.57901,-3.06286,0.21681,0.10701,-0.36614,-0.03083,-5.05484,2.28908,1.94036,-1.05542,0.4954,0.08009,-1.2699,-2.29081,0.72309,3.99736,-3.68369,-0.16379,0.13424,-1.35791,-1.32281,0.03819,2.39647,-0.30929,-0.31172,-0.20856,0.58609
1.36,-0.00496,-0.04527,1.02773,-4.73294,0,0.53576,1.8556,1.79061,0.89576,-0.33037,-1.60435,-2.51365,5.41217,3.3718,-2.78672,0.25918,0.15626,-0.40318,-0.16,-4.67134,2.40514,0.5006,-0.95824,0.50947,0.12528,-1.23044,-2.30121,1.20021,4.33996,-3.86147,-0.7028,0.21287,-1.44226,-0.64362,0.24111,1.76666,-1.68552,-0.53226,-0.11863,0.77553
1.38,-0.04672,-0.00229,1.04538,-4.59956,0,0.27326,1.73048,1.82267,0.73816,-0.57651,-1.58511,-2.31516,5.86818,3.18496,-2.48121,0.29978,0.20983,-0.43181,-0.27483,-4.1098,2.48206,-0.81779,-0.84777,0.50426,0.16906,-1.19325,-2.27597,1.66288,4.47151,-3.96062,-1.17974,0.28055,-1.47291,0.14583,0.47179,1.12699,-3.20312,-0.82796,-0.04489,0.94096
1.4,-0.09226,0.04609,1.04826,-4.38516,0,-0.01334,1.5611,1.86031,0.55873,-0.86969,-1.56928,-2.11132,6.26137,3.02277,-2.14774,0.34071,0.26445,-0.45156,-0.37099,-3.38833,2.51771,-1.99762,-0.72229,0.47356,0.2125,-1.15795,-2.2217,2.09015,4.38222,-3.97236,-1.55487,0.33153,-1.45034,1.02848,0.71283,0.51514,-4.8127,-1.2047,0.00538,1.07496
1.42,-0.13836,0.09748,1.0337,-4.08848,0,-0.30889,1.35394,1.90011,0.36191,-1.19507,-1.5541,-1.91193,6.58645,2.8807,-1.78285,0.38371,0.31629,-0.46241,-0.4466,-2.52835,2.50844,-3.04881,-0.58076,0.41131,0.25681,-1.12112,-2.14476,2.46014,4.07553,-3.89242,-1.79187,0.36026,-1.38062,1.98771,0.94241,-0.03561,-6.46616,-1.65865,0.02857,1.17698
1.44,-0.18165,0.14883,0.99898,-3.7118,0,-0.59584,1.11594,1.93569,0.15544,-1.53577,-1.53428,-1.72235,6.83723,2.74587,-1.37902,0.4298,0.36152,-0.46473,-0.50173,-1.55358,2.44896,-4.00243,-0.42349,0.31239,0.30318,-1.0767,-2.05075,2.7515,3.56845,-3.7213,-1.862,0.36212,-1.27419,3.00678,1.13564,-0.49832,-8.11654,-2.17512,0.02542,1.25434
1.46,-0.21884,0.19675,0.94171,-3.26187,0,-0.85563,0.8545,1.95829,-0.04968,-1.874,-1.50286,-1.54328,7.00655,2.59912,-0.92689,0.47892,0.39679,-0.459,-0.53773,-0.48964,2.3331,-4.90137,-0.25249,0.17354,0.35237,-1.01653,-1.94434,2.94518,2.89063,-3.46376,-1.74859,0.33416,-1.14379,4.06735,1.26667,-0.85339,-9.71632,-2.72849,0.00109,1.32188
1.48,-0.24693,0.23789,0.86024,-2.7505,0,-1.07028,0.57761,1.95761,-0.23959,-2.19207,-1.45237,-1.37131,7.08645,2.4184,-0.41846,0.52961,0.41963,-0.44573,-0.55653,0.63581,2.15525,-5.78931,-0.07143,-0.00579,0.40437,-0.93134,-1.82923,3.02615,2.08254,-3.12791,-1.45091,0.27589,-1.002,5.14757,1.31107,-1.08857,-11.2148,-3.28319,-0.03531,1.4004
1.5,-0.26348,0.26938,0.75416,-2.19489,0,-1.22383,0.29395,1.92288,-0.39848,-2.4731,-1.37625,-1.20027,7.06863,2.18285,0.14927,0.57894,0.42876,-0.4253,-0.56007,1.79246,1.91224,-6.69966,0.11469,-0.22266,0.45807,-0.81184,-1.70828,2.98493,1.19282,-2.72446,-0.98638,0.1897,-0.85917,6.22018,1.24831,-1.19848,-12.55549,-3.79554,-0.07178,1.51399
1.52,-0.26675,0.28911,0.62454,-1.61723,0,-1.30348,0.01286,1.84375,-0.50972,-2.70133,-1.27024,-1.02305,6.94487,1.87716,0.77103,0.62268,0.42426,-0.398,-0.54998,2.94642,1.60544,-7.64616,0.30009,-0.47015,0.511,-0.64999,-1.58373,2.81853,0.27498,-2.26606,-0.3902,0.08099,-0.72219,7.25118,1.064,-1.18365,-13.67419,-4.2163,-0.09487,1.68611
1.54,-0.25582,0.29604,0.47418,-1.0434,0,-1.30034,-0.25586,1.71122,-0.55748,-2.86212,-1.13369,-0.83382,6.7073,1.49544,1.43079,0.65565,0.40759,-0.36407,-0.52734,4.05947,1.24265,-8.61607,0.47909,-0.7372,0.55921,-0.4404,-1.45726,2.53064,-0.61665,-1.76682,0.28821,-0.04233,-0.59441,8.19942,0.75158,-1.0493,-14.49822,-4.49406,-0.09163,1.93489
1.56,-0.2307,0.29025,0.30747,-0.50094,0,-1.20982,-0.50242,1.51833,-0.52859,-2.94162,-0.97036,-0.63028,6.34871,1.04435,2.10052,0.67245,0.38156,-0.32386,-0.49288,5.08875,0.83952,-9.56718,0.647,-1.00888,0.5974,-0.18155,-1.33016,2.13135,-1.43139,-1.24195,0.9912,-0.17069,-0.47638,9.01747,0.31353,-0.80412,-14.94786,-4.57931,-0.05171,2.26806
1.58,-0.19229,0.27298,0.1303,-0.01654,0,-1.03198,-0.71768,1.26097,-0.4144,-2.92672,-0.78889,-0.41545,5.863,0.54488,2.74053,0.66819,0.35015,-0.27799,-0.44714,5.98725,0.42021,-10.4291,0.80096,-1.26714,0.61924,0.12307,-1.20347,1.63643,-2.12657,-0.70734,1.66011,-0.29399,-0.3671,9.654,-0.23799,-0.45924,-14.94017,-4.42934,0.03074,2.6786
1.6,-0.14236,0.24649,-0.05029,0.38641,0,-0.7717,-0.89375,0.93874,-0.21235,-2.80511,-0.60232,-0.19866,5.246,0.03211,3.30161,0.63926,0.31837,-0.2275,-0.39078,6.70522,0.01678,-11.10928,0.94043,-1.49199,0.61803,0.46442,-1.07848,1.0666,-2.6712,-0.17888,2.24211,-0.40279,-0.26515,10.05738,-0.88102,-0.02766,-14.39541,-4.01355,0.15567,3.14214
1.62,-0.08337,0.21375,-0.22655,0.69005,0,-0.43903,-1.02469,0.55576,0.07306,-2.56583,-0.42674,0.00486,4.49626,-0.44759,3.72925,0.58399,0.29192,-0.17384,-0.32485,7.1926,-0.33293,-11.50398,1.06706,-1.66314,0.5876,0.82793,-0.95724,0.4467,-3.04807,0.32869,2.69552,-0.48921,-0.16924,10.18012,-1.58454,0.47599,-13.2452,-3.31867,0.31672,3.61686
1.64,-0.01825,0.17808,-0.39054,0.88368,0,-0.04923,-1.10696,0.12134,0.43006,-2.20012,-0.27888,0.17589,3.61572,-0.84199,3.96976,0.50291,0.27689,-0.11887,-0.25089,7.40246,-0.58917,-11.51315,1.18397,-1.76198,0.52338,1.19437,-0.8433,-0.19529,-3.25439,0.80347,2.99275,-0.54768,-0.07798,9.9837,-2.31001,1.03529,-11.44185,-2.35335,0.50186,4.04662
1.66,0.04994,0.14257,-0.53485,0.96488,0,0.37728,-1.1398,-0.34965,0.84019,-1.70271,-0.17297,0.29441,2.61044,-1.10063,3.97779,0.39893,0.27924,-0.0646,-0.17099,7.29541,-0.71553,-11.05777,1.29453,-1.7738,0.42359,1.54151,-0.74229,-0.8294,-3.30087,1.2383,3.12127,-0.57531,0.01085,9.44364,-3.01377,1.63175,-8.9679,-1.15145,0.69493,4.36675
1.68,0.11831,0.10965,-0.6532,0.93998,0,0.81532,-1.12547,-0.83685,1.27948,-1.07346,-0.11771,0.34353,1.49137,-1.18317,3.72409,0.27717,0.30414,-0.013,-0.08769,6.84471,-0.68467,-10.09645,1.40093,-1.69001,0.29023,1.84613,-0.66223,-1.42493,-3.20963,1.6322,3.08292,-0.57196,0.10121,8.55412,-3.6502,2.24463,-5.84491,0.22655,0.87779,4.51185
1.7,0.1844,0.0807,-0.74101,0.8236,0,1.23599,-1.06918,-1.3152,1.71994,-0.31921,-0.11395,0.31334,0.2753,-1.06681,3.20206,0.14466,0.35521,0.03424,-0.00396,6.04118,-0.4835,-8.63749,1.50289,-1.5097,0.12963,2.08626,-0.61318,-1.95191,-3.01139,1.99077,2.89227,-0.54016,0.19918,7.33127,-4.1752,2.85117,-2.13959,1.69512,1.03247,4.42415
1.72,0.24636,0.05587,-0.79575,0.63724,0,1.60836,-0.97867,-1.75668,2.13142,0.54459,-0.15389,0.20399,-1.01411,-0.75149,2.43138,0.00983,0.4336,0.07583,0.07697,4.89706,-0.11686,-6.74229,1.5967,-1.24034,-0.04778,2.24314,-0.60602,-2.38266,-2.74174,2.32458,2.5742,-0.48466,0.31241,5.81394,-4.54969,3.42734,2.03512,3.14923,1.14308,4.06137
1.74,0.30295,0.0342,-0.81699,0.4068,0,1.90203,-0.86337,-2.13297,2.48362,1.49267,-0.22211,0.02749,-2.34573,-0.26175,1.45808,-0.11819,0.537,0.1109,0.15163,3.44793,0.39102,-4.51886,1.67484,-0.89726,-0.22844,2.30284,-0.65029,-2.69353,-2.43686,2.64578,2.16099,-0.41176,0.44842,4.06108,-4.74305,3.94922,6.52504,4.47411,1.19711,3.40309
1.76,0.35348,0.01387,-0.80623,0.15935,0,2.09027,-0.73331,-2.4188,2.74825,2.48967,-0.29842,-0.19212,-3.6809,0.35463,0.35108,-0.23042,0.65884,0.13902,0.21651,1.75259,0.99737,-2.10668,1.72626,-0.50203,-0.39741,2.2574,-0.7515,-2.86679,-2.12904,2.96345,1.68922,-0.3285,0.61225,2.14652,-4.73611,4.39504,11.14539,5.55833,1.18633,2.45512
1.78,0.39771,-0.00734,-0.76662,-0.08019,0,2.15327,-0.59792,-2.59555,2.90127,3.4908,-0.36205,-0.42039,-4.97415,1.03074,-0.80383,-0.31889,0.78788,0.16009,0.2682,-0.10909,1.64373,0.34275,1.73724,-0.08023,-0.54041,2.10568,-0.9085,-2.89242,-1.84265,3.27883,1.19679,-0.24183,0.80372,0.15238,-4.52366,4.74743,15.69469,6.30788,1.10728,1.25176
1.8,0.43568,-0.03166,-0.70258,-0.29207,0,2.08086,-0.46506,-2.65406,2.92492,4.44376,-0.39673,-0.6162,-6.17495,1.68699,-1.91172,-0.37744,0.90859,0.17425,0.30362,-2.04019,2.26076,2.68528,1.69291,0.34096,-0.64577,1.85369,-1.1117,-2.76957,-1.5912,3.5819,0.72022,-0.15788,1.01558,-1.83751,-4.11582,4.99537,19.96905,6.65845,0.96142,-0.14485
1.82,0.46768,-0.06086,-0.61937,-0.46359,0,1.87399,-0.34034,-2.5962,2.80925,5.2922,-0.39469,-0.73757,-7.23037,2.23924,-2.87715,-0.4023,1.00247,0.18185,0.32038,-3.93317,2.77462,4.79973,1.57921,0.73515,-0.7059,1.51429,-1.34281,-2.50718,-1.37613,3.85032,0.29243,-0.08153,1.2327,-3.74304,-3.53762,5.13531,23.77444,6.58327,0.75508,-1.64879
1.84,0.49418,-0.09597,-0.52266,-0.58987,0,1.54469,-0.22692,-2.43458,2.553,5.98045,-0.35598,-0.74934,-8.08888,2.60832,-3.61323,-0.39242,1.05049,0.18338,0.31707,-5.67837,3.11476,6.59777,1.38515,1.07886,-0.71802,1.10624,-1.57629,-2.12352,-1.18733,4.05118,-0.05921,-0.01624,1.43315,-5.49205,-2.82651,5.17093,26.9363,6.09518,0.49907,-3.15802
1.86,0.51578,-0.13712,-0.41801,-0.67351,0,1.11469,-0.12557,-2.19078,2.16388,6.45941,-0.2833,-0.63102,-8.70491,2.72998,-4.0504,-0.34956,1.03611,0.17954,0.29372,-7.17407,3.22231,8.02825,1.1051,1.35327,-0.68422,0.65254,-1.78242,-1.64481,-1.00534,4.1454,-0.31449,0.03597,1.59058,-7.02332,-2.02828,5.112,29.3069,5.24355,0.20807,-4.56478
1.88,0.53333,-0.18341,-0.31055,-0.72337,0,0.6131,-0.03507,-1.89271,1.65835,6.69258,-0.17765,-0.37981,-9.04371,2.56397,-4.14426,-0.27818,0.9485,0.17123,0.25204,-8.33644,3.05828,9.07685,0.74081,1.54563,-0.61101,0.1786,-1.9312,-1.10333,-0.80473,4.09361,-0.46155,0.07425,1.67778,-8.28862,-1.19224,4.97248,30.77155,4.10732,-0.10016,-5.767
1.9,0.5479,-0.23297,-0.20461,-0.75283,0,0.07383,0.04734,-1.57149,1.06095,6.661,-0.03747,-0.00554,-9.0852,2.10076,-3.88081,-0.18516,0.78504,0.15959,0.19566,-9.10737,2.60972,9.76177,0.30265,1.65005,-0.50835,-0.28974,-1.99633,-0.53519,-0.55811,3.8624,-0.49779,0.09866,1.67046,-9.254,-0.36661,4.76829,31.25355,2.78604,-0.40587,-6.67841
1.92,0.56083,-0.28312,-0.10366,-0.77772,0,-0.46719,0.12545,-1.25845,0.40302,6.36584,0.14039,0.47727,-8.82581,1.36407,-3.27821,-0.07936,0.55242,0.14599,0.12996,-9.45815,1.8928,10.12646,-0.1904,1.66763,-0.38838,-0.7281,-1.95834,0.02196,-0.24033,3.42937,-0.43002,0.10991,1.55077,-9.90004,0.4052,4.51486,30.71705,1.3895,-0.68859,-7.23559
1.94,0.57366,-0.33054,-0.01019,-0.81415,0,-0.97452,0.20372,-0.98231,-0.27931,5.82798,0.35931,1.05218,-8.27769,0.40873,-2.38426,0.02904,0.26599,0.13194,0.06165,-9.38845,0.95186,10.22979,-0.71221,1.6058,-0.26387,-1.11519,-1.80659,0.5314,0.16767,2.78647,-0.27404,0.10913,1.30994,-10.22138,1.08721,4.22447,29.16753,0.02697,-0.9287,-7.40112
1.96,0.588,-0.37166,0.07413,-0.87634,0,-1.4157,0.28682,-0.76685,-0.9477,5.08542,0.62101,1.69746,-7.46587,-0.68556,-1.27051,0.12935,-0.05235,0.11899,-0.0019,-8.92145,-0.14505,10.13543,-1.23217,1.47715,-0.14662,-1.43427,-1.53996,0.95971,0.6755,1.94115,-0.0536,0.09771,0.95016,-10.22576,1.65242,3.90389,26.65088,-1.20325,-1.10922,-7.16349
1.98,0.60537,-0.40291,0.14836,-0.97482,0,-1.76339,0.37934,-0.62899,-1.56456,4.18828,0.92341,2.38044,-6.42449,-1.82326,-0.02411,0.21121,-0.37728,0.10858,-0.05354,-8.09705,-1.31308,9.90195,-1.71853,1.29789,-0.04604,-1.67427,-1.16637,1.27908,1.28093,0.91587,0.20111,0.07727,0.48531,-9.93327,2.08348,3.55265,23.25259,-2.22304,-1.21752,-6.53502
2,0.62711,-0.42117,0.21211,-1.11496,0,-1.99711,0.48531,-0.57769,-2.09575,3.18939,1.25796,3.05164,-5.19316,-2.90301,1.26092,0.26547,-0.68336,0.1019,-0.08715,-6.96507,-2.45869,9.5753,-2.14167,1.08633,0.03177,-1.83029,-0.70138,1.46925,1.9686,-0.2541,0.45543,0.04973,-0.0592,-9.37558,2.37248,3.16252,19.09702,-2.98092,-1.24683,-5.549
2.02,0.65413,-0.42396,0.26524,-1.29634,0,-2.10439,0.60766,-0.61351,-2.51309,2.13067,1.60665,3.64329,-3.81385,-3.82733,2.4921,0.28496,-0.94801,0.09987,-0.09826,-5.57949,-3.4881,9.1843,-2.47675,0.8614,0.08433,-1.90336,-0.16585,1.51877,2.71043,-1.52426,0.67253,0.0175,-0.64796,-8.59488,2.52018,2.71834,14.34552,-3.45496,-1.19694,-4.25667
2.04,0.68676,-0.40971,0.30775,-1.51267,0,-2.08134,0.74752,-0.72898,-2.79619,1.03341,1.93877,4.07964,-2.32858,-4.51135,3.586,0.26514,-1.15381,0.10299,-0.08455,-3.99424,-4.31547,8.73951,-2.70533,0.64124,0.11222,-1.89947,0.41714,1.42565,3.46762,-2.8459,0.81615,-0.0164,-1.23833,-7.642,2.53463,2.20024,9.19204,-3.65181,-1.07426,-2.7242
2.06,0.72465,-0.37788,0.33951,-1.75245,0,-1.93268,0.90354,-0.90961,-2.93386,-0.10045,2.20875,4.29566,-0.77788,-4.8902,4.47463,0.20456,-1.28997,0.11143,-0.04601,-2.26081,-4.8705,8.23509,-2.81628,0.44198,0.11812,-1.82794,1.02588,1.19737,4.19414,-4.17188,0.8536,-0.04814,-1.78426,-6.57393,2.42948,1.58721,3.8558,-3.60233,-0.89105,-1.02974
2.08,0.76658,-0.32899,0.36018,-2.00003,0,-1.67132,1.0713,-1.1354,-2.92502,-1.27921,2.3606,4.25046,0.7999,-4.92477,5.11048,0.10523,-1.35301,0.12496,0.01501,-0.42743,-5.10497,7.65295,-2.80585,0.27665,0.10558,-1.69971,1.64327,0.85037,4.84105,-5.4621,0.75868,-0.07299,-2.24068,-5.45085,2.22242,0.86161,-1.42848,-3.35516,-0.66416,0.73932
2.1,0.81049,-0.26467,0.36915,-2.23698,0,-1.31768,1.24294,-1.3826,-2.77907,-2.50991,2.3427,3.93089,2.3686,-4.60538,5.46986,-0.02735,-1.34669,0.14299,0.09398,1.4605,-4.99737,6.96814,-2.67741,0.15434,0.07789,-1.52576,2.25919,0.40912,5.3608,-6.68757,0.51442,-0.08558,-2.56772,-4.33294,1.93379,0.01409,-6.42261,-2.969,-0.41336,2.48949
2.12,0.85353,-0.18756,0.36557,-2.44348,0,-0.89831,1.40736,-1.62559,-2.51531,-3.78647,2.12544,3.35015,3.89379,-3.95258,5.55381,-0.18436,-1.28089,0.16454,0.18451,3.35934,-4.55485,6.15409,-2.44055,0.07961,0.03753,-1.31596,2.87138,-0.09533,5.71083,-7.83182,0.11491,-0.08029,-2.73421,-3.2766,1.58547,-0.95165,-10.89942,-2.50469,-0.1594,4.12491
2.14,0.89215,-0.10112,0.34845,-2.59969,0,-0.44404,1.55079,-1.83887,-2.16155,-5.07971,1.70967,2.54423,5.34236,-3.01493,5.38668,-0.35432,-1.1698,0.18818,0.27887,5.22618,-3.81206,5.18718,-2.10993,0.05218,-0.01387,-1.07847,3.48444,-0.62745,5.85624,-8.88944,-0.43362,-0.05207,-2.72026,-2.33012,1.2,-2.01508,-14.6596,-2.01741,0.07803,5.55229
2.16,0.92231,-0.00942,0.31686,-2.68714,0,0.01235,1.65799,-1.99902,-1.75174,-6.33617,1.12509,1.56678,6.68223,-1.86413,5.01258,-0.52391,-1.02951,0.21205,0.36859,7.01825,-2.82738,4.05032,-1.70372,0.06691,-0.07508,-0.81954,4.10756,-1.1497,5.77161,-9.86221,-1.11274,0.00261,-2.51896,-1.52928,0.79982,-3.13654,-17.54978,-1.54999,0.28245,6.68691
2.18,0.93986,0.0832,0.27015,-2.69011,0,0.43863,1.71382,-2.08647,-1.32338,-7.4887,0.42447,0.48335,7.88263,-0.58862,4.49053,-0.67916,-0.8756,0.23378,0.44514,8.69305,-1.67745,2.73605,-1.24218,0.11411,-0.14449,-0.54385,4.75116,-1.62527,5.44261,-10.75391,-1.89233,0.08477,-2.13743,-0.89371,0.40676,-4.25732,-19.47904,-1.12817,0.44232,7.45919
2.2,0.94081,0.1724,0.20822,-2.59705,0,0.80547,1.70501,-2.08707,-0.91457,-8.4701,-0.32347,-0.63418,8.91464,0.71368,3.88867,-0.80665,-0.72118,0.25065,0.50067,10.2091,-0.45062,1.24902,-0.74643,0.18036,-0.21943,-0.25507,5.42325,-2.02064,4.86756,-11.56478,-2.73162,0.1922,-1.59734,-0.42515,0.04148,-5.30267,-20.42942,-0.7588,0.5522,7.82081
2.22,0.92179,0.25405,0.13181,-2.40175,0,1.08839,1.62194,-1.99292,-0.56128,-9.22146,-1.04211,-1.71265,9.75181,1.94288,3.27783,-0.89466,-0.57568,0.25975,0.52862,11.52704,0.75991,-0.39193,-0.23744,0.24977,-0.29578,0.04348,6.12577,-2.30771,4.05883,-12.28628,-3.58072,0.31913,-0.93468,-0.1085,-0.27698,-6.18837,-20.45649,-0.43172,0.61283,7.74903
2.24,0.88042,0.32455,0.04258,-2.1043,0,1.26914,1.46016,-1.80265,-0.29457,-9.69573,-1.65571,-2.682,10.37091,3.00458,2.72456,-0.93421,-0.44459,0.25829,0.52422,12.61105,1.86342,-2.15255,0.26476,0.30581,-0.36795,0.34813,6.85151,-2.46536,3.0439,-12.89667,-4.38277,0.45657,-0.19852,0.08441,-0.53187,-6.83073,-19.67858,-0.1252,0.63034,7.24878
2.26,0.81554,0.3809,-0.05669,-1.71156,0,1.3367,1.22158,-1.52106,-0.13815,-9.86042,-2.09842,-3.47938,10.75269,3.81719,2.28416,-0.91999,-0.32995,0.24402,0.48496,13.4307,2.77883,-3.98298,0.74173,0.33349,-0.42947,0.65439,7.58177,-2.48053,1.8658,-13.3583,-5.07675,0.59311,0.55124,0.18875,-0.70948,-7.15893,-18.25722,0.18623,0.61453,6.3526
2.28,0.72756,0.421,-0.16217,-1.23722,0,1.28773,0.9151,-1.15838,-0.10625,-9.70041,-2.32245,-4.0531,10.88299,4.31844,1.99462,-0.851,-0.23133,0.21561,0.41088,13.96302,3.44128,-5.81846,1.17726,0.32156,-0.47373,0.95661,8.28564,-2.34886,0.58253,-13.6173,-5.60127,0.71616,1.24748,0.24004,-0.80002,-7.12749,-16.37384,0.52332,0.57687,5.11869
2.3,0.6186,0.44367,-0.26912,-0.70116,0,1.1266,0.55651,-0.72941,-0.20231,-9.2203,-2.3045,-4.3667,10.75366,4.47031,1.87233,-0.73079,-0.14688,0.17303,0.3048,14.19432,3.80719,-7.58133,1.55781,0.26429,-0.49501,1.24789,8.92076,-2.07495,-0.73504,-13.60599,-5.89903,0.81332,1.82084,0.26813,-0.79828,-6.72592,-14.20814,0.89537,0.52844,3.62743
2.32,0.49243,0.44878,-0.37212,-0.12795,0,0.86476,0.16729,-0.25242,-0.41856,-8.4454,-2.04907,-4.403,10.36286,4.26164,1.91046,-0.5673,-0.07428,0.11766,0.17225,14.1206,3.85712,-9.18432,1.87303,0.16252,-0.48934,1.52018,9.43599,-1.67194,-2.0076,-13.24804,-5.92184,0.87373,2.2062,0.29346,-0.70409,-5.98282,-11.92136,1.29684,0.47849,1.97597
2.34,0.35424,0.4372,-0.46552,0.45569,0,0.51956,-0.22761,0.25209,-0.73682,-7.42114,-1.58674,-4.16796,9.71439,3.70804,2.08027,-0.37199,-0.01122,0.05228,0.02127,13.74656,3.59606,-10.53553,2.11614,0.02372,-0.4553,1.76477,9.77566,-1.16049,-3.15416,-12.46589,-5.63595,0.88924,2.35043,0.32593,-0.52238,-4.96313,-9.64622,1.7083,0.43346,0.27078
2.36,0.21019,0.41073,-0.54399,1.02402,0,0.11259,-0.60286,0.76277,-1.13013,-6.21112,-0.96486,-3.69409,8.81666,2.84954,2.33501,-0.15865,0.04444,-0.01921,-0.13812,13.08355,3.0516,-11.54521,2.28433,-0.13895,-0.39445,1.97285,9.88528,-0.56719,-4.10075,-11.19028,-5.02722,0.85538,2.22068,0.36625,-0.26288,-3.75953,-7.48324,2.10094,0.3967,-1.3812
2.38,0.06683,0.37193,-0.60307,1.55544,0,-0.3321,-0.93597,1.25863,-1.56525,-4.8914,-0.23422,-3.03884,7.68205,1.74668,2.61586,0.05801,0.09472,-0.09215,-0.2946,12.14779,2.27073,-12.13405,2.37913,-0.30829,-0.31152,2.13645,9.71817,0.07713,-4.78941,-9.37073,-4.10573,0.772,1.81158,0.40883,0.06033,-2.48029,-5.5021,2.4432,0.36877,-2.88152
2.4,-0.06939,0.32396,-0.63968,2.03481,0,-0.78956,-1.21002,1.72018,-2.00539,-3.53524,0.55814,-2.27085,6.32736,0.47578,2.8588,0.26369,0.14166,-0.16165,-0.43636,10.95948,1.3157,-12.24205,2.40646,-0.46536,-0.21415,2.24928,9.24168,0.73908,-5.18542,-6.98547,-2.90851,0.64355,1.14953,0.44517,0.42947,-1.23631,-3.74608,2.70742,0.34793,-4.14813
2.42,-0.19263,0.27025,-0.65239,2.4543,0,-1.23512,-1.41507,2.13005,-2.4132,-2.19384,1.36655,-1.44984,4.77529,-0.87649,3.00182,0.44545,0.18732,-0.22301,-0.55203,9.54311,0.25939,-11.83684,2.37634,-0.59209,-0.11221,2.30748,8.4419,1.38409,-5.28111,-4.04897,-1.49944,0.47879,0.29235,0.46679,0.8237,-0.1294,-2.23757,2.87478,0.33106,-5.12069
2.44,-0.29802,0.21419,-0.64148,2.81256,0,-1.64516,-1.54838,2.4734,-2.75361,-0.88905,2.14045,-0.61711,3.0566,-2.2191,2.99181,0.59234,0.2336,-0.27222,-0.63162,7.92845,-0.82,-10.92033,2.30192,-0.67398,-0.01655,2.31007,7.32602,1.9777,-5.09537,-0.61547,0.03468,0.28992,-0.67671,0.46713,1.21999,0.75711,-0.98312,2.93764,0.31442,-5.76327
2.46,-0.38194,0.15871,-0.60874,3.11264,0,-1.99772,-1.61323,2.73804,-2.99663,0.37919,2.82177,0.20054,1.21257,-3.46297,2.79063,0.69568,0.28188,-0.30631,-0.66751,6.15226,-1.84449,-9.53317,2.19814,-0.70275,0.06247,2.25918,5.92234,2.48684,-4.66941,3.22132,1.59121,0.09124,-1.65923,0.44248,1.59413,1.36498,0.02262,2.89936,0.2946,-6.06447
2.48,-0.44217,0.10599,-0.55719,3.35938,0,-2.27291,-1.61719,2.91462,-3.11983,1.62003,3.35164,0.98263,-0.70315,-4.52739,2.37982,0.74921,0.33267,-0.3237,-0.65535,4.25996,-2.74199,-7.75631,2.08016,-0.67815,0.11654,2.16,4.27875,2.88122,-4.06025,7.33192,3.06099,-0.10241,-2.55443,0.39206,1.92197,1.66486,0.79393,2.77235,0.26918,-6.03592
2.5,-0.47796,0.05719,-0.49072,3.55705,0,-2.45354,-1.57023,2.9968,-3.11007,2.83898,3.68286,1.70684,-2.62412,-5.34571,1.76307,0.7492,0.38533,-0.32435,-0.59465,2.30661,-3.45143,-5.70845,1.9618,-0.60874,0.14062,2.02053,2.45978,3.135,-3.33331,11.55742,4.33834,-0.27718,-3.27154,0.31756,2.18086,1.65706,1.35176,2.57529,0.23722,-5.70939
2.52,-0.48996,0.01249,-0.4137,3.70781,0,-2.52594,-1.48304,2.98151,-2.96428,4.02533,3.78891,2.34122,-4.47326,-5.86982,0.96576,0.69464,0.43797,-0.30969,-0.48895,0.35614,-3.92711,-3.53778,1.85419,-0.51091,0.13354,1.85097,0.54241,3.22859,-2.5551,15.71815,5.33066,-0.42153,-3.73971,0.22264,2.35111,1.36924,1.72158,2.33017,0.19947,-5.13289
2.54,-0.47999,-0.02875,-0.33063,3.81133,0,-2.4809,-1.36583,2.86922,-2.689,5.1419,3.66681,2.84074,-6.16794,-6.07328,0.03126,0.58743,0.48771,-0.28241,-0.34554,-1.52202,-4.1419,-1.40763,1.76456,-0.40611,0.09794,1.66258,-1.38963,3.15069,-1.7868,19.62473,5.96685,-0.52714,-3.91428,0.11225,2.41764,0.85121,1.93122,2.0594,0.15815,-4.36568
2.56,-0.45072,-0.06766,-0.24578,3.86541,0,-2.31487,-1.22766,2.66424,-2.29894,6.1246,3.33693,3.15604,-7.62773,-5.9529,-0.98521,0.4327,0.53112,-0.24606,-0.17465,-3.25835,-4.08942,0.52233,1.69544,-0.31692,0.03955,1.46645,-3.25234,2.90018,-1.0789,23.09107,6.20418,-0.5895,-3.77937,-0.00777,2.37157,0.16762,2.00874,1.78363,0.11655,-3.47282
2.58,-0.40536,-0.1054,-0.16288,3.86751,0,-2.03115,-1.07617,2.37509,-1.81521,6.89839,2.84088,3.25214,-8.78313,-5.52915,-2.02376,0.23895,0.5648,-0.2045,0.01156,-4.78986,-3.78495,2.11575,1.64428,-0.26271,-0.03384,1.27205,-4.9682,2.48781,-0.46755,25.94811,6.0331,-0.60811,-3.34753,-0.13112,2.21171,-0.61025,1.98048,1.52,0.07834,-2.51985
2.6,-0.34734,-0.14278,-0.08492,3.81643,0,-1.64079,-0.91767,2.01475,-1.26336,7.40026,2.23455,3.12174,-9.58352,-4.84495,-3.02636,0.01806,0.58593,-0.16156,0.20008,-6.06621,-3.26473,3.27615,1.60357,-0.25608,-0.11345,1.08609,-6.47173,1.93699,0.02717,28.05602,5.47903,-0.58637,-2.65699,-0.25126,1.9456,-1.41218,1.86944,1.28124,0.047,-1.56814
2.62,-0.28009,-0.17995,-0.01404,3.71375,0,-1.16276,-0.75727,1.6006,-0.67165,7.59308,1.57502,2.78617,-10.00212,-3.9623,-3.94143,-0.21528,0.59275,-0.12058,0.37806,-7.05421,-2.58307,3.95664,1.56165,-0.301,-0.19036,0.91178,-7.71321,1.28318,0.4007,29.31249,4.60016,-0.53093,-1.76684,-0.36158,1.58973,-2.17538,1.69426,1.07534,0.02532,-0.67126
2.64,-0.20686,-0.21628,0.04855,3.56452,0,-0.62314,-0.59899,1.15381,-0.06946,7.46736,0.90859,2.28947,-10.03737,-2.95678,-4.72623,-0.4445,0.58467,-0.08426,0.53374,-7.74001,-1.80712,4.1617,1.50399,-0.39292,-0.25612,0.74848,-8.66021,0.57135,0.66149,29.65624,3.4808,-0.45083,-0.75045,-0.45561,1.16874,-2.84901,1.46873,0.90574,0.01504,0.12776
2.66,-0.13056,-0.25039,0.10252,3.37721,0,-0.05344,-0.44586,0.69823,0.51406,7.03798,0.26774,1.69046,-9.7111,-1.91033,-5.34711,-0.65269,0.56229,-0.0545,0.65717,-8.12929,-1.00994,3.94159,1.4149,-0.52063,-0.30302,0.59187,-9.29737,-0.14793,0.82684,29.06697,2.22149,-0.35621,0.31225,-0.52717,0.71363,-3.39686,1.20177,0.77185,0.01666,0.7981
2.68,-0.05376,-0.28028,0.14836,3.16323,0,0.51177,-0.29993,0.25894,1.0513,6.33955,-0.3243,1.05425,-9.06482,-0.90361,-5.77888,-0.82413,0.52719,-0.03244,0.74086,-8.2461,-0.263,3.38221,1.27948,-0.66917,-0.32427,0.4345,-9.62522,-0.82337,0.91815,27.56355,0.92743,-0.25715,1.3428,-0.57059,0.25929,-3.79841,0.89804,0.66971,0.02944,1.32192
2.7,0.02138,-0.30362,0.18722,2.93603,0,1.03748,-0.16248,-0.13935,1.51716,5.42163,-0.84726,0.44457,-8.15526,-0.0093,-6.00385,-0.94575,0.48168,-0.01847,0.78019,-8.13053,0.3704,2.59288,1.0854,-0.82266,-0.31415,0.2668,-9.65832,-1.40773,0.95632,25.20158,-0.30238,-0.16259,2.27147,-0.58095,-0.15826,-4.04827,0.55881,0.59272,0.05137,1.69391
2.72,0.09306,-0.31799,0.22072,2.70982,0,1.49085,-0.03428,-0.47393,1.89017,4.34391,-1.27835,-0.08226,-7.04954,0.71283,-6.0114,-1.00812,0.42852,-0.01236,0.77351,-7.83542,0.84,1.69399,0.82423,-0.96655,-0.26828,0.07844,-9.4229,-1.86198,0.958,22.06985,-1.384,-0.07968,3.04313,-0.55425,-0.50482,-4.15401,0.1832,0.53211,0.07932,1.91968
2.74,0.15983,-0.32123,0.25066,2.4981,0,1.84377,0.08398,-0.72578,2.15333,3.17169,-1.59045,-0.48132,-5.82032,1.21877,-5.79809,-1.00579,0.3706,-0.01339,0.72211,-7.42195,1.1111,0.80584,0.49222,-1.08873,-0.18406,-0.14018,-8.95385,-2.15839,0.93333,18.2854,-2.25461,-0.01348,3.62124,-0.48756,-0.75097,-4.13262,-0.23059,0.47727,0.10915,2.01299
2.76,0.22052,-0.31168,0.27878,2.3119,0,2.07527,0.19127,-0.88112,2.29518,1.97159,-1.75735,-0.72141,-4.54105,1.48129,-5.36861,-0.93722,0.31067,-0.02043,0.62991,-6.95459,1.16524,0.03917,0.09044,-1.17962,-0.06121,-0.39627,-8.29175,-2.28247,0.88509,13.98769,-2.87569,0.03295,3.98977,-0.37903,-0.87485,-4.00613,-0.68409,0.41593,0.13589,1.99229
2.78,0.27425,-0.28844,0.30645,2.15837,0,2.17335,0.2858,-0.93273,2.31075,0.80776,-1.76294,-0.78587,-3.28169,1.48972,-4.73727,-0.80444,0.25107,-0.03212,0.50302,-6.49601,0.99952,-0.51222,-0.37545,-1.23172,0.09763,-0.6932,-7.48024,-2.23386,0.80957,9.3331,-3.23379,0.05834,4.15304,-0.22776,-0.86445,-3.79728,-1.17775,0.33436,0.15398,1.8774
2.8,0.3204,-0.25157,0.3345,2.03974,0,2.13626,0.36482,-0.88078,2.20231,-0.2616,-1.60666,-0.67258,-2.10494,1.24921,-3.92926,-0.61266,0.19363,-0.04696,0.34933,-6.10215,0.62542,-0.77665,-0.89559,-1.23895,0.28644,-1.02937,-6.56406,-2.02594,0.69891,4.49018,-3.33882,0.06294,4.13282,-0.03352,-0.7191,-3.52589,-1.71056,0.21774,0.15763,1.68675
2.82,0.35849,-0.20212,0.36304,1.95286,0,1.97255,0.42478,-0.73282,1.97969,-1.18731,-1.30343,-0.39326,-1.06278,0.77958,-2.98107,-0.36992,0.13961,-0.06339,0.178,-5.81777,0.06725,-0.70728,-1.45651,-1.19621,0.49572,-1.39782,-5.58751,-1.68401,0.54478,-0.36505,-3.22032,0.04838,3.96269,0.20383,-0.44974,-3.20657,-2.2804,0.05098,0.14119,1.43592
2.84,0.38816,-0.14208,0.39143,1.88957,0,1.69995,0.46176,-0.50296,1.65989,-1.93225,-0.88131,0.02775,-0.1933,0.11406,-1.93924,-0.08692,0.08972,-0.07998,-0.00109,-5.6724,-0.63938,-0.28264,-2.04178,-1.09944,0.71281,-1.78648,-4.59312,-1.24206,0.34299,-5.05457,-2.92165,0.01763,3.67976,0.48514,-0.07769,-2.84779,-2.88491,-0.1801,0.09969,1.13739
2.86,0.40905,-0.07415,0.41838,1.83751,0,1.34325,0.47218,-0.21033,1.2661,-2.474,-0.37863,0.55509,0.48212,-0.70215,-0.85773,0.22324,0.04424,-0.09543,-0.17794,-5.67714,-1.4491,0.49461,-2.63277,-0.94604,0.9226,-2.1792,-3.62038,-0.73865,0.09795,-9.40508,-2.49319,-0.02492,3.31547,0.81274,0.36759,-2.45223,-3.52279,-0.48725,0.02945,0.80147
2.88,0.42077,-0.00155,0.44202,1.78168,0,0.93173,0.45366,0.12271,0.8264,-2.80691,0.15931,1.1445,0.96077,-1.6136,0.2057,0.5452,0.00313,-0.10874,-0.34302,-5.82281,-2.30857,1.59997,-3.20945,-0.73564,1.10872,-2.55727,-2.70477,-0.21256,-0.17402,-13.25578,-1.98553,-0.0735,2.88777,1.19116,0.8515,-2.01835,-4.19494,-0.87795,-0.07132,0.43798
2.9,0.42284,0.07228,0.46017,1.70614,0,0.49653,0.40574,0.47242,0.37208,-2.94275,0.68401,1.74554,1.25892,-2.55693,1.19365,0.86181,-0.0338,-0.11921,-0.48781,-6.08017,-3.15873,2.99006,-3.75122,-0.47087,1.25496,-2.9012,-1.87686,0.30092,-0.44418,-16.46636,-1.44375,-0.12118,2.39739,1.62705,1.33726,-1.54241,-4.90473,-1.35369,-0.20192,0.05816
2.92,0.41476,0.14386,0.47048,1.59603,0,0.06843,0.33026,0.81504,-0.06419,-2.9092,1.14804,2.30501,1.40977,-3.46412,2.0531,1.15483,-0.06679,-0.12648,-0.60537,-6.40241,-3.93768,4.60603,-4.23755,-0.15796,1.34678,-3.19241,-1.16161,0.7724,-0.67471,-18.92453,-0.90364,-0.16062,1.83001,2.12843,1.78864,-1.02092,-5.65683,-1.90846,-0.35878,-0.32375
2.94,0.39604,0.2099,0.47069,1.43935,0,-0.32409,0.23138,1.12793,-0.45045,-2.74617,1.50997,2.77146,1.45905,-4.26681,2.73937,1.40606,-0.09609,-0.13046,-0.69066,-6.73014,-4.58462,6.37725,-4.64857,0.1932,1.37286,-3.41472,-0.57747,1.17947,-0.82592,-20.55262,-0.39,-0.18505,1.16459,2.70285,2.17212,-0.45272,-6.45433,-2.52772,-0.53522,-0.68966
2.96,0.36627,0.2674,0.45882,1.2286,0,-0.65626,0.11515,1.39031,-0.75771,-2.50026,1.73978,3.1005,1.45861,-4.9016,3.2196,1.59884,-0.12193,-0.13132,-0.74096,-6.99836,-5.0444,8.22528,-4.96567,0.5694,1.32656,-3.55561,-0.13554,1.50652,-0.86614,-21.31344,0.08307,-0.18968,0.38601,3.35496,2.45863,0.15924,-7.29475,-3.18797,-0.72157,-1.0176
2.98,0.32535,0.31382,0.43334,0.96202,0,-0.90814,-0.01113,1.58382,-0.96211,-2.21851,1.82435,3.26058,1.45925,-5.31563,3.47539,1.71965,-0.14451,-0.12937,-0.75601,-7.14456,-5.27244,10.06774,-5.17229,0.95493,1.20709,-3.60722,0.16115,1.74376,-0.78182,-21.21491,0.51046,-0.17292,-0.50148,4.08369,2.62484,0.80664,-8.1655,-3.85698,-0.90553,-1.28257
3,0.27353,0.34721,0.39338,0.6441,0,-1.06532,-0.13961,1.69321,-1.04674,-1.94255,1.77139,3.23862,1.50395,-5.47145,3.50404,1.75967,-0.1641,-0.12497,-0.73814,-7.11646,-5.23909,11.8214,-5.25473,1.33243,1.02012,-3.56696,0.31783,1.88605,-0.58465,-20.31189,0.89342,-0.13716,-1.4644,4.87965,2.6541,1.4751,-9.0399,-4.49473,-1.07285,-1.45807
3.02,0.21164,0.36631,0.33879,0.28521,0,-1.11941,-0.26255,1.70704,-1.00277,-1.70399,1.60751,3.04467,1.62257,-5.35023,3.31783,1.71566,-0.18107,-0.11853,-0.69199,-6.87829,-4.93245,13.40431,-5.20303,1.68406,0.77758,-3.43745,0.34735,1.93163,-0.31332,-18.70318,1.23661,-0.08878,-2.43732,5.72314,2.53703,2.14442,-9.87419,-5.05504,-1.20831,-1.5184
3.04,0.14115,0.37067,0.27014,-0.09975,0,-1.06805,-0.37292,1.61843,-0.82992,-1.52154,1.3674,2.71292,1.82858,-4.95267,2.94112,1.59036,-0.19591,-0.11045,-0.62407,-6.41454,-4.35918,14.73674,-5.01151,1.99257,0.49652,-3.22578,0.26872,1.88126,-0.0286,-16.52281,1.54518,-0.03708,-3.32898,6.58303,2.27155,2.78947,-10.60637,-5.48795,-1.29695,-1.44138
3.06,0.06419,0.36068,0.18872,-0.49363,0,-0.91491,-0.46482,1.42603,-0.53613,-1.40002,1.08056,2.29377,2.11797,-4.29808,2.40614,1.39216,-0.20928,-0.10111,-0.54203,-5.73134,-3.54367,15.74182,-4.67935,2.24246,0.19715,-2.94228,0.10496,1.73777,0.19705,-13.92696,1.82231,0.00741,-4.03604,7.41698,1.86276,3.38212,-11.15727,-5.74318,-1.32564,-1.21153
3.08,-0.01645,0.33767,0.09639,-0.87941,0,-0.66939,-0.53383,1.1348,-0.13684,-1.33095,0.76493,1.83752,2.4702,-3.42211,1.74833,1.13444,-0.22194,-0.09096,-0.45386,-4.85583,-2.52586,16.34665,-4.21119,2.42103,-0.09936,-2.59913,-0.11928,1.50614,0.29308,-11.07947,2.06745,0.03502,-4.46112,8.17319,1.32274,3.89362,-11.43438,-5.77442,-1.28458,-0.8233
3.1,-0.09745,0.3038,-0.00447,-1.24243,0,-0.34627,-0.57723,0.75661,0.34609,-1.29474,0.42769,1.38071,2.85102,-2.37368,1.00273,0.83461,-0.2347,-0.08054,-0.36727,-3.83357,-1.35838,16.48421,-3.61767,2.51922,-0.37293,-2.20922,-0.37995,1.194,0.20436,-8.13863,2.27566,0.03891,-4.53057,8.7936,0.67022,4.29725,-11.33842,-5.54437,-1.16881,-0.28402
3.12,-0.17513,0.26191,-0.11111,-1.5718,0,0.0349,-0.59408,0.31006,0.88576,-1.26418,0.06846,0.9428,3.21679,-1.21128,0.20194,0.51293,-0.24829,-0.07064,-0.28912,-2.72405,-0.10291,16.09603,-2.91573,2.532,-0.6062,-1.78535,-0.65525,0.81233,-0.09809,-5.24689,2.4379,0.01629,-4.2081,9.21844,-0.06974,4.57077,-10.77236,-5.02989,-0.97917,0.38406
3.14,-0.24576,0.21521,-0.22047,-1.86089,0,0.45079,-0.58521,-0.18042,1.45195,-1.20893,-0.31736,0.52925,3.52026,0.00132,-0.62401,0.19106,-0.26312,-0.06235,-0.22514,-1.59417,1.17393,15.1356,-2.12838,2.45815,-0.78542,-1.33971,-0.92657,0.37615,-0.61078,-2.5239,2.54262,-0.03103,-3.50191,9.39178,-0.86643,4.69849,-9.65228,-4.22687,-0.72276,1.14317
3.16,-0.30587,0.16683,-0.32934,-2.10704,0,0.87556,-0.55302,-0.68631,2.01301,-1.10051,-0.73489,0.13591,3.71699,1.19966,-1.44637,-0.10947,-0.27909,-0.05719,-0.17973,-0.51062,2.4053,13.5728,-1.28392,2.29989,-0.90081,-0.88375,-1.1789,-0.09498,-1.29636,-0.06295,2.57801,-0.09709,-2.46512,9.26776,-1.6845,4.67299,-7.91914,-3.15424,-0.41273,1.94088
3.18,-0.35263,0.11941,-0.43447,-2.31081,0,1.28233,-0.50129,-1.1772,2.53794,-0.9172,-1.18593,-0.2468,3.77182,2.32314,-2.23582,-0.36891,-0.29527,-0.05709,-0.15599,0.46783,3.52874,11.39996,-0.41476,2.06226,-0.9466,-0.42824,-1.40067,-0.57694,-2.0867,2.06993,2.53491,-0.17269,-1.19041,8.81683,-2.48533,4.49647,-5.55024,-1.85643,-0.06755,2.71295
3.2,-0.38412,0.07476,-0.53271,-2.47515,0,1.64476,-0.43492,-1.62314,2.99832,-0.64788,-1.6647,-0.62988,3.66422,3.31903,-2.9611,-0.57075,-0.30985,-0.06437,-0.15562,1.29664,4.49015,8.63864,0.44408,1.75278,-0.92088,0.01645,-1.58328,-1.04171,-2.88997,3.83445,2.40934,-0.24675,0.19977,8.03055,-3.22859,4.18174,-2.56794,-0.4034,0.29017,3.3879
3.22,-0.3995,0.03369,-0.62113,-2.60461,0,1.9385,-0.35951,-1.99689,3.36998,-0.29422,-2.15335,-1.02184,3.39138,4.14546,-3.58894,-0.703,-0.31998,-0.08149,-0.1789,1.94928,5.2468,5.34634,1.25684,1.38126,-0.82545,0.44014,-1.72051,-1.45888,-3.60108,5.21272,2.20441,-0.30777,1.56676,6.92376,-3.87422,3.75224,0.95662,1.113,0.63537,3.89367
3.24,-0.39894,-0.00399,-0.69712,-2.70476,0,2.14264,-0.28088,-2.27585,3.63423,0.1293,-2.6191,-1.42482,2.96872,4.77341,-4.08572,-0.7591,-0.32194,-0.11071,-0.22455,2.41829,5.76914,1.62116,1.98929,0.9598,-0.66567,0.83273,-1.8078,-1.79824,-4.1149,6.20492,1.93093,-0.3453,2.7717,5.53325,-4.38463,3.24114,4.90604,2.58672,0.94269,4.1658
3.26,-0.38346,-0.03927,-0.7585,-2.78193,0,2.24102,-0.20457,-2.44378,3.77883,0.59716,-3.01843,-1.8306,2.42781,5.18789,-4.42077,-0.73855,-0.31137,-0.15362,-0.28955,2.71367,6.04167,-2.39635,2.6113,0.50286,-0.45044,1.18441,-1.8416,-2.03302,-4.34059,6.8246,1.60691,-0.35125,3.69263,3.91357,-4.72728,2.68936,9.12506,3.90846,1.18896,4.15648
3.28,-0.35468,-0.0736,-0.80367,-2.84307,0,2.22355,-0.1352,-2.49214,3.79864,1.0761,-3.30944,-2.21745,1.81255,5.38834,-4.57052,-0.647,-0.28367,-0.21062,-0.36902,2.85966,6.06317,-6.52551,3.09946,0.0273,-0.19204,1.48592,-1.81907,-2.14342,-4.21505,7.09456,1.25614,-0.32101,4.2401,2.13144,-4.87746,2.1429,13.4324,4.97809,1.35558,3.84278
3.3,-0.3145,-0.10859,-0.83172,-2.89574,0,2.08717,-0.07601,-2.42106,3.69585,1.52897,-3.46399,-2.55162,1.17426,5.38834,-4.52241,-0.49599,-0.23458,-0.28047,-0.45617,2.89046,5.84646,-10.55318,3.43906,-0.44774,0.09405,1.72909,-1.73797,-2.11958,-3.71259,7.04365,0.90604,-0.25403,4.36823,0.25987,-4.82093,1.64958,17.63368,5.7161,1.43058,3.23201
3.32,-0.26492,-0.14556,-0.84252,-2.94788,0,1.8365,-0.02842,-2.23947,3.47956,1.91885,-3.47185,-2.79762,0.56608,5.21417,-4.27729,-0.30177,-0.16077,-0.35992,-0.54247,2.84547,5.41728,-14.24802,3.62506,-0.90153,0.38972,1.90725,-1.59702,-1.96331,-2.84858,6.70451,0.5849,-0.15405,4.07889,-1.62689,-4.55578,1.25534,21.53332,6.07199,1.40978,2.36241
3.34,-0.20774,-0.18536,-0.8367,-3.00717,0,1.48379,0.00819,-1.96454,3.16467,2.21299,-3.33867,-2.9314,0.03711,4.90225,-3.84985,-0.08355,-0.06051,-0.44356,-0.61804,2.76457,4.81229,-17.38163,3.66192,-1.31287,0.67521,2.01566,-1.39634,-1.68816,-1.67604,6.11209,0.31875,-0.02859,3.41805,-3.45743,-4.09331,0.99989,24.94462,6.02865,1.29695,1.29829
3.36,-0.14448,-0.22804,-0.81566,-3.0803,0,1.04837,0.03656,-1.6203,2.77012,2.38629,-3.08222,-2.94643,-0.37328,4.4957,-3.26698,0.13881,0.06558,-0.52381,-0.67245,2.68372,4.07642,-19.75429,3.56233,-1.66181,0.93043,2.05198,-1.13809,-1.31812,-0.27648,5.30299,0.12797,0.1119,2.46576,-5.16632,-3.45785,0.91227,27.69856,5.60266,1.10311,0.12094
3.38,-0.07626,-0.27282,-0.78147,-3.17207,0,0.55561,0.06138,-1.23592,2.31707,2.4241,-2.72854,-2.85178,-0.64017,4.04049,-2.56476,0.3473,0.21405,-0.59125,-0.69557,2.63151,3.25981,-21.2211,3.34552,-1.93152,1.13656,2.01669,-0.82695,-0.88525,1.25221,4.31525,0.02428,0.25519,1.32282,-6.69642,-2.68583,1.00666,29.65182,4.84153,0.84516,-1.08241
3.4,-0.00383,-0.31801,-0.7368,-3.28469,0,0.0356,0.08896,-0.84365,1.82726,2.32387,-2.30835,-2.6679,-0.7561,3.58176,-1.7845,0.52778,0.37814,-0.63496,-0.67879,2.62695,2.41479,-21.71206,3.03526,-2.11,1.27763,1.91359,-0.47045,-0.4268,2.80787,3.1883,0.00868,0.38843,0.09732,-8.00029,-1.82392,1.2792,30.69357,3.81843,0.54425,-2.22879
3.42,0.07229,-0.36115,-0.68478,-3.41731,0,-0.47861,0.12649,-0.47659,1.32166,2.09526,-1.85375,-2.42225,-0.73155,3.16025,-0.96819,0.6714,0.54777,-0.64321,-0.61612,2.67884,1.59267,-21.2405,2.65799,-2.19122,1.34179,1.75007,-0.0785,0.0179,4.29359,1.96234,0.07062,0.49909,-1.10637,-9.04084,-0.92617,1.70647,30.75011,2.62466,0.22387,-3.24654
3.44,0.15168,-0.39922,-0.62882,-3.56577,0,-0.95324,0.18114,-0.1663,0.81947,1.75846,-1.39532,-2.14522,-0.59285,2.80913,-0.15379,0.77499,0.70979,-0.60416,-0.50536,2.78654,0.84046,-19.89745,2.24082,-2.1754,1.32225,1.53718,0.33763,0.41062,5.62389,0.67684,0.18888,0.57582,-2.19516,-9.79128,-0.05003,2.24607,29.78714,1.36029,-0.09207,-4.07864
3.46,0.23374,-0.42894,-0.57234,-3.72268,0,-1.35633,0.25897,0.05975,0.33739,1.3413,-0.95952,-1.86627,-0.37774,2.55136,0.62937,0.84071,0.84857,-0.50678,-0.34901,2.94216,0.19763,-17.83416,1.80984,-2.06867,1.21777,1.28936,0.76694,0.71738,6.72776,-0.63173,0.33374,0.60905,-3.09161,-10.23503,0.74849,2.8393,27.81065,0.12381,-0.38125,-4.68273
3.48,0.31751,-0.44714,-0.51853,-3.87784,0,-1.66038,0.36379,0.1805,-0.11081,0.87557,-0.56686,-1.6108,-0.12982,2.39789,1.36403,0.87498,0.94678,-0.34186,-0.15492,3.13328,-0.30666,-15.23854,1.38863,-1.88219,1.03283,1.02395,1.20057,0.91128,7.55002,-1.93237,0.47009,0.59172,-3.73606,-10.36588,1.41984,3.41578,24.86802,-0.99777,-0.6247,-5.02949
3.5,0.40145,-0.45112,-0.47016,-4.019,0,-1.84478,0.4963,0.18331,-0.5146,0.39355,-0.23087,-1.39787,0.10727,2.34711,2.04658,0.88712,0.98623,-0.10294,0.06362,3.34595,-0.65526,-12.31091,0.99727,-1.63102,0.77732,0.76034,1.63334,0.97488,8.05199,-3.20145,0.56088,0.52015,-4.08801,-10.18868,1.92536,3.89964,21.04948,-1.93679,-0.80822,-5.10093
3.52,0.48336,-0.43891,-0.42942,-4.13271,0,-1.8976,0.6535,0.06524,-0.86676,-0.07501,0.04187,-1.23916,0.29487,2.38573,2.68599,0.88774,0.94857,0.21283,0.28862,3.56709,-0.84343,-9.24323,0.65171,-1.33272,0.46578,0.51878,2.06465,0.90177,8.21252,-4.42342,0.57049,0.39513,-4.12724,-9.71983,2.24036,4.21691,16.48856,-2.64968,-0.92324,-4.88993
3.54,0.56039,-0.4095,-0.39782,-4.20517,0,-1.81669,0.82867,-0.16643,-1.16346,-0.50504,0.25074,-1.13893,0.40324,2.49109,3.30007,0.88703,0.81594,0.60411,0.49891,3.78615,-0.87756,-6.20371,0.36347,-1.00575,0.11605,0.31873,2.49847,0.69724,8.02945,-5.59024,0.46786,0.22303,-3.85536,-8.98754,2.35566,4.30375,11.3603,-3.11791,-0.96708,-4.40135
3.56,0.6291,-0.36293,-0.37611,-4.22321,0,-1.60988,1.01178,-0.49449,-1.40425,-0.87759,0.39943,-1.09486,0.41413,2.63462,3.90985,0.89318,0.57171,1.06498,0.6725,3.99595,-0.77283,-3.32738,0.13962,-0.66793,-0.25242,0.17686,2.94259,0.37805,7.52144,-6.6996,0.22923,0.01675,-3.2973,-8.03161,2.27759,4.11481,5.87645,-3.34593,-0.94269,-3.65447
3.58,0.68572,-0.3003,-0.36431,-4.17539,0,-1.29474,1.19031,-0.89279,-1.59197,-1.18048,0.4941,-1.09952,0.32209,2.78567,4.53332,0.9111,0.20154,1.58478,0.78933,4.19303,-0.55023,-0.71245,-0.01701,-0.33502,-0.6203,0.10512,3.40724,-0.02858,6.72894,-7.75254,-0.15948,-0.20403,-2.50185,-6.90278,2.02693,3.63067,0.27801,-3.35676,-0.85797,-2.68578
3.6,0.72641,-0.22376,-0.36172,-4.05309,0,-0.89757,1.35035,-1.32784,-1.73235,-1.40833,0.54168,-1.14202,0.13447,2.91525,5.1801,0.94163,-0.30498,2.14815,0.83404,4.37739,-0.23367,1.57829,-0.10746,-0.01995,-0.96991,0.10918,3.90329,-0.48685,5.71305,-8.75045,-0.70058,-0.41375,-1.53982,-5.66126,1.6368,2.86272,-5.1755,-3.18642,-0.72478,-1.55035
3.62,0.74759,-0.13641,-0.36705,-3.8514,0,-0.45179,1.47785,-1.76104,-1.83327,-1.56205,0.54877,-1.20957,-0.12983,2.99874,5.84802,0.98137,-0.95201,2.73518,0.79839,4.55189,0.15248,3.51204,-0.136,0.26747,-1.28604,0.18754,4.44014,-0.955,4.55031,-9.69186,-1.38309,-0.58367,-0.49844,-4.37384,1.14972,1.85412,-10.22076,-2.87769,-0.55762,-0.32033
3.64,0.7462,-0.04213,-0.37849,-3.56962,0,0.00455,1.55992,-2.15146,-1.90353,-1.64776,0.52129,-1.28881,-0.4429,3.0174,6.52232,1.02315,-1.73459,3.32188,0.68291,4.7211,0.58506,5.07783,-0.10934,0.52012,-1.55636,0.33159,5.02332,-1.38896,3.32333,-10.56904,-2.18193,-0.68603,0.52843,-3.10915,0.61387,0.67594,-14.60974,-2.47387,-0.3721,0.92034
3.66,0.72003,0.05465,-0.39383,-3.21146,0,0.43182,1.58612,-2.45924,-1.95143,-1.6755,0.46473,-1.3668,-0.77121,2.95872,7.17738,1.05707,-2.63539,3.8809,0.49778,4.89002,1.04308,6.2774,-0.03583,0.73282,-1.77127,0.52642,5.65227,-1.74638,2.10853,-11.36508,-3.05787,-0.69943,1.45281,-1.93168,0.07875,-0.58083,-18.13191,-2.01318,-0.1832,2.08429
3.68,0.66799,0.1493,-0.41066,-2.7849,0,0.79215,1.54976,-2.64905,-1.98353,-1.65774,0.38483,-1.43185,-1.07948,2.81599,7.78026,1.07187,-3.62172,4.38246,0.26268,5.06271,1.50802,7.11695,0.07547,0.90139,-1.92357,0.7524,6.31835,-1.99089,0.96426,-12.05178,-3.95853,-0.61391,2.20512,-0.89565,-0.40906,-1.8159,-20.63611,-1.52463,-0.00386,3.09057
3.7,0.5904,0.23721,-0.42648,-2.30178,0,1.05265,1.44878,-2.69348,-2.0039,-1.60805,0.28844,-1.47396,-1.33438,2.58752,8.29514,1.05642,-4.64323,4.79544,0.00548,5.24117,1.96349,7.60144,0.21548,1.02201,-2.0083,0.98711,7.00353,-2.09559,-0.07721,-12.58886,-4.82042,-0.43441,2.74333,-0.04007,-0.80967,-2.93109,-22.04712,-1.02608,0.15626,3.87375
3.72,0.48906,0.31419,-0.43886,-1.77694,0,1.18821,1.28631,-2.57563,-2.01403,-1.53977,0.184,-1.48519,-1.50781,2.27546,8.68751,1.00097,-5.63118,5.08848,-0.24038,5.42418,2.39452,7.73234,0.37568,1.09103,-2.02266,1.20765,7.67966,-2.04531,-1.01109,-12.92431,-5.57237,-0.18135,3.05583,0.61393,-1.09266,-3.84109,-22.37234,-0.52498,0.29114,4.3903
3.74,0.36733,0.37672,-0.44553,-1.22679,0,1.18356,1.07047,-2.2908,-2.01362,-1.46476,0.08177,-1.45983,-1.5793,1.88463,8.92748,0.89819,-6.49986,5.23096,-0.43984,5.60633,2.78657,7.50931,0.54846,1.10524,-1.96629,1.39298,8.30868,-1.83731,-1.85403,-12.99616,-6.14041,0.1123,3.15745,1.06318,-1.23869,-4.48248,-21.69662,-0.02165,0.39833,4.6215
3.76,0.22992,0.42226,-0.44451,-0.66755,0,1.0347,0.81373,-1.84718,-2.00175,-1.39231,-0.00661,-1.39463,-1.53777,1.42133,8.99218,0.74375,-7.15075,5.19439,-0.56097,5.77724,3.1246,6.93499,0.72732,1.06278,-1.84171,1.52625,8.8439,-1.48065,-2.63251,-12.73588,-6.45403,0.40667,3.07982,1.32027,-1.24016,-4.82054,-20.16726,0.48576,0.47818,4.57304
3.78,0.08268,0.44948,-0.4342,-0.11362,0,0.74947,0.53183,-1.26564,-1.97832,-1.32809,-0.06886,-1.28943,-1.38263,0.89258,8.86723,0.53682,-7.47961,4.95411,-0.57972,5.92131,3.39259,6.02169,0.9069,0.96412,-1.6549,1.5968,9.2328,-0.99473,-3.36918,-12.07378,-6.45366,0.66206,2.85972,1.40991,-1.10103,-4.85317,-17.97372,0.99597,0.53287,4.2721
3.8,-0.06773,0.45834,-0.41352,0.42358,0,0.34737,0.24235,-0.57851,-1.94499,-1.27342,-0.0932,-1.14822,-1.12431,0.30584,8.54728,0.28023,-7.38667,4.49168,-0.48366,6.01796,3.57358,4.79788,1.08293,0.81302,-1.41574,1.60138,9.42104,-0.40747,-4.07154,-10.94611,-6.09826,0.84567,2.52894,1.36458,-0.83598,-4.61096,-15.32622,1.50042,0.56547,3.76289
3.82,-0.21428,0.45009,-0.382,0.93588,0,-0.14187,-0.03676,0.1727,-1.90528,-1.22457,-0.06978,-0.98008,-0.78395,-0.33079,8.0351,-0.01958,-6.78923,3.79769,-0.27375,6.04245,3.65053,3.31225,1.25203,0.61693,-1.13799,1.54439,9.35758,0.24675,-4.72622,-9.30328,-5.37226,0.93648,2.1088,1.22023,-0.46888,-4.15269,-12.43592,1.98169,0.57906,3.10109
3.84,-0.35006,0.42693,-0.33986,1.41783,0,-0.68084,-0.28897,0.9409,-1.86361,-1.17246,0.00789,-0.79801,-0.39227,-1.0079,7.33928,-0.3528,-5.63587,2.87451,0.03614,5.96705,3.60787,1.63422,1.41147,0.38675,-0.83856,1.43683,9.00039,0.92907,-5.30062,-7.11817,-4.29074,0.92747,1.61032,1.01226,-0.03069,-3.55607,-9.49799,2.41492,0.57634,2.34757
3.86,-0.46881,0.3917,-0.28807,1.86555,0,-1.22789,-0.50083,1.67782,-1.8235,-1.10276,0.14147,-0.61471,0.01242,-1.7139,6.47105,-0.70689,-3.92048,1.73908,0.42166,5.76292,3.43353,-0.1492,1.55883,0.1358,-0.53628,1.29431,8.32244,1.59832,-5.75091,-4.39412,-2.90241,0.82534,1.03956,0.77238,0.44318,-2.90531,-6.67868,2.77187,0.5594,1.56212
3.88,-0.5655,0.34737,-0.22835,2.27545,0,-1.74107,-0.66341,2.33861,-1.78574,-0.99671,0.32667,-0.43838,0.38706,-2.4342,5.4412,-1.06723,-1.69343,0.42491,0.85168,5.40266,3.12145,-1.93943,1.69175,-0.12159,-0.25028,1.13456,7.3172,2.21316,-6.03355,-1.17144,-1.28963,0.64833,0.4053,0.52619,0.91559,-2.2781,-4.10663,3.02634,0.52989,0.79784
3.9,-0.6367,0.29672,-0.16311,2.64319,0,-2.1818,-0.77323,2.88592,-1.74706,-0.83293,0.55282,-0.27162,0.6874,-3.15065,4.258,-1.41811,0.93367,-1.01709,1.29221,4.86333,2.67359,-3.63379,1.80773,-0.37181,0.0017,0.9749,6.00245,2.73425,-6.11672,2.46875,0.43543,0.42273,-0.27355,0.29195,1.35045,-1.73484,-1.86918,3.15944,0.48922,0.09695
3.92,-0.68085,0.24204,-0.09535,2.96329,0,-2.51778,-0.83229,3.29265,-1.69987,-0.5903,0.80321,-0.11253,0.87225,-3.84152,2.92641,-1.7437,3.79281,-2.51983,1.70985,4.12979,2.1013,-5.13383,1.90393,-0.60363,0.20479,0.83014,4.42089,3.12646,-5.98803,6.40529,2.13945,0.1788,-0.96393,0.08051,1.7151,-1.31236,-0.01316,3.16305,0.43888,-0.51135
3.94,-0.69818,0.18503,-0.02837,3.22949,0,-2.72503,-0.84725,3.54318,-1.63338,-0.25183,1.05664,0.04352,0.90829,-4.48216,1.44881,-2.02913,6.67532,-4.00381,2.07443,3.19777,1.42522,-6.35377,1.977,-0.80977,0.34828,0.71094,2.63708,3.361,-5.65699,10.48318,3.68176,-0.05346,-1.61916,-0.10382,1.98236,-1.02285,1.45019,3.04096,0.38061,-1.01115
3.96,-0.69049,0.12685,0.03454,3.43584,0,-2.78904,-0.82791,3.63326,-1.53568,0.19099,1.28966,0.20234,0.77489,-5.04647,-0.17307,-2.26161,9.35637,-5.38316,2.36071,2.07642,0.67403,-7.22838,2.02295,-0.98801,0.42652,0.62282,0.73107,3.41775,-5.15244,14.52472,4.93145,-0.24829,-2.18399,-0.26146,2.13229,-0.85758,2.53776,2.80779,0.31654,-1.39838
3.98,-0.66084,0.06824,0.09042,3.57814,0,-2.70523,-0.78538,3.56904,-1.39649,0.73434,1.47941,0.36928,0.46827,-5.50899,-1.93532,-2.43148,11.62316,-6.57312,2.54934,0.79013,-0.11767,-7.71951,2.03715,-1.1417,0.43954,0.56581,-1.20963,3.28737,-4.51657,18.34361,5.78519,-0.38747,-2.60241,-0.39555,2.15356,-0.79343,3.28576,2.4864,0.2492,-1.67839
4,-0.61313,0.00968,0.13703,3.65536,0,-2.47885,-0.73039,3.36565,-1.20967,1.35961,1.60642,0.54759,0.00377,-5.8474,-3.82853,-2.53282,13.30055,-7.4976,2.62711,-0.62109,-0.91219,-7.81987,2.01442,-1.27927,0.39318,0.53458,-3.0978,2.97299,-3.79752,21.75917,6.18153,-0.4623,-2.82635,-0.5098,2.04437,-0.80017,3.74113,2.10482,0.18145,-1.86312
4.02,-0.55174,-0.04836,0.17298,3.6703,0,-2.12437,-0.67193,3.04531,-0.97482,2.03342,1.65688,0.73679,-0.58448,-6.04489,-5.83457,-2.56356,14.26886,-8.09584,2.58657,-2.1032,-1.67182,-7.55261,1.94917,-1.41244,0.29871,0.51918,-4.85311,2.49093,-3.04217,24.6083,6.10861,-0.47398,-2.82302,-0.6069,1.8126,-0.84692,3.95392,1.69319,0.11629,-1.96834
4.04,-0.48118,-0.10527,0.19785,3.62947,0,-1.66406,-0.61652,2.63528,-0.69776,2.71051,1.62421,0.9308,-1.24703,-6.09216,-7.92419,-2.52482,14.47126,-8.32725,2.4252,-3.5921,-2.36224,-6.96645,1.83553,-1.5533,0.17184,0.50617,-6.40663,1.8702,-2.28997,26.75417,5.60361,-0.43236,-2.57996,-0.6874,1.47523,-0.90644,3.97142,1.2811,0.05663,-2.01117
4.06,-0.40573,-0.16019,0.21219,3.54211,0,-1.12622,-0.56801,2.16569,-0.38975,3.33899,1.50973,1.1166,-1.92516,-5.98896,-10.05562,-2.41993,13.91184,-8.17477,2.14444,-5.01959,-2.9558,-6.12729,1.66756,-1.7105,0.0313,0.48019,-7.7038,1.15065,-1.56856,28.09229,4.74497,-0.35323,-2.10747,-0.74933,1.05691,-0.95755,3.83422,0.89546,0.00495,-2.00808
4.08,-0.3292,-0.21199,0.21734,3.41895,0,-0.54311,-0.52781,1.6675,-0.06596,3.86697,1.32275,1.2757,-2.55807,-5.74523,-12.17445,-2.2533,12.64754,-7.64647,1.74902,-6.32027,-3.43443,-5.10847,1.43963,-1.88551,-0.10286,0.42563,-8.70605,0.38034,-0.89155,28.55497,3.63995,-0.25506,-1.43847,-0.78843,0.58816,-0.98582,3.5743,0.55893,-0.03691,-1.97343
4.1,-0.25474,-0.25921,0.21533,3.27086,0,0.0511,-0.49537,1.17075,0.2564,4.24904,1.07983,1.39089,-3.08993,-5.38137,-14.21472,-2.02963,10.77699,-6.77541,1.24693,-7.43798,-3.79143,-3.98155,1.14695,-2.06982,-0.21095,0.32849,-9.39138,-0.38794,-0.25875,28.11423,2.41024,-0.15571,-0.62634,-0.79894,0.10314,-0.98348,3.21504,0.28876,-0.06799,-1.9184
4.12,-0.18478,-0.30022,0.20865,3.10774,0,0.6225,-0.46873,0.70313,0.55988,4.45135,0.80336,1.45443,-3.4753,-4.92727,-16.10086,-1.7537,8.42828,-5.61708,0.65015,-8.33062,-4.03167,-2.8092,0.78623,-2.24377,-0.27525,0.17796,-9.75377,-1.10064,0.34099,26.78235,1.17789,-0.06988,0.25964,-0.77483,-0.36274,-0.94891,2.77279,0.09613,-0.08814,-1.85027
4.14,-0.12095,-0.33325,0.2,2.93765,0,1.1395,-0.44516,0.28866,0.82852,4.45455,0.51932,1.47119,-3.6823,-4.41992,-17.75074,-1.43055,5.74677,-4.2442,-0.02409,-8.97269,-4.16991,-1.64074,0.35641,-2.3776,-0.28131,-0.0322,-9.80167,-1.70795,0.92477,24.60955,0.0527,-0.00758,1.14077,-0.7112,-0.77551,-0.8861,2.25951,-0.01429,-0.09785,-1.77193
4.16,-0.06413,-0.35666,0.19208,2.7663,0,1.57487,-0.42158,-0.05341,1.04908,4.25484,0.25458,1.45587,-3.69375,-3.89979,-19.08,-1.06627,2.88395,-2.73976,-0.75175,-9.35596,-4.22782,-0.51014,-0.14063,-2.43447,-0.21911,-0.30268,-9.55607,-2.16844,1.50914,21.67991,-0.87809,0.02655,1.9371,-0.60584,-1.10532,-0.8041,1.68597,-0.04459,-0.098,-1.68184
4.18,-0.0145,-0.36907,0.18731,2.5969,0,1.90766,-0.39502,-0.30952,1.21212,3.86338,0.03402,1.42839,-3.5065,-3.40697,-20.00768,-0.66895,-0.01188,-1.18933,-1.5008,-9.48866,-4.23036,0.56386,-0.69939,-2.37534,-0.08392,-0.62814,-9.04854,-2.4533,2.10351,18.10691,-1.55705,0.03288,2.57615,-0.46049,-1.32896,-0.71634,1.06493,-0.0034,-0.08948,-1.57448
4.2,0.02835,-0.36955,0.18769,2.43045,0,2.12455,-0.36297,-0.47223,1.31242,3.30457,-0.12193,1.40949,-3.12967,-2.97763,-20.46261,-0.24952,-2.80268,0.32568,-2.23104,-9.39364,-4.20234,1.57619,-1.31028,-2.16474,0.12298,-0.99737,-8.31949,-2.54933,2.70473,14.02912,-1.96011,0.01591,3.00123,-0.28143,-1.43178,-0.63929,0.41319,0.09459,-0.0731,-1.44155
4.22,0.06526,-0.35776,0.19462,2.26617,0,2.22043,-0.32359,-0.54035,1.34902,2.61345,-0.19912,1.41711,-2.58186,-2.64124,-20.38929,0.17778,-5.36537,1.73314,-2.89556,-9.10547,-4.16557,2.53308,-1.95941,-1.77701,0.39404,-1.39422,-7.4162,-2.4599,3.29404,9.60524,-2.09583,-0.017,3.17815,-0.07926,-1.40864,-0.59045,-0.24776,0.22978,-0.04962,-1.27407
4.24,0.09732,-0.33394,0.20884,2.10198,0,2.19821,-0.27593,-0.51843,1.32467,1.83205,-0.19064,1.46398,-1.88759,-2.41885,-19.75278,0.59561,-7.59498,2.97338,-3.44412,-8.66638,-4.13692,3.44925,-2.62871,-1.20206,0.71549,-1.79927,-6.39047,-2.2037,3.83719,5.00781,-2.0004,-0.05728,3.09965,0.1325,-1.26369,-0.58539,-0.89324,0.37941,-0.02003,-1.06504
4.26,0.12571,-0.29893,0.23038,1.93513,0,2.06782,-0.21993,-0.41596,1.24493,1.00546,-0.09704,1.55627,-1.0737,-2.32224,-18.54249,0.98452,-9.40656,4.0007,-3.82816,-8.12181,-4.12733,4.34497,-3.29666,-0.45002,1.06788,-2.19214,-5.29585,-1.81151,4.28774,0.41543,-1.72956,-0.0967,2.78705,0.33956,-1.00929,-0.63439,-1.49839,0.51969,0.014,-0.81238
4.28,0.15147,-0.25406,0.25858,1.76271,0,1.84496,-0.15652,-0.24633,1.1172,0.17785,0.07407,1.69334,-0.16606,-2.35396,-16.7754,1.32439,-10.73656,4.78356,-4.0068,-7.51606,-4.14175,5.24286,-3.9392,0.44617,1.42716,-2.55389,-4.18496,-1.32199,4.593,-3.99572,-1.34887,-0.12878,2.28881,0.52947,-0.66435,-0.7394,-2.0421,0.62804,0.04962,-0.52152
4.3,0.17538,-0.20103,0.29218,1.58218,0,1.54953,-0.08759,-0.02573,0.94989,-0.61078,0.30879,1.86824,0.81234,-2.50792,-14.49781,1.59623,-11.54345,5.30394,-3.95246,-6.88885,-4.17971,6.16439,-4.53097,1.43143,1.76624,-2.86897,-3.10712,-0.77724,4.70188,-8.06015,-0.9243,-0.14971,1.67551,0.69392,-0.2524,-0.89232,-2.51067,0.68499,0.08254,-0.20664
4.32,0.19782,-0.14184,0.32941,1.39165,0,1.20411,-0.01596,0.22796,0.75182,-1.32703,0.58802,2.06885,1.84191,-2.77033,-11.78461,1.78396,-11.80747,5.55597,-3.65517,-6.27263,-4.23626,7.12565,-5.04638,2.43319,2.0571,-3.12621,-2.10612,-0.21879,4.57357,-11.63086,-0.51419,-0.15862,1.03056,0.83047,0.20033,-1.07536,-2.90032,0.67538,0.1071,0.11003
4.34,0.21868,-0.07866,0.36817,1.19006,0,0.83225,0.05475,0.49619,0.53189,-1.94536,0.88877,2.27937,2.90525,-3.12093,-8.73529,1.87622,-11.52932,5.54414,-3.12467,-5.69084,-4.30304,8.13256,-5.46067,3.37036,2.27341,-3.31878,-1.21822,0.31575,4.18618,-14.58653,-0.16355,-0.15707,0.43725,0.94322,0.66675,-1.26361,-3.21805,0.58875,0.11672,0.40111
4.36,0.23737,-0.0137,0.40617,0.97709,0,0.45691,0.12026,0.76074,0.29899,-2.44862,1.1858,2.48203,3.98478,-3.53428,-5.46723,1.86796,-10.72884,5.28155,-2.39046,-5.15698,-4.3694,9.17612,-5.75105,4.16517,2.39342,-3.44321,-0.47036,0.79513,3.54393,-16.83835,0.0993,-0.14809,-0.03602,1.04264,1.12065,-1.42952,-3.48098,0.41909,0.10481,0.63868
4.38,0.25285,0.05094,0.44117,0.75333,0,0.09907,0.17588,1.00458,0.06193,-2.82797,1.45346,2.65889,5.05957,-3.981,-2.10817,1.76184,-9.44428,4.7887,-1.5,-4.67465,-4.42345,10.22839,-5.89792,4.75534,2.40286,-3.49809,0.12112,1.19609,2.68169,-18.33585,0.26384,-0.13502,-0.34907,1.14466,1.53823,-1.54807,-3.71453,0.16416,0.0658,0.79946
4.4,0.2637,0.11329,0.4711,0.52063,0,-0.2233,0.21677,1.21253,-0.17061,-3.08222,1.66775,2.79327,6.1022,-4.42898,1.21073,1.56928,-7.73283,4.09284,-0.51532,-4.2384,-4.45296,11.24026,-5.88625,5.10348,2.29707,-3.48297,0.55083,1.504,1.66476,-19.07031,0.33619,-0.1204,-0.49803,1.26925,1.89924,-1.60137,-3.94983,-0.17505,-0.00373,0.86922
4.42,0.26828,0.17157,0.49425,0.28282,0,-0.49589,0.23822,1.37164,-0.39037,-3.21685,1.80855,2.87084,7.0759,-4.84417,4.36037,1.31067,-5.67174,3.22789,0.49198,-3.83528,-4.44595,12.14157,-5.70673,5.20105,2.08194,-3.39765,0.82347,1.7126,0.58229,-19.07399,0.33607,-0.10544,-0.51515,1.43859,2.18766,-1.58148,-4.22052,-0.5948,-0.10409,0.84526
4.44,0.26489,0.22423,0.50926,0.04667,0,-0.70822,0.23605,1.47136,-0.59007,-3.24259,1.86199,2.88013,7.93274,-5.19113,7.2178,1.01486,-3.3596,2.23454,1.44704,-3.44674,-4.39073,12.84409,-5.3566,5.06579,1.77332,-3.24201,0.95185,1.82282,-0.46568,-18.41462,0.29197,-0.08998,-0.45959,1.67505,2.39195,-1.4909,-4.55919,-1.08861,-0.23188,0.73645
4.46,0.25198,0.2699,0.51518,-0.1771,0,-0.85361,0.20694,1.50357,-0.76406,-3.17392,1.823,2.81304,8.61315,-5.43356,9.66923,0.71773,-0.91658,1.16017,2.27903,-3.05083,-4.2758,13.24778,-4.84026,4.73407,1.39507,-3.01639,0.95404,1.84107,-1.38564,-17.18651,0.23544,-0.07302,-0.40117,1.99887,2.50501,-1.3411,-4.99353,-1.64697,-0.37981,0.5612
4.48,0.22837,0.30741,0.51144,-0.3733,0,-0.9289,0.14886,1.46264,-0.90898,-3.0276,1.69802,2.66584,9.04716,-5.53502,11.61272,0.46011,1.51705,0.05851,2.92822,-2.62463,-4.08974,13.25011,-4.16973,4.25069,0.97626,-2.72233,0.85047,1.77737,-2.1083,-15.50043,0.19539,-0.05347,-0.40184,2.42593,2.52388,-1.14961,-5.54265,-2.25677,-0.53694,0.34424
4.5,0.19339,0.33576,0.4978,-0.52242,0,-0.93424,0.06137,1.3457,-1.02399,-2.82147,1.50629,2.44103,9.15752,-5.46006,12.96051,0.28524,3.78567,-1.01171,3.35163,-2.14653,-3.82153,12.75797,-3.3649,3.65943,0.54811,-2.36337,0.6615,1.64375,-2.6018,-13.47445,0.19347,-0.03089,-0.49991,2.96551,2.44944,-0.93678,-6.21361,-2.90053,-0.68948,0.11323
4.52,0.14704,0.3542,0.47435,-0.60218,0,-0.87277,-0.05413,1.15296,-1.11031,-2.57337,1.27633,2.15045,8.86441,-5.17574,13.64138,0.23572,5.72734,-1.98922,3.52622,-1.59824,-3.46115,11.70072,-2.45325,2.99665,0.14084,-1.94538,0.40597,1.45296,-2.87647,-11.22628,0.24139,-0.006,-0.70156,3.61827,2.28582,-0.72282,-6.99832,-3.55562,-0.82211,-0.10385
4.54,0.09003,0.3622,0.44146,-0.59027,0,-0.75035,-0.19426,0.88816,-1.1702,-2.30024,1.03723,1.81735,8.09202,-4.65343,13.60314,0.35014,7.18768,-2.81442,3.44919,-0.96636,-3.00056,10.04334,-1.46874,2.28898,-0.21907,-1.47637,0.10092,1.21767,-2.97961,-8.8675,0.34061,0.01923,-0.9815,4.37455,2.03969,-0.52537,-7.87106,-4.1936,-0.91982,-0.28043
4.56,0.02373,0.35955,0.39967,-0.46812,0,-0.57523,-0.35378,0.55898,-1.20532,-2.01733,0.81084,1.47206,6.77692,-3.87112,12.81629,0.65926,8.03708,-3.43463,3.13583,-0.24341,-2.43498,7.79827,-0.44998,1.55481,-0.51136,-0.96571,-0.23774,0.95006,-2.98205,-6.49955,0.48385,0.04192,-1.29169,5.21318,1.71947,-0.35793,-8.78697,-4.78013,-0.96999,-0.39216
4.58,-0.04994,0.3464,0.34973,-0.22506,0,-0.35775,-0.52576,0.17737,-1.2153,-1.73767,0.60934,1.14175,4.87835,-2.81615,11.27939,1.18213,8.18865,-3.80999,2.61613,0.57136,-1.76457,5.03426,0.56208,0.80816,-0.72379,-0.42334,-0.59416,0.66174,-2.96061,-4.21146,0.65793,0.05881,-1.57472,6.10112,1.33458,-0.22875,-9.68197,-5.27552,-0.96434,-0.41744
4.6,-0.12854,0.32334,0.29249,0.13822,0,-0.10986,-0.70183,-0.24061,-1.1967,-1.47188,0.43665,0.84303,2.38977,-1.48829,9.02605,1.92235,7.6126,-3.91836,1.9309,1.47139,-0.99598,1.87956,1.52677,0.06315,-0.85303,0.1408,-0.95154,0.3638,-2.98119,-2.07876,0.84684,0.0669,-1.77751,6.99399,0.89489,-0.14027,-10.47437,-5.63619,-0.90033,-0.33824
4.62,-0.20932,0.29144,0.22896,0.6075,0,0.15554,-0.87263,-0.67551,-1.143,-1.22816,0.29037,0.5813,-0.64967,0.09754,6.1324,2.86501,6.3434,-3.75845,1.12809,2.44238,-0.1438,-1.48322,2.40625,-0.66273,-0.90454,0.71687,-1.2918,0.06677,-3.08655,-0.16305,1.0344,0.06398,-1.86184,7.83773,0.41044,-0.08883,-11.06853,-5.81717,-0.78145,-0.14167
4.64,-0.28926,0.25221,0.16025,1.15487,0,0.42548,-1.02828,-1.10585,-1.04561,-1.01246,0.16362,0.3533,-4.14534,1.9091,2.72357,3.97461,4.47778,-3.35032,0.25966,3.46217,0.76878,-4.83193,3.1681,-1.34746,-0.89126,1.29463,-1.59611,-0.21962,-3.29066,1.48853,1.20611,0.04911,-1.80969,8.57136,-0.10878,-0.06461,-11.36056,-5.77543,-0.61635,0.1775
4.66,-0.36529,0.2075,0.08752,1.74042,0,0.688,-1.15902,-1.5101,-0.89576,-0.82866,0.04648,0.14974,-7.94126,3.89576,-1.02275,5.19459,2.1646,-2.73343,-0.6212,4.501,1.71011,-7.92784,3.78781,-1.96569,-0.83141,1.86264,-1.84629,-0.48683,-3.57964,2.84404,1.35013,0.02271,-1.62351,9.13114,-0.65279,-0.05193,-11.24612,-5.47437,-0.4171,0.61388
4.68,-0.43439,0.15944,0.01203,2.31543,0,0.93304,-1.25598,-1.86881,-0.68695,-0.67864,-0.07267,-0.04235,-11.82035,5.98861,-4.87743,6.44874,-0.41077,-1.96306,-1.4624,5.52231,2.64109,-10.54292,4.2507,-2.49141,-0.74582,2.40743,-2.02662,-0.7279,-3.91748,3.88747,1.45767,-0.01337,-1.32275,9.45554,-1.21137,-0.02991,-10.62981,-4.88902,-0.19704,1.14863
4.7,-0.49379,0.11019,-0.06495,2.82657,0,1.15292,-1.31189,-2.16623,-0.41721,-0.56216,-0.2059,-0.23748,-15.51371,8.10188,-8.56849,7.64497,-3.04435,-1.10539,-2.21523,6.48386,3.51712,-12.48649,4.55299,-2.90132,-0.65517,2.91304,-2.12562,-0.93767,-4.25407,4.61881,1.52302,-0.05604,-0.93867,9.49085,-1.77343,0.02606,-9.43522,-4.01157,0.0311,1.74791
4.72,-0.54113,0.06186,-0.14209,3.22063,0,1.34222,-1.32186,-2.3912,-0.09075,-0.47645,-0.36447,-0.44975,-18.72088,10.13614,-11.7993,8.68182,-5.53156,-0.23177,-2.8366,7.33938,4.29103,-13.6269,4.70119,-3.17774,-0.57746,3.36113,-2.13718,-1.11262,-4.53368,5.05283,1.54345,-0.10127,-0.50873,9.19619,-2.3262,0.14216,-7.61421,-2.85618,0.25626,2.36344
4.74,-0.57452,0.01624,-0.21805,3.44942,0,1.49687,-1.28388,-2.53698,0.28135,-0.41549,-0.55747,-0.69078,-21.14139,11.98342,-14.27683,9.45754,-7.68406,0.58761,-3.29153,8.04061,4.91693,-13.90567,4.71004,-3.31075,-0.52603,3.73188,-2.06089,-1.2503,-4.70227,5.21639,1.51906,-0.14456,-0.07166,8.54774,-2.85418,0.34296,-5.15441,-1.46247,0.46921,2.93578
4.76,-0.59272,-0.02537,-0.29146,3.47462,0,1.61296,-1.19925,-2.60036,0.6816,-0.36934,-0.79011,-0.96749,-22.51404,13.5345,-15.74687,9.88109,-9.34472,1.29025,-3.55576,8.54014,5.35482,-13.34361,4.59912,-3.29928,-0.50807,4.00561,-1.90152,-1.34855,-4.71344,5.14478,1.45269,-0.18143,0.33647,7.54187,-3.33831,0.64786,-2.0845,0.10316,0.66205,3.39993
4.78,-0.59519,-0.06232,-0.36097,3.27203,0,1.68549,-1.07267,-2.58065,1.08734,-0.32372,-1.06182,-1.27969,-22.65695,14.68767,-16.03016,9.88363,-10.39998,1.82728,-3.61817,8.79485,5.57534,-12.03936,4.38931,-3.15144,-0.52393,4.16486,-1.66814,-1.40479,-4.53267,4.87776,1.34987,-0.20799,0.68496,6.19713,-3.75576,1.06759,1.52286,1.74881,0.82725,3.69263
4.8,-0.58212,-0.0947,-0.4253,2.8345,0,1.70775,-0.91205,-2.47883,1.47274,-0.26056,-1.36387,-1.6173,-21.49903,15.35807,-15.05092,9.42825,-10.78833,2.16777,-3.4823,8.76973,5.56373,-10.16013,4.09979,-2.88399,-0.56721,4.19645,-1.37317,-1.41566,-4.14003,4.45618,1.21863,-0.22138,0.95007,4.55486,-4.08063,1.60157,5.55119,3.36182,0.95702,3.75999
4.82,-0.55438,-0.12327,-0.48323,2.17298,0,1.67151,-0.72776,-2.29742,1.81116,-0.15964,-1.67669,-1.95719,-19.0939,15.48611,-12.85008,8.5155,-10.50355,2.30086,-3.1663,8.44154,5.32212,-7.92385,3.74602,-2.52114,-0.62584,4.0929,-1.03134,-1.37727,-3.5311,3.91936,1.06906,-0.22004,1.11566,2.67744,-4.28581,2.23678,9.84428,4.81764,1.04313,3.5644
4.84,-0.5133,-0.14926,-0.53365,1.31507,0,1.56826,-0.53139,-2.04092,2.07793,-0.00141,-1.96916,-2.26191,-15.61266,15.04402,-9.57984,7.18376,-9.59232,2.23517,-2.70105,7.80181,4.86956,-5.57345,3.33911,-2.09239,-0.68401,3.85315,-0.65892,-1.28605,-2.71611,3.30345,0.9125,-0.2038,1.17293,0.64395,-4.34598,2.94855,14.21491,5.99281,1.07763,3.08991
4.86,-0.46048,-0.17412,-0.57563,0.30176,0,1.39123,-0.33416,-1.71683,2.25318,0.22929,-2.20463,-2.4858,-11.31817,14.04044,-5.48184,5.50478,-8.14708,1.99601,-2.12659,6.85911,4.24016,-3.34609,2.88625,-1.62994,-0.72471,3.48239,-0.27286,-1.14006,-1.71788,2.64064,0.76042,-0.17382,1.11972,-1.45639,-4.24144,3.70288,18.45763,6.78065,1.05416,2.34579
4.88,-0.3975,-0.19914,-0.60841,-0.81711,0,1.13776,-0.14519,-1.33694,2.32436,0.53956,-2.35245,-2.58994,-6.52882,12.52286,-0.85549,3.57582,-6.29586,1.62131,-1.48789,5.64065,3.4799,-1.44272,2.39224,-1.16581,-0.73259,2.99167,0.10982,-0.9406,-0.56906,1.95895,0.62326,-0.13234,0.95961,-3.53156,-3.96215,4.45996,22.36379,7.10703,0.96958,1.36798
4.9,-0.32578,-0.22517,-0.63155,-1.9875,0,0.81142,0.02975,-0.91826,2.28823,0.92565,-2.39575,-2.55569,-1.58021,10.57691,3.97637,1.51006,-4.19044,1.15685,-0.83053,4.19255,2.6428,-0.0037,1.86124,-0.72926,-0.69637,2.39737,0.47281,-0.69359,0.6906,1.28242,0.50938,-0.08251,0.70105,-5.49363,-3.51106,5.17777,25.73603,6.94241,0.82545,0.21808
4.92,-0.24644,-0.25244,-0.64494,-3.15558,0,0.42323,0.18884,-0.48322,2.15142,1.37196,-2.33208,-2.3877,3.20885,8.3213,8.69895,-0.5741,-1.99344,0.65156,-0.19696,2.57833,1.78657,0.9047,1.29866,-0.34462,-0.61059,1.72053,0.80134,-0.41035,2.01675,0.6311,0.42432,-0.02807,0.35671,-7.26405,-2.90561,5.81532,28.4,6.30706,0.62884,-1.02056
4.94,-0.1604,-0.28045,-0.64886,-4.27145,0,-0.00835,0.33417,-0.05867,1.92975,1.85218,-2.17072,-2.10864,7.56269,5.89782,13.03138,-2.56395,0.13519,0.15302,0.37655,0.87495,0.96813,1.29129,0.71234,-0.02963,-0.47633,0.98619,1.08317,-0.10745,3.36272,0.02064,0.37046,0.02689,-0.05707,-8.77705,-2.17699,6.33503,30.21229,5.26797,0.39212,-2.2501
4.96,-0.06848,-0.30802,-0.644,-5.29209,0,-0.45868,0.4708,0.32613,1.64625,2.33244,-1.92963,-1.75205,11.26678,3.45748,16.74594,-4.36305,2.05158,-0.29641,0.86199,-0.83306,0.23903,1.22987,0.11327,0.20565,-0.30096,0.22245,1.3098,0.19413,4.68137,-0.53847,0.34694,0.07815,-0.52055,-9.98161,-1.36737,6.70447,31.06576,3.92847,0.13191,-3.36784
4.98,0.02843,-0.33339,-0.63144,-6.18358,0,-0.89899,0.60559,0.64217,1.32848,2.77561,-1.63255,-1.35585,14.17767,1.14559,19.68078,-5.89995,3.63972,-0.66269,1.24097,-2.46038,-0.35852,0.84188,-0.48441,0.35928,-0.09721,-0.54044,1.47758,0.4707,5.92675,-1.04184,0.34988,0.12168,-1.01082,-10.84245,-0.5258,6.89776,30.89367,2.4137,-0.13258,-4.27714
5,0.12913,-0.35445,-0.6127,-6.92218,0,-1.29895,0.74567,0.86351,1.00555,3.14596,-1.30624,-0.95704,16.22535,-0.91155,21.74533,-7.13371,4.81991,-0.92207,1.50512,-3.92742,-0.79459,0.27628,-1.06374,0.43733,0.11819,-1.27122,1.58855,0.69776,7.05508,-1.49178,0.37267,0.15379,-1.50181,-11.34049,0.29633,6.89676,29.6732,0.85494,-0.38155,-4.89773
5.02,0.23198,-0.36893,-0.58965,-7.49412,0,-1.62929,0.89705,0.96983,0.70529,3.41322,-0.97809,-0.58802,17.40797,-2.61617,22.91806,-8.05477,5.55252,-1.06173,1.65557,-5.16563,-1.05296,-0.31015,-1.60581,0.45279,0.32618,-1.93888,1.6506,0.8522,8.02512,-1.89728,0.40633,0.17146,-1.96452,-11.47257,1.04964,6.69188,27.42753,-0.62446,-0.5966,-5.17387
5.04,0.33477,-0.37458,-0.56438,-7.89397,0,-1.86436,1.06343,0.94838,0.45154,3.5556,-0.67389,-0.27449,17.78025,-3.90398,23.23681,-8.68094,5.83667,-1.07917,1.70159,-6.12133,-1.131,-0.76998,-2.09099,0.4239,0.50716,-2.51431,1.67692,0.91448,8.79807,-2.27315,0.43977,0.17253,-2.36746,-11.25055,1.6907,6.28258,24.22587,-1.92047,-0.76252,-5.07962
5.06,0.4347,-0.36941,-0.53909,-8.12231,0,-1.98449,1.24525,0.79544,0.26204,3.56173,-0.41579,-0.0347,17.43782,-4.74497,22.78446,-9.04977,5.70485,-0.98053,1.65857,-6.75806,-1.03821,-0.97909,-2.50046,0.37179,0.64282,-2.97218,1.68476,0.87079,9.33764,-2.63853,0.46024,0.15597,-2.67771,-10.70016,2.18538,5.67757,20.18187,-2.95619,-0.86877,-4.62114
5.08,0.52851,-0.35185,-0.51584,-8.18326,0,-1.97807,1.43921,0.51722,0.14677,3.43163,-0.22065,0.12033,16.50072,-5.14131,21.67311,-9.20921,5.2153,-0.77858,1.54587,-7.05788,-0.79397,-0.84746,-2.81781,0.31792,0.71794,-3.29286,1.69391,0.71498,9.61093,-3.01482,0.45369,0.1222,-2.86288,-9.85986,2.51136,4.895,15.45113,-3.68624,-0.91056,-3.83628
5.1,0.61252,-0.32093,-0.49642,-8.08252,0,-1.84314,1.63809,0.13003,0.10717,3.1767,-0.09886,0.18596,15.09862,-5.12316,20.02971,-9.20874,4.44383,-0.49063,1.38467,-7.02153,-0.4249,-0.32675,-3.0305,0.28162,0.72193,-3.46411,1.72496,0.45006,9.59063,-3.42359,0.40537,0.07331,-2.89396,-8.77958,2.65963,3.96238,10.2273,-4.09731,-0.88926,-2.79171
5.12,0.6829,-0.27647,-0.48224,-7.82592,0,-1.5881,1.83108,-0.34013,0.13636,2.81856,-0.05376,0.16285,13.35882,-4.74327,17.98402,-9.09212,3.47596,-0.1369,1.19608,-6.66719,0.03788,0.5853,-3.13057,0.278,0.64992,-3.48185,1.79766,0.08895,9.25835,-3.88427,0.30069,0.01329,-2.7492,-7.51875,2.63468,2.91597,4.73525,-4.20476,-0.81194,-1.57723
5.14,0.73577,-0.21909,-0.47414,-7.41879,0,-1.2315,2.00445,-0.85895,0.22034,2.38684,-0.08178,0.05585,11.39767,-4.07066,15.65959,-8.89256,2.4001,0.26077,0.99958,-6.02789,0.56139,1.84371,-3.11481,0.3165,0.50348,-3.35016,1.92929,-0.34577,8.60876,-4.41195,0.12622,-0.05191,-2.4185,-6.14317,2.45319,1.79914,-0.77993,-4.0458,-0.69007,-0.29729
5.16,0.7675,-0.15035,-0.47239,-6.86592,0,-0.80089,2.14267,-1.38596,0.34001,1.91595,-0.17305,-0.12695,9.31531,-3.18419,13.16776,-8.63054,1.30188,0.67971,0.8118,-5.14791,1.11322,3.35842,-2.98433,0.39991,0.29066,-3.08036,2.13332,-0.82297,7.65386,-5.01537,-0.12893,-0.11449,-1.90766,-4.72103,2.14171,0.65988,-6.06781,-3.67049,-0.53763,0.93939
5.18,0.77499,-0.07265,-0.47655,-6.17259,0,-0.33088,2.22988,-1.87739,0.47356,1.44163,-0.31246,-0.37495,7.1939,-2.1665,10.60483,-8.3141,0.25954,1.09703,0.64563,-4.0789,1.66344,4.99948,-2.74398,0.52411,0.02569,-2.68977,2.4182,-1.30507,6.42649,-5.69523,-0.47151,-0.1653,-1.24146,-3.31859,1.73376,-0.45232,-10.88938,-3.13256,-0.36899,2.03091
5.2,0.75595,0.01079,-0.48556,-5.34603,0,0.13934,2.2515,-2.28936,0.59898,0.99737,-0.48104,-0.67532,5.09859,-1.09893,8.05187,-7.94087,-0.65948,1.49002,0.50983,-2.87631,2.18598,6.60569,-2.40176,0.67843,-0.27188,-2.20023,2.78649,-1.75083,4.98113,-6.44295,-0.90242,-0.19461,-0.46405,-1.99638,1.26681,-1.4899,-15.03331,-2.48212,-0.19715,2.89224
5.22,0.70919,0.0961,-0.49776,-4.39716,0,0.56913,2.19585,-2.58138,0.69609,0.61131,-0.6574,-1.01306,3.08043,-0.05725,5.57596,-7.50112,-1.40116,1.83668,0.4089,-1.59599,2.65901,7.99698,-1.96842,0.84665,-0.57859,-1.63657,3.23424,-2.11885,3.39077,-7.23976,-1.41498,-0.19337,0.36448,-0.80607,0.77945,-2.41065,-18.32954,-1.76146,-0.03249,3.46293
5.24,0.63484,0.17899,-0.51096,-3.34189,0,0.91997,2.05563,-2.71992,0.74823,0.30361,-0.81942,-1.37078,1.18013,0.89157,3.23192,-6.98117,-1.92688,2.11653,0.34337,-0.29127,3.06472,8.99049,-1.45714,1.00866,-0.86904,-1.025,3.75058,-2.3716,1.73904,-8.05626,-1.99349,-0.15492,1.17577,0.21196,0.30873,-3.18106,-20.65955,-1.00443,0.11757,3.71184
5.26,0.5345,0.2551,-0.52261,-2.20202,0,1.15928,1.82903,-2.68183,0.74334,0.08444,-0.9459,-1.72853,-0.56824,1.69201,1.06391,-6.36676,-2.21489,2.31152,0.31026,0.98969,3.38851,9.41977,-0.8833,1.14267,-1.11831,-0.39149,4.31784,-2.47956,0.10918,-8.85265,-2.61231,-0.07662,1.90359,1.03028,-0.11215,-3.77942,-21.96324,-0.23865,0.2484,3.6388
5.28,0.4113,0.32037,-0.52995,-1.00553,0,1.26406,1.5207,-2.45728,0.67458,-0.04696,-1.01817,-2.06374,-2.13422,2.3018,-0.89331,-5.64643,-2.26101,2.40725,0.30383,2.20583,3.61805,9.15485,-0.2643,1.22773,-1.30463,0.23966,4.91189,-2.42508,-1.42736,-9.57971,-3.23585,0.03856,2.49464,1.63539,-0.45575,-4.19808,-22.24287,0.51087,0.35745,3.27354
5.3,0.26988,0.37136,-0.53026,0.21365,0,1.22353,1.14195,-2.05168,0.54048,-0.10212,-1.02144,-2.35172,-3.48933,2.69285,-2.61324,-4.81438,-2.07835,2.39401,0.31638,3.32425,3.74248,8.12059,0.3806,1.24615,-1.41169,0.84688,5.50302,-2.20494,-2.81921,-10.1806,-3.81968,0.18144,2.91657,2.02769,-0.7019,-4.44435,-21.56296,1.2184,0.44358,2.67181
5.32,0.11619,0.40561,-0.52109,1.41695,0,1.04038,0.71041,-1.48574,0.34467,-0.10163,-0.94563,-2.56655,-4.60717,2.85112,-4.07695,-3.87243,-1.69529,2.26751,0.33922,4.32008,3.75199,6.31006,1.03069,1.18566,-1.43051,1.41201,6.05703,-1.83093,-4.03769,-10.59326,-4.31319,0.33718,3.16067,2.2205,-0.83852,-4.53918,-20.0446,1.85611,0.50635,1.90874
5.34,-0.04294,0.42174,-0.50047,2.56334,0,0.73024,0.24854,-0.79367,0.09501,-0.07192,-0.78587,-2.68273,-5.46559,2.77538,-5.27275,-2.83077,-1.15182,2.02905,0.36359,5.1753,3.6376,3.79096,1.66449,1.04095,-1.36036,1.92062,6.53675,-1.32811,-5.073,-10.75331,-4.66379,0.48717,3.23854,2.23791,-0.86198,-4.51356,-17.85356,2.39511,0.54579,1.06959
5.36,-0.20031,0.41966,-0.46714,3.61262,0,0.31962,-0.21847,-0.01956,-0.19748,-0.04107,-0.54243,-2.67736,-6.05038,2.47531,-6.19642,-1.70754,-0.49452,1.6853,0.38166,5.8771,3.39165,0.7046,2.26083,0.8146,-1.20901,2.36202,6.90405,-0.73127,-5.92563,-10.59782,-4.82243,0.61199,3.17397,2.11194,-0.77684,-4.40336,-15.18398,2.80888,0.56231,0.23893
5.38,-0.34899,0.40047,-0.42072,4.52894,0,-0.15719,-0.66524,0.78711,-0.52003,-0.03429,-0.22059,-2.53266,-6.35959,1.96936,-6.85175,-0.52772,0.2288,1.24777,0.38739,6.41599,3.00859,-2.74224,2.79999,0.51727,-0.992,2.72909,7.12229,-0.08033,-6.59622,-10.07008,-4.74989,0.69481,2.99303,1.87934,-0.59534,-4.24369,-12.24046,3.0779,0.55688,-0.50985
5.4,-0.48291,0.36644,-0.36188,5.28409,0,-0.66148,-1.06858,1.5762,-0.85934,-0.06995,0.16956,-2.23833,-6.407,1.28267,-7.25103,0.67827,0.97393,0.73227,0.37709,6.78446,2.48636,-6.29254,3.26467,0.1671,-0.7313,3.01798,7.15929,0.58393,-7.07748,-9.12499,-4.42279,0.72429,2.71571,1.57841,-0.33628,-4.06416,-9.22157,3.19365,0.5313,-1.12275
5.42,-0.59723,0.32073,-0.29229,5.85959,0,-1.15372,-1.40952,2.30105,-1.20274,-0.15702,0.61334,-1.79334,-6.22324,0.44531,-7.4148,1.87634,1.70367,0.15813,0.34972,6.97594,1.82779,-9.66155,3.64053,-0.21191,-0.45292,3.22747,6.99017,1.22341,-7.35102,-7.73452,-3.83815,0.69638,2.3517,1.24617,-0.02365,-3.88581,-6.30607,3.16084,0.48833,-1.56958
5.44,-0.68858,0.26706,-0.21455,6.24754,0,-1.59669,-1.6746,2.92191,-1.53909,-0.29415,1.09169,-1.2068,-5.85392,-0.50934,-7.37059,3.03055,2.38957,-0.45261,0.3068,6.98457,1.04182,-12.56573,3.91618,-0.59249,-0.18389,3.35821,6.59985,1.80484,-7.39026,-5.89254,-3.01588,0.61471,1.9015,0.91582,0.31539,-3.72018,-3.6426,2.99693,0.4316,-1.84383
5.46,-0.75516,0.20924,-0.13195,6.45026,0,-1.95846,-1.85662,3.40854,-1.85938,-0.47048,1.58155,-0.49791,-5.35507,-1.54578,-7.15099,4.10525,3.01221,-1.07622,0.25184,6.80555,0.14449,-14.75572,4.08286,-0.94742,0.05127,3.41176,5.98525,2.30096,-7.1685,-3.61876,-1.99893,0.48955,1.36196,0.61465,0.65282,-3.57028,-1.34274,2.72926,0.36538,-1.95887
5.48,-0.79662,0.15075,-0.04812,6.47924,0,-2.21466,-1.95478,3.7419,-2.15709,-0.6678,2.05653,0.30512,-4.78707,-2.62741,-6.79148,5.06721,3.56032,-1.6884,0.18976,6.43652,-0.84042,-16.04807,4.1342,-1.2528,0.23395,3.38997,5.15691,2.69074,-6.66951,-0.9615,-0.85122,0.33585,0.73422,0.36256,0.96212,-3.43285,0.52249,2.3909,0.29422,-1.94189
5.5,-0.81399,0.09437,0.03322,6.35363,0,-2.35008,-1.97431,3.91487,-2.42802,-0.86352,2.48797,1.16682,-4.20819,-3.71701,-6.32826,5.8874,4.02901,-2.26531,0.12602,5.87939,-1.88124,-16.34931,4.0661,-1.49088,0.3539,3.29458,4.1398,2.95933,-5.89708,2.00139,0.34683,0.17092,0.03114,0.17131,1.22036,-3.30124,1.92263,2.01618,0.22254,-1.82723
5.52,-0.80935,0.04201,0.10857,6.09821,0,-2.35921,-1.92537,3.93171,-2.66961,-1.03427,2.84658,2.04554,-3.66849,-4.7769,-5.79628,6.54222,4.4175,-2.78456,0.06592,5.14231,-2.93898,-15.66628,3.87701,-1.65144,0.41025,3.12711,2.97248,3.09768,-4.88007,5.16445,1.50503,0.012,-0.71834,0.04453,1.40978,-3.16795,2.86437,1.63686,0.15425,-1.65045
5.54,-0.78554,-0.00531,0.17489,5.74087,0,-2.2456,-1.82152,3.80629,-2.87976,-1.15955,3.10472,2.89455,-3.20481,-5.76886,-5.22725,7.01403,4.72655,-3.22609,0.01388,4.24121,-3.9688,-14.10051,3.5684,-1.7319,0.41083,2.88899,1.70455,3.10225,-3.67142,8.39999,2.53262,-0.12579,-1.46912,-0.02135,1.5186,-3.02641,3.38526,1.2793,0.09248,-1.44382
5.56,-0.74576,-0.04732,0.22977,5.31006,0,-2.02053,-1.6777,3.55949,-3.05539,-1.22519,3.23944,3.66455,-2.83702,-6.65428,-4.64802,7.29125,4.95601,-3.57309,-0.02715,3.20086,-4.92241,-11.82886,3.14536,-1.73608,0.37012,2.58198,0.3924,2.97477,-2.34151,11.56664,3.3488,-0.23121,-2.16424,-0.03568,1.54131,-2.87189,3.54535,0.9628,0.03932,-1.23349
5.58,-0.69325,-0.08426,0.27159,4.83247,0,-1.70112,-1.50831,3.21631,-3.19116,-1.22601,3.23622,4.30766,-2.56636,-7.39469,-4.07954,7.36853,5.1031,-3.8128,-0.05598,2.05519,-5.75118,-9.07638,2.61745,-1.67231,0.30631,2.20877,-0.90569,2.72241,-0.96828,14.51987,3.89298,-0.29808,-2.74194,-0.0117,1.47854,-2.70186,3.41837,0.69902,-0.00427,-1.03829
5.6,-0.63096,-0.11666,0.29962,4.33152,0,-1.30847,-1.32565,2.80326,-3.2788,-1.1672,3.09294,4.78124,-2.37601,-7.95286,-3.53655,7.24685,5.16154,-3.9372,-0.07333,0.84673,-6.40942,-6.08728,1.99924,-1.5514,0.23834,1.77366,-2.13421,2.35791,0.37311,17.1226,4.13266,-0.32571,-3.14375,0.03531,1.33663,-2.51583,3.08336,0.49237,-0.03853,-0.86967
5.62,-0.56142,-0.14504,0.31399,3.82648,0,-0.86585,-1.13901,2.34621,-3.30712,-1.06365,2.82382,5.05141,-2.23437,-8.29446,-3.02822,6.93348,5.12185,-3.94326,-0.08159,-0.37526,-6.85752,-3.09861,1.31029,-1.38482,0.18331,1.28313,-3.24435,1.89967,1.619,19.25421,4.0669,-0.31861,-3.322,0.08979,1.12691,-2.31493,2.61759,0.34105,-0.06473,-0.73272
5.64,-0.48665,-0.16983,0.31566,3.33226,0,-0.39718,-0.95434,1.86878,-3.26297,-0.93735,2.46075,5.09661,-2.1008,-8.39001,-2.55927,6.44173,4.97261,-3.83263,-0.08423,-1.55823,-7.0646,-0.3188,0.57424,-1.18344,0.15459,0.74603,-4.19669,1.37139,2.72301,20.81735,3.72487,-0.28539,-3.24552,0.13741,0.86473,-2.10122,2.09103,0.23862,-0.085,-0.62768
5.66,-0.40811,-0.19124,0.30625,2.85987,0,0.07443,-0.77454,1.39133,-3.13292,-0.81328,2.04712,4.91094,-1.93302,-8.21742,-2.13169,5.79048,4.70268,-3.61106,-0.08508,-2.65096,-7.01073,2.08799,-0.18276,-0.95668,0.16084,0.17355,-4.96301,0.80124,3.6587,21.74287,3.15985,-0.23708,-2.90354,0.16621,0.56825,-1.87703,1.56243,0.17587,-0.10198,-0.55172
5.68,-0.32676,-0.20928,0.2879,2.41714,0,0.52772,-0.60025,0.9305,-2.90559,-0.71469,1.62433,4.50759,-1.69496,-7.76489,-1.74655,5.00383,4.30384,-3.28772,-0.08753,-3.60862,-6.68889,4.01166,-0.93406,-0.7123,0.20557,-0.42114,-5.52727,0.22063,4.41924,21.99334,2.4408,-0.18519,-2.30751,0.16757,0.25732,-1.64447,1.07693,0.14263,-0.11849,-0.50073
5.7,-0.24322,-0.22375,0.26312,2.00988,0,0.94415,-0.43075,0.49917,-2.57403,-0.65911,1.22081,3.92136,-1.36343,-7.03357,-1.40567,4.11065,3.77354,-2.87474,-0.09389,-4.39707,-6.10637,5.40011,-1.65441,-0.45651,0.28737,-1.02318,-5.88574,-0.33748,5.01459,21.56503,1.64298,-0.13989,-1.49107,0.1368,-0.0478,-1.40539,0.66503,0.12941,-0.13718,-0.47066
5.72,-0.15791,-0.23435,0.23455,1.64283,0,1.3084,-0.2649,0.10675,-2.1378,-0.65574,0.84962,3.206,-0.93224,-6.03944,-1.11282,3.14398,3.1168,-2.38676,-0.10506,-4.9957,-5.28508,6.25732,-2.32144,-0.1944,0.40046,-1.61646,-6.04627,-0.84072,5.46623,20.4872,0.83933,-0.1086,-0.50772,0.07337,-0.32745,-1.16173,0.34269,0.12854,-0.16022,-0.45828
5.74,-0.07116,-0.24068,0.20487,1.32035,0,1.60864,-0.1019,-0.24036,-1.60424,-0.70486,0.51138,2.42055,-0.41302,-4.8135,-0.87399,2.13967,2.34696,-1.84062,-0.12058,-5.39814,-4.26047,6.63632,-2.91661,0.06961,0.53561,-2.18406,-6.02656,-1.25992,5.80024,18.81842,0.09321,-0.09516,0.57363,-0.01907,-0.56366,-0.91628,0.11241,0.13478,-0.18907,-0.46128
5.76,0.01661,-0.24235,0.17652,1.0468,0,1.83675,0.05816,-0.53834,-0.98888,-0.79898,0.19799,1.61127,0.16696,-3.40065,-0.69704,1.1347,1.48534,-1.25497,-0.13902,-5.61126,-3.07921,6.62824,-3.42573,0.33128,0.68125,-2.70884,-5.8519,-1.57197,6.03975,16.6407,-0.54701,-0.09961,1.67492,-0.13301,-0.74111,-0.67355,-0.03501,0.14548,-0.22434,-0.47775
5.78,0.10483,-0.23901,0.15163,0.8265,0,1.98835,0.21405,-0.7854,-0.315,-0.92526,-0.10392,0.80386,0.76927,-1.85735,-0.59066,0.16514,0.56006,-0.6499,-0.15849,-5.65298,-1.79617,6.34969,-3.83909,0.58622,0.82464,-3.1741,-5.55275,-1.76237,6.19837,14.0531,-1.05122,-0.11838,2.71593,-0.25764,-0.8481,-0.44064,-0.11835,0.16022,-0.26567,-0.50545
5.8,0.19263,-0.23039,0.13186,0.66347,0,2.0628,0.36333,-0.98134,0.38772,-1.06847,-0.40977,0.0078,1.34991,-0.24836,-0.56308,-0.7357,-0.39563,-0.04644,-0.17716,-5.54928,-0.47086,5.9296,-4.15134,0.82965,0.95296,-3.56434,-5.16246,-1.82692,6.27605,11.16565,-1.40857,-0.1451,3.62101,-0.37947,-0.8772,-0.22758,-0.16356,0.18016,-0.31177,-0.54116
5.82,0.27883,-0.21636,0.11831,0.56095,0,2.06286,0.50243,-1.12705,1.08551,-1.21382,-0.73391,-0.77556,1.86516,1.35743,-0.62061,-1.53897,-1.34538,0.53423,-0.19365,-5.33063,0.83642,5.49672,-4.36092,1.05643,1.05434,-3.86584,-4.71508,-1.77201,6.25832,8.09365,-1.62595,-0.17166,4.32476,-0.48314,-0.82574,-0.04699,-0.20115,0.20708,-0.36054,-0.58029
5.84,0.36188,-0.19692,0.11154,0.52064,0,1.99421,0.62704,-1.22394,1.74381,-1.3494,-1.08647,-1.54505,2.27736,2.89221,-0.76614,-2.22163,-2.2521,1.072,-0.20712,-5.02806,2.06884,5.16802,-4.46911,1.26126,1.11851,-4.06718,-4.2432,-1.61314,6.11925,4.9521,-1.72417,-0.18954,4.77634,-0.55236,-0.69579,0.08715,-0.26352,0.24233,-0.4092,-0.61708
5.86,0.43986,-0.17218,0.1115,0.54189,0,1.86475,0.73252,-1.27355,2.33119,-1.46792,-1.47006,-2.29173,2.55986,4.29512,-0.99787,-2.76765,-3.08059,1.54936,-0.21721,-4.66927,3.17748,5.03854,-4.47902,1.43906,1.13747,-4.15973,-3.77597,-1.37221,5.82738,1.85047,-1.73247,-0.19128,4.94243,-0.57088,-0.49399,0.16155,-0.38232,0.28572,-0.45461,-0.64513
5.88,0.51059,-0.14236,0.11767,0.62096,0,1.68391,0.81446,-1.27724,2.82325,-1.56767,-1.87621,-2.9921,2.701,5.51797,-1.30821,-3.16893,-3.80028,1.95311,-0.22376,-4.27547,4.12538,5.17301,-4.39472,1.58559,1.10595,-4.13831,-3.33765,-1.07428,5.35321,-1.11167,-1.68252,-0.17185,4.8093,-0.52352,-0.2311,0.1659,-0.58599,0.33457,-0.49348,-0.65832
5.9,0.57166,-0.10782,0.12904,0.75061,0,1.46211,0.86918,-1.23605,3.20567,-1.65273,-2.28208,-3.60726,2.70631,6.52979,-1.68321,-3.42578,-4.38764,2.2759,-0.22665,-3.85937,4.89069,5.59994,-4.22066,1.69782,1.02171,-4.00175,-2.94672,-0.74461,4.67635,-3.84728,-1.60279,-0.12957,4.3838,-0.397,0.07855,0.09498,-0.89784,0.38308,-0.5227,-0.65178
5.92,0.62057,-0.06899,0.14426,0.92013,0,1.21037,0.89403,-1.15089,3.47556,-1.73217,-2.65137,-4.09358,2.59847,7.31907,-2.10243,-3.54679,-4.82804,2.51712,-0.22559,-3.42469,5.4679,6.30834,-3.9614,1.77423,0.88577,-3.75348,-2.61567,-0.40648,3.7904,-6.28287,-1.51426,-0.06654,3.69321,-0.1807,0.41771,-0.04984,-1.3347,0.42225,-0.53955,-0.6227
5.94,0.65477,-0.0265,0.16175,1.11598,0,0.93986,0.88753,-1.02278,3.64096,-1.81836,-2.94443,-4.41897,2.41475,7.89332,-2.53969,-3.54783,-5.11667,2.68306,-0.22008,-2.96708,5.86726,7.24764,-3.62149,1.81477,0.7023,-3.40168,-2.35137,-0.08019,2.70467,-8.35806,-1.42784,0.01168,2.78358,0.13302,0.76703,-0.26008,-1.90626,0.44039,-0.54186,-0.57084
5.96,0.67186,0.0189,0.17986,1.32289,0,0.66175,0.8494,-0.85332,3.71854,-1.92464,-3.13241,-4.57124,2.20238,8.27641,-2.96437,-3.45059,-5.25874,2.78635,-0.20948,-2.47636,6.11235,8.33058,-3.20571,1.82049,0.47846,-2.95921,-2.1558,0.21713,1.44306,-10.02471,-1.34366,0.09701,1.71674,0.54853,1.10603,-0.52046,-2.61496,0.4241,-0.52806,-0.4987
5.98,0.66969,0.06626,0.19696,1.5252,0,0.38699,0.78043,-0.64532,3.73049,-2.06271,-3.20414,-4.55656,2.01265,8.50429,-3.34342,-3.28073,-5.26891,2.84467,-0.19321,-1.93972,6.23669,9.43915,-2.71951,1.79314,0.22397,-2.44334,-2.02693,0.47116,0.04126,-11.24649,-1.25209,0.18003,0.5663,1.06668,1.41419,-0.80995,-3.45602,0.35977,-0.49736,-0.41125
6,0.64661,0.11441,0.21164,1.70826,0,0.1262,0.68241,-0.40354,3.70091,-2.24024,-3.16383,-4.39447,1.89458,8.61977,-3.64372,-3.0661,-5.16976,2.87889,-0.17091,-1.34535,6.27949,10.43321,-2.16965,1.73471,-0.04938,-1.87525,-1.95958,0.66991,-1.45647,-11.99947,-1.13621,0.25132,-0.58751,1.68441,1.67198,-1.10324,-4.41737,0.23515,-0.4498,-0.31541
6.02,0.6016,0.16194,0.22279,1.85947,0,-0.11038,0.55807,-0.13524,3.65244,-2.45899,-3.02604,-4.11263,1.88888,8.66651,-3.83459,-2.83469,-4.9891,2.91054,-0.14264,-0.68595,6.28091,11.16169,-1.56484,1.64691,-0.32836,-1.27907,-1.94593,0.8037,-2.99988,-12.27375,-0.97556,0.3026,-1.66389,2.39413,1.8619,-1.37251,-5.47919,0.04097,-0.3864,-0.21902
6.04,0.53455,0.20724,0.22967,1.96898,0,-0.31307,0.41096,0.1493,3.60319,-2.71358,-2.81073,-3.74181,2.02258,8.6826,-3.89038,-2.61274,-4.75601,2.95862,-0.10899,0.03826,6.27699,11.47603,-0.91615,1.53074,-0.5991,-0.68045,-1.97566,0.86554,-4.53467,-12.07607,-0.75074,0.32763,-2.5886,3.18297,1.96936,-1.58936,-6.61299,-0.22755,-0.30924,-0.12952
6.06,0.44633,0.24849,0.23195,2.03006,0,-0.47303,0.24543,0.4367,3.56444,-2.99115,-2.53905,-3.31165,2.30495,8.69454,-3.79285,-2.4228,-4.4963,3.03632,-0.07112,0.81746,6.29464,11.24542,-0.23714,1.38615,-0.84812,-0.10466,-2.03586,0.8521,-6.00383,-11.43298,-0.44817,0.32275,-3.30145,4.0319,1.9835,-1.72686,-7.78072,-0.56953,-0.22154,-0.05239
6.08,0.33893,0.2838,0.22968,2.03915,0,-0.58267,0.0666,0.71065,3.53922,-3.27186,-2.2304,-2.84814,2.72489,8.71254,-3.53346,-2.28216,-4.22824,3.14812,-0.0307,1.63114,6.34766,10.37255,0.45615,1.2121,-1.0633,0.42541,-2.11098,0.76475,-7.34909,-10.39367,-0.06438,0.28716,-3.763,4.91526,1.89804,-1.76164,-8.93411,-0.97753,-0.12748,0.01042
6.1,0.21554,0.31129,0.22328,1.9959,0,-0.63616,-0.11962,0.95265,3.52214,-3.53015,-1.90121,-2.37328,3.25056,8.72812,-3.11504,-2.20175,-3.9598,3.28812,0.0102,2.44822,6.4341,8.80791,1.14542,1.00697,-1.23475,0.89099,-2.18336,0.61034,-8.51301,-9.03095,0.39133,0.22296,-3.95902,5.80054,1.71195,-1.67581,-10.01471,-1.43709,-0.03195,0.06168
6.12,0.08046,0.32928,0.21339,1.90287,0,-0.62999,-0.30655,1.14316,3.50025,-3.73677,-1.56581,-1.90743,3.83153,8.71447,-2.55239,-2.1857,-3.68782,3.43982,0.04936,3.22869,6.5357,6.56012,1.81036,0.7695,-1.35542,1.27865,-2.2343,0.40116,-9.44197,-7.43865,0.89659,0.13486,-3.90132,6.64882,1.42987,-1.45856,-10.95481,-1.92691,0.06012,0.10947
6.14,-0.06107,0.33647,0.20073,1.76524,0,-0.56357,-0.48681,1.26338,3.45509,-3.86138,-1.23854,-1.47193,4.4036,8.62975,-1.8716,-2.23145,-3.3995,3.57785,0.08461,3.92673,6.61935,3.70079,2.42922,0.49997,-1.42134,1.58086,-2.24592,0.154,-10.09041,-5.72442,1.41833,0.02973,-3.62438,7.41591,1.06215,-1.10716,-11.67944,-2.41977,0.14456,0.16696
6.16,-0.20329,0.33214,0.18587,1.59021,0,-0.43973,-0.6525,1.29733,3.36553,-3.87565,-0.93464,-1.08723,4.89582,8.42297,-1.1081,-2.33038,-3.07584,3.67115,0.11418,4.49511,6.64059,0.36327,2.97968,0.20158,-1.43157,1.79598,-2.20343,-0.11164,-10.42579,-3.99915,1.9174,-0.08412,-3.17875,8.05441,0.62442,-0.62751,-12.10982,-2.88417,0.21893,0.25121
6.18,-0.34025,0.31627,0.16912,1.38652,0,-0.2651,-0.7955,1.23406,3.21112,-3.75666,-0.66771,-0.76723,5.23866,8.04165,-0.3039,-2.46889,-2.69625,3.68718,0.13696,4.89021,6.54876,-3.26412,3.44001,-0.11843,-1.38796,1.92777,-2.09761,-0.37571,-10.43387,-2.36523,2.35432,-0.19774,-2.62271,8.51663,0.13697,-0.03408,-12.16825,-3.28671,0.28327,0.38117
6.2,-0.46633,0.28971,0.15038,1.16384,0,-0.05027,-0.90788,1.06949,2.97538,-3.49013,-0.44613,-0.51628,5.37205,7.43993,0.49557,-2.62964,-2.24331,3.59635,0.15266,5.07672,6.29318,-6.95056,3.79036,-0.44834,-1.29479,1.98448,-1.92658,-0.61966,-10.12249,-0.90636,2.69481,-0.30233,-2.01416,8.75817,-0.37621,0.65073,-11.78399,-3.595,0.3403,0.57464
6.22,-0.57655,0.25408,0.12915,0.93214,0,0.19059,-0.98243,0.80746,2.64844,-3.07294,-0.27213,-0.33067,5.25196,6.5859,1.24501,-2.79283,-1.70668,3.37572,0.16179,5.03112,5.8295,-10.44094,4.01416,-0.77254,-1.1582,1.97753,-1.69646,-0.8279,-9.52253,0.31912,2.91392,-0.39002,-1.4041,8.74145,-0.88864,1.39811,-10.89944,-3.78075,0.39483,0.84462
6.24,-0.66691,0.21161,0.10466,0.70091,0,0.44053,-1.01327,0.45974,2.22864,-2.51461,-0.14321,-0.20116,4.85478,5.46701,1.90275,-2.93739,-1.08557,3.01172,0.16547,4.74365,5.12576,-13.47962,4.09934,-1.07322,-0.98548,1.91982,-1.42052,-0.98856,-8.68505,1.28046,2.99824,-0.4545,-0.83229,8.43905,-1.373,2.1751,-9.47586,-3.82298,0.4523,1.19506
6.26,-0.7346,0.16484,0.07603,0.47831,0,0.68115,-0.99645,0.04516,1.72314,-1.83613,-0.0539,-0.11489,4.17953,4.09334,2.43435,-3.0423,-0.38955,2.50162,0.1651,4.21863,4.16747,-15.83769,4.03953,-1.33295,-0.78431,1.82388,-1.11708,-1.09359,-7.67547,1.97281,2.94616,-0.49156,-0.32521,7.83663,-1.80299,2.94764,-7.49862,-3.71098,0.51684,1.61704
6.28,-0.77822,0.11628,0.04253,0.27041,0,0.89409,-0.93063,-0.41198,1.14763,-1.06315,0.0029,-0.05679,3.24803,2.49871,2.81562,-3.0879,0.36189,1.85403,0.16197,3.47407,2.96148,-17.33996,3.83522,-1.53762,-0.56214,1.70033,-0.80668,-1.13849,-6.56598,2.41271,2.76693,-0.4995,0.10383,6.93545,-2.15544,3.68383,-4.98185,-3.44676,0.58929,2.08611
6.3,-0.7978,0.06809,0.00377,0.08064,0,1.06253,-0.81754,-0.88381,0.52531,-0.21704,0.03501,-0.01045,2.1033,0.73945,3.03464,-3.05747,1.14096,1.08857,0.15697,2.54042,1.53786,-17.88649,3.49448,-1.67876,-0.32576,1.55675,-0.50928,-1.12177,-5.42794,2.63208,2.47869,-0.47922,0.45303,5.75403,-2.41223,4.35687,-1.97158,-3.04633,0.66594,2.562
6.32,-0.79481,0.02191,-0.04021,-0.09044,0,1.17245,-0.66218,-1.34094,-0.11494,0.68792,0.05033,0.04113,0.80584,-1.10971,3.09224,-2.93878,1.91399,0.23448,0.15038,1.45887,-0.05129,-17.4635,3.03316,-1.75474,-0.08118,1.39741,-0.24182,-1.04445,-4.32501,2.6718,2.10616,-0.43412,0.72917,4.32805,-2.56168,4.94709,1.4534,-2.53913,0.73839,2.99178
6.34,-0.77198,-0.02128,-0.08886,-0.245,0,1.2135,-0.47256,-1.75463,-0.74109,1.63909,0.05651,0.11506,-0.57207,-2.96252,3.00073,-2.72566,2.64469,-0.67168,0.14195,0.27895,-1.73624,-16.1418,2.47409,-1.77047,0.16614,1.22363,-0.01657,-0.9096,-3.30757,2.57554,1.67789,-0.36957,0.9439,2.70825,-2.59954,5.44286,5.18398,-1.9653,0.79482,3.31642
6.36,-0.73296,-0.06107,-0.1413,-0.38752,0,1.17951,-0.25916,-2.09881,-1.32107,2.61668,0.06073,0.22791,-1.95363,-4.73035,2.78143,-2.41924,3.29789,-1.58923,0.13103,-0.94447,-3.43671,-14.06413,1.84556,-1.73592,0.41103,1.03485,0.15982,-0.72207,-2.40887,2.38453,1.22358,-0.2922,1.10986,0.95658,-2.52921,5.84056,9.08616,-1.37112,0.8224,3.48005
6.38,-0.68205,-0.09755,-0.1964,-0.52418,0,1.06883,-0.03408,-2.35219,-1.82593,3.58705,0.06961,0.3949,-3.26513,-6.33176,2.46152,-2.02899,3.84324,-2.47674,0.11687,-2.15452,-5.07035,-11.42548,1.17931,-1.66395,0.6482,0.82996,0.28647,-0.48836,-1.64306,2.13367,0.77158,-0.20906,1.23721,-0.85848,-2.36158,6.14378,13.00848,-0.80345,0.81011,3.44014
6.4,-0.6238,-0.13115,-0.25299,-0.66217,0,0.88437,0.18999,-2.49983,-2.23254,4.50491,0.08913,0.62868,-4.44269,-7.7007,2.07112,-1.57291,4.25832,-3.2953,0.0989,-3.29587,-6.56064,-8.45045,0.50835,-1.5682,0.87197,0.60877,0.36778,-0.21664,-1.00545,1.84923,0.34709,-0.12686,1.33125,-2.66644,-2.11427,6.36206,16.79001,-0.30415,0.75141,3.1761
6.42,-0.56273,-0.16245,-0.30996,-0.80898,0,0.63348,0.40071,-2.53432,-2.52537,5.32414,0.12453,0.93758,-5.43724,-8.79169,1.6409,-1.07655,4.53048,-4.01109,0.07694,-4.31831,-7.84296,-5.37013,-0.13534,-1.46129,1.07637,0.37298,0.41234,0.08321,-0.47522,1.54834,-0.02908,-0.05137,1.39155,-4.39868,-1.81021,6.50889,20.26797,0.09478,0.64581,2.69432
6.44,-0.50297,-0.19204,-0.36636,-0.9717,0,0.32745,0.5872,-2.45624,-2.69719,6.00755,0.18006,1.32326,-6.21716,-9.58117,1.20044,-0.57085,4.65719,-4.59719,0.0513,-5.18021,-8.86821,-2.40018,-0.72308,-1.35385,1.25535,0.12675,0.43128,0.39958,-0.02,1.24006,-0.34107,0.01297,1.41269,-5.99147,-1.47543,6.59918,23.28482,0.37495,0.49924,2.0286
6.46,-0.44798,-0.22037,-0.42141,-1.15651,0,-0.0191,0.74101,-2.27404,-2.74877,6.53073,0.25863,1.77753,-6.76883,-10.06595,0.77725,-0.08875,4.64521,-5.03474,0.0228,-5.85186,-9.6043,0.27833,-1.23165,-1.25403,1.40345,-0.12341,0.4364,0.71936,0.39795,0.92757,-0.57803,0.06323,1.38632,-7.38835,-1.13644,6.6464,25.69526,0.53368,0.32308,1.23623
6.48,-0.4003,-0.24767,-0.47449,-1.36815,0,-0.38899,0.85691,-2.00357,-2.6881,6.88297,0.3612,2.27854,-7.09568,-10.25978,0.39621,0.33841,4.50906,-5.31358,-0.00735,-6.31804,-10.0362,2.53366,-1.64512,-1.1675,1.51635,-0.36907,0.43837,1.02815,0.81544,0.61092,-0.73396,0.09802,1.30394,-8.54213,-0.81747,6.66002,27.37353,0.5845,0.13248,0.39125
6.5,-0.36146,-0.27386,-0.52513,-1.60959,0,-0.76328,0.93346,-1.66719,-2.5291,7.06711,0.48604,2.78822,-7.2158,-10.18926,0.07924,0.68427,4.2691,-5.43235,-0.03765,-6.57917,-10.16494,4.29178,-1.95593,-1.09747,1.59135,-0.60064,0.4453,1.31067,1.26268,0.28968,-0.80732,0.11739,1.15939,-9.41636,-0.53825,6.64338,28.22041,0.55542,-0.05577,-0.42366
6.52,-0.33194,-0.29854,-0.57299,-1.88175,0,-1.12205,0.97298,-1.29249,-2.29015,7.09763,0.62764,3.25679,-7.15817,-9.88966,-0.1552,0.92965,3.94953,-5.39791,-0.06642,-6.65016,-10.00575,5.53696,-2.16492,-1.04462,1.62733,-0.8082,0.46195,1.55134,1.75954,-0.03522,-0.80068,0.12266,0.95065,-9.98618,-0.31248,6.59228,28.16888,0.48489,-0.22518,-1.12537
6.54,-0.31128,-0.32099,-0.6178,-2.18335,0,-1.44523,0.98114,-0.91048,-1.99236,6.9972,0.77572,3.6365,-6.95781,-9.40084,-0.29291,1.06362,3.57621,-5.224,-0.09194,-6.55672,-9.58526,6.30451,-2.28029,-1.00658,1.62424,-0.98237,0.48976,1.73495,2.31392,-0.36076,-0.72039,0.11626,0.68027,-10.23855,-0.14728,6.49432,27.18767,0.41555,-0.36138,-1.63803
6.56,-0.29828,-0.34024,-0.65932,-2.51079,0,-1.71358,0.966,-0.55333,-1.65783,6.79202,0.91576,3.89517,-6.65041,-8.76398,-0.32499,1.08332,3.17465,-4.92944,-0.11255,-6.33004,-8.93849,6.66764,-2.31562,-0.97749,1.58223,-1.11517,0.52744,1.8475,2.92226,-0.68216,-0.57622,0.1014,0.3548,-10.17228,-0.0434,6.3292,25.28369,0.38666,-0.45338,-1.90007
6.58,-0.29123,-0.3551,-0.69735,-2.85833,0,-1.9097,0.93695,-0.25186,-1.308,6.50732,1.03317,4.02016,-6.26747,-8.01912,-0.24884,0.99307,2.76827,-4.53622,-0.12671,-6.00094,-8.10584,6.72131,-2.2875,-0.94764,1.50075,-1.20074,0.57218,1.87723,3.57155,-0.99405,-0.38116,0.08191,-0.01646,-9.79818,0.00386,6.07029,22.50413,0.42672,-0.49464,-1.87025
6.6,-0.28826,-0.36433,-0.73173,-3.21826,0,-2.01919,0.90356,-0.03311,-0.96226,6.16365,1.11887,4.01492,-5.83292,-7.20364,-0.0689,0.80289,2.37713,-4.06796,-0.1331,-5.59514,-7.13063,6.56621,-2.21311,-0.90388,1.37809,-1.23585,0.62093,1.81564,4.24204,-1.29204,-0.15103,0.06183,-0.42264,-9.13943,0.00338,5.68757,18.93831,0.54791,-0.48359,-1.53272
6.62,-0.28752,-0.36669,-0.76233,-3.58121,0,-2.03172,0.87463,0.08201,-0.63694,5.77488,1.17112,3.89392,-5.36147,-6.35121,0.20348,0.52691,2.01711,-3.54839,-0.13073,-5.13036,-6.0566,6.295,-2.10813,-0.83101,1.21146,-1.22016,0.67175,1.65841,4.90993,-1.57434,0.096,0.04515,-0.85212,-8.23154,-0.03325,5.15161,14.7175,0.74385,-0.42376,-0.90034
6.64,-0.2875,-0.36108,-0.78903,-3.93643,0,-1.94198,0.85735,0.08069,-0.34451,5.34781,1.19321,3.67775,-4.85895,-5.49082,0.55095,0.18172,1.69934,-3.00016,-0.11896,-4.61568,-4.92546,5.98208,-1.98493,-0.7142,0.99768,-1.15595,0.72481,1.40603,5.54976,-1.84309,0.34025,0.0354,-1.29279,-7.12155,-0.09336,4.4385,10.0117,0.99123,-0.3234,-0.01616
6.66,-0.28712,-0.34666,-0.8117,-4.27219,0,-1.75051,0.85664,-0.04017,-0.09319,4.8835,1.19035,3.38882,-4.32426,-4.64596,0.95192,-0.21514,1.43005,-2.44374,-0.09764,-4.05294,-3.77442,5.67726,-1.85137,-0.54208,0.73452,-1.04769,0.78318,1.06417,6.13621,-2.10535,0.56159,0.03524,-1.73163,-5.86641,-0.16467,3.53494,5.02298,1.25482,-0.19468,1.04762
6.68,-0.2859,-0.32293,-0.83016,-4.57616,0,-1.46437,0.87477,-0.27293,0.11319,4.37989,1.16722,3.04785,-3.75256,-3.834,1.38264,-0.64622,1.2106,-1.89669,-0.06717,-3.43977,-2.63435,5.40314,-1.71016,-0.30987,0.4223,-0.90142,0.85325,0.6439,6.64543,-2.37352,0.74069,0.04612,-2.15403,-4.53069,-0.23657,2.44306,-0.02392,1.49448,-0.05256,2.19331
6.7,-0.28398,-0.28983,-0.84412,-4.83581,0,-1.09738,0.91113,-0.59906,0.27472,3.83506,1.1264,2.67146,-3.13881,-3.06622,1.81919,-1.09469,1.03789,-1.37322,-0.02852,-2.77326,-1.52879,5.15588,-1.55885,-0.02162,0.06542,-0.72422,0.94464,0.1616,7.05567,-2.66509,0.86028,0.068,-2.54296,-3.18345,-0.30091,1.18375,-4.89349,1.67255,0.0867,3.30471
6.72,-0.28206,-0.24783,-0.85315,-5.03843,0,-0.6698,0.96215,-0.99008,0.39454,3.25042,1.06786,2.27115,-2.48092,-2.34811,2.23912,-1.54408,0.90496,-0.88402,0.01672,-2.05333,-0.47402,4.90857,-1.39036,0.30913,-0.32654,-0.52363,1.06965,-0.36141,7.34706,-3.00126,0.90622,0.0993,-2.87831,-1.89407,-0.35233,-0.20258,-9.35401,1.76023,0.20719,4.25784
6.74,-0.28123,-0.19784,-0.85656,-5.17102,0,-0.20723,1.02139,-1.40974,0.47746,2.63323,0.98938,1.85331,-1.78191,-1.68014,2.62234,-1.97755,0.80187,-0.43624,0.06637,-1.28533,0.51992,4.61692,-1.19407,0.66066,-0.73837,-0.30731,1.24204,-0.89982,7.5007,-3.40469,0.86831,0.137,-3.13667,-0.72685,-0.38792,-1.65836,-13.1947,1.74191,0.29531,4.93505
6.76,-0.28278,-0.14123,-0.85329,-5.22003,0,0.26117,1.07991,-1.81728,0.52837,1.99756,0.88778,1.4203,-1.05103,-1.05879,2.95166,-2.37685,0.71671,-0.03362,0.11782,-0.48141,1.4475,4.22662,-0.95722,1.00602,-1.14954,-0.08271,1.47542,-1.42564,7.49765,-3.89623,0.74106,0.177,-3.29191,0.26509,-0.40657,-3.11404,-16.24439,1.61737,0.34154,5.24113
6.78,-0.28791,-0.07972,-0.84191,-5.1715,0,0.70486,1.12677,-2.17124,0.55077,1.36173,0.76046,0.9721,-0.3038,-0.47786,3.21294,-2.7214,0.63678,0.32332,0.16816,0.33908,2.30573,3.68174,-0.66662,1.31694,-1.53511,0.14316,1.78131,-1.90989,7.31875,-4.49135,0.52408,0.21462,-3.31687,1.04542,-0.40802,-4.49499,-18.38884,1.40182,0.34201,5.11833
6.8,-0.2975,-0.01529,-0.82069,-5.01184,0,1.09426,1.14996,-2.43331,0.54574,0.74211,0.60697,0.50837,0.43858,0.06999,3.3952,-2.98813,0.5498,0.63669,0.21437,1.15017,3.0921,2.93348,-0.31038,1.56767,-1.86689,0.36391,2.16714,-2.32448,6.94588,-5.19638,0.22254,0.24518,-3.18627,1.59828,-0.39208,-5.72869,-19.5826,1.12393,0.29919,4.55682
6.82,-0.31193,0.04988,-0.78774,-4.72914,0,1.40281,1.13752,-2.57168,0.51179,0.14798,0.43013,0.03033,1.15074,0.59154,3.49052,-3.15207,0.4452,0.91048,0.25358,1.9208,3.8028,1.94828,0.12053,1.73794,-2.11505,0.57381,2.63431,-2.64397,6.36493,-6.00508,-0.15277,0.26467,-2.88085,1.92885,-0.35797,-6.75114,-19.85153,0.82185,0.22153,3.59704
6.84,-0.33096,0.11355,-0.74133,-4.31489,0,1.60893,1.079,-2.56351,0.44541,-0.41782,0.23648,-0.45781,1.8052,1.09142,3.49392,-3.1881,0.31523,1.14954,0.28331,2.61717,4.43157,0.71489,0.63106,1.8147,-2.24977,0.76798,3.17654,-2.84733,5.57019,-6.89583,-0.58563,0.27038,-2.3922,2.06054,-0.30421,-7.5118,-19.28468,0.53759,0.12189,2.32304
6.86,-0.35368,0.17347,-0.6802,-3.76617,0,1.69757,0.96696,-2.39666,0.34243,-0.95409,0.03599,-0.94789,2.37501,1.57068,3.40331,-3.07361,0.15602,1.35838,0.30173,3.20588,4.96918,-0.75032,1.22123,1.79258,-2.24331,0.94241,3.77868,-2.91959,4.56942,-7.82987,-1.0549,0.26144,-1.72774,2.02944,-0.22869,-7.97721,-18.01781,0.3104,0.01509,0.84809
6.88,-0.37857,0.22753,-0.60392,-3.08763,0,1.6615,0.79841,-2.0707,0.19973,-1.45595,-0.1587,-1.42758,2.83646,2.02586,3.21949,-2.79174,-0.03163,1.54009,0.30787,3.65725,5.40377,-2.39999,1.88559,1.67335,-2.07239,1.09399,4.41623,-2.85332,3.38841,-8.75095,-1.53528,0.23911,-0.91448,1.87752,-0.12919,-8.13339,-16.21312,0.17042,-0.08489,-0.70321
6.9,-0.40361,0.27385,-0.5132,-2.29302,0,1.5021,0.5758,-1.59713,0.01673,-1.9125,-0.33342,-1.88066,3.17141,2.44873,2.94611,-2.33453,-0.24189,1.69555,0.30177,3.94829,5.72185,-4.1551,2.61312,1.4647,-1.72091,1.22041,5.05571,-2.64982,2.0733,-9.58682,-1.99834,0.20677,-0.00025,1.64627,-0.004,-7.9869,-14.03983,0.13389,-0.16735,-2.21231
6.92,-0.42644,0.31088,-0.40999,-1.40538,0,1.22942,0.30729,-0.99857,-0.20348,-2.30992,-0.47374,-2.28802,3.36874,2.82677,2.58955,-1.70538,-0.46399,1.82293,0.28452,4.06477,5.9097,-5.90777,3.38745,1.17845,-1.18271,1.31979,5.65604,-2.31959,0.68899,-10.25262,-2.41373,0.16936,0.94911,1.37188,0.14738,-7.56406,-11.65852,0.20093,-0.22628,-3.57973
6.94,-0.44463,0.33749,-0.2974,-0.45572,0,0.86142,0.00606,-0.30703,-0.45387,-2.63755,-0.56641,-2.62924,3.42479,3.14456,2.15829,-0.92025,-0.68303,1.91774,0.25806,4.00205,5.95504,-7.52796,4.18746,0.82856,-0.46425,1.39012,6.17098,-1.88197,-0.68691,-10.65636,-2.75067,0.13244,1.85688,1.08266,0.32358,-6.90837,-9.21052,0.35643,-0.26074,-4.73229
6.96,-0.45585,0.35301,-0.1794,0.51974,0,0.42256,-0.31116,0.43879,-0.72379,-2.89119,-0.60071,-2.88464,3.34295,3.38588,1.66229,-0.00755,-0.88135,1.97325,0.22493,3.76488,5.84888,-8.87418,4.98836,0.42917,0.41316,1.42866,6.55258,-1.36388,-1.97373,-10.70627,-2.97994,0.1009,2.64593,0.79857,0.52089,-6.07637,-6.81246,0.5735,-0.274,-5.62487
6.98,-0.45821,0.35734,-0.0604,1.48295,0,-0.05822,-0.626,1.19666,-0.99994,-3.07217,-0.56975,-3.03755,3.13277,3.5362,1.11226,0.99302,-1.04037,1.98148,0.1879,3.36661,5.58752,-9.80697,5.76317,-0.00686,1.4119,1.43156,6.75555,-0.79798,-3.09854,-10.3196,-3.07621,0.07779,3.25019,0.53221,0.73304,-5.13274,-4.55501,0.81852,-0.27218,-6.23818
7,-0.4504,0.35093,0.05515,2.39726,0,-0.54959,-0.92048,1.92408,-1.26747,-3.1852,-0.47143,-3.07646,2.80894,3.58508,0.51942,2.03259,-1.14265,1.93438,0.14964,2.828,5.17428,-10.20404,6.48418,-0.46832,2.47794,1.39396,6.74175,-0.22026,-4.00526,-9.43178,-3.02081,0.06352,3.62426,0.29067,0.9513,-4.14524,-2.50449,1.0565,-0.26252,-6.57436
7.02,-0.4319,0.33478,0.16321,3.22983,0,-1.02021,-1.17878,2.58136,-1.51107,-3.23624,-0.30901,-2.99645,2.39021,3.52788,-0.10448,3.05627,-1.17397,1.82514,0.11238,2.17569,4.62048,-9.97521,7.1243,-0.94479,3.54266,1.31065,6.48437,0.33285,-4.6598,-8.00455,-2.80452,0.05588,3.74886,0.07736,1.16493,-3.17946,-0.70575,1.25573,-0.25193,-6.65172
7.04,-0.40292,0.3103,0.26037,3.9531,0,-1.44103,-1.3886,3.13434,-1.71609,-3.23083,-0.09111,-2.79981,1.8982,3.36654,-0.7467,4.00702,-1.12529,1.6495,0.07767,1.44047,3.94537,-9.07583,7.65805,-1.42468,4.52683,1.17738,5.97119,0.82773,-5.05029,-6.03215,-2.43014,0.05077,3.63097,-0.10653,1.36215,-2.29378,0.81482,1.39119,-0.24578,-6.49952
7.06,-0.3644,0.27919,0.34415,4.54536,0,-1.78752,-1.54215,3.55674,-1.86938,-3.17299,0.16888,-2.49586,1.35634,3.10947,-1.39284,4.83037,-0.99428,1.4069,0.04625,0.65551,3.17499,-7.51764,8.06222,-1.8926,5.34654,0.9926,5.20685,1.23705,-5.18309,-3.5453,-1.91452,0.04367,3.29951,-0.26103,1.53132,-1.53456,2.04684,1.44655,-0.24734,-6.15352
7.08,-0.31781,0.24323,0.41313,4.99091,0,-2.04162,-1.63665,3.832,-1.96019,-3.06484,0.45372,-2.10022,0.789,2.77075,-2.02625,5.47926,-0.78634,1.10146,0.01801,-0.14503,2.34045,-5.37537,8.31616,-2.32719,5.92024,0.75932,4.2143,1.54263,-5.07685,-0.61312,-1.28947,0.03115,2.79857,-0.38694,1.66222,-0.93249,2.99389,1.41502,-0.25748,-5.65247
7.1,-0.26505,0.20415,0.46697,5.27987,0,-2.19295,-1.6744,3.95418,-1.98092,-2.90691,0.74363,-1.63372,0.22081,2.36898,-2.62762,5.91836,-0.51478,0.74258,-0.00785,-0.92674,1.47569,-2.78698,8.40159,-2.70014,6.17561,0.48665,3.03485,1.73726,-4.75642,2.65755,-0.60098,0.01214,2.18028,-0.48548,1.74718,-0.50064,3.67139,1.29915,-0.27481,-5.03567
7.12,-0.20826,0.16351,0.50639,5.40791,0,-2.23895,-1.66223,3.92777,-1.92766,-2.6991,1.01785,-1.12087,-0.32387,1.92558,-3.175,6.12698,-0.19969,0.3449,-0.0326,-1.65488,0.61493,0.05492,8.30149,-2.97743,6.0553,0.19051,1.72654,1.82472,-4.24839,6.12592,0.09401,-0.0117,1.49903,-0.55804,1.7816,-0.23485,4.10406,1.10974,-0.29615,-4.34091
7.14,-0.14965,0.12261,0.53293,5.3758,0,-2.18399,-1.61054,3.76599,-1.80053,-2.44193,1.25643,-0.58806,-0.82147,1.46276,-3.64447,6.10039,0.13436,-0.07235,-0.05749,-2.29369,-0.2102,2.92132,7.9981,-3.12304,5.52093,-0.1067,0.3604,1.81792,-3.57901,9.62493,0.73347,-0.03645,0.80773,-0.60582,1.76391,-0.1164,4.32251,0.86403,-0.31711,-3.60278
7.16,-0.09137,0.08247,0.54868,5.18916,0,-2.03761,-1.53175,3.48837,-1.60381,-2.13805,1.44209,-0.06146,-1.24978,1.00133,-4.01146,5.84945,0.46156,-0.48684,-0.08335,-2.80573,-0.97362,5.57249,7.47099,-3.10484,4.55578,-0.3777,-0.98516,1.73553,-2.7742,12.97245,1.25804,-0.0572,0.1559,-0.62941,1.69509,-0.11655,4.35968,0.58333,-0.3329,-2.85113
7.18,-0.0353,0.04382,0.55602,4.85846,0,-1.81251,-1.43878,3.11787,-1.34593,-1.79366,1.56198,0.43491,-1.5887,0.55875,-4.25272,5.39929,0.75832,-0.87486,-0.11013,-3.15175,-1.65722,7.78671,6.69632,-2.90183,3.16679,-0.59265,-2.23099,1.59825,-1.86121,15.98485,1.61924,-0.06966,-0.41122,-0.62842,1.578,-0.20184,4.24734,0.2906,-0.33908,-2.11009
7.2,0.01699,0.00715,0.55731,4.39923,0,-1.52277,-1.34358,2.67851,-1.03924,-1.41959,1.60904,0.88081,-1.82106,0.14768,-4.34859,4.787,1.00608,-1.21336,-0.13667,-3.29188,-2.25217,9.38626,5.64837,-2.51121,1.3863,-0.72235,-3.30394,1.42543,-0.87044,18.49105,1.78633,-0.07154,-0.85348,-0.60141,1.4168,-0.33904,4.01354,0.00818,-0.33223,-1.39778
7.22,0.06434,-0.02722,0.55462,3.83211,0,-1.18263,-1.2559,2.19355,-0.69943,-1.03147,1.58254,1.26064,-1.93351,-0.22445,-4.2852,4.05829,1.19296,-1.48179,-0.16076,-3.18852,-2.75865,10.25598,4.30392,-1.95394,-0.72648,-0.74164,-4.143,1.23297,0.16351,20.34526,1.75012,-0.06318,-1.13765,-0.54599,1.21676,-0.49893,3.6811,-0.24404,-0.3105,-0.72687
7.24,0.10601,-0.05905,0.54953,3.18257,0,-0.80585,-1.18236,1.68449,-0.34462,-0.64901,1.4879,1.56382,-1.9174,-0.55519,-4.05639,3.26333,1.31375,-1.66378,-0.1795,-2.81099,-3.18382,10.35215,2.64915,-1.27744,-3.08488,-0.63301,-4.70436,1.03269,1.20245,21.43762,1.5233,-0.04737,-1.24037,-0.45937,0.98425,-0.6585,3.2675,-0.44998,-0.27376,-0.10585
7.26,0.14165,-0.08809,0.54295,2.48024,0,-0.40575,-1.12591,1.17074,0.00595,-0.29425,1.33559,1.78447,-1.76967,-0.84586,-3.66528,2.45196,1.36879,-1.74855,-0.18993,-2.14141,-3.53861,9.70203,0.6882,-0.55473,-5.57554,-0.39005,-4.96528,0.833,2.20664,21.70256,1.1374,-0.02841,-1.15213,-0.33913,0.72707,-0.80162,2.78572,-0.59827,-0.22361,0.45933
7.28,0.1713,-0.11401,0.53507,1.75796,0,0.00455,-1.08568,0.66971,0.33336,0.01062,1.1398,1.92095,-1.49374,-1.10013,-3.12529,1.66929,1.36217,-1.73198,-0.18969,-1.18074,-3.83408,8.3964,-1.54852,0.12079,-8.06131,-0.02012,-4.9266,0.64027,3.13768,21.12495,0.63776,-0.01075,-0.88091,-0.18423,0.45478,-0.91873,2.24608,-0.68275,-0.16314,0.96359
7.3,0.19532,-0.13639,0.52529,1.0506,0,0.41174,-1.05707,0.19719,0.62029,0.24561,0.91676,1.97512,-1.10008,-1.32235,-2.46056,0.95223,1.29991,-1.61718,-0.17766,0.04642,-4.07822,6.57711,-3.99845,0.6454,-10.38705,0.45416,-4.61331,0.46031,3.96119,19.74273,0.07759,0.00217,-0.45417,0.00409,0.17885,-1.00598,1.65841,-0.70259,-0.0966,1.40152
7.32,0.2143,-0.15472,0.51236,0.39353,0,0.80231,-1.03231,-0.23255,0.85216,0.39496,0.68321,1.95158,-0.60638,-1.51613,-1.70523,0.3277,1.18869,-1.4143,-0.15424,1.48995,-4.27381,4.42085,-6.56557,0.9203,-12.38913,0.99545,-4.07252,0.2991,4.64839,17.64429,-0.48768,0.00875,0.08217,0.22158,-0.08757,-1.06434,1.03405,-0.66198,-0.02885,1.76695
7.34,0.22906,-0.16848,0.49451,-0.17928,0,1.16291,-1.00123,-0.60692,1.01781,0.44876,0.4549,1.85691,-0.03688,-1.68314,-0.9013,-0.18768,1.03531,-1.13954,-0.12133,3.07594,-4.4176,2.12027,-9.1252,0.87093,-13.90867,1.55429,-3.36876,0.16271,5.17645,14.95993,-1.00549,0.00921,0.66848,0.46067,-0.33057,-1.09882,0.38741,-0.56949,0.03514,2.05343
7.36,0.24046,-0.17723,0.46962,-0.63766,0,1.48122,-0.9523,-0.91553,1.11009,0.40403,0.2453,1.699,0.57884,-1.82259,-0.09541,-0.58647,0.84677,-0.81348,-0.08196,4.71193,-4.50102,-0.13586,-11.53407,0.46746,-14.80773,2.07386,-2.577,0.05639,5.52778,11.84873,-1.4303,0.00518,1.23896,0.71054,-0.53674,-1.11783,-0.26337,-0.43711,0.09094,2.25553
7.38,0.24941,-0.18071,0.43551,-0.9577,0,1.74692,-0.87388,-1.15101,1.1261,0.26526,0.0646,1.48659,1.20763,-1.93103,0.66511,-0.86867,0.63089,-0.45909,-0.03981,6.29458,-4.51197,-2.18108,-13.6443,-0.25836,-14.98609,2.49584,-1.77489,-0.01675,5.68904,8.48362,-1.72682,-0.00119,1.73056,0.95767,-0.69468,-1.13253,-0.8964,-0.27911,0.13521,2.3705
7.4,0.25674,-0.17897,0.39022,-1.12392,0,1.95261,-0.75541,-1.30957,1.06738,0.04428,-0.08085,1.22905,1.81487,-2.00292,1.33623,-1.03977,0.39677,-0.0997,0.00142,7.71852,-4.43749,-3.8855,-15.31826,-1.20595,-14.39528,2.76681,-1.0352,-0.0568,5.65045,5.03745,-1.87232,-0.00797,2.09106,1.18675,-0.7962,-1.15585,-1.48683,-0.11087,0.16604,2.39975
7.42,0.2632,-0.17232,0.33234,-1.13096,0,2.09422,-0.58872,-1.39127,0.93981,-0.24044,-0.18862,0.93632,2.3666,-2.0315,1.88086,-1.10914,0.15506,0.24274,0.03845,8.885,-4.26646,-5.1641,-16.44202,-2.21307,-13.04626,2.84413,-0.41968,-0.06732,5.40582,1.6714,-1.85784,-0.01395,2.28476,1.38199,-0.83699,-1.20097,-2.00849,0.05232,0.18311,2.34947
7.44,0.26937,-0.16136,0.26119,-0.9843,0,2.17078,-0.369,-1.39971,0.75324,-0.56542,-0.25984,0.61901,2.83191,-2.01014,2.27189,-1.08896,-0.08251,0.54921,0.06873,9.70994,-3.99217,-5.97836,-16.93586,-3.07855,-11.00913,2.70085,0.02545,-0.05477,4.9532,-1.47369,-1.68838,-0.01868,2.29486,1.52866,-0.8165,-1.27913,-2.43617,0.19648,0.18761,2.23018
7.46,0.27562,-0.1468,0.17707,-0.70031,0,2.18377,-0.0956,-1.34136,0.52097,-0.90427,-0.29843,0.28837,3.18526,-1.93386,2.49443,-0.99366,-0.30415,0.80477,0.09062,10.1309,-3.61435,-6.33236,-16.76171,-3.59711,-8.40564,2.3293,0.27221,-0.02708,4.29635,-4.28312,-1.38206,-0.02215,2.12294,1.61489,-0.73733,-1.39705,-2.7485,0.31002,0.18179,2.05541
7.48,0.28215,-0.12932,0.08139,-0.30541,0,2.13629,0.2274,-1.22466,0.25893,-1.23014,-0.31021,-0.04371,3.40872,-1.80087,2.54736,-0.83971,-0.49936,0.99942,0.10337,10.11287,-3.14068,-6.26522,-15.92745,-3.59828,-5.39716,1.74309,0.31177,0.00817,3.44654,-6.67157,-0.9685,-0.02435,1.78645,1.63333,-0.60419,-1.55454,-2.93086,0.38475,0.16854,1.83987
7.5,0.28893,-0.10952,-0.02333,0.16547,0,2.03225,0.59109,-1.05912,-0.01523,-1.51827,-0.30195,-0.36483,3.4938,-1.61376,2.44356,-0.64539,-0.66036,1.12855,0.10704,9.652,-2.58733,-5.84169,-14.48767,-2.97993,-2.17043,0.97697,0.15371,0.04539,2.42415,-8.58358,-0.48633,-0.02485,1.31532,1.58252,-0.423,-1.74294,-2.97782,0.41646,0.15087,1.59754
7.52,0.29575,-0.0878,-0.13345,0.67135,0,1.87589,0.98201,-0.85463,-0.28333,-1.74814,-0.2806,-0.66248,3.4424,-1.37995,2.20869,-0.4302,-0.78313,1.19284,0.10235,8.77619,-1.97836,-5.14208,-12.53951,-1.72806,1.07725,0.08406,-0.17645,0.082,1.25921,-9.99144,0.02033,-0.0228,0.74845,1.46732,-0.20015,-1.94493,-2.89428,0.40512,0.13145,1.34025
7.54,0.30227,-0.06437,-0.24453,1.16854,0,1.67151,1.38307,-0.62088,-0.52802,-1.90518,-0.25262,-0.92475,3.26667,-1.11129,1.87844,-0.21363,-0.86813,1.1978,0.09041,7.54228,-1.34355,-4.25239,-10.2133,0.08102,4.15287,-0.86966,-0.64134,0.11866,-0.00945,-10.891,0.50624,-0.01726,0.1304,1.29866,0.05787,-2.13588,-2.69528,0.35458,0.11227,1.07658
7.56,0.30805,-0.03936,-0.35159,1.61453,0,1.42357,1.77489,-0.36706,-0.73433,-1.982,-0.22365,-1.14123,2.98793,-0.82283,1.49439,-0.01349,-0.92038,1.15278,0.07252,6.0302,-0.71517,-3.25549,-7.65923,2.2948,6.88176,-1.81296,-1.19677,0.15875,-1.33639,-11.29655,0.93005,-0.00783,-0.49153,1.0923,0.34445,-2.28676,-2.40449,0.2718,0.09443,0.81152
7.58,0.31261,-0.01287,-0.44957,1.97207,0,1.1371,2.13742,-0.1018,-0.89107,-1.97896,-0.19815,-1.30402,2.63484,-0.53122,1.09945,0.15588,-0.94909,1.06991,0.04999,4.33551,-0.12432,-2.22404,-5.03254,4.70954,9.12012,-2.67757,-1.79698,0.20719,-2.67251,-11.23609,1.25905,0.00464,-1.07008,0.86733,0.65258,-2.368,-2.05198,0.16597,0.07803,0.54668
7.6,0.31551,0.01486,-0.53371,2.21258,0,0.81824,2.45162,0.16673,-0.99185,-1.90398,-0.17943,-1.40858,2.24097,-0.25299,0.73352,0.28523,-0.96668,0.96289,0.02399,2.56155,0.40252,-1.21591,-2.4798,7.09952,10.76458,-3.40547,-2.39918,0.26918,-3.96802,-10.7479,1.47284,0.01761,-1.56071,0.64444,0.97444,-2.35371,-1.67181,0.04759,0.0623,0.28116
7.62,0.3164,0.04333,-0.59989,2.31839,0,0.47491,2.70078,0.43051,-1.03545,-1.77136,-0.16955,-1.45421,1.84185,-0.00305,0.42979,0.37133,-0.98725,0.84575,-0.00449,0.8115,0.846,-0.27246,-0.1277,9.24532,11.75771,-3.95382,-2.96657,0.34882,-5.17479,-9.87852,1.56496,0.0269,-1.92456,0.44445,1.30087,-2.22554,-1.2996,-0.07242,0.04571,0.01296
7.64,0.31506,0.07176,-0.64483,2.28352,0,0.11716,2.87152,0.68135,-1.0254,-1.59958,-0.16941,-1.44395,1.4714,0.20652,0.21224,0.4171,-1.02452,0.73166,-0.03456,-0.81912,1.19537,0.58073,1.92481,10.95766,12.08896,-4.29696,-3.4698,0.44806,-6.24816,-8.68211,1.54247,0.02731,-2.13156,0.28693,1.62099,-1.97563,-0.97035,-0.18332,0.02634,-0.2592
7.66,0.3114,0.099,-0.66628,2.11315,0,-0.24265,2.95446,0.91069,-0.96897,-1.40847,-0.17892,-1.38413,1.15829,0.36735,0.09404,0.43094,-1.08949,0.63176,-0.06536,-2.24923,1.44879,1.33105,3.61126,12.09545,11.7921,-4.42598,-3.88693,0.5659,-7.14817,-7.22082,1.42346,0.01379,-2.16371,0.1891,1.92207,-1.60857,-0.7164,-0.27511,0.00225,-0.53407
7.68,0.30547,0.12355,-0.66301,1.82209,0,-0.59006,2.94463,1.10957,-0.87575,-1.21621,-0.19712,-1.28356,0.92269,0.47522,0.07716,0.42539,-1.18831,0.55426,-0.09588,-3.41788,1.61274,1.97505,4.89922,12.57767,10.93988,-4.34676,-4.20254,0.69807,-7.84081,-5.56562,1.23354,-0.01736,-2.01793,0.16503,2.18967,-1.14195,-0.56578,-0.33901,-0.02813,-0.80613
7.7,0.29743,0.14373,-0.63491,1.43278,0,-0.90909,2.84171,1.269,-0.75624,-1.03693,-0.22249,-1.15273,0.77401,0.53018,0.15295,0.41529,-1.32067,0.50376,-0.12492,-4.28771,1.70067,2.51451,5.78884,12.38794,9.63694,-4.07728,-4.40662,0.83712,-8.29899,-3.79666,1.00204,-0.06734,-1.70776,0.22496,2.40825,-0.60548,-0.54082,-0.36781,-0.0656,-1.06465
7.72,0.28751,0.15774,-0.5829,0.97267,0,-1.1833,2.64992,1.38062,-0.62058,-0.87918,-0.25321,-1.00291,0.71041,0.53624,0.3038,0.41561,-1.47929,0.48105,-0.15104,-4.84584,1.7309,2.95308,6.3083,11.57113,8.01049,-3.64484,-4.49322,0.973,-8.50351,-2.00186,0.75842,-0.13424,-1.26306,0.37485,2.56205,-0.03803,-0.65706,-0.35637,-0.11002,-1.29365
7.74,0.27588,0.16395,-0.50881,0.47143,0,-1.39727,2.37752,1.43782,-0.47743,-0.74564,-0.2876,-0.84523,0.71986,0.50068,0.50569,0.43911,-1.65048,0.4833,-0.17264,-5.10189,1.72406,3.29392,6.50651,10.22208,6.19915,-3.08347,-4.45948,1.09413,-8.44371,-0.27302,0.52942,-0.2131,-0.7275,0.61614,2.63637,0.51705,-0.9224,-0.30198,-0.16012,-1.47299
7.76,0.26262,0.16111,-0.4152,-0.04201,0,-1.53836,2.03608,1.43697,-0.33334,-0.6338,-0.32446,-0.68996,0.78278,0.43308,0.73149,0.49409,-1.81585,0.50464,-0.1882,-5.08391,1.70023,3.53861,6.44427,8.46891,4.34075,-2.43158,-4.30502,1.18874,-8.1181,1.30021,0.33688,-0.29654,-0.15393,0.94553,2.619,1.01804,-1.33639,-0.20486,-0.21352,-1.58038
7.78,0.24755,0.14862,-0.30515,-0.54219,0,-1.5985,1.63967,1.37871,-0.19223,-0.53735,-0.36352,-0.54579,0.87549,0.3443,0.95438,0.5826,-1.95473,0.53705,-0.19641,-4.83328,1.67643,3.68712,6.18539,6.45449,2.56073,-1.73001,-4.03181,1.24641,-7.53504,2.6375,0.19642,-0.37582,0.40116,1.35489,2.50182,1.43117,-1.88963,-0.06854,-0.26673,-1.59401
7.8,0.23022,0.1267,-0.18215,-1.00918,0,-1.57552,1.2041,1.26877,-0.05547,-0.44785,-0.4056,-0.41951,0.97372,0.24556,1.15092,0.69952,-2.04683,0.57143,-0.19644,-4.39952,1.66481,3.73861,5.78932,4.31987,0.96293,-1.0202,-3.64454,1.25927,-6.71325,3.67447,0.11675,-0.44197,0.88339,1.83104,2.28203,1.73591,-2.56308,0.09988,-0.31518,-1.49514
7.82,0.20995,0.09649,-0.04996,-1.42978,0,-1.47365,0.74623,1.11796,0.07795,-0.35641,-0.45268,-0.31584,1.05567,0.1477,1.30338,0.83293,-2.07489,0.59875,-0.188,-3.83564,1.67181,3.69254,5.30615,2.19205,-0.37624,-0.34214,-3.15112,1.22291,-5.68157,4.36763,0.09981,-0.48692,1.24546,2.35572,1.96276,1.92791,-3.32752,0.28977,-0.35318,-1.27018
7.84,0.18583,0.05998,0.08754,-1.79777,0,-1.30297,0.28323,0.94121,0.21076,-0.25497,-0.50768,-0.23757,1.1042,0.0607,1.40099,0.96573,-2.02678,0.61122,-0.1714,-3.1941,1.6985,3.54987,4.77424,0.17686,-1.40983,0.26799,-2.56306,1.13651,-4.47768,4.6969,0.14137,-0.50427,1.4511,2.90547,1.55286,2.01937,-4.14325,0.48736,-0.37385,-0.91197
7.86,0.15692,0.0198,0.22641,-2.11336,0,-1.07806,-0.16812,0.75579,0.34659,-0.13738,-0.57392,-0.18583,1.10818,-0.00669,1.44036,1.07831,-1.89711,0.60333,-0.14745,-2.52371,1.74174,3.31416,4.22033,-1.64344,-2.11924,0.78051,-1.89573,1.00253,-3.14603,4.66605,0.23227,-0.48984,1.47792,3.45195,1.06595,2.0367,-4.96034,0.67652,-0.36918,-0.42052
7.88,0.12233,-0.02106,0.36274,-2.38201,0,-0.81609,-0.5921,0.57908,0.48903,1e-05,-0.65452,-0.16039,1.06304,-0.04729,1.42514,1.15173,-1.68818,0.57275,-0.1173,-1.86738,1.79582,2.99247,3.66152,-3.20941,-2.511,1.17473,-1.16854,0.82608,-1.73578,4.30142,0.35979,-0.4418,1.31937,3.96254,0.5191,2.01641,-5.71959,0.83992,-0.33034,0.19682
7.9,0.08144,-0.05951,0.49276,-2.61284,0,-0.53496,-0.9746,0.42636,0.64062,0.15785,-0.75159,-0.15992,0.97083,-0.05577,1.36511,1.17062,-1.41018,0.52072,-0.0823,-1.26073,1.85411,2.59585,3.1082,-4.48204,-2.61224,1.44083,-0.40483,0.61414,-0.29918,3.64943,0.50931,-0.36055,0.98587,4.40148,-0.06839,1.99993,-6.35455,0.96031,-0.24851,0.92514
7.92,0.03402,-0.0927,0.61285,-2.81678,0,-0.25163,-1.30347,0.30897,0.80181,0.33368,-0.86537,-0.18216,0.83967,-0.02925,1.27489,1.12522,-1.08029,0.45205,-0.04387,-0.73131,1.91011,2.13913,2.56705,-5.44015,-2.4656,1.58036,0.36844,0.37486,1.10932,2.77281,0.66591,-0.24813,0.50489,4.73155,-0.67617,2.02793,-6.79467,1.02203,-0.11614,1.74188
7.94,-0.01971,-0.11825,0.71956,-3.0044,0,0.01911,-1.56876,0.23313,0.97016,0.52195,-0.99345,-0.22384,0.68269,0.03218,1.17211,1.01228,-0.72077,0.37439,-0.00332,-0.29827,1.95785,1.63986,2.04349,-6.07847,-2.12396,1.60538,1.12163,0.11685,2.43353,1.74561,0.81592,-0.10736,-0.08014,4.91626,-1.28367,2.13464,-6.96972,1.01251,0.07117,2.61671
7.96,-0.07902,-0.1345,0.8097,-3.18391,0,0.2655,-1.76293,0.19929,1.13975,0.71432,-1.1301,-0.28056,0.51665,0.1248,1.07551,0.83484,-0.35619,0.29705,0.03819,0.02774,1.99166,1.11672,1.54328,-6.40657,-1.64531,1.53628,1.82387,-0.15124,3.61622,0.64742,0.94833,0.05915,-0.7123,4.92264,-1.87079,2.34277,-6.81539,0.92374,0.31261,3.51171
7.98,-0.1427,-0.14062,0.88043,-3.35952,0,0.47911,-1.88105,0.20231,1.30103,0.90027,-1.266,-0.34663,0.36016,0.24093,1.00285,0.60138,-0.01032,0.22956,0.07972,0.2443,2.00563,0.58769,1.07335,-6.44845,-1.08812,1.3988,2.44499,-0.42111,4.60081,-0.44269,1.05582,0.24963,-1.3254,4.72447,-2.41838,2.65982,-6.27996,0.75349,0.60037,4.38198
8,-0.20909,-0.13674,0.92939,-3.53047,0,0.65476,-1.92101,0.23217,1.44119,1.06786,-1.38843,-0.41508,0.23174,0.36908,0.96902,0.32453,0.29665,0.18014,0.12054,0.35667,1.99325,0.06853,0.64192,-6.24163,-0.50737,1.22074,2.95759,-0.68476,5.33477,-1.45182,1.13514,0.4634,-1.85003,4.30557,-2.90865,3.07621,-5.33118,0.50615,0.91862,5.17691
8.02,-0.27618,-0.12387,0.95485,-3.69082,0,0.79004,-1.8837,0.27543,1.54518,1.20481,-1.48217,-0.47788,0.14767,0.49488,0.98448,0.01976,0.55026,0.15445,0.16005,0.37672,1.94732,-0.42796,0.25793,-5.83482,0.04892,1.02866,3.33922,-0.93431,5.77509,-2.31819,1.18683,0.70004,-2.22163,3.66256,-3.32539,3.56609,-3.96231,0.19275,1.24382,5.84239
8.04,-0.34167,-0.10383,0.95588,-3.83014,0,0.8844,-1.77302,0.31715,1.59738,1.29976,-1.53105,-0.52652,0.11982,0.60288,1.05396,-0.29589,0.74296,0.15462,0.19769,0.32143,1.86043,-0.89207,-0.07005,-5.28355,0.54241,0.84496,3.57425,-1.1616,5.89558,-2.99509,1.21403,0.95787,-2.39008,2.80663,-3.65418,4.09072,-2.1966,-0.1698,1.54661,6.32402
8.06,-0.40316,-0.079,0.93244,-3.93494,0,0.93826,-1.59583,0.3432,1.58376,1.34364,-1.51999,-0.55276,0.15358,0.6789,1.17562,-0.60503,0.87442,0.17879,0.23279,0.21104,1.72584,-1.31654,-0.33531,-4.64449,0.94663,0.68538,3.65563,-1.35778,5.69473,-3.45378,1.22075,1.23179,-2.32951,1.76427,-3.8827,4.60404,-0.08965,-0.56027,1.79512,6.57141
8.08,-0.45827,-0.05204,0.88559,-3.99068,0,0.95216,-1.36177,0.3424,1.49414,1.33095,-1.43736,-0.5496,0.24635,0.71258,1.34084,-0.89107,0.95095,0.22112,0.26451,0.06708,1.53871,-1.69557,-0.53446,-3.96948,1.24817,0.55753,3.58612,-1.51332,5.20196,-3.68526,1.21011,1.51109,-2.04588,0.57685,-4.00133,5.05931,2.27063,-0.95511,1.95902,6.54349
8.1,-0.50484,-0.02561,0.81749,-3.98405,0,0.92634,-1.08301,0.30814,1.32423,1.26054,-1.27703,-0.51214,0.387,0.69944,1.53454,-1.13925,0.98428,0.27241,0.29184,-0.08936,1.29742,-2.02355,-0.66836,-3.30094,1.44666,0.46054,3.37879,-1.61828,4.47943,-3.70027,1.1829,1.77788,-1.57966,-0.70111,-4.0039,5.41542,4.767,-1.33052,2.01373,6.21403
8.12,-0.54109,-0.00215,0.73145,-3.90502,0,0.86092,-0.77366,0.23901,1.07686,1.13575,-1.03987,-0.43819,0.55664,0.64197,1.73632,-1.33769,0.9896,0.32134,0.31361,-0.23912,1.00461,-2.29394,-0.74229,-2.66931,1.55306,0.38622,3.05621,-1.66342,3.61679,-3.52715,1.13693,2.00669,-1.00115,-2.00518,-3.88858,5.64175,7.25957,-1.66443,1.94392,5.57659
8.14,-0.56573,0.01642,0.63168,-3.7483,0,0.75648,-0.44886,0.13841,0.76222,0.96373,-0.73426,-0.32861,0.73091,0.54948,1.92232,-1.47833,0.98318,0.35628,0.32872,-0.36596,0.66773,-2.49828,-0.76509,-2.0931,1.58628,0.32162,2.64818,-1.64166,2.71833,-3.20748,1.06721,2.16569,-0.39803,-3.26604,-3.65859,5.72066,9.59646,-1.93804,1.74589,4.64821
8.16,-0.57809,0.02886,0.52302,-3.51439,0,0.61516,-0.12372,0.01319,0.39716,0.75405,-0.37569,-0.18725,0.88339,0.43678,2.06769,-1.55773,0.97974,0.3674,0.33635,-0.45726,0.29902,-2.62582,-0.74761,-1.58094,1.56876,0.25254,2.18848,-1.55004,1.88501,-2.79008,0.9671,2.21949,0.14239,-4.41577,-3.32278,5.6479,11.62768,-2.13719,1.42859,3.47117
8.18,-0.57819,0.03473,0.41054,-3.21,0,0.44172,0.18792,-0.12805,0.00372,0.51724,0.01439,-0.02066,0.98943,0.32205,2.14931,-1.5777,0.99006,0.34867,0.33623,-0.50446,-0.08503,-2.66391,-0.70086,-1.1349,1.52184,0.16718,1.7111,-1.39143,1.19573,-2.32467,0.8299,2.1335,0.55173,-5.3945,-2.89595,5.43131,13.22032,-2.25328,1.01346,2.11242
8.2,-0.56679,0.0344,0.29919,-2.84785,0,0.24431,0.47437,-0.2767,-0.39277,0.26347,0.41042,0.16236,1.02957,0.22442,2.14829,-1.54527,1.01936,0.29915,0.32873,-0.50322,-0.46462,-2.59929,-0.63429,-0.754,1.46186,0.05921,1.24704,-1.17562,0.69354,-1.85623,0.65076,1.87937,0.79447,-6.15607,-2.39877,5.0882,14.27239,-2.28383,0.53263,0.65987
8.22,-0.5453,0.02901,0.19355,-2.44574,0,0.03446,0.7267,-0.42537,-0.76582,0.0018,0.785,0.35135,0.9919,0.16149,2.05189,-1.47193,1.06675,0.22325,0.31492,-0.4535,-0.81815,-2.42031,-0.55464,-0.43688,1.39795,-0.07076,0.82184,-0.91906,0.38097,-1.42106,0.4284,1.441,0.87278,-6.67168,-1.85679,4.64152,14.72264,-2.23243,0.02576,-0.78532
8.24,-0.51567,0.02028,0.09753,-2.02461,0,-0.17375,0.93884,-0.56851,-1.09015,-0.25987,1.11168,0.53486,0.87285,0.14703,1.85451,-1.37197,1.12583,0.12971,0.29635,-0.35942,-1.12406,-2.11984,-0.46555,-0.18314,1.33165,-0.21532,0.45426,-0.64309,0.22593,-1.04485,0.1664,0.82029,0.82091,-6.93086,-1.29861,4.11534,14.55506,-2.1081,-0.46472,-2.1202
8.26,-0.48013,0.01021,0.01424,-1.60603,0,-0.36541,1.10734,-0.7023,-1.34403,-0.51444,1.36785,0.70137,0.67675,0.18916,1.55785,-1.26022,1.18636,0.02964,0.27468,-0.22895,-1.36311,-1.69847,-0.36787,0.0067,1.25821,-0.3621,0.156,-0.37104,0.176,-0.74254,-0.12621,0.04184,0.69126,-6.94028,-0.75316,3.5302,13.79853,-1.92409,-0.89921,-3.25407
8.28,-0.44094,0.0008,-0.0541,-1.20961,0,-0.5267,1.23095,-0.82435,-1.51143,-0.75488,1.53753,0.84008,0.41439,0.289,1.17051,-1.14959,1.23645,-0.06592,0.25134,-0.07335,-1.52056,-1.16746,-0.26049,0.13212,1.169,-0.49637,-0.06786,-0.12476,0.17602,-0.51945,-0.43496,-0.84485,0.53707,-6.72121,-0.24693,2.89967,12.52278,-1.69652,-1.24635,-4.12185
8.3,-0.4002,-0.00624,-0.10625,-0.85077,0,-0.64686,1.3101,-0.93301,-1.58363,-0.9737,1.61328,0.94187,0.1012,0.4402,0.70703,-1.04905,1.26472,-0.14824,0.22715,0.0936,-1.58804,-0.55033,-0.14146,0.19399,1.05432,-0.60388,-0.21798,0.07834,0.1832,-0.37321,-0.74084,-1.76708,0.39785,-6.30618,0.19848,2.2291,10.83142,-1.44284,-1.4871,-4.69344
8.32,-0.35967,-0.00969,-0.14183,-0.53939,0,-0.71945,1.3464,-1.02689,-1.56,-1.16267,1.59705,1.00007,-0.24465,0.62927,0.18663,-0.96242,1.26203,-0.2123,0.20224,0.25679,-1.56466,0.11755,-0.00922,0.19577,0.90584,-0.67312,-0.29953,0.22718,0.17483,-0.29577,-1.02204,-2.63579,0.29201,-5.73521,0.56791,1.51717,8.8522,-1.18041,-1.61638,-4.97604
8.34,-0.32072,-0.00891,-0.16127,-0.27931,0,-0.7429,1.34216,-1.10443,-1.44775,-1.3132,1.49945,1.01117,-0.604,0.83704,-0.3686,-0.88816,1.22239,-0.25727,0.17602,0.40134,-1.45713,0.79178,0.13637,0.14427,0.71835,-0.69668,-0.32108,0.3176,0.14692,-0.27527,-1.25654,-3.35762,0.21878,-5.05182,0.85311,0.7603,6.72467,-0.925,-1.64202,-5.00852
8.36,-0.28424,-0.0039,-0.16562,-0.06879,0,-0.72036,1.30008,-1.16383,-1.26093,-1.41711,1.33805,0.97528,-0.95821,1.04079,-0.9356,-0.82011,1.14319,-0.28602,0.14739,0.51441,-1.27907,1.42393,0.29329,0.04976,0.49076,-0.67174,-0.29339,0.35159,0.10515,-0.29761,-1.42519,-3.85031,0.1676,-4.29915,1.05238,-0.04131,4.58644,-0.68946,-1.58143,-4.84963
8.38,-0.25072,0.00482,-0.15639,0.09851,0,-0.65896,1.2231,-1.20315,-1.01879,-1.46786,1.13484,0.89646,-1.29031,1.21688,-1.49232,-0.74903,1.02493,-0.30399,0.11506,0.58693,-1.04966,1.96757,0.45684,-0.07432,0.22638,-0.5999,-0.22854,0.33585,0.05295,-0.3476,-1.51477,-4.05822,0.13052,-3.51666,1.16965,-0.87754,2.56024,-0.4827,-1.45716,-4.56354
8.4,-0.22027,0.01624,-0.1354,0.23209,0,-0.56871,1.11435,-1.22063,-0.74396,-1.46177,0.91363,0.78276,-1.58578,1.34335,-2.01933,-0.66462,0.87064,-0.31781,0.07787,0.61505,-0.79201,2.38406,0.61967,-0.21219,-0.06716,-0.4865,-0.13907,0.28008,-0.01811,-0.40989,-1.52022,-3.96351,0.11212,-2.73791,1.2132,-1.72423,0.74369,-0.30902,-1.29252,-4.20697
8.42,-0.19273,0.02909,-0.10465,0.34308,0,-0.46129,0.97723,-1.21509,-0.46037,-1.39901,0.69763,0.64572,-1.83276,1.40204,-2.50086,-0.55764,0.6852,-0.33398,0.03505,0.60069,-0.53118,2.64717,0.77215,-0.34698,-0.37832,-0.33975,-0.03737,0.19543,-0.13106,-0.4697,-1.44553,-3.58956,0.13257,-1.98932,1.19448,-2.54283,-0.79664,-0.16811,-1.10827,-3.82109
8.44,-0.16775,0.0419,-0.06623,0.44272,0,-0.34866,0.81552,-1.18636,-0.19121,-1.28418,0.50746,0.49949,-2.02198,1.38018,-2.92518,-0.42206,0.47462,-0.35779,-0.01364,0.55139,-0.2921,2.74581,0.90335,-0.46215,-0.69241,-0.16973,0.06488,0.09344,-0.31769,-0.51343,-1.30283,-2.9953,0.22198,-1.28993,1.1269,-3.2845,-2.02648,-0.05555,-0.92074,-3.42936
8.46,-0.14484,0.05325,-0.0222,0.54095,0,-0.24181,0.63343,-1.13566,0.04305,-1.12628,0.35959,0.35951,-2.1464,1.2713,-3.28461,-0.25679,0.24544,-0.39258,-0.0678,0.47921,-0.09743,2.68486,1.00226,-0.54319,-0.99244,0.0126,0.15719,-0.01468,-0.60598,-0.52925,-1.11014,-2.26197,0.4079,-0.65184,1.02488,-3.89786,-2.94122,0.0362,-0.74144,-3.0409
8.48,-0.12346,0.06189,0.02544,0.64535,0,-0.1496,0.43565,-1.06584,0.22636,-0.93842,0.26531,0.24097,-2.201,1.07555,-3.57516,-0.06699,0.0043,-0.43942,-0.12652,0.39919,0.03437,2.48453,1.05931,-0.5792,-1.26033,0.19638,0.23071,-0.11838,-1.00526,-0.50771,-0.88843,-1.4765,0.7005,-0.0813,0.90291,-4.33851,-3.56058,0.11641,-0.57759,-2.65696
8.5,-0.10307,0.06686,0.0748,0.76037,0,-0.078,0.22734,-0.98154,0.34836,-0.7369,0.2303,0.15746,-2.18264,0.79964,-3.79615,0.13559,-0.24222,-0.49704,-0.18837,0.32753,0.09041,2.17833,1.0677,-0.5642,-1.47818,0.3716,0.27863,-0.20806,-1.49481,-0.44235,-0.65853,-0.71587,1.08099,0.41994,0.77485,-4.57759,-3.9219,0.19471,-0.43326,-2.27771
8.52,-0.0832,0.06761,0.12413,0.88696,0,-0.02974,0.01405,-0.88897,0.40486,-0.54003,0.25459,0.11979,-2.09042,0.45615,-3.94961,0.33319,-0.48743,-0.56218,-0.25158,0.27971,0.06421,1.80977,1.02449,-0.49777,-1.62967,0.52971,0.29657,-0.27545,-2.02049,-0.33024,-0.43875,-0.0364,1.49813,0.85322,0.65307,-4.60723,-4.07304,0.2795,-0.31037,-1.90677
8.54,-0.06348,0.064,0.17186,1.02269,0,-0.00445,-0.19856,-0.79538,0.39772,-0.36634,0.33312,0.13527,-1.92608,0.06229,-4.03967,0.504,-0.72414,-0.63013,-0.31411,0.26877,-0.04438,1.42801,0.93103,-0.38506,-1.7016,0.66401,0.28283,-0.31406,-2.50158,-0.17245,-0.24324,0.53056,1.8747,1.22156,0.54759,-4.44156,-4.06557,0.37674,-0.20934,-1.55222
8.56,-0.04368,0.05632,0.2166,1.16221,0,0.00089,-0.4051,-0.70828,0.33397,-0.23263,0.45663,0.20724,-1.69473,-0.36171,-4.07189,0.62488,-0.94391,-0.69561,-0.37378,0.3038,-0.22981,1.08265,0.79299,-0.23618,-1.68539,0.76994,0.23859,-0.31987,-2.84612,0.02574,-0.08126,0.9768,2.12247,1.52862,0.46523,-4.1138,-3.94891,0.48891,-0.12936,-1.22443
8.58,-0.02377,0.04521,0.25723,1.29802,0,-0.00883,-0.60085,-0.63447,0.22467,-0.15206,0.61277,0.33495,-1.40546,-0.79445,-4.05279,0.67474,-1.1363,-0.75375,-0.42839,0.38887,-0.48188,0.81842,0.61991,-0.06521,-1.57852,0.84517,0.16799,-0.2919,-2.97031,0.25486,0.0428,1.31133,2.16124,1.77796,0.40896,-3.67066,-3.76579,0.61437,-0.06842,-0.93213
8.6,-0.00385,0.03164,0.29286,1.42145,0,-0.02773,-0.78213,-0.57926,0.08341,-0.13263,0.78726,0.51364,-1.07172,-1.21511,-3.98939,0.63772,-1.28787,-0.80114,-0.47577,0.52241,-0.78699,0.67037,0.4244,0.11097,-1.38558,0.8896,0.0779,-0.23259,-2.81643,0.50158,0.12888,1.55301,1.93634,1.97265,0.37764,-3.16553,-3.54954,0.74739,-0.02329,-0.6788
8.62,0.01578,0.01678,0.32294,1.52359,0,-0.04972,-0.94643,-0.54578,-0.07518,-0.17648,0.96507,0.73482,-0.71099,-1.60502,-3.88876,0.50582,-1.38125,-0.83679,-0.5139,0.69745,-1.12945,0.66015,0.22098,0.27384,-1.11859,0.90514,-0.02255,-0.14764,-2.36433,0.74964,0.18023,1.72359,1.42992,2.11522,0.36648,-2.65169,-3.32307,0.87879,0.01025,-0.46093
8.64,0.03475,0.00191,0.34717,1.59622,0,-0.0693,-1.09241,-0.53461,-0.23695,-0.27988,1.13149,0.98674,-0.34364,-1.94885,-3.75733,0.28048,-1.39437,-0.86296,-0.54083,0.90239,-1.4926,0.79355,0.02455,0.40446,-0.79652,0.89528,-0.12287,-0.04536,-1.63419,0.98127,0.20225,1.84269,0.66364,2.20778,0.36801,-2.17606,-3.09956,0.99729,0.03692,-0.26881
8.66,0.05257,-0.01174,0.3655,1.63264,0,-0.08216,-1.21968,-0.54372,-0.38956,-0.43412,1.27309,1.25503,0.00885,-2.23561,-3.60016,-0.02676,-1.29998,-0.8857,-0.55475,1.12246,-1.85993,1.05956,-0.15119,0.48472,-0.44387,0.86459,-0.21236,0.06447,-0.68126,1.17906,0.20119,1.92485,-0.30652,2.25248,0.37365,-1.77432,-2.88429,1.09141,0.0612,-0.08962
8.68,0.06879,-0.02305,0.37815,1.62832,0,-0.08561,-1.32857,-0.56852,-0.52363,-0.62667,1.37863,1.52348,0.32597,-2.45922,-3.42039,-0.39459,-1.06583,-0.91513,-0.55392,1.3414,-2.21599,1.43084,-0.29536,0.49874,-0.08877,0.81819,-0.2813,0.17189,0.41439,1.32792,0.18306,1.97854,-1.40037,2.25197,0.37535,-1.46754,-2.67739,1.15143,0.08655,0.08844
8.7,0.08302,-0.03117,0.38553,1.5813,0,-0.07882,-1.41991,-0.60228,-0.63333,-0.84246,1.43974,1.77489,0.59005,-2.61879,-3.21889,-0.79316,-0.65576,-0.9652,-0.53665,1.54308,-2.54692,1.86563,-0.40105,0.4345,0.23932,0.76129,-0.32207,0.26792,1.55952,1.41683,0.15273,2.00623,-2.52503,2.20994,0.36705,-1.26097,-2.47648,1.17113,0.11481,0.2724
8.72,0.09495,-0.03557,0.3882,1.4922,0,-0.06273,-1.49475,-0.63664,-0.71648,-1.06506,1.45139,1.99197,0.78744,-2.71826,-2.99418,-1.18616,-0.03196,-1.0529,-0.50127,1.71269,-2.84077,2.31134,-0.46588,0.28567,0.51211,0.69887,-0.32988,0.34528,2.65791,1.44,0.11352,2.00501,-3.58489,2.1313,0.34548,-1.14512,-2.27898,1.14878,0.14591,0.46248
8.74,0.10438,-0.03606,0.38688,1.36376,0,-0.03979,-1.55421,-0.6622,-0.77397,-1.27754,1.4121,2.1583,0.90915,-2.7655,-2.74267,-1.53383,0.8417,-1.19671,-0.44611,1.8375,-3.08725,2.70956,-0.49181,0.05342,0.70504,0.63553,-0.30311,0.39869,3.61785,1.39722,0.06719,1.96742,-4.4889,2.02208,0.31029,-1.09895,-2.08338,1.08724,0.17814,0.65233
8.76,0.11118,-0.0328,0.3823,1.20004,0,-0.01345,-1.59936,-0.6694,-0.80877,-1.46309,1.32414,2.25949,0.95071,-2.77098,-2.45904,-1.79661,1.99506,-1.41448,-0.36943,1.90721,-3.27742,3.00224,-0.48434,-0.25193,0.79979,0.5753,-0.24319,0.4247,4.35693,1.29351,0.01433,1.88242,-5.15518,1.88896,0.26349,-1.09463,-1.88979,0.99326,0.20872,0.8313
8.78,0.11532,-0.02626,0.37522,1.00567,0,0.01247,-1.63115,-0.64932,-0.82471,-1.60567,1.19384,2.28463,0.91197,-2.74633,-2.13702,-1.93914,3.44632,-1.72088,-0.26947,1.91414,-3.40342,3.13829,-0.45139,-0.61014,0.78647,0.52159,-0.15423,0.42137,4.80546,1.13838,-0.0451,1.73674,-5.5143,1.73882,0.20858,-1.10287,-1.69987,0.87626,0.23458,0.98786
8.8,0.11682,-0.01714,0.36632,0.78508,0,0.03431,-1.65049,-0.59456,-0.82546,-1.69064,1.03221,2.22789,0.79678,-2.70301,-1.77038,-1.93413,5.19616,-2.12464,-0.14455,1.85337,-3.4583,3.07964,-0.40204,-0.9915,0.66514,0.47702,-0.0425,0.38794,4.9098,0.94469,-0.111,1.51696,-5.51258,1.57823,0.14949,-1.09774,-1.51643,0.74697,0.25318,1.11286
8.82,0.11574,-0.00633,0.35626,0.54219,0,0.04912,-1.65818,-0.50009,-0.8136,-1.70553,0.85475,2.09035,0.61297,-2.65116,-1.35409,-1.76546,7.22197,-2.62586,0.00673,1.72299,-3.4362,2.80573,-0.34536,-1.35931,0.44623,0.44314,0.08429,0.32474,4.63653,0.72749,-0.18264,1.21244,-5.11637,1.41313,0.08982,-1.06001,-1.34295,0.61603,0.26301,1.20181
8.84,0.11219,0.00522,0.34556,0.28035,0,0.05493,-1.65496,-0.36385,-0.79027,-1.64098,0.67828,1.88185,0.37255,-2.59865,-0.88536,-1.43036,9.47279,-3.21365,0.18514,1.52441,-3.3326,2.31595,-0.28946,-1.67418,0.14989,0.42003,0.21762,0.23326,3.97764,0.50259,-0.25816,0.81885,-4.31739,1.24861,0.03229,-0.97861,-1.18304,0.4928,0.26383,1.25541
8.86,0.10636,0.01659,0.33463,0.0026,0,0.05092,-1.64132,-0.1873,-0.75513,-1.49171,0.51624,1.62197,0.09192,-2.55044,-0.3647,-0.94045,11.86575,-3.86435,0.39038,1.26268,-3.14486,1.63,-0.24077,-1.89974,-0.19596,0.40587,0.34899,0.11649,2.95607,0.28533,-0.33443,0.34187,-3.13848,1.08882,-0.02144,-0.85037,-1.03999,0.38441,0.25654,1.27872
8.88,0.09848,0.02699,0.32377,-0.28783,0,0.0375,-1.61751,0.02438,-0.70666,-1.25754,0.37619,1.33755,-0.208,-2.50821,0.2032,-0.3217,14.28483,-4.5409,0.62049,0.9468,-2.87301,0.78627,-0.2036,-2.00864,-0.55834,0.39672,0.47051,-0.0207,1.62989,0.08928,-0.40716,-0.20001,-1.63817,0.93703,-0.07069,-0.67866,-0.91638,0.29516,0.24296,1.27928
8.9,0.0889,0.03585,0.31312,-0.58697,0,0.01619,-1.58358,0.26226,-0.6427,-0.9441,0.26039,1.0555,-0.5024,-2.47024,0.80882,0.38681,16.58247,-5.19341,0.87106,0.58972,-2.52038,-0.16135,-0.17999,-1.98708,-0.90242,0.38662,0.57546,-0.17142,0.09286,-0.07465,-0.4712,-0.77449,0.08844,0.79572,-0.11559,-0.47153,-0.81383,0.22625,0.22539,1.26509
8.92,0.07805,0.04281,0.30275,-0.8895,0,-0.01062,-1.53933,0.51415,-0.56115,-0.5629,0.1672,0.79554,-0.76402,-2.43151,1.43751,1.13558,18.58491,-5.76165,1.13438,0.20786,-2.09415,-1.14858,-0.16979,-1.83695,-1.19503,0.36835,0.65867,-0.32686,-1.53092,-0.19877,-0.52119,-1.33753,1.91459,0.66672,-0.1567,-0.23986,-0.73282,0.17591,0.20623,1.24276
8.94,0.06642,0.04775,0.29256,-1.18841,0,-0.03991,-1.48445,0.76544,-0.46057,-0.13071,0.09222,0.56771,-0.9657,-2.38394,2.06974,1.8688,20.10174,-6.17921,1.39857,-0.18,-1.60526,-2.10728,-0.17099,-1.57469,-1.40817,0.33462,0.71661,-0.47696,-3.099,-0.27883,-0.55229,-1.83853,3.69354,0.55127,-0.19473,0.00409,-0.67245,0.13991,0.18773,1.21643
8.96,0.05453,0.05073,0.28236,-1.47485,0,-0.06842,-1.41852,1.00039,-0.3408,0.33182,0.0293,0.3739,-1.08377,-2.31676,2.68194,2.52966,20.94011,-6.37963,1.64714,-0.55441,-1.06797,-2.97296,-0.18018,-1.22761,-1.52227,0.27967,0.74743,-0.61138,-4.46794,-0.31394,-0.56108,-2.22791,5.27566,0.44996,-0.23029,0.24784,-0.63041,0.11237,0.17168,1.18724
8.98,0.04287,0.05192,0.27185,-1.7383,0,-0.09306,-1.34109,1.20358,-0.2033,0.80183,-0.0287,0.21011,-1.10157,-2.21722,3.24788,3.06601,20.92318,-6.30368,1.85915,-0.8971,-0.4991,-3.69204,-0.19315,-0.82875,-1.5287,0.20089,0.75082,-0.72074,-5.51244,-0.30626,-0.54632,-2.46558,6.52757,0.36269,-0.26364,0.47945,-0.60284,0.08666,0.1593,1.15357
9,0.03187,0.05154,0.26062,-1.96702,0,-0.11121,-1.25186,1.36143,-0.05136,1.25608,-0.08926,0.06843,-1.01237,-2.0716,3.74047,3.43546,19.91134,-5.90713,2.01054,-1.19271,0.0829,-4.22736,-0.20547,-0.41169,-1.43108,0.09984,0.7279,-0.79766,-6.14224,-0.26058,-0.50942,-2.52789,7.34927,0.28864,-0.29459,0.68805,-0.58453,0.05639,0.15112,1.1116
9.02,0.02184,0.04984,0.2482,-2.14882,0,-0.121,-1.15066,1.46336,0.11006,1.67253,-0.15953,-0.06129,-0.82085,-1.8666,4.13372,3.60919,17.82383,-5.16785,2.07661,-1.42996,0.65886,-4.56077,-0.21293,-0.00646,-1.2447,-0.01753,0.68097,-0.8376,-6.31281,-0.18385,-0.45442,-2.41152,7.68538,0.22631,-0.3225,0.86432,-0.56913,0.0162,0.1469,1.0562
9.04,0.01293,0.04702,0.2341,-2.27194,0,-0.12151,-1.03748,1.50277,0.27484,2.03169,-0.24574,-0.18993,-0.54285,-1.5908,4.40493,3.57383,14.65807,-4.09118,2.03587,-1.60223,1.21001,-4.69237,-0.21194,0.36302,-0.994,-0.14183,0.61332,-0.83911,-6.02832,-0.08455,-0.38735,-2.13327,7.529,0.17351,-0.34626,1.00086,-0.54969,-0.03757,0.14563,0.98178
9.06,0.00517,0.04326,0.21785,-2.32626,0,-0.11277,-0.91238,1.47745,0.43647,2.31764,-0.35242,-0.32776,-0.20351,-1.23651,4.5368,3.33178,10.5046,-2.7133,1.87443,-1.70752,1.71907,-4.63714,-0.19981,0.67994,-0.70859,-0.26192,0.52895,-0.80374,-5.33734,0.02784,-0.31518,-1.72635,6.9185,0.12761,-0.3645,1.09267,-0.51928,-0.10645,0.14554,0.88327
9.08,-0.0016,0.03871,0.19903,-2.30447,0,-0.09577,-0.77542,1.38985,0.58886,2.51878,-0.48151,-0.48311,0.1658,-0.80142,4.51952,2.90037,5.55443,-1.10172,1.5902,-1.74798,2.17124,-4.42013,-0.17491,0.93441,-0.41858,-0.36708,0.43235,-0.73562,-4.32357,0.14344,-0.24456,-1.23443,5.92954,0.08568,-0.37572,1.13749,-0.47173,-0.18962,0.1442,0.75695
9.1,-0.00768,0.03349,0.17735,-2.20312,0,-0.07229,-0.62675,1.24687,0.727,2.6283,-0.63133,-0.6609,0.53104,-0.29018,4.35213,2.30993,0.09447,0.64775,1.19553,-1.72917,2.55483,-4.07185,-0.13675,1.1225,-0.15048,-0.44896,0.32829,-0.6409,-3.09393,0.25255,-0.18076,-0.70519,4.66422,0.04483,-0.37852,1.13602,-0.40247,-0.28391,0.13876,0.60122
9.12,-0.01344,0.02777,0.1527,-2.02326,0,-0.04474,-0.46664,1.05925,0.84729,2.64409,-0.79521,-0.8611,0.85916,0.28465,4.04295,1.60112,-5.51296,2.4185,0.71726,-1.65904,2.86151,-3.62453,-0.08599,1.24502,0.07584,-0.50286,0.22165,-0.52703,-1.76573,0.34608,-0.12695,-0.18437,3.23892,0.00253,-0.37177,1.09169,-0.3092,-0.38404,0.12636,0.41711
9.14,-0.01931,0.02168,0.12517,-1.77042,0,-0.01581,-0.29574,0.8404,0.94739,2.56823,-0.96078,-1.0769,1.12157,0.90246,3.60856,0.8214,-10.86779,4.08519,0.1937,-1.54675,3.08584,-3.10978,-0.02433,1.30626,0.24842,-0.52816,0.11724,-0.40202,-0.45408,0.41603,-0.08403,0.28871,1.77188,-0.04294,-0.35475,1.01006,-0.19242,-0.48307,0.10461,0.20861
9.16,-0.02567,0.0154,0.09506,-1.4542,0,0.01183,-0.11521,0.60502,1.02587,2.40623,-1.11148,-1.29361,1.29711,1.5353,3.07192,0.02102,-15.58222,5.52909,-0.33091,-1.40149,3.22471,-2.55764,0.04566,1.31284,0.36319,-0.52782,0.01958,-0.27375,0.73948,0.4559,-0.05087,0.68424,0.37143,-0.09214,-0.32723,0.89795,-0.05576,-0.57305,0.07221,-0.01743
9.18,-0.0328,0.0091,0.06293,-1.08747,0,0.03592,0.07298,0.36751,1.08164,2.16612,-1.23064,-1.49046,1.37431,2.14938,2.45988,-0.75108,-19.33336,6.65368,-0.813,-1.23145,3.2766,-1.99675,0.1208,1.27285,0.42271,-0.50748,-0.06727,-0.14928,1.73608,0.46107,-0.02494,0.98346,-0.87374,-0.14423,-0.28955,0.7624,0.09403,-0.64586,0.02941,-0.25158
9.2,-0.04083,0.00298,0.02951,-0.68551,0,0.05485,0.266,0.14071,1.11361,1.85782,-1.30504,-1.64549,1.35254,2.70728,1.80101,-1.45085,-21.9064,7.3973,-1.21584,-1.04323,3.24133,-1.45488,0.19754,1.19518,0.43448,-0.47421,-0.13996,-0.03442,2.4853,0.4292,-0.003,1.17889,-1.90122,-0.19684,-0.24265,0.60991,0.24738,-0.69401,-0.02172,-0.4824
9.22,-0.0497,-0.00279,-0.00427,-0.26513,0,0.06784,0.46004,-0.0651,1.1205,1.4927,-1.32608,-1.74008,1.24174,3.17071,1.12364,-2.0419,-23.21777,7.73953,-1.51376,-0.8417,3.11997,-0.95928,0.27232,1.08893,0.40898,-0.43541,-0.19602,0.0665,2.96673,0.3604,0.01821,1.2733,-2.67731,-0.2463,-0.18805,0.44598,0.39273,-0.71149,-0.07734,-0.69728
9.24,-0.05918,-0.00803,-0.03736,0.1563,0,0.07493,0.65051,-0.24265,1.10098,1.08322,-1.28947,-1.76057,1.06052,3.50377,0.45457,-2.49736,-23.31395,7.70015,-1.694,-0.63029,2.91532,-0.53635,0.34187,0.96292,0.35789,-0.39778,-0.23402,0.15066,3.18737,0.25741,0.04144,1.27772,-3.19543,-0.2881,-0.12781,0.27497,0.51766,-0.69438,-0.13237,-0.88359
9.26,-0.0689,-0.01261,-0.0687,0.56178,0,0.07687,0.83231,-0.38779,1.05417,0.64296,-1.1949,-1.69862,0.83327,3.67667,-0.18188,-2.80092,-22.34937,7.33193,-1.75618,-0.41171,2.63258,-0.21039,0.40357,0.82518,0.29252,-0.36672,-0.25373,0.21662,3.17581,0.12551,0.06854,1.20873,-3.47116,-0.31761,-0.06439,0.10037,0.61047,-0.6414,-0.18132,-1.02987
9.28,-0.07842,-0.0164,-0.09727,0.93562,0,0.07496,1.00026,-0.49922,0.98021,0.1866,-1.04598,-1.55161,0.58652,3.66933,-0.76425,-2.94717,-20.55182,6.70961,-1.71028,-0.18886,2.28038,-0.00161,0.45569,0.68261,0.22266,-0.34582,-0.25622,0.26403,2.97482,-0.02765,0.10028,1.08576,-3.53574,-0.33092,-0.00058,-0.0748,0.66172,-0.55424,-0.21922,-1.12722
9.3,-0.08728,-0.01934,-0.12219,1.26419,0,0.07076,1.14952,-0.57805,0.88089,-0.26979,-0.85026,-1.3235,0.34567,3.47467,-1.27402,-2.94133,-18.18463,5.9181,-1.5738,0.03417,1.8717,0.07636,0.49754,0.5408,0.15589,-0.33673,-0.24386,0.29339,2.63393,-0.1924,0.13633,0.92847,-3.42922,-0.32549,0.06069,-0.2475,0.66562,-0.43762,-0.24245,-1.17024
9.32,-0.09507,-0.0214,-0.1428,1.53641,0,0.06595,1.27596,-0.62716,0.75998,-0.70857,-0.6192,-1.02532,0.13228,3.10053,-1.69542,-2.79821,-15.51215,5.04181,-1.36882,0.25131,1.42435,0.01915,0.52939,0.40406,0.09727,-0.3392,-0.22018,0.3058,2.2032,-0.35759,0.17533,0.75489,-3.19453,-0.30069,0.1165,-0.41434,0.62081,-0.29893,-0.24924,-1.15762
9.34,-0.1015,-0.0226,-0.15864,1.74416,0,0.06203,1.37638,-0.65048,0.62335,-1.11054,-0.36775,-0.67536,-0.03766,2.57013,-2.01515,-2.54033,-12.77247,4.15625,-1.11933,0.45403,0.96079,-0.16576,0.5521,0.27564,0.0495,-0.3512,-0.1896,0.30271,1.72866,-0.51137,0.21515,0.58014,-2.8729,-0.2579,0.16407,-0.5714,0.53052,-0.14752,-0.23978,-1.09205
9.36,-0.10638,-0.023,-0.16948,1.88242,0,0.0602,1.44867,-0.65228,0.47856,-1.45527,-0.11374,-0.2985,-0.15447,1.92092,-2.22224,-2.19555,-10.15882,3.32233,-0.8489,0.63133,0.5071,-0.45693,0.5667,0.15802,0.0134,-0.36932,-0.15701,0.28579,1.24964,-0.64209,0.25318,0.41575,-2.50091,-0.20036,0.20092,-0.71436,0.40202,0.00632,-0.21589,-0.97967
9.38,-0.10968,-0.02272,-0.17533,1.9494,0,0.06125,1.4919,-0.63656,0.33437,-1.72189,0.12323,0.07504,-0.21471,1.20211,-2.3081,-1.79454,-7.80969,2.58335,-0.57902,0.77021,0.09138,-0.81781,0.57379,0.05339,-0.01154,-0.3891,-0.1273,0.25681,0.7975,-0.73935,0.28665,0.26963,-2.10901,-0.13269,0.2251,-0.83877,0.24573,0.15263,-0.18055,-0.82923
9.4,-0.11156,-0.02189,-0.17636,1.9466,0,0.06542,1.50635,-0.60662,0.20003,-1.89044,0.32313,0.41177,-0.22046,0.47107,-2.26698,-1.36831,-5.80687,1.96433,-0.32786,0.85681,-0.25847,-1.19722,0.57312,-0.03604,-0.02643,-0.4055,-0.10491,0.21763,0.39556,-0.79489,0.31302,0.14628,-1.72105,-0.06044,0.23528,-0.94039,0.07405,0.28276,-0.1373,-0.65116
9.42,-0.11227,-0.0207,-0.17291,1.87862,0,0.07249,1.49344,-0.56483,0.08458,-1.94368,0.46716,0.67775,-0.17804,-0.21136,-2.09664,-0.94607,-4.17995,1.47344,-0.1096,0.87792,-0.51734,-1.53191,0.56319,-0.10773,-0.03244,-0.41334,-0.09348,0.17011,0.05967,-0.80326,0.33018,0.04736,-1.35465,0.01061,0.23088,-1.01562,-0.1,0.39023,-0.08975,-0.45666
9.44,-0.1122,-0.0193,-0.16544,1.75277,0,0.08177,1.45551,-0.51264,-0.00396,-1.86926,0.53971,0.84219,-0.09639,-0.78657,-1.79922,-0.55337,-2.91572,1.10467,0.06596,0.82307,-0.66578,-1.75184,0.54125,-0.15874,-0.03037,-0.40765,-0.09555,0.11613,-0.20097,-0.76213,0.33669,-0.02778,-1.02182,0.07508,0.21214,-1.06175,-0.26404,0.47121,-0.04115,-0.25691
9.46,-0.11179,-0.01786,-0.15442,1.57851,0,0.09224,1.39554,-0.45073,-0.05927,-1.66211,0.53029,0.88138,0.01467,-1.20436,-1.38216,-0.21053,-1.97046,0.84161,0.19342,0.68672,-0.69286,-1.78753,0.50343,-0.18581,-0.02044,-0.38419,-0.11242,0.05748,-0.38291,-0.67247,0.33185,-0.08137,-0.72976,0.12857,0.1801,-1.07724,-0.40762,0.52458,0.00577,-0.06236
9.48,-0.11148,-0.01654,-0.14037,1.36687,0,0.10269,1.31689,-0.37939,-0.07739,-1.32663,0.43537,0.78249,0.14594,-1.42876,-0.85922,0.06841,-1.28296,0.66131,0.2717,0.47035,-0.59843,-1.57918,0.4453,-0.18566,-0.0023,-0.33981,-0.14399,-0.00413,-0.48755,-0.53844,0.31582,-0.1167,-0.48172,0.1682,0.13656,-1.06195,-0.52327,0.55189,0.04899,0.11787
9.5,-0.11168,-0.01544,-0.12374,1.12978,0,0.11187,1.22297,-0.29879,-0.05716,-0.87799,0.25947,0.54625,0.28981,-1.44237,-0.25112,0.27631,-0.78634,0.53796,0.30357,0.18367,-0.3942,-1.08621,0.36274,-0.15554,0.02477,-0.27295,-0.18874,-0.06712,-0.5203,-0.36731,0.2896,-0.13757,-0.2779,0.19297,0.08402,-1.01732,-0.60716,0.55697,0.08715,0.27636
9.52,-0.11269,-0.01464,-0.10494,0.87952,0,0.11863,1.11701,-0.20942,-0.00035,-0.34211,0.0152,0.18795,0.44046,-1.24821,0.41438,0.4128,-0.41717,0.44587,0.29504,-0.15528,-0.10302,-0.29603,0.25304,-0.09378,0.06139,-0.18401,-0.24372,-0.13007,-0.48963,-0.16927,0.25511,-0.14781,-0.11637,0.20382,0.02547,-0.94644,-0.6594,0.54548,0.11952,0.40776
9.54,-0.1147,-0.01418,-0.08428,0.628,0,0.12202,1.00178,-0.11227,0.08846,0.24618,-0.27786,-0.26376,0.5933,-0.86876,1.10327,0.48365,-0.12095,0.3615,0.25448,-0.52162,0.24387,0.76893,0.11622,-0.00054,0.10752,-0.07571,-0.3045,-0.19167,-0.40601,0.0428,0.21506,-0.15095,0.00608,0.20347,-0.03574,-0.85402,-0.68364,0.52429,0.14594,0.50888
9.56,-0.11773,-0.01412,-0.06199,0.38609,0,0.12138,0.87934,-0.009,0.2023,0.84638,-0.59539,-0.76995,0.74377,-0.34241,1.77705,0.49952,0.14542,0.26472,0.19161,-0.88624,0.61105,2.04746,-0.04376,0.12154,0.16182,0.04673,-0.36525,-0.25071,-0.28089,0.2536,0.17294,-0.14991,0.09307,0.19601,-0.09627,-0.74616,-0.68638,0.50079,0.16671,0.57883
9.58,-0.12165,-0.01448,-0.03822,0.16303,0,0.11644,0.75086,0.09792,0.33239,1.41647,-0.9111,-1.28575,0.88605,0.28165,2.39528,0.47454,0.41357,0.13931,0.11647,-1.21935,0.96384,3.44003,-0.21819,0.26678,0.2212,0.1757,-0.41882,-0.30604,-0.12565,0.44576,0.13285,-0.14686,0.14799,0.18636,-0.15299,-0.63014,-0.67597,0.48216,0.18248,0.61891
9.6,-0.12619,-0.01532,-0.01303,-0.03397,0,0.10735,0.61664,0.20526,0.46883,1.91713,-1.19961,-1.76523,1.01202,0.94915,2.91861,0.42475,0.70453,-0.02676,0.03858,-1.49384,1.27255,4.81523,-0.39359,0.42631,0.28066,0.3016,-0.45681,-0.35651,0.04919,0.60017,0.09932,-0.1431,0.17337,0.17968,-0.20329,-0.51399,-0.66146,0.47475,0.19419,0.63242
9.62,-0.13091,-0.01671,0.01354,-0.19994,0,0.0947,0.47621,0.30897,0.60123,2.31548,-1.43886,-2.1661,1.11096,1.60636,3.31222,0.36649,1.02988,-0.24132,-0.03362,-1.68833,1.5155,6.0231,-0.5528,0.58835,0.33362,0.4138,-0.46982,-0.40091,0.23454,0.69638,0.07704,-0.13913,0.17053,0.18078,-0.24529,-0.40606,-0.65154,0.4835,0.20287,0.62428
9.64,-0.13525,-0.01876,0.04142,-0.33211,0,0.07955,0.3286,0.40424,0.71944,2.58784,-1.612,-2.45387,1.17006,2.20508,3.54932,0.31499,1.39246,-0.50799,-0.09312,-1.78919,1.68011,6.91526,-0.67726,0.73905,0.37283,0.50197,-0.44765,-0.43787,0.42304,0.71316,0.07053,-0.13474,0.13943,0.19362,-0.27793,-0.31434,-0.65355,0.51149,0.20958,0.60029
9.66,-0.13856,-0.02156,0.0705,-0.42966,0,0.06338,0.17265,0.48567,0.81417,2.72154,-1.70858,-2.60527,1.17581,2.70681,3.61454,0.28293,1.78673,-0.82613,-0.13444,-1.79172,1.76253,7.36896,-0.75006,0.86385,0.39154,0.55768,-0.37969,-0.4658,0.60907,0.62921,0.08372,-0.12927,0.07872,0.22091,-0.30102,-0.24575,-0.67266,0.55963,0.21521,0.56646
9.68,-0.14014,-0.02522,0.10053,-0.4935,0,0.04801,0.00745,0.54744,0.8777,2.71577,-1.72517,-2.61075,1.11598,3.08588,3.50684,0.27933,2.19908,-1.19063,-0.15372,-1.70038,1.76622,7.31036,-0.75919,0.94906,0.38485,0.57607,-0.25534,-0.48284,0.78872,0.42412,0.11947,-0.12181,-0.01386,0.26376,-0.31523,-0.20538,-0.7113,0.6264,0.22038,0.52818
9.7,-0.13928,-0.02983,0.13112,-0.52606,0,0.0355,-0.16733,0.58368,0.90454,2.58123,-1.66542,-2.47556,0.98175,3.33122,3.24127,0.3085,2.60835,-1.59155,-0.14889,-1.52807,1.70042,6.73077,-0.6999,0.98345,0.35073,0.55687,-0.06462,-0.4868,0.95945,0.07955,0.1792,-0.11147,-0.14088,0.3216,-0.32199,-0.19582,-0.7689,0.70791,0.22539,0.48967
9.72,-0.13531,-0.0354,0.16166,-0.53106,0,0.02797,-0.35106,0.58885,0.89205,2.33861,-1.53951,-2.21915,0.76965,3.44626,2.84887,0.36945,2.98732,-2.01368,-0.12003,-1.29452,1.57865,5.6907,-0.57576,0.95957,0.29042,0.50475,0.20122,-0.47526,1.11977,-0.41934,0.26255,-0.09753,-0.30432,0.39219,-0.32329,-0.21661,-0.84208,0.79806,0.2302,0.45376
9.74,-0.12764,-0.04188,0.19135,-0.51345,0,0.02737,-0.54204,0.55828,0.84086,2.01564,-1.36285,-1.87275,0.48307,3.4472,2.37428,0.45557,3.30489,-2.43604,-0.06987,-1.02355,1.41774,4.30955,-0.39778,0.87458,0.20814,0.42854,0.54896,-0.44553,1.2688,-1.08226,0.36719,-0.07961,-0.50437,0.47185,-0.3214,-0.26406,-0.92505,0.88892,0.23449,0.42185
9.76,-0.11578,-0.04913,0.21917,-0.47925,0,0.03519,-0.73733,0.48871,0.75518,1.64338,-1.15445,-1.47544,0.13301,3.35975,1.87151,0.55469,3.52922,-2.83169,-0.00435,-0.73986,1.2372,2.74362,-0.18211,0.73067,0.11013,0.33972,0.98262,-0.39482,1.40575,-1.91199,0.48875,-0.05773,-0.73829,0.5558,-0.31853,-0.33128,-1.01046,0.9713,0.23778,0.39428
9.78,-0.09946,-0.05687,0.2439,-0.43537,0,0.05217,-0.93291,0.37894,0.64279,1.25216,-0.93495,-1.06953,-0.26171,3.21539,1.39854,0.64959,3.63089,-3.16782,0.06705,-0.46573,1.0588,1.15856,0.05306,0.53505,0.00343,0.25047,1.50247,-0.32037,1.52946,-2.90241,0.62096,-0.0323,-0.99922,0.63863,-0.31646,-0.40861,-1.09023,1.03553,0.23956,0.37075
9.8,-0.07857,-0.06471,0.26419,-0.38915,0,0.07806,-1.1237,0.23032,0.51466,0.86821,-0.72477,-0.69603,-0.67506,3.04756,1.0116,0.71893,3.58551,-3.40646,0.13159,-0.21827,0.90598,-0.29679,0.29044,0.29953,-0.10537,0.17185,2.10397,-0.21967,1.63796,-4.03635,0.7558,-0.00412,-1.27539,0.71468,-0.31616,-0.48436,-1.15648,1.07222,0.23928,0.35064
9.82,-0.05332,-0.07212,0.27858,-0.34761,0,0.11135,-1.30376,0.04715,0.38405,0.5112,-0.54232,-0.3907,-1.07532,2.88819,0.75975,0.73869,3.37492,-3.50601,0.17421,-0.00777,0.80272,-1.50942,0.51589,0.03967,-0.21099,0.11233,2.77659,-0.09068,1.72794,-5.28353,0.88385,0.02563,-1.54988,0.77842,-0.31746,-0.54605,-1.20203,1.07303,0.23639,0.33328
9.84,-0.0242,-0.07845,0.2856,-0.31635,0,0.14924,-1.46638,-0.16329,0.26498,0.19307,-0.40248,-0.18102,-1.42749,2.76495,0.6801,0.68408,2.98692,-3.42343,0.17956,0.16273,0.77169,-2.41134,0.71942,-0.22645,-0.30989,0.07703,3.50264,0.0679,1.79443,-6.59891,0.99479,0.05546,-1.80109,0.82458,-0.31884,-0.58189,-1.22081,1.03139,0.23019,0.31783
9.86,0.00794,-0.08296,0.28378,-0.29822,0,0.18762,-1.60438,-0.39093,0.17041,-0.08191,-0.31537,-0.08405,-1.69658,2.69905,0.794,0.53178,2.41374,-3.11746,0.13454,0.29661,0.83184,-2.97943,0.89526,-0.47991,-0.40027,0.06759,4.25649,0.25635,1.83056,-7.9218,1.07799,0.08365,-2.00395,0.84832,-0.31729,-0.58258,-1.20786,0.94304,0.21967,0.30304
9.88,0.04193,-0.08485,0.27178,-0.29211,0,0.22131,-1.71039,-0.62344,0.11025,-0.31612,-0.28541,-0.1052,-1.85124,2.70376,1.10437,0.26233,1.65049,-2.55264,0.03129,0.40211,0.99575,-3.22868,1.04106,-0.70272,-0.48169,0.08239,5.00431,0.4736,1.82789,-9.17644,1.12335,0.10829,-2.13185,0.84528,-0.30838,-0.54288,-1.15929,0.80661,0.20338,0.28684
9.9,0.07625,-0.08335,0.24849,-0.29231,0,0.24441,-1.77736,-0.84698,0.08982,-0.51672,-0.31096,-0.2379,-1.86746,2.78356,1.59459,-0.13787,0.69445,-1.70383,-0.13021,0.49006,1.26736,-3.20197,1.15687,-0.87957,-0.55456,0.11723,5.70474,0.71686,1.77735,-10.27408,1.12212,0.12736,-2.15913,0.81173,-0.28657,-0.46277,-1.07222,0.62396,0.17947,0.26612
9.92,0.10914,-0.07782,0.21316,-0.2885,0,0.2509,-1.79907,-1.04721,0.10902,-0.69337,-0.38442,-0.46417,-1.73167,2.93383,2.22927,-0.67497,-0.454,-0.56091,-0.34035,0.57143,1.6405,-2.95919,1.24402,-0.99923,-0.61962,0.16598,6.31051,0.98117,1.67084,-11.11719,1.0678,0.13892,-2.06388,0.74468,-0.24584,-0.34781,-0.94478,0.40031,0.14588,0.23661
9.94,0.1387,-0.06778,0.16546,-0.26682,0,0.2354,-1.77072,-1.2105,0.16234,-0.85552,-0.49309,-0.75619,-1.44287,3.14097,2.95707,-1.34704,-1.78845,0.86697,-0.57935,0.65488,2.09851,-2.56735,1.30421,-1.05562,-0.67741,0.2213,6.77131,1.25903,1.50341,-11.60564,0.95698,0.14115,-1.8309,0.64208,-0.1805,-0.20845,-0.77616,0.14413,0.10076,0.19307
9.96,0.16303,-0.05308,0.10563,-0.21164,0,0.19402,-1.68954,-1.32538,0.23971,-1.00991,-0.62052,-1.07879,-1.01385,3.38303,3.71523,-2.14401,-3.29156,2.54763,-0.81801,0.74454,2.61499,-2.09251,1.33891,-1.04836,-0.72789,0.27539,7.03768,1.54011,1.27559,-11.64475,0.78984,0.13261,-1.45451,0.50305,-0.08626,-0.05858,-0.56684,-0.1334,0.04308,0.12973
9.98,0.18041,-0.03392,0.03451,-0.10786,0,0.12528,-1.55543,-1.38379,0.32789,-1.15844,-0.7483,-1.3928,-0.47126,3.63078,4.43516,-3.04811,-4.92838,4.42312,-1.01987,0.83854,3.15544,-1.59398,1.34915,-0.98297,-0.77025,0.32065,7.06573,1.81112,0.99528,-11.15486,0.57047,0.11245,-0.94101,0.3282,0.03874,0.08647,-0.31888,-0.41895,-0.02686,0.04101
10,0.18946,-0.01099,-0.04639,0.0566,0,0.03072,-1.37145,-1.38229,0.41217,-1.297,-0.85821,-1.65915,0.14557,3.84931,5.04837,-4.03442,-6.63858,6.4083,-1.14454,0.92845,3.67961,-1.12056,1.33545,-0.87034,-0.80288,0.35027,6.82204,2.05611,0.67836,-10.08076,0.30659,0.08076,-0.31014,0.11992,0.19302,0.21194,-0.03639,-0.69793,-0.10703,-0.07772
10.02,0.18925,0.01457,-0.13488,0.28868,0,-0.0847,-1.14409,-1.32258,0.47811,-1.41547,-0.93437,-1.84361,0.78734,4.00011,5.49178,-5.0714,-8.32869,8.39149,-1.15227,1.00003,4.14425,-0.70854,1.29806,-0.72574,-0.82346,0.35886,6.28771,2.25703,0.34745,-8.39961,0.00852,0.03891,0.40489,-0.11731,0.37132,0.30551,0.27402,-0.95535,-0.19362,-0.22926
10.04,0.17939,0.04119,-0.22822,0.58852,0,-0.21277,-0.88304,-1.21139,0.51311,-1.49915,-0.96551,-1.92224,1.39901,4.04353,5.71225,-6.12136,-9.86644,10.2381,-1.00933,1.03528,4.50614,-0.38127,1.23717,-0.5669,-0.82926,0.34293,5.46129,2.39473,0.0285,-6.12619,-0.31244,-0.01003,1.15931,-0.37679,0.56464,0.35857,0.60287,-1.1768,-0.28137,-0.41387
10.06,0.16004,0.06699,-0.3232,0.94857,0,-0.34256,-0.60066,-1.05982,0.50782,-1.53121,-0.94705,-1.88733,1.92519,3.94179,5.67001,-7.14096,-11.07994,11.79757,-0.69391,1.01558,4.7254,-0.1496,1.1532,-0.41187,-0.81747,0.30129,4.36017,2.45044,-0.25404,-3.31513,-0.64606,-0.06117,1.90048,-0.64965,0.76074,0.3671,0.93773,-1.34954,-0.36427,-0.6286
10.08,0.13185,0.0899,-0.41641,1.35343,0,-0.46138,-0.31112,-0.88217,0.45715,-1.49591,-0.88282,-1.75153,2.31593,3.66234,5.34102,-8.08206,-11.76567,12.91424,-0.20151,0.92526,4.76884,-0.01321,1.04709,-0.27657,-0.78563,0.23528,3.02078,2.40755,-0.48242,-0.06063,-0.98497,-0.10773,2.57302,-0.92511,0.9452,0.33192,1.26338,-1.46353,-0.43636,-0.86693
10.1,0.09592,0.10787,-0.50443,1.78062,0,-0.55596,-0.0293,-0.69449,0.36095,-1.38187,-0.7846,-1.54393,2.5318,3.18138,4.71782,-8.89283,-11.70852,13.44152,0.45103,0.75503,4.61307,0.03767,0.92047,-0.17283,-0.73203,0.14884,1.49734,2.25349,-0.64952,3.50679,-1.32556,-0.14159,3.12481,-1.19104,1.10269,0.25841,1.56254,-1.51223,-0.49261,-1.11872
10.12,0.05369,0.11904,-0.58412,2.20237,0,-0.61384,0.23041,-0.51296,0.22393,-1.18482,-0.66783,-1.29749,2.5474,2.48696,3.80861,-9.51903,-10.7156,13.25881,1.22415,0.50442,4.24685,0.02015,0.77582,-0.10708,-0.65602,0.04818,-0.14127,1.9815,-0.7603,7.22672,-1.66731,-0.15435,3.51322,-1.43482,1.21846,0.15565,1.81707,-1.4932,-0.52942,-1.37062
10.14,0.00679,0.12195,-0.65276,2.58831,0,-0.62477,0.45549,-0.35208,0.05511,-0.90929,-0.54554,-1.0371,2.35283,1.58141,2.6342,-9.90567,-8.66153,12.28964,2.05734,0.18303,3.67233,-0.04379,0.61629,-0.07994,-0.55805,-0.05892,-1.81664,1.59202,-0.83046,10.91902,-2.01069,-0.13885,3.71107,-1.64441,1.27993,0.03498,2.00969,-1.40808,-0.54499,-1.60689
10.16,-0.04309,0.11569,-0.70832,2.90894,0,-0.58212,0.63662,-0.22298,-0.13338,-0.56933,-0.4251,-0.77577,1.95329,0.48281,1.22379,-9.9992,-5.53767,10.51924,2.87396,-0.18971,2.90528,-0.12972,0.44545,-0.08661,-0.43974,-0.16407,-3.44746,1.09362,-0.88238,14.39699,-2.35394,-0.09103,3.71163,-1.80971,1.27824,-0.09176,2.12613,-1.26238,-0.53921,-1.81074
10.18,-0.09442,0.10008,-0.74963,3.13918,0,-0.48403,0.76883,-0.13199,-0.32775,-0.18796,-0.30839,-0.51608,1.36719,-0.77462,-0.38925,-9.75059,-1.4923,8.00786,3.58856,-0.58601,1.97446,-0.21324,0.26694,-0.1179,-0.30378,-0.25929,-4.95675,0.50349,-0.93977,17.48185,-2.68985,-0.01166,3.53169,-1.92382,1.20967,-0.21396,2.15724,-1.06492,-0.5135,-1.96589
10.2,-0.14583,0.07572,-0.77651,3.26154,0,-0.33421,0.85214,-0.07981,-0.51412,0.20455,-0.193,-0.2528,0.62324,-2.14165,-2.17039,-9.11911,3.15378,4.89571,4.11586,-0.97229,0.92005,-0.27213,0.08424,-0.16178,-0.15383,-0.33797,-6.27804,-0.15267,-1.02217,20.01604,-3.00357,0.09279,3.21146,-1.98405,1.07662,-0.32375,2.10065,-0.82723,-0.47046,-2.05823
10.22,-0.19624,0.04403,-0.78976,3.26801,0,-0.1419,0.89153,-0.06153,-0.67994,0.5737,-0.07337,0.02451,-0.24328,-3.55692,-4.08475,-8.07629,7.9294,1.3949,4.38033,-1.31276,-0.20887,-0.28806,-0.09952,-0.20507,0.00543,-0.39553,-7.35977,-0.84152,-1.14049,21.87297,-3.27225,0.21033,2.81005,-1.99228,0.88786,-0.41664,1.96139,-0.56277,-0.41346,-2.07722
10.24,-0.24474,0.00715,-0.79113,3.16045,0,0.07879,0.89599,-0.06753,-0.81526,0.88491,0.05792,0.32871,-1.19481,-4.95185,-6.09596,-6.60966,12.27641,-2.23296,4.32593,-1.57373,-1.35822,-0.24785,-0.28163,-0.23536,0.16836,-0.42965,-8.16715,-1.52398,-1.29434,22.96263,-3.46706,0.32503,2.39647,-1.95449,0.65802,-0.49167,1.75133,-0.28606,-0.34622,-2.01697
10.26,-0.29052,-0.03229,-0.78303,2.94976,0,0.31033,0.87704,-0.08514,-0.91366,1.10832,0.20902,0.67233,-2.1958,-6.25716,-8.16349,-4.72626,15.64413,-5.71008,3.9249,-1.72818,-2.47345,-0.14431,-0.45975,-0.24275,0.32842,-0.44024,-8.68216,-2.15799,-1.4714,23.23368,-3.55713,0.41969,2.03742,-1.87976,0.40631,-0.55073,1.48748,-0.01175,-0.27248,-1.87688
10.28,-0.33275,-0.07138,-0.76834,2.65415,0,0.53361,0.84692,-0.10063,-0.97291,1.22352,0.38737,1.06435,-3.21637,-7.40994,-10.23986,-2.4559,17.59277,-8.77984,3.18455,-1.75996,-3.50451,0.02334,-0.63184,-0.22135,0.47828,-0.42915,-8.90245,-2.70181,-1.6488,22.67376,-3.51481,0.47896,1.78451,-1.7788,0.15476,-0.59767,1.18973,0.24634,-0.19564,-1.66195
10.3,-0.37053,-0.10717,-0.7501,2.2971,0,0.72978,0.81687,-0.10119,-0.99523,1.22282,0.59819,1.50678,-4.23434,-8.35991,-12.26884,0.14631,17.87876,-11.23923,2.15042,-1.66655,-4.41004,0.24935,-0.79611,-0.17011,0.61017,-0.39972,-8.83949,-3.11755,-1.79624,21.30859,-3.32099,0.49219,1.66397,-1.66246,-0.0737,-0.63734,0.87837,0.47595,-0.11868,-1.38262
10.32,-0.40284,-0.13692,-0.73132,1.9052,0,0.88206,0.79582,-0.07651,-0.98698,1.11257,0.84261,1.99063,-5.23507,-9.07355,-14.1855,2.9989,16.49889,-12.95947,0.90406,-1.45966,-5.16021,0.52169,-0.95097,-0.09287,0.7164,-0.35633,-8.51643,-3.37437,-1.88075,19.19966,-2.96925,0.45529,1.67131,-1.54039,-0.25717,-0.67483,0.57178,0.66696,-0.04411,-1.05406
10.34,-0.42857,-0.15826,-0.71467,1.5059,0,0.97706,0.78952,-0.01984,-0.95782,0.91173,1.11592,2.49157,-6.20898,-9.53551,-15.91881,5.99533,13.68291,-13.89145,-0.44499,-1.16327,-5.73792,0.82281,-1.09508,0.00252,0.79014,-0.30391,-7.96546,-3.45122,-1.87246,16.44008,-2.4682,0.37137,1.77208,-1.41982,-0.37663,-0.71507,0.28448,0.81172,0.02589,-0.69484
10.36,-0.44663,-0.16934,-0.70226,1.12552,0,1.0059,0.80035,0.07156,-0.91937,0.64849,1.40722,2.96891,-7.14744,-9.7478,-17.39651,9.00788,9.84085,-14.05813,-1.77218,-0.80968,-6.13858,1.1307,-1.22735,0.10573,0.82633,-0.24751,-7.22531,-3.339,-1.75077,13.14945,-1.84184,0.25008,1.90822,-1.30467,-0.41756,-0.76261,0.02559,0.90513,0.08922,-0.32514
10.38,-0.45609,-0.16897,-0.69549,0.78737,0,0.96496,0.82745,0.19639,-0.88378,0.3556,1.7019,3.37579,-8.03813,-9.7275,-18.5516,11.89392,5.4831,-13.53849,-2.95337,-0.4345,-6.36893,1.4205,-1.34705,0.20595,0.82267,-0.19199,-6.33911,-3.04197,-1.50962,9.46848,-1.12791,0.10603,2.0082,-1.19512,-0.37138,-0.82164,-0.20204,0.94466,0.14367,0.03496
10.4,-0.45639,-0.15663,-0.69491,0.51039,0,0.8562,0.86729,0.3497,-0.86215,0.06568,1.98538,3.67672,-8.86105,-9.50377,-19.32849,14.50424,1.13486,-12.4486,-3.87997,-0.07182,-6.44522,1.66632,-1.45381,0.29365,0.78039,-0.14173,-5.35275,-2.57828,-1.16061,5.55375,-0.37465,-0.04325,1.99874,-1.08756,-0.2364,-0.89586,-0.402,0.93014,0.18671,0.36699
10.42,-0.44739,-0.13256,-0.70025,0.30814,0,0.68719,0.91444,0.52342,-0.86323,-0.19272,2.24496,3.85685,-9.58592,-9.11417,-19.68705,16.69288,-2.73766,-10.92342,-4.47128,0.24965,-6.39068,1.84334,-1.54747,0.36198,0.70461,-0.10065,-4.3134,-1.97891,-0.73267,1.57194,0.36427,-0.17975,1.81609,-0.9751,-0.01816,-0.98819,-0.58371,0.86341,0.21543,0.65488
10.44,-0.42949,-0.09771,-0.71043,0.18824,0,0.47043,0.96248,0.70718,-0.89229,-0.39783,2.46959,3.91927,-10.17129,-8.60063,-19.60342,18.32806,-5.77934,-9.10175,-4.68272,0.50888,-6.23251,1.93015,-1.6277,0.40756,0.60411,-0.07208,-3.26792,-1.28521,-0.26797,-2.30711,1.03618,-0.28723,1.41554,-0.84843,0.27079,-1.10004,-0.76099,0.7478,0.22667,0.8851
10.46,-0.4036,-0.05366,-0.72366,0.15215,0,0.2224,1.0049,0.88931,-0.95043,-0.53606,2.64928,3.87818,-10.56567,-8.00537,-19.06809,19.30407,-7.77443,-7.11515,-4.5097,0.69346,-5.99864,1.91102,-1.6936,0.43056,0.49057,-0.05891,-2.26117,-0.5449,0.18521,-5.91879,1.59655,-0.35338,0.77827,-0.69701,0.61186,-1.23051,-0.95015,0.58752,0.21728,1.04645
10.48,-0.37109,-0.00254,-0.73768,0.19532,0,-0.03781,1.03597,1.05784,-1.03427,-0.60228,2.77486,3.75285,-10.71003,-7.36746,-18.08246,19.55262,-8.65353,-5.08103,-3.98735,0.7994,-5.71493,1.7781,-1.7433,0.43427,0.37737,-0.06342,-1.33412,0.19236,0.58076,-9.11271,2.01551,-0.37144,-0.08473,-0.51032,0.98179,-1.37555,-1.16791,0.38711,0.18456,1.1297
10.5,-0.33368,0.05309,-0.74988,0.30777,0,-0.29,1.05139,1.2016,-1.13617,-0.59919,2.83814,3.56288,-10.54092,-6.7203,-16.65451,19.05171,-8.48299,-3.09917,-3.18624,0.83008,-5.40303,1.53276,-1.77382,0.42426,0.27803,-0.08713,-0.52224,0.87947,0.88203,-11.76139,2.28216,-0.34107,-1.13251,-0.27903,1.35441,-1.52742,-1.42965,0.15122,0.12673,1.12752
10.52,-0.29332,0.11035,-0.75759,0.47508,0,-0.51452,1.04854,1.31123,-1.24497,-0.53601,2.83246,3.32503,-9.99346,-6.09,-14.79369,17.82931,-7.43974,-1.25069,-2.20387,0.79491,-5.07911,1.18601,-1.78117,0.40721,0.20447,-0.13033,0.14612,1.47565,1.06665,-13.76747,2.40542,-0.26824,-2.29813,0.00428,1.70262,-1.67475,-1.74818,-0.11548,0.04349,1.03507
10.54,-0.25201,0.16623,-0.75819,0.67985,0,-0.69404,1.02644,1.38001,-1.34736,-0.4266,2.75344,3.05185,-9.00377,-5.49451,-12.50546,15.96062,-5.77513,0.4017,-1.15252,0.70755,-4.75322,0.75745,-1.76074,0.38956,0.1652,-0.19147,0.65114,1.9494,1.12773,-15.06919,2.41101,-0.16405,-3.49673,0.34472,2.00053,-1.80308,-2.13315,-0.40798,-0.06355,0.85105
10.56,-0.21154,0.21773,-0.74937,0.90351,0,-0.81518,0.98535,1.40461,-1.4295,-0.2873,2.60017,2.75175,-7.51173,-4.94352,-9.78688,13.56001,-3.77293,1.81289,-0.14465,0.58426,-4.42957,0.27326,-1.70793,0.37615,0.1636,-0.26649,0.98295,2.28048,1.07204,-15.64417,2.33532,-0.04274,-4.63662,0.74522,2.22564,-1.89612,-2.59106,-0.7205,-0.19051,0.57941
10.58,-0.17333,0.26204,-0.72921,1.12812,0,-0.87001,0.92628,1.38551,-1.47895,-0.13479,2.37672,2.43056,-5.46533,-4.43912,-6.62507,10.77,-1.70787,2.95437,0.72165,0.44221,-4.10741,-0.23646,-1.61903,0.36915,0.19682,-0.34844,1.14251,2.46095,0.91605,-15.51158,2.21789,0.08061,-5.63118,1.20668,2.36093,-1.93724,-3.12551,-1.04601,-0.33104,0.23101
10.6,-0.13829,0.29674,-0.69636,1.33805,0,-0.857,0.8506,1.32721,-1.48634,0.01561,2.09403,2.09392,-2.82758,-3.97715,-3.00054,7.74928,0.18876,3.81313,1.37443,0.29807,-3.78242,-0.74036,-1.49198,0.36742,0.25553,-0.42756,1.14193,2.49514,0.6812,-14.73167,2.09436,0.19228,-6.40922,1.72813,2.39631,-1.91113,-3.73735,-1.37577,-0.47642,-0.17508
10.62,-0.10675,0.31994,-0.65015,1.52109,0,-0.78106,0.75975,1.23776,-1.44655,0.15126,1.77143,1.75035,0.41364,-3.54906,1.10392,4.66092,1.75189,4.39037,1.77479,0.16687,-3.44839,-1.20804,-1.32703,0.36667,0.32493,-0.49219,1.00361,2.39838,0.38939,-13.40143,1.99137,0.28142,-6.9215,2.30654,2.32939,-1.8051,-4.42418,-1.69918,-0.61599,-0.6112
10.64,-0.07851,0.33037,-0.59058,1.66901,0,-0.65285,0.65527,1.12782,-1.35919,0.26274,1.43562,1.41327,4.23334,-3.14378,5.68908,1.66108,2.8919,4.70007,1.91807,0.06099,-3.09874,-1.6119,-1.12699,0.3603,0.38709,-0.53042,0.75815,2.19445,0.05942,-11.64582,1.9241,0.3409,-7.14262,2.93633,2.16503,-1.61007,-5.17933,-2.00387,-0.73786,-1.04209
10.66,-0.053,0.32746,-0.5183,1.77748,0,-0.48715,0.5389,1.00915,-1.22852,0.34401,1.11459,1.09912,8.55624,-2.74962,10.7216,-1.1112,3.59181,4.7676,1.82988,-0.01054,-2.72797,-1.9283,-0.89713,0.34089,0.4242,-0.53225,0.44133,1.91219,-0.29528,-9.60573,1.89641,0.36736,-7.06916,3.60862,1.91421,-1.321,-5.99027,-2.2762,-0.83006,-1.42713
10.68,-0.0294,0.3114,-0.43454,1.84565,0,-0.30086,0.41295,0.89297,-1.06266,0.39213,0.82984,0.82158,13.24473,-2.35553,16.11525,-3.54243,3.89619,4.62842,1.55886,-0.0426,-2.33273,-2.13862,-0.64486,0.3019,0.42196,-0.49179,0.09061,1.58192,-0.66748,-7.42494,1.90283,0.36081,-6.71556,4.31034,1.59232,-0.93719,-6.83686,-2.50192,-0.88169,-1.72358
10.7,-0.00689,0.28313,-0.34106,1.87531,0,-0.11097,0.28063,0.78836,-0.87261,0.40684,0.593,0.58689,18.09108,-1.95178,21.7145,-5.55045,3.89524,4.3268,1.16785,-0.03424,-1.91255,-2.22992,-0.37919,0.23925,0.37244,-0.40877,-0.25832,1.23212,-1.05541,-5.23831,1.93148,0.32393,-6.10952,5.0235,1.21729,-0.46228,-7.68967,-2.66703,-0.88412,-1.89036
10.72,0.01518,0.24435,-0.24013,1.86975,0,0.06749,0.14635,0.70088,-0.67073,0.39012,0.40711,0.39333,22.81689,-1.52926,27.28407,-7.08678,3.70734,3.91412,0.72503,0.01135,-1.46984,-2.19551,-0.10998,0.15239,0.27546,-0.28885,-0.5744,0.887,-1.46055,-3.16253,1.96718,0.26128,-5.288,5.72449,0.80782,0.09593,-8.50869,-2.75843,-0.83184,-1.89192
10.74,0.03716,0.1974,-0.13434,1.83237,0,0.22296,0.01588,0.63173,-0.4691,0.34571,0.26897,0.23306,27.08295,-1.0779,32.50796,-8.13571,3.46164,3.44641,0.29577,0.08715,-1.00918,-2.03534,0.15288,0.04463,0.13828,-0.14256,-0.83336,0.5649,-1.8843,-1.28996,1.99405,0.17859,-4.29428,6.38376,0.38159,0.72589,-9.24265,-2.7645,-0.72298,-1.70212
10.76,0.059,0.14509,-0.02658,1.76533,0,0.34851,-0.10383,0.57732,-0.27772,0.27879,0.17106,0.09413,30.51148,-0.58456,37.00134,-8.711,3.28202,2.98117,-0.06408,0.1829,-0.53614,-1.75623,0.40046,-0.07722,-0.02616,0.01695,-1.01908,0.27775,-2.32418,0.31463,1.99754,0.08212,-3.176,6.96619,-0.04613,1.41289,-9.82954,-2.67552,-0.55945,-1.3077
10.78,0.08018,0.09051,0.08017,1.66836,0,0.44246,-0.20491,0.52945,-0.10299,0.19579,0.10294,-0.03788,32.72125,-0.03182,40.33728,-8.85115,3.27306,2.57334,-0.31334,0.28591,-0.05594,-1.37206,0.62565,-0.20378,-0.20184,0.17652,-1.12411,0.03113,-2.77074,1.61459,1.96591,-0.02188,-1.98385,7.43237,-0.46352,2.13987,-10.19875,-2.48419,-0.34689,-0.71129
10.8,0.09982,0.03685,0.18296,1.53826,0,0.50827,-0.27916,0.47627,0.05323,0.10426,0.05231,-0.17836,33.37448,0.60135,42.08917,-8.61418,3.50841,2.2708,-0.42868,0.38198,0.42736,-0.90384,0.8237,-0.32434,-0.37246,0.32534,-1.14956,-0.1749,-3.20622,2.59977,1.89127,-0.12756,-0.77016,7.74079,-0.86268,2.88805,-10.27504,-2.18632,-0.0944,0.06639
10.82,0.11668,-0.01289,0.27897,1.36898,0,0.55359,-0.31873,0.40386,0.19372,0.01288,0.00574,-0.34227,32.23276,1.33593,41.88736,-8.07194,4.02194,2.10919,-0.40567,0.45642,0.91101,-0.37918,0.99239,-0.42839,-0.52359,0.45634,-1.10389,-0.34457,-3.60563,3.28269,1.77004,-0.22981,0.41355,7.85102,-1.23931,3.6376,-9.9842,-1.7816,0.18585,0.98589
10.84,0.12942,-0.05606,0.36573,1.15259,0,0.58864,-0.31711,0.29844,0.32508,-0.06862,-0.05076,-0.54268,29.21687,2.18639,39.48547,-7.30416,4.80209,2.10657,-0.25767,0.49507,1.3928,0.16872,1.13163,-0.50706,-0.64416,0.56627,-1.00114,-0.4849,-3.94066,3.69328,1.60306,-0.32451,1.52024,7.7274,-1.59178,4.36816,-9.26006,-1.27432,0.47914,1.99007
10.86,0.13674,-0.09064,0.44122,0.88073,0,0.62402,-0.27008,0.14901,0.4562,-0.12957,-0.13115,-0.78901,24.46313,3.15272,34.82783,-6.3927,5.78998,2.25871,-0.01292,0.48548,1.86981,0.70285,1.24278,-0.5545,-0.727,0.65486,-0.85844,-0.604,-4.18535,3.87278,1.39528,-0.40875,2.51199,7.34332,-1.91978,5.05944,-8.05261,-0.67427,0.76898,3.00717
10.88,0.13765,-0.11541,0.50404,0.54648,0,0.6684,-0.17672,-0.05015,0.5963,-0.1587,-0.24881,-1.08499,18.34292,4.21327,28.10386,-5.41631,6.88206,2.53605,0.28966,0.41795,2.33699,1.1847,1.3278,-0.56883,-0.76886,0.72325,-0.69347,-0.70948,-4.32227,3.86763,1.15529,-0.48089,3.36435,6.68548,-2.22293,5.69185,-6.33607,0.00237,1.03793,3.95562
10.9,0.13163,-0.13007,0.55353,0.14624,0,0.72668,-0.04018,-0.29763,0.75309,-0.1447,-0.41557,-1.42619,11.39053,5.32082,19.77083,-4.4464,7.93835,2.88403,0.60541,0.28662,2.78607,1.57701,1.38845,-0.55252,-0.76993,0.77254,-0.52226,-0.80715,-4.34699,3.7242,0.8946,-0.54058,4.06881,5.75743,-2.49963,6.24707,-4.11588,0.7322,1.26862,4.75049
10.92,0.11877,-0.13527,0.58975,-0.31877,0,0.79882,0.13205,-0.58406,0.93127,-0.07713,-0.64053,-1.79699,4.16725,6.40439,10.52795,-3.54355,8.79698,3.22795,0.88923,0.09016,3.20524,1.84677,1.42574,-0.51185,-0.73318,0.80274,-0.35748,-0.89993,-4.26918,3.4846,0.62667,-0.58844,4.63219,4.58119,-2.74648,6.70833,-1.43246,1.48391,1.44484,5.3111
10.94,0.09974,-0.13251,0.61342,-0.8417,0,0.87964,0.32827,-0.89273,1.13158,0.05235,-0.92832,-2.16856,-2.82023,7.37725,1.23631,-2.75485,9.29464,3.48231,1.10092,-0.16767,3.57971,1.96836,1.43962,-0.45554,-0.66363,0.81241,-0.20758,-0.9874,-4.10973,3.18389,0.36577,-0.62563,5.07249,3.19651,-2.9583,7.06044,1.63897,2.21826,1.55263,5.56964
10.96,0.07579,-0.12391,0.62577,-1.40994,0,0.95954,0.53341,-1.20136,1.35059,0.24854,-1.27678,-2.50165,-9.10206,8.15015,-7.20351,-2.11197,9.29057,3.56372,1.21009,-0.47789,3.89323,1.92651,1.42904,-0.39278,-0.56758,0.799,-0.07658,-1.06569,-3.89459,2.8486,0.12556,-0.65328,5.41225,1.65799,-3.12872,7.28977,4.9925,2.88897,1.58148,5.47986
10.98,0.04855,-0.11199,0.62832,-2.00557,0,1.02582,0.73018,-1.48472,1.58091,0.51117,-1.67415,-2.75643,-14.20004,8.64661,-13.98953,-1.63025,8.69007,3.40468,1.20003,-0.82646,4.13015,1.71889,1.39227,-0.33109,-0.45201,0.75968,0.03553,-1.12787,-3.64752,2.49652,-0.08225,-0.67193,5.67122,0.03082,-3.25122,7.38442,8.49834,3.44485,1.52553,5.02478
11,0.01988,-0.09938,0.62275,-2.60642,0,1.06435,0.90061,-1.71745,1.81191,0.83359,-2.09691,-2.90349,-17.64963,8.81651,-18.54037,-1.30913,7.46209,2.96513,1.06983,-1.19475,4.27757,1.35743,1.32744,-0.27477,-0.324,0.69223,0.13188,-1.1647,-3.38371,2.13767,-0.24892,-0.6812,5.86034,-1.61396,-3.32023,7.33484,12.01101,3.83338,1.38445,4.22135
11.02,-0.00831,-0.08859,0.61073,-3.18756,0,1.06133,1.02775,-1.87679,2.03062,1.20202,-2.51196,-2.92893,-19.11578,8.64438,-20.57396,-1.13409,5.64596,2.23906,0.83395,-1.56038,4.32694,0.86796,1.23315,-0.2242,-0.19037,0.59581,0.21756,-1.16578,-3.10625,1.77608,-0.36935,-0.67965,5.9786,-3.20415,-3.33191,7.13448,15.37797,4.00591,1.16391,3.12067
11.04,-0.03428,-0.08179,0.59375,-3.7231,0,1.00487,1.0975,-1.94476,2.22288,1.59549,-2.88304,-2.83377,-18.51632,8.15063,-20.13004,-1.08007,3.34541,1.25475,0.51921,-1.89851,4.27495,0.2878,1.10907,-0.17625,-0.05734,0.47129,0.29819,-1.1209,-2.80604,1.41218,-0.44219,-0.66506,6.01348,-4.67093,-3.2844,6.78055,18.44831,3.92412,0.87544,1.80258
11.06,-0.05663,-0.08066,0.57308,-4.18844,0,0.88637,1.10033,-1.90986,2.37465,1.98657,-3.17669,-2.63112,-16.05669,7.38651,-17.54012,-1.11579,0.71158,0.06931,0.15974,-2.1835,4.12373,-0.3384,0.95644,-0.12564,0.0697,0.32125,0.37847,-1.02156,-2.46501,1.04527,-0.46952,-0.63491,5.94455,-5.95311,-3.17773,6.27475,21.08158,3.56716,0.53568,0.36601
11.08,-0.07449,-0.08627,0.54967,-4.56262,0,0.70165,1.03277,-1.76825,2.47342,2.34314,-3.3652,-2.34287,-12.18022,6.42503,-13.35971,-1.20832,-2.07984,-1.24033,-0.20891,-2.39093,3.88062,-0.96371,0.77848,-0.06675,0.18631,0.1497,0.46104,-0.86252,-2.06133,0.67598,-0.45626,-0.58705,5.74936,-7.001,-3.01346,5.62427,23.15636,2.93819,0.16527,-1.0831
11.1,-0.0876,-0.099,0.52418,-4.83048,0,0.45173,0.89825,-1.52438,2.50959,2.63083,-3.42843,-1.99629,-7.48477,5.35043,-8.27992,-1.32686,-4.85187,-2.58791,-0.55515,-2.49976,3.55793,-1.54416,0.58063,0.00454,0.28894,-0.03823,0.54559,-0.64307,-1.57532,0.30796,-0.40938,-0.52032,5.40971,-7.7793,-2.7944,4.84257,24.57756,2.06845,-0.21262,-2.44362
11.12,-0.09637,-0.11856,0.497,-4.98418,0,0.14314,0.70705,-1.19075,2.47774,2.81641,-3.35599,-1.62094,-2.63142,4.24788,-3.03223,-1.44512,-7.4454,-3.88763,-0.85517,-2.49426,3.17232,-2.04316,0.37049,0.08967,0.37484,-0.23663,0.62876,-0.36783,-0.99433,-0.05138,-0.33715,-0.43502,4.9169,-8.26871,-2.52431,3.94975,25.28078,1.01734,-0.57391,-3.62897
11.14,-0.10186,-0.14397,0.46828,-5.02391,0,-0.21231,0.47524,-0.78701,2.37741,2.87153,-3.14965,-1.24589,1.74541,3.19459,1.70349,-1.54198,-9.73213,-5.0624,-1.09461,-2.3657,2.74416,-2.43486,0.15752,0.18683,0.44168,-0.43908,0.70453,-0.0469,-0.31587,-0.39136,-0.24827,-0.33308,4.27476,-8.4659,-2.20768,2.97198,25.23361,-0.13235,-0.89548,-4.57365
11.16,-0.10563,-0.1737,0.43801,-4.95778,0,-0.59827,0.22268,-0.33832,2.21358,2.77689,-2.82566,-0.89732,5.1185,2.25291,5.37958,-1.60085,-11.62121,-6.05017,-1.2684,-2.11368,2.29652,-2.70627,-0.04768,0.29121,0.4873,-0.63875,0.7653,0.30462,0.45131,-0.6996,-0.15116,-0.21796,3.50044,-8.38246,-1.84962,1.94019,24.43451,-1.28346,-1.15708,-5.2366
11.18,-0.10961,-0.20575,0.40609,-4.80121,0,-0.99488,-0.02933,0.12665,1.99665,2.52587,-2.41575,-0.59676,7.13037,1.46587,7.6412,-1.60835,-13.06103,-6.80825,-1.37926,-1.747,1.85407,-2.85781,-0.23425,0.39584,0.5094,-0.82861,0.80328,0.66756,1.28802,-0.9641,-0.05332,-0.09435,2.62307,-8.04323,-1.45593,0.88824,22.91108,-2.3359,-1.34315,-5.6017
11.2,-0.11593,-0.23778,0.37241,-4.57574,0,-1.38006,-0.26045,0.57776,1.74187,2.12696,-1.96303,-0.35989,7.62854,0.85537,8.358,-1.55317,-14.03723,-7.31556,-1.43558,-1.28383,1.44182,-2.90228,-0.39195,0.49261,0.50559,-1.00146,0.81185,1.01998,2.16701,-1.1755,0.03901,0.03227,1.68089,-7.48427,-1.03341,-0.14921,20.71817,-3.19832,-1.44423,-5.67568
11.22,-0.12666,-0.26727,0.33694,-4.30715,0,-1.73084,-0.45319,0.98536,1.46789,1.60406,-1.51123,-0.19602,6.66649,0.42307,7.61985,-1.42571,-14.56772,-7.57228,-1.44915,-0.75095,1.0834,-2.86192,-0.51214,0.5734,0.47361,-1.15003,0.78683,1.33865,3.05636,-1.32878,0.12107,0.15603,0.71683,-6.7503,-0.59017,-1.13886,17.93548,-3.79829,-1.45762,-5.48357
11.24,-0.14365,-0.29169,0.2998,-4.02282,0,-2.02477,-0.59439,1.32212,1.19452,0.9942,-1.09395,-0.10816,4.46984,0.15375,5.69625,-1.21862,-14.69544,-7.59727,-1.43319,-0.18185,0.79904,-2.76366,-0.58849,0.63103,0.41184,-1.26712,0.72725,1.60072,3.92392,-1.42426,0.18941,0.27126,-0.22713,-5.89165,-0.13594,-2.05111,14.66399,-4.08974,-1.38731,-5.0621
11.26,-0.1683,-0.30862,0.26128,-3.74876,0,-2.24148,-0.67591,1.56475,0.93997,0.34322,-0.73108,-0.09356,1.37633,0.02031,2.96878,-0.92827,-14.48011,-7.42363,-1.40066,0.38617,0.60334,-2.63342,-0.61768,0.66011,0.32008,-1.34587,0.63578,1.78548,4.74188,-1.46795,0.24168,0.37292,-1.11579,-4.96071,0.3178,-2.8624,11.02173,-4.05752,-1.2431,-4.45229
11.28,-0.20142,-0.31594,0.22192,-3.50663,0,-2.36416,-0.695,1.69555,0.71815,-0.29976,-0.43123,-0.14452,-2.23481,-0.01057,-0.14737,-0.55643,-13.98984,-7.09351,-1.36308,0.91543,0.50322,-2.49066,-0.59983,0.65769,0.2002,-1.38011,0.51877,1.87622,5.4908,-1.47118,0.27616,0.45706,-1.92589,-4.00874,0.7579,-3.5573,7.13955,-3.71884,-1.03941,-3.69267
11.3,-0.24305,-0.31199,0.18247,-3.31153,0,-2.38105,-0.65411,1.70377,0.53666,-0.88801,-0.19534,-0.24945,-6.00686,0.0269,-3.27449,-0.11169,-13.29332,-6.65264,-1.32961,1.37125,0.49657,-2.34454,-0.53862,0.62373,0.0567,-1.36495,0.38591,1.86173,6.16193,-1.44979,0.29137,0.52111,-2.6488,-3.08307,1.16992,-4.12984,3.15717,-3.1215,-0.79378,-2.81482
11.32,-0.29244,-0.29567,0.14394,-3.17064,0,-2.28656,-0.56029,1.58657,0.39605,-1.38192,-0.01969,-0.39394,-9.64971,0.10172,-6.122,0.39032,-12.45241,-6.14504,-1.3063,1.72502,0.5721,-2.19272,-0.44103,0.56136,-0.1033,-1.29738,0.24962,1.73744,6.75679,-1.42281,0.28561,0.56404,-3.28987,-2.22507,1.53885,-4.58361,-0.78095,-2.33848,-0.52527,-1.84204
11.34,-0.3481,-0.26653,0.10755,-3.08297,0,-2.082,-0.42423,1.34946,0.29045,-1.75261,0.10171,-0.56194,-12.95797,0.18852,-8.50795,0.928,-11.51531,-5.60814,-1.29557,1.95655,0.71051,-2.02306,-0.31651,0.47677,-0.27053,-1.17698,0.12409,1.50593,7.28373,-1.41074,0.25662,0.58625,-3.86408,-1.46852,1.85013,-4.93053,-4.53076,-1.4589,-0.25289,-0.79143
11.36,-0.40782,-0.2248,0.07465,-3.04003,0,-1.7758,-0.25906,1.00629,0.20939,-1.98398,0.17531,-0.73697,-15.80588,0.2685,-10.35478,1.47613,-10.51118,-5.06873,-1.29574,2.05568,0.88674,-1.8178,-0.1759,0.3789,-0.43458,-1.00643,0.02405,1.17682,7.75238,-1.43365,0.20138,0.58936,-4.38886,-0.83853,2.09107,-5.18836,-7.95497,-0.5766,0.00595,0.32155
11.38,-0.46889,-0.17138,0.04665,-3.02734,0,-1.38344,-0.07911,0.57874,0.14025,-2.0736,0.20727,-0.9032,-18.12742,0.32913,-11.66729,2.00885,-9.4477,-4.5406,-1.30107,2.02318,1.073,-1.55904,-0.03021,0.27873,-0.58513,-0.79198,-0.03643,0.76615,8.16726,-1.5093,0.11613,0.57584,-4.87599,-0.35082,2.25225,-5.37738,-10.93033,0.22202,0.23678,1.47721
11.4,-0.52822,-0.10788,0.02492,-3.02649,0,-0.92677,0.1012,0.09526,0.07077,-2.03208,0.20443,-1.04656,-19.89165,0.36298,-12.50275,2.50249,-8.31284,-4.02436,-1.30213,1.87058,1.24196,-1.23418,0.11058,0.18827,-0.71315,-0.54352,-0.04504,0.2954,8.52216,-1.65173,-0.00326,0.54867,-5.32425,-0.01147,2.3287,-5.51658,-13.35484,0.86856,0.429,2.64656
11.42,-0.58259,-0.03653,0.01071,-3.0173,0,-0.4328,0.26823,-0.41068,-0.00898,-1.88108,0.17635,-1.15551,-21.08124,0.36628,-12.94112,2.93757,-7.08138,-3.50989,-1.28689,1.61889,1.36957,-0.83984,0.23837,0.11912,-0.8118,-0.27415,0.00801,-0.21008,8.79627,-1.87033,-0.16073,0.51086,-5.71473,0.18289,2.32041,-5.61945,-15.15415,1.32014,0.57634,3.78836
11.44,-0.62876,0.03983,0.00507,-2.98,0,0.06836,0.40969,-0.90315,-0.10542,-1.64997,0.13579,-1.2217,-21.67937,0.33721,-13.0607,3.29975,-5.72567,-2.98103,-1.24238,1.29597,1.43733,-0.38377,0.34736,0.0808,-0.87699,0.00088,0.12963,-0.72319,8.95308,-2.1696,-0.35899,0.46513,-6.00957,0.24447,2.2321,-5.68989,-16.2865,1.56274,0.67678,4.84933
11.46,-0.66364,0.11793,0.00871,-2.89716,0,0.546,0.51503,-1.34683,-0.22103,-1.37168,0.09675,-1.24033,-21.66638,0.27461,-12.92198,3.57976,-4.22878,-2.42184,-1.15669,0.93319,1.43387,0.11558,0.43425,0.07894,-0.90741,0.26571,0.32374,-1.21743,8.94225,-2.54943,-0.59857,0.41356,-6.15473,0.19326,2.07237,-5.71887,-16.74636,1.61071,0.73206,5.7677
11.48,-0.68452,0.19421,0.02194,-2.7556,0,0.97168,0.57572,-1.71042,-0.35469,-1.07851,0.07187,-1.21035,-21.0247,0.17704,-12.56028,3.77282,-2.59701,-1.82287,-1.02115,0.56179,1.35574,0.63101,0.49802,0.1138,-0.90432,0.50557,0.59145,-1.66929,8.70476,-3.00586,-0.87678,0.35745,-6.08628,0.05564,1.85256,-5.68315,-16.56636,1.50293,0.74697,6.47914
11.5,-0.68918,0.26496,0.04463,-2.5477,0,1.32166,0.58547,-1.96952,-0.50229,-0.7987,0.07043,-1.13433,-19.74855,0.0427,-11.98623,3.87762,-0.86811,-1.18605,-0.83205,0.20989,1.20747,1.12962,0.53951,0.17958,-0.87103,0.70833,0.93136,-2.06017,8.18086,-3.5319,-1.18713,0.29737,-5.73972,-0.13755,1.58564,-5.54689,-15.81641,1.29641,0.72844,6.92413
11.52,-0.67603,0.3266,0.0761,-2.27231,0,1.57882,0.54045,-2.1088,-0.65764,-0.55437,0.09731,-1.01805,-17.85413,-0.1298,-11.19288,3.89534,0.8881,-0.52638,-0.59158,-0.09952,1.00055,1.57643,0.56081,0.26494,-0.81212,0.8655,1.33982,-2.37733,7.32012,-4.11829,-1.51928,0.23353,-5.06124,-0.35343,1.2853,-5.26694,-14.59848,1.05775,0.6847,7.05523
11.54,-0.64422,0.37587,0.11517,-1.93475,0,1.73365,0.43955,-2.1229,-0.81347,-0.36087,0.15293,-0.86954,-15.38734,-0.33989,-10.16716,3.82854,2.57802,0.12984,-0.30777,-0.34928,0.75158,1.93811,0.56455,0.3547,-0.73256,0.9726,1.81125,-2.61394,6.09252,-4.75389,-1.85971,0.16634,-4.01979,-0.55997,0.96532,-4.80135,-13.03655,0.85327,0.62436,6.84357
11.56,-0.59365,0.41005,0.16019,-1.54615,0,1.78457,0.28458,-2.0165,-0.96232,-0.22741,0.23394,-0.69799,-12.42786,-0.5831,-8.90358,3.68043,4.0998,0.74997,0.00656,-0.52783,0.47967,2.18661,0.55313,0.43257,-0.63675,1.02902,2.33826,-2.76821,4.49919,-5.42588,-2.19289,0.09702,-2.61844,-0.72923,0.63906,-4.12,-11.26311,0.73888,0.55565,6.28385
11.58,-0.525,0.42725,0.20905,-1.12238,0,1.73746,0.08047,-1.80332,-1.09745,-0.15842,0.33452,-0.51252,-9.08951,-0.84926,-7.41717,3.45451,5.36222,1.30157,0.33536,-0.62839,0.20374,2.30233,0.52812,0.48418,-0.52777,1.03752,2.91182,-2.84214,2.58083,-6.11958,-2.50276,0.0282,-0.90306,-0.84023,0.3193,-3.21488,-9.40516,0.75124,0.48574,5.39757
11.6,-0.43972,0.42661,0.25936,-0.68254,0,1.60476,-0.16479,-1.50461,-1.2135,-0.15492,0.44761,-0.32126,-5.51664,-1.12173,-5.75219,3.15475,6.30186,1.75853,0.66116,-0.64797,-0.05989,2.27641,0.48995,0.49963,-0.4071,1.00357,3.52109,-2.84007,0.42134,-6.81778,-2.77409,-0.03593,1.03433,-0.88097,0.01809,-2.10708,-7.57254,0.90216,0.42032,4.23342
11.62,-0.33995,0.40836,0.30854,-0.24727,0,1.40384,-0.44047,-1.14688,-1.3069,-0.21543,0.56615,-0.13067,-1.87575,-1.37806,-3.98343,2.78619,6.89417,2.10551,0.96675,-0.58677,-0.29907,2.11164,0.43798,0.47498,-0.27485,0.93465,4.15295,-2.76732,-1.85585,-7.4996,-2.99327,-0.08996,3.05985,-0.84908,-0.25337,-0.84791,-5.85045,1.17752,0.36336,2.86394
11.64,-0.22846,0.37391,0.35398,0.16331,0,1.15495,-0.73382,-0.759,-1.37597,-0.33623,0.68388,0.05462,1.65793,-1.59233,-2.20911,2.35564,7.15649,2.33969,1.23661,-0.44798,-0.50659,1.82182,0.37084,0.41229,-0.1305,0.83951,4.79137,-2.62891,-4.09955,-8.13872,-3.14849,-0.12816,5.01058,-0.75072,-0.48494,0.4869,-4.29674,1.54119,0.31713,1.37829
11.66,-0.10841,0.32566,0.3932,0.53168,0,0.87877,-1.0311,-0.36909,-1.42081,-0.51098,0.79588,0.23165,4.91721,-1.73893,-0.53668,1.87258,7.14333,2.47006,1.45803,-0.23806,-0.68005,1.4299,0.28722,0.31848,0.02593,0.72755,5.4167,-2.42875,-6.14915,-8.70165,-3.2294,-0.14585,6.7141,-0.59831,-0.66792,1.80855,-2.94352,1.94304,0.28233,-0.12788
11.68,0.01682,0.26688,0.42408,0.84495,0,0.59416,-1.31879,-0.00144,-1.44315,-0.73002,0.89882,0.39882,7.76016,-1.79684,0.93408,1.34978,6.93617,2.51506,1.622,0.03275,-0.8212,0.96532,0.18658,0.20342,0.19272,0.60823,6.00537,-2.16924,-7.8558,-9.14674,-3.22658,-0.14075,8.01109,-0.40756,-0.79551,3.02894,-1.80177,2.3288,0.25834,-1.56337
11.7,0.14381,0.20147,0.445,1.09635,0,0.31633,-1.58461,0.32569,-1.44604,-0.97984,0.99104,0.5554,10.08384,-1.75341,2.12643,0.80366,6.63039,2.4993,1.72368,0.34998,-0.93503,0.46115,0.06987,0.07791,0.36566,0.49047,6.53001,-1.85148,-9.10161,-9.42425,-3.13109,-0.114,8.77592,-0.19452,-0.86318,4.07296,-0.86727,2.64951,0.24357,-2.85049
11.72,0.26918,0.13367,0.45494,1.28588,0,0.05588,-1.81825,0.60136,-1.43372,-1.24304,1.07237,0.70121,11.83161,-1.60667,2.99626,0.25385,6.32113,2.45012,1.76245,0.69488,-1.02868,-0.04874,-0.0602,-0.04804,0.53782,0.38205,6.96028,-1.47602,-9.81303,-9.478,-2.93424,-0.07044,8.93136,0.02658,-0.86895,4.88621,-0.12652,2.86837,0.23575,-3.93056
11.74,0.38972,0.06776,0.45351,1.42013,0,-0.18133,-2.01169,0.82187,-1.41129,-1.49907,1.14396,0.83632,12.99261,-1.3657,3.53445,-0.27813,6.08957,2.39425,1.74159,1.04502,-1.11043,-0.53232,-0.19922,-0.16636,0.7002,0.28899,7.26418,-1.04402,-9.96633,-9.24849,-2.62783,-0.01794,8.45499,0.24473,-0.81343,5.43687,0.43851,2.96405,0.23221,-4.76523
11.76,0.50242,0.00771,0.44094,1.51122,0,-0.39354,-2.1592,0.98977,-1.38444,-1.72573,1.20791,0.96098,13.59505,-1.04913,3.76253,-0.77092,5.9911,2.35507,1.66746,1.37556,-1.18874,-0.96168,-0.34156,-0.27136,0.84303,0.2149,7.41019,-0.55859,-9.58583,-8.6776,-2.20491,0.03394,7.37827,0.45244,-0.69975,5.71266,0.84706,2.93068,0.23011,-5.33429
11.78,0.60451,-0.04318,0.418,1.57517,0,-0.58193,-2.25713,1.11205,-1.35911,-1.90119,1.26686,1.07563,13.69579,-0.6826,3.72415,-1.20567,6.04644,2.35037,1.54852,1.66103,-1.27147,-1.31485,-0.48113,-0.35978,0.95739,0.16053,7.37005,-0.02634,-8.73702,-7.71471,-1.66136,0.07575,5.78022,0.64541,-0.53344,5.71531,1.11789,2.77546,0.22669,-5.63187
11.8,0.69356,-0.08252,0.38592,1.62989,0,-0.74919,-2.30367,1.19824,-1.341,-2.00607,1.32359,1.18085,13.36888,-0.29554,3.47485,-1.56809,6.23739,2.39089,1.39416,1.87736,-1.36509,-1.57705,-0.61206,-0.43044,1.03673,0.12365,7.12165,0.54144,-7.51656,-6.32324,-0.99834,0.09986,3.77813,0.82166,-0.32235,5.45516,1.26874,2.51517,0.21941,-5.66271
11.82,0.76748,-0.10902,0.34632,1.6929,0,-0.89807,-2.29854,1.25839,-1.335,-2.0254,1.38041,1.27728,12.69476,0.08192,3.07257,-1.84984,6.50777,2.47948,1.21333,2.00394,-1.47402,-1.74109,-0.72928,-0.48372,1.07785,0.09948,6.65174,1.12796,-6.04069,-4.4869,-0.22527,0.10172,1.51647,0.9804,-0.07667,4.94783,1.31661,2.17229,0.20613,-5.43974
11.84,0.82456,-0.12252,0.30108,1.77901,0,-1.03014,-2.24265,1.30135,-1.34426,-1.94994,1.4385,1.36534,11.75142,0.42183,2.57018,-2.04883,6.77012,2.61098,1.01315,2.02551,-1.5999,-1.80697,-0.8288,-0.5209,1.0812,0.08153,5.95777,1.71094,-4.43284,-2.21445,0.63694,0.08046,-0.84505,1.12083,0.19111,4.21384,1.27869,1.7715,0.18528,-4.98354
11.86,0.86354,-0.12397,0.25221,1.89816,0,-1.14479,-2.13785,1.33341,-1.3693,-1.77714,1.49725,1.44489,10.60807,0.70084,2.01064,-2.16883,6.9175,2.77275,0.79778,1.93381,-1.74099,-1.78091,-0.90781,-0.54365,1.05046,0.06288,5.04899,2.26342,-2.81168,0.45707,1.5533,0.03884,-3.1437,1.24114,0.46626,3.28082,1.17338,1.33676,0.15596,-4.3234
11.88,0.88371,-0.11522,0.20171,2.05379,0,-1.23875,-1.98679,1.35751,-1.40733,-1.51159,1.5538,1.51488,9.32233,0.90211,1.42509,-2.21836,6.83869,2.94604,0.56776,1.72884,-1.89185,-1.67398,-0.96459,-0.55354,0.99173,0.03758,3.94694,2.75536,-1.28103,3.46092,2.47361,-0.0173,-5.22543,1.33791,0.73212,2.18676,1.02106,0.88925,0.11807,-3.499
11.9,0.88496,-0.09889,0.1515,2.24216,0,-1.30609,-1.79295,1.37294,-1.45196,-1.16492,1.60297,1.57315,7.94069,1.01649,0.83369,-2.20936,6.43512,3.10809,0.32064,1.41953,-2.04342,-1.50065,-0.99839,-0.5518,0.91254,0.00179,2.68529,3.15572,0.07728,6.70117,3.33403,-0.07999,-6.95529,1.40604,0.97073,0.98251,0.84425,0.44633,0.07228,-2.56135
11.92,0.86787,-0.07803,0.10334,2.45283,0,-1.33879,-1.56075,1.37572,-1.49359,-0.75512,1.63757,1.61636,6.50183,1.04292,0.2487,-2.15564,5.63706,3.23491,0.05266,1.02339,-2.18358,-1.27722,-1.0092,-0.53921,0.82079,-0.04554,1.30854,3.43505,1.20669,10.05592,4.06211,-0.14026,-8.22583,1.43933,1.16386,-0.26872,0.66659,0.02132,0.0201,-1.57139
11.94,0.83368,-0.05588,0.0587,2.67032,0,-1.32787,-1.29556,1.35942,-1.52048,-0.30513,1.64923,1.64013,5.04185,0.98801,-0.32065,-2.07122,4.41755,3.30462,-0.23819,0.56514,-2.29827,-1.02027,-0.99755,-0.51625,0.72381,-0.10262,-0.13052,3.56819,2.07549,13.38336,4.58537,-0.18937,-8.96343,1.43171,1.29451,-1.49547,0.51071,-0.37596,-0.03635,-0.5957
11.96,0.78425,-0.03551,0.01874,2.87674,0,-1.26488,-1.00372,1.31652,-1.52039,0.1591,1.62959,1.63943,3.5999,0.86487,-0.8628,-1.96884,2.80238,3.30087,-0.54876,0.07439,-2.37301,-0.74527,-0.96433,-0.48333,0.62762,-0.16532,-1.57443,3.53715,2.67343,16.53082,4.84246,-0.22001,-9.13267,1.37879,1.34881,-2.62554,0.3953,-0.7382,-0.09446,0.30023
11.98,0.72196,-0.01951,-0.01576,3.05488,0,-1.14362,-0.69249,1.23988,-1.48249,0.61089,1.57173,1.60913,2.2228,0.69152,-1.35939,-1.85885,0.87444,3.21585,-0.86769,-0.41718,-2.39473,-0.46535,-0.91069,-0.4411,0.53642,-0.22806,-2.9652,3.33373,3.00688,19.34551,4.79455,-0.22733,-8.73861,1.27955,1.31792,-3.59472,0.33208,-1.05949,-0.15146,1.05956
12,0.64964,-0.00977,-0.04444,3.19101,0,-0.96165,-0.37001,1.12426,-1.3991,1.02496,1.4714,1.54474,0.96661,0.48888,-1.78305,-1.74848,-1.22952,3.05196,-1.17408,-0.87873,-2.35353,-0.19052,-0.83808,-0.39075,0.45247,-0.28478,-4.2482,2.96155,3.09375,21.6853,4.43404,-0.20964,-7.82645,1.1376,1.1996,-4.35468,0.32355,-1.33421,-0.20458,1.64053
12.02,0.57044,-0.00731,-0.06734,3.2768,0,-0.7214,-0.04505,0.96745,-1.26692,1.37932,1.3279,1.44317,-0.1064,0.27856,-2.09876,-1.64185,-3.33189,2.82136,-1.43888,-1.28283,-2.24398,0.07267,-0.7483,-0.33409,0.37631,-0.32989,-5.3753,2.4368,2.95911,23.42786,3.78809,-0.16863,-6.47741,0.96157,0.99911,-4.87772,0.36234,-1.55635,-0.25129,2.02018
12.04,0.48762,-0.01227,-0.08489,3.31,0,-0.43051,0.27336,0.77097,-1.08748,1.65677,1.14433,1.30337,-0.93582,0.08048,-2.26897,-1.54033,-5.23671,2.54326,-1.62902,-1.60758,-2.06585,0.32104,-0.64359,-0.27352,0.30728,-0.35895,-6.30716,1.78735,2.63216,24.47733,2.91561,-0.10905,-4.80064,0.76443,0.72904,-5.15773,0.43241,-1.71931,-0.28937,2.19463
12.06,0.40434,-0.02396,-0.09781,3.29399,0,-0.10159,0.57648,0.54023,-0.86684,1.84596,0.92728,1.12688,-1.47482,-0.08944,-2.2615,-1.44346,-6.75869,2.2394,-1.7138,-1.83821,-1.8242,0.55428,-0.52674,-0.21178,0.24427,-0.36922,-7.01478,1.05058,2.14452,24.76912,1.89874,-0.03795,-2.92208,0.5619,0.40822,-5.20765,0.51178,-1.81619,-0.31702,2.17654
12.08,0.32346,-0.04104,-0.10709,3.23668,0,0.2487,0.85651,0.28426,-0.61487,1.94202,0.6862,0.91816,-1.70247,-0.2213,-2.05816,-1.34998,-7.75298,1.92902,-1.67179,-1.9681,-1.52899,0.77423,-0.40116,-0.1516,0.18648,-0.35989,-7.48057,0.27026,1.52978,24.27353,0.83121,0.03632,-0.97239,0.37039,0.06006,-5.0551,0.57633,-1.8406,-0.3329,1.99087
12.1,0.24732,-0.06167,-0.11388,3.14913,0,0.60083,1.10718,0.01508,-0.34413,1.94672,0.43245,0.68462,-1.633,-0.31244,-1.66157,-1.25886,-8.13827,1.62457,-1.49634,-1.99903,-1.19438,0.98392,-0.27091,-0.09546,0.134,-0.33213,-7.69897,-0.50699,0.82374,22.99814,-0.19373,0.10518,0.92397,0.20483,-0.28958,-4.73745,0.60356,-1.7878,-0.33611,1.67043
12.12,0.17765,-0.08376,-0.11938,3.04394,0,0.93404,1.32408,-0.25332,-0.06872,1.86793,0.17836,0.43627,-1.31868,-0.3676,-1.09784,-1.16997,-7.90736,1.32933,-1.19787,-1.94056,-0.83753,1.18646,-0.1406,-0.0453,0.08812,-0.28892,-7.67627,-1.23532,0.06467,20.98777,-1.0936,0.16079,2.65707,0.07704,-0.61462,-4.29748,0.57584,-1.65588,-0.32622,1.25223
12.14,0.1155,-0.10518,-0.12476,2.93372,0,1.22804,1.50492,-0.50629,0.19702,1.71842,-0.06392,0.18486,-0.84484,-0.398,-0.41413,-1.08432,-7.12268,1.03721,-0.80241,-1.80843,-0.47709,1.38404,-0.01513,-0.00249,0.05115,-0.23467,-7.42965,-1.87314,-0.70665,18.32149,-1.80398,0.19682,4.13671,-0.0055,-0.89112,-3.7801,0.48251,-1.44688,-0.30321,0.77493
12.16,0.06122,-0.12395,-0.13104,2.82975,0,1.46501,1.64943,-0.73001,0.43983,1.51413,-0.28342,-0.05739,-0.31809,-0.41935,0.32839,-1.00388,-5.89953,0.73474,-0.34678,-1.62226,-0.13141,1.57691,0.10064,0.03217,0.02595,-0.17466,-6.98562,-2.38641,-1.44773,15.1074,-2.28284,0.20898,5.29507,-0.04011,-1.09944,-3.23003,0.32092,-1.16767,-0.26749,0.27749
12.18,0.01453,-0.13847,-0.139,2.74089,0,1.63134,1.75934,-0.91303,0.64864,1.27231,-0.4713,-0.27912,0.14948,-0.44936,1.06407,-0.93113,-4.38293,0.40465,0.12778,-1.40302,0.1832,1.76279,0.20237,0.05839,0.01519,-0.11443,-6.37835,-2.7514,-2.11582,11.47666,-2.51209,0.19539,6.08766,-0.02893,-1.22615,-2.69032,0.0964,-0.83047,-0.21988,-0.20169
12.2,-0.02543,-0.14763,-0.14912,2.67288,0,1.71902,1.8381,-1.04744,0.81557,1.00983,-0.62158,-0.47102,0.45689,-0.50505,1.73266,-0.86855,-2.725,0.02997,0.58188,-1.17065,0.45384,1.9367,0.28658,0.07622,0.02068,-0.05918,-5.64801,-2.95645,-2.66996,7.57755,-2.49679,0.1567,6.49321,0.02167,-1.26528,-2.20091,-0.17863,-0.4528,-0.16164,-0.62564
12.22,-0.05991,-0.1509,-0.16153,2.62796,0,1.72624,1.89054,-1.12945,0.93647,0.74178,-0.73139,-0.62658,0.52844,-0.60042,2.28738,-0.81819,-1.06796,-0.40177,0.98238,-0.94217,0.67188,2.09132,0.35092,0.08602,0.04275,-0.01325,-4.83887,-3.00244,-3.07369,3.56938,-2.26241,0.09599,6.51301,0.10203,-1.21855,-1.79674,-0.48632,-0.05672,-0.09455,-0.96058
12.24,-0.09041,-0.14828,-0.17598,2.60473,0,1.65715,1.92237,-1.15937,1.01111,0.48054,-0.80093,-0.74232,0.32373,-0.74442,2.70005,-0.78129,0.46501,-0.89514,1.30451,-0.73035,0.83309,2.21798,0.39427,0.08838,0.07996,0.02029,-3.99697,-2.9016,-3.29803,-0.38435,-1.85036,0.01843,6.16989,0.20049,-1.09466,-1.50509,-0.80577,0.33292,-0.02095,-1.17851
12.26,-0.11845,-0.14026,-0.19192,2.59826,0,1.52085,1.93954,-1.14099,1.04301,0.23519,-0.83301,-0.81763,-0.15713,-0.93953,2.96292,-0.7581,1.77191,-1.44434,1.5318,-0.54304,0.93728,2.30804,0.41666,0.08411,0.12907,0.03991,-3.16747,-2.67524,-3.32475,-4.12372,-1.31254,-0.0692,5.50677,0.30498,-0.90764,-1.34235,-1.11566,0.69085,0.05625,-1.26065
12.28,-0.14536,-0.12768,-0.20849,2.60047,0,1.33,1.94768,-1.08063,1.03903,0.01148,-0.83254,-0.85426,-0.87334,-1.18085,3.08732,-0.7478,2.77054,-2.03201,1.65482,-0.38303,0.98759,2.3545,0.41917,0.0743,0.18522,0.04572,-2.39188,-2.35076,-3.14919,-7.50065,-0.7056,-0.15917,4.5848,0.40441,-0.67481,-1.31115,-1.39697,0.994,0.13355,-1.20067
12.3,-0.17213,-0.11157,-0.22463,2.60077,0,1.09923,1.95157,-0.98604,1.00865,-0.18796,-0.80582,-0.8557,-1.7483,-1.45561,3.09931,-0.74861,3.39712,-2.62936,1.66983,-0.24858,0.98954,2.35354,0.40366,0.06033,0.24238,0.03942,-1.70548,-1.95842,-2.78214,-10.38694,-0.08577,-0.24349,3.48033,0.48997,-0.41462,-1.39872,-1.63502,1.22385,0.20699,-1.0068
12.32,-0.19921,-0.09305,-0.23918,2.58675,0,0.84355,1.95464,-0.86539,0.96303,-0.36297,-0.75987,-0.82657,-2.6796,-1.74321,3.03239,-0.75781,3.60833,-3.19784,1.57801,-0.13432,0.95017,2.30551,0.37256,0.04387,0.29396,0.02398,-1.13495,-1.5284,-2.2498,-12.68167,0.49535,-0.31459,2.27981,0.55584,-0.14467,-1.57748,-1.82062,1.36806,0.27233,-0.7016
12.34,-0.22644,-0.07316,-0.25092,2.54503,0,0.57693,1.95863,-0.72623,0.91384,-0.51501,-0.70178,-0.772,-3.55362,-2.01578,2.91784,-0.77194,3.38768,-3.69237,1.3858,-0.03264,0.87705,2.21513,0.32856,0.02691,0.33354,0.00314,-0.69633,-1.08804,-1.59153,-14.31751,0.99391,-0.36602,1.07252,0.59932,0.11979,-1.80799,-1.95008,1.42114,0.32539,-0.31923
12.36,-0.25299,-0.05274,-0.25874,2.46225,0,0.31101,1.96321,-0.57484,0.87188,-0.64616,-0.63816,-0.69718,-4.26322,-2.23927,2.77401,-0.78684,2.75525,-4.06566,1.10589,0.06479,0.77767,2.09109,0.27428,0.01163,0.35565,-0.01923,-0.3935,-0.65969,-0.8558,-15.26593,1.37601,-0.39304,-0.05828,0.62061,0.36708,-2.04416,-2.02426,1.38422,0.36242,0.09947
12.38,-0.27742,-0.03238,-0.26164,2.32624,0,0.05443,1.96595,-0.41579,0.84576,-0.75825,-0.57469,-0.60714,-4.72574,-2.37498,2.59618,-0.79771,1.77715,-4.27312,0.75837,0.16542,0.65891,1.94496,0.21217,0.00035,0.3565,-0.03985,-0.2176,-0.25928,-0.09515,-15.54065,1.61899,-0.39313,-1.04415,0.62207,0.58957,-2.23932,-2.04716,1.2643,0.38057,0.51279
12.4,-0.29773,-0.01237,-0.25891,2.12734,0,-0.18742,1.9625,-0.25204,0.84083,-0.85225,-0.51593,-0.50676,-4.89805,-2.38154,2.34941,-0.79913,0.57013,-4.27732,0.37092,0.27455,0.52715,1.78984,0.14432,-0.0046,0.33442,-0.05664,-0.14779,0.10408,0.6388,-15.19785,1.71217,-0.36629,-1.83809,0.60744,0.78366,-2.35227,-2.02421,1.07319,0.37823,0.88351
12.42,-0.31161,0.00722,-0.25008,1.85976,0,-0.41185,1.94699,-0.08547,0.85839,-0.92798,-0.4653,-0.40106,-4.78563,-2.21714,1.96607,-0.78494,-0.70284,-4.0511,-0.02277,0.39447,0.38857,1.63854,0.0726,-0.00096,0.28999,-0.06911,-0.15383,0.4273,1.29969,-14.33121,1.65684,-0.31503,-2.41745,0.58095,0.94905,-2.35191,-1.96074,0.82613,0.35519,1.18267
12.44,-0.31664,0.02647,-0.23501,1.52277,0,-0.61777,1.91275,0.08212,0.89546,-0.98428,-0.42522,-0.29568,-4.44404,-1.84214,1.3489,-0.74813,-1.84772,-3.57909,-0.38672,0.52423,0.24994,1.5016,-0.00113,0.01334,0.22571,-0.07855,-0.20045,0.71152,1.84963,-13.06141,1.46564,-0.24405,-2.78258,0.54645,1.08735,-2.21998,-1.86066,0.5404,0.31265,1.39121
12.46,-0.31059,0.04541,-0.21382,1.12156,0,-0.80414,1.85307,0.248,0.945,-1.01952,-0.3975,-0.1973,-3.97315,-1.22184,0.37976,-0.68085,-2.66349,-2.85765,-0.68783,0.65982,0.11944,1.38532,-0.07479,0.04007,0.14541,-0.0879,-0.25277,0.95971,2.26142,-11.5216,1.16131,-0.15962,-2.95205,0.50665,1.20042,-1.95182,-1.72559,0.23387,0.25304,1.49978
12.48,-0.29172,0.06393,-0.18684,0.66751,0,-0.9686,1.76222,0.40745,0.99678,-1.03223,-0.38362,-0.11408,-3.50541,-0.32958,-1.06722,-0.57475,-2.97021,-1.89387,-0.90133,0.79488,0.00743,1.29029,-0.14574,0.08065,0.05341,-0.10142,-0.28179,1.17413,2.5198,-9.8421,0.77485,-0.06882,-2.95588,0.46259,1.2888,-1.55564,-1.55436,-0.07633,0.17965,1.5073
12.5,-0.25904,0.08161,-0.15461,0.17763,0,-1.10655,1.63624,0.55345,1.03882,-1.02181,-0.38516,-0.05571,-3.18983,0.85021,-3.10918,-0.4219,-2.63498,-0.70426,-1.01487,0.92151,-0.0733,1.21073,-0.21064,0.13595,-0.04611,-0.1241,-0.26853,1.35449,2.6219,-8.13753,0.34296,0.02129,-2.82885,0.41337,1.35063,-1.05057,-1.34326,-0.37492,0.09634,1.41912
12.52,-0.21242,0.09777,-0.11777,-0.32718,0,-1.211,1.47364,0.67706,1.05934,-0.9888,-0.40399,-0.03286,-3.17274,2.31905,-5.8361,-0.21637,-1.59037,0.68682,-1.02987,1.03126,-0.10799,1.13517,-0.26542,0.20626,-0.1496,-0.16102,-0.20577,1.49722,2.57669,-6.49844,-0.09531,0.10437,-2.60499,0.35623,1.38134,-0.46368,-1.08661,-0.64927,0.00716,1.24526
12.54,-0.1526,0.11148,-0.07704,-0.82509,0,-1.27346,1.2756,0.76869,1.04918,-0.93491,-0.44237,-0.05621,-3.57673,4.06191,-9.29172,0.04367,0.15728,2.24842,-0.95971,1.11593,-0.08124,1.04827,-0.30552,0.2911,-0.25432,-0.21643,-0.09702,1.59595,2.40359,-4.98831,-0.50282,0.17545,-2.31409,0.28696,1.37434,0.17362,-0.77783,-0.88996,-0.0839,0.9991
12.56,-0.08106,0.12176,-0.03313,-1.29698,0,-1.28553,1.04584,0.82016,1.00416,-0.86253,-0.50271,-0.13486,-4.47956,6.04493,-13.45487,0.35366,2.52928,3.9438,-0.82538,1.16836,0.02089,0.93368,-0.32634,0.38914,-0.35824,-0.29293,0.04684,1.64324,2.13041,-3.64512,-0.84892,0.23138,-1.98031,0.20059,1.32235,0.82967,-0.41095,-1.09103,-0.1732,0.69658
12.58,0.00014,0.12771,0.01326,-1.73013,0,-1.24093,0.79023,0.82674,0.92704,-0.77412,-0.5872,-0.27458,-5.89562,8.21311,-18.22288,0.70089,5.38295,5.72991,-0.65007,1.18297,0.20843,0.77722,-0.32381,0.498,-0.45977,-0.39065,0.21194,1.63277,1.79085,-2.48608,-1.11387,0.27111,-1.6223,0.09237,1.21923,1.47616,0.01783,-1.25002,-0.2576,0.35569
12.6,0.08863,0.12871,0.06153,-2.12061,0,-1.13722,0.51623,0.78878,0.82824,-0.67137,-0.69717,-0.47616,-7.76329,10.48776,-23.39881,1.06388,8.5239,7.55519,-0.45431,1.15597,0.48506,0.56983,-0.29496,0.61416,-0.55748,-0.50673,0.38563,1.56149,1.4218,-1.51356,-1.29185,0.29574,-1.25437,-0.04124,1.06165,2.09085,0.50836,-1.36766,-0.33456,-0.0039
12.62,0.18186,0.12452,0.11108,-2.47369,0,-0.97678,0.23215,0.71222,0.72496,-0.55446,-0.83222,-0.73416,-9.94118,12.76384,-28.68542,1.41368,11.72024,9.35529,-0.25317,1.08517,0.8462,0.30949,-0.2384,0.7328,-0.64983,-0.63508,0.55921,1.43101,1.06049,-0.7204,-1.39183,0.3083,-0.88784,-0.20146,0.85013,2.65867,1.05504,-1.44722,-0.40214,-0.36147
12.64,0.27727,0.11527,0.16129,-2.80196,0,-0.76684,-0.05374,0.60783,0.63835,-0.4214,-0.98925,-1.03632,-12.21506,14.9082,-33.68869,1.71718,14.71787,11.04787,-0.05585,0.9694,1.27787,0.00173,-0.15467,0.84766,-0.73504,-0.76672,0.72871,1.24779,0.74147,-0.09364,-1.43609,0.31323,-0.53216,-0.38636,0.58936,3.17131,1.64567,-1.49352,-0.4589,-0.69633
12.66,0.37241,0.10137,0.2115,-3.12157,0,-0.51847,-0.33413,0.48924,0.58935,-0.26763,-1.16158,-1.36387,-14.31557,16.76059,-37.93465,1.94204,17.25715,12.52846,0.13251,0.80776,1.75666,-0.34104,-0.04632,0.95109,-0.81102,-0.89037,0.89395,1.02242,0.49357,0.38362,-1.45646,0.31566,-0.19556,-0.59019,0.28769,3.62544,2.26091,-1.51175,-0.50372,-0.98929
12.68,0.46502,0.08348,0.26089,-3.44773,0,-0.24518,-0.60343,0.3705,0.59426,-0.08619,-1.33843,-1.69248,-15.94518,18.13987,-40.90225,2.0621,19.09144,13.67048,0.30796,0.59907,2.25078,-0.7013,0.08212,1.03433,-0.87545,-0.99351,1.05649,0.7682,0.33736,0.73166,-1.48933,0.32068,0.1147,-0.80314,-0.0439,4.02052,2.87459,-1.50634,-0.53573,-1.22426
12.7,0.55307,0.06229,0.30846,-3.79055,0,0.03875,-0.85826,0.26369,0.66098,0.13143,-1.50517,-1.99409,-16.81185,18.85713,-42.07421,2.06216,20.00754,14.33211,0.46514,0.34193,2.72223,-1.05871,0.22434,1.08796,-0.92582,-1.06353,1.21733,0.49953,0.28329,0.97397,-1.57026,0.33256,0.39234,-1.01158,-0.3929,4.35655,3.45477,-1.48019,-0.55412,-1.38965
12.72,0.63477,0.03856,0.35307,-4.15213,0,0.31964,-1.09736,0.17713,0.7872,0.39362,-1.64446,-2.23947,-16.6666,18.73694,-41.00472,1.94063,19.84718,14.372,0.59596,0.03553,3.13013,-1.39261,0.37268,1.10279,-0.95942,-1.08894,1.37513,0.23041,0.33106,1.13677,-1.72891,0.35428,0.63224,-1.19903,-0.74632,4.63255,3.96592,-1.43435,-0.55822,-1.47919
12.74,0.70854,0.013,0.39344,-4.52549,0,0.58544,-1.3211,0.11454,0.96063,0.70622,-1.73846,-2.40135,-15.34161,17.64508,-37.39937,1.70977,18.52835,13.67302,0.6902,-0.3187,3.43508,-1.68459,0.51867,1.071,-0.97325,-1.06055,1.52532,-0.02672,0.47029,1.24777,-1.98479,0.38718,0.83074,-1.34774,-1.09153,4.84568,4.37199,-1.36819,-0.54746,-1.49205
12.76,0.77298,-0.01367,0.42825,-4.89522,0,0.82637,-1.53053,0.07504,1.16135,1.06976,-1.77176,-2.45789,-12.78456,15.51954,-31.19692,1.39356,16.06411,12.17068,0.73769,-0.71513,3.60395,-1.92065,0.65372,0.98738,-0.96401,-0.9725,1.66022,-0.2618,0.68217,1.3341,-2.34419,0.43084,0.98591,-1.44073,-1.41682,4.99142,4.64028,-1.28008,-0.52155,-1.43238
12.78,0.82681,-0.04066,0.45624,-5.23957,0,1.03519,-1.7264,0.05384,1.36509,1.47708,-1.7348,-2.396,-9.08318,12.39766,-22.63573,1.02406,12.57525,9.8796,0.73128,-1.14199,3.61452,-2.09288,0.76984,0.85059,-0.92812,-0.82313,1.76999,-0.4676,0.94191,1.41995,-2.79827,0.48315,1.09784,-1.46412,-1.71184,5.06445,4.74548,-1.1683,-0.48063,-1.30846
12.8,0.86893,-0.06715,0.47637,-5.53328,0,1.20711,-1.90836,0.04349,1.54687,1.91189,-1.62687,-2.2137,-4.47181,8.43098,-12.26078,0.63717,8.29123,6.90957,0.66942,-1.58049,3.45871,-2.20012,0.86025,0.66403,-0.86214,-0.61554,1.844,-0.63967,1.22133,1.52418,-3.32263,0.54047,1.16875,-1.40908,-1.96772,5.05992,4.6732,-1.03209,-0.42548,-1.13164
12.82,0.89842,-0.09216,0.48786,-5.7506,0,1.33945,-2.07444,0.03528,1.68381,2.34913,-1.4579,-1.92092,0.68703,3.87955,-0.82389,0.26838,3.53388,3.46348,0.55757,-2.00524,3.14341,-2.24727,0.91985,0.43597,-0.76339,-0.35775,1.87232,-0.77606,1.49137,1.65852,-3.87843,0.5978,1.20286,-1.27313,-2.17704,4.97471,4.42197,-0.87246,-0.35765,-0.91534
12.84,0.91453,-0.11464,0.49027,-5.86788,0,1.43102,-2.22104,0.0207,1.75691,2.75715,-1.24655,-1.53805,5.94796,-0.91715,10.85501,-0.05092,-1.31759,-0.1857,0.40767,-2.38658,2.68858,-2.24331,0.94526,0.17891,-0.63094,-0.06223,1.84709,-0.87659,1.72427,1.82646,-4.41513,0.64904,1.20603,-1.06045,-2.33361,4.80818,4.00346,-0.69272,-0.27956,-0.67396
12.86,0.91679,-0.13344,0.48351,-5.86582,0,1.48149,-2.34325,-0.00712,1.7518,3.10163,-1.01359,-1.09147,10.84806,-5.58778,21.94307,-0.29654,-5.87567,-3.73465,0.23614,-2.69415,2.12318,-2.19842,0.9349,-0.09183,-0.46657,0.25505,1.76362,-0.94209,1.89538,2.02311,-4.87476,0.68724,1.1851,-0.78134,-2.43224,4.56264,3.44102,-0.49852,-0.1944,-0.4219
12.88,0.90501,-0.14745,0.46779,-5.73138,0,1.49089,-2.43567,-0.05238,1.65883,3.35017,-0.77414,-0.60682,14.97818,-9.78408,31.61208,-0.45351,-9.79751,-6.89658,0.06096,-2.90124,1.48008,-2.12116,0.88872,-0.35985,-0.2757,0.57589,1.62126,-0.97367,1.98465,2.23576,-5.1974,0.70506,1.14738,-0.45109,-2.46863,4.24349,2.76714,-0.29765,-0.10605,-0.17266
12.9,0.87941,-0.15567,0.44363,-5.45916,0,1.4593,-2.49321,-0.11595,1.47287,3.47673,-0.53441,-0.10432,18.0433,-13.22964,39.14198,-0.5171,-12.8295,-9.44325,-0.10129,-2.98857,0.7914,-2.01641,0.80814,-0.6095,-0.06767,0.88141,1.42392,-0.9723,1.97765,2.44532,-5.32726,0.69524,1.10015,-0.08846,-2.43954,3.85905,2.02039,-0.09951,-0.01884,0.0618
12.92,0.84065,-0.15732,0.41184,-5.05201,0,1.38699,-2.5119,-0.19532,1.19317,3.46471,-0.29282,0.40099,19.8979,-15.75133,44.0705,-0.49245,-14.83354,-11.23243,-0.23765,-2.94673,0.08516,-1.88485,0.69584,-0.82731,0.14481,1.15353,1.18011,-0.9387,1.86609,2.6283,-5.21886,0.65132,1.05046,0.28602,-2.34315,3.42012,1.24209,0.08573,0.06279,0.2716
12.94,0.78987,-0.15196,0.37342,-4.52058,0,1.27471,-2.48937,-0.28525,0.82329,3.3083,-0.04242,0.89553,20.55001,-17.28844,46.26657,-0.39298,-15.79061,-12.21639,-0.34,-2.77673,-0.61625,-1.7241,0.5556,-1.00303,0.34707,1.37651,0.90238,-0.87373,1.64786,2.75944,-4.8426,0.56848,1.00498,0.65177,-2.17955,2.93898,0.47284,0.24816,0.13464,0.44931
12.96,0.72856,-0.13955,0.32957,-3.88213,0,1.12432,-2.42514,-0.37883,0.3712,3.01216,0.22664,1.36482,20.13801,-17.88176,45.90366,-0.23782,-15.78461,-12.43301,-0.40519,-2.48888,-1.29604,-1.53118,0.39221,-1.13024,0.52471,1.53835,0.6063,-0.77894,1.32681,2.81459,-4.18948,0.44437,0.96989,0.98993,-1.95133,2.42808,-0.25078,0.37933,0.19321,0.59012
12.98,0.65858,-0.12055,0.28152,-3.15891,0,0.93941,-2.3207,-0.46883,-0.15066,2.59011,0.52454,1.7945,18.89056,-17.64972,43.38196,-0.04889,-14.97398,-11.98579,-0.43446,-2.10065,-1.94182,-1.30553,0.21135,-1.20651,0.66595,1.63192,0.30909,-0.65735,0.91267,2.77377,-3.27441,0.28007,0.95051,1.28492,-1.66418,1.89892,-0.8991,0.47336,0.23613,0.69196
13,0.58201,-0.09591,0.23057,-2.37631,0,0.72576,-2.17943,-0.5489,-0.7255,2.06308,0.85903,2.17293,17.08143,-16.75929,39.23697,0.15184,-13.55949,-11.01928,-0.43239,-1.63422,-2.54379,-1.05169,0.01948,-1.23325,0.76359,1.65558,0.02803,-0.514,0.42123,2.62381,-2.1372,0.08069,0.95031,1.52553,-1.3272,1.36108,-1.45129,0.52783,0.26242,0.75529
13.02,0.50109,-0.06703,0.178,-1.56091,0,0.4914,-2.00637,-0.61444,-1.3328,1.45692,1.23243,2.49226,14.9882,-15.39767,34.05283,0.34453,-11.75435,-9.69511,-0.40575,-1.11404,-3.0931,-0.78061,-0.17629,-1.21519,0.81588,1.61314,-0.22105,-0.35608,-0.12507,2.36019,-0.84033,-0.14429,0.96934,1.70545,-0.95273,0.82197,-1.89609,0.5441,0.2726,0.78268
13.04,0.41804,-0.03563,0.12501,-0.73837,0,0.24614,-1.80769,-0.66291,-1.94955,0.79999,1.63817,2.74769,12.86005,-13.74833,28.39115,0.51281,-9.76041,-8.17205,-0.36238,-0.5648,-3.58047,-0.50925,-0.36846,-1.15957,0.82628,1.51287,-0.42534,-0.19248,-0.69646,1.98777,0.53689,-0.3813,1.00197,1.8231,-0.55556,0.28689,-2.23134,0.52707,0.26852,0.77816
13.06,0.33494,-0.00353,0.07271,0.06863,0,0.00057,-1.58997,-0.69381,-2.55194,0.12099,2.05849,2.93621,10.89623,-11.97326,22.73977,0.6444,-7.7517,-6.59118,-0.31023,-0.0098,-3.99553,-0.25856,-0.54947,-1.07514,0.80213,1.36608,-0.57646,-0.03298,-1.2556,1.52048,1.907,-0.61345,1.03481,1.88099,-0.15157,-0.24044,-2.46249,0.48446,0.25298,0.74631
13.08,0.25356,0.02754,0.02202,0.84203,0,-0.23497,-1.35961,-0.70825,-3.11727,-0.55294,2.46625,3.05564,9.23477,-10.20199,17.48159,0.73129,-5.86517,-5.06672,-0.25664,0.5301,-4.32689,-0.05043,-0.7121,-0.9711,0.75276,1.18535,-0.67148,0.11295,-1.75832,0.98025,3.18422,-0.82191,1.04558,1.88468,0.24369,-0.75702,-2.6005,0.42569,0.2293,0.69151
13.1,0.17526,0.0561,-0.02629,1.56909,0,-0.45145,-1.12231,-0.70845,-3.62539,-1.19745,2.83133,3.10411,7.94939,-8.5268,12.88089,0.76949,-4.19745,-3.68185,-0.20778,1.03701,-4.56279,0.09555,-0.8499,-0.85623,0.68761,0.98301,-0.71332,0.23713,-2.15626,0.39532,4.29347,-0.98767,1.0042,1.84177,0.61635,-1.25966,-2.6596,0.36071,0.20082,0.61735
13.12,0.10103,0.08104,-0.07164,2.24201,0,-0.64171,-0.88282,-0.69723,-4.05933,-1.79144,3.12644,3.08001,7.05268,-7.00318,9.08374,0.75876,-2.80633,-2.4887,-0.16833,1.49601,-4.692,0.165,-0.95746,-0.73819,0.61473,0.77002,-0.7103,0.33343,-2.4018,-0.20189,5.177,-1.09363,0.87678,1.76074,0.95491,-1.74394,-2.65497,0.29879,0.17054,0.52648
13.14,0.03149,0.10166,-0.11357,2.85637,0,-0.8007,-0.64488,-0.67755,-4.40498,-2.31699,3.32936,2.98227,6.50366,-5.65414,6.12854,0.70227,-1.71531,-1.51137,-0.14136,1.89484,-4.70495,0.15075,-1.03062,-0.62309,0.53984,0.55537,-0.67477,0.39808,-2.45522,-0.77751,5.79774,-1.12684,0.63248,1.64983,1.25048,-2.20352,-2.60064,0.24744,0.1408,0.42076
13.16,-0.03301,0.11759,-0.1517,3.40899,0,-0.92522,-0.4113,-0.65214,-4.65017,-2.75888,3.42346,2.81115,6.21826,-4.47703,3.96317,0.60626,-0.92006,-0.75096,-0.12825,2.22344,-4.59492,0.05403,-1.06663,-0.51522,0.46616,0.34604,-0.62105,0.42964,-2.29306,-1.29911,6.13992,-1.08075,0.25214,1.5162,1.49647,-2.6297,-2.5078,0.21159,0.11317,0.30183
13.18,-0.09222,0.12871,-0.18569,3.89556,0,-1.0136,-0.18418,-0.62321,-4.78373,-3.10423,3.39833,2.56911,6.08149,-3.45163,2.46576,0.47969,-0.39547,-0.1915,-0.12886,2.47372,-4.35932,-0.11529,-1.06421,-0.41707,0.39455,0.14726,-0.56317,0.42881,-1.9158,-1.73866,6.20758,-0.9569,-0.26363,1.36529,1.68822,-3.01147,-2.38384,0.1931,0.08843,0.17186
13.2,-0.14596,0.13507,-0.21523,4.30903,0,-1.06532,0.03486,-0.59229,-4.79486,-3.34245,3.25085,2.26166,5.96053,-2.54827,1.46682,0.3338,-0.10268,0.19414,-0.14171,2.63953,-4.00073,-0.33932,-1.02364,-0.32956,0.32406,-0.0369,-0.51277,0.3981,-1.35255,-2.07495,6.02173,-0.76566,-0.8894,1.2007,1.82251,-3.3361,-2.23225,0.1907,0.06667,0.03423
13.22,-0.19401,0.13681,-0.23998,4.63887,0,-1.08083,0.24444,-0.56008,-4.67331,-3.4657,2.98654,1.89791,5.71808,-1.73477,0.77113,0.18146,0.00463,0.43894,-0.16435,2.7172,-3.52747,-0.59354,-0.94667,-0.25232,0.25256,-0.20292,-0.47773,0.3417,-0.66034,-2.29513,5.61656,-0.52547,-1.57518,1.02448,1.89747,-3.59008,-2.05344,0.20056,0.04753,-0.10584
13.24,-0.23613,0.13412,-0.25964,4.87161,0,-1.0615,0.44334,-0.52624,-4.41032,-3.46985,2.62097,1.49033,5.22537,-0.98161,0.1785,0.03616,-0.02502,0.57745,-0.19374,2.70623,-2.95342,-0.84903,-0.83641,-0.18421,0.17725,-0.34728,-0.46149,0.26532,0.0825,-2.39519,5.03501,-0.2605,-2.25293,0.83783,1.9126,-3.76056,-1.84643,0.21733,0.03046,-0.24116
13.26,-0.27206,0.12721,-0.27393,4.99262,0,-1.00985,0.63049,-0.48936,-4.00028,-3.35586,2.18002,1.05419,4.37465,-0.26534,-0.49736,-0.08922,-0.14512,0.64262,-0.22673,2.61033,-2.29731,-1.07524,-0.69714,-0.12384,0.09522,-0.46614,-0.46323,0.17617,0.78787,-2.37969,4.32418,0.00298,-2.84778,0.64206,1.8692,-3.837,-1.61099,0.23553,0.01512,-0.36267
13.28,-0.30163,0.11636,-0.28271,4.98863,0,-0.92976,0.80504,-0.44695,-3.44295,-3.13124,1.69558,0.60662,3.09066,0.42941,-1.41219,-0.1838,-0.31431,0.66362,-0.2605,2.4384,-1.58176,-1.24292,-0.5341,-0.06998,0.00389,-0.55524,-0.47856,0.08284,1.37178,-2.26075,3.53125,0.24055,-3.29159,0.43958,1.77085,-3.81295,-1.34985,0.25098,0.00163,-0.46006
13.3,-0.32482,0.10194,-0.28595,4.85059,0,-0.8267,0.9664,-0.39568,-2.74567,-2.811,1.19656,0.16576,1.33983,1.10888,-2.67775,-0.24007,-0.49865,0.6645,-0.29299,2.20503,-0.83265,-1.32687,-0.3534,-0.02201,-0.09853,-0.61005,-0.50058,-0.005,1.76726,-2.05676,2.70033,0.43319,-3.5349,0.2347,1.62389,-3.68752,-1.07039,0.26194,-0.00923,-0.52262
13.32,-0.34182,0.08444,-0.28383,4.57592,0,-0.70766,1.11417,-0.33185,-1.92493,-2.41755,0.70151,-0.24993,-0.86374,1.76974,-4.35213,-0.255,-0.67301,0.66348,-0.32299,1.93004,-0.07849,-1.30795,-0.162,0.01991,-0.21261,-0.62631,-0.52106,-0.07727,1.93353,-1.7907,1.87032,0.56946,-3.55454,0.03391,1.43745,-3.46608,-0.78518,0.26962,-0.01601,-0.54047
13.34,-0.35295,0.06446,-0.27672,4.1699,0,-0.58073,1.24801,-0.25204,-1.00691,-1.97912,0.21797,-0.62217,-3.45672,2.39914,-6.43452,-0.23078,-0.82167,0.67268,-0.35027,1.63692,0.64985,-1.17438,0.03236,0.05483,-0.33718,-0.60074,-0.53152,-0.12445,1.86015,-1.48817,1.07375,0.64602,-3.35541,-0.15441,1.22301,-3.15995,-0.51114,0.27788,-0.01675,-0.50597
13.36,-0.35869,0.04271,-0.26514,3.646,0,-0.45436,1.36736,-0.15396,-0.02678,-1.52706,-0.25364,-0.93329,-6.32931,2.97534,-8.86463,-0.17517,-0.93829,0.69835,-0.37536,1.35019,1.3196,-0.9223,0.22117,0.08123,-0.46897,-0.53196,-0.52431,-0.13888,1.56619,-1.17529,0.33646,0.66673,-2.96674,-0.32087,0.99343,-2.7852,-0.26741,0.29234,-0.00935,-0.41511
13.38,-0.35954,0.01998,-0.2497,3.02557,0,-0.33652,1.47127,-0.03726,0.97286,-1.09237,-0.71516,-1.16673,-9.33205,3.46891,-11.52661,-0.10121,-1.02507,0.74131,-0.39936,1.09242,1.89676,-0.55583,0.39534,0.09733,-0.60234,-0.42138,-0.49352,-0.11602,1.09542,-0.87669,-0.32216,0.64073,-2.43506,-0.45634,0.76185,-2.36114,-0.07249,0.31901,0.00799,-0.26887
13.4,-0.35599,-0.00287,-0.23112,2.33672,0,-0.23389,1.55833,0.09591,1.94432,-0.70232,-1.16591,-1.30768,-12.28622,3.84483,-14.25768,-0.02648,-1.09126,0.79795,-0.42354,0.88119,2.34739,-0.08684,0.54539,0.10153,-0.72932,-0.27387,-0.4356,-0.05538,0.50902,-0.61374,-0.88834,0.58009,-1.8157,-0.55335,0.54056,-1.9086,0.05873,0.3629,0.03635,-0.07389
13.42,-0.34851,-0.02493,-0.21015,1.6126,0,-0.15126,1.62668,0.24066,2.83773,-0.37743,-1.59809,-1.34401,-14.99743,4.06539,-16.86164,0.02857,-1.15059,0.86151,-0.44911,0.7268,2.63949,0.46552,0.66198,0.09286,-0.83997,-0.09788,-0.34983,0.03916,-0.12329,-0.40323,-1.35286,0.49756,-1.16479,-0.60729,0.34005,-1.44843,0.11758,0.42669,0.07571,0.15751
13.44,-0.33752,-0.04529,-0.18756,0.88883,0,-0.09125,1.6742,0.38962,3.60452,-0.12935,-1.99224,-1.26746,-17.2721,4.09406,-19.12682,0.0429,-1.21804,0.92374,-0.47681,0.63069,2.74574,1.07565,0.73653,0.07137,-0.92323,0.09488,-0.23836,0.15979,-0.7328,-0.25646,-1.7099,0.40461,-0.53259,-0.61737,0.16837,-1.00001,0.10349,0.50986,0.12475,0.40831
13.46,-0.32342,-0.06304,-0.16413,0.20043,0,-0.05421,1.69883,0.53372,4.20139,0.04045,-2.3147,-1.07512,-18.9356,3.90011,-20.84731,-0.00233,-1.30607,0.97658,-0.50665,0.58496,2.64693,1.71255,0.76209,0.03847,-0.96804,0.29048,-0.10612,0.29584,-1.26098,-0.17863,-1.956,0.31006,0.04124,-0.58722,0.03071,-0.58016,0.02491,0.6082,0.18078,0.65858
13.48,-0.30661,-0.07729,-0.14058,-0.42129,0,-0.0384,1.69896,0.66314,4.59417,0.14094,-2.522,-0.77102,-19.84964,3.46378,-21.84457,-0.12084,-1.42136,1.01369,-0.53773,0.57277,2.33556,2.3412,0.73427,-0.00283,-0.9648,0.47392,0.03964,0.43525,-1.66701,-0.16882,-2.0895,0.21929,0.5304,-0.52505,-0.07074,-0.20216,-0.10071,0.7139,0.23986,0.88759
13.5,-0.28756,-0.08724,-0.11761,-0.95136,0,-0.04033,1.67384,0.76843,4.76127,0.19056,-2.57369,-0.36745,-19.92555,2.78099,-21.98546,-0.31883,-1.56253,1.03123,-0.56815,0.56989,1.81901,2.92426,0.6521,-0.04789,-0.90681,0.63056,0.18991,0.56601,-1.93239,-0.22012,-2.11048,0.1341,0.92266,-0.44323,-0.13663,0.1248,-0.24804,0.81611,0.29705,1.07604
13.52,-0.26681,-0.09223,-0.09587,-1.37289,0,-0.05519,1.62383,0.84149,4.69566,0.21505,-2.44581,0.11425,-19.1299,1.86702,-21.19276,-0.59341,-1.7198,1.02771,-0.59508,0.5473,1.12143,3.42393,0.51861,-0.09057,-0.79147,0.74728,0.33463,0.67746,-2.06135,-0.32048,-2.02124,0.0532,1.21863,-0.3573,-0.1702,0.39587,-0.38618,0.90203,0.34681,1.20781
13.54,-0.24496,-0.0918,-0.07594,-1.6777,0,-0.07736,1.55044,0.87639,4.40545,0.24399,-2.1365,0.64386,-17.48154,0.75834,-19.4469,-0.93234,-1.87652,1.00273,-0.61495,0.47467,0.28376,3.80425,0.34098,-0.12363,-0.62114,0.81349,0.46355,0.76112,-2.07702,-0.45378,-1.82715,-0.02667,1.42885,-0.28434,-0.17665,0.61048,-0.48201,0.95843,0.38356,1.27117
13.56,-0.22265,-0.08581,-0.05829,-1.86617,0,-0.101,1.45616,0.86996,3.91295,0.30661,-1.66493,1.18354,-15.04206,-0.48767,-16.78068,-1.3148,-2.0123,0.95518,-0.62378,0.32455,-0.63804,4.03363,0.13031,-0.13947,-0.40351,0.82189,0.56726,0.81121,-2.0141,-0.60141,-1.5378,-0.10932,1.56981,-0.24083,-0.16256,0.77206,-0.50443,0.97357,0.40226,1.25943
13.58,-0.20047,-0.07446,-0.04324,-1.94635,0,-0.12055,1.34417,0.82216,3.25287,0.42728,-1.06762,1.69031,-11.90413,-1.79502,-13.27092,-1.71315,-2.10689,0.88155,-0.61759,0.07664,-1.5766,4.08758,-0.09905,-0.13091,-0.15145,0.76908,0.63809,0.82483,-1.91011,-0.744,-1.16801,-0.19759,1.65951,-0.24045,-0.13512,0.88751,-0.42867,0.93887,0.39904,1.17118
13.6,-0.17891,-0.05837,-0.03096,-1.93273,0,-0.13128,1.21808,0.73626,2.46982,0.6218,-0.39382,2.11959,-8.18162,-3.07377,-9.03092,-2.09518,-2.14379,0.7751,-0.5929,-0.27857,-2.45811,3.9512,-0.33047,-0.09231,0.11775,0.65594,0.67097,0.80197,-1.79705,-0.8632,-0.73829,-0.29207,1.71355,-0.29208,-0.10149,0.96651,-0.24009,0.85035,0.37172,1.01022
13.62,-0.15836,-0.03858,-0.0214,-1.84458,0,-0.12968,1.08161,0.61867,1.61522,0.89472,0.29986,2.43,-4.00405,-4.2269,-4.20531,-2.42681,-2.11249,0.62659,-0.54707,-0.73734,-3.20854,3.62098,-0.54635,-0.02054,0.38379,0.48777,0.6639,0.74528,-1.69524,-0.94332,-0.27424,-0.39036,1.74214,-0.39844,-0.06825,1.02061,0.06332,0.70917,0.3201,0.78511
13.64,-0.13906,-0.01645,-0.01431,-1.70412,0,-0.11375,0.93821,0.47847,0.74363,1.23848,0.95534,2.58895,0.48422,-5.15954,1.03214,-2.67485,-2.00912,0.42666,-0.47872,-1.28192,-3.76088,3.10557,-0.72979,0.08398,0.62549,0.27411,0.61816,0.65971,-1.61034,-0.97263,0.19526,-0.487,1.74845,-0.55552,-0.04092,1.06197,0.47011,0.52123,0.24594,0.50844
13.66,-0.1211,0.00644,-0.0092,-1.53451,0,-0.08314,0.79077,0.3267,-0.0913,1.63405,1.51904,2.57878,5.12126,-5.78945,6.47894,-2.80991,-1.83554,0.16925,-0.38786,-1.88143,-4.06268,2.42568,-0.86629,0.21656,0.82338,0.02832,0.53811,0.55201,-1.53343,-0.94454,0.64091,-0.57406,1.72848,-0.75283,-0.02367,1.10203,0.95619,0.29602,0.15279,0.19588
13.68,-0.10444,0.02844,-0.00541,-1.35795,0,-0.03916,0.64137,0.17537,-0.84085,2.05291,1.94744,2.40217,9.72371,-6.05737,11.90417,-2.80913,-1.59768,-0.1446,-0.27613,-2.49425,-4.08284,1.61321,-0.94547,0.36785,0.96225,-0.23324,0.43081,0.43011,-1.44408,-0.85822,1.03623,-0.64231,1.6724,-0.97442,-0.0191,1.15025,1.48716,0.04505,0.04559,-0.13495
13.7,-0.0889,0.04801,-0.00209,-1.19403,0,0.0153,0.49114,0.03654,-1.46458,2.46002,2.21115,2.08384,14.0849,-5.93493,17.051,-2.65848,-1.30371,-0.50409,-0.14673,-3.07156,-3.81615,0.70983,-0.96225,0.52425,1.03321,-0.49219,0.30545,0.30257,-1.31547,-0.71892,1.36043,-0.68268,1.56725,-1.20048,-0.02824,1.21296,2.02171,-0.2197,-0.06984,-0.46561
13.72,-0.07424,0.06384,0.00167,-1.05833,0,0.07614,0.34029,-0.07876,-1.93285,2.81742,2.29702,1.66288,17.97788,-5.42811,21.64393,-2.35419,-0.96271,-0.88805,-0.00436,-3.56191,-3.28417,-0.23524,-0.91733,0.66906,1.03463,-0.7295,0.17264,0.17785,-1.12095,-0.53755,1.60038,-0.68783,1.40072,-1.40948,-0.05058,1.29259,2.51599,-0.48694,-0.18724,-0.77798
13.74,-0.06012,0.07498,0.00677,-0.9614,0,0.13851,0.1883,-0.16143,-2.22811,3.08816,2.2079,1.17826,21.16528,-4.57545,25.40231,-1.90319,-0.58393,-1.26675,0.1451,-3.91646,-2.53186,-1.16824,-0.81673,0.78456,0.97193,-0.92718,0.04351,0.06361,-0.84116,-0.32954,1.75115,-0.65373,1.16564,-1.58062,-0.08432,1.38729,2.92854,-0.74683,-0.30045,-1.05543
13.76,-0.04615,0.08091,0.01397,-0.90797,0,0.19738,0.03411,-0.20521,-2.34539,3.24047,1.96054,0.65865,23.41614,-3.44166,28.06019,-1.32245,-0.17677,-1.60592,0.29502,-4.09463,-1.62089,-2.03458,-0.67063,0.85472,0.85622,-1.07006,-0.07118,-0.03404,-0.47073,-0.11316,1.81555,-0.58089,0.86421,-1.69646,-0.12674,1.491,3.22545,-0.99121,-0.40389,-1.28399
13.78,-0.03191,0.08156,0.02375,-0.89664,0,0.24825,-0.1236,-0.20736,-2.29197,3.25155,1.58234,0.12181,24.52756,-2.10884,29.39045,-0.63769,0.2489,-1.87194,0.43854,-4.06932,-0.62123,-2.78301,-0.49184,0.86792,0.70243,-1.14759,-0.16213,-0.11121,-0.0231,0.09264,1.80273,-0.47509,0.51124,-1.74529,-0.17452,1.59382,3.38489,-1.21356,-0.49291,-1.45333
13.8,-0.01698,0.07732,0.03628,-0.91996,0,0.28762,-0.28613,-0.16908,-2.08646,3.11066,1.10787,-0.42109,24.3475,-0.66705,29.22911,0.11854,0.68223,-2.03682,0.56912,-3.83103,0.39702,-3.36964,-0.29422,0.81916,0.52715,-1.15513,-0.22238,-0.16666,0.46802,0.27035,1.72643,-0.34727,0.13475,-1.72281,-0.22412,1.68292,3.40018,-1.40874,-0.56414,-1.55759
13.82,-0.00097,0.06899,0.05129,-0.96505,0,0.31339,-0.45452,-0.0954,-1.75712,2.82056,0.57542,-0.96003,22.7945,0.79416,27.49538,0.90939,1.11122,-2.08185,0.68095,-3.38955,1.3701,-3.76144,-0.0914,0.71101,0.34683,-1.09445,-0.24814,-0.20191,0.95179,0.40603,1.60299,-0.21236,-0.22672,-1.6325,-0.2721,1.74348,3.28044,-1.57263,-0.61557,-1.5957
13.84,0.0164,0.05767,0.06818,-1.01471,0,0.325,-0.62945,0.00532,-1.33946,2.39738,0.02396,-1.48081,19.87161,2.19251,24.20458,1.69662,1.52286,-1.99946,0.76933,-2.77318,2.24487,-3.93886,0.10421,0.55312,0.17624,-0.97338,-0.23935,-0.22091,1.36816,0.49102,1.44929,-0.08693,-0.53047,-1.48479,-0.31534,1.7601,3.04842,-1.70191,-0.64647,-1.57118
13.86,0.03532,0.04458,0.08605,-1.04909,0,0.32328,-0.81114,0.12239,-0.87333,1.86874,-0.50927,-1.96158,15.67374,3.45808,19.47344,2.44393,1.9039,-1.79322,0.8309,-2.02537,2.98078,-3.8976,0.28201,0.36055,0.02744,-0.8045,-0.20005,-0.22954,1.6591,0.52328,1.2809,0.01382,-0.73845,-1.29495,-0.3512,1.71819,2.73619,-1.79376,-0.6572,-1.49149
13.88,0.05578,0.03096,0.10386,-1.0476,0,0.31024,-0.99944,0.244,-0.39977,1.27091,-0.99065,-2.37573,10.38877,4.53667,13.51856,3.12002,2.24167,-1.47665,0.86383,-1.2,3.55027,-3.64935,0.43354,0.15124,-0.09084,-0.60351,-0.1383,-0.23472,1.78073,0.50809,1.11058,0.07912,-0.82625,-1.08051,-0.37765,1.60557,2.37972,-1.84594,-0.64898,-1.36714
13.9,0.07758,0.01787,0.12049,-0.99104,0,0.28877,-1.1938,0.35846,0.04207,0.64519,-1.39166,-2.69998,4.29135,5.3915,6.64751,3.70088,2.52503,-1.07133,0.86786,-0.35586,3.93798,-3.22115,0.55258,-0.05656,-0.17346,-0.38737,-0.06572,-0.24359,1.71268,0.45785,0.94735,0.10485,-0.78975,-0.85867,-0.39328,1.41398,2.01347,-1.85678,-0.62365,-1.21068
13.92,0.10028,0.00618,0.13493,-0.8637,0,0.26219,-1.3933,0.45542,0.41757,0.03404,-1.69009,-2.9197,-2.27231,6.00341,-0.75913,4.17074,2.74478,-0.6047,0.84425,0.44894,4.13925,-2.6529,0.63516,-0.24659,-0.21875,-0.17246,0.00354,-0.26263,1.46241,0.39094,0.79614,0.09438,-0.6471,-0.64412,-0.39737,1.14021,1.66608,-1.8254,-0.58346,-1.03553
13.94,0.12329,-0.00357,0.1463,-0.65519,0,0.23389,-1.59656,0.52677,0.69905,-0.52303,-1.87078,-3.02885,-8.90935,6.36956,-8.27542,4.52163,2.89375,-0.10767,0.79546,1.16229,4.15833,-1.99295,0.67951,-0.40626,-0.22818,0.02689,0.05444,-0.29694,1.06291,0.32927,0.65805,0.05749,-0.43522,-0.4476,-0.38984,0.78689,1.35737,-1.75182,-0.53098,-0.8549
13.96,0.14587,-0.01108,0.15398,-0.36202,0,0.20692,-1.80171,0.56743,0.86762,-0.99352,-1.92624,-3.0278,-15.21296,6.50133,-15.46518,4.75173,2.96644,0.38756,0.72482,1.7429,4.00649,-1.29243,0.68591,-0.52765,-0.20577,0.19966,0.07297,-0.34963,0.56513,0.29518,0.53123,0.00804,-0.20176,-0.27511,-0.37113,0.3629,1.09701,-1.63704,-0.46901,-0.68071
13.98,0.16721,-0.01632,0.15757,0.01137,0,0.18367,-2.0063,0.57578,0.91448,-1.35528,-1.85689,-2.9215,-20.7978,6.4218,-21.9194,4.86346,2.95874,0.84979,0.63615,2.16412,3.70052,-0.59926,0.6567,-0.60792,-0.15754,0.33902,0.04836,-0.4214,0.02735,0.30789,0.41193,-0.03925,0.00517,-0.12791,-0.3422,-0.11666,0.88466,-1.48324,-0.40054,-0.52293
14,0.1865,-0.01942,0.15698,0.45219,0,0.16566,-2.20741,0.55376,0.84149,-1.59884,-1.67112,-2.7182,-25.33211,6.1631,-27.2893,4.86146,2.86773,1.25063,0.53342,2.41622,3.26164,0.04674,0.59611,-0.64911,-0.09087,0.44258,-0.02524,-0.51035,-0.49534,0.38043,0.29584,-0.07182,0.14659,-0.00308,-0.30439,-0.63058,0.71136,-1.29392,-0.32877,-0.38937
14.02,0.20305,-0.02065,0.15234,0.9399,0,0.15348,-2.4016,0.50655,0.66063,-1.72796,-1.38466,-2.42858,-28.56142,5.76355,-31.30995,4.75114,2.69186,1.56627,0.4205,2.50666,2.7145,0.61684,0.51003,-0.65738,-0.01397,0.51219,-0.14758,-0.61217,-0.9591,0.51732,0.17934,-0.0815,0.19942,0.10538,-0.25934,-1.1521,0.56202,-1.07394,-0.25711,-0.28616
14.04,0.21629,-0.02034,0.14397,1.44782,0,0.14686,-2.58508,0.44178,0.39243,-1.75836,-1.01936,-2.06522,-30.32162,5.2644,-33.81205,4.53772,2.43134,1.77881,0.30104,2.45811,2.08629,1.09404,0.40568,-0.64186,0.06469,0.55308,-0.31207,-0.72045,-1.33556,0.7136,0.06048,-0.06547,0.159,0.20503,-0.20888,-1.64983,0.41874,-0.8295,-0.18909,-0.21873
14.06,0.22585,-0.01883,0.13231,1.94566,0,0.14485,-2.75382,0.36847,0.06345,-1.71486,-0.60136,-1.64221,-30.54309,4.70658,-34.72395,4.22598,2.08881,1.87752,0.17838,2.30472,1.40579,1.47177,0.29107,-0.61304,0.1368,0.57258,-0.50633,-0.8274,-1.61235,0.95497,-0.06022,-0.02611,0.03763,0.3033,-0.15488,-2.0893,0.26439,-0.56792,-0.12821,-0.19293
14.08,0.23161,-0.01641,0.11783,2.40258,0,0.14611,-2.90384,0.29585,-0.29663,-1.62755,-0.159,-1.17497,-29.24867,4.12772,-34.06716,3.82066,1.67026,1.85966,0.05561,2.08725,0.70247,1.75133,0.17444,-0.58126,0.19475,0.57878,-0.71346,-0.92464,-1.79079,1.2192,-0.17951,0.03011,-0.13978,0.40592,-0.09916,-2.43519,0.0861,-0.2974,-0.07769,-0.21591
14.1,0.23366,-0.01334,0.10099,2.79019,0,0.14912,-3.03156,0.23233,-0.65806,-1.52757,0.27931,-0.68015,-26.54759,3.55976,-31.94779,3.32737,1.18584,1.73089,-0.06435,1.84783,0.00558,1.93873,0.06365,-0.55526,0.23204,0.57913,-0.91378,-1.00404,-1.88185,1.47835,-0.29158,0.0942,-0.34154,0.51566,-0.04341,-2.65411,-0.12219,-0.02681,-0.0403,-0.29614
14.12,0.23232,-0.00978,0.08221,3.08512,0,0.15244,-3.13403,0.18471,-0.99368,-1.44291,0.68709,-0.17543,-22.6253,3.02724,-28.54417,2.75349,0.65032,1.50488,-0.1786,1.625,-0.65683,2.04176,-0.03432,-0.54109,0.24377,0.57941,-1.08686,-1.0585,-1.90151,1.70188,-0.38876,0.15646,-0.53535,0.63173,0.01087,-2.71804,-0.3584,0.23445,-0.01794,-0.44202
14.14,0.22803,-0.0059,0.06186,3.27077,0,0.1548,-3.20914,0.15789,-1.28109,-1.39478,1.04147,0.32097,-17.72939,2.54621,-24.09115,2.10902,0.08301,1.20199,-0.28413,1.4491,-1.25901,2.06751,-0.1139,-0.54144,0.22711,0.58309,-1.21375,-1.08253,-1.86619,1.86018,-0.46281,0.2081,-0.69372,0.74986,0.06232,-2.60812,-0.61266,0.47668,-0.01144,-0.65933
14.16,0.2213,-0.00181,0.0403,3.33849,0,0.15517,-3.25557,0.15475,-1.50428,-1.39461,1.32476,0.79103,-12.15263,2.12375,-18.86233,1.4069,-0.49309,0.84733,-0.37778,1.33878,-1.77885,2.02076,-0.17137,-0.55544,0.18173,0.59103,-1.27923,-1.07266,-1.78894,1.92849,-0.50656,0.24267,-0.79826,0.86302,0.10976,-2.31835,-0.86902,0.69015,-0.02021,-0.94775
14.18,0.21254,0.00233,0.01791,3.28797,0,0.15274,-3.27274,0.17647,-1.65462,-1.44241,1.52547,1.21784,-6.21492,1.75816,-13.15255,0.66318,-1.05256,0.46832,-0.45623,1.29878,-2.19914,1.90322,-0.20516,-0.57884,0.11015,0.60152,-1.27384,-1.02768,-1.67709,1.89053,-0.51556,0.25708,-0.84225,0.96258,0.15214,-1.85874,-1.10809,0.86549,-0.04207,-1.29755
14.2,0.20197,0.00637,-0.00487,3.12707,0,0.14682,-3.26067,0.22277,-1.73105,-1.52665,1.63893,1.58649,-0.24518,1.4398,-7.26154,-0.10321,-1.5693,0.09242,-0.5162,1.31956,-2.50853,1.71373,-0.21601,-0.60466,0.01799,0.6106,-1.19534,-0.94877,-1.53154,1.74115,-0.48938,0.25192,-0.83107,1.03951,0.18863,-1.25672,-1.30997,0.99427,-0.07323,-1.68757
14.22,0.18952,0.01007,-0.02751,2.87081,0,0.13678,-3.2195,0.2924,-1.73936,-1.62616,1.66709,1.8848,5.43693,1.15261,-1.4786,-0.87121,-2.0185,-0.25507,-0.55473,1.37918,-2.7019,1.4492,-0.20692,-0.62407,-0.08614,0.61253,-1.04925,-0.83922,-1.34822,1.48756,-0.4322,0.23118,-0.78014,1.08558,0.21867,-0.55613,-1.45702,1.06976,-0.1085,-2.08532
14.24,0.17473,0.01322,-0.0494,2.53943,0,0.12184,-3.14874,0.3834,-1.69047,-1.71385,1.61752,2.10389,10.53988,0.87618,3.9323,-1.61879,-2.37885,-0.55274,-0.5696,1.44729,-2.78,1.10619,-0.18284,-0.62763,-0.19099,0.60038,-0.84835,-0.70398,-1.12119,1.14853,-0.35248,0.20122,-0.71065,1.09425,0.24217,0.18674,-1.53607,1.08778,-0.1418,-2.44977
14.26,0.1567,0.0156,-0.06989,2.15592,0,0.10103,-3.04646,0.49335,-1.59811,-1.76171,1.50194,2.23849,14.81925,0.58819,8.74701,-2.32467,-2.63483,-0.7845,-0.55991,1.49069,-2.74858,0.68302,-0.15013,-0.60667,-0.2834,0.56678,-0.61118,-0.54896,-0.84689,0.752,-0.26186,0.16919,-0.64368,1.06123,0.25965,0.90951,-1.54007,1.0477,-0.16684,-2.7363
14.28,0.13408,0.01705,-0.0883,1.7433,0,0.07308,-2.90863,0.61951,-1.47628,-1.74623,1.33438,2.28719,18.09496,0.2671,12.79382,-2.97003,-2.77871,-0.94061,-0.5265,1.47936,-2.61723,0.18209,-0.11586,-0.55465,-0.34928,0.50465,-0.35986,-0.38027,-0.52821,0.33147,-0.17358,0.14146,-0.5945,0.98496,0.2724,1.55112,-1.46914,0.95319,-0.17791,-2.90282
14.3,0.10519,0.01752,-0.10405,1.32223,0,0.03653,-2.72901,0.75872,-1.33686,-1.65282,1.12953,2.25253,20.2635,-0.10535,15.96215,-3.53996,-2.81203,-1.01839,-0.47233,1.39178,-2.39814,-0.38779,-0.08718,-0.46823,-0.37471,0.40803,-0.1175,-0.20354,-0.17698,-0.07819,-0.10065,0.12222,-0.56832,0.86674,0.28251,2.05896,-1.33084,0.8128,-0.17067,-2.91553
14.32,0.06813,0.01707,-0.11668,0.90897,0,-0.01011,-2.49955,0.90715,-1.18787,-1.47829,0.9013,2.14075,21.30232,-0.54184,18.20526,-4.02413,-2.74594,-1.02227,-0.40255,1.21823,-2.10496,-1.00947,-0.07053,-0.34799,-0.34722,0.27295,0.09446,-0.02344,0.18624,-0.44507,-0.05425,0.11281,-0.55893,0.71077,0.29272,2.39421,-1.13981,0.63971,-0.14269,-2.75323
14.34,0.0211,0.01588,-0.12593,0.51409,0,-0.06802,-2.21143,1.05986,-1.03247,-1.23083,0.66177,1.96126,21.26506,-1.04787,19.53664,-4.4166,-2.60015,-0.96332,-0.32413,0.96173,-1.75163,-1.65624,-0.071,-0.19842,-0.25697,0.09812,0.25901,0.15661,0.53542,-0.74438,-0.04225,0.1118,-0.55067,0.52391,0.30606,2.53509,-0.91642,0.45087,-0.09377,-2.40933
14.36,-0.03734,0.01424,-0.1318,0.1418,0,-0.13767,-1.85663,1.21047,-0.86866,-0.92782,0.42049,1.72582,20.26966,-1.62067,20.02132,-4.71491,-2.40084,-0.8583,-0.24518,0.63671,-1.35141,-2.29142,-0.09175,-0.02747,-0.09805,-0.11446,0.366,0.33454,0.84483,-0.96204,-0.06814,0.11567,-0.52306,0.31517,0.32536,2.47774,-0.68481,0.26535,-0.02596,-1.89184
14.38,-0.10792,0.01248,-0.13459,-0.21005,0,-0.21837,-1.42977,1.35085,-0.68995,-0.59231,0.18426,1.44771,18.48243,-2.24879,19.76457,-4.91886,-2.17768,-0.72813,-0.17413,0.26614,-0.91619,-2.86901,-0.13359,0.15428,0.13032,-0.35896,0.41396,0.50955,1.09549,-1.09738,-0.13024,0.11993,-0.4568,0.0952,0.35268,2.23549,-0.47048,0.10229,0.05666,-1.22182
14.4,-0.19036,0.01097,-0.13491,-0.54902,0,-0.30802,-0.93007,1.47126,-0.48661,-0.24912,-0.04275,1.14095,16.10088,-2.91221,18.89961,-5.02929,-1.96062,-0.59602,-0.11873,-0.12195,-0.45622,-3.33534,-0.1947,0.33477,0.42281,-0.62563,0.41103,0.68184,1.28055,-1.16424,-0.22134,0.12016,-0.33931,-0.12448,0.38884,1.83679,-0.2978,-0.02119,0.14845,-0.43108
14.42,-0.28322,0.01008,-0.13366,-0.88639,0,-0.40298,-0.36288,1.56089,-0.2477,0.07863,-0.25859,0.81961,13.33663,-3.58324,17.57474,-5.04673,-1.77647,-0.48513,-0.08514,-0.49807,0.01987,-3.6319,-0.2707,0.50163,0.76724,-0.90092,0.3744,0.85219,1.40785,-1.19007,-0.32868,0.11284,-0.16845,-0.33219,0.43314,1.32207,-0.18752,-0.09194,0.24286,0.44057
14.44,-0.38379,0.01014,-0.13199,-1.2347,0,-0.49823,0.25951,1.6089,0.03647,0.37223,-0.46272,0.49722,10.39909,-4.22797,15.94049,-4.97033,-1.64563,-0.41581,-0.0772,-0.83454,0.50462,-3.69956,-0.35493,0.6434,1.14442,-1.16814,0.32831,1.02145,1.49879,-1.21276,-0.43454,0.09565,0.04653,-0.51701,0.48332,0.73973,-0.15461,-0.10239,0.33322,1.34824
14.46,-0.48825,0.01146,-0.13112,-1.60476,0,-0.58771,0.91774,1.60582,0.37169,0.619,-0.65521,0.1862,7.48073,-4.80861,14.1377,-4.79714,-1.57909,-0.40293,-0.09575,-1.10813,0.99125,-3.484,-0.43901,0.75063,1.52846,-1.40861,0.30075,1.18995,1.5841,-1.27553,-0.51739,0.06745,0.28648,-0.66971,0.53573,0.14163,-0.20636,-0.05158,0.41364,2.24488
14.48,-0.59184,0.01428,-0.13233,-2.0027,0,-0.66491,1.58609,1.54511,0.75726,0.81297,-0.8358,-0.10259,4.74519,-5.28633,12.28781,-4.52212,-1.57615,-0.45349,-0.13831,-1.30213,1.47306,-2.94248,-0.51353,0.8169,1.88772,-1.603,0.31934,1.35694,1.69752,-1.42066,-0.55376,0.02804,0.52557,-0.7836,0.58575,-0.42143,-0.34121,0.05434,0.47974,3.08388
14.5,-0.68929,0.01875,-0.13675,-2.42734,0,-0.72338,2.23387,1.4245,1.18412,0.95469,-1.00306,-0.36011,2.31923,-5.62448,10.48641,-4.13903,-1.62316,-0.5653,-0.19894,-1.4075,1.94289,-2.05128,-0.56882,0.83933,2.18638,-1.73303,0.40699,1.52011,1.86907,-1.68275,-0.52073,-0.02217,0.73536,-0.85521,0.62834,-0.90361,-0.54835,0.20254,0.52902,3.82119
14.52,-0.77522,0.02494,-0.14534,-2.86847,0,-0.7573,2.82757,1.24677,1.63399,1.05001,-1.15378,-0.57939,0.28881,-5.79175,8.80027,-3.64208,-1.69373,-0.72719,-0.26855,-1.42316,2.39276,-0.8131,-0.59558,0.81862,2.38661,-1.783,0.57794,1.67522,2.11901,-2.08253,-0.39925,-0.08216,0.88869,-0.88458,0.65862,-1.26712,-0.80852,0.37482,0.5608,4.41663
14.54,-0.8447,0.0328,-0.15877,-3.30622,0,-0.76184,3.33357,1.01979,2.07985,1.10829,-1.28258,-0.75557,-1.30077,-5.76496,7.26759,-3.02813,-1.75054,-0.92083,-0.33552,-1.35529,2.81373,0.73659,-0.58549,0.75857,2.45146,-1.74125,0.8345,1.81592,2.45344,-2.62158,-0.17775,-0.1502,0.96301,-0.8751,0.67255,-1.48427,-1.09595,0.54992,0.57564,4.83477
14.56,-0.89373,0.04213,-0.17741,-3.71172,0,-0.73355,3.72145,0.75583,2.48776,1.14013,-1.38193,-0.88597,-2.44182,-5.53152,5.90084,-2.29922,-1.74869,-1.12387,-0.38683,-1.2159,3.19609,2.5253,-0.53168,0.66512,2.34831,-1.6014,1.16503,1.93381,2.86185,-3.27885,0.14424,-0.22352,0.943,-0.83301,0.66749,-1.53876,-1.38132,0.70646,0.5744,5.04563
14.58,-0.91978,0.05255,-0.20131,-4.04915,0,-0.67067,3.96733,0.47046,2.81999,1.15519,-1.44267,-0.9701,-3.15912,-5.09129,4.69163,-1.46503,-1.64049,-1.31381,-0.40929,-1.02109,3.52975,4.44285,-0.42926,0.5453,2.05271,-1.36327,1.54332,2.01891,3.31674,-4.00951,0.55331,-0.29801,0.82231,-0.7666,0.64275,-1.42644,-1.63519,0.826,0.55733,5.02599
14.6,-0.92215,0.06357,-0.23015,-4.27901,0,-0.5735,4.0567,0.18128,3.03892,1.16054,-1.45495,-1.00971,-3.50353,-4.45751,3.61683,-0.54469,-1.3811,-1.4716,-0.39102,-0.78931,3.80481,6.34581,-0.27585,0.40623,1.55217,-1.03334,1.9299,2.06047,3.77524,-4.74697,1.02146,-0.3682,0.60469,-0.68535,0.6,-1.15568,-1.83137,0.89562,0.52361,4.76155
14.62,-0.90208,0.07457,-0.26331,-4.36239,0,-0.44471,3.98604,-0.09346,3.11144,1.15987,-1.40977,-1.00872,-3.54492,-3.65607,2.64494,0.43272,-0.93487,-1.58436,-0.32284,-0.53968,4.01201,8.06855,-0.0721,0.25459,0.84943,-0.62445,2.27561,2.04826,4.18277,-5.40841,1.50798,-0.42759,0.30414,-0.59895,0.54338,-0.74741,-1.94956,0.90937,0.47146,4.25004
14.64,-0.86248,0.0849,-0.29981,-4.26598,0,-0.28964,3.76303,-0.33608,3.01356,1.15356,-1.30078,-0.97313,-3.36456,-2.7231,1.74227,1.42931,-0.28158,-1.64677,-0.19961,-0.29068,4.14306,9.4408,0.17779,0.09626,-0.03546,-0.15475,2.5273,1.97406,4.47843,-5.9041,1.96439,-0.46956,-0.05574,-0.51636,0.47932,-0.23451,-1.97721,0.86837,0.39895,3.50488
14.66,-0.80757,0.09397,-0.3384,-3.96739,0,-0.11637,3.40547,-0.53086,2.73469,1.13963,-1.12627,-0.91074,-3.04742,-1.70113,0.87848,2.40104,0.57797,-1.66113,-0.02129,-0.05895,4.19088,10.30998,0.46575,-0.06348,-1.06418,0.35399,2.63509,1.83335,4.60185,-6.14927,2.34169,-0.48851,-0.44341,-0.44479,0.41604,0.33937,-1.91044,0.77976,0.30532,2.55857
14.68,-0.74224,0.10133,-0.37758,-3.45996,0,0.06437,2.93952,-0.66525,2.2811,1.11499,-0.89095,-0.83091,-2.67474,-0.63479,0.03164,3.30137,1.61789,-1.63643,0.20639,0.14163,4.15012,10.56401,0.77966,-0.21972,-2.18083,0.87818,2.56003,1.62678,4.50072,-6.07673,2.59824,-0.48112,-0.82177,-0.38897,0.36278,0.92207,-1.75438,0.65502,0.19237,1.46481
14.7,-0.67155,0.10678,-0.4157,-2.75613,0,0.23979,2.39759,-0.73113,1.67768,1.07674,-0.60699,-0.74422,-2.31718,0.43297,-0.80766,4.08497,2.7859,-1.58661,0.47177,0.30064,4.01775,10.14933,1.10357,-0.36755,-3.31432,1.39385,2.2805,1.36122,4.13786,-5.64767,2.70664,-0.44732,-1.15142,-0.35054,0.32888,1.45635,-1.52302,0.50789,0.06536,0.29758
14.72,-0.60028,0.11031,-0.45105,-1.88808,0,0.39611,1.81612,-0.7259,0.96707,1.02295,-0.29385,-0.66196,-2.02856,1.4635,-1.63298,4.71112,4.00595,-1.52827,0.75784,0.41162,3.79388,9.07927,1.41843,-0.50185,-4.38291,1.87757,1.79597,1.04983,3.49688,-4.85822,2.65764,-0.39054,-1.39455,-0.32773,0.32272,1.88482,-1.23842,0.35261,-0.06697,-0.85405
14.74,-0.53259,0.11211,-0.48198,-0.90527,0,0.52019,1.23329,-0.6534,0.20589,0.95279,0.02326,-0.5955,-1.84068,2.42373,-2.4203,5.14628,5.18494,-1.47793,1.04364,0.47247,3.48237,7.43074,1.70339,-0.61728,-5.30089,2.30652,1.12745,0.7109,2.58562,-3.74056,2.46054,-0.3173,-1.5195,-0.31541,0.3505,2.15628,-0.92959,0.20233,-0.1935,-1.89585
14.76,-0.47183,0.11242,-0.50706,0.13069,0,0.60143,0.68673,-0.52443,-0.5414,0.8661,0.31611,-0.55549,-1.75959,3.28638,-3.12792,5.36603,6.22326,-1.44927,1.30643,0.48564,3.09152,5.33079,1.93755,-0.70846,-5.98696,2.65841,0.31494,0.36594,1.43716,-2.35908,2.14039,-0.23602,-1.5053,-0.30537,0.41519,2.23263,-0.63082,0.06808,-0.30265,-2.74152
14.78,-0.42044,0.11143,-0.52522,1.15282,0,0.63363,0.21144,-0.35685,-1.20999,0.76265,0.55694,-0.55094,-1.7641,4.02941,-3.69868,5.35666,7.02699,-1.45056,1.52418,0.45803,2.6344,2.93753,2.10198,-0.77041,-6.37322,2.91137,-0.58731,0.03715,0.10871,-0.80325,1.73323,-0.15563,-1.34571,-0.28677,0.51563,2.09515,-0.37992,-0.04199,-0.38461,-3.32617
14.8,-0.38005,0.10917,-0.53587,2.09579,0,0.61626,-0.16194,-0.17476,-1.74189,0.64149,0.72176,-0.58838,-1.80776,4.63514,-4.06485,5.11623,7.51998,-1.48277,1.67813,0.40076,2.1288,0.41991,2.18168,-0.79894,-6.41313,3.04461,-1.51642,-0.25491,-1.32177,0.82136,1.28057,-0.0841,-1.05147,-0.24674,0.64617,1.74825,-0.21638,-0.12292,-0.4332,-3.61646
14.82,-0.35148,0.10545,-0.53891,2.90207,0,0.55458,-0.40858,-0.0067,-2.09189,0.50067,0.79317,-0.67107,-1.82497,5.08935,-4.15591,4.65502,7.65331,-1.53873,1.75493,0.32825,1.59647,-2.05966,2.16701,-0.79108,-6.08694,3.03992,-2.40679,-0.49315,-2.76147,2.40245,0.82431,-0.02743,-0.65006,-0.17102,0.7969,1.21915,-0.17943,-0.1729,-0.44681,-3.61435
14.84,-0.33489,0.09981,-0.53473,3.52684,0,0.45869,-0.51053,0.11735,-2.23144,0.33733,0.76226,-0.79828,-1.74132,5.38061,-3.90916,3.99525,7.41109,-1.60331,1.74816,0.257,1.06127,-4.3584,2.05441,-0.74528,-5.40372,2.88409,-3.19573,-0.66512,-4.1109,3.83038,0.40256,0.0109,-0.18247,-0.04462,0.95463,0.55318,-0.30605,-0.19311,-0.42814,-3.35336
14.86,-0.32988,0.09161,-0.52406,3.94134,0,0.34153,-0.45753,0.1697,-2.15064,0.14827,0.62946,-0.96491,-1.487,5.49995,-3.2819,3.17001,6.81242,-1.65477,1.65923,0.20383,0.54667,-6.36152,1.84665,-0.66158,-4.40032,2.57202,-3.82874,-0.76347,-5.27391,5.00708,0.04647,0.02998,0.30239,0.14739,1.10445,-0.19441,-0.6288,-0.18728,-0.38297,-2.88868
14.88,-0.33558,0.08007,-0.50783,4.13477,0,0.21645,-0.24767,0.12883,-1.85839,-0.06915,0.40465,-1.16116,-1.01089,5.44132,-2.26349,2.22184,5.90993,-1.66698,1.49743,0.18401,0.07296,-7.98644,1.55243,-0.54169,-3.13791,2.10973,-4.26398,-0.78597,-6.1681,5.85417,-0.22171,0.03113,0.75458,0.419,1.23152,-0.96784,-1.17329,-0.16133,-0.31843,-2.28445
14.9,-0.35074,0.06446,-0.487,4.11454,0,0.09511,0.11219,-0.01735,-1.38106,-0.31611,0.10638,-1.37275,-0.29263,5.20241,-0.88451,1.20085,4.78487,-1.61235,1.27931,0.20952,-0.34523,-9.1837,1.18579,-0.38903,-1.69701,1.51629,-4.47583,-0.73523,-6.73377,6.31954,-0.38974,0.0174,1.12971,0.78208,1.32264,-1.71882,-1.95539,-0.12302,-0.24129,-1.60172
14.92,-0.37374,0.0442,-0.46245,3.90457,0,-0.014,0.60647,-0.26971,-0.75958,-0.59144,-0.23968,-1.5814,0.65006,4.78567,0.77936,0.16216,3.53878,-1.46512,1.027,0.28756,-0.70058,-9.9347,0.76502,-0.20872,-0.17107,0.82379,-4.45679,-0.61823,-6.93986,6.38172,-0.45542,-0.00709,1.39433,1.24504,1.36736,-2.41112,-2.9782,-0.08177,-0.15683,-0.89016
14.94,-0.40264,0.01902,-0.43481,3.54174,0,-0.10609,1.21128,-0.61778,-0.04501,-0.89108,-0.60304,-1.7658,1.76023,4.19928,2.61027,-0.8374,2.28187,-1.2048,0.76558,0.41971,-0.99374,-10.24736,0.31127,-0.00748,1.34107,0.07487,-4.21785,-0.44576,-6.78602,6.05168,-0.42592,-0.03777,1.52917,1.81129,1.35834,-3.02098,-4.22895,-0.04838,-0.06836,-0.18474
14.96,-0.43518,-0.0109,-0.40439,3.07086,0,-0.17963,1.89541,-1.04128,0.70676,-1.20782,-0.95136,-1.90321,2.94674,3.45803,4.45766,-1.74328,1.11934,-0.81955,0.51984,0.60144,-1.23286,-10.15042,-0.15315,0.20658,2.74345,-0.68184,-3.7872,-0.23175,-6.30112,5.37222,-0.31653,-0.07012,1.53047,2.47764,1.29122,-3.53401,-5.67627,-0.03481,0.02243,0.49306
14.98,-0.46879,-0.0448,-0.37113,2.53928,0,-0.23545,2.6218,-1.51266,1.44061,-1.53146,-1.25371,-1.97131,4.0944,2.58412,6.15269,-2.50749,0.13806,-0.30922,0.31083,0.82235,-1.4323,-9.68773,-0.6064,0.42424,3.95103,-1.39726,-3.20794,0.00746,-5.53919,4.4153,-0.14903,-0.10015,1.40957,3.23293,1.1641,-3.94041,-7.26816,-0.05355,0.11485,1.13106
15,-0.50063,-0.08133,-0.3346,1.99177,0,-0.27549,3.34932,-2.00026,2.1073,-1.84924,-1.48371,-1.95052,5.07778,1.60789,7.52567,-3.09253,-0.60413,0.3126,0.15309,1.06681,-1.61045,-8.91304,-1.02853,0.63561,4.89638,-2.0271,-2.53469,0.25384,-4.57344,3.27711,0.05022,-0.12464,1.19101,4.05702,0.97706,-4.23043,-8.93121,-0.11662,0.20825,1.72143
15.02,-0.52775,-0.11858,-0.29407,1.46636,0,-0.30177,4.03491,-2.47141,2.66726,-2.14658,-1.62234,-1.82626,5.77723,0.56792,8.42459,-3.47435,-1.08425,1.01772,0.05279,1.3152,-1.78684,-7.88528,-1.40243,0.83067,5.53426,-2.53578,-1.82929,0.48865,-3.48883,2.07077,0.25223,-0.14132,0.90944,4.9205,0.73173,-4.39174,-10.57164,-0.23379,0.30139,2.2567
15.04,-0.54722,-0.15417,-0.24866,0.9914,0,-0.31555,4.63608,-2.89536,3.0931,-2.40805,-1.66002,-1.59117,6.09582,-0.48965,8.73315,-3.64431,-1.31449,1.76436,0.00733,1.54564,-1.97872,-6.66442,-1.71434,0.99992,5.84355,-2.89864,-1.15537,0.69353,-2.37336,0.91627,0.42768,-0.14877,0.60541,5.78525,0.43116,-4.40941,-12.07847,-0.41041,0.39204,2.72785
15.06,-0.55633,-0.18548,-0.19747,0.58392,0,-0.31696,5.11374,-3.24574,3.37058,-2.61858,-1.5979,-1.2469,5.97532,-1.51289,8.38696,-3.60982,-1.3374,2.49992,0.00603,1.73607,-2.19759,-5.308,-1.95399,1.13521,5.82696,-3.10248,-0.57236,0.85181,-1.30915,-0.07126,0.5492,-0.1463,0.32058,6.60593,0.07991,-4.26853,-13.32907,-0.64484,0.47694,3.12453
15.08,-0.55286,-0.20993,-0.13974,0.24919,0,-0.30492,5.43514,-3.50258,3.4985,-2.76471,-1.44819,-0.8054,5.40871,-2.44679,7.38558,-3.39408,-1.21765,3.16531,0.03186,1.86634,-2.44641,-3.86879,-2.11462,1.23043,5.50915,-3.14507,-0.12959,0.94984,-0.3642,-0.79355,0.59371,-0.13376,0.0929,7.3325,-0.31563,-3.95842,-14.1968,-0.92631,0.55214,3.43664
15.1,-0.53532,-0.22531,-0.07508,-0.01831,0,-0.27755,5.57645,-3.65353,3.48757,-2.83577,-1.23329,-0.28911,4.44603,-3.23694,5.79767,-3.03466,-1.032,3.70048,0.06375,1.92002,-2.71798,-2.39377,-2.193,1.28216,4.93364,-3.03402,0.13846,0.97816,0.41345,-1.17954,0.5446,-0.11141,-0.04752,7.91323,-0.74676,-3.47704,-14.55987,-1.23378,0.6134,3.65629
15.12,-0.50311,-0.23,-0.00357,-0.23276,0,-0.23276,5.52462,-3.69414,3.35802,-2.8246,-0.98341,0.27026,3.19058,-3.83403,3.75642,-2.58061,-0.85876,4.0509,0.07934,1.8855,-2.99533,-0.92435,-2.18938,1.28983,4.15843,-2.78541,0.21528,0.93238,0.99855,-1.19235,0.39352,-0.07979,-0.0813,8.29808,-1.20192,-2.83417,-14.31045,-1.53642,0.65673,3.77901
15.14,-0.45662,-0.22332,0.07412,-0.41376,0,-0.16912,5.27801,-3.62699,3.13626,-2.72776,-0.73259,0.83457,1.78499,-4.19891,1.44444,-2.08824,-0.76781,4.17427,0.05775,1.75621,-3.25394,0.50259,-2.1075,1.25552,3.25059,-2.42219,0.10315,0.81355,1.38791,-0.83217,0.14159,-0.03975,-0.00128,8.44203,-1.66634,-2.0525,-13.36335,-1.79615,0.67886,3.80368
15.16,-0.39722,-0.20563,0.15671,-0.58253,0,-0.08675,4.84612,-3.46013,2.85104,-2.54541,-0.51383,1.36338,0.3894,-4.30795,-0.92939,-1.61582,-0.81198,4.04712,-0.01762,1.53027,-3.46569,1.85333,-1.95467,1.18343,2.28013,-1.97261,-0.17785,0.6281,1.59701,-0.13533,-0.20001,0.00747,0.18739,8.30855,-2.12194,-1.16655,-11.6641,-1.97183,0.67763,3.73154
15.18,-0.32716,-0.17851,0.24237,-0.75815,0,0.01181,4.24869,-3.20519,2.52958,-2.28102,-0.35398,1.81859,-0.84289,-4.15767,-3.15624,-1.21806,-1.02051,3.66991,-0.15679,1.20979,-3.60367,3.09606,-1.74178,1.0792,1.31419,-1.46875,-0.5924,0.38745,1.65499,0.82984,-0.61011,0.06013,0.46812,7.87302,-2.54756,-0.21996,-9.19653,-2.02481,0.65236,3.56484
15.2,-0.2495,-0.14472,0.32873,-0.95446,0,0.12098,3.51434,-2.87567,2.1946,-1.94113,-0.26966,2.16877,-1.78669,-3.76765,-5.05104,-0.94127,-1.39545,3.0694,-0.36155,0.80025,-3.64667,4.20023,-1.48326,0.94935,0.41201,-0.94494,-1.09353,0.10741,1.59932,1.96945,-1.05863,0.11593,0.81469,7.12576,-2.91976,0.73823,-5.98878,-1.9246,0.60392,3.306
15.22,-0.16792,-0.10799,0.41309,-1.17834,0,0.23207,2.67865,-2.48552,1.86247,-1.53517,-0.26496,2.39222,-2.35811,-3.18024,-6.46915,-0.8198,-1.91185,2.29687,-0.62493,0.31014,-3.58239,5.13686,-1.19673,0.80076,-0.3785,-0.4361,-1.62694,-0.19287,1.47114,3.17238,-1.50863,0.17199,1.19347,6.07397,-3.21397,1.65779,-2.11636,-1.65418,0.53482,2.95762
15.24,-0.08651,-0.07267,0.49256,-1.42942,0,0.33372,1.78158,-2.0481,1.54267,-1.07533,-0.33142,2.47849,-2.51787,-2.45681,-7.31392,-0.87406,-2.52167,1.42165,-0.93183,-0.24918,-3.40889,5.87999,-0.90215,0.64045,-1.02272,0.02431,-2.13588,-0.49216,1.31166,4.3202,-1.91957,0.22498,1.56635,4.74199,-3.40624,2.49186,2.29871,-1.2139,0.44889,2.52357
15.26,-0.00947,-0.04325,0.56429,-1.70119,0,0.41285,0.8645,-1.57564,1.23849,-0.57636,-0.44999,2.42849,-2.26588,-1.67071,-7.53632,-1.11004,-3.16092,0.52118,-1.26078,-0.86336,-3.13426,6.40915,-0.62054,0.47539,-1.49993,0.40658,-2.56622,-0.76877,1.15966,5.29796,-2.25139,0.27137,1.89391,3.17024,-3.47536,3.20143,7.09281,-0.6238,0.35084,2.01081
15.28,0.05916,-0.02372,0.62576,-1.9831,0,0.45613,-0.03276,-1.0792,0.9485,-0.05542,-0.59449,2.25343,-1.6304,-0.89867,-7.12943,-1.52007,-3.75859,-0.33032,-1.5863,-1.51481,-2.77504,6.71253,-0.37252,0.31246,-1.80288,0.68699,-2.87139,-1.00238,1.04994,6.00485,-2.46905,0.30771,2.13879,1.41317,-3.40529,3.75931,12.06854,0.07621,0.2458,1.43126
15.3,0.11573,-0.01711,0.67494,-2.2629,0,0.45161,-0.87438,-0.56907,0.66863,0.46823,-0.73583,1.97294,-0.65603,-0.21182,-6.12069,-2.08443,-4.2458,-1.07185,-1.88172,-2.18256,-2.35379,6.78966,-0.17676,0.15831,-1.93655,0.84957,-3.01646,-1.17587,1.01214,6.36334,-2.5466,0.33104,2.26904,-0.46345,-3.18751,4.15284,17.00449,0.82882,0.13877,0.80299
15.32,0.15717,-0.02504,0.71056,-2.52888,0,0.39054,-1.63019,-0.05552,0.39424,0.97383,-0.8463,1.61268,0.60639,0.33225,-4.56434,-2.77372,-4.56368,-1.66232,-2.12184,-2.84243,-1.89613,6.65288,-0.04855,0.01918,-1.91627,0.88712,-2.9809,-1.27707,1.0697,6.32556,-2.47015,0.33919,2.26089,-2.38591,-2.82277,4.38481,21.66641,1.56477,0.03426,0.14985
15.34,0.18117,-0.04752,0.73212,-2.77159,0,0.26897,-2.2766,0.45034,0.12198,1.44003,-0.90357,1.20134,2.10608,0.69579,-2.53516,-3.55168,-4.66939,-2.08295,-2.28544,-3.46754,-1.42744,6.32698,0.00148,-0.09959,-1.7653,0.80113,-2.75964,-1.30022,1.23859,5.87615,-2.23949,0.33103,2.10111,-4.27656,-2.32204,4.47228,25.81974,2.21134,-0.06409,-0.50076
15.36,0.18618,-0.08288,0.73993,-2.98497,0,0.08915,-2.7969,0.93584,-0.14874,1.84628,-0.894,0.76753,3.7942,0.86504,-0.12441,-4.37839,-4.53988,-2.33571,-2.35727,-4.02953,-0.96957,5.84726,-0.03167,-0.19408,-1.51219,0.60111,-2.3627,-1.24708,1.52596,5.03199,-1.86816,0.3067,1.78855,-6.05866,-1.70647,4.44356,29.24354,2.70271,-0.15366,-1.12146
15.38,0.17153,-0.12793,0.73512,-3.16691,0,-0.13958,-3.18117,1.38629,-0.41476,2.17447,-0.81497,0.3369,5.62192,0.85212,2.56202,-5.21335,-4.17368,-2.43902,-2.32975,-4.50012,-0.53808,5.25671,-0.14657,-0.26227,-1.18821,0.30328,-1.81346,-1.1275,1.92896,3.83935,-1.38255,0.26769,1.33501,-7.66114,-1.00672,4.33415,31.74515,2.99013,-0.23289,-1.68863
15.4,0.13741,-0.17819,0.71948,-3.31918,0,-0.40065,-3.426,1.78509,-0.66881,2.41053,-0.67561,-0.07012,7.53558,0.69422,5.40339,-6.01816,-3.59043,-2.42207,-2.20385,-4.85304,-0.14041,4.60283,-0.33499,-0.30429,-0.82505,-0.07083,-1.14617,-0.95927,2.43407,2.36897,-0.81996,0.21682,0.76513,-9.02285,-0.26153,4.18207,33.17361,3.0496,-0.30116,-2.18498
15.42,0.08491,-0.22827,0.69541,-3.44661,0,-0.67129,-3.53396,2.11443,-0.89979,2.54594,-0.49475,-0.43959,9.4701,0.4496,8.26291,-6.75818,-2.82817,-2.31874,-1.98902,-5.06589,0.22452,3.93433,-0.58205,-0.32219,-0.45299,-0.49577,-0.40226,-0.76678,3.01744,0.7091,-0.22594,0.15807,0.11495,-10.09541,0.48458,4.023,33.42934,2.88475,-0.35849,-2.59985
15.44,0.016,-0.27243,0.66571,-3.5556,0,-0.92453,-3.51296,2.35674,-1.09375,2.57859,-0.29584,-0.76444,11.34217,0.19062,10.98692,-7.40324,-1.93817,-2.16207,-1.70206,-5.12167,0.56537,3.29765,-0.86697,-0.31929,-0.09943,-0.94356,0.37402,-0.57861,3.64623,-1.04335,0.34936,0.09622,-0.57093,-10.84459,1.1844,3.8856,32.4691,2.5243,-0.40512,-2.92701
15.46,-0.0665,-0.30514,0.63327,-3.65211,0,-1.13231,-3.37554,2.49674,-1.23556,2.51338,-0.10186,-1.04381,13.0454,-0.00555,13.40606,-7.92765,-0.97821,-1.97974,-1.3651,-5.01021,0.89621,2.73362,-1.16434,-0.29916,0.2122,-1.38491,1.14054,-0.42418,4.28109,-2.79279,0.85527,0.03639,-1.24332,-11.25065,1.79183,3.78738,30.30745,2.01502,-0.441,-3.16088
15.48,-0.15904,-0.32168,0.60092,-3.73983,0,-1.26888,-3.13826,2.52378,-1.31089,2.36209,0.06638,-1.28193,14.44944,-0.06718,15.34012,-8.30984,-0.00538,-1.79113,-1.00314,-4.72917,1.23369,2.27414,-1.44586,-0.26456,0.46322,-1.79045,1.862,-0.33005,4.87916,-4.45459,1.24488,-0.01642,-1.85293,-11.3084,2.266,3.73196,27.01654,1.41239,-0.46541,-3.29275
15.5,-0.2574,-0.31866,0.57113,-3.81861,0,-1.31413,-2.8211,2.43385,-1.30838,2.1427,0.19,-1.48646,15.40528,0.06258,16.60785,-8.53204,0.93017,-1.60632,-0.64147,-4.28461,1.59391,1.93929,-1.68232,-0.21665,0.64017,-2.13185,2.51354,-0.31654,5.39708,-5.96281,1.47891,-0.05776,-2.35451,-11.02712,2.57492,3.70817,22.72483,0.77153,-0.47689,-3.30881
15.52,-0.35681,-0.29435,0.54588,-3.88358,0,-1.25606,-2.44675,2.23095,-1.22169,1.87769,0.2535,-1.66665,15.75772,0.41824,17.04218,-8.57969,1.78972,-1.42711,-0.30337,-3.69057,1.98959,1.73484,-1.84572,-0.15484,0.7349,-2.38283,3.08272,-0.39525,5.79354,-7.2746,1.5287,-0.08396,-2.71004,-10.43031,2.69837,3.69152,17.61375,0.1404,-0.47343,-3.19143
15.54,-0.4522,-0.24884,0.52651,-3.92506,0,-1.09222,-2.03949,1.92732,-1.05102,1.59143,0.24859,-1.83139,15.3649,1.0075,16.51038,-8.44091,2.54822,-1.24993,-0.00815,-2.96754,2.42762,1.65022,-1.91131,-0.07717,0.74437,-2.52014,3.56944,-0.56765,6.03106,-8.37083,1.37813,-0.09218,-2.89086,-9.5548,2.62942,3.64811,11.91112,-0.44377,-0.45304,-2.9238
15.56,-0.53845,-0.18397,0.51358,-3.92922,0,-0.83005,-1.6239,1.54263,-0.8043,1.30691,0.17702,-1.98729,14.12263,1.80968,14.93742,-8.10606,3.19458,-1.06996,0.23035,-2.14013,2.90735,1.65748,-1.85972,0.01865,0.67037,-2.5247,3.98427,-0.82491,6.07733,-9.25357,1.02467,-0.08038,-2.87885,-8.44949,2.37499,3.54034,5.88107,-0.95511,-0.41454,-2.49713
15.58,-0.61066,-0.1031,0.5069,-3.87946,0,-0.48628,-1.22348,1.10261,-0.49768,1.04256,0.05069,-2.13721,11.98934,2.77697,12.32852,-7.5679,3.73036,-0.88537,0.40464,-1.23454,3.41959,1.7114,-1.67883,0.13392,0.51907,-2.38284,4.34555,-1.14871,5.90648,-9.94147,0.47971,-0.04728,-2.66716,-7.17367,1.95531,3.33362,-0.18867,-1.37742,-0.35842,-1.91817
15.6,-0.66446,-0.0109,0.5055,-3.75841,0,-0.08564,-0.85938,0.63706,-0.15527,0.80969,-0.11014,-2.27902,9.00559,3.83796,8.78564,-6.82234,4.16752,-0.70059,0.51363,-0.2764,3.94639,1.7516,-1.36519,0.26758,0.30074,-2.08763,4.67605,-1.51281,5.5006,-10.46386,-0.23163,0.00758,-2.26086,-5.79462,1.40259,3.00268,-6.00213,-1.70159,-0.28732,-1.21445
15.62,-0.69627,0.08709,0.50777,-3.55001,0,0.34121,-0.54929,0.17771,0.19205,0.61133,-0.27966,-2.40514,5.30244,4.90348,4.51198,-5.86936,4.52526,-0.52746,0.56181,0.71068,4.46158,1.70701,-0.9248,0.41511,0.02933,-1.64018,4.99918,-1.8853,4.85139,-10.85432,-1.07131,0.08355,-1.6776,-4.38396,0.75858,2.53637,-11.27312,-1.9229,-0.20606,-0.43483
15.64,-0.70349,0.18486,0.51158,-3.24167,0,0.76039,-0.30657,-0.24429,0.50889,0.44245,-0.43016,-2.50263,1.09543,5.87447,-0.19833,-4.714,4.82622,-0.38381,0.55758,1.70565,4.93205,1.50295,-0.3728,0.56803,-0.2779,-1.05049,5.33526,-2.23137,3.96174,-11.14384,-1.98988,0.17847,-0.94805,-3.01232,0.07121,1.94006,-15.74628,-2.03892,-0.12103,0.35561
15.66,-0.68457,0.27639,0.51445,-2.82607,0,1.13788,-0.13952,-0.60085,0.75852,0.29153,-0.53622,-2.55402,-3.33446,6.65122,-4.98436,-3.36713,5.09236,-0.28978,0.51112,2.69009,5.31988,1.07024,0.26751,0.71389,-0.60102,-0.33802,5.69819,-2.51639,2.84739,-11.35465,-2.9287,0.28815,-0.11619,-1.74304,-0.60957,1.23563,-19.21957,-2.04836,-0.03908,1.08534
15.68,-0.63918,0.35616,0.51381,-2.30282,0,1.44275,-0.0509,-0.86927,0.90633,0.14296,-0.57911,-2.53895,-7.66859,7.14313,-9.45178,-1.84613,5.34057,-0.26277,0.4323,3.64758,5.58505,0.35551,0.96638,0.83704,-0.9182,0.4684,6.09268,-2.70907,1.53827,-11.49527,-3.82284,0.406,0.7612,-0.62599,-1.23604,0.45929,-21.56502,-1.95097,0.03375,1.68822
15.7,-0.56827,0.41959,0.5072,-1.67932,0,1.64989,-0.03777,-1.03412,0.92324,-0.0202,-0.54978,-2.43647,-11.58182,7.27753,-13.21008,-0.17535,5.57813,-0.31207,0.3293,4.56296,5.68861,-0.669,1.68952,0.9201,-1.20699,1.33141,6.51262,-2.78412,0.07915,-11.55746,-4.60459,0.52305,1.61602,0.30678,-1.7665,-0.34241,-22.74265,-1.74812,0.09328,2.1143
15.72,-0.47406,0.4634,0.49245,-0.97076,0,1.74204,-0.09165,-1.08816,0.78832,-0.2136,-0.44731,-2.22799,-14.77291,7.00613,-15.90924,1.61424,5.79813,-0.43425,0.20837,5.42138,5.59582,-1.99738,2.40031,0.94599,-1.44587,2.2069,6.9404,-2.72412,-1.471,-11.51516,-5.20739,0.62846,2.37229,1.04261,-2.16805,-1.1182,-22.80285,-1.44388,0.13782,2.33677
15.74,-0.36,0.48582,0.46782,-0.19897,0,1.71074,-0.19923,-1.03253,0.49065,-0.4494,-0.27334,-1.90061,-16.99161,6.30873,-17.27318,3.48617,5.9752,-0.61007,0.07469,6.20738,5.27923,-3.58521,3.06202,0.90054,-1.61628,3.04705,7.34744,-2.52032,-3.04145,-11.32555,-5.57036,0.71071,2.95144,1.58667,-2.41813,-1.81893,-21.87547,-1.04625,0.16809,2.3539
15.76,-0.23061,0.48676,0.43205,0.60969,0,1.55653,-0.34335,-0.87595,0.03021,-0.73454,-0.02768,-1.45061,-18.06156,5.19431,-17.12834,5.40059,6.0625,-0.80313,-0.06575,6.90438,4.72159,-5.34867,3.64027,0.77526,-1.70482,3.80428,7.69609,-2.17275,-4.55394,-10.93238,-5.64332,0.75922,3.27963,1.95776,-2.50511,-2.40474,-20.14839,-0.56833,0.18665,2.18631
15.78,-0.09125,0.4678,0.38447,1.42679,0,1.2885,-0.50437,-0.63358,-0.58171,-1.06946,0.29196,-0.88501,-17.89775,3.70058,-15.42602,7.31665,5.99124,-0.96064,-0.20415,7.49451,3.9189,-7.16823,4.10541,0.56975,-1.7053,4.43556,7.94271,-1.68975,-5.92812,-10.2716,-5.39214,0.76614,3.29616,2.18285,-2.42816,-2.85123,-17.84112,-0.02904,0.19696,1.87111
15.8,0.05212,0.43201,0.32505,2.22398,0,0.92336,-0.66178,-0.3254,-1.32268,-1.44728,0.68782,-0.21776,-16.5168,1.89246,-12.25517,9.19456,5.67422,-1.01631,-0.32731,7.95894,2.88342,-8.89753,4.43462,0.29305,-1.61993,4.90632,8.04205,-1.08739,-7.08753,-9.2789,-4.80372,0.72781,2.9619,2.29155,-2.19667,-3.153,-15.179,0.54672,0.20249,1.4547
15.82,0.19331,0.38364,0.25444,2.97458,0,0.48421,-0.79595,0.02556,-2.15969,-1.85332,1.15878,0.53624,-14.03724,-0.1405,-7.84215,10.99669,5.01439,-0.89573,-0.41734,8.27829,1.64598,-10.37781,4.61336,-0.03664,-1.45941,5.1931,7.9521,-0.38891,-7.96522,-7.89852,-3.88988,0.64554,2.26641,2.31161,-1.8292,-3.32316,-12.37171,1.12893,0.20592,0.98576
15.84,0.32626,0.32759,0.17404,3.65423,0,-0.00108,-0.88999,0.39513,-3.05015,-2.26523,1.69645,1.36205,-10.66896,-2.28787,-2.53538,12.68749,3.91849,-0.5241,-0.45288,8.43325,0.25725,-11.45722,4.63614,-0.39401,-1.24131,5.28465,7.63932,0.37613,-8.50886,-6.09228,-2.68925,0.52553,1.23287,2.266,-1.35215,-3.38857,-9.59791,1.68451,0.20878,0.50923
15.86,0.44556,0.2687,0.08597,4.24114,0,-0.50184,-0.93149,0.75987,-3.94371,-2.65363,2.28042,2.23897,-6.69349,-4.42362,3.22328,14.23273,2.31485,0.16406,-0.4116,8.40557,-1.21258,-12.013,4.50648,-0.75026,-0.98746,5.18172,7.08371,1.17274,-8.68505,-3.84835,-1.26709,0.37795,-0.0799,2.17173,-0.798,-3.38208,-6.99639,2.1802,0.21136,0.06182
15.88,0.54681,0.21114,-0.00696,4.71613,0,-0.98655,-0.91404,1.09886,-4.78467,-2.98374,2.873,3.13234,-2.4386,-6.4129,8.93645,15.59847,0.1732,1.21385,-0.27366,8.17963,-2.67618,-11.97252,4.23649,-1.07727,-0.72067,4.89603,6.28311,1.9617,-8.48278,-1.18843,0.28733,0.2155,-1.57864,2.03997,-0.20349,-3.33373,-4.66298,2.58595,0.21288,-0.33076
15.9,0.62707,0.15785,-0.10132,5.06286,0,-1.4248,-0.83816,1.39489,-5.51522,-3.21777,3.41596,3.98632,1.7492,-8.1204,14.09378,16.74988,-2.47682,2.63909,-0.02517,7.74487,-4.03381,-11.32803,3.846,-1.3514,-0.46179,4.44872,5.25591,2.70115,-7.9154,1.82795,1.86595,0.05175,-3.14096,1.87721,0.39238,-3.26374,-2.65235,2.87803,0.21195,-0.65475
15.92,0.68491,0.11034,-0.19327,5.26846,0,-1.78903,-0.71117,1.63515,-6.07935,-3.31846,3.83668,4.72373,5.53229,-9.42022,18.21571,17.6499,-5.53194,4.41266,0.33888,7.09835,-5.18112,-10.14049,3.36097,-1.55612,-0.22744,3.86844,4.04078,3.34859,-7.02015,5.10384,3.35032,-0.10051,-4.62521,1.6867,0.95048,-3.17898,-0.98326,3.04124,0.20691,-0.90743
15.94,0.72039,0.06866,-0.27877,5.32448,0,-2.05599,-0.5462,1.81114,-6.4274,-3.25333,4.06619,5.25851,8.60837,-10.20703,20.89604,18.25778,-8.80951,6.45977,0.81263,6.24734,-6.01971,-8.53045,2.81121,-1.68287,-0.02887,3.18905,2.69317,3.86344,-5.85499,8.51079,4.62295,-0.23068,-5.88501,1.47001,1.43391,-3.07378,0.35397,3.06989,0.19633,-1.09467
15.96,0.73482,0.03173,-0.35393,5.22837,0,-2.20813,-0.36018,1.91822,-6.52097,-2.99946,4.06032,5.51573,10.73464,-10.40781,21.84102,18.52858,-12.05218,8.65551,1.37848,5.21148,-6.46961,-6.6584,2.2277,-1.7307,0.12825,2.44718,1.27894,4.21024,-4.49319,11.89962,5.58065,-0.33153,-6.7868,1.22848,1.81055,-2.93451,1.38908,2.96767,0.17936,-1.22747
15.98,0.7304,-0.00222,-0.41537,4.9851,0,-2.23472,-0.17158,1.95497,-6.33778,-2.54792,3.81493,5.44839,11.74806,-9.99263,20.90141,18.4145,-14.94499,10.82818,2.00706,4.02417,-6.48162,-4.69973,1.63985,-1.70485,0.24322,1.67989,-0.13323,4.36191,-3.01682,15.11419,6.1477,-0.39984,-7.22779,0.96432,2.05563,-2.74618,2.16351,2.74685,0.15593,-1.31833
16,0.70988,-0.03519,-0.46059,4.60862,0,-2.13272,0.00196,1.92254,-5.87541,-1.90696,3.36969,5.04667,11.57897,-8.98171,18.09173,17.86853,-17.14618,12.77006,2.65806,2.73247,-6.04668,-2.82023,1.07335,-1.61507,0.31925,0.92273,-1.47912,4.30281,-1.51031,18.00517,6.28593,-0.43663,-7.15036,0.68154,2.15387,-2.49907,2.72301,2.4268,0.12686,-1.37825
16.02,0.67626,-0.06891,-0.48815,4.12238,0,-1.90712,0.14546,1.82431,-5.15285,-1.10279,2.79238,4.34133,10.25528,-7.44639,13.59113,16.85016,-18.33205,14.25649,3.28171,1.39474,-5.19963,-1.15671,0.54875,-1.47398,0.36221,0.20807,-2.70473,4.03069,-0.05466,20.44156,5.99926,-0.44659,-6.54967,0.38634,2.10085,-2.19316,3.11172,2.03226,0.09372,-1.41502
16.04,0.63245,-0.10457,-0.49781,3.55861,0,-1.57063,0.24787,1.66573,-4.20932,-0.17755,2.15003,3.39871,7.89619,-5.50267,7.72334,15.33235,-18.25246,15.07274,3.82123,0.07558,-4.01616,0.19503,0.08093,-1.29573,0.37923,-0.43619,-3.76995,3.55734,1.27749,22.31893,5.33149,-0.43696,-5.47297,0.08717,1.90341,-1.83967,3.36792,1.59112,0.05846,-1.43303
16.06,0.58102,-0.14256,-0.49052,2.95632,0,-1.14283,0.30275,1.45431,-3.10071,0.81521,1.48996,2.30278,4.69718,-3.29864,0.9196,13.30931,-16.78898,15.04562,4.2163,-1.16127,-2.60387,1.18464,-0.32078,-1.09505,0.37759,-0.98775,-4.65019,2.90791,2.4259,23.56449,4.35845,-0.4159,-4.01148,-0.20572,1.57911,-1.45948,3.52166,1.13206,0.02298,-1.43425
16.08,0.52414,-0.18241,-0.4683,2.35858,0,-0.64889,0.30839,1.19986,-1.89435,1.81638,0.83849,1.13219,0.9095,-0.99845,-6.32803,10.80381,-14.00191,14.07405,4.40772,-2.2607,-1.08951,1.80544,-0.65201,-0.8866,0.3637,-1.43078,-5.33646,2.11927,3.3456,24.13989,3.17679,-0.39086,-2.28769,-0.48097,1.15499,-1.07979,3.59385,0.68233,-0.01137,-1.41998
16.1,0.46345,-0.22283,-0.43412,1.80932,0,-0.11799,0.26755,0.91449,-0.66327,2.76728,0.20691,-0.05034,-3.18262,1.23394,-13.51427,7.87214,-10.1496,12.15091,4.3434,-3.18273,0.39477,2.08809,-0.91244,-0.6845,0.34248,-1.75638,-5.8339,1.23768,4.00847,24.04172,1.89186,-0.36719,-0.44069,-0.72691,0.6657,-0.72986,3.59665,0.26588,-0.04412,-1.39249
16.12,0.4001,-0.26186,-0.39164,1.34985,0,0.41852,0.1868,0.61238,0.51986,3.61487,-0.40205,-1.1929,-7.28504,3.24898,-20.16321,4.60431,-5.66569,9.36944,3.98512,-3.90656,1.72455,2.09099,-1.10492,-0.50188,0.31716,-1.96258,-6.15915,0.31555,4.40332,23.29871,0.60658,-0.34743,1.38815,-0.93229,0.15099,-0.43714,3.53467,-0.0979,-0.07578,-1.35597
16.14,0.33484,-0.29705,-0.34496,1.01529,0,0.92928,0.0756,0.30905,1.58853,4.31554,-0.98783,-2.24361,-11.11596,4.92275,-25.86271,1.1185,-1.09122,5.91113,3.31589,-4.43129,2.7942,1.88878,-1.2346,-0.35029,0.28938,-2.05381,-6.33662,-0.59244,4.53426,21.96589,-0.58758,-0.33121,3.06807,-1.08708,-0.34739,-0.22411,3.40678,-0.39502,-0.10756,-1.31634
16.16,0.26815,-0.32576,-0.29829,0.83105,0,1.38529,-0.05485,0.02022,2.48782,4.83767,-1.54594,-3.14426,-14.42682,6.16469,-30.29055,-2.4496,3.02651,2.01841,2.34662,-4.7738,3.52577,1.56045,-1.30833,-0.2389,0.25965,-2.04005,-6.39427,-1.43368,4.41814,20.11658,-1.61739,-0.31597,4.4898,-1.18313,-0.78926,-0.10621,3.20827,-0.61713,-0.14101,-1.2802
16.18,0.20032,-0.3455,-0.25558,0.80995,0,1.76215,-0.19269,-0.23942,3.17892,5.16295,-2.06212,-3.8369,-17.02026,6.92245,-33.2325,-5.95974,6.24313,-2.0403,1.12113,-4.96481,3.87498,1.17851,-1.33426,-0.17378,0.22803,-1.93589,-6.35973,-2.16198,4.08145,17.83461,-2.43198,-0.29799,5.57386,-1.21483,-1.13948,-0.09065,2.93325,-0.76155,-0.17737,-1.25314
16.2,0.13162,-0.35416,-0.22032,0.95026,0,2.04185,-0.32655,-0.45739,3.64206,5.2867,-2.50737,-4.27973,-18.76347,7.18332,-34.59169,-9.27942,8.30457,-6.00457,-0.28267,-5.04389,3.83393,0.80106,-1.32159,-0.15718,0.1948,-1.75963,-6.25718,-2.74101,3.55723,15.20791,-3.00429,-0.27356,6.27562,-1.17969,-1.371,-0.17625,2.57709,-0.83087,-0.21712,-1.23818
16.22,0.0624,-0.35031,-0.19524,1.23541,0,2.21373,-0.44625,-0.62409,3.87728,5.21682,-2.83911,-4.45756,-19.59459,6.97236,-34.38753,-12.2932,9.18808,-9.64803,-1.75705,-5.05415,3.43002,0.46762,-1.28051,-0.18721,0.16111,-1.53244,-6.1052,-3.14634,2.88217,12.32383,-3.32989,-0.24001,6.58655,-1.07873,-1.46676,-0.35392,2.13846,-0.83235,-0.25964,-1.23462
16.24,-0.00684,-0.33331,-0.18221,1.63527,0,2.27451,-0.54352,-0.73309,3.90276,4.97175,-3.01481,-4.38139,-19.52176,6.34705,-32.74408,-14.908,9.08662,-12.79346,-3.17476,-5.03716,2.72078,0.19906,-1.22202,-0.25777,0.12945,-1.27749,-5.91586,-3.36597,2.09395,9.26603,-3.42324,-0.19644,6.53153,-0.91656,-1.42059,-0.60801,1.62084,-0.77707,-0.30312,-1.23753
16.26,-0.07546,-0.30338,-0.18211,2.10904,0,2.2276,-0.61228,-0.78099,3.75141,4.57756,-3.01117,-4.0828,-18.61603,5.38963,-29.8706,-17.0551,8.3444,-15.31747,-4.40425,-5.02843,1.78581,0.00107,-1.15779,-0.35889,0.10382,-1.0191,-5.69471,-3.39957,1.22912,6.11291,-3.31247,-0.14399,6.16301,-0.70125,-1.23686,-0.91797,1.03333,-0.67892,-0.34472,-1.2381
16.28,-0.14266,-0.2616,-0.19486,2.60917,0,2.08192,-0.64893,-0.76709,3.46624,4.06494,-2.83263,-3.60733,-17.00053,4.19829,-26.03827,-18.68976,7.36526,-17.1477,-5.32678,-5.05402,0.71709,-0.13026,-1.09991,-0.47733,0.08966,-0.78174,-5.44205,-3.25691,0.32169,2.9377,-3.03393,-0.08578,5.55333,-0.44383,-0.9295,-1.26038,0.39064,-0.55357,-0.38091,-1.22455
16.3,-0.2075,-0.20981,-0.2194,3.08567,0,1.8506,-0.65241,-0.69293,3.09552,3.46658,-2.50725,-3.00785,-14.83757,2.87844,-21.5558,-19.7893,6.51922,-18.25555,-5.85195,-5.12863,-0.39064,-0.20222,-1.06051,-0.59742,0.0934,-0.58894,-5.15478,-2.95616,-0.59715,-0.18998,-2.62741,-0.0264,4.78605,-0.15746,-0.52042,-1.61088,-0.2877,-0.4175,-0.40787,-1.18351
16.32,-0.26895,-0.15052,-0.25382,3.49054,0,1.54969,-0.62418,-0.56194,2.68803,2.81481,-2.07834,-2.33864,-12.31378,1.53458,-16.74473,-20.34986,6.06918,-18.64679,-5.9284,-5.25516,-1.44845,-0.21995,-1.05119,-0.70206,0.12166,-0.46189,-4.82869,-2.52196,-1.4983,-3.20179,-2.13289,0.02885,3.94698,0.14384,-0.03746,-1.94586,-0.97928,-0.28717,-0.42192,-1.10165
16.34,-0.32584,-0.08664,-0.29551,3.78167,0,1.19678,-0.56797,-0.37912,2.2887,2.13989,-1.59642,-1.65041,-9.62402,0.26302,-11.91478,-20.38221,6.12972,-18.35192,-5.54824,-5.42575,-2.38017,-0.18236,-1.08219,-0.77388,0.18008,-0.41781,-4.46067,-1.98361,-2.35328,-6.02841,-1.58895,0.07507,3.11529,0.44688,0.48797,-2.24384,-1.66161,-0.17818,-0.41979,-0.96738
16.36,-0.37687,-0.02124,-0.34135,3.92641,0,0.80989,-0.48952,-0.15093,1.93495,1.46861,-1.11179,-0.98656,-6.9547,-0.8544,-7.34039,-19.90781,6.66004,-17.41813,-4.74549,-5.62408,-3.1276,-0.08009,-1.16138,-0.79652,0.27198,-0.46805,-4.05068,-1.37329,-3.13236,-8.5985,-1.03239,0.10889,2.3554,0.7413,1.02347,-2.48651,-2.31572,-0.10459,-0.39894,-0.77246
16.38,-0.42064,0.04271,-0.38797,3.90437,0,0.40652,-0.39618,0.11471,1.65392,0.82339,-0.66839,-0.38062,-4.46861,-1.75509,-3.24072,-18.95622,7.48538,-15.90416,-3.59022,-5.8284,-3.65387,0.10467,-1.29327,-0.75605,0.39716,-0.61647,-3.60328,-0.72448,-3.80331,-10.83935,-0.49835,0.12943,1.71063,1.02138,1.5381,-2.65946,-2.92962,-0.07831,-0.35783,-0.51345
16.4,-0.45566,0.10262,-0.43196,3.7092,0,0.00312,-0.2965,0.40824,1.46091,0.22199,-0.2994,0.14495,-2.29303,-2.3988,0.23424,-17.56439,8.33892,-13.87859,-2.18006,-6.01474,-3.9447,0.39623,-1.47816,-0.64234,0.5509,-0.85822,-3.12842,-0.07056,-4.33118,-12.67967,-0.02015,0.13876,1.19975,1.28731,2.00442,-2.75244,-3.50071,-0.10861,-0.29617,-0.19274
16.42,-0.48044,0.15637,-0.47016,3.34884,0,-0.38512,-0.19969,0.71823,1.35932,-0.32259,-0.02492,0.57864,-0.51215,-2.76823,3.00985,-15.77718,8.91634,-11.42072,-0.63007,-6.15972,-4.00744,0.82158,-1.71166,-0.45023,0.72382,-1.17953,-2.64104,0.55667,-4.67978,-14.05468,0.37215,0.14162,0.81718,1.54547,2.3998,-2.75915,-4.03647,-0.20181,-0.21517,0.18103
16.44,-0.49348,0.20242,-0.49986,2.84404,0,-0.74428,-0.11509,1.03117,1.3417,-0.8018,0.14822,0.9187,0.83565,-2.86761,5.08496,-13.64854,8.93583,-8.62293,0.93823,-6.24242,-3.86765,1.40498,-1.98455,-0.18048,0.9023,-1.55851,-2.15944,1.12842,-4.81491,-14.91306,0.65455,0.1443,0.53697,1.80754,2.70698,-2.67643,-4.55285,-0.36111,-0.11777,0.59332
16.46,-0.49344,0.23975,-0.51894,2.22559,0,-1.06153,-0.05143,1.33138,1.39207,-1.21114,0.22502,1.17117,1.75633,-2.71929,6.52335,-11.24288,8.19579,-5.59324,2.40785,-6.24561,-3.56421,2.16154,-2.28313,0.15963,1.06987,-1.96705,-1.70256,1.62053,-4.70911,-15.22534,0.8129,0.15301,0.31968,2.08861,2.91414,-2.50323,-5.07088,-0.58647,-0.00871,1.02479
16.48,-0.47919,0.26788,-0.52607,1.53077,0,-1.32505,-0.01615,1.60133,1.48882,-1.54969,0.21975,1.34741,2.29508,-2.35961,7.44027,-8.6362,6.62105,-2.4567,3.67646,-6.15657,-3.14367,3.09093,-2.59006,0.55617,1.20894,-2.37336,-1.28708,2.01485,-4.34708,-14.99201,0.84658,0.17207,0.12083,2.40466,3.0146,-2.23965,-5.61218,-0.87448,0.10543,1.45299
16.5,-0.45003,0.28671,-0.52077,0.79986,0,-1.52417,-0.01474,1.82216,1.60773,-1.81949,0.15287,1.46172,2.52814,-1.83434,7.98602,-5.91624,4.28737,0.64612,4.66434,-5.96757,-2.65477,4.17213,-2.88537,0.98892,1.3029,-2.7449,-0.92496,2.30022,-3.73051,-14.24908,0.77066,0.20258,-0.10096,2.7698,3.00648,-1.88646,-6.19403,-1.21819,0.21661,1.85443
16.52,-0.40572,0.29654,-0.50343,0.07286,0,-1.64965,-0.05017,1.97477,1.72485,-2.02467,0.0479,1.529,2.55202,-1.19426,8.32751,-3.18003,1.4158,3.56552,5.31933,-5.67599,-2.14385,5.36065,-3.14779,1.43243,1.33813,-3.05122,-0.62201,2.47252,-2.88102,-13.06821,0.61521,0.24182,-0.37737,3.19353,2.89231,-1.44515,-6.82465,-1.60672,0.31588,2.20682
16.54,-0.34668,0.29794,-0.47514,-0.61322,0,-1.69429,-0.1225,2.04122,1.81884,-2.17055,-0.0715,1.56285,2.47058,-0.49105,8.629,-0.52849,-1.66489,6.15443,5.61849,-5.28399,-1.65108,6.58849,-3.35618,1.85783,1.30579,-3.26653,-0.37772,2.53399,-1.84041,-11.55056,0.42131,0.28369,-0.72613,3.67836,2.67855,-0.91867,-7.49912,-2.02488,0.39436,2.49137
16.56,-0.27395,0.29169,-0.43754,-1.22664,0,-1.65378,-0.22862,2.0066,1.87284,-2.26264,-0.18407,1.57399,2.38145,0.22643,9.0335,1.94173,-4.58012,8.28429,5.56688,-4.79795,-1.20788,7.76742,-3.49104,2.23522,1.20325,-3.37189,-0.18622,2.49177,-0.66832,-9.81531,0.23455,0.3201,-1.14931,4.21793,2.37517,-0.31257,-8.19642,-2.45282,0.44447,2.6949
16.58,-0.18929,0.27878,-0.39255,-1.74269,0,-1.52764,-0.36222,1.86087,1.87576,-2.30588,-0.27289,1.56938,2.36367,0.91521,9.64695,4.14703,-6.98072,9.86169,5.19432,-4.22791,-0.83536,8.795,-3.53613,2.53645,1.03503,-3.35692,-0.03797,2.35632,0.56196,-7.98604,0.09732,0.34263,-1.63357,4.79595,1.99524,0.3635,-8.87815,-2.86582,0.46118,2.81152
16.6,-0.09514,0.26033,-0.34218,-2.1448,0,-1.31994,-0.51388,1.60058,1.82294,-2.30422,-0.32684,1.55186,2.46866,1.54045,10.52715,6.02434,-8.60556,10.84117,4.55079,-3.58705,-0.54388,9.56267,-3.47977,2.73768,0.81297,-3.22078,0.07822,2.14004,1.76898,-6.17773,0.04186,0.34429,-2.15209,5.38608,1.55454,1.09433,-9.48899,-3.23453,0.44306,2.8434
16.62,0.00538,0.23755,-0.28834,-2.42507,0,-1.03966,-0.67149,1.2298,1.71613,-2.26063,-0.34117,1.52043,2.71622,2.0767,11.67901,7.53534,-9.32093,11.23051,3.70039,-2.89103,-0.33359,9.9654,-3.3158,2.82133,0.55555,-2.97191,0.17327,1.85631,2.8693,-4.48674,0.08558,0.32073,-2.66749,5.95289,1.07094,1.85816,-9.95927,-3.52563,0.39288,2.80017
16.64,0.10863,0.21167,-0.23276,-2.58395,0,-0.70037,-0.82092,0.76027,1.56267,-2.17745,-0.31744,1.47108,3.09599,2.50826,13.05659,8.66689,-9.1299,11.08659,2.7144,-2.15715,-0.19585,9.91211,-3.04381,2.77731,0.28606,-2.62669,0.25633,1.51893,3.78414,-2.98459,0.22941,0.27076,-3.13579,6.45383,0.56338,2.62631,-10.20949,-3.70322,0.31751,2.69681
16.66,0.2106,0.18387,-0.17685,-2.62956,0,-0.31932,-0.94699,0.21063,1.37409,-2.05707,-0.26273,1.39802,3.57366,2.82873,14.57128,9.4283,-8.15473,10.50365,1.66391,-1.40322,-0.11537,9.3366,-2.66892,2.60351,0.03,-2.20704,0.33374,1.14214,4.44628,-1.71555,0.45911,0.19615,-3.51108,6.84244,0.0506,3.36372,-10.15682,-3.73112,0.22726,2.55048
16.68,0.30714,0.15514,-0.12173,-2.57648,0,0.08375,-1.03469,-0.3948,1.16436,-1.90271,-0.18843,1.29526,4.09986,3.03995,16.10423,9.84702,-6.60199,9.59744,0.613,-0.64661,-0.07277,8.20801,-2.20123,2.30582,-0.18798,-1.73768,0.40854,0.74075,4.8066,-0.69755,0.74863,0.10109,-3.75064,7.0724,-0.45015,4.03036,-9.72303,-3.57615,0.13472,2.37706
16.7,0.39429,0.12625,-0.06817,-2.44418,0,0.48792,-1.07052,-1.02759,0.94814,-1.71901,-0.10852,1.1581,4.61951,3.1503,17.5207,9.96384,-4.72206,8.48924,-0.38649,0.09655,-0.04736,6.53944,-1.65523,1.89788,-0.34701,-1.24352,0.48053,0.33041,4.83952,0.07436,1.06474,-0.00864,-3.82025,7.10215,-0.92426,4.58323,-8.84313,-3.21245,0.05326,2.1881
16.72,0.46849,0.09772,-0.01668,-2.25494,0,0.87233,-1.04389,-1.65685,0.73907,-1.51228,-0.0377,0.98442,5.07967,3.17249,18.68394,9.82856,-2.77203,7.29239,-1.2979,0.81184,-0.01994,4.39276,-1.04904,1.40038,-0.43248,-0.74747,0.54688,-0.07238,4.54636,0.62281,1.372,-0.12639,-3.69906,6.89925,-1.36047,4.97908,-7.47333,-2.62642,-0.00475,1.98893
16.74,0.52689,0.06982,0.03253,-2.03136,0,1.21739,-0.94843,-2.25094,0.54821,-1.2901,0.01075,0.77551,5.43498,3.1206,19.4676,9.4963,-0.98719,6.10301,-2.10024,1.48671,0.02458,1.87825,-0.40345,0.84004,-0.4377,-0.26891,0.60316,-0.45074,3.95606,0.98182,1.63751,-0.24529,-3.3836,6.44431,-1.75109,5.17747,-5.59754,-1.82182,-0.02976,1.77805
16.76,0.56759,0.04263,0.07946,-1.79365,0,1.50577,-0.78307,-2.77938,0.38282,-1.06052,0.02703,0.5365,5.6506,3.0071,19.76618,9.02482,0.43758,4.99495,-2.78656,2.11061,0.0949,-0.85101,0.25913,0.2481,-0.36472,0.1773,0.64464,-0.78827,3.12323,1.19034,1.83508,-0.35869,-2.89045,5.73399,-2.09183,5.14443,-3.23212,-0.82421,-0.01671,1.54799
16.78,0.58987,0.01603,0.12433,-1.55732,0,1.72339,-0.55286,-3.21466,0.24556,-0.83111,0.00664,0.27634,5.70339,2.84017,19.50386,8.47281,1.3581,4.01857,-3.36077,2.67504,0.1918,-3.60944,0.91584,-0.34155,-0.22438,0.58131,0.66763,-1.07023,2.1237,1.2864,1.94833,-0.4606,-2.25687,4.78322,-2.38144,4.85654,-0.42862,0.31625,0.03359,1.28734
16.8,0.59428,-0.01014,0.16751,-1.33166,0,1.86021,-0.26923,-3.53405,0.1343,-0.60826,-0.04854,0.0074,5.582,2.62196,18.6409,7.89855,1.68507,3.20233,-3.83357,3.17359,0.3076,-6.1935,1.54433,-0.89436,-0.03548,0.93819,0.67058,-1.28471,1.04775,1.30267,1.97242,-0.54599,-1.53863,3.62595,-2.62102,4.30488,2.72591,1.52509,0.11401,0.9836
16.82,0.58263,-0.03603,0.20941,-1.11953,0,1.9107,0.05054,-3.72105,0.04259,-0.39693,-0.1301,-0.25529,5.2862,2.34818,17.1765,7.35838,1.38444,2.55614,-4.21788,3.60206,0.42702,-8.3998,2.12378,-1.37757,0.17703,1.24745,0.65457,-1.42357,-0.00921,1.264,1.91387,-0.61118,-0.80402,2.31374,-2.81317,3.49848,6.11192,2.70814,0.21162,0.62642
16.84,0.55778,-0.06176,0.25042,-0.9184,0,1.87408,0.38472,-3.76644,-0.03901,-0.20089,-0.22408,-0.49529,4.82571,2.00912,15.14747,6.90426,0.47536,2.07545,-4.52421,3.95847,0.52945,-10.04628,2.63563,-1.76279,0.38464,1.51221,0.62312,-1.48301,-0.95787,1.18699,1.7884,-0.65421,-0.1243,0.91191,-2.96103,2.46648,9.5843,3.76084,0.30941,0.21087
16.86,0.52324,-0.08726,0.29073,-0.72246,0,1.75418,0.70933,-3.66897,-0.12121,-0.02329,-0.31292,-0.69626,4.21886,1.59187,12.62389,6.5807,-0.97297,1.74542,-4.75676,4.24312,0.59241,-10.99436,3.06446,-2.02866,0.5586,1.73816,0.58155,-1.46385,-1.72693,1.08137,1.61752,-0.6752,0.43801,-0.50635,-3.06728,1.25911,12.98271,4.58117,0.38889,-0.25991
16.88,0.48277,-0.11236,0.33027,-0.52537,0,1.55923,1.00066,-3.43574,-0.21396,0.13273,-0.37799,-0.84374,3.49115,1.08364,9.70297,6.42163,-2.84526,1.54445,-4.9108,4.45858,0.59566,-11.16905,3.39872,-2.16322,0.67334,1.93239,0.53583,-1.3714,-2.27316,0.95241,1.4243,-0.67652,0.84033,-1.86695,-3.13334,-0.05291,16.14401,5.0839,0.433,-0.77315
16.9,0.43992,-0.13669,0.36865,-0.32299,0,1.30139,1.23778,-3.082,-0.32458,0.26364,-0.40239,-0.92684,2.67377,0.47533,6.50264,6.44777,-4.98511,1.4468,-4.97209,4.60937,0.52516,-10.57223,3.63138,-2.16547,0.70955,2.10216,0.49156,-1.21514,-2.58677,0.80359,1.22968,-0.66272,1.06743,-3.10146,-3.15897,-1.38061,18.91463,5.21288,0.4288,-1.30661
16.92,0.39771,-0.15971,0.40516,-0.11551,0,0.99592,1.40462,-2.63033,-0.45637,0.36572,-0.37347,-0.9397,1.80163,-0.23492,3.15477,6.66482,-7.20186,1.42381,-4.91848,4.70103,0.37623,-9.28501,3.7602,-2.04534,0.65639,2.25363,0.45292,-1.00797,-2.6899,0.63886,1.04962,-0.63994,1.13252,-4.15269,-3.1421,-2.6213,21.16109,4.9489,0.36925,-1.83108
16.94,0.35826,-0.18082,0.43885,0.09129,0,0.66011,1.49133,-2.10871,-0.60785,0.43595,-0.28499,-0.88248,0.91086,-1.03888,-0.20207,7.06276,-9.28052,1.44408,-4.72385,4.73858,0.15555,-7.45746,3.78759,-1.82226,0.51255,2.39062,0.42204,-0.76504,-2.62763,0.46392,0.89365,-0.61481,1.07131,-4.97846,-3.07913,-3.66551,22.77775,4.31146,0.25389,-2.31501
16.96,0.32264,-0.19934,0.46866,0.28578,0,0.31184,1.4951,-1.54811,-0.77272,0.47323,-0.13849,-0.76193,0.03596,-1.91631,-3.43022,7.61607,-10.99522,1.47306,-4.3638,4.72465,-0.11824,-5.28779,3.72002,-1.5222,0.28621,2.51351,0.39864,-0.5024,-2.45387,0.28662,0.76476,-0.59307,0.93076,-5.55402,-2.9654,-4.40634,23.69235,3.35521,0.08852,-2.73044
16.98,0.29074,-0.21465,0.49359,0.45114,0,-0.03183,1.42033,-0.97969,-0.94049,0.4798,0.05609,-0.59131,-0.79278,-2.83433,-6.40038,8.28493,-12.12666,1.47331,-3.82194,4.65794,-0.4155,-2.9957,3.56741,-1.17433,-0.00584,2.61859,0.38005,-0.23566,-2.21586,0.11644,0.66038,-0.57818,0.75597,-5.87299,-2.79616,-4.75016,23.86976,2.16253,-0.11586,-3.05879
17,0.26132,-0.22626,0.5129,0.56682,0,-0.35587,1.27831,-0.43239,-1.09763,0.46211,0.28087,-0.38966,-1.55094,-3.74816,-8.99818,9.01688,-12.48279,1.40629,-3.09569,4.53254,-0.69788,-0.79521,3.34228,-0.80769,-0.33995,2.69804,0.36152,0.02119,-1.94221,-0.03641,0.5741,-0.57021,0.5793,-5.94703,-2.56768,-4.62748,23.31371,0.83409,-0.34448,-3.29433
17.02,0.23224,-0.2339,0.52623,0.61057,0,-0.64814,1.0862,0.06894,-1.22922,0.43078,0.51174,-0.18014,-2.2202,-4.60376,-11.12952,9.74882,-11.92181,1.23657,-2.19989,4.33838,-0.9223,1.12883,3.05871,-0.44855,-0.68792,2.74066,0.33694,0.25645,-1.63788,-0.16229,0.49786,-0.56555,0.41517,-5.80396,-2.27835,-4.00259,22.06538,-0.52134,-0.58026,-3.44398
17.04,0.20073,-0.23749,0.53367,0.56102,0,-0.89973,0.8654,0.5047,-1.32094,0.39948,0.72132,0.01245,-2.78712,-5.34222,-12.72445,10.4093,-10.37538,0.9384,-1.16762,4.06293,-1.04622,2.6384,2.73102,-0.11866,-1.01984,2.73329,0.29973,0.46091,-1.28749,-0.25356,0.4242,-0.55725,0.26154,-5.48429,-1.92964,-2.88076,20.19839,-1.79708,-0.80525,-3.52284
17.06,0.16382,-0.23722,0.5358,0.40052,0,-1.10501,0.63953,0.8611,-1.3612,0.38284,0.8828,0.16476,-3.24109,-5.90567,-13.74028,10.92144,-7.86922,0.50321,-0.04814,3.69386,-1.03376,3.65327,2.37238,0.16567,-1.30733,2.66284,0.24398,0.62778,-0.86532,-0.30593,0.34838,-0.53627,0.10701,-5.03674,-1.52674,-1.31248,17.81125,-2.89812,-1.0019,-3.54681
17.08,0.11878,-0.23347,0.53359,0.11785,0,-1.26137,0.43209,1.13014,-1.34317,0.394,0.97397,0.25809,-3.57215,-6.2441,-14.16385,11.20726,-4.53657,-0.05373,1.0972,3.22242,-0.8617,4.15544,1.99363,0.39379,-1.52661,2.51862,0.16562,0.75225,-0.34834,-0.31968,0.26973,-0.49313,-0.0597,-4.51341,-1.07902,0.60605,15.01912,-3.74935,-1.15433,-3.52454
17.1,0.06355,-0.22678,0.52838,-0.28949,0,-1.36864,0.26435,1.30915,-1.26627,0.44216,0.98074,0.28098,-3.76972,-6.32186,-14.01261,11.19344,-0.61837,-0.69046,2.20052,2.64659,-0.52407,4.18691,1.60258,0.56055,-1.66115,2.29449,0.06345,0.83101,0.27247,-0.30047,0.19224,-0.41988,-0.24165,-3.96531,-0.6001,2.73717,11.94608,-4.30154,-1.2494,-3.45154
17.12,-0.00295,-0.21778,0.52175,-0.81402,0,-1.42838,0.15354,1.39995,-1.13677,0.53091,0.89928,0.23072,-3.82263,-6.12263,-13.33348,10.81841,3.55509,-1.34133,3.19359,1.97343,-0.03434,3.84075,1.20393,0.66582,-1.70322,1.99031,-0.0601,0.86187,0.98639,-0.25963,0.12368,-0.31187,-0.43017,-3.43848,-0.10735,4.91193,8.71812,-4.53433,-1.27769,-3.30846
17.14,-0.08061,-0.20705,0.51533,-1.43822,0,-1.44305,0.11143,1.40772,-0.96729,0.65739,0.73651,0.11353,-3.72088,-5.65224,-12.19911,10.0402,7.60252,-1.92648,4.01441,1.22007,0.57536,3.24585,0.79981,0.71392,-1.65436,1.61252,-0.1986,0.84331,1.76435,-0.21368,0.0736,-0.16926,-0.60706,-2.97083,0.37914,6.94607,5.45665,-4.45594,-1.2343,-3.06445
17.16,-0.16812,-0.19498,0.51063,-2.13552,0,-1.4151,0.14342,1.3397,-0.77533,0.81242,0.50895,-0.05661,-3.4586,-4.93926,-10.70202,8.84432,11.14468,-2.36629,4.61353,0.41325,1.25787,2.54771,0.39082,0.71296,-1.52469,1.17375,-0.3417,0.77434,2.56632,-0.18339,0.0503,0.00217,-0.75144,-2.58987,0.83812,8.66051,2.27266,-4.10019,-1.11945,-2.68485
17.18,-0.26299,-0.18168,0.50885,-2.87224,0,-1.34632,0.24813,1.20415,-0.58125,0.98149,0.24055,-0.25999,-3.03754,-4.03348,-8.94788,7.25035,13.86107,-2.59737,4.95954,-0.41215,1.9564,1.88801,-0.0227,0.67411,-1.33145,0.69182,-0.47549,0.65446,3.35133,-0.19228,0.05787,0.19091,-0.84805,-2.3113,1.24899,9.90271,-0.73782,-3.52162,-0.9389,-2.14103
17.2,-0.3617,-0.16691,0.51076,-3.60992,0,-1.2376,0.41743,1.00965,-0.40596,1.14627,-0.04034,-0.47368,-2.46996,-3.00241,-7.04862,5.31518,15.53695,-2.58569,5.0426,-1.21543,2.61094,1.38666,-0.43916,0.61064,-1.09691,0.18841,-0.58331,0.48376,4.08578,-0.26495,0.0939,0.38078,-0.89329,-2.13874,1.59337,10.56468,-3.49663,-2.78945,-0.7039,-1.41975
17.22,-0.45996,-0.15007,0.51667,-4.30794,0,-1.08907,0.63717,0.7648,-0.26871,1.28667,-0.30423,-0.67437,-1.77968,-1.9255,-5.11567,3.13071,16.08916,-2.3334,4.875,-1.95285,3.16463,1.12865,-0.85457,0.53684,-0.84582,-0.3126,-0.64669,0.26324,4.74668,-0.42526,0.14883,0.55313,-0.89597,-2.0646,1.85631,10.59383,-5.9443,-1.9807,-0.43059,-0.52955
17.24,-0.55293,-0.13031,0.52633,-4.92612,0,-0.90063,0.88845,0.47835,-0.18507,1.38306,-0.52387,-0.84096,-1.0009,-0.88619,-3.25322,0.81529,15.56592,-1.87763,4.48859,-2.581,3.56975,1.15706,-1.26167,0.46642,-0.60251,-0.78691,-0.64671,-0.00492,5.31862,-0.69446,0.20705,0.69013,-0.87171,-2.07186,2.0269,9.99489,-8.03939,-1.17283,-0.13875,0.49731
17.26,-0.63556,-0.10666,0.5391,-5.42748,0,-0.67298,1.14939,0.15977,-0.16523,1.41857,-0.6774,-0.95712,-0.17484,0.03738,-1.55181,-1.50013,14.12396,-1.28217,3.92955,-3.06038,3.79276,1.47203,-1.64957,0.41098,-0.38795,-1.21165,-0.5654,-0.31701,5.78608,-1.08943,0.24951,0.77865,-0.83284,-2.13672,2.09856,8.82418,-9.75687,-0.43622,0.15013,1.60716
17.28,-0.70299,-0.07822,0.55393,-5.7808,0,-0.40865,1.39717,-0.18019,-0.21282,1.38121,-0.75094,-1.01318,0.6547,0.7816,-0.08303,-3.68782,11.99218,-0.62502,3.25203,-3.35888,3.81815,2.03434,-2.00389,0.37844,-0.21714,-1.56715,-0.3873,-0.66736,6.1248,-1.62105,0.25707,0.81373,-0.7775,-2.23169,2.06905,7.17904,-11.0862,0.17263,0.415,2.73049
17.3,-0.75085,-0.0444,0.56955,-5.96297,0,-0.11313,1.61003,-0.52884,-0.32429,1.26537,-0.74017,-1.00728,1.44581,1.30455,1.10396,-5.63777,9.43197,0.01479,2.51187,-3.45475,3.65048,2.7724,-2.3074,0.37202,-0.09734,-1.83826,-0.10087,-1.04784,6.29646,-2.29295,0.21354,0.80055,-0.68263,-2.32872,1.94064,5.18534,-12.02954,0.6163,0.63733,3.78928
17.32,-0.77563,-0.00511,0.58455,-5.96045,0,0.20443,1.76903,-0.87128,-0.48904,1.07243,-0.65056,-0.94547,2.16217,1.58999,1.9835,-7.26769,6.70193,0.56852,1.7614,-3.3383,3.31386,3.59171,-2.54104,0.38991,-0.02746,-2.01512,0.30045,-1.44736,6.25007,-3.10062,0.10769,0.75388,-0.50455,-2.40199,1.72018,2.98503,-12.59974,0.87943,0.80299,4.70488
17.34,-0.77487,0.03914,0.59742,-5.76977,0,0.53097,1.85932,-1.19058,-0.6904,0.81023,-0.49606,-0.84052,2.77548,1.6472,2.55205,-8.52765,4.03145,0.98529,1.04566,-3.01236,2.8487,4.38574,-2.68529,0.4258,0.00123,-2.09328,0.81746,-1.85143,5.93103,-4.03105,-0.06612,0.69497,-0.18833,-2.43013,1.41931,0.72455,-12.81838,0.96905,0.90345,5.40571
17.36,-0.7473,0.08713,0.60662,-5.39722,0,0.84983,1.87117,-1.4685,-0.9073,0.49176,-0.29661,-0.7098,3.26673,1.50744,2.82497,-9.39953,1.6041,1.23589,0.4002,-2.49145,2.30637,5.04779,-2.722,0.47009,0.00336,-2.07322,1.44495,-2.24206,5.29603,-5.06286,-0.30846,0.64635,0.3161,-2.39783,1.0545,-1.45535,-12.7141,0.91252,0.93662,5.83427
17.38,-0.69303,0.13693,0.61061,-4.85801,0,1.14173,1.80056,-1.6867,-1.11655,0.13324,-0.07504,-0.57262,3.62648,1.21814,2.8322,-9.8933,-0.45005,1.31329,-0.14991,-1.80026,1.74266,5.48238,-2.63639,0.51156,-0.00285,-1.95982,2.1715,-2.598,4.32959,-6.16657,-0.61594,0.62609,1.03556,-2.29692,0.64696,-3.42836,-12.32152,0.75351,0.90691,5.95309
17.4,-0.61356,0.18605,0.6079,-4.17495,0,1.38611,1.64946,-1.82835,-1.29531,-0.2477,0.14618,-0.44743,3.85431,0.83593,2.61379,-10.04132,-2.05502,1.23041,-0.5899,-0.97175,1.21126,5.61529,-2.4191,0.5391,0.00203,-1.76161,2.97937,-2.89566,3.05656,-7.30493,-0.98202,0.64316,1.95892,-2.12667,0.22203,-5.08976,-11.68054,0.54651,0.82481,5.74872
17.42,-0.51175,0.23156,0.59718,-3.37654,0,1.56298,1.42563,-1.87984,-1.42367,-0.63368,0.34766,-0.34939,3.95755,0.41965,2.21553,-9.89188,-3.18417,1.01589,-0.91448,-0.04489,0.75799,5.40072,-2.06793,0.54316,0.03657,-1.49011,3.84443,-3.11074,1.54574,-8.43284,-1.39709,0.69526,3.03076,-1.89335,-0.19212,-6.3619,-10.83536,0.35005,0.70555,5.23316
17.44,-0.3917,0.27044,0.57728,-2.49439,0,1.65497,1.14193,-1.8326,-1.48699,-1.00872,0.51505,-0.28829,3.94937,0.02395,1.68511,-9.50253,-3.85192,0.70846,-1.12634,0.93781,0.41633,4.8252,-1.58905,0.51683,0.11697,-1.15923,4.73609,-3.22035,-0.09738,-9.49719,-1.84763,0.76967,4.15572,-1.60887,-0.56658,-7.19835,-9.83294,0.21923,0.56708,4.44219
17.46,-0.25845,0.2999,0.54736,-1.56031,0,1.64959,0.81512,-1.68462,-1.47795,-1.35901,0.64033,-0.26735,3.84655,-0.30619,1.06884,-8.93407,-4.10372,0.35055,-1.23456,1.93296,0.20433,3.90821,-0.99751,0.45643,0.25603,-0.7846,5.61757,-3.20578,-1.7472,-10.43685,-2.31475,0.84677,5.21238,-1.28881,-0.87452,-7.58661,-8.72083,0.19813,0.42759,3.43126
17.48,-0.11768,0.31776,0.50692,-0.60349,0,1.54119,0.46451,-1.44166,-1.39786,-1.67329,0.72216,-0.28253,3.66722,-0.53955,0.40925,-8.24563,-4.00587,-0.01781,-1.2529,2.89885,0.12319,2.70025,-0.31719,0.36179,0.4623,-0.38297,6.44672,-3.05512,-3.2789,-11.18374,-2.77286,0.90492,6.07246,-0.95024,-1.09408,-7.54927,-7.54534,0.31336,0.30295,2.26998
17.5,0.02466,0.3228,0.45597,0.35149,0,1.33224,0.11047,-1.11756,-1.25693,-1.94282,0.76556,-0.32299,3.42887,-0.66097,-0.25658,-7.49118,-3.63627,-0.36403,-1.19828,3.79758,0.15751,1.27842,0.42002,0.23611,0.7392,0.02832,7.17758,-2.76547,-4.58776,-11.665,-3.18926,0.92534,6.62042,-0.6097,-1.21067,-7.14269,-6.34994,0.56993,0.20472,1.03605
17.52,0.16267,0.31488,0.39506,1.28557,0,1.0335,-0.22704,-0.73343,-1.07304,-2.16102,0.78072,-0.37234,3.14668,-0.67147,-0.89789,-6.71707,-3.07673,-0.66604,-1.08933,4.59657,0.27758,-0.26044,1.17596,0.08558,1.08409,0.43213,7.76251,-2.34379,-5.60211,-11.80663,-3.52533,0.89569,6.76889,-0.28167,-1.21832,-6.45206,-5.17434,0.95067,0.13894,-0.19075
17.54,0.29086,0.29502,0.32531,2.18501,0,0.66285,-0.52994,-0.31545,-0.8691,-2.32287,0.78108,-0.41092,2.83212,-0.5863,-1.49044,-5.96041,-2.40685,-0.91345,-0.94508,5.2694,0.44333,-1.809,1.90894,-0.08134,1.48696,0.81237,8.15523,-1.80631,-6.28759,-11.53846,-3.73966,0.81162,6.46773,0.02245,-1.11962,-5.58254,-4.05356,1.41938,0.10612,-1.33429
17.56,0.40452,0.26519,0.24842,3.04031,0,0.24306,-0.78343,0.1083,-0.66913,-2.42418,0.78102,-0.4188,2.49206,-0.43133,-2.01638,-5.24822,-1.69954,-1.1067,-0.78379,5.79621,0.6098,-3.26034,2.5772,-0.25476,1.92931,1.15506,8.31447,-1.17663,-6.64348,-10.80051,-3.79284,0.67651,5.70668,0.2948,-0.92455,-4.64747,-3.01734,1.92722,0.10204,-2.32747
17.58,0.5,0.2281,0.16655,3.84466,0,-0.20082,-0.97722,0.51124,-0.49427,-2.46112,0.79339,-0.37876,2.12863,-0.23838,-2.46374,-4.59731,-1.01785,-1.25491,-0.62193,6.16388,0.73293,-4.51912,3.14278,-0.4244,2.38329,1.44934,8.20822,-0.4833,-6.69412,-9.55033,-3.65331,0.49983,4.51351,0.53107,-0.64877,-3.75566,-2.08971,2.42071,0.11923,-3.11679
17.6,0.57499,0.18685,0.08231,4.59225,0,-0.64395,-1.10639,0.87124,-0.35935,-2.43005,0.82747,-0.2791,1.73985,-0.04067,-2.82567,-4.01505,-0.4128,-1.37283,-0.47341,6.36601,0.77496,-5.51126,3.5748,-0.58046,2.81179,1.6882,7.81771,0.24261,-6.47868,-7.77028,-3.30301,0.29498,2.9493,0.73012,-0.31185,-2.99986,-1.28865,2.84961,0.14864,-3.6659
17.62,0.62858,0.14459,-0.00144,5.27676,0,-1.06339,-1.17174,1.17228,-0.27096,-2.32768,0.88753,-0.11527,1.3213,0.13146,-3.09943,-3.50077,0.07786,-1.4773,-0.34894,6.40249,0.7086,-6.19064,3.85176,-0.71447,3.16966,1.86877,7.1405,0.96929,-6.04191,-5.47338,-2.74184,0.07715,1.10219,0.89323,0.06433,-2.44822,-0.626,3.17316,0.1812,-3.95755
17.64,0.66123,0.10413,-0.08173,5.89019,0,-1.439,-1.17951,1.40481,-0.22722,-2.15167,0.97224,0.10951,0.86847,0.2537,-3.28502,-3.0476,0.43059,-1.58376,-0.25562,6.27866,0.51935,-6.54211,3.96254,-0.81985,3.40653,1.99193,6.19182,1.66542,-5.42737,-2.7066,-1.98993,-0.13847,-0.91974,1.02324,0.45664,-2.13936,-0.10711,3.36393,0.20915,-3.9938
17.66,0.67458,0.06761,-0.15565,6.42241,0,-1.75362,-1.14057,1.56486,-0.21919,-1.90151,1.07496,0.38482,0.37952,0.31013,-3.38397,-2.64461,0.63637,-1.70295,-0.19672,6.00424,0.20629,-6.58104,3.90612,-0.89237,3.47121,2.0615,5.00442,2.30082,-4.67375,0.44867,-1.0878,-0.33801,-2.99611,1.12353,0.84155,-2.08112,0.26948,3.40928,0.22691,-3.79493
17.68,0.6712,0.03622,-0.22062,6.8614,0,-1.99292,-1.06926,1.65263,-0.23333,-1.57962,1.18466,0.69445,-0.14201,0.29435,-3.39826,-2.27912,0.70055,-1.8386,-0.17162,5.59241,-0.21861,-6.35009,3.69066,-0.9304,3.31727,2.08322,3.62724,2.84705,-3.81387,3.87871,-0.09415,-0.50977,-5.00184,1.19719,1.19579,-2.25251,0.51223,3.3109,0.23156,-3.39714
17.7,0.65436,0.01011,-0.27456,7.19426,0,-2.14532,-0.98202,1.67099,-0.2542,-1.19237,1.28737,1.01814,-0.68515,0.20964,-3.32977,-1.93892,0.6417,-1.9863,-0.17617,5.05903,-0.73225,-5.91356,3.332,-0.93498,2.90942,2.06369,2.12292,3.27812,-2.87563,7.44211,0.91831,-0.6448,-6.81455,1.24635,1.49719,-2.60812,0.63646,3.08302,0.22292,-2.84936
17.72,0.62768,-0.01151,-0.31601,7.40849,0,-2.20222,-0.89579,1.62456,-0.26715,-0.75082,1.36801,1.33368,-1.2308,0.06793,-3.18014,-1.61409,0.48922,-2.13409,-0.20321,4.42195,-1.30308,-5.34955,2.85177,-0.90964,2.2298,2.00938,0.56402,3.5716,-1.88382,10.97713,1.86934,-0.73711,-8.32165,1.27197,1.72579,-3.08465,0.6634,2.7495,0.20322,-2.20908
17.74,0.59485,-0.03013,-0.34423,7.49359,0,-2.15864,-0.82635,1.51927,-0.26029,-0.27077,1.41231,1.61885,-1.75262,-0.11229,-2.95109,-1.29835,0.27952,-2.26456,-0.24365,3.70017,-1.89458,-4.74017,2.2752,-0.85995,1.28359,1.92576,-0.97207,3.7102,-0.86204,14.31216,2.67952,-0.78384,-9.4271,1.27389,1.86535,-3.60897,0.61861,2.34006,0.17633,-1.5372
17.76,0.55933,-0.04748,-0.35917,7.44268,0,-2.01422,-0.78671,1.36263,-0.22594,0.22772,1.40879,1.85337,-2.21948,-0.30888,-2.64518,-0.9896,0.05135,-2.35829,-0.28764,2.91297,-2.46911,-4.16089,1.62879,-0.79282,0.10304,1.81666,-2.40942,3.68386,0.16594,17.27868,3.27973,-0.78522,-10.05803,1.25121,1.90517,-4.10697,0.52967,1.88639,0.14678,-0.89235
17.78,0.52404,-0.06509,-0.36149,7.25439,0,-1.77434,-0.78562,1.16428,-0.16136,0.72147,1.35055,2.02072,-2.59891,-0.49919,-2.26683,-0.69003,-0.15915,-2.39777,-0.32589,2.07907,-2.99178,-3.67069,0.93832,-0.71577,-1.25061,1.68384,-3.67998,3.4918,1.17537,19.72531,3.62029,-0.7445,-10.17068,1.20298,1.84185,-4.5121,0.42361,1.41836,0.11873,-0.32546
17.8,0.49121,-0.08384,-0.35244,6.93426,0,-1.4509,-0.82678,0.93649,-0.06898,1.18574,1.23653,2.10946,-2.86107,-0.66305,-1.82339,-0.40558,-0.3226,-2.37089,-0.35079,1.21607,-3.4336,-3.3046,0.2275,-0.63611,-2.68872,1.5268,-4.72929,3.14421,2.14057,21.53072,3.67776,-0.66774,-9.75483,1.12888,1.68056,-4.77249,0.32449,0.96132,0.09511,0.1245
17.82,0.46224,-0.1038,-0.3338,6.49548,0,-1.06228,-0.90846,0.69406,0.04402,1.59614,1.07196,2.11412,-2.98249,-0.78503,-1.32604,-0.14472,-0.41911,-2.27309,-0.35713,0.33988,-3.77352,-3.07013,-0.48271,-0.56019,-4.10111,1.34276,-5.52033,2.66262,3.0359,22.61286,3.45769,-0.56333,-8.83518,1.02983,1.43521,-4.85526,0.25135,0.53445,0.07701,0.43305
17.84,0.43767,-0.12413,-0.3077,5.95831,0,-0.6322,-1.02401,0.45365,0.16657,1.93083,0.86787,2.03536,-2.94922,-0.8559,-0.79009,0.08324,-0.43917,-2.10791,-0.34251,-0.53569,-3.99906,-2.94791,-1.17397,-0.49274,-5.36664,1.12684,-6.0355,2.07877,3.83747,22.93343,2.99272,-0.44128,-7.46926,0.90842,1.12733,-4.74785,0.21678,0.15049,0.06355,0.59065
17.86,0.41722,-0.14334,-0.27642,5.34856,0,-0.18767,-1.16289,0.23224,0.28507,2.17289,0.63975,1.87966,-2.75911,-0.87313,-0.23481,0.27021,-0.38302,-1.88586,-0.30714,-1.39934,-4.10584,-2.89613,-1.83013,-0.43629,-6.36731,0.87255,-6.27652,1.43198,4.52567,22.49832,2.33669,-0.31228,-5.74219,0.76905,0.78377,-4.45655,0.2262,-0.18355,0.05211,0.60148
17.88,0.39987,-0.15951,-0.24224,4.69547,0,0.24368,-1.3121,0.04539,0.38503,2.31223,0.40571,1.65856,-2.42308,-0.84061,0.3173,0.41127,-0.25894,-1.62244,-0.25353,-2.24234,-4.09647,-2.85773,-2.43648,-0.39094,-7.00364,0.57259,-6.26311,0.76573,5.0876,21.35511,1.55651,-0.18673,-3.75965,0.61782,0.43381,-4.00336,0.27769,-0.46505,0.03885,0.48104
17.9,0.38405,-0.17073,-0.20727,4.0295,0,0.63624,-1.45775,-0.09453,0.45285,2.34679,0.18437,1.3877,-1.965,-0.76764,0.84158,0.50596,-0.08118,-1.33567,-0.18597,-3.05803,-3.97908,-2.76883,-2.97923,-0.3543,-7.20811,0.22034,-6.03035,0.12386,5.51893,19.58818,0.72361,-0.07379,-1.63994,0.46225,0.10603,-3.42199,0.36268,-0.69416,0.01939,0.25328
17.92,0.36784,-0.17537,-0.17328,3.37988,0,0.96874,-1.58638,-0.17961,0.47765,2.28242,-0.00719,1.08551,-1.41964,-0.66733,1.31261,0.55852,0.13223,-1.04378,-0.10985,-3.84055,-3.76567,-2.56732,-3.44521,-0.32197,-6.95402,-0.18822,-5.62488,-0.45305,5.82403,17.31092,-0.09353,0.01934,0.49418,0.31081,-0.17448,-2.75346,0.46725,-0.87246,-0.01036,-0.05246
17.94,0.3492,-0.17243,-0.14167,2.77219,0,1.22598,-1.68612,-0.20717,0.45293,2.13121,-0.15532,0.77165,-0.82889,-0.55427,1.70607,0.57702,0.3613,-0.76312,-0.0311,-4.58291,-3.47045,-2.20051,-3.82208,-0.28829,-6.25809,-0.65217,-5.09984,-0.93104,6.01444,14.65496,-0.83527,0.08784,2.52391,0.17208,-0.38839,-2.04167,0.57412,-1.00194,-0.05347,-0.40424
17.96,0.32622,-0.16162,-0.11333,2.22607,0,1.39992,-1.74739,-0.17983,0.37803,1.90881,-0.25136,0.46523,-0.23639,-0.44215,2.00077,0.57148,0.58576,-0.50669,0.04441,-5.27482,-3.10822,-1.63143,-4.09902,-0.24736,-5.17749,-1.16329,-4.50939,-1.28555,6.10563,11.75781,-1.45469,0.1296,4.34254,0.05392,-0.52376,-1.32931,0.66516,-1.08454,-0.11133,-0.77016
17.98,0.29738,-0.1435,-0.08867,1.75357,0,1.49003,-1.7635,-0.105,0.25894,1.6313,-0.29273,0.18317,0.31805,-0.34138,2.18079,0.55171,0.78644,-0.28315,0.11147,-5.90106,-2.69324,-0.84331,-4.2678,-0.1941,-3.80258,-1.70434,-3.90346,-1.50347,6.11323,8.75098,-1.92,0.14513,5.86258,-0.03753,-0.57693,-0.65438,0.72394,-1.12209,-0.18317,-1.12054
18,0.26173,-0.11941,-0.06758,1.35847,0,1.50295,-1.73085,0.00611,0.10844,1.31251,-0.2833,-0.06121,0.80335,-0.25743,2.23727,0.52534,0.94662,-0.09664,0.16588,-6.44067,-2.23854,0.15846,-4.32394,-0.12503,-2.24711,-2.2487,-3.32379,-1.58396,6.04919,5.75101,-2.2152,0.13741,7.02092,-0.09852,-0.55239,-0.04771,0.73798,-1.11665,-0.26597,-1.42969
18.02,0.21899,-0.09132,-0.04953,1.03684,0,1.45115,-1.64888,0.13995,-0.05501,0.96229,-0.23291,-0.25906,1.20035,-0.19027,2.1696,0.49651,1.05336,0.0528,0.20484,-6.8677,-1.75566,1.3473,-4.26748,-0.03859,-0.63668,-2.76168,-2.80159,-1.53791,5.91848,2.85411,-2.33964,0.11147,7.78104,-0.12818,-0.46167,0.46836,0.70038,-1.07093,-0.3547,-1.67729
18.04,0.16959,-0.06151,-0.03364,0.77872,0,1.3508,-1.51968,0.28249,-0.20946,0.58597,-0.15591,-0.40631,1.50274,-0.13483,1.98554,0.46568,1.09878,0.16809,0.22708,-7.15334,-1.25479,2.67954,-4.10322,0.06505,0.90356,-3.20407,-2.35706,-1.38574,5.71678,0.13469,-2.30615,0.07371,8.13217,-0.1285,-0.32115,0.88027,0.6104,-0.98879,-0.44301,-1.84915
18.06,0.1146,-0.03225,-0.01881,0.57078,0,1.21908,-1.34737,0.42122,-0.33255,0.18501,-0.06914,-0.5035,1.7161,-0.08254,1.70063,0.4302,1.08125,0.25366,0.23292,-7.26946,-0.74515,4.10077,-3.84046,0.18458,2.26129,-3.53719,-2.0004,-1.15418,5.4294,-2.35294,-2.13858,0.03121,8.0862,-0.10398,-0.14918,1.18268,0.47322,-0.87564,-0.52426,-1.93779
18.08,0.05558,-0.00537,-0.00387,0.3992,0,1.07152,-1.13753,0.54693,-0.40494,-0.2414,0.01057,-0.55508,1.85531,-0.02347,1.33681,0.38568,1.00617,0.31387,0.22414,-7.19306,-0.23553,5.55289,-3.49239,0.31832,3.34787,-3.72863,-1.73385,-0.87254,5.03199,-4.57084,-1.86865,-0.00914,7.67356,-0.0609,0.03682,1.37732,0.29901,-0.73877,-0.59257,-1.94253
18.1,-0.00552,0.01797,0.01227,0.25228,0,0.91986,-0.8968,0.65496,-0.41324,-0.69424,0.06855,-0.56842,1.94092,0.0514,0.92044,0.32767,0.88588,0.35164,0.20382,-6.91062,0.26498,6.98012,-3.07533,0.46478,4.10607,-3.75736,-1.55413,-0.56938,4.49315,-6.49267,-1.53276,-0.04132,6.93915,-0.00642,0.22281,1.47159,0.10124,-0.58745,-0.6438,-1.86928
18.12,-0.0665,0.03743,0.03048,0.12213,0,0.77094,-0.63263,0.74554,-0.35202,-1.17236,0.09404,-0.55247,1.99497,0.14827,0.47982,0.25331,0.73844,0.36769,0.17586,-6.42129,0.74646,8.33245,-2.60768,0.62274,4.51344,-3.6169,-1.45472,-0.26995,3.77891,-8.09901,-1.16847,-0.06085,5.93871,0.05262,0.39944,1.47692,-0.10537,-0.43276,-0.67607,-1.7297
18.14,-0.12505,0.0535,0.05122,0.0053,0,0.62666,-0.35325,0.82309,-0.22434,-1.6704,0.08112,-0.5161,2.03649,0.26904,0.0421,0.16273,0.58511,0.3603,0.14451,-5.73844,1.1977,9.56615,-2.10862,0.79084,4.58084,-3.31603,-1.42757,0.00527,2.85874,-9.37361,-0.81098,-0.0651,4.73571,0.11091,0.56216,1.40721,-0.30736,-0.28699,-0.68977,-1.53987
18.16,-0.17883,0.06724,0.0745,-0.09774,0,0.48494,-0.06776,0.89475,-0.04123,-2.1772,0.02901,-0.46654,2.07749,0.41063,-0.36991,0.06007,0.44697,0.32584,0.11369,-4.88932,1.6062,10.64186,-1.5966,0.96678,4.34703,-2.87723,-1.46413,0.24111,1.71239,-10.30135,-0.48971,-0.05354,3.39876,0.16594,0.71021,1.27726,-0.49515,-0.16279,-0.68718,-1.3184
18.18,-0.22558,0.08004,0.09974,-0.1837,0,0.34133,0.21376,0.96847,0.17996,-2.675,-0.05832,-0.40798,2.11979,0.56491,-0.74061,-0.04611,0.34133,0.25964,0.08645,-3.91349,1.95841,11.52168,-1.088,1.14635,3.87095,-2.33356,-1.55583,0.4276,0.33663,-10.86828,-0.22542,-0.02769,1.99946,0.21905,0.84497,1.10165,-0.66539,-0.07207,-0.67179,-1.08458
18.2,-0.26329,0.09324,0.12579,-0.24792,0,0.1908,0.48021,1.05113,0.41762,-3.13973,-0.1728,-0.34081,2.1537,0.71943,-1.06345,-0.14307,0.27888,0.15723,0.06451,-2.86016,2.24041,12.1664,-0.59623,1.32271,3.22335,-1.72476,-1.69401,0.55952,-1.24963,-11.06366,-0.02841,0.00906,0.61026,0.27609,0.96816,0.89405,-0.82265,-0.02496,-0.6476,-0.85658
18.22,-0.29023,0.10788,0.15093,-0.2856,0,0.02937,0.71971,1.14707,0.64824,-3.54246,-0.30336,-0.26169,2.1588,0.85883,-1.34127,-0.21498,0.26232,0.01565,0.04814,-1.78445,2.43881,12.53372,-0.13133,1.48611,2.4788,-1.09316,-1.86951,0.63595,-3.0031,-10.88347,0.10185,0.05187,-0.69819,0.34741,1.08021,0.66696,-0.97995,-0.02885,-0.61843,-0.6502
18.24,-0.30513,0.12439,0.17304,-0.29276,0,-0.14466,0.92006,1.25713,0.84883,-3.85207,-0.43715,-0.16452,2.10694,0.96681,-1.58492,-0.24479,0.28662,-0.16547,0.03629,-0.74264,2.54191,12.57811,0.29994,1.62425,1.70866,-0.47956,-2.07195,0.6599,-4.85751,-10.3347,0.17559,0.09505,-1.86057,0.44715,1.17919,0.43197,-1.15788,-0.08774,-0.58739,-0.47794
18.26,-0.30723,0.14242,0.18974,-0.26676,0,-0.33011,1.06962,1.37841,0.99922,-4.03891,-0.56089,-0.04207,1.96716,1.0286,-1.81052,-0.21665,0.34071,-0.38289,0.02704,0.21313,2.54097,12.25287,0.69354,1.72328,0.97545,0.08047,-2.28908,0.63802,-6.72866,-9.44,0.21024,0.13279,-2.82122,0.59189,1.26029,0.20035,-1.38266,-0.20178,-0.55651,-0.34849
18.28,-0.29639,0.16085,0.19865,-0.20654,0,-0.52264,1.15828,1.50458,1.08413,-4.07885,-0.66213,0.11191,1.71135,1.03337,-2.03602,-0.11866,0.41009,-0.62924,0.01807,1.04002,2.43158,11.51462,1.04742,1.76933,0.32884,0.55963,-2.50623,0.58029,-8.52188,-8.24176,0.22727,0.1599,-3.53861,0.79882,1.31597,-0.01632,-1.68307,-0.3673,-0.52663,-0.26653
18.3,-0.27315,0.17779,0.1976,-0.11257,0,-0.715,1.17851,1.62659,1.09463,-3.95691,-0.73039,0.3008,1.31973,0.97628,-2.27782,0.05478,0.47938,-0.89297,0.00722,1.70839,2.21466,10.32975,1.36075,1.75022,-0.19674,0.94081,-2.70635,0.49943,-10.14065,-6.80414,0.24884,0.17238,-3.98898,1.08375,1.33653,-0.20538,-2.08688,-0.57711,-0.49736,-0.23263
18.32,-0.23865,0.19082,0.1849,0.01331,0,-0.89759,1.12618,1.73367,1.02891,-3.66966,-0.75783,0.52359,0.78475,0.8596,-2.54779,0.30129,0.53441,-1.15896,-0.00718,2.20389,1.89686,8.68194,1.63323,1.65722,-0.58262,1.21764,-2.87053,0.40982,-11.49514,-5.21172,0.29477,0.16793,-4.16824,1.45905,1.31123,-0.35269,-2.6169,-0.82133,-0.46723,-0.24333
18.34,-0.19451,0.19737,0.15947,0.16819,0,-1.05929,1.00108,1.81451,0.89225,-3.22586,-0.73961,0.77413,0.11314,0.69263,-2.8514,0.60993,0.56333,-1.40969,-0.02613,2.52732,1.49024,6.57968,1.86459,1.48647,-0.82483,1.3937,-2.97917,0.32584,-12.50978,-3.56377,0.38009,0.14597,-4.09157,1.93169,1.22952,-0.4426,-3.28693,-1.08856,-0.43391,-0.29113
18.36,-0.14264,0.19509,0.12102,0.34833,0,-1.18853,0.80715,1.85844,0.69611,-2.64564,-0.67395,1.04121,-0.67421,0.49079,-3.18667,0.96152,0.5571,-1.62713,-0.04996,2.69269,1.01117,4.06281,2.0544,1.24006,-0.93183,1.48059,-3.01372,0.25982,-13.12985,-1.96502,0.51344,0.1076,-3.79123,2.50158,1.08258,-0.45845,-4.09794,-1.36734,-0.39452,-0.36459
18.38,-0.08496,0.18237,0.0701,0.54934,0,-1.27441,0.55251,1.85659,0.45691,-1.95859,-0.56206,1.30929,-1.54387,0.27386,-3.54417,1.33008,0.50945,-1.79475,-0.07847,2.72406,0.479,1.20714,2.2021,0.92662,-0.92158,1.49535,-2.95876,0.22,-13.32665,-0.51492,0.6961,0.05535,-3.31289,3.1602,0.86485,-0.38356,-5.03481,-1.64734,-0.34596,-0.44852
18.4,-0.02328,0.15863,0.00819,0.76617,0,-1.30772,0.24929,1.80274,0.19433,-1.2012,-0.40799,1.55984,-2.45264,0.06397,-3.90773,1.68492,0.41677,-1.89946,-0.11105,2.65186,-0.08529,-1.87454,2.30719,0.56122,-0.81833,1.45775,-2.80407,0.20905,-13.10054,0.70258,0.92194,-0.00723,-2.71135,3.88969,0.57537,-0.20279,-6.06409,-1.92004,-0.2852,-0.52426
18.42,0.04084,0.1246,-0.06234,0.99284,0,-1.28165,-0.08678,1.69364,-0.07045,-0.41406,-0.2186,1.77313,-3.35097,-0.11661,-4.25571,1.99335,0.27843,-1.93301,-0.1468,2.50898,-0.66024,-5.03667,2.36945,0.16444,-0.64945,1.38768,-2.54627,0.22347,-12.4806,1.62672,1.17812,-0.07587,-2.04565,4.66249,0.21863,0.0955,-7.13315,-2.17847,-0.20964,-0.57042
18.44,0.10611,0.08228,-0.13832,1.22196,0,-1.19214,-0.43704,1.52884,-0.3167,0.36133,-0.00352,1.93031,-4.18691,-0.2475,-4.56267,2.22394,0.09723,-1.8927,-0.18448,2.32703,-1.22481,-8.11125,2.38909,-0.23961,-0.44252,1.3029,-2.18962,0.25417,-11.52062,2.22444,1.44662,-0.14599,-1.37397,5.44168,-0.19515,0.51731,-8.17098,-2.4159,-0.11727,-0.56391
18.46,0.17143,0.03469,-0.21597,1.44428,0,-1.03802,-0.78086,1.31011,-0.526,1.08573,0.22495,2.01556,-4.91039,-0.3122,-4.8014,2.3499,-0.11975,-1.78139,-0.2225,2.13309,-1.75908,-10.9233,2.36683,-0.62587,-0.22275,1.21722,-1.74624,0.28804,-10.29224,2.49159,1.70628,-0.21299,-0.74857,6.18219,-0.65026,1.06077,-9.09106,-2.62401,-0.00692,-0.48154
18.48,0.23587,-0.01439,-0.29108,1.64836,0,-0.82092,-1.09688,1.04073,-0.68392,1.72523,0.45215,2.01824,-5.47742,-0.29956,-4.94527,2.35244,-0.36047,-1.60709,-0.25885,1.94708,-2.24468,-13.30889,2.304,-0.9712,-0.01095,1.1394,-1.23559,0.3101,-8.87707,2.45167,1.93529,-0.2726,-0.21138,6.83296,-1.12639,1.71446,-9.79606,-2.79097,0.12158,-0.30211
18.5,0.29851,-0.06094,-0.35933,1.82068,0,-0.54534,-1.36426,0.72502,-0.78131,2.25362,0.66156,1.93428,-5.85375,-0.20485,-4.97052,2.22322,-0.60781,-1.38208,-0.29102,1.78032,-2.66516,-15.13224,2.20264,-1.25689,0.17773,1.07274,-0.68353,0.30596,-7.3591,2.15232,2.11341,-0.32106,0.20924,7.34004,-1.5996,2.45655,-10.18426,-2.90033,0.26712,-0.00896
18.52,0.35843,-0.10107,-0.41655,1.9463,0,-0.21871,-1.56413,0.36821,-0.8148,2.65405,0.83586,1.76681,-6.01742,-0.03006,-4.85837,1.96557,-0.84042,-1.12178,-0.31614,1.63507,-3.00602,-16.29864,2.0655,-1.47028,0.33432,1.01544,-0.12076,0.26402,-5.81832,1.65997,2.2239,-0.35541,0.4999,7.65029,-2.0437,3.25542,-10.1571,-2.93101,0.42706,0.40718
18.54,0.41468,-0.13147,-0.45893,2.01009,0,0.14854,-1.68093,-0.02331,-0.78668,2.91956,0.95845,1.52559,-5.95984,0.21654,-4.59657,1.59408,-1.0346,-0.84327,-0.33114,1.50541,-3.25474,-16.76187,1.89592,-1.60534,0.45569,0.96171,0.41934,0.17729,-4.32566,1.05302,2.25476,-0.37351,0.66182,7.71553,-2.43179,4.07186,-9.62756,-2.85889,0.59691,0.94533
18.56,0.46634,-0.14981,-0.4834,1.99845,0,0.54288,-1.7038,-0.44148,-0.70406,3.0529,1.01526,1.22563,-5.68583,0.52141,-4.18048,1.13279,-1.16724,-0.56361,-0.33311,1.37896,-3.40082,-16.52636,1.69762,-1.66238,0.54357,0.90337,0.90341,0.0446,-2.93934,0.4139,2.19945,-0.3742,0.70884,7.49715,-2.73798,4.86281,-8.52898,-2.65983,0.77013,1.59172
18.58,0.51261,-0.15501,-0.48778,1.90115,0,0.94779,-1.6278,-0.87592,-0.57771,3.06556,0.99679,0.88497,-5.21266,0.86683,-3.6138,0.61254,-1.21917,-0.29827,-0.31969,1.23948,-3.43612,-15.64577,1.47452,-1.64716,0.60328,0.83175,1.30101,-0.12877,-1.70256,-0.17886,2.05727,-0.35731,0.66427,6.97062,-2.93935,5.58597,-6.82371,-2.31387,0.93818,2.31829
18.6,0.55291,-0.1474,-0.47106,1.71283,0,1.34397,-1.45474,-1.31348,-0.42068,2.97622,0.89973,0.521,-4.56857,1.23201,-2.90888,0.06795,-1.17835,-0.05978,-0.28951,1.06968,-3.35558,-14.21856,1.2307,-1.56981,0.64221,0.73945,1.58737,-0.3312,-0.64249,-0.65784,1.83338,-0.32374,0.55707,6.12923,-3.01787,6.20466,-4.51038,-1.80994,1.09083,3.08279
18.62,0.58701,-0.12876,-0.43351,1.43384,0,1.71012,-1.19334,-1.73816,-0.2469,2.80845,0.72795,0.14716,-3.79037,1.59366,-2.08623,-0.4656,-1.04215,0.14316,-0.24263,0.8542,-3.15804,-12.38073,0.97039,-1.44376,0.66846,0.62167,1.74573,-0.54565,0.22986,-0.97245,1.53847,-0.27544,0.41774,4.98608,-2.96202,6.69194,-1.62811,-1.15047,1.21693,3.83117
18.64,0.61501,-0.10208,-0.37658,1.06993,0,2.02401,-0.85869,-2.13157,-0.06985,2.58783,0.49245,-0.22738,-2.92025,1.92628,-1.17314,-0.95481,-0.81844,0.30609,-0.1807,0.58222,-2.84726,-10.29555,0.69805,-1.28465,0.68963,0.47702,1.76891,-0.75131,0.91894,-1.09275,1.18811,-0.2153,0.27422,3.57374,-2.76805,7.03353,1.74328,-0.35494,1.3056,4.50244
18.66,0.63741,-0.07123,-0.30286,0.63127,0,2.26407,-0.47086,-2.47403,0.09863,2.33867,0.21059,-0.59487,-2.00198,2.2023,-0.20155,-1.37094,-0.52535,0.42871,-0.10714,0.24959,-2.43285,-8.14112,0.41847,-1.10937,0.71183,0.30761,1.66029,-0.92597,1.44335,-1.01146,0.8017,-0.14704,0.14819,1.94187,-2.44079,7.22953,5.48684,0.538,1.34765,5.03544
18.68,0.65506,-0.0405,-0.21582,0.13086,0,2.4113,-0.05321,-2.74615,0.24921,2.08118,-0.09554,-0.94534,-1.07717,2.39247,0.79459,-1.69195,-0.18975,0.51446,-0.02701,-0.13973,-1.93093,-6.09696,0.13685,-0.93517,0.73902,0.11886,1.43393,-1.04871,1.83385,-0.7441,0.40123,-0.07498,0.05238,0.15357,-1.99402,7.29474,9.45487,1.47073,1.33709,5.37653
18.7,0.66914,-0.01409,-0.11959,-0.41702,0,2.45112,0.36951,-2.93066,0.37561,1.82942,-0.40102,-1.26365,-0.18215,2.46702,1.7818,-1.90393,0.15528,0.56971,0.05334,-0.57329,-1.36421,-4.33083,-0.14099,-0.77872,0.77273,-0.08112,1.11394,-1.10252,2.13059,-0.32728,0.01001,-0.00379,-0.01074,-1.71885,-1.45026,7.25758,13.47692,2.36992,1.27225,5.48649
18.72,0.68105,0.00429,-0.01867,-0.99808,0,2.37489,0.77309,-3.01421,0.47454,1.59057,-0.68036,-1.5296,0.6542,2.39768,2.7294,-2.00167,0.47407,0.60265,0.12687,-1.03097,-0.76104,-2.98602,-0.4086,-0.65489,0.81202,-0.28231,0.73265,-1.0764,2.37903,0.18525,-0.3489,0.06184,-0.04822,-3.59823,-0.8397,7.15679,17.36863,3.15331,1.15612,5.34521
18.74,0.6923,0.01184,0.08238,-1.59896,0,2.18095,1.13566,-2.98894,0.54522,1.36562,-0.9099,-1.72141,1.41155,2.1608,3.61143,-1.98836,0.73278,0.62195,0.18672,-1.48722,-0.1532,-2.16928,-0.65886,-0.57544,0.85384,-0.47373,0.32767,-0.96692,2.62486,0.72842,-0.65429,0.11762,-0.07401,-5.40701,-0.19818,7.03615,20.94142,3.74006,0.99593,4.95354
18.76,0.70435,0.00691,0.17924,-2.20771,0,1.87506,1.4393,-2.85376,0.58858,1.15108,-1.07022,-1.82044,2.0784,1.74119,4.40808,-1.8746,0.90412,0.63547,0.22725,-1.91422,0.42726,-1.9397,-0.88424,-0.54751,0.89354,-0.64447,-0.06189,-0.77897,2.90827,1.23327,-0.88857,0.16003,-0.10478,-7.07165,0.4357,6.93753,24.01301,4.06333,0.80191,4.33244
18.78,0.71842,-0.01071,0.2682,-2.81403,0,1.47048,1.67147,-2.61524,0.60636,0.94139,-1.14827,-1.81468,2.65149,1.13629,5.10667,-1.67702,0.97161,0.64909,0.245,-2.28539,0.95152,-2.29893,-1.07716,-0.57242,0.92548,-0.7848,-0.39951,-0.52581,3.2585,1.63475,-1.03936,0.18674,-0.15521,-8.52684,1.02379,6.89354,26.4184,4.0824,0.58582,3.52042
18.8,0.73544,-0.03986,0.34636,-3.40909,0,0.98753,1.82587,-2.28801,0.60048,0.73132,-1.13907,-1.70122,3.13467,0.35962,5.70167,-1.41681,0.93224,0.66619,0.23943,-2.57842,1.39716,-3.18426,-1.23059,-0.64494,0.94365,-0.88719,-0.65484,-0.22838,3.68966,1.87871,-1.10085,0.19686,-0.23389,-9.71876,1.53146,6.92089,28.02011,3.79138,0.35958,2.57011
18.82,0.75592,-0.078,0.41178,-3.9851,0,0.45259,1.90273,-1.89415,0.57278,0.51781,-1.0464,-1.48763,3.53717,-0.5571,6.19364,-1.11818,0.79683,0.68778,0.21306,-2.77709,1.75015,-4.4658,-1.33869,-0.75363,0.94201,-0.94716,-0.80633,0.08618,4.19856,1.92703,-1.07444,0.19097,-0.34052,-10.6071,1.93007,7.01529,28.71585,3.22167,0.13431,1.54427
18.84,0.77998,-0.12154,0.4635,-4.53463,0,-0.10352,1.90828,-1.46169,0.52514,0.30093,-0.88257,-1.19201,3.87133,-1.56415,6.58684,-0.80675,0.58769,0.71334,0.17113,-2.87159,2.00566,-5.94919,-1.39759,-0.88204,0.91468,-0.96384,-0.84263,0.38701,4.76513,1.7604,-0.96869,0.17096,-0.46527,-11.16551,2.19867,7.14851,28.4432,2.43697,-0.0801,0.51142
18.86,0.80735,-0.16626,0.50147,-5.04992,0,-0.64781,1.85363,-1.02212,0.46006,0.08391,-0.66719,-0.84175,4.15025,-2.59608,6.88637,-0.50803,0.33422,0.74219,0.12067,-2.85764,2.16759,-7.38497,-1.40613,-1.01089,0.85597,-0.94027,-0.76263,0.64248,5.35524,1.37876,-0.79859,0.13967,-0.59005,-11.38119,2.32509,7.2684,27.18207,1.52229,-0.27506,-0.45872
18.88,0.83741,-0.20769,0.52643,-5.52247,0,-1.14759,1.7534,-0.60753,0.38128,-0.12745,-0.42523,-0.4713,4.38556,-3.57608,7.09529,-0.24586,0.06736,0.77486,0.0693,-2.73502,2.2473,-8.48509,-1.36652,-1.12065,0.76052,-0.88339,-0.57466,0.82352,5.9256,0.79986,-0.58443,0.10051,-0.69146,-11.25434,2.30638,7.30213,24.95638,0.56983,-0.44301,-1.29998
18.9,0.86934,-0.24166,0.5397,-5.94292,0,-1.57292,1.62408,-0.24778,0.29425,-0.32583,-0.18464,-0.11905,4.58565,-4.42193,7.21268,-0.04101,-0.1856,0.81397,0.02411,-2.50596,2.26173,-8.9472,-1.28463,-1.19405,0.62353,-0.80349,-0.29468,0.90658,6.42983,0.05635,-0.35038,0.05719,-0.74484,-10.79771,2.1487,7.16323,21.83525,-0.33468,-0.57737,-1.95446
18.92,0.90215,-0.26463,0.54298,-6.3012,0,-1.89873,1.48252,0.03206,0.20626,-0.50363,0.02632,0.17623,4.75441,-5.05315,7.23282,0.09011,-0.4049,0.86425,-0.00942,-2.17402,2.23126,-8.48683,-1.16972,-1.21805,0.44143,-0.7132,0.05607,0.87599,6.82499,-0.80849,-0.12293,0.01352,-0.729,-10.03611,1.86667,6.7623,17.93237,-1.12242,-0.67259,-2.3771
18.94,0.93477,-0.27396,0.5381,-6.58686,0,-2.10648,1.34429,0.21371,0.12588,-0.65408,0.18197,0.37949,4.89056,-5.39902,7.14574,0.13668,-0.5803,0.9314,-0.02804,-1.74336,2.17737,-6.87587,-1.03359,-1.18506,0.21276,-0.62577,0.45407,0.72526,7.07786,-1.74604,0.07091,-0.02648,-0.63098,-9.00569,1.48191,6.02062,13.40265,-1.74723,-0.72468,-2.53994
18.96,0.96604,-0.26807,0.52674,-6.78982,0,-2.18542,1.22229,0.28719,0.06204,-0.77241,0.26202,0.46348,4.98776,-5.40686,6.93909,0.09441,-0.71129,1.02033,-0.03109,-1.21874,2.1204,-3.98368,-0.88905,-1.09335,-0.06079,-0.55304,0.87675,0.45761,7.17039,-2.70814,0.2054,-0.05852,-0.45017,-7.75292,1.02126,4.88535,8.43609,-2.1868,-0.73192,-2.43588
18.98,0.99481,-0.24656,0.51024,-6.90131,0,-2.13348,1.12561,0.25176,0.02275,-0.85657,0.25395,0.41228,5.03551,-5.04956,6.60122,-0.03378,-0.8057,1.13308,-0.02042,-0.60606,2.07765,0.1858,-0.74828,-0.94681,-0.37341,-0.50332,1.30548,0.08575,7.1034,-3.65273,0.25803,-0.07789,-0.20096,-6.33341,0.51458,3.34355,3.24935,-2.4402,-0.69561,-2.0812
19,1.0199,-0.21019,0.48944,-6.91505,0,-1.95761,1.0588,0.11618,0.01393,-0.90763,0.15459,0.2237,5.02094,-4.33091,6.12462,-0.23766,-0.87733,1.26742,-7e-05,0.08684,2.06221,5.46961,-0.62113,-0.75423,-0.71461,-0.47955,1.72776,-0.36901,6.89759,-4.548,0.2113,-0.07957,0.0871,-4.81026,-0.00728,1.43181,-1.92468,-2.52317,-0.62059,-1.516
19.02,1.04015,-0.16082,0.4646,-6.828,0,-1.67348,1.02164,-0.10182,0.03847,-0.92956,-0.02951,-0.09024,4.93105,-3.28708,5.50927,-0.50042,-0.94286,1.41641,0.02449,0.84918,2.0824,11.54232,-0.51378,-0.52812,-1.06932,-0.47827,2.13829,-0.87807,6.59052,-5.37458,0.05438,-0.05869,0.37256,-3.25135,-0.51448,-0.76171,-6.84995,-2.46196,-0.51507,-0.80152
19.04,1.05439,-0.10125,0.43545,-6.64069,0,-1.30434,1.00948,-0.3769,0.09568,-0.92839,-0.2831,-0.50483,4.75538,-1.98371,4.76502,-0.80022,-1.01856,1.56933,0.04729,1.66657,2.14203,17.93781,-0.42783,-0.28307,-1.41888,-0.4895,2.53853,-1.40755,6.22944,-6.12518,-0.21553,-0.01128,0.60862,-1.72512,-0.97998,-3.10433,-11.30328,-2.28684,-0.38971,-0.01415
19.06,1.06138,-0.03506,0.40129,-6.35703,0,-0.87922,1.014,-0.67822,0.18133,-0.91103,-0.58435,-0.98602,4.48863,-0.50903,3.91289,-1.11249,-1.11696,1.71367,0.06294,2.52058,2.24108,24.0944,-0.35992,-0.03396,-1.74273,-0.49749,2.93516,-1.92065,5.86148,-6.80231,-0.5922,0.0647,0.75208,-0.29534,-1.3812,-5.43392,-15.09235,-2.02606,-0.25621,0.76341
19.08,1.0598,0.03371,0.36115,-5.98412,0,-0.43071,1.02436,-0.97206,0.28784,-0.88389,-0.90762,-1.49471,4.1331,1.03531,2.98532,-1.41253,-1.24417,1.83757,0.06767,3.3888,2.37673,29.41631,-0.30194,0.20582,-2.02056,-0.48258,3.33782,-2.38036,5.52331,-7.41465,-1.05968,0.16834,0.77252,0.98435,-1.70124,-7.57892,-18.07323,-1.70116,-0.12556,1.45208
19.1,1.0483,0.10078,0.31407,-5.53183,0,0.00748,1.02856,-1.2247,0.40498,-0.85185,-1.22627,-1.99117,3.70014,2.54416,2.02502,-1.67788,-1.39817,1.93204,0.0601,4.24521,2.54415,33.34202,-0.24193,0.42578,-2.23441,-0.42375,3.75635,-2.75204,5.23333,-7.97282,-1.59217,0.29501,0.65945,2.0747,-1.92957,-9.37928,-20.16338,-1.32451,-0.00664,1.98573
19.12,1.0255,0.16196,0.25932,-5.01233,0,0.40301,1.01492,-1.4054,0.52064,-0.8176,-1.51512,-2.43881,3.21006,3.91821,1.08219,-1.89025,-1.56839,1.99215,0.04146,5.06097,2.7369,35.41048,-0.16561,0.61931,-2.37034,-0.30183,4.19811,-3.00576,4.98808,-8.48492,-2.15462,0.43622,0.42521,2.95319,-2.06199,-10.70515,-21.34681,-0.89957,0.09475,2.31828
19.14,0.99007,0.21342,0.1967,-4.43911,0,0.72742,0.9735,-1.48912,0.62189,-0.78163,-1.75232,-2.80711,2.69013,5.07199,0.20992,-2.03653,-1.73685,2.01701,0.01537,5.80553,2.94668,35.31882,-0.05845,0.78391,-2.4195,-0.10317,4.66535,-3.1182,4.76391,-8.95222,-2.70417,0.58004,0.10291,3.61395,-2.09975,-11.47098,-21.66997,-0.42373,0.17599,2.42777
19.16,0.94081,0.25202,0.12675,-3.82597,0,0.95848,0.89736,-1.45908,0.69608,-0.74267,-1.92058,-3.07337,2.17108,5.94044,-0.54165,-2.10918,-1.88051,2.00864,-0.01289,6.4483,3.16272,32.96681,0.09183,0.92092,-2.37859,0.1769,5.15318,-3.07417,4.52319,-9.36569,-3.19261,0.71225,-0.25999,4.06575,-2.04817,-11.64458,-21.23007,0.10694,0.23728,2.31728
19.18,0.87672,0.27555,0.05089,-3.18597,0,1.0821,0.78367,-1.30871,0.73197,-0.69855,-2.00794,-3.22376,1.68291,6.48349,-1.1315,-2.10609,-1.97435,1.97038,-0.0374,6.96066,3.37128,28.48291,0.29302,1.03476,-2.24992,0.53151,5.6483,-2.86771,4.22325,-9.70377,-3.5696,0.8179,-0.61052,4.32867,-1.91516,-11.2507,-20.15944,0.69228,0.28071,2.01316
19.2,0.79722,0.28298,-0.02852,-2.53088,0,1.09357,0.63429,-1.04264,0.72067,-0.647,-2.008,-3.25344,1.25095,6.68825,-1.53292,-2.03009,-1.99474,1.90531,-0.05254,7.31806,3.55554,22.22428,0.54666,1.13187,-2.04129,0.94138,6.1288,-2.50264,3.82596,-9.93195,-3.78657,0.88296,-0.89907,4.4301,-1.71007,-10.36847,-18.60893,1.32346,0.30941,1.5609
19.22,0.70228,0.27451,-0.10823,-1.87076,0,0.99757,0.45581,-0.67635,0.65626,-0.58648,-1.91979,-3.16579,0.89275,6.56807,-1.73666,-1.88811,-1.92234,1.81522,-0.05389,7.50181,3.69624,14.74303,0.84737,1.21933,-1.76539,1.37643,6.56504,-1.99223,3.30559,-10.00418,-3.80085,0.89588,-1.08661,4.40067,-1.44292,-9.12165,-16.73224,1.98058,0.32669,1.01874
19.24,0.59261,0.25159,-0.18441,-1.21391,0,0.80709,0.25883,-0.23431,0.53609,-0.51654,-1.74708,-2.97089,0.61636,6.15849,-1.75159,-1.69003,-1.74426,1.70033,-0.03867,7.50032,3.77316,6.71767,1.18342,1.30338,-1.43904,1.79999,6.92162,-1.35802,2.65374,-9.86604,-3.58005,0.8489,-1.14898,4.27014,-1.12432,-7.66192,-14.67219,2.633,0.3355,0.44958
19.26,0.46976,0.21669,-0.25299,-0.56704,0,0.54136,0.05668,0.25307,0.36072,-0.43793,-1.49753,-2.68354,0.4198,5.51098,-1.60307,-1.44756,-1.45552,1.55971,-0.00604,7.30975,3.76737,-1.14059,1.53831,1.38792,-1.0821,2.17492,7.16045,-0.62787,1.88116,-9.45968,-3.10622,0.73901,-1.07842,4.06403,-0.76571,-6.14759,-12.54989,3.24225,0.3382,-0.08796
19.28,0.33615,0.17314,-0.31012,0.06441,0,0.22338,-0.13618,0.75303,0.13383,-0.35245,-1.18184,-2.32124,0.29172,4.6859,-1.32974,-1.17307,-1.05974,1.39214,0.04292,6.93454,3.66385,-8.18755,1.893,1.47337,-0.71615,2.47026,7.24462,0.16629,1.01671,-8.73013,-2.37982,0.56853,-0.88274,3.80113,-0.37993,-4.72182,-10.45769,3.76663,0.33644,-0.54778
19.3,0.19512,0.12477,-0.35265,0.67568,0,-0.12249,-0.30586,1.23384,-0.13804,-0.26255,-0.81302,-1.90269,0.21299,3.74621,-0.97925,-0.87893,-0.56923,1.19723,0.1054,6.38734,3.45399,-13.92998,2.22813,1.55611,-0.36311,2.66649,7.14256,0.99033,0.10426,-7.63221,-1.42262,0.3454,-0.58307,3.49239,0.01825,-3.49491,-8.45646,4.16635,0.33132,-0.90225
19.32,0.05081,0.07562,-0.3784,1.26192,0,-0.47242,-0.44055,1.66744,-0.4456,-0.17078,-0.40596,-1.44686,0.15913,2.75264,-0.60345,-0.57702,-0.00434,0.9763,0.1772,5.68836,3.13731,-18.07595,2.52581,1.62857,-0.04372,2.75816,6.83168,1.80949,-0.80242,-6.13698,-0.27887,0.08282,-0.21045,3.14122,0.41203,-2.5338,-6.57698,4.40802,0.32339,-1.14447
19.34,-0.09208,0.0296,-0.38636,1.8175,0,-0.80442,-0.53169,2.03111,-0.77692,-0.07919,0.02295,-0.97259,0.10324,1.76073,-0.25348,-0.27863,0.60798,0.73277,0.25315,4.8636,2.72204,-20.54436,2.77079,1.68022,0.22418,2.75308,6.30121,2.58941,-1.64603,-4.237,0.98588,-0.20156,0.19805,2.74515,0.78303,-1.86033,-4.82482,4.4679,0.31274,-1.28642
19.36,-0.22861,-0.00987,-0.37679,2.33546,0,-1.09908,-0.57482,2.30821,-1.11767,0.01134,0.456,-0.49865,0.01916,0.81929,0.0251,0.00545,1.23628,0.47218,0.32757,3.94253,2.22447,-21.43864,2.95093,1.69909,0.42735,2.66859,5.554,3.29689,-2.37301,-1.94999,2.28837,-0.4871,0.60368,2.29843,1.11232,-1.45699,-3.18768,4.33398,0.29895,-1.35387
19.38,-0.35408,-0.04022,-0.3511,2.80732,0,-1.34003,-0.5701,2.48835,-1.45149,0.1017,0.87455,-0.04387,-0.11546,-0.03007,0.19639,0.26494,1.84703,0.20185,0.39482,2.95552,1.66757,-20.99786,3.05738,1.67374,0.55863,2.52649,4.60746,3.90063,-2.94017,0.6789,3.53357,-0.75196,0.97014,1.79542,1.38196,-1.27771,-1.64419,4.00701,0.28115,-1.37938
19.4,-0.46435,-0.0599,-0.31175,3.22326,0,-1.51418,-0.52234,2.56722,-1.76058,0.19484,1.25954,0.3729,-0.31689,-0.75306,0.2372,0.49012,2.40717,-0.06963,0.44976,1.93173,1.07893,-19.53991,3.08457,1.59512,0.61787,2.34786,3.49338,4.37226,-3.31973,3.57675,4.62233,-0.97513,1.26754,1.23389,1.57659,-1.2604,-0.17259,3.50077,0.25812,-1.3953
19.42,-0.55617,-0.06857,-0.26203,3.57275,0,-1.61202,-0.44053,2.54608,-2.02671,0.29582,1.59233,0.73338,-0.59398,-1.32315,0.13838,0.67231,2.88644,-0.333,0.48818,0.89752,0.48815,-17.40819,3.02998,1.45804,0.61194,2.1492,2.25632,4.68748,-3.50139,6.64483,5.46062,-1.13855,1.47553,0.61767,1.685,-1.33877,1.24172,2.8413,0.22842,-1.42819
19.44,-0.62732,-0.06703,-0.20576,3.84564,0,-1.62795,-0.33695,2.43122,-2.23253,0.41134,1.85594,1.0212,-0.94814,-1.72257,-0.09554,0.8047,3.25931,-0.57898,0.50707,-0.12462,-0.07615,-14.92863,2.89388,1.26191,0.55379,1.94026,0.95023,4.82765,-3.49119,9.76345,5.96983,-1.22914,1.58568,-0.04162,1.70139,-1.45164,2.60096,2.06521,0.19084,-1.49531
19.46,-0.67667,-0.05716,-0.14696,4.03357,0,-1.56073,-0.22575,2.2332,-2.36321,0.54901,2.03663,1.22368,-1.37415,-1.94387,-0.44812,0.88334,3.50673,-0.7989,0.50483,-1.11653,-0.58941,-12.37969,2.67907,1.01087,0.46061,1.72389,-0.36626,4.78161,-3.30784,12.79941,6.09708,-1.24052,1.60271,-0.72427,1.62622,-1.54947,3.89233,1.21716,0.14469,-1.60335
19.48,-0.7042,-0.04162,-0.08944,4.13166,0,-1.4139,-0.12143,1.96626,-2.40814,0.71619,2.1255,1.33382,-1.86151,-1.99149,-0.89369,0.90819,3.61733,-0.98537,0.48141,-2.0643,-1.03397,-9.97534,2.39067,0.7135,0.35172,1.49719,-1.63513,4.54758,-2.97764,15.61512,5.82406,-1.17428,1.54448,-1.40315,1.46667,-1.59795,5.08801,0.34679,0.09022,-1.7491
19.5,-0.71091,-0.02361,-0.03655,4.13993,0,-1.19594,-0.03729,1.6476,-2.36238,0.91871,2.11976,1.35177,-2.39581,-1.88255,-1.40026,0.88361,3.58807,-1.13279,0.4382,-2.95775,-1.40084,-7.85913,2.03594,0.38221,0.24626,1.25358,-2.80371,4.13466,-2.5295,18.07787,5.17218,-1.04027,1.44015,-2.04565,1.23652,-1.57924,6.14775,-0.49462,0.0289,-1.92129
19.52,-0.69863,-0.00648,0.00916,4.06415,0,-0.91999,0.01592,1.29641,-2.22742,1.15935,2.02329,1.28529,-2.95948,-1.64608,-1.93238,0.81809,3.42395,-1.23771,0.37789,-3.7892,-1.69024,-6.10737,1.62401,0.0324,0.1613,0.98507,-3.8284,3.56328,-1.99097,20.0678,4.20189,-0.8556,1.32639,-2.61652,0.95527,-1.49113,7.02361,-1.25773,-0.03669,-2.10321
19.54,-0.66988,0.00663,0.04607,3.91577,0,-0.60287,0.03102,0.93264,-2.01106,1.43643,1.84623,1.1489,-3.53212,-1.32026,-2.45363,0.72302,3.13667,-1.29906,0.30406,-4.55207,-1.91044,-4.73864,1.16533,-0.31846,0.11047,0.68428,-4.67688,2.86418,-1.38578,21.48418,3.00533,-0.6423,1.24143,-3.08161,0.64635,-1.34439,7.66672,-1.89887,-0.10307,-2.2756
19.56,-0.62752,0.01317,0.07362,3.71115,0,-0.26358,0.00512,0.57553,-1.72654,1.74263,1.60379,0.96206,-4.09048,-0.9482,-2.92885,0.61078,2.74268,-1.31814,0.22064,-5.23942,-2.07549,-3.72727,0.67101,-0.65196,0.10293,0.34609,-5.32923,2.07616,-0.73314,22.2503,1.69378,-0.42394,1.218,-3.41213,0.33482,-1.159,8.03515,-2.38369,-0.16643,-2.41957
19.58,-0.57456,0.01156,0.09236,3.4703,0,0.07839,-0.06005,0.24213,-1.39122,2.06442,1.31465,0.74666,-4.60858,-0.57303,-3.32617,0.49269,2.26108,-1.29854,0.13147,-5.84299,-2.20237,-3.01827,0.15215,-0.94992,0.14303,-0.03118,-5.77801,1.24304,-0.0485,22.31764,0.38264,-0.22199,1.2764,-3.58865,0.04477,-0.96006,8.1017,-2.69036,-0.22319,-2.51917
19.6,-0.51394,0.00131,0.10383,3.2155,0,0.40466,-0.15834,-0.05394,-1.02507,2.38239,0.9992,0.52459,-5.05846,-0.23333,-3.61892,0.37734,1.71191,-1.246,0.03988,-6.35296,-2.308,-2.54142,-0.38058,-1.19538,0.23026,-0.44504,-6.02762,0.4104,0.65425,21.66902,-0.82289,-0.0528,1.41947,-3.60404,-0.20279,-0.77386,7.85982,-2.81167,-0.27057,-2.56332
19.62,-0.44842,-0.01681,0.1104,2.96967,0,0.69923,-0.2798,-0.30315,-0.6491,2.67266,0.67794,0.3157,-5.41183,0.04026,-3.78725,0.26986,1.11509,-1.16804,-0.0515,-6.75846,-2.40684,-2.22279,-0.91703,-1.37355,0.35961,-0.88854,-6.09287,-0.37773,1.35994,20.3197,-1.8387,0.07431,1.63073,-3.46442,-0.39151,-0.62466,7.32595,-2.75527,-0.30683,-2.54678
19.64,-0.38049,-0.04096,0.11497,2.75468,0,0.94918,-0.41185,-0.50027,-0.28376,2.90946,0.37007,0.1363,-5.64255,0.22688,-3.81952,0.17224,0.49012,-1.07334,-0.14069,-7.04888,-2.50912,-1.99286,-1.44742,-1.47259,0.5224,-1.3506,-5.99669,-1.08198,2.04883,18.31605,-2.60817,0.1573,1.87628,-3.18774,-0.51032,-0.53236,6.53756,-2.54201,-0.33125,-2.4699
19.66,-0.31236,-0.0685,0.12058,2.5896,0,1.14513,-0.54083,-0.64407,0.05254,3.06866,0.09223,-0.00163,-5.72993,0.3159,-3.71335,0.08443,-0.14381,-0.9711,-0.22616,-7.21587,-2.61985,-1.79127,-1.96195,-1.48424,0.70718,-1.81666,-5.76756,-1.67046,2.69391,15.73242,-3.10416,0.20046,2.11014,-2.80053,-0.55344,-0.51099,5.5477,-2.20266,-0.34392,-2.33768
19.68,-0.24591,-0.09631,0.13001,2.48904,0,1.28125,-0.65368,-0.73672,0.34483,3.13135,-0.14247,-0.09076,-5.66219,0.30632,-3.4763,0.00588,-0.76735,-0.87023,-0.30656,-7.25566,-2.73859,-1.56883,-2.45046,-1.40455,0.90093,-2.26979,-5.43699,-2.12106,3.25925,12.66748,-3.32749,0.21246,2.28161,-2.33376,-0.51982,-0.56803,4.41774,-1.77399,-0.34535,-2.15818
19.7,-0.18277,-0.12121,0.14548,2.46185,0,1.35519,-0.73943,-0.78298,0.58268,3.08704,-0.32514,-0.12826,-5.43909,0.2055,-3.12589,-0.06305,-1.36071,-0.77862,-0.38043,-7.1711,-2.85982,-1.28772,-2.90218,-1.23455,1.09003,-2.69179,-5.03743,-2.42284,3.70056,9.24073,-3.3031,0.2042,2.34323,-1.81883,-0.41257,-0.70422,3.21032,-1.29485,-0.33625,-1.94109
19.72,-0.12433,-0.1403,0.16833,2.51,0,1.3678,-0.79024,-0.78923,0.76089,2.9352,-0.45165,-0.11539,-5.07285,0.02758,-2.68831,-0.12043,-1.90369,-0.70248,-0.44605,-6.97258,-2.97358,-0.92037,-3.30561,-0.98076,1.26118,-3.0644,-4.60062,-2.57614,3.96811,5.58872,-3.07432,0.18676,2.25783,-1.28438,-0.2383,-0.91391,1.98352,-0.80298,-0.3174,-1.69633
19.74,-0.07171,-0.15113,0.19899,2.62791,0,1.3227,-0.80199,-0.76256,0.87985,2.68518,-0.52271,-0.05686,-4.58692,-0.20825,-2.19585,-0.16277,-2.37651,-0.64578,-0.50139,-6.67741,-3.0665,-0.44775,-3.64873,-0.65553,1.40203,-3.37032,-4.15621,-2.59146,4.01239,1.86026,-2.69618,0.1698,2.00382,-0.75421,-0.00659,-1.18584,0.787,-0.33274,-0.28972,-1.4331
19.76,-0.02578,-0.15198,0.23693,2.80225,0,1.2259,-0.77426,-0.70982,0.94549,2.35441,-0.54388,0.04002,-4.01268,-0.47954,-1.68327,-0.18595,-2.76108,-0.60984,-0.54429,-6.30798,-3.12302,0.14253,-3.91955,-0.27688,1.50172,-3.59427,-3.73066,-2.48724,3.79164,-1.78953,-2.22836,0.16053,1.57842,-0.24639,0.27042,-1.50405,-0.34001,0.08639,-0.25455,-1.15929
19.78,0.01293,-0.14189,0.28079,3.01231,0,1.08533,-0.71006,-0.63696,0.96887,1.96574,-0.52504,0.1661,-3.38535,-0.76247,-1.18377,-0.18642,-3.04274,-0.59314,-0.57266,-5.8893,-3.12683,0.85769,-4.10696,0.13206,1.55137,-3.72399,-3.34648,-2.28716,3.27986,-5.20611,-1.72855,0.1632,0.99873,0.22688,0.57832,-1.84895,-1.36939,0.43052,-0.21405,-0.88146
19.8,0.04417,-0.12069,0.32851,3.2312,0,0.91047,-0.61537,-0.54859,0.96536,1.54444,-0.47954,0.3113,-2.73967,-1.03371,-0.72536,-0.1624,-3.21183,-0.59141,-0.58484,-5.44643,-3.06261,1.70043,-4.20178,0.54432,1.54453,-3.75123,-3.02161,-2.01752,2.4734,-8.24312,-1.24708,0.17896,0.30064,0.65884,0.90085,-2.19839,-2.28371,0.68168,-0.17146,-0.6052
19.82,0.06796,-0.08905,0.37752,3.42774,0,0.71191,-0.49852,-0.44793,0.95331,1.11542,-0.4228,0.46528,-2.10613,-1.27235,-0.32815,-0.11457,-3.26463,-0.59802,-0.57978,-5.00206,-2.91771,2.66856,-4.1977,0.9312,1.47768,-3.67242,-2.76882,-1.70476,1.39429,-10.77039,-0.82306,0.20623,-0.46462,1.0476,1.22048,-2.52853,-3.07547,0.82779,-0.13125,-0.33604
19.84,0.08452,-0.04834,0.42487,3.56928,0,0.50082,-0.36951,-0.33708,0.95221,0.70081,-0.37031,0.61826,-1.5081,-1.46193,-0.0028,-0.04611,-3.20351,-0.60474,-0.55729,-4.57435,-2.68378,3.75365,-4.09194,1.26516,1.35059,-3.48894,-2.59497,-1.37342,0.0894,-12.6825,-0.48236,0.24126,-1.23616,1.3956,1.51918,-2.8146,-3.74612,0.86265,-0.09897,-0.08043
19.86,0.09412,-0.00053,0.46746,3.62498,0,0.2884,-0.23931,-0.21749,0.98055,0.31811,-0.33537,0.76165,-0.95987,-1.59238,0.24974,0.03783,-3.03633,-0.60273,-0.51803,-4.17527,-2.35824,4.93908,-3.88575,1.5233,1.16671,-3.20717,-2.50032,-1.04462,-1.37415,-13.9075,-0.23702,0.27895,-1.95077,1.70916,1.77952,-3.03168,-4.30522,0.78585,-0.08084,0.15325
19.88,0.097,0.05194,0.5022,3.56947,0,0.08527,-0.11913,-0.0907,1.05347,-0.02102,-0.32696,0.88871,-0.46588,-1.66165,0.43752,0.13111,-2.7754,-0.5836,-0.46358,-3.80958,-1.94552,6.19803,-3.58475,1.69051,0.93331,-2.83824,-2.47804,-0.73506,-2.91593,-14.41477,-0.08615,0.31369,-2.55064,1.99816,1.98587,-3.15574,-4.76966,0.60267,-0.08316,0.35404
19.9,0.09326,0.10634,0.5262,3.38614,0,-0.09898,-0.01964,0.04108,1.18076,-0.31127,-0.34818,0.99502,-0.02119,-1.67657,0.57588,0.2276,-2.43626,-0.54037,-0.39626,-3.47458,-1.45781,7.49179,-3.19909,1.76164,0.66146,-2.39772,-2.5143,-0.45662,-4.4499,-14.22012,-0.01778,0.34019,-2.99017,2.27553,2.12554,-3.16486,-5.16255,0.32399,-0.11153,0.50845
19.92,0.08287,0.15978,0.53691,3.06944,0,-0.25611,0.04968,0.17434,1.36532,-0.55352,-0.39575,1.07883,0.38699,-1.65264,0.68485,0.32195,-2.03634,-0.46822,-0.31904,-3.16074,-0.91495,8.7691,-2.74327,1.74186,0.36552,-1.90493,-2.58923,-0.21652,-5.8915,-13.38578,-0.01161,0.35412,-3.24053,2.55636,2.18952,-3.04078,-5.51138,-0.03419,-0.17009,0.60144
19.94,0.06566,0.20933,0.53234,2.62587,0,-0.37941,0.08135,0.30408,1.60229,-0.75388,-0.46059,1.14107,0.7765,-1.61242,0.786,0.41012,-1.59352,-0.36479,-0.23516,-2.85287,-0.3434,9.9668,-2.2354,1.64486,0.06203,-1.38181,-2.67858,-0.01794,-7.1637,-12.0144,-0.04249,0.35252,-3.29165,2.85651,2.17288,-2.77053,-5.84529,-0.45151,-0.26076,0.6185
19.96,0.04146,0.25222,0.51112,2.0736,0,-0.46384,0.07063,0.42379,1.87902,-0.92239,-0.5296,1.1852,1.16696,-1.58275,0.89898,0.48944,-1.12483,-0.23022,-0.14782,-2.53199,0.2258,11.01232,-1.6961,1.48959,-0.23173,-0.85143,-2.7562,0.13904,-8.20175,-10.23826,-0.08407,0.334,-3.15165,3.19082,2.07477,-2.34812,-6.1915,-0.90442,-0.38254,0.54845
19.98,0.01023,0.286,0.47267,1.44103,0,-0.5061,0.01611,0.52577,2.17582,-1.07137,-0.5879,1.2168,1.57623,-1.59132,1.03823,0.55838,-0.64541,-0.06707,-0.05988,-2.17762,0.75962,11.82798,-1.14709,1.29623,-0.49942,-0.33647,-2.79688,0.25647,-8.95702,-8.20589,-0.11244,0.29882,-2.84445,3.57101,1.89826,-1.77607,-6.57153,-1.36748,-0.53104,0.38656
20,-0.0278,0.30867,0.41725,0.76441,0,-0.50469,-0.07972,0.60181,2.46756,-1.21367,-0.62135,1.24287,2.01723,-1.66301,1.21054,0.61606,-0.16804,0.11985,0.02637,-1.77035,1.22589,12.33703,-0.60995,1.08268,-0.7272,0.14226,-2.77915,0.33753,-9.39955,-6.06872,-0.10904,0.24871,-2.40633,4.00363,1.65004,-1.06634,-6.99733,-1.81471,-0.69825,0.13716
20.02,-0.07196,0.31883,0.34601,0.08462,0,-0.46,-0.2104,0.64395,2.726,-1.3611,-0.61878,1.2709,2.49568,-1.81635,1.41377,0.66156,0.29681,0.32361,0.1092,-1.29443,1.59595,12.47056,-0.10478,0.86234,-0.90482,0.56702,-2.6875,0.38579,-9.51914,-3.96897,-0.06249,0.1867,-1.88146,4.48803,1.3401,-0.24021,-7.46784,-2.22073,-0.87272,-0.18476
20.04,-0.12099,0.31584,0.26088,-0.55689,0,-0.37443,-0.3657,0.64566,2.9229,-1.52283,-0.57363,1.3075,3.00886,-2.06054,1.63704,0.69313,0.74042,0.53521,0.18729,-0.7401,1.84723,12.17491,0.35094,0.64342,-1.0262,0.924,-2.51372,0.40476,-9.32492,-2.02963,0.03074,0.11672,-1.31711,5.01458,0.98113,0.67313,-7.96605,-2.5618,-1.04017,-0.5536
20.06,-0.17306,0.29983,0.16449,-1.12256,0,-0.25236,-0.53225,0.60284,3.03345,-1.70419,-0.48502,1.357,3.54549,-2.39303,1.86217,0.70745,1.1551,0.74368,0.25948,-0.10562,1.96538,11.41913,0.74345,0.42972,-1.08955,1.20396,-2.25753,0.39765,-8.8435,-0.34686,0.16681,0.04318,-0.75866,5.5635,0.58791,1.63914,-8.45715,-2.81671,-1.18454,-0.93471
20.08,-0.22567,0.27182,0.05991,-1.58303,0,-0.10018,-0.69451,0.51491,3.03971,-1.90558,-0.35817,1.41996,4.08658,-2.79817,2.06603,0.6992,1.53352,0.93633,0.32451,0.60121,1.94603,10.20145,1.0636,0.22239,-1.09707,1.40258,-1.92645,0.36739,-8.11657,1.01506,0.33575,-0.02951,-0.24512,6.1046,0.17656,2.621,-8.88842,-2.9677,-1.28944,-1.28728
20.1,-0.27585,0.23364,-0.04947,-1.92046,0,0.07397,-0.83596,0.38541,2.93334,-2.1218,-0.20422,1.4921,4.60682,-3.24691,2.22337,0.66117,1.8686,1.09921,0.38086,1.36202,1.79589,8.55358,1.30741,0.02172,-1.05434,1.52046,-1.53516,0.31672,-7.19773,2.02555,0.52322,-0.09728,0.1942,6.59815,-0.23616,3.58253,-9.19112,-3.00137,-1.33977,-1.56835
20.12,-0.3202,0.18789,-0.16013,-2.13016,0,0.2606,-0.94053,0.22196,2.71695,-2.34167,-0.03925,1.56375,5.07642,-3.69802,2.30948,0.58493,2.15401,1.21793,0.4268,2.14783,1.5328,6.54081,1.47602,-0.1714,-0.96946,1.56265,-1.10422,0.24833,-6.14844,2.68633,0.71239,-0.15674,0.54153,6.99717,-0.63368,4.49047,-9.28477,-2.90943,-1.32336,-1.73743
20.14,-0.35525,0.13766,-0.26859,-2.22032,0,0.44965,-0.99409,0.03563,2.40374,-2.54815,0.1173,1.61993,5.46307,-4.10081,2.30263,0.4623,2.38541,1.27883,0.46067,2.92002,1.18455,4.25712,1.57527,-0.35486,-0.85188,1.53785,-0.65823,0.16492,-5.03283,3.02686,0.8859,-0.20531,0.79087,7.25091,-1.00048,5.3158,-9.08379,-2.68927,-1.23253,-1.7616
20.16,-0.37771,0.08628,-0.37155,-2.2101,0,0.63137,-0.98595,-0.16039,2.01561,-2.71896,0.24474,1.64131,5.73419,-4.39933,2.18598,0.2873,2.56208,1.27057,0.4813,3.63255,0.78669,1.81612,1.61469,-0.52551,-0.71125,1.45721,-0.22347,0.06925,-3.91205,3.09753,1.0277,-0.24133,0.94679,7.3097,-1.32306,6.03438,-8.50606,-2.3445,-1.0654,-1.62041
20.18,-0.38491,0.03696,-0.46602,-2.12659,0,0.7972,-0.91028,-0.35225,1.58038,-2.82804,0.32361,1.60594,5.85955,-4.5378,1.94894,0.05844,2.68845,1.18572,0.48852,4.23543,0.37934,-0.6602,1.60637,-0.67983,-0.5563,1.33317,0.17459,-0.03583,-2.83889,2.96175,1.12475,-0.26399,1.02225,7.1304,-1.59083,6.62711,-7.48284,-1.88542,-0.82684,-1.30997
20.2,-0.37507,-0.00754,-0.54953,-2.00128,0,0.94043,-0.76709,-0.52688,1.12861,-2.84781,0.33803,1.49181,5.81391,-4.46665,1.58786,-0.21917,2.77466,1.02239,0.48344,4.67898,0.00356,-3.05267,1.56372,-0.81484,-0.3941,1.1784,0.51365,-0.14723,-1.85386,2.6881,1.16823,-0.27334,1.03592,6.68204,-1.79679,7.07976,-5.96852,-1.32951,-0.52874,-0.84531
20.22,-0.34758,-0.04515,-0.62018,-1.86647,0,1.0563,-0.56262,-0.67294,0.69028,-2.75218,0.27772,1.28002,5.5796,-4.14854,1.10574,-0.53222,2.83556,0.78527,0.46851,4.91893,-0.30276,-5.25448,1.50013,-0.92867,-0.22966,1.00502,0.77643,-0.26141,-0.98325,2.34318,1.1544,-0.27013,1.00924,5.95022,-1.93778,7.38239,-3.94879,-0.70171,-0.1894,-0.25986
20.24,-0.30313,-0.07467,-0.67679,-1.75175,0,1.14169,-0.30889,-0.78125,0.29185,-2.52029,0.13955,0.95838,5.1486,-3.56381,0.51103,-0.8584,2.88782,0.48608,0.44713,4.9217,-0.50916,-7.17842,1.42781,-1.02088,-0.06613,0.82408,0.95209,-0.37406,-0.23925,1.98565,1.08467,-0.25567,0.96352,4.94003,-2.01425,7.5285,-1.44583,-0.03415,0.16811,0.39793
20.26,-0.24373,-0.09586,-0.71889,-1.68105,0,1.19436,-0.02264,-0.84488,-0.04644,-2.14033,-0.07165,0.52489,4.52409,-2.7148,-0.18422,-1.16669,2.94582,0.14326,0.42304,4.66969,-0.59658,-8.76171,1.35669,-1.09233,0.0948,0.64519,1.03706,-0.47985,0.37807,1.6617,0.96532,-0.23165,0.91724,3.67709,-2.02964,7.51431,1.47946,0.63479,0.51839,1.0707
20.28,-0.17254,-0.1094,-0.74685,-1.67037,0,1.2122,0.27615,-0.85893,-0.31249,-1.61298,-0.34288,-0.0094,3.72141,-1.62849,-0.96641,-1.41867,3.01711,-0.21897,0.39948,4.16554,-0.5605,-9.96875,1.29358,-1.14488,0.2522,0.47649,1.03539,-0.57227,0.87784,1.4021,0.80677,-0.19999,0.88394,2.20718,-1.98966,7.33861,4.7284,1.26219,0.83663,1.69955
20.3,-0.09374,-0.11679,-0.76178,-1.7265,0,1.19283,0.56593,-0.82053,-0.50344,-0.95344,-0.65358,-0.61913,2.76797,-0.35661,-1.82186,-1.57103,3.09886,-0.57221,0.37856,3.43448,-0.41232,-10.79175,1.24191,-1.18102,0.40518,0.32459,0.95848,-0.64387,1.27492,1.221,0.62252,-0.1627,0.87092,0.59422,-1.90159,7.00329,8.16826,1.80325,1.10127,2.23145
20.32,-0.01222,-0.12012,-0.76551,-1.84706,0,1.13354,0.82512,-0.72887,-0.62545,-0.19115,-0.9772,-1.26567,1.7017,1.02793,-2.73753,-1.57909,3.17597,-0.88603,0.36078,2.5234,-0.17835,-11.2487,1.2018,-1.2036,0.55237,0.19456,0.82411,-0.68682,1.58684,1.11663,0.42795,-0.12176,0.87884,-1.08347,-1.77366,6.51445,11.63949,2.2149,1.29617,2.62528
20.34,0.06682,-0.1217,-0.76027,-2.02166,0,1.03195,1.03365,-0.58564,-0.69235,0.63299,-1.28359,-1.90075,0.56776,2.43825,-3.70069,-1.40151,3.22153,-1.13073,0.3449,1.49625,0.10383,-11.37894,1.17073,-1.21558,0.6916,0.08989,0.65472,-0.69399,1.83119,1.0737,0.23884,-0.07903,0.9024,-2.73897,-1.61454,5.88374,14.96618,2.46048,1.41194,2.85594
20.36,0.13834,-0.12374,-0.7485,-2.2341,0,0.887,1.17428,-0.39553,-0.72336,1.47166,-1.54221,-2.47219,-0.5859,3.78373,-4.69779,-1.00571,3.19929,-1.28045,0.32816,0.42659,0.39108,-11.23701,1.14445,-1.21996,0.81986,0.01235,0.47513,-0.66021,2.02395,1.06723,0.06974,-0.03617,0.93181,-4.28403,-1.43292,5.12985,17.96967,2.51474,1.44638,2.91636
20.38,0.19789,-0.12793,-0.73246,-2.4652,0,0.70013,1.23383,-0.16684,-0.74015,2.27686,-1.72537,-2.93066,-1.71321,4.98113,-5.71291,-0.37352,3.06761,-1.31618,0.30662,-0.61103,0.64115,-10.88583,1.11814,-1.21979,0.93344,-0.03809,0.31009,-0.58368,2.17852,1.06704,-0.06737,0.00536,0.95476,-5.63692,-1.2373,4.27963,20.48335,2.36859,1.40433,2.81743
20.4,0.24212,-0.13517,-0.71406,-2.69559,0,0.47625,1.20434,0.08821,-0.76397,3.00515,-1.81116,-3.23593,-2.77359,5.96432,-6.72599,0.49374,2.78422,-1.22819,0.27576,-1.54907,0.81874,-10.38992,1.08747,-1.21805,1.02825,-0.06324,0.18179,-0.46691,2.30555,1.04245,-0.1643,0.04429,0.95854,-6.72956,-1.03579,3.36842,22.36648,2.03228,1.29679,2.58592
20.42,0.26902,-0.14549,-0.69468,-2.90825,0,0.22406,1.08381,0.35374,-0.81292,3.62113,-1.7854,-3.36143,-3.73371,6.6904,-7.71124,1.57168,2.31065,-1.01743,0.23098,-2.33269,0.89965,-9.80879,1.04926,-1.21746,1.10009,-0.06646,0.10783,-0.31706,2.41321,0.9664,-0.2171,0.07952,0.93186,-7.5128,-0.83604,2.43881,23.51438,1.53592,1.13941,2.26028
20.44,0.27814,-0.1581,-0.67512,-3.09023,0,-0.0444,0.87674,0.61111,-0.8999,4.09869,-1.64235,-3.29646,-4.56711,7.14146,-8.63585,2.81139,1.61633,-0.6955,0.16806,-2.92262,0.87276,-9.19071,1.00174,-1.22004,1.14492,-0.05215,0.09965,-0.14542,2.50777,0.81884,-0.22605,0.11,0.86624,-7.95928,-0.64489,1.53743,23.86411,0.92678,0.95045,1.88469
20.46,0.27062,-0.17157,-0.65565,-3.2338,0,-0.31494,0.59421,0.84039,-1.03105,4.42036,-1.38447,-3.04618,-5.25245,7.3225,-9.4597,4.14028,0.68201,-0.28355,0.08361,-3.29552,0.73983,-8.56736,0.94444,-1.22646,1.15907,-0.02514,0.16152,0.03386,2.59437,0.58903,-0.19512,0.13464,0.757,-8.06423,-0.46816,0.71023,23.39614,0.26396,0.7484,1.50213
20.48,0.24909,-0.18425,-0.63608,-3.33689,0,-0.57282,0.25365,1.02238,-1.20506,4.57579,-1.02142,-2.62997,-5.77131,7.25675,-10.13624,5.46536,-0.49688,0.18939,-0.02457,-3.44257,0.51367,-7.94996,0.87772,-1.23544,1.13941,0.01004,0.29017,0.20549,2.67782,0.27697,-0.13104,0.15228,0.60371,-7.84467,-0.31024,-0.00295,22.13362,-0.38856,0.5498,1.14793
20.5,0.21749,-0.1945,-0.61602,-3.40297,0,-0.80443,-0.12191,1.14044,-1.41324,4.55998,-0.56895,-2.07878,-6.1066,6.97984,-10.61472,6.6786,-1.90695,0.68833,-0.1572,-3.36728,0.21548,-7.32778,0.80231,-1.24318,1.08346,0.04977,0.47501,0.35472,2.76306,-0.10639,-0.04226,0.1617,0.41035,-7.33727,-0.17391,-0.57315,20.13963,-0.96903,0.36758,0.84535
20.52,0.18075,-0.20101,-0.59497,-3.44022,0,-0.9986,-0.50525,1.18215,-1.64053,4.37212,-0.04768,-1.4317,-6.24241,6.53355,-10.84364,7.66445,-3.51367,1.17404,-0.31322,-3.08297,-0.12826,-6.66908,0.71887,-1.24309,0.98941,0.09176,0.69916,0.46892,2.85513,-0.5402,0.06197,0.16172,0.18508,-6.59474,-0.06016,-0.98572,17.51198,-1.42427,0.21026,0.60427
20.54,0.1443,-0.20301,-0.57248,-3.45992,0,-1.14756,-0.86694,1.14052,-1.86733,4.01504,0.51816,-0.73214,-6.16546,5.95993,-10.77503,8.3092,-5.25865,1.60461,-0.48964,-2.61052,-0.48889,-5.92486,0.6276,-1.22577,0.85608,0.13514,0.9412,0.53867,2.95864,-0.99604,0.17262,0.1514,-0.06054,-5.68076,0.03173,-1.24161,14.37534,-1.7144,0.08216,0.42326
20.56,0.1136,-0.2003,-0.54831,-3.47452,0,-1.24734,-1.17799,1.01455,-2.07203,3.49569,1.10179,-0.02375,-5.868,5.2962,-10.36961,8.51178,-7.05804,1.93681,-0.68145,-1.97635,-0.83854,-5.03506,0.52804,-1.17954,0.68279,0.18037,1.17751,0.55837,3.07676,-1.44133,0.28152,0.13034,-0.31253,-4.66404,0.10396,-1.35691,10.87167,-1.81615,-0.01569,0.29429
20.58,0.09355,-0.19325,-0.52243,-3.49555,0,-1.29781,-1.41265,0.80946,-2.23381,2.82616,1.67506,0.65326,-5.35152,4.57128,-9.60206,8.19446,-8.80282,2.12773,-0.88179,-1.21111,-1.15263,-3.93705,0.41913,-1.09128,0.46947,0.22885,1.38498,0.52648,3.21035,-1.84331,0.38195,0.09888,-0.55592,-3.61242,0.15985,-1.36068,7.15063,-1.72443,-0.08428,0.20858
20.6,0.08804,-0.1827,-0.49517,-3.53196,0,-1.30229,-1.55088,0.53634,-2.33533,2.02492,2.20953,1.26506,-4.62995,3.80414,-8.46555,7.31206,-10.36187,2.13664,-1.08224,-0.34868,-1.41171,-2.57566,0.29942,-0.94797,0.21691,0.28252,1.54358,0.44533,3.35743,-2.173,0.46896,0.05833,-0.77623,-2.58791,0.20325,-1.29151,3.36128,-1.45238,-0.12535,0.16157
20.62,0.09965,-0.16984,-0.46719,-3.58889,0,-1.26676,-1.58018,0.21116,-2.36479,1.11766,2.67764,1.78607,-3.73116,3.00421,-6.97423,5.85734,-11.58846,1.9273,-1.27344,0.57459,-1.60245,-0.91392,0.16759,-0.73858,-0.0726,0.34328,1.63853,0.32043,3.51335,-2.40871,0.5393,0.01093,-0.96109,-1.64298,0.23778,-1.19303,-0.35443,-1.02966,-0.14056,0.15574
20.64,0.12942,-0.15593,-0.43949,-3.66697,0,-1.1987,-1.49648,-0.14668,-2.31705,0.13714,3.05402,2.1996,-2.69605,2.17352,-5.16291,3.86192,-12.33059,1.47077,-1.44588,1.5208,-1.71775,1.05669,0.02312,-0.45631,-0.39454,0.41249,1.66186,0.15945,3.67158,-2.53857,0.59124,-0.04024,-1.10181,-0.81836,0.26594,-1.10867,-3.86675,-0.49899,-0.1313,0.20036
20.66,0.17695,-0.14211,-0.41332,-3.76233,0,-1.10582,-1.3042,-0.51636,-2.19396,-0.87785,3.31698,2.49754,-1.57546,1.31031,-3.08432,1.39296,-12.44475,0.74863,-1.59095,2.45165,-1.75608,3.30741,-0.13305,-0.1009,-0.74125,0.49041,1.61332,-0.02901,3.8251,-2.56223,0.62409,-0.09168,-1.19482,-0.14199,0.28827,-1.07625,-7.06221,0.08864,-0.09898,0.30853
20.68,0.24039,-0.12914,-0.39011,-3.86694,0,-0.9948,-1.01563,-0.87763,-2.00385,-1.88431,3.45014,2.67925,-0.42568,0.41334,-0.80518,-1.45273,-11.81168,-0.24367,-1.70194,3.32997,-1.72035,5.76645,-0.29783,0.3195,-1.10127,0.57587,1.50063,-0.23665,3.968,-2.49158,0.63762,-0.13982,-1.24262,0.37099,0.30267,-1.12323,-9.84691,0.67924,-0.04566,0.49262
20.7,0.31674,-0.1173,-0.37134,-3.96953,0,-0.87044,-0.64983,-1.21256,-1.76039,-2.83736,3.44398,2.74994,0.69621,-0.51369,1.59795,-4.55618,-10.352,-1.49382,-1.77481,4.12131,-1.61642,8.31787,-0.46554,0.78735,-1.45906,0.66599,1.33906,-0.45632,4.09677,-2.35024,0.63161,-0.18144,-1.25394,0.71757,0.30417,-1.2635,-12.14895,1.22102,0.0253,0.75952
20.72,0.40203,-0.10632,-0.35848,-4.05645,0,-0.73528,-0.23112,-1.50672,-1.4807,-3.69271,3.29701,2.71848,1.73672,-1.45842,4.04255,-7.7841,-8.03887,-2.97052,-1.80854,4.7957,-1.4514,10.80681,-0.6279,1.27622,-1.7954,0.75615,1.15014,-0.68236,4.21075,-2.17176,0.60538,-0.2139,-1.24289,0.90551,0.28531,-1.4965,-13.91982,1.66878,0.10878,1.10677
20.74,0.49162,-0.09544,-0.35276,-4.11263,0,-0.58987,0.21292,-1.74963,-1.18291,-4.40945,3.01637,2.59505,2.64955,-2.39755,6.44349,-10.99722,-4.90623,-4.62291,-1.80475,5.32933,-1.23182,13.05176,-0.77443,1.75286,-2.08866,0.8402,0.95957,-0.91032,4.31146,-1.99625,0.55747,-0.23525,-1.22677,0.95161,0.23716,-1.80868,-15.13472,1.98729,0.19793,1.52059
20.76,0.58054,-0.08366,-0.3551,-4.12263,0,-0.43338,0.65368,-1.93462,-0.88332,-4.95298,2.61807,2.38871,3.39846,-3.29619,8.71616,-14.05857,-1.05248,-6.38142,-1.76686,5.70626,-0.96207,14.8627,-0.89329,2.18081,-2.31672,0.91093,0.79453,-1.13627,4.40111,-1.86604,0.48555,-0.24424,-1.22309,0.87973,0.15092,-2.17688,-15.79247,2.15372,0.28455,1.97574
20.78,0.66377,-0.06989,-0.36593,-4.07179,0,-0.26475,1.06385,-2.0584,-0.59407,-5.29792,2.12628,2.1059,3.95942,-4.10917,10.77936,-16.84142,3.36015,-8.15999,-1.69887,5.92006,-0.64352,16.06268,-0.97247,2.52469,-2.45943,0.96081,0.68091,-1.35582,4.48073,-1.82109,0.38645,-0.24017,-1.24625,0.71848,0.0197,-2.57253,-15.91493,2.15904,0.35987,2.43719
20.8,0.73662,-0.05324,-0.38505,-3.94767,0,-0.08375,1.41943,-2.12033,-0.32151,-5.43076,1.56939,1.74993,4.32185,-4.78424,12.55784,-19.23571,8.11001,-9.85937,-1.60394,5.97486,-0.27462,16.50873,-1.00103,2.7545,-2.50114,0.9829,0.64075,-1.56324,4.54852,-1.89476,0.2564,-0.22275,-1.30462,0.49882,-0.15977,-2.96534,-15.54556,2.00841,0.41546,2.86307
20.82,0.79493,-0.03319,-0.41165,-3.74142,0,0.10793,1.70132,-2.12167,-0.06609,-5.35154,0.97251,1.32205,4.48889,-5.26718,13.98426,-21.15201,12.92508,-11.37126,-1.48301,5.88544,0.14759,16.10853,-0.97031,2.84906,-2.43279,0.97189,0.69056,-1.7508,4.59862,-2.1108,0.09157,-0.19193,-1.39849,0.25135,-0.38588,-3.3255,-14.746,1.72043,0.44421,3.20857
20.84,0.83528,-0.00972,-0.44421,-3.44909,0,0.30595,1.89631,-2.06479,0.17639,-5.07436,0.35168,0.82389,4.4764,-5.50845,15.00079,-22.52284,17.49722,-12.58348,-1.33343,5.67587,0.62479,14.83077,-0.87491,2.79818,-2.25332,0.92516,0.84043,-1.90853,4.62046,-2.48151,-0.11141,-0.14776,-1.51933,0.00342,-0.65155,-3.62423,-13.59046,1.32501,0.44125,3.43055
20.86,0.85517,0.01669,-0.48059,-3.07265,0,0.50297,1.99762,-1.95254,0.41234,-4.62672,-0.28561,0.26075,4.31114,-5.47094,15.56082,-23.30219,21.50185,-13.38666,-1.14811,5.37712,1.15399,12.70922,-0.71343,2.60352,-1.97036,0.84372,1.09383,-2.0245,4.59898,-3.00729,-0.35458,-0.09034,-1.65041,-0.22364,-0.94431,-3.83308,-12.15854,0.86041,0.40469,3.49233
20.88,0.85307,0.04504,-0.51814,-2.62063,0,0.68875,2.00492,-1.78793,0.64747,-4.04793,-0.93537,-0.35509,4.02816,-5.13745,15.63128,-23.46442,24.6218,-13.68254,-0.91535,5.02406,1.72411,9.84154,-0.48898,2.27843,-1.6001,0.73279,1.44807,-2.08555,4.51542,-3.67706,-0.63791,-0.0199,-1.76843,-0.41669,-1.24704,-3.92335,-10.5286,0.36949,0.33611,3.36837
20.9,0.82852,0.07397,-0.5538,-2.10812,0,0.85071,1.92405,-1.57415,0.88405,-3.38647,-1.59063,-1.00208,3.6676,-4.51643,15.19538,-23.00299,26.57336,-13.39371,-0.61976,4.65215,2.31376,6.38346,-0.20939,1.84667,-1.16643,0.60191,1.89487,-2.07838,4.34877,-4.46921,-0.95832,0.06302,-1.84627,-0.57164,-1.53921,-3.8669,-8.77277,-0.10414,0.24065,3.04794
20.92,0.7821,0.10186,-0.58434,-1.5556,0,0.97498,1.76609,-1.31502,1.11908,-2.69618,-2.23502,-1.64906,3.27076,-3.64415,14.25507,-21.92839,27.13213,-12.47374,-0.24459,4.29414,2.89083,2.53784,0.11308,1.34019,-0.69905,0.46417,2.42104,-1.99094,4.0774,-5.35272,-1.30897,0.15722,-1.85627,-0.69258,-1.79843,-3.639,-6.95456,-0.51997,0.12654,2.53713
20.94,0.71528,0.12706,-0.60656,-0.98665,0,1.04794,1.54607,-1.01555,1.34363,-2.03126,-2.83742,-2.25738,2.87556,-2.58268,12.83263,-20.2654,26.15666,-10.9167,0.22486,3.97669,3.41437,-1.46127,0.46238,0.79582,-0.23056,0.33454,3.00898,-1.81385,3.68081,-6.28834,-1.67855,0.26033,-1.774,-0.7891,-2.0024,-3.22349,-5.12887,-0.84415,0.00412,1.85871
20.96,0.63025,0.14806,-0.6175,-0.42473,0,1.058,1.2812,-0.68268,1.54348,-1.44039,-3.35236,-2.78502,2.51199,-1.414,10.97163,-18.05048,23.60853,-8.765,0.79702,3.71735,3.83864,-5.36859,0.81983,0.2514,0.20704,0.22764,3.63715,-1.54174,3.14159,-7.22986,-2.05098,0.36842,-1.58214,-0.87238,-2.131,-2.61932,-3.34386,-1.05268,-0.11559,1.0501
20.98,0.52967,0.16372,-0.6147,0.11014,0,0.9974,0.98918,-0.32595,1.70075,-0.96113,-3.72897,-3.19193,2.19831,-0.23155,8.7374,-15.33063,19.56693,-6.11398,1.46992,3.52225,4.1184,-8.94873,1.1655,-0.2583,0.58608,0.15525,4.28053,-1.17452,2.44769,-8.1255,-2.40549,0.47566,-1.27399,-0.95099,-2.16842,-1.84652,-1.64371,-1.13371,-0.22244,0.15987
21,0.41653,0.1734,-0.5964,0.60402,0,0.86364,0.68674,0.04227,1.7962,-0.61543,-3.92346,-3.44519,1.93919,0.86913,6.21696,-12.16444,14.23363,-3.11099,2.22818,3.38501,4.21444,-11.99581,1.47958,-0.70487,0.88612,0.1242,4.91102,-0.7182,1.59506,-8.91941,-2.7172,0.57439,-0.85615,-1.0277,-2.1048,-0.94957,-0.07099,-1.08865,-0.30845,-0.75648
21.02,0.29406,0.17706,-0.56171,1.05035,0,0.66018,0.38857,0.407,1.81174,-0.40728,-3.90741,-3.52287,1.7264,1.79961,3.51735,-8.62478,7.92361,0.05369,3.04201,3.28703,4.09828,-14.34888,1.74372,-1.06867,1.09583,0.13519,5.49783,-0.18499,0.5905,-9.55307,-2.95827,0.6556,-0.34955,-1.09819,-1.93735,0.00424,1.33255,-0.9314,-0.36865,-1.64136
21.04,0.16568,0.17518,-0.51064,1.44964,0,0.39616,0.10678,0.75169,1.73299,-0.32276,-3.67105,-3.41607,1.54217,2.48699,0.76174,-4.80211,1.03955,3.16469,3.86867,3.1994,3.75547,-15.90216,1.94211,-1.33977,1.21331,0.18256,6.00796,0.40741,-0.54586,-9.96682,-3.09969,0.70998,0.21147,-1.15198,-1.67045,0.93204,2.5275,-0.68593,-0.40129,-2.44005
21.06,0.0349,0.16866,-0.44406,1.80787,0,0.08539,-0.14932,1.0598,1.55157,-0.33238,-3.22448,-3.1292,1.3645,2.88081,-1.91667,-0.80722,-5.96708,6.00637,4.65626,3.08606,3.18733,-16.61045,2.06242,-1.51777,1.24511,0.25521,6.40708,1.03721,-1.77874,-10.10183,-3.1138,0.72926,0.78196,-1.17527,-1.31508,1.74709,3.4804,-0.38235,-0.40751,-3.1058
21.08,-0.09465,0.15868,-0.36363,2.13411,0,-0.25517,-0.37308,1.31663,1.26698,-0.39514,-2.59742,-2.67896,1.17319,2.95819,-4.38243,3.22778,-12.64125,8.38958,5.3492,2.90803,2.4115,-16.49017,2.09662,-1.61071,1.20451,0.33812,6.66097,1.68032,-3.05715,-9.90301,-2.97738,0.70774,1.31077,-1.15483,-0.88775,2.37237,4.16835,-0.05251,-0.39065,-3.60421
21.1,-0.21924,0.14649,-0.27171,2.43804,0,-0.60696,-0.5602,1.51097,0.88759,-0.46367,-1.83495,-2.09271,0.95494,2.72624,-6.50626,7.15203,-18.56746,10.17487,5.89416,2.62802,1.46136,-15.61593,2.04157,-1.63308,1.10924,0.41444,6.73765,2.31199,-4.31601,-9.3229,-2.6751,0.64348,1.74601,-1.0817,-0.40923,2.75251,4.58309,0.27402,-0.35549,-3.91644
21.12,-0.33517,0.13331,-0.17118,2.72772,0,-0.95127,-0.70834,1.63615,0.43064,-0.48999,-0.98699,-1.40617,0.70623,2.22097,-8.17366,10.80336,-23.40428,11.28695,6.2457,2.21501,0.38419,-14.11178,1.89924,-1.60344,0.97913,0.46754,6.60997,2.90813,-5.48018,-8.32614,-2.20293,0.53894,2.04125,-0.95374,0.09693,2.86125,4.73318,0.57278,-0.30743,-4.04031
21.14,-0.43887,0.12012,-0.06535,3.00817,0,-1.27036,-0.81669,1.69038,-0.07919,-0.43132,-0.09778,-0.66081,0.43337,1.50255,-9.29333,14.02146,-26.90694,11.71837,6.37082,1.64817,-0.76207,-12.1371,1.67653,-1.54144,0.83382,0.48311,6.25848,3.44608,-6.47142,-6.89421,-1.57092,0.40092,2.16184,-0.77642,0.60586,2.70318,4.64347,0.82591,-0.25187,-3.98933
21.16,-0.52709,0.10763,0.04226,3.28054,0,-1.54828,-0.88566,1.6763,-0.61219,-0.25554,0.79593,0.09912,0.14998,0.64765,-9.80514,16.66536,-28.93858,11.52347,6.25227,0.92001,-1.91309,-9.86885,1.38472,-1.46486,0.69078,0.4509,5.67437,3.90511,-7.21742,-5.02999,-0.8052,0.23966,2.09076,-0.56201,1.09292,2.31009,4.35239,1.02226,-0.19375,-3.78975
21.18,-0.59714,0.09619,0.14814,3.5422,0,-1.77159,-0.91667,1.60024,-1.13657,0.05425,1.65834,0.82948,-0.12695,-0.25982,-9.68699,18.63206,-29.47181,10.80593,5.89045,0.03852,-3.00313,-7.48326,1.03868,-1.38701,0.56371,0.36607,4.86226,4.26683,-7.66138,-2.76188,0.05155,0.06767,1.83301,-0.32765,1.53527,1.73397,3.90773,1.15665,-0.13725,-3.47675
21.2,-0.64717,0.08581,0.24891,3.78724,0,-1.92979,-0.91201,1.47123,-1.62137,0.49707,2.44712,1.48917,-0.38119,-1.13783,-8.95923,19.8714,-28.58136,9.70313,5.30359,-0.97207,-3.96998,-5.13981,0.65593,-1.31491,0.46158,0.22993,3.84217,4.51565,-7.77014,-0.14641,0.94165,-0.10174,1.41713,-0.09287,1.91308,1.03859,3.36201,1.22868,-0.08567,-3.09017
21.22,-0.67625,0.07619,0.3415,4.00732,0,-2.01568,-0.87481,1.3,-2.0388,1.05367,3.11216,2.04268,-0.60044,-1.91424,-7.68508,20.39297,-26.4278,8.3696,4.52557,-2.07238,-4.75959,-2.96944,0.25549,-1.24874,0.38847,0.04979,2.64975,4.63932,-7.53864,2.73185,1.79664,-0.25581,0.89288,0.1228,2.21054,0.29132,2.768,1.24154,-0.04141,-2.67051
21.24,-0.68446,0.06679,0.42324,4.19266,0,-2.02548,-0.80901,1.09796,-2.36588,1.68885,3.60387,2.46247,-0.77817,-2.53288,-5.9661,20.26302,-23.2329,6.961,3.60133,-3.21091,-5.32988,-1.06774,-0.14347,-1.18245,0.34393,-0.16211,1.33442,4.62962,-6.98992,5.76376,2.54434,-0.38356,0.32464,0.30198,2.41647,-0.44394,2.17467,1.20091,-0.00609,-2.25516
21.26,-0.67281,0.05693,0.49195,4.33314,0,-1.95894,-0.71934,0.87634,-2.58537,2.35614,3.88552,2.73092,-0.91401,-2.95766,-3.93371,19.59295,-19.25064,5.61987,2.58064,-4.32894,-5.65387,0.50743,-0.52304,-1.10554,0.32401,-0.3903,-0.04443,4.4831,-6.17118,8.82253,3.11784,-0.47675,-0.21828,0.43108,2.5247,-1.11211,1.62391,1.11413,0.01932,-1.87544
21.28,-0.6432,0.04593,0.54605,4.41956,0,-1.81933,-0.6113,0.64558,-2.68637,3.00382,3.94131,2.8418,-1.01321,-3.17458,-1.73817,18.52311,-14.7392,4.46412,1.51153,-5.36643,-5.72188,1.73458,-0.86796,-1.00552,0.32252,-0.61817,-1.42237,4.20203,-5.14746,11.7728,3.46489,-0.53061,-0.6724,0.50146,2.53427,-1.67078,1.14809,0.9897,0.03438,-1.55428
21.3,-0.59825,0.03322,0.58459,4.44484,0,-1.6135,-0.49115,0.41487,-2.6644,3.58128,3.77881,2.80074,-1.08558,-3.19159,0.46322,17.20552,-9.93919,3.57927,0.43488,-6.26808,-5.54236,2.62444,-1.16665,-0.87062,0.33225,-0.83006,-2.7351,3.79518,-3.99443,14.48045,3.55553,-0.5442,-0.9892,0.50995,2.4494,-2.0922,0.76875,0.83693,0.03899,-1.30513
21.32,-0.54112,0.0184,0.6073,4.4051,0,-1.35153,-0.36581,0.19214,-2.52141,4.04475,3.42826,2.62419,-1.14447,-3.03591,2.51767,15.78778,-5.06099,3.01476,-0.61877,-6.98865,-5.14058,3.21381,-1.41169,-0.69219,0.3461,-1.01277,-3.92325,3.27802,-2.79135,16.82181,3.38604,-0.52041,-1.14079,0.45886,2.27923,-2.3637,0.49631,0.66558,0.03336,-1.13193
21.34,-0.4753,0.00136,0.61454,4.30022,0,-1.04626,-0.24259,-0.01598,-2.26522,4.36187,2.9386,2.337,-1.20586,-2.74915,4.28759,14.39943,-0.28166,2.78413,-1.62988,-7.49702,-4.55527,3.55786,-1.59972,-0.46657,0.35771,-1.15665,-4.93644,2.67213,-1.61468,18.69168,2.97853,-0.46543,-1.12098,0.35527,2.03709,-2.48646,0.33084,0.48548,0.01787,-1.03018
21.36,-0.40433,-0.01774,0.60724,4.13421,0,-0.71241,-0.12886,-0.20389,-1.90899,4.51484,2.3672,1.96872,-1.28748,-2.38061,5.66032,13.14171,4.25034,2.8685,-2.58824,-7.77893,-3.83354,3.72211,-1.73083,-0.19627,0.3619,-1.25602,-5.73666,2.00386,-0.53274,20.0101,2.37659,-0.38799,-0.94251,0.20999,1.73949,-2.47331,0.26356,0.30601,-0.00684,-0.98881
21.38,-0.33153,-0.03847,0.58681,3.91524,0,-0.36562,-0.03162,-0.36684,-1.47049,4.5022,1.76545,1.54962,-1.40804,-1.9803,6.55605,12.08103,8.40598,3.22224,-3.48979,-7.83848,-3.02528,3.77448,-1.80784,0.1097,0.35486,-1.30925,-6.30072,1.30253,0.39808,20.72789,1.63851,-0.2983,-0.63188,0.0362,1.405,-2.34591,0.2788,0.13566,-0.0399,-0.99259
21.4,-0.25985,-0.06012,0.55507,3.65548,0,-0.02154,0.04295,-0.50075,-0.97126,4.33893,1.16876,1.10724,-1.58593,-1.59253,6.93312,11.24647,12.06588,3.77976,-4.33249,-7.6979,-2.17813,3.77847,-1.83538,0.43624,0.33416,-1.3184,-6.62156,0.59845,1.13539,20.8299,0.82979,-0.20696,-0.22347,-0.15182,1.05312,-2.13182,0.35617,-0.01843,-0.08018,-1.02452
21.42,-0.19169,-0.08184,0.51416,3.37046,0,0.30515,0.08986,-0.6022,-0.43565,4.05444,0.5959,0.6639,-1.83735,-1.2511,6.78967,10.63073,15.11306,4.46284,-5.11223,-7.39516,-1.33357,3.78759,-1.81917,0.76349,0.29882,-1.28868,-6.70783,-0.07915,1.65086,20.33482,0.01611,-0.12382,0.24555,-0.33992,0.70313,-1.86149,0.47262,-0.15057,-0.12626,-1.06796
21.44,-0.12883,-0.10264,0.46639,3.07783,0,0.60158,0.10571,-0.66848,0.11058,3.68856,0.05375,0.23565,-2.17385,-0.97652,6.16124,10.19406,17.43093,5.18783,-5.81915,-6.97927,-0.5246,3.84136,-1.76531,1.06899,0.24928,-1.2276,-6.58171,-0.70424,1.92859,19.29085,-0.74268,-0.05696,0.73885,-0.51501,0.37295,-1.56557,0.60447,-0.25663,-0.1764,-1.10832
21.46,-0.07243,-0.12157,0.41412,2.79573,0,0.85751,0.08892,-0.69782,0.64182,3.28606,-0.45695,-0.16768,-2.59949,-0.77514,5.11516,9.87088,18.90759,5.87263,-6.43525,-6.50397,0.22528,3.96286,-1.67981,1.3305,0.18745,-1.144,-6.27552,-1.25592,1.96253,17.76845,-1.39697,-0.01186,1.22311,-0.66587,0.07804,-1.27234,0.7291,-0.33384,-0.22865,-1.13413
21.48,-0.02302,-0.13779,0.3596,2.5411,0,1.06598,0.03993,-0.68976,1.13433,2.89067,-0.93617,-0.54145,-3.10852,-0.64003,3.74298,9.57813,19.44603,6.44314,-6.93381,-6.02105,0.9018,4.15794,-1.56833,1.52883,0.1167,-1.04714,-5.82777,-1.72015,1.75385,15.85223,-1.91047,0.00929,1.66908,-0.78361,-0.16954,-1.00575,0.82648,-0.38068,-0.28086,-1.13764
21.5,0.01939,-0.15066,0.30491,2.32809,0,1.22363,-0.03872,-0.64536,1.56767,2.53984,-1.37985,-0.8847,-3.68407,-0.55332,2.15218,9.22507,18.9784,6.83867,-7.28088,-5.57449,1.49881,4.41595,-1.43618,1.65034,0.04178,-0.94592,-5.27954,-2.09056,1.30919,13.63349,-2.26154,0.00775,2.05206,-0.86205,-0.36178,-0.78418,0.88014,-0.39663,-0.33079,-1.11495
21.52,0.05527,-0.15977,0.25185,2.16691,0,1.33071,-0.14247,-0.56733,1.92576,2.26081,-1.77805,-1.19835,-4.2987,-0.48959,0.45761,8.72316,17.48193,7.01579,-7.43914,-5.19625,2.01646,4.71206,-1.2884,1.68837,-0.03141,-0.84824,-4.6713,-2.36844,0.64037,11.20386,-2.44289,-0.01201,2.35233,-0.89765,-0.49489,-0.61986,0.87783,-0.38209,-0.37619,-1.06557
21.54,0.08544,-0.16496,0.20196,2.06299,0,1.39061,-0.2651,-0.45989,2.19754,2.06852,-2.11827,-1.4836,-4.91686,-0.42005,-1.22689,7.99562,14.99378,6.95037,-7.37364,-4.90392,2.45906,5.01097,-1.12991,1.64348,-0.09623,-0.7606,-4.04026,-2.56143,-0.23425,8.6502,-2.45977,-0.04313,2.55575,-0.88935,-0.569,-0.5191,0.81156,-0.33827,-0.4149,-0.99151
21.56,0.11096,-0.16625,0.15647,2.01657,0,1.40899,-0.39909,-0.32845,2.37711,1.96517,-2.39132,-1.74055,-5.49894,-0.31706,-2.79639,6.98584,11.62292,6.63781,-7.05889,-4.70033,2.83298,5.27163,-0.96564,1.52268,-0.14588,-0.68776,-3.41854,-2.68156,-1.28718,6.05096,-2.32721,-0.07752,2.65455,-0.8381,-0.58757,-0.48304,0.67739,-0.26724,-0.44491,-0.89618
21.58,0.13299,-0.16375,0.11635,2.02262,0,1.39292,-0.53621,-0.17911,2.46382,1.94122,-2.59381,-1.9674,-6.00604,-0.15827,-4.16156,5.6642,7.55642,6.09185,-6.48591,-4.57476,3.14477,5.45269,-0.80067,1.33799,-0.17413,-0.63264,-2.83194,-2.7428,-2.47862,3.47415,-2.06696,-0.10722,2.64794,-0.7465,-0.5565,-0.50869,0.47504,-0.17199,-0.4645,-0.78322
21.6,0.15276,-0.15764,0.0823,2.07131,0,1.34991,-0.66809,-0.01821,2.46206,1.97748,-2.72695,-2.1602,-6.4043,0.07023,-5.25335,4.03192,3.05666,5.34169,-5.66756,-4.50549,3.39996,5.51775,-0.64016,1.10485,-0.17598,-0.59624,-2.29967,-2.75887,-3.75373,0.97715,-1.70495,-0.12558,2.54212,-0.61836,-0.48328,-0.58984,0.20748,-0.05661,-0.47236,-0.65566
21.62,0.17144,-0.14804,0.05486,2.14859,0,1.28711,-0.78663,0.14811,2.38079,2.04805,-2.79452,-2.31314,-6.6675,0.37245,-6.02495,2.12094,-1.5541,4.42719,-4.64033,-4.46299,3.60241,5.43975,-0.48924,0.84047,-0.14831,-0.57773,-1.83455,-2.74131,-5.04134,-1.39215,-1.26937,-0.1281,2.34899,-0.45848,-0.3761,-0.71795,-0.11935,0.07356,-0.46773,-0.51562
21.64,0.19007,-0.13504,0.03438,2.23725,0,1.21063,-0.88445,0.31434,2.2329,2.12351,-2.80125,-2.4195,-6.77769,0.74276,-6.45102,-0.01083,-5.923,3.39229,-3.46166,-4.41358,3.75431,5.20402,-0.35263,0.56245,-0.09032,-0.57453,-1.44365,-2.69823,-6.25511,-3.59341,-0.78965,-0.11287,2.08369,-0.27242,-0.24313,-0.88254,-0.49684,0.21195,-0.45048,-0.3644
21.66,0.20955,-0.1186,0.02116,2.31806,0,1.12506,-0.95523,0.47589,2.03413,2.17453,-2.75199,-2.47292,-6.72414,1.16785,-6.52502,-2.28793,-9.70609,2.2776,-2.2036,-4.32319,3.85679,4.81004,-0.23401,0.28762,-0.00382,-0.58237,-1.12918,-2.63366,-7.29737,-5.59188,-0.29593,-0.08049,1.76125,-0.06637,-0.09186,-1.07145,-0.91398,0.3507,-0.42124,-0.20317
21.68,0.23055,-0.09864,0.01538,2.37124,0,1.03326,-0.99398,0.6293,1.80194,2.1752,-2.65144,-2.46878,-6.50167,1.62956,-6.2558,-4.62724,-12.61101,1.1139,-0.94429,-4.161,3.91094,4.27201,-0.13545,0.03111,0.10665,-0.59549,-0.88948,-2.54762,-8.066,-7.35679,0.18126,-0.03368,1.3936,0.15301,0.0713,-1.27102,-1.35774,0.48086,-0.38144,-0.03376
21.7,0.25351,-0.07498,0.01717,2.37802,0,0.93644,-0.99737,0.77232,1.55416,2.10598,-2.50439,-2.40534,-6.10933,2.10788,-5.66438,-6.94705,-14.43323,-0.08158,0.2406,-3.90269,3.91884,3.61821,-0.05688,-0.19422,0.23389,-0.6068,-0.71997,-2.43676,-8.46378,-8.86047,0.61168,0.02324,0.98789,0.37885,0.24123,-1.46633,-1.81368,0.59262,-0.33333,0.14046
21.72,0.27859,-0.04752,0.02656,2.32207,0,0.83445,-0.96392,0.90378,1.30732,1.95567,-2.3162,-2.28419,-5.54985,2.58347,-4.78155,-9.17346,-15.07811,-1.30473,1.28513,-3.53258,3.88438,2.88897,0.00429,-0.37811,0.36842,-0.60811,-0.61394,-2.29544,-8.40972,-10.07827,0.96689,0.08501,0.54701,0.60444,0.41403,-1.64166,-2.26685,0.67572,-0.27997,0.31402
21.74,0.3057,-0.01623,0.04349,2.19085,0,0.72629,-0.89409,1.02325,1.07485,1.72227,-2.09333,-2.10988,-4.82999,3.03943,-3.6463,-11.24345,-14.56491,-2.55995,2.1384,-3.04472,3.81337,2.13298,0.05313,-0.51316,0.49911,-0.59047,-0.56319,-2.11706,-7.85127,-10.98946,1.22269,0.14608,0.07229,0.82382,0.58677,-1.78141,-2.70308,0.71996,-0.22501,0.47914
21.76,0.3344,0.0187,0.06769,1.97674,0,0.61076,-0.79035,1.13064,0.86529,1.41275,-1.84375,-1.88886,-3.9619,3.46215,-2.30523,-13.10518,-13.01462,-3.85228,2.76775,-2.44263,3.7132,1.40254,0.09701,-0.5949,0.61401,-0.54454,-0.55838,-1.89563,-6.77608,-11.57917,1.36238,0.20122,-0.43226,1.0325,0.75705,-1.87111,-3.11052,0.71587,-0.17249,0.62596
21.78,0.36398,0.05677,0.09869,1.67786,0,0.48715,-0.65709,1.22573,0.68107,1.04073,-1.57724,-1.62828,-2.96489,3.8414,-0.81267,-14.71636,-10.62667,-5.17849,3.16031,-1.73821,3.59209,0.74849,0.14512,-0.62208,0.70141,-0.46117,-0.58933,-1.62722,-5.22108,-11.84116,1.37994,0.24597,-0.95561,1.22828,0.92252,-1.89881,-3.48133,0.65546,-0.12643,0.74323
21.8,0.39343,0.0971,0.13572,1.29862,0,0.35584,-0.50041,1.30773,0.51828,0.6214,-1.3053,-1.33499,-1.86702,4.1697,0.7689,-16.04188,-7.65015,-6.51958,3.32301,-0.94974,3.45816,0.21547,0.2077,-0.59689,0.75094,-0.33213,-0.64523,-1.31132,-3.27583,-11.78057,1.28249,0.277,-1.47689,1.41181,1.08049,-1.85614,-3.81309,0.53299,-0.09051,0.8191
21.82,0.4215,0.13837,0.17769,0.84957,0,0.21875,-0.32772,1.37495,0.3679,0.1661,-1.04028,-1.01505,-0.7057,4.441,2.36877,-17.05095,-4.35336,-7.8366,3.28125,-0.0991,3.31818,-0.16159,0.29527,-0.52536,0.7545,-0.15102,-0.71496,-0.9517,-1.07738,-11.41566,1.09091,0.29213,-1.96551,1.58689,1.22747,-1.73918,-4.1094,0.34563,-0.06765,0.84213
21.84,0.44676,0.17881,0.22314,0.34656,0,0.07951,-0.14717,1.42455,0.21839,-0.31871,-0.79276,-0.6739,0.47349,4.64884,3.90911,-17.71451,-0.99482,-9.0711,3.07615,0.7917,3.17626,-0.35982,0.41756,-0.41773,0.70705,0.08584,-0.78736,-0.55664,1.20446,-10.77788,0.83821,0.29029,-2.38469,1.76025,1.35904,-1.54854,-4.37973,0.09395,-0.05966,0.80238
21.86,0.46766,0.21627,0.27034,-0.19079,0,-0.05673,0.03324,1.45252,0.05925,-0.82813,-0.56826,-0.31686,1.61957,4.78448,5.30738,-18.00392,2.20194,-10.15006,2.76075,1.70432,3.03256,-0.36948,0.58256,-0.2888,0.60705,0.37838,-0.85183,-0.13847,3.38908,-9.91046,0.56601,0.27119,-2.6977,1.9409,1.46976,-1.28912,-4.63827,-0.21778,-0.0669,0.69254
21.88,0.48267,0.24834,0.31726,-0.74092,0,-0.1837,0.20638,1.45387,-0.11545,-1.35564,-0.36569,0.05,2.68027,4.83576,6.48034,-17.89171,5.06681,-10.99414,2.39533,2.62723,2.88264,-0.19401,0.79572,-0.15813,0.4564,0.72211,-0.8988,0.28724,5.30983,-8.86609,0.31954,0.23509,-2.8752,2.13921,1.5534,-0.96946,-4.9023,-0.58151,-0.08801,0.50912
21.9,0.49036,0.27253,0.36173,-1.28224,0,-0.29456,0.3667,1.42314,-0.30438,-1.89367,-0.17835,0.41928,3.60671,4.78711,7.3492,-17.35466,7.4918,-11.52738,2.04202,3.55752,2.71756,0.15064,1.05939,-0.04984,0.25985,1.10765,-0.92038,0.7029,6.83584,-7.70394,0.14226,0.18257,-2.9015,2.36572,1.60338,-0.60093,-5.19,-0.98548,-0.11985,0.2536
21.92,0.48952,0.28652,0.40154,-1.79488,0,-0.38264,0.5106,1.35514,-0.49836,-2.43737,0.00427,0.78202,4.35818,4.62107,7.84578,-16.37853,9.42813,-11.68653,1.75856,4.50029,2.52511,0.63746,1.37281,0.00814,0.02362,1.52096,-0.91092,1.09029,7.88614,-6.48591,0.07051,0.11455,-2.77773,2.62972,1.61335,-0.1968,-5.51783,-1.41458,-0.15765,-0.06651
21.94,0.47924,0.2884,0.43456,-2.26218,0,-0.44231,0.63644,1.2458,-0.68174,-2.9866,0.19446,1.12821,4.90648,4.32131,7.91907,-14.96376,10.87229,-11.4287,1.59164,5.46577,2.29206,1.23052,1.7326,-0.01449,-0.24663,1.94414,-0.86735,1.4321,8.43416,-5.27207,0.12882,0.03244,-2.52125,2.93771,1.57784,0.22867,-5.89744,-1.85094,-0.1953,-0.43698
21.96,0.45894,0.27698,0.45893,-2.67182,0,-0.46969,0.74433,1.09314,-0.83583,-3.54425,0.40445,1.44778,5.23964,3.87656,7.54203,-13.13139,11.84509,-10.7372,1.57044,6.4645,2.00696,1.88764,2.13366,-0.14807,-0.54798,2.35671,-0.7895,1.71348,8.50334,-4.11571,0.32633,-0.06158,-2.16171,3.29177,1.49299,0.6613,-6.3325,-2.27475,-0.226,-0.8366
21.98,0.42848,0.25206,0.4732,-3.01674,0,-0.46331,0.83576,0.898,-0.9431,-4.11327,0.64441,1.73182,5.36439,3.28483,6.71757,-10.92824,12.3702,-9.62531,1.70146,7.50177,1.66327,2.56344,2.57036,-0.41997,-0.88202,2.73719,-0.68021,1.92342,8.15705,-3.05891,0.65464,-0.16418,-1.73521,3.68823,1.35719,1.08782,-6.81591,-2.66519,-0.24293,-1.23738
22,0.38815,0.21461,0.47648,-3.29553,0,-0.42436,0.91308,0.66441,-0.99128,-4.69351,0.92028,1.97359,5.3066,2.55659,5.48248,-8.42965,12.45859,-8.13774,1.96636,8.57237,1.26168,3.2124,3.03752,-0.85104,-1.25521,3.06443,-0.54529,2.05568,7.48567,-2.12946,1.08756,-0.27074,-1.27839,4.11665,1.17143,1.49638,-7.3277,-3.00125,-0.23997,-1.60559
22.02,0.33877,0.16676,0.46849,-3.51217,0,-0.35636,0.97912,0.39934,-0.97611,-5.2792,1.23135,2.16895,5.1088,1.7158,3.90749,-5.73764,12.10386,-6.34871,2.32373,9.65647,0.81122,3.79196,3.53108,-1.45158,-1.67724,3.3183,-0.39323,2.10892,6.59333,-1.33984,1.58341,-0.37535,-0.82378,4.55929,0.9393,1.87682,-7.83398,-3.2622,-0.21234,-1.90357
22.04,0.28165,0.11174,0.44954,-3.6751,0,-0.26438,1.03674,0.11171,-0.9023,-5.85721,1.56786,2.31602,4.82467,0.79834,2.0928,-2.97354,11.28989,-4.35629,2.71521,10.71745,0.32861,4.2653,4.0482,-2.21738,-2.15744,3.47994,-0.2345,2.08603,5.58571,-0.6881,2.08973,-0.47119,-0.39695,4.99127,0.66645,2.22036,-8.28707,-3.42783,-0.15714,-2.09248
22.06,0.21855,0.05346,0.42047,-3.79592,0,-0.1538,1.08852,-0.18908,-0.78282,-6.40645,1.91058,2.41426,4.51126,-0.15194,0.15951,-0.26619,10.00802,-2.27377,3.07501,11.70201,-0.16381,4.60383,4.58677,-3.12615,-2.69966,3.53168,-0.08073,1.99291,4.5599,-0.16063,2.5499,-0.55114,-0.01562,5.38145,0.35972,2.51927,-8.62725,-3.47861,-0.07368,-2.13596
22.08,0.15165,-0.00379,0.38252,-3.88786,0,-0.0292,1.13648,-0.49459,-0.63684,-6.89851,2.23432,2.4635,4.22057,-1.08825,-1.76156,2.26174,8.27808,-0.21945,3.34073,12.54279,-0.64089,4.7892,5.14455,-4.13497,-3.29713,3.45727,0.05638,1.83709,3.59701,0.26418,2.91055,-0.60858,0.30985,5.69431,0.0263,2.76647,-8.78623,-3.39604,0.03633,-2.00407
22.1,0.08341,-0.05587,0.33721,-3.96459,0,0.10641,1.18193,-0.79823,-0.48692,-7.29941,2.51383,2.46312,3.99226,-1.96582,-3.54171,4.50615,6.16506,1.69346,3.46317,13.16332,-1.0776,4.81427,5.71786,-5.17962,-3.92848,3.24295,0.16616,1.62672,2.7579,0.61171,3.12832,-0.63822,0.57515,5.89252,-0.32674,2.95538,-8.69231,-3.16355,0.16875,-1.6772
22.12,0.01646,-0.09914,0.28627,-4.03914,0,0.25158,1.22526,-1.09523,-0.35598,-7.57232,2.72802,2.41174,3.8488,-2.74561,-5.06567,6.39012,3.78483,3.36578,3.41281,13.48464,-1.45117,4.68264,6.29974,-6.17655,-4.55635,2.87958,0.23993,1.37002,2.08204,0.90731,3.17465,-0.63671,0.78053,5.94028,-0.69237,3.07996,-8.27691,-2.768,0.31732,-1.14912
22.14,-0.0466,-0.13087,0.23151,-4.12317,0,0.40553,1.26568,-1.38156,-0.26421,-7.68102,2.86122,2.30763,3.79369,-3.39647,-6.24146,7.86776,1.29531,4.71959,3.18213,13.43334,-1.74261,4.40647,6.87771,-7.02799,-5.12927,2.36563,0.27189,1.07539,1.58909,1.17291,3.0381,-0.60303,0.92949,5.807,-1.06294,3.1351,-7.48207,-2.20162,0.47407,-0.42895
22.16,-0.10341,-0.14945,0.17475,-4.22655,0,0.56683,1.30112,-1.65216,-0.22644,-7.59407,2.90295,2.14949,3.81276,-3.896,-7.00833,8.92382,-1.12455,5.70358,2.78397,12.95057,-1.93745,4.00317,7.43135,-7.63035,-5.58658,1.71065,0.2598,0.75197,1.28246,1.42468,2.72425,-0.53863,1.02774,5.47119,-1.42911,3.11713,-6.26838,-1.46447,0.63007,0.45834
22.18,-0.15214,-0.15463,0.11776,-4.35712,0,0.73179,1.32805,-1.89919,-0.25005,-7.28961,2.84742,1.93791,3.87781,-4.2306,-7.34212,9.57029,-3.30202,6.29629,2.24731,12.00124,-2.02631,3.49172,7.93031,-7.88549,-5.86591,0.93828,0.20544,0.41035,1.15368,1.67149,2.25387,-0.44736,1.08249,4.92423,-1.77886,3.02443,-4.62262,-0.5672,0.77629,1.47255
22.2,-0.19162,-0.14751,0.06217,-4.52061,0,0.89344,1.34165,-2.11091,-0.33406,-6.7601,2.69323,1.67664,3.95208,-4.39535,-7.25708,9.84129,-5.09617,6.50667,1.61183,10.58218,-2.00575,2.88962,8.33283,-7.71381,-5.9119,0.08759,0.11479,0.06315,1.18677,1.91433,1.65992,-0.33509,1.10195,4.17327,-2.09704,2.8578,-2.56365,0.4665,0.90451,2.56027
22.22,-0.22154,-0.13039,0.00949,-4.7204,0,1.04125,1.33602,-2.2718,-0.46927,-6.01637,2.44358,1.37376,3.99638,-4.39398,-6.80291,9.78682,-6.41548,6.37138,0.92239,8.72722,-1.87932,2.21074,8.58531,-7.06775,-5.68479,-0.78832,-0.00221,-0.27509,1.36156,2.14673,0.9837,-0.20929,1.09468,3.24232,-2.36575,2.6202,-0.14504,1.59803,1.00808,3.65823
22.24,-0.24241,-0.10645,-0.039,-4.957,0,1.16197,1.30464,-2.36416,-0.63998,-5.0903,2.10706,1.04208,3.97545,-4.23902,-6.05691,9.46607,-7.22434,5.94865,0.22389,6.50809,-1.65919,1.46458,8.62296,-5.94417,-5.16795,-1.62694,-0.13236,-0.58873,1.65577,2.35598,0.2705,-0.07822,1.06889,2.1712,-2.56571,2.31585,2.5466,2.77356,1.08265,4.69816
22.26,-0.25553,-0.07928,-0.08228,-5.22748,0,1.24145,1.24101,-2.37088,-0.82648,-4.03435,1.69869,0.699,3.8638,-3.95202,-5.11261,8.9411,-7.53922,5.30993,-0.44288,4.03117,-1.3676,0.6566,8.37245,-4.39357,-4.37326,-2.36363,-0.26029,-0.86259,2.04586,2.52517,-0.43493,0.04986,1.03165,1.01243,-2.6785,1.9489,5.39723,3.92526,1.12657,5.61267
22.28,-0.26286,-0.05237,-0.11965,-5.52509,0,1.26692,1.13941,-2.27888,-1.00824,-2.91364,1.24072,0.36569,3.65053,-3.56342,-4.06712,8.27155,-7.41788,4.5308,-1.04439,1.43067,-1.03786,-0.21038,7.75687,-2.5237,-3.34338,-2.94016,-0.36983,-1.08384,2.50716,2.63572,-1.09248,0.16759,0.98811,-0.17326,-2.68933,1.52217,8.27392,4.97471,1.14115,6.34171
22.3,-0.26677,-0.02867,-0.15077,-5.83935,0,1.22924,0.99571,-2.08214,-1.16675,-1.79028,0.76245,0.06565,3.34204,-3.11158,-3.00991,7.51101,-6.94553,3.68293,-1.55626,-1.14093,-0.71377,-1.13422,6.70357,-0.49439,-2.14958,-3.31252,-0.44544,-1.24367,3.01385,2.67003,-1.66985,0.26916,0.94111,-1.32198,-2.58941,1.03663,11.03479,5.8382,1.13046,6.83824
22.32,-0.26979,-0.01027,-0.17573,-6.15655,0,1.12456,0.80807,-1.78367,-1.28768,-0.71079,0.29835,-0.17716,2.96203,-2.64001,-2.01454,6.70479,-6.22082,2.82809,-1.96371,-3.52526,-0.44693,-2.11116,5.15445,1.49923,-0.88383,-3.4564,-0.47375,-1.33855,3.5392,2.61398,-2.14422,0.35074,0.89103,-2.37184,-2.37757,0.49182,13.5393,6.43422,1.10071,7.0723
22.34,-0.27429,0.00177,-0.19501,-6.4608,0,0.95508,0.57747,-1.39575,-1.36206,0.29429,-0.11567,-0.34077,2.54824,-2.1928,-1.13432,5.88904,-5.34372,2.01472,-2.26101,-5.57264,-0.29141,-3.13375,3.07795,3.25494,0.3547,-3.36959,-0.44482,-1.37044,4.05637,2.45895,-2.50255,0.41054,0.83615,-3.26804,-2.06063,-0.11266,15.65826,6.69266,1.05908,7.03286
22.36,-0.2821,0.00738,-0.20948,-6.7355,0,0.72889,0.30794,-0.93884,-1.3864,1.20194,-0.44737,-0.40794,2.14681,-1.80879,-0.40135,5.09096,-4.40606,1.27695,-2.44987,-7.15791,-0.29674,-4.18917,0.48145,4.59918,1.47695,-3.07134,-0.35326,-1.34648,4.53991,2.20331,-2.7406,0.44862,0.7734,-3.96751,-1.65261,-0.77499,17.28346,6.56476,1.01223,6.72753
22.38,-0.29422,0.00736,-0.22037,-6.96512,0,0.45912,0.0067,-0.43925,-1.36219,1.98665,-0.6736,-0.36878,1.8053,-1.51572,0.17182,4.32991,-3.48509,0.63538,-2.53766,-8.19517,-0.5003,-5.25817,-2.57838,5.42229,2.42111,-2.59956,-0.19905,-1.27795,4.96749,1.85337,-2.86134,0.46657,0.69928,-4.44289,-1.17322,-1.48874,18.33641,6.03231,0.96477,6.18065
22.4,-0.31061,0.00313,-0.22915,-7.13691,0,0.16258,-0.31608,0.07342,-1.29485,2.61374,-0.78439,-0.22275,1.56601,-1.32595,0.58918,3.61903,-2.63994,0.09927,-2.53559,-8.64852,-0.92099,-6.31471,-5.98981,5.70382,3.16516,-2.00657,0.01217,-1.17901,5.32153,1.42355,-2.87314,0.46704,0.61094,-4.68503,-0.646,-2.24118,18.77488,5.11368,0.91805,5.43
22.42,-0.33012,-0.00355,-0.23741,-7.24192,0,-0.14189,-0.64761,0.56904,-1.19237,3.04195,-0.78464,0.02038,1.46055,-1.23488,0.86774,2.96699,-1.91059,-0.33067,-2.45704,-8.53604,-1.55557,-7.3264,-9.588,5.5197,3.73108,-1.35392,0.26945,-1.06511,5.59005,0.93551,-2.78795,0.45335,0.50712,-4.70351,-0.09634,-3.01259,18.59572,3.8645,0.86946,4.52188
22.44,-0.3506,-0.01086,-0.24671,-7.27524,0,-0.4354,-0.9733,1.01951,-1.06383,3.23628,-0.69294,0.34087,1.50616,-1.2226,1.03413,2.3794,-1.31869,-0.65938,-2.31636,-7.92601,-2.37839,-8.2557,-13.16591,5.02824,4.17914,-0.70659,0.55761,-0.95133,5.76654,0.41635,-2.61972,0.42912,0.38883,-4.52493,0.45055,-3.77714,17.83316,2.37207,0.81249,3.50509
22.46,-0.36912,-0.01724,-0.25835,-7.23545,0,-0.70095,-1.27776,1.40097,-0.9179,3.18046,-0.53784,0.71062,1.70412,-1.25817,1.12145,1.85988,-0.86972,-0.89477,-2.12795,-6.9264,-3.34424,-9.06227,-16.49316,4.43809,4.59374,-0.12709,0.85891,-0.85076,5.84898,-0.10428,-2.38315,0.39791,0.25978,-4.18938,0.97146,-4.50495,16.55372,0.74454,0.73742,2.42447
22.48,-0.38235,-0.0216,-0.27319,-7.12395,0,-0.92525,-1.54597,1.69563,-0.76155,2.8813,-0.35283,1.09553,2.03956,-1.3055,1.16627,1.41068,-0.55608,-1.04561,-1.90581,-5.67062,-4.39336,-9.7061,-19.33987,3.96664,5.06428,0.33007,1.15506,-0.77317,5.83862,-0.59723,-2.09285,0.36305,0.12651,-3.74591,1.44675,-5.16471,14.849,-0.90233,0.63277,1.31557
22.5,-0.38696,-0.02353,-0.29156,-6.94424,0,-1.09996,-1.76455,1.89299,-0.59924,2.36677,-0.17123,1.45846,2.48264,-1.32922,1.20541,1.0331,-0.36051,-1.12015,-1.66327,-4.30203,-5.45718,-10.15139,-21.50073,3.79844,5.66531,0.62271,1.42917,-0.72412,5.73868,-1.03681,-1.76296,0.32746,-0.00174,-3.24785,1.86124,-5.72598,12.82772,-2.45811,0.48707,0.20184
22.52,-0.37995,-0.02325,-0.31316,-6.70124,0,-1.22212,-1.92272,1.99019,-0.43257,1.68213,-0.02214,1.76217,2.99071,-1.2994,1.27222,0.7275,-0.25965,-1.12563,-1.41291,-2.95947,-6.46395,-10.3702,-22.8156,4.05219,6.43952,0.72386,1.66734,-0.70475,5.55315,-1.40308,-1.40686,0.29354,-0.11357,-2.74831,2.20451,-6.16037,10.60717,-3.8278,0.29102,-0.9045
22.54,-0.35898,-0.02158,-0.33718,-6.40056,0,-1.29375,-2.01304,1.99156,-0.26057,0.8854,0.07211,1.9724,3.51127,-1.1945,1.39228,0.49314,-0.22747,-1.06847,-1.16637,-1.76465,-7.34366,-10.34578,-23.18396,4.76111,7.38613,0.6229,1.85979,-0.71226,5.28574,-1.68329,-1.03712,0.26316,-0.19626,-2.29609,2.47038,-6.44116,8.30408,-4.93807,0.03972,-1.99808
22.56,-0.32262,-0.01969,-0.36236,-6.04784,0,-1.32077,-2.03195,1.9075,-0.08038,0.04237,0.09693,2.06064,3.98566,-1.00242,1.57889,0.32765,-0.23838,-0.95516,-0.93402,-0.81245,-8.03219,-10.07514,-22.57328,5.86804,8.45584,0.32535,2.00147,-0.74086,4.93919,-1.87249,-0.6654,0.23755,-0.23688,-1.93228,2.65588,-6.54218,6.02579,-5.73995,-0.26534,-3.07346
22.58,-0.27047,-0.01883,-0.38726,-5.64834,0,-1.31147,-1.98004,1.75292,0.1117,-0.77855,0.04535,2.00674,4.35335,-0.72037,1.82926,0.22657,-0.26974,-0.79336,-0.72464,-0.16419,-8.47504,-9.57074,-21.02177,7.2339,9.55312,-0.14822,2.09221,-0.78307,4.51512,-1.97343,-0.30247,0.21734,-0.22374,-1.68767,2.76019,-6.43654,3.86287,-6.20873,-0.61489,-4.11784
22.6,-0.20331,-0.02009,-0.41042,-5.20675,0,-1.27499,-1.86206,1.54557,0.31907,-1.51114,-0.08275,1.80076,4.55643,-0.35388,2.12244,0.18289,-0.30365,-0.59297,-0.54506,0.15521,-8.63038,-8.86055,-18.63537,8.65769,10.54573,-0.76374,2.13644,-0.83107,4.01445,-1.9958,0.04169,0.20252,-0.14775,-1.58124,2.78363,-6.09628,1.88447,-6.34202,-0.99142,-5.10559
22.62,-0.12301,-0.0242,-0.43058,-4.72688,0,-1.22002,-1.68656,1.30423,0.54361,-2.09601,-0.28161,1.4441,4.54414,0.08447,2.41968,0.18692,-0.32783,-0.36658,-0.3998,0.15605,-8.47127,-7.98566,-15.57753,9.90579,11.28135,-1.47535,2.14236,-0.87769,3.43821,-1.95489,0.35773,0.19248,-0.00377,-1.61981,2.72696,-5.49342,0.13706,-6.15648,-1.37014,-5.99645
22.64,-0.03246,-0.03138,-0.44675,-4.2112,0,-1.15376,-1.46506,1.04686,0.7848,-2.48464,-0.54057,0.94935,4.27709,0.57645,2.66794,0.22643,-0.33555,-0.12927,-0.29074,-0.12124,-7.98684,-6.99503,-12.05198,10.74796,11.61016,-2.22744,2.12066,-0.91719,2.7886,-1.86952,0.63679,0.18601,0.20821,-1.79876,2.59107,-4.60258,-1.35367,-5.68387,-1.72144,-6.73834
22.66,0.06471,-0.04133,-0.45838,-3.66032,0,-1.0812,-1.21103,0.78894,1.03895,-2.64314,-0.84494,0.33937,3.73113,1.09961,2.80594,0.28721,-0.32484,0.1023,-0.21687,-0.61416,-7.18281,-5.93833,-8.28065,10.99557,11.41032,-2.95725,2.08286,-0.94551,2.07007,-1.75977,0.87035,0.18139,0.48231,-2.10368,2.37701,-3.40526,-2.57845,-4.96691,-2.01451,-7.2743
22.68,0.16437,-0.05326,-0.46532,-3.07263,0,-1.00491,-0.93869,0.54205,1.299,-2.55511,-1.17672,-0.35439,2.90054,1.62856,2.77201,0.3538,-0.29729,0.31133,-0.17417,-1.24734,-6.08151,-4.8585,-4.48068,10.53594,10.61216,-3.59811,2.03977,-0.96038,1.29051,-1.64461,1.05039,0.17651,0.80624,-2.51237,2.08648,-1.8953,-3.53899,-4.05585,-2.22148,-7.55193
22.7,0.26217,-0.06596,-0.4679,-2.44455,0,-0.92512,-0.66211,0.31299,1.55464,-2.22333,-1.51546,-1.09387,1.79999,2.1363,2.51233,0.4105,-0.25676,0.48242,-0.15565,-1.94152,-4.72135,-3.78586,-0.84501,9.35489,9.21493,-4.0839,2.00013,-0.96119,0.46224,-1.54001,1.16947,0.16903,1.16141,-2.99702,1.72243,-0.08479,-4.24254,-3.00597,-2.32118,-7.53283
22.72,0.35378,-0.07798,-0.46689,-1.77126,0,-0.84001,-0.39458,0.10349,1.793,-1.66954,-1.83908,-1.83663,0.46465,2.5954,1.98851,0.44243,-0.20835,0.60306,-0.15182,-2.6208,-3.15525,-2.73494,2.47075,7.54131,7.29121,-4.35449,1.96983,-0.94869,-0.39748,-1.45762,1.22122,0.15666,1.52359,-3.52607,1.28971,1.9906,-4.69762,-1.87598,-2.30169,-7.19992
22.74,0.43509,-0.08778,-0.46343,-1.04791,0,-0.74636,-0.14828,-0.08928,1.99985,-0.93214,-2.12508,-2.53837,-1.05208,2.97935,1.18361,0.43666,-0.15748,0.66486,-0.15132,-3.21777,-1.44779,-1.70455,5.35435,5.27115,4.97671,-4.36229,1.95153,-0.92468,-1.26655,-1.40407,1.20076,0.13744,1.86444,-4.06569,0.79545,4.26814,-4.91157,-0.72702,-2.16133,-6.56127
22.76,0.5023,-0.09392,-0.45896,-0.27128,0,-0.64019,0.06578,-0.2718,2.16124,-0.06213,-2.35193,-3.15562,-2.68281,3.26403,0.10634,0.38338,-0.1094,0.66449,-0.14203,-3.6766,0.32897,-0.68079,7.73664,2.77497,2.4482,-4.07902,1.94493,-0.89156,-2.11901,-1.38099,1.10538,0.11014,2.15361,-4.58096,0.24925,6.65697,-4.89017,0.37837,-1.90822,-5.65031
22.78,0.55218,-0.09525,-0.4551,0.55834,0,-0.51767,0.23775,-0.45274,2.26528,0.88191,-2.5008,-3.64857,-4.35157,3.42932,-1.20662,0.27692,-0.06876,0.60418,-0.11216,-3.9547,2.10011,0.35787,9.58721,0.29746,-0.10447,-3.50161,1.94736,-0.85194,-2.92667,-1.38548,0.93529,0.07451,2.36135,-5.03698,-0.33682,9.04027,-4.63955,1.37775,-1.5589,-4.5233
22.8,0.58213,-0.09107,-0.45356,1.43533,0,-0.37588,0.3588,-0.64135,2.30388,1.83901,-2.55734,-3.98378,-5.97949,3.46066,-2.69051,0.11649,-0.03919,0.49182,-0.05157,-4.02331,3.79242,1.4345,10.90773,-1.94112,-2.50541,-2.65549,1.95464,-0.80833,-3.66112,-1.4109,0.69429,0.03152,2.46119,-5.3998,-0.94832,11.28121,-4.16974,2.21138,-1.13635,-3.25459
22.82,0.59032,-0.08119,-0.45601,2.34712,0,-0.21361,0.42125,-0.84578,2.27398,2.75048,-2.51328,-4.13639,-7.48986,3.35036,-4.25497,-0.09346,-0.02285,0.34034,0.04724,-3.86746,5.33853,2.56762,11.72454,-3.77369,-4.6131,-1.59355,1.96207,-0.76278,-4.29613,-1.44783,0.39017,-0.01673,2.43241,-5.63733,-1.56866,13.23296,-3.49945,2.82636,-0.66792,-1.93004
22.84,0.57584,-0.06604,-0.46398,3.27331,0,-0.03191,0.41877,-1.07149,2.17804,3.56387,-2.36774,-4.09178,-8.81247,3.09829,-5.78936,-0.34339,-0.01982,0.16657,0.18815,-3.48542,6.68028,3.76586,12.08149,-5.10149,-6.33171,-0.39017,1.96528,-0.71662,-4.81014,-1.48501,0.03483,-0.06715,2.26196,-5.72023,-2.17945,14.75272,-2.66096,3.18226,-0.18303,-0.63884
22.86,0.53873,-0.04654,-0.47866,4.18553,0,0.16551,0.34689,-1.31989,2.024,4.23619,-2.1282,-3.84669,-9.88725,2.71231,-7.17068,-0.61931,-0.02746,-0.01049,0.37079,-2.88797,7.77171,5.02416,12.03388,-5.8959,-7.6135,0.86859,1.96085,-0.67022,-5.18894,-1.51029,-0.35603,-0.11617,1.9458,-5.62306,-2.7611,15.71833,-1.70426,3.2576,0.28901,0.53562
22.88,0.48005,-0.02407,-0.50078,5.04845,0,0.3722,0.20366,-1.58748,1.82457,4.73618,-1.811,-3.40986,-10.66726,2.20814,-8.27337,-0.90374,-0.04009,-0.17157,0.59012,-2.09763,8.5815,6.32166,11.64409,-6.19059,-8.45486,2.09646,1.94685,-0.62279,-5.42824,-1.51156,-0.7634,-0.16026,1.48956,-5.32592,-3.29366,16.04497,-0.69904,3.05556,0.72111,1.52472
22.9,0.40195,-0.00029,-0.53051,5.82158,0,0.57916,-0.00958,-1.86555,1.59618,5.04559,-1.4404,-2.80204,-11.12098,1.60885,-8.97969,-1.17676,-0.049,-0.29896,0.83636,-1.14774,9.09456,7.62153,10.97861,-6.06772,-8.88817,3.21744,1.92292,-0.57235,-5.53582,-1.47757,-1.16572,-0.19642,0.90833,-4.81667,-3.75772,15.69795,0.26696,2.60705,1.09016,2.28197
22.92,0.30751,0.02301,-0.56726,6.46215,0,0.77529,-0.28755,-2.14067,1.35745,5.15906,-1.04375,-2.05495,-11.23316,0.94369,-9.18974,-1.41727,-0.04336,-0.37797,1.09525,-0.08114,9.31229,8.87309,10.10577,-5.64148,-8.97174,4.17303,1.8899,-0.51575,-5.53247,-1.39869,-1.53968,-0.22267,0.22533,-4.09334,-4.13532,14.69794,1.09456,1.96929,1.37853,2.78782
22.94,0.20062,0.04411,-0.60967,6.92875,0,0.94833,-0.62042,-2.3959,1.12717,5.08266,-0.64447,-1.20917,-11.00434,0.24612,-8.83035,-1.60411,-0.01171,-0.39795,1.34877,1.05179,9.25126,10.016,9.09351,-5.04111,-8.77914,4.92531,1.84904,-0.44888,-5.45156,-1.26741,-1.86118,-0.23823,-0.53064,-3.16642,-4.41082,13.11716,1.68495,1.21918,1.5751,3.05118
22.96,0.08563,0.06161,-0.65546,7.18564,0,1.08599,-0.99365,-2.61273,0.92214,4.83148,-0.25845,-0.31103,-10.44934,-0.4487,-7.86268,-1.71732,0.05578,-0.35291,1.57625,2.19575,8.94088,10.98637,8.0073,-4.39498,-8.38913,5.45626,1.8008,-0.36688,-5.33719,-1.07889,-2.10647,-0.24368,-1.32847,-2.06076,-4.57175,11.06795,1.95493,0.44256,1.67597,3.10766
22.98,-0.03296,0.07455,-0.70149,7.20735,0,1.17728,-1.38805,-2.77326,0.75508,4.42711,0.10473,0.59078,-9.59565,-1.10658,-6.28838,-1.73947,0.16504,-0.2418,1.7559,3.29332,8.42066,11.72413,6.90832,-3.81695,-7.87725,5.7645,1.74366,-0.26449,-5.24132,-0.8315,-2.25338,-0.24086,-2.13824,-0.81664,-4.60972,8.68759,1.8525,-0.27811,1.68472,3.01504
23,-0.15086,0.08257,-0.74382,6.98258,0,1.21373,-1.78029,-2.86233,0.63306,3.89535,0.43816,1.4485,-8.4818,-1.69664,-4.15333,-1.65694,0.31615,-0.06851,1.86651,4.28762,7.73747,12.1802,5.85195,-3.39568,-7.30943,5.86068,1.67332,-0.1364,-5.21989,-0.52747,-2.28256,-0.23273,-2.93379,0.51064,-4.52125,6.12313,1.36871,-0.87503,1.61207,2.84586
23.02,-0.26419,0.08593,-0.77789,6.51645,0,1.19028,-2.14394,-2.86907,0.55673,3.26454,0.73404,2.21799,-7.15569,-2.19283,-1.54795,-1.46111,0.50215,0.15834,1.8893,5.12434,6.94283,12.32231,4.88653,-3.1874,-6.73768,5.76241,1.58231,0.02233,-5.32801,-0.17358,-2.1786,-0.22302,-3.69399,1.85317,-4.30821,3.51877,0.54225,-1.30265,1.47466,2.6776
23.04,-0.36969,0.08536,-0.79884,5.83072,0,1.10585,-2.45101,-2.7877,0.52042,2.5644,0.98138,2.86069,-5.67252,-2.57475,1.39693,-1.14935,0.70903,0.42586,1.80967,5.75334,6.08985,12.1386,4.05195,-3.21207,-6.19763,5.48958,1.46025,0.21593,-5.61407,0.21822,-1.93096,-0.21579,-4.40224,3.13547,-3.97768,1.00683,-0.54479,-1.54073,1.29303,2.58081
23.06,-0.46486,0.08191,-0.8018,4.962,0,0.96343,-2.67406,-2.61769,0.51311,1.82541,1.1673,3.34516,-4.09243,-2.82778,4.51824,-0.72575,0.9168,0.7177,1.61898,6.12995,5.23037,11.63929,3.37816,-3.4526,-5.70776,5.06056,1.29472,0.44751,-6.11342,0.63056,-1.5349,-0.21497,-5.0448,4.28145,-3.54155,-1.29786,-1.77875,-1.59299,1.08893,2.60694
23.08,-0.54794,0.07671,-0.78242,3.95876,0,0.76998,-2.78856,-2.36341,0.51991,1.07852,1.28174,3.64826,-2.47808,-2.943,7.63173,-0.20171,1.10129,1.01502,1.31602,6.21656,4.4121,10.85683,2.88381,-3.85672,-5.27023,4.49008,1.07253,0.71854,-6.84201,1.04083,-0.99255,-0.22379,-5.60845,5.22245,-3.01591,-3.30087,-3.03099,-1.48272,0.88255,2.77805
23.1,-0.61798,0.07076,-0.73729,2.87749,0,0.53614,-2.77528,-2.03375,0.52399,0.35504,1.32111,3.75607,-0.8923,-2.91713,10.54466,0.40387,1.23662,1.29784,0.9081,5.98437,3.6762,9.84466,2.57523,-4.34123,-4.873,3.78895,0.78125,1.02826,-7.79115,1.42228,-0.31428,-0.24433,-6.07812,5.9045,-2.4206,-4.92964,-4.17526,-1.24664,0.6901,3.0812
23.12,-0.67463,0.06472,-0.66441,1.77843,0,0.27577,-2.62231,-1.64139,0.50844,-0.31374,1.28885,3.66449,0.60433,-2.75257,13.06921,1.06485,1.29781,1.54656,0.41138,5.41546,3.0552,8.67422,2.44586,-4.7985,-4.49314,2.96565,0.41072,1.37281,-8.92379,1.74612,0.47993,-0.27714,-6.43516,6.29367,-1.77874,-6.13423,-5.10284,-0.92828,0.52229,3.46966
23.14,-0.71806,0.05889,-0.56347,0.72069,0,0.00527,-2.32634,-1.2021,0.45824,-0.89744,1.19438,3.37947,1.95635,-2.45756,15.03602,1.74889,1.26351,1.74375,-0.14982,4.50494,2.57098,7.42984,2.4763,-5.10553,-4.10086,2.02951,-0.04563,1.74441,-10.17319,1.98468,1.35917,-0.32106,-6.65645,6.37871,-1.11606,-6.88814,-5.73367,-0.57162,0.38368,3.87145
23.16,-0.74866,0.05315,-0.43609,-0.24266,0,-0.25736,-1.89342,-0.73371,0.36193,-1.36809,1.05148,2.91696,3.11647,-2.04649,16.30762,2.41911,1.11861,1.87593,-0.74456,3.26315,2.23316,6.20208,2.63475,-5.13534,-3.66426,0.99473,-0.58969,2.13065,-11.44463,2.11532,2.28107,-0.37314,-6.71493,6.17109,-0.46016,-7.18948,-6.02296,-0.21556,0.27315,4.20364
23.18,-0.76694,0.04703,-0.28586,-1.0692,0,-0.49361,-1.33893,-0.25523,0.21303,-1.70204,0.87676,2.30262,4.04874,-1.54005,16.79081,3.03644,0.85663,1.93509,-1.33765,1.71778,2.03818,5.08032,2.87802,-4.77089,-3.15448,-0.11555,-1.2178,2.51419,-12.62047,2.12439,3.19229,-0.42882,-6.58182,5.70312,0.16062,-7.06196,-5.96371,0.11016,0.18499,4.38927
23.2,-0.77336,0.03984,-0.11831,-1.73063,0,-0.68574,-0.68707,0.2142,0.01117,-1.88208,0.68794,1.57114,4.73107,-0.96524,16.4461,3.56233,0.48154,1.9194,-1.89242,-0.08442,1.96939,4.14554,3.15301,-3.92062,-2.55103,-1.26627,-1.92011,2.8732,-13.56907,2.01029,4.03082,-0.48223,-6.23055,5.02454,0.71844,-6.55463,-5.58507,0.38739,0.11067,4.37252
23.22,-0.76837,0.03081,0.0594,-2.21468,0,-0.81826,0.03069,0.65631,-0.23753,-1.89937,0.50233,0.76497,5.15658,-0.35442,15.29212,3.96164,0.00865,1.83279,-2.37381,-2.0773,1.99858,3.46358,3.39875,-2.53489,-1.84663,-2.40966,-2.68017,3.18272,-14.15717,1.78471,4.73045,-0.52669,-5.64192,4.19764,1.18777,-5.7392,-4.94677,0.60984,0.04092,4.12889
23.24,-0.75242,0.01926,0.239,-2.52513,0,-0.87942,0.7779,1.05491,-0.52063,-1.75498,0.33527,-0.06807,5.33351,0.25645,13.40372,4.20552,-0.53548,1.68327,-2.75151,-4.17683,2.089,3.07932,3.54912,-0.6213,-1.05099,-3.48733,-3.47504,3.41692,-14.26519,1.47171,5.22742,-0.55542,-4.81004,3.2911,1.54742,-4.70421,-4.12977,0.78136,-0.03214,3.66836
23.26,-0.72609,0.00477,0.41179,-2.68029,0,-0.86279,1.5163,1.39708,-0.82028,-1.46088,0.1987,-0.87786,5.28394,0.83055,10.90478,4.27421,-1.11417,1.48024,-3.00307,-6.285,2.19951,3.01196,3.53664,1.74353,-0.19306,-4.43493,-4.27583,3.55216,-13.80402,1.1048,5.46852,-0.56228,-3.7481,2.37314,1.7829,-3.54677,-3.22461,0.91274,-0.11299,3.03199
23.28,-0.69025,-0.01268,0.56942,-2.71017,0,-0.7685,2.20905,1.6743,-1.11465,-1.04016,0.10001,-1.61572,5.04169,1.33352,7.95738,4.15942,-1.68244,1.2318,-3.1165,-8.29591,2.28931,3.25203,3.29737,4.40919,0.67895,-5.18885,-5.04884,3.57028,-12.73074,0.7228,5.41931,-0.54256,-2.49264,1.50507,1.88856,-2.36327,-2.31942,1.01781,-0.20137,2.28399
23.3,-0.64622,-0.03261,0.70461,-2.65269,0,-0.60391,2.82373,1.88326,-1.3799,-0.52632,0.04139,-2.23824,4.64965,1.73665,4.74897,3.86576,-2.18933,0.94253,-3.0917,-10.10382,2.32258,3.76076,2.77721,7.15826,1.50061,-5.69356,-5.75734,3.46144,-11.05952,0.36532,5.07016,-0.49367,-1.10477,0.73612,1.86904,-1.24075,-1.48958,1.10972,-0.29179,1.5013
23.32,-0.59579,-0.05404,0.81168,-2.54919,0,-0.38342,3.33442,2.02602,-1.59246,0.03891,0.01974,-2.71083,4.15639,2.01982,1.47797,3.41064,-2.58052,0.61265,-2.94038,-11.61265,2.27213,4.47237,1.93912,9.72777,2.19776,-5.90857,-6.3637,3.22573,-8.86409,0.06843,4.43857,-0.41541,0.33328,0.10044,1.73926,-0.25021,-0.79078,1.19805,-0.37439,0.7627
23.34,-0.54113,-0.07557,0.88684,-2.43927,0,-0.1271,3.72272,2.10948,-1.73157,0.60903,0.02727,-3.01076,3.61217,2.17361,-1.66172,2.82241,-2.80135,0.23853,-2.68396,-12.74652,2.12187,5.29949,0.77076,11.84549,2.6967,-5.81404,-6.83196,2.87323,-6.27015,-0.13904,3.56664,-0.31004,1.72685,-0.38376,1.52292,0.55779,-0.25578,1.28717,-0.43703,0.13851
23.36,-0.48462,-0.09553,0.92828,-2.35572,0,0.14155,3.97803,2.14423,-1.78183,1.13743,0.05272,-3.12954,3.06474,2.20061,-4.49644,2.13701,-2.80042,-0.18541,-2.35007,-13.46018,1.86796,6.141,-0.70856,13.2759,2.9363,-5.41478,-7.13072,2.42268,-3.43925,-0.23836,2.51465,-0.18196,2.98141,-0.71308,1.24975,1.15495,0.10527,1.37578,-0.46827,-0.31812
23.38,-0.42857,-0.11219,0.93612,-2.32011,0,0.39824,4.09723,2.14315,-1.73543,1.58214,0.08276,-3.07435,2.55546,2.1159,-6.88692,1.39394,-2.53401,-0.66391,-1.96841,-13.74786,1.51887,6.8911,-2.44318,13.86577,2.8799,-4.742,-7.23613,1.89927,-0.54822,-0.22273,1.35254,-0.03716,4.01626,-0.89647,0.95194,1.53494,0.30182,1.45755,-0.46054,-0.57747
23.4,-0.37505,-0.12398,0.91225,-2.34009,0,0.62066,4.0841,2.11977,-1.59364,1.90985,0.10359,-2.86802,2.11642,1.94642,-8.73876,0.63232,-1.97128,-1.19797,-1.56668,-13.64765,1.09452,7.448,-4.34074,13.57704,2.52355,-3.85229,-7.13442,1.33217,2.23147,-0.09782,0.15139,0.11733,4.77605,-0.95216,0.66071,1.71106,0.35842,1.52241,-0.41253,-0.63616
23.42,-0.32569,-0.12969,0.86007,-2.40882,0,0.79069,3.94846,2.08674,-1.36696,2.09828,0.10238,-2.54707,1.76897,1.72883,-10.00717,-0.11234,-1.10002,-1.78212,-1.16747,-13.23883,0.62434,7.72096,-6.27781,12.49616,1.8981,-2.82283,-6.8232,0.75194,4.75087,0.11917,-1.02351,0.27402,5.23708,-0.90425,0.40327,1.71204,0.30936,1.5582,-0.33016,-0.51605
23.44,-0.28162,-0.12858,0.78415,-2.50683,0,0.89607,3.70507,2.05427,-1.07377,2.1366,0.06843,-2.15758,1.52359,1.50601,-10.6955,-0.81063,0.06752,-2.4027,-0.78609,-12.63122,0.14443,7.63513,-8.11222,10.81577,1.06404,-1.74283,-6.31132,0.18822,6.89558,0.40193,-2.11732,0.42552,5.40736,-0.77958,0.20063,1.5764,0.19316,1.55249,-0.22572,-0.25918
23.46,-0.24345,-0.12052,0.68978,-2.60593,0,0.93131,3.37244,2.02895,-0.73795,2.02416,-0.00581,-1.74947,1.38112,1.32235,-10.8487,-1.4407,1.48957,-3.03705,-0.42972,-11.9481,-0.30621,7.13483,-9.70042,8.79356,0.10068,-0.7022,-5.61746,-0.33245,8.59245,0.71872,-3.08806,0.56498,5.32114,-0.60479,0.06622,1.34594,0.04743,1.4943,-0.11555,0.08027
23.48,-0.21133,-0.10594,0.58255,-2.67416,0,0.89796,2.9717,2.01291,-0.38586,1.76838,-0.12392,-1.37028,1.33467,1.21858,-10.54373,-1.98897,3.09151,-3.6541,-0.09774,-11.30627,-0.6899,6.18632,-10.91658,6.69943,-0.90734,0.22034,-4.76824,-0.78837,9.81148,1.03658,-3.9071,0.68653,5.03017,-0.40414,0.00533,1.05981,-0.09545,1.37577,-0.0169,0.44517
23.5,-0.18503,-0.08591,0.46804,-2.68084,0,0.8042,2.52561,2.00366,-0.04356,1.38237,-0.28486,-1.05943,1.37189,1.22688,-9.8785,-2.44986,4.76599,-4.21614,0.21699,-10.79714,-0.97463,4.78096,-11.66904,4.76456,-1.88229,0.96722,-3.79624,-1.16389,10.56315,1.32547,-4.55836,0.78555,4.59426,-0.19782,0.0154,0.74986,-0.2114,1.19339,0.05508,0.78375
23.52,-0.16404,-0.06194,0.35152,-2.60076,0,0.66373,2.0575,1.9946,0.26527,0.88285,-0.48242,-0.84408,1.47719,1.3669,-8.96057,-2.82473,6.37777,-4.68191,0.52577,-10.47167,-1.13807,2.93894,-11.91006,3.14314,-2.76146,1.50806,-2.73816,-1.45003,10.89161,1.56176,-5.03634,0.8588,4.07284,-0.00118,0.08707,0.43845,-0.28614,0.94872,0.08962,1.05541
23.54,-0.14767,-0.03589,0.23774,-2.41682,0,0.4939,1.59008,1.97618,0.52056,0.28873,-0.70498,-0.73687,1.63348,1.64308,-7.89606,-3.12003,7.77391,-5.01075,0.84117,-10.33109,-1.17107,0.71295,-11.63735,1.8928,-3.49972,1.84081,-1.63304,-1.64435,10.86411,1.73067,-5.34363,0.90441,3.51871,0.17542,0.20593,0.13866,-0.31507,0.64848,0.08144,1.23341
23.56,-0.13515,-0.00971,0.13073,-2.12132,0,0.31349,1.14412,1.93762,0.70624,-0.37969,-0.93557,-0.73558,1.8234,2.04339,-6.77975,-3.34498,8.79887,-5.16761,1.17368,-10.32395,-1.08033,-1.80918,-10.88821,0.97448,-4.06736,1.98852,-0.52062,-1.75052,10.55863,1.82763,-5.48818,0.92175,2.97408,0.32625,0.3548,-0.14338,-0.30187,0.30402,0.03069,1.30459
23.58,-0.12566,0.01477,0.03366,-1.71609,0,0.14032,0.7372,1.86888,0.81009,-1.10069,-1.15249,-0.82442,2.02992,2.53949,-5.68733,-3.50939,9.31237,-5.1281,1.52883,-10.34964,-0.88989,-4.5044,-9.7293,0.26842,-4.44494,1.99294,0.56018,-1.77739,10.05194,1.85846,-5.48094,0.91128,2.46891,0.44937,0.51603,-0.40516,-0.25619,-0.06958,-0.05778,1.26722
23.6,-0.1184,0.03606,-0.05116,-1.21186,0,-0.01076,0.38272,1.76247,0.82348,-1.85059,-1.3307,-0.97647,2.23634,3.08834,-4.67057,-3.62172,9.20728,-4.88275,1.90506,-10.26805,-0.64087,-7.21905,-8.24491,-0.39777,-4.61763,1.90637,1.57257,-1.73794,9.41025,1.83831,-5.33398,0.87439,2.02092,0.54577,0.67363,-0.64444,-0.19119,-0.45459,-0.1757,1.12802
23.62,-0.11262,0.05311,-0.12233,-0.62692,0,-0.12927,0.08926,1.61489,0.74098,-2.60272,-1.44397,-1.15723,2.42547,3.63531,-3.75583,-3.68775,8.42466,-4.43927,2.293,-9.91471,-0.38896,-9.77985,-6.52578,-1.21319,-4.57083,1.78294,2.48314,-1.64794,8.68376,1.78922,-5.0592,0.81325,1.63682,0.61841,0.81478,-0.85694,-0.12107,-0.83182,-0.31251,0.89916
23.64,-0.10765,0.06539,-0.17929,0.01474,0,-0.20976,-0.13964,1.42724,0.56034,-3.32634,-1.4681,-1.32879,2.57843,4.11875,-2.94585,-3.70991,6.96404,-3.82223,2.6762,-9.12046,-0.19942,-12.01153,-4.65958,-2.34422,-4.28816,1.67033,3.26304,-1.52444,7.90541,1.73644,-4.66741,0.73058,1.31418,0.67123,0.93069,-1.03561,-0.05901,-1.18189,-0.45658,0.59596
23.66,-0.10286,0.07287,-0.22221,0.68557,0,-0.25172,-0.30539,1.2052,0.28258,-3.98591,-1.38464,-1.45448,2.67327,4.47559,-2.22419,-3.68731,4.88824,-3.0703,3.03335,-7.73409,-0.14012,-13.7593,-2.72404,-3.89664,-3.75209,1.60265,3.88943,-1.38413,7.0936,1.704,-4.16813,0.62948,1.04377,0.70847,1.01678,-1.17133,-0.01561,-1.48653,-0.59614,0.23523
23.68,-0.09771,0.07597,-0.25193,1.35676,0,-0.25897,-0.41395,0.95855,-0.08766,-4.54129,-1.18502,-1.50364,2.68426,4.6476,-1.56145,-3.61652,2.32243,-2.23162,3.34122,-5.64497,-0.27366,-14.91147,-0.78311,-5.88594,-2.94686,1.59562,4.34686,-1.24184,6.25746,1.71035,-3.57012,0.51334,0.81219,0.73403,1.0725,-1.25484,0.00224,-1.7299,-0.72012,-0.16548
23.7,-0.0917,0.07543,-0.26982,2.00017,0,-0.2388,-0.47509,0.70024,-0.54161,-4.94908,-0.87289,-1.45599,2.58236,4.58722,-0.92235,-3.49284,-0.55328,-1.35786,3.57775,-2.80249,-0.64977,-15.41665,1.11343,-8.22268,-1.86258,1.6447,4.62838,-1.10935,5.40333,1.76514,-2.8826,0.38573,0.60456,0.75107,1.10066,-1.2791,-0.00814,-1.89974,-0.81893,-0.58812
23.72,-0.08442,0.0722,-0.27766,2.5899,0,-0.20081,-0.50139,0.44524,-1.06607,-5.16551,-0.46173,-1.30492,2.33727,4.26226,-0.27274,-3.31199,-3.51863,-0.49733,3.72457,0.77161,-1.29915,-15.29,2.92723,-10.71868,-0.49965,1.72713,4.73598,-0.99461,4.54055,1.86765,-2.11713,0.25039,0.40736,0.76183,1.10674,-1.24154,-0.04525,-1.98833,-0.88518,-1.01414
23.74,-0.07552,0.06734,-0.2775,3.10337,0,-0.15572,-0.50693,0.20913,-1.6433,-5.15072,0.03151,-1.05773,1.9212,3.65885,0.41424,-3.07166,-6.33518,0.31206,3.76865,4.97974,-2.22935,-14.60673,4.62607,-13.1152,1.12752,1.80757,4.68018,-0.90142,3.68552,2.00731,-1.28959,0.11124,0.21104,0.76756,1.09784,-1.14583,-0.10395,-1.99303,-0.91436,-1.42434
23.76,-0.06473,0.06185,-0.2715,3.52206,0,-0.1142,-0.50591,0.00652,-2.25131,-4.8742,0.59044,-0.72962,1.31386,2.7827,1.15307,-2.77314,-8.77348,1.04922,3.70305,9.65394,-3.42293,-13.48502,6.17741,-15.12831,2.98756,1.84651,4.47888,-0.82947,2.86342,2.166,-0.42194,-0.02764,0.01218,0.76866,1.08176,-1.0027,-0.17645,-1.91654,-0.90547,-1.79908
23.78,-0.05187,0.05661,-0.2618,3.83219,0,-0.08571,-0.51122,-0.15042,-2.86452,-4.32057,1.19756,-0.33479,0.50782,1.65905,1.9423,-2.42246,-10.64071,1.71397,3.52725,14.56821,-4.83762,-12.06373,7.54258,-16.50118,5.03027,1.80947,4.15601,-0.7749,2.1076,2.32142,0.45666,-0.16207,-0.18513,0.76493,1.06609,-0.83003,-0.25355,-1.76692,-0.86126,-2.11889
23.8,-0.03688,0.05223,-0.25046,4.02506,0,-0.07764,-0.5333,-0.25333,-3.45469,-3.49457,1.82917,0.11776,-0.48687,0.33131,2.76275,-2.03108,-11.8036,2.32705,3.24697,19.45561,-6.40842,-10.48074,8.67308,-17.05085,7.18571,1.67493,3.73991,-0.73106,1.45673,2.45077,1.31004,-0.28784,-0.36932,0.75593,1.0575,-0.65172,-0.326,-1.55725,-0.7881,-2.36567
23.82,-0.01983,0.04906,-0.23929,4.0973,0,-0.09464,-0.57941,-0.29849,-3.99227,-2.42391,2.44989,0.6221,-1.64007,-1.14174,3.57783,-1.61547,-12.20166,2.92476,2.87386,24.02856,-8.05147,-8.85622,9.51042,-16.69845,9.36455,1.43894,3.26163,-0.68962,0.94966,2.53384,2.09695,-0.40081,-0.52296,0.74137,1.06124,-0.49543,-0.38582,-1.30484,-0.69513,-2.52449
23.84,-0.0009,0.04714,-0.22993,4.0507,0,-0.13828,-0.65326,-0.28727,-4.44783,-1.15921,3.01067,1.17087,-2.9016,-2.69023,4.33605,-1.19567,-11.84873,3.54834,2.42462,28.00123,-9.66978,-7.28279,9.99012,-15.4774,11.4602,1.11568,2.75299,-0.64178,0.61853,2.55516,2.77492,-0.49709,-0.62617,0.72148,1.08086,-0.38921,-0.42749,-1.02986,-0.59262,-2.58583
23.86,0.01958,0.04626,-0.22371,3.89194,0,-0.20697,-0.75522,-0.22607,-4.79395,0.22893,3.45587,1.75022,-4.20409,-4.2386,4.97543,-0.79288,-10.82427,4.23001,1.92008,31.11333,-11.16062,-5.82278,10.04953,-13.52125,13.35305,0.73421,2.24463,-0.57958,0.48115,2.50508,3.30556,-0.57334,-0.66109,0.6974,1.11813,-0.35735,-0.44887,-0.75362,-0.48995,-2.54789
23.88,0.04123,0.04598,-0.22169,3.63213,0,-0.29619,-0.88269,-0.12584,-5.0072,1.65504,3.73705,2.33509,-5.468,-5.71171,5.4293,-0.42677,-9.25804,4.97936,1.38393,33.15332,-12.42397,-4.51104,9.63845,-11.03743,14.9174,0.33276,1.76427,-0.49705,0.53444,2.38013,3.66029,-0.627,-0.61659,0.67132,1.17318,-0.41641,-0.45185,-0.49669,-0.39362,-2.41859
23.9,0.06357,0.04571,-0.22466,3.28638,0,-0.39888,-1.03083,-0.00127,-5.07008,3.02548,3.82457,2.88845,-6.60806,-7.04031,5.63229,-0.11301,-7.31168,5.7739,0.84145,33.97786,-13.37107,-3.36132,8.73033,-8.27381,16.03058,-0.04792,1.33533,-0.39114,0.75115,2.18249,3.82496,-0.6566,-0.49177,0.64657,1.24473,-0.5722,-0.44248,-0.27715,-0.30591,-2.21617
23.92,0.08613,0.0448,-0.23308,2.87292,0,-0.50615,-1.19336,0.13049,-4.97241,4.24611,3.71298,3.36827,-7.54053,-8.16562,5.52602,0.13841,-5.15996,6.55737,0.31799,33.52374,-13.93188,-2.37384,7.33197,-5.48387,16.58403,-0.37087,0.97614,-0.26207,1.08135,1.919,3.80204,-0.66186,-0.29735,0.62733,1.33051,-0.81858,-0.43048,-0.10916,-0.22455,-1.96801
23.94,0.10851,0.04262,-0.24709,2.41185,0,-0.60816,-1.3633,0.2514,-4.71199,5.23059,3.42322,3.73839,-8.19064,-9.04234,5.0638,0.32398,-2.97315,7.24666,-0.16292,31.81054,-14.06076,-1.54266,5.48999,-2.89418,16.49533,-0.60806,0.69957,-0.11315,1.45939,1.59956,3.60993,-0.64378,-0.05443,0.61811,1.42756,-1.13826,-0.4281,-0.00204,-0.14373,-1.70708
23.96,0.13039,0.03865,-0.26642,1.92364,0,-0.69515,-1.53383,0.34434,-4.29463,5.90878,3.00109,3.9751,-8.49996,-9.64054,4.2145,0.44648,-0.90178,7.74627,-0.58157,28.93572,-13.74041,-0.86142,3.29306,-0.67745,15.72043,-0.74401,0.51303,0.04982,1.81492,1.23528,3.27964,-0.60449,0.20897,0.62291,1.53264,-1.50547,-0.44846,0.0403,-0.056,-1.46687
23.98,0.15164,0.03257,-0.29041,1.42759,0,-0.75845,-1.69892,0.39486,-3.73369,6.23427,2.50762,4.06786,-8.43302,-9.94666,2.96576,0.51418,0.93482,7.96641,-0.92393,25.06467,-12.98392,-0.32723,0.86975,1.06593,14.26432,-0.77749,0.41869,0.2195,2.08549,0.83693,2.85009,-0.5471,0.46262,0.64432,1.64257,-1.88967,-0.50352,0.01957,0.0453,-1.2758
24,0.17228,0.0243,-0.31791,0.94067,0,-0.79138,-1.85377,0.39262,-3.04935,6.18972,2.00186,4.01783,-7.98196,-9.96363,1.32654,0.53964,2.45514,7.84012,-1.1831,20.41791,-11.83442,0.05803,-1.61874,2.31462,12.18716,-0.72134,0.41383,0.3879,2.22746,0.41382,2.36304,-0.47552,0.67874,0.68254,1.75439,-2.25931,-0.6022,-0.05716,0.16386,-1.15251
24.02,0.1925,0.01406,-0.34734,0.47687,0,-0.78975,-1.99491,0.3322,-2.26727,5.78852,1.52719,3.83571,-7.16814,-9.70964,-0.67133,0.53815,3.61649,7.33509,-1.35977,15.25536,-10.36116,0.28902,-3.99174,3.11944,9.60297,-0.59999,0.49129,0.54713,2.2226,-0.02642,1.85847,-0.39415,0.83566,0.73475,1.86538,-2.58507,-0.74872,-0.17795,0.299,-1.10319
24.04,0.21247,0.0023,-0.3767,0.04697,0,-0.75202,-2.11988,0.21328,-1.41661,5.07244,1.10811,3.53917,-6.03983,-9.21556,-2.97303,0.52617,4.4107,6.45804,-1.46171,9.85762,-8.65184,0.36064,-6.06778,3.58322,6.66933,-0.44511,0.63983,0.68986,2.07908,-0.47728,1.37103,-0.30762,0.91993,0.79456,1.97277,-2.84207,-0.9414,-0.32694,0.44525,-1.1213
24.06,0.23229,-0.01028,-0.40362,-0.34121,0,-0.67912,-2.22669,0.04006,-0.52782,4.10577,0.75348,3.15009,-4.66695,-8.5214,-5.50172,0.51973,4.85602,5.25208,-1.50244,4.50555,-6.80217,0.27329,-7.68692,3.83179,3.57001,-0.2899,0.84467,0.80964,1.8273,-0.93224,0.9275,-0.22041,0.92692,0.85192,2.07332,-3.01129,-1.1721,-0.48554,0.59314,-1.18972
24.08,0.2518,-0.02281,-0.42548,-0.68238,0,-0.57398,-2.31323,-0.17953,0.36966,2.96757,0.46069,2.69198,-3.13393,-7.67282,-8.1606,0.533,4.98763,3.78931,-1.49934,-0.53963,-4.90508,0.03804,-8.73247,3.98296,0.49421,-0.16326,1.088,0.901,1.51233,-1.38352,0.54549,-0.13659,0.86014,0.89348,2.16287,-3.08044,-1.42638,-0.63381,0.73066,-1.28443
24.1,0.27047,-0.03435,-0.43958,-0.97312,0,-0.44111,-2.37679,-0.43489,1.24906,1.74358,0.21921,2.18802,-1.53213,-6.71783,-10.83555,0.57719,4.84893,2.16123,-1.47147,-5.05332,-3.04179,-0.32003,-9.14746,4.12128,-2.38316,-0.0852,1.34972,0.95956,1.18515,-1.82096,0.23318,-0.05954,0.72987,0.90333,2.2361,-3.04472,-1.68435,-0.75176,0.8452,-1.37901
24.12,0.28744,-0.04396,-0.44329,-1.21128,0,-0.28612,-2.41392,-0.71376,2.08708,0.51862,0.01363,1.65966,0.04737,-5.70422,-13.39838,0.65975,4.48532,0.46859,-1.4375,-8.85989,-1.27625,-0.76179,-8.94106,4.28469,-4.91678,-0.06439,1.60844,0.98206,0.89421,-2.23159,-0.00982,0.0082,0.55133,0.86438,2.28631,-2.90755,-1.92244,-0.82062,0.9256,-1.44904
24.14,0.3015,-0.05074,-0.43423,-1.39538,0,-0.11521,-2.42038,-1.0031,2.86394,-0.62984,-0.17382,1.1258,1.52033,-4.67718,-15.7111,0.784,3.94089,-1.18801,-1.41359,-11.84028,0.34662,-1.23798,-8.1836,4.46555,-7.00033,-0.09827,1.8427,0.96653,0.67852,-2.60004,-0.19083,0.06497,0.34257,0.7602,2.30557,-2.68115,-2.11587,-0.8239,0.96398,-1.47588
24.16,0.31127,-0.05394,-0.41045,-1.52431,0,0.06519,-2.39158,-1.28987,3.56275,-1.63681,-0.36118,0.60246,2.81494,-3.6775,-17.6319,0.94916,3.25803,-2.71639,-1.4117,-13.93539,1.79935,-1.69606,-6.99184,4.62391,-8.57039,-0.17551,2.03256,0.91239,0.56282,-2.90975,-0.32188,0.10998,0.12241,0.57715,2.28501,-2.38709,-2.24184,-0.74829,0.9572,-1.44953
24.18,0.31537,-0.05302,-0.37059,-1.59708,0,0.24872,-2.32316,-1.56161,4.16875,-2.45341,-0.56473,0.10286,3.87617,-2.74032,-19.0232,1.15058,2.47876,-4.03943,-1.43822,-15.14582,3.06829,-2.08854,-5.50908,4.70762,-9.60588,-0.27962,2.1612,0.82071,0.55494,-3.14485,-0.41732,0.14328,-0.09148,0.30686,2.21543,-2.05629,-2.28302,-0.58441,0.90789,-1.37032
24.2,0.31265,-0.04772,-0.31408,-1.61288,0,0.42917,-2.21188,-1.80685,4.66873,-3.04881,-0.797,-0.36225,4.66837,-1.89453,-19.76167,1.38025,1.64632,-5.09964,-1.49322,-15.52788,4.1491,-2.38024,-3.88479,4.67234,-10.12408,-0.39291,2.21648,0.69445,0.64557,-3.29222,-0.49148,0.16564,-0.28405,-0.05171,2.08814,-1.72814,-2.23076,-0.32727,0.82459,-1.24904
24.22,0.30238,-0.03811,-0.2412,-1.57113,0,0.60056,-2.05633,-2.01521,5.05063,-3.41018,-1.06474,-0.78401,5.1757,-1.16272,-19.7494,1.62739,0.80569,-5.8615,-1.57045,-15.18516,5.04258,-2.55265,-2.25764,4.49568,-10.17393,-0.49961,2.192,0.53862,0.81054,-3.34337,-0.55675,0.17844,-0.44389,-0.49054,1.8958,-1.44804,-2.08752,0.02348,0.72094,-1.10536
24.24,0.28436,-0.02463,-0.15309,-1.47154,0,0.75696,-1.85763,-2.17739,5.30375,-3.54091,-1.36649,-1.15502,5.40045,-0.56141,-18.92539,1.87917,0.00224,-6.31147,-1.65797,-14.25573,5.75151,-2.60457,-0.74347,4.18234,-9.82718,-0.58781,2.08759,0.36019,1.01524,-3.29578,-0.62222,0.18355,-0.5637,-0.99189,1.63334,-1.2633,-1.86809,0.46366,0.61385,-0.96452
24.26,0.25905,-0.00812,-0.05166,-1.31436,0,0.89237,-1.61975,-2.28496,5.41941,-3.45761,-1.68987,-1.46894,5.35983,-0.10138,-17.27643,2.12164,-0.72145,-6.45641,-1.73958,-12.8966,6.27897,-2.5494,0.57119,3.76075,-9.16879,-0.65022,1.90921,0.16797,1.22052,-3.15364,-0.69286,0.1832,-0.64033,-1.52848,1.29866,-1.21763,-1.59942,0.9849,0.52089,-0.85276
24.28,0.22751,0.01024,0.06052,-1.10054,0,1.00065,-1.34969,-2.3304,5.39212,-3.18663,-2.01025,-1.72026,5.08209,0.21192,-14.84623,2.34076,-1.32956,-6.32093,-1.79673,-11.26791,6.62788,-2.41039,1.6312,3.27415,-8.28775,-0.68392,1.66842,-0.02783,1.38903,-2.92807,-0.76933,0.17979,-0.67452,-2.06488,0.8934,-1.34508,-1.31917,1.57491,0.45743,-0.79235
24.3,0.19139,0.02893,0.18037,-0.83215,0,1.07565,-1.05725,-2.30726,5.22093,-2.76086,-2.29454,-1.9042,4.60274,0.37801,-11.73971,2.52355,-1.79659,-5.9442,-1.81086,-9.51916,6.8016,-2.21537,2.4113,2.76976,-7.26956,-0.68959,1.3814,-0.21612,1.49055,-2.63665,-0.84825,0.17566,-0.67038,-2.55992,0.42345,-1.66442,-1.07267,2.21753,0.43408,-0.79737
24.32,0.15277,0.04622,0.30446,-0.51272,0,1.11148,-0.75446,-2.21056,4.9103,-2.21698,-2.51061,-2.01679,3.96122,0.40106,-8.11976,2.65933,-2.10942,-5.37602,-1.76579,-7.77883,6.80471,-1.99213,2.91227,2.28921,-6.19061,-0.67042,1.06753,-0.38555,1.50539,-2.30206,-0.92309,0.17284,-0.63473,-2.97032,-0.10088,-2.17502,-0.90833,2.89242,0.455,-0.87097
24.34,0.11389,0.06033,0.42918,-0.14754,0,1.10299,-0.45431,-2.0374,4.47056,-1.59338,-2.63523,-2.05489,3.19801,0.28957,-4.19469,2.74078,-2.26747,-4.67233,-1.65011,-6.14772,6.64377,-1.76511,3.15534,1.86196,-5.11453,-0.63111,0.7475,-0.52541,1.42538,-1.94975,-0.98539,0.1727,-0.57629,-3.25525,-0.66505,-2.85473,-0.87152,3.57459,0.5172,-1.00456
24.36,0.07683,0.06962,0.55092,0.25615,0,1.04642,-0.16932,-1.78772,3.91751,-0.9286,-2.6559,-2.01642,2.35244,0.05616,-0.19814,2.76499,-2.28102,-3.89047,-1.4592,-4.696,6.32794,-1.55346,3.17617,1.50235,-4.09042,-0.57692,0.44109,-0.62655,1.25273,-1.60501,-1.02635,0.17565,-0.50471,-3.38161,-1.25103,-3.65994,-0.99733,4.23399,0.61096,-1.17904
24.38,0.04322,0.07279,0.66628,0.68908,0,0.94014,0.09025,-1.46511,3.27193,-0.26018,-2.56923,-1.90076,1.46124,-0.28255,3.63476,2.73424,-2.16859,-3.08476,-1.19663,-3.46354,5.86974,-1.37036,3.01891,1.20986,-3.15266,-0.51292,0.16503,-0.68233,0.9975,-1.28981,-1.03836,0.18093,-0.4297,-3.32931,-1.83833,-4.5279,-1.30343,4.83568,0.72112,-1.36764
24.4,0.01398,0.0691,0.77219,1.14008,0,0.78528,0.31775,-1.07755,2.55864,0.37632,-2.37891,-1.70928,0.55772,-0.70614,7.09029,2.65638,-1.95406,-2.30275,-0.87469,-2.46294,5.28575,-1.22308,2.73115,0.9718,-2.32198,-0.44363,-0.06879,-0.68948,0.6748,-1.02014,-1.01649,0.18659,-0.36012,-3.09542,-2.40522,-5.38098,-1.784,5.34111,0.82896,-1.54003
24.42,-0.01082,0.05843,0.86603,1.59642,0,0.58604,0.51115,-0.63769,1.80531,0.94846,-2.09419,-1.44591,-0.32865,-1.19068,9.99445,2.54444,-1.66396,-1.58263,-0.51337,-1.68475,4.59707,-1.11345,2.35982,0.76761,-1.60758,-0.3727,-0.25444,-0.64856,0.30202,-0.80426,-0.95926,0.18982,-0.30318,-2.69624,-2.92994,-6.13278,-2.40618,5.71042,0.91459,-1.66708
24.44,-0.03197,0.04134,0.94569,2.04448,0,0.34962,0.67328,-0.16263,1.04092,1.42836,-1.72861,-1.11762,-1.17231,-1.70925,12.22522,2.41534,-1.32539,-0.95152,-0.13797,-1.10403,3.82935,-1.03844,1.94822,0.5741,-1.00948,-0.30299,-0.39223,-0.56406,-0.10322,-0.64192,-0.86898,0.18748,-0.2638,-2.16677,-3.39197,-6.69602,-3.1096,5.90619,0.95948,-1.72588
24.46,-0.05092,0.01902,1.00954,2.47066,0,0.0858,0.81158,0.32693,0.29376,1.7945,-1.29892,-0.73484,-1.95161,-2.23278,13.7187,2.28798,-0.96443,-0.42478,0.22455,-0.68747,3.01229,-0.99068,1.53397,0.37072,-0.52125,-0.23661,-0.48827,-0.44411,-0.52453,-0.52479,-0.75136,0.1769,-0.2441,-1.55759,-3.77331,-6.99144,-3.80946,5.89785,0.94903,-1.70421
24.48,-0.06961,-0.00682,1.05644,2.86262,0,-0.19377,0.93722,0.80789,-0.41037,2.03366,-0.82425,-0.3116,-2.64857,-2.73104,14.47023,2.18095,-0.60504,-0.00631,0.54957,-0.40021,2.17894,-0.9591,1.14787,0.14417,-0.13246,-0.17516,-0.55342,-0.29987,-0.94754,-0.43776,-0.61481,0.15667,-0.24314,-0.9299,-4.05969,-6.95705,-4.40284,5.66641,0.87471,-1.60347
24.5,-0.09012,-0.03411,1.08579,3.2104,0,-0.47637,1.06382,1.25625,-1.04982,2.14243,-0.32533,0.13443,-3.24829,-3.17377,14.53085,2.11038,-0.26826,0.31022,0.81836,-0.21145,1.36479,-0.92966,0.81346,-0.10852,0.16905,-0.11991,-0.60178,-0.14464,-1.36038,-0.36106,-0.46946,0.12715,-0.25704,-0.34933,-4.24155,-6.55611,-4.77806,5.20799,0.73551,-1.43901
24.52,-0.1144,-0.06062,1.09747,3.50739,0,-0.74897,1.20578,1.64861,-1.60806,2.12793,0.17631,0.58241,-3.73793,-3.53169,13.99902,2.08808,0.02861,0.53921,1.02043,-0.09811,0.60656,-0.88639,0.54709,-0.37915,0.39542,-0.07186,-0.6488,0.00716,-1.7538,-0.27305,-0.32606,0.09068,-0.27958,0.12099,-4.31443,-5.78238,-4.82661,4.53517,0.5382,-1.23698
24.54,-0.14387,-0.0841,1.09185,3.75088,0,-0.99907,1.37627,1.96379,-2.07413,2.00748,0.65938,1.0093,-4.10527,-3.77756,13.00801,2.12023,0.2729,0.7001,1.1543,-0.04621,-0.05945,-0.81266,0.35832,-0.64989,0.5575,-0.0318,-0.70916,0.14134,-2.1212,-0.15338,-0.19482,0.05115,-0.30323,0.42766,-4.27888,-4.66172,-4.4569,3.67554,0.29629,-1.02762
24.56,-0.17921,-0.10258,1.06971,3.94232,0,-1.21533,1.58519,2.18431,-2.44257,1.8071,1.10396,1.39128,-4.33736,-3.88713,11.71059,2.20649,0.4577,0.81403,1.22676,-0.0501,-0.59935,-0.69282,0.25051,-0.89691,0.66418,-0.00016,-0.79462,0.24526,-2.45861,0.01371,-0.08433,0.0133,-0.32046,0.53384,-4.13974,-3.25033,-3.60857,2.66796,0.02795,-0.83659
24.58,-0.22013,-0.11449,1.03223,4.08711,0,-1.38835,1.83735,2.29787,-2.71282,1.55926,1.49271,1.7056,-4.41981,-3.84029,10.26331,2.33975,0.58307,0.90067,1.25094,-0.11016,-0.98378,-0.51409,0.22156,-1.09497,0.72223,0.02319,-0.91218,0.30914,-2.76448,0.23645,-0.00058,-0.01826,-0.3252,0.42481,-3.90552,-1.63011,-2.26512,1.55786,-0.24668,-0.67664
24.6,-0.26529,-0.11885,0.98099,4.19398,0,-1.51105,2.13108,2.29836,-2.88836,1.29987,1.81174,1.93236,-4.33721,-3.62223,8.8125,2.50626,0.65695,0.97582,1.24356,-0.22945,-1.18983,-0.26849,0.26479,-1.22199,0.73648,0.03903,-1.06276,0.32701,-3.03934,0.51348,0.05367,-0.03994,-0.31401,0.11105,-3.58767,0.09796,-0.4621,0.39279,-0.50809,-0.54265
24.62,-0.31233,-0.11534,0.91795,4.27368,0,-1.57897,2.45776,2.18629,-2.97525,1.0647,2.05105,2.05633,-4.07484,-3.22447,7.48322,2.68632,0.69569,1.05026,1.2217,-0.4099,-1.20238,0.04538,0.36994,-1.26255,0.71032,0.04896,-1.24076,0.29722,-3.28486,0.83321,0.07911,-0.04976,-0.28678,-0.37221,-3.20007,1.82249,1.71185,-0.78081,-0.73968,-0.41214
24.64,-0.35812,-0.10434,0.84542,4.33697,0,-1.59022,2.80211,1.96843,-2.98039,0.88537,2.20433,2.06823,-3.62176,-2.64549,6.37141,2.8553,0.72365,1.12996,1.19929,-0.64864,-1.01491,0.42096,0.52447,-1.20987,0.64644,0.05541,-1.43456,0.22236,-3.5025,1.17463,0.07967,-0.04759,-0.24683,-0.96918,-2.75848,3.43179,4.12227,-1.91935,-0.92921,-0.25188
24.66,-0.39908,-0.0868,0.76592,4.39219,0,-1.54522,3.14349,1.65688,-2.90969,0.78521,2.26844,1.96587,-2.97491,-1.89122,5.53933,2.98515,0.77176,1.21726,1.18403,-0.93475,-0.62969,0.84287,0.71476,-1.06623,0.54755,0.06149,-1.62785,0.10863,-3.69202,1.50957,0.06191,-0.03501,-0.20037,-1.61092,-2.27996,4.82488,6.60326,-2.98266,-1.0696,-0.02897
24.68,-0.43159,-0.06419,0.68212,4.44316,0,-1.44645,3.45776,1.26784,-2.76657,0.77571,2.2428,1.75466,-2.14351,-0.97534,5.01406,3.04636,0.87478,1.31235,1.17489,-1.2471,-0.0577,1.28706,0.92748,-0.84224,0.41716,0.0709,-1.80151,-0.03493,-3.85008,1.80586,0.03426,-0.01492,-0.15552,-2.22427,-1.78249,5.92174,8.97601,-3.93395,-1.15903,0.277
24.7,-0.45247,-0.03833,0.59669,4.48766,0,-1.29819,3.71961,0.82031,-2.55127,0.85427,2.12879,1.44775,-1.15281,0.08059,4.7887,3.01024,1.06692,1.41443,1.1613,-1.5537,0.68168,1.72192,1.15062,-0.55531,0.26004,0.08766,-1.93561,-0.19746,-3.96953,2.03058,0.00608,0.00899,-0.12113,-2.74059,-1.28448,6.67111,11.06756,-4.7397,-1.20036,0.66467
24.72,-0.45925,-0.01129,0.51225,4.51706,0,-1.10633,3.90481,0.3348,-2.2611,1.00386,1.92949,1.06523,-0.04608,1.24736,4.82606,2.85139,1.37588,1.52175,1.12396,-1.81309,1.56121,2.11091,1.37426,-0.22765,0.08239,0.11585,-2.01136,-0.36708,-4.03954,2.15312,-0.01316,0.03269,-0.10539,-3.10276,-0.80422,7.05403,12.72681,-5.37015,-1.20003,1.10782
24.74,-0.45046,0.01483,0.43115,4.51701,0,-0.87815,3.9924,-0.16784,-1.89161,1.19481,1.64957,0.63247,1.1161,2.48877,5.06446,2.5502,1.81568,1.63047,1.03787,-1.97781,2.54662,2.41644,1.59088,0.11604,-0.10843,0.15935,-2.01251,-0.53172,-4.04656,2.14759,-0.01464,0.05228,-0.11459,-3.26973,-0.35897,7.08259,13.83608,-5.80052,-1.16637,1.55995
24.76,-0.42572,0.03797,0.35533,4.46934,0,-0.62212,3.96655,-0.66753,-1.43867,1.38859,1.29545,0.17782,2.25938,3.76304,5.42522,2.0952,2.37962,1.73288,0.87669,-1.99964,3.59772,2.60475,1.79545,0.45091,-0.30453,0.22149,-1.92663,-0.67973,-3.97619,1.99468,0.00913,0.06435,-0.1519,-3.21873,0.03613,6.79483,14.31832,-6.01304,-1.10779,1.965
24.78,-0.38577,0.05633,0.28618,4.35472,0,-0.34776,3.81817,-1.14585,-0.90094,1.54269,0.87583,-0.27003,3.30173,5.02448,5.82132,1.48523,3.03522,1.81574,0.61804,-1.8357,4.6697,2.65082,1.98525,0.75412,-0.49825,0.30471,-1.74594,-0.80046,-3.81571,1.68303,0.0638,0.06623,-0.21645,-2.9454,0.36923,6.24731,14.14077,-5.99937,-1.03105,2.27113
24.8,-0.33244,0.06847,0.2244,4.15579,0,-0.06547,3.54613,-1.58665,-0.28239,1.61594,0.40226,-0.68442,4.16181,6.2254,6.1665,0.73082,3.72342,1.85997,0.24834,-1.45444,5.71448,2.54229,2.15955,1.00647,-0.68284,0.41028,-1.46804,-0.88477,-3.55668,1.21031,0.15262,0.05615,-0.30296,-2.46255,0.63275,5.50709,13.3152,-5.76273,-0.9402,2.44306
24.82,-0.2685,0.0734,0.17008,3.85999,0,0.21369,3.15753,-1.97638,0.40579,1.57346,-0.11032,-1.04252,4.76882,7.31799,6.38413,-0.14545,4.36384,1.84228,-0.23348,-0.84034,6.68206,2.2812,2.31926,1.19333,-0.85279,0.53797,-1.0962,-0.92552,-3.19724,0.58372,0.27616,0.03345,-0.40183,-1.79765,0.82392,4.64416,11.89462,-5.31861,-0.83628,2.46966
24.84,-0.19742,0.07069,0.12268,3.46188,0,0.47836,2.6671,-2.30404,1.14426,1.39067,-0.64323,-1.32646,5.07314,8.25615,6.41513,-1.11001,4.86626,1.73921,-0.81418,0.00319,7.52188,1.88327,2.46633,1.30491,-1.00389,0.68577,-0.63938,-0.91792,-2.74355,-0.17992,0.43198,-0.00145,-0.49997,-0.98919,0.94491,3.72492,9.96642,-4.69383,-0.71794,2.3649
24.86,-0.12312,0.06048,0.08123,2.96472,0,0.7174,2.09583,-2.56104,1.9056,1.05631,-1.17421,-1.52393,5.05623,8.99753,6.2244,-2.12059,5.1466,1.53256,-1.46637,1.05286,8.18448,1.37501,2.60324,1.33594,-1.13285,0.84971,-0.11191,-0.86002,-2.21043,-1.05451,0.61457,-0.04702,-0.58225,-0.08263,1.00245,2.80708,7.64314,-3.92413,-0.5828,2.16287
24.88,-0.04965,0.04353,0.04449,2.38127,0,0.92052,1.46917,-2.74102,2.65545,0.57431,-1.67795,-1.62828,4.73758,9.50587,5.80486,-3.12932,5.14364,1.21531,-2.15023,2.26608,8.62379,0.78964,2.73255,1.28525,-1.23685,1.02368,0.46702,-0.75302,-1.62109,-2.00543,0.81546,-0.10067,-0.6332,0.87379,1.00714,1.93626,5.05262,-3.05107,-0.42908,1.90901
24.9,0.01906,0.02114,0.01115,1.7338,0,1.07886,0.8152,-2.83977,3.35441,-0.03573,-2.12714,-1.63842,4.17584,9.7535,5.17778,-4.086,4.83199,0.79591,-2.8166,3.58306,8.79981,0.1628,2.85655,1.1554,-1.31302,1.1994,1.07396,-0.60162,-1.00597,-2.99039,1.02361,-0.15896,-0.639,1.83243,0.97246,1.14455,2.32897,-2.11893,-0.2572,1.65039
24.92,0.07944,-0.00488,-0.02,1.05296,0,1.18558,0.16299,-2.85509,3.96077,-0.73959,-2.49408,-1.5586,3.46187,9.72346,4.38829,-4.94117,4.22726,0.29963,-3.41119,4.93002,8.68143,-0.47103,2.97697,0.95246,-1.35792,1.36645,1.68198,-0.41411,-0.40062,-3.96071,1.22603,-0.21783,-0.58919,2.7487,0.9136,0.45076,-0.39509,-1.17203,-0.07074,1.42731
24.94,0.12839,-0.03238,-0.04991,0.37532,0,1.23623,-0.45904,-2.78682,4.43373,-1.49129,-2.75277,-1.39793,2.70334,9.41104,3.49593,-5.64886,3.38189,-0.23373,-3.87954,6.22389,8.24922,-1.08117,3.09457,0.68616,-1.36732,1.51249,2.26164,-0.20214,0.15756,-4.86284,1.40879,-0.27297,-0.47823,3.58252,0.84599,-0.13769,-2.9943,-0.25262,0.12339,1.26756
24.96,0.16342,-0.05904,-0.07917,-0.26005,0,1.22909,-1.02454,-2.63678,4.73713,-2.23734,-2.88147,-1.1698,2.00374,8.82474,2.56223,-6.16914,2.37326,-0.75542,-4.17262,7.37806,7.49804,-1.6423,3.20883,0.37002,-1.33612,1.62376,2.78228,0.01975,0.63337,-5.64068,1.55829,-0.32024,-0.30655,4.29897,0.78381,-0.62189,-5.35582,0.60076,0.31547,1.18353
24.98,0.18263,-0.08256,-0.10799,-0.81557,0,1.16545,-1.51049,-2.40896,4.84324,-2.92177,-2.8654,-0.89131,1.44126,7.9869,1.63851,-6.47059,1.28805,-1.21513,-4.25248,8.30904,6.43951,-2.13505,3.31756,0.0215,-1.25876,1.68593,3.21358,0.23489,0.99793,-6.23826,1.66245,-0.35611,-0.0813,4.86851,0.73855,-1.00811,-7.38305,1.35447,0.49412,1.17212
25,0.18483,-0.10088,-0.13614,-1.25907,0,1.04967,-1.89823,-2.10981,4.73606,-3.49139,-2.69908,-0.58239,1.0536,6.93361,0.75772,-6.53267,0.20748,-1.56837,-4.09724,8.94321,5.10375,-2.54577,3.41636,-0.33825,-1.13001,1.68541,3.5273,0.42549,1.23219,-6.60302,1.71184,-0.37797,0.18353,5.26705,0.71791,-1.30451,-8.99819,1.98048,0.64754,1.2166
25.02,0.16951,-0.11231,-0.16301,-1.567,0,0.88916,-2.17415,-1.74835,4.41333,-3.90035,-2.38785,-0.26474,0.83378,5.71341,-0.06697,-6.34766,-0.8029,-1.78249,-3.70444,9.22296,3.53957,-2.86567,3.498,-0.68541,-0.9462,1.61102,3.69906,0.57382,1.32919,-6.68906,1.70024,-0.38426,0.46773,5.47586,0.72507,-1.51847,-10.14354,2.45688,0.7647,1.29002
25.04,0.13681,-0.11563,-0.18773,-1.72686,0,0.69403,-2.33003,-1.33619,3.887,-4.11398,-1.94813,0.03965,0.73854,4.38429,-0.83602,-5.92187,-1.69731,-1.84048,-3.09245,9.11165,1.81264,-3.08937,3.55164,-0.99523,-0.70667,1.45591,3.71004,0.66357,1.29456,-6.46046,1.62469,-0.37441,0.74624,5.48158,0.75859,-1.65485,-10.78175,2.76815,0.8364,1.35959
25.06,0.08754,-0.1102,-0.20923,-1.73854,0,0.47652,-2.36324,-0.88718,3.18224,-4.1115,-1.40653,0.31016,0.70695,3.00951,-1.55185,-5.27621,-2.44826,-1.74234,-2.29957,8.59729,0.00164,-3.2135,3.56213,-1.24444,-0.41527,1.21948,3.54861,0.68141,1.14552,-5.89454,1.48509,-0.34861,0.99129,5.27645,0.81273,-1.71506,-10.89562,2.9055,0.85603,1.3916
25.08,0.02312,-0.09594,-0.22642,-1.61478,0,0.25023,-2.27678,-0.41704,2.33558,-3.88784,-0.79806,0.5293,0.68339,1.65281,-2.20512,-4.44583,-3.04178,-1.5044,-1.38135,7.69485,-1.80683,-3.23549,3.51013,-1.41394,-0.08156,0.90888,3.21196,0.61847,0.90852,-4.9851,1.28378,-0.30757,1.17513,4.85908,0.87826,-1.69728,-10.48827,2.86734,0.82012,1.35625
25.1,-0.05441,-0.0734,-0.23835,-1.38047,0,0.02927,-2.0793,0.05728,1.39247,-3.45419,-0.16355,0.68401,0.63816,0.37409,-2.76377,-3.47879,-3.47196,-1.15692,-0.40601,6.44633,-3.52393,-3.15304,3.37319,-1.49096,0.2787,0.53955,2.70726,0.4717,0.61594,-3.74521,1.0252,-0.25229,1.27306,4.23558,0.94359,-1.59745,-9.58351,2.65978,0.72877,1.23169
25.12,-0.14242,-0.04373,-0.24437,-1.07058,0,-0.17274,-1.78477,0.51834,0.40441,-2.83683,0.45356,0.76644,0.57965,-0.77421,-3.16843,-2.43286,-3.73711,-0.74017,0.55213,4.91793,-5.06435,-2.96431,3.12812,-1.47038,0.64429,0.13427,2.05225,0.24468,0.30194,-2.20885,0.71591,-0.18408,1.26634,3.42077,0.99622,-1.41085,-8.22618,2.297,0.58579,1.00691
25.14,-0.23776,-0.00867,-0.24419,-0.7268,0,-0.34367,-1.4119,0.94916,-0.57444,-2.07427,1.01104,0.77388,0.55549,-1.74959,-3.33617,-1.37047,-3.83853,-0.29923,1.42071,3.19372,-6.35204,-2.66865,2.7546,-1.3548,0.99041,-0.27944,1.27467,-0.0521,-0.00208,-0.43086,0.36486,-0.10464,1.14498,2.43912,1.02422,-1.13422,-6.48173,1.80115,0.39863,0.68289
25.16,-0.33685,0.0295,-0.23801,-0.39318,0,-0.47401,-0.98321,1.33437,-1.49089,-1.21309,1.47189,0.70827,0.64329,-2.52123,-3.17158,-0.35232,-3.78186,0.12174,2.13829,1.36671,-7.32569,-2.26797,2.2395,-1.15359,1.29169,-0.67316,0.41089,-0.40166,-0.27201,1.51482,-0.01612,-0.0163,0.90993,1.32517,1.0179,-0.76795,-4.4351,1.20192,0.17804,0.27245
25.18,-0.43583,0.06811,-0.22656,-0.11149,0,-0.55769,-0.52386,1.66131,-2.29639,-0.30321,1.80817,0.57528,0.93475,-3.07083,-2.58262,0.56924,-3.57986,0.48512,2.66245,-0.47087,-7.9437,-1.76809,1.58124,-0.88126,1.52561,-1.02175,-0.49628,-0.78139,-0.49473,3.53844,-0.412,0.07775,0.57445,0.12335,0.97113,-0.3181,-2.18864,0.53562,-0.06247,-0.20121
25.2,-0.53074,0.10417,-0.2111,0.08298,0,-0.5927,-0.06043,1.92097,-2.95035,0.60622,2.00376,0.38344,1.51769,-3.39263,-1.49699,1.35559,-3.25476,0.76401,2.97521,-2.23635,-8.18768,-1.17978,0.79299,-0.5557,1.67543,-1.30688,-1.40012,-1.16447,-0.66994,5.53887,-0.80452,0.17329,0.1641,-1.11307,0.8823,0.20219,0.14111,-0.15625,-0.30735,-0.70674
25.22,-0.61775,0.13462,-0.19335,0.16447,0,-0.58108,0.38051,2.10833,-3.42271,1.4702,2.05549,0.14335,2.45983,-3.49246,0.12409,1.98482,-2.83854,0.94455,3.08403,-3.86285,-8.06377,-0.51873,-0.09622,-0.19641,1.73224,-1.51899,-2.25294,-1.52175,-0.8096,7.40921,-1.17291,0.26516,-0.28494,-2.32438,0.75457,0.77239,2.42868,-0.82917,-0.54001,-1.20756
25.24,-0.6934,0.15657,-0.17541,0.11854,0,-0.52837,0.77398,2.22229,-3.69561,2.24982,1.97242,-0.13281,3.797,-3.38598,2.27713,2.45208,-2.3704,1.02585,3.01803,-5.30259,-7.60129,0.19548,-1.04317,0.17696,1.69544,-1.65732,-3.00933,-1.82392,-0.93451,9.04353,-1.49545,0.34765,-0.7296,-3.44819,0.59529,1.36554,4.54707,-1.4385,-0.74402,-1.66532
25.26,-0.75484,0.1676,-0.15954,-0.05755,0,-0.44257,1.09832,2.26516,-3.76443,2.91346,1.77355,-0.43169,5.52614,-3.09636,4.91273,2.76748,-1.89177,1.01803,2.82045,-6.52757,-6.84927,0.94161,-1.99454,0.54582,1.57215,-1.72825,-3.62956,-2.0441,-1.06888,10.3446,-1.75166,0.41506,-1.12514,-4.42454,0.41478,1.95038,6.37715,-1.94303,-0.90451,-2.04355
25.28,-0.80017,0.16605,-0.14794,-0.35542,0,-0.33294,1.33678,2.24193,-3.63794,3.43718,1.48477,-0.73897,7.60274,-2.65197,7.93653,2.95256,-1.44036,0.93911,2.53945,-7.52827,-5.87184,1.69916,-2.89262,0.89341,1.37577,-1.74272,-4.08286,-2.16029,-1.23389,11.23197,-1.92495,0.46246,-1.4309,-5.20136,0.22481,2.49427,7.81751,-2.30868,-1.00956,-2.3113
25.3,-0.82859,0.15131,-0.14263,-0.75704,0,-0.20895,1.47883,2.1597,-3.3378,3.8048,1.13548,-1.03955,9.94181,-2.0844,11.21345,3.03612,-1.04487,0.81156,2.2197,-8.31109,-4.74317,2.45042,-3.68133,1.20507,1.12427,-1.71332,-4.35007,-2.1575,-1.44177,11.649,-2.00493,0.4864,-1.61564,-5.73939,0.03724,2.96616,8.79312,-2.51166,-1.05128,-2.44598
25.32,-0.84049,0.12391,-0.14521,-1.23676,0,-0.07947,1.52073,2.02713,-2.89684,4.00769,0.75567,-1.31791,12.4217,-1.42695,14.57493,3.05023,-0.72188,0.65915,1.89658,-8.89471,-3.54235,3.1815,-4.31176,1.46817,0.83849,-1.6519,-4.42496,-2.02893,-1.69149,11.56762,-1.98902,0.48541,-1.66132,-6.01546,-0.13705,3.3393,9.26074,-2.54042,-1.02646,-2.43516
25.34,-0.8374,0.08552,-0.15676,-1.76383,0,0.04765,1.4655,1.85394,-2.35619,4.04453,0.37347,-1.55856,14.89075,-0.71352,17.82859,3.02653,-0.47529,0.50452,1.5938,-9.30581,-2.34813,3.88211,-4.74654,1.67153,0.54056,-1.56774,-4.31415,-1.77616,-1.9668,10.99012,-1.88297,0.46026,-1.56489,-6.02367,-0.28876,3.59325,9.2107,-2.39627,-0.93658,-2.27702
25.36,-0.82172,0.03888,-0.17779,-2.30523,0,0.16563,1.32211,1.65067,-1.76148,3.92103,0.01335,-1.74685,17.1766,0.0221,20.77052,2.99347,-0.29828,0.3674,1.32418,-9.57474,-1.23392,4.54431,-4.96301,1.80479,0.25257,-1.4667,-4.03573,-1.40853,-2.23688,9.94819,-1.7004,0.41392,-1.33817,-5.77471,-0.41028,3.7153,8.66524,-2.0926,-0.78731,-1.97966
25.38,-0.79648,-0.01255,-0.20817,-2.82839,0,0.26861,1.10439,1.42841,-1.15874,3.64982,-0.30499,-1.86988,19.09803,0.74676,23.19938,2.9743,-0.17666,0.26358,1.09251,-9.73168,-0.26325,5.16076,-4.95516,1.858,-0.00456,-1.35119,-3.61722,-0.94194,-2.45918,8.50032,-1.4614,0.35127,-1.006,-5.29415,-0.49559,3.70121,7.67485,-1.65336,-0.58778,-1.55982
25.4,-0.76503,-0.06476,-0.24716,-3.30349,0,0.35157,0.82974,1.19858,-0.59073,3.25025,-0.56714,-1.91758,20.47873,1.42828,24.93102,2.98596,-0.09273,0.20432,0.89915,-9.8036,0.51364,5.72295,-4.73409,1.82159,-0.21203,-1.22077,-3.09298,-0.39752,-2.58414,6.72765,-1.1906,0.27865,-0.60334,-4.61989,-0.54009,3.55537,6.31337,-1.11091,-0.34973,-1.04128
25.42,-0.73078,-0.11365,-0.29347,-3.70496,0,0.41019,0.51774,0.97261,-0.09388,2.74777,-0.7639,-1.88363,21.16197,2.03593,25.8122,3.03873,-0.02851,0.19618,0.74301,-9.81179,1.0621,6.2196,-4.32674,1.68698,-0.35402,-1.07338,-2.5015,0.19976,-2.56145,4.72851,-0.91462,0.20313,-0.17125,-3.79912,-0.54045,3.28995,4.6721,-0.50363,-0.08673,-0.45325
25.44,-0.69688,-0.15528,-0.34537,-4.012,0,0.44107,0.18872,0.76133,0.30371,2.17267,-0.89067,-1.76619,21.02536,2.5411,25.73215,3.1364,0.032,0.24103,0.62326,-9.77006,1.36408,6.6357,-3.7727,1.44775,-0.41845,-0.90684,-1.88236,0.8224,-2.34707,2.61126,-0.65903,0.13171,0.24784,-2.88472,-0.49466,2.92323,2.85317,0.12688,0.18653,0.17135
25.46,-0.66602,-0.1863,-0.40081,-4.20861,0,0.44197,-0.13766,0.5742,0.58355,1.55833,-0.94668,-1.56832,19.99506,2.91825,24.63207,3.27702,0.10175,0.33626,0.53971,-9.68365,1.41803,6.95233,-3.11966,1.10131,-0.39782,-0.72032,-1.27325,1.44179,-1.9107,0.4861,-0.4453,0.07038,0.61505,-1.93137,-0.40215,2.47716,0.96239,0.73865,0.45494,0.79766
25.48,-0.64024,-0.20425,-0.45758,-4.28318,0,0.41229,-0.44358,0.41845,0.73711,0.93915,-0.93412,-1.29824,18.05805,3.14625,22.51225,3.45383,0.19037,0.47514,0.49214,-9.54929,1.23819,7.14749,-2.41835,0.65072,-0.29,-0.51579,-0.70732,2.02951,-1.24258,-1.54299,-0.28798,0.02329,0.89957,-0.99179,-0.2641,1.97477,-0.89778,1.29224,0.70353,1.39062
25.5,-0.62082,-0.20778,-0.51352,-4.22816,0,0.35339,-0.7141,0.29842,0.76542,0.34863,-0.85739,-0.96915,15.26991,3.20962,19.43501,3.65629,0.3043,0.64729,0.47925,-9.35626,0.85303,7.1978,-1.71783,0.10623,-0.09888,-0.29879,-0.21133,2.55866,-0.35851,-3.3852,-0.19284,-0.00777,1.08195,-0.11325,-0.08367,1.43781,-2.63462,1.7531,0.91812,1.91683
25.52,-0.60828,-0.19675,-0.56659,-4.03966,0,0.26881,-0.93765,0.21516,0.67802,-0.18251,-0.72266,-0.59861,11.75353,3.09965,15.52143,3.87105,0.44709,0.8395,0.49768,-9.08831,0.30314,7.08084,-1.06154,-0.51394,0.16528,-0.07857,0.1953,3.00506,0.69833,-4.9677,-0.15637,-0.02362,1.15541,0.66519,0.13394,0.88482,-4.17049,2.09357,1.08586,2.34644
25.54,-0.60244,-0.17216,-0.61504,-3.71723,0,0.1642,-1.1063,0.16635,0.49112,-0.62781,-0.53754,-0.20723,7.68009,2.81491,10.94057,4.08257,0.61946,1.03663,0.54145,-8.72625,-0.3618,6.77783,-0.48441,-1.18397,0.48599,0.13285,0.50052,3.34847,1.85922,-6.23825,-0.16674,-0.02736,1.1251,1.3151,0.38164,0.32986,-5.44733,2.29405,1.19589,2.65509
25.56,-0.60248,-0.13599,-0.65748,-3.26383,0,0.04691,-1.21566,0.14655,0.22542,-0.96654,-0.31108,0.18295,3.22918,2.36159,5.89331,4.27365,0.81934,1.22286,0.60193,-8.25099,-1.08647,6.27644,-0.01095,-1.87203,0.84121,0.32221,0.69899,3.57379,3.03545,-7.16604,-0.20599,-0.02375,1.00554,1.82042,0.65085,-0.21813,-6.43006,2.34379,1.24004,2.82593
25.58,-0.60711,-0.09091,-0.69289,-2.68616,0,-0.07449,-1.26468,0.1478,-0.09605,-1.18476,-0.05381,0.55048,-1.44571,1.75337,0.59467,4.42609,1.0417,1.3828,0.6684,-7.64702,-1.81369,5.57363,0.34569,-2.54288,1.2047,0.47695,0.79108,3.67217,4.12677,-7.74119,-0.25287,-0.01833,0.81732,2.17856,0.93202,-0.75531,-7.10895,2.24112,1.21356,2.85135
25.6,-0.61467,-0.04003,-0.72069,-1.99524,0,-0.1909,-1.25541,0.16036,-0.44978,-1.27611,0.22219,0.87616,-6.21351,1.01114,-4.74132,4.52146,1.27853,1.5026,0.72898,-6.90592,-2.48805,4.67789,0.58389,-3.16131,1.54799,0.587,0.78182,3.64189,5.03151,-7.97324,-0.28583,-0.01657,0.58362,2.40064,1.21513,-1.28198,-7.5002,1.99325,1.11573,2.73408
25.62,-0.62336,0.0134,-0.7407,-1.2072,0,-0.29334,-1.19263,0.17361,-0.81298,-1.24205,0.50335,1.14442,-10.93383,0.16232,-9.91152,4.54196,1.51904,1.57063,0.77191,-6.0291,-3.05912,3.61021,0.71284,-3.69601,1.8431,0.64602,0.68008,3.48857,5.6576,-7.88864,-0.28548,-0.02307,0.32743,2.51026,1.49009,-1.80091,-7.644,1.61535,0.95026,2.48713
25.64,-0.63124,0.06616,-0.75305,-0.34369,0,-0.37373,-1.08349,0.17707,-1.16418,-1.09153,0.77498,1.34414,-15.43773,-0.76048,-14.72814,4.47151,1.75006,1.57774,0.787,-5.02931,-3.48417,2.40338,0.75109,-4.12363,2.06581,0.65195,0.49801,3.22459,5.93351,-7.52716,-0.23638,-0.04105,0.06964,2.54111,1.74693,-2.31495,-7.59986,1.129,0.72528,2.13238
25.66,-0.63634,0.11525,-0.75803,0.56799,0,-0.42549,-0.93712,0.16149,-1.48337,-0.84016,1.02189,1.46896,-19.53926,-1.72105,-19.01922,4.29687,1.95692,1.51731,0.76706,-3.93096,-3.73039,1.09971,0.72458,-4.43253,2.19909,0.60682,0.25068,2.86785,5.8181,-6.93787,-0.12812,-0.07201,-0.17192,2.53328,1.97599,-2.82442,-7.43975,0.56011,0.45295,1.69809
25.68,-0.63672,0.15808,-0.75597,1.49526,0,-0.44412,-0.76418,0.11979,-1.75191,-0.50905,1.22928,1.51726,-23.05843,-2.68151,-22.62782,4.00904,2.12447,1.38528,0.70915,-2.76935,-3.77665,-0.25199,0.66423,-4.62559,2.2362,0.51616,-0.04413,2.44021,5.30817,-6.17509,0.04415,-0.11566,-0.3828,2.52925,2.16803,-3.32475,-7.24026,-0.06314,0.14885,1.21595
25.7,-0.63054,0.19254,-0.74714,2.40128,0,-0.42765,-0.57651,0.04779,-1.95253,-0.12334,1.38363,1.49177,-25.83444,-3.60393,-25.41224,3.60453,2.23828,1.18028,0.61526,-1.58892,-3.61452,-1.59967,0.60324,-4.72095,2.18236,0.38827,-0.36635,1.96584,4.44164,-5.29482,0.27955,-0.17006,-0.55187,2.56981,2.31438,-3.805,-7.07481,-0.71211,-0.16904,0.71815
25.72,-0.61612,0.21711,-0.73166,3.24667,0,-0.3767,-0.38659,-0.0554,-2.06964,0.28949,1.47358,1.39881,-27.72978,-4.45164,-27.24895,3.08625,2.28572,0.90399,0.49228,-0.44041,-3.2483,-2.89114,0.57433,-4.74992,2.05438,0.23331,-0.69439,1.46956,3.2946,-4.35148,0.57156,-0.23181,-0.6712,2.69036,2.40707,-4.2476,-7.00649,-1.35891,-0.48147,0.23509
25.74,-0.59199,0.23085,-0.70948,3.99219,0,-0.2943,-0.20693,-0.18741,-2.08996,0.70165,1.49069,1.24727,-28.63467,-5.19009,-28.03918,2.46383,2.25678,0.56166,0.35093,0.62332,-2.69375,-4.07672,0.60665,-4.75168,1.87796,0.06262,-1.00637,0.97512,1.97178,-3.39491,0.90834,-0.29654,-0.73599,2.9178,2.43894,-4.62949,-7.0819,-1.97701,-0.76944,-0.20643
25.76,-0.55696,0.23345,-0.68033,4.60198,0,-0.18543,-0.04929,-0.34305,-2.00349,1.0871,1.42995,1.04743,-28.47515,-5.78774,-27.71941,1.75324,2.14467,0.16251,0.20408,1.55233,-1.97603,-5.11175,0.72291,-4.76575,1.6831,-0.11203,-1.28193,0.50356,0.59185,-2.46764,1.27318,-0.3594,-0.74461,3.26818,2.40382,-4.92461,-7.32625,-2.54143,-1.01579,-0.58428
25.78,-0.5102,0.22523,-0.64378,5.04714,0,-0.05635,0.0761,-0.51498,-1.80471,1.42361,1.29033,0.80981,-27.22446,-6.21712,-26.27467,0.97604,1.94605,-0.28018,0.06464,2.30495,-1.1271,-5.95862,0.93673,-4.82396,1.49886,-0.27903,-1.50411,0.07187,-0.72917,-1.60276,1.64537,-0.41556,-0.69873,3.74499,2.29682,-5.10724,-7.74012,-3.02877,-1.20673,-0.88174
25.8,-0.45135,0.20714,-0.59933,5.3087,0,0.08604,0.16137,-0.6946,-1.49362,1.69426,1.07497,0.54441,-24.91553,-6.45626,-23.75152,0.15821,1.66079,-0.74966,-0.05645,2.85247,-0.18321,-6.58839,1.25075,-4.94364,1.34864,-0.42746,-1.66115,-0.30805,-1.89269,-0.82254,2.00118,-0.46073,-0.6032,4.33837,2.11466,-5.15549,-8.29789,-3.4171,-1.33304,-1.08774
25.82,-0.38064,0.18073,-0.54649,5.3793,0,0.23492,0.20161,-0.87293,-1.07625,1.88823,0.79113,0.26026,-21.65095,-6.49044,-20.26659,-0.67126,1.29119,-1.22732,-0.15176,3.18234,0.81752,-6.98148,1.65582,-5.12366,1.24701,-0.54767,-1.74771,-0.62976,-2.82778,-0.13805,2.31533,-0.4914,-0.4656,5.02504,1.856,-5.05418,-8.94819,-3.68602,-1.39049,-1.197
25.84,-0.299,0.14812,-0.48494,5.26326,0,0.38412,0.19533,-1.04146,-0.56445,2.00075,0.44975,-0.03455,-17.60754,-6.31401,-16.00803,-1.48236,0.84063,-1.69539,-0.21833,3.29949,1.83716,-7.12758,2.13137,-5.34389,1.19854,-0.63175,-1.76533,-0.89219,-3.49537,0.45046,2.56276,-0.50508,-0.29532,5.76916,1.5216,-4.79665,-9.6163,-3.81702,-1.37965,-1.20991
25.86,-0.20807,0.11186,-0.41459,4.97522,0,0.52865,0.14469,-1.19296,0.02489,2.03232,0.06465,-0.33257,-13.03413,-5.93215,-11.22892,-2.24635,0.31201,-2.14011,-0.25791,3.22597,2.84003,-7.02512,2.64705,-5.56797,1.19841,-0.67412,-1.72223,-1.09905,-3.887,0.95228,2.72078,-0.50022,-0.10233,6.52418,1.11444,-4.38558,-10.20854,-3.79416,-1.30501,-1.13243
25.88,-0.11029,0.07479,-0.3357,4.53809,0,0.665,0.05552,-1.32211,0.67107,1.98766,-0.34833,-0.62646,-8.24196,-5.36222,-6.23381,-2.93808,-0.29328,-2.55473,-0.27665,2.9989,3.79425,-6.68069,3.16524,-5.74858,1.23441,-0.67202,-1.63248,-1.25788,-4.01984,1.38449,2.77126,-0.47625,0.10411,7.23548,0.63988,-3.83289,-10.61861,-3.60555,-1.17395,-0.97596
25.9,-0.00881,0.03987,-0.24899,3.98058,0,0.79118,-0.06299,-1.42582,1.35069,1.87447,-0.77221,-0.90843,-3.5863,-4.63389,-1.35853,-3.53814,-0.97519,-2.94111,-0.28423,2.66726,4.67305,-6.10876,3.64402,-5.83382,1.28946,-0.62577,-1.51477,-1.3788,-3.92969,1.76961,2.70262,-0.43342,0.31642,7.8439,0.10596,-3.159,-10.73534,-3.24525,-0.99571,-0.7571
25.92,0.09259,0.00995,-0.1557,3.3347,0,0.9064,-0.19894,-1.50313,2.03873,1.7023,-1.18959,-1.16982,0.56229,-3.78736,3.05672,-4.03426,-1.73332,-3.309,-0.29259,2.28718,5.45534,-5.33145,4.0405,-5.7738,1.34411,-0.53889,-1.39059,-1.47308,-3.66337,2.13274,2.51111,-0.37285,0.52909,8.28959,-0.47623,-2.39115,-10.45132,-2.71551,-0.78061,-0.49727
25.94,0.1897,-0.01254,-0.05755,2.63329,0,1.01047,-0.33873,-1.55464,2.70935,1.4816,-1.58326,-1.40088,3.85666,-2.8693,6.70013,-4.42192,-2.56349,-3.67282,-0.31421,1.91613,6.12579,-4.37809,4.31412,-5.52637,1.37872,-0.41765,-1.28209,-1.55139,-3.27155,2.49836,2.20117,-0.29642,0.73846,8.51623,-1.0922,-1.56094,-9.6719,-2.02898,-0.53964,-0.22191
25.96,0.27819,-0.02593,0.04328,1.90765,0,1.10289,-0.46844,-1.58169,3.33664,1.22289,-1.93665,-1.59096,6.01764,-1.92709,9.32391,-4.70427,-3.45348,-4.04647,-0.36026,1.60642,6.67447,-3.28473,4.42986,-5.06193,1.37513,-0.27051,-1.20956,-1.62218,-2.80259,2.88693,1.7851,-0.20678,0.94195,8.47556,-1.72388,-0.70124,-8.32443,-1.21055,-0.28426,0.04075
25.98,0.35398,-0.02952,0.1443,1.18577,0,1.18207,-0.57521,-1.58535,3.89546,0.93641,-2.23435,-1.72905,6.87636,-1.00273,10.77657,-4.89146,-4.37889,-4.4375,-0.43871,1.39893,7.09644,-2.09327,4.36149,-4.36719,1.31813,-0.10722,-1.18903,-1.69023,-2.29785,3.31175,1.28215,-0.10732,1.13694,8.13196,-2.34969,0.15685,-6.36713,-0.29827,-0.02638,0.26134
26,0.41355,-0.02385,0.24281,0.49116,0,1.24456,-0.64862,-1.56571,4.36231,0.63199,-2.46258,-1.80472,6.40416,-0.12794,11.02439,-4.99943,-5.30035,-4.84207,-0.55279,1.31819,7.39109,-0.85026,4.09419,-3.44755,1.19677,0.06206,-1.23017,-1.75574,-1.78881,3.77636,0.71743,-0.0021,1.31969,7.46649,-2.94497,0.98642,-3.79661,0.65714,0.2217,0.41143
26.02,0.45422,-0.01073,0.33607,-0.15748,0,1.28486,-0.6817,-1.52132,4.71635,0.3193,-2.60962,-1.80925,4.72125,0.67845,10.1552,-5.04809,-6.16336,-5.24192,-0.69999,1.36966,7.56112,0.39511,3.62633,-2.32772,1.0056,0.22759,-1.3348,-1.81401,-1.29591,4.27275,0.12051,0.10424,1.4844,6.47968,-3.48283,1.76619,-0.6525,1.59485,0.44754,0.46593
26.04,0.47439,0.00692,0.42143,-0.74606,0,1.29547,-0.67152,-1.44909,4.94043,0.00818,-2.66639,-1.73701,2.08066,1.4104,8.36232,-5.0587,-6.90115,-5.60398,-0.87175,1.53946,7.61119,1.59404,2.96998,-1.0502,0.74573,0.38084,-1.49622,-1.85595,-0.82901,4.7808,-0.47618,0.20678,1.62268,5.19224,-3.9356,2.48082,2.98175,2.44894,0.63912,0.4058
26.06,0.47354,0.02535,0.49649,-1.26444,0,1.26752,-0.6193,-1.3446,5.02231,-0.29103,-2.62736,-1.58676,-1.16885,2.07223,5.91223,-5.05105,-7.44079,-5.88274,-1.05397,1.79672,7.54634,2.70183,2.15032,0.32807,0.42567,0.51513,-1.69934,-1.86926,-0.38907,5.26876,-1.03915,0.30065,1.72347,3.64418,-4.27676,3.12049,6.98199,3.15522,0.78573,0.22073
26.08,0.45235,0.04041,0.55933,-1.70575,0,1.19181,-0.53023,-1.20276,4.95602,-0.56734,-2.4922,-1.36276,-4.63172,2.67476,3.10398,-5.0409,-7.71158,-6.02506,-1.22825,2.09783,7.37085,3.68154,1.20415,1.74044,0.06162,0.62612,-1.92159,-1.84014,0.02953,5.69528,-1.53587,0.38136,1.77354,1.89257,-4.48333,3.67986,11.18942,3.65891,0.87902,-0.0887
26.1,0.41258,0.04806,0.60859,-2.06586,0,1.06012,-0.41278,-1.0189,4.74292,-0.80931,-2.26827,-1.07536,-7.91577,3.23105,0.22963,-5.03809,-7.65471,-5.97659,-1.37381,2.39207,7.0876,4.50666,0.17768,3.1158,-0.32319,0.71193,-2.13469,-1.75544,0.43629,6.01254,-1.93682,0.44513,1.7584,0.00837,-4.53816,4.15711,15.41892,3.92143,0.91395,-0.50998
26.12,0.35688,0.04483,0.64358,-2.34313,0,0.86665,-0.2778,-0.78994,4.39233,-1.00592,-1.97365,-0.74061,-10.67508,3.75258,-2.45755,-5.04565,-7.23253,-5.68895,-1.47008,2.62815,6.69799,5.16191,-0.8765,4.38434,-0.70037,0.7731,-2.30713,-1.60472,0.84208,6.17046,-2.21748,0.48912,1.66379,-1.92764,-4.43194,4.55282,19.46886,3.92509,0.88951,-1.01929
26.14,0.28858,0.02837,0.66432,-2.53853,0,0.60952,-0.13709,-0.51566,3.92114,-1.14775,-1.63774,-0.3789,-12.64078,4.24639,-4.76338,-5.06,-6.43626,-5.12692,-1.49958,2.76103,6.20222,5.6419,-1.90329,5.48322,-1.0396,0.81199,-2.40722,-1.38224,1.25707,6.12183,-2.3602,0.51138,1.47743,-3.83004,-4.16437,4.86923,23.13259,3.67488,0.80893,-1.58392
26.16,0.21127,-0.00221,0.67146,-2.65617,0,0.29194,-0.0019,-0.19982,3.3527,-1.22875,-1.29496,-0.01265,-13.63934,4.71354,-6.56183,-5.07199,-5.29126,-4.27493,-1.45097,2.75863,5.60013,5.94832,-2.84954,6.36204,-1.31278,0.83211,-2.40666,-1.08862,1.68887,5.82799,-2.35591,0.5109,1.19112,-5.61472,-3.74471,5.10959,26.21127,3.19753,0.67955,-2.16607
26.18,0.12844,-0.04606,0.66626,-2.7038,0,-0.07678,0.11856,0.14894,2.71529,-1.2479,-0.97428,0.33625,-13.59981,5.1489,-7.79499,-5.06872,-3.85881,-3.14204,-1.32151,2.60737,4.89249,6.08658,-3.6685,6.98759,-1.4983,0.83732,-2.28413,-0.73202,2.141,5.26452,-2.20548,0.48742,0.80319,-7.20487,-3.19182,5.27778,28.5276,2.53848,0.51231,-2.72701
26.2,0.04319,-0.10044,0.65047,-2.69307,0,-0.48087,0.21837,0.51676,2.04024,-1.21045,-0.69371,0.6489,-12.55141,5.54201,-8.46671,-5.0355,-2.23293,-1.76441,-1.11832,2.31577,4.08267,6.06281,-4.32367,7.34669,-1.5843,0.83111,-2.02838,-0.32863,2.61133,4.4261,-1.92044,0.44148,0.32076,-8.53627,-2.53347,5.37785,29.93828,1.75748,0.32097,-3.23052
26.22,-0.04199,-0.16099,0.62624,-2.63904,0,-0.89857,0.29546,0.8849,1.35981,-1.12811,-0.46125,0.9111,-10.61223,5.87877,-8.6318,-4.95755,-0.53112,-0.20382,-0.85778,1.91476,3.17825,5.88199,-4.7911,7.44643,-1.57013,0.81618,-1.64019,0.09782,3.0905,3.32944,-1.52264,0.37435,-0.2382,-9.56067,-1.80502,5.4131,30.34314,0.923,0.12107,-3.64454
26.24,-0.12527,-0.22213,0.59595,-2.55882,0,-1.30341,0.35167,1.23095,0.70489,-1.01815,-0.27767,1.11425,-7.97025,6.14368,-8.38272,-4.82114,1.12122,1.458,-0.56295,1.45455,2.19224,5.54729,-5.06018,7.3114,-1.46554,0.7942,-1.13293,0.51771,3.56037,2.01349,-1.04261,0.28822,-0.84375,-10.24737,-1.04699,5.3847,29.6901,0.10584,-0.07136,-3.9411
26.26,-0.20549,-0.27773,0.56206,-2.46953,0,-1.66654,0.3921,1.53079,0.10251,-0.90136,-0.13888,1.25536,-4.85939,6.32248,-7.83562,-4.61425,2.61024,3.12858,-0.25945,0.99828,1.14364,5.06099,-5.13296,6.97874,-1.28817,0.76589,-0.53158,0.89815,3.9933,0.5371,-0.51691,0.18628,-1.4541,-10.58327,-0.30197,5.29017,27.97689,-0.62778,-0.2413,-4.09493
26.28,-0.28205,-0.3219,0.52691,-2.38612,0,-1.95944,0.42412,1.76109,-0.42623,-0.7994,-0.03774,1.33653,-1.53459,6.40492,-7.11755,-4.32712,3.85278,4.71548,0.02903,0.61363,0.05759,4.42662,-5.02272,6.49227,-1.06001,0.73126,0.12937,1.20632,4.35284,-1.02539,0.01498,0.07289,-2.01749,-10.57222,0.38886,5.12245,25.25147,-1.22268,-0.37609,-4.08229
26.3,-0.35471,-0.34972,0.49259,-2.31953,0,-2.15687,0.45611,1.90188,-0.86759,-0.73198,0.03447,1.36396,1.75057,6.3872,-6.35614,-3.95285,4.8102,6.13641,0.28429,0.36382,-1.03528,3.65185,-4.75188,5.89724,-0.80412,0.68997,0.80908,1.41288,4.5969,-2.59023,0.51381,-0.04634,-2.47633,-10.23411,0.98905,4.87011,21.61175,-1.64013,-0.46669,-3.88101
26.32,-0.42345,-0.35774,0.46086,-2.2756,0,-2.23955,0.49606,1.93885,-1.21554,-0.71422,0.08698,1.34663,4.7614,6.27336,-5.67223,-3.48809,5.49256,7.32689,0.4955,0.29893,-2.10027,2.75152,-4.34961,5.23623,-0.54207,0.64165,1.46424,1.49525,4.68356,-4.07147,0.94323,-0.16462,-2.77395,-9.60352,1.46964,4.5189,17.20368,-1.86135,-0.50842,-3.47293
26.34,-0.48816,-0.34431,0.43304,-2.25486,0,-2.1962,0.55031,1.86505,-1.47107,-0.75457,0.12879,1.2949,7.29437,6.07545,-5.17515,-2.93375,5.95192,8.24448,0.65876,0.44847,-3.10093,1.74999,-3.84901,4.54664,-0.29275,0.58615,2.05376,1.44018,4.57933,-5.38926,1.27192,-0.27432,-2.86338,-8.72776,1.81117,4.0549,12.21668,-1.88864,-0.50119,-2.84844
26.36,-0.5485,-0.30959,0.40996,-2.25306,0,-2.02515,0.6223,1.68212,-1.64067,-0.85335,0.16807,1.21907,9.18484,5.81247,-4.95997,-2.29567,6.26684,8.87005,0.77491,0.8159,-4.00222,0.68254,-3.28432,3.85964,-0.0721,0.52366,2.54368,1.24579,4.26853,-6.47849,1.47518,-0.36742,-2.71705,-7.66449,2.00507,3.4685,6.87621,-1.74438,-0.44929,-2.01261
26.38,-0.60369,-0.25549,0.39194,-2.26233,0,-1.73504,0.71175,1.40068,-1.73464,-1.00226,0.2117,1.12813,10.31213,5.50856,-5.10549,-1.58527,6.52271,9.20687,0.84666,1.37572,-4.77398,-0.40467,-2.68843,3.20041,0.10633,0.45478,2.91177,0.92252,3.7612,-7.29672,1.53615,-0.43622,-2.3351,-6.47904,2.05406,2.75876,1.43375,-1.46791,-0.36069,-0.99104
26.4,-0.65247,-0.18539,0.37883,-2.27244,0,-1.34477,0.81417,1.03999,-1.76541,-1.1849,0.26487,1.02895,10.60294,5.1906,-5.67182,-0.81992,6.79341,9.27826,0.87589,2.07414,-5.39388,-1.45634,-2.09108,2.58879,0.23081,0.3805,3.15081,0.49311,3.09664,-7.82979,1.44667,-0.4741,-1.74929,-5.2412,1.97172,1.93698,-3.84582,-1.11058,-0.24618,0.16679
26.42,-0.69303,-0.10382,0.37007,-2.2719,0,-0.88221,0.92106,0.62659,-1.74656,-1.37853,0.33056,0.92595,10.0338,4.88534,-6.69643,-0.02267,7.12849,9.12398,0.86227,2.83394,-5.84936,-2.41194,-1.51777,2.0401,0.29119,0.30218,3.26985,-0.0091,2.34001,-8.09364,1.20776,-0.47623,-1.02033,-4.02116,1.78077,1.02832,-8.70021,-0.72901,-0.1181,1.38853
26.44,-0.72312,-0.01604,0.36478,-2.24874,0,-0.38169,1.02063,0.19179,-1.69226,-1.55706,0.40906,0.8212,8.63296,4.61593,-8.18819,0.77883,7.54786,8.79549,0.80355,3.56368,-6.13805,-3.21182,-0.98934,1.5654,0.27924,0.22136,3.29301,-0.54337,1.57123,-8.13155,0.82972,-0.44021,-0.22798,-2.88417,1.51021,0.07089,-12.88932,-0.37695,0.01104,2.5854
26.46,-0.74017,0.07235,0.36187,-2.19094,0,0.11951,1.0991,-0.23157,-1.6173,-1.69482,0.49723,0.71494,6.48177,4.3983,-10.11995,1.55417,8.04341,8.35057,0.69722,4.1701,-6.26707,-3.80485,-0.52205,1.17125,0.18962,0.13966,3.25617,-1.066,0.86837,-8.00778,0.33181,-0.36659,0.54423,-1.88461,1.19167,-0.88756,-16.21698,-0.09674,0.13002,3.66305
26.48,-0.7415,0.15594,0.36017,-2.08695,0,0.58503,1.14231,-0.61273,-1.53734,-1.77057,0.58908,0.60636,3.71528,4.23768,-12.42089,2.27253,8.58514,7.84746,0.54293,4.57166,-6.25156,-4.15633,-0.12797,0.85942,0.02108,0.05862,3.20236,-1.53521,0.28982,-7.79881,-0.25836,-0.25915,1.22541,-1.06044,0.85563,-1.79455,-18.55168,0.08792,0.23025,4.53449
26.5,-0.72468,0.22983,0.35854,-1.92623,0,0.98302,1.1374,-0.92609,-1.4689,-1.7709,0.67984,0.49448,0.52073,4.12589,-14.97024,2.90506,9.12831,7.33887,0.34465,4.71042,-6.11275,-4.25424,0.18454,0.62657,-0.22251,-0.02045,3.17661,-1.91562,-0.13953,-7.58377,-0.90587,-0.12488,1.77039,-0.42948,0.52841,-2.59858,-19.8413,0.17612,0.30665,5.13224
26.52,-0.68773,0.28997,0.35594,-1.7002,0,1.28877,1.07435,-1.1535,-1.42879,-1.69227,0.77137,0.37879,-2.86804,4.03965,-17.59428,3.42698,9.6188,6.86556,0.11189,4.56014,-5.87573,-4.11228,0.41035,0.4646,-0.53161,-0.0965,3.22074,-2.18147,-0.43394,-7.43494,-1.57005,0.0264,2.16525,0.0116,0.2303,-3.25459,-20.11732,0.18926,0.35799,5.41672
26.54,-0.62942,0.33338,0.35147,-1.40339,0,1.48641,0.9471,-1.28528,-1.4327,-1.54137,0.87314,0.25982,-6.18173,3.94043,-20.06842,3.81921,9.99558,6.44993,-0.14067,4.12904,-5.56675,-3.76896,0.54738,0.36148,-0.89142,-0.1687,3.36859,-2.31825,-0.64254,-7.40906,-2.20673,0.18294,2.42409,0.28499,-0.0249,-3.7289,-19.48684,0.16555,0.38649,5.37998
26.56,-0.54947,0.35824,0.34434,-1.03471,0,1.56935,0.75434,-1.32025,-1.49332,-1.33394,0.99823,0.13927,-9.13249,3.7761,-22.12609,4.06958,10.19119,6.0906,-0.39483,3.45793,-5.21067,-3.28304,0.5966,0.30273,-1.28295,-0.23643,3.64191,-2.32285,-0.83643,-7.53987,-2.7711,0.33227,2.57836,0.42697,-0.22913,-4.0031,-18.11459,0.15073,0.39694,5.04458
26.58,-0.44872,0.36403,0.3339,-0.59865,0,1.53998,0.49989,-1.26475,-1.61822,-1.09242,1.15813,0.02006,-11.43539,3.48503,-23.47582,4.17376,10.13255,5.75966,-0.63136,2.61463,-4.82883,-2.72671,0.56217,0.27306,-1.68473,-0.29918,4.04737,-2.20256,-1.09121,-7.83284,-3.2209,0.46251,2.66259,0.48149,-0.37862,-4.07652,-16.1998,0.18729,0.39544,4.45908
26.6,-0.32925,0.35148,0.31958,-0.10606,0,1.40851,0.1927,-1.13118,-1.80831,-0.84309,1.35884,-0.09385,-12.83273,3.00294,-23.82678,4.13557,9.74489,5.40465,-0.83252,1.68606,-4.43773,-2.17781,0.45163,0.25817,-2.07471,-0.35645,4.57494,-1.97315,-1.46941,-8.26253,-3.51943,0.56367,2.70088,0.49364,-0.47221,-3.96664,-13.95261,0.30505,0.38823,3.69127
26.62,-0.1944,0.32256,0.30098,0.42589,0,1.19117,-0.15374,-0.93585,-2.05709,-0.61287,1.59839,-0.19776,-13.1189,2.2725,-22.92209,3.96675,8.96021,4.95623,-0.98415,0.76902,-4.04864,-1.71199,0.2759,0.24619,-2.43203,-0.40769,5.19798,-1.65632,-2.00684,-8.77311,-3.63816,0.62847,2.69784,0.5038,-0.50996,-3.70692,-11.57332,0.51535,0.38063,2.81993
26.64,-0.04856,0.28025,0.27778,0.97487,0,0.90787,-0.52241,-0.69658,-2.35111,-0.42617,1.86622,-0.28666,-12.16422,1.25487,-20.57761,3.68581,7.7305,4.34147,-1.07684,-0.04001,-3.66798,-1.3955,0.04894,0.22873,-2.73863,-0.45223,5.87506,-1.27658,-2.70528,-9.28209,-3.55849,0.65286,2.63609,0.54327,-0.49227,-3.34175,-9.23607,0.81001,0.37633,1.92586
26.66,0.10302,0.22839,0.24987,1.51542,0,0.57953,-0.89431,-0.43028,-2.67148,-0.30199,2.14397,-0.35568,-9.93535,-0.05835,-16.72129,3.31635,6.04355,3.50079,-1.10636,-0.65499,-3.29837,-1.27888,-0.21284,0.20148,-2.98046,-0.48924,6.55337,-0.85807,-3.53173,-9.68709,-3.27304,0.63602,2.48009,0.6316,-0.41963,-2.91967,-7.07769,1.16455,0.37705,1.08297
26.68,0.25465,0.17131,0.21735,2.02153,0,0.22575,-1.25015,-0.15082,-2.99599,-0.25158,2.40766,-0.40076,-6.50958,-1.63552,-11.42601,2.88505,3.93739,2.40475,-1.07345,-1.00959,-2.9401,-1.39202,-0.4914,0.16426,-3.14831,-0.51777,7.17344,-0.42188,-4.42326,-9.87509,-2.78655,0.58022,2.18474,0.77543,-0.29293,-2.48608,-5.19183,1.54418,0.38244,0.35064
26.7,0.40054,0.11353,0.18056,2.46932,0,-0.13682,-1.57195,0.13207,-3.30157,-0.27699,2.6305,-0.41912,-2.0783,-3.4009,-4.92549,2.41981,1.50827,1.06616,-0.98324,-1.06436,-2.59274,-1.74106,-0.76801,0.12066,-3.23812,-0.53672,7.67437,0.01561,-5.29583,-9.73295,-2.11643,0.49038,1.70662,0.96894,-0.1142,-2.07737,-3.62817,1.9106,0.39032,-0.2316
26.72,0.53513,0.05941,0.14018,2.83922,0,-0.49512,-1.84441,0.4129,-3.56635,-0.37072,2.78619,-0.40987,3.06457,-5.23891,2.39574,1.94787,-1.09274,-0.45642,-0.84441,-0.81074,-2.25632,-2.3074,-1.02415,0.07718,-3.25039,-0.54492,7.99895,0.44301,-6.05571,-9.15831,-1.29294,0.37363,1.01524,1.19574,0.11253,-1.71751,-2.39616,2.22796,0.39706,-0.64615
26.74,0.65343,0.01273,0.09714,3.11758,0,-0.83912,-2.0557,0.6892,-3.77127,-0.51678,2.85236,-0.37438,8.55062,-7.00745,10.04173,1.49409,-3.67606,-2.06556,-0.66826,-0.27161,-1.93193,-3.0491,-1.24253,0.04189,-3.18896,-0.54116,8.09834,0.85269,-6.61217,-8.0698,-0.35848,0.23869,0.10303,1.43197,0.38022,-1.41754,-1.47236,2.46709,0.39808,-0.89605
26.76,0.75124,-0.02367,0.05263,3.29755,0,-1.16055,-2.19805,0.95957,-3.90118,-0.69261,2.81388,-0.31654,13.97769,-8.55852,17.46748,1.07946,-6.04044,-3.6405,-0.46765,0.50158,-1.62182,-3.9045,-1.40802,0.02286,-3.05927,-0.52422,7.93619,1.2386,-6.8903,-6.41641,0.63381,0.09524,-1.00762,1.65022,0.67811,-1.17767,-0.81016,2.6078,0.38853,-1.00096
26.78,0.82544,-0.04825,0.00804,3.37936,0,-1.45131,-2.26789,1.22143,-3.94549,-0.87188,2.6662,-0.24273,18.95513,-9.76127,24.15039,0.71988,-8.00379,-5.05725,-0.25609,1.43414,-1.32894,-4.7975,-1.5086,0.02658,-2.86674,-0.493,7.49209,1.59382,-6.84215,-4.18525,1.62245,-0.04671,-2.26093,1.82375,0.99125,-0.99093,-0.35008,2.63973,0.36398,-0.99163
26.8,0.8741,-0.06095,-0.03516,3.36995,0,-1.70211,-2.26588,1.46923,-3.89848,-1.02734,2.41802,-0.16163,23.14379,-10.52203,29.65347,0.42563,-9.43041,-6.20795,-0.04678,2.43532,-1.05651,-5.64401,-1.53622,0.05663,-2.61593,-0.44672,6.76398,1.90852,-6.45448,-1.40692,2.54101,-0.1775,-3.56916,1.92999,1.30069,-0.84702,-0.02944,2.56201,0.32106,-0.90413
26.82,0.89651,-0.06316,-0.07544,3.2817,0,-1.90187,-2.19639,1.69365,-3.75904,-1.13365,2.09254,-0.0834,26.28263,-10.79631,33.66635,0.20131,-10.24785,-7.01523,0.14813,3.40686,-0.80736,-6.35917,-1.48734,0.11296,-2.31051,-0.38517,5.7688,2.16908,-5.75077,1.8431,3.32254,-0.28839,-4.81974,1.95308,1.58425,-0.73543,0.21,2.38218,0.25819,-0.77478
26.84,0.89313,-0.05753,-0.11138,3.13048,0,-2.03802,-2.06681,1.88211,-3.53,-1.16973,1.72424,-0.01869,28.19922,-10.59043,36.01833,0.04651,-10.4506,-7.43939,0.3183,4.25242,-0.58345,-6.86476,-1.36315,0.19175,-1.95424,-0.30903,4.54102,2.35872,-4.78729,5.44768,3.90517,-0.37219,-5.888,1.88482,1.81817,-0.64718,0.41698,2.11444,0.17596,-0.63643
26.86,0.86538,-0.04751,-0.14168,2.93315,0,-2.09772,-1.88655,2.02033,-3.21713,-1.12077,1.34956,0.02285,28.807,-9.95427,36.66796,-0.04319,-10.09188,-7.47861,0.45586,4.88732,-0.38545,-7.09676,-1.16947,0.28591,-1.55259,-0.22012,3.12954,2.45944,-3.64396,9.25567,4.23847,-0.42381,-6.65386,1.72455,1.97935,-0.57524,0.62798,1.77781,0.07754,-0.51603
26.88,0.81541,-0.03688,-0.16537,2.7053,0,-2.06979,-1.66602,2.09471,-2.82839,-0.97954,0.99686,0.03391,28.09626,-8.9686,35.67989,-0.0751,-9.26809,-7.16433,0.55591,5.24742,-0.2126,-7.01221,-0.9165,0.38606,-1.1146,-0.12165,1.59352,2.45491,-2.41264,13.09244,4.28965,-0.44074,-7.01964,1.47823,2.04802,-0.51408,0.86643,1.39422,-0.03139,-0.4333
26.9,0.7459,-0.02923,-0.18183,2.4596,0,-1.94669,-1.41588,2.09468,-2.37345,-0.74714,0.68243,0.01072,26.12504,-7.73104,33.19999,-0.05831,-8.10073,-6.55384,0.6168,5.29593,-0.06299,-6.59436,-0.61817,0.4816,-0.65412,-0.01821,-0.00183,2.33368,-1.18531,16.77159,4.04837,-0.4234,-6.92486,1.15728,2.01026,-0.45904,1.14302,0.98698,-0.14287,-0.40036
26.92,0.65995,-0.02754,-0.1909,2.20518,0,-1.7263,-1.1464,2.01468,-1.86384,-0.43284,0.41236,-0.04643,23.01376,-6.3433,29.43621,-0.00304,-6.71945,-5.72142,0.64001,5.02661,0.06576,-5.85505,-0.29136,0.56194,-0.18992,0.0844,-1.58928,2.09181,-0.04408,20.10656,3.52898,-0.3751,-6.35478,0.77746,1.85995,-0.40592,1.45661,0.5795,-0.24742,-0.42183
26.94,0.56081,-0.03387,-0.19291,1.94802,0,-1.41303,-0.86701,1.85511,-1.31331,-0.0531,0.18564,-0.13321,18.94414,-4.90143,24.6476,0.07982,-5.24837,-4.74938,0.62971,4.46289,0.17549,-4.83356,0.04526,0.6176,0.25564,0.17971,-3.10346,1.73468,0.94594,22.92154,2.76943,-0.3018,-5.341,0.3579,1.59993,-0.35126,1.79561,0.19428,-0.3352,-0.49528
26.96,0.45184,-0.04922,-0.18871,1.69221,0,-1.01818,-0.58608,1.62255,-0.73848,0.37026,-0.0031,-0.24199,14.16026,-3.48939,19.14011,0.17873,-3.79638,-3.71963,0.59198,3.65357,0.26636,-3.59256,0.37267,0.64116,0.65924,0.26133,-4.48439,1.2777,1.7409,25.0619,1.82735,-0.2115,-3.95526,-0.07976,1.24226,-0.29299,2.13948,-0.14795,-0.39739,-0.61203
26.98,0.3363,-0.07343,-0.17966,1.44159,0,-0.55983,-0.31075,1.32926,-0.15934,0.81201,-0.16128,-0.36282,8.96679,-2.17565,13.26327,0.28155,-2.45146,-2.70666,0.53394,2.66639,0.33593,-2.21215,0.67281,0.62808,0.9997,0.32378,-5.68071,0.74602,2.31985,26.4041,0.77432,-0.11343,-2.29884,-0.5122,0.80771,-0.23136,2.46072,-0.42897,-0.42761,-0.75809
27,0.21734,-0.10528,-0.16756,1.20132,0,-0.06199,-0.04694,0.99221,0.40066,1.24565,-0.29647,-0.48471,3.7177,-1.01211,7.39998,0.3756,-1.27821,-1.77248,0.4629,1.58078,0.37889,-0.78316,0.92981,0.57727,1.2608,0.36319,-6.65217,0.17322,2.68401,26.86379,-0.31076,-0.01714,-0.49067,-0.91535,0.32468,-0.16963,2.72731,-0.63384,-0.42294,-0.9155
27.02,0.09795,-0.14258,-0.15457,0.97875,0,0.44676,0.2007,0.63175,0.91537,1.645,-0.41471,-0.5967,-1.21072,-0.03438,1.94183,0.44821,-0.31794,-0.96365,0.38571,0.48059,0.38766,0.5999,1.13071,0.49126,1.43297,0.37777,-7.37113,-0.40108,2.8541,26.4007,-1.34828,0.06837,1.34403,-1.26564,-0.17272,-0.11421,2.90576,-0.75164,-0.3843,-1.06395
27.04,-0.01914,-0.18242,-0.14307,0.78337,0,0.93524,0.4288,0.26987,1.35767,1.98554,-0.51916,-0.6888,-5.46372,0.73721,-2.75209,0.48753,0.40958,-0.3103,0.30827,-0.55267,0.35405,1.84577,1.26569,0.37608,1.51367,0.36789,-7.82301,-0.93465,2.86595,25.01947,-2.26427,0.13563,3.0833,-1.54165,-0.64725,-0.07394,2.96479,-0.77622,-0.31605,-1.18285
27.06,-0.1315,-0.22144,-0.13548,0.62585,0,1.3723,0.63541,-0.07162,1.70208,2.2454,-0.60885,-0.75275,-8.76223,1.2965,-6.40697,0.48382,0.90333,0.17325,0.23523,-1.44596,0.27152,2.87321,1.32808,0.24069,1.50653,0.33587,-8.00609,-1.38691,2.76495,22.76747,-2.99623,0.17949,4.61634,-1.72611,-1.06167,-0.05876,2.87932,-0.70702,-0.22496,-1.25355
27.08,-0.23706,-0.2561,-0.13403,0.51658,0,1.72943,0.82001,-0.37304,1.92772,2.40627,-0.67768,-0.7825,-10.95381,1.65025,-8.88105,0.43073,1.17782,0.48686,0.16992,-2.13972,0.13755,3.61703,1.3142,0.09626,1.41997,0.28559,-7.931,-1.72328,2.60021,19.73151,-3.49801,0.19771,5.84966,-1.80776,-1.38214,-0.07811,2.63436,-0.54977,-0.1189,-1.26155
27.1,-0.33417,-0.28305,-0.14057,0.46411,0,1.98333,0.98344,-0.61836,2.02095,2.45424,-0.71389,-0.77449,-12.04383,1.8166,-10.19464,0.3265,1.25959,0.64219,0.11439,-2.59159,-0.04449,4.03295,1.22332,-0.04479,1.26565,0.22201,-7.6201,-1.91886,2.41876,16.0341,-3.74334,0.19127,6.71184,-1.78291,-1.58121,-0.13935,2.22783,-0.31695,-0.00563,-1.19823
27.12,-0.4216,-0.29933,-0.15642,0.47372,0,2.11786,1.12768,-0.79644,1.97719,2.3807,-0.70195,-0.72768,-12.19288,1.82315,-10.5256,0.17456,1.18355,0.65999,0.06951,-2.7784,-0.26478,4.10057,1.05781,-0.16984,1.05732,0.15073,-7.10624,-1.96083,2.26047,11.82874,-3.72737,0.16413,7.15696,-1.65585,-1.64021,-0.24674,1.67165,-0.02761,0.10806,-1.06179
27.14,-0.49847,-0.30261,-0.18216,0.54655,0,2.12517,1.2552,-0.90158,1.80139,2.18314,-0.62873,-0.64327,-11.67665,1.70431,-10.16732,-0.01657,0.98923,0.56718,0.03518,-2.69637,-0.50792,3.82429,0.82344,-0.26721,0.81021,0.07758,-6.43106,-1.84919,2.15382,7.29369,-3.46607,0.1226,7.16673,-1.43822,-1.55071,-0.40097,0.99056,0.2934,0.21665,-0.85713
27.16,-0.56421,-0.29137,-0.21763,0.6791,0,2.00625,1.36838,-0.93371,1.50749,1.86589,-0.49062,-0.52429,-10.81728,1.49832,-9.45818,-0.23405,0.71713,0.39402,0.01051,-2.35993,-0.75496,3.23244,0.5298,-0.32732,0.54079,0.00831,-5.64258,-1.59599,2.11277,2.62397,-2.99375,0.07421,6.75165,-1.14725,-1.31503,-0.59928,0.2191,0.61689,0.31579,-0.59497
27.18,-0.6185,-0.26499,-0.26182,0.86311,0,1.77078,1.46873,-0.89816,1.11727,1.4407,-0.29613,-0.37513,-9.90536,1.24427,-8.70192,-0.46202,0.40547,0.17142,-0.00591,-1.79962,-0.98618,2.37502,0.1906,-0.34373,0.26667,-0.0518,-4.79271,-1.22358,2.13536,-1.97751,-2.35921,0.02651,5.95104,-0.80345,-0.94614,-0.83581,-0.60284,0.9113,0.40183,-0.29056
27.2,-0.66114,-0.22385,-0.31294,1.08585,0,1.43652,1.55632,-0.80509,0.65875,0.9267,-0.06381,-0.20111,-9.13495,0.97937,-8.1016,-0.68328,0.08756,-0.07134,-0.01589,-1.05927,-1.18358,1.32035,-0.1763,-0.31397,0.00629,-0.09817,-3.93459,-0.76216,2.2041,-6.30949,-1.62093,-0.01406,4.83139,-0.42797,-0.46681,-1.10186,-1.43479,1.14487,0.47134,0.03767
27.22,-0.69206,-0.16932,-0.3685,1.33052,0,1.02804,1.62948,-0.66857,0.16453,0.34963,0.18149,-0.00816,-8.56988,0.73689,-7.72529,-0.88108,-0.20991,-0.30859,-0.02132,-0.19262,-1.33268,0.15044,-0.5495,-0.23984,-0.22197,-0.12724,-3.11959,-0.24691,2.28884,-10.18235,-0.84146,-0.04306,3.4822,-0.04014,0.09203,-1.3859,-2.24028,1.28785,0.52066,0.36923
27.24,-0.71117,-0.10363,-0.42552,1.57701,0,0.57475,1.68463,-0.50527,-0.32987,-0.26006,0.41231,0.1974,-8.14882,0.54474,-7.51153,-1.04107,-0.46776,-0.51974,-0.02407,0.74056,-1.42321,-1.04482,-0.90545,-0.12736,-0.40142,-0.13682,-2.39401,0.28507,2.35168,-13.42911,-0.08123,-0.05848,2.0087,0.34478,0.6936,-1.67328,-2.99094,1.31468,0.54578,0.68243
27.26,-0.71829,-0.0298,-0.48074,1.80288,0,0.10847,1.71658,-0.33292,-0.78789,-0.86997,0.60228,0.40898,-7.72437,0.42461,-7.30941,-1.15302,-0.67436,-0.69048,-0.02573,1.67881,-1.4487,-2.17428,-1.22037,0.01386,-0.51913,-0.12638,-1.79552,0.79798,2.3536,-15.91694,0.60768,-0.06079,0.52233,0.71739,1.29828,-1.94578,-3.66967,1.20604,0.54236,0.95507
27.28,-0.71314,0.04862,-0.53093,1.98466,0,-0.33928,1.71898,-0.16872,-1.17374,-1.44893,0.72962,0.61979,-7.12147,0.39157,-6.9383,-1.21226,-0.82501,-0.81338,-0.02748,2.56307,-1.40553,-3.15231,-1.47257,0.17146,-0.56808,-0.09726,-1.34983,1.26022,2.26146,-17.55831,1.18692,-0.05269,-0.86972,1.07539,1.8668,-2.18169,-4.27273,0.95063,0.5062,1.1654
27.3,-0.69537,0.12773,-0.57316,2.09943,0,-0.73972,1.68508,-0.02784,-1.4544,-1.97,0.77994,0.82289,-6.19664,0.45411,-6.24866,-1.22044,-0.92081,-0.88799,-0.02995,3.34021,-1.29162,-3.90464,-1.64457,0.33131,-0.54858,-0.05278,-1.06834,1.64669,2.05416,-18.31943,1.63529,-0.03857,-2.07413,1.42386,2.36327,-2.35643,-4.81024,0.54653,0.43376,1.29334
27.32,-0.66458,0.20345,-0.605,2.12658,0,-1.06893,1.60856,0.07778,-1.60163,-2.41287,0.74813,1.01122,-4.88225,0.61432,-5.16754,-1.18534,-0.96691,-0.92014,-0.03319,3.96544,-1.1052,-4.37261,-1.72466,0.47859,-0.46841,0.00203,-0.94707,1.94027,1.72651,-18.22351,1.94941,-0.02383,-3.01891,1.77451,2.75769,-2.4445,-5.30449,0.00176,0.32289,1.32241
27.34,-0.62044,0.27176,-0.62466,2.04979,0,-1.30942,1.48436,0.14033,-1.59405,-2.76533,0.63769,1.17768,-3.20685,0.86846,-3.72007,-1.11957,-0.97052,-0.92041,-0.03666,4.40365,-0.84376,-4.51545,-1.70762,0.59882,-0.34154,0.06083,-0.96717,2.13231,1.29029,-17.34783,2.14128,-0.01408,-3.658,2.14386,3.02771,-2.42231,-5.7862,-0.66599,0.17361,1.24211
27.36,-0.56278,0.32883,-0.63109,1.85899,0,-1.45114,1.30953,0.15659,-1.41918,-3.0239,0.45636,1.31523,-1.29143,1.20755,-2.02646,-1.03855,-0.93874,-0.9022,-0.03928,4.62993,-0.5035,-4.31114,-1.59487,0.67896,-0.1857,0.11682,-1.09698,2.2222,0.77257,-15.81541,2.23362,-0.01429,-3.97326,2.55052,3.15975,-2.27197,-6.28898,-1.4305,-0.01129,1.05061
27.38,-0.49172,0.37131,-0.62396,1.55223,0,-1.49192,1.0839,0.12797,-1.07528,-3.19364,0.2107,1.41711,0.67227,1.61829,-0.28071,-0.95814,-0.8768,-0.87943,-0.03958,4.62981,-0.07936,-3.75624,-1.39406,0.70838,-0.01932,0.16347,-1.29522,2.21647,0.21193,-13.7835,2.25408,-0.02802,-3.97411,3.01208,3.14952,-1.98518,-6.84308,-2.25855,-0.22568,0.7572
27.4,-0.40782,0.39651,-0.60362,1.13705,0,-1.43727,0.81077,0.06014,-0.57245,-3.28727,-0.09611,1.47704,2.45349,2.08408,1.28105,-0.89238,-0.78694,-0.86452,-0.03588,4.39929,0.43425,-2.86526,-1.11834,0.67989,0.14104,0.19534,-1.51518,2.12736,-0.34643,-11.43033,2.22975,-0.05689,-3.6951,3.54195,3.00182,-1.56617,-7.4692,-3.11178,-0.45997,0.38358
27.42,-0.31221,0.40265,-0.57109,0.63095,0,-1.2993,0.49705,-0.03801,0.06738,-3.32332,-0.46266,1.48938,3.81723,2.58619,2.41583,-0.85192,-0.66833,-0.86683,-0.02647,3.94489,1.04201,-1.66951,-0.78548,0.59046,0.28251,0.20863,-1.70937,1.9709,-0.85637,-8.94072,2.18296,-0.10028,-3.19131,4.14658,2.72954,-1.03295,-8.17305,-3.94849,-0.70139,-0.03669
27.44,-0.20665,0.38907,-0.52781,0.06068,0,-1.09489,0.15319,-0.15578,0.81179,-3.32356,-0.88629,1.44917,4.55769,3.1052,2.9081,-0.8431,-0.51807,-0.8917,-0.00986,3.28347,1.7457,-0.21552,-0.41669,0.44178,0.39647,0.20149,-1.83468,1.76474,-1.27643,-6.49126,2.12901,-0.15546,-2.53193,4.82319,2.35167,-0.41622,-8.94114,-4.7254,-0.93482,-0.46091
27.46,-0.0935,0.35638,-0.4755,-0.53962,0,-0.84325,-0.20746,-0.28255,1.62048,-3.30981,-1.35941,1.35228,4.52773,3.62246,2.60066,-0.86784,-0.33292,-0.94011,0.01502,2.44197,2.54192,1.43714,-0.03518,0.24055,0.47814,0.17406,-1.85728,1.52581,-1.57519,-4.23567,2.07564,-0.21788,-1.79248,5.55835,1.89076,0.24376,-9.73821,-5.39945,-1.14408,-0.84187
27.48,0.02431,0.30658,-0.41597,-1.13121,0,-0.56334,-0.56945,-0.4095,2.44872,-3.30083,-1.86524,1.19558,3.66272,4.12145,1.42003,-0.92409,-0.11149,-1.00896,0.04859,1.45686,3.42005,3.21829,0.33527,-0.00159,0.52562,0.12836,-1.75698,1.26829,-1.73537,-2.29257,2.02399,-0.28183,-1.04695,6.32744,1.37027,0.90162,-10.50669,-5.92954,-1.31345,-1.13355
27.5,0.14335,0.24308,-0.35096,-1.67407,0,-0.27175,-0.91629,-0.53109,3.25095,-3.30962,-2.37445,0.97747,1.99679,4.58873,-0.60547,-1.00658,0.14391,-1.09186,0.09055,0.3732,4.36084,5.05001,0.67192,-0.26857,0.53895,0.068,-1.53003,1.00219,-1.756,-0.73716,1.97028,-0.34105,-0.36093,7.09503,0.81224,1.51184,-11.1685,-6.27821,-1.42919,-1.29694
27.52,0.25981,0.17056,-0.28203,-2.13064,0,0.01888,-1.23148,-0.64568,3.98418,-3.34153,-2.84639,0.69844,-0.33077,5.01399,-3.33741,-1.10781,0.42596,-1.18022,0.13984,-0.75716,5.33603,6.85,0.9546,-0.54091,0.51963,-0.00207,-1.18971,0.73285,-1.65195,0.40156,1.9077,-0.38935,0.21361,7.81623,0.23567,2.03334,-11.62892,-6.41279,-1.48072,-1.30492
27.54,0.36967,0.09452,-0.21057,-2.46966,0,0.30038,-1.49964,-0.75534,4.61102,-3.39333,-3.23649,0.36193,-3.08061,5.38927,-6.53056,-1.21895,0.72224,-1.26467,0.1948,-1.87835,6.3093,8.53546,1.1673,-0.79735,0.47069,-0.076,-0.76437,0.46133,-1.45052,1.13779,1.82813,-0.42124,0.64137,8.43888,-0.34431,2.43355,-11.78279,-6.30629,-1.46136,-1.14576
27.56,0.46891,0.02086,-0.13774,-2.66984,0,0.56891,-1.7076,-0.86485,5.10215,-3.45334,-3.50539,-0.02494,-5.93045,5.70754,-9.84855,-1.33068,1.01593,-1.33646,0.25339,-2.93402,7.23845,10.02768,1.29966,-1.01696,0.39735,-0.1474,-0.2933,0.18564,-1.18602,1.52133,1.7235,-0.43235,0.90488,8.90685,-0.9165,2.6915,-11.52286,-5.93843,-1.36878,-0.8251
27.58,0.55373,-0.04483,-0.06455,-2.72301,0,0.82399,-1.84551,-0.98013,5.43833,-3.50281,-3.62497,-0.45071,-8.50372,5.96128,-12.89194,-1.43398,1.28733,-1.3888,0.31345,-3.8709,8.07841,11.25657,1.34823,-1.18149,0.30781,-0.20979,0.17866,-0.09749,-0.89347,1.62687,1.58694,-0.41986,1.00419,9.1642,-1.4729,2.79998,-10.74982,-5.29734,-1.20506,-0.36634
27.6,0.62084,-0.09785,0.00811,-2.63591,0,1.06701,-1.90766,-1.10636,5.61153,-3.51827,-3.58181,-0.89937,-10.40937,6.14139,-15.2384,-1.52054,1.51565,-1.41771,0.37298,-4.64136,8.78448,12.16436,1.31705,-1.27749,0.21378,-0.2571,0.60669,-0.39062,-0.60308,1.5424,1.41359,-0.38275,0.95512,9.15992,-2.00729,2.76653,-9.38314,-4.38241,-0.97678,0.19045
27.62,0.66757,-0.13485,0.07937,-2.42993,0,1.29926,-1.89297,-1.24607,5.62483,-3.47491,-3.37961,-1.35074,-11.29135,6.23667,-16.49418,-1.58301,1.68083,-1.42215,0.43027,-5.20446,9.31496,12.70742,1.21749,-1.29792,0.13027,-0.28411,0.95109,-0.69364,-0.33652,1.35785,1.20135,-0.32192,0.78655,8.85263,-2.51322,2.61266,-7.37119,-3.20798,-0.69479,0.79145
27.64,0.69209,-0.15424,0.14834,-2.13875,0,1.51992,-1.80497,-1.39738,5.49102,-3.3508,-3.04111,-1.78163,-10.88458,6.23393,-16.35323,-1.61492,1.76512,-1.40345,0.48398,-5.52538,9.63307,12.85604,1.06695,-1.243,0.0744,-0.28692,1.18128,-1.00219,-0.10563,1.15512,0.95119,-0.24016,0.53669,8.21471,-2.98163,2.37156,-4.69974,-1.80751,-0.37384,1.37362
27.66,0.69346,-0.15633,0.21406,-1.80404,0,1.72409,-1.65136,-1.55276,5.23013,-3.13185,-2.60756,-2.1676,-9.06995,6.11883,-14.65671,-1.61039,1.7544,-1.36428,0.53305,-5.57426,9.70826,12.59319,0.88684,-1.12027,0.0634,-0.26343,1.27863,-1.30673,0.08688,1.00002,0.6674,-0.1419,0.24876,7.23587,-3.39876,2.08433,-1.3982,-0.23704,-0.03196,1.87071
27.68,0.67168,-0.14337,0.27549,-1.47026,0,1.9016,-1.44329,-1.69861,4.86669,-2.8172,-2.13129,-2.48516,-5.91704,5.87734,-11.44065,-1.56402,1.63916,-1.30758,0.57655,-5.32594,9.51746,11.91372,0.70007,-0.94394,0.11194,-0.21373,1.23804,-1.59233,0.24525,0.93666,0.35765,-0.03293,-0.03357,5.92595,-3.7449,1.79557,2.45664,1.42309,0.31041,2.21988
27.7,0.62774,-0.11927,0.33159,-1.17944,0,2.03691,-1.19447,-1.81587,4.42692,-2.42293,-1.66174,-2.71376,-1.70001,5.49743,-6.95645,-1.47091,1.41505,-1.23607,0.6135,-4.76202,9.04652,10.82519,0.52864,-0.73359,0.22946,-0.14033,1.06818,-1.83948,0.37806,0.98455,0.03292,0.08002,-0.27063,4.3165,-3.99464,1.54875,6.74021,3.07009,0.63154,2.36818
27.72,0.56353,-0.08927,0.38132,-0.96675,0,2.11043,-0.92008,-1.88206,3.93628,-1.97838,-1.23455,-2.8374,3.12532,4.97059,-1.65125,-1.32702,1.08284,-1.15253,0.64264,-3.87588,8.29142,9.35046,0.39156,-0.51209,0.4178,-0.04821,0.79012,-2.02598,0.49591,1.13909,-0.29289,0.18969,-0.43055,2.46028,-4.11904,1.38198,11.28419,4.58556,0.90988,2.27799
27.74,0.48173,-0.05919,0.42373,-0.85719,0,2.1014,-0.63542,-1.87448,3.41731,-1.51405,-0.86952,-2.84541,7.98597,4.29287,3.89528,-1.12976,0.64782,-1.06104,0.66211,-2.68029,7.25926,7.53169,0.30326,-0.30295,0.66955,0.05546,0.43453,-2.12979,0.60976,1.37495,-0.60356,0.2888,-0.49251,0.42815,-4.08973,1.32425,15.8857,5.84758,1.12585,1.93104
27.76,0.38554,-0.03469,0.4581,-0.86354,0,1.99171,-0.35456,-1.77435,2.88796,-1.04997,-0.57371,-2.73279,12.2875,3.46559,9.067,-0.87885,0.11881,-0.96884,0.66917,-1.21592,5.96891,5.43454,0.27261,-0.12725,0.96726,0.16187,0.03781,-2.13273,0.73012,1.65206,-0.88154,0.37063,-0.44902,-1.69609,-3.88443,1.39244,20.32109,6.74676,1.26388,1.33089
27.78,0.27848,-0.02046,0.48401,-0.9857,0,1.77029,-0.08909,-1.57096,2.36072,-0.59245,-0.34511,-2.50014,15.51873,2.49615,13.31758,-0.57711,-0.49281,-0.8883,0.65998,0.44237,4.45147,3.15068,0.30249,-0.00093,1.28396,0.26128,-0.36228,-2.02408,0.86671,1.9227,-1.10929,0.42949,-0.30703,-3.82209,-3.49284,1.58921,24.36244,7.20302,1.31428,0.50388
27.8,0.16416,-0.01953,0.50149,-1.21117,0,1.4366,0.15278,-1.26499,1.84248,-0.13716,-0.17558,-2.1536,17.33912,1.39924,16.26005,-0.23103,-1.17361,-0.83842,0.62934,2.18479,2.75023,0.79633,0.38987,0.06732,1.58496,0.34392,-0.73051,-1.80364,1.02834,2.13854,-1.27077,0.46127,-0.0877,-5.85922,-2.92145,1.90208,27.79383,7.17902,1.2747,-0.50155
27.82,0.04611,-0.0329,0.51105,-1.51696,0,1.00265,0.36659,-0.86991,1.33533,0.32615,-0.0532,-1.70458,17.62667,0.19827,17.71742,0.14919,-1.90803,-0.84493,0.57056,3.87481,0.91954,-1.49559,0.52646,0.07672,1.83124,0.40091,-1.0373,-1.48316,1.22272,2.25663,-1.35312,0.46366,0.17584,-7.72201,-2.19581,2.30396,30.42481,6.68655,1.15064,-1.61748
27.84,-0.07236,-0.05948,0.51373,-1.87259,0,0.49276,0.55142,-0.41121,0.83796,0.80911,0.03594,-1.16951,16.47686,-1.07303,17.72469,0.55026,-2.67754,-0.93903,0.47548,5.36672,-0.9778,-3.59027,0.69981,0.03369,1.98428,0.42514,-1.26056,-1.0859,1.45588,2.2435,-1.34829,0.43636,0.44248,-9.33431,-1.35956,2.75504,32.1001,5.78426,0.95486,-2.76125
27.86,-0.18827,-0.09632,0.51099,-2.24387,0,-0.05858,0.70924,0.07658,0.34753,1.31994,0.10646,-0.56932,14.1587,-2.36944,16.4884,0.95686,-3.45933,-1.15451,0.33463,6.53007,-2.8743,-5.37061,0.89478,-0.05001,2.01165,0.41212,-1.38648,-0.64438,1.73132,2.07767,-1.25463,0.38103,0.66867,-10.63276,-0.47042,3.20626,32.70655,4.56784,0.70587,-3.84203
27.88,-0.29906,-0.13907,0.50465,-2.59695,0,-0.61033,0.84394,0.55408,-0.13824,1.85861,0.17269,0.07096,11.04576,-3.63388,14.3213,1.35288,-4.22485,-1.52401,0.13778,7.2752,-4.70219,-6.75733,1.09509,-0.15978,1.89261,0.36069,-1.40947,-0.197,2.04904,1.75054,-1.07812,0.3012,0.81448,-11.56961,0.40578,3.60357,32.17877,3.15556,0.42586,-4.76853
27.9,-0.40259,-0.18257,0.49677,-2.90196,0,-1.11921,0.96036,0.9817,-0.61926,2.41163,0.24795,0.72291,7.54243,-4.7985,11.57203,1.72228,-4.93843,-2.07485,-0.12512,7.57273,-6.39722,-7.72363,1.28474,-0.28046,1.6221,0.27334,-1.33132,0.21603,2.40464,1.26598,-0.83304,0.20213,0.84918,-12.1149,1.20205,3.89289,30.50386,1.67273,0.13838,-5.45687
27.92,-0.49714,-0.22146,0.48947,-3.13549,0,-1.54404,1.06319,1.324,-1.09178,2.94765,0.34374,1.35557,4.022,-5.78769,8.56627,2.04925,-5.55654,-2.82499,-0.46244,7.46081,-7.90148,-8.29984,1.44911,-0.39815,1.2122,0.15615,-1.15984,0.55672,2.78857,0.63882,-0.54158,0.0905,0.75543,-12.25779,1.85695,4.02499,27.72417,0.23743,-0.13376,-5.83778
27.94,-0.58133,-0.25075,0.48472,-3.28188,0,-1.84991,1.15617,1.5534,-1.54784,3.41841,0.46898,1.93682,0.78545,-6.52338,5.5682,2.31766,-6.0279,-3.77955,-0.87897,7.0377,-9.16482,-8.56598,1.57555,-0.50097,0.69049,0.01821,-0.907,0.79321,3.18588,-0.10788,-0.23233,-0.02584,0.53152,-12.0066,2.32073,3.96017,23.93714,-1.05075,-0.37046,-5.86257
27.96,-0.65406,-0.26636,0.48412,-3.33324,0,-2.01172,1.24139,1.65286,-1.9756,3.77073,0.62898,2.43503,-1.95773,-6.93237,2.76359,2.50991,-6.29529,-4.92806,-1.37359,6.4418,-10.14549,-8.63444,1.65369,-0.57912,0.09577,-0.12934,-0.58682,0.9031,3.57639,-0.94621,0.06221,-0.13833,0.19169,-11.38808,2.56038,3.67249,19.2925,-2.11847,-0.55583,-5.50786
27.98,-0.71437,-0.26554,0.48874,-3.28884,0,-2.01701,1.3189,1.61768,-2.3604,3.96323,0.82415,2.82118,-4.09071,-6.95475,0.26075,2.60579,-6.29946,-6.24259,-1.93701,5.82505,-10.81065,-8.62754,1.67549,-0.62447,-0.52758,-0.27455,-0.21336,0.876,3.93546,-1.84691,0.30875,-0.23821,-0.23519,-10.44616,2.56319,3.15338,13.98748,-2.92257,-0.67938,-4.77874
28,-0.76146,-0.24716,0.49893,-3.15397,0,-1.86753,1.38662,1.45605,-2.68639,3.97533,1.04841,3.07078,-5.5781,-6.55216,-1.89654,2.58174,-5.98543,-7.67695,-2.54968,5.32639,-11.1369,-8.65547,1.63517,-0.62996,-1.13522,-0.40577,0.20109,0.71485,4.2352,-2.78254,0.47633,-0.31704,-0.70838,-9.23996,2.33825,2.41404,8.25949,-3.45001,-0.73659,-3.70998
28.02,-0.79457,-0.21184,0.51432,-2.9385,0,-1.57915,1.44048,1.18824,-2.93846,3.8064,1.28723,3.16559,-6.44758,-5.71422,-3.70996,2.41084,-5.31116,-9.16704,-3.18045,5.05069,-11.11104,-8.79908,1.52898,-0.58924,-1.68735,-0.51263,0.64719,0.43567,4.44611,-3.72969,0.53922,-0.36739,-1.17917,-7.84054,1.91522,1.48613,2.37465,-3.71368,-0.72881,-2.36441
28.04,-0.81292,-0.16177,0.53383,-2.65532,0,-1.18003,1.47482,0.84423,-3.10433,3.47164,1.51545,3.09488,-6.76866,-4.46221,-5.20587,2.06395,-4.25773,-10.63245,-3.78641,5.05607,-10.73089,-9.09967,1.35503,-0.49666,-2.15168,-0.58668,1.11924,0.06554,4.539,-4.67016,0.47917,-0.38349,-1.59581,-6.32592,1.34043,0.42008,-3.38876,-3.74469,-0.6626,-0.82813
28.06,-0.81573,-0.10047,0.55581,-2.31871,0,-0.70732,1.48301,0.46038,-3.17666,2.99771,1.69711,2.85626,-6.63195,-2.84992,-6.41644,1.51191,-2.8398,-11.97964,-4.31423,5.34982,-10.00628,-9.55613,1.1131,-0.34778,-2.50476,-0.62183,1.6153,-0.36079,4.48715,-5.59122,0.28723,-0.3619,-1.90912,-4.7749,0.67075,-0.71858,-8.76111,-3.58253,-0.54842,0.79703
28.08,-0.80218,-0.03238,0.57824,-1.94301,0,-0.20308,1.45824,0.07543,-3.15485,2.41877,1.79244,2.45635,-6.13188,-0.96188,-7.36528,0.72887,-1.11423,-13.10637,-4.70355,5.89112,-8.96056,-10.12792,0.80453,-0.1402,-2.73234,-0.61461,2.13673,-0.80495,4.26858,-6.48486,-0.03511,-0.30213,-2.0781,-3.26079,-0.0333,-1.85468,-13.50321,-3.26551,-0.39918,2.40259
28.1,-0.77152,0.03762,0.59887,-1.54167,0,0.28977,1.39432,-0.27331,-3.04615,1.77297,1.77147,1.91108,-5.35471,1.09099,-8.05933,-0.30347,0.81618,-13.9071,-4.89248,6.59829,-7.63186,-10.74186,0.43249,0.12529,-2.82912,-0.56439,2.68711,-1.22901,3.86824,-7.34619,-0.47522,-0.20699,-2.07479,-1.84601,-0.71401,-2.90995,-17.42543,-2.8236,-0.22867,3.88284
28.12,-0.72318,0.1046,0.61544,-1.12666,0,0.7311,1.28646,-0.55325,-2.86565,1.09956,1.62408,1.24562,-4.37276,3.17846,-8.48818,-1.59123,2.80625,-14.27864,-4.82531,7.35866,-6.07335,-11.30086,0.00224,0.44355,-2.79809,-0.47348,3.27062,-1.59888,3.27946,-8.17084,-1.00948,-0.08266,-1.88761,-0.5785,-1.32133,-3.81023,-20.4004,-2.2753,-0.05021,5.14357
28.14,-0.65688,0.16399,0.62581,-0.70825,0,1.0865,1.13182,-0.73894,-2.63491,0.43644,1.36055,0.49353,-3.24474,5.16088,-8.63034,-3.1237,4.68065,-14.12602,-4.46175,8.03981,-4.35197,-11.69356,-0.47837,0.8041,-2.64986,-0.34722,3.88975,-1.88679,2.50463,-8.95133,-1.60411,0.06173,-1.52285,0.51015,-1.81588,-4.49309,-22.36822,-1.6292,0.12454,6.10958
28.16,-0.57279,0.212,0.62801,-0.29495,0,1.3294,0.92996,-0.81375,-2.37953,-0.18198,1.0064,-0.30466,-2.02048,6.90142,-8.46478,-4.86926,6.25346,-13.36879,-3.78658,8.5019,-2.54545,-11.80457,-0.9986,1.19058,-2.40187,-0.19389,4.54291,-2.07285,1.55535,-9.67333,-2.21693,0.21485,-1.0043,1.40475,-2.1701,-4.91498,-23.33494,-0.88916,0.28642,6.73067
28.18,-0.47168,0.24585,0.62035,0.10634,0,1.44259,0.68314,-0.77073,-2.12615,-0.72644,0.5965,-1.10359,-0.74786,8.27895,-7.98449,-6.77258,7.35159,-11.94813,-2.81765,8.6109,-0.73829,-11.52576,-1.54446,1.5809,-2.07741,-0.02448,5.2221,-2.14578,0.45223,-10.31232,-2.79976,0.36424,-0.37157,2.10521,-2.36814,-5.05725,-23.36633,-0.06137,0.42926,6.98577
28.2,-0.35504,0.26404,0.60147,0.49009,0,1.41892,0.39653,-0.61265,-1.89972,-1.1741,0.16989,-1.85562,0.52112,9.19972,-7.20774,-8.75377,7.8377,-9.83463,-1.60959,8.25244,0.98286,-10.76823,-2.09869,1.94836,-1.70441,0.14794,5.91116,-2.10293,-0.77501,-10.83143,-3.30144,0.49738,0.32284,2.62392,-2.40502,-4.92919,-22.57794,0.83902,0.55003,6.88438
28.22,-0.22525,0.26642,0.57045,0.85199,0,1.26118,0.07832,-0.35129,-1.72103,-1.50926,-0.23466,-2.51399,1.72736,9.60599,-6.18359,-10.71027,7.62856,-7.0354,-0.25094,7.34577,2.53432,-9.47465,-2.64108,2.26395,-1.31341,0.30923,6.58473,-1.94951,-2.08728,-11.18079,-3.67136,0.60282,1.01747,2.98219,-2.28529,-4.56702,-21.12151,1.7838,0.64842,6.46438
28.24,-0.0856,0.25412,0.52688,1.18874,0,0.98123,-0.26049,-0.00585,-1.60509,-1.72352,-0.58223,-3.03637,2.8063,9.48054,-4.9895,-12.52198,6.70644,-3.59988,1.14614,5.85685,3.84077,-7.6307,-3.14923,2.49968,-0.93483,0.44565,7.20828,-1.69711,-3.43599,-11.29878,-3.8633,0.67115,1.6468,3.20586,-2.02158,-4.02826,-19.16838,2.73128,0.72602,5.78611
28.26,0.05981,0.22943,0.47087,1.49802,0,0.59855,-0.60649,0.39916,-1.56017,-1.81565,-0.84463,-3.38869,3.69354,8.8472,-3.72222,-14.05957,5.12289,0.37654,2.46195,3.80909,4.84087,-5.27469,-3.59977,2.63268,-0.59562,0.54565,7.73938,-1.36192,-4.76329,-11.11528,-3.83981,0.69587,2.14709,3.32074,-1.63314,-3.38244,-16.89143,3.62946,0.78528,4.92356
28.28,0.20616,0.19553,0.40313,1.77847,0,0.13849,-0.94443,0.83629,-1.58738,-1.79108,-1.0025,-3.54869,4.33285,7.76819,-2.48447,-15.19545,2.99548,4.75141,3.58745,1.28992,5.49235,-2.50325,-3.97004,2.64919,-0.31614,0.60158,8.13031,-0.96292,-6.0035,-10.55721,-3.57662,0.67405,2.46259,3.34855,-1.14455,-2.7004,-14.44868,4.42157,0.82841,3.95456
28.3,0.34816,0.15614,0.32503,2.02946,0,-0.36948,-1.25807,1.27727,-1.68095,-1.66102,-1.04644,-3.5085,4.68404,6.33827,-1.37101,-15.81569,0.49762,9.33775,4.44023,-1.54992,5.77568,0.52943,-4.23979,2.54737,-0.10776,0.61087,8.33186,-0.52053,-7.08596,-9.5558,-3.06671,0.60669,2.55164,3.30397,-0.58464,-2.0442,-11.97077,5.05264,0.85649,2.95164
28.32,0.48031,0.11523,0.23859,2.25065,0,-0.89333,-1.53111,1.69479,-1.82877,-1.44115,-0.97713,-3.27539,4.7284,4.67563,-0.4567,-15.83155,-2.1586,13.91141,4.97458,-4.50702,5.69539,3.62152,-4.39281,2.33797,0.0279,0.57641,8.29787,-0.05578,-7.93983,-8.05492,-2.3234,0.49877,2.39201,3.19325,0.01461,-1.45953,-9.55368,5.47548,0.86904,1.97486
28.34,0.59724,0.07655,0.14641,2.44131,0,-1.40011,-1.74833,2.06376,-2.01332,-1.1498,-0.80435,-2.87052,4.47065,2.90969,0.21193,-15.18928,-4.74586,18.22425,5.18396,-7.34668,5.27855,6.54346,-4.41809,2.04259,0.09814,0.50585,7.99035,0.4099,-8.50068,-6.01961,-1.38167,0.35873,1.98486,3.01446,0.61934,-0.97163,-7.25695,5.65533,0.86405,1.0674
28.36,0.69413,0.04327,0.0515,2.59943,0,-1.85739,-1.89683,2.36224,-2.21296,-0.80593,-0.54522,-2.32592,3.93752,1.16707,0.62091,-13.87779,-7.0487,22.02263,5.09656,-9.83241,4.57108,9.06549,-4.31074,1.68983,0.11691,0.41008,7.38451,0.85463,-8.71841,-3.44414,-0.29767,0.1977,1.35707,2.75939,1.19532,-0.58454,-5.10672,5.57312,0.83848,0.25371
28.38,0.76708,0.01758,-0.04285,2.7211,0,-2.23497,-1.96725,2.57221,-2.40336,-0.42718,-0.22195,-1.68063,3.17394,-0.44196,0.78915,-11.93368,-8.88979,25.06933,4.76649,-11.75799,3.63283,10.98767,-4.07271,1.31054,0.10174,0.3013,6.47363,1.25615,-8.56531,-0.359,0.85386,0.02846,0.56116,2.41661,1.70967,-0.28344,-3.10263,5.22738,0.78899,-0.4597
28.4,0.81351,0.00048,-0.13333,2.80033,0,-2.50646,-1.95486,2.68023,-2.55926,-0.02846,0.14042,-0.97659,2.23806,-1.83406,0.76494,-9.44244,-10.14997,27.16544,4.26298,-12.97494,2.53233,12.16583,-3.71315,0.93337,0.0706,0.1911,5.27241,1.5922,-8.04214,3.16469,1.98437,-0.13576,-0.32766,1.97522,2.1326,-0.03936,-1.22703,4.6348,0.71288,-1.08123
28.42,0.83236,-0.00835,-0.21677,2.82933,0,-2.65102,-1.86004,2.67816,-2.65624,0.37862,0.51623,-0.25459,1.19566,-2.95847,0.61873,-6.53385,-10.77739,28.1688,3.6599,-13.40938,1.34186,12.52775,-3.24827,0.58153,0.03926,0.08912,3.81788,1.84176,-7.18039,7.01475,2.99897,-0.28237,-1.2182,1.42858,2.43923,0.18431,0.54477,3.8292,0.60879,-1.62912
28.44,0.82404,-0.0104,-0.29038,2.79949,0,-2.65498,-1.68829,2.56377,-2.67253,0.78554,0.88103,0.44835,0.11458,-3.79711,0.43297,-3.37111,-10.78449,28.00717,3.02659,-13.06548,0.1328,12.07697,-2.70038,0.27112,0.01957,0.00212,2.16725,1.98704,-6.03977,11.04247,3.80614,-0.40048,-2.01372,0.77768,2.61111,0.4243,2.23462,2.85883,0.47716,-2.1251
28.46,0.79037,-0.00812,-0.35197,2.70283,0,-2.51337,-1.44966,2.34124,-2.59095,1.18597,1.21324,1.09964,-0.94066,-4.36005,0.29013,-0.13475,-10.23481,26.68578,2.42092,-12.01692,-1.02845,10.88556,-2.0964,0.01111,0.01855,-0.06612,0.39305,2.01619,-4.7015,15.07193,4.32903,-0.48184,-2.62476,0.03367,2.63782,0.7097,3.8531,1.78233,0.32053,-2.58753
28.48,0.73432,-0.0045,-0.40008,2.53379,0,-2.23117,-1.15785,2.0216,-2.40065,1.57448,1.49538,1.67165,-1.91329,-4.67814,0.26099,2.9954,-9.22474,24.28972,1.88475,-10.39046,-2.08376,9.0795,-1.46597,-0.19576,0.03844,-0.11461,-1.42321,1.92592,-3.25928,18.91221,4.51635,-0.52161,-2.98199,-0.78068,2.51815,1.05547,5.39344,0.66403,0.14342,-3.02544
28.5,0.65977,-0.0027,-0.43419,2.29103,0,-1.82381,-0.8292,1.62257,-2.09877,1.94538,1.71495,2.14283,-2.75761,-4.79481,0.39536,5.85707,-7.86518,20.98013,1.44206,-8.34614,-2.98581,6.82051,-0.83935,-0.35135,0.07724,-0.14452,-3.19749,1.72354,-1.80968,22.37067,4.35044,-0.51884,-3.04616,-1.6309,2.2609,1.45825,6.82868,-0.43078,-0.04771,-3.4348
28.52,0.5712,-0.00557,-0.45477,1.97871,0,-1.31658,-0.48158,1.16767,-1.69134,2.29162,1.86468,2.4985,-3.44056,-4.75835,0.71707,8.31837,-6.26698,16.98225,1.09951,-6.05708,-3.69945,4.28726,-0.24537,-0.46063,0.12986,-0.1586,-4.84891,1.42743,-0.44326,25.26491,3.85042,-0.47649,-2.81256,-2.47247,1.88471,1.89581,8.11269,-1.44027,-0.24488,-3.798
28.54,0.47341,-0.01532,-0.46316,1.6071,0,-0.74263,-0.13316,0.68442,-1.1935,2.60436,1.94241,2.73092,-3.94188,-4.61566,1.22385,10.28563,-4.53183,12.56475,0.84926,-3.69099,-4.2022,1.65747,0.29077,-0.53038,0.18948,-0.1604,-6.30449,1.06568,0.76289,27.43297,3.06941,-0.40111,-2.30913,-3.25436,1.41685,2.33038,9.18523,-2.31012,-0.43897,-4.08687
28.56,0.37119,-0.0332,-0.46152,1.19233,0,-0.13988,0.19883,0.20168,-0.62875,2.87303,1.95044,2.83901,-4.25301,-4.40781,1.89146,11.70663,-2.74863,8.01274,0.67328,-1.39499,-4.4841,-0.90749,0.74956,-0.5683,0.24912,-0.1537,-7.50277,0.67306,1.75102,28.74203,2.08662,-0.30195,-1.58907,-3.9241,0.89103,2.71514,9.98035,-2.99702,-0.62034,-4.26865
28.58,0.269,-0.05926,-0.45257,0.75561,0,0.45265,0.49924,-0.25319,-0.02762,3.08587,1.89482,2.82813,-4.37554,-4.16758,2.68042,12.57016,-0.99359,3.59935,0.54827,0.71503,-4.54709,-3.27422,1.11887,-0.58255,0.30302,-0.14202,-8.39671,0.28714,2.48696,29.0963,0.99646,-0.19002,-0.72069,-4.43356,0.34477,3.00247,10.43665,-3.47153,-0.7795,-4.31335
28.6,0.17076,-0.09228,-0.43943,0.3219,0,0.9984,0.7559,-0.65695,0.57447,3.23094,1.78446,2.70959,-4.31956,-3.9187,3.54335,12.90253,0.6678,-0.43894,0.45033,2.5593,-4.40419,-5.34363,1.39486,-0.58162,0.34764,-0.12829,-8.9558,-0.05582,2.96234,28.44355,-0.10295,-0.07682,0.22285,-4.74434,-0.1835,3.15187,10.50717,-3.72001,-0.90784,-4.20071
28.62,0.07965,-0.12984,-0.42534,-0.08199,0,1.46617,0.96026,-0.99232,1.13992,3.29719,1.6303,2.49996,-4.10206,-3.67637,4.43136,12.76132,2.17925,-3.91947,0.35856,4.09258,-4.07809,-7.05137,1.58179,-0.57422,0.38201,-0.11472,-9.16688,-0.32453,3.1947,26.77894,-1.12031,0.02685,1.17169,-4.83174,-0.65719,3.13605,10.16679,-3.74494,-0.99828,-3.92503
28.64,-0.00198,-0.16858,-0.41341,-0.42965,0,1.8322,1.1076,-1.24883,1.63233,3.27559,1.4443,2.21989,-3.74554,-3.44877,5.29859,12.22666,3.49378,-6.72174,0.2573,5.29687,-3.59923,-8.36259,1.69068,-0.56938,0.40744,-0.10285,-9.03399,-0.49549,3.22521,24.14537,-1.97952,0.11204,2.0642,-4.6868,-1.04411,2.94422,9.41613,-3.56379,-1.0459,-3.49678
28.66,-0.07272,-0.20455,-0.40635,-0.69766,0,2.08141,1.19704,-1.4229,2.02027,3.16018,1.23854,1.89254,-3.2768,-3.23902,6.10495,11.39133,4.5756,-8.78787,0.13692,6.17033,-3.00346,-9.26308,1.73712,-0.57639,0.42663,-0.09368,-8.57733,-0.5549,3.1144,20.63126,-2.62561,0.17269,2.84901,-4.31661,-1.3187,2.58258,8.28195,-3.20665,-1.04844,-2.94148
28.68,-0.1321,-0.23373,-0.40626,-0.86801,0,2.20783,1.23123,-1.51728,2.28076,2.94918,1.02442,1.54198,-2.72604,-3.04741,6.81737,10.35116,5.40312,-10.11731,-0.00632,6.71558,-2.32956,-9.74945,1.73874,-0.60471,0.4427,-0.08791,-7.83197,-0.49964,2.93612,16.36715,-3.02823,0.20636,3.48488,-3.74322,-1.46384,2.07273,6.81522,-2.71311,-1.00664,-2.29635
28.7,-0.18057,-0.25246,-0.41443,-0.92999,0,2.21446,1.21604,-1.53998,2.40202,2.6458,0.81208,1.1915,-2.12609,-2.87328,7.40999,9.19702,5.97125,-10.75785,-0.17119,6.93033,-1.61695,-9.82104,1.71283,-0.66377,0.45819,-0.0861,-6.84642,-0.33725,2.77005,11.52161,-3.18244,0.21451,3.93961,-3.0016,-1.47206,1.44864,5.08742,-2.12901,-0.92443,-1.6061
28.72,-0.21934,-0.25788,-0.43127,-0.88104,0,2.11222,1.15983,-1.50293,2.38456,2.25879,0.60998,0.86207,-1.51136,-2.71632,7.86345,8.00895,6.29185,-10.79422,-0.35261,6.80278,-0.90342,-9.47552,1.67461,-0.76258,0.4745,-0.08882,-5.68051,-0.08485,2.69277,6.29564,-3.10675,0.20216,4.18896,-2.13675,-1.34568,0.75246,3.18534,-1.50309,-0.80865,-0.91822
28.74,-0.25021,-0.24818,-0.45631,-0.7265,0,1.91829,1.0727,-1.42041,2.24043,1.80225,0.42476,0.57092,-0.91637,-2.5769,8.16364,6.85221,6.39151,-10.33549,-0.54287,6.31281,-0.22302,-8.70896,1.63611,-0.90906,0.49175,-0.09663,-4.40245,0.23303,2.7678,0.91446,-2.83846,0.17688,4.21608,-1.19981,-1.0961,0.0298,1.20449,-0.88372,-0.6684,-0.27832
28.76,-0.27528,-0.22285,-0.48827,-0.4784,0,1.65393,0.96546,-1.30739,1.99108,1.29501,0.26109,0.33036,-0.37392,-2.45573,8.30043,5.77546,6.3072,-9.50263,-0.73294,5.43865,0.39589,-7.52033,1.6059,-1.10909,0.50912,-0.10995,-3.08509,0.58731,3.03565,-4.38338,-2.42715,0.1474,4.01198,-0.2437,-0.74215,-0.67528,-0.75848,-0.31574,-0.51406,0.27404
28.78,-0.29667,-0.1827,-0.5252,-0.15381,0,1.34222,0.8486,-1.17805,1.66422,0.75964,0.12183,0.14703,0.08694,-2.35319,8.26678,4.81067,6.08093,-8.4175,-0.9135,4.16731,0.93224,-5.91934,1.58924,-1.36522,0.52522,-0.12899,-1.8017,0.94762,3.50547,-9.35885,-1.92746,0.12191,3.57687,0.68141,-0.30812,-1.32476,-2.61351,0.16223,-0.35624,0.70892
28.8,-0.3163,-0.12984,-0.56469,0.22698,0,1.00599,0.73138,-1.04456,1.29071,0.22124,0.00809,0.02174,0.44273,-2.26867,8.05857,3.97447,5.75464,-7.19417,-1.07583,2.50631,1.37304,-3.93563,1.58861,-1.67502,0.53841,-0.15357,-0.6218,1.28533,4.15023,-13.78612,-1.39225,0.10666,2.92202,1.5322,0.17841,-1.89005,-4.28404,0.51997,-0.20475,1.00837
28.82,-0.33556,-0.06751,-0.60406,0.64199,0,0.66624,0.62096,-0.91633,0.90156,-0.29395,-0.08047,-0.04983,0.67691,-2.20034,7.67479,3.27037,5.36603,-5.93277,-1.21241,0.49404,1.71325,-1.62708,1.6042,-2.02912,0.54677,-0.18308,0.3931,1.57594,4.90715,-17.46648,-0.86702,0.10497,2.07151,2.27547,0.68849,-2.35359,-5.71252,0.73696,-0.0679,1.16753
28.84,-0.35521,0.00024,-0.64054,1.06872,0,0.3409,0.52171,-0.79953,0.52553,-0.76019,-0.14538,-0.07564,0.78062,-2.14521,7.11799,2.69154,4.94584,-4.71572,-1.31726,-1.79331,1.95469,0.91464,1.63427,-2.409,0.54755,-0.21652,1.19353,1.80076,5.68388,-20.242,-0.38602,0.11685,1.06325,2.89048,1.19367,-2.70869,-6.86409,0.80291,0.04789,1.1941
28.86,-0.37522,0.06894,-0.67152,1.48515,0,0.04414,0.43476,-0.69712,0.18735,-1.15396,-0.18907,-0.06527,0.75304,-2.0997,6.39496,2.2236,4.51656,-3.60594,-1.38613,-4.23979,2.10418,3.56285,1.67542,-2.78484,0.53629,-0.25255,1.74595,1.94776,6.36975,-22.00847,0.02999,0.13924,-0.05097,3.37031,1.66757,-2.95789,-7.72869,0.71766,0.13828,1.10683
28.88,-0.39472,0.13414,-0.69472,1.87055,0,-0.21397,0.35778,-0.60911,-0.0936,-1.45584,-0.21451,-0.0279,0.60124,-2.0604,5.51776,1.84749,4.0925,-2.64684,-1.41651,-6.69335,2.17161,6.15949,1.72282,-3.11384,0.50574,-0.28971,2.0357,2.01183,6.84999,-22.7262,0.37413,0.16654,-1.20658,3.72235,2.08718,-3.11048,-8.32141,0.49045,0.20095,0.93299
28.9,-0.41207,0.19184,-0.70832,2.20632,0,-0.42746,0.28526,-0.53315,-0.304,-1.65206,-0.22486,0.02939,0.33974,-2.02492,4.50451,1.54208,3.68089,-1.86374,-1.40767,-8.97588,2.16814,8.52474,1.77051,-3.33939,0.44507,-0.32649,2.0685,1.9944,7.02034,-22.42576,0.65221,0.19156,-2.32879,3.96751,2.43383,-3.17982,-8.68077,0.1389,0.23544,0.70555
28.92,-0.42496,0.23877,-0.7111,2.47691,0,-0.59395,0.2092,-0.46531,-0.43685,-1.73563,-0.22304,0.10243,-0.01036,-1.99235,3.37975,1.28634,3.28352,-1.26619,-1.36066,-10.90011,2.10492,10.47294,1.81186,-3.3916,0.33947,-0.36141,1.86969,1.90248,6.79968,-21.20559,0.87981,0.20636,-3.33681,4.13796,2.69365,-3.18077,-8.86435,-0.31246,0.24297,0.46003
28.94,-0.43065,0.27257,-0.70243,2.67091,0,-0.71407,0.12025,-0.40095,-0.49131,-1.70695,-0.21136,0.1898,-0.42271,-1.96337,2.17375,1.06105,2.89854,-0.85093,-1.27815,-12.29258,1.99248,11.83431,1.8401,-3.18959,0.17045,-0.39295,1.48096,1.74713,6.13922,-19.22017,1.07805,0.20326,-4.14993,4.27339,2.85754,-3.12764,-8.94154,-0.83405,0.22627,0.23133
28.96,-0.42621,0.29189,-0.68219,2.78216,0,-0.79062,0.00924,-0.3357,-0.47232,-1.57374,-0.19113,0.29182,-0.86738,-1.93978,0.92105,0.85001,2.52221,-0.60503,-1.16426,-13.01996,1.84066,12.48013,1.84907,-2.6458,-0.08304,-0.41948,0.95514,1.54166,5.02819,-16.66114,1.26863,0.17567,-4.69529,4.4161,2.92086,-3.03265,-8.98442,-1.39334,0.18936,0.05072
28.98,-0.40887,0.29638,-0.65074,2.81074,0,-0.8277,-0.13124,-0.26628,-0.38984,-1.35056,-0.16256,0.40908,-1.31299,-1.92393,-0.34151,0.64081,2.15065,-0.50883,-1.02446,-13.01403,1.65887,12.34665,1.83395,-1.67238,-0.44271,-0.43906,0.35008,1.29984,3.49624,-13.73561,1.46894,0.11894,-4.91632,4.6057,2.88296,-2.90521,-9.05797,-1.95687,0.13745,-0.05669
29,-0.37637,0.28663,-0.60879,2.76349,0,-0.83001,-0.30548,-0.19117,-0.258,-1.05767,-0.12483,0.54098,-1.72882,-1.91794,-1.57664,0.42536,1.78121,-0.53847,-0.86532,-12.28872,1.45659,11.45186,1.79195,-0.18968,-0.92822,-0.44928,-0.27724,1.03463,1.61274,-10.64592,1.68825,0.03116,-4.78084,4.87409,2.74665,-2.75185,-9.21117,-2.49195,0.07667,-0.07362
29.02,-0.32717,0.26407,-0.55735,2.65347,0,-0.80222,-0.51367,-0.11094,-0.09384,-0.71927,-0.07672,0.68453,-2.0872,-1.92283,-2.74826,0.19996,1.41352,-0.66781,-0.6943,-10.94358,1.24345,9.89928,1.7226,1.86348,-1.55371,-0.44709,-0.87555,0.7574,-0.51735,-7.57386,1.9257,-0.08616,-4.2872,5.24131,2.51759,-2.57668,-9.46982,-2.96765,0.01375,0.00881
29.04,-0.26075,0.23082,-0.49764,2.49837,0,-0.74852,-0.75163,-0.02821,0.08411,-0.36113,-0.01748,0.83391,-2.36566,-1.93779,-3.82273,-0.03486,1.05001,-0.86964,-0.51926,-9.15124,1.02901,7.86667,1.62771,4.51817,-2.32388,-0.42875,-1.40271,0.47782,-2.76121,-4.67021,2.17041,-0.22764,-3.46761,5.71244,2.20355,-2.38217,-9.83173,-3.35536,-0.04434,0.19166
29.06,-0.17766,0.18949,-0.43096,2.318,0,-0.67234,-1.01103,0.05283,0.25765,-0.00766,0.05211,0.98049,-2.54914,-1.95952,-4.77006,-0.27484,0.69598,-1.11632,-0.34803,-7.13162,0.8221,5.58188,1.51093,7.76284,-3.22992,-0.38989,-1.82764,0.20417,-4.96901,-2.04951,2.40349,-0.38381,-2.38819,6.27586,1.81364,-2.17015,-10.26472,-3.62883,-0.09101,0.46957
29.08,-0.0796,0.14299,-0.35865,2.13134,0,-0.57624,-1.28012,0.12692,0.41066,0.32079,0.12867,1.11346,-2.63163,-1.98196,-5.56478,-0.51262,0.35938,-1.38,-0.18787,-5.1191,0.62998,3.29165,1.37704,11.5309,-4.24584,-0.32582,-2.13118,-0.05615,-6.98667,0.21083,2.60138,-0.54135,-1.14555,6.90311,1.35773,-1.9426,-10.70753,-3.76442,-0.12052,0.83233
29.1,0.03062,0.09437,-0.28203,1.95384,0,-0.46199,-1.54469,0.1885,0.53085,0.61013,0.20569,1.22077,-2.61706,-1.99646,-6.18668,-0.73854,0.05056,-1.63259,-0.04501,-3.33008,0.45769,1.23005,1.23125,15.6897,-5.32602,-0.23219,-2.30586,-0.2963,-8.66914,2.06825,2.73971,-0.68394,0.14053,7.55023,0.84613,-1.70226,-11.07371,-3.74161,-0.1285,1.26607
29.12,0.14914,0.04662,-0.20241,1.79519,0,-0.33068,-1.78917,0.23234,0.61112,0.85358,0.27369,1.29015,-2.51885,-1.99238,-6.62108,-0.94144,-0.21809,-1.84553,0.07559,-1.93651,0.30759,-0.40829,1.07834,20.03292,-6.40455,-0.10598,-2.35492,-0.50998,-9.89293,3.51067,2.79685,-0.79382,1.33867,8.16063,0.28949,-1.45243,-11.25828,-3.544,-0.11226,1.75372
29.14,0.2713,0.00251,-0.12105,1.65794,0,-0.18299,-1.99772,0.25406,0.65035,1.05153,0.3212,1.31019,-2.35801,-1.95826,-6.85856,-1.10951,-0.43261,-1.98976,0.17037,-1.04861,0.17938,-1.4871,0.92197,24.279,-7.39707,0.05327,-2.29053,-0.69199,-10.56725,4.55113,2.75681,-0.85403,2.32154,8.66945,-0.30101,-1.19615,-11.14694,-3.16084,-0.07089,2.27444
29.16,0.39193,-0.03554,-0.03919,1.53701,0,-0.01949,-2.15545,0.25067,0.65378,1.21038,0.33646,1.2714,-2.16013,-1.88331,-6.89446,-1.23108,-0.57835,-2.03588,0.23709,-0.70722,0.07061,-1.93923,0.76399,28.07871,-8.20556,0.24221,-2.13166,-0.83912,-10.64312,5.22217,2.61122,-0.8512,2.9836,9.00909,-0.91346,-0.93474,-10.6272,-2.58909,-0.00527,2.80267
29.18,0.50569,-0.06568,0.04201,1.42019,0,0.15891,-2.24953,0.22091,0.63247,1.34072,0.3094,1.16725,-1.95176,-1.75917,-6.72822,-1.29548,-0.64141,-1.95464,0.27462,-0.88463,-0.02244,-1.76963,0.60412,31.03485,-8.72618,0.45271,-1.90182,-0.95111,-10.11999,5.57059,2.36052,-0.77823,3.25816,9.11572,-1.53482,-0.66645,-9.60071,-1.83588,0.08197,3.30723
29.2,0.60749,-0.0867,0.12138,1.28964,0,0.35045,-2.27033,0.16564,0.60206,1.45525,0.23347,0.99499,-1.75705,-1.58165,-6.36269,-1.29346,-0.61098,-1.71808,0.28258,-1.49268,-0.10347,-1.05133,0.4401,32.73631,-8.85986,0.67163,-1.62687,-1.03121,-9.04834,5.65264,2.01417,-0.6364,3.12955,8.93572,-2.15044,-0.38546,-7.99522,-0.92107,0.18657,3.7512
29.22,0.69277,-0.09814,0.1978,1.12421,0,0.55186,-2.21229,0.08813,0.58041,1.5669,0.10693,0.75639,-1.59492,-1.35201,-5.80302,-1.21752,-0.48268,-1.30094,0.26093,-2.39673,-0.17461,0.08507,0.26831,32.80691,-8.52501,0.88169,-1.33305,-1.08585,-7.52652,5.52941,1.58983,-0.43617,2.63712,8.43129,-2.74366,-0.0819,-5.7743,0.12078,0.30257,4.0933
29.24,0.75784,-0.10033,0.27015,0.90257,0,0.75765,-2.07449,-0.00578,0.58439,1.68709,-0.06671,0.45801,-1.47712,-1.07771,-5.05537,-1.06171,-0.26257,-0.68273,0.20934,-3.43446,-0.23481,1.46784,0.08487,30.96587,-7.67125,1.0635,-1.04511,-1.12347,-5.69113,5.26233,1.11138,-0.19654,1.86964,7.58433,-3.29537,0.25705,-2.94381,1.23959,0.42229,4.2907
29.26,0.80008,-0.09437,0.33731,0.60674,0,0.95959,-1.86089,-0.10766,0.62621,1.82449,-0.2789,0.11121,-1.4073,-0.77249,-4.12575,-0.82141,0.02865,0.14972,0.12681,-4.43741,-0.27841,2.90462,-0.11293,27.09221,-6.29266,1.19848,-0.78461,-1.15258,-3.70219,4.90892,0.60629,0.0571,0.95135,6.39893,-3.78416,0.64529,0.44519,2.37058,0.53632,4.30336
29.28,0.81818,-0.08207,0.39822,0.22541,0,1.1464,-1.58035,-0.2067,0.71007,1.98411,-0.51687,-0.26814,-1.3809,-0.45589,-3.01988,-0.49318,0.35243,1.19907,0.01138,-5.25264,-0.29439,4.20434,-0.3253,21.27984,-4.43786,1.27213,-0.56849,-1.17961,-1.72556,4.51915,0.10257,0.29606,0.02288,4.90244,-4.18684,1.09529,4.29653,3.43707,0.63379,4.09888
29.3,0.8122,-0.06584,0.45188,-0.24346,0,1.30402,-1.24632,-0.29035,0.83007,2.16681,-0.76472,-0.66026,-1.38592,-0.15221,-1.74478,-0.07502,0.65146,2.45372,-0.13974,-5.7613,-0.26677,5.19778,-0.54898,13.86179,-2.21373,1.27681,-0.40806,-1.20712,0.08464,4.13265,-0.37373,0.49206,-0.77909,3.145,-4.47974,1.6157,8.47201,4.35564,0.70291,3.65706
29.32,0.78359,-0.04849,0.49739,-0.79145,0,1.4165,-0.8761,-0.34522,0.97011,2.36904,-1.00455,-1.04232,-1.4044,0.11113,-0.31225,0.43282,0.85226,3.88392,-0.32946,-5.8917,-0.17643,5.75427,-0.77709,5.37595,0.2205,1.21337,-0.30836,-1.23277,1.60136,3.77693,-0.80048,0.62082,-1.34017,1.19729,-4.6406,2.20933,12.79765,5.04379,0.732,2.97286
29.34,0.735,-0.03297,0.53403,-1.4002,0,1.46753,-0.4895,-0.35861,1.10601,2.58292,-1.21768,-1.38972,-1.41459,0.30585,1.25616,1.02645,0.87204,5.43825,-0.55963,-5.62522,-0.00457,5.79321,-0.99975,-3.52354,2.6698,1.09123,-0.26801,-1.24944,2.73655,3.46658,-1.16039,0.66555,-1.58258,-0.85417,-4.65097,2.87195,17.07358,5.42987,0.71095,2.0574
29.36,0.66999,-0.02208,0.56122,-2.04348,0,1.44259,-0.10716,-0.32017,1.20958,2.79659,-1.38588,-1.67782,-1.39344,0.4056,2.92375,1.6966,0.62932,7.04156,-0.82945,-4.99555,0.2629,5.2904,-1.20552,-12.15144,4.92827,0.92713,-0.27951,-1.24624,3.44878,3.20347,-1.4413,0.61966,-1.47438,-2.91349,-4.49897,3.59185,21.08703,5.46411,0.63298,0.93711
29.38,0.59267,-0.01811,0.57864,-2.69031,0,1.33131,0.25125,-0.22374,1.25366,2.99496,-1.49264,-1.88382,-1.3195,0.38904,4.63446,2.42685,0.05734,8.59525,-1.13377,-4.08213,0.63081,4.27917,-1.38318,-19.84885,6.80736,0.74273,-0.32999,-1.21053,3.74606,2.9779,-1.63593,0.48847,-1.03287,-4.88285,-4.18204,4.35001,24.62738,5.12883,0.4963,-0.34813
29.4,0.50736,-0.02257,0.58626,-3.30848,0,1.12954,0.56877,-0.06879,1.2171,3.16077,-1.52464,-1.98883,-1.17558,0.24291,6.31172,3.19208,-0.88146,9.98111,-1.46165,-2.99891,1.09102,2.84634,-1.5234,-26.05686,8.16108,0.56175,-0.40236,-1.13019,3.68276,2.77083,-1.74136,0.28936,-0.32154,-6.6697,-3.70907,5.12087,27.50086,4.44498,0.3053,-1.74706
29.42,0.41827,-0.03598,0.58437,-3.86788,0,0.84083,0.83231,0.13874,1.0886,3.27597,-1.47307,-1.97978,-0.95101,-0.03538,7.86196,3.95767,-2.18191,11.06942,-1.79544,-1.87886,1.62079,1.12247,-1.61995,-30.40436,8.90293,0.40691,-0.47692,-0.99614,3.34996,2.55692,-1.75846,0.05002,0.55997,-8.19291,-3.10098,5.87308,29.54283,3.4726,0.07075,-3.19901
29.44,0.32918,-0.0578,0.57356,-4.34338,0,0.47681,1.03345,0.38644,0.86883,3.32336,-1.33504,-1.85096,-0.64337,-0.43583,9.18326,4.67982,-3.78529,11.7315,-2.11078,-0.85531,2.18357,-0.73341,-1.67002,-32.75191,9.01208,0.29697,-0.53343,-0.80463,2.85957,2.30832,-1.69138,-0.19551,1.49242,-9.38742,-2.38966,6.57061,30.62689,2.30414,-0.19103,-4.63562
29.46,0.2432,-0.0864,0.55471,-4.71704,0,0.05664,1.16871,0.65625,0.57079,3.28835,-1.1147,-1.60526,-0.25926,-0.93479,10.17812,5.30722,-5.5734,11.8553,-2.37751,-0.042,2.73219,-2.55283,-1.67402,-33.1757,8.52964,0.24405,-0.55338,-0.55893,2.32494,1.99883,-1.54705,-0.41209,2.35715,-10.20772,-1.61513,7.17405,30.67134,1.05195,-0.46005,-5.98275
29.48,0.16252,-0.1192,0.52892,-4.97974,0,-0.3943,1.23948,0.92599,0.21866,3.1607,-0.82408,-1.25495,0.1855,-1.49503,10.76785,5.78408,-7.36978,11.36178,-2.56182,0.48491,3.2138,-4.17771,-1.63487,-31.91835,7.54818,0.25181,-0.52226,-0.27039,1.84191,1.60808,-1.33505,-0.56922,3.05597,-10.63034,-0.82179,7.64241,29.64427,-0.16735,-0.71496,-7.16277
29.5,0.08836,-0.15293,0.49747,-5.13174,0,-0.84639,1.25164,1.17117,-0.15472,2.93602,-0.48315,-0.82164,0.66669,-2.06718,10.90492,6.05465,-8.95063,10.21841,-2.62932,0.69942,3.57581,-5.47759,-1.55703,-29.32893,6.19759,0.31453,-0.43147,0.04171,1.47524,1.12493,-1.06756,-0.646,3.52563,-10.65511,-0.05437,7.93524,27.56702,-1.24792,-0.93547,-8.09785
29.52,0.02095,-0.18391,0.46177,-5.18205,0,-1.26817,1.21493,1.36725,-0.51135,2.61652,-0.11893,-0.33544,1.15342,-2.59273,10.5801,6.06868,-10.06731,8.4462,-2.54911,0.62977,3.77193,-6.36129,-1.4456,-25.80446,4.62956,0.41771,-0.27941,0.35169,1.25365,0.54962,-0.75933,-0.63398,3.74301,-10.30477,0.646,8.015,24.51465,-2.1067,-1.10421,-8.71405
29.54,-0.04035,-0.20842,0.42328,-5.14641,0,-1.62904,1.14195,1.49182,-0.81248,2.21086,0.23667,0.16719,1.61098,-3.00874,9.82275,5.78761,-10.4797,6.11872,-2.29836,0.35301,3.76763,-6.78206,-1.30529,-21.74042,3.00213,0.53999,-0.07166,0.63047,1.17479,-0.10583,-0.42754,-0.53774,3.72007,-9.62263,1.24526,7.84944,20.61239,-2.69076,-1.20812,-8.94666
29.56,-0.09683,-0.22318,0.38337,-5.04436,0,-1.90228,1.04703,1.52692,-1.02343,1.73326,0.54999,0.64653,2.00427,-3.25398,8.69498,5.1908,-9.9965,3.354,-1.86701,-0.01868,3.54491,-6.73665,-1.13971,-17.49367,1.46536,0.65624,0.1797,0.84966,1.21762,-0.81879,-0.09147,-0.37316,3.4907,-8.6687,1.71929,7.41425,16.02896,-2.98008,-1.23911,-8.74646
29.58,-0.15024,-0.22576,0.34329,-4.89602,0,-2.0677,0.94499,1.4611,-1.11817,1.20227,0.78928,1.06319,2.30154,-3.27565,7.28205,4.28095,-8.51453,0.30205,-1.26163,-0.35651,3.10558,-6.26029,-0.95087,-13.35865,0.14904,0.74124,0.45757,0.98584,1.35772,-1.55845,0.22813,-0.16423,3.09462,-7.51518,2.05576,6.69591,10.96796,-2.98656,-1.19436,-8.08642
29.6,-0.2024,-0.21487,0.30411,-4.71934,0,-2.1139,0.84999,1.29088,-1.08286,0.63942,0.92823,1.3818,2.4775,-3.0357,5.68133,3.08734,-6.04733,-2.86889,-0.50738,-0.53487,2.47259,-5.41918,-0.73906,-9.5555,-0.84675,0.77304,0.74174,1.02416,1.57992,-2.28906,0.51006,0.06096,2.56404,-6.24166,2.25476,5.69462,5.65839,-2.74996,-1.07625,-6.9676
29.62,-0.25498,-0.19053,0.26674,-4.52788,0,-2.03923,0.77434,1.02145,-0.91765,0.06806,0.94895,1.57427,2.51525,-2.51572,3.99135,1.66542,-2.73427,-5.98546,0.353,-0.44897,1.68854,-4.3015,-0.50321,-6.22823,-1.45761,0.73568,1.01115,0.9603,1.88375,-2.9737,0.73395,0.27421,1.91739,-4.93007,2.32767,4.42655,0.34358,-2.33151,-0.89211,-5.42294
29.64,-0.30919,-0.15405,0.2319,-4.32964,0,-1.85168,0.72755,0.66625,-0.63642,-0.48774,0.84384,1.62235,2.40682,-1.71974,2.30215,0.09207,1.1735,-8.8807,1.26355,-0.02861,0.81121,-3.00783,-0.24148,-3.45002,-1.65741,0.62066,1.24641,0.80044,2.28004,-3.5782,0.88204,0.4508,1.16203,-3.65922,2.29441,2.92502,-4.73195,-1.80558,-0.65363,-3.51766
29.66,-0.36551,-0.10776,0.20026,-4.12665,0,-1.56753,0.71542,0.24567,-0.26474,-1.00418,0.61653,1.51943,2.15247,-0.67486,0.68737,-1.54258,5.34711,-11.40397,2.16207,0.75298,-0.09328,-1.64163,0.04782,-1.23328,-1.45796,0.42739,1.43234,0.55955,2.78015,-4.07521,0.94104,0.5725,0.30418,-2.49925,2.1795,1.24051,-9.33757,-1.2504,-0.37613,-1.34658
29.68,-0.42353,-0.05471,0.17242,-3.91557,0,-1.20938,0.73942,-0.2149,0.1634,-1.45871,0.28186,1.27147,1.75949,0.56999,-0.80094,-3.14505,9.42512,-13.42947,2.9882,1.87531,-0.95834,-0.30079,0.36523,0.45806,-0.90616,0.1626,1.56026,0.25853,3.38208,-4.44783,0.904,0.62961,-0.63781,-1.50661,2.00792,-0.56054,-13.27225,-0.73887,-0.07764,0.97124
29.7,-0.48184,0.00167,0.14897,-3.68899,0,-0.80388,0.79641,-0.68731,0.60937,-1.83102,-0.13518,0.89696,1.24078,1.94699,-2.13424,-4.62811,13.05942,-14.86316,3.69067,3.27214,-1.72412,0.92909,0.70925,1.6958,-0.07922,-0.16091,1.62975,-0.07891,4.05866,-4.69241,0.77137,0.62184,-1.62223,-0.72023,1.80155,-2.39786,-16.37866,-0.3306,0.22219,3.30005
29.72,-0.53814,0.05798,0.13045,-3.4372,0,-0.37924,0.87879,-1.14306,1.03371,-2.10403,-0.6015,0.4255,0.61385,3.37425,-3.30578,-5.91811,15.95332,-15.64768,4.23208,4.83841,-2.34308,1.97915,1.07562,2.57545,0.92229,-0.52617,1.6494,-0.42921,4.75217,-4.81962,0.5512,0.55791,-2.57918,-0.15941,1.57707,-4.18109,-18.5539,-0.06596,0.50339,5.49673
29.74,-0.58931,0.11106,0.11732,-3.15007,0,0.03706,0.97518,-1.55563,1.39971,-2.265,-1.07897,-0.1049,-0.10001,4.76226,-4.32548,-6.95949,17.88728,-15.76506,4.59057,6.44252,-2.7831,2.79952,1.45706,3.20583,1.9833,-0.91432,1.63637,-0.77128,5.37762,-4.8538,0.25796,0.4537,-3.41449,0.17646,1.34532,-5.81496,-19.75581,0.03718,0.74717,7.42202
29.76,-0.63174,0.15829,0.10982,-2.81905,0,0.42056,1.07149,-1.90272,1.67651,-2.30675,-1.52818,-0.65171,-0.87604,6.0217,-5.2126,-7.71668,18.73242,-15.23757,4.75884,7.94248,-3.02851,3.35986,1.84334,3.70023,2.98442,-1.30716,1.61491,-1.08813,5.83399,-4.83046,-0.08952,0.32942,-4.02168,0.30643,1.11213,-7.20624,-20.00502,-0.01568,0.93765,8.95271
29.78,-0.66168,0.1977,0.10782,-2.43897,0,0.7516,1.15233,-2.16809,1.84168,-2.22882,-1.91244,-1.17219,-1.68616,7.07155,-5.98773,-8.17394,18.45396,-14.12674,4.74155,9.20346,-3.07948,3.64853,2.2217,4.16884,3.81249,-1.6894,1.61407,-1.36782,6.02026,-4.79279,-0.47054,0.20628,-4.29881,0.26512,0.8801,-8.27144,-19.38318,-0.19732,1.06345,9.99363
29.8,-0.67566,0.22808,0.11078,-2.00955,0,1.01655,1.20262,-2.34283,1.88289,-2.03845,-2.20123,-1.62759,-2.49896,7.84629,-6.66586,-8.3338,17.10698,-12.52989,4.55214,10.11375,-2.9502,3.67095,2.57742,4.71198,4.37,-2.05043,1.66486,-1.60365,5.8524,-4.78725,-0.86485,0.10339,-4.16591,0.09865,0.65049,-8.94457,-18.02638,-0.46274,1.11892,10.48724
29.82,-0.67079,0.24891,0.1177,-1.53611,0,1.20818,1.20914,-2.42557,1.79852,-1.75101,-2.37268,-1.98665,-3.27988,8.30089,-7.25161,-8.21425,14.82532,-10.57268,4.20996,10.59645,-2.66637,3.44698,2.89453,5.41328,4.58245,-2.38482,1.79701,-1.79362,5.27729,-4.85866,-1.2543,0.03524,-3.57931,-0.14049,0.42495,-9.18356,-16.11272,-0.75537,1.10473,10.41877
29.84,-0.64508,0.26022,0.12718,-1.02943,0,1.32524,1.16194,-2.4217,1.59705,-1.38955,-2.41471,-2.22801,-3.99174,8.41309,-7.73744,-7.84498,11.80484,-8.39747,3.73794,10.61536,-2.26196,3.00789,3.15638,6.33243,4.40302,-2.69176,2.03549,-1.93926,4.28142,-5.04481,-1.62348,0.01022,-2.54048,-0.39931,0.20645,-8.97485,-13.84357,-1.0151,1.02752,9.81615
29.86,-0.59762,0.26246,0.13753,-0.50469,0,1.37136,1.05561,-2.34177,1.2955,-0.98365,-2.32509,-2.34166,-4.59598,8.18348,-8.10487,-7.2632,8.28299,-6.14861,3.16117,10.17522,-1.77594,2.39305,3.34634,7.4976,3.81484,-2.97328,2.39704,-2.04411,2.89396,-5.37106,-1.95975,0.03001,-1.09885,-0.6304,-0.00052,-8.33576,-11.42121,-1.18731,0.899,8.74515
29.88,-0.52873,0.25625,0.14695,0.02022,0,1.35359,0.89014,-2.1995,0.91716,-0.56754,-2.1107,-2.3294,-5.05452,7.63389,-8.3281,-6.50995,4.51731,-3.95765,2.50617,9.31737,-1.24919,1.64717,3.44849,8.8978,2.83143,-3.23159,2.88719,-2.11202,1.18488,-5.84562,-2.2526,0.08986,0.65042,-0.79733,-0.19018,-7.31486,-9.02665,-1.23135,0.73444,7.30144
29.9,-0.44002,0.24228,0.1537,0.52671,0,1.28097,0.67136,-2.00987,0.48906,-0.17768,-1.78625,-2.20416,-5.33231,6.80479,-8.3792,-5.62719,0.76499,-1.93122,1.80069,8.11141,-0.72205,0.81854,3.4483,10.47596,1.49549,-3.46588,3.498,-2.14573,-0.74109,-6.45599,-2.49285,0.1795,2.57325,-0.8783,-0.35605,-5.98947,-6.80254,-1.12663,0.55105,5.60078
29.92,-0.33427,0.22131,0.15625,0.99768,0,1.16317,0.41066,-1.78744,0.03927,0.15006,-1.37266,-1.98825,-5.40017,5.75163,-8.2337,-4.65566,-2.73554,-0.1439,1.07348,6.64313,-0.2327,-0.04166,3.33306,12.12377,-0.12387,-3.66872,4.20714,-2.14587,-2.75421,-7.16722,-2.6718,0.28466,4.50728,-0.86725,-0.49139,-4.45975,-4.84385,-0.87496,0.36619,3.768
29.94,-0.21533,0.19418,0.15337,1.41982,0,1.00933,0.12394,-1.54503,-0.40583,0.38379,-0.89506,-1.71039,-5.23787,4.54019,-7.87571,-3.63358,-5.7806,1.36329,0.35385,4.99982,0.18373,-0.87895,3.09211,13.67976,-1.93565,-3.82259,4.97831,-2.11031,-4.71255,-7.92218,-2.78053,0.38897,6.27604,-0.77205,-0.58964,-2.83914,-3.19761,-0.49849,0.19574,1.92547
29.96,-0.0877,0.16197,0.1442,1.78556,0,0.82728,-0.17002,-1.29288,-0.82403,0.49902,-0.38065,-1.40197,-4.83706,3.24131,-7.30236,-2.59579,-8.21455,2.5795,-0.3294,3.25478,0.49536,-1.63454,2.71701,14.93234,-3.83288,-3.89747,5.76326,-2.03426,-6.4768,-8.64412,-2.80958,0.47611,7.70548,-0.61055,-0.64469,-1.24228,-1.87005,-0.03412,0.05254,0.18187
29.98,0.04374,0.1261,0.12827,2.09466,0,0.62314,-0.45164,-1.03832,-1.19928,0.48183,0.14352,-1.09319,-4.20394,1.92567,-6.52706,-1.57355,-9.9397,3.5175,-0.94914,1.45448,0.67327,-2.24401,2.20184,15.63007,-5.69903,-3.85025,6.50501,-1.91077,-7.9249,-9.24137,-2.74902,0.53197,8.64112,-0.40548,-0.65116,0.22723,-0.83847,0.47402,-0.05477,-1.37702
30,0.17408,0.08844,0.1055,2.3547,0,0.40128,-0.70244,-0.78584,-1.52261,0.33116,0.65224,-0.80978,-3.36082,0.65923,-5.58114,-0.59475,-10.92101,4.20561,-1.48124,-0.3882,0.69078,-2.63644,1.54389,15.50082,-7.41442,-3.62737,7.142,-1.73193,-8.96408,-9.61373,-2.58903,0.54625,8.96321,-0.17955,-0.60473,1.48655,-0.06405,0.98191,-0.12248,-2.69392
30.02,0.2987,0.05128,0.07625,2.58022,0,0.16471,-0.90672,-0.53762,-1.79192,0.05947,1.12321,-0.5707,-2.34597,-0.5005,-4.51286,0.31574,-11.18437,4.67978,-1.90583,-2.29204,0.52248,-2.73452,0.74453,14.28062,-8.86181,-3.17111,7.61273,-1.49034,-9.53813,-9.66037,-2.32085,0.51366,8.59796,0.04809,-0.50262,2.47907,0.49699,1.45143,-0.15187,-3.74077
30.04,0.41342,0.0171,0.04126,2.7904,0,-0.08423,-1.05278,-0.29428,-2.01031,-0.30824,1.538,-0.38706,-1.21119,-1.50731,-3.38359,1.13589,-10.80786,4.97668,-2.20824,-4.29637,0.14341,-2.4562,-0.18965,11.75119,-9.93153,-2.42947,7.86056,-1.1809,-9.62896,-9.28841,-1.93798,0.4341,7.52357,0.26374,-0.34422,3.17472,0.88587,1.85352,-0.14857,-4.51456
30.06,0.51465,-0.01171,0.00163,3.00563,0,-0.34296,-1.13361,-0.05582,-2.1836,-0.73708,1.88282,-0.26221,-0.01742,-2.32838,-2.26133,1.84654,-9.90795,5.12861,-2.37993,-6.44306,-0.47136,-1.71837,-1.24583,7.78215,-10.52634,-1.36839,7.83861,-0.80259,-9.25348,-8.42237,-1.43774,0.31233,5.77153,0.45924,-0.1318,3.56631,1.13752,2.16921,-0.12143,-5.02961
30.08,0.59957,-0.03322,-0.04119,3.24373,0,-0.60775,-1.14725,0.17734,-2.31761,-1.18599,2.14894,-0.19259,1.17073,-2.94553,-1.2129,2.43184,-8.62337,5.16047,-2.4191,-8.75554,-1.34604,-0.44306,-2.404,2.37084,-10.56679,0.0161,7.51456,-0.36018,-8.45731,-7.01343,-0.82311,0.15706,3.4243,0.63108,0.1288,3.66383,1.27975,2.38888,-0.08106,-5.30882
30.1,0.66613,-0.04629,-0.08552,3.51665,0,-0.87282,-1.09669,0.40346,-2.41585,-1.6119,2.33271,-0.16909,2.29066,-3.35556,-0.29578,2.8798,-7.09949,5.08897,-2.33108,-11.2199,-2.50181,1.43398,-3.63656,-4.32941,-9.99687,1.68861,6.87453,0.13461,-7.30705,-5.04755,-0.10478,-0.02015,0.61012,0.77874,0.42759,3.48868,1.3344,2.51075,-0.03827,-5.37622
30.12,0.71308,-0.05079,-0.12946,3.82812,0,-1.12974,-0.98939,0.61868,-2.4782,-1.97396,2.43504,-0.17873,3.28695,-3.56935,0.44945,3.1829,-5.47491,4.92363,-2.12806,-13.77215,-3.95268,3.95223,-4.90861,-12.00166,-8.78971,3.57094,5.92537,0.66273,-5.88194,-2.55094,0.6969,-0.20611,-2.50504,0.90318,0.75024,3.06952,1.3189,2.53915,-0.00266,-5.25277
30.14,0.73996,-0.04764,-0.17109,4.17269,0,-1.36721,-0.83622,0.8166,-2.50079,-2.23736,2.46046,-0.20629,4.11563,-3.60974,1.00518,3.33863,-3.87117,4.66949,-1.82822,-16.29437,-5.69932,7.11363,-6.17927,-20.18301,-6.95275,5.54585,4.69473,1.19852,-4.26563,0.40838,1.55053,-0.38726,-5.72838,1.00562,1.07846,2.44032,1.24783,2.48294,0.01844,-4.9559
30.16,0.747,-0.03871,-0.20854,4.53612,0,-1.5713,-0.65024,0.98826,-2.47696,-2.37676,2.41594,-0.23596,4.74746,-3.50858,1.38123,3.35002,-2.38577,4.3307,-1.45437,-18.62034,-7.72173,10.86894,-7.40403,-28.30543,-4.53212,7.46767,3.22927,1.7114,-2.53876,3.72264,2.41317,-0.55084,-8.85367,1.08684,1.39088,1.64045,1.13392,2.3543,0.02081,-4.50241
30.18,0.7351,-0.02657,-0.24018,4.89698,0,-1.72631,-0.44526,1.12262,-2.39908,-2.37896,2.30966,-0.25285,5.17024,-3.30336,1.61676,3.22613,-1.08834,3.91443,-1.0324,-20.54926,-9.97165,15.10467,-8.53815,-35.75215,-1.61594,9.17764,1.59148,2.16846,-0.77336,7.24957,3.2314,-0.6859,-11.67592,1.14689,1.66449,0.71578,0.98868,2.16787,0.00367,-3.91312
30.2,0.70576,-0.0142,-0.26479,5.22904,0,-1.81609,-0.2346,1.20763,-2.26057,-2.24447,2.15005,-0.24421,5.38965,-3.03395,1.77896,2.9822,-0.01996,3.43407,-0.58973,-21.86551,-12.36599,19.63266,-9.54033,-41.91948,1.6647,10.52147,-0.14411,2.53742,0.97016,10.81995,3.94441,-0.78421,-14.00598,1.18526,1.87653,-0.28063,0.82259,1.93998,-0.03033,-3.2169
30.22,0.66101,-0.00456,-0.28158,5.50403,0,-1.82586,-0.03,1.23176,-2.05761,-1.98762,1.94515,-0.20043,5.42828,-2.73961,1.95766,2.63938,0.80479,2.91073,-0.15401,-22.36173,-14.78274,24.1847,-10.37623,-46.27541,5.13852,11.36644,-1.89546,2.78985,2.64299,14.24734,4.48935,-0.84066,-15.68352,1.20116,2.00662,-1.28946,0.64523,1.68778,-0.07569,-2.4523
30.24,0.60334,-0.00026,-0.29026,5.69442,0,-1.74443,0.15918,1.186,-1.79037,-1.63492,1.70229,-0.11577,5.32272,-2.45627,2.25565,2.22373,1.39363,2.37261,0.24802,-21.86351,-17.06109,28.41516,-11.02136,-48.40952,8.60186,11.61644,-3.57812,2.90419,4.20534,17.3399,4.80898,-0.8535,-16.58804,1.19395,2.03908,-2.24851,0.46516,1.4279,-0.12511,-1.66556
30.26,0.53559,-0.00314,-0.29101,5.77624,0,-1.56642,0.32643,1.06607,-1.46343,-1.22214,1.4281,0.01132,5.11918,-2.2143,2.77565,1.76474,1.77074,1.85242,0.59161,-20.25373,-19.0076,31.91437,-11.46329,-48.07277,11.83187,11.22396,-5.11079,2.86854,5.62222,19.91403,4.86046,-0.82414,-16.64781,1.16355,1.96515,-3.09818,0.28981,1.17502,-0.17074,-0.90561
30.28,0.46077,-0.01397,-0.28447,5.73171,0,-1.29428,0.46829,0.87427,-1.08584,-0.79034,1.1289,0.17805,4.86825,-2.03691,3.60541,1.2938,1.97046,1.38379,0.85493,-17.49464,-20.41008,34.23544,-11.70286,-45.20588,14.60408,10.198,-6.42104,2.68288,6.85911,21.80886,4.62378,-0.75681,-15.84678,1.11082,1.78488,-3.78783,0.12529,0.94044,-0.20563,-0.2175
30.3,0.38202,-0.03228,-0.27166,5.55134,0,-0.93943,0.58428,0.62064,-0.67076,-0.3818,0.81126,0.37751,4.61971,-1.93917,4.80323,0.84293,2.031,0.9975,1.01995,-13.64371,-21.06016,34.93546,-11.75395,-39.95262,16.71307,8.60621,-7.4503,2.36024,7.87884,22.8996,4.10728,-0.65802,-14.2282,1.03793,1.50821,-4.28129,-0.0237,0.73105,-0.22483,0.36355
30.32,0.30246,-0.05639,-0.25395,5.23513,0,-0.52213,0.67648,0.32272,-0.23467,-0.0358,0.48259,0.59925,4.41754,-1.92793,6.38559,0.44403,1.98885,0.71819,1.0733,-8.85922,-20.78431,33.6305,-11.64077,-32.65293,17.99414,6.56951,-8.15759,1.92628,8.64084,23.10758,3.34824,-0.53581,-11.89334,0.9485,1.15466,-4.56022,-0.15403,0.54913,-0.22605,0.81607
30.34,0.22504,-0.08364,-0.23297,4.79252,0,-0.06967,0.74879,0.00379,0.20362,0.21509,0.15172,0.83023,4.29548,-2.00231,8.31848,0.1285,1.87419,0.56203,1.00699,-3.39307,-19.4811,30.06014,-11.39265,-23.81134,18.34433,4.24847,-8.52169,1.41702,9.10322,22.40582,2.40783,-0.39889,-8.99426,0.8475,0.75153,-4.62445,-0.26423,0.39283,-0.20976,1.13327
30.36,0.15242,-0.11077,-0.21061,4.24133,0,0.38662,0.80603,-0.31008,0.62436,0.34827,-0.17085,1.05602,4.27347,-2.15483,10.51343,-0.0727,1.70761,0.5354,0.81915,2.42822,-17.16027,24.15346,-11.03723,-14.03396,17.74051,1.82351,-8.54197,0.87514,9.22755,20.82073,1.36149,-0.25569,-5.72157,0.74094,0.33091,-4.48971,-0.35449,0.25726,-0.17867,1.32138
30.38,0.08675,-0.13441,-0.18886,3.60613,0,0.81513,0.85303,-0.59355,1.00828,0.35349,-0.47299,1.2622,4.35533,-2.3728,12.82894,-0.12903,1.49837,0.63445,0.51447,8.23086,-13.96607,16.08263,-10.59387,-3.94131,16.25119,-0.52724,-8.2383,0.34536,8.98535,18.43112,0.28754,-0.11357,-2.28896,0.63539,-0.07406,-4.18379,-0.4265,0.136,-0.1371,1.3961
30.4,0.02964,-0.15158,-0.16976,2.91629,0,1.18745,0.89378,-0.82517,1.33804,0.234,-0.74133,1.43562,4.52799,-2.63985,15.07804,-0.01051,1.24454,0.84545,0.10441,13.62565,-10.15102,6.28626,-10.06892,5.89181,14.03732,-2.64828,-7.64987,-0.1301,8.36474,15.3646,-0.74309,0.02173,1.0834,0.53739,-0.43265,-3.7421,-0.48319,0.02253,-0.09007,1.3785
30.42,-0.01792,-0.15999,-0.15525,2.20373,0,1.48114,0.93092,-0.98966,1.59937,0.00609,-0.96219,1.56536,4.76268,-2.93728,17.04237,0.31172,0.93507,1.14587,-0.39322,18.24147,-5.99739,-4.5535,-9.45389,14.93775,11.33733,-4.42168,-6.83269,-0.5156,7.37552,11.79065,-1.67353,0.14612,4.18568,0.45282,-0.71942,-3.20327,-0.52799,-0.08867,-0.04264,1.29095
30.44,-0.05557,-0.15831,-0.14701,1.50053,0,1.68133,0.96534,-1.07883,1.78201,-0.30309,-1.12292,1.64342,5.01783,-3.24517,18.49273,0.86405,0.55384,1.50609,-0.95537,21.75838,-1.74773,-15.58558,-8.72693,22.71923,8.43567,-5.77532,-5.85539,-0.78521,6.05134,7.90965,-2.46316,0.25689,6.8346,0.38612,-0.91613,-2.60515,-0.56397,-0.20145,0.0006,1.1539
30.46,-0.08348,-0.14623,-0.14626,0.83629,0,1.78129,0.99621,-1.09132,1.88044,-0.65905,-1.21365,1.665,5.24361,-3.54332,19.21439,1.66854,0.08525,1.89139,-1.55535,23.9385,2.4055,-25.90471,-7.85747,28.8605,5.61959,-6.68455,-4.79372,-0.92481,4.44918,3.93866,-3.08605,0.35205,8.88839,0.33966,-1.01265,-1.98165,-0.59281,-0.31786,0.03583,0.98361
30.48,-0.10228,-0.12441,-0.15359,0.2358,0,1.7822,1.02115,-1.03165,1.89439,-1.02423,-1.229,1.62869,5.38744,-3.81215,19.03418,2.74028,-0.47934,2.26406,-2.16471,24.65161,6.28792,-34.68095,-6.81321,33.14119,3.13369,-7.16858,-3.72469,-0.93316,2.64643,0.09595,-3.52727,0.42968,10.25893,0.31324,-1.00717,-1.36051,-0.61392,-0.43826,0.0601,0.7911
30.5,-0.11291,-0.09438,-0.16888,-0.28284,0,1.69234,1.03668,-0.90873,1.82908,-1.36229,-1.16952,1.53659,5.39961,-4.0335,17.84446,4.08429,-1.13502,2.58511,-2.75486,23.89061,9.70969,-41.27271,-5.5682,35.5131,1.14344,-7.28298,-2.72083,-0.82164,0.73606,-3.41396,-3.77922,0.4875,10.91893,0.30392,-0.90578,-0.76221,-0.62404,-0.56164,0.07137,0.58217
30.52,-0.11647,-0.05837,-0.19119,-0.70923,0,1.52575,1.03867,-0.73442,1.69508,-1.64169,-1.04232,1.39429,5.23825,-4.19134,15.61952,5.69222,-1.85772,2.81542,-3.29818,21.77215,12.46703,-45.29718,-4.11051,36.08696,-0.28368,-7.10897,-1.84506,-0.61267,-1.18005,-6.41356,-3.83939,0.52277,10.90197,0.30635,-0.72142,-0.19994,-0.61754,-0.68588,0.06847,0.35846
30.54,-0.11406,-0.01907,-0.21891,-1.04104,0,1.30061,1.02289,-0.5221,1.50765,-1.83848,-0.86081,1.21066,4.87312,-4.27245,12.42139,7.53902,-2.60021,2.91635,-3.76854,18.5205,14.39231,-46.64683,-2.44823,35.09875,-1.17577,-6.74052,-1.14628,-0.33665,-2.99936,-8.76333,-3.71028,0.53278,10.29474,0.31355,-0.47242,0.31945,-0.58739,-0.80791,0.05106,0.11929
30.56,-0.10659,0.02062,-0.2499,-1.28345,0,1.0374,0.98555,-0.28551,1.28568,-1.9379,-0.64348,0.99757,4.28829,-4.26687,8.39593,9.58002,-3.29052,2.85022,-4.14155,14.43815,15.41207,-45.45827,-0.61314,32.86202,-1.63577,-6.27086,-0.6559,-0.02797,-4.62807,-10.37059,-3.40135,0.51557,9.22323,0.3181,-0.1807,0.79385,-0.52681,-0.92374,0.01964,-0.136
30.58,-0.09471,0.05783,-0.28175,-1.44815,0,0.75708,0.92374,-0.03789,1.0504,-1.93523,-0.41228,0.76926,3.48398,-4.16848,3.76101,11.74884,-3.83344,2.58129,-4.39492,9.8696,15.56215,-42.05191,1.33838,29.71716,-1.80988,-5.78015,-0.38558,0.27924,-5.99004,-11.19565,-2.93173,0.47093,7.83588,0.3135,0.13014,1.224,-0.43104,-1.0286,-0.02444,-0.40585
30.6,-0.07867,0.08991,-0.312,-1.55165,0,0.47959,0.83585,0.20867,0.82391,-1.8355,-0.19058,0.54157,2.47743,-3.97539,-1.2109,13.95628,-4.11582,2.07776,-4.50913,5.16542,14.96345,-36.86219,3.32782,25.98796,-1.85401,-5.32629,-0.32664,0.55499,-7.03373,-11.25431,-2.33216,0.40103,6.28671,0.29533,0.43662,1.61156,-0.29902,-1.11696,-0.07903,-0.68476
30.62,-0.05838,0.11465,-0.33842,-1.61316,0,0.22259,0.72167,0.44345,0.6277,-1.65227,-0.00122,0.33067,1.30277,-3.68987,-6.21487,16.09053,-4.01618,1.31512,-4.4687,0.65114,13.78784,-30.37308,5.26072,21.95269,-1.90564,-4.94012,-0.45154,0.77616,-7.73555,-10.61528,-1.64461,0.31073,4.72069,0.26211,0.71697,1.9574,-0.13437,-1.18276,-0.14118,-0.96271
30.64,-0.03347,0.13037,-0.35916,-1.65201,0,0.00059,0.58234,0.65721,0.48097,-1.40532,0.13533,0.15135,0.00945,-3.31782,-10.93961,18.01939,-3.41873,0.28074,-4.26383,-3.3966,12.22809,-23.06715,7.03679,17.83191,-2.06523,-4.62529,-0.71748,0.92797,-8.09909,-9.39209,-0.91884,0.20714,3.26212,0.21566,0.9525,2.26041,0.05446,-1.2198,-0.20722,-1.22566
30.66,-0.00345,0.13599,-0.37292,-1.68483,0,-0.17566,0.42007,0.84223,0.39908,-1.11775,0.20278,0.01516,-1.34064,-2.86775,-15.09566,19.59515,-2.23069,-1.02074,-3.89245,-6.76624,10.47401,-15.39117,8.56258,13.79111,-2.38802,-4.36247,-1.07167,1.00422,-8.15106,-7.73078,-0.20654,0.09869,2.00663,0.16096,1.12863,2.51675,0.25476,-1.22219,-0.27293,-1.45725
30.68,0.03214,0.1311,-0.37905,-1.72318,0,-0.29953,0.23772,0.99223,0.39207,-0.81296,0.19036,-0.07143,-2.67721,-2.34971,-18.44232,20.66284,-0.40116,-2.56213,-3.36218,-9.3202,8.69555,-7.73744,9.76446,9.95297,-2.88428,-4.11643,-1.4573,1.00669,-7.93523,-5.79559,0.44557,-0.00606,1.0166,0.1057,1.23577,2.71975,0.45066,-1.18503,-0.33383,-1.64107
30.7,0.07353,0.11595,-0.37756,-1.7717,0,-0.36868,0.03852,1.10242,0.46353,-0.51208,0.09398,-0.10823,-3.92649,-1.77427,-20.80901,21.07155,2.06141,-4.28964,-2.69166,-10.99646,7.03236,-0.43756,10.59876,6.41233,-3.52569,-3.84469,-1.81933,0.94385,-7.50576,-3.75481,1.00163,-0.09958,0.3201,0.05967,1.26981,2.86032,0.62451,-1.10507,-0.3854,-1.76294
30.72,0.12065,0.09147,-0.36912,-1.82743,0,-0.38488,-0.17421,1.16958,0.61,-0.23227,-0.08329,-0.10164,-5.01691,-1.15178,-22.10697,20.68825,5.07629,-6.12162,-1.91047,-11.80298,5.58871,6.23555,11.05644,3.24747,-4.25531,-3.50612,-2.10934,0.82936,-6.92067,-1.76804,1.44009,-0.17617,-0.08693,0.03406,1.23216,2.92779,0.75815,-0.98133,-0.42349,-1.81277
30.74,0.17306,0.05922,-0.35487,-1.88026,0,-0.35371,-0.39715,1.19219,0.82101,0.01402,-0.33127,-0.06377,-5.8853,-0.49176,-22.33002,19.41295,8.48453,-7.95073,-1.05723,-11.80583,4.43234,12.06202,11.16101,0.52421,-4.99954,-3.06844,-2.28885,0.68024,-6.23599,0.02451,1.75405,-0.2324,-0.23565,0.04067,1.12927,2.91099,0.83407,-0.81553,-0.44467,-1.7855
30.76,0.22996,0.02128,-0.33631,-1.91438,0,-0.28393,-0.62707,1.17062,1.07974,0.21896,-0.63328,-0.01069,-6.48319,0.19742,-21.54597,17.19392,12.05195,-9.65017,-0.17621,-11.11326,3.59608,16.86912,10.96119,-1.70728,-5.68041,-2.51412,-2.33143,0.51506,-5.501,1.51046,1.94885,-0.26702,-0.17722,0.09124,0.97175,2.79972,0.83644,-0.61226,-0.4466,-1.68146
30.78,0.29029,-0.01979,-0.31504,-1.91064,0,-0.1868,-0.86076,1.10734,1.36412,0.3787,-0.96729,0.03987,-6.78218,0.90847,-19.88238,14.04082,15.48191,-11.08333,0.68688,-9.85874,3.08153,20.52751,10.52075,-3.41975,-6.22702,-1.84415,-2.22361,0.35215,-4.75515,2.61124,2.03817,-0.28069,0.02505,0.19665,0.77322,2.58631,0.752,-0.37906,-0.42834,-1.506
30.8,0.35276,-0.0612,-0.29258,-1.84915,0,-0.07515,-1.09495,1.00696,1.64843,0.49246,-1.30739,0.07095,-6.77712,1.63471,-17.50948,10.0324,18.43901,-12.11631,1.48899,-8.18563,2.86397,22.95042,9.90826,-4.61579,-6.58455,-1.07908,-1.96485,0.2081,-4.02676,3.28516,2.03975,-0.27552,0.30353,0.36609,0.54896,2.26722,0.57089,-0.12609,-0.39057,-1.26879
30.82,0.41599,-0.10005,-0.27024,-1.71192,0,0.03771,-1.32623,0.87612,1.90516,0.56172,-1.6257,0.06841,-6.48564,2.36896,-14.62201,5.31473,20.58357,-12.63192,2.19322,-6.23484,2.89821,24.0957,9.18867,-5.33046,-6.71964,-0.25686,-1.56666,0.0965,-3.33365,3.52711,1.97196,-0.25449,0.59311,0.60632,0.3145,1.84437,0.28729,0.13433,-0.33551,-0.98286
30.84,0.47852,-0.13364,-0.24897,-1.48514,0,0.13915,-1.55089,0.72299,2.10714,0.58954,-1.89459,0.02245,-5.94373,3.10232,-11.4207,0.08868,21.61529,-12.54418,2.77111,-4.13608,3.12495,23.96996,8.41762,-5.62779,-6.62187,0.57247,-1.05077,0.02695,-2.68509,3.36507,1.85154,-0.2211,0.83671,0.92075,0.0841,1.32591,-0.09993,0.38872,-0.26659,-0.66328
30.86,0.53887,-0.15969,-0.22932,-1.16113,0,0.21855,-1.76486,0.55658,2.22991,0.58013,-2.08917,-0.07143,-5.19846,3.82277,-8.09525,-5.41161,21.32083,-11.8119,3.20415,-2.00245,3.47731,22.63405,7.63861,-5.59186,-6.30186,1.3546,-0.44672,0.00442,-2.0848,2.85409,1.69276,-0.17888,0.98934,1.30863,-0.13069,0.72664,-0.58679,0.62352,-0.188,-0.32575
30.88,0.59559,-0.17664,-0.21139,-0.7399,0,0.26839,-1.96374,0.38604,2.25407,0.53875,-2.19006,-0.21207,-4.30001,4.51441,-4.81051,-10.94389,19.61632,-10.44903,3.48442,0.07201,3.8872,20.20797,6.8828,-5.31515,-5.78744,2.03945,0.21081,0.02891,-1.53404,2.06898,1.50755,-0.13121,1.0208,1.76432,-0.32221,0.06803,-1.16367,0.8264,-0.10405,0.01484
30.9,0.64727,-0.18383,-0.19484,-0.23009,0,0.28503,-2.14282,0.22012,2.16736,0.4715,-2.18587,-0.39278,-3.29511,5.15737,-1.69762,-16.28078,16.57319,-8.52876,3.61453,2.01253,4.29099,16.87157,6.17064,-4.88709,-5.11888,2.58848,0.88472,0.09554,-1.03406,1.09663,1.30611,-0.08117,0.91678,2.27653,-0.48734,-0.62187,-1.81486,0.98724,-0.01864,0.34569
30.92,0.69261,-0.18153,-0.17893,0.35068,0,0.26882,-2.29714,0.06691,1.96621,0.3853,-2.07533,-0.60195,-2.22355,5.72886,1.14891,-21.22592,12.41675,-6.17816,3.60681,3.76235,4.63402,12.85733,5.5141,-4.38523,-4.34398,2.97932,1.53793,0.19514,-0.58715,0.02858,1.09757,-0.0315,0.67839,2.82795,-0.62751,-1.30894,-2.51817,1.09883,0.06517,0.65708
30.94,0.73035,-0.17091,-0.16262,0.97637,0,0.2237,-2.42146,-0.06614,1.65634,0.28756,-1.8686,-0.82413,-1.11823,6.20527,3.66875,-25.62147,7.49397,-3.56258,3.48175,5.28077,4.87393,8.43337,4.91906,-3.8702,-3.51331,3.20704,2.13579,0.3153,-0.196,-1.046,0.89015,0.0153,0.32018,3.3951,-0.74783,-1.95391,-3.24479,1.15702,0.14536,0.94311
30.96,0.75935,-0.15374,-0.1446,1.61392,0,0.15614,-2.51039,-0.17198,1.2526,0.18587,-1.58706,-1.04156,-0.00818,6.56524,5.82922,-29.34824,2.21673,-0.86208,3.26599,6.54109,4.98265,3.87884,4.3872,-3.38443,-2.67603,3.28237,2.64819,0.4418,0.13818,-2.04657,0.69099,0.0569,-0.13303,3.94877,-0.85576,-2.51391,-3.95956,1.16051,0.22096,1.20208
30.98,0.77856,-0.13219,-0.12344,2.22536,0,0.07405,-2.55856,-0.24382,0.77808,0.08757,-1.25939,-1.23583,1.07672,6.79307,7.61698,-32.32132,-3.00538,1.75467,2.99013,7.52894,4.94747,-0.5429,3.91765,-2.9538,-1.87643,3.22798,3.05147,0.56018,0.41805,-2.90651,0.50569,0.09107,-0.64981,4.45502,-0.95944,-2.94477,-4.62186,1.11027,0.29195,1.43645
31,0.7871,-0.10844,-0.0977,2.77047,0,-0.01436,-2.56094,-0.27526,0.26255,-0.00058,-0.91387,-1.38969,2.10103,6.88181,9.02971,-34.48346,-7.82594,4.15294,2.68665,8.24061,4.77079,-4.6074,3.50825,-2.59075,-1.15159,3.07401,3.32987,0.65709,0.65175,-3.57693,0.33793,0.11574,-1.19571,4.87697,-1.06619,-3.20409,-5.18718,1.00897,0.35902,1.65228
31.02,0.78434,-0.08445,-0.0661,3.20977,0,-0.10126,-2.51335,-0.2608,-0.25995,-0.0727,-0.57178,-1.4887,3.02068,6.83482,10.06952,-35.79762,-12.00322,6.24605,2.38777,8.68135,4.46855,-8.14377,3.15627,-2.29778,-0.52996,2.85363,3.47632,0.72125,0.85293,-4.02866,0.18926,0.12914,-1.73638,5.17702,-1.18122,-3.25507,-5.60938,0.86019,0.42313,1.85801
31.04,0.76993,-0.06172,-0.02771,3.50788,0,-0.17958,-2.41288,-0.19687,-0.75417,-0.12391,-0.24611,-1.52267,3.78261,6.66551,10.73894,-36.24009,-15.41564,7.9988,2.12346,8.86341,4.06705,-11.03931,2.85862,-2.0705,-0.03069,2.59917,3.49229,0.74403,1.03883,-4.25227,0.05921,0.13015,-2.2399,5.31981,-1.30698,-3.0708,-5.84379,0.66779,0.48518,2.06252
31.06,0.74387,-0.04112,0.01793,3.6369,0,-0.24291,-2.25838,-0.08307,-1.18732,-0.15035,0.05598,-1.48675,4.32745,6.39543,11.03989,-35.79616,-18.05283,9.42113,1.9194,8.80409,3.59871,-13.23558,2.61166,-1.89986,0.33632,2.33899,3.38717,0.71951,1.22672,-4.25648,-0.05425,0.11861,-2.67841,5.2756,-1.44289,-2.63884,-5.85102,0.43532,0.54549,2.27276
31.08,0.70659,-0.0228,0.07062,3.57969,0,-0.28544,-2.05106,0.07662,-1.53271,-0.14915,0.32993,-1.38229,4.59489,6.05139,10.97525,-34.46026,-19.98911,10.55488,1.79514,8.52418,3.09765,-14.71928,2.41072,-1.77385,0.57003,2.09546,3.17704,0.64444,1.42951,-4.06557,-0.15409,0.09569,-3.02907,5.02397,-1.58548,-1.96539,-5.60139,0.16594,0.6034,2.49133
31.1,0.659,-0.0063,0.12948,3.33235,0,-0.30191,-1.79501,0.27321,-1.7729,-0.11842,0.57075,-1.21704,4.53105,5.66204,10.552,-32.2405,-21.34705,11.45692,1.76247,8.04699,2.59564,-15.51127,2.24979,-1.67883,0.67748,1.88375,2.88328,0.51814,1.65179,-3.71587,-0.24342,0.064,-3.27413,4.55731,-1.72886,-1.07805,-5.07955,-0.13726,0.65696,2.71425
31.12,0.60259,0.00933,0.19286,2.90533,0,-0.28789,-1.49747,0.49298,-1.90166,-0.05716,0.77108,-1.00472,4.0969,5.25438,9.78474,-29.16649,-22.25784,12.18128,1.82416,7.39752,2.11904,-15.65635,2.12112,-1.60061,0.67269,1.71144,2.53073,0.34251,1.88697,-3.25167,-0.32482,0.02728,-3.40036,3.88331,-1.86514,-0.02618,-4.28821,-0.47029,0.70267,2.92951
31.14,0.53937,0.02525,0.25854,2.32272,0,-0.24042,-1.16881,0.7189,-1.92451,0.03474,0.92231,-0.76373,3.27666,4.85017,8.69842,-25.29838,-22.8242,12.76286,1.97313,6.60182,1.68685,-15.21501,2.01515,-1.52566,0.57527,1.57886,2.14545,0.12212,2.11651,-2.72041,-0.39969,-0.01008,-3.39777,3.02597,-1.98495,1.12171,-3.25073,-0.82681,0.73549,3.11641
31.16,0.4718,0.04248,0.32381,1.62008,0,-0.15891,-0.82207,0.93287,-1.85789,0.15643,1.01914,-0.51522,2.08536,4.46291,7.33025,-20.73573,-23.09127,13.20498,2.19213,5.68638,1.30977,-14.25821,1.92052,-1.44221,0.40878,1.47993,1.75235,-0.13562,2.31122,-2.16776,-0.46786,-0.04398,-3.25843,2.02515,-2.07795,2.28342,-2.01201,-1.19655,0.749,3.24615
31.18,0.40268,0.0616,0.38581,0.84105,0,-0.04602,-0.47229,1.11832,-1.72732,0.3059,1.06363,-0.28078,0.57396,4.09572,5.73065,-15.6243,-23.03079,13.47335,2.45422,4.67805,0.99034,-12.86486,1.82439,-1.34134,0.19901,1.40347,1.37307,-0.42037,2.43476,-1.63321,-0.52749,-0.07136,-2.9759,0.93457,-2.13342,3.3705,-0.63751,-1.56407,0.73587,3.2837
31.2,0.33498,0.08249,0.44173,0.03333,0,0.09185,-0.13552,1.26255,-1.56455,0.47968,1.06568,-0.08022,-1.16946,3.7408,3.96311,-10.1578,-22.54319,13.49846,2.72423,3.60424,0.72388,-11.12117,1.71313,-1.21778,-0.02773,1.3349,1.02439,-0.719,2.44918,-1.14689,-0.57531,-0.09089,-2.54615,-0.18156,-2.14099,4.29658,0.78988,-1.9084,0.68865,3.19119
31.22,0.27163,0.10429,0.4891,-0.75568,0,0.24464,0.17236,1.35814,-1.40405,0.67237,1.04081,0.07042,-3.02438,3.38049,2.10234,-4.5708,-21.47975,13.18743,2.9613,2.49344,0.5,-9.11998,1.57314,-1.07026,-0.24641,1.2582,0.71755,-1.01614,2.32184,-0.72817,-0.60727,-0.10296,-1.97015,-1.25349,-2.0914,4.98576,2.17581,-2.20398,0.60078,2.93253
31.24,0.21529,0.12554,0.52598,-1.48346,0,0.39957,0.43704,1.40326,-1.2789,0.87612,1.00722,0.16033,-4.84864,2.99011,0.23049,0.87855,-19.683,12.44444,3.12267,1.37544,0.30465,-6.95909,1.39194,-0.90123,-0.43495,1.15799,0.45834,-1.29521,2.03338,-0.38591,-0.61951,-0.10931,-1.25778,-2.21239,-1.97733,5.38028,3.42325,-2.42307,0.46795,2.4792
31.26,0.16803,0.1444,0.55109,-2.11673,0,0.54269,0.64733,1.40096,-1.21645,1.08026,0.98294,0.18501,-6.49435,2.54197,-1.56839,5.93408,-17.03828,11.19648,3.16831,0.28137,0.12225,-4.73826,1.15925,-0.71614,-0.57589,1.02159,0.24792,-1.53988,1.58521,-0.12028,-0.60952,-0.11213,-0.43226,-2.99788,-1.79416,5.44707,4.44338,-2.53936,0.28938,1.81656
31.28,0.1311,0.1591,0.56394,-2.63516,0,0.66072,0.79651,1.35781,-1.2345,1.2713,0.98323,0.14669,-7.82571,2.01009,-3.21468,10.36983,-13.52427,9.41887,3.06587,-0.75676,-0.06213,-2.55531,0.86819,-0.52238,-0.65759,0.84075,0.08408,-1.73567,1.00511,0.07466,-0.57724,-0.11309,0.46636,-3.56547,-1.54088,5.18236,5.16686,-2.53205,0.06911,0.94986
31.3,0.10474,0.1682,0.56488,-3.03349,0,0.74276,0.88335,1.28237,-1.33869,1.43344,1.01879,0.05431,-8.73502,1.37463,-4.63916,14.01432,-9.24765,7.1533,2.79521,-1.70689,-0.26102,-0.50205,0.51629,-0.32821,-0.67495,0.61287,-0.03749,-1.87151,0.34873,0.20819,-0.52569,-0.11254,1.38069,-3.89237,-1.22073,4.61344,5.55327,-2.38954,-0.18331,-0.09139
31.32,0.08813,0.17087,0.5551,-3.3216,0,0.78146,0.91226,1.18365,-1.52158,1.54994,1.09461,-0.0773,-9.15372,0.62518,-5.78782,16.76525,-4.4489,4.5123,2.35155,-2.5384,-0.48326,1.33976,0.10611,-0.14181,-0.62924,0.34124,-0.12203,-1.94069,-0.30476,0.29056,-0.46095,-0.10936,2.23974,-3.9806,-0.84159,3.79625,5.59669,-2.11171,-0.45274,-1.25181
31.34,0.07954,0.16696,0.53649,-3.5222,0,0.77344,0.89276,1.06992,-1.76379,1.60501,1.20984,-0.22881,-9.05673,-0.23745,-6.62503,18.59236,0.5257,1.6673,1.74676,-3.22418,-0.73339,2.90247,-0.35459,0.02948,-0.52705,0.03427,-0.17496,-1.94126,-0.86318,0.33135,-0.39129,-0.10119,2.96741,-3.85652,-0.41583,2.80859,5.32638,-1.71048,-0.71938,-2.45224
31.36,0.0765,0.15694,0.51144,-3.6666,0,0.71907,0.83818,0.94775,-2.03686,1.58634,1.35832,-0.37834,-8.4608,-1.20105,-7.13536,19.53013,5.27973,-1.17686,1.00879,-3.74306,-1.01158,4.13641,-0.85323,0.17977,-0.37854,-0.29605,-0.20141,-1.87577,-1.23642,0.33867,-0.32569,-0.08539,3.49446,-3.56731,0.04025,1.7401,4.80299,-1.20865,-0.96051,-3.59551
31.38,0.07617,0.14178,0.48267,-3.78957,0,0.62184,0.76406,0.82168,-2.30722,1.48744,1.52957,-0.50378,-7.41864,-2.24297,-7.32401,19.66426,9.43473,-3.81404,0.17943,-4.08232,-1.31389,5.01309,-1.37313,0.30491,-0.19553,-0.63613,-0.20616,-1.75071,-1.35269,0.31884,-0.27214,-0.06004,3.7712,-3.17525,0.50748,0.68096,4.11145,-0.63761,-1.1528,-4.57498
31.4,0.07561,0.12269,0.45295,-3.924,0,0.48749,0.68644,0.69414,-2.54059,1.30926,1.71004,-0.58507,-6.01077,-3.33156,-7.21606,19.11579,12.69217,-6.06713,-0.68927,-4.23923,-1.63269,5.5272,-1.8945,0.40266,0.0102,-0.97254,-0.19364,-1.57563,-1.17183,0.2767,-0.23611,-0.02484,3.7773,-2.75081,0.96495,-0.2883,3.35183,-0.03451,-1.27484,-5.28518
31.42,0.07215,0.10104,0.42494,-4.09627,0,0.32304,0.62049,0.56591,-2.70602,1.06044,1.88426,-0.60624,-4.33603,-4.42812,-6.85392,18.02529,14.8741,-7.80991,-1.53987,-4.22112,-1.95699,5.69636,-2.39561,0.47251,0.22796,-1.29321,-0.168,-1.36202,-0.69228,0.21591,-0.21968,0.01841,3.52577,-2.3651,1.39155,-1.10398,2.62883,0.56078,-1.30954,-5.63324
31.44,0.06357,0.07807,0.40096,-4.32253,0,0.13601,0.57935,0.43676,-2.77922,0.7559,2.03589,-0.5571,-2.50155,-5.48881,-6.29312,16.53872,15.93524,-8.97698,-2.3155,-4.04366,-2.2727,5.55859,-2.85402,0.5154,0.4485,-1.58798,-0.13321,-1.12216,0.04987,0.13941,-0.22142,0.06602,3.0599,-2.08235,1.76744,-1.72282,2.04073,1.10872,-1.24618,-5.55054
31.46,0.04832,0.05488,0.38283,-4.60635,0,-0.0663,0.57334,0.30629,-2.74496,0.4142,2.14872,-0.43437,-0.6131,-6.46708,-5.59677,14.79602,15.94912,-9.56249,-2.96632,-3.72773,-2.56295,5.16778,-3.248,0.5333,0.66374,-1.84849,-0.09298,-0.86786,0.98873,0.04977,-0.23694,0.11312,2.44415,-1.95277,2.07575,-2.12211,1.66854,1.57308,-1.082,-5.00343
31.48,0.02559,0.03227,0.37172,-4.93785,0,-0.27728,0.60956,0.17472,-2.59861,0.0542,2.20783,-0.24231,1.23339,-7.31631,-4.8298,12.92319,15.07742,-9.61113,-3.45552,-3.29591,-2.80868,4.58828,-3.55796,0.52878,0.86612,-2.0677,-0.05072,-0.60946,2.04056,-0.05056,-0.26,0.15457,1.75196,-2.0069,2.30406,-2.29745,1.56677,1.92374,-0.82323,-4.00177
31.5,-0.00458,0.01076,0.36809,-5.29443,0,-0.49116,0.69159,0.04337,-2.34659,-0.30783,2.20099,0.00745,2.95797,-7.99273,-4.05355,11.02762,13.53316,-9.20489,-3.76364,-2.76945,-2.98963,3.88921,-3.76777,0.50469,1.04793,-2.23932,-0.00943,-0.35523,3.11653,-0.159,-0.28364,0.18605,1.05373,-2.25203,2.44538,-2.25906,1.75723,2.13907,-0.48538,-2.60333
31.52,-0.04136,-0.00936,0.37172,-5.64296,0,-0.7028,0.81951,-0.08527,-2.00544,-0.66025,2.12044,0.29696,4.50013,-8.45843,-3.32121,9.19601,11.54608,-8.44855,-3.89004,-2.16624,-3.08587,3.139,-3.86564,0.464,1.20089,-2.35731,0.02842,-0.11133,4.1334,-0.2728,-0.30133,0.20466,0.40747,-2.67169,2.49842,-2.02743,2.22701,2.20767,-0.09245,-0.9119
31.54,-0.08317,-0.02797,0.38171,-5.94336,0,-0.90733,0.98997,-0.20799,-1.59962,-0.99672,1.9648,0.60384,5.81947,-8.68412,-2.67435,7.494,9.33513,-7.45562,-3.85125,-1.50019,-3.07987,2.40044,-3.84458,0.40977,1.31617,-2.4156,0.06098,0.11775,5.02086,-0.38902,-0.30781,0.20934,-0.14626,-3.22815,2.46693,-1.62903,2.93119,2.12949,0.32485,0.93138
31.56,-0.1279,-0.04499,0.39668,-6.1533,0,-1.09952,1.19645,-0.32173,-1.15825,-1.31569,1.74124,0.90396,6.8942,-8.6519,-2.14049,5.96685,7.08988,-6.33628,-3.67668,-0.78184,-2.95885,1.72644,-3.70243,0.34529,1.38482,-2.40813,0.08708,0.32839,5.72544,-0.50453,-0.29955,0.20072,-0.58556,-3.86768,2.35845,-1.09256,3.79945,1.91598,0.73198,2.76288
31.58,-0.17301,-0.06027,0.41483,-6.23336,0,-1.27329,1.42959,-0.42452,-0.71148,-1.619,1.46639,1.17429,7.71838,-8.35772,-1.73202,4.64122,4.9604,-5.188,-3.40303,-0.01995,-2.71725,1.15681,-3.44189,0.27418,1.39868,-2.32935,0.10628,0.51703,6.2117,-0.61619,-0.27509,0.18079,-0.90523,-4.5274,2.18274,-0.44621,4.74535,1.58958,1.09389,4.41445
31.6,-0.21578,-0.07354,0.4342,-6.15192,0,-1.4215,1.6776,-0.51626,-0.28706,-1.90996,1.16326,1.39546,8.29838,-7.81306,-1.44652,3.5276,3.05411,-4.0894,-3.06862,0.77634,-2.35863,0.71661,-3.07047,0.20059,1.35144,-2.17503,0.11876,0.67941,6.46164,-0.72084,-0.23496,0.15245,-1.11312,-5.1425,1.95049,0.28374,5.67649,1.18206,1.3785,5.73182
31.62,-0.25348,-0.08435,0.4527,-5.88877,0,-1.53603,1.92677,-0.59901,0.09232,-2.19134,0.85397,1.55355,8.649,-7.04495,-1.26857,2.62314,1.43776,-3.09728,-2.70864,1.59534,-1.89646,0.41613,-2.6003,0.1291,1.23978,-1.94332,0.12529,0.81035,6.47286,-0.81533,-0.18149,0.11893,-1.22582,-5.65269,1.67236,1.07282,6.50409,0.73169,1.5598,6.59043
31.64,-0.28362,-0.09211,0.46833,-5.43705,0,-1.60832,2.16205,-0.67663,0.41085,-2.4634,0.55373,1.64086,8.78932,-6.09402,-1.17292,1.91468,0.14244,-2.24643,-2.35181,2.42093,-1.35343,0.25249,-2.04783,0.06449,1.06432,-1.63578,0.1269,0.90399,6.25603,-0.89647,-0.11835,0.08344,-1.26444,-6.00736,1.35845,1.89708,7.15121,0.27901,1.62038,6.90747
31.66,-0.30409,-0.0962,0.47915,-4.80361,0,-1.63034,2.36785,-0.75392,0.66036,-2.72245,0.26985,1.65589,8.73915,-5.01073,-1.12863,1.38149,-0.82952,-1.55151,-2.01848,3.23149,-0.75951,0.21245,-1.43325,0.01138,0.83021,-1.25839,0.1247,0.95461,5.8321,-0.96093,-0.05004,0.04871,-1.25102,-6.16929,1.01831,2.73098,7.55918,-0.13802,1.55326,6.64946
31.68,-0.31335,-0.0961,0.48337,-4.00823,0,-1.59574,2.52887,-0.83549,0.84039,-2.95999,0.00398,1.60259,8.51644,-3.85098,-1.10354,0.998,-1.49734,-1.01052,-1.7202,3.99951,-0.14913,0.27577,-0.7799,-0.02635,0.54752,-0.82228,0.11958,0.9577,5.22983,-1.00523,0.01871,0.0168,-1.20576,-6.11702,0.66121,3.54532,7.69207,-0.48888,1.36293,5.83561
31.7,-0.31062,-0.09152,0.47943,-3.08202,0,-1.50107,2.6312,-0.92452,0.9573,-3.16273,-0.24502,1.48935,8.13599,-2.67151,-1.06835,0.73602,-1.89483,-0.60888,-1.46041,4.69227,0.44201,0.41834,-0.1135,-0.04605,0.23101,-0.34408,0.11205,0.91112,4.48366,-1.02581,0.08348,-0.01101,-1.14512,-5.84581,0.29663,4.30581,7.53859,-0.754,1.06523,4.53635
31.72,-0.2959,-0.08246,0.46595,-2.06495,0,-1.34667,2.66321,-1.02185,1.02278,-3.3135,-0.47843,1.32771,7.60944,-1.52582,-0.99973,0.56678,-2.06421,-0.32389,-1.23594,5.27336,0.97997,0.6148,0.53871,-0.04663,-0.10069,0.15456,0.10213,0.81607,3.63161,-1.01931,0.14055,-0.03418,-1.08088,-5.36678,-0.06533,4.97304,7.11087,-0.92621,0.68607,2.8665
31.74,-0.27,-0.06932,0.4418,-1.00263,0,-1.13714,2.61649,-1.12529,1.0516,-3.39308,-0.69515,1.13098,6.94624,-0.46064,-0.88219,0.46256,-2.05102,-0.12881,-1.03905,5.70525,1.43547,0.84018,1.1493,-0.02881,-0.42666,0.64826,0.08946,0.67753,2.71323,-0.98289,0.18712,-0.05278,-1.01986,-4.7044,-0.41379,5.50409,6.43994,-1.00977,0.25862,0.97286
31.76,-0.23451,-0.05283,0.4061,0.05751,0,-0.88128,2.48664,-1.22954,1.05918,-3.38278,-0.88957,0.91286,6.15552,0.48696,-0.70869,0.39789,-1.90018,0.00337,-0.85977,5.95281,1.78631,1.07094,1.69221,0.00489,-0.72585,1.11004,0.07347,0.50436,1.7674,-0.91475,0.22145,-0.06723,-0.96436,-3.89278,-0.73725,5.85599,5.5693,-1.01745,-0.18048,-0.98223
31.78,-0.1916,-0.03407,0.35832,1.06995,0,-0.59169,2.27407,-1.32653,1.05916,-3.26749,-1.05148,0.68631,5.24874,1.29142,-0.48035,0.35071,-1.6533,0.09699,-0.68819,5.98756,2.01931,1.28551,2.14456,0.05036,-0.97937,1.51393,0.05361,0.30881,0.83047,-0.81467,0.24285,-0.07808,-0.91308,-2.97175,-1.02413,5.99063,4.54805,-0.96666,-0.59538,-2.83889
31.8,-0.14395,-0.01432,0.29841,1.99432,0,-0.28396,1.98458,-1.4063,1.0615,-3.03874,-1.16997,0.46268,4.24246,1.93942,-0.20554,0.30314,-1.34703,0.17157,-0.51636,5.79219,2.13127,1.46483,2.48848,0.10228,-1.17264,1.83758,0.02965,0.10562,-0.06498,-0.68452,0.25162,-0.08579,-0.86233,-1.98361,-1.26352,5.88035,3.42552,-0.87564,-0.95491,-4.45645
31.82,-0.0945,0.00504,0.22704,2.79752,0,0.0245,1.62968,-1.45841,1.07147,-2.69711,-1.23907,0.25132,3.16074,2.42908,0.10154,0.24231,-1.01237,0.24059,-0.33979,5.36452,2.12882,1.5931,2.71252,0.15468,-1.29681,2.06455,0.00183,-0.08935,-0.89085,-0.52859,0.24888,-0.09061,-0.80738,-0.97088,-1.44612,5.51334,2.24844,-0.76065,-1.23553,-5.72644
31.84,-0.04623,0.02264,0.14591,3.45485,0,0.31587,1.2263,-1.47358,1.08952,-2.2537,-1.26002,0.05947,2.03644,2.76787,0.4225,0.16082,-0.67468,0.31129,-0.15804,4.72039,2.0271,1.65887,2.81281,0.20166,-1.34934,2.18588,-0.02899,-0.26095,-1.62357,-0.35366,0.23638,-0.09263,-0.74384,0.02473,-1.56528,4.89815,1.06079,-0.63452,-1.42311,-6.58097
31.86,-0.00188,0.03736,0.05792,3.9502,0,0.57366,0.79601,-1.44556,1.11196,-1.73048,-1.23956,-0.10755,0.91131,2.96959,0.7367,0.05707,-0.35409,0.38524,0.02521,3.89516,1.84732,1.65633,2.7935,0.2382,-1.33389,2.2011,-0.06136,-0.39667,-2.24375,-0.16875,0.2163,-0.09184,-0.66882,0.9627,-1.61804,4.06661,-0.09431,-0.50653,-1.51349,-6.99619
31.88,0.03624,0.04835,-0.03256,4.27567,0,0.78428,0.36391,-1.37273,1.13226,-1.15951,-1.18691,-0.246,-0.16508,3.05107,1.02305,-0.06471,-0.06618,0.45941,0.20276,2.94355,1.61406,1.58647,2.66687,0.26088,-1.25947,2.11846,-0.09327,-0.48856,-2.73579,0.01534,0.19104,-0.08827,-0.58194,1.80359,-1.60592,3.07486,-1.17178,-0.38315,-1.51194,-6.99153
31.9,0.0665,0.05525,-0.11982,4.4306,0,0.93824,-0.04288,-1.25906,1.14242,-0.58116,-1.11122,-0.35335,-1.13765,3.0293,1.26171,-0.19501,0.1773,0.52759,0.36477,1.93734,1.35252,1.45758,2.45253,0.26834,-1.13931,1.95425,-0.12234,-0.53434,-3.08744,0.1867,0.16296,-0.08215,-0.48575,2.50916,-1.53528,2.0015,-2.12269,-0.26919,-1.4319,-6.62491
31.92,0.08796,0.0581,-0.19703,4.42022,0,1.03068,-0.39713,-1.11391,1.13431,-0.04083,-1.01983,-0.42798,-1.94939,2.91928,1.4354,-0.32018,0.36783,0.58182,0.50001,0.96,1.08612,1.28456,2.17567,0.26139,-0.98917,1.73105,-0.14602,-0.53755,-3.28953,0.3332,0.13429,-0.07398,-0.38556,3.04323,-1.41674,0.94168,-2.89459,-0.16862,-1.29278,-5.98349
31.94,0.10038,0.05733,-0.25704,4.25407,0,1.0611,-0.67388,-0.95048,1.10066,0.41588,-0.91742,-0.46908,-2.5469,2.73296,1.5305,-0.42448,0.49982,0.61381,0.59731,0.09771,0.8346,1.08666,1.86406,0.24259,-0.82546,1.47471,-0.16183,-0.50647,-3.3362,0.44357,0.10689,-0.06444,-0.28855,3.374,-1.26377,-0.00356,-3.43544,-0.08503,-1.11696,-5.17024
31.96,0.1041,0.05362,-0.29352,3.94455,0,1.03253,-0.85355,-0.78297,1.03588,0.74984,-0.80623,-0.47676,-2.88798,2.47942,1.53817,-0.49296,0.57077,0.61646,0.64744,-0.5734,0.6126,0.88382,1.54397,0.21547,-0.66302,1.21028,-0.16773,-0.45184,-3.22588,0.50886,0.08218,-0.05432,-0.2021,3.47815,-1.09032,-0.74292,-3.70173,-0.02127,-0.92628,-4.28694
31.98,0.0999,0.04767,-0.30231,3.50656,0,0.9506,-0.92546,-0.62324,0.93685,0.93575,-0.68708,-0.45251,-2.95073,2.16642,1.45564,-0.51486,0.58171,0.58531,0.64508,-1.00181,0.42871,0.69246,1.23597,0.18352,-0.51299,0.9577,-0.16253,-0.38408,-2.96332,0.52413,0.06102,-0.04429,-0.13189,3.34678,-0.90832,-1.21281,-3.66962,0.02121,-0.73846,-3.41685
32,0.09571,0.04172,-0.31111,3.06856,0,0.86866,-0.99737,-0.46351,0.83782,1.12167,-0.56794,-0.42827,-3.01349,1.85341,1.3731,-0.53676,0.59265,0.55416,0.64272,-1.43023,0.24481,0.5011,0.92797,0.15156,-0.36295,0.70512,-0.15733,-0.31632,-2.70077,0.5394,0.03985,-0.03426,-0.06168,3.21541,-0.72632,-1.6827,-3.6375,0.0637,-0.55063,-2.54675
