T,J7,J8,J9,J10,J11,J12,J13,J14,J15,J16,J17,J18,J19,J20,J21,J22,J23,J24,J25,J26,J27,J28,J29,J30,J31,J32,J33,J34,J35,J36,J37,J38,J39,J40
0,-9e-05,-0.00029,0.00013,0.00015,-0.0001,-3e-05,0.00017,0.00334,1e-05,0.00204,-0.004,4e-05,0.00016,0.0002,0.00061,0.00027,0.00238,-5e-05,-0,-0.00017,0.0014,-2e-05,0.00032,-0.00159,-0.00025,0.00017,0.0014,0.00148,4e-05,-0.00062,-0.00189,-0.00033,-3e-05,-0.00032
0.02,-5e-05,-0.00029,0.00013,0.00011,-0.0001,-3e-05,0.00017,0.00328,1e-05,0.00203,-0.004,4e-05,0.00016,0.0002,0.00059,0.00028,0.00235,-5e-05,0,-0.00017,0.0014,-3e-05,0.00032,-0.00159,-0.00025,0.00017,0.00141,0.00142,1e-05,-0.00058,-0.00173,-0.00035,-4e-05,-0.0004
0.04,-2e-05,-0.00029,0.00014,8e-05,-9e-05,-3e-05,0.00017,0.00323,1e-05,0.00202,-0.004,4e-05,0.00016,0.00021,0.00058,0.00029,0.00233,-5e-05,0,-0.00017,0.00141,-3e-05,0.00032,-0.0016,-0.00026,0.00017,0.00141,0.00135,-1e-05,-0.00054,-0.00157,-0.00037,-4e-05,-0.00049
0.06,1e-05,-0.0003,0.00014,5e-05,-9e-05,-3e-05,0.00018,0.00318,1e-05,0.00202,-0.004,4e-05,0.00016,0.00021,0.00057,0.00029,0.00231,-5e-05,0,-0.00018,0.00141,-4e-05,0.00031,-0.0016,-0.00026,0.00017,0.00142,0.00129,-3e-05,-0.0005,-0.00142,-0.0004,-5e-05,-0.00057
0.08,5e-05,-0.0003,0.00014,3e-05,-8e-05,-3e-05,0.00018,0.00312,2e-05,0.00201,-0.004,4e-05,0.00016,0.00021,0.00056,0.0003,0.00228,-5e-05,0,-0.00018,0.00142,-4e-05,0.00032,-0.0016,-0.00026,0.00017,0.00141,0.00123,-5e-05,-0.00046,-0.0013,-0.00042,-5e-05,-0.00065
0.1,8e-05,-0.00031,0.00015,0,-8e-05,-3e-05,0.00018,0.00308,2e-05,0.00201,-0.004,4e-05,0.00016,0.00021,0.00055,0.0003,0.00227,-5e-05,0,-0.00018,0.00142,-5e-05,0.00031,-0.00161,-0.00027,0.00017,0.00145,0.00116,-6e-05,-0.00042,-0.00116,-0.00045,-6e-05,-0.00074
0.12,0.00011,-0.00032,0.00014,-2e-05,-7e-05,-3e-05,0.00018,0.00306,3e-05,0.00201,-0.00401,4e-05,0.00016,0.00021,0.00055,0.0003,0.00227,-5e-05,0,-0.00018,0.00144,-5e-05,0.00027,-0.00163,-0.00027,0.00017,0.00163,0.00105,-5e-05,-0.00035,-0.00095,-0.00049,-7e-05,-0.00088
0.14,0.00014,-0.00033,0.00014,-3e-05,-7e-05,-3e-05,0.00018,0.00306,4e-05,0.00202,-0.00401,4e-05,0.00016,0.00021,0.00055,0.00031,0.00229,-4e-05,0,-0.00018,0.00146,-4e-05,0.00022,-0.00165,-0.00027,0.00017,0.00186,0.00093,-3e-05,-0.00028,-0.00076,-0.00055,-8e-05,-0.00104
0.16,0.00017,-0.00035,0.00013,-5e-05,-6e-05,-3e-05,0.00017,0.00304,5e-05,0.00202,-0.00402,4e-05,0.00016,0.00021,0.00055,0.00031,0.0023,-4e-05,0,-0.00018,0.00148,-3e-05,0.00019,-0.00168,-0.00027,0.00017,0.00207,0.00084,-2e-05,-0.00022,-0.00061,-0.00059,-9e-05,-0.00118
0.18,0.0002,-0.00036,0.00013,-7e-05,-6e-05,-3e-05,0.00018,0.00304,6e-05,0.00202,-0.00403,4e-05,0.00016,0.00021,0.00055,0.00031,0.00231,-4e-05,0,-0.00017,0.0015,-3e-05,0.00015,-0.0017,-0.00028,0.00016,0.00232,0.00075,-1e-05,-0.00017,-0.00049,-0.00065,-0.0001,-0.00136
0.2,0.00022,-0.00038,0.00013,-8e-05,-5e-05,-3e-05,0.00018,0.00302,7e-05,0.00203,-0.00403,4e-05,0.00016,0.00021,0.00055,0.00032,0.00232,-4e-05,0,-0.00017,0.00152,-2e-05,0.00013,-0.00173,-0.00028,0.00016,0.00252,0.00067,2e-05,-0.00012,-0.00041,-0.00069,-0.00011,-0.00147
0.22,0.00025,-0.00039,0.00011,-9e-05,-5e-05,-3e-05,0.00018,0.00297,8e-05,0.00205,-0.00401,4e-05,0.00016,0.00022,0.00054,0.00033,0.00232,-4e-05,0,-0.00017,0.00154,0,0.00014,-0.00174,-0.00029,0.00016,0.00254,0.00061,9e-05,-7e-05,-0.00037,-0.00069,-0.00011,-0.00137
0.24,0.00028,-0.0004,0.0001,-0.0001,-4e-05,-3e-05,0.00018,0.00292,9e-05,0.00208,-0.00399,4e-05,0.00015,0.00022,0.00053,0.00035,0.00232,-4e-05,0,-0.00017,0.00156,3e-05,0.00017,-0.00175,-0.0003,0.00017,0.00248,0.00056,0.00018,-4e-05,-0.00036,-0.00068,-0.00011,-0.00119
0.26,0.0003,-0.00041,9e-05,-0.00011,-3e-05,-3e-05,0.00019,0.00287,0.0001,0.0021,-0.00397,4e-05,0.00015,0.00023,0.00052,0.00036,0.00232,-4e-05,0,-0.00017,0.00158,6e-05,0.00019,-0.00176,-0.00031,0.00017,0.00245,0.00051,0.00026,-0,-0.00035,-0.00068,-0.00011,-0.00105
0.28,0.00033,-0.00043,8e-05,-0.00012,-3e-05,-3e-05,0.0002,0.00283,0.0001,0.00213,-0.00395,4e-05,0.00015,0.00024,0.00051,0.00038,0.00232,-5e-05,0,-0.00018,0.0016,9e-05,0.0002,-0.00177,-0.00032,0.00017,0.00245,0.00047,0.00035,3e-05,-0.00035,-0.00068,-0.00011,-0.0009
0.3,0.00036,-0.00044,7e-05,-0.00013,-3e-05,-3e-05,0.0002,0.00278,0.0001,0.00215,-0.00394,3e-05,0.00015,0.00025,0.00051,0.00039,0.00231,-5e-05,0,-0.00018,0.00162,0.00011,0.00023,-0.00178,-0.00033,0.00018,0.00239,0.00044,0.00042,6e-05,-0.00036,-0.00067,-0.00011,-0.00078
0.32,0.00039,-0.00045,6e-05,-0.00015,-2e-05,-3e-05,0.00021,0.00275,0.0001,0.00215,-0.00394,4e-05,0.00015,0.00026,0.0005,0.0004,0.0023,-5e-05,0,-0.00018,0.00165,0.00014,0.00028,-0.00179,-0.00034,0.00018,0.00218,0.00042,0.0005,5e-05,-0.00042,-0.00065,-0.0001,-0.00073
0.34,0.00042,-0.00045,5e-05,-0.00016,-2e-05,-3e-05,0.00022,0.00271,0.0001,0.00216,-0.00394,4e-05,0.00015,0.00028,0.00049,0.00041,0.00229,-5e-05,-0,-0.00018,0.00168,0.00016,0.00034,-0.00179,-0.00035,0.00018,0.00194,0.00042,0.00056,2e-05,-0.0005,-0.00062,-9e-05,-0.00071
0.36,0.00045,-0.00046,4e-05,-0.00017,-2e-05,-3e-05,0.00023,0.00268,9e-05,0.00216,-0.00395,4e-05,0.00015,0.00029,0.00049,0.00041,0.00228,-5e-05,-0,-0.00018,0.00171,0.00018,0.00039,-0.0018,-0.00037,0.00018,0.00174,0.00041,0.00063,1e-05,-0.00057,-0.00059,-9e-05,-0.00068
0.38,0.00048,-0.00047,4e-05,-0.00019,-3e-05,-3e-05,0.00024,0.00264,8e-05,0.00217,-0.00395,4e-05,0.00015,0.0003,0.00049,0.00042,0.00227,-5e-05,-0,-0.00018,0.00174,0.00021,0.00044,-0.0018,-0.00038,0.00018,0.00152,0.0004,0.0007,-1e-05,-0.00063,-0.00057,-8e-05,-0.00065
0.4,0.00051,-0.00048,3e-05,-0.0002,-3e-05,-3e-05,0.00024,0.00262,7e-05,0.00217,-0.00395,4e-05,0.00015,0.00031,0.00049,0.00042,0.00227,-4e-05,-0,-0.00018,0.00177,0.00023,0.00048,-0.0018,-0.00039,0.00018,0.00137,0.0004,0.00077,-3e-05,-0.00071,-0.00054,-7e-05,-0.00061
0.42,0.00054,-0.00048,2e-05,-0.00021,-3e-05,-3e-05,0.00024,0.00264,5e-05,0.00215,-0.00395,4e-05,0.00016,0.00032,0.00049,0.0004,0.00228,-4e-05,-0,-0.00018,0.00181,0.00023,0.00047,-0.00178,-0.0004,0.00019,0.00136,0.00041,0.0008,-7e-05,-0.00082,-0.0005,-6e-05,-0.00053
0.44,0.00057,-0.00048,1e-05,-0.00021,-4e-05,-3e-05,0.00024,0.00266,2e-05,0.00213,-0.00395,4e-05,0.00016,0.00033,0.0005,0.00037,0.00229,-4e-05,-0,-0.00017,0.00184,0.00023,0.00043,-0.00174,-0.00042,0.00019,0.00139,0.00042,0.00083,-0.00011,-0.00097,-0.00046,-5e-05,-0.00043
0.46,0.00059,-0.00048,0,-0.00021,-5e-05,-3e-05,0.00023,0.00268,0,0.00211,-0.00396,4e-05,0.00016,0.00033,0.00051,0.00035,0.00231,-4e-05,-1e-05,-0.00016,0.00187,0.00023,0.0004,-0.00171,-0.00043,0.00019,0.00141,0.00043,0.00086,-0.00015,-0.00112,-0.00042,-4e-05,-0.00035
0.48,0.00062,-0.00048,-1e-05,-0.00021,-6e-05,-3e-05,0.00022,0.0027,-2e-05,0.0021,-0.00396,4e-05,0.00016,0.00033,0.00052,0.00033,0.00232,-4e-05,-1e-05,-0.00016,0.00191,0.00023,0.00038,-0.00168,-0.00044,0.0002,0.00143,0.00044,0.00089,-0.00019,-0.0013,-0.00038,-3e-05,-0.00026
0.5,0.00065,-0.00048,-1e-05,-0.00019,-6e-05,-3e-05,0.00019,0.00273,-4e-05,0.00208,-0.00396,4e-05,0.00017,0.00032,0.00052,0.0003,0.00234,-4e-05,-1e-05,-0.00015,0.00194,0.00023,0.00035,-0.00163,-0.00045,0.0002,0.00145,0.00045,0.00092,-0.00022,-0.0015,-0.00034,-2e-05,-0.00018
0.52,0.00065,-0.00047,-1e-05,-0.00015,-7e-05,-3e-05,0.00015,0.0028,-6e-05,0.00205,-0.00397,5e-05,0.00017,0.00029,0.00054,0.00027,0.00237,-3e-05,-1e-05,-0.00014,0.00196,0.00022,0.0003,-0.00155,-0.00047,0.0002,0.0015,0.00047,0.00092,-0.00025,-0.00169,-0.00034,-1e-05,-6e-05
0.54,0.00065,-0.00046,-1e-05,-9e-05,-8e-05,-3e-05,0.0001,0.00288,-8e-05,0.00202,-0.00397,5e-05,0.00017,0.00023,0.00056,0.00024,0.00241,-3e-05,-1e-05,-0.00013,0.00197,0.0002,0.00025,-0.00145,-0.00048,0.0002,0.00156,0.00049,0.0009,-0.00027,-0.00189,-0.00034,-1e-05,5e-05
0.56,0.00064,-0.00046,-1e-05,-7e-05,-9e-05,-4e-05,5e-05,0.00296,-0.0001,0.00198,-0.00398,6e-05,0.00018,0.00018,0.00057,0.0002,0.00244,-3e-05,-1e-05,-0.00012,0.00199,0.00019,0.00021,-0.00136,-0.00049,0.00021,0.00161,0.00051,0.0009,-0.0003,-0.00212,-0.00034,-1e-05,0.00015
0.58,0.00065,-0.00045,-2e-05,-7e-05,-0.0001,-4e-05,0,0.00303,-0.00012,0.00196,-0.00399,6e-05,0.00018,0.00013,0.00059,0.00017,0.00248,-2e-05,-1e-05,-0.00011,0.00201,0.00018,0.00017,-0.00128,-0.0005,0.00021,0.00166,0.00052,0.00089,-0.00032,-0.00243,-0.00034,-1e-05,0.00028
0.6,0.00064,-0.00043,-2e-05,-5e-05,-0.00011,-5e-05,-5e-05,0.00312,-0.00013,0.00192,-0.004,7e-05,0.00018,7e-05,0.0006,0.00014,0.00251,-2e-05,-1e-05,-0.0001,0.00202,0.00017,0.00013,-0.00119,-0.00051,0.00021,0.00171,0.00054,0.00089,-0.00034,-0.00268,-0.00033,-1e-05,0.00035
0.62,0.0006,-0.00038,-1e-05,-0,-0.00012,-6e-05,-0.00012,0.00328,-0.00015,0.00184,-0.00401,7e-05,0.00019,-3e-05,0.00063,0.0001,0.00254,-1e-05,-1e-05,-9e-05,0.00201,0.00018,8e-05,-0.00107,-0.00051,0.00021,0.00178,0.00055,0.00086,-0.00035,-0.00261,-0.00032,-1e-05,0.00025
0.64,0.00055,-0.00032,-1e-05,6e-05,-0.00013,-7e-05,-0.00019,0.00346,-0.00017,0.00174,-0.00401,8e-05,0.00019,-0.00012,0.00065,6e-05,0.00257,-1e-05,-1e-05,-7e-05,0.00199,0.0002,2e-05,-0.00094,-0.00051,0.00021,0.00185,0.00056,0.00084,-0.00036,-0.00244,-0.00031,-2e-05,9e-05
0.66,0.0005,-0.00027,-1e-05,0.00011,-0.00014,-7e-05,-0.00024,0.00364,-0.00018,0.00166,-0.00402,8e-05,0.0002,-0.0002,0.00067,2e-05,0.0026,-0,-1e-05,-6e-05,0.00197,0.00022,-2e-05,-0.00083,-0.0005,0.00022,0.00192,0.00057,0.00081,-0.00037,-0.00233,-0.00029,-2e-05,-3e-05
0.68,0.00046,-0.00021,-2e-05,0.00016,-0.00015,-8e-05,-0.00028,0.00385,-0.00019,0.00157,-0.00402,9e-05,0.0002,-0.00026,0.0007,-1e-05,0.00263,0,-1e-05,-5e-05,0.00197,0.00024,-6e-05,-0.00073,-0.0005,0.00022,0.002,0.00058,0.00079,-0.00039,-0.00221,-0.00028,-3e-05,-0.00016
0.7,0.00042,-0.00016,-3e-05,0.00021,-0.00016,-8e-05,-0.00031,0.00404,-0.0002,0.00148,-0.00404,9e-05,0.0002,-0.00031,0.00072,-3e-05,0.00265,0,-1e-05,-4e-05,0.00193,0.00026,-0.0001,-0.00062,-0.00048,0.00022,0.00204,0.0006,0.00077,-0.00039,-0.00212,-0.00026,-3e-05,-0.00028
0.72,0.00039,-9e-05,-4e-05,0.00028,-0.00016,-8e-05,-0.00033,0.00411,-0.0002,0.00137,-0.00415,9e-05,0.0002,-0.00035,0.00072,-6e-05,0.00265,1e-05,-1e-05,-3e-05,0.00182,0.00029,-0.00011,-0.00049,-0.00041,0.00021,0.00199,0.00063,0.00081,-0.00037,-0.00213,-0.00022,-3e-05,-0.00039
0.74,0.00037,-1e-05,-5e-05,0.00036,-0.00015,-7e-05,-0.00034,0.00415,-0.0002,0.00125,-0.00428,9e-05,0.0002,-0.00039,0.00072,-8e-05,0.00265,1e-05,-0,-3e-05,0.00168,0.00034,-0.0001,-0.00036,-0.00033,0.00019,0.0019,0.00067,0.00085,-0.00035,-0.00216,-0.00017,-2e-05,-0.00048
0.76,0.00034,6e-05,-8e-05,0.00046,-0.00014,-7e-05,-0.00034,0.00422,-0.0002,0.00113,-0.0044,9e-05,0.0002,-0.0004,0.00073,-8e-05,0.00264,1e-05,-0,-3e-05,0.00157,0.00038,-0.0001,-0.00026,-0.00026,0.00018,0.00183,0.0007,0.00089,-0.00033,-0.00218,-0.00013,-2e-05,-0.00058
0.78,0.00032,0.00013,-9e-05,0.00059,-0.00013,-6e-05,-0.00033,0.00425,-0.0002,0.00104,-0.00455,9e-05,0.0002,-0.00041,0.00073,-8e-05,0.00264,1e-05,-0,-2e-05,0.00147,0.00042,-0.00011,-0.00018,-0.0002,0.00016,0.00177,0.00074,0.00094,-0.00031,-0.00221,-9e-05,-1e-05,-0.00068
0.8,0.0003,0.0002,-0.00012,0.00074,-0.00013,-5e-05,-0.00032,0.00437,-0.0002,0.00091,-0.00464,8e-05,0.00019,-0.00042,0.00073,-7e-05,0.00264,1e-05,0,-2e-05,0.00135,0.00045,-0.0001,-0.00011,-0.00015,0.00015,0.0017,0.00078,0.00097,-0.0003,-0.00223,-6e-05,-1e-05,-0.00077
0.82,0.00028,0.00022,-0.00024,0.00093,-0.00019,-4e-05,-0.00029,0.00475,-0.00018,0.00068,-0.00452,7e-05,0.00017,-0.00042,0.00076,-3e-05,0.00262,-0,0,-5e-05,0.00117,0.00047,-6e-05,-5e-05,-7e-05,0.00014,0.00163,0.00081,0.00097,-0.00033,-0.00223,-7e-05,-2e-05,-0.00079
0.84,0.00028,0.00023,-0.00038,0.00116,-0.00027,-2e-05,-0.00027,0.00527,-0.00016,0.00046,-0.00434,5e-05,0.00014,-0.0004,0.00079,2e-05,0.0026,-1e-05,1e-05,-7e-05,0.00099,0.00049,-2e-05,-0,-1e-05,0.00013,0.00156,0.00084,0.00095,-0.00037,-0.00222,-9e-05,-3e-05,-0.00078
0.86,0.00027,0.00025,-0.0005,0.00145,-0.00034,-1e-05,-0.00023,0.00579,-0.00015,0.0003,-0.0042,4e-05,0.00012,-0.00038,0.00081,5e-05,0.00259,-2e-05,1e-05,-0.0001,0.00085,0.00051,2e-05,2e-05,5e-05,0.00013,0.0015,0.00087,0.00094,-0.0004,-0.00221,-0.00011,-4e-05,-0.00079
0.88,0.00025,0.00027,-0.00064,0.00186,-0.00041,0,-0.0002,0.00637,-0.00014,0.00018,-0.00406,3e-05,0.0001,-0.00035,0.00084,9e-05,0.00258,-3e-05,1e-05,-0.00012,0.00072,0.00054,5e-05,3e-05,0.00012,0.00012,0.00141,0.0009,0.00094,-0.00044,-0.00221,-0.00013,-5e-05,-0.0008
0.9,0.00025,0.00028,-0.00078,0.00227,-0.00048,1e-05,-0.00016,0.00701,-0.00013,8e-05,-0.00395,3e-05,9e-05,-0.00031,0.00086,0.00011,0.00255,-3e-05,1e-05,-0.00014,0.00062,0.00055,8e-05,2e-05,0.00016,0.00011,0.00138,0.00093,0.00092,-0.00047,-0.0022,-0.00014,-6e-05,-0.00081
0.92,0.00026,0.00027,-0.00083,0.00242,-0.00053,0,-0.00013,0.0077,-0.00012,1e-05,-0.0039,4e-05,7e-05,-0.00028,0.00088,0.00014,0.00247,-4e-05,1e-05,-0.00015,0.00056,0.00053,0.00011,-2e-05,8e-05,0.00012,0.00151,0.00096,0.0009,-0.00047,-0.00218,-0.00017,-5e-05,-0.00084
0.94,0.00027,0.00024,-0.00085,0.00246,-0.00057,-1e-05,-9e-05,0.00845,-0.00011,-4e-05,-0.00387,6e-05,6e-05,-0.00024,0.00088,0.00016,0.00238,-4e-05,1e-05,-0.00017,0.00052,0.0005,0.00013,-6e-05,-2e-05,0.00013,0.0017,0.00098,0.00088,-0.00046,-0.00215,-0.00019,-4e-05,-0.00088
0.96,0.00028,0.00022,-0.00088,0.00254,-0.00062,-2e-05,-6e-05,0.00926,-0.0001,-7e-05,-0.00383,7e-05,6e-05,-0.00021,0.0009,0.00017,0.0023,-4e-05,1e-05,-0.00018,0.00048,0.00047,0.00015,-0.00011,-0.0001,0.00014,0.00187,0.001,0.00085,-0.00046,-0.00213,-0.00022,-3e-05,-0.00091
0.98,0.0003,0.00021,-0.00093,0.00262,-0.00067,-3e-05,-4e-05,0.01025,-0.0001,-9e-05,-0.00379,8e-05,5e-05,-0.00018,0.00091,0.00018,0.00222,-5e-05,1e-05,-0.0002,0.00044,0.00045,0.00018,-0.00015,-0.00018,0.00015,0.00205,0.00103,0.00083,-0.00046,-0.0021,-0.00024,-2e-05,-0.00095
1,0.00031,0.00018,-0.00095,0.00267,-0.00071,-3e-05,-2e-05,0.01111,-9e-05,-0.0001,-0.00377,9e-05,4e-05,-0.00015,0.00092,0.00019,0.00215,-5e-05,1e-05,-0.00021,0.00041,0.00042,0.00019,-0.0002,-0.00025,0.00016,0.00221,0.00106,0.00081,-0.00046,-0.00208,-0.00026,-2e-05,-0.00097
1.02,0.00031,0.00015,-0.00091,0.00267,-0.00071,-4e-05,-0,0.01136,-8e-05,-9e-05,-0.0038,0.00011,6e-05,-0.00013,0.0009,0.00019,0.0021,-6e-05,0,-0.00022,0.0004,0.00038,0.00019,-0.00026,-0.00025,0.00016,0.00232,0.00108,0.00078,-0.00047,-0.00203,-0.00029,-2e-05,-0.00094
1.04,0.00031,0.00012,-0.00085,0.00265,-0.00071,-4e-05,1e-05,0.01138,-7e-05,-7e-05,-0.00385,0.00012,9e-05,-0.00011,0.00089,0.00019,0.00205,-6e-05,-0,-0.00022,0.0004,0.00033,0.00019,-0.00033,-0.00024,0.00015,0.0024,0.0011,0.00076,-0.00049,-0.00199,-0.00031,-3e-05,-0.00088
1.06,0.00031,9e-05,-0.00081,0.00264,-0.00071,-4e-05,2e-05,0.01151,-6e-05,-6e-05,-0.00388,0.00013,0.00011,-0.0001,0.00087,0.00019,0.00201,-6e-05,-1e-05,-0.00023,0.00039,0.00029,0.00019,-0.00039,-0.00023,0.00015,0.00249,0.00112,0.00073,-0.0005,-0.00195,-0.00033,-4e-05,-0.00084
1.08,0.00031,6e-05,-0.00077,0.00264,-0.0007,-5e-05,2e-05,0.01164,-6e-05,-5e-05,-0.00392,0.00013,0.00013,-8e-05,0.00086,0.00019,0.00196,-7e-05,-1e-05,-0.00023,0.00039,0.00024,0.00019,-0.00045,-0.00022,0.00015,0.00261,0.00114,0.00071,-0.00051,-0.00191,-0.00036,-5e-05,-0.00079
1.1,0.00031,4e-05,-0.00073,0.00263,-0.00069,-5e-05,3e-05,0.01171,-5e-05,-4e-05,-0.00396,0.00014,0.00014,-7e-05,0.00085,0.00019,0.00193,-7e-05,-1e-05,-0.00024,0.00038,0.00021,0.00019,-0.00051,-0.0002,0.00014,0.00267,0.00116,0.00069,-0.00052,-0.00186,-0.00038,-6e-05,-0.00075
1.12,0.00031,2e-05,-0.0007,0.00263,-0.00068,-5e-05,3e-05,0.01162,-5e-05,-3e-05,-0.00399,0.00014,0.00014,-6e-05,0.00084,0.00019,0.0019,-7e-05,-1e-05,-0.00024,0.00039,0.0002,0.0002,-0.00058,-0.00016,0.00014,0.00261,0.00118,0.00069,-0.00051,-0.00182,-0.00041,-6e-05,-0.00077
1.14,0.00031,2e-05,-0.00067,0.00263,-0.00067,-5e-05,3e-05,0.01147,-5e-05,-2e-05,-0.00402,0.00013,0.00013,-6e-05,0.00083,0.00019,0.00187,-8e-05,-1e-05,-0.00024,0.00039,0.00019,0.00021,-0.00066,-0.00011,0.00013,0.00249,0.00121,0.0007,-0.00048,-0.00177,-0.00044,-7e-05,-0.0008
1.16,0.00032,1e-05,-0.00065,0.00263,-0.00067,-5e-05,3e-05,0.01136,-5e-05,-2e-05,-0.00405,0.00012,0.00012,-5e-05,0.00082,0.00019,0.00184,-8e-05,-1e-05,-0.00025,0.0004,0.00019,0.00022,-0.00075,-6e-05,0.00013,0.00241,0.00123,0.00071,-0.00046,-0.00173,-0.00046,-7e-05,-0.00082
1.18,0.00032,-0,-0.00062,0.00264,-0.00067,-5e-05,3e-05,0.0112,-5e-05,-2e-05,-0.0041,0.00011,0.00011,-4e-05,0.00081,0.00019,0.00182,-8e-05,-1e-05,-0.00025,0.0004,0.00018,0.00022,-0.00085,-2e-05,0.00012,0.00233,0.00125,0.00071,-0.00044,-0.00169,-0.00049,-8e-05,-0.00084
1.2,0.00032,-2e-05,-0.0006,0.00264,-0.00067,-5e-05,4e-05,0.01115,-4e-05,-3e-05,-0.00413,9e-05,0.0001,-3e-05,0.00081,0.00019,0.0018,-8e-05,-1e-05,-0.00025,0.00041,0.00018,0.00024,-0.00097,2e-05,0.00012,0.00223,0.00128,0.00072,-0.00042,-0.00163,-0.00052,-8e-05,-0.00086
1.22,0.00031,-3e-05,-0.00058,0.00264,-0.00067,-6e-05,4e-05,0.01139,-4e-05,-5e-05,-0.00402,7e-05,7e-05,-3e-05,0.00083,0.00019,0.0018,-8e-05,-1e-05,-0.00025,0.00041,0.00018,0.00027,-0.00107,4e-05,0.00012,0.00206,0.00129,0.00073,-0.00039,-0.00155,-0.00055,-9e-05,-0.0009
1.24,0.00031,-4e-05,-0.00056,0.00264,-0.00067,-6e-05,5e-05,0.01175,-3e-05,-7e-05,-0.0039,4e-05,3e-05,-2e-05,0.00086,0.00019,0.00181,-8e-05,-1e-05,-0.00024,0.00042,0.00019,0.0003,-0.00119,7e-05,0.00012,0.00188,0.0013,0.00074,-0.00036,-0.00147,-0.00058,-0.0001,-0.00094
1.26,0.0003,-6e-05,-0.00055,0.00264,-0.00067,-7e-05,6e-05,0.01208,-2e-05,-9e-05,-0.00382,1e-05,0,-1e-05,0.00089,0.0002,0.00182,-7e-05,-1e-05,-0.00023,0.00042,0.0002,0.00033,-0.00132,9e-05,0.00012,0.00172,0.00131,0.00075,-0.00033,-0.00139,-0.00062,-0.00011,-0.00097
1.28,0.0003,-7e-05,-0.00053,0.00264,-0.00067,-7e-05,6e-05,0.01239,-0,-0.00011,-0.00366,-2e-05,-2e-05,-0,0.00092,0.00021,0.00183,-7e-05,-1e-05,-0.00023,0.00043,0.00021,0.00036,-0.0015,0.00012,0.00012,0.00156,0.00132,0.00077,-0.00031,-0.00131,-0.00065,-0.00011,-0.00101
1.3,0.00029,-9e-05,-0.00051,0.00264,-0.00067,-8e-05,7e-05,0.01277,1e-05,-0.00014,-0.00368,-5e-05,-5e-05,1e-05,0.00095,0.00021,0.00185,-7e-05,-0,-0.00022,0.00044,0.00022,0.00039,-0.00166,0.00013,0.00011,0.00143,0.00133,0.00077,-0.00028,-0.00123,-0.00068,-0.00012,-0.00104
1.32,0.00027,-0.00013,-0.00049,0.00264,-0.00067,-9e-05,7e-05,0.01331,3e-05,-0.00017,-0.00423,-9e-05,-7e-05,2e-05,0.00099,0.00022,0.00187,-6e-05,-0,-0.00021,0.00045,0.00022,0.00043,-0.00172,0.00014,0.00011,0.00139,0.00133,0.00077,-0.00025,-0.00114,-0.00071,-0.00013,-0.00105
1.34,0.00026,-0.00017,-0.00047,0.00264,-0.00067,-9e-05,8e-05,0.01392,5e-05,-0.0002,-0.00506,-0.00012,-0.0001,3e-05,0.00104,0.00024,0.0019,-5e-05,0,-0.0002,0.00046,0.00021,0.00047,-0.00173,0.00015,0.00011,0.00139,0.00133,0.00076,-0.00022,-0.00104,-0.00073,-0.00013,-0.00105
1.36,0.00024,-0.00021,-0.00044,0.00264,-0.00067,-0.0001,8e-05,0.01453,7e-05,-0.00022,-0.00587,-0.00015,-0.00012,4e-05,0.00108,0.00025,0.00193,-4e-05,0,-0.00019,0.00047,0.00021,0.0005,-0.00177,0.00015,0.00011,0.00137,0.00133,0.00075,-0.00019,-0.00095,-0.00075,-0.00014,-0.00106
1.38,0.00023,-0.00025,-0.00042,0.00264,-0.00066,-0.00011,8e-05,0.01519,9e-05,-0.00024,-0.00701,-0.00017,-0.00014,5e-05,0.00113,0.00026,0.00196,-4e-05,1e-05,-0.00018,0.00048,0.00021,0.00055,-0.00183,0.00016,0.00011,0.00134,0.00133,0.00074,-0.00017,-0.00087,-0.00078,-0.00014,-0.00106
1.4,0.00021,-0.0003,-0.0004,0.00264,-0.00065,-0.00011,8e-05,0.01582,0.0001,-0.00026,-0.00796,-0.00018,-0.00014,6e-05,0.00118,0.00027,0.00199,-3e-05,1e-05,-0.00017,0.00049,0.00021,0.00058,-0.00185,0.00016,0.00011,0.00134,0.00132,0.00072,-0.00014,-0.00078,-0.00079,-0.00014,-0.00106
1.42,0.0002,-0.00037,-0.00038,0.00262,-0.00064,-0.00012,7e-05,0.01632,0.00012,-0.00026,-0.00774,-0.00017,-0.0001,7e-05,0.00125,0.00028,0.00205,-2e-05,1e-05,-0.00016,0.0005,0.0002,0.00053,-0.00174,0.00017,0.00011,0.0014,0.0013,0.00068,-0.00013,-0.00068,-0.00078,-0.00014,-0.00106
1.44,0.00019,-0.00046,-0.00036,0.00261,-0.00063,-0.00013,6e-05,0.01677,0.00014,-0.00026,-0.00711,-0.00016,-5e-05,8e-05,0.00132,0.0003,0.00211,-1e-05,1e-05,-0.00015,0.0005,0.00019,0.00047,-0.0016,0.00017,0.00011,0.00148,0.00127,0.00063,-0.00011,-0.00058,-0.00076,-0.00014,-0.00105
1.46,0.00018,-0.00054,-0.00034,0.00259,-0.00063,-0.00014,6e-05,0.01723,0.00015,-0.00026,-0.00669,-0.00014,-1e-05,8e-05,0.0014,0.00031,0.00217,-0,1e-05,-0.00014,0.00051,0.00019,0.00042,-0.0015,0.00018,0.00011,0.00154,0.00124,0.00058,-0.0001,-0.00049,-0.00074,-0.00013,-0.00104
1.48,0.00017,-0.00063,-0.00033,0.00258,-0.00063,-0.00014,5e-05,0.01784,0.00016,-0.00026,-0.00631,-0.00014,2e-05,9e-05,0.00149,0.00032,0.00223,0,1e-05,-0.00013,0.00051,0.00018,0.00037,-0.00139,0.00018,0.00011,0.00161,0.00122,0.00054,-8e-05,-0.00042,-0.00073,-0.00013,-0.00104
1.5,0.00016,-0.00071,-0.0003,0.00256,-0.00062,-0.00015,4e-05,0.01816,0.00017,-0.00025,-0.00585,-0.00013,6e-05,9e-05,0.00156,0.00033,0.00229,1e-05,1e-05,-0.00012,0.00052,0.00017,0.00035,-0.00132,0.00018,0.00011,0.00167,0.00117,0.0005,-6e-05,-0.00034,-0.00071,-0.00012,-0.00102
1.52,0.00016,-0.00078,-0.00024,0.0025,-0.00059,-0.00015,2e-05,0.01764,0.00016,-0.00024,-0.00525,-0.00013,0.00011,9e-05,0.00158,0.00035,0.00232,0,1e-05,-0.00011,0.00055,0.00017,0.00037,-0.00135,0.00018,0.00011,0.00167,0.00104,0.00043,-6e-05,-0.00022,-0.00063,-0.00011,-0.00092
1.54,0.00017,-0.00085,-0.00017,0.00243,-0.00056,-0.00015,1e-05,0.01686,0.00016,-0.00021,-0.00464,-0.00012,0.00015,9e-05,0.00158,0.00036,0.00236,0,1e-05,-0.00011,0.00059,0.00016,0.00041,-0.00141,0.00017,0.00011,0.00166,0.0009,0.00036,-5e-05,-0.00011,-0.00053,-8e-05,-0.00081
1.56,0.00017,-0.00092,-0.00012,0.00237,-0.00054,-0.00015,0,0.01624,0.00015,-0.0002,-0.00414,-0.00012,0.00019,9e-05,0.0016,0.00037,0.00239,-0,1e-05,-0.00011,0.00062,0.00015,0.00045,-0.00146,0.00016,0.00011,0.00165,0.00079,0.00029,-4e-05,-5e-05,-0.00046,-7e-05,-0.00071
1.58,0.00018,-0.00099,-7e-05,0.00231,-0.00051,-0.00015,-1e-05,0.0156,0.00015,-0.00018,-0.0037,-0.00012,0.00022,8e-05,0.00161,0.00038,0.00243,-0,1e-05,-0.00011,0.00066,0.00014,0.00048,-0.00151,0.00015,0.00011,0.00165,0.00069,0.00022,-3e-05,0,-0.00039,-5e-05,-0.00059
1.6,0.00018,-0.00106,-3e-05,0.00226,-0.00048,-0.00015,-1e-05,0.01502,0.00014,-0.00018,-0.00333,-0.00012,0.00025,7e-05,0.00162,0.0004,0.00246,-1e-05,1e-05,-0.00011,0.00069,0.00014,0.00051,-0.00157,0.00015,0.00011,0.00164,0.00061,0.00017,-2e-05,2e-05,-0.00033,-3e-05,-0.00053
1.62,0.00019,-0.0011,-1e-05,0.00222,-0.00047,-0.00015,-2e-05,0.01463,0.00014,-0.00017,-0.00302,-0.00013,0.00026,7e-05,0.00165,0.0004,0.00246,-1e-05,1e-05,-0.00011,0.00072,0.00015,0.00053,-0.00162,0.00013,0.00011,0.00159,0.00055,0.00019,2e-05,1e-05,-0.00033,-3e-05,-0.00058
1.64,0.00019,-0.00114,-0,0.0022,-0.00045,-0.00015,-2e-05,0.01428,0.00013,-0.00016,-0.00277,-0.00013,0.00026,5e-05,0.00168,0.0004,0.00246,-2e-05,1e-05,-0.00011,0.00075,0.00016,0.00054,-0.00166,0.00012,0.00011,0.00154,0.0005,0.00023,7e-05,-2e-05,-0.00034,-4e-05,-0.00069
1.66,0.0002,-0.00117,1e-05,0.00217,-0.00044,-0.00015,-3e-05,0.01392,0.00013,-0.00016,-0.00256,-0.00012,0.00026,4e-05,0.0017,0.0004,0.00246,-2e-05,2e-05,-0.00012,0.00078,0.00017,0.00056,-0.00171,0.00011,0.00011,0.00149,0.00047,0.00026,0.0001,-5e-05,-0.00034,-4e-05,-0.00077
1.68,0.0002,-0.00122,2e-05,0.00214,-0.00042,-0.00015,-3e-05,0.01358,0.00012,-0.00016,-0.00234,-0.00011,0.00027,3e-05,0.00174,0.0004,0.00246,-2e-05,2e-05,-0.00013,0.00081,0.00019,0.00057,-0.00176,0.0001,0.00011,0.00145,0.00044,0.00029,0.00014,-9e-05,-0.00034,-4e-05,-0.00084
1.7,0.0002,-0.00125,2e-05,0.00211,-0.00041,-0.00015,-4e-05,0.01323,0.00011,-0.00017,-0.00224,-9e-05,0.00026,2e-05,0.00176,0.00041,0.00245,-1e-05,3e-05,-0.00013,0.00084,0.0002,0.00058,-0.0018,9e-05,0.00011,0.00141,0.00042,0.00031,0.00017,-0.00014,-0.00035,-5e-05,-0.00093
1.72,0.00019,-0.00126,0,0.0021,-0.0004,-0.00014,-4e-05,0.01282,9e-05,-0.00018,-0.00244,-4e-05,0.00024,1e-05,0.00177,0.00041,0.00241,-0,3e-05,-0.00014,0.00086,0.0002,0.00057,-0.00182,8e-05,0.00012,0.00139,0.00045,0.00033,0.00018,-0.00021,-0.00037,-5e-05,-0.00106
1.74,0.00018,-0.00126,-2e-05,0.00209,-0.00039,-0.00014,-5e-05,0.01239,7e-05,-0.0002,-0.00276,3e-05,0.00021,-0,0.00177,0.00041,0.00235,1e-05,4e-05,-0.00015,0.00088,0.00021,0.00055,-0.00184,7e-05,0.00012,0.00137,0.00048,0.00034,0.00018,-0.00029,-0.00039,-5e-05,-0.00121
1.76,0.00017,-0.00126,-3e-05,0.00208,-0.00039,-0.00013,-6e-05,0.01199,5e-05,-0.00021,-0.00301,8e-05,0.00018,-2e-05,0.00177,0.00042,0.0023,2e-05,5e-05,-0.00017,0.00091,0.00021,0.00053,-0.00186,7e-05,0.00012,0.00136,0.00051,0.00035,0.00018,-0.00035,-0.00041,-5e-05,-0.00134
1.78,0.00016,-0.00127,-5e-05,0.00207,-0.0004,-0.00012,-6e-05,0.01162,3e-05,-0.00023,-0.0033,0.00014,0.00016,-3e-05,0.00178,0.00043,0.00225,4e-05,6e-05,-0.00017,0.00093,0.00022,0.00052,-0.00188,6e-05,0.00013,0.00134,0.00053,0.00037,0.00019,-0.00042,-0.00043,-5e-05,-0.0015
1.8,0.00014,-0.00127,-7e-05,0.00206,-0.00041,-0.00011,-7e-05,0.0112,0,-0.00024,-0.00355,0.00019,0.00014,-4e-05,0.00177,0.00044,0.0022,6e-05,7e-05,-0.00018,0.00096,0.00022,0.0005,-0.0019,5e-05,0.00013,0.00133,0.00056,0.00037,0.00018,-0.00048,-0.00044,-5e-05,-0.00161
1.82,0.00013,-0.00127,-0.0001,0.00207,-0.00042,-9e-05,-9e-05,0.01065,-3e-05,-0.00024,-0.00363,0.00024,0.0001,-5e-05,0.00176,0.00045,0.0021,9e-05,8e-05,-0.0002,0.00097,0.0002,0.00047,-0.00189,4e-05,0.00013,0.00132,0.00061,0.00032,0.00011,-0.00056,-0.00043,-5e-05,-0.00157
1.84,0.00012,-0.00128,-0.00013,0.00208,-0.00044,-8e-05,-0.0001,0.01006,-7e-05,-0.00024,-0.00366,0.00028,6e-05,-7e-05,0.00173,0.00047,0.002,0.00011,8e-05,-0.00021,0.00099,0.00018,0.00043,-0.00187,3e-05,0.00013,0.00132,0.00067,0.00026,4e-05,-0.00066,-0.00042,-5e-05,-0.00148
1.86,0.00011,-0.00128,-0.00016,0.00209,-0.00044,-7e-05,-0.00011,0.00952,-0.0001,-0.00023,-0.0037,0.00033,3e-05,-8e-05,0.00171,0.00048,0.0019,0.00013,8e-05,-0.00022,0.001,0.00016,0.0004,-0.00186,2e-05,0.00013,0.00131,0.00072,0.0002,-3e-05,-0.00076,-0.0004,-5e-05,-0.00141
1.88,0.00011,-0.00129,-0.00019,0.00209,-0.00044,-7e-05,-0.00012,0.00902,-0.00014,-0.00023,-0.00381,0.00037,1e-05,-9e-05,0.00168,0.00049,0.00181,0.00013,7e-05,-0.00024,0.00102,0.00014,0.00036,-0.00185,1e-05,0.00013,0.00131,0.00077,0.00015,-9e-05,-0.00089,-0.00039,-5e-05,-0.00136
1.9,0.0001,-0.00129,-0.00022,0.00211,-0.00044,-6e-05,-0.00013,0.00851,-0.00017,-0.00022,-0.0038,0.00042,-1e-05,-0.0001,0.00166,0.00051,0.00171,0.00013,5e-05,-0.00024,0.00104,0.00012,0.00033,-0.00184,1e-05,0.00013,0.00131,0.00082,0.0001,-0.00015,-0.00104,-0.00038,-5e-05,-0.00126
1.92,9e-05,-0.00127,-0.00027,0.00216,-0.00047,-5e-05,-0.00013,0.00798,-0.00021,-0.00021,-0.00342,0.0005,-0,-0.00011,0.00166,0.00053,0.00159,0.00016,4e-05,-0.00023,0.00105,0.00011,0.0003,-0.00182,-1e-05,0.00013,0.0013,0.00085,9e-05,-0.00023,-0.00114,-0.00034,-5e-05,-0.00103
1.94,9e-05,-0.00124,-0.00032,0.00221,-0.0005,-4e-05,-0.00013,0.00744,-0.00025,-0.00019,-0.00301,0.00058,2e-05,-0.00011,0.00165,0.00056,0.00145,0.00018,2e-05,-0.00021,0.00105,0.0001,0.00027,-0.00179,-2e-05,0.00013,0.0013,0.00087,9e-05,-0.00031,-0.00124,-0.0003,-4e-05,-0.00077
1.96,8e-05,-0.00122,-0.00036,0.00227,-0.00052,-3e-05,-0.00013,0.00692,-0.00028,-0.00018,-0.00275,0.00065,4e-05,-0.00011,0.00164,0.00059,0.00132,0.00017,-2e-05,-0.00019,0.00106,0.0001,0.00024,-0.00177,-3e-05,0.00013,0.0013,0.0009,8e-05,-0.00038,-0.00136,-0.00026,-3e-05,-0.00056
1.98,7e-05,-0.0012,-0.0004,0.00232,-0.00056,-2e-05,-0.00012,0.00653,-0.00031,-0.00017,-0.00244,0.00071,5e-05,-0.0001,0.00164,0.00063,0.00122,0.00016,-5e-05,-0.00018,0.00107,9e-05,0.00022,-0.00174,-4e-05,0.00013,0.00128,0.00093,8e-05,-0.00047,-0.00153,-0.00022,-2e-05,-0.0003
2,7e-05,-0.00118,-0.00044,0.00237,-0.00058,-0,-0.00011,0.00598,-0.00033,-0.00014,-0.00237,0.00077,8e-05,-9e-05,0.0016,0.00065,0.00108,0.00012,-0.0001,-0.00016,0.00108,8e-05,0.00019,-0.00172,-5e-05,0.00013,0.0013,0.00095,8e-05,-0.00054,-0.00166,-0.0002,-1e-05,-0.00015
2.02,7e-05,-0.00113,-0.00046,0.00238,-0.00059,2e-05,-0.0001,0.00502,-0.00034,-8e-05,-0.00283,0.00078,0.00012,-8e-05,0.00144,0.00061,0.00084,-7e-05,-0.00022,-0.00014,0.00109,8e-05,0.00012,-0.00171,-5e-05,0.00011,0.00149,0.00094,8e-05,-0.00052,-0.00157,-0.00022,-2e-05,-0.00026
2.04,6e-05,-0.00108,-0.00047,0.00238,-0.00057,4e-05,-8e-05,0.00408,-0.00034,-2e-05,-0.00358,0.00078,0.00016,-6e-05,0.00124,0.00055,0.00061,-0.00026,-0.00034,-0.00011,0.0011,7e-05,5e-05,-0.00171,-5e-05,0.0001,0.00174,0.00092,9e-05,-0.00049,-0.00142,-0.00025,-3e-05,-0.00047
2.06,6e-05,-0.00104,-0.00048,0.00239,-0.00053,6e-05,-6e-05,0.00338,-0.00035,2e-05,-0.00432,0.00079,0.0002,-5e-05,0.00109,0.00051,0.00043,-0.00039,-0.00042,-9e-05,0.00111,7e-05,-0,-0.0017,-5e-05,8e-05,0.00196,0.0009,9e-05,-0.00047,-0.00132,-0.00028,-3e-05,-0.00062
2.08,6e-05,-0.00099,-0.00048,0.00239,-0.00053,8e-05,-4e-05,0.00276,-0.00036,5e-05,-0.00528,0.00079,0.00024,-3e-05,0.00095,0.00048,0.00029,-0.0005,-0.00049,-6e-05,0.00112,7e-05,-6e-05,-0.0017,-5e-05,7e-05,0.00226,0.00089,0.0001,-0.00044,-0.00122,-0.0003,-4e-05,-0.00082
2.1,5e-05,-0.00095,-0.00046,0.00239,-0.00053,0.0001,-3e-05,0.0023,-0.00036,7e-05,-0.00629,0.0008,0.00028,-1e-05,0.00082,0.00045,0.00016,-0.00056,-0.00053,-5e-05,0.00113,7e-05,-0.0001,-0.00169,-6e-05,6e-05,0.00244,0.00088,0.0001,-0.00044,-0.00115,-0.00032,-4e-05,-0.00095
2.12,5e-05,-0.00089,-0.00043,0.00237,-0.00052,0.00012,-1e-05,0.00203,-0.00036,8e-05,-0.00694,0.00082,0.00031,1e-05,0.00068,0.00046,4e-05,-0.00052,-0.00049,-5e-05,0.00114,7e-05,-8e-05,-0.00166,-6e-05,7e-05,0.00225,0.00091,0.0001,-0.0005,-0.0012,-0.00032,-4e-05,-0.00081
2.14,4e-05,-0.00084,-0.00039,0.00235,-0.00051,0.00013,1e-05,0.00184,-0.00035,7e-05,-0.00744,0.00085,0.00034,3e-05,0.00055,0.00049,-5e-05,-0.00043,-0.00042,-5e-05,0.00114,8e-05,-3e-05,-0.00163,-6e-05,0.0001,0.00196,0.00095,9e-05,-0.00059,-0.00129,-0.00031,-3e-05,-0.00061
2.16,3e-05,-0.00079,-0.00033,0.00233,-0.00049,0.00011,2e-05,0.00166,-0.00035,7e-05,-0.00807,0.00087,0.00036,4e-05,0.00045,0.0005,-0.00011,-0.00037,-0.00037,-5e-05,0.00114,9e-05,-0,-0.0016,-7e-05,0.00011,0.00174,0.00098,8e-05,-0.00067,-0.00136,-0.0003,-3e-05,-0.00045
2.18,3e-05,-0.00074,-0.00034,0.00231,-0.0005,9e-05,3e-05,0.00149,-0.00035,6e-05,-0.00882,0.0009,0.00038,5e-05,0.00036,0.00052,-0.00016,-0.0003,-0.00032,-6e-05,0.00114,9e-05,3e-05,-0.00158,-7e-05,0.00013,0.00151,0.00102,8e-05,-0.00076,-0.00144,-0.0003,-3e-05,-0.00027
2.2,2e-05,-0.00069,-0.00028,0.00228,-0.00045,9e-05,4e-05,0.00137,-0.00034,5e-05,-0.00943,0.00092,0.0004,5e-05,0.00031,0.00054,-0.00018,-0.00025,-0.00028,-6e-05,0.00114,0.0001,5e-05,-0.00155,-8e-05,0.00015,0.00133,0.00105,8e-05,-0.00084,-0.00152,-0.00029,-2e-05,-0.00013
2.22,1e-05,-0.00065,5e-05,0.00224,-0.00029,6e-05,4e-05,0.00135,-0.00033,4e-05,-0.00946,0.0009,0.00043,5e-05,0.00029,0.00053,-0.00017,-0.00021,-0.00025,-6e-05,0.00115,9e-05,4e-05,-0.00153,-9e-05,0.00015,0.0013,0.00108,8e-05,-0.00084,-0.0016,-0.00026,-2e-05,-0.00014
2.24,-1e-05,-0.00061,0.00035,0.00219,-9e-05,1e-05,5e-05,0.00136,-0.00031,2e-05,-0.00927,0.00088,0.00045,5e-05,0.00029,0.00052,-0.00015,-0.00018,-0.00024,-6e-05,0.00115,8e-05,3e-05,-0.00152,-9e-05,0.00015,0.00132,0.00112,9e-05,-0.00082,-0.00166,-0.00024,-2e-05,-0.00018
2.26,-2e-05,-0.00056,0.00061,0.00215,7e-05,-2e-05,5e-05,0.00135,-0.0003,0,-0.0092,0.00086,0.00047,4e-05,0.00028,0.00052,-0.00013,-0.00016,-0.00023,-6e-05,0.00116,7e-05,2e-05,-0.0015,-0.0001,0.00015,0.00132,0.00115,9e-05,-0.00081,-0.00173,-0.00022,-2e-05,-0.0002
2.28,-3e-05,-0.00052,0.00106,0.00211,0.00027,-7e-05,5e-05,0.00134,-0.00029,-1e-05,-0.0091,0.00085,0.0005,4e-05,0.00027,0.00051,-0.00012,-0.00014,-0.00022,-6e-05,0.00116,6e-05,0,-0.00148,-0.0001,0.00015,0.00132,0.00118,0.0001,-0.0008,-0.00181,-0.00019,-2e-05,-0.00023
2.3,-4e-05,-0.00048,0.00162,0.00207,0.00042,-0.0001,4e-05,0.00134,-0.00028,-2e-05,-0.00905,0.00083,0.00051,3e-05,0.00027,0.00051,-0.00011,-0.00013,-0.00022,-6e-05,0.00116,6e-05,-1e-05,-0.00146,-0.00011,0.00015,0.00133,0.00121,0.0001,-0.00079,-0.00187,-0.00018,-2e-05,-0.00026
2.32,-4e-05,-0.00044,0.0016,0.00206,0.00045,-0.0001,4e-05,0.00133,-0.00027,-2e-05,-0.00918,0.00082,0.00047,2e-05,0.00028,0.00052,-9e-05,-0.00013,-0.00022,-6e-05,0.00116,6e-05,-3e-05,-0.00145,-0.00011,0.00015,0.00135,0.00122,0.00011,-0.00081,-0.00188,-0.00018,-2e-05,-0.00026
2.34,-4e-05,-0.0004,0.00134,0.00205,0.00042,-9e-05,4e-05,0.00132,-0.00027,-2e-05,-0.00936,0.00081,0.00042,2e-05,0.00029,0.00054,-7e-05,-0.00012,-0.00022,-6e-05,0.00116,7e-05,-5e-05,-0.00144,-0.00011,0.00015,0.00137,0.00123,0.00012,-0.00083,-0.00187,-0.00019,-2e-05,-0.00026
2.36,-4e-05,-0.00037,0.00121,0.00203,0.00042,-9e-05,3e-05,0.00131,-0.00026,-2e-05,-0.00952,0.0008,0.00039,1e-05,0.00029,0.00055,-6e-05,-0.00012,-0.00022,-6e-05,0.00116,7e-05,-7e-05,-0.00142,-0.00011,0.00014,0.0014,0.00124,0.00013,-0.00084,-0.00187,-0.0002,-2e-05,-0.00027
2.38,-3e-05,-0.00033,0.00108,0.00202,0.00041,-7e-05,3e-05,0.00131,-0.00026,-2e-05,-0.00971,0.0008,0.00035,0,0.0003,0.00056,-6e-05,-0.00012,-0.00022,-6e-05,0.00116,8e-05,-8e-05,-0.00141,-0.00011,0.00014,0.00139,0.00125,0.00013,-0.00086,-0.00188,-0.00021,-2e-05,-0.00027
2.4,-3e-05,-0.0003,0.00095,0.00201,0.0004,-5e-05,2e-05,0.00129,-0.00026,-2e-05,-0.00987,0.00079,0.00033,-0,0.0003,0.00058,-5e-05,-0.00012,-0.00022,-6e-05,0.00115,8e-05,-0.0001,-0.0014,-0.00011,0.00014,0.00144,0.00126,0.00014,-0.00087,-0.00187,-0.00022,-2e-05,-0.00028
2.42,-2e-05,-0.00027,0.00087,0.002,0.00038,-3e-05,2e-05,0.00128,-0.00026,-2e-05,-0.00991,0.00079,0.00033,-1e-05,0.0003,0.00059,-5e-05,-0.00013,-0.00022,-6e-05,0.00115,8e-05,-0.00015,-0.00138,-0.0001,0.00014,0.00165,0.00125,0.00015,-0.00086,-0.00184,-0.00023,-2e-05,-0.00033
2.44,-1e-05,-0.00025,0.0008,0.00199,0.00035,-2e-05,1e-05,0.00126,-0.00026,-2e-05,-0.00992,0.0008,0.00033,-1e-05,0.0003,0.00059,-5e-05,-0.00013,-0.00022,-6e-05,0.00114,7e-05,-0.00021,-0.00137,-0.0001,0.00014,0.00192,0.00124,0.00016,-0.00084,-0.0018,-0.00025,-3e-05,-0.00039
2.46,-1e-05,-0.00023,0.00074,0.00198,0.00034,-2e-05,1e-05,0.00124,-0.00026,-2e-05,-0.00994,0.0008,0.00034,-1e-05,0.0003,0.0006,-5e-05,-0.00013,-0.00021,-5e-05,0.00114,7e-05,-0.00025,-0.00136,-0.0001,0.00013,0.00216,0.00123,0.00016,-0.00083,-0.00177,-0.00026,-3e-05,-0.00045
2.48,0,-0.00021,0.00069,0.00197,0.00032,-1e-05,0,0.00123,-0.00026,-2e-05,-0.00996,0.0008,0.00034,-1e-05,0.0003,0.00061,-5e-05,-0.00013,-0.00021,-5e-05,0.00114,6e-05,-0.00031,-0.00134,-9e-05,0.00013,0.00248,0.00122,0.00017,-0.00081,-0.00173,-0.00027,-3e-05,-0.00051
2.5,1e-05,-0.00019,0.00066,0.00197,0.00032,-1e-05,-1e-05,0.00121,-0.00027,-2e-05,-0.00998,0.0008,0.00035,-1e-05,0.0003,0.00061,-5e-05,-0.00013,-0.00021,-5e-05,0.00113,6e-05,-0.00034,-0.00133,-9e-05,0.00013,0.00269,0.00122,0.00018,-0.0008,-0.00171,-0.00028,-3e-05,-0.00056
2.52,1e-05,-0.00017,0.00065,0.00196,0.00032,-1e-05,-1e-05,0.0012,-0.00027,-3e-05,-0.01002,0.0008,0.00035,-1e-05,0.0003,0.00061,-5e-05,-0.00013,-0.0002,-5e-05,0.00113,9e-05,-0.00029,-0.00132,-0.0001,0.00013,0.0025,0.00122,0.0002,-0.0008,-0.00172,-0.00029,-4e-05,-0.00057
2.54,1e-05,-0.00015,0.00066,0.00196,0.00032,-1e-05,-2e-05,0.00119,-0.00027,-3e-05,-0.01008,0.00079,0.00035,-1e-05,0.00029,0.00061,-5e-05,-0.00013,-0.0002,-5e-05,0.00113,0.00012,-0.00022,-0.00132,-0.00011,0.00014,0.0022,0.00123,0.00022,-0.00079,-0.00174,-0.00029,-4e-05,-0.00058
2.56,1e-05,-0.00013,0.00066,0.00196,0.00032,-1e-05,-2e-05,0.00118,-0.00028,-3e-05,-0.01013,0.00079,0.00036,-1e-05,0.00029,0.00061,-5e-05,-0.00013,-0.00019,-5e-05,0.00112,0.00015,-0.00016,-0.00131,-0.00012,0.00014,0.00198,0.00123,0.00024,-0.00079,-0.00175,-0.0003,-4e-05,-0.00059
2.58,1e-05,-0.00011,0.00066,0.00195,0.00033,-1e-05,-3e-05,0.00118,-0.00028,-3e-05,-0.01019,0.00078,0.00036,-1e-05,0.00029,0.00061,-5e-05,-0.00013,-0.00019,-5e-05,0.00112,0.00018,-0.0001,-0.00131,-0.00013,0.00015,0.00174,0.00124,0.00026,-0.00078,-0.00176,-0.0003,-4e-05,-0.0006
2.6,1e-05,-0.0001,0.00066,0.00195,0.00033,-1e-05,-4e-05,0.00117,-0.00028,-3e-05,-0.01022,0.00077,0.00036,-1e-05,0.00028,0.00061,-6e-05,-0.00012,-0.00019,-5e-05,0.00112,0.0002,-6e-05,-0.0013,-0.00014,0.00015,0.00156,0.00125,0.00029,-0.00078,-0.00178,-0.0003,-4e-05,-0.0006
2.62,1e-05,-9e-05,0.00066,0.00195,0.00033,-1e-05,-4e-05,0.00116,-0.00029,-3e-05,-0.01018,0.00076,0.00035,-1e-05,0.00028,0.00061,-6e-05,-0.00012,-0.00018,-5e-05,0.00111,0.00022,-6e-05,-0.00129,-0.00015,0.00015,0.00153,0.00126,0.00031,-0.00078,-0.00181,-0.0003,-4e-05,-0.0006
2.64,1e-05,-8e-05,0.00066,0.00195,0.00033,-1e-05,-4e-05,0.00114,-0.00029,-2e-05,-0.0101,0.00075,0.00035,-1e-05,0.00027,0.00061,-6e-05,-0.00011,-0.00018,-5e-05,0.00111,0.00024,-7e-05,-0.00129,-0.00015,0.00016,0.00156,0.00127,0.00034,-0.00078,-0.00184,-0.0003,-4e-05,-0.0006
2.66,0,-7e-05,0.00065,0.00196,0.00033,-1e-05,-4e-05,0.00113,-0.0003,-2e-05,-0.01005,0.00074,0.00034,-1e-05,0.00027,0.00061,-5e-05,-0.00011,-0.00018,-5e-05,0.00111,0.00026,-7e-05,-0.00128,-0.00015,0.00016,0.00156,0.00128,0.00036,-0.00078,-0.00187,-0.0003,-4e-05,-0.0006
2.68,-0,-6e-05,0.00065,0.00196,0.00033,-0,-4e-05,0.00112,-0.0003,-2e-05,-0.00998,0.00073,0.00034,-1e-05,0.00027,0.00061,-5e-05,-0.00011,-0.00017,-5e-05,0.00111,0.00028,-8e-05,-0.00128,-0.00016,0.00016,0.00156,0.00129,0.00039,-0.00078,-0.0019,-0.0003,-4e-05,-0.0006
2.7,-0,-6e-05,0.00064,0.00196,0.00033,-0,-4e-05,0.00112,-0.00031,-2e-05,-0.00994,0.00072,0.00033,-1e-05,0.00027,0.00061,-5e-05,-0.0001,-0.00017,-5e-05,0.00111,0.0003,-8e-05,-0.00127,-0.00016,0.00016,0.00158,0.0013,0.00041,-0.00077,-0.00192,-0.0003,-4e-05,-0.0006
2.72,-1e-05,-6e-05,0.00063,0.00195,0.00032,-0,-3e-05,0.00113,-0.00031,-2e-05,-0.00995,0.00068,0.00031,-1e-05,0.00027,0.00061,-5e-05,-0.0001,-0.00017,-5e-05,0.00111,0.00031,-8e-05,-0.00127,-0.00016,0.00016,0.00159,0.0013,0.00043,-0.00076,-0.00192,-0.0003,-4e-05,-0.00061
2.74,-1e-05,-6e-05,0.00061,0.00194,0.00031,-0,-2e-05,0.00116,-0.0003,-3e-05,-0.00997,0.00064,0.0003,-1e-05,0.00028,0.00061,-5e-05,-9e-05,-0.00017,-5e-05,0.00112,0.00032,-9e-05,-0.00127,-0.00016,0.00016,0.00161,0.0013,0.00044,-0.00075,-0.00192,-0.00031,-4e-05,-0.00062
2.76,-1e-05,-6e-05,0.00059,0.00193,0.00031,-0,-2e-05,0.00118,-0.0003,-4e-05,-0.00999,0.00061,0.00029,-1e-05,0.00028,0.00061,-4e-05,-9e-05,-0.00017,-4e-05,0.00112,0.00033,-9e-05,-0.00127,-0.00016,0.00016,0.00162,0.0013,0.00045,-0.00074,-0.00192,-0.00031,-5e-05,-0.00063
2.78,-2e-05,-7e-05,0.00058,0.00192,0.0003,0,-1e-05,0.00119,-0.0003,-4e-05,-0.01001,0.00058,0.00027,-1e-05,0.00028,0.00062,-4e-05,-9e-05,-0.00017,-4e-05,0.00112,0.00035,-9e-05,-0.00126,-0.00017,0.00016,0.00164,0.00129,0.00047,-0.00073,-0.00191,-0.00032,-5e-05,-0.00064
2.8,-2e-05,-7e-05,0.00057,0.00191,0.0003,0,0,0.00121,-0.00031,-5e-05,-0.01003,0.00057,0.00027,-1e-05,0.00028,0.00062,-4e-05,-9e-05,-0.00017,-4e-05,0.00112,0.00036,-8e-05,-0.00126,-0.00017,0.00016,0.00165,0.00129,0.00048,-0.00071,-0.00191,-0.00032,-5e-05,-0.00065
2.82,-2e-05,-8e-05,0.00056,0.00191,0.00029,0,1e-05,0.00125,-0.00031,-6e-05,-0.01004,0.00061,0.00027,-1e-05,0.00028,0.00062,-4e-05,-0.0001,-0.00018,-4e-05,0.00113,0.00037,-8e-05,-0.00126,-0.00017,0.00016,0.00165,0.00129,0.00049,-0.0007,-0.0019,-0.00033,-5e-05,-0.00065
2.84,-3e-05,-8e-05,0.00055,0.0019,0.00029,1e-05,2e-05,0.0013,-0.00033,-8e-05,-0.01004,0.00066,0.00028,-1e-05,0.00028,0.00062,-4e-05,-0.00011,-0.00018,-4e-05,0.00113,0.00039,-7e-05,-0.00127,-0.00017,0.00015,0.00165,0.00129,0.0005,-0.00068,-0.00189,-0.00033,-5e-05,-0.00064
2.86,-3e-05,-9e-05,0.00055,0.0019,0.00029,1e-05,2e-05,0.00134,-0.00033,-9e-05,-0.01005,0.00069,0.00028,-1e-05,0.00028,0.00062,-4e-05,-0.00012,-0.00019,-5e-05,0.00114,0.0004,-6e-05,-0.00127,-0.00017,0.00015,0.00166,0.00128,0.00051,-0.00067,-0.00188,-0.00034,-5e-05,-0.00064
2.88,-3e-05,-0.0001,0.00054,0.00189,0.00029,1e-05,2e-05,0.00138,-0.00034,-9e-05,-0.01003,0.00072,0.00029,-1e-05,0.00028,0.00062,-4e-05,-0.00012,-0.00019,-5e-05,0.00115,0.00041,-5e-05,-0.00127,-0.00017,0.00015,0.00166,0.00128,0.00052,-0.00065,-0.00188,-0.00034,-5e-05,-0.00063
2.9,-4e-05,-0.0001,0.00053,0.00189,0.00029,1e-05,2e-05,0.00142,-0.00035,-0.0001,-0.01007,0.00075,0.00029,-1e-05,0.00028,0.00062,-4e-05,-0.00013,-0.00019,-5e-05,0.00115,0.00042,-4e-05,-0.00127,-0.00017,0.00015,0.00166,0.00128,0.00053,-0.00064,-0.00187,-0.00035,-5e-05,-0.00063
2.92,-4e-05,-0.00011,0.00054,0.00189,0.00029,1e-05,2e-05,0.0014,-0.00034,-9e-05,-0.01033,0.00073,0.00031,-1e-05,0.00027,0.00061,-4e-05,-0.00013,-0.00019,-5e-05,0.00115,0.00043,-4e-05,-0.00126,-0.00017,0.00015,0.00168,0.00128,0.00054,-0.00063,-0.00186,-0.00035,-5e-05,-0.00064
2.94,-5e-05,-0.00012,0.00056,0.00189,0.0003,1e-05,2e-05,0.00138,-0.00034,-8e-05,-0.01066,0.0007,0.00032,-1e-05,0.00027,0.00061,-4e-05,-0.00013,-0.00019,-5e-05,0.00115,0.00044,-5e-05,-0.00125,-0.00017,0.00015,0.00171,0.00128,0.00055,-0.00062,-0.00185,-0.00035,-5e-05,-0.00065
2.96,-5e-05,-0.00013,0.00056,0.00189,0.0003,1e-05,2e-05,0.00136,-0.00033,-8e-05,-0.01095,0.00067,0.00033,-1e-05,0.00027,0.0006,-5e-05,-0.00013,-0.00019,-5e-05,0.00115,0.00044,-5e-05,-0.00124,-0.00017,0.00015,0.00173,0.00127,0.00056,-0.00061,-0.00184,-0.00036,-5e-05,-0.00066
2.98,-6e-05,-0.00013,0.00057,0.0019,0.0003,1e-05,1e-05,0.00134,-0.00032,-7e-05,-0.0113,0.00065,0.00034,-1e-05,0.00027,0.0006,-5e-05,-0.00013,-0.00019,-5e-05,0.00115,0.00045,-5e-05,-0.00124,-0.00017,0.00015,0.00176,0.00127,0.00056,-0.0006,-0.00184,-0.00036,-5e-05,-0.00067
3,-6e-05,-0.00014,0.00058,0.0019,0.00031,0,1e-05,0.00132,-0.00032,-6e-05,-0.01155,0.00064,0.00034,-1e-05,0.00027,0.0006,-5e-05,-0.00013,-0.00019,-5e-05,0.00115,0.00046,-5e-05,-0.00123,-0.00017,0.00015,0.00178,0.00127,0.00057,-0.00059,-0.00183,-0.00036,-5e-05,-0.00068
3.02,-6e-05,-0.00015,0.00058,0.0019,0.0003,0,0,0.00131,-0.00031,-6e-05,-0.01145,0.00065,0.00033,-1e-05,0.00027,0.0006,-5e-05,-0.00013,-0.00019,-5e-05,0.00115,0.00046,-5e-05,-0.00122,-0.00017,0.00015,0.00178,0.00127,0.00058,-0.00059,-0.00181,-0.00037,-5e-05,-0.00069
3.04,-6e-05,-0.00016,0.00058,0.0019,0.0003,0,-0,0.0013,-0.0003,-6e-05,-0.01124,0.00067,0.00032,-1e-05,0.00028,0.0006,-5e-05,-0.00012,-0.00019,-5e-05,0.00115,0.00047,-5e-05,-0.00122,-0.00017,0.00015,0.00177,0.00126,0.00058,-0.00058,-0.00178,-0.00037,-5e-05,-0.00071
3.06,-7e-05,-0.00017,0.00058,0.00189,0.0003,-0,-1e-05,0.00129,-0.00029,-6e-05,-0.01109,0.00068,0.00031,-1e-05,0.00028,0.0006,-5e-05,-0.00012,-0.00019,-5e-05,0.00115,0.00048,-5e-05,-0.00122,-0.00017,0.00015,0.00177,0.00125,0.00059,-0.00058,-0.00177,-0.00038,-5e-05,-0.00072
3.08,-7e-05,-0.00018,0.00058,0.00189,0.00029,-0,-1e-05,0.00128,-0.00028,-6e-05,-0.01094,0.00069,0.0003,-1e-05,0.00028,0.0006,-4e-05,-0.00012,-0.00019,-5e-05,0.00115,0.00048,-5e-05,-0.00121,-0.00017,0.00015,0.00177,0.00125,0.00059,-0.00057,-0.00174,-0.00038,-5e-05,-0.00074
3.1,-7e-05,-0.00019,0.00057,0.00189,0.00029,-0,-1e-05,0.00127,-0.00027,-5e-05,-0.01078,0.0007,0.0003,-1e-05,0.00028,0.0006,-4e-05,-0.00012,-0.0002,-5e-05,0.00115,0.00049,-5e-05,-0.00121,-0.00017,0.00015,0.00177,0.00124,0.00059,-0.00057,-0.00173,-0.00039,-6e-05,-0.00075
3.12,-7e-05,-0.00019,0.00057,0.00189,0.00028,-0,-2e-05,0.00126,-0.00026,-5e-05,-0.01062,0.0007,0.00029,-1e-05,0.00029,0.0006,-5e-05,-0.00011,-0.0002,-5e-05,0.00115,0.0005,-4e-05,-0.00121,-0.00017,0.00015,0.00177,0.00124,0.0006,-0.00056,-0.00173,-0.00039,-6e-05,-0.00076
3.14,-8e-05,-0.0002,0.00055,0.00189,0.00028,0,-2e-05,0.00125,-0.00025,-4e-05,-0.01046,0.00069,0.00028,-0,0.00029,0.00061,-5e-05,-0.00011,-0.0002,-5e-05,0.00116,0.00051,-4e-05,-0.00122,-0.00017,0.00015,0.00176,0.00124,0.00061,-0.00056,-0.00173,-0.00039,-6e-05,-0.00077
3.16,-8e-05,-0.00021,0.00055,0.00189,0.00027,0,-1e-05,0.00124,-0.00025,-4e-05,-0.0103,0.00068,0.00028,-0,0.00028,0.00061,-5e-05,-0.00011,-0.0002,-5e-05,0.00116,0.00052,-4e-05,-0.00122,-0.00017,0.00016,0.00175,0.00125,0.00062,-0.00055,-0.00173,-0.0004,-6e-05,-0.00077
3.18,-8e-05,-0.00021,0.00054,0.00189,0.00027,1e-05,-1e-05,0.00123,-0.00024,-4e-05,-0.01014,0.00067,0.00028,-0,0.00028,0.00061,-5e-05,-0.00011,-0.0002,-5e-05,0.00116,0.00053,-4e-05,-0.00123,-0.00017,0.00016,0.00174,0.00125,0.00063,-0.00055,-0.00173,-0.0004,-6e-05,-0.00078
3.2,-8e-05,-0.00022,0.00053,0.00189,0.00026,1e-05,-1e-05,0.00122,-0.00024,-3e-05,-0.01002,0.00067,0.00027,-0,0.00028,0.00061,-6e-05,-0.00011,-0.0002,-4e-05,0.00117,0.00054,-4e-05,-0.00123,-0.00017,0.00016,0.00174,0.00125,0.00064,-0.00054,-0.00173,-0.0004,-6e-05,-0.00079
3.22,-9e-05,-0.00022,0.00051,0.00188,0.00026,2e-05,-1e-05,0.00122,-0.00024,-3e-05,-0.01001,0.00066,0.00028,-0,0.00028,0.00062,-6e-05,-0.0001,-0.0002,-4e-05,0.00117,0.00055,-4e-05,-0.00123,-0.00017,0.00016,0.00173,0.00125,0.00065,-0.00053,-0.00173,-0.00041,-6e-05,-0.00079
3.24,-9e-05,-0.00023,0.0005,0.00187,0.00025,2e-05,-0,0.00122,-0.00024,-4e-05,-0.01005,0.00066,0.00028,-0,0.00028,0.00063,-6e-05,-0.0001,-0.00021,-4e-05,0.00117,0.00056,-4e-05,-0.00124,-0.00017,0.00016,0.00173,0.00125,0.00066,-0.00053,-0.00173,-0.00041,-6e-05,-0.0008
3.26,-9e-05,-0.00023,0.00048,0.00186,0.00025,3e-05,0,0.00122,-0.00025,-4e-05,-0.01007,0.00066,0.00028,-0,0.00027,0.00063,-6e-05,-0.0001,-0.0002,-4e-05,0.00118,0.00057,-4e-05,-0.00124,-0.00017,0.00016,0.00173,0.00124,0.00067,-0.00052,-0.00172,-0.00042,-6e-05,-0.00081
3.28,-9e-05,-0.00024,0.00047,0.00185,0.00025,3e-05,1e-05,0.00123,-0.00025,-3e-05,-0.01007,0.00066,0.00029,-0,0.00027,0.00064,-6e-05,-0.0001,-0.0002,-4e-05,0.00118,0.00058,-5e-05,-0.00124,-0.00018,0.00016,0.00173,0.00124,0.00068,-0.00051,-0.00172,-0.00043,-6e-05,-0.00081
3.3,-9e-05,-0.00024,0.00045,0.00184,0.00024,4e-05,1e-05,0.00122,-0.00025,-3e-05,-0.01012,0.00066,0.00029,-0,0.00026,0.00064,-6e-05,-0.0001,-0.0002,-4e-05,0.00118,0.0006,-5e-05,-0.00124,-0.00018,0.00016,0.00172,0.00124,0.0007,-0.00051,-0.00172,-0.00043,-7e-05,-0.00082
3.32,-9e-05,-0.00025,0.00044,0.00182,0.00024,5e-05,1e-05,0.0012,-0.00025,-3e-05,-0.01028,0.00066,0.0003,-0,0.00025,0.00064,-7e-05,-0.0001,-0.0002,-4e-05,0.00119,0.00062,-5e-05,-0.00125,-0.00018,0.00016,0.00171,0.00124,0.00071,-0.00049,-0.00171,-0.00045,-7e-05,-0.00082
3.34,-9e-05,-0.00026,0.00042,0.00181,0.00024,6e-05,2e-05,0.00117,-0.00026,-3e-05,-0.01048,0.00067,0.0003,-0,0.00024,0.00065,-7e-05,-0.0001,-0.0002,-4e-05,0.00119,0.00064,-5e-05,-0.00125,-0.00018,0.00016,0.00169,0.00124,0.00073,-0.00048,-0.0017,-0.00047,-7e-05,-0.00083
3.36,-9e-05,-0.00026,0.0004,0.00179,0.00024,7e-05,2e-05,0.00115,-0.00026,-3e-05,-0.01065,0.00067,0.00031,-0,0.00023,0.00065,-7e-05,-0.0001,-0.0002,-4e-05,0.00119,0.00066,-5e-05,-0.00125,-0.00019,0.00016,0.00168,0.00123,0.00075,-0.00047,-0.00169,-0.00048,-7e-05,-0.00083
3.38,-9e-05,-0.00027,0.00039,0.00178,0.00024,7e-05,2e-05,0.00112,-0.00027,-3e-05,-0.01085,0.00068,0.00032,-1e-05,0.00022,0.00065,-8e-05,-0.0001,-0.0002,-4e-05,0.0012,0.00069,-5e-05,-0.00125,-0.00019,0.00016,0.00166,0.00123,0.00077,-0.00046,-0.00168,-0.0005,-8e-05,-0.00084
3.4,-9e-05,-0.00028,0.00037,0.00177,0.00024,8e-05,2e-05,0.0011,-0.00027,-2e-05,-0.01101,0.00068,0.00032,-1e-05,0.00021,0.00066,-8e-05,-9e-05,-0.0002,-4e-05,0.00119,0.00071,-6e-05,-0.00124,-0.0002,0.00016,0.00165,0.00123,0.00079,-0.00044,-0.00167,-0.00052,-8e-05,-0.00084
3.42,-9e-05,-0.00029,0.00035,0.00176,0.00025,9e-05,2e-05,0.00107,-0.00027,-2e-05,-0.01101,0.00068,0.00032,-1e-05,0.0002,0.00066,-8e-05,-9e-05,-0.00019,-4e-05,0.00117,0.00072,-7e-05,-0.00119,-0.00021,0.00016,0.00169,0.00123,0.00081,-0.00043,-0.00166,-0.00055,-9e-05,-0.00083
3.44,-9e-05,-0.0003,0.00034,0.00175,0.00025,9e-05,1e-05,0.00103,-0.00026,-1e-05,-0.01096,0.00068,0.00031,-1e-05,0.00019,0.00067,-9e-05,-9e-05,-0.00019,-4e-05,0.00114,0.00073,-9e-05,-0.00112,-0.00022,0.00016,0.00175,0.00123,0.00083,-0.00042,-0.00165,-0.00058,-9e-05,-0.00083
3.46,-9e-05,-0.00031,0.00033,0.00175,0.00026,9e-05,1e-05,0.001,-0.00026,-1e-05,-0.01094,0.00069,0.00031,-2e-05,0.00018,0.00068,-9e-05,-8e-05,-0.00019,-4e-05,0.00111,0.00074,-0.00011,-0.00106,-0.00024,0.00017,0.0018,0.00123,0.00085,-0.00041,-0.00164,-0.00062,-0.0001,-0.00082
3.48,-9e-05,-0.00032,0.00031,0.00174,0.00026,0.0001,1e-05,0.00097,-0.00025,-1e-05,-0.01092,0.00069,0.00031,-2e-05,0.00017,0.00069,-9e-05,-8e-05,-0.00019,-4e-05,0.00109,0.00075,-0.00012,-0.00102,-0.00025,0.00017,0.00185,0.00123,0.00087,-0.0004,-0.00163,-0.00065,-0.00011,-0.00082
3.5,-9e-05,-0.00033,0.00031,0.00173,0.00027,0.0001,1e-05,0.00095,-0.00025,-0,-0.01088,0.00069,0.00031,-2e-05,0.00016,0.0007,-9e-05,-8e-05,-0.00019,-4e-05,0.00105,0.00076,-0.00014,-0.00094,-0.00027,0.00017,0.0019,0.00123,0.00089,-0.00039,-0.00162,-0.00068,-0.00011,-0.00082
3.52,-9e-05,-0.00033,0.00032,0.00175,0.00028,0.0001,0,0.00092,-0.00024,-0,-0.01077,0.00068,0.0003,-2e-05,0.00016,0.00071,-0.0001,-7e-05,-0.00019,-4e-05,0.00097,0.00075,-0.00015,-0.00079,-0.00029,0.00018,0.00199,0.00122,0.00092,-0.00038,-0.0016,-0.00071,-0.00012,-0.00082
3.54,-8e-05,-0.00033,0.00033,0.00176,0.0003,9e-05,0,0.00089,-0.00023,-0,-0.01065,0.00067,0.0003,-3e-05,0.00015,0.00072,-0.0001,-7e-05,-0.0002,-3e-05,0.00088,0.00074,-0.00017,-0.00065,-0.00032,0.00018,0.00209,0.00121,0.00094,-0.00037,-0.00157,-0.00075,-0.00013,-0.00084
3.56,-7e-05,-0.00033,0.00034,0.00178,0.00031,9e-05,0,0.00086,-0.00023,0,-0.01054,0.00067,0.00029,-3e-05,0.00015,0.00073,-0.0001,-6e-05,-0.0002,-3e-05,0.00081,0.00072,-0.00019,-0.00053,-0.00035,0.00018,0.00218,0.00121,0.00096,-0.00036,-0.00155,-0.00079,-0.00014,-0.00085
3.58,-7e-05,-0.00032,0.00036,0.00179,0.00032,9e-05,0,0.00083,-0.00022,0,-0.01041,0.00066,0.00029,-2e-05,0.00015,0.00074,-0.0001,-6e-05,-0.00021,-3e-05,0.00074,0.00071,-0.00021,-0.00044,-0.00037,0.00019,0.00229,0.0012,0.00099,-0.00035,-0.00153,-0.00083,-0.00015,-0.00085
3.6,-7e-05,-0.00032,0.00037,0.0018,0.00033,8e-05,0,0.00082,-0.00022,-0,-0.01033,0.00065,0.00029,-2e-05,0.00015,0.00075,-0.0001,-6e-05,-0.00021,-3e-05,0.00067,0.00069,-0.00022,-0.00036,-0.00039,0.00019,0.00238,0.0012,0.00101,-0.00034,-0.00151,-0.00086,-0.00015,-0.00086
3.62,-6e-05,-0.00032,0.00038,0.00181,0.00033,8e-05,0,0.00082,-0.00023,-1e-05,-0.01039,0.00066,0.00029,-2e-05,0.00016,0.00075,-0.0001,-6e-05,-0.00021,-3e-05,0.00062,0.00066,-0.0002,-0.00031,-0.00042,0.00019,0.00242,0.00119,0.001,-0.00033,-0.00148,-0.00086,-0.00015,-0.00088
3.64,-5e-05,-0.00031,0.0004,0.00181,0.00033,7e-05,-0,0.00083,-0.00023,-2e-05,-0.01048,0.00067,0.0003,-2e-05,0.00017,0.00074,-9e-05,-7e-05,-0.00021,-3e-05,0.00057,0.00062,-0.00017,-0.00028,-0.00044,0.0002,0.00244,0.00119,0.00099,-0.00031,-0.00146,-0.00085,-0.00015,-0.0009
3.66,-4e-05,-0.0003,0.00041,0.00181,0.00033,7e-05,-0,0.00084,-0.00024,-3e-05,-0.01055,0.00067,0.0003,-2e-05,0.00017,0.00073,-9e-05,-7e-05,-0.00021,-3e-05,0.00052,0.00059,-0.00014,-0.00026,-0.00046,0.0002,0.00247,0.00119,0.00099,-0.0003,-0.00143,-0.00085,-0.00015,-0.00091
3.68,-3e-05,-0.00029,0.00042,0.00182,0.00033,6e-05,-1e-05,0.00084,-0.00024,-3e-05,-0.01063,0.00068,0.0003,-2e-05,0.00018,0.00072,-9e-05,-7e-05,-0.00021,-3e-05,0.00048,0.00055,-0.00012,-0.00024,-0.00048,0.0002,0.00251,0.00118,0.00098,-0.00028,-0.00141,-0.00085,-0.00015,-0.00093
3.7,-2e-05,-0.00029,0.00044,0.00182,0.00033,6e-05,-1e-05,0.00085,-0.00024,-4e-05,-0.0107,0.00068,0.0003,-2e-05,0.00019,0.00072,-8e-05,-8e-05,-0.00021,-3e-05,0.00045,0.00052,-0.0001,-0.00025,-0.00049,0.0002,0.00253,0.00118,0.00098,-0.00027,-0.00139,-0.00084,-0.00015,-0.00094
3.72,-3e-05,-0.00028,0.00048,0.00185,0.00034,5e-05,-2e-05,0.00086,-0.00024,-3e-05,-0.01071,0.00067,0.0003,-3e-05,0.0002,0.00072,-8e-05,-8e-05,-0.00021,-3e-05,0.00043,0.00048,-0.0001,-0.00028,-0.00048,0.0002,0.00251,0.0012,0.00096,-0.00026,-0.0014,-0.00081,-0.00014,-0.00093
3.74,-5e-05,-0.00028,0.00053,0.00187,0.00035,4e-05,-2e-05,0.00088,-0.00025,-3e-05,-0.0107,0.00066,0.0003,-3e-05,0.00021,0.00072,-7e-05,-9e-05,-0.00021,-3e-05,0.00042,0.00044,-0.0001,-0.00033,-0.00045,0.0002,0.00247,0.00122,0.00095,-0.00025,-0.00142,-0.00077,-0.00013,-0.00091
3.76,-6e-05,-0.00028,0.00057,0.0019,0.00036,3e-05,-2e-05,0.00089,-0.00024,-3e-05,-0.0107,0.00065,0.0003,-3e-05,0.00022,0.00073,-6e-05,-9e-05,-0.00021,-3e-05,0.0004,0.0004,-0.0001,-0.00037,-0.00043,0.0002,0.00245,0.00123,0.00093,-0.00024,-0.00143,-0.00074,-0.00012,-0.00089
3.78,-7e-05,-0.00028,0.00062,0.00193,0.00037,2e-05,-2e-05,0.00091,-0.00024,-3e-05,-0.01071,0.00065,0.0003,-3e-05,0.00023,0.00073,-6e-05,-9e-05,-0.00021,-3e-05,0.00039,0.00036,-0.0001,-0.00041,-0.00042,0.00019,0.00242,0.00125,0.00092,-0.00023,-0.00144,-0.00071,-0.00012,-0.00088
3.8,-8e-05,-0.00027,0.00066,0.00195,0.00038,1e-05,-2e-05,0.00092,-0.00024,-3e-05,-0.01069,0.00064,0.0003,-3e-05,0.00023,0.00073,-6e-05,-9e-05,-0.00021,-3e-05,0.00038,0.00033,-0.0001,-0.00045,-0.00039,0.00019,0.00239,0.00127,0.00091,-0.00022,-0.00145,-0.00068,-0.00011,-0.00086
3.82,-8e-05,-0.00027,0.00066,0.00195,0.00037,1e-05,-2e-05,0.00093,-0.00023,-3e-05,-0.01057,0.00065,0.00029,-3e-05,0.00024,0.00074,-6e-05,-9e-05,-0.0002,-3e-05,0.00038,0.00031,-0.0001,-0.00051,-0.00036,0.00019,0.00237,0.00129,0.0009,-0.00021,-0.00145,-0.00068,-0.00011,-0.00084
3.84,-7e-05,-0.00027,0.00065,0.00195,0.00037,1e-05,-2e-05,0.00094,-0.00022,-3e-05,-0.01043,0.00067,0.00029,-3e-05,0.00024,0.00075,-6e-05,-9e-05,-0.0002,-3e-05,0.00038,0.00029,-0.0001,-0.00058,-0.00033,0.00018,0.00234,0.00131,0.00089,-0.00019,-0.00146,-0.00068,-0.00011,-0.00083
3.86,-7e-05,-0.00026,0.00065,0.00195,0.00036,1e-05,-1e-05,0.00095,-0.00021,-4e-05,-0.01031,0.00068,0.00028,-2e-05,0.00024,0.00075,-6e-05,-8e-05,-0.0002,-3e-05,0.00038,0.00028,-0.0001,-0.00065,-0.00029,0.00017,0.00231,0.00133,0.00088,-0.00018,-0.00146,-0.00068,-0.00011,-0.00081
3.88,-6e-05,-0.00026,0.00064,0.00194,0.00036,1e-05,-1e-05,0.00096,-0.0002,-4e-05,-0.01018,0.00069,0.00028,-2e-05,0.00025,0.00076,-7e-05,-8e-05,-0.0002,-3e-05,0.00037,0.00026,-9e-05,-0.00072,-0.00027,0.00017,0.0023,0.00135,0.00088,-0.00017,-0.00146,-0.00068,-0.00011,-0.00079
3.9,-6e-05,-0.00026,0.00064,0.00194,0.00035,1e-05,-1e-05,0.00097,-0.0002,-5e-05,-0.01007,0.0007,0.00028,-2e-05,0.00025,0.00077,-7e-05,-8e-05,-0.0002,-3e-05,0.00037,0.00025,-8e-05,-0.00079,-0.00024,0.00016,0.00225,0.00137,0.00087,-0.00015,-0.00146,-0.00068,-0.00011,-0.00078
3.92,-5e-05,-0.00025,0.00065,0.00195,0.00035,1e-05,-0,0.00099,-0.0002,-5e-05,-0.00998,0.00069,0.00027,-2e-05,0.00025,0.00077,-7e-05,-7e-05,-0.0002,-3e-05,0.00037,0.00025,-7e-05,-0.00087,-0.00021,0.00016,0.00214,0.0014,0.00087,-0.00014,-0.00146,-0.0007,-0.00011,-0.00076
3.94,-5e-05,-0.00025,0.00067,0.00195,0.00036,2e-05,0,0.001,-0.00019,-6e-05,-0.00991,0.00068,0.00027,-2e-05,0.00025,0.00077,-7e-05,-7e-05,-0.0002,-3e-05,0.00037,0.00025,-4e-05,-0.00096,-0.00019,0.00016,0.00202,0.00142,0.00087,-0.00012,-0.00145,-0.00072,-0.00011,-0.00073
3.96,-4e-05,-0.00024,0.00068,0.00196,0.00036,2e-05,0,0.00102,-0.00019,-6e-05,-0.00984,0.00067,0.00027,-2e-05,0.00025,0.00078,-7e-05,-6e-05,-0.0002,-3e-05,0.00037,0.00025,-2e-05,-0.00106,-0.00017,0.00015,0.0019,0.00144,0.00087,-0.00011,-0.00144,-0.00073,-0.00011,-0.00071
3.98,-3e-05,-0.00024,0.00069,0.00197,0.00036,2e-05,1e-05,0.00103,-0.00019,-6e-05,-0.00974,0.00066,0.00027,-1e-05,0.00025,0.00078,-7e-05,-6e-05,-0.0002,-3e-05,0.00037,0.00026,-0,-0.00117,-0.00015,0.00015,0.00179,0.00147,0.00087,-9e-05,-0.00143,-0.00074,-0.00012,-0.00069
4,-3e-05,-0.00024,0.0007,0.00197,0.00035,2e-05,1e-05,0.00105,-0.0002,-7e-05,-0.0097,0.00066,0.00027,-1e-05,0.00025,0.00078,-7e-05,-6e-05,-0.0002,-3e-05,0.00037,0.00026,2e-05,-0.00128,-0.00013,0.00015,0.00168,0.00149,0.00087,-8e-05,-0.00141,-0.00076,-0.00012,-0.00067
4.02,-2e-05,-0.00025,0.00069,0.00196,0.00035,2e-05,1e-05,0.00106,-0.0002,-7e-05,-0.00979,0.00066,0.00027,-1e-05,0.00025,0.00079,-7e-05,-6e-05,-0.0002,-3e-05,0.00037,0.00026,4e-05,-0.00136,-0.00012,0.00014,0.00159,0.00152,0.00086,-6e-05,-0.00139,-0.00078,-0.00012,-0.00066
4.04,-1e-05,-0.00026,0.00068,0.00195,0.00034,2e-05,1e-05,0.00107,-0.00021,-7e-05,-0.00993,0.00067,0.00028,-1e-05,0.00025,0.00079,-7e-05,-6e-05,-0.0002,-3e-05,0.00037,0.00025,6e-05,-0.00144,-0.00012,0.00014,0.0015,0.00154,0.00085,-4e-05,-0.00136,-0.00081,-0.00013,-0.00065
4.06,-0,-0.00027,0.00068,0.00195,0.00033,2e-05,2e-05,0.00109,-0.00021,-7e-05,-0.01004,0.00067,0.00028,-1e-05,0.00026,0.00079,-7e-05,-6e-05,-0.0002,-3e-05,0.00037,0.00025,8e-05,-0.00153,-0.00011,0.00014,0.00142,0.00157,0.00084,-3e-05,-0.00133,-0.00083,-0.00013,-0.00063
4.08,1e-05,-0.00029,0.00067,0.00194,0.00032,2e-05,2e-05,0.0011,-0.00022,-8e-05,-0.01017,0.00068,0.00029,-0,0.00026,0.00079,-7e-05,-6e-05,-0.0002,-3e-05,0.00037,0.00025,0.00011,-0.00164,-0.0001,0.00013,0.00133,0.00159,0.00083,-1e-05,-0.0013,-0.00086,-0.00014,-0.00062
4.1,2e-05,-0.0003,0.00066,0.00193,0.00032,2e-05,2e-05,0.00112,-0.00022,-8e-05,-0.01027,0.00068,0.00029,-0,0.00026,0.00079,-7e-05,-6e-05,-0.0002,-3e-05,0.00038,0.00025,0.00012,-0.00173,-0.0001,0.00013,0.00126,0.00162,0.00082,1e-05,-0.00127,-0.00088,-0.00014,-0.00061
4.12,3e-05,-0.00032,0.00067,0.00193,0.00031,1e-05,2e-05,0.00114,-0.00022,-8e-05,-0.01024,0.00066,0.00029,-0,0.00027,0.0008,-7e-05,-6e-05,-0.0002,-3e-05,0.00038,0.00024,0.00014,-0.00177,-9e-05,0.00013,0.00122,0.00164,0.0008,3e-05,-0.00122,-0.0009,-0.00014,-0.00061
4.14,4e-05,-0.00034,0.00068,0.00193,0.00031,1e-05,2e-05,0.00116,-0.00022,-9e-05,-0.01017,0.00064,0.00029,-0,0.00027,0.0008,-7e-05,-7e-05,-0.00021,-3e-05,0.00039,0.00023,0.00015,-0.00179,-8e-05,0.00014,0.0012,0.00167,0.00078,5e-05,-0.00117,-0.00091,-0.00015,-0.00062
4.16,4e-05,-0.00036,0.00069,0.00193,0.00031,1e-05,2e-05,0.00118,-0.00023,-9e-05,-0.01012,0.00062,0.00028,-0,0.00028,0.0008,-7e-05,-7e-05,-0.00021,-3e-05,0.0004,0.00023,0.00016,-0.00183,-7e-05,0.00014,0.00117,0.00169,0.00076,7e-05,-0.00113,-0.00093,-0.00015,-0.00062
4.18,5e-05,-0.00038,0.0007,0.00193,0.00031,0,2e-05,0.00121,-0.00023,-9e-05,-0.01006,0.00061,0.00028,0,0.00028,0.0008,-7e-05,-7e-05,-0.00021,-3e-05,0.0004,0.00022,0.00017,-0.00186,-7e-05,0.00014,0.00114,0.00171,0.00075,9e-05,-0.00108,-0.00095,-0.00015,-0.00063
4.2,6e-05,-0.0004,0.00071,0.00193,0.00031,-0,1e-05,0.00123,-0.00022,-0.0001,-0.01001,0.0006,0.00028,0,0.00029,0.0008,-7e-05,-8e-05,-0.00021,-3e-05,0.00041,0.00022,0.00018,-0.00189,-5e-05,0.00014,0.00112,0.00174,0.00073,0.00011,-0.00103,-0.00096,-0.00015,-0.00062
4.22,8e-05,-0.00042,0.00071,0.00192,0.0003,-1e-05,1e-05,0.00125,-0.00022,-0.0001,-0.01,0.00062,0.00028,0,0.00029,0.0008,-6e-05,-9e-05,-0.00022,-3e-05,0.00043,0.00021,0.00018,-0.00189,-3e-05,0.00014,0.00112,0.00176,0.0007,0.00013,-0.00098,-0.00096,-0.00015,-0.0006
4.24,9e-05,-0.00043,0.0007,0.00191,0.00029,-1e-05,1e-05,0.00128,-0.00021,-0.0001,-0.01,0.00063,0.00028,0,0.0003,0.00079,-6e-05,-9e-05,-0.00022,-3e-05,0.00044,0.00021,0.00017,-0.00187,0,0.00013,0.00113,0.00177,0.00067,0.00015,-0.00092,-0.00095,-0.00014,-0.00056
4.26,0.00011,-0.00045,0.0007,0.0019,0.00028,-1e-05,0,0.0013,-0.00021,-0.0001,-0.01,0.00065,0.00028,-0,0.00031,0.00078,-6e-05,-0.0001,-0.00022,-3e-05,0.00046,0.00021,0.00016,-0.00186,3e-05,0.00013,0.00113,0.00179,0.00064,0.00017,-0.00087,-0.00094,-0.00014,-0.00053
4.28,0.00012,-0.00047,0.0007,0.00189,0.00028,-2e-05,-0,0.00133,-0.0002,-0.0001,-0.01001,0.00066,0.00028,-0,0.00031,0.00078,-6e-05,-0.0001,-0.00022,-3e-05,0.00047,0.00021,0.00015,-0.00186,6e-05,0.00013,0.00114,0.00181,0.00062,0.00018,-0.00082,-0.00094,-0.00014,-0.0005
4.3,0.00014,-0.0005,0.0007,0.00188,0.00028,-2e-05,-1e-05,0.00135,-0.0002,-9e-05,-0.00999,0.00067,0.00027,-0,0.00032,0.00077,-6e-05,-0.00011,-0.00023,-4e-05,0.00049,0.0002,0.00014,-0.00184,8e-05,0.00013,0.00115,0.00182,0.00058,0.0002,-0.00076,-0.00092,-0.00013,-0.00047
4.32,0.00015,-0.00055,0.00076,0.0019,0.0003,-3e-05,-2e-05,0.00135,-0.0002,-9e-05,-0.0099,0.00066,0.00027,-1e-05,0.00031,0.00077,-6e-05,-0.00012,-0.00023,-4e-05,0.0005,0.00018,0.00012,-0.00176,0.0001,0.00012,0.00121,0.00181,0.00054,0.00021,-0.00069,-0.00088,-0.00012,-0.00045
4.34,0.00017,-0.0006,0.00082,0.00193,0.00032,-4e-05,-2e-05,0.00135,-0.0002,-8e-05,-0.0098,0.00065,0.00027,-1e-05,0.00031,0.00076,-5e-05,-0.00012,-0.00023,-4e-05,0.00051,0.00015,0.0001,-0.00167,0.00011,0.00012,0.00128,0.00179,0.00049,0.00022,-0.00061,-0.00082,-0.00011,-0.00043
4.36,0.00019,-0.00066,0.00089,0.00195,0.00034,-4e-05,-3e-05,0.00135,-0.0002,-8e-05,-0.00971,0.00065,0.00027,-1e-05,0.00031,0.00076,-5e-05,-0.00013,-0.00024,-4e-05,0.00052,0.00013,8e-05,-0.0016,0.00012,0.00011,0.00134,0.00177,0.00044,0.00022,-0.00054,-0.00077,-9e-05,-0.00042
4.38,0.0002,-0.00071,0.00095,0.00198,0.00036,-5e-05,-3e-05,0.00135,-0.00021,-8e-05,-0.0096,0.00064,0.00027,-1e-05,0.00031,0.00075,-5e-05,-0.00013,-0.00024,-4e-05,0.00053,0.0001,7e-05,-0.00152,0.00014,0.00011,0.00139,0.00176,0.00039,0.00023,-0.00048,-0.00072,-8e-05,-0.0004
4.4,0.00022,-0.00076,0.00102,0.002,0.00037,-6e-05,-3e-05,0.00135,-0.00021,-8e-05,-0.00954,0.00064,0.00027,-1e-05,0.00031,0.00075,-5e-05,-0.00013,-0.00024,-4e-05,0.00055,8e-05,6e-05,-0.00147,0.00015,0.00011,0.00147,0.00172,0.00035,0.00024,-0.0004,-0.00067,-7e-05,-0.00039
4.42,0.00023,-0.00081,0.00108,0.00201,0.00038,-6e-05,-3e-05,0.00136,-0.00021,-8e-05,-0.00961,0.00065,0.00027,-1e-05,0.00031,0.00075,-5e-05,-0.00013,-0.00024,-4e-05,0.00058,5e-05,5e-05,-0.00149,0.00014,9e-05,0.00166,0.00159,0.0003,0.00023,-0.0003,-0.00057,-6e-05,-0.00035
4.44,0.00024,-0.00085,0.00115,0.00202,0.00038,-7e-05,-3e-05,0.00138,-0.00022,-8e-05,-0.00973,0.00067,0.00028,-2e-05,0.00031,0.00074,-4e-05,-0.00014,-0.00025,-4e-05,0.00062,3e-05,3e-05,-0.00153,0.00012,8e-05,0.00187,0.00144,0.00025,0.00022,-0.0002,-0.00048,-5e-05,-0.00031
4.46,0.00025,-0.00089,0.00122,0.00203,0.00039,-7e-05,-3e-05,0.0014,-0.00023,-8e-05,-0.00983,0.00068,0.00028,-2e-05,0.00032,0.00074,-4e-05,-0.00014,-0.00025,-4e-05,0.00066,1e-05,2e-05,-0.00156,0.00011,7e-05,0.00207,0.00131,0.00021,0.00021,-0.00012,-0.00039,-4e-05,-0.00028
4.48,0.00026,-0.00094,0.0013,0.00204,0.00039,-8e-05,-3e-05,0.00141,-0.00023,-8e-05,-0.00993,0.00069,0.00029,-2e-05,0.00032,0.00074,-4e-05,-0.00014,-0.00025,-4e-05,0.00069,-2e-05,1e-05,-0.00159,0.0001,5e-05,0.00233,0.00119,0.00016,0.0002,-6e-05,-0.00031,-3e-05,-0.00022
4.5,0.00028,-0.00098,0.00137,0.00205,0.0004,-8e-05,-3e-05,0.00144,-0.00024,-8e-05,-0.01004,0.00071,0.00029,-2e-05,0.00032,0.00074,-3e-05,-0.00014,-0.00025,-4e-05,0.00073,-4e-05,1e-05,-0.00162,9e-05,4e-05,0.00249,0.00108,0.00013,0.00019,-2e-05,-0.00025,-2e-05,-0.00022
4.52,0.00028,-0.00098,0.00145,0.00206,0.00041,-9e-05,-3e-05,0.0015,-0.00025,-9e-05,-0.01014,0.00071,0.00029,-2e-05,0.00034,0.00075,-3e-05,-0.00013,-0.00025,-4e-05,0.00076,-3e-05,8e-05,-0.00164,7e-05,6e-05,0.0023,0.00095,0.00013,0.00018,1e-05,-0.00023,-2e-05,-0.00036
4.54,0.00029,-0.00097,0.00153,0.00208,0.00041,-9e-05,-3e-05,0.00158,-0.00025,-9e-05,-0.01025,0.00072,0.0003,-3e-05,0.00035,0.00075,-2e-05,-0.00013,-0.00025,-4e-05,0.0008,-2e-05,0.00016,-0.00166,5e-05,8e-05,0.002,0.00082,0.00014,0.00017,2e-05,-0.00021,-2e-05,-0.00055
4.56,0.0003,-0.00097,0.0016,0.00209,0.00041,-0.0001,-2e-05,0.00164,-0.00026,-9e-05,-0.01036,0.00073,0.0003,-3e-05,0.00037,0.00076,-2e-05,-0.00013,-0.00025,-4e-05,0.00083,-1e-05,0.00022,-0.00168,3e-05,0.0001,0.00178,0.00072,0.00015,0.00015,2e-05,-0.0002,-2e-05,-0.00071
4.58,0.00031,-0.00097,0.0017,0.0021,0.00042,-0.0001,-2e-05,0.00173,-0.00027,-0.0001,-0.01047,0.00073,0.00031,-3e-05,0.00038,0.00077,-1e-05,-0.00013,-0.00025,-4e-05,0.00087,0,0.00029,-0.00171,2e-05,0.00012,0.00154,0.00062,0.00015,0.00014,1e-05,-0.00018,-2e-05,-0.00088
4.6,0.00032,-0.00096,0.00177,0.00211,0.00042,-0.0001,-2e-05,0.00179,-0.00027,-0.0001,-0.01057,0.00073,0.00031,-2e-05,0.00039,0.00077,-1e-05,-0.00013,-0.00025,-4e-05,0.0009,2e-05,0.00035,-0.00172,0,0.00013,0.00136,0.00055,0.00016,0.00013,-1e-05,-0.00018,-2e-05,-0.00105
4.62,0.00032,-0.00092,0.00172,0.00211,0.00042,-0.0001,-2e-05,0.00179,-0.00028,-0.0001,-0.01062,0.00073,0.00031,-2e-05,0.00038,0.00078,-1e-05,-0.00013,-0.00025,-4e-05,0.00093,4e-05,0.00035,-0.00171,-1e-05,0.00013,0.00135,0.00051,0.0002,0.0001,-6e-05,-0.00024,-3e-05,-0.00116
4.64,0.00032,-0.00087,0.00164,0.00211,0.00041,-9e-05,-2e-05,0.00177,-0.00028,-9e-05,-0.01065,0.00072,0.00031,-2e-05,0.00038,0.00079,-2e-05,-0.00012,-0.00025,-4e-05,0.00095,7e-05,0.00033,-0.00168,-3e-05,0.00014,0.00138,0.00048,0.00024,6e-05,-0.00011,-0.00033,-4e-05,-0.00125
4.66,0.00032,-0.00082,0.00157,0.00211,0.00041,-8e-05,-1e-05,0.00176,-0.00029,-9e-05,-0.01068,0.00071,0.00031,-2e-05,0.00037,0.00079,-2e-05,-0.00012,-0.00024,-4e-05,0.00098,9e-05,0.00032,-0.00167,-5e-05,0.00014,0.00139,0.00045,0.00028,3e-05,-0.00016,-0.0004,-5e-05,-0.00135
4.68,0.00033,-0.00078,0.00152,0.00211,0.00041,-8e-05,-1e-05,0.00175,-0.00029,-9e-05,-0.01072,0.00071,0.00031,-1e-05,0.00037,0.0008,-3e-05,-0.00012,-0.00024,-4e-05,0.00101,0.00012,0.00031,-0.00165,-6e-05,0.00014,0.0014,0.00043,0.00032,0,-0.00021,-0.00048,-6e-05,-0.00145
4.7,0.00033,-0.00073,0.00145,0.00211,0.0004,-7e-05,-1e-05,0.00174,-0.0003,-9e-05,-0.01074,0.0007,0.00031,-1e-05,0.00036,0.00081,-3e-05,-0.00012,-0.00024,-4e-05,0.00103,0.00014,0.0003,-0.00163,-8e-05,0.00014,0.00143,0.00041,0.00036,-3e-05,-0.00027,-0.00054,-7e-05,-0.00154
4.72,0.00033,-0.0007,0.00138,0.0021,0.0004,-7e-05,-1e-05,0.00174,-0.0003,-0.0001,-0.01071,0.0007,0.0003,-0,0.00036,0.0008,-3e-05,-0.00012,-0.00024,-4e-05,0.00105,0.00015,0.00029,-0.00158,-0.00011,0.00014,0.00148,0.0004,0.00038,-6e-05,-0.00034,-0.00057,-7e-05,-0.00156
4.74,0.00033,-0.00066,0.0013,0.00209,0.00039,-6e-05,-1e-05,0.00173,-0.0003,-0.0001,-0.01066,0.0007,0.0003,-0,0.00036,0.00079,-4e-05,-0.00012,-0.00024,-4e-05,0.00107,0.00017,0.00028,-0.00152,-0.00014,0.00015,0.00153,0.0004,0.00041,-8e-05,-0.00041,-0.00057,-7e-05,-0.00156
4.76,0.00034,-0.00063,0.00123,0.00208,0.00038,-6e-05,-1e-05,0.00173,-0.0003,-0.00011,-0.01062,0.00069,0.0003,0,0.00035,0.00078,-4e-05,-0.00012,-0.00024,-4e-05,0.00109,0.00018,0.00027,-0.00147,-0.00016,0.00015,0.00158,0.0004,0.00043,-0.00011,-0.00048,-0.00058,-7e-05,-0.00157
4.78,0.00034,-0.00059,0.00116,0.00207,0.00037,-5e-05,-1e-05,0.00172,-0.0003,-0.00011,-0.01058,0.00069,0.0003,1e-05,0.00035,0.00077,-5e-05,-0.00012,-0.00024,-4e-05,0.00111,0.0002,0.00026,-0.00142,-0.00019,0.00016,0.00164,0.00039,0.00046,-0.00014,-0.00055,-0.00059,-7e-05,-0.0016
4.8,0.00034,-0.00057,0.0011,0.00206,0.00037,-5e-05,-1e-05,0.00172,-0.0003,-0.00012,-0.01053,0.00069,0.00029,1e-05,0.00035,0.00077,-5e-05,-0.00012,-0.00024,-4e-05,0.00113,0.00021,0.00025,-0.00138,-0.00022,0.00016,0.00169,0.00039,0.00047,-0.00017,-0.00062,-0.00059,-7e-05,-0.00157
4.82,0.00033,-0.00055,0.00107,0.00206,0.00036,-5e-05,-1e-05,0.00171,-0.0003,-0.00012,-0.01046,0.00068,0.00029,1e-05,0.00034,0.00076,-6e-05,-0.00012,-0.00024,-4e-05,0.00117,0.0002,0.00024,-0.00137,-0.00024,0.00017,0.00169,0.0004,0.00046,-0.00022,-0.00072,-0.00055,-6e-05,-0.00139
4.84,0.00032,-0.00055,0.00105,0.00205,0.00035,-4e-05,-0,0.0017,-0.0003,-0.00012,-0.01038,0.00067,0.00029,2e-05,0.00034,0.00075,-6e-05,-0.00012,-0.00024,-4e-05,0.00121,0.00018,0.00024,-0.00136,-0.00027,0.00017,0.00169,0.00042,0.00044,-0.00027,-0.00085,-0.0005,-6e-05,-0.00116
4.86,0.00031,-0.00054,0.00102,0.00205,0.00035,-4e-05,-0,0.00169,-0.0003,-0.00012,-0.01031,0.00066,0.00028,2e-05,0.00033,0.00074,-7e-05,-0.00011,-0.00024,-4e-05,0.00125,0.00017,0.00023,-0.00134,-0.00029,0.00018,0.0017,0.00043,0.00042,-0.00031,-0.00099,-0.00045,-5e-05,-0.00097
4.88,0.0003,-0.00053,0.00099,0.00204,0.00035,-3e-05,0,0.00169,-0.00031,-0.00012,-0.01024,0.00065,0.00028,2e-05,0.00033,0.00073,-7e-05,-0.00011,-0.00024,-4e-05,0.0013,0.00016,0.00022,-0.00133,-0.00032,0.00018,0.0017,0.00044,0.0004,-0.00036,-0.00119,-0.00041,-5e-05,-0.00079
4.9,0.00029,-0.00052,0.00096,0.00203,0.00035,-3e-05,0,0.00167,-0.00031,-0.00012,-0.01018,0.00065,0.00028,2e-05,0.00032,0.00072,-8e-05,-0.00011,-0.00024,-4e-05,0.00134,0.00015,0.00021,-0.00132,-0.00034,0.00018,0.0017,0.00045,0.00039,-0.00041,-0.00141,-0.00037,-4e-05,-0.0006
4.92,0.00027,-0.00052,0.00088,0.00202,0.00033,-2e-05,1e-05,0.00165,-0.0003,-0.00011,-0.01016,0.00065,0.00028,3e-05,0.00031,0.00071,-8e-05,-0.0001,-0.00024,-4e-05,0.0014,0.00013,0.00019,-0.00131,-0.00036,0.00019,0.0017,0.00045,0.00037,-0.00044,-0.00161,-0.00037,-3e-05,-0.00039
4.94,0.00025,-0.00052,0.0008,0.00199,0.00032,-1e-05,1e-05,0.00162,-0.0003,-0.00011,-0.01015,0.00065,0.00028,3e-05,0.0003,0.00071,-8e-05,-0.0001,-0.00023,-4e-05,0.00146,0.00013,0.00017,-0.0013,-0.00039,0.0002,0.00169,0.00046,0.00036,-0.00046,-0.00181,-0.00037,-2e-05,-0.00017
4.96,0.00024,-0.00051,0.00073,0.00197,0.0003,0,1e-05,0.0016,-0.00029,-0.00011,-0.01014,0.00065,0.00028,3e-05,0.00029,0.0007,-9e-05,-0.0001,-0.00023,-4e-05,0.00152,0.00012,0.00015,-0.00129,-0.00041,0.0002,0.00169,0.00046,0.00034,-0.00048,-0.00207,-0.00037,-1e-05,3e-05
4.98,0.00022,-0.00051,0.00067,0.00195,0.00029,1e-05,2e-05,0.00157,-0.00029,-0.0001,-0.01013,0.00065,0.00028,3e-05,0.00028,0.00069,-9e-05,-9e-05,-0.00023,-4e-05,0.00159,0.00011,0.00012,-0.00128,-0.00043,0.00021,0.00168,0.00047,0.00033,-0.00051,-0.00241,-0.00037,-0,0.00026
5,0.00021,-0.0005,0.00061,0.00194,0.00028,1e-05,2e-05,0.00154,-0.00029,-0.0001,-0.01011,0.00065,0.00028,3e-05,0.00027,0.00068,-9e-05,-9e-05,-0.00023,-4e-05,0.00164,0.00011,0.0001,-0.00125,-0.00045,0.00021,0.00169,0.00047,0.00032,-0.00054,-0.00271,-0.00037,0,0.00041
5.02,0.0002,-0.00047,0.00056,0.00193,0.00026,2e-05,2e-05,0.00151,-0.00029,-9e-05,-0.01007,0.00066,0.00028,3e-05,0.00026,0.00067,-0.0001,-9e-05,-0.00023,-4e-05,0.00167,0.00013,6e-05,-0.00118,-0.00046,0.00021,0.00173,0.00048,0.00032,-0.00059,-0.00273,-0.00037,-0,0.00033
5.04,0.00019,-0.00043,0.00051,0.00192,0.00026,2e-05,2e-05,0.00148,-0.00029,-9e-05,-0.01003,0.00066,0.00028,3e-05,0.00025,0.00066,-0.0001,-9e-05,-0.00023,-4e-05,0.00169,0.00017,2e-05,-0.0011,-0.00046,0.00021,0.00177,0.00049,0.00033,-0.00066,-0.00264,-0.00038,-1e-05,0.00017
5.06,0.00018,-0.00039,0.00048,0.00192,0.00026,3e-05,2e-05,0.00144,-0.00029,-8e-05,-0.00999,0.00066,0.00028,2e-05,0.00024,0.00065,-0.0001,-9e-05,-0.00023,-4e-05,0.00171,0.0002,-1e-05,-0.00102,-0.00047,0.0002,0.00182,0.0005,0.00034,-0.00072,-0.0026,-0.00038,-2e-05,5e-05
5.08,0.00017,-0.00035,0.00044,0.00191,0.00026,3e-05,2e-05,0.00141,-0.00029,-8e-05,-0.00993,0.00066,0.00028,2e-05,0.00023,0.00064,-0.0001,-9e-05,-0.00023,-4e-05,0.00174,0.00024,-4e-05,-0.00095,-0.00047,0.0002,0.00186,0.0005,0.00034,-0.0008,-0.00257,-0.00039,-2e-05,-7e-05
5.1,0.00016,-0.00031,0.00041,0.0019,0.00027,3e-05,2e-05,0.00138,-0.00029,-7e-05,-0.00991,0.00066,0.00028,2e-05,0.00023,0.00064,-0.0001,-9e-05,-0.00023,-3e-05,0.00175,0.00027,-7e-05,-0.00086,-0.00046,0.0002,0.0019,0.00051,0.00035,-0.00086,-0.00251,-0.00038,-3e-05,-0.0002
5.12,0.00015,-0.00025,0.00042,0.0019,0.00028,3e-05,2e-05,0.00135,-0.00029,-7e-05,-0.01001,0.00067,0.00028,1e-05,0.00022,0.00063,-0.0001,-9e-05,-0.00022,-4e-05,0.0017,0.00033,-0.00012,-0.00073,-0.00043,0.00019,0.00198,0.00053,0.00038,-0.00083,-0.00236,-0.00033,-3e-05,-0.00033
5.14,0.00014,-0.00018,0.00044,0.0019,0.00031,3e-05,2e-05,0.00131,-0.0003,-6e-05,-0.01013,0.00067,0.00029,1e-05,0.00021,0.00062,-0.0001,-9e-05,-0.00022,-4e-05,0.00163,0.00039,-0.00017,-0.00059,-0.00039,0.00019,0.00207,0.00054,0.00042,-0.00077,-0.00219,-0.00028,-2e-05,-0.00047
5.16,0.00013,-0.00011,0.00045,0.0019,0.00032,3e-05,1e-05,0.00128,-0.0003,-5e-05,-0.01024,0.00068,0.00029,0,0.00021,0.00062,-0.0001,-9e-05,-0.00022,-4e-05,0.00157,0.00045,-0.00021,-0.00047,-0.00035,0.00018,0.00215,0.00056,0.00045,-0.00073,-0.00206,-0.00023,-2e-05,-0.00059
5.18,0.00012,-4e-05,0.00046,0.0019,0.00034,2e-05,1e-05,0.00125,-0.0003,-5e-05,-0.01036,0.00068,0.0003,-0,0.0002,0.00062,-0.0001,-9e-05,-0.00022,-4e-05,0.00153,0.00051,-0.00025,-0.00037,-0.00033,0.00018,0.00225,0.00058,0.00048,-0.00069,-0.00192,-0.00019,-2e-05,-0.00074
5.2,0.00011,1e-05,0.00047,0.0019,0.00035,2e-05,1e-05,0.00122,-0.0003,-5e-05,-0.01045,0.00068,0.0003,-1e-05,0.0002,0.00062,-0.0001,-9e-05,-0.00022,-4e-05,0.00145,0.00056,-0.00028,-0.00028,-0.00028,0.00017,0.0023,0.00059,0.00051,-0.00066,-0.00182,-0.00015,-1e-05,-0.00085
5.22,0.00011,3e-05,0.00047,0.00191,0.00035,3e-05,1e-05,0.00118,-0.0003,-5e-05,-0.01045,0.00068,0.0003,-1e-05,0.00019,0.00063,-0.00011,-8e-05,-0.00021,-3e-05,0.00128,0.0006,-0.00027,-0.00016,-0.00018,0.00016,0.00218,0.00062,0.00056,-0.00067,-0.00178,-0.00015,-1e-05,-0.00088
5.24,0.0001,3e-05,0.00046,0.00192,0.00036,3e-05,0,0.00115,-0.0003,-5e-05,-0.01042,0.00067,0.0003,-1e-05,0.00018,0.00065,-0.00011,-8e-05,-0.00021,-3e-05,0.0011,0.00063,-0.00023,-7e-05,-7e-05,0.00014,0.00201,0.00065,0.00061,-0.00069,-0.00176,-0.00015,-1e-05,-0.00089
5.26,9e-05,4e-05,0.00046,0.00193,0.00037,3e-05,0,0.00112,-0.0003,-5e-05,-0.01041,0.00067,0.00029,-1e-05,0.00018,0.00067,-0.00011,-8e-05,-0.00021,-3e-05,0.00095,0.00066,-0.0002,-1e-05,2e-05,0.00013,0.00188,0.00068,0.00066,-0.00071,-0.00174,-0.00016,-0,-0.0009
5.28,9e-05,5e-05,0.00046,0.00194,0.00038,3e-05,-0,0.00109,-0.0003,-5e-05,-0.01039,0.00066,0.00029,-2e-05,0.00017,0.00069,-0.00011,-7e-05,-0.00021,-3e-05,0.00082,0.00071,-0.00018,3e-05,0.00012,0.00011,0.00171,0.00071,0.00071,-0.00073,-0.00171,-0.00016,-0,-0.00092
5.3,8e-05,5e-05,0.00046,0.00195,0.00039,3e-05,-0,0.00107,-0.00029,-5e-05,-0.01036,0.00066,0.00029,-2e-05,0.00017,0.0007,-0.00012,-7e-05,-0.00021,-3e-05,0.00071,0.00073,-0.00016,5e-05,0.00018,0.0001,0.00162,0.00074,0.00076,-0.00074,-0.00169,-0.00016,-0,-0.00093
5.32,7e-05,3e-05,0.00047,0.00195,0.00039,3e-05,-0,0.00106,-0.00029,-5e-05,-0.01035,0.00066,0.00029,-2e-05,0.00017,0.00071,-0.00012,-7e-05,-0.00021,-3e-05,0.00063,0.0007,-0.00013,4e-05,0.00013,0.0001,0.00174,0.00078,0.00079,-0.00073,-0.00173,-0.00018,-1e-05,-0.00089
5.34,5e-05,1e-05,0.0005,0.00196,0.00038,2e-05,-1e-05,0.00105,-0.00028,-5e-05,-0.01033,0.00067,0.00029,-2e-05,0.00018,0.00071,-0.00012,-7e-05,-0.00022,-3e-05,0.00057,0.00064,-0.00011,2e-05,4e-05,0.00011,0.00192,0.00081,0.00082,-0.00071,-0.00178,-0.00019,-1e-05,-0.00084
5.36,4e-05,-1e-05,0.00052,0.00196,0.00038,2e-05,-1e-05,0.00105,-0.00028,-6e-05,-0.01031,0.00067,0.00028,-2e-05,0.00018,0.00071,-0.00012,-7e-05,-0.00022,-3e-05,0.00051,0.0006,-9e-05,-1e-05,-2e-05,0.00012,0.00208,0.00085,0.00085,-0.0007,-0.00182,-0.00021,-2e-05,-0.0008
5.38,3e-05,-3e-05,0.00054,0.00197,0.00038,1e-05,-1e-05,0.00104,-0.00027,-6e-05,-0.01031,0.00068,0.00028,-1e-05,0.00019,0.00072,-0.00011,-7e-05,-0.00022,-3e-05,0.00046,0.00056,-7e-05,-4e-05,-8e-05,0.00013,0.00225,0.00089,0.00088,-0.00068,-0.00186,-0.00022,-3e-05,-0.00076
5.4,2e-05,-5e-05,0.00056,0.00197,0.00038,1e-05,-1e-05,0.00104,-0.00027,-6e-05,-0.01028,0.00068,0.00028,-1e-05,0.00019,0.00072,-0.00011,-8e-05,-0.00023,-3e-05,0.00042,0.00052,-5e-05,-7e-05,-0.00014,0.00014,0.00241,0.00093,0.00091,-0.00066,-0.00189,-0.00024,-3e-05,-0.00072
5.42,0,-8e-05,0.00059,0.00197,0.00037,1e-05,-1e-05,0.00105,-0.00026,-6e-05,-0.01015,0.00067,0.00028,-1e-05,0.00019,0.00073,-0.00011,-8e-05,-0.00023,-3e-05,0.00041,0.00046,-5e-05,-0.00013,-0.00017,0.00014,0.0025,0.00096,0.00092,-0.00062,-0.00187,-0.00026,-4e-05,-0.00071
5.44,-1e-05,-0.0001,0.00062,0.00197,0.00037,0,-1e-05,0.00108,-0.00025,-7e-05,-0.00999,0.00065,0.00027,-1e-05,0.0002,0.00074,-0.00011,-8e-05,-0.00023,-3e-05,0.0004,0.0004,-4e-05,-0.00018,-0.0002,0.00014,0.00257,0.00098,0.00092,-0.00057,-0.00184,-0.00029,-4e-05,-0.00071
5.46,-3e-05,-0.00013,0.00066,0.00197,0.00037,-0,-1e-05,0.00109,-0.00025,-7e-05,-0.00986,0.00064,0.00027,-1e-05,0.0002,0.00075,-0.00011,-9e-05,-0.00024,-3e-05,0.00039,0.00035,-3e-05,-0.00023,-0.00023,0.00014,0.00264,0.001,0.00093,-0.00052,-0.00181,-0.00031,-5e-05,-0.0007
5.48,-4e-05,-0.00015,0.00069,0.00198,0.00036,-0,-1e-05,0.00111,-0.00024,-8e-05,-0.00971,0.00063,0.00026,-2e-05,0.00021,0.00075,-0.0001,-9e-05,-0.00024,-3e-05,0.00037,0.00029,-3e-05,-0.00027,-0.00026,0.00015,0.00273,0.00103,0.00094,-0.00048,-0.00179,-0.00034,-5e-05,-0.0007
5.5,-6e-05,-0.00017,0.00072,0.00198,0.00036,-1e-05,-0,0.00113,-0.00024,-8e-05,-0.0096,0.00062,0.00026,-2e-05,0.00021,0.00076,-0.0001,-9e-05,-0.00024,-3e-05,0.00036,0.00025,-2e-05,-0.00032,-0.00028,0.00015,0.00279,0.00105,0.00095,-0.00044,-0.00175,-0.00037,-6e-05,-0.00069
5.52,-6e-05,-0.00018,0.00075,0.00198,0.00036,-1e-05,-0,0.00114,-0.00024,-8e-05,-0.0096,0.00063,0.00026,-2e-05,0.00022,0.00078,-0.0001,-9e-05,-0.00024,-3e-05,0.00036,0.00024,2e-05,-0.00037,-0.00027,0.00015,0.00277,0.00107,0.00094,-0.00039,-0.00167,-0.0004,-6e-05,-0.00069
5.54,-7e-05,-0.0002,0.00078,0.00198,0.00036,-1e-05,0,0.00116,-0.00023,-8e-05,-0.00965,0.00065,0.00027,-2e-05,0.00022,0.0008,-0.0001,-9e-05,-0.00024,-3e-05,0.00035,0.00024,7e-05,-0.00042,-0.00025,0.00015,0.00272,0.00108,0.00094,-0.00034,-0.00158,-0.00043,-6e-05,-0.0007
5.56,-7e-05,-0.00021,0.00081,0.00198,0.00036,-1e-05,0,0.00117,-0.00023,-9e-05,-0.00967,0.00066,0.00027,-2e-05,0.00023,0.00082,-0.0001,-9e-05,-0.00024,-3e-05,0.00035,0.00024,0.0001,-0.00047,-0.00024,0.00015,0.00269,0.00109,0.00093,-0.00029,-0.0015,-0.00046,-7e-05,-0.0007
5.58,-8e-05,-0.00022,0.00084,0.00198,0.00036,-2e-05,1e-05,0.00118,-0.00023,-9e-05,-0.0097,0.00067,0.00027,-2e-05,0.00023,0.00084,-9e-05,-9e-05,-0.00024,-3e-05,0.00034,0.00024,0.00015,-0.00052,-0.00023,0.00015,0.00266,0.0011,0.00092,-0.00024,-0.00143,-0.00049,-7e-05,-0.0007
5.6,-8e-05,-0.00023,0.00087,0.00199,0.00035,-2e-05,1e-05,0.0012,-0.00023,-9e-05,-0.00973,0.00069,0.00028,-2e-05,0.00023,0.00085,-9e-05,-9e-05,-0.00024,-3e-05,0.00034,0.00024,0.00017,-0.00057,-0.00021,0.00015,0.00261,0.00111,0.00092,-0.0002,-0.00136,-0.00052,-7e-05,-0.0007
5.62,-9e-05,-0.00024,0.00088,0.00199,0.00035,-2e-05,1e-05,0.00122,-0.00023,-9e-05,-0.00973,0.0007,0.00028,-2e-05,0.00024,0.00086,-9e-05,-9e-05,-0.00024,-3e-05,0.00033,0.00021,0.00015,-0.00062,-0.0002,0.00015,0.00251,0.00112,0.00092,-0.00017,-0.00128,-0.00056,-8e-05,-0.00068
5.64,-8e-05,-0.00025,0.00089,0.00199,0.00035,-2e-05,1e-05,0.00124,-0.00023,-9e-05,-0.00972,0.00071,0.00029,-2e-05,0.00025,0.00087,-9e-05,-0.0001,-0.00024,-3e-05,0.00033,0.00018,0.00011,-0.00068,-0.00018,0.00015,0.0024,0.00113,0.00092,-0.00014,-0.0012,-0.00059,-8e-05,-0.00066
5.66,-8e-05,-0.00026,0.0009,0.00198,0.00034,-2e-05,2e-05,0.00126,-0.00023,-9e-05,-0.00972,0.00073,0.00029,-2e-05,0.00025,0.00088,-8e-05,-0.0001,-0.00024,-3e-05,0.00033,0.00016,8e-05,-0.00074,-0.00016,0.00015,0.00229,0.00114,0.00092,-0.00011,-0.00114,-0.00063,-9e-05,-0.00064
5.68,-8e-05,-0.00027,0.0009,0.00198,0.00033,-2e-05,2e-05,0.00128,-0.00023,-9e-05,-0.00972,0.00073,0.00029,-2e-05,0.00026,0.00089,-8e-05,-0.0001,-0.00024,-3e-05,0.00032,0.00012,4e-05,-0.00081,-0.00015,0.00014,0.00219,0.00115,0.00092,-8e-05,-0.00107,-0.00066,-9e-05,-0.00062
5.7,-9e-05,-0.00028,0.00091,0.00198,0.00032,-2e-05,2e-05,0.00131,-0.00023,-0.0001,-0.00971,0.00075,0.0003,-1e-05,0.00027,0.0009,-8e-05,-0.0001,-0.00024,-3e-05,0.00032,0.00011,1e-05,-0.00089,-0.00013,0.00014,0.00209,0.00117,0.00092,-5e-05,-0.00101,-0.00069,-0.0001,-0.00059
5.72,-9e-05,-0.00029,0.00091,0.00198,0.00031,-2e-05,2e-05,0.00133,-0.00023,-0.0001,-0.00968,0.00077,0.00032,-1e-05,0.00028,0.0009,-7e-05,-0.0001,-0.00024,-3e-05,0.00032,0.00013,-1e-05,-0.00096,-0.00013,0.00015,0.00199,0.0012,0.00093,-2e-05,-0.00098,-0.00072,-0.0001,-0.00056
5.74,-9e-05,-0.0003,0.0009,0.00198,0.00031,-2e-05,3e-05,0.00135,-0.00024,-9e-05,-0.00963,0.00079,0.00033,-0,0.00029,0.0009,-7e-05,-0.0001,-0.00024,-3e-05,0.00033,0.00017,-2e-05,-0.00105,-0.00013,0.00015,0.00189,0.00123,0.00093,0,-0.00096,-0.00074,-0.0001,-0.00052
5.76,-9e-05,-0.00031,0.0009,0.00198,0.00031,-2e-05,3e-05,0.00137,-0.00024,-0.0001,-0.0096,0.00081,0.00035,0,0.0003,0.0009,-6e-05,-0.0001,-0.00024,-3e-05,0.00033,0.00019,-4e-05,-0.00114,-0.00012,0.00015,0.0018,0.00127,0.00094,2e-05,-0.00094,-0.00076,-0.0001,-0.00048
5.78,-9e-05,-0.00032,0.0009,0.00197,0.00032,-2e-05,3e-05,0.00139,-0.00024,-0.0001,-0.00955,0.00082,0.00036,1e-05,0.00031,0.0009,-5e-05,-0.00011,-0.00025,-3e-05,0.00034,0.00022,-5e-05,-0.00126,-0.00012,0.00015,0.00171,0.0013,0.00094,5e-05,-0.00092,-0.00079,-0.0001,-0.00045
5.8,-9e-05,-0.00033,0.00088,0.00196,0.00031,-1e-05,4e-05,0.00143,-0.00025,-0.00011,-0.00951,0.00082,0.00037,2e-05,0.00033,0.0009,-4e-05,-0.00011,-0.00025,-3e-05,0.00034,0.00025,-7e-05,-0.00137,-0.00011,0.00015,0.00161,0.00134,0.00094,7e-05,-0.00089,-0.00081,-0.0001,-0.00041
5.82,-8e-05,-0.00034,0.00078,0.00193,0.00028,-1e-05,4e-05,0.0015,-0.00025,-0.00012,-0.00954,0.0008,0.00036,3e-05,0.00035,0.0009,-3e-05,-0.00011,-0.00025,-3e-05,0.00035,0.00029,-0.00012,-0.00144,-9e-05,0.00015,0.00148,0.00138,0.00093,0.0001,-0.00088,-0.00082,-0.0001,-0.00037
5.84,-7e-05,-0.00036,0.00066,0.00189,0.00024,-1e-05,5e-05,0.00159,-0.00026,-0.00013,-0.00959,0.00077,0.00035,4e-05,0.00037,0.0009,-1e-05,-0.00012,-0.00024,-4e-05,0.00036,0.00033,-0.00016,-0.00149,-6e-05,0.00014,0.00135,0.00142,0.00092,0.00012,-0.00086,-0.00083,-9e-05,-0.00033
5.86,-7e-05,-0.00038,0.00057,0.00185,0.00021,-1e-05,5e-05,0.00167,-0.00026,-0.00015,-0.00961,0.00074,0.00034,4e-05,0.00039,0.0009,2e-05,-0.00012,-0.00024,-4e-05,0.00037,0.00037,-0.0002,-0.00155,-3e-05,0.00014,0.00123,0.00147,0.00091,0.00014,-0.00084,-0.00084,-9e-05,-0.00029
5.88,-6e-05,-0.00039,0.00049,0.00182,0.00018,-0,5e-05,0.00176,-0.00027,-0.00016,-0.00967,0.00071,0.00033,5e-05,0.00041,0.00091,4e-05,-0.00013,-0.00024,-4e-05,0.00038,0.00041,-0.00025,-0.00162,-1e-05,0.00014,0.00109,0.00151,0.0009,0.00017,-0.00082,-0.00085,-9e-05,-0.00025
5.9,-5e-05,-0.00041,0.00042,0.00177,0.00014,-0,5e-05,0.00186,-0.00027,-0.00019,-0.00964,0.00068,0.00031,5e-05,0.00043,0.0009,7e-05,-0.00013,-0.00023,-4e-05,0.00039,0.00044,-0.00028,-0.00168,2e-05,0.00013,0.001,0.00156,0.00087,0.00019,-0.0008,-0.00086,-8e-05,-0.00021
5.92,-3e-05,-0.00045,0.00034,0.00166,0.0001,-1e-05,5e-05,0.00203,-0.00026,-0.00022,-0.00935,0.00061,0.00028,5e-05,0.00047,0.00088,0.00011,-0.00014,-0.00023,-4e-05,0.00041,0.00043,-0.0003,-0.00165,7e-05,0.00013,0.00099,0.00159,0.00083,0.00021,-0.00076,-0.00085,-8e-05,-0.00018
5.94,-1e-05,-0.00049,0.00028,0.00153,6e-05,-1e-05,4e-05,0.00224,-0.00026,-0.00026,-0.00898,0.00055,0.00025,5e-05,0.0005,0.00086,0.00016,-0.00015,-0.00021,-5e-05,0.00042,0.00041,-0.00031,-0.00159,0.00012,0.00012,0.00102,0.00161,0.00077,0.00024,-0.00071,-0.00084,-7e-05,-0.00015
5.96,1e-05,-0.00053,0.00023,0.00143,2e-05,-1e-05,3e-05,0.00245,-0.00025,-0.0003,-0.00866,0.0005,0.00022,4e-05,0.00053,0.00084,0.0002,-0.00015,-0.0002,-5e-05,0.00044,0.0004,-0.00033,-0.00155,0.00017,0.00012,0.00103,0.00164,0.00071,0.00026,-0.00066,-0.00083,-6e-05,-0.00012
5.98,3e-05,-0.00057,0.00018,0.00133,-3e-05,-1e-05,2e-05,0.0027,-0.00024,-0.00034,-0.00836,0.00046,0.0002,3e-05,0.00057,0.00082,0.00025,-0.00015,-0.00018,-6e-05,0.00045,0.00039,-0.00034,-0.00151,0.00022,0.00011,0.00104,0.00167,0.00066,0.00029,-0.00062,-0.00082,-6e-05,-9e-05
6,5e-05,-0.00062,0.00015,0.00125,-7e-05,-2e-05,0,0.00293,-0.00023,-0.00039,-0.00804,0.00044,0.00018,2e-05,0.0006,0.0008,0.00029,-0.00014,-0.00016,-6e-05,0.00047,0.00037,-0.00035,-0.00146,0.00026,0.00011,0.00107,0.00168,0.00061,0.0003,-0.00057,-0.0008,-5e-05,-5e-05
6.02,7e-05,-0.00069,0.00016,0.00123,-8e-05,-2e-05,-2e-05,0.00307,-0.00021,-0.00044,-0.00759,0.00045,0.00017,0,0.00061,0.00075,0.00035,-0.00013,-0.00014,-7e-05,0.00048,0.00034,-0.00033,-0.00139,0.00026,0.0001,0.00115,0.00164,0.00055,0.0003,-0.00048,-0.00074,-4e-05,-1e-05
6.04,0.0001,-0.00077,0.00018,0.00123,-8e-05,-2e-05,-4e-05,0.00318,-0.0002,-0.00051,-0.00713,0.00047,0.00017,-1e-05,0.00062,0.0007,0.00042,-0.00012,-0.00011,-7e-05,0.00049,0.0003,-0.0003,-0.00131,0.00024,0.0001,0.00124,0.00157,0.00049,0.00029,-0.0004,-0.00066,-4e-05,4e-05
6.06,0.00013,-0.00085,0.00019,0.00122,-8e-05,-3e-05,-7e-05,0.00331,-0.00018,-0.00058,-0.00673,0.00049,0.00017,-3e-05,0.00062,0.00066,0.00048,-0.00011,-8e-05,-7e-05,0.00051,0.00027,-0.00028,-0.00125,0.00023,0.0001,0.00133,0.00151,0.00044,0.00029,-0.00032,-0.0006,-3e-05,8e-05
6.08,0.00016,-0.00093,0.00021,0.00121,-8e-05,-3e-05,-9e-05,0.00346,-0.00017,-0.00065,-0.00632,0.00051,0.00018,-4e-05,0.00063,0.00061,0.00055,-9e-05,-5e-05,-8e-05,0.00052,0.00023,-0.00026,-0.00118,0.00022,9e-05,0.00143,0.00147,0.00038,0.00028,-0.00026,-0.00054,-2e-05,0.00012
6.1,0.00018,-0.001,0.00022,0.00121,-7e-05,-3e-05,-0.00011,0.00359,-0.00016,-0.00073,-0.00602,0.00055,0.00019,-4e-05,0.00064,0.00058,0.00062,-7e-05,-1e-05,-8e-05,0.00054,0.00021,-0.00023,-0.00113,0.0002,9e-05,0.00151,0.00139,0.00034,0.00027,-0.0002,-0.00048,-2e-05,0.00016
6.12,0.00021,-0.00103,0.00022,0.00125,-7e-05,-3e-05,-0.00013,0.0037,-0.00014,-0.00084,-0.00596,0.0006,0.0002,-5e-05,0.00063,0.00059,0.00071,-4e-05,5e-05,-9e-05,0.00056,0.00023,-0.00019,-0.00112,0.00017,0.0001,0.00157,0.00123,0.00032,0.00025,-0.00012,-0.00037,-1e-05,0.0002
6.14,0.00023,-0.00104,0.00022,0.00132,-6e-05,-3e-05,-0.00014,0.00381,-0.00013,-0.00097,-0.00598,0.00067,0.00022,-5e-05,0.00063,0.0006,0.00082,-1e-05,0.0001,-0.00011,0.00059,0.00027,-0.00015,-0.00113,0.00014,0.0001,0.00161,0.00106,0.00031,0.00023,-6e-05,-0.00027,-1e-05,0.00023
6.16,0.00026,-0.00106,0.00022,0.00137,-6e-05,-4e-05,-0.00016,0.00393,-0.00011,-0.00113,-0.00596,0.00072,0.00025,-4e-05,0.00062,0.0006,0.00094,2e-05,0.00015,-0.00012,0.00061,0.0003,-0.00011,-0.00112,0.00011,0.0001,0.00166,0.00092,0.00029,0.0002,-2e-05,-0.00019,-1e-05,0.00026
6.18,0.00028,-0.00108,0.00023,0.00143,-5e-05,-4e-05,-0.00017,0.00406,-0.0001,-0.00133,-0.00595,0.00077,0.00026,-3e-05,0.00062,0.0006,0.00112,4e-05,0.00018,-0.00013,0.00064,0.00033,-7e-05,-0.00112,8e-05,0.00011,0.00171,0.0008,0.00027,0.00018,1e-05,-9e-05,-1e-05,0.00032
6.2,0.0003,-0.00109,0.00022,0.00147,-5e-05,-4e-05,-0.00017,0.00417,-9e-05,-0.00154,-0.00595,0.00081,0.00028,-1e-05,0.00062,0.00059,0.0013,6e-05,0.0002,-0.00013,0.00067,0.00036,-3e-05,-0.00112,5e-05,0.00011,0.00175,0.0007,0.00026,0.00016,1e-05,-4e-05,-1e-05,0.00031
6.22,0.00032,-0.00105,0.00021,0.00147,-5e-05,-4e-05,-0.00018,0.00426,-9e-05,-0.00172,-0.00598,0.00084,0.00035,1e-05,0.0006,0.00055,0.00137,8e-05,0.00021,-0.00011,0.00069,0.00041,0,-0.0011,3e-05,0.00011,0.00181,0.00062,0.00029,0.00011,-1e-05,-9e-05,-2e-05,0.00013
6.24,0.00032,-0.001,0.0002,0.00144,-4e-05,-4e-05,-0.00018,0.00433,-8e-05,-0.0019,-0.00603,0.00086,0.00043,4e-05,0.00057,0.0005,0.0014,9e-05,0.00021,-8e-05,0.00071,0.00047,3e-05,-0.00108,1e-05,0.00012,0.00186,0.00056,0.00032,7e-05,-5e-05,-0.00019,-3e-05,-0.0001
6.26,0.00033,-0.00096,0.00018,0.00142,-4e-05,-5e-05,-0.00018,0.00442,-8e-05,-0.00212,-0.00608,0.00088,0.00049,6e-05,0.00056,0.00045,0.00147,0.0001,0.0002,-5e-05,0.00074,0.00052,7e-05,-0.00107,-1e-05,0.00012,0.00192,0.00051,0.00034,3e-05,-9e-05,-0.00025,-3e-05,-0.00029
6.28,0.00034,-0.00092,0.00017,0.00141,-4e-05,-5e-05,-0.00018,0.00448,-8e-05,-0.00239,-0.0061,0.0009,0.00056,8e-05,0.00054,0.00041,0.00154,0.0001,0.00019,-3e-05,0.00076,0.00058,0.0001,-0.00105,-3e-05,0.00013,0.00198,0.00046,0.00037,-2e-05,-0.00013,-0.00032,-4e-05,-0.00052
6.3,0.00035,-0.00088,0.00016,0.00138,-4e-05,-6e-05,-0.00018,0.00459,-8e-05,-0.00263,-0.00617,0.00091,0.00061,0.0001,0.00053,0.00036,0.00161,0.0001,0.00018,-1e-05,0.00079,0.00062,0.00014,-0.00104,-5e-05,0.00013,0.00202,0.00043,0.0004,-6e-05,-0.00018,-0.00039,-5e-05,-0.00069
6.32,0.00034,-0.00083,0.00015,0.00131,-5e-05,-6e-05,-0.00018,0.00485,-8e-05,-0.00268,-0.00643,0.0009,0.00061,0.00012,0.00054,0.00029,0.0017,7e-05,0.00015,1e-05,0.00083,0.00065,0.00019,-0.00105,-6e-05,0.00013,0.00203,0.00041,0.0004,-0.0001,-0.00025,-0.00042,-5e-05,-0.00066
6.34,0.00032,-0.00078,0.00014,0.00124,-6e-05,-7e-05,-0.00017,0.00518,-8e-05,-0.00264,-0.00675,0.00088,0.0006,0.00014,0.00055,0.00022,0.0018,4e-05,0.00012,2e-05,0.00088,0.00066,0.00024,-0.00107,-7e-05,0.00014,0.00203,0.0004,0.00039,-0.00014,-0.00032,-0.00044,-5e-05,-0.00058
6.36,0.00031,-0.00074,0.00014,0.00117,-6e-05,-8e-05,-0.00016,0.00549,-9e-05,-0.00265,-0.00705,0.00086,0.0006,0.00015,0.00057,0.00015,0.00191,2e-05,0.0001,4e-05,0.00092,0.00068,0.00029,-0.00108,-8e-05,0.00014,0.00203,0.0004,0.00039,-0.00019,-0.00039,-0.00046,-5e-05,-0.00052
6.38,0.0003,-0.00069,0.00013,0.00111,-7e-05,-8e-05,-0.00014,0.00586,-9e-05,-0.00265,-0.00739,0.00085,0.0006,0.00017,0.00058,0.00011,0.00204,-0,8e-05,5e-05,0.00097,0.0007,0.00034,-0.00109,-0.0001,0.00014,0.00203,0.00039,0.00038,-0.00023,-0.00045,-0.00049,-5e-05,-0.00047
6.4,0.00029,-0.00066,0.00012,0.00104,-7e-05,-8e-05,-0.00013,0.00617,-9e-05,-0.00265,-0.00768,0.00084,0.00059,0.00018,0.00059,6e-05,0.00215,-2e-05,6e-05,6e-05,0.00102,0.00071,0.00038,-0.00111,-0.00011,0.00014,0.00203,0.00038,0.00038,-0.00027,-0.00051,-0.00051,-5e-05,-0.0004
6.42,0.00028,-0.00064,0.00012,0.00096,-7e-05,-8e-05,-0.0001,0.00625,-9e-05,-0.00265,-0.00774,0.00083,0.00059,0.00019,0.00059,1e-05,0.00222,-3e-05,5e-05,7e-05,0.00108,0.00069,0.00043,-0.00114,-0.00012,0.00014,0.00202,0.0004,0.00038,-0.00033,-0.0006,-0.00049,-5e-05,-0.00027
6.44,0.00027,-0.00064,0.00011,0.00088,-7e-05,-7e-05,-8e-05,0.00623,-9e-05,-0.00264,-0.00772,0.00083,0.00058,0.0002,0.00059,-4e-05,0.00226,-4e-05,5e-05,7e-05,0.00115,0.00064,0.00048,-0.00118,-0.00012,0.00014,0.00201,0.00042,0.00039,-0.00038,-0.00072,-0.00046,-4e-05,-0.00013
6.46,0.00025,-0.00063,0.00011,0.00081,-7e-05,-7e-05,-6e-05,0.00624,-9e-05,-0.00264,-0.00775,0.00082,0.00057,0.0002,0.00058,-6e-05,0.00231,-4e-05,4e-05,7e-05,0.00122,0.00061,0.00053,-0.00121,-0.00013,0.00014,0.002,0.00043,0.0004,-0.00044,-0.00084,-0.00045,-3e-05,-1e-05
6.48,0.00024,-0.00061,0.0001,0.00074,-7e-05,-6e-05,-5e-05,0.0063,-9e-05,-0.00264,-0.00776,0.00082,0.00056,0.0002,0.00058,-8e-05,0.00238,-4e-05,4e-05,8e-05,0.0013,0.00058,0.00058,-0.00125,-0.00013,0.00014,0.00198,0.00044,0.0004,-0.0005,-0.001,-0.00042,-2e-05,0.00014
6.5,0.00023,-0.00061,0.0001,0.00068,-7e-05,-5e-05,-3e-05,0.00626,-9e-05,-0.00264,-0.00778,0.00082,0.00056,0.0002,0.00058,-9e-05,0.00242,-4e-05,4e-05,8e-05,0.00137,0.00055,0.00062,-0.00127,-0.00014,0.00014,0.00197,0.00045,0.00041,-0.00056,-0.00119,-0.00041,-1e-05,0.00023
6.52,0.00021,-0.00062,9e-05,0.00063,-6e-05,-4e-05,-2e-05,0.00595,-8e-05,-0.00264,-0.00783,0.00082,0.00056,0.0002,0.00056,-8e-05,0.00243,-4e-05,4e-05,8e-05,0.00144,0.00051,0.00064,-0.00125,-0.00014,0.00015,0.00198,0.00046,0.00044,-0.0006,-0.00136,-0.00044,-2e-05,0.00012
6.54,0.0002,-0.00063,7e-05,0.00059,-5e-05,-3e-05,-1e-05,0.00558,-7e-05,-0.00264,-0.00788,0.00082,0.00056,0.00019,0.00054,-6e-05,0.00242,-4e-05,4e-05,9e-05,0.00149,0.00048,0.00063,-0.00122,-0.00015,0.00015,0.00199,0.00046,0.00048,-0.00064,-0.00153,-0.00047,-4e-05,-5e-05
6.56,0.00018,-0.00064,6e-05,0.00055,-4e-05,-3e-05,-1e-05,0.00528,-6e-05,-0.00264,-0.00793,0.00082,0.00056,0.00018,0.00052,-5e-05,0.00242,-4e-05,4e-05,9e-05,0.00155,0.00045,0.00063,-0.00119,-0.00016,0.00015,0.002,0.00047,0.00051,-0.00069,-0.00174,-0.0005,-5e-05,-0.00018
6.58,0.00016,-0.00065,5e-05,0.00051,-4e-05,-2e-05,-1e-05,0.00497,-6e-05,-0.00264,-0.008,0.00082,0.00056,0.00017,0.0005,-3e-05,0.00241,-4e-05,4e-05,9e-05,0.00162,0.00041,0.00064,-0.00117,-0.00016,0.00016,0.00201,0.00048,0.00054,-0.00073,-0.00204,-0.00053,-6e-05,-0.00033
6.6,0.00015,-0.00065,4e-05,0.00049,-3e-05,-2e-05,-1e-05,0.00473,-5e-05,-0.00264,-0.00804,0.00082,0.00056,0.00015,0.00049,-2e-05,0.00241,-4e-05,3e-05,0.0001,0.00167,0.00039,0.00063,-0.00112,-0.00016,0.00016,0.00203,0.00048,0.00058,-0.00077,-0.0023,-0.00055,-7e-05,-0.00045
6.62,0.00012,-0.00061,4e-05,0.00049,-3e-05,-2e-05,-2e-05,0.00468,-5e-05,-0.00264,-0.00803,0.00082,0.00056,0.00013,0.00051,-1e-05,0.00243,-3e-05,3e-05,0.00011,0.00168,0.00041,0.00058,-0.00101,-0.00015,0.00015,0.00208,0.0005,0.0006,-0.00085,-0.00229,-0.00053,-7e-05,-0.00052
6.64,9e-05,-0.00055,4e-05,0.00051,-3e-05,-3e-05,-2e-05,0.0047,-5e-05,-0.00264,-0.008,0.00083,0.00056,0.00011,0.00053,-0,0.00245,-2e-05,2e-05,0.00012,0.00166,0.00044,0.00051,-0.00088,-0.00013,0.00015,0.00215,0.00051,0.00063,-0.00093,-0.00217,-0.00049,-7e-05,-0.00056
6.66,6e-05,-0.0005,4e-05,0.00051,-3e-05,-3e-05,-3e-05,0.0047,-5e-05,-0.00264,-0.00798,0.00083,0.00056,9e-05,0.00054,1e-05,0.00248,-1e-05,2e-05,0.00012,0.00165,0.00047,0.00046,-0.00076,-0.00012,0.00014,0.00221,0.00053,0.00065,-0.001,-0.00211,-0.00046,-7e-05,-0.00062
6.68,3e-05,-0.00046,4e-05,0.00052,-3e-05,-4e-05,-3e-05,0.00468,-5e-05,-0.00264,-0.00795,0.00083,0.00056,7e-05,0.00056,2e-05,0.0025,-1e-05,2e-05,0.00013,0.00166,0.0005,0.00041,-0.00066,-0.00011,0.00014,0.00227,0.00055,0.00067,-0.00111,-0.00204,-0.00043,-7e-05,-0.00067
6.7,-0,-0.00041,4e-05,0.00052,-3e-05,-4e-05,-4e-05,0.00469,-5e-05,-0.00264,-0.00794,0.00083,0.00056,5e-05,0.00057,3e-05,0.00252,-1e-05,2e-05,0.00014,0.00163,0.00053,0.00036,-0.00055,-9e-05,0.00013,0.00233,0.00057,0.00071,-0.00118,-0.002,-0.0004,-6e-05,-0.00071
6.72,-3e-05,-0.00034,4e-05,0.00054,-3e-05,-4e-05,-4e-05,0.00475,-5e-05,-0.00264,-0.00803,0.00083,0.00056,3e-05,0.00058,4e-05,0.00254,-0,2e-05,0.00014,0.00149,0.00058,0.00031,-0.00039,-0,0.00011,0.0024,0.0006,0.00079,-0.00112,-0.00204,-0.00036,-5e-05,-0.00074
6.74,-6e-05,-0.00028,4e-05,0.00055,-3e-05,-4e-05,-4e-05,0.00482,-4e-05,-0.00264,-0.00814,0.00083,0.00056,0,0.00058,6e-05,0.00257,-0,2e-05,0.00014,0.00133,0.00064,0.00027,-0.00024,0.0001,0.0001,0.00247,0.00064,0.00089,-0.00101,-0.0021,-0.00031,-5e-05,-0.00076
6.76,-9e-05,-0.00022,4e-05,0.00057,-3e-05,-4e-05,-5e-05,0.00489,-4e-05,-0.00264,-0.00824,0.00083,0.00056,-2e-05,0.00059,8e-05,0.00258,-0,2e-05,0.00014,0.00119,0.00069,0.00023,-0.00014,0.00018,8e-05,0.00253,0.00068,0.00098,-0.00094,-0.00216,-0.00027,-4e-05,-0.00078
6.78,-0.00012,-0.00015,4e-05,0.00058,-3e-05,-4e-05,-5e-05,0.00496,-5e-05,-0.00264,-0.00835,0.00083,0.00056,-3e-05,0.00059,0.0001,0.00261,-0,2e-05,0.00015,0.00108,0.00075,0.00019,-6e-05,0.00027,6e-05,0.00262,0.00072,0.00108,-0.00087,-0.00223,-0.00022,-3e-05,-0.0008
6.8,-0.00015,-0.00011,4e-05,0.00059,-3e-05,-4e-05,-5e-05,0.00503,-5e-05,-0.00264,-0.00844,0.00083,0.00056,-5e-05,0.00059,0.00013,0.00262,-0,2e-05,0.00014,0.00096,0.00079,0.00016,-1e-05,0.00033,5e-05,0.00265,0.00075,0.00116,-0.0008,-0.00227,-0.00019,-3e-05,-0.00082
6.82,-0.00017,-0.00011,4e-05,0.00059,-4e-05,-4e-05,-5e-05,0.0051,-5e-05,-0.00264,-0.00845,0.00083,0.00056,-7e-05,0.00058,0.00017,0.00257,-0,3e-05,0.00012,0.00083,0.00079,0.00016,2e-05,0.0003,6e-05,0.00247,0.00078,0.00118,-0.00073,-0.00225,-0.0002,-3e-05,-0.00086
6.84,-0.00018,-0.00013,5e-05,0.00059,-4e-05,-4e-05,-5e-05,0.00517,-6e-05,-0.00264,-0.00844,0.00083,0.00056,-8e-05,0.00057,0.00021,0.0025,-0,4e-05,0.0001,0.00071,0.00077,0.00017,3e-05,0.00024,8e-05,0.00223,0.0008,0.00118,-0.00066,-0.00219,-0.00021,-3e-05,-0.0009
6.86,-0.0002,-0.00015,5e-05,0.00059,-4e-05,-4e-05,-5e-05,0.00525,-7e-05,-0.00264,-0.00844,0.00083,0.00056,-9e-05,0.00056,0.00024,0.00243,0,4e-05,8e-05,0.00062,0.00076,0.00018,3e-05,0.0002,9e-05,0.00204,0.00082,0.0012,-0.0006,-0.00215,-0.00023,-3e-05,-0.00094
6.88,-0.00021,-0.00016,6e-05,0.00059,-5e-05,-4e-05,-5e-05,0.00532,-7e-05,-0.00264,-0.00845,0.00083,0.00056,-0.0001,0.00056,0.00028,0.00238,1e-05,5e-05,6e-05,0.00053,0.00075,0.00018,2e-05,0.00016,0.0001,0.00183,0.00085,0.00121,-0.00054,-0.00211,-0.00024,-3e-05,-0.001
6.9,-0.00023,-0.00017,6e-05,0.00059,-5e-05,-4e-05,-5e-05,0.00539,-8e-05,-0.00264,-0.00844,0.00083,0.00056,-0.0001,0.00055,0.00031,0.00231,1e-05,6e-05,3e-05,0.00047,0.00073,0.00019,-1e-05,0.00011,0.00011,0.00169,0.00088,0.00121,-0.00049,-0.00207,-0.00025,-4e-05,-0.00102
6.92,-0.00025,-0.00019,8e-05,0.00059,-6e-05,-4e-05,-4e-05,0.00545,-8e-05,-0.00264,-0.00839,0.00083,0.00056,-0.00011,0.00055,0.00034,0.00217,2e-05,7e-05,1e-05,0.00044,0.00068,0.0002,-6e-05,4e-05,0.00012,0.00173,0.00091,0.0012,-0.00044,-0.00204,-0.00028,-4e-05,-0.00092
6.94,-0.00027,-0.00021,9e-05,0.00058,-7e-05,-4e-05,-4e-05,0.00551,-9e-05,-0.00264,-0.00833,0.00083,0.00056,-0.00011,0.00054,0.00037,0.00202,3e-05,8e-05,-3e-05,0.00043,0.00062,0.0002,-0.00012,-4e-05,0.00014,0.00184,0.00094,0.00117,-0.00039,-0.00201,-0.00031,-4e-05,-0.0008
6.96,-0.0003,-0.00023,0.00011,0.00058,-8e-05,-4e-05,-4e-05,0.00557,-9e-05,-0.00264,-0.00828,0.00083,0.00056,-0.00011,0.00054,0.00041,0.00188,5e-05,8e-05,-5e-05,0.00041,0.00057,0.00021,-0.00017,-0.00011,0.00014,0.00191,0.00098,0.00115,-0.00034,-0.00197,-0.00033,-4e-05,-0.00069
6.98,-0.00032,-0.00024,0.00012,0.00057,-8e-05,-5e-05,-3e-05,0.00563,-9e-05,-0.00264,-0.00821,0.00083,0.00056,-0.00011,0.00054,0.00044,0.00176,6e-05,9e-05,-8e-05,0.0004,0.00052,0.00021,-0.00022,-0.00017,0.00015,0.00198,0.00102,0.00113,-0.0003,-0.00194,-0.00036,-4e-05,-0.00058
7,-0.00034,-0.00026,0.00013,0.00057,-9e-05,-5e-05,-3e-05,0.00568,-9e-05,-0.00264,-0.00818,0.00083,0.00056,-0.00011,0.00054,0.00047,0.00165,8e-05,0.0001,-0.0001,0.00039,0.00048,0.00022,-0.00028,-0.00023,0.00016,0.00207,0.00106,0.00111,-0.00025,-0.00191,-0.00038,-4e-05,-0.00049
7.02,-0.00035,-0.00027,0.00013,0.00056,-9e-05,-5e-05,-3e-05,0.00572,-9e-05,-0.00264,-0.0082,0.00083,0.00056,-0.00011,0.00054,0.00049,0.00155,0.00011,0.0001,-0.00012,0.00039,0.00047,0.00025,-0.00034,-0.00025,0.00016,0.00219,0.00109,0.00108,-0.00019,-0.00185,-0.00041,-4e-05,-0.00049
7.04,-0.00036,-0.00029,0.00014,0.00055,-9e-05,-5e-05,-3e-05,0.00574,-8e-05,-0.00264,-0.00825,0.00083,0.00056,-0.00011,0.00055,0.00051,0.00146,0.00014,0.00011,-0.00014,0.00039,0.00046,0.00029,-0.00041,-0.00027,0.00016,0.00232,0.00112,0.00105,-0.00013,-0.00179,-0.00044,-5e-05,-0.00051
7.06,-0.00038,-0.0003,0.00014,0.00055,-0.0001,-5e-05,-2e-05,0.00577,-8e-05,-0.00264,-0.00829,0.00083,0.00056,-0.0001,0.00055,0.00053,0.00138,0.00017,0.00011,-0.00015,0.00039,0.00046,0.00032,-0.00047,-0.00028,0.00016,0.00244,0.00116,0.00102,-7e-05,-0.00173,-0.00046,-5e-05,-0.00051
7.08,-0.00039,-0.00031,0.00014,0.00054,-0.0001,-5e-05,-2e-05,0.00581,-8e-05,-0.00264,-0.00834,0.00083,0.00056,-9e-05,0.00055,0.00056,0.0013,0.00019,0.00011,-0.00016,0.00039,0.00045,0.00035,-0.00054,-0.00031,0.00016,0.00259,0.00119,0.00099,-1e-05,-0.00167,-0.00049,-6e-05,-0.00052
7.1,-0.0004,-0.00032,0.00015,0.00053,-0.0001,-5e-05,-2e-05,0.00583,-7e-05,-0.00264,-0.00837,0.00083,0.00056,-8e-05,0.00056,0.00058,0.00123,0.0002,0.00012,-0.00017,0.00039,0.00044,0.00037,-0.00061,-0.00031,0.00016,0.00268,0.00123,0.00096,4e-05,-0.00162,-0.00051,-6e-05,-0.00053
7.12,-0.0004,-0.00031,0.00015,0.00052,-0.0001,-5e-05,-2e-05,0.00579,-7e-05,-0.00264,-0.00838,0.00083,0.00056,-7e-05,0.00056,0.00059,0.0012,0.00022,0.00012,-0.00017,0.00039,0.00042,0.00038,-0.00069,-0.00026,0.00015,0.0026,0.00125,0.00095,8e-05,-0.00154,-0.00053,-6e-05,-0.00052
7.14,-0.0004,-0.0003,0.00015,0.00052,-0.0001,-5e-05,-3e-05,0.00574,-7e-05,-0.00264,-0.00838,0.00083,0.00056,-6e-05,0.00057,0.00058,0.00118,0.00023,0.00012,-0.00017,0.00039,0.0004,0.00039,-0.00079,-0.00019,0.00015,0.00247,0.00128,0.00095,0.00011,-0.00146,-0.00055,-7e-05,-0.0005
7.16,-0.0004,-0.00029,0.00015,0.00051,-0.0001,-5e-05,-3e-05,0.00569,-7e-05,-0.00264,-0.00838,0.00083,0.00056,-5e-05,0.00058,0.00058,0.00116,0.00023,0.00012,-0.00017,0.00039,0.00038,0.00039,-0.0009,-0.00014,0.00014,0.00237,0.0013,0.00094,0.00015,-0.00139,-0.00057,-7e-05,-0.00049
7.18,-0.00039,-0.00028,0.00015,0.00051,-0.0001,-5e-05,-3e-05,0.00564,-7e-05,-0.00264,-0.00837,0.00083,0.00056,-4e-05,0.00059,0.00059,0.00114,0.00023,0.00012,-0.00017,0.00039,0.00036,0.0004,-0.00104,-8e-05,0.00013,0.00225,0.00133,0.00094,0.00019,-0.00133,-0.00059,-7e-05,-0.00047
7.2,-0.00039,-0.00027,0.00015,0.0005,-0.00011,-5e-05,-3e-05,0.00561,-6e-05,-0.00264,-0.00838,0.00083,0.00056,-2e-05,0.0006,0.0006,0.00113,0.00022,0.00011,-0.00017,0.00039,0.00033,0.0004,-0.0012,-3e-05,0.00013,0.00217,0.00136,0.00093,0.00022,-0.00126,-0.00061,-7e-05,-0.00046
7.22,-0.00038,-0.00026,0.00016,0.0005,-0.00011,-5e-05,-4e-05,0.00562,-6e-05,-0.00264,-0.00842,0.00083,0.00056,-1e-05,0.00061,0.00058,0.00115,0.00019,0.0001,-0.00015,0.00039,0.00031,0.00033,-0.00135,2e-05,0.00012,0.00223,0.00138,0.00093,0.00024,-0.0012,-0.00063,-7e-05,-0.00043
7.24,-0.00037,-0.00025,0.00016,0.0005,-0.00011,-6e-05,-4e-05,0.00564,-5e-05,-0.00264,-0.00848,0.00083,0.00056,0,0.00063,0.00057,0.00119,0.00015,8e-05,-0.00014,0.00039,0.00028,0.00025,-0.00151,7e-05,0.00011,0.00234,0.00141,0.00092,0.00026,-0.00113,-0.00065,-7e-05,-0.0004
7.26,-0.00037,-0.00024,0.00017,0.0005,-0.00012,-6e-05,-4e-05,0.00567,-5e-05,-0.00264,-0.00853,0.00083,0.00056,2e-05,0.00064,0.00056,0.00122,0.00011,6e-05,-0.00012,0.00039,0.00025,0.00019,-0.0017,0.00011,0.0001,0.00242,0.00143,0.00092,0.00029,-0.00107,-0.00067,-7e-05,-0.00037
7.28,-0.00036,-0.00023,0.00018,0.00049,-0.00012,-6e-05,-4e-05,0.00567,-4e-05,-0.00264,-0.00858,0.00083,0.00056,3e-05,0.00065,0.00055,0.00125,9e-05,5e-05,-0.00011,0.00039,0.00022,0.00014,-0.00196,0.00016,8e-05,0.00252,0.00146,0.00091,0.00031,-0.00101,-0.00069,-7e-05,-0.00035
7.3,-0.00035,-0.00021,0.00019,0.00049,-0.00013,-6e-05,-5e-05,0.00572,-4e-05,-0.00264,-0.00862,0.00083,0.00056,4e-05,0.00067,0.00054,0.00128,6e-05,4e-05,-0.0001,0.00039,0.00019,9e-05,-0.00219,0.00019,8e-05,0.00258,0.00149,0.0009,0.00034,-0.00096,-0.00071,-7e-05,-0.00031
7.32,-0.00034,-0.0002,0.0002,0.00049,-0.00014,-6e-05,-5e-05,0.00591,-3e-05,-0.00264,-0.00862,0.00083,0.00056,5e-05,0.00068,0.00056,0.00135,4e-05,2e-05,-7e-05,0.0004,0.00018,8e-05,-0.00225,0.00018,8e-05,0.00252,0.00153,0.00088,0.00036,-0.00092,-0.00072,-6e-05,-0.00025
7.34,-0.00033,-0.00019,0.00021,0.00049,-0.00014,-6e-05,-6e-05,0.00615,-3e-05,-0.00264,-0.00859,0.00083,0.00056,6e-05,0.00069,0.00057,0.00143,1e-05,1e-05,-5e-05,0.0004,0.00017,8e-05,-0.00223,0.00015,9e-05,0.00242,0.00157,0.00085,0.00038,-0.00088,-0.00072,-6e-05,-0.00017
7.36,-0.00033,-0.00019,0.00023,0.00049,-0.00015,-7e-05,-6e-05,0.00637,-2e-05,-0.00264,-0.00858,0.00083,0.00056,7e-05,0.0007,0.00058,0.0015,-0,0,-2e-05,0.0004,0.00016,8e-05,-0.00224,0.00013,9e-05,0.00233,0.00161,0.00082,0.0004,-0.00084,-0.00073,-5e-05,-0.0001
7.38,-0.00032,-0.00018,0.00024,0.00049,-0.00016,-7e-05,-6e-05,0.00661,-2e-05,-0.00264,-0.00857,0.00083,0.00056,7e-05,0.00071,0.00059,0.00158,-1e-05,-0,-0,0.00041,0.00014,7e-05,-0.00227,0.00011,0.0001,0.00227,0.00165,0.00079,0.00042,-0.00081,-0.00073,-4e-05,-3e-05
7.4,-0.00031,-0.00017,0.00025,0.00049,-0.00017,-7e-05,-7e-05,0.00684,-2e-05,-0.00264,-0.00855,0.00083,0.00056,8e-05,0.00072,0.00059,0.00166,-2e-05,-0,2e-05,0.00042,0.00013,7e-05,-0.00227,0.0001,0.00011,0.00216,0.00169,0.00075,0.00044,-0.00076,-0.00073,-3e-05,5e-05
7.42,-0.00031,-0.00016,0.00026,0.0005,-0.00017,-8e-05,-7e-05,0.00694,-2e-05,-0.00264,-0.00847,0.00083,0.00056,8e-05,0.00073,0.00058,0.00175,-2e-05,0,3e-05,0.00044,0.00013,0.00011,-0.0022,9e-05,0.00011,0.00194,0.00174,0.0007,0.00046,-0.00072,-0.00071,-2e-05,0.00014
7.44,-0.00032,-0.00016,0.00028,0.00051,-0.00018,-8e-05,-7e-05,0.00701,-2e-05,-0.00264,-0.00837,0.00083,0.00056,8e-05,0.00075,0.00057,0.00185,-2e-05,1e-05,4e-05,0.00046,0.00012,0.00017,-0.0021,9e-05,0.00012,0.00169,0.00178,0.00064,0.00048,-0.00067,-0.00068,-1e-05,0.00024
7.46,-0.00033,-0.00016,0.00029,0.00053,-0.00019,-9e-05,-8e-05,0.0071,-2e-05,-0.00264,-0.00829,0.00083,0.00056,8e-05,0.00076,0.00055,0.00195,-1e-05,2e-05,5e-05,0.00049,0.00011,0.00021,-0.00202,8e-05,0.00012,0.00148,0.00181,0.00058,0.00049,-0.00062,-0.00065,0,0.00034
7.48,-0.00033,-0.00015,0.00031,0.00054,-0.0002,-0.0001,-8e-05,0.00718,-2e-05,-0.00264,-0.00819,0.00083,0.00056,8e-05,0.00078,0.00055,0.00207,-1e-05,2e-05,6e-05,0.00051,0.00011,0.00026,-0.00195,8e-05,0.00012,0.00126,0.00186,0.00053,0.00052,-0.00058,-0.00063,2e-05,0.00043
7.5,-0.00034,-0.00015,0.00032,0.00056,-0.00021,-0.00011,-8e-05,0.00727,-3e-05,-0.00264,-0.00814,0.00083,0.00056,8e-05,0.0008,0.0005,0.00217,-1e-05,3e-05,7e-05,0.00054,0.0001,0.00029,-0.00188,8e-05,0.00013,0.00109,0.00188,0.00047,0.00053,-0.00052,-0.00059,2e-05,0.00053
7.52,-0.00034,-0.00021,0.00032,0.00058,-0.00021,-0.00011,-9e-05,0.00739,-3e-05,-0.00264,-0.00822,0.00083,0.00056,8e-05,0.00085,0.00033,0.00223,-2e-05,4e-05,6e-05,0.00056,6e-05,0.00028,-0.0018,0.00011,0.00012,0.00109,0.00183,0.00039,0.00052,-0.00043,-0.00051,3e-05,0.00064
7.54,-0.00034,-0.00027,0.00032,0.0006,-0.00022,-0.00012,-9e-05,0.00752,-4e-05,-0.00264,-0.00835,0.00083,0.00056,7e-05,0.0009,0.00016,0.00227,-2e-05,4e-05,5e-05,0.00058,2e-05,0.00026,-0.00173,0.00014,0.00011,0.00114,0.00174,0.0003,0.00049,-0.00034,-0.00042,3e-05,0.00075
7.56,-0.00034,-0.00033,0.00032,0.00062,-0.00023,-0.00013,-9e-05,0.00765,-5e-05,-0.00264,-0.00846,0.00083,0.00056,7e-05,0.00095,6e-05,0.00232,-2e-05,5e-05,5e-05,0.00061,-2e-05,0.00025,-0.00167,0.00016,0.00011,0.00116,0.00167,0.00022,0.00048,-0.00026,-0.00034,3e-05,0.00086
7.58,-0.00034,-0.00039,0.00031,0.00064,-0.00024,-0.00014,-0.0001,0.00777,-5e-05,-0.00264,-0.00858,0.00083,0.00056,6e-05,0.00101,-2e-05,0.00238,-2e-05,5e-05,4e-05,0.00063,-6e-05,0.00023,-0.0016,0.00019,0.0001,0.00119,0.00161,0.00013,0.00046,-0.0002,-0.00028,3e-05,0.00098
7.6,-0.00034,-0.00044,0.00031,0.00067,-0.00025,-0.00015,-0.0001,0.00792,-6e-05,-0.00264,-0.00868,0.00083,0.00056,5e-05,0.00107,-5e-05,0.00242,-2e-05,5e-05,4e-05,0.00066,-0.0001,0.00022,-0.00156,0.00021,0.0001,0.00122,0.00152,6e-05,0.00044,-0.00014,-0.00021,3e-05,0.00107
7.62,-0.00031,-0.00046,0.00032,0.00071,-0.00026,-0.00016,-0.00011,0.00819,-8e-05,-0.00264,-0.00869,0.00083,0.00056,4e-05,0.00115,-5e-05,0.00242,-2e-05,5e-05,4e-05,0.00071,-0.0001,0.00025,-0.00162,0.00019,0.0001,0.00123,0.00132,5e-05,0.00043,-6e-05,-0.00013,2e-05,0.00102
7.64,-0.00028,-0.00047,0.00034,0.00076,-0.00026,-0.00018,-0.00011,0.0085,-9e-05,-0.00264,-0.00868,0.00083,0.00056,3e-05,0.00124,-3e-05,0.0024,-2e-05,4e-05,4e-05,0.00076,-9e-05,0.0003,-0.00171,0.00017,0.0001,0.00123,0.00112,5e-05,0.00043,-1e-05,-6e-05,1e-05,0.00094
7.66,-0.00025,-0.00048,0.00035,0.00081,-0.00027,-0.0002,-0.00012,0.00879,-0.00011,-0.00264,-0.00868,0.00083,0.00056,2e-05,0.00133,-1e-05,0.00239,-2e-05,4e-05,4e-05,0.00082,-9e-05,0.00034,-0.00179,0.00015,0.00011,0.00124,0.00095,5e-05,0.00042,2e-05,-1e-05,1e-05,0.00087
7.68,-0.00022,-0.00049,0.00036,0.00086,-0.00027,-0.00022,-0.00011,0.00913,-0.00012,-0.00264,-0.00867,0.00083,0.00056,2e-05,0.00143,1e-05,0.00238,-2e-05,4e-05,4e-05,0.00088,-9e-05,0.00038,-0.00187,0.00013,0.00011,0.00123,0.00081,4e-05,0.00041,4e-05,7e-05,-0,0.00081
7.7,-0.00019,-0.0005,0.00036,0.00091,-0.00028,-0.00023,-0.00011,0.00942,-0.00012,-0.00264,-0.00867,0.00083,0.00056,1e-05,0.00153,3e-05,0.00237,-1e-05,4e-05,4e-05,0.00094,-9e-05,0.00041,-0.00195,0.00011,0.00012,0.00126,0.00069,5e-05,0.00039,4e-05,0.0001,-1e-05,0.00073
7.72,-0.00017,-0.0005,0.00032,0.00096,-0.00028,-0.00024,-0.0001,0.00951,-0.00012,-0.00264,-0.00867,0.00083,0.00056,1e-05,0.00158,7e-05,0.00235,-1e-05,4e-05,3e-05,0.00097,-7e-05,0.00039,-0.00197,9e-05,0.00011,0.00142,0.00061,9e-05,0.00034,1e-05,1e-05,-1e-05,0.00062
7.74,-0.00014,-0.00049,0.00028,0.00101,-0.00028,-0.00025,-0.0001,0.00952,-0.00012,-0.00264,-0.00867,0.00083,0.00056,1e-05,0.00162,0.00011,0.00232,-1e-05,4e-05,3e-05,0.001,-4e-05,0.00035,-0.00197,7e-05,0.00011,0.00162,0.00055,0.00016,0.00029,-4e-05,-0.00011,-1e-05,0.0005
7.76,-0.00011,-0.00049,0.00024,0.00106,-0.00027,-0.00025,-9e-05,0.00957,-0.00012,-0.00264,-0.00867,0.00083,0.00056,2e-05,0.00167,0.00014,0.0023,-0,4e-05,2e-05,0.00104,-2e-05,0.00032,-0.00198,5e-05,0.0001,0.0018,0.00049,0.00021,0.00024,-8e-05,-0.00021,-1e-05,0.00039
7.78,-8e-05,-0.00049,0.00021,0.00112,-0.00027,-0.00025,-8e-05,0.00962,-0.00012,-0.00264,-0.00867,0.00083,0.00056,2e-05,0.00172,0.00017,0.00227,-0,5e-05,1e-05,0.00107,-0,0.0003,-0.00199,3e-05,0.0001,0.00201,0.00044,0.00026,0.00019,-0.00013,-0.00031,-2e-05,0.00028
7.8,-6e-05,-0.00049,0.00018,0.00116,-0.00027,-0.00025,-7e-05,0.00964,-0.00011,-0.00264,-0.00867,0.00083,0.00056,3e-05,0.00177,0.00019,0.00225,-0,5e-05,1e-05,0.00111,2e-05,0.00028,-0.00199,1e-05,0.0001,0.00217,0.00041,0.00031,0.00014,-0.00018,-0.0004,-2e-05,0.00018
7.82,-4e-05,-0.00048,0.00016,0.00117,-0.00027,-0.00023,-5e-05,0.00961,-0.00011,-0.00264,-0.00866,0.00083,0.00056,4e-05,0.00177,0.00019,0.00226,0,5e-05,1e-05,0.00115,4e-05,0.0003,-0.00199,-1e-05,0.00011,0.00218,0.0004,0.00036,0.0001,-0.00025,-0.00045,-2e-05,0.0001
7.84,-2e-05,-0.00046,0.00014,0.00115,-0.00026,-0.00022,-4e-05,0.00955,-0.0001,-0.00264,-0.00866,0.00083,0.00056,5e-05,0.00176,0.00019,0.00227,0,5e-05,2e-05,0.00118,6e-05,0.00033,-0.00199,-3e-05,0.00013,0.00214,0.0004,0.00041,5e-05,-0.00033,-0.00049,-3e-05,2e-05
7.86,0,-0.00045,0.00013,0.00115,-0.00025,-0.00021,-4e-05,0.00949,-0.0001,-0.00264,-0.00865,0.00083,0.00056,6e-05,0.00176,0.00018,0.00227,0,4e-05,2e-05,0.00122,8e-05,0.00035,-0.00198,-5e-05,0.00014,0.00211,0.00039,0.00046,-0,-0.0004,-0.00052,-4e-05,-5e-05
7.88,2e-05,-0.00044,0.00012,0.00114,-0.00025,-0.00021,-3e-05,0.00945,-9e-05,-0.00264,-0.00865,0.00083,0.00056,7e-05,0.00175,0.00018,0.00228,0,4e-05,3e-05,0.00126,0.00011,0.00037,-0.00198,-7e-05,0.00016,0.00211,0.00039,0.00052,-4e-05,-0.00046,-0.00057,-5e-05,-0.00013
7.9,4e-05,-0.00043,0.00011,0.00113,-0.00024,-0.0002,-3e-05,0.00939,-9e-05,-0.00264,-0.00864,0.00083,0.00056,7e-05,0.00175,0.00017,0.00229,1e-05,4e-05,3e-05,0.0013,0.00012,0.0004,-0.00198,-0.0001,0.00017,0.00206,0.00039,0.00056,-9e-05,-0.00053,-0.0006,-5e-05,-0.0002
7.92,6e-05,-0.00043,0.00011,0.00112,-0.00024,-0.0002,-3e-05,0.00932,-9e-05,-0.00264,-0.00861,0.00083,0.00056,8e-05,0.00176,0.00016,0.00234,1e-05,4e-05,4e-05,0.00134,0.00012,0.00043,-0.00197,-0.00012,0.00017,0.0019,0.0004,0.00057,-0.00016,-0.00061,-0.00056,-5e-05,-0.00023
7.94,8e-05,-0.00044,0.00011,0.0011,-0.00023,-0.00019,-3e-05,0.00924,-9e-05,-0.00264,-0.00858,0.00083,0.00056,8e-05,0.00177,0.00015,0.0024,1e-05,3e-05,6e-05,0.00138,0.0001,0.00047,-0.00195,-0.00015,0.00016,0.00171,0.00041,0.00057,-0.00023,-0.00072,-0.00051,-5e-05,-0.00026
7.96,9e-05,-0.00044,0.00011,0.00108,-0.00023,-0.00019,-3e-05,0.00917,-9e-05,-0.00264,-0.00855,0.00083,0.00056,8e-05,0.00179,0.00014,0.00245,1e-05,3e-05,7e-05,0.00142,0.0001,0.0005,-0.00194,-0.00017,0.00016,0.00156,0.00042,0.00058,-0.0003,-0.00084,-0.00047,-5e-05,-0.00029
7.98,0.00011,-0.00044,0.00011,0.00106,-0.00022,-0.00019,-3e-05,0.0091,-9e-05,-0.00264,-0.00852,0.00083,0.00056,8e-05,0.0018,0.00014,0.00251,1e-05,2e-05,8e-05,0.00147,9e-05,0.00054,-0.00193,-0.00019,0.00016,0.00139,0.00043,0.00059,-0.00037,-0.00099,-0.00044,-5e-05,-0.00033
8,0.00013,-0.00044,0.00011,0.00105,-0.00022,-0.00019,-3e-05,0.00902,-0.0001,-0.00264,-0.00848,0.00083,0.00056,8e-05,0.00181,0.00013,0.00256,2e-05,2e-05,9e-05,0.00151,8e-05,0.00056,-0.00191,-0.00022,0.00015,0.00127,0.00043,0.0006,-0.00043,-0.00117,-0.00041,-4e-05,-0.00035
8.02,0.00013,-0.00044,0.00011,0.00104,-0.00021,-0.00019,-3e-05,0.00894,-0.0001,-0.00264,-0.00843,0.00083,0.00056,7e-05,0.00183,0.00013,0.00258,2e-05,2e-05,0.0001,0.00156,6e-05,0.00052,-0.00188,-0.00024,0.00015,0.00126,0.00043,0.0006,-0.00045,-0.00132,-0.00039,-4e-05,-0.00034
8.04,0.00014,-0.00044,0.00011,0.00103,-0.00021,-0.00019,-3e-05,0.00886,-0.0001,-0.00264,-0.00838,0.00083,0.00056,6e-05,0.00185,0.00014,0.0026,2e-05,2e-05,0.0001,0.0016,4e-05,0.00047,-0.00184,-0.00027,0.00016,0.0013,0.00043,0.00059,-0.00046,-0.00145,-0.00039,-3e-05,-0.00031
8.06,0.00014,-0.00044,0.00011,0.00103,-0.00021,-0.00019,-4e-05,0.00878,-0.0001,-0.00264,-0.00834,0.00083,0.00056,6e-05,0.00186,0.00014,0.00261,3e-05,2e-05,0.00011,0.00165,2e-05,0.00043,-0.00179,-0.00029,0.00016,0.00133,0.00042,0.00059,-0.00047,-0.00163,-0.00038,-3e-05,-0.0003
8.08,0.00015,-0.00045,0.00011,0.00102,-0.00021,-0.00019,-4e-05,0.0087,-0.0001,-0.00264,-0.00829,0.00083,0.00056,5e-05,0.00188,0.00014,0.00263,3e-05,2e-05,0.00011,0.0017,1e-05,0.0004,-0.00176,-0.00031,0.00016,0.00132,0.00042,0.00059,-0.00048,-0.00187,-0.00038,-2e-05,-0.00027
8.1,0.00015,-0.00044,0.00011,0.00102,-0.0002,-0.00019,-4e-05,0.00863,-0.0001,-0.00264,-0.00825,0.00083,0.00056,4e-05,0.00189,0.00015,0.00265,3e-05,2e-05,0.00011,0.00174,-1e-05,0.00035,-0.0017,-0.00033,0.00016,0.00138,0.00042,0.00059,-0.0005,-0.00208,-0.00037,-1e-05,-0.00027
8.12,0.00015,-0.00041,0.00011,0.00101,-0.0002,-0.00019,-3e-05,0.00862,-0.0001,-0.00264,-0.00826,0.00083,0.00056,3e-05,0.00188,0.00016,0.00265,3e-05,2e-05,0.00011,0.00176,-1e-05,0.00025,-0.00161,-0.00035,0.00016,0.00161,0.00043,0.00058,-0.00058,-0.00214,-0.00037,-0,-0.00033
8.14,0.00014,-0.00038,0.00011,0.00101,-0.0002,-0.00019,-3e-05,0.00862,-0.0001,-0.00264,-0.00828,0.00083,0.00056,2e-05,0.00186,0.00017,0.00264,3e-05,2e-05,0.0001,0.00178,-0,0.00015,-0.00149,-0.00036,0.00016,0.00192,0.00045,0.00058,-0.00067,-0.00212,-0.00037,1e-05,-0.0004
8.16,0.00014,-0.00035,0.0001,0.00101,-0.00019,-0.00019,-3e-05,0.00862,-0.0001,-0.00264,-0.00829,0.00083,0.00056,1e-05,0.00185,0.00017,0.00263,3e-05,2e-05,0.0001,0.00179,0,7e-05,-0.00139,-0.00037,0.00016,0.0022,0.00046,0.00059,-0.00076,-0.00215,-0.00037,2e-05,-0.00047
8.18,0.00014,-0.00032,0.0001,0.00101,-0.00019,-0.00018,-3e-05,0.00862,-0.0001,-0.00264,-0.00831,0.00083,0.00056,-1e-05,0.00184,0.00018,0.00263,3e-05,2e-05,9e-05,0.00182,0,-1e-05,-0.0013,-0.00038,0.00016,0.00255,0.00047,0.00058,-0.00088,-0.00217,-0.00037,1e-05,-0.00054
8.2,0.00013,-0.00028,0.0001,0.00101,-0.00019,-0.00018,-3e-05,0.00861,-0.0001,-0.00264,-0.00832,0.00083,0.00056,-2e-05,0.00182,0.00018,0.00262,2e-05,3e-05,9e-05,0.00182,2e-05,-7e-05,-0.00118,-0.00038,0.00017,0.00281,0.00049,0.00059,-0.00097,-0.0022,-0.00036,3e-05,-0.00061
8.22,0.00011,-0.00023,9e-05,0.00102,-0.00018,-0.00018,-3e-05,0.00855,-0.0001,-0.00264,-0.00832,0.00083,0.00056,-3e-05,0.00178,0.00017,0.00259,2e-05,3e-05,8e-05,0.00178,7e-05,-7e-05,-0.00102,-0.00037,0.00017,0.00274,0.00052,0.00062,-0.00095,-0.00227,-0.00033,0.00013,-0.00064
8.24,9e-05,-0.00018,9e-05,0.00103,-0.00018,-0.00017,-3e-05,0.00848,-0.0001,-0.00264,-0.0083,0.00083,0.00056,-4e-05,0.00173,0.00015,0.00256,2e-05,3e-05,7e-05,0.00172,0.00014,-6e-05,-0.00084,-0.00036,0.00018,0.00255,0.00056,0.00067,-0.0009,-0.00236,-0.00029,0.00026,-0.00065
8.26,7e-05,-0.00013,9e-05,0.00103,-0.00018,-0.00017,-3e-05,0.00841,-0.0001,-0.00264,-0.00829,0.00083,0.00056,-5e-05,0.00169,0.00014,0.00253,2e-05,4e-05,7e-05,0.00167,0.0002,-5e-05,-0.0007,-0.00035,0.00018,0.00242,0.00059,0.00071,-0.00087,-0.00244,-0.00026,0.00036,-0.00068
8.28,5e-05,-8e-05,8e-05,0.00104,-0.00017,-0.00017,-2e-05,0.00835,-0.0001,-0.00264,-0.00828,0.00083,0.00056,-6e-05,0.00165,0.00013,0.0025,1e-05,4e-05,6e-05,0.00163,0.00026,-5e-05,-0.00057,-0.00035,0.00019,0.0023,0.00063,0.00075,-0.00085,-0.00255,-0.00023,0.0005,-0.00069
8.3,4e-05,-3e-05,8e-05,0.00105,-0.00017,-0.00016,-2e-05,0.00828,-0.0001,-0.00264,-0.00827,0.00083,0.00056,-7e-05,0.00161,0.00013,0.00247,1e-05,5e-05,5e-05,0.00155,0.00031,-4e-05,-0.00045,-0.00033,0.00019,0.00217,0.00067,0.00079,-0.00081,-0.00262,-0.0002,0.00058,-0.00073
8.32,3e-05,-0,9e-05,0.00104,-0.00017,-0.00016,-2e-05,0.0082,-0.0001,-0.00264,-0.00825,0.00083,0.00056,-8e-05,0.00153,0.00013,0.00244,1e-05,5e-05,5e-05,0.00139,0.00036,-3e-05,-0.00029,-0.00025,0.00017,0.00202,0.00069,0.00083,-0.00076,-0.00257,-0.00018,0.00046,-0.00083
8.34,3e-05,2e-05,0.0001,0.00102,-0.00017,-0.00016,-2e-05,0.00812,-0.0001,-0.00264,-0.00822,0.00083,0.00056,-9e-05,0.00146,0.00013,0.00241,0,5e-05,4e-05,0.00122,0.00039,-1e-05,-0.00016,-0.00015,0.00016,0.00188,0.00071,0.00087,-0.0007,-0.00248,-0.00017,0.00029,-0.00095
8.36,2e-05,4e-05,0.00011,0.00101,-0.00017,-0.00015,-2e-05,0.00803,-0.00011,-0.00264,-0.00819,0.00083,0.00056,-0.0001,0.00139,0.00014,0.00238,0,5e-05,4e-05,0.00108,0.00043,0,-7e-05,-7e-05,0.00014,0.00175,0.00073,0.0009,-0.00066,-0.00241,-0.00016,0.00017,-0.00105
8.38,2e-05,7e-05,0.00012,0.001,-0.00017,-0.00015,-2e-05,0.00796,-0.00011,-0.00264,-0.00817,0.00083,0.00056,-0.0001,0.00132,0.00015,0.00236,-0,6e-05,3e-05,0.00095,0.00047,1e-05,0,1e-05,0.00013,0.00161,0.00076,0.00094,-0.00061,-0.00234,-0.00014,4e-05,-0.00117
8.4,2e-05,9e-05,0.00012,0.00098,-0.00017,-0.00014,-2e-05,0.00787,-0.00011,-0.00264,-0.00813,0.00083,0.00056,-0.00011,0.00126,0.00016,0.00232,-0,6e-05,3e-05,0.00083,0.0005,2e-05,5e-05,7e-05,0.00012,0.00152,0.00078,0.00098,-0.00058,-0.00228,-0.00013,-6e-05,-0.00126
8.42,1e-05,9e-05,0.00013,0.00097,-0.00017,-0.00014,-2e-05,0.00774,-0.00012,-0.00264,-0.00806,0.00083,0.00056,-0.00011,0.00119,0.00017,0.00226,-0,7e-05,2e-05,0.00071,0.00051,4e-05,7e-05,7e-05,0.00012,0.00157,0.0008,0.001,-0.00058,-0.00222,-0.00015,-8e-05,-0.00127
8.44,1e-05,9e-05,0.00013,0.00096,-0.00017,-0.00014,-2e-05,0.0076,-0.00012,-0.00264,-0.00798,0.00083,0.00056,-0.00011,0.00113,0.00019,0.00219,-0,7e-05,0,0.0006,0.0005,5e-05,8e-05,4e-05,0.00012,0.00167,0.00082,0.00102,-0.00058,-0.00216,-0.00017,-6e-05,-0.00124
8.46,1e-05,8e-05,0.00014,0.00094,-0.00017,-0.00014,-2e-05,0.00747,-0.00013,-0.00264,-0.0079,0.00083,0.00056,-0.0001,0.00107,0.00021,0.00212,-0,7e-05,-0,0.00051,0.0005,6e-05,7e-05,3e-05,0.00012,0.00175,0.00084,0.00103,-0.00059,-0.00211,-0.00019,-6e-05,-0.00122
8.48,0,8e-05,0.00014,0.00093,-0.00017,-0.00014,-1e-05,0.00734,-0.00014,-0.00264,-0.00783,0.00083,0.00056,-0.0001,0.00101,0.00022,0.00206,-0,8e-05,-1e-05,0.00043,0.0005,7e-05,5e-05,1e-05,0.00012,0.00183,0.00087,0.00106,-0.00059,-0.00206,-0.0002,-5e-05,-0.00122
8.5,-0,7e-05,0.00014,0.00091,-0.00017,-0.00013,-1e-05,0.0072,-0.00014,-0.00264,-0.00773,0.00083,0.00056,-9e-05,0.00096,0.00024,0.002,-0,8e-05,-2e-05,0.00038,0.00049,8e-05,1e-05,-0,0.00012,0.00192,0.0009,0.00107,-0.00059,-0.00202,-0.00022,-5e-05,-0.00119
8.52,-2e-05,4e-05,0.00015,0.00086,-0.00017,-0.00013,-1e-05,0.00701,-0.00015,-0.00264,-0.00757,0.00083,0.00056,-9e-05,0.00091,0.00026,0.00193,-0,8e-05,-2e-05,0.00035,0.00045,8e-05,-4e-05,-4e-05,0.00013,0.00199,0.00093,0.00106,-0.00059,-0.00201,-0.00024,-4e-05,-0.00107
8.54,-4e-05,-1e-05,0.00015,0.00082,-0.00017,-0.00012,-0,0.00681,-0.00015,-0.00264,-0.00738,0.00083,0.00055,-8e-05,0.00086,0.00029,0.00186,-0,8e-05,-2e-05,0.00033,0.00039,7e-05,-0.00011,-8e-05,0.00014,0.00207,0.00097,0.00104,-0.00059,-0.00202,-0.00025,-4e-05,-0.00094
8.56,-6e-05,-6e-05,0.00015,0.00077,-0.00017,-0.00012,0,0.00661,-0.00016,-0.00264,-0.0072,0.00083,0.00055,-7e-05,0.00081,0.00031,0.0018,-0,8e-05,-2e-05,0.00032,0.00034,7e-05,-0.00017,-0.00012,0.00014,0.00215,0.00101,0.00102,-0.00059,-0.00202,-0.00026,-4e-05,-0.00082
8.58,-7e-05,-0.0001,0.00015,0.00073,-0.00017,-0.00011,0,0.00645,-0.00016,-0.00264,-0.00705,0.00083,0.00055,-6e-05,0.00077,0.00033,0.00173,-0,8e-05,-3e-05,0.0003,0.00029,7e-05,-0.00023,-0.00015,0.00015,0.00223,0.00105,0.00101,-0.00059,-0.00202,-0.00028,-4e-05,-0.0007
8.6,-9e-05,-0.00014,0.00015,0.00069,-0.00017,-0.0001,1e-05,0.00624,-0.00016,-0.00264,-0.00687,0.00083,0.00055,-5e-05,0.00073,0.00036,0.00167,-0,7e-05,-2e-05,0.00029,0.00025,7e-05,-0.00029,-0.00017,0.00015,0.0023,0.00109,0.00099,-0.00058,-0.00202,-0.00029,-4e-05,-0.0006
8.62,-0.00011,-0.0002,0.00014,0.00062,-0.00016,-9e-05,1e-05,0.00587,-0.00016,-0.00264,-0.00659,0.00082,0.00054,-4e-05,0.00069,0.0004,0.00163,-1e-05,6e-05,0,0.00031,0.00023,8e-05,-0.00037,-0.00015,0.00014,0.00235,0.00114,0.00095,-0.00054,-0.00202,-0.00031,-4e-05,-0.00058
8.64,-0.00013,-0.00026,0.00013,0.00054,-0.00016,-8e-05,1e-05,0.00548,-0.00016,-0.00264,-0.0063,0.00082,0.00053,-4e-05,0.00066,0.00045,0.00159,-1e-05,4e-05,4e-05,0.00033,0.00021,9e-05,-0.00044,-0.00012,0.00014,0.0024,0.00118,0.00091,-0.00048,-0.00201,-0.00032,-4e-05,-0.00058
8.66,-0.00015,-0.00031,0.00012,0.00048,-0.00015,-8e-05,2e-05,0.00515,-0.00016,-0.00264,-0.00605,0.00082,0.00052,-3e-05,0.00062,0.0005,0.00155,-1e-05,2e-05,6e-05,0.00034,0.00019,9e-05,-0.00052,-9e-05,0.00013,0.00244,0.00123,0.00087,-0.00043,-0.002,-0.00034,-4e-05,-0.00057
8.68,-0.00018,-0.00037,0.00011,0.00042,-0.00015,-7e-05,2e-05,0.00478,-0.00015,-0.00264,-0.00578,0.00082,0.00051,-3e-05,0.00059,0.00055,0.00152,-2e-05,-0,8e-05,0.00035,0.00017,0.0001,-0.00059,-6e-05,0.00012,0.00251,0.00127,0.00082,-0.00038,-0.002,-0.00035,-4e-05,-0.00056
8.7,-0.00019,-0.00042,9e-05,0.00036,-0.00014,-6e-05,2e-05,0.00456,-0.00015,-0.00263,-0.0056,0.00082,0.00051,-2e-05,0.00056,0.00059,0.00147,-2e-05,-2e-05,0.0001,0.00036,0.00016,0.00011,-0.00067,-3e-05,0.00012,0.00252,0.00132,0.00079,-0.00033,-0.00198,-0.00037,-5e-05,-0.00056
8.72,-0.0002,-0.00041,7e-05,0.00031,-0.00013,-5e-05,3e-05,0.00464,-0.00013,-0.00264,-0.00564,0.00082,0.00052,-2e-05,0.00056,0.00062,0.0014,-2e-05,-5e-05,9e-05,0.00038,0.00021,0.00011,-0.00077,-1e-05,0.00012,0.0024,0.00137,0.00079,-0.00027,-0.00194,-0.00039,-5e-05,-0.00056
8.74,-0.00021,-0.00039,5e-05,0.00027,-0.00013,-5e-05,3e-05,0.00484,-0.00011,-0.00264,-0.00577,0.00082,0.00053,-2e-05,0.00057,0.00064,0.00132,-2e-05,-8e-05,7e-05,0.0004,0.00028,0.0001,-0.00088,1e-05,0.00012,0.00223,0.00141,0.0008,-0.00022,-0.0019,-0.00042,-5e-05,-0.00055
8.76,-0.00022,-0.00038,3e-05,0.00023,-0.00012,-4e-05,3e-05,0.005,-9e-05,-0.00264,-0.00585,0.00083,0.00054,-1e-05,0.00056,0.00066,0.00125,-2e-05,-0.0001,5e-05,0.00041,0.00034,0.0001,-0.00101,3e-05,0.00012,0.0021,0.00146,0.00081,-0.00017,-0.00186,-0.00044,-5e-05,-0.00055
8.78,-0.00022,-0.00037,2e-05,0.00019,-0.00012,-4e-05,3e-05,0.00515,-7e-05,-0.00264,-0.00594,0.00083,0.00055,-1e-05,0.00056,0.00069,0.00119,-2e-05,-0.00012,4e-05,0.00043,0.0004,0.0001,-0.0012,5e-05,0.00012,0.00196,0.00151,0.00082,-0.00012,-0.00182,-0.00046,-6e-05,-0.00055
8.8,-0.00023,-0.00035,0,0.00018,-0.00011,-3e-05,3e-05,0.00534,-6e-05,-0.00264,-0.00603,0.00083,0.00056,-1e-05,0.00054,0.0007,0.0011,-2e-05,-0.00014,3e-05,0.00044,0.00046,0.0001,-0.0014,7e-05,0.00012,0.00183,0.00156,0.00082,-7e-05,-0.00177,-0.00048,-6e-05,-0.00054
8.82,-0.00023,-0.00033,-0,0.00018,-0.0001,-3e-05,2e-05,0.00564,-5e-05,-0.00264,-0.00613,0.00083,0.00057,-1e-05,0.00051,0.00061,0.00099,-2e-05,-0.00016,1e-05,0.00045,0.0005,9e-05,-0.00149,9e-05,0.00012,0.0017,0.00158,0.0008,-2e-05,-0.00167,-0.00052,-6e-05,-0.00054
8.84,-0.00024,-0.00031,-1e-05,0.00019,-9e-05,-3e-05,2e-05,0.00598,-4e-05,-0.00264,-0.00623,0.00083,0.00057,0,0.00047,0.0005,0.00086,-2e-05,-0.00018,-1e-05,0.00046,0.00054,7e-05,-0.00153,0.00011,0.00012,0.00158,0.0016,0.00077,3e-05,-0.00155,-0.00055,-7e-05,-0.00053
8.86,-0.00024,-0.0003,-1e-05,0.00019,-8e-05,-3e-05,1e-05,0.00632,-3e-05,-0.00264,-0.00633,0.00083,0.00057,1e-05,0.00043,0.00041,0.00076,-2e-05,-0.00019,-2e-05,0.00047,0.00058,6e-05,-0.00159,0.00013,0.00011,0.00147,0.00162,0.00074,7e-05,-0.00145,-0.00058,-8e-05,-0.00052
8.88,-0.00025,-0.00028,-1e-05,0.0002,-8e-05,-2e-05,0,0.00673,-3e-05,-0.00264,-0.00644,0.00083,0.00057,1e-05,0.0004,0.00033,0.00067,-2e-05,-0.00019,-3e-05,0.00048,0.00063,5e-05,-0.0017,0.00015,0.00011,0.00134,0.00164,0.00071,0.00012,-0.00135,-0.00061,-8e-05,-0.00051
8.9,-0.00026,-0.00026,-1e-05,0.0002,-7e-05,-2e-05,-0,0.00705,-3e-05,-0.00264,-0.00653,0.00083,0.00057,2e-05,0.00035,0.00025,0.00058,-0,-0.0002,-4e-05,0.00049,0.00066,4e-05,-0.00174,0.00017,0.00011,0.00127,0.00165,0.00068,0.00016,-0.00125,-0.00063,-8e-05,-0.0005
8.92,-0.00027,-0.00027,-0,0.00022,-7e-05,-2e-05,-1e-05,0.00703,-3e-05,-0.00264,-0.00659,0.00083,0.00057,3e-05,0.00028,0.00017,0.00048,2e-05,-0.00019,-3e-05,0.0005,0.00064,5e-05,-0.00162,0.00018,0.00011,0.00137,0.00165,0.0006,0.00021,-0.00115,-0.00062,-8e-05,-0.00049
8.94,-0.00028,-0.00028,1e-05,0.00024,-7e-05,-2e-05,-2e-05,0.00688,-4e-05,-0.00264,-0.00663,0.00083,0.00057,4e-05,0.00021,0.0001,0.00038,6e-05,-0.00018,-1e-05,0.00052,0.0006,5e-05,-0.00144,0.00019,0.0001,0.00153,0.00164,0.00052,0.00025,-0.00104,-0.00059,-7e-05,-0.00048
8.96,-0.00029,-0.00028,2e-05,0.00025,-7e-05,-2e-05,-3e-05,0.0068,-4e-05,-0.00264,-0.00669,0.00083,0.00056,4e-05,0.00016,4e-05,0.00032,9e-05,-0.00018,1e-05,0.00053,0.00057,6e-05,-0.00131,0.00019,0.0001,0.00167,0.00163,0.00045,0.00029,-0.00094,-0.00056,-7e-05,-0.00046
8.98,-0.00031,-0.00029,3e-05,0.00026,-7e-05,-2e-05,-3e-05,0.00669,-5e-05,-0.00264,-0.00674,0.00083,0.00056,4e-05,0.00011,-1e-05,0.00026,0.00013,-0.00017,3e-05,0.00054,0.00054,6e-05,-0.00119,0.00021,9e-05,0.00182,0.00163,0.00038,0.00033,-0.00085,-0.00054,-6e-05,-0.00046
9,-0.00032,-0.0003,4e-05,0.00027,-7e-05,-2e-05,-4e-05,0.00662,-5e-05,-0.00264,-0.00679,0.00083,0.00056,4e-05,8e-05,-5e-05,0.00023,0.00017,-0.00016,4e-05,0.00056,0.00052,7e-05,-0.00109,0.00021,9e-05,0.00195,0.0016,0.00031,0.00036,-0.00075,-0.00051,-6e-05,-0.00043
9.02,-0.00032,-0.00029,4e-05,0.00028,-7e-05,-3e-05,-4e-05,0.0067,-6e-05,-0.00264,-0.00682,0.00083,0.00056,3e-05,7e-05,-8e-05,0.00024,0.00021,-0.00016,6e-05,0.00059,0.00049,0.00011,-0.00108,0.00018,9e-05,0.00197,0.00151,0.00024,0.00038,-0.00061,-0.00046,-5e-05,-0.00032
9.04,-0.00032,-0.00028,5e-05,0.00028,-8e-05,-4e-05,-5e-05,0.00682,-7e-05,-0.00264,-0.00684,0.00083,0.00056,2e-05,6e-05,-0.0001,0.00027,0.00025,-0.00015,7e-05,0.00063,0.00047,0.00015,-0.00109,0.00015,0.0001,0.00195,0.00139,0.00019,0.00039,-0.00047,-0.0004,-3e-05,-0.00018
9.06,-0.00032,-0.00027,6e-05,0.00029,-9e-05,-4e-05,-5e-05,0.00693,-7e-05,-0.00264,-0.00686,0.00083,0.00056,1e-05,6e-05,-0.00011,0.00029,0.00029,-0.00014,8e-05,0.00066,0.00044,0.00019,-0.00109,0.00012,0.0001,0.00195,0.00129,0.00013,0.0004,-0.00036,-0.00035,-2e-05,-7e-05
9.08,-0.00033,-0.00026,6e-05,0.0003,-9e-05,-5e-05,-5e-05,0.00701,-7e-05,-0.00264,-0.00688,0.00083,0.00056,-1e-05,6e-05,-0.00011,0.00031,0.00033,-0.00013,9e-05,0.0007,0.00042,0.00023,-0.00109,9e-05,0.00011,0.00194,0.00121,7e-05,0.00042,-0.00026,-0.00031,-1e-05,7e-05
9.1,-0.00032,-0.00026,6e-05,0.0003,-9e-05,-5e-05,-4e-05,0.00715,-7e-05,-0.00264,-0.00691,0.00083,0.00056,-3e-05,6e-05,-0.0001,0.00032,0.00036,-0.00012,0.0001,0.00073,0.0004,0.00026,-0.00109,6e-05,0.00011,0.00194,0.0011,3e-05,0.00043,-0.00018,-0.00026,0,0.00016
9.12,-0.00031,-0.00027,6e-05,0.0003,-9e-05,-6e-05,-4e-05,0.00746,-7e-05,-0.00264,-0.00697,0.00083,0.00056,-5e-05,6e-05,-8e-05,0.00032,0.00043,-0.0001,0.00014,0.00074,0.00037,0.00026,-0.00104,2e-05,0.00012,0.00198,0.00094,2e-05,0.00042,-8e-05,-0.00019,0,0.00011
9.14,-0.00029,-0.00029,5e-05,0.00031,-9e-05,-6e-05,-3e-05,0.00782,-8e-05,-0.00264,-0.00704,0.00083,0.00056,-8e-05,7e-05,-6e-05,0.00031,0.00049,-7e-05,0.00019,0.00074,0.00034,0.00026,-0.00098,-2e-05,0.00013,0.00203,0.00077,4e-05,0.00042,-0,-0.00012,0,1e-05
9.16,-0.00027,-0.0003,4e-05,0.00031,-8e-05,-6e-05,-2e-05,0.00815,-8e-05,-0.00264,-0.00711,0.00083,0.00056,-0.00011,7e-05,-2e-05,0.00031,0.00051,-5e-05,0.00023,0.00075,0.00032,0.00026,-0.00093,-6e-05,0.00013,0.00207,0.00065,4e-05,0.00041,4e-05,-6e-05,0,-7e-05
9.18,-0.00025,-0.00032,3e-05,0.00031,-8e-05,-5e-05,-1e-05,0.00864,-8e-05,-0.00264,-0.00718,0.00083,0.00056,-0.00014,7e-05,1e-05,0.0003,0.00053,-2e-05,0.00026,0.00076,0.00028,0.00026,-0.00089,-0.0001,0.00014,0.00212,0.00054,4e-05,0.00041,6e-05,2e-05,0,-0.00014
9.2,-0.00023,-0.00033,3e-05,0.00032,-7e-05,-5e-05,-0,0.00884,-8e-05,-0.00264,-0.00723,0.00083,0.00056,-0.00017,7e-05,6e-05,0.0003,0.00052,2e-05,0.00028,0.00077,0.00026,0.00026,-0.00086,-0.00013,0.00014,0.00216,0.00046,5e-05,0.00039,5e-05,5e-05,0,-0.00023
9.22,-0.00023,-0.00031,3e-05,0.00033,-6e-05,-4e-05,0,0.00817,-8e-05,-0.00264,-0.00725,0.00083,0.00056,-0.0002,7e-05,0.00012,0.00028,0.00045,5e-05,0.00028,0.00079,0.00029,0.00027,-0.00086,-0.00014,0.00014,0.00218,0.00041,0.00012,0.00035,1e-05,-0,-1e-05,-0.00038
9.24,-0.00022,-0.00029,3e-05,0.00034,-4e-05,-3e-05,1e-05,0.00728,-9e-05,-0.00264,-0.00726,0.00083,0.00056,-0.00023,6e-05,0.00018,0.00027,0.00035,9e-05,0.00027,0.00081,0.00034,0.00028,-0.00087,-0.00015,0.00015,0.00218,0.00039,0.00021,0.0003,-4e-05,-9e-05,-2e-05,-0.00056
9.26,-0.00022,-0.00027,3e-05,0.00035,-2e-05,-2e-05,2e-05,0.0066,-9e-05,-0.00264,-0.00726,0.00083,0.00056,-0.00026,6e-05,0.00025,0.00027,0.00025,0.00013,0.00025,0.00084,0.00038,0.00029,-0.00088,-0.00017,0.00015,0.00219,0.00036,0.00028,0.00026,-9e-05,-0.00016,-2e-05,-0.00071
9.28,-0.00021,-0.00025,3e-05,0.00036,-0,-1e-05,2e-05,0.00596,-0.0001,-0.00264,-0.00728,0.00083,0.00056,-0.00029,6e-05,0.0003,0.00027,0.00018,0.00016,0.00025,0.00086,0.00042,0.00029,-0.00089,-0.00018,0.00015,0.00221,0.00034,0.00036,0.00022,-0.00014,-0.00023,-3e-05,-0.0009
9.3,-0.00021,-0.00024,3e-05,0.00037,1e-05,-0,2e-05,0.00539,-0.0001,-0.00264,-0.00727,0.00083,0.00056,-0.00031,6e-05,0.00036,0.00027,9e-05,0.0002,0.00023,0.00089,0.00045,0.0003,-0.00091,-0.00019,0.00015,0.0022,0.00033,0.00042,0.00018,-0.0002,-0.00028,-4e-05,-0.00102
9.32,-0.00021,-0.00024,4e-05,0.00038,2e-05,1e-05,1e-05,0.00493,-0.00011,-0.00264,-0.00717,0.00083,0.00056,-0.00032,7e-05,0.00043,0.0003,-8e-05,0.00027,0.00018,0.00095,0.00045,0.0003,-0.00098,-0.00019,0.00015,0.00214,0.00034,0.00041,0.00012,-0.00027,-0.00031,-4e-05,-0.00096
9.34,-0.00021,-0.00025,5e-05,0.00038,1e-05,1e-05,1e-05,0.00452,-0.00013,-0.00264,-0.00704,0.00083,0.00056,-0.00033,7e-05,0.00051,0.00033,-0.00023,0.00034,0.00012,0.00101,0.00045,0.00031,-0.00106,-0.00018,0.00015,0.00205,0.00036,0.00039,6e-05,-0.00036,-0.00032,-4e-05,-0.00083
9.36,-0.00022,-0.00025,6e-05,0.00039,1e-05,1e-05,0,0.00415,-0.00014,-0.00264,-0.00692,0.00083,0.00056,-0.00034,8e-05,0.00058,0.00036,-0.00031,0.00038,7e-05,0.00108,0.00044,0.00031,-0.00114,-0.00018,0.00015,0.00198,0.00037,0.00037,1e-05,-0.00043,-0.00033,-4e-05,-0.00073
9.38,-0.00022,-0.00026,7e-05,0.0004,1e-05,1e-05,-0,0.0038,-0.00015,-0.00264,-0.00681,0.00083,0.00056,-0.00034,8e-05,0.00066,0.00038,-0.00037,0.00041,2e-05,0.00114,0.00044,0.00031,-0.00123,-0.00017,0.00015,0.00191,0.00038,0.00036,-4e-05,-0.0005,-0.00035,-4e-05,-0.00064
9.4,-0.00022,-0.00026,8e-05,0.00041,0,2e-05,-1e-05,0.00352,-0.00016,-0.00264,-0.0067,0.00083,0.00056,-0.00034,8e-05,0.00074,0.00041,-0.00038,0.00042,-1e-05,0.00121,0.00044,0.0003,-0.00131,-0.00017,0.00016,0.00184,0.00039,0.00034,-9e-05,-0.00057,-0.00035,-4e-05,-0.00054
9.42,-0.00022,-0.00029,0.0001,0.00041,-1e-05,2e-05,-2e-05,0.00336,-0.00017,-0.00264,-0.0066,0.00083,0.00056,-0.00033,8e-05,0.00085,0.00046,-0.00025,0.00038,-4e-05,0.00127,0.0004,0.00029,-0.00139,-0.00018,0.00016,0.00173,0.00042,0.00028,-0.00011,-0.00066,-0.00034,-3e-05,-0.0004
9.44,-0.00021,-0.00033,0.00012,0.0004,-2e-05,1e-05,-2e-05,0.00326,-0.00018,-0.00264,-0.00652,0.00083,0.00056,-0.00033,8e-05,0.00099,0.00051,-0.0001,0.00033,-6e-05,0.00133,0.00036,0.00028,-0.00146,-0.00018,0.00016,0.00162,0.00045,0.00022,-0.00013,-0.00078,-0.00031,-2e-05,-0.00025
9.46,-0.00021,-0.00036,0.00013,0.0004,-3e-05,1e-05,-3e-05,0.00314,-0.00018,-0.00264,-0.00643,0.00083,0.00056,-0.00032,7e-05,0.00116,0.00056,1e-05,0.00028,-8e-05,0.0014,0.00033,0.00026,-0.00153,-0.00019,0.00016,0.00152,0.00048,0.00017,-0.00016,-0.00093,-0.00029,-2e-05,-0.00012
9.48,-0.0002,-0.00039,0.00015,0.0004,-4e-05,1e-05,-3e-05,0.00302,-0.00019,-0.00264,-0.00634,0.00083,0.00056,-0.00032,7e-05,0.00143,0.00062,0.00011,0.00025,-9e-05,0.00147,0.00029,0.00025,-0.00161,-0.00019,0.00016,0.00142,0.0005,0.00011,-0.00018,-0.00113,-0.00027,-1e-05,2e-05
9.5,-0.0002,-0.00041,0.00016,0.00041,-5e-05,1e-05,-4e-05,0.00294,-0.0002,-0.00264,-0.00627,0.00083,0.00056,-0.00032,6e-05,0.00169,0.00067,0.00017,0.00021,-0.0001,0.00153,0.00026,0.00022,-0.00167,-0.0002,0.00016,0.00134,0.00052,6e-05,-0.0002,-0.00136,-0.00026,-1e-05,0.00012
9.52,-0.0002,-0.00043,0.00017,0.00044,-6e-05,1e-05,-4e-05,0.00298,-0.0002,-0.00264,-0.00624,0.00083,0.00056,-0.00032,5e-05,0.00163,0.00067,0.00016,0.00018,-9e-05,0.00153,0.00026,0.00016,-0.00163,-0.00022,0.00016,0.00133,0.00053,1e-05,-0.00024,-0.00148,-0.00027,-1e-05,8e-05
9.54,-0.00021,-0.00043,0.00017,0.00048,-6e-05,1e-05,-5e-05,0.00306,-0.0002,-0.00264,-0.00623,0.00083,0.00056,-0.00032,5e-05,0.00145,0.00065,0.00013,0.00015,-7e-05,0.00152,0.00028,9e-05,-0.00156,-0.00024,0.00016,0.00135,0.00054,-3e-05,-0.00028,-0.00156,-0.00029,-2e-05,-1e-05
9.56,-0.00021,-0.00044,0.00017,0.00051,-6e-05,1e-05,-5e-05,0.00312,-0.0002,-0.00264,-0.00621,0.00083,0.00055,-0.00033,4e-05,0.00135,0.00064,0.00011,0.00014,-5e-05,0.00152,0.00029,3e-05,-0.0015,-0.00026,0.00016,0.00136,0.00054,-7e-05,-0.00032,-0.00167,-0.0003,-2e-05,-7e-05
9.58,-0.00021,-0.00046,0.00018,0.00054,-6e-05,1e-05,-5e-05,0.00318,-0.0002,-0.00264,-0.00619,0.00083,0.00055,-0.00034,4e-05,0.00124,0.00063,8e-05,0.00012,-4e-05,0.00152,0.00029,-3e-05,-0.00146,-0.00028,0.00017,0.00137,0.00055,-0.00012,-0.00037,-0.00182,-0.00033,-3e-05,-0.00013
9.6,-0.00022,-0.00046,0.00018,0.00058,-6e-05,1e-05,-5e-05,0.00324,-0.0002,-0.00264,-0.00618,0.00083,0.00055,-0.00036,3e-05,0.00117,0.00062,7e-05,0.00011,-3e-05,0.00151,0.00031,-8e-05,-0.00139,-0.00029,0.00017,0.00139,0.00056,-0.00015,-0.00041,-0.00194,-0.00033,-3e-05,-0.00021
9.62,-0.00023,-0.00043,0.00017,0.00063,-5e-05,1e-05,-6e-05,0.00327,-0.00019,-0.00264,-0.00621,0.00083,0.00055,-0.00039,3e-05,0.00117,0.00057,6e-05,0.00011,-3e-05,0.00147,0.00037,-0.00015,-0.00127,-0.00031,0.00017,0.00146,0.00058,-0.00012,-0.00043,-0.00195,-0.00027,-2e-05,-0.00029
9.64,-0.00024,-0.00038,0.00016,0.00069,-3e-05,2e-05,-6e-05,0.00331,-0.00018,-0.00264,-0.00626,0.00083,0.00056,-0.00043,3e-05,0.00121,0.00052,6e-05,0.00012,-3e-05,0.00141,0.00044,-0.00021,-0.00115,-0.00033,0.00018,0.00155,0.00061,-6e-05,-0.00046,-0.00191,-0.0002,-2e-05,-0.00039
9.66,-0.00025,-0.00035,0.00016,0.00076,-2e-05,3e-05,-5e-05,0.00334,-0.00017,-0.00264,-0.00629,0.00083,0.00056,-0.00047,4e-05,0.00123,0.00047,6e-05,0.00012,-3e-05,0.00136,0.00051,-0.00027,-0.00103,-0.00034,0.00018,0.00162,0.00063,-2e-05,-0.00048,-0.0019,-0.00014,-1e-05,-0.00048
9.68,-0.00026,-0.00031,0.00015,0.00083,-1e-05,3e-05,-5e-05,0.00338,-0.00017,-0.00264,-0.00632,0.00083,0.00056,-0.00051,4e-05,0.00126,0.00044,7e-05,0.00012,-3e-05,0.00132,0.00058,-0.00033,-0.00094,-0.00036,0.00018,0.0017,0.00066,2e-05,-0.00051,-0.0019,-8e-05,-1e-05,-0.00057
9.7,-0.00027,-0.00028,0.00015,0.00091,-0,4e-05,-5e-05,0.00339,-0.00016,-0.00264,-0.00637,0.00083,0.00056,-0.00056,5e-05,0.0013,0.00041,7e-05,0.00011,-4e-05,0.00127,0.00064,-0.00039,-0.00083,-0.00037,0.00019,0.00178,0.00069,6e-05,-0.00054,-0.00188,-4e-05,-0,-0.00065
9.72,-0.00028,-0.00027,0.00015,0.00098,1e-05,4e-05,-5e-05,0.00334,-0.00015,-0.00264,-0.00644,0.00083,0.00056,-0.00062,6e-05,0.00136,0.00039,8e-05,0.0001,-5e-05,0.00119,0.00069,-0.00045,-0.00072,-0.00035,0.00018,0.00187,0.0007,0.00011,-0.00056,-0.00176,-6e-05,-1e-05,-0.00075
9.74,-0.00029,-0.00026,0.00014,0.00106,3e-05,5e-05,-4e-05,0.00327,-0.00014,-0.00264,-0.00652,0.00083,0.00056,-0.00068,8e-05,0.00142,0.00038,8e-05,8e-05,-6e-05,0.00111,0.00073,-0.00052,-0.0006,-0.00033,0.00018,0.00196,0.00071,0.00016,-0.00058,-0.00162,-0.00011,-1e-05,-0.00084
9.76,-0.00029,-0.00025,0.00014,0.00115,4e-05,5e-05,-4e-05,0.00321,-0.00013,-0.00264,-0.00659,0.00083,0.00056,-0.00075,9e-05,0.00148,0.00038,7e-05,6e-05,-8e-05,0.00104,0.00078,-0.00058,-0.00051,-0.00031,0.00017,0.00205,0.00072,0.00021,-0.0006,-0.00152,-0.00014,-2e-05,-0.00093
9.78,-0.0003,-0.00023,0.00014,0.00125,6e-05,5e-05,-4e-05,0.00316,-0.00013,-0.00264,-0.00668,0.00083,0.00056,-0.00083,0.0001,0.00155,0.00037,7e-05,4e-05,-9e-05,0.00097,0.00083,-0.00066,-0.00043,-0.0003,0.00017,0.00216,0.00073,0.00026,-0.00062,-0.00141,-0.00018,-2e-05,-0.00104
9.8,-0.00031,-0.00023,0.00015,0.00134,7e-05,5e-05,-3e-05,0.00309,-0.00012,-0.00264,-0.00675,0.00083,0.00056,-0.00091,0.00012,0.00161,0.00037,5e-05,2e-05,-0.0001,0.0009,0.00086,-0.00071,-0.00035,-0.00027,0.00017,0.00222,0.00075,0.00031,-0.00065,-0.00135,-0.00021,-2e-05,-0.00112
9.82,-0.00031,-0.00024,0.00018,0.00141,9e-05,5e-05,-3e-05,0.00301,-0.00012,-0.00264,-0.00677,0.00083,0.00056,-0.00097,0.00013,0.00162,0.00037,2e-05,-1e-05,-0.00011,0.00081,0.00086,-0.00066,-0.00028,-0.00022,0.00016,0.00217,0.00078,0.00036,-0.00069,-0.0014,-0.00022,-3e-05,-0.0011
9.84,-0.00031,-0.00026,0.00022,0.00147,0.00011,5e-05,-3e-05,0.00292,-0.00012,-0.00264,-0.00677,0.00083,0.00056,-0.00102,0.00014,0.00161,0.00038,-2e-05,-3e-05,-0.00012,0.00073,0.00085,-0.00058,-0.00022,-0.00017,0.00015,0.00208,0.00082,0.00041,-0.00073,-0.0015,-0.00022,-3e-05,-0.00106
9.86,-0.00031,-0.00027,0.00026,0.00153,0.00013,4e-05,-3e-05,0.00284,-0.00012,-0.00264,-0.00679,0.00083,0.00056,-0.00109,0.00015,0.0016,0.00038,-7e-05,-6e-05,-0.00013,0.00066,0.00084,-0.00052,-0.00017,-0.00012,0.00014,0.00202,0.00086,0.00046,-0.00077,-0.00157,-0.00022,-3e-05,-0.00103
9.88,-0.00031,-0.00028,0.00029,0.00161,0.00015,4e-05,-3e-05,0.00276,-0.00012,-0.00265,-0.0068,0.00083,0.00056,-0.00117,0.00017,0.0016,0.00039,-0.00011,-8e-05,-0.00014,0.00059,0.00084,-0.00046,-0.00014,-7e-05,0.00014,0.00193,0.0009,0.00052,-0.00082,-0.00165,-0.00022,-3e-05,-0.00101
9.9,-0.00031,-0.0003,0.00033,0.00168,0.00017,3e-05,-2e-05,0.00269,-0.00011,-0.00265,-0.00682,0.00083,0.00056,-0.00124,0.00018,0.00159,0.00039,-0.00017,-0.00011,-0.00015,0.00054,0.00083,-0.0004,-0.00012,-4e-05,0.00013,0.0019,0.00094,0.00057,-0.00086,-0.00173,-0.00023,-3e-05,-0.00098
9.92,-0.00031,-0.00032,0.00039,0.00172,0.00019,2e-05,-3e-05,0.00264,-0.00011,-0.00265,-0.00686,0.00083,0.00056,-0.00129,0.00019,0.00156,0.0004,-0.00025,-0.00014,-0.00016,0.00051,0.00078,-0.00032,-0.00012,-5e-05,0.00013,0.00205,0.00097,0.00059,-0.00085,-0.00179,-0.00024,-3e-05,-0.00094
9.94,-0.0003,-0.00034,0.00045,0.00175,0.00021,1e-05,-3e-05,0.0026,-0.0001,-0.00265,-0.0069,0.00083,0.00056,-0.00133,0.0002,0.00153,0.00041,-0.00033,-0.00016,-0.00017,0.00049,0.00072,-0.00025,-0.00014,-8e-05,0.00013,0.00225,0.00099,0.0006,-0.00083,-0.00184,-0.00025,-3e-05,-0.00089
9.96,-0.0003,-0.00036,0.00052,0.00178,0.00024,1e-05,-3e-05,0.00255,-0.0001,-0.00265,-0.00694,0.00083,0.00056,-0.00138,0.00021,0.00149,0.00042,-0.0004,-0.00018,-0.00018,0.00047,0.00067,-0.00018,-0.00015,-0.0001,0.00012,0.00243,0.00102,0.00061,-0.00082,-0.0019,-0.00026,-4e-05,-0.00085
9.98,-0.00029,-0.00038,0.00058,0.00182,0.00026,0,-3e-05,0.00252,-0.0001,-0.00264,-0.00699,0.00083,0.00056,-0.00143,0.00022,0.00148,0.00043,-0.00046,-0.0002,-0.0002,0.00045,0.00063,-0.00012,-0.00017,-0.00012,0.00012,0.00264,0.00104,0.00063,-0.0008,-0.00196,-0.00027,-4e-05,-0.00081
10,-0.00029,-0.00039,0.00064,0.00186,0.00028,-0,-3e-05,0.00247,-0.0001,-0.00264,-0.00703,0.00083,0.00056,-0.00149,0.00023,0.00142,0.00044,-0.00051,-0.00021,-0.00021,0.00044,0.00058,-8e-05,-0.00019,-0.00014,0.00012,0.00281,0.00107,0.00064,-0.00079,-0.002,-0.00028,-4e-05,-0.00078
10.02,-0.00027,-0.0004,0.00071,0.0019,0.00031,-0,-3e-05,0.00241,-9e-05,-0.00264,-0.00706,0.00083,0.00055,-0.00159,0.00024,0.00125,0.00048,-0.00057,-0.00022,-0.00021,0.00043,0.00052,-7e-05,-0.00023,-0.00015,0.00013,0.00282,0.00107,0.00065,-0.00077,-0.00197,-0.0003,-4e-05,-0.00079
10.04,-0.00026,-0.00041,0.00077,0.00194,0.00035,-0,-3e-05,0.00235,-9e-05,-0.00264,-0.00709,0.00083,0.00055,-0.0017,0.00025,0.00107,0.00053,-0.00062,-0.00022,-0.00022,0.00043,0.00046,-8e-05,-0.00027,-0.00017,0.00013,0.00278,0.00107,0.00066,-0.00075,-0.00192,-0.00032,-5e-05,-0.00081
10.06,-0.00025,-0.00041,0.00084,0.00199,0.00038,-0,-2e-05,0.00229,-9e-05,-0.00264,-0.00712,0.00082,0.00054,-0.00181,0.00026,0.00093,0.00057,-0.00064,-0.0002,-0.00023,0.00042,0.00041,-9e-05,-0.00031,-0.00018,0.00013,0.00276,0.00108,0.00067,-0.00073,-0.00188,-0.00034,-5e-05,-0.00083
10.08,-0.00024,-0.00042,0.00091,0.00203,0.00042,0,-2e-05,0.00223,-9e-05,-0.00264,-0.00715,0.00082,0.00054,-0.00194,0.00027,0.00081,0.00062,-0.00065,-0.00018,-0.00023,0.00042,0.00035,-9e-05,-0.00035,-0.0002,0.00014,0.00274,0.00108,0.00068,-0.00071,-0.00184,-0.00036,-6e-05,-0.00085
10.1,-0.00023,-0.00043,0.00098,0.00207,0.00045,0,-2e-05,0.00218,-0.0001,-0.00264,-0.00719,0.00082,0.00053,-0.00206,0.00027,0.00073,0.00066,-0.00064,-0.00014,-0.00023,0.00041,0.0003,-9e-05,-0.00039,-0.0002,0.00014,0.0027,0.00108,0.00069,-0.00069,-0.0018,-0.00038,-6e-05,-0.00086
10.12,-0.00022,-0.00043,0.001,0.00209,0.00046,1e-05,-1e-05,0.00214,-0.0001,-0.00263,-0.00725,0.00082,0.00051,-0.00218,0.00026,0.0007,0.00068,-0.00058,-7e-05,-0.00025,0.00041,0.00026,-9e-05,-0.00044,-0.00019,0.00014,0.00265,0.00109,0.0007,-0.00066,-0.00175,-0.0004,-6e-05,-0.00089
10.14,-0.0002,-0.00043,0.001,0.00209,0.00044,2e-05,-1e-05,0.00211,-0.00011,-0.00263,-0.00731,0.00082,0.00049,-0.00228,0.00025,0.0007,0.0007,-0.00051,1e-05,-0.00026,0.00041,0.00024,-8e-05,-0.0005,-0.00017,0.00014,0.00258,0.00109,0.00071,-0.00063,-0.0017,-0.00042,-7e-05,-0.00091
10.16,-0.00019,-0.00043,0.001,0.0021,0.00042,2e-05,-1e-05,0.00208,-0.00011,-0.00262,-0.00737,0.00082,0.00047,-0.00239,0.00025,0.0007,0.00071,-0.00043,9e-05,-0.00027,0.00041,0.00021,-8e-05,-0.00056,-0.00016,0.00014,0.00252,0.00109,0.00072,-0.0006,-0.00165,-0.00044,-7e-05,-0.00093
10.18,-0.00017,-0.00043,0.00103,0.00212,0.00042,3e-05,-0,0.00204,-0.00011,-0.00261,-0.00741,0.00082,0.00046,-0.00254,0.00024,0.00069,0.00073,-0.00038,0.00016,-0.00028,0.00041,0.00018,-8e-05,-0.00062,-0.00015,0.00014,0.00246,0.0011,0.00073,-0.00057,-0.00161,-0.00045,-7e-05,-0.00095
10.2,-0.00016,-0.00043,0.00101,0.00211,0.00042,4e-05,-0,0.00202,-0.00012,-0.0026,-0.00749,0.00081,0.00044,-0.00262,0.00024,0.00071,0.00074,-0.00029,0.00022,-0.00027,0.00041,0.00016,-7e-05,-0.00068,-0.00013,0.00014,0.00239,0.0011,0.00074,-0.00054,-0.00157,-0.00047,-7e-05,-0.00097
10.22,-0.00015,-0.00044,0.00089,0.00205,0.00038,5e-05,-0,0.00203,-0.00012,-0.00256,-0.00766,0.00081,0.00041,-0.00251,0.00024,0.00081,0.00073,-7e-05,0.0003,-0.00021,0.00041,0.00014,-7e-05,-0.00076,-9e-05,0.00014,0.00225,0.00112,0.00075,-0.00049,-0.00155,-0.00048,-7e-05,-0.00097
10.24,-0.00014,-0.00044,0.00075,0.00198,0.00033,5e-05,-0,0.00205,-0.00012,-0.00251,-0.00786,0.00081,0.00038,-0.00233,0.00023,0.00096,0.00072,0.00013,0.00038,-0.00012,0.00041,0.00012,-7e-05,-0.00084,-5e-05,0.00013,0.00209,0.00114,0.00076,-0.00045,-0.00154,-0.00049,-8e-05,-0.00096
10.26,-0.00013,-0.00045,0.00065,0.00192,0.00029,6e-05,-0,0.00207,-0.00012,-0.00247,-0.00804,0.00081,0.00036,-0.0022,0.00023,0.00109,0.00071,0.00025,0.00042,-5e-05,0.00041,0.00011,-7e-05,-0.00093,-1e-05,0.00013,0.00195,0.00116,0.00077,-0.0004,-0.00153,-0.0005,-8e-05,-0.00095
10.28,-0.00012,-0.00045,0.00055,0.00185,0.00024,7e-05,-1e-05,0.00209,-0.00012,-0.00242,-0.00824,0.0008,0.00034,-0.00207,0.00024,0.00125,0.0007,0.00034,0.00046,1e-05,0.00041,9e-05,-7e-05,-0.00103,3e-05,0.00012,0.00181,0.00118,0.00078,-0.00036,-0.00151,-0.00051,-8e-05,-0.00095
10.3,-0.00011,-0.00045,0.0005,0.00181,0.00021,7e-05,-1e-05,0.00209,-0.00012,-0.00238,-0.00841,0.0008,0.00033,-0.00196,0.00025,0.0014,0.00067,0.00038,0.00046,7e-05,0.00041,8e-05,-7e-05,-0.00114,6e-05,0.00012,0.00168,0.0012,0.00078,-0.00031,-0.0015,-0.00052,-8e-05,-0.00094
10.32,-0.0001,-0.00045,0.00053,0.00182,0.00021,7e-05,-1e-05,0.00206,-0.00012,-0.00237,-0.00846,0.00081,0.00034,-0.00191,0.00028,0.00146,0.00062,0.0003,0.0004,8e-05,0.00041,9e-05,-9e-05,-0.00123,9e-05,0.00012,0.00157,0.00124,0.00079,-0.00027,-0.0015,-0.00053,-8e-05,-0.0009
10.34,-0.0001,-0.00045,0.00059,0.00185,0.00023,7e-05,-2e-05,0.00202,-0.00011,-0.00238,-0.00845,0.00081,0.00036,-0.00187,0.00031,0.00149,0.00055,0.00019,0.00032,7e-05,0.00041,0.00011,-0.00011,-0.00132,0.00011,0.00012,0.00148,0.00127,0.0008,-0.00022,-0.00151,-0.00054,-8e-05,-0.00085
10.36,-9e-05,-0.00045,0.00063,0.00187,0.00026,7e-05,-2e-05,0.00199,-0.00011,-0.00238,-0.00847,0.00081,0.00038,-0.00183,0.00034,0.00153,0.00049,0.00011,0.00025,7e-05,0.00042,0.00013,-0.00013,-0.00143,0.00013,0.00011,0.00138,0.00131,0.00081,-0.00017,-0.00151,-0.00055,-8e-05,-0.0008
10.38,-8e-05,-0.00045,0.00069,0.0019,0.00029,7e-05,-2e-05,0.00196,-0.0001,-0.00237,-0.0085,0.00081,0.00039,-0.0018,0.00037,0.00158,0.00044,3e-05,0.00019,7e-05,0.00042,0.00015,-0.00014,-0.00156,0.00016,0.00011,0.00128,0.00135,0.00081,-0.00013,-0.00152,-0.00057,-8e-05,-0.00076
10.4,-7e-05,-0.00045,0.00073,0.00192,0.00031,7e-05,-2e-05,0.00193,-0.0001,-0.00238,-0.00849,0.00082,0.00041,-0.00175,0.0004,0.00162,0.00037,-2e-05,0.00013,7e-05,0.00042,0.00017,-0.00016,-0.00167,0.00017,0.00011,0.0012,0.00138,0.00082,-9e-05,-0.00152,-0.00058,-7e-05,-0.0007
10.42,-5e-05,-0.00046,0.00073,0.00191,0.00032,7e-05,-2e-05,0.00195,-0.0001,-0.00242,-0.00833,0.00082,0.00045,-0.00164,0.00043,0.00168,0.00028,-5e-05,8e-05,7e-05,0.00042,0.0002,-0.00017,-0.00169,0.00017,0.00011,0.00117,0.00141,0.00082,-5e-05,-0.00149,-0.00059,-7e-05,-0.00062
10.44,-3e-05,-0.00046,0.00072,0.0019,0.00032,7e-05,-2e-05,0.00198,-0.0001,-0.00249,-0.00812,0.00082,0.0005,-0.00152,0.00046,0.00174,0.00019,-6e-05,4e-05,7e-05,0.00043,0.00024,-0.00017,-0.00167,0.00015,0.00011,0.00115,0.00144,0.00081,-2e-05,-0.00146,-0.00061,-7e-05,-0.00053
10.46,-2e-05,-0.00046,0.00072,0.0019,0.00032,6e-05,-2e-05,0.00201,-0.0001,-0.00254,-0.00795,0.00083,0.00054,-0.00142,0.00048,0.00181,0.00011,-6e-05,1e-05,7e-05,0.00043,0.00027,-0.00017,-0.00167,0.00014,0.00011,0.00112,0.00147,0.0008,1e-05,-0.00143,-0.00062,-7e-05,-0.00045
10.48,0,-0.00047,0.00071,0.00188,0.00032,6e-05,-3e-05,0.00204,-0.0001,-0.0026,-0.00777,0.00083,0.00059,-0.00132,0.00051,0.00189,4e-05,-6e-05,-2e-05,7e-05,0.00044,0.0003,-0.00017,-0.00167,0.00013,0.00012,0.00109,0.00149,0.0008,4e-05,-0.00141,-0.00064,-7e-05,-0.00036
10.5,1e-05,-0.00047,0.00072,0.00189,0.00032,6e-05,-3e-05,0.00206,-0.0001,-0.00265,-0.00762,0.00083,0.00062,-0.00123,0.00053,0.00195,-2e-05,-4e-05,-4e-05,7e-05,0.00044,0.00033,-0.00018,-0.00166,0.00012,0.00012,0.00108,0.00152,0.00079,7e-05,-0.00137,-0.00065,-6e-05,-0.00028
10.52,1e-05,-0.00048,0.00079,0.00196,0.00034,5e-05,-3e-05,0.00207,-0.0001,-0.00266,-0.00755,0.00083,0.00061,-0.00121,0.00054,0.00199,-8e-05,-2e-05,-7e-05,7e-05,0.00046,0.00034,-0.00018,-0.00161,0.00014,0.00012,0.00113,0.00153,0.00076,0.0001,-0.0013,-0.00067,-6e-05,-0.00025
10.54,1e-05,-0.00049,0.00089,0.00207,0.00036,4e-05,-3e-05,0.00207,-9e-05,-0.00265,-0.0075,0.00083,0.0006,-0.00119,0.00055,0.00202,-0.00013,1e-05,-9e-05,7e-05,0.00048,0.00035,-0.00017,-0.00155,0.00016,0.00011,0.0012,0.00153,0.00072,0.00013,-0.00122,-0.00069,-6e-05,-0.00023
10.56,1e-05,-0.0005,0.00097,0.00216,0.00038,3e-05,-4e-05,0.00208,-9e-05,-0.00265,-0.00744,0.00083,0.00059,-0.00116,0.00055,0.00205,-0.00017,3e-05,-0.00011,7e-05,0.00049,0.00035,-0.00017,-0.0015,0.00018,0.00011,0.00126,0.00153,0.00069,0.00016,-0.00115,-0.0007,-6e-05,-0.00021
10.58,0,-0.00051,0.00108,0.00228,0.0004,2e-05,-4e-05,0.00208,-9e-05,-0.00265,-0.00738,0.00083,0.00058,-0.00115,0.00056,0.00208,-0.00021,5e-05,-0.00012,7e-05,0.00051,0.00036,-0.00017,-0.00145,0.00019,0.00011,0.00133,0.00153,0.00066,0.0002,-0.00108,-0.00072,-6e-05,-0.00018
10.6,0,-0.00052,0.00117,0.00236,0.00042,1e-05,-4e-05,0.00209,-9e-05,-0.00265,-0.00734,0.00083,0.00058,-0.0011,0.00056,0.00212,-0.00024,7e-05,-0.00013,7e-05,0.00053,0.00036,-0.00016,-0.00141,0.00021,0.00011,0.00138,0.00152,0.00062,0.00022,-0.001,-0.00073,-6e-05,-0.00015
10.62,1e-05,-0.00054,0.00121,0.00232,0.00043,0,-4e-05,0.00214,-9e-05,-0.00265,-0.00737,0.00083,0.00057,-0.00098,0.00054,0.00214,-0.00028,7e-05,-0.00014,6e-05,0.00055,0.00036,-0.00013,-0.00141,0.00021,0.0001,0.00142,0.00149,0.00057,0.00023,-0.0009,-0.00072,-5e-05,-9e-05
10.64,1e-05,-0.00058,0.00124,0.00225,0.00044,-1e-05,-5e-05,0.0022,-9e-05,-0.00265,-0.00743,0.00083,0.00057,-0.00085,0.0005,0.00217,-0.00032,7e-05,-0.00013,5e-05,0.00058,0.00035,-0.0001,-0.00142,0.0002,0.0001,0.00144,0.00145,0.00052,0.00023,-0.0008,-0.00071,-4e-05,-3e-05
10.66,2e-05,-0.00061,0.00128,0.00221,0.00045,-2e-05,-5e-05,0.00225,-9e-05,-0.00264,-0.00746,0.00083,0.00056,-0.00074,0.00047,0.00219,-0.00035,6e-05,-0.00013,4e-05,0.00061,0.00035,-7e-05,-0.00142,0.0002,0.0001,0.00147,0.00141,0.00048,0.00023,-0.0007,-0.00069,-3e-05,4e-05
10.68,2e-05,-0.00064,0.00132,0.00215,0.00046,-3e-05,-5e-05,0.00231,-9e-05,-0.00264,-0.00751,0.00083,0.00056,-0.00065,0.00044,0.00222,-0.00038,6e-05,-0.00013,3e-05,0.00063,0.00035,-5e-05,-0.00142,0.0002,0.0001,0.0015,0.00138,0.00043,0.00024,-0.00062,-0.00068,-3e-05,9e-05
10.7,3e-05,-0.00066,0.00136,0.00211,0.00046,-4e-05,-5e-05,0.00236,-9e-05,-0.00264,-0.00754,0.00083,0.00056,-0.00057,0.00041,0.00224,-0.00041,5e-05,-0.00013,2e-05,0.00066,0.00035,-2e-05,-0.00143,0.00019,0.0001,0.00152,0.00133,0.00039,0.00024,-0.00054,-0.00066,-2e-05,0.00016
10.72,3e-05,-0.00067,0.00144,0.00212,0.00048,-4e-05,-6e-05,0.00238,-9e-05,-0.00264,-0.0075,0.00083,0.00056,-0.00052,0.00037,0.00225,-0.00043,4e-05,-0.00013,2e-05,0.0007,0.00035,2e-05,-0.00148,0.00017,0.00011,0.0015,0.00121,0.00035,0.00023,-0.00041,-0.00061,-0,0.00033
10.74,4e-05,-0.00067,0.00154,0.00215,0.00049,-4e-05,-6e-05,0.00239,-9e-05,-0.00264,-0.00745,0.00083,0.00056,-0.00049,0.00033,0.00225,-0.00044,3e-05,-0.00013,1e-05,0.00073,0.00037,7e-05,-0.00154,0.00016,0.00011,0.00147,0.00108,0.00031,0.00021,-0.0003,-0.00055,1e-05,0.00051
10.76,5e-05,-0.00067,0.00163,0.00217,0.0005,-4e-05,-6e-05,0.00241,-9e-05,-0.00264,-0.0074,0.00083,0.00056,-0.00045,0.0003,0.00226,-0.00046,2e-05,-0.00013,1e-05,0.00077,0.00038,0.0001,-0.0016,0.00014,0.00011,0.00145,0.00097,0.00027,0.00019,-0.00022,-0.00051,2e-05,0.00068
10.78,6e-05,-0.00068,0.00174,0.00219,0.00051,-4e-05,-6e-05,0.00243,-9e-05,-0.00264,-0.00735,0.00083,0.00056,-0.00042,0.00027,0.00226,-0.00048,1e-05,-0.00013,0,0.00081,0.00039,0.00014,-0.00165,0.00012,0.00012,0.00142,0.00088,0.00023,0.00018,-0.00015,-0.00046,4e-05,0.00087
10.8,6e-05,-0.00068,0.00184,0.00221,0.00052,-4e-05,-6e-05,0.00244,-9e-05,-0.00264,-0.00731,0.00083,0.00056,-0.0004,0.00025,0.00226,-0.0005,0,-0.00012,-0,0.00085,0.0004,0.00018,-0.0017,0.0001,0.00012,0.0014,0.00079,0.00019,0.00017,-0.00011,-0.00042,5e-05,0.00101
10.82,7e-05,-0.00068,0.00192,0.00222,0.00053,-4e-05,-6e-05,0.00247,-9e-05,-0.00264,-0.00729,0.00083,0.00056,-0.00039,0.00023,0.00226,-0.0005,-1e-05,-0.00012,-0,0.00088,0.0004,0.00021,-0.00175,9e-05,0.00013,0.00136,0.00071,0.00018,0.00016,-8e-05,-0.00038,4e-05,0.00099
10.84,8e-05,-0.00068,0.00199,0.00223,0.00053,-4e-05,-5e-05,0.00251,-9e-05,-0.00264,-0.00728,0.00083,0.00056,-0.00039,0.00021,0.00226,-0.00048,-2e-05,-0.0001,-1e-05,0.00092,0.0004,0.00025,-0.00179,7e-05,0.00013,0.00132,0.00065,0.00018,0.00015,-7e-05,-0.00035,3e-05,0.0009
10.86,8e-05,-0.00068,0.00206,0.00225,0.00053,-4e-05,-5e-05,0.00254,-9e-05,-0.00264,-0.00726,0.00083,0.00056,-0.00038,0.0002,0.00225,-0.00047,-4e-05,-0.0001,-1e-05,0.00095,0.00041,0.00028,-0.00183,5e-05,0.00014,0.00129,0.00059,0.00017,0.00014,-7e-05,-0.00033,2e-05,0.00084
10.88,9e-05,-0.00068,0.00215,0.00226,0.00054,-4e-05,-5e-05,0.00258,-9e-05,-0.00264,-0.00724,0.00083,0.00056,-0.00038,0.00019,0.00225,-0.00046,-5e-05,-9e-05,-1e-05,0.00099,0.00041,0.00032,-0.00189,3e-05,0.00014,0.00125,0.00054,0.00016,0.00014,-7e-05,-0.00029,2e-05,0.0008
10.9,0.0001,-0.00068,0.00222,0.00227,0.00054,-4e-05,-5e-05,0.00261,-9e-05,-0.00264,-0.00724,0.00083,0.00056,-0.00038,0.00019,0.00224,-0.00044,-7e-05,-9e-05,-2e-05,0.00103,0.00041,0.00035,-0.00192,1e-05,0.00014,0.00122,0.0005,0.00016,0.00012,-9e-05,-0.00028,1e-05,0.00072
10.92,0.0001,-0.00067,0.00221,0.00227,0.00054,-4e-05,-5e-05,0.00262,-9e-05,-0.00264,-0.00729,0.00083,0.00056,-0.00039,0.00019,0.00224,-0.00042,-8e-05,-8e-05,-3e-05,0.00104,0.00043,0.00036,-0.00189,0,0.00014,0.00125,0.00049,0.00017,9e-05,-0.00014,-0.00029,-0,0.00052
10.94,0.00011,-0.00066,0.00218,0.00227,0.00054,-3e-05,-4e-05,0.00263,-9e-05,-0.00264,-0.00736,0.00083,0.00056,-0.00041,0.0002,0.00223,-0.00038,-0.0001,-8e-05,-3e-05,0.00105,0.00044,0.00037,-0.00184,-1e-05,0.00014,0.0013,0.00048,0.00019,6e-05,-0.00019,-0.00032,-1e-05,0.0003
10.96,0.00012,-0.00065,0.00217,0.00227,0.00054,-3e-05,-4e-05,0.00264,-9e-05,-0.00264,-0.00742,0.00083,0.00056,-0.00043,0.00021,0.00222,-0.00034,-0.00011,-8e-05,-4e-05,0.00106,0.00046,0.00038,-0.0018,-2e-05,0.00014,0.00133,0.00048,0.0002,2e-05,-0.00023,-0.00034,-2e-05,0.00011
10.98,0.00012,-0.00063,0.00215,0.00227,0.00054,-3e-05,-4e-05,0.00265,-9e-05,-0.00264,-0.00749,0.00083,0.00056,-0.00044,0.00022,0.00222,-0.0003,-0.00013,-7e-05,-5e-05,0.00107,0.00047,0.00039,-0.00176,-4e-05,0.00014,0.00137,0.00047,0.00022,-1e-05,-0.00028,-0.00036,-3e-05,-0.00012
11,0.00013,-0.00062,0.00214,0.00227,0.00054,-3e-05,-4e-05,0.00266,-9e-05,-0.00264,-0.00755,0.00083,0.00056,-0.00046,0.00023,0.00221,-0.00024,-0.00014,-7e-05,-5e-05,0.00109,0.00048,0.0004,-0.00173,-5e-05,0.00014,0.00141,0.00047,0.00023,-4e-05,-0.00033,-0.00037,-4e-05,-0.00027
11.02,0.00014,-0.00063,0.00217,0.00229,0.00055,-2e-05,-3e-05,0.00268,-9e-05,-0.00264,-0.00757,0.00083,0.00056,-0.0005,0.00026,0.0022,-0.00015,-0.00016,-7e-05,-7e-05,0.00111,0.00048,0.00041,-0.00171,-6e-05,0.00014,0.00143,0.00047,0.00022,-7e-05,-0.00039,-0.00037,-3e-05,-0.00022
11.04,0.00015,-0.00064,0.00222,0.00231,0.00055,-2e-05,-3e-05,0.0027,-8e-05,-0.00264,-0.00758,0.00083,0.00056,-0.00054,0.00028,0.00218,-5e-05,-0.00018,-7e-05,-8e-05,0.00113,0.00047,0.00042,-0.0017,-8e-05,0.00014,0.00144,0.00048,0.00021,-0.00011,-0.00047,-0.00036,-3e-05,-0.0001
11.06,0.00016,-0.00065,0.00226,0.00233,0.00056,-1e-05,-2e-05,0.00271,-8e-05,-0.00264,-0.0076,0.00083,0.00056,-0.00059,0.00031,0.00216,4e-05,-0.00019,-7e-05,-9e-05,0.00115,0.00047,0.00044,-0.00169,-9e-05,0.00014,0.00146,0.00049,0.0002,-0.00014,-0.00054,-0.00035,-2e-05,-2e-05
11.08,0.00016,-0.00065,0.00231,0.00236,0.00056,-1e-05,-1e-05,0.00274,-8e-05,-0.00264,-0.00762,0.00083,0.00056,-0.00062,0.00033,0.00215,0.00011,-0.00019,-7e-05,-0.00011,0.00117,0.00047,0.00045,-0.00168,-0.0001,0.00014,0.00148,0.0005,0.00019,-0.00017,-0.00061,-0.00034,-2e-05,6e-05
11.1,0.00017,-0.00066,0.00233,0.00237,0.00055,-0,-0,0.00274,-8e-05,-0.00264,-0.00764,0.00083,0.00056,-0.00067,0.00035,0.00212,0.00019,-0.00019,-6e-05,-0.00012,0.0012,0.00046,0.00046,-0.00168,-0.00012,0.00015,0.00149,0.0005,0.00017,-0.0002,-0.00069,-0.00033,-1e-05,0.00014
11.12,0.00018,-0.00067,0.00226,0.00236,0.00054,1e-05,1e-05,0.00265,-8e-05,-0.00264,-0.00762,0.00083,0.00056,-0.00075,0.00039,0.00206,0.0003,-0.00018,-6e-05,-0.00012,0.00123,0.00045,0.00047,-0.00167,-0.00014,0.00015,0.0015,0.00051,0.00017,-0.00022,-0.00079,-0.0003,-1e-05,0.00025
11.14,0.00019,-0.00068,0.00216,0.00234,0.00053,2e-05,2e-05,0.00253,-8e-05,-0.00264,-0.0076,0.00083,0.00056,-0.00084,0.00043,0.002,0.00039,-0.00017,-5e-05,-0.00012,0.00126,0.00043,0.00048,-0.00167,-0.00016,0.00015,0.00151,0.00053,0.00016,-0.00024,-0.00091,-0.00027,-0,0.00036
11.16,0.00019,-0.00069,0.00208,0.00233,0.00052,3e-05,2e-05,0.00243,-9e-05,-0.00264,-0.00759,0.00083,0.00056,-0.00094,0.00046,0.00194,0.00045,-0.00014,-4e-05,-0.00013,0.00128,0.00042,0.00049,-0.00167,-0.00018,0.00016,0.00151,0.00054,0.00015,-0.00026,-0.00105,-0.00024,0,0.00045
11.18,0.0002,-0.0007,0.00202,0.00232,0.00052,4e-05,3e-05,0.00233,-9e-05,-0.00264,-0.00757,0.00083,0.00056,-0.00106,0.0005,0.00188,0.0005,-0.00012,-3e-05,-0.00013,0.00131,0.00041,0.0005,-0.00167,-0.0002,0.00016,0.00152,0.00055,0.00014,-0.00028,-0.00123,-0.00021,1e-05,0.00058
11.2,0.0002,-0.00071,0.00191,0.00229,0.00051,4e-05,3e-05,0.00224,-9e-05,-0.00264,-0.00756,0.00083,0.00056,-0.00117,0.00053,0.00183,0.00055,-9e-05,-1e-05,-0.00014,0.00134,0.0004,0.0005,-0.00166,-0.00022,0.00017,0.00153,0.00055,0.00013,-0.0003,-0.00143,-0.00019,1e-05,0.00065
11.22,0.00021,-0.00069,0.00166,0.00223,0.00047,4e-05,3e-05,0.0022,-9e-05,-0.00264,-0.00754,0.00083,0.00056,-0.00119,0.00053,0.00177,0.00056,-5e-05,3e-05,-0.00016,0.00137,0.0004,0.00048,-0.00163,-0.00024,0.00017,0.00153,0.00056,0.00011,-0.00029,-0.00157,-0.00019,1e-05,0.00053
11.24,0.0002,-0.00068,0.0014,0.00215,0.00043,4e-05,2e-05,0.00218,-0.0001,-0.00264,-0.00752,0.00083,0.00056,-0.00117,0.00051,0.00172,0.00055,-1e-05,6e-05,-0.00018,0.00139,0.0004,0.00046,-0.0016,-0.00025,0.00017,0.00152,0.00057,9e-05,-0.00028,-0.0017,-0.0002,-0,0.00035
11.26,0.0002,-0.00066,0.00121,0.00208,0.00039,4e-05,1e-05,0.00215,-0.0001,-0.00264,-0.0075,0.00083,0.00056,-0.00118,0.0005,0.00168,0.00056,3e-05,9e-05,-0.0002,0.00141,0.0004,0.00044,-0.00158,-0.00026,0.00017,0.00152,0.00057,7e-05,-0.00028,-0.00187,-0.0002,-0,0.00021
11.28,0.00021,-0.00065,0.00102,0.00201,0.00034,3e-05,0,0.00212,-0.0001,-0.00264,-0.00748,0.00083,0.00056,-0.00119,0.00049,0.00162,0.00059,7e-05,0.00012,-0.00022,0.00144,0.0004,0.00042,-0.00155,-0.00027,0.00017,0.00152,0.00058,5e-05,-0.00027,-0.00208,-0.0002,-1e-05,5e-05
11.3,0.0002,-0.00063,0.00091,0.00196,0.00031,3e-05,-1e-05,0.0021,-0.0001,-0.00264,-0.00747,0.00083,0.00056,-0.00118,0.00047,0.0016,0.00059,0.0001,0.00013,-0.00024,0.00146,0.00041,0.00039,-0.00151,-0.00028,0.00017,0.00152,0.00059,3e-05,-0.00027,-0.00225,-0.00021,-1e-05,-7e-05
11.32,0.00019,-0.00061,0.00096,0.00198,0.00033,1e-05,-2e-05,0.00211,-0.0001,-0.00264,-0.00748,0.00083,0.00056,-0.00116,0.00041,0.00165,0.00047,0.00015,0.00014,-0.00023,0.00147,0.00042,0.00033,-0.00147,-0.00028,0.00017,0.00155,0.00059,-1e-05,-0.00029,-0.00221,-0.00023,-1e-05,-6e-05
11.34,0.00017,-0.00058,0.00107,0.00202,0.00037,-0,-3e-05,0.00213,-0.0001,-0.00264,-0.00749,0.00083,0.00056,-0.00112,0.00035,0.00172,0.00033,0.00019,0.00014,-0.00021,0.00149,0.00044,0.00027,-0.00142,-0.00028,0.00017,0.0016,0.00059,-5e-05,-0.00032,-0.00209,-0.00026,-1e-05,-2e-05
11.36,0.00016,-0.00056,0.00114,0.00204,0.0004,-1e-05,-4e-05,0.00214,-0.0001,-0.00264,-0.0075,0.00083,0.00056,-0.00109,0.00031,0.00179,0.00023,0.00021,0.00013,-0.0002,0.0015,0.00046,0.00021,-0.00137,-0.00028,0.00017,0.00163,0.0006,-9e-05,-0.00034,-0.00202,-0.00028,-2e-05,1e-05
11.38,0.00014,-0.00054,0.00123,0.00208,0.00042,-2e-05,-4e-05,0.00215,-0.0001,-0.00264,-0.00751,0.00083,0.00056,-0.00107,0.00027,0.00186,0.00016,0.00022,0.00013,-0.00018,0.00151,0.00048,0.00016,-0.00132,-0.00028,0.00017,0.00167,0.0006,-0.00013,-0.00036,-0.00195,-0.0003,-2e-05,5e-05
11.4,0.00013,-0.00052,0.0013,0.0021,0.00044,-2e-05,-4e-05,0.00217,-0.0001,-0.00264,-0.00752,0.00083,0.00056,-0.00104,0.00025,0.00192,0.00011,0.00021,0.00012,-0.00017,0.00152,0.0005,0.0001,-0.00126,-0.00028,0.00017,0.00171,0.00061,-0.00016,-0.00038,-0.00187,-0.00032,-2e-05,6e-05
11.42,0.00011,-0.00048,0.00128,0.0021,0.00044,-1e-05,-3e-05,0.00223,-0.0001,-0.00264,-0.00754,0.00083,0.00056,-0.00099,0.00024,0.00194,8e-05,0.00017,0.00011,-0.00016,0.00148,0.00056,4e-05,-0.00113,-0.00029,0.00017,0.00178,0.00062,-0.00013,-0.00036,-0.00177,-0.0003,-2e-05,-4e-05
11.44,9e-05,-0.00044,0.00123,0.00209,0.00043,-0,-2e-05,0.00231,-0.0001,-0.00264,-0.00757,0.00083,0.00056,-0.00094,0.00024,0.00195,8e-05,0.00011,9e-05,-0.00015,0.00143,0.00062,-2e-05,-0.001,-0.00031,0.00017,0.00187,0.00064,-9e-05,-0.00033,-0.00167,-0.00026,-2e-05,-0.00018
11.46,8e-05,-0.00041,0.00119,0.00208,0.00042,1e-05,-1e-05,0.00237,-0.0001,-0.00264,-0.00759,0.00083,0.00056,-0.0009,0.00025,0.00196,9e-05,5e-05,8e-05,-0.00014,0.00139,0.00068,-7e-05,-0.00088,-0.00032,0.00017,0.00194,0.00065,-6e-05,-0.00031,-0.00158,-0.00024,-2e-05,-0.0003
11.48,6e-05,-0.00038,0.00114,0.00208,0.00041,2e-05,0,0.00246,-0.0001,-0.00264,-0.00762,0.00083,0.00056,-0.00085,0.00025,0.00198,9e-05,-0,8e-05,-0.00013,0.00135,0.00074,-0.00012,-0.00077,-0.00033,0.00018,0.00202,0.00067,-3e-05,-0.00029,-0.0015,-0.00021,-2e-05,-0.00042
11.5,5e-05,-0.00034,0.0011,0.00207,0.0004,3e-05,1e-05,0.0025,-0.0001,-0.00264,-0.00764,0.00083,0.00056,-0.00083,0.00027,0.00198,0.00011,-5e-05,8e-05,-0.00012,0.0013,0.00079,-0.00017,-0.00066,-0.00033,0.00018,0.0021,0.00068,1e-05,-0.00027,-0.00141,-0.00019,-2e-05,-0.00054
11.52,4e-05,-0.00032,0.00108,0.00207,0.00039,5e-05,2e-05,0.00237,-0.00011,-0.00264,-0.00762,0.00083,0.00056,-0.00087,0.00031,0.00197,0.00017,-0.0001,8e-05,-8e-05,0.0012,0.00083,-0.00022,-0.00052,-0.00029,0.00017,0.0022,0.00069,7e-05,-0.00026,-0.00131,-0.0002,-3e-05,-0.00066
11.54,3e-05,-0.00029,0.00105,0.00207,0.00039,6e-05,3e-05,0.00221,-0.00011,-0.00264,-0.0076,0.00083,0.00055,-0.00094,0.00036,0.00194,0.00023,-0.00015,9e-05,-4e-05,0.00109,0.00086,-0.00027,-0.00038,-0.00023,0.00016,0.00231,0.00069,0.00015,-0.00025,-0.0012,-0.00022,-3e-05,-0.00079
11.56,3e-05,-0.00027,0.00102,0.00207,0.00039,7e-05,3e-05,0.00208,-0.00011,-0.00264,-0.0076,0.00082,0.00054,-0.00099,0.0004,0.00192,0.00028,-0.00019,0.0001,-0,0.001,0.00089,-0.00031,-0.00028,-0.00018,0.00015,0.00242,0.0007,0.00021,-0.00025,-0.00112,-0.00024,-3e-05,-0.00091
11.58,2e-05,-0.00024,0.00101,0.00207,0.00039,9e-05,4e-05,0.00194,-0.00011,-0.00264,-0.00756,0.00082,0.00054,-0.00104,0.00043,0.0019,0.00032,-0.00022,0.0001,3e-05,0.00092,0.00093,-0.00036,-0.00019,-0.00014,0.00014,0.00254,0.0007,0.00028,-0.00024,-0.00103,-0.00026,-3e-05,-0.00105
11.6,1e-05,-0.00022,0.00097,0.00206,0.00039,0.0001,3e-05,0.00184,-0.00011,-0.00264,-0.00758,0.00082,0.00053,-0.00108,0.00047,0.00189,0.00035,-0.00024,0.00011,6e-05,0.00083,0.00095,-0.0004,-0.00012,-0.0001,0.00013,0.00264,0.00071,0.00035,-0.00023,-0.00097,-0.00028,-3e-05,-0.00116
11.62,2e-05,-0.00022,0.00085,0.00201,0.00037,0.00011,3e-05,0.00181,-0.00012,-0.00262,-0.00775,0.00082,0.00051,-0.00108,0.0005,0.00188,0.00036,-0.00027,0.00013,0.0001,0.0007,0.00092,-0.00039,-5e-05,-2e-05,0.00011,0.0027,0.00074,0.0004,-0.00025,-0.00098,-0.0003,-4e-05,-0.00119
11.64,3e-05,-0.00023,0.00072,0.00194,0.00033,0.00011,2e-05,0.00181,-0.00012,-0.00261,-0.00797,0.00082,0.0005,-0.00105,0.00052,0.00187,0.00035,-0.0003,0.00014,0.00014,0.00058,0.00088,-0.00037,-1e-05,7e-05,0.0001,0.00274,0.00077,0.00046,-0.00028,-0.001,-0.00032,-4e-05,-0.00119
11.66,4e-05,-0.00024,0.00063,0.00189,0.0003,0.00011,2e-05,0.0018,-0.00012,-0.00259,-0.00816,0.00082,0.00048,-0.00102,0.00054,0.00187,0.00034,-0.0003,0.00014,0.00017,0.00049,0.00084,-0.00036,2e-05,0.00014,8e-05,0.00278,0.00079,0.00051,-0.00029,-0.00101,-0.00035,-5e-05,-0.00121
11.68,5e-05,-0.00024,0.00054,0.00183,0.00027,0.00011,1e-05,0.00178,-0.00012,-0.00258,-0.00837,0.00082,0.00046,-0.001,0.00056,0.00186,0.00033,-0.0003,0.00014,0.0002,0.00041,0.00082,-0.00035,3e-05,0.00022,7e-05,0.00284,0.00082,0.00057,-0.00031,-0.00103,-0.00037,-5e-05,-0.00123
11.7,5e-05,-0.00025,0.00049,0.00179,0.00024,0.0001,0,0.00178,-0.00012,-0.00256,-0.00857,0.00081,0.00045,-0.00096,0.00058,0.00186,0.0003,-0.00027,0.00012,0.00022,0.00035,0.00077,-0.00034,2e-05,0.00027,6e-05,0.00286,0.00085,0.00061,-0.00033,-0.00104,-0.00039,-6e-05,-0.00124
11.72,6e-05,-0.00027,0.00051,0.00179,0.00025,9e-05,-1e-05,0.00177,-0.00012,-0.00254,-0.00872,0.00081,0.00042,-0.00086,0.00058,0.0019,0.0002,-0.00018,7e-05,0.0002,0.00032,0.00068,-0.00032,-2e-05,0.00021,7e-05,0.00275,0.00088,0.00062,-0.00033,-0.00105,-0.00041,-6e-05,-0.00124
11.74,6e-05,-0.0003,0.00056,0.00181,0.00027,7e-05,-1e-05,0.00177,-0.00011,-0.00252,-0.00887,0.00081,0.00039,-0.00074,0.00057,0.00195,9e-05,-7e-05,1e-05,0.00017,0.0003,0.00058,-0.0003,-6e-05,0.00012,9e-05,0.00259,0.0009,0.00062,-0.00032,-0.00105,-0.00043,-7e-05,-0.00123
11.76,6e-05,-0.00032,0.00059,0.00182,0.00029,6e-05,-2e-05,0.00177,-0.0001,-0.0025,-0.00901,0.00081,0.00037,-0.00064,0.00056,0.00199,-0,2e-05,-4e-05,0.00015,0.00028,0.0005,-0.00029,-0.00011,5e-05,0.00011,0.00246,0.00092,0.00063,-0.00032,-0.00106,-0.00045,-7e-05,-0.00123
11.78,6e-05,-0.00034,0.00062,0.00183,0.0003,6e-05,-2e-05,0.00177,-0.0001,-0.00249,-0.00918,0.0008,0.00035,-0.00055,0.00056,0.00204,-8e-05,9e-05,-9e-05,0.00013,0.00027,0.00041,-0.00027,-0.00015,-2e-05,0.00012,0.00232,0.00095,0.00063,-0.00031,-0.00107,-0.00047,-7e-05,-0.00123
11.8,6e-05,-0.00036,0.00066,0.00185,0.00031,5e-05,-2e-05,0.00177,-9e-05,-0.00247,-0.00929,0.0008,0.00034,-0.00044,0.00055,0.00208,-0.00014,0.00014,-0.00014,0.00011,0.00026,0.00033,-0.00027,-0.0002,-8e-05,0.00014,0.00222,0.00098,0.00064,-0.0003,-0.00108,-0.00049,-8e-05,-0.00123
11.82,6e-05,-0.00037,0.00073,0.00188,0.00033,4e-05,-2e-05,0.00176,-9e-05,-0.00243,-0.00929,0.00081,0.00035,-0.0003,0.0005,0.00211,-0.0002,0.00017,-0.00019,9e-05,0.00027,0.00027,-0.00027,-0.00026,-9e-05,0.00014,0.0022,0.00101,0.00065,-0.00029,-0.0011,-0.0005,-8e-05,-0.00122
11.84,6e-05,-0.00038,0.00082,0.00192,0.00035,4e-05,-2e-05,0.00175,-9e-05,-0.00238,-0.00923,0.00081,0.00037,-0.00016,0.00045,0.00214,-0.00025,0.00019,-0.00023,6e-05,0.00028,0.00021,-0.00027,-0.00033,-8e-05,0.00014,0.00221,0.00105,0.00066,-0.00027,-0.00113,-0.00051,-8e-05,-0.0012
11.86,6e-05,-0.00039,0.0009,0.00195,0.00036,4e-05,-2e-05,0.00174,-9e-05,-0.00235,-0.00919,0.00081,0.00038,-5e-05,0.00041,0.00216,-0.00028,0.00018,-0.00027,4e-05,0.0003,0.00016,-0.00028,-0.00039,-8e-05,0.00014,0.0022,0.00109,0.00068,-0.00025,-0.00116,-0.00052,-9e-05,-0.00119
11.88,6e-05,-0.0004,0.00099,0.00199,0.00037,4e-05,-1e-05,0.00173,-9e-05,-0.0023,-0.00918,0.00081,0.00039,3e-05,0.00038,0.00219,-0.0003,0.00017,-0.00029,2e-05,0.0003,0.0001,-0.00029,-0.00045,-8e-05,0.00014,0.00221,0.00114,0.00069,-0.00024,-0.00119,-0.00053,-9e-05,-0.00118
11.9,7e-05,-0.00041,0.00106,0.00201,0.00037,4e-05,-1e-05,0.00173,-9e-05,-0.00227,-0.00911,0.00081,0.00041,0.00011,0.00034,0.00222,-0.0003,0.00013,-0.00031,0,0.00031,6e-05,-0.0003,-0.00051,-8e-05,0.00014,0.00219,0.00118,0.0007,-0.00022,-0.00122,-0.00054,-9e-05,-0.00116
11.92,8e-05,-0.00041,0.00101,0.00199,0.00034,5e-05,-0,0.00175,-9e-05,-0.00233,-0.00887,0.00082,0.00045,0.00018,0.0003,0.00222,-0.00028,5e-05,-0.0003,-1e-05,0.00033,6e-05,-0.00034,-0.00058,-5e-05,0.00013,0.00214,0.00123,0.00073,-0.00019,-0.00125,-0.00055,-9e-05,-0.00111
11.94,9e-05,-0.00041,0.00093,0.00196,0.00031,6e-05,-0,0.00178,-9e-05,-0.00241,-0.00858,0.00082,0.00049,0.00023,0.00026,0.00222,-0.00024,-5e-05,-0.00029,-3e-05,0.00035,9e-05,-0.00038,-0.00066,-2e-05,0.00013,0.00208,0.00128,0.00076,-0.00017,-0.00129,-0.00056,-9e-05,-0.00104
11.96,0.0001,-0.00041,0.00087,0.00193,0.00029,6e-05,-0,0.00181,-9e-05,-0.00247,-0.00833,0.00083,0.00053,0.00026,0.00024,0.00223,-0.0002,-0.00014,-0.00028,-5e-05,0.00037,0.0001,-0.00042,-0.00076,1e-05,0.00012,0.00201,0.00133,0.00079,-0.00014,-0.00132,-0.00057,-9e-05,-0.00098
11.98,0.00011,-0.00041,0.00081,0.0019,0.00027,7e-05,-1e-05,0.00183,-9e-05,-0.00255,-0.00807,0.00083,0.00056,0.00027,0.00022,0.00223,-0.00016,-0.00021,-0.00026,-6e-05,0.00038,0.00012,-0.00045,-0.00087,4e-05,0.00012,0.00199,0.00139,0.00082,-0.00012,-0.00135,-0.00058,-9e-05,-0.00092
12,0.00012,-0.00041,0.00076,0.00187,0.00025,7e-05,-2e-05,0.00187,-0.0001,-0.00261,-0.00787,0.00083,0.00059,0.00027,0.00021,0.00223,-9e-05,-0.00029,-0.00024,-8e-05,0.0004,0.00014,-0.00049,-0.001,6e-05,0.00012,0.00189,0.00144,0.00084,-9e-05,-0.00137,-0.0006,-9e-05,-0.00086
12.02,0.00013,-0.00042,0.00071,0.00185,0.00023,6e-05,-3e-05,0.00195,-0.0001,-0.00262,-0.00785,0.00083,0.00058,0.00025,0.00022,0.00221,2e-05,-0.00035,-0.00021,-0.0001,0.00041,0.00016,-0.00056,-0.00107,6e-05,0.00012,0.00158,0.00149,0.00084,-5e-05,-0.00136,-0.00061,-9e-05,-0.00078
12.04,0.00014,-0.00043,0.00067,0.00183,0.0002,6e-05,-4e-05,0.00204,-0.00011,-0.00262,-0.00788,0.00083,0.00056,0.00022,0.00024,0.00219,0.00014,-0.00041,-0.00016,-0.00012,0.00043,0.0002,-0.00063,-0.00113,5e-05,0.00012,0.00124,0.00153,0.00083,-1e-05,-0.00135,-0.00063,-9e-05,-0.0007
12.06,0.00015,-0.00045,0.00063,0.00181,0.00018,5e-05,-5e-05,0.00214,-0.00011,-0.00262,-0.00788,0.00083,0.00055,0.0002,0.00027,0.00216,0.00025,-0.00045,-0.00013,-0.00014,0.00044,0.00022,-0.0007,-0.0012,4e-05,0.00013,0.00097,0.00157,0.00082,2e-05,-0.00133,-0.00065,-9e-05,-0.00062
12.08,0.00016,-0.00045,0.00059,0.00178,0.00015,4e-05,-7e-05,0.00222,-0.00011,-0.00262,-0.00789,0.00083,0.00053,0.00017,0.00029,0.00212,0.00034,-0.00047,-9e-05,-0.00015,0.00046,0.00025,-0.00079,-0.00131,4e-05,0.00013,0.00065,0.00162,0.00082,6e-05,-0.00132,-0.00067,-9e-05,-0.00053
12.1,0.00017,-0.00047,0.00056,0.00176,0.00013,2e-05,-8e-05,0.00235,-0.0001,-0.00262,-0.0079,0.00083,0.00053,0.00014,0.00031,0.00209,0.00043,-0.00047,-6e-05,-0.00016,0.00047,0.00028,-0.00085,-0.00138,4e-05,0.00013,0.00046,0.00165,0.00081,0.0001,-0.00128,-0.00068,-9e-05,-0.00046
12.12,0.00018,-0.0005,0.00054,0.00176,0.00012,1e-05,-8e-05,0.00256,-0.0001,-0.00263,-0.00788,0.00083,0.00053,0.00012,0.00037,0.00215,0.00055,-0.00048,-5e-05,-0.00019,0.00048,0.00027,-0.00083,-0.00131,5e-05,0.00013,0.00058,0.00164,0.00077,0.00014,-0.00117,-0.0007,-9e-05,-0.00044
12.14,0.00019,-0.00053,0.00052,0.00176,0.0001,0,-9e-05,0.00283,-8e-05,-0.00263,-0.00785,0.00083,0.00054,0.0001,0.00044,0.00221,0.00068,-0.00047,-3e-05,-0.00022,0.0005,0.00026,-0.00077,-0.00119,7e-05,0.00013,0.0008,0.00161,0.00072,0.00019,-0.00104,-0.00072,-9e-05,-0.00044
12.16,0.0002,-0.00056,0.0005,0.00175,9e-05,-1e-05,-9e-05,0.00311,-7e-05,-0.00264,-0.00783,0.00083,0.00055,9e-05,0.0005,0.00224,0.00081,-0.00044,-1e-05,-0.00024,0.00051,0.00026,-0.00074,-0.00112,8e-05,0.00013,0.00098,0.00158,0.00068,0.00023,-0.00092,-0.00074,-9e-05,-0.00043
12.18,0.00021,-0.00059,0.00049,0.00175,8e-05,-2e-05,-9e-05,0.00339,-6e-05,-0.00264,-0.0078,0.00083,0.00056,9e-05,0.00057,0.00238,0.00104,-0.00044,1e-05,-0.00026,0.00053,0.00025,-0.0007,-0.00104,0.0001,0.00012,0.00117,0.00156,0.00064,0.00027,-0.00082,-0.00076,-9e-05,-0.00043
12.2,0.00022,-0.00061,0.00045,0.00174,6e-05,-3e-05,-8e-05,0.00375,-5e-05,-0.00265,-0.00777,0.00083,0.00057,9e-05,0.00063,0.00229,0.00134,-0.00038,3e-05,-0.00027,0.00055,0.00024,-0.00065,-0.00099,0.00011,0.00012,0.00135,0.00152,0.0006,0.00031,-0.00071,-0.00077,-8e-05,-0.00039
12.22,0.00024,-0.00063,0.00037,0.00169,2e-05,-5e-05,-7e-05,0.00436,-3e-05,-0.00265,-0.00775,0.00083,0.00057,0.0001,0.00068,0.00163,0.00149,-0.00017,9e-05,-0.00021,0.00058,0.00027,-0.00058,-0.00099,9e-05,0.00012,0.00144,0.00139,0.00055,0.00032,-0.00055,-0.00074,-6e-05,-0.00024
12.24,0.00026,-0.00064,0.00028,0.00164,-2e-05,-6e-05,-5e-05,0.00513,-2e-05,-0.00264,-0.00773,0.00083,0.00057,0.00011,0.00071,0.00099,0.00156,4e-05,0.00015,-0.00015,0.00061,0.00029,-0.00049,-0.00101,7e-05,0.00012,0.00151,0.00125,0.00051,0.00032,-0.00039,-0.00069,-4e-05,-4e-05
12.26,0.00028,-0.00066,0.00022,0.00158,-6e-05,-7e-05,-4e-05,0.00599,-1e-05,-0.00264,-0.0077,0.00083,0.00057,0.00013,0.00075,0.00058,0.00169,0.00018,0.00018,-0.0001,0.00065,0.00032,-0.00042,-0.00103,6e-05,0.00012,0.00158,0.00112,0.00047,0.00033,-0.00028,-0.00065,-2e-05,0.00013
12.28,0.00031,-0.00067,0.00015,0.00154,-0.0001,-9e-05,-2e-05,0.00708,0,-0.00264,-0.00769,0.00083,0.00057,0.00014,0.00079,0.00028,0.00187,0.00029,0.00022,-5e-05,0.00068,0.00034,-0.00035,-0.00104,4e-05,0.00012,0.00166,0.00102,0.00043,0.00033,-0.00018,-0.00062,-0,0.0003
12.3,0.00032,-0.00068,0.00011,0.00148,-0.00014,-0.0001,0,0.00819,1e-05,-0.00264,-0.00764,0.00083,0.00056,0.00015,0.00082,6e-05,0.00203,0.00034,0.00023,-1e-05,0.00072,0.00037,-0.00028,-0.00106,2e-05,0.00012,0.00172,0.00091,0.00039,0.00033,-0.00011,-0.00058,2e-05,0.00046
12.32,0.00033,-0.00069,0.00011,0.00137,-0.00015,-0.00011,2e-05,0.00891,2e-05,-0.00264,-0.00747,0.00083,0.00056,0.00017,0.00081,-0.0001,0.00209,0.00031,0.0002,-0,0.00075,0.0004,-0.0002,-0.00108,0,0.00013,0.00175,0.00077,0.00037,0.00032,-5e-05,-0.00052,2e-05,0.00056
12.34,0.00034,-0.00069,0.00012,0.00125,-0.00015,-0.00012,4e-05,0.00947,3e-05,-0.00264,-0.00726,0.00083,0.00056,0.00018,0.00078,-0.0002,0.00209,0.00023,0.00016,-0,0.00079,0.00044,-0.00012,-0.0011,-2e-05,0.00013,0.00177,0.00064,0.00036,0.0003,-1e-05,-0.00044,2e-05,0.00064
12.36,0.00035,-0.00069,0.00013,0.00115,-0.00015,-0.00014,6e-05,0.01016,3e-05,-0.00264,-0.00708,0.00083,0.00056,0.00019,0.00077,-0.00025,0.00212,0.00018,0.00013,0,0.00083,0.00047,-5e-05,-0.00112,-4e-05,0.00013,0.00179,0.00054,0.00035,0.00028,0,-0.00038,2e-05,0.00071
12.38,0.00036,-0.0007,0.00013,0.00107,-0.00016,-0.00015,7e-05,0.01095,4e-05,-0.00264,-0.00692,0.00083,0.00056,0.0002,0.00075,-0.00027,0.00217,0.00012,0.0001,0,0.00087,0.0005,2e-05,-0.00114,-6e-05,0.00014,0.00182,0.00046,0.00034,0.00027,1e-05,-0.00032,2e-05,0.00082
12.4,0.00036,-0.0007,0.00014,0.00098,-0.00016,-0.00016,8e-05,0.01164,4e-05,-0.00264,-0.00674,0.00083,0.00056,0.0002,0.00074,-0.00026,0.0022,7e-05,8e-05,0,0.00091,0.00053,8e-05,-0.00116,-7e-05,0.00014,0.00184,0.0004,0.00033,0.00024,-1e-05,-0.00027,2e-05,0.00087
12.42,0.00034,-0.00066,0.00013,0.00087,-0.00017,-0.00017,9e-05,0.01203,3e-05,-0.00264,-0.00653,0.00083,0.00056,0.00021,0.00072,-0.00021,0.00221,4e-05,7e-05,-1e-05,0.00096,0.00056,0.00014,-0.0012,-8e-05,0.00014,0.00184,0.00038,0.00031,0.00017,-6e-05,-0.00027,2e-05,0.00072
12.44,0.00032,-0.00061,0.00011,0.00076,-0.00018,-0.00018,9e-05,0.01228,3e-05,-0.00264,-0.00632,0.00083,0.00056,0.00021,0.0007,-0.00015,0.0022,1e-05,6e-05,-1e-05,0.00101,0.00059,0.0002,-0.00124,-9e-05,0.00015,0.00184,0.00037,0.0003,9e-05,-0.00012,-0.00028,1e-05,0.00052
12.46,0.0003,-0.00057,0.0001,0.00067,-0.00019,-0.00018,9e-05,0.0126,2e-05,-0.00264,-0.00614,0.00083,0.00056,0.00022,0.00069,-0.00011,0.0022,-0,5e-05,-2e-05,0.00106,0.00062,0.00025,-0.00127,-0.0001,0.00015,0.00184,0.00037,0.00029,3e-05,-0.00017,-0.00028,0,0.00036
12.48,0.00028,-0.00052,9e-05,0.00058,-0.0002,-0.00019,9e-05,0.01296,1e-05,-0.00264,-0.00594,0.00083,0.00056,0.00022,0.00068,-8e-05,0.0022,-2e-05,5e-05,-2e-05,0.00111,0.00065,0.00031,-0.00131,-0.00012,0.00015,0.00184,0.00036,0.00027,-4e-05,-0.00022,-0.00029,-1e-05,0.00018
12.5,0.00026,-0.00048,8e-05,0.00051,-0.00021,-0.00018,9e-05,0.01323,1e-05,-0.00264,-0.0058,0.00083,0.00056,0.00022,0.00067,-5e-05,0.0022,-2e-05,5e-05,-3e-05,0.00117,0.00067,0.00037,-0.00135,-0.00012,0.00015,0.00183,0.00036,0.00026,-0.0001,-0.00028,-0.00029,-1e-05,5e-05
12.52,0.00023,-0.00045,7e-05,0.00045,-0.00022,-0.00017,8e-05,0.01335,0,-0.00264,-0.00578,0.00083,0.00056,0.00023,0.00067,-4e-05,0.00219,-3e-05,5e-05,-3e-05,0.00125,0.00066,0.00042,-0.00142,-0.00013,0.00015,0.00178,0.00038,0.00025,-0.00013,-0.00035,-0.00029,-1e-05,9e-05
12.54,0.0002,-0.00042,6e-05,0.00039,-0.00023,-0.00016,7e-05,0.01338,-1e-05,-0.00264,-0.00581,0.00083,0.00056,0.00023,0.00068,-4e-05,0.00217,-3e-05,5e-05,-3e-05,0.00133,0.00064,0.00048,-0.00151,-0.00013,0.00015,0.00171,0.0004,0.00024,-0.00016,-0.00043,-0.0003,-1e-05,0.00018
12.56,0.00017,-0.0004,5e-05,0.00034,-0.00024,-0.00015,6e-05,0.01342,-1e-05,-0.00264,-0.00582,0.00083,0.00056,0.00023,0.00068,-4e-05,0.00216,-3e-05,6e-05,-3e-05,0.00142,0.00062,0.00054,-0.00159,-0.00014,0.00015,0.00166,0.00042,0.00023,-0.0002,-0.00051,-0.0003,-1e-05,0.00024
12.58,0.00015,-0.00037,4e-05,0.00029,-0.00025,-0.00014,6e-05,0.01359,-2e-05,-0.00264,-0.00581,0.00083,0.00056,0.00023,0.00069,-5e-05,0.00215,-3e-05,6e-05,-3e-05,0.00152,0.00061,0.0006,-0.00168,-0.00014,0.00015,0.0016,0.00043,0.00022,-0.00023,-0.00057,-0.0003,-1e-05,0.00031
12.6,0.00012,-0.00035,3e-05,0.00025,-0.00025,-0.00013,5e-05,0.01349,-2e-05,-0.00264,-0.00585,0.00083,0.00056,0.00023,0.00069,-7e-05,0.00214,-3e-05,6e-05,-3e-05,0.00161,0.00059,0.00066,-0.00176,-0.00015,0.00015,0.00155,0.00045,0.00022,-0.00026,-0.00065,-0.00031,-0,0.00037
12.62,0.00011,-0.00035,2e-05,0.00022,-0.00024,-0.00012,4e-05,0.01263,-3e-05,-0.00264,-0.00605,0.00083,0.00056,0.00023,0.00068,-9e-05,0.00213,-3e-05,6e-05,-2e-05,0.00169,0.00055,0.0007,-0.00179,-0.00017,0.00016,0.00153,0.00048,0.00022,-0.00028,-0.00076,-0.00029,-0,0.00042
12.64,0.00011,-0.00036,1e-05,0.00019,-0.00023,-0.0001,3e-05,0.0116,-3e-05,-0.00264,-0.00631,0.00083,0.00056,0.00023,0.00066,-0.00012,0.00213,-3e-05,6e-05,-1e-05,0.00175,0.00051,0.00073,-0.00181,-0.00018,0.00016,0.00153,0.00051,0.00023,-0.00031,-0.00091,-0.00027,-0,0.00047
12.66,0.0001,-0.00037,1e-05,0.00016,-0.00023,-0.0001,2e-05,0.01078,-3e-05,-0.00264,-0.00654,0.00083,0.00056,0.00022,0.00065,-0.00014,0.00212,-3e-05,6e-05,-0,0.00183,0.00047,0.00077,-0.00183,-0.0002,0.00016,0.00152,0.00053,0.00024,-0.00033,-0.00108,-0.00025,-0,0.00051
12.68,9e-05,-0.00038,-0,0.00014,-0.00022,-9e-05,1e-05,0.00992,-3e-05,-0.00264,-0.00679,0.00083,0.00056,0.00022,0.00064,-0.00016,0.00211,-3e-05,6e-05,0,0.00191,0.00044,0.00081,-0.00186,-0.00022,0.00016,0.00151,0.00056,0.00025,-0.00036,-0.00135,-0.00023,0,0.00058
12.7,9e-05,-0.00038,-1e-05,0.00013,-0.00022,-8e-05,0,0.00929,-3e-05,-0.00264,-0.00702,0.00083,0.00056,0.00021,0.00064,-0.00017,0.00212,-3e-05,6e-05,1e-05,0.00198,0.0004,0.00084,-0.00187,-0.00023,0.00017,0.00151,0.00058,0.00026,-0.00039,-0.00162,-0.00022,-0,0.00059
12.72,9e-05,-0.00038,-0,0.00014,-0.00022,-9e-05,-1e-05,0.00912,-3e-05,-0.00264,-0.00713,0.00083,0.00056,0.00019,0.00066,-0.00018,0.00217,-3e-05,5e-05,3e-05,0.00202,0.00039,0.00082,-0.00181,-0.00024,0.00017,0.00155,0.00057,0.00026,-0.00038,-0.00168,-0.00028,-1e-05,0.00043
12.74,0.0001,-0.00037,-0,0.00014,-0.00023,-0.0001,-2e-05,0.00912,-3e-05,-0.00264,-0.00721,0.00083,0.00056,0.00017,0.0007,-0.00019,0.00224,-3e-05,5e-05,5e-05,0.00204,0.00038,0.00079,-0.00174,-0.00026,0.00017,0.00162,0.00055,0.00025,-0.00037,-0.00164,-0.00035,-2e-05,0.00022
12.76,0.0001,-0.00037,0,0.00015,-0.00023,-0.0001,-3e-05,0.00905,-3e-05,-0.00264,-0.00731,0.00083,0.00056,0.00015,0.00073,-0.00019,0.0023,-3e-05,5e-05,6e-05,0.00208,0.00037,0.00076,-0.00167,-0.00027,0.00017,0.00167,0.00054,0.00025,-0.00037,-0.00166,-0.0004,-3e-05,5e-05
12.78,0.0001,-0.00036,0,0.00016,-0.00023,-0.00011,-4e-05,0.00896,-3e-05,-0.00264,-0.00742,0.00083,0.00056,0.00013,0.00076,-0.00018,0.00237,-2e-05,4e-05,8e-05,0.00211,0.00035,0.00074,-0.00161,-0.00028,0.00018,0.00173,0.00052,0.00024,-0.00036,-0.00168,-0.00047,-4e-05,-0.00014
12.8,0.00011,-0.00035,1e-05,0.00017,-0.00024,-0.00012,-5e-05,0.00895,-3e-05,-0.00264,-0.00749,0.00083,0.00056,0.0001,0.00079,-0.00016,0.00242,-2e-05,4e-05,9e-05,0.00213,0.00035,0.00071,-0.00154,-0.00029,0.00018,0.00178,0.00052,0.00024,-0.00036,-0.00169,-0.00051,-5e-05,-0.00029
12.82,0.00011,-0.0003,2e-05,0.00018,-0.00024,-0.00013,-6e-05,0.00914,-4e-05,-0.00264,-0.00746,0.00083,0.00056,6e-05,0.00083,-0.00011,0.00243,-2e-05,4e-05,8e-05,0.00215,0.00038,0.00067,-0.00145,-0.00028,0.00018,0.00182,0.00054,0.00028,-0.00038,-0.00172,-0.00046,-5e-05,-0.00032
12.84,0.0001,-0.00023,3e-05,0.00021,-0.00025,-0.00014,-7e-05,0.00942,-5e-05,-0.00264,-0.00741,0.00083,0.00056,2e-05,0.00087,-5e-05,0.00242,-2e-05,4e-05,8e-05,0.00216,0.00043,0.00062,-0.00136,-0.00028,0.00018,0.00186,0.00057,0.00032,-0.00041,-0.00176,-0.00039,-4e-05,-0.0003
12.86,0.0001,-0.00018,4e-05,0.00023,-0.00025,-0.00015,-8e-05,0.00964,-6e-05,-0.00264,-0.00737,0.00083,0.00056,-2e-05,0.00091,0,0.00241,-2e-05,4e-05,7e-05,0.00217,0.00047,0.00057,-0.00126,-0.00027,0.00017,0.00191,0.0006,0.00037,-0.00044,-0.0018,-0.00033,-3e-05,-0.0003
12.88,0.0001,-0.00012,5e-05,0.00025,-0.00025,-0.00015,-9e-05,0.00995,-6e-05,-0.00264,-0.00732,0.00083,0.00056,-7e-05,0.00095,5e-05,0.00241,-2e-05,4e-05,6e-05,0.0022,0.00051,0.00054,-0.00119,-0.00027,0.00017,0.00194,0.00063,0.0004,-0.00047,-0.00184,-0.00027,-2e-05,-0.0003
12.9,0.0001,-7e-05,5e-05,0.00028,-0.00025,-0.00016,-0.0001,0.0101,-8e-05,-0.00264,-0.00729,0.00083,0.00056,-0.00012,0.00099,0.00011,0.00239,-3e-05,3e-05,5e-05,0.00219,0.00056,0.00049,-0.00108,-0.00026,0.00017,0.00199,0.00066,0.00045,-0.00049,-0.00189,-0.00022,-1e-05,-0.00031
12.92,0.0001,-3e-05,6e-05,0.0003,-0.00024,-0.00016,-0.00011,0.00981,-9e-05,-0.00264,-0.00733,0.00083,0.00056,-0.00018,0.00101,0.00019,0.00232,-3e-05,2e-05,4e-05,0.00211,0.00062,0.00041,-0.00093,-0.00022,0.00016,0.00208,0.0007,0.00051,-0.00049,-0.00198,-0.00017,-1e-05,-0.00033
12.94,9e-05,1e-05,7e-05,0.00033,-0.00022,-0.00016,-0.00012,0.00938,-0.0001,-0.00264,-0.00738,0.00083,0.00056,-0.00024,0.00102,0.00026,0.00223,-4e-05,1e-05,2e-05,0.002,0.00068,0.00032,-0.00076,-0.00018,0.00015,0.00218,0.00075,0.00058,-0.00048,-0.00208,-0.00013,-1e-05,-0.00036
12.96,9e-05,5e-05,8e-05,0.00036,-0.00021,-0.00015,-0.00013,0.00904,-0.00012,-0.00264,-0.00742,0.00083,0.00056,-0.0003,0.00105,0.00032,0.00215,-5e-05,-1e-05,1e-05,0.00191,0.00074,0.00025,-0.00063,-0.00014,0.00014,0.00227,0.00079,0.00064,-0.00047,-0.00217,-9e-05,-0,-0.00039
12.98,8e-05,8e-05,8e-05,0.00038,-0.00019,-0.00015,-0.00014,0.00869,-0.00013,-0.00264,-0.00748,0.00083,0.00056,-0.00034,0.00106,0.00037,0.00207,-7e-05,-3e-05,-1e-05,0.00183,0.00081,0.00018,-0.00051,-0.00011,0.00013,0.00237,0.00083,0.0007,-0.00046,-0.00229,-4e-05,-0,-0.00042
13,8e-05,0.00012,9e-05,0.00041,-0.00018,-0.00014,-0.00014,0.00835,-0.00014,-0.00264,-0.0075,0.00083,0.00056,-0.00038,0.00109,0.00041,0.00197,-9e-05,-4e-05,-2e-05,0.00172,0.00086,0.00011,-0.00039,-7e-05,0.00012,0.00246,0.00087,0.00076,-0.00046,-0.00237,-2e-05,0,-0.00044
13.02,7e-05,0.00013,0.0001,0.00048,-0.00018,-0.00013,-0.00014,0.00808,-0.00016,-0.00264,-0.00742,0.00083,0.00056,-0.00042,0.00116,0.00045,0.00181,-0.00012,-6e-05,-5e-05,0.00151,0.00086,5e-05,-0.00025,2e-05,0.00011,0.00252,0.0009,0.0008,-0.00046,-0.00237,-3e-05,-0,-0.00046
13.04,6e-05,0.00013,0.00012,0.00057,-0.00017,-0.00012,-0.00014,0.00781,-0.00017,-0.00264,-0.00732,0.00083,0.00056,-0.00043,0.00126,0.00049,0.00162,-0.00014,-9e-05,-8e-05,0.00129,0.00085,-1e-05,-0.00012,0.00012,9e-05,0.00256,0.00092,0.00083,-0.00046,-0.00234,-6e-05,-0,-0.00046
13.06,5e-05,0.00014,0.00013,0.00068,-0.00016,-0.0001,-0.00012,0.00753,-0.00019,-0.00264,-0.00723,0.00083,0.00056,-0.00043,0.00135,0.00053,0.00145,-0.00017,-0.00011,-0.00011,0.00111,0.00084,-7e-05,-4e-05,0.0002,8e-05,0.00261,0.00095,0.00086,-0.00046,-0.00233,-8e-05,-0,-0.00048
13.08,5e-05,0.00015,0.00015,0.00081,-0.00015,-0.0001,-0.00011,0.00733,-0.0002,-0.00264,-0.00712,0.00083,0.00056,-0.00044,0.00147,0.00058,0.00132,-0.00018,-0.00012,-0.00013,0.00095,0.00084,-0.00012,2e-05,0.00029,6e-05,0.00269,0.00098,0.0009,-0.00046,-0.0023,-0.00011,-1e-05,-0.00049
13.1,4e-05,0.00016,0.00016,0.00095,-0.00014,-0.0001,-9e-05,0.007,-0.00021,-0.00264,-0.00707,0.00083,0.00056,-0.00043,0.00155,0.00064,0.00111,-0.00019,-0.00013,-0.00014,0.00082,0.00082,-0.00017,6e-05,0.00035,5e-05,0.0027,0.001,0.00093,-0.00046,-0.00229,-0.00013,-1e-05,-0.0005
13.12,4e-05,0.00015,0.00016,0.00105,-0.00013,-9e-05,-6e-05,0.00633,-0.00021,-0.00264,-0.00718,0.00083,0.00056,-0.0004,0.00153,0.00069,0.00073,-0.00021,-0.00015,-0.00014,0.00069,0.00078,-0.0002,6e-05,0.00031,6e-05,0.00252,0.00103,0.00095,-0.00045,-0.0023,-0.00015,-1e-05,-0.00055
13.14,5e-05,0.00014,0.00016,0.00113,-0.00012,-7e-05,-3e-05,0.00561,-0.0002,-0.00264,-0.00736,0.00083,0.00056,-0.00038,0.00147,0.00074,0.00039,-0.00023,-0.00017,-0.00013,0.00058,0.00072,-0.00022,5e-05,0.00023,8e-05,0.00229,0.00106,0.00096,-0.00044,-0.00232,-0.00017,-2e-05,-0.0006
13.16,5e-05,0.00012,0.00017,0.00124,-0.00011,-5e-05,-1e-05,0.00503,-0.0002,-0.00264,-0.0075,0.00083,0.00056,-0.00034,0.00143,0.00081,0.00016,-0.00023,-0.00018,-0.00012,0.00049,0.00066,-0.00025,3e-05,0.00017,9e-05,0.00211,0.0011,0.00098,-0.00043,-0.00233,-0.00019,-2e-05,-0.00065
13.18,6e-05,0.00012,0.00017,0.00136,-0.0001,-4e-05,1e-05,0.00449,-0.0002,-0.00264,-0.00767,0.00083,0.00056,-0.00031,0.0014,0.00088,-1e-05,-0.00023,-0.00018,-0.00012,0.00042,0.00062,-0.00028,-0,0.00012,0.00011,0.0019,0.00113,0.001,-0.00042,-0.00235,-0.00021,-2e-05,-0.0007
13.2,6e-05,0.0001,0.00018,0.00144,-9e-05,-2e-05,3e-05,0.00402,-0.0002,-0.00264,-0.00779,0.00083,0.00056,-0.00028,0.00134,0.00098,-0.00012,-0.0002,-0.00018,-0.00011,0.00036,0.00056,-0.0003,-4e-05,7e-05,0.00012,0.00177,0.00117,0.00101,-0.00042,-0.00236,-0.00023,-3e-05,-0.00075
13.22,6e-05,5e-05,0.00021,0.00144,-7e-05,-0,4e-05,0.00358,-0.00021,-0.00264,-0.00778,0.00083,0.00056,-0.00024,0.00122,0.0011,-0.0002,-0.00012,-0.00014,-8e-05,0.00034,0.00047,-0.00031,-0.0001,2e-05,0.00013,0.00185,0.00118,0.00098,-0.00041,-0.0023,-0.00025,-3e-05,-0.0008
13.24,7e-05,-0,0.00024,0.00141,-5e-05,1e-05,5e-05,0.0032,-0.00021,-0.00264,-0.00772,0.00083,0.00056,-0.0002,0.0011,0.00125,-0.00024,-2e-05,-0.0001,-5e-05,0.00033,0.00037,-0.00031,-0.00017,-3e-05,0.00013,0.00201,0.00119,0.00095,-0.00042,-0.00224,-0.00027,-3e-05,-0.00085
13.26,7e-05,-5e-05,0.00027,0.00141,-3e-05,3e-05,5e-05,0.00288,-0.00022,-0.00264,-0.00769,0.00083,0.00056,-0.00017,0.00101,0.00143,-0.00027,4e-05,-7e-05,-3e-05,0.00032,0.00028,-0.00032,-0.00024,-8e-05,0.00013,0.00212,0.00121,0.00093,-0.00042,-0.00218,-0.00029,-4e-05,-0.0009
13.28,8e-05,-0.0001,0.0003,0.0014,-1e-05,5e-05,5e-05,0.00255,-0.00022,-0.00264,-0.00764,0.00083,0.00056,-0.00014,0.00091,0.00166,-0.00029,0.0001,-5e-05,-0,0.00031,0.00019,-0.00033,-0.0003,-0.00012,0.00014,0.00226,0.00122,0.0009,-0.00041,-0.00213,-0.00031,-4e-05,-0.00096
13.3,8e-05,-0.00015,0.00033,0.00139,1e-05,6e-05,5e-05,0.00233,-0.00023,-0.00264,-0.00761,0.00083,0.00056,-0.00011,0.00086,0.00188,-0.00029,0.00013,-4e-05,1e-05,0.0003,0.00011,-0.00034,-0.00036,-0.00015,0.00014,0.00238,0.00124,0.00088,-0.00041,-0.00208,-0.00033,-5e-05,-0.00099
13.32,9e-05,-0.00017,0.00034,0.00136,1e-05,7e-05,4e-05,0.00232,-0.00022,-0.00264,-0.00763,0.00083,0.00056,-7e-05,0.00092,0.00198,-0.00026,0.00013,-4e-05,2e-05,0.00032,0.0001,-0.00031,-0.00044,-0.00012,0.00014,0.00241,0.00127,0.00088,-0.00044,-0.00206,-0.00035,-5e-05,-0.00092
13.34,9e-05,-0.00019,0.00034,0.00134,0,6e-05,3e-05,0.00237,-0.00021,-0.00264,-0.00765,0.00083,0.00056,-4e-05,0.00102,0.00202,-0.00022,0.00011,-5e-05,2e-05,0.00034,0.0001,-0.00028,-0.00052,-7e-05,0.00013,0.00241,0.00131,0.00089,-0.00047,-0.00205,-0.00037,-5e-05,-0.00082
13.36,9e-05,-0.00021,0.00035,0.00131,-1e-05,5e-05,2e-05,0.00239,-0.0002,-0.00264,-0.00767,0.00083,0.00056,-1e-05,0.0011,0.0021,-0.00019,9e-05,-6e-05,2e-05,0.00035,9e-05,-0.00025,-0.00061,-3e-05,0.00012,0.00243,0.00134,0.00089,-0.00049,-0.00203,-0.00039,-5e-05,-0.00075
13.38,0.0001,-0.00023,0.00035,0.00129,-1e-05,4e-05,1e-05,0.0024,-0.00019,-0.00264,-0.00769,0.00083,0.00056,1e-05,0.00119,0.00218,-0.00016,6e-05,-7e-05,2e-05,0.00036,8e-05,-0.00023,-0.0007,1e-05,0.00011,0.00245,0.00138,0.00089,-0.00052,-0.00201,-0.00041,-6e-05,-0.00066
13.4,0.0001,-0.00025,0.00036,0.00127,-2e-05,3e-05,0,0.00243,-0.00018,-0.00264,-0.00771,0.00083,0.00056,3e-05,0.00127,0.00225,-0.00013,3e-05,-8e-05,1e-05,0.00038,8e-05,-0.00021,-0.00081,4e-05,0.00011,0.00245,0.00141,0.0009,-0.00053,-0.002,-0.00044,-6e-05,-0.00059
13.42,9e-05,-0.00024,0.00036,0.00126,-3e-05,2e-05,-1e-05,0.00245,-0.00017,-0.00264,-0.00769,0.00083,0.00056,5e-05,0.0013,0.00226,-9e-05,-1e-05,-9e-05,-0,0.0004,6e-05,-0.00023,-0.00093,6e-05,0.00011,0.00236,0.00146,0.00093,-0.00051,-0.00199,-0.00046,-6e-05,-0.00058
13.44,9e-05,-0.00023,0.00036,0.00125,-4e-05,2e-05,-1e-05,0.00247,-0.00016,-0.00264,-0.00766,0.00083,0.00056,7e-05,0.00131,0.00225,-6e-05,-6e-05,-0.0001,-2e-05,0.00042,5e-05,-0.00026,-0.00108,6e-05,0.00011,0.00225,0.00151,0.00097,-0.00047,-0.00198,-0.00048,-7e-05,-0.00058
13.46,8e-05,-0.00023,0.00037,0.00125,-5e-05,2e-05,-2e-05,0.00249,-0.00015,-0.00264,-0.00764,0.00083,0.00056,8e-05,0.00133,0.00225,-2e-05,-0.0001,-0.00011,-3e-05,0.00044,4e-05,-0.00028,-0.00126,7e-05,0.00011,0.00216,0.00155,0.001,-0.00044,-0.00197,-0.00051,-7e-05,-0.00058
13.48,8e-05,-0.00022,0.00037,0.00124,-6e-05,1e-05,-2e-05,0.0025,-0.00015,-0.00264,-0.0076,0.00083,0.00056,9e-05,0.00135,0.00225,1e-05,-0.00013,-0.00011,-4e-05,0.00046,3e-05,-0.0003,-0.00152,8e-05,0.00011,0.00206,0.00161,0.00103,-0.00042,-0.00197,-0.00053,-7e-05,-0.00057
13.5,7e-05,-0.00022,0.00037,0.00123,-6e-05,1e-05,-3e-05,0.00253,-0.00014,-0.00264,-0.00759,0.00083,0.00056,9e-05,0.00137,0.00225,5e-05,-0.00017,-0.00012,-6e-05,0.00047,2e-05,-0.00032,-0.00179,8e-05,0.00011,0.00197,0.00165,0.00105,-0.00038,-0.00194,-0.00056,-8e-05,-0.00058
13.52,8e-05,-0.00022,0.00038,0.00122,-7e-05,1e-05,-3e-05,0.0026,-0.00013,-0.00264,-0.00765,0.00083,0.00056,9e-05,0.00139,0.00224,0.0001,-0.0002,-0.00012,-7e-05,0.00048,1e-05,-0.00032,-0.00192,9e-05,0.00011,0.00192,0.00167,0.00106,-0.00033,-0.00184,-0.00059,-8e-05,-0.0006
13.54,9e-05,-0.00023,0.00039,0.0012,-7e-05,0,-4e-05,0.00269,-0.00012,-0.00264,-0.00772,0.00083,0.00056,9e-05,0.00141,0.00222,0.00016,-0.00023,-0.00012,-8e-05,0.00049,1e-05,-0.00031,-0.00198,9e-05,0.00011,0.00187,0.00168,0.00105,-0.00027,-0.00173,-0.00062,-9e-05,-0.00063
13.56,0.0001,-0.00024,0.00039,0.00118,-8e-05,-0,-4e-05,0.00277,-0.00012,-0.00264,-0.00778,0.00083,0.00056,8e-05,0.00144,0.0022,0.00022,-0.00025,-0.00012,-9e-05,0.0005,0,-0.00031,-0.00209,9e-05,0.00012,0.00182,0.00169,0.00105,-0.00023,-0.00163,-0.00065,-0.0001,-0.00066
13.58,0.0001,-0.00024,0.0004,0.00117,-9e-05,-1e-05,-4e-05,0.00285,-0.00011,-0.00264,-0.00785,0.00083,0.00056,7e-05,0.00146,0.00219,0.00027,-0.00027,-0.00011,-0.0001,0.00051,-1e-05,-0.00031,-0.00223,9e-05,0.00012,0.0018,0.0017,0.00105,-0.00018,-0.00153,-0.00068,-0.0001,-0.00069
13.6,0.00011,-0.00025,0.00041,0.00115,-9e-05,-1e-05,-4e-05,0.00295,-0.00011,-0.00264,-0.0079,0.00083,0.00056,6e-05,0.00149,0.00218,0.00032,-0.00028,-0.0001,-0.00012,0.00052,-1e-05,-0.0003,-0.00232,0.0001,0.00012,0.00173,0.00171,0.00104,-0.00014,-0.00144,-0.00071,-0.00011,-0.0007
13.62,0.00011,-0.00028,0.00042,0.00115,-0.0001,-2e-05,-4e-05,0.00306,-0.0001,-0.00264,-0.0079,0.00083,0.00056,5e-05,0.00152,0.00213,0.00037,-0.00029,-0.0001,-0.00013,0.00053,-1e-05,-0.00028,-0.00225,0.00012,0.00012,0.00152,0.00171,0.00101,-0.0001,-0.00133,-0.00073,-0.00011,-0.00065
13.64,0.00011,-0.00031,0.00043,0.00114,-0.0001,-2e-05,-5e-05,0.00318,-0.0001,-0.00264,-0.00788,0.00083,0.00056,4e-05,0.00156,0.00208,0.00044,-0.0003,-9e-05,-0.00014,0.00053,-0,-0.00025,-0.00213,0.00014,0.00012,0.0013,0.0017,0.00097,-7e-05,-0.00122,-0.00075,-0.0001,-0.00058
13.66,0.00012,-0.00033,0.00043,0.00114,-0.00011,-3e-05,-5e-05,0.0033,-0.0001,-0.00264,-0.00787,0.00083,0.00056,3e-05,0.00159,0.00204,0.0005,-0.00029,-8e-05,-0.00015,0.00054,0,-0.00023,-0.00204,0.00015,0.00012,0.00111,0.0017,0.00093,-4e-05,-0.00112,-0.00077,-0.0001,-0.00051
13.68,0.00012,-0.00036,0.00044,0.00113,-0.00012,-3e-05,-5e-05,0.00342,-9e-05,-0.00264,-0.00785,0.00083,0.00056,2e-05,0.00162,0.00197,0.00056,-0.00028,-6e-05,-0.00016,0.00055,1e-05,-0.0002,-0.00195,0.00017,0.00012,0.00087,0.0017,0.0009,-1e-05,-0.00103,-0.00079,-9e-05,-0.00045
13.7,0.00012,-0.00039,0.00045,0.00113,-0.00012,-4e-05,-5e-05,0.00357,-9e-05,-0.00264,-0.00784,0.00083,0.00056,1e-05,0.00165,0.00195,0.00063,-0.00026,-4e-05,-0.00016,0.00056,1e-05,-0.00018,-0.00187,0.00018,0.00012,0.00076,0.00168,0.00086,2e-05,-0.00093,-0.0008,-9e-05,-0.00038
13.72,0.00013,-0.00043,0.00044,0.00111,-0.00013,-5e-05,-6e-05,0.00377,-9e-05,-0.00264,-0.00788,0.00083,0.00056,1e-05,0.00168,0.00205,0.00072,-0.00021,-1e-05,-0.00017,0.00057,1e-05,-0.00021,-0.00179,0.00019,0.00011,0.001,0.00161,0.0008,4e-05,-0.00078,-0.00079,-8e-05,-0.0003
13.74,0.00013,-0.00048,0.00044,0.0011,-0.00014,-6e-05,-6e-05,0.004,-9e-05,-0.00264,-0.00794,0.00083,0.00056,1e-05,0.00169,0.0022,0.00083,-0.00016,3e-05,-0.00018,0.00059,1e-05,-0.00024,-0.00172,0.0002,0.0001,0.00136,0.00152,0.00074,6e-05,-0.00063,-0.00077,-7e-05,-0.00022
13.76,0.00014,-0.00053,0.00043,0.00109,-0.00014,-7e-05,-6e-05,0.00424,-8e-05,-0.00264,-0.00799,0.00083,0.00056,1e-05,0.00171,0.00232,0.00096,-0.0001,6e-05,-0.00018,0.0006,2e-05,-0.00027,-0.00165,0.00021,9e-05,0.00166,0.00144,0.00068,7e-05,-0.00051,-0.00075,-6e-05,-0.00014
13.78,0.00014,-0.00058,0.00043,0.00108,-0.00015,-7e-05,-7e-05,0.00449,-8e-05,-0.00264,-0.00804,0.00083,0.00056,1e-05,0.00173,0.00247,0.00114,-6e-05,8e-05,-0.00019,0.00062,1e-05,-0.0003,-0.00159,0.00022,8e-05,0.00205,0.00137,0.00062,9e-05,-0.00041,-0.00074,-5e-05,-7e-05
13.8,0.00015,-0.00062,0.00042,0.00107,-0.00016,-8e-05,-7e-05,0.00476,-8e-05,-0.00264,-0.00808,0.00083,0.00056,2e-05,0.00173,0.00256,0.00134,-1e-05,0.00011,-0.00019,0.00063,2e-05,-0.00031,-0.00154,0.00022,8e-05,0.00234,0.00129,0.00056,0.0001,-0.00032,-0.00072,-4e-05,1e-05
13.82,0.00015,-0.00063,0.00042,0.00107,-0.00016,-9e-05,-8e-05,0.00501,-8e-05,-0.00264,-0.00807,0.00083,0.00056,3e-05,0.00164,0.00245,0.00141,8e-05,0.00013,-0.00017,0.00066,5e-05,-0.00021,-0.00154,0.00019,8e-05,0.0022,0.00117,0.00052,0.0001,-0.00023,-0.00065,-2e-05,0.00016
13.84,0.00015,-0.00063,0.00042,0.00107,-0.00017,-9e-05,-8e-05,0.00526,-8e-05,-0.00264,-0.00803,0.00083,0.00056,4e-05,0.00153,0.00226,0.00142,0.00015,0.00015,-0.00014,0.00069,0.0001,-9e-05,-0.00156,0.00016,0.0001,0.00193,0.00104,0.00048,9e-05,-0.00016,-0.00057,-1e-05,0.00032
13.86,0.00014,-0.00063,0.00041,0.00108,-0.00018,-0.0001,-9e-05,0.00553,-8e-05,-0.00264,-0.00801,0.00083,0.00056,5e-05,0.00145,0.0021,0.00147,0.0002,0.00016,-0.00012,0.00071,0.00013,1e-05,-0.00157,0.00013,0.00011,0.00174,0.00094,0.00044,9e-05,-0.00011,-0.00051,1e-05,0.00047
13.88,0.00014,-0.00063,0.00041,0.00108,-0.00018,-0.00011,-9e-05,0.00583,-9e-05,-0.00264,-0.00798,0.00083,0.00056,6e-05,0.00136,0.002,0.00152,0.00024,0.00017,-0.0001,0.00074,0.00017,0.0001,-0.00157,0.0001,0.00012,0.00153,0.00084,0.0004,8e-05,-7e-05,-0.00045,2e-05,0.00064
13.9,0.00014,-0.00063,0.0004,0.00108,-0.00019,-0.00011,-0.0001,0.00612,-9e-05,-0.00264,-0.00795,0.00083,0.00056,7e-05,0.00129,0.00177,0.00157,0.00025,0.00016,-8e-05,0.00077,0.0002,0.00018,-0.00159,7e-05,0.00013,0.00136,0.00077,0.00036,7e-05,-6e-05,-0.0004,3e-05,0.00077
13.92,0.00014,-0.00061,0.00039,0.0011,-0.0002,-0.00012,-0.0001,0.00637,-0.0001,-0.00264,-0.00792,0.00083,0.00056,7e-05,0.00124,0.00125,0.00164,0.00021,0.00014,-6e-05,0.0008,0.00023,0.00021,-0.00162,6e-05,0.00013,0.00132,0.00072,0.00034,5e-05,-6e-05,-0.00039,3e-05,0.00077
13.94,0.00013,-0.00059,0.00038,0.00113,-0.0002,-0.00013,-0.00011,0.00661,-0.00011,-0.00264,-0.00788,0.00083,0.00056,8e-05,0.0012,0.00079,0.0017,0.00016,0.00011,-6e-05,0.00084,0.00024,0.00022,-0.00167,5e-05,0.00013,0.00132,0.00068,0.00033,2e-05,-8e-05,-0.00038,2e-05,0.00072
13.96,0.00013,-0.00056,0.00037,0.00115,-0.00021,-0.00014,-0.00011,0.00688,-0.00011,-0.00264,-0.00785,0.00083,0.00056,9e-05,0.00117,0.00049,0.00177,0.00012,9e-05,-5e-05,0.00087,0.00026,0.00024,-0.00171,4e-05,0.00013,0.0013,0.00065,0.00032,-1e-05,-0.00011,-0.00037,2e-05,0.00069
13.98,0.00012,-0.00054,0.00036,0.00117,-0.00021,-0.00014,-0.00012,0.00711,-0.00012,-0.00264,-0.00781,0.00083,0.00056,0.0001,0.00112,0.00027,0.00185,8e-05,7e-05,-4e-05,0.0009,0.00028,0.00026,-0.00175,2e-05,0.00013,0.00128,0.00062,0.0003,-3e-05,-0.00014,-0.00036,2e-05,0.00067
14,0.00011,-0.00052,0.00035,0.00118,-0.00022,-0.00015,-0.00012,0.00745,-0.00013,-0.00264,-0.00778,0.00083,0.00056,0.00011,0.0011,0.00013,0.00193,5e-05,5e-05,-3e-05,0.00094,0.0003,0.00027,-0.00179,2e-05,0.00013,0.00127,0.0006,0.00029,-6e-05,-0.00017,-0.00036,1e-05,0.00063
14.02,0.00011,-0.00051,0.00034,0.00119,-0.00023,-0.00017,-0.00012,0.00816,-0.00014,-0.00264,-0.00773,0.00083,0.00056,0.00012,0.00117,7e-05,0.002,3e-05,4e-05,-2e-05,0.00097,0.0003,0.00027,-0.00182,1e-05,0.00013,0.00125,0.00061,0.00027,-9e-05,-0.00023,-0.0004,0,0.00054
14.04,0.0001,-0.00049,0.00033,0.0012,-0.00025,-0.00019,-0.00011,0.00904,-0.00016,-0.00264,-0.00768,0.00083,0.00056,0.00013,0.00127,4e-05,0.00207,1e-05,4e-05,-1e-05,0.001,0.0003,0.00026,-0.00186,1e-05,0.00013,0.00123,0.00064,0.00026,-0.00013,-0.00029,-0.00045,-0,0.00043
14.06,9e-05,-0.00048,0.00033,0.0012,-0.00026,-0.00021,-0.00011,0.00993,-0.00017,-0.00264,-0.00764,0.00083,0.00056,0.00013,0.00136,3e-05,0.00215,0,3e-05,-1e-05,0.00103,0.00029,0.00025,-0.00189,1e-05,0.00013,0.00122,0.00065,0.00025,-0.00015,-0.00035,-0.00049,-1e-05,0.00034
14.08,8e-05,-0.00046,0.00032,0.00121,-0.00028,-0.00024,-0.0001,0.01108,-0.00018,-0.00264,-0.00759,0.00083,0.00056,0.00014,0.00146,1e-05,0.00223,-0,3e-05,0,0.00107,0.0003,0.00025,-0.00193,1e-05,0.00013,0.00118,0.00067,0.00023,-0.00018,-0.00041,-0.00054,-2e-05,0.00023
14.1,7e-05,-0.00046,0.00031,0.00121,-0.00029,-0.00026,-9e-05,0.01198,-0.00018,-0.00264,-0.00756,0.00083,0.00056,0.00014,0.00155,1e-05,0.00231,-0,3e-05,1e-05,0.0011,0.00029,0.00025,-0.00197,1e-05,0.00013,0.00119,0.00068,0.00022,-0.0002,-0.00046,-0.00058,-2e-05,0.00016
14.12,6e-05,-0.00047,0.0003,0.00118,-0.00028,-0.00026,-7e-05,0.01182,-0.00018,-0.00264,-0.00756,0.00083,0.00056,0.00015,0.00155,3e-05,0.00234,-1e-05,3e-05,1e-05,0.00113,0.00028,0.00021,-0.00199,0,0.00013,0.00131,0.00071,0.00022,-0.0002,-0.00054,-0.00058,-2e-05,0.00015
14.14,5e-05,-0.0005,0.00029,0.00114,-0.00028,-0.00026,-6e-05,0.01129,-0.00017,-0.00264,-0.00758,0.00083,0.00056,0.00015,0.00153,6e-05,0.00235,-1e-05,4e-05,1e-05,0.00116,0.00027,0.00016,-0.002,-1e-05,0.00013,0.00148,0.00074,0.00023,-0.00019,-0.00064,-0.00058,-2e-05,0.00018
14.16,4e-05,-0.00052,0.00028,0.00111,-0.00027,-0.00027,-5e-05,0.01097,-0.00016,-0.00264,-0.0076,0.00083,0.00056,0.00015,0.00152,8e-05,0.00237,-1e-05,4e-05,1e-05,0.00119,0.00026,0.00013,-0.00202,-1e-05,0.00013,0.00162,0.00077,0.00024,-0.00018,-0.00074,-0.00057,-2e-05,0.00019
14.18,3e-05,-0.00054,0.00027,0.00108,-0.00026,-0.00026,-4e-05,0.01059,-0.00016,-0.00264,-0.00761,0.00083,0.00056,0.00015,0.0015,9e-05,0.0024,-1e-05,4e-05,1e-05,0.00123,0.00025,0.0001,-0.00204,-2e-05,0.00013,0.0018,0.0008,0.00024,-0.00017,-0.00086,-0.00057,-2e-05,0.0002
14.2,3e-05,-0.00056,0.00026,0.00106,-0.00026,-0.00025,-3e-05,0.01028,-0.00015,-0.00264,-0.00763,0.00083,0.00056,0.00014,0.00149,0.0001,0.00242,-1e-05,4e-05,2e-05,0.00126,0.00024,8e-05,-0.00205,-3e-05,0.00013,0.00193,0.00081,0.00025,-0.00016,-0.00099,-0.00056,-2e-05,0.00022
14.22,4e-05,-0.00058,0.00026,0.00104,-0.00025,-0.00024,-3e-05,0.01017,-0.00014,-0.00264,-0.00767,0.00083,0.00056,0.00014,0.0015,9e-05,0.00241,-0,4e-05,2e-05,0.00128,0.00024,0.0001,-0.00205,-4e-05,0.00013,0.00193,0.0008,0.00025,-0.00012,-0.0011,-0.00053,-1e-05,0.00027
14.24,5e-05,-0.0006,0.00026,0.00102,-0.00025,-0.00023,-3e-05,0.01012,-0.00013,-0.00264,-0.00773,0.00083,0.00056,0.00013,0.00152,9e-05,0.00241,-0,4e-05,2e-05,0.0013,0.00025,0.00013,-0.00204,-6e-05,0.00013,0.00188,0.00077,0.00025,-8e-05,-0.0012,-0.00049,-1e-05,0.00034
14.26,6e-05,-0.00061,0.00025,0.00101,-0.00025,-0.00022,-3e-05,0.01004,-0.00012,-0.00264,-0.00778,0.00083,0.00056,0.00012,0.00153,8e-05,0.0024,-0,4e-05,3e-05,0.00132,0.00025,0.00016,-0.00204,-7e-05,0.00013,0.00186,0.00075,0.00026,-4e-05,-0.00132,-0.00046,-1e-05,0.0004
14.28,7e-05,-0.00063,0.00024,0.00099,-0.00025,-0.00022,-3e-05,0.00995,-0.00012,-0.00264,-0.00784,0.00083,0.00056,0.00011,0.00155,8e-05,0.0024,-0,3e-05,3e-05,0.00134,0.00025,0.00019,-0.00203,-9e-05,0.00013,0.00183,0.00073,0.00026,-1e-05,-0.00148,-0.00043,-1e-05,0.00046
14.3,7e-05,-0.00064,0.00024,0.00098,-0.00025,-0.00022,-3e-05,0.00992,-0.00011,-0.00264,-0.00788,0.00083,0.00057,0.0001,0.00157,8e-05,0.0024,-0,3e-05,4e-05,0.00136,0.00025,0.00021,-0.00203,-0.0001,0.00013,0.00181,0.0007,0.00026,1e-05,-0.00162,-0.0004,-1e-05,0.00051
14.32,9e-05,-0.00064,0.00023,0.00098,-0.00024,-0.00022,-3e-05,0.01002,-0.00011,-0.00264,-0.00788,0.00083,0.00057,9e-05,0.00161,8e-05,0.00242,-0,3e-05,4e-05,0.00139,0.00027,0.00023,-0.00203,-0.00011,0.00014,0.00185,0.00066,0.00028,1e-05,-0.00165,-0.00038,-0,0.00054
14.34,0.0001,-0.00064,0.00023,0.00099,-0.00024,-0.00021,-4e-05,0.01017,-0.00011,-0.00264,-0.00786,0.00083,0.00057,8e-05,0.00167,8e-05,0.00244,-0,3e-05,5e-05,0.00141,0.00028,0.00024,-0.00202,-0.00012,0.00014,0.00189,0.00061,0.00029,-1e-05,-0.00163,-0.00036,0,0.00057
14.36,0.00012,-0.00063,0.00023,0.00099,-0.00024,-0.00021,-4e-05,0.01029,-0.00011,-0.00264,-0.00785,0.00083,0.00057,7e-05,0.00171,9e-05,0.00246,-0,3e-05,5e-05,0.00143,0.0003,0.00025,-0.00202,-0.00013,0.00014,0.00192,0.00058,0.0003,-2e-05,-0.00164,-0.00034,1e-05,0.00059
14.38,0.00013,-0.00063,0.00022,0.001,-0.00024,-0.00021,-4e-05,0.01044,-0.00011,-0.00264,-0.00784,0.00083,0.00057,6e-05,0.00177,9e-05,0.00249,-0,3e-05,6e-05,0.00145,0.00031,0.00025,-0.00202,-0.00013,0.00015,0.00198,0.00054,0.00031,-3e-05,-0.00164,-0.00031,1e-05,0.00063
14.4,0.00014,-0.00062,0.00022,0.001,-0.00024,-0.00021,-4e-05,0.01055,-0.00011,-0.00264,-0.00783,0.00083,0.00056,6e-05,0.00182,9e-05,0.00251,0,2e-05,6e-05,0.00148,0.00032,0.00026,-0.00202,-0.00014,0.00015,0.002,0.00052,0.00032,-5e-05,-0.00166,-0.0003,1e-05,0.00064
14.42,0.00014,-0.00061,0.00021,0.00102,-0.00024,-0.00021,-4e-05,0.01051,-0.00011,-0.00264,-0.00785,0.00083,0.00056,5e-05,0.00185,0.0001,0.00253,0,2e-05,7e-05,0.0015,0.00034,0.00029,-0.00199,-0.00016,0.00015,0.00187,0.00051,0.00033,-9e-05,-0.00168,-0.00029,1e-05,0.0006
14.44,0.00014,-0.00059,0.00019,0.00103,-0.00024,-0.00021,-4e-05,0.01043,-0.00011,-0.00264,-0.00787,0.00082,0.00056,4e-05,0.00187,0.00011,0.00255,1e-05,2e-05,7e-05,0.00152,0.00035,0.00032,-0.00196,-0.00017,0.00016,0.0017,0.00051,0.00032,-0.00014,-0.00171,-0.00029,1e-05,0.00054
14.46,0.00014,-0.00058,0.00018,0.00104,-0.00024,-0.00021,-4e-05,0.01037,-0.00011,-0.00264,-0.00789,0.00082,0.00055,4e-05,0.0019,0.00012,0.00256,1e-05,2e-05,8e-05,0.00154,0.00037,0.00034,-0.00193,-0.00019,0.00016,0.00157,0.00051,0.00032,-0.00019,-0.00174,-0.00029,1e-05,0.00049
14.48,0.00014,-0.00056,0.00017,0.00105,-0.00024,-0.00021,-4e-05,0.0103,-0.00011,-0.00264,-0.00791,0.00082,0.00055,4e-05,0.00193,0.00012,0.00258,1e-05,2e-05,8e-05,0.00156,0.00038,0.00038,-0.0019,-0.0002,0.00016,0.0014,0.0005,0.00032,-0.00023,-0.00177,-0.00029,0,0.00044
14.5,0.00014,-0.00055,0.00016,0.00106,-0.00024,-0.00021,-4e-05,0.01024,-0.0001,-0.00264,-0.00794,0.00082,0.00054,4e-05,0.00195,0.00012,0.0026,1e-05,2e-05,8e-05,0.00158,0.00039,0.00039,-0.00187,-0.00021,0.00016,0.00132,0.00051,0.00032,-0.00028,-0.0018,-0.00029,0,0.00039
14.52,0.00013,-0.00054,0.00017,0.00106,-0.00024,-0.00021,-3e-05,0.01023,-0.0001,-0.00264,-0.00797,0.00081,0.00053,4e-05,0.00196,0.00012,0.0026,1e-05,1e-05,9e-05,0.00161,0.00038,0.00033,-0.00183,-0.00023,0.00016,0.00148,0.00052,0.00031,-0.00032,-0.00187,-0.00029,-0,0.00037
14.54,0.00011,-0.00053,0.00018,0.00106,-0.00024,-0.00021,-2e-05,0.01024,-0.0001,-0.00264,-0.00801,0.00081,0.00052,4e-05,0.00197,0.00011,0.0026,2e-05,2e-05,9e-05,0.00164,0.00036,0.00026,-0.00179,-0.00024,0.00016,0.00173,0.00053,0.0003,-0.00037,-0.00194,-0.0003,-0,0.00035
14.56,0.0001,-0.00052,0.00019,0.00106,-0.00024,-0.00021,-1e-05,0.01024,-0.0001,-0.00264,-0.00806,0.0008,0.00051,4e-05,0.00198,0.0001,0.0026,2e-05,2e-05,9e-05,0.00167,0.00035,0.00021,-0.00175,-0.00025,0.00016,0.00193,0.00055,0.00029,-0.00041,-0.00201,-0.00031,-0,0.00033
14.58,9e-05,-0.00051,0.0002,0.00107,-0.00024,-0.00021,1e-05,0.01025,-9e-05,-0.00264,-0.00806,0.0008,0.0005,4e-05,0.00199,9e-05,0.00261,2e-05,2e-05,9e-05,0.0017,0.00034,0.00015,-0.00171,-0.00026,0.00015,0.0022,0.00056,0.00028,-0.00045,-0.00209,-0.00031,-1e-05,0.00032
14.6,7e-05,-0.0005,0.0002,0.00106,-0.00024,-0.00021,2e-05,0.01024,-9e-05,-0.00263,-0.00815,0.00079,0.00048,4e-05,0.002,9e-05,0.0026,2e-05,2e-05,9e-05,0.00172,0.00033,0.00011,-0.00167,-0.00027,0.00015,0.00238,0.00057,0.00027,-0.0005,-0.00215,-0.00031,-1e-05,0.00028
14.62,7e-05,-0.00048,0.00022,0.00102,-0.00024,-0.0002,5e-05,0.0102,-8e-05,-0.0026,-0.00848,0.00078,0.00043,4e-05,0.00198,7e-05,0.00258,1e-05,3e-05,9e-05,0.00175,0.00032,0.00013,-0.00161,-0.00028,0.00016,0.00228,0.00058,0.00028,-0.00055,-0.00215,-0.00032,-1e-05,0.00018
14.64,6e-05,-0.00045,0.00023,0.00097,-0.00024,-0.0002,7e-05,0.01015,-8e-05,-0.00256,-0.00891,0.00076,0.00037,4e-05,0.00196,5e-05,0.00256,1e-05,3e-05,8e-05,0.00177,0.00032,0.00016,-0.00155,-0.00029,0.00017,0.00209,0.0006,0.00029,-0.00061,-0.00213,-0.00032,-2e-05,5e-05
14.66,5e-05,-0.00043,0.00024,0.00092,-0.00024,-0.0002,9e-05,0.01009,-7e-05,-0.00253,-0.0093,0.00074,0.00032,4e-05,0.00193,5e-05,0.00253,1e-05,4e-05,7e-05,0.00179,0.00032,0.00019,-0.00149,-0.0003,0.00018,0.00196,0.00061,0.0003,-0.00067,-0.00212,-0.00032,-3e-05,-6e-05
14.68,5e-05,-0.0004,0.00025,0.00088,-0.00025,-0.00019,0.00012,0.01008,-7e-05,-0.00249,-0.00976,0.00073,0.00027,3e-05,0.00192,4e-05,0.00251,1e-05,4e-05,7e-05,0.00181,0.00032,0.00021,-0.00144,-0.00031,0.00018,0.0018,0.00062,0.0003,-0.00074,-0.0021,-0.00033,-3e-05,-0.00019
14.7,4e-05,-0.00038,0.00025,0.00084,-0.00025,-0.00019,0.00014,0.00996,-6e-05,-0.00247,-0.01013,0.00072,0.00024,2e-05,0.00189,4e-05,0.00249,0,5e-05,7e-05,0.00183,0.00032,0.00023,-0.00137,-0.00031,0.00019,0.00169,0.00063,0.00032,-0.00079,-0.00209,-0.00032,-4e-05,-0.00029
14.72,2e-05,-0.00033,0.00023,0.00079,-0.00024,-0.00018,0.00015,0.00954,-5e-05,-0.00249,-0.01017,0.00074,0.00026,1e-05,0.00178,5e-05,0.00246,0,5e-05,6e-05,0.00184,0.00034,0.00021,-0.0013,-0.00029,0.00018,0.00171,0.00066,0.00034,-0.0008,-0.0021,-0.0003,-3e-05,-0.00032
14.74,0,-0.00028,0.00021,0.00073,-0.00024,-0.00018,0.00016,0.00904,-4e-05,-0.00252,-0.01009,0.00076,0.00029,0,0.00166,6e-05,0.00243,-0,6e-05,6e-05,0.00185,0.00036,0.00018,-0.00122,-0.00027,0.00018,0.00177,0.00068,0.00036,-0.00079,-0.00212,-0.00026,-3e-05,-0.00033
14.76,-1e-05,-0.00023,0.0002,0.00069,-0.00023,-0.00018,0.00016,0.00862,-3e-05,-0.00255,-0.01007,0.00077,0.00031,-1e-05,0.00156,8e-05,0.0024,-0,6e-05,5e-05,0.00185,0.00037,0.00015,-0.00114,-0.00025,0.00017,0.00181,0.00071,0.00039,-0.00079,-0.00213,-0.00024,-3e-05,-0.00036
14.78,-3e-05,-0.00019,0.00018,0.00065,-0.00023,-0.00017,0.00015,0.00819,-3e-05,-0.00258,-0.01003,0.00078,0.00034,-2e-05,0.00146,9e-05,0.00238,-0,6e-05,5e-05,0.00186,0.00039,0.00013,-0.00107,-0.00023,0.00017,0.00186,0.00073,0.00041,-0.0008,-0.00215,-0.00021,-2e-05,-0.00037
14.8,-5e-05,-0.00014,0.00017,0.00062,-0.00023,-0.00017,0.00014,0.00783,-3e-05,-0.0026,-0.01001,0.00079,0.00035,-4e-05,0.00139,0.00011,0.00235,-1e-05,6e-05,4e-05,0.00185,0.0004,0.0001,-0.00098,-0.00021,0.00016,0.00191,0.00075,0.00043,-0.00078,-0.00215,-0.00018,-2e-05,-0.0004
14.82,-6e-05,-0.00012,0.00016,0.00062,-0.00023,-0.00018,0.00012,0.00761,-4e-05,-0.00258,-0.01003,0.00078,0.00034,-6e-05,0.00137,0.00014,0.00231,-1e-05,7e-05,4e-05,0.0018,0.00043,7e-05,-0.00085,-0.00018,0.00015,0.00198,0.00076,0.00046,-0.00069,-0.00203,-0.00017,-2e-05,-0.00048
14.84,-8e-05,-0.00011,0.00016,0.00062,-0.00023,-0.00018,0.0001,0.00745,-5e-05,-0.00254,-0.01006,0.00076,0.00033,-7e-05,0.00137,0.00017,0.00227,-1e-05,7e-05,4e-05,0.00173,0.00045,3e-05,-0.00072,-0.00014,0.00015,0.00207,0.00076,0.00048,-0.00059,-0.0019,-0.00016,-2e-05,-0.00058
14.86,-9e-05,-9e-05,0.00016,0.00063,-0.00023,-0.00019,8e-05,0.00729,-6e-05,-0.00252,-0.01009,0.00074,0.00032,-9e-05,0.00136,0.0002,0.00223,-1e-05,7e-05,3e-05,0.00166,0.00047,0,-0.00061,-0.00011,0.00014,0.00215,0.00077,0.0005,-0.00051,-0.00179,-0.00015,-2e-05,-0.00067
14.88,-0.0001,-7e-05,0.00016,0.00063,-0.00023,-0.00019,6e-05,0.00707,-7e-05,-0.00249,-0.01012,0.00073,0.0003,-0.0001,0.00135,0.00023,0.0022,-1e-05,7e-05,3e-05,0.00162,0.00049,-3e-05,-0.00051,-8e-05,0.00013,0.00224,0.00077,0.00052,-0.00043,-0.00167,-0.00014,-2e-05,-0.00077
14.9,-0.00012,-6e-05,0.00016,0.00063,-0.00023,-0.00019,4e-05,0.00698,-8e-05,-0.00247,-0.01014,0.00073,0.0003,-0.00011,0.00135,0.00026,0.00216,-1e-05,7e-05,2e-05,0.00153,0.00051,-4e-05,-0.00041,-4e-05,0.00013,0.00231,0.00078,0.00054,-0.00037,-0.00159,-0.00014,-1e-05,-0.00084
14.92,-0.00012,-5e-05,0.00017,0.00065,-0.00023,-0.00019,3e-05,0.0072,-9e-05,-0.00247,-0.01015,0.00073,0.00031,-0.00012,0.00138,0.00028,0.0021,-1e-05,7e-05,1e-05,0.00137,0.00052,-1e-05,-0.00028,2e-05,0.00011,0.00232,0.0008,0.00057,-0.00035,-0.00156,-0.00016,-2e-05,-0.00087
14.94,-0.00012,-4e-05,0.00017,0.00066,-0.00023,-0.0002,2e-05,0.00754,-0.0001,-0.00247,-0.01014,0.00074,0.00032,-0.00013,0.00141,0.00032,0.00204,-2e-05,7e-05,0,0.00119,0.00053,3e-05,-0.00017,9e-05,0.0001,0.0023,0.00083,0.00059,-0.00036,-0.00156,-0.00018,-2e-05,-0.00087
14.96,-0.00013,-3e-05,0.00017,0.00068,-0.00023,-0.0002,1e-05,0.00783,-0.00011,-0.00248,-0.01014,0.00075,0.00033,-0.00013,0.00143,0.00035,0.00199,-2e-05,7e-05,-1e-05,0.00105,0.00053,7e-05,-0.0001,0.00015,9e-05,0.0023,0.00085,0.00061,-0.00035,-0.00155,-0.0002,-2e-05,-0.00088
14.98,-0.00013,-2e-05,0.00018,0.00069,-0.00023,-0.0002,1e-05,0.00816,-0.00012,-0.00248,-0.01015,0.00076,0.00033,-0.00014,0.00146,0.00038,0.00193,-2e-05,7e-05,-1e-05,0.00092,0.00054,0.0001,-4e-05,0.00021,8e-05,0.0023,0.00088,0.00064,-0.00035,-0.00153,-0.00022,-2e-05,-0.00089
15,-0.00013,-1e-05,0.00018,0.0007,-0.00023,-0.00019,1e-05,0.00846,-0.00012,-0.00248,-0.01012,0.00077,0.00035,-0.00014,0.00148,0.00041,0.00188,-2e-05,7e-05,-2e-05,0.0008,0.00054,0.00014,-1e-05,0.00026,7e-05,0.0023,0.0009,0.00066,-0.00034,-0.00153,-0.00024,-3e-05,-0.0009
15.02,-0.00013,-3e-05,0.00019,0.00071,-0.00023,-0.00019,2e-05,0.00866,-0.00012,-0.00251,-0.00995,0.00079,0.00039,-0.00014,0.00153,0.00045,0.00183,-2e-05,7e-05,-2e-05,0.00071,0.0005,0.00017,-2e-05,0.00022,8e-05,0.0023,0.00093,0.00064,-0.00031,-0.00154,-0.00025,-3e-05,-0.00089
15.04,-0.00014,-5e-05,0.0002,0.00072,-0.00023,-0.00019,4e-05,0.00883,-0.00011,-0.00255,-0.00973,0.00081,0.00043,-0.00014,0.00158,0.00049,0.00178,-2e-05,7e-05,-2e-05,0.00064,0.00045,0.00021,-3e-05,0.00016,9e-05,0.00231,0.00096,0.00062,-0.00029,-0.00156,-0.00027,-3e-05,-0.00087
15.06,-0.00014,-6e-05,0.00021,0.00073,-0.00023,-0.00018,5e-05,0.00901,-0.0001,-0.00258,-0.00954,0.00083,0.00046,-0.00014,0.00163,0.00053,0.00173,-2e-05,7e-05,-2e-05,0.00057,0.00041,0.00024,-6e-05,0.00011,0.0001,0.00232,0.00099,0.0006,-0.00026,-0.00157,-0.00028,-3e-05,-0.00085
15.08,-0.00014,-8e-05,0.00022,0.00075,-0.00023,-0.00018,7e-05,0.00921,-0.0001,-0.00262,-0.00932,0.00084,0.0005,-0.00014,0.00168,0.00057,0.00168,-2e-05,6e-05,-3e-05,0.00051,0.00037,0.00027,-8e-05,7e-05,0.0001,0.00232,0.00102,0.00058,-0.00023,-0.00159,-0.0003,-4e-05,-0.00084
15.1,-0.00014,-9e-05,0.00023,0.00075,-0.00023,-0.00017,9e-05,0.00937,-9e-05,-0.00264,-0.00918,0.00086,0.00052,-0.00015,0.00173,0.00062,0.00163,-2e-05,6e-05,-3e-05,0.00047,0.00033,0.00029,-0.00012,3e-05,0.00011,0.00233,0.00105,0.00056,-0.00021,-0.00161,-0.00031,-4e-05,-0.00082
15.12,-0.00014,-0.0001,0.00022,0.00075,-0.00022,-0.00016,0.00011,0.00939,-7e-05,-0.00263,-0.00932,0.00085,0.00049,-0.00015,0.00177,0.00071,0.00159,-2e-05,5e-05,-2e-05,0.00044,0.00029,0.00029,-0.00018,-1e-05,0.00012,0.00233,0.00109,0.00054,-0.00018,-0.00164,-0.00031,-4e-05,-0.00077
15.14,-0.00014,-0.00012,0.00021,0.00075,-0.00021,-0.00015,0.00013,0.00936,-6e-05,-0.00261,-0.00954,0.00084,0.00044,-0.00015,0.00181,0.00081,0.00154,-2e-05,5e-05,-1e-05,0.00043,0.00024,0.00029,-0.00024,-4e-05,0.00012,0.00232,0.00113,0.00052,-0.00015,-0.00169,-0.00031,-4e-05,-0.00072
15.16,-0.00014,-0.00013,0.0002,0.00075,-0.0002,-0.00014,0.00014,0.00937,-4e-05,-0.0026,-0.0097,0.00083,0.0004,-0.00015,0.00185,0.00093,0.0015,-3e-05,4e-05,-0,0.00041,0.00021,0.00029,-0.0003,-6e-05,0.00013,0.00232,0.00117,0.0005,-0.00012,-0.00173,-0.00032,-4e-05,-0.00067
15.18,-0.00014,-0.00014,0.00019,0.00075,-0.00019,-0.00013,0.00015,0.00933,-4e-05,-0.00258,-0.00994,0.00082,0.00037,-0.00015,0.00188,0.00107,0.00145,-3e-05,3e-05,1e-05,0.0004,0.00016,0.00029,-0.00035,-9e-05,0.00014,0.00232,0.00121,0.00048,-9e-05,-0.00177,-0.00032,-4e-05,-0.00063
15.2,-0.00014,-0.00015,0.00019,0.00075,-0.00019,-0.00013,0.00015,0.00939,-3e-05,-0.00254,-0.01003,0.00081,0.00034,-0.00015,0.00193,0.00122,0.0014,-4e-05,2e-05,1e-05,0.00039,0.00014,0.00029,-0.00041,-0.0001,0.00014,0.00231,0.00125,0.00047,-7e-05,-0.00181,-0.00032,-3e-05,-0.00057
15.22,-0.00014,-0.00016,0.00019,0.00079,-0.00018,-0.00013,0.00015,0.00974,-4e-05,-0.00246,-0.00966,0.00081,0.00032,-0.00014,0.00205,0.00139,0.00135,-4e-05,1e-05,-0,0.0004,0.00015,0.00029,-0.00048,-8e-05,0.00013,0.00233,0.0013,0.00046,-4e-05,-0.00187,-0.00033,-3e-05,-0.0005
15.24,-0.00013,-0.00016,0.0002,0.00085,-0.00018,-0.00012,0.00015,0.01021,-4e-05,-0.00235,-0.00917,0.0008,0.00031,-0.00014,0.00219,0.00159,0.00129,-4e-05,-1e-05,-2e-05,0.00042,0.00018,0.00029,-0.00057,-3e-05,0.00013,0.00235,0.00136,0.00046,-1e-05,-0.00193,-0.00034,-3e-05,-0.00041
15.26,-0.00013,-0.00017,0.00021,0.00089,-0.00018,-0.00012,0.00014,0.01064,-5e-05,-0.00224,-0.00877,0.00079,0.0003,-0.00013,0.00233,0.00181,0.00124,-4e-05,-2e-05,-3e-05,0.00043,0.00021,0.00029,-0.00066,-0,0.00012,0.00235,0.00141,0.00045,2e-05,-0.00199,-0.00035,-3e-05,-0.00034
15.28,-0.00013,-0.00017,0.00022,0.00094,-0.00018,-0.00012,0.00013,0.01114,-6e-05,-0.00217,-0.00835,0.00077,0.0003,-0.00011,0.0025,0.00211,0.0012,-5e-05,-4e-05,-4e-05,0.00045,0.00023,0.0003,-0.00076,3e-05,0.00011,0.00239,0.00147,0.00044,5e-05,-0.00206,-0.00036,-3e-05,-0.00025
15.3,-0.00012,-0.00018,0.00022,0.00099,-0.00018,-0.00012,0.00012,0.01157,-7e-05,-0.00202,-0.00801,0.00075,0.00028,-0.0001,0.00264,0.00238,0.00114,-6e-05,-5e-05,-5e-05,0.00046,0.00026,0.00029,-0.00087,6e-05,0.00011,0.00237,0.00152,0.00044,8e-05,-0.0021,-0.00038,-3e-05,-0.00019
15.32,-0.00011,-0.00018,0.00023,0.00101,-0.00018,-0.00012,0.00011,0.01174,-8e-05,-0.00166,-0.00784,0.00072,0.00026,-8e-05,0.00267,0.00248,0.00101,-7e-05,-7e-05,-6e-05,0.00047,0.0003,0.00026,-0.00099,9e-05,0.00011,0.00219,0.00154,0.00045,0.0001,-0.00203,-0.00041,-3e-05,-0.00018
15.34,-0.0001,-0.00018,0.00024,0.00101,-0.00018,-0.00012,9e-05,0.01181,-9e-05,-0.00129,-0.00774,0.00068,0.00024,-7e-05,0.00265,0.00249,0.00089,-9e-05,-9e-05,-7e-05,0.00048,0.00035,0.00023,-0.00111,0.00012,0.00011,0.00196,0.00154,0.00048,0.00012,-0.00193,-0.00044,-4e-05,-0.00018
15.36,-9e-05,-0.00018,0.00026,0.00102,-0.00019,-0.00012,8e-05,0.01194,-0.00011,-0.00102,-0.00761,0.00064,0.00021,-5e-05,0.00265,0.00255,0.0008,-0.00011,-0.00011,-8e-05,0.00048,0.0004,0.0002,-0.00126,0.00014,0.00011,0.00178,0.00155,0.00049,0.00015,-0.00184,-0.00047,-4e-05,-0.00018
15.38,-8e-05,-0.00019,0.00027,0.00104,-0.00019,-0.00012,6e-05,0.01205,-0.00012,-0.00079,-0.00746,0.0006,0.00019,-4e-05,0.00266,0.00262,0.00071,-0.00013,-0.00013,-9e-05,0.00049,0.00045,0.00018,-0.00146,0.00017,0.00011,0.00158,0.00156,0.00051,0.00017,-0.00176,-0.0005,-4e-05,-0.00018
15.4,-7e-05,-0.00019,0.00028,0.00105,-0.00019,-0.00012,5e-05,0.01216,-0.00013,-0.00062,-0.00735,0.00055,0.00017,-3e-05,0.00265,0.00266,0.00065,-0.00014,-0.00015,-9e-05,0.0005,0.00049,0.00016,-0.00165,0.00019,0.00011,0.00143,0.00157,0.00053,0.0002,-0.00167,-0.00053,-5e-05,-0.00018
15.42,-7e-05,-0.00021,0.00029,0.00106,-0.00019,-0.00012,3e-05,0.01228,-0.00014,-0.0005,-0.00735,0.00048,0.00017,-2e-05,0.00265,0.00265,0.00066,-0.00016,-0.00017,-9e-05,0.00051,0.00049,0.00016,-0.00169,0.00019,0.00011,0.00139,0.00156,0.00052,0.00023,-0.00154,-0.00056,-5e-05,-0.00021
15.44,-7e-05,-0.00024,0.00031,0.00108,-0.0002,-0.00012,2e-05,0.0124,-0.00015,-0.00041,-0.00737,0.00041,0.00018,-2e-05,0.00265,0.00262,0.00069,-0.00018,-0.00018,-9e-05,0.00051,0.00049,0.00016,-0.00166,0.00018,0.00011,0.0014,0.00154,0.0005,0.00026,-0.00141,-0.0006,-6e-05,-0.00024
15.46,-8e-05,-0.00026,0.00033,0.00109,-0.0002,-0.00012,1e-05,0.01251,-0.00016,-0.00034,-0.00735,0.00034,0.00018,-1e-05,0.00264,0.0026,0.00071,-0.00019,-0.0002,-9e-05,0.00052,0.00049,0.00016,-0.00167,0.00018,0.00011,0.00139,0.00153,0.00049,0.00029,-0.00129,-0.00063,-6e-05,-0.00026
15.48,-8e-05,-0.00028,0.00035,0.00111,-0.00021,-0.00012,0,0.01264,-0.00017,-0.00028,-0.00746,0.00029,0.00019,-1e-05,0.00264,0.0026,0.00072,-0.0002,-0.00021,-8e-05,0.00053,0.00049,0.00017,-0.00169,0.00018,0.00011,0.00138,0.00152,0.00048,0.00032,-0.00118,-0.00066,-6e-05,-0.00029
15.5,-8e-05,-0.00031,0.00037,0.00113,-0.00021,-0.00012,-1e-05,0.01274,-0.00018,-0.00024,-0.00733,0.00024,0.00019,-1e-05,0.00263,0.00255,0.00074,-0.00021,-0.00022,-8e-05,0.00054,0.00049,0.00017,-0.00169,0.00018,0.00011,0.00138,0.0015,0.00047,0.00035,-0.00106,-0.00068,-6e-05,-0.0003
15.52,-8e-05,-0.00034,0.00038,0.00115,-0.00022,-0.00012,-1e-05,0.01277,-0.00018,-0.00025,-0.00653,0.00016,0.00017,-1e-05,0.00262,0.00236,0.0008,-0.00021,-0.00023,-8e-05,0.00055,0.00047,0.00016,-0.0016,0.00019,0.0001,0.00143,0.00146,0.00044,0.00036,-0.00093,-0.00069,-7e-05,-0.00031
15.54,-9e-05,-0.00038,0.00039,0.00118,-0.00022,-0.00012,-2e-05,0.01278,-0.00019,-0.00027,-0.00566,9e-05,0.00016,-1e-05,0.00261,0.00214,0.00087,-0.00021,-0.00024,-7e-05,0.00056,0.00044,0.00014,-0.00149,0.00019,0.0001,0.0015,0.00142,0.00041,0.00038,-0.0008,-0.00068,-7e-05,-0.00031
15.56,-9e-05,-0.00042,0.00041,0.0012,-0.00022,-0.00012,-3e-05,0.01279,-0.0002,-0.00028,-0.00503,5e-05,0.00015,-1e-05,0.00259,0.00196,0.00094,-0.00021,-0.00024,-7e-05,0.00057,0.00042,0.00012,-0.00141,0.0002,0.0001,0.00156,0.00138,0.00038,0.00039,-0.00069,-0.00068,-7e-05,-0.00031
15.58,-9e-05,-0.00046,0.00042,0.00123,-0.00023,-0.00012,-4e-05,0.01281,-0.00021,-0.00029,-0.00436,3e-05,0.00014,-0,0.00259,0.00179,0.00101,-0.00022,-0.00025,-7e-05,0.00058,0.0004,0.0001,-0.00133,0.00021,0.0001,0.00163,0.00135,0.00035,0.0004,-0.00059,-0.00068,-7e-05,-0.00033
15.6,-9e-05,-0.0005,0.00043,0.00126,-0.00023,-0.00012,-5e-05,0.01281,-0.00022,-0.0003,-0.004,3e-05,0.00013,-0,0.00257,0.00163,0.00107,-0.00022,-0.00025,-7e-05,0.00059,0.00037,9e-05,-0.00128,0.00021,0.0001,0.00168,0.00129,0.00032,0.00041,-0.00048,-0.00067,-7e-05,-0.00032
15.62,-9e-05,-0.00053,0.00044,0.00129,-0.00023,-0.00012,-6e-05,0.01273,-0.00025,-0.00029,-0.00426,9e-05,0.00015,-0,0.00249,0.00145,0.00107,-0.00024,-0.00025,-7e-05,0.00062,0.00036,0.00011,-0.0013,0.00019,0.0001,0.00168,0.00118,0.00029,0.00037,-0.00035,-0.00059,-6e-05,-0.00019
15.64,-8e-05,-0.00057,0.00045,0.00132,-0.00024,-0.00012,-6e-05,0.01263,-0.00029,-0.00029,-0.00476,0.00016,0.00018,-0,0.00239,0.00128,0.00104,-0.00025,-0.00025,-8e-05,0.00066,0.00034,0.00013,-0.00135,0.00017,0.00011,0.00167,0.00105,0.00026,0.00033,-0.00023,-0.00051,-4e-05,-3e-05
15.66,-7e-05,-0.0006,0.00045,0.00136,-0.00024,-0.00012,-7e-05,0.01255,-0.00032,-0.00029,-0.00516,0.00023,0.0002,-0,0.00232,0.00114,0.00103,-0.00027,-0.00025,-8e-05,0.00069,0.00033,0.00014,-0.00138,0.00015,0.00011,0.00167,0.00094,0.00023,0.00029,-0.00014,-0.00043,-2e-05,0.0001
15.68,-7e-05,-0.00063,0.00046,0.00139,-0.00024,-0.00012,-7e-05,0.01242,-0.00035,-0.00028,-0.00564,0.00028,0.00022,-0,0.00223,0.001,0.00102,-0.00028,-0.00025,-9e-05,0.00073,0.00032,0.00016,-0.00142,0.00014,0.00012,0.00166,0.00084,0.0002,0.00026,-7e-05,-0.00037,-0,0.00026
15.7,-6e-05,-0.00066,0.00047,0.00142,-0.00025,-0.00013,-8e-05,0.01238,-0.00037,-0.00027,-0.00608,0.00034,0.00023,-1e-05,0.00217,0.0009,0.00101,-0.00029,-0.00025,-9e-05,0.00076,0.00031,0.00017,-0.00145,0.00012,0.00012,0.00165,0.00075,0.00017,0.00023,-2e-05,-0.0003,1e-05,0.00036
15.72,-3e-05,-0.00068,0.00045,0.00144,-0.00025,-0.00014,-8e-05,0.01262,-0.00039,-0.00028,-0.00631,0.0004,0.00023,-1e-05,0.00221,0.00084,0.001,-0.0003,-0.00024,-9e-05,0.00078,0.00031,0.00017,-0.00147,0.0001,0.00012,0.00162,0.00065,0.00017,0.00019,2e-05,-0.00021,1e-05,0.00029
15.74,-0,-0.00069,0.00044,0.00146,-0.00025,-0.00015,-8e-05,0.01295,-0.00041,-0.00029,-0.00646,0.00046,0.00023,-1e-05,0.00228,0.0008,0.001,-0.0003,-0.00024,-0.0001,0.0008,0.00032,0.00016,-0.00147,8e-05,0.00013,0.00158,0.00056,0.00017,0.00015,3e-05,-0.00012,1e-05,0.00016
15.76,2e-05,-0.0007,0.00043,0.00147,-0.00026,-0.00016,-7e-05,0.01322,-0.00043,-0.00029,-0.00665,0.00051,0.00023,-2e-05,0.00233,0.00076,0.00099,-0.0003,-0.00024,-0.0001,0.00082,0.00033,0.00015,-0.00148,6e-05,0.00013,0.00155,0.00049,0.00017,0.00011,4e-05,-5e-05,0,6e-05
15.78,5e-05,-0.00072,0.00042,0.00149,-0.00026,-0.00016,-7e-05,0.01358,-0.00045,-0.00029,-0.00683,0.00055,0.00022,-2e-05,0.00239,0.00072,0.00099,-0.0003,-0.00023,-0.0001,0.00084,0.00034,0.00015,-0.00149,4e-05,0.00013,0.00151,0.00043,0.00017,7e-05,3e-05,4e-05,0,-3e-05
15.8,7e-05,-0.00073,0.00041,0.00151,-0.00027,-0.00017,-7e-05,0.01379,-0.00047,-0.0003,-0.00701,0.00058,0.00022,-2e-05,0.00244,0.00069,0.00099,-0.0003,-0.00023,-0.0001,0.00086,0.00035,0.00014,-0.0015,2e-05,0.00013,0.00149,0.00038,0.00018,5e-05,1e-05,9e-05,0,-0.00014
15.82,9e-05,-0.00072,0.0004,0.00152,-0.00027,-0.00017,-7e-05,0.0135,-0.00046,-0.0003,-0.00719,0.0006,0.00022,-2e-05,0.00249,0.00069,0.00098,-0.0003,-0.00023,-0.0001,0.00088,0.00037,0.00014,-0.00149,0,0.00013,0.0015,0.00035,0.00021,3e-05,-3e-05,4e-05,-0,-0.00033
15.84,0.0001,-0.0007,0.0004,0.00152,-0.00027,-0.00017,-7e-05,0.01305,-0.00044,-0.00029,-0.00737,0.0006,0.00023,-2e-05,0.00253,0.00069,0.00097,-0.0003,-0.00024,-0.0001,0.00089,0.00039,0.00014,-0.00148,-1e-05,0.00014,0.00152,0.00033,0.00025,2e-05,-9e-05,-3e-05,-1e-05,-0.00054
15.86,0.00012,-0.00069,0.00039,0.00153,-0.00027,-0.00018,-7e-05,0.0127,-0.00043,-0.00029,-0.00756,0.00061,0.00023,-3e-05,0.00257,0.00069,0.00096,-0.0003,-0.00024,-0.0001,0.00091,0.00041,0.00014,-0.00148,-3e-05,0.00014,0.00153,0.00032,0.00028,1e-05,-0.00014,-9e-05,-1e-05,-0.00073
15.88,0.00013,-0.00068,0.00039,0.00154,-0.00028,-0.00018,-7e-05,0.01234,-0.00042,-0.00029,-0.00775,0.00061,0.00023,-3e-05,0.00262,0.00069,0.00095,-0.0003,-0.00025,-0.0001,0.00093,0.00043,0.00014,-0.00147,-5e-05,0.00014,0.00155,0.0003,0.00031,-0,-0.00019,-0.00015,-2e-05,-0.00096
15.9,0.00015,-0.00068,0.00038,0.00155,-0.00028,-0.00018,-7e-05,0.01199,-0.00041,-0.00029,-0.00793,0.00062,0.00023,-2e-05,0.00266,0.00069,0.00094,-0.0003,-0.00025,-0.0001,0.00096,0.00044,0.00014,-0.00146,-6e-05,0.00014,0.00157,0.0003,0.00034,-2e-05,-0.00025,-0.00019,-2e-05,-0.00112
15.92,0.00016,-0.00067,0.00038,0.00155,-0.00028,-0.00018,-8e-05,0.01163,-0.00041,-0.00029,-0.0081,0.00063,0.00023,-2e-05,0.00266,0.00072,0.00092,-0.00031,-0.00026,-0.0001,0.00098,0.00044,0.00014,-0.00146,-8e-05,0.00014,0.00156,0.00031,0.00034,-4e-05,-0.00032,-0.00021,-2e-05,-0.00108
15.94,0.00017,-0.00067,0.00037,0.00154,-0.00027,-0.00018,-8e-05,0.01129,-0.0004,-0.00029,-0.00825,0.00065,0.00023,-2e-05,0.00266,0.00076,0.00089,-0.00031,-0.00026,-0.00011,0.001,0.00044,0.00013,-0.00145,-9e-05,0.00014,0.00155,0.00033,0.00034,-6e-05,-0.0004,-0.00021,-3e-05,-0.00097
15.96,0.00018,-0.00066,0.00036,0.00154,-0.00027,-0.00018,-8e-05,0.01097,-0.0004,-0.00029,-0.0084,0.00066,0.00023,-2e-05,0.00265,0.00079,0.00087,-0.00031,-0.00027,-0.00011,0.00103,0.00044,0.00013,-0.00145,-0.0001,0.00015,0.00154,0.00034,0.00034,-9e-05,-0.00048,-0.00021,-3e-05,-0.0009
15.98,0.00019,-0.00066,0.00036,0.00154,-0.00027,-0.00018,-8e-05,0.01062,-0.0004,-0.00029,-0.00861,0.00067,0.00024,-2e-05,0.00265,0.00083,0.00084,-0.00031,-0.00028,-0.00011,0.00105,0.00045,0.00012,-0.00144,-0.00012,0.00015,0.00154,0.00035,0.00034,-0.00011,-0.00055,-0.00022,-3e-05,-0.00084
16,0.0002,-0.00066,0.00035,0.00154,-0.00027,-0.00017,-7e-05,0.01036,-0.0004,-0.00029,-0.00871,0.00069,0.00024,-2e-05,0.00265,0.00085,0.00082,-0.00031,-0.00029,-0.00011,0.00108,0.00044,0.00011,-0.00144,-0.00013,0.00015,0.00153,0.00037,0.00034,-0.00014,-0.00062,-0.00022,-3e-05,-0.00074
16.02,0.0002,-0.00067,0.00034,0.00153,-0.00026,-0.00017,-7e-05,0.01033,-0.00039,-0.00027,-0.00852,0.0007,0.00023,-1e-05,0.00265,0.00083,0.00082,-0.0003,-0.0003,-0.0001,0.00111,0.00041,0.0001,-0.00144,-0.00015,0.00015,0.00153,0.00039,0.0003,-0.0002,-0.00073,-0.00018,-2e-05,-0.00055
16.04,0.0002,-0.00069,0.00033,0.00152,-0.00025,-0.00017,-6e-05,0.01038,-0.00038,-0.00026,-0.00824,0.00071,0.00022,-1e-05,0.00265,0.00079,0.00081,-0.00029,-0.00032,-0.0001,0.00114,0.00037,8e-05,-0.00143,-0.00016,0.00015,0.00153,0.00043,0.00026,-0.00026,-0.00088,-0.00014,-2e-05,-0.00033
16.06,0.0002,-0.0007,0.00032,0.00151,-0.00025,-0.00016,-6e-05,0.01039,-0.00038,-0.00025,-0.00802,0.00072,0.00021,-1e-05,0.00265,0.00076,0.0008,-0.00029,-0.00033,-9e-05,0.00118,0.00034,6e-05,-0.00143,-0.00017,0.00016,0.00154,0.00045,0.00022,-0.00032,-0.00105,-0.0001,-1e-05,-0.00015
16.08,0.0002,-0.00072,0.00031,0.00149,-0.00024,-0.00016,-5e-05,0.0104,-0.00038,-0.00023,-0.00781,0.00073,0.00021,-1e-05,0.00265,0.00073,0.00079,-0.00028,-0.00034,-9e-05,0.00121,0.0003,4e-05,-0.00143,-0.00019,0.00016,0.00154,0.00048,0.00019,-0.00038,-0.00132,-6e-05,-0,7e-05
16.1,0.0002,-0.00073,0.0003,0.00148,-0.00024,-0.00016,-3e-05,0.01042,-0.00037,-0.00022,-0.00761,0.00074,0.00021,-1e-05,0.00264,0.0007,0.00079,-0.00027,-0.00035,-8e-05,0.00125,0.00027,2e-05,-0.00142,-0.0002,0.00016,0.00155,0.00051,0.00016,-0.00043,-0.00162,-4e-05,0,0.00021
16.12,0.00019,-0.00072,0.0003,0.00148,-0.00024,-0.00016,-2e-05,0.01045,-0.00038,-0.00022,-0.00744,0.00074,0.00021,-0,0.00264,0.00068,0.00078,-0.00027,-0.00036,-8e-05,0.00127,0.00026,-1e-05,-0.00139,-0.00023,0.00016,0.00156,0.00052,0.00014,-0.00044,-0.00176,-6e-05,0,0.00015
16.14,0.00018,-0.0007,0.00029,0.00148,-0.00024,-0.00016,-1e-05,0.01048,-0.00038,-0.00022,-0.0073,0.00073,0.00021,-0,0.00263,0.00066,0.00077,-0.00027,-0.00036,-8e-05,0.0013,0.00026,-4e-05,-0.00135,-0.00025,0.00017,0.00157,0.00052,0.00014,-0.00043,-0.00182,-0.0001,-1e-05,1e-05
16.16,0.00017,-0.00069,0.00029,0.00147,-0.00024,-0.00016,0,0.01051,-0.00038,-0.00022,-0.00718,0.00073,0.00021,-0,0.00263,0.00064,0.00076,-0.00027,-0.00037,-7e-05,0.00133,0.00026,-6e-05,-0.00131,-0.00027,0.00017,0.00159,0.00053,0.00013,-0.00043,-0.00194,-0.00013,-1e-05,-8e-05
16.18,0.00017,-0.00068,0.00028,0.00147,-0.00024,-0.00016,1e-05,0.01053,-0.00038,-0.00021,-0.00699,0.00073,0.00021,0,0.00262,0.00063,0.00075,-0.00027,-0.00037,-7e-05,0.00136,0.00025,-9e-05,-0.00127,-0.00029,0.00018,0.0016,0.00054,0.00012,-0.00043,-0.00209,-0.00016,-1e-05,-0.00018
16.2,0.00016,-0.00065,0.00028,0.00147,-0.00024,-0.00016,2e-05,0.01057,-0.00039,-0.00021,-0.00694,0.00073,0.00022,0,0.00262,0.00062,0.00074,-0.00028,-0.00037,-7e-05,0.00138,0.00026,-0.00012,-0.00122,-0.00031,0.00018,0.00162,0.00055,0.00012,-0.00043,-0.00219,-0.00018,-2e-05,-0.00029
16.22,0.00015,-0.0006,0.00027,0.00147,-0.00023,-0.00016,2e-05,0.01069,-0.00039,-0.0002,-0.00732,0.00073,0.00024,0,0.00261,0.00062,0.00072,-0.00028,-0.00037,-7e-05,0.00138,0.0003,-0.00016,-0.00114,-0.00032,0.00018,0.00167,0.00057,0.00014,-0.00044,-0.00215,-0.00016,-1e-05,-0.0004
16.24,0.00014,-0.00053,0.00026,0.00147,-0.00023,-0.00017,2e-05,0.01083,-0.0004,-0.0002,-0.00785,0.00073,0.00026,0,0.0026,0.00064,0.00071,-0.00028,-0.00037,-7e-05,0.00137,0.00036,-0.0002,-0.00105,-0.00033,0.00018,0.00173,0.00059,0.00017,-0.00045,-0.00205,-0.00012,-1e-05,-0.00051
16.26,0.00013,-0.00047,0.00025,0.00147,-0.00023,-0.00017,2e-05,0.01095,-0.0004,-0.0002,-0.00832,0.00074,0.00028,0,0.00259,0.00065,0.0007,-0.00028,-0.00036,-7e-05,0.00136,0.0004,-0.00023,-0.00096,-0.00034,0.00019,0.00179,0.00061,0.00019,-0.00047,-0.00199,-9e-05,-1e-05,-0.00062
16.28,0.00011,-0.0004,0.00024,0.00147,-0.00023,-0.00017,2e-05,0.0111,-0.00041,-0.00019,-0.00893,0.00074,0.0003,1e-05,0.00258,0.00066,0.00069,-0.00029,-0.00036,-7e-05,0.00136,0.00046,-0.00027,-0.00089,-0.00035,0.00019,0.00184,0.00063,0.00022,-0.00048,-0.00193,-6e-05,-1e-05,-0.00073
16.3,0.0001,-0.00035,0.00023,0.00148,-0.00023,-0.00017,2e-05,0.01121,-0.00042,-0.00019,-0.00935,0.00075,0.00032,1e-05,0.00257,0.00067,0.00068,-0.00029,-0.00036,-7e-05,0.00134,0.0005,-0.0003,-0.0008,-0.00035,0.00019,0.00189,0.00065,0.00025,-0.0005,-0.00187,-4e-05,-0,-0.00083
16.32,0.0001,-0.00031,0.00023,0.00148,-0.00023,-0.00017,1e-05,0.01122,-0.00042,-0.00017,-0.00911,0.00077,0.00035,1e-05,0.00254,0.00068,0.00067,-0.00028,-0.00036,-7e-05,0.00128,0.00052,-0.00033,-0.00067,-0.00032,0.00018,0.00195,0.00068,0.00028,-0.00051,-0.00182,-5e-05,-0,-0.00086
16.34,9e-05,-0.00028,0.00022,0.00148,-0.00023,-0.00017,1e-05,0.01119,-0.00043,-0.00015,-0.00866,0.0008,0.00037,1e-05,0.0025,0.00069,0.00065,-0.00028,-0.00035,-7e-05,0.00121,0.00054,-0.00037,-0.00055,-0.00028,0.00017,0.00201,0.0007,0.00032,-0.00053,-0.00177,-7e-05,-1e-05,-0.00087
16.36,8e-05,-0.00025,0.00021,0.00148,-0.00023,-0.00016,0,0.01119,-0.00044,-0.00014,-0.00835,0.00082,0.00039,1e-05,0.00247,0.00071,0.00064,-0.00028,-0.00035,-7e-05,0.00114,0.00056,-0.00039,-0.00044,-0.00025,0.00017,0.00206,0.00073,0.00036,-0.00054,-0.00172,-9e-05,-1e-05,-0.00089
16.38,7e-05,-0.00022,0.00021,0.00148,-0.00023,-0.00016,0,0.01113,-0.00045,-0.00013,-0.00799,0.00084,0.00041,1e-05,0.00244,0.00072,0.00063,-0.00028,-0.00035,-7e-05,0.00108,0.00058,-0.00043,-0.00035,-0.00022,0.00016,0.00213,0.00076,0.00039,-0.00055,-0.00167,-0.0001,-1e-05,-0.00091
16.4,6e-05,-0.00019,0.0002,0.00148,-0.00023,-0.00016,0,0.01118,-0.00045,-0.00012,-0.00772,0.00086,0.00043,0,0.00242,0.00073,0.00062,-0.00027,-0.00035,-7e-05,0.00101,0.0006,-0.00044,-0.00027,-0.00019,0.00016,0.00216,0.00078,0.00043,-0.00057,-0.00165,-0.00012,-1e-05,-0.00093
16.42,6e-05,-0.00019,0.00021,0.00148,-0.00023,-0.00016,0,0.01156,-0.00047,-0.00013,-0.00769,0.00086,0.00047,0,0.00239,0.00073,0.00061,-0.00027,-0.00035,-7e-05,0.0009,0.00061,-0.00038,-0.00018,-0.00013,0.00015,0.00201,0.00082,0.00046,-0.00058,-0.00167,-0.00013,-1e-05,-0.0009
16.44,6e-05,-0.00019,0.00023,0.00148,-0.00023,-0.00016,1e-05,0.01206,-0.00048,-0.00015,-0.00773,0.00085,0.00052,-0,0.00236,0.00074,0.00059,-0.00027,-0.00035,-8e-05,0.00079,0.00062,-0.0003,-0.00011,-7e-05,0.00014,0.00182,0.00085,0.00049,-0.0006,-0.00172,-0.00014,-2e-05,-0.00087
16.46,6e-05,-0.00019,0.00024,0.00148,-0.00024,-0.00016,1e-05,0.01251,-0.00049,-0.00016,-0.00774,0.00085,0.00055,-0,0.00234,0.00075,0.00059,-0.00027,-0.00035,-8e-05,0.00069,0.00062,-0.00023,-7e-05,-1e-05,0.00013,0.00168,0.00088,0.00052,-0.00061,-0.00176,-0.00016,-2e-05,-0.00084
16.48,6e-05,-0.00019,0.00025,0.00148,-0.00024,-0.00016,2e-05,0.01304,-0.00051,-0.00017,-0.00775,0.00084,0.00059,-1e-05,0.00231,0.00076,0.00057,-0.00028,-0.00034,-8e-05,0.00061,0.00064,-0.00017,-3e-05,5e-05,0.00013,0.0015,0.00092,0.00055,-0.00063,-0.00179,-0.00017,-2e-05,-0.00082
16.5,6e-05,-0.00019,0.00026,0.00148,-0.00024,-0.00016,2e-05,0.01347,-0.00052,-0.00018,-0.00778,0.00084,0.00061,-1e-05,0.0023,0.00076,0.00057,-0.00028,-0.00035,-8e-05,0.00054,0.00064,-0.00012,-2e-05,8e-05,0.00012,0.0014,0.00095,0.00057,-0.00064,-0.00183,-0.00018,-2e-05,-0.00079
16.52,6e-05,-0.0002,0.00026,0.00149,-0.00024,-0.00016,3e-05,0.01354,-0.00052,-0.00019,-0.00786,0.00084,0.0006,-1e-05,0.00232,0.00075,0.00058,-0.00028,-0.00035,-8e-05,0.00049,0.00061,-9e-05,-3e-05,7e-05,0.00012,0.00149,0.00098,0.00058,-0.00063,-0.00185,-0.0002,-2e-05,-0.00078
16.54,6e-05,-0.00021,0.00026,0.0015,-0.00024,-0.00016,3e-05,0.01346,-0.00051,-0.0002,-0.00797,0.00083,0.00058,-1e-05,0.00237,0.00072,0.00061,-0.00028,-0.00035,-7e-05,0.00046,0.00056,-6e-05,-6e-05,3e-05,0.00012,0.00165,0.00101,0.00058,-0.00062,-0.00188,-0.00021,-3e-05,-0.00077
16.56,7e-05,-0.00022,0.00026,0.00151,-0.00025,-0.00016,3e-05,0.01344,-0.00051,-0.0002,-0.00806,0.00083,0.00056,-1e-05,0.0024,0.00071,0.00062,-0.00028,-0.00036,-7e-05,0.00042,0.00053,-4e-05,-9e-05,0,0.00013,0.00177,0.00104,0.00058,-0.00062,-0.0019,-0.00023,-3e-05,-0.00076
16.58,7e-05,-0.00023,0.00026,0.00151,-0.00025,-0.00016,3e-05,0.01346,-0.0005,-0.00021,-0.00817,0.00082,0.00055,-1e-05,0.00244,0.00069,0.00064,-0.00028,-0.00036,-7e-05,0.00039,0.00049,-1e-05,-0.00012,-2e-05,0.00013,0.00192,0.00107,0.00059,-0.00061,-0.00192,-0.00024,-3e-05,-0.00075
16.6,7e-05,-0.00023,0.00027,0.00152,-0.00025,-0.00016,4e-05,0.01337,-0.0005,-0.00021,-0.00824,0.00082,0.00053,-1e-05,0.00247,0.00068,0.00066,-0.00028,-0.00036,-7e-05,0.00037,0.00046,0,-0.00016,-5e-05,0.00013,0.00204,0.0011,0.00059,-0.0006,-0.00194,-0.00026,-3e-05,-0.00075
16.62,8e-05,-0.00024,0.00027,0.00152,-0.00025,-0.00016,3e-05,0.01303,-0.0005,-0.00021,-0.00815,0.00082,0.00052,-1e-05,0.00246,0.00068,0.00065,-0.00028,-0.00036,-6e-05,0.00036,0.00041,-0,-0.00022,-5e-05,0.00013,0.00208,0.00112,0.00058,-0.00058,-0.00193,-0.00027,-4e-05,-0.00075
16.64,9e-05,-0.00025,0.00027,0.00151,-0.00025,-0.00016,3e-05,0.01261,-0.00049,-0.00021,-0.00801,0.00082,0.0005,-1e-05,0.00244,0.00068,0.00063,-0.00029,-0.00036,-6e-05,0.00037,0.00036,-2e-05,-0.00028,-6e-05,0.00013,0.0021,0.00113,0.00057,-0.00056,-0.00191,-0.00029,-4e-05,-0.00075
16.66,0.0001,-0.00026,0.00028,0.00151,-0.00025,-0.00016,3e-05,0.01225,-0.00049,-0.00021,-0.00792,0.00082,0.00048,-1e-05,0.00243,0.00069,0.00062,-0.00029,-0.00035,-6e-05,0.00037,0.00032,-3e-05,-0.00034,-6e-05,0.00013,0.00212,0.00115,0.00056,-0.00054,-0.00189,-0.00031,-4e-05,-0.00075
16.68,0.00011,-0.00027,0.00028,0.00151,-0.00025,-0.00016,3e-05,0.01186,-0.00049,-0.00021,-0.00775,0.00081,0.00048,-1e-05,0.00242,0.00069,0.00061,-0.00029,-0.00035,-5e-05,0.00036,0.00027,-3e-05,-0.00039,-6e-05,0.00013,0.00215,0.00117,0.00055,-0.00052,-0.00187,-0.00033,-4e-05,-0.00075
16.7,0.00012,-0.00028,0.00029,0.00151,-0.00025,-0.00016,2e-05,0.01155,-0.00048,-0.00021,-0.00772,0.00081,0.00046,-1e-05,0.0024,0.00069,0.00059,-0.00029,-0.00034,-5e-05,0.00037,0.00023,-4e-05,-0.00045,-6e-05,0.00013,0.00217,0.00119,0.00054,-0.00049,-0.00186,-0.00035,-5e-05,-0.00074
16.72,0.00013,-0.00027,0.00029,0.0015,-0.00025,-0.00016,2e-05,0.01142,-0.00048,-0.00022,-0.00811,0.00081,0.00044,-1e-05,0.00239,0.00071,0.00058,-0.00029,-0.00034,-6e-05,0.00038,0.00023,-6e-05,-0.00052,-3e-05,0.00013,0.00219,0.00121,0.00055,-0.00047,-0.00185,-0.00036,-5e-05,-0.00072
16.74,0.00013,-0.00027,0.0003,0.0015,-0.00025,-0.00016,1e-05,0.01137,-0.00048,-0.00023,-0.00865,0.0008,0.00041,-1e-05,0.00237,0.00074,0.00058,-0.00029,-0.00034,-7e-05,0.0004,0.00025,-8e-05,-0.00061,1e-05,0.00012,0.0022,0.00123,0.00057,-0.00044,-0.00183,-0.00038,-5e-05,-0.0007
16.76,0.00014,-0.00026,0.0003,0.00149,-0.00025,-0.00016,1e-05,0.01128,-0.00047,-0.00024,-0.00911,0.0008,0.00039,-1e-05,0.00236,0.00075,0.00057,-0.00028,-0.00033,-8e-05,0.00041,0.00025,-0.0001,-0.0007,4e-05,0.00011,0.00221,0.00126,0.00058,-0.00041,-0.00182,-0.00039,-5e-05,-0.00068
16.78,0.00014,-0.00026,0.00031,0.00149,-0.00025,-0.00016,0,0.01119,-0.00046,-0.00025,-0.00972,0.0008,0.00036,-1e-05,0.00235,0.00077,0.00056,-0.00028,-0.00033,-9e-05,0.00042,0.00026,-0.00011,-0.00081,7e-05,0.00011,0.00225,0.00128,0.00059,-0.00038,-0.0018,-0.00041,-6e-05,-0.00066
16.8,0.00014,-0.00025,0.00031,0.00148,-0.00025,-0.00016,-0,0.01113,-0.00046,-0.00025,-0.01014,0.00079,0.00035,-1e-05,0.00234,0.00079,0.00056,-0.00027,-0.00033,-0.0001,0.00043,0.00027,-0.00013,-0.00093,0.0001,0.0001,0.00223,0.0013,0.0006,-0.00035,-0.00178,-0.00043,-6e-05,-0.00064
16.82,0.00014,-0.00025,0.00031,0.00147,-0.00024,-0.00016,-1e-05,0.01112,-0.00045,-0.00025,-0.00988,0.0008,0.00038,-1e-05,0.00234,0.00081,0.00055,-0.00027,-0.00033,-0.0001,0.00045,0.0003,-0.00013,-0.00104,0.0001,0.00011,0.00203,0.00132,0.00061,-0.00031,-0.00173,-0.00045,-6e-05,-0.00062
16.84,0.00013,-0.00024,0.00031,0.00146,-0.00024,-0.00016,-1e-05,0.01114,-0.00044,-0.00024,-0.00942,0.0008,0.00043,-1e-05,0.00234,0.00083,0.00055,-0.00026,-0.00032,-0.0001,0.00046,0.00034,-0.00014,-0.00116,0.0001,0.00011,0.00179,0.00133,0.00062,-0.00027,-0.00167,-0.00047,-7e-05,-0.00059
16.86,0.00012,-0.00023,0.00031,0.00145,-0.00024,-0.00016,-0,0.01114,-0.00043,-0.00023,-0.00907,0.0008,0.00045,-1e-05,0.00235,0.00084,0.00055,-0.00026,-0.00032,-0.0001,0.00048,0.00037,-0.00014,-0.00131,0.0001,0.00012,0.0016,0.00134,0.00063,-0.00022,-0.00161,-0.0005,-7e-05,-0.00057
16.88,0.00012,-0.00023,0.00031,0.00145,-0.00024,-0.00016,0,0.01116,-0.00042,-0.00023,-0.00872,0.0008,0.00049,-1e-05,0.00235,0.00086,0.00055,-0.00026,-0.00032,-0.0001,0.00049,0.0004,-0.00014,-0.00152,9e-05,0.00012,0.00138,0.00136,0.00064,-0.00019,-0.00157,-0.00052,-8e-05,-0.00054
16.9,0.00011,-0.00023,0.00031,0.00144,-0.00024,-0.00016,1e-05,0.01116,-0.0004,-0.00022,-0.00838,0.0008,0.0005,-2e-05,0.00236,0.00087,0.00055,-0.00026,-0.00032,-0.0001,0.0005,0.00042,-0.00015,-0.0017,0.0001,0.00012,0.00124,0.00136,0.00064,-0.00014,-0.00149,-0.00054,-8e-05,-0.00053
16.92,0.0001,-0.00024,0.00031,0.00143,-0.00024,-0.00016,1e-05,0.0111,-0.00034,-0.00022,-0.00811,0.00079,0.00043,-2e-05,0.00238,0.00087,0.00055,-0.00026,-0.00032,-0.00011,0.00051,0.00042,-0.00015,-0.00164,0.00012,0.00012,0.00126,0.00131,0.0006,-8e-05,-0.00133,-0.00058,-9e-05,-0.00056
16.94,8e-05,-0.00027,0.00032,0.00143,-0.00024,-0.00017,2e-05,0.01103,-0.00027,-0.00023,-0.00785,0.00077,0.00035,-2e-05,0.00241,0.00086,0.00056,-0.00025,-0.00032,-0.00012,0.00051,0.00041,-0.00016,-0.00151,0.00015,0.00011,0.00133,0.00126,0.00055,-1e-05,-0.00115,-0.00062,-9e-05,-0.00062
16.96,7e-05,-0.00029,0.00032,0.00142,-0.00024,-0.00017,3e-05,0.01098,-0.00022,-0.00023,-0.00759,0.00075,0.00028,-2e-05,0.00244,0.00085,0.00056,-0.00025,-0.00032,-0.00012,0.00052,0.0004,-0.00017,-0.00143,0.00017,0.00011,0.00138,0.00121,0.00051,4e-05,-0.00101,-0.00066,-0.0001,-0.00065
16.98,6e-05,-0.00031,0.00033,0.00141,-0.00025,-0.00017,3e-05,0.01088,-0.00018,-0.00023,-0.00737,0.00074,0.00021,-2e-05,0.00247,0.00084,0.00056,-0.00025,-0.00032,-0.00013,0.00052,0.00039,-0.00018,-0.00134,0.00019,0.0001,0.00143,0.00117,0.00047,0.0001,-0.00088,-0.0007,-0.00011,-0.00071
17,5e-05,-0.00034,0.00033,0.00141,-0.00025,-0.00017,3e-05,0.01089,-0.00015,-0.00023,-0.00713,0.00073,0.00016,-3e-05,0.0025,0.00084,0.00057,-0.00026,-0.00033,-0.00014,0.00053,0.00038,-0.00018,-0.00127,0.00021,0.0001,0.00149,0.00112,0.00043,0.00015,-0.00076,-0.00073,-0.00011,-0.00073
17.02,4e-05,-0.00038,0.00033,0.00142,-0.00025,-0.00017,3e-05,0.01126,-0.00014,-0.00023,-0.00681,0.00074,0.00018,-3e-05,0.00253,0.00088,0.00059,-0.00029,-0.00032,-0.00013,0.00055,0.00035,-0.00015,-0.00125,0.0002,0.0001,0.00152,0.00107,0.00036,0.00017,-0.00066,-0.00073,-0.0001,-0.00064
17.04,3e-05,-0.00042,0.00033,0.00144,-0.00026,-0.00018,3e-05,0.01176,-0.00014,-0.00023,-0.00648,0.00076,0.00021,-3e-05,0.00256,0.00092,0.00061,-0.00032,-0.00032,-0.00011,0.00057,0.00032,-0.00011,-0.00125,0.00018,0.0001,0.00156,0.00102,0.00029,0.00019,-0.00057,-0.00072,-9e-05,-0.00052
17.06,2e-05,-0.00047,0.00033,0.00145,-0.00026,-0.00018,3e-05,0.01221,-0.00014,-0.00023,-0.0062,0.00077,0.00023,-3e-05,0.00259,0.00096,0.00063,-0.00034,-0.00032,-0.0001,0.0006,0.0003,-7e-05,-0.00124,0.00017,0.00011,0.00159,0.00097,0.00022,0.00021,-0.00049,-0.00072,-8e-05,-0.00042
17.08,1e-05,-0.00051,0.00033,0.00146,-0.00026,-0.00018,3e-05,0.01274,-0.00014,-0.00023,-0.00589,0.00079,0.00026,-3e-05,0.00263,0.00101,0.00065,-0.00036,-0.00032,-9e-05,0.00062,0.00027,-4e-05,-0.00124,0.00015,0.00011,0.00163,0.00093,0.00015,0.00022,-0.00042,-0.00072,-7e-05,-0.00032
17.1,0,-0.00055,0.00033,0.00147,-0.00027,-0.00018,2e-05,0.01318,-0.00015,-0.00023,-0.00569,0.00079,0.00027,-3e-05,0.00265,0.00104,0.00066,-0.00037,-0.00032,-9e-05,0.00064,0.00025,-1e-05,-0.00124,0.00014,0.00011,0.00166,0.00089,0.0001,0.00024,-0.00037,-0.00071,-6e-05,-0.00022
17.12,0,-0.00055,0.00032,0.00148,-0.00027,-0.00018,2e-05,0.01325,-0.00016,-0.00023,-0.00573,0.00078,0.00025,-3e-05,0.00266,0.001,0.00067,-0.00037,-0.00032,-9e-05,0.00066,0.00025,1e-05,-0.00123,0.00012,0.00011,0.0017,0.00087,7e-05,0.00025,-0.00035,-0.00067,-5e-05,-9e-05
17.14,1e-05,-0.00054,0.00032,0.00149,-0.00026,-0.00017,1e-05,0.01319,-0.00018,-0.00023,-0.00586,0.00076,0.00023,-3e-05,0.00265,0.00095,0.00067,-0.00036,-0.00033,-9e-05,0.00067,0.00025,2e-05,-0.00122,0.0001,0.00011,0.00173,0.00085,6e-05,0.00026,-0.00033,-0.00062,-3e-05,4e-05
17.16,1e-05,-0.00054,0.00031,0.0015,-0.00026,-0.00017,1e-05,0.0132,-0.00019,-0.00022,-0.00594,0.00074,0.00021,-2e-05,0.00265,0.00091,0.00067,-0.00035,-0.00033,-9e-05,0.00069,0.00025,4e-05,-0.00121,8e-05,0.00011,0.00176,0.00083,4e-05,0.00027,-0.00031,-0.00058,-1e-05,0.00017
17.18,1e-05,-0.00054,0.00031,0.00151,-0.00026,-0.00017,1e-05,0.01319,-0.0002,-0.00022,-0.00604,0.00073,0.00018,-2e-05,0.00265,0.00087,0.00067,-0.00034,-0.00033,-9e-05,0.0007,0.00025,6e-05,-0.0012,6e-05,0.00011,0.0018,0.00081,2e-05,0.00029,-0.00029,-0.00055,0,0.0003
17.2,2e-05,-0.00053,0.0003,0.00152,-0.00026,-0.00017,1e-05,0.01319,-0.00021,-0.00022,-0.00612,0.00072,0.00017,-2e-05,0.00265,0.00084,0.00067,-0.00034,-0.00033,-9e-05,0.00072,0.00025,7e-05,-0.00119,4e-05,0.00011,0.00183,0.00079,1e-05,0.0003,-0.00027,-0.00051,1e-05,0.00041
17.22,3e-05,-0.00053,0.00031,0.00152,-0.00026,-0.00017,0,0.01323,-0.00022,-0.00022,-0.00614,0.00072,0.00017,-2e-05,0.00265,0.00084,0.00067,-0.00034,-0.00033,-9e-05,0.00073,0.00026,8e-05,-0.00117,2e-05,0.00012,0.00185,0.00078,1e-05,0.0003,-0.00026,-0.00048,1e-05,0.00044
17.24,4e-05,-0.00053,0.00032,0.00153,-0.00027,-0.00017,0,0.01328,-0.00023,-0.00022,-0.00615,0.00073,0.00017,-2e-05,0.00265,0.00085,0.00067,-0.00034,-0.00032,-9e-05,0.00074,0.00027,0.0001,-0.00116,0,0.00012,0.00186,0.00076,2e-05,0.00029,-0.00025,-0.00045,1e-05,0.00045
17.26,4e-05,-0.00053,0.00032,0.00153,-0.00027,-0.00017,0,0.01332,-0.00023,-0.00022,-0.00616,0.00073,0.00018,-2e-05,0.00265,0.00086,0.00067,-0.00035,-0.00031,-0.0001,0.00076,0.00028,0.00011,-0.00115,-2e-05,0.00012,0.00187,0.00074,3e-05,0.00029,-0.00023,-0.00042,1e-05,0.00046
17.28,5e-05,-0.00053,0.00033,0.00153,-0.00027,-0.00017,0,0.01337,-0.00024,-0.00022,-0.00617,0.00074,0.00018,-2e-05,0.00265,0.00087,0.00067,-0.00035,-0.00031,-0.0001,0.00077,0.00029,0.00013,-0.00114,-3e-05,0.00013,0.00189,0.00073,4e-05,0.00029,-0.00022,-0.00039,1e-05,0.00048
17.3,6e-05,-0.00054,0.00033,0.00153,-0.00027,-0.00017,0,0.01342,-0.00025,-0.00022,-0.00617,0.00074,0.00018,-2e-05,0.00265,0.00088,0.00067,-0.00036,-0.00031,-0.0001,0.00079,0.0003,0.00014,-0.00113,-5e-05,0.00013,0.0019,0.00071,4e-05,0.00029,-0.00021,-0.00037,1e-05,0.00048
17.32,8e-05,-0.00055,0.00033,0.00153,-0.00027,-0.00017,0,0.0135,-0.00025,-0.00022,-0.00616,0.00075,0.00019,-2e-05,0.00265,0.0009,0.00066,-0.00036,-0.0003,-0.00011,0.00081,0.00032,0.00017,-0.00115,-6e-05,0.00013,0.00189,0.00067,5e-05,0.00027,-0.00018,-0.00034,0,0.00044
17.34,0.0001,-0.00057,0.00034,0.00152,-0.00027,-0.00017,0,0.01359,-0.00024,-0.00023,-0.00614,0.00075,0.00019,-2e-05,0.00265,0.00092,0.00066,-0.00036,-0.0003,-0.00011,0.00083,0.00033,0.00019,-0.00117,-7e-05,0.00014,0.00187,0.00062,6e-05,0.00025,-0.00016,-0.00033,-0,0.00038
17.36,0.00011,-0.00058,0.00034,0.00151,-0.00027,-0.00018,0,0.01368,-0.00024,-0.00023,-0.00612,0.00075,0.00019,-2e-05,0.00265,0.00093,0.00065,-0.00036,-0.0003,-0.00011,0.00086,0.00034,0.00022,-0.00119,-8e-05,0.00014,0.00185,0.00059,7e-05,0.00024,-0.00015,-0.00031,-1e-05,0.00033
17.38,0.00013,-0.0006,0.00035,0.0015,-0.00027,-0.00018,-0,0.01376,-0.00024,-0.00024,-0.00611,0.00075,0.00019,-2e-05,0.00265,0.00095,0.00065,-0.00036,-0.0003,-0.00011,0.00088,0.00035,0.00024,-0.00122,-9e-05,0.00014,0.00184,0.00055,8e-05,0.00022,-0.00014,-0.00029,-1e-05,0.00028
17.4,0.00015,-0.00061,0.00035,0.0015,-0.00027,-0.00018,-0,0.01386,-0.00025,-0.00024,-0.00609,0.00075,0.00019,-1e-05,0.00265,0.00096,0.00065,-0.00036,-0.00031,-0.00011,0.0009,0.00036,0.00026,-0.00124,-0.0001,0.00014,0.00183,0.00052,8e-05,0.0002,-0.00015,-0.00028,-1e-05,0.00023
17.42,0.00017,-0.00061,0.00035,0.0015,-0.00027,-0.00018,-1e-05,0.01397,-0.00026,-0.00024,-0.00608,0.00076,0.00019,-1e-05,0.00265,0.00095,0.00065,-0.00036,-0.00031,-0.00011,0.00092,0.00038,0.00028,-0.00125,-0.0001,0.00015,0.00183,0.00049,8e-05,0.00017,-0.00017,-0.0003,-2e-05,0.00018
17.44,0.0002,-0.00061,0.00034,0.0015,-0.00027,-0.00018,-1e-05,0.0141,-0.00027,-0.00025,-0.00607,0.00076,0.0002,-1e-05,0.00265,0.00092,0.00065,-0.00035,-0.00032,-0.00011,0.00094,0.00041,0.00029,-0.00125,-0.00011,0.00015,0.00184,0.00047,8e-05,0.00013,-0.0002,-0.00033,-2e-05,0.00013
17.46,0.00022,-0.0006,0.00034,0.0015,-0.00027,-0.00018,-1e-05,0.01422,-0.00028,-0.00025,-0.00606,0.00076,0.0002,-1e-05,0.00265,0.0009,0.00065,-0.00035,-0.00032,-0.00011,0.00096,0.00043,0.00031,-0.00126,-0.00011,0.00015,0.00184,0.00046,8e-05,0.0001,-0.00023,-0.00036,-2e-05,9e-05
17.48,0.00025,-0.0006,0.00033,0.0015,-0.00027,-0.00018,-1e-05,0.01435,-0.00029,-0.00025,-0.00606,0.00076,0.0002,-1e-05,0.00265,0.00088,0.00065,-0.00035,-0.00033,-0.00011,0.00097,0.00045,0.00032,-0.00127,-0.00012,0.00015,0.00185,0.00044,8e-05,6e-05,-0.00026,-0.00039,-2e-05,4e-05
17.5,0.00027,-0.0006,0.00033,0.00151,-0.00026,-0.00018,-2e-05,0.01447,-0.0003,-0.00025,-0.00606,0.00075,0.0002,-0,0.00265,0.00086,0.00065,-0.00034,-0.00034,-0.0001,0.001,0.00047,0.00034,-0.00129,-0.00013,0.00015,0.00185,0.00043,8e-05,4e-05,-0.0003,-0.00041,-2e-05,-1e-05
17.52,0.00029,-0.00059,0.00033,0.0015,-0.00026,-0.00018,-1e-05,0.01458,-0.00032,-0.00025,-0.00608,0.00073,0.0002,-0,0.00264,0.00083,0.00065,-0.00033,-0.00034,-0.0001,0.00103,0.00048,0.00036,-0.00133,-0.00012,0.00015,0.00182,0.00043,6e-05,2e-05,-0.00037,-0.0004,-2e-05,-2e-05
17.54,0.00031,-0.00059,0.00032,0.0015,-0.00026,-0.00018,-1e-05,0.01468,-0.00035,-0.00025,-0.00612,0.00071,0.0002,0,0.00264,0.00079,0.00065,-0.00032,-0.00035,-9e-05,0.00107,0.00049,0.00038,-0.00139,-0.00012,0.00015,0.00178,0.00043,4e-05,1e-05,-0.00044,-0.00039,-2e-05,-3e-05
17.56,0.00033,-0.00058,0.00032,0.0015,-0.00026,-0.00018,-1e-05,0.01478,-0.00037,-0.00025,-0.00616,0.00069,0.0002,1e-05,0.00264,0.00076,0.00065,-0.00031,-0.00036,-8e-05,0.00111,0.00049,0.0004,-0.00144,-0.00012,0.00015,0.00174,0.00044,2e-05,-0,-0.00051,-0.00038,-2e-05,-4e-05
17.58,0.00035,-0.00058,0.00032,0.0015,-0.00026,-0.00018,-0,0.01493,-0.00039,-0.00025,-0.00618,0.00067,0.0002,1e-05,0.00264,0.00072,0.00066,-0.00031,-0.00036,-8e-05,0.00116,0.0005,0.00043,-0.00149,-0.00011,0.00015,0.00171,0.00043,-0,-1e-05,-0.00058,-0.00037,-2e-05,-5e-05
17.6,0.00037,-0.00058,0.00031,0.00149,-0.00026,-0.00018,0,0.01495,-0.00041,-0.00025,-0.00624,0.00065,0.0002,1e-05,0.00264,0.0007,0.00065,-0.0003,-0.00036,-7e-05,0.0012,0.0005,0.00044,-0.00154,-0.00011,0.00015,0.00168,0.00044,-2e-05,-3e-05,-0.00065,-0.00036,-3e-05,-6e-05
17.62,0.00038,-0.00058,0.0003,0.00148,-0.00025,-0.00018,0,0.01462,-0.00041,-0.00025,-0.00646,0.00062,0.0002,1e-05,0.00261,0.00067,0.00064,-0.0003,-0.00036,-7e-05,0.00124,0.00049,0.00045,-0.00157,-0.00011,0.00015,0.00164,0.00046,-5e-05,-8e-05,-0.00077,-0.00033,-2e-05,-7e-05
17.64,0.0004,-0.00058,0.0003,0.00146,-0.00025,-0.00017,1e-05,0.01417,-0.00041,-0.00025,-0.00673,0.00059,0.00021,1e-05,0.00259,0.00065,0.00063,-0.0003,-0.00036,-6e-05,0.00127,0.00047,0.00045,-0.00159,-0.00012,0.00015,0.00161,0.00049,-9e-05,-0.00013,-0.00093,-0.0003,-2e-05,-9e-05
17.66,0.00041,-0.00059,0.00029,0.00144,-0.00025,-0.00017,1e-05,0.01379,-0.00041,-0.00025,-0.00698,0.00056,0.00021,1e-05,0.00256,0.00063,0.00061,-0.0003,-0.00036,-5e-05,0.00131,0.00045,0.00045,-0.00162,-0.00012,0.00015,0.00158,0.00051,-0.00012,-0.00018,-0.00111,-0.00027,-2e-05,-0.00011
17.68,0.00043,-0.00059,0.00028,0.00142,-0.00024,-0.00018,1e-05,0.01341,-0.00042,-0.00025,-0.00725,0.00054,0.00022,0,0.00254,0.00061,0.0006,-0.0003,-0.00036,-5e-05,0.00135,0.00043,0.00045,-0.00165,-0.00012,0.00016,0.00154,0.00053,-0.00015,-0.00023,-0.00137,-0.00024,-2e-05,-0.00012
17.7,0.00044,-0.00059,0.00027,0.00141,-0.00024,-0.00018,0,0.01305,-0.00042,-0.00025,-0.00751,0.00053,0.00022,-0,0.00252,0.0006,0.00059,-0.00031,-0.00036,-4e-05,0.00138,0.00042,0.00044,-0.00166,-0.00013,0.00016,0.00152,0.00055,-0.00018,-0.00028,-0.00164,-0.00023,-2e-05,-0.00014
17.72,0.00045,-0.0006,0.00027,0.00143,-0.00024,-0.00018,-0,0.01272,-0.00042,-0.00025,-0.00774,0.00053,0.00022,-1e-05,0.00248,0.0006,0.00058,-0.00031,-0.00036,-5e-05,0.0014,0.0004,0.00041,-0.00162,-0.00014,0.00016,0.00154,0.00054,-0.00019,-0.00032,-0.00172,-0.00027,-3e-05,-0.00017
17.74,0.00046,-0.00061,0.00026,0.00145,-0.00025,-0.00018,-1e-05,0.01241,-0.00041,-0.00025,-0.00797,0.00054,0.00023,-1e-05,0.00245,0.0006,0.00057,-0.00031,-0.00035,-7e-05,0.00141,0.00039,0.00037,-0.00156,-0.00015,0.00016,0.00157,0.00053,-0.0002,-0.00035,-0.00172,-0.00033,-4e-05,-0.0002
17.76,0.00047,-0.00061,0.00026,0.00147,-0.00025,-0.00018,-1e-05,0.01212,-0.00041,-0.00025,-0.00819,0.00055,0.00023,-2e-05,0.00242,0.0006,0.00056,-0.00031,-0.00035,-8e-05,0.00143,0.00039,0.00034,-0.00152,-0.00016,0.00016,0.0016,0.00052,-0.00021,-0.00038,-0.00176,-0.00037,-4e-05,-0.00023
17.78,0.00048,-0.00062,0.00025,0.00149,-0.00025,-0.00018,-2e-05,0.01178,-0.00041,-0.00025,-0.00847,0.00055,0.00024,-2e-05,0.00238,0.0006,0.00055,-0.0003,-0.00034,-9e-05,0.00144,0.00037,0.00031,-0.00147,-0.00017,0.00017,0.00162,0.00051,-0.00022,-0.00041,-0.0018,-0.00043,-5e-05,-0.00027
17.8,0.00049,-0.00062,0.00024,0.0015,-0.00025,-0.00018,-2e-05,0.01157,-0.00041,-0.00025,-0.00864,0.00056,0.00024,-2e-05,0.00236,0.0006,0.00054,-0.0003,-0.00034,-9e-05,0.00145,0.00037,0.00027,-0.00142,-0.00018,0.00017,0.00165,0.00051,-0.00022,-0.00044,-0.00185,-0.00046,-5e-05,-0.0003
17.82,0.00049,-0.00058,0.00022,0.00153,-0.00025,-0.00019,-2e-05,0.01174,-0.0004,-0.00025,-0.00851,0.00059,0.00023,-2e-05,0.00239,0.00062,0.00056,-0.00031,-0.00034,-9e-05,0.00144,0.0004,0.00023,-0.00133,-0.00018,0.00017,0.00171,0.00055,-0.00018,-0.0005,-0.00196,-0.00039,-5e-05,-0.00027
17.84,0.00048,-0.00052,0.0002,0.00155,-0.00025,-0.00019,-2e-05,0.01204,-0.0004,-0.00026,-0.00827,0.00061,0.00022,-2e-05,0.00245,0.00063,0.00059,-0.00031,-0.00033,-9e-05,0.00142,0.00044,0.00018,-0.00123,-0.00019,0.00016,0.00177,0.00059,-0.00013,-0.00055,-0.00209,-0.00029,-5e-05,-0.00023
17.86,0.00048,-0.00046,0.00018,0.00157,-0.00025,-0.00019,-2e-05,0.01226,-0.0004,-0.00026,-0.00809,0.00063,0.00022,-2e-05,0.00249,0.00064,0.00061,-0.00031,-0.00033,-9e-05,0.0014,0.00047,0.00014,-0.00114,-0.00019,0.00016,0.00184,0.00062,-8e-05,-0.0006,-0.00222,-0.00022,-4e-05,-0.00021
17.88,0.00048,-0.00042,0.00017,0.0016,-0.00025,-0.00019,-1e-05,0.01256,-0.0004,-0.00026,-0.00793,0.00065,0.00021,-1e-05,0.00254,0.00065,0.00063,-0.00031,-0.00033,-8e-05,0.00139,0.0005,0.0001,-0.00106,-0.0002,0.00016,0.0019,0.00067,-4e-05,-0.00067,-0.00241,-0.00015,-4e-05,-0.00016
17.9,0.00048,-0.00036,0.00016,0.00161,-0.00025,-0.00019,-1e-05,0.01275,-0.00039,-0.00026,-0.00773,0.00067,0.0002,-0,0.00257,0.00066,0.00065,-0.0003,-0.00033,-8e-05,0.00137,0.00053,6e-05,-0.00098,-0.00019,0.00016,0.00196,0.0007,0,-0.00071,-0.00252,-9e-05,-4e-05,-0.00016
17.92,0.00046,-0.0003,0.00016,0.00157,-0.00024,-0.00018,-1e-05,0.0126,-0.00039,-0.00026,-0.0074,0.00068,0.0002,0,0.00256,0.00066,0.00064,-0.00028,-0.00032,-7e-05,0.00133,0.00058,3e-05,-0.00088,-0.00017,0.00015,0.00203,0.0007,3e-05,-0.00066,-0.00233,-9e-05,-3e-05,-0.00029
17.94,0.00044,-0.00023,0.00017,0.00151,-0.00023,-0.00017,-0,0.01232,-0.00039,-0.00025,-0.00706,0.00069,0.00019,1e-05,0.00252,0.00065,0.00062,-0.00026,-0.00031,-7e-05,0.00129,0.00062,1e-05,-0.00078,-0.00013,0.00014,0.00211,0.00068,5e-05,-0.00058,-0.00206,-0.00011,-2e-05,-0.00047
17.96,0.00042,-0.00017,0.00018,0.00146,-0.00022,-0.00017,0,0.01211,-0.00039,-0.00025,-0.00676,0.00069,0.00018,2e-05,0.0025,0.00065,0.00061,-0.00024,-0.00031,-6e-05,0.00125,0.00066,-1e-05,-0.00069,-0.0001,0.00014,0.00218,0.00068,7e-05,-0.00052,-0.00187,-0.00012,-1e-05,-0.00062
17.98,0.00041,-0.00011,0.00019,0.00142,-0.00021,-0.00016,0,0.0119,-0.00039,-0.00025,-0.00644,0.0007,0.00018,2e-05,0.00248,0.00064,0.0006,-0.00023,-0.0003,-6e-05,0.00121,0.0007,-4e-05,-0.00061,-8e-05,0.00013,0.00226,0.00067,8e-05,-0.00046,-0.00167,-0.00013,-0,-0.0008
18,0.00039,-5e-05,0.00019,0.00138,-0.0002,-0.00016,1e-05,0.01166,-0.00039,-0.00024,-0.00622,0.0007,0.00018,3e-05,0.00244,0.00064,0.00058,-0.00022,-0.0003,-5e-05,0.00117,0.00073,-5e-05,-0.00053,-5e-05,0.00012,0.00233,0.00067,0.0001,-0.00042,-0.00154,-0.00015,0,-0.00094
18.02,0.00036,-4e-05,0.0002,0.00134,-0.0002,-0.00015,1e-05,0.01132,-0.00039,-0.00024,-0.00627,0.00069,0.00018,3e-05,0.00237,0.00065,0.00055,-0.00021,-0.00029,-6e-05,0.00109,0.00072,-7e-05,-0.00043,2e-05,0.00011,0.0024,0.0007,0.00012,-0.00043,-0.00154,-0.00016,-0,-0.00095
18.04,0.00032,-4e-05,0.0002,0.00131,-0.0002,-0.00015,1e-05,0.01095,-0.00039,-0.00025,-0.00641,0.00067,0.00018,2e-05,0.00229,0.00067,0.00052,-0.00021,-0.00028,-6e-05,0.001,0.00069,-8e-05,-0.00035,9e-05,0.0001,0.00248,0.00073,0.00014,-0.00046,-0.00158,-0.00017,-1e-05,-0.00092
18.06,0.00029,-4e-05,0.0002,0.00128,-0.00019,-0.00015,1e-05,0.01063,-0.00039,-0.00025,-0.0065,0.00065,0.00019,2e-05,0.00221,0.00068,0.00049,-0.0002,-0.00028,-6e-05,0.00092,0.00066,-9e-05,-0.00028,0.00015,8e-05,0.00255,0.00077,0.00015,-0.00047,-0.0016,-0.00018,-2e-05,-0.00091
18.08,0.00026,-3e-05,0.0002,0.00125,-0.00019,-0.00015,1e-05,0.01028,-0.00039,-0.00025,-0.0066,0.00064,0.00019,1e-05,0.00214,0.00069,0.00046,-0.0002,-0.00027,-7e-05,0.00085,0.00064,-0.0001,-0.00022,0.00022,7e-05,0.00263,0.0008,0.00017,-0.00049,-0.00163,-0.00019,-2e-05,-0.00089
18.1,0.00023,-3e-05,0.0002,0.00123,-0.00019,-0.00015,1e-05,0.01,-0.00038,-0.00025,-0.00668,0.00063,0.00019,0,0.00208,0.0007,0.00045,-0.00021,-0.00027,-7e-05,0.00079,0.00061,-0.00011,-0.00018,0.00027,6e-05,0.0027,0.00083,0.00019,-0.00051,-0.00165,-0.0002,-3e-05,-0.00088
18.12,0.00021,-2e-05,0.00019,0.00124,-0.00019,-0.00016,0,0.00989,-0.00037,-0.00025,-0.00672,0.00063,0.00019,-1e-05,0.00206,0.00071,0.00044,-0.00022,-0.00027,-7e-05,0.00072,0.00059,-8e-05,-0.00016,0.00024,6e-05,0.00274,0.00086,0.0002,-0.00051,-0.00164,-0.00022,-3e-05,-0.00089
18.14,0.00019,-2e-05,0.00019,0.00125,-0.00019,-0.00016,0,0.00984,-0.00036,-0.00026,-0.00674,0.00063,0.00019,-2e-05,0.00206,0.00072,0.00044,-0.00023,-0.00028,-7e-05,0.00066,0.00056,-4e-05,-0.00015,0.00019,7e-05,0.00276,0.00088,0.00022,-0.00051,-0.00163,-0.00024,-3e-05,-0.0009
18.16,0.00017,-1e-05,0.00018,0.00125,-0.0002,-0.00016,0,0.00977,-0.00035,-0.00027,-0.00676,0.00064,0.00019,-2e-05,0.00205,0.00074,0.00044,-0.00024,-0.00028,-7e-05,0.00061,0.00054,-1e-05,-0.00014,0.00016,8e-05,0.00278,0.0009,0.00023,-0.00051,-0.00162,-0.00027,-4e-05,-0.00091
18.18,0.00015,-0,0.00017,0.00125,-0.0002,-0.00017,0,0.00967,-0.00034,-0.00027,-0.00679,0.00064,0.00019,-3e-05,0.00203,0.00075,0.00043,-0.00024,-0.00028,-7e-05,0.00056,0.00052,3e-05,-0.00014,0.00012,8e-05,0.00283,0.00093,0.00025,-0.00051,-0.00162,-0.00029,-4e-05,-0.00091
18.2,0.00014,0,0.00017,0.00126,-0.0002,-0.00017,1e-05,0.00965,-0.00033,-0.00027,-0.00679,0.00064,0.00019,-3e-05,0.00203,0.00076,0.00044,-0.00025,-0.00029,-7e-05,0.00052,0.00049,5e-05,-0.00016,9e-05,9e-05,0.00282,0.00095,0.00026,-0.00051,-0.0016,-0.00031,-5e-05,-0.00093
18.22,0.00013,1e-05,0.00016,0.0013,-0.0002,-0.00017,1e-05,0.00985,-0.00031,-0.00028,-0.0067,0.00062,0.00019,-4e-05,0.00209,0.00077,0.00045,-0.00026,-0.00029,-8e-05,0.0005,0.00044,5e-05,-0.00019,6e-05,0.0001,0.00267,0.00096,0.00026,-0.0005,-0.00154,-0.00034,-5e-05,-0.00096
18.24,0.00013,1e-05,0.00015,0.00135,-0.00021,-0.00018,1e-05,0.01013,-0.00029,-0.00028,-0.00658,0.00061,0.00019,-3e-05,0.00217,0.00079,0.00047,-0.00026,-0.0003,-8e-05,0.00048,0.0004,5e-05,-0.00024,3e-05,0.00011,0.00248,0.00096,0.00026,-0.00048,-0.00148,-0.00037,-6e-05,-0.00099
18.26,0.00012,2e-05,0.00015,0.00139,-0.00021,-0.00018,1e-05,0.01037,-0.00027,-0.00029,-0.00648,0.0006,0.00019,-3e-05,0.00223,0.0008,0.00049,-0.00026,-0.0003,-9e-05,0.00046,0.00035,5e-05,-0.00028,-0,0.00012,0.00233,0.00097,0.00027,-0.00047,-0.00143,-0.0004,-6e-05,-0.00101
18.28,0.00011,2e-05,0.00014,0.00143,-0.00022,-0.00018,2e-05,0.01068,-0.00026,-0.00029,-0.00637,0.00059,0.00018,-2e-05,0.00231,0.00081,0.00051,-0.00026,-0.0003,-9e-05,0.00044,0.00031,5e-05,-0.00032,-3e-05,0.00013,0.00215,0.00098,0.00027,-0.00045,-0.00137,-0.00044,-7e-05,-0.00105
18.3,0.00011,3e-05,0.00014,0.00146,-0.00022,-0.00017,2e-05,0.01086,-0.00025,-0.00029,-0.00629,0.00058,0.00018,-1e-05,0.00236,0.00082,0.00051,-0.00026,-0.0003,-9e-05,0.00043,0.00027,5e-05,-0.00037,-4e-05,0.00014,0.00204,0.00099,0.00028,-0.00044,-0.00134,-0.00046,-7e-05,-0.00107
18.32,0.0001,2e-05,0.00016,0.00145,-0.00021,-0.00016,2e-05,0.01062,-0.00026,-0.0003,-0.00629,0.00057,0.00018,1e-05,0.00234,0.00081,0.0005,-0.00024,-0.00029,-9e-05,0.00043,0.00025,5e-05,-0.00043,-4e-05,0.00013,0.00208,0.00103,0.0003,-0.00042,-0.00138,-0.00047,-7e-05,-0.00103
18.34,0.0001,2e-05,0.00018,0.00141,-0.00021,-0.00015,3e-05,0.01025,-0.00026,-0.0003,-0.00631,0.00057,0.00018,2e-05,0.00228,0.00078,0.00047,-0.00022,-0.00029,-8e-05,0.00044,0.00025,6e-05,-0.00051,-2e-05,0.00013,0.00217,0.00108,0.00032,-0.0004,-0.00144,-0.00047,-7e-05,-0.00098
18.36,0.0001,2e-05,0.00019,0.00139,-0.0002,-0.00014,3e-05,0.00996,-0.00027,-0.0003,-0.00632,0.00057,0.00018,3e-05,0.00224,0.00077,0.00045,-0.0002,-0.00028,-7e-05,0.00045,0.00024,7e-05,-0.00059,-1e-05,0.00012,0.00223,0.00113,0.00034,-0.00038,-0.0015,-0.00047,-7e-05,-0.00093
18.38,9e-05,1e-05,0.00021,0.00137,-0.0002,-0.00013,3e-05,0.00966,-0.00027,-0.0003,-0.00633,0.00057,0.00018,4e-05,0.0022,0.00075,0.00044,-0.00019,-0.00028,-6e-05,0.00045,0.00022,8e-05,-0.00066,0,0.00012,0.00232,0.00118,0.00036,-0.00036,-0.00155,-0.00047,-7e-05,-0.00089
18.4,9e-05,1e-05,0.00022,0.00133,-0.00019,-0.00012,3e-05,0.00938,-0.00028,-0.00031,-0.00635,0.00057,0.00019,4e-05,0.00215,0.00074,0.00041,-0.00018,-0.00028,-6e-05,0.00045,0.00022,9e-05,-0.00075,2e-05,0.00011,0.00237,0.00123,0.00038,-0.00034,-0.0016,-0.00048,-7e-05,-0.00084
18.42,9e-05,0,0.00024,0.00126,-0.00019,-0.00011,2e-05,0.00912,-0.00029,-0.00031,-0.00641,0.00058,0.00019,4e-05,0.00206,0.00075,0.00038,-0.00016,-0.00027,-6e-05,0.00047,0.00026,0.00014,-0.00087,5e-05,0.00011,0.00223,0.00128,0.0004,-0.00031,-0.00166,-0.00047,-7e-05,-0.00076
18.44,9e-05,-0,0.00026,0.00118,-0.00018,-0.0001,2e-05,0.00887,-0.0003,-0.00032,-0.00648,0.00058,0.00019,4e-05,0.00196,0.00076,0.00034,-0.00015,-0.00026,-6e-05,0.00048,0.0003,0.00019,-0.00102,8e-05,0.00011,0.00205,0.00133,0.00042,-0.00029,-0.00171,-0.00047,-7e-05,-0.00068
18.46,9e-05,-1e-05,0.00028,0.00111,-0.00018,-0.0001,1e-05,0.00864,-0.0003,-0.00032,-0.00655,0.00058,0.00019,3e-05,0.00188,0.00077,0.00032,-0.00015,-0.00026,-6e-05,0.00049,0.00034,0.00024,-0.00119,0.00011,0.0001,0.00191,0.00138,0.00044,-0.00027,-0.00176,-0.00047,-6e-05,-0.00061
18.48,9e-05,-1e-05,0.00029,0.00104,-0.00018,-0.0001,0,0.00837,-0.00031,-0.00033,-0.00662,0.00058,0.00019,2e-05,0.00179,0.00078,0.00029,-0.00014,-0.00026,-6e-05,0.00051,0.00038,0.0003,-0.00141,0.00014,0.0001,0.00174,0.00143,0.00046,-0.00025,-0.00182,-0.00047,-6e-05,-0.00053
18.5,9e-05,-2e-05,0.00031,0.001,-0.00018,-0.0001,-1e-05,0.00822,-0.00031,-0.00034,-0.00667,0.00057,0.00019,1e-05,0.00173,0.00079,0.00028,-0.00014,-0.00025,-6e-05,0.00051,0.00041,0.00034,-0.00165,0.00016,0.0001,0.00164,0.00148,0.00048,-0.00022,-0.00186,-0.00047,-6e-05,-0.00047
18.52,8e-05,-2e-05,0.00031,0.00102,-0.00018,-0.0001,-2e-05,0.00841,-0.00031,-0.00034,-0.00667,0.00057,0.00019,-1e-05,0.00173,0.0008,0.00029,-0.00015,-0.00026,-6e-05,0.00052,0.00043,0.00032,-0.00179,0.00017,0.0001,0.00176,0.00151,0.00049,-0.00018,-0.00181,-0.00049,-6e-05,-0.00045
18.54,8e-05,-3e-05,0.00031,0.00105,-0.00019,-0.00011,-3e-05,0.00873,-0.0003,-0.00034,-0.00665,0.00056,0.00019,-2e-05,0.00177,0.00081,0.0003,-0.00017,-0.00026,-6e-05,0.00052,0.00044,0.00029,-0.0019,0.00017,9e-05,0.00195,0.00152,0.00049,-0.00014,-0.00174,-0.00052,-6e-05,-0.00045
18.56,7e-05,-4e-05,0.00031,0.00107,-0.00019,-0.00011,-3e-05,0.009,-0.0003,-0.00034,-0.00664,0.00054,0.00019,-4e-05,0.00179,0.00082,0.00031,-0.00018,-0.00027,-6e-05,0.00053,0.00046,0.00028,-0.00204,0.00017,9e-05,0.0021,0.00154,0.0005,-0.00011,-0.00168,-0.00054,-6e-05,-0.00044
18.58,6e-05,-4e-05,0.00031,0.00109,-0.00019,-0.00012,-4e-05,0.00927,-0.00029,-0.00034,-0.00665,0.00053,0.00019,-5e-05,0.00181,0.00082,0.00032,-0.00019,-0.00027,-6e-05,0.00053,0.00047,0.00026,-0.00225,0.00017,9e-05,0.00231,0.00156,0.00051,-7e-05,-0.00163,-0.00056,-7e-05,-0.00042
18.6,5e-05,-5e-05,0.00031,0.00112,-0.0002,-0.00012,-4e-05,0.00958,-0.00029,-0.00034,-0.00661,0.00052,0.00019,-5e-05,0.00183,0.00083,0.00033,-0.00019,-0.00027,-6e-05,0.00053,0.00049,0.00025,-0.00236,0.00018,8e-05,0.00244,0.00157,0.0005,-4e-05,-0.00155,-0.00058,-7e-05,-0.00042
18.62,3e-05,-8e-05,0.0003,0.00119,-0.00021,-0.00013,-3e-05,0.00994,-0.00027,-0.00035,-0.00642,0.00049,0.00018,-5e-05,0.0019,0.00084,0.00034,-0.0002,-0.00027,-6e-05,0.00053,0.0005,0.00029,-0.00218,0.00019,8e-05,0.00232,0.00154,0.00047,1e-05,-0.0014,-0.00061,-7e-05,-0.00046
18.64,1e-05,-0.00012,0.0003,0.00127,-0.00022,-0.00013,-2e-05,0.01032,-0.00025,-0.00035,-0.00618,0.00046,0.00018,-5e-05,0.00197,0.00085,0.00035,-0.00021,-0.00027,-6e-05,0.00052,0.00052,0.00034,-0.00192,0.00021,9e-05,0.00214,0.00149,0.00043,5e-05,-0.00123,-0.00064,-8e-05,-0.0005
18.66,-1e-05,-0.00015,0.00029,0.00135,-0.00022,-0.00013,-1e-05,0.0107,-0.00024,-0.00036,-0.00599,0.00043,0.00018,-4e-05,0.00203,0.00085,0.00036,-0.00021,-0.00027,-6e-05,0.00052,0.00053,0.00039,-0.00174,0.00023,9e-05,0.002,0.00145,0.00039,9e-05,-0.00109,-0.00066,-8e-05,-0.00053
18.68,-3e-05,-0.00019,0.00029,0.00145,-0.00023,-0.00013,-0,0.01117,-0.00023,-0.00036,-0.00578,0.00042,0.00017,-3e-05,0.00211,0.00086,0.00037,-0.00022,-0.00027,-7e-05,0.00052,0.00054,0.00044,-0.00156,0.00024,9e-05,0.00184,0.00142,0.00035,0.00013,-0.00096,-0.00068,-9e-05,-0.00059
18.7,-5e-05,-0.00022,0.00028,0.00152,-0.00023,-0.00014,1e-05,0.01148,-0.00022,-0.00037,-0.00565,0.00041,0.00017,-1e-05,0.00216,0.00086,0.00037,-0.00022,-0.00027,-7e-05,0.00052,0.00056,0.00048,-0.00142,0.00025,9e-05,0.00173,0.00137,0.00031,0.00016,-0.00084,-0.00069,-9e-05,-0.0006
18.72,-6e-05,-0.00023,0.00029,0.0015,-0.00023,-0.00013,2e-05,0.01128,-0.00021,-0.00038,-0.0057,0.0004,0.00018,0,0.00211,0.00086,0.00033,-0.00021,-0.00027,-7e-05,0.00054,0.00055,0.0005,-0.00137,0.00024,9e-05,0.00175,0.00131,0.00026,0.00017,-0.00071,-0.00066,-8e-05,-0.00049
18.74,-7e-05,-0.00023,0.0003,0.00145,-0.00022,-0.00013,2e-05,0.01092,-0.00021,-0.0004,-0.00582,0.00041,0.00018,2e-05,0.00204,0.00086,0.00029,-0.0002,-0.00026,-7e-05,0.00057,0.00054,0.00051,-0.00135,0.00022,9e-05,0.00181,0.00124,0.00021,0.00017,-0.00059,-0.00061,-6e-05,-0.00035
18.76,-8e-05,-0.00024,0.00031,0.00141,-0.00022,-0.00013,2e-05,0.01066,-0.00021,-0.00041,-0.00591,0.00042,0.00019,3e-05,0.00198,0.00086,0.00026,-0.0002,-0.00026,-7e-05,0.00059,0.00053,0.00052,-0.00132,0.00021,9e-05,0.00184,0.00117,0.00016,0.00017,-0.00049,-0.00057,-5e-05,-0.00023
18.78,-9e-05,-0.00025,0.00032,0.00138,-0.00021,-0.00013,2e-05,0.01036,-0.00021,-0.00042,-0.00598,0.00042,0.00019,4e-05,0.00192,0.00086,0.00023,-0.0002,-0.00026,-6e-05,0.00061,0.00053,0.00054,-0.00129,0.00019,9e-05,0.00189,0.00111,0.00011,0.00018,-0.0004,-0.00054,-4e-05,-0.00011
18.8,-0.0001,-0.00026,0.00033,0.00135,-0.00021,-0.00013,1e-05,0.01013,-0.00022,-0.00043,-0.0061,0.00044,0.00019,4e-05,0.00186,0.00085,0.00021,-0.0002,-0.00026,-6e-05,0.00064,0.00052,0.00055,-0.00127,0.00018,9e-05,0.00193,0.00104,6e-05,0.00018,-0.00032,-0.0005,-3e-05,2e-05
18.82,-0.0001,-0.00026,0.00033,0.00132,-0.00021,-0.00013,0,0.01013,-0.00025,-0.00042,-0.00635,0.00049,0.0002,4e-05,0.00183,0.00083,0.0002,-0.0002,-0.00026,-7e-05,0.00066,0.0005,0.00053,-0.00127,0.00017,9e-05,0.00193,0.00093,1e-05,0.00017,-0.00022,-0.00043,-2e-05,0.00017
18.84,-9e-05,-0.00027,0.00033,0.0013,-0.00021,-0.00013,-1e-05,0.0102,-0.00028,-0.00042,-0.00665,0.00054,0.0002,3e-05,0.0018,0.00081,0.00019,-0.00021,-0.00026,-7e-05,0.00068,0.00048,0.00051,-0.00129,0.00015,9e-05,0.00191,0.00082,-4e-05,0.00016,-0.00014,-0.00035,-1e-05,0.00033
18.86,-9e-05,-0.00028,0.00033,0.00128,-0.00021,-0.00013,-3e-05,0.01025,-0.0003,-0.00041,-0.00693,0.00058,0.00021,3e-05,0.00178,0.00079,0.00019,-0.00022,-0.00027,-7e-05,0.00069,0.00046,0.0005,-0.00129,0.00014,0.0001,0.00191,0.00073,-8e-05,0.00015,-8e-05,-0.00029,-0,0.00048
18.88,-9e-05,-0.00028,0.00033,0.00125,-0.0002,-0.00013,-4e-05,0.01025,-0.00032,-0.00041,-0.00727,0.00062,0.00021,2e-05,0.00174,0.00077,0.00019,-0.00022,-0.00027,-7e-05,0.00072,0.00044,0.00048,-0.00131,0.00013,0.0001,0.00189,0.00065,-0.00013,0.00015,-3e-05,-0.00022,1e-05,0.00065
18.9,-9e-05,-0.00029,0.00033,0.00124,-0.0002,-0.00014,-5e-05,0.01036,-0.00034,-0.0004,-0.00751,0.00065,0.00021,1e-05,0.00173,0.00075,0.00019,-0.00023,-0.00027,-7e-05,0.00073,0.00043,0.00046,-0.00131,0.00012,0.00011,0.00189,0.00058,-0.00017,0.00015,-1e-05,-0.00018,1e-05,0.00077
18.92,-8e-05,-0.00029,0.00032,0.00127,-0.00021,-0.00014,-6e-05,0.01077,-0.00036,-0.00039,-0.0074,0.00064,0.00021,-0,0.00177,0.00074,0.00021,-0.00024,-0.00028,-7e-05,0.00074,0.00043,0.00043,-0.00128,0.0001,0.00011,0.00191,0.00053,-0.00016,0.00016,-1e-05,-0.00019,1e-05,0.00074
18.94,-6e-05,-0.00029,0.00032,0.00131,-0.00022,-0.00015,-6e-05,0.01131,-0.00038,-0.00038,-0.00719,0.00062,0.0002,-1e-05,0.00182,0.00073,0.00023,-0.00025,-0.00028,-7e-05,0.00073,0.00044,0.00039,-0.00124,9e-05,0.00011,0.00194,0.00049,-0.00014,0.00018,-3e-05,-0.00022,1e-05,0.00065
18.96,-5e-05,-0.00029,0.00031,0.00134,-0.00022,-0.00015,-6e-05,0.01179,-0.0004,-0.00037,-0.00704,0.00061,0.0002,-1e-05,0.00187,0.00071,0.00025,-0.00026,-0.00029,-7e-05,0.00074,0.00045,0.00036,-0.00121,7e-05,0.00011,0.00196,0.00046,-0.00013,0.0002,-5e-05,-0.00024,0,0.00059
18.98,-4e-05,-0.0003,0.00031,0.00138,-0.00022,-0.00015,-5e-05,0.01239,-0.00042,-0.00036,-0.00686,0.00059,0.0002,-2e-05,0.00193,0.0007,0.00027,-0.00026,-0.00029,-8e-05,0.00074,0.00045,0.00033,-0.00118,6e-05,0.00011,0.002,0.00043,-0.00012,0.00022,-7e-05,-0.00025,0,0.00054
19,-3e-05,-0.0003,0.0003,0.00141,-0.00023,-0.00016,-5e-05,0.01285,-0.00043,-0.00036,-0.00674,0.00057,0.00019,-2e-05,0.00197,0.00069,0.00028,-0.00026,-0.00029,-8e-05,0.00074,0.00046,0.0003,-0.00116,4e-05,0.00011,0.00201,0.00041,-0.00011,0.00024,-0.0001,-0.00027,-0,0.00046
19.02,-2e-05,-0.0003,0.0003,0.00141,-0.00023,-0.00015,-4e-05,0.01284,-0.00043,-0.00036,-0.00682,0.00057,0.00019,-1e-05,0.00197,0.00068,0.00028,-0.00026,-0.00029,-7e-05,0.00076,0.00047,0.00027,-0.00118,4e-05,0.00011,0.00198,0.00041,-8e-05,0.0003,-0.00015,-0.00032,-1e-05,0.00033
19.04,-1e-05,-0.00031,0.0003,0.00141,-0.00023,-0.00015,-2e-05,0.01268,-0.00043,-0.00036,-0.00696,0.00057,0.0002,-1e-05,0.00197,0.00066,0.00028,-0.00024,-0.00029,-7e-05,0.00078,0.00047,0.00025,-0.00121,4e-05,0.00012,0.00193,0.00043,-6e-05,0.00036,-0.00021,-0.00037,-2e-05,0.00017
19.06,0,-0.00032,0.0003,0.00141,-0.00023,-0.00015,-1e-05,0.01259,-0.00042,-0.00036,-0.00705,0.00056,0.0002,-1e-05,0.00197,0.00065,0.00028,-0.00023,-0.00029,-6e-05,0.00079,0.00048,0.00022,-0.00123,4e-05,0.00012,0.00189,0.00043,-4e-05,0.00041,-0.00025,-0.00042,-3e-05,4e-05
19.08,1e-05,-0.00032,0.00031,0.0014,-0.00022,-0.00015,-1e-05,0.01248,-0.00042,-0.00036,-0.00721,0.00056,0.0002,-0,0.00197,0.00063,0.00027,-0.00023,-0.00029,-6e-05,0.00081,0.00048,0.0002,-0.00125,3e-05,0.00012,0.00184,0.00044,-1e-05,0.00046,-0.00029,-0.00047,-4e-05,-0.00011
19.1,2e-05,-0.00033,0.0003,0.0014,-0.00022,-0.00015,0,0.01239,-0.00042,-0.00037,-0.00727,0.00055,0.0002,-0,0.00196,0.00062,0.00027,-0.00022,-0.00028,-5e-05,0.00082,0.00048,0.00017,-0.00127,3e-05,0.00012,0.0018,0.00045,0,0.00052,-0.00034,-0.0005,-5e-05,-0.00022
19.12,3e-05,-0.00034,0.0003,0.0014,-0.00022,-0.00014,1e-05,0.01237,-0.00041,-0.00037,-0.00701,0.00053,0.00019,0,0.00194,0.00063,0.00027,-0.00022,-0.00028,-6e-05,0.00084,0.00048,0.00012,-0.0013,3e-05,0.00012,0.00175,0.00048,-1e-05,0.00061,-0.00039,-0.00051,-4e-05,-0.00024
19.14,5e-05,-0.00035,0.0003,0.00139,-0.00022,-0.00014,1e-05,0.01237,-0.00041,-0.00037,-0.00668,0.0005,0.00019,0,0.00192,0.00064,0.00027,-0.00022,-0.00028,-6e-05,0.00085,0.00047,8e-05,-0.00132,4e-05,0.00012,0.00169,0.00052,-3e-05,0.00071,-0.00045,-0.0005,-4e-05,-0.00022
19.16,6e-05,-0.00037,0.0003,0.00138,-0.00022,-0.00014,1e-05,0.01236,-0.00041,-0.00037,-0.00641,0.00048,0.00018,0,0.0019,0.00065,0.00026,-0.00022,-0.00027,-7e-05,0.00086,0.00047,3e-05,-0.00135,4e-05,0.00012,0.00164,0.00055,-5e-05,0.00081,-0.00051,-0.00049,-4e-05,-0.00022
19.18,7e-05,-0.00038,0.00029,0.00137,-0.00022,-0.00014,1e-05,0.01238,-0.00041,-0.00037,-0.00612,0.00046,0.00017,0,0.00188,0.00066,0.00026,-0.00022,-0.00027,-7e-05,0.00087,0.00046,-1e-05,-0.00138,4e-05,0.00012,0.00158,0.00058,-7e-05,0.00092,-0.00058,-0.00049,-3e-05,-0.00022
19.2,8e-05,-0.00039,0.00029,0.00137,-0.00022,-0.00014,1e-05,0.01233,-0.0004,-0.00037,-0.0059,0.00045,0.00017,0,0.00185,0.00067,0.00026,-0.00022,-0.00027,-8e-05,0.00087,0.00046,-5e-05,-0.00139,4e-05,0.00012,0.00153,0.00061,-8e-05,0.00102,-0.00065,-0.00049,-3e-05,-0.0002
19.22,9e-05,-0.00039,0.00028,0.00138,-0.00022,-0.00014,1e-05,0.01208,-0.0004,-0.00037,-0.00587,0.00047,0.00017,0,0.00182,0.00065,0.00025,-0.00021,-0.00027,-8e-05,0.00086,0.00046,-0.00012,-0.00137,4e-05,0.00012,0.00152,0.00064,-0.00011,0.00106,-0.00066,-0.0005,-2e-05,-8e-05
19.24,9e-05,-0.0004,0.00028,0.0014,-0.00021,-0.00013,1e-05,0.01177,-0.0004,-0.00037,-0.00589,0.00048,0.00017,0,0.00178,0.00063,0.00025,-0.0002,-0.00027,-7e-05,0.00084,0.00046,-0.00019,-0.00133,4e-05,0.00012,0.00153,0.00066,-0.00014,0.00107,-0.00065,-0.00052,-1e-05,7e-05
19.26,0.0001,-0.0004,0.00028,0.00141,-0.00021,-0.00013,1e-05,0.0115,-0.00039,-0.00037,-0.00588,0.00049,0.00017,0,0.00175,0.00062,0.00024,-0.0002,-0.00027,-7e-05,0.00082,0.00046,-0.00026,-0.00129,4e-05,0.00012,0.00152,0.00069,-0.00017,0.00109,-0.00066,-0.00054,-1e-05,0.00019
19.28,0.00011,-0.00041,0.00027,0.00143,-0.00021,-0.00012,1e-05,0.01124,-0.00039,-0.00037,-0.00588,0.00051,0.00017,0,0.00172,0.0006,0.00024,-0.00019,-0.00027,-7e-05,0.0008,0.00046,-0.00032,-0.00127,4e-05,0.00012,0.00152,0.00072,-0.0002,0.00115,-0.00066,-0.00056,0,0.00033
19.3,0.00012,-0.00041,0.00027,0.00144,-0.0002,-0.00012,2e-05,0.01096,-0.00038,-0.00037,-0.00587,0.00051,0.00017,0,0.00168,0.00059,0.00023,-0.00019,-0.00028,-7e-05,0.00078,0.00046,-0.00039,-0.00122,4e-05,0.00012,0.00152,0.00075,-0.00021,0.00113,-0.00067,-0.00058,1e-05,0.00044
19.32,0.00013,-0.00036,0.00026,0.00143,-0.0002,-0.00012,2e-05,0.01063,-0.00037,-0.00036,-0.00584,0.00051,0.00017,0,0.00163,0.00059,0.00022,-0.00018,-0.00028,-7e-05,0.00073,0.00048,-0.00046,-0.00113,5e-05,0.00012,0.00153,0.0008,-0.00019,0.00091,-0.00071,-0.00058,1e-05,0.00049
19.34,0.00015,-0.0003,0.00025,0.00142,-0.00019,-0.00012,3e-05,0.01028,-0.00035,-0.00036,-0.00581,0.00051,0.00017,-0,0.00158,0.0006,0.0002,-0.00017,-0.00028,-6e-05,0.00067,0.00051,-0.00053,-0.00103,5e-05,0.00012,0.00155,0.00086,-0.00015,0.00065,-0.00076,-0.00058,1e-05,0.00051
19.36,0.00016,-0.00025,0.00024,0.00141,-0.00018,-0.00012,3e-05,0.00996,-0.00034,-0.00035,-0.00578,0.00051,0.00017,-1e-05,0.00153,0.0006,0.00019,-0.00017,-0.00028,-6e-05,0.00063,0.00053,-0.0006,-0.00095,6e-05,0.00012,0.00157,0.00091,-0.00011,0.00048,-0.0008,-0.00057,1e-05,0.00054
19.38,0.00018,-0.00019,0.00023,0.0014,-0.00017,-0.00011,4e-05,0.00961,-0.00032,-0.00035,-0.00576,0.00051,0.00017,-1e-05,0.00148,0.0006,0.00017,-0.00016,-0.00028,-6e-05,0.00059,0.00056,-0.00068,-0.00087,6e-05,0.00012,0.00159,0.00098,-8e-05,0.00031,-0.00086,-0.00057,1e-05,0.00059
19.4,0.0002,-0.00015,0.00022,0.00139,-0.00016,-0.00011,4e-05,0.00934,-0.0003,-0.00036,-0.00573,0.00052,0.00017,-2e-05,0.00144,0.0006,0.00015,-0.00016,-0.00028,-6e-05,0.00055,0.00058,-0.00076,-0.00082,8e-05,0.00012,0.00159,0.00104,-4e-05,0.00019,-0.00091,-0.00057,1e-05,0.00059
19.42,0.00022,-0.00012,0.00021,0.00138,-0.00016,-0.00011,5e-05,0.00933,-0.00028,-0.00037,-0.00563,0.00053,0.00017,-2e-05,0.00144,0.00062,0.00015,-0.00016,-0.00028,-6e-05,0.00053,0.00057,-0.00079,-0.00082,0.00012,0.00012,0.00154,0.00105,0,0.00017,-0.00091,-0.00058,-0,0.00045
19.44,0.00025,-0.0001,0.00021,0.00138,-0.00016,-0.00011,5e-05,0.00937,-0.00025,-0.00038,-0.00554,0.00054,0.00017,-3e-05,0.00145,0.00064,0.00014,-0.00016,-0.00028,-6e-05,0.00052,0.00056,-0.00081,-0.00083,0.00017,0.00011,0.00146,0.00105,6e-05,0.00017,-0.00089,-0.00058,-2e-05,0.00026
19.46,0.00028,-8e-05,0.0002,0.00138,-0.00016,-0.00011,5e-05,0.00933,-0.00022,-0.0004,-0.00547,0.00055,0.00017,-3e-05,0.00145,0.00065,0.00014,-0.00016,-0.00027,-6e-05,0.0005,0.00056,-0.00083,-0.00084,0.00021,0.00011,0.0014,0.00105,0.00011,0.00016,-0.00088,-0.00059,-3e-05,0.00011
19.48,0.0003,-5e-05,0.0002,0.00136,-0.00017,-0.00011,6e-05,0.00954,-0.0002,-0.00042,-0.00534,0.00056,0.00017,-4e-05,0.00149,0.00066,0.00014,-0.00016,-0.00027,-6e-05,0.00049,0.00055,-0.00086,-0.00084,0.00024,0.0001,0.00133,0.00106,0.00016,0.00015,-0.00087,-0.00059,-5e-05,-5e-05
19.5,0.00033,-4e-05,0.00019,0.00137,-0.00016,-0.00011,6e-05,0.00928,-0.00017,-0.00045,-0.00534,0.00058,0.00018,-4e-05,0.00146,0.00067,0.00014,-0.00016,-0.00027,-6e-05,0.00048,0.00054,-0.00087,-0.00085,0.00028,0.0001,0.00127,0.00106,0.0002,0.00014,-0.00087,-0.0006,-6e-05,-0.0002
19.52,0.00039,-0.00014,0.00019,0.00143,-0.00013,-9e-05,5e-05,0.00768,-0.00015,-0.00049,-0.00572,0.00064,0.00019,-4e-05,0.00124,0.00068,0.00011,-0.00016,-0.00026,-6e-05,0.00049,0.00055,-0.00083,-0.00092,0.00032,0.0001,0.00123,0.00106,0.00022,0.00012,-0.00087,-0.0006,-7e-05,-0.00031
19.54,0.00046,-0.00026,0.00018,0.00151,-9e-05,-8e-05,5e-05,0.00608,-0.00013,-0.00055,-0.00627,0.0007,0.00021,-4e-05,0.00102,0.0007,0.0001,-0.00016,-0.00026,-6e-05,0.00051,0.00056,-0.00077,-0.001,0.00035,9e-05,0.0012,0.00106,0.00023,9e-05,-0.00088,-0.0006,-8e-05,-0.0004
19.56,0.00052,-0.00036,0.00017,0.00158,-6e-05,-8e-05,4e-05,0.00501,-0.00011,-0.0006,-0.00677,0.00076,0.00022,-3e-05,0.00087,0.0007,0.0001,-0.00016,-0.00025,-6e-05,0.00052,0.00056,-0.00072,-0.00108,0.00038,9e-05,0.00116,0.00106,0.00025,7e-05,-0.00089,-0.0006,-8e-05,-0.0005
19.58,0.0006,-0.00049,0.00016,0.00167,-4e-05,-7e-05,3e-05,0.00389,-0.0001,-0.00064,-0.00737,0.00081,0.00024,-3e-05,0.00072,0.00071,0.0001,-0.00016,-0.00024,-6e-05,0.00053,0.00057,-0.00068,-0.00117,0.00043,9e-05,0.00112,0.00107,0.00027,4e-05,-0.0009,-0.0006,-9e-05,-0.0006
19.6,0.00065,-0.00056,0.00016,0.00173,-3e-05,-8e-05,2e-05,0.00342,-9e-05,-0.0007,-0.00789,0.00085,0.00026,-2e-05,0.00066,0.00072,0.00013,-0.00016,-0.00023,-6e-05,0.00055,0.00057,-0.00063,-0.00124,0.00044,9e-05,0.0011,0.00107,0.00028,1e-05,-0.00091,-0.00061,-0.0001,-0.00069
19.62,0.00061,-0.00045,0.00016,0.00168,-8e-05,-0.0001,0,0.00424,-9e-05,-0.00086,-0.00801,0.00084,0.00026,-1e-05,0.00076,0.00069,0.0002,-0.00016,-0.0002,-6e-05,0.00056,0.00055,-0.00058,-0.00123,0.00038,9e-05,0.00118,0.00107,0.0003,-0,-0.00092,-0.00061,-0.0001,-0.00074
19.64,0.00055,-0.00028,0.00017,0.00159,-0.00012,-0.00013,-2e-05,0.00586,-9e-05,-0.00109,-0.008,0.00083,0.00027,-1e-05,0.00092,0.00066,0.00028,-0.00015,-0.00017,-6e-05,0.00058,0.00053,-0.00052,-0.00119,0.0003,0.0001,0.0013,0.00106,0.00031,-2e-05,-0.00092,-0.00062,-0.0001,-0.00078
19.66,0.0005,-0.00015,0.00018,0.00153,-0.00015,-0.00016,-4e-05,0.0076,-0.0001,-0.00135,-0.00806,0.00082,0.00028,-0,0.00107,0.00063,0.00035,-0.00015,-0.00014,-6e-05,0.0006,0.00051,-0.00047,-0.00116,0.00023,0.0001,0.00139,0.00106,0.00032,-3e-05,-0.00092,-0.00063,-0.0001,-0.00083
19.68,0.00045,-1e-05,0.00019,0.00146,-0.00019,-0.00018,-6e-05,0.01024,-0.0001,-0.00173,-0.00807,0.00081,0.00029,0,0.00125,0.00061,0.00042,-0.00014,-0.00011,-6e-05,0.00061,0.00048,-0.00042,-0.00114,0.00016,0.0001,0.0015,0.00106,0.00033,-5e-05,-0.00092,-0.00063,-0.00011,-0.00088
19.7,0.00041,0.00011,0.00019,0.00141,-0.00022,-0.00019,-8e-05,0.01305,-0.00011,-0.00213,-0.00814,0.00081,0.0003,1e-05,0.00142,0.00058,0.00049,-0.00013,-8e-05,-6e-05,0.00063,0.00046,-0.00038,-0.00111,0.0001,0.0001,0.0016,0.00106,0.00034,-7e-05,-0.00092,-0.00064,-0.00011,-0.00092
19.72,0.00038,0.00014,0.0002,0.0014,-0.00023,-0.00019,-0.0001,0.01386,-0.00012,-0.00229,-0.00842,0.00081,0.00033,1e-05,0.00145,0.00055,0.00057,-0.00012,-5e-05,-7e-05,0.00065,0.00045,-0.00036,-0.00105,5e-05,0.00011,0.00165,0.00106,0.00035,-8e-05,-0.00093,-0.00063,-0.0001,-0.00093
19.74,0.00035,0.00014,0.00021,0.0014,-0.00023,-0.00018,-0.00012,0.01386,-0.00014,-0.00233,-0.00877,0.00082,0.00037,2e-05,0.00143,0.00052,0.00067,-0.00011,-3e-05,-7e-05,0.00068,0.00045,-0.00035,-0.00098,-1e-05,0.00012,0.0017,0.00107,0.00037,-0.0001,-0.00094,-0.00061,-0.0001,-0.00094
19.76,0.00033,0.00015,0.00021,0.00139,-0.00023,-0.00018,-0.00013,0.01425,-0.00015,-0.00244,-0.00908,0.00082,0.0004,3e-05,0.00144,0.00049,0.00077,-9e-05,-0,-7e-05,0.00071,0.00044,-0.00034,-0.00093,-6e-05,0.00013,0.00175,0.00107,0.00038,-0.00012,-0.00095,-0.0006,-0.0001,-0.00096
19.78,0.00031,0.00016,0.00022,0.00139,-0.00023,-0.00018,-0.00013,0.0147,-0.00016,-0.00257,-0.00948,0.00083,0.00043,3e-05,0.00145,0.00046,0.00089,-8e-05,2e-05,-8e-05,0.00074,0.00043,-0.00032,-0.00088,-0.00011,0.00014,0.00181,0.00108,0.0004,-0.00014,-0.00096,-0.00059,-0.0001,-0.00097
19.8,0.00028,0.00017,0.00022,0.00139,-0.00023,-0.00017,-0.00014,0.01483,-0.00017,-0.00266,-0.00976,0.00084,0.00045,4e-05,0.00144,0.00043,0.00103,-6e-05,5e-05,-8e-05,0.00076,0.00043,-0.0003,-0.00083,-0.00015,0.00015,0.00186,0.00108,0.00041,-0.00016,-0.00097,-0.00058,-9e-05,-0.00099
19.82,0.00026,0.00017,0.00021,0.00137,-0.00022,-0.00017,-0.00013,0.01427,-0.00018,-0.00267,-0.00958,0.00084,0.00048,6e-05,0.00141,0.00042,0.0011,-1e-05,9e-05,-7e-05,0.00079,0.00044,-0.00026,-0.00078,-0.00017,0.00015,0.00193,0.00108,0.00042,-0.00018,-0.00097,-0.00059,-9e-05,-0.00103
19.84,0.00023,0.00018,0.0002,0.00134,-0.00021,-0.00018,-0.00013,0.01346,-0.00018,-0.00265,-0.00926,0.00083,0.0005,7e-05,0.00138,0.0004,0.00116,4e-05,0.00014,-6e-05,0.00081,0.00045,-0.00022,-0.00074,-0.00019,0.00015,0.00199,0.00108,0.00044,-0.0002,-0.00096,-0.0006,-0.0001,-0.00109
19.86,0.00021,0.00018,0.0002,0.00132,-0.00021,-0.00018,-0.00014,0.01285,-0.00018,-0.00264,-0.00905,0.00083,0.00052,8e-05,0.00135,0.00038,0.00124,7e-05,0.00016,-4e-05,0.00084,0.00046,-0.00018,-0.0007,-0.00021,0.00016,0.00206,0.00108,0.00045,-0.00022,-0.00095,-0.0006,-0.0001,-0.00115
19.88,0.00019,0.00018,0.00019,0.00129,-0.00021,-0.00018,-0.00014,0.01214,-0.00018,-0.00264,-0.00877,0.00083,0.00054,0.0001,0.00132,0.00035,0.00133,9e-05,0.00019,-3e-05,0.00087,0.00046,-0.00014,-0.00066,-0.00023,0.00016,0.00213,0.00107,0.00046,-0.00024,-0.00095,-0.00061,-0.0001,-0.00121
19.9,0.00016,0.00019,0.00019,0.00128,-0.00021,-0.00019,-0.00015,0.01168,-0.00018,-0.00264,-0.00861,0.00083,0.00055,0.00011,0.0013,0.00032,0.00142,0.0001,0.0002,-2e-05,0.00089,0.00048,-0.0001,-0.00062,-0.00024,0.00016,0.0022,0.00107,0.00048,-0.00026,-0.00095,-0.00061,-0.0001,-0.00125
19.92,0.00015,0.00019,0.00019,0.00129,-0.00022,-0.00019,-0.00016,0.01182,-0.00018,-0.00263,-0.00877,0.00082,0.00051,0.00012,0.00133,0.00024,0.00152,8e-05,0.00019,-2e-05,0.0009,0.00051,-4e-05,-0.00059,-0.00025,0.00016,0.00226,0.00108,0.0005,-0.0003,-0.00096,-0.00062,-0.0001,-0.00127
19.94,0.00013,0.00018,0.00019,0.00131,-0.00022,-0.0002,-0.00017,0.01217,-0.00018,-0.00262,-0.00904,0.00081,0.00045,0.00014,0.00136,0.00015,0.00162,5e-05,0.00016,-1e-05,0.00091,0.00054,3e-05,-0.00055,-0.00026,0.00016,0.00232,0.00108,0.00052,-0.00035,-0.00097,-0.00063,-0.0001,-0.00128
19.96,0.00012,0.00018,0.00019,0.00132,-0.00023,-0.00021,-0.00018,0.01245,-0.00018,-0.00261,-0.00925,0.00081,0.00041,0.00015,0.00139,8e-05,0.00173,3e-05,0.00015,0,0.00093,0.00057,9e-05,-0.00053,-0.00026,0.00016,0.00238,0.00109,0.00053,-0.00039,-0.00098,-0.00064,-0.00011,-0.00129
19.98,0.0001,0.00018,0.00019,0.00135,-0.00024,-0.00021,-0.00019,0.01268,-0.00019,-0.0026,-0.0095,0.0008,0.00037,0.00016,0.00143,2e-05,0.00186,1e-05,0.00013,1e-05,0.00094,0.00061,0.00015,-0.0005,-0.00027,0.00016,0.00244,0.0011,0.00055,-0.00043,-0.001,-0.00065,-0.00011,-0.0013
20,8e-05,0.00018,0.0002,0.00135,-0.00024,-0.00022,-0.0002,0.01308,-0.00019,-0.0026,-0.00971,0.0008,0.00034,0.00017,0.00146,-3e-05,0.00199,-1e-05,0.00011,2e-05,0.00095,0.00064,0.0002,-0.00048,-0.00028,0.00016,0.0025,0.0011,0.00057,-0.00047,-0.00101,-0.00066,-0.00011,-0.00131
20.02,8e-05,0.00016,0.00021,0.00128,-0.00025,-0.00022,-0.00021,0.014,-0.0002,-0.0026,-0.00977,0.0008,0.00034,0.00018,0.00148,-0.0001,0.0021,-2e-05,0.0001,3e-05,0.00096,0.00065,0.00023,-0.00047,-0.00029,0.00016,0.00253,0.0011,0.00058,-0.00052,-0.001,-0.00066,-0.00011,-0.00132
20.04,7e-05,0.00014,0.00023,0.00119,-0.00025,-0.00022,-0.00021,0.01516,-0.00021,-0.0026,-0.00977,0.0008,0.00035,0.00019,0.0015,-0.00014,0.00221,-3e-05,8e-05,5e-05,0.00096,0.00067,0.00026,-0.00047,-0.00029,0.00016,0.00255,0.00109,0.0006,-0.00055,-0.001,-0.00066,-0.00011,-0.00133
20.06,7e-05,0.00012,0.00024,0.00112,-0.00025,-0.00022,-0.00022,0.01628,-0.00022,-0.0026,-0.00979,0.0008,0.00035,0.00019,0.00151,-0.00017,0.00233,-4e-05,7e-05,6e-05,0.00096,0.00068,0.00029,-0.00046,-0.0003,0.00016,0.00257,0.00108,0.00061,-0.0006,-0.00099,-0.00066,-0.00011,-0.00134
20.08,6e-05,0.0001,0.00025,0.00106,-0.00025,-0.00022,-0.00021,0.01766,-0.00023,-0.0026,-0.00981,0.00081,0.00036,0.00019,0.00153,-0.00018,0.00246,-4e-05,6e-05,7e-05,0.00097,0.0007,0.00033,-0.00046,-0.0003,0.00016,0.0026,0.00107,0.00063,-0.00064,-0.00098,-0.00066,-0.00011,-0.00135
20.1,5e-05,9e-05,0.00026,0.001,-0.00025,-0.00022,-0.00021,0.01882,-0.00024,-0.0026,-0.00982,0.00081,0.00037,0.00018,0.00155,-0.00017,0.00257,-4e-05,5e-05,9e-05,0.00097,0.00071,0.00036,-0.00047,-0.00031,0.00016,0.00262,0.00107,0.00064,-0.00068,-0.00098,-0.00066,-0.00011,-0.00136
20.12,4e-05,7e-05,0.00026,0.00095,-0.00025,-0.00022,-0.0002,0.01908,-0.00024,-0.0026,-0.00982,0.00081,0.00038,0.00016,0.00154,-0.00015,0.0026,-4e-05,4e-05,9e-05,0.00099,0.00069,0.00037,-0.0005,-0.00031,0.00017,0.0026,0.00108,0.00067,-0.00072,-0.00101,-0.00064,-0.00011,-0.00135
20.14,3e-05,6e-05,0.00026,0.00091,-0.00024,-0.00021,-0.00019,0.01901,-0.00025,-0.0026,-0.0098,0.00081,0.00038,0.00015,0.00153,-0.00011,0.0026,-4e-05,4e-05,9e-05,0.00102,0.00067,0.00037,-0.00054,-0.00032,0.00017,0.00257,0.00109,0.00069,-0.00076,-0.00104,-0.00062,-0.0001,-0.00133
20.16,2e-05,4e-05,0.00027,0.00088,-0.00024,-0.00021,-0.00018,0.01909,-0.00025,-0.0026,-0.00979,0.00081,0.00039,0.00013,0.00152,-7e-05,0.00262,-4e-05,4e-05,9e-05,0.00104,0.00065,0.00038,-0.00057,-0.00032,0.00017,0.00255,0.0011,0.00072,-0.00081,-0.00107,-0.00061,-0.0001,-0.00132
20.18,2e-05,3e-05,0.00027,0.00084,-0.00024,-0.00021,-0.00017,0.01916,-0.00025,-0.0026,-0.00979,0.0008,0.00039,0.0001,0.00151,-4e-05,0.00264,-4e-05,4e-05,0.0001,0.00106,0.00063,0.00038,-0.0006,-0.00032,0.00017,0.00253,0.00111,0.00075,-0.00086,-0.0011,-0.00059,-0.0001,-0.00131
20.2,1e-05,1e-05,0.00027,0.00083,-0.00024,-0.00021,-0.00015,0.01917,-0.00025,-0.0026,-0.00976,0.0008,0.00039,8e-05,0.00151,-1e-05,0.00264,-3e-05,4e-05,0.0001,0.00108,0.00061,0.00039,-0.00064,-0.00033,0.00017,0.0025,0.00112,0.00077,-0.0009,-0.00112,-0.00058,-9e-05,-0.0013
20.22,-0,-0,0.00027,0.00086,-0.00024,-0.00021,-0.00014,0.01909,-0.00024,-0.00261,-0.00962,0.0008,0.00041,5e-05,0.00154,3e-05,0.00264,-3e-05,3e-05,9e-05,0.00113,0.00062,0.00044,-0.00071,-0.00033,0.00018,0.00246,0.00111,0.00078,-0.00092,-0.00112,-0.00058,-9e-05,-0.0013
20.24,-2e-05,-2e-05,0.00026,0.00092,-0.00025,-0.00021,-0.00012,0.01895,-0.00023,-0.00262,-0.00945,0.0008,0.00044,3e-05,0.00159,7e-05,0.00264,-3e-05,3e-05,8e-05,0.00118,0.00062,0.00049,-0.00078,-0.00033,0.00018,0.00241,0.00109,0.00078,-0.00093,-0.0011,-0.00058,-9e-05,-0.00131
20.26,-3e-05,-4e-05,0.00026,0.00096,-0.00025,-0.00022,-0.00011,0.01882,-0.00022,-0.00262,-0.00931,0.0008,0.00045,1e-05,0.00163,0.0001,0.00263,-2e-05,3e-05,8e-05,0.00123,0.00063,0.00053,-0.00085,-0.00033,0.00018,0.00236,0.00108,0.00078,-0.00094,-0.00107,-0.00058,-9e-05,-0.00131
20.28,-4e-05,-6e-05,0.00026,0.00101,-0.00025,-0.00022,-9e-05,0.01876,-0.00021,-0.00263,-0.00912,0.0008,0.00047,-1e-05,0.00167,0.00012,0.00263,-2e-05,3e-05,7e-05,0.00129,0.00063,0.00059,-0.00094,-0.00033,0.00018,0.00232,0.00107,0.00079,-0.00095,-0.00106,-0.00057,-9e-05,-0.00131
20.3,-5e-05,-8e-05,0.00026,0.00106,-0.00025,-0.00022,-8e-05,0.01857,-0.0002,-0.00263,-0.00902,0.0008,0.00048,-2e-05,0.00171,0.00014,0.00262,-2e-05,3e-05,7e-05,0.00134,0.00064,0.00063,-0.00102,-0.00032,0.00018,0.00227,0.00105,0.00078,-0.00096,-0.00103,-0.00058,-9e-05,-0.00132
20.32,-4e-05,-0.00013,0.00026,0.00107,-0.00025,-0.00022,-6e-05,0.01805,-0.00018,-0.0026,-0.00921,0.00078,0.00044,-3e-05,0.00172,0.00014,0.00256,-1e-05,3e-05,6e-05,0.00135,0.00061,0.00058,-0.00106,-0.0003,0.00018,0.0022,0.00099,0.00071,-0.00095,-0.00092,-0.00059,-9e-05,-0.00136
20.34,-2e-05,-0.00018,0.00025,0.00108,-0.00025,-0.00022,-5e-05,0.01745,-0.00017,-0.00256,-0.00948,0.00076,0.00038,-4e-05,0.00172,0.00014,0.00249,-1e-05,3e-05,5e-05,0.00135,0.00059,0.00051,-0.0011,-0.00028,0.00017,0.00213,0.00092,0.00063,-0.00093,-0.00079,-0.00061,-9e-05,-0.00141
20.36,-1e-05,-0.00023,0.00025,0.0011,-0.00025,-0.00022,-3e-05,0.01693,-0.00015,-0.00253,-0.0097,0.00075,0.00035,-4e-05,0.00173,0.00014,0.00243,-1e-05,3e-05,4e-05,0.00135,0.00057,0.00045,-0.00114,-0.00027,0.00017,0.00206,0.00086,0.00056,-0.00091,-0.00069,-0.00063,-9e-05,-0.00144
20.38,-0,-0.00028,0.00025,0.00111,-0.00025,-0.00022,-3e-05,0.01637,-0.00014,-0.00249,-0.00999,0.00074,0.00031,-4e-05,0.00173,0.00014,0.00238,-1e-05,3e-05,4e-05,0.00136,0.00054,0.0004,-0.00118,-0.00025,0.00017,0.002,0.00081,0.00049,-0.0009,-0.00061,-0.00065,-9e-05,-0.00149
20.4,1e-05,-0.00032,0.00025,0.00112,-0.00025,-0.00022,-3e-05,0.01592,-0.00014,-0.00247,-0.01015,0.00074,0.00029,-4e-05,0.00173,0.00014,0.00232,-1e-05,3e-05,3e-05,0.00136,0.00052,0.00035,-0.00123,-0.00023,0.00017,0.00193,0.00076,0.00042,-0.00085,-0.00053,-0.00067,-9e-05,-0.00152
20.42,3e-05,-0.00035,0.00027,0.00111,-0.00025,-0.00022,-3e-05,0.01578,-0.00015,-0.00249,-0.00991,0.00076,0.0003,-4e-05,0.00176,0.00014,0.00226,-1e-05,3e-05,2e-05,0.00136,0.0005,0.00032,-0.00127,-0.00021,0.00016,0.00187,0.0007,0.00037,-0.0007,-0.00045,-0.00066,-9e-05,-0.00154
20.44,5e-05,-0.00038,0.00029,0.0011,-0.00026,-0.00023,-3e-05,0.01576,-0.00016,-0.00252,-0.00955,0.00078,0.00034,-4e-05,0.00179,0.00013,0.0022,-1e-05,4e-05,1e-05,0.00137,0.00048,0.0003,-0.00132,-0.00019,0.00016,0.00182,0.00064,0.00031,-0.00052,-0.00038,-0.00065,-8e-05,-0.00155
20.46,6e-05,-0.00041,0.00031,0.00109,-0.00027,-0.00023,-4e-05,0.01568,-0.00017,-0.00255,-0.00926,0.0008,0.00036,-4e-05,0.00182,0.00013,0.00214,-1e-05,4e-05,0,0.00137,0.00046,0.00027,-0.00137,-0.00018,0.00015,0.00176,0.0006,0.00026,-0.00038,-0.00033,-0.00064,-8e-05,-0.00155
20.48,8e-05,-0.00044,0.00033,0.00108,-0.00027,-0.00023,-4e-05,0.01559,-0.00017,-0.00258,-0.00899,0.00082,0.00038,-4e-05,0.00185,0.00014,0.00208,-1e-05,4e-05,-1e-05,0.00138,0.00043,0.00025,-0.00143,-0.00016,0.00015,0.00171,0.00055,0.00021,-0.00025,-0.00029,-0.00063,-7e-05,-0.0016
20.5,0.0001,-0.00046,0.00034,0.00108,-0.00027,-0.00023,-5e-05,0.01558,-0.00018,-0.00261,-0.00869,0.00084,0.0004,-4e-05,0.00187,0.00014,0.00204,-1e-05,4e-05,-2e-05,0.00137,0.00042,0.00021,-0.00148,-0.00014,0.00015,0.00166,0.00053,0.00017,-0.00013,-0.00028,-0.00062,-7e-05,-0.00156
20.52,0.0001,-0.00047,0.00033,0.00109,-0.00027,-0.00023,-5e-05,0.01577,-0.00017,-0.00262,-0.00837,0.00084,0.00044,-4e-05,0.00187,0.00013,0.00202,-1e-05,4e-05,-2e-05,0.00135,0.00042,0.00016,-0.0015,-0.00013,0.00014,0.00162,0.00056,0.00017,0,-0.00032,-0.00065,-7e-05,-0.00124
20.54,9e-05,-0.00047,0.00032,0.00112,-0.00027,-0.00023,-5e-05,0.01607,-0.00016,-0.00262,-0.00804,0.00084,0.00048,-5e-05,0.00185,0.00013,0.00201,-1e-05,4e-05,-1e-05,0.00132,0.00044,0.00011,-0.00152,-0.00011,0.00014,0.00159,0.00061,0.00019,0.00013,-0.00037,-0.00069,-6e-05,-0.00087
20.56,9e-05,-0.00048,0.00031,0.00114,-0.00027,-0.00023,-6e-05,0.01634,-0.00015,-0.00263,-0.00775,0.00085,0.00051,-5e-05,0.00184,0.00013,0.00201,-1e-05,4e-05,-1e-05,0.0013,0.00045,6e-05,-0.00153,-9e-05,0.00014,0.00156,0.00065,0.0002,0.00024,-0.00042,-0.00072,-6e-05,-0.00058
20.58,9e-05,-0.00049,0.0003,0.00116,-0.00027,-0.00023,-5e-05,0.01655,-0.00014,-0.00264,-0.00743,0.00085,0.00054,-6e-05,0.00183,0.00013,0.00199,-1e-05,4e-05,-1e-05,0.00128,0.00046,1e-05,-0.00156,-8e-05,0.00013,0.00152,0.00068,0.00021,0.00035,-0.00046,-0.00075,-6e-05,-0.00024
20.6,9e-05,-0.00049,0.00028,0.00119,-0.00028,-0.00023,-4e-05,0.01693,-0.00013,-0.00265,-0.0072,0.00085,0.00056,-6e-05,0.00182,0.00013,0.00199,-1e-05,4e-05,-1e-05,0.00124,0.00047,-4e-05,-0.00156,-6e-05,0.00013,0.00149,0.00072,0.00022,0.00043,-0.00051,-0.00078,-6e-05,-2e-05
20.62,9e-05,-0.00049,0.00027,0.00124,-0.00028,-0.00023,-3e-05,0.01776,-0.00011,-0.00264,-0.00718,0.00084,0.00052,-7e-05,0.0018,0.00012,0.00202,-1e-05,4e-05,-0,0.00118,0.00047,-0.00011,-0.00151,-6e-05,0.00013,0.00147,0.00078,0.00022,0.00047,-0.00057,-0.00077,-7e-05,-0.00014
20.64,0.0001,-0.00048,0.00025,0.0013,-0.00029,-0.00023,-1e-05,0.01883,-9e-05,-0.00263,-0.00722,0.00083,0.00046,-8e-05,0.00179,0.00011,0.00206,-1e-05,4e-05,1e-05,0.00111,0.00046,-0.00018,-0.00144,-6e-05,0.00013,0.00146,0.00084,0.00023,0.00048,-0.00064,-0.00074,-9e-05,-0.00037
20.66,0.0001,-0.00048,0.00023,0.00135,-0.0003,-0.00022,1e-05,0.01989,-7e-05,-0.00262,-0.00722,0.00083,0.00042,-8e-05,0.00177,0.00011,0.0021,-0,4e-05,1e-05,0.00105,0.00046,-0.00024,-0.00139,-5e-05,0.00014,0.00145,0.00091,0.00023,0.00049,-0.0007,-0.00073,-0.0001,-0.00055
20.68,0.00011,-0.00048,0.00022,0.00141,-0.0003,-0.00022,4e-05,0.02091,-4e-05,-0.0026,-0.00728,0.00082,0.00037,-9e-05,0.00176,0.0001,0.00213,-0,4e-05,2e-05,0.001,0.00046,-0.0003,-0.00134,-5e-05,0.00014,0.00143,0.00097,0.00023,0.00054,-0.00076,-0.00071,-0.00011,-0.00075
20.7,0.00012,-0.00047,0.0002,0.00147,-0.0003,-0.00021,8e-05,0.02223,-2e-05,-0.00259,-0.00723,0.00081,0.00034,-0.0001,0.00174,9e-05,0.00217,-0,4e-05,2e-05,0.00095,0.00045,-0.00036,-0.00129,-5e-05,0.00014,0.00142,0.00104,0.00024,0.00053,-0.00083,-0.00069,-0.00012,-0.00091
20.72,0.00014,-0.00041,0.00018,0.00154,-0.00032,-0.0002,0.00013,0.02438,1e-05,-0.0026,-0.00686,0.0008,0.00037,-0.0001,0.00173,7e-05,0.00221,-0,4e-05,3e-05,0.00089,0.00045,-0.0004,-0.00124,-4e-05,0.00014,0.00144,0.0011,0.00024,0.00039,-0.00092,-0.00067,-0.00012,-0.00089
20.74,0.00017,-0.00034,0.00016,0.00163,-0.00034,-0.00019,0.00018,0.02701,5e-05,-0.00261,-0.00641,0.00078,0.00041,-0.0001,0.00172,5e-05,0.00226,-0,4e-05,3e-05,0.00085,0.00044,-0.00043,-0.0012,-3e-05,0.00014,0.00146,0.00116,0.00025,0.00022,-0.00103,-0.00064,-0.00011,-0.00081
20.76,0.00019,-0.00027,0.00014,0.00171,-0.00035,-0.00018,0.00024,0.02973,8e-05,-0.00261,-0.00606,0.00076,0.00044,-0.00011,0.0017,4e-05,0.00231,-0,4e-05,3e-05,0.00081,0.00043,-0.00047,-0.00117,-1e-05,0.00014,0.00147,0.00123,0.00025,0.0001,-0.00114,-0.00061,-0.0001,-0.00076
20.78,0.00022,-0.00021,0.00012,0.0018,-0.00037,-0.00017,0.00029,0.033,0.00012,-0.00262,-0.00565,0.00074,0.00048,-0.00011,0.0017,2e-05,0.00236,-0,5e-05,3e-05,0.00076,0.00043,-0.00051,-0.00113,-1e-05,0.00013,0.0015,0.0013,0.00026,-3e-05,-0.00127,-0.00059,-9e-05,-0.00069
20.8,0.00024,-0.00015,0.0001,0.00188,-0.00039,-0.00017,0.00034,0.03605,0.00015,-0.00261,-0.00538,0.0007,0.00048,-0.0001,0.00166,0,0.00239,-0,5e-05,3e-05,0.00073,0.00042,-0.00054,-0.00111,0,0.00013,0.0015,0.00136,0.00026,-0.00012,-0.0014,-0.00057,-8e-05,-0.00064
20.82,0.00027,-0.0001,8e-05,0.00193,-0.00041,-0.00016,0.00039,0.03765,0.00019,-0.00253,-0.00551,0.00064,0.00041,-0.0001,0.00156,-2e-05,0.00239,-0,5e-05,2e-05,0.00072,0.00041,-0.00052,-0.00116,2e-05,0.00013,0.00142,0.00139,0.00026,-0.00018,-0.00147,-0.00055,-8e-05,-0.00066
20.84,0.0003,-6e-05,5e-05,0.00198,-0.00042,-0.00015,0.00043,0.03866,0.00023,-0.00243,-0.00576,0.00058,0.00031,-0.0001,0.00144,-3e-05,0.00238,-0,5e-05,2e-05,0.00072,0.0004,-0.00048,-0.00123,3e-05,0.00013,0.00131,0.0014,0.00027,-0.00021,-0.00151,-0.00053,-8e-05,-0.0007
20.86,0.00033,-2e-05,4e-05,0.00203,-0.00044,-0.00013,0.00043,0.03996,0.00026,-0.00234,-0.00592,0.00051,0.00023,-9e-05,0.00135,-5e-05,0.00237,-0,5e-05,1e-05,0.00071,0.00039,-0.00044,-0.00129,4e-05,0.00013,0.00122,0.00141,0.00027,-0.00025,-0.00157,-0.00052,-8e-05,-0.00072
20.88,0.00036,2e-05,2e-05,0.00209,-0.00046,-0.00012,0.00044,0.04153,0.00029,-0.00226,-0.00616,0.00047,0.00014,-8e-05,0.00125,-7e-05,0.00237,-0,6e-05,1e-05,0.0007,0.00037,-0.00043,-0.00135,5e-05,0.00013,0.00111,0.00143,0.00027,-0.00029,-0.00164,-0.0005,-7e-05,-0.00075
20.9,0.00039,6e-05,1e-05,0.00213,-0.00047,-0.00011,0.00044,0.04249,0.00031,-0.00216,-0.00623,0.0004,8e-05,-7e-05,0.00117,-8e-05,0.00236,-0,6e-05,0,0.00069,0.00036,-0.00038,-0.00141,6e-05,0.00013,0.00105,0.00145,0.00028,-0.00033,-0.0017,-0.00049,-7e-05,-0.00078
20.92,0.0004,0.0001,1e-05,0.00215,-0.00048,-0.0001,0.00045,0.04187,0.00033,-0.002,-0.0058,0.00027,6e-05,-6e-05,0.0011,-9e-05,0.0023,-0,6e-05,-1e-05,0.00069,0.00035,-0.00026,-0.00143,5e-05,0.00013,0.00112,0.00148,0.00027,-0.00036,-0.00178,-0.00046,-7e-05,-0.00076
20.94,0.00041,0.00013,2e-05,0.00216,-0.00048,-0.0001,0.00045,0.04064,0.00035,-0.00183,-0.00521,0.00015,5e-05,-5e-05,0.00105,-0.0001,0.00223,-0,6e-05,-2e-05,0.00069,0.00033,-0.00013,-0.00143,4e-05,0.00013,0.00124,0.0015,0.00026,-0.0004,-0.00186,-0.00044,-6e-05,-0.00074
20.96,0.00042,0.00016,3e-05,0.00218,-0.00047,-9e-05,0.00046,0.0397,0.00036,-0.00168,-0.00472,8e-05,4e-05,-4e-05,0.001,-0.0001,0.00217,-1e-05,6e-05,-3e-05,0.00068,0.00032,-3e-05,-0.00144,3e-05,0.00013,0.00133,0.00152,0.00026,-0.00043,-0.00195,-0.00042,-6e-05,-0.00073
20.98,0.00043,0.0002,4e-05,0.0022,-0.00047,-8e-05,0.00043,0.03882,0.00039,-0.00155,-0.00436,1e-05,3e-05,-3e-05,0.00095,-0.00011,0.00211,-1e-05,6e-05,-4e-05,0.00068,0.0003,7e-05,-0.00146,2e-05,0.00013,0.00144,0.00155,0.00025,-0.00047,-0.00204,-0.0004,-5e-05,-0.0007
21,0.00044,0.00023,5e-05,0.00221,-0.00046,-8e-05,0.00041,0.03776,0.0004,-0.00142,-0.00384,-1e-05,2e-05,-2e-05,0.00091,-0.00011,0.00206,-1e-05,6e-05,-5e-05,0.00067,0.00029,0.00015,-0.00145,1e-05,0.00013,0.00153,0.00158,0.00025,-0.00051,-0.00213,-0.00038,-5e-05,-0.00069
21.02,0.00045,0.00024,0.0001,0.00217,-0.00043,-8e-05,0.00037,0.03631,0.00038,-0.0013,-0.00292,4e-05,-4e-05,-1e-05,0.00089,-0.00011,0.002,-1e-05,6e-05,-6e-05,0.00067,0.00028,0.00015,-0.00139,-0,0.00013,0.00157,0.00159,0.00024,-0.00052,-0.00219,-0.00037,-5e-05,-0.00074
21.04,0.00046,0.00024,0.00015,0.00212,-0.00041,-9e-05,0.00034,0.03474,0.00033,-0.00119,-0.0021,0.00011,-0.0001,-0,0.00088,-0.00011,0.00195,-0,5e-05,-6e-05,0.00066,0.00028,0.00012,-0.00131,-2e-05,0.00013,0.00159,0.0016,0.00023,-0.00053,-0.00224,-0.00036,-4e-05,-0.0008
21.06,0.00047,0.00024,0.00019,0.00208,-0.00039,-9e-05,0.0003,0.03332,0.00031,-0.00108,-0.00156,0.00015,-0.00015,0,0.00086,-0.0001,0.00191,-0,5e-05,-6e-05,0.00065,0.00028,0.00012,-0.00125,-3e-05,0.00013,0.00163,0.00161,0.00022,-0.00054,-0.0023,-0.00035,-4e-05,-0.00085
21.08,0.00048,0.00024,0.00024,0.00204,-0.00037,-0.0001,0.00028,0.03194,0.00028,-0.00099,-0.00111,0.00019,-0.00021,1e-05,0.00085,-9e-05,0.00186,-0,5e-05,-7e-05,0.00065,0.00027,0.00011,-0.00119,-4e-05,0.00013,0.00165,0.00163,0.00021,-0.00055,-0.00236,-0.00033,-4e-05,-0.00091
21.1,0.00049,0.00024,0.00027,0.002,-0.00035,-0.0001,0.00025,0.03062,0.00026,-0.00089,-0.00089,0.00021,-0.00024,1e-05,0.00084,-7e-05,0.00182,-0,5e-05,-7e-05,0.00065,0.00028,0.00012,-0.00113,-6e-05,0.00013,0.00169,0.00164,0.0002,-0.00057,-0.00241,-0.00032,-3e-05,-0.00095
21.12,0.0005,0.00023,0.00029,0.00199,-0.00034,-0.0001,0.00022,0.02932,0.00025,-0.00077,-0.00096,0.00018,-0.00024,1e-05,0.00086,-3e-05,0.0018,-0,5e-05,-7e-05,0.00065,0.0003,0.00017,-0.00106,-8e-05,0.00014,0.00179,0.00164,0.00021,-0.00061,-0.0024,-0.00032,-4e-05,-0.00092
21.14,0.0005,0.00021,0.0003,0.00198,-0.00033,-0.00011,0.0002,0.02807,0.00024,-0.00066,-0.00113,0.00015,-0.00022,1e-05,0.00088,1e-05,0.00179,-0,5e-05,-7e-05,0.00065,0.00033,0.00023,-0.00099,-0.00011,0.00014,0.0019,0.00163,0.00021,-0.00066,-0.00237,-0.00033,-4e-05,-0.00087
21.16,0.0005,0.00019,0.00031,0.00197,-0.00032,-0.00011,0.00017,0.0269,0.00023,-0.00057,-0.00124,0.00012,-0.0002,1e-05,0.00091,5e-05,0.00178,-0,5e-05,-7e-05,0.00066,0.00036,0.00029,-0.00094,-0.00013,0.00014,0.00201,0.00162,0.00022,-0.0007,-0.00235,-0.00033,-4e-05,-0.00084
21.18,0.00051,0.00018,0.00032,0.00195,-0.00032,-0.00011,0.00014,0.0257,0.00023,-0.00048,-0.00135,9e-05,-0.00019,1e-05,0.00093,8e-05,0.00176,-0,5e-05,-7e-05,0.00066,0.00039,0.00033,-0.00088,-0.00016,0.00015,0.00213,0.00162,0.00022,-0.00075,-0.00233,-0.00033,-4e-05,-0.00079
21.2,0.00051,0.00016,0.00033,0.00195,-0.00032,-0.00012,0.00011,0.02471,0.00021,-0.00041,-0.00145,7e-05,-0.00018,1e-05,0.00095,0.00011,0.00175,-0,5e-05,-7e-05,0.00067,0.00041,0.0004,-0.00085,-0.00018,0.00015,0.00222,0.00161,0.00023,-0.00079,-0.00231,-0.00033,-4e-05,-0.00077
21.22,0.0005,0.00013,0.0003,0.00194,-0.00033,-0.00012,7e-05,0.02424,0.00018,-0.00037,-0.00154,7e-05,-0.00017,1e-05,0.00099,0.00015,0.00174,-0,5e-05,-7e-05,0.0007,0.00044,0.00055,-0.00087,-0.0002,0.00015,0.00226,0.00163,0.00024,-0.00082,-0.0023,-0.00034,-4e-05,-0.00081
21.24,0.00049,9e-05,0.00027,0.00194,-0.00034,-0.00012,2e-05,0.02394,0.00014,-0.00033,-0.00161,7e-05,-0.00016,1e-05,0.00103,0.00018,0.00173,-0,4e-05,-7e-05,0.00073,0.00046,0.00074,-0.00091,-0.00022,0.00016,0.00228,0.00165,0.00025,-0.00084,-0.00229,-0.00034,-5e-05,-0.00089
21.26,0.00047,6e-05,0.00025,0.00194,-0.00034,-0.00012,-3e-05,0.02355,0.0001,-0.00029,-0.00168,8e-05,-0.00015,1e-05,0.00106,0.0002,0.00172,-0,4e-05,-7e-05,0.00076,0.00049,0.00092,-0.00094,-0.00023,0.00016,0.0023,0.00167,0.00026,-0.00086,-0.00227,-0.00034,-5e-05,-0.00094
21.28,0.00046,3e-05,0.00023,0.00193,-0.00035,-0.00012,-7e-05,0.02323,7e-05,-0.00026,-0.00175,8e-05,-0.00014,2e-05,0.0011,0.00022,0.00171,-0,4e-05,-8e-05,0.00079,0.00052,0.00118,-0.00096,-0.00026,0.00016,0.00233,0.00169,0.00027,-0.00088,-0.00226,-0.00034,-5e-05,-0.00101
21.3,0.00045,-0,0.0002,0.00193,-0.00035,-0.00012,-0.0001,0.02281,3e-05,-0.00022,-0.00181,0.0001,-0.00013,2e-05,0.00114,0.00023,0.00171,-0,4e-05,-8e-05,0.00082,0.00053,0.00141,-0.00099,-0.00027,0.00017,0.00234,0.0017,0.00027,-0.00091,-0.00224,-0.00034,-5e-05,-0.00107
21.32,0.00044,-5e-05,0.00018,0.00193,-0.00035,-0.00012,-0.00014,0.02213,-2e-05,-0.00017,-0.00187,0.00011,-0.00012,3e-05,0.00116,0.00024,0.00172,-0,4e-05,-7e-05,0.00084,0.0005,0.00144,-0.00104,-0.00024,0.00016,0.0023,0.00173,0.00026,-0.00097,-0.00221,-0.00035,-5e-05,-0.00113
21.34,0.00043,-9e-05,0.00015,0.00193,-0.00035,-0.00012,-0.00017,0.02136,-7e-05,-0.00012,-0.00193,0.00013,-0.0001,3e-05,0.00118,0.00024,0.00174,-0,4e-05,-6e-05,0.00086,0.00045,0.00138,-0.0011,-0.00021,0.00016,0.00225,0.00175,0.00025,-0.00104,-0.00216,-0.00035,-5e-05,-0.00119
21.36,0.00042,-0.00014,0.00013,0.00193,-0.00034,-0.00012,-0.0002,0.02063,-0.00011,-7e-05,-0.00199,0.00015,-9e-05,3e-05,0.0012,0.00024,0.00175,0,4e-05,-5e-05,0.00088,0.00041,0.00136,-0.00115,-0.00019,0.00015,0.0022,0.00177,0.00024,-0.00111,-0.00211,-0.00036,-5e-05,-0.00124
21.38,0.00041,-0.00018,0.0001,0.00193,-0.00034,-0.00012,-0.00021,0.02005,-0.00014,-3e-05,-0.00204,0.00016,-8e-05,3e-05,0.00123,0.00024,0.00177,0,4e-05,-5e-05,0.0009,0.00037,0.00134,-0.0012,-0.00017,0.00015,0.00216,0.0018,0.00024,-0.00118,-0.00209,-0.00036,-4e-05,-0.0013
21.4,0.0004,-0.00022,8e-05,0.00193,-0.00034,-0.00011,-0.00022,0.01922,-0.00016,1e-05,-0.00211,0.00017,-6e-05,4e-05,0.00125,0.00024,0.00178,0,3e-05,-4e-05,0.00091,0.00033,0.0013,-0.00125,-0.00015,0.00015,0.00211,0.00181,0.00022,-0.00125,-0.002,-0.00037,-4e-05,-0.00136
21.42,0.0004,-0.00027,8e-05,0.00193,-0.00033,-0.00011,-0.00022,0.01778,-0.00018,4e-05,-0.00227,0.00019,-3e-05,4e-05,0.00124,0.00024,0.0018,0,3e-05,-3e-05,0.00092,0.00028,0.00121,-0.00126,-0.00014,0.00015,0.00207,0.00177,0.00014,-0.00131,-0.00177,-0.00038,-5e-05,-0.0014
21.44,0.00041,-0.00033,7e-05,0.00193,-0.00032,-0.00011,-0.00021,0.01623,-0.00018,8e-05,-0.00246,0.0002,1e-05,4e-05,0.00122,0.00024,0.00183,0,3e-05,-2e-05,0.00092,0.00023,0.0011,-0.00125,-0.00014,0.00015,0.00203,0.0017,5e-05,-0.00137,-0.00151,-0.00041,-5e-05,-0.00143
21.46,0.00042,-0.00038,6e-05,0.00193,-0.00032,-0.0001,-0.00021,0.01491,-0.00019,0.00011,-0.00264,0.00021,4e-05,4e-05,0.00121,0.00024,0.00185,1e-05,3e-05,-1e-05,0.00092,0.00019,0.00101,-0.00125,-0.00014,0.00015,0.00199,0.00164,-3e-05,-0.00143,-0.0013,-0.00042,-5e-05,-0.00147
21.48,0.00043,-0.00043,6e-05,0.00193,-0.00031,-9e-05,-0.0002,0.01368,-0.00019,0.00014,-0.00286,0.00021,7e-05,3e-05,0.0012,0.00024,0.00187,1e-05,3e-05,-1e-05,0.00093,0.00014,0.00093,-0.00126,-0.00014,0.00015,0.00194,0.00159,-0.00011,-0.0015,-0.00113,-0.00045,-5e-05,-0.0015
21.5,0.00044,-0.00048,5e-05,0.00193,-0.00031,-9e-05,-0.00018,0.01254,-0.00019,0.00017,-0.00304,0.00021,9e-05,3e-05,0.00118,0.00025,0.00189,1e-05,3e-05,-0,0.00093,0.0001,0.00086,-0.00126,-0.00015,0.00015,0.00191,0.00153,-0.00019,-0.00155,-0.00095,-0.00046,-6e-05,-0.00154
21.52,0.00044,-0.00048,3e-05,0.00194,-0.00032,-8e-05,-0.00017,0.01152,-0.00018,0.00019,-0.00306,0.00019,9e-05,3e-05,0.00117,0.00024,0.00191,1e-05,3e-05,0,0.00095,0.0001,0.0008,-0.00126,-0.00015,0.00015,0.00189,0.00144,-0.00026,-0.00156,-0.00077,-0.00046,-5e-05,-0.00158
21.54,0.00044,-0.00046,0,0.00196,-0.00032,-7e-05,-0.00015,0.01057,-0.00016,0.00022,-0.00301,0.00017,7e-05,3e-05,0.00115,0.00024,0.00193,1e-05,3e-05,1e-05,0.00096,0.0001,0.00076,-0.00127,-0.00016,0.00015,0.00189,0.00135,-0.00033,-0.00154,-0.00061,-0.00045,-4e-05,-0.00162
21.56,0.00045,-0.00046,-2e-05,0.00197,-0.00033,-6e-05,-0.00014,0.00971,-0.00015,0.00024,-0.00301,0.00015,6e-05,3e-05,0.00113,0.00024,0.00195,1e-05,3e-05,1e-05,0.00098,0.0001,0.00072,-0.00128,-0.00017,0.00015,0.00188,0.00127,-0.00039,-0.00152,-0.00048,-0.00044,-4e-05,-0.00166
21.58,0.00045,-0.00045,-3e-05,0.00198,-0.00033,-5e-05,-0.00012,0.0089,-0.00014,0.00027,-0.003,0.00013,6e-05,3e-05,0.00112,0.00024,0.00198,1e-05,3e-05,2e-05,0.00099,0.0001,0.00068,-0.00129,-0.00018,0.00016,0.00187,0.00119,-0.00047,-0.00154,-0.00038,-0.00043,-3e-05,-0.00171
21.6,0.00045,-0.00044,-4e-05,0.00198,-0.00032,-4e-05,-0.00011,0.00819,-0.00014,0.00029,-0.003,0.00011,5e-05,3e-05,0.0011,0.00023,0.002,1e-05,3e-05,2e-05,0.00101,0.00011,0.00064,-0.0013,-0.00019,0.00016,0.00185,0.00111,-0.00052,-0.00149,-0.00031,-0.00043,-3e-05,-0.00173
21.62,0.00043,-0.00042,-5e-05,0.00198,-0.00031,-4e-05,-9e-05,0.00761,-0.00012,0.00031,-0.00305,9e-05,5e-05,3e-05,0.00106,0.00022,0.00199,1e-05,3e-05,2e-05,0.00105,0.00013,0.00062,-0.00135,-0.00019,0.00016,0.0018,0.00105,-0.00047,-0.00128,-0.00028,-0.00043,-4e-05,-0.00167
21.64,0.00041,-0.00039,-4e-05,0.00198,-0.0003,-3e-05,-8e-05,0.00709,-0.00011,0.00034,-0.00311,7e-05,5e-05,3e-05,0.00102,0.0002,0.00199,1e-05,3e-05,2e-05,0.0011,0.00015,0.0006,-0.00142,-0.00019,0.00016,0.00173,0.00098,-0.00039,-0.00105,-0.00027,-0.00044,-5e-05,-0.00158
21.66,0.0004,-0.00037,-4e-05,0.00198,-0.0003,-3e-05,-7e-05,0.0066,-0.0001,0.00036,-0.00318,6e-05,6e-05,4e-05,0.00098,0.00019,0.00198,1e-05,3e-05,2e-05,0.00114,0.00017,0.00057,-0.00148,-0.00019,0.00015,0.00167,0.00092,-0.00033,-0.00087,-0.00026,-0.00045,-5e-05,-0.0015
21.68,0.00038,-0.00034,-4e-05,0.00198,-0.0003,-2e-05,-6e-05,0.00615,-0.0001,0.00039,-0.00324,5e-05,6e-05,4e-05,0.00094,0.00018,0.00198,1e-05,3e-05,2e-05,0.00119,0.0002,0.00055,-0.00154,-0.00019,0.00015,0.0016,0.00087,-0.00026,-0.00071,-0.00026,-0.00046,-6e-05,-0.00144
21.7,0.00037,-0.00033,-3e-05,0.00197,-0.00029,-2e-05,-5e-05,0.00572,-9e-05,0.00042,-0.00332,4e-05,7e-05,4e-05,0.00091,0.00017,0.00197,1e-05,3e-05,2e-05,0.00123,0.00022,0.00053,-0.0016,-0.00019,0.00015,0.00154,0.00082,-0.0002,-0.00059,-0.00027,-0.00047,-7e-05,-0.00136
21.72,0.00037,-0.00033,0,0.00193,-0.00026,-3e-05,-4e-05,0.00529,-9e-05,0.00046,-0.00347,4e-05,9e-05,3e-05,0.00086,0.00017,0.00194,1e-05,3e-05,2e-05,0.00128,0.00023,0.00052,-0.00166,-0.00019,0.00015,0.00149,0.00077,-0.00013,-0.00052,-0.00029,-0.00048,-7e-05,-0.00121
21.74,0.00037,-0.00035,5e-05,0.00188,-0.00021,-3e-05,-4e-05,0.00489,-9e-05,0.00051,-0.00365,4e-05,0.00012,3e-05,0.00081,0.00018,0.0019,1e-05,3e-05,1e-05,0.00132,0.00024,0.00051,-0.00171,-0.00019,0.00015,0.00143,0.00073,-7e-05,-0.00046,-0.00033,-0.00049,-7e-05,-0.00104
21.76,0.00037,-0.00036,8e-05,0.00183,-0.00018,-4e-05,-4e-05,0.00452,-9e-05,0.00056,-0.00382,5e-05,0.00015,3e-05,0.00077,0.00018,0.00187,1e-05,3e-05,1e-05,0.00137,0.00025,0.0005,-0.00177,-0.00019,0.00015,0.00138,0.00069,-0,-0.00042,-0.00036,-0.0005,-7e-05,-0.0009
21.78,0.00037,-0.00037,0.00012,0.00178,-0.00014,-4e-05,-3e-05,0.00417,-8e-05,0.00062,-0.00399,5e-05,0.00017,2e-05,0.00073,0.00018,0.00183,1e-05,3e-05,1e-05,0.00142,0.00025,0.00049,-0.00184,-0.0002,0.00016,0.00131,0.00065,6e-05,-0.00037,-0.00038,-0.00051,-7e-05,-0.00074
21.8,0.00038,-0.00039,0.00015,0.00174,-0.00011,-5e-05,-3e-05,0.00388,-8e-05,0.00068,-0.00416,6e-05,0.00019,2e-05,0.0007,0.00018,0.00181,1e-05,3e-05,1e-05,0.00146,0.00026,0.00047,-0.00189,-0.0002,0.00016,0.00127,0.00061,0.00012,-0.00034,-0.00042,-0.00052,-7e-05,-0.00064
21.82,0.0004,-0.0004,0.00014,0.00172,-0.0001,-5e-05,-3e-05,0.00371,-8e-05,0.00076,-0.00435,7e-05,0.00021,1e-05,0.00068,0.00018,0.00181,1e-05,3e-05,1e-05,0.00148,0.00027,0.00045,-0.00187,-0.00021,0.00016,0.00128,0.00059,0.00019,-0.00036,-0.00047,-0.0005,-7e-05,-0.00071
21.84,0.00042,-0.0004,0.00012,0.00171,-9e-05,-5e-05,-3e-05,0.00358,-7e-05,0.00084,-0.00453,9e-05,0.00022,1e-05,0.00066,0.00019,0.00182,1e-05,3e-05,1e-05,0.0015,0.00028,0.00042,-0.00184,-0.00023,0.00017,0.0013,0.00057,0.00026,-0.00038,-0.00054,-0.00049,-7e-05,-0.00084
21.86,0.00044,-0.00041,0.00011,0.0017,-9e-05,-5e-05,-3e-05,0.00344,-6e-05,0.00094,-0.00471,9e-05,0.00023,0,0.00064,0.00019,0.00183,1e-05,3e-05,2e-05,0.00152,0.00029,0.0004,-0.00182,-0.00024,0.00017,0.00131,0.00056,0.00032,-0.0004,-0.0006,-0.00047,-7e-05,-0.00093
21.88,0.00046,-0.00042,0.0001,0.00168,-8e-05,-5e-05,-2e-05,0.00331,-5e-05,0.00105,-0.00494,0.0001,0.00024,-0,0.00062,0.00019,0.00184,1e-05,3e-05,2e-05,0.00153,0.00031,0.00037,-0.0018,-0.00026,0.00017,0.00133,0.00054,0.00039,-0.00041,-0.00065,-0.00046,-7e-05,-0.00105
21.9,0.00047,-0.00043,9e-05,0.00167,-8e-05,-5e-05,-1e-05,0.00318,-4e-05,0.00117,-0.00509,0.0001,0.00025,-0,0.00061,0.00019,0.00184,0,3e-05,2e-05,0.00155,0.00031,0.00035,-0.00178,-0.00027,0.00018,0.00134,0.00052,0.00045,-0.00044,-0.00072,-0.00044,-6e-05,-0.00113
21.92,0.00048,-0.00042,9e-05,0.00166,-7e-05,-5e-05,-1e-05,0.00308,-2e-05,0.00123,-0.00503,9e-05,0.00023,-1e-05,0.00059,0.00019,0.00185,0,4e-05,2e-05,0.0016,0.00031,0.00034,-0.00178,-0.00029,0.00018,0.00134,0.00052,0.0005,-0.00052,-0.00079,-0.00041,-6e-05,-0.00108
21.94,0.00048,-0.00041,0.0001,0.00165,-7e-05,-5e-05,0,0.00298,1e-05,0.00127,-0.00488,8e-05,0.0002,-1e-05,0.00057,0.00019,0.00185,0,4e-05,2e-05,0.00164,0.00031,0.00032,-0.00178,-0.0003,0.00018,0.00133,0.00051,0.00055,-0.00062,-0.00087,-0.00039,-6e-05,-0.00099
21.96,0.00049,-0.0004,0.00011,0.00164,-6e-05,-5e-05,1e-05,0.00289,3e-05,0.00133,-0.00478,7e-05,0.00018,-1e-05,0.00055,0.00018,0.00185,-0,4e-05,2e-05,0.00168,0.00031,0.00031,-0.00178,-0.00032,0.00018,0.00133,0.00051,0.00059,-0.00071,-0.00096,-0.00036,-5e-05,-0.00092
21.98,0.00049,-0.0004,0.00011,0.00163,-6e-05,-5e-05,1e-05,0.00279,5e-05,0.00139,-0.00468,6e-05,0.00016,-1e-05,0.00053,0.00018,0.00185,-0,4e-05,2e-05,0.00173,0.00031,0.00029,-0.00178,-0.00033,0.00018,0.00132,0.0005,0.00064,-0.00081,-0.00107,-0.00034,-5e-05,-0.00085
22,0.00049,-0.00038,0.00012,0.00163,-5e-05,-5e-05,2e-05,0.00271,6e-05,0.00145,-0.00458,6e-05,0.00015,-1e-05,0.00051,0.00017,0.00185,-0,5e-05,2e-05,0.00177,0.0003,0.00027,-0.00176,-0.00034,0.00018,0.00133,0.0005,0.00068,-0.0009,-0.00116,-0.00032,-4e-05,-0.00079
22.02,0.00048,-0.00036,0.00011,0.00162,-5e-05,-5e-05,2e-05,0.00267,7e-05,0.0015,-0.00449,5e-05,0.00014,-0,0.0005,0.00016,0.00186,-0,5e-05,2e-05,0.00179,0.00029,0.00024,-0.00168,-0.00036,0.00018,0.00136,0.00049,0.00068,-0.00093,-0.00114,-0.00032,-4e-05,-0.0008
22.04,0.00046,-0.00033,0.00011,0.00162,-5e-05,-4e-05,2e-05,0.00265,7e-05,0.00153,-0.0044,5e-05,0.00014,-0,0.00049,0.00015,0.00186,-0,5e-05,2e-05,0.0018,0.00028,0.0002,-0.00158,-0.00038,0.00018,0.00141,0.00049,0.00067,-0.00093,-0.00109,-0.00033,-5e-05,-0.00082
22.06,0.00045,-0.0003,0.00011,0.00161,-5e-05,-3e-05,3e-05,0.00261,7e-05,0.00158,-0.00432,5e-05,0.00014,-0,0.00047,0.00014,0.00186,-1e-05,5e-05,3e-05,0.00181,0.00027,0.00017,-0.00148,-0.0004,0.00019,0.00145,0.00048,0.00066,-0.00094,-0.00106,-0.00033,-5e-05,-0.00084
22.08,0.00044,-0.00027,0.00011,0.00161,-5e-05,-3e-05,3e-05,0.00259,7e-05,0.00163,-0.00423,5e-05,0.00013,-0,0.00046,0.00013,0.00187,-1e-05,5e-05,3e-05,0.00183,0.00025,0.00014,-0.0014,-0.00041,0.00019,0.00149,0.00048,0.00066,-0.00095,-0.00103,-0.00033,-5e-05,-0.00085
22.1,0.00042,-0.00024,0.00011,0.00161,-4e-05,-2e-05,3e-05,0.00254,7e-05,0.00167,-0.00417,5e-05,0.00013,-0,0.00044,0.00012,0.00187,-1e-05,5e-05,3e-05,0.00182,0.00024,0.0001,-0.00128,-0.00043,0.00019,0.00154,0.00048,0.00065,-0.00096,-0.001,-0.00034,-5e-05,-0.00089
22.12,0.00039,-0.00018,0.0001,0.00162,-3e-05,-0,3e-05,0.00245,6e-05,0.00169,-0.00416,5e-05,0.00014,-0,0.00041,0.00012,0.00187,-1e-05,5e-05,3e-05,0.00175,0.00025,5e-05,-0.00108,-0.00044,0.0002,0.00163,0.0005,0.00064,-0.00098,-0.00095,-0.00036,-5e-05,-0.001
22.14,0.00037,-0.00011,0.0001,0.00164,-2e-05,1e-05,3e-05,0.00234,4e-05,0.00171,-0.00416,5e-05,0.00014,-1e-05,0.00037,0.00012,0.00187,-1e-05,5e-05,3e-05,0.00166,0.00026,-0,-0.00087,-0.00045,0.0002,0.00174,0.00052,0.00062,-0.00101,-0.0009,-0.00039,-5e-05,-0.00114
22.16,0.00034,-5e-05,0.0001,0.00165,-2e-05,1e-05,3e-05,0.00224,3e-05,0.00173,-0.00415,5e-05,0.00015,-1e-05,0.00034,0.00012,0.00188,-1e-05,5e-05,3e-05,0.00158,0.00027,-5e-05,-0.00069,-0.00046,0.00021,0.00184,0.00054,0.0006,-0.00103,-0.00086,-0.00041,-5e-05,-0.00126
22.18,0.00031,1e-05,9e-05,0.00167,-1e-05,2e-05,3e-05,0.00215,2e-05,0.00175,-0.00415,4e-05,0.00015,-2e-05,0.00031,0.00013,0.00188,-2e-05,5e-05,3e-05,0.00151,0.00027,-0.0001,-0.00055,-0.00048,0.00021,0.00197,0.00056,0.00058,-0.00105,-0.00082,-0.00043,-6e-05,-0.0014
22.2,0.00029,8e-05,0.0001,0.00167,-0,3e-05,3e-05,0.00203,1e-05,0.00177,-0.00414,4e-05,0.00015,-3e-05,0.00027,0.00014,0.00188,-2e-05,5e-05,3e-05,0.00141,0.00028,-0.00013,-0.0004,-0.00047,0.00021,0.00204,0.00058,0.00057,-0.00107,-0.0008,-0.00045,-6e-05,-0.00151
22.22,0.00028,0.00013,0.00012,0.00165,3e-05,4e-05,3e-05,0.00181,-0,0.00179,-0.00413,4e-05,0.00016,-4e-05,0.00022,0.00017,0.00189,-2e-05,5e-05,4e-05,0.00122,0.00029,-0.00011,-0.00022,-0.0004,0.0002,0.00189,0.00061,0.00058,-0.00108,-0.00079,-0.00047,-6e-05,-0.00153
22.24,0.00028,0.00019,0.00014,0.00161,6e-05,5e-05,3e-05,0.00158,-1e-05,0.00182,-0.00412,4e-05,0.00016,-5e-05,0.00017,0.00021,0.0019,-2e-05,5e-05,5e-05,0.00102,0.00031,-8e-05,-8e-05,-0.00032,0.00018,0.00168,0.00063,0.00061,-0.00109,-0.0008,-0.00049,-7e-05,-0.00152
22.26,0.00027,0.00024,0.00016,0.00158,0.0001,6e-05,3e-05,0.00139,-2e-05,0.00184,-0.00411,4e-05,0.00017,-7e-05,0.00013,0.00024,0.00191,-2e-05,5e-05,6e-05,0.00086,0.00032,-6e-05,2e-05,-0.00025,0.00017,0.00152,0.00066,0.00062,-0.0011,-0.0008,-0.00051,-7e-05,-0.00152
22.28,0.00027,0.0003,0.00019,0.00156,0.00013,7e-05,3e-05,0.00122,-4e-05,0.00186,-0.0041,4e-05,0.00017,-9e-05,9e-05,0.00027,0.00192,-2e-05,5e-05,7e-05,0.00072,0.00033,-4e-05,8e-05,-0.00018,0.00016,0.00134,0.00068,0.00064,-0.00112,-0.00081,-0.00054,-7e-05,-0.00152
22.3,0.00027,0.00035,0.00021,0.00153,0.00016,8e-05,2e-05,0.00108,-5e-05,0.00188,-0.00408,4e-05,0.00017,-0.00011,7e-05,0.00031,0.00192,-2e-05,5e-05,7e-05,0.0006,0.00034,-1e-05,0.00012,-0.00012,0.00015,0.0012,0.00071,0.00066,-0.00111,-0.00081,-0.00055,-8e-05,-0.00152
22.32,0.00028,0.00041,0.00021,0.00152,0.00018,9e-05,2e-05,0.00099,-8e-05,0.00191,-0.00407,4e-05,0.00017,-0.00013,6e-05,0.00036,0.0019,-2e-05,5e-05,6e-05,0.00049,0.00033,2e-05,0.00012,-0.0001,0.00014,0.00119,0.00073,0.00068,-0.00106,-0.00083,-0.00055,-8e-05,-0.0015
22.34,0.0003,0.00046,0.00022,0.00151,0.00018,0.0001,1e-05,0.00091,-0.00011,0.00193,-0.00405,4e-05,0.00016,-0.00015,6e-05,0.00041,0.00187,-1e-05,5e-05,6e-05,0.0004,0.00031,6e-05,0.0001,-9e-05,0.00014,0.00121,0.00075,0.0007,-0.00098,-0.00085,-0.00054,-8e-05,-0.00148
22.36,0.00031,0.00052,0.00022,0.0015,0.00019,0.00011,0,0.00084,-0.00013,0.00195,-0.00403,3e-05,0.00016,-0.00017,5e-05,0.00046,0.00184,-1e-05,6e-05,5e-05,0.00033,0.00029,9e-05,7e-05,-8e-05,0.00014,0.00121,0.00077,0.00071,-0.00092,-0.00087,-0.00054,-8e-05,-0.00146
22.38,0.00033,0.00057,0.00023,0.00149,0.0002,0.00013,-0,0.00077,-0.00016,0.00197,-0.00401,3e-05,0.00016,-0.00019,5e-05,0.00052,0.00181,-1e-05,6e-05,4e-05,0.00027,0.00027,0.00012,3e-05,-6e-05,0.00014,0.00122,0.00079,0.00073,-0.00086,-0.00089,-0.00053,-8e-05,-0.00144
22.4,0.00035,0.00062,0.00024,0.00149,0.00021,0.00014,-1e-05,0.00072,-0.00019,0.00199,-0.004,3e-05,0.00016,-0.0002,6e-05,0.00058,0.00179,-0,6e-05,3e-05,0.00023,0.00025,0.00014,-2e-05,-5e-05,0.00014,0.00121,0.00081,0.00074,-0.00078,-0.0009,-0.00053,-8e-05,-0.00142
22.42,0.00037,0.00065,0.00028,0.00153,0.00023,0.00014,-2e-05,0.00068,-0.00022,0.00202,-0.00401,2e-05,0.00015,-0.00021,7e-05,0.00064,0.00177,-0,6e-05,2e-05,0.00023,0.0002,0.00013,-9e-05,-6e-05,0.00014,0.00115,0.00083,0.00072,-0.00068,-0.00093,-0.00052,-8e-05,-0.00139
22.44,0.00039,0.00067,0.00033,0.00159,0.00025,0.00014,-3e-05,0.00065,-0.00026,0.00204,-0.00403,2e-05,0.00015,-0.00022,8e-05,0.00071,0.00175,0,7e-05,0,0.00023,0.00014,0.00011,-0.00017,-6e-05,0.00014,0.00106,0.00085,0.00068,-0.00057,-0.00096,-0.00051,-8e-05,-0.00135
22.46,0.00041,0.00069,0.00037,0.00164,0.00027,0.00015,-3e-05,0.00062,-0.00029,0.00206,-0.00404,2e-05,0.00015,-0.00021,9e-05,0.00079,0.00173,0,7e-05,-1e-05,0.00023,9e-05,9e-05,-0.00023,-6e-05,0.00014,0.00099,0.00088,0.00065,-0.00047,-0.00098,-0.0005,-8e-05,-0.00131
22.48,0.00043,0.00071,0.00042,0.0017,0.00029,0.00015,-3e-05,0.00059,-0.00032,0.00209,-0.00406,1e-05,0.00015,-0.00021,0.0001,0.00088,0.00172,0,7e-05,-3e-05,0.00023,4e-05,7e-05,-0.0003,-7e-05,0.00014,0.00092,0.0009,0.00062,-0.00038,-0.00101,-0.00049,-7e-05,-0.00127
22.5,0.00046,0.00073,0.00046,0.00175,0.00031,0.00015,-3e-05,0.00057,-0.00034,0.00211,-0.00407,1e-05,0.00015,-0.0002,0.0001,0.00098,0.00169,0,6e-05,-4e-05,0.00024,0,4e-05,-0.00035,-6e-05,0.00014,0.00085,0.00092,0.00059,-0.00029,-0.00103,-0.00048,-7e-05,-0.00123
22.52,0.00052,0.00074,0.00048,0.00176,0.00031,0.00016,-3e-05,0.00054,-0.00036,0.00212,-0.00406,2e-05,0.00015,-0.00019,0.00011,0.00108,0.00164,-0,6e-05,-5e-05,0.00027,-1e-05,-6e-05,-0.00042,-5e-05,0.00014,0.0008,0.00092,0.00055,-0.00018,-0.00103,-0.00049,-7e-05,-0.00116
22.54,0.00059,0.00075,0.00048,0.00177,0.0003,0.00017,-2e-05,0.00052,-0.00038,0.00212,-0.00405,2e-05,0.00014,-0.00017,0.00012,0.00118,0.00159,-1e-05,5e-05,-6e-05,0.0003,-0,-0.00017,-0.0005,-3e-05,0.00014,0.00076,0.00091,0.0005,-7e-05,-0.00101,-0.0005,-7e-05,-0.00109
22.56,0.00065,0.00076,0.00049,0.00177,0.0003,0.00019,-2e-05,0.0005,-0.0004,0.00211,-0.00405,2e-05,0.00014,-0.00016,0.00012,0.0013,0.00153,-1e-05,4e-05,-7e-05,0.00033,0,-0.00026,-0.00057,-1e-05,0.00014,0.00071,0.00091,0.00046,2e-05,-0.001,-0.0005,-7e-05,-0.00102
22.58,0.00072,0.00077,0.0005,0.00178,0.0003,0.0002,-1e-05,0.00048,-0.00042,0.00213,-0.00404,2e-05,0.00014,-0.00014,0.00013,0.00144,0.00149,-2e-05,3e-05,-7e-05,0.00035,-1e-05,-0.00035,-0.00065,1e-05,0.00014,0.00068,0.00091,0.00042,0.00011,-0.00099,-0.00051,-7e-05,-0.00097
22.6,0.00079,0.00077,0.00051,0.00179,0.0003,0.00021,-0,0.00047,-0.00045,0.00211,-0.00404,2e-05,0.00013,-0.00013,0.00013,0.00159,0.00144,-3e-05,2e-05,-8e-05,0.00037,1e-05,-0.00043,-0.00074,2e-05,0.00014,0.00063,0.0009,0.00039,0.0002,-0.00098,-0.00051,-7e-05,-0.00088
22.62,0.00086,0.00075,0.00052,0.00181,0.00032,0.00022,0,0.00047,-0.00047,0.00198,-0.00405,2e-05,0.00012,-0.00012,0.00013,0.00177,0.0014,-5e-05,-0,-8e-05,0.0004,0.0001,-0.00055,-0.0008,4e-05,0.00014,0.00052,0.00089,0.00036,0.00027,-0.00098,-0.00051,-6e-05,-0.0007
22.64,0.00094,0.00072,0.00054,0.00183,0.00034,0.00022,1e-05,0.00047,-0.0005,0.00184,-0.00407,2e-05,0.00011,-0.0001,0.00014,0.00196,0.00136,-6e-05,-2e-05,-8e-05,0.00043,0.00021,-0.00069,-0.00085,4e-05,0.00014,0.00038,0.00088,0.00033,0.00034,-0.00098,-0.00051,-4e-05,-0.00049
22.66,0.00102,0.00069,0.00056,0.00185,0.00036,0.00023,1e-05,0.00047,-0.00052,0.00172,-0.00408,2e-05,0.0001,-0.0001,0.00014,0.00218,0.00133,-8e-05,-3e-05,-9e-05,0.00045,0.00031,-0.00082,-0.00091,5e-05,0.00014,0.00028,0.00087,0.00031,0.00041,-0.00098,-0.0005,-3e-05,-0.0003
22.68,0.0011,0.00067,0.00059,0.00187,0.00038,0.00024,1e-05,0.00048,-0.00056,0.0016,-0.0041,2e-05,9e-05,-9e-05,0.00014,0.00246,0.00129,-9e-05,-4e-05,-9e-05,0.00047,0.00041,-0.001,-0.001,6e-05,0.00014,0.00012,0.00086,0.00028,0.00047,-0.00099,-0.0005,-2e-05,-0.00012
22.7,0.00118,0.00064,0.0006,0.00188,0.0004,0.00025,0,0.00048,-0.00058,0.00151,-0.00411,2e-05,8e-05,-9e-05,0.00014,0.0027,0.00127,-0.00011,-5e-05,-9e-05,0.0005,0.0005,-0.00114,-0.00107,7e-05,0.00014,7e-05,0.00084,0.00025,0.00054,-0.00099,-0.0005,-1e-05,6e-05
22.72,0.00128,0.00057,0.00056,0.00188,0.0004,0.00026,-0,0.00048,-0.00057,0.00146,-0.00412,2e-05,8e-05,-9e-05,0.00014,0.00273,0.00127,-0.00013,-6e-05,-0.00011,0.00052,0.00054,-0.00106,-0.00106,5e-05,0.00014,0.00028,0.00081,0.00022,0.00063,-0.00099,-0.00048,-0,0.00023
22.74,0.00137,0.00049,0.0005,0.00188,0.0004,0.00026,-2e-05,0.00048,-0.00054,0.00144,-0.00413,2e-05,8e-05,-9e-05,0.00013,0.00269,0.00128,-0.00016,-7e-05,-0.00012,0.00054,0.00056,-0.0009,-0.00102,3e-05,0.00014,0.00057,0.00077,0.00019,0.00071,-0.00099,-0.00046,1e-05,0.0004
22.76,0.00148,0.00041,0.00046,0.00187,0.00041,0.00026,-3e-05,0.00048,-0.00051,0.00141,-0.00414,3e-05,7e-05,-0.0001,0.00013,0.00268,0.00128,-0.00017,-7e-05,-0.00013,0.00056,0.00059,-0.00079,-0.001,1e-05,0.00014,0.00083,0.00074,0.00016,0.0008,-0.001,-0.00044,2e-05,0.00055
22.78,0.00158,0.00034,0.00042,0.00187,0.00041,0.00025,-5e-05,0.00049,-0.00048,0.00137,-0.00416,3e-05,7e-05,-0.00011,0.00012,0.00267,0.00128,-0.00018,-7e-05,-0.00014,0.00059,0.00062,-0.00069,-0.00097,-1e-05,0.00014,0.00111,0.00071,0.00013,0.00091,-0.00099,-0.00043,3e-05,0.00075
22.8,0.0017,0.00027,0.0004,0.00187,0.00042,0.00025,-7e-05,0.00049,-0.00044,0.00137,-0.00415,3e-05,7e-05,-0.00012,0.00011,0.00265,0.00129,-0.00018,-6e-05,-0.00015,0.00061,0.00064,-0.00058,-0.00096,-2e-05,0.00014,0.00136,0.00068,0.00011,0.00099,-0.00099,-0.00041,4e-05,0.00086
22.82,0.00183,0.00017,0.00041,0.0019,0.00043,0.00024,-9e-05,0.00049,-0.00039,0.00145,-0.0041,4e-05,8e-05,-0.00014,9e-05,0.00265,0.00129,-0.00016,-4e-05,-0.00014,0.00062,0.00064,-0.00043,-0.00099,-2e-05,0.00013,0.00145,0.00067,8e-05,0.00097,-0.00103,-0.00038,2e-05,0.00071
22.84,0.00198,8e-05,0.00044,0.00194,0.00044,0.00023,-0.00011,0.00049,-0.00034,0.00158,-0.00404,4e-05,9e-05,-0.00016,8e-05,0.00263,0.0013,-0.00013,-1e-05,-0.00013,0.00064,0.00062,-0.00027,-0.00103,-1e-05,0.00013,0.00149,0.00065,5e-05,0.0009,-0.00108,-0.00035,1e-05,0.00047
22.86,0.00213,-2e-05,0.00046,0.00198,0.00045,0.00022,-0.00013,0.0005,-0.00028,0.00168,-0.00398,5e-05,0.0001,-0.00018,6e-05,0.00262,0.00131,-0.0001,1e-05,-0.00012,0.00065,0.00062,-0.00015,-0.00107,0,0.00012,0.00155,0.00064,2e-05,0.00084,-0.00111,-0.00033,-1e-05,0.00028
22.88,0.0023,-0.00011,0.00048,0.00202,0.00047,0.00021,-0.00015,0.0005,-0.00024,0.0018,-0.00393,5e-05,0.0001,-0.0002,5e-05,0.00261,0.00131,-8e-05,3e-05,-0.00011,0.00066,0.00061,-4e-05,-0.00111,1e-05,0.00012,0.00162,0.00063,-1e-05,0.00081,-0.00117,-0.0003,-2e-05,0.0001
22.9,0.00247,-0.0002,0.0005,0.00205,0.00048,0.0002,-0.00016,0.00051,-0.00015,0.00192,-0.00388,6e-05,0.00011,-0.00021,3e-05,0.00259,0.00132,-6e-05,5e-05,-9e-05,0.00067,0.0006,6e-05,-0.00116,2e-05,0.00012,0.00167,0.00061,-3e-05,0.00073,-0.00118,-0.00028,-4e-05,-0.0001
22.92,0.00259,-0.0003,0.00054,0.00209,0.0005,0.0002,-0.00016,0.00052,4e-05,0.00204,-0.00381,6e-05,0.00012,-0.00021,2e-05,0.00258,0.00136,-3e-05,8e-05,-6e-05,0.00068,0.00061,0.00012,-0.00119,2e-05,0.00012,0.0017,0.0006,-1e-05,0.00052,-0.00104,-0.00031,-5e-05,-0.00035
22.94,0.00271,-0.0004,0.00059,0.00213,0.00051,0.00019,-0.00016,0.00054,0.00021,0.00217,-0.00373,5e-05,0.00014,-0.00022,1e-05,0.00256,0.00141,-1e-05,0.00011,-3e-05,0.00068,0.00063,0.00018,-0.00122,2e-05,0.00012,0.00172,0.00058,2e-05,0.0003,-0.00087,-0.00035,-5e-05,-0.00063
22.96,0.00284,-0.0005,0.00064,0.00216,0.00052,0.00019,-0.00016,0.00055,0.00031,0.00231,-0.00367,5e-05,0.00015,-0.00022,0,0.00252,0.00145,1e-05,0.00012,-0,0.00068,0.00064,0.00023,-0.00125,2e-05,0.00012,0.00175,0.00057,4e-05,0.00014,-0.00075,-0.00039,-6e-05,-0.00089
22.98,0.00298,-0.00061,0.00068,0.0022,0.00054,0.00019,-0.00016,0.00057,0.00038,0.00247,-0.00359,5e-05,0.00016,-0.00021,-0,0.00255,0.00149,2e-05,0.00014,3e-05,0.00069,0.00065,0.00029,-0.00129,3e-05,0.00012,0.00178,0.00055,6e-05,-1e-05,-0.00064,-0.00042,-6e-05,-0.00119
23,0.0031,-0.0007,0.00072,0.00223,0.00054,0.00019,-0.00015,0.00059,0.00043,0.00259,-0.00355,6e-05,0.00018,-0.00021,-0,0.00246,0.00154,2e-05,0.00014,5e-05,0.00069,0.00066,0.00034,-0.00131,2e-05,0.00012,0.00181,0.00055,8e-05,-0.00013,-0.00057,-0.00046,-7e-05,-0.00143
23.02,0.00317,-0.00075,0.00072,0.00222,0.00052,0.00018,-0.00014,0.00062,0.00044,0.00257,-0.0036,6e-05,0.00018,-0.00019,-0,0.00201,0.0016,1e-05,0.00014,6e-05,0.00067,0.00068,0.00037,-0.00128,1e-05,0.00013,0.00185,0.00056,8e-05,-0.00016,-0.00053,-0.00051,-8e-05,-0.00145
23.04,0.00321,-0.00078,0.00072,0.00221,0.0005,0.00018,-0.00013,0.00066,0.00045,0.00249,-0.00368,7e-05,0.00019,-0.00017,1e-05,0.00156,0.00167,-0,0.00013,7e-05,0.00064,0.0007,0.00038,-0.00124,-1e-05,0.00013,0.0019,0.00058,7e-05,-0.00017,-0.0005,-0.00055,-9e-05,-0.00139
23.06,0.00327,-0.00082,0.00071,0.00219,0.00048,0.00018,-0.00012,0.00069,0.00044,0.00244,-0.00375,8e-05,0.0002,-0.00015,1e-05,0.00126,0.00174,-2e-05,0.00012,8e-05,0.00062,0.00072,0.0004,-0.0012,-3e-05,0.00013,0.00194,0.0006,7e-05,-0.0002,-0.00049,-0.0006,-0.0001,-0.00137
23.08,0.00333,-0.00086,0.00071,0.00218,0.00047,0.00018,-0.00011,0.00073,0.00045,0.00239,-0.00383,9e-05,0.00021,-0.00014,2e-05,0.00099,0.00183,-2e-05,0.0001,9e-05,0.0006,0.00074,0.00042,-0.00116,-4e-05,0.00013,0.00199,0.00061,7e-05,-0.00021,-0.00047,-0.00064,-0.00011,-0.00135
23.1,0.0034,-0.0009,0.0007,0.00216,0.00047,0.00017,-0.0001,0.00077,0.00045,0.00232,-0.00391,0.00011,0.00021,-0.00012,3e-05,0.00085,0.00189,-3e-05,9e-05,0.0001,0.00058,0.00076,0.00044,-0.00112,-6e-05,0.00013,0.00203,0.00062,6e-05,-0.00024,-0.00047,-0.00068,-0.00012,-0.00133
23.12,0.00352,-0.00093,0.00067,0.00212,0.00045,0.00017,-9e-05,0.0008,0.00041,0.00221,-0.00397,0.00012,0.00022,-0.00011,5e-05,0.0009,0.00188,-3e-05,8e-05,9e-05,0.00056,0.00078,0.00046,-0.00109,-8e-05,0.00014,0.00207,0.00065,4e-05,-0.00032,-0.00052,-0.00068,-0.00011,-0.00135
23.14,0.00366,-0.00096,0.00063,0.00207,0.00043,0.00016,-8e-05,0.00083,0.00034,0.00209,-0.00403,0.00014,0.00023,-9e-05,6e-05,0.00101,0.00185,-2e-05,6e-05,8e-05,0.00053,0.0008,0.00048,-0.00105,-9e-05,0.00014,0.0021,0.00067,1e-05,-0.00043,-0.0006,-0.00066,-0.00011,-0.00138
23.16,0.00381,-0.001,0.00059,0.00202,0.00041,0.00016,-7e-05,0.00086,0.00029,0.00198,-0.00411,0.00017,0.00024,-8e-05,8e-05,0.0011,0.00183,-1e-05,4e-05,7e-05,0.00051,0.00083,0.0005,-0.00101,-0.0001,0.00014,0.00214,0.00069,-1e-05,-0.00052,-0.00066,-0.00065,-0.0001,-0.0014
23.18,0.00394,-0.00103,0.00056,0.00198,0.0004,0.00015,-7e-05,0.00088,0.00025,0.00188,-0.00415,0.00019,0.00025,-7e-05,9e-05,0.00117,0.00182,-0,3e-05,6e-05,0.00049,0.00085,0.00052,-0.00098,-0.00012,0.00014,0.00217,0.00071,-3e-05,-0.00064,-0.00072,-0.00065,-0.0001,-0.00144
23.2,0.00412,-0.00107,0.00052,0.00193,0.00038,0.00015,-6e-05,0.00092,0.0002,0.00177,-0.00428,0.00022,0.00026,-6e-05,0.00011,0.00127,0.00179,0,3e-05,5e-05,0.00046,0.00087,0.00052,-0.00093,-0.00014,0.00014,0.00221,0.00072,-5e-05,-0.00073,-0.00077,-0.00064,-0.0001,-0.00145
23.22,0.00442,-0.0011,0.00044,0.00185,0.00035,0.00014,-5e-05,0.00097,0.00016,0.00163,-0.00469,0.00026,0.00027,-5e-05,0.00013,0.00147,0.00171,1e-05,2e-05,4e-05,0.00042,0.0009,0.00047,-0.00085,-0.00015,0.00014,0.00226,0.00067,-4e-05,-0.00071,-0.00076,-0.00059,-9e-05,-0.00138
23.24,0.00479,-0.00113,0.00035,0.00177,0.00032,0.00013,-4e-05,0.00104,0.00011,0.0015,-0.00524,0.00031,0.00027,-4e-05,0.00014,0.00173,0.00162,2e-05,2e-05,1e-05,0.00037,0.00093,0.0004,-0.00076,-0.00016,0.00015,0.00231,0.0006,-3e-05,-0.00064,-0.00073,-0.00054,-8e-05,-0.00128
23.26,0.00516,-0.00115,0.00028,0.0017,0.00029,0.00012,-4e-05,0.0011,8e-05,0.00138,-0.00578,0.00035,0.00028,-3e-05,0.00016,0.002,0.00155,2e-05,1e-05,-0,0.00033,0.00095,0.00035,-0.00067,-0.00017,0.00015,0.00235,0.00054,-2e-05,-0.0006,-0.0007,-0.0005,-8e-05,-0.0012
23.28,0.00557,-0.00119,0.00022,0.00163,0.00026,0.00011,-3e-05,0.00117,5e-05,0.00126,-0.0064,0.00038,0.00028,-2e-05,0.00018,0.00236,0.00148,3e-05,1e-05,-2e-05,0.00029,0.00099,0.0003,-0.0006,-0.00018,0.00015,0.0024,0.00049,-1e-05,-0.00056,-0.00067,-0.00046,-7e-05,-0.00111
23.3,0.006,-0.00121,0.00017,0.00155,0.00023,0.00011,-2e-05,0.00124,2e-05,0.00115,-0.00702,0.00041,0.00029,-1e-05,0.00019,0.00267,0.00142,3e-05,2e-05,-3e-05,0.00025,0.001,0.00024,-0.00052,-0.0002,0.00015,0.00245,0.00043,0,-0.00052,-0.00063,-0.00043,-7e-05,-0.00104
23.32,0.00644,-0.00117,0.00014,0.00149,0.00021,0.0001,-1e-05,0.00131,0,0.00105,-0.0075,0.00045,0.00029,1e-05,0.00021,0.0027,0.00139,4e-05,2e-05,-4e-05,0.0002,0.00095,0.00011,-0.00042,-0.00023,0.00015,0.00249,0.00036,2e-05,-0.00044,-0.00052,-0.00045,-7e-05,-0.00107
23.34,0.0069,-0.00112,0.00011,0.00142,0.0002,9e-05,-1e-05,0.00139,-2e-05,0.00095,-0.00791,0.00048,0.00029,2e-05,0.00022,0.00261,0.00138,4e-05,3e-05,-5e-05,0.00016,0.00087,-3e-05,-0.00032,-0.00027,0.00016,0.00252,0.00028,4e-05,-0.00037,-0.00042,-0.00049,-8e-05,-0.00112
23.36,0.0074,-0.00108,9e-05,0.00136,0.00018,8e-05,0,0.00147,-3e-05,0.00085,-0.00838,0.0005,0.00028,3e-05,0.00024,0.00255,0.00137,5e-05,4e-05,-5e-05,0.00012,0.00081,-0.00013,-0.00025,-0.00031,0.00016,0.00255,0.00023,5e-05,-0.00031,-0.00033,-0.00052,-8e-05,-0.00115
23.38,0.00795,-0.00103,7e-05,0.0013,0.00016,8e-05,1e-05,0.00154,-5e-05,0.00078,-0.00895,0.00052,0.00028,5e-05,0.00025,0.00256,0.00135,5e-05,4e-05,-6e-05,9e-05,0.00073,-0.00025,-0.00018,-0.00035,0.00017,0.00258,0.00017,7e-05,-0.00025,-0.00026,-0.00054,-9e-05,-0.0012
23.4,0.00849,-0.00099,5e-05,0.00124,0.00015,7e-05,2e-05,0.00165,-6e-05,0.0007,-0.00937,0.00052,0.00028,6e-05,0.00027,0.00239,0.00134,5e-05,5e-05,-6e-05,6e-05,0.00069,-0.00032,-0.00012,-0.00038,0.00017,0.00262,0.00013,8e-05,-0.00021,-0.00019,-0.00057,-0.0001,-0.00122
23.42,0.00893,-0.00097,5e-05,0.00117,0.00013,5e-05,3e-05,0.00186,-7e-05,0.00059,-0.0093,0.0005,0.00028,8e-05,0.00029,0.00185,0.00138,6e-05,6e-05,-6e-05,3e-05,0.0007,-0.00029,-7e-05,-0.00042,0.00018,0.00265,8e-05,8e-05,-0.00018,-0.00013,-0.00061,-0.0001,-0.00117
23.44,0.00934,-0.00095,6e-05,0.0011,0.00011,2e-05,4e-05,0.00213,-8e-05,0.00049,-0.00904,0.00047,0.00027,9e-05,0.00032,0.00131,0.00144,6e-05,7e-05,-6e-05,1e-05,0.00074,-0.00021,-3e-05,-0.00045,0.00018,0.00269,5e-05,7e-05,-0.00016,-8e-05,-0.00066,-0.00011,-0.00109
23.46,0.00979,-0.00093,6e-05,0.00104,9e-05,0,4e-05,0.00242,-8e-05,0.00042,-0.00888,0.00045,0.00026,0.0001,0.00034,0.00093,0.00149,6e-05,7e-05,-6e-05,-0,0.00077,-0.00016,-0,-0.00049,0.00019,0.00273,2e-05,7e-05,-0.00014,-5e-05,-0.00069,-0.00012,-0.00102
23.48,0.01027,-0.00091,6e-05,0.00098,7e-05,-2e-05,4e-05,0.00274,-9e-05,0.00035,-0.00871,0.00043,0.00025,0.0001,0.00037,0.00064,0.00154,6e-05,8e-05,-6e-05,-2e-05,0.0008,-0.00012,2e-05,-0.00052,0.00019,0.00277,-1e-05,6e-05,-0.00012,-2e-05,-0.00074,-0.00013,-0.00096
23.5,0.01074,-0.00088,6e-05,0.00093,5e-05,-4e-05,4e-05,0.00313,-9e-05,0.00032,-0.00856,0.00041,0.00025,0.0001,0.00039,0.00041,0.00159,6e-05,8e-05,-6e-05,-3e-05,0.00084,-7e-05,4e-05,-0.00055,0.00019,0.0028,-3e-05,6e-05,-0.0001,1e-05,-0.00077,-0.00013,-0.00089
23.52,0.01118,-0.00082,5e-05,0.00089,2e-05,-6e-05,4e-05,0.00366,-8e-05,0.00033,-0.00847,0.00038,0.00025,0.0001,0.00043,0.00025,0.00163,5e-05,8e-05,-5e-05,-4e-05,0.0009,-4e-05,5e-05,-0.00057,0.0002,0.00278,-4e-05,6e-05,-0.0001,1e-05,-0.00078,-0.00013,-0.0008
23.54,0.01159,-0.00075,3e-05,0.00086,-0,-8e-05,4e-05,0.00431,-8e-05,0.00036,-0.00839,0.00036,0.00025,9e-05,0.00047,0.00013,0.00168,5e-05,7e-05,-5e-05,-5e-05,0.00097,-1e-05,6e-05,-0.00058,0.00021,0.00274,-5e-05,7e-05,-0.00011,2e-05,-0.00078,-0.00012,-0.00071
23.56,0.01201,-0.00069,2e-05,0.00083,-3e-05,-0.0001,3e-05,0.00505,-7e-05,0.00039,-0.00832,0.00034,0.00025,8e-05,0.00051,4e-05,0.00172,4e-05,7e-05,-5e-05,-6e-05,0.00103,2e-05,7e-05,-0.0006,0.00021,0.00271,-6e-05,7e-05,-0.00012,2e-05,-0.00078,-0.00011,-0.00063
23.58,0.01254,-0.00062,1e-05,0.0008,-6e-05,-0.00012,2e-05,0.006,-7e-05,0.00041,-0.00825,0.00033,0.00025,7e-05,0.00055,-2e-05,0.00177,4e-05,6e-05,-4e-05,-7e-05,0.0011,4e-05,8e-05,-0.00061,0.00022,0.00268,-7e-05,8e-05,-0.00012,3e-05,-0.00079,-0.00011,-0.00054
23.6,0.01287,-0.00057,-1e-05,0.00079,-8e-05,-0.00014,1e-05,0.00695,-6e-05,0.00044,-0.00817,0.00031,0.00025,6e-05,0.0006,-4e-05,0.00181,3e-05,5e-05,-4e-05,-8e-05,0.00116,6e-05,9e-05,-0.00062,0.00022,0.00266,-8e-05,9e-05,-0.00012,4e-05,-0.00079,-0.0001,-0.00047
23.62,0.01263,-0.00054,-2e-05,0.00081,-0.0001,-0.00015,1e-05,0.00751,-6e-05,0.00049,-0.0081,0.00029,0.00025,5e-05,0.00063,-4e-05,0.00183,2e-05,5e-05,-4e-05,-9e-05,0.00121,6e-05,9e-05,-0.00061,0.00022,0.00265,-8e-05,0.0001,-0.00012,5e-05,-0.00078,-0.0001,-0.00042
23.64,0.01216,-0.00052,-4e-05,0.00084,-0.00012,-0.00015,-0,0.0079,-6e-05,0.00056,-0.00802,0.00027,0.00025,3e-05,0.00065,-2e-05,0.00183,1e-05,4e-05,-4e-05,-0.0001,0.00126,6e-05,0.0001,-0.0006,0.00022,0.00265,-9e-05,0.00012,-0.00011,5e-05,-0.00078,-9e-05,-0.00038
23.66,0.01179,-0.00049,-5e-05,0.00086,-0.00013,-0.00016,-1e-05,0.00842,-5e-05,0.00062,-0.00794,0.00025,0.00025,2e-05,0.00068,-1e-05,0.00184,0,3e-05,-4e-05,-0.0001,0.0013,6e-05,0.00011,-0.00058,0.00021,0.00265,-0.0001,0.00014,-0.00011,6e-05,-0.00077,-9e-05,-0.00035
23.68,0.0115,-0.00047,-7e-05,0.00088,-0.00015,-0.00017,-2e-05,0.00897,-5e-05,0.00068,-0.00787,0.00023,0.00026,1e-05,0.00071,0,0.00186,-0,3e-05,-4e-05,-0.00011,0.00136,5e-05,0.00011,-0.00057,0.00021,0.00265,-0.00011,0.00016,-0.0001,7e-05,-0.00076,-8e-05,-0.0003
23.7,0.01102,-0.00045,-0.0001,0.00092,-0.00016,-0.00017,-3e-05,0.0095,-4e-05,0.00074,-0.00777,0.0002,0.00026,-1e-05,0.00075,1e-05,0.00186,-1e-05,3e-05,-4e-05,-0.00012,0.0014,5e-05,0.00011,-0.00056,0.00021,0.00265,-0.00012,0.00017,-9e-05,8e-05,-0.00076,-8e-05,-0.00027
23.72,0.01009,-0.00044,-0.00011,0.00098,-0.00017,-0.00018,-3e-05,0.01002,-4e-05,0.0008,-0.0076,0.00016,0.00026,-3e-05,0.0008,3e-05,0.00186,-0,3e-05,-5e-05,-0.00012,0.00141,5e-05,0.00011,-0.00056,0.00021,0.00266,-0.00012,0.00017,-8e-05,8e-05,-0.00075,-8e-05,-0.00027
23.74,0.00907,-0.00044,-0.00014,0.00107,-0.00018,-0.00019,-4e-05,0.01051,-3e-05,0.00087,-0.0074,0.00012,0.00026,-4e-05,0.00086,4e-05,0.00185,1e-05,3e-05,-6e-05,-0.00012,0.0014,6e-05,0.00011,-0.00056,0.00021,0.00267,-0.00013,0.00016,-6e-05,9e-05,-0.00075,-9e-05,-0.00027
23.76,0.00822,-0.00043,-0.00016,0.00114,-0.00019,-0.00018,-4e-05,0.01104,-2e-05,0.00093,-0.00721,9e-05,0.00026,-6e-05,0.00092,5e-05,0.00184,2e-05,3e-05,-6e-05,-0.00013,0.0014,6e-05,0.00011,-0.00056,0.00021,0.00267,-0.00013,0.00015,-5e-05,9e-05,-0.00074,-9e-05,-0.00027
23.78,0.00746,-0.00043,-0.00018,0.00121,-0.0002,-0.00018,-4e-05,0.01165,-1e-05,0.001,-0.00705,6e-05,0.00026,-7e-05,0.00099,6e-05,0.00184,4e-05,4e-05,-7e-05,-0.00013,0.00141,6e-05,0.00011,-0.00056,0.00021,0.00268,-0.00014,0.00014,-3e-05,0.0001,-0.00074,-9e-05,-0.00027
23.8,0.0067,-0.00042,-0.00022,0.00129,-0.00021,-0.00017,-4e-05,0.01215,-0,0.00107,-0.00684,3e-05,0.00026,-9e-05,0.00106,7e-05,0.00183,6e-05,5e-05,-8e-05,-0.00013,0.0014,7e-05,0.00011,-0.00055,0.00021,0.00268,-0.00014,0.00013,-2e-05,0.0001,-0.00073,-0.0001,-0.00027
23.82,0.00589,-0.00042,-0.00029,0.00142,-0.00023,-0.00015,-3e-05,0.01232,2e-05,0.00114,-0.00651,2e-05,0.00026,-0.0001,0.00112,8e-05,0.00179,9e-05,7e-05,-0.0001,-0.00013,0.00139,7e-05,0.0001,-0.00055,0.00021,0.00264,-0.00014,0.00012,-1e-05,9e-05,-0.00072,-9e-05,-0.00027
23.84,0.00512,-0.00043,-0.00038,0.00157,-0.00027,-0.00012,-3e-05,0.01233,3e-05,0.0012,-0.00615,1e-05,0.00026,-0.00011,0.00118,0.0001,0.00175,0.00013,9e-05,-0.00012,-0.00012,0.00138,6e-05,0.0001,-0.00053,0.00021,0.00259,-0.00014,0.00011,-0,9e-05,-0.00071,-9e-05,-0.00028
23.86,0.00447,-0.00043,-0.00046,0.00172,-0.00029,-0.00011,-2e-05,0.01239,5e-05,0.00128,-0.00584,-0,0.00026,-0.00011,0.00125,0.00011,0.00171,0.00016,0.00012,-0.00014,-0.00012,0.00136,6e-05,9e-05,-0.00052,0.00021,0.00254,-0.00014,9e-05,0,9e-05,-0.0007,-8e-05,-0.00028
23.88,0.00389,-0.00043,-0.00053,0.00191,-0.00032,-0.00011,-1e-05,0.01256,6e-05,0.00136,-0.00552,-0,0.00027,-0.00011,0.00132,0.00012,0.00167,0.0002,0.00014,-0.00016,-0.00012,0.00135,6e-05,9e-05,-0.00051,0.00021,0.0025,-0.00014,8e-05,1e-05,9e-05,-0.00069,-8e-05,-0.00029
23.9,0.00338,-0.00043,-0.00061,0.00208,-0.00035,-0.0001,0,0.01247,7e-05,0.00143,-0.00529,0,0.00027,-0.00011,0.00138,0.00014,0.00162,0.00024,0.00017,-0.00017,-0.00012,0.00134,6e-05,9e-05,-0.0005,0.00021,0.00245,-0.00014,7e-05,2e-05,8e-05,-0.00067,-7e-05,-0.00029
23.92,0.00293,-0.00043,-0.00068,0.00214,-0.00039,-9e-05,1e-05,0.01174,9e-05,0.00147,-0.00521,2e-05,0.00027,-0.0001,0.00137,0.00016,0.00155,0.0003,0.0002,-0.00017,-0.00012,0.00132,6e-05,8e-05,-0.00049,0.00021,0.00243,-0.00014,5e-05,1e-05,8e-05,-0.00065,-7e-05,-0.00029
23.94,0.00253,-0.00042,-0.00076,0.00216,-0.00042,-7e-05,2e-05,0.01083,0.0001,0.00149,-0.0052,5e-05,0.00027,-9e-05,0.00134,0.00018,0.00148,0.00037,0.00024,-0.00018,-0.00011,0.00131,6e-05,8e-05,-0.00049,0.00021,0.00241,-0.00014,3e-05,1e-05,8e-05,-0.00063,-6e-05,-0.00028
23.96,0.00218,-0.00042,-0.00083,0.0022,-0.00045,-5e-05,3e-05,0.01008,0.0001,0.00151,-0.00518,7e-05,0.00026,-8e-05,0.00131,0.0002,0.0014,0.00042,0.00027,-0.00018,-0.00011,0.00129,5e-05,8e-05,-0.00048,0.00021,0.00239,-0.00014,1e-05,1e-05,8e-05,-0.00061,-6e-05,-0.00028
23.98,0.00187,-0.00042,-0.00094,0.00224,-0.00049,-4e-05,3e-05,0.00938,0.0001,0.00155,-0.00513,0.0001,0.00026,-6e-05,0.0013,0.00023,0.00133,0.00046,0.0003,-0.00018,-0.00011,0.00127,5e-05,8e-05,-0.00047,0.00021,0.00236,-0.00014,-1e-05,1e-05,8e-05,-0.00059,-6e-05,-0.00028
24,0.0016,-0.00042,-0.001,0.00227,-0.00048,-2e-05,3e-05,0.00871,9e-05,0.00157,-0.00513,0.00012,0.00026,-4e-05,0.00126,0.00026,0.00126,0.00049,0.00033,-0.00018,-0.00011,0.00126,5e-05,8e-05,-0.00046,0.00021,0.00234,-0.00014,-4e-05,1e-05,8e-05,-0.00056,-6e-05,-0.00027
24.02,0.00139,-0.00041,-0.00094,0.00226,-0.00044,-1e-05,3e-05,0.00805,8e-05,0.00154,-0.00527,0.00015,0.00026,-3e-05,0.0012,0.00029,0.00119,0.00049,0.00036,-0.00017,-0.00012,0.00124,5e-05,8e-05,-0.00045,0.0002,0.00233,-0.00015,-6e-05,1e-05,8e-05,-0.00054,-5e-05,-0.00025
24.04,0.00121,-0.00041,-0.00082,0.00222,-0.00043,-1e-05,3e-05,0.00743,6e-05,0.00149,-0.00546,0.00018,0.00026,-0,0.00113,0.00034,0.00111,0.00049,0.00039,-0.00016,-0.00012,0.00123,6e-05,8e-05,-0.00044,0.0002,0.00232,-0.00016,-9e-05,1e-05,9e-05,-0.00051,-5e-05,-0.00022
24.06,0.00105,-0.00041,-0.00072,0.0022,-0.00042,-2e-05,3e-05,0.00688,3e-05,0.00145,-0.00562,0.00021,0.00026,2e-05,0.00106,0.00038,0.00103,0.00048,0.00041,-0.00015,-0.00012,0.00121,6e-05,8e-05,-0.00043,0.0002,0.00231,-0.00016,-0.00012,1e-05,9e-05,-0.00048,-4e-05,-0.0002
24.08,0.00089,-0.00041,-0.00065,0.00218,-0.00041,-4e-05,3e-05,0.00632,1e-05,0.00142,-0.00579,0.00024,0.00027,4e-05,0.00101,0.00042,0.00097,0.00048,0.00043,-0.00015,-0.00013,0.0012,6e-05,8e-05,-0.00042,0.0002,0.00229,-0.00017,-0.00015,1e-05,9e-05,-0.00045,-4e-05,-0.00018
24.1,0.00076,-0.0004,-0.00053,0.00215,-0.00039,-5e-05,2e-05,0.0059,-1e-05,0.00137,-0.00596,0.00027,0.00026,6e-05,0.00095,0.00046,0.00089,0.00047,0.00044,-0.00014,-0.00013,0.00118,6e-05,8e-05,-0.0004,0.00019,0.00228,-0.00018,-0.00018,1e-05,0.0001,-0.00043,-3e-05,-0.00015
24.12,0.00068,-0.00039,-0.00028,0.00209,-0.00032,-8e-05,2e-05,0.00572,-5e-05,0.00129,-0.00616,0.0003,0.00026,9e-05,0.00089,0.00052,0.00075,0.00045,0.00044,-0.00014,-0.00013,0.00114,6e-05,7e-05,-0.00038,0.00019,0.00229,-0.00018,-0.00022,2e-05,0.0001,-0.00039,-3e-05,-9e-05
24.14,0.00062,-0.00037,-6e-05,0.00201,-0.00024,-0.00011,2e-05,0.00564,-8e-05,0.0012,-0.00638,0.00033,0.00025,0.00011,0.00083,0.00058,0.00061,0.00043,0.00044,-0.00013,-0.00014,0.00109,6e-05,7e-05,-0.00035,0.00018,0.0023,-0.00019,-0.00026,2e-05,0.0001,-0.00036,-2e-05,-3e-05
24.16,0.00056,-0.00035,9e-05,0.00194,-0.00016,-0.00012,2e-05,0.00551,-0.00011,0.00112,-0.00658,0.00036,0.00025,0.00013,0.00078,0.00064,0.0005,0.00042,0.00044,-0.00013,-0.00014,0.00105,6e-05,7e-05,-0.00032,0.00018,0.00231,-0.0002,-0.00031,3e-05,0.0001,-0.00033,-2e-05,3e-05
24.18,0.00049,-0.00033,0.00021,0.00188,-8e-05,-0.00014,2e-05,0.00539,-0.00014,0.00105,-0.00682,0.00038,0.00024,0.00014,0.00074,0.00072,0.0004,0.00042,0.00044,-0.00013,-0.00015,0.00101,5e-05,7e-05,-0.0003,0.00017,0.00232,-0.0002,-0.00035,3e-05,0.0001,-0.0003,-1e-05,0.0001
24.2,0.00044,-0.00032,0.0003,0.00181,-2e-05,-0.00016,3e-05,0.00529,-0.00016,0.00096,-0.00702,0.0004,0.00024,0.00016,0.00069,0.0008,0.00034,0.00042,0.00044,-0.00013,-0.00015,0.00097,5e-05,7e-05,-0.00028,0.00017,0.00232,-0.00021,-0.00039,3e-05,0.00011,-0.00028,-1e-05,0.00014
24.22,0.0004,-0.00032,0.00029,0.00169,-1e-05,-0.00015,3e-05,0.00524,-0.00017,0.0008,-0.00712,0.00041,0.00024,0.00017,0.00066,0.00087,0.00031,0.00043,0.00045,-0.00014,-0.00015,0.00094,6e-05,6e-05,-0.00026,0.00016,0.00234,-0.00021,-0.00044,3e-05,0.00011,-0.0003,-1e-05,0.0001
24.24,0.00037,-0.00032,0.00026,0.00156,-3e-05,-0.00013,3e-05,0.0052,-0.00018,0.00065,-0.00718,0.00042,0.00024,0.00017,0.00063,0.00093,0.00029,0.00045,0.00046,-0.00014,-0.00015,0.00091,7e-05,6e-05,-0.00025,0.00016,0.00236,-0.00021,-0.00048,3e-05,0.00011,-0.00034,-2e-05,3e-05
24.26,0.00034,-0.00032,0.00024,0.00145,-3e-05,-0.00012,4e-05,0.00516,-0.00019,0.00053,-0.00726,0.00042,0.00024,0.00017,0.0006,0.001,0.00028,0.00046,0.00047,-0.00015,-0.00015,0.00088,8e-05,5e-05,-0.00024,0.00016,0.00238,-0.00021,-0.00053,3e-05,0.00011,-0.00037,-2e-05,-2e-05
24.28,0.00031,-0.00032,0.00022,0.00135,-4e-05,-0.00011,4e-05,0.00512,-0.0002,0.00043,-0.00734,0.00043,0.00024,0.00017,0.00057,0.00109,0.00026,0.00048,0.00047,-0.00015,-0.00015,0.00085,9e-05,5e-05,-0.00023,0.00016,0.00241,-0.00021,-0.00058,2e-05,0.00011,-0.00039,-3e-05,-8e-05
24.3,0.00028,-0.00033,0.0002,0.00127,-7e-05,-0.0001,4e-05,0.00507,-0.0002,0.00036,-0.00743,0.00043,0.00024,0.00016,0.00055,0.00117,0.00026,0.00048,0.00047,-0.00016,-0.00015,0.00083,0.0001,5e-05,-0.00022,0.00015,0.00242,-0.00021,-0.00062,2e-05,0.00011,-0.00042,-4e-05,-0.00014
24.32,0.00025,-0.00035,0.00019,0.0012,-9e-05,-9e-05,3e-05,0.00493,-0.0002,0.00033,-0.00759,0.00043,0.00024,0.00014,0.00054,0.00119,0.00027,0.00048,0.00046,-0.00016,-0.00015,0.00081,0.00011,4e-05,-0.00021,0.00015,0.00238,-0.00021,-0.00067,2e-05,0.00011,-0.00044,-4e-05,-0.00022
24.34,0.00023,-0.00037,0.00017,0.00115,-0.0001,-9e-05,3e-05,0.00478,-0.0002,0.00032,-0.00776,0.00043,0.00025,0.00013,0.00053,0.00119,0.00029,0.00047,0.00044,-0.00016,-0.00015,0.00079,0.00013,4e-05,-0.00021,0.00016,0.00233,-0.00021,-0.00071,2e-05,0.00011,-0.00046,-5e-05,-0.00031
24.36,0.0002,-0.00039,0.00016,0.00111,-0.00011,-8e-05,2e-05,0.00465,-0.0002,0.00031,-0.00793,0.00043,0.00025,0.0001,0.00052,0.0012,0.0003,0.00046,0.00042,-0.00016,-0.00015,0.00077,0.00015,3e-05,-0.00021,0.00016,0.00229,-0.00021,-0.00076,2e-05,0.00011,-0.00048,-6e-05,-0.00039
24.38,0.00018,-0.00041,0.00015,0.00106,-0.00012,-8e-05,2e-05,0.00451,-0.00019,0.0003,-0.0081,0.00043,0.00026,8e-05,0.00052,0.00122,0.00031,0.00045,0.0004,-0.00016,-0.00015,0.00075,0.00016,3e-05,-0.00021,0.00016,0.00224,-0.00021,-0.0008,1e-05,0.00011,-0.0005,-7e-05,-0.00047
24.4,0.00015,-0.00044,0.00015,0.00104,-0.00013,-8e-05,1e-05,0.0044,-0.00019,0.00029,-0.00827,0.00043,0.00026,5e-05,0.00052,0.00123,0.00033,0.00044,0.00039,-0.00016,-0.00015,0.00073,0.00018,3e-05,-0.00021,0.00016,0.0022,-0.00021,-0.00085,1e-05,0.00011,-0.00052,-7e-05,-0.00056
24.42,0.00013,-0.00046,0.00014,0.00106,-0.00013,-9e-05,0,0.00436,-0.00017,0.0003,-0.00844,0.00042,0.00026,3e-05,0.00054,0.00123,0.00035,0.00043,0.00037,-0.00016,-0.00014,0.00074,0.0002,2e-05,-0.00021,0.00016,0.00223,-0.0002,-0.00087,1e-05,0.00011,-0.00054,-8e-05,-0.00064
24.44,0.00011,-0.00048,0.00013,0.0011,-0.00013,-0.0001,-1e-05,0.00435,-0.00016,0.0003,-0.00862,0.00041,0.00027,0,0.00056,0.00122,0.00037,0.00042,0.00035,-0.00016,-0.00014,0.00074,0.00022,2e-05,-0.00022,0.00016,0.00227,-0.0002,-0.00089,0,0.00011,-0.00057,-9e-05,-0.00072
24.46,9e-05,-0.0005,0.00013,0.00113,-0.00013,-0.0001,-1e-05,0.00433,-0.00014,0.0003,-0.00878,0.00041,0.00027,-2e-05,0.00059,0.00122,0.00039,0.00041,0.00033,-0.00016,-0.00014,0.00075,0.00024,2e-05,-0.00022,0.00016,0.00231,-0.0002,-0.00091,-0,0.00011,-0.0006,-0.0001,-0.0008
24.48,7e-05,-0.00052,0.00012,0.00116,-0.00014,-0.0001,-2e-05,0.00429,-0.00012,0.0003,-0.00899,0.00041,0.00028,-5e-05,0.00061,0.00122,0.00041,0.00041,0.00032,-0.00016,-0.00014,0.00075,0.00026,2e-05,-0.00023,0.00016,0.00235,-0.0002,-0.00093,-0,0.00011,-0.00062,-0.00011,-0.00089
24.5,5e-05,-0.00054,0.0001,0.0012,-0.00014,-0.00011,-2e-05,0.0043,-0.0001,0.00029,-0.00911,0.00042,0.00028,-6e-05,0.00063,0.00121,0.00043,0.0004,0.00031,-0.00016,-0.00014,0.00075,0.00028,2e-05,-0.00023,0.00016,0.00237,-0.0002,-0.00094,-1e-05,0.00011,-0.00065,-0.00011,-0.00097
24.52,4e-05,-0.00054,8e-05,0.0013,-0.00015,-0.00011,-2e-05,0.00444,-8e-05,0.00028,-0.00902,0.00043,0.00027,-8e-05,0.00068,0.00117,0.00044,0.00039,0.0003,-0.00015,-0.00013,0.00076,0.00029,2e-05,-0.00024,0.00016,0.00233,-0.00019,-0.00095,-1e-05,0.00011,-0.00068,-0.00012,-0.00102
24.54,3e-05,-0.00054,6e-05,0.00142,-0.00015,-0.00011,-1e-05,0.00463,-5e-05,0.00027,-0.00885,0.00044,0.00026,-9e-05,0.00074,0.00112,0.00046,0.00038,0.00029,-0.00015,-0.00013,0.00076,0.0003,2e-05,-0.00024,0.00016,0.00226,-0.00019,-0.00096,-1e-05,0.0001,-0.00071,-0.00013,-0.00107
24.56,2e-05,-0.00054,3e-05,0.00153,-0.00016,-0.00011,-0,0.0048,-3e-05,0.00025,-0.00871,0.00045,0.00025,-9e-05,0.00079,0.00108,0.00047,0.00037,0.00029,-0.00015,-0.00013,0.00076,0.00032,2e-05,-0.00025,0.00017,0.00221,-0.00019,-0.00097,-2e-05,0.0001,-0.00074,-0.00014,-0.00113
24.58,1e-05,-0.00054,1e-05,0.00166,-0.00016,-0.00011,1e-05,0.00499,-1e-05,0.00024,-0.00859,0.00046,0.00024,-9e-05,0.00085,0.00104,0.00049,0.00037,0.00029,-0.00015,-0.00012,0.00077,0.00033,2e-05,-0.00025,0.00017,0.00214,-0.00019,-0.00098,-2e-05,0.0001,-0.00077,-0.00014,-0.00118
24.6,1e-05,-0.00054,-3e-05,0.00178,-0.00017,-0.0001,2e-05,0.00517,0,0.00021,-0.00843,0.00047,0.00024,-9e-05,0.0009,0.001,0.0005,0.00037,0.00029,-0.00015,-0.00012,0.00077,0.00034,2e-05,-0.00026,0.00017,0.0021,-0.00018,-0.00098,-2e-05,0.0001,-0.0008,-0.00015,-0.00123
24.62,4e-05,-0.00054,-8e-05,0.00185,-0.00021,-9e-05,3e-05,0.00534,2e-05,0.00016,-0.00818,0.00048,0.00023,-8e-05,0.00091,0.00096,0.00048,0.00038,0.00032,-0.00015,-0.00012,0.00077,0.00034,2e-05,-0.00026,0.00017,0.00211,-0.00018,-0.00098,-2e-05,9e-05,-0.00082,-0.00015,-0.00127
24.64,7e-05,-0.00053,-0.00015,0.00189,-0.00024,-7e-05,4e-05,0.00551,3e-05,0.0001,-0.00791,0.0005,0.00022,-8e-05,0.00091,0.00091,0.00046,0.00039,0.00035,-0.00015,-0.00012,0.00076,0.00035,2e-05,-0.00025,0.00017,0.00215,-0.00018,-0.00097,-1e-05,9e-05,-0.00083,-0.00016,-0.00131
24.66,0.0001,-0.00053,-0.0002,0.00195,-0.00028,-6e-05,5e-05,0.0057,3e-05,5e-05,-0.00766,0.0005,0.00021,-7e-05,0.00092,0.00087,0.00044,0.0004,0.00038,-0.00015,-0.00011,0.00076,0.00035,3e-05,-0.00025,0.00017,0.00217,-0.00017,-0.00096,-1e-05,8e-05,-0.00085,-0.00016,-0.00135
24.68,0.00013,-0.00053,-0.00025,0.002,-0.00032,-5e-05,6e-05,0.00586,4e-05,1e-05,-0.00742,0.0005,0.0002,-6e-05,0.00093,0.00083,0.00042,0.00041,0.0004,-0.00014,-0.00011,0.00075,0.00036,3e-05,-0.00024,0.00017,0.00219,-0.00017,-0.00095,-1e-05,8e-05,-0.00087,-0.00016,-0.00139
24.7,0.00016,-0.00052,-0.0003,0.00207,-0.00036,-4e-05,7e-05,0.0061,4e-05,-3e-05,-0.00718,0.0005,0.00019,-6e-05,0.00094,0.00079,0.00041,0.00041,0.00042,-0.00014,-0.00011,0.00075,0.00036,3e-05,-0.00024,0.00017,0.00221,-0.00017,-0.00094,-0,8e-05,-0.00088,-0.00017,-0.00143
24.72,0.00019,-0.0005,-0.00037,0.00217,-0.00042,-4e-05,8e-05,0.00659,3e-05,-6e-05,-0.00692,0.00047,0.00019,-5e-05,0.00097,0.00075,0.0004,0.00041,0.00044,-0.00014,-0.00011,0.00074,0.00035,3e-05,-0.00024,0.00016,0.00222,-0.00016,-0.00093,0,7e-05,-0.00089,-0.00017,-0.00142
24.74,0.00022,-0.00048,-0.00043,0.00229,-0.00049,-4e-05,8e-05,0.00722,3e-05,-8e-05,-0.00666,0.00044,0.00018,-4e-05,0.00101,0.0007,0.00039,0.00042,0.00046,-0.00014,-0.00011,0.00072,0.00035,3e-05,-0.00023,0.00016,0.00222,-0.00016,-0.00091,1e-05,7e-05,-0.00089,-0.00017,-0.00141
24.76,0.00026,-0.00045,-0.00049,0.00241,-0.00056,-4e-05,9e-05,0.00785,2e-05,-0.00011,-0.00641,0.00041,0.00017,-4e-05,0.00104,0.00067,0.00038,0.00042,0.00047,-0.00014,-0.00011,0.00071,0.00034,3e-05,-0.00023,0.00016,0.00223,-0.00016,-0.0009,1e-05,7e-05,-0.00089,-0.00017,-0.0014
24.78,0.00029,-0.00043,-0.00058,0.00255,-0.00064,-5e-05,0.0001,0.00857,2e-05,-0.00013,-0.00616,0.00038,0.00016,-3e-05,0.00108,0.00063,0.00038,0.00042,0.00048,-0.00014,-0.00011,0.0007,0.00034,3e-05,-0.00022,0.00016,0.00224,-0.00015,-0.00089,2e-05,6e-05,-0.00089,-0.00017,-0.00139
24.8,0.00032,-0.00041,-0.00064,0.00266,-0.0007,-5e-05,0.00011,0.0093,2e-05,-0.00016,-0.00593,0.00034,0.00016,-2e-05,0.00111,0.0006,0.00037,0.00042,0.0005,-0.00014,-0.00011,0.00069,0.00034,3e-05,-0.00022,0.00016,0.00224,-0.00015,-0.00088,2e-05,6e-05,-0.00089,-0.00017,-0.00138
24.82,0.00037,-0.0004,-0.00061,0.00268,-0.00071,-6e-05,0.00012,0.00997,2e-05,-0.0002,-0.00579,0.00028,0.00015,-0,0.00113,0.00059,0.00036,0.00043,0.00051,-0.00014,-0.00011,0.00069,0.00035,2e-05,-0.00022,0.00016,0.00223,-0.00015,-0.00087,2e-05,6e-05,-0.00089,-0.00017,-0.00138
24.84,0.00043,-0.00039,-0.00055,0.00266,-0.00071,-7e-05,0.00012,0.01064,3e-05,-0.00023,-0.00566,0.00022,0.00014,1e-05,0.00115,0.00059,0.00034,0.00043,0.00052,-0.00013,-0.00011,0.00068,0.00036,2e-05,-0.00022,0.00016,0.00222,-0.00015,-0.00086,3e-05,6e-05,-0.00089,-0.00017,-0.00138
24.86,0.00048,-0.00038,-0.00051,0.00266,-0.00071,-8e-05,0.00012,0.01135,4e-05,-0.00026,-0.00551,0.00017,0.00013,1e-05,0.00116,0.00058,0.00033,0.00043,0.00054,-0.00013,-0.00011,0.00068,0.00037,2e-05,-0.00022,0.00016,0.00221,-0.00015,-0.00086,3e-05,6e-05,-0.00089,-0.00017,-0.00138
24.88,0.00053,-0.00037,-0.00047,0.00265,-0.00071,-8e-05,0.00012,0.0122,5e-05,-0.0003,-0.00543,0.00013,0.00012,2e-05,0.00119,0.00058,0.00032,0.00044,0.00055,-0.00013,-0.00011,0.00068,0.00038,1e-05,-0.00022,0.00016,0.00221,-0.00015,-0.00085,3e-05,6e-05,-0.0009,-0.00017,-0.00137
24.9,0.00059,-0.00037,-0.00044,0.00265,-0.0007,-8e-05,0.00011,0.01292,6e-05,-0.00033,-0.0052,9e-05,0.00011,2e-05,0.00119,0.00057,0.0003,0.00044,0.00057,-0.00013,-0.0001,0.00068,0.00039,1e-05,-0.00021,0.00016,0.00219,-0.00015,-0.00085,4e-05,6e-05,-0.0009,-0.00017,-0.00138
24.92,0.00065,-0.00036,-0.00043,0.00265,-0.00069,-8e-05,0.0001,0.01316,7e-05,-0.00037,-0.00458,5e-05,7e-05,2e-05,0.00116,0.00057,0.00028,0.00045,0.00058,-0.00013,-0.0001,0.0007,0.0004,1e-05,-0.00021,0.00016,0.00214,-0.00015,-0.00084,4e-05,6e-05,-0.00089,-0.00016,-0.00141
24.94,0.0007,-0.00036,-0.00043,0.00264,-0.00068,-7e-05,8e-05,0.01322,7e-05,-0.00041,-0.00392,2e-05,4e-05,2e-05,0.00112,0.00056,0.00026,0.00046,0.0006,-0.00014,-0.0001,0.00072,0.00042,1e-05,-0.00019,0.00016,0.00208,-0.00016,-0.00084,5e-05,7e-05,-0.00087,-0.00015,-0.00144
24.96,0.00076,-0.00035,-0.00043,0.00264,-0.00067,-7e-05,7e-05,0.01339,8e-05,-0.00046,-0.0034,-0,0,1e-05,0.00108,0.00056,0.00024,0.00047,0.00061,-0.00014,-0.0001,0.00073,0.00044,1e-05,-0.00018,0.00015,0.00203,-0.00016,-0.00084,6e-05,7e-05,-0.00086,-0.00015,-0.00148
24.98,0.00082,-0.00035,-0.00043,0.00264,-0.00067,-7e-05,5e-05,0.01349,8e-05,-0.0005,-0.00297,-2e-05,-2e-05,1e-05,0.00104,0.00055,0.00023,0.00047,0.00062,-0.00014,-0.0001,0.00075,0.00046,0,-0.00017,0.00015,0.00197,-0.00016,-0.00084,6e-05,7e-05,-0.00084,-0.00014,-0.00151
25,0.00088,-0.00035,-0.00043,0.00264,-0.00067,-7e-05,3e-05,0.01367,9e-05,-0.00055,-0.00261,-3e-05,-4e-05,-0,0.00102,0.00055,0.00022,0.00048,0.00062,-0.00014,-0.0001,0.00077,0.00048,0,-0.00017,0.00015,0.00193,-0.00016,-0.00084,7e-05,7e-05,-0.00084,-0.00014,-0.00154
25.02,0.00093,-0.00035,-0.00045,0.00264,-0.00067,-7e-05,2e-05,0.01419,9e-05,-0.00058,-0.00231,-1e-05,-7e-05,-2e-05,0.00102,0.00057,0.00021,0.00047,0.00061,-0.00014,-0.0001,0.00079,0.00051,0,-0.00016,0.00015,0.00193,-0.00016,-0.00084,7e-05,7e-05,-0.00084,-0.00013,-0.00156
25.04,0.00098,-0.00036,-0.00048,0.00264,-0.00067,-7e-05,-1e-05,0.01481,9e-05,-0.00061,-0.00209,2e-05,-8e-05,-3e-05,0.00104,0.00058,0.00021,0.00047,0.00059,-0.00014,-0.0001,0.00082,0.00055,0,-0.00015,0.00015,0.00195,-0.00016,-0.00085,8e-05,8e-05,-0.00085,-0.00013,-0.00159
25.06,0.00103,-0.00036,-0.0005,0.00264,-0.00067,-7e-05,-3e-05,0.01537,8e-05,-0.00064,-0.00194,4e-05,-9e-05,-5e-05,0.00105,0.0006,0.00021,0.00046,0.00057,-0.00014,-0.0001,0.00084,0.00058,1e-05,-0.00014,0.00014,0.00196,-0.00016,-0.00086,8e-05,8e-05,-0.00086,-0.00013,-0.00161
25.08,0.00109,-0.00037,-0.00052,0.00264,-0.00067,-7e-05,-5e-05,0.01615,7e-05,-0.00069,-0.00176,6e-05,-0.00011,-6e-05,0.00106,0.00062,0.00021,0.00046,0.00055,-0.00014,-9e-05,0.00087,0.00062,1e-05,-0.00013,0.00014,0.00196,-0.00016,-0.00087,9e-05,8e-05,-0.00087,-0.00013,-0.00164
25.1,0.00114,-0.00038,-0.00055,0.00264,-0.00067,-6e-05,-7e-05,0.01656,5e-05,-0.00072,-0.00175,8e-05,-0.00011,-8e-05,0.00107,0.00063,0.00022,0.00044,0.00052,-0.00014,-9e-05,0.00089,0.00065,1e-05,-0.00012,0.00014,0.00199,-0.00016,-0.00087,9e-05,8e-05,-0.00087,-0.00013,-0.00165
25.12,0.00117,-0.00038,-0.00059,0.00264,-0.00067,-6e-05,-0.0001,0.01593,3e-05,-0.00068,-0.00211,8e-05,-4e-05,-9e-05,0.00109,0.00065,0.00022,0.00041,0.00047,-0.00014,-9e-05,0.00091,0.00069,1e-05,-0.00012,0.00013,0.00213,-0.00016,-0.00088,9e-05,8e-05,-0.00088,-0.00013,-0.00165
25.14,0.0012,-0.00038,-0.00064,0.00264,-0.00067,-5e-05,-0.00012,0.01494,-0,-0.0006,-0.00265,8e-05,4e-05,-0.00011,0.0011,0.00068,0.00023,0.00038,0.00042,-0.00014,-9e-05,0.00093,0.00072,1e-05,-0.00012,0.00013,0.0023,-0.00016,-0.00089,9e-05,8e-05,-0.00088,-0.00013,-0.00164
25.16,0.00123,-0.00038,-0.00069,0.00264,-0.00067,-4e-05,-0.00014,0.01414,-4e-05,-0.00055,-0.00314,9e-05,0.00011,-0.00012,0.00112,0.0007,0.00024,0.00033,0.00036,-0.00014,-9e-05,0.00096,0.00076,2e-05,-0.00012,0.00013,0.00246,-0.00016,-0.0009,9e-05,9e-05,-0.00088,-0.00014,-0.00163
25.18,0.00126,-0.00039,-0.00073,0.00264,-0.00068,-3e-05,-0.00016,0.0135,-6e-05,-0.0005,-0.00374,9e-05,0.00017,-0.00013,0.00113,0.00072,0.00025,0.00028,0.0003,-0.00014,-9e-05,0.00098,0.0008,2e-05,-0.00011,0.00012,0.00264,-0.00016,-0.00092,9e-05,9e-05,-0.00088,-0.00014,-0.00162
25.2,0.00128,-0.00039,-0.00079,0.00264,-0.00068,-2e-05,-0.00017,0.01259,-9e-05,-0.00045,-0.00436,0.00011,0.00021,-0.00014,0.00114,0.00074,0.00025,0.00021,0.00023,-0.00014,-9e-05,0.001,0.00083,2e-05,-0.00011,0.00012,0.00279,-0.00016,-0.00092,9e-05,9e-05,-0.00088,-0.00014,-0.00161
25.22,0.00129,-0.0004,-0.00086,0.00264,-0.00068,-1e-05,-0.00018,0.01107,-0.00013,-0.00037,-0.00485,0.00018,0.00022,-0.00015,0.00113,0.00078,0.00026,0.00015,0.00012,-0.00014,-9e-05,0.00102,0.00083,3e-05,-0.00015,0.00012,0.00283,-0.00016,-0.00089,9e-05,9e-05,-0.00086,-0.00014,-0.0016
25.24,0.00128,-0.00042,-0.00096,0.00264,-0.00068,-0,-0.00019,0.00952,-0.00016,-0.00029,-0.00531,0.00025,0.00022,-0.00015,0.00112,0.00082,0.00026,7e-05,0,-0.00016,-9e-05,0.00104,0.00081,3e-05,-0.0002,0.00013,0.00283,-0.00016,-0.00085,9e-05,9e-05,-0.00083,-0.00013,-0.00159
25.26,0.00128,-0.00044,-0.00105,0.00264,-0.00067,1e-05,-0.00019,0.00828,-0.00018,-0.00024,-0.00581,0.0003,0.00022,-0.00015,0.00111,0.00087,0.00026,-2e-05,-0.0001,-0.00016,-9e-05,0.00106,0.0008,3e-05,-0.00023,0.00013,0.00285,-0.00016,-0.00082,9e-05,9e-05,-0.00081,-0.00013,-0.00159
25.28,0.00128,-0.00045,-0.00115,0.00264,-0.00067,2e-05,-0.00019,0.00716,-0.0002,-0.00019,-0.0066,0.00034,0.00022,-0.00015,0.00109,0.00092,0.00027,-9e-05,-0.00018,-0.00017,-9e-05,0.00109,0.0008,4e-05,-0.00027,0.00014,0.00287,-0.00016,-0.00079,9e-05,9e-05,-0.00079,-0.00012,-0.00158
25.3,0.00128,-0.00047,-0.00125,0.00264,-0.00067,3e-05,-0.00019,0.00624,-0.00021,-0.00015,-0.00698,0.00035,0.00021,-0.00014,0.00109,0.00096,0.00027,-0.00019,-0.00025,-0.00018,-9e-05,0.00111,0.00079,4e-05,-0.00031,0.00014,0.00288,-0.00015,-0.00076,9e-05,9e-05,-0.00077,-0.00012,-0.00157
25.32,0.00126,-0.00046,-0.00134,0.00264,-0.00067,4e-05,-0.00018,0.00554,-0.00019,-0.00016,-0.00592,0.00029,0.00015,-0.00014,0.00113,0.00094,0.00027,-0.00036,-0.00033,-0.00017,-9e-05,0.00113,0.00075,5e-05,-0.00031,0.00014,0.00288,-0.00015,-0.00072,8e-05,9e-05,-0.00076,-0.00012,-0.00157
25.34,0.00125,-0.00046,-0.00142,0.00264,-0.00067,4e-05,-0.00017,0.00496,-0.00017,-0.00017,-0.00463,0.00021,8e-05,-0.00013,0.00119,0.00091,0.00026,-0.00052,-0.0004,-0.00016,-0.0001,0.00116,0.00072,5e-05,-0.00031,0.00014,0.00288,-0.00015,-0.00068,6e-05,9e-05,-0.00075,-0.00012,-0.00156
25.36,0.00123,-0.00045,-0.00151,0.00264,-0.00066,5e-05,-0.00016,0.00445,-0.00015,-0.00017,-0.00379,0.00015,3e-05,-0.00012,0.00124,0.00088,0.00026,-0.00062,-0.00044,-0.00016,-0.0001,0.00118,0.00069,5e-05,-0.00032,0.00014,0.00289,-0.00015,-0.00065,5e-05,8e-05,-0.00075,-0.00012,-0.00155
25.38,0.00122,-0.00045,-0.00162,0.00264,-0.00066,5e-05,-0.00015,0.00395,-0.00013,-0.00018,-0.003,0.0001,-2e-05,-0.00011,0.00129,0.00086,0.00026,-0.00071,-0.00047,-0.00015,-0.0001,0.00121,0.00066,5e-05,-0.00032,0.00014,0.00289,-0.00014,-0.00061,4e-05,8e-05,-0.00074,-0.00012,-0.00155
25.4,0.0012,-0.00044,-0.00171,0.00264,-0.00066,4e-05,-0.00013,0.00359,-0.00012,-0.00018,-0.00251,6e-05,-6e-05,-0.00011,0.00135,0.00084,0.00026,-0.00075,-0.00048,-0.00015,-0.00011,0.00123,0.00063,5e-05,-0.00032,0.00014,0.00289,-0.00014,-0.00058,3e-05,7e-05,-0.00073,-0.00012,-0.00154
25.42,0.00119,-0.00043,-0.00176,0.00262,-0.00065,3e-05,-0.00012,0.00349,-0.0001,-0.00018,-0.00249,5e-05,-6e-05,-0.0001,0.00141,0.00085,0.00027,-0.00069,-0.00043,-0.00014,-0.00011,0.00124,0.00061,5e-05,-0.00032,0.00014,0.0029,-0.00014,-0.00057,1e-05,7e-05,-0.00073,-0.00012,-0.00151
25.44,0.00119,-0.00041,-0.00179,0.00261,-0.00064,1e-05,-0.00011,0.00348,-0.0001,-0.00018,-0.00261,6e-05,-5e-05,-9e-05,0.00149,0.00087,0.00029,-0.00059,-0.00037,-0.00014,-0.00011,0.00125,0.00058,5e-05,-0.00032,0.00014,0.0029,-0.00013,-0.00057,-1e-05,6e-05,-0.00072,-0.00012,-0.00148
25.46,0.00118,-0.0004,-0.00183,0.00259,-0.00064,0,-9e-05,0.00343,-9e-05,-0.00018,-0.00266,6e-05,-4e-05,-9e-05,0.00156,0.00089,0.0003,-0.00052,-0.00033,-0.00013,-0.00011,0.00126,0.00056,5e-05,-0.00032,0.00014,0.00291,-0.00013,-0.00056,-3e-05,6e-05,-0.00072,-0.00012,-0.00145
25.48,0.00117,-0.00039,-0.00188,0.00257,-0.00063,-1e-05,-8e-05,0.00336,-8e-05,-0.00017,-0.00273,7e-05,-3e-05,-8e-05,0.00164,0.00091,0.00031,-0.00045,-0.00029,-0.00013,-0.00011,0.00126,0.00054,5e-05,-0.00032,0.00014,0.00291,-0.00013,-0.00055,-4e-05,5e-05,-0.00071,-0.00012,-0.00142
25.5,0.00116,-0.00037,-0.00192,0.00256,-0.00063,-2e-05,-7e-05,0.00334,-8e-05,-0.00018,-0.00279,7e-05,-3e-05,-8e-05,0.00171,0.00092,0.00032,-0.0004,-0.00026,-0.00013,-0.00012,0.00127,0.00052,5e-05,-0.00033,0.00014,0.00291,-0.00012,-0.00054,-6e-05,5e-05,-0.0007,-0.00012,-0.00139
25.52,0.00116,-0.00036,-0.00189,0.00254,-0.00062,-2e-05,-6e-05,0.00343,-8e-05,-0.00019,-0.00279,9e-05,-3e-05,-7e-05,0.00176,0.00091,0.00033,-0.00036,-0.00025,-0.00013,-0.00012,0.00129,0.00051,5e-05,-0.00033,0.00014,0.00292,-0.00012,-0.00054,-8e-05,5e-05,-0.0007,-0.00012,-0.00136
25.54,0.00116,-0.00034,-0.00184,0.00252,-0.00062,-3e-05,-5e-05,0.00356,-8e-05,-0.00021,-0.00277,0.0001,-3e-05,-7e-05,0.0018,0.00089,0.00035,-0.00034,-0.00023,-0.00013,-0.00012,0.00131,0.0005,5e-05,-0.00033,0.00014,0.00292,-0.00012,-0.00054,-0.0001,4e-05,-0.00069,-0.00011,-0.00134
25.56,0.00116,-0.00032,-0.00181,0.0025,-0.00061,-4e-05,-4e-05,0.00367,-8e-05,-0.00022,-0.00275,0.00011,-2e-05,-6e-05,0.00184,0.00088,0.00036,-0.00032,-0.00022,-0.00013,-0.00012,0.00133,0.00049,5e-05,-0.00033,0.00014,0.00292,-0.00012,-0.00054,-0.00012,4e-05,-0.00068,-0.00011,-0.00132
25.58,0.00116,-0.00031,-0.00177,0.00248,-0.00061,-4e-05,-4e-05,0.00378,-8e-05,-0.00023,-0.00273,0.00012,-3e-05,-6e-05,0.00189,0.00087,0.00036,-0.00031,-0.00021,-0.00013,-0.00012,0.00134,0.00048,4e-05,-0.00033,0.00014,0.00292,-0.00012,-0.00054,-0.00014,4e-05,-0.00067,-0.00011,-0.00128
25.6,0.00116,-0.00029,-0.00174,0.00246,-0.0006,-4e-05,-3e-05,0.00389,-9e-05,-0.00023,-0.00272,0.00012,-2e-05,-5e-05,0.00192,0.00086,0.00037,-0.0003,-0.0002,-0.00013,-0.00012,0.00136,0.00047,4e-05,-0.00033,0.00014,0.00292,-0.00011,-0.00054,-0.00015,4e-05,-0.00067,-0.00011,-0.00127
25.62,0.00116,-0.00028,-0.00174,0.00247,-0.0006,-3e-05,-3e-05,0.00398,-9e-05,-0.00024,-0.00273,0.00013,-2e-05,-4e-05,0.00193,0.00084,0.00036,-0.0003,-0.00018,-0.00013,-0.00012,0.00138,0.00046,4e-05,-0.00033,0.00014,0.00292,-0.00011,-0.00054,-0.00017,4e-05,-0.00066,-0.0001,-0.0013
25.64,0.00116,-0.00027,-0.00174,0.00247,-0.0006,-3e-05,-2e-05,0.00407,-9e-05,-0.00024,-0.00277,0.00013,-1e-05,-3e-05,0.00191,0.00083,0.00036,-0.00029,-0.00015,-0.00013,-0.00013,0.0014,0.00045,4e-05,-0.00033,0.00014,0.00292,-0.00011,-0.00054,-0.00019,4e-05,-0.00065,-0.0001,-0.00135
25.66,0.00116,-0.00025,-0.00172,0.00248,-0.00059,-2e-05,-2e-05,0.00416,-0.0001,-0.00023,-0.00279,0.00014,0,-2e-05,0.0019,0.00082,0.00034,-0.00028,-0.00012,-0.00013,-0.00013,0.00141,0.00044,4e-05,-0.00033,0.00014,0.00292,-0.00011,-0.00053,-0.0002,4e-05,-0.00064,-0.0001,-0.00138
25.68,0.00116,-0.00024,-0.0017,0.00248,-0.00057,-1e-05,-1e-05,0.00425,-0.0001,-0.00022,-0.00282,0.00014,1e-05,-1e-05,0.00189,0.00081,0.00032,-0.00025,-8e-05,-0.00013,-0.00013,0.00143,0.00043,5e-05,-0.00033,0.00014,0.00292,-0.00011,-0.00053,-0.00022,4e-05,-0.00064,-9e-05,-0.00142
25.7,0.00115,-0.00023,-0.00167,0.00248,-0.00057,-0,-1e-05,0.00431,-0.0001,-0.00021,-0.00287,0.00015,2e-05,1e-05,0.00186,0.0008,0.00029,-0.00022,-2e-05,-0.00013,-0.00013,0.00144,0.00043,5e-05,-0.00033,0.00014,0.00292,-0.00011,-0.00053,-0.00023,4e-05,-0.00063,-9e-05,-0.00146
25.72,0.00115,-0.00022,-0.00167,0.00249,-0.00058,1e-05,-1e-05,0.00434,-0.00011,-0.00019,-0.00293,0.00015,3e-05,3e-05,0.00182,0.00079,0.00023,-0.00019,6e-05,-0.00014,-0.00013,0.00143,0.00042,5e-05,-0.00033,0.00014,0.00292,-0.00011,-0.00052,-0.00023,4e-05,-0.00064,-9e-05,-0.00148
25.74,0.00115,-0.00022,-0.00164,0.00251,-0.00059,2e-05,-0,0.00431,-0.00011,-0.00016,-0.00301,0.00016,5e-05,6e-05,0.00175,0.00079,0.00016,-0.00014,0.00015,-0.00015,-0.00013,0.00141,0.00041,4e-05,-0.00033,0.00014,0.00292,-0.00011,-0.00051,-0.00022,4e-05,-0.00064,-9e-05,-0.00149
25.76,0.00115,-0.00022,-0.00159,0.00251,-0.00059,3e-05,-0,0.00427,-0.00011,-0.00013,-0.0031,0.00016,6e-05,8e-05,0.00167,0.00078,8e-05,-8e-05,0.00024,-0.00015,-0.00013,0.00139,0.0004,4e-05,-0.00032,0.00014,0.00292,-0.00011,-0.00051,-0.00022,4e-05,-0.00065,-9e-05,-0.0015
25.78,0.00114,-0.00021,-0.00162,0.00254,-0.00061,3e-05,-1e-05,0.00439,-0.00011,-0.00011,-0.00315,0.00017,8e-05,9e-05,0.00167,0.00078,3e-05,-3e-05,0.00031,-0.00016,-0.00013,0.00137,0.00039,4e-05,-0.00032,0.00014,0.00292,-0.00011,-0.0005,-0.00022,4e-05,-0.00065,-0.0001,-0.00152
25.8,0.00115,-0.00021,-0.00147,0.00253,-0.00059,3e-05,-1e-05,0.00416,-0.00012,-7e-05,-0.00327,0.00018,9e-05,0.00011,0.00151,0.00077,-5e-05,4e-05,0.0004,-0.00016,-0.00013,0.00135,0.00038,4e-05,-0.00032,0.00014,0.00292,-0.00011,-0.0005,-0.00021,4e-05,-0.00066,-0.0001,-0.00153
25.82,0.00117,-0.00024,-0.00092,0.00243,-0.00047,5e-05,-2e-05,0.0031,-0.00013,-0,-0.00359,0.00019,0.00013,0.00012,0.00098,0.00078,-0.00017,0.0002,0.00051,-0.00014,-0.00013,0.00132,0.00037,4e-05,-0.00032,0.00014,0.00292,-0.00011,-0.0005,-0.0002,5e-05,-0.00067,-0.0001,-0.00153
25.84,0.0012,-0.00028,-0.00043,0.0023,-0.00032,7e-05,-4e-05,0.00211,-0.00014,6e-05,-0.00401,0.0002,0.00018,0.00011,0.00052,0.00078,-0.00027,0.00036,0.00062,-0.0001,-0.00013,0.00129,0.00037,4e-05,-0.00032,0.00014,0.00292,-0.00011,-0.00051,-0.0002,5e-05,-0.00068,-0.0001,-0.00153
25.86,0.00123,-0.00031,-0.00013,0.0022,-0.00019,9e-05,-6e-05,0.00149,-0.00014,0.00012,-0.00441,0.00021,0.00021,0.0001,0.00025,0.00078,-0.00034,0.00046,0.0007,-8e-05,-0.00013,0.00126,0.00037,4e-05,-0.00031,0.00014,0.00292,-0.00011,-0.00051,-0.00019,5e-05,-0.00069,-0.0001,-0.00154
25.88,0.00126,-0.00035,9e-05,0.00208,-6e-05,0.00011,-8e-05,0.00099,-0.00015,0.00016,-0.00488,0.00021,0.00025,7e-05,5e-05,0.00079,-0.0004,0.00056,0.00077,-5e-05,-0.00013,0.00122,0.00036,4e-05,-0.00031,0.00014,0.00292,-0.00011,-0.00052,-0.00018,5e-05,-0.0007,-0.00011,-0.00154
25.9,0.00128,-0.00038,0.00027,0.00202,7e-05,0.00013,-0.0001,0.0007,-0.00015,0.0002,-0.00532,0.00021,0.00028,4e-05,-5e-05,0.0008,-0.00044,0.00061,0.00081,-3e-05,-0.00013,0.0012,0.00036,4e-05,-0.00031,0.00014,0.00292,-0.00011,-0.00052,-0.00018,5e-05,-0.0007,-0.00011,-0.00155
25.92,0.00125,-0.0004,0.00045,0.00211,0.00018,0.00011,-0.00013,0.00062,-0.00016,0.00022,-0.00557,0.0002,0.00029,0,-7e-05,0.00081,-0.00044,0.0006,0.00077,-4e-05,-0.00013,0.00119,0.00036,4e-05,-0.00031,0.00014,0.00292,-0.00011,-0.00053,-0.00018,5e-05,-0.00071,-0.00011,-0.00155
25.94,0.00121,-0.00042,0.00065,0.00225,0.0003,9e-05,-0.00014,0.0006,-0.00016,0.00024,-0.00574,0.00018,0.00029,-3e-05,-7e-05,0.00082,-0.00042,0.00056,0.0007,-5e-05,-0.00013,0.00119,0.00037,4e-05,-0.00031,0.00014,0.00292,-0.00011,-0.00054,-0.00018,6e-05,-0.00071,-0.00011,-0.00156
25.96,0.00117,-0.00044,0.00091,0.00238,0.00043,8e-05,-0.00015,0.00056,-0.00016,0.00026,-0.00594,0.00015,0.0003,-6e-05,-7e-05,0.00084,-0.00042,0.00053,0.00065,-6e-05,-0.00013,0.00118,0.00037,4e-05,-0.00031,0.00014,0.00292,-0.00011,-0.00054,-0.00018,6e-05,-0.00072,-0.00011,-0.00157
25.98,0.00114,-0.00046,0.00135,0.00252,0.00057,7e-05,-0.00016,0.00053,-0.00016,0.00028,-0.00616,0.00011,0.0003,-8e-05,-7e-05,0.00085,-0.00041,0.0005,0.0006,-7e-05,-0.00013,0.00118,0.00037,4e-05,-0.00031,0.00014,0.00292,-0.00011,-0.00055,-0.00018,6e-05,-0.00072,-0.00011,-0.00158
26,0.00111,-0.00048,0.00182,0.00264,0.00069,7e-05,-0.00015,0.00051,-0.00015,0.00029,-0.00632,6e-05,0.00031,-9e-05,-6e-05,0.00087,-0.00041,0.00048,0.00056,-9e-05,-0.00013,0.00118,0.00037,4e-05,-0.00031,0.00014,0.00292,-0.00011,-0.00056,-0.00018,6e-05,-0.00072,-0.00011,-0.00158
26.02,0.0011,-0.00049,0.00185,0.00266,0.00072,7e-05,-0.00014,0.0005,-0.00014,0.00028,-0.00638,-0,0.00031,-9e-05,-4e-05,0.00094,-0.00041,0.00046,0.00051,-0.0001,-0.00013,0.00118,0.00038,4e-05,-0.00031,0.00014,0.00292,-0.00011,-0.00057,-0.00019,6e-05,-0.00073,-0.00011,-0.00157
26.04,0.00111,-0.00051,0.00171,0.00265,0.0007,9e-05,-0.00013,0.00051,-0.00013,0.00026,-0.00636,-8e-05,0.00031,-9e-05,-2e-05,0.00103,-0.0004,0.00045,0.00047,-0.00011,-0.00013,0.00119,0.00038,4e-05,-0.00032,0.00014,0.00292,-0.00011,-0.00059,-0.0002,6e-05,-0.00074,-0.00012,-0.00155
26.06,0.00111,-0.00052,0.00166,0.00265,0.00071,0.0001,-0.00011,0.00051,-0.00012,0.00026,-0.00632,-0.00016,0.00031,-9e-05,-1e-05,0.00111,-0.00041,0.00044,0.00044,-0.00011,-0.00013,0.00119,0.00038,4e-05,-0.00032,0.00014,0.00292,-0.00011,-0.0006,-0.0002,6e-05,-0.00074,-0.00012,-0.00153
26.08,0.0011,-0.00054,0.0016,0.00265,0.00071,0.0001,-0.0001,0.0005,-0.00012,0.00025,-0.00652,-0.00023,0.00032,-8e-05,1e-05,0.00121,-0.00042,0.00044,0.00042,-0.00012,-0.00013,0.0012,0.00039,4e-05,-0.00032,0.00014,0.00292,-0.00011,-0.00061,-0.00021,6e-05,-0.00075,-0.00012,-0.00151
26.1,0.0011,-0.00055,0.00155,0.00265,0.00071,0.00011,-9e-05,0.0005,-0.0001,0.00025,-0.00624,-0.00032,0.00032,-7e-05,2e-05,0.0013,-0.00042,0.00044,0.00041,-0.00013,-0.00013,0.0012,0.00039,4e-05,-0.00032,0.00014,0.00292,-0.00011,-0.00063,-0.00021,6e-05,-0.00076,-0.00013,-0.0015
26.12,0.00111,-0.00056,0.00153,0.00265,0.00069,0.00011,-8e-05,0.00052,-8e-05,0.00025,-0.00477,-0.00047,0.0003,-6e-05,4e-05,0.00136,-0.00043,0.00043,0.0004,-0.00013,-0.00013,0.0012,0.00039,4e-05,-0.00032,0.00014,0.00292,-0.00012,-0.00064,-0.00022,6e-05,-0.00078,-0.00013,-0.00148
26.14,0.00111,-0.00056,0.00152,0.00265,0.00067,0.0001,-7e-05,0.00054,-6e-05,0.00026,-0.00335,-0.00062,0.00028,-5e-05,5e-05,0.00141,-0.00042,0.00043,0.0004,-0.00013,-0.00013,0.0012,0.00039,4e-05,-0.00031,0.00014,0.00292,-0.00012,-0.00066,-0.00023,6e-05,-0.0008,-0.00014,-0.00146
26.16,0.00111,-0.00057,0.00152,0.00265,0.00066,0.0001,-6e-05,0.00055,-4e-05,0.00026,-0.00245,-0.00072,0.00026,-3e-05,6e-05,0.00147,-0.00043,0.00043,0.0004,-0.00014,-0.00013,0.0012,0.00039,4e-05,-0.00031,0.00014,0.00292,-0.00012,-0.00068,-0.00023,6e-05,-0.00083,-0.00015,-0.00145
26.18,0.00111,-0.00057,0.00152,0.00264,0.00066,9e-05,-5e-05,0.00057,-3e-05,0.00027,-0.0017,-0.00081,0.00024,-2e-05,7e-05,0.00153,-0.00043,0.00043,0.00041,-0.00014,-0.00013,0.0012,0.00039,4e-05,-0.00031,0.00014,0.00292,-0.00012,-0.00069,-0.00024,6e-05,-0.00085,-0.00016,-0.00143
26.2,0.00111,-0.00058,0.00153,0.00264,0.00065,9e-05,-5e-05,0.00058,-2e-05,0.00028,-0.0013,-0.00086,0.00023,-1e-05,8e-05,0.00158,-0.00044,0.00044,0.00041,-0.00014,-0.00013,0.00119,0.00039,4e-05,-0.0003,0.00014,0.00292,-0.00012,-0.00071,-0.00024,6e-05,-0.00087,-0.00016,-0.00142
26.22,0.00112,-0.00059,0.00153,0.00264,0.00066,8e-05,-4e-05,0.00058,-2e-05,0.00027,-0.00136,-0.00082,0.00023,-0,8e-05,0.0016,-0.00045,0.00044,0.00042,-0.00014,-0.00013,0.00119,0.00039,4e-05,-0.0003,0.00014,0.00292,-0.00012,-0.00071,-0.00024,6e-05,-0.00088,-0.00016,-0.00141
26.24,0.00113,-0.00059,0.00152,0.00264,0.00066,8e-05,-3e-05,0.00059,-2e-05,0.00025,-0.00155,-0.00074,0.00022,1e-05,9e-05,0.00161,-0.00045,0.00044,0.00043,-0.00014,-0.00013,0.00119,0.00039,4e-05,-0.0003,0.00014,0.00292,-0.00012,-0.00071,-0.00023,6e-05,-0.00089,-0.00017,-0.0014
26.26,0.00114,-0.0006,0.00152,0.00264,0.00066,7e-05,-3e-05,0.00059,-3e-05,0.00024,-0.00168,-0.00065,0.00022,1e-05,9e-05,0.00162,-0.00046,0.00044,0.00044,-0.00014,-0.00013,0.00119,0.00039,4e-05,-0.0003,0.00014,0.00292,-0.00012,-0.00072,-0.00023,6e-05,-0.0009,-0.00017,-0.00139
26.28,0.00114,-0.00061,0.00152,0.00264,0.00066,7e-05,-2e-05,0.00059,-3e-05,0.00022,-0.00182,-0.00057,0.00022,2e-05,9e-05,0.00164,-0.00047,0.00044,0.00045,-0.00014,-0.00013,0.00119,0.0004,4e-05,-0.0003,0.00014,0.00292,-0.00012,-0.00072,-0.00023,6e-05,-0.00091,-0.00017,-0.00138
26.3,0.00115,-0.00062,0.00152,0.00264,0.00067,7e-05,-2e-05,0.00059,-4e-05,0.00021,-0.00197,-0.00046,0.00022,2e-05,0.0001,0.00165,-0.00048,0.00044,0.00046,-0.00014,-0.00013,0.00119,0.0004,4e-05,-0.0003,0.00014,0.00292,-0.00012,-0.00073,-0.00023,6e-05,-0.00091,-0.00017,-0.00137
26.32,0.00116,-0.00062,0.00151,0.00264,0.00067,6e-05,-1e-05,0.0006,-5e-05,0.00019,-0.00207,-0.00034,0.00022,2e-05,0.0001,0.00165,-0.00047,0.00044,0.00046,-0.00014,-0.00013,0.00119,0.0004,4e-05,-0.00029,0.00014,0.00292,-0.00012,-0.00072,-0.00022,6e-05,-0.00091,-0.00017,-0.00138
26.34,0.00116,-0.00062,0.0015,0.00264,0.00067,6e-05,-1e-05,0.0006,-7e-05,0.00017,-0.00217,-0.00021,0.00023,2e-05,0.0001,0.00165,-0.00046,0.00044,0.00047,-0.00014,-0.00013,0.00119,0.0004,4e-05,-0.00029,0.00014,0.00292,-0.00012,-0.00071,-0.00021,6e-05,-0.0009,-0.00017,-0.00139
26.36,0.00117,-0.00062,0.0015,0.00264,0.00067,6e-05,-1e-05,0.0006,-9e-05,0.00015,-0.00229,-9e-05,0.00024,2e-05,0.0001,0.00165,-0.00045,0.00044,0.00047,-0.00014,-0.00013,0.00119,0.0004,4e-05,-0.00029,0.00014,0.00292,-0.00012,-0.0007,-0.00021,6e-05,-0.00089,-0.00016,-0.0014
26.38,0.00118,-0.00062,0.00149,0.00264,0.00067,6e-05,-0,0.0006,-0.0001,0.00014,-0.00233,1e-05,0.00025,2e-05,0.0001,0.00165,-0.00044,0.00044,0.00047,-0.00014,-0.00013,0.00119,0.0004,4e-05,-0.00029,0.00014,0.00292,-0.00012,-0.00069,-0.0002,6e-05,-0.00089,-0.00016,-0.00141
26.4,0.00118,-0.00063,0.00148,0.00264,0.00067,6e-05,-0,0.0006,-0.00011,0.00012,-0.00248,0.00013,0.00025,2e-05,0.0001,0.00164,-0.00043,0.00044,0.00047,-0.00014,-0.00013,0.00119,0.0004,4e-05,-0.00029,0.00014,0.00292,-0.00012,-0.00068,-0.0002,6e-05,-0.00088,-0.00016,-0.00142
26.42,0.00119,-0.00063,0.00146,0.00264,0.00068,6e-05,-0,0.00061,-0.00014,9e-05,-0.00305,0.00035,0.00027,1e-05,0.0001,0.00163,-0.00043,0.00044,0.00047,-0.00014,-0.00013,0.00119,0.0004,4e-05,-0.00029,0.00014,0.00292,-0.00012,-0.00066,-0.00019,6e-05,-0.00086,-0.00015,-0.00144
26.44,0.00119,-0.00062,0.00145,0.00264,0.00068,6e-05,0,0.00061,-0.00016,6e-05,-0.00399,0.00053,0.00028,1e-05,0.0001,0.00162,-0.00042,0.00044,0.00047,-0.00014,-0.00013,0.00119,0.0004,4e-05,-0.00029,0.00014,0.00292,-0.00012,-0.00065,-0.00019,6e-05,-0.00084,-0.00015,-0.00145
26.46,0.00119,-0.00062,0.00143,0.00264,0.00068,6e-05,0,0.00061,-0.00018,4e-05,-0.0051,0.00064,0.00029,1e-05,0.0001,0.00161,-0.00042,0.00043,0.00047,-0.00014,-0.00013,0.0012,0.0004,4e-05,-0.00029,0.00014,0.00292,-0.00012,-0.00064,-0.00018,6e-05,-0.00082,-0.00014,-0.00147
26.48,0.00119,-0.00062,0.00141,0.00264,0.00068,7e-05,-0,0.00062,-0.0002,3e-05,-0.00682,0.00073,0.00031,0,0.0001,0.00159,-0.00042,0.00043,0.00047,-0.00014,-0.00013,0.0012,0.0004,4e-05,-0.00029,0.00014,0.00292,-0.00012,-0.00062,-0.00018,6e-05,-0.00081,-0.00014,-0.00148
26.5,0.0012,-0.00062,0.0014,0.00264,0.00068,7e-05,-0,0.00062,-0.00021,2e-05,-0.00855,0.00077,0.00031,-0,0.0001,0.00159,-0.00042,0.00043,0.00047,-0.00014,-0.00012,0.0012,0.0004,4e-05,-0.00029,0.00014,0.00292,-0.00012,-0.00061,-0.00017,6e-05,-0.00079,-0.00013,-0.00149
26.52,0.0012,-0.00062,0.00139,0.00264,0.00068,7e-05,-0,0.00062,-0.00019,3e-05,-0.00881,0.0007,0.00032,-1e-05,0.0001,0.00158,-0.00042,0.00043,0.00047,-0.00014,-0.00012,0.0012,0.00041,4e-05,-0.00029,0.00014,0.00292,-0.00012,-0.00061,-0.00017,6e-05,-0.00078,-0.00013,-0.0015
26.54,0.00119,-0.00061,0.00139,0.00264,0.00068,7e-05,-1e-05,0.00062,-0.00018,4e-05,-0.00848,0.00059,0.00032,-2e-05,0.0001,0.00158,-0.00042,0.00044,0.00048,-0.00015,-0.00012,0.0012,0.00041,4e-05,-0.00029,0.00014,0.00292,-0.00013,-0.00061,-0.00016,6e-05,-0.00078,-0.00013,-0.00149
26.56,0.00119,-0.00061,0.00138,0.00264,0.00068,7e-05,-1e-05,0.00061,-0.00016,5e-05,-0.00844,0.00051,0.00032,-3e-05,0.0001,0.00158,-0.00042,0.00044,0.00048,-0.00015,-0.00012,0.00119,0.00041,4e-05,-0.00029,0.00014,0.00292,-0.00013,-0.00061,-0.00016,6e-05,-0.00077,-0.00013,-0.00149
26.58,0.00119,-0.0006,0.00137,0.00264,0.00068,7e-05,-1e-05,0.00061,-0.00015,5e-05,-0.00837,0.00043,0.00031,-4e-05,0.0001,0.00158,-0.00042,0.00045,0.00049,-0.00015,-0.00012,0.00119,0.00041,4e-05,-0.00029,0.00014,0.00292,-0.00013,-0.00061,-0.00016,6e-05,-0.00076,-0.00013,-0.00149
26.6,0.00119,-0.0006,0.00137,0.00264,0.00068,7e-05,-1e-05,0.00061,-0.00014,6e-05,-0.00824,0.00036,0.00031,-5e-05,9e-05,0.00158,-0.00042,0.00046,0.0005,-0.00016,-0.00012,0.00119,0.00042,4e-05,-0.00029,0.00014,0.00292,-0.00013,-0.00061,-0.00015,6e-05,-0.00076,-0.00012,-0.00149
26.62,0.00119,-0.0006,0.00136,0.00264,0.00068,7e-05,-2e-05,0.0006,-0.00013,6e-05,-0.00811,0.0003,0.00032,-6e-05,9e-05,0.00159,-0.00041,0.00047,0.00051,-0.00016,-0.00012,0.00119,0.00042,4e-05,-0.0003,0.00014,0.00292,-0.00013,-0.0006,-0.00015,6e-05,-0.00076,-0.00012,-0.00149
26.64,0.00118,-0.00061,0.00135,0.00264,0.00068,8e-05,-2e-05,0.00058,-0.00012,6e-05,-0.00793,0.00025,0.00033,-7e-05,9e-05,0.0016,-0.00041,0.00048,0.00052,-0.00016,-0.00012,0.00119,0.00043,4e-05,-0.0003,0.00014,0.00292,-0.00013,-0.0006,-0.00014,6e-05,-0.00076,-0.00012,-0.00149
26.66,0.00118,-0.00061,0.00134,0.00264,0.00068,8e-05,-2e-05,0.00057,-0.00011,6e-05,-0.00778,0.0002,0.00034,-8e-05,9e-05,0.00162,-0.0004,0.0005,0.00053,-0.00016,-0.00012,0.0012,0.00044,4e-05,-0.0003,0.00014,0.00292,-0.00013,-0.0006,-0.00014,6e-05,-0.00076,-0.00012,-0.00149
26.68,0.00118,-0.00062,0.00133,0.00264,0.00068,8e-05,-2e-05,0.00056,-0.0001,6e-05,-0.00763,0.00016,0.00035,-9e-05,9e-05,0.00162,-0.0004,0.00051,0.00054,-0.00016,-0.00012,0.0012,0.00044,4e-05,-0.0003,0.00014,0.00292,-0.00013,-0.0006,-0.00013,6e-05,-0.00076,-0.00012,-0.00149
26.7,0.00117,-0.00063,0.00132,0.00264,0.00068,8e-05,-3e-05,0.00055,-0.0001,6e-05,-0.00747,0.00011,0.00035,-0.0001,9e-05,0.00165,-0.0004,0.00053,0.00055,-0.00017,-0.00012,0.0012,0.00045,4e-05,-0.0003,0.00014,0.00292,-0.00013,-0.00059,-0.00013,6e-05,-0.00076,-0.00012,-0.00149
26.72,0.00117,-0.00063,0.00131,0.00264,0.00068,8e-05,-3e-05,0.00056,-0.0001,6e-05,-0.00737,7e-05,0.00032,-0.0001,8e-05,0.00172,-0.00037,0.0006,0.00056,-0.00021,-0.00012,0.0012,0.00045,4e-05,-0.0003,0.00014,0.00292,-0.00013,-0.00059,-0.00013,6e-05,-0.00075,-0.00012,-0.00149
26.74,0.00117,-0.00063,0.00129,0.00264,0.00068,9e-05,-3e-05,0.00058,-0.0001,6e-05,-0.00724,3e-05,0.00028,-0.0001,8e-05,0.00182,-0.00034,0.00066,0.00058,-0.00025,-0.00012,0.0012,0.00045,4e-05,-0.0003,0.00014,0.00292,-0.00013,-0.00059,-0.00013,6e-05,-0.00075,-0.00012,-0.0015
26.76,0.00117,-0.00063,0.00128,0.00264,0.00068,9e-05,-4e-05,0.00059,-0.0001,6e-05,-0.00708,-3e-05,0.00025,-0.0001,8e-05,0.00191,-0.00033,0.00071,0.00059,-0.00028,-0.00012,0.00121,0.00045,4e-05,-0.0003,0.00014,0.00292,-0.00013,-0.00059,-0.00013,6e-05,-0.00075,-0.00012,-0.0015
26.78,0.00117,-0.00063,0.00127,0.00264,0.00068,9e-05,-4e-05,0.0006,-0.0001,6e-05,-0.0071,-8e-05,0.00023,-9e-05,8e-05,0.00201,-0.00031,0.00076,0.00059,-0.00031,-0.00012,0.00121,0.00044,4e-05,-0.00029,0.00014,0.00292,-0.00013,-0.00058,-0.00013,6e-05,-0.00075,-0.00012,-0.00151
26.8,0.00117,-0.00063,0.00126,0.00264,0.00068,8e-05,-4e-05,0.00062,-9e-05,7e-05,-0.00675,-0.00015,0.0002,-8e-05,8e-05,0.0021,-0.0003,0.00079,0.0006,-0.00033,-0.00012,0.00121,0.00044,4e-05,-0.00029,0.00014,0.00292,-0.00013,-0.00058,-0.00013,6e-05,-0.00075,-0.00012,-0.00152
26.82,0.00116,-0.00062,0.00127,0.00264,0.00068,8e-05,-4e-05,0.00063,-6e-05,6e-05,-0.0055,-0.00028,0.00019,-6e-05,8e-05,0.00214,-0.00031,0.00076,0.00059,-0.00032,-0.00012,0.0012,0.00044,4e-05,-0.00029,0.00014,0.00292,-0.00013,-0.00059,-0.00013,6e-05,-0.00075,-0.00012,-0.00152
26.84,0.00115,-0.00062,0.0013,0.00264,0.00068,7e-05,-4e-05,0.00063,-3e-05,6e-05,-0.00422,-0.00041,0.00017,-4e-05,9e-05,0.00215,-0.00033,0.00071,0.00059,-0.00031,-0.00012,0.00119,0.00045,4e-05,-0.00029,0.00014,0.00292,-0.00013,-0.0006,-0.00013,6e-05,-0.00075,-0.00012,-0.00152
26.86,0.00115,-0.00061,0.00131,0.00264,0.00068,7e-05,-4e-05,0.00064,-1e-05,7e-05,-0.00334,-0.00052,0.00016,-2e-05,9e-05,0.00217,-0.00034,0.00067,0.00058,-0.00029,-0.00012,0.00119,0.00045,4e-05,-0.00029,0.00014,0.00291,-0.00013,-0.00061,-0.00013,6e-05,-0.00075,-0.00012,-0.00152
26.88,0.00114,-0.0006,0.00133,0.00264,0.00068,7e-05,-5e-05,0.00065,1e-05,7e-05,-0.00257,-0.0006,0.00015,-1e-05,0.0001,0.00221,-0.00035,0.00064,0.00058,-0.00029,-0.00012,0.00118,0.00045,4e-05,-0.00029,0.00014,0.00291,-0.00013,-0.00061,-0.00013,6e-05,-0.00076,-0.00012,-0.00151
26.9,0.00114,-0.0006,0.00135,0.00264,0.00068,6e-05,-5e-05,0.00065,3e-05,8e-05,-0.00207,-0.00066,0.00015,0,0.0001,0.00222,-0.00036,0.00061,0.00058,-0.00027,-0.00012,0.00117,0.00045,4e-05,-0.00029,0.00014,0.00291,-0.00013,-0.00062,-0.00013,6e-05,-0.00076,-0.00012,-0.00152
26.92,0.00114,-0.0006,0.00137,0.00264,0.00068,6e-05,-6e-05,0.00065,3e-05,0.00012,-0.00192,-0.00069,0.00017,1e-05,0.00011,0.00214,-0.00038,0.00054,0.00056,-0.00024,-0.00012,0.00117,0.00045,4e-05,-0.00029,0.00014,0.00291,-0.00013,-0.00062,-0.00012,6e-05,-0.00076,-0.00012,-0.00153
26.94,0.00113,-0.0006,0.00139,0.00264,0.00068,5e-05,-6e-05,0.00064,3e-05,0.00017,-0.00188,-0.00071,0.00019,1e-05,0.00011,0.00204,-0.0004,0.00047,0.00054,-0.0002,-0.00012,0.00116,0.00045,3e-05,-0.00028,0.00014,0.00291,-0.00013,-0.00062,-0.00012,6e-05,-0.00076,-0.00012,-0.00154
26.96,0.00113,-0.0006,0.0014,0.00264,0.00068,5e-05,-7e-05,0.00063,3e-05,0.0002,-0.00181,-0.00072,0.00021,1e-05,0.00012,0.00196,-0.00042,0.00044,0.00053,-0.00017,-0.00012,0.00116,0.00045,3e-05,-0.00028,0.00014,0.00291,-0.00013,-0.00062,-0.00012,6e-05,-0.00076,-0.00012,-0.00155
26.98,0.00113,-0.0006,0.00142,0.00264,0.00068,5e-05,-7e-05,0.00062,2e-05,0.00024,-0.00174,-0.00073,0.00023,-0,0.00012,0.00187,-0.00044,0.00041,0.00052,-0.00014,-0.00012,0.00116,0.00046,3e-05,-0.00028,0.00014,0.00292,-0.00013,-0.00062,-0.00012,6e-05,-0.00076,-0.00012,-0.00156
27,0.00113,-0.00061,0.00144,0.00264,0.00068,5e-05,-7e-05,0.00061,2e-05,0.00026,-0.00171,-0.00072,0.00024,-1e-05,0.00012,0.00181,-0.00044,0.00041,0.00052,-0.00013,-0.00012,0.00115,0.00046,3e-05,-0.00028,0.00014,0.00292,-0.00013,-0.00062,-0.00011,6e-05,-0.00076,-0.00012,-0.00157
27.02,0.00113,-0.00061,0.00144,0.00264,0.00068,5e-05,-6e-05,0.00061,1e-05,0.00025,-0.00175,-0.00067,0.00024,-3e-05,0.00011,0.00182,-0.00039,0.00048,0.00055,-0.00016,-0.00012,0.00116,0.00046,3e-05,-0.00028,0.00014,0.00292,-0.00013,-0.00062,-0.00011,6e-05,-0.00076,-0.00011,-0.00158
27.04,0.00113,-0.00062,0.00143,0.00264,0.00068,5e-05,-6e-05,0.00062,-1e-05,0.00023,-0.00181,-0.0006,0.00024,-4e-05,0.00011,0.00186,-0.00034,0.00057,0.00059,-0.00021,-0.00012,0.00116,0.00046,3e-05,-0.00028,0.00014,0.00292,-0.00013,-0.00061,-0.00011,6e-05,-0.00076,-0.00011,-0.00158
27.06,0.00113,-0.00063,0.00143,0.00264,0.00068,5e-05,-5e-05,0.00062,-2e-05,0.00022,-0.00185,-0.00055,0.00024,-5e-05,0.00011,0.00188,-0.00029,0.00064,0.00061,-0.00024,-0.00012,0.00116,0.00046,4e-05,-0.00028,0.00014,0.00292,-0.00013,-0.00061,-0.0001,6e-05,-0.00076,-0.00011,-0.00159
27.08,0.00113,-0.00063,0.00142,0.00264,0.00067,6e-05,-5e-05,0.00062,-2e-05,0.00021,-0.00188,-0.00051,0.00024,-5e-05,0.00011,0.0019,-0.00026,0.0007,0.00064,-0.00028,-0.00012,0.00116,0.00047,4e-05,-0.00028,0.00014,0.00292,-0.00013,-0.0006,-0.0001,6e-05,-0.00075,-0.00011,-0.0016
27.1,0.00113,-0.00064,0.00142,0.00264,0.00067,6e-05,-5e-05,0.00062,-3e-05,0.0002,-0.0019,-0.00048,0.00023,-5e-05,0.00011,0.00192,-0.00024,0.00074,0.00065,-0.0003,-0.00012,0.00116,0.00047,4e-05,-0.00028,0.00014,0.00292,-0.00013,-0.0006,-0.0001,6e-05,-0.00075,-0.00011,-0.0016
27.12,0.00113,-0.00064,0.00143,0.00264,0.00067,6e-05,-4e-05,0.00062,-4e-05,0.00019,-0.00191,-0.00045,0.00023,-4e-05,0.00011,0.00193,-0.00024,0.00072,0.00066,-0.0003,-0.00012,0.00117,0.00047,4e-05,-0.00028,0.00014,0.00292,-0.00013,-0.00059,-0.0001,6e-05,-0.00075,-0.00011,-0.0016
27.14,0.00113,-0.00064,0.00144,0.00264,0.00067,6e-05,-4e-05,0.00062,-4e-05,0.00019,-0.0019,-0.00044,0.00023,-3e-05,0.00011,0.00193,-0.00026,0.00067,0.00067,-0.00028,-0.00012,0.00117,0.00047,4e-05,-0.00029,0.00014,0.00292,-0.00013,-0.00059,-0.0001,6e-05,-0.00075,-0.00011,-0.0016
27.16,0.00112,-0.00063,0.00144,0.00264,0.00067,6e-05,-4e-05,0.00061,-5e-05,0.00019,-0.0019,-0.00043,0.00023,-2e-05,0.00011,0.00193,-0.00027,0.00063,0.00067,-0.00027,-0.00012,0.00118,0.00046,4e-05,-0.00029,0.00014,0.00292,-0.00013,-0.00059,-0.0001,6e-05,-0.00075,-0.00011,-0.0016
27.18,0.00112,-0.00063,0.00145,0.00264,0.00067,7e-05,-4e-05,0.00061,-5e-05,0.00019,-0.00189,-0.00042,0.00023,-1e-05,0.00011,0.00193,-0.00028,0.00059,0.00067,-0.00026,-0.00012,0.00118,0.00046,4e-05,-0.00029,0.00014,0.00292,-0.00013,-0.00058,-0.0001,6e-05,-0.00075,-0.00011,-0.00159
27.2,0.00112,-0.00063,0.00146,0.00264,0.00067,7e-05,-4e-05,0.00061,-5e-05,0.00019,-0.00188,-0.00042,0.00023,-0,0.00012,0.00193,-0.0003,0.00054,0.00066,-0.00024,-0.00012,0.00118,0.00046,4e-05,-0.00029,0.00014,0.00292,-0.00013,-0.00058,-0.0001,6e-05,-0.00075,-0.00011,-0.00159
27.22,0.00111,-0.00063,0.00146,0.00264,0.00068,7e-05,-5e-05,0.00061,-6e-05,0.00019,-0.00188,-0.00042,0.00023,0,0.00012,0.0019,-0.00033,0.00045,0.0006,-0.0002,-0.00012,0.00118,0.00046,4e-05,-0.00029,0.00014,0.00292,-0.00013,-0.00058,-0.0001,6e-05,-0.00075,-0.00011,-0.00159
27.24,0.00111,-0.00064,0.00146,0.00264,0.00068,7e-05,-5e-05,0.00061,-6e-05,0.00019,-0.00189,-0.00042,0.00023,1e-05,0.00012,0.00187,-0.00037,0.00037,0.00054,-0.00016,-0.00012,0.00118,0.00046,4e-05,-0.00029,0.00014,0.00292,-0.00013,-0.00058,-0.0001,6e-05,-0.00075,-0.00011,-0.00159
27.26,0.00111,-0.00064,0.00146,0.00264,0.00068,7e-05,-5e-05,0.0006,-6e-05,0.00019,-0.00189,-0.00042,0.00023,1e-05,0.00012,0.00184,-0.0004,0.00031,0.00049,-0.00013,-0.00012,0.00118,0.00046,4e-05,-0.00029,0.00014,0.00292,-0.00013,-0.00058,-0.00011,6e-05,-0.00075,-0.00011,-0.00158
27.28,0.00111,-0.00064,0.00147,0.00264,0.00068,7e-05,-5e-05,0.0006,-6e-05,0.00019,-0.00189,-0.00043,0.00023,1e-05,0.00012,0.00182,-0.00044,0.00025,0.00045,-9e-05,-0.00012,0.00118,0.00046,4e-05,-0.00029,0.00014,0.00292,-0.00013,-0.00058,-0.00011,6e-05,-0.00075,-0.00011,-0.00158
27.3,0.00111,-0.00064,0.00147,0.00264,0.00068,7e-05,-5e-05,0.0006,-5e-05,0.00019,-0.00189,-0.00043,0.00023,1e-05,0.00012,0.00179,-0.00046,0.00023,0.00042,-7e-05,-0.00012,0.00117,0.00046,4e-05,-0.00028,0.00014,0.00292,-0.00013,-0.00059,-0.00011,6e-05,-0.00075,-0.00011,-0.00158
27.32,0.00111,-0.00064,0.00147,0.00264,0.00068,7e-05,-5e-05,0.0006,-5e-05,0.0002,-0.00189,-0.00044,0.00023,1e-05,0.00012,0.00178,-0.00046,0.00025,0.00044,-7e-05,-0.00012,0.00117,0.00046,4e-05,-0.00028,0.00014,0.00292,-0.00013,-0.00059,-0.00011,6e-05,-0.00075,-0.00011,-0.00157
27.34,0.0011,-0.00064,0.00147,0.00264,0.00069,7e-05,-5e-05,0.00059,-5e-05,0.0002,-0.00188,-0.00044,0.00023,1e-05,0.00011,0.00178,-0.00046,0.00028,0.00046,-8e-05,-0.00012,0.00117,0.00046,4e-05,-0.00029,0.00014,0.00292,-0.00013,-0.00059,-0.00011,6e-05,-0.00075,-0.00012,-0.00157
27.36,0.0011,-0.00064,0.00148,0.00264,0.00069,7e-05,-5e-05,0.00059,-5e-05,0.0002,-0.00187,-0.00045,0.00023,0,0.0001,0.00178,-0.00045,0.00031,0.00048,-9e-05,-0.00012,0.00117,0.00046,4e-05,-0.00029,0.00014,0.00292,-0.00013,-0.0006,-0.00011,6e-05,-0.00075,-0.00012,-0.00157
27.38,0.0011,-0.00063,0.00148,0.00264,0.00069,7e-05,-5e-05,0.00059,-4e-05,0.00021,-0.00186,-0.00045,0.00023,-0,0.0001,0.00177,-0.00045,0.00033,0.0005,-0.0001,-0.00012,0.00117,0.00046,4e-05,-0.00029,0.00014,0.00292,-0.00013,-0.0006,-0.00011,6e-05,-0.00075,-0.00012,-0.00156
27.4,0.00109,-0.00063,0.00149,0.00264,0.0007,7e-05,-5e-05,0.00059,-4e-05,0.00021,-0.00186,-0.00046,0.00023,-1e-05,0.0001,0.00176,-0.00044,0.00035,0.00052,-0.0001,-0.00012,0.00116,0.00046,3e-05,-0.00029,0.00014,0.00292,-0.00013,-0.00061,-0.00012,6e-05,-0.00075,-0.00012,-0.00156
27.42,0.00109,-0.00063,0.00149,0.00264,0.0007,7e-05,-5e-05,0.00059,-3e-05,0.00021,-0.00187,-0.00046,0.00023,-1e-05,0.0001,0.00177,-0.00043,0.00037,0.00052,-0.00011,-0.00012,0.00116,0.00046,3e-05,-0.00029,0.00014,0.00292,-0.00013,-0.00061,-0.00011,6e-05,-0.00075,-0.00012,-0.00156
27.44,0.00109,-0.00064,0.0015,0.00264,0.0007,6e-05,-5e-05,0.0006,-3e-05,0.0002,-0.00188,-0.00046,0.00023,-1e-05,0.0001,0.00177,-0.00042,0.00038,0.00051,-0.00011,-0.00012,0.00116,0.00046,3e-05,-0.00029,0.00014,0.00292,-0.00013,-0.00061,-0.00011,6e-05,-0.00075,-0.00012,-0.00156
27.46,0.00109,-0.00064,0.0015,0.00264,0.0007,5e-05,-5e-05,0.0006,-2e-05,0.0002,-0.0019,-0.00046,0.00023,-1e-05,0.00011,0.00177,-0.00041,0.00039,0.00051,-0.00012,-0.00012,0.00116,0.00046,3e-05,-0.00029,0.00014,0.00292,-0.00013,-0.00061,-0.00011,6e-05,-0.00075,-0.00012,-0.00156
27.48,0.00109,-0.00064,0.0015,0.00264,0.0007,4e-05,-4e-05,0.00062,-2e-05,0.00019,-0.00192,-0.00045,0.00023,-2e-05,0.00012,0.00177,-0.00039,0.0004,0.00051,-0.00012,-0.00012,0.00116,0.00047,3e-05,-0.00029,0.00014,0.00292,-0.00013,-0.00061,-0.00011,6e-05,-0.00075,-0.00012,-0.00156
27.5,0.00109,-0.00064,0.0015,0.00264,0.00069,3e-05,-4e-05,0.00063,-1e-05,0.00018,-0.00194,-0.00044,0.00023,-2e-05,0.00013,0.00177,-0.00038,0.00041,0.00051,-0.00012,-0.00012,0.00116,0.00047,3e-05,-0.00029,0.00014,0.00292,-0.00013,-0.00061,-0.00011,6e-05,-0.00075,-0.00012,-0.00156
27.52,0.00109,-0.00066,0.00148,0.00264,0.00067,2e-05,-4e-05,0.00065,-1e-05,0.00017,-0.00195,-0.00042,0.00022,-2e-05,0.00015,0.00176,-0.00036,0.00042,0.00051,-0.00012,-0.00012,0.00117,0.00047,3e-05,-0.00029,0.00014,0.00292,-0.00013,-0.00061,-0.0001,6e-05,-0.00075,-0.00012,-0.00157
27.54,0.00109,-0.00068,0.00146,0.00264,0.00065,1e-05,-3e-05,0.00067,-0,0.00016,-0.00197,-0.0004,0.00022,-3e-05,0.00018,0.00173,-0.00035,0.00042,0.00051,-0.00013,-0.00012,0.00117,0.00048,3e-05,-0.00029,0.00014,0.00292,-0.00013,-0.0006,-0.0001,6e-05,-0.00075,-0.00012,-0.00157
27.56,0.00109,-0.0007,0.00143,0.00264,0.00064,1e-05,-2e-05,0.0007,0,0.00014,-0.00199,-0.00037,0.00021,-3e-05,0.00021,0.00172,-0.00032,0.00043,0.00052,-0.00013,-0.00012,0.00117,0.00049,3e-05,-0.00029,0.00014,0.00292,-0.00013,-0.0006,-9e-05,6e-05,-0.00075,-0.00012,-0.00157
27.58,0.00109,-0.00072,0.00138,0.00264,0.00064,2e-05,-1e-05,0.00073,1e-05,0.00012,-0.002,-0.00033,0.00021,-4e-05,0.00025,0.0017,-0.0003,0.00043,0.00052,-0.00013,-0.00012,0.00117,0.0005,3e-05,-0.00029,0.00014,0.00292,-0.00013,-0.0006,-9e-05,6e-05,-0.00075,-0.00011,-0.00158
27.6,0.00109,-0.00073,0.00133,0.00264,0.00064,1e-05,0,0.00078,1e-05,9e-05,-0.00204,-0.00028,0.0002,-5e-05,0.00029,0.00168,-0.00026,0.00044,0.00052,-0.00013,-0.00012,0.00117,0.0005,4e-05,-0.00029,0.00014,0.00292,-0.00013,-0.00059,-8e-05,6e-05,-0.00075,-0.00011,-0.00158
27.62,0.00107,-0.0007,0.00131,0.00263,0.00064,-1e-05,2e-05,0.00088,2e-05,3e-05,-0.00215,-0.00021,0.00019,-5e-05,0.00035,0.00163,-0.00019,0.00045,0.00053,-0.00013,-0.00012,0.00118,0.00049,4e-05,-0.00029,0.00014,0.00292,-0.00013,-0.00059,-9e-05,6e-05,-0.00075,-0.00011,-0.00158
27.64,0.00105,-0.00066,0.00127,0.00262,0.00064,-4e-05,3e-05,0.00102,3e-05,-3e-05,-0.00228,-0.00013,0.00017,-6e-05,0.00043,0.00158,-0.0001,0.00046,0.00053,-0.00014,-0.00012,0.00117,0.00047,4e-05,-0.00029,0.00014,0.00292,-0.00013,-0.00059,-0.0001,6e-05,-0.00075,-0.00011,-0.00158
27.66,0.00104,-0.00062,0.00123,0.00261,0.00063,-7e-05,5e-05,0.00117,4e-05,-9e-05,-0.0024,-5e-05,0.00015,-6e-05,0.00049,0.00154,-3e-05,0.00046,0.00053,-0.00014,-0.00013,0.00117,0.00046,4e-05,-0.00029,0.00014,0.00292,-0.00013,-0.00059,-0.0001,6e-05,-0.00075,-0.00011,-0.00158
27.68,0.00102,-0.00059,0.0014,0.00261,0.00065,-9e-05,6e-05,0.00129,4e-05,-0.00014,-0.00252,2e-05,0.00014,-6e-05,0.00056,0.00149,3e-05,0.00047,0.00052,-0.00015,-0.00013,0.00117,0.00045,4e-05,-0.00029,0.00014,0.00292,-0.00013,-0.00058,-0.00011,6e-05,-0.00075,-0.00011,-0.00158
27.7,0.00101,-0.00056,0.00123,0.00259,0.00061,-0.00012,8e-05,0.00149,4e-05,-0.00019,-0.00264,0.00011,0.00012,-6e-05,0.00063,0.00145,0.00011,0.00047,0.00051,-0.00015,-0.00013,0.00117,0.00044,4e-05,-0.00029,0.00014,0.00292,-0.00013,-0.00058,-0.00012,6e-05,-0.00075,-0.00011,-0.00157
27.72,0.001,-0.00054,0.0004,0.00255,0.00038,-0.00013,9e-05,0.00202,3e-05,-0.00025,-0.00274,0.00024,9e-05,-6e-05,0.00075,0.00143,0.00021,0.00046,0.00051,-0.00015,-0.00013,0.00118,0.00044,4e-05,-0.00029,0.00014,0.00292,-0.00013,-0.00058,-0.00012,6e-05,-0.00075,-0.00011,-0.00158
27.74,0.00099,-0.00052,-0.00013,0.00251,0.00011,-0.00013,9e-05,0.00293,1e-05,-0.00031,-0.00283,0.00037,6e-05,-6e-05,0.00094,0.00141,0.0003,0.00045,0.0005,-0.00015,-0.00013,0.00118,0.00044,4e-05,-0.00029,0.00014,0.00292,-0.00013,-0.00058,-0.00012,6e-05,-0.00075,-0.00011,-0.00158
27.76,0.00098,-0.0005,-0.00045,0.00246,-0.00011,-0.00014,9e-05,0.00416,0,-0.00035,-0.00291,0.00045,3e-05,-5e-05,0.00119,0.00138,0.00037,0.00045,0.00049,-0.00015,-0.00013,0.00118,0.00044,4e-05,-0.00029,0.00014,0.00292,-0.00013,-0.00058,-0.00012,6e-05,-0.00075,-0.00011,-0.00158
27.78,0.00097,-0.00048,-0.00091,0.00242,-0.00037,-0.00015,9e-05,0.00626,-0,-0.0004,-0.00302,0.00051,1e-05,-4e-05,0.0016,0.00137,0.00044,0.00044,0.00048,-0.00015,-0.00013,0.00118,0.00044,4e-05,-0.00029,0.00014,0.00292,-0.00013,-0.00058,-0.00012,6e-05,-0.00075,-0.00011,-0.00158
27.8,0.00096,-0.00047,-0.00154,0.00238,-0.00058,-0.00016,8e-05,0.00879,-1e-05,-0.00044,-0.00309,0.00054,-1e-05,-3e-05,0.00208,0.00134,0.00049,0.00044,0.00045,-0.00015,-0.00013,0.00118,0.00044,4e-05,-0.00029,0.00014,0.00292,-0.00013,-0.00058,-0.00012,6e-05,-0.00075,-0.00011,-0.00158
27.82,0.00096,-0.00047,-0.0014,0.00231,-0.00059,-0.00017,8e-05,0.00966,-2e-05,-0.00043,-0.00305,0.00049,-1e-05,-2e-05,0.00216,0.00126,0.00052,0.00042,0.0004,-0.00015,-0.00012,0.00118,0.00044,4e-05,-0.00029,0.00014,0.00292,-0.00013,-0.00058,-0.00012,6e-05,-0.00075,-0.00011,-0.00158
27.84,0.00097,-0.00048,-0.001,0.00223,-0.00053,-0.00019,7e-05,0.00974,-2e-05,-0.00039,-0.00297,0.00042,0,-0,0.00207,0.00118,0.00053,0.00041,0.00033,-0.00015,-0.00012,0.00118,0.00045,4e-05,-0.00029,0.00014,0.00292,-0.00013,-0.00058,-0.00012,6e-05,-0.00075,-0.00011,-0.00159
27.86,0.00098,-0.00049,-0.00077,0.00216,-0.0005,-0.00021,6e-05,0.01024,-2e-05,-0.00036,-0.00292,0.00037,1e-05,1e-05,0.00207,0.00111,0.00055,0.0004,0.00029,-0.00015,-0.00012,0.00118,0.00045,4e-05,-0.00029,0.00014,0.00292,-0.00013,-0.00058,-0.00012,6e-05,-0.00075,-0.00011,-0.00159
27.88,0.00098,-0.0005,-0.00056,0.0021,-0.00046,-0.00022,6e-05,0.01073,-1e-05,-0.00034,-0.00287,0.00032,1e-05,2e-05,0.00206,0.00104,0.00058,0.0004,0.00025,-0.00015,-0.00012,0.00118,0.00044,4e-05,-0.00029,0.00014,0.00292,-0.00013,-0.00058,-0.00012,6e-05,-0.00075,-0.00011,-0.00159
27.9,0.00099,-0.0005,-0.00037,0.00202,-0.00037,-0.00024,5e-05,0.01111,-1e-05,-0.00032,-0.00281,0.00028,2e-05,3e-05,0.00206,0.00098,0.00061,0.0004,0.00022,-0.00015,-0.00012,0.00119,0.00044,4e-05,-0.00029,0.00014,0.00292,-0.00013,-0.00057,-0.00012,6e-05,-0.00075,-0.00011,-0.0016
27.92,0.001,-0.00051,-0.00024,0.00193,-0.00033,-0.00025,5e-05,0.01135,1e-05,-0.00031,-0.00273,0.00024,1e-05,3e-05,0.00214,0.00089,0.00068,0.00042,0.00022,-0.00017,-0.00012,0.00119,0.00044,4e-05,-0.00029,0.00014,0.00292,-0.00013,-0.00057,-0.00012,6e-05,-0.00075,-0.00011,-0.0016
27.94,0.00102,-0.00051,-0.00014,0.00182,-0.0003,-0.00027,5e-05,0.01149,2e-05,-0.00029,-0.00265,0.00021,0,4e-05,0.00224,0.00081,0.00077,0.00045,0.00022,-0.00019,-0.00012,0.00119,0.00044,4e-05,-0.00028,0.00014,0.00292,-0.00013,-0.00057,-0.00012,6e-05,-0.00075,-0.00011,-0.0016
27.96,0.00103,-0.00051,-6e-05,0.00173,-0.00028,-0.00028,6e-05,0.01167,3e-05,-0.00028,-0.00258,0.00019,-0,5e-05,0.00234,0.00075,0.00088,0.00047,0.00022,-0.0002,-0.00012,0.00119,0.00044,4e-05,-0.00028,0.00014,0.00292,-0.00013,-0.00057,-0.00012,6e-05,-0.00075,-0.00011,-0.0016
27.98,0.00105,-0.00052,1e-05,0.00165,-0.00025,-0.00029,6e-05,0.01188,4e-05,-0.00028,-0.00251,0.00018,-1e-05,5e-05,0.00247,0.00068,0.00103,0.00049,0.00023,-0.00021,-0.00012,0.0012,0.00044,4e-05,-0.00028,0.00014,0.00292,-0.00013,-0.00056,-0.00012,6e-05,-0.00075,-0.00011,-0.0016
28,0.00106,-0.00052,5e-05,0.00156,-0.00022,-0.00031,6e-05,0.01205,5e-05,-0.00027,-0.00246,0.00017,-1e-05,5e-05,0.00257,0.00064,0.00118,0.0005,0.00023,-0.00022,-0.00012,0.0012,0.00044,4e-05,-0.00028,0.00014,0.00292,-0.00013,-0.00056,-0.00012,6e-05,-0.00075,-0.00011,-0.0016
28.02,0.00108,-0.00052,6e-05,0.00149,-0.00022,-0.00031,6e-05,0.01214,6e-05,-0.00027,-0.00241,0.00017,-1e-05,6e-05,0.00259,0.00067,0.0012,0.00048,0.00023,-0.00021,-0.00013,0.0012,0.00044,4e-05,-0.00028,0.00014,0.00292,-0.00013,-0.00056,-0.00012,6e-05,-0.00075,-0.00011,-0.00159
28.04,0.00109,-0.00051,5e-05,0.00141,-0.00023,-0.0003,6e-05,0.01218,6e-05,-0.00026,-0.00237,0.00017,-1e-05,6e-05,0.00257,0.00072,0.00117,0.00044,0.00024,-0.0002,-0.00013,0.0012,0.00044,4e-05,-0.00028,0.00014,0.00292,-0.00013,-0.00056,-0.00012,6e-05,-0.00074,-0.00011,-0.00158
28.06,0.0011,-0.00051,5e-05,0.00135,-0.00023,-0.00029,5e-05,0.01225,7e-05,-0.00026,-0.00233,0.00018,-1e-05,5e-05,0.00257,0.00075,0.00118,0.00042,0.00024,-0.00019,-0.00013,0.0012,0.00043,4e-05,-0.00028,0.00014,0.00292,-0.00013,-0.00056,-0.00013,6e-05,-0.00074,-0.00011,-0.00158
28.08,0.00112,-0.00051,4e-05,0.00128,-0.00023,-0.00029,5e-05,0.01232,7e-05,-0.00026,-0.00229,0.00018,-2e-05,5e-05,0.00257,0.00079,0.00118,0.0004,0.00024,-0.00018,-0.00013,0.00121,0.00043,4e-05,-0.00028,0.00014,0.00292,-0.00013,-0.00056,-0.00013,6e-05,-0.00074,-0.00011,-0.00157
28.1,0.00113,-0.00051,4e-05,0.00123,-0.00024,-0.00028,4e-05,0.01237,6e-05,-0.00026,-0.00228,0.00019,-1e-05,4e-05,0.00257,0.00082,0.00118,0.00038,0.00024,-0.00018,-0.00013,0.00121,0.00043,4e-05,-0.00028,0.00014,0.00292,-0.00013,-0.00056,-0.00013,6e-05,-0.00074,-0.00011,-0.00156
28.12,0.00114,-0.00051,3e-05,0.00121,-0.00025,-0.00027,4e-05,0.01239,6e-05,-0.00026,-0.00232,0.00019,-1e-05,3e-05,0.00255,0.00083,0.00118,0.00037,0.00024,-0.00017,-0.00013,0.0012,0.00043,4e-05,-0.00028,0.00014,0.00292,-0.00013,-0.00057,-0.00013,6e-05,-0.00074,-0.00011,-0.00155
28.14,0.00114,-0.0005,2e-05,0.0012,-0.00026,-0.00027,3e-05,0.0124,5e-05,-0.00026,-0.00239,0.00019,0,2e-05,0.00253,0.00082,0.00118,0.00037,0.00025,-0.00017,-0.00013,0.00119,0.00043,4e-05,-0.00028,0.00014,0.00292,-0.00013,-0.00057,-0.00014,6e-05,-0.00074,-0.00012,-0.00154
28.16,0.00114,-0.0005,1e-05,0.00118,-0.00027,-0.00026,3e-05,0.01241,4e-05,-0.00027,-0.00244,0.0002,1e-05,2e-05,0.00252,0.00082,0.00118,0.00036,0.00025,-0.00017,-0.00013,0.00119,0.00042,4e-05,-0.00028,0.00014,0.00292,-0.00013,-0.00058,-0.00014,6e-05,-0.00074,-0.00012,-0.00153
28.18,0.00115,-0.0005,1e-05,0.00117,-0.00027,-0.00026,2e-05,0.01242,3e-05,-0.00027,-0.00249,0.0002,2e-05,1e-05,0.0025,0.00082,0.00118,0.00036,0.00025,-0.00017,-0.00013,0.00118,0.00042,4e-05,-0.00028,0.00014,0.00292,-0.00013,-0.00058,-0.00014,6e-05,-0.00074,-0.00012,-0.00152
28.2,0.00115,-0.0005,1e-05,0.00115,-0.00028,-0.00026,2e-05,0.01244,2e-05,-0.00028,-0.00254,0.0002,3e-05,0,0.00248,0.00082,0.00119,0.00036,0.00026,-0.00017,-0.00013,0.00118,0.00042,4e-05,-0.00028,0.00014,0.00292,-0.00013,-0.00059,-0.00014,6e-05,-0.00075,-0.00012,-0.00152
28.22,0.00115,-0.00049,1e-05,0.00115,-0.00028,-0.00026,1e-05,0.0125,1e-05,-0.00028,-0.00263,0.0002,4e-05,-0,0.00246,0.00082,0.00119,0.00037,0.00026,-0.00017,-0.00013,0.00117,0.00042,4e-05,-0.00029,0.00014,0.00292,-0.00013,-0.00059,-0.00014,6e-05,-0.00075,-0.00012,-0.00152
28.24,0.00115,-0.00049,1e-05,0.00115,-0.00028,-0.00026,1e-05,0.01257,-0,-0.00029,-0.00272,0.0002,4e-05,-1e-05,0.00245,0.00084,0.00119,0.00037,0.00026,-0.00017,-0.00013,0.00117,0.00042,4e-05,-0.00029,0.00014,0.00292,-0.00013,-0.00059,-0.00014,6e-05,-0.00075,-0.00012,-0.00153
28.26,0.00116,-0.00049,1e-05,0.00115,-0.00028,-0.00026,1e-05,0.01263,-1e-05,-0.00029,-0.0028,0.0002,5e-05,-1e-05,0.00243,0.00085,0.00119,0.00037,0.00026,-0.00017,-0.00013,0.00116,0.00042,4e-05,-0.00029,0.00014,0.00292,-0.00013,-0.0006,-0.00014,6e-05,-0.00075,-0.00012,-0.00153
28.28,0.00116,-0.00049,1e-05,0.00115,-0.00028,-0.00026,0,0.0127,-2e-05,-0.00029,-0.00289,0.0002,6e-05,-1e-05,0.00241,0.00086,0.00119,0.00038,0.00027,-0.00017,-0.00013,0.00115,0.00042,4e-05,-0.00029,0.00014,0.00292,-0.00013,-0.0006,-0.00014,6e-05,-0.00075,-0.00012,-0.00154
28.3,0.00116,-0.00049,1e-05,0.00115,-0.00028,-0.00026,-0,0.01277,-2e-05,-0.0003,-0.00297,0.00019,6e-05,-1e-05,0.00239,0.00087,0.0012,0.00038,0.00027,-0.00017,-0.00013,0.00115,0.00042,4e-05,-0.00029,0.00014,0.00292,-0.00013,-0.0006,-0.00013,6e-05,-0.00075,-0.00012,-0.00155
28.32,0.00116,-0.0005,2e-05,0.00115,-0.00028,-0.00026,-0,0.01284,-2e-05,-0.0003,-0.003,0.00019,7e-05,-1e-05,0.00239,0.00087,0.0012,0.00038,0.00027,-0.00017,-0.00013,0.00115,0.00042,4e-05,-0.00029,0.00014,0.00292,-0.00013,-0.0006,-0.00013,6e-05,-0.00075,-0.00011,-0.00156
28.34,0.00116,-0.00051,2e-05,0.00116,-0.00028,-0.00026,-1e-05,0.01291,-2e-05,-0.0003,-0.00301,0.00018,7e-05,-2e-05,0.0024,0.00088,0.0012,0.00038,0.00027,-0.00017,-0.00013,0.00115,0.00042,4e-05,-0.00029,0.00014,0.00292,-0.00013,-0.00059,-0.00013,6e-05,-0.00075,-0.00011,-0.00158
28.36,0.00116,-0.00051,2e-05,0.00116,-0.00028,-0.00026,-1e-05,0.01298,-2e-05,-0.0003,-0.00303,0.00016,7e-05,-2e-05,0.0024,0.00089,0.0012,0.00038,0.00027,-0.00017,-0.00013,0.00115,0.00042,4e-05,-0.00029,0.00014,0.00292,-0.00013,-0.00058,-0.00012,6e-05,-0.00075,-0.00011,-0.00159
28.38,0.00117,-0.00052,2e-05,0.00117,-0.00027,-0.00027,-1e-05,0.01306,-2e-05,-0.0003,-0.00305,0.00013,8e-05,-1e-05,0.0024,0.00089,0.0012,0.00038,0.00027,-0.00017,-0.00013,0.00116,0.00042,4e-05,-0.00029,0.00014,0.00292,-0.00013,-0.00058,-0.00012,6e-05,-0.00075,-0.00011,-0.00161
28.4,0.00117,-0.00053,2e-05,0.00117,-0.00027,-0.00027,-1e-05,0.01313,-1e-05,-0.0003,-0.00307,0.0001,8e-05,-1e-05,0.0024,0.0009,0.0012,0.00038,0.00027,-0.00017,-0.00013,0.00116,0.00043,4e-05,-0.00029,0.00014,0.00292,-0.00013,-0.00057,-0.00012,6e-05,-0.00075,-0.00011,-0.00162
28.42,0.00117,-0.00053,2e-05,0.00117,-0.00027,-0.00027,-1e-05,0.01314,-0,-0.0003,-0.00308,5e-05,8e-05,-1e-05,0.0024,0.00089,0.0012,0.00038,0.00027,-0.00017,-0.00013,0.00116,0.00043,4e-05,-0.00029,0.00014,0.00292,-0.00013,-0.00057,-0.00012,6e-05,-0.00075,-0.00011,-0.00163
28.44,0.00117,-0.00053,3e-05,0.00117,-0.00028,-0.00027,-1e-05,0.01314,1e-05,-0.00029,-0.00309,-0,9e-05,-1e-05,0.00241,0.00089,0.0012,0.00038,0.00027,-0.00017,-0.00013,0.00115,0.00042,4e-05,-0.00029,0.00014,0.00292,-0.00013,-0.00057,-0.00012,6e-05,-0.00075,-0.00011,-0.00163
28.46,0.00117,-0.00054,3e-05,0.00117,-0.00028,-0.00027,-1e-05,0.01315,3e-05,-0.00028,-0.00311,-6e-05,9e-05,-1e-05,0.00242,0.00088,0.0012,0.00038,0.00027,-0.00017,-0.00013,0.00115,0.00042,4e-05,-0.00029,0.00014,0.00292,-0.00013,-0.00057,-0.00012,6e-05,-0.00075,-0.00011,-0.00163
28.48,0.00117,-0.00054,3e-05,0.00118,-0.00028,-0.00027,-1e-05,0.01315,4e-05,-0.00028,-0.00312,-0.00011,0.0001,-1e-05,0.00242,0.00088,0.0012,0.00038,0.00027,-0.00017,-0.00013,0.00115,0.00042,4e-05,-0.00029,0.00014,0.00292,-0.00013,-0.00057,-0.00012,6e-05,-0.00075,-0.00011,-0.00163
28.5,0.00118,-0.00054,3e-05,0.00118,-0.00028,-0.00027,-1e-05,0.01317,5e-05,-0.00027,-0.00313,-0.00017,0.0001,-1e-05,0.00243,0.00088,0.0012,0.00038,0.00027,-0.00017,-0.00013,0.00115,0.00042,4e-05,-0.00029,0.00014,0.00292,-0.00013,-0.00057,-0.00012,6e-05,-0.00075,-0.00011,-0.00164
28.52,0.00118,-0.00054,3e-05,0.00118,-0.00028,-0.00028,-1e-05,0.01329,7e-05,-0.00025,-0.00312,-0.00028,0.00012,-1e-05,0.00245,0.00087,0.0012,0.00038,0.00027,-0.00017,-0.00013,0.00115,0.00042,4e-05,-0.00029,0.00014,0.00292,-0.00013,-0.00057,-0.00012,6e-05,-0.00075,-0.00011,-0.00163
28.54,0.00118,-0.00053,3e-05,0.00117,-0.00028,-0.00028,-1e-05,0.01345,9e-05,-0.00022,-0.00311,-0.00037,0.00015,-1e-05,0.00247,0.00086,0.0012,0.00038,0.00026,-0.00017,-0.00013,0.00115,0.00042,4e-05,-0.00029,0.00014,0.00292,-0.00013,-0.00057,-0.00012,6e-05,-0.00075,-0.00011,-0.00163
28.56,0.00118,-0.00052,3e-05,0.00117,-0.00028,-0.00028,-1e-05,0.01358,0.0001,-0.00021,-0.0031,-0.00044,0.00016,-1e-05,0.00249,0.00086,0.0012,0.00038,0.00026,-0.00017,-0.00013,0.00115,0.00042,4e-05,-0.00029,0.00014,0.00292,-0.00013,-0.00057,-0.00012,6e-05,-0.00075,-0.00011,-0.00162
28.58,0.00118,-0.00051,3e-05,0.00117,-0.00028,-0.00028,-1e-05,0.01374,0.00011,-0.00019,-0.00309,-0.0005,0.00018,-1e-05,0.00251,0.00085,0.0012,0.00038,0.00026,-0.00017,-0.00013,0.00115,0.00041,4e-05,-0.00029,0.00014,0.00292,-0.00013,-0.00057,-0.00013,6e-05,-0.00075,-0.00011,-0.00162
28.6,0.00119,-0.00051,4e-05,0.00117,-0.00028,-0.00028,-1e-05,0.01386,0.00012,-0.00018,-0.00308,-0.00052,0.00019,-1e-05,0.00253,0.00085,0.0012,0.00038,0.00026,-0.00017,-0.00013,0.00115,0.00041,4e-05,-0.00029,0.00014,0.00292,-0.00013,-0.00057,-0.00013,6e-05,-0.00075,-0.00011,-0.00162
28.62,0.00119,-0.00051,4e-05,0.00117,-0.00028,-0.00028,-1e-05,0.01389,0.00011,-0.00018,-0.00308,-0.00049,0.00019,-1e-05,0.00254,0.00084,0.0012,0.00038,0.00026,-0.00017,-0.00013,0.00115,0.00041,4e-05,-0.00029,0.00014,0.00292,-0.00013,-0.00057,-0.00013,6e-05,-0.00075,-0.00011,-0.00161
28.64,0.00119,-0.00051,4e-05,0.00117,-0.00028,-0.00028,-1e-05,0.01388,0.0001,-0.00018,-0.00308,-0.00043,0.00019,-1e-05,0.00254,0.00084,0.0012,0.00038,0.00026,-0.00017,-0.00013,0.00116,0.00041,4e-05,-0.00029,0.00014,0.00292,-0.00013,-0.00057,-0.00013,6e-05,-0.00075,-0.00011,-0.0016
28.66,0.00119,-0.0005,4e-05,0.00117,-0.00028,-0.00028,-1e-05,0.01389,0.0001,-0.00019,-0.00307,-0.00038,0.00018,-1e-05,0.00254,0.00083,0.0012,0.00038,0.00027,-0.00017,-0.00013,0.00116,0.00041,4e-05,-0.00029,0.00014,0.00292,-0.00013,-0.00057,-0.00014,6e-05,-0.00075,-0.00011,-0.0016
28.68,0.00119,-0.0005,4e-05,0.00118,-0.00028,-0.00028,-1e-05,0.0139,9e-05,-0.00019,-0.00307,-0.00033,0.00018,-1e-05,0.00254,0.00083,0.0012,0.00038,0.00027,-0.00017,-0.00013,0.00116,0.00041,4e-05,-0.00029,0.00014,0.00292,-0.00013,-0.00057,-0.00014,6e-05,-0.00075,-0.00011,-0.00159
28.7,0.00119,-0.0005,4e-05,0.00118,-0.00028,-0.00028,-1e-05,0.0139,8e-05,-0.00019,-0.00307,-0.00029,0.00018,-1e-05,0.00255,0.00083,0.0012,0.00038,0.00027,-0.00017,-0.00013,0.00117,0.00041,4e-05,-0.00029,0.00014,0.00292,-0.00013,-0.00056,-0.00014,6e-05,-0.00075,-0.00011,-0.00159
28.72,0.00119,-0.0005,4e-05,0.00118,-0.00028,-0.00028,-1e-05,0.01392,7e-05,-0.0002,-0.00307,-0.00026,0.00017,-1e-05,0.00255,0.00082,0.0012,0.00038,0.00027,-0.00017,-0.00013,0.00117,0.00041,4e-05,-0.00029,0.00014,0.00292,-0.00013,-0.00056,-0.00014,6e-05,-0.00075,-0.00011,-0.00158
28.74,0.00119,-0.0005,4e-05,0.00118,-0.00028,-0.00028,-1e-05,0.01393,6e-05,-0.0002,-0.00308,-0.00022,0.00017,-1e-05,0.00255,0.00082,0.0012,0.00038,0.00027,-0.00017,-0.00013,0.00117,0.0004,4e-05,-0.00029,0.00014,0.00292,-0.00013,-0.00056,-0.00014,6e-05,-0.00075,-0.00011,-0.00158
28.76,0.00119,-0.0005,3e-05,0.00118,-0.00028,-0.00028,-0,0.01395,6e-05,-0.0002,-0.00308,-0.00019,0.00017,-1e-05,0.00256,0.00082,0.0012,0.00038,0.00027,-0.00017,-0.00013,0.00117,0.0004,4e-05,-0.00029,0.00014,0.00292,-0.00013,-0.00056,-0.00014,6e-05,-0.00075,-0.00011,-0.00158
28.78,0.00119,-0.0005,3e-05,0.00118,-0.00028,-0.00028,-0,0.01396,5e-05,-0.00021,-0.00308,-0.00015,0.00016,-1e-05,0.00256,0.00081,0.0012,0.00038,0.00027,-0.00017,-0.00013,0.00118,0.0004,4e-05,-0.00029,0.00014,0.00292,-0.00013,-0.00056,-0.00014,6e-05,-0.00075,-0.00011,-0.00158
28.8,0.00119,-0.0005,3e-05,0.00118,-0.00027,-0.00028,-0,0.01397,4e-05,-0.00021,-0.00308,-0.00011,0.00016,-1e-05,0.00257,0.00081,0.0012,0.00038,0.00027,-0.00017,-0.00013,0.00118,0.0004,4e-05,-0.00028,0.00014,0.00292,-0.00013,-0.00056,-0.00014,6e-05,-0.00075,-0.00011,-0.00158
28.82,0.00119,-0.0005,3e-05,0.00118,-0.00027,-0.00028,0,0.01397,3e-05,-0.00022,-0.00308,-6e-05,0.00015,-1e-05,0.00257,0.00081,0.0012,0.00038,0.00027,-0.00017,-0.00013,0.00118,0.0004,4e-05,-0.00028,0.00014,0.00292,-0.00013,-0.00055,-0.00014,6e-05,-0.00075,-0.00011,-0.00158
28.84,0.00119,-0.0005,4e-05,0.00118,-0.00027,-0.00028,1e-05,0.01396,2e-05,-0.00023,-0.00308,-1e-05,0.00015,-1e-05,0.00257,0.00081,0.0012,0.00038,0.00027,-0.00017,-0.00013,0.00118,0.0004,4e-05,-0.00028,0.00014,0.00292,-0.00013,-0.00055,-0.00014,6e-05,-0.00075,-0.00011,-0.00158
28.86,0.00119,-0.0005,4e-05,0.00117,-0.00027,-0.00028,1e-05,0.01396,1e-05,-0.00024,-0.00308,6e-05,0.00014,-1e-05,0.00257,0.00081,0.0012,0.00038,0.00027,-0.00017,-0.00013,0.00118,0.0004,4e-05,-0.00028,0.00014,0.00292,-0.00013,-0.00055,-0.00014,6e-05,-0.00075,-0.00011,-0.00158
28.88,0.00119,-0.0005,4e-05,0.00117,-0.00027,-0.00028,1e-05,0.01397,0,-0.00025,-0.00308,0.00011,0.00013,-1e-05,0.00257,0.00081,0.0012,0.00038,0.00027,-0.00017,-0.00013,0.00118,0.00041,4e-05,-0.00028,0.00014,0.00292,-0.00013,-0.00055,-0.00014,6e-05,-0.00075,-0.00011,-0.00158
28.9,0.00119,-0.0005,4e-05,0.00116,-0.00027,-0.00027,2e-05,0.01393,-1e-05,-0.00026,-0.00308,0.00018,0.00013,-1e-05,0.00257,0.00081,0.0012,0.00038,0.00027,-0.00017,-0.00013,0.00118,0.00041,4e-05,-0.00028,0.00014,0.00292,-0.00013,-0.00055,-0.00013,6e-05,-0.00075,-0.00011,-0.00158
28.92,0.00119,-0.0005,4e-05,0.00116,-0.00027,-0.00027,3e-05,0.01379,-2e-05,-0.00029,-0.00307,0.00029,0.00011,-0,0.00255,0.00082,0.0012,0.00038,0.00027,-0.00017,-0.00013,0.00118,0.00041,4e-05,-0.00028,0.00014,0.00292,-0.00013,-0.00055,-0.00013,6e-05,-0.00075,-0.00011,-0.00158
28.94,0.00119,-0.00051,4e-05,0.00115,-0.00026,-0.00027,3e-05,0.01361,-3e-05,-0.00033,-0.00306,0.0004,8e-05,0,0.00253,0.00082,0.0012,0.00038,0.00027,-0.00017,-0.00013,0.00118,0.00041,4e-05,-0.00028,0.00014,0.00292,-0.00013,-0.00055,-0.00013,6e-05,-0.00075,-0.00011,-0.00159
28.96,0.00119,-0.00051,4e-05,0.00114,-0.00026,-0.00026,4e-05,0.01345,-4e-05,-0.00036,-0.00305,0.00049,7e-05,0,0.00251,0.00083,0.0012,0.00039,0.00027,-0.00017,-0.00013,0.00117,0.00041,4e-05,-0.00028,0.00014,0.00292,-0.00013,-0.00055,-0.00013,6e-05,-0.00075,-0.00011,-0.00159
28.98,0.00118,-0.00052,4e-05,0.00114,-0.00026,-0.00026,4e-05,0.0133,-4e-05,-0.0004,-0.00305,0.00057,5e-05,1e-05,0.00248,0.00083,0.0012,0.00039,0.00028,-0.00017,-0.00013,0.00117,0.00041,4e-05,-0.00028,0.00014,0.00292,-0.00013,-0.00055,-0.00013,6e-05,-0.00075,-0.00011,-0.0016
29,0.00119,-0.00052,4e-05,0.00112,-0.00025,-0.00025,5e-05,0.01313,-4e-05,-0.00044,-0.00305,0.00063,4e-05,1e-05,0.00246,0.00084,0.00119,0.00039,0.00028,-0.00017,-0.00013,0.00117,0.00041,4e-05,-0.00028,0.00014,0.00292,-0.00013,-0.00054,-0.00013,6e-05,-0.00075,-0.00011,-0.0016
29.02,0.00119,-0.00052,5e-05,0.00109,-0.00025,-0.00025,5e-05,0.0129,-2e-05,-0.00049,-0.00301,0.00064,5e-05,2e-05,0.00241,0.00084,0.00119,0.00039,0.00028,-0.00017,-0.00013,0.00117,0.00041,4e-05,-0.00028,0.00014,0.00292,-0.00013,-0.00054,-0.00013,6e-05,-0.00075,-0.00011,-0.00161
29.04,0.0012,-0.00052,5e-05,0.00105,-0.00025,-0.00024,4e-05,0.01264,-1e-05,-0.00054,-0.00297,0.00063,7e-05,2e-05,0.00236,0.00085,0.00118,0.00039,0.00029,-0.00016,-0.00013,0.00117,0.00041,4e-05,-0.00028,0.00014,0.00292,-0.00013,-0.00054,-0.00012,6e-05,-0.00075,-0.00011,-0.00161
29.06,0.00121,-0.00052,6e-05,0.00101,-0.00024,-0.00024,4e-05,0.0124,1e-05,-0.0006,-0.00295,0.00064,8e-05,2e-05,0.00232,0.00085,0.00117,0.00039,0.00029,-0.00016,-0.00013,0.00117,0.00041,4e-05,-0.00028,0.00014,0.00292,-0.00013,-0.00054,-0.00012,6e-05,-0.00075,-0.00011,-0.00162
29.08,0.00122,-0.00052,6e-05,0.00098,-0.00024,-0.00024,3e-05,0.01218,2e-05,-0.00064,-0.00289,0.00064,0.0001,2e-05,0.00227,0.00085,0.00116,0.00039,0.0003,-0.00016,-0.00013,0.00116,0.00041,4e-05,-0.00028,0.00014,0.00292,-0.00013,-0.00054,-0.00012,6e-05,-0.00075,-0.00011,-0.00162
29.1,0.00122,-0.00052,7e-05,0.00095,-0.00024,-0.00023,1e-05,0.01193,3e-05,-0.00071,-0.00292,0.00066,0.00012,2e-05,0.00223,0.00086,0.00116,0.00039,0.0003,-0.00016,-0.00013,0.00116,0.00041,4e-05,-0.00028,0.00014,0.00292,-0.00013,-0.00054,-0.00012,6e-05,-0.00075,-0.00011,-0.00163
29.12,0.00123,-0.00052,7e-05,0.00092,-0.00024,-0.00023,-1e-05,0.01165,4e-05,-0.00084,-0.0032,0.00069,0.00016,2e-05,0.00217,0.00087,0.00115,0.00039,0.00031,-0.00016,-0.00013,0.00116,0.0004,4e-05,-0.00028,0.00014,0.00292,-0.00012,-0.00053,-0.00012,6e-05,-0.00074,-0.0001,-0.00163
29.14,0.00124,-0.00053,7e-05,0.0009,-0.00023,-0.00022,-3e-05,0.01136,5e-05,-0.00102,-0.00358,0.00074,0.00019,2e-05,0.0021,0.00089,0.00113,0.0004,0.00031,-0.00016,-0.00013,0.00117,0.0004,4e-05,-0.00028,0.00014,0.00292,-0.00012,-0.00053,-0.00013,6e-05,-0.00074,-0.0001,-0.00163
29.16,0.00124,-0.00053,7e-05,0.00088,-0.00023,-0.00022,-5e-05,0.01109,6e-05,-0.00121,-0.00393,0.00079,0.00023,2e-05,0.00205,0.0009,0.00113,0.0004,0.00031,-0.00016,-0.00013,0.00117,0.0004,4e-05,-0.00028,0.00014,0.00292,-0.00012,-0.00052,-0.00013,6e-05,-0.00074,-0.0001,-0.00164
29.18,0.00125,-0.00053,7e-05,0.00086,-0.00023,-0.00022,-8e-05,0.01082,6e-05,-0.00147,-0.00435,0.00083,0.00026,2e-05,0.00199,0.00091,0.00112,0.0004,0.00031,-0.00016,-0.00013,0.00118,0.0004,4e-05,-0.00028,0.00014,0.00292,-0.00012,-0.00052,-0.00013,6e-05,-0.00074,-0.0001,-0.00164
29.2,0.00126,-0.00053,7e-05,0.00084,-0.00022,-0.00022,-0.00011,0.01056,6e-05,-0.00174,-0.00474,0.00087,0.0003,2e-05,0.00194,0.00092,0.00111,0.0004,0.00031,-0.00016,-0.00013,0.00118,0.0004,4e-05,-0.00028,0.00014,0.00292,-0.00012,-0.00051,-0.00013,6e-05,-0.00074,-0.0001,-0.00164
29.22,0.00125,-0.00052,8e-05,0.00083,-0.00023,-0.00022,-0.00013,0.01028,5e-05,-0.00193,-0.00493,0.00089,0.00038,2e-05,0.00192,0.00092,0.00111,0.0004,0.00031,-0.00016,-0.00013,0.00118,0.00039,4e-05,-0.00029,0.00014,0.00292,-0.00012,-0.00051,-0.00013,6e-05,-0.00074,-0.0001,-0.00164
29.24,0.00125,-0.00051,8e-05,0.00082,-0.00023,-0.00022,-0.00015,0.01,5e-05,-0.00208,-0.00506,0.0009,0.00047,2e-05,0.00191,0.00092,0.00111,0.00039,0.00031,-0.00016,-0.00013,0.00119,0.00039,4e-05,-0.00029,0.00014,0.00292,-0.00012,-0.00051,-0.00014,6e-05,-0.00074,-0.00011,-0.00163
29.26,0.00124,-0.00049,8e-05,0.00081,-0.00023,-0.00022,-0.00017,0.00975,4e-05,-0.00227,-0.00523,0.00091,0.00054,1e-05,0.00189,0.00092,0.0011,0.00039,0.00031,-0.00016,-0.00013,0.00119,0.00039,5e-05,-0.00029,0.00014,0.00292,-0.00012,-0.00051,-0.00014,6e-05,-0.00075,-0.00011,-0.00162
29.28,0.00124,-0.00048,8e-05,0.0008,-0.00023,-0.00022,-0.00019,0.00945,3e-05,-0.00251,-0.00539,0.00093,0.00062,1e-05,0.00188,0.00092,0.0011,0.00039,0.00031,-0.00016,-0.00013,0.00119,0.00039,5e-05,-0.00029,0.00014,0.00292,-0.00012,-0.00051,-0.00015,6e-05,-0.00075,-0.00011,-0.00162
29.3,0.00123,-0.00047,9e-05,0.00079,-0.00023,-0.00022,-0.0002,0.00927,2e-05,-0.0027,-0.00557,0.00094,0.00067,1e-05,0.00187,0.00092,0.0011,0.00039,0.00031,-0.00016,-0.00013,0.0012,0.00038,5e-05,-0.00029,0.00014,0.00292,-0.00012,-0.00051,-0.00015,6e-05,-0.00075,-0.00011,-0.00162
29.32,0.00122,-0.00045,9e-05,0.00079,-0.00024,-0.00023,-0.0002,0.00937,0,-0.00273,-0.00582,0.00092,0.00066,1e-05,0.00187,0.00091,0.0011,0.00039,0.0003,-0.00016,-0.00013,0.0012,0.00038,5e-05,-0.0003,0.00014,0.00292,-0.00012,-0.00051,-0.00015,6e-05,-0.00075,-0.00011,-0.00161
29.34,0.00121,-0.00044,9e-05,0.00079,-0.00024,-0.00023,-0.0002,0.00958,-2e-05,-0.00268,-0.0061,0.00089,0.00063,0,0.00188,0.0009,0.0011,0.00039,0.0003,-0.00016,-0.00013,0.00121,0.00038,5e-05,-0.0003,0.00014,0.00292,-0.00012,-0.00051,-0.00016,5e-05,-0.00075,-0.00011,-0.00161
29.36,0.0012,-0.00042,9e-05,0.0008,-0.00024,-0.00023,-0.00019,0.00974,-3e-05,-0.00267,-0.00638,0.00086,0.00062,0,0.00188,0.00089,0.0011,0.00039,0.0003,-0.00016,-0.00013,0.00122,0.00038,5e-05,-0.0003,0.00014,0.00292,-0.00012,-0.0005,-0.00016,5e-05,-0.00075,-0.00011,-0.00161
29.38,0.00119,-0.0004,9e-05,0.0008,-0.00024,-0.00023,-0.00018,0.00992,-4e-05,-0.00266,-0.00669,0.00085,0.0006,-0,0.00189,0.00089,0.00111,0.00039,0.0003,-0.00016,-0.00013,0.00122,0.00038,5e-05,-0.0003,0.00014,0.00292,-0.00012,-0.0005,-0.00016,5e-05,-0.00075,-0.00011,-0.00161
29.4,0.00118,-0.00039,0.0001,0.0008,-0.00025,-0.00023,-0.00017,0.01008,-5e-05,-0.00265,-0.00698,0.00083,0.00058,-0,0.00189,0.00088,0.00111,0.00039,0.0003,-0.00016,-0.00013,0.00123,0.00037,5e-05,-0.0003,0.00014,0.00292,-0.00012,-0.0005,-0.00016,5e-05,-0.00075,-0.00011,-0.0016
29.42,0.00118,-0.00039,0.0001,0.0008,-0.00025,-0.00023,-0.00015,0.01017,-5e-05,-0.00264,-0.00715,0.00083,0.00057,-0,0.00189,0.00087,0.00111,0.00039,0.0003,-0.00016,-0.00013,0.00123,0.00037,5e-05,-0.0003,0.00014,0.00292,-0.00012,-0.00049,-0.00016,5e-05,-0.00075,-0.00011,-0.00161
29.44,0.00118,-0.00038,0.0001,0.0008,-0.00024,-0.00023,-0.00014,0.01023,-6e-05,-0.00264,-0.00727,0.00082,0.00057,-0,0.00189,0.00087,0.0011,0.00039,0.0003,-0.00016,-0.00013,0.00123,0.00037,5e-05,-0.0003,0.00014,0.00292,-0.00012,-0.00049,-0.00016,5e-05,-0.00075,-0.00011,-0.00161
29.46,0.00118,-0.00038,0.0001,0.0008,-0.00024,-0.00023,-0.00012,0.01031,-6e-05,-0.00264,-0.00742,0.00082,0.00056,-0,0.00188,0.00086,0.0011,0.00039,0.0003,-0.00016,-0.00013,0.00123,0.00037,4e-05,-0.0003,0.00014,0.00292,-0.00012,-0.00048,-0.00016,5e-05,-0.00075,-0.00011,-0.00161
29.48,0.00118,-0.00038,0.0001,0.0008,-0.00024,-0.00023,-0.00011,0.01039,-6e-05,-0.00264,-0.00757,0.00082,0.00056,-0,0.00188,0.00086,0.0011,0.00039,0.0003,-0.00016,-0.00013,0.00124,0.00037,4e-05,-0.0003,0.00014,0.00292,-0.00012,-0.00048,-0.00016,5e-05,-0.00075,-0.00011,-0.00161
29.5,0.00118,-0.00038,0.0001,0.0008,-0.00024,-0.00023,-0.0001,0.01045,-6e-05,-0.00264,-0.00772,0.00082,0.00056,-0,0.00188,0.00086,0.0011,0.00039,0.0003,-0.00016,-0.00013,0.00124,0.00037,4e-05,-0.0003,0.00014,0.00292,-0.00012,-0.00047,-0.00016,5e-05,-0.00075,-0.00011,-0.00161
29.52,0.00118,-0.00038,0.0001,0.0008,-0.00024,-0.00023,-9e-05,0.01047,-7e-05,-0.00264,-0.00783,0.00082,0.00056,0,0.00188,0.00085,0.0011,0.00039,0.0003,-0.00016,-0.00013,0.00124,0.00037,4e-05,-0.0003,0.00014,0.00292,-0.00012,-0.00047,-0.00016,5e-05,-0.00074,-0.00011,-0.00161
29.54,0.00118,-0.00038,0.0001,0.0008,-0.00024,-0.00022,-9e-05,0.01048,-7e-05,-0.00264,-0.00792,0.00082,0.00056,0,0.00188,0.00085,0.0011,0.00039,0.00031,-0.00016,-0.00013,0.00124,0.00036,4e-05,-0.0003,0.00014,0.00292,-0.00012,-0.00047,-0.00016,5e-05,-0.00074,-0.00011,-0.00162
29.56,0.00119,-0.00038,0.0001,0.0008,-0.00024,-0.00022,-8e-05,0.01049,-8e-05,-0.00264,-0.00803,0.00082,0.00056,0,0.00187,0.00085,0.0011,0.00039,0.00031,-0.00016,-0.00013,0.00124,0.00036,4e-05,-0.0003,0.00014,0.00292,-0.00012,-0.00046,-0.00016,5e-05,-0.00074,-0.00011,-0.00162
29.58,0.00119,-0.00038,0.0001,0.0008,-0.00024,-0.00022,-8e-05,0.01051,-8e-05,-0.00264,-0.00814,0.00082,0.00056,0,0.00187,0.00085,0.0011,0.00039,0.00031,-0.00016,-0.00013,0.00124,0.00036,4e-05,-0.00029,0.00014,0.00292,-0.00012,-0.00046,-0.00016,5e-05,-0.00074,-0.00011,-0.00163
29.6,0.00119,-0.00038,0.0001,0.0008,-0.00024,-0.00022,-8e-05,0.0105,-9e-05,-0.00264,-0.00825,0.00082,0.00056,0,0.00187,0.00084,0.00109,0.00039,0.0003,-0.00016,-0.00013,0.00124,0.00036,4e-05,-0.00029,0.00014,0.00292,-0.00012,-0.00046,-0.00017,5e-05,-0.00074,-0.00011,-0.00163
29.62,0.00118,-0.00039,0.0001,0.00079,-0.00024,-0.00021,-9e-05,0.01039,-0.0001,-0.00264,-0.00839,0.00082,0.00056,0,0.00184,0.00085,0.00109,0.00039,0.0003,-0.00016,-0.00013,0.00124,0.00036,4e-05,-0.00029,0.00014,0.00292,-0.00011,-0.00047,-0.00017,5e-05,-0.00074,-0.00011,-0.00162
29.64,0.00117,-0.00039,0.0001,0.00079,-0.00023,-0.00021,-9e-05,0.01025,-0.00011,-0.00264,-0.00853,0.00082,0.00056,-0,0.00182,0.00085,0.00109,0.0004,0.0003,-0.00016,-0.00013,0.00123,0.00036,4e-05,-0.00029,0.00014,0.00292,-0.00011,-0.00048,-0.00018,5e-05,-0.00074,-0.00011,-0.00161
29.66,0.00116,-0.00039,0.0001,0.00078,-0.00023,-0.00021,-0.0001,0.01012,-0.00013,-0.00264,-0.00867,0.00083,0.00056,-1e-05,0.00179,0.00085,0.00109,0.0004,0.0003,-0.00016,-0.00013,0.00123,0.00036,4e-05,-0.0003,0.00014,0.00292,-0.00011,-0.00049,-0.00018,6e-05,-0.00075,-0.00011,-0.0016
29.68,0.00116,-0.00039,0.00011,0.00078,-0.00022,-0.0002,-0.0001,0.00998,-0.00014,-0.00264,-0.00881,0.00083,0.00056,-1e-05,0.00177,0.00085,0.00109,0.0004,0.0003,-0.00016,-0.00013,0.00122,0.00035,5e-05,-0.0003,0.00014,0.00292,-0.00011,-0.0005,-0.00019,6e-05,-0.00075,-0.00011,-0.00159
29.7,0.00114,-0.00039,0.00011,0.00078,-0.00022,-0.0002,-0.00011,0.00988,-0.00015,-0.00264,-0.00895,0.00083,0.00056,-2e-05,0.00174,0.00086,0.00109,0.00041,0.0003,-0.00016,-0.00013,0.00122,0.00035,5e-05,-0.0003,0.00014,0.00292,-0.00011,-0.00051,-0.0002,6e-05,-0.00075,-0.00012,-0.00157
29.72,0.00111,-0.00039,0.0001,0.00078,-0.00021,-0.00019,-0.00011,0.00989,-0.00016,-0.00264,-0.00908,0.00083,0.00056,-4e-05,0.00169,0.00088,0.00109,0.00041,0.0003,-0.00016,-0.00013,0.00123,0.00035,5e-05,-0.0003,0.00014,0.00292,-0.00011,-0.00053,-0.00021,6e-05,-0.00076,-0.00012,-0.00155
29.74,0.00107,-0.00038,9e-05,0.00079,-0.0002,-0.00018,-0.00012,0.00994,-0.00017,-0.00264,-0.00921,0.00083,0.00056,-5e-05,0.00164,0.0009,0.00109,0.00042,0.0003,-0.00017,-0.00013,0.00124,0.00035,5e-05,-0.00031,0.00014,0.00292,-0.00011,-0.00055,-0.00022,6e-05,-0.00076,-0.00012,-0.00152
29.76,0.00104,-0.00037,9e-05,0.0008,-0.00019,-0.00018,-0.00013,0.00997,-0.00018,-0.00264,-0.00933,0.00083,0.00056,-7e-05,0.00159,0.00092,0.00109,0.00043,0.0003,-0.00017,-0.00013,0.00125,0.00035,5e-05,-0.00031,0.00014,0.00291,-0.0001,-0.00057,-0.00023,6e-05,-0.00077,-0.00013,-0.00149
29.78,0.00101,-0.00036,8e-05,0.00081,-0.00019,-0.00017,-0.00013,0.01002,-0.00019,-0.00264,-0.00948,0.00083,0.00056,-8e-05,0.00155,0.00094,0.00109,0.00044,0.0003,-0.00017,-0.00013,0.00126,0.00035,5e-05,-0.00032,0.00014,0.00291,-0.0001,-0.00058,-0.00024,6e-05,-0.00077,-0.00013,-0.00146
29.8,0.00097,-0.00036,7e-05,0.00082,-0.00018,-0.00016,-0.00014,0.01004,-0.0002,-0.00264,-0.00957,0.00083,0.00056,-0.0001,0.00151,0.00097,0.0011,0.00045,0.0003,-0.00018,-0.00013,0.00127,0.00035,5e-05,-0.00032,0.00014,0.00291,-0.0001,-0.0006,-0.00026,6e-05,-0.00078,-0.00014,-0.00144
29.82,0.00092,-0.00035,6e-05,0.00088,-0.00017,-0.00016,-0.00015,0.00999,-0.00021,-0.00264,-0.0095,0.00083,0.00056,-0.00012,0.00145,0.001,0.00109,0.00047,0.0003,-0.00018,-0.00013,0.00128,0.00035,5e-05,-0.00033,0.00014,0.00291,-0.0001,-0.00061,-0.00026,6e-05,-0.00078,-0.00014,-0.00141
29.84,0.00087,-0.00034,5e-05,0.00094,-0.00016,-0.00015,-0.00015,0.00991,-0.00023,-0.00264,-0.00937,0.00083,0.00056,-0.00014,0.0014,0.00103,0.00109,0.00048,0.00031,-0.00018,-0.00013,0.0013,0.00035,5e-05,-0.00033,0.00014,0.00291,-0.0001,-0.00062,-0.00027,6e-05,-0.00078,-0.00014,-0.00139
29.86,0.00082,-0.00033,4e-05,0.00101,-0.00015,-0.00014,-0.00016,0.00985,-0.00024,-0.00264,-0.00928,0.00083,0.00056,-0.00015,0.00135,0.00107,0.00108,0.00049,0.00032,-0.00018,-0.00013,0.00131,0.00035,5e-05,-0.00034,0.00015,0.00291,-0.0001,-0.00063,-0.00028,6e-05,-0.00078,-0.00014,-0.00136
29.88,0.00077,-0.00032,2e-05,0.00107,-0.00014,-0.00013,-0.00016,0.00978,-0.00025,-0.00264,-0.00918,0.00083,0.00056,-0.00016,0.00131,0.0011,0.00108,0.0005,0.00032,-0.00018,-0.00013,0.00132,0.00036,5e-05,-0.00034,0.00015,0.00291,-0.00011,-0.00065,-0.00029,6e-05,-0.00079,-0.00014,-0.00134
29.9,0.00072,-0.00032,1e-05,0.00114,-0.00014,-0.00013,-0.00017,0.00972,-0.00026,-0.00264,-0.00907,0.00083,0.00056,-0.00017,0.00127,0.00114,0.00108,0.00051,0.00033,-0.00019,-0.00014,0.00133,0.00036,5e-05,-0.00035,0.00015,0.00291,-0.00011,-0.00066,-0.00029,5e-05,-0.00079,-0.00014,-0.00132
29.92,0.00068,-0.00031,-2e-05,0.00122,-0.00015,-0.00012,-0.00017,0.0097,-0.00027,-0.00264,-0.00897,0.00083,0.00056,-0.00018,0.00126,0.00116,0.00109,0.00052,0.00033,-0.00019,-0.00014,0.00132,0.00035,5e-05,-0.00034,0.00015,0.00291,-0.00011,-0.00066,-0.00029,5e-05,-0.00079,-0.00014,-0.00132
29.94,0.00065,-0.0003,-4e-05,0.00131,-0.00016,-0.00012,-0.00017,0.0097,-0.00028,-0.00264,-0.00886,0.00083,0.00056,-0.00018,0.00127,0.00118,0.00109,0.00053,0.00032,-0.0002,-0.00014,0.00131,0.00035,5e-05,-0.00034,0.00014,0.00292,-0.00011,-0.00065,-0.00029,5e-05,-0.00078,-0.00014,-0.00133
29.96,0.00061,-0.00029,-7e-05,0.00141,-0.00017,-0.00011,-0.00017,0.00969,-0.00029,-0.00264,-0.00875,0.00083,0.00056,-0.00018,0.00126,0.0012,0.0011,0.00053,0.00032,-0.0002,-0.00014,0.0013,0.00034,5e-05,-0.00033,0.00014,0.00292,-0.00011,-0.00065,-0.00028,5e-05,-0.00078,-0.00014,-0.00133
29.98,0.00058,-0.00028,-9e-05,0.00151,-0.00017,-0.00011,-0.00017,0.00969,-0.0003,-0.00264,-0.00865,0.00083,0.00056,-0.00018,0.00126,0.00122,0.00111,0.00053,0.00031,-0.0002,-0.00014,0.00129,0.00034,5e-05,-0.00033,0.00014,0.00292,-0.00011,-0.00065,-0.00028,5e-05,-0.00077,-0.00014,-0.00133
30,0.00054,-0.00028,-0.00013,0.00161,-0.00017,-0.00011,-0.00017,0.00966,-0.00031,-0.00264,-0.00854,0.00083,0.00056,-0.00018,0.00126,0.00125,0.00112,0.00052,0.0003,-0.00021,-0.00014,0.00128,0.00034,5e-05,-0.00032,0.00014,0.00292,-0.00011,-0.00065,-0.00028,5e-05,-0.00077,-0.00013,-0.00134
30.02,0.00051,-0.00028,-0.00019,0.0017,-0.0002,-9e-05,-0.00016,0.00958,-0.00032,-0.00264,-0.0084,0.00083,0.00056,-0.00017,0.00125,0.0013,0.00113,0.00049,0.00029,-0.00021,-0.00014,0.00127,0.00033,5e-05,-0.00031,0.00014,0.00292,-0.00012,-0.00063,-0.00027,5e-05,-0.00076,-0.00013,-0.00136
30.04,0.00048,-0.00029,-0.00027,0.00178,-0.00023,-8e-05,-0.00016,0.00947,-0.00032,-0.00264,-0.00826,0.00083,0.00056,-0.00016,0.00125,0.00135,0.00115,0.00044,0.00026,-0.00021,-0.00014,0.00126,0.00033,4e-05,-0.0003,0.00014,0.00292,-0.00012,-0.00061,-0.00026,5e-05,-0.00075,-0.00013,-0.00139
30.06,0.00045,-0.00029,-0.00033,0.00187,-0.00026,-6e-05,-0.00015,0.00937,-0.00033,-0.00264,-0.00813,0.00083,0.00056,-0.00016,0.00124,0.00141,0.00116,0.00039,0.00024,-0.00021,-0.00014,0.00125,0.00033,4e-05,-0.00029,0.00014,0.00292,-0.00012,-0.00059,-0.00025,5e-05,-0.00074,-0.00012,-0.00141
30.08,0.00042,-0.0003,-0.00041,0.00197,-0.0003,-5e-05,-0.00015,0.00928,-0.00033,-0.00264,-0.00799,0.00083,0.00056,-0.00015,0.00124,0.00146,0.00117,0.00031,0.0002,-0.00021,-0.00015,0.00124,0.00032,4e-05,-0.00028,0.00014,0.00292,-0.00012,-0.00058,-0.00024,5e-05,-0.00073,-0.00012,-0.00144
30.1,0.0004,-0.0003,-0.00047,0.00207,-0.00032,-3e-05,-0.00014,0.00918,-0.00034,-0.00264,-0.00787,0.00083,0.00056,-0.00014,0.00123,0.00152,0.00119,0.00022,0.00016,-0.00021,-0.00015,0.00123,0.00032,4e-05,-0.00027,0.00014,0.00292,-0.00012,-0.00056,-0.00023,5e-05,-0.00073,-0.00012,-0.00146
30.12,0.00037,-0.00031,-0.00049,0.00214,-0.00033,-3e-05,-0.00014,0.00903,-0.00033,-0.00264,-0.00779,0.00083,0.00056,-0.00013,0.00121,0.00158,0.00121,0.00011,0.00012,-0.00021,-0.00015,0.00122,0.00032,4e-05,-0.00027,0.00013,0.00292,-0.00013,-0.00054,-0.00022,5e-05,-0.00071,-0.00011,-0.00148
30.14,0.00035,-0.00032,-0.0005,0.0022,-0.00033,-2e-05,-0.00013,0.00887,-0.00033,-0.00264,-0.00773,0.00083,0.00056,-0.00012,0.00118,0.00164,0.00122,-1e-05,6e-05,-0.00022,-0.00015,0.00122,0.00032,4e-05,-0.00026,0.00013,0.00292,-0.00013,-0.00053,-0.00021,5e-05,-0.0007,-0.00011,-0.0015
30.16,0.00033,-0.00033,-0.00052,0.00227,-0.00034,-2e-05,-0.00012,0.00873,-0.00033,-0.00264,-0.00767,0.00083,0.00056,-0.00011,0.00116,0.0017,0.00124,-0.00015,0,-0.00022,-0.00015,0.00121,0.00032,4e-05,-0.00025,0.00013,0.00292,-0.00013,-0.00052,-0.0002,5e-05,-0.00069,-0.0001,-0.00153
30.18,0.00031,-0.00034,-0.00053,0.00235,-0.00034,-1e-05,-0.00012,0.00856,-0.00032,-0.00264,-0.0076,0.00083,0.00056,-0.0001,0.00114,0.00176,0.00126,-0.00017,-4e-05,-0.00022,-0.00015,0.00121,0.00032,4e-05,-0.00024,0.00013,0.00292,-0.00013,-0.0005,-0.0002,5e-05,-0.00068,-0.0001,-0.00155
30.2,0.00029,-0.00035,-0.00055,0.0024,-0.00035,-1e-05,-0.00012,0.00844,-0.00032,-0.00264,-0.00755,0.00083,0.00056,-9e-05,0.00113,0.00182,0.00128,-0.00022,-0.0001,-0.00023,-0.00015,0.0012,0.00031,4e-05,-0.00024,0.00013,0.00292,-0.00013,-0.00049,-0.00019,5e-05,-0.00066,-9e-05,-0.00157
30.22,0.00027,-0.00035,-0.00062,0.0024,-0.00038,-0,-0.00012,0.00843,-0.00032,-0.00264,-0.00756,0.00083,0.00056,-8e-05,0.00113,0.00183,0.00131,-0.0004,-0.0002,-0.00026,-0.00015,0.0012,0.00031,4e-05,-0.00023,0.00013,0.00292,-0.00014,-0.00048,-0.00019,5e-05,-0.00065,-9e-05,-0.00159
30.24,0.00025,-0.00035,-0.00072,0.00237,-0.00043,1e-05,-0.00012,0.00846,-0.00032,-0.00264,-0.00759,0.00083,0.00056,-7e-05,0.00115,0.00182,0.00134,-0.00061,-0.00028,-0.0003,-0.00015,0.00121,0.00032,4e-05,-0.00023,0.00013,0.00292,-0.00014,-0.00047,-0.00018,5e-05,-0.00064,-8e-05,-0.00161
30.26,0.00023,-0.00036,-0.00082,0.00235,-0.00046,2e-05,-0.00012,0.00847,-0.00032,-0.00264,-0.0076,0.00083,0.00056,-7e-05,0.00115,0.00182,0.00136,-0.00078,-0.00034,-0.00033,-0.00015,0.00121,0.00032,4e-05,-0.00022,0.00013,0.00292,-0.00014,-0.00046,-0.00018,5e-05,-0.00063,-8e-05,-0.00164
30.28,0.00021,-0.00036,-0.00093,0.00233,-0.00051,3e-05,-0.00012,0.00849,-0.00032,-0.00264,-0.00762,0.00083,0.00056,-6e-05,0.00116,0.00183,0.00139,-0.00101,-0.00039,-0.00036,-0.00015,0.00121,0.00032,4e-05,-0.00021,0.00013,0.00292,-0.00014,-0.00045,-0.00018,6e-05,-0.00062,-7e-05,-0.00166
30.3,0.00019,-0.00036,-0.00104,0.00232,-0.00055,3e-05,-0.00013,0.0085,-0.00032,-0.00264,-0.00764,0.00083,0.00056,-6e-05,0.00117,0.00182,0.00142,-0.00123,-0.0004,-0.00038,-0.00015,0.00121,0.00032,4e-05,-0.00021,0.00013,0.00292,-0.00014,-0.00044,-0.00018,6e-05,-0.00061,-7e-05,-0.00168
30.32,0.00017,-0.00036,-0.00105,0.00232,-0.00055,3e-05,-0.00013,0.00851,-0.00032,-0.00264,-0.00764,0.00083,0.00056,-6e-05,0.00117,0.00178,0.00142,-0.00125,-0.00036,-0.00038,-0.00015,0.00121,0.00032,4e-05,-0.00021,0.00013,0.00292,-0.00015,-0.00043,-0.00017,6e-05,-0.00059,-6e-05,-0.0017
30.34,0.00015,-0.00037,-0.00103,0.00233,-0.00055,2e-05,-0.00012,0.00853,-0.00032,-0.00264,-0.00764,0.00083,0.00056,-5e-05,0.00117,0.00172,0.00142,-0.0011,-0.0003,-0.00037,-0.00015,0.00121,0.00032,4e-05,-0.0002,0.00013,0.00292,-0.00015,-0.00042,-0.00016,7e-05,-0.00057,-6e-05,-0.00171
30.36,0.00013,-0.00037,-0.00103,0.00233,-0.00056,2e-05,-0.00012,0.00854,-0.00032,-0.00264,-0.00765,0.00083,0.00056,-5e-05,0.00117,0.00167,0.00142,-0.00099,-0.00025,-0.00036,-0.00015,0.00122,0.00032,4e-05,-0.0002,0.00013,0.00292,-0.00016,-0.00041,-0.00016,7e-05,-0.00055,-5e-05,-0.00172
30.38,0.00011,-0.00038,-0.00103,0.00234,-0.00055,1e-05,-0.00012,0.00856,-0.00032,-0.00264,-0.00765,0.00083,0.00056,-5e-05,0.00117,0.00162,0.00142,-0.00089,-0.00021,-0.00036,-0.00015,0.00122,0.00032,4e-05,-0.0002,0.00013,0.00292,-0.00016,-0.0004,-0.00015,7e-05,-0.00052,-5e-05,-0.00173
30.4,9e-05,-0.00038,-0.00102,0.00234,-0.00054,1e-05,-0.00012,0.00857,-0.00032,-0.00264,-0.00765,0.00083,0.00056,-5e-05,0.00116,0.00158,0.00142,-0.00079,-0.00016,-0.00035,-0.00015,0.00122,0.00032,4e-05,-0.0002,0.00012,0.00292,-0.00016,-0.00039,-0.00015,8e-05,-0.00051,-4e-05,-0.00174
30.42,7e-05,-0.00038,-0.001,0.00234,-0.00053,1e-05,-0.00012,0.00856,-0.00032,-0.00264,-0.00765,0.00083,0.00056,-4e-05,0.00115,0.00155,0.00141,-0.00071,-0.00013,-0.00035,-0.00015,0.00121,0.00032,4e-05,-0.00019,0.00012,0.00292,-0.00016,-0.00039,-0.00015,8e-05,-0.00052,-4e-05,-0.00174
30.44,6e-05,-0.00039,-0.00098,0.00233,-0.00052,1e-05,-0.00011,0.00855,-0.00032,-0.00264,-0.00765,0.00083,0.00056,-4e-05,0.00113,0.00153,0.00141,-0.00063,-0.0001,-0.00035,-0.00015,0.0012,0.00032,4e-05,-0.00019,0.00012,0.00292,-0.00016,-0.0004,-0.00015,8e-05,-0.00054,-5e-05,-0.00175
30.46,4e-05,-0.00039,-0.00096,0.00232,-0.00051,1e-05,-0.00011,0.00854,-0.00032,-0.00264,-0.00765,0.00083,0.00056,-4e-05,0.00112,0.00151,0.0014,-0.00056,-6e-05,-0.00034,-0.00015,0.00119,0.00032,4e-05,-0.00019,0.00012,0.00292,-0.00017,-0.00041,-0.00015,9e-05,-0.00056,-5e-05,-0.00175
30.48,2e-05,-0.0004,-0.00095,0.00232,-0.0005,0,-0.00011,0.00853,-0.00032,-0.00264,-0.00765,0.00083,0.00056,-4e-05,0.00111,0.00149,0.0014,-0.00048,-3e-05,-0.00034,-0.00015,0.00118,0.00031,4e-05,-0.00019,0.00012,0.00292,-0.00017,-0.00041,-0.00015,9e-05,-0.00057,-5e-05,-0.00175
30.5,0,-0.0004,-0.00093,0.00231,-0.00049,0,-0.00011,0.00853,-0.00032,-0.00264,-0.00764,0.00083,0.00056,-4e-05,0.00109,0.00147,0.00139,-0.0004,0,-0.00033,-0.00015,0.00117,0.00031,4e-05,-0.00019,0.00012,0.00292,-0.00017,-0.00042,-0.00015,9e-05,-0.00059,-6e-05,-0.00175
30.52,-1e-05,-0.0004,-0.00088,0.0023,-0.00048,-0,-0.00011,0.00856,-0.00032,-0.00264,-0.00761,0.00083,0.00056,-4e-05,0.00108,0.00148,0.00139,-0.00031,4e-05,-0.00032,-0.00015,0.00116,0.00031,4e-05,-0.00018,0.00012,0.00292,-0.00016,-0.00043,-0.00016,9e-05,-0.00063,-6e-05,-0.00176
30.54,-3e-05,-0.0004,-0.00083,0.00228,-0.00046,-0,-0.00012,0.0086,-0.00032,-0.00264,-0.00758,0.00083,0.00056,-3e-05,0.00106,0.00149,0.00139,-0.00021,8e-05,-0.00031,-0.00015,0.00116,0.00031,4e-05,-0.00018,0.00012,0.00292,-0.00016,-0.00043,-0.00017,9e-05,-0.00067,-7e-05,-0.00176
30.56,-4e-05,-0.00041,-0.00079,0.00227,-0.00046,-1e-05,-0.00012,0.00864,-0.00032,-0.00264,-0.00754,0.00083,0.00056,-3e-05,0.00104,0.0015,0.00138,-0.00011,0.00012,-0.0003,-0.00015,0.00116,0.00032,4e-05,-0.00018,0.00012,0.00292,-0.00016,-0.00044,-0.00018,9e-05,-0.0007,-7e-05,-0.00177
30.58,-5e-05,-0.00041,-0.00074,0.00225,-0.00045,-1e-05,-0.00013,0.00867,-0.00033,-0.00264,-0.00751,0.00083,0.00056,-3e-05,0.00102,0.00151,0.00138,-4e-05,0.00015,-0.00029,-0.00015,0.00116,0.00032,4e-05,-0.00018,0.00012,0.00292,-0.00016,-0.00045,-0.00019,8e-05,-0.00074,-8e-05,-0.00177
30.6,-7e-05,-0.00041,-0.00069,0.00223,-0.00044,-2e-05,-0.00013,0.00872,-0.00033,-0.00264,-0.00748,0.00083,0.00056,-3e-05,0.001,0.00152,0.00138,1e-05,0.00019,-0.00028,-0.00015,0.00115,0.00032,4e-05,-0.00018,0.00012,0.00292,-0.00015,-0.00045,-0.00019,8e-05,-0.00077,-8e-05,-0.00178
30.62,-7e-05,-0.00041,-0.00064,0.00222,-0.00042,-3e-05,-0.00015,0.00886,-0.00036,-0.00264,-0.00744,0.00083,0.00056,-3e-05,0.00098,0.00155,0.00137,0.00022,0.00026,-0.00024,-0.00015,0.00114,0.00032,4e-05,-0.00016,0.00012,0.00292,-0.00015,-0.00047,-0.0002,8e-05,-0.0008,-9e-05,-0.00178
30.64,-7e-05,-0.00042,-0.00058,0.0022,-0.00041,-4e-05,-0.00016,0.00903,-0.00038,-0.00264,-0.00741,0.00083,0.00055,-2e-05,0.00096,0.00159,0.00137,0.00042,0.00032,-0.00019,-0.00015,0.00112,0.00031,4e-05,-0.00015,0.00012,0.00292,-0.00015,-0.00048,-0.00021,7e-05,-0.00083,-0.0001,-0.00178
30.66,-8e-05,-0.00042,-0.00053,0.00219,-0.0004,-5e-05,-0.00017,0.00919,-0.0004,-0.00264,-0.00737,0.00083,0.00055,-2e-05,0.00095,0.00162,0.00137,0.00058,0.00036,-0.00015,-0.00015,0.00111,0.00031,4e-05,-0.00013,0.00012,0.00292,-0.00014,-0.00049,-0.00022,7e-05,-0.00086,-0.0001,-0.00179
30.68,-8e-05,-0.00042,-0.00048,0.00217,-0.00039,-6e-05,-0.00017,0.00935,-0.00043,-0.00264,-0.00733,0.00083,0.00055,-2e-05,0.00093,0.00164,0.00136,0.00075,0.0004,-0.00011,-0.00015,0.00109,0.00031,4e-05,-0.00012,0.00011,0.00292,-0.00014,-0.00051,-0.00023,6e-05,-0.00089,-0.00011,-0.00179
30.7,-8e-05,-0.00042,-0.00042,0.00215,-0.00038,-6e-05,-0.00018,0.00952,-0.00045,-0.00264,-0.00731,0.00083,0.00055,-1e-05,0.00092,0.00167,0.00137,0.00079,0.00041,-8e-05,-0.00015,0.00108,0.00032,4e-05,-0.00011,0.00011,0.00292,-0.00014,-0.00052,-0.00024,6e-05,-0.00092,-0.00011,-0.00179
30.72,-8e-05,-0.00041,-0.00034,0.00211,-0.00035,-7e-05,-0.00018,0.00972,-0.00046,-0.00264,-0.00736,0.00082,0.00054,-0,0.00091,0.00173,0.0014,0.00069,0.00036,-8e-05,-0.00016,0.00107,0.00032,4e-05,-8e-05,0.00011,0.00292,-0.00013,-0.00053,-0.00025,5e-05,-0.00092,-0.00011,-0.00179
30.74,-7e-05,-0.0004,-0.00025,0.00206,-0.00031,-8e-05,-0.00018,0.00992,-0.00048,-0.00263,-0.00744,0.00082,0.00053,0,0.00091,0.00179,0.00143,0.00053,0.0003,-9e-05,-0.00016,0.00106,0.00032,4e-05,-6e-05,0.00011,0.00292,-0.00013,-0.00054,-0.00025,5e-05,-0.00091,-0.00011,-0.00179
30.76,-7e-05,-0.00039,-0.00017,0.00201,-0.00028,-9e-05,-0.00018,0.01012,-0.00049,-0.00263,-0.0075,0.00082,0.00052,1e-05,0.00091,0.00184,0.00147,0.00042,0.00025,-9e-05,-0.00016,0.00105,0.00032,4e-05,-4e-05,0.0001,0.00292,-0.00012,-0.00055,-0.00026,4e-05,-0.00091,-0.00011,-0.00179
30.78,-6e-05,-0.00038,-0.00011,0.00197,-0.00025,-0.0001,-0.00018,0.01036,-0.0005,-0.00262,-0.00757,0.00082,0.00051,2e-05,0.00091,0.00192,0.0015,0.00031,0.0002,-0.0001,-0.00016,0.00104,0.00033,4e-05,-2e-05,0.0001,0.00292,-0.00012,-0.00055,-0.00027,4e-05,-0.00091,-0.00011,-0.00179
30.8,-6e-05,-0.00037,-5e-05,0.00191,-0.00022,-0.00011,-0.00017,0.01052,-0.00051,-0.00262,-0.00763,0.00082,0.00051,3e-05,0.00091,0.00195,0.00154,0.00022,0.00016,-0.0001,-0.00016,0.00103,0.00033,4e-05,-1e-05,0.0001,0.00291,-0.00012,-0.00056,-0.00027,4e-05,-0.00091,-0.00011,-0.00179
30.82,-4e-05,-0.00035,1e-05,0.00179,-0.00019,-0.00012,-0.00016,0.01049,-0.00051,-0.00262,-0.00768,0.00082,0.00052,4e-05,0.00091,0.00184,0.00158,0.00016,0.00014,-0.00011,-0.00016,0.00103,0.00035,3e-05,-0,0.0001,0.00292,-0.00012,-0.00058,-0.00028,4e-05,-0.0009,-0.0001,-0.00179
30.84,-2e-05,-0.00033,6e-05,0.00165,-0.00016,-0.00013,-0.00015,0.01039,-0.00051,-0.00263,-0.00773,0.00083,0.00054,5e-05,0.00091,0.0017,0.00162,0.00011,0.00011,-0.00011,-0.00016,0.00103,0.00038,3e-05,-1e-05,0.0001,0.00292,-0.00012,-0.00059,-0.00028,4e-05,-0.00089,-0.0001,-0.00179
30.86,-1e-05,-0.00032,0.00011,0.00153,-0.00013,-0.00014,-0.00014,0.01032,-0.00051,-0.00263,-0.00777,0.00083,0.00055,6e-05,0.00091,0.00158,0.00166,8e-05,0.0001,-0.00011,-0.00016,0.00103,0.0004,3e-05,-1e-05,0.0001,0.00292,-0.00011,-0.0006,-0.00028,4e-05,-0.00089,-0.0001,-0.00179
30.88,1e-05,-0.0003,0.00015,0.00142,-0.0001,-0.00015,-0.00014,0.01025,-0.00051,-0.00264,-0.00782,0.00083,0.00056,7e-05,0.0009,0.00147,0.0017,5e-05,9e-05,-0.0001,-0.00015,0.00103,0.00042,3e-05,-1e-05,0.0001,0.00292,-0.00011,-0.00061,-0.00028,5e-05,-0.00088,-0.0001,-0.00179
30.9,2e-05,-0.00029,0.00018,0.00132,-8e-05,-0.00016,-0.00013,0.01017,-0.00051,-0.00265,-0.00787,0.00083,0.00057,8e-05,0.0009,0.00137,0.00174,4e-05,9e-05,-0.0001,-0.00015,0.00103,0.00044,3e-05,-1e-05,0.0001,0.00292,-0.00011,-0.00062,-0.00028,5e-05,-0.00087,-0.0001,-0.0018
30.92,4e-05,-0.00027,0.00018,0.00122,-8e-05,-0.00015,-0.00012,0.0101,-0.00051,-0.00265,-0.00796,0.00083,0.00057,8e-05,0.00092,0.00127,0.00177,5e-05,9e-05,-0.0001,-0.00015,0.00104,0.00047,2e-05,-3e-05,0.0001,0.00292,-0.00012,-0.00064,-0.00028,5e-05,-0.00084,-9e-05,-0.0018
30.94,6e-05,-0.00025,0.00017,0.00113,-0.0001,-0.00014,-0.00012,0.01003,-0.0005,-0.00265,-0.00806,0.00083,0.00057,8e-05,0.00094,0.00119,0.00179,6e-05,0.0001,-0.0001,-0.00014,0.00105,0.00049,2e-05,-5e-05,0.0001,0.00292,-0.00012,-0.00065,-0.00027,5e-05,-0.00081,-9e-05,-0.0018
30.96,9e-05,-0.00023,0.00017,0.00105,-0.00012,-0.00013,-0.00011,0.00996,-0.0005,-0.00265,-0.00815,0.00083,0.00057,8e-05,0.00095,0.00111,0.00182,7e-05,0.0001,-0.0001,-0.00014,0.00105,0.00052,2e-05,-6e-05,0.00011,0.00292,-0.00012,-0.00067,-0.00027,6e-05,-0.00079,-8e-05,-0.0018
30.98,0.00011,-0.00022,0.00016,0.00097,-0.00013,-0.00013,-0.0001,0.0099,-0.0005,-0.00265,-0.00825,0.00083,0.00057,9e-05,0.00097,0.00104,0.00185,7e-05,0.00011,-0.0001,-0.00014,0.00106,0.00054,2e-05,-8e-05,0.00011,0.00292,-0.00012,-0.00068,-0.00026,6e-05,-0.00076,-8e-05,-0.0018
31,0.00013,-0.0002,0.00016,0.00089,-0.00014,-0.00012,-0.0001,0.00982,-0.0005,-0.00264,-0.00834,0.00083,0.00057,9e-05,0.00098,0.00097,0.00187,8e-05,0.00011,-0.0001,-0.00014,0.00106,0.00057,2e-05,-0.0001,0.00011,0.00292,-0.00012,-0.0007,-0.00026,6e-05,-0.00074,-7e-05,-0.0018
31.02,0.00016,-0.00019,0.00016,0.00082,-0.00015,-0.00011,-9e-05,0.00966,-0.0005,-0.00264,-0.00843,0.00083,0.00056,9e-05,0.00098,0.00091,0.00189,7e-05,0.00011,-0.0001,-0.00013,0.00106,0.00058,2e-05,-0.00012,0.00011,0.00292,-0.00013,-0.0007,-0.00026,6e-05,-0.00073,-7e-05,-0.0018
31.04,0.00019,-0.00019,0.00016,0.00076,-0.00016,-0.00011,-8e-05,0.00948,-0.0005,-0.00264,-0.00851,0.00083,0.00056,9e-05,0.00097,0.00084,0.0019,7e-05,0.00011,-9e-05,-0.00013,0.00107,0.00058,2e-05,-0.00014,0.00012,0.00292,-0.00013,-0.00071,-0.00025,6e-05,-0.00073,-7e-05,-0.0018
31.06,0.00022,-0.00018,0.00017,0.0007,-0.00016,-0.0001,-7e-05,0.00931,-0.0005,-0.00264,-0.0086,0.00083,0.00056,9e-05,0.00096,0.00078,0.00191,6e-05,0.00011,-9e-05,-0.00013,0.00107,0.00059,2e-05,-0.00016,0.00012,0.00292,-0.00013,-0.00072,-0.00025,6e-05,-0.00073,-7e-05,-0.0018
31.08,0.00026,-0.00017,0.00017,0.00064,-0.00017,-9e-05,-7e-05,0.00915,-0.0005,-0.00264,-0.00869,0.00083,0.00056,8e-05,0.00096,0.00073,0.00193,6e-05,0.00011,-8e-05,-0.00013,0.00107,0.0006,2e-05,-0.00018,0.00012,0.00292,-0.00013,-0.00073,-0.00025,6e-05,-0.00073,-7e-05,-0.0018
31.1,0.00029,-0.00016,0.00018,0.00059,-0.00017,-9e-05,-6e-05,0.00898,-0.0005,-0.00264,-0.00877,0.00083,0.00056,8e-05,0.00095,0.00069,0.00194,5e-05,0.00011,-8e-05,-0.00013,0.00107,0.00061,2e-05,-0.0002,0.00012,0.00292,-0.00013,-0.00074,-0.00024,6e-05,-0.00074,-7e-05,-0.0018
31.12,0.00033,-0.00016,0.00018,0.00054,-0.00017,-9e-05,-6e-05,0.00876,-0.0005,-0.00264,-0.00886,0.00083,0.00056,8e-05,0.00094,0.00066,0.00194,4e-05,0.00011,-7e-05,-0.00013,0.00107,0.00061,2e-05,-0.0002,0.00012,0.00292,-0.00013,-0.00074,-0.00024,6e-05,-0.00075,-8e-05,-0.0018
31.14,0.00036,-0.00016,0.00017,0.0005,-0.00016,-8e-05,-6e-05,0.00853,-0.0005,-0.00264,-0.00894,0.00083,0.00056,7e-05,0.00092,0.00064,0.00195,2e-05,0.00011,-7e-05,-0.00013,0.00107,0.00061,2e-05,-0.00019,0.00012,0.00292,-0.00013,-0.00074,-0.00024,6e-05,-0.00076,-8e-05,-0.0018
31.16,0.0004,-0.00016,0.00017,0.00046,-0.00016,-8e-05,-5e-05,0.00832,-0.0005,-0.00264,-0.00902,0.00083,0.00056,7e-05,0.0009,0.00063,0.00195,2e-05,0.00012,-6e-05,-0.00013,0.00108,0.00061,2e-05,-0.00019,0.00012,0.00292,-0.00013,-0.00075,-0.00024,6e-05,-0.00078,-8e-05,-0.0018
31.18,0.00044,-0.00016,0.00017,0.00043,-0.00016,-8e-05,-6e-05,0.00808,-0.0005,-0.00264,-0.00911,0.00083,0.00056,6e-05,0.00089,0.00061,0.00196,1e-05,0.00012,-6e-05,-0.00013,0.00108,0.00061,2e-05,-0.00019,0.00012,0.00292,-0.00013,-0.00075,-0.00024,6e-05,-0.00079,-8e-05,-0.0018
31.2,0.00047,-0.00016,0.00017,0.0004,-0.00015,-8e-05,-6e-05,0.00792,-0.0005,-0.00264,-0.00919,0.00083,0.00056,6e-05,0.00087,0.0006,0.00196,1e-05,0.00012,-6e-05,-0.00013,0.00108,0.00061,2e-05,-0.00018,0.00012,0.00292,-0.00013,-0.00075,-0.00024,6e-05,-0.00081,-9e-05,-0.0018
31.22,0.00051,-0.00016,0.00016,0.00039,-0.00015,-8e-05,-6e-05,0.00801,-0.0005,-0.00264,-0.00926,0.00083,0.00056,5e-05,0.00087,0.00062,0.00192,2e-05,0.00013,-6e-05,-0.00013,0.00108,0.00061,2e-05,-0.00019,0.00012,0.00292,-0.00013,-0.00075,-0.00024,6e-05,-0.00084,-0.0001,-0.0018
31.24,0.00054,-0.00017,0.00015,0.00037,-0.00015,-8e-05,-7e-05,0.00818,-0.0005,-0.00264,-0.00932,0.00083,0.00056,4e-05,0.00088,0.00065,0.00188,4e-05,0.00014,-8e-05,-0.00013,0.00109,0.00062,2e-05,-0.00019,0.00012,0.00292,-0.00013,-0.00074,-0.00024,6e-05,-0.00088,-0.00011,-0.0018
31.26,0.00057,-0.00017,0.00014,0.00036,-0.00015,-8e-05,-7e-05,0.00831,-0.0005,-0.00264,-0.00939,0.00083,0.00056,3e-05,0.00088,0.00067,0.00185,5e-05,0.00014,-8e-05,-0.00012,0.00109,0.00062,2e-05,-0.00019,0.00012,0.00292,-0.00013,-0.00074,-0.00024,6e-05,-0.00092,-0.00011,-0.00179
31.28,0.00061,-0.00018,0.00014,0.00035,-0.00014,-8e-05,-8e-05,0.00846,-0.0005,-0.00264,-0.00946,0.00083,0.00056,3e-05,0.00088,0.00069,0.00181,6e-05,0.00015,-9e-05,-0.00012,0.0011,0.00063,2e-05,-0.00019,0.00012,0.00292,-0.00013,-0.00073,-0.00024,6e-05,-0.00096,-0.00012,-0.00179
31.3,0.00064,-0.00019,0.00013,0.00034,-0.00014,-8e-05,-8e-05,0.0086,-0.0005,-0.00264,-0.00952,0.00083,0.00056,2e-05,0.00087,0.00071,0.00178,7e-05,0.00015,-0.0001,-0.00012,0.0011,0.00063,2e-05,-0.0002,0.00012,0.00292,-0.00013,-0.00073,-0.00024,6e-05,-0.001,-0.00013,-0.00179
31.32,0.00066,-0.00019,0.00012,0.00033,-0.00014,-8e-05,-8e-05,0.00871,-0.0005,-0.00264,-0.00955,0.00083,0.00056,2e-05,0.00086,0.00073,0.00176,7e-05,0.00016,-9e-05,-0.00012,0.00111,0.00063,2e-05,-0.0002,0.00013,0.00292,-0.00013,-0.00072,-0.00024,6e-05,-0.00104,-0.00014,-0.00179
31.34,0.00069,-0.0002,0.00012,0.00033,-0.00013,-8e-05,-8e-05,0.00881,-0.0005,-0.00264,-0.00957,0.00083,0.00056,1e-05,0.00085,0.00076,0.00175,8e-05,0.00016,-9e-05,-0.00012,0.00113,0.00064,2e-05,-0.00021,0.00013,0.00292,-0.00013,-0.00071,-0.00024,6e-05,-0.00108,-0.00016,-0.00179
31.36,0.00071,-0.00021,0.00011,0.00033,-0.00013,-8e-05,-8e-05,0.00891,-0.0005,-0.00264,-0.00959,0.00083,0.00056,1e-05,0.00084,0.00078,0.00173,9e-05,0.00016,-9e-05,-0.00012,0.00114,0.00064,2e-05,-0.00021,0.00013,0.00292,-0.00013,-0.00071,-0.00024,6e-05,-0.00112,-0.00017,-0.00179
31.38,0.00074,-0.00022,0.00011,0.00032,-0.00012,-8e-05,-8e-05,0.00903,-0.0005,-0.00264,-0.00962,0.00083,0.00056,1e-05,0.00083,0.00081,0.00171,9e-05,0.00016,-9e-05,-0.00012,0.00115,0.00065,2e-05,-0.00022,0.00013,0.00292,-0.00013,-0.0007,-0.00024,6e-05,-0.00116,-0.00018,-0.00179
31.4,0.00076,-0.00022,0.00011,0.00032,-0.00012,-8e-05,-8e-05,0.0091,-0.0005,-0.00264,-0.00964,0.00083,0.00056,1e-05,0.00082,0.00083,0.0017,9e-05,0.00016,-8e-05,-0.00012,0.00116,0.00065,2e-05,-0.00022,0.00013,0.00292,-0.00012,-0.0007,-0.00024,6e-05,-0.0012,-0.00019,-0.00179
31.42,0.00079,-0.00022,0.00011,0.00032,-0.00011,-7e-05,-7e-05,0.00903,-0.0005,-0.00264,-0.00967,0.00083,0.00056,1e-05,0.00079,0.00084,0.00167,0.0001,0.00017,-8e-05,-0.00012,0.00116,0.00066,2e-05,-0.00023,0.00013,0.00292,-0.00012,-0.00071,-0.00024,7e-05,-0.00123,-0.0002,-0.00178
31.44,0.00081,-0.00022,0.00011,0.00031,-0.00011,-7e-05,-7e-05,0.0089,-0.0005,-0.00264,-0.00969,0.00083,0.00056,0,0.00077,0.00084,0.00165,0.0001,0.00017,-8e-05,-0.00012,0.00117,0.00066,2e-05,-0.00023,0.00013,0.00292,-0.00012,-0.00073,-0.00025,7e-05,-0.00127,-0.00022,-0.00178
31.46,0.00084,-0.00023,0.00011,0.00031,-0.0001,-7e-05,-6e-05,0.0088,-0.0005,-0.00264,-0.00972,0.00083,0.00056,0,0.00074,0.00085,0.00162,0.00011,0.00018,-8e-05,-0.00012,0.00117,0.00067,2e-05,-0.00024,0.00013,0.00292,-0.00012,-0.00074,-0.00026,7e-05,-0.0013,-0.00023,-0.00178
31.48,0.00087,-0.00023,0.00011,0.0003,-9e-05,-6e-05,-6e-05,0.00871,-0.0005,-0.00264,-0.00974,0.00083,0.00056,-0,0.00072,0.00086,0.0016,0.00011,0.00018,-8e-05,-0.00012,0.00117,0.00067,2e-05,-0.00024,0.00013,0.00292,-0.00012,-0.00075,-0.00026,7e-05,-0.00134,-0.00024,-0.00178
31.5,0.0009,-0.00023,0.00011,0.0003,-9e-05,-6e-05,-5e-05,0.0086,-0.00049,-0.00264,-0.00976,0.00083,0.00056,-0,0.0007,0.00087,0.00158,0.00011,0.00018,-7e-05,-0.00012,0.00118,0.00067,2e-05,-0.00025,0.00013,0.00292,-0.00012,-0.00077,-0.00027,7e-05,-0.00137,-0.00025,-0.00177
31.52,0.00093,-0.00023,0.0001,0.0003,-8e-05,-6e-05,-5e-05,0.00847,-0.00049,-0.00264,-0.00979,0.00083,0.00056,-1e-05,0.00067,0.00088,0.00155,0.00011,0.00019,-7e-05,-0.00011,0.00118,0.00068,2e-05,-0.00025,0.00013,0.00292,-0.00012,-0.00078,-0.00027,7e-05,-0.00138,-0.00026,-0.00177
31.54,0.00096,-0.00022,0.0001,0.0003,-8e-05,-5e-05,-5e-05,0.00833,-0.00048,-0.00264,-0.00981,0.00083,0.00056,-1e-05,0.00065,0.00089,0.00153,0.00011,0.00019,-7e-05,-0.00011,0.00117,0.00068,2e-05,-0.00025,0.00013,0.00292,-0.00012,-0.0008,-0.00028,7e-05,-0.00139,-0.00026,-0.00177
31.56,0.00099,-0.00022,9e-05,0.0003,-8e-05,-5e-05,-5e-05,0.0082,-0.00048,-0.00264,-0.00984,0.00083,0.00056,-1e-05,0.00063,0.00091,0.00151,0.00011,0.0002,-7e-05,-0.00011,0.00117,0.00068,2e-05,-0.00026,0.00013,0.00292,-0.00012,-0.00082,-0.00028,7e-05,-0.0014,-0.00027,-0.00176
31.58,0.00102,-0.00022,9e-05,0.0003,-7e-05,-5e-05,-5e-05,0.00807,-0.00047,-0.00264,-0.00986,0.00083,0.00056,-1e-05,0.00061,0.00092,0.00149,0.00012,0.0002,-7e-05,-0.00011,0.00117,0.00068,2e-05,-0.00026,0.00013,0.00292,-0.00012,-0.00084,-0.00029,7e-05,-0.00141,-0.00028,-0.00176
31.6,0.00105,-0.00022,9e-05,0.0003,-7e-05,-5e-05,-5e-05,0.00794,-0.00047,-0.00264,-0.00989,0.00083,0.00056,-1e-05,0.00059,0.00093,0.00147,0.00012,0.0002,-7e-05,-0.00011,0.00117,0.00069,2e-05,-0.00026,0.00013,0.00292,-0.00012,-0.00086,-0.00029,7e-05,-0.00142,-0.00028,-0.00176
31.62,0.00108,-0.00022,8e-05,0.0003,-6e-05,-4e-05,-5e-05,0.00782,-0.00046,-0.00264,-0.00991,0.00083,0.00056,-2e-05,0.00057,0.00096,0.00145,0.00012,0.00021,-6e-05,-0.00011,0.00116,0.00069,2e-05,-0.00026,0.00013,0.00292,-0.00012,-0.00087,-0.00029,7e-05,-0.00142,-0.00028,-0.00175
31.64,0.00111,-0.00022,8e-05,0.00031,-6e-05,-4e-05,-5e-05,0.0077,-0.00046,-0.00264,-0.00993,0.00083,0.00056,-2e-05,0.00056,0.00098,0.00143,0.00012,0.00021,-6e-05,-0.00011,0.00115,0.00069,2e-05,-0.00026,0.00013,0.00292,-0.00012,-0.00089,-0.00029,7e-05,-0.00142,-0.00028,-0.00175
31.66,0.00114,-0.00023,8e-05,0.00031,-6e-05,-4e-05,-5e-05,0.00758,-0.00045,-0.00264,-0.00995,0.00083,0.00056,-2e-05,0.00054,0.001,0.00141,0.00012,0.00022,-6e-05,-0.00011,0.00114,0.00069,2e-05,-0.00026,0.00013,0.00292,-0.00012,-0.0009,-0.00029,6e-05,-0.00142,-0.00028,-0.00175
31.68,0.00117,-0.00023,7e-05,0.00031,-6e-05,-4e-05,-5e-05,0.00746,-0.00045,-0.00264,-0.00997,0.00083,0.00056,-2e-05,0.00053,0.00103,0.00138,0.00013,0.00022,-6e-05,-0.00011,0.00114,0.0007,2e-05,-0.00026,0.00013,0.00292,-0.00012,-0.00091,-0.00029,6e-05,-0.00142,-0.00028,-0.00174
31.7,0.0012,-0.00024,7e-05,0.00031,-5e-05,-4e-05,-5e-05,0.00735,-0.00045,-0.00264,-0.00999,0.00083,0.00056,-2e-05,0.00051,0.00105,0.00136,0.00013,0.00023,-5e-05,-0.00011,0.00113,0.0007,2e-05,-0.00026,0.00013,0.00292,-0.00012,-0.00092,-0.00029,6e-05,-0.00142,-0.00028,-0.00174
31.72,0.00123,-0.00024,7e-05,0.00031,-5e-05,-4e-05,-5e-05,0.00729,-0.00044,-0.00264,-0.00999,0.00083,0.00056,-2e-05,0.00051,0.00107,0.00134,0.00013,0.00023,-5e-05,-0.00011,0.00113,0.0007,2e-05,-0.00026,0.00013,0.00292,-0.00012,-0.00093,-0.00029,6e-05,-0.00141,-0.00028,-0.00174
31.74,0.00126,-0.00025,7e-05,0.00031,-5e-05,-4e-05,-5e-05,0.00724,-0.00044,-0.00265,-0.01,0.00083,0.00056,-2e-05,0.0005,0.00109,0.00132,0.00013,0.00024,-5e-05,-0.00011,0.00113,0.0007,2e-05,-0.00026,0.00013,0.00292,-0.00012,-0.00093,-0.00029,6e-05,-0.0014,-0.00027,-0.00174
31.76,0.00129,-0.00026,7e-05,0.00032,-5e-05,-4e-05,-5e-05,0.00718,-0.00044,-0.00265,-0.01,0.00083,0.00056,-2e-05,0.00049,0.00111,0.0013,0.00013,0.00025,-6e-05,-0.00011,0.00113,0.0007,2e-05,-0.00026,0.00013,0.00292,-0.00012,-0.00093,-0.00029,6e-05,-0.00139,-0.00027,-0.00174
31.78,0.00133,-0.00026,7e-05,0.00032,-5e-05,-3e-05,-5e-05,0.00714,-0.00044,-0.00265,-0.01,0.00083,0.00056,-2e-05,0.00049,0.00113,0.00128,0.00013,0.00025,-6e-05,-0.00011,0.00113,0.0007,2e-05,-0.00026,0.00013,0.00292,-0.00012,-0.00093,-0.00029,6e-05,-0.00139,-0.00026,-0.00174
31.8,0.00135,-0.00027,7e-05,0.00032,-4e-05,-3e-05,-5e-05,0.00705,-0.00043,-0.00265,-0.01001,0.00083,0.00056,-1e-05,0.00048,0.00115,0.00126,0.00013,0.00025,-6e-05,-0.00011,0.00113,0.0007,2e-05,-0.00026,0.00013,0.00292,-0.00012,-0.00093,-0.00029,6e-05,-0.00137,-0.00026,-0.00174
31.82,0.00138,-0.00028,7e-05,0.00032,-4e-05,-3e-05,-4e-05,0.00682,-0.00043,-0.00265,-0.01001,0.00083,0.00056,-1e-05,0.00046,0.00117,0.00124,0.00012,0.00026,-6e-05,-0.00011,0.00113,0.0007,2e-05,-0.00027,0.00013,0.00292,-0.00012,-0.00094,-0.0003,6e-05,-0.00133,-0.00024,-0.00174
31.84,0.0014,-0.00029,7e-05,0.00032,-3e-05,-2e-05,-4e-05,0.00654,-0.00043,-0.00265,-0.01002,0.00083,0.00057,-1e-05,0.00043,0.00119,0.00121,0.00012,0.00026,-6e-05,-0.00011,0.00113,0.0007,2e-05,-0.00027,0.00013,0.00292,-0.00012,-0.00095,-0.0003,6e-05,-0.00128,-0.00022,-0.00175
31.86,0.00142,-0.00031,7e-05,0.00032,-2e-05,-2e-05,-4e-05,0.0063,-0.00042,-0.00265,-0.01002,0.00083,0.00057,-1e-05,0.00041,0.0012,0.00119,0.00012,0.00025,-6e-05,-0.00011,0.00113,0.0007,2e-05,-0.00027,0.00014,0.00292,-0.00012,-0.00096,-0.0003,6e-05,-0.00124,-0.00021,-0.00175
31.88,0.00144,-0.00032,7e-05,0.00032,-2e-05,-2e-05,-4e-05,0.00605,-0.00042,-0.00265,-0.01003,0.00083,0.00057,-1e-05,0.00039,0.00122,0.00116,0.00012,0.00025,-5e-05,-0.0001,0.00113,0.0007,2e-05,-0.00027,0.00014,0.00292,-0.00012,-0.00097,-0.0003,6e-05,-0.0012,-0.00019,-0.00175
31.9,0.00146,-0.00033,7e-05,0.00032,-1e-05,-1e-05,-3e-05,0.00585,-0.00042,-0.00265,-0.01003,0.00083,0.00056,-1e-05,0.00037,0.00123,0.00114,0.00011,0.00024,-5e-05,-0.0001,0.00113,0.0007,2e-05,-0.00028,0.00014,0.00292,-0.00012,-0.00098,-0.00031,6e-05,-0.00116,-0.00017,-0.00175
31.92,0.00147,-0.00034,7e-05,0.00032,-1e-05,-1e-05,-3e-05,0.0058,-0.00042,-0.00265,-0.01004,0.00083,0.00056,-0,0.00037,0.00123,0.00113,0.00011,0.00023,-5e-05,-0.0001,0.00114,0.0007,3e-05,-0.00028,0.00014,0.00292,-0.00012,-0.00098,-0.00031,6e-05,-0.00113,-0.00017,-0.00176
31.94,0.00148,-0.00034,7e-05,0.00032,-1e-05,-1e-05,-3e-05,0.00579,-0.00042,-0.00264,-0.01005,0.00083,0.00056,-0,0.00036,0.00122,0.00112,0.00011,0.00022,-5e-05,-0.0001,0.00115,0.00071,3e-05,-0.00029,0.00014,0.00292,-0.00012,-0.00097,-0.0003,6e-05,-0.00111,-0.00016,-0.00176
31.96,0.00149,-0.00035,7e-05,0.00033,-1e-05,-1e-05,-3e-05,0.00575,-0.00042,-0.00264,-0.01005,0.00083,0.00056,0,0.00035,0.0012,0.00111,0.0001,0.0002,-5e-05,-0.0001,0.00116,0.00071,3e-05,-0.00029,0.00014,0.00292,-0.00012,-0.00097,-0.0003,6e-05,-0.00109,-0.00015,-0.00177
31.98,0.0015,-0.00035,7e-05,0.00033,-0,-0,-2e-05,0.00574,-0.00042,-0.00264,-0.01007,0.00083,0.00055,0,0.00034,0.00119,0.0011,0.0001,0.00018,-5e-05,-0.0001,0.00117,0.00071,3e-05,-0.0003,0.00014,0.00292,-0.00012,-0.00097,-0.0003,6e-05,-0.00107,-0.00015,-0.00177
32,0.0015,-0.00036,6e-05,0.00033,0,0,-2e-05,0.00567,-0.00042,-0.00264,-0.01007,0.00082,0.00055,1e-05,0.00032,0.00115,0.00108,9e-05,0.00016,-5e-05,-0.0001,0.00118,0.00072,3e-05,-0.0003,0.00014,0.00292,-0.00011,-0.00097,-0.0003,6e-05,-0.00105,-0.00014,-0.00178
32.02,0.0015,-0.00037,6e-05,0.00033,1e-05,1e-05,-1e-05,0.00548,-0.00041,-0.00263,-0.01002,0.00082,0.00054,1e-05,0.00028,0.00103,0.00106,7e-05,0.00012,-5e-05,-0.0001,0.00119,0.00072,3e-05,-0.00031,0.00014,0.00292,-0.00011,-0.00095,-0.0003,6e-05,-0.00104,-0.00014,-0.00178
32.04,0.0015,-0.00038,6e-05,0.00034,2e-05,2e-05,-0,0.00524,-0.00041,-0.00263,-0.00996,0.00082,0.00053,2e-05,0.00024,0.00089,0.00102,6e-05,8e-05,-5e-05,-0.0001,0.00121,0.00072,3e-05,-0.00031,0.00014,0.00292,-0.00011,-0.00093,-0.0003,6e-05,-0.00104,-0.00014,-0.00178
32.06,0.00149,-0.00039,5e-05,0.00034,2e-05,3e-05,0,0.00503,-0.00041,-0.00262,-0.00991,0.00082,0.00052,2e-05,0.0002,0.00076,0.00099,4e-05,4e-05,-5e-05,-0.0001,0.00122,0.00072,3e-05,-0.00031,0.00014,0.00292,-0.00011,-0.00091,-0.0003,6e-05,-0.00103,-0.00014,-0.00179
32.08,0.00149,-0.0004,5e-05,0.00034,3e-05,3e-05,1e-05,0.00485,-0.0004,-0.00262,-0.00983,0.00081,0.00052,3e-05,0.00016,0.00066,0.00097,3e-05,1e-05,-5e-05,-0.0001,0.00124,0.00072,3e-05,-0.00032,0.00014,0.00292,-0.00011,-0.00089,-0.00029,6e-05,-0.00103,-0.00013,-0.00179
32.1,0.00148,-0.00041,4e-05,0.00035,4e-05,4e-05,1e-05,0.00461,-0.0004,-0.0026,-0.00982,0.00081,0.0005,3e-05,0.00012,0.00053,0.00091,2e-05,-2e-05,-4e-05,-0.00011,0.00126,0.00072,3e-05,-0.00032,0.00014,0.00292,-0.00011,-0.00087,-0.00029,6e-05,-0.00102,-0.00013,-0.00179
32.12,0.00147,-0.0004,2e-05,0.00036,6e-05,5e-05,1e-05,0.00421,-0.00039,-0.00251,-0.01,0.0008,0.00046,4e-05,6e-05,0.00033,0.00077,1e-05,-5e-05,-1e-05,-0.00011,0.00126,0.00071,3e-05,-0.00032,0.00014,0.00292,-0.0001,-0.00087,-0.0003,6e-05,-0.00102,-0.00013,-0.00179
32.14,0.00145,-0.0004,1e-05,0.00038,9e-05,6e-05,1e-05,0.00378,-0.00039,-0.0024,-0.01025,0.00079,0.00042,4e-05,-0,0.00016,0.00063,-1e-05,-8e-05,3e-05,-0.00011,0.00126,0.00069,3e-05,-0.00033,0.00014,0.00292,-0.0001,-0.00087,-0.00031,6e-05,-0.00102,-0.00013,-0.00179
32.16,0.00143,-0.0004,-1e-05,0.00039,0.00011,7e-05,1e-05,0.00343,-0.00038,-0.0023,-0.01046,0.00079,0.00039,4e-05,-4e-05,4e-05,0.00052,-1e-05,-0.0001,6e-05,-0.00011,0.00126,0.00068,3e-05,-0.00033,0.00014,0.00292,-0.0001,-0.00086,-0.00032,6e-05,-0.00101,-0.00013,-0.00179
32.18,0.00141,-0.00039,-2e-05,0.0004,0.00014,8e-05,1e-05,0.00309,-0.00038,-0.0022,-0.01072,0.00078,0.00036,4e-05,-8e-05,-6e-05,0.00042,-1e-05,-0.00012,9e-05,-0.00011,0.00126,0.00067,3e-05,-0.00033,0.00014,0.00292,-0.0001,-0.00086,-0.00032,6e-05,-0.00101,-0.00013,-0.0018
32.2,0.00139,-0.00039,-3e-05,0.00042,0.00016,8e-05,-0,0.00282,-0.00037,-0.00212,-0.0109,0.00078,0.00033,5e-05,-0.0001,-0.00012,0.00035,1e-05,-0.00014,0.00012,-0.00011,0.00126,0.00066,3e-05,-0.00033,0.00014,0.00292,-0.0001,-0.00085,-0.00033,5e-05,-0.00101,-0.00013,-0.0018
32.22,0.00137,-0.00039,-5e-05,0.00044,0.00017,8e-05,-1e-05,0.00266,-0.00037,-0.00205,-0.01088,0.00076,0.00032,5e-05,-0.00011,-0.00015,0.00032,5e-05,-0.00014,0.00012,-0.00011,0.00129,0.00066,3e-05,-0.00034,0.00015,0.00292,-0.0001,-0.00083,-0.00033,5e-05,-0.001,-0.00013,-0.0018
32.24,0.00135,-0.00039,-6e-05,0.00046,0.00019,8e-05,-2e-05,0.00254,-0.00037,-0.00199,-0.01077,0.00075,0.00031,6e-05,-0.00012,-0.00017,0.00031,0.00011,-0.00015,0.00013,-0.00011,0.00132,0.00066,3e-05,-0.00035,0.00015,0.00292,-0.0001,-0.0008,-0.00033,5e-05,-0.00099,-0.00012,-0.0018
32.26,0.00133,-0.00039,-8e-05,0.00048,0.0002,7e-05,-3e-05,0.00242,-0.00037,-0.00193,-0.01071,0.00074,0.00031,6e-05,-0.00012,-0.00018,0.00028,0.00015,-0.00015,0.00013,-0.00011,0.00135,0.00066,3e-05,-0.00035,0.00015,0.00292,-0.0001,-0.00078,-0.00034,5e-05,-0.00098,-0.00012,-0.0018
32.28,0.00131,-0.00039,-9e-05,0.00051,0.00021,7e-05,-4e-05,0.00229,-0.00037,-0.00186,-0.01063,0.00073,0.00029,7e-05,-0.00011,-0.00019,0.00026,0.00018,-0.00015,0.00014,-0.00011,0.00138,0.00066,4e-05,-0.00036,0.00015,0.00292,-0.0001,-0.00075,-0.00034,5e-05,-0.00097,-0.00012,-0.0018
32.3,0.00129,-0.00039,-0.00011,0.00053,0.00023,7e-05,-5e-05,0.00221,-0.00037,-0.00182,-0.01057,0.00073,0.00029,8e-05,-0.0001,-0.0002,0.00024,0.0002,-0.00015,0.00014,-0.00011,0.0014,0.00066,4e-05,-0.00037,0.00015,0.00292,-0.0001,-0.00073,-0.00034,5e-05,-0.00096,-0.00012,-0.0018
32.32,0.00128,-0.00039,-0.00012,0.00055,0.00022,6e-05,-5e-05,0.00224,-0.00038,-0.00179,-0.0106,0.00074,0.00031,9e-05,-9e-05,-0.00021,0.00022,0.00019,-0.00013,0.00013,-0.00011,0.00142,0.00066,4e-05,-0.00037,0.00015,0.00292,-0.0001,-0.00072,-0.00034,5e-05,-0.00095,-0.00011,-0.0018
32.34,0.00126,-0.0004,-0.00014,0.00057,0.00021,6e-05,-6e-05,0.0023,-0.00039,-0.00178,-0.01065,0.00076,0.00033,0.0001,-7e-05,-0.00022,0.0002,0.00017,-0.00011,0.00012,-0.00011,0.00143,0.00066,3e-05,-0.00037,0.00015,0.00292,-0.0001,-0.00071,-0.00034,5e-05,-0.00094,-0.00011,-0.0018
32.36,0.00124,-0.0004,-0.00016,0.0006,0.00021,5e-05,-6e-05,0.00234,-0.00039,-0.00176,-0.01068,0.00077,0.00035,0.00011,-6e-05,-0.00022,0.00018,0.00014,-9e-05,0.00011,-0.00011,0.00145,0.00066,3e-05,-0.00037,0.00015,0.00292,-0.0001,-0.0007,-0.00035,4e-05,-0.00093,-0.00011,-0.0018
32.38,0.00122,-0.00041,-0.00017,0.00062,0.0002,5e-05,-7e-05,0.00239,-0.0004,-0.00174,-0.01073,0.00079,0.00037,0.00012,-4e-05,-0.00022,0.00016,0.00011,-7e-05,0.00011,-0.00011,0.00146,0.00066,3e-05,-0.00038,0.00015,0.00292,-0.0001,-0.00069,-0.00035,4e-05,-0.00092,-0.00011,-0.0018
32.4,0.0012,-0.00041,-0.00018,0.00065,0.0002,5e-05,-7e-05,0.00243,-0.0004,-0.00172,-0.01075,0.00079,0.00038,0.00012,-2e-05,-0.00022,0.00013,7e-05,-5e-05,0.00011,-0.00012,0.00147,0.00066,3e-05,-0.00038,0.00015,0.00292,-0.0001,-0.00068,-0.00036,4e-05,-0.00092,-0.00011,-0.0018
32.42,0.00119,-0.00042,-0.0002,0.00069,0.0002,6e-05,-7e-05,0.00242,-0.0004,-0.00173,-0.01065,0.00078,0.00036,0.00013,-1e-05,-0.00021,0.0001,3e-05,-2e-05,0.00012,-0.00012,0.00148,0.00065,3e-05,-0.00037,0.00015,0.00292,-0.0001,-0.00068,-0.00036,4e-05,-0.00091,-0.00011,-0.0018
32.44,0.00117,-0.00044,-0.00021,0.00074,0.0002,7e-05,-7e-05,0.0024,-0.00039,-0.00173,-0.01052,0.00076,0.00033,0.00012,1e-05,-0.0002,6e-05,-1e-05,1e-05,0.00013,-0.00012,0.00149,0.00064,3e-05,-0.00037,0.00015,0.00292,-0.0001,-0.00067,-0.00037,4e-05,-0.0009,-0.00011,-0.00179
32.46,0.00116,-0.00045,-0.00022,0.00079,0.0002,7e-05,-7e-05,0.00239,-0.00038,-0.00173,-0.01041,0.00074,0.00031,0.00012,2e-05,-0.00018,3e-05,-6e-05,5e-05,0.00014,-0.00012,0.0015,0.00063,3e-05,-0.00037,0.00015,0.00292,-0.0001,-0.00066,-0.00038,4e-05,-0.0009,-0.0001,-0.00179
32.48,0.00114,-0.00046,-0.00023,0.00083,0.00021,8e-05,-8e-05,0.00238,-0.00037,-0.00174,-0.01028,0.00072,0.00029,0.00011,3e-05,-0.00017,1e-05,-0.0001,7e-05,0.00015,-0.00012,0.00151,0.00062,3e-05,-0.00036,0.00015,0.00292,-0.0001,-0.00066,-0.00039,4e-05,-0.00089,-0.0001,-0.00179
32.5,0.00113,-0.00047,-0.00024,0.00088,0.00022,8e-05,-8e-05,0.00236,-0.00036,-0.00173,-0.01019,0.00071,0.00027,9e-05,4e-05,-0.00015,-0,-0.00015,0.00011,0.00016,-0.00012,0.00152,0.00061,4e-05,-0.00036,0.00015,0.00292,-0.0001,-0.00065,-0.0004,4e-05,-0.00088,-0.0001,-0.00179
32.52,0.00111,-0.00049,-0.00022,0.00095,0.00023,9e-05,-9e-05,0.00231,-0.00035,-0.00169,-0.01017,0.00071,0.00027,8e-05,5e-05,-0.00011,-1e-05,-0.00024,0.00015,0.00018,-0.00012,0.00153,0.00059,4e-05,-0.00035,0.00015,0.00292,-0.0001,-0.00063,-0.00041,4e-05,-0.00088,-0.0001,-0.00179
32.54,0.00109,-0.00051,-0.00019,0.00104,0.00024,9e-05,-9e-05,0.00226,-0.00035,-0.00163,-0.01018,0.00072,0.00028,6e-05,6e-05,-6e-05,-1e-05,-0.00033,0.00019,0.00019,-0.00013,0.00154,0.00058,4e-05,-0.00034,0.00015,0.00292,-0.0001,-0.00061,-0.00042,4e-05,-0.00087,-0.0001,-0.00179
32.56,0.00108,-0.00052,-0.00016,0.00113,0.00025,0.0001,-9e-05,0.00221,-0.00034,-0.00159,-0.01017,0.00072,0.00028,4e-05,7e-05,-1e-05,-1e-05,-0.00038,0.00022,0.00021,-0.00013,0.00155,0.00056,4e-05,-0.00034,0.00014,0.00292,-0.0001,-0.0006,-0.00042,4e-05,-0.00086,-0.0001,-0.00178
32.58,0.00106,-0.00054,-0.00014,0.00124,0.00026,0.0001,-9e-05,0.00216,-0.00033,-0.00154,-0.01017,0.00072,0.00028,3e-05,7e-05,3e-05,-0,-0.00043,0.00025,0.00022,-0.00013,0.00157,0.00055,4e-05,-0.00033,0.00014,0.00292,-0.0001,-0.00058,-0.00043,3e-05,-0.00085,-0.0001,-0.00178
32.6,0.00105,-0.00054,-0.00011,0.00135,0.00027,0.0001,-9e-05,0.00211,-0.00033,-0.00149,-0.01016,0.00073,0.00028,1e-05,8e-05,7e-05,1e-05,-0.00045,0.00027,0.00022,-0.00013,0.00157,0.00053,4e-05,-0.00032,0.00014,0.00292,-0.0001,-0.00057,-0.00044,4e-05,-0.00085,-0.0001,-0.00178
32.62,0.00104,-0.00054,-7e-05,0.00146,0.00029,0.0001,-9e-05,0.00201,-0.00034,-0.00145,-0.01008,0.00073,0.00028,-1e-05,8e-05,0.00012,4e-05,-0.00038,0.00026,0.00019,-0.00013,0.00155,0.00051,4e-05,-0.00031,0.00014,0.00292,-0.0001,-0.00057,-0.00044,4e-05,-0.00084,-0.0001,-0.00178
32.64,0.00103,-0.00053,-1e-05,0.00157,0.00033,0.00011,-9e-05,0.00191,-0.00034,-0.0014,-0.00998,0.00073,0.00028,-2e-05,9e-05,0.00017,8e-05,-0.00029,0.00025,0.00014,-0.00014,0.00152,0.00049,4e-05,-0.0003,0.00014,0.00292,-0.0001,-0.00057,-0.00045,4e-05,-0.00083,-0.0001,-0.00177
32.66,0.00102,-0.00051,3e-05,0.00169,0.00036,0.00011,-8e-05,0.00182,-0.00035,-0.00136,-0.0099,0.00073,0.00028,-3e-05,9e-05,0.00021,0.00011,-0.00022,0.00024,0.00011,-0.00014,0.00149,0.00048,4e-05,-0.00029,0.00014,0.00292,-0.0001,-0.00057,-0.00045,4e-05,-0.00082,-0.0001,-0.00177
32.68,0.00101,-0.00051,7e-05,0.00182,0.00039,0.00011,-8e-05,0.00172,-0.00035,-0.00132,-0.00981,0.00073,0.00027,-4e-05,0.0001,0.00024,0.00014,-0.00016,0.00023,8e-05,-0.00014,0.00146,0.00046,4e-05,-0.00028,0.00014,0.00292,-0.0001,-0.00057,-0.00046,4e-05,-0.00082,-9e-05,-0.00177
32.7,0.00101,-0.00049,0.00011,0.00194,0.00041,0.00012,-7e-05,0.00165,-0.00036,-0.00129,-0.00974,0.00073,0.00027,-5e-05,0.0001,0.00027,0.00017,-0.00012,0.00022,5e-05,-0.00014,0.00143,0.00044,4e-05,-0.00027,0.00014,0.00292,-0.0001,-0.00057,-0.00046,4e-05,-0.00081,-9e-05,-0.00177
32.72,0.00101,-0.00045,0.00013,0.00198,0.00043,0.00012,-6e-05,0.00162,-0.00036,-0.00128,-0.00972,0.00073,0.00027,-6e-05,0.00011,0.00029,0.00021,-0.0001,0.0002,5e-05,-0.00014,0.0014,0.00043,4e-05,-0.00027,0.00013,0.00292,-0.00011,-0.00058,-0.00046,4e-05,-0.0008,-9e-05,-0.00177
32.74,0.00102,-0.0004,0.00014,0.002,0.00044,0.00011,-6e-05,0.00161,-0.00037,-0.00128,-0.00972,0.00073,0.00027,-6e-05,0.00012,0.00031,0.00025,-9e-05,0.00018,6e-05,-0.00014,0.00136,0.00042,4e-05,-0.00026,0.00013,0.00292,-0.00011,-0.00058,-0.00046,4e-05,-0.0008,-9e-05,-0.00177
32.76,0.00103,-0.00036,0.00016,0.00203,0.00046,0.00011,-5e-05,0.00159,-0.00037,-0.00127,-0.00971,0.00073,0.00027,-5e-05,0.00012,0.00032,0.00028,-0.0001,0.00017,6e-05,-0.00014,0.00133,0.00041,4e-05,-0.00025,0.00013,0.00292,-0.00011,-0.00059,-0.00045,4e-05,-0.00079,-9e-05,-0.00177
32.78,0.00104,-0.00032,0.00018,0.00206,0.00047,0.00011,-5e-05,0.00157,-0.00038,-0.00127,-0.0097,0.00073,0.00027,-4e-05,0.00012,0.00034,0.00031,-0.0001,0.00016,7e-05,-0.00014,0.00129,0.0004,4e-05,-0.00025,0.00013,0.00292,-0.00011,-0.00059,-0.00045,4e-05,-0.00078,-9e-05,-0.00177
32.8,0.00104,-0.00028,0.0002,0.00209,0.00048,0.00012,-5e-05,0.00155,-0.00038,-0.00126,-0.0097,0.00073,0.00028,-3e-05,0.00012,0.00034,0.00033,-0.00012,0.00015,7e-05,-0.00014,0.00126,0.00039,4e-05,-0.00024,0.00013,0.00292,-0.00011,-0.00059,-0.00044,4e-05,-0.00077,-8e-05,-0.00178
32.82,0.00104,-0.00025,0.00021,0.00211,0.00049,0.00012,-4e-05,0.00153,-0.00038,-0.00126,-0.0097,0.00073,0.00028,-2e-05,0.00012,0.00033,0.00033,-0.00014,0.00014,8e-05,-0.00014,0.00124,0.0004,4e-05,-0.00025,0.00013,0.00292,-0.00011,-0.00059,-0.00043,4e-05,-0.00077,-8e-05,-0.00178
32.84,0.00104,-0.00022,0.00023,0.00213,0.0005,0.00012,-4e-05,0.00152,-0.00038,-0.00125,-0.0097,0.00073,0.00028,-0,0.00011,0.00031,0.00033,-0.00017,0.00014,0.0001,-0.00014,0.00123,0.00041,4e-05,-0.00025,0.00013,0.00292,-0.00011,-0.00058,-0.00041,4e-05,-0.00077,-8e-05,-0.00178
32.86,0.00104,-0.0002,0.00024,0.00215,0.00052,0.00012,-4e-05,0.00151,-0.00038,-0.00125,-0.0097,0.00073,0.00028,2e-05,0.0001,0.00029,0.00032,-0.0002,0.00013,0.00011,-0.00014,0.00122,0.00041,4e-05,-0.00025,0.00013,0.00292,-0.00011,-0.00058,-0.0004,5e-05,-0.00076,-8e-05,-0.00179
32.88,0.00104,-0.00017,0.00026,0.00217,0.00053,0.00012,-4e-05,0.0015,-0.00038,-0.00124,-0.00971,0.00073,0.00028,3e-05,0.0001,0.00027,0.00032,-0.00022,0.00013,0.00012,-0.00014,0.00121,0.00042,3e-05,-0.00025,0.00013,0.00292,-0.00011,-0.00057,-0.00039,5e-05,-0.00076,-8e-05,-0.00179
32.9,0.00104,-0.00014,0.00027,0.0022,0.00054,0.00012,-5e-05,0.00149,-0.00038,-0.00124,-0.00971,0.00073,0.00028,5e-05,9e-05,0.00025,0.0003,-0.00025,0.00014,0.00013,-0.00014,0.00121,0.00043,3e-05,-0.00026,0.00013,0.00292,-0.00011,-0.00057,-0.00038,5e-05,-0.00076,-8e-05,-0.00179
32.92,0.00103,-0.00013,0.00028,0.00223,0.00055,0.00012,-5e-05,0.00149,-0.00038,-0.00124,-0.00973,0.00073,0.00028,7e-05,8e-05,0.00022,0.00025,-0.00028,0.00015,0.00014,-0.00013,0.00121,0.00044,3e-05,-0.00026,0.00013,0.00292,-0.00011,-0.00056,-0.00037,5e-05,-0.00076,-8e-05,-0.00179
32.94,0.00103,-0.00013,0.00029,0.00226,0.00056,0.00012,-5e-05,0.0015,-0.00037,-0.00124,-0.00975,0.00073,0.00028,9e-05,6e-05,0.00018,0.00019,-0.00031,0.00016,0.00015,-0.00013,0.00123,0.00045,3e-05,-0.00027,0.00013,0.00292,-0.00011,-0.00055,-0.00036,5e-05,-0.00076,-8e-05,-0.0018
32.96,0.00103,-0.00012,0.0003,0.00229,0.00057,0.00012,-5e-05,0.00151,-0.00037,-0.00125,-0.00977,0.00073,0.00028,0.0001,5e-05,0.00015,0.00014,-0.00033,0.00017,0.00016,-0.00013,0.00124,0.00046,3e-05,-0.00027,0.00014,0.00292,-0.00011,-0.00055,-0.00035,5e-05,-0.00076,-8e-05,-0.0018
32.98,0.00103,-0.00011,0.00031,0.00232,0.00059,0.00012,-5e-05,0.00152,-0.00037,-0.00125,-0.00978,0.00073,0.00028,0.00011,4e-05,0.00012,9e-05,-0.00036,0.00018,0.00017,-0.00013,0.00124,0.00047,3e-05,-0.00028,0.00014,0.00292,-0.00011,-0.00054,-0.00034,5e-05,-0.00076,-8e-05,-0.0018
33,0.00103,-0.0001,0.00032,0.00235,0.0006,0.00012,-5e-05,0.00153,-0.00037,-0.00125,-0.0098,0.00073,0.00028,0.00012,4e-05,0.0001,5e-05,-0.00037,0.00019,0.00018,-0.00013,0.00125,0.00048,3e-05,-0.00028,0.00014,0.00292,-0.00011,-0.00053,-0.00033,5e-05,-0.00076,-8e-05,-0.0018
33.02,0.00103,-0.00011,0.00032,0.00237,0.00061,0.00012,-5e-05,0.00154,-0.00036,-0.00126,-0.00983,0.00073,0.00028,0.00013,3e-05,9e-05,1e-05,-0.00037,0.00019,0.00018,-0.00013,0.00127,0.00049,3e-05,-0.00029,0.00014,0.00292,-0.00011,-0.00053,-0.00033,5e-05,-0.00076,-8e-05,-0.0018
33.04,0.00103,-0.00012,0.00032,0.00239,0.00061,0.00011,-5e-05,0.00155,-0.00036,-0.00126,-0.00986,0.00073,0.00028,0.00013,3e-05,7e-05,-3e-05,-0.00036,0.0002,0.00017,-0.00013,0.00129,0.0005,3e-05,-0.00029,0.00014,0.00292,-0.00011,-0.00052,-0.00032,5e-05,-0.00077,-8e-05,-0.0018
33.06,0.00103,-0.00014,0.00033,0.00241,0.00062,0.00011,-5e-05,0.00156,-0.00036,-0.00127,-0.0099,0.00073,0.00028,0.00013,2e-05,6e-05,-6e-05,-0.00035,0.0002,0.00017,-0.00013,0.0013,0.0005,3e-05,-0.0003,0.00014,0.00292,-0.00011,-0.00052,-0.00032,5e-05,-0.00077,-8e-05,-0.0018
33.08,0.00104,-0.00015,0.00033,0.00243,0.00062,0.00011,-5e-05,0.00158,-0.00036,-0.00128,-0.00993,0.00073,0.00028,0.00013,2e-05,6e-05,-9e-05,-0.00035,0.00021,0.00017,-0.00013,0.00132,0.00051,3e-05,-0.0003,0.00014,0.00292,-0.00011,-0.00051,-0.00031,5e-05,-0.00077,-8e-05,-0.0018
33.1,0.00104,-0.00016,0.00033,0.00244,0.00063,0.00011,-5e-05,0.00159,-0.00036,-0.00128,-0.00996,0.00073,0.00029,0.00013,2e-05,5e-05,-0.00011,-0.00034,0.00022,0.00017,-0.00013,0.00134,0.00052,3e-05,-0.0003,0.00014,0.00292,-0.00011,-0.0005,-0.00031,5e-05,-0.00078,-8e-05,-0.0018
33.12,0.00105,-0.00018,0.00033,0.00245,0.00063,0.0001,-5e-05,0.00159,-0.00036,-0.00129,-0.00997,0.00073,0.00029,0.00012,2e-05,5e-05,-0.00012,-0.00033,0.00023,0.00016,-0.00012,0.00134,0.00052,3e-05,-0.0003,0.00014,0.00292,-0.00011,-0.00051,-0.00031,5e-05,-0.00078,-8e-05,-0.0018
33.14,0.00106,-0.00019,0.00034,0.00246,0.00063,0.0001,-5e-05,0.00159,-0.00036,-0.00129,-0.00997,0.00073,0.00029,0.00011,3e-05,5e-05,-0.00014,-0.00031,0.00024,0.00015,-0.00012,0.00134,0.00053,3e-05,-0.0003,0.00014,0.00292,-0.00011,-0.00051,-0.00031,5e-05,-0.00078,-8e-05,-0.0018
33.16,0.00107,-0.00021,0.00034,0.00246,0.00063,0.0001,-5e-05,0.00159,-0.00035,-0.0013,-0.00998,0.00073,0.00029,0.0001,3e-05,5e-05,-0.00015,-0.0003,0.00026,0.00014,-0.00012,0.00134,0.00053,3e-05,-0.0003,0.00014,0.00292,-0.00011,-0.00051,-0.00031,5e-05,-0.00079,-8e-05,-0.0018
33.18,0.00108,-0.00023,0.00034,0.00247,0.00063,0.0001,-5e-05,0.00159,-0.00035,-0.0013,-0.00998,0.00073,0.00029,9e-05,3e-05,5e-05,-0.00017,-0.00029,0.00027,0.00013,-0.00012,0.00135,0.00053,3e-05,-0.0003,0.00014,0.00292,-0.00011,-0.00051,-0.00031,5e-05,-0.00079,-8e-05,-0.0018
33.2,0.00109,-0.00025,0.00035,0.00247,0.00063,0.0001,-5e-05,0.00159,-0.00035,-0.00131,-0.00999,0.00073,0.00029,8e-05,3e-05,4e-05,-0.00018,-0.00028,0.00028,0.00012,-0.00012,0.00135,0.00053,3e-05,-0.0003,0.00014,0.00292,-0.00011,-0.00052,-0.00032,5e-05,-0.0008,-8e-05,-0.0018
33.22,0.0011,-0.00025,0.00035,0.00249,0.00064,9e-05,-5e-05,0.00161,-0.00035,-0.00132,-0.00999,0.00073,0.00029,7e-05,3e-05,4e-05,-0.00019,-0.00027,0.00029,0.00012,-0.00012,0.00134,0.00053,3e-05,-0.00029,0.00014,0.00292,-0.00011,-0.00053,-0.00032,5e-05,-0.0008,-9e-05,-0.0018
33.24,0.00112,-0.00026,0.00036,0.00251,0.00065,9e-05,-5e-05,0.00163,-0.00035,-0.00134,-0.01,0.00073,0.00029,6e-05,3e-05,4e-05,-0.0002,-0.00025,0.00029,0.00011,-0.00012,0.00133,0.00053,3e-05,-0.00029,0.00014,0.00292,-0.00011,-0.00054,-0.00033,5e-05,-0.00081,-9e-05,-0.0018
33.26,0.00113,-0.00027,0.00037,0.00252,0.00065,9e-05,-5e-05,0.00164,-0.00035,-0.00135,-0.01001,0.00073,0.00029,5e-05,3e-05,4e-05,-0.00021,-0.00024,0.00029,0.00011,-0.00012,0.00133,0.00052,3e-05,-0.00029,0.00014,0.00292,-0.00011,-0.00056,-0.00034,5e-05,-0.00081,-9e-05,-0.0018
33.28,0.00114,-0.00027,0.00038,0.00254,0.00066,9e-05,-5e-05,0.00166,-0.00035,-0.00136,-0.01001,0.00073,0.00029,5e-05,2e-05,3e-05,-0.00023,-0.00022,0.00029,0.00011,-0.00012,0.00132,0.00052,3e-05,-0.00029,0.00014,0.00292,-0.00011,-0.00057,-0.00035,5e-05,-0.00082,-9e-05,-0.0018
33.3,0.00115,-0.00028,0.00039,0.00256,0.00066,9e-05,-5e-05,0.00167,-0.00035,-0.00137,-0.01002,0.00073,0.00029,5e-05,2e-05,3e-05,-0.00025,-0.00021,0.00029,0.0001,-0.00012,0.00131,0.00052,3e-05,-0.00029,0.00014,0.00292,-0.00011,-0.00058,-0.00035,5e-05,-0.00082,-9e-05,-0.0018
33.32,0.00115,-0.00027,0.00039,0.00258,0.00067,0.0001,-5e-05,0.00167,-0.00035,-0.00138,-0.01003,0.00073,0.00029,5e-05,2e-05,2e-05,-0.00028,-0.00018,0.00029,9e-05,-0.00012,0.00131,0.00052,3e-05,-0.00029,0.00014,0.00292,-0.00011,-0.0006,-0.00036,5e-05,-0.00083,-9e-05,-0.0018
33.34,0.00115,-0.00026,0.0004,0.00259,0.00067,0.0001,-5e-05,0.00167,-0.00035,-0.00139,-0.01004,0.00073,0.00029,4e-05,1e-05,2e-05,-0.00031,-0.00015,0.00029,8e-05,-0.00012,0.00131,0.00052,3e-05,-0.00029,0.00014,0.00292,-0.00011,-0.00062,-0.00037,5e-05,-0.00083,-9e-05,-0.0018
33.36,0.00116,-0.00026,0.0004,0.00261,0.00068,0.0001,-5e-05,0.00166,-0.00035,-0.0014,-0.01005,0.00073,0.00029,4e-05,1e-05,1e-05,-0.00034,-0.00012,0.00028,7e-05,-0.00012,0.0013,0.00052,3e-05,-0.00029,0.00014,0.00292,-0.00011,-0.00064,-0.00038,5e-05,-0.00084,-9e-05,-0.0018
33.38,0.00116,-0.00025,0.00041,0.00263,0.00068,0.0001,-5e-05,0.00166,-0.00035,-0.0014,-0.01006,0.00073,0.00029,4e-05,0,1e-05,-0.00038,-0.0001,0.00027,6e-05,-0.00012,0.0013,0.00052,3e-05,-0.00029,0.00014,0.00292,-0.00011,-0.00066,-0.00039,5e-05,-0.00085,-9e-05,-0.00179
33.4,0.00116,-0.00024,0.00041,0.00265,0.00069,0.00011,-5e-05,0.00166,-0.00035,-0.00141,-0.01007,0.00073,0.00029,4e-05,-0,2e-05,-0.00042,-8e-05,0.00024,6e-05,-0.00012,0.00129,0.00052,3e-05,-0.00029,0.00014,0.00292,-0.00011,-0.00068,-0.00039,5e-05,-0.00085,-0.0001,-0.00179
33.42,0.00116,-0.00024,0.00041,0.00265,0.00069,0.00011,-5e-05,0.00166,-0.00035,-0.00141,-0.01007,0.00073,0.00029,3e-05,-1e-05,3e-05,-0.00047,-6e-05,0.0002,6e-05,-0.00012,0.0013,0.00052,3e-05,-0.00029,0.00014,0.00292,-0.00011,-0.00069,-0.00039,5e-05,-0.00085,-0.0001,-0.00179
33.44,0.00116,-0.00022,0.00041,0.00265,0.00068,0.00011,-5e-05,0.00166,-0.00035,-0.00142,-0.01007,0.00073,0.00029,2e-05,-1e-05,4e-05,-0.00053,-4e-05,0.00015,6e-05,-0.00012,0.0013,0.00053,3e-05,-0.00029,0.00014,0.00292,-0.00011,-0.00069,-0.00039,5e-05,-0.00085,-0.0001,-0.00179
33.46,0.00116,-0.00022,0.00041,0.00265,0.00068,0.00011,-5e-05,0.00166,-0.00035,-0.00142,-0.01007,0.00073,0.00029,1e-05,-1e-05,6e-05,-0.0006,-2e-05,0.00011,6e-05,-0.00012,0.00131,0.00053,3e-05,-0.0003,0.00014,0.00292,-0.00011,-0.0007,-0.00039,5e-05,-0.00085,-0.0001,-0.00179
33.48,0.00116,-0.0002,0.00041,0.00265,0.00068,0.00011,-5e-05,0.00166,-0.00035,-0.00142,-0.01007,0.00073,0.00029,-1e-05,-2e-05,8e-05,-0.00066,-1e-05,6e-05,7e-05,-0.00012,0.00131,0.00053,3e-05,-0.0003,0.00014,0.00292,-0.00011,-0.0007,-0.00039,5e-05,-0.00086,-0.0001,-0.00179
33.5,0.00116,-0.0002,0.00041,0.00264,0.00068,0.00011,-5e-05,0.00166,-0.00035,-0.00142,-0.01007,0.00073,0.00029,-3e-05,-2e-05,0.0001,-0.00074,1e-05,2e-05,7e-05,-0.00012,0.00132,0.00054,3e-05,-0.0003,0.00014,0.00292,-0.00011,-0.00071,-0.00039,5e-05,-0.00086,-0.0001,-0.00179
33.52,0.00116,-0.0002,0.00041,0.00264,0.00068,0.00011,-5e-05,0.00166,-0.00035,-0.00143,-0.01007,0.00073,0.00029,-5e-05,-2e-05,0.00013,-0.00082,3e-05,-3e-05,8e-05,-0.00012,0.00132,0.00055,3e-05,-0.00031,0.00014,0.00292,-0.00011,-0.0007,-0.00038,5e-05,-0.00085,-0.0001,-0.00179
33.54,0.00116,-0.0002,0.00041,0.00264,0.00068,0.00011,-5e-05,0.00166,-0.00035,-0.00143,-0.01007,0.00073,0.00029,-7e-05,-2e-05,0.00017,-0.00091,5e-05,-7e-05,9e-05,-0.00012,0.00132,0.00055,3e-05,-0.00031,0.00014,0.00292,-0.00011,-0.00069,-0.00037,5e-05,-0.00085,-0.0001,-0.00179
33.56,0.00116,-0.0002,0.00041,0.00264,0.00068,0.00011,-5e-05,0.00166,-0.00035,-0.00144,-0.01007,0.00073,0.00029,-9e-05,-2e-05,0.00021,-0.00101,7e-05,-0.00011,0.0001,-0.00012,0.00133,0.00056,3e-05,-0.00031,0.00014,0.00292,-0.00011,-0.00068,-0.00036,5e-05,-0.00085,-0.0001,-0.00179
33.58,0.00116,-0.0002,0.00041,0.00264,0.00068,0.00011,-5e-05,0.00166,-0.00035,-0.00144,-0.01007,0.00073,0.00029,-0.00011,-2e-05,0.00024,-0.00114,8e-05,-0.00015,0.00011,-0.00012,0.00133,0.00057,3e-05,-0.00031,0.00014,0.00292,-0.00011,-0.00067,-0.00035,5e-05,-0.00085,-0.0001,-0.00179
33.6,0.00116,-0.0002,0.00041,0.00264,0.00068,0.00011,-5e-05,0.00166,-0.00035,-0.00145,-0.01007,0.00073,0.00029,-0.00013,-2e-05,0.00026,-0.00126,0.0001,-0.00018,0.00011,-0.00012,0.00134,0.00058,3e-05,-0.00031,0.00014,0.00292,-0.00011,-0.00066,-0.00034,5e-05,-0.00085,-9e-05,-0.00179
33.62,0.00115,-0.00021,0.00042,0.00264,0.00068,0.00012,-5e-05,0.00166,-0.00035,-0.00146,-0.01008,0.00073,0.00029,-0.00015,-3e-05,0.0003,-0.00135,0.00012,-0.0002,0.0001,-0.00012,0.00134,0.00058,3e-05,-0.00031,0.00014,0.00292,-0.00011,-0.00065,-0.00033,5e-05,-0.00085,-9e-05,-0.00179
33.64,0.00115,-0.00022,0.00042,0.00264,0.00068,0.00012,-5e-05,0.00166,-0.00035,-0.00147,-0.01009,0.00073,0.00029,-0.00015,-3e-05,0.00034,-0.00142,0.00014,-0.00021,8e-05,-0.00012,0.00134,0.00059,3e-05,-0.00032,0.00014,0.00292,-0.00011,-0.00064,-0.00032,5e-05,-0.00085,-9e-05,-0.0018
33.66,0.00114,-0.00022,0.00043,0.00264,0.00068,0.00012,-5e-05,0.00166,-0.00035,-0.00148,-0.01011,0.00073,0.00029,-0.00016,-3e-05,0.00037,-0.0015,0.00015,-0.00023,7e-05,-0.00012,0.00135,0.00059,3e-05,-0.00032,0.00014,0.00292,-0.00011,-0.00063,-0.00032,5e-05,-0.00085,-9e-05,-0.0018
33.68,0.00114,-0.00023,0.00043,0.00264,0.00068,0.00012,-5e-05,0.00166,-0.00035,-0.0015,-0.01012,0.00073,0.00029,-0.00015,-2e-05,0.0004,-0.0016,0.00016,-0.00024,5e-05,-0.00011,0.00135,0.0006,3e-05,-0.00032,0.00014,0.00292,-0.00011,-0.00062,-0.00031,5e-05,-0.00084,-9e-05,-0.0018
33.7,0.00113,-0.00024,0.00043,0.00264,0.00067,0.00012,-5e-05,0.00166,-0.00035,-0.00151,-0.01013,0.00073,0.00029,-0.00013,-2e-05,0.00043,-0.00169,0.00016,-0.00024,4e-05,-0.00011,0.00135,0.0006,3e-05,-0.00032,0.00014,0.00292,-0.00011,-0.00062,-0.0003,5e-05,-0.00085,-9e-05,-0.0018
33.72,0.00113,-0.00024,0.00044,0.00264,0.00067,0.00012,-5e-05,0.00164,-0.00035,-0.00151,-0.01012,0.00073,0.00029,-0.00012,-2e-05,0.00044,-0.00173,0.00014,-0.00024,3e-05,-0.00011,0.00134,0.0006,3e-05,-0.00032,0.00014,0.00292,-0.00011,-0.00062,-0.0003,6e-05,-0.00085,-9e-05,-0.0018
33.74,0.00112,-0.00023,0.00045,0.00263,0.00067,0.00012,-5e-05,0.00163,-0.00035,-0.00152,-0.01011,0.00073,0.00029,-9e-05,-2e-05,0.00043,-0.00175,0.00012,-0.00024,3e-05,-0.00012,0.00133,0.0006,3e-05,-0.00032,0.00014,0.00292,-0.00011,-0.00063,-0.0003,6e-05,-0.00085,-0.0001,-0.0018
33.76,0.00111,-0.00023,0.00045,0.00263,0.00067,0.00012,-5e-05,0.00162,-0.00035,-0.00152,-0.0101,0.00073,0.00029,-7e-05,-2e-05,0.00043,-0.00179,0.0001,-0.00023,2e-05,-0.00012,0.00132,0.0006,3e-05,-0.00032,0.00014,0.00292,-0.00011,-0.00063,-0.00031,6e-05,-0.00086,-0.0001,-0.0018
33.78,0.0011,-0.00023,0.00046,0.00263,0.00066,0.00012,-5e-05,0.0016,-0.00035,-0.00152,-0.01008,0.00073,0.00029,-5e-05,-1e-05,0.00044,-0.00183,8e-05,-0.00023,2e-05,-0.00012,0.00132,0.00059,3e-05,-0.00032,0.00014,0.00292,-0.00011,-0.00064,-0.00031,6e-05,-0.00086,-0.0001,-0.0018
33.8,0.00109,-0.00023,0.00046,0.00262,0.00066,0.00012,-5e-05,0.00159,-0.00035,-0.00153,-0.01007,0.00073,0.00029,-2e-05,-1e-05,0.00044,-0.00185,7e-05,-0.00022,1e-05,-0.00012,0.00131,0.00059,3e-05,-0.00032,0.00014,0.00292,-0.00011,-0.00065,-0.00031,6e-05,-0.00087,-0.0001,-0.0018
33.82,0.00109,-0.00024,0.00046,0.00261,0.00065,0.00012,-5e-05,0.00161,-0.00035,-0.00154,-0.01005,0.00073,0.00028,0,0,0.00041,-0.00186,6e-05,-0.00021,2e-05,-0.00012,0.0013,0.00059,3e-05,-0.00032,0.00014,0.00292,-0.00011,-0.00066,-0.00031,6e-05,-0.00087,-0.0001,-0.0018
33.84,0.00108,-0.00024,0.00046,0.0026,0.00064,0.00011,-5e-05,0.00162,-0.00034,-0.00155,-0.01004,0.00073,0.00028,2e-05,1e-05,0.00037,-0.00185,6e-05,-0.0002,2e-05,-0.00012,0.00129,0.0006,3e-05,-0.00032,0.00014,0.00292,-0.00011,-0.00068,-0.00031,6e-05,-0.00087,-0.0001,-0.0018
33.86,0.00108,-0.00025,0.00046,0.00259,0.00064,0.00011,-5e-05,0.00164,-0.00034,-0.00155,-0.01002,0.00073,0.00028,4e-05,2e-05,0.00035,-0.00184,6e-05,-0.00019,2e-05,-0.00012,0.00127,0.0006,3e-05,-0.00032,0.00014,0.00292,-0.00011,-0.00069,-0.00031,6e-05,-0.00088,-0.0001,-0.0018
33.88,0.00107,-0.00025,0.00046,0.00259,0.00063,0.0001,-5e-05,0.00166,-0.00034,-0.00156,-0.01001,0.00073,0.00028,5e-05,3e-05,0.00032,-0.00184,6e-05,-0.00018,2e-05,-0.00012,0.00126,0.0006,3e-05,-0.00032,0.00014,0.00292,-0.00011,-0.0007,-0.00031,6e-05,-0.00088,-0.0001,-0.0018
33.9,0.00107,-0.00025,0.00045,0.00257,0.00062,0.0001,-5e-05,0.00168,-0.00034,-0.00157,-0.00999,0.00073,0.00028,6e-05,4e-05,0.00031,-0.00184,6e-05,-0.00017,2e-05,-0.00011,0.00125,0.0006,3e-05,-0.00032,0.00014,0.00292,-0.00011,-0.00071,-0.00031,6e-05,-0.00088,-0.0001,-0.0018
33.92,0.00107,-0.00026,0.00044,0.00253,0.00061,9e-05,-5e-05,0.0017,-0.00034,-0.00158,-0.01,0.00073,0.00028,6e-05,4e-05,0.0003,-0.0018,7e-05,-0.00017,3e-05,-0.00011,0.00126,0.0006,3e-05,-0.00032,0.00014,0.00292,-0.00011,-0.00071,-0.00031,6e-05,-0.00088,-0.0001,-0.0018
33.94,0.00106,-0.00028,0.00042,0.00249,0.0006,9e-05,-6e-05,0.00174,-0.00034,-0.00158,-0.01,0.00074,0.00029,7e-05,5e-05,0.0003,-0.00177,8e-05,-0.00016,3e-05,-0.00011,0.00127,0.00061,3e-05,-0.00032,0.00014,0.00292,-0.00011,-0.0007,-0.0003,5e-05,-0.00088,-0.0001,-0.0018
33.96,0.00106,-0.00029,0.0004,0.00245,0.00058,8e-05,-6e-05,0.00177,-0.00034,-0.00158,-0.01001,0.00074,0.00029,7e-05,6e-05,0.0003,-0.00173,9e-05,-0.00016,3e-05,-0.00011,0.00127,0.00061,3e-05,-0.00032,0.00014,0.00292,-0.00011,-0.0007,-0.0003,5e-05,-0.00088,-0.0001,-0.0018
33.98,0.00105,-0.0003,0.00038,0.00241,0.00057,8e-05,-6e-05,0.0018,-0.00034,-0.00159,-0.01001,0.00074,0.00029,7e-05,6e-05,0.00029,-0.0017,9e-05,-0.00016,3e-05,-0.00011,0.00128,0.00061,3e-05,-0.00032,0.00014,0.00292,-0.00011,-0.00069,-0.0003,5e-05,-0.00087,-0.0001,-0.0018
34,0.00105,-0.00031,0.00036,0.00237,0.00055,8e-05,-6e-05,0.00183,-0.00034,-0.00159,-0.01002,0.00074,0.00029,7e-05,7e-05,0.00029,-0.00167,0.0001,-0.00016,3e-05,-0.00011,0.00128,0.00062,3e-05,-0.00032,0.00014,0.00292,-0.00011,-0.00069,-0.0003,5e-05,-0.00087,-0.0001,-0.0018
34.02,0.00104,-0.00032,0.00032,0.0023,0.00053,8e-05,-6e-05,0.00186,-0.00034,-0.00161,-0.01003,0.00075,0.00029,8e-05,7e-05,0.0003,-0.00164,0.00011,-0.00016,4e-05,-0.00011,0.00129,0.00062,3e-05,-0.00032,0.00014,0.00292,-0.00011,-0.00068,-0.00029,5e-05,-0.00087,-0.0001,-0.0018
34.04,0.00103,-0.00033,0.00028,0.00224,0.0005,8e-05,-6e-05,0.00189,-0.00034,-0.00163,-0.01003,0.00075,0.0003,8e-05,7e-05,0.00031,-0.00162,0.00013,-0.00016,4e-05,-0.00011,0.00129,0.00062,2e-05,-0.00032,0.00014,0.00292,-0.00011,-0.00068,-0.00029,5e-05,-0.00087,-0.0001,-0.0018
34.06,0.00103,-0.00034,0.00024,0.00218,0.00048,8e-05,-6e-05,0.00192,-0.00034,-0.00165,-0.01004,0.00075,0.0003,8e-05,7e-05,0.00032,-0.0016,0.00013,-0.00016,5e-05,-0.00011,0.00129,0.00063,2e-05,-0.00032,0.00014,0.00292,-0.00011,-0.00067,-0.00029,5e-05,-0.00087,-0.0001,-0.0018
34.08,0.00102,-0.00035,0.00021,0.00212,0.00046,8e-05,-6e-05,0.00195,-0.00034,-0.00166,-0.01005,0.00075,0.0003,8e-05,7e-05,0.00032,-0.00158,0.00014,-0.00016,5e-05,-0.00011,0.0013,0.00063,2e-05,-0.00032,0.00014,0.00292,-0.00011,-0.00066,-0.00028,5e-05,-0.00087,-0.0001,-0.0018
34.1,0.00101,-0.00037,0.00017,0.00206,0.00043,9e-05,-6e-05,0.00198,-0.00033,-0.00168,-0.01005,0.00076,0.00031,8e-05,7e-05,0.00033,-0.00156,0.00014,-0.00016,5e-05,-0.00011,0.0013,0.00063,3e-05,-0.00032,0.00014,0.00292,-0.00011,-0.00066,-0.00028,5e-05,-0.00087,-0.0001,-0.0018
34.12,0.001,-0.00038,0.00014,0.002,0.00041,9e-05,-5e-05,0.00202,-0.00034,-0.0017,-0.01006,0.00077,0.00032,8e-05,7e-05,0.00032,-0.00157,0.00014,-0.00016,5e-05,-0.00011,0.0013,0.00063,3e-05,-0.00032,0.00014,0.00292,-0.00011,-0.00066,-0.00028,5e-05,-0.00087,-0.0001,-0.0018
34.14,0.00098,-0.00039,0.00012,0.00195,0.00039,9e-05,-5e-05,0.00207,-0.00034,-0.00172,-0.01007,0.00078,0.00034,8e-05,7e-05,0.00032,-0.00158,0.00013,-0.00016,5e-05,-0.00011,0.00129,0.00064,3e-05,-0.00032,0.00014,0.00292,-0.00011,-0.00067,-0.00028,5e-05,-0.00087,-0.0001,-0.0018
34.16,0.00097,-0.0004,9e-05,0.0019,0.00037,9e-05,-5e-05,0.00211,-0.00034,-0.00174,-0.01008,0.00079,0.00036,8e-05,7e-05,0.00031,-0.00159,0.00013,-0.00016,5e-05,-0.00011,0.00129,0.00064,3e-05,-0.00032,0.00014,0.00292,-0.00011,-0.00067,-0.00028,5e-05,-0.00087,-0.0001,-0.0018
34.18,0.00095,-0.00041,7e-05,0.00185,0.00035,0.0001,-5e-05,0.00216,-0.00034,-0.00176,-0.01009,0.00081,0.00038,8e-05,7e-05,0.00031,-0.00161,0.00013,-0.00016,5e-05,-0.00011,0.00128,0.00064,3e-05,-0.00032,0.00014,0.00292,-0.00011,-0.00068,-0.00028,6e-05,-0.00087,-0.0001,-0.0018
34.2,0.00094,-0.00042,4e-05,0.0018,0.00033,0.0001,-5e-05,0.00221,-0.00034,-0.00178,-0.01009,0.00081,0.00039,8e-05,7e-05,0.0003,-0.00161,0.00012,-0.00016,5e-05,-0.00011,0.00128,0.00064,3e-05,-0.00032,0.00014,0.00292,-0.00011,-0.00068,-0.00027,6e-05,-0.00088,-0.0001,-0.0018
34.22,0.00093,-0.00044,2e-05,0.00174,0.00031,0.0001,-5e-05,0.00223,-0.00034,-0.0018,-0.01007,0.0008,0.00038,8e-05,7e-05,0.00029,-0.00161,0.00012,-0.00016,5e-05,-0.00011,0.00128,0.00064,2e-05,-0.00032,0.00014,0.00292,-0.00011,-0.00068,-0.00027,6e-05,-0.00088,-0.0001,-0.0018
34.24,0.00092,-0.00045,0,0.00168,0.00029,9e-05,-5e-05,0.00226,-0.00034,-0.00182,-0.01004,0.00078,0.00036,8e-05,7e-05,0.00029,-0.00159,0.00012,-0.00016,5e-05,-0.00011,0.00128,0.00065,2e-05,-0.00032,0.00014,0.00292,-0.00011,-0.00068,-0.00027,5e-05,-0.00088,-0.0001,-0.0018
34.26,0.00091,-0.00047,-1e-05,0.00163,0.00027,9e-05,-5e-05,0.00229,-0.00033,-0.00184,-0.01,0.00077,0.00035,8e-05,7e-05,0.00029,-0.00159,0.00011,-0.00016,5e-05,-0.00011,0.00128,0.00065,2e-05,-0.00032,0.00014,0.00292,-0.00011,-0.00068,-0.00027,5e-05,-0.00088,-0.0001,-0.0018
34.28,0.0009,-0.00048,-3e-05,0.00157,0.00025,9e-05,-5e-05,0.00231,-0.00033,-0.00186,-0.01,0.00076,0.00034,7e-05,8e-05,0.00028,-0.00158,0.00011,-0.00016,5e-05,-0.00011,0.00129,0.00065,2e-05,-0.00032,0.00014,0.00292,-0.00011,-0.00068,-0.00027,5e-05,-0.00088,-0.0001,-0.0018
34.3,0.00089,-0.0005,-4e-05,0.00152,0.00024,9e-05,-5e-05,0.00235,-0.00033,-0.00188,-0.00993,0.00075,0.00033,7e-05,8e-05,0.00029,-0.00157,0.00011,-0.00016,5e-05,-0.00011,0.00129,0.00066,2e-05,-0.00032,0.00014,0.00292,-0.00011,-0.00067,-0.00026,5e-05,-0.00088,-0.0001,-0.0018
34.32,0.00088,-0.0005,-4e-05,0.00145,0.00023,8e-05,-5e-05,0.00241,-0.00034,-0.0019,-0.00968,0.00077,0.00038,7e-05,8e-05,0.00029,-0.00155,0.00012,-0.00017,5e-05,-0.00011,0.00129,0.00066,2e-05,-0.00032,0.00014,0.00292,-0.00011,-0.00067,-0.00026,5e-05,-0.00088,-0.0001,-0.0018
34.34,0.00087,-0.0005,-4e-05,0.00139,0.00022,8e-05,-5e-05,0.00249,-0.00035,-0.00192,-0.00939,0.0008,0.00044,6e-05,8e-05,0.0003,-0.00154,0.00012,-0.00017,5e-05,-0.00011,0.00129,0.00066,2e-05,-0.00032,0.00014,0.00292,-0.00011,-0.00067,-0.00026,5e-05,-0.00088,-0.0001,-0.0018
34.36,0.00086,-0.00051,-4e-05,0.00133,0.00021,7e-05,-5e-05,0.00256,-0.00035,-0.00194,-0.00914,0.00081,0.00048,6e-05,8e-05,0.00031,-0.00153,0.00012,-0.00017,5e-05,-0.00011,0.00129,0.00066,2e-05,-0.00032,0.00014,0.00292,-0.00011,-0.00067,-0.00026,5e-05,-0.00088,-0.0001,-0.0018
34.38,0.00086,-0.00051,-4e-05,0.00128,0.0002,7e-05,-5e-05,0.00265,-0.00036,-0.00196,-0.00885,0.00083,0.00053,6e-05,8e-05,0.00032,-0.00152,0.00013,-0.00017,5e-05,-0.00011,0.00129,0.00066,2e-05,-0.00032,0.00014,0.00292,-0.00011,-0.00067,-0.00026,5e-05,-0.00088,-0.0001,-0.0018
34.4,0.00085,-0.00052,-4e-05,0.00122,0.00019,7e-05,-5e-05,0.00272,-0.00036,-0.00198,-0.00867,0.00085,0.00057,6e-05,8e-05,0.00033,-0.0015,0.00013,-0.00017,5e-05,-0.0001,0.00129,0.00066,2e-05,-0.00032,0.00014,0.00292,-0.00011,-0.00067,-0.00026,5e-05,-0.00088,-0.0001,-0.0018
34.42,0.00084,-0.00052,-4e-05,0.00117,0.00019,6e-05,-5e-05,0.00274,-0.00036,-0.00199,-0.00883,0.00084,0.00053,6e-05,8e-05,0.00034,-0.0015,0.00013,-0.00017,5e-05,-0.0001,0.00129,0.00066,2e-05,-0.00032,0.00014,0.00292,-0.00011,-0.00067,-0.00026,5e-05,-0.00088,-0.0001,-0.0018
34.44,0.00083,-0.00053,-4e-05,0.00112,0.00018,6e-05,-5e-05,0.00274,-0.00036,-0.00199,-0.00909,0.00083,0.00049,7e-05,8e-05,0.00035,-0.00149,0.00013,-0.00017,5e-05,-0.0001,0.00129,0.00067,2e-05,-0.00032,0.00014,0.00292,-0.00011,-0.00067,-0.00026,5e-05,-0.00088,-0.0001,-0.0018
34.46,0.00082,-0.00053,-4e-05,0.00107,0.00017,6e-05,-5e-05,0.00275,-0.00036,-0.002,-0.00929,0.00083,0.00045,7e-05,9e-05,0.00036,-0.00149,0.00014,-0.00016,5e-05,-0.0001,0.00128,0.00067,2e-05,-0.00032,0.00014,0.00292,-0.00011,-0.00067,-0.00026,5e-05,-0.00088,-0.0001,-0.0018
34.48,0.00081,-0.00054,-4e-05,0.00102,0.00017,6e-05,-5e-05,0.00275,-0.00036,-0.002,-0.00958,0.00082,0.00042,8e-05,9e-05,0.00037,-0.00148,0.00014,-0.00016,5e-05,-0.0001,0.00128,0.00067,2e-05,-0.00032,0.00014,0.00292,-0.00011,-0.00067,-0.00025,5e-05,-0.00088,-0.0001,-0.0018
34.5,0.0008,-0.00054,-5e-05,0.00097,0.00016,6e-05,-5e-05,0.00277,-0.00036,-0.00202,-0.00972,0.00082,0.0004,8e-05,9e-05,0.00037,-0.00148,0.00014,-0.00016,5e-05,-0.0001,0.00128,0.00068,2e-05,-0.00032,0.00014,0.00292,-0.00011,-0.00068,-0.00025,5e-05,-0.00088,-0.0001,-0.0018
34.52,0.00078,-0.00056,-5e-05,0.00092,0.00015,5e-05,-5e-05,0.00285,-0.00037,-0.00208,-0.00942,0.00082,0.00043,9e-05,9e-05,0.00037,-0.00147,0.00014,-0.00015,6e-05,-0.0001,0.00128,0.00068,2e-05,-0.00032,0.00014,0.00292,-0.00011,-0.00067,-0.00025,5e-05,-0.00088,-0.0001,-0.0018
34.54,0.00077,-0.00057,-6e-05,0.00086,0.00014,5e-05,-5e-05,0.00296,-0.00037,-0.00216,-0.00899,0.00082,0.00047,0.0001,0.0001,0.00036,-0.00146,0.00014,-0.00014,6e-05,-9e-05,0.00127,0.00069,2e-05,-0.00032,0.00014,0.00292,-0.00011,-0.00067,-0.00024,5e-05,-0.00088,-0.0001,-0.0018
34.56,0.00076,-0.00058,-7e-05,0.0008,0.00013,5e-05,-5e-05,0.00306,-0.00038,-0.00223,-0.00866,0.00082,0.0005,0.0001,0.0001,0.00036,-0.00145,0.00014,-0.00014,6e-05,-9e-05,0.00127,0.00069,1e-05,-0.00033,0.00014,0.00292,-0.00011,-0.00067,-0.00024,5e-05,-0.00089,-0.0001,-0.0018
34.58,0.00075,-0.0006,-8e-05,0.00075,0.00013,4e-05,-6e-05,0.00315,-0.00039,-0.00231,-0.0083,0.00083,0.00054,0.00011,0.00011,0.00035,-0.00144,0.00013,-0.00014,6e-05,-9e-05,0.00127,0.0007,1e-05,-0.00033,0.00014,0.00292,-0.00011,-0.00067,-0.00023,5e-05,-0.00089,-0.0001,-0.0018
34.6,0.00074,-0.00061,-8e-05,0.00071,0.00012,4e-05,-6e-05,0.00327,-0.00039,-0.00238,-0.00803,0.00083,0.00057,0.00011,0.00012,0.00035,-0.00142,0.00013,-0.00014,6e-05,-9e-05,0.00127,0.00071,1e-05,-0.00033,0.00014,0.00292,-0.00011,-0.00067,-0.00023,5e-05,-0.00089,-0.0001,-0.0018
34.62,0.00073,-0.00063,-8e-05,0.00066,0.00011,3e-05,-7e-05,0.00343,-0.0004,-0.00242,-0.00803,0.00083,0.00056,0.00011,0.00012,0.00035,-0.00139,0.00012,-0.00014,6e-05,-9e-05,0.00127,0.00071,1e-05,-0.00033,0.00014,0.00292,-0.00011,-0.00066,-0.00022,5e-05,-0.00089,-0.0001,-0.0018
34.64,0.00072,-0.00064,-7e-05,0.00061,0.0001,2e-05,-7e-05,0.00362,-0.0004,-0.00245,-0.00811,0.00083,0.00054,0.00011,0.00013,0.00035,-0.00136,0.00011,-0.00014,6e-05,-9e-05,0.00128,0.00072,1e-05,-0.00033,0.00014,0.00292,-0.00011,-0.00066,-0.00022,5e-05,-0.0009,-0.0001,-0.0018
34.66,0.0007,-0.00066,-7e-05,0.00056,9e-05,1e-05,-7e-05,0.0038,-0.00041,-0.00249,-0.00815,0.00082,0.00053,0.00011,0.00013,0.00035,-0.00133,0.0001,-0.00014,5e-05,-9e-05,0.00128,0.00073,1e-05,-0.00034,0.00014,0.00292,-0.00011,-0.00065,-0.00021,5e-05,-0.0009,-0.0001,-0.0018
34.68,0.00069,-0.00067,-6e-05,0.00052,8e-05,1e-05,-7e-05,0.00401,-0.00041,-0.00252,-0.00821,0.00082,0.00052,0.00011,0.00014,0.00035,-0.0013,9e-05,-0.00014,5e-05,-9e-05,0.00129,0.00074,1e-05,-0.00034,0.00014,0.00292,-0.00011,-0.00064,-0.00021,5e-05,-0.0009,-0.00011,-0.0018
34.7,0.00068,-0.00068,-6e-05,0.00048,7e-05,0,-7e-05,0.0042,-0.00042,-0.00255,-0.00825,0.00082,0.00051,0.00011,0.00014,0.00036,-0.00127,9e-05,-0.00014,5e-05,-9e-05,0.00129,0.00074,2e-05,-0.00034,0.00015,0.00292,-0.00011,-0.00064,-0.0002,5e-05,-0.0009,-0.00011,-0.0018
34.72,0.00067,-0.00069,-6e-05,0.00045,7e-05,0,-7e-05,0.00433,-0.00042,-0.00257,-0.00825,0.00082,0.00051,0.00011,0.00014,0.00036,-0.00124,8e-05,-0.00015,5e-05,-9e-05,0.0013,0.00074,2e-05,-0.00035,0.00015,0.00292,-0.00011,-0.00063,-0.0002,5e-05,-0.00091,-0.00011,-0.0018
34.74,0.00066,-0.0007,-5e-05,0.00043,7e-05,0,-7e-05,0.00443,-0.00042,-0.00258,-0.00824,0.00082,0.00051,0.0001,0.00014,0.00037,-0.00122,8e-05,-0.00015,4e-05,-9e-05,0.00131,0.00074,2e-05,-0.00035,0.00015,0.00292,-0.0001,-0.00063,-0.0002,5e-05,-0.00091,-0.00011,-0.0018
34.76,0.00065,-0.0007,-5e-05,0.0004,6e-05,0,-7e-05,0.00455,-0.00042,-0.00259,-0.00823,0.00082,0.00052,0.0001,0.00014,0.00037,-0.00119,8e-05,-0.00015,4e-05,-9e-05,0.00132,0.00074,2e-05,-0.00035,0.00015,0.00292,-0.0001,-0.00062,-0.00021,5e-05,-0.00091,-0.00011,-0.0018
34.78,0.00063,-0.00071,-5e-05,0.00038,6e-05,0,-6e-05,0.00468,-0.00042,-0.00261,-0.00822,0.00082,0.00052,0.0001,0.00013,0.00038,-0.00117,8e-05,-0.00015,4e-05,-9e-05,0.00133,0.00075,2e-05,-0.00035,0.00015,0.00292,-0.0001,-0.00062,-0.00021,5e-05,-0.00092,-0.00011,-0.0018
34.8,0.00062,-0.00071,-4e-05,0.00035,6e-05,0,-6e-05,0.0048,-0.00042,-0.00262,-0.00822,0.00082,0.00052,0.0001,0.00013,0.00038,-0.00115,8e-05,-0.00015,4e-05,-9e-05,0.00133,0.00075,2e-05,-0.00036,0.00015,0.00292,-0.0001,-0.00061,-0.00021,5e-05,-0.00092,-0.00011,-0.0018
34.82,0.00062,-0.00071,-5e-05,0.00034,5e-05,1e-05,-5e-05,0.00487,-0.0004,-0.00263,-0.00825,0.00082,0.00053,0.0001,0.00013,0.00039,-0.00115,8e-05,-0.00014,4e-05,-9e-05,0.00133,0.00075,2e-05,-0.00036,0.00015,0.00292,-0.0001,-0.00062,-0.00021,5e-05,-0.00092,-0.00011,-0.0018
34.84,0.00061,-0.00071,-5e-05,0.00032,5e-05,1e-05,-5e-05,0.00493,-0.00039,-0.00263,-0.00829,0.00083,0.00055,0.00011,0.00013,0.00039,-0.00114,9e-05,-0.00012,4e-05,-9e-05,0.00133,0.00075,2e-05,-0.00036,0.00015,0.00292,-0.0001,-0.00062,-0.00021,5e-05,-0.00093,-0.00011,-0.0018
34.86,0.0006,-0.00072,-5e-05,0.00031,5e-05,1e-05,-4e-05,0.00501,-0.00037,-0.00264,-0.00833,0.00083,0.00056,0.00011,0.00013,0.00039,-0.00114,9e-05,-0.00011,5e-05,-9e-05,0.00133,0.00075,2e-05,-0.00036,0.00015,0.00292,-0.0001,-0.00063,-0.00022,5e-05,-0.00093,-0.00011,-0.0018
34.88,0.00059,-0.00072,-5e-05,0.00029,4e-05,1e-05,-4e-05,0.00506,-0.00036,-0.00264,-0.00835,0.00083,0.00057,0.00011,0.00013,0.00039,-0.00114,9e-05,-0.0001,5e-05,-9e-05,0.00132,0.00075,2e-05,-0.00036,0.00015,0.00292,-0.0001,-0.00064,-0.00022,5e-05,-0.00093,-0.00011,-0.0018
34.9,0.00059,-0.00072,-5e-05,0.00027,4e-05,1e-05,-4e-05,0.00516,-0.00034,-0.00264,-0.00841,0.00083,0.00057,0.00011,0.00014,0.00039,-0.00113,9e-05,-9e-05,5e-05,-9e-05,0.00132,0.00075,2e-05,-0.00037,0.00015,0.00292,-0.0001,-0.00064,-0.00022,5e-05,-0.00094,-0.00011,-0.0018
34.92,0.00058,-0.00072,-5e-05,0.00026,3e-05,0,-4e-05,0.0054,-0.00032,-0.00265,-0.00857,0.00083,0.00057,0.00012,0.00015,0.00039,-0.00111,9e-05,-8e-05,5e-05,-9e-05,0.00133,0.00075,2e-05,-0.00037,0.00015,0.00292,-0.0001,-0.00064,-0.00022,5e-05,-0.00094,-0.00011,-0.0018
34.94,0.00058,-0.00072,-4e-05,0.00024,2e-05,-0,-4e-05,0.0057,-0.0003,-0.00264,-0.00876,0.00083,0.00057,0.00012,0.00016,0.00038,-0.00108,8e-05,-8e-05,5e-05,-9e-05,0.00133,0.00075,2e-05,-0.00037,0.00015,0.00292,-0.0001,-0.00065,-0.00023,5e-05,-0.00094,-0.00011,-0.0018
34.96,0.00057,-0.00072,-4e-05,0.00023,1e-05,-1e-05,-4e-05,0.006,-0.00028,-0.00264,-0.00894,0.00083,0.00057,0.00012,0.00018,0.00037,-0.00106,7e-05,-7e-05,5e-05,-9e-05,0.00134,0.00075,2e-05,-0.00037,0.00015,0.00292,-0.0001,-0.00065,-0.00023,5e-05,-0.00094,-0.00011,-0.0018
34.98,0.00056,-0.00072,-3e-05,0.00022,1e-05,-1e-05,-4e-05,0.00629,-0.00026,-0.00264,-0.00912,0.00083,0.00057,0.00013,0.00019,0.00037,-0.00104,7e-05,-6e-05,5e-05,-9e-05,0.00134,0.00075,2e-05,-0.00037,0.00015,0.00292,-0.0001,-0.00065,-0.00023,5e-05,-0.00094,-0.00011,-0.0018
35,0.00056,-0.00071,-3e-05,0.0002,0,-2e-05,-5e-05,0.00665,-0.00024,-0.00264,-0.00931,0.00083,0.00057,0.00013,0.0002,0.00036,-0.00101,6e-05,-5e-05,5e-05,-9e-05,0.00134,0.00075,2e-05,-0.00037,0.00015,0.00292,-0.0001,-0.00065,-0.00023,5e-05,-0.00094,-0.00011,-0.0018
35.02,0.00056,-0.00072,-2e-05,0.00019,-1e-05,-3e-05,-5e-05,0.00723,-0.00022,-0.00264,-0.00952,0.00083,0.00056,0.00013,0.00022,0.00033,-0.00097,5e-05,-3e-05,5e-05,-9e-05,0.00134,0.00075,2e-05,-0.00037,0.00015,0.00292,-0.00011,-0.00066,-0.00023,6e-05,-0.00093,-0.00011,-0.00179
35.04,0.00055,-0.00072,-1e-05,0.00018,-2e-05,-3e-05,-5e-05,0.00792,-0.0002,-0.00264,-0.00972,0.00083,0.00056,0.00014,0.00024,0.0003,-0.00093,4e-05,-2e-05,6e-05,-9e-05,0.00133,0.00076,2e-05,-0.00037,0.00015,0.00292,-0.00011,-0.00068,-0.00022,6e-05,-0.00093,-0.00011,-0.00179
35.06,0.00055,-0.00072,-0,0.00017,-3e-05,-4e-05,-5e-05,0.00863,-0.00019,-0.00264,-0.00993,0.00083,0.00056,0.00014,0.00026,0.00027,-0.0009,3e-05,0,6e-05,-9e-05,0.00132,0.00077,1e-05,-0.00037,0.00015,0.00292,-0.00011,-0.00069,-0.00022,6e-05,-0.00093,-0.00011,-0.00179
35.08,0.00055,-0.00072,0,0.00016,-4e-05,-4e-05,-6e-05,0.00946,-0.00017,-0.00264,-0.01015,0.00083,0.00056,0.00014,0.00028,0.00025,-0.00086,2e-05,2e-05,6e-05,-9e-05,0.00131,0.00077,1e-05,-0.00037,0.00015,0.00292,-0.00011,-0.00071,-0.00021,6e-05,-0.00093,-0.00011,-0.00179
35.1,0.00055,-0.00072,1e-05,0.00015,-5e-05,-5e-05,-6e-05,0.01027,-0.00016,-0.00264,-0.01035,0.00083,0.00056,0.00015,0.00029,0.00023,-0.00083,1e-05,3e-05,6e-05,-9e-05,0.0013,0.00078,1e-05,-0.00037,0.00015,0.00292,-0.00011,-0.00072,-0.00021,6e-05,-0.00092,-0.00011,-0.00178
35.12,0.00055,-0.00072,2e-05,0.00014,-6e-05,-4e-05,-6e-05,0.01086,-0.00016,-0.00264,-0.01047,0.00083,0.00056,0.00015,0.0003,0.00021,-0.0008,-0,6e-05,6e-05,-9e-05,0.00129,0.00078,1e-05,-0.00037,0.00015,0.00292,-0.00012,-0.00074,-0.0002,7e-05,-0.00091,-0.00012,-0.00177
35.14,0.00055,-0.00072,2e-05,0.00014,-7e-05,-4e-05,-6e-05,0.01137,-0.00015,-0.00264,-0.01056,0.00083,0.00056,0.00014,0.00031,0.0002,-0.00077,-2e-05,8e-05,6e-05,-9e-05,0.00127,0.00078,1e-05,-0.00036,0.00015,0.00292,-0.00012,-0.00075,-0.00018,7e-05,-0.0009,-0.00012,-0.00176
35.16,0.00055,-0.00071,3e-05,0.00014,-8e-05,-4e-05,-6e-05,0.01195,-0.00015,-0.00264,-0.01066,0.00083,0.00056,0.00014,0.00032,0.00019,-0.00075,-3e-05,0.0001,6e-05,-9e-05,0.00126,0.00078,1e-05,-0.00036,0.00015,0.00292,-0.00012,-0.00076,-0.00017,7e-05,-0.00089,-0.00012,-0.00174
35.18,0.00054,-0.00071,3e-05,0.00013,-9e-05,-4e-05,-6e-05,0.01262,-0.00015,-0.00264,-0.01077,0.00083,0.00056,0.00013,0.00033,0.00018,-0.00072,-4e-05,0.00011,6e-05,-9e-05,0.00125,0.00078,1e-05,-0.00036,0.00015,0.00292,-0.00012,-0.00077,-0.00016,7e-05,-0.00087,-0.00012,-0.00174
35.2,0.00054,-0.00071,4e-05,0.00013,-0.0001,-4e-05,-6e-05,0.01317,-0.00015,-0.00264,-0.01086,0.00083,0.00056,0.00012,0.00034,0.00018,-0.0007,-4e-05,0.00012,6e-05,-9e-05,0.00123,0.00079,1e-05,-0.00036,0.00015,0.00292,-0.00012,-0.00078,-0.00015,7e-05,-0.00086,-0.00012,-0.00172
35.22,0.00054,-0.00071,4e-05,0.00013,-0.0001,-4e-05,-6e-05,0.01332,-0.00016,-0.00264,-0.01092,0.00083,0.00056,0.0001,0.00033,0.0002,-0.00068,-4e-05,0.00011,4e-05,-9e-05,0.00122,0.00078,1e-05,-0.00036,0.00015,0.00292,-0.00012,-0.00077,-0.00013,7e-05,-0.00085,-0.00012,-0.00165
35.24,0.00054,-0.0007,5e-05,0.00014,-0.00011,-4e-05,-6e-05,0.01331,-0.00016,-0.00264,-0.01095,0.00083,0.00056,7e-05,0.00031,0.00022,-0.00066,-4e-05,0.0001,2e-05,-9e-05,0.00121,0.00078,1e-05,-0.00035,0.00015,0.00292,-0.00013,-0.00076,-0.00011,8e-05,-0.00084,-0.00013,-0.00157
35.26,0.00054,-0.0007,6e-05,0.00014,-0.00011,-4e-05,-7e-05,0.01338,-0.00017,-0.00264,-0.01099,0.00083,0.00056,4e-05,0.00031,0.00024,-0.00064,-3e-05,0.0001,1e-05,-9e-05,0.0012,0.00078,1e-05,-0.00035,0.00015,0.00292,-0.00013,-0.00076,-0.0001,8e-05,-0.00083,-0.00013,-0.00151
35.28,0.00054,-0.0007,6e-05,0.00015,-0.00011,-4e-05,-7e-05,0.01344,-0.00017,-0.00264,-0.01105,0.00083,0.00056,1e-05,0.0003,0.00027,-0.00062,-3e-05,9e-05,-1e-05,-9e-05,0.00119,0.00078,1e-05,-0.00035,0.00015,0.00292,-0.00013,-0.00075,-8e-05,8e-05,-0.00082,-0.00014,-0.00143
35.3,0.00053,-0.0007,7e-05,0.00016,-0.00012,-4e-05,-8e-05,0.01348,-0.00018,-0.00264,-0.01108,0.00083,0.00056,-3e-05,0.0003,0.00029,-0.0006,-2e-05,9e-05,-2e-05,-9e-05,0.00118,0.00078,1e-05,-0.00034,0.00015,0.00292,-0.00013,-0.00074,-7e-05,8e-05,-0.00081,-0.00014,-0.00138
35.32,0.00053,-0.0007,8e-05,0.00017,-0.00013,-5e-05,-8e-05,0.01353,-0.00019,-0.00264,-0.01105,0.00083,0.00056,-9e-05,0.00029,0.00034,-0.00057,-2e-05,8e-05,-3e-05,-9e-05,0.00118,0.00079,1e-05,-0.00034,0.00015,0.00292,-0.00013,-0.00073,-6e-05,8e-05,-0.00081,-0.00014,-0.00143
35.34,0.00052,-0.00071,0.0001,0.00019,-0.00013,-6e-05,-9e-05,0.01355,-0.0002,-0.00264,-0.01101,0.00083,0.00056,-0.00014,0.00028,0.00039,-0.00054,-1e-05,7e-05,-4e-05,-9e-05,0.00118,0.0008,1e-05,-0.00034,0.00014,0.00292,-0.00013,-0.00072,-6e-05,8e-05,-0.00081,-0.00013,-0.00152
35.36,0.00051,-0.00071,0.00011,0.0002,-0.00014,-6e-05,-0.0001,0.01357,-0.00021,-0.00264,-0.01097,0.00083,0.00056,-0.0002,0.00028,0.00044,-0.0005,0,6e-05,-5e-05,-9e-05,0.00117,0.00081,1e-05,-0.00034,0.00014,0.00292,-0.00013,-0.00071,-5e-05,8e-05,-0.00081,-0.00012,-0.00158
35.38,0.0005,-0.00072,0.00012,0.00022,-0.00015,-7e-05,-0.00011,0.01364,-0.00022,-0.00264,-0.01094,0.00083,0.00056,-0.00025,0.00029,0.00049,-0.00047,1e-05,7e-05,-6e-05,-9e-05,0.00117,0.00082,1e-05,-0.00034,0.00014,0.00292,-0.00014,-0.0007,-5e-05,8e-05,-0.00081,-0.00011,-0.00166
35.4,0.00049,-0.00072,0.00014,0.00025,-0.00016,-7e-05,-0.00011,0.01359,-0.00023,-0.00264,-0.01089,0.00083,0.00056,-0.00031,0.0003,0.00054,-0.00044,1e-05,7e-05,-6e-05,-9e-05,0.00116,0.00083,1e-05,-0.00033,0.00014,0.00292,-0.00014,-0.0007,-4e-05,8e-05,-0.00082,-0.0001,-0.00172
35.42,0.00048,-0.00072,0.00017,0.00028,-0.00017,-8e-05,-0.00012,0.01321,-0.00025,-0.00264,-0.01082,0.00083,0.00056,-0.00037,0.00032,0.00061,-0.0004,2e-05,9e-05,-7e-05,-9e-05,0.00114,0.00084,1e-05,-0.00033,0.00014,0.00292,-0.00014,-0.0007,-3e-05,8e-05,-0.00082,-0.0001,-0.00174
35.44,0.00045,-0.00071,0.00021,0.00031,-0.00018,-9e-05,-0.00013,0.01273,-0.00026,-0.00264,-0.01074,0.00083,0.00056,-0.00041,0.00035,0.00069,-0.00037,3e-05,0.0001,-6e-05,-9e-05,0.00112,0.00086,1e-05,-0.00033,0.00014,0.00292,-0.00014,-0.00071,-1e-05,8e-05,-0.00083,-0.0001,-0.00174
35.46,0.00044,-0.00071,0.00024,0.00033,-0.00019,-0.0001,-0.00013,0.0123,-0.00028,-0.00264,-0.01066,0.00083,0.00056,-0.00042,0.00038,0.00078,-0.00033,3e-05,0.00012,-6e-05,-9e-05,0.0011,0.00088,1e-05,-0.00032,0.00014,0.00292,-0.00014,-0.00072,0,8e-05,-0.00083,-0.0001,-0.00175
35.48,0.00042,-0.00071,0.00027,0.00035,-0.0002,-0.0001,-0.00014,0.01194,-0.00029,-0.00264,-0.01059,0.00083,0.00056,-0.00043,0.00041,0.00087,-0.0003,4e-05,0.00014,-6e-05,-9e-05,0.00108,0.00089,0,-0.00032,0.00014,0.00292,-0.00015,-0.00073,2e-05,8e-05,-0.00083,-0.0001,-0.00176
35.5,0.0004,-0.00071,0.0003,0.00038,-0.00021,-0.0001,-0.00014,0.01145,-0.00031,-0.00264,-0.01051,0.00083,0.00056,-0.00043,0.00044,0.00097,-0.00026,4e-05,0.00016,-6e-05,-9e-05,0.00105,0.00091,0,-0.00032,0.00014,0.00292,-0.00015,-0.00074,3e-05,9e-05,-0.00084,-0.0001,-0.00177
35.52,0.00038,-0.00069,0.00034,0.00043,-0.00022,-0.0001,-0.00014,0.01069,-0.00033,-0.00264,-0.01046,0.00083,0.00056,-0.00044,0.00049,0.00108,-0.0002,4e-05,0.00018,-5e-05,-9e-05,0.00102,0.00092,-0,-0.00031,0.00014,0.00292,-0.00015,-0.00076,4e-05,9e-05,-0.00085,-0.0001,-0.00177
35.54,0.00037,-0.00067,0.00037,0.00049,-0.00022,-9e-05,-0.00013,0.00986,-0.00036,-0.00264,-0.01041,0.00083,0.00056,-0.00044,0.00054,0.0012,-0.00015,5e-05,0.0002,-4e-05,-9e-05,0.00098,0.00092,-0,-0.0003,0.00014,0.00292,-0.00015,-0.00079,5e-05,9e-05,-0.00085,-0.0001,-0.00178
35.56,0.00035,-0.00065,0.0004,0.00055,-0.00023,-8e-05,-0.00013,0.00914,-0.00038,-0.00264,-0.01035,0.00083,0.00056,-0.00045,0.00059,0.00133,-0.0001,5e-05,0.00021,-3e-05,-9e-05,0.00094,0.00093,-1e-05,-0.0003,0.00014,0.00292,-0.00015,-0.00081,6e-05,9e-05,-0.00086,-0.0001,-0.00178
35.58,0.00034,-0.00063,0.00044,0.00062,-0.00023,-7e-05,-0.00012,0.0085,-0.0004,-0.00264,-0.0103,0.00083,0.00056,-0.00046,0.00064,0.00149,-6e-05,5e-05,0.00022,-2e-05,-9e-05,0.00091,0.00094,-1e-05,-0.00029,0.00014,0.00292,-0.00015,-0.00083,7e-05,9e-05,-0.00087,-0.0001,-0.00179
35.6,0.00032,-0.00062,0.00046,0.00071,-0.00024,-6e-05,-0.00012,0.00784,-0.00042,-0.00264,-0.01024,0.00083,0.00056,-0.00047,0.00069,0.00165,-2e-05,5e-05,0.00021,-2e-05,-9e-05,0.00087,0.00095,-2e-05,-0.00029,0.00014,0.00292,-0.00015,-0.00086,8e-05,9e-05,-0.00087,-0.0001,-0.00179
35.62,0.00031,-0.00062,0.00045,0.00084,-0.00025,-4e-05,-0.00011,0.00708,-0.00044,-0.00264,-0.01016,0.00083,0.00056,-0.00049,0.00074,0.00176,2e-05,5e-05,0.00019,-2e-05,-9e-05,0.00083,0.00096,-2e-05,-0.00028,0.00014,0.00292,-0.00015,-0.00089,9e-05,9e-05,-0.00088,-0.0001,-0.00179
35.64,0.0003,-0.00062,0.00042,0.00101,-0.00026,-3e-05,-9e-05,0.00635,-0.00046,-0.00264,-0.01007,0.00083,0.00056,-0.00051,0.00078,0.00186,6e-05,4e-05,0.00016,-3e-05,-9e-05,0.00077,0.00096,-2e-05,-0.00026,0.00013,0.00292,-0.00015,-0.00093,0.0001,9e-05,-0.00089,-0.00011,-0.00179
35.66,0.00029,-0.00062,0.0004,0.0012,-0.00027,-2e-05,-9e-05,0.00573,-0.00048,-0.00264,-0.00998,0.00083,0.00056,-0.00054,0.00082,0.00197,7e-05,3e-05,0.00013,-3e-05,-8e-05,0.00072,0.00097,-3e-05,-0.00025,0.00013,0.00292,-0.00014,-0.00097,0.00011,0.0001,-0.00091,-0.00011,-0.00179
35.68,0.00028,-0.00062,0.00039,0.00146,-0.00028,-1e-05,-8e-05,0.00513,-0.0005,-0.00264,-0.0099,0.00083,0.00056,-0.00057,0.00088,0.00211,8e-05,1e-05,0.0001,-4e-05,-8e-05,0.00068,0.00098,-3e-05,-0.00024,0.00013,0.00292,-0.00014,-0.001,0.00012,0.0001,-0.00092,-0.00011,-0.0018
35.7,0.00027,-0.00063,0.00036,0.00171,-0.00029,-0,-7e-05,0.00468,-0.00052,-0.00264,-0.00981,0.00083,0.00056,-0.00058,0.00092,0.00223,8e-05,-1e-05,6e-05,-4e-05,-8e-05,0.00063,0.00099,-3e-05,-0.00023,0.00013,0.00291,-0.00014,-0.00104,0.00013,0.0001,-0.00093,-0.00011,-0.0018
35.72,0.00028,-0.00066,0.00028,0.00185,-0.00033,1e-05,-7e-05,0.00449,-0.00051,-0.00264,-0.00965,0.00083,0.00056,-0.00056,0.00094,0.00225,3e-05,-3e-05,3e-05,-6e-05,-8e-05,0.00059,0.001,-3e-05,-0.00022,0.00013,0.00291,-0.00014,-0.00107,0.00014,0.0001,-0.00093,-0.00011,-0.0018
35.74,0.00028,-0.00069,0.00018,0.00194,-0.00038,3e-05,-7e-05,0.00438,-0.0005,-0.00264,-0.00949,0.00083,0.00056,-0.00053,0.00095,0.00224,-2e-05,-5e-05,-1e-05,-8e-05,-8e-05,0.00055,0.00102,-3e-05,-0.00021,0.00013,0.0029,-0.00014,-0.00111,0.00015,0.0001,-0.00094,-0.00011,-0.0018
35.76,0.00028,-0.00072,0.00012,0.00207,-0.00043,4e-05,-7e-05,0.00425,-0.00048,-0.00264,-0.00933,0.00083,0.00056,-0.00052,0.00096,0.00225,-7e-05,-9e-05,-5e-05,-0.0001,-9e-05,0.00052,0.00103,-3e-05,-0.0002,0.00013,0.00288,-0.00015,-0.00114,0.00016,0.00011,-0.00095,-0.00012,-0.0018
35.78,0.00029,-0.00075,5e-05,0.00218,-0.00048,6e-05,-7e-05,0.00411,-0.00048,-0.00264,-0.00917,0.00083,0.00056,-0.00052,0.00098,0.00226,-0.0001,-0.00012,-9e-05,-0.00011,-9e-05,0.00048,0.00105,-3e-05,-0.00019,0.00013,0.00288,-0.00015,-0.00118,0.00017,0.00011,-0.00096,-0.00012,-0.0018
35.8,0.00029,-0.00078,1e-05,0.00228,-0.00052,6e-05,-7e-05,0.00402,-0.00047,-0.00264,-0.00904,0.00083,0.00056,-0.00052,0.00098,0.00226,-0.00014,-0.00018,-0.00013,-0.00013,-9e-05,0.00045,0.00106,-3e-05,-0.00018,0.00013,0.00286,-0.00015,-0.00121,0.00019,0.00011,-0.00096,-0.00012,-0.0018
35.82,0.00029,-0.00081,2e-05,0.0023,-0.00054,4e-05,-8e-05,0.0041,-0.00046,-0.00264,-0.00899,0.00083,0.00056,-0.00049,0.00095,0.00226,-0.00017,-0.00028,-0.00019,-0.00014,-9e-05,0.00045,0.00109,-3e-05,-0.00018,0.00013,0.00278,-0.00015,-0.00121,0.0002,0.00011,-0.00096,-0.00012,-0.0018
35.84,0.00028,-0.00083,3e-05,0.00229,-0.00054,2e-05,-9e-05,0.00424,-0.00045,-0.00264,-0.00896,0.00083,0.00056,-0.00045,0.0009,0.00225,-0.00021,-0.00039,-0.00025,-0.00015,-9e-05,0.00045,0.00112,-2e-05,-0.00018,0.00014,0.00269,-0.00015,-0.00121,0.00021,0.00011,-0.00095,-0.00012,-0.0018
35.86,0.00028,-0.00085,4e-05,0.00231,-0.00055,0,-0.0001,0.00434,-0.00044,-0.00264,-0.00893,0.00083,0.00056,-0.00042,0.00087,0.00225,-0.00023,-0.00047,-0.0003,-0.00016,-9e-05,0.00045,0.00115,-2e-05,-0.00017,0.00014,0.0026,-0.00015,-0.00121,0.00023,0.00011,-0.00095,-0.00011,-0.0018
35.88,0.00028,-0.00087,5e-05,0.00232,-0.00057,-1e-05,-0.00011,0.00446,-0.00043,-0.00264,-0.00888,0.00083,0.00056,-0.00041,0.00083,0.00225,-0.00025,-0.00054,-0.00033,-0.00017,-9e-05,0.00045,0.00118,-2e-05,-0.00017,0.00015,0.00251,-0.00015,-0.00121,0.00024,0.00011,-0.00094,-0.00011,-0.0018
35.9,0.00027,-0.00089,5e-05,0.00233,-0.00057,-2e-05,-0.00011,0.00457,-0.00043,-0.00264,-0.00886,0.00083,0.00056,-0.00039,0.0008,0.00224,-0.00026,-0.00058,-0.00035,-0.00018,-9e-05,0.00045,0.0012,-2e-05,-0.00017,0.00015,0.00244,-0.00015,-0.00121,0.00025,0.00011,-0.00094,-0.00011,-0.0018
35.92,0.00027,-0.00089,7e-05,0.00232,-0.00056,-3e-05,-0.00012,0.00467,-0.00042,-0.00264,-0.00891,0.00083,0.00056,-0.00036,0.00077,0.00224,-0.00024,-0.00058,-0.00034,-0.00018,-9e-05,0.00045,0.00121,-1e-05,-0.00017,0.00015,0.00243,-0.00015,-0.00121,0.00026,0.00011,-0.00093,-0.00011,-0.0018
35.94,0.00026,-0.00088,8e-05,0.00229,-0.00055,-3e-05,-0.00012,0.00477,-0.00042,-0.00264,-0.00899,0.00083,0.00056,-0.00034,0.00074,0.00223,-0.00021,-0.00056,-0.00031,-0.00017,-9e-05,0.00044,0.00122,-1e-05,-0.00017,0.00015,0.00243,-0.00015,-0.00122,0.00026,0.00011,-0.00092,-0.00011,-0.0018
35.96,0.00026,-0.00088,8e-05,0.00228,-0.00054,-3e-05,-0.00012,0.00487,-0.00041,-0.00264,-0.00905,0.00083,0.00056,-0.00032,0.00071,0.00223,-0.00019,-0.00054,-0.00029,-0.00017,-9e-05,0.00044,0.00122,-1e-05,-0.00018,0.00015,0.00242,-0.00015,-0.00123,0.00026,0.00011,-0.00091,-0.00011,-0.0018
35.98,0.00026,-0.00088,8e-05,0.00226,-0.00054,-3e-05,-0.00012,0.00499,-0.00041,-0.00264,-0.00912,0.00083,0.00056,-0.00031,0.00069,0.00223,-0.00017,-0.00052,-0.00028,-0.00017,-9e-05,0.00044,0.00123,-1e-05,-0.00018,0.00015,0.00241,-0.00016,-0.00123,0.00026,0.00011,-0.0009,-0.0001,-0.0018
36,0.00025,-0.00088,7e-05,0.00225,-0.00053,-2e-05,-0.00011,0.00507,-0.0004,-0.00264,-0.00918,0.00083,0.00056,-0.00031,0.00066,0.00222,-0.00016,-0.0005,-0.00026,-0.00017,-9e-05,0.00043,0.00123,-1e-05,-0.00018,0.00015,0.00241,-0.00016,-0.00124,0.00026,0.00011,-0.00089,-0.0001,-0.0018
36.02,0.00024,-0.00088,2e-05,0.0023,-0.00055,-0,-0.00011,0.00506,-0.0004,-0.00264,-0.00917,0.00083,0.00056,-0.00033,0.00063,0.0022,-0.00014,-0.00048,-0.00024,-0.00018,-9e-05,0.00043,0.00123,-1e-05,-0.00018,0.00014,0.00246,-0.00016,-0.00124,0.00026,0.0001,-0.00088,-0.0001,-0.0018
36.04,0.00023,-0.00087,-4e-05,0.00236,-0.00058,1e-05,-0.0001,0.00502,-0.00039,-0.00264,-0.00914,0.00083,0.00056,-0.00035,0.00061,0.00218,-0.00013,-0.00047,-0.00023,-0.00018,-9e-05,0.00043,0.00123,-1e-05,-0.00019,0.00014,0.00253,-0.00016,-0.00125,0.00025,0.0001,-0.00087,-0.0001,-0.0018
36.06,0.00022,-0.00086,-9e-05,0.00242,-0.0006,3e-05,-0.0001,0.005,-0.00039,-0.00264,-0.00913,0.00083,0.00056,-0.00037,0.00058,0.00216,-0.00012,-0.00046,-0.00023,-0.00019,-9e-05,0.00042,0.00122,-0,-0.0002,0.00014,0.00259,-0.00016,-0.00125,0.00025,0.0001,-0.00085,-9e-05,-0.0018
36.08,0.00021,-0.00086,-0.00014,0.00248,-0.00063,5e-05,-9e-05,0.00498,-0.00038,-0.00264,-0.0091,0.00083,0.00056,-0.00039,0.00056,0.00213,-0.00012,-0.00045,-0.00023,-0.0002,-9e-05,0.00042,0.00122,-0,-0.00021,0.00014,0.00265,-0.00016,-0.00125,0.00024,0.0001,-0.00084,-9e-05,-0.0018
36.1,0.00021,-0.00085,-0.00018,0.00253,-0.00066,5e-05,-8e-05,0.00494,-0.00037,-0.00264,-0.0091,0.00083,0.00056,-0.00041,0.00055,0.00212,-0.00012,-0.00045,-0.00025,-0.0002,-9e-05,0.00042,0.00122,-0,-0.00021,0.00014,0.0027,-0.00016,-0.00126,0.00024,9e-05,-0.00083,-9e-05,-0.0018
36.12,0.00022,-0.00087,-0.00022,0.00256,-0.00067,6e-05,-7e-05,0.00487,-0.00037,-0.00264,-0.00918,0.00083,0.00056,-0.00042,0.00056,0.00214,-0.00015,-0.00045,-0.00028,-0.00019,-9e-05,0.00044,0.00122,-0,-0.00022,0.00014,0.00274,-0.00016,-0.00125,0.00022,9e-05,-0.00082,-9e-05,-0.0018
36.14,0.00024,-0.00088,-0.00024,0.00258,-0.00068,7e-05,-7e-05,0.00479,-0.00036,-0.00264,-0.00929,0.00083,0.00056,-0.00043,0.00058,0.00217,-0.00019,-0.00045,-0.00033,-0.00018,-9e-05,0.00046,0.00121,-0,-0.00022,0.00014,0.00277,-0.00016,-0.00125,0.00021,9e-05,-0.00081,-9e-05,-0.0018
36.16,0.00026,-0.00089,-0.00027,0.0026,-0.00069,7e-05,-6e-05,0.00471,-0.00036,-0.00264,-0.00939,0.00083,0.00056,-0.00044,0.0006,0.00219,-0.00021,-0.00045,-0.00036,-0.00017,-9e-05,0.00048,0.00121,-0,-0.00023,0.00014,0.0028,-0.00015,-0.00124,0.00019,8e-05,-0.0008,-8e-05,-0.0018
36.18,0.00028,-0.00091,-0.0003,0.00263,-0.0007,8e-05,-5e-05,0.00463,-0.00035,-0.00264,-0.0095,0.00083,0.00056,-0.00044,0.00061,0.00221,-0.00024,-0.00046,-0.0004,-0.00016,-9e-05,0.00049,0.00121,-0,-0.00023,0.00013,0.00283,-0.00015,-0.00123,0.00018,8e-05,-0.00079,-8e-05,-0.0018
36.2,0.00029,-0.00092,-0.00031,0.00265,-0.00069,9e-05,-5e-05,0.00456,-0.00035,-0.00264,-0.00958,0.00083,0.00056,-0.00044,0.00062,0.00223,-0.00026,-0.00047,-0.00042,-0.00015,-9e-05,0.00051,0.0012,-0,-0.00024,0.00013,0.00286,-0.00015,-0.00123,0.00016,8e-05,-0.00079,-8e-05,-0.0018
36.22,0.00031,-0.00092,-0.00031,0.00265,-0.00068,9e-05,-5e-05,0.00449,-0.00035,-0.00264,-0.00957,0.00083,0.00056,-0.00043,0.00063,0.00223,-0.00023,-0.0005,-0.00045,-0.00016,-9e-05,0.00053,0.00119,-0,-0.00024,0.00013,0.00287,-0.00015,-0.00124,0.00013,7e-05,-0.00078,-8e-05,-0.0018
36.24,0.00032,-0.00092,-0.0003,0.00264,-0.00067,0.0001,-4e-05,0.00443,-0.00035,-0.00264,-0.00953,0.00083,0.00056,-0.00041,0.00065,0.00222,-0.0002,-0.00053,-0.00047,-0.00017,-9e-05,0.00055,0.00117,-0,-0.00024,0.00013,0.00287,-0.00015,-0.00125,0.0001,7e-05,-0.00077,-8e-05,-0.0018
36.26,0.00033,-0.00092,-0.00029,0.00264,-0.00066,0.0001,-4e-05,0.00436,-0.00036,-0.00264,-0.0095,0.00083,0.00056,-0.0004,0.00065,0.00221,-0.00017,-0.00056,-0.00048,-0.00017,-0.0001,0.00057,0.00116,-0,-0.00024,0.00013,0.00288,-0.00014,-0.00126,7e-05,7e-05,-0.00076,-8e-05,-0.0018
36.28,0.00035,-0.00093,-0.00028,0.00264,-0.00064,0.0001,-5e-05,0.00431,-0.00036,-0.00264,-0.00948,0.00083,0.00056,-0.00038,0.00067,0.00221,-0.00014,-0.00058,-0.00049,-0.00018,-0.0001,0.00058,0.00114,-0,-0.00025,0.00013,0.00289,-0.00014,-0.00127,5e-05,7e-05,-0.00076,-8e-05,-0.0018
36.3,0.00036,-0.00093,-0.00026,0.00263,-0.00064,9e-05,-5e-05,0.00424,-0.00036,-0.00264,-0.00944,0.00083,0.00056,-0.00035,0.00067,0.00219,-0.00011,-0.0006,-0.00048,-0.00019,-0.0001,0.0006,0.00113,0,-0.00025,0.00013,0.00289,-0.00014,-0.00128,2e-05,7e-05,-0.00075,-8e-05,-0.0018
36.32,0.00036,-0.00093,-0.00021,0.00259,-0.00062,8e-05,-5e-05,0.00412,-0.00037,-0.00264,-0.00936,0.00083,0.00056,-0.00032,0.0006,0.00213,-8e-05,-0.00062,-0.00045,-0.00021,-0.0001,0.00061,0.00111,0,-0.00025,0.00013,0.00289,-0.00013,-0.00129,-1e-05,7e-05,-0.00075,-8e-05,-0.0018
36.34,0.00036,-0.00092,-0.00014,0.00254,-0.0006,6e-05,-6e-05,0.00399,-0.00037,-0.00264,-0.00926,0.00083,0.00056,-0.00028,0.00052,0.00205,-5e-05,-0.00063,-0.00041,-0.00022,-0.0001,0.00062,0.0011,0,-0.00026,0.00014,0.00288,-0.00013,-0.00129,-3e-05,7e-05,-0.00076,-8e-05,-0.0018
36.36,0.00036,-0.00092,-9e-05,0.00249,-0.00059,4e-05,-7e-05,0.00388,-0.00038,-0.00264,-0.00917,0.00083,0.00056,-0.00024,0.00047,0.00198,-3e-05,-0.00064,-0.00037,-0.00023,-0.0001,0.00063,0.00109,0,-0.00026,0.00014,0.00288,-0.00012,-0.0013,-5e-05,6e-05,-0.00076,-8e-05,-0.0018
36.38,0.00036,-0.00092,-4e-05,0.00245,-0.00057,3e-05,-8e-05,0.00374,-0.00038,-0.00264,-0.00907,0.00083,0.00056,-0.0002,0.00042,0.00193,-0,-0.00065,-0.00035,-0.00025,-0.0001,0.00064,0.00107,1e-05,-0.00027,0.00014,0.00288,-0.00012,-0.00131,-8e-05,6e-05,-0.00076,-8e-05,-0.0018
36.4,0.00036,-0.00092,1e-05,0.0024,-0.00055,3e-05,-9e-05,0.00368,-0.00038,-0.00264,-0.009,0.00083,0.00056,-0.00015,0.00039,0.00185,2e-05,-0.00065,-0.00033,-0.00025,-0.0001,0.00065,0.00106,1e-05,-0.00027,0.00014,0.00288,-0.00012,-0.00131,-0.0001,7e-05,-0.00076,-8e-05,-0.0018
36.42,0.00036,-0.00091,7e-05,0.00235,-0.00052,2e-05,-0.0001,0.00381,-0.00038,-0.00264,-0.00899,0.00083,0.00056,-7e-05,0.00038,0.0017,3e-05,-0.00063,-0.00031,-0.00026,-0.0001,0.00064,0.00104,1e-05,-0.00028,0.00014,0.00287,-0.00011,-0.00132,-0.0001,7e-05,-0.00078,-8e-05,-0.0018
36.44,0.00037,-0.00089,0.00012,0.00228,-0.00049,-0,-0.00011,0.00402,-0.00037,-0.00264,-0.009,0.00083,0.00056,1e-05,0.00038,0.00154,4e-05,-0.00061,-0.00029,-0.00026,-0.0001,0.00063,0.00102,1e-05,-0.00028,0.00014,0.00286,-0.00011,-0.00133,-0.0001,7e-05,-0.0008,-9e-05,-0.0018
36.46,0.00038,-0.00087,0.00017,0.00223,-0.00047,-2e-05,-0.00012,0.0042,-0.00037,-0.00264,-0.00899,0.00083,0.00056,7e-05,0.00039,0.00141,6e-05,-0.00059,-0.00028,-0.00025,-0.0001,0.00062,0.001,1e-05,-0.00029,0.00014,0.00286,-0.00011,-0.00133,-0.00011,7e-05,-0.00082,-9e-05,-0.0018
36.48,0.00039,-0.00086,0.00022,0.00217,-0.00044,-3e-05,-0.00013,0.00439,-0.00036,-0.00264,-0.00899,0.00083,0.00056,0.00011,0.00039,0.00129,7e-05,-0.00058,-0.00027,-0.00026,-0.0001,0.00062,0.00098,1e-05,-0.00029,0.00015,0.00285,-0.0001,-0.00134,-0.00011,7e-05,-0.00084,-9e-05,-0.0018
36.5,0.0004,-0.00084,0.00026,0.00212,-0.00041,-5e-05,-0.00014,0.00461,-0.00036,-0.00264,-0.009,0.00083,0.00056,0.00015,0.00041,0.00118,0.0001,-0.00056,-0.00027,-0.00025,-0.0001,0.00061,0.00096,1e-05,-0.0003,0.00015,0.00284,-0.0001,-0.00135,-0.00011,7e-05,-0.00086,-0.0001,-0.0018
36.52,0.00042,-0.00083,0.0003,0.00207,-0.0004,-7e-05,-0.00015,0.00494,-0.00035,-0.00264,-0.009,0.00083,0.00056,0.00018,0.00045,0.0011,0.00016,-0.00053,-0.00031,-0.00023,-0.0001,0.00062,0.00096,2e-05,-0.00031,0.00015,0.00284,-0.0001,-0.00135,-0.00012,7e-05,-0.00086,-0.0001,-0.0018
36.54,0.00044,-0.00082,0.00033,0.00203,-0.00038,-9e-05,-0.00015,0.00534,-0.00035,-0.00264,-0.009,0.00083,0.00056,0.00019,0.00051,0.00103,0.00022,-0.0005,-0.00035,-0.00021,-0.0001,0.00062,0.00096,2e-05,-0.00031,0.00015,0.00283,-0.0001,-0.00135,-0.00012,7e-05,-0.00086,-0.0001,-0.0018
36.56,0.00046,-0.00081,0.00036,0.00199,-0.00037,-0.00011,-0.00016,0.00574,-0.00035,-0.00264,-0.009,0.00083,0.00056,0.00021,0.00056,0.00097,0.00028,-0.00049,-0.00037,-0.00019,-0.0001,0.00063,0.00095,2e-05,-0.00032,0.00015,0.00282,-0.0001,-0.00135,-0.00012,7e-05,-0.00086,-0.0001,-0.0018
36.58,0.00048,-0.0008,0.0004,0.00195,-0.00035,-0.00012,-0.00017,0.00617,-0.00034,-0.00264,-0.009,0.00083,0.00056,0.00021,0.00061,0.00091,0.00033,-0.00047,-0.00039,-0.00017,-0.0001,0.00064,0.00095,2e-05,-0.00032,0.00015,0.00281,-0.0001,-0.00135,-0.00013,7e-05,-0.00086,-0.0001,-0.0018
36.6,0.0005,-0.00079,0.00043,0.00191,-0.00033,-0.00014,-0.00017,0.00664,-0.00034,-0.00264,-0.009,0.00083,0.00056,0.00022,0.00066,0.00086,0.00038,-0.00047,-0.0004,-0.00016,-0.0001,0.00065,0.00095,2e-05,-0.00033,0.00015,0.0028,-0.0001,-0.00135,-0.00013,7e-05,-0.00086,-0.0001,-0.0018
36.62,0.00052,-0.00077,0.00045,0.00188,-0.00032,-0.00016,-0.00017,0.00712,-0.00033,-0.00264,-0.00895,0.00083,0.00056,0.00021,0.00071,0.00082,0.00039,-0.0005,-0.00033,-0.00018,-0.0001,0.00066,0.00094,2e-05,-0.00033,0.00015,0.0028,-0.0001,-0.00134,-0.00014,7e-05,-0.00086,-0.0001,-0.0018
36.64,0.00055,-0.00075,0.00046,0.00184,-0.00031,-0.00017,-0.00018,0.00764,-0.00033,-0.00264,-0.00889,0.00083,0.00056,0.00021,0.00077,0.0008,0.0004,-0.00053,-0.00026,-0.00021,-0.00011,0.00068,0.00094,2e-05,-0.00033,0.00016,0.0028,-0.0001,-0.00133,-0.00014,7e-05,-0.00086,-0.0001,-0.0018
36.66,0.00058,-0.00073,0.00047,0.00181,-0.00031,-0.00018,-0.00018,0.00819,-0.00033,-0.00264,-0.00884,0.00083,0.00056,0.0002,0.00082,0.00077,0.00041,-0.00055,-0.00021,-0.00023,-0.00011,0.00069,0.00093,2e-05,-0.00034,0.00016,0.0028,-0.0001,-0.00133,-0.00015,7e-05,-0.00086,-0.0001,-0.0018
36.68,0.0006,-0.00071,0.0005,0.00178,-0.0003,-0.0002,-0.00018,0.00879,-0.00032,-0.00264,-0.00879,0.00083,0.00056,0.00018,0.00088,0.00074,0.00042,-0.00058,-0.00017,-0.00025,-0.00011,0.0007,0.00093,2e-05,-0.00034,0.00016,0.0028,-0.00011,-0.00132,-0.00016,7e-05,-0.00086,-0.0001,-0.0018
36.7,0.00063,-0.0007,0.00051,0.00175,-0.0003,-0.00021,-0.00019,0.00941,-0.00032,-0.00264,-0.00874,0.00083,0.00056,0.00016,0.00094,0.00072,0.00044,-0.00061,-0.00014,-0.00027,-0.00011,0.00072,0.00092,2e-05,-0.00034,0.00016,0.0028,-0.00011,-0.00131,-0.00016,7e-05,-0.00086,-0.0001,-0.0018
36.72,0.00065,-0.00069,0.00048,0.00174,-0.00031,-0.00022,-0.00019,0.01002,-0.00032,-0.00264,-0.00872,0.00083,0.00056,0.00014,0.00101,0.00072,0.00049,-0.00066,-0.00017,-0.00029,-0.00011,0.00074,0.00091,2e-05,-0.00034,0.00016,0.00281,-0.00011,-0.00129,-0.00017,7e-05,-0.00086,-0.0001,-0.0018
36.74,0.00068,-0.00068,0.00045,0.00174,-0.00031,-0.00022,-0.00019,0.01064,-0.00032,-0.00264,-0.0087,0.00083,0.00056,0.00011,0.00108,0.00073,0.00054,-0.0007,-0.00021,-0.00031,-0.00011,0.00076,0.00091,2e-05,-0.00035,0.00016,0.00281,-0.00011,-0.00126,-0.00017,6e-05,-0.00085,-9e-05,-0.0018
36.76,0.0007,-0.00068,0.00042,0.00173,-0.00032,-0.00023,-0.00019,0.0113,-0.00032,-0.00264,-0.00868,0.00083,0.00056,9e-05,0.00115,0.00074,0.0006,-0.00074,-0.00023,-0.00033,-0.00011,0.00078,0.0009,2e-05,-0.00035,0.00015,0.00282,-0.00011,-0.00123,-0.00017,6e-05,-0.00085,-9e-05,-0.0018
36.78,0.00072,-0.00067,0.0004,0.00172,-0.00032,-0.00024,-0.00019,0.01206,-0.00032,-0.00264,-0.00866,0.00083,0.00056,7e-05,0.00124,0.00073,0.00067,-0.00077,-0.00025,-0.00034,-0.00011,0.00079,0.00089,2e-05,-0.00035,0.00015,0.00283,-0.00011,-0.00121,-0.00017,6e-05,-0.00085,-9e-05,-0.0018
36.8,0.00074,-0.00067,0.00038,0.00171,-0.00032,-0.00024,-0.00019,0.01274,-0.00032,-0.00264,-0.00865,0.00083,0.00056,5e-05,0.00131,0.00074,0.00074,-0.0008,-0.00026,-0.00036,-0.00011,0.00081,0.00089,2e-05,-0.00035,0.00015,0.00284,-0.00011,-0.00118,-0.00018,6e-05,-0.00084,-9e-05,-0.0018
36.82,0.00076,-0.00067,0.00036,0.00172,-0.00031,-0.00023,-0.00018,0.01314,-0.00033,-0.00264,-0.00865,0.00083,0.00056,4e-05,0.00136,0.00077,0.0008,-0.0008,-0.00024,-0.00037,-0.00011,0.00084,0.00088,2e-05,-0.00036,0.00015,0.00285,-0.00011,-0.00114,-0.00017,6e-05,-0.00084,-9e-05,-0.0018
36.84,0.00077,-0.00067,0.00034,0.00172,-0.00031,-0.00023,-0.00018,0.01342,-0.00033,-0.00264,-0.00866,0.00083,0.00056,3e-05,0.0014,0.00081,0.00084,-0.00078,-0.00022,-0.00037,-0.00011,0.00087,0.00087,2e-05,-0.00036,0.00015,0.00286,-0.00011,-0.00109,-0.00017,6e-05,-0.00084,-9e-05,-0.0018
36.86,0.00078,-0.00067,0.00032,0.00173,-0.0003,-0.00022,-0.00017,0.01374,-0.00033,-0.00264,-0.00866,0.00083,0.00056,2e-05,0.00144,0.00084,0.00089,-0.00077,-0.00019,-0.00037,-0.00011,0.0009,0.00087,3e-05,-0.00036,0.00015,0.00287,-0.00011,-0.00105,-0.00017,6e-05,-0.00083,-9e-05,-0.0018
36.88,0.00079,-0.00067,0.00031,0.00173,-0.0003,-0.00022,-0.00017,0.01421,-0.00034,-0.00264,-0.00866,0.00083,0.00056,2e-05,0.00149,0.00088,0.00095,-0.00075,-0.00017,-0.00038,-0.00011,0.00093,0.00086,3e-05,-0.00037,0.00015,0.00288,-0.00011,-0.001,-0.00017,6e-05,-0.00083,-9e-05,-0.0018
36.9,0.0008,-0.00067,0.0003,0.00173,-0.00029,-0.00021,-0.00016,0.01437,-0.00034,-0.00264,-0.00867,0.00083,0.00056,1e-05,0.00153,0.0009,0.001,-0.00073,-0.00015,-0.00038,-0.00011,0.00095,0.00085,3e-05,-0.00037,0.00015,0.00289,-0.00011,-0.00097,-0.00017,6e-05,-0.00083,-9e-05,-0.0018
36.92,0.0008,-0.00069,0.00028,0.00172,-0.00029,-0.0002,-0.00015,0.01368,-0.00034,-0.00264,-0.00871,0.00083,0.00056,1e-05,0.0015,0.00085,0.00099,-0.0007,-0.00014,-0.00037,-0.00011,0.00097,0.00085,3e-05,-0.00037,0.00015,0.00289,-0.00012,-0.00095,-0.00017,6e-05,-0.00083,-9e-05,-0.0018
36.94,0.0008,-0.00071,0.00027,0.00171,-0.00028,-0.00019,-0.00013,0.01275,-0.00033,-0.00265,-0.00876,0.00083,0.00056,1e-05,0.00144,0.00077,0.00096,-0.00066,-0.00014,-0.00036,-0.00011,0.00098,0.00085,3e-05,-0.00038,0.00015,0.0029,-0.00012,-0.00093,-0.00016,6e-05,-0.00083,-9e-05,-0.0018
36.96,0.0008,-0.00072,0.00026,0.0017,-0.00028,-0.00019,-0.00012,0.01201,-0.00033,-0.00265,-0.0088,0.00083,0.00056,0,0.00141,0.00071,0.00093,-0.00063,-0.00014,-0.00035,-0.00011,0.00099,0.00084,3e-05,-0.00038,0.00015,0.0029,-0.00012,-0.00092,-0.00016,6e-05,-0.00083,-9e-05,-0.0018
36.98,0.0008,-0.00074,0.00025,0.00168,-0.00027,-0.00018,-0.00011,0.01126,-0.00033,-0.00265,-0.00885,0.00083,0.00056,-1e-05,0.00137,0.00066,0.00092,-0.00061,-0.00014,-0.00034,-0.00011,0.00101,0.00084,2e-05,-0.00038,0.00015,0.00291,-0.00012,-0.00089,-0.00016,7e-05,-0.00083,-9e-05,-0.0018
37,0.0008,-0.00075,0.00024,0.00168,-0.00027,-0.00018,-0.00011,0.01064,-0.00033,-0.00265,-0.00889,0.00083,0.00056,-2e-05,0.00134,0.0006,0.00087,-0.00057,-0.00014,-0.00033,-0.00011,0.00102,0.00084,2e-05,-0.00038,0.00015,0.00291,-0.00012,-0.00089,-0.00016,7e-05,-0.00083,-9e-05,-0.0018
37.02,0.0008,-0.00074,0.00023,0.00168,-0.00027,-0.00018,-0.00011,0.01031,-0.00034,-0.00265,-0.00887,0.00083,0.00056,-3e-05,0.00135,0.0005,0.00072,-0.00049,-0.00014,-0.00029,-0.00011,0.00099,0.00083,2e-05,-0.00038,0.00015,0.00292,-0.00012,-0.00091,-0.00016,7e-05,-0.00084,-9e-05,-0.0018
37.04,0.0008,-0.00073,0.00022,0.0017,-0.00028,-0.00018,-0.00011,0.01009,-0.00034,-0.00265,-0.00884,0.00083,0.00057,-5e-05,0.00136,0.00041,0.00056,-0.00042,-0.00014,-0.00026,-0.00011,0.00095,0.00082,2e-05,-0.00037,0.00015,0.00292,-0.00012,-0.00095,-0.00016,7e-05,-0.00084,-9e-05,-0.0018
37.06,0.0008,-0.00071,0.00021,0.00171,-0.00029,-0.00018,-0.00012,0.00984,-0.00035,-0.00265,-0.00881,0.00083,0.00057,-7e-05,0.00137,0.00035,0.00044,-0.00038,-0.00015,-0.00023,-0.00011,0.00092,0.00082,2e-05,-0.00037,0.00015,0.00292,-0.00012,-0.00099,-0.00017,7e-05,-0.00085,-9e-05,-0.0018
37.08,0.0008,-0.0007,0.0002,0.00172,-0.00029,-0.00018,-0.00012,0.00955,-0.00036,-0.00265,-0.00879,0.00083,0.00056,-9e-05,0.00138,0.0003,0.00034,-0.00034,-0.00017,-0.0002,-0.00011,0.00088,0.00081,2e-05,-0.00036,0.00015,0.00292,-0.00013,-0.00102,-0.00017,7e-05,-0.00085,-9e-05,-0.0018
37.1,0.0008,-0.00069,0.00018,0.00173,-0.0003,-0.00017,-0.00011,0.00938,-0.00037,-0.00265,-0.00875,0.00083,0.00056,-0.00011,0.00139,0.00028,0.00025,-0.00034,-0.0002,-0.00018,-0.00011,0.00085,0.00081,1e-05,-0.00036,0.00015,0.00292,-0.00013,-0.00105,-0.00017,7e-05,-0.00085,-9e-05,-0.0018
37.12,0.0008,-0.00066,0.00016,0.00175,-0.00032,-0.00016,-0.00011,0.0096,-0.00038,-0.00265,-0.00868,0.00083,0.00056,-0.00014,0.00143,0.00031,0.00017,-0.0004,-0.00025,-0.00019,-0.00011,0.00085,0.00081,1e-05,-0.00035,0.00015,0.00292,-0.00013,-0.00105,-0.00016,7e-05,-0.00085,-9e-05,-0.0018
37.14,0.0008,-0.00064,0.00013,0.00178,-0.00033,-0.00015,-0.00011,0.00993,-0.00039,-0.00264,-0.0086,0.00083,0.00056,-0.00017,0.00148,0.00037,0.00011,-0.00048,-0.0003,-0.00021,-0.0001,0.00085,0.00082,1e-05,-0.00035,0.00015,0.00292,-0.00013,-0.00103,-0.00015,7e-05,-0.00085,-9e-05,-0.0018
37.16,0.0008,-0.00061,0.0001,0.0018,-0.00034,-0.00015,-0.0001,0.01017,-0.0004,-0.00264,-0.00852,0.00083,0.00056,-0.0002,0.00152,0.00042,6e-05,-0.00054,-0.00035,-0.00022,-0.0001,0.00084,0.00083,1e-05,-0.00035,0.00015,0.00292,-0.00013,-0.00102,-0.00013,7e-05,-0.00085,-9e-05,-0.0018
37.18,0.0008,-0.00059,8e-05,0.00182,-0.00035,-0.00015,-9e-05,0.01062,-0.00041,-0.00264,-0.00845,0.00083,0.00055,-0.00022,0.00157,0.00047,1e-05,-0.0006,-0.00039,-0.00024,-0.0001,0.00084,0.00083,1e-05,-0.00034,0.00015,0.00292,-0.00013,-0.00101,-0.00012,7e-05,-0.00085,-9e-05,-0.0018
37.2,0.0008,-0.00057,5e-05,0.00184,-0.00036,-0.00015,-7e-05,0.01066,-0.00042,-0.00264,-0.00838,0.00082,0.00055,-0.00025,0.00159,0.00053,-3e-05,-0.00065,-0.00043,-0.00025,-0.0001,0.00083,0.00084,1e-05,-0.00034,0.00014,0.00292,-0.00013,-0.001,-0.00011,8e-05,-0.00084,-9e-05,-0.0018
37.22,0.0008,-0.00058,1e-05,0.00189,-0.00037,-0.00013,-5e-05,0.00959,-0.00043,-0.00263,-0.0083,0.00082,0.00054,-0.00026,0.00153,0.00059,-6e-05,-0.00067,-0.00048,-0.00026,-0.0001,0.00082,0.00086,0,-0.00034,0.00014,0.00292,-0.00013,-0.00101,-0.0001,8e-05,-0.00085,-9e-05,-0.0018
37.24,0.00079,-0.00059,-3e-05,0.00194,-0.00039,-0.0001,-2e-05,0.00829,-0.00045,-0.00263,-0.00823,0.00082,0.00053,-0.00028,0.00144,0.00066,-8e-05,-0.00068,-0.00052,-0.00026,-0.0001,0.00081,0.00088,0,-0.00033,0.00014,0.00292,-0.00014,-0.00102,-9e-05,8e-05,-0.00085,-9e-05,-0.0018
37.26,0.00078,-0.0006,-7e-05,0.00199,-0.0004,-8e-05,0,0.00728,-0.00046,-0.00262,-0.00817,0.00082,0.00052,-0.00028,0.00136,0.00073,-0.00011,-0.00069,-0.00055,-0.00026,-0.0001,0.0008,0.0009,0,-0.00033,0.00014,0.00292,-0.00014,-0.00103,-7e-05,8e-05,-0.00086,-0.0001,-0.0018
37.28,0.00077,-0.00061,-0.0001,0.00204,-0.00041,-6e-05,2e-05,0.00641,-0.00048,-0.00263,-0.00807,0.00082,0.00052,-0.00028,0.0013,0.00078,-0.00014,-0.00068,-0.00058,-0.00025,-9e-05,0.00078,0.00091,0,-0.00033,0.00014,0.00292,-0.00014,-0.00104,-6e-05,9e-05,-0.00086,-0.0001,-0.0018
37.3,0.00077,-0.00062,-0.00013,0.00208,-0.00042,-3e-05,4e-05,0.00556,-0.00049,-0.0026,-0.00806,0.00082,0.0005,-0.00027,0.00123,0.00086,-0.00016,-0.00066,-0.00059,-0.00025,-9e-05,0.00077,0.00093,-0,-0.00033,0.00015,0.00291,-0.00014,-0.00106,-5e-05,9e-05,-0.00086,-0.0001,-0.0018
37.32,0.00076,-0.00065,-0.00016,0.00211,-0.00044,0,6e-05,0.00465,-0.00047,-0.00251,-0.00832,0.00081,0.00046,-0.00026,0.00112,0.00105,-0.00021,-0.00064,-0.00051,-0.00026,-9e-05,0.00076,0.00096,-0,-0.00033,0.00015,0.0029,-0.00014,-0.00108,-4e-05,9e-05,-0.00087,-0.0001,-0.0018
37.34,0.00076,-0.00068,-0.00018,0.00214,-0.00045,4e-05,7e-05,0.00384,-0.00045,-0.0024,-0.00868,0.00081,0.00042,-0.00024,0.00102,0.00133,-0.00026,-0.00061,-0.00043,-0.00028,-9e-05,0.00075,0.00099,-1e-05,-0.00033,0.00015,0.0029,-0.00014,-0.00111,-3e-05,9e-05,-0.00088,-0.0001,-0.0018
37.36,0.00076,-0.00071,-0.0002,0.00216,-0.00046,8e-05,7e-05,0.0032,-0.00044,-0.00231,-0.00899,0.00081,0.00038,-0.00022,0.00093,0.00165,-0.00029,-0.00057,-0.00036,-0.00028,-8e-05,0.00074,0.00102,-1e-05,-0.00032,0.00015,0.00288,-0.00014,-0.00113,-2e-05,9e-05,-0.00089,-0.0001,-0.0018
37.38,0.00075,-0.00074,-0.00022,0.00219,-0.00047,0.00012,7e-05,0.00262,-0.00042,-0.00221,-0.00935,0.0008,0.00035,-0.0002,0.00084,0.00214,-0.00033,-0.00055,-0.00031,-0.0003,-8e-05,0.00073,0.00105,-1e-05,-0.00032,0.00015,0.00288,-0.00014,-0.00116,-1e-05,9e-05,-0.0009,-0.0001,-0.0018
37.4,0.00075,-0.00076,-0.00023,0.00221,-0.00048,0.00015,6e-05,0.00223,-0.00041,-0.00213,-0.00965,0.0008,0.00032,-0.00018,0.0008,0.00263,-0.00035,-0.0005,-0.00027,-0.00029,-8e-05,0.00073,0.00108,-1e-05,-0.00032,0.00015,0.00286,-0.00014,-0.00118,-0,9e-05,-0.0009,-0.00011,-0.0018
37.42,0.00075,-0.00078,-0.00023,0.00222,-0.00047,0.00016,4e-05,0.00209,-0.00041,-0.00208,-0.00973,0.0008,0.00033,-0.00016,0.00086,0.00267,-0.00035,-0.00036,-0.00028,-0.00023,-8e-05,0.00073,0.00111,-1e-05,-0.00032,0.00016,0.00279,-0.00014,-0.00121,0,9e-05,-0.00091,-0.00011,-0.0018
37.44,0.00075,-0.00079,-0.00021,0.00222,-0.00047,0.00017,3e-05,0.00204,-0.00041,-0.00205,-0.00973,0.0008,0.00034,-0.00013,0.00095,0.00254,-0.00033,-0.00021,-0.0003,-0.00016,-8e-05,0.00073,0.00114,-1e-05,-0.00032,0.00016,0.00271,-0.00013,-0.00122,0,9e-05,-0.00091,-0.00011,-0.0018
37.46,0.00075,-0.0008,-0.0002,0.00222,-0.00046,0.00018,1e-05,0.00196,-0.00041,-0.00202,-0.00977,0.0008,0.00035,-0.00011,0.00102,0.00249,-0.00032,-0.00012,-0.0003,-0.00011,-8e-05,0.00073,0.00116,-1e-05,-0.00032,0.00017,0.00263,-0.00013,-0.00124,1e-05,9e-05,-0.00092,-0.00011,-0.0018
37.48,0.00075,-0.00081,-0.00019,0.00222,-0.00046,0.0002,-0,0.00187,-0.00041,-0.00198,-0.00981,0.0008,0.00035,-0.0001,0.00111,0.00244,-0.00031,-5e-05,-0.00031,-5e-05,-8e-05,0.00073,0.00119,-1e-05,-0.00031,0.00017,0.00256,-0.00013,-0.00126,1e-05,9e-05,-0.00092,-0.00011,-0.0018
37.5,0.00076,-0.00082,-0.00018,0.00222,-0.00046,0.0002,-2e-05,0.00182,-0.00041,-0.00196,-0.00983,0.00081,0.00036,-9e-05,0.00117,0.00238,-0.0003,-2e-05,-0.0003,-1e-05,-8e-05,0.00073,0.00121,-1e-05,-0.00031,0.00017,0.00249,-0.00013,-0.00128,2e-05,9e-05,-0.00093,-0.00011,-0.0018
37.52,0.00076,-0.00082,-0.00017,0.00222,-0.00046,0.00018,-3e-05,0.00184,-0.00041,-0.00197,-0.00982,0.00081,0.00036,-9e-05,0.00115,0.00236,-0.00027,-7e-05,-0.00027,-2e-05,-8e-05,0.00073,0.00123,-1e-05,-0.00031,0.00017,0.00244,-0.00014,-0.00129,2e-05,9e-05,-0.00092,-0.00011,-0.0018
37.54,0.00076,-0.00083,-0.00016,0.00222,-0.00046,0.00015,-4e-05,0.00189,-0.0004,-0.00199,-0.00979,0.00081,0.00037,-9e-05,0.0011,0.00234,-0.00024,-0.00014,-0.00023,-5e-05,-8e-05,0.00073,0.00124,-1e-05,-0.00031,0.00017,0.00241,-0.00014,-0.00129,2e-05,9e-05,-0.00092,-0.00011,-0.0018
37.56,0.00076,-0.00083,-0.00014,0.00222,-0.00046,0.00013,-5e-05,0.00193,-0.0004,-0.002,-0.00977,0.00081,0.00037,-9e-05,0.00107,0.00232,-0.00021,-0.0002,-0.0002,-7e-05,-8e-05,0.00072,0.00125,-1e-05,-0.00031,0.00018,0.00237,-0.00014,-0.00129,3e-05,9e-05,-0.00092,-0.00011,-0.0018
37.58,0.00076,-0.00083,-0.00013,0.00223,-0.00046,0.00011,-6e-05,0.00196,-0.0004,-0.00201,-0.00975,0.00081,0.00037,-9e-05,0.00104,0.00231,-0.0002,-0.00024,-0.00017,-9e-05,-8e-05,0.00072,0.00127,-0,-0.00031,0.00018,0.00233,-0.00014,-0.0013,3e-05,9e-05,-0.00092,-0.00011,-0.0018
37.6,0.00076,-0.00083,-0.00012,0.00223,-0.00045,0.0001,-7e-05,0.002,-0.0004,-0.00204,-0.00973,0.00081,0.00037,-0.0001,0.001,0.0023,-0.00018,-0.00029,-0.00014,-0.0001,-9e-05,0.00072,0.00128,-0,-0.00031,0.00018,0.0023,-0.00014,-0.0013,4e-05,9e-05,-0.00091,-0.00011,-0.0018
37.62,0.00076,-0.00082,-0.0001,0.00221,-0.00044,9e-05,-7e-05,0.0021,-0.00039,-0.00208,-0.0097,0.00081,0.00037,-0.0001,0.00094,0.00228,-0.00018,-0.00031,-0.0001,-0.00012,-9e-05,0.00072,0.00128,-0,-0.00031,0.00017,0.00232,-0.00014,-0.00129,4e-05,9e-05,-0.0009,-0.00011,-0.0018
37.64,0.00076,-0.00081,-8e-05,0.0022,-0.00043,8e-05,-7e-05,0.00222,-0.00039,-0.00214,-0.00966,0.00081,0.00037,-0.0001,0.00087,0.00226,-0.00017,-0.00033,-6e-05,-0.00015,-9e-05,0.00073,0.00127,0,-0.00031,0.00017,0.00235,-0.00014,-0.00126,5e-05,9e-05,-0.0009,-0.0001,-0.0018
37.66,0.00076,-0.00081,-6e-05,0.00218,-0.00042,7e-05,-8e-05,0.00233,-0.00039,-0.0022,-0.00963,0.00081,0.00037,-0.0001,0.00082,0.00224,-0.00017,-0.00034,-5e-05,-0.00016,-9e-05,0.00073,0.00126,1e-05,-0.00031,0.00017,0.00238,-0.00014,-0.00125,5e-05,8e-05,-0.00089,-0.0001,-0.0018
37.68,0.00076,-0.0008,-4e-05,0.00217,-0.00041,6e-05,-8e-05,0.00245,-0.00038,-0.00225,-0.00959,0.00081,0.00038,-0.0001,0.00076,0.00221,-0.00017,-0.00034,-3e-05,-0.00018,-9e-05,0.00073,0.00125,1e-05,-0.00031,0.00017,0.00241,-0.00014,-0.00123,5e-05,8e-05,-0.00088,-0.0001,-0.0018
37.7,0.00076,-0.00079,-3e-05,0.00216,-0.0004,5e-05,-8e-05,0.00257,-0.00038,-0.00231,-0.00956,0.00081,0.00038,-9e-05,0.00074,0.0022,-0.00017,-0.00034,-4e-05,-0.00018,-0.0001,0.00073,0.00124,1e-05,-0.00031,0.00017,0.00244,-0.00014,-0.00121,5e-05,8e-05,-0.00087,-0.0001,-0.0018
37.72,0.00076,-0.00079,-3e-05,0.00215,-0.0004,4e-05,-8e-05,0.0027,-0.00038,-0.00236,-0.00957,0.00081,0.00039,-9e-05,0.00078,0.0022,-0.00017,-0.00034,-9e-05,-0.00017,-0.0001,0.00075,0.00123,1e-05,-0.00031,0.00017,0.0025,-0.00014,-0.00117,5e-05,8e-05,-0.00086,-0.0001,-0.0018
37.74,0.00077,-0.00078,-4e-05,0.00215,-0.0004,4e-05,-7e-05,0.00283,-0.00038,-0.00241,-0.00959,0.00081,0.00039,-8e-05,0.00084,0.00222,-0.00017,-0.00033,-0.00015,-0.00016,-0.0001,0.00078,0.00121,1e-05,-0.00032,0.00016,0.00256,-0.00014,-0.00112,5e-05,8e-05,-0.00086,-0.0001,-0.0018
37.76,0.00077,-0.00078,-4e-05,0.00214,-0.0004,3e-05,-7e-05,0.00296,-0.00038,-0.00246,-0.0096,0.00081,0.0004,-8e-05,0.0009,0.00223,-0.00017,-0.00032,-0.00021,-0.00015,-0.0001,0.0008,0.0012,2e-05,-0.00032,0.00016,0.00262,-0.00014,-0.00108,5e-05,8e-05,-0.00085,-9e-05,-0.0018
37.78,0.00077,-0.00077,-4e-05,0.00214,-0.00039,2e-05,-7e-05,0.00312,-0.00038,-0.00252,-0.00962,0.00081,0.00041,-7e-05,0.00095,0.00224,-0.00017,-0.00032,-0.00025,-0.00014,-0.0001,0.00082,0.00118,2e-05,-0.00032,0.00016,0.00269,-0.00014,-0.00104,5e-05,7e-05,-0.00084,-9e-05,-0.0018
37.8,0.00077,-0.00077,-4e-05,0.00214,-0.00039,1e-05,-7e-05,0.00325,-0.00038,-0.00256,-0.00961,0.00081,0.00042,-7e-05,0.00101,0.00226,-0.00015,-0.00031,-0.00029,-0.00013,-0.0001,0.00084,0.00116,2e-05,-0.00033,0.00015,0.00275,-0.00014,-0.001,4e-05,7e-05,-0.00084,-9e-05,-0.0018
37.82,0.00077,-0.00076,-4e-05,0.00213,-0.00039,1e-05,-7e-05,0.00327,-0.00038,-0.00258,-0.0095,0.00082,0.00045,-6e-05,0.00107,0.00227,-0.00013,-0.0003,-0.00032,-0.00011,-0.0001,0.00084,0.00114,2e-05,-0.00033,0.00015,0.00278,-0.00014,-0.00099,3e-05,7e-05,-0.00084,-9e-05,-0.0018
37.84,0.00078,-0.00075,-4e-05,0.00212,-0.00038,2e-05,-6e-05,0.00325,-0.00038,-0.00258,-0.00936,0.00082,0.00048,-6e-05,0.00114,0.00228,-0.0001,-0.00028,-0.00034,-0.0001,-0.0001,0.00084,0.00112,2e-05,-0.00033,0.00015,0.00282,-0.00014,-0.00098,2e-05,7e-05,-0.00084,-9e-05,-0.0018
37.86,0.00078,-0.00075,-4e-05,0.00211,-0.00038,2e-05,-6e-05,0.00325,-0.00038,-0.0026,-0.00923,0.00082,0.00051,-5e-05,0.0012,0.00229,-7e-05,-0.00028,-0.00035,-0.0001,-0.0001,0.00085,0.0011,2e-05,-0.00033,0.00015,0.00285,-0.00014,-0.00098,1e-05,7e-05,-0.00084,-9e-05,-0.0018
37.88,0.00078,-0.00074,-3e-05,0.00211,-0.00037,2e-05,-6e-05,0.00325,-0.00038,-0.00261,-0.0091,0.00083,0.00054,-5e-05,0.00128,0.00231,-4e-05,-0.00028,-0.00035,-9e-05,-0.0001,0.00085,0.00109,2e-05,-0.00034,0.00015,0.00289,-0.00014,-0.00097,1e-05,7e-05,-0.00084,-9e-05,-0.0018
37.9,0.00078,-0.00073,-2e-05,0.0021,-0.00037,2e-05,-6e-05,0.00326,-0.00038,-0.00262,-0.00899,0.00083,0.00056,-4e-05,0.00133,0.00231,-1e-05,-0.00029,-0.00035,-9e-05,-0.0001,0.00085,0.00107,2e-05,-0.00034,0.00014,0.00291,-0.00013,-0.00096,-0,7e-05,-0.00084,-9e-05,-0.0018
37.92,0.00078,-0.00072,-1e-05,0.00209,-0.00036,1e-05,-6e-05,0.0033,-0.00037,-0.00262,-0.00892,0.00083,0.00057,-4e-05,0.00131,0.00226,5e-05,-0.00034,-0.00035,-0.0001,-0.0001,0.00084,0.00105,2e-05,-0.00033,0.00014,0.00292,-0.00013,-0.00098,-2e-05,7e-05,-0.00084,-9e-05,-0.0018
37.94,0.00079,-0.00071,-0,0.00208,-0.00035,0,-7e-05,0.00335,-0.00037,-0.00263,-0.00886,0.00083,0.00057,-3e-05,0.00126,0.00221,0.00011,-0.00039,-0.00035,-0.00012,-0.0001,0.00083,0.00102,1e-05,-0.00033,0.00014,0.00291,-0.00013,-0.00101,-4e-05,7e-05,-0.00084,-9e-05,-0.0018
37.96,0.00079,-0.0007,1e-05,0.00207,-0.00034,-1e-05,-7e-05,0.0034,-0.00037,-0.00263,-0.0088,0.00083,0.00057,-2e-05,0.00122,0.00215,0.00016,-0.00044,-0.00033,-0.00014,-0.0001,0.00082,0.001,1e-05,-0.00033,0.00014,0.00291,-0.00013,-0.00103,-5e-05,7e-05,-0.00085,-9e-05,-0.0018
37.98,0.00079,-0.00069,2e-05,0.00206,-0.00034,-1e-05,-8e-05,0.00344,-0.00037,-0.00264,-0.00874,0.00083,0.00058,-1e-05,0.00119,0.00211,0.0002,-0.00048,-0.00033,-0.00015,-0.00011,0.00081,0.00098,1e-05,-0.00033,0.00014,0.00292,-0.00012,-0.00105,-7e-05,7e-05,-0.00085,-9e-05,-0.0018
38,0.00079,-0.00068,4e-05,0.00205,-0.00033,-2e-05,-8e-05,0.0035,-0.00036,-0.00264,-0.00869,0.00083,0.00058,0,0.00114,0.00205,0.00023,-0.00051,-0.0003,-0.00017,-0.00011,0.0008,0.00097,1e-05,-0.00032,0.00014,0.00291,-0.00012,-0.00107,-8e-05,7e-05,-0.00086,-0.0001,-0.0018
38.02,0.0008,-0.00068,6e-05,0.00203,-0.00032,-3e-05,-9e-05,0.00361,-0.00036,-0.00265,-0.00867,0.00083,0.00058,2e-05,0.00103,0.00195,0.00024,-0.0005,-0.0002,-0.00019,-0.00011,0.00081,0.00096,1e-05,-0.00033,0.00014,0.00291,-0.00012,-0.00108,-9e-05,7e-05,-0.00086,-0.0001,-0.0018
38.04,0.00081,-0.00068,9e-05,0.00201,-0.00032,-3e-05,-0.0001,0.00373,-0.00037,-0.00264,-0.00866,0.00083,0.00057,5e-05,0.00092,0.00184,0.00024,-0.00049,-0.0001,-0.00022,-0.00011,0.00082,0.00096,2e-05,-0.00033,0.00015,0.00291,-0.00012,-0.00108,-9e-05,7e-05,-0.00086,-0.0001,-0.0018
38.06,0.00082,-0.00068,0.00012,0.002,-0.00031,-4e-05,-0.00011,0.00386,-0.00037,-0.00264,-0.00864,0.00083,0.00057,6e-05,0.00083,0.00174,0.00025,-0.00049,-3e-05,-0.00024,-0.00011,0.00083,0.00096,2e-05,-0.00033,0.00015,0.0029,-0.00012,-0.00109,-0.0001,7e-05,-0.00086,-0.0001,-0.0018
38.08,0.00083,-0.00068,0.00014,0.00198,-0.0003,-5e-05,-0.00012,0.00397,-0.00037,-0.00264,-0.00862,0.00083,0.00057,8e-05,0.00074,0.00166,0.00026,-0.00049,2e-05,-0.00026,-0.00011,0.00084,0.00096,2e-05,-0.00033,0.00015,0.0029,-0.00012,-0.00109,-0.00011,7e-05,-0.00087,-0.0001,-0.0018
38.1,0.00084,-0.00067,0.00016,0.00196,-0.0003,-6e-05,-0.00012,0.00413,-0.00036,-0.00264,-0.00861,0.00083,0.00056,9e-05,0.00069,0.00156,0.00028,-0.0005,4e-05,-0.00028,-0.00011,0.00086,0.00096,2e-05,-0.00033,0.00015,0.00289,-0.00012,-0.0011,-0.00011,7e-05,-0.00087,-0.0001,-0.0018
38.12,0.00085,-0.00066,0.00017,0.00195,-0.0003,-7e-05,-0.00013,0.00444,-0.00036,-0.00264,-0.00861,0.00083,0.00056,0.0001,0.0007,0.00136,0.00033,-0.00052,1e-05,-0.00028,-0.00011,0.00087,0.00096,2e-05,-0.00034,0.00015,0.00287,-0.00012,-0.00109,-0.00011,7e-05,-0.00087,-0.0001,-0.0018
38.14,0.00086,-0.00065,0.00019,0.00193,-0.0003,-9e-05,-0.00014,0.00483,-0.00036,-0.00264,-0.00861,0.00083,0.00056,0.0001,0.00074,0.00117,0.0004,-0.00054,-4e-05,-0.00027,-0.00011,0.00089,0.00096,2e-05,-0.00034,0.00015,0.00285,-0.00011,-0.00108,-0.00011,7e-05,-0.00086,-0.0001,-0.0018
38.16,0.00087,-0.00064,0.0002,0.00192,-0.0003,-0.0001,-0.00014,0.00523,-0.00035,-0.00264,-0.00861,0.00083,0.00056,0.0001,0.00076,0.00103,0.00045,-0.00057,-8e-05,-0.00027,-0.0001,0.00091,0.00097,2e-05,-0.00034,0.00016,0.00283,-0.00011,-0.00107,-0.00012,7e-05,-0.00086,-0.0001,-0.0018
38.18,0.00089,-0.00063,0.0002,0.0019,-0.0003,-0.00011,-0.00015,0.00567,-0.00035,-0.00264,-0.0086,0.00083,0.00056,0.0001,0.00079,0.00088,0.00052,-0.00058,-0.00011,-0.00027,-0.0001,0.00093,0.00097,2e-05,-0.00035,0.00016,0.0028,-0.00011,-0.00106,-0.00012,7e-05,-0.00086,-0.0001,-0.0018
38.2,0.0009,-0.00062,0.00021,0.00189,-0.0003,-0.00013,-0.00015,0.00612,-0.00034,-0.00264,-0.00861,0.00083,0.00056,0.0001,0.00081,0.0008,0.00059,-0.0006,-0.00014,-0.00027,-0.0001,0.00095,0.00097,2e-05,-0.00035,0.00016,0.00278,-0.00011,-0.00105,-0.00012,7e-05,-0.00086,-0.0001,-0.0018
38.22,0.00091,-0.00062,0.00022,0.00186,-0.0003,-0.00014,-0.00015,0.00653,-0.00033,-0.00264,-0.00866,0.00083,0.00056,9e-05,0.00082,0.00082,0.00066,-0.00065,-0.00016,-0.0003,-0.0001,0.00096,0.00097,2e-05,-0.00035,0.00016,0.00277,-0.00011,-0.00104,-0.00012,7e-05,-0.00086,-0.0001,-0.0018
38.24,0.00093,-0.00062,0.00022,0.00184,-0.0003,-0.00015,-0.00015,0.00695,-0.00033,-0.00264,-0.00873,0.00083,0.00056,9e-05,0.00083,0.00088,0.00074,-0.00069,-0.00017,-0.00033,-0.0001,0.00097,0.00098,2e-05,-0.00036,0.00016,0.00276,-0.00011,-0.00102,-0.00011,7e-05,-0.00085,-9e-05,-0.0018
38.26,0.00095,-0.00061,0.00022,0.00182,-0.0003,-0.00016,-0.00015,0.0074,-0.00032,-0.00264,-0.00879,0.00083,0.00056,8e-05,0.00085,0.00092,0.00083,-0.0007,-0.00017,-0.00036,-0.0001,0.00098,0.00098,2e-05,-0.00036,0.00016,0.00275,-0.00012,-0.00101,-0.00011,7e-05,-0.00085,-9e-05,-0.0018
38.28,0.00097,-0.00061,0.00022,0.00179,-0.0003,-0.00017,-0.00015,0.00789,-0.00031,-0.00264,-0.00886,0.00083,0.00056,7e-05,0.00085,0.00097,0.00095,-0.0007,-0.00015,-0.00038,-0.0001,0.00099,0.00098,2e-05,-0.00036,0.00017,0.00274,-0.00012,-0.00099,-0.00011,7e-05,-0.00084,-9e-05,-0.0018
38.3,0.00098,-0.00061,0.00021,0.00178,-0.00031,-0.00017,-0.00015,0.00837,-0.00031,-0.00264,-0.00891,0.00083,0.00056,5e-05,0.00087,0.001,0.00107,-0.00066,-0.00012,-0.00039,-0.0001,0.001,0.00098,2e-05,-0.00037,0.00017,0.00273,-0.00012,-0.00098,-0.00011,7e-05,-0.00084,-9e-05,-0.0018
38.32,0.00099,-0.0006,0.00019,0.00179,-0.00032,-0.00018,-0.00015,0.00881,-0.00031,-0.00264,-0.00889,0.00083,0.00056,4e-05,0.0009,0.00095,0.00109,-0.00054,-7e-05,-0.00038,-0.0001,0.00102,0.00098,2e-05,-0.00037,0.00016,0.00274,-0.00012,-0.00095,-0.00011,7e-05,-0.00084,-9e-05,-0.0018
38.34,0.00099,-0.00059,0.00015,0.00182,-0.00034,-0.00018,-0.00015,0.00922,-0.00031,-0.00264,-0.00884,0.00083,0.00056,3e-05,0.00093,0.00089,0.00107,-0.00038,0,-0.00036,-0.0001,0.00104,0.00098,2e-05,-0.00037,0.00016,0.00276,-0.00012,-0.00093,-0.00011,7e-05,-0.00083,-9e-05,-0.0018
38.36,0.00099,-0.00059,0.00013,0.00184,-0.00035,-0.00018,-0.00015,0.00966,-0.00031,-0.00264,-0.00881,0.00083,0.00056,1e-05,0.00096,0.00084,0.00107,-0.00022,8e-05,-0.00034,-0.0001,0.00106,0.00097,2e-05,-0.00038,0.00016,0.00278,-0.00012,-0.00091,-0.00011,6e-05,-0.00083,-9e-05,-0.0018
38.38,0.001,-0.00058,0.0001,0.00186,-0.00036,-0.00017,-0.00015,0.01018,-0.00031,-0.00264,-0.00876,0.00083,0.00056,-1e-05,0.001,0.00079,0.00107,-0.00012,0.00014,-0.00032,-0.0001,0.00108,0.00097,2e-05,-0.00038,0.00016,0.00279,-0.00012,-0.00089,-0.00011,6e-05,-0.00083,-9e-05,-0.0018
38.4,0.001,-0.00058,7e-05,0.00189,-0.00037,-0.00016,-0.00015,0.0106,-0.00031,-0.00264,-0.00874,0.00083,0.00056,-2e-05,0.00103,0.00075,0.00107,-7e-05,0.00021,-0.0003,-0.00011,0.00109,0.00097,2e-05,-0.00038,0.00016,0.00281,-0.00012,-0.00087,-0.00012,6e-05,-0.00083,-9e-05,-0.0018
38.42,0.00101,-0.00058,4e-05,0.00191,-0.00037,-0.00015,-0.00015,0.01069,-0.00031,-0.00264,-0.00881,0.00083,0.00056,-4e-05,0.00105,0.00074,0.00108,0.00018,0.00034,-0.00026,-0.00011,0.0011,0.00096,2e-05,-0.00038,0.00016,0.00283,-0.00012,-0.00087,-0.00013,6e-05,-0.00083,-9e-05,-0.0018
38.44,0.00102,-0.00058,0,0.00194,-0.00038,-0.00014,-0.00015,0.01066,-0.00031,-0.00264,-0.0089,0.00083,0.00056,-5e-05,0.00107,0.00074,0.00108,0.00043,0.00045,-0.00021,-0.00011,0.00111,0.00095,2e-05,-0.00038,0.00016,0.00285,-0.00012,-0.00088,-0.00014,6e-05,-0.00083,-9e-05,-0.0018
38.46,0.00104,-0.00058,-3e-05,0.00197,-0.00039,-0.00013,-0.00014,0.01068,-0.00031,-0.00264,-0.00897,0.00083,0.00056,-7e-05,0.00109,0.00073,0.00109,0.00061,0.00053,-0.00017,-0.00011,0.00112,0.00094,2e-05,-0.00038,0.00015,0.00287,-0.00012,-0.00088,-0.00015,6e-05,-0.00083,-9e-05,-0.0018
38.48,0.00105,-0.00058,-6e-05,0.00199,-0.0004,-0.00012,-0.00014,0.01072,-0.00031,-0.00264,-0.00906,0.00083,0.00056,-7e-05,0.00112,0.00073,0.0011,0.00081,0.0006,-0.00013,-0.00011,0.00113,0.00094,2e-05,-0.00038,0.00015,0.00289,-0.00012,-0.00088,-0.00016,6e-05,-0.00084,-9e-05,-0.0018
38.5,0.00106,-0.00058,-8e-05,0.00202,-0.00041,-0.00011,-0.00014,0.01069,-0.00031,-0.00264,-0.00913,0.00083,0.00056,-8e-05,0.00113,0.00072,0.00111,0.001,0.00064,-0.0001,-0.00011,0.00114,0.00093,2e-05,-0.00038,0.00015,0.0029,-0.00012,-0.00089,-0.00016,6e-05,-0.00084,-9e-05,-0.0018
38.52,0.00107,-0.00057,-0.00013,0.00207,-0.00044,-0.0001,-0.00014,0.01053,-0.00032,-0.00264,-0.00913,0.00083,0.00056,-8e-05,0.00112,0.00072,0.00111,0.00097,0.00059,-0.0001,-0.00011,0.00113,0.00092,2e-05,-0.00038,0.00015,0.00291,-0.00012,-0.0009,-0.00017,6e-05,-0.00084,-9e-05,-0.0018
38.54,0.00107,-0.00057,-0.00017,0.00214,-0.00047,-9e-05,-0.00014,0.01032,-0.00033,-0.00264,-0.00911,0.00083,0.00056,-8e-05,0.00109,0.00071,0.0011,0.00081,0.00053,-0.00011,-0.00011,0.00113,0.0009,2e-05,-0.00037,0.00015,0.00291,-0.00012,-0.0009,-0.00017,6e-05,-0.00084,-9e-05,-0.0018
38.56,0.00108,-0.00056,-0.00021,0.0022,-0.0005,-8e-05,-0.00013,0.01014,-0.00033,-0.00264,-0.00909,0.00083,0.00056,-7e-05,0.00106,0.0007,0.0011,0.0007,0.00047,-0.00012,-0.00011,0.00112,0.0009,2e-05,-0.00037,0.00015,0.00291,-0.00012,-0.00091,-0.00018,6e-05,-0.00084,-9e-05,-0.0018
38.58,0.00109,-0.00056,-0.00025,0.00227,-0.00053,-7e-05,-0.00013,0.00994,-0.00034,-0.00264,-0.00908,0.00083,0.00056,-6e-05,0.00104,0.00069,0.0011,0.00059,0.00043,-0.00013,-0.00011,0.00111,0.00088,2e-05,-0.00036,0.00015,0.00291,-0.00013,-0.00092,-0.00018,6e-05,-0.00085,-9e-05,-0.0018
38.6,0.0011,-0.00055,-0.00027,0.00232,-0.00056,-7e-05,-0.00013,0.00977,-0.00035,-0.00264,-0.00906,0.00083,0.00056,-5e-05,0.00102,0.00069,0.0011,0.0005,0.00039,-0.00013,-0.00011,0.00111,0.00088,2e-05,-0.00036,0.00015,0.00291,-0.00013,-0.00092,-0.00018,6e-05,-0.00085,-9e-05,-0.0018
38.62,0.0011,-0.00055,-0.00024,0.00231,-0.00055,-7e-05,-0.00013,0.00976,-0.00036,-0.00264,-0.00902,0.00083,0.00056,-4e-05,0.00101,0.0007,0.0011,0.00044,0.00036,-0.00014,-0.00011,0.0011,0.00088,2e-05,-0.00035,0.00015,0.00291,-0.00013,-0.00091,-0.00017,6e-05,-0.00084,-9e-05,-0.0018
38.64,0.0011,-0.00056,-0.00019,0.00228,-0.00052,-8e-05,-0.00012,0.00977,-0.00036,-0.00264,-0.00897,0.00083,0.00056,-2e-05,0.00101,0.00071,0.00109,0.00039,0.00034,-0.00014,-0.00011,0.0011,0.00088,2e-05,-0.00035,0.00015,0.00291,-0.00013,-0.0009,-0.00017,6e-05,-0.00084,-9e-05,-0.0018
38.66,0.00111,-0.00056,-0.00015,0.00225,-0.0005,-8e-05,-0.00012,0.00974,-0.00037,-0.00264,-0.00893,0.00083,0.00056,-1e-05,0.001,0.00072,0.00109,0.00035,0.00033,-0.00014,-0.00011,0.0011,0.00089,1e-05,-0.00035,0.00015,0.00291,-0.00013,-0.00089,-0.00016,6e-05,-0.00084,-9e-05,-0.0018
38.68,0.00112,-0.00057,-0.00012,0.00223,-0.00048,-9e-05,-0.00012,0.00983,-0.00037,-0.00264,-0.0089,0.00083,0.00056,0,0.00101,0.00074,0.00109,0.00033,0.00032,-0.00014,-0.00011,0.00109,0.00089,1e-05,-0.00034,0.00015,0.00291,-0.00013,-0.00088,-0.00015,7e-05,-0.00083,-9e-05,-0.0018
38.7,0.00112,-0.00057,-8e-05,0.00221,-0.00046,-9e-05,-0.00011,0.00969,-0.00038,-0.00264,-0.00884,0.00083,0.00056,1e-05,0.001,0.00074,0.00108,0.00032,0.00032,-0.00014,-0.0001,0.00109,0.0009,1e-05,-0.00034,0.00015,0.00291,-0.00013,-0.00088,-0.00014,7e-05,-0.00083,-9e-05,-0.0018
38.72,0.0011,-0.00058,-6e-05,0.0022,-0.00045,-9e-05,-0.00011,0.00884,-0.00038,-0.00264,-0.00861,0.00083,0.00056,1e-05,0.00093,0.00071,0.00106,0.00031,0.00032,-0.00014,-0.0001,0.00109,0.00091,1e-05,-0.00034,0.00015,0.00291,-0.00013,-0.00088,-0.00014,7e-05,-0.00083,-9e-05,-0.0018
38.74,0.00109,-0.00059,-4e-05,0.00221,-0.00045,-8e-05,-0.00011,0.00789,-0.00039,-0.00264,-0.00836,0.00083,0.00056,1e-05,0.00086,0.00067,0.00102,0.00032,0.00033,-0.00014,-0.0001,0.00108,0.00092,1e-05,-0.00034,0.00015,0.00291,-0.00013,-0.00088,-0.00013,7e-05,-0.00084,-9e-05,-0.0018
38.76,0.00108,-0.0006,-2e-05,0.0022,-0.00044,-8e-05,-0.00011,0.00717,-0.00039,-0.00264,-0.00815,0.00083,0.00056,1e-05,0.0008,0.00064,0.001,0.00032,0.00033,-0.00014,-0.0001,0.00108,0.00094,1e-05,-0.00034,0.00015,0.00291,-0.00013,-0.00088,-0.00012,7e-05,-0.00084,-9e-05,-0.0018
38.78,0.00106,-0.00061,-1e-05,0.00221,-0.00045,-8e-05,-0.00011,0.00635,-0.0004,-0.00264,-0.00789,0.00083,0.00056,1e-05,0.00074,0.00061,0.00097,0.00033,0.00033,-0.00014,-0.0001,0.00108,0.00095,1e-05,-0.00034,0.00015,0.0029,-0.00013,-0.00088,-0.00011,8e-05,-0.00084,-9e-05,-0.0018
38.8,0.00105,-0.00061,1e-05,0.0022,-0.00044,-9e-05,-0.00011,0.00591,-0.00039,-0.00264,-0.00776,0.00083,0.00056,0,0.00072,0.00059,0.00095,0.00033,0.00033,-0.00013,-0.0001,0.00107,0.00096,2e-05,-0.00035,0.00015,0.0029,-0.00013,-0.00088,-0.0001,8e-05,-0.00084,-9e-05,-0.0018
38.82,0.00105,-0.00062,2e-05,0.00216,-0.00043,-0.00011,-0.00012,0.00639,-0.00037,-0.00264,-0.00796,0.00083,0.00056,-0,0.00078,0.00062,0.00098,0.00033,0.00031,-0.00014,-0.0001,0.00108,0.00097,2e-05,-0.00035,0.00015,0.00289,-0.00013,-0.00088,-9e-05,8e-05,-0.00084,-9e-05,-0.0018
38.84,0.00105,-0.00062,3e-05,0.00212,-0.00041,-0.00014,-0.00012,0.00724,-0.00034,-0.00264,-0.00829,0.00083,0.00056,-1e-05,0.00087,0.00067,0.00103,0.00033,0.00029,-0.00014,-0.0001,0.00108,0.00098,2e-05,-0.00035,0.00015,0.00288,-0.00013,-0.00088,-8e-05,8e-05,-0.00084,-9e-05,-0.0018
38.86,0.00106,-0.00063,3e-05,0.00208,-0.00039,-0.00016,-0.00013,0.00798,-0.00032,-0.00264,-0.00855,0.00083,0.00056,-2e-05,0.00095,0.0007,0.00107,0.00033,0.00028,-0.00014,-0.0001,0.00108,0.001,2e-05,-0.00036,0.00015,0.00287,-0.00013,-0.00088,-8e-05,8e-05,-0.00084,-9e-05,-0.0018
38.88,0.00106,-0.00063,4e-05,0.00204,-0.00037,-0.00018,-0.00014,0.00895,-0.0003,-0.00264,-0.00887,0.00083,0.00056,-2e-05,0.00105,0.00074,0.00111,0.00033,0.00026,-0.00014,-0.0001,0.00108,0.00101,2e-05,-0.00036,0.00016,0.00286,-0.00013,-0.00088,-7e-05,8e-05,-0.00085,-9e-05,-0.0018
38.9,0.00106,-0.00063,5e-05,0.00201,-0.00036,-0.00019,-0.00014,0.00979,-0.00029,-0.00264,-0.00912,0.00083,0.00056,-3e-05,0.00113,0.00078,0.00114,0.00033,0.00026,-0.00014,-0.0001,0.00108,0.00102,2e-05,-0.00036,0.00016,0.00285,-0.00014,-0.00088,-6e-05,8e-05,-0.00085,-9e-05,-0.0018
38.92,0.00106,-0.00064,3e-05,0.00202,-0.00037,-0.00018,-0.00014,0.00992,-0.00029,-0.00264,-0.00918,0.00083,0.00056,-3e-05,0.00113,0.00079,0.00114,0.00034,0.00026,-0.00014,-0.0001,0.00108,0.00103,2e-05,-0.00036,0.00016,0.00284,-0.00014,-0.00087,-5e-05,8e-05,-0.00084,-9e-05,-0.0018
38.94,0.00106,-0.00064,2e-05,0.00204,-0.00038,-0.00017,-0.00014,0.0098,-0.00029,-0.00264,-0.00918,0.00083,0.00056,-3e-05,0.0011,0.00079,0.00113,0.00034,0.00027,-0.00014,-0.0001,0.00108,0.00104,2e-05,-0.00036,0.00016,0.00282,-0.00014,-0.00087,-5e-05,8e-05,-0.00084,-9e-05,-0.0018
38.96,0.00107,-0.00063,1e-05,0.00205,-0.00039,-0.00016,-0.00014,0.0098,-0.00029,-0.00264,-0.0092,0.00083,0.00056,-4e-05,0.00109,0.00079,0.00112,0.00034,0.00028,-0.00014,-0.0001,0.00108,0.00105,2e-05,-0.00036,0.00016,0.00281,-0.00014,-0.00086,-4e-05,8e-05,-0.00083,-9e-05,-0.0018
38.98,0.00107,-0.00064,-0,0.00206,-0.0004,-0.00015,-0.00014,0.00976,-0.0003,-0.00264,-0.00922,0.00083,0.00056,-4e-05,0.00108,0.0008,0.00112,0.00035,0.00029,-0.00014,-0.0001,0.00107,0.00106,2e-05,-0.00036,0.00016,0.00279,-0.00014,-0.00085,-3e-05,8e-05,-0.00083,-9e-05,-0.0018
39,0.00107,-0.00063,-1e-05,0.00207,-0.00041,-0.00015,-0.00014,0.00975,-0.0003,-0.00264,-0.00923,0.00083,0.00056,-4e-05,0.00107,0.0008,0.00111,0.00035,0.00029,-0.00014,-0.0001,0.00107,0.00107,1e-05,-0.00036,0.00016,0.00278,-0.00014,-0.00085,-3e-05,8e-05,-0.00082,-9e-05,-0.0018
39.02,0.00108,-0.00063,-1e-05,0.00207,-0.00041,-0.00015,-0.00014,0.00991,-0.0003,-0.00264,-0.00924,0.00083,0.00057,-3e-05,0.00108,0.00079,0.0011,0.00035,0.0003,-0.00014,-0.0001,0.00107,0.00107,1e-05,-0.00036,0.00016,0.00278,-0.00014,-0.00084,-2e-05,8e-05,-0.00082,-9e-05,-0.0018
39.04,0.00108,-0.00062,-1e-05,0.00206,-0.00041,-0.00015,-0.00015,0.01011,-0.0003,-0.00264,-0.00925,0.00083,0.00057,-3e-05,0.00109,0.00079,0.0011,0.00035,0.0003,-0.00014,-0.0001,0.00106,0.00107,1e-05,-0.00036,0.00016,0.00278,-0.00014,-0.00084,-2e-05,8e-05,-0.00081,-9e-05,-0.0018
39.06,0.00109,-0.00062,-0,0.00206,-0.00041,-0.00015,-0.00015,0.0103,-0.00031,-0.00264,-0.00926,0.00083,0.00057,-3e-05,0.0011,0.00079,0.0011,0.00035,0.0003,-0.00014,-0.0001,0.00106,0.00107,1e-05,-0.00035,0.00016,0.00278,-0.00014,-0.00084,-2e-05,7e-05,-0.0008,-9e-05,-0.0018
39.08,0.0011,-0.00061,0,0.00205,-0.0004,-0.00016,-0.00016,0.01049,-0.00031,-0.00264,-0.00927,0.00083,0.00057,-3e-05,0.00112,0.00078,0.0011,0.00035,0.0003,-0.00014,-0.0001,0.00105,0.00107,1e-05,-0.00035,0.00016,0.00278,-0.00014,-0.00083,-2e-05,7e-05,-0.0008,-8e-05,-0.0018
39.1,0.0011,-0.00061,1e-05,0.00205,-0.0004,-0.00017,-0.00016,0.01069,-0.00031,-0.00264,-0.00929,0.00083,0.00056,-2e-05,0.00113,0.00078,0.0011,0.00035,0.0003,-0.00014,-0.0001,0.00105,0.00107,1e-05,-0.00035,0.00016,0.00279,-0.00014,-0.00083,-2e-05,7e-05,-0.00079,-8e-05,-0.0018
39.12,0.00111,-0.00061,2e-05,0.00205,-0.0004,-0.00017,-0.00017,0.01085,-0.00032,-0.00264,-0.0093,0.00083,0.00056,-1e-05,0.00115,0.00077,0.0011,0.00035,0.0003,-0.00014,-0.0001,0.00105,0.00107,1e-05,-0.00035,0.00016,0.00279,-0.00014,-0.00083,-2e-05,7e-05,-0.00079,-8e-05,-0.0018
39.14,0.00111,-0.0006,4e-05,0.00205,-0.0004,-0.00019,-0.00017,0.01101,-0.00032,-0.00264,-0.00932,0.00083,0.00056,-0,0.00116,0.00076,0.0011,0.00035,0.00029,-0.00014,-0.0001,0.00105,0.00106,1e-05,-0.00035,0.00016,0.0028,-0.00014,-0.00082,-2e-05,7e-05,-0.00079,-8e-05,-0.0018
39.16,0.00111,-0.0006,5e-05,0.00204,-0.0004,-0.0002,-0.00017,0.01118,-0.00032,-0.00264,-0.00933,0.00083,0.00056,1e-05,0.00118,0.00075,0.0011,0.00035,0.00029,-0.00014,-0.0001,0.00105,0.00106,1e-05,-0.00035,0.00016,0.00281,-0.00014,-0.00082,-2e-05,7e-05,-0.00079,-8e-05,-0.0018
39.18,0.00111,-0.0006,7e-05,0.00204,-0.0004,-0.0002,-0.00017,0.01133,-0.00033,-0.00264,-0.00935,0.00083,0.00055,2e-05,0.0012,0.00074,0.0011,0.00034,0.00028,-0.00014,-0.0001,0.00106,0.00106,1e-05,-0.00035,0.00016,0.00282,-0.00014,-0.00082,-2e-05,7e-05,-0.00079,-8e-05,-0.0018
39.2,0.00111,-0.0006,9e-05,0.00203,-0.0004,-0.0002,-0.00016,0.01154,-0.00033,-0.00264,-0.00937,0.00082,0.00055,4e-05,0.00122,0.00072,0.00111,0.00034,0.00028,-0.00014,-0.0001,0.00106,0.00106,1e-05,-0.00035,0.00015,0.00282,-0.00014,-0.00082,-2e-05,7e-05,-0.00079,-8e-05,-0.0018
39.22,0.00111,-0.00061,0.00014,0.002,-0.00039,-0.00021,-0.00016,0.01193,-0.00034,-0.00264,-0.00938,0.00082,0.00054,6e-05,0.00129,0.00069,0.00112,0.00034,0.00027,-0.00014,-0.0001,0.00106,0.00107,1e-05,-0.00035,0.00015,0.00283,-0.00014,-0.00082,-2e-05,7e-05,-0.0008,-8e-05,-0.0018
39.24,0.00111,-0.00062,0.0002,0.00196,-0.00038,-0.00022,-0.00015,0.01239,-0.00035,-0.00264,-0.00939,0.00082,0.00053,8e-05,0.00137,0.00066,0.00114,0.00033,0.00026,-0.00014,-0.0001,0.00106,0.00107,1e-05,-0.00035,0.00015,0.00285,-0.00014,-0.00083,-2e-05,7e-05,-0.0008,-8e-05,-0.0018
39.26,0.00111,-0.00062,0.00025,0.00192,-0.00038,-0.00024,-0.00013,0.01285,-0.00036,-0.00264,-0.00941,0.00082,0.00052,0.0001,0.00145,0.00063,0.00115,0.00033,0.00025,-0.00014,-0.0001,0.00106,0.00107,1e-05,-0.00036,0.00015,0.00286,-0.00014,-0.00084,-2e-05,7e-05,-0.0008,-9e-05,-0.0018
39.28,0.00111,-0.00063,0.0003,0.0019,-0.00037,-0.00025,-0.00011,0.01331,-0.00036,-0.00264,-0.00941,0.00081,0.00051,0.00013,0.00153,0.00061,0.00117,0.00032,0.00024,-0.00014,-9e-05,0.00106,0.00108,1e-05,-0.00036,0.00015,0.00287,-0.00014,-0.00084,-2e-05,7e-05,-0.00081,-9e-05,-0.0018
39.3,0.00111,-0.00064,0.00035,0.00184,-0.00036,-0.00026,-8e-05,0.01383,-0.00036,-0.00264,-0.00945,0.00081,0.0005,0.00015,0.00161,0.00059,0.00119,0.00032,0.00023,-0.00014,-9e-05,0.00105,0.00108,1e-05,-0.00036,0.00015,0.00288,-0.00014,-0.00085,-2e-05,7e-05,-0.00081,-9e-05,-0.0018
39.32,0.0011,-0.00066,0.00044,0.0017,-0.00036,-0.00029,-3e-05,0.01452,-0.00036,-0.00263,-0.0096,0.0008,0.00046,0.00016,0.00175,0.00057,0.00121,0.00031,0.00022,-0.00014,-9e-05,0.00105,0.0011,1e-05,-0.00036,0.00015,0.00289,-0.00014,-0.00086,-1e-05,7e-05,-0.00081,-9e-05,-0.0018
39.34,0.0011,-0.00067,0.00054,0.00155,-0.00036,-0.00031,2e-05,0.01528,-0.00036,-0.00262,-0.00978,0.00079,0.00041,0.00018,0.0019,0.00055,0.00123,0.00031,0.00021,-0.00015,-8e-05,0.00105,0.00113,0,-0.00036,0.00015,0.00289,-0.00014,-0.00087,-0,7e-05,-0.00082,-9e-05,-0.0018
39.36,0.00109,-0.00069,0.00064,0.00143,-0.00036,-0.00034,7e-05,0.01603,-0.00035,-0.00261,-0.00995,0.00079,0.00038,0.00018,0.00206,0.00054,0.00126,0.0003,0.0002,-0.00015,-8e-05,0.00104,0.00116,0,-0.00036,0.00015,0.00289,-0.00014,-0.00089,1e-05,7e-05,-0.00082,-9e-05,-0.0018
39.38,0.00109,-0.00071,0.00076,0.00132,-0.00036,-0.00036,0.00011,0.01697,-0.00035,-0.00261,-0.01013,0.00078,0.00035,0.00018,0.00225,0.00052,0.00129,0.0003,0.0002,-0.00015,-8e-05,0.00104,0.00118,-0,-0.00036,0.00015,0.0029,-0.00014,-0.0009,1e-05,7e-05,-0.00083,-9e-05,-0.0018
39.4,0.00109,-0.00073,0.00088,0.00121,-0.00036,-0.00039,0.00015,0.01763,-0.00034,-0.00259,-0.01029,0.00078,0.00032,0.00017,0.00241,0.00052,0.00131,0.00029,0.0002,-0.00015,-8e-05,0.00103,0.0012,-0,-0.00036,0.00015,0.0029,-0.00014,-0.00091,2e-05,8e-05,-0.00083,-9e-05,-0.0018
39.42,0.00107,-0.00074,0.00091,0.00109,-0.00037,-0.00039,0.0002,0.01729,-0.00028,-0.00257,-0.01035,0.00077,0.00031,0.00016,0.0024,0.00054,0.00131,0.00029,0.0002,-0.00014,-7e-05,0.00102,0.00122,-0,-0.00036,0.00015,0.0029,-0.00014,-0.00093,2e-05,8e-05,-0.00085,-9e-05,-0.0018
39.44,0.00106,-0.00076,0.00091,0.00098,-0.00037,-0.00038,0.00023,0.01663,-0.00022,-0.00254,-0.01037,0.00075,0.00031,0.00014,0.00233,0.00058,0.00132,0.0003,0.0002,-0.00014,-7e-05,0.00101,0.00123,-0,-0.00036,0.00015,0.00289,-0.00014,-0.00095,1e-05,8e-05,-0.00086,-0.0001,-0.0018
39.46,0.00105,-0.00077,0.00093,0.0009,-0.00037,-0.00036,0.00023,0.01617,-0.00018,-0.00252,-0.0104,0.00075,0.00031,0.00012,0.00229,0.00061,0.00132,0.0003,0.00021,-0.00014,-7e-05,0.001,0.00124,-0,-0.00036,0.00015,0.00288,-0.00014,-0.00098,1e-05,8e-05,-0.00087,-0.0001,-0.0018
39.48,0.00104,-0.00079,0.00095,0.00081,-0.00038,-0.00034,0.00022,0.01564,-0.00015,-0.00249,-0.01044,0.00074,0.00031,0.0001,0.00225,0.00064,0.00132,0.0003,0.00021,-0.00014,-7e-05,0.00099,0.00125,-0,-0.00036,0.00015,0.00288,-0.00013,-0.001,1e-05,8e-05,-0.00088,-0.0001,-0.0018
39.5,0.00102,-0.00081,0.00097,0.00076,-0.00038,-0.00033,0.00019,0.01523,-0.00014,-0.00248,-0.01047,0.00074,0.00031,7e-05,0.00221,0.00066,0.00133,0.0003,0.00022,-0.00014,-7e-05,0.00098,0.00126,-0,-0.00036,0.00016,0.00286,-0.00013,-0.00102,1e-05,8e-05,-0.0009,-0.0001,-0.0018
39.52,0.001,-0.00084,0.00095,0.00077,-0.00038,-0.00032,0.00016,0.01513,-0.00016,-0.0025,-0.0105,0.00076,0.00033,5e-05,0.00218,0.00069,0.00133,0.00031,0.00022,-0.00014,-7e-05,0.00097,0.00126,-0,-0.00036,0.00016,0.00282,-0.00013,-0.00104,1e-05,8e-05,-0.00091,-0.00011,-0.0018
39.54,0.00098,-0.00087,0.00092,0.0008,-0.00037,-0.00032,0.00013,0.01516,-0.0002,-0.00254,-0.01052,0.00078,0.00036,3e-05,0.00215,0.00072,0.00133,0.00031,0.00023,-0.00015,-7e-05,0.00096,0.00126,-0,-0.00035,0.00016,0.00277,-0.00013,-0.00106,1e-05,9e-05,-0.00092,-0.00011,-0.0018
39.56,0.00096,-0.00091,0.00091,0.00081,-0.00037,-0.00031,0.0001,0.01516,-0.00022,-0.00256,-0.01053,0.0008,0.00039,1e-05,0.00212,0.00075,0.00133,0.00032,0.00023,-0.00015,-8e-05,0.00095,0.00126,0,-0.00035,0.00017,0.00272,-0.00013,-0.00107,0,9e-05,-0.00094,-0.00011,-0.0018
39.58,0.00093,-0.00094,0.00089,0.00083,-0.00037,-0.00031,8e-05,0.01503,-0.00025,-0.00259,-0.01058,0.00082,0.00041,-1e-05,0.0021,0.00077,0.00134,0.00032,0.00024,-0.00015,-8e-05,0.00095,0.00126,0,-0.00035,0.00017,0.00268,-0.00013,-0.00109,0,9e-05,-0.00095,-0.00012,-0.0018
39.6,0.00091,-0.00097,0.00088,0.00085,-0.00037,-0.0003,7e-05,0.01522,-0.00027,-0.00262,-0.01056,0.00083,0.00042,-2e-05,0.00206,0.00079,0.00133,0.00033,0.00025,-0.00015,-8e-05,0.00094,0.00126,0,-0.00035,0.00017,0.00264,-0.00013,-0.00111,0,9e-05,-0.00096,-0.00012,-0.0018
39.62,0.00091,-0.00098,0.00089,0.00086,-0.00037,-0.0003,7e-05,0.01632,-0.00027,-0.00263,-0.01037,0.00083,0.00044,-3e-05,0.002,0.0008,0.00131,0.00034,0.00026,-0.00015,-8e-05,0.00093,0.00126,0,-0.00034,0.00017,0.00262,-0.00013,-0.0011,1e-05,9e-05,-0.00096,-0.00012,-0.0018
39.64,0.00091,-0.00098,0.00091,0.00087,-0.00037,-0.0003,7e-05,0.01787,-0.00027,-0.00263,-0.01013,0.00083,0.00045,-4e-05,0.00192,0.00079,0.00127,0.00036,0.00027,-0.00015,-8e-05,0.00093,0.00126,0,-0.00034,0.00017,0.00261,-0.00014,-0.00109,2e-05,9e-05,-0.00096,-0.00012,-0.0018
39.66,0.0009,-0.00099,0.00093,0.00088,-0.00037,-0.0003,8e-05,0.01935,-0.00028,-0.00262,-0.00993,0.00082,0.00046,-6e-05,0.00186,0.00078,0.00124,0.00037,0.00029,-0.00015,-8e-05,0.00093,0.00125,0,-0.00034,0.00017,0.0026,-0.00014,-0.00109,2e-05,9e-05,-0.00095,-0.00012,-0.0018
39.68,0.0009,-0.00099,0.00095,0.00088,-0.00036,-0.0003,9e-05,0.02106,-0.00028,-0.00263,-0.00971,0.00082,0.00047,-7e-05,0.0018,0.00078,0.00121,0.00037,0.00029,-0.00015,-8e-05,0.00092,0.00125,0,-0.00034,0.00017,0.00259,-0.00014,-0.00108,3e-05,9e-05,-0.00095,-0.00012,-0.0018
39.7,0.00089,-0.00099,0.00096,0.00089,-0.00036,-0.0003,0.0001,0.02278,-0.00028,-0.00261,-0.00951,0.00081,0.00047,-8e-05,0.00174,0.00077,0.00119,0.00038,0.0003,-0.00015,-9e-05,0.00092,0.00125,0,-0.00034,0.00017,0.00258,-0.00014,-0.00107,3e-05,9e-05,-0.00095,-0.00012,-0.0018
39.72,0.00089,-0.00098,0.00095,0.00091,-0.00036,-0.00029,0.00012,0.02419,-0.00026,-0.00256,-0.00938,0.00079,0.00042,-9e-05,0.00167,0.00075,0.00116,0.00038,0.0003,-0.00015,-9e-05,0.0009,0.00125,0,-0.00033,0.00017,0.00261,-0.00015,-0.00107,4e-05,9e-05,-0.00094,-0.00011,-0.0018
39.74,0.00088,-0.00097,0.00093,0.00092,-0.00035,-0.00029,0.00012,0.0255,-0.00023,-0.0025,-0.00926,0.00077,0.00035,-0.00011,0.00161,0.00071,0.00114,0.00038,0.00029,-0.00015,-9e-05,0.00089,0.00125,0,-0.00033,0.00016,0.00265,-0.00015,-0.00107,5e-05,8e-05,-0.00093,-0.00011,-0.0018
39.76,0.00087,-0.00096,0.00092,0.00094,-0.00035,-0.00028,0.00012,0.02692,-0.00022,-0.00243,-0.00912,0.00075,0.0003,-0.00012,0.00155,0.00069,0.00112,0.00038,0.00028,-0.00015,-9e-05,0.00087,0.00125,0,-0.00033,0.00016,0.00268,-0.00015,-0.00106,5e-05,8e-05,-0.00092,-0.00011,-0.0018
39.78,0.00087,-0.00094,0.00091,0.00095,-0.00035,-0.00028,0.00012,0.02866,-0.00021,-0.00239,-0.00906,0.00073,0.00025,-0.00013,0.00149,0.00066,0.0011,0.00037,0.00027,-0.00015,-9e-05,0.00086,0.00125,-0,-0.00032,0.00016,0.00272,-0.00015,-0.00106,6e-05,8e-05,-0.00092,-0.00011,-0.0018
39.8,0.00086,-0.00093,0.00089,0.00096,-0.00034,-0.00027,0.0001,0.02992,-0.00021,-0.00227,-0.00886,0.00071,0.00021,-0.00014,0.00145,0.00064,0.00108,0.00036,0.00025,-0.00016,-9e-05,0.00084,0.00125,-0,-0.00032,0.00016,0.00275,-0.00015,-0.00106,7e-05,8e-05,-0.00091,-0.00011,-0.0018
39.82,0.00085,-0.00093,0.00087,0.00098,-0.00034,-0.00027,9e-05,0.02973,-0.00024,-0.002,-0.00828,0.00072,0.00022,-0.00015,0.00145,0.0006,0.00107,0.00034,0.00023,-0.00016,-9e-05,0.00084,0.00126,-0,-0.00032,0.00015,0.00276,-0.00015,-0.00105,7e-05,8e-05,-0.0009,-0.0001,-0.0018
39.84,0.00083,-0.00093,0.00084,0.001,-0.00033,-0.00026,7e-05,0.02897,-0.00028,-0.0017,-0.00764,0.00072,0.00024,-0.00016,0.00147,0.00057,0.00107,0.00032,0.0002,-0.00016,-9e-05,0.00084,0.00126,-0,-0.00032,0.00015,0.00277,-0.00015,-0.00104,8e-05,8e-05,-0.00089,-0.0001,-0.0018
39.86,0.00082,-0.00093,0.00082,0.00101,-0.00033,-0.00026,4e-05,0.02842,-0.00031,-0.00145,-0.00712,0.00071,0.00025,-0.00016,0.00148,0.00054,0.00106,0.00029,0.00017,-0.00016,-9e-05,0.00084,0.00127,-0,-0.00031,0.00015,0.00278,-0.00015,-0.00103,8e-05,8e-05,-0.00089,-0.0001,-0.0018
39.88,0.00081,-0.00093,0.0008,0.00103,-0.00032,-0.00025,2e-05,0.0281,-0.00033,-0.00125,-0.00656,0.0007,0.00027,-0.00016,0.00149,0.00051,0.00105,0.00026,0.00014,-0.00016,-9e-05,0.00084,0.00127,-0,-0.00031,0.00015,0.00279,-0.00016,-0.00102,8e-05,8e-05,-0.00088,-0.0001,-0.0018
39.9,0.0008,-0.00093,0.00078,0.00104,-0.00032,-0.00025,0,0.02723,-0.00036,-0.00102,-0.00618,0.00068,0.00027,-0.00016,0.00151,0.00049,0.00105,0.00022,0.00011,-0.00016,-9e-05,0.00084,0.00127,-0,-0.00031,0.00015,0.0028,-0.00016,-0.00102,9e-05,8e-05,-0.00088,-0.0001,-0.0018
39.92,0.00078,-0.00093,0.00078,0.00105,-0.00032,-0.00025,-2e-05,0.02509,-0.00038,-0.00073,-0.00622,0.00061,0.00025,-0.00015,0.00156,0.00046,0.00107,0.00016,7e-05,-0.00017,-9e-05,0.00084,0.00127,-0,-0.0003,0.00015,0.0028,-0.00016,-0.00103,8e-05,8e-05,-0.00087,-0.0001,-0.0018
39.94,0.00077,-0.00093,0.00078,0.00106,-0.00032,-0.00025,-3e-05,0.02268,-0.00039,-0.00047,-0.00639,0.00053,0.00023,-0.00015,0.00164,0.00043,0.0011,0.00011,2e-05,-0.00017,-9e-05,0.00083,0.00127,-0,-0.0003,0.00015,0.0028,-0.00015,-0.00105,8e-05,8e-05,-0.00087,-0.0001,-0.0018
39.96,0.00076,-0.00093,0.00077,0.00106,-0.00032,-0.00025,-5e-05,0.02068,-0.00041,-0.00029,-0.00647,0.00047,0.0002,-0.00014,0.00171,0.00041,0.00112,5e-05,-2e-05,-0.00017,-9e-05,0.00082,0.00127,-0,-0.0003,0.00015,0.0028,-0.00015,-0.00106,7e-05,8e-05,-0.00087,-0.0001,-0.0018
39.98,0.00074,-0.00093,0.00077,0.00107,-0.00031,-0.00025,-5e-05,0.01885,-0.00042,-0.00015,-0.0066,0.00041,0.00018,-0.00013,0.00178,0.0004,0.00113,0,-5e-05,-0.00018,-9e-05,0.00081,0.00127,-1e-05,-0.00029,0.00015,0.0028,-0.00015,-0.00107,7e-05,8e-05,-0.00087,-0.0001,-0.0018
40,0.00073,-0.00094,0.00076,0.00107,-0.00031,-0.00025,-6e-05,0.01712,-0.00043,-5e-05,-0.00665,0.00036,0.00016,-0.00012,0.00186,0.00039,0.00116,-5e-05,-9e-05,-0.00018,-9e-05,0.0008,0.00126,-1e-05,-0.00029,0.00015,0.0028,-0.00015,-0.00109,7e-05,8e-05,-0.00087,-0.0001,-0.0018
40.02,0.00072,-0.00094,0.00076,0.00107,-0.00031,-0.00025,-7e-05,0.01546,-0.00043,0,-0.0065,0.00031,0.00016,-0.00011,0.00195,0.00039,0.00118,-0.00014,-0.00012,-0.00017,-9e-05,0.00079,0.00126,-0,-0.00029,0.00015,0.0028,-0.00015,-0.00111,6e-05,8e-05,-0.00088,-0.0001,-0.0018
40.04,0.00072,-0.00094,0.00076,0.00107,-0.00032,-0.00025,-7e-05,0.01393,-0.00042,4e-05,-0.00628,0.00026,0.00016,-0.0001,0.00205,0.00039,0.00121,-0.00022,-0.00015,-0.00015,-9e-05,0.00078,0.00126,-0,-0.00029,0.00015,0.0028,-0.00015,-0.00114,5e-05,8e-05,-0.00088,-0.0001,-0.0018
40.06,0.00071,-0.00094,0.00076,0.00107,-0.00032,-0.00025,-8e-05,0.01259,-0.00041,7e-05,-0.00608,0.00023,0.00015,-9e-05,0.00215,0.0004,0.00124,-0.00027,-0.00016,-0.00013,-9e-05,0.00077,0.00126,-0,-0.00028,0.00015,0.0028,-0.00015,-0.00116,5e-05,8e-05,-0.00088,-0.0001,-0.0018
40.08,0.0007,-0.00093,0.00076,0.00107,-0.00032,-0.00025,-8e-05,0.01128,-0.00041,9e-05,-0.00594,0.00021,0.00015,-9e-05,0.00227,0.00041,0.00126,-0.00031,-0.00018,-0.00012,-9e-05,0.00076,0.00126,-0,-0.00028,0.00015,0.0028,-0.00015,-0.00119,4e-05,8e-05,-0.00089,-0.0001,-0.0018
40.1,0.0007,-0.00093,0.00076,0.00107,-0.00033,-0.00026,-9e-05,0.0103,-0.0004,0.0001,-0.00568,0.0002,0.00015,-8e-05,0.00237,0.00043,0.00128,-0.00033,-0.00018,-0.00011,-9e-05,0.00076,0.00126,-0,-0.00028,0.00015,0.0028,-0.00015,-0.00121,4e-05,8e-05,-0.00089,-0.0001,-0.0018
40.12,0.00069,-0.00094,0.00076,0.00107,-0.00033,-0.00026,-9e-05,0.00987,-0.0004,9e-05,-0.00506,0.00022,0.00013,-7e-05,0.00243,0.00048,0.00129,-0.00029,-0.00017,-0.00011,-9e-05,0.00076,0.00126,-0,-0.00028,0.00015,0.00279,-0.00015,-0.00121,4e-05,8e-05,-0.00089,-0.0001,-0.0018
40.14,0.00069,-0.00094,0.00076,0.00108,-0.00034,-0.00026,-0.0001,0.00964,-0.00039,8e-05,-0.00441,0.00024,0.00012,-7e-05,0.00249,0.00054,0.00128,-0.00024,-0.00015,-0.00011,-9e-05,0.00077,0.00127,-0,-0.00029,0.00015,0.00279,-0.00015,-0.0012,4e-05,8e-05,-0.00089,-0.0001,-0.0018
40.16,0.00069,-0.00095,0.00075,0.00109,-0.00035,-0.00027,-0.00011,0.00935,-0.00039,7e-05,-0.00391,0.00026,0.0001,-7e-05,0.00254,0.0006,0.00127,-0.0002,-0.00013,-0.00012,-9e-05,0.00078,0.00127,0,-0.00029,0.00015,0.00278,-0.00015,-0.0012,5e-05,8e-05,-0.00089,-0.0001,-0.0018
40.18,0.00069,-0.00095,0.00075,0.0011,-0.00036,-0.00027,-0.00012,0.00902,-0.00038,7e-05,-0.00342,0.00028,9e-05,-7e-05,0.00261,0.00065,0.00127,-0.00017,-0.00012,-0.00012,-9e-05,0.00078,0.00127,0,-0.00029,0.00015,0.00277,-0.00015,-0.00119,5e-05,8e-05,-0.00089,-0.0001,-0.0018
40.2,0.00069,-0.00096,0.00074,0.00112,-0.00036,-0.00027,-0.00013,0.00883,-0.00038,6e-05,-0.00311,0.0003,8e-05,-7e-05,0.00266,0.00071,0.00126,-0.00016,-0.0001,-0.00012,-9e-05,0.00079,0.00127,0,-0.00029,0.00015,0.00277,-0.00015,-0.00119,5e-05,8e-05,-0.00089,-0.0001,-0.0018
40.22,0.00069,-0.00096,0.00074,0.00114,-0.00036,-0.00028,-0.00014,0.00901,-0.00038,6e-05,-0.00309,0.00034,8e-05,-7e-05,0.00267,0.00077,0.00121,-0.00016,-9e-05,-0.00014,-9e-05,0.00079,0.00127,0,-0.0003,0.00015,0.00276,-0.00015,-0.00117,6e-05,9e-05,-0.00088,-0.0001,-0.0018
40.24,0.00069,-0.00097,0.00074,0.00116,-0.00036,-0.00029,-0.00015,0.00933,-0.00038,5e-05,-0.00316,0.00039,9e-05,-7e-05,0.00266,0.00083,0.00116,-0.00016,-8e-05,-0.00016,-9e-05,0.00079,0.00127,0,-0.0003,0.00015,0.00276,-0.00015,-0.00114,7e-05,9e-05,-0.00088,-0.0001,-0.0018
40.26,0.00069,-0.00098,0.00074,0.00119,-0.00036,-0.00029,-0.00016,0.00956,-0.00038,5e-05,-0.0032,0.00041,0.0001,-8e-05,0.00265,0.00088,0.00112,-0.00018,-8e-05,-0.00018,-9e-05,0.0008,0.00127,0,-0.0003,0.00015,0.00276,-0.00015,-0.00112,7e-05,9e-05,-0.00087,-0.0001,-0.0018
40.28,0.00069,-0.00099,0.00074,0.0012,-0.00036,-0.0003,-0.00017,0.00993,-0.00038,5e-05,-0.00322,0.00045,0.0001,-8e-05,0.00265,0.00098,0.00107,-0.00019,-7e-05,-0.00019,-9e-05,0.0008,0.00127,0,-0.0003,0.00015,0.00275,-0.00015,-0.0011,8e-05,9e-05,-0.00087,-0.0001,-0.0018
40.3,0.00069,-0.00099,0.00073,0.00124,-0.00037,-0.0003,-0.00017,0.01006,-0.00037,5e-05,-0.00326,0.00046,0.00011,-8e-05,0.00265,0.00103,0.00104,-0.00021,-7e-05,-0.0002,-9e-05,0.0008,0.00126,0,-0.0003,0.00015,0.00275,-0.00015,-0.00108,9e-05,9e-05,-0.00087,-0.0001,-0.0018
40.32,0.00069,-0.00099,0.00071,0.00142,-0.00042,-0.00031,-0.00016,0.00942,-0.00037,6e-05,-0.00339,0.00043,0.00012,-8e-05,0.00265,0.00089,0.00105,-0.00025,-8e-05,-0.0002,-9e-05,0.0008,0.00126,0,-0.0003,0.00015,0.00275,-0.00015,-0.00106,9e-05,8e-05,-0.00086,-0.0001,-0.0018
40.34,0.00068,-0.00098,0.00068,0.00167,-0.0005,-0.00032,-0.00015,0.00861,-0.00037,7e-05,-0.00355,0.00039,0.00012,-8e-05,0.00265,0.00072,0.00108,-0.0003,-9e-05,-0.00019,-9e-05,0.0008,0.00125,0,-0.0003,0.00015,0.00276,-0.00014,-0.00105,9e-05,8e-05,-0.00086,-0.0001,-0.0018
40.36,0.00067,-0.00097,0.00066,0.00193,-0.00056,-0.00032,-0.00012,0.00801,-0.00037,7e-05,-0.00369,0.00037,0.00012,-7e-05,0.00265,0.00063,0.0011,-0.00032,-9e-05,-0.00019,-9e-05,0.00079,0.00124,0,-0.0003,0.00015,0.00276,-0.00014,-0.00103,9e-05,8e-05,-0.00085,-9e-05,-0.0018
40.38,0.00066,-0.00096,0.00063,0.00231,-0.00064,-0.00032,-9e-05,0.00727,-0.00037,7e-05,-0.00385,0.00036,0.00013,-6e-05,0.00265,0.00053,0.00113,-0.00035,-0.0001,-0.00018,-9e-05,0.00079,0.00123,0,-0.0003,0.00015,0.00276,-0.00014,-0.00101,9e-05,8e-05,-0.00085,-9e-05,-0.0018
40.4,0.00065,-0.00096,0.00062,0.00257,-0.00065,-0.00032,-6e-05,0.00693,-0.00037,6e-05,-0.00395,0.00036,0.00013,-5e-05,0.00265,0.00049,0.00114,-0.00035,-0.0001,-0.00017,-9e-05,0.00079,0.00123,0,-0.0003,0.00015,0.00276,-0.00014,-0.001,0.0001,8e-05,-0.00084,-9e-05,-0.0018
40.42,0.00067,-0.00096,0.00065,0.00231,-0.00058,-0.00031,-1e-05,0.00767,-0.00037,3e-05,-0.00383,0.00041,0.00013,-3e-05,0.00265,0.00059,0.0011,-0.00032,-9e-05,-0.00017,-9e-05,0.00079,0.00122,0,-0.0003,0.00015,0.00277,-0.00014,-0.00099,0.0001,8e-05,-0.00084,-9e-05,-0.0018
40.44,0.0007,-0.00098,0.0007,0.00193,-0.0005,-0.0003,4e-05,0.00891,-0.00036,-1e-05,-0.00365,0.00048,0.00012,-1e-05,0.00265,0.00075,0.00105,-0.00027,-8e-05,-0.00016,-9e-05,0.00079,0.00122,0,-0.0003,0.00015,0.00277,-0.00014,-0.00099,9e-05,8e-05,-0.00084,-9e-05,-0.0018
40.46,0.00072,-0.00099,0.00074,0.00167,-0.00044,-0.00029,8e-05,0.01006,-0.00036,-4e-05,-0.00352,0.00053,0.00011,-0,0.00265,0.0009,0.00102,-0.00023,-7e-05,-0.00015,-9e-05,0.00079,0.00122,0,-0.00031,0.00015,0.00278,-0.00014,-0.00099,9e-05,8e-05,-0.00084,-9e-05,-0.0018
40.48,0.00074,-0.001,0.00079,0.00142,-0.00038,-0.00028,0.0001,0.0116,-0.00036,-7e-05,-0.00338,0.00058,0.00011,1e-05,0.00265,0.0011,0.00097,-0.0002,-7e-05,-0.00015,-9e-05,0.00079,0.00122,0,-0.00031,0.00015,0.00278,-0.00014,-0.00098,9e-05,8e-05,-0.00083,-9e-05,-0.0018
40.5,0.00076,-0.00101,0.00083,0.00124,-0.00032,-0.00027,0.00011,0.01296,-0.00036,-9e-05,-0.00328,0.00062,0.00011,1e-05,0.00265,0.00129,0.00094,-0.00017,-7e-05,-0.00014,-9e-05,0.00079,0.00121,0,-0.00031,0.00015,0.00278,-0.00014,-0.00098,9e-05,8e-05,-0.00083,-9e-05,-0.0018
40.52,0.00077,-0.00101,0.0008,0.00118,-0.00031,-0.00026,0.00012,0.01312,-0.00035,-9e-05,-0.00332,0.00062,0.00011,1e-05,0.00265,0.0013,0.00095,-0.00016,-7e-05,-0.00014,-9e-05,0.00079,0.0012,1e-05,-0.00031,0.00015,0.00279,-0.00014,-0.00099,8e-05,8e-05,-0.00084,-9e-05,-0.0018
40.54,0.00077,-0.00101,0.00077,0.00116,-0.00031,-0.00025,0.00012,0.01285,-0.00034,-9e-05,-0.0034,0.00061,0.00011,1e-05,0.00265,0.00125,0.00097,-0.00015,-7e-05,-0.00013,-9e-05,0.00079,0.00119,1e-05,-0.00031,0.00015,0.0028,-0.00014,-0.001,7e-05,8e-05,-0.00084,-9e-05,-0.0018
40.56,0.00078,-0.00101,0.00074,0.00113,-0.0003,-0.00025,0.00011,0.0128,-0.00033,-0.0001,-0.00347,0.00061,0.00012,0,0.00265,0.00123,0.00099,-0.00014,-7e-05,-0.00013,-9e-05,0.00079,0.00118,1e-05,-0.00031,0.00015,0.00281,-0.00014,-0.00101,6e-05,8e-05,-0.00084,-9e-05,-0.0018
40.58,0.00079,-0.00101,0.00071,0.00111,-0.00029,-0.00024,0.0001,0.01269,-0.00033,-0.0001,-0.00354,0.0006,0.00012,-0,0.00265,0.0012,0.001,-0.00014,-8e-05,-0.00013,-9e-05,0.00079,0.00117,1e-05,-0.00031,0.00015,0.00281,-0.00014,-0.00102,6e-05,8e-05,-0.00084,-9e-05,-0.0018
40.6,0.00079,-0.00101,0.00069,0.00109,-0.00029,-0.00024,9e-05,0.0126,-0.00032,-0.0001,-0.00362,0.00059,0.00013,-1e-05,0.00265,0.00118,0.00101,-0.00013,-8e-05,-0.00013,-9e-05,0.00079,0.00116,1e-05,-0.00031,0.00015,0.00282,-0.00014,-0.00102,5e-05,8e-05,-0.00085,-9e-05,-0.0018
40.62,0.0008,-0.00101,0.00068,0.00109,-0.00029,-0.00025,8e-05,0.0127,-0.00033,-0.0001,-0.00373,0.00057,0.00013,-1e-05,0.00265,0.00117,0.00102,-0.00013,-7e-05,-0.00013,-9e-05,0.00079,0.00115,1e-05,-0.00031,0.00015,0.00283,-0.00014,-0.00103,4e-05,8e-05,-0.00085,-9e-05,-0.0018
40.64,0.0008,-0.00102,0.00069,0.00111,-0.0003,-0.00025,7e-05,0.01283,-0.00034,-0.0001,-0.00385,0.00055,0.00014,-1e-05,0.00265,0.00116,0.00102,-0.00013,-7e-05,-0.00013,-9e-05,0.0008,0.00114,1e-05,-0.00031,0.00015,0.00283,-0.00014,-0.00103,4e-05,8e-05,-0.00085,-9e-05,-0.0018
40.66,0.00081,-0.00102,0.00069,0.00112,-0.00031,-0.00026,6e-05,0.01293,-0.00035,-0.0001,-0.00397,0.00053,0.00014,-2e-05,0.00265,0.00116,0.00102,-0.00014,-7e-05,-0.00013,-9e-05,0.0008,0.00113,1e-05,-0.00031,0.00015,0.00284,-0.00014,-0.00103,3e-05,8e-05,-0.00085,-9e-05,-0.0018
40.68,0.00081,-0.00103,0.00069,0.00112,-0.00031,-0.00026,4e-05,0.01308,-0.00035,-0.0001,-0.00408,0.00052,0.00015,-2e-05,0.00265,0.00115,0.00103,-0.00014,-7e-05,-0.00013,-9e-05,0.0008,0.00112,1e-05,-0.00031,0.00015,0.00285,-0.00013,-0.00103,3e-05,8e-05,-0.00085,-9e-05,-0.0018
40.7,0.00082,-0.00103,0.00069,0.00113,-0.00032,-0.00027,3e-05,0.01315,-0.00036,-0.0001,-0.00423,0.00051,0.00016,-2e-05,0.00265,0.00115,0.00103,-0.00014,-7e-05,-0.00013,-9e-05,0.0008,0.00111,1e-05,-0.00031,0.00015,0.00285,-0.00013,-0.00103,2e-05,8e-05,-0.00085,-9e-05,-0.0018
40.72,0.00082,-0.00104,0.00069,0.00115,-0.00033,-0.00027,2e-05,0.01304,-0.00037,-0.0001,-0.00452,0.0005,0.00017,-3e-05,0.00265,0.00116,0.00103,-0.00014,-7e-05,-0.00014,-9e-05,0.0008,0.00111,1e-05,-0.00031,0.00015,0.00286,-0.00013,-0.00103,2e-05,8e-05,-0.00085,-9e-05,-0.0018
40.74,0.00082,-0.00104,0.00069,0.00118,-0.00034,-0.00028,0,0.01285,-0.00038,-0.0001,-0.00488,0.00049,0.00018,-3e-05,0.00265,0.00117,0.00102,-0.00015,-6e-05,-0.00015,-9e-05,0.00079,0.0011,1e-05,-0.00031,0.00015,0.00286,-0.00013,-0.00104,2e-05,8e-05,-0.00085,-9e-05,-0.0018
40.76,0.00083,-0.00104,0.00069,0.0012,-0.00035,-0.00028,-1e-05,0.0127,-0.00039,-0.0001,-0.00523,0.00048,0.00019,-3e-05,0.00265,0.00118,0.00102,-0.00015,-6e-05,-0.00015,-9e-05,0.00079,0.00109,1e-05,-0.00031,0.00015,0.00287,-0.00013,-0.00104,1e-05,8e-05,-0.00085,-9e-05,-0.0018
40.78,0.00083,-0.00105,0.00069,0.00122,-0.00036,-0.00028,-3e-05,0.01255,-0.0004,-0.0001,-0.0056,0.00047,0.0002,-3e-05,0.00265,0.00118,0.00102,-0.00016,-6e-05,-0.00016,-0.0001,0.00078,0.00108,1e-05,-0.00031,0.00014,0.00287,-0.00013,-0.00105,1e-05,8e-05,-0.00085,-9e-05,-0.0018
40.8,0.00084,-0.00105,0.00069,0.00125,-0.00036,-0.00029,-5e-05,0.01237,-0.00041,-9e-05,-0.00601,0.00047,0.00021,-4e-05,0.00265,0.00119,0.00102,-0.00017,-6e-05,-0.00016,-0.0001,0.00078,0.00107,1e-05,-0.00031,0.00014,0.00287,-0.00013,-0.00105,1e-05,8e-05,-0.00085,-9e-05,-0.0018
40.82,0.00084,-0.00105,0.00069,0.00126,-0.00036,-0.00029,-7e-05,0.01218,-0.00041,-8e-05,-0.00653,0.00047,0.00023,-4e-05,0.00265,0.0012,0.00102,-0.0002,-7e-05,-0.00016,-0.0001,0.00077,0.00106,1e-05,-0.00031,0.00014,0.00288,-0.00013,-0.00105,1e-05,8e-05,-0.00085,-9e-05,-0.0018
40.84,0.00084,-0.00104,0.00069,0.00128,-0.00036,-0.00029,-0.0001,0.01197,-0.00041,-7e-05,-0.00713,0.00047,0.00025,-5e-05,0.00265,0.00121,0.00101,-0.00023,-7e-05,-0.00016,-0.0001,0.00077,0.00106,1e-05,-0.00031,0.00014,0.00288,-0.00013,-0.00104,1e-05,8e-05,-0.00085,-9e-05,-0.0018
40.86,0.00084,-0.00104,0.00069,0.0013,-0.00037,-0.0003,-0.00013,0.01175,-0.00041,-5e-05,-0.00775,0.00046,0.00026,-5e-05,0.00265,0.00122,0.00101,-0.00026,-8e-05,-0.00016,-0.0001,0.00077,0.00105,1e-05,-0.00031,0.00014,0.00288,-0.00013,-0.00104,1e-05,8e-05,-0.00085,-9e-05,-0.0018
40.88,0.00085,-0.00104,0.00069,0.00131,-0.00036,-0.0003,-0.00016,0.01161,-0.00041,-4e-05,-0.0085,0.00046,0.00028,-6e-05,0.00265,0.00125,0.001,-0.00028,-8e-05,-0.00016,-0.0001,0.00077,0.00105,1e-05,-0.00031,0.00014,0.00288,-0.00013,-0.00104,1e-05,8e-05,-0.00085,-9e-05,-0.0018
40.9,0.00085,-0.00103,0.00069,0.00134,-0.00037,-0.0003,-0.00018,0.01132,-0.0004,-3e-05,-0.00915,0.00046,0.00029,-6e-05,0.00265,0.00123,0.001,-0.0003,-9e-05,-0.00016,-0.0001,0.00077,0.00104,1e-05,-0.00031,0.00014,0.00288,-0.00013,-0.00104,1e-05,8e-05,-0.00085,-9e-05,-0.0018
40.92,0.00083,-0.00102,0.00065,0.00152,-0.00043,-0.00031,-0.00021,0.01059,-0.0004,0,-0.00942,0.00044,0.00029,-7e-05,0.00265,0.00106,0.00104,-0.00032,-9e-05,-0.00017,-0.0001,0.00077,0.00104,1e-05,-0.00032,0.00015,0.00288,-0.00013,-0.00103,1e-05,8e-05,-0.00085,-9e-05,-0.0018
40.94,0.0008,-0.00101,0.00061,0.00177,-0.0005,-0.00031,-0.00022,0.00978,-0.0004,3e-05,-0.00951,0.00043,0.00029,-8e-05,0.00265,0.00088,0.00108,-0.00033,-9e-05,-0.00018,-0.0001,0.00077,0.00105,1e-05,-0.00032,0.00015,0.00288,-0.00014,-0.00103,1e-05,8e-05,-0.00085,-9e-05,-0.0018
40.96,0.00078,-0.00099,0.00058,0.00204,-0.00056,-0.00032,-0.00023,0.0091,-0.0004,5e-05,-0.00967,0.00042,0.00029,-8e-05,0.00265,0.00075,0.00111,-0.00033,-9e-05,-0.00018,-0.0001,0.00078,0.00105,1e-05,-0.00032,0.00015,0.00289,-0.00014,-0.00102,1e-05,8e-05,-0.00085,-9e-05,-0.0018
40.98,0.00075,-0.00098,0.00055,0.00239,-0.00064,-0.00032,-0.00023,0.0084,-0.0004,7e-05,-0.00992,0.00041,0.0003,-8e-05,0.00265,0.00063,0.00115,-0.00034,-0.0001,-0.00019,-0.0001,0.00078,0.00105,1e-05,-0.00032,0.00015,0.00289,-0.00014,-0.00102,2e-05,8e-05,-0.00085,-9e-05,-0.0018
41,0.00074,-0.00097,0.00052,0.0027,-0.0007,-0.00032,-0.00022,0.00789,-0.00039,8e-05,-0.00997,0.00041,0.00029,-7e-05,0.00265,0.00055,0.00118,-0.00035,-0.0001,-0.00019,-0.0001,0.00079,0.00105,1e-05,-0.00033,0.00015,0.00289,-0.00014,-0.00101,2e-05,8e-05,-0.00084,-9e-05,-0.0018
41.02,0.00074,-0.00096,0.00052,0.00274,-0.00071,-0.00032,-0.0002,0.00781,-0.00039,8e-05,-0.0095,0.00043,0.00027,-7e-05,0.00265,0.00055,0.00118,-0.00035,-0.0001,-0.00019,-0.0001,0.00079,0.00105,1e-05,-0.00033,0.00015,0.00289,-0.00014,-0.00101,2e-05,8e-05,-0.00085,-9e-05,-0.0018
41.04,0.00075,-0.00096,0.00053,0.00269,-0.00071,-0.00032,-0.00018,0.00788,-0.00039,7e-05,-0.00888,0.00046,0.00025,-6e-05,0.00265,0.00056,0.00118,-0.00035,-0.00011,-0.00019,-0.0001,0.00078,0.00105,1e-05,-0.00033,0.00015,0.00289,-0.00014,-0.00102,1e-05,8e-05,-0.00085,-9e-05,-0.0018
41.06,0.00075,-0.00096,0.00053,0.00268,-0.00071,-0.00031,-0.00015,0.00788,-0.00038,6e-05,-0.0084,0.00048,0.00023,-5e-05,0.00265,0.00057,0.00118,-0.00035,-0.00011,-0.00019,-0.0001,0.00078,0.00105,1e-05,-0.00033,0.00015,0.00289,-0.00014,-0.00102,1e-05,8e-05,-0.00085,-9e-05,-0.0018
41.08,0.00076,-0.00096,0.00053,0.00266,-0.00069,-0.00031,-0.00012,0.00789,-0.00038,5e-05,-0.00789,0.0005,0.00021,-5e-05,0.00265,0.00058,0.00118,-0.00035,-0.00011,-0.00019,-0.0001,0.00078,0.00105,1e-05,-0.00033,0.00015,0.00289,-0.00014,-0.00103,1e-05,8e-05,-0.00085,-9e-05,-0.0018
41.1,0.00076,-0.00096,0.00054,0.00264,-0.00066,-0.00031,-9e-05,0.00792,-0.00038,4e-05,-0.0075,0.00052,0.00019,-4e-05,0.00265,0.0006,0.00117,-0.00036,-0.00012,-0.00019,-0.0001,0.00078,0.00105,1e-05,-0.00033,0.00015,0.00289,-0.00014,-0.00103,1e-05,8e-05,-0.00085,-9e-05,-0.0018
41.12,0.00077,-0.00095,0.00055,0.00262,-0.00064,-0.00031,-6e-05,0.00797,-0.00038,2e-05,-0.00743,0.00052,0.00019,-3e-05,0.00265,0.00063,0.00115,-0.00036,-0.00012,-0.00019,-9e-05,0.00078,0.00105,1e-05,-0.00033,0.00015,0.00289,-0.00013,-0.00103,1e-05,8e-05,-0.00085,-9e-05,-0.0018
41.14,0.00078,-0.00095,0.00056,0.0026,-0.00064,-0.00031,-2e-05,0.00806,-0.00038,-1e-05,-0.00746,0.00052,0.00019,-2e-05,0.00265,0.00066,0.00113,-0.00037,-0.00013,-0.0002,-9e-05,0.00078,0.00105,1e-05,-0.00033,0.00015,0.00289,-0.00013,-0.00104,1e-05,8e-05,-0.00085,-9e-05,-0.0018
41.16,0.00079,-0.00094,0.00058,0.00257,-0.00064,-0.00031,1e-05,0.00815,-0.00038,-3e-05,-0.00743,0.00052,0.0002,-2e-05,0.00265,0.00069,0.0011,-0.00038,-0.00013,-0.0002,-9e-05,0.00078,0.00104,1e-05,-0.00033,0.00015,0.00289,-0.00013,-0.00104,0,8e-05,-0.00085,-0.0001,-0.0018
41.18,0.0008,-0.00093,0.00058,0.00259,-0.00065,-0.00031,4e-05,0.00814,-0.00038,-5e-05,-0.00745,0.00052,0.0002,-1e-05,0.00265,0.00071,0.00109,-0.00039,-0.00013,-0.0002,-9e-05,0.00078,0.00104,1e-05,-0.00033,0.00015,0.00289,-0.00013,-0.00104,0,8e-05,-0.00086,-0.0001,-0.0018
41.2,0.00081,-0.00093,0.0006,0.00252,-0.00064,-0.00031,7e-05,0.00835,-0.00038,-7e-05,-0.00739,0.00053,0.0002,-0,0.00265,0.00075,0.00106,-0.0004,-0.00014,-0.0002,-9e-05,0.00078,0.00104,0,-0.00033,0.00015,0.00289,-0.00013,-0.00104,0,8e-05,-0.00086,-0.0001,-0.0018
41.22,0.00083,-0.00094,0.00064,0.00226,-0.00058,-0.00031,0.0001,0.00932,-0.00038,-0.0001,-0.00705,0.00057,0.00019,0,0.00265,0.00088,0.00099,-0.0004,-0.00013,-0.00021,-9e-05,0.00078,0.00104,0,-0.00033,0.00015,0.00289,-0.00013,-0.00104,0,8e-05,-0.00086,-0.0001,-0.0018
41.24,0.00086,-0.00095,0.0007,0.00197,-0.00051,-0.00031,0.00013,0.01068,-0.00038,-0.00013,-0.00666,0.0006,0.00018,1e-05,0.00265,0.00107,0.00091,-0.0004,-0.00013,-0.00021,-9e-05,0.00078,0.00104,0,-0.00033,0.00015,0.00288,-0.00013,-0.00103,0,8e-05,-0.00086,-0.0001,-0.0018
41.26,0.00089,-0.00096,0.00074,0.00174,-0.00045,-0.0003,0.00014,0.01202,-0.00038,-0.00015,-0.00634,0.00063,0.00018,1e-05,0.00265,0.00126,0.00085,-0.0004,-0.00014,-0.00021,-9e-05,0.00079,0.00105,0,-0.00033,0.00015,0.00288,-0.00013,-0.00102,0,8e-05,-0.00086,-0.0001,-0.0018
41.28,0.00091,-0.00097,0.0008,0.00152,-0.00039,-0.0003,0.00014,0.01382,-0.00038,-0.00017,-0.00599,0.00066,0.00017,1e-05,0.00265,0.00152,0.00079,-0.0004,-0.00014,-0.00021,-9e-05,0.00079,0.00105,0,-0.00033,0.00015,0.00288,-0.00013,-0.00102,0,8e-05,-0.00085,-0.0001,-0.0018
41.3,0.00093,-0.00098,0.00084,0.00135,-0.00034,-0.0003,0.00014,0.01531,-0.00038,-0.00019,-0.00576,0.00068,0.00016,0,0.00265,0.00176,0.00074,-0.0004,-0.00014,-0.00021,-9e-05,0.00079,0.00105,0,-0.00033,0.00015,0.00288,-0.00013,-0.00101,0,8e-05,-0.00085,-0.0001,-0.0018
41.32,0.00094,-0.00098,0.00081,0.00128,-0.00032,-0.00029,0.00012,0.0152,-0.00038,-0.00018,-0.00581,0.00068,0.00017,-0,0.00265,0.00175,0.00074,-0.00039,-0.00015,-0.0002,-9e-05,0.00079,0.00105,1e-05,-0.00033,0.00015,0.00288,-0.00013,-0.00101,0,8e-05,-0.00085,-0.0001,-0.0018
41.34,0.00094,-0.00097,0.00076,0.00124,-0.00032,-0.00027,0.00011,0.01453,-0.00038,-0.00017,-0.00596,0.00068,0.00017,-1e-05,0.00265,0.00165,0.00075,-0.00038,-0.00016,-0.0002,-9e-05,0.00079,0.00105,1e-05,-0.00033,0.00015,0.00288,-0.00013,-0.00102,1e-05,8e-05,-0.00086,-0.0001,-0.0018
41.36,0.00094,-0.00097,0.00073,0.0012,-0.00031,-0.00026,9e-05,0.01415,-0.00038,-0.00016,-0.00607,0.00067,0.00018,-2e-05,0.00265,0.00159,0.00076,-0.00038,-0.00017,-0.00019,-9e-05,0.00079,0.00105,1e-05,-0.00033,0.00015,0.00288,-0.00013,-0.00102,1e-05,8e-05,-0.00086,-0.0001,-0.0018
41.38,0.00094,-0.00097,0.00069,0.00115,-0.0003,-0.00026,7e-05,0.01372,-0.00038,-0.00015,-0.00618,0.00067,0.00018,-2e-05,0.00265,0.00153,0.00077,-0.00038,-0.00018,-0.00018,-9e-05,0.00079,0.00105,1e-05,-0.00033,0.00015,0.00288,-0.00013,-0.00102,1e-05,8e-05,-0.00086,-0.0001,-0.0018
41.4,0.00095,-0.00096,0.00066,0.00113,-0.0003,-0.00025,5e-05,0.01331,-0.00038,-0.00014,-0.0063,0.00067,0.00019,-3e-05,0.00265,0.00148,0.00077,-0.00038,-0.00018,-0.00018,-9e-05,0.00079,0.00105,1e-05,-0.00033,0.00015,0.00288,-0.00013,-0.00102,1e-05,8e-05,-0.00086,-0.0001,-0.0018
41.42,0.00095,-0.00097,0.00066,0.00113,-0.0003,-0.00026,4e-05,0.01305,-0.00039,-0.00013,-0.0064,0.00066,0.00019,-3e-05,0.00265,0.00147,0.00077,-0.00038,-0.00018,-0.00018,-9e-05,0.00079,0.00105,1e-05,-0.00033,0.00015,0.00288,-0.00013,-0.00103,1e-05,8e-05,-0.00086,-0.0001,-0.0018
41.44,0.00094,-0.00097,0.00066,0.00115,-0.00032,-0.00026,2e-05,0.01282,-0.00039,-0.00012,-0.0065,0.00065,0.0002,-4e-05,0.00265,0.00146,0.00076,-0.00039,-0.00018,-0.00018,-9e-05,0.00079,0.00105,1e-05,-0.00033,0.00015,0.00288,-0.00013,-0.00103,0,8e-05,-0.00086,-0.0001,-0.0018
41.46,0.00094,-0.00097,0.00065,0.00115,-0.00032,-0.00027,0,0.01259,-0.00039,-0.00012,-0.00661,0.00064,0.0002,-4e-05,0.00265,0.00146,0.00076,-0.00039,-0.00018,-0.00018,-9e-05,0.00079,0.00105,1e-05,-0.00033,0.00015,0.00288,-0.00013,-0.00103,0,8e-05,-0.00086,-0.0001,-0.0018
41.48,0.00094,-0.00097,0.00065,0.00116,-0.00033,-0.00028,-1e-05,0.01235,-0.00039,-0.00011,-0.00669,0.00064,0.0002,-4e-05,0.00265,0.00145,0.00075,-0.0004,-0.00018,-0.00018,-9e-05,0.00079,0.00105,1e-05,-0.00034,0.00015,0.00288,-0.00013,-0.00103,0,8e-05,-0.00086,-0.0001,-0.0018
41.5,0.00094,-0.00097,0.00065,0.00117,-0.00033,-0.00028,-2e-05,0.01215,-0.00039,-0.0001,-0.00681,0.00063,0.0002,-4e-05,0.00265,0.00145,0.00075,-0.00041,-0.00018,-0.00018,-9e-05,0.00079,0.00105,1e-05,-0.00034,0.00015,0.00288,-0.00013,-0.00103,0,8e-05,-0.00086,-0.0001,-0.0018
41.52,0.00094,-0.00097,0.00066,0.00118,-0.00034,-0.00029,-3e-05,0.01202,-0.00039,-9e-05,-0.00708,0.00063,0.00021,-4e-05,0.00265,0.00148,0.00074,-0.00041,-0.00017,-0.00019,-9e-05,0.00079,0.00105,1e-05,-0.00034,0.00015,0.00288,-0.00013,-0.00104,0,8e-05,-0.00087,-0.0001,-0.0018
41.54,0.00094,-0.00098,0.00067,0.00119,-0.00034,-0.00029,-4e-05,0.01192,-0.00039,-8e-05,-0.00739,0.00064,0.00022,-4e-05,0.00265,0.00151,0.00073,-0.00042,-0.00017,-0.00019,-9e-05,0.00079,0.00105,1e-05,-0.00033,0.00015,0.00288,-0.00013,-0.00104,0,8e-05,-0.00087,-0.0001,-0.0018
41.56,0.00094,-0.00098,0.00067,0.00121,-0.00034,-0.0003,-5e-05,0.01182,-0.00039,-8e-05,-0.00767,0.00064,0.00022,-4e-05,0.00265,0.00154,0.00072,-0.00042,-0.00017,-0.0002,-9e-05,0.00078,0.00105,1e-05,-0.00033,0.00015,0.00288,-0.00013,-0.00105,-0,8e-05,-0.00087,-0.0001,-0.0018
41.58,0.00094,-0.00098,0.00068,0.00122,-0.00035,-0.0003,-5e-05,0.0117,-0.00039,-7e-05,-0.00804,0.00064,0.00023,-4e-05,0.00265,0.00157,0.00071,-0.00043,-0.00017,-0.0002,-9e-05,0.00078,0.00105,1e-05,-0.00033,0.00015,0.00288,-0.00013,-0.00106,-0,8e-05,-0.00087,-0.0001,-0.0018
41.6,0.00094,-0.00098,0.00068,0.00123,-0.00035,-0.0003,-6e-05,0.01161,-0.00039,-7e-05,-0.00827,0.00065,0.00023,-4e-05,0.00265,0.00159,0.0007,-0.00043,-0.00017,-0.0002,-9e-05,0.00078,0.00105,1e-05,-0.00033,0.00015,0.00288,-0.00013,-0.00106,-0,8e-05,-0.00087,-0.0001,-0.0018
41.62,0.00095,-0.00098,0.00068,0.00122,-0.00034,-0.0003,-6e-05,0.01156,-0.00039,-6e-05,-0.00804,0.00066,0.00023,-4e-05,0.00265,0.00158,0.0007,-0.00043,-0.00017,-0.0002,-9e-05,0.00078,0.00105,1e-05,-0.00033,0.00015,0.00288,-0.00013,-0.00106,-0,8e-05,-0.00087,-0.0001,-0.0018
41.64,0.00095,-0.00097,0.00067,0.0012,-0.00034,-0.00029,-6e-05,0.01153,-0.00038,-6e-05,-0.00768,0.00068,0.00022,-3e-05,0.00265,0.00156,0.0007,-0.00042,-0.00017,-0.0002,-9e-05,0.00078,0.00105,1e-05,-0.00033,0.00015,0.00289,-0.00013,-0.00107,-0,8e-05,-0.00087,-0.0001,-0.0018
41.66,0.00095,-0.00097,0.00066,0.00119,-0.00034,-0.00029,-5e-05,0.01151,-0.00037,-6e-05,-0.00741,0.00069,0.00021,-3e-05,0.00265,0.00155,0.0007,-0.00042,-0.00017,-0.0002,-9e-05,0.00078,0.00105,1e-05,-0.00033,0.00015,0.00289,-0.00013,-0.00107,-0,8e-05,-0.00087,-0.0001,-0.0018
41.68,0.00095,-0.00096,0.00066,0.00118,-0.00033,-0.00029,-5e-05,0.01145,-0.00037,-6e-05,-0.0071,0.0007,0.00021,-3e-05,0.00265,0.00154,0.00071,-0.00042,-0.00017,-0.00019,-9e-05,0.00078,0.00106,1e-05,-0.00033,0.00015,0.00289,-0.00013,-0.00107,-0,8e-05,-0.00087,-0.0001,-0.0018
41.7,0.00095,-0.00096,0.00065,0.00116,-0.00033,-0.00028,-4e-05,0.01145,-0.00036,-6e-05,-0.00688,0.00071,0.00021,-3e-05,0.00265,0.00153,0.00071,-0.00041,-0.00017,-0.00019,-9e-05,0.00078,0.00106,1e-05,-0.00033,0.00015,0.00289,-0.00013,-0.00107,-0,8e-05,-0.00087,-0.0001,-0.0018
41.72,0.00095,-0.00096,0.00065,0.00116,-0.00033,-0.00029,-3e-05,0.01163,-0.00035,-7e-05,-0.00699,0.00071,0.00021,-3e-05,0.00265,0.00155,0.0007,-0.00041,-0.00017,-0.00019,-9e-05,0.00078,0.00106,1e-05,-0.00033,0.00015,0.00289,-0.00013,-0.00107,0,8e-05,-0.00087,-0.0001,-0.0018
41.74,0.00095,-0.00095,0.00065,0.00116,-0.00033,-0.00029,-2e-05,0.01188,-0.00035,-8e-05,-0.00719,0.00071,0.00022,-3e-05,0.00265,0.00158,0.00069,-0.00041,-0.00017,-0.0002,-9e-05,0.00078,0.00106,1e-05,-0.00033,0.00015,0.00289,-0.00013,-0.00107,0,8e-05,-0.00087,-0.0001,-0.0018
41.76,0.00095,-0.00095,0.00065,0.00115,-0.00033,-0.00029,-1e-05,0.0121,-0.00034,-8e-05,-0.00732,0.00071,0.00023,-3e-05,0.00265,0.0016,0.00069,-0.00042,-0.00017,-0.0002,-9e-05,0.00077,0.00106,1e-05,-0.00033,0.00015,0.00289,-0.00013,-0.00108,0,8e-05,-0.00087,-0.0001,-0.0018
41.78,0.00095,-0.00095,0.00066,0.00115,-0.00033,-0.00029,-0,0.01234,-0.00033,-9e-05,-0.00756,0.0007,0.00023,-3e-05,0.00265,0.00162,0.00068,-0.00042,-0.00016,-0.0002,-9e-05,0.00077,0.00107,1e-05,-0.00033,0.00015,0.00289,-0.00014,-0.00108,0,8e-05,-0.00087,-0.0001,-0.0018
41.8,0.00095,-0.00095,0.00066,0.00115,-0.00033,-0.00029,0,0.01257,-0.00032,-9e-05,-0.0076,0.00071,0.00023,-3e-05,0.00265,0.00164,0.00068,-0.00042,-0.00017,-0.0002,-9e-05,0.00077,0.00107,1e-05,-0.00033,0.00015,0.00289,-0.00014,-0.00108,1e-05,8e-05,-0.00087,-0.0001,-0.0018
41.82,0.00096,-0.00095,0.00065,0.00114,-0.00033,-0.00029,1e-05,0.01279,-0.00029,-0.0001,-0.00705,0.00073,0.00025,-3e-05,0.00265,0.00165,0.00068,-0.00041,-0.00017,-0.0002,-9e-05,0.00077,0.00107,1e-05,-0.00033,0.00015,0.00289,-0.00014,-0.00108,1e-05,8e-05,-0.00087,-0.0001,-0.0018
41.84,0.00096,-0.00094,0.00064,0.00113,-0.00033,-0.00028,2e-05,0.01301,-0.00025,-0.0001,-0.00637,0.00077,0.00026,-3e-05,0.00265,0.00166,0.00068,-0.00041,-0.00017,-0.0002,-9e-05,0.00077,0.00107,1e-05,-0.00033,0.00015,0.00289,-0.00014,-0.00108,1e-05,8e-05,-0.00087,-0.0001,-0.0018
41.86,0.00096,-0.00094,0.00064,0.00112,-0.00033,-0.00028,2e-05,0.01323,-0.00022,-0.0001,-0.00585,0.00079,0.00026,-3e-05,0.00265,0.00167,0.00067,-0.00041,-0.00017,-0.00019,-9e-05,0.00077,0.00107,1e-05,-0.00033,0.00015,0.00289,-0.00014,-0.00107,1e-05,8e-05,-0.00087,-0.0001,-0.0018
41.88,0.00096,-0.00094,0.00063,0.00111,-0.00033,-0.00028,2e-05,0.01344,-0.00019,-9e-05,-0.00531,0.00082,0.00027,-3e-05,0.00265,0.00168,0.00067,-0.00041,-0.00017,-0.00019,-9e-05,0.00077,0.00108,1e-05,-0.00033,0.00015,0.00289,-0.00014,-0.00107,1e-05,8e-05,-0.00087,-0.0001,-0.0018
41.9,0.00096,-0.00094,0.00063,0.0011,-0.00033,-0.00028,2e-05,0.0137,-0.00017,-9e-05,-0.00495,0.00083,0.00027,-3e-05,0.00265,0.00168,0.00067,-0.00041,-0.00018,-0.00019,-9e-05,0.00077,0.00108,1e-05,-0.00033,0.00015,0.00289,-0.00014,-0.00107,1e-05,8e-05,-0.00087,-0.0001,-0.0018
41.92,0.00097,-0.00094,0.00063,0.0011,-0.00033,-0.00028,2e-05,0.01409,-0.00016,-9e-05,-0.00499,0.00081,0.00025,-3e-05,0.00265,0.00165,0.00068,-0.00041,-0.00018,-0.00019,-9e-05,0.00077,0.00108,0,-0.00033,0.00015,0.00289,-0.00014,-0.00107,1e-05,8e-05,-0.00087,-0.0001,-0.0018
41.94,0.00097,-0.00094,0.00063,0.00111,-0.00033,-0.00028,2e-05,0.01454,-0.00016,-8e-05,-0.00516,0.00078,0.00022,-3e-05,0.00265,0.00162,0.00068,-0.00041,-0.00018,-0.00019,-9e-05,0.00077,0.00108,0,-0.00033,0.00015,0.00288,-0.00014,-0.00107,2e-05,8e-05,-0.00087,-0.0001,-0.0018
41.96,0.00097,-0.00095,0.00064,0.00111,-0.00033,-0.00028,2e-05,0.01498,-0.00016,-7e-05,-0.00526,0.00076,0.00019,-3e-05,0.00265,0.00159,0.00069,-0.0004,-0.00018,-0.00019,-9e-05,0.00077,0.00108,0,-0.00033,0.00015,0.00288,-0.00014,-0.00107,2e-05,8e-05,-0.00087,-0.0001,-0.0018
41.98,0.00097,-0.00095,0.00064,0.00112,-0.00033,-0.00028,2e-05,0.01547,-0.00016,-7e-05,-0.00538,0.00075,0.00017,-3e-05,0.00265,0.00155,0.00069,-0.0004,-0.00019,-0.00018,-9e-05,0.00077,0.00109,0,-0.00033,0.00015,0.00288,-0.00014,-0.00107,2e-05,8e-05,-0.00087,-0.0001,-0.0018
42,0.00097,-0.00095,0.00064,0.00112,-0.00033,-0.00028,2e-05,0.0159,-0.00016,-6e-05,-0.00549,0.00073,0.00015,-3e-05,0.00265,0.00153,0.0007,-0.0004,-0.00019,-0.00018,-9e-05,0.00077,0.00109,0,-0.00033,0.00015,0.00288,-0.00014,-0.00107,2e-05,8e-05,-0.00087,-0.0001,-0.0018
42.02,0.00097,-0.00095,0.00064,0.00112,-0.00033,-0.00028,2e-05,0.01618,-0.00016,-7e-05,-0.00551,0.00073,0.00015,-3e-05,0.00265,0.00151,0.0007,-0.0004,-0.00019,-0.00018,-9e-05,0.00077,0.00109,0,-0.00033,0.00015,0.00288,-0.00014,-0.00108,2e-05,8e-05,-0.00087,-0.0001,-0.0018
42.04,0.00097,-0.00095,0.00065,0.00113,-0.00033,-0.00028,2e-05,0.01639,-0.00017,-7e-05,-0.00551,0.00074,0.00016,-3e-05,0.00265,0.00149,0.00071,-0.0004,-0.00019,-0.00018,-9e-05,0.00077,0.00109,0,-0.00033,0.00015,0.00288,-0.00014,-0.00108,2e-05,8e-05,-0.00087,-0.0001,-0.0018
42.06,0.00097,-0.00095,0.00065,0.00113,-0.00033,-0.00028,1e-05,0.01662,-0.00017,-7e-05,-0.00552,0.00074,0.00016,-3e-05,0.00265,0.00147,0.00071,-0.0004,-0.00019,-0.00018,-9e-05,0.00076,0.00109,0,-0.00033,0.00015,0.00288,-0.00014,-0.00108,2e-05,8e-05,-0.00087,-0.0001,-0.0018
42.08,0.00097,-0.00095,0.00065,0.00114,-0.00033,-0.00028,1e-05,0.01691,-0.00018,-7e-05,-0.00552,0.00074,0.00017,-3e-05,0.00265,0.00145,0.00071,-0.0004,-0.00019,-0.00018,-9e-05,0.00076,0.00109,0,-0.00033,0.00015,0.00287,-0.00014,-0.00108,2e-05,8e-05,-0.00087,-0.0001,-0.0018
42.1,0.00097,-0.00095,0.00065,0.00114,-0.00033,-0.00028,1e-05,0.01708,-0.00019,-7e-05,-0.00552,0.00075,0.00018,-3e-05,0.00265,0.00143,0.00071,-0.0004,-0.00019,-0.00018,-9e-05,0.00076,0.0011,0,-0.00033,0.00015,0.00287,-0.00014,-0.00108,2e-05,8e-05,-0.00087,-0.0001,-0.0018
42.12,0.00097,-0.00095,0.00066,0.00114,-0.00033,-0.00028,0,0.01695,-0.0002,-8e-05,-0.0055,0.00076,0.00018,-3e-05,0.00265,0.00142,0.00072,-0.00039,-0.00019,-0.00018,-9e-05,0.00076,0.0011,0,-0.00033,0.00015,0.00287,-0.00014,-0.00108,2e-05,8e-05,-0.00087,-0.0001,-0.0018
42.14,0.00097,-0.00095,0.00066,0.00114,-0.00033,-0.00027,-0,0.0167,-0.00022,-8e-05,-0.00547,0.00076,0.00019,-3e-05,0.00265,0.0014,0.00072,-0.00039,-0.00019,-0.00018,-9e-05,0.00076,0.0011,1e-05,-0.00033,0.00015,0.00287,-0.00014,-0.00109,2e-05,8e-05,-0.00087,-0.0001,-0.0018
42.16,0.00097,-0.00095,0.00066,0.00114,-0.00033,-0.00027,-1e-05,0.01652,-0.00024,-8e-05,-0.00544,0.00077,0.0002,-3e-05,0.00265,0.00138,0.00073,-0.00039,-0.00019,-0.00018,-9e-05,0.00076,0.0011,1e-05,-0.00033,0.00015,0.00287,-0.00014,-0.00109,2e-05,8e-05,-0.00087,-0.0001,-0.0018
42.18,0.00096,-0.00094,0.00066,0.00114,-0.00033,-0.00027,-2e-05,0.01631,-0.00025,-8e-05,-0.00542,0.00077,0.0002,-3e-05,0.00265,0.00137,0.00073,-0.00039,-0.00019,-0.00017,-9e-05,0.00076,0.0011,1e-05,-0.00033,0.00015,0.00287,-0.00014,-0.00109,2e-05,8e-05,-0.00087,-0.0001,-0.0018
42.2,0.00096,-0.00094,0.00067,0.00114,-0.00033,-0.00027,-2e-05,0.01613,-0.00026,-9e-05,-0.00542,0.00077,0.00021,-3e-05,0.00265,0.00135,0.00074,-0.00039,-0.00019,-0.00017,-9e-05,0.00076,0.0011,1e-05,-0.00033,0.00015,0.00287,-0.00013,-0.00109,2e-05,8e-05,-0.00087,-0.0001,-0.0018
42.22,0.00096,-0.00095,0.00067,0.00115,-0.00033,-0.00027,-2e-05,0.01604,-0.0003,-0.0001,-0.00545,0.00077,0.00023,-3e-05,0.00265,0.00133,0.00074,-0.00039,-0.00019,-0.00017,-9e-05,0.00076,0.0011,1e-05,-0.00033,0.00015,0.00287,-0.00013,-0.00109,2e-05,8e-05,-0.00087,-0.0001,-0.0018
42.24,0.00095,-0.00095,0.00068,0.00116,-0.00033,-0.00028,-2e-05,0.01597,-0.00033,-0.00011,-0.0055,0.00077,0.00025,-4e-05,0.00265,0.00131,0.00075,-0.00039,-0.00019,-0.00017,-9e-05,0.00076,0.00109,1e-05,-0.00033,0.00015,0.00287,-0.00013,-0.00109,2e-05,8e-05,-0.00087,-0.0001,-0.0018
42.26,0.00095,-0.00095,0.00069,0.00117,-0.00033,-0.00028,-2e-05,0.01587,-0.00037,-0.00012,-0.00557,0.00077,0.00027,-4e-05,0.00265,0.00129,0.00075,-0.00039,-0.00019,-0.00017,-9e-05,0.00076,0.00109,1e-05,-0.00033,0.00015,0.00287,-0.00013,-0.00108,2e-05,8e-05,-0.00087,-0.0001,-0.0018
42.28,0.00095,-0.00095,0.0007,0.00118,-0.00033,-0.00028,-1e-05,0.01585,-0.0004,-0.00012,-0.00557,0.00077,0.00029,-4e-05,0.00265,0.00127,0.00076,-0.0004,-0.00019,-0.00017,-9e-05,0.00076,0.00108,1e-05,-0.00033,0.00015,0.00287,-0.00013,-0.00108,2e-05,8e-05,-0.00087,-0.0001,-0.0018
42.3,0.00095,-0.00095,0.0007,0.00119,-0.00033,-0.00028,-1e-05,0.01567,-0.00043,-0.00013,-0.0057,0.00076,0.0003,-4e-05,0.00265,0.00125,0.00076,-0.0004,-0.00019,-0.00017,-9e-05,0.00076,0.00108,1e-05,-0.00033,0.00015,0.00287,-0.00013,-0.00108,1e-05,8e-05,-0.00087,-0.0001,-0.0018
42.32,0.00094,-0.00095,0.00071,0.0012,-0.00034,-0.00028,0,0.01507,-0.00043,-0.00014,-0.00623,0.00073,0.0003,-4e-05,0.00265,0.00123,0.00076,-0.0004,-0.00019,-0.00017,-9e-05,0.00076,0.00108,1e-05,-0.00033,0.00015,0.00287,-0.00013,-0.00108,1e-05,8e-05,-0.00087,-0.0001,-0.0018
42.34,0.00094,-0.00096,0.00072,0.00122,-0.00034,-0.00028,1e-05,0.01436,-0.00043,-0.00015,-0.00695,0.00069,0.00029,-4e-05,0.00265,0.00121,0.00076,-0.0004,-0.00019,-0.00018,-9e-05,0.00076,0.00107,1e-05,-0.00033,0.00015,0.00287,-0.00013,-0.00107,1e-05,8e-05,-0.00087,-0.0001,-0.0018
42.36,0.00093,-0.00096,0.00073,0.00123,-0.00034,-0.00028,2e-05,0.01375,-0.00043,-0.00015,-0.00764,0.00067,0.00028,-4e-05,0.00265,0.00119,0.00077,-0.00041,-0.00019,-0.00018,-9e-05,0.00076,0.00107,1e-05,-0.00034,0.00015,0.00288,-0.00013,-0.00107,1e-05,8e-05,-0.00087,-0.0001,-0.0018
42.38,0.00093,-0.00096,0.00074,0.00125,-0.00034,-0.00028,2e-05,0.01312,-0.00043,-0.00015,-0.00846,0.00065,0.00028,-4e-05,0.00265,0.00116,0.00077,-0.00041,-0.0002,-0.00018,-9e-05,0.00076,0.00106,1e-05,-0.00034,0.00015,0.00288,-0.00013,-0.00107,1e-05,8e-05,-0.00087,-0.0001,-0.0018
42.4,0.00092,-0.00096,0.00075,0.00126,-0.00034,-0.00028,2e-05,0.01259,-0.00043,-0.00016,-0.00925,0.00064,0.00027,-4e-05,0.00265,0.00115,0.00077,-0.00041,-0.0002,-0.00018,-9e-05,0.00077,0.00106,1e-05,-0.00034,0.00015,0.00288,-0.00013,-0.00107,1e-05,8e-05,-0.00087,-0.0001,-0.0018
42.42,0.00092,-0.00096,0.00075,0.00126,-0.00034,-0.00028,3e-05,0.01228,-0.00043,-0.00016,-0.00973,0.00065,0.00029,-4e-05,0.00265,0.00115,0.00077,-0.00041,-0.0002,-0.00018,-9e-05,0.00077,0.00105,1e-05,-0.00034,0.00015,0.00288,-0.00013,-0.00107,0,8e-05,-0.00086,-0.0001,-0.0018
42.44,0.00092,-0.00097,0.00075,0.00126,-0.00034,-0.00028,2e-05,0.01206,-0.00042,-0.00015,-0.0101,0.00067,0.00031,-4e-05,0.00265,0.00115,0.00077,-0.00041,-0.0002,-0.00018,-9e-05,0.00076,0.00105,1e-05,-0.00034,0.00015,0.00288,-0.00013,-0.00107,0,8e-05,-0.00086,-0.0001,-0.0018
42.46,0.00091,-0.00097,0.00074,0.00126,-0.00034,-0.00028,2e-05,0.01181,-0.00043,-0.00015,-0.01053,0.00069,0.00032,-4e-05,0.00265,0.00115,0.00077,-0.0004,-0.0002,-0.00018,-9e-05,0.00077,0.00105,1e-05,-0.00034,0.00015,0.00288,-0.00013,-0.00107,0,8e-05,-0.00086,-0.0001,-0.0018
42.48,0.00091,-0.00097,0.00074,0.00126,-0.00034,-0.00028,2e-05,0.01155,-0.00043,-0.00015,-0.01104,0.0007,0.00034,-4e-05,0.00265,0.00115,0.00076,-0.0004,-0.0002,-0.00018,-9e-05,0.00076,0.00105,1e-05,-0.00033,0.00015,0.00289,-0.00013,-0.00106,0,8e-05,-0.00086,-0.0001,-0.0018
42.5,0.00091,-0.00097,0.00074,0.00126,-0.00034,-0.00028,1e-05,0.01134,-0.00043,-0.00015,-0.01142,0.00071,0.00035,-4e-05,0.00265,0.00115,0.00076,-0.0004,-0.0002,-0.00018,-9e-05,0.00077,0.00104,1e-05,-0.00033,0.00015,0.00289,-0.00013,-0.00106,0,8e-05,-0.00086,-0.0001,-0.0018
42.52,0.00091,-0.00097,0.00074,0.00127,-0.00034,-0.00028,1e-05,0.01123,-0.00044,-0.00015,-0.01139,0.00073,0.00035,-4e-05,0.00265,0.00114,0.00077,-0.0004,-0.0002,-0.00017,-9e-05,0.00077,0.00104,1e-05,-0.00034,0.00015,0.00289,-0.00013,-0.00105,0,8e-05,-0.00086,-0.0001,-0.0018
42.54,0.00091,-0.00097,0.00074,0.00127,-0.00034,-0.00028,0,0.01116,-0.00046,-0.00015,-0.01121,0.00074,0.00034,-4e-05,0.00265,0.00112,0.00077,-0.0004,-0.0002,-0.00017,-9e-05,0.00078,0.00104,1e-05,-0.00034,0.00015,0.00289,-0.00013,-0.00104,0,8e-05,-0.00086,-0.0001,-0.0018
42.56,0.0009,-0.00097,0.00074,0.00127,-0.00034,-0.00028,-0,0.01108,-0.00047,-0.00015,-0.01112,0.00075,0.00034,-4e-05,0.00265,0.00111,0.00077,-0.0004,-0.0002,-0.00017,-9e-05,0.00079,0.00104,1e-05,-0.00034,0.00015,0.00289,-0.00013,-0.00104,0,8e-05,-0.00086,-0.0001,-0.0018
42.58,0.0009,-0.00098,0.00074,0.00127,-0.00034,-0.00028,-1e-05,0.01098,-0.00048,-0.00015,-0.011,0.00076,0.00033,-4e-05,0.00265,0.0011,0.00077,-0.0004,-0.0002,-0.00017,-9e-05,0.0008,0.00104,1e-05,-0.00034,0.00015,0.00289,-0.00013,-0.00103,0,8e-05,-0.00086,-0.0001,-0.0018
42.6,0.0009,-0.00098,0.00074,0.00128,-0.00034,-0.00028,-1e-05,0.01092,-0.00049,-0.00015,-0.01091,0.00076,0.00033,-4e-05,0.00265,0.00109,0.00077,-0.0004,-0.0002,-0.00017,-9e-05,0.0008,0.00104,1e-05,-0.00034,0.00015,0.00289,-0.00013,-0.00102,0,8e-05,-0.00086,-0.0001,-0.0018
42.62,0.0009,-0.00098,0.00074,0.00128,-0.00034,-0.00029,-2e-05,0.01098,-0.00049,-0.00016,-0.01092,0.00076,0.00033,-3e-05,0.00265,0.00108,0.00077,-0.0004,-0.0002,-0.00017,-9e-05,0.0008,0.00104,1e-05,-0.00034,0.00015,0.00289,-0.00013,-0.00102,0,8e-05,-0.00086,-0.0001,-0.0018
42.64,0.0009,-0.00098,0.00074,0.00128,-0.00034,-0.00029,-2e-05,0.01109,-0.00049,-0.00017,-0.01096,0.00075,0.00032,-3e-05,0.00265,0.00109,0.00077,-0.00041,-0.0002,-0.00017,-9e-05,0.0008,0.00104,1e-05,-0.00034,0.00015,0.00289,-0.00013,-0.00103,0,8e-05,-0.00086,-0.0001,-0.0018
42.66,0.0009,-0.00097,0.00074,0.00128,-0.00034,-0.00029,-3e-05,0.01118,-0.00048,-0.00017,-0.01098,0.00075,0.00032,-3e-05,0.00265,0.00109,0.00077,-0.00041,-0.00019,-0.00018,-9e-05,0.00079,0.00104,1e-05,-0.00034,0.00015,0.00289,-0.00013,-0.00103,0,8e-05,-0.00086,-0.0001,-0.0018
42.68,0.0009,-0.00097,0.00074,0.00129,-0.00034,-0.00029,-4e-05,0.01126,-0.00048,-0.00018,-0.01103,0.00074,0.00031,-3e-05,0.00265,0.00108,0.00077,-0.00041,-0.00019,-0.00018,-9e-05,0.00079,0.00104,1e-05,-0.00034,0.00015,0.00289,-0.00013,-0.00103,0,8e-05,-0.00086,-0.0001,-0.0018
42.7,0.0009,-0.00097,0.00074,0.00129,-0.00034,-0.00029,-5e-05,0.01137,-0.00047,-0.00018,-0.01103,0.00073,0.00031,-3e-05,0.00265,0.00109,0.00077,-0.00041,-0.00019,-0.00018,-9e-05,0.00078,0.00104,1e-05,-0.00034,0.00015,0.00289,-0.00013,-0.00104,0,8e-05,-0.00086,-0.0001,-0.0018
42.72,0.0009,-0.00097,0.00074,0.00129,-0.00034,-0.0003,-5e-05,0.01158,-0.00047,-0.00019,-0.01092,0.00072,0.0003,-3e-05,0.00265,0.00112,0.00076,-0.00042,-0.00019,-0.00018,-9e-05,0.00078,0.00104,1e-05,-0.00033,0.00015,0.00289,-0.00013,-0.00105,0,8e-05,-0.00086,-0.0001,-0.0018
42.74,0.0009,-0.00097,0.00073,0.00129,-0.00034,-0.0003,-6e-05,0.01182,-0.00046,-0.00019,-0.01077,0.0007,0.00029,-3e-05,0.00265,0.00116,0.00075,-0.00042,-0.00018,-0.00018,-9e-05,0.00077,0.00104,1e-05,-0.00033,0.00015,0.00289,-0.00014,-0.00105,0,8e-05,-0.00086,-0.0001,-0.0018
42.76,0.0009,-0.00097,0.00073,0.00129,-0.00035,-0.0003,-7e-05,0.01206,-0.00046,-0.00019,-0.01063,0.00069,0.00028,-3e-05,0.00265,0.00119,0.00075,-0.00043,-0.00018,-0.00019,-9e-05,0.00076,0.00104,1e-05,-0.00033,0.00015,0.00289,-0.00014,-0.00106,0,8e-05,-0.00086,-0.0001,-0.0018
42.78,0.0009,-0.00097,0.00073,0.00129,-0.00035,-0.0003,-8e-05,0.0123,-0.00045,-0.00019,-0.01051,0.00068,0.00028,-3e-05,0.00265,0.00122,0.00074,-0.00043,-0.00018,-0.00019,-9e-05,0.00076,0.00104,1e-05,-0.00033,0.00015,0.00288,-0.00014,-0.00107,0,8e-05,-0.00086,-0.0001,-0.0018
42.8,0.0009,-0.00097,0.00073,0.00129,-0.00035,-0.0003,-8e-05,0.01255,-0.00045,-0.00019,-0.01035,0.00067,0.00027,-3e-05,0.00265,0.00126,0.00073,-0.00043,-0.00017,-0.00019,-9e-05,0.00075,0.00104,1e-05,-0.00032,0.00015,0.00288,-0.00014,-0.00107,1e-05,8e-05,-0.00086,-0.0001,-0.0018
42.82,0.0009,-0.00097,0.00072,0.00129,-0.00035,-0.0003,-9e-05,0.01273,-0.00043,-0.00018,-0.01012,0.00067,0.00026,-3e-05,0.00265,0.00129,0.00073,-0.00043,-0.00017,-0.00019,-9e-05,0.00076,0.00105,1e-05,-0.00033,0.00015,0.00288,-0.00014,-0.00107,1e-05,8e-05,-0.00086,-0.0001,-0.0018
42.84,0.0009,-0.00097,0.00072,0.00128,-0.00035,-0.0003,-9e-05,0.01291,-0.00041,-0.00016,-0.00986,0.00067,0.00026,-3e-05,0.00265,0.00131,0.00072,-0.00043,-0.00017,-0.00019,-9e-05,0.00077,0.00105,1e-05,-0.00033,0.00015,0.00288,-0.00014,-0.00105,1e-05,8e-05,-0.00086,-0.0001,-0.0018
42.86,0.0009,-0.00097,0.00072,0.00127,-0.00034,-0.0003,-0.0001,0.01311,-0.00039,-0.00015,-0.00962,0.00068,0.00025,-3e-05,0.00265,0.00134,0.00071,-0.00043,-0.00017,-0.00019,-9e-05,0.00077,0.00106,1e-05,-0.00033,0.00015,0.00288,-0.00014,-0.00105,1e-05,8e-05,-0.00086,-0.0001,-0.0018
42.88,0.0009,-0.00097,0.00072,0.00126,-0.00034,-0.0003,-0.0001,0.01324,-0.00038,-0.00014,-0.00939,0.00068,0.00025,-3e-05,0.00265,0.00137,0.00071,-0.00043,-0.00017,-0.00019,-9e-05,0.00078,0.00107,1e-05,-0.00033,0.00015,0.00288,-0.00014,-0.00104,2e-05,8e-05,-0.00086,-0.0001,-0.0018
42.9,0.00089,-0.00097,0.00072,0.00125,-0.00034,-0.0003,-0.0001,0.01352,-0.00037,-0.00014,-0.00914,0.00069,0.00026,-3e-05,0.00265,0.0014,0.0007,-0.00043,-0.00018,-0.00019,-9e-05,0.00079,0.00107,1e-05,-0.00033,0.00015,0.00288,-0.00014,-0.00103,2e-05,8e-05,-0.00086,-0.0001,-0.0018
42.92,0.0009,-0.00097,0.00071,0.00124,-0.00034,-0.0003,-0.0001,0.01424,-0.00037,-0.00013,-0.00883,0.0007,0.00026,-3e-05,0.00265,0.00141,0.0007,-0.00043,-0.00018,-0.00019,-9e-05,0.00079,0.00107,1e-05,-0.00033,0.00015,0.00288,-0.00014,-0.00103,2e-05,8e-05,-0.00086,-0.0001,-0.0018
42.94,0.0009,-0.00096,0.00071,0.00124,-0.00034,-0.0003,-0.0001,0.01514,-0.00038,-0.00013,-0.0085,0.00072,0.00026,-3e-05,0.00265,0.00142,0.0007,-0.00043,-0.00018,-0.00019,-9e-05,0.00078,0.00107,1e-05,-0.00033,0.00015,0.00288,-0.00014,-0.00104,2e-05,8e-05,-0.00086,-0.0001,-0.0018
42.96,0.0009,-0.00096,0.0007,0.00123,-0.00034,-0.00029,-9e-05,0.01602,-0.00039,-0.00013,-0.00819,0.00073,0.00027,-3e-05,0.00265,0.00143,0.00069,-0.00043,-0.00018,-0.00019,-9e-05,0.00078,0.00107,1e-05,-0.00033,0.00015,0.00289,-0.00014,-0.00105,2e-05,8e-05,-0.00086,-0.0001,-0.0018
42.98,0.0009,-0.00095,0.0007,0.00122,-0.00034,-0.00029,-9e-05,0.01699,-0.00039,-0.00013,-0.00793,0.00074,0.00028,-3e-05,0.00265,0.00145,0.00069,-0.00042,-0.00019,-0.00019,-9e-05,0.00077,0.00107,1e-05,-0.00033,0.00015,0.00289,-0.00014,-0.00105,2e-05,8e-05,-0.00086,-0.0001,-0.0018
43,0.0009,-0.00094,0.00069,0.00121,-0.00034,-0.00029,-8e-05,0.01796,-0.0004,-0.00013,-0.0076,0.00076,0.00029,-3e-05,0.00265,0.00145,0.00069,-0.00042,-0.00019,-0.00019,-9e-05,0.00077,0.00108,1e-05,-0.00033,0.00015,0.00289,-0.00014,-0.00106,2e-05,8e-05,-0.00086,-0.0001,-0.0018
43.02,0.00091,-0.00094,0.00069,0.00121,-0.00034,-0.00029,-8e-05,0.01882,-0.00042,-0.00013,-0.00705,0.00079,0.00034,-3e-05,0.00265,0.00143,0.00069,-0.00042,-0.00019,-0.00019,-9e-05,0.00077,0.00107,1e-05,-0.00033,0.00015,0.00289,-0.00014,-0.00106,2e-05,8e-05,-0.00086,-0.0001,-0.0018
43.04,0.00091,-0.00093,0.00069,0.00121,-0.00034,-0.00029,-7e-05,0.01964,-0.00045,-0.00014,-0.00649,0.00081,0.0004,-3e-05,0.00265,0.0014,0.0007,-0.00042,-0.00019,-0.00019,-9e-05,0.00077,0.00107,1e-05,-0.00033,0.00015,0.00289,-0.00014,-0.00106,2e-05,8e-05,-0.00086,-0.0001,-0.0018
43.06,0.00091,-0.00093,0.00069,0.00121,-0.00034,-0.00029,-6e-05,0.02051,-0.00048,-0.00014,-0.00602,0.00083,0.00044,-3e-05,0.00265,0.00138,0.0007,-0.00042,-0.0002,-0.00019,-9e-05,0.00077,0.00107,1e-05,-0.00033,0.00015,0.00289,-0.00014,-0.00106,2e-05,8e-05,-0.00086,-0.0001,-0.0018
43.08,0.00092,-0.00093,0.00069,0.00121,-0.00034,-0.00029,-5e-05,0.02151,-0.0005,-0.00014,-0.00553,0.00086,0.00049,-3e-05,0.00265,0.00135,0.0007,-0.00042,-0.0002,-0.00019,-9e-05,0.00077,0.00107,1e-05,-0.00033,0.00015,0.00289,-0.00014,-0.00106,2e-05,8e-05,-0.00086,-0.0001,-0.0018
43.1,0.00092,-0.00092,0.0007,0.00121,-0.00034,-0.00029,-4e-05,0.02234,-0.00052,-0.00015,-0.00519,0.00087,0.00053,-3e-05,0.00265,0.00133,0.00071,-0.00042,-0.0002,-0.00019,-9e-05,0.00077,0.00107,1e-05,-0.00033,0.00015,0.00289,-0.00014,-0.00106,2e-05,8e-05,-0.00086,-0.0001,-0.0018
43.12,0.00092,-0.00093,0.0007,0.00121,-0.00034,-0.00029,-3e-05,0.02263,-0.00052,-0.00015,-0.00517,0.00086,0.00052,-3e-05,0.00265,0.00133,0.00071,-0.00042,-0.0002,-0.00019,-9e-05,0.00077,0.00107,1e-05,-0.00033,0.00015,0.00289,-0.00014,-0.00106,2e-05,8e-05,-0.00086,-0.0001,-0.0018
43.14,0.00092,-0.00093,0.0007,0.00122,-0.00034,-0.00029,-2e-05,0.02272,-0.00051,-0.00015,-0.00526,0.00085,0.00051,-4e-05,0.00265,0.00134,0.00071,-0.00042,-0.00019,-0.00019,-9e-05,0.00076,0.00108,0,-0.00033,0.00015,0.00289,-0.00014,-0.00106,2e-05,8e-05,-0.00086,-0.0001,-0.0018
43.16,0.00093,-0.00093,0.00071,0.00123,-0.00034,-0.00029,-1e-05,0.02289,-0.0005,-0.00015,-0.00529,0.00084,0.0005,-4e-05,0.00265,0.00134,0.00071,-0.00043,-0.00019,-0.00019,-9e-05,0.00076,0.00108,1e-05,-0.00033,0.00015,0.00289,-0.00014,-0.00107,2e-05,8e-05,-0.00087,-0.0001,-0.0018
43.18,0.00093,-0.00094,0.00071,0.00123,-0.00034,-0.0003,0,0.0231,-0.0005,-0.00015,-0.00535,0.00083,0.00049,-4e-05,0.00265,0.00135,0.0007,-0.00043,-0.00019,-0.00019,-9e-05,0.00076,0.00108,1e-05,-0.00033,0.00015,0.00288,-0.00014,-0.00107,2e-05,8e-05,-0.00087,-0.0001,-0.0018
43.2,0.00093,-0.00094,0.00072,0.00124,-0.00034,-0.0003,1e-05,0.02319,-0.00049,-0.00016,-0.00539,0.00082,0.00047,-4e-05,0.00265,0.00135,0.0007,-0.00043,-0.00019,-0.00019,-9e-05,0.00075,0.00108,1e-05,-0.00033,0.00015,0.00288,-0.00014,-0.00107,2e-05,8e-05,-0.00087,-0.0001,-0.0018
43.22,0.00093,-0.00094,0.00072,0.00124,-0.00034,-0.0003,1e-05,0.02302,-0.00048,-0.00016,-0.00534,0.00082,0.00046,-4e-05,0.00265,0.00136,0.0007,-0.00043,-0.00019,-0.00019,-9e-05,0.00075,0.00108,1e-05,-0.00033,0.00015,0.00288,-0.00014,-0.00107,2e-05,8e-05,-0.00087,-0.0001,-0.0018
43.24,0.00093,-0.00095,0.00071,0.00124,-0.00034,-0.0003,2e-05,0.02274,-0.00048,-0.00017,-0.00529,0.00081,0.00045,-4e-05,0.00265,0.00137,0.0007,-0.00043,-0.00019,-0.00019,-9e-05,0.00076,0.00108,1e-05,-0.00033,0.00015,0.00287,-0.00014,-0.00107,2e-05,8e-05,-0.00086,-0.0001,-0.0018
43.26,0.00092,-0.00095,0.00071,0.00124,-0.00034,-0.0003,2e-05,0.02251,-0.00047,-0.00017,-0.00526,0.0008,0.00044,-4e-05,0.00265,0.00137,0.0007,-0.00043,-0.00019,-0.00019,-9e-05,0.00076,0.00109,1e-05,-0.00033,0.00015,0.00287,-0.00014,-0.00107,2e-05,8e-05,-0.00086,-0.0001,-0.0018
43.28,0.00092,-0.00096,0.00071,0.00124,-0.00034,-0.00029,3e-05,0.02229,-0.00046,-0.00018,-0.00517,0.0008,0.00044,-4e-05,0.00265,0.00138,0.0007,-0.00043,-0.00019,-0.00019,-9e-05,0.00076,0.00109,1e-05,-0.00033,0.00015,0.00287,-0.00014,-0.00107,2e-05,8e-05,-0.00086,-0.0001,-0.0018
43.3,0.00092,-0.00096,0.00071,0.00124,-0.00034,-0.00029,3e-05,0.02204,-0.00046,-0.00018,-0.0052,0.00079,0.00042,-4e-05,0.00265,0.00139,0.0007,-0.00043,-0.00019,-0.00019,-9e-05,0.00076,0.00109,1e-05,-0.00033,0.00015,0.00286,-0.00014,-0.00107,2e-05,8e-05,-0.00086,-0.0001,-0.0018
43.32,0.00092,-0.00096,0.00071,0.00125,-0.00034,-0.00029,4e-05,0.02172,-0.00046,-0.00019,-0.00562,0.00078,0.00036,-3e-05,0.00265,0.00137,0.0007,-0.00043,-0.00019,-0.00019,-9e-05,0.00076,0.00109,1e-05,-0.00033,0.00015,0.00286,-0.00014,-0.00107,2e-05,8e-05,-0.00086,-0.0001,-0.0018
43.34,0.00091,-0.00097,0.00071,0.00126,-0.00034,-0.00029,4e-05,0.02139,-0.00046,-0.0002,-0.0062,0.00077,0.00029,-3e-05,0.00265,0.00136,0.0007,-0.00043,-0.0002,-0.00019,-9e-05,0.00076,0.00108,1e-05,-0.00033,0.00015,0.00287,-0.00013,-0.00107,2e-05,8e-05,-0.00086,-0.0001,-0.0018
43.36,0.00091,-0.00097,0.00071,0.00127,-0.00034,-0.00029,4e-05,0.02109,-0.00047,-0.00021,-0.00674,0.00076,0.00024,-2e-05,0.00265,0.00134,0.0007,-0.00043,-0.0002,-0.00019,-9e-05,0.00076,0.00108,1e-05,-0.00033,0.00015,0.00287,-0.00013,-0.00107,2e-05,8e-05,-0.00086,-0.0001,-0.0018
43.38,0.00091,-0.00097,0.00072,0.00129,-0.00034,-0.00029,4e-05,0.02073,-0.00047,-0.00021,-0.00738,0.00075,0.00018,-1e-05,0.00265,0.00132,0.0007,-0.00043,-0.0002,-0.00019,-9e-05,0.00076,0.00108,1e-05,-0.00033,0.00015,0.00287,-0.00013,-0.00106,2e-05,8e-05,-0.00086,-0.0001,-0.0018
43.4,0.0009,-0.00097,0.00072,0.00129,-0.00034,-0.00028,5e-05,0.0205,-0.00047,-0.00022,-0.00797,0.00074,0.00014,-1e-05,0.00265,0.00131,0.0007,-0.00043,-0.00021,-0.00019,-9e-05,0.00076,0.00107,1e-05,-0.00033,0.00015,0.00287,-0.00013,-0.00106,1e-05,8e-05,-0.00086,-0.0001,-0.0018
43.42,0.00091,-0.00096,0.00073,0.00123,-0.00034,-0.00028,4e-05,0.0206,-0.00047,-0.00022,-0.00828,0.00075,0.00016,0,0.00265,0.00132,0.0007,-0.00043,-0.00021,-0.00018,-0.0001,0.00077,0.00106,1e-05,-0.00033,0.00015,0.00287,-0.00013,-0.00106,1e-05,8e-05,-0.00086,-0.0001,-0.0018
43.44,0.00091,-0.00095,0.00075,0.00117,-0.00034,-0.00028,4e-05,0.02084,-0.00047,-0.00022,-0.00847,0.00076,0.00019,1e-05,0.00265,0.00133,0.0007,-0.00043,-0.00021,-0.00018,-0.0001,0.00077,0.00105,1e-05,-0.00033,0.00015,0.00287,-0.00013,-0.00105,0,7e-05,-0.00086,-0.0001,-0.0018
43.46,0.00091,-0.00094,0.00076,0.00111,-0.00034,-0.00028,4e-05,0.02104,-0.00047,-0.00023,-0.0087,0.00077,0.00021,2e-05,0.00265,0.00133,0.0007,-0.00042,-0.00022,-0.00018,-0.0001,0.00077,0.00104,1e-05,-0.00033,0.00015,0.00288,-0.00013,-0.00104,-0,7e-05,-0.00086,-0.0001,-0.0018
43.48,0.00091,-0.00093,0.00077,0.00106,-0.00034,-0.00027,3e-05,0.02118,-0.00046,-0.00023,-0.00904,0.00078,0.00023,2e-05,0.00265,0.00135,0.0007,-0.00042,-0.00022,-0.00018,-0.0001,0.00078,0.00103,1e-05,-0.00032,0.00015,0.00288,-0.00013,-0.00103,-1e-05,7e-05,-0.00086,-0.0001,-0.0018
43.5,0.00091,-0.00092,0.00078,0.00101,-0.00034,-0.00027,2e-05,0.02146,-0.00046,-0.00024,-0.00915,0.00078,0.00025,2e-05,0.00265,0.00134,0.0007,-0.00041,-0.00022,-0.00018,-0.0001,0.00078,0.00102,1e-05,-0.00032,0.00015,0.00288,-0.00013,-0.00103,-1e-05,7e-05,-0.00085,-0.0001,-0.0018
43.52,0.00091,-0.0009,0.00078,0.00096,-0.00034,-0.00026,2e-05,0.02209,-0.00045,-0.00025,-0.00861,0.00079,0.00025,2e-05,0.00265,0.00129,0.00072,-0.0004,-0.00023,-0.00017,-0.0001,0.00078,0.00101,1e-05,-0.00032,0.00015,0.00288,-0.00013,-0.00103,-2e-05,7e-05,-0.00086,-0.0001,-0.0018
43.54,0.0009,-0.00088,0.00078,0.00092,-0.00033,-0.00026,1e-05,0.02287,-0.00044,-0.00026,-0.0079,0.00079,0.00024,1e-05,0.00265,0.00123,0.00074,-0.00039,-0.00023,-0.00016,-0.0001,0.00078,0.001,1e-05,-0.00033,0.00015,0.00289,-0.00013,-0.00103,-2e-05,7e-05,-0.00086,-0.0001,-0.0018
43.56,0.0009,-0.00087,0.00078,0.00088,-0.00033,-0.00026,-0,0.02362,-0.00043,-0.00028,-0.00736,0.00079,0.00024,1e-05,0.00265,0.00117,0.00076,-0.00037,-0.00023,-0.00016,-0.0001,0.00078,0.001,1e-05,-0.00033,0.00015,0.00289,-0.00012,-0.00103,-3e-05,7e-05,-0.00086,-0.0001,-0.0018
43.58,0.00089,-0.00085,0.00078,0.00084,-0.00033,-0.00025,-1e-05,0.02437,-0.00042,-0.0003,-0.0068,0.00078,0.00024,0,0.00265,0.00113,0.00077,-0.00036,-0.00023,-0.00015,-0.0001,0.00077,0.00099,1e-05,-0.00033,0.00015,0.0029,-0.00012,-0.00104,-3e-05,7e-05,-0.00086,-0.0001,-0.0018
43.6,0.00089,-0.00083,0.00077,0.00082,-0.00032,-0.00026,-1e-05,0.02522,-0.0004,-0.00032,-0.00638,0.00079,0.00024,-1e-05,0.00265,0.00106,0.00079,-0.00034,-0.00022,-0.00015,-0.0001,0.00077,0.00098,1e-05,-0.00033,0.00015,0.0029,-0.00012,-0.00104,-4e-05,7e-05,-0.00086,-0.0001,-0.0018
43.62,0.00089,-0.00083,0.00077,0.00086,-0.00033,-0.00026,-1e-05,0.02623,-0.00036,-0.00037,-0.00626,0.00079,0.00026,-1e-05,0.00265,0.00095,0.00081,-0.00031,-0.00021,-0.00014,-0.0001,0.00077,0.00098,1e-05,-0.00033,0.00015,0.0029,-0.00012,-0.00105,-4e-05,7e-05,-0.00086,-0.0001,-0.0018
43.64,0.0009,-0.00083,0.00076,0.00091,-0.00033,-0.00027,-1e-05,0.02734,-0.00032,-0.00043,-0.00624,0.0008,0.00028,-2e-05,0.00265,0.00083,0.00083,-0.00029,-0.00019,-0.00014,-0.0001,0.00077,0.00098,1e-05,-0.00033,0.00015,0.0029,-0.00013,-0.00105,-4e-05,7e-05,-0.00087,-0.0001,-0.0018
43.66,0.0009,-0.00083,0.00075,0.00095,-0.00033,-0.00027,-0,0.02847,-0.00028,-0.00048,-0.00619,0.0008,0.0003,-2e-05,0.00265,0.00074,0.00086,-0.00025,-0.00016,-0.00014,-0.0001,0.00077,0.00097,1e-05,-0.00033,0.00015,0.0029,-0.00013,-0.00105,-4e-05,7e-05,-0.00087,-0.0001,-0.0018
43.68,0.00091,-0.00083,0.00075,0.00099,-0.00033,-0.00028,0,0.02961,-0.00025,-0.00054,-0.00612,0.00081,0.00032,-1e-05,0.00264,0.00065,0.00088,-0.0002,-0.00013,-0.00013,-0.0001,0.00077,0.00097,1e-05,-0.00033,0.00015,0.0029,-0.00012,-0.00105,-5e-05,8e-05,-0.00087,-0.0001,-0.0018
43.7,0.00091,-0.00083,0.00074,0.00103,-0.00033,-0.00029,1e-05,0.03089,-0.00023,-0.0006,-0.00611,0.00081,0.00033,-1e-05,0.00264,0.00057,0.0009,-0.00014,-9e-05,-0.00014,-0.0001,0.00077,0.00096,1e-05,-0.00033,0.00015,0.0029,-0.00012,-0.00106,-5e-05,8e-05,-0.00087,-0.0001,-0.0018
43.72,0.00093,-0.00084,0.00074,0.00106,-0.00034,-0.0003,1e-05,0.03264,-0.00021,-0.00069,-0.00623,0.00081,0.00033,0,0.00264,0.00052,0.00093,-8e-05,-3e-05,-0.00015,-0.00011,0.00077,0.00096,1e-05,-0.00033,0.00015,0.0029,-0.00012,-0.00106,-5e-05,7e-05,-0.00086,-0.0001,-0.0018
43.74,0.00095,-0.00086,0.00074,0.00109,-0.00034,-0.00031,2e-05,0.03456,-0.00019,-0.00081,-0.0064,0.0008,0.00033,2e-05,0.00264,0.00048,0.00097,-1e-05,5e-05,-0.00017,-0.00011,0.00076,0.00095,1e-05,-0.00032,0.00015,0.0029,-0.00012,-0.00106,-6e-05,7e-05,-0.00086,-0.0001,-0.0018
43.76,0.00097,-0.00087,0.00075,0.00112,-0.00035,-0.00032,2e-05,0.03644,-0.00018,-0.00093,-0.00654,0.0008,0.00032,3e-05,0.00263,0.00044,0.001,7e-05,0.00011,-0.00018,-0.00011,0.00076,0.00094,1e-05,-0.00032,0.00014,0.00289,-0.00012,-0.00106,-6e-05,7e-05,-0.00086,-0.0001,-0.0018
43.78,0.00099,-0.00089,0.00075,0.00116,-0.00035,-0.00032,1e-05,0.03895,-0.00018,-0.00107,-0.00668,0.00079,0.00033,5e-05,0.00263,0.00041,0.00104,0.00013,0.00017,-0.00019,-0.00011,0.00076,0.00094,1e-05,-0.00032,0.00014,0.00289,-0.00012,-0.00107,-6e-05,7e-05,-0.00085,-9e-05,-0.0018
43.8,0.00101,-0.0009,0.00075,0.00119,-0.00035,-0.00033,0,0.04049,-0.00018,-0.00122,-0.00683,0.00079,0.00033,7e-05,0.00262,0.00038,0.00107,0.00023,0.00022,-0.0002,-0.00011,0.00076,0.00093,1e-05,-0.00031,0.00014,0.00288,-0.00012,-0.00107,-7e-05,7e-05,-0.00085,-9e-05,-0.0018
43.82,0.00102,-0.0009,0.00076,0.00118,-0.00035,-0.00033,-1e-05,0.03892,-0.00019,-0.00137,-0.00703,0.00078,0.00032,8e-05,0.00255,0.00033,0.0011,0.0004,0.00029,-0.00021,-0.00011,0.00076,0.0009,1e-05,-0.00031,0.00015,0.00288,-0.00011,-0.00106,-8e-05,7e-05,-0.00084,-9e-05,-0.0018
43.84,0.00103,-0.0009,0.00077,0.00117,-0.00035,-0.00032,-4e-05,0.03639,-0.00022,-0.00153,-0.00724,0.00077,0.00031,0.0001,0.00247,0.00029,0.00113,0.00056,0.00034,-0.00021,-0.00011,0.00076,0.00088,2e-05,-0.00031,0.00015,0.00287,-0.00011,-0.00105,-9e-05,7e-05,-0.00084,-9e-05,-0.0018
43.86,0.00104,-0.0009,0.00078,0.00116,-0.00036,-0.00032,-7e-05,0.03451,-0.00024,-0.00171,-0.00745,0.00076,0.00031,0.00011,0.0024,0.00026,0.00116,0.00066,0.00038,-0.00021,-0.00011,0.00076,0.00086,2e-05,-0.00031,0.00015,0.00287,-0.00011,-0.00104,-0.00011,7e-05,-0.00084,-9e-05,-0.0018
43.88,0.00104,-0.0009,0.00079,0.00115,-0.00036,-0.00032,-0.0001,0.03253,-0.00026,-0.00194,-0.00768,0.00075,0.0003,0.00011,0.00233,0.00023,0.00119,0.00076,0.00042,-0.00021,-0.00011,0.00077,0.00083,2e-05,-0.00031,0.00015,0.00286,-0.0001,-0.00103,-0.00012,7e-05,-0.00083,-9e-05,-0.0018
43.9,0.00105,-0.00089,0.00079,0.00115,-0.00036,-0.00031,-0.00014,0.03083,-0.00028,-0.00216,-0.00786,0.00075,0.00031,0.00011,0.00226,0.00021,0.00121,0.00081,0.00043,-0.00021,-0.00011,0.00077,0.00082,2e-05,-0.00031,0.00015,0.00285,-0.0001,-0.00102,-0.00013,7e-05,-0.00083,-9e-05,-0.0018
43.92,0.00105,-0.00088,0.00078,0.00115,-0.00036,-0.00031,-0.00018,0.02997,-0.0003,-0.00228,-0.00788,0.00077,0.00037,0.0001,0.00221,0.00021,0.00122,0.00075,0.0004,-0.0002,-0.00011,0.00077,0.0008,2e-05,-0.00032,0.00015,0.00286,-0.0001,-0.00102,-0.00014,6e-05,-0.00083,-9e-05,-0.0018
43.94,0.00105,-0.00085,0.00076,0.00115,-0.00037,-0.00031,-0.00022,0.0293,-0.00032,-0.00235,-0.00784,0.0008,0.00045,8e-05,0.00217,0.00022,0.00122,0.00065,0.00035,-0.00019,-0.00011,0.00077,0.0008,2e-05,-0.00032,0.00015,0.00287,-0.0001,-0.00102,-0.00014,6e-05,-0.00083,-9e-05,-0.0018
43.96,0.00104,-0.00083,0.00074,0.00115,-0.00037,-0.00031,-0.00026,0.02848,-0.00034,-0.00246,-0.00782,0.00082,0.00052,6e-05,0.00213,0.00023,0.00123,0.00058,0.00032,-0.00019,-0.00011,0.00078,0.00079,2e-05,-0.00032,0.00015,0.00287,-0.0001,-0.00102,-0.00015,6e-05,-0.00083,-9e-05,-0.0018
43.98,0.00104,-0.00081,0.00072,0.00114,-0.00038,-0.0003,-0.00029,0.02801,-0.00036,-0.00258,-0.00783,0.00084,0.00059,4e-05,0.00208,0.00024,0.00123,0.00051,0.00029,-0.00018,-0.00011,0.00077,0.00077,3e-05,-0.00032,0.00015,0.00288,-0.0001,-0.00102,-0.00016,6e-05,-0.00083,-9e-05,-0.0018
44,0.00104,-0.00078,0.00069,0.00116,-0.00038,-0.0003,-0.00032,0.02696,-0.00037,-0.00267,-0.00777,0.00085,0.00064,1e-05,0.00206,0.00024,0.00124,0.00045,0.00026,-0.00018,-0.00012,0.00078,0.00077,3e-05,-0.00033,0.00015,0.00289,-0.0001,-0.00101,-0.00017,6e-05,-0.00083,-9e-05,-0.0018
44.02,0.00102,-0.00074,0.00063,0.0013,-0.0004,-0.00029,-0.00034,0.02423,-0.00039,-0.00268,-0.00753,0.00085,0.00063,-2e-05,0.00209,0.00023,0.00124,0.00042,0.00024,-0.00018,-0.00012,0.00081,0.00076,3e-05,-0.00033,0.00015,0.00289,-0.0001,-0.00099,-0.00017,6e-05,-0.00083,-9e-05,-0.0018
44.04,0.001,-0.00069,0.00056,0.00148,-0.00042,-0.00027,-0.00036,0.02134,-0.00042,-0.00266,-0.00724,0.00085,0.00061,-5e-05,0.00214,0.00022,0.00124,0.00039,0.00022,-0.00018,-0.00012,0.00084,0.00075,3e-05,-0.00034,0.00015,0.00289,-0.0001,-0.00097,-0.00018,6e-05,-0.00083,-9e-05,-0.0018
44.06,0.00099,-0.00065,0.00049,0.00166,-0.00044,-0.00026,-0.00036,0.01908,-0.00044,-0.00265,-0.00701,0.00084,0.0006,-8e-05,0.00217,0.00022,0.00124,0.00037,0.00021,-0.00019,-0.00012,0.00087,0.00074,3e-05,-0.00035,0.00015,0.00289,-0.0001,-0.00095,-0.00019,6e-05,-0.00083,-9e-05,-0.0018
44.08,0.00097,-0.00061,0.00043,0.00188,-0.00046,-0.00026,-0.00036,0.01669,-0.00047,-0.00265,-0.00673,0.00084,0.00059,-0.0001,0.00222,0.00022,0.00124,0.00036,0.0002,-0.00019,-0.00012,0.00089,0.00074,4e-05,-0.00035,0.00015,0.00289,-0.0001,-0.00093,-0.0002,6e-05,-0.00083,-9e-05,-0.0018
44.1,0.00095,-0.00057,0.00035,0.00208,-0.00047,-0.00025,-0.00036,0.01521,-0.00047,-0.00264,-0.00658,0.00084,0.00058,-0.00012,0.00224,0.00023,0.00125,0.00035,0.0002,-0.00019,-0.00012,0.00092,0.00073,4e-05,-0.00036,0.00015,0.0029,-9e-05,-0.00091,-0.00021,5e-05,-0.00083,-9e-05,-0.0018
44.12,0.00094,-0.00054,0.00021,0.0021,-0.00045,-0.00024,-0.00033,0.01571,-0.00041,-0.00264,-0.0068,0.00083,0.00058,-0.00014,0.00219,0.00029,0.00127,0.00033,0.00019,-0.00019,-0.00012,0.00095,0.00071,4e-05,-0.00036,0.00015,0.0029,-9e-05,-0.00089,-0.00023,5e-05,-0.00083,-9e-05,-0.0018
44.14,0.00094,-0.00052,7e-05,0.00206,-0.00044,-0.00023,-0.0003,0.01689,-0.00034,-0.00264,-0.00716,0.00083,0.00057,-0.00015,0.0021,0.00035,0.00131,0.00031,0.00018,-0.00019,-0.00012,0.00098,0.00068,4e-05,-0.00036,0.00015,0.0029,-8e-05,-0.00087,-0.00026,4e-05,-0.00083,-9e-05,-0.0018
44.16,0.00093,-0.00049,-4e-05,0.00205,-0.00042,-0.00021,-0.00028,0.01773,-0.00028,-0.00264,-0.00746,0.00083,0.00057,-0.00016,0.00203,0.00041,0.00133,0.0003,0.00018,-0.00018,-0.00012,0.00101,0.00066,4e-05,-0.00036,0.00015,0.0029,-8e-05,-0.00086,-0.00029,4e-05,-0.00083,-9e-05,-0.0018
44.18,0.00092,-0.00047,-0.00014,0.00203,-0.00041,-0.0002,-0.00025,0.019,-0.00023,-0.00264,-0.00779,0.00083,0.00056,-0.00016,0.00198,0.00048,0.00137,0.00029,0.00017,-0.00018,-0.00012,0.00103,0.00064,3e-05,-0.00036,0.00015,0.0029,-8e-05,-0.00084,-0.00031,3e-05,-0.00083,-9e-05,-0.0018
44.2,0.00091,-0.00044,-0.00022,0.00203,-0.00041,-0.00019,-0.00023,0.0197,-0.00019,-0.00264,-0.00809,0.00083,0.00056,-0.00016,0.00189,0.00053,0.00139,0.00029,0.00018,-0.00018,-0.00013,0.00106,0.00062,3e-05,-0.00037,0.00015,0.0029,-7e-05,-0.00082,-0.00033,3e-05,-0.00082,-9e-05,-0.0018
44.22,0.00092,-0.00037,-0.00028,0.00206,-0.00043,-0.00016,-0.0002,0.01841,-0.00015,-0.00264,-0.00823,0.00083,0.00056,-0.00016,0.00173,0.00057,0.00137,0.0003,0.00019,-0.00018,-0.00013,0.00108,0.0006,3e-05,-0.00036,0.00015,0.00291,-7e-05,-0.00082,-0.00036,2e-05,-0.00082,-9e-05,-0.0018
44.24,0.00093,-0.0003,-0.00033,0.0021,-0.00045,-0.00014,-0.00017,0.01664,-0.00013,-0.00264,-0.00831,0.00083,0.00056,-0.00015,0.00156,0.00059,0.00134,0.00031,0.00021,-0.00017,-0.00013,0.0011,0.00058,3e-05,-0.00036,0.00015,0.00291,-7e-05,-0.00081,-0.00039,2e-05,-0.00081,-9e-05,-0.0018
44.26,0.00094,-0.00024,-0.00038,0.00213,-0.00046,-0.00011,-0.00015,0.01532,-0.00011,-0.00264,-0.00841,0.00083,0.00056,-0.00014,0.00142,0.00062,0.00132,0.00032,0.00023,-0.00016,-0.00013,0.00112,0.00056,3e-05,-0.00036,0.00015,0.00291,-7e-05,-0.0008,-0.00042,2e-05,-0.0008,-8e-05,-0.0018
44.28,0.00094,-0.00017,-0.00044,0.00218,-0.00048,-9e-05,-0.00014,0.01394,-0.0001,-0.00264,-0.00851,0.00083,0.00056,-0.00013,0.00128,0.00065,0.0013,0.00032,0.00024,-0.00016,-0.00013,0.00114,0.00054,3e-05,-0.00036,0.00015,0.00291,-7e-05,-0.0008,-0.00045,2e-05,-0.0008,-8e-05,-0.0018
44.3,0.00095,-0.00011,-0.00049,0.00221,-0.00049,-6e-05,-0.00013,0.01289,-0.0001,-0.00264,-0.0086,0.00083,0.00056,-0.00012,0.00118,0.00068,0.00127,0.00033,0.00026,-0.00015,-0.00013,0.00116,0.00053,3e-05,-0.00036,0.00015,0.00292,-7e-05,-0.00079,-0.00047,1e-05,-0.00079,-8e-05,-0.0018
44.32,0.00096,-7e-05,-0.00052,0.00224,-0.00051,-6e-05,-0.00013,0.01254,-0.00012,-0.00264,-0.00867,0.00083,0.00056,-0.00011,0.00114,0.00067,0.00126,0.00033,0.00026,-0.00015,-0.00013,0.00117,0.00053,3e-05,-0.00036,0.00015,0.00292,-7e-05,-0.00079,-0.00048,2e-05,-0.00079,-8e-05,-0.0018
44.34,0.00096,-4e-05,-0.00054,0.00227,-0.00052,-5e-05,-0.00013,0.0124,-0.00014,-0.00264,-0.00874,0.00083,0.00056,-0.0001,0.00112,0.00066,0.00125,0.00033,0.00027,-0.00015,-0.00013,0.00119,0.00053,3e-05,-0.00036,0.00015,0.00292,-8e-05,-0.00079,-0.00048,2e-05,-0.00078,-8e-05,-0.0018
44.36,0.00097,-0,-0.00057,0.0023,-0.00054,-4e-05,-0.00014,0.01215,-0.00016,-0.00264,-0.0088,0.00082,0.00055,-8e-05,0.00109,0.00066,0.00123,0.00033,0.00027,-0.00015,-0.00013,0.0012,0.00054,3e-05,-0.00036,0.00015,0.00292,-8e-05,-0.00079,-0.00049,2e-05,-0.00077,-8e-05,-0.0018
44.38,0.00097,4e-05,-0.0006,0.00232,-0.00056,-4e-05,-0.00014,0.01195,-0.00018,-0.00264,-0.00888,0.00082,0.00055,-7e-05,0.00106,0.00065,0.00122,0.00033,0.00028,-0.00015,-0.00012,0.00121,0.00054,3e-05,-0.00036,0.00015,0.00292,-8e-05,-0.00079,-0.00049,2e-05,-0.00077,-8e-05,-0.0018
44.4,0.00097,7e-05,-0.00063,0.00235,-0.00057,-3e-05,-0.00014,0.01171,-0.0002,-0.00264,-0.00893,0.00082,0.00054,-5e-05,0.00102,0.00065,0.00119,0.00033,0.00029,-0.00015,-0.00012,0.00123,0.00054,3e-05,-0.00037,0.00015,0.00292,-9e-05,-0.00078,-0.00049,2e-05,-0.00076,-8e-05,-0.0018
44.42,0.00098,7e-05,-0.00065,0.00238,-0.00058,-3e-05,-0.00013,0.01143,-0.00021,-0.00264,-0.00893,0.00082,0.00054,-4e-05,0.00098,0.00064,0.00116,0.00033,0.00031,-0.00014,-0.00012,0.00124,0.00056,3e-05,-0.00037,0.00015,0.00292,-9e-05,-0.00077,-0.00048,3e-05,-0.00076,-8e-05,-0.0018
44.44,0.00099,7e-05,-0.00066,0.00241,-0.00059,-3e-05,-0.00012,0.0111,-0.00022,-0.00263,-0.00891,0.00082,0.00053,-2e-05,0.00094,0.00063,0.00112,0.00033,0.00033,-0.00014,-0.00012,0.00126,0.00057,3e-05,-0.00037,0.00015,0.00292,-0.0001,-0.00076,-0.00046,3e-05,-0.00075,-8e-05,-0.0018
44.46,0.00099,7e-05,-0.00068,0.00243,-0.0006,-2e-05,-0.00011,0.01074,-0.00023,-0.00263,-0.0089,0.00082,0.00053,0,0.00089,0.00063,0.00108,0.00033,0.00035,-0.00014,-0.00012,0.00128,0.00059,3e-05,-0.00037,0.00015,0.00292,-0.0001,-0.00075,-0.00044,4e-05,-0.00075,-8e-05,-0.0018
44.48,0.001,8e-05,-0.0007,0.00246,-0.00062,-2e-05,-0.00011,0.01066,-0.00024,-0.00264,-0.00887,0.00082,0.00052,2e-05,0.00088,0.00063,0.00106,0.00034,0.00036,-0.00013,-0.00012,0.00129,0.0006,3e-05,-0.00037,0.00015,0.00292,-0.0001,-0.00074,-0.00042,4e-05,-0.00075,-7e-05,-0.0018
44.5,0.00101,7e-05,-0.00071,0.00249,-0.00063,-1e-05,-0.0001,0.01004,-0.00024,-0.00262,-0.00888,0.00082,0.00052,3e-05,0.00081,0.00061,0.001,0.00034,0.00038,-0.00013,-0.00012,0.00131,0.00062,3e-05,-0.00037,0.00015,0.00292,-0.00011,-0.00073,-0.00041,4e-05,-0.00075,-7e-05,-0.0018
44.52,0.00101,5e-05,-0.0007,0.00251,-0.00064,2e-05,-8e-05,0.00808,-0.00025,-0.00254,-0.009,0.00082,0.00048,4e-05,0.00059,0.00057,0.00081,0.00033,0.0004,-0.00012,-0.00011,0.00132,0.00064,2e-05,-0.00037,0.00015,0.00292,-0.00011,-0.00072,-0.00038,5e-05,-0.00075,-7e-05,-0.0018
44.54,0.00102,1e-05,-0.00067,0.00252,-0.00065,6e-05,-7e-05,0.00618,-0.00025,-0.00244,-0.00916,0.00081,0.00044,5e-05,0.0004,0.00052,0.00062,0.00033,0.00042,-0.00012,-0.00011,0.00133,0.00066,2e-05,-0.00037,0.00015,0.00292,-0.00011,-0.0007,-0.00035,5e-05,-0.00075,-8e-05,-0.0018
44.56,0.00103,-2e-05,-0.00066,0.00254,-0.00066,0.0001,-6e-05,0.0049,-0.00025,-0.00237,-0.00929,0.00081,0.00042,5e-05,0.00029,0.00048,0.0005,0.00033,0.00044,-0.00011,-0.00011,0.00134,0.00068,2e-05,-0.00038,0.00015,0.00292,-0.00012,-0.00069,-0.00033,6e-05,-0.00075,-8e-05,-0.0018
44.58,0.00104,-5e-05,-0.00064,0.00256,-0.00067,0.00014,-5e-05,0.00374,-0.00025,-0.00227,-0.00947,0.00081,0.00039,5e-05,0.0002,0.00044,0.00039,0.00033,0.00045,-0.00011,-0.00011,0.00135,0.0007,2e-05,-0.00038,0.00015,0.00292,-0.00012,-0.00067,-0.0003,6e-05,-0.00075,-8e-05,-0.0018
44.6,0.00105,-7e-05,-0.00063,0.00257,-0.00067,0.00017,-5e-05,0.0031,-0.00025,-0.00222,-0.00956,0.00081,0.00037,3e-05,0.00018,0.00041,0.00034,0.00033,0.00046,-0.0001,-0.0001,0.00136,0.00072,2e-05,-0.00038,0.00015,0.00292,-0.00012,-0.00066,-0.00028,6e-05,-0.00076,-8e-05,-0.0018
44.62,0.00106,-9e-05,-0.00061,0.00259,-0.00068,0.00014,-6e-05,0.00317,-0.00025,-0.00227,-0.00937,0.00081,0.0004,2e-05,0.00023,0.00041,0.00036,0.00034,0.00044,-0.0001,-0.0001,0.00134,0.00075,2e-05,-0.00038,0.00015,0.00292,-0.00013,-0.00067,-0.00026,7e-05,-0.00077,-8e-05,-0.0018
44.64,0.00108,-0.00011,-0.00059,0.0026,-0.00068,8e-05,-6e-05,0.00349,-0.00024,-0.00235,-0.0091,0.00081,0.00044,-0,0.0003,0.00041,0.0004,0.00034,0.00042,-0.00011,-0.0001,0.00132,0.00077,2e-05,-0.00037,0.00015,0.00292,-0.00013,-0.00069,-0.00024,7e-05,-0.00078,-8e-05,-0.0018
44.66,0.0011,-0.00013,-0.00057,0.00262,-0.00068,5e-05,-5e-05,0.00372,-0.00024,-0.00242,-0.00889,0.00082,0.00047,-2e-05,0.00036,0.00041,0.00043,0.00035,0.00041,-0.00011,-0.0001,0.0013,0.0008,1e-05,-0.00037,0.00015,0.00292,-0.00013,-0.0007,-0.00021,7e-05,-0.00079,-8e-05,-0.0018
44.68,0.00111,-0.00014,-0.00056,0.00263,-0.00069,5e-05,-3e-05,0.00388,-0.00023,-0.00249,-0.00866,0.00082,0.0005,-4e-05,0.0004,0.00041,0.00045,0.00035,0.00039,-0.00011,-9e-05,0.00129,0.00082,1e-05,-0.00037,0.00015,0.00292,-0.00013,-0.00071,-0.00019,8e-05,-0.0008,-9e-05,-0.0018
44.7,0.00113,-0.00016,-0.00055,0.00265,-0.00069,3e-05,0,0.00427,-0.00021,-0.00255,-0.00847,0.00082,0.00052,-5e-05,0.00045,0.00042,0.00048,0.00035,0.00038,-0.00011,-9e-05,0.00127,0.00085,1e-05,-0.00037,0.00015,0.00292,-0.00014,-0.00073,-0.00017,8e-05,-0.00081,-9e-05,-0.0018
44.72,0.00114,-0.00018,-0.00054,0.00265,-0.00068,1e-05,5e-05,0.00542,-0.00018,-0.00256,-0.0084,0.00081,0.00052,-6e-05,0.00054,0.00044,0.00056,0.00036,0.00036,-0.00012,-9e-05,0.00125,0.00088,1e-05,-0.00037,0.00015,0.00292,-0.00014,-0.00074,-0.00015,8e-05,-0.00082,-9e-05,-0.0018
44.74,0.00115,-0.0002,-0.00054,0.00265,-0.00068,-3e-05,0.0001,0.00724,-0.00015,-0.00256,-0.00837,0.00081,0.00052,-6e-05,0.00064,0.00047,0.00065,0.00037,0.00035,-0.00013,-9e-05,0.00124,0.00092,1e-05,-0.00037,0.00015,0.00291,-0.00014,-0.00076,-0.00013,9e-05,-0.00083,-9e-05,-0.0018
44.76,0.00116,-0.00022,-0.00053,0.00264,-0.00068,-6e-05,0.00016,0.00937,-0.00011,-0.00255,-0.00833,0.0008,0.00051,-6e-05,0.00074,0.00049,0.00073,0.00037,0.00035,-0.00013,-9e-05,0.00122,0.00096,1e-05,-0.00037,0.00015,0.00291,-0.00015,-0.00078,-0.00011,9e-05,-0.00084,-9e-05,-0.0018
44.78,0.00117,-0.00024,-0.00053,0.00264,-0.00068,-9e-05,0.00022,0.01255,-9e-05,-0.00257,-0.00826,0.0008,0.00051,-5e-05,0.00087,0.00051,0.00085,0.00037,0.00035,-0.00014,-9e-05,0.00121,0.00099,1e-05,-0.00037,0.00015,0.00291,-0.00015,-0.0008,-8e-05,9e-05,-0.00085,-0.0001,-0.0018
44.8,0.00118,-0.00026,-0.00053,0.00264,-0.00068,-0.00012,0.00029,0.01589,-6e-05,-0.00251,-0.00825,0.00079,0.00049,-4e-05,0.00098,0.00052,0.00092,0.00037,0.00035,-0.00014,-9e-05,0.00119,0.00103,1e-05,-0.00037,0.00015,0.00291,-0.00015,-0.00081,-6e-05,0.0001,-0.00086,-0.0001,-0.0018
44.82,0.0012,-0.00027,-0.00053,0.00264,-0.00068,-0.00012,0.00036,0.01695,0,-0.00227,-0.0084,0.00077,0.00043,-2e-05,0.00092,0.00052,0.00081,0.00035,0.00037,-0.00013,-9e-05,0.00118,0.00106,1e-05,-0.00037,0.00015,0.0029,-0.00015,-0.00083,-5e-05,0.0001,-0.00087,-0.0001,-0.0018
44.84,0.00123,-0.00028,-0.00053,0.00264,-0.00067,-7e-05,0.00041,0.01701,5e-05,-0.00199,-0.00859,0.00075,0.00035,-0,0.0008,0.00052,0.00066,0.00033,0.00039,-0.00012,-9e-05,0.00116,0.00108,1e-05,-0.00037,0.00015,0.00289,-0.00016,-0.00085,-4e-05,0.0001,-0.00088,-0.0001,-0.0018
44.86,0.00125,-0.00029,-0.00054,0.00264,-0.00067,-4e-05,0.00042,0.01754,8e-05,-0.00175,-0.00876,0.00074,0.00029,1e-05,0.00071,0.00052,0.00055,0.00032,0.00041,-0.00011,-9e-05,0.00114,0.00111,1e-05,-0.00037,0.00015,0.00289,-0.00016,-0.00087,-2e-05,0.0001,-0.00089,-0.0001,-0.0018
44.88,0.00127,-0.0003,-0.00054,0.00264,-0.00067,-1e-05,0.00043,0.01822,0.0001,-0.00156,-0.00894,0.00072,0.00023,3e-05,0.00063,0.00051,0.00045,0.00031,0.00042,-0.00011,-8e-05,0.00113,0.00113,1e-05,-0.00037,0.00015,0.00288,-0.00016,-0.00089,-1e-05,0.0001,-0.0009,-0.00011,-0.0018
44.9,0.00129,-0.00031,-0.00054,0.00264,-0.00067,1e-05,0.00042,0.01835,0.00011,-0.00133,-0.0091,0.00072,0.00019,4e-05,0.00056,0.00051,0.00038,0.0003,0.00045,-0.0001,-8e-05,0.00111,0.00116,1e-05,-0.00036,0.00016,0.00287,-0.00016,-0.00091,0,0.0001,-0.00091,-0.00011,-0.0018
44.92,0.00131,-0.00031,-0.00054,0.00264,-0.00067,2e-05,0.0004,0.01715,9e-05,-0.00097,-0.00918,0.00072,0.0002,4e-05,0.00049,0.00049,0.00034,0.0003,0.00048,-0.0001,-8e-05,0.00111,0.00118,1e-05,-0.00036,0.00016,0.00285,-0.00016,-0.00091,1e-05,9e-05,-0.00092,-0.00011,-0.0018
44.94,0.00133,-0.00031,-0.00053,0.00264,-0.00067,4e-05,0.00036,0.01557,7e-05,-0.00066,-0.00922,0.00073,0.00022,4e-05,0.00043,0.00048,0.00031,0.00031,0.00051,-0.0001,-8e-05,0.0011,0.0012,0,-0.00035,0.00016,0.00282,-0.00016,-0.00091,2e-05,9e-05,-0.00092,-0.00011,-0.0018
44.96,0.00135,-0.00031,-0.00052,0.00264,-0.00067,5e-05,0.00032,0.01434,5e-05,-0.00045,-0.00927,0.00074,0.00024,5e-05,0.00038,0.00046,0.00029,0.00031,0.00053,-9e-05,-8e-05,0.0011,0.00121,0,-0.00035,0.00016,0.00279,-0.00016,-0.00091,2e-05,9e-05,-0.00092,-0.00011,-0.0018
44.98,0.00137,-0.00031,-0.00051,0.00264,-0.00067,6e-05,0.00028,0.01312,4e-05,-0.00028,-0.00933,0.00074,0.00025,4e-05,0.00034,0.00045,0.00027,0.00031,0.00056,-9e-05,-8e-05,0.0011,0.00123,-0,-0.00035,0.00016,0.00276,-0.00016,-0.00091,3e-05,9e-05,-0.00093,-0.00011,-0.0018
45,0.00139,-0.00031,-0.00051,0.00264,-0.00068,7e-05,0.00024,0.0121,2e-05,-0.00018,-0.00936,0.00074,0.00026,4e-05,0.00032,0.00044,0.00025,0.00032,0.00057,-9e-05,-8e-05,0.00109,0.00125,-0,-0.00034,0.00016,0.00274,-0.00016,-0.00091,4e-05,9e-05,-0.00093,-0.00011,-0.0018
45.02,0.00141,-0.00031,-0.00049,0.00264,-0.00068,8e-05,0.0002,0.01147,1e-05,-0.00015,-0.00935,0.00074,0.00027,4e-05,0.00031,0.00043,0.00025,0.00032,0.00058,-9e-05,-8e-05,0.00107,0.00126,-1e-05,-0.00033,0.00016,0.00273,-0.00016,-0.00093,4e-05,9e-05,-0.00093,-0.00011,-0.0018
45.04,0.00142,-0.0003,-0.00048,0.00264,-0.00068,8e-05,0.00016,0.01097,-0,-0.00015,-0.00931,0.00074,0.00029,3e-05,0.00031,0.00042,0.00025,0.00031,0.00058,-9e-05,-8e-05,0.00104,0.00127,-1e-05,-0.00033,0.00016,0.00272,-0.00016,-0.00094,5e-05,8e-05,-0.00094,-0.00011,-0.0018
45.06,0.00144,-0.00029,-0.00047,0.00264,-0.00068,7e-05,0.00012,0.01045,-1e-05,-0.00014,-0.00928,0.00074,0.0003,2e-05,0.00031,0.00041,0.00025,0.00031,0.00058,-9e-05,-8e-05,0.00102,0.00127,-1e-05,-0.00032,0.00016,0.00271,-0.00016,-0.00096,5e-05,8e-05,-0.00094,-0.00011,-0.0018
45.08,0.00146,-0.00029,-0.00046,0.00264,-0.00068,7e-05,8e-05,0.00994,-2e-05,-0.00013,-0.00926,0.00074,0.00031,2e-05,0.00031,0.0004,0.00024,0.00031,0.00058,-9e-05,-8e-05,0.001,0.00128,-1e-05,-0.00032,0.00016,0.0027,-0.00016,-0.00097,5e-05,8e-05,-0.00094,-0.00011,-0.0018
45.1,0.00147,-0.00028,-0.00046,0.00264,-0.00068,6e-05,5e-05,0.00951,-2e-05,-0.00014,-0.0092,0.00072,0.00031,1e-05,0.00032,0.0004,0.00024,0.00031,0.00058,-9e-05,-8e-05,0.00098,0.00129,-1e-05,-0.00031,0.00016,0.00269,-0.00016,-0.00098,6e-05,8e-05,-0.00095,-0.00011,-0.0018
45.12,0.00148,-0.00029,-0.00046,0.00264,-0.00068,4e-05,1e-05,0.00922,-2e-05,-0.00016,-0.009,0.00067,0.00029,-0,0.00034,0.00041,0.00025,0.00031,0.00056,-9e-05,-8e-05,0.00096,0.00131,-1e-05,-0.00031,0.00016,0.00269,-0.00016,-0.001,6e-05,8e-05,-0.00095,-0.00012,-0.0018
45.14,0.00149,-0.00029,-0.00047,0.00264,-0.00068,2e-05,-2e-05,0.00898,-2e-05,-0.00018,-0.00876,0.00061,0.00026,-1e-05,0.00036,0.00042,0.00026,0.00031,0.00055,-9e-05,-8e-05,0.00094,0.00133,-1e-05,-0.00031,0.00016,0.00269,-0.00016,-0.00102,7e-05,9e-05,-0.00095,-0.00012,-0.0018
45.16,0.0015,-0.0003,-0.00048,0.00264,-0.00068,1e-05,-5e-05,0.00872,-2e-05,-0.0002,-0.00854,0.00057,0.00024,-2e-05,0.00038,0.00043,0.00027,0.00031,0.00054,-9e-05,-8e-05,0.00093,0.00135,-1e-05,-0.00031,0.00016,0.00268,-0.00016,-0.00104,7e-05,9e-05,-0.00095,-0.00012,-0.0018
45.18,0.00151,-0.0003,-0.00048,0.00264,-0.00068,-0,-7e-05,0.00847,-2e-05,-0.00021,-0.00835,0.00052,0.00021,-3e-05,0.0004,0.00044,0.00028,0.00031,0.00052,-9e-05,-7e-05,0.00091,0.00136,-1e-05,-0.00031,0.00016,0.00268,-0.00017,-0.00106,8e-05,9e-05,-0.00096,-0.00012,-0.0018
45.2,0.00151,-0.00031,-0.00049,0.00264,-0.00068,-2e-05,-9e-05,0.00825,-1e-05,-0.00022,-0.00812,0.00049,0.0002,-4e-05,0.00042,0.00045,0.00029,0.00031,0.00051,-9e-05,-7e-05,0.0009,0.00138,-1e-05,-0.0003,0.00016,0.00267,-0.00017,-0.00107,8e-05,9e-05,-0.00096,-0.00012,-0.0018
45.22,0.00151,-0.00032,-0.00051,0.00264,-0.00068,-2e-05,-0.00011,0.00808,-1e-05,-0.00022,-0.00775,0.00046,0.00019,-6e-05,0.00045,0.00046,0.00031,0.00032,0.00049,-9e-05,-7e-05,0.0009,0.00141,-1e-05,-0.00031,0.00016,0.00265,-0.00017,-0.00108,9e-05,9e-05,-0.00096,-0.00012,-0.0018
45.24,0.00151,-0.00034,-0.00053,0.00264,-0.00068,-3e-05,-0.00012,0.00794,-1e-05,-0.00022,-0.00737,0.00043,0.00018,-7e-05,0.00048,0.00048,0.00033,0.00032,0.00047,-9e-05,-7e-05,0.00091,0.00144,-0,-0.00031,0.00016,0.00261,-0.00017,-0.00108,0.0001,9e-05,-0.00096,-0.00012,-0.0018
45.26,0.0015,-0.00035,-0.00055,0.00264,-0.00068,-3e-05,-0.00013,0.00781,-0,-0.00021,-0.00703,0.00041,0.00018,-8e-05,0.00051,0.00049,0.00035,0.00033,0.00045,-0.0001,-7e-05,0.00092,0.00146,0,-0.00031,0.00017,0.00258,-0.00018,-0.00109,0.0001,0.0001,-0.00097,-0.00012,-0.0018
45.28,0.0015,-0.00037,-0.00056,0.00264,-0.00067,-4e-05,-0.00013,0.00763,1e-05,-0.00021,-0.00669,0.00039,0.00017,-9e-05,0.00053,0.00051,0.00037,0.00033,0.00044,-0.0001,-7e-05,0.00093,0.00149,0,-0.00031,0.00017,0.00255,-0.00018,-0.00109,0.00011,0.0001,-0.00097,-0.00012,-0.0018
45.3,0.0015,-0.00038,-0.00058,0.00264,-0.00067,-5e-05,-0.00013,0.00756,2e-05,-0.0002,-0.00641,0.00039,0.00017,-0.0001,0.00057,0.00052,0.00039,0.00034,0.00042,-0.0001,-7e-05,0.00094,0.00151,1e-05,-0.00032,0.00017,0.00253,-0.00018,-0.00109,0.00011,0.0001,-0.00097,-0.00012,-0.0018
45.32,0.00149,-0.00041,-0.00061,0.00264,-0.00066,-6e-05,-0.00012,0.00777,3e-05,-0.0002,-0.00627,0.0004,0.00017,-0.0001,0.00062,0.00055,0.00042,0.00035,0.00039,-0.0001,-7e-05,0.00097,0.00154,1e-05,-0.00032,0.00017,0.00251,-0.00018,-0.00108,0.00012,0.0001,-0.00097,-0.00012,-0.0018
45.34,0.00148,-0.00044,-0.00064,0.00264,-0.00065,-7e-05,-0.00011,0.00809,5e-05,-0.0002,-0.00618,0.00042,0.00017,-0.00011,0.00068,0.00057,0.00046,0.00035,0.00036,-0.00011,-7e-05,0.00099,0.00156,1e-05,-0.00032,0.00017,0.00249,-0.00018,-0.00105,0.00013,0.0001,-0.00097,-0.00012,-0.0018
45.36,0.00147,-0.00047,-0.00067,0.00264,-0.00064,-8e-05,-9e-05,0.00838,6e-05,-0.00019,-0.00607,0.00043,0.00017,-0.00012,0.00074,0.00059,0.0005,0.00036,0.00034,-0.00011,-7e-05,0.00102,0.00158,1e-05,-0.00033,0.00017,0.00247,-0.00018,-0.00103,0.00013,0.0001,-0.00097,-0.00012,-0.0018
45.38,0.00146,-0.0005,-0.00071,0.00264,-0.00064,-9e-05,-8e-05,0.00868,7e-05,-0.00019,-0.00597,0.00045,0.00017,-0.00012,0.00081,0.00062,0.00053,0.00037,0.00032,-0.00012,-7e-05,0.00104,0.00161,2e-05,-0.00033,0.00018,0.00245,-0.00018,-0.00101,0.00014,0.0001,-0.00097,-0.00012,-0.0018
45.4,0.00144,-0.00052,-0.00073,0.00263,-0.00064,-0.0001,-6e-05,0.009,8e-05,-0.00018,-0.00588,0.00046,0.00017,-0.00012,0.00087,0.00064,0.00057,0.00037,0.0003,-0.00012,-7e-05,0.00107,0.00162,2e-05,-0.00034,0.00018,0.00244,-0.00018,-0.00099,0.00014,0.0001,-0.00097,-0.00012,-0.0018
45.42,0.00142,-0.00055,-0.00071,0.00258,-0.00062,-0.00011,-5e-05,0.00933,8e-05,-0.00016,-0.0058,0.00046,0.00017,-0.00012,0.00094,0.00066,0.00064,0.00038,0.00029,-0.00013,-7e-05,0.00112,0.00164,2e-05,-0.00035,0.00018,0.00244,-0.00018,-0.00094,0.00014,9e-05,-0.00096,-0.00012,-0.0018
45.44,0.00139,-0.00057,-0.00067,0.00252,-0.00059,-0.00012,-4e-05,0.00969,8e-05,-0.00014,-0.00574,0.00046,0.00017,-0.00011,0.00102,0.00068,0.00073,0.0004,0.00029,-0.00014,-7e-05,0.00117,0.00164,2e-05,-0.00036,0.00018,0.00246,-0.00017,-0.00089,0.00014,9e-05,-0.00096,-0.00012,-0.0018
45.46,0.00137,-0.0006,-0.00064,0.00247,-0.00057,-0.00013,-4e-05,0.01005,7e-05,-0.00012,-0.00568,0.00045,0.00017,-0.00011,0.00109,0.0007,0.00081,0.0004,0.00028,-0.00014,-7e-05,0.00121,0.00165,2e-05,-0.00036,0.00018,0.00247,-0.00017,-0.00084,0.00013,9e-05,-0.00095,-0.00012,-0.0018
45.48,0.00134,-0.00062,-0.00061,0.00242,-0.00055,-0.00013,-4e-05,0.01042,7e-05,-9e-05,-0.0056,0.00045,0.00017,-0.0001,0.00118,0.00072,0.00092,0.00041,0.00028,-0.00015,-7e-05,0.00126,0.00166,2e-05,-0.00037,0.00018,0.00247,-0.00017,-0.00079,0.00013,8e-05,-0.00094,-0.00011,-0.0018
45.5,0.00132,-0.00064,-0.00057,0.00237,-0.00053,-0.00014,-4e-05,0.01081,5e-05,-7e-05,-0.00557,0.00045,0.00018,-8e-05,0.00127,0.00074,0.00102,0.00041,0.00027,-0.00016,-7e-05,0.0013,0.00166,2e-05,-0.00038,0.00018,0.00249,-0.00016,-0.00076,0.00012,8e-05,-0.00094,-0.00011,-0.0018
45.52,0.00129,-0.00063,-0.00053,0.00232,-0.0005,-0.00015,-5e-05,0.01128,3e-05,-4e-05,-0.00568,0.00045,0.00018,-7e-05,0.00132,0.00074,0.00105,0.0004,0.00026,-0.00016,-8e-05,0.00132,0.00163,2e-05,-0.00038,0.00018,0.00253,-0.00016,-0.00075,0.00011,8e-05,-0.00093,-0.00011,-0.0018
45.54,0.00127,-0.00061,-0.00048,0.00228,-0.00048,-0.00016,-5e-05,0.01178,0,-0,-0.00584,0.00045,0.00018,-5e-05,0.00136,0.00075,0.00105,0.00038,0.00025,-0.00015,-8e-05,0.00133,0.00159,2e-05,-0.00038,0.00017,0.00259,-0.00016,-0.00075,9e-05,8e-05,-0.00092,-0.00011,-0.0018
45.56,0.00124,-0.0006,-0.00043,0.00223,-0.00045,-0.00016,-7e-05,0.0123,-2e-05,3e-05,-0.00598,0.00045,0.00019,-3e-05,0.00141,0.00075,0.00107,0.00037,0.00025,-0.00015,-9e-05,0.00134,0.00155,2e-05,-0.00038,0.00017,0.00264,-0.00016,-0.00075,7e-05,7e-05,-0.00091,-0.00011,-0.0018
45.58,0.00122,-0.00058,-0.00039,0.00218,-0.00043,-0.00017,-8e-05,0.01285,-5e-05,7e-05,-0.00611,0.00045,0.00019,-1e-05,0.00146,0.00076,0.00109,0.00036,0.00024,-0.00015,-9e-05,0.00135,0.00152,2e-05,-0.00038,0.00017,0.00269,-0.00015,-0.00075,5e-05,7e-05,-0.0009,-0.0001,-0.0018
45.6,0.0012,-0.00057,-0.00034,0.00212,-0.0004,-0.00018,-9e-05,0.01339,-7e-05,0.0001,-0.00625,0.00045,0.0002,1e-05,0.00151,0.00077,0.0011,0.00036,0.00024,-0.00015,-9e-05,0.00136,0.00148,2e-05,-0.00039,0.00017,0.00274,-0.00015,-0.00075,3e-05,7e-05,-0.00089,-0.0001,-0.0018
45.62,0.00118,-0.00053,-0.00026,0.00204,-0.00037,-0.00019,-9e-05,0.01388,-0.00011,0.00015,-0.00641,0.00044,0.0002,3e-05,0.00154,0.00078,0.00111,0.00035,0.00024,-0.00015,-0.0001,0.00137,0.00142,3e-05,-0.00038,0.00016,0.00277,-0.00015,-0.00076,1e-05,7e-05,-0.00087,-0.0001,-0.0018
45.64,0.00117,-0.00048,-0.00019,0.00194,-0.00033,-0.0002,-0.0001,0.01433,-0.00014,0.0002,-0.00656,0.00043,0.00021,5e-05,0.00156,0.00079,0.00112,0.00035,0.00024,-0.00015,-0.0001,0.00137,0.00136,3e-05,-0.00038,0.00016,0.0028,-0.00015,-0.00076,-2e-05,7e-05,-0.00086,-9e-05,-0.0018
45.66,0.00116,-0.00045,-0.00012,0.00185,-0.00029,-0.00021,-0.0001,0.01478,-0.00017,0.00024,-0.00671,0.00042,0.00021,8e-05,0.00158,0.00081,0.00114,0.00035,0.00024,-0.00015,-0.00011,0.00138,0.0013,3e-05,-0.00038,0.00016,0.00283,-0.00014,-0.00077,-4e-05,6e-05,-0.00084,-9e-05,-0.0018
45.68,0.00114,-0.00041,-7e-05,0.0018,-0.00025,-0.00023,-9e-05,0.01543,-0.00019,0.00029,-0.00687,0.0004,0.00022,0.0001,0.00162,0.00082,0.00115,0.00035,0.00024,-0.00015,-0.00011,0.00139,0.00125,3e-05,-0.00038,0.00015,0.00286,-0.00014,-0.00078,-6e-05,6e-05,-0.00083,-9e-05,-0.0018
45.7,0.00113,-0.00037,-2e-05,0.0017,-0.00022,-0.00023,-8e-05,0.0157,-0.00021,0.00033,-0.00701,0.00038,0.00022,0.00012,0.00163,0.00084,0.00116,0.00036,0.00025,-0.00015,-0.00011,0.0014,0.0012,3e-05,-0.00038,0.00015,0.00288,-0.00014,-0.00078,-9e-05,6e-05,-0.00081,-9e-05,-0.0018
45.72,0.00115,-0.00035,1e-05,0.00146,-0.0002,-0.00022,-7e-05,0.01488,-0.00023,0.00037,-0.00713,0.00035,0.00022,0.00015,0.00158,0.00085,0.00115,0.00037,0.00026,-0.00016,-0.00011,0.00144,0.00115,4e-05,-0.00038,0.00015,0.00289,-0.00013,-0.00077,-0.00011,6e-05,-0.0008,-8e-05,-0.0018
45.74,0.00118,-0.00033,3e-05,0.0012,-0.00019,-0.0002,-6e-05,0.01375,-0.00025,0.00042,-0.00722,0.00032,0.00023,0.00017,0.00151,0.00087,0.00113,0.00039,0.00027,-0.00016,-0.00012,0.00149,0.00112,4e-05,-0.00039,0.00015,0.00289,-0.00013,-0.00075,-0.00014,6e-05,-0.00079,-8e-05,-0.0018
45.76,0.0012,-0.00031,5e-05,0.00101,-0.00018,-0.00019,-4e-05,0.01287,-0.00026,0.00047,-0.00732,0.00029,0.00023,0.00019,0.00146,0.00089,0.00112,0.0004,0.00027,-0.00016,-0.00012,0.00154,0.00108,4e-05,-0.00039,0.00015,0.00289,-0.00013,-0.00074,-0.00016,5e-05,-0.00078,-8e-05,-0.0018
45.78,0.00123,-0.00029,7e-05,0.00084,-0.00016,-0.00018,-3e-05,0.01201,-0.00027,0.00052,-0.00745,0.00026,0.00023,0.0002,0.00141,0.00091,0.0011,0.00041,0.00028,-0.00016,-0.00012,0.00158,0.00104,4e-05,-0.00039,0.00015,0.00289,-0.00012,-0.00072,-0.00019,5e-05,-0.00076,-8e-05,-0.0018
45.8,0.00125,-0.00027,9e-05,0.00069,-0.00017,-0.00017,-1e-05,0.0112,-0.00029,0.00058,-0.0075,0.00022,0.00023,0.00021,0.00136,0.00093,0.00109,0.00042,0.00028,-0.00017,-0.00012,0.00163,0.00101,4e-05,-0.0004,0.00016,0.0029,-0.00012,-0.00071,-0.00021,5e-05,-0.00075,-7e-05,-0.0018
45.82,0.00125,-0.00027,8e-05,0.00058,-0.00018,-0.00016,1e-05,0.01051,-0.0003,0.00064,-0.00729,0.00019,0.00023,0.00022,0.00133,0.00096,0.00109,0.00043,0.00028,-0.00017,-0.00012,0.00166,0.00098,4e-05,-0.0004,0.00016,0.0029,-0.00012,-0.0007,-0.00024,4e-05,-0.00074,-7e-05,-0.0018
45.84,0.00125,-0.00026,8e-05,0.00048,-0.0002,-0.00015,3e-05,0.00988,-0.00032,0.00071,-0.00701,0.00015,0.00023,0.00022,0.0013,0.00099,0.00109,0.00044,0.00027,-0.00018,-0.00012,0.00169,0.00095,4e-05,-0.0004,0.00016,0.0029,-0.00012,-0.0007,-0.00026,4e-05,-0.00074,-7e-05,-0.0018
45.86,0.00126,-0.00026,8e-05,0.00039,-0.00022,-0.00014,5e-05,0.00928,-0.00034,0.0008,-0.00677,0.00012,0.00022,0.00022,0.00127,0.00102,0.00109,0.00044,0.00027,-0.00018,-0.00012,0.00171,0.00092,5e-05,-0.00041,0.00016,0.00291,-0.00011,-0.00069,-0.00028,4e-05,-0.00073,-7e-05,-0.0018
45.88,0.00126,-0.00025,8e-05,0.00032,-0.00024,-0.00013,7e-05,0.0087,-0.00036,0.00091,-0.00655,9e-05,0.00022,0.00023,0.00124,0.00106,0.0011,0.00044,0.00026,-0.00019,-0.00012,0.00174,0.00089,5e-05,-0.00041,0.00016,0.00291,-0.00011,-0.00068,-0.00031,3e-05,-0.00072,-7e-05,-0.0018
45.9,0.00126,-0.00024,8e-05,0.00025,-0.00024,-0.00013,9e-05,0.00821,-0.00038,0.00102,-0.00632,8e-05,0.00022,0.00023,0.00121,0.00109,0.0011,0.00044,0.00025,-0.00019,-0.00013,0.00177,0.00086,5e-05,-0.00042,0.00016,0.00291,-0.00011,-0.00067,-0.00033,3e-05,-0.00071,-7e-05,-0.0018
45.92,0.00128,-0.00023,9e-05,0.00019,-0.00025,-0.00012,0.0001,0.00788,-0.00039,0.00105,-0.00602,7e-05,0.00021,0.00023,0.00119,0.00111,0.00109,0.00042,0.00025,-0.00019,-0.00013,0.0018,0.00083,5e-05,-0.00042,0.00016,0.00291,-0.00011,-0.00065,-0.00036,2e-05,-0.0007,-7e-05,-0.0018
45.94,0.00129,-0.00022,0.00011,0.00014,-0.00026,-0.00011,0.00012,0.00762,-0.0004,0.00104,-0.00572,7e-05,0.00021,0.00022,0.00117,0.00112,0.00109,0.00041,0.00024,-0.00019,-0.00013,0.00182,0.0008,5e-05,-0.00042,0.00016,0.00292,-0.00011,-0.00062,-0.00039,2e-05,-0.00068,-6e-05,-0.0018
45.96,0.00131,-0.00021,0.00012,9e-05,-0.00028,-0.00011,0.00013,0.00735,-0.00041,0.00105,-0.00546,7e-05,0.0002,0.00022,0.00115,0.00114,0.00109,0.00038,0.00022,-0.00019,-0.00013,0.00185,0.00077,5e-05,-0.00042,0.00016,0.00292,-0.0001,-0.00059,-0.00041,2e-05,-0.00067,-6e-05,-0.0018
45.98,0.00132,-0.0002,0.00013,5e-05,-0.00029,-0.0001,0.00014,0.00709,-0.00042,0.00107,-0.00518,7e-05,0.0002,0.00022,0.00113,0.00115,0.00109,0.00036,0.00021,-0.00019,-0.00013,0.00187,0.00074,5e-05,-0.00042,0.00016,0.00292,-0.0001,-0.00056,-0.00044,1e-05,-0.00066,-6e-05,-0.0018
46,0.00134,-0.0002,0.00014,1e-05,-0.0003,-0.0001,0.00014,0.00684,-0.00043,0.00108,-0.00499,8e-05,0.0002,0.00021,0.00111,0.00117,0.00108,0.00033,0.00019,-0.00019,-0.00013,0.0019,0.00071,5e-05,-0.00043,0.00016,0.00292,-0.0001,-0.00053,-0.00046,1e-05,-0.00064,-6e-05,-0.0018
46.02,0.00136,-0.0002,0.00015,-2e-05,-0.00031,-9e-05,0.00014,0.00662,-0.00044,0.00109,-0.00499,0.00011,0.0002,0.0002,0.0011,0.00121,0.00109,0.00029,0.00017,-0.00019,-0.00014,0.00196,0.00069,5e-05,-0.00043,0.00016,0.00292,-0.0001,-0.00047,-0.00048,1e-05,-0.00063,-5e-05,-0.0018
46.04,0.00138,-0.0002,0.00016,-5e-05,-0.00031,-8e-05,0.00014,0.0064,-0.00045,0.0011,-0.00506,0.00013,0.0002,0.0002,0.0011,0.00125,0.00109,0.00026,0.00015,-0.00019,-0.00014,0.00202,0.00067,5e-05,-0.00043,0.00016,0.00292,-9e-05,-0.0004,-0.00049,0,-0.00063,-5e-05,-0.0018
46.06,0.0014,-0.00021,0.00016,-8e-05,-0.00032,-7e-05,0.00013,0.0062,-0.00047,0.00111,-0.00509,0.00016,0.0002,0.00019,0.00109,0.00129,0.00109,0.00022,0.00013,-0.00019,-0.00014,0.00207,0.00065,5e-05,-0.00043,0.00016,0.00292,-9e-05,-0.00034,-0.0005,0,-0.00062,-5e-05,-0.0018
46.08,0.00142,-0.00021,0.00017,-0.00011,-0.00033,-7e-05,0.00012,0.00599,-0.00048,0.00113,-0.00512,0.00017,0.0002,0.00018,0.00109,0.00134,0.0011,0.0002,0.00012,-0.00019,-0.00014,0.00214,0.00063,5e-05,-0.00043,0.00016,0.00292,-9e-05,-0.00028,-0.00052,0,-0.00061,-5e-05,-0.0018
46.1,0.00144,-0.00022,0.00016,-0.00014,-0.00033,-6e-05,0.00011,0.00581,-0.00049,0.00114,-0.00517,0.00019,0.0002,0.00017,0.00108,0.00137,0.0011,0.00017,0.0001,-0.00018,-0.00014,0.00218,0.00061,5e-05,-0.00043,0.00016,0.00292,-9e-05,-0.00023,-0.00053,0,-0.00061,-5e-05,-0.0018
46.12,0.00145,-0.00022,0.00015,-0.00015,-0.00034,-5e-05,0.0001,0.00565,-0.0005,0.00114,-0.00525,0.0002,0.00021,0.00015,0.00107,0.00128,0.00102,9e-05,7e-05,-0.00018,-0.00014,0.00216,0.00059,5e-05,-0.00043,0.00016,0.00292,-9e-05,-0.00021,-0.00052,1e-05,-0.00062,-5e-05,-0.0018
46.14,0.00146,-0.00023,0.00014,-0.00017,-0.00034,-5e-05,8e-05,0.00552,-0.0005,0.00114,-0.00534,0.00021,0.00021,0.00014,0.00107,0.00117,0.00094,3e-05,4e-05,-0.00017,-0.00014,0.00211,0.00057,4e-05,-0.00042,0.00016,0.00292,-9e-05,-0.00021,-0.00052,1e-05,-0.00064,-6e-05,-0.0018
46.16,0.00147,-0.00024,0.00013,-0.00018,-0.00034,-4e-05,7e-05,0.00538,-0.0005,0.00114,-0.00543,0.00021,0.00022,0.00012,0.00107,0.00109,0.00089,0,3e-05,-0.00017,-0.00014,0.00207,0.00055,4e-05,-0.00042,0.00016,0.00292,-8e-05,-0.00021,-0.00052,2e-05,-0.00066,-6e-05,-0.0018
46.18,0.00148,-0.00025,0.00012,-0.00019,-0.00034,-4e-05,6e-05,0.00524,-0.00051,0.00115,-0.00551,0.00021,0.00022,0.00011,0.00106,0.001,0.00082,-2e-05,3e-05,-0.00016,-0.00014,0.00203,0.00053,4e-05,-0.00042,0.00016,0.00292,-8e-05,-0.0002,-0.00051,2e-05,-0.00068,-6e-05,-0.0018
46.2,0.00149,-0.00026,0.0001,-0.00019,-0.00034,-3e-05,4e-05,0.00513,-0.00051,0.00115,-0.00561,0.00022,0.00023,0.0001,0.00106,0.00095,0.00079,-0,4e-05,-0.00016,-0.00014,0.002,0.00052,4e-05,-0.00041,0.00016,0.00292,-8e-05,-0.0002,-0.00051,2e-05,-0.0007,-7e-05,-0.0018
46.22,0.00149,-0.00027,6e-05,-0.00019,-0.00035,-1e-05,3e-05,0.00509,-0.00051,0.00114,-0.00578,0.00021,0.00024,8e-05,0.00108,0.00104,0.00087,0.00011,0.00011,-0.00016,-0.00014,0.00195,0.00052,4e-05,-0.00041,0.00016,0.00292,-8e-05,-0.00023,-0.00052,3e-05,-0.00071,-7e-05,-0.0018
46.24,0.00149,-0.00028,1e-05,-0.0002,-0.00035,2e-05,2e-05,0.00508,-0.00051,0.00113,-0.00599,0.00021,0.00025,7e-05,0.00111,0.00119,0.00099,0.00023,0.00018,-0.00016,-0.00013,0.0019,0.00052,4e-05,-0.00042,0.00016,0.00292,-8e-05,-0.00027,-0.00052,4e-05,-0.00072,-7e-05,-0.0018
46.26,0.0015,-0.00029,-3e-05,-0.0002,-0.00036,4e-05,1e-05,0.00505,-0.0005,0.00111,-0.00618,0.0002,0.00026,6e-05,0.00114,0.00131,0.00109,0.00033,0.00024,-0.00015,-0.00013,0.00186,0.00052,4e-05,-0.00042,0.00016,0.00292,-8e-05,-0.00031,-0.00053,4e-05,-0.00073,-7e-05,-0.0018
46.28,0.0015,-0.00029,-7e-05,-0.0002,-0.00036,7e-05,1e-05,0.00504,-0.0005,0.0011,-0.0064,0.0002,0.00027,5e-05,0.00116,0.00148,0.00121,0.00041,0.00029,-0.00015,-0.00013,0.00182,0.00051,4e-05,-0.00042,0.00016,0.00292,-8e-05,-0.00035,-0.00054,4e-05,-0.00074,-7e-05,-0.0018
46.3,0.0015,-0.0003,-9e-05,-0.00021,-0.00036,9e-05,0,0.00501,-0.0005,0.00109,-0.00659,0.0002,0.00027,5e-05,0.00118,0.0016,0.00132,0.00047,0.00032,-0.00015,-0.00013,0.00178,0.00051,4e-05,-0.00042,0.00016,0.00292,-8e-05,-0.00038,-0.00054,5e-05,-0.00075,-8e-05,-0.0018
46.32,0.00152,-0.00032,-8e-05,-0.00021,-0.00037,9e-05,0,0.00495,-0.0005,0.00108,-0.00668,0.0002,0.00028,5e-05,0.00119,0.00147,0.00134,0.00046,0.00032,-0.00015,-0.00013,0.00176,0.00052,4e-05,-0.00043,0.00016,0.00292,-8e-05,-0.00042,-0.00056,5e-05,-0.00077,-8e-05,-0.0018
46.34,0.00155,-0.00034,-6e-05,-0.0002,-0.00037,9e-05,0,0.00488,-0.0005,0.00108,-0.00674,0.0002,0.00027,6e-05,0.0012,0.00128,0.00134,0.00042,0.0003,-0.00014,-0.00013,0.00174,0.00053,4e-05,-0.00043,0.00016,0.00292,-8e-05,-0.00046,-0.00057,5e-05,-0.00079,-8e-05,-0.0018
46.36,0.00157,-0.00035,-5e-05,-0.0002,-0.00037,0.0001,-0,0.00482,-0.0005,0.00107,-0.00681,0.0002,0.00027,6e-05,0.0012,0.00114,0.00134,0.00039,0.00028,-0.00014,-0.00013,0.00173,0.00053,4e-05,-0.00044,0.00016,0.00292,-8e-05,-0.00049,-0.00058,5e-05,-0.00081,-9e-05,-0.0018
46.38,0.00159,-0.00037,-3e-05,-0.0002,-0.00037,9e-05,-0,0.00476,-0.0005,0.00106,-0.0069,0.0002,0.00028,6e-05,0.00121,0.00101,0.00135,0.00037,0.00027,-0.00014,-0.00012,0.00171,0.00054,4e-05,-0.00044,0.00016,0.00292,-7e-05,-0.00053,-0.00059,5e-05,-0.00084,-9e-05,-0.0018
46.4,0.00161,-0.00039,-2e-05,-0.0002,-0.00037,9e-05,-0,0.00471,-0.0005,0.00105,-0.00696,0.00021,0.00027,6e-05,0.00121,0.00091,0.00135,0.00034,0.00026,-0.00014,-0.00012,0.0017,0.00055,4e-05,-0.00044,0.00016,0.00292,-7e-05,-0.00057,-0.00061,6e-05,-0.00086,-0.0001,-0.0018
46.42,0.00164,-0.00041,-2e-05,-0.0002,-0.00037,8e-05,-0,0.00469,-0.0005,0.00104,-0.00694,0.00021,0.00027,6e-05,0.0012,0.00086,0.00135,0.00033,0.00025,-0.00014,-0.00012,0.00168,0.00055,4e-05,-0.00045,0.00016,0.00292,-7e-05,-0.00061,-0.00062,6e-05,-0.00087,-0.0001,-0.0018
46.44,0.00167,-0.00043,-2e-05,-0.0002,-0.00037,7e-05,-0,0.00469,-0.0005,0.00102,-0.00689,0.00022,0.00026,6e-05,0.00119,0.00084,0.00134,0.00031,0.00024,-0.00014,-0.00012,0.00166,0.00056,4e-05,-0.00045,0.00016,0.00292,-7e-05,-0.00065,-0.00063,6e-05,-0.00089,-0.0001,-0.0018
46.46,0.0017,-0.00044,-2e-05,-0.00019,-0.00037,7e-05,-0,0.00469,-0.0005,0.00101,-0.00687,0.00023,0.00026,6e-05,0.00118,0.00081,0.00133,0.00031,0.00023,-0.00014,-0.00012,0.00164,0.00056,4e-05,-0.00045,0.00016,0.00292,-7e-05,-0.00069,-0.00064,6e-05,-0.00091,-0.00011,-0.0018
46.48,0.00173,-0.00046,-2e-05,-0.00019,-0.00037,7e-05,-0,0.00468,-0.0005,0.00099,-0.00683,0.00023,0.00026,6e-05,0.00117,0.00079,0.00132,0.0003,0.00023,-0.00014,-0.00012,0.00161,0.00057,4e-05,-0.00045,0.00016,0.00292,-7e-05,-0.00073,-0.00065,6e-05,-0.00093,-0.00011,-0.0018
46.5,0.00176,-0.00048,-3e-05,-0.00019,-0.00038,7e-05,-0,0.00468,-0.0005,0.00098,-0.00682,0.00024,0.00026,6e-05,0.00117,0.00077,0.00132,0.0003,0.00023,-0.00015,-0.00012,0.00159,0.00057,4e-05,-0.00045,0.00016,0.00292,-7e-05,-0.00077,-0.00066,6e-05,-0.00094,-0.00012,-0.0018
46.52,0.00179,-0.00049,-2e-05,-0.00019,-0.00038,7e-05,-0,0.00467,-0.0005,0.00097,-0.00691,0.00024,0.00026,6e-05,0.00116,0.00076,0.00132,0.00029,0.00023,-0.00014,-0.00012,0.00158,0.00058,4e-05,-0.00045,0.00016,0.00292,-7e-05,-0.0008,-0.00067,6e-05,-0.00096,-0.00012,-0.0018
46.54,0.00182,-0.0005,-2e-05,-0.0002,-0.00039,7e-05,-1e-05,0.00466,-0.0005,0.00097,-0.00702,0.00024,0.00026,6e-05,0.00116,0.00076,0.00131,0.00029,0.00023,-0.00014,-0.00012,0.00157,0.00058,3e-05,-0.00045,0.00016,0.00292,-7e-05,-0.00084,-0.00068,6e-05,-0.00097,-0.00012,-0.0018
46.56,0.00186,-0.00051,-2e-05,-0.0002,-0.00039,7e-05,-1e-05,0.00465,-0.0005,0.00096,-0.00713,0.00025,0.00026,6e-05,0.00116,0.00075,0.00131,0.00029,0.00023,-0.00014,-0.00012,0.00155,0.00058,3e-05,-0.00045,0.00016,0.00291,-7e-05,-0.00087,-0.00069,6e-05,-0.00098,-0.00012,-0.0018
46.58,0.00189,-0.00051,-2e-05,-0.0002,-0.0004,7e-05,-1e-05,0.00464,-0.0005,0.00095,-0.00724,0.00025,0.00027,6e-05,0.00116,0.00075,0.00131,0.00029,0.00024,-0.00014,-0.00012,0.00154,0.00059,3e-05,-0.00045,0.00016,0.00291,-7e-05,-0.00091,-0.0007,6e-05,-0.00099,-0.00013,-0.0018
46.6,0.00192,-0.00052,-2e-05,-0.0002,-0.0004,7e-05,-1e-05,0.00463,-0.0005,0.00094,-0.00733,0.00025,0.00027,6e-05,0.00116,0.00074,0.00131,0.00029,0.00024,-0.00014,-0.00012,0.00153,0.00059,3e-05,-0.00045,0.00016,0.00291,-7e-05,-0.00094,-0.00071,5e-05,-0.00101,-0.00013,-0.0018
46.62,0.00194,-0.00053,-2e-05,-0.0002,-0.0004,8e-05,-1e-05,0.00459,-0.0005,0.00094,-0.00734,0.00025,0.00027,5e-05,0.00116,0.00074,0.0013,0.00029,0.00024,-0.00014,-0.00012,0.00152,0.00059,3e-05,-0.00045,0.00016,0.00291,-7e-05,-0.00095,-0.00072,5e-05,-0.00101,-0.00013,-0.0018
46.64,0.00197,-0.00053,-3e-05,-0.00019,-0.0004,8e-05,-1e-05,0.00456,-0.0005,0.00093,-0.00732,0.00025,0.00026,5e-05,0.00115,0.00075,0.0013,0.00029,0.00025,-0.00014,-0.00012,0.00152,0.00059,3e-05,-0.00045,0.00016,0.00291,-7e-05,-0.00097,-0.00072,5e-05,-0.00101,-0.00013,-0.0018
46.66,0.00199,-0.00053,-3e-05,-0.00019,-0.0004,8e-05,-1e-05,0.00452,-0.0005,0.00093,-0.00731,0.00025,0.00026,5e-05,0.00114,0.00075,0.00129,0.0003,0.00025,-0.00014,-0.00012,0.00151,0.00059,3e-05,-0.00045,0.00016,0.00291,-7e-05,-0.00098,-0.00073,5e-05,-0.00102,-0.00013,-0.0018
46.68,0.00202,-0.00054,-3e-05,-0.00019,-0.0004,8e-05,-1e-05,0.00449,-0.0005,0.00092,-0.0073,0.00025,0.00026,4e-05,0.00113,0.00075,0.00128,0.0003,0.00025,-0.00013,-0.00012,0.00151,0.00059,3e-05,-0.00045,0.00016,0.00291,-7e-05,-0.001,-0.00073,5e-05,-0.00102,-0.00013,-0.0018
46.7,0.00205,-0.00054,-3e-05,-0.00019,-0.0004,8e-05,-1e-05,0.00446,-0.0005,0.00091,-0.00728,0.00025,0.00026,4e-05,0.00113,0.00075,0.00128,0.0003,0.00026,-0.00013,-0.00012,0.00151,0.00059,4e-05,-0.00045,0.00016,0.00291,-8e-05,-0.00101,-0.00074,5e-05,-0.00103,-0.00013,-0.0018
46.72,0.00205,-0.00054,-4e-05,-0.00018,-0.00039,7e-05,-1e-05,0.00446,-0.0005,0.00091,-0.00723,0.00025,0.00025,3e-05,0.00112,0.00076,0.00127,0.00031,0.00026,-0.00013,-0.00012,0.00151,0.00059,4e-05,-0.00045,0.00016,0.00291,-8e-05,-0.001,-0.00074,5e-05,-0.00103,-0.00013,-0.0018
46.74,0.00205,-0.00053,-4e-05,-0.00017,-0.00039,7e-05,-2e-05,0.00446,-0.0005,0.00091,-0.00716,0.00024,0.00025,2e-05,0.00112,0.00076,0.00127,0.00031,0.00026,-0.00013,-0.00012,0.00152,0.00059,4e-05,-0.00045,0.00016,0.00292,-8e-05,-0.00099,-0.00073,4e-05,-0.00102,-0.00013,-0.0018
46.76,0.00206,-0.00053,-4e-05,-0.00016,-0.00039,7e-05,-2e-05,0.00447,-0.0005,0.00092,-0.00711,0.00024,0.00025,2e-05,0.00112,0.00077,0.00126,0.00031,0.00026,-0.00013,-0.00012,0.00152,0.00059,4e-05,-0.00045,0.00016,0.00292,-8e-05,-0.00098,-0.00073,4e-05,-0.00102,-0.00013,-0.0018
46.78,0.00206,-0.00053,-5e-05,-0.00015,-0.00039,7e-05,-2e-05,0.00447,-0.0005,0.00092,-0.00705,0.00024,0.00025,1e-05,0.00111,0.00078,0.00126,0.00032,0.00026,-0.00013,-0.00012,0.00152,0.00059,4e-05,-0.00045,0.00016,0.00292,-8e-05,-0.00097,-0.00073,4e-05,-0.00102,-0.00013,-0.0018
46.8,0.00206,-0.00052,-5e-05,-0.00015,-0.00039,6e-05,-2e-05,0.00447,-0.0005,0.00092,-0.007,0.00024,0.00024,1e-05,0.00111,0.00078,0.00125,0.00032,0.00027,-0.00013,-0.00012,0.00153,0.00059,4e-05,-0.00045,0.00016,0.00292,-8e-05,-0.00096,-0.00072,4e-05,-0.00102,-0.00013,-0.0018
46.82,0.00207,-0.00051,-5e-05,-0.00014,-0.00038,6e-05,-1e-05,0.0045,-0.0005,0.00092,-0.00695,0.00024,0.00024,1e-05,0.00111,0.00078,0.00124,0.00032,0.00027,-0.00014,-0.00012,0.00155,0.00058,4e-05,-0.00045,0.00016,0.00292,-8e-05,-0.00092,-0.00071,4e-05,-0.00102,-0.00013,-0.0018
46.84,0.00207,-0.0005,-5e-05,-0.00014,-0.00038,6e-05,-1e-05,0.00454,-0.0005,0.00092,-0.00691,0.00024,0.00024,1e-05,0.00112,0.00078,0.00124,0.00033,0.00027,-0.00014,-0.00012,0.00158,0.00058,4e-05,-0.00045,0.00016,0.00292,-8e-05,-0.00087,-0.0007,4e-05,-0.00101,-0.00013,-0.0018
46.86,0.00207,-0.00049,-5e-05,-0.00014,-0.00038,6e-05,-1e-05,0.00457,-0.0005,0.00092,-0.00686,0.00024,0.00024,1e-05,0.00113,0.00079,0.00123,0.00033,0.00027,-0.00014,-0.00012,0.0016,0.00057,4e-05,-0.00045,0.00016,0.00292,-8e-05,-0.00083,-0.00069,4e-05,-0.00101,-0.00013,-0.0018
46.88,0.00207,-0.00047,-5e-05,-0.00014,-0.00038,6e-05,-1e-05,0.0046,-0.0005,0.00092,-0.00682,0.00024,0.00024,1e-05,0.00113,0.00079,0.00122,0.00034,0.00027,-0.00014,-0.00012,0.00162,0.00057,4e-05,-0.00046,0.00016,0.00292,-8e-05,-0.00079,-0.00068,3e-05,-0.001,-0.00013,-0.0018
46.9,0.00207,-0.00046,-6e-05,-0.00014,-0.00038,5e-05,-1e-05,0.00463,-0.0005,0.00092,-0.00678,0.00024,0.00024,1e-05,0.00113,0.00079,0.00121,0.00034,0.00028,-0.00014,-0.00012,0.00165,0.00057,4e-05,-0.00046,0.00016,0.00292,-8e-05,-0.00075,-0.00067,3e-05,-0.001,-0.00013,-0.0018
46.92,0.00207,-0.00045,-6e-05,-0.00013,-0.00038,5e-05,-1e-05,0.00467,-0.0005,0.00092,-0.00675,0.00024,0.00024,1e-05,0.00114,0.00079,0.0012,0.00034,0.00028,-0.00014,-0.00012,0.00165,0.00056,4e-05,-0.00046,0.00016,0.00292,-8e-05,-0.00072,-0.00066,3e-05,-0.00099,-0.00012,-0.0018
46.94,0.00207,-0.00044,-6e-05,-0.00013,-0.00038,5e-05,-1e-05,0.0047,-0.0005,0.00092,-0.00673,0.00024,0.00024,1e-05,0.00115,0.0008,0.0012,0.00035,0.00028,-0.00014,-0.00012,0.00166,0.00056,4e-05,-0.00046,0.00016,0.00292,-8e-05,-0.00069,-0.00064,3e-05,-0.00098,-0.00012,-0.0018
46.96,0.00207,-0.00042,-6e-05,-0.00013,-0.00038,5e-05,-1e-05,0.00473,-0.0005,0.00092,-0.00671,0.00024,0.00024,1e-05,0.00116,0.0008,0.00119,0.00035,0.00028,-0.00014,-0.00012,0.00166,0.00055,4e-05,-0.00046,0.00016,0.00292,-8e-05,-0.00066,-0.00063,4e-05,-0.00097,-0.00012,-0.0018
46.98,0.00207,-0.00041,-6e-05,-0.00013,-0.00038,5e-05,-0,0.00477,-0.0005,0.00093,-0.00669,0.00024,0.00024,1e-05,0.00117,0.0008,0.00118,0.00035,0.00028,-0.00014,-0.00012,0.00167,0.00055,4e-05,-0.00046,0.00016,0.00292,-8e-05,-0.00064,-0.00062,4e-05,-0.00097,-0.00012,-0.0018
47,0.00207,-0.0004,-6e-05,-0.00013,-0.00038,5e-05,-0,0.0048,-0.0005,0.00093,-0.00667,0.00024,0.00024,2e-05,0.00117,0.0008,0.00117,0.00035,0.00028,-0.00014,-0.00012,0.00167,0.00055,4e-05,-0.00046,0.00016,0.00292,-8e-05,-0.00061,-0.00061,4e-05,-0.00096,-0.00012,-0.0018
