T,J7p,J8p,J9p,J10p,J11p,J12p,J13p,J14p,J15p,J16p,J17p,J18p,J19p,J20p,J21p,J22p,J23p,J24p,J25p,J26p,J27p,J28p,J29p,J30p,J31p,J32p,J33p,J34p,J35p,J36p,J37p,J38p,J39p,J40p,J7n,J8n,J9n,J10n,J11n,J12n,J13n,J14n,J15n,J16n,J17n,J18n,J19n,J20n,J21n,J22n,J23n,J24n,J25n,J26n,J27n,J28n,J29n,J30n,J31n,J32n,J33n,J34n,J35n,J36n,J37n,J38n,J39n,J40n
0,0.9677,0.95774,1.00876,1.02129,0.6948,1.00518,0.99224,1.066,0.94353,0.9682,1.06923,1.0036,1.08888,1.06797,0.74368,1.32214,0.92598,0.22409,1.24975,0.60808,0.99899,1.08148,1.19756,0.9993,0.99684,0.99251,0.98837,0.98811,0.9233,0.86977,1.00493,0.99391,1.05939,1.02229,1.04364,1.08117,0.99632,0.98868,1.26573,0.99738,1.02108,0.96536,1.13619,1.07427,0.97021,0.99776,0.95881,0.94411,1.25523,0.65109,1.1417,1.3709,0.68617,1.31544,1.00171,0.96186,0.87775,1.00212,1.00629,1.01364,1.00897,1.01943,1.13859,1.20455,0.9962,1.01196,0.96382,0.97049
0.02,0.96965,0.95555,1.00894,1.00652,0.68402,1.00539,0.99192,1.06802,0.93994,0.96571,1.07963,1.00447,1.08857,1.07151,0.73936,1.32323,0.92206,0.21837,1.25147,0.60324,0.99835,1.08218,1.19977,0.99938,0.99673,0.99213,0.98794,0.98734,0.92163,0.86799,1.00514,0.99382,1.0603,1.02264,1.04122,1.08461,0.99625,0.99665,1.26973,0.99728,1.0219,0.96411,1.14203,1.07906,0.96476,0.99721,0.95898,0.94073,1.25714,0.64654,1.14675,1.37138,0.68172,1.3166,1.0028,0.96145,0.87528,1.00188,1.00651,1.01432,1.0093,1.02063,1.14067,1.20605,0.99604,1.01213,0.96319,0.97001
0.04,0.9732,0.9535,1.00928,0.99446,0.67282,1.00557,0.99216,1.06938,0.93558,0.96254,1.09347,1.00554,1.08696,1.07574,0.7381,1.3233,0.91805,0.21783,1.2517,0.60285,0.99754,1.08198,1.20085,0.99951,0.99662,0.99171,0.98755,0.98656,0.92092,0.86806,1.00538,0.99383,1.06048,1.02268,1.03675,1.08776,0.9961,1.01099,1.27373,0.99718,1.02128,0.96327,1.14884,1.08498,0.95703,0.99654,0.95991,0.9366,1.25769,0.64626,1.15173,1.37142,0.68113,1.31669,1.00415,0.96157,0.87406,1.0015,1.00672,1.01506,1.00959,1.02184,1.14155,1.20599,0.99585,1.01213,0.96306,0.96996
0.06,0.97854,0.95158,1.00994,0.9857,0.66008,1.00574,0.99322,1.07002,0.93002,0.9584,1.11084,1.00682,1.08418,1.08106,0.73987,1.32231,0.91376,0.22249,1.25042,0.60694,0.9966,1.08101,1.20099,0.99967,0.9965,0.99121,0.98717,0.98575,0.92111,0.8699,1.00571,0.99391,1.05997,1.02241,1.02986,1.09067,0.99582,1.02734,1.27809,0.99709,1.01852,0.96287,1.15707,1.09243,0.94643,0.99573,0.96149,0.93131,1.25692,0.65036,1.1569,1.37104,0.68444,1.31572,1.00572,0.96212,0.87389,1.00099,1.00695,1.01593,1.00988,1.0231,1.14131,1.20444,0.99559,1.01196,0.96341,0.97033
0.08,0.9858,0.94981,1.01109,0.97837,0.64494,1.00591,0.99541,1.06984,0.92292,0.95306,1.13119,1.00827,1.08038,1.08772,0.74478,1.32014,0.90907,0.23279,1.24749,0.61575,0.99555,1.07943,1.20035,0.99989,0.99636,0.99061,0.98677,0.98491,0.92221,0.87349,1.00615,0.99407,1.0588,1.02185,1.02016,1.0933,0.99532,1.04017,1.28303,0.99701,1.0127,0.96298,1.16692,1.10162,0.93254,0.99481,0.9636,0.92449,1.25474,0.65914,1.16234,1.37017,0.69187,1.31357,1.00746,0.96302,0.87463,1.00034,1.00722,1.01698,1.01019,1.02439,1.13995,1.20134,0.99524,1.01165,0.96423,0.9711
0.1,0.99505,0.94832,1.01289,0.97422,0.62692,1.00606,0.9991,1.06863,0.91406,0.94634,1.15338,1.00983,1.07582,1.09583,0.75307,1.31651,0.90402,0.2496,1.24264,0.62973,0.99447,1.07738,1.19902,1.00028,0.99618,0.98988,0.98632,0.98408,0.92424,0.87881,1.00676,0.9943,1.05695,1.02099,1.00722,1.0955,0.99454,1.04708,1.28858,0.99693,1.00255,0.96373,1.1783,1.1125,0.91521,0.99381,0.96609,0.91589,1.25095,0.67314,1.16797,1.36872,0.70384,1.31002,1.00923,0.96417,0.87612,0.99978,1.00757,1.01825,1.01053,1.02566,1.13741,1.19661,0.99477,1.01122,0.96551,0.97227
0.12,1.01186,0.94732,1.01552,0.97559,0.60605,1.00621,1.0091,1.06611,0.9034,0.93825,1.17597,1.01136,1.07089,1.10528,0.76509,1.31094,0.89881,0.2743,1.23538,0.64949,0.99348,1.0751,1.19709,1.00085,0.99596,0.98902,0.98583,0.98334,0.92725,0.88581,1.00755,0.99459,1.05445,1.01985,0.99549,1.09696,0.99338,1.04483,1.29462,0.99685,0.9934,0.96529,1.19077,1.12474,0.89467,0.99282,0.9687,0.90543,1.24522,0.69303,1.17356,1.36649,0.72086,1.30467,1.01085,0.96544,0.87827,0.99935,1.00801,1.01975,1.0109,1.0268,1.13356,1.19009,0.99415,1.01066,0.96722,0.97382
0.14,1.03373,0.94713,1.0191,0.98551,0.58296,1.00633,1.02334,1.06189,0.89118,0.92898,1.19748,1.01269,1.06623,1.11569,0.78118,1.30265,0.89385,0.30882,1.22504,0.67568,0.99275,1.07288,1.19462,1.00142,0.99569,0.98804,0.9853,0.98279,0.93129,0.89438,1.00854,0.99492,1.0513,1.01845,0.98651,1.09723,0.99179,1.02768,1.30085,0.99679,0.98257,0.96785,1.20366,1.13772,0.87169,0.99196,0.97112,0.89332,1.23703,0.71957,1.17867,1.36316,0.7435,1.29691,1.01204,0.96666,0.88098,0.99891,1.00853,1.02143,1.0113,1.02762,1.12824,1.18163,0.99337,1.01002,0.96934,0.97572
0.16,1.05377,0.9482,1.02368,1.01546,0.55891,1.0064,1.04056,1.05547,0.87801,0.91898,1.21668,1.01354,1.06278,1.12648,0.80164,1.29038,0.88983,0.35566,1.21067,0.70882,0.9925,1.07109,1.19168,1.00195,0.99537,0.98699,0.98477,0.98262,0.93639,0.90422,1.00972,0.99528,1.04758,1.01683,0.97741,1.09567,0.98972,0.99189,1.30688,0.99676,0.9686,0.97164,1.21614,1.1506,0.84758,0.99141,0.97286,0.88008,1.22568,0.75339,1.18268,1.35818,0.77219,1.28584,1.01243,0.96763,0.88413,0.99851,1.00915,1.02321,1.0117,1.02788,1.12128,1.1712,0.99244,1.00934,0.97181,0.97791
0.18,1.07029,0.95112,1.02921,1.07654,0.53583,1.00637,1.05997,1.04623,0.86488,0.90903,1.23263,1.01355,1.06183,1.13683,0.82645,1.27202,0.88771,0.41754,1.19106,0.74883,0.99305,1.07025,1.18839,1.00233,0.99503,0.98598,0.98431,0.98305,0.94251,0.91479,1.01105,0.99562,1.04344,1.01508,0.96919,1.09136,0.98715,0.95362,1.31229,0.99677,0.95157,0.97689,1.22731,1.16239,0.82431,0.9914,0.97334,0.86665,1.21029,0.79461,1.18475,1.35064,0.80691,1.27013,1.01154,0.96808,0.88757,0.99821,1.00982,1.02492,1.01204,1.02723,1.11252,1.15904,0.99138,1.00866,0.97451,0.98027
0.2,1.08151,0.95657,1.03552,1.1399,0.51609,1.0062,1.08047,1.03341,0.85321,0.90025,1.24465,1.01226,1.06482,1.14583,0.85515,1.24402,0.88876,0.49678,1.16479,0.79465,0.99476,1.07101,1.18496,1.00245,0.99467,0.98513,0.98402,0.98435,0.94951,0.9252,1.01246,0.99592,1.03916,1.01331,0.96318,1.08301,0.98414,0.89906,1.31663,0.99686,0.93191,0.98379,1.23634,1.17203,0.80435,0.99224,0.97183,0.85436,1.18979,0.84242,1.18373,1.33894,0.84687,1.24799,1.00876,0.96767,0.89108,0.99812,1.0105,1.02635,1.01226,1.02525,1.10191,1.14597,0.99025,1.00809,0.97725,0.98262
0.22,1.08546,0.96529,1.04219,1.19644,0.50189,1.00584,1.10099,1.01623,0.84456,0.89394,1.25248,1.00913,1.0728,1.1526,0.88693,1.19965,0.89433,0.59483,1.13019,0.84426,0.99798,1.07406,1.18167,1.00218,0.99435,0.98459,0.98399,0.9868,0.95726,0.93442,1.01384,0.99611,1.03507,1.0117,0.96097,1.06885,0.98086,0.82916,1.31961,0.99704,0.91023,0.99243,1.24254,1.17858,0.79005,0.99426,0.9677,0.8447,1.16281,0.89512,1.17819,1.31996,0.89062,1.21694,1.00342,0.96601,0.89434,0.99833,1.01113,1.02725,1.01229,1.02148,1.08936,1.13335,0.98915,1.00772,0.97981,0.98476
0.24,1.07961,0.97792,1.04854,1.24226,0.49465,1.00526,1.12074,0.99705,0.84035,0.89135,1.25618,1.00356,1.08566,1.15651,0.92105,1.12342,0.90553,0.71272,1.08485,0.89536,1.00576,1.08011,1.17895,1.00146,0.99406,0.98446,0.98428,0.99053,0.96579,0.94164,1.01509,0.99616,1.0315,1.01038,0.96422,1.04632,0.97764,0.74727,1.32109,0.99734,0.88721,1.00526,1.24543,1.18118,0.78289,0.99779,0.96065,0.83896,1.12719,0.9509,1.16631,1.2862,0.93668,1.17313,0.99752,0.96264,0.89699,0.99888,1.01168,1.02746,1.01206,1.01561,1.07447,1.12271,0.98813,1.00761,0.98202,0.98651
0.26,1.05957,0.99488,1.05357,1.27731,0.4947,1.00445,1.13919,0.98474,0.84166,0.89356,1.25606,0.9975,1.102,1.15707,0.95706,0.98546,0.92297,0.85215,1.02463,0.94611,1.01823,1.0897,1.1773,1.00028,0.99382,0.98477,0.98493,0.9955,0.97536,0.94649,1.01613,0.99605,1.02867,1.00943,0.9746,1.01163,0.97501,0.65857,1.32108,0.99775,0.86349,1.02598,1.24453,1.17897,0.78312,1.0061,0.95094,0.83812,1.0791,1.01611,1.14558,1.21327,0.98399,1.10961,0.99192,0.95706,0.89856,0.99979,1.01214,1.02695,1.01158,1.00754,1.05623,1.11514,0.98729,1.00783,0.98374,0.98776
0.28,1.01598,1.02964,1.05589,1.30328,0.50139,1.00345,1.1559,0.97269,0.84934,0.90154,1.25264,0.99171,1.1195,1.15385,0.99473,0.8968,0.94657,1.02969,0.97516,0.99529,1.03222,1.10301,1.17734,0.99936,0.99361,0.98544,0.98586,1.00285,0.98645,0.94912,1.01688,0.99577,1.02669,1.0089,0.99387,0.98158,0.97378,0.56911,1.31971,0.99826,0.83986,1.04458,1.23916,1.17066,0.78974,1.0196,0.93949,0.84288,1.01143,1.09684,1.11215,0.97833,1.05405,1.01231,0.98525,0.9488,0.89853,1.00193,1.01254,1.02583,1.01087,0.99878,1.03275,1.11089,0.98668,1.00837,0.98493,0.98847
0.3,0.96902,1.06678,1.05365,1.32217,0.51304,1.00234,1.17047,0.96241,0.86408,0.9162,1.24676,0.98447,1.13573,1.14622,1.05639,0.82434,0.97531,1.19014,0.94139,1.06782,1.04626,1.11971,1.17966,0.99851,0.9934,0.98633,0.98698,1.01484,0.99972,0.95016,1.01726,0.99535,1.02558,1.00876,1.04201,0.95483,0.97497,0.48448,1.31728,0.99882,0.81735,1.0593,1.22796,1.15398,0.80061,1.03536,0.92772,0.85381,0.9645,1.14647,1.05989,0.79024,1.10982,0.94728,0.97811,0.93751,0.8963,1.0045,1.01294,1.02434,1.01003,0.99348,1.00074,1.10918,0.98637,1.00919,0.98559,0.98865
0.32,0.91956,1.09892,1.04442,1.33581,0.52696,1.00126,1.18243,0.95562,0.88657,0.9384,1.2396,0.97601,1.1488,1.13311,1.10281,0.76467,1.01402,1.24895,0.91165,1.11496,1.05882,1.13898,1.18453,0.99774,0.99318,0.98728,0.98817,1.02529,1.02936,0.95076,1.01718,0.99481,1.02523,1.00895,1.09621,0.92751,0.97974,0.40881,1.31427,0.99937,0.79737,1.06848,1.20818,1.12453,0.813,1.05242,0.91732,0.87157,0.92731,1.17974,0.98991,0.66199,1.14749,0.89973,0.97128,0.92299,0.89151,1.00679,1.01336,1.02271,1.00912,0.98861,0.97967,1.10819,0.98644,1.01024,0.9858,0.98839
0.34,0.86337,1.12532,1.02495,1.34559,0.53947,1.00041,1.19128,0.95399,0.91773,0.96884,1.23247,0.96668,1.15765,1.11241,1.13548,0.71627,1.06515,1.27877,0.8861,1.14565,1.06854,1.15956,1.19146,0.9973,0.99298,0.98824,0.98939,1.03289,1.06051,0.95266,1.01659,0.9942,1.02531,1.00934,1.1441,0.90141,0.98913,0.34443,1.31146,0.9998,0.78161,1.07063,1.1737,1.07302,0.82455,1.06969,0.90976,0.89721,0.89513,1.20288,0.94766,0.57136,1.17386,0.86199,0.96571,0.90536,0.88436,1.00811,1.01374,1.02108,1.00819,0.98492,0.95512,1.105,0.98692,1.0114,0.98575,0.98789
0.36,0.80514,1.14591,0.99522,1.35251,0.5461,1.00007,1.19632,0.95898,0.95868,1.01498,1.22623,0.95704,1.16177,1.07999,1.15788,0.67944,1.10056,1.29571,0.86547,1.16562,1.0741,1.1801,1.19925,0.9975,0.99288,0.98928,0.99074,1.03645,1.09262,0.95827,1.01547,0.99361,1.02526,1.00967,1.18311,0.87825,1.00775,0.29257,1.30993,0.99996,0.77225,1.06399,1.10872,0.9892,0.83405,1.08603,0.90608,0.93238,0.8693,1.21861,0.91217,0.50828,1.19207,0.83372,0.96239,0.88512,0.87586,1.0075,1.01394,1.01929,1.00716,0.98315,0.92585,1.09521,0.98782,1.01253,0.98577,0.98745
0.38,0.75032,1.16066,0.97124,1.35714,0.5418,1.00062,1.19637,0.97193,1.01991,1.08326,1.22093,0.94793,1.16076,1.02744,1.17132,0.65634,1.12346,1.30494,0.85123,1.17703,1.07398,1.19926,1.20614,0.99878,0.99303,0.99064,0.99245,1.03465,1.12495,0.97077,1.01386,0.99314,1.0243,1.00961,1.21277,0.85984,1.04318,0.2543,1.31092,0.99969,0.77215,1.04572,0.98191,0.93025,0.8417,1.10027,0.90699,0.97934,0.85199,1.22775,0.88572,0.46939,1.20331,0.81601,0.96246,0.86326,0.86788,1.0037,1.01365,1.01694,1.00585,0.98405,0.89127,1.07125,0.98913,1.01344,0.98635,0.98753
0.4,0.70447,1.1693,0.94279,1.35978,0.52209,1.00249,1.18926,0.99418,1.1038,1.13276,1.21565,0.94042,1.15401,0.9727,1.17551,0.65102,1.13536,1.30795,0.84567,1.17994,1.06588,1.21604,1.21019,1.00324,0.99364,0.99267,0.99484,1.02565,1.15637,0.99414,1.01184,0.9929,1.02141,1.00875,1.23365,0.84826,1.079,0.23115,1.31534,0.99875,0.78529,1.01025,0.88762,0.87405,0.84897,1.1112,0.91293,1.06626,0.84629,1.22978,0.87069,0.45593,1.20746,0.81129,0.96726,0.8412,0.86298,0.99751,1.01247,1.01336,1.00401,0.98844,0.8514,1.01637,0.99075,1.01389,0.98805,0.98866
0.42,0.6725,1.17113,0.91175,1.36041,0.48501,1.00616,1.17057,1.04719,1.16013,1.16751,1.20887,0.93565,1.14053,0.92665,1.16838,0.66912,1.13613,1.30418,0.85131,1.17279,1.04596,1.22998,1.20947,1.01295,0.99494,0.99574,0.99823,1.00675,1.1856,1.05504,1.00954,0.99301,1.0156,1.00672,1.24651,0.84572,1.11204,0.22539,1.32301,0.99688,0.8172,0.97635,0.80111,0.82478,0.85786,1.11779,0.92401,1.14243,0.8559,1.22276,0.86968,0.47273,1.20325,0.82274,0.97827,0.82034,0.86386,0.98986,1.00997,1.00785,1.00138,0.99708,0.80707,0.95527,0.99258,1.01368,0.9914,0.99132
0.44,0.65838,1.16486,0.88038,1.35872,0.43284,1.01211,1.12979,1.10311,1.19835,1.19094,1.19911,0.93453,1.11894,0.87838,1.14498,0.71778,1.12356,1.29052,0.87026,1.15209,1.00682,1.24121,1.20212,1.02733,0.9971,1.0001,1.00549,0.9878,1.21155,1.1187,1.00714,0.99354,1.00627,1.00332,1.2518,0.85429,1.14043,0.24054,1.3326,0.99379,0.87587,0.94029,0.72626,0.78543,0.86979,1.1193,0.93987,1.19523,0.8846,1.20221,0.8856,0.52866,1.18805,0.85323,0.99705,0.80152,0.87259,0.97797,1.00577,0.99995,0.99891,1.01991,0.7601,0.8879,0.99447,1.01267,0.99661,0.99573
0.46,0.666,1.14802,0.85114,1.35369,0.37166,1.02074,1.03425,1.15181,1.22385,1.20541,1.18563,0.93754,1.0878,0.82992,1.09288,0.80638,1.09149,1.25711,0.90352,1.11077,0.97157,1.25029,1.18589,1.04661,1.00039,1.01065,1.01607,0.96742,1.23348,1.17083,1.00484,0.99446,0.99683,0.99937,1.24897,0.87571,1.1633,0.2831,1.34238,0.98915,0.97384,0.8983,0.66636,0.75807,0.88482,1.11521,0.95943,1.23255,0.93602,1.15711,0.92183,0.63936,1.1564,0.90442,1.04401,0.78479,0.89014,0.96091,0.99981,0.99489,0.99673,1.04977,0.71321,0.81395,0.99627,1.01091,1.00666,1.00319
0.48,0.7009,1.11555,0.82686,1.34244,0.30905,1.03222,0.92035,1.19205,1.23934,1.21203,1.16929,0.94471,1.04701,0.78377,0.98821,0.94743,1.02352,1.1644,0.95031,1.03422,0.93178,1.25788,1.15756,1.07028,1.00808,1.02167,1.02703,0.9436,1.25096,1.20927,1.00287,0.99564,0.99003,0.99685,1.23515,0.91151,1.18013,0.36624,1.35104,0.9827,1.15055,0.85219,0.62504,0.74467,0.90109,1.10504,0.98047,1.25909,1.0248,1.05407,0.98273,0.83239,1.09665,0.97532,1.0937,0.76959,0.91602,0.93794,0.99585,0.98934,0.99435,1.08015,0.66986,0.74308,0.99779,1.00863,1.02034,1.01552
0.5,0.77276,1.05618,0.81075,1.31492,0.25152,1.04645,0.81586,1.22415,1.24563,1.21051,1.15386,0.95562,1.00121,0.74272,0.90869,1.16449,0.95165,0.90711,1.01386,0.95871,0.88617,1.26463,1.11251,1.09713,1.01661,1.03156,1.03692,0.91829,1.2638,1.23505,1.00156,0.99686,0.98419,0.99465,1.20132,0.96294,1.19036,0.51934,1.35804,0.97423,1.24139,0.80426,0.60702,0.74778,0.9148,1.08833,0.99955,1.27772,1.14103,0.92472,1.10396,1.16272,0.9912,1.08905,1.13849,0.75505,0.94813,0.90877,0.99132,0.98413,0.99209,1.10811,0.63387,0.68449,0.99881,1.00625,1.03144,1.02569
0.52,0.89978,0.97427,0.80598,1.20213,0.20284,1.06291,0.7129,1.2492,1.24164,1.19889,1.14598,0.9696,0.98338,0.70921,0.83301,1.25047,0.8844,0.74041,1.09784,0.90908,0.83714,1.27101,1.04417,1.12543,1.02529,1.03874,1.04433,0.89357,1.27207,1.25016,1.00119,0.99786,0.98086,0.99338,1.11447,1.0531,1.19327,0.82051,1.36334,0.96369,1.28909,0.75682,0.61853,0.77072,0.92127,1.06443,1.02356,1.29039,1.20588,0.83267,1.18791,1.27554,0.92457,1.15842,1.17647,0.7403,0.9831,0.87371,0.98653,0.98019,0.99032,1.13193,0.60853,0.64476,0.99909,1.00428,1.03753,1.03135
0.54,1.14101,0.91264,0.81497,0.6987,0.16396,1.08078,0.61632,1.26858,1.22315,1.17225,1.15123,0.98593,0.97818,0.68462,0.76569,1.2877,0.81592,0.63752,1.14575,0.87488,0.78684,1.27726,0.97549,1.15335,1.03354,1.04212,1.04828,0.87103,1.27598,1.25637,1.00195,0.99843,0.98114,0.99347,0.92402,1.14115,1.18775,1.26559,1.36723,0.95124,1.31732,0.7117,0.66814,0.81727,0.917,1.03228,1.03049,1.29855,1.24492,0.76002,1.23967,1.30948,0.87204,1.19253,1.20766,0.72482,1.0317,0.8338,0.9818,0.97829,0.98935,1.15118,0.59588,0.62708,0.99851,1.00315,1.03703,1.03097
0.56,1.25951,0.85142,0.83911,0.42547,0.13411,1.09895,0.52882,1.28351,1.17742,1.11883,1.16888,1.00767,0.98544,0.66929,0.708,1.30701,0.75059,0.58179,1.17337,0.85742,0.73702,1.28332,0.93528,1.17931,1.04099,1.04116,1.04832,0.85156,1.27574,1.25464,1.00385,0.99849,0.98537,0.99505,0.77317,1.19751,1.17186,1.33469,1.37004,0.93736,1.33539,0.67027,0.76918,0.89131,0.90147,0.99519,1.02077,1.30322,1.27001,0.70603,1.27291,1.32286,0.83454,1.20705,1.23292,0.70871,1.07599,0.79082,0.97737,0.97883,0.98934,1.16619,0.59668,0.63209,0.99704,1.00303,1.02923,1.02387
0.58,1.30658,0.79281,0.87847,0.26862,0.11206,1.11614,0.45195,1.29487,1.05729,1.00663,1.19234,1.04041,1.00633,0.66282,0.65955,1.31788,0.69233,0.56113,1.18874,0.85565,0.68928,1.28891,0.90385,1.20207,1.04738,1.03581,1.04443,0.83555,1.27138,1.24501,1.00667,0.99808,0.99306,0.99794,0.64406,1.23546,1.14203,1.35663,1.37201,0.9229,1.34757,0.6338,0.94393,0.9953,0.87753,0.97281,0.99761,1.3051,1.28701,0.66797,1.29472,1.32718,0.81071,1.20842,1.25316,0.69277,1.10529,0.74731,0.97345,0.98181,0.9903,1.17756,0.61073,0.65881,0.99484,1.00384,1.01434,1.0103
0.6,1.33004,0.73871,0.93122,0.17331,0.09668,1.13115,0.38664,1.30323,0.89699,0.92209,1.21457,1.06747,1.04692,0.66454,0.61948,1.32415,0.6446,0.56693,1.19627,0.86708,0.6453,1.29365,0.87924,1.22091,1.05247,1.02638,1.03694,0.8232,1.26271,1.22677,1.01004,0.99736,1.00563,1.00315,0.54181,1.26186,1.09197,1.36679,1.37334,0.90909,1.35601,0.60365,1.1977,1.1467,0.85042,0.95171,0.98052,1.30461,1.29895,0.64265,1.30892,1.326,0.79812,1.19922,1.26913,0.67839,1.12562,0.70628,0.97024,0.98689,0.99209,1.18579,0.6371,0.70448,0.99218,1.00526,0.99696,0.99595
0.62,1.34292,0.69051,0.99339,0.11527,0.08704,1.14304,0.33294,1.30897,0.7837,0.85505,1.23169,1.08907,1.07879,0.67372,0.58689,1.32767,0.60991,0.59251,1.19864,0.88835,0.60648,1.29716,0.85926,1.23559,1.05608,1.01359,1.02648,0.81458,1.24923,1.19868,1.01349,0.99654,1.02411,1.01034,0.46667,1.28063,1.01066,1.37212,1.37416,0.89725,1.36194,0.58104,1.27731,1.21294,0.82577,0.93283,0.96448,1.3019,1.30752,0.62722,1.31769,1.32049,0.79404,1.18009,1.28151,0.66718,1.14068,0.67053,0.96792,0.99343,0.99448,1.19128,0.67443,0.76434,0.98943,1.00686,0.98646,0.98657
0.64,1.35016,0.64873,1.08812,0.08199,0.08234,1.15138,0.28997,1.31242,0.69804,0.8063,1.24278,1.10574,1.09835,0.68987,0.56095,1.32934,0.58932,0.63265,1.19749,0.91612,0.57364,1.29922,0.84234,1.24631,1.05806,0.99924,1.01395,0.80967,1.22983,1.15912,1.01661,0.99583,1.03848,1.01625,0.41584,1.29423,0.95503,1.37494,1.37455,0.88841,1.36616,0.56663,1.30945,1.24534,0.80761,0.91681,0.95319,1.29688,1.31373,0.61951,1.32239,1.31076,0.79603,1.15025,1.29093,0.66035,1.15255,0.64199,0.96663,1.00142,0.99718,1.19432,0.72157,0.83248,0.9869,1.00826,0.97768,0.97869
0.66,1.35404,0.61318,1.14238,0.06647,0.08174,1.15613,0.25629,1.31384,0.6378,0.77644,1.24831,1.11814,1.1057,0.71287,0.54099,1.32963,0.58261,0.68336,1.19386,0.94753,0.54702,1.29976,0.82801,1.25342,1.05835,0.99165,1.00051,0.8084,1.20217,1.10589,1.01912,0.99532,1.04788,1.02032,0.3855,1.30427,0.9148,1.3762,1.3746,0.88317,1.36919,0.56051,1.32528,1.26111,0.7978,0.90396,0.94862,1.2891,1.31818,0.61815,1.32385,1.29616,0.80223,1.1074,1.29794,0.65852,1.16202,0.62181,0.96644,1.01515,0.9999,1.1951,0.77804,0.90316,0.98484,1.00924,0.97162,0.97318
0.68,1.35565,0.58343,1.17127,0.06465,0.08429,1.15743,0.23058,1.31343,0.59924,0.76447,1.24912,1.12685,1.10182,0.74277,0.52667,1.32868,0.58871,0.74131,1.18834,0.98021,0.52677,1.29881,0.81702,1.25714,1.05696,0.98522,0.99413,0.81065,1.16165,1.03595,1.02086,0.99506,1.05249,1.02241,0.37214,1.31178,0.88712,1.37634,1.37439,0.88171,1.37135,0.56227,1.33351,1.26677,0.79633,0.89441,0.95106,1.2777,1.32121,0.62259,1.32253,1.27517,0.81136,1.04759,1.30295,0.6617,1.16895,0.61079,0.96734,1.02619,1.00456,1.19372,0.84395,0.97196,0.98341,1.00975,0.96855,0.97033
0.7,1.35555,0.5592,1.1832,0.07406,0.08881,1.15545,0.21187,1.31133,0.5791,0.76891,1.24609,1.1323,1.08769,0.77969,0.51809,1.3264,0.60585,0.80323,1.18132,1.02248,0.51312,1.29645,0.8111,1.25745,1.05395,0.98091,0.98978,0.8163,1.09887,0.97598,1.02171,0.995,1.05299,1.02273,0.37298,1.31738,0.87399,1.37558,1.37401,0.88394,1.37285,0.57123,1.33735,1.26471,0.80181,0.88819,0.95949,1.26112,1.32297,0.63291,1.31864,1.24528,0.82252,0.98418,1.30618,0.66949,1.17257,0.60987,0.9693,1.03331,1.0079,1.1902,0.91961,1.06026,0.9827,1.00986,0.96821,0.96988
0.72,1.35399,0.54031,1.18027,0.09313,0.09403,1.15034,0.1995,1.3076,0.57511,0.78841,1.24017,1.13484,1.06421,0.82381,0.51557,1.32248,0.63185,0.86579,1.17298,1.06648,0.50642,1.29271,0.81202,1.25396,1.04941,0.9796,0.98803,0.82531,0.996,0.94088,1.0216,0.99506,1.05023,1.02165,0.3859,1.32145,0.87731,1.37401,1.37357,0.88954,1.37381,0.58659,1.33807,1.25509,0.81205,0.88524,0.97214,1.23649,1.32348,0.64968,1.31228,1.20247,0.83512,0.94849,1.30772,0.68131,1.17201,0.6202,0.97218,1.03542,1.00923,1.18441,1.01019,1.12387,0.98279,1.00975,0.97006,0.97136
0.74,1.35101,0.5266,1.1597,0.12103,0.09873,1.14217,0.19291,1.30218,0.5863,0.82217,1.23235,1.1349,1.03206,0.87558,0.51944,1.31636,0.66448,0.92569,1.16343,1.09565,0.50696,1.28749,0.82026,1.24589,1.04352,0.98192,0.98947,0.83779,0.93163,0.91243,1.02047,0.99515,1.04493,1.01951,0.40941,1.32427,0.89885,1.37162,1.37317,0.89815,1.37431,0.60761,1.33601,1.23582,0.82474,0.88517,0.98716,1.19774,1.3227,0.67367,1.30334,1.14034,0.84877,0.92055,1.3076,0.69692,1.16693,0.64315,0.97583,1.03166,1.00813,1.17602,1.12779,1.16186,0.98373,1.00958,0.97355,0.97428
0.76,1.34649,0.5179,1.11062,0.15755,0.10202,1.13098,0.19148,1.29491,0.61292,0.87,1.22358,1.13315,0.99577,0.93578,0.52984,1.30715,0.70175,0.97993,1.15275,1.11478,0.51478,1.28039,0.83395,1.2318,1.03658,0.98807,0.99431,0.85403,0.87563,0.88956,1.01824,0.99518,1.03745,1.01651,0.44249,1.32599,0.93988,1.36829,1.37288,0.90925,1.37441,0.63368,1.33073,1.20082,0.83791,0.88721,1.00622,1.12986,1.32056,0.70558,1.29157,1.04911,0.86311,0.89993,1.30579,0.71663,1.15815,0.68013,0.98001,1.02137,1.00442,1.16436,1.18876,1.18645,0.98557,1.00951,0.97833,0.97834
0.78,1.34021,0.51407,0.99928,0.20282,0.10341,1.11696,0.19451,1.28555,0.65643,0.93179,1.21491,1.13065,0.97492,1.00992,0.54654,1.2934,0.7417,1.04486,1.14114,1.1267,0.52961,1.27056,0.84807,1.20928,1.0291,0.99775,1.00454,0.87444,0.82804,0.87262,1.01482,0.99512,1.02781,1.01272,0.4839,1.32674,1.00118,1.36384,1.37276,0.92218,1.37419,0.66406,1.32082,1.1339,0.84997,0.89009,1.03473,0.9928,1.31697,0.74558,1.27663,0.96618,0.87771,0.88602,1.30227,0.74139,1.14861,0.7322,0.98437,1.00418,0.9991,1.1484,1.22503,1.2021,0.98835,1.00963,0.98425,0.98342
0.8,1.332,0.51512,0.91523,0.25674,0.10281,1.10066,0.20116,1.27392,0.71958,1.01306,1.20746,1.12891,0.95561,1.11289,0.56892,1.27284,0.78207,1.09,1.12905,1.13307,0.55081,1.25638,0.85446,1.17436,1.02188,1.01915,1.02378,0.89944,0.78944,0.86315,1.01015,0.99493,1.01569,1.00808,0.53144,1.32654,1.1086,1.35801,1.37281,0.93598,1.37368,0.69763,1.30265,0.99062,0.85963,0.89208,1.05835,0.89664,1.31188,0.79296,1.25833,0.92474,0.89192,0.87822,1.29698,0.77269,1.14412,0.79951,0.98843,0.99063,0.99507,1.12655,1.24785,1.21005,0.9921,1.01,0.99135,0.98955
0.82,1.32188,0.52123,0.83904,0.31865,0.10046,1.08311,0.21052,1.25989,0.80756,1.12148,1.20258,1.12973,0.93791,1.17213,0.59599,1.24145,0.82036,1.11241,1.11708,1.13483,0.57745,1.23498,0.84441,1.11992,1.01589,1.04224,1.04327,0.92955,0.76054,0.86319,1.00413,0.9946,1.00056,1.00247,0.5816,1.32534,1.17191,1.35045,1.37302,0.94953,1.37295,0.73299,1.26527,0.88813,0.86565,0.89115,1.07801,0.81467,1.30522,0.84613,1.23695,0.90062,0.90509,0.87601,1.28988,0.81221,1.15113,0.88092,0.99171,0.97822,0.99058,1.09617,1.26214,1.21002,0.99682,1.01063,0.9997,0.99683
0.84,1.31032,0.53269,0.77596,0.38745,0.09669,1.06561,0.22168,1.24332,0.93109,1.18136,1.2018,1.13474,0.92167,1.20989,0.62687,1.19098,0.85435,1.1207,1.10576,1.13255,0.60865,1.2009,0.81345,1.03163,1.0119,1.06272,1.06116,0.96558,0.74154,0.87443,0.99832,0.99413,0.99134,0.99793,0.63004,1.32303,1.21031,1.34076,1.37334,0.96188,1.37207,0.76892,1.15552,0.8022,0.86659,0.88535,1.09455,0.74545,1.29687,0.90321,1.21348,0.89098,0.91679,0.87887,1.28085,0.86123,1.17114,0.97428,0.99385,0.96601,0.98603,1.05229,1.27049,1.20052,1.00506,1.01155,1.01776,1.01033
0.86,1.29831,0.5498,0.72744,0.46202,0.09188,1.04945,0.23386,1.2238,1.13678,1.21842,1.20663,1.14484,0.9068,1.23577,0.66097,1.10061,0.88255,1.11898,1.0952,1.12656,0.64377,1.1431,0.76449,0.95424,1.01022,1.07975,1.07649,1.01653,0.73197,0.8975,0.99391,0.9935,0.98158,0.99425,0.67253,1.31943,1.23406,1.32829,1.37375,0.97237,1.37108,0.80485,0.83989,0.73113,0.86067,0.87316,1.10861,0.68695,1.28655,0.96269,1.18964,0.89301,0.92709,0.88619,1.26964,0.91965,1.19861,1.10627,0.99473,0.95487,0.98176,0.9927,1.27443,1.17841,1.01784,1.01275,1.03622,1.0275
0.88,1.28739,0.57278,0.69313,0.54145,0.08639,1.03566,0.24631,1.20036,1.24282,1.24316,1.21788,1.15981,0.89331,1.25449,0.69795,0.96093,0.90439,1.10996,1.08498,1.1172,0.68222,1.0373,0.70673,0.90242,1.01059,1.09312,1.08884,1.0894,0.7308,0.93153,0.98888,0.99272,0.97144,0.99036,0.70571,1.31429,1.24855,1.31204,1.37421,0.98071,1.37004,0.84091,0.61517,0.67254,0.84594,0.85373,1.12055,0.63722,1.2738,1.04124,1.16756,0.9034,0.93656,0.89719,1.25587,0.9844,1.2258,1.17824,0.99454,0.94542,0.97804,0.95275,1.2749,1.13742,1.03155,1.01423,1.05386,1.04415
0.9,1.27926,0.60161,0.67229,0.62499,0.08065,1.0249,0.25822,1.17112,1.29284,1.26052,1.23488,1.17838,0.88153,1.26852,0.73741,0.8744,0.9201,1.09648,1.07413,1.1049,0.72321,0.94261,0.6516,0.86199,1.01225,1.10279,1.09793,1.14281,0.73658,0.97365,0.98328,0.99181,0.96158,0.98654,0.72766,1.30728,1.25658,1.29037,1.37469,0.98685,1.36902,0.87777,0.44292,0.62439,0.82073,0.82703,1.1304,0.59486,1.25799,1.11346,1.14921,0.91804,0.9461,0.91083,1.23912,1.07483,1.24768,1.21612,0.99366,0.93814,0.97511,0.91175,1.27255,1.06526,1.04579,1.01596,1.06967,1.05924
0.92,1.27503,0.63609,0.66413,0.71176,0.07518,1.0174,0.26889,1.13254,1.32145,1.27305,1.25525,1.19866,0.87211,1.27925,0.77882,0.80579,0.93049,1.08235,1.06129,1.09033,0.76564,0.89128,0.60849,0.83286,1.0142,1.10876,1.10358,1.18268,0.74749,1.03439,0.97728,0.99079,0.95278,0.98308,0.73827,1.29795,1.25957,1.26047,1.37514,0.99096,1.36808,0.9164,0.3093,0.58517,0.78471,0.79401,1.13791,0.55897,1.23827,1.15745,1.13567,0.93239,0.95677,0.92594,1.219,1.12495,1.26259,1.23733,0.99262,0.93346,0.97322,0.87079,1.26795,0.97327,1.06,1.01785,1.08279,1.07188
0.94,1.27459,0.67621,0.66781,0.80032,0.07069,1.01299,0.278,1.07801,1.3395,1.28216,1.27579,1.21868,0.86609,1.28754,0.82142,0.75132,0.93675,1.07178,1.045,1.07425,0.80836,0.8685,0.58299,0.81466,1.0156,1.11101,1.10567,1.21284,0.76149,1.09166,0.97113,0.98978,0.94567,0.98025,0.73935,1.28554,1.25823,1.21753,1.37551,0.99332,1.36726,0.95778,0.20566,0.55389,0.7398,0.75657,1.14255,0.52887,1.21357,1.18644,1.12692,0.94251,0.96942,0.94142,1.19512,1.14357,1.27063,1.24868,0.99187,0.93164,0.97249,0.83098,1.2617,0.91901,1.07354,1.01974,1.09277,1.08159
0.96,1.27664,0.72227,0.68218,0.88747,0.06816,1.01116,0.28582,0.9973,1.35146,1.28863,1.29394,1.23685,0.86502,1.29391,0.86407,0.70847,0.94012,1.06792,1.02396,1.05739,0.85027,0.87353,0.57791,0.8067,1.01591,1.10955,1.10413,1.2358,0.77621,1.12533,0.96524,0.98892,0.94062,0.97821,0.73429,1.2687,1.25284,1.15368,1.37572,0.99429,1.36655,1.00481,0.12616,0.53011,0.69023,0.71748,1.14337,0.50416,1.18272,1.20634,1.12199,0.94608,0.98445,0.95644,1.16713,1.13962,1.27218,1.25326,0.9917,0.93282,0.97303,0.79343,1.25465,0.87961,1.08566,1.02132,1.09955,1.08828
0.98,1.27926,0.77468,0.70536,0.96624,0.06891,1.01118,0.29327,0.94868,1.35952,1.29279,1.30835,1.25205,0.87103,1.29864,0.90477,0.67595,0.94185,1.07135,0.99873,1.04051,0.8901,0.90377,0.59516,0.80807,1.01492,1.10429,1.09888,1.25314,0.78885,1.14365,0.96017,0.98846,0.93777,0.977,0.72767,1.24506,1.24358,1.05981,1.37566,0.99427,1.36585,1.07746,0.06677,0.51405,0.64175,0.68022,1.13875,0.48483,1.14518,1.22002,1.11941,0.94291,1.00311,0.97038,1.13504,1.11388,1.26686,1.25249,0.99224,0.93698,0.9748,0.75952,1.24816,0.85512,1.09546,1.02217,1.10327,1.09211
1,1.28041,0.83354,0.73426,1.04259,0.07476,1.01224,0.30184,0.90602,1.36484,1.29465,1.31869,1.26359,0.88697,1.30182,0.94026,0.65355,0.94303,1.07998,0.98446,1.02449,0.92611,0.95401,0.63727,0.81773,1.0127,1.09511,1.08986,1.26578,0.79616,1.15088,0.95671,0.98871,0.93709,0.9766,0.72468,1.21039,1.23097,0.97624,1.37518,0.99372,1.36504,1.12508,0.02459,0.50666,0.60038,0.64859,1.12592,0.47133,1.10315,1.22882,1.11763,0.93471,1.03538,0.9827,1.0999,1.06182,1.25283,1.24685,0.99342,0.94395,0.97771,0.73095,1.24421,0.84478,1.10184,1.02171,1.10414,1.09336
1.02,1.27825,0.8983,0.76464,1.07327,0.08807,1.01358,0.31329,0.87097,1.36813,1.29398,1.32519,1.27121,0.91618,1.30342,0.96665,0.6416,0.94454,1.09048,0.97134,1.0102,0.95636,1.02845,0.70859,0.83458,1.00953,1.08169,1.07687,1.27433,0.79509,1.1491,0.95586,0.99005,0.93846,0.97693,0.73026,1.15643,1.21624,0.95597,1.37407,0.99301,1.36392,1.15651,0,0.50936,0.5708,0.62592,1.09985,0.46439,1.06387,1.23332,1.11532,0.92425,1.06125,0.993,1.06442,0.98835,1.225,1.23618,0.9951,0.95354,0.98165,0.70942,1.2448,0.84736,1.10338,1.01923,1.10238,1.09234
1.04,1.27087,0.96759,0.79195,1.04072,0.11198,1.01462,0.32932,0.84428,1.36984,1.29037,1.32835,1.27491,0.96211,1.30336,0.98116,0.64026,0.94703,1.10007,0.96043,0.99921,0.9795,1.10582,0.81683,0.85764,1.00576,1.06332,1.05943,1.27919,0.78398,1.13929,0.95871,0.99292,0.94162,0.97785,0.74823,1.06493,1.20148,0.97738,1.37202,0.99246,1.36231,1.17696,0,0.52348,0.5553,0.61429,1.05067,0.46466,1.03839,1.23381,1.11143,0.91423,1.08044,1.00212,1.03255,0.94698,1.16906,1.21956,0.99706,0.96564,0.98649,0.69626,1.25071,0.86117,1.09817,1.01385,1.09823,1.08944
1.06,1.25576,1.06332,0.81227,0.95731,0.15088,1.015,0.35124,0.82541,1.37024,1.28325,1.32865,1.27487,1.04773,1.30153,0.98361,0.6491,0.95087,1.10711,0.95239,0.99493,0.99542,1.14301,0.97463,0.88601,1.00175,1.03867,1.03662,1.28061,0.76334,1.12222,0.96652,0.99774,0.94623,0.97916,0.78077,0.95751,1.18942,1.07317,1.36848,0.99226,1.36001,1.18991,0,0.54999,0.55379,0.61445,0.98014,0.47256,1.03377,1.23051,1.10524,0.90657,1.09344,1.01323,1.00768,0.91972,1.03275,1.19504,0.99912,0.98023,0.99216,0.69227,1.26084,0.88353,1.08309,1.00451,1.09201,1.08519
1.08,1.22879,1.13209,0.82301,0.864,0.21142,1.01462,0.37971,0.81289,1.36946,1.27189,1.32656,1.27116,1.13783,1.29783,0.97685,0.66681,0.95613,1.11078,0.94751,0.99222,1.01043,1.15376,1.18606,0.91857,0.99894,1.00561,1.00698,1.27854,0.73588,1.09989,0.98065,1.0096,0.95177,0.98063,0.8278,0.8941,1.18264,1.17385,1.36244,0.99246,1.35682,1.19792,0,0.58897,0.56417,0.62605,0.92611,0.48819,1.0463,1.22367,1.09639,0.90247,1.1009,1.01998,0.99546,0.91057,0.88996,1.15934,1.00213,0.99734,0.99861,0.69805,1.27284,0.90998,1.05215,0.99506,1.08424,1.08034
1.1,1.1829,1.1679,0.82312,0.76172,0.30428,1.01358,0.41438,0.80462,1.36751,1.25548,1.32275,1.26386,1.19401,1.29209,0.96602,0.69101,0.96255,1.11075,0.94582,0.99084,1.02209,1.13881,1.25978,0.95372,0.99731,0.98242,0.98557,1.27252,0.70583,1.07741,1.00523,1.0274,0.95759,0.98193,0.886,0.85018,1.18257,1.23824,1.35166,0.99301,1.3526,1.20297,0.00248,0.63905,0.58229,0.64783,0.8732,0.51136,1.06492,1.21383,1.08496,0.9025,1.1034,1.02334,0.99012,0.92313,0.78559,1.10718,1.00536,1.03084,1.0111,0.71413,1.28436,0.93385,0.99597,0.98534,1.07573,1.07591
1.12,1.10631,1.18407,0.81291,0.66491,0.44848,1.01213,0.45389,0.79839,1.36427,1.23333,1.31823,1.25295,1.2292,1.28409,0.95687,0.71861,0.96957,1.10694,0.94714,0.99052,1.03221,1.08136,1.29274,0.98925,0.99617,0.96101,0.96699,1.26136,0.67749,1.06327,1.05726,1.04795,0.96303,0.98278,0.9485,0.82691,1.18903,1.27775,1.32986,0.99377,1.3473,1.20665,0.02925,0.69709,0.60237,0.67787,0.82634,0.54164,1.07939,1.20183,1.07158,0.90676,1.10144,1.02412,0.98526,0.96192,0.70647,1.03056,1.0076,1.06339,1.02483,0.74136,1.29394,0.94765,0.95087,0.9731,1.06743,1.07294
1.14,0.99143,1.18516,0.79356,0.58114,0.68326,1.01052,0.49642,0.79252,1.35947,1.20503,1.31433,1.2383,1.2512,1.27347,0.95403,0.74683,0.97642,1.09953,0.95101,0.99094,1.04596,0.9584,1.3096,1.04016,0.9956,0.93927,0.94838,1.24243,0.65408,1.06445,1.10707,1.06998,0.9677,0.98305,1.01237,0.82526,1.20056,1.30244,1.27001,0.99462,1.34087,1.21003,0.06716,0.75883,0.61862,0.71411,0.78863,0.57869,1.08368,1.18863,1.05754,0.91481,1.09557,1.0231,0.97827,1.05659,0.65124,0.96677,1.0087,1.09192,1.03801,0.78111,1.30106,0.94653,0.89701,0.95858,1.06001,1.072
1.16,0.9363,1.17116,0.76664,0.51289,1.13029,1.00896,0.54024,0.78628,1.35258,1.17061,1.31223,1.2196,1.26459,1.25961,0.96015,0.77423,0.98214,1.08917,0.95663,0.99177,1.06645,0.84527,1.31825,1.07953,0.9956,0.91798,0.93035,1.20975,0.63743,1.08002,1.15112,1.09203,0.97169,0.98281,1.07935,0.84568,1.21521,1.3183,0.90992,0.99543,1.33332,1.21355,0.1182,0.81989,0.62698,0.7547,0.76132,0.62231,1.07433,1.17479,1.04499,0.92559,1.08671,1.02109,0.96693,1.16073,0.61724,0.92829,1.0087,1.11627,1.05026,0.8355,1.30575,0.93121,0.83722,0.94236,1.05345,1.07282
1.18,0.90722,1.13761,0.73404,0.46059,1.29647,1.00761,0.58386,0.77997,1.34271,1.13093,1.31239,1.19645,1.27191,1.24165,0.97594,0.80122,0.98554,1.07735,0.96274,0.99261,1.09408,0.72862,1.32182,1.10305,0.99604,0.89819,0.91371,1.14784,0.62844,1.10135,1.18779,1.11259,0.9756,0.98242,1.10779,0.88792,1.23107,1.32855,0.59936,0.99613,1.32467,1.21699,0.18529,0.87639,0.62633,0.79782,0.74463,0.67209,1.04792,1.16006,1.03713,0.93724,1.07654,1.01903,0.94963,1.22666,0.60185,0.90183,1.00786,1.13629,1.06114,0.90715,1.30817,0.90833,0.77531,0.92544,1.0468,1.07421
1.2,0.89972,1.07238,0.69785,0.4243,1.33266,1.00659,0.62592,0.77488,1.32842,1.08815,1.31436,1.16868,1.27449,1.2186,1.00082,0.83005,0.9853,1.06685,0.96771,0.99304,1.12673,0.62018,1.32155,1.11424,0.99664,0.88134,0.89952,1.00251,0.62759,1.11827,1.21691,1.13032,0.98043,0.9824,1.11452,0.95037,1.24666,1.33488,0.43249,0.99666,1.31497,1.21972,0.27135,0.92529,0.61847,0.84135,0.73843,0.72693,0.99955,1.14297,1.03769,0.94706,1.06785,1.01797,0.92548,1.26834,0.60303,0.88816,1.00668,1.15167,1.07011,0.99893,1.30839,0.88843,0.71544,0.90922,1.03831,1.07426
1.22,0.90969,0.97573,0.6601,0.40426,1.3473,1.00596,0.66532,0.77267,1.3076,1.04576,1.31717,1.13675,1.27279,1.18954,1.05317,0.86406,0.98037,1.06117,0.96983,0.99266,1.16111,0.52644,1.31775,1.11406,0.99698,0.86912,0.88904,0.88725,0.63533,1.12303,1.2392,1.14429,0.98725,0.98337,1.10553,1.0504,1.26103,1.33814,0.33719,0.99698,1.30438,1.22088,0.37803,0.96478,0.60689,0.88299,0.74255,0.78479,0.96678,1.12073,1.04895,0.95218,1.06402,1.0189,0.89431,1.29524,0.61935,0.88838,1.00602,1.16197,1.07656,1.13755,1.30632,0.88252,0.66118,0.8952,1.02568,1.07085
1.24,0.934,0.91222,0.62241,0.40089,1.35414,1.0058,0.70157,0.77476,1.27708,1.008,1.3199,1.1018,1.2666,1.15379,1.09628,0.90648,0.97062,1.06285,0.96794,0.99121,1.19424,0.44928,1.31002,1.10142,0.99635,0.86337,0.8835,0.78841,0.65239,1.10887,1.25577,1.15406,0.99684,0.98577,1.08175,1.14162,1.27377,1.33868,0.28446,0.99707,1.29302,1.21979,0.50418,0.99431,0.59508,0.92071,0.75687,0.84297,0.93309,1.08925,1.0695,0.95068,1.06743,1.02246,0.8566,1.31306,0.64969,0.90375,1.00724,1.1666,1.07991,1.20678,1.30155,0.8997,0.61487,0.88465,1.00665,1.06214
1.26,0.9707,0.85975,0.58607,0.41508,1.35696,1.00612,0.735,0.78184,1.23219,0.98988,1.32203,1.06551,1.25501,1.11135,1.13038,0.95914,0.95726,1.0718,0.96189,0.9886,1.22414,0.38805,1.29735,1.07266,0.99379,0.8661,0.88409,0.70478,0.67996,1.06396,1.26767,1.15954,1.01753,0.98971,1.0399,1.19105,1.28478,1.3364,0.2608,0.9969,1.28082,1.21598,0.64461,1.02665,0.58556,0.95333,0.78124,0.89844,0.90056,1.04298,1.09445,0.94249,1.07799,1.0287,0.81341,1.3251,0.69262,0.93549,1.0122,1.16442,1.07955,1.24695,1.29315,0.94699,0.57786,0.87844,0.9903,1.04681
1.28,1.03363,0.82083,0.55225,0.44846,1.35707,1.00695,0.76672,0.79379,1.16666,0.98172,1.32328,1.02961,1.2362,1.06409,1.15727,1.03741,0.94287,1.08515,0.95264,0.98499,1.24979,0.34167,1.27822,1.0195,0.98802,0.87972,0.89201,0.63604,0.71969,0.97994,1.2756,1.16069,1.04152,0.99494,0.98656,1.21879,1.29406,1.33073,0.25989,0.99647,1.2673,1.20931,0.78939,1.04593,0.57983,0.98055,0.81518,0.94776,0.87005,0.98832,1.11787,0.92962,1.09305,1.03703,0.76651,1.33323,0.74515,0.98453,1.02296,1.15307,1.07474,1.27221,1.27924,1.05147,0.5512,0.87712,0.97575,1.02439
1.3,1.10651,0.79727,0.52219,0.50375,1.35474,1.00826,0.79832,0.80963,1.07414,0.97798,1.3235,0.99773,1.207,1.0178,1.17874,1.11549,0.93108,1.09873,0.9421,0.98076,1.27094,0.30944,1.25153,0.96849,0.97765,0.90752,0.90873,0.58211,0.7737,0.91127,1.27983,1.15727,1.06236,1.00157,0.94838,1.23296,1.30162,1.3202,0.27947,0.99579,1.25146,1.19993,0.92482,1.0542,0.57881,1.00553,0.85747,0.98686,0.84177,0.95519,1.13487,0.91566,1.1088,1.04639,0.71819,1.33843,0.80119,1.07907,1.04112,1.12714,1.06431,1.28858,1.25589,1.16322,0.53624,0.88104,0.96174,0.99798
1.32,1.15745,0.79059,0.49697,0.5854,1.34959,1.01002,0.83168,0.82782,0.97972,0.97732,1.32253,0.98344,1.16161,0.99198,1.19614,1.15858,0.92561,1.10891,0.93249,0.9764,1.28794,0.29102,1.21885,0.92422,0.96128,0.95477,0.93664,0.54285,0.84486,0.8431,1.28026,1.14878,1.07767,1.01231,0.9104,1.23668,1.30753,1.30134,0.3202,0.99488,1.23139,1.18832,1.06111,1.05561,0.5833,1.03752,0.90623,1.02174,0.81573,0.92897,1.14218,0.90456,1.12203,1.05562,0.67066,1.34127,0.8519,1.15208,1.06694,1.072,1.04604,1.299,1.21341,1.22529,0.53468,0.89042,0.95052,0.98395
1.34,1.19326,0.80192,0.47718,0.70104,1.34027,1.01213,0.86879,0.84678,0.94135,0.9787,1.31999,0.97204,1.08785,0.9871,1.21028,1.18048,0.92922,1.11364,0.92557,0.97237,1.30148,0.28595,1.18706,0.88036,0.93787,1.05223,0.97998,0.51755,0.93728,0.7822,1.27642,1.13437,1.08615,1.02048,0.87468,1.2303,1.31191,1.26469,0.38564,0.99377,1.20361,1.17515,1.13976,1.05264,0.59471,1.05996,0.9594,1.03397,0.79209,0.91227,1.1374,0.89922,1.13094,1.06376,0.62545,1.34203,0.88895,1.20034,1.09889,0.97241,1.01529,1.30515,1.12003,1.26148,0.54835,0.90527,0.94392,0.97296
1.36,1.21831,0.83179,0.46291,0.86332,1.32351,1.01445,0.91156,0.86531,0.92225,0.98127,1.31508,0.96266,0.98004,0.99475,1.22155,1.18778,0.9431,1.11224,0.92225,0.96906,1.31228,0.29349,1.16571,0.8386,0.90703,1.16253,1.07305,0.5049,1.08566,0.73191,1.26725,1.1128,1.08729,1.02539,0.84313,1.21158,1.31495,1.1744,0.48243,0.99255,1.16117,1.16108,1.16783,1.04695,0.61557,1.07668,1.02804,1.01446,0.77139,0.90605,1.11752,0.90081,1.13505,1.07021,0.5834,1.34089,0.90911,1.23346,1.13398,0.88291,0.98275,1.30807,0.93258,1.28349,0.57922,0.92526,0.94301,0.96622
1.38,1.23508,0.87954,0.45395,1.11978,1.29072,1.01675,0.96131,0.88261,0.91607,0.98441,1.30608,0.95492,0.91379,1.02757,1.22995,1.18334,0.96666,1.10518,0.92255,0.96675,1.32089,0.31232,1.15659,0.79991,0.86921,1.23328,1.16014,0.50331,1.19049,0.69368,1.25081,1.08263,1.08082,1.02677,0.8179,1.17433,1.3168,0.91851,0.6197,0.99132,1.08844,1.14672,1.1758,1.03978,0.65006,1.08945,1.10213,0.97923,0.75477,0.90987,1.07725,0.9087,1.13468,1.07459,0.54511,1.33798,0.91682,1.257,1.16889,0.78072,0.94975,1.30843,0.79883,1.29701,0.62934,0.9495,0.9481,0.9643
1.4,1.24474,0.94237,0.45005,1.24419,1.21319,1.01873,1.03319,0.89817,0.91843,0.98767,1.28904,0.94887,0.85869,1.07493,1.23514,1.16792,0.99737,1.09398,0.9258,0.96567,1.32771,0.33997,1.14863,0.76502,0.82587,1.27956,1.22271,0.51092,1.24334,0.66833,1.22337,1.04281,1.06635,1.02461,0.80149,1.104,1.31759,0.74309,0.80512,0.99025,0.9747,1.13264,1.17281,1.03204,0.70472,1.09884,1.1481,0.93739,0.74391,0.92218,1.00723,0.92065,1.13064,1.07659,0.51125,1.33351,0.92315,1.27413,1.20094,0.6718,0.90848,1.30669,0.68949,1.30479,0.70055,0.97627,0.95889,0.9673
1.42,1.24751,1.02733,0.45095,1.28831,0.96648,1.02008,1.11132,0.91177,0.92612,0.99076,1.25293,0.94488,0.81345,1.12132,1.23664,1.14065,1.05293,1.0813,0.93092,0.96599,1.333,0.37267,1.12233,0.73452,0.77931,1.31036,1.26699,0.52585,1.27384,0.65641,1.17736,0.99676,1.04329,1.01903,0.79648,0.98311,1.31741,0.62378,1.05868,0.98951,0.89848,1.11933,1.16257,1.02446,0.7892,1.10479,1.17862,0.88651,0.74069,0.9408,0.95863,0.93341,1.12408,1.07599,0.4824,1.32788,0.94189,1.28671,1.22853,0.56332,0.85953,1.30317,0.60285,1.30818,0.79427,1.00643,0.97461,0.97493
1.44,1.24273,1.11829,0.45646,1.30921,0.80203,1.0206,1.16134,0.92343,0.93674,0.99349,1.15111,0.94326,0.7768,1.16186,1.23388,1.09866,1.09343,1.07027,0.93685,0.96779,1.33701,0.40599,1.0381,0.7089,0.73253,1.3311,1.29799,0.54634,1.2927,0.65806,1.09456,0.97305,1.01067,1.01035,0.80502,0.90873,1.31628,0.54464,1.21502,0.98923,0.83168,1.10707,1.14706,1.01753,0.9171,1.10715,1.19972,0.83089,0.74659,0.96362,0.9198,0.94391,1.11616,1.07261,0.45888,1.32174,0.98564,1.29592,1.25109,0.46225,0.80493,1.29812,0.53635,1.30772,0.91172,1.0487,0.99418,0.98656
1.46,1.22826,1.16621,0.46632,1.32002,0.71924,1.02019,1.19524,0.93342,0.94852,0.99576,0.8771,0.94415,0.74764,1.19526,1.22618,1.03538,1.12031,1.06343,0.94281,0.97101,1.33993,0.43613,0.91638,0.68856,0.68902,1.34513,1.31951,0.57091,1.30468,0.67281,0.96715,0.95397,0.98515,0.99955,0.82862,0.85247,1.31423,0.49517,1.25602,0.98945,0.77429,1.0959,1.12766,1.01157,1.13204,1.10586,1.21463,0.77424,0.76237,0.98901,0.88954,0.95016,1.10779,1.06643,0.44075,1.31578,1.0941,1.30249,1.26859,0.37409,0.74814,1.29167,0.48735,1.30348,1.08182,1.07749,1.02966,1.00229
1.48,1.19905,1.19298,0.48019,1.32521,0.68843,1.01892,1.21901,0.94211,0.9602,0.99756,0.69111,0.94745,0.72519,1.22181,1.21268,0.97314,1.13742,1.06175,0.94837,0.97542,1.34189,0.46093,0.7995,0.67413,0.65276,1.35453,1.33428,0.59814,1.31206,0.69924,0.888,0.93945,0.96557,0.99344,0.86795,0.81299,1.31126,0.46883,1.26811,0.99015,0.72604,1.08561,1.1057,1.00673,1.23762,1.10099,1.22515,0.71982,0.78783,1.02904,0.86798,0.95166,1.09961,1.05763,0.42808,1.31057,1.17944,1.30682,1.28117,0.30253,0.69357,1.28398,0.45397,1.29518,1.19312,1.09689,1.06342,1.03108
1.5,1.14279,1.20771,0.49747,1.32649,0.69333,1.01698,1.23581,0.94994,0.97092,0.99891,0.56697,0.95286,0.70913,1.24225,1.19237,0.93036,1.14769,1.06443,0.95338,0.98061,1.34295,0.48048,0.69231,0.66654,0.62811,1.36059,1.34416,0.62647,1.31591,0.73443,0.82727,0.92892,0.94884,0.98791,0.92262,0.78802,1.30742,0.46202,1.26628,0.99119,0.68685,1.07586,1.08261,1.00302,1.28004,1.09271,1.23221,0.67052,0.82165,1.06937,0.85406,0.94926,1.09188,1.04671,0.42109,1.30624,1.23187,1.30898,1.28886,0.24965,0.64594,1.27531,0.4355,1.28251,1.24095,1.10981,1.08838,1.05397
1.52,1.02269,1.21482,0.51746,1.32434,0.72397,1.01468,1.24751,0.95737,0.98018,0.99987,0.49536,0.95997,0.69945,1.25748,1.16414,0.89172,1.1533,1.06955,0.95789,0.98612,1.34309,0.4969,0.60863,0.66696,0.61906,1.36408,1.35039,0.65433,1.31661,0.77393,0.78447,0.92164,0.93691,0.98388,0.99116,0.77499,1.30276,0.47339,1.25404,0.99243,0.6566,1.06616,1.0599,1.00037,1.29887,1.08121,1.23629,0.62859,0.86142,1.10072,0.84609,0.94458,1.08464,1.03446,0.42014,1.30246,1.26254,1.30886,1.29153,0.21634,0.6094,1.26603,0.43208,1.2655,1.26499,1.11822,1.10437,1.06903
1.54,0.91412,1.21688,0.53958,1.31829,0.7756,1.01226,1.25537,0.9649,0.98778,1.00099,0.46898,0.96847,0.6961,1.26838,1.1268,0.85723,1.15592,1.0752,0.96203,0.99151,1.34227,0.51344,0.55423,0.67645,0.62857,1.3654,1.35375,0.68068,1.31411,0.81244,0.75862,0.91696,0.9312,0.98208,1.10139,0.77108,1.29732,0.50356,1.22972,0.99371,0.63471,1.05583,1.03898,0.99931,1.30504,1.06648,1.23767,0.59531,0.90426,1.12539,0.8423,0.93929,1.07775,1.02172,0.42562,1.29848,1.27911,1.30614,1.28872,0.20311,0.58705,1.25646,0.44426,1.24512,1.27693,1.12343,1.11156,1.07537
1.56,0.83003,1.21589,0.56357,1.30674,0.85026,1.00994,1.2604,0.97312,0.9937,1.00171,0.48429,0.97819,0.69881,1.27568,1.07927,0.82687,1.15681,1.08018,0.96591,0.9965,1.3404,0.5337,0.53156,0.69578,0.6583,1.36455,1.35453,0.70542,1.30801,0.84489,0.74827,0.91443,0.93242,0.98289,1.16752,0.77297,1.29104,0.55506,1.18302,0.99492,0.61996,1.04396,1.021,0.9988,1.30151,1.04815,1.23656,0.57128,0.94725,1.14493,0.84099,0.93451,1.07105,1.00921,0.4378,1.29339,1.28538,1.30023,1.27935,0.21161,0.58154,1.24669,0.4726,1.224,1.28127,1.12619,1.11005,1.07255
1.58,0.76018,1.21403,0.58941,1.28571,0.96044,1.00786,1.26347,0.98258,0.99808,1.00204,0.54214,0.98909,0.70702,1.27984,1.02176,0.80088,1.15705,1.08394,0.96958,1.00187,1.33737,0.56137,0.54506,0.7252,0.70811,1.36089,1.3524,0.72957,1.29761,0.86708,0.75166,0.9139,0.94062,0.98632,1.20785,0.77648,1.28381,0.63237,1.06773,0.996,0.61066,1.02943,1.00663,0.99856,1.28695,1.02544,1.23311,0.55692,0.98734,1.16025,0.84064,0.93082,1.06448,0.99874,0.4567,1.28599,1.28169,1.29019,1.26127,0.24684,0.59627,1.2363,0.51698,1.20682,1.27988,1.12675,1.09955,1.06007
1.6,0.70406,1.21398,0.61719,1.24471,1.15406,1.00608,1.26538,0.99382,1.00222,1.0021,0.64664,1.00235,0.71987,1.28097,0.98142,0.77992,1.15758,1.08643,0.973,1.00926,1.33307,0.60047,0.60655,0.76431,0.77485,1.35222,1.3458,0.75518,1.28202,0.87624,0.76676,0.91551,0.95529,0.99205,1.23382,0.77656,1.27542,0.74197,0.88548,0.99692,0.60476,1.01088,0.99805,0.99852,1.25454,0.99854,1.22752,0.55292,1.03791,1.17178,0.83987,0.92835,1.05816,0.99366,0.48202,1.27458,1.26322,1.27444,1.23088,0.32126,0.63687,1.22426,0.57543,1.19892,1.27335,1.12501,1.07914,1.03712
1.62,0.66089,1.21829,0.64712,1.14568,1.25285,1.00465,1.26685,1.01391,1.00604,1.00197,0.80312,1.02686,0.73628,1.27884,0.96118,0.76486,1.15905,1.08788,0.97606,1.0152,1.32731,0.65611,0.74466,0.81231,0.85161,1.33053,1.32959,0.78497,1.26061,0.87135,0.79133,0.91947,0.9756,0.99958,1.25087,0.76838,1.26558,0.89303,0.72677,0.99765,0.60016,0.99355,0.99466,0.99861,1.1827,0.98246,1.22005,0.5604,1.0727,1.17965,0.83769,0.92689,1.05232,0.98946,0.51332,1.25603,1.20851,1.25005,1.18279,0.4654,0.71271,1.2087,0.64318,1.20319,1.26152,1.12066,1.0468,1.00214
1.64,0.62955,1.22792,0.67973,0.91501,1.30306,1.00358,1.26846,1.04089,1.00818,1.00174,1.02777,1.05028,0.75515,1.2728,0.95081,0.75653,1.1616,1.08859,0.97864,1.01986,1.31972,0.73601,1.05567,0.86885,0.92945,1.2403,1.28008,0.82205,1.23361,0.85316,0.82315,0.92588,1.00154,1.0161,1.26195,0.7491,1.25377,1.12617,0.57433,0.9982,0.59505,0.97981,0.99273,0.99878,0.98922,0.96542,1.21094,0.58094,1.08841,1.18385,0.83386,0.92618,1.04726,0.9861,0.55061,1.22326,0.97807,1.21047,1.10918,0.76709,0.83933,1.18654,0.71291,1.21789,1.24354,1.11337,0.99917,0.97889
1.66,0.60868,1.24154,0.7159,0.7613,1.33177,1.00283,1.27059,1.06729,1.00917,1.00145,1.21414,1.07271,0.77546,1.26154,0.94965,0.75559,1.16472,1.08883,0.98064,1.02338,1.30949,0.85314,1.27944,0.93483,1.00245,0.67097,0.903,0.86953,1.20315,0.8239,0.85999,0.93452,1.05158,1.03312,1.26881,0.71922,1.23912,1.23844,0.43765,0.99858,0.5882,0.96456,0.99183,0.99898,0.851,0.94731,1.20044,0.61654,1.09009,1.18432,0.8291,0.92593,1.04326,0.98352,0.59482,1.1551,0.74217,1.13737,0.99876,1.26878,1.06793,1.15238,0.77622,1.23814,1.21771,1.10305,0.96916,0.95539
1.68,0.59696,1.25642,0.7567,0.64984,1.34922,1.00235,1.27336,1.09209,1.00944,1.00115,1.26665,1.09416,0.79617,1.2426,0.95645,0.76264,1.16726,1.08881,0.98197,1.02583,1.295,1.05174,1.32933,1.02376,1.09527,0.36938,0.53052,0.93012,1.17406,0.78698,0.89921,0.94471,1.09323,1.04961,1.27248,0.68251,1.22025,1.28271,0.32299,0.99882,0.57909,0.94826,0.99159,0.99919,0.76104,0.92808,1.18892,0.66962,1.08003,1.18078,0.82517,0.92595,1.04055,0.9817,0.64803,0.97758,0.56633,0.98099,0.93982,1.33949,1.23451,1.09554,0.82552,1.25907,1.18171,1.09009,0.93819,0.93133
1.7,0.59325,1.26997,0.80316,0.5717,1.3602,1.00211,1.27668,1.11425,1.0093,1.00087,1.28833,1.1144,0.81603,1.21111,0.96941,0.77831,1.16757,1.08863,0.98256,1.02722,1.27274,1.22335,1.34905,1.13232,1.14822,0.21844,0.33859,1.01112,1.15294,0.74644,0.93739,0.95525,1.12729,1.06521,1.27362,0.64466,1.19495,1.30483,0.23219,0.99894,0.56788,0.93172,0.99171,0.99939,0.70676,0.90792,1.17702,0.74291,1.05926,1.17264,0.82468,0.92613,1.03935,0.98065,0.71357,0.83057,0.44702,0.8644,0.89103,1.35941,1.28785,0.99515,0.8561,1.27769,1.1336,1.07568,0.90737,0.90731
1.72,0.59671,1.28065,0.85634,0.52126,1.36728,1.00203,1.2803,1.13296,1.00902,1.00061,1.29733,1.13304,0.83377,1.15595,0.98638,0.80318,1.16369,1.08816,0.98247,1.02753,1.23417,1.28561,1.35797,1.19535,1.18811,0.14066,0.23786,1.1251,1.14456,0.70624,0.97048,0.96472,1.15479,1.07967,1.27256,0.61129,1.15946,1.31652,0.16351,0.99898,0.55529,0.91603,0.99197,0.99957,0.67967,0.88734,1.16559,0.83979,1.0284,1.15895,0.83068,0.92661,1.03953,0.98042,0.79634,0.7023,0.37551,0.7608,0.84222,1.36757,1.3107,0.9268,0.86722,1.29282,1.07492,1.06177,0.87772,0.8839
1.74,0.60676,1.28795,0.91766,0.49473,1.37189,1.00207,1.28392,1.1477,1.00875,1.0004,1.299,1.14959,0.84849,1.04445,1.01035,0.83759,1.15337,1.08675,0.98209,1.02682,1.15196,1.31684,1.36145,1.23628,1.22221,0.10625,0.19121,1.18921,1.1489,0.66979,0.99467,0.97191,1.17674,1.09275,1.26942,0.58639,1.10617,1.32202,0.11342,0.99896,0.54227,0.90235,0.99221,0.99972,0.67427,0.86718,1.15547,0.9653,0.99413,1.13824,0.84599,0.92802,1.04031,0.98095,0.90328,0.59348,0.34357,0.66878,0.78809,1.37083,1.32032,0.86292,0.86153,1.30437,1.01571,1.05054,0.85014,0.86165
1.76,0.62311,1.29186,0.98912,0.48959,1.37488,1.00219,1.28724,1.15807,1.00857,1.00023,1.29503,1.16344,0.85995,0.92306,1.04318,0.88108,1.13368,1.08313,0.98222,1.0253,0.95198,1.33501,1.36121,1.26442,1.25093,0.10287,0.18239,1.22957,1.16181,0.63989,1.01411,0.97622,1.19399,1.10422,1.26411,0.57226,1.01728,1.32305,0.07838,0.9989,0.52997,0.89194,0.99238,0.99984,0.68688,0.84875,1.14717,1.14711,0.97364,1.10863,0.87287,0.93162,1.04004,0.98209,1.06996,0.50341,0.34585,0.58832,0.72951,1.37114,1.32208,0.80436,0.84373,1.31261,0.98893,1.04351,0.82546,0.84127
1.78,0.6456,1.29239,1.10286,0.50443,1.3767,1.00235,1.28993,1.16348,1.00845,1.0001,1.2856,1.17381,0.8686,0.83442,1.06919,0.93152,1.09996,1.07512,0.98413,1.02337,0.80403,1.34638,1.35745,1.28414,1.27328,0.12647,0.20521,1.25691,1.17799,0.6193,1.01469,0.97774,1.20704,1.11372,1.2564,0.57032,0.94533,1.32006,0.05596,0.99882,0.51976,0.88621,0.99249,0.99993,0.71437,0.8339,1.14063,1.22956,0.95509,1.06837,0.91283,0.93937,1.03607,0.98352,1.19773,0.4313,0.38009,0.52043,0.67215,1.36894,1.31749,0.75137,0.81939,1.31776,0.98846,1.04096,0.80469,0.82373
1.8,0.67402,1.28922,1.17259,0.53889,1.37756,1.00254,1.29162,1.1629,1.00829,1.00001,1.27018,1.17973,0.87549,0.75944,1.08927,0.98411,1.04375,1.05926,0.98949,1.02161,0.68754,1.35363,1.34926,1.29772,1.28894,0.17746,0.25864,1.2763,1.19326,0.61117,0.99647,0.97717,1.216,1.12069,1.24592,0.58186,0.88572,1.31263,0.04503,0.99873,0.51318,0.88684,0.99263,1,0.7531,0.82497,1.13525,1.27059,0.93907,1.01757,0.96648,0.95387,1.02454,0.98483,1.25383,0.37664,0.4455,0.46664,0.62361,1.36386,1.30622,0.70417,0.79403,1.31968,1.01053,1.04192,0.78921,0.81045
1.82,0.70806,1.28149,1.21612,0.59372,1.37751,1.00272,1.29198,1.15457,1.00789,0.99997,1.24793,1.1801,0.88196,0.69761,1.10427,1.05391,0.9769,1.03006,1.00005,1.02061,0.59897,1.35809,1.33426,1.30653,1.29829,0.25857,0.34377,1.29045,1.2052,0.61927,0.97575,0.97552,1.22057,1.12438,1.23212,0.60852,0.83097,1.29915,0.04575,0.99863,0.51179,0.89553,0.99299,1.00008,0.7985,0.8244,1.13004,1.29435,0.92599,0.98244,1.05651,0.97805,0.99997,0.98555,1.28374,0.33882,0.54044,0.42809,0.59039,1.35471,1.28659,0.66282,0.77237,1.31777,1.06345,1.04466,0.7809,0.80329
1.84,0.7474,1.26729,1.24545,0.67145,1.37642,1.0029,1.29072,1.13575,1.00698,0.99995,1.21815,1.17374,0.88936,0.64769,1.11461,1.09812,0.9288,0.98962,1.03093,1.02079,0.534,1.36052,1.30704,1.31148,1.302,0.37353,0.46178,1.30106,1.21274,0.64819,0.9479,0.97376,1.2198,1.12366,1.2142,0.65251,0.78135,1.27551,0.05944,0.99854,0.51669,0.91353,0.99381,1.00014,0.84557,0.834,1.12391,1.30932,0.91636,0.96388,1.13797,1.0268,0.97962,0.98542,1.3012,0.3167,0.66049,0.40496,0.57622,1.33885,1.25533,0.62696,0.75775,1.31042,1.11711,1.04754,0.78233,0.8047
1.86,0.79157,1.24265,1.26632,0.77711,1.374,1.00307,1.28769,1.10188,1.00521,0.99994,1.18088,1.15925,0.89874,0.60802,1.12014,1.11894,0.88268,0.9564,1.06594,1.02214,0.48814,1.36135,1.25373,1.31318,1.30041,0.52532,0.61165,1.30925,1.21548,0.70412,0.91515,0.9726,1.21153,1.1168,1.191,0.71664,0.7367,1.2304,0.08895,0.99846,0.52829,0.9412,0.9954,1.00018,0.88975,0.85449,1.11583,1.31928,0.91097,0.95335,1.18952,1.09456,0.95298,0.98443,1.3118,0.30878,0.79716,0.3968,0.5824,1.31024,1.20691,0.59581,0.75225,1.29354,1.16357,1.04943,0.79706,0.81789
1.88,0.83941,1.19878,1.28173,0.91847,1.36956,1.00322,1.28287,1.04516,1.00214,0.99993,1.13803,1.13492,0.9108,0.57699,1.12002,1.12708,0.83996,0.91954,1.09992,1.02422,0.45754,1.36086,1.12828,1.31188,1.2933,0.71258,0.78658,1.31575,1.21305,0.79624,0.87964,0.97238,1.19066,1.1008,1.16125,0.80347,0.69689,1.12238,0.13929,0.99838,0.54611,0.97748,0.99812,1.0002,0.92746,0.88514,1.10493,1.32612,0.91109,0.94885,1.22402,1.14813,0.92255,0.98289,1.31823,0.31345,0.93792,0.40307,0.60855,1.25284,1.13278,0.56853,0.75713,1.25423,1.201,1.04978,0.83045,0.84743
1.9,0.88857,1.11333,1.29329,1.13149,1.36166,1.00335,1.27645,0.97917,0.99863,0.99992,1.09434,1.09905,0.92574,0.55332,1.11242,1.1304,0.80184,0.88286,1.12896,1.02623,0.4393,1.35918,0.91063,1.30754,1.27987,0.92467,0.97117,1.32103,1.20473,0.93927,0.84345,0.9732,1.14295,1.06962,1.12409,0.91372,0.66207,0.90747,0.21878,0.99831,0.56866,1.03478,1.00475,1.00021,0.95653,0.9234,1.09053,1.33086,0.91844,0.94695,1.24786,1.18746,0.89202,0.9814,1.32184,0.32901,1.09931,0.42348,0.65269,1.10896,1.0218,0.54446,0.77326,1.12629,1.23009,1.04845,0.89109,0.9003
1.92,0.93553,0.96419,1.30196,1.23264,1.34671,1.00346,1.2689,0.93733,0.99507,0.99992,1.05688,1.0508,0.94326,0.53604,1.0941,1.13606,0.76934,0.85009,1.15121,1.02721,0.43132,1.35639,0.80091,1.2997,1.25867,1.15468,1.15702,1.32539,1.18882,1.16664,0.8084,0.97497,1.0105,1.00903,1.08015,1.0707,0.63256,0.76706,0.34144,0.99826,0.59365,1.09134,1.0166,1.00021,0.97629,0.96502,1.07225,1.33409,0.93497,0.9436,1.26451,1.21482,0.8651,0.98067,1.32337,0.35369,1.17862,0.45825,0.71102,0.89138,0.9513,0.52316,0.80166,0.82074,1.2523,1.04557,0.99427,0.9883
1.94,0.9765,0.87246,1.30834,1.27615,1.31288,1.00355,1.26079,0.90415,0.99021,0.99993,1.03205,0.99582,0.96247,0.52425,1.05934,1.14892,0.74312,0.82373,1.16651,1.02629,0.43207,1.35248,0.7318,1.28732,1.2274,1.22682,1.21447,1.32901,1.16153,1.25999,0.77587,0.97754,0.87178,0.95415,1.03252,1.18054,0.60861,0.66201,0.53319,0.99821,0.61879,1.1269,1.03179,1.0002,0.98744,1.01008,1.05024,1.3362,0.96238,0.93553,1.27605,1.23299,0.84444,0.98135,1.32322,0.38586,1.2146,0.50843,0.77853,0.79258,0.91532,0.50436,0.84412,0.61636,1.26915,1.04131,1.17226,1.15108
1.96,1.0162,0.80574,1.31285,1.29953,1.18594,1.0036,1.2526,0.88125,0.98389,0.99993,1.02181,0.96949,0.98179,0.51701,0.99857,1.16917,0.72355,0.80483,1.17555,1.02285,0.44037,1.34738,0.68243,1.26825,1.18255,1.25195,1.23578,1.33202,1.11401,1.30196,0.74683,0.98079,0.73122,0.89304,0.99378,1.22806,0.59039,0.58369,0.84631,0.99819,0.64257,1.14789,1.04996,1.00019,0.99166,1.06463,1.0257,1.33745,1.00315,0.92123,1.28376,1.24438,0.8313,0.98391,1.32163,0.4242,1.23588,0.57598,0.84982,0.74248,0.89641,0.48795,0.90363,0.46506,1.28186,1.03578,1.25688,1.23914
1.98,1.05101,0.76036,1.31572,1.31342,0.75236,1.0036,1.24456,0.86882,0.97609,0.99994,1.0226,0.95125,0.9986,0.51331,0.95641,1.19303,0.71101,0.79341,1.17915,1.0165,0.45507,1.34098,0.64059,1.23843,1.11924,1.26066,1.24245,1.33445,1.02255,1.32525,0.72217,0.98464,0.59428,0.82358,0.97872,1.25208,0.57821,0.52618,1.24131,0.99819,0.66447,1.15827,1.07027,1.00017,0.99134,1.0952,1.00207,1.33808,1.08009,0.90135,1.28835,1.2507,0.82585,0.98853,1.31872,0.46743,1.25165,0.6632,0.91955,0.72224,0.8896,0.47409,0.98461,0.35163,1.29129,1.02904,1.30266,1.28887
2,1.06561,0.73337,1.317,1.32189,0.545,1.00355,1.23655,0.86633,0.96694,0.99995,1.02765,0.94074,1.0177,0.51218,0.91385,1.21587,0.70608,0.78887,1.17803,1.00709,0.47486,1.33314,0.59897,1.18991,1.03188,1.26094,1.24092,1.33628,0.9363,1.33966,0.70288,0.98904,0.46916,0.74926,0.97159,1.26414,0.57264,0.48588,1.31018,0.99821,0.68502,1.16026,1.09154,1.00015,0.98928,1.11074,0.99315,1.33827,1.1354,0.87831,1.29008,1.2531,0.82757,0.99517,1.31465,0.51394,1.26565,0.7713,0.98277,0.72155,0.8912,0.46329,1.12141,0.26606,1.29793,1.0211,1.32986,1.31916
2.02,1.06616,0.72262,1.3166,1.32673,0.43971,1.00342,1.22807,0.87279,0.9568,0.99995,1.03,0.93712,1.01968,0.51278,0.8752,1.23476,0.70949,0.79031,1.17271,0.99736,0.49824,1.32384,0.55409,1.10553,0.96653,1.2557,1.23372,1.33746,0.86072,1.3491,0.68995,0.99401,0.36088,0.67435,0.97131,1.26855,0.57439,0.46075,1.33141,0.99828,0.70549,1.15502,1.11241,1.00013,0.9883,1.11579,0.99235,1.33817,1.17337,0.85532,1.28889,1.25234,0.83552,1.00698,1.30957,0.56179,1.27915,0.89886,1.059,0.73397,0.89843,0.45618,1.20131,0.20171,1.30206,1.01178,1.34698,1.33854
2.04,1.0543,0.72644,1.31436,1.32879,0.39094,1.0032,1.21837,0.88682,0.9463,0.99996,1.02353,0.93928,1.00052,0.51471,0.84331,1.24879,0.72194,0.79666,1.16359,0.99028,0.52389,1.31306,0.50595,0.97453,0.93276,1.24614,1.22195,1.33793,0.78739,1.35545,0.68405,0.99979,0.27153,0.60329,0.97716,1.26701,0.58408,0.44952,1.33945,0.99839,0.72743,1.14302,1.13151,1.00011,0.99096,1.11279,0.99981,1.33785,1.19864,0.83528,1.28436,1.24893,0.84854,1.02471,1.30364,0.60923,1.29207,1.06618,1.1052,0.75507,0.90914,0.45331,1.24893,0.15408,1.30387,1.00041,1.35817,1.35134
2.06,1.02806,0.74318,1.31004,1.32845,0.38023,1.0029,1.20655,0.90647,0.93643,0.99997,1.00165,0.94591,0.98028,0.51812,0.81944,1.25806,0.74386,0.80673,1.15107,0.98281,0.55082,1.30068,0.45732,0.90013,0.91238,1.23285,1.20614,1.33765,0.71747,1.35966,0.68536,1.01332,0.20143,0.54036,0.98893,1.25992,0.6019,0.45143,1.34109,0.99854,0.75228,1.12463,1.14754,1.00008,0.9994,1.10328,1.02772,1.33726,1.21484,0.82032,1.27574,1.24329,0.86529,1.0419,1.29697,0.65541,1.30374,1.18072,1.12838,0.78154,0.92171,0.45498,1.28007,0.12026,1.30348,0.99309,1.36556,1.35987
2.08,0.99073,0.77057,1.30338,1.32573,0.39954,1.00253,1.19164,0.92885,0.92857,0.99998,0.97948,0.95533,0.95504,0.5238,0.80377,1.26282,0.77512,0.81901,1.13586,0.97557,0.57844,1.28621,0.41262,0.84788,0.90231,1.21612,1.18656,1.33662,0.65189,1.3622,0.69365,1.02964,0.15032,0.48968,1.01335,1.24712,0.62739,0.46608,1.3381,0.99873,0.78095,1.1011,1.15914,1.00006,1.02821,1.0888,1.05901,1.33628,1.22444,0.81201,1.26175,1.23595,0.88404,1.05733,1.2896,0.70061,1.31341,1.22691,1.13878,0.81084,0.93496,0.46126,1.3017,0.09895,1.3009,0.98406,1.37035,1.36543
2.1,0.95917,0.8051,1.2942,1.32038,0.44504,1.00211,1.17275,0.94973,0.92445,0.99998,0.94835,0.96548,0.93111,0.53312,0.79595,1.26299,0.81475,0.8317,1.11947,0.96926,0.6064,1.26844,0.37671,0.81442,0.90001,1.19626,1.16347,1.33481,0.59162,1.36319,0.70829,1.04912,0.11828,0.4553,1.05393,1.22844,0.65912,0.4934,1.33047,0.99894,0.81365,1.07613,1.16486,1.00004,1.06544,1.0718,1.0851,1.33462,1.22895,0.81171,1.24038,1.2278,0.90253,1.06983,1.28153,0.74636,1.32056,1.24882,1.14107,0.84089,0.94805,0.47199,1.31727,0.09042,1.29612,0.97237,1.37312,1.36868
2.12,0.92139,0.84194,1.28247,1.31169,0.51418,1.00169,1.149,0.96415,0.92558,0.99999,0.90833,0.97415,0.91492,0.54792,0.79538,1.25788,0.86087,0.84294,1.10425,0.96464,0.63466,1.24449,0.35347,0.79746,0.90338,1.17368,1.13717,1.33219,0.53739,1.36247,0.72849,1.07153,0.10609,0.44099,1.09443,1.2045,0.6948,0.53387,1.31704,0.99915,0.84989,1.05689,1.16331,1.00003,1.10551,1.05599,1.10106,1.33189,1.22927,0.82061,1.20837,1.22004,0.9183,1.07848,1.27267,0.79565,1.32492,1.25832,1.1377,0.87009,0.96039,0.48699,1.32876,0.09662,1.28898,0.9575,1.37413,1.36994
2.14,0.87879,0.87572,1.26828,1.29816,0.60403,1.00134,1.11939,0.96769,0.93244,0.99999,0.86096,0.97949,0.91096,0.57036,0.80129,1.24589,0.91111,0.85153,1.09269,0.96234,0.66364,1.20704,0.34522,0.79522,0.91076,1.14893,1.1081,1.32866,0.48933,1.35948,0.75361,1.0956,0.11607,0.45045,1.13212,1.17772,0.732,0.58885,1.29518,0.99933,0.88886,1.05187,1.15354,1.00002,1.14441,1.04558,1.10478,1.32748,1.22589,0.83965,1.15999,1.21373,0.92946,1.08266,1.26274,0.8534,1.32641,1.25951,1.1301,0.89732,0.97165,0.50622,1.33742,0.12171,1.27906,0.93956,1.3733,1.36912
2.16,0.8335,0.90162,1.25178,1.27649,0.70965,1.00111,1.08272,0.95792,0.94379,0.99999,0.80816,0.98044,0.92099,0.60274,0.81269,1.22369,0.96281,0.85743,1.08628,0.96267,0.69426,1.13348,0.35307,0.8059,0.92084,1.12251,1.07677,1.32403,0.4471,1.35284,0.78336,1.11931,0.15426,0.48842,1.16523,1.15302,0.76877,0.66104,1.25994,0.99944,0.92963,1.06542,1.13576,1.00002,1.17969,1.04367,1.09522,1.3205,1.21907,0.86928,1.08448,1.2092,0.93538,1.08206,1.2512,0.92731,1.32499,1.25371,1.11912,0.92203,0.98168,0.52993,1.34408,0.17414,1.26554,0.91948,1.36999,1.36555
2.18,0.78835,0.91617,1.23308,1.23892,0.82148,1.0011,1.03789,0.93502,0.95622,0.99999,0.75236,0.9769,0.94409,0.64751,0.8282,1.18439,1.0238,0.86186,1.08464,0.96571,0.72789,0.9637,0.37744,0.82725,0.93264,1.09486,1.04395,1.31799,0.41041,1.3387,0.81772,1.14048,0.23519,0.56247,1.19282,1.13715,0.80387,0.75432,1.20301,0.99945,0.97083,1.09404,1.11353,1.00003,1.21016,1.0507,1.07135,1.30937,1.20913,0.90898,0.98252,1.20568,0.93687,1.07651,1.23706,1.0501,1.32042,1.24096,1.10535,0.94413,0.99041,0.55854,1.34928,0.27218,1.24686,0.89913,1.36213,1.35711
2.2,0.74664,0.91765,1.21217,1.16312,0.92269,1.0014,0.99287,0.90161,0.96415,0.99999,0.69631,0.96962,0.97651,0.70717,0.84594,1.11245,1.08578,0.86724,1.0856,0.97128,0.76616,0.82224,0.41831,0.85604,0.94533,1.06612,1.01073,1.31006,0.37923,1.30293,0.85674,1.15725,0.39531,0.68538,1.21456,1.13545,0.83675,0.87345,1.11638,0.9993,1.01945,1.12936,1.09754,1.00004,1.23549,1.0644,1.03267,1.2911,1.19672,0.95678,0.92771,1.20126,0.93599,1.0659,1.21874,1.17618,1.31223,1.2208,1.08927,0.96386,0.99785,0.59255,1.35331,0.46085,1.22026,0.88107,1.34203,1.33615
2.22,0.71137,0.90604,1.18869,0.97751,0.99038,1.00214,0.97001,0.86178,0.96117,0.99998,0.64281,0.95996,1.02246,0.78452,0.86377,0.98442,1.11937,0.87669,1.08602,0.97903,0.81107,0.68773,0.47558,0.88803,0.95807,1.03544,0.98966,1.29946,0.35371,1.12135,0.90069,1.16847,0.74685,0.87967,1.2307,1.14838,0.86755,1.04162,1.01848,0.99893,1.07175,1.16386,1.10374,1.00005,1.2559,1.08123,0.99121,1.25871,1.18297,1.01723,0.89067,1.19309,0.93562,1.0501,1.19346,1.24405,1.2995,1.19308,1.07163,0.98201,1.00799,0.63269,1.35638,0.88462,1.18012,0.86786,1.24996,1.25135
2.24,0.68464,0.88259,1.16153,0.8424,1.00775,1.00343,0.95325,0.81991,0.94264,0.99998,0.59429,0.94943,1.06922,0.8831,0.87997,0.90479,1.13572,0.89364,1.08255,0.9885,0.86537,0.56515,0.55067,0.91858,0.96978,0.99965,0.97621,1.28469,0.33398,0.65346,0.95066,1.17377,1.28931,1.18073,1.24177,1.17156,0.89706,1.19027,0.99606,0.99827,1.10263,1.19348,1.13765,1.00007,1.2719,1.09799,0.96957,1.19089,1.16917,1.09059,0.87022,1.17702,0.93874,1.02892,1.15569,1.28494,1.28012,1.15933,1.05392,1.00065,1.01809,0.68047,1.35863,1.30899,1.11247,0.86127,0.6069,0.67976
2.26,0.66767,0.84939,1.1281,0.73985,0.95697,1.00538,0.94268,0.78017,0.90794,0.99997,0.55295,0.93953,1.09285,1.01397,0.89384,0.8449,1.14004,0.92152,1.0717,0.99919,0.93279,0.45881,0.6492,0.94332,0.97894,0.97749,0.96309,1.26254,0.32018,0.42776,1.01706,1.17334,1.34794,1.27833,1.24834,1.19904,0.92668,1.24852,1.07276,0.99728,1.11963,1.21689,1.1856,1.00009,1.28399,1.11245,0.95649,0.98977,1.15622,1.13355,0.8645,1.14567,0.94817,1.00217,1.09259,1.31103,1.24856,1.12451,1.03894,1.03877,1.02764,0.73864,1.36014,1.35163,0.98654,0.86182,0.31106,0.3769
2.28,0.66136,0.80912,1.08311,0.6644,0.86167,1.00808,0.93803,0.74652,0.86071,0.99996,0.52112,0.93172,1.09712,1.16711,0.90584,0.80408,1.13516,0.96392,1.04875,1.01966,1.03287,0.37156,0.78531,0.95859,0.98347,0.94967,0.94748,1.2253,0.31259,0.30056,1.10898,1.16771,1.3647,1.31328,1.2507,1.22605,0.95816,1.27792,1.17423,0.99589,1.1266,1.23391,1.23063,1.0001,1.29247,1.12304,0.95394,0.82272,1.14406,1.15844,0.87094,1.08119,0.96659,0.98625,0.98493,1.32808,1.18749,1.0984,1.03112,1.07877,1.03864,0.81152,1.36095,1.36572,0.89468,0.86878,0.16932,0.22561
2.3,0.66674,0.76487,1.01543,0.61333,0.74128,1.01157,0.93882,0.72291,0.80744,0.99996,0.50161,0.92752,1.08133,1.23086,0.91744,0.78174,1.12318,1.04342,1.00529,1.03794,1.14705,0.30466,0.99141,0.96179,0.98081,0.91277,0.92627,1.14974,0.31193,0.22986,1.1704,1.15789,1.37186,1.32946,1.24869,1.24992,0.99342,1.29374,1.24645,0.99407,1.12542,1.2446,1.26533,1.00011,1.29736,1.12848,0.96308,0.6989,1.13135,1.17081,0.88606,0.96736,0.9967,0.97241,0.90788,1.33918,1.01157,1.09239,1.03574,1.12176,1.05297,0.90538,1.36102,1.37187,0.80629,0.88033,0.09483,0.14432
2.32,0.68516,0.71973,0.96037,0.58568,0.61766,1.01581,0.94448,0.71288,0.75491,0.99996,0.4976,0.92833,1.0381,1.26379,0.93072,0.77775,1.10634,1.13373,0.96841,1.05233,1.21105,0.25754,1.23178,0.95168,0.9684,0.86457,0.89678,0.96714,0.3194,0.19842,1.21417,1.14539,1.37504,1.33693,1.24156,1.26971,1.05758,1.30127,1.29131,0.99182,1.11686,1.24886,1.28977,1.00012,1.29833,1.12744,0.98452,0.60969,1.1155,1.17294,0.90578,0.87496,1.0666,0.96073,0.83361,1.34616,0.83369,1.11072,1.0561,1.16565,1.0718,1.05016,1.36023,1.37432,0.72154,0.89404,0.05844,0.10397
2.34,0.71836,0.67652,0.91076,0.58149,0.50484,1.02067,0.9543,0.71909,0.70826,0.99996,0.51272,0.93516,0.97632,1.28242,0.9477,0.79204,1.0873,1.19435,0.92721,1.06245,1.25132,0.22813,1.30035,0.92868,0.94447,0.80505,0.85777,0.82493,0.33686,0.19985,1.24638,1.13179,1.37585,1.33894,1.22765,1.28543,1.11301,1.30235,1.319,0.98919,1.10086,1.24624,1.30631,1.00011,1.2946,1.11845,1.03293,0.54771,1.09288,1.16521,0.92616,0.78268,1.12887,0.95206,0.76334,1.35021,0.68314,1.14608,1.0904,1.20682,1.09497,1.18467,1.35831,1.37421,0.64181,0.90779,0.04881,0.09281
2.36,0.76826,0.63777,0.8592,0.60183,0.4095,1.02592,0.9674,0.74324,0.6708,0.99997,0.55156,0.94842,0.924,1.29331,0.96988,0.82417,1.069,1.23528,0.88214,1.06829,1.27859,0.21362,1.33166,0.89476,0.9087,0.73675,0.80996,0.70386,0.36708,0.23466,1.27025,1.11815,1.37471,1.3364,1.20369,1.29747,1.1573,1.29695,1.3365,0.98628,1.07692,1.23545,1.31713,1.0001,1.28438,1.09953,1.09226,0.50652,1.05848,1.14658,0.94408,0.69682,1.17754,0.94686,0.69792,1.35213,0.55437,1.18636,1.13225,1.2424,1.12094,1.24733,1.3548,1.37148,0.56937,0.92053,0.06233,0.10693
2.38,0.8365,0.60604,0.80652,0.64918,0.33406,1.03116,0.98258,0.78589,0.6449,0.99997,0.62101,0.96771,0.87173,1.29963,0.99787,0.87241,1.05414,1.26277,0.8374,1.07004,1.29788,0.21108,1.34888,0.8533,0.86248,0.66414,0.75605,0.60364,0.41428,0.30967,1.28769,1.10437,1.37139,1.32892,1.16323,1.30615,1.19294,1.28293,1.34773,0.98331,1.04468,1.21376,1.32362,1.00007,1.26336,1.06786,1.13821,0.48067,1.00468,1.11488,0.95757,0.62278,1.21336,0.94527,0.6382,1.35247,0.4483,1.22288,1.17436,1.27118,1.14746,1.28236,1.34875,1.36485,0.50701,0.93244,0.10006,0.14722
2.4,0.92343,0.58409,0.7543,0.7279,0.27898,1.03588,0.9982,0.84606,0.63289,0.99998,0.73207,0.99175,0.82676,1.30314,1.053,0.93235,1.04457,1.28065,0.79764,1.06794,1.31182,0.21734,1.35913,0.80845,0.80876,0.5926,0.70005,0.52426,0.48506,0.43817,1.29987,1.08885,1.36501,1.31494,1.09242,1.31162,1.22144,1.25377,1.3548,0.98058,1.00508,1.17568,1.3264,1.00005,1.21986,1.0195,1.1702,0.4656,0.9669,1.06764,0.96579,0.56483,1.23823,0.94717,0.58529,1.35165,0.3652,1.25227,1.21178,1.29335,1.17232,1.30355,1.33813,1.35025,0.45756,0.94482,0.16633,0.21764
2.42,1.04741,0.57458,0.70421,0.84512,0.24367,1.03956,1.02294,0.92084,0.63736,1,0.90344,1.03348,0.79485,1.30499,1.0986,0.99618,1.04099,1.29135,0.76688,1.06231,1.32194,0.22911,1.3654,0.76419,0.75146,0.52727,0.64647,0.46494,0.59056,0.63909,1.30763,1.06858,1.35359,1.29142,0.9804,1.31388,1.24406,1.1883,1.35893,0.97841,0.98289,1.10987,1.32538,1.00001,1.10991,0.97782,1.18968,0.45745,0.93105,1.00433,0.96878,0.52549,1.25423,0.95218,0.5401,1.35008,0.30393,1.27449,1.24249,1.30979,1.1939,1.31672,1.31752,1.31282,0.42303,0.95955,0.2676,0.32371
2.44,1.15809,0.57961,0.65737,1.02355,0.22696,1.04185,1.04055,1.01129,0.6612,1.00001,1.17117,1.07244,0.77936,1.30597,1.13401,1.08176,1.04313,1.29647,0.74743,1.05368,1.32926,0.24351,1.36917,0.72361,0.69488,0.47253,0.59963,0.42369,0.75102,0.93077,1.31164,1.03938,1.33276,1.25295,0.90984,1.31269,1.262,0.98742,1.36078,0.97703,0.96861,0.99479,1.31962,0.99999,0.89931,0.94754,1.19833,0.45308,0.8967,0.97128,0.967,0.50521,1.26318,0.9596,0.50303,1.34812,0.2623,1.29077,1.2664,1.32145,1.21123,1.3248,1.26642,1.13848,0.40421,0.97834,0.41089,0.47002
2.46,1.21163,0.60061,0.61435,1.20475,0.2278,1.04264,1.04928,1.12338,0.70765,1.00004,1.26838,1.10107,0.78134,1.30663,1.16139,1.12143,1.05025,1.29706,0.73986,1.04306,1.33447,0.25873,1.37121,0.68881,0.64334,0.43234,0.56368,0.39784,1.0116,1.22218,1.31232,0.99802,1.29125,1.19028,0.85219,1.30754,1.27631,0.81639,1.36069,0.97655,0.96113,0.92428,1.3065,0.99997,0.75718,0.92143,1.19726,0.45014,0.86491,0.952,0.96095,0.50283,1.26645,0.96834,0.47397,1.34599,0.23806,1.30242,1.28419,1.32902,1.22365,1.32949,0.99226,0.71504,0.40095,1.00397,0.60011,0.65581
2.48,1.24147,0.63828,0.57551,1.2674,0.24563,1.04208,1.04909,1.17852,0.78029,1.00006,1.30557,1.12107,0.80012,1.30731,1.18261,1.13245,1.06137,1.29381,0.7433,1.03234,1.338,0.27437,1.37186,0.66151,0.60122,0.41136,0.54334,0.3846,1.24907,1.27801,1.30984,0.9715,1.19192,1.08911,0.8072,1.29732,1.28777,0.68675,1.35871,0.97689,0.96129,0.86916,1.27889,0.99996,0.65188,0.90079,1.18663,0.44702,0.83625,0.94575,0.95112,0.51585,1.26498,0.97676,0.45287,1.34374,0.23001,1.31038,1.29657,1.33268,1.23038,1.33178,0.67484,0.55808,0.41277,1.05119,0.82858,0.86795
2.5,1.25889,0.69223,0.5414,1.29712,0.28041,1.04051,1.03922,1.2087,0.88245,1.00008,1.32296,1.13364,0.83342,1.30825,1.199,1.11885,1.07541,1.28747,0.75583,1.02453,1.34006,0.29157,1.37116,0.64336,0.57303,0.41658,0.54478,0.38142,1.30514,1.29307,1.30408,0.94519,0.93895,0.9718,0.77444,1.28003,1.29686,0.59273,1.35463,0.97784,0.96972,0.82885,1.21209,0.99994,0.58132,0.88664,1.16582,0.44277,0.81114,0.9534,0.93798,0.54019,1.25941,0.98267,0.43992,1.34118,0.23865,1.3152,1.30397,1.33179,1.22991,1.33232,0.48532,0.50196,0.43914,1.08946,1.10174,1.10766
2.52,1.26853,0.76079,0.51255,1.31272,0.33248,1.03837,1.01771,1.22515,1.03006,1.00009,1.33056,1.13948,0.8776,1.3095,1.21157,1.07103,1.09129,1.27924,0.7747,1.02336,1.34075,0.31256,1.3688,0.63594,0.56291,0.45946,0.57644,0.386,1.32857,1.29256,1.29461,0.92186,0.80779,0.92194,0.75363,1.25188,1.30393,0.52933,1.34794,0.97911,0.98693,0.80255,0.97214,0.99993,0.54396,0.87973,1.13357,0.43698,0.78981,0.97579,0.92204,0.56971,1.25039,0.98353,0.43554,1.33795,0.26655,1.31707,1.30648,1.32399,1.21932,1.33154,0.36878,0.504,0.47956,1.11797,1.21797,1.20583
2.54,1.27243,0.84129,0.48932,1.32062,0.40279,1.03606,0.99075,1.23265,1.17843,1.00011,1.33152,1.13897,0.92843,1.31106,1.22117,0.97614,1.10795,1.27116,0.79683,1.03195,1.34004,0.34,1.36394,0.64029,0.57437,0.56118,0.65055,0.39647,1.34023,1.28016,1.28045,0.90357,0.74355,0.89597,0.74456,1.20497,1.30925,0.49224,1.33758,0.98047,1.02489,0.78931,0.76724,0.99993,0.53889,0.88034,1.08783,0.42966,0.77212,1.02595,0.90397,0.59668,1.23869,0.97707,0.44006,1.33351,0.31904,1.31598,1.30363,1.30165,1.19232,1.32973,0.29785,0.55052,0.534,1.13751,1.25146,1.23623
2.56,1.27136,0.93036,0.47187,1.32343,0.49282,1.03382,0.9673,1.23334,1.23869,1.00011,1.32614,1.13235,0.98177,1.31287,1.22858,0.89357,1.12437,1.26605,0.8191,1.05114,1.3379,0.37621,1.35445,0.65674,0.61049,0.76793,0.78672,0.41137,1.34616,1.25154,1.25973,0.89119,0.71559,0.88512,0.74708,1.12,1.31306,0.47808,1.32146,0.98178,1.07712,0.78806,0.62685,0.99992,0.56624,0.88814,1.02573,0.42106,0.75755,1.09932,0.8846,0.61281,1.22548,0.96172,0.45346,1.32725,0.40541,1.31168,1.29399,1.2274,1.13271,1.32707,0.25753,0.64091,0.60294,1.14954,1.26337,1.24657
2.58,1.26515,1.04113,0.46042,1.32214,0.60341,1.03172,0.94039,1.22804,1.26941,1.00012,1.31221,1.11991,1.0564,1.31479,1.23448,0.80624,1.13957,1.26667,0.83826,1.07894,1.33426,0.42251,1.33431,0.68458,0.6741,1.1853,1.03201,0.42948,1.34867,1.18889,1.22915,0.88466,0.70929,0.8839,0.76117,0.97378,1.31547,0.48464,1.29536,0.98299,1.12309,0.79755,0.53144,0.99992,0.62705,0.90205,0.97601,0.41176,0.74531,1.15719,0.86513,0.61088,1.21276,0.93702,0.47519,1.31852,0.54022,1.30371,1.27396,0.85565,0.99323,1.32372,0.23951,0.78276,0.68666,1.15555,1.26587,1.24767
2.6,1.25261,1.13723,0.45541,1.31676,0.73178,1.02968,0.9119,1.21683,1.28622,1.00012,1.28298,1.10244,1.10981,1.31664,1.23945,0.72233,1.15266,1.27418,0.85101,1.11144,1.32912,0.47827,1.27917,0.72171,0.76703,1.30498,1.24116,0.44961,1.34869,1.01414,1.18318,0.88323,0.71692,0.88885,0.78693,0.88834,1.3165,0.51083,1.25068,0.98416,1.16077,0.81629,0.46956,0.99992,0.72147,0.92009,0.94598,0.40259,0.73455,1.20015,0.84702,0.58683,1.20348,0.90368,0.50379,1.30674,0.74284,1.29145,1.23489,0.58527,0.89096,1.31982,0.23934,0.98946,0.78382,1.15684,1.26283,1.24315
2.62,1.23084,1.18247,0.45747,1.30631,0.86829,1.02753,0.88375,1.19916,1.29482,1.00012,1.21805,1.08146,1.14066,1.31823,1.24384,0.64752,1.163,1.28697,0.85464,1.14441,1.32259,0.54044,0.95755,0.76466,0.88896,1.33603,1.29487,0.47072,1.34652,0.85846,1.11253,0.88585,0.73413,0.89784,0.82464,0.82932,1.31607,0.55683,1.16889,0.98538,1.19028,0.84259,0.43466,0.99992,0.8457,0.93971,0.92391,0.39455,0.72465,1.2311,0.83173,0.54205,1.20071,0.86364,0.537,1.29163,1.05253,1.27429,1.15162,0.43343,0.8116,1.31552,0.25502,1.2138,0.8903,1.15447,1.25563,1.23433
2.64,1.19312,1.20565,0.46723,1.28812,0.99569,1.0251,0.85756,1.17367,1.2976,1.00011,1.02883,1.05927,1.1581,1.31939,1.24775,0.58478,1.17038,1.30169,0.84814,1.17459,1.3149,0.60437,0.66616,0.80941,1.06131,1.34788,1.31596,0.49214,1.34198,0.7522,1.00114,0.89148,0.75837,0.90953,0.87484,0.79168,1.31404,0.6244,1.00846,0.98674,1.21275,0.87485,0.42285,0.99992,0.98878,0.95838,0.90936,0.38864,0.71553,1.25305,0.82025,0.4835,1.20563,0.8199,0.57222,1.27337,1.24223,1.25173,0.96448,0.35435,0.75907,1.31093,0.28627,1.27527,0.99912,1.14927,1.24457,1.22149
2.66,1.12195,1.21709,0.48511,1.25543,1.12212,1.02231,0.83454,1.13787,1.2955,1.00011,0.85442,1.03859,1.16678,1.31994,1.25093,0.53535,1.17495,1.31531,0.83286,1.19998,1.30638,0.66556,0.5357,0.85236,1.18905,1.3518,1.32408,0.5139,1.3345,0.67951,0.94094,0.89927,0.78803,0.92305,0.93812,0.77068,1.31018,0.71731,0.91754,0.98829,1.22948,0.9116,0.43179,0.99992,1.14919,0.97414,0.90146,0.3858,0.70786,1.26828,0.81289,0.42116,1.21649,0.77631,0.60712,1.25257,1.28426,1.22359,0.8409,0.32456,0.73295,1.306,0.33395,1.30146,1.12822,1.14179,1.22934,1.20431
2.68,0.98128,1.22177,0.51114,1.1883,1.16121,1.01917,0.81575,1.08772,1.28867,1.00011,0.76664,1.02207,1.16945,1.31971,1.25284,0.50006,1.17709,1.32614,0.81249,1.21956,1.29742,0.72128,0.48454,0.89077,1.2409,1.35066,1.32456,0.53671,1.32308,0.63307,0.90001,0.90856,0.82202,0.93778,1.02625,0.76157,1.30426,0.84094,0.8774,0.99001,1.24146,0.95129,0.45983,0.99993,1.20292,0.98573,0.89893,0.38701,0.70317,1.2782,0.80937,0.36482,1.22957,0.73733,0.6398,1.22995,1.29736,1.19039,0.75162,0.33346,0.73131,1.30053,0.39893,1.31436,1.18085,1.1324,1.20908,1.18195
2.7,0.88438,1.22293,0.54472,0.99908,1.16924,1.01585,0.80228,1.01743,1.27686,1.0001,0.73071,1.01177,1.16807,1.31846,1.2526,0.48023,1.17731,1.33354,0.79221,1.23279,1.28853,0.7716,0.48261,0.92297,1.26793,1.34455,1.31831,0.56193,1.30635,0.6078,0.87442,0.91882,0.85956,0.95328,1.12758,0.75927,1.29601,1.00186,0.86786,0.9918,1.24928,0.99185,0.50498,0.99993,1.22049,0.99256,0.90024,0.39339,0.70377,1.28347,0.80901,0.32218,1.24124,0.70776,0.66884,1.20561,1.29783,1.15371,0.68703,0.37814,0.7519,1.29408,0.48003,1.32046,1.20568,1.12138,1.18224,1.15292
2.72,0.80565,1.22323,0.58475,0.84779,1.1619,1.01258,0.79523,0.96738,1.2596,1.00009,0.73646,1.00872,1.16433,1.31589,1.24903,0.47792,1.17607,1.33741,0.77731,1.23935,1.2802,0.81949,0.51683,0.94848,1.28391,1.33131,1.30345,0.5915,1.28315,0.60043,0.86152,0.92959,0.90006,0.96925,1.1828,0.75866,1.28516,1.18635,0.8766,0.99354,1.25313,1.05231,0.56415,0.99994,1.21782,0.99452,0.90374,0.4063,0.71247,1.28407,0.81106,0.29833,1.24908,0.69199,0.69342,1.17793,1.28928,1.11614,0.64006,0.46101,0.79242,1.28591,0.57148,1.32214,1.21649,1.10902,1.1462,1.11478
2.74,0.74505,1.22479,0.63024,0.73901,1.14835,1.0096,0.79556,0.93396,1.23638,1.00008,0.78123,1.01296,1.15961,1.31153,1.24053,0.49603,1.17363,1.33768,0.77185,1.2388,1.27276,0.86972,0.5805,0.96793,1.29413,1.30385,1.27328,0.62781,1.25398,0.60899,0.85906,0.94048,0.94309,0.98545,1.21534,0.75554,1.27124,1.2489,0.89168,0.9951,1.25295,1.09527,0.63326,0.99995,1.19515,0.99178,0.90802,0.42743,0.73215,1.27929,0.81504,0.29663,1.25181,0.69334,0.71353,1.14261,1.27139,1.08023,0.60561,0.5897,0.85026,1.27489,0.66174,1.32019,1.21844,1.09558,1.09627,1.06332
2.76,0.70101,1.22873,0.68097,0.66343,1.14035,1.00705,0.80397,0.90888,1.20671,1.00006,0.86806,1.02376,1.155,1.30468,1.22455,0.5389,1.16986,1.33378,0.77831,1.23002,1.26616,0.92769,0.66759,0.98288,1.30101,1.23535,1.20657,0.67365,1.22363,0.63227,0.86482,0.95116,0.9882,1.00331,1.2351,0.74741,1.2533,1.27825,0.9,0.99642,1.24832,1.12224,0.70763,0.99996,1.13908,0.98459,0.91208,0.45884,0.76558,1.26724,0.82109,0.32074,1.24857,0.7142,0.73005,1.09074,1.24169,1.04676,0.58006,0.77678,0.92139,1.2591,0.73522,1.31457,1.21382,1.0814,1.02388,0.99575
2.78,0.67167,1.23504,0.73765,0.61521,1.15229,1.00499,0.82094,0.89179,1.1705,1.00004,1.0085,1.03982,1.15115,1.29419,1.19636,0.61329,1.16416,1.32391,0.7979,1.21034,1.25991,0.99846,0.766,0.99559,1.30582,0.96583,1.01044,0.73194,1.20237,0.66914,0.87626,0.96121,1.05761,1.03193,1.24682,0.7339,1.22941,1.29321,0.88743,0.99748,1.23828,1.13855,0.78232,0.99997,0.99685,0.97325,0.91536,0.50303,0.81538,1.24347,0.82996,0.37695,1.23809,0.75633,0.74467,1.00235,1.19783,1.01308,0.56096,1.05649,0.99791,1.23524,0.77766,1.30456,1.20405,1.06704,0.96505,0.95706
2.8,0.65553,1.24271,0.80188,0.59179,1.18872,1.00342,0.8467,0.8823,1.12859,1.00002,1.18589,1.05949,1.14826,1.27808,1.14558,0.73,1.15544,1.30316,0.83078,1.17396,1.25308,1.11539,0.8505,1.01662,1.30921,0.75932,0.85745,0.80558,1.19954,0.71784,0.89032,0.97009,1.10976,1.05484,1.25284,0.71651,1.19571,1.29966,0.84246,0.99828,1.22095,1.14698,0.85245,0.99998,0.88454,0.95821,0.91777,0.56303,0.88391,1.19663,0.843,0.47717,1.21789,0.8209,0.75966,0.94054,1.14692,0.98689,0.5468,1.23173,1.09515,1.19681,0.78286,1.28874,1.19084,1.05343,0.92395,0.92342
2.82,0.65159,1.25041,0.87627,0.59333,1.23603,1.0023,0.88127,0.88001,1.08331,1,1.2526,1.08089,1.14606,1.25251,1.04392,0.90685,1.14206,1.25506,0.87646,1.10713,1.24415,1.18383,0.88611,1.04417,1.3115,0.65887,0.78951,0.89765,1.21394,0.77595,0.90356,0.97721,1.1433,1.07224,1.25427,0.6979,1.14384,1.29925,0.76322,0.99885,1.19258,1.14895,0.91383,1,0.78982,0.94021,0.91958,0.64283,0.97314,1.08896,0.86179,0.6452,1.18267,0.90842,0.77778,0.8811,1.12015,0.96315,0.53691,1.27299,1.13133,1.12822,0.75534,1.26453,1.177,1.04185,0.89071,0.89608
2.84,0.65927,1.257,0.96464,0.62235,1.27784,1.00155,0.92459,0.88432,1.03856,0.99999,1.28486,1.10201,1.14378,1.20841,0.93214,1.17435,1.12184,1.08049,0.93432,0.98635,1.23081,1.2274,0.85141,1.07589,1.31273,0.63035,0.79172,1.02328,1.23626,0.84122,0.91277,0.98205,1.16368,1.08393,1.25147,0.68098,1.05204,1.29114,0.66083,0.99922,1.14512,1.14522,0.96366,1.00003,0.71641,0.92051,0.92143,0.74848,1.11373,0.91722,0.88769,0.93421,1.11959,1.03393,0.80224,0.8244,1.14628,0.93213,0.53145,1.28229,1.13022,0.98956,0.70672,1.22662,1.16644,1.0336,0.86702,0.87676
2.86,0.67823,1.26167,1.10198,0.68418,1.30815,1.00111,0.97626,0.89421,0.99954,0.99998,1.30207,1.1209,1.14023,1.11889,0.85062,1.26839,1.09198,0.78361,1.00709,0.9064,1.20885,1.25696,0.75997,1.11148,1.31273,0.66105,0.86422,1.16485,1.25819,0.91282,0.91554,0.9843,1.17292,1.08918,1.24429,0.6684,0.94593,1.271,0.55364,0.99944,1.05876,1.13633,1.0016,1.00006,0.66404,0.90098,0.92425,0.88948,1.19324,0.80169,0.92132,1.25581,0.99556,1.16141,0.83679,0.77149,1.20092,0.89161,0.53146,1.27225,1.09127,0.89047,0.65007,1.1614,1.1631,1.02965,0.85522,0.86783
2.88,0.70807,1.26368,1.18808,0.78796,1.32807,1.0009,1.05801,0.90806,0.98573,0.99997,1.31108,1.1357,1.13368,0.94929,0.78378,1.30464,1.04911,0.60878,1.11219,0.84051,1.16917,1.27786,0.64905,1.14863,1.31103,0.7483,1.02617,1.23,1.27575,0.99215,0.91056,0.98388,1.17015,1.08633,1.23212,0.66282,0.86828,1.22455,0.45834,0.99955,0.95335,1.12306,1.04486,1.00009,0.63145,0.88423,0.92927,1.10921,1.23565,0.71349,0.96193,1.31672,0.91023,1.21962,0.88593,0.72327,1.24861,0.84097,0.53895,1.23706,0.99455,0.80364,0.59663,1.02167,1.16904,1.03039,0.85884,0.8727
2.9,0.74801,1.26213,1.23623,0.94833,1.34032,1.00085,1.12447,0.92351,0.9781,0.99996,1.31451,1.14462,1.12166,0.83459,0.73432,1.32178,0.99515,0.49479,1.17102,0.79051,1.08541,1.29288,0.55195,1.18444,1.30676,0.89009,1.20308,1.26672,1.28778,1.11289,0.89772,0.98091,1.14977,1.0719,1.2139,0.66711,0.79838,1.08575,0.38533,0.99957,0.88261,1.10698,1.06524,1.00011,0.61785,0.87344,0.93799,1.22944,1.25932,0.65254,1.01319,1.33927,0.83798,1.25021,0.95534,0.68078,1.27976,0.78152,0.5571,1.14386,0.92393,0.72868,0.55486,0.89494,1.18329,1.03556,0.8835,0.89663
2.92,0.79686,1.25571,1.26615,1.18144,1.34709,1.00092,1.16527,0.93792,0.97494,0.99995,1.31309,1.1459,1.10045,0.74357,0.7041,1.32951,0.96525,0.42328,1.20643,0.75746,0.94312,1.30367,0.48546,1.21654,1.29837,1.10197,1.26095,1.28973,1.29419,1.18411,0.87777,0.97565,1.09257,1.03818,1.18797,0.68438,0.73711,0.85036,0.33871,0.99954,0.82561,1.09064,1.07309,1.00013,0.62357,0.87185,0.9519,1.27737,1.2715,0.61873,1.07993,1.34988,0.7801,1.26633,1.08072,0.64497,1.29714,0.71626,0.59013,0.93877,0.86777,0.66512,0.53056,0.79135,1.2027,1.04445,0.93873,0.94814
2.94,0.85327,1.2422,1.28594,1.26503,1.34978,1.00105,1.19068,0.9492,0.97485,0.99995,1.30604,1.13762,1.0641,0.67281,0.69357,1.33101,0.94078,0.38316,1.22843,0.74144,0.83089,1.3113,0.45378,1.24362,1.283,1.20666,1.28238,1.30513,1.29497,1.23084,0.852,0.96845,0.96291,0.98419,1.15154,0.71768,0.68476,0.69307,0.31874,0.99947,0.78272,1.0768,1.0733,1.00013,0.65018,0.88195,0.9722,1.30217,1.27541,0.61159,1.12101,1.35498,0.73627,1.27325,1.18072,0.61629,1.30454,0.64936,0.64297,0.82573,0.83539,0.61189,0.52753,0.69479,1.22387,1.05602,1.06761,1.06792
2.96,0.91587,1.21758,1.29957,1.30179,1.349,1.00122,1.20645,0.95657,0.97674,0.99996,1.29041,1.11712,1.00173,0.61863,0.7015,1.32698,0.92202,0.36723,1.24217,0.74154,0.72605,1.31653,0.45616,1.26531,1.25458,1.238,1.2858,1.31598,1.28936,1.2646,0.82192,0.95979,0.83891,0.93321,1.09973,0.76975,0.64102,0.57495,0.32462,0.99939,0.75247,1.06722,1.06867,1.00012,0.70077,0.90505,0.99935,1.31676,1.27248,0.63031,1.14679,1.35686,0.70497,1.27321,1.23787,0.59478,1.304,0.58549,0.72096,0.77164,0.8293,0.5675,0.54899,0.60227,1.2443,1.06913,1.19766,1.18935
2.98,0.98281,1.17366,1.30912,1.32169,1.34467,1.0014,1.2161,0.9608,0.97975,0.99996,1.2576,1.08008,0.9584,0.57783,0.72474,1.31646,0.90797,0.37053,1.25054,0.75594,0.63375,1.31983,0.49095,1.28172,1.1976,1.242,1.27492,1.3239,1.27503,1.29017,0.78934,0.95029,0.70318,0.86981,1.0242,0.84217,0.60556,0.48691,0.35596,0.9993,0.73235,1.06151,1.06103,1.00011,0.78006,0.94093,1.05509,1.32594,1.26335,0.67331,1.16358,1.35647,0.68414,1.26701,1.27296,0.58034,1.2958,0.52939,0.82851,0.76366,0.84771,0.53057,0.59899,0.51337,1.26254,1.0826,1.26824,1.25938
3,1.07893,1.09188,1.31569,1.33352,1.33604,1.00156,1.22203,0.96401,0.98324,0.99997,1.17618,1.01952,0.91602,0.54801,0.75739,1.29673,0.89683,0.38893,1.25528,0.78173,0.55769,1.32146,0.5551,1.29318,1.05933,1.22836,1.2464,1.3298,1.24565,1.30989,0.75629,0.94075,0.56835,0.79707,0.96459,0.93388,0.57837,0.42252,0.41235,0.99922,0.71934,1.05707,1.05174,1.00008,0.89446,0.98745,1.10001,1.33187,1.24893,0.73662,1.17563,1.35427,0.67167,1.25476,1.29519,0.57295,1.27886,0.48536,0.96579,0.7898,0.88532,0.50013,0.68367,0.42942,1.27793,1.09523,1.30916,1.30148
3.02,1.13932,0.96782,1.31989,1.34077,1.3217,1.00171,1.22594,0.96899,0.98679,0.99998,0.934,0.96891,0.87775,0.52747,0.79093,1.26261,0.8866,0.41845,1.25753,0.81505,0.49941,1.32153,0.64126,1.3001,0.89615,1.19883,1.18873,1.33419,1.18176,1.32513,0.72479,0.93229,0.44441,0.71945,0.92535,1.06454,0.55961,0.37736,0.49163,0.99914,0.71044,1.05,1.04183,1.00006,1.0807,1.0657,1.13345,1.33563,1.23176,0.81238,1.18581,1.35052,0.66561,1.23628,1.30931,0.57263,1.25142,0.45654,1.14483,0.83725,0.9336,0.47559,0.81335,0.3523,1.29034,1.10577,1.33419,1.32783
3.04,1.17363,0.89384,1.32207,1.34505,1.29968,1.00181,1.22898,0.97826,0.99009,0.99999,0.75207,0.93194,0.84634,0.5149,0.81638,1.20553,0.87595,0.45527,1.25793,0.85179,0.45819,1.32011,0.73529,1.30286,0.80257,1.15374,1.07359,1.33739,0.99441,1.33688,0.69651,0.92639,0.3374,0.64209,0.89541,1.16089,0.54939,0.34823,0.58742,0.99909,0.70334,1.03618,1.03214,1.00003,1.2103,1.12275,1.157,1.33781,1.21677,0.8893,1.19565,1.3454,0.66449,1.21138,1.3181,0.57908,1.21297,0.44453,1.21549,0.89236,0.98259,0.45661,1.01412,0.28366,1.29999,1.11277,1.35014,1.34486
3.06,1.19345,0.84069,1.32245,1.34721,1.26916,1.00188,1.23173,0.99349,0.99299,1,0.61864,0.90184,0.82308,0.50924,0.8274,1.11541,0.86464,0.49609,1.25685,0.88825,0.43184,1.31732,0.81642,1.30167,0.74571,1.0969,0.94346,1.33957,0.83374,1.34585,0.67283,0.92502,0.24986,0.5701,0.87446,1.2054,0.54761,0.3328,0.68559,0.99906,0.69682,1.01144,1.02326,1.00001,1.26414,1.15818,1.17257,1.33877,1.20966,0.95523,1.20531,1.33906,0.66746,1.18019,1.32327,0.59139,1.16932,0.44975,1.24517,0.94262,1.04141,0.44305,1.22122,0.2247,1.30719,1.11437,1.36057,1.3561
3.08,1.20395,0.80705,1.32109,1.34765,1.23705,1.0019,1.23419,1.028,0.9954,1.00001,0.52278,0.8798,0.80838,0.5096,0.82261,0.99809,0.85375,0.53833,1.25432,0.92145,0.41764,1.31345,0.86259,1.29647,0.71717,1.04017,0.88532,1.34082,0.70532,1.35254,0.65508,0.93077,0.18227,0.50821,0.862,1.22729,0.55402,0.32957,0.76118,0.99905,0.69085,0.98659,1.01555,0.99999,1.29205,1.17968,1.18171,1.33871,1.2128,1.00218,1.21394,1.33163,0.67425,1.14375,1.32592,0.60766,1.13825,0.47188,1.25761,0.97938,1.07881,0.43507,1.28454,0.17639,1.31213,1.10761,1.36741,1.36351
3.1,1.20743,0.79162,1.31796,1.34652,1.22553,1.00187,1.23597,1.06868,0.99732,1.00002,0.45747,0.86642,0.80225,0.51527,0.80562,0.95982,0.84543,0.58017,1.25015,0.94914,0.41275,1.30912,0.86087,1.28693,0.70985,0.9999,0.85994,1.3411,0.60484,1.35729,0.64478,0.94699,0.13405,0.46048,0.85763,1.23612,0.56835,0.3378,0.78345,0.99906,0.68646,0.9637,1.00919,0.99998,1.30761,1.19128,1.18537,1.33775,1.22334,1.04232,1.22013,1.32321,0.68512,1.10488,1.32682,0.6248,1.13951,0.5099,1.26058,1.00019,1.09373,0.43327,1.31414,0.13953,1.31483,1.08707,1.37177,1.36822
3.12,1.20463,0.79356,1.31287,1.34372,1.24924,1.00179,1.23647,1.10428,0.9988,1.00003,0.41844,0.862,0.80457,0.52572,0.78279,0.95373,0.84234,0.62078,1.24394,0.97001,0.41444,1.30534,0.81461,1.27248,0.71774,0.99162,0.85626,1.34029,0.52783,1.36035,0.64348,0.97754,0.10412,0.42973,0.86115,1.23504,0.59034,0.35752,0.73506,0.9991,0.68523,0.93941,1.00417,0.99998,1.31587,1.1949,1.18399,1.33594,1.23617,1.04816,1.22234,1.31379,0.70068,1.06839,1.32651,0.63893,1.17043,0.56188,1.25737,1.01522,1.09583,0.43848,1.33059,0.11455,1.31517,1.0413,1.37429,1.37088
3.14,1.19514,0.81246,1.30538,1.3389,1.28795,1.00166,1.23512,1.13316,0.99989,1.00004,0.40314,0.8665,0.81531,0.54068,0.76018,0.96671,0.84688,0.66026,1.23506,0.98379,0.42045,1.30322,0.73956,1.25222,0.73591,0.99088,0.8652,1.33822,0.46969,1.3619,0.65233,1.04578,0.09135,0.41754,0.87253,1.22403,0.61997,0.38945,0.62904,0.99916,0.68856,0.91585,1.00038,0.99997,1.31892,1.19121,1.17747,1.33324,1.2476,1.03553,1.21907,1.30318,0.72157,1.03973,1.32541,0.64655,1.21096,0.62528,1.24961,1.01651,1.09071,0.45149,1.34062,0.10146,1.31286,0.97445,1.37532,1.37187
3.16,1.17721,0.84798,1.29471,1.3314,1.32019,1.0015,1.23153,1.15528,1.00133,1.00005,0.41045,0.87948,0.83443,0.56019,0.74204,0.9881,0.86082,0.69959,1.22279,0.99134,0.42912,1.30345,0.65438,1.22481,0.76051,0.9921,0.87982,1.33467,0.42607,1.36204,0.67179,1.12441,0.09535,0.42482,0.89185,1.20009,0.65747,0.43486,0.49909,0.99925,0.69729,0.8948,0.99883,0.99996,1.31747,1.17997,1.16515,1.32952,1.25596,1.01327,1.2084,1.29081,0.74818,1.02214,1.32378,0.64573,1.24666,0.69715,1.23814,1.01436,1.08211,0.47279,1.34712,0.1003,1.30749,0.91481,1.375,1.37129
3.18,1.14704,0.89915,1.27954,1.32007,1.34178,1.00129,1.22548,1.17101,1.00236,1.00006,0.44078,0.89987,0.86177,0.58442,0.73102,1.01511,0.88523,0.74027,1.20634,0.99447,0.43939,1.30597,0.57434,1.18875,0.78843,0.99129,0.89497,1.32941,0.3932,1.36069,0.70129,1.18192,0.11735,0.45266,0.9192,1.15557,0.70298,0.49493,0.37567,0.99935,0.7115,0.87789,0.99792,0.99996,1.31123,1.16024,1.14581,1.32455,1.26073,0.99553,1.18713,1.2756,0.78026,1.0144,1.32182,0.63665,1.27325,0.77351,1.22358,1.01579,1.07292,0.50222,1.35154,0.11171,1.29845,0.85067,1.3732,1.36892
3.2,1.09671,0.96321,1.25776,1.30311,1.35536,1.00107,1.21693,1.18053,1.00298,1.00006,0.49611,0.92575,0.89682,0.61359,0.72885,1.02999,0.92046,0.78417,1.18506,0.9957,0.4507,1.30999,0.50941,1.14347,0.81695,0.98592,0.9069,1.32226,0.3681,1.35752,0.73885,1.22176,0.16109,0.50286,0.95443,1.07232,0.75614,0.56978,0.27437,0.99946,0.73057,0.86675,0.99738,0.99996,1.29869,1.13071,1.11751,1.31797,1.26164,0.99081,1.14875,1.25553,0.81664,1.01127,1.3196,0.62146,1.29119,0.84861,1.2067,1.02503,1.06548,0.53856,1.35467,0.13766,1.28503,0.78891,1.36938,1.36407
3.22,1.00735,1.05836,1.22583,1.2776,1.36381,1.00085,1.20603,1.18361,1.00325,1.00005,0.57999,0.9545,0.93853,0.64806,0.73671,1.01104,0.96623,0.83358,1.1586,0.99783,0.46298,1.31443,0.46469,1.09141,0.84376,0.97485,0.91328,1.31319,0.34841,1.35169,0.78114,1.24849,0.23533,0.57892,0.99724,0.9613,0.81594,0.65772,0.1983,0.99957,0.75332,0.86297,0.99713,0.99996,1.27623,1.09012,1.07735,1.30922,1.25829,0.99677,1.07807,1.22654,0.85537,1.00576,1.31712,0.60361,1.30205,0.91528,1.18857,1.04292,1.06141,0.57954,1.357,0.18273,1.26662,0.73507,1.36212,1.35489
3.24,0.941,1.13288,1.17694,1.2383,1.36908,1.00066,1.19295,1.17951,1.00325,1.00005,0.69758,0.98319,0.98517,0.68858,0.75541,0.97219,1.03838,0.89183,1.12672,1.00672,0.47664,1.31832,0.44196,1.03997,0.86724,0.95814,0.91323,1.3023,0.3322,1.34097,0.82429,1.26606,0.3614,0.68852,1.07436,0.89322,0.88102,0.75561,0.14446,0.99967,0.77855,0.86798,0.99713,0.99997,1.23496,1.03803,1.02113,1.2973,1.24986,1.03001,0.97093,1.17883,0.89455,0.99542,1.31428,0.58705,1.30717,0.96693,1.17051,1.0674,1.06145,0.62247,1.35883,0.25751,1.24283,0.69204,1.34691,1.33544
3.26,0.88101,1.17302,1.09631,1.17394,1.37232,1.00054,1.17774,1.16658,1.00304,1.00004,0.85419,1.01724,1.05696,0.73645,0.78532,0.91818,1.11371,0.96381,1.08883,1.02693,0.49259,1.32082,0.44157,0.99992,0.88669,0.93684,0.90723,1.28978,0.31795,1.31838,0.86488,1.27731,0.59924,0.84827,1.13033,0.84308,0.94974,0.86015,0.10855,0.99973,0.80538,0.88284,0.99733,0.99997,1.14936,0.98897,0.97574,1.28024,1.23482,1.07972,0.89736,1.08139,0.93305,0.98087,1.31083,0.57588,1.30725,1.00024,1.1537,1.09486,1.06527,0.66495,1.36038,0.38797,1.21377,0.66042,1.30136,1.27456
3.28,0.82562,1.19426,0.97669,1.05384,1.37414,1.00052,1.16038,1.14145,1.00267,1.00002,1.07537,1.0505,1.11021,0.79342,0.82592,0.85103,1.16142,1.08533,1.04328,1.05533,0.51219,1.32109,0.46409,0.98968,0.90236,0.91298,0.89707,1.2759,0.30451,1.2484,0.90037,1.28409,1.17782,1.12229,1.17039,0.81093,1.0356,0.96915,0.08722,0.99974,0.83313,0.9083,0.99765,0.99998,0.96703,0.96525,0.94571,1.2541,1.21064,1.12954,0.83413,0.92945,0.9707,0.9582,1.3064,0.57463,1.30219,1.02943,1.13872,1.12155,1.07162,0.70523,1.3618,0.64962,1.18047,0.63951,0.84869,0.80736
3.3,0.77659,1.20271,0.90712,0.92746,1.37486,1.00068,1.14083,1.09708,1.00221,1.00001,1.20653,1.06804,1.14079,0.86137,0.8752,0.78031,1.19115,1.17669,0.99348,1.08848,0.53722,1.3179,0.51104,0.98701,0.91532,0.88926,0.88556,1.26097,0.29117,0.82446,0.92927,1.28756,1.3316,1.25971,1.19927,0.79679,1.11652,1.11211,0.0786,0.99966,0.86126,0.94471,0.99806,0.99999,0.8608,0.95124,0.9238,1.20972,1.17337,1.17158,0.78505,0.8131,1.01556,0.92778,1.3004,0.58887,1.29077,1.0364,1.12522,1.14462,1.07866,0.74227,1.36316,1.23779,1.14526,0.62819,0.41765,0.44639
3.32,0.73544,1.20011,0.85554,0.8457,1.37456,1.00107,1.11904,1.01721,1.00172,1,1.24422,1.07239,1.15476,0.94222,0.92951,0.71455,1.20793,1.23134,0.96466,1.12212,0.56986,1.30886,0.58577,0.98694,0.92708,0.86838,0.8757,1.24513,0.27769,0.49852,0.95124,1.28844,1.3609,1.30833,1.2199,0.80124,1.16005,1.18789,0.08226,0.99946,0.88929,0.99196,0.99849,1,0.8051,0.94758,0.91228,1.12033,1.11701,1.20365,0.75303,0.7062,1.07323,0.89147,1.29195,0.62581,1.26978,1.03658,1.11198,1.16257,1.08456,0.77587,1.3645,1.34142,1.11148,0.62527,0.20508,0.24893
3.34,0.70318,1.18488,0.81968,0.7771,1.37313,1.00176,1.09476,0.94903,1.00124,1,1.25001,1.06449,1.15479,1.06223,0.98424,0.65948,1.21439,1.26635,0.93757,1.1527,0.6126,1.288,0.69523,0.98512,0.93907,0.85231,0.86982,1.22803,0.26428,0.30281,0.967,1.28712,1.37304,1.33269,1.23419,0.82569,1.18477,1.23041,0.0991,0.99912,0.91704,1.07702,0.99892,1.00001,0.79468,0.95416,0.91226,0.94949,1.03256,1.22654,0.73973,0.61187,1.11516,0.85239,1.27965,0.69545,1.23066,1.04122,1.09737,1.17512,1.08802,0.80697,1.36579,1.36551,1.08211,0.62967,0.08163,0.12714
3.36,0.68051,1.15066,0.79706,0.71599,1.37028,1.00283,1.06736,0.89138,1.00079,1,1.23208,1.04449,1.14161,1.16096,1.0578,0.61845,1.21151,1.28926,0.91243,1.17788,0.66804,1.23451,0.85275,0.97856,0.95229,0.84197,0.86912,1.20826,0.25165,0.178,0.97815,1.28379,1.37944,1.34681,1.2434,0.8725,1.19855,1.25875,0.13143,0.99858,0.94468,1.13892,0.99931,1.00001,0.82515,0.9698,0.92316,0.83226,0.96349,1.24167,0.74574,0.53349,1.14661,0.81464,1.26115,0.81298,1.14534,1.05706,1.07983,1.18268,1.08843,0.83764,1.36697,1.37582,1.05801,0.64046,0.0041,0.04755
3.38,0.66823,1.07903,0.78504,0.65951,1.36535,1.00433,1.03575,0.83985,1.00037,1,1.18068,1.01308,1.11538,1.21362,1.10609,0.59411,1.19872,1.30374,0.89044,1.19624,0.73832,0.99565,1.11161,0.96598,0.96702,0.83744,0.87368,1.18251,0.24102,0.09708,0.98689,1.27856,1.38095,1.35544,1.24813,0.94492,1.20537,1.27956,0.18312,0.99782,0.97261,1.1801,0.99968,1,0.88995,0.9917,0.94229,0.73766,0.92433,1.24998,0.77104,0.47466,1.1697,0.78318,1.23232,1.00658,0.94868,1.08417,1.05824,1.18587,1.08575,0.87099,1.36794,1.3812,1.03671,0.65665,0,0
3.4,0.66763,0.96232,0.78097,0.60687,1.35711,1.0063,0.99918,0.79801,0.99998,1,1.0617,0.98791,1.07844,1.24458,1.13129,0.58971,1.17365,1.31155,0.87371,1.20667,0.82412,0.73715,1.24692,0.94774,0.98271,0.83827,0.88264,1.14348,0.23405,0.04658,0.9959,1.27152,1.38095,1.36054,1.24835,1.07378,1.2076,1.29556,0.25952,0.99681,1.00233,1.20687,1.00008,1,0.97396,1.02803,0.96467,0.66444,0.8996,1.25144,0.81501,0.43929,1.18509,0.76358,1.18519,1.22272,0.80935,1.11736,1.03245,1.18529,1.08042,0.91114,1.36857,1.38417,1.01217,0.67713,0,0
3.42,0.68058,0.87538,0.7823,0.55845,1.343,1.00875,0.97934,0.76888,0.99977,1.00001,0.93865,0.97329,1.03973,1.26311,1.14188,0.60969,1.13105,1.31316,0.86448,1.20789,0.92415,0.55947,1.2946,0.92518,0.99809,0.84405,0.8946,1.07226,0.2327,0.01941,1.01562,1.26267,1.38095,1.36302,1.24337,1.17801,1.20688,1.30807,0.36746,0.99554,1.05201,1.22286,1.00082,0.99999,1.07587,1.05761,0.98379,0.61175,0.8881,1.24472,0.87624,0.43161,1.19288,0.76119,1.10199,1.28652,0.70099,1.1508,1.00382,1.1812,1.07315,0.9635,1.36869,1.38565,0.9877,0.70091,0,0
3.44,0.70941,0.79642,0.7868,0.51495,1.31679,1.01163,0.96043,0.75453,0.99954,1.00001,0.90517,0.96615,1.01572,1.27355,1.14197,0.66011,1.05992,1.30777,0.86435,1.19779,1.05914,0.4383,1.31818,0.89981,1.02159,0.85503,0.90828,0.96043,0.23898,0.01221,1.04692,1.25164,1.38095,1.3632,1.23155,1.23344,1.20439,1.31787,0.51536,0.99404,1.09004,1.23006,1.00162,0.99999,1.10837,1.07062,0.99394,0.57846,0.888,1.22629,0.95243,0.45678,1.19298,0.78036,0.97111,1.31534,0.61753,1.18107,0.9886,1.17307,1.0646,1.05915,1.36813,1.38603,0.96062,0.72786,0,0
3.46,0.75689,0.72914,0.79272,0.4772,1.25873,1.01483,0.94271,0.75629,0.99928,1.00001,0.94246,0.96796,1.01945,1.27804,1.13444,0.74925,0.97316,1.29207,0.8737,1.17187,1.16409,0.35558,1.33182,0.87285,1.03768,0.87271,0.92293,0.86702,0.25515,0.0249,1.08548,1.23721,1.38095,1.36098,1.20951,1.2659,1.20104,1.32545,0.71266,0.99234,1.11958,1.2292,1.00249,0.99999,1.07183,1.0674,0.99244,0.56319,0.89625,1.18745,1.06435,0.52271,1.18509,0.82417,0.89127,1.33087,0.55353,1.20704,0.97936,1.15901,1.05516,1.15439,1.36665,1.38536,0.92187,0.75929,0,0
3.48,0.82603,0.67615,0.79882,0.44638,1.06131,1.01815,0.92683,0.77524,0.99902,1,1.08859,0.97851,1.04674,1.27753,1.1231,0.88759,0.9208,1.25612,0.8915,1.12008,1.21449,0.2995,1.3404,0.84536,1.04369,0.90003,0.93844,0.76824,0.28405,0.06163,1.12828,1.2164,1.38095,1.35562,1.17013,1.28556,1.19752,1.3311,0.96475,0.99056,1.14219,1.21953,1.00342,1,0.95983,1.04754,0.9806,0.56493,0.90802,1.10382,1.14833,0.64219,1.16867,0.89386,0.8285,1.33997,0.50485,1.22873,0.97573,1.13453,1.04483,1.21766,1.36388,1.38331,0.8699,0.79833,0,0
3.5,0.91958,0.63987,0.80422,0.42403,0.81352,1.02128,0.91382,0.81267,0.99875,1,1.21184,0.99604,1.08133,1.2721,1.11442,1.11397,0.88292,1.16373,0.9153,1.0185,1.24338,0.26287,1.34599,0.81835,1.0375,0.9418,0.95522,0.66864,0.32977,0.13385,1.17088,1.18233,1.37857,1.34528,1.09618,1.29686,1.19433,1.33493,1.20806,0.98885,1.15851,1.19805,1.00434,1.00001,0.85402,1.00957,0.96308,0.58326,0.91653,0.95599,1.1893,0.8334,1.14332,0.98709,0.77929,1.3454,0.46864,1.24648,0.97947,1.0888,1.03323,1.26094,1.3591,1.37886,0.80548,0.85012,0.0152,0.05652
3.52,1.06484,0.62243,0.80817,0.41175,0.70027,1.02394,0.90476,0.87035,0.9985,0.99999,1.26894,1.03226,1.11024,1.26092,1.11654,1.23047,0.86237,0.92606,0.94169,0.93642,1.26158,0.24133,1.34961,0.79276,1.01394,1.01108,0.97431,0.57307,0.39889,0.27038,1.20935,1.11686,1.36913,1.32521,0.97198,1.30178,1.19194,1.33694,1.26363,0.98739,1.16888,1.15702,1.00518,1.00002,0.75593,0.97868,0.9457,0.61839,0.91449,0.86092,1.20715,1.13986,1.1094,1.12389,0.74085,1.34842,0.4429,1.26079,0.99276,0.99468,1.01949,1.29108,1.3508,1.36847,0.73206,0.92168,0.12446,0.16645
3.54,1.18114,0.62531,0.80978,0.41063,0.64956,1.02588,0.90032,0.95085,0.99831,0.99999,1.29747,1.06597,1.1286,1.24208,1.13367,1.27321,0.8607,0.7774,0.96755,0.87792,1.27373,0.23218,1.35188,0.76935,0.98218,1.1306,0.99742,0.48567,0.50279,0.5576,1.24137,0.97948,1.34401,1.27981,0.88784,1.30099,1.19096,1.33712,1.28155,0.98631,1.17369,1.0747,1.00584,1.00002,0.6792,0.95295,0.93304,0.67096,0.89707,0.79223,1.2085,1.25892,1.06813,1.18983,0.711,1.34967,0.42582,1.27217,1.03337,0.91488,1.00201,1.31234,1.33512,1.33104,0.65542,1.03802,0.33913,0.37107
3.56,1.23637,0.64925,0.80777,0.42114,0.63921,1.027,0.90046,1.08607,0.99819,0.99999,1.31234,1.09163,1.1363,1.21191,1.16188,1.29229,0.87795,0.68447,0.99124,0.83532,1.28207,0.2336,1.3532,0.74869,0.94508,1.20876,1.04681,0.40949,0.6621,1.24061,1.26628,0.8735,1.16263,1.11515,0.81579,1.29408,1.19218,1.33541,1.28483,0.98568,1.17355,0.95241,1.00625,1.00002,0.62652,0.93045,0.92729,0.74125,0.86429,0.74849,1.19385,1.2958,1.02064,1.22322,0.6881,1.34948,0.41547,1.2811,1.0896,0.82251,0.98971,1.32741,1.29869,0.67039,0.58237,1.1653,0.86832,0.82103
3.58,1.26739,0.69392,0.80051,0.44302,0.65496,1.02734,0.90435,1.18204,0.99817,0.99999,1.31971,1.10976,1.13487,1.1643,1.1927,1.30028,0.91236,0.62847,1.0242,0.80668,1.28781,0.24418,1.35392,0.73135,0.89649,1.26072,1.09626,0.34687,0.91532,1.343,1.28437,0.77865,0.4932,0.78183,0.7562,1.27943,1.19652,1.33169,1.27979,0.98549,1.16933,0.86491,1.00632,1.00002,0.59595,0.91273,0.92838,0.82712,0.82114,0.72657,1.15854,1.31185,0.98429,1.24124,0.67107,1.34803,0.40969,1.28791,1.1445,0.72208,0.97566,1.33796,1.14827,0.24409,0.51958,1.22889,1.32536,1.30772
3.6,1.28616,0.7569,0.78628,0.47507,0.68237,1.02702,0.91048,1.23201,0.99827,1,1.32228,1.12124,1.12677,1.09138,1.2194,1.30144,0.95966,0.59524,1.05805,0.78872,1.29153,0.26256,1.35436,0.71808,0.83835,1.29579,1.14224,0.29953,1.22945,1.36294,1.29626,0.70231,0.27582,0.61545,0.70918,1.25371,1.20468,1.32585,1.27033,0.98566,1.16242,0.79048,1.00596,1.00001,0.58445,0.90061,0.93436,0.92065,0.77548,0.72317,1.0902,1.31987,0.95936,1.25116,0.65939,1.34545,0.40615,1.29275,1.19243,0.61953,0.95819,1.34505,0.72242,0.09259,0.47277,1.26355,1.35768,1.34942
3.62,1.29763,0.83279,0.76405,0.51513,0.70387,1.02622,0.91693,1.26014,0.99852,1,1.32124,1.12683,1.11551,0.99587,1.23934,1.29716,1.02411,0.57423,1.08868,0.77795,1.29351,0.28729,1.35478,0.70971,0.77402,1.31979,1.18357,0.26834,1.29977,1.37023,1.3025,0.64899,0.17971,0.5226,0.67473,1.21089,1.21654,1.31783,1.26223,0.98611,1.15477,0.73241,1.00512,1,0.58914,0.89444,0.9422,1.01145,0.73479,0.73543,0.98228,1.32447,0.93319,1.25666,0.65295,1.34183,0.40272,1.29564,1.23131,0.5209,0.9368,1.34936,0.50814,0.02647,0.44613,1.28239,1.36765,1.36193
3.64,1.3042,0.91374,0.73436,0.56056,0.70202,1.0251,0.92183,1.27605,0.99892,1.00001,1.31692,1.127,1.1053,0.9597,1.25259,1.28717,1.09365,0.55872,1.11775,0.77183,1.29387,0.31713,1.35533,0.70698,0.70787,1.33639,1.21944,0.25328,1.32557,1.37276,1.30334,0.61997,0.13726,0.47576,0.65259,1.13992,1.23092,1.30756,1.26295,0.98674,1.14868,0.69179,1.00377,0.99999,0.60792,0.89424,0.94887,1.09136,0.7038,0.76131,0.91958,1.32767,0.90437,1.25965,0.65177,1.33722,0.39817,1.29656,1.26137,0.43122,0.91126,1.35135,0.38552,0.00195,0.44242,1.29127,1.3715,1.36679
3.66,1.30707,0.99101,0.69965,0.60871,0.66708,1.02377,0.9238,1.28415,0.99944,1.00001,1.309,1.12202,1.09998,0.95386,1.26023,1.26943,1.13152,0.54638,1.14411,0.76937,1.29263,0.35121,1.35599,0.71041,0.6448,1.34791,1.24959,0.25396,1.33786,1.37236,1.29832,0.61444,0.12643,0.46143,0.64225,1.02007,1.24592,1.29505,1.27572,0.98748,1.14615,0.66834,1.00196,0.99999,0.63933,0.89976,0.9522,1.10161,0.68423,0.7997,0.87563,1.3301,0.87407,1.26083,0.65583,1.33162,0.39264,1.29541,1.28373,0.35412,0.88171,1.35126,0.31313,0.00593,0.46413,1.29286,1.37243,1.36813
3.68,1.30681,1.08575,0.66401,0.65704,0.60218,1.02227,0.92206,1.28641,1.00008,1.00002,1.2966,1.11205,1.10164,0.97851,1.26336,1.23872,1.15087,0.53895,1.16548,0.77127,1.28975,0.38909,1.35657,0.72034,0.58985,1.35578,1.2742,0.27012,1.34423,1.36913,1.28566,0.63062,0.13878,0.47215,0.64319,0.93923,1.25962,1.28038,1.2957,0.98831,1.14839,0.66143,0.99993,0.99998,0.68198,0.91037,0.95117,1.05385,0.67582,0.84995,0.84958,1.33151,0.8459,1.25992,0.66505,1.32491,0.38772,1.29194,1.29963,0.2921,0.84883,1.34913,0.27101,0.03693,0.51472,1.28811,1.37136,1.36713
3.7,1.30349,1.13215,0.6323,0.70296,0.52022,1.02062,0.91639,1.28334,1.0013,1.00003,1.27825,1.0973,1.10989,1.05759,1.26287,1.1817,1.15823,0.54147,1.1796,0.77974,1.28511,0.43063,1.35674,0.73697,0.54775,1.3609,1.29377,0.30174,1.34744,1.3619,1.26089,0.66583,0.17081,0.50267,0.65507,0.89403,1.27057,1.26394,1.31574,0.98922,1.15542,0.67078,0.99886,0.99998,0.7337,0.92509,0.94592,0.95373,0.67716,0.91125,0.83891,1.33103,0.82517,1.25577,0.67921,1.3169,0.38621,1.28576,1.31009,0.24682,0.81388,1.34474,0.24842,0.10147,0.59937,1.27682,1.36849,1.36409
3.72,1.29666,1.15447,0.60889,0.7441,0.43526,1.01881,0.90714,1.27423,1.00236,1.00003,1.25177,1.07809,1.12248,1.14472,1.25938,1.05504,1.15711,0.56071,1.1847,0.79764,1.27856,0.47589,1.35614,0.76043,0.52217,1.3638,1.30899,0.3491,1.34873,1.34699,1.2122,0.71642,0.22067,0.5482,0.67786,0.86776,1.278,1.2466,1.33219,0.99021,1.16623,0.6968,0.99793,0.99998,0.7914,0.94267,0.93741,0.85591,0.68648,0.98202,0.84055,1.32727,0.8172,1.24635,0.69801,1.30728,0.3914,1.27614,1.31584,0.21907,0.77853,1.33761,0.2391,0.21675,0.72588,1.25791,1.36364,1.35892
3.74,1.28516,1.1646,0.59667,0.77871,0.35656,1.01681,0.89502,1.2565,1.00311,1.00003,1.21353,1.05485,1.1367,1.20539,1.2531,0.90746,1.14951,0.60353,1.17925,0.8273,1.26981,0.5252,1.35434,0.79079,0.51534,1.36482,1.32063,0.41312,1.34869,1.31099,1.09899,0.77815,0.28695,0.60394,0.71195,0.85463,1.28168,1.22956,1.34458,0.99128,1.17923,0.74081,0.99726,0.99998,0.85181,0.96188,0.92698,0.75461,0.70253,1.08847,0.8515,1.31796,0.8257,1.22857,0.72105,1.29556,0.40631,1.2618,1.31731,0.20895,0.74456,1.32675,0.23934,0.42423,0.90661,1.22915,1.35639,1.35124
3.76,1.26653,1.16805,0.59696,0.80607,0.28831,1.01463,0.8811,1.22374,1.00348,1.00003,1.15657,1.02803,1.1503,1.24615,1.24364,0.81209,1.13669,0.67591,1.16116,0.8693,1.25856,0.57897,1.3509,0.82793,0.52834,1.36406,1.32931,0.49546,1.34762,1.15171,0.91222,0.84654,0.36814,0.66536,0.75813,0.84997,1.2816,1.21412,1.35366,0.99245,1.19274,0.80495,0.99694,0.99998,0.9125,0.98165,0.91607,0.66026,0.7251,1.15379,0.86895,1.2985,0.85189,1.19735,0.74772,1.281,0.43331,1.24053,1.3145,0.21655,0.71382,1.31019,0.2471,0.84356,1.16709,1.18655,1.34597,1.3404
3.78,1.23553,1.16823,0.60996,0.82653,0.2319,1.01233,0.86681,1.15834,1.00345,1.00003,1.06459,0.99922,1.16161,1.27349,1.22973,0.74497,1.11997,0.78062,1.12736,0.92106,1.2446,0.63719,1.34522,0.87112,0.56161,1.36136,1.33545,0.59757,1.34559,0.69587,0.79467,0.91665,0.46222,0.72852,0.81716,0.84973,1.27767,1.20122,1.36024,0.99367,1.20527,0.89165,0.99696,0.99998,0.97254,1.00192,0.90622,0.57865,0.75522,1.18954,0.88995,1.25732,0.89384,1.14424,0.77692,1.26268,0.47384,1.20854,1.30679,0.24249,0.68847,1.28415,0.26154,1.29629,1.25979,1.12377,1.3311,1.32535
3.8,1.17986,1.16794,0.63497,0.84125,0.18755,1.00999,0.8539,0.9974,1.00306,1.00003,0.95762,0.98516,1.16932,1.29173,1.2086,0.70621,1.10149,0.91085,1.07505,0.97535,1.22818,0.69865,1.3365,0.91844,0.61476,1.35626,1.33924,0.7185,1.34252,0.48353,0.71035,0.98279,0.56649,0.79029,0.88916,0.85012,1.26969,1.1911,1.36491,0.99489,1.21558,1.00464,0.9973,0.99998,1.05497,1.0339,0.89905,0.51275,0.79503,1.20733,0.91115,1.15848,0.94531,1.05776,0.80672,1.23962,0.52794,1.1595,1.29277,0.2881,0.67103,1.24117,0.28266,1.34376,1.29542,1.03231,1.3096,1.30433
3.82,1.06227,1.16974,0.67083,0.85184,0.15493,1.00776,0.84417,0.8753,1.00239,1.00002,0.8887,0.97367,1.17245,1.30361,1.1747,0.6972,1.08444,1.06799,1.00615,1.03748,1.21033,0.76093,1.32355,0.96698,0.68656,1.34769,1.34064,0.85227,1.33817,0.3607,0.65441,1.06368,0.67779,0.84866,0.97326,0.84765,1.25712,1.18333,1.3681,0.99605,1.22278,1.15294,0.9979,0.99998,1.12261,1.05689,0.89603,0.46353,0.8474,1.21121,0.92907,0.94602,0.99615,0.97278,0.83465,1.21113,0.59406,1.08216,1.2695,0.35576,0.66416,1.16566,0.3111,1.35962,1.31231,0.96289,1.2775,1.27431
3.84,0.91811,1.17564,0.71649,0.85993,0.13335,1.00576,0.8391,0.77861,1.00151,1.00001,0.82858,0.96515,1.17035,1.31089,1.11616,0.71958,1.07227,1.15284,0.97234,1.07444,1.19271,0.82138,1.30436,1.02539,0.77582,1.33318,1.33939,0.98681,1.33219,0.28272,0.62295,1.10982,0.79246,0.90239,1.0976,0.83935,1.23887,1.1771,1.37011,0.99709,1.22636,1.21773,0.99868,0.99999,1.1669,1.07238,0.89807,0.43049,0.91486,1.2014,0.94099,0.84932,1.05939,0.94124,0.85855,1.17672,0.6698,0.97962,1.23037,0.45034,0.67029,1.02146,0.34781,1.36737,1.32022,0.92784,1.22688,1.22952
3.86,0.82289,1.18648,0.77139,0.8668,0.12226,1.00404,0.83973,0.70407,1.0005,1,0.77591,0.95984,1.16268,1.31465,1.00382,0.7743,1.06718,1.16935,0.95613,1.0778,1.17703,0.87853,1.27492,1.08521,0.88273,1.30575,1.33474,1.13179,1.32409,0.23222,0.61281,1.13021,0.90557,0.95045,1.17215,0.82323,1.21273,1.17158,1.37111,0.99796,1.22592,1.25248,0.99957,1,1.19803,1.08143,0.90525,0.41242,0.99786,1.17476,0.94578,0.8248,1.0875,0.9381,0.87729,1.1356,0.75304,0.92217,1.15728,0.58219,0.6916,0.9213,0.39351,1.37168,1.32257,0.90932,1.14057,1.15873
3.88,0.74859,1.20171,0.83521,0.87326,0.12165,1.00263,0.84668,0.64816,0.99972,0.99999,0.73178,0.95788,1.14954,1.31552,0.92709,0.85883,1.06892,1.15312,0.95075,1.05705,1.1642,0.93276,1.2255,1.1223,1.01864,1.23731,1.32487,1.18403,1.31339,0.20284,0.62142,1.13551,1.01793,0.99127,1.21362,0.79852,1.17454,1.16621,1.37116,0.99868,1.22096,1.27305,1.00098,1.00002,1.21999,1.08467,0.91671,0.40812,1.11998,1.12431,0.94416,0.84892,1.09598,0.95673,0.89115,1.08547,0.84279,0.87783,0.99022,0.773,0.7302,0.86919,0.4477,1.37398,1.32058,0.90414,0.99006,1.04039
3.9,0.69269,1.21963,0.9074,0.87945,0.13258,1.00151,0.86023,0.60815,0.99922,0.99999,0.69893,0.95934,1.13193,1.31374,0.87002,0.961,1.07489,1.11946,0.94896,1.02119,1.15368,0.98648,1.12563,1.14731,1.16833,0.93233,1.30515,1.2042,1.3,0.194,0.64653,1.13044,1.12073,1.03963,1.23853,0.76579,1.11625,1.16087,1.37018,0.99924,1.21063,1.28562,1.00272,1.00004,1.2344,1.08227,0.93058,0.41686,1.17779,1.04117,0.93848,0.89246,1.09872,0.98513,0.90164,1.01993,0.93971,0.84294,0.86803,1.10021,0.78829,0.84334,0.50719,1.37465,1.31438,0.9091,0.91376,0.94605
3.92,0.65351,1.23824,0.98712,0.88475,0.15767,1.00067,0.88034,0.58215,0.99878,0.99998,0.68037,0.96429,1.11224,1.30912,0.83644,1.08206,1.08162,1.09988,0.94217,0.99491,1.14328,1.07026,0.93771,1.1658,1.23299,0.66989,1.26053,1.20955,1.28491,0.20927,0.68607,1.11748,1.15585,1.06623,1.25358,0.72677,1.02033,1.15615,1.36784,0.99966,1.19344,1.293,1.00422,1.00006,1.24192,1.07387,0.94438,0.43872,1.20351,0.97116,0.93189,0.91444,1.10871,1.01329,0.91132,0.96808,1.07355,0.81397,0.76776,1.26916,0.86832,0.83578,0.56526,1.37349,1.30326,0.92113,0.87647,0.90571
3.94,0.62968,1.25589,1.10363,0.88767,0.20234,1.00006,0.90651,0.56875,0.99845,0.99997,0.67817,0.97278,1.0941,1.30093,0.82956,1.1284,1.08621,1.13055,0.92411,0.99475,1.12918,1.13596,0.81295,1.18107,1.26911,0.49731,1.10408,1.2059,1.27069,0.25699,0.73836,1.09799,1.1596,1.07189,1.26191,0.68391,0.9448,1.15349,1.36339,0.99997,1.16693,1.29659,1.00535,1.00008,1.24278,1.05856,0.95575,0.47516,1.20822,0.9481,0.92728,0.87898,1.13276,1.01369,0.92347,0.92538,1.17145,0.78766,0.68382,1.31638,0.97305,0.84097,0.6129,1.36963,1.28523,0.93765,0.87201,0.89665
3.96,0.62003,1.27148,1.17079,0.88579,0.27734,0.99983,0.93751,0.56682,0.99826,0.99997,0.69303,0.98479,1.0814,1.28731,0.8504,1.1138,1.08678,1.19342,0.89372,1.02831,1.10515,1.18493,0.71054,1.19519,1.29189,0.3779,0.79068,1.19536,1.261,0.35471,0.80223,1.07245,1.13795,1.06032,1.26513,0.64015,0.88763,1.15521,1.355,1.00034,1.12735,1.2971,1.00601,1.0001,1.23684,1.03469,0.96304,0.52971,1.19341,0.95608,0.9267,0.78438,1.16648,0.97983,0.94194,0.8799,1.22415,0.76111,0.61351,1.33816,1.13074,0.85515,0.64205,1.36027,1.25574,0.95686,0.89645,0.91498
3.98,0.6236,1.2844,1.21163,0.87586,0.40517,0.99972,0.97077,0.57546,0.99822,0.99996,0.72407,1.00022,1.07676,1.26407,0.89792,1.02452,1.08215,1.24849,0.85551,1.08525,1.05883,1.22339,0.62373,1.20939,1.30694,0.29467,0.60601,1.1784,1.2586,0.54108,0.87641,1.04039,1.08392,1.03253,1.26395,0.59873,0.83752,1.16399,1.3372,1.00055,1.07021,1.29481,1.00615,1.00011,1.22351,0.99986,0.96558,0.60883,1.15219,0.99258,0.93136,0.66324,1.20003,0.93096,0.97128,0.83052,1.25752,0.73197,0.55635,1.35014,1.20894,0.87574,0.64893,1.33415,1.20391,0.97774,0.94568,0.95622
4,0.63984,1.29434,1.23916,0.85433,0.64022,0.99971,1.00392,0.5939,0.99834,0.99996,0.76834,1.03303,1.08041,1.22006,0.96789,0.9204,1.07149,1.28421,0.81753,1.13616,0.98047,1.25397,0.54956,1.22413,1.31671,0.23932,0.48719,1.15441,1.26327,0.90975,0.95867,1.00021,0.98808,0.99493,1.25842,0.56301,0.79311,1.18144,1.28451,1.00059,0.99719,1.28974,1.00575,1.00012,1.20203,0.97814,0.96359,0.72371,1.06182,1.07787,0.94174,0.55217,1.22647,0.87434,1.03111,0.77757,1.28043,0.69875,0.51328,1.35701,1.24788,0.90094,0.63544,1.16497,1.09826,0.9999,1.02411,1.02445
4.02,0.66877,1.30128,1.25899,0.81854,1.16468,0.99978,1.04447,0.6215,0.99862,0.99995,0.82034,1.06289,1.09019,1.11423,1.07989,0.83637,1.05407,1.30457,0.78789,1.17206,0.91105,1.27815,0.48676,1.2392,1.32242,0.20745,0.41559,1.12182,1.27235,1.28132,1.07192,0.97761,0.92728,0.97283,1.24793,0.5358,0.75346,1.20641,0.87333,1.00044,0.96529,1.2816,1.0048,1.00013,1.17218,0.95548,0.95805,0.89506,0.94675,1.13901,0.95763,0.47102,1.24357,0.82388,1.11542,0.72251,1.29683,0.66116,0.48551,1.36064,1.26819,0.92941,0.60764,0.54638,0.93626,1.04119,1.11633,1.10471
4.04,0.71126,1.30534,1.27391,0.76812,1.31981,0.99996,1.05964,0.65792,0.99904,0.99995,0.87244,1.08854,1.10289,0.90395,1.154,0.77656,1.02936,1.31465,0.77226,1.19345,0.83091,1.2971,0.43437,1.2539,1.32473,0.19646,0.37996,1.07796,1.28283,1.32992,1.14985,0.95534,0.88124,0.95565,1.23075,0.51891,0.71793,1.23504,0.50091,1.00009,0.95187,1.26973,1.00332,1.00014,1.1357,0.93331,0.95039,1.16977,0.87402,1.17357,0.97818,0.42442,1.2516,0.78821,1.18071,0.66735,1.30882,0.62038,0.47363,1.36184,1.27755,0.96003,0.57262,0.32538,0.83914,1.07555,1.16403,1.14788
4.06,0.76933,1.30667,1.28545,0.70557,1.35166,1.00048,1.05152,0.70305,0.99959,0.99995,0.9158,1.10937,1.1153,0.75292,1.19234,0.74475,0.99883,1.3174,0.7734,1.2031,0.7463,1.31177,0.39158,1.26734,1.32398,0.20504,0.37348,1.01892,1.29268,1.34537,1.19119,0.9335,0.85273,0.94546,1.20313,0.51321,0.68621,1.26292,0.30423,0.99976,0.95916,1.25289,1.00141,1.00015,1.0986,0.91313,0.94235,1.27344,0.82169,1.18964,1.00325,0.41082,1.25104,0.77045,1.22857,0.61444,1.31767,0.57893,0.47753,1.36091,1.2792,0.9916,0.53644,0.22798,0.76886,1.1043,1.18754,1.16838
4.08,0.84605,1.30529,1.2944,0.63578,1.36497,1.00131,1.0153,0.75657,1.00043,0.99995,0.94143,1.12486,1.12461,0.62861,1.2129,0.73916,0.98274,1.31385,0.79201,1.20328,0.66441,1.32287,0.35797,1.27868,1.3202,0.23286,0.39206,0.97456,1.30082,1.35101,1.21507,0.91267,0.84131,0.94269,1.15667,0.51913,0.65848,1.28712,0.18696,0.99934,0.98876,1.22906,0.99963,1.00015,1.07294,0.89663,0.93591,1.3143,0.78745,1.19232,1.04362,0.42831,1.24135,0.7701,1.26247,0.5664,1.32409,0.54036,0.49653,1.35776,1.27442,1.03975,0.50376,0.18775,0.71955,1.12807,1.19596,1.17344
4.1,0.94538,1.30099,1.30115,0.56452,1.3719,1.00239,0.97192,0.81738,1.00165,0.99995,0.94212,1.1344,1.12826,0.5282,1.22378,0.75553,0.97056,1.30337,0.82721,1.19554,0.59158,1.33093,0.33372,1.28725,1.31321,0.27993,0.4326,0.9455,1.30676,1.35191,1.22883,0.89386,0.84484,0.94656,1.06961,0.53701,0.63545,1.3066,0.11326,0.9988,1.06788,1.1951,0.99855,1.00015,1.0722,0.88575,0.93329,1.3355,0.76709,1.18435,1.06962,0.47629,1.22027,0.78445,1.28589,0.52598,1.32846,0.5087,0.52931,1.35204,1.26355,1.07789,0.47819,0.1811,0.68746,1.14703,1.19341,1.16631
4.12,1.10213,1.29317,1.30592,0.49661,1.37582,1.00376,0.92625,0.88349,1.0027,0.99995,0.91544,1.13729,1.12364,0.44883,1.22929,0.7884,0.96502,1.28324,0.87697,1.18103,0.53177,1.33641,0.31918,1.29265,1.30261,0.34574,0.4917,0.92419,1.31026,1.3496,1.23571,0.87818,0.86047,0.9556,0.95112,0.56743,0.61795,1.32165,0.06688,0.99811,1.14295,1.14595,0.99763,1.00014,1.09894,0.88234,0.9366,1.34801,0.7561,1.1672,1.08036,0.55564,1.18222,0.80951,1.30174,0.49532,1.33099,0.48748,0.57384,1.34305,1.24653,1.10195,0.46235,0.19809,0.67023,1.16129,1.18152,1.14798
4.14,1.19926,1.28059,1.30889,0.43495,1.37801,1.00538,0.87541,0.95276,1.00345,0.99996,0.86584,1.13282,1.10775,0.38728,1.23183,0.83248,0.96811,1.24626,0.93866,1.16059,0.48607,1.33971,0.31433,1.29472,1.28767,0.42882,0.56512,0.91135,1.31123,1.3444,1.23725,0.86643,0.88553,0.96824,0.86769,0.61146,0.60646,1.33309,0.0393,0.99728,1.19789,1.07223,0.99696,1.00012,1.14076,0.8876,0.94731,1.35593,0.75089,1.14146,1.07444,0.66914,1.11365,0.84116,1.31225,0.47536,1.33182,0.47909,0.62786,1.32964,1.22317,1.11512,0.45787,0.23465,0.66625,1.17118,1.16014,1.11749
4.16,1.24864,1.26083,1.31029,0.38084,1.37905,1.00722,0.82316,1.04178,1.00385,0.99997,0.80362,1.12028,1.07625,0.34048,1.23252,0.88356,0.98063,1.17122,1.01744,1.1348,0.45359,1.34121,0.31847,1.29332,1.26716,0.5265,0.64785,0.9068,1.30956,1.33585,1.23417,0.85891,0.91787,0.98321,0.7944,0.67071,0.60088,1.34176,0.02574,0.99633,1.2369,0.97933,0.99661,1.00009,1.1824,0.90165,0.96585,1.36115,0.74945,1.10682,1.04838,0.82187,0.98883,0.87605,1.31902,0.46591,1.33111,0.48478,0.6891,1.30997,1.19337,1.11958,0.4656,0.29002,0.67416,1.17718,1.12727,1.07144
4.18,1.27748,1.22909,1.31037,0.33493,1.37921,1.0092,0.77276,1.12369,1.0039,0.99998,0.74159,1.09918,1.02226,0.3061,1.23154,0.93884,1.00398,0.98622,1.1134,1.10407,0.43268,1.3412,0.33009,1.28816,1.23923,0.63436,0.73405,0.90955,1.30503,1.3227,1.22676,0.85545,0.95574,0.99943,0.7322,0.74665,0.60058,1.34829,0.0236,0.99531,1.26447,0.92402,0.99656,1.00005,1.21539,0.92327,0.99129,1.36463,0.75148,1.06189,0.99719,1.0349,0.90897,0.91172,1.32311,0.46599,1.3291,0.50519,0.75513,1.28103,1.15753,1.1169,0.48582,0.36543,0.69247,1.17987,1.07848,1.00288
4.2,1.29529,1.17547,1.30937,0.29768,1.37859,1.01117,0.72704,1.17187,1.00368,1,0.69175,1.06995,0.97276,0.28279,1.22826,0.99678,1.05156,0.85743,1.16489,1.06871,0.42171,1.33993,0.34652,1.27865,1.20136,0.74567,0.81735,0.91792,1.29729,1.30248,1.2152,0.85558,0.99733,1.02932,0.68219,0.83959,0.60457,1.35312,0.03179,0.99428,1.28389,0.87692,0.99675,1.00001,1.23736,0.94964,1.0375,1.36682,0.7582,1.00365,0.95982,1.2092,0.84673,0.94648,1.32517,0.47404,1.32618,0.54046,0.82281,1.23829,1.11709,1.10849,0.51828,0.46282,0.71926,1.17977,1.00562,0.96074
4.22,1.30624,1.07574,1.30756,0.26928,1.37714,1.01298,0.68799,1.20403,1.00328,1.00003,0.66314,1.03501,0.93698,0.26995,1.22125,1.08577,1.09171,0.76927,1.1936,1.02888,0.41927,1.33763,0.36417,1.2637,1.15077,0.85197,0.89174,0.92977,1.28574,1.2704,1.19971,0.85869,1.06603,1.05422,0.64528,0.94764,0.61166,1.35655,0.05042,0.99332,1.29748,0.8357,0.99711,0.99998,1.24852,0.97673,1.07898,1.36799,0.77198,0.96953,0.92161,1.26284,0.80267,0.97941,1.32562,0.4881,1.32294,0.59059,0.88827,1.17538,1.07491,1.09592,0.56228,0.58376,0.75212,1.17736,0.95913,0.92436
4.24,1.31246,0.94765,1.30515,0.24936,1.37467,1.0145,0.65626,1.22754,1.0028,1.00006,0.66167,0.99976,0.90859,0.26737,1.20814,1.14144,1.12269,0.71219,1.20856,0.99256,0.42432,1.33456,0.37946,1.2412,1.08507,0.94466,0.95267,0.94295,1.26932,1.2162,1.18063,0.86417,1.11344,1.07415,0.62169,1.09648,0.62084,1.35884,0.08086,0.99252,1.30696,0.79843,0.99754,0.99996,1.24907,1.00059,1.10697,1.36822,0.79582,0.94031,0.88666,1.28639,0.77615,1.01915,1.32468,0.50601,1.32003,0.65588,0.94768,1.08522,1.03502,1.08093,0.61717,0.72834,0.78844,1.17301,0.9206,0.89298
4.26,1.31512,0.87072,1.30225,0.2371,1.37078,1.01562,0.63128,1.24593,1.0023,1.00008,0.69177,0.98653,0.88972,0.27512,1.18472,1.17831,1.14556,0.67902,1.21407,0.97261,0.43615,1.33104,0.38991,1.20697,1.00368,1.03116,0.99769,0.95555,1.24611,1.11407,1.15857,0.87152,1.14609,1.08981,0.61096,1.18203,0.63151,1.36021,0.12588,0.99192,1.31362,0.76362,0.99798,0.99994,1.23735,1.03099,1.1236,1.36752,0.83317,0.91404,0.85701,1.29753,0.76567,1.06329,1.32244,0.52543,1.318,0.73713,0.99813,0.98434,1.0018,1.06546,0.68251,0.89353,0.82565,1.16697,0.88764,0.86674
4.28,1.31479,0.81358,1.29887,0.23142,1.3647,1.01627,0.6117,1.26098,1.00182,1.00011,0.75824,0.98045,0.88124,0.29352,1.14196,1.20373,1.16206,0.66417,1.2123,0.95531,0.45416,1.32753,0.3948,1.15258,0.96424,1.09603,1.04616,0.96599,1.2128,0.95537,1.1347,0.88028,1.16901,1.10182,0.61229,1.22334,0.64344,1.36083,0.1896,0.99157,1.31842,0.73041,0.9984,0.99992,1.20722,1.04365,1.13063,1.36583,0.88801,0.89112,0.83316,1.30203,0.76907,1.09484,1.31891,0.54367,1.31703,0.83499,1.0625,0.94327,0.98987,1.05172,0.75763,1.10033,0.8611,1.15945,0.86031,0.84561
4.3,1.31168,0.77307,1.29493,0.23116,1.35506,1.01641,0.59576,1.27357,1.0014,1.00012,0.86703,0.98136,0.88334,0.32315,1.05533,1.22099,1.17374,0.66301,1.20452,0.94028,0.47772,1.32471,0.39526,1.05979,0.93919,1.12131,1.06655,0.97288,1.1639,0.87254,1.11127,0.89,1.18498,1.11058,0.62478,1.24587,0.65673,1.36085,0.27688,0.9915,1.32207,0.69858,0.99877,0.99991,1.13985,1.04181,1.12892,1.36294,0.96525,0.87248,0.81486,1.30238,0.78358,1.11834,1.31405,0.55764,1.31693,0.94841,1.09722,0.92307,0.98457,1.04216,0.84071,1.20217,0.89186,1.15066,0.83872,0.82959
4.32,1.30559,0.74668,1.29019,0.23517,1.33922,1.01602,0.58162,1.28419,1.00105,1.00013,1.04436,0.98859,0.89592,0.36506,0.94136,1.2317,1.18171,0.67133,1.19164,0.92721,0.50613,1.32328,0.39363,0.95597,0.92343,1.12799,1.07041,0.97492,1.08979,0.82325,1.09178,0.90028,1.1956,1.11636,0.64762,1.25837,0.67188,1.36042,0.39239,0.99171,1.32514,0.66822,0.99908,0.99991,0.98208,1.02653,1.1183,1.35849,1.10167,0.85933,0.80162,1.2999,0.80593,1.1364,1.30779,0.56446,1.31726,1.10318,1.11619,0.91723,0.9835,1.03924,0.92861,1.23855,0.91487,1.1408,0.823,0.81874
4.34,1.2959,0.73194,1.28418,0.24238,1.31131,1.0151,0.56757,1.29324,1.00075,1.00014,1.20239,1.00232,0.91875,0.42136,0.8498,1.23671,1.18652,0.6852,1.1746,0.91564,0.5388,1.32365,0.39239,0.89396,0.91438,1.12343,1.0634,0.97083,0.98658,0.79994,1.08037,0.91085,1.20191,1.11936,0.68027,1.26473,0.6899,1.35962,0.5401,0.9922,1.32805,0.63935,0.99934,0.99991,0.86589,0.99856,1.09739,1.35171,1.19386,0.8527,0.7933,1.29557,0.83273,1.15082,1.30001,0.56271,1.3175,1.18718,1.12624,0.92124,0.98543,1.04504,1.03245,1.25222,0.9274,1.13,0.81308,0.81302
4.36,1.28124,0.72595,1.27605,0.25184,1.25396,1.01371,0.55221,1.30106,1.00051,1.00013,1.26113,1.03231,0.95141,0.49584,0.76152,1.23631,1.18817,0.70078,1.15459,0.90486,0.57527,1.3256,0.39362,0.84772,0.91003,1.11084,1.04832,0.95931,0.92839,0.79788,1.08025,0.92164,1.20464,1.11979,0.72253,1.26721,0.71235,1.35856,0.72415,0.99294,1.33107,0.61177,0.99955,0.99991,0.77286,0.97865,1.06318,1.34096,1.24695,0.85325,0.7904,1.29041,0.8607,1.16311,1.29048,0.55329,1.31726,1.22702,1.13086,0.93178,0.98934,1.06061,1.13208,1.25334,0.92752,1.11822,0.80867,0.81218
4.38,1.25908,0.72506,1.26433,0.26256,1.07877,1.01196,0.53463,1.30793,1.00032,1.00012,1.28952,1.06068,0.99279,0.59439,0.67914,1.23019,1.186,0.71407,1.13364,0.89399,0.61504,1.32836,0.39885,0.81492,0.90889,1.09202,1.0269,0.93923,0.88118,0.81376,1.09214,0.93272,1.20432,1.1179,0.77405,1.26757,0.74137,1.35734,0.95269,0.99387,1.33435,0.58526,0.99972,0.99992,0.70334,0.95726,1.01051,1.32237,1.28051,0.86127,0.79421,1.28571,0.88664,1.17452,1.2789,0.53943,1.31622,1.24853,1.13206,0.94622,0.99438,1.08527,1.18376,1.24434,0.91446,1.10525,0.80919,0.8158
4.4,1.22485,0.72485,1.24627,0.27344,0.81904,1.01002,0.51443,1.31399,1.00017,1.0001,1.30416,1.08423,1.06579,0.72553,0.60485,1.21718,1.17861,0.72106,1.11494,0.88217,0.65714,1.33094,0.40929,0.79367,0.90985,1.06842,1.00086,0.90988,0.84073,0.84482,1.11382,0.94419,1.20138,1.11397,0.83373,1.26765,0.77976,1.35606,1.20458,0.99488,1.33789,0.55985,0.99985,0.99993,0.65685,0.93723,0.97134,1.28447,1.30291,0.87683,0.80684,1.28313,0.90736,1.18594,1.26505,0.52592,1.3141,1.26031,1.13106,0.96239,0.99983,1.11657,1.21637,1.22405,0.88868,1.09077,0.81395,0.82326
4.42,1.16976,0.72067,1.21596,0.28321,0.66531,1.0081,0.49152,1.31931,1.00006,1.00009,1.31064,1.10135,1.11986,0.90188,0.54005,1.1946,1.16362,0.71899,1.10215,0.86896,0.70017,1.33245,0.42597,0.78262,0.91214,1.04178,0.98718,0.87111,0.80391,0.88855,1.14132,0.95625,1.19609,1.10822,0.89915,1.26934,0.83121,1.3549,1.27633,0.99588,1.34165,0.53572,0.99995,0.99994,0.63312,0.92115,0.93924,1.17202,1.31839,0.8999,0.83079,1.28391,0.92037,1.19764,1.24883,0.51776,1.31062,1.2659,1.12864,0.97848,1.00988,1.15111,1.23985,1.18744,0.85172,1.07426,0.82224,0.83395
4.44,1.07585,0.70893,1.15769,0.29059,0.54973,1.0064,0.46584,1.32395,0.99998,1.00007,1.31088,1.1117,1.15644,1.15779,0.4851,1.15649,1.1372,0.70806,1.09734,0.85484,0.74252,1.33222,0.45005,0.78086,0.91525,1.0143,0.97588,0.82354,0.76913,0.94284,1.17063,0.9692,1.18849,1.10077,0.96625,1.2739,0.9008,1.354,1.30908,0.99675,1.34557,0.51323,1.00006,0.99995,0.63221,0.91073,0.91082,0.83705,1.32933,0.93042,0.86827,1.28787,0.92505,1.20905,1.23035,0.51905,1.30537,1.26676,1.1253,0.99308,1.01834,1.18557,1.25811,1.12087,0.8059,1.05484,0.83365,0.84749
4.46,0.96281,0.6882,1.01043,0.29432,0.45697,1.00505,0.43733,1.3279,0.99995,1.00005,1.30481,1.11563,1.18189,1.25687,0.43974,1.08854,1.09295,0.69242,1.09908,0.84147,0.78273,1.32967,0.48291,0.78783,0.91884,0.99446,0.96711,0.76862,0.73659,1.01184,1.19872,0.9835,1.17822,1.09149,1.04959,1.28145,0.99561,1.35354,1.32833,0.99745,1.34959,0.49283,1.00017,0.99996,0.65457,0.90662,0.88648,0.63038,1.33719,0.9683,0.92031,1.29322,0.92337,1.21894,1.20994,0.53268,1.29776,1.26331,1.12135,1.01016,1.02474,1.21746,1.27255,0.99121,0.7541,1.03106,0.84813,0.86384
4.48,0.90698,0.65951,0.87404,0.29336,0.38211,1.00412,0.40616,1.33112,0.99993,1.00004,1.29032,1.11386,1.20043,1.29692,0.40372,0.97785,1.02011,0.67969,1.10258,0.83182,0.8193,1.32407,0.52598,0.80326,0.92273,0.98502,0.96114,0.70875,0.7082,1.10677,1.22375,0.99968,1.16446,1.08004,1.10801,1.29093,1.14566,1.35366,1.34081,0.99792,1.35364,0.47528,1.00026,0.99997,0.70104,0.90848,0.86562,0.49195,1.3428,1.02418,0.98534,1.29732,0.91995,1.22559,1.1883,0.5607,1.28687,1.25518,1.11699,1.02653,1.02903,1.24531,1.2835,0.90214,0.69964,1.00065,0.86605,0.88328
4.5,0.88183,0.62591,0.75512,0.28695,0.32445,1.00364,0.37282,1.33351,0.99991,1.00002,1.26141,1.10735,1.21485,1.31807,0.37722,0.90234,0.96187,0.68002,1.1011,0.82992,0.8506,1.31419,0.58053,0.82703,0.92682,0.9791,0.95802,0.64699,0.68712,1.16315,1.24486,1.03289,1.14572,1.06587,1.12967,1.30082,1.22103,1.35444,1.34902,0.99817,1.35761,0.46165,1.0003,0.99998,0.77229,0.91518,0.84714,0.39537,1.34661,1.09253,1.0862,1.29722,0.9214,1.22686,1.1669,0.60464,1.27138,1.2411,1.11227,1.03621,1.03125,1.26855,1.2908,0.82624,0.646,0.98218,0.88804,0.90627
4.52,0.89073,0.59138,0.65128,0.27501,0.28427,1.00359,0.33813,1.33498,0.99991,1.00001,1.2002,1.09732,1.22693,1.33068,0.36063,0.83605,0.92324,0.70495,1.08669,0.84014,0.87503,1.29759,0.64743,0.85919,0.93112,0.9765,0.95765,0.58642,0.67676,1.19897,1.26187,1.06406,1.1196,1.0483,1.12228,1.30985,1.26414,1.35588,1.35416,0.99819,1.3614,0.45306,1.00032,0.99999,0.8685,0.92506,0.8298,0.32688,1.34888,1.13922,1.14524,1.28896,0.93501,1.21988,1.14792,0.66576,1.2492,1.21834,1.10718,1.04034,1.03152,1.28736,1.29417,0.76379,0.59632,0.96264,0.91484,0.93329
4.54,0.93982,0.55972,0.5626,0.25847,0.26159,1.00394,0.30307,1.33544,0.99991,1.00001,1.02712,1.08517,1.23769,1.33867,0.35435,0.78018,0.89916,0.76768,1.04766,0.86621,0.89175,1.26877,0.72714,0.89986,0.93566,0.97686,0.9598,0.52954,0.67968,1.22204,1.27505,1.09247,1.08214,1.02657,1.07563,1.31726,1.29131,1.35781,1.35687,0.99801,1.36492,0.45034,1.0003,1,0.98949,0.93639,0.81271,0.27824,1.34972,1.17164,1.17319,1.26359,0.96742,1.19995,1.13357,0.7456,1.21675,1.18101,1.10165,1.03978,1.02999,1.30228,1.29323,0.71538,0.5531,0.94202,0.94708,0.96459
4.56,1.0638,0.5343,0.48773,0.23929,0.25665,1.00459,0.26871,1.33485,0.99993,1,0.85089,1.07238,1.24752,1.34387,0.3587,0.73443,0.89238,0.88582,0.98112,0.91047,0.90112,1.21271,0.81919,0.94907,0.94047,0.97971,0.96412,0.47832,0.69722,1.23583,1.2847,1.11763,1.02674,1.00011,0.9725,1.3227,1.3096,1.35996,1.35745,0.99768,1.3681,0.45381,1.00026,1,1.15172,0.94759,0.7955,0.24403,1.34914,1.19456,1.18016,1.18467,1.04229,1.15684,1.12498,0.84583,1.1676,1.11515,1.09559,1.03524,1.0269,1.31392,1.28739,0.68254,0.51834,0.92099,0.98489,0.99985
4.58,1.18778,0.51842,0.42522,0.22022,0.27103,1.00545,0.23635,1.33322,0.99994,0.99999,0.73106,1.06061,1.25636,1.34725,0.37405,0.69788,0.90501,1.11571,0.92321,0.97295,0.90483,1.073,0.92019,1.01178,0.94554,0.98441,0.97009,0.43457,0.72927,1.24134,1.29098,1.13896,0.9753,0.98583,0.88078,1.32589,1.32248,1.36203,1.35576,0.99724,1.37087,0.46334,1.0002,1.00002,1.22033,0.95731,0.77855,0.22066,1.34706,1.21092,1.16688,0.89683,1.13387,1.06261,1.12147,0.96659,1.09057,0.9908,1.08899,1.02755,1.02258,1.32275,1.27551,0.66849,0.49417,0.90068,1.04732,1.0619
4.6,1.25204,0.51589,0.37403,0.20437,0.30915,1.00636,0.20739,1.33058,0.99996,0.99998,0.64511,1.05168,1.26388,1.34932,0.40095,0.66961,0.93946,1.24503,0.86153,1.0775,0.90555,0.88588,1.03756,1.09851,0.9508,0.99017,0.97699,0.40008,0.77404,1.23724,1.29369,1.15588,0.93881,0.9728,0.78802,1.32639,1.33172,1.36368,1.35103,0.99678,1.3732,0.47829,1.00015,1.00005,1.25509,0.96434,0.76286,0.20583,1.34321,1.22256,1.12297,0.67235,1.19528,0.93838,1.12078,1.12953,0.98586,0.90717,1.0819,1.01776,1.01751,1.32909,1.25572,0.679,0.48329,0.88261,1.10192,1.10478
4.62,1.2877,0.53129,0.33329,0.19469,0.38048,1.00719,0.18295,1.32698,0.99997,0.99997,0.58587,1.04719,1.26976,1.35038,0.44036,0.64876,0.99911,1.29356,0.80338,1.1505,0.90644,0.77693,1.13194,1.15081,0.9561,0.99613,0.98404,0.37638,0.82833,1.21852,1.29224,1.16815,0.90754,0.96213,0.70484,1.32332,1.33837,1.36467,1.34106,0.99635,1.37505,0.49766,1.00011,1.00009,1.27447,0.96777,0.74967,0.19804,1.33709,1.23063,1.00247,0.51688,1.23497,0.85542,1.11992,1.20276,0.93541,0.83768,1.07447,1.00715,1.01225,1.33317,1.22484,0.72324,0.48916,0.86824,1.13852,1.13302
4.64,1.30874,0.57031,0.30192,0.1937,0.50472,1.00781,0.16361,1.32251,0.99997,0.99994,0.54792,1.04787,1.27384,1.35065,0.49395,0.63433,1.11762,1.31674,0.7536,1.18998,0.91069,0.70743,1.16607,1.18378,0.96134,1.00312,0.99054,0.36438,0.88897,1.16963,1.28529,1.17611,0.88312,0.95463,0.63604,1.31487,1.34312,1.36477,1.31903,0.99603,1.37645,0.52038,1.00011,1.00016,1.28538,0.96725,0.74001,0.19606,1.32769,1.23599,0.89276,0.4141,1.26043,0.79433,1.11577,1.23596,0.90879,0.78274,1.06685,0.99853,1.00732,1.33516,1.17641,0.81591,0.51615,0.85828,1.16233,1.15007
4.66,1.32173,0.6407,0.27871,0.20377,0.72506,1.00816,0.14945,1.31722,0.99996,0.99991,0.52695,1.05318,1.27612,1.3503,0.56433,0.62506,1.19234,1.32885,0.71458,1.21082,0.92124,0.66831,1.17155,1.20503,0.96644,1.01165,0.99605,0.36455,0.95464,1.02307,1.26994,1.18064,0.86618,0.95054,0.58231,1.29662,1.34645,1.36375,1.25358,0.99585,1.37745,0.5454,1.00015,1.00025,1.29097,0.96318,0.73441,0.19862,1.31295,1.23933,0.78289,0.34963,1.27662,0.75538,1.10505,1.25154,0.90391,0.7412,1.05914,0.9944,1.00307,1.33513,1.09369,0.98248,0.57039,0.85237,1.17692,1.15856
4.68,1.32988,0.75375,0.26259,0.22787,1.1594,1.00825,0.1404,1.31126,0.99994,0.99987,0.51933,1.06136,1.27669,1.34955,0.65464,0.61945,1.23948,1.33489,0.68739,1.21977,0.94087,0.65263,1.15558,1.2187,0.97137,1.01762,1.00077,0.37727,1.04694,0.86105,1.23917,1.18311,0.85657,0.94954,0.54265,1.25517,1.34867,1.36121,0.87948,0.9958,1.37806,0.57155,1.00023,1.00036,1.29293,0.95671,0.73299,0.20412,1.28856,1.24132,0.68195,0.31399,1.28639,0.73687,1.08337,1.25728,0.91764,0.71138,1.05141,0.99141,0.99985,1.33302,0.96623,1.21175,0.66126,0.84907,1.18459,1.16055
4.7,1.33483,0.92639,0.25279,0.27062,1.29978,1.00812,0.13647,1.30487,0.99991,0.99983,0.5218,1.06995,1.27566,1.34867,0.76745,0.6158,1.26952,1.3368,0.67282,1.21987,0.9724,0.65487,1.11658,1.22711,0.97605,1.02128,1.00689,0.40311,1.1362,0.73024,1.17178,1.18534,0.85381,0.95088,0.51585,1.12499,1.34999,1.3564,0.58706,0.99587,1.37833,0.59738,1.00032,1.00049,1.2923,0.94965,0.73557,0.21053,1.24405,1.2426,0.59664,0.30219,1.2912,0.73668,1.04284,1.25648,0.94559,0.69164,1.04378,0.98954,0.99863,1.32855,0.87779,1.28413,0.80395,0.84604,1.18671,1.15787
4.72,1.33739,1.17976,0.24875,0.34011,1.33307,1.00782,0.1378,1.29841,0.99988,0.99977,0.5314,1.07656,1.27308,1.34797,0.90384,0.61226,1.28868,1.33513,0.67154,1.21216,1.03437,0.67045,1.04637,1.23161,0.98043,1.02297,1.01073,0.44304,1.19325,0.62726,0.98392,1.18936,0.85754,0.95352,0.50101,0.83336,1.35053,1.34759,0.43009,0.99602,1.37824,0.62142,1.00041,1.00063,1.28981,0.944,0.74184,0.21552,1.14616,1.24383,0.52991,0.31253,1.29161,0.75268,0.98419,1.25074,0.98216,0.6806,1.03639,0.98867,0.99785,1.32111,0.79406,1.31582,1.04422,0.84047,1.18384,1.15242
4.74,1.33797,1.26801,0.24987,0.45176,1.34596,1.00744,0.14474,1.29215,0.99986,0.99972,0.5457,1.07939,1.26897,1.34775,1.09311,0.60686,1.30074,1.32953,0.684,1.1965,1.11418,0.69589,0.96993,1.23298,0.98446,1.02294,1.0126,0.49872,1.2328,0.55093,0.83122,1.19678,0.86796,0.95637,0.4976,0.65042,1.35038,1.33015,0.3468,0.99622,1.37777,0.64298,1.00048,1.00077,1.28598,0.94154,0.7515,0.2171,0.93582,1.24569,0.48155,0.34572,1.28754,0.78272,0.93531,1.24076,1.03836,0.67717,1.02937,0.98868,0.99746,1.30947,0.71478,1.33232,1.2384,0.82973,1.17546,1.14629
4.76,1.33663,1.30482,0.25533,0.63728,1.35102,1.00701,0.15777,1.28596,0.99985,0.99968,0.56298,1.07718,1.26319,1.34816,1.20382,0.5977,1.30797,1.31876,0.71001,1.17204,1.17469,0.72902,0.92296,1.23165,0.98815,1.02123,1.01263,0.57237,1.26042,0.49598,0.70975,1.20822,0.88625,0.95844,0.50551,0.52113,1.34965,1.28666,0.30927,0.99644,1.37687,0.6628,1.00053,1.0009,1.28118,0.94346,0.76435,0.21417,0.8032,1.24879,0.44972,0.40392,1.27834,0.8239,0.87992,1.22648,1.08796,0.6805,1.02272,0.98957,0.99746,1.29127,0.64373,1.34183,1.29563,0.812,1.15948,1.14167
4.78,1.33318,1.32455,0.26383,0.96859,1.35172,1.00657,0.17744,1.27908,0.99985,0.99964,0.58222,1.069,1.25554,1.34918,1.25111,0.58314,1.31174,1.30057,0.74816,1.13856,1.21936,0.76881,0.88727,1.22784,0.99155,1.01765,1.01071,0.66574,1.27866,0.45618,0.61585,1.22304,0.91471,0.95885,0.52501,0.42737,1.3485,1.05615,0.30378,0.99667,1.37546,0.68328,1.00054,1.001,1.27557,0.95044,0.78018,0.20679,0.70745,1.25358,0.4322,0.48826,1.26286,0.87128,0.82105,1.20707,1.11921,0.68986,1.01644,0.9914,0.99785,1.26198,0.58697,1.34778,1.32187,0.78659,1.13079,1.14073
4.8,1.3271,1.33659,0.27351,1.2734,1.34924,1.00614,0.20432,1.26987,0.99985,0.99962,0.60295,1.05386,1.24577,1.35065,1.27702,0.56206,1.31282,1.27227,0.79494,1.09958,1.25186,0.81531,0.86199,1.22165,0.99469,1.01175,1.00651,0.77767,1.2887,0.42564,0.54641,1.23974,0.95699,0.95686,0.55676,0.35792,1.34717,0.67003,0.32279,0.99689,1.37343,0.70838,1.00052,1.00106,1.2692,0.96265,0.79869,0.19607,0.63606,1.26025,0.42708,0.59312,1.23974,0.91647,0.76223,1.18055,1.13869,0.70458,1.01046,0.99435,0.99871,1.21268,0.55145,1.3519,1.33598,0.75406,1.07663,1.14521
4.82,1.31728,1.34451,0.28227,1.32407,1.34396,1.00573,0.23899,1.25542,0.99986,0.99962,0.62524,1.03034,1.23353,1.35229,1.29322,0.5346,1.3116,1.2345,0.84475,1.0662,1.27535,0.86988,0.84526,1.2131,0.99767,1.00285,0.99976,0.90141,1.29073,0.39965,0.49889,1.25662,1.03336,0.95178,0.60189,0.30571,1.34595,0.47479,0.36084,0.9971,1.37065,0.74324,1.00048,1.00106,1.26195,0.98004,0.81952,0.18384,0.58134,1.26849,0.43289,0.6987,1.20812,0.94873,0.7067,1.14249,1.15055,0.72391,1.00465,0.99865,1.00019,1.12471,0.54387,1.35515,1.34389,0.71604,0.98087,1.15603
4.84,1.30142,1.34998,0.28852,1.34278,1.33607,1.00534,0.28205,1.23025,0.99988,0.99965,0.6496,0.99801,1.21827,1.35383,1.30421,0.50256,1.30824,1.20003,0.89133,1.05409,1.29233,0.93586,0.8349,1.20227,1.00139,0.99512,0.99469,1.04172,1.28335,0.37549,0.471,1.27229,1.13233,0.94298,0.66218,0.26605,1.34506,0.36389,0.41216,0.9973,1.36689,0.79364,1.00042,1.00097,1.25348,1.00486,0.84241,0.17214,0.53852,1.27752,0.44848,0.77215,1.16884,0.95924,0.6568,1.08218,1.15752,0.74691,0.9993,1.00897,1.00413,0.98047,0.57078,1.35798,1.34802,0.67497,0.90229,1.17292
4.86,1.27435,1.35388,0.29189,1.35133,1.3262,1.00497,0.33404,1.18139,0.9999,0.99972,0.67689,0.97674,1.1991,1.355,1.31197,0.46939,1.30277,1.19161,0.92984,1.06934,1.30456,1.03501,0.82882,1.18946,1.0081,0.98694,0.98802,1.14695,1.26162,0.35283,0.46066,1.28586,1.19924,0.92991,0.73994,0.23578,1.34458,0.30177,0.46845,0.99749,1.36183,0.86569,1.00035,1.00078,1.24328,1.051,0.86722,0.16307,0.50487,1.28626,0.47284,0.78763,1.12549,0.94591,0.61407,0.98544,1.16149,0.77216,0.99584,1.0233,1.00924,0.90798,0.64026,1.36047,1.34946,0.6338,0.81734,1.19443
4.88,1.22253,1.35669,0.29349,1.35507,1.31655,1.00463,0.39453,1.06567,0.99992,0.99983,0.70809,0.95363,1.17472,1.35553,1.31744,0.43968,1.2952,1.21137,0.95847,1.10108,1.31313,1.14953,0.825,1.17554,1.01633,0.9768,0.97981,1.18434,1.20995,0.33347,0.46622,1.29681,1.24493,0.91218,0.83713,0.21287,1.34435,0.27181,0.51645,0.99766,1.35506,0.96556,1.00027,1.00049,1.23053,1.09149,0.89379,0.1589,0.47924,1.29362,0.50445,0.7499,1.0837,0.91489,0.57982,0.91425,1.16395,0.79745,0.99147,1.03987,1.01541,0.86883,0.76325,1.36249,1.34869,0.59589,0.73109,1.21834
4.9,1.09846,1.35865,0.29576,1.35573,1.31162,1.00433,0.46062,0.90531,0.99995,0.99997,0.74423,0.92968,1.14342,1.3551,1.32098,0.41857,1.28577,1.23814,0.97879,1.13344,1.31864,1.21691,0.82148,1.16246,1.02696,0.9648,0.9703,1.19512,1.06518,0.32064,0.48647,1.30487,1.27638,0.88983,0.95338,0.19625,1.34402,0.2663,0.53877,0.99782,1.34633,1.12578,1.00019,1.00009,1.21413,1.1257,0.92172,0.16232,0.46172,1.29859,0.54079,0.68982,1.04697,0.87777,0.55558,0.83996,1.16617,0.81943,0.98559,1.05799,1.02243,0.85547,0.95113,1.36378,1.34577,0.56481,0.64879,1.24222
4.92,0.90167,1.35987,0.30212,1.35376,1.31511,1.00409,0.52596,0.79103,0.99997,1.0003,0.78635,0.90593,1.10301,1.35323,1.32266,0.41106,1.27503,1.25729,0.99477,1.15705,1.32132,1.26061,0.81667,1.15324,1.04049,0.95128,0.95993,1.18934,0.87636,0.31798,0.52074,1.30989,1.29811,0.8637,1.11279,0.1856,1.34309,0.28251,0.52311,0.99794,1.3359,1.21088,1.00011,0.99979,1.19232,1.15382,0.95031,0.17674,0.45312,1.30031,0.57858,0.63887,1.01255,0.84626,0.54309,0.76384,1.16916,0.83397,0.97768,1.07666,1.0299,0.86276,1.18811,1.36404,1.34041,0.54389,0.57492,1.26399
4.94,0.78932,1.36037,0.31668,1.34881,1.32514,1.00392,0.58166,0.69925,0.99999,1.00073,0.8359,0.88328,1.05063,1.34918,1.32242,0.42186,1.26354,1.26528,1.02031,1.16921,1.32109,1.29028,0.80962,1.15113,1.05679,0.93693,0.94937,1.16771,0.77198,0.32869,0.56931,1.31173,1.31303,0.8358,1.19227,0.18123,1.34092,0.32104,0.47402,0.99802,1.32513,1.25441,1.00002,0.99949,1.16207,1.1765,0.97878,0.20683,0.45435,1.29783,0.61528,0.61516,0.98692,0.82828,0.54419,0.6887,1.17346,0.8372,0.96746,1.09475,1.03732,0.88748,1.25673,1.36298,1.3317,0.53587,0.51284,1.28214
4.96,0.71969,1.36004,0.34458,1.33958,1.33616,1.00382,0.61944,0.62849,1.00004,1.0012,0.89477,0.86247,0.99174,1.34151,1.32009,0.45631,1.25124,1.2615,1.05118,1.16984,1.31742,1.31076,0.80031,1.15796,1.07495,0.9228,0.93958,1.12372,0.71939,0.35529,0.63381,1.31004,1.32288,0.80949,1.22706,0.18415,1.33658,0.3851,0.41163,0.99807,1.31656,1.27942,0.99997,0.99916,1.11748,1.19452,1.012,0.2598,0.46621,1.28955,0.65092,0.62656,0.96473,0.82732,0.5611,0.61843,1.17898,0.82662,0.95509,1.11103,1.04405,0.9279,1.27935,1.36021,1.3176,0.54326,0.46521,1.29588
4.98,0.68697,1.35863,0.39335,1.3232,1.34416,1.0038,0.63509,0.57675,1.00009,1.00169,0.96511,0.84424,0.96001,1.32696,1.31533,0.52229,1.23652,1.24325,1.08215,1.15902,1.30898,1.32475,0.78973,1.17306,1.09352,0.91041,0.93184,1.03644,0.71429,0.39963,0.71709,1.3038,1.32852,0.78941,1.24084,0.19636,1.32835,0.47923,0.35952,0.99809,1.31265,1.29447,0.99992,0.99882,1.04614,1.20849,1.05318,0.34809,0.48934,1.27204,0.68932,0.67697,0.9391,0.84343,0.59688,0.55744,1.18503,0.80176,0.9412,1.1242,1.04927,0.98316,1.28127,1.35515,1.29309,0.56911,0.4351,1.3047
5,0.69127,1.35565,0.47598,1.29347,1.34723,1.00383,0.63013,0.54273,1.00014,1.00214,1.07615,0.82947,0.93528,1.296,1.30759,0.63324,1.2149,1.20177,1.11097,1.13652,1.2925,1.33386,0.77952,1.19356,1.11093,0.90173,0.92776,0.94316,0.75956,0.4622,0.82301,1.29057,1.32998,0.7813,1.23911,0.22141,1.31217,0.60594,0.3377,0.99807,1.31391,1.30318,0.99988,0.99849,0.96662,1.21877,1.08078,0.49569,0.52425,1.23639,0.73865,0.76885,0.91149,0.87388,0.65628,0.50997,1.19066,0.76429,0.92688,1.13288,1.05198,1.08067,1.26259,1.34692,1.24363,0.61806,0.42691,1.30793
5.02,0.73921,1.35003,0.61827,1.23634,1.34304,1.00391,0.61053,0.5259,1.00019,1.00252,1.1592,0.81899,0.91838,1.20436,1.29586,0.81475,1.17578,1.11007,1.13567,1.10202,1.25875,1.33909,0.77068,1.21591,1.12594,0.89869,0.92897,0.87021,0.86927,0.54126,0.95637,1.264,1.32632,0.79113,1.21812,0.26572,1.27508,0.75964,0.36718,0.99803,1.31869,1.3072,0.99983,0.99823,0.91022,1.22555,1.09775,0.75665,0.57153,1.15222,0.81154,0.90327,0.88426,0.9139,0.74728,0.47919,1.19538,0.71767,0.91338,1.13581,1.05118,1.15184,1.19426,1.33412,1.10245,0.69746,0.44711,1.30399
5.04,0.84686,1.33919,0.88063,1.11757,1.32175,1.00402,0.5836,0.52617,1.00024,1.00273,1.20815,0.81331,0.90973,0.85297,1.2782,1.14299,1.0879,0.94683,1.15586,1.05529,1.1707,1.34106,0.76183,1.23721,1.138,0.90268,0.93659,0.80505,1.10829,0.6327,1.14425,1.2037,1.31463,0.82422,1.1561,0.34139,1.14022,0.92052,0.49137,0.99797,1.32472,1.30714,0.99979,0.99808,0.85876,1.22907,1.10592,1.21628,0.63236,0.93934,0.92555,1.11022,0.85903,0.95823,0.88429,0.46688,1.19997,0.66637,0.90165,1.13195,1.04608,1.19712,0.90981,1.31446,0.84746,0.81918,0.5055,1.28853
5.06,1.07576,1.31526,1.24979,0.94891,1.16488,1.00414,0.55583,0.54372,1.00029,1.00271,1.23932,0.81247,0.90899,0.61901,1.25049,1.27752,0.93317,0.84129,1.1724,0.99804,0.90388,1.33996,0.74825,1.25564,1.14713,0.91404,0.95087,0.74984,1.25431,0.73059,1.22786,0.99824,1.28589,0.8847,0.9663,0.47423,0.77279,1.08495,0.87309,0.99791,1.33037,1.30294,0.99974,0.99809,0.81349,1.22958,1.1066,1.31667,0.70894,0.78325,1.13199,1.22122,0.83597,1.0052,1.12238,0.47384,1.20676,0.61526,0.89219,1.12044,1.03628,1.22687,0.66084,1.284,0.68982,1.00352,0.61855,1.24695
5.08,1.24595,1.2369,1.32193,0.88687,0.49436,1.00426,0.53246,0.57882,1.00034,1.00236,1.25965,0.816,0.91507,0.47206,1.20319,1.31875,0.8132,0.75799,1.18669,0.96859,0.70254,1.3355,0.72225,1.27029,1.15367,0.93193,0.97095,0.70636,1.30639,0.82788,1.26769,0.80847,1.20101,0.97427,0.79932,0.72977,0.55007,1.15422,1.32115,0.99785,1.33474,1.29391,0.9997,0.99834,0.7759,1.22741,1.10091,1.34465,0.80426,0.6646,1.2413,1.26802,0.81403,1.0711,1.24787,0.50059,1.21897,0.56924,0.88508,1.10067,1.02195,1.2463,0.47983,1.2356,0.57781,1.21195,0.81453,1.10047
5.1,1.30225,0.80296,1.34655,0.86974,0.20635,1.00436,0.51773,0.63148,1.00037,1.00157,1.27238,0.82305,0.92618,0.3791,1.10916,1.33714,0.70972,0.68949,1.20007,0.94379,0.55137,1.32675,0.67575,1.28074,1.15802,0.95416,0.99466,0.67652,1.33077,0.91766,1.28959,0.67193,0.89217,1.11777,0.65936,1.22969,0.40703,1.16916,1.36298,0.9978,1.33733,1.27848,0.99967,0.9989,0.74798,1.22297,1.09009,1.35689,0.9215,0.58026,1.2888,1.29418,0.79153,1.11314,1.29683,0.54758,1.23852,0.53295,0.88018,1.07282,1.00415,1.25803,0.35618,1.15555,0.49961,1.27473,1.15392,0.81605
5.12,1.32812,0.5001,1.35776,0.87525,0.05997,1.00443,0.51518,0.70131,1.00039,1.00023,1.27899,0.83253,0.94024,0.32379,0.94763,1.34603,0.62875,0.62989,1.21335,0.92237,0.43943,1.31162,0.6055,1.28684,1.16059,0.97753,1.03399,0.66221,1.34337,0.99504,1.30201,0.581,0.68843,1.1927,0.55165,1.32939,0.31827,1.16451,1.37638,0.99776,1.33777,1.25359,0.99966,0.99984,0.73184,1.21671,1.07552,1.36288,1.09298,0.52728,1.31307,1.31148,0.76706,1.14259,1.32181,0.61505,1.26356,0.51026,0.87723,1.03872,0.99278,1.26325,0.27685,1.01394,0.44829,1.30194,1.27373,0.64957
5.14,1.34189,0.31904,1.36316,0.88756,0,1.00445,0.52771,0.78787,1.00038,0.99911,1.27994,0.84355,0.95554,0.29738,0.84293,1.34958,0.57153,0.57641,1.22651,0.90358,0.35745,1.28537,0.51708,1.28843,1.16162,0.99864,1.06516,0.66477,1.34982,1.08775,1.30851,0.52754,0.57489,1.22864,0.47333,1.35613,0.26788,1.15359,1.38095,0.99775,1.33559,1.21266,0.99967,1.00249,0.72942,1.20899,1.05844,1.36546,1.19891,0.50313,1.32619,1.32401,0.74039,1.16451,1.33628,0.70299,1.28921,0.50413,0.87603,1.00254,0.98495,1.26234,0.23109,0.92319,0.419,1.31467,1.30757,0.54868
5.16,1.34977,0.20271,1.36532,0.89794,0,1.00441,0.55785,0.89097,1.00034,0.9977,1.27471,0.85561,0.97132,0.29544,0.76052,1.34913,0.53683,0.52952,1.23877,0.88767,0.29841,1.23617,0.42254,1.28501,1.16121,1.02706,1.08425,0.68483,1.3524,1.13568,1.31087,0.50445,0.52097,1.24563,0.41875,1.36817,0.24611,1.14375,1.38095,0.99777,1.32998,1.1393,0.9997,1.00634,0.74244,1.19996,1.03932,1.36565,1.24743,0.5063,1.33297,1.33326,0.71303,1.18075,1.34521,0.81022,1.31135,0.51719,0.87651,0.98653,0.97945,1.25488,0.21159,0.86607,0.40787,1.31959,1.31978,0.49471
5.18,1.35441,0.12501,1.36519,0.90607,0,1.0043,0.60784,1.01873,1.00028,0.99586,1.26119,0.8686,0.98788,0.31656,0.69694,1.34454,0.52327,0.49222,1.24899,0.87618,0.25773,1.12822,0.33423,1.27514,1.15927,1.04169,1.09287,0.72206,1.35203,1.16606,1.31011,0.50602,0.50948,1.25153,0.38245,1.37476,0.24739,1.13562,1.38095,0.99783,1.31932,0.99122,0.99976,1.01129,0.77274,1.18946,1.0174,1.3636,1.27417,0.53687,1.33542,1.33969,0.68809,1.19138,1.35077,0.93131,1.32838,0.55279,0.87876,0.97853,0.97676,1.23963,0.21441,0.82165,0.41149,1.31927,1.32214,0.47488
5.2,1.35706,0.07299,1.36306,0.91948,0,1.00412,0.67938,1.15632,1.00019,0.99357,1.23375,0.88271,1.0124,0.36185,0.65029,1.33399,0.53057,0.46904,1.25596,0.87169,0.23304,0.93833,0.26035,1.25532,1.15552,1.04322,1.09174,0.77453,1.34882,1.19045,1.3069,0.52728,0.53007,1.24992,0.36009,1.37866,0.26887,1.12125,1.38095,0.99792,1.30018,0.89374,0.99983,1.0173,0.82253,1.17702,0.99526,1.35885,1.28992,0.59683,1.33412,1.34334,0.66986,1.19531,1.35393,1.07952,1.34054,0.61622,0.88302,0.97766,0.97712,1.21436,0.23844,0.7799,0.42639,1.31473,1.31785,0.48036
5.22,1.35838,0.03954,1.35875,0.9507,0,1.00386,0.77342,1.21502,1.0001,0.99086,1.17601,0.89828,1.04903,0.43523,0.61969,1.31162,0.56003,0.46494,1.25859,0.87713,0.22348,0.84952,0.20401,1.21639,1.14955,1.03189,1.08044,0.8384,1.34212,1.21349,1.30189,0.56323,0.57524,1.24269,0.34846,1.38098,0.30949,1.0825,1.38095,0.99806,1.26416,0.81915,0.99992,1.02421,0.89464,1.16187,0.97953,1.34987,1.29889,0.69067,1.32852,1.34396,0.66269,1.19053,1.35512,1.15771,1.34878,0.71661,0.8896,0.98395,0.9806,1.17559,0.28535,0.73419,0.44881,1.3064,1.30748,0.50436
5.24,1.35871,0.02031,1.35155,1.02567,0,1.00352,0.89078,1.24622,1,0.98782,1.01959,0.9156,1.08401,0.54507,0.60468,1.25404,0.61469,0.48466,1.2559,0.89475,0.22916,0.82239,0.16474,1.12781,1.14086,1.00587,1.05705,0.90847,1.33003,1.2362,1.2957,0.60901,0.63869,1.23097,0.34549,1.38226,0.36984,0.98622,1.38095,0.99822,1.18349,0.76304,1.00001,1.03169,0.99255,1.14297,0.96158,1.33243,1.30296,0.82699,1.31655,1.34091,0.67003,1.17376,1.35442,1.17608,1.35407,0.87053,0.89875,0.99721,0.98711,1.11796,0.36047,0.68161,0.4751,1.29441,1.29019,0.54151
5.26,1.3582,0.01252,1.33984,1.1449,0,1.00313,1.05493,1.26482,0.99995,0.98465,0.86468,0.93463,1.11586,0.7073,0.60506,0.9647,0.69928,0.53321,1.24663,0.9253,0.25091,0.8566,0.14078,0.93716,1.12895,0.98226,1.01743,0.97896,1.30754,1.25776,1.28891,0.66023,0.71471,1.21548,0.35009,1.38276,0.45203,0.89385,1.38095,0.99843,0.95613,0.72114,1.00019,1.03922,1.14164,1.11916,0.94197,1.29106,1.30286,1.03754,1.29241,1.33258,0.69403,1.13887,1.35166,1.15257,1.35713,1.13395,0.91054,1.03111,0.99645,1.03335,0.47473,0.62299,0.50227,1.27871,1.26372,0.58756
5.28,1.35684,0.01445,1.32009,1.22001,0,1.00268,1.18589,1.27685,0.9999,0.98164,0.74651,0.95483,1.14264,0.95041,0.62107,0.67774,0.81881,0.61621,1.22879,0.9673,0.29015,0.96728,0.1308,0.80041,1.11346,0.95725,0.97964,1.07027,1.25913,1.27686,1.28202,0.71313,0.79751,1.19678,0.36197,1.38264,0.55867,0.79076,1.38095,0.99865,0.79131,0.68958,1.00035,1.0461,1.21302,1.08959,0.92233,1.10738,1.29851,1.2193,1.23791,1.31492,0.7355,1.07355,1.34638,1.04562,1.35837,1.25674,0.92469,1.06863,1.01554,0.96468,0.6474,0.56205,0.52827,1.25926,1.22402,0.63892
5.3,1.35452,0.02512,1.28407,1.26533,0,1.00222,1.24056,1.28525,0.99986,0.97923,0.65792,0.97494,1.16279,1.22623,0.65358,0.50263,0.97471,0.73866,1.19901,1.02947,0.34833,1.18576,0.13469,0.69233,1.09435,0.93029,0.94821,1.12548,1.10826,1.29264,1.27535,0.76459,0.88085,1.17559,0.3816,1.38194,0.6902,0.69229,1.38095,0.99888,0.67489,0.66499,1.00048,1.05147,1.25046,1.05448,0.90515,0.70976,1.2889,1.2775,1.06114,1.27626,0.79339,0.97895,1.33773,0.87898,1.35789,1.30132,0.94055,1.10258,1.03813,0.92649,0.90984,0.50369,0.55206,1.23612,1.16438,0.69225
5.32,1.35092,0.04414,1.20902,1.29265,0,1.00177,1.26935,1.29166,0.99984,0.97785,0.59859,0.99329,1.17545,1.29202,0.70443,0.39235,1.16592,0.90184,1.15167,1.09375,0.42644,1.27701,0.15387,0.61175,1.07198,0.90382,0.91761,1.15321,0.83153,1.30494,1.26897,0.81236,0.95845,1.1528,0.41007,1.38067,0.84122,0.60885,1.38095,0.99911,0.59221,0.64459,1.00057,1.05448,1.27057,1.01598,0.89307,0.51162,1.27138,1.30449,0.82725,1.16848,0.86451,0.92249,1.32429,0.72544,1.35547,1.32281,0.95718,1.13083,1.05862,0.90209,1.22271,0.452,0.57359,1.20957,1.07444,0.74449
5.34,1.34554,0.07177,1.00632,1.30926,0,1.00136,1.28618,1.29703,0.99982,0.97779,0.56654,1.01615,1.18045,1.31783,0.77702,0.32325,1.23181,1.12617,1.07661,1.12955,0.52483,1.31845,0.19181,0.55573,1.04693,0.87999,0.89017,1.16568,0.68345,1.31414,1.26275,0.85513,1.04335,1.12948,0.44907,1.37875,0.99736,0.54442,1.38095,0.99932,0.53396,0.62632,1.00062,1.05461,1.28016,0.98969,0.88799,0.39661,1.2392,1.31877,0.70072,0.88439,0.94397,0.88257,1.30342,0.58648,1.35046,1.33428,0.97373,1.15283,1.07586,0.88961,1.29201,0.40911,0.59358,1.18011,0.97457,0.79321
5.36,1.33743,0.10911,0.86509,1.31926,0,1.001,1.29642,1.30183,0.99983,0.97911,0.5591,1.03557,1.17783,1.33026,0.87684,0.28244,1.2589,1.22301,0.97985,1.14685,0.64299,1.34029,0.2547,0.52082,1.01979,0.86065,0.86771,1.16807,0.59476,1.32079,1.25636,0.89248,1.10553,1.10667,0.50077,1.37599,1.15278,0.49889,1.38095,0.9995,0.49399,0.60892,1.00061,1.05174,1.28227,0.97633,0.89067,0.32934,1.17194,1.32643,0.62916,0.72518,1.04486,0.86038,1.26991,0.47177,1.3414,1.34039,0.98959,1.16874,1.08925,0.8871,1.31654,0.37551,0.61313,1.14833,0.92771,0.83681
5.38,1.32494,0.1579,0.79508,1.32482,0,1.00071,1.30252,1.30624,0.99984,0.98159,0.57346,1.0476,1.16758,1.3362,1.02151,0.263,1.26998,1.25852,0.92691,1.15119,0.77815,1.35267,0.35219,0.5042,0.99567,0.84753,0.85187,1.16303,0.54499,1.32536,1.24933,0.92461,1.13435,1.08516,0.56732,1.37209,1.19969,0.4709,1.38095,0.99965,0.46829,0.59201,1.00056,1.04622,1.27816,0.96746,0.90071,0.29375,0.98749,1.3299,0.59515,0.63532,1.12924,0.85448,1.21242,0.38435,1.32515,1.34307,1.00857,1.17866,1.09832,0.89236,1.32727,0.35106,0.63355,1.11484,0.90021,0.87468
5.4,1.30491,0.22025,0.76859,1.32698,0,1.00048,1.30567,1.3102,0.99986,0.98476,0.60634,1.05513,1.14968,1.33795,1.18158,0.26178,1.27242,1.27329,0.88956,1.14579,0.92298,1.35968,0.49707,0.50402,0.98271,0.84253,0.84435,1.15247,0.52311,1.32813,1.24111,0.95201,1.14617,1.06534,0.65006,1.36654,1.2142,0.4594,1.38095,0.99976,0.45444,0.57596,1.00049,1.03895,1.26813,0.96166,0.9166,0.28281,0.83773,1.33011,0.58722,0.58977,1.17055,0.86181,1.10323,0.32445,1.29429,1.34309,1.03245,1.18228,1.10252,0.9028,1.33147,0.33563,0.65612,1.08022,0.88755,0.90711
5.42,1.27057,0.29835,0.77241,1.32609,0,1.00031,1.30641,1.31358,0.99989,0.98803,0.65366,1.06072,1.12439,1.33605,1.24633,0.27842,1.2693,1.27753,0.86676,1.13271,1.09366,1.36316,0.70226,0.51943,0.97162,0.84745,0.84678,1.13844,0.5231,1.32923,1.23102,0.97527,1.14697,1.04709,0.74892,1.3585,1.2122,0.46415,1.38095,0.99984,0.4511,0.56162,1.0004,1.03119,1.25202,0.95723,0.93607,0.29467,0.71887,1.32716,0.59732,0.57561,1.19099,0.87866,0.94992,0.29125,1.22771,1.34062,1.05099,1.17873,1.10117,0.91561,1.33147,0.32933,0.68206,1.04507,0.88665,0.93509
5.44,1.2033,0.39457,0.79852,1.32191,0,1.00021,1.30497,1.31625,0.99991,0.99088,0.71081,1.06634,1.09245,1.32994,1.27997,0.3152,1.2619,1.27425,0.85728,1.11309,1.17896,1.36389,0.97228,0.55025,0.96245,0.8636,0.86028,1.12339,0.54191,1.32868,1.21819,0.9949,1.13879,1.02967,0.8628,1.34645,1.19769,0.48578,1.38095,0.9999,0.45755,0.5498,1.00032,1.02416,1.22937,0.95265,0.95673,0.33119,0.62674,1.32033,0.62026,0.58662,1.19866,0.90184,0.8751,0.28388,1.03557,1.33529,1.06519,1.16641,1.09354,0.92816,1.32788,0.33247,0.71253,1.01006,0.89556,0.96026
5.46,1.02482,0.51172,0.84106,1.31354,0.02341,1.00015,1.30134,1.31815,0.99993,0.99302,0.77307,1.07314,1.0554,1.31757,1.29969,0.37757,1.25012,1.26338,0.85955,1.0867,1.21131,1.36201,1.21653,0.59652,0.95531,0.89132,0.88508,1.11011,0.57824,1.32635,1.2015,1.0211,1.12123,1.01173,0.99028,1.32719,1.1705,0.52563,1.37922,0.99992,0.47338,0.54115,1.00025,1.01872,1.19954,0.94694,0.9765,0.3979,0.55678,1.3077,0.654,0.62095,1.19686,0.92954,0.83322,0.30248,0.85495,1.32616,1.0756,1.14273,1.07896,0.93834,1.3203,0.34555,0.74848,0.98887,0.91328,0.98473
5.48,0.8573,0.65242,0.89396,1.2991,0.10208,1.00015,1.2954,1.31921,0.99994,0.99442,0.8357,1.08144,1.01631,1.29389,1.31184,0.47543,1.23211,1.24206,0.87153,1.05126,1.22381,1.35697,1.26835,0.65731,0.95049,0.9294,0.91995,1.1013,0.63142,1.32198,1.17958,1.04241,1.09157,0.99583,1.14861,1.29312,1.12868,0.58531,1.37288,0.99992,0.49815,0.5362,1.00021,1.01509,1.1622,0.93973,0.99371,0.50422,0.50545,1.28472,0.7,0.67999,1.18696,0.96162,0.81396,0.34863,0.76784,1.31153,1.08233,1.1036,1.0571,0.94467,1.30737,0.36926,0.79033,0.97651,0.93955,1.02032
5.5,0.74737,0.81701,0.94922,1.27489,0.22631,1.00019,1.28695,1.31936,0.99994,0.99525,0.89387,1.09079,0.99071,1.24511,1.31919,0.6258,1.20252,1.20221,0.89046,1.00075,1.22656,1.34732,1.28572,0.72894,0.94844,0.97445,0.96175,1.09891,0.70016,1.3151,1.15094,1.05546,1.0432,0.98474,1.21421,1.22121,1.07142,0.66571,1.36085,0.99991,0.53107,0.5355,1.00021,1.01292,1.11826,0.93123,1.01346,0.66303,0.47066,1.23907,0.76374,0.768,1.16968,0.9995,0.80943,0.42466,0.72606,1.28881,1.08511,1.04355,1.0286,0.94633,1.28636,0.40439,0.83749,0.96832,0.97467,1.06592
5.52,0.66757,1.00127,0.99723,1.23305,0.42922,1.00026,1.27587,1.31849,0.99993,0.9958,0.94323,1.10041,0.9798,1.11999,1.32298,0.85938,1.14658,1.11938,0.91309,0.96805,1.22438,1.32981,1.29125,0.8039,0.94967,1.03749,1.01062,1.1037,0.7818,1.30494,1.11412,1.06078,0.9824,0.97235,1.24838,0.99926,1.00453,0.76626,1.33322,0.99987,0.57062,0.53958,1.00023,1.01147,1.07101,0.92207,1.02836,0.88813,0.45147,1.12393,0.85559,0.89254,1.14586,1.07212,0.81303,0.53194,0.71078,1.25483,1.08344,0.98088,0.99787,0.94298,1.25183,0.45197,0.8883,0.96483,1.03473,1.10609
5.54,0.60819,1.18237,1.05115,1.153,0.77601,1.00037,1.26232,1.31646,0.99992,0.9964,0.98075,1.10956,0.97575,0.89382,1.32369,1.20101,1.01072,0.95601,0.93634,0.9332,1.22046,1.2967,1.29166,0.87187,0.95446,1.09253,1.07229,1.1151,0.87224,1.29015,1.0677,1.05837,0.93725,0.95852,1.26896,0.82947,0.97628,0.88507,1.2295,0.99981,0.61418,0.54885,1.0003,1.00985,1.02655,0.91294,1.03366,1.18045,0.44778,0.8938,0.99234,1.09522,1.11685,1.12838,0.81932,0.66866,0.70961,1.2079,1.0768,0.94585,0.98297,0.93461,1.19172,0.51347,0.94056,0.96643,1.10395,1.1415
5.56,0.56292,1.23731,1.07152,0.98121,1.24438,1.0005,1.24718,1.31316,0.99989,0.99736,1.01054,1.11769,0.97799,0.77362,1.32128,1.29178,0.88588,0.84131,0.95788,0.8972,1.21724,1.22595,1.29019,0.92297,0.96264,1.12336,1.10733,1.13162,0.96646,1.26825,1.01036,1.04812,0.89133,0.94349,1.28254,0.72886,0.96508,1.03528,0.7458,0.99975,0.65748,0.56346,1.00038,1.00728,0.99607,0.90443,1.03073,1.26406,0.46021,0.74981,1.1865,1.2212,1.08467,1.17125,0.82433,0.82664,0.71379,1.15372,1.06491,0.9213,0.97192,0.92144,1.07324,0.59073,0.99193,0.97299,1.15472,1.17201
5.58,0.52767,1.26169,1.07442,0.86823,1.3156,1.00063,1.23303,1.30846,0.99986,0.99889,1.0334,1.12441,0.98546,0.70372,1.31512,1.32293,0.77565,0.74873,0.97634,0.86279,1.21637,1.03094,1.28907,0.95139,0.97349,1.13918,1.12596,1.15125,1.08759,1.23485,0.97514,1.03015,0.8472,0.928,1.29206,0.66833,0.96339,1.17041,0.5209,0.99968,0.69366,0.58313,1.00049,1.0031,0.98686,0.89712,1.02074,1.29229,0.49032,0.64782,1.2615,1.27206,1.05178,1.20275,0.82566,0.98725,0.71693,1.11122,1.04798,0.9069,0.96499,0.90396,0.93074,0.68499,1.06483,0.98377,1.19168,1.19727
5.6,0.49989,1.27386,1.07548,0.78472,1.33579,1.00076,1.2247,1.30236,0.99983,1.00227,1.04045,1.12935,0.99649,0.66818,1.3036,1.33757,0.68134,0.67935,0.99129,0.83362,1.21841,0.86964,1.28989,0.95748,0.98569,1.14496,1.13359,1.17198,1.15623,1.1822,0.95165,1.00522,0.80769,0.91321,1.299,0.63288,0.96276,1.22633,0.41384,0.99962,0.71327,0.60694,1.0006,0.9984,0.98382,0.89158,1.00516,1.30355,0.54104,0.57788,1.29824,1.29743,1.02054,1.22438,0.82252,1.14268,0.71464,1.10045,1.02718,0.90129,0.9619,0.8829,0.85159,0.79472,1.11078,0.99734,1.21803,1.21709
5.62,0.47797,1.27986,1.09069,0.72197,1.34418,1.00087,1.22748,1.29497,0.9998,1.00819,1.04009,1.13218,1.01701,0.65716,1.28283,1.345,0.60634,0.63333,1.006,0.81317,1.22302,0.80859,1.29342,0.94649,0.99758,1.14366,1.13325,1.19228,1.19007,1.09682,0.93497,0.98839,0.77526,0.90043,1.30416,0.61386,0.9534,1.25628,0.35938,0.99956,0.70686,0.63347,1.00069,0.99417,0.98398,0.88834,0.99342,1.30671,0.61748,0.53396,1.31853,1.31059,0.99625,1.23741,0.81523,1.18468,0.70447,1.11941,1.00482,0.90257,0.96204,0.8591,0.79955,0.91339,1.13718,1.0223,1.23615,1.23162
5.64,0.4606,1.2823,1.12665,0.67412,1.34792,1.00095,1.24247,1.28649,0.99979,1.01529,1.03871,1.13262,1.0363,0.66407,1.24205,1.34832,0.55069,0.60964,1.02325,0.80374,1.22945,0.80649,1.29946,0.9252,1.01483,1.13707,1.12671,1.21129,1.20717,0.98081,0.92476,0.97531,0.75135,0.89071,1.30807,0.60581,0.92782,1.27458,0.33262,0.99952,0.66996,0.66115,1.00074,0.98896,0.98458,0.88783,0.98531,1.30474,0.72873,0.51195,1.33035,1.31651,0.98493,1.24293,0.80456,1.18594,0.68599,1.15078,0.99229,0.9089,0.96469,0.83326,0.76862,1.0495,1.15137,1.045,1.24789,1.24139
5.66,0.4466,1.28251,1.17408,0.63723,1.34937,1.00099,1.26484,1.2772,0.9998,1.02309,1.04177,1.13052,1.04776,0.68378,1.13941,1.34878,0.51247,0.60628,1.03686,0.80602,1.23699,0.85357,1.30704,0.89917,1.02822,1.12636,1.11498,1.22865,1.21412,0.92537,0.92006,0.96428,0.73628,0.8846,1.3111,0.60512,0.88413,1.28668,0.32187,0.9995,0.60644,0.68858,1.00071,0.98307,0.98323,0.89025,0.98013,1.29881,0.89085,0.50878,1.3373,1.31731,0.9754,1.24162,0.79127,1.15479,0.66049,1.18175,0.98487,0.91868,0.96917,0.80593,0.75499,1.14575,1.15747,1.06244,1.25469,1.24704
5.68,0.43487,1.28126,1.21911,0.60896,1.34952,1.001,1.28808,1.2675,0.99984,1.03086,1.05325,1.12578,1.04855,0.71098,0.90029,1.34686,0.48928,0.62038,1.04932,0.81919,1.24504,0.94758,1.31493,0.87221,1.03643,1.11239,1.09898,1.2442,1.21347,0.89524,0.91925,0.95547,0.72964,0.88225,1.31358,0.60927,0.82648,1.29498,0.32075,0.9995,0.52683,0.71444,1.00057,0.977,0.97801,0.89561,0.97976,1.28977,1.14981,0.52178,1.34113,1.31389,0.96615,1.23374,0.77605,1.06925,0.63084,1.2076,0.9801,0.93052,0.97477,0.77769,0.75629,1.18075,1.15848,1.07537,1.25756,1.24912
5.7,0.42448,1.27904,1.25468,0.58819,1.34889,1.00099,1.30815,1.25796,0.99992,1.03767,1.07447,1.11838,1.03421,0.739,0.73753,1.34273,0.47906,0.64782,1.06242,0.84099,1.25311,1.11652,1.32207,0.84659,1.04106,1.09617,1.08,1.25787,1.20579,0.88651,0.92018,0.9486,0.73057,0.88353,1.31572,0.61653,0.76275,1.30061,0.32545,0.9995,0.44322,0.73747,1.00028,0.97151,0.9675,0.9037,0.98623,1.27922,1.25794,0.54809,1.34273,1.3067,0.95586,1.21928,0.75958,0.93976,0.60074,1.22785,0.97733,0.94316,0.98073,0.74927,0.77125,1.18941,1.15731,1.08489,1.25716,1.248
5.72,0.41473,1.27621,1.28042,0.5749,1.34778,1.00097,1.32399,1.24924,1.00012,1.04266,1.10368,1.10831,0.99785,0.76004,0.61682,1.33638,0.4802,0.68306,1.07717,0.8681,1.26089,1.21103,1.32786,0.82346,1.04411,1.07888,1.06022,1.26966,1.19015,0.89667,0.92045,0.94315,0.73809,0.88811,1.31768,0.62556,0.70054,1.30403,0.3337,0.99951,0.36438,0.75673,0.99989,0.96739,0.95093,0.91421,1.00317,1.27033,1.29968,0.58434,1.34255,1.29625,0.94348,1.19837,0.74245,0.8481,0.57364,1.24335,0.97548,0.95547,0.98628,0.72142,0.7994,1.17928,1.15697,1.09213,1.2539,1.24384
5.74,0.40522,1.27316,1.29856,0.56988,1.34631,1.00096,1.33611,1.24166,1.00055,1.04522,1.13714,1.09546,0.96449,0.76705,0.52826,1.32775,0.49147,0.72005,1.09373,0.89691,1.26821,1.25462,1.33218,0.80313,1.04782,1.06183,1.04289,1.27973,1.16384,0.92424,0.91802,0.93853,0.75133,0.89565,1.31955,0.63503,0.64451,1.30528,0.34434,0.99952,0.29434,0.77222,0.99952,0.96524,0.92814,0.92684,1.04779,1.26715,1.32089,0.62684,1.34078,1.28351,0.92848,1.17155,0.72504,0.77626,0.55164,1.25525,0.97318,0.96657,0.99067,0.69475,0.8408,1.14722,1.16002,1.09806,1.2479,1.23656
5.76,0.39585,1.27042,1.31146,0.57489,1.34448,1.00096,1.34536,1.23483,1.00114,1.04516,1.17081,1.07953,0.92072,0.75614,0.46377,1.31682,0.51176,0.75343,1.11143,0.92427,1.27505,1.27717,1.33518,0.7854,1.05457,1.04619,1.0321,1.28827,1.12115,0.9684,0.91166,0.93426,0.76962,0.90578,1.32136,0.64331,0.59617,1.30403,0.3573,0.99952,0.23383,0.78531,0.999,0.96529,0.89966,0.94142,1.09549,1.27204,1.33315,0.67197,1.33742,1.27004,0.91101,1.1402,0.7075,0.72505,0.53536,1.26453,0.9689,0.97596,0.99321,0.66966,0.89565,1.07604,1.16775,1.10338,1.23903,1.22579
5.78,0.38694,1.26872,1.32081,0.59294,1.3421,1.00099,1.35249,1.2273,1.00191,1.04264,1.20161,1.06009,0.87035,0.72804,0.41753,1.30382,0.53956,0.77949,1.12903,0.9477,1.28143,1.28912,1.33714,0.76974,1.06645,1.03281,1.03188,1.29543,1.05043,1.04836,0.90109,0.93003,0.79233,0.91809,1.32305,0.64835,0.55531,1.29935,0.37355,0.9995,0.18232,0.79884,0.99832,0.96741,0.86682,0.95773,1.13928,1.28351,1.34071,0.71603,1.33247,1.25789,0.89194,1.10714,0.68994,0.69215,0.52424,1.27199,0.96101,0.98345,0.99326,0.64657,0.96344,0.96127,1.17969,1.10849,1.22696,1.21094
5.8,0.37913,1.26893,1.32777,0.62899,1.33878,1.00104,1.35802,1.21641,1.00288,1.03818,1.22788,1.03674,0.81831,0.68736,0.38566,1.28963,0.57247,0.7967,1.14513,0.96543,1.28734,1.29496,1.33838,0.75558,1.08475,1.02209,1.04464,1.30131,0.96965,1.12776,0.88697,0.92571,0.81872,0.93196,1.3245,0.64773,0.52108,1.28918,0.39521,0.99948,0.13902,0.81696,0.99747,0.9711,0.83158,0.97549,1.17559,1.29769,1.34543,0.75526,1.32599,1.24892,0.87281,1.07704,0.67252,0.67427,0.51703,1.27823,0.94792,0.98912,0.99025,0.62607,1.06731,0.87649,1.19412,1.11356,1.2112,1.1913
5.82,0.37329,1.27178,1.33307,0.69123,1.3339,1.00111,1.36232,1.19755,1.00401,1.03249,1.24929,1.00906,0.76918,0.64016,0.36577,1.27611,0.60721,0.80543,1.15867,0.97636,1.29273,1.29686,1.33921,0.74242,1.10932,1.01399,1.06983,1.30595,0.91745,1.17829,0.8705,0.92136,0.84791,0.94671,1.32557,0.63922,0.49245,1.26841,0.42525,0.99945,0.10307,0.84481,0.99646,0.9757,0.79601,0.9943,1.20376,1.31133,1.34819,0.78624,1.31833,1.24404,0.85527,1.05569,0.6555,0.66815,0.51206,1.28363,0.92827,0.99323,0.98366,0.60878,1.14575,0.80149,1.20907,1.11854,1.19115,1.16603
5.84,0.37019,1.27747,1.33719,0.79365,1.32646,1.00119,1.36568,1.1616,1.00528,1.02632,1.26633,0.98898,0.72611,0.59143,0.35634,1.26572,0.64043,0.807,1.16926,0.98009,1.29758,1.29597,1.33996,0.73003,1.13851,1.00806,1.10385,1.30941,0.87533,1.21097,0.85293,0.91713,0.87901,0.96167,1.32614,0.62158,0.46841,1.22137,0.46705,0.9994,0.07352,0.88822,0.99534,0.98057,0.76173,1.02567,1.22473,1.32303,1.34945,0.80673,1.31004,1.24313,0.84052,1.04784,0.63924,0.67104,0.50756,1.2884,0.90114,0.99615,0.97312,0.59514,1.18902,0.73953,1.22316,1.12324,1.16601,1.13413
5.86,0.37046,1.28545,1.34047,0.9622,1.31495,1.00128,1.3683,1.08387,1.00658,1.02025,1.27979,0.97375,0.69081,0.54427,0.35651,1.26042,0.66978,0.80281,1.17707,0.97683,1.30183,1.29288,1.34088,0.71853,1.16967,1.00358,1.1416,1.31181,0.84444,1.2323,0.83536,0.91328,0.91113,0.97626,1.32609,0.59513,0.44805,1.06597,0.52387,0.99936,0.04944,0.9539,0.99416,0.98524,0.7298,1.05675,1.23983,1.33257,1.34943,0.81626,1.30178,1.24552,0.82902,1.05471,0.62419,0.68079,0.5019,1.29258,0.86639,0.99831,0.95847,0.58533,1.21372,0.69126,1.23566,1.12742,1.1347,1.09441
5.88,0.37459,1.29466,1.34311,1.2054,1.29692,1.00137,1.37033,0.94858,1.0078,1.01468,1.29033,0.95914,0.66428,0.50045,0.36592,1.26034,0.69446,0.79393,1.18255,0.96739,1.30536,1.28792,1.34219,0.70852,1.20006,0.99985,1.17843,1.31323,0.82539,1.24595,0.81877,0.91019,0.94312,0.98992,1.32534,0.56182,0.43077,0.81537,0.5977,0.99932,0.03019,1.07759,0.99307,0.98942,0.701,1.0826,1.25014,1.34022,1.34817,0.81639,1.29402,1.25041,0.82059,1.07339,0.61104,0.69567,0.49369,1.29605,0.82479,1.00029,0.93985,0.57937,1.22676,0.65629,1.24623,1.13069,1.09623,1.04596
5.9,0.38297,1.30396,1.34524,1.28528,1.26861,1.00143,1.37184,0.83987,1.00874,1.00987,1.29842,0.94543,0.64738,0.46105,0.38464,1.26381,0.71534,0.78121,1.1863,0.95304,1.30801,1.28132,1.34401,0.70101,1.22761,0.99775,1.21128,1.31372,0.81886,1.25391,0.80414,0.90838,0.97339,1.00397,1.32379,0.52473,0.41628,0.63377,0.6871,0.99928,0.01548,1.18009,0.99222,0.99295,0.67616,1.10397,1.25629,1.34627,1.34557,0.81022,1.28679,1.25703,0.81466,1.09859,0.60073,0.71414,0.48192,1.29854,0.77812,1.00419,0.91782,0.57729,1.2309,0.6342,1.25469,1.13259,1.05058,0.9949
5.92,0.39596,1.31252,1.34689,1.32057,1.22512,1.00145,1.37288,0.73671,1.00914,1.00595,1.30436,0.93295,0.64093,0.4267,0.41324,1.26852,0.7344,0.7656,1.18883,0.93555,1.30962,1.27318,1.34632,0.69724,1.25117,0.99497,1.23871,1.3133,0.82562,1.25718,0.79238,0.90838,0.99999,1.0222,1.32134,0.48708,0.40462,0.49245,0.7842,0.99927,0.00523,1.23847,0.99186,0.99579,0.65616,1.12142,1.25856,1.35101,1.34137,0.80146,1.27957,1.26456,0.81056,1.12511,0.59431,0.73505,0.46637,1.29976,0.72896,1.00926,0.89348,0.57911,1.22661,0.6247,1.26098,1.13258,1.00002,0.97062
5.94,0.4139,1.31991,1.34808,1.33972,1.16489,1.00142,1.37346,0.6436,1.00864,1.00292,1.30829,0.92187,0.64544,0.39765,0.45286,1.27264,0.75369,0.74873,1.19043,0.91706,1.31003,1.26329,1.34892,0.69829,1.27036,0.99084,1.26037,1.31193,0.84621,1.25625,0.78408,0.91065,1.03779,1.03424,1.31784,0.45143,0.39604,0.38418,0.87308,0.99929,0,1.27456,0.99232,0.99795,0.64197,1.13551,1.25697,1.35469,1.33502,0.79337,1.27158,1.27206,0.80794,1.14912,0.59265,0.75802,0.44798,1.29942,0.68036,1.01659,0.86852,0.58483,1.21243,0.62744,1.26518,1.13021,0.97812,0.95378
5.96,0.437,1.326,1.34877,1.35134,1.10629,1.00133,1.37361,0.56247,1.00679,1.00072,1.31025,0.91223,0.66099,0.37392,0.50511,1.27514,0.7745,0.73318,1.19103,0.90014,1.30912,1.25074,1.35148,0.7049,1.28527,0.98452,1.27646,1.3096,0.88041,1.25126,0.77944,0.91538,1.05965,1.04102,1.31313,0.41954,0.39097,0.30172,0.93135,0.99933,0,1.29823,0.99398,0.9995,0.63461,1.14684,1.25136,1.35749,1.32555,0.78825,1.26205,1.27846,0.80696,1.16818,0.59634,0.78391,0.42893,1.29726,0.63573,1.02736,0.84526,0.5944,1.18446,0.64169,1.26744,1.12515,0.96364,0.94401
5.98,0.46507,1.33078,1.34888,1.35882,1.09889,1.00119,1.37334,0.49414,1.00303,0.99962,1.31002,0.90396,0.68686,0.3556,0.57167,1.27552,0.79673,0.72259,1.19016,0.88786,1.30676,1.23332,1.35357,0.71742,1.29602,0.97509,1.28715,1.30625,0.92647,1.24231,0.77836,0.92252,1.07051,1.04342,1.30708,0.39275,0.39013,0.23967,0.9374,0.9994,0.00062,1.31431,0.99733,1.00106,0.63549,1.15594,1.24142,1.35953,1.31123,0.78748,1.25068,1.28256,0.80839,1.18057,0.60562,0.81495,0.41254,1.29298,0.59879,1.04255,0.82682,0.60761,1.13457,0.66597,1.26796,1.11723,0.95587,0.94052
6,0.49724,1.33424,1.34828,1.36371,1.15698,1.00102,1.37262,0.43909,0.99834,0.99918,1.30705,0.89698,0.72133,0.34308,0.65334,1.27346,0.81866,0.72153,1.18699,0.88379,1.30283,1.206,1.35476,0.73584,1.30266,0.96166,1.29227,1.30188,0.98006,1.22967,0.78049,0.9317,1.07324,1.04225,1.29964,0.37232,0.39454,0.19447,0.88223,0.99949,0.00783,1.32533,1.00575,1.0023,0.64652,1.1632,1.22688,1.36088,1.28897,0.79171,1.238,1.28295,0.81354,1.18443,0.62051,0.85476,0.40288,1.2862,0.57363,1.06248,0.81692,0.624,1.0466,0.69761,1.26694,1.10649,0.95385,0.94222
6.02,0.53193,1.33637,1.34678,1.3668,1.22887,1.00083,1.37141,0.39732,0.99359,0.99895,1.30028,0.89127,0.76165,0.33686,0.7495,1.2687,0.83749,0.73489,1.18039,0.89147,1.29711,1.15636,1.3546,0.75993,1.30503,0.94387,1.29103,1.2965,1.0572,1.21412,0.78536,0.94235,1.06962,1.03834,1.29095,0.35927,0.40546,0.16375,0.77721,0.99958,0.01975,1.33276,1.02134,1.00291,0.67006,1.1689,1.20765,1.36153,1.2526,0.8011,1.22573,1.27778,0.82394,1.17704,0.64088,0.90826,0.40422,1.27636,0.56419,1.08621,0.81939,0.64297,0.95789,0.73284,1.26455,1.09317,0.95653,0.94791
6.04,0.56738,1.33719,1.34409,1.36854,1.28201,1.00065,1.36963,0.3681,0.98706,0.99889,1.28767,0.88681,0.80478,0.33741,0.85822,1.2609,0.85061,0.76705,1.16906,0.91358,1.28924,1.04407,1.35256,0.7895,1.30259,0.92236,1.28128,1.2901,1.11062,1.19697,0.7925,0.9539,1.0608,1.03238,1.28127,0.35414,0.42416,0.14561,0.64814,0.99967,0.03695,1.33755,1.04106,1.00308,0.70861,1.17319,1.18387,1.36148,1.18739,0.81541,1.21631,1.26388,0.84081,1.15325,0.66663,0.98126,0.4205,1.26246,0.57392,1.11152,0.83728,0.66393,0.90731,0.76765,1.26092,1.07759,0.96284,0.95643
6.06,0.60213,1.33675,1.33989,1.3692,1.31563,1.00049,1.36713,0.35022,0.97859,0.99894,1.26518,0.88365,0.84803,0.34495,0.97682,1.24959,0.85669,0.82124,1.15163,0.95122,1.27863,0.90839,1.34788,0.82448,1.294,0.899,1.25738,1.28265,1.13802,1.17983,0.80151,0.9658,1.04766,1.02503,1.27088,0.35688,0.45171,0.13856,0.52075,0.99976,0.06036,1.34033,1.064,1.00296,0.76425,1.17615,1.1558,1.36068,1.04635,0.83404,1.21167,1.23457,0.86457,1.10155,0.69781,1.10962,0.45548,1.24272,0.60607,1.13552,0.87235,0.68644,0.87553,0.79884,1.25613,1.06012,0.97176,0.96672
6.08,0.63512,1.33515,1.33375,1.36893,1.33614,1.00035,1.3637,0.34242,0.9682,0.99904,1.22377,0.88189,0.88925,0.35947,1.12838,1.23447,0.85618,0.89832,1.12686,1.00588,1.26439,0.79912,1.33905,0.86468,1.27604,0.87694,1.20245,1.2741,1.14963,1.16417,0.81198,0.97751,1.03117,1.01691,1.26006,0.36681,0.48857,0.14149,0.41171,0.99983,0.09114,1.34151,1.08876,1.00266,0.83764,1.17778,1.124,1.35911,0.90263,0.8557,1.21207,1.17221,0.8944,0.996,0.73429,1.19032,0.51305,1.21393,0.66417,1.15545,0.92439,0.71003,0.86056,0.82464,1.25025,1.04135,0.98222,0.97781
6.1,0.66565,1.33252,1.32521,1.36777,1.34854,1.00024,1.35906,0.3436,0.95615,0.99918,1.13988,0.88173,0.92685,0.38061,1.19732,1.21587,0.85105,0.99439,1.09432,1.09324,1.24532,0.7041,1.32289,0.90945,1.2407,0.86026,1.04499,1.26448,1.15064,1.15088,0.82344,0.9884,1.01277,1.00873,1.2491,0.38259,0.53412,0.15369,0.32808,0.99988,0.13049,1.34133,1.11365,1.00227,0.92605,1.17792,1.08942,1.35671,0.81385,0.87831,1.21598,1.01491,0.92792,0.92301,0.77549,1.23736,0.59706,1.17034,0.75205,1.16904,0.99016,0.73408,0.8592,0.84478,1.24336,1.02228,0.993,0.98868
6.12,0.69336,1.32909,1.31378,1.3657,1.35584,1.00015,1.35285,0.35301,0.94301,0.99933,0.97102,0.88345,0.95977,0.40772,1.23219,1.19542,0.84419,1.12573,1.05538,1.14491,1.21982,0.62713,1.2911,0.95756,1.16345,0.85311,0.8624,1.25393,1.14413,1.13996,0.8354,0.99781,0.99729,1.00126,1.23826,0.40241,0.58651,0.17488,0.27034,0.99993,0.17962,1.3399,1.13705,1.00186,1.03893,1.17634,1.05347,1.35344,0.75012,0.89914,1.22102,0.88493,0.96146,0.86298,0.82032,1.26606,0.71121,1.10029,0.87388,1.17453,1.09232,0.75785,0.86777,0.86025,1.23564,1.00437,1.00572,0.99839
6.14,0.71834,1.3251,1.29895,1.36257,1.35983,1.00009,1.34445,0.3703,0.9297,0.99948,0.87041,0.8873,0.98758,0.44009,1.25225,1.17644,0.83843,1.18315,1.01392,1.17379,1.18551,0.56881,1.21333,1.01433,0.96756,0.85884,0.74894,1.24263,1.13211,1.13082,0.84751,1.01019,0.9899,0.99759,1.22766,0.42443,0.64319,0.20541,0.23558,0.99996,0.24009,1.3372,1.15753,1.00146,1.13727,1.17272,1.01783,1.34922,0.70463,0.91556,1.22509,0.80236,0.99116,0.82117,0.86743,1.28391,0.85905,0.98875,1.0574,1.17015,1.15075,0.78074,0.8828,0.87251,1.22718,0.99475,1.02058,1.01195
6.16,0.74119,1.32073,1.28007,1.35805,1.36152,1.00004,1.33283,0.39559,0.91761,0.99961,0.80728,0.89349,1.01959,0.47699,1.26458,1.16317,0.83617,1.20885,0.9888,1.18746,1.1387,0.52789,0.94185,1.08627,0.82594,0.87965,0.67651,1.23069,1.11601,1.12268,0.85961,1.01976,0.98488,0.99549,1.21719,0.44726,0.7015,0.24641,0.22008,0.99998,0.31425,1.33305,1.17385,1.0011,1.18022,1.16671,0.99238,1.3439,0.67248,0.92569,1.22664,0.75498,1.02607,0.79869,0.91538,1.29487,1.06932,0.921,1.20089,1.15313,1.18205,0.80244,0.90142,0.88295,1.21801,0.98961,1.03016,1.02189
6.18,0.76281,1.31613,1.25648,1.35161,1.3615,1.00002,1.31609,0.42923,0.90867,0.99972,0.77474,0.90212,1.04918,0.51736,1.27241,1.15901,0.83933,1.21764,0.9775,1.18997,1.07416,0.50278,0.74374,1.1308,0.72192,0.91659,0.63691,1.21816,1.09715,1.11496,0.87166,1.02509,0.98224,0.9943,1.20651,0.47006,0.7589,0.29966,0.22028,0.99999,0.40532,1.32715,1.18476,1.00078,1.19865,1.15789,0.97946,1.33739,0.65007,0.92867,1.22446,0.73683,1.04951,0.79435,0.96235,1.30106,1.20895,0.86648,1.25563,1.11775,1.19754,0.82291,0.92134,0.89245,1.20808,0.98665,1.03503,1.02726
6.2,0.78421,1.31135,1.2277,1.34229,1.36015,1,1.29071,0.47156,0.90527,0.99981,0.76784,0.91312,1.06884,0.55937,1.27744,1.16459,0.84953,1.21498,0.9725,1.18331,0.99334,0.49246,0.62291,1.15897,0.64972,0.96947,0.62464,1.20505,1.07696,1.10743,0.88367,1.02695,0.98175,0.99395,1.19512,0.49247,0.8129,0.36724,0.23272,1,0.51674,1.31901,1.18867,1.00052,1.2023,1.14582,0.96977,1.32968,0.63474,0.92465,1.21712,0.74245,1.05909,0.80573,1.01108,1.30349,1.25779,0.82501,1.28216,1.05111,1.20214,0.84216,0.94068,0.90137,1.19726,0.98559,1.03592,1.02884
6.22,0.80631,1.30635,1.19382,1.32846,1.35778,1,1.24935,0.5229,0.90983,0.99989,0.78348,0.92635,1.08202,0.60051,1.28066,1.17757,0.86813,1.20263,0.97258,1.16813,0.95361,0.49672,0.55258,1.17589,0.60529,1.0617,0.63698,1.19136,1.05695,1.10022,0.89569,1.02606,0.98299,0.99427,1.18241,0.51459,0.86129,0.45136,0.25371,1,0.6516,1.3079,1.18339,1.00031,1.19391,1.12995,0.96269,1.321,0.62454,0.91464,1.2024,0.7672,1.05895,0.82993,1.06792,1.3025,1.27958,0.79685,1.29544,0.96665,1.19752,0.86024,0.9581,0.90961,1.1854,0.9861,1.03365,1.0274
6.24,0.82984,1.30101,1.1558,1.30684,1.35473,1,1.17345,0.58378,0.92407,0.99994,0.82022,0.94167,1.09052,0.63846,1.28267,1.19426,0.8962,1.18,0.97651,1.14388,0.92753,0.51607,0.5197,1.18406,0.58571,1.14261,0.67424,1.17705,1.03803,1.09355,0.90781,1.023,0.98554,0.99511,1.16765,0.53691,0.9026,0.5546,0.27962,1,0.8125,1.29256,1.16538,1.00015,1.17226,1.10943,0.95785,1.31177,0.61799,0.90022,1.17627,0.80766,1.05145,0.86434,1.09836,1.29783,1.28853,0.78223,1.30072,0.9036,1.18296,0.87728,0.97317,0.91697,1.17222,0.98782,1.02893,1.02361
6.26,0.85517,1.29509,1.11526,1.26981,1.35125,1,0.99864,0.65511,0.94838,0.99999,0.87787,0.95893,1.09514,0.67206,1.28388,1.21129,0.9342,1.14376,0.9833,1.10831,0.91456,0.5516,0.5184,1.18452,0.58885,1.19522,0.74021,1.16199,1.01982,1.08756,0.92017,1.01824,0.98896,0.99632,1.15016,0.56017,0.93651,0.68014,0.30748,1,1.00383,1.27069,1.12791,1.00004,1.13143,1.08295,0.95513,1.3024,0.61399,0.8833,1.13055,0.86183,1.03781,0.90713,1.11192,1.28866,1.28887,0.78137,1.2999,0.84234,1.15475,0.89342,0.98655,0.92339,1.15732,0.99044,1.02241,1.01802
6.28,0.88194,1.2883,1.07381,1.19542,1.34756,1.00001,0.87886,0.73774,0.98129,1.00004,0.95636,0.97789,1.0959,0.70179,1.28455,1.22629,0.98142,1.08599,0.99215,1.05671,0.91421,0.60469,0.54781,1.17716,0.6131,1.23229,0.84296,1.14613,0.99995,1.08228,0.93287,1.0122,0.99288,0.99775,1.12958,0.58515,0.96375,0.83068,0.33528,1,1.19479,1.238,1.05697,0.99998,1.05642,1.04876,0.95467,1.29295,0.61177,0.86614,1.04661,0.92878,1.0186,0.95702,1.11226,1.27327,1.28092,0.79462,1.29325,0.78259,1.10329,0.90873,1.00014,0.92889,1.1402,0.99369,1.0147,1.01118
6.3,0.90884,1.28028,1.03207,0.99461,1.34376,1.00001,0.79427,0.83149,1.03425,1.00008,1.08274,0.99805,1.09219,0.72976,1.2848,1.2378,1.05864,0.99433,1.00466,0.99059,0.92624,0.6763,0.61164,1.16049,0.65685,1.26011,0.99676,1.12968,0.98759,1.07769,0.94586,1.00525,0.99691,0.99927,1.10631,0.6125,0.9858,1.01069,0.36224,0.99999,1.25364,1.18586,0.968,0.99994,0.96308,1.00476,0.95688,1.28285,0.61092,0.85121,0.95358,1.01505,0.99709,1.02395,1.09975,1.24851,1.26155,0.82261,1.27983,0.72357,1.00252,0.92305,1.03018,0.93357,1.12045,0.99733,1.0065,1.00368
6.32,0.9338,1.27067,0.99459,0.85011,1.33981,1.00002,0.73416,0.93453,1.08438,1.00011,1.17081,1.03385,1.08296,0.75926,1.28468,1.2451,1.11975,0.93685,1.02456,0.95038,0.95049,0.76661,0.71948,1.13095,0.71803,1.28181,1.19689,1.1132,0.97133,1.07388,0.95897,0.9989,1.00132,1.00148,1.08195,0.64258,1.00876,1.18463,0.38865,0.99999,1.28115,1.09461,0.91252,0.99992,0.89966,0.97755,0.96217,1.27067,0.61133,0.84084,0.89021,1.12513,0.98404,1.1029,1.07181,1.20822,1.22021,0.86628,1.25725,0.66511,0.92826,0.93604,1.06411,0.93737,1.09769,1.0022,0.99929,0.99811
6.34,0.95478,1.25904,0.97453,0.75783,1.33555,1.00003,0.69181,1.06964,1.11461,1.00013,1.21774,1.06417,1.06717,0.79404,1.28411,1.24788,1.15783,0.88693,1.04178,0.91471,0.98653,0.87509,0.8903,1.08105,0.79413,1.29892,1.26761,1.09745,0.94969,1.07129,0.9721,0.99522,1.00742,1.00402,1.05903,0.67554,1.03863,1.24013,0.41533,0.99999,1.29626,0.96311,0.87279,0.99991,0.84614,0.95443,0.97063,1.25376,0.61322,0.83667,0.83949,1.18362,0.97181,1.15193,1.0219,1.13838,1.11674,0.92667,1.22038,0.60828,0.85865,0.94734,1.10162,0.93993,1.07148,1.00944,0.99598,0.99483
6.36,0.97035,1.24501,0.95534,0.70007,1.33087,1.00003,0.66243,1.16345,1.13024,1.00015,1.24552,1.0885,1.04434,0.83772,1.28296,1.246,1.18179,0.84697,1.05494,0.88519,1.0555,1.00082,1.1663,0.9973,0.88184,1.31221,1.30209,1.08321,0.92228,1.07078,0.9852,0.99175,1.01161,1.00597,1.04034,0.71107,1.06394,1.26506,0.44278,0.99998,1.30522,0.88624,0.84996,0.99989,0.80283,0.93336,0.98171,1.22731,0.61705,0.83949,0.80147,1.21713,0.96181,1.18312,0.97313,0.99968,0.9086,1.00808,1.15807,0.5554,0.79564,0.95674,1.13986,0.94043,1.04103,1.01606,0.99365,0.99229
6.38,0.97994,1.22847,0.93577,0.66583,1.32578,1.00004,0.64246,1.2087,1.13501,1.00016,1.26307,1.10802,1.01566,0.89331,1.28095,1.23926,1.19672,0.82017,1.06236,0.86403,1.11557,1.1546,1.2684,0.94355,0.97583,1.32207,1.3214,1.07128,0.89,1.07373,0.99824,0.98861,1.01355,1.00716,1.02803,0.74797,1.08697,1.27744,0.47063,0.99998,1.31072,0.82885,0.84265,0.99989,0.76878,0.91451,0.99396,1.18096,0.62361,0.8492,0.77481,1.23524,0.9559,1.20174,0.93425,0.90983,0.76774,1.12415,1.04414,0.50981,0.74202,0.96408,1.17541,0.93752,1.0053,1.02189,0.99256,0.99075
6.4,0.98371,1.21014,0.9155,0.64765,1.32061,1.00004,0.6292,1.23373,1.13157,1.00017,1.27461,1.12355,0.99325,0.96288,1.27769,1.22728,1.20564,0.81079,1.06185,0.85407,1.1554,1.21551,1.30574,0.8966,1.09692,1.32875,1.33265,1.06243,0.85476,1.08164,1.02094,0.9859,1.01291,1.0074,1.023,0.78365,1.10834,1.28341,0.49702,0.99998,1.31415,0.78733,0.84793,0.99988,0.74268,0.89808,1.00985,1.08554,0.63395,0.86492,0.75761,1.24092,0.95632,1.20964,0.89998,0.84195,0.66505,1.18446,0.93851,0.47522,0.70043,0.96925,1.206,0.92955,0.98334,1.0268,0.99293,0.99043
6.42,0.98228,1.19209,0.89481,0.64012,1.31609,1.00004,0.62061,1.24797,1.12209,1.00017,1.28232,1.13563,0.98387,1.07478,1.27268,1.20939,1.21049,0.82383,1.05037,0.85833,1.17942,1.24571,1.32273,0.86051,1.15724,1.33239,1.33881,1.05725,0.81864,1.09544,1.04177,0.98375,1.00937,1.00656,1.02492,0.81443,1.12792,1.28578,0.51863,0.99998,1.31628,0.75941,0.86207,0.99988,0.72322,0.88431,1.02291,0.93755,0.64926,0.88531,0.74784,1.23293,0.96535,1.20633,0.87458,0.79342,0.59779,1.2173,0.88107,0.45489,0.67308,0.97216,1.23104,0.91491,0.96532,1.03063,0.99491,0.99153
6.44,0.9763,1.17744,0.87424,0.63925,1.3133,1.00004,0.61515,1.25532,1.10838,1.00017,1.28737,1.14473,0.98252,1.16031,1.26521,1.18421,1.21257,0.8644,1.02361,0.87919,1.19095,1.26141,1.33016,0.83759,1.1827,1.33307,1.34124,1.05586,0.78298,1.11469,1.05964,0.98226,1.00274,1.00455,1.03277,0.83675,1.1455,1.28605,0.53132,0.99998,1.3176,0.74347,0.88143,0.99988,0.70946,0.87331,1.02473,0.83325,0.67073,0.90913,0.74355,1.20361,0.98469,1.18868,0.86076,0.76211,0.56216,1.23416,0.84963,0.45099,0.6612,0.97294,1.25123,0.89278,0.94856,1.03323,0.99853,0.99414
6.46,0.96623,1.16916,0.85436,0.6422,1.31334,1.00004,0.61174,1.25763,1.09196,1.00016,1.29036,1.15125,0.99033,1.21081,1.25439,1.14882,1.21285,0.93734,0.98823,0.91769,1.19195,1.26847,1.33164,0.82844,1.18893,1.33065,1.34046,1.05769,0.74811,1.13756,1.07525,0.98154,0.99662,1.00144,1.04544,0.84845,1.16093,1.28514,0.53114,0.99998,1.31841,0.73824,0.90306,0.99989,0.7009,0.86506,1.01399,0.74354,0.6993,0.93559,0.74296,1.12444,1.02731,1.14836,0.85951,0.74629,0.55448,1.2402,0.84107,0.46473,0.66507,0.97192,1.26769,0.86353,0.93281,1.03447,1.00711,0.99816
6.48,0.95228,1.16846,0.83591,0.64706,1.3168,1.00004,0.60972,1.25568,1.0742,1.00014,1.29149,1.15551,1.01347,1.24344,1.23908,1.09711,1.21218,1.07252,0.95896,0.97253,1.183,1.26916,1.32827,0.83252,1.18065,1.32468,1.33639,1.06158,0.71379,1.16147,1.08923,0.9817,0.99098,0.99872,1.0619,0.8494,1.17406,1.2836,0.5153,0.99998,1.31888,0.74267,0.92475,0.9999,0.69758,0.85948,0.99483,0.66741,0.73536,0.96435,0.74436,0.94182,1.08288,1.06343,0.87041,0.74468,0.57163,1.23755,0.85236,0.49669,0.68427,0.96973,1.28145,0.82885,0.91772,1.0342,1.01848,1.00643
6.5,0.93457,1.17419,0.81985,0.65271,1.32337,1.00004,0.6088,1.24964,1.05639,1.00012,1.29063,1.15773,1.05236,1.26561,1.21786,1.01571,1.21132,1.18044,0.92892,1.0633,1.16352,1.26393,1.31983,0.84849,1.15802,1.3142,1.3283,1.06593,0.67963,1.18411,1.10206,0.98286,0.98515,0.99653,1.08115,0.84142,1.18466,1.28179,0.48317,0.99998,1.3191,0.75588,0.94491,0.99991,0.70013,0.85653,0.97796,0.60404,0.77836,0.99535,0.74612,0.80692,1.12669,0.9513,0.89185,0.75661,0.61054,1.22646,0.88019,0.54668,0.71768,0.96723,1.29325,0.79136,0.903,1.03219,1.02965,1.01701
6.52,0.91343,1.18356,0.80705,0.6587,1.33189,1.00004,0.60902,1.23911,1.03968,1.0001,1.28725,1.15799,1.08785,1.28106,1.18902,0.95259,1.21097,1.23223,0.90216,1.13247,1.1315,1.25163,1.30496,0.87479,1.11768,1.29741,1.31437,1.06905,0.64538,1.20409,1.11409,0.98516,0.97991,0.99442,1.10204,0.82769,1.19262,1.27983,0.43695,0.99998,1.31905,0.77719,0.96252,0.99993,0.70981,0.85619,0.9594,0.55259,0.82677,1.04924,0.74685,0.70411,1.15784,0.87897,0.92154,0.7822,0.66775,1.20535,0.92095,0.61376,0.76372,0.96541,1.30355,0.75367,0.88835,1.02812,1.03924,1.02676
6.54,0.88964,1.19363,0.79787,0.6651,1.34089,1.00004,0.61059,1.22301,1.02501,1.00008,1.28027,1.15627,1.11606,1.29195,1.15035,0.90023,1.21156,1.25888,0.88156,1.16996,1.08213,1.22854,1.28042,0.91031,1.05089,1.27052,1.29019,1.06929,0.61114,1.22112,1.12565,0.98886,0.97591,0.99258,1.1232,0.81194,1.19807,1.27768,0.38154,0.99998,1.31868,0.80618,0.97705,0.99994,0.72857,0.85848,0.94184,0.51189,0.87837,1.09418,0.74564,0.63425,1.17807,0.82714,0.95743,0.82262,0.73973,1.16934,0.97125,0.69716,0.82103,0.96527,1.31259,0.71745,0.87342,1.02143,1.04627,1.03483
6.56,0.86468,1.20201,0.79195,0.67238,1.34919,1.00003,0.61385,1.19915,1.01296,1.00006,1.26747,1.15248,1.13595,1.29966,1.09925,0.851,1.21314,1.27226,0.86843,1.18901,1.00391,1.18449,1.23836,0.95495,0.97304,1.22395,1.24301,1.06498,0.57747,1.23556,1.13707,0.99428,0.97358,0.99116,1.14311,0.79799,1.20149,1.27519,0.32321,0.99998,1.31791,0.84259,0.98837,0.99996,0.75922,0.86346,0.92756,0.48052,0.93049,1.12955,0.74235,0.59314,1.1896,0.79601,0.99832,0.88038,0.82354,1.10501,1.04871,0.79763,0.889,0.96779,1.32047,0.68322,0.85779,1.01126,1.05026,1.04086
6.58,0.84079,1.20674,0.78819,0.68139,1.35612,1.00003,0.61916,1.16367,1.00378,1.00004,1.24386,1.14647,1.14726,1.30505,1.034,0.80521,1.21538,1.27757,0.86279,1.19629,0.95168,1.0857,1.15624,1.01827,0.92128,1.12636,1.11907,1.05411,0.5455,1.24798,1.14855,1.00357,0.97311,0.99019,1.16031,0.78975,1.20361,1.272,0.26801,0.99998,1.31663,0.88601,0.99667,0.99997,0.80574,0.87113,0.9186,0.45719,0.97967,1.15779,0.73763,0.57545,1.19426,0.7831,1.07034,0.95942,0.9171,0.98555,1.11863,0.91867,0.96765,0.97389,1.32717,0.65079,0.84109,0.99819,1.05105,1.04487
6.6,0.82078,1.20582,0.78495,0.69326,1.36147,1.00003,0.62698,1.10961,0.99869,1.00003,1.19563,1.13802,1.14929,1.30864,0.98136,0.76376,1.21763,1.27744,0.86383,1.19553,0.90305,0.92355,0.97317,1.10592,0.87555,0.93456,0.87313,1.03371,0.51691,1.25884,1.16016,1.02219,0.97454,0.98965,1.17349,0.79138,1.20542,1.26765,0.22059,0.99999,1.31471,0.93536,1.00455,0.99998,0.87382,0.88147,0.91692,0.44097,1.03802,1.18021,0.73284,0.57592,1.19342,0.78447,1.12317,1.09494,1.0345,0.89839,1.16356,1.09759,1.08607,0.98452,1.33261,0.6198,0.82313,0.98826,1.04863,1.04708
6.62,0.80748,1.19657,0.78028,0.70933,1.36531,1.00003,0.63775,1.02373,0.99674,1.00002,1.06654,1.1269,1.14006,1.31072,0.9577,0.72786,1.21908,1.27337,0.87017,1.18925,0.85614,0.80204,0.84862,1.16486,0.83605,0.80332,0.71642,0.99919,0.49352,1.26846,1.17181,1.04341,0.97781,0.98949,1.1817,0.80714,1.20798,1.26144,0.18354,0.99999,1.31196,0.98874,1.01114,0.99998,0.97156,0.89435,0.92438,0.43128,1.07813,1.19762,0.7297,0.5895,1.18812,0.7956,1.16278,1.1886,1.14823,0.81552,1.19404,1.20786,1.16531,1.00137,1.33671,0.59005,0.8039,0.9759,1.04295,1.0477
6.64,0.80303,1.17439,0.77247,0.7309,1.36785,1.00002,0.6519,0.95478,0.99575,1.00001,0.87321,1.11292,1.11519,1.31145,0.94822,0.69877,1.21899,1.26641,0.88024,1.17931,0.81161,0.69464,0.75391,1.20623,0.80264,0.69614,0.60075,0.97323,0.47707,1.27693,1.18338,1.06622,0.98294,0.98973,1.18436,0.84113,1.21217,1.25247,0.1575,0.99999,1.30817,1.0696,1.01439,0.99999,1.1351,0.90946,0.94242,0.42782,1.09214,1.21054,0.7299,0.6117,1.17928,0.81231,1.19313,1.24126,1.20397,0.73869,1.21545,1.25942,1.21083,1.04165,1.33944,0.56182,0.78346,0.96117,1.03374,1.04676
6.66,0.80862,1.12947,0.76032,0.75909,1.36931,1.00002,0.66972,0.90725,0.99546,1.00001,0.72799,1.09614,1.06488,1.31089,0.9528,0.67776,1.21671,1.25737,0.8923,1.16713,0.77107,0.60179,0.68101,1.2358,0.77518,0.60863,0.51473,0.94074,0.4692,1.28418,1.19471,1.08936,0.99006,0.99041,1.18101,0.89696,1.21844,1.23952,0.14204,0.99999,1.30309,1.12386,1.01534,0.99999,1.22174,0.9262,0.9718,0.43047,1.0855,1.21929,0.73482,0.63861,1.16788,0.83145,1.21619,1.27417,1.23644,0.67,1.23071,1.28881,1.23949,1.08352,1.3407,0.536,0.76204,0.94443,1.02028,1.04395
6.68,0.82457,1.03617,0.74342,0.7945,1.36981,1.00002,0.69117,0.8711,0.99564,1,0.60994,1.07719,0.98397,1.309,0.97082,0.66652,1.21158,1.24719,0.90442,1.15369,0.73717,0.52342,0.62601,1.25674,0.75386,0.53962,0.45219,0.90223,0.47192,1.28995,1.20554,1.11146,0.99936,0.99171,1.17107,0.9772,1.2267,1.22088,0.13657,0.99999,1.29646,1.15641,1.01476,1,1.26697,0.94346,1.02276,0.43929,1.05688,1.22379,0.74558,0.66669,1.15544,0.851,1.23285,1.296,1.25674,0.612,1.24135,1.30691,1.25807,1.12394,1.34026,0.51421,0.74013,0.92643,1.00137,1.03854
6.7,0.85042,0.93695,0.72213,0.837,1.36941,1.00003,0.71575,0.84759,0.9961,1,0.52063,1.05785,0.92533,1.30565,1.0023,0.6674,1.20286,1.23705,0.9144,1.13957,0.71343,0.45947,0.58769,1.27081,0.73928,0.48968,0.41027,0.85888,0.48808,1.29389,1.21552,1.13124,1.02083,0.99383,1.15358,1.1114,1.23641,1.1941,0.1409,0.99999,1.28807,1.17456,1.01325,1,1.2926,0.95952,1.09094,0.45454,0.99872,1.22344,0.76308,0.6925,1.14436,0.86997,1.24334,1.31089,1.26919,0.56749,1.2481,1.31797,1.26962,1.16071,1.33763,0.49871,0.71856,0.90833,0.98839,1.02937
6.72,0.88531,0.86206,0.69731,0.88596,1.36804,1.00004,0.74269,0.83811,0.99671,1,0.4593,1.04098,0.87017,1.30059,1.06814,0.68327,1.18953,1.22833,0.92015,1.12484,0.70347,0.40948,0.56607,1.27913,0.73224,0.45976,0.38787,0.81243,0.52174,1.29549,1.22426,1.14781,1.0442,0.99696,1.12681,1.1892,1.24687,1.15505,0.15558,0.99998,1.27773,1.18131,1.01124,1,1.30721,0.97239,1.13942,0.47661,0.95588,1.21704,0.78796,0.71319,1.13759,0.88825,1.24748,1.32107,1.27569,0.53876,1.25122,1.32394,1.27551,1.19262,1.33172,0.49225,0.69844,0.89147,0.97402,1.01499
6.74,0.92851,0.79999,0.66999,0.9412,1.36543,1.00005,0.77137,0.84375,0.99736,1,0.42368,1.02963,0.82247,1.29346,1.12134,0.71709,1.17024,1.22202,0.92048,1.10907,0.71027,0.37227,0.56131,1.28238,0.73327,0.45023,0.38454,0.765,0.57854,1.2941,1.23142,1.1608,1.06748,1.00231,1.08736,1.23141,1.25743,1.09518,0.18234,0.99997,1.26513,1.17733,1.00906,1.00001,1.3148,0.98054,1.17296,0.50593,0.90978,1.20252,0.82047,0.72736,1.13719,0.9063,1.24467,1.32795,1.27708,0.52696,1.25077,1.32574,1.27637,1.21933,1.32023,0.49784,0.68106,0.87699,0.95808,0.99703
6.76,0.97981,0.75181,0.64121,1.00735,1.36103,1.00007,0.80171,0.86491,0.99799,1,0.41131,1.02548,0.784,1.28378,1.16259,0.77133,1.14328,1.21813,0.91561,1.09138,0.736,0.34621,0.57314,1.28095,0.74236,0.46097,0.40007,0.71893,0.66628,1.28866,1.23662,1.17013,1.08912,1.01209,1.0282,1.25606,1.26759,0.99621,0.22465,0.99996,1.24959,1.16139,1.00694,1.00001,1.3173,0.98341,1.19579,0.54279,0.86339,1.17631,0.86013,0.73579,1.14295,0.92488,1.23339,1.33247,1.27361,0.5322,1.24671,1.3237,1.27232,1.24099,1.29743,0.51919,0.66789,0.86581,0.94154,0.98425
6.78,1.06412,0.71698,0.61219,1.10603,1.35362,1.0001,0.83415,0.90101,0.99855,1,0.42055,1.028,0.75529,1.27104,1.19424,0.84691,1.10711,1.21538,0.90731,1.07052,0.78201,0.32965,0.60068,1.27486,0.75882,0.49141,0.43425,0.67694,0.7952,1.277,1.23936,1.17579,1.10755,1.02206,0.97234,1.27079,1.27698,0.93058,0.28869,0.99995,1.22974,1.12994,1.00502,1.00001,1.31544,0.98167,1.21086,0.58672,0.81873,1.13224,0.90491,0.7416,1.15231,0.94484,1.21033,1.33521,1.26511,0.55377,1.23896,1.31762,1.2631,1.25787,1.24474,0.56159,0.66074,0.85869,0.92593,0.97081
6.8,1.13248,0.69456,0.58429,1.16825,1.34034,1.00013,0.8695,0.95,0.99903,1,0.45095,1.03468,0.73647,1.25499,1.21843,0.94108,1.06204,1.21136,0.89856,1.04474,0.84856,0.32131,0.64195,1.26389,0.78113,0.53999,0.4861,0.64196,0.9771,1.25407,1.2389,1.17761,1.12118,1.03078,0.93054,1.2792,1.28529,0.86726,0.38518,0.99993,1.20301,1.07579,1.00338,1.00001,1.30904,0.97697,1.21996,0.63579,0.77731,1.05987,0.95051,0.74992,1.16159,0.96699,1.16838,1.33656,1.25117,0.58999,1.22756,1.30683,1.24821,1.27025,1.05272,0.63375,0.66195,0.85635,0.91333,0.95869
6.82,1.17805,0.68367,0.5588,1.21142,1.31264,1.00017,0.9088,1.01567,0.99941,1,0.50344,1.04232,0.72751,1.23598,1.23678,1.07223,1.01306,1.20277,0.89276,1.01152,0.93466,0.32029,0.69401,1.24769,0.80715,0.60362,0.55308,0.6166,1.19552,1.20526,1.23408,1.17527,1.12847,1.03664,0.891,1.28301,1.29232,0.80555,0.53425,0.99991,1.16435,0.9927,1.00205,1.00001,1.29691,0.97141,1.22409,0.68644,0.74037,0.97529,0.99062,0.76693,1.16743,0.99208,1.09049,1.33672,1.23117,0.63817,1.21276,1.29026,1.22718,1.27842,0.79006,0.7513,0.67438,0.85936,0.9062,0.95035
6.84,1.2098,0.6836,0.53663,1.24297,1.22825,1.00022,0.95322,1.10086,0.9997,1,0.58083,1.04839,0.7282,1.21521,1.25053,1.15953,0.98691,1.18506,0.89281,0.98483,1.0632,0.3261,0.75401,1.22569,0.83463,0.67774,0.63117,0.60257,1.26338,1.06584,1.22301,1.16849,1.12757,1.03794,0.85458,1.28304,1.29806,0.74574,0.77838,0.99989,1.10269,0.94196,1.00103,1.00001,1.27598,0.96686,1.22378,0.73427,0.70884,0.92829,1.03387,0.7991,1.16739,1.0374,0.96881,1.33578,1.20392,0.69503,1.19502,1.26634,1.19971,1.28268,0.63513,0.9452,0.7014,0.86783,0.90709,0.94848
6.86,1.23245,0.69376,0.51823,1.2665,0.83344,1.00027,1.00746,1.15107,0.99992,1,0.68805,1.05146,0.73806,1.19473,1.26049,1.19885,0.97892,1.1502,0.90056,0.96215,1.16583,0.33865,0.82077,1.19717,0.86165,0.75697,0.71521,0.60072,1.29345,0.85588,1.20223,1.15716,1.11547,1.03267,0.82211,1.27948,1.30257,0.68918,1.19505,0.99986,0.99461,0.89903,1.00029,1.00001,1.23886,0.96452,1.21921,0.77524,0.68355,0.8959,1.05214,0.85302,1.15952,1.083,0.88945,1.33373,1.16661,0.75719,1.17502,1.23288,1.16583,1.28322,0.53346,1.21581,0.74699,0.88117,0.91872,0.95602
6.88,1.24852,0.71351,0.50387,1.28391,0.57296,1.00033,1.09022,1.18191,1.00012,1,0.8312,1.05096,0.75615,1.17708,1.26706,1.21729,0.98229,1.07865,0.91688,0.93803,1.2178,0.35815,0.89594,1.16145,0.88666,0.83542,0.7992,0.61135,1.30962,0.70258,1.16446,1.14182,1.08578,1.01791,0.79464,1.27215,1.30595,0.6382,1.30341,0.99984,0.92187,0.86506,0.99989,1,1.16519,0.9649,1.21044,0.80648,0.66553,0.87671,1.04465,0.93599,1.14147,1.12161,0.82347,1.33043,1.11206,0.82106,1.15373,1.18727,1.12646,1.28003,0.46528,1.29406,0.81618,0.89775,0.94422,0.97645
6.9,1.2593,0.74197,0.4938,1.29633,0.4234,1.00037,1.14443,1.2007,1.0003,1,1.02605,1.04698,0.78091,1.16457,1.27031,1.22454,0.99547,0.96161,0.94163,0.913,1.24796,0.38499,0.9849,1.11863,0.90838,0.90718,0.87681,0.63457,1.31935,0.5818,1.09121,1.12442,1.02204,0.99446,0.77361,1.26045,1.30825,0.59565,1.33421,0.99982,0.85631,0.84043,0.99974,1,0.98993,0.96793,1.19749,0.8267,0.65624,0.86826,1.01233,1.0854,1.10947,1.15392,0.77024,1.32566,1.02001,0.88259,1.13259,1.12749,1.0839,1.2727,0.41832,1.32617,0.91552,0.9148,0.98768,1.02654
6.92,1.2654,0.77802,0.48832,1.30458,0.33678,1.0004,1.18123,1.21107,1.00038,1,1.1991,1.03994,0.81037,1.1585,1.26997,1.22483,1.02977,0.87328,0.97373,0.88809,1.26668,0.4197,1.12477,1.07073,0.92585,0.96722,0.94243,0.67056,1.32574,0.49099,0.96653,1.10877,0.95209,0.97231,0.76063,1.24335,1.30947,0.56386,1.34735,0.9998,0.79944,0.82526,0.99966,1,0.8698,0.97316,1.1805,0.83598,0.65722,0.86791,0.97786,1.1961,1.05678,1.18035,0.72878,1.31908,0.94028,0.93748,1.1134,1.05445,1.04211,1.26023,0.38455,1.34261,1.08307,0.92874,1.08379,1.10621
6.94,1.26696,0.82049,0.48765,1.30941,0.29095,1.00041,1.20686,1.21477,1.00041,1,1.25406,1.03042,0.84277,1.15897,1.26562,1.21993,1.06805,0.79318,1.02085,0.86478,1.27863,0.46295,1.20403,1.02262,0.93866,1.02311,0.99228,0.72,1.33035,0.42548,0.87539,1.09983,0.88033,0.94263,0.75715,1.21901,1.30962,0.54378,1.35334,0.99979,0.75165,0.81955,0.99964,1,0.78701,0.97998,1.15948,0.83527,0.66959,0.8737,0.94497,1.25082,0.98656,1.20113,0.69781,1.31013,0.87038,0.98194,1.09789,0.9886,1.00599,1.24053,0.35861,1.35192,1.20482,0.93617,1.16484,1.17355
6.96,1.26367,0.86809,0.4919,1.31146,0.27451,1.0004,1.22514,1.21239,1.00039,1,1.27878,1.01904,0.87707,1.16518,1.25666,1.2097,1.10095,0.727,1.07807,0.84516,1.28624,0.51525,1.25097,0.99133,0.94699,1.0674,1.044,0.78418,1.33401,0.38034,0.7915,1.10153,0.8,0.9057,0.7644,1.18425,1.30868,0.53489,1.35534,0.9998,0.71228,0.82325,0.99966,1,0.73236,0.98777,1.13399,0.82575,0.69353,0.88499,0.91175,1.28087,0.94269,1.21629,0.67585,1.29803,0.80222,1.02497,1.08706,0.96304,0.9904,1.20914,0.33696,1.35742,1.26144,0.93478,1.22258,1.22588
6.98,1.25439,0.919,0.50102,1.31133,0.28139,1.00037,1.23848,1.20362,1.00034,1,1.29143,1.00657,0.91303,1.17581,1.2425,1.19172,1.12702,0.67981,1.11511,0.83202,1.29089,0.57615,1.28065,0.98037,0.95159,1.08578,1.06842,0.86458,1.33718,0.35152,0.71681,1.11448,0.71545,0.86259,0.78346,1.13387,1.30661,0.53548,1.35451,0.99981,0.68018,0.83629,0.99971,1,0.69778,0.99589,1.10284,0.8086,0.72771,0.90254,0.88132,1.29728,0.90718,1.22545,0.66145,1.28182,0.73914,1.05281,1.0808,0.95069,0.98405,1.15631,0.31742,1.36061,1.29319,0.92379,1.26343,1.2648
7,1.23653,0.97037,0.5148,1.30962,0.3081,1.00033,1.24839,1.18709,1.00027,1,1.29841,0.99712,0.95106,1.18941,1.223,1.1593,1.14614,0.65713,1.1351,0.82889,1.29341,0.64294,1.29964,0.97765,0.95364,1.09015,1.07502,0.9619,1.34007,0.33622,0.65283,1.13562,0.63147,0.81526,0.81552,1.06009,1.30339,0.54288,1.35117,0.99984,0.65421,0.85861,0.99976,1,0.6762,1.00701,1.06358,0.78502,0.7686,0.92846,0.8562,1.30408,0.88493,1.22753,0.6533,1.2607,0.68539,1.05916,1.07795,0.94758,0.98218,1.05721,0.29888,1.36221,1.31273,0.90403,1.29234,1.29309
7.02,1.20385,1.03359,0.53301,1.30701,0.3523,1.00028,1.25586,1.15975,1.00021,1,1.30278,0.99195,0.99178,1.20454,1.19932,1.09439,1.15863,0.66525,1.13886,0.8395,1.29431,0.71023,1.3114,0.98186,0.95452,1.08617,1.07152,1.1051,1.34275,0.33275,0.60051,1.16013,0.55284,0.76654,0.86212,0.97895,1.29897,0.55391,1.34519,0.99986,0.63329,0.89018,0.99982,1,0.66162,1.01905,1.01194,0.7563,0.81062,0.96563,0.83831,1.30172,0.88047,1.22033,0.65032,1.23477,0.64453,1.04926,1.07672,0.95042,0.98318,0.94198,0.28109,1.36256,1.3253,0.87777,1.3128,1.31338
7.04,1.13903,1.08998,0.55551,1.30413,0.41245,1.00023,1.26161,1.11497,1.00015,1,1.3062,0.98831,1.05879,1.21988,1.17442,0.97158,1.16498,0.71186,1.1244,0.86689,1.29389,0.77132,1.31796,0.99202,0.95552,1.07721,1.06232,1.18693,1.34518,0.34032,0.56006,1.18363,0.48389,0.71998,0.92557,0.93555,1.2932,0.5657,1.33602,0.99988,0.61632,0.93115,0.99987,1,0.64963,1.02715,0.97485,0.72411,0.84779,1.03063,0.82871,1.28651,0.89714,1.19938,0.65171,1.20576,0.61845,1.02309,1.0753,0.9566,0.98572,0.86571,0.26441,1.36179,1.33347,0.84837,1.32714,1.32769
7.06,0.98789,1.12347,0.58241,1.3014,0.48778,1.00019,1.26622,1.03737,1.0001,1,1.3094,0.98647,1.11023,1.2343,1.15249,0.87551,1.16568,0.8074,1.08479,0.91263,1.2923,0.82086,1.32054,1.01442,0.95776,1.06552,1.05049,1.22938,1.34727,0.35887,0.53129,1.20318,0.42857,0.67975,1.0173,0.90337,1.28582,0.57647,1.32246,0.9999,0.60214,0.98171,0.99991,1,0.63784,1.03112,0.9457,0.69057,0.87584,1.11267,0.82763,1.2429,0.93673,1.15436,0.6569,1.17706,0.60748,0.98868,1.07209,0.96425,0.9888,0.80469,0.24966,1.35982,1.33863,0.82,1.33683,1.33738
7.08,0.86941,1.14566,0.61381,1.29896,0.57791,1.00016,1.27015,0.9567,1.00006,1,1.31248,0.98656,1.14494,1.24687,1.13681,0.78599,1.16117,0.96579,1.00234,0.97558,1.28959,0.85715,1.31968,1.04815,0.96206,1.05267,1.0383,1.25384,1.34885,0.38883,0.51419,1.21687,0.39102,0.65081,1.1395,0.87854,1.27648,0.58582,1.30215,0.99992,0.58962,1.06705,0.99995,1,0.62597,1.03092,0.92049,0.65832,0.89369,1.16852,0.8345,1.07772,0.99855,1.05729,0.66554,1.15217,0.61119,0.95948,1.06577,0.97215,0.99177,0.75803,0.23821,1.35644,1.34148,0.79752,1.34267,1.34325
7.1,0.76496,1.16313,0.64971,1.29659,0.68222,1.00014,1.27376,0.89663,1.00003,1,1.3151,0.98858,1.16642,1.25689,1.12742,0.71136,1.15189,1.18617,0.94303,1.07771,1.2857,0.88298,1.31544,1.08123,0.96903,1.03956,1.02733,1.26807,1.34971,0.43087,0.50937,1.22314,0.37636,0.63898,1.20541,0.85659,1.26469,0.59467,1.27039,0.99993,0.57775,1.13409,0.99997,1,0.61546,1.02654,0.90179,0.63031,0.90362,1.20507,0.84812,0.7972,1.10748,0.93818,0.67746,1.13195,0.62878,0.92648,1.05512,0.97973,0.99429,0.72538,0.23186,1.35122,1.34225,0.7864,1.3448,1.34542
7.12,0.6766,1.1798,0.68998,1.29382,0.79988,1.00013,1.2773,0.84338,1.00002,1,1.31676,0.99248,1.17621,1.2639,1.12107,0.65697,1.13821,1.25927,0.89131,1.14535,1.28047,0.90479,1.30733,1.11189,0.97909,1.02649,1.01844,1.27537,1.34961,0.48571,0.51803,1.21999,0.39159,0.65067,1.24493,0.8333,1.2498,0.6047,1.21629,0.99993,0.56575,1.1776,0.99998,1,0.60861,1.01784,0.89231,0.60933,0.91005,1.2275,0.86694,0.63311,1.16886,0.86239,0.69266,1.11295,0.65945,0.8911,1.03869,0.98683,0.99623,0.70666,0.23258,1.34343,1.34085,0.79207,1.34258,1.34327
7.14,0.60413,1.19741,0.73479,1.29014,0.93119,1.00013,1.2809,0.79834,1.00001,1,1.317,0.99821,1.17451,1.26768,1.11346,0.62488,1.12026,1.28872,0.85191,1.17972,1.27355,0.93083,1.29403,1.13948,0.99265,1.01325,1.01189,1.27727,1.34831,0.55385,0.5418,1.20367,0.44762,0.69273,1.27025,0.80576,1.23073,0.61757,1.10648,0.99993,0.55317,1.20668,0.99999,1,0.60758,1.00439,0.894,0.59754,0.91745,1.2394,0.8896,0.53553,1.2028,0.81166,0.71148,1.08749,0.70267,0.85437,1.01437,0.9936,0.99761,0.70153,0.24211,1.33176,1.33681,0.81923,1.33365,1.33448
7.16,0.54614,1.21577,0.78482,1.28511,1.10973,1.00014,1.28457,0.76179,1,1,1.31549,1.01111,1.16006,1.26803,1.10092,0.61506,1.0976,1.30102,0.827,1.19478,1.26429,0.97014,1.27274,1.16396,1.0191,0.99968,1.00757,1.2745,1.34556,0.63474,0.58246,1.1655,0.56465,0.77277,1.28718,0.7732,1.20549,0.63433,0.92845,0.99993,0.53992,1.22647,1,1,0.61386,0.99298,0.90762,0.59642,0.929,1.24286,0.91537,0.48637,1.2204,0.78583,0.73453,1.04196,0.75808,0.817,0.98997,1.00059,0.99849,0.70895,0.26179,1.31394,1.32909,0.87145,1.31004,1.31115
7.18,0.50119,1.23364,0.84117,1.27851,1.20779,1.00015,1.28819,0.73357,1,1,1.3119,1.0277,1.12934,1.26458,1.08065,0.62684,1.06902,1.30388,0.81646,1.19663,1.25163,1.0556,1.23759,1.18544,1.0537,0.99243,1.00507,1.26743,1.34107,0.72449,0.64145,1.08143,0.78342,0.89872,1.29868,0.73695,1.17043,0.65498,0.81395,0.99993,0.52638,1.23989,1.00002,1,0.62826,0.98188,0.93249,0.60724,0.94615,1.23869,0.94407,0.47405,1.22713,0.78249,0.76269,0.97567,0.82477,0.77968,0.96945,1.01378,0.999,0.72695,0.29232,1.2863,1.31569,0.95039,1.23184,1.23342
7.2,0.46846,1.24957,0.90504,1.27046,1.25652,1.00016,1.29157,0.71354,0.99999,1,1.30581,1.04524,1.07531,1.25652,1.05049,0.65959,1.03218,1.29973,0.81895,1.18778,1.23384,1.15101,1.17558,1.20402,1.08657,0.98493,1.00383,1.25654,1.3346,0.81262,0.71886,0.95073,1.18129,1.10439,1.30632,0.69999,1.1185,0.67834,0.71806,0.99992,0.5134,1.24858,1.00004,1,0.651,0.96924,0.96636,0.6314,0.96865,1.22649,0.97595,0.49181,1.22558,0.79815,0.79694,0.91298,0.90018,0.74329,0.94656,1.02669,0.99924,0.75219,0.33335,1.24502,1.29247,1.082,0.84391,0.84096
7.22,0.44752,1.26265,0.9777,1.2615,1.28665,1.00017,1.29444,0.70158,0.99998,1,1.29664,1.06282,0.99248,1.2421,1.00858,0.71308,0.99192,1.28855,0.83275,1.16883,1.20779,1.21817,1.05261,1.2198,1.11629,0.97716,1.00337,1.24293,1.32598,0.88177,0.8125,0.86394,1.29488,1.2178,1.31091,0.6657,1.03416,0.70226,0.63333,0.99992,0.502,1.25348,1.00007,1.00001,0.68186,0.95553,1.01094,0.67091,0.99515,1.20431,1.02152,0.53617,1.21656,0.82887,0.8383,0.83817,0.97944,0.70885,0.92219,1.0393,0.99934,0.78016,0.38322,1.19389,1.24995,1.17319,0.58705,0.58087
7.24,0.43811,1.27255,1.09008,1.25251,1.30707,1.00017,1.29663,0.69736,0.99996,1,1.28339,1.07948,0.94226,1.21769,0.97902,0.78809,0.96578,1.26796,0.85639,1.13871,1.16727,1.26415,0.92634,1.23293,1.14205,0.96945,1.00357,1.2286,1.31511,0.91503,0.91785,0.79833,1.32538,1.26025,1.3129,0.6369,0.95379,0.72427,0.55814,0.99991,0.49313,1.25516,1.00012,1.00001,0.72036,0.94146,1.07334,0.72891,1.04236,1.16738,1.07893,0.60685,1.19935,0.87109,0.88794,0.75613,1.08475,0.6773,0.89752,1.05114,0.9993,0.80601,0.4394,1.15876,1.16024,1.21797,0.45217,0.44446
7.26,0.43992,1.27932,1.16466,1.24458,1.32107,1.00017,1.29799,0.70022,0.99995,0.99999,1.26452,1.09427,0.90003,1.17492,0.95438,0.88655,0.93974,1.23086,0.889,1.09408,1.09808,1.29537,0.85443,1.24355,1.16339,0.96255,1.00489,1.21639,1.3019,0.90722,1.04877,0.75391,1.33692,1.27838,1.31252,0.61562,0.89394,0.74225,0.49474,0.99992,0.48752,1.25403,1.00019,1.00002,0.76568,0.92797,1.1147,0.81009,1.08315,1.1046,1.12256,0.70734,1.1711,0.92216,0.94691,0.67294,1.14415,0.64956,0.87396,1.06121,0.99903,0.82563,0.49925,1.16786,0.9589,1.24133,0.38569,0.37671
7.28,0.45269,1.28297,1.21035,1.23877,1.33001,1.00016,1.29841,0.70899,0.99992,0.99999,1.23783,1.10616,0.86618,1.09131,0.9307,1.02006,0.91473,1.15536,0.93009,1.02781,0.98227,1.31653,0.80834,1.25171,1.17995,0.95767,1.00837,1.20924,1.2862,0.86955,1.1523,0.72819,1.34054,1.28455,1.30979,0.60357,0.83935,0.75464,0.44764,0.99992,0.48578,1.25047,1.00026,1.00003,0.81595,0.91638,1.14248,0.92072,1.11554,0.99399,1.15575,0.84572,1.12517,0.98021,1.02842,0.59479,1.17423,0.62677,0.85329,1.06805,0.99833,0.83623,0.56061,1.20474,0.83542,1.25297,0.36252,0.35207
7.3,0.47618,1.28324,1.24058,1.23593,1.33432,1.00014,1.29776,0.72202,0.9999,0.99999,1.20099,1.11398,0.83999,0.9559,0.90776,1.16697,0.89213,0.97491,0.97917,0.96923,0.90587,1.33078,0.78313,1.25727,1.1913,0.9565,1.01539,1.20892,1.2677,0.82289,1.19761,0.71797,1.33945,1.28325,1.30457,0.60264,0.79053,0.76047,0.42274,0.99993,0.48848,1.24498,1.00035,1.00004,0.86755,0.90836,1.16139,1.09809,1.14203,0.92289,1.18041,1.05977,1.04621,1.06988,1.12048,0.52681,1.18869,0.61041,0.83771,1.06965,0.99688,0.83668,0.62216,1.23877,0.75632,1.25728,0.36961,0.35735
7.32,0.51024,1.27954,1.26143,1.23651,1.33359,1.00012,1.29589,0.7373,0.99988,0.99999,1.1533,1.11662,0.82029,0.86239,0.88523,1.2282,0.87339,0.84242,1.05869,0.92796,0.84127,1.34023,0.77511,1.25997,1.19704,0.96081,1.02706,1.21523,1.24562,0.78685,1.21964,0.72,1.33476,1.27636,1.29647,0.61491,0.74802,0.75929,0.42708,0.99994,0.49617,1.2382,1.00042,1.00004,0.91527,0.90558,1.17434,1.2089,1.16438,0.86378,1.1979,1.22041,0.95885,1.13542,1.17359,0.47213,1.19303,0.60221,0.82934,1.06368,0.99435,0.8274,0.68374,1.25914,0.70921,1.25643,0.39898,0.38459
7.34,0.55503,1.27072,1.27624,1.24047,1.32583,1.00011,1.29262,0.75298,0.99986,0.99998,1.09876,1.11309,0.80587,0.78306,0.86292,1.25974,0.85949,0.73843,1.12417,0.89225,0.78938,1.34634,0.78078,1.25942,1.19686,0.97195,1.04348,1.2263,1.21824,0.77407,1.2292,0.73152,1.3267,1.26471,1.28474,0.64241,0.71184,0.75108,0.47038,0.99995,0.50925,1.23082,1.00049,1.00004,0.95391,0.90929,1.18322,1.25944,1.18365,0.81743,1.20946,1.27635,0.8974,1.17627,1.20624,0.43163,1.18998,0.6039,0.82962,1.04737,0.99053,0.80986,0.74658,1.26543,0.68655,1.25153,0.44506,0.42839
7.36,0.61097,1.25479,1.28708,1.24733,1.3042,1.00009,1.28782,0.76771,0.99985,0.99998,1.04832,1.10258,0.79572,0.71777,0.8409,1.27734,0.85073,0.65989,1.16616,0.86338,0.75004,1.35003,0.79581,1.25498,1.19042,0.99045,1.06345,1.23971,1.18193,0.79132,1.23051,0.75029,1.31504,1.2486,1.26807,0.68677,0.68136,0.73615,0.56982,0.99996,0.52779,1.22346,1.00054,1.00005,0.98029,0.91995,1.18918,1.28734,1.20037,0.78364,1.21622,1.30328,0.84494,1.20228,1.22677,0.40477,1.18158,0.61721,0.83896,1.01726,0.98541,0.78625,0.81308,1.25683,0.68331,1.24304,0.5036,0.48478
7.38,0.6781,1.22831,1.29524,1.2563,1.23729,1.00008,1.28142,0.78073,0.99984,0.99998,1.01493,1.08441,0.78906,0.66597,0.81977,1.28692,0.84679,0.60591,1.19259,0.8433,0.72292,1.35186,0.81387,1.24554,1.17741,1.02878,1.08483,1.25331,1.12909,0.84239,1.22547,0.77434,1.29921,1.22813,1.24434,0.7483,0.65571,0.71521,0.76069,0.99996,0.5513,1.21659,1.00057,1.00004,0.99438,0.93707,1.19297,1.30419,1.21463,0.76192,1.21914,1.3174,0.80436,1.21764,1.23925,0.39073,1.17088,0.64413,0.85661,0.98562,0.97927,0.75917,0.88641,1.22579,0.69558,1.23115,0.57071,0.55023
7.4,0.7551,1.18568,1.30155,1.26643,0.89676,1.00006,1.27355,0.79181,0.99983,0.99999,1.00217,1.0583,0.78544,0.62741,0.80055,1.2909,0.84699,0.57783,1.20701,0.83471,0.70797,1.35208,0.82622,1.22893,1.15771,1.07216,1.1052,1.26557,1.04215,0.92936,1.21508,0.80163,1.27854,1.20355,1.2104,0.82447,0.63404,0.68936,1.14351,0.99997,0.57844,1.21044,1.00058,1.00004,0.99921,0.95916,1.19499,1.3146,1.22632,0.75207,1.21899,1.32371,0.77902,1.22364,1.24563,0.38898,1.16317,0.68721,0.88054,0.95996,0.97266,0.73147,0.97,1.14041,0.71953,1.21605,0.64216,0.62084
7.42,0.83864,1.11831,1.30649,1.27683,0.6246,1.00006,1.26459,0.80117,0.99983,0.99999,1.00159,1.02476,0.78466,0.60193,0.78439,1.29009,0.85059,0.57881,1.21064,0.84058,0.70561,1.35073,0.82365,1.20064,1.13187,1.10577,1.12218,1.27572,0.95248,1.08092,1.20022,0.83004,1.25252,1.17559,1.16178,0.90871,0.61578,0.66002,1.28928,0.99997,0.60723,1.20502,1.00058,1.00003,0.99942,0.98391,1.19543,1.32068,1.23532,0.75412,1.21633,1.3235,0.77224,1.21957,1.24661,0.39948,1.1648,0.75023,0.90772,0.93582,0.96647,0.70572,1.09719,0.93029,0.75108,1.19815,0.71334,0.69223
7.44,0.92384,1.01498,1.31035,1.28679,0.46732,1.00005,1.25499,0.80941,0.99984,0.99999,1.00189,0.99296,0.78668,0.58896,0.77214,1.28435,0.85722,0.61341,1.20294,0.86324,0.71647,1.34763,0.80096,1.1498,1.10127,1.12786,1.13348,1.28361,0.88687,1.19092,1.18185,0.85766,1.22124,1.14566,1.09202,0.99098,0.60066,0.62883,1.32641,0.99998,0.63578,1.20007,1.00056,1.00002,0.99931,1.01675,1.19431,1.32357,1.2417,0.76802,1.21126,1.3156,0.78644,1.20239,1.24204,0.42246,1.1786,0.83921,0.93499,0.91734,0.96194,0.68366,1.17843,0.77903,0.78624,1.17816,0.77967,0.75988
7.46,1.01043,0.95249,1.31323,1.29578,0.37955,1.00005,1.24514,0.81738,0.99985,0.99999,0.99788,0.9755,0.79163,0.58732,0.76411,1.27266,0.86714,0.68789,1.18129,0.90361,0.74134,1.34244,0.76014,1.04339,1.06835,1.13689,1.13626,1.28939,0.8264,1.24304,1.16117,0.88307,1.18595,1.11579,0.99605,1.08929,0.58884,0.59763,1.3412,0.99998,0.66295,1.1951,1.00053,1.00002,1.00307,1.0534,1.19152,1.32392,1.24569,0.79334,1.20324,1.2947,0.82255,1.16447,1.23091,0.45801,1.20084,0.96385,0.95971,0.90908,0.96077,0.66618,1.2261,0.66405,0.82151,1.15698,0.83733,0.81983
7.48,1.1079,0.92051,1.31508,1.30341,0.34047,1.00005,1.23508,0.82614,0.99987,1,0.99062,0.96198,0.79972,0.59502,0.76017,1.25303,0.88134,0.80932,1.1401,0.96008,0.78089,1.33471,0.7097,0.92233,1.03661,1.12868,1.12556,1.29331,0.77107,1.27167,1.13966,0.90535,1.14952,1.08835,0.94749,1.1321,0.58097,0.56856,1.34685,0.99998,0.68865,1.18943,1.00047,1.00001,1.01329,1.07784,1.18686,1.32223,1.2476,0.82861,1.19076,1.24178,0.87897,1.08667,1.21094,0.50511,1.22452,1.15454,0.98,0.91661,0.96515,0.65362,1.25717,0.57959,0.8541,1.1357,0.88379,0.86925
7.5,1.15397,0.90854,1.31572,1.30937,0.34452,1.00005,1.22449,0.83682,0.99989,1,0.98064,0.95309,0.81124,0.60925,0.7599,1.2224,0.90147,0.98016,1.07003,1.04646,0.83545,1.32417,0.66114,0.82871,1.01013,1.08986,1.08926,1.2956,0.72156,1.28847,1.11913,0.924,1.11611,1.06551,0.91341,1.14567,0.57824,0.54395,1.34628,0.99998,0.71377,1.18222,1.00038,1,1.02669,1.09235,1.17997,1.31899,1.24773,0.87081,1.17074,1.0486,0.94958,0.96558,1.17763,0.5602,1.24414,1.24003,0.99478,0.94779,0.9779,0.64602,1.27852,0.51991,0.88194,1.11554,0.91813,0.90685
7.52,1.17792,0.9136,1.31481,1.31348,0.40039,1.00005,1.21257,0.85044,0.99993,1,0.97068,0.94925,0.82651,0.62658,0.76284,1.17654,0.92954,1.17989,0.98228,1.12147,0.90487,1.31129,0.62546,0.74676,0.99628,0.98438,0.99317,1.2964,0.67855,1.29836,1.10144,0.93886,1.0899,1.04861,0.89113,1.14008,0.58212,0.52591,1.33797,0.99998,0.73986,1.17247,1.00026,1,1.03936,1.09827,1.17036,1.3148,1.24631,0.91547,1.13696,0.80783,1.03991,0.89224,1.12143,0.61634,1.25693,1.28189,1.00739,1.0276,1.0053,0.64329,1.2936,0.48038,0.90374,1.09764,0.94091,0.93282
7.54,1.18964,0.93316,1.31196,1.31569,0.54276,1.00005,1.19822,0.86769,0.99997,1.00001,0.96322,0.95053,0.84583,0.64385,0.76866,1.11015,0.96755,1.23946,0.93979,1.15932,0.98873,1.29802,0.61213,0.67738,0.99271,0.87704,0.89872,1.29581,0.64208,1.30376,1.08813,0.9501,1.0732,1.03786,0.87874,1.11641,0.59409,0.51583,1.3107,0.99998,0.76865,1.15917,1.0001,0.99999,1.0484,1.09632,1.15735,1.31035,1.24345,0.95796,1.07554,0.68656,1.11208,0.843,1.01845,0.66433,1.26139,1.30586,1.01425,1.15537,1.0706,0.6453,1.30447,0.45719,0.91895,1.08285,0.95388,0.94859
7.56,1.19301,0.96491,1.3066,1.31603,0.89232,1.00005,1.18006,0.8886,1.00005,1.00002,0.95965,0.95649,0.86938,0.6589,0.77735,1.01689,1.03075,1.25921,0.91816,1.17579,1.11512,1.28792,0.63169,0.62025,0.99327,0.74918,0.78382,1.29385,0.61143,1.30607,1.08009,0.95817,1.0656,1.03239,0.87496,1.06948,0.61534,0.51423,1.14775,0.99998,0.80145,1.14143,0.99996,0.99999,1.05261,1.08693,1.14003,1.30622,1.23903,0.99498,0.97708,0.63329,1.13997,0.818,0.93459,0.69568,1.25478,1.32085,1.01319,1.23664,1.13414,0.65184,1.31252,0.44691,0.92769,1.0715,0.95944,0.95642
7.58,1.18929,1.01158,1.29794,1.31456,1.30164,1.00005,1.15669,0.91219,1.00016,1.00002,0.96012,0.96616,0.89694,0.67098,0.78919,0.95755,1.10722,1.26015,0.91592,1.17786,1.18334,1.28436,0.70246,0.57487,0.99632,0.6148,0.65946,1.29054,0.58552,1.30627,1.07735,0.96366,1.06454,1.03066,0.87912,0.99308,0.64666,0.52101,0.5799,0.99998,0.83869,1.1189,0.99986,0.99999,1.05207,1.07061,1.11741,1.30272,1.23272,1.04451,0.90478,0.63055,1.1426,0.81468,0.87001,0.70583,1.22762,1.33061,1.00731,1.287,1.18885,0.66256,1.31867,0.44603,0.9306,1.06338,0.96019,0.95886
7.6,1.17798,1.08023,1.28476,1.31132,1.35115,1.00004,1.12701,0.93625,1.00026,1.00002,0.96376,0.97793,0.92766,0.68075,0.80468,0.91931,1.15935,1.24657,0.92951,1.16877,1.22153,1.28785,0.86683,0.5411,0.99986,0.48654,0.53697,1.28587,0.56329,1.30525,1.07918,0.96724,1.06675,1.03098,0.89107,0.94392,0.68821,0.53551,0.30825,0.99998,0.87941,1.0926,0.99977,0.99998,1.04776,1.04867,1.0886,1.29976,1.2239,1.07878,0.83723,0.66832,1.12592,0.82895,0.81762,0.69587,1.13511,1.33693,1.00029,1.31862,1.23244,0.67696,1.32353,0.45062,0.92867,1.0579,0.95861,0.95841
7.62,1.1567,1.12515,1.26508,1.3063,1.3678,1.00004,1.09063,0.95755,1.00033,1.00002,0.969,0.98985,0.96012,0.68989,0.8244,0.88736,1.19437,1.2164,0.95406,1.15025,1.24383,1.2958,1.20479,0.51906,1.0035,0.37301,0.42528,1.27983,0.54374,1.30396,1.08449,0.96956,1.06922,1.03179,0.91105,0.90159,0.73962,0.55685,0.15808,0.99998,0.92144,1.06592,0.99971,0.99998,1.04142,1.02376,1.05305,1.29688,1.21164,1.104,0.77917,0.73946,1.09081,0.85576,0.7784,0.67156,0.86949,1.34068,0.99822,1.33893,1.26556,0.69446,1.32752,0.45631,0.92295,1.05427,0.95682,0.95727
7.64,1.11989,1.15316,1.23514,1.29938,1.37567,1.00004,1.04807,0.9726,1.00037,1.00002,0.97394,1.00007,0.99257,0.7005,0.84875,0.85664,1.21744,1.16137,0.98442,1.12354,1.25645,1.30487,1.30979,0.50877,1.00047,0.27847,0.32981,1.27234,0.52601,1.30337,1.09225,0.97126,1.06967,1.03186,0.93954,0.8694,0.80028,0.58426,0.06871,0.99998,0.96218,1.04472,0.99968,0.99999,1.03528,0.99996,1.01082,1.29338,1.19464,1.12579,0.73324,0.83694,1.03548,0.8898,0.75239,0.64064,0.65054,1.34235,0.99976,1.35223,1.28996,0.71462,1.33093,0.45893,0.91434,1.05158,0.95649,0.95717
7.66,1.0548,1.16908,1.18702,1.29022,1.38001,1.00004,1.0008,0.97848,1.00036,1.00001,0.97668,1.01361,1.04086,0.7147,0.87765,0.82456,1.23199,1.062,1.02904,1.09021,1.26251,1.3127,1.34501,0.51006,0.99411,0.20419,0.25313,1.26312,0.5094,1.3042,1.10172,0.97288,1.06645,1.03028,0.97692,0.84856,0.86954,0.6173,0.01287,0.99998,0.99943,1.03584,0.99969,0.99999,1.03181,0.99136,0.98328,1.28845,1.17123,1.14634,0.7003,0.95144,0.98095,0.92606,0.73869,0.61069,0.4753,1.34214,1.01157,1.361,1.30742,0.73728,1.33396,0.45526,0.90341,1.04898,0.95882,0.95939
7.68,0.97001,1.17587,1.1019,1.27827,1.38095,1.00003,0.97872,0.97326,1.00031,1,0.97539,1.01919,1.07737,0.73446,0.91005,0.79107,1.24005,0.95455,1.07041,1.05347,1.26374,1.31796,1.36105,0.52264,0.98309,0.15017,0.19627,1.25176,0.49348,1.30681,1.11241,0.97492,1.05833,1.02647,1.04076,0.83902,0.94598,0.65569,0,0.99998,1.0534,1.04374,0.99973,1,1.03345,0.98767,0.96525,1.28103,1.13957,1.16574,0.68051,1.0977,0.94926,0.95977,0.73581,0.58864,0.34737,1.34009,1.03178,1.36663,1.31931,0.76244,1.33672,0.44357,0.89045,1.04564,0.96456,0.96473
7.7,0.90843,1.17511,0.96916,1.26272,1.38095,1.00003,0.96244,0.95625,1.00024,1,0.96844,1.01705,1.09974,0.76159,0.94368,0.75801,1.24255,0.90172,1.09529,1.01943,1.26115,1.31965,1.36917,0.54611,0.96768,0.11637,0.15985,1.23762,0.47816,1.31108,1.12401,0.97781,1.04419,1.02005,1.10668,0.8401,1.04601,0.6991,0,0.99999,1.08636,1.06765,0.99979,1.00001,1.04211,0.98909,0.95234,1.26963,1.0985,1.18312,0.67411,1.16861,0.927,0.98641,0.74184,0.58116,0.26227,1.33604,1.05722,1.36989,1.3265,0.79013,1.33926,0.42382,0.87558,1.04085,0.97403,0.97355
7.72,0.85165,1.1672,0.89047,1.24224,1.38095,1.00002,0.95094,0.92817,1.00015,0.99999,0.95475,1.00731,1.11085,0.79776,0.9756,0.72774,1.23959,0.87891,1.10715,0.9985,1.25536,1.31648,1.37314,0.58017,0.94896,0.10333,0.14474,1.21967,0.46361,1.31648,1.13636,0.98187,1.02287,1.01085,1.1527,0.85113,1.13178,0.74732,0,0.99999,1.10649,1.10186,0.99987,1.00002,1.05826,0.99542,0.9453,1.25176,1.04853,1.19767,0.68166,1.1911,0.91539,1.004,0.75476,0.59503,0.21383,1.32955,1.0844,1.37109,1.32939,0.82056,1.34157,0.39755,0.85878,1.03391,0.98719,0.98589
7.74,0.8023,1.15108,0.83251,1.21414,1.38095,1.00002,0.94331,0.89118,1.00006,0.99999,0.93429,0.99509,1.11226,0.84452,1.00732,0.70182,1.23044,0.88673,1.10753,0.99712,1.2466,1.30565,1.3744,0.62489,0.92835,0.11308,0.15291,1.19598,0.4501,1.32234,1.14937,0.98745,0.99651,0.99941,1.18479,0.87198,1.17637,0.80098,0,0.99999,1.11866,1.13911,0.99994,1.00003,1.0804,1.0118,0.94437,1.22253,0.99587,1.20923,0.70398,1.18381,0.915,1.00761,0.77297,0.63781,0.19736,1.31976,1.11048,1.3702,1.32783,0.85435,1.34364,0.36734,0.83986,1.02401,1.00732,1.003
7.76,0.76197,1.12331,0.7915,1.17222,1.38095,1.00001,0.93826,0.84862,1,0.99999,0.90833,0.98404,1.10494,0.90295,1.04871,0.68049,1.21336,0.92789,1.09634,1.01288,1.23462,1.27933,1.37331,0.6809,0.90736,0.15115,0.18931,1.16252,0.43799,1.32801,1.16299,0.99484,0.97909,0.99236,1.20694,0.90354,1.20174,0.86234,0,0.99999,1.12624,1.17381,1.00001,1.00004,1.10551,1.03628,0.9491,1.17086,0.96988,1.21818,0.7419,1.13746,0.92601,0.99111,0.79555,0.71943,0.21162,1.30482,1.13364,1.36654,1.3207,0.89287,1.34542,0.33631,0.81857,1.01018,1.0407,1.03579
7.78,0.73189,1.07562,0.76381,1.09988,1.38095,1.00001,0.93415,0.80476,0.99997,0.99998,0.87942,0.97194,1.09002,0.97276,1.0806,0.66295,1.18511,1.01547,1.07165,1.04737,1.21857,1.20642,1.36933,0.74902,0.88777,0.23061,0.26521,1.1104,0.42781,1.33291,1.17707,1.00834,0.96128,0.98489,1.22154,0.94774,1.21666,0.93569,0,0.99999,1.13217,1.20289,1.0001,1.00004,1.13019,1.06013,0.95815,1.06613,0.94618,1.22519,0.79576,0.98904,0.94821,0.96484,0.82228,0.85421,0.26046,1.28097,1.15272,1.35803,1.30478,0.93813,1.34688,0.30784,0.79478,0.99572,1.07014,1.06537
7.8,0.71355,0.99358,0.7462,0.97366,1.38095,1.00002,0.92907,0.76417,0.99995,0.99998,0.85101,0.9605,1.06971,1.07879,1.11138,0.64793,1.14008,1.15329,1.0292,1.08825,1.19668,0.92596,1.36024,0.82961,0.87153,0.38188,0.40529,1.01663,0.42031,1.33663,1.19131,1.0291,0.94468,0.9776,1.22976,1.01451,1.22538,1.04801,0,0.99999,1.13919,1.22527,1.00016,1.00004,1.15164,1.08033,0.96932,0.93358,0.91942,1.23095,0.86444,0.84867,0.98083,0.92801,0.85344,1.0925,0.35501,1.23945,1.16696,1.33753,1.27094,0.99266,1.34792,0.28522,0.76864,0.98437,1.09413,1.09022
7.82,0.70861,0.9336,0.73585,0.88017,1.38095,1.00003,0.92129,0.73089,0.99995,0.99999,0.82663,0.95142,1.04809,1.1495,1.14479,0.63449,1.06829,1.22771,0.98239,1.12771,1.16583,0.70279,1.33791,0.92201,0.86053,0.68639,0.66927,0.93625,0.41659,1.33884,1.20531,1.0506,0.93083,0.9711,1.23189,1.11584,1.23024,1.16024,0,0.99999,1.14936,1.24109,1.00019,1.00004,1.16817,1.09494,0.97997,0.84917,0.88482,1.23593,0.94474,0.71461,1.0397,0.88481,0.88945,1.23791,0.51977,1.15496,1.17591,1.26314,1.18496,1.08869,1.34844,0.27132,0.74062,0.97143,1.11202,1.10964
7.84,0.71875,0.87156,0.73049,0.79067,1.3795,1.00004,0.90974,0.70766,0.99995,0.99999,0.80916,0.94605,1.03057,1.18806,1.1797,0.62294,0.9785,1.27034,0.94781,1.1614,1.1208,0.55322,1.24578,1.04285,0.85603,1.25077,1.20206,0.8643,0.41805,1.33932,1.21862,1.07177,0.92076,0.96585,1.22747,1.18132,1.23269,1.22305,0.01963,0.99998,1.16327,1.25102,1.00018,1.00003,1.17909,1.10307,0.9878,0.78745,0.84042,1.24009,1.05306,0.59932,1.10045,0.83998,0.93021,1.28822,0.81131,0.96434,1.17942,0.74508,0.92466,1.15653,1.34824,0.26821,0.71155,0.95734,1.12398,1.12376
7.86,0.74554,0.81149,0.72839,0.70799,1.37701,1.00007,0.89447,0.69606,0.99996,0.99999,0.80061,0.94515,1.0217,1.20943,1.21247,0.6154,0.92749,1.29574,0.91535,1.1876,1.05345,0.45292,0.67414,1.15098,0.85848,1.33494,1.32081,0.79445,0.42662,1.33785,1.2308,1.09158,0.91472,0.96203,1.2151,1.22462,1.23363,1.26197,0.05207,0.99997,1.17979,1.25567,1.00015,1.00003,1.18418,1.10439,0.99152,0.7464,0.78821,1.24274,1.1397,0.50817,1.14326,0.79845,0.97426,1.31229,1.23915,0.83742,1.17752,0.44,0.74398,1.20335,1.34705,0.27755,0.6826,0.94272,1.13078,1.13326
7.88,0.79037,0.75806,0.72831,0.63599,1.37393,1.0001,0.87671,0.6971,0.99997,0.99999,0.80255,0.94896,1.0228,1.22012,1.23996,0.616,0.89032,1.31065,0.88813,1.20575,0.97978,0.38601,0.39493,1.20244,0.86749,1.35621,1.34804,0.72902,0.445,1.33405,1.24137,1.10903,0.91226,0.95957,1.19168,1.25317,1.23367,1.28706,0.08979,0.99995,1.19673,1.25526,1.00011,1.00002,1.18304,1.09871,0.99107,0.72358,0.73341,1.24253,1.1822,0.44349,1.17193,0.76536,1.03214,1.32548,1.317,0.74657,1.17031,0.28846,0.62383,1.23655,1.3444,0.301,0.65542,0.92852,1.13347,1.13907
7.9,0.85427,0.71607,0.7294,0.57855,1.37009,1.00015,0.85867,0.71182,0.99998,1,0.81647,0.95726,1.03133,1.22312,1.26085,0.63098,0.86757,1.31808,0.86938,1.21536,0.94213,0.34277,0.25972,1.22988,0.88186,1.36511,1.35919,0.67067,0.47712,1.32721,1.24986,1.12314,0.91237,0.95822,1.15082,1.27115,1.23318,1.3031,0.13348,0.99993,1.21187,1.2493,1.00005,1,1.1746,1.08568,0.98747,0.71687,0.68257,1.23721,1.20288,0.40741,1.1888,0.74613,1.08189,1.33304,1.34064,0.68489,1.15806,0.20604,0.54601,1.26019,1.33943,0.34078,0.63205,0.91599,1.13335,1.14216
7.92,0.93791,0.68944,0.73094,0.53845,1.36523,1.00021,0.84277,0.74162,1.00001,1.00001,0.8439,0.96948,1.04299,1.21967,1.27539,0.66831,0.85979,1.31892,0.86197,1.21547,0.92329,0.31737,0.19,1.24391,0.89988,1.36924,1.36437,0.62148,0.52865,1.31587,1.25586,1.13317,0.91386,0.95766,1.07766,1.28101,1.23248,1.31273,0.18436,0.9999,1.22378,1.23621,1,1,1.15662,1.06465,0.98232,0.72457,0.64108,1.22308,1.20923,0.40311,1.19492,0.74592,1.1029,1.33718,1.35071,0.64859,1.14119,0.16263,0.50004,1.2769,1.33043,0.40056,0.6146,0.90645,1.13172,1.14342
7.94,1.0677,0.68033,0.73197,0.51669,1.35884,1.00028,0.83084,0.78847,1.00004,1.00001,0.88621,0.98491,1.05433,1.21009,1.28461,0.7375,0.86727,1.31218,0.86776,1.20388,0.92658,0.30619,0.15798,1.24874,0.91986,1.37078,1.36641,0.58229,0.60768,1.29667,1.25915,1.13872,0.91578,0.95766,0.97052,1.28415,1.23202,1.3175,0.24441,0.99986,1.23195,1.21232,0.99997,0.99999,1.12468,1.03445,0.97702,0.74504,0.61155,1.19311,1.20312,0.43628,1.19016,0.76896,1.0994,1.33894,1.35495,0.63522,1.12022,0.14547,0.47968,1.28853,1.31344,0.4874,0.60472,0.90092,1.1296,1.14343
7.96,1.17067,0.6891,0.73104,0.51301,1.35008,1.00036,0.82368,0.85487,1.00007,1.00002,0.944,1.00521,1.0638,1.19422,1.28976,0.84964,0.88969,1.2933,0.88713,1.17561,0.95367,0.30692,0.15211,1.24599,0.94041,1.37047,1.36629,0.55281,0.72583,1.26035,1.25951,1.13966,0.91774,0.95814,0.89828,1.28113,1.23244,1.31827,0.31647,0.99982,1.23657,1.16917,0.99994,0.99999,1.07018,0.99675,0.97235,0.77619,0.59381,1.13045,1.18282,0.51787,1.17289,0.81828,1.06784,1.33883,1.3557,0.64288,1.09567,0.1489,0.48096,1.29646,1.27686,0.61529,0.60362,0.89997,1.12742,1.14234
7.98,1.22385,0.7144,0.72622,0.52644,1.33744,1.00045,0.82121,0.9431,1.00009,1.00003,1.029,1.03827,1.07146,1.1723,1.29201,1.02899,0.92564,1.24665,0.91856,1.11933,1.00873,0.31793,0.16744,1.23595,0.96047,1.36851,1.36427,0.5323,0.89864,1.17163,1.25666,1.13598,0.91999,0.95926,0.8352,1.2718,1.23461,1.3154,0.40371,0.99978,1.23812,1.08441,0.99992,0.99998,0.98872,0.97438,0.96841,0.81438,0.58578,0.99113,1.14214,0.6681,1.13949,0.89473,0.99621,1.3371,1.35372,0.66961,1.06814,0.17057,0.50101,1.30161,1.16671,0.81265,0.61222,0.90368,1.12486,1.1398
8,1.25487,0.75285,0.7153,0.55556,1.31831,1.00053,0.82262,1.08231,1.0001,1.00003,1.12391,1.06481,1.07831,1.14644,1.2925,1.20124,0.97201,1.09446,0.95811,1.00829,1.10602,0.33781,0.20187,1.21809,0.97917,1.36476,1.36027,0.52003,1.15706,0.91662,1.25006,1.12765,0.92335,0.9613,0.78252,1.25558,1.23938,1.30876,0.50816,0.99974,1.23724,0.95494,0.99991,0.99998,0.93771,0.9539,0.96473,0.8535,0.584,0.89358,1.0667,0.92015,1.08428,0.99434,0.94132,1.33387,1.34908,0.71275,1.03855,0.20956,0.53698,1.30456,0.85043,1.15683,0.63148,0.91177,1.12098,1.13502
8.02,1.27393,0.7991,0.69665,0.59853,1.28792,1.0006,0.82673,1.17939,1.0001,1.00003,1.17454,1.08443,1.0858,1.12237,1.29235,1.25728,1.04217,0.83582,0.99968,0.931,1.16833,0.36517,0.25437,1.1914,0.99584,1.35889,1.35399,0.51542,1.25383,0.72956,1.23866,1.11457,0.92882,0.96461,0.74096,1.23192,1.24714,1.29785,0.62915,0.9997,1.23463,0.86812,0.99991,0.99998,0.89607,0.93706,0.96057,0.88521,0.58453,0.82163,0.9678,1.22502,1.00078,1.13138,0.88682,1.32921,1.34145,0.76846,1.00823,0.26512,0.58536,1.30564,0.66214,1.28439,0.66259,0.92371,1.11447,1.12692
8.04,1.28567,0.84706,0.67019,0.65346,1.23607,1.00065,0.83227,1.22819,1.00009,1.00003,1.20171,1.09739,1.09509,1.10889,1.29246,1.27966,1.10599,0.69868,1.06045,0.87754,1.20741,0.39871,0.32432,1.15438,1.01899,1.3503,1.34485,0.51802,1.28959,0.58889,1.22049,1.09648,0.9371,0.96939,0.71055,1.20077,1.25735,1.28155,0.76316,0.99967,1.231,0.79729,0.99992,0.99998,0.86669,0.925,0.95516,0.9013,0.58413,0.77861,0.90616,1.29112,0.95744,1.19016,0.83885,1.32312,1.33011,0.83221,0.99003,0.33619,0.64218,1.30504,0.54817,1.32467,0.70727,0.93886,1.10414,1.1144
8.06,1.2925,0.89172,0.63785,0.7185,1.13448,1.00068,0.83817,1.25601,1.00007,1.00003,1.2147,1.10436,1.10664,1.11278,1.29323,1.28612,1.14488,0.62417,1.09308,0.84485,1.23215,0.43715,0.41136,1.10505,1.03837,1.33802,1.33193,0.52742,1.306,0.482,1.19177,1.07296,0.94816,0.97552,0.69077,1.16296,1.26873,1.25772,0.90586,0.99966,1.227,0.74193,0.99994,0.99998,0.85025,0.91818,0.94802,0.89677,0.58131,0.76384,0.85794,1.31294,0.9291,1.21652,0.79991,1.31557,1.31368,0.89943,0.97895,0.42116,0.70343,1.3028,0.48158,1.344,0.76775,0.95649,1.08934,1.09671
8.08,1.29568,0.9304,0.60329,0.79119,0.94878,1.00068,0.84354,1.27278,1.00004,1.00002,1.21791,1.10613,1.12017,1.13297,1.29451,1.28137,1.16928,0.59353,1.10773,0.83088,1.248,0.47896,0.51493,1.04123,1.0517,1.32054,1.31385,0.54315,1.31369,0.40114,1.145,1.04379,0.96106,0.98249,0.68095,1.11996,1.2797,1.22275,1.08413,0.99966,1.22323,0.7007,0.99997,0.99998,0.8459,0.91641,0.93903,0.87175,0.57661,0.77482,0.822,1.32026,0.9148,1.22622,0.77017,1.30659,1.28977,0.9658,0.97073,0.51729,0.76522,1.29892,0.44627,1.35497,0.84637,0.97567,1.07048,1.07397
8.1,1.29583,0.96325,0.57109,0.86753,0.8364,1.00066,0.84766,1.28281,1,1.00002,1.21352,1.1035,1.13478,1.16179,1.29566,1.26505,1.18494,0.59469,1.11009,0.83212,1.25816,0.52185,0.63361,0.98265,1.06031,1.29567,1.28869,0.56452,1.31667,0.34178,1.06363,1.00956,0.97383,0.98937,0.68048,1.07225,1.28899,1.17099,1.193,0.99967,1.22025,0.67237,1,0.99999,0.85182,0.91904,0.92845,0.83099,0.57229,0.80797,0.79606,1.31999,0.9124,1.22539,0.74862,1.2964,1.25411,1.04732,0.96514,0.61997,0.82391,1.29339,0.43175,1.36164,0.94463,0.99508,1.04984,1.04818
8.12,1.29307,0.99273,0.54534,0.94173,0.74823,1.00061,0.85002,1.28812,0.99999,1.00001,1.20244,1.09721,1.14938,1.19148,1.29588,1.23214,1.19518,0.6193,1.10349,0.8445,1.26459,0.56278,0.76456,0.95182,1.06508,1.26043,1.2541,0.59071,1.31693,0.30099,0.96195,0.98716,0.98401,0.99508,0.68904,1.01635,1.29585,1.0945,1.24325,0.99969,1.2185,0.65606,1.00003,0.99999,0.86582,0.92517,0.91684,0.78126,0.57144,0.85876,0.77768,1.31416,0.91905,1.21677,0.73381,1.2856,1.19857,1.11048,0.96195,0.72278,0.8764,1.28614,0.43046,1.36568,1.09207,1.02454,1.03177,1.02378
8.14,1.2871,1.03907,0.52864,1.0144,0.6717,1.00055,0.85047,1.28965,0.99999,1.00001,1.18447,1.08789,1.16298,1.21794,1.29446,1.16743,1.20196,0.66165,1.08975,0.8643,1.26854,0.59853,0.90296,0.92943,1.06672,1.21141,1.2077,0.621,1.31563,0.27641,0.89554,0.97271,0.98952,0.99869,0.70655,0.97521,1.30005,0.99246,1.27412,0.99972,1.21816,0.65115,1.00005,1,0.88603,0.93391,0.90498,0.72838,0.57677,0.92254,0.76484,1.30277,0.9322,1.20153,0.72422,1.27517,1.10606,1.14504,0.96083,0.81839,0.92055,1.27705,0.43686,1.36793,1.18556,1.04925,1.02132,1.0066
8.16,1.2771,1.08174,0.522,1.08929,0.60134,1.00048,0.84927,1.28778,0.99999,1,1.15783,1.07605,1.17475,1.24006,1.29085,1.01609,1.20626,0.71839,1.06944,0.88872,1.27083,0.62653,1.06661,0.91402,1.06595,1.14605,1.14846,0.6549,1.31351,0.26602,0.84012,0.96194,0.98945,0.9998,0.73316,0.94265,1.30167,0.9441,1.29593,0.99976,1.21906,0.65711,1.00004,1,0.91141,0.94445,0.89377,0.67616,0.58995,0.99523,0.75639,1.28413,0.95007,1.17974,0.71847,1.26626,0.973,1.16493,0.96136,0.9002,0.95538,1.26583,0.44712,1.36885,1.23242,1.06595,1.02146,1.001
8.18,1.26151,1.11654,0.5253,1.12497,0.53618,1.00041,0.8471,1.28243,1,1,1.118,1.06215,1.18395,1.25807,1.28464,0.88838,1.20844,0.78817,1.04186,0.91593,1.27206,0.64529,1.1707,0.90427,1.06362,1.06597,1.07911,0.69204,1.31101,0.2683,0.79549,0.95478,0.98427,0.99858,0.76901,0.9105,1.30087,0.91371,1.31221,0.9998,1.22066,0.67351,1.00001,1,0.94174,0.95607,0.88431,0.62686,0.61146,1.10324,0.75201,1.25346,0.97175,1.15047,0.71533,1.25987,0.90468,1.1762,0.96293,0.96396,0.98099,1.25207,0.45887,1.36865,1.25936,1.07634,1.03129,1.00714
8.2,1.2375,1.14419,0.53765,1.14294,0.47772,1.00033,0.84503,1.27312,1.00001,1,1.05455,1.04682,1.1898,1.2725,1.27558,0.79521,1.20835,0.87148,1.00488,0.94487,1.27267,0.65467,1.2103,0.89906,1.0608,0.9911,1.00864,0.73183,1.30837,0.28214,0.76147,0.95087,0.97567,0.99567,0.81392,0.88029,1.2978,0.89591,1.32443,0.99984,1.22216,0.6998,0.99999,1,0.9774,0.96805,0.87795,0.58195,0.6405,1.16344,0.75219,1.19766,0.99696,1.11151,0.71376,1.25655,0.86285,1.18187,0.96482,1.01613,0.99827,1.23529,0.47099,1.36742,1.27569,1.0818,1.04668,1.02103
8.22,1.19948,1.16502,0.55778,1.15224,0.42798,1.00025,0.84436,1.25883,1.00003,1,0.97479,1.03094,1.19153,1.2839,1.26361,0.72269,1.20555,0.9709,0.97971,0.9751,1.27298,0.65584,1.22514,0.89753,1.05866,0.96434,0.97856,0.77358,1.30561,0.30686,0.73798,0.94968,0.96598,0.99202,0.86744,0.85407,1.29259,0.88591,1.33343,0.99987,1.22264,0.73547,0.99997,1,1.03421,0.97962,0.87601,0.54237,0.67513,1.19999,0.75779,1.06786,1.04515,1.05828,0.71295,1.25613,0.8433,1.18348,0.96623,1.05864,1.01635,1.21486,0.48329,1.36512,1.28537,1.08343,1.06276,1.03721
8.24,1.13422,1.17995,0.58445,1.15762,0.38829,1.00019,0.84639,1.23754,1.00003,1,0.9183,1.01553,1.18843,1.29277,1.24888,0.6654,1.19949,1.12012,0.95558,1.01296,1.27317,0.65125,1.22487,0.89922,1.0583,0.95249,0.96679,0.81689,1.30265,0.34225,0.72474,0.95065,0.95741,0.98856,0.92924,0.83307,1.28524,0.87986,1.33986,0.99991,1.22117,0.78021,0.99997,1,1.09623,0.9901,0.87946,0.50868,0.71282,1.22422,0.76957,0.89167,1.08839,0.99106,0.71246,1.25777,0.84369,1.1817,0.96647,1.07506,1.02498,1.18983,0.49607,1.36159,1.29035,1.0821,1.076,1.05142
8.26,1.00187,1.19045,0.61667,1.16185,0.35935,1.00013,0.85234,1.20525,1.00002,1,0.86552,1.00176,1.17985,1.29948,1.23184,0.61897,1.18968,1.20268,0.93026,1.06535,1.27323,0.64441,1.21093,0.90406,1.06049,0.95009,0.96435,0.8619,1.2994,0.3884,0.72118,0.95322,0.95164,0.98603,0.99931,0.81703,1.27559,0.87495,1.34418,0.99994,1.21676,0.83393,0.99998,1,1.141,0.99891,0.8886,0.48128,0.75087,1.24149,0.78771,0.76709,1.12495,0.94949,0.71229,1.26018,0.86206,1.17644,0.96503,1.07823,1.02674,1.15839,0.50968,1.35649,1.29164,1.07854,1.08442,1.06116
8.28,0.90778,1.19825,0.65351,1.16643,0.34194,1.00008,0.86331,1.1538,1,1,0.82006,0.99556,1.16519,1.30425,1.21352,0.58009,1.17583,1.2489,0.90417,1.10593,1.27298,0.63961,1.17995,0.91245,1.06556,0.95313,0.96767,0.90929,1.29578,0.44503,0.72644,0.95682,0.94986,0.98497,1.10728,0.80436,1.26336,0.86948,1.34664,0.99996,1.20816,0.89631,1.00002,1.00001,1.17236,1.01071,0.90294,0.46075,0.78633,1.25457,0.81145,0.66212,1.15571,0.90972,0.71295,1.26185,0.89601,1.16682,0.96162,1.07421,1.02434,1.11715,0.5243,1.34933,1.28973,1.07345,1.08695,1.06507
8.3,0.82877,1.20514,0.69382,1.17186,0.33755,1.00005,0.88029,1.06479,0.99998,1,0.7862,0.99247,1.14408,1.30707,1.19597,0.54656,1.15822,1.27819,0.87812,1.1383,1.27205,0.6418,1.12257,0.92515,1.07337,0.95854,0.97395,0.95997,1.2918,0.51029,0.73945,0.96085,0.95291,0.98579,1.16835,0.79257,1.24828,0.86278,1.34725,0.99998,1.19349,0.96609,1.00008,1.00001,1.1924,1.01786,0.92118,0.44811,0.81601,1.26497,0.83892,0.57334,1.18119,0.87162,0.71534,1.26109,0.94173,1.15085,0.9562,1.06684,1.01975,1.05975,0.5398,1.33951,1.2848,1.06757,1.08261,1.06205
8.32,0.76303,1.21266,0.7364,1.17801,0.34859,1.00002,0.90418,0.95738,0.99996,0.99999,0.76791,0.9919,1.11666,1.30782,1.18191,0.51745,1.13776,1.29793,0.85331,1.1643,1.26993,0.65612,1.01751,0.94331,1.08343,0.96402,0.98102,1.02786,1.28753,0.58005,0.7589,0.96476,0.96142,0.98876,1.2064,0.77902,1.22998,0.85491,1.34571,0.99999,1.16952,1.06614,1.00013,1.00002,1.20226,1.01916,0.94143,0.44471,0.83726,1.2734,0.86753,0.49925,1.20174,0.8357,0.72075,1.25603,0.99372,1.12452,0.94891,1.05911,1.01451,0.98738,0.55578,1.32654,1.27681,1.06171,1.06991,1.05064
8.34,0.70956,1.22165,0.78079,1.18445,0.37845,1.00001,0.93569,0.89011,0.99995,0.99999,0.76795,0.994,1.08364,1.30618,1.17313,0.49331,1.11567,1.3115,0.83119,1.1848,1.26594,0.68756,0.93909,0.96837,1.09506,0.96785,0.98719,1.10629,1.28311,0.64834,0.78345,0.9681,0.97593,0.99405,1.23148,0.76182,1.2077,0.84628,1.34136,1,1.12997,1.14007,1.00017,1.00002,1.20224,1.01434,0.96179,0.45216,0.84955,1.28002,0.89506,0.43951,1.21761,0.80322,0.73058,1.24411,1.07215,1.07931,0.93998,1.05353,1.00987,0.94112,0.57164,1.31038,1.26549,1.05656,1.04624,1.0284
8.36,0.66746,1.23202,0.82801,1.19076,0.43191,1,0.9751,0.83656,0.99995,0.99999,0.78765,0.99873,1.04634,1.30159,1.16871,0.47626,1.09265,1.32054,0.81354,1.20003,1.25917,0.74096,0.88708,1.00394,1.10756,0.96889,0.99126,1.15909,1.27876,0.70897,0.8116,0.97062,0.99683,1.00344,1.24842,0.74046,1.17937,0.83746,1.33276,1,1.06123,1.1824,1.00018,1.00002,1.1916,1.00312,0.98078,0.47232,0.85547,1.2845,0.92062,0.39478,1.22893,0.77623,0.74634,1.22093,1.11936,0.99697,0.92977,1.05197,1.00677,0.89633,0.58662,1.29188,1.25047,1.0526,1.00666,0.99559
8.38,0.63635,1.24292,0.88098,1.19648,0.51548,1,1.03857,0.79519,0.99995,0.99999,0.82689,1.01116,1.00684,1.29305,1.16449,0.47019,1.06796,1.32572,0.80263,1.20961,1.2483,0.82087,0.85303,1.07261,1.12013,0.9666,0.99249,1.19738,1.27481,0.75736,0.84145,0.97223,1.04261,1.02197,1.25964,0.716,1.13993,0.8291,1.31676,1.00001,0.97027,1.20851,1.00016,1.00002,1.168,0.99295,0.99742,0.50758,0.86097,1.28606,0.94506,0.36711,1.2354,0.75779,0.76955,1.17705,1.14514,0.93554,0.91874,1.05536,1.00582,0.85252,0.59972,1.27305,1.2315,1.05003,0.97505,0.97093
8.4,0.61656,1.25325,0.94469,1.20113,0.637,1,1.10294,0.76493,0.99997,0.99999,0.88358,1.0268,0.98535,1.2786,1.15354,0.48107,1.03849,1.32692,0.80134,1.21251,1.23106,0.93079,0.83575,1.12828,1.132,0.96099,0.99061,1.22634,1.27172,0.7919,0.87034,0.97299,1.08695,1.04173,1.26627,0.69074,1.07679,0.82205,1.28552,1.00001,0.90807,1.22488,1.00011,1.00002,1.12684,0.9825,1.02088,0.56125,0.87458,1.28325,0.97084,0.36046,1.23614,0.75198,0.8018,1.08754,1.15696,0.8699,0.9076,1.06341,1.00726,0.8098,0.60965,1.25653,1.2092,1.0488,0.94329,0.94299
8.42,0.60893,1.26203,1.04577,1.2043,0.80438,1,1.1457,0.74498,0.99999,1,0.95334,1.04239,0.97187,1.254,1.12498,0.51735,0.99902,1.32311,0.8128,1.20681,1.20312,1.10185,0.83378,1.1722,1.1424,0.95258,0.98576,1.24875,1.26992,0.81417,0.89518,0.97309,1.12463,1.06129,1.26872,0.66739,0.97905,0.81711,1.21363,1,0.85454,1.23464,1.00003,1.00001,1.05986,0.97136,1.03862,0.63862,0.90612,1.27343,1.00272,0.38128,1.22938,0.76331,0.84482,0.94955,1.15827,0.80322,0.89716,1.07494,1.01095,0.76864,0.61528,1.2441,1.18593,1.04863,0.90999,0.91347
8.44,0.61439,1.26873,1.15234,1.20569,1.0394,1,1.17381,0.73452,1.00004,1,1.05154,1.05636,0.96212,1.20802,1.05514,0.59118,0.9729,1.31137,0.8398,1.18907,1.15474,1.20253,0.8454,1.20632,1.15072,0.94222,0.97842,1.26639,1.26952,0.82802,0.91323,0.97278,1.1555,1.07963,1.26697,0.64832,0.90585,0.8149,0.9785,1,0.81191,1.23946,0.99996,1,0.9788,0.9607,1.05067,0.74929,0.96539,1.25095,1.06488,0.4401,1.21168,0.79592,0.90061,0.85919,1.15046,0.73849,0.88832,1.08828,1.01645,0.72948,0.61654,1.23551,1.16589,1.04913,0.87688,0.88396
8.46,0.63371,1.27309,1.21586,1.20522,1.21526,1.00002,1.19172,0.73246,1.0001,1.00001,1.13316,1.0675,0.95468,1.09983,0.94899,0.72191,0.94332,1.28308,0.88417,1.15236,1.05884,1.24831,0.86827,1.23251,1.15639,0.93107,0.96938,1.28044,1.27005,0.83826,0.92294,0.97234,1.18021,1.0961,1.26054,0.63525,0.83137,0.81565,0.80163,0.99999,0.78081,1.24039,0.99991,0.99999,0.9311,0.95169,1.05944,0.91152,1.09104,1.20034,1.11718,0.55621,1.17567,0.85286,0.97127,0.78857,1.13404,0.67834,0.88204,1.10168,1.0231,0.69275,0.61489,1.22867,1.15376,1.04985,0.8454,0.85579
8.48,0.66737,1.27493,1.25639,1.20295,1.26353,1.00003,1.20211,0.7373,1.00016,1.00002,1.17682,1.07477,0.94772,0.90609,0.85862,0.94251,0.91192,1.20246,0.94596,1.08134,0.93751,1.27231,0.89857,1.25221,1.15873,0.92059,0.95974,1.29164,1.27051,0.84996,0.92429,0.97209,1.19947,1.1102,1.24846,0.62959,0.7591,0.81923,0.70053,0.99998,0.76111,1.23819,0.99986,0.99999,0.89383,0.94555,1.06733,1.1674,1.18708,1.05858,1.15906,0.76752,1.1032,0.93474,1.08725,0.73717,1.10983,0.62531,0.87938,1.11345,1.03003,0.65903,0.61346,1.2203,1.15198,1.05024,0.81698,0.8303
8.5,0.7153,1.27392,1.28303,1.19911,1.27975,1.00006,1.20641,0.74719,1.00021,1.00003,1.20179,1.07702,0.93918,0.7666,0.77491,1.22262,0.88154,0.90761,1.0391,0.97389,0.85026,1.28485,0.93026,1.26641,1.15678,0.91253,0.95091,1.30044,1.26948,0.86815,0.91864,0.97238,1.21372,1.12146,1.22899,0.63272,0.6932,0.82515,0.65507,0.99997,0.75256,1.23359,0.99981,0.99998,0.8666,0.9436,1.07665,1.26736,1.24029,0.87056,1.19057,1.16216,0.97377,1.06073,1.16715,0.70445,1.08094,0.58195,0.8816,1.12201,1.03626,0.62921,0.61668,1.20592,1.15925,1.04979,0.79325,0.80897
8.52,0.77697,1.26949,1.30074,1.19404,1.27845,1.00009,1.2052,0.76004,1.00024,1.00003,1.21593,1.07299,0.92728,0.6497,0.70707,1.2922,0.85516,0.70091,1.13123,0.90869,0.77651,1.28982,0.95562,1.27585,1.14923,0.90864,0.94431,1.30715,1.26524,0.8981,0.9081,0.97347,1.22309,1.12927,1.19907,0.64607,0.6369,0.83271,0.65901,0.99996,0.75499,1.22734,0.99979,0.99998,0.8486,0.94707,1.08899,1.30878,1.27037,0.74874,1.21286,1.29036,0.88943,1.15886,1.2133,0.69008,1.05466,0.55031,0.88994,1.12601,1.04082,0.60413,0.62959,1.17778,1.17189,1.04802,0.7762,0.79362
8.54,0.85184,1.26073,1.31257,1.18816,1.25721,1.00012,1.1984,0.77401,1.00025,1.00003,1.22287,1.06139,0.91127,0.55249,0.65871,1.3184,0.83471,0.57773,1.17992,0.86259,0.71694,1.28873,0.96758,1.28113,1.13436,0.91022,0.94108,1.31209,1.25566,0.94593,0.89471,0.97547,1.22723,1.13284,1.15256,0.67096,0.59157,0.84114,0.71637,0.99994,0.7683,1.22018,0.99978,0.99998,0.83894,0.95669,1.10449,1.33102,1.28727,0.66597,1.22763,1.32373,0.82468,1.20291,1.24184,0.6933,1.04111,0.53154,0.90528,1.1244,1.04303,0.58417,0.65714,1.11603,1.18641,1.04475,0.76826,0.78646
8.56,0.93967,1.24618,1.32046,1.18192,1.18842,1.00016,1.18537,0.78782,1.00022,1.00003,1.22432,1.041,0.89191,0.47195,0.62939,1.33034,0.82075,0.50931,1.20691,0.83613,0.67065,1.28201,0.96241,1.28263,1.10984,0.91791,0.94185,1.31562,1.23743,1.03523,0.87998,0.97819,1.22494,1.1309,1.07578,0.70828,0.55697,0.84971,0.84287,0.99992,0.79224,1.21269,0.9998,0.99998,0.83683,0.97238,1.12175,1.34466,1.29615,0.6148,1.2367,1.33684,0.77921,1.22267,1.2602,0.71229,1.04707,0.52605,0.92782,1.11635,1.04251,0.5691,0.70392,0.97256,1.20069,1.0402,0.77268,0.79036
8.58,1.06508,1.22363,1.32559,1.17585,0.93446,1.00019,1.16497,0.80082,1.00017,1.00003,1.22098,1.01112,0.87153,0.4058,0.61668,1.33575,0.81265,0.47809,1.22163,0.82713,0.63624,1.26982,0.94107,1.28046,1.07267,0.93157,0.94674,1.31805,1.20428,1.14905,0.86489,0.98115,1.21321,1.12127,0.97186,0.75787,0.5322,0.85771,1.10252,0.9999,0.82608,1.20523,0.99985,0.99998,0.84162,0.99298,1.13836,1.35368,1.29972,0.58765,1.24163,1.34195,0.75057,1.22869,1.27215,0.74313,1.07012,0.53396,0.9567,1.1011,1.03915,0.55827,0.7741,0.84743,1.21376,1.03515,0.79415,0.80933
8.6,1.16172,1.1901,1.3287,1.17056,0.7233,1.00023,1.1357,0.81291,1.00009,1.00002,1.21283,0.98729,0.85358,0.35262,0.61729,1.33763,0.80898,0.47281,1.22872,0.8319,0.61255,1.25346,0.90846,1.27436,1.01967,0.95026,0.95543,1.31967,1.14159,1.21914,0.85003,0.98352,1.18401,1.09961,0.90661,0.81759,0.51626,0.86442,1.25432,0.99988,0.86815,1.19791,0.99992,0.99999,0.85273,1.02935,1.15183,1.35986,1.29956,0.57756,1.24379,1.34276,0.73564,1.22554,1.27967,0.77859,1.10124,0.55549,0.98966,1.07801,1.03309,0.55085,0.87103,0.72188,1.22533,1.03102,0.8401,0.84956
8.62,1.21123,1.14188,1.33018,1.16654,0.57467,1.00027,1.09577,0.82434,1,1.00001,1.1992,0.97058,0.84172,0.31131,0.62768,1.3375,0.80803,0.48541,1.23071,0.84589,0.59865,1.2373,0.87068,1.2635,0.97759,0.97244,0.96722,1.32071,1.00424,1.26422,0.83574,0.98426,1.11024,1.05622,0.85272,0.883,0.50835,0.86934,1.30298,0.99987,0.91595,1.19061,1.00001,1,0.86968,1.06266,1.16021,1.36412,1.29664,0.57824,1.24434,1.34079,0.7313,1.21576,1.28383,0.80831,1.13222,0.59122,1.04121,1.04662,1.02467,0.54596,0.99721,0.60346,1.23541,1.02972,0.92351,0.92132
8.64,1.24,1.07506,1.33028,1.16378,0.4771,1.00029,1.04271,0.83547,0.99994,1,1.17863,0.95761,0.83866,0.28055,0.64478,1.33634,0.80843,0.50978,1.22907,0.86473,0.59373,1.229,0.83208,1.24613,0.95002,0.99635,0.98121,1.32137,0.90116,1.29462,0.8221,0.98228,0.9408,0.98375,0.80971,0.94819,0.50781,0.87267,1.32455,0.99985,0.96679,1.18315,1.0002,1.00001,0.89202,1.0851,1.1623,1.36703,1.29161,0.58455,1.24411,1.33676,0.73487,1.20117,1.28527,0.82189,1.15937,0.64249,1.08297,1.00674,1.01437,0.54284,1.16408,0.49575,1.24419,1.0332,1.09931,1.06951
8.66,1.25769,0.99386,1.3291,1.1614,0.41874,1.00031,0.98729,0.84649,0.99989,0.99999,1.14852,0.9494,0.84576,0.25886,0.66635,1.33477,0.80957,0.54129,1.22468,0.88482,0.59686,1.23433,0.79432,1.21867,0.92866,1.03624,0.9963,1.32178,0.81664,1.31606,0.80907,0.9766,0.78914,0.92137,0.7769,1.0139,0.51412,0.87548,1.33499,0.99985,1.03351,1.17536,1.00039,1.00003,0.91922,1.09804,1.1574,1.36896,1.28481,0.5928,1.24345,1.33107,0.74424,1.18346,1.28436,0.81329,1.18243,0.71145,1.11011,0.98158,1.00288,0.54091,1.23229,0.39964,1.25192,1.04286,1.22873,1.20659
8.68,1.26847,0.95597,1.32667,1.1576,0.39182,1.00031,0.95503,0.85728,0.99984,0.99998,1.10466,0.94603,0.86298,0.2449,0.69103,1.3332,0.81167,0.5762,1.21811,0.90355,0.60693,1.25102,0.75688,1.17379,0.91328,1.06793,1.02077,1.322,0.74663,1.3317,0.7966,0.96649,0.63944,0.84896,0.75376,1.08395,0.52677,0.87988,1.33931,0.99984,1.09959,1.16733,1.00057,1.00005,0.95032,1.1031,1.14491,1.37016,1.27633,0.60083,1.24221,1.32406,0.7577,1.16454,1.28137,0.78339,1.20248,0.8005,1.12742,0.96271,0.99573,0.53981,1.26833,0.31502,1.25878,1.05907,1.28996,1.27412
8.7,1.27423,0.9318,1.32295,1.1496,0.3931,1.00031,0.92716,0.86735,0.9998,0.99998,1.04076,0.94686,0.88892,0.23762,0.71816,1.33177,0.81578,0.6113,1.20984,0.91916,0.62246,1.2715,0.71831,1.09511,0.90287,1.08947,1.04155,1.32209,0.68885,1.34336,0.78472,0.95149,0.50236,0.77051,0.74023,1.11816,0.54519,0.88881,1.33911,0.99985,1.14176,1.15945,1.00071,1.00006,0.98368,1.10186,1.12428,1.37077,1.26602,0.60791,1.23975,1.31611,0.77375,1.14657,1.27659,0.73914,1.22074,0.91109,1.13821,0.94807,0.99099,0.53941,1.29023,0.24169,1.26487,1.08094,1.32357,1.31197
8.72,1.27571,0.91901,1.31787,1.1334,0.42383,1.00029,0.90305,0.87588,0.99977,0.99997,0.97724,0.95089,0.92113,0.23631,0.74758,1.33043,0.82339,0.64394,1.20031,0.93075,0.64172,1.28999,0.67742,0.9736,0.8961,1.10205,1.05392,1.32201,0.64102,1.35214,0.77361,0.93168,0.38417,0.69092,0.73661,1.13387,0.56877,0.9056,1.33413,0.99985,1.17075,1.15245,1.0008,1.00007,1.03109,1.09577,1.09508,1.37088,1.25348,0.61437,1.23505,1.30776,0.7911,1.1317,1.27033,0.68956,1.23787,1.06823,1.14488,0.93871,0.98792,0.53978,1.30477,0.17941,1.27021,1.10652,1.34367,1.33489
8.74,1.27292,0.91548,1.31125,1.10276,0.49054,1.00027,0.88212,0.8821,0.99976,0.99997,0.93892,0.95699,0.95671,0.24058,0.77948,1.329,0.83601,0.67227,1.18992,0.9381,0.66307,1.30451,0.63451,0.89895,0.89165,1.10633,1.05729,1.32173,0.60083,1.35873,0.76365,0.9077,0.28728,0.61518,0.74337,1.13794,0.59701,0.93332,1.32191,0.99986,1.1918,1.14715,1.00083,1.00008,1.07558,1.08612,1.05707,1.37052,1.23793,0.62111,1.22675,1.29961,0.80878,1.1215,1.26294,0.64194,1.2538,1.18198,1.14911,0.93538,0.98705,0.54115,1.3151,0.12792,1.27473,1.13329,1.35635,1.34947
8.76,1.26526,0.91942,1.30277,1.04586,0.60748,1.00024,0.86393,0.88538,0.99977,0.99997,0.90845,0.96415,0.99279,0.25033,0.81409,1.32725,0.85488,0.69542,1.1789,0.9415,0.68512,1.31512,0.5917,0.84058,0.88847,1.10243,1.05098,1.32114,0.56592,1.36358,0.7554,0.88095,0.21176,0.54798,0.76093,1.13339,0.62964,0.97421,1.29422,0.99988,1.20765,1.14429,1.0008,1.00008,1.10541,1.07411,1.0105,1.3697,1.2182,0.62912,1.21307,1.29222,0.82623,1.11656,1.25477,0.60075,1.26795,1.2321,1.15207,0.93842,0.98867,0.54393,1.32297,0.08705,1.27831,1.15887,1.36454,1.35894
8.78,1.25125,0.92914,1.29197,0.97249,0.80164,1.0002,0.84835,0.88535,0.9998,0.99997,0.88536,0.97144,1.04594,0.26561,0.85133,1.32492,0.88072,0.71356,1.16736,0.94169,0.70673,1.3224,0.55257,0.79714,0.88583,1.08991,1.03376,1.32013,0.53419,1.36696,0.74971,0.85356,0.15697,0.49368,0.78952,1.12156,0.66628,1.04992,1.21525,0.9999,1.21974,1.14431,1.00071,1.00008,1.12538,1.06107,0.98097,1.36837,1.19271,0.63938,1.19133,1.2859,0.84325,1.11627,1.24615,0.56859,1.27958,1.25849,1.15449,0.94775,0.99283,0.54867,1.32938,0.057,1.28068,1.18131,1.36975,1.36502
8.8,1.228,0.94295,1.27833,0.9166,1.14327,1.00017,0.83561,0.88184,0.99983,0.99997,0.86888,0.97795,1.08318,0.28661,0.89041,1.32172,0.91365,0.7278,1.15524,0.93976,0.7269,1.32682,0.52148,0.76766,0.88332,1.06756,1.00347,1.31854,0.50398,1.36895,0.74776,0.82822,0.12256,0.45638,0.82901,1.10318,0.70627,1.12444,0.89701,0.99992,1.22876,1.14738,1.00058,1.00008,1.13845,1.04863,0.96205,1.36647,1.15953,0.65281,1.15703,1.28056,0.85984,1.11911,1.23749,0.54724,1.28806,1.27294,1.15675,0.96294,0.99932,0.55605,1.33491,0.03857,1.28148,1.19938,1.37276,1.36859
8.82,1.18943,0.95926,1.26119,0.86373,1.2749,1.00013,0.82608,0.87481,0.99988,0.99997,0.85781,0.98287,1.10436,0.31373,0.92987,1.31727,0.95323,0.73985,1.1424,0.9369,0.74493,1.32858,0.50237,0.75157,0.88084,1.03314,0.98058,1.31613,0.47414,1.36954,0.75085,0.8075,0.10893,0.43973,0.87897,1.07874,0.74855,1.17407,0.66946,0.99994,1.23504,1.15335,1.00043,1.00007,1.14673,1.0387,0.94947,1.36388,1.11656,0.67028,1.10133,1.27577,0.87618,1.12321,1.22922,0.53834,1.29297,1.27991,1.15896,0.98327,1.01484,0.56685,1.33991,0.03307,1.28021,1.21254,1.3739,1.37005
8.84,1.1207,0.97681,1.23973,0.81667,1.31286,1.0001,0.81995,0.86435,0.99992,0.99998,0.85031,0.98555,1.11358,0.34776,0.96802,1.31103,0.99879,0.75161,1.12858,0.93427,0.76064,1.32753,0.49808,0.7483,0.87858,0.99169,0.95688,1.31264,0.44407,1.36852,0.76011,0.79315,0.11812,0.44716,0.93898,1.0484,0.79207,1.2076,0.53328,0.99995,1.2389,1.16184,1.00029,1.00007,1.15213,1.0331,0.9435,1.36038,1.06161,0.69272,1.00335,1.27082,0.89246,1.12691,1.22154,0.5437,1.29404,1.28126,1.16094,1.01509,1.03206,0.58187,1.34453,0.04265,1.27628,1.22094,1.37313,1.3694
8.86,0.98845,0.99489,1.21268,0.77591,1.32898,1.00007,0.81702,0.85065,0.99995,0.99998,0.84364,0.98557,1.11317,0.39014,1.00635,1.30215,1.07697,0.76494,1.11357,0.93277,0.77465,1.32301,0.51037,0.75706,0.87698,0.96383,0.93231,1.30775,0.41375,1.36536,0.77632,0.78583,0.15587,0.48298,1.01653,1.01163,0.83601,1.23103,0.45335,0.99997,1.2407,1.17232,1.00016,1.00006,1.1568,1.03304,0.94377,1.35559,0.99642,0.72105,0.93647,1.26486,0.90879,1.12897,1.2143,0.56575,1.29094,1.2776,1.16232,1.05938,1.04895,0.60178,1.34882,0.07136,1.26893,1.22502,1.36985,1.36609
8.88,0.89797,1.02471,1.17818,0.74051,1.33627,1.00004,0.8167,0.83404,0.99998,0.99998,0.83413,0.98282,1.1047,0.44282,1.05682,1.28932,1.12976,0.78137,1.09737,0.93313,0.78829,1.31334,0.54038,0.77653,0.87679,0.93648,0.90859,1.30105,0.38381,1.35879,0.79967,0.78527,0.23622,0.55407,1.11605,0.98481,0.87965,1.24823,0.41092,0.99998,1.24089,1.18413,1.00006,1.00006,1.16325,1.0388,0.94925,1.34884,0.96419,0.75605,0.87788,1.25694,0.92502,1.12848,1.20685,0.60812,1.28298,1.26884,1.16249,1.09529,1.06441,0.62702,1.35274,0.12739,1.25713,1.22532,1.36203,1.35818
8.9,0.82197,1.05426,1.13377,0.70891,1.33864,1.00003,0.81809,0.81516,1.00001,0.99998,0.81767,0.97742,1.08974,0.5082,1.08754,1.2703,1.16556,0.80211,1.08038,0.93589,0.80353,1.29423,0.5889,0.80464,0.87896,0.91146,0.8875,1.29208,0.35539,1.34539,0.82974,0.79061,0.3938,0.6718,1.17273,0.96436,0.92208,1.26161,0.39612,0.99999,1.24004,1.1965,0.99999,1.00005,1.17386,1.04968,0.95831,1.33894,0.94052,0.79802,0.82782,1.24592,0.94066,1.12464,1.19803,0.67658,1.26882,1.25441,1.16061,1.12313,1.07749,0.65761,1.35619,0.22785,1.23936,1.22237,1.34225,1.33908
8.92,0.76075,1.07914,1.0763,0.67962,1.33733,1.00001,0.82013,0.7949,1.00004,0.99998,0.79098,0.96974,1.07038,0.58937,1.10504,1.24095,1.18963,0.82815,1.06347,0.94148,0.82268,1.25234,0.65688,0.83861,0.8845,0.89032,0.87066,1.28021,0.32971,1.3133,0.86579,0.80089,0.73132,0.85558,1.20756,0.94483,0.96228,1.27264,0.40441,0.99999,1.23879,1.20868,0.99996,1.00005,1.18973,1.06419,0.96897,1.32348,0.92529,0.84683,0.78779,1.23015,0.955,1.11659,1.18613,0.7808,1.24573,1.23346,1.15569,1.14365,1.08753,0.69339,1.3591,0.41318,1.21303,1.21648,1.25684,1.26973
8.94,0.71384,1.09896,1.00112,0.65171,1.33217,1,0.82193,0.77447,1.00007,0.99998,0.75317,0.96042,1.04913,0.69113,1.11269,1.19221,1.20513,0.86054,1.04742,0.95021,0.84811,1.11902,0.74692,0.87536,0.8941,0.87398,0.85898,1.26423,0.30765,1.17687,0.90745,0.81592,1.28052,1.15557,1.22963,0.92747,0.99954,1.28211,0.43537,1,1.23767,1.21994,0.99994,1.00005,1.20975,1.08047,0.97948,1.29648,0.91818,0.90209,0.75863,1.20674,0.96759,1.10318,1.16871,0.938,1.20741,1.20484,1.1468,1.15795,1.09428,0.73465,1.36147,0.8039,1.17263,1.20735,0.63599,0.73839
8.96,0.68041,1.11198,0.96108,0.62508,1.32146,1,0.82294,0.75543,1.00008,0.99999,0.70657,0.95032,1.02842,0.82149,1.1124,1.09977,1.21398,0.90048,1.0325,0.96227,0.88195,0.82102,0.86547,0.91195,0.90786,0.86256,0.85255,1.24165,0.28967,0.70029,0.95543,0.83679,1.34465,1.26902,1.24344,0.91506,1.05667,1.29034,0.49279,1,1.23703,1.22962,0.99993,1.00004,1.23119,1.09664,0.98872,1.23795,0.91846,0.96309,0.74059,1.16994,0.97852,1.08278,1.14213,1.17695,1.13613,1.16741,1.13313,1.16724,1.09793,0.78259,1.36331,1.29483,1.10415,1.19353,0.33468,0.41249
8.98,0.65979,1.11489,0.92796,0.60055,1.30004,1,0.82301,0.73981,1.0001,0.99999,0.65604,0.94062,1.00992,0.99326,1.10549,0.95341,1.21718,0.9491,1.01805,0.97766,0.92582,0.62625,1.04477,0.9455,0.92504,0.85554,0.85068,1.20692,0.27612,0.4727,1.02176,0.86623,1.36249,1.3077,1.25128,0.91217,1.09548,1.2973,0.58606,1,1.23699,1.23705,0.99991,1.00003,1.25115,1.1109,0.99623,1.01841,0.92489,1.04847,0.7338,1.10663,0.98843,1.05299,1.10021,1.26635,0.98284,1.12102,1.11434,1.17269,1.09899,0.83954,1.36465,1.34539,0.98266,1.17134,0.19045,0.25183
9,0.65197,1.10136,0.8991,0.57971,1.24954,1,0.82232,0.73009,1.00012,0.99999,0.60756,0.93277,0.99708,1.19669,1.09326,0.86244,1.21495,1.01371,1.00253,0.99604,0.98057,0.48707,1.20614,0.9732,0.94398,0.85204,0.85215,1.1459,0.26742,0.35333,1.10866,0.90871,1.37006,1.32537,1.25413,0.92525,1.12403,1.30281,0.73438,1,1.23742,1.24145,0.9999,1.00002,1.26774,1.12165,1.00431,0.77155,0.93569,1.12184,0.73856,0.99032,0.99843,1.01039,1.03097,1.30474,0.86788,1.06909,1.09105,1.17533,1.09816,0.90894,1.36549,1.36042,0.89507,1.13224,0.11456,0.16566
9.02,0.65755,1.05721,0.87283,0.56442,1.03733,1,0.82126,0.72901,1.00014,1,0.56646,0.92822,0.99065,1.26463,1.07758,0.79475,1.2068,1.10468,0.99213,1.03066,1.07333,0.38906,1.26948,0.99247,0.96234,0.85153,0.85591,1.01012,0.26422,0.29459,1.16761,0.9701,1.37342,1.3336,1.2521,0.96216,1.14664,1.30663,0.97973,1,1.23809,1.24192,0.99988,1.00001,1.28018,1.12758,1.01353,0.60709,0.94859,1.1637,0.7553,0.90924,1.01864,0.97805,0.96286,1.32492,0.76537,1.02185,1.06535,1.17571,1.09603,0.9956,1.3658,1.36628,0.81097,1.05342,0.07725,0.12219
9.04,0.67766,0.97395,0.84784,0.55627,0.73811,1.00001,0.8202,0.73922,1.00017,1.00001,0.53642,0.92804,0.98528,1.29771,1.06134,0.74764,1.19165,1.16248,0.98121,1.06396,1.14467,0.32105,1.30288,1.00298,0.9778,0.85468,0.862,0.89372,0.2674,0.27792,1.20996,1.08578,1.37432,1.33611,1.24452,1.05368,1.16569,1.30859,1.24788,1,1.23874,1.23732,0.99985,0.99999,1.28848,1.12781,1.02098,0.48867,0.96093,1.18824,0.78415,0.83528,1.04211,0.95072,0.91006,1.3366,0.6748,0.99771,1.04087,1.17333,1.09255,1.1318,1.3655,1.3678,0.73075,0.94715,0.06686,0.10853
9.06,0.71375,0.89754,0.8232,0.5564,0.54057,1.00001,0.81935,0.76321,1.0002,1.00002,0.51979,0.93268,0.981,1.31699,1.04883,0.71801,1.16781,1.20163,0.96801,1.09162,1.19176,0.2746,1.32296,0.99966,0.98859,0.86404,0.87232,0.7918,0.27819,0.29702,1.24122,1.17437,1.37323,1.33402,1.22967,1.15719,1.18251,1.30856,1.31121,0.99999,1.23927,1.22575,0.99983,0.99998,1.29281,1.12177,1.02677,0.40083,0.9698,1.2021,0.82431,0.76912,1.06732,0.92465,0.85975,1.3437,0.59674,1.00104,1.02193,1.16607,1.08655,1.20487,1.36445,1.36605,0.65582,0.86051,0.07946,0.11993
9.08,0.7674,0.8162,0.7985,0.5657,0.39869,1.00002,0.81871,0.80348,1.00022,1.00004,0.51882,0.94189,0.97853,1.32931,1.0455,0.70274,1.13369,1.22918,0.95253,1.1137,1.22463,0.24372,1.33566,0.98761,0.99375,0.88443,0.89096,0.70095,0.2984,0.35248,1.2644,1.22651,1.36997,1.32718,1.20414,1.22172,1.1977,1.30631,1.33824,0.99999,1.23966,1.20365,0.9998,0.99997,1.29306,1.10911,1.03004,0.3348,0.97208,1.20884,0.87286,0.71124,1.09322,0.90116,0.81261,1.34809,0.5327,1.03486,1.01226,1.14896,1.07538,1.24851,1.36243,1.36051,0.58838,0.7802,0.11552,0.15632
9.1,0.83988,0.74125,0.77386,0.58504,0.29533,1.00003,0.81815,0.86273,1.00024,1.00005,0.53668,0.95475,0.9792,1.3375,1.05611,0.69879,1.08984,1.24883,0.93528,1.13022,1.24844,0.22428,1.34359,0.96714,0.99303,0.92367,0.92462,0.62293,0.33075,0.44908,1.2813,1.25742,1.36377,1.31439,1.16093,1.26076,1.21143,1.30143,1.35279,0.99999,1.24,1.16312,0.99979,0.99996,1.28841,1.08972,1.02914,0.28566,0.9647,1.21053,0.92355,0.66231,1.1183,0.88175,0.76927,1.35073,0.48468,1.08182,1.01365,1.11006,1.05406,1.27644,1.35899,1.34877,0.53091,0.71409,0.17835,0.22029
9.12,0.93202,0.68065,0.74954,0.61557,0.21973,1.00003,0.81747,0.94423,1.00023,1.00006,0.57827,0.96993,0.98457,1.34293,1.08149,0.70327,1.04289,1.26273,0.91707,1.14121,1.26609,0.21345,1.34802,0.94059,0.98659,0.99425,0.98352,0.55873,0.37947,0.59293,1.29322,1.27487,1.35295,1.29336,1.08379,1.28404,1.22376,1.2931,1.36156,0.99998,1.24042,1.08302,0.99979,0.99996,1.27674,1.06384,1.02195,0.25038,0.94547,1.20861,0.9672,0.62289,1.14125,0.86785,0.73022,1.35216,0.45443,1.12876,1.02556,1.01054,1.01264,1.29492,1.35328,1.32379,0.48519,0.66757,0.27272,0.3155
9.14,1.07104,0.63777,0.72545,0.65908,0.16457,1.00004,0.81652,1.08059,1.0002,1.00007,0.65096,0.9861,0.99577,1.34641,1.11696,0.71338,1.00731,1.27229,0.89874,1.14683,1.27942,0.20935,1.34961,0.91022,0.97464,1.14027,1.1133,0.50792,0.45136,0.78688,1.3012,1.28304,1.33402,1.26019,0.96879,1.29747,1.23495,1.2797,1.36718,0.99998,1.241,0.95608,0.99982,0.99995,1.253,1.03191,1.00622,0.22654,0.91408,1.20418,0.99481,0.59304,1.16141,0.8604,0.69561,1.35269,0.44296,1.16944,1.04611,0.90586,0.96979,1.30738,1.34345,1.25912,0.45181,0.64283,0.40339,0.44468
9.16,1.17621,0.61262,0.70096,0.71818,0.12486,1.00005,0.81528,1.18301,1.00014,1.00006,0.76555,1.00449,1.02431,1.34848,1.15513,0.7263,0.9988,1.27849,0.88101,1.14735,1.28968,0.21079,1.34852,0.87796,0.95718,1.22913,1.20692,0.46916,0.55763,1.03748,1.30602,1.28401,1.29885,1.20872,0.89285,1.30442,1.24539,1.25785,1.37087,0.99997,1.24174,0.86371,0.99988,0.99996,1.20349,0.9972,0.99044,0.21186,0.87266,1.19833,1.00334,0.57232,1.17858,0.8597,0.66525,1.3525,0.45087,1.20253,1.07292,0.78841,0.92113,1.31585,1.32471,0.97067,0.43039,0.63975,0.57212,0.60663
9.18,1.22856,0.60362,0.67517,0.79617,0.09753,1.00006,0.81395,1.23692,1.00006,1.00005,0.93615,1.03221,1.059,1.34954,1.18992,0.73898,1.01425,1.28197,0.86464,1.14307,1.29767,0.21705,1.34445,0.84553,0.93412,1.28237,1.26534,0.44093,0.71682,1.2078,1.30823,1.27851,1.22517,1.13034,0.82816,1.30677,1.2555,1.21993,1.37327,0.99997,1.24254,0.78138,0.99995,0.99997,1.07848,0.97872,0.97474,0.20417,0.8254,1.19241,0.98973,0.56016,1.19275,0.86541,0.63893,1.35168,0.47897,1.2286,1.10354,0.66343,0.86184,1.32152,1.28032,0.74613,0.4203,0.65681,0.77223,0.79148
9.2,1.25859,0.6085,0.64726,0.89664,0.08113,1.00006,0.81284,1.26843,0.99999,1.00003,1.17501,1.05411,1.09013,1.34993,1.21828,0.748,1.04377,1.28311,0.85049,1.13434,1.30386,0.22779,1.33641,0.81462,0.9055,1.31535,1.30241,0.42207,0.96017,1.24774,1.30804,1.26637,1.02923,1.01678,0.77506,1.30551,1.26553,1.14502,1.37465,0.99997,1.2432,0.71207,1.00005,0.99998,0.89562,0.96246,0.95808,0.20134,0.77758,1.18806,0.96646,0.55614,1.20387,0.87663,0.61667,1.35026,0.52846,1.2487,1.13556,0.54156,0.79489,1.3251,1.0844,0.65145,0.42115,0.69122,0.9834,0.97798
9.22,1.2769,0.62491,0.6169,1.0408,0.07522,1.00007,0.81231,1.28769,0.99995,1.00002,1.25612,1.07126,1.11479,1.34992,1.23973,0.75018,1.07217,1.28203,0.83942,1.12156,1.30854,0.24294,1.32202,0.78674,0.87185,1.33643,1.32646,0.41176,1.23112,1.25468,1.30545,1.24677,0.86975,0.95268,0.73364,1.3011,1.27551,0.97733,1.37514,0.99997,1.24352,0.65742,1.00018,0.99999,0.783,0.94854,0.94269,0.2014,0.73392,1.18699,0.94109,0.55998,1.21194,0.89213,0.59862,1.3482,0.60094,1.26386,1.1667,0.43099,0.72449,1.327,0.71863,0.63198,0.43298,0.73893,1.17397,1.15418
9.24,1.2882,0.65087,0.58458,1.17638,0.08013,1.00007,0.81255,1.2995,0.99993,1,1.28762,1.08455,1.13241,1.34974,1.25514,0.74359,1.09275,1.27871,0.83203,1.10509,1.3119,0.26271,1.29543,0.76304,0.83452,1.35026,1.34238,0.40929,1.29575,1.24012,1.30016,1.21819,0.79799,0.92235,0.70342,1.29359,1.2852,0.85702,1.37473,0.99997,1.24338,0.6175,1.00025,1,0.70876,0.93694,0.93023,0.20278,0.69742,1.1902,0.92052,0.57155,1.21705,0.91062,0.58496,1.34542,0.69848,1.275,1.1951,0.33652,0.65533,1.32745,0.52444,0.67167,0.45631,0.79524,1.22374,1.20526
9.26,1.29486,0.685,0.55178,1.23574,0.09676,1.00006,0.81347,1.30642,0.99992,1,1.30134,1.09465,1.14371,1.34949,1.26572,0.72831,1.10455,1.27302,0.82859,1.08528,1.31407,0.28754,1.23902,0.74434,0.7958,1.35942,1.35302,0.41391,1.32218,1.19408,1.29151,1.17828,0.76769,0.90932,0.68352,1.28256,1.29418,0.76086,1.37333,0.99997,1.24283,0.59128,1.00027,1.00001,0.66653,0.92761,0.92148,0.20453,0.6693,1.19741,0.90778,0.59067,1.21935,0.93093,0.57581,1.34179,0.82249,1.28286,1.21943,0.26031,0.59208,1.32661,0.4037,0.77313,0.49206,0.85548,1.24,1.22174
9.28,1.29821,0.72623,0.52087,1.26744,0.12665,1.00005,0.81467,1.30988,0.99994,1,1.30604,1.10199,1.14989,1.34924,1.2725,0.70655,1.10933,1.26473,0.82907,1.06265,1.3151,0.31791,1.07363,0.73141,0.75887,1.3654,1.36,0.42465,1.33588,1.05707,1.27844,1.12399,0.7626,0.90777,0.67286,1.26709,1.30194,0.68664,1.37071,0.99997,1.24211,0.57728,1.00022,1.00001,0.65021,0.92053,0.91642,0.20641,0.64978,1.20718,0.9024,0.61684,1.21903,0.95188,0.57138,1.3371,0.9696,1.28788,1.23894,0.20314,0.53926,1.32462,0.32549,0.95342,0.54122,0.91521,1.24251,1.22353
9.3,1.29894,0.77338,0.49477,1.28545,0.17192,1.00005,0.81544,1.31064,0.99997,1,1.30483,1.10677,1.15229,1.34891,1.27617,0.68204,1.1103,1.25371,0.83319,1.03828,1.31495,0.35409,0.85379,0.72512,0.72742,1.36898,1.36426,0.44018,1.34369,0.87131,1.25932,1.05245,0.77307,0.9134,0.67047,1.24572,1.30803,0.63323,1.36646,0.99998,1.24165,0.57413,1.00012,1.00001,0.65448,0.91577,0.91439,0.20877,0.63868,1.21755,0.90129,0.64898,1.21626,0.97214,0.57203,1.33113,1.1446,1.29022,1.2533,0.16546,0.5011,1.32166,0.27469,1.20323,0.6042,0.97026,1.23727,1.21685
9.32,1.29737,0.82501,0.47612,1.29507,0.23544,1.00004,0.815,1.30906,1.00001,1,1.29885,1.10906,1.15231,1.34841,1.27712,0.65875,1.11127,1.23994,0.84051,1.01398,1.31351,0.39611,0.75092,0.72636,0.70492,1.37059,1.36629,0.4589,1.34815,0.74539,1.23163,0.98349,0.79231,0.92282,0.67558,1.21609,1.31214,0.60024,1.35985,0.99998,1.24191,0.58066,0.99999,1.00001,0.67477,0.91345,0.91438,0.2124,0.63574,1.22682,0.90017,0.68535,1.21117,0.99034,0.5782,1.32361,1.20545,1.28976,1.26253,0.14763,0.48094,1.31795,0.24332,1.27812,0.68053,1.03108,1.22696,1.20462
9.34,1.29347,0.87952,0.46656,1.29851,0.32173,1.00004,0.8128,1.30519,1.00008,1,1.28811,1.10897,1.15126,1.3476,1.27552,0.63963,1.11525,1.22363,0.85049,0.99611,1.31062,0.44394,0.71309,0.73576,0.69386,1.37035,1.36629,0.47921,1.35037,0.65573,1.19113,0.95114,0.81517,0.93343,0.6878,1.17434,1.31418,0.58754,1.34939,0.99998,1.24323,0.59613,0.99993,1,0.70739,0.91354,0.91527,0.21815,0.64069,1.23405,0.89556,0.72382,1.20388,1.01022,0.59025,1.31417,1.22304,1.28623,1.26679,0.15032,0.4809,1.31373,0.22698,1.30837,0.76898,1.08143,1.21344,1.189
9.36,1.28691,0.9352,0.46654,1.29642,0.43843,1.00004,0.80873,1.29878,1.00015,1.00001,1.27168,1.10673,1.15038,1.34638,1.27133,0.62625,1.123,1.20527,0.86246,0.98823,1.3061,0.49753,0.72843,0.75338,0.69567,1.36807,1.36416,0.49986,1.35088,0.59632,1.12992,0.93114,0.83777,0.94337,0.70709,1.11374,1.31419,0.5953,1.33164,0.99998,1.24561,0.62008,0.99987,0.99999,0.74962,0.91581,0.91601,0.22674,0.65324,1.23891,0.88628,0.76207,1.19453,1.02956,0.60819,1.30231,1.21616,1.27916,1.2661,0.17532,0.50202,1.30921,0.22316,1.32305,0.86767,1.10716,1.19847,1.17222
9.38,1.2769,0.98976,0.47547,1.28815,0.59821,1.00004,0.80321,1.28936,1.00021,1.00002,1.24751,1.10283,1.15078,1.34466,1.26442,0.61912,1.13288,1.18603,0.8755,0.98363,1.2998,0.55633,0.7913,0.77845,0.7111,1.36309,1.35939,0.51987,1.34988,0.56062,1.03279,0.92114,0.85748,0.95151,0.73366,1.02271,1.31228,0.62432,1.29679,0.99998,1.24875,0.65211,0.99982,0.99999,0.79925,0.9197,0.91567,0.23866,0.67291,1.24144,0.87389,0.79743,1.18352,1.04009,0.63149,1.28738,1.18414,1.26792,1.26008,0.22605,0.54429,1.3046,0.23059,1.33046,0.97328,1.11879,1.18388,1.15659
9.4,1.26205,1.06505,0.49183,1.27118,0.82135,1.00004,0.79713,1.27614,1.00024,1.00002,1.21183,1.09799,1.1534,1.34237,1.25455,0.61809,1.14181,1.16811,0.88838,0.98214,1.29173,0.61864,0.89563,0.80904,0.74055,1.354,1.35099,0.53854,1.34738,0.54299,0.95251,0.91906,0.87306,0.95739,0.76786,0.95617,1.30869,0.67634,1.20309,0.99998,1.25211,0.69155,0.99979,0.99998,0.85404,0.92442,0.91345,0.25415,0.69891,1.2418,0.86212,0.82672,1.17169,1.04339,0.65875,1.26884,1.11231,1.25194,1.24753,0.3069,0.60551,1.30007,0.24888,1.3338,1.1093,1.12111,1.17117,1.14404
9.42,1.23971,1.1116,0.51343,1.23878,1.15584,1.00004,0.79168,1.25798,1.00025,1.00003,1.15768,1.09313,1.15875,1.33944,1.24142,0.62268,1.14662,1.15455,0.89979,0.98346,1.28215,0.68134,1.04757,0.84229,0.78444,1.33801,1.33731,0.55549,1.34315,0.53885,0.90466,0.92314,0.88438,0.96107,0.81021,0.91544,1.30372,0.75462,0.8835,0.99998,1.25502,0.73743,0.99978,0.99998,0.91155,0.92904,0.90879,0.27327,0.73014,1.24018,0.85554,0.84688,1.16032,1.04046,0.68787,1.24656,0.98164,1.2309,1.22577,0.42121,0.68011,1.29577,0.27837,1.33455,1.17578,1.11652,1.1612,1.13557
9.44,1.20438,1.13714,0.53794,1.16998,1.27139,1.00005,0.78809,1.233,1.00024,1.00002,1.07103,1.08912,1.16673,1.3358,1.22463,0.63221,1.14486,1.14791,0.90873,0.9872,1.27158,0.74095,1.16709,0.87515,0.84374,1.30924,1.31581,0.57085,1.33673,0.54462,0.87243,0.93186,0.89201,0.96288,0.86146,0.88845,1.29773,0.86513,0.67943,0.99998,1.25688,0.78868,0.99979,0.99998,0.96929,0.93278,0.90151,0.29626,0.76543,1.23676,0.85796,0.85619,1.15076,1.03198,0.71656,1.22094,0.9079,1.20503,1.18859,0.56799,0.75951,1.29168,0.32024,1.3335,1.20741,1.10629,1.15408,1.13121
9.46,1.14279,1.15022,0.56342,0.9826,1.30869,1.00004,0.78754,1.19792,1.00019,1.00002,0.9672,1.08649,1.17659,1.33124,1.20353,0.64592,1.13457,1.14862,0.91488,0.99277,1.26071,0.79505,1.20877,0.90513,0.92016,1.25397,1.28311,0.58541,1.32722,0.55755,0.85368,0.94397,0.89681,0.96327,0.92262,0.87304,1.29108,1.03286,0.55136,0.99998,1.25717,0.84429,0.99983,0.99999,1.04362,0.93519,0.89193,0.32361,0.80367,1.2317,0.87171,0.85521,1.14381,1.01863,0.74285,1.19268,0.86472,1.17525,1.11989,0.73792,0.83411,1.28765,0.37637,1.33105,1.2226,1.09107,1.14942,1.13024
9.48,1.01474,1.15556,0.58836,0.83155,1.32669,1.00004,0.79115,1.14702,1.00013,1.00001,0.90783,1.08539,1.18709,1.32551,1.17746,0.66279,1.11354,1.15448,0.91869,0.99941,1.25041,0.84317,1.22097,0.93058,1.02876,1.13379,1.2359,0.60054,1.31315,0.57524,0.84627,0.95831,0.89972,0.96273,0.99436,0.86639,1.28412,1.19785,0.46582,0.99998,1.25529,0.903,0.99988,0.99999,1.10597,0.93618,0.88093,0.35609,0.84357,1.22525,0.89755,0.84698,1.13934,1.00159,0.76523,1.1622,0.84906,1.14343,0.98457,0.91197,0.8963,1.28328,0.44882,1.32753,1.22808,1.0713,1.14654,1.13157
9.5,0.90915,1.15654,0.61166,0.71107,1.33693,1.00003,0.80004,1.07028,1.00007,1,0.86366,1.08561,1.19688,1.31824,1.14611,0.68137,1.07878,1.1618,0.92123,1.01172,1.24163,0.88703,1.21626,0.95071,1.14972,0.93356,1.17235,0.61811,1.29217,0.5953,0.84812,0.97373,0.90167,0.96176,1.10602,0.86515,1.27715,1.26074,0.40686,0.99998,1.25051,0.96271,0.99994,1,1.1424,0.93598,0.86986,0.39454,0.88331,1.21782,0.9347,0.83631,1.13629,0.99194,0.78264,1.12857,0.8553,1.11238,0.88941,1.09877,0.9433,1.27795,0.53841,1.32328,1.22673,1.0476,1.14458,1.13393
9.52,0.82607,1.15605,0.63281,0.61739,1.34322,1.00003,0.81536,0.97806,1.00001,0.99999,0.83288,1.08671,1.20478,1.30884,1.10997,0.7002,1.02558,1.1669,0.92393,1.02168,1.23518,0.93006,1.19878,0.96553,1.21063,0.8371,1.08949,0.64031,1.26064,0.61526,0.85725,0.98905,0.90355,0.96085,1.17011,0.86576,1.2704,1.29258,0.36597,0.99999,1.2417,1.0365,0.99999,1.00002,1.16408,0.93499,0.86028,0.44003,0.92075,1.20993,0.98114,0.82859,1.13298,0.98477,0.79455,1.08829,0.8764,1.08508,0.80806,1.18611,0.97783,1.2708,0.64311,1.31872,1.21986,1.02109,1.14266,1.13609
9.54,0.75762,1.15646,0.65223,0.54577,1.3472,1.00002,0.83812,0.92759,0.99998,0.99999,0.81429,1.08827,1.21005,1.29633,1.07036,0.71838,0.97644,1.16687,0.92819,1.02723,1.23142,0.97658,1.1704,0.97577,1.24602,0.77409,0.98494,0.66951,1.21321,0.63294,0.87182,1.00618,0.9062,0.96047,1.20914,0.86524,1.26381,1.31105,0.33794,0.99999,1.22703,1.1025,1.00007,1.00003,1.17595,0.93356,0.85354,0.49436,0.95419,1.20194,1.05749,0.82863,1.12762,0.98065,0.80118,1.03353,0.90494,1.06341,0.74057,1.2242,1.01157,1.26062,0.75682,1.3144,1.20794,0.99684,1.13992,1.13698
9.56,0.70204,1.15922,0.6714,0.49143,1.34973,1.00002,0.86905,0.89077,0.99997,0.99999,0.80719,1.09008,1.21229,1.27881,1.02866,0.73629,0.94109,1.1591,0.93515,1.02725,1.23009,1.05241,1.13434,0.98271,1.26838,0.72162,0.91912,0.70806,1.14322,0.64666,0.89006,1.02762,0.91041,0.96104,1.23467,0.86171,1.25691,1.32268,0.31911,0.99999,1.20339,1.13948,1.00012,1.00003,1.18028,0.9319,0.85059,0.56053,0.98306,1.19368,1.12056,0.84029,1.11847,0.98063,0.80348,0.97725,0.93373,1.04718,0.68581,1.24904,1.05765,1.24559,0.86894,1.31083,1.1911,0.98521,1.13546,1.13564
9.58,0.65751,1.16462,0.69297,0.45031,1.35135,1.00001,0.90821,0.86602,0.99996,0.99999,0.81137,1.09209,1.21118,1.25243,0.9928,0.75567,0.90907,1.14001,0.94554,1.02063,1.23028,1.12401,1.09951,0.98803,1.28316,0.6678,0.84964,0.758,1.04875,0.65544,0.9101,1.0416,0.9169,0.96293,1.25212,0.85461,1.24862,1.3304,0.30666,0.99999,1.16502,1.16051,1.00013,1.00003,1.17775,0.93002,0.85206,0.64305,1.01546,1.18428,1.16234,0.86683,1.10381,0.98554,0.80315,0.93442,0.95584,1.03377,0.64245,1.2699,1.09957,1.22286,0.96479,1.30845,1.16958,0.97701,1.12835,1.13109
9.6,0.62274,1.17188,0.72069,0.41937,1.3524,1.00001,0.95455,0.85229,0.99997,0.99999,0.82718,1.09444,1.20633,1.2085,0.97315,0.7797,0.88121,1.10258,0.95976,1.00587,1.2307,1.17453,1.08247,0.99368,1.293,0.60798,0.77207,0.82078,0.97909,0.65901,0.92976,1.04829,0.9263,0.96646,1.26423,0.84467,1.23705,1.3357,0.29839,1,1.10042,1.1711,1.0001,1.00003,1.16781,0.92782,0.85833,0.74831,1.05285,1.1719,1.19089,0.91153,1.08156,0.99601,0.80242,0.8909,0.96512,1.0185,0.60962,1.289,1.13986,1.18735,1.04862,1.30746,1.14458,0.97288,1.11751,1.12219
9.62,0.59697,1.17974,0.75928,0.39631,1.35312,1.00001,1.01116,0.8489,0.99998,0.99999,0.85543,1.09729,1.19711,1.12184,0.95405,0.81271,0.85788,1.02926,0.97798,0.99076,1.22988,1.21095,1.09638,1.00357,1.29924,0.54264,0.68795,0.89732,0.96555,0.65776,0.94676,1.04745,0.93909,0.97187,1.27248,0.83339,1.21896,1.33939,0.29272,0.99999,0.99187,1.17361,1.00006,1.00002,1.14846,0.92509,0.86959,0.88587,1.08365,1.15343,1.21073,0.97866,1.04858,1.02354,0.80384,0.84821,0.95761,0.99726,0.58685,1.3062,1.17737,1.12852,1.0749,1.3078,1.11897,0.97341,1.10156,1.10747
9.64,0.57997,1.18694,0.81441,0.37937,1.35359,1.00002,1.08747,0.85518,1,1,0.89714,1.10074,1.1825,0.95377,0.93308,0.86,0.83884,0.95027,1.0008,0.97442,1.22616,1.23778,1.13489,1.02721,1.30259,0.47521,0.60183,0.98861,0.98351,0.65272,0.95924,1.03853,0.9556,0.97926,1.27761,0.82252,1.1881,1.34198,0.28891,0.99999,0.92475,1.16893,1,1.00001,1.11545,0.92175,0.88584,1.10175,1.11253,1.12351,1.2248,1.10475,0.99951,1.05966,0.81009,0.80748,0.93334,0.97808,0.57393,1.32091,1.21044,1.01864,1.03924,1.3092,1.09719,0.97885,1.07869,1.08487
9.66,0.57199,1.19256,0.89283,0.36711,1.3538,1.00002,1.13331,0.87015,1.00004,1,0.95303,1.10471,1.161,0.83488,0.90829,0.92795,0.82321,0.87916,1.04731,0.95434,1.2175,1.25809,1.17918,1.05846,1.30336,0.41022,0.51906,1.12381,1.05235,0.64541,0.96621,1.02089,0.97579,0.98854,1.27995,0.81367,1.12969,1.34378,0.28717,0.99999,0.87131,1.15719,0.99997,1,1.06021,0.91783,0.90678,1.22925,1.14146,1.07146,1.23516,1.19087,0.96768,1.09646,0.82392,0.76916,0.89676,0.9497,0.57086,1.33287,1.23813,0.92783,0.96189,1.31117,1.08371,0.98899,1.04647,1.05149
9.68,0.574,1.19581,1.00512,0.35843,1.3536,1.00004,1.16045,0.89211,1.00007,1.00001,1.03998,1.10891,1.13059,0.73355,0.87846,1.04289,0.8096,0.80625,1.08839,0.93121,1.20053,1.27388,1.21588,1.09553,1.30154,0.35216,0.44456,1.19471,1.13108,0.63781,0.96769,0.9971,0.99911,0.99931,1.27936,0.80839,0.99787,1.34503,0.28879,0.99998,0.83304,1.13825,0.99994,1,0.98403,0.9136,0.93158,1.28139,1.17051,0.98642,1.24343,1.24357,0.93345,1.13109,0.84834,0.73332,0.85579,0.91061,0.578,1.3421,1.26023,0.856,0.88403,1.31315,1.08071,1.00577,1.00189,1.00352
9.7,0.58787,1.19588,1.16291,0.35249,1.3527,1.00006,1.1739,0.91844,1.00009,1.00001,1.12907,1.11285,1.0892,0.64779,0.84333,1.16643,0.79643,0.7352,1.1238,0.90615,1.16825,1.2864,1.24076,1.13495,1.29673,0.30475,0.38213,1.23523,1.18672,0.63226,0.9646,0.98158,1.04254,1.02033,1.27526,0.80828,0.89569,1.34587,0.29605,0.99997,0.81178,1.11242,0.99992,0.99999,0.93407,0.90954,0.95862,1.3093,1.19862,0.92329,1.25084,1.27765,0.8978,1.16169,0.8869,0.70006,0.81968,0.86075,0.5962,1.3488,1.27699,0.79446,0.8052,1.31457,1.08692,1.03442,0.9751,0.97318
9.72,0.61643,1.1917,1.2338,0.3487,1.35066,1.00008,1.17506,0.94576,1.0001,1.00001,1.17994,1.11596,1.03542,0.57607,0.8037,1.23155,0.78224,0.66946,1.15353,0.88068,1.10197,1.29645,1.2541,1.17306,1.28798,0.27021,0.33368,1.26058,1.2228,0.63113,0.95839,0.96662,1.07682,1.03911,1.26631,0.81504,0.80263,1.3464,0.31199,0.99996,0.80986,1.08113,0.99991,0.99999,0.89071,0.90627,0.9857,1.32631,1.22447,0.85952,1.25824,1.30046,0.86209,1.18732,0.9442,0.66947,0.79648,0.80174,0.6268,1.35327,1.28903,0.74315,0.737,1.31485,1.09877,1.05886,0.95116,0.9468
9.74,0.66356,1.18167,1.27254,0.34665,1.3469,1.00011,1.16245,0.97091,1.00009,1.00001,1.20979,1.1176,0.98608,0.5166,0.76144,1.26977,0.76621,0.61207,1.17772,0.85669,0.97009,1.30464,1.25682,1.20717,1.27348,0.24916,0.29929,1.27728,1.24513,0.63656,0.95055,0.95385,1.10229,1.05423,1.24988,0.83052,0.72143,1.34669,0.34009,0.99995,0.82997,1.0472,0.99992,1,0.85667,0.90453,1.01989,1.33752,1.24699,0.79903,1.26597,1.31593,0.82803,1.20761,1.04608,0.64148,0.79134,0.73669,0.67159,1.35584,1.29712,0.70151,0.685,1.31347,1.11265,1.07766,0.93054,0.92434
9.76,0.7342,1.16302,1.29619,0.34604,1.34049,1.00014,1.1303,0.99174,1.00007,1,1.2267,1.1171,0.96006,0.46738,0.71932,1.29346,0.74845,0.56589,1.19652,0.8365,0.86383,1.31139,1.24859,1.2359,1.24963,0.24125,0.27798,1.28862,1.25798,0.6503,0.9423,0.94417,1.12059,1.06567,1.22047,0.85673,0.65257,1.34677,0.3842,0.99993,0.87521,1.01442,0.99994,1,0.83335,0.90507,1.05313,1.34534,1.26556,0.74544,1.27382,1.32621,0.79771,1.22242,1.15689,0.61596,0.80645,0.66975,0.7325,1.35678,1.30195,0.66857,0.65068,1.30986,1.12611,1.0908,0.9139,0.90659
9.78,0.8342,1.13045,1.31157,0.34668,1.32988,1.00017,1.06267,1.01429,1.00004,1,1.23442,1.11365,0.9418,0.42675,0.68089,1.30813,0.7301,0.53425,1.2098,0.823,0.76048,1.31699,1.22652,1.25887,1.20907,0.2459,0.26873,1.29639,1.26384,0.67372,0.93457,0.93784,1.13323,1.07373,1.16476,0.89589,0.59571,1.34668,0.44838,0.99991,0.94908,0.99337,0.99997,1.00001,0.82147,0.9087,1.07384,1.351,1.27991,0.7024,1.28126,1.33239,0.77383,1.23134,1.22162,0.59285,0.84136,0.60556,0.81061,1.35623,1.30401,0.64335,0.63378,1.30321,1.13776,1.09893,0.90136,0.89365
9.8,0.96959,1.07222,1.32183,0.34852,1.31215,1.0002,0.96377,1.0336,1,0.99999,1.23434,1.10624,0.93107,0.39363,0.65008,1.31633,0.7131,0.5214,1.21714,0.81977,0.66593,1.32159,1.18344,1.27637,1.13501,0.26268,0.27095,1.30158,1.26383,0.70799,0.92812,0.93468,1.14137,1.07884,1.04129,0.9505,0.55054,1.34643,0.53644,0.9999,1.08388,0.98369,1.00001,1.00003,0.8216,0.9163,1.08513,1.35517,1.28998,0.67378,1.2876,1.33472,0.75964,1.23338,1.26192,0.57235,0.89259,0.54849,0.90464,1.3542,1.30352,0.6251,0.6338,1.29222,1.14684,1.10286,0.8928,0.88527
9.82,1.15872,0.98043,1.3286,0.35157,1.28098,1.00023,0.8892,1.04637,0.99998,0.99999,1.22604,1.09355,0.92752,0.3673,0.63017,1.31913,0.69955,0.5325,1.21778,0.83051,0.58361,1.32527,1.1032,1.28908,0.99065,0.29151,0.28468,1.30475,1.25793,0.75437,0.92354,0.93425,1.14582,1.0814,0.90929,1.04153,0.51675,1.346,0.65133,0.99989,1.18505,0.97681,1.00008,1.00004,0.83433,0.92865,1.08874,1.35824,1.29592,0.66312,1.29232,1.33271,0.75837,1.22646,1.28816,0.55488,0.95371,0.50161,1.01813,1.35055,1.30045,0.61334,0.6508,1.27434,1.15297,1.10339,0.88793,0.88101
9.84,1.23641,0.91244,1.33285,0.35593,1.21885,1.00025,0.81982,1.05682,0.99996,0.99998,1.20722,1.07392,0.93075,0.34709,0.62275,1.31656,0.69088,0.57364,1.21063,0.85827,0.51417,1.32808,0.97632,1.29784,0.90123,0.33292,0.3106,1.30624,1.24481,0.81493,0.92125,0.93605,1.14713,1.08175,0.81572,1.14138,0.49368,1.34539,0.79544,0.99988,1.23898,0.97085,1.00014,1.00005,0.85994,0.94627,1.08546,1.36045,1.29804,0.67294,1.2952,1.3246,0.77227,1.20637,1.30594,0.54088,1.0307,0.46618,1.13985,1.3449,1.2945,0.60763,0.68581,1.24364,1.15594,1.10117,0.88647,0.88042
9.86,1.274,0.84491,1.33518,0.36169,1.05126,1.00025,0.75796,1.0681,0.99995,0.99998,1.17258,1.0454,0.94034,0.33229,0.62733,1.30752,0.68752,0.65217,1.19403,0.9046,0.45655,1.33002,0.90428,1.30342,0.83763,0.38804,0.34988,1.30629,1.2209,0.89307,0.92154,0.9396,1.14564,1.08016,0.74079,1.20235,0.48032,1.34457,0.97124,0.99987,1.27125,0.96407,1.00019,1.00005,0.89797,0.96912,1.07541,1.36201,1.29674,0.70436,1.29628,1.30548,0.80194,1.1634,1.31843,0.53081,1.10491,0.44205,1.19294,1.33654,1.28509,0.60747,0.74103,1.18296,1.15557,1.09671,0.88813,0.88308
9.88,1.2955,0.78108,1.336,0.36894,0.85748,1.00025,0.70431,1.08236,0.99994,0.99998,1.11109,1.00605,0.95572,0.32229,0.64118,1.28915,0.68888,0.776,1.16577,0.96832,0.40931,1.33106,0.85287,1.30643,0.79506,0.45792,0.40361,1.30503,1.17781,0.99372,0.92455,0.94446,1.14152,1.07681,0.68152,1.24176,0.47548,1.34352,1.17752,0.99988,1.29209,0.95491,1.00021,1.00005,0.94627,0.99622,1.05823,1.36303,1.29269,0.75645,1.29585,1.25961,0.84549,1.07163,1.32744,0.5253,1.14525,0.42857,1.21985,1.32429,1.27139,0.61229,0.81967,1.01751,1.15164,1.09041,0.89264,0.88862
9.9,1.30896,0.72402,1.33559,0.37767,0.73961,1.00023,0.65899,1.10055,0.99994,0.99998,1.00022,0.98007,0.97615,0.31663,0.65905,1.25564,0.69355,0.94802,1.12427,1.06967,0.3713,1.33108,0.81574,1.30719,0.76941,0.54211,0.47166,1.30258,1.09299,1.14428,0.93032,0.95021,1.13483,1.07189,0.63521,1.26799,0.47791,1.34223,1.2472,0.99988,1.3062,0.94218,1.00022,1.00004,0.99992,1.04441,1.03314,1.36359,1.28717,0.82437,1.29432,1.10835,0.89729,0.94561,1.33402,0.5252,1.16974,0.42509,1.23369,1.30632,1.25247,0.62144,0.92548,0.85424,1.1438,1.08271,0.89972,0.89665
9.92,1.31781,0.67595,1.33412,0.38778,0.65644,1.00022,0.62167,1.12224,0.99994,0.99999,0.93551,0.9594,1.00169,0.31507,0.67382,1.19659,0.69966,1.16324,1.07197,1.14123,0.34156,1.32989,0.78655,1.30584,0.75737,0.63722,0.55167,1.29902,0.95523,1.21753,0.93887,0.95642,1.12557,1.06555,0.59966,1.28562,0.48645,1.34071,1.2793,0.99989,1.31602,0.92523,1.00021,1.00004,1.07915,1.08217,0.99937,1.36375,1.28232,0.89804,1.29228,0.83414,0.94794,0.86782,1.33879,0.53149,1.1868,0.43121,1.23966,1.28013,1.22765,0.63423,1.09274,0.72544,1.13138,1.07401,0.90907,0.90679
9.94,1.32374,0.63761,1.3317,0.399,0.59642,1.00019,0.59148,1.14579,0.99995,0.99999,0.89172,0.94273,1.05029,0.31753,0.67878,1.09875,0.70549,1.23206,1.02032,1.17685,0.31911,1.32726,0.76042,1.30235,0.75637,0.73654,0.6388,1.29436,0.85986,1.25903,0.95026,0.9628,1.11376,1.05798,0.57302,1.29751,0.50008,1.33897,1.29727,0.9999,1.32302,0.90419,1.00019,1.00002,1.12008,1.10791,0.97894,1.3635,1.28063,0.96358,1.29029,0.70452,0.98692,0.8163,1.34221,0.54506,1.20069,0.4468,1.24015,1.24249,1.19683,0.65014,1.202,0.61925,1.11315,1.06468,0.92031,0.9186
9.96,1.32772,0.60853,1.32837,0.41082,0.55266,1.00017,0.56704,1.16904,0.99996,1,0.86905,0.93086,1.09138,0.32409,0.67015,0.98664,0.70991,1.2533,0.99458,1.19209,0.30285,1.32286,0.73468,1.29648,0.76429,0.83105,0.72639,1.28852,0.77663,1.28522,0.96462,0.96912,1.09957,1.04946,0.5537,1.3055,0.51796,1.33709,1.30838,0.99991,1.32816,0.88012,1.00016,1.00001,1.13831,1.12417,0.95735,1.36285,1.28355,1.01485,1.28874,0.65011,1.01299,0.79062,1.34458,0.56643,1.21326,0.47186,1.23627,1.19026,1.16094,0.66887,1.25444,0.53215,1.08689,1.05496,0.93288,0.93155
9.98,1.3303,0.58752,1.32417,0.42234,0.5211,1.00015,0.54673,1.18988,0.99997,1,0.86588,0.92385,1.12643,0.33491,0.64842,0.96105,0.71251,1.25315,0.99509,1.19356,0.29171,1.31637,0.70894,1.28789,0.7792,0.91145,0.80699,1.28135,0.70356,1.30277,0.98206,0.97528,1.0836,1.04043,0.54046,1.31079,0.53926,1.33521,1.31555,0.99993,1.33211,0.85503,1.00011,1,1.14073,1.13308,0.93461,1.36174,1.2905,1.04112,1.28781,0.65054,1.01182,0.78802,1.34616,0.59549,1.22485,0.50621,1.22859,1.12313,1.12248,0.69018,1.28517,0.46153,1.04876,1.04506,0.94593,0.94487
10,1.33182,0.57326,1.31916,0.4322,0.49947,1.00013,0.52898,1.20683,0.99998,1.00001,0.87947,0.92128,1.15661,0.35023,0.61771,0.97984,0.71355,1.23607,1.01562,1.18401,0.28476,1.30745,0.68456,1.27623,0.79903,0.97067,0.87378,1.27264,0.63877,1.31481,1.00512,0.98116,1.06724,1.03165,0.5324,1.31418,0.56294,1.33355,1.32011,0.99994,1.33536,0.83162,1.00007,0.99999,1.13016,1.13623,0.91067,1.36012,1.29944,1.02209,1.28744,0.6949,0.99004,0.80454,1.34713,0.63114,1.23502,0.54899,1.21756,1.04931,1.08569,0.71382,1.30538,0.40579,0.99605,1.03513,0.95826,0.95747
10.02,1.33246,0.56436,1.31347,0.43894,0.48589,1.00011,0.51236,1.2192,0.99999,1.00002,0.90604,0.92248,1.18258,0.37036,0.58353,1.0574,0.71378,1.19806,1.04847,1.1644,0.28128,1.29587,0.66368,1.26116,0.82164,1.01126,0.92226,1.26215,0.58079,1.32305,1.04546,0.98672,1.05269,1.02404,0.52894,1.31622,0.58781,1.3324,1.32284,0.99994,1.33824,0.81248,1.00002,0.99999,1.10759,1.13476,0.88575,1.35789,1.30836,0.98113,1.28736,0.77586,0.9668,0.83555,1.34761,0.67137,1.24318,0.59853,1.2037,0.99459,1.0556,0.73954,1.31973,0.36359,0.96196,1.02532,0.96841,0.96809
10.04,1.33233,0.55948,1.30727,0.44163,0.47738,1.0001,0.49584,1.22711,1.00002,1.00002,0.9406,0.9268,1.20456,0.39568,0.55044,1.14145,0.71418,1.12422,1.07678,1.13447,0.28083,1.28145,0.64815,1.24238,0.84515,1.03326,0.95118,1.24946,0.52856,1.32857,1.08085,0.99199,1.04244,1.0185,0.52969,1.31732,0.61278,1.33193,1.32449,0.99995,1.34096,0.79918,0.99998,0.99998,1.07381,1.12938,0.86055,1.35492,1.31611,0.9403,1.28721,0.88676,0.94382,0.87648,1.34767,0.71381,1.24894,0.65271,1.18757,0.9832,1.03606,0.76719,1.33045,0.33314,0.92688,1.01562,0.97516,0.97566
10.06,1.33146,0.55722,1.30068,0.44042,0.46888,1.00008,0.47884,1.23123,1.00004,1.00002,0.97623,0.93368,1.22244,0.4265,0.52124,1.19889,0.71577,0.98582,1.09662,1.09294,0.28326,1.26404,0.63913,1.21957,0.86822,1.02418,0.96251,1.23389,0.48151,1.33217,1.11161,0.9971,1.03833,1.01561,0.53435,1.31781,0.63712,1.33214,1.32611,0.99996,1.34362,0.79189,0.99996,0.99998,1.03238,1.12044,0.83646,1.35104,1.32233,0.89585,1.28664,1.03585,0.92574,0.92331,1.34734,0.75637,1.25217,0.70937,1.16971,0.98804,1.02806,0.79685,1.33872,0.31224,0.89144,1.00578,0.97777,0.97956
10.08,1.32987,0.55618,1.29382,0.43662,0.45316,1.00007,0.46137,1.23254,1.00007,1.00003,1.0062,0.94267,1.23592,0.4627,0.49748,1.23752,0.71961,0.90102,1.10793,1.03788,0.28871,1.24354,0.63726,1.19253,0.89011,0.99571,0.96053,1.21446,0.43975,1.33448,1.13808,1.00449,1.04097,1.01552,0.54269,1.31804,0.66038,1.3328,1.32902,0.99996,1.34622,0.78952,0.99994,0.99998,0.99771,1.10799,0.81565,1.34603,1.32702,0.85161,1.28523,1.16936,0.9146,0.97246,1.34658,0.79737,1.25283,0.76629,1.15055,1.00791,1.02947,0.82856,1.34517,0.29841,0.85636,0.99771,0.9761,0.97967
10.1,1.32757,0.55489,1.28677,0.43247,0.42245,1.00006,0.44397,1.23233,1.00008,1.00002,1.01763,0.95332,1.24453,0.50328,0.48008,1.26421,0.72675,0.8399,1.11181,0.98519,0.29762,1.22003,0.64292,1.16153,0.91054,0.97276,0.95063,1.18979,0.40393,1.336,1.16051,1.01486,1.04951,1.01798,0.55444,1.31833,0.68229,1.33351,1.33437,0.99997,1.34868,0.78989,0.99993,0.99998,0.99332,1.09198,0.80092,1.33976,1.33025,0.8095,1.28255,1.22219,0.91062,1.03658,1.34533,0.83548,1.25082,0.82093,1.13033,1.04614,1.03645,0.8622,1.35014,0.28914,0.82256,0.99227,0.97054,0.97635
10.12,1.32453,0.55192,1.27956,0.43027,0.37249,1.00006,0.42733,1.23212,1.00007,1.00002,0.98455,0.96517,1.24775,0.5462,0.46975,1.28332,0.73815,0.79868,1.10957,0.95607,0.31063,1.19356,0.65629,1.12792,0.92956,0.94943,0.93805,1.15785,0.37476,1.33712,1.17923,1.02555,1.0622,1.02246,0.56925,1.31898,0.70291,1.33388,1.34225,0.99997,1.35093,0.79028,0.99994,0.99999,1.02154,1.07233,0.79509,1.33221,1.3321,0.77039,1.27808,1.24783,0.91292,1.09356,1.34345,0.87009,1.24595,0.87038,1.10905,1.07909,1.04509,0.89757,1.35386,0.28216,0.79095,0.98639,0.96185,0.97025
10.14,1.32081,0.54605,1.27199,0.43141,0.30627,1.00005,0.41192,1.23329,1.00005,1.00001,0.92731,0.97767,1.24503,0.58889,0.46712,1.29744,0.75447,0.77367,1.10238,0.93394,0.32845,1.16321,0.67723,1.09458,0.94744,0.92956,0.92696,1.11473,0.35254,1.33813,1.19476,1.03672,1.07711,1.02831,0.58648,1.32024,0.72281,1.33369,1.3514,0.99997,1.35292,0.78815,0.99995,1,1.08746,1.04918,0.80003,1.32358,1.33256,0.73465,1.27124,1.26074,0.92015,1.12736,1.34081,0.90197,1.23794,0.9117,1.08647,1.10342,1.05251,0.93489,1.35652,0.27581,0.76196,0.97993,0.95095,0.96215
10.16,1.31654,0.53649,1.2635,0.4358,0.23278,1.00004,0.3978,1.23671,1.00002,1,0.84663,0.99007,1.23558,0.62879,0.47291,1.30806,0.7759,0.76168,1.09135,0.91833,0.35168,1.12492,0.70502,1.06597,0.96447,0.91557,0.92021,1.0518,0.33712,1.33915,1.2077,1.04832,1.09255,1.03489,0.60506,1.32225,0.7433,1.33294,1.36014,0.99998,1.35467,0.78178,0.99999,1.00001,1.15473,1.02326,0.8162,1.31425,1.33154,0.70262,1.26138,1.26636,0.93072,1.14758,1.3372,0.93376,1.22653,0.9423,1.06215,1.11883,1.05694,0.97515,1.35828,0.26933,0.73557,0.97287,0.93875,0.95286
10.18,1.3121,0.52292,1.25295,0.44154,0.16202,1.00004,0.38475,1.24254,0.99998,0.99999,0.75793,1.00265,1.21838,0.66355,0.48811,1.31603,0.80176,0.7598,1.07799,0.90853,0.38055,1.06636,0.73773,1.04762,0.98078,0.90889,0.9195,0.9771,0.32816,1.34014,1.21863,1.06001,1.10717,1.04155,0.62313,1.325,0.76636,1.33195,1.36742,0.99998,1.35623,0.77048,1.00006,1.00003,1.20737,0.99836,0.84226,1.30489,1.32878,0.67493,1.2479,1.26721,0.94276,1.15904,1.33247,0.97015,1.21182,0.95997,1.03579,1.12575,1.0574,1.03608,1.35927,0.26296,0.71154,0.96534,0.92626,0.94325
10.2,1.30822,0.50563,1.23837,0.44514,0.10084,1.00003,0.37249,1.25022,0.99996,0.99998,0.6762,1.01902,1.1927,0.69118,0.51409,1.32177,0.8303,0.7652,1.06465,0.90373,0.41459,0.97746,0.7717,1.0442,0.99619,0.91033,0.9257,0.92415,0.3254,1.34093,1.22792,1.07126,1.11986,1.04765,0.63798,1.32836,0.79455,1.33132,1.37298,0.99998,1.35765,0.75464,1.00014,1.00006,1.24355,0.98778,0.87468,1.29646,1.32377,0.65257,1.23059,1.26474,0.95404,1.16434,1.32648,1.03235,1.19484,0.96312,1.00756,1.12429,1.05334,1.10199,1.35958,0.25778,0.68966,0.95769,0.91459,0.93425
10.22,1.30587,0.48546,1.21636,0.44269,0.05185,1.00003,0.36091,1.25883,0.99994,0.99997,0.61111,1.0273,1.15946,0.71055,0.55278,1.32555,0.85885,0.77526,1.05428,0.90314,0.45262,0.90355,0.80191,1.05672,1.01937,0.92026,0.93905,0.87095,0.3288,1.3413,1.23581,1.08146,1.12977,1.05257,0.64663,1.33206,0.83062,1.33175,1.37702,0.99999,1.35895,0.73547,1.00022,1.00008,1.26659,0.98215,0.90816,1.28992,1.31559,0.63665,1.20997,1.25997,0.96232,1.16498,1.31922,1.11408,1.17804,0.95139,0.98982,1.11381,1.04441,1.15125,1.3592,0.25537,0.66997,0.95037,0.90488,0.92686
10.24,1.30573,0.46377,1.18058,0.43212,0.01461,1.00002,0.3503,1.2674,0.99992,0.99997,0.56627,1.02706,1.12286,0.72212,0.60687,1.32751,0.88471,0.78798,1.04937,0.90612,0.49325,0.82145,0.82354,1.08116,1.0399,0.93863,0.95931,0.81792,0.33857,1.34098,1.24236,1.09016,1.13629,1.05577,0.64713,1.33582,0.87697,1.33357,1.37988,0.99999,1.36011,0.71469,1.00027,1.00009,1.28024,0.98232,0.93715,1.28574,1.30238,0.62791,1.18762,1.25356,0.96612,1.16172,1.31068,1.17668,1.16487,0.92655,0.97803,1.0927,1.03034,1.18918,1.35812,0.25748,0.65277,0.94381,0.8982,0.922
10.26,1.30778,0.44234,1.11764,0.41466,0,1.00002,0.34148,1.27512,0.99992,0.99997,0.54131,1.01827,1.09086,0.72848,0.6798,1.3278,0.90578,0.80234,1.05057,0.91219,0.53545,0.73797,0.83378,1.11058,1.05503,0.9647,0.98566,0.76656,0.35522,1.33968,1.24747,1.09706,1.13888,1.05675,0.63964,1.33932,0.93474,1.33647,1.38095,0.99999,1.36105,0.69435,1.00029,1.00009,1.28717,0.98829,0.95766,1.28335,1.28028,0.6266,1.16603,1.24579,0.96519,1.15486,1.30084,1.22234,1.15826,0.89271,0.9686,1.05812,1.01103,1.21853,1.35621,0.2659,0.63878,0.9384,0.89546,0.9205
10.28,1.31121,0.42341,0.99703,0.39474,0,1.00002,0.33594,1.2813,0.99992,0.99997,0.5342,1.00153,1.07175,0.73416,0.77505,1.32649,0.92096,0.81837,1.05626,0.92101,0.57861,0.66196,0.83278,1.13852,1.06567,0.99661,1.02972,0.71939,0.3795,1.33705,1.25086,1.10192,1.13689,1.05502,0.62661,1.34225,1.00484,1.33964,1.38095,0.99999,1.36163,0.67685,1.00027,1.00009,1.28907,0.99905,0.96825,1.28115,1.24022,0.63249,1.14813,1.23635,0.96077,1.1443,1.28956,1.2539,1.15892,0.85573,0.96155,1.00627,0.99375,1.24079,1.35328,0.28263,0.62921,0.93446,0.89757,0.92315
10.3,1.31483,0.40957,0.9198,0.37864,0,1.00002,0.33573,1.28528,0.99994,0.99997,0.54233,0.98996,1.0681,0.74523,0.89463,1.32359,0.93001,0.83705,1.06317,0.93229,0.62247,0.60164,0.82341,1.16076,1.07237,1.05252,1.07508,0.67954,0.41237,1.33251,1.25203,1.10449,1.12925,1.05001,0.61213,1.3443,1.10399,1.34209,1.38095,0.99999,1.36165,0.66489,1.00022,1.00007,1.2869,1.02351,0.97015,1.27668,1.15545,0.64503,1.13633,1.22418,0.95524,1.12962,1.27658,1.27422,1.16495,0.82217,0.95691,0.97224,0.98217,1.25689,1.34901,0.31026,0.62584,0.93234,0.90541,0.93073
10.32,1.31756,0.40332,0.86261,0.37262,0,1.00002,0.34333,1.28653,0.99996,0.99998,0.56296,0.9794,1.07538,0.76851,1.06132,1.31905,0.93344,0.85991,1.06787,0.94578,0.66705,0.56272,0.80983,1.17536,1.07547,1.0925,1.10614,0.6499,0.45499,1.32509,1.25029,1.1045,1.11424,1.04105,0.60071,1.3452,1.1547,1.34298,1.38095,0.99999,1.36085,0.66105,1.00014,1.00005,1.28118,1.04576,0.96632,1.26647,0.96094,0.66345,1.13161,1.20724,0.95138,1.11012,1.26151,1.28562,1.17334,0.79778,0.95471,0.94587,0.97233,1.26756,1.3429,0.3525,0.63081,0.93233,0.91987,0.94398
10.34,1.31866,0.40665,0.82766,0.38182,0,1.00002,0.36136,1.28452,0.99999,0.99999,0.5936,0.97084,1.08691,0.81076,1.18479,1.31265,0.93209,0.88841,1.0679,0.9612,0.71268,0.54803,0.79568,1.18179,1.07525,1.11717,1.12525,0.63226,0.50889,1.31294,1.24474,1.1018,1.08906,1.0274,0.59599,1.34473,1.1796,1.34161,1.38095,0.99999,1.3589,0.66721,1.00004,1.00002,1.27212,1.06217,0.95994,1.24442,0.83308,0.68709,1.13349,1.18218,0.95136,1.08469,1.24366,1.28962,1.18165,0.78636,0.95487,0.92657,0.96527,1.27345,1.33405,0.41491,0.64631,0.93456,0.94159,0.96343
10.36,1.31763,0.42088,0.81461,0.4105,0,1.00002,0.39252,1.27877,1.00004,1.00001,0.63215,0.96526,1.09799,0.87857,1.23528,1.30401,0.92688,0.92327,1.06204,0.97816,0.75991,0.55874,0.78314,1.17992,1.07212,1.13018,1.13474,0.62739,0.57585,1.29204,1.23408,1.09642,1.04914,1.00836,0.60041,1.34263,1.18798,1.33714,1.38095,0.99999,1.35531,0.68415,0.99997,1,1.25961,1.07218,0.95341,1.19505,0.74362,0.71544,1.14052,1.14346,0.95616,1.05193,1.22191,1.28672,1.18868,0.78972,0.95709,0.91526,0.96142,1.27502,1.32083,0.50607,0.67439,0.93891,0.97079,0.98917
10.38,1.31403,0.44671,0.82165,0.46278,0,1.00001,0.43961,1.26873,1.00009,1.00003,0.67638,0.96288,1.10642,0.97805,1.26067,1.29248,0.91871,0.96379,1.05028,0.99599,0.80901,0.59552,0.77291,1.16935,1.06668,1.13425,1.13656,0.63537,0.65697,1.25227,1.21623,1.08868,0.99373,0.99215,0.6154,1.33862,1.18351,1.32815,1.38095,0.99999,1.34928,0.7113,0.99992,0.99998,1.24347,1.07631,0.94816,1.05488,0.68307,0.74801,1.15092,1.08143,0.96542,1.01054,1.19472,1.27609,1.1942,0.80806,0.96086,0.91154,0.96065,1.27243,1.30022,0.63887,0.71696,0.94495,1.01301,1.03668
10.4,1.30722,0.4841,0.84603,0.54307,0.01569,1.00001,0.50552,1.254,1.00013,1.00004,0.72344,0.96329,1.11153,1.1375,1.274,1.27718,0.9085,1.01407,1.03391,1.02515,0.8595,0.6586,0.76464,1.14908,1.05985,1.13152,1.13239,0.656,0.7511,1.15955,1.18761,1.07931,0.95831,0.97943,0.64172,1.3323,1.16699,1.31167,1.3798,0.99999,1.33939,0.74641,0.99989,0.99997,1.2238,1.0756,0.94485,0.86577,0.64528,0.78398,1.16299,0.99006,0.97751,0.9822,1.16024,1.25513,1.19853,0.84029,0.96545,0.91404,0.96239,1.26545,1.26638,0.83182,0.77565,0.95194,1.07465,1.08432
10.42,1.29601,0.53242,0.88437,0.65664,0.05243,1.00001,0.59362,1.2346,1.00014,1.00005,0.76985,0.96574,1.11338,1.21652,1.28008,1.25685,0.89718,1.07692,1.0157,1.05036,0.91012,0.74761,0.75737,1.11724,1.05279,1.12381,1.12383,0.68909,0.85342,0.93269,1.14113,1.06933,0.92534,0.96719,0.67991,1.32309,1.13706,1.28051,1.37698,0.99999,1.32255,0.78572,0.99988,0.99996,1.20124,1.07134,0.94363,0.73145,0.62639,0.82235,1.17526,0.93765,0.98999,0.96237,1.11634,1.21774,1.20224,0.88437,0.97004,0.92091,0.96583,1.25323,1.20703,1.1358,0.852,0.95903,1.11865,1.12028
10.44,1.27802,0.59099,0.93343,0.81155,0.09787,1.00001,0.70909,1.21127,1.00012,1.00005,0.81242,0.96941,1.11199,1.25729,1.28087,1.2295,0.88583,1.11399,0.99966,1.06799,0.95957,0.86193,0.75003,1.07018,1.0466,1.11264,1.11231,0.73491,0.95565,0.78463,1.0601,1.05967,0.8968,0.95628,0.73083,1.30994,1.08956,1.21079,1.37324,0.99999,1.29044,0.82496,0.99989,0.99996,1.1771,1.06479,0.94455,0.62913,0.62385,0.86214,1.18655,0.89882,1.00085,0.94713,1.06027,1.14859,1.20589,0.93805,0.97394,0.93032,0.97015,1.23389,1.09203,1.26027,0.94811,0.96557,1.14943,1.14649
10.46,1.24781,0.65969,0.99061,1.03975,0.15163,1.00001,0.86117,1.18559,1.00008,1.00005,0.84927,0.97356,1.10698,1.2807,1.27715,1.19149,0.87574,1.13404,0.99432,1.07869,1.0138,1.00239,0.74184,1.00087,1.04205,1.0993,1.09908,0.79428,1.07527,0.68203,0.95956,1.05074,0.8735,0.94717,0.79595,1.29087,1.01499,0.97797,1.36841,0.99999,1.20989,0.8605,0.99993,0.99997,1.15287,1.0571,0.9478,0.55388,0.63565,0.90275,1.19583,0.87456,1.01361,0.93726,0.99394,0.99908,1.20987,0.99933,0.97673,0.94081,0.97473,1.20345,0.94222,1.30069,1.09659,0.97134,1.1708,1.16516
10.48,1.19123,0.73881,1.08224,1.22451,0.21272,1.00001,1.09549,1.15988,1.00001,1.00003,0.88044,0.97759,1.09743,1.29483,1.26911,1.13587,0.86854,1.14149,0.99269,1.08293,1.08118,1.16918,0.73242,0.95992,1.0394,1.08484,1.08517,0.8682,1.14323,0.61097,0.89046,1.04228,0.85537,0.94002,0.87697,1.26182,0.9587,0.78259,1.36231,0.99999,0.91625,0.89004,1,0.99998,1.12938,1.04935,0.95375,0.50047,0.65969,0.94372,1.20206,0.86487,1.01736,0.93321,0.95803,0.89624,1.21431,1.09593,0.97833,0.95136,0.97917,1.15344,0.86893,1.31973,1.1907,0.97659,1.18552,1.17814
10.5,1.05868,0.8287,1.14286,1.28217,0.27892,1.00001,1.23243,1.13662,0.99996,1.00001,0.90786,0.98098,1.08164,1.3033,1.25683,1.04815,0.86617,1.13795,0.9947,1.0807,1.12475,1.23232,0.72183,0.92371,1.03845,1.07019,1.0715,0.95702,1.17266,0.56259,0.83055,1.03329,0.84194,0.9348,0.97504,1.21366,0.91438,0.64369,1.35481,0.99999,0.69512,0.91274,1.00013,0.99999,1.10595,1.04257,0.96291,0.4649,0.6931,0.98455,1.20404,0.86952,1.01272,0.93535,0.92707,0.81657,1.21916,1.15274,0.9789,0.96125,0.98319,1.06358,0.82767,1.33007,1.23884,0.98195,1.19551,1.18682
10.52,0.89465,0.92953,1.18197,1.31017,0.34642,1.00001,1.28338,1.11745,0.99992,1,0.93468,0.98333,1.05674,1.30789,1.24056,0.95888,0.87065,1.12275,0.99993,1.07144,1.15563,1.26434,0.71046,0.89259,1.03861,1.05615,1.05874,1.08919,1.18441,0.53124,0.78076,1.02237,0.83253,0.93139,1.11893,1.12106,0.8754,0.54052,1.34602,1,0.54426,0.92916,1.00027,1.00001,1.08001,1.03775,0.97585,0.4444,0.73208,1.04323,1.20027,0.88853,1.00016,0.94401,0.89975,0.7557,1.22419,1.18857,0.97881,0.97006,0.98667,0.95288,0.80902,1.33592,1.26681,0.98817,1.2021,1.19218
10.54,0.78392,1.06725,1.20875,1.32672,0.41021,1.00001,1.30976,1.10253,0.99989,0.99999,0.96412,0.9844,1.01801,1.30949,1.221,0.90119,0.88364,1.09214,1.01523,1.05374,1.17911,1.28289,0.699,0.8668,1.03912,1.04327,1.04728,1.17464,1.18583,0.51324,0.74111,1.00811,0.82643,0.92956,1.19528,0.95445,0.8416,0.46084,1.33639,1,0.43577,0.94072,1.00037,1.00003,1.04733,1.03551,0.99302,0.43701,0.77246,1.09343,1.18862,0.92255,0.9903,0.95954,0.87493,0.70988,1.22909,1.21219,0.9785,0.97763,0.9896,0.87997,0.80669,1.33902,1.28415,0.99584,1.2062,1.19495
10.56,0.69664,1.1698,1.22796,1.3377,0.46543,1.00001,1.32581,1.09061,0.99988,0.99998,0.99852,0.98415,0.98093,1.30859,1.19947,0.852,0.90614,1.03643,1.03339,1.02503,1.19798,1.2944,0.68832,0.84616,1.03917,1.03183,1.03717,1.22037,1.18008,0.50621,0.71083,0.99495,0.82298,0.92906,1.23691,0.84757,0.81247,0.39711,1.32676,1,0.35443,0.94929,1.00043,1.00004,1.00215,1.03604,1.02686,0.44118,0.81038,1.12889,1.16563,0.97303,0.97788,0.98229,0.85174,0.67604,1.2335,1.22815,0.97847,0.98398,0.99204,0.81945,0.81607,1.34018,1.29526,1.00996,1.20846,1.1957
10.58,0.62767,1.22083,1.24222,1.34553,0.50868,1.00001,1.33654,1.07945,0.99987,0.99998,1.06309,0.98273,0.94979,1.30544,1.17803,0.80893,0.93817,0.97102,1.05297,0.99095,1.21371,1.3017,0.6796,0.83036,1.03793,1.0218,1.02808,1.24793,1.16898,0.50864,0.68885,0.98489,0.82164,0.9296,1.26259,0.76344,0.78748,0.34487,1.3182,1,0.29166,0.95683,1.00045,1.00005,0.97328,1.039,1.06501,0.45544,0.84277,1.15564,1.12486,1.06763,0.96335,1.02308,0.82967,0.65188,1.237,1.23896,0.97921,0.98928,0.99412,0.77031,0.83323,1.33978,1.3024,1.0286,1.20932,1.19489
10.6,0.57347,1.25079,1.25298,1.35134,0.53891,1.00001,1.34407,1.06617,0.99988,0.99999,1.11209,0.98047,0.91832,1.30024,1.15931,0.77025,0.97853,0.91824,1.07281,0.9655,1.22701,1.30619,0.67427,0.8191,1.03451,1.01294,1.01945,1.26544,1.15426,0.51963,0.67417,0.97504,0.82203,0.93089,1.27952,0.69694,0.76628,0.3017,1.31159,0.99999,0.24266,0.96526,1.00042,1.00004,0.94563,1.04362,1.09781,0.47807,0.86752,1.17687,1.053,1.14972,0.94722,1.07691,0.80868,0.63583,1.2391,1.24603,0.98123,0.99376,0.99601,0.73178,0.8543,1.33794,1.3068,1.04545,1.20907,1.19293
10.62,0.53166,1.26987,1.26113,1.35573,0.5575,1.00001,1.34949,1.04739,0.9999,0.99999,1.14722,0.97778,0.88873,1.2932,1.14581,0.73488,1.04363,0.86567,1.09194,0.93885,1.23822,1.30856,0.67387,0.8122,1.02806,1.00488,1.01057,1.27663,1.13803,0.53853,0.66585,0.96663,0.82427,0.93285,1.29102,0.64495,0.74869,0.2663,1.30723,0.99999,0.20458,0.97624,1.00037,1.00003,0.92028,1.04896,1.12444,0.50698,0.88365,1.19435,0.96658,1.20256,0.93016,1.12042,0.78902,0.62693,1.23926,1.25012,0.98496,0.99769,0.99788,0.70326,0.87552,1.33461,1.30918,1.05884,1.20762,1.18992
10.64,0.50047,1.2825,1.26723,1.35902,0.56767,1.00002,1.35338,1.01904,0.99992,0.99999,1.17164,0.97504,0.86257,1.28454,1.13898,0.70216,1.10459,0.8168,1.10942,0.91305,1.24756,1.30914,0.67967,0.80955,1.0178,0.99863,1.00081,1.28354,1.1226,0.56454,0.66293,0.96061,0.82941,0.93577,1.29886,0.60515,0.73453,0.23791,1.30474,0.99999,0.17554,0.99107,1.0003,1.00002,0.89887,1.05428,1.14521,0.54,0.89132,1.20909,0.90773,1.23731,0.91308,1.15387,0.77104,0.62471,1.23698,1.25165,0.99067,1.00256,0.99984,0.68385,0.89399,1.32969,1.30999,1.06792,1.20421,1.18525
10.66,0.47857,1.29096,1.27168,1.36142,0.57363,1.00002,1.35613,0.98863,0.99994,1,1.18813,0.97249,0.84053,1.27454,1.1386,0.67185,1.14592,0.77501,1.12432,0.89041,1.25522,1.30801,0.69249,0.81105,1.00324,0.99502,0.99502,1.28744,1.10957,0.59603,0.66433,0.95735,0.83979,0.94058,1.30402,0.57558,0.7236,0.21609,1.30324,0.99999,0.15419,1.01964,1.00022,1,0.88214,1.05912,1.16102,0.57514,0.89173,1.22167,0.85651,1.26009,0.89723,1.17808,0.75506,0.62902,1.23179,1.25078,0.99836,1.00917,1.00387,0.6722,0.90844,1.32311,1.3096,1.07268,1.19704,1.17717
10.68,0.46516,1.29649,1.27474,1.36304,0.57994,1.00002,1.35792,0.96403,0.99996,1.00001,1.19885,0.97023,0.8227,1.26352,1.14294,0.64426,1.17474,0.74401,1.13558,0.8738,1.26129,1.30501,0.71258,0.81669,0.9925,0.99161,0.9894,1.28927,1.09897,0.62974,0.66869,0.95664,0.85932,0.94881,1.30706,0.55479,0.71577,0.20092,1.30163,0.99999,0.13984,1.05705,1.00014,1,0.87009,1.06329,1.17281,0.61052,0.88691,1.23232,0.81323,1.27405,0.88436,1.19348,0.74152,0.64012,1.22326,1.24748,1.01464,1.01524,1.00819,0.66653,0.9195,1.3152,1.30837,1.0737,1.18243,1.16198
10.7,0.46004,1.29978,1.27656,1.36386,0.59111,1.00002,1.35883,0.93817,0.99998,1.00001,1.20533,0.96832,0.8089,1.25202,1.14949,0.62027,1.1952,0.72809,1.14199,0.86655,1.26574,1.29976,0.73952,0.82644,0.98284,0.98851,0.98389,1.28984,1.08878,0.6599,0.67444,0.9578,0.89397,0.96268,1.30819,0.54188,0.71101,0.19302,1.2987,0.99999,0.1324,1.09035,1.00007,0.99999,0.86229,1.06675,1.18139,0.6442,0.87938,1.24103,0.77765,1.28045,0.87668,1.19966,0.73105,0.65854,1.21098,1.24148,1.03223,1.02062,1.01236,0.66477,0.92959,1.30721,1.30672,1.07203,1.15219,1.13169
10.72,0.46345,1.30116,1.27718,1.36382,0.61151,1.00003,1.35884,0.91335,1,1.00002,1.20878,0.96677,0.79891,1.24074,1.15586,0.60098,1.20979,0.73162,1.14224,0.87205,1.2685,1.29148,0.77227,0.84031,0.97361,0.9859,0.97894,1.28981,1.07527,0.67844,0.67995,0.95989,0.95306,0.98516,1.30744,0.5363,0.70935,0.19342,1.29308,0.99999,0.1323,1.11772,1,0.99999,0.85797,1.06953,1.18733,0.67443,0.87176,1.24769,0.74927,1.27908,0.87637,1.195,0.72431,0.68507,1.19454,1.23228,1.04778,1.02506,1.01606,0.66486,0.94221,1.30179,1.3051,1.06899,1.08238,1.06437
10.74,0.47579,1.30085,1.27667,1.36278,0.64543,1.00003,1.35786,0.89176,1.00004,1.00002,1.21021,0.96562,0.79254,1.23032,1.16035,0.58737,1.22016,0.75848,1.13507,0.89283,1.26955,1.27891,0.80944,0.85828,0.96566,0.98391,0.97493,1.2897,1.05345,0.67692,0.68397,0.96202,1.0804,1.0362,1.30466,0.53756,0.71071,0.20333,1.28287,0.99999,0.14031,1.13858,0.99997,0.99998,0.85614,1.07155,1.191,0.70019,0.86622,1.2522,0.72735,1.2678,0.88496,1.17568,0.72169,0.72053,1.17357,1.21906,1.06033,1.02839,1.01903,0.66519,0.96099,1.30225,1.3039,1.06583,0.94842,0.95099
10.76,0.49738,1.29901,1.27512,1.36056,0.69719,1.00003,1.35571,0.87525,1.00007,1.00003,1.21064,0.96503,0.78978,1.221,1.1619,0.58018,1.22746,0.81148,1.11918,0.92988,1.26895,1.25985,0.84928,0.88014,0.9595,0.98255,0.97203,1.28975,1.01635,0.64965,0.68597,0.96355,1.19477,1.10295,1.2996,0.54495,0.7148,0.22403,1.26481,0.99999,0.15747,1.15298,0.99994,0.99998,0.85558,1.07259,1.19257,0.72163,0.86427,1.25454,0.71093,1.24051,0.90284,1.13288,0.72319,0.76545,1.14777,1.20055,1.06956,1.03063,1.02117,0.66503,0.98899,1.31003,1.30329,1.06354,0.82428,0.84358
10.78,0.52814,1.29583,1.27272,1.35686,0.77114,1.00002,1.35212,0.86558,1.0001,1.00003,1.21122,0.96524,0.79082,1.2124,1.15985,0.58007,1.23253,0.89115,1.09335,0.98163,1.26687,1.23065,0.88929,0.90528,0.95536,0.98172,0.97023,1.28989,0.9789,0.59632,0.68625,0.96413,1.26135,1.16182,1.29194,0.55735,0.72097,0.25673,1.23203,0.99999,0.1851,1.16086,0.99991,0.99998,0.85483,1.07222,1.19198,0.74022,0.86684,1.25457,0.69902,1.1795,0.92884,1.0445,0.72832,0.81926,1.11756,1.17508,1.07552,1.03198,1.02248,0.66459,1.04903,1.32305,1.3032,1.06266,0.69111,0.7244
10.8,0.56719,1.29164,1.26978,1.35126,0.87122,1.00002,1.34666,0.86467,1.00014,1.00003,1.21324,0.96661,0.79607,1.20346,1.1537,0.5878,1.23596,0.9926,1.05725,1.06857,1.26358,1.18528,0.92584,0.9325,0.95332,0.98122,0.96938,1.28978,0.9438,0.52259,0.68579,0.96374,1.30206,1.21015,1.28133,0.5731,0.72833,0.30236,1.16646,0.99999,0.22478,1.16159,0.99988,0.99998,0.85219,1.0698,1.18898,0.75846,0.87439,1.25207,0.69069,1.01944,0.95999,0.94661,0.7362,0.87951,1.08522,1.14074,1.0784,1.03279,1.0231,0.66495,1.11062,1.33743,1.30335,1.06326,0.55955,0.60264
10.82,0.61277,1.28685,1.26667,1.34315,1.00235,1.00002,1.33862,0.8746,1.00017,1.00003,1.2179,0.96948,0.80614,1.19247,1.14282,0.60429,1.23817,1.12896,1.01286,1.12987,1.25948,1.11368,0.95453,0.96001,0.95331,0.98085,0.96927,1.28891,0.90524,0.43826,0.68599,0.9628,1.32791,1.24794,1.26749,0.59024,0.73587,0.36138,0.99882,0.99999,0.27858,1.15352,0.99985,0.99998,0.84591,1.06465,1.18306,0.77943,0.88704,1.24657,0.68523,0.88095,0.99185,0.88217,0.74566,0.94172,1.05585,1.09575,1.07842,1.0334,1.02318,0.66767,1.15969,1.35024,1.30328,1.06467,0.43847,0.48701
10.84,0.66268,1.28189,1.26365,1.33149,1.16989,1.00001,1.32666,0.89745,1.00021,1.00004,1.22597,0.97404,0.82178,1.17729,1.12636,0.63052,1.23935,1.18599,0.98439,1.16295,1.25495,0.99893,0.97149,0.98597,0.95519,0.98047,0.96974,1.28672,0.86507,0.35391,0.68823,0.96242,1.34482,1.27651,1.25021,0.60718,0.74294,0.43435,0.86706,0.99999,0.34974,1.13331,0.99982,0.99997,0.83442,1.05619,1.1734,0.80614,0.90471,1.23737,0.68227,0.7975,1.03555,0.83769,0.75565,1.00164,1.03651,1.03907,1.07577,1.03401,1.02284,0.6744,1.19777,1.36035,1.3026,1.06524,0.33351,0.384
10.86,0.71468,1.27697,1.26076,1.31422,1.23751,1.00001,1.30807,0.93518,1.00024,1.00004,1.23745,0.98018,0.84378,1.15519,1.10303,0.66733,1.23951,1.20956,0.96901,1.17829,1.25032,0.9367,0.9747,1.01659,0.95877,0.98012,0.97074,1.28263,0.82472,0.27799,0.6936,0.96449,1.35607,1.29755,1.22927,0.62317,0.74953,0.52254,0.76023,0.99999,0.44356,1.09386,0.99979,0.99997,0.81658,1.04418,1.15878,0.84091,0.92711,1.22347,0.68186,0.75356,1.06552,0.81398,0.76543,1.08128,1.03266,0.98691,1.07063,1.03459,1.02211,0.6865,1.22719,1.36779,1.30092,1.06212,0.24724,0.29742
10.88,0.7664,1.272,1.25769,1.28695,1.27357,1.00001,1.27662,0.98928,1.00028,1.00005,1.25149,0.98744,0.87279,1.12254,1.07128,0.71486,1.23846,1.21529,0.9607,1.1812,1.24578,0.89167,0.96462,1.04647,0.96377,0.97999,0.97237,1.27598,0.78545,0.216,0.70281,0.97182,1.36356,1.31255,1.20466,0.63856,0.7563,0.6283,0.67329,1,0.56806,1.01854,0.99976,0.99997,0.79192,1.02905,1.13738,0.885,0.95349,1.20352,0.6845,0.74179,1.07999,0.80921,0.77459,1.12461,1.04454,0.96103,1.06321,1.03479,1.02092,0.70502,1.24995,1.37297,1.29795,1.05069,0.1803,0.22906
10.9,0.81519,1.26654,1.25384,1.23865,1.29571,1.00001,1.21533,1.08974,1.00031,1.00005,1.26675,0.99493,0.90919,1.07433,1.02975,0.77192,1.23577,1.20885,0.95868,1.17448,1.24145,0.85771,0.94394,1.06378,0.96982,0.98045,0.9748,1.26591,0.74855,0.17087,0.71627,0.98805,1.36838,1.32266,1.17699,0.65467,0.76451,0.7549,0.60213,1,0.73402,0.9499,0.99973,0.99997,0.76082,1.01219,1.10642,0.93798,0.98238,1.176,0.69115,0.755,1.08336,0.82007,0.78297,1.15175,1.06716,0.94448,1.05386,1.03405,1.01913,0.73065,1.2675,1.37633,1.29338,1.02292,0.13227,0.17945
10.92,0.85836,1.25977,1.24828,1.13232,1.31044,1,1.05633,1.16026,1.00032,1.00005,1.28182,1.00315,0.95294,1.00313,0.98967,0.83562,1.23085,1.19263,0.96155,1.15979,1.23732,0.82934,0.91677,1.07086,0.9765,0.9819,0.97825,1.25107,0.71515,0.14367,0.73414,1.03128,1.3712,1.32873,1.14783,0.67357,0.77582,0.90666,0.5439,1,0.95487,0.88964,0.99972,0.99996,0.72454,0.99804,1.06143,0.99775,1.02186,1.13949,0.703,0.7858,1.07857,0.84231,0.79068,1.17157,1.09373,0.93734,1.04303,1.03169,1.01658,0.76387,1.28094,1.37821,1.28685,0.98312,0.10214,0.1482
10.94,0.89395,1.25053,1.23982,0.92235,1.32063,1,0.86838,1.20619,1.00033,1.00005,1.29558,1.01248,1.00689,0.96033,0.96681,0.90189,1.22292,1.16816,0.96779,1.1384,1.23324,0.80239,0.8877,1.06879,0.98343,0.98465,0.98288,1.22908,0.68593,0.13451,0.75652,1.09211,1.37241,1.33132,1.11953,0.69759,0.79191,1.11802,0.49691,1,1.20396,0.83255,0.99971,0.99996,0.68516,0.99209,0.9974,1.09023,1.06362,1.09288,0.72123,0.82664,1.06771,0.87149,0.79799,1.18839,1.11886,0.93946,1.03119,1.02715,1.01312,0.8052,1.2912,1.37882,1.27783,0.9423,0.08874,0.13446
10.96,0.92151,1.23723,1.22685,0.79119,1.32766,1,0.75605,1.23735,1.00031,1.00005,1.30735,1.01712,1.08858,0.92529,0.94889,0.96606,1.21104,1.13777,0.97591,1.11175,1.22897,0.77448,0.86119,1.05788,0.99031,0.98881,0.9887,1.19536,0.66111,0.1438,0.78347,1.14625,1.37216,1.33069,1.09431,0.72903,0.81428,1.22275,0.46059,1,1.27208,0.78057,0.99973,0.99997,0.64543,0.98905,0.95898,1.14421,1.09119,1.03618,0.7467,0.86977,1.05261,0.90333,0.80538,1.20408,1.13927,0.95026,1.01875,1.02009,1.00872,0.85516,1.29899,1.3782,1.26548,0.89313,0.09155,0.13785
10.98,0.94225,1.21753,1.20701,0.69548,1.33213,1,0.67996,1.25914,1.00028,1.00004,1.31673,1.01719,1.14009,0.89772,0.93689,1.04086,1.19412,1.1067,0.98446,1.08249,1.22413,0.74511,0.84176,1.03816,0.99692,0.99422,0.9955,1.1405,0.64076,0.17315,0.81475,1.18864,1.37035,1.32663,1.07302,0.76985,0.84402,1.26681,0.43558,1,1.3,0.73475,0.99975,0.99997,0.6087,0.989,0.92435,1.17643,1.10762,0.98713,0.77964,0.90702,1.03538,0.93363,0.81343,1.21895,1.15294,0.96855,1.00612,1.0106,1.0035,0.9138,1.30484,1.37617,1.24862,0.84147,0.11141,0.15914
11,0.95869,1.18761,1.17638,0.62626,1.33415,1,0.63122,1.27456,1.00024,1.00004,1.32354,1.01314,1.17237,0.87881,0.93172,1.09776,1.17095,1.08474,0.99194,1.05546,1.21828,0.71527,0.83414,1.00982,1.00595,1.00087,1.0055,1.04253,0.62508,0.22603,0.84963,1.21875,1.36653,1.31836,1.05449,0.82148,0.88164,1.28999,0.42375,1,1.31364,0.69588,0.99979,0.99997,0.5786,0.99166,0.89611,1.19484,1.11425,0.96405,0.81936,0.93003,1.01907,0.95808,0.82273,1.23259,1.15803,0.99236,0.99696,0.99959,0.99891,0.98005,1.30905,1.37218,1.22562,0.79425,0.15124,0.20093
11.02,0.97369,1.14042,1.1277,0.5791,1.33343,1,0.6055,1.28542,1.00019,1.00003,1.32774,1.00565,1.19091,0.86979,0.93424,1.12389,1.14017,1.08318,0.99689,1.03763,1.21096,0.68666,0.84316,0.98771,1.01604,1.01319,1.01889,0.94397,0.61444,0.309,0.887,1.23815,1.35952,1.30399,1.03613,0.8847,0.92699,1.30296,0.428,1,1.31986,0.66447,0.99983,0.99998,0.55838,0.99647,0.87671,1.20277,1.11104,0.95064,0.86433,0.93157,1.00756,0.97266,0.83374,1.24447,1.15199,1.0346,0.99163,0.99364,0.99613,1.07971,1.31177,1.36491,1.19408,0.75737,0.21753,0.26882
11.04,0.98923,1.06061,1.04547,0.55193,1.3292,1,0.60126,1.2929,1.00013,1.00003,1.32932,0.99778,1.19851,0.87188,0.94508,1.13156,1.09998,1.10611,0.99812,1.0354,1.20187,0.66079,0.87344,0.97098,1.024,1.02404,1.03018,0.87695,0.60948,0.43547,0.92597,1.2488,1.3461,1.27889,1.01544,0.95959,0.97921,1.30962,0.45215,1,1.32083,0.6405,0.99988,0.99998,0.5504,1.00542,0.86792,1.20097,1.09657,0.94628,0.9128,0.90768,1.0046,0.9744,0.84653,1.25433,1.13011,1.07387,0.98725,0.98812,0.99365,1.14633,1.313,1.35061,1.14975,0.73438,0.32444,0.37468
11.06,1.01043,0.96374,0.9585,0.54444,1.3197,1,0.61929,1.29783,1.00007,1.00002,1.32818,0.99216,1.19624,0.88629,0.96436,1.12537,1.04762,1.1458,0.99489,1.05061,1.19111,0.63859,0.92941,0.95561,1.02996,1.03295,1.03906,0.82133,0.61115,0.63539,0.96635,1.2522,1.3148,1.22997,0.99605,1.07143,1.05996,1.31136,0.50145,1,1.3166,0.62347,0.99993,0.99999,0.55616,1.01856,0.87061,1.18786,1.06763,0.94981,0.96321,0.85908,1.01229,0.96216,0.86057,1.2622,1.08177,1.10382,0.98388,0.98338,0.99159,1.187,1.31259,1.31377,1.08343,0.72655,0.50472,0.54459
11.08,1.03537,0.90176,0.90146,0.55855,1.30067,1,0.66301,1.30083,1.00001,1.00001,1.32393,0.98667,1.1834,0.9143,0.99148,1.10717,0.99008,1.18962,0.98695,1.07905,1.17954,0.62069,1.02771,0.94167,1.03406,1.03977,1.04557,0.77467,0.62084,0.98458,1.01659,1.24911,1.1802,1.10424,0.9858,1.15288,1.12185,1.30805,0.58365,1,1.30505,0.61263,0.99999,0.99999,0.57677,1.0307,0.88489,1.15794,1.01819,0.95947,1.02616,0.79117,1.03008,0.93692,0.87443,1.26818,0.98981,1.12709,0.9815,0.97961,0.99002,1.21428,1.31014,1.04065,0.98692,0.73368,0.84542,0.84124
11.1,1.0471,0.85362,0.85854,0.5994,1.25963,1,0.73977,1.3023,0.99998,1,1.31565,0.98197,1.15711,0.95735,1.04355,1.07839,0.95777,1.22872,0.97465,1.11333,1.1693,0.60764,1.15073,0.92877,1.0364,1.04455,1.04982,0.73469,0.64055,1.28097,1.08255,1.23951,0.68376,0.88015,0.98054,1.19583,1.1578,1.29761,0.71042,1,1.27891,0.60716,1.00009,1,0.61321,1.04056,0.91024,1.09555,0.97339,0.97273,1.09355,0.7123,1.05503,0.90156,0.88579,1.27235,0.92151,1.14595,0.98012,0.9769,0.98896,1.23399,1.3049,0.54763,0.92506,0.75455,1.2754,1.25094
11.12,1.03924,0.82169,0.83268,0.67741,1.1403,1,0.86383,1.30252,0.99994,1,1.30132,0.97869,1.11031,1.03143,1.09172,1.042,0.93074,1.2598,0.95886,1.1469,1.16348,0.59998,1.21561,0.91637,1.0371,1.04738,1.05201,0.69961,0.67297,1.33075,1.13002,1.22261,0.43883,0.73683,0.9841,1.21824,1.17626,1.27342,0.90005,1,1.20773,0.60632,1.0002,1,0.66658,1.04717,0.94565,0.97614,0.937,0.98673,1.13534,0.63157,1.08306,0.86032,0.89189,1.27473,0.85614,1.16208,0.97971,0.97526,0.98841,1.24905,1.29537,0.32057,0.86754,0.78736,1.33513,1.32296
11.14,1.00042,0.80721,0.82559,0.81266,0.85683,1,1.09314,1.30166,0.99991,1,1.27641,0.9773,1.0258,1.12417,1.12805,1.0034,0.90905,1.28285,0.94103,1.17574,1.16476,0.59809,1.25313,0.90401,1.03624,1.04842,1.05234,0.66844,0.72143,1.35081,1.16598,1.19651,0.29973,0.63076,0.99984,1.22719,1.18096,1.21011,1.17802,1,0.91878,0.60954,1.00031,1.00001,0.73828,1.04992,0.98982,0.88298,0.90298,0.99902,1.16236,0.55705,1.11033,0.81808,0.89057,1.27531,0.79827,1.1765,0.98022,0.97466,0.98833,1.26101,1.27857,0.18923,0.81367,0.83012,1.35487,1.34687
11.16,0.96146,0.81023,0.83762,1.07284,0.68305,1,1.24248,1.29979,0.99988,0.99999,1.22919,0.97798,0.94855,1.18528,1.15528,0.98593,0.89281,1.29889,0.92318,1.19796,1.17359,0.60216,1.27636,0.89156,1.03397,1.04785,1.05103,0.64103,0.78981,1.36141,1.19376,1.15753,0.21441,0.55266,1.05121,1.22538,1.17289,0.95628,1.27009,1,0.66994,0.61645,1.00041,1.00002,0.8296,1.04857,1.06641,0.79239,0.87248,1.01561,1.17972,0.49528,1.13391,0.78004,0.88113,1.27406,0.74962,1.1896,0.98155,0.975,0.98866,1.27056,1.24765,0.10568,0.76391,0.88074,1.36427,1.35836
11.18,0.91004,0.82979,0.86773,1.25395,0.56889,1,1.29736,1.29688,0.99986,0.99999,1.12109,0.98066,0.88914,1.22654,1.17591,0.97611,0.88239,1.30881,0.90792,1.21263,1.18786,0.61216,1.29141,0.8793,1.03053,1.04591,1.04832,0.6182,0.88202,1.36764,1.21494,1.09955,0.16103,0.49683,1.1052,1.21292,1.15071,0.72086,1.30443,1,0.49014,0.62684,1.0005,1.00003,0.93965,1.04321,1.1241,0.70904,0.84573,1.02599,1.18979,0.45199,1.15165,0.75173,0.86458,1.27092,0.71032,1.20131,0.98355,0.97612,0.98934,1.27792,1.18299,0.05075,0.71985,0.93639,1.36938,1.3647
11.2,0.85274,0.86396,0.91312,1.30788,0.49959,1,1.32448,1.29285,0.99984,0.99999,0.92355,0.98501,0.83928,1.25477,1.19182,0.97022,0.87847,1.31284,0.89838,1.21868,1.20421,0.62785,1.30133,0.86795,1.02623,1.04289,1.04455,0.60159,1.00138,1.37133,1.23027,1.01391,0.12965,0.46031,1.15192,1.18765,1.1107,0.55029,1.32008,1,0.36173,0.64064,1.00054,1.00003,1.09117,1.03423,1.16187,0.63641,0.82249,1.03201,1.19338,0.43316,1.16178,0.73919,0.84333,1.26582,0.67995,1.21123,0.986,0.97785,0.99027,1.28297,0.9991,0.01589,0.68392,0.99278,1.37215,1.36823
11.22,0.79614,0.91002,0.96911,1.33214,0.46772,1,1.33979,1.28754,0.99985,0.99999,0.81212,0.99051,0.80137,1.27416,1.20435,0.96532,0.88198,1.31012,0.89751,1.21423,1.21981,0.64893,1.30774,0.8584,1.02148,1.03917,1.04006,0.59312,1.15874,1.37326,1.24021,0.95878,0.11575,0.44181,1.18839,1.14406,1.04608,0.43059,1.32633,1,0.27106,0.65788,1.00054,1.00003,1.17729,1.02229,1.18589,0.57642,0.8023,1.03692,1.19017,0.44597,1.16267,0.74847,0.82034,1.2586,0.65799,1.21896,0.98866,0.97995,0.99135,1.28545,0.84808,0,0.65851,1.0706,1.37333,1.36987
11.24,0.74456,0.96525,1.05107,1.34504,0.47014,1,1.34905,1.28063,0.99987,0.99999,0.74615,0.99656,0.77617,1.28744,1.21448,0.95846,0.89373,1.29758,0.9072,1.19522,1.23313,0.67524,1.31155,0.85148,1.01671,1.03509,1.03527,0.59436,1.22408,1.37374,1.24518,0.92482,0.11745,0.44074,1.21557,1.06891,0.97632,0.34832,1.32588,1,0.20775,0.67879,1.00047,1.00003,1.2132,1.00834,1.20006,0.52922,0.78458,1.04364,1.17879,0.50068,1.15243,0.78503,0.79819,1.24892,0.64395,1.22425,0.99127,0.9822,0.99248,1.28509,0.73425,0,0.64512,1.11459,1.37319,1.36996
11.26,0.69983,1.04762,1.11832,1.35248,0.50685,1,1.35484,1.27161,0.9999,0.99999,0.7161,1.00503,0.7629,1.29647,1.22291,0.94737,0.91424,1.26546,0.92762,1.15208,1.24372,0.70684,1.31325,0.84775,1.01234,1.03107,1.03062,0.60619,1.25811,1.37287,1.2455,0.90433,0.13453,0.45672,1.23559,0.96919,0.93423,0.29278,1.31858,1,0.16432,0.70381,1.00033,1.00002,1.22706,0.99687,1.20702,0.49378,0.76878,1.05412,1.15633,0.61462,1.12835,0.85324,0.77862,1.2362,0.63744,1.227,0.99361,0.98439,0.99355,1.28159,0.6503,0.00089,0.64424,1.13674,1.37173,1.36856
11.28,0.66234,1.12343,1.15678,1.35689,0.57978,1,1.3584,1.25972,0.99996,1,0.71468,1.01495,0.75956,1.3024,1.23008,0.93078,0.94343,1.17373,0.95659,1.0596,1.25157,0.74387,1.31304,0.84754,1.0088,1.02754,1.02659,0.62879,1.27771,1.37047,1.24135,0.89528,0.16773,0.48913,1.25034,0.90341,0.90167,0.25647,1.30167,1,0.13593,0.7334,1.00015,1,1.22768,0.99048,1.20872,0.4688,0.75449,1.06901,1.11701,0.81787,1.08676,0.95453,0.76282,1.21955,0.63826,1.22716,0.99548,0.98627,0.99445,1.27457,0.59016,0.02418,0.65549,1.14567,1.36877,1.36548
11.3,0.63189,1.17118,1.17891,1.35941,0.6898,1,1.36036,1.24384,1.00003,1.00002,0.73566,1.02176,0.76323,1.30595,1.23626,0.90844,0.98047,0.90602,0.98916,0.9448,1.25679,0.78624,1.31089,0.85105,1.00656,1.02501,1.02377,0.66149,1.2892,1.36614,1.23271,0.895,0.21805,0.53646,1.26116,0.84565,0.87885,0.23443,1.26761,1,0.11975,0.76789,0.99997,0.99999,1.21819,0.98594,1.20685,0.45319,0.7415,1.08768,1.04873,1.16393,1.02529,1.11162,0.75164,1.19767,0.64645,1.22457,0.99665,0.9876,0.99508,1.26351,0.54962,0.06437,0.67784,1.14593,1.3639,1.36033
11.32,0.60815,1.20374,1.1905,1.36063,0.83195,1,1.361,1.22228,1.00015,1.00003,0.77301,1.02462,0.77057,1.30749,1.2416,0.88091,1.042,0.74139,1.03288,0.87525,1.25945,0.8339,1.30652,0.85839,1.00605,1.02397,1.02273,0.7029,1.29538,1.35903,1.2194,0.90053,0.28593,0.59573,1.26897,0.79502,0.86537,0.22344,1.19606,1,0.11439,0.80739,0.99987,0.99998,1.19957,0.984,1.20303,0.44622,0.72975,1.10876,0.96795,1.27514,0.97825,1.1922,0.74572,1.16854,0.66233,1.21897,0.99691,0.98815,0.9953,1.24772,0.52588,0.12547,0.70978,1.14055,1.35651,1.35248
11.34,0.59077,1.22748,1.19441,1.36084,0.99126,1,1.36041,1.19222,1.00024,1.00004,0.821,1.02299,0.7787,1.3072,1.24623,0.84917,1.10199,0.65521,1.0604,0.83339,1.25956,0.88746,1.29935,0.86966,1.00766,1.02474,1.02388,0.75134,1.29767,1.34733,1.20095,0.90909,0.37078,0.66283,1.27438,0.75002,0.86055,0.22144,1.01686,1,0.11935,0.85197,0.99979,0.99997,1.17176,0.98511,1.19869,0.44754,0.7191,1.13076,0.91061,1.30463,0.95748,1.22453,0.74548,1.1282,0.68634,1.20979,0.99608,0.98775,0.99505,1.22614,0.51673,0.21436,0.7496,1.13185,1.3456,1.34091
11.36,0.5795,1.24593,1.19211,1.36023,1.15735,1,1.35854,1.14858,1.00031,1.00005,0.87451,1.01677,0.78591,1.30507,1.25034,0.81449,1.14484,0.63031,1.06505,0.82025,1.25707,0.94886,1.28835,0.88487,1.01159,1.02736,1.02735,0.80507,1.29687,1.32682,1.17666,0.91844,0.47071,0.73321,1.27775,0.70888,0.86341,0.22704,0.8818,1,0.13478,0.90149,0.99973,0.99996,1.13408,0.98928,1.19473,0.45711,0.70932,1.15238,0.858,1.31137,0.95371,1.23307,0.75103,1.0678,0.71893,1.19612,0.99401,0.98637,0.99428,1.19711,0.51997,0.34295,0.79549,1.1218,1.32958,1.32401
11.38,0.57434,1.26109,1.18439,1.35887,1.21055,1,1.35525,1.08204,1.00034,1.00006,0.92898,1.00635,0.79188,1.30094,1.25408,0.7785,1.17628,0.65886,1.04874,0.83464,1.25186,1.03839,1.27182,0.9039,1.01787,1.03157,1.03289,0.86198,1.29359,1.28545,1.1459,0.92689,0.58188,0.80239,1.27926,0.66999,0.87262,0.23923,0.80948,1,0.16114,0.95512,0.9997,0.99996,1.08579,0.99603,1.19138,0.47512,0.70009,1.17254,0.8107,1.30358,0.9666,1.22369,0.76222,0.9839,0.76015,1.17662,0.99064,0.98412,0.99303,1.15833,0.5329,0.53131,0.84504,1.11219,1.30583,1.29914
11.4,0.57563,1.27409,1.17193,1.35682,1.23353,1,1.35027,0.98831,1.00035,1.00006,0.98036,0.9965,0.79758,1.29445,1.25759,0.74315,1.19984,0.74062,1.01017,0.87415,1.24375,1.13527,1.24699,0.92629,1.02631,1.03685,1.03998,0.91898,1.28861,1.17249,1.10899,0.93328,0.69809,0.86629,1.27889,0.63219,0.88642,0.25706,0.76821,1,0.19888,1.02016,0.9997,0.99996,1.02706,1.00849,1.18811,0.50199,0.69115,1.19041,0.76891,1.27546,0.99359,1.19317,0.77856,0.92592,0.80923,1.14932,0.98596,0.98123,0.99137,1.10741,0.5518,0.81122,0.89466,1.10457,1.27017,1.26207
11.42,0.58395,1.28548,1.1558,1.35413,1.24676,1.00001,1.34326,0.93463,1.00033,1.00005,1.0442,0.98965,0.80476,1.28501,1.26087,0.71045,1.21768,0.88129,0.97644,0.93525,1.23246,1.19515,1.20885,0.95136,1.03655,1.0426,1.048,0.97216,1.28296,0.87813,1.06849,0.93691,0.81127,0.92182,1.27643,0.59502,0.90261,0.27948,0.74061,1,0.24814,1.0945,0.99971,0.99996,0.98215,1.02421,1.18388,0.5383,0.68252,1.20547,0.73272,1.18892,1.05159,1.12554,0.79936,0.86822,0.86462,1.11127,0.98003,0.97802,0.98942,1.04317,0.57217,1.19722,0.93976,1.10009,1.21585,1.20599
11.44,0.59997,1.29548,1.13784,1.35085,1.25746,1.00001,1.33374,0.89251,1.0003,1.00005,1.09086,0.98354,0.8153,1.27161,1.26377,0.68219,1.23121,1.11958,0.94748,1.02422,1.21748,1.23495,1.14677,0.97841,1.04819,1.04829,1.0564,1.03214,1.27782,0.7213,1.02958,0.93761,0.91303,0.96722,1.27155,0.55871,0.91869,0.3055,0.71577,1,0.30879,1.1379,0.99973,0.99997,0.95854,1.03732,1.17747,0.58485,0.67468,1.21748,0.70215,0.89231,1.10094,0.9829,0.82396,0.81225,0.92459,1.0574,0.97295,0.97474,0.98728,0.98529,0.58978,1.28748,0.97605,1.09922,1.13263,1.1202
11.46,0.62425,1.30408,1.12124,1.34703,1.26743,1.00001,1.32099,0.86056,1.00026,1.00003,1.11657,0.97862,0.83067,1.25267,1.26593,0.65988,1.24132,1.23834,0.92267,1.12713,1.19793,1.26199,1.03265,1.01299,1.06079,1.0536,1.0648,1.08122,1.27412,0.63465,0.99938,0.93565,0.99675,1.0041,1.26373,0.52424,0.93203,0.33409,0.69027,1,0.38036,1.16481,0.99977,0.99998,0.94269,1.0473,1.16765,0.64239,0.66873,1.22638,0.67726,0.68933,1.13454,0.88551,0.8518,0.76086,0.98785,0.98983,0.96483,0.9716,0.98505,0.958,0.60194,1.31396,1.00188,1.10166,1.00683,0.99472
11.48,0.65693,1.31115,1.11076,1.34276,1.27557,1.00001,1.30413,0.83666,1.00022,1.00001,1.12995,0.97497,0.85169,1.2258,1.26673,0.64516,1.24849,1.28055,0.90528,1.1792,1.17256,1.27983,0.92921,1.05903,1.07381,1.05834,1.07292,1.10684,1.27215,0.58977,0.99076,0.93181,1.08812,1.04677,1.25233,0.49336,0.93978,0.36405,0.66753,1,0.46127,1.18232,0.99981,0.99999,0.93343,1.05443,1.15319,0.71076,0.66647,1.23199,0.65843,0.56518,1.15451,0.81249,0.88226,0.71813,1.08197,0.94915,0.95589,0.96873,0.98279,0.94073,0.60828,1.32448,1.02654,1.10635,0.94235,0.93556
11.5,0.69745,1.31649,1.11172,1.33823,1.27949,1.00001,1.28253,0.81843,1.00016,0.99999,1.1351,0.97233,0.8785,1.18797,1.26533,0.63998,1.25287,1.29767,0.8981,1.20478,1.13984,1.29021,0.85625,1.09314,1.08665,1.06239,1.08052,1.11935,1.2714,0.57236,0.9881,0.92723,1.12681,1.06934,1.23658,0.46832,0.93909,0.39371,0.65586,0.99999,0.54733,1.19443,0.99986,1.00003,0.92967,1.05941,1.13284,0.78762,0.6704,1.23391,0.64641,0.50031,1.16206,0.76723,0.91439,0.68892,1.14284,0.91333,0.94649,0.96622,0.98057,0.93134,0.61065,1.32812,1.03359,1.11179,0.90785,0.90075
11.52,0.74451,1.31995,1.12683,1.33378,1.27624,1.00001,1.25674,0.80357,1.00011,0.99997,1.13387,0.97028,0.91056,1.13598,1.26054,0.64653,1.25441,1.30096,0.90334,1.21248,1.09797,1.29379,0.79627,1.11807,1.09866,1.06564,1.08731,1.12389,1.27092,0.57444,0.98892,0.9232,1.14316,1.08056,1.2156,0.45121,0.92768,0.421,0.66556,0.99999,0.63074,1.20359,0.99991,1.00009,0.93057,1.0632,1.10515,0.86779,0.6834,1.23148,0.64209,0.48659,1.1566,0.75203,0.94698,0.67795,1.18131,0.88331,0.93711,0.96417,0.97851,0.92776,0.61217,1.3277,1.03143,1.11646,0.89085,0.8824
11.54,0.79647,1.32151,1.15355,1.32978,1.26087,1.00001,1.22992,0.79037,1.00004,0.99994,1.12656,0.96834,0.94685,1.06769,1.25077,0.66678,1.25303,1.29133,0.92228,1.20395,1.04475,1.29016,0.74777,1.13573,1.10926,1.06794,1.09299,1.12332,1.26973,0.59145,0.99096,0.92076,1.1479,1.08467,1.1882,0.44327,0.90473,0.44404,0.70733,0.99999,0.70113,1.21125,0.99996,1.00016,0.93585,1.06672,1.06831,0.94438,0.70825,1.22368,0.64597,0.52554,1.13501,0.76882,0.9789,0.68905,1.207,0.85966,0.92832,0.9627,0.97672,0.92822,0.6159,1.32412,1.02599,1.11922,0.88561,0.87552
11.56,0.8516,1.32124,1.18546,1.32656,1.22007,1.00001,1.20827,0.7779,0.99999,0.99991,1.1117,0.96607,0.98584,0.99233,1.23355,0.70214,1.24873,1.26037,0.95469,1.17506,0.98928,1.27712,0.71065,1.14752,1.11789,1.06909,1.09718,1.1194,1.26712,0.62097,0.99251,0.92056,1.14557,1.08401,1.15274,0.44466,0.87137,0.46166,0.79331,0.99999,0.74878,1.21811,1.00005,1.00025,0.94588,1.07076,1.02022,1.02084,0.74728,1.20909,0.6578,0.62989,1.08981,0.81917,1.01759,0.72518,1.22411,0.84263,0.92077,0.96196,0.97536,0.9313,0.62392,1.31736,1.02176,1.11944,0.88821,0.87663
11.58,0.90782,1.31929,1.21633,1.32427,1.09627,1.00001,1.19832,0.76614,0.99994,0.99988,1.08516,0.96311,1.04374,0.95831,1.20459,0.7529,1.24171,1.16722,0.9979,1.11223,0.95856,1.24844,0.68632,1.1543,1.12391,1.06874,1.09935,1.1133,1.26269,0.66205,0.99253,0.92279,1.13852,1.08008,1.10725,0.45454,0.83067,0.47371,0.93948,0.99999,0.76846,1.22427,1.0002,1.00035,0.96175,1.07591,0.98198,1.09386,0.80189,1.18566,0.67628,0.82809,1.00512,0.9028,1.0616,0.78833,1.23431,0.83234,0.91527,0.96219,0.97464,0.93597,0.63714,1.3066,1.02171,1.11692,0.89585,0.88321
11.6,0.96225,1.31593,1.24256,1.32287,0.86661,1.00001,1.20203,0.75589,0.99989,0.99984,1.03709,0.9592,1.08972,0.93554,1.15575,0.81718,1.23261,0.89991,1.07241,0.99022,0.93316,1.18616,0.67771,1.15645,1.12654,1.06646,1.0988,1.10583,1.25631,0.71465,0.9906,0.92727,1.12813,1.07388,1.05026,0.47104,0.78684,0.48093,1.17026,1,0.76126,1.2294,1.00038,1.00046,0.98529,1.08249,0.95832,1.13019,0.8719,1.15079,0.69881,1.17054,0.94757,1.02484,1.09217,0.87854,1.23775,0.82899,0.91282,0.96365,0.97483,0.94145,0.65532,1.28988,1.02696,1.11175,0.90654,0.89341
11.62,1.02122,1.31157,1.2632,1.32216,0.71494,1.00001,1.21573,0.74846,0.99983,0.9998,0.97458,0.95421,1.1162,0.91979,1.06936,0.89024,1.22271,0.73442,1.11753,0.91561,0.91285,1.01904,0.68878,1.1539,1.12485,1.06176,1.09472,1.09762,1.24805,0.77923,0.98678,0.93353,1.11533,1.06619,0.99176,0.49147,0.74398,0.48455,1.2578,1,0.73315,1.23299,1.00058,1.00057,1.03447,1.09057,0.94174,1.15124,0.95496,1.10184,0.72171,1.27797,0.90461,1.15085,1.11363,0.99237,1.23331,0.83295,0.9144,0.96661,0.97616,0.94722,0.6775,1.26294,1.03701,1.10426,0.91885,0.90578
11.64,1.07945,1.30673,1.27882,1.32193,0.60911,1.00001,1.23388,0.74521,0.99976,0.99976,0.91793,0.94816,1.12773,0.90742,0.96064,0.96477,1.21378,0.64508,1.14001,0.86713,0.89743,0.8686,0.72391,1.14611,1.11798,1.05417,1.08633,1.0892,1.23801,0.85615,0.98136,0.941,1.10098,1.05763,0.96431,0.51294,0.70493,0.48569,1.29376,1,0.69159,1.23453,1.00083,1.00068,1.09658,1.09992,0.93367,1.16591,1.07355,1.03746,0.74101,1.30745,0.87908,1.19918,1.12842,1.14349,1.21822,0.84473,0.92069,0.97126,0.97881,0.95288,0.70256,1.2156,1.05045,1.09491,0.93167,0.91914
11.66,1.10989,1.30198,1.29043,1.32207,0.54156,1.00001,1.25242,0.74734,0.99968,0.99973,0.85215,0.94124,1.12611,0.89562,0.89466,1.05369,1.20776,0.6158,1.14511,0.84653,0.88671,0.76892,0.78757,1.13196,1.1051,1.04342,1.07297,1.08111,1.22616,0.94443,0.97476,0.94907,1.08607,1.04889,0.94621,0.53293,0.67115,0.48497,1.31098,1,0.64309,1.23352,1.00113,1.00076,1.15082,1.11003,0.93484,1.17861,1.15542,0.98252,0.75337,1.31502,0.87283,1.21529,1.13803,1.20701,1.18623,0.86489,0.93183,0.97755,0.98277,0.95807,0.72971,1.1184,1.06567,1.08426,0.94398,0.9324
11.68,1.12431,1.29785,1.29891,1.32259,0.50605,1,1.26924,0.75592,0.99957,0.99971,0.77999,0.93388,1.11081,0.88249,0.84549,1.11099,1.20613,0.63869,1.13475,0.85264,0.88064,0.70273,0.88344,1.10957,1.08564,1.02957,1.05436,1.07404,1.21236,1.06427,0.96749,0.95706,1.07197,1.04073,0.93646,0.54951,0.64332,0.48234,1.31875,1,0.59255,1.22938,1.00151,1.0008,1.19582,1.12018,0.94532,1.19146,1.19705,0.95753,0.75665,1.30917,0.88535,1.21073,1.14324,1.23793,1.12229,0.89396,0.94725,0.9852,0.98781,0.96243,0.75851,0.9467,1.08112,1.0731,0.95479,0.94444
11.7,1.12777,1.29477,1.30489,1.32359,0.4998,1,1.2836,0.77204,0.99943,0.99973,0.70517,0.9267,1.07839,0.86704,0.81313,1.13125,1.20938,0.71335,1.10822,0.88293,0.87936,0.66362,1.02202,1.0758,1.05962,1.01323,1.03087,1.06875,1.1963,1.14875,0.96019,0.96417,1.06055,1.03408,0.93399,0.56141,0.6218,0.47723,1.32004,1,0.54343,1.22121,1.00197,1.00077,1.23178,1.12951,0.96469,1.20508,1.2188,0.94645,0.7501,1.28597,0.9143,1.18524,1.14432,1.25329,0.99202,0.93224,0.9656,0.99362,0.99349,0.96558,0.78868,0.84787,1.09541,1.06261,0.96302,0.95402
11.72,1.12232,1.29297,1.3088,1.32521,0.52387,1,1.29548,0.79684,0.99927,0.99977,0.63148,0.92039,1.02012,0.8491,0.79764,1.12593,1.21687,0.84599,1.06239,0.93384,0.88311,0.64736,1.16943,1.0251,1.02801,0.99777,1.0038,1.06606,1.17756,1.1855,0.95352,0.9696,1.05376,1.02985,0.93785,0.56817,0.60682,0.46883,1.31495,1,0.49783,1.20755,1.00253,1.00064,1.25983,1.1373,0.99217,1.21918,1.22799,0.9495,0.73446,1.21785,0.95588,1.12749,1.14113,1.25915,0.90582,0.97987,0.98499,1.00414,0.99925,0.96716,0.82006,0.78888,1.10754,1.05421,0.96769,0.96
11.74,1.10829,1.29243,1.31091,1.32749,0.58399,1,1.30519,0.8316,0.99909,0.99987,0.56201,0.91539,0.96552,0.82915,0.79887,1.0925,1.22708,1.07707,0.99576,1.00176,0.89209,0.65133,1.22677,0.97687,0.99646,0.98946,0.98833,1.0665,1.15538,1.1978,0.94798,0.9728,1.0529,1.02864,0.94724,0.57018,0.59837,0.45668,1.30058,1,0.45656,1.18578,1.00315,1.00036,1.28145,1.14321,1.04654,1.23306,1.22728,0.9665,0.71179,0.93751,1.01023,0.99881,1.13327,1.25774,0.841,1.06094,1.00703,1.01898,1.009,0.9669,0.85275,0.76605,1.11697,1.0491,0.96827,0.96169
11.76,1.08449,1.29284,1.31145,1.33032,0.69265,1,1.31317,0.87761,0.99891,1.00008,0.49911,0.91177,0.91857,0.80817,0.81608,1.01216,1.2382,1.23027,0.95722,1.10752,0.9062,0.67393,1.25325,0.94,0.98067,0.98218,0.97673,1.07016,1.12857,1.19256,0.94388,0.97361,1.05792,1.03049,0.96152,0.56866,0.59617,0.441,1.26654,1,0.41963,1.15099,1.00378,0.99995,1.29797,1.14736,1.09756,1.24593,1.21696,0.99643,0.68515,0.70871,1.08574,0.90799,1.12015,1.24942,0.79805,1.12966,1.03598,1.03123,1.01771,0.96475,0.88702,0.77598,1.12362,1.04779,0.96484,0.9591
11.78,1.04814,1.29368,1.31058,1.33348,0.87322,1,1.31975,0.9357,0.99875,1.00059,0.4448,0.90923,0.87284,0.78775,0.84748,0.94034,1.24853,1.2802,0.92622,1.16368,0.92494,0.71361,1.26476,0.9045,0.96817,0.97583,0.96711,1.0766,1.0954,1.17029,0.94131,0.9723,1.06728,1.03477,0.98006,0.56551,0.59973,0.42279,1.16478,1,0.38676,1.09325,1.00432,0.99959,1.31037,1.1502,1.13734,1.25706,1.19559,1.06055,0.65832,0.56639,1.13012,0.83662,1.10115,1.23331,0.77547,1.17595,1.05645,1.04139,1.02474,0.96086,0.92309,0.81484,1.12764,1.04991,0.95822,0.95303
11.8,0.99709,1.2943,1.30841,1.33665,1.17101,1,1.32521,1.01092,0.99866,1.00131,0.40091,0.90718,0.83105,0.76999,0.88955,0.87705,1.25675,1.30097,0.90567,1.19266,0.94723,0.76789,1.26666,0.8721,0.95882,0.9701,0.95916,1.08498,1.05356,1.12791,0.94026,0.96953,1.07861,1.0404,1.00426,0.56319,0.60835,0.40363,0.86569,1,0.35777,0.99497,1.00463,0.99908,1.31935,1.15246,1.16739,1.26578,1.16035,1.11156,0.6354,0.48655,1.1541,0.78961,1.0758,1.20755,0.77148,1.2077,1.07055,1.05017,1.03045,0.95561,0.96089,0.8763,1.12926,1.05433,0.9498,0.94492
11.82,0.96502,1.29404,1.30505,1.33957,1.27513,1,1.32971,1.11486,0.9987,1.00226,0.36864,0.90493,0.79549,0.75716,0.93715,0.82512,1.26192,1.30769,0.89761,1.20334,0.97157,0.83255,1.26031,0.84438,0.95224,0.96462,0.95237,1.09433,0.99985,1.06117,0.94063,0.96612,1.08955,1.04616,1.04691,0.56417,0.62122,0.38519,0.66879,1,0.33251,0.93123,1.00451,0.99841,1.32544,1.15489,1.18932,1.2716,1.10727,1.146,0.62018,0.4571,1.16257,0.76998,1.04401,1.16944,0.78454,1.22943,1.07991,1.05824,1.03523,0.94946,1.00039,0.94961,1.1287,1.05963,0.94119,0.93647
11.84,0.93283,1.29233,1.30057,1.34207,1.31193,1,1.3334,1.17355,0.99893,1.00347,0.34823,0.90198,0.7677,0.75127,0.98471,0.78838,1.26347,1.30379,0.90288,1.19841,0.99642,0.90181,1.2444,0.82242,0.948,0.95913,0.94636,1.10385,0.96999,0.98656,0.94228,0.96286,1.09849,1.05106,1.08295,0.57053,0.6375,0.36873,0.53738,1,0.3108,0.87498,1.00372,0.99756,1.32909,1.15803,1.20454,1.27415,1.03165,1.16722,0.61551,0.47443,1.15708,0.77923,1.00602,1.11566,0.81366,1.244,1.08571,1.06603,1.03941,0.94287,1.06666,1.03585,1.12614,1.06458,0.9338,0.92915
11.86,0.90096,1.28874,1.29504,1.3441,1.32945,1,1.33642,1.2097,0.99944,1.00491,0.33916,0.89816,0.74867,0.75403,1.04802,0.76641,1.26089,1.287,0.92074,1.17627,1.03671,0.96865,1.21412,0.80669,0.94572,0.9536,0.94096,1.11296,0.94128,0.95467,0.94511,0.96032,1.10459,1.05449,1.11342,0.58358,0.65638,0.3549,0.45075,1,0.29239,0.82735,1.00196,0.99653,1.33067,1.162,1.21413,1.27296,0.97035,1.17885,0.62327,0.54193,1.13688,0.81723,0.98302,1.04388,0.85805,1.25327,1.08876,1.07357,1.04311,0.93622,1.11432,1.10155,1.12165,1.06835,0.92854,0.92396
11.88,0.86952,1.2829,1.28859,1.34565,1.3387,1,1.33884,1.23288,1.00064,1.00654,0.34052,0.89372,0.73919,0.76696,1.09402,0.75578,1.25346,1.2467,0.94823,1.1311,1.0687,1.04401,1.15722,0.7973,0.94511,0.94835,0.93633,1.12127,0.91265,0.94263,0.949,0.95886,1.10756,1.05614,1.13942,0.60381,0.67681,0.34401,0.39577,1,0.27716,0.7889,0.99944,0.99536,1.33043,1.16648,1.21868,1.26719,0.93504,1.18423,0.64475,0.66798,1.09982,0.88067,0.96561,0.98129,0.9163,1.2584,1.08957,1.08049,1.04626,0.92984,1.15139,1.1212,1.11528,1.0705,0.92592,0.92144
11.9,0.83858,1.27454,1.28153,1.34675,1.34338,1,1.34069,1.24758,1.00331,1.00826,0.35127,0.88932,0.74029,0.79172,1.12269,0.75091,1.23989,1.14743,0.97969,1.05393,1.09173,1.09286,1.03944,0.79427,0.94597,0.94397,0.9329,1.12844,0.88314,0.94982,0.9538,0.95866,1.10735,1.0559,1.16181,0.6308,0.69745,0.33616,0.36486,1,0.26519,0.76022,0.99709,0.99412,1.32856,1.17079,1.21816,1.25499,0.90843,1.18664,0.68089,0.85686,1.04518,0.95939,0.9512,0.95515,0.98508,1.26,1.08842,1.08609,1.04856,0.92408,1.18194,1.10974,1.10704,1.07079,0.9261,0.9218
11.92,0.80826,1.26343,1.27437,1.3474,1.34492,1,1.34198,1.25601,1.00703,1.00992,0.37035,0.88575,0.75313,0.83038,1.1427,0.74558,1.21771,0.94451,1.01448,0.97551,1.10784,1.10624,0.92356,0.79755,0.94818,0.94115,0.93124,1.13419,0.85205,0.97527,0.95939,0.95983,1.10399,1.05379,1.18123,0.66352,0.71673,0.33138,0.3542,1,0.25671,0.74193,0.99376,0.99292,1.32513,1.17419,1.21194,1.23225,0.88717,1.18924,0.73266,1.11381,0.99079,1.05743,0.94,0.94671,1.08739,1.25827,1.08547,1.0896,1.04967,0.91927,1.20807,1.06179,1.09691,1.06908,0.92906,0.92502
11.94,0.77874,1.24917,1.26771,1.34764,1.34372,1,1.34269,1.25926,1.01187,1.01128,0.39701,0.88371,0.77882,0.88562,1.15833,0.73526,1.18177,0.85342,1.04378,0.94409,1.1185,1.09107,0.85,0.80706,0.95158,0.94041,0.93175,1.13833,0.81904,1.03402,0.96573,0.96247,1.09746,1.04981,1.19812,0.70099,0.73337,0.32967,0.36255,1,0.25197,0.73448,0.98937,0.99192,1.32011,1.17609,1.19863,1.1885,0.86873,1.19417,0.8015,1.21231,0.97033,1.11269,0.932,0.95623,1.14727,1.25306,1.08082,1.09051,1.04933,0.91571,1.23079,0.97358,1.08467,1.06517,0.93467,0.93103
11.96,0.75028,1.23088,1.26201,1.34746,1.33945,1,1.34282,1.25774,1.01781,1.01203,0.43086,0.88357,0.81794,0.96091,1.17126,0.7189,1.12036,0.83344,1.04989,0.9383,1.12491,1.03744,0.80105,0.82256,0.95597,0.94191,0.93452,1.14073,0.78434,1.11141,0.97286,0.96673,1.0876,1.04397,1.21279,0.74288,0.74671,0.33099,0.39092,1,0.25115,0.73799,0.98388,0.99138,1.31332,1.17622,1.17583,1.08916,0.85207,1.2017,0.88948,1.22664,0.96572,1.12121,0.92695,0.98433,1.17854,1.24391,1.07465,1.08867,1.04747,0.9136,1.25053,0.8967,1.06984,1.05869,0.94276,0.9397
11.98,0.7235,1.20685,1.25744,1.34687,1.33091,1,1.34232,1.25128,1.02468,1.01172,0.47164,0.88538,0.86983,1.08919,1.18155,0.69934,1.00233,0.86646,1.03881,0.9531,1.12805,0.96082,0.77586,0.84347,0.961,0.94536,0.9392,1.14129,0.74881,1.17065,0.98086,0.97282,1.07426,1.03629,1.22536,0.78955,0.75683,0.33525,0.44258,1,0.25443,0.75237,0.97737,0.9916,1.30443,1.17454,1.13968,0.92295,0.83778,1.2103,0.99836,1.2019,0.97399,1.0985,0.9244,1.05365,1.19263,1.23007,1.06735,1.08433,1.04431,0.9131,1.26738,0.81426,1.05164,1.04908,0.95309,0.95086
12,0.69934,1.17382,1.25388,1.34588,1.31498,1,1.34117,1.23905,1.03215,1.00982,0.51879,0.88885,0.93154,1.17966,1.18836,0.68215,0.92164,0.92873,1.01802,0.97787,1.12883,0.8899,0.77464,0.8687,0.96619,0.95013,0.94506,1.13986,0.71395,1.2145,0.98986,0.98093,1.05735,1.02688,1.2358,0.84193,0.76442,0.34236,0.52373,1,0.26205,0.77732,0.97008,0.99299,1.29307,1.17124,1.08465,0.80213,0.82777,1.2175,1.14727,1.13634,0.98845,1.05254,0.92376,1.12613,1.19328,1.2106,1.05953,1.07818,1.04031,0.91437,1.28139,0.73201,1.02894,1.03553,0.96524,0.96416
12.02,0.67889,1.12518,1.25089,1.34449,1.28287,1,1.33929,1.2192,1.0397,1.00558,0.5713,0.89352,0.99741,1.2301,1.19058,0.67351,0.8556,0.98271,0.99983,0.99786,1.12819,0.81624,0.79931,0.89668,0.97098,0.95533,0.95115,1.13611,0.6814,1.24681,1.00004,0.99131,1.03698,1.01593,1.24403,0.90157,0.77059,0.35219,0.64545,1,0.27427,0.81248,0.9625,0.99605,1.27879,1.16667,1.00382,0.7007,0.82439,1.221,1.21252,1.04295,1.00042,1.00568,0.92428,1.17997,1.17956,1.18438,1.05203,1.07124,1.03608,0.91763,1.29268,0.65397,0.99997,1.0169,0.97862,0.97912
12.04,0.66303,1.0454,1.24792,1.34266,1.19813,1,1.33658,1.18786,1.04663,0.99904,0.62796,0.89883,1.08925,1.26095,1.18737,0.67816,0.80334,0.98692,0.99874,0.99953,1.12723,0.74528,0.85372,0.92561,0.9749,0.96014,0.9566,1.12939,0.65244,1.27081,1.02186,1.00817,1.01359,1.00377,1.25008,0.97078,0.77652,0.36471,0.82889,1,0.29141,0.85763,0.95534,1.00266,1.26103,1.16131,0.95859,0.61832,0.82925,1.21913,1.24702,1.03328,1.00308,1.00127,0.92507,1.21887,1.14465,1.15024,1.04567,1.06461,1.03226,0.92329,1.30154,0.58243,0.98257,0.99581,0.99254,0.99516
12.06,0.6523,0.95787,1.24442,1.34038,0.90027,1,1.33291,1.13665,1.05197,0.99329,0.68748,0.90419,1.13615,1.281,1.17826,0.69868,0.76386,0.92495,1.01689,0.9771,1.12724,0.67993,0.94389,0.95362,0.97767,0.96394,0.96078,1.11848,0.6279,1.28882,1.04422,1.03552,0.99432,0.99555,1.25401,1.08096,0.78332,0.37989,1.14008,1,0.31376,0.91272,0.94968,1.01803,1.23909,1.15569,0.92741,0.55281,0.84245,1.21058,1.26705,1.1413,0.9892,1.05416,0.92506,1.24711,1.06721,1.10736,1.04108,1.05922,1.0293,0.93201,1.30831,0.51858,0.9631,0.98064,1.01181,1.02161
12.08,0.64711,0.89297,1.23987,1.33761,0.6824,1,1.32818,1.04545,1.05449,0.98525,0.74827,0.90897,1.15917,1.29448,1.16353,0.73529,0.73562,0.81939,1.05011,0.93524,1.12973,0.62169,1.10728,0.97862,0.97916,0.96636,0.96333,1.10128,0.60849,1.30237,1.06724,1.06259,0.9834,0.98966,1.25587,1.16174,0.79182,0.39763,1.27032,1,0.34125,0.97732,0.94697,1.03782,1.21217,1.15049,0.90841,0.50186,0.86219,1.19415,1.27909,1.23572,0.96555,1.12555,0.92302,1.26785,0.9513,1.05691,1.03856,1.05571,1.02747,0.94468,1.31325,0.46329,0.94102,0.96363,1.0329,1.04701
12.1,0.64789,0.83208,1.23379,1.33435,0.53423,1,1.32236,0.94871,1.05249,0.97468,0.80793,0.91248,1.16722,1.30355,1.14503,0.78547,0.71717,0.70923,1.08408,0.88592,1.13612,0.57149,1.20918,0.99822,0.97942,0.96723,0.96418,1.07408,0.59497,1.31242,1.0908,1.08824,0.97544,0.98474,1.25559,1.21138,0.80264,0.41762,1.31265,1,0.37314,1.07743,0.94913,1.0612,1.17983,1.14656,0.90105,0.4638,0.88453,1.1688,1.28613,1.28745,0.93736,1.18242,0.91762,1.28315,0.86422,1.00536,1.03812,1.05443,1.02686,0.9624,1.31649,0.41743,0.91598,0.94529,1.04708,1.06594
12.12,0.6552,0.77615,1.22564,1.3306,0.43244,1,1.31557,0.88251,1.0434,0.96153,0.8634,0.9141,1.16351,1.30938,1.12696,0.84385,0.70724,0.6219,1.10998,0.84177,1.14715,0.52981,1.25844,1.0191,0.9786,0.96659,0.96344,1.02971,0.58819,1.31961,1.11445,1.1116,0.97155,0.98125,1.25296,1.24431,0.81625,0.43941,1.33267,1,0.40792,1.1468,0.9587,1.08684,1.1426,1.1447,0.90449,0.43755,0.90409,1.13423,1.28968,1.31351,0.91251,1.21873,0.90779,1.29438,0.78821,0.98486,1.03951,1.05537,1.02739,0.98648,1.31806,0.38166,0.8879,0.92631,1.05367,1.07824
12.14,0.66982,0.7258,1.21465,1.32638,0.3628,1,1.30807,0.82825,1.0229,0.94591,0.91195,0.91352,1.14832,1.3126,1.1151,0.90348,0.7047,0.56721,1.12474,0.81101,1.16233,0.49665,1.28553,1.0239,0.97693,0.9646,0.96134,0.97902,0.58888,1.32442,1.13761,1.1322,0.97246,0.97954,1.24753,1.26727,0.83315,0.46266,1.34368,1,0.44357,1.18803,0.97907,1.11318,1.1022,1.14537,0.91773,0.42237,0.91588,1.09163,1.29056,1.32594,0.89676,1.23871,0.89307,1.30251,0.72656,0.98088,1.04231,1.05827,1.02889,1.03326,1.3179,0.35617,0.85702,0.9074,1.05215,1.08395
12.16,0.69273,0.68131,1.19959,1.32161,0.31616,1,1.30028,0.78558,0.99166,0.92824,0.9523,0.91085,1.11967,1.31355,1.11375,0.95793,0.70844,0.54508,1.12835,0.79685,1.17995,0.47167,1.30154,1.01246,0.97468,0.96155,0.95824,0.93609,0.59754,1.32719,1.1596,1.14986,0.97831,0.97972,1.23852,1.28382,0.85395,0.48732,1.35012,1,0.4779,1.21393,1.02738,1.13871,1.06104,1.14839,0.93937,0.41776,0.91718,1.04415,1.28926,1.33035,0.89272,1.24679,0.87397,1.30822,0.67925,0.99025,1.04604,1.06263,1.0311,1.08887,1.31588,0.34089,0.82402,0.88926,1.04207,1.08335
12.18,0.72506,0.64301,1.1785,1.31617,0.2868,1.00001,1.2928,0.75386,0.96175,0.90929,0.98502,0.90673,1.07367,1.31234,1.1228,1.00569,0.71725,0.55223,1.12167,0.79895,1.19779,0.45457,1.31133,0.99271,0.97218,0.95788,0.95459,0.88898,0.61446,1.32807,1.17969,1.16444,0.98853,0.98164,1.22466,1.29594,0.8793,0.51357,1.35385,1,0.50854,1.23039,1.10254,1.16209,1.0209,1.15295,0.96723,0.42358,0.90832,0.99835,1.2861,1.32896,0.90014,1.24563,0.85199,1.31194,0.6448,1.02121,1.0501,1.06776,1.03368,1.13603,1.31176,0.33593,0.79013,0.87271,1.02323,1.0769
12.2,0.76801,0.61159,1.14811,1.30991,0.27142,1.00001,1.28646,0.73264,0.92208,0.89017,1.02299,0.90218,1.00557,1.30882,1.13798,1.06116,0.7297,0.5842,1.10605,0.81461,1.21387,0.44541,1.31724,0.97453,0.96981,0.95414,0.95094,0.83994,0.6397,1.327,1.19722,1.17576,1.00369,0.98491,1.20382,1.30469,0.90972,0.54164,1.35571,1,0.5329,1.24031,1.16805,1.18234,0.99118,1.15783,0.9979,0.44013,0.89242,0.9797,1.28141,1.32233,0.91649,1.23654,0.82944,1.31387,0.62144,1.06618,1.05389,1.07285,1.03623,1.17453,1.30513,0.34195,0.7571,0.85874,0.99802,1.06531
12.22,0.82287,0.5878,1.10251,1.30265,0.26851,1.00001,1.28219,0.72167,0.87326,0.87206,1.06104,0.89837,0.96542,1.30253,1.1542,1.09136,0.74423,0.63529,1.08371,0.83964,1.22696,0.44456,1.32053,0.95526,0.96794,0.95094,0.94787,0.79137,0.67325,1.32364,1.21175,1.18361,1.03021,0.98902,1.17216,1.31072,0.94557,0.57157,1.35606,0.99999,0.54853,1.24513,1.22031,1.19905,0.97429,1.16179,1.04666,0.46828,0.87378,0.96702,1.27559,1.31007,0.9377,1.22023,0.80877,1.31404,0.60751,1.10445,1.05682,1.07712,1.03836,1.20512,1.29528,0.36039,0.72686,0.8484,0.9828,1.04961
12.24,0.89123,0.57216,1.02942,1.29429,0.27801,1.00002,1.28072,0.72055,0.8172,0.8557,1.09077,0.89623,0.93833,1.29256,1.16824,1.10946,0.75937,0.69889,1.05784,0.86956,1.23669,0.45254,1.32186,0.93766,0.96687,0.94879,0.94588,0.74529,0.71537,1.31727,1.22312,1.18791,1.05229,0.99343,1.12186,1.31444,0.98705,0.60303,1.35492,0.99999,0.55381,1.24562,1.25987,1.21244,0.95859,1.16397,1.07756,0.50952,0.85609,0.95831,1.26908,1.29105,0.95952,1.19713,0.79182,1.31237,0.60164,1.1332,1.05847,1.07992,1.03974,1.22905,1.28086,0.39358,0.70113,0.84249,0.96868,1.03114
12.26,0.9748,0.56488,0.96084,1.28492,0.3013,1.00002,1.28221,0.7284,0.75693,0.84129,1.1151,0.89618,0.92335,1.27725,1.17889,1.1209,0.77389,0.76808,1.03235,0.90051,1.24321,0.46996,1.32162,0.92348,0.96675,0.94808,0.94531,0.70329,0.76681,1.3065,1.23129,1.18868,1.06898,0.9977,1.03471,1.3161,1.05698,0.63492,1.35204,0.99999,0.54847,1.24219,1.28896,1.22309,0.94366,1.16402,1.0929,0.56593,0.84157,0.95229,1.26235,1.2634,0.97862,1.16779,0.77961,1.3086,0.6027,1.15305,1.05866,1.08085,1.04013,1.24756,1.25921,0.445,0.68139,0.84141,0.95699,1.01146
12.28,1.10418,0.56609,0.90899,1.27521,0.34155,1.00003,1.28623,0.74372,0.69634,0.82858,1.13387,0.89813,0.92097,1.25366,1.18618,1.1276,0.78678,0.836,1.01101,0.92953,1.24683,0.49736,1.32001,0.91363,0.96756,0.94901,0.94635,0.66686,0.82848,1.28866,1.23612,1.18592,1.08016,1.00283,0.94985,1.31583,1.11472,0.66478,1.3467,0.99999,0.53378,1.23523,1.30996,1.23171,0.93057,1.16203,1.09524,0.63958,0.83102,0.94856,1.25593,1.2249,0.99305,1.13334,0.7725,1.30235,0.60974,1.1654,1.0574,1.07964,1.03941,1.26158,1.22474,0.51921,0.66917,0.84525,0.94861,0.99637
12.3,1.18068,0.57598,0.8628,1.26675,0.40469,1.00003,1.29189,0.76411,0.63952,0.8171,1.14548,0.90154,0.93095,1.2165,1.19064,1.12949,0.79722,0.89651,0.99818,0.95454,1.24787,0.53508,1.31713,0.9085,0.96918,0.9517,0.94907,0.63767,0.90107,1.25819,1.23721,1.17959,1.08593,1.00833,0.88831,1.31355,1.15455,0.68849,1.33728,0.99998,0.51213,1.2253,1.32488,1.23896,0.92167,1.1585,1.08526,0.73149,0.82431,0.94748,1.25041,1.17409,1.00445,1.09612,0.77043,1.29303,0.62189,1.17143,1.05488,1.07611,1.03753,1.27168,1.16416,0.62173,0.66636,0.85377,0.9441,0.98921
12.32,1.22276,0.5949,0.82428,1.26191,0.50215,1.00004,1.29829,0.78648,0.58968,0.80637,1.14768,0.9056,0.95283,1.15543,1.19293,1.12528,0.80466,0.94504,0.99459,0.9743,1.24651,0.58323,1.31297,0.90814,0.97139,0.95618,0.95348,0.61725,0.98498,1.2012,1.23373,1.16963,1.08652,1.01159,0.83679,1.30898,1.18181,0.7012,1.31956,0.99998,0.4863,1.21343,1.33537,1.2453,0.9199,1.15417,1.06157,0.84055,0.82078,0.94987,1.24627,1.11299,1.01297,1.0599,0.77315,1.27976,0.63851,1.17185,1.05137,1.07009,1.03445,1.27822,1.03603,0.75942,0.67528,0.86644,0.94363,0.98491
12.34,1.24769,0.62336,0.7945,1.2625,0.65834,1.00004,1.30472,0.80775,0.54848,0.79614,1.13738,0.90959,0.98627,1.04662,1.19364,1.11297,0.80909,0.97914,0.99404,0.98837,1.24284,0.64196,1.30734,0.91241,0.97401,0.96251,0.95962,0.60666,1.11041,1.06843,1.22419,1.15604,1.0825,1.01277,0.79615,1.30153,1.20002,0.69969,1.27867,0.99998,0.45866,1.20108,1.34267,1.251,0.92795,1.1498,1.01963,0.96344,0.81967,0.95651,1.24372,1.05083,1.01427,1.02925,0.78033,1.26104,0.65942,1.16687,1.04714,1.06127,1.03012,1.28145,0.90753,0.94271,0.69861,0.88243,0.94679,0.98335
12.36,1.26286,0.66192,0.77355,1.26832,0.93301,1.00004,1.31079,0.82546,0.51627,0.78655,1.10872,0.91307,1.05287,0.9407,1.19316,1.08968,0.81117,0.99838,0.99575,0.9969,1.2368,0.71132,1.29973,0.92103,0.97692,0.9708,0.96757,0.60642,1.18173,0.89413,1.20582,1.13917,1.07519,1.01255,0.76613,1.29017,1.2116,0.68424,1.10428,0.99998,0.43096,1.18988,1.34768,1.25605,0.94778,1.14588,0.97772,1.12263,0.82041,0.96779,1.24251,1.00441,1.01026,1.00818,0.79162,1.2343,0.68511,1.15623,1.04234,1.04911,1.02441,1.28152,0.8134,1.18188,0.73954,0.90047,0.9524,0.98364
12.38,1.27184,0.71064,0.76092,1.2772,1.25961,1.00004,1.31626,0.83806,0.4929,0.77822,1.04779,0.91591,1.11619,0.87669,1.19172,1.05093,0.81222,1.00809,0.99916,1.00114,1.22829,0.7905,1.28913,0.9335,0.98007,0.98116,0.97743,0.61672,1.22415,0.77887,1.17299,1.12033,1.06718,1.01222,0.74594,1.27325,1.21813,0.65893,0.71046,0.99998,0.40447,1.18135,1.351,1.26024,0.98053,1.1426,0.94175,1.19675,0.82265,0.98354,1.24189,0.99435,1.00205,0.99923,0.80654,1.19528,0.71675,1.1393,1.03701,1.0329,1.01719,1.27838,0.7341,1.26312,0.80188,0.91856,0.9583,0.98408
12.4,1.27646,0.76846,0.75588,1.28639,1.3242,1.00004,1.321,0.84488,0.47819,0.77221,0.9654,0.91828,1.16296,0.83087,1.18938,0.99483,0.81411,0.99907,1.00758,1.00073,1.2172,0.87642,1.27361,0.94905,0.98346,0.99362,0.98925,0.6375,1.25195,0.68674,1.11257,1.1026,1.06287,1.01365,0.73476,1.24817,1.22066,0.63015,0.4789,0.99998,0.38026,1.17652,1.35297,1.26315,1.0458,1.13982,0.905,1.23192,0.82622,1.00584,1.24076,1.00254,0.99524,0.99951,0.82439,1.13731,0.75607,1.11518,1.03114,1.01167,1.0083,1.27173,0.66722,1.29922,0.89024,0.9339,0.96138,0.98218
12.42,1.27758,0.83303,0.75753,1.29396,1.34925,1.00004,1.32497,0.846,0.47207,0.7697,0.89926,0.92052,1.19699,0.80038,1.18611,0.95856,0.81889,0.98638,1.01814,0.99744,1.20351,0.9632,1.24933,0.96674,0.98706,1.01549,1.00579,0.66862,1.27122,0.61046,0.99312,1.0909,1.06764,1.01903,0.73195,1.21074,1.21984,0.6042,0.32276,0.99998,0.35909,1.17572,1.35376,1.26434,1.1136,1.13714,0.86973,1.25033,0.83112,1.04354,1.23786,1.03453,0.98837,1.00678,0.8443,1.05072,0.80514,1.08264,1.02472,0.99248,0.99885,1.26094,0.61122,1.31985,1.02005,0.94324,0.95796,0.97494
12.44,1.27546,0.90126,0.76474,1.29908,1.3623,1.00004,1.32817,0.84184,0.47447,0.77158,0.83556,0.92305,1.22169,0.78314,1.18185,0.92332,0.82837,0.96919,1.02923,0.99288,1.18713,1.06955,1.20781,0.98571,0.99083,1.04271,1.03307,0.70987,1.28499,0.54426,0.90736,1.09006,1.08539,1.03027,0.73722,1.1534,1.21619,0.58539,0.21279,0.99998,0.34129,1.1787,1.35346,1.26345,1.1623,1.13407,0.83755,1.2594,0.83735,1.07541,1.23185,1.07122,0.98082,1.01836,0.86547,0.96845,0.86589,1.03973,1.01779,0.97795,0.99299,1.24484,0.56496,1.33356,1.17274,0.94389,0.94453,0.95941
12.46,1.26984,0.97017,0.77601,1.30164,1.37016,1.00004,1.3307,0.83294,0.48511,0.77809,0.7792,0.92627,1.23962,0.77766,1.17653,0.89026,0.84376,0.95017,1.04014,0.98761,1.16792,1.13542,1.12657,1.01026,0.99466,1.06733,1.05784,0.76075,1.29492,0.4835,0.82946,1.10181,1.11561,1.04831,0.75062,1.06044,1.21028,0.57556,0.13277,0.99998,0.32678,1.18488,1.35206,1.26031,1.19625,1.13006,0.80946,1.26211,0.84488,1.10183,1.22133,1.10491,0.97302,1.03101,0.88726,0.92581,0.93908,0.99201,1.01053,0.96309,0.98691,1.22148,0.52769,1.34377,1.23954,0.93455,0.91859,0.93326
12.48,1.25983,1.06118,0.78924,1.30184,1.37528,1.00003,1.33266,0.81991,0.50338,0.78874,0.73434,0.93053,1.25249,0.78292,1.17018,0.85973,0.86555,0.93163,1.05014,0.98241,1.14577,1.1679,0.9687,1.04363,0.99831,1.08835,1.07905,0.81963,1.3019,0.42488,0.7619,1.12351,1.15341,1.07268,0.77252,0.95916,1.20302,0.57476,0.07348,0.99998,0.31526,1.19348,1.34955,1.25492,1.21881,1.1246,0.78616,1.25951,0.85351,1.1237,1.20456,1.13243,0.96552,1.04279,0.90906,0.89749,1.03981,0.96363,1.00338,0.94887,0.98101,1.18809,0.49927,1.352,1.2755,0.91564,0.87933,0.89537
12.5,1.2436,1.12679,0.80155,1.30004,1.37875,1.00003,1.33414,0.80339,0.5281,0.80222,0.7049,0.93609,1.26131,0.79832,1.16301,0.83171,0.89339,0.91556,1.05848,0.97795,1.12086,1.18549,0.869,1.07042,1.00286,1.10485,1.09573,0.88257,1.3063,0.36683,0.70666,1.14993,1.19237,1.10148,0.80351,0.89985,1.19591,0.58174,0.02959,0.99998,0.30637,1.2037,1.3459,1.24765,1.23189,1.1172,0.76835,1.25146,0.86287,1.14194,1.17913,1.15296,0.95902,1.05238,0.93016,0.87928,1.13348,0.9378,0.99855,0.93654,0.97584,1.14159,0.48022,1.35895,1.29667,0.88918,0.82791,0.84621
12.52,1.21743,1.16468,0.80967,1.29664,1.38095,1.00003,1.33523,0.78393,0.5576,0.81642,0.69426,0.94312,1.26665,0.82359,1.15537,0.80595,0.92645,0.90369,1.06445,0.97482,1.09398,1.19604,0.80145,1.09181,1.00717,1.11619,1.10719,0.94326,1.30828,0.30974,0.66506,1.17622,1.22757,1.13196,0.84435,0.85453,1.19102,0.59449,0,0.99999,0.29973,1.21484,1.34114,1.23937,1.23633,1.10734,0.75676,1.23663,0.87237,1.15736,1.14108,1.16649,0.9542,1.05885,0.9497,0.86716,1.17831,0.91484,0.99633,0.9274,0.97197,1.08056,0.4714,1.36484,1.3094,0.85815,0.76759,0.78823
12.54,1.17316,1.1888,0.81081,1.29211,1.38095,1.00002,1.33603,0.76185,0.59016,0.82858,0.70467,0.95171,1.26878,0.8588,1.14781,0.78194,0.96399,0.89742,1.0676,0.97355,1.06675,1.20371,0.76455,1.1089,1.00915,1.12219,1.11324,0.99455,1.30784,0.25571,0.63746,1.19941,1.2566,1.16124,0.89587,0.81964,1.19033,0.61075,0,0.99999,0.29482,1.22644,1.33528,1.23171,1.23199,1.09449,0.75193,1.21177,0.88134,1.17071,1.0823,1.17315,0.9516,1.0614,0.96676,0.8577,1.19858,0.89477,0.9953,0.92231,0.96981,1.0091,0.47337,1.36973,1.31669,0.82578,0.70329,0.72572
12.56,1.08963,1.20554,0.80339,1.28691,1.38095,1.00002,1.33664,0.73722,0.62434,0.83546,0.73689,0.96183,1.26778,0.90417,1.14106,0.75896,1.01148,0.89788,1.06776,0.97468,1.04177,1.21094,0.75513,1.12269,1.00878,1.12309,1.1141,1.05258,1.30497,0.20777,0.62339,1.21819,1.27899,1.18698,0.9586,0.79187,1.19482,0.62843,0,0.99999,0.29101,1.23823,1.3283,1.22712,1.21761,1.07809,0.75422,1.16952,0.88901,1.18264,0.99178,1.17267,0.95148,1.05913,0.98044,0.84823,1.20336,0.87732,0.99549,0.92154,0.9695,0.97473,0.48606,1.37361,1.32011,0.79524,0.64079,0.66419
12.58,0.95939,1.21838,0.78745,1.2816,1.38095,1.00001,1.3372,0.71009,0.65898,0.83348,0.78918,0.9732,1.26345,0.95955,1.13609,0.73633,1.081,0.90604,1.06495,0.97871,1.02282,1.21901,0.76886,1.13399,1.00641,1.11944,1.11039,1.07829,1.29969,0.16918,0.62203,1.23199,1.29514,1.20764,1.05366,0.76821,1.20403,0.64549,0,0.99999,0.28752,1.25002,1.32018,1.22847,1.19074,1.05778,0.76379,1.09163,0.89448,1.19366,0.93251,1.16391,0.95379,1.05077,0.98978,0.83696,1.19633,0.8621,0.99672,0.92466,0.97084,0.95983,0.50847,1.37645,1.32043,0.76971,0.58607,0.60963
12.6,0.87367,1.22942,0.76444,1.27686,1.38095,1.00001,1.33784,0.68071,0.69304,0.81919,0.85539,0.9853,1.25531,1.04188,1.13406,0.71356,1.13131,0.9229,1.05942,0.98619,1.01432,1.22835,0.79975,1.1434,1.00279,1.11216,1.10309,1.08361,1.29221,0.14301,0.63255,1.24045,1.3057,1.22229,1.13619,0.74598,1.21634,0.65992,0,1,0.28353,1.26155,1.31093,1.23767,1.14849,1.03363,0.78065,0.96749,0.89666,1.2041,0.87591,1.14393,0.95827,1.03431,0.99371,0.82291,1.1793,0.84871,0.99859,0.93071,0.97338,0.95649,0.53825,1.37825,1.31791,0.75257,0.54469,0.56773
12.62,0.80526,1.23985,0.73667,1.27342,1.38095,1.00001,1.33866,0.64974,0.72541,0.79065,0.92409,0.99744,1.2425,1.12265,1.13625,0.69021,1.16941,0.94976,1.05137,0.99766,1.01938,1.2388,0.83967,1.15139,0.99946,1.10249,1.09355,1.07625,1.2831,0.13191,0.65434,1.24304,1.31118,1.23045,1.18303,0.72311,1.22986,0.66998,0,1,0.27833,1.27251,1.30068,1.25392,1.09064,1.00625,0.8045,0.88487,0.8943,1.21416,0.8218,1.10557,0.96458,1.00621,0.99139,0.80574,1.15435,0.8368,1.00108,0.93837,0.97654,0.96108,0.57165,1.37899,1.31233,0.74706,0.52113,0.54313
12.64,0.75351,1.25023,0.70645,1.27176,1.38095,1,1.33971,0.61838,0.75477,0.74872,0.98165,1.01729,1.22375,1.1718,1.14369,0.6658,1.19924,0.98866,1.04077,1.02544,1.03741,1.24995,0.87921,1.15836,0.99798,1.09183,1.08331,1.0601,1.2734,0.13847,0.68728,1.23883,1.31174,1.23176,1.2112,0.69835,1.24313,0.67468,0,1,0.27158,1.28255,1.28983,1.27371,1.02537,0.98893,0.83454,0.8152,0.88607,1.22407,0.77007,1.02913,0.97255,0.98199,0.98267,0.78544,1.12564,0.82599,1.00403,0.94636,0.97974,0.97057,0.60428,1.37856,1.30289,0.75596,0.51865,0.53909
12.66,0.71557,1.26053,0.67574,1.27194,1.38095,1,1.34095,0.5884,0.77936,0.69741,1.0336,1.03604,1.19764,1.20398,1.15674,0.63978,1.22307,1.06853,1.02708,1.05819,1.06389,1.2614,0.90941,1.16464,0.99745,1.08148,1.07384,1.03672,1.26444,0.16635,0.73179,1.22583,1.3068,1.22548,1.22888,0.67151,1.25528,0.6742,0,1,0.26348,1.29128,1.27932,1.29304,0.98678,0.97599,0.86896,0.75742,0.87069,1.23399,0.7209,0.94552,0.98231,0.95575,0.96841,0.76214,1.1004,0.81587,1.00508,0.95369,0.98252,0.98301,0.63197,1.37665,1.28774,0.78146,0.5401,0.55823
12.68,0.68738,1.27038,0.64633,1.27344,1.38095,1,1.34227,0.56224,0.79676,0.64288,1.0584,1.05202,1.16387,1.22622,1.17481,0.61176,1.24219,1.13924,1.0091,1.09108,1.09267,1.27266,0.92343,1.17053,0.99826,1.07261,1.06642,1.00537,1.25768,0.22209,0.78856,1.19974,1.29433,1.20981,1.24068,0.64345,1.26585,0.66993,0,1,0.25477,1.29829,1.27094,1.30938,0.97556,0.96408,0.90416,0.70978,0.84725,1.244,0.67503,0.86784,0.99428,0.92519,0.95058,0.73631,1.08752,0.80607,1.00348,0.95966,0.9846,0.99769,0.65152,1.37249,1.26294,0.82529,0.58904,0.60359
12.7,0.66443,1.27923,0.6199,1.2754,1.38095,1,1.34348,0.54278,0.80398,0.59174,1.06699,1.06623,1.12678,1.24221,1.19632,0.58176,1.25735,1.19207,0.99274,1.12199,1.11861,1.28331,0.91797,1.1762,1.0015,1.06611,1.062,0.98296,1.25423,0.31755,0.858,1.15055,1.2689,1.18091,1.24956,0.61591,1.27457,0.66422,0,1,0.2467,1.30317,1.26719,1.32186,0.97134,0.95274,0.93435,0.67063,0.81545,1.25403,0.63367,0.7868,1.01725,0.89163,0.93192,0.70873,1.09263,0.7963,0.99924,0.96387,0.9858,1.02737,0.66106,1.36408,1.21927,0.88851,0.67062,0.67932
12.72,0.64256,1.2867,0.59804,1.27691,1.38095,1,1.34436,0.5328,0.79856,0.54908,1.08109,1.07936,1.09921,1.25402,1.21905,0.55058,1.26907,1.23099,0.97878,1.14935,1.13873,1.29299,0.89362,1.18178,1.01017,1.0625,1.06108,0.96085,1.25457,0.47538,0.93993,1.05044,1.21402,1.13035,1.25748,0.59077,1.28128,0.65978,0,1,0.24074,1.30558,1.27002,1.33066,0.96398,0.94156,0.95267,0.63854,0.77615,1.26376,0.59808,0.70702,1.04699,0.857,0.91536,0.68044,1.11399,0.78637,0.99476,0.96615,0.98605,1.0586,0.66012,1.34499,1.12977,0.97153,0.79272,0.79147
12.74,0.61915,1.29266,0.58199,1.27721,1.38095,1,1.34471,0.53419,0.78031,0.51748,1.11171,1.09158,1.09668,1.26296,1.24076,0.51997,1.27784,1.25913,0.96321,1.17213,1.15195,1.3015,0.85398,1.18739,1.02245,1.06183,1.06365,0.93663,1.25843,0.74412,1.05631,0.93364,1.05333,1.03737,1.26542,0.5693,1.28594,0.65889,0,1,0.2383,1.30525,1.27888,1.33644,0.94587,0.9305,0.9542,0.61223,0.73164,1.27269,0.56904,0.63353,1.07574,0.82377,0.9033,0.65258,1.14447,0.77606,0.98812,0.96657,0.98536,1.08826,0.64941,1.27864,0.95178,1.10413,0.96798,0.94931
12.76,0.59376,1.29721,0.57278,1.2758,1.38095,1,1.34436,0.54774,0.75218,0.49731,1.15338,1.10251,1.12063,1.26988,1.25972,0.49269,1.28412,1.27876,0.94719,1.18962,1.15808,1.30873,0.80425,1.19316,1.03792,1.06364,1.06919,0.91175,1.26496,1.20333,1.15341,0.84967,0.84592,0.94468,1.27347,0.55201,1.28852,0.66307,0,1,0.24073,1.30195,1.29085,1.33983,0.91521,0.92002,0.93871,0.5905,0.68559,1.28019,0.54683,0.57139,1.10136,0.79497,0.89734,0.6263,1.17667,0.76508,0.97922,0.96543,0.98384,1.11472,0.63042,0.75519,0.83371,1.18423,1.19262,1.16983
12.78,0.56803,1.30054,0.57146,1.27235,1.38095,1,1.34307,0.57294,0.71979,0.48772,1.19334,1.11122,1.15609,1.27534,1.27489,0.47246,1.28825,1.29125,0.93275,1.20103,1.15694,1.31458,0.75029,1.19918,1.0558,1.06706,1.07678,0.88899,1.27311,1.30821,1.20398,0.77984,0.71038,0.87943,1.28108,0.53881,1.28889,0.67303,0,1,0.24941,1.29549,1.30257,1.34137,0.87642,0.91123,0.91113,0.57243,0.64261,1.28548,0.53156,0.52586,1.12169,0.77435,0.89846,0.60299,1.20576,0.75319,0.9681,0.96326,0.98167,1.13602,0.6052,0.43719,0.74339,1.22825,1.26544,1.25155
12.8,0.54515,1.30285,0.57935,1.26664,1.38095,1,1.34056,0.60764,0.69006,0.48731,1.22356,1.11641,1.18815,1.27969,1.28578,0.46389,1.29037,1.29708,0.92255,1.20518,1.14775,1.31894,0.69774,1.20547,1.07504,1.07092,1.08521,0.87212,1.28181,1.33584,1.23301,0.72549,0.6157,0.82806,1.28744,0.52936,1.28669,0.68878,0,1,0.26603,1.28577,1.3118,1.34144,0.83794,0.9058,0.87977,0.55743,0.60762,1.28766,0.52345,0.50272,1.13468,0.76646,0.90724,0.58431,1.22961,0.74029,0.95502,0.96077,0.97916,1.15029,0.57617,0.29013,0.6771,1.25413,1.29687,1.28648
12.82,0.52869,1.30433,0.59821,1.25851,1.38095,1,1.33635,0.64808,0.66919,0.49458,1.24235,1.11665,1.21046,1.28305,1.29227,0.47201,1.29054,1.29567,0.91932,1.20009,1.12841,1.32168,0.65103,1.21196,1.09452,1.07394,1.09326,0.86507,1.29023,1.34691,1.24973,0.68727,0.5551,0.79238,1.2918,0.5232,1.28123,0.70979,0,1,0.29285,1.27307,1.31755,1.34028,0.80835,0.90555,0.85301,0.54543,0.58481,1.28559,0.52283,0.50845,1.13859,0.7761,0.92411,0.57196,1.24789,0.72641,0.94041,0.95878,0.97663,1.15592,0.54577,0.21731,0.63241,1.26924,1.31228,1.30347
12.84,0.52161,1.30511,0.63025,1.24774,1.38095,1,1.32961,0.68969,0.66123,0.50834,1.25076,1.11068,1.22238,1.28537,1.29442,0.5019,1.28867,1.28453,0.92493,1.18225,1.09422,1.32266,0.61287,1.21852,1.11324,1.07496,1.0999,0.87094,1.29781,1.35114,1.25834,0.66491,0.52331,0.77294,1.29361,0.5199,1.27124,0.73524,0,1,0.33308,1.25815,1.31961,1.338,0.79328,0.91178,0.83655,0.53696,0.57691,1.2777,0.52994,0.55102,1.13173,0.80749,0.94954,0.56736,1.26115,0.71178,0.92488,0.95811,0.97446,1.15125,0.51617,0.18683,0.60717,1.27713,1.31929,1.31108
12.86,0.52617,1.30531,0.67818,1.23414,1.38095,1,1.31887,0.72813,0.66789,0.52798,1.24988,1.09747,1.22498,1.28637,1.29213,0.55881,1.2847,1.25612,0.93987,1.1444,1.0346,1.32175,0.58462,1.22495,1.13038,1.07293,1.10423,0.89156,1.30423,1.3512,1.26093,0.65728,0.51625,0.76906,1.29245,0.51905,1.25436,0.76407,0,1,0.39133,1.24231,1.3179,1.33458,0.79493,0.92492,0.83272,0.53326,0.58532,1.26125,0.54472,0.64221,1.11196,0.86365,0.98408,0.5716,1.27014,0.69681,0.90916,0.95945,0.97299,1.13374,0.48929,0.18636,0.59924,1.27969,1.32076,1.31249
12.88,0.54427,1.305,0.74503,1.2178,1.37994,1,1.3012,0.76,0.68883,0.55339,1.23989,1.07631,1.21926,1.28551,1.28493,0.64792,1.27855,1.18454,0.96288,1.07032,0.96847,1.31866,0.56711,1.23095,1.14515,1.06676,1.10542,0.92738,1.30925,1.34773,1.25859,0.66258,0.53069,0.77906,1.28768,0.52035,1.22593,0.79467,0.01385,1,0.474,1.22737,1.31215,1.32983,0.81253,0.94422,0.84102,0.53645,0.61049,1.23095,0.56658,0.8,1.0763,0.94502,1.04833,0.58555,1.27539,0.68224,0.89429,0.96346,0.97258,1.09852,0.467,0.21152,0.60641,1.27792,1.31772,1.30879
12.9,0.57809,1.30424,0.83374,1.19952,1.37849,1,1.27013,0.78317,0.72177,0.58479,1.22021,1.04737,1.20616,1.28188,1.27173,0.7719,1.27029,0.96739,0.99073,0.96743,0.91567,1.31286,0.5613,1.23614,1.15683,1.05518,1.10244,0.97722,1.31263,1.34038,1.25189,0.67842,0.56352,0.80033,1.27817,0.52355,1.17554,0.82452,0.033,1,0.58968,1.21526,1.30191,1.32338,0.8427,0.96763,0.85854,0.54967,0.65208,1.17601,0.59416,1.07469,1.02179,1.07329,1.11079,0.61006,1.27708,0.66913,0.88154,0.97065,0.9736,1.03591,0.4513,0.26141,0.62625,1.27244,1.31031,1.30005
12.92,0.63055,1.30304,0.94717,1.18134,1.37672,1.00001,1.20761,0.79691,0.76275,0.62274,1.19021,1.01241,1.18719,1.27391,1.25038,0.92664,1.26012,0.80788,1.03398,0.90449,0.86383,1.30339,0.56854,1.24012,1.16484,1.03655,1.09411,1.06277,1.31413,1.32799,1.24113,0.70197,0.61123,0.82947,1.26162,0.52857,1.07386,0.85049,0.05571,1,0.75013,1.20751,1.28657,1.31458,0.87988,0.99214,0.88082,0.57723,0.70922,1.07259,0.62555,1.24263,0.97746,1.16352,1.15689,0.64595,1.27497,0.65874,0.87223,0.9814,0.97636,0.96905,0.44412,0.33643,0.65607,1.26368,1.29811,1.28571
12.94,0.70607,1.30134,1.11748,1.16631,1.37453,1.00001,1.03533,0.80159,0.80724,0.66815,1.15036,0.98842,1.16495,1.25878,1.21627,1.12455,1.24829,0.70828,1.06853,0.86076,0.81509,1.28848,0.59063,1.2425,1.16889,1.00874,1.07901,1.13243,1.31353,1.30827,1.22643,0.73048,0.67013,0.86304,1.23297,0.53559,0.93486,0.86963,0.08265,1,0.97295,1.20477,1.26544,1.30226,0.91771,1.0269,0.90317,0.62479,0.78131,0.95027,0.65899,1.28779,0.95083,1.20439,1.19097,0.69405,1.26828,0.65241,0.86734,0.99582,0.98102,0.92076,0.44702,0.43692,0.69327,1.25198,1.28013,1.26447
12.96,0.81099,1.29898,1.20923,1.15743,1.37177,1.00001,0.85309,0.79829,0.85134,0.72222,1.10422,0.97487,1.14311,1.2304,1.15836,1.20741,1.23476,0.65559,1.08854,0.83739,0.77075,1.2648,0.62982,1.24284,1.1689,0.98584,1.05558,1.17647,1.31054,1.27692,1.20773,0.76164,0.73665,0.89809,1.17958,0.54505,0.84093,0.88007,0.11483,0.99999,1.21619,1.20671,1.23771,1.28426,0.9506,1.05461,0.92196,0.7,0.8687,0.88738,0.69363,1.30452,0.93332,1.2218,1.21635,0.75467,1.25543,0.65148,0.86733,1.02515,0.9875,0.87793,0.46108,0.56187,0.73552,1.23758,1.25453,1.23407
12.98,0.95309,1.29573,1.25419,1.15628,1.36823,1.00001,0.73522,0.78852,0.8924,0.78596,1.06024,0.96644,1.12558,1.17266,1.04451,1.23811,1.21905,0.63911,1.09824,0.83305,0.7318,1.22616,0.68876,1.24061,1.16493,0.96601,1.02237,1.20521,1.30477,1.22597,1.18497,0.79356,0.8073,0.93227,1.06097,0.55774,0.76376,0.88139,0.15357,0.99999,1.28073,1.21229,1.20243,1.25636,0.97468,1.07011,0.93522,0.8138,0.97274,0.8508,0.72977,1.30906,0.92418,1.22477,1.2353,0.82631,1.23332,0.65746,0.87213,1.05622,0.99538,0.84193,0.48694,0.70633,0.78054,1.22071,1.21827,1.19081
13,1.15479,1.29121,1.27984,1.16219,1.36361,1.00002,0.65306,0.77405,0.9293,0.85955,1.03004,0.96324,1.11487,1.02339,0.92446,1.24968,1.19985,0.6505,1.1014,0.84507,0.69922,1.16125,0.77017,1.23494,1.15712,0.94709,0.99015,1.22408,1.29568,1.14132,1.15849,0.82465,0.87843,0.96373,0.91271,0.57467,0.70215,0.87456,0.20022,0.99999,1.30785,1.22016,1.1581,1.20942,0.98828,1.07568,0.94264,0.98253,1.12317,0.8339,0.76889,1.30595,0.92111,1.21635,1.24921,0.9038,1.19565,0.67219,0.88121,1.08212,1.00762,0.81351,0.52469,0.85837,0.82578,1.20174,1.16652,1.12911
13.02,1.23717,1.2849,1.29547,1.17287,1.35751,1.00002,0.59895,0.75669,0.9622,0.94196,1.02142,0.96502,1.11095,0.8738,0.8397,1.25185,1.17467,0.68288,1.10149,0.87023,0.67397,1.05219,0.87652,1.22443,1.14571,0.93165,0.97059,1.23605,1.28244,1.00244,1.12938,0.85357,0.94642,0.99116,0.81446,0.597,0.65495,0.86152,0.25606,0.99999,1.32136,1.229,1.10162,1.11925,0.99181,1.0726,0.94524,1.1993,1.20122,0.8305,0.81335,1.29631,0.92102,1.19657,1.25898,0.97736,1.12774,0.69804,0.8937,1.101,1.02222,0.79299,0.57398,0.99822,0.86841,1.1813,1.09175,1.04085
13.04,1.27417,1.27613,1.30519,1.18569,1.3493,1.00002,0.56794,0.73815,0.99193,1.053,1.03301,0.97129,1.11196,0.75729,0.76879,1.24868,1.13898,0.7308,1.10124,0.90541,0.65665,0.95757,1.01838,1.20651,1.13103,0.92253,0.95644,1.24287,1.26363,0.93722,1.09958,0.87942,1.01544,1.0256,0.74037,0.62582,0.62069,0.84458,0.32238,0.99999,1.32797,1.23781,1.02655,0.95856,0.98703,1.06135,0.94457,1.27154,1.24338,0.83544,0.86592,1.2794,0.92127,1.16251,1.26522,1.05759,0.99339,0.73809,0.90854,1.11132,1.03237,0.78026,0.63439,1.12931,0.90592,1.16021,0.99149,0.96593
13.06,1.29378,1.26402,1.31111,1.19851,1.33795,1.00002,0.5567,0.72002,1.03471,1.14533,1.05676,0.98128,1.11557,0.66106,0.70966,1.24228,1.08444,0.79051,1.10212,0.9481,0.64757,0.92448,1.17159,1.17618,1.11366,0.92297,0.95112,1.24568,1.2367,0.90998,1.07165,0.90177,1.09048,1.05338,0.68688,0.66184,0.59755,0.82606,0.40048,0.99999,1.3302,1.24584,0.96754,0.85733,0.97635,1.04196,0.94216,1.30561,1.26937,0.84493,0.92907,1.25223,0.9204,1.10651,1.26836,1.094,0.90386,0.79635,0.92451,1.11084,1.03611,0.77478,0.70568,1.16471,0.93654,1.13932,0.94044,0.92564
13.08,1.30485,1.24759,1.31447,1.20982,1.3219,1.00002,0.56305,0.70387,1.07077,1.19368,1.08378,0.99389,1.11968,0.58222,0.66103,1.23393,0.99714,0.85996,1.10414,0.99612,0.64692,0.92695,1.23182,1.12224,1.09488,0.93699,0.9587,1.24525,1.19712,0.90908,1.04821,0.92055,1.13041,1.07095,0.65027,0.70485,0.58361,0.80821,0.49062,0.99999,1.32895,1.25256,0.92875,0.78044,0.96251,1.0146,0.93936,1.32502,1.28653,0.85642,1.00787,1.2072,0.9184,1.0102,1.26858,1.09149,0.83363,0.87791,0.94013,1.09468,1.03077,0.77564,0.78723,1.16575,0.95943,1.11945,0.90424,0.89815
13.1,1.31099,1.22602,1.316,1.2186,1.29906,1.00002,0.5857,0.6914,1.09633,1.22177,1.10785,1.01449,1.12268,0.51834,0.62252,1.2245,0.94273,0.93847,1.10604,1.07409,0.655,0.96269,1.26068,1.01377,1.07717,0.9702,0.98467,1.24215,1.13682,0.92676,1.03126,0.9359,1.15332,1.0818,0.62745,0.75303,0.57702,0.79326,0.58975,0.99999,1.32427,1.25749,0.89745,0.72378,0.94833,0.99078,0.93728,1.33722,1.2981,0.86831,1.11809,1.12281,0.9165,0.94156,1.2658,1.05135,0.78381,0.9892,0.95349,1.05002,1.01178,0.78164,0.87703,1.14391,0.97461,1.10135,0.87943,0.88033
13.12,1.31387,1.19902,1.3162,1.22427,1.26762,1.00002,0.62417,0.68427,1.11362,1.23837,1.12588,1.03672,1.12338,0.46748,0.59406,1.21467,0.89532,1.04492,1.10614,1.12529,0.67231,1.05358,1.2738,0.92237,1.06427,1.05302,1.06128,1.23693,1.04061,0.95629,1.02167,0.94808,1.16644,1.08803,0.61604,0.80307,0.57612,0.78304,0.68976,0.99999,1.3154,1.26021,0.87418,0.68473,0.93634,0.9755,0.93678,1.34533,1.30572,0.87964,1.17717,0.96612,0.9164,0.88771,1.25959,0.97667,0.75564,1.1545,0.9625,0.97195,0.986,0.79139,0.97119,1.09872,0.98273,1.08559,0.86357,0.8698
13.14,1.3143,1.16717,1.31543,1.22671,1.22797,1.00002,0.67898,0.68391,1.12377,1.24747,1.13699,1.05309,1.12103,0.42786,0.57529,1.20527,0.85664,1.14179,1.10334,1.15784,0.69959,1.15292,1.27607,0.8431,1.06015,1.15197,1.14858,1.23002,0.95425,0.99175,1.01915,0.95746,1.17321,1.09095,0.61432,0.85117,0.57948,0.77849,0.77891,0.99999,1.3003,1.26035,0.85962,0.66118,0.92825,0.96325,0.93843,1.35086,1.31037,0.88956,1.21171,0.86448,0.9192,0.84513,1.24906,0.91132,0.75032,1.23033,0.96525,0.8942,0.95532,0.8036,1.09433,1.02271,0.98482,1.07252,0.85485,0.86477
13.16,1.31261,1.13182,1.31391,1.22622,1.1853,1.00002,0.75171,0.6915,1.12738,1.25119,1.14147,1.06391,1.11519,0.39794,0.56532,1.19772,0.82715,1.19105,1.09771,1.17744,0.73778,1.21517,1.26765,0.77105,1.06722,1.22251,1.21643,1.22184,0.90237,1.04867,1.02253,0.96446,1.17549,1.09147,0.62111,0.89439,0.58598,0.77941,0.84717,0.99999,1.27396,1.25745,0.85427,0.65109,0.92482,0.95464,0.94242,1.35465,1.31272,0.89698,1.23264,0.78863,0.92469,0.81536,1.23256,0.84242,0.76935,1.27139,0.96049,0.80012,0.91374,0.81713,1.16279,0.96099,0.98202,1.06217,0.85183,0.86387
13.18,1.30886,1.09465,1.31181,1.22355,1.14792,1.00002,0.84439,0.70801,1.12456,1.25072,1.14006,1.07017,1.10575,0.37664,0.56284,1.19415,0.80666,1.2157,1.09097,1.18621,0.78763,1.25449,1.24359,0.7072,1.08497,1.27079,1.26509,1.21284,0.86342,1.0918,1.03026,0.96948,1.17435,1.09016,0.63559,0.93139,0.59471,0.78437,0.89213,0.99999,1.22262,1.25087,0.85846,0.65236,0.92591,0.94946,0.94859,1.35717,1.3133,0.90032,1.24513,0.74094,0.93107,0.80082,1.20722,0.77652,0.81502,1.29649,0.94776,0.69642,0.86219,0.83098,1.19913,0.91886,0.97547,1.0544,0.85335,0.86613
13.2,1.30291,1.05662,1.30929,1.22003,1.1177,1.00001,0.95844,0.73431,1.11473,1.24688,1.13385,1.0732,1.09306,0.3635,0.56624,1.19689,0.79478,1.22196,1.08664,1.18358,0.8492,1.27967,1.18519,0.65246,1.11018,1.30354,1.29889,1.20361,0.83404,1.1201,1.04074,0.97285,1.17043,1.08737,0.6571,0.96261,0.60487,0.79072,0.92152,0.99999,1.09362,1.23956,0.87263,0.66275,0.93059,0.94689,0.95637,1.35866,1.31251,0.89776,1.25173,0.72749,0.93505,0.80526,1.16792,0.71853,0.89084,1.31283,0.92753,0.5909,0.80294,0.84415,1.22102,0.88617,0.96625,1.04902,0.85848,0.87092
13.22,1.29431,1.01685,1.30651,1.2177,1.08093,1.00001,1.12191,0.7714,1.09634,1.24032,1.12421,1.07447,1.07784,0.35859,0.57387,1.2069,0.79106,1.20715,1.08897,1.16575,0.92161,1.29578,0.99716,0.60751,1.13843,1.32582,1.32217,1.19492,0.81139,1.13892,1.05265,0.9748,1.16409,1.08329,0.68522,0.98982,0.61569,0.79485,0.95113,0.99999,0.88578,1.22155,0.89745,0.67981,0.9375,0.94581,0.96499,1.35921,1.31071,0.8879,1.25371,0.75838,0.93292,0.83354,1.10467,0.67165,1.00388,1.32376,0.90122,0.49082,0.73948,0.85573,1.23547,0.86168,0.95526,1.04584,0.86651,0.87783
13.24,1.28222,0.98708,1.30364,1.21888,0.99784,1.00001,1.20483,0.82074,1.06614,1.23168,1.11278,1.07528,1.06089,0.3624,0.58456,1.22242,0.79489,1.15239,1.10025,1.12256,1.00607,1.30574,0.82448,0.57259,1.16573,1.34105,1.33817,1.1875,0.79306,1.15189,1.06509,0.97557,1.15545,1.07799,0.71993,1.02829,0.62646,0.79277,1.00428,1,0.75572,1.19295,0.93405,0.70104,0.94518,0.94511,0.97381,1.35878,1.3081,0.8708,1.25167,0.84994,0.92223,0.89095,0.99738,0.63747,1.16428,1.33106,0.87117,0.40177,0.67609,0.86501,1.2459,0.84331,0.94318,1.04458,0.87694,0.88668
13.26,1.26492,0.96637,1.30089,1.22547,0.90997,1.00001,1.24625,0.88433,1.01761,1.22174,1.10129,1.07661,1.04271,0.37578,0.59795,1.23974,0.80534,0.97822,1.11894,1.02519,1.11925,1.31124,0.68565,0.54762,1.18928,1.35142,1.34911,1.18198,0.77705,1.16174,1.07751,0.97544,1.14444,1.07145,0.76168,1.06702,0.63639,0.78082,1.13023,1,0.65998,1.14521,0.98407,0.72386,0.95239,0.94396,0.98245,1.35727,1.30472,0.84853,1.24589,1.05281,0.9031,0.98218,0.93142,0.61653,1.23458,1.33576,0.84057,0.3275,0.6174,0.87161,1.25423,0.82844,0.93044,1.04479,0.88946,0.89735
13.28,1.23914,0.94564,1.29854,1.23795,0.78781,1.00001,1.27033,0.96438,0.97336,1.21168,1.0916,1.07903,1.02334,0.40001,0.61454,1.25521,0.82094,0.8232,1.14058,0.92957,1.17659,1.31308,0.58011,0.53266,1.20735,1.35828,1.35635,1.17865,0.7618,1.17075,1.08956,0.97478,1.1308,1.06366,0.81119,1.09937,0.6446,0.75633,1.22314,1,0.58903,1.05655,1.0769,0.74539,0.95812,0.94185,0.99084,1.3544,1.30031,0.82508,1.23659,1.23333,0.87839,1.13329,0.87779,0.60916,1.27151,1.3384,0.81339,0.27052,0.56819,0.87545,1.26156,0.81408,0.91736,1.04588,0.90385,0.90977
13.3,1.19799,0.92481,1.29694,1.25505,0.64323,1,1.28545,1.09197,0.93502,1.20321,1.0856,1.08273,1.00228,0.43702,0.63569,1.26628,0.83952,0.69672,1.16041,0.85643,1.20848,1.31135,0.50577,0.52826,1.21882,1.36239,1.36072,1.17754,0.74622,1.18084,1.10103,0.97398,1.11419,1.05462,0.8692,1.12693,0.65004,0.71822,1.28357,1,0.53666,0.94834,1.14969,0.7624,0.9615,0.93857,0.99915,1.34963,1.29432,0.80568,1.22433,1.29178,0.85291,1.20782,0.83732,0.61611,1.29211,1.33915,0.79412,0.23273,0.53316,0.87672,1.2685,0.79709,0.90421,1.04719,0.91991,0.92375
13.32,1.12423,0.90435,1.29645,1.27431,0.49454,1,1.29525,1.17639,0.89675,1.19833,1.0852,1.08773,0.9898,0.48979,0.66347,1.27154,0.85845,0.60872,1.17531,0.80389,1.22577,1.30536,0.46042,0.53543,1.22277,1.36412,1.36261,1.17833,0.72968,1.19329,1.11178,0.97351,1.09418,1.04438,0.93652,1.15017,0.6517,0.6674,1.32111,1,0.49874,0.87169,1.19795,0.77178,0.96172,0.93405,1.01473,1.34193,1.28575,0.79556,1.21029,1.31673,0.83166,1.24285,0.81075,0.63887,1.30303,1.33792,0.78708,0.21588,0.51648,0.87582,1.27534,0.77462,0.89123,1.04796,0.9374,0.93909
13.34,0.98109,0.88487,1.29726,1.29325,0.35767,1,1.30163,1.22323,0.86168,1.19842,1.09208,1.09414,0.97794,0.56324,0.70047,1.26988,0.87521,0.5591,1.18403,0.77678,1.23308,1.29313,0.4421,0.55545,1.21794,1.36348,1.36204,1.18046,0.71195,1.20842,1.12179,0.97386,1.07019,1.03298,1.0265,1.16946,0.64897,0.60675,1.34442,1,0.47215,0.8058,1.22987,0.7716,0.95784,0.9281,1.03081,1.32892,1.27287,0.79882,1.1963,1.32759,0.81826,1.25724,0.79827,0.68,1.30714,1.33433,0.79567,0.22226,0.52161,0.87337,1.28213,0.74484,0.8785,1.04739,0.9561,0.95558
13.36,0.88067,0.86684,1.29931,1.31016,0.24161,1,1.30571,1.25152,0.83362,1.20346,1.10722,1.10225,0.96506,0.66541,0.7496,1.25934,0.88803,0.54453,1.18648,0.77668,1.23246,1.26977,0.44976,0.58972,1.20181,1.35986,1.35844,1.18319,0.69317,1.22551,1.13117,0.97557,1.04152,1.02044,1.13061,1.18529,0.64191,0.54056,1.35916,1,0.45424,0.75184,1.24986,0.76191,0.94873,0.92027,1.0471,1.30436,1.25255,0.81812,1.18443,1.33045,0.81437,1.25729,0.79937,0.74326,1.30544,1.32759,0.82211,0.25638,0.552,0.87019,1.28878,0.70741,0.86597,1.04458,0.97574,0.97302
13.38,0.79338,0.85068,1.30231,1.32426,0.14897,1,1.30826,1.26887,0.81745,1.21194,1.13025,1.11248,0.95083,0.80894,0.81386,1.23516,0.89604,0.56218,1.183,0.8037,1.22452,1.22127,0.48374,0.63931,1.16888,1.35139,1.34996,1.18564,0.67394,1.2432,1.14005,0.97923,1.00767,1.00688,1.18997,1.19807,0.6313,0.47379,1.36866,1,0.44269,0.71094,1.25973,0.74486,0.93322,0.90992,1.06384,1.24548,1.21834,0.85479,1.17644,1.32697,0.81989,1.24296,0.81279,0.83367,1.29755,1.31623,0.86735,0.3278,0.61208,0.86727,1.29506,0.66363,0.85354,1.03845,0.99585,0.99111
13.4,0.71818,0.83688,1.30576,1.33544,0.07832,1,1.30983,1.27855,0.81949,1.22162,1.15906,1.1251,0.93511,1.02488,0.89593,1.18462,0.89923,0.61026,1.17416,0.85717,1.20908,1.08955,0.54583,0.70441,1.10651,1.33213,1.33082,1.18683,0.6553,1.26007,1.1485,0.98545,0.98573,0.9964,1.22773,1.20808,0.61853,0.41101,1.37488,1,0.43542,0.68477,1.25854,0.72413,0.91034,0.89637,1.08095,0.98137,1.15417,0.90878,1.17312,1.31636,0.83337,1.20724,0.83647,0.95714,1.28147,1.29742,0.93065,0.4564,0.70787,0.86584,1.30071,0.61612,0.84117,1.02761,1.02856,1.01764
13.42,0.65459,0.8256,1.30917,1.34402,0.02615,1,1.31085,1.2818,0.84781,1.23063,1.1903,1.13994,0.91786,1.22302,0.9981,1.06403,0.89821,0.68769,1.16076,0.93557,1.1854,0.86988,0.63969,0.78386,0.99091,1.27426,1.27477,1.18566,0.63831,1.27513,1.1566,0.99489,0.96984,0.9898,1.25318,1.21571,0.60535,0.35546,1.37901,1,0.43065,0.67536,1.24025,0.70351,0.87979,0.87917,1.09825,0.71711,1.00419,0.97858,1.17418,1.29477,0.85243,1.12508,0.86755,1.14249,1.25197,1.26529,1.01764,0.68697,0.84794,0.86724,1.30551,0.56801,0.82876,1.01008,1.05651,1.04646
13.44,0.60227,0.81624,1.31211,1.35044,0,1,1.31161,1.27853,0.9131,1.23804,1.22046,1.15625,0.89894,1.28302,1.14374,0.9048,0.89381,0.79378,1.14375,1.06024,1.15257,0.72433,0.77248,0.87531,0.91439,0.87646,0.89716,1.18084,0.62358,1.28786,1.16454,1.0157,0.95688,0.98392,1.27083,1.22169,0.59347,0.30869,1.38095,1,0.42706,0.68483,1.17946,0.68554,0.84236,0.85851,1.11566,0.54554,0.88601,1.09058,1.17871,1.2505,0.87452,0.95398,0.9027,1.22859,1.19443,1.20489,1.12623,1.15587,1.07157,0.87294,1.30944,0.52225,0.81605,0.99182,1.0768,1.06888
13.46,0.56114,0.80711,1.31427,1.35515,0,1,1.31229,1.26715,1.05308,1.24378,1.24702,1.17276,0.87805,1.31125,1.21175,0.79749,0.88678,0.92712,1.1242,1.16395,1.11024,0.61374,0.95775,0.97528,0.85043,0.54194,0.5605,1.17057,0.61111,1.29812,1.17259,1.04534,0.94722,0.97892,1.28304,1.22725,0.58445,0.27115,1.38095,1,0.42385,0.71532,0.94849,0.67092,0.80014,0.83543,1.13321,0.42879,0.78949,1.16217,1.18564,1.13848,0.89736,0.83621,0.93824,1.27042,1.05231,1.0645,1.18367,1.30636,1.22472,0.88443,1.3126,0.48141,0.80256,0.97472,1.09064,1.086
13.48,0.53174,0.7955,1.31535,1.35844,0,1,1.31291,1.24322,1.19778,1.24836,1.26874,1.18803,0.85495,1.3271,1.24942,0.71731,0.87776,1.11143,1.10355,1.21496,1.06131,0.53017,1.19409,1.108,0.79983,0.36556,0.38072,1.15193,0.60032,1.30584,1.18103,1.07633,0.94108,0.97487,1.291,1.23396,0.57984,0.24304,1.38095,1,0.42086,0.76913,0.72751,0.65878,0.75637,0.81186,1.15085,0.34728,0.71152,1.20242,1.19402,0.90173,0.91899,0.74696,0.96989,1.29429,0.88155,0.89587,1.2171,1.34008,1.27735,0.90331,1.31522,0.44796,0.78772,0.9541,1.09895,1.09867
13.5,0.51552,0.77812,1.31501,1.36047,0,1,1.31341,1.19483,1.26496,1.2526,1.2854,1.2007,0.8296,1.33671,1.27195,0.66356,0.86733,1.20263,1.08363,1.24169,1.01638,0.46827,1.26964,1.17489,0.76251,0.26561,0.27798,1.11937,0.59043,1.31093,1.19007,1.10659,0.93858,0.97187,1.29515,1.2433,0.5813,0.22488,1.38095,1,0.41847,0.8485,0.54659,0.64716,0.71491,0.79042,1.16835,0.2906,0.65142,1.22495,1.20307,0.7672,0.93777,0.68619,0.99277,1.30897,0.76503,0.79858,1.23715,1.35384,1.30195,0.93133,1.31755,0.42448,0.771,0.93058,1.10223,1.10746
13.52,0.51458,0.75229,1.3128,1.36129,0,1,1.31359,1.08159,1.30086,1.2573,1.29743,1.20982,0.80244,1.34256,1.28558,0.63533,0.85602,1.23917,1.0662,1.2543,0.99724,0.42437,1.30292,1.2074,0.73812,0.21048,0.22077,1.06026,0.58079,1.31324,1.19969,1.13449,0.93969,0.96997,1.29539,1.25584,0.59063,0.21738,1.38095,1,0.41757,0.95542,0.40865,0.63383,0.67932,0.77379,1.18526,0.25287,0.6083,1.23562,1.21219,0.68727,0.95276,0.65293,1.00465,1.31815,0.67467,0.73621,1.24862,1.3603,1.31429,0.97048,1.31973,0.41345,0.75216,0.90516,1.10078,1.1128
13.54,0.53139,0.71738,1.30807,1.36086,0,1,1.31321,0.91119,1.32188,1.2629,1.3055,1.2149,0.77456,1.34586,1.2935,0.63078,0.84432,1.255,1.05154,1.25701,1.00887,0.39567,1.32104,1.22306,0.72598,0.18591,0.19463,0.97386,0.57151,1.31251,1.20967,1.15902,0.94408,0.9691,1.2911,1.27064,0.60966,0.22128,1.38095,1,0.4194,1.11991,0.30703,0.61724,0.6521,0.76405,1.20092,0.2304,0.58033,1.23728,1.22093,0.64536,0.96445,0.64534,0.99615,1.32369,0.60527,0.70128,1.25392,1.36297,1.31964,1.04075,1.32177,0.41697,0.73138,0.87904,1.09494,1.11518
13.56,0.56871,0.67545,1.29979,1.35909,0,1,1.31193,0.79718,1.33491,1.26934,1.31021,1.21574,0.74778,1.34723,1.29772,0.64618,0.83279,1.26138,1.0371,1.25165,1.05207,0.37986,1.33193,1.22842,0.72509,0.18509,0.19256,0.90629,0.56371,1.30827,1.21954,1.17965,0.95091,0.96905,1.28089,1.28579,0.64023,0.23729,1.38095,1,0.42557,1.20736,0.2337,0.5972,0.63477,0.7624,1.21456,0.22077,0.56445,1.23161,1.22893,0.62693,0.97522,0.66019,0.975,1.32659,0.55298,0.68845,1.2543,1.36306,1.32005,1.12007,1.32344,0.43691,0.70945,0.85368,1.08547,1.11532
13.58,0.62972,0.63082,1.2862,1.35578,0,1,1.30925,0.71,1.34313,1.27609,1.31186,1.21218,0.72471,1.34699,1.29977,0.67418,0.82209,1.26522,1.0164,1.23959,1.10356,0.37515,1.33864,1.22641,0.73403,0.20499,0.2113,0.8376,0.55967,1.29959,1.22869,1.19601,0.95875,0.96943,1.2619,1.29945,0.684,0.26589,1.38095,1,0.43813,1.25006,0.18257,0.575,0.62842,0.76932,1.22536,0.22244,0.55644,1.22074,1.23586,0.61534,0.98952,0.6914,0.94308,1.32744,0.51549,0.69332,1.25044,1.36091,1.31625,1.17615,1.32429,0.47522,0.68779,0.83087,1.07399,1.11429
13.6,0.7176,0.58879,1.26394,1.35066,0,1,1.30447,0.6481,1.34803,1.2824,1.31033,1.20385,0.70865,1.34525,1.30112,0.70162,0.8131,1.27297,0.98917,1.22392,1.14841,0.38019,1.34247,1.21856,0.75089,0.24422,0.24924,0.7719,0.56275,1.28471,1.23641,1.20775,0.96551,0.96972,1.22798,1.31048,0.74227,0.30699,1.38095,1,0.45977,1.27306,0.15,0.55305,0.63431,0.7848,1.23241,0.23458,0.55108,1.20932,1.24136,0.5908,1.02526,0.72789,0.90663,1.32654,0.49187,0.71169,1.24276,1.35643,1.30826,1.21575,1.32364,0.53405,0.66842,0.81275,1.06351,1.11349
13.62,0.83544,0.55393,1.22571,1.34341,0,1,1.29645,0.61015,1.3503,1.28754,1.30496,1.19009,0.70303,1.34194,1.30308,0.71141,0.80675,1.28809,0.95881,1.21153,1.18181,0.39404,1.34398,1.20599,0.77343,0.3017,0.30511,0.71255,0.57695,1.26006,1.24207,1.21462,0.96896,0.96938,1.16394,1.31854,0.81614,0.3596,1.38095,1,0.49389,1.28503,0.13433,0.53423,0.65404,0.80851,1.23479,0.25696,0.54318,1.20505,1.24508,0.53787,1.08313,0.75395,0.87181,1.32399,0.48211,0.73918,1.23162,1.3492,1.29578,1.24371,1.32059,0.61615,0.65356,0.80138,1.05796,1.11442
13.64,0.98664,0.5289,1.15101,1.3336,0,1,1.28329,0.59473,1.35014,1.29095,1.29414,1.16966,0.71086,1.33682,1.30635,0.69127,0.80394,1.30768,0.91701,1.21063,1.2046,0.41626,1.3433,1.18975,0.79948,0.37607,0.37741,0.66151,0.60649,1.21727,1.24512,1.21648,0.96741,0.96802,1.01902,1.3238,0.90708,0.42204,1.38095,1,0.54457,1.2895,0.13547,0.52125,0.68961,0.83995,1.23146,0.28991,0.52955,1.21372,1.24668,0.45718,1.14132,0.75576,0.84279,1.31975,0.48652,0.77161,1.21731,1.33845,1.2782,1.2635,1.31374,0.72599,0.64527,0.7982,1.06048,1.11809
13.66,1.1746,0.5145,0.97941,1.3206,0,1,1.26158,0.60028,1.34726,1.29215,1.27439,1.14056,0.73456,1.32942,1.31074,0.64268,0.80542,1.32607,0.86726,1.22303,1.21914,0.44678,1.34031,1.17092,0.82718,0.46539,0.46414,0.61961,0.65568,1.13168,1.24508,1.21326,0.96036,0.96552,0.89446,1.32666,1.03171,0.4923,1.38095,1,0.61643,1.28792,0.1552,0.51657,0.7432,0.87841,1.22085,0.33416,0.51041,1.23292,1.24584,0.36518,1.19058,0.72985,0.82139,1.31358,0.50538,0.8054,1.20007,1.32285,1.25465,1.27748,1.3006,0.87138,0.64538,0.80368,1.07155,1.12462
13.68,1.24321,0.51039,0.85426,1.30354,0.01597,1,1.22454,0.6249,1.34067,1.29054,1.23749,1.10003,0.7761,1.3191,1.31534,0.58001,0.81185,1.34008,0.81623,1.24193,1.22766,0.48562,1.3346,1.15081,0.855,0.56643,0.56212,0.58733,0.72881,0.9588,1.24124,1.20489,0.94867,0.96209,0.80418,1.32745,1.161,0.56803,1.37978,1,0.71365,1.28055,0.19827,0.52283,0.81651,0.92244,1.20009,0.3901,0.48931,1.25459,1.24211,0.28125,1.22728,0.68557,0.80759,1.30507,0.53859,0.83768,1.18021,1.30031,1.22418,1.28711,1.27569,1.09425,0.65577,0.81732,1.08862,1.13312
13.7,1.27619,0.51564,0.7537,1.28132,0.07766,1.00001,1.1574,0.66572,1.32781,1.28506,1.16006,1.04519,0.83697,1.30518,1.31892,0.52151,0.82382,1.34927,0.77182,1.2591,1.23192,0.53246,1.32545,1.13092,0.88153,0.67393,0.66632,0.56529,0.82973,0.8418,1.23235,1.19134,0.93434,0.95824,0.73542,1.32643,1.22173,0.64636,1.37494,1,0.83763,1.267,0.27478,0.54342,0.90947,0.96927,1.16344,0.45663,0.47201,1.27226,1.23478,0.21797,1.25182,0.63937,0.8003,1.29371,0.58524,0.86631,1.15835,1.26772,1.18614,1.29318,1.22391,1.22621,0.67874,0.83765,1.10765,1.14212
13.72,1.29436,0.52912,0.6741,1.25259,0.17883,1.00001,1.02164,0.71849,1.30137,1.27372,0.97478,0.98819,0.91813,1.28721,1.32041,0.48089,0.84187,1.35426,0.74093,1.27002,1.23329,0.58647,1.31171,1.11286,0.90556,0.7806,0.76981,0.5543,0.96152,0.74965,1.21604,1.17283,0.91976,0.9546,0.68508,1.32376,1.2559,0.72409,1.36578,1,0.9839,1.24649,0.40639,0.58294,1.03423,1.02741,1.09799,0.53012,0.46458,1.2833,1.22268,0.18034,1.266,0.6064,0.79792,1.2788,0.64335,0.88988,1.13549,1.22074,1.14094,1.29607,1.08206,1.27635,0.71739,0.86246,1.12512,1.15013
13.74,1.30479,0.54989,0.61203,1.2156,0.36464,1.00001,0.91616,0.77808,1.23179,1.25242,0.84735,0.95859,1.03565,1.26541,1.31892,0.46549,0.86644,1.3556,0.72797,1.2731,1.23275,0.64652,1.29141,1.09803,0.92623,0.8783,0.86489,0.55505,1.1468,0.67783,1.18735,1.14973,0.90695,0.95171,0.6505,1.31942,1.27703,0.79848,1.34341,1,1.15571,1.21802,0.64568,0.64765,1.15422,1.08349,0.9856,0.60467,0.47203,1.28725,1.20382,0.16974,1.27137,0.59651,0.79886,1.25944,0.71033,0.90772,1.11296,1.15429,1.09088,1.29588,0.8643,1.30197,0.77613,0.8894,1.13913,1.15617
13.76,1.31049,0.5774,0.56435,1.16746,0.79421,1.00001,0.85046,0.83921,0.92698,1.21137,0.75701,0.93769,1.15557,1.24108,1.3134,0.47916,0.89769,1.3532,0.73515,1.26705,1.23097,0.7113,1.2608,1.08739,0.94319,0.95998,0.94484,0.56805,1.22758,0.62265,1.13465,1.12264,0.89704,0.94988,0.62938,1.31322,1.29083,0.86824,1.21956,1,1.21817,1.18055,1.16138,0.74603,1.20784,1.11501,0.91158,0.67355,0.49833,1.28375,1.17473,0.18853,1.26843,0.61566,0.80195,1.23431,0.78355,0.91977,1.09208,1.06484,1.04046,1.29244,0.7266,1.31695,0.86117,0.91645,1.1492,1.15988
13.78,1.31293,0.61126,0.52862,1.10213,1.31495,1,0.80677,0.89702,0.6799,1.12107,0.69634,0.92515,1.21281,1.21664,1.30215,0.5256,0.93509,1.34559,0.76328,1.24838,1.22836,0.77883,1.21228,1.08122,0.9565,1.03834,1.01102,0.59354,1.26646,0.5816,1.02377,1.09266,0.89042,0.94917,0.61983,1.30478,1.30005,0.93384,0.52384,1,1.24673,1.13372,1.31467,0.88862,1.23548,1.13146,0.84989,0.7312,0.54694,1.27109,1.12929,0.2442,1.25595,0.66895,0.80642,1.20174,0.86038,0.92648,1.07391,0.98041,0.99779,1.28532,0.62593,1.32622,0.98098,0.94187,1.15559,1.16128
13.8,1.31279,0.65098,0.50327,1.00498,1.3577,1,0.7779,0.94742,0.53089,0.94478,0.66041,0.92026,1.24304,1.19491,1.2817,0.61008,0.97707,1.32779,0.81212,1.20721,1.2251,0.84589,1.1283,1.07919,0.9665,1.09207,1.07391,0.63139,1.2884,0.55337,0.91879,1.06177,0.88693,0.94945,0.62039,1.29356,1.30609,0.99744,0.25445,1,1.262,1.07905,1.34547,1.11494,1.24954,1.13746,0.80355,0.77491,0.62116,1.24458,1.05616,0.35559,1.22979,0.76253,0.81185,1.1603,0.93791,0.92865,1.05905,0.94619,0.9825,1.27373,0.55257,1.33185,1.15907,0.96417,1.15885,1.16073
13.82,1.31031,0.69593,0.48728,0.94373,1.37095,1,0.75755,0.98765,0.44471,0.83012,0.64643,0.92206,1.2582,1.17765,1.24404,0.74063,1.03749,1.27896,0.88051,1.11011,1.22123,0.90814,0.98171,1.08055,0.97372,1.11499,1.1008,0.68113,1.30172,0.53748,0.83315,1.03293,0.88613,0.95048,0.63008,1.2787,1.3097,1.09189,0.12396,1,1.27143,1.02125,1.35713,1.2307,1.25462,1.13528,0.77482,0.80553,0.7242,1.19162,0.97166,0.5707,1.17904,0.90516,0.8181,1.10985,1.02403,0.9272,1.04761,0.9284,0.97416,1.25629,0.50002,1.3348,1.23713,0.98216,1.15959,1.15866
13.84,1.30538,0.74556,0.47981,0.89064,1.37704,1,0.74097,1.03025,0.40311,0.74708,0.65291,0.92949,1.26297,1.16471,1.16548,0.92999,1.09354,0.9717,0.96665,0.92826,1.21671,0.96168,0.89664,1.08445,0.97875,1.12346,1.11125,0.74229,1.30999,0.53374,0.75848,1.00941,0.88752,0.95206,0.64836,1.25887,1.31134,1.15073,0.05164,1,1.27843,0.98543,1.36176,1.2744,1.25229,1.12594,0.76482,0.82647,0.85969,1.0697,0.91969,1.06628,1.06974,1.13502,0.82514,1.0526,1.11146,0.92299,1.03927,0.92121,0.97053,1.23046,0.46361,1.33547,1.27699,0.99516,1.1583,1.15546
13.86,1.29751,0.79951,0.47992,0.84042,1.38027,1,0.72535,1.05789,0.39639,0.69085,0.6791,0.94134,1.25882,1.15426,0.97307,1.18477,1.12963,0.62428,1.09752,0.80527,1.21149,1.00928,0.83685,1.09014,0.98216,1.12413,1.11293,0.81445,1.31505,0.54197,0.6955,0.99685,0.89075,0.95405,0.67513,1.23169,1.31132,1.19168,0.00932,1,1.28453,0.97022,1.36246,1.29521,1.24241,1.10989,0.77356,0.84228,1.053,0.90865,0.87804,1.31291,0.92488,1.24206,0.83296,0.99636,1.15623,0.91672,1.0334,0.92063,0.96992,1.19137,0.43972,1.33398,1.30032,1.00626,1.15527,1.15131
13.88,1.28572,0.85732,0.48646,0.7923,1.38095,1,0.70983,1.07033,0.41978,0.65636,0.72415,0.95607,1.24507,1.14353,0.83959,1.26571,1.15316,0.43365,1.17607,0.71099,1.20555,1.06343,0.79682,1.09702,0.98446,1.12027,1.10955,0.8965,1.31793,0.56196,0.6443,0.9932,0.8956,0.95641,0.71041,1.19296,1.30989,1.22213,0,1,1.29018,0.96268,1.35997,1.30567,1.22348,1.08761,0.79996,0.85756,1.2013,0.80674,0.84629,1.34847,0.83052,1.28506,0.84147,0.97169,1.181,0.9089,1.02937,0.92396,0.97114,1.12927,0.42549,1.3302,1.31496,1.01331,1.15062,1.14621
13.9,1.26829,0.91795,0.49795,0.74707,1.38095,1,0.6952,1.07468,0.4708,0.63928,0.78603,0.97169,1.21887,1.12929,0.74651,1.29746,1.16812,0.32315,1.21669,0.64338,1.19896,1.09784,0.77376,1.10465,0.98603,1.11363,1.10309,0.98547,1.31928,0.59325,0.60509,0.99261,0.90194,0.95919,0.75415,1.1351,1.30731,1.24523,0,1,1.29515,0.95992,1.35393,1.31034,1.1925,1.06061,0.84157,0.87651,1.25396,0.73458,0.82383,1.36169,0.76053,1.30636,0.85045,0.95208,1.19375,0.89992,1.02656,0.92951,0.97338,1.02354,0.41865,1.32372,1.32429,1.01445,1.1443,1.13996
13.92,1.24201,0.97985,0.51274,0.70615,1.38095,1,0.6833,1.07585,0.54698,0.63607,0.86063,0.98594,1.1742,1.10772,0.68642,1.31205,1.17671,0.26092,1.23837,0.60034,1.19183,1.12606,0.76636,1.11276,0.98719,1.10512,1.09466,1.10559,1.31953,0.63507,0.57816,0.99363,0.90974,0.96247,0.80627,1.04266,1.30388,1.2627,0,1,1.29897,0.95917,1.34291,1.31118,1.14466,1.03226,0.89431,0.90265,1.27797,0.68919,0.81,1.36771,0.71396,1.31728,0.85966,0.93291,1.19764,0.89001,1.02448,0.93633,0.97618,0.94163,0.41738,1.31386,1.32996,1.0125,1.13618,1.13221
13.94,1.19985,1.0673,0.5293,0.6706,1.38095,1,0.67627,1.07803,0.64385,0.64386,0.94171,0.99677,1.09906,1.07362,0.65407,1.3179,1.18024,0.23189,1.24855,0.5797,1.18419,1.15386,0.7735,1.12127,0.98823,1.0953,1.08497,1.16671,1.31896,0.68622,0.56361,0.99489,0.91901,0.96636,0.86699,0.95442,1.29989,1.2758,0,1,1.30113,0.95776,1.32387,1.30912,1.07263,1.00785,0.95276,0.93868,1.28874,0.66787,0.80411,1.37025,0.68922,1.32195,0.869,0.91049,1.19389,0.87918,1.02258,0.94381,0.97923,0.88854,0.42029,1.29938,1.3328,1.01007,1.12598,1.12246
13.96,1.12334,1.12965,0.54647,0.64092,1.38095,1,0.67626,1.08481,0.75209,0.66009,1.03763,1.0053,0.98616,1.01871,0.64554,1.31784,1.17949,0.22856,1.2505,0.57932,1.17586,1.18243,0.79323,1.13022,0.98955,1.08466,1.07475,1.19822,1.31774,0.74471,0.56137,0.9952,0.92971,0.97095,0.93715,0.89677,1.29556,1.28554,0,1,1.30113,0.95326,1.29089,1.30461,0.98505,0.99669,1.01978,0.98616,1.29138,0.6681,0.80537,1.37053,0.68423,1.32203,0.87861,0.88262,1.18305,0.86727,1.02017,0.95148,0.98226,0.85142,0.42643,1.2784,1.33323,1.00948,1.11339,1.11009
13.98,0.97654,1.16972,0.56349,0.61741,1.38011,1,0.68563,1.09858,0.85339,0.68192,1.11763,1.00585,0.92712,0.97034,0.65782,1.31259,1.17502,0.24736,1.24563,0.59692,1.1664,1.21043,0.82184,1.13969,0.99156,1.07388,1.0649,1.21455,1.31599,0.80652,0.57134,0.99356,0.94171,0.97625,1.03247,0.84767,1.29107,1.29258,0.0115,1,1.29823,0.94362,1.23621,1.29806,0.94199,0.99635,1.08915,1.07109,1.28756,0.68732,0.81277,1.36892,0.69653,1.31808,0.88886,0.84891,1.16594,0.85406,1.01642,0.95882,0.98502,0.82842,0.43514,1.24855,1.33131,1.01264,1.09811,1.09446
14,0.87535,1.19841,0.57992,0.6004,1.37778,1,0.70711,1.11957,0.91992,0.70577,1.15174,0.99764,0.89262,0.93193,0.68827,1.30176,1.16732,0.2865,1.23444,0.62958,1.1551,1.23597,0.853,1.14972,0.99476,1.06389,1.05656,1.22126,1.31374,0.86443,0.59357,0.98923,0.95467,0.9822,1.13486,0.80409,1.28653,1.29734,0.04218,1,1.29113,0.92743,1.17088,1.29019,0.91658,1.00576,1.12114,1.13528,1.27732,0.72224,0.82508,1.36534,0.72298,1.31006,0.90027,0.81055,1.14516,0.83933,1.01034,0.96528,0.98724,0.81805,0.446,1.20901,1.32679,1.02075,1.08004,1.07497
14.02,0.79013,1.22069,0.59583,0.59013,1.37465,1,0.74355,1.14532,0.92668,0.7275,1.16178,0.98747,0.8824,0.89839,0.73417,1.28413,1.15685,0.34468,1.21706,0.67362,1.14079,1.25791,0.87835,1.16031,0.99965,1.05577,1.051,1.22058,1.31105,0.9085,0.62831,0.98178,0.96813,0.98866,1.19182,0.76371,1.28193,1.3001,0.0812,1,1.27738,0.90465,1.16179,1.28226,0.90795,1.02897,1.12968,1.17573,1.25939,0.76854,0.84094,1.3594,0.75979,1.29756,0.91354,0.76953,1.12631,0.82289,1.00071,0.97029,0.98867,0.81913,0.45871,1.1664,1.31894,1.03407,1.05931,1.05104
14.04,0.71929,1.23908,0.61203,0.58627,1.37061,1,0.79701,1.17149,0.8723,0.74335,1.15527,0.97403,0.89459,0.87206,0.79277,1.25757,1.14402,0.42066,1.19334,0.72508,1.12157,1.27609,0.89022,1.1714,1.01296,1.05048,1.04924,1.2132,1.30793,0.9297,0.67606,0.97111,0.98162,0.99546,1.22724,0.72488,1.27703,1.30111,0.12778,1,1.25217,0.87735,1.22114,1.27595,0.91361,1.05622,1.11945,1.20082,1.23074,0.82114,0.85912,1.35023,0.80311,1.27979,0.9296,0.72779,1.1168,0.80459,0.99328,0.97345,0.98911,0.83044,0.47296,1.13994,1.30625,1.05182,1.03616,1.02201
14.06,0.66169,1.25482,0.63029,0.58764,1.3656,1,0.86687,1.19378,0.78306,0.75094,1.137,0.95957,0.92393,0.85353,0.86105,1.21905,1.12917,0.51338,1.16279,0.78058,1.09409,1.29088,0.88475,1.18291,1.03001,1.04853,1.05174,1.1991,1.30447,0.92428,0.73721,0.95761,0.99477,1.00483,1.25058,0.6867,1.27122,1.30075,0.18061,1,1.20522,0.8499,1.27761,1.27276,0.92823,1.08189,1.09233,1.21586,1.18515,0.87471,0.87862,1.33613,0.84965,1.25534,0.94963,0.68691,1.12124,0.78432,0.98385,0.9746,0.98848,0.85025,0.48825,1.14718,1.28567,1.07231,1.01089,0.99378
14.08,0.617,1.26845,0.65345,0.59204,1.35961,1,0.94627,1.20878,0.69467,0.74984,1.11726,0.94708,0.95902,0.84208,0.93478,1.16582,1.11261,0.6218,1.12463,0.83759,1.05216,1.30272,0.86351,1.19464,1.04971,1.04985,1.0582,1.17835,1.30084,0.89581,0.81101,0.94213,1.0139,1.01783,1.26612,0.64914,1.26338,1.29959,0.23758,1,1.11405,0.82872,1.31045,1.27323,0.94223,1.10154,1.05436,1.22426,1.11035,0.92374,0.89863,1.31354,0.89688,1.22166,0.97495,0.64832,1.13758,0.76218,0.97199,0.97382,0.98681,0.8758,0.50371,1.18016,1.25081,1.09345,0.99237,0.97656
14.1,0.58585,1.28015,0.68546,0.59627,1.35277,1,1.03217,1.2134,0.63574,0.74153,1.11794,0.9401,0.98024,0.83608,1.01414,1.10043,1.09485,0.74473,1.07781,0.89462,0.99187,1.31201,0.83256,1.20627,1.07091,1.05383,1.06771,1.15247,1.29736,0.85339,0.8939,0.92601,1.0336,1.0293,1.27587,0.61293,1.25157,1.29846,0.29551,1,0.97554,0.82169,1.32576,1.2767,0.94178,1.11164,1.02777,1.22844,0.99191,0.96278,0.91831,1.27375,0.94292,1.17389,1.01345,0.61348,1.15906,0.73861,0.95793,0.97146,0.98425,0.9028,0.51797,1.21772,1.18724,1.11322,0.98073,0.96077
14.12,0.5694,1.28996,0.73142,0.59688,1.34545,1,1.08331,1.20307,0.62555,0.72882,1.15538,0.94208,0.96534,0.83324,1.09964,1.04049,1.07685,0.88115,1.02102,0.9513,0.94855,1.3191,0.79967,1.2174,1.0923,1.05961,1.07905,1.12624,1.29445,0.80715,0.97863,0.91068,1.04886,1.03889,1.28069,0.57921,1.23227,1.2983,0.35047,1,0.92903,0.83708,1.32803,1.28175,0.91352,1.10883,1.04676,1.23035,0.93014,0.98726,0.93659,1.18905,0.98644,1.10143,1.07419,0.58362,1.17935,0.71432,0.94215,0.96795,0.98101,0.92587,0.52954,1.24819,1.0569,1.13018,0.97097,0.94711
14.14,0.56889,1.29798,0.79764,0.59155,1.33818,1,1.06045,1.16689,0.68285,0.71499,1.21262,0.95549,0.90397,0.83092,1.13679,1.01756,1.06046,1.05182,0.97932,1.01574,0.90184,1.32433,0.77148,1.22767,1.1127,1.06635,1.0911,1.10778,1.29239,0.76447,1.08422,0.89726,1.06033,1.04649,1.28084,0.54901,1.19821,1.29972,0.39902,1,0.95113,0.8825,1.31385,1.28692,0.853,1.08853,1.11118,1.23189,0.89372,0.99478,0.95194,0.96033,1.04592,0.98908,1.12431,0.55946,1.19496,0.69027,0.92535,0.96372,0.97732,0.94005,0.53752,1.26989,0.92325,1.14375,0.96317,0.93599
14.16,0.5855,1.30433,0.89181,0.58012,1.33138,1,0.96493,1.0676,0.84275,0.7033,1.26314,0.9812,0.80699,0.82627,1.14827,1.04435,1.04881,1.18271,0.95372,1.09644,0.8535,1.32803,0.75266,1.23672,1.13111,1.0734,1.10292,1.10456,1.29117,0.72918,1.13899,0.88642,1.06881,1.05222,1.27597,0.5232,1.1306,1.3027,0.43987,1,1.08167,0.96437,1.24379,1.29104,0.76863,1.04212,1.18254,1.23492,0.8808,0.98591,0.96219,0.80311,1.09135,0.91973,1.16476,0.54114,1.20459,0.66762,0.90846,0.95914,0.97344,0.94236,0.5422,1.28454,0.85507,1.15396,0.95712,0.9274
14.18,0.62061,1.30907,1.0404,0.56484,1.32496,1,0.86377,0.91597,1.18269,0.69705,1.29822,1.03248,0.69879,0.81636,1.14016,1.09751,1.04621,1.23581,0.93413,1.14751,0.80597,1.33045,0.74666,1.24417,1.14664,1.08031,1.11373,1.11761,1.29038,0.70265,1.16329,0.87839,1.07519,1.05641,1.26494,0.50271,0.98175,1.30652,0.47493,1,1.20778,1.11501,0.75886,1.29316,0.67679,0.97853,1.23656,1.2411,0.89001,0.96417,0.9644,0.69554,1.11985,0.85949,1.19657,0.52857,1.20754,0.64787,0.89272,0.95449,0.96963,0.93269,0.54517,1.29404,0.81808,1.1611,0.9524,0.92102
14.2,0.67582,1.31216,1.18602,0.54963,1.31803,1,0.76229,0.80628,1.29574,0.69972,1.32027,1.09089,0.60216,0.79855,1.11016,1.14969,1.05665,1.26389,0.9208,1.18296,0.76215,1.33174,0.75669,1.24956,1.15844,1.0867,1.12284,1.14082,1.28932,0.68496,1.17196,0.87321,1.08041,1.05947,1.24523,0.48874,0.87072,1.31016,0.50948,1,1.26932,1.20197,0.43079,1.29226,0.59347,0.93115,1.27135,1.25133,0.92057,0.93502,0.95535,0.61939,1.13681,0.8063,1.22078,0.52166,1.20258,0.63291,0.87971,0.95004,0.96621,0.91351,0.54917,1.29978,0.80364,1.16555,0.94842,0.9163
14.22,0.75319,1.31348,1.24785,0.53879,1.30855,1,0.68038,0.72608,1.33031,0.71492,1.33339,1.1312,0.52987,0.77131,1.04483,1.19,1.08047,1.28034,0.91434,1.20867,0.72459,1.33195,0.78626,1.25239,1.16586,1.0923,1.1297,1.16656,1.28705,0.67563,1.17123,0.87075,1.08533,1.06183,1.21136,0.48261,0.77667,1.31265,0.55195,1,1.29987,1.24321,0.26064,1.28695,0.52879,0.88947,1.29193,1.26516,0.97253,0.90409,0.93303,0.56591,1.14443,0.75966,1.23852,0.5205,1.18696,0.62478,0.87102,0.94602,0.96349,0.88869,0.55752,1.30263,0.80488,1.16761,0.94457,0.91263
14.24,0.8556,1.31285,1.28037,0.53559,1.29219,1,0.62611,0.67905,1.34472,0.74615,1.34058,1.15621,0.48545,0.73498,0.96039,1.21834,1.1127,1.28993,0.91528,1.22736,0.69486,1.33103,0.83927,1.2522,1.16851,1.09688,1.13398,1.19004,1.28259,0.674,1.16435,0.87082,1.09059,1.06386,1.14985,0.48554,0.70068,1.31337,0.61461,1,1.31492,1.26217,0.17215,1.27479,0.4867,0.85857,1.30284,1.28082,1.07396,0.87552,0.89853,0.53092,1.14334,0.72024,1.25096,0.52546,1.15462,0.62534,0.8678,0.94263,0.96173,0.8619,0.57346,1.30312,0.81635,1.16756,0.94035,0.90945
14.26,0.98664,1.31,1.29954,0.54183,1.25687,1,0.6008,0.66412,1.3508,0.79658,1.34353,1.16908,0.4679,0.69212,0.8913,1.23756,1.1458,1.29451,0.92383,1.24029,0.67348,1.32878,0.9197,1.24838,1.16625,1.10032,1.13556,1.20951,1.27477,0.67929,1.15337,0.87317,1.09653,1.06581,1.01901,0.49854,0.64112,1.31196,0.71719,1,1.32094,1.26756,0.13086,1.25076,0.46783,0.84079,1.30684,1.29615,1.15868,0.85155,0.85668,0.51309,1.1331,0.68967,1.25916,0.53729,1.09102,0.63624,0.87054,0.94004,0.96107,0.83584,0.59985,1.30153,0.83377,1.16558,0.93544,0.90637
14.28,1.16015,1.30451,1.3116,0.55792,1.14185,1,0.60399,0.67891,1.35212,0.86856,1.34282,1.17191,0.47524,0.64698,0.82404,1.2503,1.17358,1.29435,0.9398,1.24767,0.66042,1.32481,1.05111,1.24001,1.15904,1.10245,1.13448,1.22475,1.26201,0.69059,1.14,0.87747,1.10313,1.0678,0.90801,0.52243,0.59557,1.3082,0.89847,1,1.32021,1.26222,0.12151,1.20204,0.47246,0.83669,1.30519,1.30951,1.21188,0.83293,0.81512,0.51371,1.11206,0.67083,1.26389,0.55713,0.9801,0.65905,0.87902,0.93841,0.96152,0.81242,0.63915,1.298,0.85362,1.1619,0.92981,0.90321
14.3,1.22929,1.2957,1.31939,0.58294,0.81389,1,0.636,0.72073,1.34971,0.9625,1.33803,1.16551,0.50573,0.60454,0.76304,1.25851,1.19246,1.28829,0.96248,1.24876,0.6555,1.31842,1.17048,1.22549,1.14696,1.10311,1.13084,1.23603,1.24178,0.70674,1.12608,0.88333,1.11006,1.0698,0.82704,0.55787,0.56188,1.30198,1.20783,1,1.31241,1.24554,0.1384,1.08506,0.50227,0.84585,1.298,1.32008,1.24622,0.81955,0.78267,0.53714,1.07699,0.66794,1.26562,0.58662,0.90487,0.69551,0.89237,0.9379,0.96303,0.79301,0.69337,1.29265,0.87285,1.15674,0.92368,0.90001
14.32,1.26231,1.28237,1.32435,0.6149,0.57342,1,0.69932,0.78673,1.34323,1.10579,1.32708,1.1494,0.55809,0.56901,0.71129,1.26343,1.2006,1.27281,0.99062,1.2417,0.65856,1.3083,1.2251,1.20181,1.13023,1.10209,1.12477,1.2437,1.20933,0.72648,1.11377,0.89035,1.11683,1.07167,0.76731,0.60559,0.53836,1.2933,1.3033,1,1.29378,1.21329,0.18188,0.9064,0.56165,0.86743,1.28435,1.32776,1.26874,0.81091,0.76745,0.59134,1.02204,0.68614,1.26455,0.62795,0.84336,0.74786,0.90931,0.93868,0.96546,0.77867,0.76446,1.28556,0.88874,1.15033,0.91745,0.89699
14.34,1.27928,1.26221,1.32726,0.65103,0.38878,1,0.79997,0.87467,1.33064,1.18789,1.30345,1.12141,0.63179,0.54292,0.67017,1.2658,1.19614,1.23847,1.03982,1.22259,0.66961,1.29186,1.25279,1.16258,1.10909,1.09924,1.11637,1.24803,1.15365,0.74872,1.10541,0.8982,1.12296,1.07323,0.72761,0.6669,0.52375,1.28233,1.33979,1,1.25055,1.15346,0.25876,0.79089,0.65931,0.90043,1.2617,1.33283,1.28354,0.80658,0.77589,0.68902,0.97325,0.7308,1.26058,0.68391,0.79891,0.81923,0.92847,0.94086,0.96866,0.7701,0.85514,1.27674,0.89901,1.14284,0.91162,0.89447
14.36,1.28736,1.23037,1.32853,0.68808,0.24834,1,0.94895,0.98385,1.3058,1.23039,1.24104,1.07704,0.72685,0.52718,0.6399,1.26591,1.17463,1.15258,1.08432,1.18264,0.68873,1.26342,1.26656,1.09264,1.08373,1.09444,1.10568,1.24921,1.04281,0.77286,1.10299,0.90669,1.12803,1.07427,0.70581,0.74397,0.51712,1.26957,1.3584,1,1.10975,1.02741,0.38638,0.70409,0.81059,0.94359,1.22439,1.33568,1.29307,0.80638,0.81341,0.84968,0.93715,0.80684,1.25337,0.75773,0.77169,0.9139,0.94868,0.94445,0.97249,0.76771,0.96949,1.26601,0.9019,1.13433,0.90664,0.89278
14.38,1.28958,1.17543,1.32838,0.72201,0.14209,1,1.16802,1.1387,1.2468,1.25527,0.94952,1.00849,0.84216,0.52176,0.62026,1.26365,1.12352,0.93592,1.11561,1.09945,0.71594,1.20793,1.27182,0.9771,1.05458,1.08769,1.0928,1.24722,0.92476,0.79864,1.10763,0.91573,1.13164,1.07453,0.69943,0.83965,0.51789,1.25626,1.3693,1,0.82127,0.91085,0.6036,0.63965,1.06414,0.99467,1.1599,1.33663,1.29873,0.81052,0.88564,1.12646,0.90665,0.91661,1.24227,0.85224,0.76015,1.06041,0.96889,0.94934,0.97678,0.77172,1.13675,1.25293,0.89633,1.12477,0.90299,0.89235
14.4,1.28736,1.06447,1.32685,0.74797,0.06209,1,1.25224,1.21221,0.99826,1.27088,0.69066,0.9624,0.97231,0.52628,0.61117,1.2585,1.00097,0.79176,1.13507,0.96246,0.751,1.0702,1.27103,0.89907,1.02265,1.07916,1.07804,1.24181,0.83936,0.8261,1.11913,0.92526,1.13338,1.07374,0.70581,0.95662,0.52584,1.24481,1.37621,1,0.64357,0.82353,1.006,0.59226,1.2378,1.07711,1.03807,1.33584,1.30123,0.81956,0.99932,1.25158,0.88497,1.08244,1.22631,0.96811,0.76193,1.18185,0.98801,0.95528,0.98131,0.7823,1.21734,1.23674,0.88194,1.11409,0.90122,0.89365
14.42,1.28135,0.92662,1.32381,0.76135,0.00193,1,1.2886,1.25236,0.75722,1.28106,0.53716,0.9273,1.1309,0.5404,0.61288,1.24938,0.90354,0.70356,1.14329,0.88362,0.79342,0.88677,1.26526,0.83227,0.99505,1.06914,1.06189,1.23229,0.76797,0.85549,1.13613,0.93527,1.13277,1.07159,0.72224,1.1247,0.54102,1.23841,1.38081,1,0.52485,0.75001,1.28885,0.5578,1.28828,1.12875,0.93135,1.33329,1.30076,0.83436,1.1685,1.28945,0.87509,1.18459,1.20394,1.12879,0.77443,1.23772,1.00978,0.96193,0.98583,0.79966,1.25866,1.21611,0.85911,1.10213,0.90184,0.89714
14.44,1.27179,0.8345,1.31899,0.75994,0,1,1.30683,1.27764,0.61488,1.28787,0.44867,0.90122,1.19496,0.56419,0.62598,1.23427,0.81391,0.66747,1.13997,0.83779,0.84264,0.77408,1.25469,0.7781,0.98141,1.05793,1.0449,1.2173,0.70911,0.88735,1.15658,0.94589,1.12946,1.06782,0.74607,1.20972,0.56371,1.23911,1.38095,1,0.44922,0.68736,1.33032,0.53298,1.30954,1.15883,0.87209,1.32873,1.29712,0.85597,1.24088,1.30106,0.87913,1.22152,1.17262,1.20429,0.79537,1.26808,1.03471,0.96898,0.99018,0.82424,1.28317,1.18861,0.82879,1.08853,0.9052,0.90318
14.46,1.25878,0.75907,1.31192,0.74533,0,1,1.31588,1.29507,0.53243,1.29252,0.40334,0.88489,1.22157,0.59827,0.65136,1.20923,0.73564,0.68169,1.12348,0.82511,0.89803,0.69466,1.23873,0.73673,0.97095,1.04576,1.02743,1.19412,0.66039,0.92244,1.17838,0.95742,1.12319,1.06229,0.77468,1.25269,0.59424,1.24603,1.38095,1,0.40638,0.63312,1.34524,0.51512,1.31888,1.17499,0.83771,1.32151,1.28959,0.88547,1.27908,1.29669,0.89816,1.22999,1.12786,1.24126,0.82295,1.28586,1.05207,0.97621,0.99427,0.85676,1.29921,1.14955,0.79247,1.07258,0.9114,0.91192
14.48,1.24272,0.69673,1.30193,0.72288,0,1,1.31896,1.30782,0.49171,1.29582,0.38906,0.87803,1.23162,0.64366,0.69008,1.16578,0.67009,0.75012,1.09,0.84436,0.95836,0.63994,1.21594,0.70796,0.96308,1.03284,1.00968,1.15742,0.61928,0.96153,1.19967,0.97025,1.1139,1.05499,0.80504,1.27842,0.63265,1.2559,1.38095,1,0.39082,0.58571,1.35117,0.50197,1.32164,1.18128,0.82256,1.3104,1.27667,0.92377,1.30168,1.27147,0.93197,1.21687,1.06185,1.26173,0.85571,1.29623,1.06425,0.98343,0.99806,0.89799,1.31054,1.08926,0.7522,1.05319,0.92018,0.9232
14.5,1.22508,0.64487,1.28813,0.70004,0,1,1.31688,1.31746,0.48544,1.29833,0.39892,0.87974,1.23256,0.70159,0.7432,1.08173,0.61764,0.8849,1.03217,0.89399,1.03766,0.60385,1.18383,0.69188,0.95697,1.01949,0.99597,1.09565,0.58357,1.00999,1.2191,0.98477,1.10184,1.04613,0.8334,1.29539,0.67821,1.26508,1.38095,1,0.40138,0.54433,1.35201,0.49167,1.31974,1.17973,0.82107,1.29302,1.25544,0.9713,1.31583,1.18555,0.97875,1.17452,0.98254,1.27353,0.8922,1.30146,1.07323,0.99046,1.00314,0.94857,1.31911,0.99261,0.71046,1.02882,0.93093,0.93651
14.52,1.20891,0.60173,1.26936,0.68394,0,1,1.30856,1.32486,0.5132,1.30045,0.42879,0.88883,1.2282,0.77352,0.81157,0.95433,0.57819,1.13517,0.97295,0.9719,1.11182,0.58226,1.1381,0.68888,0.95176,1.00606,0.98774,0.98976,0.55169,1.08218,1.2359,1.00256,1.0875,1.03609,0.85574,1.30725,0.72936,1.27108,1.38095,1,0.44132,0.5086,1.34813,0.48279,1.31375,1.17126,0.82788,1.26411,1.21975,1.0476,1.32479,0.87313,1.05824,1.06469,0.93707,1.28004,0.93104,1.3024,1.08058,0.99712,1.00945,1.01682,1.32593,0.929,0.66975,0.9987,0.94285,0.95115
14.54,1.19819,0.56616,1.24404,0.67937,0,1,1.28987,1.33063,0.58011,1.30241,0.47648,0.90397,1.22102,0.86167,0.89559,0.8663,0.55123,1.25417,0.93132,1.10435,1.15383,0.57246,1.07016,0.69925,0.94679,0.99653,0.9802,0.91779,0.52281,1.13384,1.24979,1.03583,1.07138,1.02522,0.86897,1.31581,0.78403,1.27273,1.38095,1,0.51998,0.47798,1.33716,0.47442,1.30332,1.15593,0.83852,1.20948,1.1545,1.11917,1.33025,0.64768,1.12357,0.91142,0.90149,1.28287,0.9713,1.29911,1.08733,1.00641,1.01513,1.10863,1.33152,0.86853,0.63224,0.98046,0.95523,0.96646
14.56,1.19555,0.53755,1.20994,0.68824,0,1,1.24723,1.3352,0.69682,1.30429,0.54113,0.9237,1.21276,0.96931,0.99427,0.7934,0.53603,1.2981,0.89599,1.18354,1.17879,0.57281,0.9819,0.72289,0.94176,0.99069,0.97327,0.85189,0.49697,1.1733,1.26077,1.06593,1.05375,1.01374,0.87205,1.32203,0.83992,1.26951,1.38095,1,0.65736,0.45174,1.30981,0.46621,1.28722,1.13327,0.84995,1.07314,1.0124,1.16445,1.33312,0.49855,1.16421,0.80533,0.87529,1.28277,1.0238,1.29102,1.09393,1.01684,1.02025,1.16595,1.33613,0.80989,0.59975,0.96137,0.96769,0.98205
14.58,1.20031,0.51593,1.16434,0.70971,0,1,1.11394,1.3389,0.87804,1.30604,0.6222,0.94622,1.20434,1.1272,1.12902,0.73953,0.53193,1.3185,0.86902,1.22388,1.19354,0.58248,0.92639,0.75875,0.93678,0.98554,0.96702,0.79371,0.47508,1.20506,1.26882,1.09222,1.03456,1.00179,0.86644,1.32638,0.89426,1.26129,1.38095,1,0.8954,0.42912,1.21611,0.45847,1.26296,1.10282,0.86083,0.87917,0.90197,1.19214,1.33387,0.40527,1.1891,0.72799,0.85749,1.27998,1.0847,1.27687,1.10025,1.02565,1.02481,1.20378,1.33976,0.75171,0.57411,0.94221,0.98013,0.99771
14.6,1.209,0.50204,1.10546,0.74011,0,1,0.837,1.34192,1.14965,1.30746,0.71777,0.96911,1.19566,1.20761,1.18936,0.70916,0.53862,1.32768,0.85198,1.24297,1.20149,0.60129,0.87549,0.80417,0.93235,0.98109,0.96162,0.74498,0.45877,1.23149,1.27379,1.11402,1.01342,0.99486,0.85563,1.32903,0.94353,1.24841,1.38095,1,1.22781,0.40956,0.81907,0.45207,1.22633,1.06534,0.87128,0.75011,0.82625,1.20604,1.33264,0.35623,1.20275,0.68295,0.84705,1.27433,1.12853,1.25468,1.1057,1.03301,1.02869,1.2292,1.34232,0.69323,0.55743,0.9242,0.99264,1.02477
14.62,1.21778,0.49699,1.03607,0.7734,0,1,0.66395,1.34442,1.24599,1.3083,0.82276,0.98945,1.18595,1.24956,1.21734,0.70726,0.55625,1.32924,0.84603,1.24668,1.2045,0.62975,0.82771,0.85479,0.92915,0.97734,0.95732,0.70725,0.44991,1.25377,1.27537,1.13096,0.99492,0.98903,0.84386,1.32997,0.98388,1.23234,1.38095,1,1.30478,0.39267,0.60599,0.44821,1.17065,1.02463,0.88216,0.651,0.77934,1.20687,1.32927,0.34739,1.20719,0.67342,0.84293,1.26519,1.16221,1.22175,1.10953,1.03902,1.03175,1.24593,1.34367,0.6346,0.55198,0.9086,1.01059,1.04956
14.64,1.22419,0.50187,0.98523,0.80311,0,1,0.54505,1.3465,1.27043,1.30833,0.92759,1.00847,1.17468,1.27442,1.22719,0.73926,0.58546,1.32302,0.8516,1.23455,1.20357,0.66921,0.78199,0.90552,0.92777,0.97427,0.95429,0.68151,0.44999,1.27247,1.27304,1.14313,0.98269,0.98337,0.83471,1.32906,1.02317,1.21589,1.38095,1,1.33243,0.37804,0.52791,0.44807,1.08718,0.99468,0.89383,0.57554,0.76035,1.19227,1.32324,0.38175,1.20304,0.70362,0.84421,1.25121,1.18932,1.17482,1.11116,1.04382,1.03389,1.25615,1.34365,0.57694,0.55999,0.8964,1.03421,1.07087
14.66,1.22712,0.51747,0.96703,0.82453,0,1,0.46443,1.34826,1.26047,1.30732,1.03217,1.0213,1.16276,1.29017,1.22355,0.81178,0.62733,1.30437,0.8681,1.19801,1.1993,0.72197,0.73792,0.95174,0.92849,0.97182,0.95255,0.66826,0.45992,1.28787,1.26587,1.15099,0.96997,0.97778,0.83034,1.32608,1.04887,1.20253,1.38095,1,1.34578,0.36528,0.56137,0.45268,0.98739,0.98626,0.90518,0.51881,0.76753,1.15398,1.31343,0.47193,1.18988,0.77997,0.84999,1.22965,1.21173,1.11063,1.11032,1.04757,1.03511,1.26108,1.34214,0.52219,0.58369,0.88803,1.05631,1.08966
14.68,1.22628,0.54425,0.96113,0.83624,0,1,0.41149,1.34976,1.17524,1.30503,1.10486,1.01672,1.15374,1.30039,1.20681,0.93253,0.68305,1.25449,0.89343,1.10495,1.19208,0.79129,0.69584,0.99019,0.93123,0.96993,0.952,0.66804,0.48001,1.30012,1.25211,1.15508,0.95654,0.97217,0.8316,1.32062,1.0566,1.19462,1.38095,1,1.35297,0.35405,0.77339,0.46293,0.9502,0.98931,0.91316,0.47745,0.79812,1.06748,1.29771,0.6468,1.16677,0.91078,0.85934,1.19483,1.2304,1.02807,1.10706,1.05043,1.03549,1.26115,1.33896,0.47295,0.62559,0.88351,1.0773,1.10661
14.7,1.22172,0.58211,0.9626,0.84024,0,1,0.37971,1.35104,0.78529,1.30119,1.11257,0.99593,1.15394,1.30676,1.17465,1.1328,0.75331,1.04764,0.9236,0.93348,1.18228,0.88139,0.6568,1.03479,0.93563,0.96852,0.95239,0.68186,0.50994,1.30932,1.22832,1.15588,0.94238,0.96651,0.8383,1.3121,1.0547,1.19181,1.38095,1,1.35682,0.34419,1.27656,0.47962,0.94532,1.00983,0.91299,0.44952,0.84747,0.94555,1.27174,0.96386,1.13338,1.128,0.87125,1.13327,1.24576,0.97153,1.10169,1.05254,1.03522,1.25601,1.33386,0.43207,0.68869,0.88261,1.09722,1.12207
14.72,1.21355,0.63054,0.96638,0.84061,0,1,0.36517,1.35213,0.47405,1.29542,1.0606,0.97324,1.16847,1.31014,1.12275,1.22854,0.83795,0.77221,0.95308,0.82444,1.17021,0.99787,0.6219,1.06415,0.94114,0.96752,0.95345,0.71129,0.54901,1.31559,1.18695,1.15376,0.92768,0.96083,0.84963,1.29953,1.04974,1.19155,1.38095,1,1.35848,0.33568,1.35351,0.50358,0.9745,1.05771,0.89987,0.43401,0.90837,0.86334,1.22542,1.26144,1.09237,1.23042,0.88482,1.00326,1.25813,0.94412,1.09473,1.05401,1.03448,1.24424,1.32647,0.40199,0.77688,0.88498,1.11585,1.13614
14.74,1.20172,0.68898,0.96828,0.84135,0.02325,1,0.3653,1.35301,0.25939,1.28716,0.94671,0.94247,1.19532,1.31095,1.0455,1.26838,0.93592,0.63227,0.97625,0.75227,1.1558,1.16037,0.59177,1.07954,0.94724,0.9669,0.95491,0.75855,0.59671,1.31908,1.10818,1.14879,0.91277,0.95524,0.86473,1.28117,1.0472,1.19102,1.37923,1,1.35846,0.32866,1.37433,0.53564,1.06723,1.10827,0.87168,0.43018,0.97208,0.80172,1.12811,1.31086,1.05196,1.26863,0.89958,0.90462,1.26792,0.92828,1.08673,1.05492,1.03345,1.22259,1.31608,0.38439,0.89566,0.89041,1.13292,1.14877
14.76,1.18576,0.75712,0.96591,0.84498,0.09216,1,0.37799,1.35366,0.11846,1.27564,0.83606,0.90668,1.22639,1.30945,0.97374,1.28705,1.07139,0.56511,0.98915,0.71369,1.13822,1.2314,0.56642,1.08704,0.95352,0.96661,0.95659,0.82613,0.65328,1.31982,0.9679,1.14067,0.89815,0.94995,0.88296,1.25361,1.05037,1.18841,1.37373,1,1.35702,0.32338,1.38318,0.57654,1.16196,1.153,0.83062,0.4372,1.05182,0.76162,0.94183,1.32637,1.02529,1.28407,0.9158,0.81807,1.27559,0.92016,1.07812,1.05534,1.03227,1.18388,1.3013,0.38056,1.08028,0.89894,1.14811,1.15972
14.78,1.16469,0.83446,0.95901,0.85215,0.18545,1,0.40057,1.35404,0.02782,1.25986,0.72808,0.86994,1.25427,1.30581,0.93692,1.29492,1.16655,0.54805,0.99042,0.70315,1.11526,1.26994,0.54553,1.09035,0.9597,0.96663,0.95841,0.91582,0.71971,1.31753,0.87398,1.12865,0.8846,0.94534,0.9039,1.20976,1.05932,1.18309,1.36512,1,1.35433,0.32029,1.38766,0.62633,1.2217,1.18832,0.78269,0.45383,1.10757,0.74156,0.82628,1.32977,1.0225,1.28784,0.93448,0.74285,1.28156,0.91648,1.06927,1.05531,1.03098,1.11064,1.27923,0.39224,1.20607,0.91082,1.16099,1.16861
14.8,1.13704,0.91936,0.94927,0.86194,0.31258,1,0.42888,1.35407,0,1.23882,0.63928,0.83683,1.27561,1.30023,0.91256,1.29572,1.21163,0.56852,0.98131,0.71447,1.08243,1.29315,0.5288,1.0922,0.96556,0.96696,0.96032,1.04628,0.79754,1.31136,0.79902,1.11146,0.87319,0.9419,0.92711,1.13345,1.07136,1.1755,1.35059,1,1.35072,0.32002,1.38889,0.68359,1.25714,1.21376,0.73567,0.47812,1.13683,0.73939,0.7455,1.32567,1.04189,1.28379,0.95724,0.67996,1.28612,0.9144,1.06049,1.05484,1.02962,0.97809,1.24345,0.42246,1.25748,0.92643,1.17106,1.17485
14.82,1.10099,1.01537,0.93942,0.87286,0.4839,1,0.45725,1.35367,0,1.21179,0.57772,0.81139,1.29022,1.29307,0.89638,1.29055,1.23468,0.61838,0.96487,0.74108,1.03089,1.30773,0.51608,1.09462,0.97095,0.96758,0.96232,1.16294,0.8888,1.29928,0.744,1.0871,0.86504,0.94019,0.95183,0.99074,1.08286,1.16654,1.32323,1,1.34682,0.32328,1.38889,0.74515,1.27691,1.23023,0.69626,0.50749,1.15372,0.75296,0.69382,1.31439,1.07286,1.2734,0.98591,0.6301,1.28947,0.91165,1.05207,1.05393,1.0282,0.89244,1.17658,0.47651,1.283,0.94615,1.17785,1.17785
14.84,1.05544,1.12172,0.93214,0.88447,0.70547,1,0.4801,1.35276,0,1.17861,0.54529,0.79615,1.29919,1.28474,0.88382,1.27884,1.2451,0.69153,0.94444,0.77678,0.97511,1.31688,0.50738,1.09873,0.97578,0.96847,0.9644,1.21604,0.99596,1.27646,0.70833,1.05272,0.86101,0.9406,0.97661,0.9052,1.09097,1.1564,1.2616,1,1.34343,0.33064,1.38889,0.80684,1.28609,1.23907,0.66829,0.53928,1.16568,0.78041,0.66748,1.29351,1.10543,1.25724,1.03896,0.59331,1.2917,0.90691,1.04422,1.0526,1.0267,0.82617,1.01029,0.56343,1.29611,0.97009,1.1811,1.17713
14.86,1.00319,1.16954,0.92938,0.89866,0.96553,1,0.49425,1.35128,0,1.14001,0.5411,0.79194,1.30377,1.27563,0.87043,1.25831,1.24648,0.78279,0.92286,0.81632,0.93032,1.32228,0.503,1.10449,0.98002,0.96958,0.96655,1.24387,1.14306,1.22937,0.69032,1.00447,0.86146,0.94327,0.99881,0.84793,1.09396,1.14305,1.06012,1,1.34122,0.34234,1.38889,0.86454,1.28723,1.24139,0.65266,0.57146,1.17745,0.81988,0.66382,1.25623,1.1343,1.23551,1.09533,0.56913,1.29281,0.90012,1.03711,1.05094,1.02515,0.77832,0.86915,0.69832,1.30195,0.99773,1.18074,1.1724
14.88,0.98122,1.18963,0.93243,0.92017,1.19062,1,0.50048,1.34923,0,1.098,0.56365,0.79815,1.305,1.26597,0.85213,1.22425,1.23984,0.88637,0.9024,0.85565,0.88596,1.32479,0.50357,1.11076,0.98363,0.97081,0.96866,1.25894,1.2103,1.10392,0.68772,0.9738,0.86629,0.94799,1.02632,0.81833,1.09065,1.12048,0.8398,1,1.34021,0.35806,1.38889,0.91494,1.28098,1.23795,0.6483,0.60293,1.1921,0.86861,0.68104,1.18416,1.15759,1.20842,1.13867,0.55722,1.29267,0.89249,1.03083,1.0491,1.02362,0.74687,0.76256,0.90542,1.30275,1.04748,1.17684,1.16358
14.9,0.97726,1.18892,0.94201,0.9567,1.23048,1,0.50341,1.34667,0,1.05603,0.61108,0.81304,1.30374,1.25577,0.82557,1.16826,1.22441,0.99465,0.88491,0.89194,0.84636,1.3247,0.51007,1.11567,0.98662,0.97201,0.97061,1.26627,1.2467,0.88132,0.69799,0.94835,0.87496,0.95426,1.03154,0.81944,1.0799,1.07405,0.77414,1,1.33973,0.37684,1.38889,0.9559,1.2666,1.22924,0.65276,0.63355,1.21087,0.92192,0.71789,1.01423,1.17497,1.17657,1.16998,0.55765,1.29102,0.88636,1.02552,1.04728,1.0222,0.72977,0.68099,1.19431,1.29952,1.08524,1.16955,1.15086
14.92,0.99602,1.16155,0.95828,1.03332,1.21509,1,0.5097,1.34377,0,1.0185,0.68073,0.83409,1.30081,1.24474,0.78908,1.07719,1.19728,1.12562,0.87175,0.92362,0.81538,1.32189,0.52361,1.11718,0.98894,0.97302,0.97222,1.26805,1.26792,0.74703,0.7185,0.9285,0.88669,0.9614,1.00582,0.85867,1.06024,0.9818,0.80191,1,1.33869,0.39715,1.38889,0.98656,1.24177,1.21565,0.66287,0.66399,1.23278,0.97323,0.77376,0.88507,1.18678,1.14102,1.19078,0.57095,1.2875,0.88444,1.02128,1.04574,1.02102,0.72542,0.62149,1.27744,1.2926,1.11031,1.15907,1.13478
14.94,1.07053,1.07278,0.98064,1.14003,1.09832,1,0.5259,1.34073,0.05446,0.99483,0.76907,0.85872,1.29694,1.23232,0.74342,0.97304,1.15114,1.18077,0.86356,0.95019,0.79529,1.31585,0.54496,1.11363,0.99064,0.97375,0.97341,1.26504,1.28036,0.65851,0.74701,0.91591,0.90074,0.9688,0.96906,0.95004,1.02993,0.89892,0.93786,1,1.33591,0.41737,1.38642,1.01401,1.20165,1.19752,0.67559,0.69538,1.25534,1.02914,0.84919,0.80636,1.19364,1.10321,1.20287,0.59769,1.28172,0.88892,1.01813,1.04461,1.02015,0.73273,0.58117,1.30759,1.28179,1.12458,1.14552,1.11598
14.96,1.14812,0.91165,1.01415,1.21022,0.80739,1,0.55767,1.33776,0.12916,0.9865,0.87147,0.88477,1.29278,1.21775,0.69187,0.92701,1.0664,1.20785,0.86018,0.97193,0.78643,1.30562,0.57395,1.10381,0.99183,0.97421,0.9742,1.25701,1.2872,0.60462,0.78196,0.91101,0.91649,0.97606,0.91832,1.14226,0.99399,0.80755,1.21182,1,1.33001,0.43622,1.38259,1.03485,1.13645,1.17511,0.68859,0.72878,1.27602,1.07227,0.94651,0.75699,1.19636,1.06463,1.20789,0.63793,1.27336,0.90092,1.01591,1.04391,1.01957,0.75116,0.55699,1.32119,1.26622,1.12983,1.12882,1.09505
14.98,1.20755,0.77114,1.05829,1.25442,0.57385,1,0.61011,1.33502,0.22839,0.98302,0.981,0.91052,1.28877,1.20025,0.63949,0.90379,0.95425,1.22227,0.86071,0.9896,0.78759,1.28981,0.60873,1.08691,0.99268,0.97449,0.97473,1.2428,1.29019,0.57674,0.82225,0.9131,0.93342,0.98294,0.85748,1.24684,0.97249,0.71974,1.30319,1,1.31879,0.45285,1.37652,1.04298,1.02622,1.14877,0.7005,0.76474,1.2932,1.09138,1.09961,0.72681,1.19594,1.02632,1.20725,0.69012,1.26251,0.92029,1.01431,1.04347,1.01918,0.7804,0.54589,1.32723,1.2441,1.12761,1.1088,1.07238
15,1.24834,0.64237,1.08701,1.28134,0.39168,1,0.6882,1.33259,0.36149,0.98292,1.11595,0.93455,1.28511,1.17924,0.59185,0.89478,0.87558,1.23071,0.8636,1.00836,0.7963,1.26709,0.64493,1.06272,0.99342,0.97481,0.97526,1.2199,1.29043,0.56835,0.86701,0.92052,0.951,0.98937,0.79497,1.29613,0.95574,0.64629,1.33934,1,1.29742,0.46699,1.36589,1.04321,0.9431,1.11928,0.71084,0.80285,1.30628,1.09839,1.19597,0.70769,1.1936,0.99429,1.20229,0.74949,1.2501,0.94553,1.0129,1.04298,1.01879,0.8202,0.545,1.32893,1.21201,1.11948,1.08534,1.04818
15.02,1.27519,0.534,1.09953,1.29676,0.25714,1,0.79693,1.33036,0.54775,0.98495,1.17454,0.9557,1.28161,1.1546,0.55356,0.89103,0.80618,1.23697,0.86707,1.03143,0.80936,1.23773,0.67615,1.03191,0.99428,0.9754,0.97605,1.18316,1.2886,0.57443,0.91543,0.93109,0.96868,0.99537,0.73789,1.32276,0.94759,0.59404,1.35739,1,1.25221,0.47948,1.34279,1.03851,0.89608,1.08821,0.7203,0.84178,1.31541,1.10124,1.2454,0.69271,1.19073,0.97746,1.19451,0.80756,1.23837,0.97404,1.01125,1.04207,1.01821,0.87022,0.55184,1.3277,1.16323,1.10722,1.05842,1.02242
15.04,1.29267,0.4472,1.09425,1.30414,0.15909,1,0.94029,1.32785,0.83464,0.98805,1.19848,0.97301,1.27748,1.1267,0.52739,0.88471,0.74651,1.2435,0.86971,1.05143,0.82368,1.2065,0.69633,0.99816,0.99541,0.97643,0.97732,1.12097,1.28501,0.59137,0.96677,0.94271,0.98601,1.00198,0.69025,1.33854,0.9511,0.56567,1.3677,1,1.12325,0.49309,1.24921,1.03114,0.87053,1.05813,0.73101,0.8798,1.32107,1.10597,1.27464,0.67632,1.18852,0.96148,1.18548,0.85411,1.2302,1.00555,1.00907,1.04046,1.01727,0.93007,0.5649,1.32413,1.08259,1.09271,1.02804,0.99746
15.06,1.30401,0.37958,1.06608,1.30517,0.08738,1,1.13959,1.32391,1.23632,0.99127,1.20353,0.98576,1.27102,1.09648,0.51465,0.87063,0.69676,1.2516,0.87093,1.07135,0.83691,1.18391,0.7027,0.98167,0.99684,0.97798,0.97915,1.00205,1.27952,0.6169,1.03614,0.95383,1.00541,1.01219,0.65323,1.34851,0.96819,0.56147,1.37413,1,0.86296,0.51339,0.63343,1.02319,0.8645,1.03265,0.74674,0.91518,1.32366,1.11614,1.29326,0.6548,1.18748,0.94409,1.17662,0.88101,1.22752,1.04971,1.00628,1.03801,1.01591,0.99913,0.58403,1.31833,0.97034,1.07769,0.99708,0.98411
15.08,1.31125,0.32825,1.00082,1.30024,0.0349,1,1.22152,1.31625,1.31815,0.99378,1.19312,0.99329,1.25893,1.06578,0.51614,0.84699,0.65749,1.26152,0.87109,1.0931,0.84769,1.17957,0.69719,0.96919,0.99844,0.98,0.98146,0.92098,1.27138,0.64975,1.10397,0.96356,1.03378,1.02135,0.62646,1.35504,0.99966,0.58098,1.37835,1,0.72047,0.54982,0.32648,1.01675,0.87666,1.016,0.77333,0.94618,1.32336,1.13219,1.30535,0.62649,1.18734,0.92315,1.16902,0.88567,1.22984,1.07762,1.00312,1.03477,1.01419,1.10533,0.61071,1.31,0.90073,1.06353,0.98062,0.97177
15.1,1.31558,0.29098,0.94903,1.28834,0,1,1.25042,1.29921,1.34678,0.99485,1.16379,0.99508,1.23369,1.03789,0.53285,0.8152,0.62982,1.27263,0.8714,1.11728,0.85558,1.19213,0.68571,0.96153,0.99995,0.98231,0.98401,0.85457,1.25889,0.68939,1.14615,0.97157,1.05635,1.02948,0.60903,1.35932,1.07165,0.62366,1.38095,1,0.64865,0.61856,0.15842,1.01397,0.90615,1.01184,0.81927,0.97084,1.31992,1.15196,1.3128,0.59194,1.18708,0.89708,1.1632,0.87177,1.23456,1.09289,1.00009,1.03102,1.01227,1.16396,0.64809,1.29838,0.84467,1.05109,0.96593,0.96052
15.12,1.31769,0.26633,0.89322,1.26644,0,1,1.25239,1.25219,1.36163,0.99378,1.10134,0.99106,1.17211,1.01787,0.56634,0.77876,0.615,1.28376,0.8736,1.14293,0.86096,1.21208,0.67552,0.95914,1.0021,0.98467,0.98649,0.80306,1.2387,0.73608,1.17288,0.97797,1.07408,1.03642,0.60016,1.36196,1.12935,0.68933,1.38095,1,0.64317,0.75038,0.05037,1.01675,0.95236,1.02106,0.89636,0.98681,1.31249,1.1724,1.31647,0.55378,1.18518,0.8656,1.15911,0.84668,1.23861,1.09738,0.99894,1.02712,1.0104,1.19832,0.70089,1.28187,0.80206,1.04057,0.95323,0.95066
15.14,1.31782,0.25336,0.83854,1.22641,0,1,1.22365,0.98125,1.37066,0.98999,0.98053,0.98213,0.97285,1.01166,0.61882,0.74185,0.61384,1.29369,0.87951,1.16782,0.86478,1.2317,0.6725,0.96203,1.003,0.98689,0.98866,0.76662,1.20382,0.79115,1.1891,0.98317,1.08742,1.04191,0.59959,1.3633,1.17226,0.77906,1.38095,1,0.71568,1.03154,0,1.02637,1.02684,1.04022,1.03738,0.9915,1.29913,1.19104,1.31675,0.51636,1.17994,0.8304,1.15615,0.81759,1.23979,1.09192,0.99848,1.02338,1.00875,1.21849,0.77497,1.25692,0.77283,1.03164,0.94291,0.94272
15.16,1.31586,0.25165,0.7889,1.14257,0,1,1.10287,0.64255,1.37657,0.983,0.89261,0.97049,0.78946,1.02367,0.69275,0.70853,0.62633,1.30128,0.89076,1.18939,0.86831,1.24789,0.68007,0.96953,1.00248,0.98889,0.99042,0.74471,1.1372,0.85739,1.19733,0.98768,1.09636,1.04552,0.60789,1.36347,1.20321,0.89629,1.38095,1,0.90814,1.27491,0,1.04303,1.11932,1.06282,1.19275,0.98231,1.27571,1.20631,1.31368,0.48525,1.1694,0.79536,1.15336,0.78936,1.23682,1.07691,0.99874,1.01996,1.00741,1.22932,0.87656,1.21464,0.75689,1.02359,0.93559,0.93742
15.18,1.31121,0.26142,0.74721,0.95647,0,1,0.83081,0.41338,1.38052,0.9725,0.81582,0.95959,0.63748,1.05385,0.78907,0.68286,0.65144,1.30544,0.9087,1.20534,0.87313,1.26022,0.69934,0.98018,1.00078,0.99071,0.99185,0.73655,0.99238,0.93925,1.19854,0.99207,1.10037,1.04665,0.62661,1.36247,1.22489,1.07437,1.38095,1,1.23197,1.32999,0,1.0657,1.17501,1.08185,1.25975,0.9571,1.23278,1.21721,1.30705,0.46718,1.15078,0.76616,1.14948,0.76466,1.22894,1.05326,0.99961,1.0168,1.00631,1.23313,1.01903,1.12631,0.75446,1.01545,0.93219,0.93575
15.2,1.30252,0.28376,0.71591,0.82507,0,1,0.63579,0.26145,1.38095,0.95845,0.75604,0.95384,0.52367,1.09666,0.90379,0.66907,0.68676,1.30467,0.93447,1.21365,0.88098,1.26918,0.72936,0.99166,0.99924,0.99249,0.99315,0.7416,0.89201,1.06918,1.19245,0.9969,1.09827,1.04445,0.65845,1.36011,1.23912,1.20218,1.38095,1,1.31247,1.35266,0,1.09236,1.20833,1.09117,1.29352,0.91498,1.1462,1.22278,1.29653,0.47061,1.11939,0.74966,1.14294,0.74464,1.21573,1.0241,1.00154,1.01367,1.00531,1.23079,1.17344,0.94199,0.76645,1.00616,0.93398,0.93899
15.22,1.28681,0.32089,0.6969,0.72016,0,1,0.49618,0.16146,1.38095,0.94113,0.71695,0.95761,0.44718,1.14345,1.04313,0.67123,0.72852,1.29606,0.96893,1.21214,0.8937,1.27547,0.76768,1.00245,0.99817,0.9944,0.99457,0.75969,0.81689,1.17597,1.17728,1.00517,1.08825,1.03798,0.70736,1.35592,1.24704,1.25703,1.38095,1,1.34091,1.36418,0,1.1205,1.22668,1.0851,1.31136,0.85768,0.97367,1.22192,1.28187,0.50688,1.06566,0.75273,1.13182,0.72936,1.19695,0.99812,1.00366,1.01028,1.00422,1.22202,1.23213,0.80542,0.79441,0.99736,0.94224,0.94843
15.24,1.2569,0.37679,0.69111,0.63596,0,1,0.40285,0.09581,1.38095,0.92123,0.70016,0.97413,0.40355,1.18654,1.14998,0.69271,0.77264,1.27213,1.02358,1.19732,0.9129,1.27985,0.81127,1.01274,0.99757,0.99656,0.99634,0.79105,0.76762,1.23369,1.14902,1.01802,1.06788,1.02637,0.7785,1.34889,1.24936,1.28707,1.38095,1,1.35405,1.37068,0,1.14779,1.23389,1.05603,1.32023,0.79017,0.8788,1.21312,1.26295,0.59355,0.98471,0.78123,1.11357,0.71805,1.17246,0.99003,1.00485,1.00637,1.00285,1.2053,1.25883,0.68785,0.84039,0.99056,0.95779,0.96486
15.26,1.19034,0.45784,0.6984,0.56778,0.00949,1,0.34435,0.05325,1.38095,0.89991,0.7058,1.0089,0.38793,1.22176,1.18858,0.73573,0.81585,1.20449,1.09519,1.16161,0.93983,1.28311,0.85743,1.01272,0.99772,0.99901,0.99858,0.83611,0.74218,1.26887,1.09913,1.03177,1.03395,1.00912,0.87796,1.33681,1.24643,1.3058,1.38026,1,1.36075,1.37451,0,1.17239,1.23151,0.9944,1.32321,0.71994,0.82742,1.19394,1.23972,0.76361,0.9271,0.83967,1.08458,0.70927,1.142,0.99004,1.00456,1.00184,1.00111,1.17718,1.27022,0.58873,0.90645,0.98283,0.98051,0.98817
15.28,0.98491,0.57343,0.71745,0.51228,0.05391,1,0.31198,0.02714,1.38095,0.8789,0.73307,1.07442,0.39642,1.24799,1.20106,0.80048,0.85641,0.94193,1.14608,1.08601,0.97503,1.2861,0.9039,1.00274,0.99879,1.00334,1.0025,0.89491,0.73748,1.29146,1.00838,1.04541,0.99181,0.99354,1.02137,1.31414,1.23846,1.31843,1.37686,1,1.36405,1.37673,0,1.19299,1.2194,0.94585,1.3216,0.65528,0.80779,1.16048,1.21189,1.11772,0.87162,0.93021,1.03909,0.70092,1.10525,0.9979,1.00244,0.99842,0.99951,1.13072,1.27218,0.50834,0.9935,0.97467,1.01684,1.03065
15.3,0.81514,0.73605,0.74551,0.46743,0.1173,1,0.3002,0.01398,1.38095,0.86037,0.78012,1.12468,0.42585,1.26569,1.20021,0.88305,0.89433,0.72336,1.18142,0.96561,1.03277,1.28966,0.94863,0.99233,1.00174,1.00851,1.00823,0.96625,0.75001,1.30598,0.94213,1.05759,0.96496,0.98231,1.17702,1.263,1.2257,1.32729,1.37155,1,1.36519,1.37782,0,1.20877,1.19575,0.89683,1.3158,0.60379,0.80917,1.10719,1.17819,1.28226,0.82236,1.07669,0.98498,0.69056,1.06222,1.02225,0.99912,0.99593,0.99836,1.05137,1.26686,0.44733,1.12637,0.96693,1.06439,1.07457
15.32,0.69412,0.96136,0.77859,0.43195,0.20668,1,0.30597,0.01231,1.38095,0.84646,0.84381,1.15845,0.47315,1.27575,1.19272,0.97393,0.93105,0.57969,1.20507,0.89029,1.0974,1.29441,0.98946,0.98145,1.0079,1.0131,1.01391,1.07425,0.77633,1.31479,0.88828,1.06702,0.94207,0.97262,1.23795,1.07536,1.20889,1.3336,1.36294,1,1.36464,1.37795,0,1.21938,1.15668,0.85557,1.30566,0.57105,0.8211,1.02822,1.13492,1.32331,0.78259,1.1782,0.94737,0.67599,1.01414,1.05024,0.99595,0.99368,0.99719,0.9623,1.25459,0.40592,1.19285,0.96063,1.09764,1.1053
15.34,0.61249,1.21125,0.81236,0.40475,0.33281,1,0.32814,0.02214,1.37949,0.83865,0.92009,1.17837,0.53509,1.27882,1.184,1.08885,0.96858,0.49234,1.21994,0.83737,1.14321,1.30047,1.0415,0.97057,1.01606,1.01685,1.01935,1.15098,0.81395,1.31924,0.84569,1.07278,0.92576,0.96572,1.26759,0.78162,1.18937,1.33806,1.3479,1,1.36243,1.37715,0,1.22493,1.09452,0.82705,1.29057,0.56049,0.83422,0.96816,1.07354,1.33967,0.75402,1.22181,0.91138,0.65611,0.98423,1.07473,0.99162,0.9918,0.99604,0.90421,1.23393,0.38353,1.22849,0.95662,1.11814,1.12411
15.36,0.56116,1.27731,0.84306,0.38479,0.51371,1,0.36688,0.04472,1.3754,0.83751,1.00826,1.18746,0.60816,1.27474,1.17874,1.14742,1.01633,0.44609,1.22817,0.8073,1.17585,1.30735,1.07398,0.96095,1.02628,1.01991,1.02476,1.19403,0.86205,1.32008,0.81516,1.07435,0.91714,0.96221,1.28303,0.62208,1.1691,1.34116,1.31714,1,1.35828,1.37525,0,1.22572,0.99694,0.81279,1.26946,0.57444,0.84178,0.9365,0.98819,1.34672,0.73683,1.24088,0.87863,0.6315,0.96942,1.09398,0.98597,0.99025,0.99486,0.85687,1.20024,0.37923,1.24839,0.95551,1.12809,1.13284
15.38,0.53265,1.3049,0.86807,0.37122,0.78074,1,0.42274,0.08244,1.36928,0.84269,1.11889,1.18806,0.6877,1.26188,1.17952,1.1737,1.07948,0.43031,1.23121,0.79754,1.19897,1.31426,1.08297,0.9533,1.03862,1.02271,1.03066,1.2198,0.92179,1.31754,0.79624,1.07144,0.91598,0.96211,1.29077,0.52079,1.15044,1.34318,1.227,1,1.35153,1.37191,0,1.22209,0.94114,0.81182,1.24108,0.61549,0.84067,0.91773,0.93401,1.34893,0.73019,1.24641,0.85043,0.60433,0.96486,1.10792,0.9788,0.98881,0.99354,0.82036,1.14047,0.39222,1.25897,0.95756,1.12938,1.13309
15.4,0.52103,1.31932,0.88605,0.36352,1.18115,1,0.49516,0.13862,1.35989,0.85309,1.17225,1.18204,0.76683,1.23562,1.18586,1.18651,1.12382,0.43759,1.23006,0.80394,1.21477,1.32038,1.06566,0.94789,1.053,1.02594,1.03775,1.23514,0.99643,1.31144,0.78802,1.06378,0.92105,0.96491,1.29376,0.45442,1.13562,1.3443,0.85274,1,1.34107,1.36653,0.06389,1.21444,0.89828,0.82139,1.20499,0.68733,0.8315,0.90716,0.88528,1.34792,0.73272,1.24282,0.82809,0.5779,0.97346,1.11712,0.9699,0.98712,0.9919,0.79462,1.00912,0.4221,1.26322,0.96282,1.12365,1.12617
15.42,0.52161,1.32764,0.89685,0.36155,1.28795,1,0.58103,0.21724,1.34519,0.8671,1.20036,1.17119,0.8367,1.18339,1.19516,1.19522,1.15485,0.46223,1.22535,0.82162,1.22456,1.32513,1.00376,0.94475,1.06909,1.03032,1.0466,1.24326,1.1198,1.30105,0.78943,1.05107,0.93056,0.96982,1.29361,0.41058,1.12608,1.34459,0.62902,1,1.32527,1.35803,0.16902,1.20327,0.86831,0.83774,1.16363,0.7957,0.81728,0.89933,0.84386,1.34437,0.74284,1.23222,0.81273,0.55559,0.99869,1.12223,0.9592,0.98479,0.98976,0.77951,0.89718,0.46898,1.2625,0.97113,1.11235,1.11322
15.44,0.53094,1.33261,0.90117,0.36552,1.31864,1,0.67429,0.32294,1.32175,0.88311,1.21439,1.1573,0.88838,1.06154,1.20488,1.20522,1.17604,0.49978,1.2174,0.84588,1.22924,1.32824,0.94144,0.94375,1.08627,1.03628,1.05742,1.2458,1.19187,1.28475,0.7994,1.03289,0.9427,0.97603,1.29121,0.38206,1.12212,1.34401,0.50659,1,1.30173,1.34436,0.30773,1.18912,0.85066,0.85711,1.12473,0.95012,0.8014,0.88962,0.8111,1.33845,0.75912,1.21577,0.80493,0.54006,1.06974,1.12383,0.94678,0.98155,0.98702,0.77456,0.79646,0.5339,1.25728,0.98218,1.09679,1.09514
15.46,0.54677,1.33554,0.90021,0.37599,1.33211,1,0.76683,0.46088,1.28405,0.89976,1.21906,1.14204,0.91603,0.90403,1.21354,1.21841,1.18981,0.54694,1.20624,0.87295,1.22946,1.3296,0.86767,0.94465,1.10371,1.04377,1.06978,1.24366,1.23714,1.2591,0.81674,1.00881,0.95602,0.98286,1.287,0.36441,1.12301,1.34248,0.4357,1,1.26725,1.32115,0.47799,1.17256,0.84431,0.87661,1.1,1.16968,0.78629,0.87545,0.78747,1.32999,0.78045,1.19422,0.80455,0.53304,1.13448,1.12239,0.93299,0.97735,0.98367,0.77874,0.70463,0.61902,1.24744,0.99548,1.07806,1.07266
15.48,0.56788,1.33709,0.89541,0.39399,1.33881,1,0.85039,0.635,1.22449,0.91596,1.21642,1.12681,0.91909,0.79599,1.22051,1.23374,1.19769,0.60113,1.19166,0.90007,1.22579,1.32908,0.79229,0.94716,1.12036,1.05227,1.08277,1.23754,1.26694,1.21683,0.83984,0.99001,0.96942,0.98979,1.28113,0.35479,1.12738,1.33975,0.39507,1,1.21823,1.27736,0.66472,1.15428,0.84794,0.89445,1.09707,1.25272,0.77339,0.85667,0.773,1.31852,0.80591,1.16826,0.81072,0.53574,1.18358,1.11832,0.91854,0.97239,0.9799,0.79027,0.62446,0.72697,1.23261,1.0193,1.05721,1.04652
15.5,0.59375,1.33763,0.88839,0.42101,1.34199,1,0.91897,0.84336,1.1362,0.93077,1.20727,1.11254,0.90228,0.71295,1.22566,1.24882,1.20052,0.66012,1.17338,0.9254,1.21881,1.3264,0.72653,0.95089,1.13515,1.06088,1.09516,1.22831,1.28673,1.14082,0.86639,0.9759,0.98207,0.99635,1.27347,0.35135,1.1336,1.33543,0.37425,1,1.15226,1.17761,0.84079,1.1353,0.85987,0.90986,1.11269,1.28907,0.76339,0.83522,0.76761,1.30322,0.83453,1.13875,0.82191,0.54936,1.21703,1.11208,0.9045,0.96716,0.97602,0.8065,0.5587,0.85906,1.21252,1.04403,1.03533,1.01787
15.52,0.62446,1.33739,0.88075,0.45923,1.343,1,0.9706,1.10076,1.02075,0.94343,1.19168,1.09957,0.8731,0.65343,1.22911,1.26168,1.19865,0.72218,1.15098,0.94803,1.20928,1.32095,0.67859,0.95541,1.14722,1.06863,1.10582,1.2173,1.29957,0.99091,0.89355,0.96342,0.99343,1.00438,1.26366,0.35291,1.14012,1.3288,0.36744,1,1.07056,0.94203,0.98112,1.11702,0.87826,0.92289,1.13714,1.30775,0.75648,0.81404,0.77118,1.28271,0.8654,1.10662,0.83617,0.5753,1.2374,1.10418,0.8921,0.96226,0.97244,0.82424,0.50898,1.0249,1.18759,1.06374,1.0136,0.99436
15.54,0.66039,1.33649,0.87394,0.51175,1.34251,1,1.01304,1.21591,0.95946,0.9534,1.16908,1.08778,0.83874,0.61498,1.23107,1.27138,1.19212,0.78658,1.12371,0.96789,1.19803,1.31151,0.65309,0.96037,1.15607,1.07486,1.11402,1.20621,1.3074,0.89701,0.91864,0.95347,1.00636,1.0138,1.25106,0.35853,1.14575,1.31854,0.37077,1,0.99047,0.81775,1.10718,1.10104,0.90129,0.93401,1.16224,1.31764,0.75246,0.79589,0.78329,1.25429,0.8979,1.07244,0.85167,0.61545,1.24713,1.09509,0.88239,0.95817,0.96952,0.84054,0.47536,1.17892,1.15925,1.0782,0.99657,0.98198
15.56,0.70187,1.33507,0.86921,0.58277,1.341,1,1.05233,1.24946,0.93241,0.96048,1.13826,1.07685,0.80458,0.59466,1.23187,1.27775,1.18094,0.85429,1.09005,0.9856,1.18586,1.29563,0.65268,0.96543,1.16147,1.07927,1.11946,1.19667,1.31146,0.82862,0.93979,0.9464,1.02164,1.02109,1.23474,0.3673,1.14954,1.30202,0.38085,1,0.95844,0.75626,1.15359,1.08873,0.92728,0.94375,1.18399,1.32231,0.7508,0.78276,0.80292,1.21164,0.93192,1.03565,0.867,0.67213,1.24728,1.08526,0.8762,0.9552,0.9675,0.85346,0.45678,1.23512,1.12999,1.08785,0.98791,0.97213
15.58,0.7487,1.33327,0.86773,0.6774,1.339,1,1.07295,1.25923,0.91777,0.9647,1.09778,1.06649,0.77429,0.58933,1.23192,1.2808,1.16548,0.92833,1.04719,1.00468,1.17347,1.26793,0.68026,0.97035,1.16323,1.08185,1.12207,1.18965,1.31252,0.779,0.95617,0.94213,1.03368,1.02672,1.21356,0.37817,1.15071,1.27343,0.3938,1,0.93933,0.73453,1.17366,1.08097,0.9545,0.95253,1.20106,1.32349,0.7507,0.7761,0.82794,1.13688,0.96777,0.99683,0.88126,0.74756,1.23674,1.07519,0.87414,0.95343,0.96651,0.86237,0.4518,1.26305,1.10283,1.09346,0.98068,0.96438
15.6,0.79955,1.3313,0.8706,0.80086,1.33727,1,1.08427,1.25655,0.9105,0.96629,1.04687,1.05658,0.75037,0.59574,1.23173,1.28033,1.14718,1.02635,0.9952,1.03559,1.16144,1.21492,0.74082,0.97486,1.16102,1.08279,1.12187,1.18513,1.31098,0.74286,0.96795,0.94022,1.04375,1.0312,1.18641,0.38978,1.14843,1.21721,0.40477,1,0.92805,0.7407,1.1826,1.07796,0.98095,0.96052,1.2133,1.32208,0.75108,0.77714,0.85476,0.9809,1.01155,0.97425,0.89397,0.84277,1.21035,1.06545,0.87673,0.95278,0.96658,0.86788,0.45905,1.27916,1.08019,1.09591,0.97432,0.9581
15.62,0.85185,1.3294,0.87887,0.9576,1.33669,1,1.09038,1.24384,0.90959,0.96563,0.99379,1.04714,0.73446,0.61055,1.23193,1.27571,1.12913,1.14305,0.96395,1.06501,1.15016,1.09023,0.84367,0.97874,1.15428,1.08232,1.11889,1.18217,1.30694,0.71613,0.97599,0.9401,1.05291,1.03506,1.15256,0.40067,1.14169,1.07274,0.40836,1,0.9217,0.76787,1.18368,1.07921,1.00889,0.96781,1.2209,1.31869,0.75068,0.78708,0.87867,0.86279,1.07445,0.9498,0.90499,0.95674,1.15164,1.05663,0.88441,0.95311,0.96772,0.87138,0.47742,1.28935,1.06293,1.09607,0.96827,0.95261
15.64,0.90246,1.3278,0.89342,1.16158,1.338,1,1.09365,1.21979,0.91539,0.96323,0.9688,1.03818,0.7274,0.63072,1.23316,1.26542,1.1157,1.21049,0.93287,1.09487,1.13983,0.90194,1.01188,0.98191,1.14213,1.08058,1.11305,1.17957,1.30024,0.69592,0.9814,0.94116,1.06193,1.03875,1.11208,0.40966,1.12917,0.87526,0.40019,1,0.91823,0.81152,1.17665,1.08372,1.04168,0.97444,1.22415,1.31377,0.74811,0.80729,0.89503,0.75168,1.12152,0.92134,0.91439,1.11554,0.99579,1.04914,0.89744,0.95431,0.96988,0.87441,0.50621,1.29628,1.05036,1.0947,0.96204,0.94732
15.66,0.94832,1.32661,0.91477,1.23896,1.34133,1,1.096,1.17929,0.92802,0.95968,0.95172,1.0295,0.72928,0.65365,1.23601,1.24616,1.11082,1.25535,0.90115,1.12572,1.13042,0.78715,1.20853,0.98439,1.12337,1.07759,1.1042,1.17628,1.29041,0.68044,0.98517,0.94295,1.07126,1.04253,1.06635,0.41621,1.10906,0.75425,0.37864,1,0.9157,0.86824,1.15992,1.09016,1.06169,0.98062,1.22329,1.30769,0.74205,0.83926,0.90069,0.64437,1.15891,0.8872,0.92244,1.19716,0.86502,1.04303,0.91578,0.95634,0.973,0.87814,0.54509,1.30118,1.0411,1.09239,0.95532,0.94182
15.68,0.98675,1.32582,0.94293,1.27392,1.34616,1,1.09928,1.11066,0.94677,0.95573,0.94138,1.02074,0.73958,0.67716,1.2409,1.21009,1.11594,1.28734,0.86813,1.1569,1.12179,0.70409,1.27566,0.98641,1.0965,1.0732,1.09213,1.17164,1.27669,0.66896,0.98802,0.94514,1.08097,1.04652,1.01887,0.42053,1.07884,0.66854,0.34541,1,0.91212,0.93454,1.1307,1.09708,1.07298,0.98663,1.2185,1.30086,0.73132,0.88458,0.89475,0.54067,1.18985,0.84647,0.92943,1.23736,0.75129,1.03796,0.93885,0.95927,0.977,0.88326,0.59355,1.30461,1.0338,1.08952,0.94798,0.93594
15.7,1.02835,1.32527,0.97713,1.29248,1.35162,1,1.1052,0.99366,0.97006,0.95219,0.93611,1.0114,0.75709,0.69935,1.24793,1.13424,1.12928,1.31086,0.8336,1.18707,1.11372,0.64443,1.30732,0.98825,1.06,1.06708,1.07668,1.16533,1.25812,0.66164,0.99035,0.94751,1.0908,1.05063,0.98881,0.42351,1.03497,0.60947,0.3046,1,0.90552,1.01114,1.08457,1.10307,1.07852,0.9928,1.20996,1.29377,0.71509,0.9447,0.87848,0.44249,1.21599,0.79936,0.93565,1.26018,0.65948,1.03321,0.96535,0.96325,0.9817,0.88998,0.65027,1.30671,1.02763,1.08637,0.94018,0.9298
15.72,1.05506,1.32471,1.02925,1.30259,1.35699,1,1.11494,0.92485,0.99562,0.94986,0.93407,1.00099,0.78019,0.71863,1.25677,0.96506,1.14729,1.32832,0.7979,1.21478,1.10597,0.60259,1.32421,0.99023,1.0126,1.0587,1.0576,1.15727,1.23368,0.65921,0.99232,0.94994,1.10037,1.05468,0.97679,0.42652,0.98713,0.57183,0.26058,1,0.89421,1.10553,1.01481,1.1069,1.08063,0.99939,1.19788,1.28703,0.69325,1.03718,0.85461,0.35264,1.23809,0.74733,0.94135,1.27392,0.59103,1.02794,0.99348,0.9685,0.98697,0.89814,0.71277,1.3074,1.02228,1.08307,0.93219,0.92366
15.74,1.06241,1.32385,1.08689,1.30741,1.36193,1,1.12872,0.87428,1.03768,0.94933,0.93366,0.99475,0.80717,0.73401,1.26664,0.83868,1.16662,1.34124,0.76206,1.23894,1.09815,0.57454,1.33346,0.99263,0.97941,1.04722,1.03429,1.14745,1.20218,0.66253,0.99396,0.95241,1.10932,1.05849,0.9732,0.43106,0.95581,0.55227,0.21629,1,0.87724,1.15379,0.96455,1.10774,1.08105,1.01261,1.18244,1.2812,0.66673,1.13755,0.82617,0.27366,1.25652,0.69301,0.94686,1.28228,0.54482,1.02143,1.03813,0.97536,0.99271,0.90752,0.77802,1.30646,1.01772,1.07967,0.92435,0.91782
15.76,1.05434,1.32241,1.12824,1.30832,1.36634,1,1.14564,0.84007,1.07111,0.95091,0.93379,0.98873,0.83645,0.74528,1.2765,0.73247,1.18507,1.3507,0.72781,1.25891,1.08973,0.55718,1.33811,0.99552,0.95572,1.03135,1.00541,1.13581,1.16218,0.6723,0.99525,0.95494,1.11742,1.06191,0.97714,0.43865,0.92656,0.54843,0.17314,1,0.85463,1.17995,0.92836,1.10517,1.08092,1.02623,1.1638,1.27666,0.63765,1.19548,0.79583,0.20739,1.27144,0.63991,0.95253,1.28715,0.51863,1.01328,1.07501,0.98424,0.99893,0.91789,0.8432,1.30363,1.01403,1.07612,0.9169,0.9125
15.78,1.03154,1.32004,1.15849,1.30589,1.37025,1,1.16405,0.81986,1.09457,0.95453,0.93393,0.98277,0.86645,0.75295,1.28533,0.64719,1.20139,1.35743,0.69761,1.27444,1.08006,0.54798,1.3395,0.9988,0.93564,1.00921,0.98557,1.12229,1.11174,0.689,0.99618,0.9576,1.12449,1.06483,0.98745,0.45076,0.90003,0.55855,0.13172,1,0.82751,1.19352,0.89973,1.09914,1.08078,1.03892,1.14228,1.27343,0.60913,1.23123,0.76594,0.15506,1.28284,0.59214,0.95872,1.28964,0.51032,1.00363,1.10168,0.99559,1.01109,0.92904,0.9061,1.29851,1.01136,1.07232,0.91013,0.90792
15.8,0.99641,1.31638,1.18079,1.30018,1.37371,1,1.18214,0.81126,1.11044,0.95982,0.93411,0.97743,0.8954,0.75819,1.29225,0.58332,1.21493,1.36191,0.67454,1.28551,1.06839,0.54482,1.33816,1.00429,0.91901,0.98965,0.96734,1.10694,1.04817,0.71284,0.99667,0.96046,1.13032,1.06712,1.00525,0.46886,0.87673,0.58119,0.09239,1,0.79787,1.19893,0.8786,1.08991,1.08059,1.04965,1.11875,1.27114,0.58491,1.25352,0.73859,0.11743,1.29065,0.55389,0.96579,1.29048,0.51833,0.9967,1.12117,1.01864,1.02458,0.94065,0.96525,1.29052,1.00993,1.06814,0.90433,0.9043
15.82,0.97247,1.31088,1.19718,1.29086,1.37675,1,1.19863,0.81211,1.12018,0.96625,0.93495,0.97347,0.92141,0.76249,1.29667,0.54091,1.22548,1.36449,0.66166,1.29228,1.05399,0.54599,1.334,1.00999,0.90557,0.97205,0.94804,1.08998,0.98512,0.74393,0.99665,0.96361,1.13473,1.06866,1.03767,0.49457,0.85705,0.61508,0.05534,1,0.76785,1.1984,0.86485,1.07803,1.07973,1.05726,1.0948,1.26923,0.56846,1.26664,0.71546,0.09473,1.29471,0.52851,0.97396,1.29017,0.54191,0.99223,1.13548,1.04723,1.03825,0.95236,1.03572,1.27872,1.00999,1.06345,0.89982,0.90183
15.84,0.94788,1.30277,1.20911,1.27712,1.37944,1,1.21304,0.82061,1.12433,0.97334,0.93763,0.97171,0.943,0.76728,1.29829,0.51946,1.23317,1.36536,0.66139,1.29502,1.03625,0.5502,1.3263,1.01374,0.89503,0.95224,0.92783,1.07173,0.9508,0.7824,0.99606,0.96712,1.13763,1.06942,1.06685,0.52969,0.84109,0.65916,0.02056,1,0.73887,1.19304,0.85879,1.06398,1.07694,1.06057,1.07253,1.26704,0.56225,1.27284,0.69748,0.08683,1.29479,0.51778,0.98325,1.28904,0.5812,0.98923,1.14591,1.07539,1.05193,0.96382,1.09988,1.26138,1.0117,1.05809,0.89679,0.90063
15.86,0.92401,1.29078,1.21766,1.25742,1.38095,1,1.2255,0.8354,1.12253,0.9808,0.94395,0.97292,0.95941,0.77377,1.29691,0.51821,1.23833,1.36459,0.6754,1.29396,1.01503,0.5567,1.31332,1.01461,0.8872,0.93092,0.90719,1.05262,0.9227,0.82847,0.99491,0.97102,1.13908,1.06939,1.09185,0.57623,0.82867,0.71248,0,1,0.71145,1.1832,0.86144,1.04801,1.07023,1.0583,1.0539,1.26399,0.56756,1.27319,0.68481,0.0938,1.29037,0.52196,0.99339,1.28728,0.63715,0.98853,1.15324,1.10185,1.06529,0.97471,1.13934,1.23522,1.01501,1.05196,0.89525,0.90067
15.88,0.9015,1.27286,1.22365,1.22933,1.38095,1,1.23637,0.85535,1.11317,0.9885,0.9564,0.97793,0.97068,0.78275,1.29228,0.53668,1.2414,1.36203,0.70471,1.28926,0.99571,0.56525,1.29126,1.01153,0.88204,0.90925,0.88704,1.03333,0.89925,0.88194,0.99327,0.97531,1.13928,1.06868,1.11294,0.63597,0.81942,0.77351,0,1,0.68548,1.1688,0.87481,1.03003,1.05638,1.04868,1.04013,1.2596,0.58477,1.26789,0.67705,0.11646,1.28029,0.54002,1.0072,1.28491,0.71076,0.991,1.1579,1.12539,1.07777,0.98471,1.16608,1.19373,1.01963,1.04501,0.89503,0.90181
15.9,0.88055,1.24554,1.22764,1.18952,1.38095,1,1.24602,0.87935,1.0928,0.99645,0.97811,0.98751,0.97757,0.79462,1.28404,0.57478,1.2428,1.35724,0.74987,1.28111,0.98512,0.576,1.25117,1.00318,0.87971,0.88882,0.8687,1.01499,0.8796,0.94172,0.99129,0.97988,1.13851,1.06746,1.1307,0.7098,0.813,0.83923,0,1,0.66059,1.14952,0.90199,1.00972,1.02997,1.02888,1.03129,1.25345,0.61345,1.25627,0.67347,0.1566,1.2621,0.56955,1.02408,1.28186,0.80184,0.99756,1.15995,1.14502,1.08867,0.9934,1.1852,1.12259,1.0251,1.03733,0.89585,0.90376
15.92,0.86122,1.20241,1.22993,1.13439,1.38095,1,1.25478,0.90614,1.05455,1.00903,1.0234,1.00453,0.98124,0.80948,1.27152,0.63301,1.24291,1.34928,0.81133,1.26979,0.9775,0.58942,1.16711,0.99416,0.88046,0.8713,0.85364,0.99957,0.86339,1.0112,0.98915,0.98458,1.13709,1.06591,1.14571,0.79732,0.80921,0.90461,0,1,0.6364,1.12496,0.9469,0.99356,0.99102,0.99718,1.02644,1.24517,0.65268,1.23647,0.67318,0.21785,1.23027,0.60713,1.03549,1.27793,0.90788,1.01715,1.15929,1.16018,1.09731,1.00073,1.19915,0.9917,1.03083,1.02916,0.89735,0.90621
15.94,0.84354,1.12928,1.23049,1.06278,1.38095,1,1.26284,0.93425,0.99241,1.02404,1.0921,1.03965,0.983,0.82724,1.25347,0.71289,1.24204,1.33578,0.89049,1.25547,0.97398,0.60602,0.96697,0.98358,0.88449,0.85799,0.84297,0.99378,0.85045,1.10191,0.98707,0.98924,1.13529,1.06421,1.15841,0.89717,0.80827,0.96324,0,1,0.61259,1.09493,1.02506,0.98234,0.95782,0.97338,1.02407,1.2343,0.70161,1.20439,0.67542,0.3085,1.16965,0.64967,1.04059,1.27286,1.04182,1.04505,1.1557,1.17081,1.10328,1.01036,1.20928,0.90771,1.03626,1.02073,0.89924,0.9089
15.96,0.8277,0.99377,1.22887,0.99185,1.38095,1,1.27032,0.96181,0.94688,1.03729,1.14865,1.07392,0.98407,0.84763,1.22745,0.8171,1.24042,1.30942,0.99074,1.23769,0.97506,0.62616,0.83664,0.97035,0.89175,0.8496,0.83729,0.99033,0.84064,1.15474,0.98527,0.99374,1.13326,1.06244,1.16905,1.01409,0.81097,1.01598,0,1,0.58907,1.06013,1.13051,0.97182,0.91912,0.94628,1.02263,1.22027,0.75983,1.15083,0.67957,0.44922,1.02176,0.69605,1.03904,1.26638,1.15637,1.0752,1.14902,1.17714,1.1064,1.01592,1.21643,0.83909,1.04083,1.01228,0.90134,0.91167
15.98,0.81418,0.90901,1.2241,0.96806,1.38095,1,1.27719,0.9862,0.9009,1.04795,1.19105,1.10359,0.98549,0.87002,1.18881,0.94839,1.23817,1.23501,1.14064,1.21426,0.98069,0.64978,0.7496,0.95551,0.90188,0.84643,0.83678,0.98878,0.83394,1.18929,0.98399,0.99796,1.13104,1.06063,1.17761,1.14516,0.81872,1.05698,0,1,0.56613,1.02362,1.19351,0.96293,0.87896,0.91895,1.0207,1.20257,0.82709,1.05318,0.68522,0.69747,0.87832,0.74841,1.03078,1.2583,1.2061,1.10401,1.13921,1.17947,1.10668,1.01838,1.22109,0.78203,1.04404,1.00408,0.9036,0.91451
16,0.80381,0.84431,1.21436,0.96607,1.38095,1,1.28332,1.00786,0.86036,1.05485,1.22047,1.12615,0.98812,0.89326,1.12831,1.13231,1.23538,0.85626,1.21499,1.17903,0.99027,0.67619,0.69398,0.94062,0.91416,0.8485,0.84134,0.98845,0.83041,1.21392,0.98349,1.00342,1.12859,1.05872,1.1839,1.20279,0.83358,1.06007,0,1,0.54445,0.9964,1.2309,0.95695,0.84235,0.89519,1.01707,1.18101,0.9027,0.94583,0.69212,1.21012,0.76388,0.81277,1.01602,1.24856,1.23118,1.12871,1.12648,1.17795,1.10418,1.01889,1.22346,0.73326,1.04527,0.99826,0.90608,0.91746
16.02,0.79752,0.79627,1.19633,0.98635,1.38095,1,1.28859,1.02197,0.83043,1.05677,1.23918,1.14037,0.99272,0.91583,1.02559,1.21622,1.23201,0.5552,1.25729,1.1157,1.0056,0.70408,0.66278,0.92736,0.92765,0.85571,0.85071,0.98849,0.83011,1.23264,0.98406,1.00954,1.12581,1.05668,1.18759,1.23352,0.85814,1.02617,0,1,0.52488,0.98962,1.25189,0.95525,0.81371,0.87865,1.01061,1.1561,0.98498,0.87791,0.70026,1.32837,0.66624,0.89889,0.99759,1.23737,1.24352,1.14788,1.11131,1.17255,1.09897,1.01882,1.22366,0.69044,1.04387,0.99509,0.90883,0.9206
16.04,0.7961,0.7616,1.16336,1.05195,1.38095,1,1.29289,1.01345,0.81439,1.0527,1.24953,1.14595,0.99995,0.93633,0.9421,1.25371,1.22787,0.35775,1.28414,0.98622,1.03168,0.73177,0.65163,0.91704,0.94146,0.86795,0.86463,0.98793,0.83281,1.24741,0.98596,1.01423,1.12271,1.0545,1.18841,1.25149,0.89525,0.97037,0,1,0.5082,0.99377,1.26148,0.95883,0.79557,0.87178,1.00007,1.12906,1.10066,0.82753,0.70997,1.35794,0.58354,1.03423,0.98552,1.22522,1.24767,1.16125,1.09432,1.16293,1.09103,1.01971,1.22185,0.65233,1.0391,0.9926,0.91186,0.92393
16.06,0.79995,0.73667,1.09927,1.12788,1.38095,1,1.29618,0.98982,0.81352,1.04196,1.25344,1.14297,1.01979,0.95386,0.88573,1.27244,1.22257,0.22241,1.30227,0.88908,1.05565,0.75736,0.65752,0.91038,0.95494,0.88506,0.88288,0.98572,0.83772,1.25916,0.98943,1.01769,1.11944,1.05228,1.18617,1.26274,0.94777,0.91096,0,1,0.49497,1.01765,1.26197,0.96798,0.78821,0.87547,0.9923,1.1016,1.16393,0.79377,0.72202,1.37104,0.51442,1.17939,0.97305,1.21294,1.24549,1.16925,1.07612,1.1484,1.08028,1.02315,1.21849,0.61887,1.03008,0.99074,0.91499,0.92731
16.08,0.80904,0.71749,0.97861,1.1863,1.38095,1,1.29842,0.96271,0.82762,1.02431,1.25251,1.13154,1.0436,0.96812,0.84462,1.28093,1.2154,0.12871,1.31479,0.804,1.07656,0.77865,0.67793,0.9076,0.96763,0.90673,0.90511,0.98082,0.8434,1.26813,0.99465,1.02029,1.11638,1.05021,1.18076,1.27059,1.03286,0.84374,0,1,0.48576,1.05889,1.25365,0.98213,0.78998,0.88907,0.98204,1.07551,1.19769,0.77581,0.73759,1.3781,0.45833,1.24279,0.96089,1.20184,1.23767,1.17246,1.0573,1.12793,1.06661,1.03059,1.21447,0.59112,1.01577,0.98932,0.91788,0.93042
16.1,0.823,0.69991,0.88905,1.22774,1.38095,1,1.2995,0.93001,0.85526,1.00028,1.24843,1.11198,1.06986,0.97924,0.8197,1.28203,1.20532,0.06505,1.32328,0.73952,1.09399,0.79315,0.71008,0.90851,0.97917,0.93235,0.93067,0.97223,0.84783,1.2742,1.00333,1.0225,1.11415,1.04866,1.17208,1.27726,1.13303,0.77655,0,1,0.4812,1.09979,1.23481,0.99981,0.79759,0.91044,0.96924,1.05224,1.21467,0.77334,0.75825,1.38222,0.41556,1.27404,0.94969,1.19377,1.22435,1.17142,1.03855,1.10018,1.05005,1.04308,1.21123,0.57113,0.99744,0.98809,0.91995,0.93275
16.12,0.84125,0.68035,0.80679,1.25621,1.38095,1,1.2993,0.89649,0.89409,0.98681,1.24317,1.08518,1.09688,0.98768,0.81224,1.27608,1.19078,0.02396,1.32859,0.70157,1.10779,0.79881,0.75097,0.91271,0.98929,0.96098,0.95866,0.95915,0.84901,1.27712,1.0199,1.02481,1.11337,1.04795,1.16,1.28414,1.19278,0.71542,0,1,0.48203,1.13422,1.20072,1.03411,0.80694,0.93638,0.95408,1.03254,1.21934,0.78631,0.78573,1.38463,0.38656,1.28839,0.94004,1.1905,1.20542,1.16651,1.02063,1.06343,1.0308,1.06083,1.21035,0.56115,0.9842,0.9868,0.92066,0.9338
16.14,0.8633,0.65677,0.73518,1.2756,1.38095,1,1.29765,0.86601,0.94144,0.97458,1.23866,1.05279,1.12314,0.99402,0.82284,1.2616,1.1695,0.00036,1.3312,0.69257,1.1181,0.79524,0.79814,0.9197,0.99788,0.99156,0.9881,0.94117,0.84599,1.2766,1.03781,1.02761,1.11438,1.04828,1.14415,1.29178,1.23055,0.66365,0,1,0.48893,1.16052,1.13962,1.06142,0.81458,0.96349,0.93695,1.01642,1.21265,0.81418,0.82166,1.38593,0.37157,1.29146,0.93231,1.19257,1.18024,1.15792,1.00424,1.01532,1.00918,1.08301,1.21259,0.56296,0.96887,0.98522,0.91973,0.93332
16.16,0.88899,0.62929,0.67548,1.28871,1.38095,1,1.29435,0.84116,0.99458,0.96441,1.23599,1.01735,1.14744,0.99879,0.85053,1.23519,1.1381,0,1.33135,0.71189,1.12523,0.78451,0.85057,0.92894,1.0096,1.04055,1.03255,0.91846,0.83954,1.27232,1.05617,1.03109,1.11693,1.0495,1.12374,1.29988,1.25538,0.62244,0,1,0.50238,1.17918,1.0182,1.08151,0.81895,0.9889,0.91845,1.00342,1.19331,0.85475,0.86708,1.38595,0.37069,1.28473,0.92669,1.19863,1.14687,1.14572,0.99506,0.97917,0.99311,1.10794,1.21721,0.57745,0.95192,0.98323,0.91737,0.93149
16.18,0.91829,0.60012,0.62814,1.29731,1.38095,1,1.28919,0.82366,1.07802,0.95685,1.23485,0.99161,1.16882,1.00477,0.89149,1.19194,1.09158,0,1.32899,0.75543,1.12948,0.771,0.90936,0.93977,1.01992,1.08203,1.07394,0.89187,0.83235,1.26386,1.07405,1.03519,1.12015,1.05115,1.09742,1.30766,1.27192,0.59201,0,1,0.52259,1.19106,0.92022,1.09516,0.82078,1.01982,0.89953,0.99657,1.1585,0.90234,0.92174,1.38595,0.38427,1.26724,0.92322,1.20592,1.10044,1.13002,0.98952,0.95331,0.98249,1.13347,1.22216,0.60456,0.93406,0.98084,0.91432,0.92901
16.2,0.95115,0.57287,0.59367,1.30242,1.38095,1,1.28197,0.81487,1.13048,0.95212,1.23355,0.97893,1.1866,1.01004,0.93768,1.13194,1.02302,0.01244,1.32372,0.81295,1.13114,0.76066,0.97789,0.95137,1.02744,1.1112,1.1032,0.86285,0.82855,1.25078,1.09051,1.03963,1.12276,1.05248,1.06318,1.31427,1.28257,0.57247,0,1,0.54935,1.19668,0.8496,1.10318,0.82286,1.04669,0.88146,0.9927,1.10657,0.94605,0.98312,1.38527,0.41324,1.23755,0.92184,1.21127,1.02878,1.11125,0.98532,0.9315,0.97335,1.15766,1.22469,0.64305,0.9163,0.97819,0.91182,0.92701
16.22,0.98728,0.55118,0.57251,1.30458,1.38095,1,1.27244,0.81602,1.16225,0.9503,1.22963,0.97101,1.20048,1.01392,0.97726,1.08155,0.96885,0.04695,1.31458,0.86668,1.1304,0.75956,1.09108,0.96284,1.03274,1.13079,1.12309,0.8331,0.83274,1.23252,1.1048,1.04404,1.12328,1.05259,1.01814,1.31914,1.2886,0.56388,0,1,0.58212,1.19596,0.79735,1.10617,0.82893,1.06187,0.86557,0.98981,1.04555,0.97138,1.073,1.3833,0.45935,1.19956,0.92246,1.21182,0.96054,1.09036,0.98227,0.91471,0.96611,1.17923,1.2219,0.69071,0.89974,0.97552,0.91131,0.92684
16.24,1.04535,0.5376,0.56467,1.30405,1.38095,1,1.26028,0.82819,1.18115,0.95135,1.22053,0.9675,1.21053,1.01709,0.99873,1.09194,0.93424,0.10587,1.29958,0.89632,1.1274,0.77258,1.1707,0.97341,1.0363,1.14276,1.13557,0.80409,0.84872,1.20814,1.11643,1.04804,1.1203,1.05065,0.98134,1.32202,1.29075,0.56602,0,1,0.62032,1.18808,0.76191,1.10445,0.84225,1.06822,0.85291,0.9874,1.00281,0.96676,1.1305,1.37964,0.52552,1.17216,0.92493,1.20509,0.90467,1.06863,0.98018,0.90345,0.96107,1.1977,1.21058,0.74541,0.8854,0.97304,0.91418,0.92977
16.26,1.09595,0.53326,0.56953,1.30097,1.38095,1,1.24497,0.85219,1.19151,0.95516,1.20341,0.96793,1.21707,1.02061,0.99657,1.15592,0.90951,0.20504,1.27447,0.88988,1.12221,0.80285,1.22078,0.98259,1.03859,1.14865,1.14219,0.77693,0.8788,1.17544,1.12516,1.05139,1.11246,1.04594,0.95488,1.32292,1.28942,0.57816,0,1,0.6634,1.17117,0.74085,1.09807,0.86464,1.06745,0.84408,0.9847,1.0075,0.93082,1.16183,1.37246,0.61571,1.17861,0.9291,1.18812,0.84931,1.04747,0.97881,0.89759,0.95821,1.21308,1.18592,0.80631,0.87407,0.97093,0.9215,0.93679
16.28,1.13117,0.53823,0.5857,1.29551,1.38095,1,1.22588,0.88845,1.19608,0.96152,1.17462,0.9717,1.22044,1.02586,0.9742,1.22005,0.89485,0.37868,1.22971,0.85139,1.11495,0.85159,1.25365,0.99018,1.04007,1.14976,1.14427,0.75261,0.92337,1.12925,1.13078,1.05386,1.0982,1.03788,0.93151,1.32189,1.28488,0.59861,0,1,0.71059,1.14156,0.73116,1.08685,0.89599,1.06058,0.83934,0.98059,1.05101,0.87357,1.17765,1.35551,0.7335,1.21168,0.93472,1.15622,0.79731,1.0281,0.97793,0.89647,0.95729,1.22552,1.1385,0.87457,0.8665,0.96935,0.93403,0.94857
16.3,1.15455,0.55184,0.61077,1.28812,1.38095,1,1.2025,0.9367,1.19687,0.97013,1.12929,0.97807,1.22085,1.03443,0.94212,1.26348,0.89011,0.70729,1.14083,0.79755,1.10582,0.91746,1.27519,0.99614,1.04116,1.14731,1.14302,0.73217,0.98018,1.05675,1.13299,1.05531,1.07546,1.02594,0.91291,1.31899,1.27742,0.6244,0,1,0.76035,1.09208,0.72947,1.07048,0.93391,1.0484,0.83876,0.9737,1.10063,0.81082,1.18241,1.28814,0.8781,1.2464,0.94146,1.10097,0.75239,1.01148,0.97727,0.89895,0.95784,1.23513,1.04634,0.95371,0.86347,0.96842,0.95219,0.96546
16.32,1.16805,0.57303,0.64142,1.27968,1.38095,1,1.17475,0.99598,1.19554,0.98057,1.06128,0.98622,1.21833,1.04752,0.91244,1.28914,0.895,1.24485,0.96995,0.74654,1.09516,0.99623,1.28875,1.00119,1.04223,1.14248,1.13963,0.71656,1.07043,0.96783,1.13135,1.0556,1.04098,1.00963,0.90077,1.31424,1.26753,0.65142,0,1,0.81038,1.00712,0.73233,1.04851,0.97417,1.03165,0.84233,0.96266,1.13696,0.75648,1.1775,0.67282,1.06381,1.2711,0.9489,1.00573,0.71782,0.99909,0.97662,0.90372,0.95933,1.242,0.94655,1.07717,0.86573,0.96823,0.97609,0.9875
16.34,1.17287,0.60083,0.67399,1.27149,1.37687,1,1.14315,1.09464,1.19337,0.99237,0.98364,0.99536,1.21273,1.06548,0.89391,1.30303,0.9092,1.32355,0.87572,0.7099,1.08352,1.11105,1.29647,1.00731,1.04359,1.13637,1.13509,0.70644,1.13344,0.90374,1.12532,1.05473,0.9948,0.99442,0.89615,1.30748,1.25594,0.67546,0.05375,1,0.85809,0.94645,0.73696,1.02039,1.02274,1.01118,0.84999,0.94646,1.15615,0.71843,1.16219,0.37889,1.18332,1.28545,0.95654,0.94351,0.69531,0.99434,0.97579,0.90956,0.96127,1.24626,0.88118,1.17173,0.87386,0.96879,1.01084,1.02673
16.36,1.16973,0.63467,0.70522,1.26489,1.37026,1,1.10898,1.15648,1.1911,1.00963,0.94335,1.00912,1.20368,1.08752,0.89068,1.30909,0.93217,1.3424,0.82192,0.69204,1.07169,1.17005,1.29981,1.01116,1.04536,1.12981,1.13016,0.70203,1.16921,0.84267,1.11429,1.05281,0.96442,0.9829,0.89918,1.29836,1.24364,0.69344,0.13162,1,0.9012,0.89358,0.74171,0.99313,1.07087,0.99426,0.86165,0.9247,1.15927,0.69923,1.13337,0.26596,1.2237,1.29164,0.96384,0.89539,0.68486,0.99129,0.9747,0.91559,0.96331,1.24808,0.83289,1.22559,0.88809,0.97003,1.06525,1.07251
16.38,1.15908,0.67417,0.73255,1.26076,1.35997,1,1.07443,1.19619,1.1889,1.03189,0.91468,1.02484,1.19055,1.11192,0.9031,1.30935,0.96284,1.34834,0.79783,0.6929,1.0609,1.20291,1.29972,1.01327,1.04756,1.12335,1.12529,0.7032,1.18871,0.78731,1.09769,1.05014,0.93399,0.97107,0.90897,1.28621,1.23175,0.70413,0.23428,1,0.93788,0.84666,0.74629,0.97618,1.09965,0.98385,0.87711,0.89778,1.14693,0.69836,1.08443,0.22473,1.23813,1.29135,0.97012,0.85871,0.68514,0.9896,0.97334,0.92131,0.96526,1.2476,0.80185,1.2589,0.90812,0.97172,1.10809,1.10972
16.4,1.14147,0.71889,0.75422,1.25912,1.34262,1,1.04284,1.2225,1.18629,1.04988,0.89455,1.03669,1.17256,1.13667,0.92852,1.30459,0.99928,1.34866,0.79445,0.70983,1.05292,1.22196,1.29695,1.01404,1.05003,1.11729,1.12066,0.70961,1.19681,0.74125,1.07507,1.0472,0.90573,0.95983,0.92366,1.27004,1.22148,0.70825,0.37005,1,0.96667,0.80703,0.75161,0.96127,1.11767,0.97552,0.89593,0.86687,1.11823,0.71364,1.00202,0.22239,1.24001,1.28547,0.97454,0.83265,0.69386,0.98898,0.97179,0.92648,0.96705,1.24495,0.78778,1.27981,0.93299,0.97356,1.1404,1.13847
16.42,1.11809,0.76825,0.76941,1.25924,1.30961,1,1.01829,1.23991,1.18232,1.06289,0.87938,1.04393,1.14861,1.16018,0.96223,1.29473,1.06335,1.34545,0.80357,0.73863,1.04979,1.23253,1.29208,1.01374,1.05263,1.11169,1.11628,0.72081,1.19523,0.70752,1.04629,1.0446,0.88165,0.95007,0.94077,1.24827,1.21377,0.70797,0.54748,1,0.98648,0.77566,0.75959,0.94974,1.13022,0.97022,0.91748,0.83345,1.07105,0.74206,0.94932,0.24513,1.23486,1.27441,0.97623,0.81623,0.7084,0.98922,0.97014,0.93109,0.96869,1.24017,0.79058,1.29238,0.9612,0.97517,1.16366,1.15949
16.44,1.09096,0.82171,0.77831,1.26,1.23131,1,1.00456,1.25103,1.17555,1.07048,0.86596,1.04591,1.11711,1.1816,0.99892,1.2787,1.10794,1.3395,0.81776,0.7747,1.0531,1.23707,1.28544,1.01257,1.05534,1.10655,1.11212,0.73637,1.1835,0.68743,1.01155,1.04288,0.86291,0.94238,0.95783,1.21823,1.20905,0.70605,0.77255,1,0.99672,0.75291,0.77279,0.94269,1.14067,0.96874,0.94112,0.79881,1.00238,0.7807,0.90397,0.28502,1.22632,1.25826,0.97444,0.80868,0.72679,0.99016,0.9684,0.93521,0.97022,1.23322,0.81053,1.299,0.99098,0.97623,1.17958,1.17399
16.46,1.06287,0.87877,0.78197,1.26033,0.95825,1,1.00363,1.2575,1.16398,1.07233,0.85197,1.04196,1.07564,1.20067,1.05716,1.2539,1.13864,1.33128,0.83074,0.81401,1.06329,1.23646,1.2768,1.01067,1.05837,1.10187,1.10824,0.75589,1.15874,0.68028,0.98691,1.0424,0.8496,0.93692,0.97296,1.17501,1.20706,0.70521,1.07092,1,0.99739,0.73854,0.79425,0.94093,1.15095,0.97168,0.96618,0.76392,0.96395,0.82722,0.86637,0.3356,1.21792,1.23691,0.96876,0.80972,0.74858,0.99168,0.96642,0.93885,0.9716,1.22391,0.84809,1.30122,1.03667,0.97652,1.1899,1.18337
16.48,1.03712,0.93864,0.78222,1.25923,0.77028,1,1.01498,1.26033,1.14447,1.068,0.83617,1.03118,1.02109,1.21735,1.09475,1.21466,1.15967,1.32153,0.83753,0.85316,1.07939,1.23047,1.26491,1.00815,1.06213,1.09777,1.10489,0.77886,1.11424,0.68363,0.97051,1.0433,0.84095,0.9334,0.98503,1.10914,1.20692,0.70799,1.23247,1,0.989,0.73195,0.82761,0.94502,1.16189,0.97944,0.99177,0.72966,0.93441,0.87965,0.83677,0.38965,1.21327,1.21034,0.95915,0.81957,0.77517,0.99368,0.96393,0.94197,0.97276,1.21204,0.90337,1.30019,1.07487,0.97597,1.19622,1.18905
16.5,1.01665,0.99956,0.78138,1.25563,0.66801,1,1.03594,1.26015,1.11111,1.0566,0.81831,1.01223,0.97837,1.23165,1.11891,1.14823,1.17366,1.31174,0.83478,0.8894,1.09942,1.21766,1.24668,1.0051,1.06715,1.09449,1.10254,0.80445,1.03541,0.69342,0.95772,1.04549,0.8356,0.93123,0.9936,1.00103,1.20738,0.71684,1.2754,1,0.97245,0.73238,0.87767,0.9554,1.17346,0.99226,1.03024,0.697,0.91218,0.93598,0.81498,0.43837,1.21517,1.17907,0.94598,0.8389,0.80977,0.99607,0.96053,0.94441,0.97357,1.19748,0.97517,1.29709,1.1,0.97463,1.19998,1.19243
16.52,1.00265,1.088,0.7818,1.24817,0.61052,1,1.06304,1.25725,1.05012,1.03626,0.7989,0.99189,0.95131,1.24362,1.13477,1.02012,1.18225,1.30414,0.82122,0.9207,1.12113,1.19501,1.21511,1.00161,1.07387,1.09231,1.10167,0.83155,0.95743,0.70463,0.94939,1.04871,0.83203,0.9297,0.99901,0.93728,1.20715,0.73426,1.29336,1,0.94873,0.73911,0.95165,0.97266,1.18518,1.01919,1.06329,0.66695,0.8959,0.99398,0.8007,0.4729,1.22414,1.14468,0.92995,0.86838,0.85678,0.99876,0.95585,0.94601,0.97387,1.18028,1.08907,1.29337,1.11461,0.97262,1.20244,1.19474
16.54,0.99673,1.1377,0.78533,1.23476,0.57906,1,1.09322,1.25169,0.96706,1.00298,0.7787,0.97447,0.93162,1.2534,1.14552,0.91877,1.1864,1.30076,0.79779,0.94589,1.14265,1.15685,1.15206,0.99891,1.08239,1.0913,1.1025,0.85899,0.90369,0.71278,0.94603,1.05263,0.82905,0.92828,1.00479,0.88781,1.20521,0.76283,1.30186,1,0.91869,0.75149,1.09128,0.9979,1.19652,1.05538,1.08457,0.64032,0.88398,1.07923,0.7935,0.48744,1.23815,1.10995,0.91188,0.90782,0.92047,1.00331,0.94968,0.94675,0.97358,1.16062,1.16137,1.29055,1.12017,0.97014,1.20445,1.19685
16.56,0.99214,1.16821,0.79299,1.21156,0.56344,1,1.12417,1.24327,0.89626,0.97745,0.7586,0.95507,0.921,1.26112,1.15322,0.84827,1.18674,1.30203,0.76751,0.96472,1.16263,1.09337,0.9955,0.99696,1.09236,1.09121,1.10483,0.8857,0.86219,0.71527,0.94767,1.05684,0.82619,0.92675,1.01136,0.84976,1.20089,0.80533,1.30578,1,0.88298,0.76903,1.19847,1.05534,1.20704,1.08921,1.09521,0.61781,0.87496,1.13135,0.79291,0.48204,1.25392,1.07835,0.89276,0.95484,1.00613,1.0091,0.94211,0.94681,0.97279,1.13891,1.20012,1.28966,1.11747,0.96742,1.20636,1.19908
16.58,0.98384,1.18808,0.80487,1.17039,0.55734,1,1.15422,1.23162,0.81915,0.94803,0.73962,0.93507,0.92163,1.26684,1.15922,0.79553,1.1836,1.30642,0.73497,0.97774,1.18013,0.99589,0.87553,0.99506,1.10301,1.09141,1.10793,0.91053,0.83604,0.71207,0.95391,1.06091,0.82376,0.92531,1.02283,0.82076,1.19393,0.86462,1.30726,1,0.84234,0.79119,1.25874,1.10984,1.21633,1.11857,1.09459,0.60019,0.86763,1.16327,0.79838,0.46282,1.26851,1.05282,0.87376,1.00624,1.12851,1.01459,0.93356,0.94666,0.97171,1.11594,1.21965,1.2908,1.10685,0.96475,1.20795,1.20114
16.6,0.96758,1.20157,0.8201,1.09012,0.55645,1,1.1822,1.21625,0.73891,0.91353,0.72299,0.91617,0.93649,1.2705,1.16442,0.7584,1.17714,1.31156,0.70548,0.98613,1.19447,0.94974,0.78473,0.99337,1.1133,1.091,1.11075,0.93217,0.82878,0.70543,0.96385,1.0643,0.8228,0.92449,1.04378,0.79875,1.1845,0.94346,1.30748,1,0.79778,0.81721,1.29589,1.15717,1.224,1.1423,1.0795,0.58849,0.86106,1.18292,0.80929,0.43924,1.28001,1.03443,0.8563,1.06679,1.18781,1.01936,0.92483,0.94696,0.97071,1.09328,1.22454,1.2931,1.0884,0.96248,1.20857,1.20231
16.62,0.93994,1.21103,0.83711,0.95892,0.55758,1,1.20743,1.19664,0.659,0.87475,0.70991,0.90001,0.96937,1.27192,1.16932,0.73573,1.16736,1.31553,0.68375,0.99132,1.20534,0.93496,0.72842,0.9921,1.12228,1.08893,1.11213,0.94939,0.84497,0.69873,0.97629,1.06647,0.82469,0.92499,1.0755,0.78202,1.17324,1.07083,1.30721,1,0.75049,0.84606,1.32018,1.19671,1.22975,1.16009,1.04177,0.58383,0.85467,1.19395,0.82502,0.42011,1.28762,1.02218,0.84176,1.08314,1.21616,1.02289,0.91678,0.94845,0.97021,1.07317,1.21333,1.29535,1.06224,0.961,1.20734,1.2016
16.64,0.89995,1.21779,0.85406,0.86615,0.55817,1,1.22967,1.17224,0.5825,0.83305,0.70111,0.88761,1.04313,1.27094,1.174,0.72664,1.15404,1.3173,0.67276,0.99465,1.21277,0.96056,0.70855,0.9915,1.12939,1.08426,1.11114,0.96162,0.89067,0.69495,0.98997,1.06687,0.83063,0.92743,1.11431,0.76935,1.16115,1.17211,1.30706,1,0.70173,0.87649,1.33672,1.22875,1.23349,1.17242,0.98226,0.58706,0.84837,1.19818,0.84504,0.41129,1.29122,1.01393,0.83108,1.05397,1.22502,1.02453,0.91011,0.95176,0.97057,1.05758,1.17475,1.29659,1.02864,0.96073,1.20338,1.1981
16.66,0.84993,1.22259,0.86924,0.78509,0.55611,1,1.2489,1.14277,0.51201,0.79045,0.69672,0.87921,1.13233,1.26732,1.17815,0.73016,1.13672,1.31644,0.6736,0.99713,1.21706,1.06199,0.72606,0.99191,1.13453,1.07627,1.10719,0.9694,0.97448,0.69586,1.0072,1.06497,0.84132,0.93215,1.15393,0.75995,1.14951,1.22613,1.30756,1,0.65281,0.90706,1.34831,1.25403,1.23532,1.18021,0.93029,0.59867,0.8426,1.19655,0.8689,0.41559,1.29095,1.00759,0.82461,0.97243,1.21724,1.02341,0.90511,0.95723,0.97197,1.04703,1.05796,1.29629,0.99442,0.96202,1.19595,1.191
16.68,0.79496,1.22575,0.88108,0.71735,0.54974,1,1.2652,1.10905,0.44986,0.74959,0.69631,0.87426,1.19413,1.26088,1.18111,0.74501,1.11483,1.31274,0.68569,0.99929,1.21862,1.17889,0.78275,0.99372,1.13789,1.0645,1.10001,0.97445,1.1342,0.7019,1.02962,1.06017,0.85674,0.93914,1.18907,0.75358,1.13984,1.25819,1.30907,1,0.60534,0.93579,1.35652,1.27334,1.23549,1.1846,0.87305,0.61852,0.83841,1.18951,0.89605,0.43362,1.28697,1.0019,0.82219,0.88638,1.1889,1.01838,0.90176,0.96489,0.97442,1.03991,0.88025,1.29429,0.97602,0.96524,1.18445,1.17965
16.7,0.74132,1.22725,0.88818,0.66428,0.53806,1,1.27861,1.07446,0.39809,0.71353,0.69892,0.8717,1.23533,1.25141,1.18183,0.76939,1.08785,1.30613,0.70695,1.00249,1.2179,1.24786,0.88146,0.99741,1.13986,1.04881,1.08969,0.97942,1.22404,0.71236,1.04556,1.05179,0.87617,0.94801,1.21712,0.75049,1.13378,1.27796,1.31178,1,0.56119,0.96007,1.36228,1.28745,1.23441,1.18682,0.81661,0.64589,0.83738,1.17732,0.9256,0.46415,1.27947,0.99832,0.82331,0.78941,1.12387,1.00776,0.89976,0.97443,0.97777,1.03268,0.73432,1.29069,0.96187,0.97068,1.1685,1.16354
16.72,0.69447,1.22692,0.88974,0.62677,0.52083,1,1.28928,1.04554,0.35822,0.68506,0.70309,0.87019,1.26228,1.23874,1.17901,0.80098,1.05542,1.29668,0.73425,1.00558,1.21526,1.28812,1.0442,1.00697,1.14088,1.02941,1.07656,0.98737,1.272,0.72577,1.05481,1.03898,0.89834,0.95818,1.23781,0.75118,1.13242,1.28984,1.31561,1,0.52224,0.97727,1.36619,1.29707,1.23266,1.18811,0.7663,0.67953,0.84139,1.1602,0.95644,0.50437,1.26881,0.99621,0.82735,0.69508,0.98309,0.99461,0.89873,0.98528,0.98174,1.02059,0.60874,1.28582,0.95321,0.97859,1.14791,1.14226
16.74,0.65773,1.22453,0.88616,0.60486,0.49876,1,1.29737,1.02891,0.33105,0.66604,0.7068,0.86859,1.27954,1.22247,1.17112,0.83706,1.01723,1.28462,0.76422,1.00748,1.21079,1.31255,1.19306,1.02387,1.14121,1.00663,1.06101,1.00233,1.30024,0.7404,1.05721,1.02071,0.92204,0.96908,1.25204,0.75605,1.13553,1.29612,1.32025,1,0.49009,0.98613,1.36863,1.30288,1.23108,1.18947,0.72573,0.71833,0.85226,1.13858,0.98751,0.55067,1.2555,0.99489,0.83399,0.61129,0.88266,0.9809,0.89839,0.99684,0.98607,0.999,0.50619,1.28015,0.95091,0.98908,1.12251,1.11524
16.76,0.63241,1.21997,0.87945,0.59775,0.47348,1,1.303,1.0258,0.31728,0.65734,0.70744,0.86618,1.28997,1.20183,1.15608,0.87458,0.98735,1.27031,0.79411,1.00813,1.20419,1.32802,1.25176,1.04519,1.14091,0.99094,1.04336,1.04076,1.31807,0.75464,1.0526,0.99794,0.94638,0.98029,1.26098,0.76512,1.14121,1.29806,1.32524,1,0.4662,0.98771,1.36981,1.30539,1.23081,1.19148,0.697,0.76165,0.8715,1.11333,1.03282,0.59943,1.2402,0.99445,0.84336,0.54116,0.80079,0.96221,0.8987,1.01641,0.99056,0.98096,0.42477,1.27423,0.95531,1.00411,1.0918,1.08145
16.78,0.61878,1.21328,0.87319,0.60416,0.44739,1,1.30613,1.02986,0.3183,0.65927,0.70187,0.86279,1.29501,1.17536,1.1307,0.9098,0.96786,1.25428,0.82203,1.00777,1.1946,1.33804,1.28086,1.07001,1.13973,0.97922,1.02389,1.08308,1.32981,0.76703,1.0407,0.98344,0.97083,0.99155,1.26554,0.77788,1.14635,1.29631,1.33005,1,0.45235,0.98564,1.36972,1.30484,1.23317,1.19426,0.68171,0.80935,0.90021,1.08659,1.07494,0.64739,1.22363,0.9947,0.85613,0.48561,0.73862,0.93821,0.8999,1.03602,0.99505,0.95682,0.3617,1.26872,0.96628,1.03118,1.05488,1.03923
16.8,0.61688,1.20478,0.87223,0.62243,0.42334,1,1.30642,1.0302,0.33719,0.67189,0.68697,0.85876,1.29501,1.14059,1.08931,0.93814,0.95056,1.23733,0.84693,1.00694,1.18042,1.3444,1.29631,1.09691,1.13717,0.96873,1.003,1.12391,1.33761,0.77625,1.02115,0.96851,0.99504,1.00513,1.26616,0.7932,1.14712,1.29112,1.33422,1,0.45106,0.98546,1.3681,1.30114,1.23929,1.19749,0.68172,0.8616,0.93904,1.06252,1.10575,0.69181,1.20653,0.99527,0.87343,0.44495,0.69581,0.90903,0.90249,1.05222,0.99941,0.92774,0.31471,1.26439,0.98317,1.05593,1.01035,0.99339
16.82,0.62698,1.19513,0.882,0.65072,0.40393,1,1.30314,1.01477,0.37959,0.69536,0.66113,0.8548,1.28918,1.09293,1.01989,0.95503,0.93547,1.22041,0.8686,1.00633,1.15879,1.34806,1.30383,1.1242,1.13249,0.9599,0.9911,1.15997,1.34261,0.7814,0.99674,0.95429,1.03393,1.02464,1.26282,0.80952,1.13907,1.28243,1.3374,1,0.46559,0.99313,1.36415,1.29372,1.24927,1.20059,0.6993,0.919,0.98847,1.04692,1.12874,0.73088,1.18945,0.99569,0.89663,0.41933,0.67161,0.87533,0.90712,1.06495,1.00688,0.89546,0.28205,1.26187,1.00974,1.07704,0.98052,0.96725
16.84,0.64991,1.18517,0.90784,0.68757,0.39099,1,1.29498,0.98551,0.45539,0.73017,0.62584,0.8518,1.27512,1.02272,0.95843,0.95768,0.92262,1.20428,0.88747,1.00655,1.12466,1.34951,1.30581,1.15035,1.12475,0.95308,0.98177,1.1903,1.3455,0.78247,0.98057,0.94172,1.06776,1.04123,1.25487,0.82524,1.11583,1.26976,1.33944,1,0.49983,1.02474,1.35585,1.28123,1.26174,1.20289,0.73688,0.98306,1.077,1.04439,1.14603,0.76402,1.17256,0.99554,0.92714,0.40864,0.6648,0.83838,0.9145,1.07428,1.01395,0.86157,0.26217,1.26134,1.05233,1.09399,0.95788,0.94371
16.86,0.68721,1.17589,0.95491,0.73225,0.3855,1,1.27944,0.9502,0.58195,0.77717,0.58594,0.8507,1.24704,0.96291,0.90531,0.94646,0.91204,1.18913,0.9044,1.00791,1.06807,1.34897,1.30327,1.17408,1.11281,0.94844,0.97355,1.21529,1.34671,0.78064,0.96364,0.93137,1.09457,1.05537,1.24075,0.83899,1.06447,1.25189,1.34029,1,0.5583,1.07554,1.33682,1.26076,1.27445,1.20372,0.79639,1.08547,1.14462,1.05496,1.15891,0.79204,1.15546,0.9946,0.96598,0.41264,0.6735,0.8,0.92525,1.08038,1.02005,0.8273,0.25362,1.26225,1.0888,1.10688,0.93709,0.92261
16.88,0.7411,1.16824,1.04896,0.78463,0.38795,1,1.25147,0.90671,0.78993,0.83724,0.54851,0.85254,1.19006,0.91455,0.85244,0.92517,0.90392,1.17425,0.92052,1.01043,0.9847,1.3464,1.29671,1.19441,1.0952,0.94606,0.96644,1.23564,1.34649,0.77832,0.94675,0.9236,1.11633,1.06743,1.21722,0.84971,0.97742,1.22638,1.33991,1,0.64572,1.1244,1.27433,1.22591,1.28521,1.20232,0.87766,1.15763,1.19187,1.07384,1.16808,0.81705,1.13714,0.99284,1.02471,0.43116,0.6946,0.76265,0.93987,1.08344,1.02523,0.79373,0.25517,1.26339,1.11898,1.116,0.91793,0.9038
16.9,0.81441,1.16313,1.15161,0.84499,0.39861,1,1.20006,0.86268,1.15022,0.91064,0.52132,0.85842,1.05742,0.86643,0.80104,0.89985,0.89863,1.15787,0.93699,1.01382,0.92825,1.34151,1.28683,1.21067,1.06993,0.94595,0.96046,1.25201,1.34498,0.77886,0.93069,0.91859,1.13415,1.0776,1.17747,0.85658,0.90653,1.1884,1.33825,1,0.7651,1.16315,0.81813,1.16054,1.29242,1.19776,0.97552,1.20559,1.22603,1.09448,1.17375,0.84209,1.11596,0.99044,1.09758,0.46402,0.72308,0.72922,0.95862,1.08358,1.02952,0.76191,0.26584,1.26312,1.14328,1.12164,0.90042,0.88731
16.92,0.91074,1.1611,1.21452,0.91377,0.4178,1,1.09687,0.82536,1.27819,0.99664,0.51106,0.86938,0.90828,0.81837,0.7523,0.87681,0.89656,1.13708,0.95489,1.01758,0.8765,1.33362,1.27525,1.22255,1.03399,0.94806,0.95563,1.26501,1.34218,0.786,0.91618,0.91646,1.14871,1.08599,1.10455,0.85927,0.83334,1.12752,1.33514,1,0.91476,1.18995,0.50011,1.00922,1.29502,1.1888,1.10726,1.23987,1.25131,1.11173,1.1759,0.87066,1.08949,0.98776,1.1467,0.51126,0.75225,0.70246,0.98154,1.08088,1.03295,0.73282,0.2849,1.25957,1.16231,1.12398,0.8847,0.87327
16.94,1.05834,1.16196,1.25476,0.99155,0.44613,1,0.94579,0.7992,1.31359,1.12173,0.52244,0.88609,0.82715,0.77051,0.70714,0.86077,0.89795,1.10756,0.97503,1.02112,0.83159,1.32132,1.26469,1.23007,0.99172,0.95216,0.95188,1.27522,1.33801,0.80305,0.90369,0.91719,1.16055,1.09273,0.9752,0.85814,0.76257,1.01655,1.33028,1,1.1148,1.20618,0.34935,0.88783,1.29214,1.17387,1.16995,1.26554,1.27034,1.12298,1.17445,0.90607,1.0543,0.98518,1.18025,0.57359,0.77563,0.68441,1.01612,1.07549,1.03558,0.70704,0.31214,1.25051,1.17685,1.12318,0.87086,0.86168
16.96,1.18327,1.16472,1.28169,1.10831,0.48459,1,0.86273,0.78554,1.32798,1.18556,0.55835,0.90855,0.78271,0.7233,0.66635,0.85427,0.90269,1.06255,0.9978,1.02387,0.79418,1.30142,1.25789,1.23331,0.96356,0.95786,0.94902,1.28321,1.33217,0.83247,0.89343,0.92062,1.17018,1.09801,0.88561,0.85447,0.697,0.92864,1.32309,1,1.20862,1.21395,0.27383,0.79497,1.28248,1.15096,1.1965,1.2853,1.28481,1.12738,1.16942,0.95095,1.00537,0.98316,1.20351,0.65285,0.78929,0.67633,1.06353,1.06779,1.03757,0.68482,0.34796,1.23259,1.18772,1.11938,0.8588,0.8524
16.98,1.24103,1.16769,1.30035,1.17389,0.53422,1,0.80899,0.78328,1.33408,1.22211,0.61936,0.9357,0.7658,0.67772,0.63086,0.85807,0.91021,0.99525,1.04041,1.02518,0.7642,1.26607,1.25582,1.23218,0.93586,0.96444,0.94679,1.28936,1.32414,0.87563,0.88541,0.92638,1.17804,1.10204,0.80797,0.85046,0.63829,0.86022,1.31265,1,1.24546,1.2152,0.23864,0.72303,1.2639,1.11773,1.20552,1.30069,1.29573,1.12482,1.16103,1.01268,0.97282,0.98218,1.21974,0.75182,0.79325,0.67916,1.1014,1.0585,1.03911,0.66626,0.39325,1.19946,1.19561,1.11278,0.84839,0.8452
17,1.27269,1.16875,1.31351,1.21242,0.59566,1,0.77703,0.78956,1.33605,1.24415,0.70114,0.96514,0.76668,0.63521,0.60196,0.87167,0.91952,0.95198,1.07637,1.02438,0.74134,1.19057,1.2568,1.22617,0.91045,0.97089,0.94483,1.29395,1.3131,0.93251,0.87957,0.93394,1.18441,1.10502,0.74392,0.84901,0.58765,0.80389,1.29748,1,1.26242,1.21171,0.22684,0.66995,1.23348,1.0724,1.20507,1.31262,1.30367,1.1154,1.14992,1.10196,0.94417,0.98278,1.23091,0.87357,0.79139,0.69389,1.13042,1.04898,1.04047,0.6515,0.44909,1.13605,1.20106,1.10376,0.83952,0.83981
17.02,1.29127,1.16563,1.32282,1.23598,0.66902,1,0.76096,0.80048,1.33586,1.2571,0.79126,0.99345,0.77528,0.59721,0.5809,0.89386,0.92938,0.91141,1.10379,1.0207,0.72521,0.97363,1.25768,1.21405,0.88906,0.97598,0.9427,1.29714,1.29765,1.00364,0.87581,0.94264,1.1895,1.10709,0.69445,0.85325,0.54579,0.76037,1.27505,1,1.26992,1.20543,0.22804,0.6344,1.18956,1.01562,1.20054,1.32174,1.309,1.0991,1.13718,1.15783,0.91875,0.98549,1.23825,1.03744,0.7897,0.72181,1.15153,1.04115,1.04193,0.64077,0.51679,0.99734,1.20445,1.0928,0.83218,0.83604
17.04,1.3022,1.1559,1.32937,1.25,0.75434,1,0.75649,0.81216,1.33466,1.26357,0.86999,1.03132,0.78301,0.56461,0.56853,0.92322,0.93865,0.8758,1.12357,1.01337,0.71529,0.80857,1.25539,1.19334,0.87282,0.97849,0.93986,1.29905,1.27524,1.11148,0.87395,0.95187,1.19341,1.10835,0.65952,0.86596,0.5127,0.73011,1.24037,1,1.27189,1.19837,0.2352,0.61521,1.1376,0.97935,1.19634,1.32864,1.31197,1.07549,1.12416,1.19389,0.89806,0.99077,1.24255,1.18469,0.79407,0.76471,1.16588,1.0372,1.04386,0.63414,0.59832,0.89661,1.20609,1.08043,0.82635,0.83372
17.06,1.30813,1.13644,1.33389,1.25709,0.85203,1,0.76086,0.82157,1.33318,1.26491,0.91806,1.05692,0.78497,0.53772,0.56514,0.95852,0.94655,0.8463,1.13681,1.00161,0.71089,0.68991,1.24703,1.15908,0.86203,0.97734,0.93568,1.29979,1.24042,1.17298,0.87377,0.96115,1.19621,1.10886,0.63833,0.88925,0.48779,0.71328,1.18168,1,1.26996,1.19241,0.24399,0.6111,1.09646,0.96025,1.19525,1.33379,1.31277,1.04357,1.11218,1.21762,0.88291,0.99891,1.24441,1.24318,0.80917,0.82484,1.17472,1.03902,1.04669,0.63153,0.69671,0.81041,1.20625,1.06713,0.82207,0.83278
17.08,1.31038,1.10233,1.33686,1.25831,0.96266,1,0.77249,0.82686,1.33165,1.26174,0.92795,1.0689,0.78099,0.5167,0.57067,0.99837,0.95269,0.82339,1.14447,0.99268,0.71112,0.60294,1.22847,1.10091,0.85631,0.97172,0.92947,1.29946,1.1802,1.21199,0.87495,0.97013,1.19789,1.10862,0.62982,0.92434,0.47036,0.71028,1.06444,1,1.2646,1.18896,0.25291,0.62073,1.08682,0.95052,1.19745,1.33751,1.31147,1.00186,1.10222,1.23321,0.87363,1.01887,1.24431,1.27381,0.83855,0.90436,1.1792,1.04773,1.05085,0.63269,0.81588,0.73737,1.2052,1.05338,0.81945,0.83322
17.1,1.30953,1.04434,1.33859,1.25343,1.11503,1,0.79069,0.82737,1.32987,1.25423,0.90852,1.07085,0.77517,0.50181,0.58489,1.0662,0.95704,0.80734,1.14712,0.98288,0.71498,0.53926,1.19069,0.99719,0.85486,0.96114,0.92055,1.29815,1.055,1.23857,0.87717,0.97846,1.19838,1.10758,0.63307,0.97153,0.45982,0.72209,0.92387,1,1.25553,1.18862,0.26312,0.6426,1.10534,0.94888,1.20059,1.34,1.30802,0.97772,1.09482,1.24294,0.87031,1.04175,1.24268,1.29194,0.88518,1.00841,1.18032,1.06321,1.05671,0.63727,0.95971,0.67564,1.20324,1.03976,0.81869,0.83513
17.12,1.30563,0.97497,1.33924,1.24094,1.19399,1,0.81548,0.82337,1.32728,1.24218,0.87764,1.06519,0.77371,0.49346,0.60752,1.11302,0.95984,0.79824,1.14506,0.97192,0.72148,0.49374,1.106,0.92974,0.85664,0.94552,0.90848,1.29594,0.91418,1.25761,0.88008,0.98585,1.19749,1.10564,0.64747,1.05181,0.45582,0.75008,0.83497,1,1.24163,1.19125,0.27771,0.67508,1.13161,0.95359,1.20137,1.34134,1.3022,0.95648,1.08989,1.24807,0.87289,1.06465,1.23988,1.3032,0.95206,1.14461,1.17895,1.08413,1.06447,0.64486,1.14962,0.62345,1.2006,1.0269,0.82008,0.83868
17.14,1.29823,0.92422,1.33886,1.21737,1.23376,1,0.84736,0.81563,1.32313,1.22498,0.85107,1.05361,0.78222,0.4921,0.63854,1.14514,0.96155,0.79593,1.13834,0.96031,0.72996,0.46271,0.94196,0.87145,0.86075,0.92535,0.89325,1.29288,0.82266,1.27183,0.88353,0.99211,1.19501,1.10266,0.6728,1.12765,0.45819,0.79542,0.76775,1,1.22047,1.19621,0.30036,0.71658,1.15159,0.96285,1.19677,1.34156,1.29348,0.93798,1.08679,1.24933,0.88109,1.08626,1.23613,1.31018,1.0692,1.20826,1.17574,1.10819,1.07398,0.65501,1.22851,0.57905,1.19739,1.01538,0.8239,0.84408
17.16,1.28616,0.87492,1.33744,1.17574,1.25597,1,0.88709,0.80507,1.31659,1.20157,0.83801,1.03749,0.8044,0.49822,0.67818,1.16747,0.96286,0.79986,1.1269,0.94855,0.74022,0.44313,0.81726,0.82332,0.86651,0.90175,0.87546,1.28902,0.75138,1.28285,0.88757,0.9972,1.19069,1.09851,0.70919,1.17841,0.46688,0.85785,0.71937,1,1.1871,1.2027,0.33438,0.7656,1.16065,0.97495,1.18409,1.34058,1.28084,0.92251,1.08439,1.24718,0.89435,1.10582,1.23143,1.31434,1.1688,1.24344,1.17111,1.13286,1.0847,0.66731,1.26626,0.54084,1.19354,1.00558,0.83041,0.85151
17.18,1.26719,0.82804,1.33491,1.10287,1.26787,1,0.93534,0.79275,1.30669,1.1705,0.8424,1.01834,0.84182,0.51237,0.72668,1.18307,0.9646,0.80897,1.11087,0.9372,0.75252,0.43236,0.70752,0.78563,0.87356,0.87652,0.85642,1.28444,0.69548,1.29164,0.89246,1.00232,1.18425,1.09307,0.75665,1.21409,0.4819,0.93323,0.6891,1,1.13048,1.20991,0.38229,0.82007,1.15766,0.98824,1.16014,1.33824,1.26254,0.9101,1.08116,1.24199,0.91159,1.12279,1.22557,1.31655,1.22546,1.26441,1.16525,1.15581,1.09574,0.6812,1.28799,0.50765,1.1887,0.99883,0.83975,0.86109
17.2,1.23711,0.78426,1.33112,0.99008,1.2718,1,0.99231,0.77982,1.29232,1.13061,0.86498,0.9992,0.89376,0.53525,0.78378,1.1938,0.96768,0.82173,1.09094,0.92693,0.76754,0.42805,0.61561,0.7586,0.88172,0.85199,0.83801,1.27931,0.65178,1.29873,0.89868,1.00806,1.1754,1.08626,0.81457,1.24009,0.50325,1.01931,0.67829,1,1.02089,1.21708,0.44504,0.8768,1.14141,1.00197,1.12016,1.33424,1.23565,0.90064,1.07528,1.23426,0.93109,1.13676,1.21802,1.31742,1.26024,1.27694,1.15818,1.17536,1.10601,0.69592,1.30173,0.47885,1.18227,0.99587,0.85195,0.87282
17.22,1.18708,0.74402,1.32582,0.93763,1.26751,1,1.08643,0.76737,1.27233,1.08213,0.90501,0.99083,0.95737,0.56789,0.84861,1.20077,0.97286,0.83627,1.06867,0.91847,0.78627,0.42811,0.54215,0.74245,0.89096,0.83051,0.82224,1.27383,0.6182,1.30445,0.90691,1.01209,1.16376,1.07803,0.88154,1.25955,0.53107,1.09973,0.69004,1,0.92582,1.22363,0.52125,0.93138,1.10852,1.02158,1.0563,1.32798,1.19475,0.89404,1.06497,1.22471,0.95071,1.14741,1.20798,1.31741,1.28249,1.28362,1.14976,1.19063,1.11451,0.71073,1.31082,0.45418,1.17324,0.99375,0.86692,0.88661
17.24,1.09463,0.70735,1.31854,0.91973,1.25195,1,1.14867,0.75622,1.24552,1.028,0.96158,0.9855,1.04891,0.61199,0.92007,1.20467,0.98033,0.85093,1.04641,0.91241,0.80983,0.43085,0.48583,0.73718,0.90131,0.81383,0.81068,1.26809,0.5932,1.30899,0.91811,1.01501,1.14885,1.06833,0.95567,1.2745,0.56577,1.12098,0.72885,1,0.85036,1.22924,0.60736,0.97925,1.05035,1.03319,0.97959,1.31835,1.12833,0.89017,1.04904,1.21419,0.96836,1.15461,1.19422,1.31685,1.29705,1.28569,1.13977,1.20145,1.12057,0.72533,1.3169,0.43358,1.15992,0.99219,0.88455,0.90237
17.26,0.95556,0.67401,1.30844,0.93751,1.21572,1,1.18911,0.7468,1.21078,0.98809,1.05734,0.98377,1.12881,0.67016,0.99708,1.20584,0.98944,0.86453,1.0269,0.90917,0.8393,0.43505,0.44447,0.74232,0.91277,0.80291,0.80425,1.26189,0.57554,1.31249,0.93349,1.01757,1.13,1.05707,1.05814,1.28627,0.60822,1.09988,0.80085,1,0.78557,1.23378,0.69821,1.03104,0.97607,1.03684,0.93288,1.30296,1.00639,0.88898,1.02774,1.2035,0.98243,1.15832,1.17497,1.316,1.30661,1.28367,1.12796,1.2081,1.12388,0.74015,1.32089,0.41707,1.13932,0.9908,0.90466,0.92
17.28,0.86925,0.64375,1.29408,0.99033,1.126,1,1.21621,0.7393,1.1676,0.97067,1.14396,0.98582,1.17375,0.7459,1.10788,1.20438,0.99842,0.87653,1.01265,0.909,0.87549,0.43993,0.41603,0.75693,0.92517,0.79817,0.80335,1.2546,0.56433,1.31499,0.95454,1.02064,1.10651,1.04427,1.13963,1.29572,0.65953,1.01884,0.91396,1,0.73213,1.23728,0.78767,1.06939,0.92287,1.03251,0.89475,1.27641,0.92269,0.89047,1.00439,1.19323,0.99198,1.15851,1.14754,1.315,1.31271,1.27765,1.11419,1.21089,1.12435,0.7564,1.32331,0.40495,1.10574,0.98912,0.92685,0.93926
17.3,0.80243,0.6166,1.27282,1.10469,0.93065,1,1.23411,0.73376,1.11701,0.96093,1.19627,0.99158,1.20039,0.84339,1.16709,1.20013,1.0087,0.88689,1.0054,0.91207,0.91865,0.44513,0.39909,0.77939,0.93811,0.79965,0.808,1.24504,0.55902,1.31642,0.98297,1.02516,1.07795,1.03013,1.18471,1.30336,0.72072,0.93171,1.10712,1,0.69104,1.2398,0.8694,1.08792,0.87309,1.01988,0.86567,1.22333,0.8576,0.89466,0.9938,1.18366,0.99663,1.155,1.10774,1.31393,1.31617,1.26747,1.09859,1.21002,1.12196,0.77605,1.32442,0.39784,1.04654,0.9866,0.9503,0.9596
17.32,0.75259,0.5926,1.23941,1.17855,0.79252,1,1.24501,0.73015,1.06261,0.95673,1.22951,1.00141,1.21586,0.96784,1.20194,1.1929,1.00859,0.89597,1.0055,0.91848,0.9687,0.45059,0.3929,0.80751,0.95103,0.80726,0.81802,1.23119,0.5592,1.31665,1.0371,1.03198,1.0444,1.01507,1.21165,1.30954,0.79265,0.8542,1.22051,1,0.66328,1.24142,0.93804,1.09536,0.82912,0.99913,0.84576,1.07606,0.80632,0.90146,0.99388,1.17464,0.99657,1.14741,1.04801,1.31278,1.3174,1.2528,1.08158,1.20549,1.11674,0.80159,1.32438,0.39667,0.9695,0.98271,0.97389,0.98028
17.34,0.71794,0.57167,1.18125,1.22109,0.68466,1,1.25017,0.72844,1.01081,0.95617,1.25122,1.02353,1.22354,1.14642,1.22359,1.18271,0.99593,0.90446,1.01183,0.92817,1.0449,0.45653,0.39729,0.83889,0.9634,0.82077,0.83313,1.20954,0.56426,1.31547,1.09995,1.04162,1.00654,0.99979,1.22783,1.31455,0.87621,0.78883,1.2695,1,0.64935,1.24218,0.99034,1.09634,0.79243,0.98474,0.83486,0.85354,0.76746,0.9104,1.01111,1.16565,0.99252,1.13514,0.97882,1.31152,1.31653,1.23326,1.06377,1.19705,1.10867,0.8358,1.32332,0.40256,0.90549,0.97699,0.99647,1.00105
17.36,0.69737,0.55345,1.05875,1.24569,0.60152,1,1.25023,0.72865,0.98578,0.9577,1.2654,1.0459,1.22503,1.22762,1.23703,1.17034,0.97857,0.91318,1.02214,0.94093,1.11922,0.46332,0.4125,0.8711,0.97484,0.8398,0.85294,1.17315,0.57303,1.31256,1.15097,1.05417,0.98439,0.99245,1.23661,1.31864,0.97223,0.73981,1.29588,1,0.64917,1.24208,1.04472,1.09367,0.76379,0.96874,0.83266,0.70653,0.73984,0.92034,1.05291,1.15578,0.98569,1.1174,0.93144,1.31005,1.31344,1.20856,1.04578,1.18422,1.09771,0.88161,1.32144,0.41676,0.83744,0.96916,1.03107,1.03539
17.38,0.69063,0.53752,0.9138,1.25944,0.53648,1,1.24539,0.73085,0.97528,0.9602,1.27414,1.06612,1.22089,1.26851,1.24468,1.15816,0.95393,0.92303,1.03358,0.9562,1.16925,0.47142,0.43914,0.90152,0.98509,0.86362,0.87675,1.10542,0.58357,1.30742,1.19123,1.06915,0.96891,0.986,1.23937,1.32204,1.11003,0.70746,1.31214,1,0.66227,1.24111,1.07227,1.08923,0.74379,0.95283,0.8387,0.5949,0.72271,0.92926,1.10016,1.14376,0.97775,1.09334,0.88584,1.30827,1.30779,1.17922,1.02826,1.1664,1.08394,0.94175,1.31911,0.44082,0.76879,0.95916,1.05804,1.06125
17.4,0.69852,0.52354,0.81927,1.26592,0.48378,1,1.23541,0.73515,0.97134,0.96288,1.27846,1.08229,1.21089,1.29222,1.24759,1.15064,0.92522,0.9349,1.04327,0.97302,1.20501,0.48137,0.47806,0.92725,0.99389,0.89103,0.90346,0.9789,0.59298,1.29924,1.22221,1.08567,0.95711,0.98062,1.23614,1.32488,1.18503,0.69071,1.32325,1,0.68785,1.23918,1.08163,1.08436,0.73318,0.93897,0.85243,0.51084,0.71591,0.93439,1.14268,1.1279,0.97071,1.06247,0.84222,1.30604,1.29891,1.14803,1.01201,1.143,1.06765,1.03345,1.31695,0.47669,0.70328,0.94723,1.07645,1.08035
17.42,0.7229,0.51147,0.74801,1.26681,0.43907,1,1.21948,0.74168,0.97175,0.96522,1.27871,1.09319,1.19393,1.30684,1.24599,1.15292,0.89622,0.94953,1.04888,0.99014,1.23162,0.49375,0.53037,0.94541,1.00202,0.92101,0.93212,0.8872,0.59798,1.28659,1.2456,1.10257,0.94915,0.97647,1.22563,1.32724,1.22451,0.68834,1.33152,1,0.72499,1.23618,1.08067,1.07998,0.73255,0.92899,0.87328,0.44918,0.71967,0.93286,1.17625,1.10594,0.96649,1.02503,0.80084,1.30319,1.2857,1.12116,0.99898,1.11299,1.04908,1.1376,1.31578,0.52705,0.64396,0.93392,1.08795,1.09377
17.44,0.76653,0.50169,0.69645,1.26249,0.39954,1,1.19591,0.75055,0.97469,0.96695,1.275,1.09844,1.16762,1.31597,1.23964,1.16671,0.87006,0.96734,1.04894,1.0124,1.25199,0.50915,0.59738,0.95401,1.01221,0.95413,0.96319,0.80344,0.59586,1.26661,1.26307,1.1187,0.94496,0.97364,1.20459,1.3291,1.24722,0.6997,1.3381,1,0.77302,1.23199,1.07371,1.07669,0.74173,0.92399,0.90067,0.40593,0.73412,0.92308,1.20077,1.07478,0.96644,0.99146,0.76195,1.29953,1.26616,1.10667,0.99368,1.07287,1.02757,1.19808,1.31628,0.59594,0.59259,0.92004,1.09374,1.10234
17.46,0.8329,0.49511,0.66101,1.25224,0.36385,1,1.16133,0.76171,0.97859,0.96793,1.26752,1.09845,1.12735,1.32146,1.22794,1.18832,0.84889,0.98824,1.0429,1.03759,1.26789,0.52811,0.68025,0.95257,1.01849,0.9938,0.99959,0.72874,0.58544,1.23312,1.27599,1.13293,0.94416,0.97209,1.16563,1.33032,1.2607,0.7249,1.34353,1,0.83169,1.22651,1.06401,1.0748,0.7591,0.92398,0.93395,0.37785,0.75885,0.90557,1.21759,1.03014,0.97098,0.97268,0.72581,1.29482,1.23675,1.10918,0.9903,1.01136,1.00032,1.23667,1.31869,0.68927,0.54982,0.90669,1.09483,1.10684
17.48,0.92565,0.49328,0.63831,1.23379,0.33196,1,1.10938,0.77491,0.98213,0.96819,1.25718,1.09438,1.06451,1.32432,1.21013,1.21146,0.83417,1.02121,1.03108,1.05638,1.28035,0.55094,0.77819,0.94238,1.02135,1.07436,1.07457,0.66352,0.56744,1.17027,1.28533,1.14411,0.94602,0.9717,1.09023,1.33065,1.26857,0.76479,1.34801,1,0.90074,1.2197,1.05475,1.0743,0.78089,0.92787,0.97199,0.36259,0.79235,0.88312,1.228,0.98479,0.97951,0.9573,0.69299,1.28884,1.19138,1.12599,0.98873,0.95851,0.98231,1.26279,1.32265,0.81487,0.51599,0.89538,1.0923,1.10796
17.5,1.07438,0.49845,0.62539,1.20202,0.30471,1,1.02771,0.78954,0.98418,0.96787,1.24669,1.08824,0.98319,1.32503,1.18593,1.23113,0.82707,1.05766,1.01498,1.07015,1.28996,0.57758,0.88544,0.92608,1.02109,1.14699,1.14005,0.60813,0.54416,1.02395,1.29162,1.15105,0.94953,0.97224,0.96704,1.3297,1.27282,0.82068,1.3516,1,0.97913,1.21172,1.04917,1.07492,0.80074,0.93359,1.02382,0.35872,0.83138,0.86007,1.2327,0.95528,0.99046,0.94518,0.66439,1.2814,1.12069,1.1496,0.98888,0.89927,0.95915,1.28101,1.32743,0.98178,0.4916,0.88796,1.08743,1.1064
17.52,1.18509,0.51336,0.61956,1.14446,0.28325,1,0.95819,0.8048,0.98378,0.9672,1.2408,1.08262,0.93429,1.32379,1.15639,1.24501,0.82851,1.08407,0.99863,1.07994,1.29709,0.60772,0.98882,0.90684,1.01783,1.20707,1.1966,0.56275,0.51862,0.89059,1.29515,1.15258,0.95362,0.97349,0.88368,1.32688,1.27468,0.89431,1.35428,1,1.09408,1.20286,1.05028,1.07622,0.811,0.93868,1.08181,0.36547,0.87113,0.84097,1.23176,0.9307,1.00336,0.93607,0.64094,1.27233,1.01497,1.17333,0.99066,0.82511,0.92845,1.29386,1.33229,1.18544,0.47736,0.88628,1.08158,1.10276
17.54,1.23737,0.54094,0.61841,1.02306,0.26848,1,0.9102,0.81996,0.98016,0.96645,1.24368,1.07962,0.89459,1.32056,1.12472,1.25271,0.83907,1.10139,0.99097,1.08644,1.30212,0.6411,1.09935,0.88728,1.0115,1.25467,1.2433,0.52702,0.49367,0.79672,1.29597,1.14766,0.9575,0.97528,0.81413,1.32132,1.27504,0.98769,1.35606,1,1.16274,1.19345,1.05996,1.07765,0.80605,0.94133,1.11945,0.38256,0.90639,0.82913,1.22464,0.91282,1.02127,0.92979,0.6231,1.26133,0.95593,1.19382,0.99406,0.73634,0.88869,1.30289,1.33669,1.25397,0.47397,0.89163,1.07586,1.09743
17.56,1.26623,0.58413,0.61966,0.9126,0.26098,1,0.87155,0.8345,0.97279,0.96591,1.25494,1.07984,0.86465,1.31519,1.09624,1.25456,0.85878,1.11105,0.98558,1.09,1.30543,0.67779,1.1351,0.86911,1.00176,1.29068,1.27993,0.50024,0.47164,0.72746,1.29396,1.13529,0.9609,0.97752,0.75879,1.31161,1.27464,1.12877,1.35694,1,1.20125,1.18382,1.07825,1.07869,0.78532,0.94114,1.14365,0.40977,0.93312,0.82614,1.21003,0.90216,1.03303,0.92627,0.61076,1.24794,0.93319,1.21025,0.99911,0.63706,0.83957,1.30913,1.34031,1.28519,0.48219,0.90436,1.07072,1.09046
17.58,1.28335,0.64547,0.62105,0.8279,0.26132,1,0.84271,0.8481,0.96142,0.96585,1.26987,1.08187,0.84442,1.30745,1.07657,1.25085,0.8868,1.11458,0.98243,1.09065,1.30735,0.7181,1.13068,0.85323,0.99422,1.31701,1.30752,0.48167,0.45455,0.68,1.28875,1.11466,0.9641,0.98025,0.71689,1.29521,1.2742,1.20031,1.3569,1,1.22382,1.17419,1.10322,1.0788,0.75381,0.93934,1.15833,0.44639,0.94938,0.83209,1.18562,0.89814,1.03961,0.92561,0.60334,1.23136,0.93628,1.22294,1.01136,0.53395,0.78236,1.3132,1.34296,1.30131,0.50291,0.92364,1.06575,1.08159
17.6,1.29355,0.72647,0.62037,0.76093,0.27032,1,0.82447,0.86059,0.94618,0.96657,1.28354,1.08279,0.83382,1.2973,1.06859,1.24167,0.92111,1.11348,0.98089,1.08812,1.30819,0.76227,1.08809,0.84001,0.98605,1.3359,1.32775,0.47088,0.44439,0.65314,1.2795,1.08553,0.9679,0.98357,0.68759,1.26699,1.27442,1.23862,1.35584,1,1.23607,1.16478,1.13172,1.07743,0.71998,0.93852,1.16556,0.49037,0.95554,0.8458,1.14794,0.89939,1.04276,0.92813,0.60003,1.21045,0.96216,1.2325,1.02654,0.43422,0.71975,1.31549,1.34449,1.30908,0.53742,0.94734,1.05968,1.07015
17.62,1.29902,0.82712,0.61576,0.71308,0.28903,1,0.8177,0.87197,0.92764,0.96834,1.29327,1.07901,0.83276,1.28508,1.07097,1.2269,0.95865,1.10921,0.98001,1.08188,1.30819,0.81074,0.98924,0.82958,0.97665,1.3493,1.34235,0.46772,0.44294,0.64712,1.26465,1.04911,0.97338,0.98763,0.6702,1.2147,1.27587,1.25993,1.35357,1,1.24028,1.15569,1.16045,1.07401,0.69226,0.94187,1.16626,0.53804,0.95373,0.86538,1.092,0.90423,1.04453,0.93422,0.60001,1.18337,1.01442,1.23947,1.04278,0.34379,0.65552,1.31614,1.3447,1.31071,0.58759,0.97237,1.05059,1.05507
17.64,1.30085,0.94627,0.60622,0.68392,0.31841,1,0.82272,0.88267,0.9069,0.97139,1.29835,1.067,0.84112,1.27165,1.07984,1.20598,0.99609,1.10288,0.97895,1.0712,1.30752,0.86466,0.9123,0.82198,0.96673,1.35872,1.35274,0.47223,0.45148,0.66332,1.241,1.00856,0.98163,0.9926,0.66413,1.09847,1.27881,1.27109,1.34982,1,1.23718,1.14666,1.18681,1.06796,0.67637,0.9521,1.16061,0.58474,0.94679,0.88884,1.01068,0.9112,1.04665,0.94422,0.60267,1.14653,1.09781,1.24427,1.0587,0.26659,0.59395,1.3152,1.34343,1.30624,0.65642,0.99561,1.03614,1.03476
17.66,1.29947,1.1117,0.59201,0.6714,0.35865,1,0.83876,0.89361,0.8856,0.97586,1.29878,1.04318,0.8585,1.25838,1.09122,1.17767,1.05197,1.09508,0.97723,1.05529,1.30621,0.92649,0.8416,0.8173,0.95748,1.36523,1.35998,0.48449,0.47051,0.70418,1.20162,0.98574,0.99351,0.99863,0.66874,0.91534,1.28306,1.27553,1.34428,1,1.22659,1.13689,1.20912,1.05874,0.675,0.97078,1.14825,0.62595,0.93743,0.91456,0.95946,0.91951,1.05004,0.95823,0.60776,1.09197,1.15305,1.24711,1.0725,0.2048,0.53942,1.3126,1.34049,1.29352,0.74825,1.02709,1.01345,1.00691
17.68,1.29495,1.19905,0.57462,0.67221,0.40755,1,0.86352,0.90624,0.86602,0.98177,1.2945,1.00319,0.88394,1.24684,1.10205,1.13989,1.089,1.08573,0.97484,1.03342,1.3042,1.00041,0.78705,0.81574,0.95072,1.36949,1.36474,0.50454,0.49934,0.77327,1.12946,0.97303,1.01811,1.0112,0.68324,0.80302,1.28801,1.27525,1.33682,1,1.20798,1.12486,1.22638,1.04583,0.68852,0.99802,1.12842,0.6584,0.92799,0.94127,0.92442,0.92905,1.05466,0.97593,0.61541,0.99984,1.18652,1.24804,1.082,0.15983,0.49643,1.30815,1.33572,1.26581,0.8683,1.04874,0.98996,0.98543
17.7,1.28708,1.2412,0.55657,0.68165,0.45807,1,0.8926,0.92245,0.85098,0.989,1.28513,0.97496,0.91573,1.23829,1.11025,1.08943,1.11177,1.07408,0.97218,1.00513,1.30131,1.11998,0.75687,0.81768,0.94879,1.37185,1.36737,0.53225,0.53554,0.87514,0.98662,0.96579,1.05095,1.02596,0.7066,0.72001,1.29292,1.27191,1.32812,1,1.18168,1.10814,1.23797,1.02881,0.71567,1.05444,1.10029,0.68066,0.92048,0.9679,0.89961,0.94035,1.05969,0.99652,0.62606,0.93732,1.20249,1.24688,1.08464,0.13317,0.46968,1.30162,1.32912,1.19989,1.03742,1.06014,0.96958,0.96543
17.72,1.27531,1.26531,0.54063,0.69389,0.49626,1,0.91959,0.94447,0.84323,0.99742,1.26973,0.94789,0.95147,1.23322,1.11453,1.02152,1.12485,1.05887,0.96987,0.9864,1.29723,1.19001,0.75976,0.82356,0.95399,1.37236,1.36789,0.56739,0.57498,1.02833,0.89191,0.96308,1.08231,1.0408,0.73759,0.65821,1.29705,1.26741,1.32076,1,1.1515,1.08273,1.24346,1.00711,0.75412,1.10033,1.06312,0.69321,0.91643,0.99354,0.88401,0.95422,1.06395,1.03382,0.64046,0.87421,1.20103,1.24329,1.07747,0.12721,0.46405,1.29262,1.32102,0.97825,1.18925,1.06425,0.94694,0.94435
17.74,1.25858,1.2806,0.52921,0.70268,0.50388,1,0.93724,0.97485,0.8448,1.01347,1.24617,0.92321,0.98871,1.23132,1.11422,0.97035,1.13087,1.03851,0.9685,0.97092,1.29149,1.23624,0.80829,0.83374,0.96776,1.37066,1.36587,0.60997,0.61298,1.18664,0.81806,0.9637,1.1101,1.0549,0.77508,0.61145,1.29991,1.26405,1.3192,1,1.12773,1.04136,1.24238,0.99032,0.80166,1.13387,1.01626,0.6978,0.91673,1.03188,0.87647,0.97136,1.06644,1.06661,0.65953,0.81009,1.17426,1.23674,1.05709,0.14675,0.48517,1.28045,1.31213,0.78684,1.24665,1.06332,0.92364,0.92333
17.76,1.23495,1.29125,0.52411,0.70244,0.4677,1,0.93917,1.02998,0.85662,1.03257,1.20944,0.90295,1.04446,1.23175,1.10918,0.93589,1.13144,1.01151,0.96844,0.95699,1.28341,1.26904,0.92679,0.84836,0.99002,1.3654,1.35976,0.66031,0.64597,1.24956,0.76277,0.96632,1.13288,1.06734,0.8181,0.57451,1.30116,1.26415,1.32634,1,1.1249,0.98557,1.23378,0.97564,0.85713,1.157,0.98165,0.69677,0.92148,1.06452,0.87573,0.99191,1.06654,1.092,0.68424,0.74497,1.08432,1.22656,1.01928,0.20309,0.54128,1.26393,1.30338,0.64645,1.27512,1.05932,0.90173,0.90394
17.78,1.20102,1.29953,0.52684,0.68919,0.38978,1,0.92129,1.10192,0.87842,1.0522,1.14668,0.88865,1.08969,1.23347,1.09983,0.90716,1.12778,0.98922,0.96984,0.9453,1.27201,1.29327,1.17348,0.86713,1.03351,1.35164,1.34395,0.71887,0.67266,1.28173,0.72371,0.96948,1.1495,1.07705,0.86558,0.54288,1.30049,1.26917,1.33963,1,1.14936,0.94117,1.21577,0.95927,0.92071,1.17144,0.95834,0.69259,0.92997,1.08871,0.88037,1.02779,1.064,1.11085,0.71547,0.67957,0.90213,1.21191,0.98182,0.32583,0.64705,1.24101,1.29546,0.54492,1.29073,1.05439,0.8838,0.88822
17.8,1.15103,1.30676,0.53894,0.66119,0.28738,1,0.88276,1.15808,0.90853,1.07241,1.01645,0.8816,1.12077,1.23549,1.08726,0.88346,1.12094,0.97294,0.97261,0.93653,1.25579,1.31154,1.28022,0.88928,1.07587,1.29856,1.28475,0.78566,0.69444,1.29988,0.69918,0.9716,1.15876,1.08275,0.9159,0.5128,1.29748,1.279,1.35378,1,1.1912,0.89192,1.18492,0.94086,0.99379,1.17804,0.93861,0.68765,0.94075,1.10689,0.88878,1.06378,1.05888,1.12374,0.75384,0.61536,0.74021,1.19186,0.95443,0.6096,0.83121,1.20832,1.28834,0.47398,1.29913,1.05103,0.87301,0.87875
17.82,1.07507,1.31371,0.56233,0.61912,0.18144,1,0.82603,1.20092,0.94404,1.09302,0.90577,0.88298,1.14264,1.23691,1.07278,0.8645,1.11186,0.95888,0.97649,0.93132,1.23216,1.32543,1.32431,0.91372,1.10334,0.67861,0.7175,0.85999,0.71486,1.31013,0.6881,0.97125,1.15919,1.08312,0.96667,0.48157,1.29138,1.29208,1.36552,1,1.23507,0.84012,1.13533,0.92023,1.10783,1.17677,0.92233,0.68412,0.95234,1.12042,0.8995,1.09025,1.05149,1.13094,0.79989,0.55411,0.59057,1.1653,0.93329,1.26602,1.16484,1.15986,1.28105,0.42829,1.30264,1.0516,0.8725,0.87813
17.84,0.98031,1.3206,0.59973,0.56554,0.08638,1,0.7559,1.23326,0.98122,1.1136,0.81744,0.89372,1.15796,1.23697,1.05646,0.8504,1.10099,0.94862,0.98109,0.93016,1.19584,1.33604,1.34656,0.93954,1.11672,0.29247,0.35051,0.94065,0.73834,1.31514,0.68964,0.96755,1.14865,1.07692,1.02753,0.44794,1.28077,1.30635,1.37421,1,1.27215,0.7882,1.05717,0.89748,1.174,1.16648,0.90949,0.68397,0.96445,1.12995,0.9117,1.10739,1.04235,1.1325,0.85454,0.49746,0.46472,1.13036,0.92181,1.35042,1.28494,1.08362,1.27183,0.4042,1.30216,1.05742,0.88478,0.88843
17.86,0.92949,1.32733,0.65502,0.50429,0.00812,1,0.67835,1.25751,1.02899,1.13345,0.74508,0.91429,1.16804,1.23495,1.03519,0.84178,1.08784,0.94337,0.98593,0.9333,1.13393,1.34412,1.35892,0.96643,1.11779,0.12118,0.17584,1.045,0.7693,1.31611,0.70292,0.96058,1.12336,1.06303,1.08637,0.41229,1.26283,1.32009,1.38036,1,1.3005,0.73852,0.97319,0.87316,1.21372,1.14449,0.90027,0.68899,0.97891,1.13557,0.92561,1.11555,1.03229,1.12824,0.9195,0.44686,0.36703,1.08327,0.92086,1.36944,1.32338,0.97877,1.25802,0.39938,1.29791,1.06798,0.91123,0.91075
17.88,0.89458,1.33356,0.73362,0.43983,0,1,0.59956,1.27539,1.06899,1.15171,0.69205,0.94454,1.17323,1.22999,0.99997,0.83984,1.0705,0.94406,0.99036,0.94074,1.00672,1.35015,1.3659,0.99461,1.10862,0.03204,0.08181,1.13651,0.81181,1.31342,0.72667,0.95135,1.07601,1.04043,1.11899,0.3764,1.23126,1.33225,1.38095,1,1.32122,0.69361,0.9308,0.84838,1.23724,1.10528,0.89527,0.70097,1.00006,1.13681,0.94267,1.11449,1.02261,1.11768,0.9971,0.40387,0.29859,1.01586,0.92886,1.37722,1.34089,0.91729,1.23522,0.41262,1.28965,1.08114,0.95178,0.94489
17.9,0.87569,1.33897,0.84299,0.37653,0,1,0.52492,1.28811,1.08664,1.16754,0.6634,0.98342,1.17311,1.22092,0.97017,0.84647,1.04511,0.95149,0.99364,0.95221,0.90783,1.35442,1.36935,1.04329,1.09243,0,0.03157,1.18362,0.86977,1.30677,0.7588,0.94174,0.99594,1.00849,1.1346,0.34283,1.16915,1.3424,1.38095,1,1.33608,0.65609,0.90973,0.82473,1.24842,1.03756,0.89539,0.7218,1.05798,1.13253,0.96534,1.10276,1.01517,1.09995,1.11857,0.37021,0.26017,0.96395,0.94205,1.38087,1.34949,0.86968,1.19384,0.44374,1.27685,1.09396,1.00851,0.989
17.92,0.87352,1.34331,0.99394,0.31785,0,1,0.4581,1.29649,1.0838,1.18035,0.66532,1.04976,1.1667,1.20589,0.92632,0.86386,1.0047,0.96621,0.99508,0.96729,0.82231,1.35711,1.36988,1.08653,1.07461,0,0.01097,1.20986,0.94749,1.29515,0.79644,0.93389,0.94433,0.98505,1.13631,0.31399,1.00978,1.35056,1.38095,1,1.34669,0.62819,0.91324,0.80392,1.2477,0.96582,0.90153,0.75361,1.12093,1.12087,0.99668,1.07693,1.01183,1.07358,1.18637,0.34742,0.25401,0.92072,0.95533,1.38095,1.35288,0.83533,1.10504,0.4936,1.25886,1.10383,1.0946,1.0648
17.94,0.88877,1.34653,1.18754,0.26601,0,1,0.40077,1.30121,1.0556,1.18996,0.70545,1.10868,1.15277,1.18165,0.86771,0.89393,0.97312,0.98822,0.99438,0.98542,0.74681,1.35834,1.36706,1.12209,1.06197,0,0.01559,1.22426,1.07877,1.27622,0.83642,0.92956,0.89832,0.96668,1.12393,0.29139,0.86892,1.35694,1.38095,1,1.3543,0.61121,0.94577,0.78719,1.23166,0.91383,0.91399,0.79872,1.17973,1.09904,1.06444,1.03019,1.01346,1.03606,1.22832,0.33658,0.28607,0.8781,0.96404,1.38095,1.35213,0.81323,0.93902,0.56427,1.23495,1.10905,1.14793,1.12161
17.96,0.92154,1.34869,1.2579,0.22235,0,1,0.35331,1.30275,0.99219,1.19651,0.79469,1.14939,1.13025,1.14212,0.79767,0.93766,0.93914,1.03033,0.99191,1.01155,0.68125,1.35812,1.35846,1.15178,1.05965,0,0.04788,1.23122,1.18106,1.24493,0.87573,0.92973,0.85984,0.95026,1.09428,0.27573,0.75583,1.3618,1.38095,1,1.35978,0.60546,1.02573,0.77521,1.18761,0.86744,0.93183,0.8595,1.22797,1.06294,1.12345,0.97784,1.01913,0.99205,1.25624,0.33853,0.37115,0.8362,0.96558,1.37977,1.34675,0.80153,0.81448,0.65902,1.20452,1.10884,1.18203,1.1591
17.98,0.97054,1.34981,1.29252,0.18792,0,1,0.3158,1.30138,0.93659,1.20022,0.9497,1.17772,1.0996,1.07466,0.72253,0.9941,0.903,1.07636,0.98871,1.04826,0.62597,1.35631,1.33367,1.17641,1.06788,0.06599,0.11877,1.23346,1.23731,1.18996,0.91162,0.93462,0.82909,0.93622,1.0401,0.26732,0.66456,1.36535,1.38095,1,1.36368,0.61059,1.14728,0.76819,1.06394,0.82803,0.95242,0.93766,1.26425,1.00666,1.16908,0.93818,1.02627,0.96411,1.27547,0.3543,0.54368,0.79593,0.96003,1.3744,1.33424,0.79761,0.70422,0.78081,1.1678,1.10293,1.20443,1.18452
18,1.05407,1.34992,1.31194,0.16386,0,1,0.28848,1.29717,0.87242,1.20131,1.18345,1.19714,1.06593,0.97767,0.64935,1.08843,0.86827,1.1103,0.98639,1.07786,0.58181,1.35251,1.19068,1.19633,1.08208,0.19687,0.25449,1.23314,1.27166,1.08216,0.94158,0.94373,0.80549,0.92466,0.97727,0.26652,0.59418,1.3677,1.38095,1,1.3663,0.62582,1.22104,0.76608,0.8871,0.79663,0.97127,1.05569,1.29021,0.96835,1.20229,0.90301,1.03129,0.93805,1.28866,0.38562,0.88519,0.75887,0.94991,1.3618,1.30712,0.79818,0.60982,0.92901,1.12722,1.09137,1.21935,1.20206
18.02,1.12631,1.34894,1.32325,0.15122,0,1,0.27172,1.28997,0.80581,1.19995,1.26498,1.20972,1.04153,0.91453,0.58352,1.1465,0.83839,1.13231,0.98661,1.10058,0.54956,1.3458,0.58281,1.2118,1.0965,0.46608,0.51692,1.23222,1.29393,0.94115,0.96368,0.95613,0.78822,0.91552,0.93504,0.27389,0.54374,1.36889,1.38095,1,1.36783,0.65012,1.26621,0.76871,0.76469,0.77398,0.98298,1.15767,1.30836,0.9371,1.22512,0.87676,1.03083,0.91542,1.2973,0.43538,1.27069,0.72676,0.93884,1.32271,1.2388,0.79979,0.53159,1.12346,1.08873,1.07442,1.22924,1.21422
18.04,1.1684,1.34671,1.32952,0.15083,0,1,0.26568,1.27939,0.7414,1.19622,1.29872,1.21679,1.04025,0.85924,0.52748,1.18126,0.81555,1.14407,0.99037,1.11724,0.52936,1.33414,0.35638,1.22325,1.10727,1.14116,1.10396,1.2322,1.3089,0.86289,0.977,0.97069,0.77652,0.9087,0.90045,0.29016,0.51187,1.36892,1.38095,1,1.36837,0.68237,1.29497,0.77575,0.67518,0.76033,0.98356,1.21143,1.32105,0.91162,1.23989,0.86142,1.0226,0.89713,1.30233,0.50836,1.32438,0.70084,0.93001,0.905,0.97308,0.79982,0.46859,1.21026,1.06063,1.05248,1.23549,1.22246
18.06,1.19232,1.34299,1.33224,0.16345,0,1,0.27026,1.26474,0.68217,1.19024,1.31516,1.21926,1.06388,0.81033,0.48144,1.20324,0.80041,1.14806,0.99755,1.12897,0.52063,1.31241,0.26026,1.23115,1.11284,1.32594,1.3122,1.23368,1.31916,0.80968,0.98206,0.98627,0.7699,0.90417,0.87574,0.31618,0.49707,1.36773,1.38095,1,1.36796,0.72134,1.31404,0.78669,0.61523,0.75539,0.97231,1.24468,1.33001,0.89161,1.24865,0.85598,1.00597,0.88327,1.30442,0.61188,1.34055,0.68175,0.92523,0.49018,0.76986,0.79723,0.41929,1.24674,1.04876,1.02614,1.23888,1.22759
18.08,1.20416,1.33744,1.33205,0.18988,0,1,0.28513,1.2452,0.63014,1.18225,1.32319,1.21776,1.09967,0.76485,0.44459,1.21895,0.79242,1.14774,1.01282,1.13698,0.5223,1.26441,0.22579,1.23586,1.11319,1.34963,1.34014,1.23614,1.32611,0.77191,0.98077,1.00321,0.76825,0.902,0.86174,0.35255,0.49813,1.36516,1.38095,1,1.36661,0.76511,1.32702,0.80069,0.58024,0.75841,0.95238,1.26816,1.3364,0.87483,1.25299,0.85643,0.99188,0.87329,1.30402,0.75555,1.34569,0.66985,0.92492,0.3413,0.66662,0.79283,0.38253,1.26645,1.05187,0.99837,1.23972,1.22995
18.1,1.20675,1.32967,1.32905,0.23071,0,1,0.30964,1.22041,0.58698,1.17274,1.32609,1.21271,1.13312,0.71939,0.41606,1.23292,0.79023,1.14802,1.02738,1.14244,0.53297,1.10337,0.22865,1.23753,1.10915,1.35677,1.34872,1.23824,1.33048,0.74014,0.97606,1.02812,0.77177,0.90243,0.8585,0.39916,0.51441,1.3609,1.38095,1,1.36428,0.8105,1.33588,0.81647,0.56648,0.7683,0.92969,1.28675,1.34093,0.85775,1.25414,0.85605,0.9821,0.86624,1.30145,0.94857,1.34528,0.66554,0.92841,0.28372,0.61975,0.78899,0.35785,1.28025,1.06277,0.98493,1.23794,1.22949
18.12,1.20105,1.31919,1.32278,0.28602,0,1,0.34272,1.19126,0.55395,1.16247,1.32504,1.20441,1.15665,0.67111,0.39519,1.24791,0.79217,1.15448,1.03383,1.14645,0.55107,0.81109,0.25832,1.23604,1.10212,1.35824,1.35066,1.23831,1.33261,0.70654,0.97122,1.04501,0.78089,0.90573,0.86555,0.45506,0.54602,1.35456,1.38095,1,1.36092,0.85324,1.34176,0.83254,0.57154,0.78379,0.91064,1.30268,1.34405,0.83663,1.25312,0.84697,0.97757,0.86093,1.29691,1.18315,1.34085,0.66938,0.9343,0.27087,0.60765,0.78886,0.34532,1.29272,1.07336,0.97492,1.23319,1.22585
18.14,1.18693,1.30532,1.31199,0.35515,0,1,0.38299,1.16063,0.53177,1.15227,1.32009,1.19299,1.16851,0.61843,0.38158,1.26455,0.79678,1.17034,1.02848,1.14996,0.57522,0.65977,0.30992,1.23099,1.09366,1.35652,1.3489,1.23475,1.33265,0.66731,0.96909,1.05434,0.79601,0.91208,0.8817,0.51898,0.59398,1.3455,1.38095,1,1.35644,0.88925,1.34534,0.84758,0.59427,0.80369,0.89982,1.31681,1.346,0.80887,1.25065,0.82324,0.98134,0.85616,1.29049,1.2547,1.33256,0.68215,0.94109,0.28585,0.61866,0.79531,0.34512,1.30509,1.07783,0.96905,1.22488,1.21845
18.16,1.16396,1.28683,1.29386,0.43623,0,1,0.42869,1.13286,0.52076,1.1428,1.31029,1.17837,1.16918,0.56154,0.37519,1.28173,0.80317,1.19397,1.00809,1.15379,0.60431,0.57345,0.38165,1.22156,1.08525,1.35206,1.34406,1.22599,1.33056,0.62383,0.97167,1.05684,0.8172,0.92144,0.90457,0.59033,0.66024,1.33287,1.38095,1,1.35075,0.91611,1.34702,0.86078,0.63446,0.82704,0.89919,1.32925,1.3469,0.77402,1.24712,0.78337,0.99492,0.85086,1.28216,1.28259,1.31961,0.70479,0.94755,0.32248,0.64648,0.81037,0.35736,1.31666,1.0724,0.96743,1.21216,1.2065
18.18,1.13337,1.26116,1.26188,0.52467,0,1,0.47704,1.11152,0.52134,1.13441,1.29336,1.16037,1.15945,0.50228,0.37646,1.29773,0.81107,1.22045,0.98566,1.15851,0.63737,0.52948,0.47369,1.20637,1.07813,1.34429,1.33557,1.21001,1.32621,0.58164,0.98011,1.05341,0.84393,0.93339,0.92988,0.66978,0.747,1.31578,1.38095,1,1.3439,0.93387,1.34693,0.87192,0.69198,0.85297,0.90816,1.33992,1.34672,0.73384,1.24257,0.7308,1.03286,0.84416,1.27178,1.29447,1.29995,0.7384,0.9528,0.37996,0.68794,0.83512,0.38197,1.32621,1.05343,0.96964,1.19407,1.18906
18.2,1.10227,1.22274,1.1986,0.61099,0.05354,1,0.52349,1.0967,0.53422,1.12706,1.26455,1.13885,1.14061,0.4434,0.38647,1.31134,0.82078,1.24509,0.96278,1.16443,0.67321,0.5162,0.58804,1.18303,1.07337,1.3312,1.32143,1.18366,1.31935,0.54825,0.99481,1.04522,0.87482,0.94713,0.95104,0.75965,0.85524,1.29441,1.37689,1,1.33633,0.94498,1.34496,0.88127,0.76562,0.88048,0.92394,1.34876,1.34531,0.69163,1.23669,0.67221,1.07647,0.83551,1.25926,1.2978,1.26908,0.78411,0.9562,0.46166,0.74192,0.86963,0.41833,1.33282,1.01529,0.97479,1.16967,1.16524
18.22,1.08652,1.15746,1.03758,0.6809,0.21966,1,0.56185,1.08437,0.56018,1.12034,1.21324,1.11389,1.11541,0.38753,0.40701,1.3222,0.83307,1.26537,0.93895,1.17131,0.71036,0.52763,0.73026,1.14717,1.07184,1.30715,1.29604,1.14122,1.30961,0.53051,1.02852,1.03365,0.90777,0.96156,0.96038,0.86398,0.98314,1.27218,1.36157,1,1.32919,0.95356,1.3407,0.88951,0.85219,0.90845,0.94227,1.3559,1.34231,0.65083,1.22875,0.6149,1.11325,0.82505,1.24463,1.29494,1.21531,0.84316,0.95728,0.5766,0.80913,0.91316,0.46533,1.33605,0.97696,0.98174,1.13827,1.13439
18.24,1.10041,1.01994,0.8745,0.72019,0.55653,1,0.5859,1.06783,0.59923,1.11345,1.11053,1.08574,1.08892,0.33634,0.4408,1.33056,0.84904,1.28063,0.91717,1.17824,0.74715,0.56088,0.91449,1.08976,1.07433,1.25087,1.23966,1.07057,1.29641,0.53335,1.06694,1.02008,0.94061,0.97569,0.95218,0.98787,1.14529,1.25702,1.30746,1,1.32423,0.96423,1.33351,0.89766,0.94663,0.93587,0.95878,1.36159,1.33702,0.61377,1.21748,0.5649,1.14113,0.81406,1.22816,1.28613,1.09582,0.91713,0.95553,0.74485,0.8925,0.96451,0.52179,1.33554,0.94132,0.98943,1.09957,1.09618
18.26,1.13917,0.90226,0.77436,0.72283,1.26051,1,0.59172,1.03792,0.64894,1.10524,0.94561,1.05481,1.06791,0.29068,0.49169,1.33691,0.87002,1.291,0.89955,1.1836,0.78175,0.61439,1.17508,0.99492,1.08156,0.98642,1.01061,0.97498,1.27863,0.55997,1.10081,1.00566,0.97157,0.98878,0.92546,1.15236,1.21117,1.25592,0.70823,1,1.32296,0.98141,1.32266,0.90701,1.06843,0.96191,0.97025,1.36609,1.32811,0.58148,1.2008,0.52684,1.16057,0.80523,1.21047,1.27021,0.90065,1.01498,0.9503,1.02418,0.99787,1.03916,0.58706,1.33058,0.90447,0.99711,1.05365,1.05056
18.28,1.18433,0.81638,0.70956,0.69497,1.34466,1,0.57928,0.98984,0.70173,1.09418,0.85236,1.02193,1.05821,0.25109,0.56506,1.34172,0.89749,1.2965,0.88752,1.18507,0.81195,0.68572,1.27084,0.93353,1.09397,0.69682,0.74608,0.91399,1.25419,0.61249,1.12806,0.99572,0.99939,1.00075,0.88449,1.2216,1.24182,1.26701,0.35604,1,1.32564,1.01762,1.30833,0.91901,1.15067,0.98583,0.97513,1.36963,1.31279,0.55418,1.17494,0.50511,1.17251,0.80276,1.19292,1.24484,0.76235,1.13926,0.94085,1.25915,1.15207,1.11249,0.66118,1.31937,0.87019,1.00848,1.00129,0.99904
18.3,1.22265,0.75326,0.674,0.65085,1.36335,1,0.55224,0.94656,0.74217,1.07816,0.78998,0.99456,1.06144,0.21809,0.66836,1.34533,0.93301,1.29648,0.88214,1.17933,0.83508,0.76837,1.31284,0.87889,1.11135,0.49927,0.55852,0.86362,1.21916,0.69126,1.14764,0.98932,1.04098,1.01928,0.83695,1.25539,1.25594,1.28239,0.20281,1,1.33107,1.08013,1.29469,0.93531,1.19029,1.01304,0.97354,1.37236,1.28414,0.53181,1.13221,0.50518,1.17755,0.81228,1.17788,1.2073,0.63904,1.20168,0.92652,1.31596,1.22538,1.15705,0.74468,1.29779,0.84246,1.02059,0.97609,0.9746
18.32,1.25073,0.71399,0.66505,0.60434,1.37168,1,0.51615,0.89227,0.74991,1.0538,0.75102,0.98126,1.0745,0.19192,0.81297,1.34799,0.9786,1.28895,0.88411,1.16113,0.84836,0.8496,1.33674,0.83306,1.13248,0.35756,0.41842,0.82545,1.16556,0.79355,1.1591,0.98369,1.06828,1.03278,0.7905,1.27196,1.25924,1.29626,0.11583,1,1.3376,1.13811,1.29174,0.95787,1.21082,1.04201,0.96679,1.37438,1.2189,0.51416,1.05285,0.53465,1.17572,0.84037,1.16853,1.15766,0.52656,1.23719,0.90712,1.34129,1.26742,1.18432,0.8383,1.25566,0.82481,1.03072,0.9575,0.95586
18.34,1.27007,0.699,0.68237,0.56326,1.37657,1,0.47641,0.82948,0.71165,1.01485,0.73028,0.97182,1.09264,0.17228,1.03408,1.3499,1.06144,1.26856,0.89364,1.12013,0.84997,0.91215,1.35186,0.79706,1.15521,0.25351,0.31249,0.79987,1.07518,0.9126,1.16237,0.97889,1.08552,1.04207,0.75009,1.27759,1.25276,1.30691,0.05764,1,1.34399,1.18721,1.30523,0.98929,1.22069,1.06036,0.95661,1.37583,0.97962,0.50088,0.95106,0.60498,1.16656,0.8938,1.16736,1.10608,0.42593,1.25853,0.88336,1.35532,1.29406,1.2002,0.9423,1.16165,0.81957,1.03902,0.94442,0.94249
18.36,1.2831,0.70791,0.72729,0.52909,1.37993,1,0.43727,0.76189,0.63235,0.97735,0.72373,0.96607,1.11193,0.15837,1.22664,1.3512,1.13763,1.21835,0.91015,1.02936,0.83975,0.94095,1.36179,0.77095,1.177,0.17725,0.23307,0.78615,0.96066,1.06123,1.15734,0.97508,1.09513,1.04759,0.71757,1.27429,1.23413,1.31481,0.01388,1,1.3496,1.22642,1.32652,1.05556,1.22367,1.07077,0.94459,1.37682,0.76145,0.49144,0.86771,0.73532,1.14918,0.97904,1.17465,1.07667,0.34029,1.27144,0.85714,1.36388,1.31171,1.20805,1.08356,0.94956,0.82759,1.04538,0.93661,0.93435
18.38,1.29187,0.73975,0.80217,0.49898,1.38095,1,0.40192,0.6939,0.532,0.9402,0.72777,0.96367,1.1299,0.14913,1.28664,1.35204,1.19236,1.05326,0.93196,0.93378,0.81948,0.9309,1.36826,0.75439,1.1956,0.12342,0.17591,0.78272,0.89372,1.1619,1.14365,0.97262,1.09808,1.04944,0.69268,1.26141,1.19554,1.32117,0,1,1.35416,1.25652,1.3453,1.12188,1.22184,1.07494,0.93209,1.37747,0.60468,0.48526,0.78287,0.95909,1.12273,1.12758,1.18819,1.08742,0.27272,1.27873,0.83148,1.36923,1.32336,1.20994,1.17173,0.82819,0.84834,1.04939,0.93414,0.93158
18.4,1.29785,0.79234,0.90929,0.46798,1.38095,1,0.37284,0.62992,0.43198,0.89661,0.73874,0.96421,1.14512,0.14344,1.31533,1.3525,1.2326,0.83064,0.95606,0.85663,0.79235,0.88934,1.37223,0.74702,1.20934,0.0894,0.13898,0.78744,0.84708,1.20075,1.1208,0.97206,1.09419,1.04739,0.67404,1.23572,1.11444,1.32719,0,1,1.35761,1.27898,1.35861,1.17585,1.21674,1.07402,0.92034,1.37786,0.48932,0.48178,0.69884,1.22851,1.08762,1.20766,1.20456,1.12661,0.22542,1.28178,0.81017,1.37235,1.33047,1.20733,1.21179,0.7603,0.87979,1.05029,0.9374,0.93464
18.42,1.30208,0.86124,1.07782,0.43166,1.38095,1,0.35178,0.57332,0.34519,0.84743,0.75297,0.96711,1.15685,0.14024,1.33174,1.35268,1.26264,0.69095,0.9785,0.79313,0.76212,0.83087,1.37423,0.74855,1.21726,0.07418,0.12153,0.79788,0.8217,1.21468,1.08834,0.974,1.08236,1.04095,0.65993,1.18986,0.96137,1.33365,0,1,1.35995,1.29538,1.36739,1.21867,1.20985,1.06892,0.91046,1.37808,0.40331,0.48042,0.61802,1.2937,1.04755,1.24881,1.2208,1.17055,0.19955,1.28116,0.79685,1.37369,1.33373,1.20137,1.22912,0.73162,0.91871,1.04715,0.94691,0.94412
18.44,1.30526,0.93859,1.19676,0.3888,1.38095,1,0.33968,0.52586,0.2755,0.79388,0.76735,0.97161,1.16467,0.13867,1.3421,1.35265,1.28533,0.60183,0.99555,0.74714,0.7322,0.76976,1.37451,0.75863,1.21886,0.07814,0.12386,0.81178,0.81835,1.21346,1.046,0.97887,1.06063,1.02959,0.6488,1.10921,0.85759,1.34055,0,1,1.36124,1.30721,1.37314,1.25221,1.20255,1.06074,0.90342,1.37818,0.33846,0.48061,0.54243,1.31835,1.01072,1.27085,1.23512,1.20657,0.19582,1.27692,0.79406,1.37335,1.3333,1.19303,1.23122,0.73424,0.96146,1.03905,0.96295,0.96036
18.46,1.30778,1.02167,1.24985,0.3421,1.38095,1,0.33679,0.48809,0.22189,0.73749,0.77988,0.97667,1.16824,0.13815,1.34907,1.3525,1.30257,0.55177,1.0094,0.71877,0.70538,0.71649,1.37299,0.77671,1.21381,0.10373,0.14801,0.82741,0.8371,1.19925,0.99698,0.98675,1.02619,1.01296,0.63964,0.98677,0.77267,1.34732,0,1,1.36154,1.31559,1.37696,1.27834,1.19588,1.05115,0.90008,1.37822,0.289,0.48174,0.47371,1.32905,0.99408,1.28219,1.2467,1.23206,0.21579,1.26875,0.80275,1.37106,1.32876,1.18304,1.21892,0.76325,1.00905,1.02527,0.98522,0.98309
18.48,1.3098,1.09053,1.27969,0.2968,1.38095,1,0.34305,0.46016,0.18209,0.68025,0.78999,0.98084,1.16695,0.13837,1.35398,1.35232,1.31562,0.53163,1.01121,0.70615,0.68407,0.67853,1.3691,0.80169,1.20168,0.15673,0.19864,0.84353,0.87699,1.17101,0.97191,0.99728,0.98859,0.99573,0.63205,0.93507,0.70256,1.35323,0,1,1.36088,1.32129,1.37951,1.29858,1.19028,1.04286,0.9013,1.3782,0.25097,0.48313,0.41346,1.33287,0.99292,1.28679,1.25517,1.24765,0.26314,1.25604,0.82232,1.36598,1.31883,1.172,1.18755,0.81366,1.07188,1.00543,1.02313,1.02075
18.5,1.31131,1.09519,1.29903,0.25847,1.38095,1,0.35816,0.44245,0.15412,0.62448,0.79839,0.98242,1.15968,0.13932,1.35748,1.3522,1.3253,0.53456,0.99968,0.70643,0.6706,0.66222,1.36135,0.83163,1.18206,0.24808,0.28406,0.85929,0.93534,1.12705,0.9519,1.01815,0.96302,0.98441,0.62621,0.93091,0.6429,1.35781,0,1,1.35925,1.3247,1.38118,1.31414,1.18548,1.03963,0.90796,1.37814,0.22189,0.48405,0.36312,1.33233,1.00079,1.28669,1.26022,1.2538,0.3445,1.23814,0.85048,1.35597,1.30059,1.16039,1.12274,0.8774,1.11035,0.99049,1.06743,1.06711
18.52,1.31225,1.0203,1.3129,0.23119,1.38095,1,0.38179,0.43554,0.13657,0.57216,0.80666,0.97995,1.14438,0.14114,1.35998,1.35221,1.33226,0.55526,0.98889,0.71651,0.66708,0.67428,1.34569,0.86391,1.15515,0.39736,0.4178,0.87414,1.01376,1.06919,0.93712,1.03976,0.94046,0.97411,0.62253,0.98764,0.59021,1.36085,0,1,1.35658,1.32599,1.38218,1.32606,1.18059,1.04465,0.92094,1.37801,0.20015,0.48394,0.32351,1.32836,1.02587,1.28303,1.2615,1.24929,0.47069,1.21457,0.88344,1.33503,1.26759,1.14865,0.99078,0.94198,1.13401,0.97812,1.09977,1.10095
18.54,1.31258,0.90308,1.32353,0.21694,1.38095,1,0.41371,0.43999,0.12845,0.52443,0.8166,0.97306,1.1174,0.14401,1.36171,1.35238,1.33702,0.58992,0.97612,0.73374,0.67512,0.72345,1.30718,0.89583,1.12241,0.64104,0.62167,0.88765,1.11479,1.00941,0.9275,1.05784,0.92302,0.96587,0.62123,1.15151,0.54238,1.36238,0,1,1.35269,1.32516,1.38263,1.33522,1.17453,1.05805,0.94093,1.37782,0.1846,0.48265,0.29448,1.32107,1.0522,1.27639,1.25855,1.22899,0.65998,1.18525,0.91666,1.2789,1.20324,1.1372,0.90277,0.99305,1.14769,0.96677,1.12137,1.12371
18.56,1.31236,0.76641,1.33193,0.21622,1.38095,1,0.45372,0.45621,0.12904,0.4817,0.82967,0.96296,1.07197,0.14808,1.36282,1.35265,1.34005,0.63616,0.96384,0.75632,0.69554,0.82364,1.11802,0.92527,1.0878,1.07684,0.92923,0.89949,1.16831,0.98628,0.92278,1.0719,0.91168,0.96027,0.62208,1.24917,0.49879,1.36245,0,1,1.34732,1.32206,1.3826,1.34232,1.16619,1.07616,0.96813,1.37754,0.17428,0.48065,0.27519,1.30985,1.07465,1.26684,1.25069,1.17528,0.94468,1.15069,0.94562,0.95685,1.051,1.1265,0.83424,1.03654,1.15397,0.95724,1.1341,1.13744
18.58,1.31181,0.62807,1.33853,0.22893,1.38095,1,0.50108,0.48427,0.1379,0.44415,0.8468,0.9526,0.99739,0.15343,1.36344,1.35286,1.34167,0.6926,0.95425,0.78333,0.72815,0.99943,0.67447,0.95077,1.05892,1.2823,1.2384,0.90921,1.19847,0.98448,0.92263,1.08191,0.90645,0.95744,0.62427,1.30022,0.46018,1.3611,0,1,1.34012,1.3164,1.38211,1.34786,1.15461,1.09312,1.00385,1.37717,0.16849,0.47905,0.2646,1.29316,1.09051,1.25395,1.23694,1.00087,1.23902,1.11227,0.96606,0.66363,0.89379,1.11723,0.7848,1.0409,1.15416,0.95004,1.13965,1.14393
18.6,1.31123,0.50655,1.3435,0.25465,1.38095,1,0.55364,0.52356,0.15476,0.4121,0.86834,0.9462,0.94913,0.15997,1.36363,1.35279,1.34208,0.75841,0.9494,0.81454,0.77132,1.21949,0.4768,0.97162,1.04577,1.3184,1.29447,0.91619,1.2151,0.99309,0.92669,1.08797,0.90672,0.95717,0.62651,1.32818,0.42819,1.35824,0,1,1.3308,1.30775,1.38114,1.35216,1.13886,1.10285,1.06575,1.37671,0.16674,0.47955,0.26187,1.26783,1.09804,1.23659,1.21605,0.83626,1.29921,1.07251,0.97445,0.52752,0.81244,1.11026,0.753,1.01918,1.14878,0.94549,1.13937,1.14452
18.62,1.31103,0.40895,1.3469,0.29289,1.38095,1,0.60724,0.57271,0.1796,0.38598,0.89423,0.94841,0.90471,0.16752,1.36341,1.3522,1.34139,0.83304,0.95101,0.85034,0.82184,1.28674,0.36961,0.98763,1.05465,1.32956,1.3111,0.9197,1.22259,1.00733,0.93458,1.09016,0.91149,0.95906,0.62732,1.34439,0.40459,1.35372,0,1,1.31946,1.29555,1.37966,1.35539,1.11794,1.09954,1.11051,1.37617,0.1688,0.48407,0.26645,1.22691,1.09557,1.21247,1.18667,0.69907,1.32191,1.0348,0.96884,0.4708,0.77289,1.10666,0.73743,0.99461,1.13773,0.94381,1.13431,1.14024
18.64,1.31149,0.33451,1.34881,0.34349,1.38095,1,0.65583,0.6299,0.21284,0.36617,0.92438,0.96324,0.86692,0.17584,1.36278,1.3508,1.33958,0.91601,0.96022,0.89168,0.8754,1.31728,0.30992,0.99912,1.08213,1.33011,1.3128,0.91901,1.22283,1.01607,0.94595,1.08862,0.9197,0.96266,0.62551,1.35429,0.39068,1.34712,0,1,1.30709,1.27898,1.37756,1.3577,1.09035,1.07569,1.14192,1.37557,0.17466,0.49436,0.27821,1.15242,1.0808,1.17683,1.14761,0.59157,1.33256,1.00267,0.94987,0.46774,0.76818,1.10737,0.73693,0.98797,1.12029,0.94499,1.12519,1.13175
18.66,1.31273,0.27941,1.34927,0.40715,1.38095,1,0.69217,0.69312,0.25554,0.35309,0.95881,0.99349,0.83714,0.18456,1.36171,1.34835,1.33655,1.01266,0.97724,0.93994,0.9271,1.33369,0.27943,1.01285,1.11755,1.32164,1.30258,0.91355,1.2163,1.00385,0.96041,1.08359,0.93041,0.9675,0.62062,1.36058,0.38724,1.33768,0,1,1.29614,1.25682,1.37461,1.35916,1.05359,1.01553,1.16333,1.37493,0.18455,0.51169,0.29746,0.99108,1.05002,1.11885,1.09883,0.51087,1.33756,0.98994,0.92107,0.51194,0.7945,1.11293,0.75058,0.99719,1.095,0.94879,1.11254,1.11948
18.68,1.31463,0.23979,1.34823,0.48531,1.38095,1,0.70902,0.75975,0.30932,0.34747,0.99751,1.0658,0.81596,0.19318,1.36013,1.34457,1.33203,1.12899,1.0023,0.99662,0.97157,1.34316,0.26939,1.02072,1.15072,1.29916,1.27412,0.90298,1.20252,0.98312,0.9774,1.07553,0.94268,0.97313,0.61297,1.36465,0.39493,1.32389,0,1,1.29046,1.22749,1.37047,1.35978,1.00361,0.9531,1.17706,1.37429,0.19885,0.5367,0.32487,0.88092,0.99858,1.00892,1.044,0.45328,1.33914,0.98353,0.88833,0.60741,0.84896,1.12323,0.77739,1.04412,1.05973,0.95467,1.09682,1.10384
18.7,1.31688,0.21274,1.34547,0.57981,1.38095,1,0.70087,0.82603,0.37594,0.35052,1.06513,1.13024,0.80376,0.20094,1.35792,1.33913,1.32563,1.18548,1.05063,1.09235,1.0062,1.34848,0.27547,1.02405,1.17583,1.24143,1.19881,0.88728,1.18014,0.95451,0.99609,1.0653,0.95556,0.97905,0.60361,1.36725,0.41466,1.30278,0,1,1.29326,1.1895,1.36451,1.35945,0.97227,0.89057,1.18448,1.3737,0.21812,0.56923,0.36133,0.79838,0.96515,0.92391,0.99733,0.41627,1.33818,0.98074,0.85864,0.7648,0.92694,1.13753,0.81597,1.10183,1.01163,0.9618,1.07874,1.08555
18.72,1.31915,0.19629,1.34049,0.69289,1.38005,1,0.66619,0.88715,0.45714,0.36404,1.11479,1.17768,0.80089,0.20692,1.35495,1.33166,1.31673,1.21652,1.0883,1.1545,1.03091,1.35085,0.29563,1.02435,1.19093,1.00513,0.95161,0.86673,1.14661,0.9206,1.02843,1.05409,0.9681,0.98479,0.59383,1.36876,0.44788,1.26779,0.01233,1,1.30413,1.14272,1.35564,1.35794,0.94387,0.8281,1.18617,1.37323,0.24309,0.60842,0.40796,0.73922,0.93354,0.84987,0.9859,0.39851,1.33494,0.9805,0.83824,0.99757,1.03577,1.15461,0.86454,1.1519,0.97704,0.9692,1.05936,1.06574
18.74,1.32122,0.18911,1.33228,0.82811,1.37393,1,0.60865,0.93839,0.55476,0.39037,1.15082,1.21115,0.80776,0.21026,1.35095,1.32163,1.30431,1.2339,1.11508,1.19572,1.01967,1.35071,0.32924,1.02267,1.19589,0.77474,0.77421,0.84199,1.097,0.88556,1.05784,1.0432,0.97952,0.98996,0.58462,1.3694,0.49686,1.20016,0.0898,1,1.31913,1.09008,1.34162,1.35486,0.91734,0.77127,1.18208,1.37297,0.27477,0.65315,0.46614,0.70013,0.9072,0.78414,0.99125,0.39961,1.32925,0.9819,0.83105,1.22386,1.13883,1.17308,0.9215,1.19033,0.9503,0.97603,1.03993,1.04581
18.76,1.32301,0.19024,1.31876,0.99209,1.36412,1,0.53622,0.97662,0.67076,0.43243,1.1774,1.23421,0.82479,0.21037,1.34558,1.30816,1.28671,1.24279,1.13233,1.22362,0.98445,1.34797,0.37622,1.01983,1.19089,0.64211,0.66701,0.81411,1.02083,0.85221,1.08142,1.03369,0.98938,0.99434,0.5764,1.3693,0.56474,1.01554,0.19528,1,1.33406,1.03869,1.31714,1.34948,0.89326,0.7235,1.17148,1.37296,0.31438,0.7023,0.53731,0.67815,0.88816,0.72856,1.0251,0.41997,1.32065,0.98426,0.8383,1.27856,1.18586,1.19158,0.98584,1.21862,0.92628,0.98172,1.0216,1.02711
18.78,1.32458,0.19901,1.29548,1.18449,1.34781,1,0.45841,1.00232,0.80602,0.49365,1.19697,1.24942,0.8523,0.20701,1.33835,1.28995,1.26138,1.24568,1.14139,1.24196,0.9433,1.34204,0.43593,1.01642,1.17591,0.56804,0.60756,0.78463,0.95923,0.82227,1.10037,1.02619,0.99748,0.99785,0.56901,1.36851,0.65492,0.84622,0.33344,1,1.34665,0.99895,1.2661,1.34043,0.87228,0.68701,1.15276,1.37323,0.36304,0.75446,0.62182,0.67067,0.87741,0.6855,1.08051,0.46059,1.30848,0.98705,0.85855,1.2999,1.20838,1.20889,1.08602,1.23916,0.905,0.98603,1.0053,1.01074
18.8,1.32605,0.2148,1.25151,1.25253,1.32102,1,0.38346,1.02557,0.95731,0.5777,1.2109,1.25819,0.8904,0.20033,1.32862,1.2653,1.22488,1.24384,1.14304,1.25247,0.89331,1.33153,0.50533,1.01288,1.15133,0.53292,0.58181,0.75548,0.91202,0.79681,1.11569,1.0209,1.00755,1.00102,0.56195,1.36706,0.76932,0.72421,0.49499,1,1.35638,0.98782,1.11143,1.3249,0.85525,0.66378,1.12303,1.37374,0.42109,0.8075,0.71682,0.67543,0.87539,0.65797,1.13217,0.52275,1.29222,0.98992,0.88765,1.30849,1.21748,1.22411,1.15211,1.25392,0.88633,0.98898,0.99591,0.99869
18.82,1.32753,0.23709,1.15191,1.28702,1.28588,1,0.31649,1.03228,1.13785,0.6884,1.21999,1.26113,0.93893,0.19082,1.31567,1.2323,1.17398,1.23785,1.13748,1.25567,0.84077,1.31343,0.57764,1.00951,1.11957,0.52598,0.58095,0.72862,0.86943,0.77643,1.12821,1.01767,1.01644,1.00477,0.55464,1.36492,0.90625,0.62806,0.63584,1,1.36361,0.98438,0.8382,1.296,0.84302,0.6556,1.07692,1.37446,0.48774,0.85856,0.81447,0.69055,0.88212,0.6491,1.17394,0.60774,1.27226,0.9926,0.91925,1.31009,1.21777,1.23673,1.19413,1.2643,0.87,0.99075,0.99092,0.99386
18.84,1.32908,0.26548,0.93522,1.30813,1.27034,1,0.25948,1.0304,1.20807,0.83038,1.2248,1.25817,0.9974,0.17936,1.29854,1.18926,1.10885,1.22776,1.12446,1.25122,0.79033,1.28011,0.64316,1.00651,1.08653,0.54139,0.59961,0.70557,0.83126,0.76121,1.13865,1.0162,1.02237,1.00716,0.54681,1.36205,1.08758,0.54924,0.68235,1,1.36891,0.98536,0.7045,1.23053,0.83614,0.66385,1.00384,1.37531,0.56125,0.90475,0.90295,0.7145,0.89708,0.66136,1.2057,0.71738,1.25074,0.99497,0.94659,1.30649,1.21123,1.24662,1.2229,1.27135,0.85555,0.99154,0.98749,0.99074
18.86,1.33063,0.29975,0.80936,1.32261,1.29531,1,0.21242,1.02451,1.23696,1.01854,1.2258,1.24853,1.09428,0.1671,1.27595,1.13559,1.03907,1.21321,1.10363,1.23762,0.74471,1.20615,0.69266,1.00399,1.06116,0.5761,0.6345,0.68733,0.79734,0.75073,1.14771,1.01626,1.02585,1.00838,0.53871,1.35835,1.19121,0.48225,0.60356,1,1.3728,0.98835,0.63165,0.98653,0.83467,0.68926,0.95564,1.3762,0.63936,0.94389,0.97037,0.74612,0.91891,0.69624,1.22932,0.85456,1.23172,0.99693,0.96458,1.2978,1.19846,1.25391,1.24356,1.2759,0.84235,0.99151,0.98543,0.98915
18.88,1.33204,0.33946,0.73271,1.3333,1.32907,1,0.17478,1.01744,1.24908,1.1993,1.22339,1.23061,1.15377,0.15546,1.24616,1.07325,0.99303,1.19354,1.07553,1.21177,0.7055,0.97148,0.72154,1.00198,1.05106,0.62799,0.68293,0.67464,0.76781,0.7442,1.156,1.01773,1.02711,1.0085,0.53125,1.35368,1.23168,0.42381,0.45289,1,1.37565,0.99185,0.59683,0.76994,0.83819,0.73151,0.91313,1.37703,0.71927,0.97488,1.01871,0.78415,0.94489,0.75347,1.24665,1.04023,1.21929,0.99848,0.97114,1.28302,1.17943,1.25873,1.25873,1.27861,0.8297,0.99071,0.98467,0.98899
18.9,1.33303,0.38346,0.69221,1.34154,1.35228,1,0.14611,1.01075,1.25207,1.25862,1.21793,1.20182,1.19058,0.14606,1.20733,1.0084,0.98432,1.16802,1.04343,1.16859,0.67379,0.78945,0.73206,1.00047,1.05695,0.69402,0.74145,0.66823,0.74326,0.74065,1.16398,1.02063,1.02617,1.00751,0.52584,1.34798,1.24892,0.37228,0.29941,1,1.37768,0.99505,0.58779,0.62996,0.84587,0.78843,0.87708,1.37768,0.79722,0.99755,1.03998,0.82686,0.97059,0.82924,1.25904,1.19587,1.21448,0.99964,0.96735,1.26024,1.15418,1.26109,1.26977,1.28005,0.81696,0.98913,0.98524,0.99029
18.92,1.33334,0.42966,0.68151,1.34802,1.36621,1,0.12606,1.00543,1.24896,1.28662,1.2098,1.15843,1.21289,0.14046,1.15841,0.97859,0.98883,1.13608,1.01485,1.10155,0.65028,0.66717,0.73166,0.99971,1.07311,0.76914,0.80519,0.66882,0.72449,0.73907,1.17192,1.02501,1.02288,1.00535,0.52416,1.3413,1.25309,0.3269,0.17446,1,1.37902,0.99753,0.59717,0.53765,0.85666,0.8556,0.84979,1.37806,0.86864,1.02341,1.02924,0.87195,0.99054,0.9144,1.26743,1.25197,1.21467,1.00088,0.95639,1.22678,1.1234,1.26087,1.27739,1.28068,0.80371,0.98669,0.98719,0.99311
18.94,1.3327,0.47524,0.69855,1.35317,1.37467,1,0.11428,1.00298,1.24103,1.30164,1.19931,1.09526,1.225,0.1399,1.10073,0.96481,1.00081,1.09752,0.99984,1.00682,0.63517,0.58355,0.72894,0.99938,1.09286,0.84635,0.86824,0.67698,0.71227,0.73876,1.17987,1.03081,1.01712,1.00197,0.52764,1.33386,1.24637,0.28723,0.08092,1,1.37979,0.99865,0.62028,0.47771,0.86955,0.92704,0.83269,1.3781,0.92917,1.03742,0.99943,0.91694,1.0004,0.99535,1.2725,1.27966,1.21592,1.00188,0.94172,1.17953,1.08894,1.25785,1.28201,1.28081,0.78982,0.98339,0.99053,0.99747
18.96,1.3309,0.51713,0.74471,1.35729,1.38003,1,0.11041,1.00609,1.22856,1.30978,1.18662,1.0055,1.22922,0.14529,1.03995,0.95977,1.02587,1.05273,1.00366,0.96005,0.62811,0.52641,0.73099,0.99922,1.11196,0.91794,0.92482,0.69293,0.70718,0.73945,1.18762,1.03782,1.00897,0.99874,0.53731,1.32615,1.22609,0.25304,0.01258,1,1.38004,0.99722,0.65422,0.4414,0.88376,0.99657,0.82632,1.37773,0.97579,1.04237,0.98092,0.95955,0.99772,1.08671,1.27479,1.29525,1.21498,1.00237,0.92599,1.11632,1.05392,1.25172,1.28387,1.28053,0.77562,0.97928,0.99513,1.00634
18.98,1.32772,0.55224,0.82454,1.36052,1.38095,1,0.1143,1.01834,1.21124,1.31348,1.17186,0.95586,1.22648,0.1573,0.9934,0.96104,1.04431,1.00333,1.02359,0.93899,0.62839,0.48857,0.74308,0.99919,1.1286,0.97692,0.97027,0.71638,0.70979,0.74141,1.19476,1.0456,0.9994,0.99613,0.55369,1.31891,1.18164,0.22444,0,1,1.37979,0.99141,0.69712,0.42387,0.89866,1.08795,0.83049,1.3769,1.01422,1.04113,0.96601,0.9977,0.9847,1.12022,1.2747,1.3044,1.20927,1.00246,0.91087,1.03967,1.02245,1.24208,1.28292,1.27975,0.76195,0.97456,1.00128,1.01892
19,1.32293,0.57771,0.94634,1.36293,1.38095,1,0.12608,1.04243,1.18823,1.31368,1.15519,0.9224,1.21668,0.17647,0.97852,0.96682,1.05314,0.97938,1.05011,0.93635,0.63501,0.46596,0.76933,0.99927,1.14228,1.03378,1.0039,0.74631,0.72077,0.74531,1.20069,1.05353,0.99394,0.99341,0.57679,1.31314,1.07485,0.20192,0,1,1.37902,0.97898,0.74766,0.42292,0.91368,1.13487,0.84462,1.37553,1.04327,1.03542,0.95845,1.0503,0.96555,1.12399,1.27255,1.30948,1.19609,1.00223,0.89728,0.98292,0.99923,1.22856,1.27882,1.27816,0.75013,0.96956,1.01257,1.03124
19.02,1.31626,0.59144,1.14474,1.36458,1.38095,1,0.14646,1.07766,1.15813,1.31041,1.13688,0.89989,1.19859,0.20347,0.97441,0.97572,1.05039,0.96401,1.07464,0.94773,0.6469,0.45655,0.81367,0.99943,1.15312,1.06774,1.03527,0.78103,0.74081,0.75201,1.20483,1.06099,0.98884,0.99086,0.60623,1.30983,0.91273,0.18598,0,1,1.37765,0.958,0.80461,0.43846,0.92833,1.16022,0.86783,1.3735,1.05064,1.02638,0.96083,1.08104,0.94566,1.10709,1.26859,1.31151,1.171,1.00173,0.8857,0.96283,0.99248,1.21087,1.2708,1.27535,0.74162,0.96469,1.02263,1.04209
19.04,1.30728,0.59288,1.23885,1.36551,1.38095,1,0.17703,1.11916,1.11896,1.30287,1.11716,0.88624,1.16926,0.23956,0.97844,0.98665,1.03279,0.95535,1.09279,0.96917,0.66316,0.4596,0.88082,0.99967,1.16135,1.07659,1.04381,0.81865,0.7704,0.76211,1.20672,1.0675,0.9846,0.98874,0.64149,1.30948,0.79368,0.17676,0,1,1.37549,0.92776,0.8666,0.4724,0.9423,1.17373,0.89911,1.37061,1.04342,1.01483,0.97546,1.09634,0.92937,1.07,1.26292,1.31086,1.12437,1.00102,0.87635,0.95701,0.99045,1.18872,1.25749,1.27095,0.73765,0.9603,1.03068,1.05071
19.06,1.29537,0.58346,1.28301,1.3658,1.38095,1,0.22076,1.16058,1.06841,1.2889,1.09616,0.88001,1.12276,0.28693,0.98848,0.9987,0.99661,0.95318,1.10342,0.99757,0.68321,0.47543,0.97698,0.99996,1.16719,1.07079,1.0385,0.85735,0.80934,0.77563,1.2061,1.07277,0.98148,0.98717,0.68193,1.31177,0.69327,0.17391,0,1,1.37214,0.88931,0.93147,0.52908,0.95546,1.17949,0.93722,1.36644,1.02426,1.00148,1.0093,1.09998,0.91912,1.00643,1.2555,1.30738,1.02989,1.00012,0.86941,0.96085,0.99172,1.16187,1.23669,1.26469,0.73896,0.95663,1.03641,1.05683
19.08,1.27975,0.56634,1.30752,1.36552,1.38095,1,0.28251,1.19711,1.00524,1.26326,1.07386,0.88044,1.04769,0.34902,1.00531,1.02078,0.96535,0.95725,1.10691,1.05194,0.70668,0.50535,1.13449,1.00061,1.17069,1.05704,1.02537,0.89527,0.85589,0.79172,1.2028,1.07665,0.97955,0.9862,0.72641,1.31577,0.61182,0.17668,0,1,1.36685,0.84541,0.99537,0.61613,0.96782,1.1791,0.98016,1.36025,0.99702,0.99377,1.07975,1.09311,0.91563,0.96105,1.24616,1.30044,0.93362,0.99953,0.86513,0.96952,0.99472,1.1304,1.20512,1.25662,0.74581,0.95387,1.03988,1.06051
19.1,1.25972,0.54569,1.32212,1.36479,1.38095,1,0.37012,1.2266,0.97212,1.21114,1.05027,0.88734,0.96831,0.4307,1.03472,1.04034,0.92575,0.96734,1.10419,1.09566,0.73331,0.55187,1.21645,1.00138,1.17173,1.04329,1.01135,0.93026,0.90594,0.80862,1.1967,1.07904,0.97872,0.9858,0.77274,1.32032,0.54915,0.18396,0,1,1.35792,0.80005,1.07982,0.74649,0.97939,1.17268,1.04309,1.35048,0.97921,0.98731,1.142,1.07479,0.91836,0.92053,1.23462,1.28859,0.85505,0.99894,0.86383,0.97762,0.99772,1.09539,1.15893,1.24735,0.75813,0.95214,1.04136,1.06202
19.12,1.2352,0.52576,1.3308,1.3637,1.38095,1,0.4973,1.24887,0.95255,1.06981,1.02552,0.90093,0.92061,0.53946,1.05999,1.05539,0.87991,0.98343,1.09634,1.12872,0.76289,0.61932,1.26,1.0022,1.17011,1.03951,1.00498,0.96009,0.95326,0.82411,1.18764,1.07991,0.97879,0.98588,0.81769,1.32443,0.50498,0.19453,0,1,1.34073,0.75751,1.12042,0.94332,0.99015,1.15913,1.09559,1.33347,0.96191,0.98189,1.19207,1.04134,0.92601,0.88357,1.2204,1.26862,0.78516,0.99831,0.86584,0.97976,0.99902,1.0596,1.09594,1.238,0.77558,0.9515,1.04122,1.06173
19.14,1.20729,0.51019,1.33538,1.36234,1.38095,1,0.69154,1.2646,0.94529,0.86375,1.00002,0.92152,0.88647,0.68863,1.07908,1.06516,0.83015,1.01125,1.0844,1.15381,0.79549,0.71514,1.28587,1.00304,1.16562,1.05313,1.0133,0.98298,0.99162,0.83661,1.17532,1.07932,0.97955,0.98633,0.85781,1.32749,0.47915,0.20756,0,1,1.29634,0.72167,1.13323,1.20604,0.99999,1.13593,1.12633,1.29728,0.9474,0.97814,1.23068,0.9921,0.93708,0.85084,1.20275,1.23265,0.72565,0.99766,0.8713,0.97188,0.99732,1.02734,1.02084,1.22981,0.79784,0.95193,1.03987,1.06002
19.16,1.17874,0.50194,1.33657,1.36067,1.38095,1,1.03134,1.2745,0.95135,0.72218,0.98821,0.94922,0.86645,0.90483,1.09041,1.0684,0.7788,1.05856,1.06929,1.17314,0.83152,0.8521,1.30253,1.00382,1.1582,1.08319,1.03733,0.99811,1.03165,0.84594,1.1592,1.07749,0.98078,0.98705,0.8903,1.32905,0.47209,0.22302,0,1,0.97621,0.69605,1.12261,1.28427,1.0166,1.09832,1.14228,1.1688,0.93811,0.97685,1.25995,0.95449,0.9502,0.82219,1.1803,1.15586,0.67598,0.99706,0.87998,0.9525,0.992,1.00319,0.97798,1.22324,0.82466,0.95326,1.03766,1.05729
19.18,1.15378,0.50382,1.33423,1.35856,1.3783,1,1.27533,1.27864,0.97154,0.61278,0.97875,0.98355,0.86047,1.20382,1.09185,1.06288,0.72835,1.10245,1.05206,1.18837,0.87147,1.07979,1.31399,1.00446,1.14811,1.12125,1.07136,1.01104,1.05295,0.85371,1.1386,1.07481,0.98228,0.98791,0.91357,1.3287,0.48585,0.24194,0.03553,1,0.57247,0.68453,1.08117,1.31701,1.02915,1.0373,1.14679,0.75774,0.93689,0.97903,1.28194,0.91167,0.96405,0.79713,1.15082,0.96282,0.63455,0.99656,0.89115,0.92312,0.98323,0.99519,0.96139,1.21747,0.85562,0.95519,1.03496,1.05397
19.2,1.13681,0.51915,1.32694,1.3557,1.35534,1,1.32476,1.27593,1.01246,0.531,0.9723,1.04071,0.86827,1.28942,1.0791,1.04414,0.68131,1.14138,1.0341,1.2006,0.91575,1.2327,1.32232,1.00483,1.13614,1.15835,1.1075,1.01328,1.06201,0.86295,1.11282,1.07187,0.98383,0.98878,0.92728,1.32575,0.52536,0.26653,0.27454,1,0.36019,0.69214,0.98884,1.33404,1.03734,0.9726,1.14089,0.52172,0.94738,0.98598,1.29825,0.86502,0.97738,0.77515,1.11071,0.81596,0.59962,0.99628,0.90352,0.88747,0.97186,0.99418,0.95385,1.21021,0.88993,0.95726,1.0321,1.05054
19.22,1.13001,0.55247,1.31028,1.35151,0.51727,1,1.34558,1.26293,1.08438,0.47344,0.96968,1.09471,0.88952,1.32326,1.04176,1.00237,0.63966,1.17463,1.01687,1.21039,0.96469,1.28717,1.32869,1.00474,1.12365,1.18978,1.14046,1.00698,1.06982,0.87718,1.08124,1.06923,0.98528,0.98956,0.93236,1.31886,0.60093,0.30042,1.31638,1,0.23229,0.72575,0.91253,1.34359,1.04059,0.92756,1.12378,0.36834,0.97459,0.99932,1.31024,0.81643,0.98921,0.75623,1.05348,0.69785,0.56958,0.99635,0.91552,0.84975,0.95897,0.99698,0.94708,1.19807,0.92646,0.9591,1.02942,1.04744
19.24,1.1321,0.61059,1.26745,1.34493,0.02944,1,1.35679,1.22953,1.13922,0.43733,0.9716,1.13157,0.92352,1.34132,0.97748,0.96465,0.60421,1.20201,1.00095,1.21772,1.03426,1.31436,1.33377,1.00398,1.11225,1.21495,1.16864,0.99797,1.08407,0.8991,1.04309,1.06712,0.9865,0.99018,0.93082,1.30496,0.734,0.34912,1.37876,1,0.14897,0.79493,0.83605,1.34881,1.03822,0.88904,1.09274,0.26106,1.04515,1.03758,1.31903,0.76839,0.99941,0.74123,0.98425,0.6039,0.54312,0.99694,0.92574,0.81274,0.94532,1.00344,0.93409,1.17673,0.96412,0.96055,1.02711,1.0449
19.26,1.13906,0.70439,1.05685,1.33374,0,1,1.3636,1.1352,1.17626,0.42066,0.97846,1.15533,0.96852,1.35254,0.91215,0.91532,0.57467,1.22357,0.99279,1.22198,1.10958,1.33034,1.33799,1.00227,1.10329,1.23512,1.1927,0.99267,1.1071,0.92942,0.99862,1.06513,0.9875,0.99069,0.92555,1.27561,0.97326,0.42123,1.38095,1,0.09203,0.91403,0.77142,1.35105,1.02952,0.85973,1.04283,0.18192,1.13727,1.08209,1.32553,0.72393,1.01713,0.73214,0.93873,0.52914,0.51931,0.99826,0.93334,0.77723,0.93104,1.01217,0.91107,1.14032,1.00417,0.96191,1.02521,1.0428
19.28,1.14596,0.85231,0.68697,1.31229,0,1,1.36799,0.89945,1.1964,0.42274,0.99033,1.16799,1.0366,1.36015,0.8303,0.85445,0.55017,1.23939,0.98399,1.22186,1.16073,1.34065,1.34155,0.99964,1.09741,1.25189,1.21396,0.99047,1.13596,0.96594,0.97516,1.06214,0.98834,0.99122,0.92008,1.19683,1.25098,0.53123,1.38095,1,0.05236,1.13142,0.73049,1.35077,1.0137,0.84235,0.98518,0.12148,1.20772,1.12726,1.33046,0.68673,1.03638,0.7324,0.89469,0.46947,0.49774,1.00109,0.93812,0.7426,0.91573,1.01569,0.87809,1.08089,1.06477,0.96393,1.0236,1.0406
19.3,1.14802,1.11689,0.46174,1.25997,0,1,1.37084,0.72565,1.19819,0.44462,1.01341,1.16954,1.1015,1.36556,0.73717,0.78489,0.52962,1.24936,0.97167,1.21495,1.1977,1.34768,1.34453,0.99735,1.09442,1.26656,1.23351,0.99443,1.16549,1.00547,0.95426,1.05639,0.98919,0.99197,0.9184,0.91016,1.31519,0.70611,1.38095,1,0.02526,1.24341,0.72661,1.3478,0.99497,0.84012,0.95126,0.07459,1.2581,1.16912,1.33429,0.66089,1.06064,0.74698,0.85211,0.42205,0.47849,1.00796,0.94049,0.70751,0.89863,1.00929,0.8384,0.99599,1.10623,0.96772,1.02197,1.03746
19.32,1.14034,1.25549,0.3123,0.99486,0,1,1.37258,0.59331,1.17268,0.48939,1.04887,1.15782,1.13601,1.36949,0.63959,0.71084,0.51192,1.25328,0.95374,1.19683,1.22558,1.3526,1.34696,0.99412,1.09324,1.27998,1.252,1.0144,1.1919,1.05319,0.93597,1.04561,0.99026,0.99317,0.92455,0.68495,1.34158,1.01022,1.38095,1,0.00821,1.2899,0.77824,1.34111,0.98004,0.85642,0.92751,0.03821,1.29317,1.2053,1.33739,0.65016,1.09133,0.78212,0.81106,0.38489,0.46192,1.01727,0.94142,0.67058,0.8789,0.99367,0.7964,0.95695,1.13571,0.97455,1.01988,1.03227
19.34,1.1158,1.304,0.21098,0.68947,0,1,1.37343,0.4974,1.07945,0.56262,1.08461,1.12733,1.14946,1.37237,0.54454,0.63719,0.49589,1.25078,0.92945,1.15819,1.24736,1.35606,1.34886,0.98983,1.0921,1.29252,1.26955,1.05416,1.21382,1.07012,0.92028,1.02721,0.99187,0.99507,0.94232,0.52459,1.35534,1.26906,1.38095,1,0,1.3136,0.91851,1.32801,0.96205,0.89387,0.91678,0.01028,1.31741,1.23494,1.34006,0.65704,1.12601,0.84463,0.77144,0.35648,0.44838,1.02901,0.94231,0.63085,0.85585,0.97386,0.7556,0.94107,1.15718,0.98545,1.01671,1.02379
19.36,1.05858,1.32779,0.14135,0.49507,0,1,1.37351,0.43065,0.89868,0.67245,1.12083,1.06584,1.14607,1.37445,0.45792,0.56886,0.4804,1.24111,0.90007,1.07455,1.26496,1.35845,1.35026,0.98446,1.0886,1.30424,1.28589,1.09922,1.23145,1.06085,0.90709,0.99913,0.99439,0.99784,0.97509,0.40974,1.3634,1.32196,1.38095,1,0,1.32689,1.19591,1.30097,0.93983,0.95306,0.91957,0,1.33416,1.25813,1.34252,0.6824,1.16003,0.94114,0.73291,0.33562,0.43809,1.04286,0.94501,0.58818,0.82913,0.94612,0.71789,0.94991,1.17304,1.00175,1.01167,1.01075
19.38,0.96646,1.34123,0.09404,0.36605,0,1,1.37289,0.38711,0.74737,0.82783,1.15768,0.97667,1.12703,1.37586,0.38417,0.51054,0.46442,1.22317,0.86886,0.94887,1.27954,1.35999,1.35118,0.97807,1.07949,1.31494,1.30065,1.14133,1.24551,1.02391,0.89637,0.98022,0.99823,1.00314,1.04517,0.32801,1.36835,1.34394,1.38095,1,0.0051,1.33447,1.29272,1.2322,0.91154,1.05113,0.93418,0,1.34564,1.27533,1.34495,0.72482,1.18924,1.1053,0.69527,0.32157,0.43122,1.05817,0.95181,0.54338,0.79898,0.91306,0.68402,0.98181,1.18469,1.03675,1.00375,0.99596
19.4,0.88728,1.34919,0.06404,0.28003,0,1,1.37157,0.36303,0.62063,1.05279,1.19422,0.92116,1.09257,1.37667,0.32615,0.46636,0.44727,1.19608,0.84036,0.86322,1.29176,1.36079,1.35159,0.9709,1.05987,1.3244,1.31347,1.17591,1.25669,0.97915,0.88818,0.95969,1.00753,1.01216,1.12517,0.272,1.37129,1.35528,1.38095,1,0.01815,1.33835,1.3291,0.95875,0.87542,1.13637,0.95666,0,1.35332,1.28703,1.34743,0.77951,1.21128,1.20241,0.65866,0.31409,0.42807,1.07404,0.96544,0.49811,0.76629,0.87856,0.65428,1.05326,1.19294,1.06928,0.99592,0.98416
19.42,0.80516,1.35372,0.04888,0.22467,0,1,1.36951,0.35653,0.52684,1.20931,1.22838,0.88394,1.04486,1.37687,0.28495,0.43935,0.42885,1.16023,0.81933,0.79949,1.30198,1.36085,1.35144,0.96336,1.0209,1.33247,1.32423,1.20191,1.26551,0.9447,0.88262,0.93949,1.02187,1.02229,1.18309,0.2371,1.37272,1.36155,1.38095,1,0.03804,1.33936,1.3461,0.75024,0.83083,1.17588,0.98146,0,1.35819,1.2937,1.34996,0.83863,1.22534,1.24533,0.62362,0.31354,0.42923,1.08935,0.98898,0.45442,0.73246,0.84647,0.6288,1.11798,1.19825,1.09684,0.98778,0.97049
19.44,0.72614,1.35582,0.0476,0.19232,0,1,1.36661,0.36719,0.46477,1.25355,1.25802,0.87058,0.99595,1.3764,0.26022,0.43121,0.40994,1.11718,0.80965,0.76116,1.31044,1.36006,1.35057,0.95617,0.97547,1.3391,1.33293,1.22034,1.27231,0.91682,0.87956,0.92124,1.03906,1.03311,1.22417,0.22001,1.37284,1.36491,1.38095,1,0.06511,1.33769,1.35469,0.64449,0.77923,1.18778,1.00596,0,1.36091,1.29563,1.35243,0.89512,1.23128,1.26466,0.59098,0.32098,0.43583,1.10281,1.04474,0.41436,0.69927,0.81951,0.60777,1.15658,1.20107,1.11867,0.97731,0.95539
19.46,0.65448,1.35606,0.06058,0.17797,0,1,1.36267,0.39574,0.42957,1.26679,1.28191,0.88283,0.97736,1.3752,0.25092,0.44287,0.39229,1.06543,0.81429,0.74793,1.31724,1.35814,1.34868,0.95034,0.93011,1.34429,1.3397,1.23273,1.27727,0.9004,0.87856,0.906,1.0582,1.04419,1.25322,0.21809,1.37161,1.36633,1.38095,1,0.10007,1.33303,1.35888,0.60526,0.7243,1.17691,1.03156,0,1.3619,1.29285,1.35463,0.94835,1.22847,1.27051,0.56192,0.33836,0.44974,1.11301,1.1084,0.37994,0.66879,0.79889,0.5916,1.17534,1.20198,1.13504,0.96465,0.93938
19.48,0.59329,1.35474,0.08963,0.17836,0,1,1.35745,0.44366,0.4162,1.26363,1.29991,0.9194,0.97046,1.37312,0.25625,0.475,0.37861,0.99372,0.83583,0.75764,1.32236,1.35456,1.34521,0.94726,0.87773,1.34802,1.3446,1.2405,1.28038,0.89876,0.87882,0.8944,1.07798,1.05503,1.27361,0.22883,1.36879,1.36629,1.38095,1,0.14362,1.32447,1.36036,0.61503,0.67129,1.13848,1.04041,0.00283,1.36133,1.28483,1.35626,1.01662,1.21445,1.26625,0.53809,0.369,0.47391,1.11815,1.16168,0.35331,0.64353,0.78478,0.58112,1.17709,1.20175,1.14651,0.95028,0.92313
19.5,0.54509,1.35218,0.13839,0.19127,0,1,1.3507,0.51269,0.42022,1.24637,1.31256,0.97554,0.97343,1.37001,0.2759,0.52796,0.37234,0.9347,0.87727,0.78681,1.32569,1.34818,1.33907,0.94871,0.82224,1.3502,1.34761,1.24469,1.28139,0.91471,0.8792,0.88685,1.09698,1.06508,1.28746,0.24923,1.36372,1.36502,1.38095,1,0.19567,1.31023,1.35992,0.6641,0.62567,1.05333,1.03664,0.03327,1.3592,1.27041,1.35699,1.12818,1.18195,1.25215,0.52165,0.41846,0.5129,1.11575,1.20331,0.33699,0.6264,0.77673,0.57762,1.15914,1.2014,1.15356,0.93507,0.90752
19.52,0.51154,1.34874,0.21326,0.21511,0,1,1.3423,0.60438,0.4377,1.21199,1.32075,1.0688,0.98299,1.3657,0.31031,0.60185,0.37714,0.85211,0.94309,0.83106,1.32702,1.33625,1.3278,0.9566,0.76761,1.35066,1.34865,1.2461,1.27993,0.95113,0.87853,0.8836,1.11413,1.07388,1.29615,0.27534,1.35506,1.36257,1.38095,1,0.25461,1.28672,1.35795,0.74474,0.59136,0.95061,1.0241,0.07332,1.35525,1.24739,1.35644,1.2133,1.10739,1.2261,0.5148,0.49627,0.57393,1.10204,1.2346,0.33346,0.62016,0.77395,0.58265,1.10758,1.20201,1.15651,0.91997,0.89341
19.54,0.49321,1.34491,0.32602,0.24883,0,1,1.33233,0.7205,0.46526,1.15143,1.32551,1.136,0.99498,1.35997,0.3608,0.69711,0.39627,0.74448,1.06632,0.88605,1.32614,1.31042,1.30456,0.97266,0.7169,1.34918,1.34756,1.24533,1.27547,1.02068,0.87593,0.88469,1.12898,1.08119,1.3006,0.30288,1.3395,1.3589,1.38095,1,0.31718,1.24564,1.35463,0.84878,0.5693,0.88387,1.00736,0.12295,1.34886,1.21125,1.35414,1.27386,0.95267,1.1823,0.51937,0.61976,0.66912,1.07026,1.25772,0.34472,0.62669,0.77548,0.59755,0.98437,1.20434,1.15552,0.90568,0.88136
19.56,0.48978,1.34119,0.49962,0.29179,0,1,1.32123,0.86336,0.49985,1.04288,1.32796,1.17407,1.00944,1.35256,0.42951,0.81539,0.43225,0.62123,1.17903,0.94851,1.32269,1.22818,1.24031,0.9981,0.67217,1.34542,1.34405,1.2429,1.26739,1.12434,0.87106,0.88992,1.14161,1.08702,1.30141,0.32829,1.30693,1.35385,1.38095,1,0.37908,1.16262,1.35004,0.96721,0.55729,0.8335,0.99641,0.18178,1.33884,1.15185,1.3495,1.31368,0.82605,1.10587,0.5365,0.82317,0.82042,1.00573,1.27464,0.37205,0.64653,0.7802,0.62309,0.88086,1.20859,1.15073,0.89254,0.87152
19.58,0.50047,1.33789,0.78018,0.34321,0,1,1.30974,1.05864,0.53818,0.94171,1.32936,1.19742,1.01471,1.34319,0.51816,0.95986,0.48624,0.49672,1.2419,1.03032,1.31618,0.81963,0.90797,1.05597,0.63508,1.33895,1.33767,1.23943,1.25498,1.1895,0.86428,0.89874,1.15236,1.09159,1.29886,0.34973,1.20803,1.34716,1.38095,1,0.43586,0.96978,1.34433,1.11962,0.55018,0.79615,0.99434,0.24864,1.32296,1.04228,1.34161,1.33895,0.70561,0.97831,0.56661,1.17783,1.10168,0.9521,1.28675,0.41533,0.67841,0.78677,0.65902,0.78165,1.21426,1.14231,0.88055,0.86366
19.6,0.52415,1.33502,1.21018,0.40122,0.45031,1,1.29883,1.20042,0.57609,0.87993,1.33121,1.214,0.99867,1.33173,0.62526,1.15183,0.55637,0.3831,1.2803,1.11853,1.30586,0.54199,0.61203,1.1075,0.60727,1.32943,1.32806,1.2357,1.23762,1.22967,0.8565,0.91027,1.1616,1.09521,1.29297,0.36759,0.83958,1.33862,1.32953,1,0.48403,0.84082,1.3379,1.19206,0.54056,0.76581,1.00198,0.32074,1.29733,0.9336,1.32925,1.35498,0.59669,0.89566,0.60912,1.29123,1.26143,0.89648,1.29489,0.4715,0.71858,0.79361,0.70349,0.69761,1.22044,1.13061,0.86958,0.85735
19.62,0.55927,1.33226,1.30326,0.46237,1.36939,1,1.2894,1.25279,0.60889,0.83247,1.33478,1.22844,0.97464,1.31853,0.74286,1.23099,0.6359,0.28693,1.30513,1.17122,1.29061,0.37873,0.42115,1.14859,0.59017,1.3172,1.31535,1.2326,1.21512,1.25373,0.84895,0.92343,1.1697,1.09822,1.28356,0.38412,0.62782,1.32822,0.14116,1,0.52181,0.74908,1.33157,1.22915,0.52108,0.73625,1.03509,0.39306,1.2556,0.86025,1.31123,1.3653,0.50229,0.82519,0.66232,1.3268,1.31164,0.84104,1.29955,0.5331,0.76085,0.79912,0.75298,0.63471,1.22613,1.11619,0.85941,0.85204
19.64,0.60398,1.32913,1.32958,0.52208,1.38095,1,1.28201,1.27885,0.63269,0.79392,1.3403,1.24276,0.93589,1.30472,0.85573,1.26831,0.71345,0.20987,1.32176,1.20577,1.26877,0.27848,0.29353,1.17999,0.58463,1.30396,1.30096,1.23087,1.18799,1.26703,0.84274,0.93717,1.17702,1.10094,1.27029,0.40224,0.51155,1.31634,0,1,0.5492,0.68392,1.32645,1.25219,0.48847,0.70353,1.08014,0.45865,1.18934,0.80186,1.28748,1.37207,0.42353,0.76533,0.72365,1.34314,1.33528,0.7896,1.301,0.58926,0.79826,0.80213,0.80307,0.59461,1.23059,1.09977,0.84976,0.84718
19.66,0.65578,1.32509,1.34046,0.57575,1.38095,1,1.27682,1.29358,0.6459,0.7608,1.34678,1.25688,0.8867,1.2924,0.94614,1.28871,0.77615,0.15118,1.33304,1.22903,1.2378,0.21588,0.20619,1.20334,0.5908,1.29289,1.28785,1.23081,1.15774,1.2726,0.83868,0.9507,1.18386,1.10365,1.25275,0.42447,0.4481,1.30381,0,1,0.56741,0.63821,1.32338,1.26844,0.44567,0.66738,1.12613,0.51014,1.09509,0.75755,1.26126,1.37653,0.36068,0.71647,0.78979,1.35184,1.34848,0.74471,1.29938,0.62962,0.82551,0.80224,0.84949,0.57652,1.23341,1.08204,0.84031,0.8423
19.68,0.71051,1.3197,1.34502,0.62009,1.38095,1,1.27366,1.3023,0.65007,0.73143,1.35287,1.26958,0.8344,1.28407,1.00574,1.29981,0.81494,0.10987,1.34047,1.24377,1.19461,0.17758,0.14653,1.22006,0.60806,1.28691,1.27925,1.23216,1.12712,1.27186,0.83731,0.9634,1.19045,1.10654,1.23107,0.45247,0.41778,1.2918,0,1,0.57808,0.60715,1.32238,1.28074,0.40025,0.63089,1.16517,0.54173,0.99677,0.72792,1.24026,1.37937,0.31415,0.68092,0.85613,1.35669,1.35641,0.70824,1.29467,0.64933,0.84071,0.7999,0.88874,0.57896,1.23434,1.06377,0.83078,0.83704
19.7,0.76137,1.31261,1.3461,0.65391,1.38095,1,1.27227,1.30735,0.6494,0.70556,1.35758,1.27956,0.78729,1.28153,1.04864,1.30412,0.82871,0.0857,1.34479,1.25075,1.13789,0.15632,0.10779,1.23106,0.63498,1.28622,1.27614,1.23419,1.10001,1.26516,0.83894,0.97477,1.19686,1.1097,1.20724,0.48667,0.41022,1.2814,0,1,0.5827,0.58761,1.32255,1.29026,0.36098,0.59916,1.19396,0.5509,0.96993,0.7151,1.23163,1.38094,0.28496,0.66263,0.91609,1.35925,1.36116,0.68196,1.28678,0.65152,0.84578,0.79632,0.91844,0.60052,1.23323,1.0459,0.82105,0.83123
19.72,0.79951,1.30359,1.34477,0.67817,1.38095,1,1.27233,1.30982,0.64912,0.68372,1.36048,1.28596,0.75229,1.28477,1.05816,1.30178,0.82357,0.07941,1.34626,1.24935,1.07492,0.14818,0.08635,1.23679,0.66944,1.28835,1.27654,1.236,1.0804,1.25188,0.84373,0.98441,1.20305,1.11309,1.18643,0.52631,0.4195,1.27315,0,1,0.5825,0.57756,1.32261,1.2975,0.33469,0.57718,1.21235,0.53918,0.96323,0.72217,1.23494,1.38133,0.2746,0.66639,0.96189,1.36021,1.36366,0.66745,1.27559,0.64468,0.84514,0.79307,0.93752,0.63997,1.22989,1.02945,0.81124,0.82492
19.74,0.81717,1.29255,1.34135,0.69515,1.38095,1,1.27345,1.31027,0.65364,0.66645,1.36148,1.28847,0.7335,1.29205,1.0606,1.29079,0.80784,0.09312,1.3448,1.23727,1.0285,0.1511,0.08026,1.23744,0.70914,1.29058,1.27767,1.23685,1.07082,1.23022,0.85169,0.99209,1.20878,1.11649,1.17576,0.56974,0.44239,1.26694,0,1,0.57879,0.57569,1.32151,1.30276,0.32523,0.56815,1.22135,0.51149,0.96146,0.75235,1.24445,1.38046,0.28489,0.69707,0.98707,1.35987,1.36436,0.66577,1.26086,0.63738,0.84331,0.79153,0.9462,0.69629,1.22409,1.01542,0.80177,0.81849
19.76,0.81149,1.27964,1.33563,0.70743,1.38095,1,1.27513,1.30897,0.66551,0.65402,1.36052,1.28708,0.73238,1.30104,1.06766,1.26484,0.78801,0.13139,1.33985,1.20875,1.02399,0.16416,0.08873,1.2329,0.75204,1.29124,1.2776,1.23624,1.07128,1.1968,0.86271,0.99775,1.21362,1.11953,1.17927,0.61459,0.47766,1.26219,0,1,0.57313,0.58106,1.31851,1.30633,0.33431,0.57319,1.22187,0.47467,0.95624,0.80835,1.2553,1.37792,0.31821,0.7595,0.98923,1.35832,1.36339,0.67736,1.24221,0.63519,0.84343,0.79265,0.94579,0.76797,1.21553,1.00448,0.79343,0.81269
19.78,0.78604,1.26562,1.32687,0.7172,1.38095,1,1.27681,1.30599,0.68519,0.64648,1.35739,1.28183,0.74856,1.30977,1.08019,1.20388,0.76766,0.20288,1.33018,1.14895,1.05897,0.18704,0.11186,1.22277,0.79633,1.28967,1.27542,1.23391,1.07945,1.14655,0.87638,1.00297,1.21697,1.12159,1.19411,0.65734,0.52573,1.25825,0,1,0.56744,0.59299,1.31319,1.30841,0.36261,0.59151,1.21418,0.43571,0.94651,0.89096,1.26529,1.37263,0.37749,0.85754,0.9712,1.35552,1.36067,0.70195,1.21913,0.6404,0.84693,0.79682,0.93839,0.85102,1.20394,0.99849,0.78748,0.80871
19.8,0.74914,1.25239,1.31331,0.72596,1.38095,1,1.27786,1.3013,0.711,0.64388,1.35164,1.27297,0.7802,1.31703,1.09112,1.0131,0.74803,0.32177,1.31348,1.01331,1.10808,0.21955,0.1502,1.20636,0.84015,1.28582,1.27098,1.22978,1.09183,1.07507,0.89197,1.00687,1.21798,1.12189,1.21335,0.69293,0.58849,1.25459,0,1,0.56381,0.61088,1.30544,1.30911,0.40985,0.62043,1.19788,0.40065,0.93752,0.99614,1.274,1.36184,0.4646,0.99081,0.93982,1.35136,1.35594,0.7384,1.19116,0.65276,0.85373,0.80401,0.92663,0.93619,1.18919,0.99649,0.78565,0.80813
19.82,0.70982,1.24309,1.29098,0.73455,1.38095,1,1.27772,1.29475,0.73963,0.64625,1.34252,1.2611,0.8242,1.32226,1.091,0.84083,0.72894,0.50833,1.28592,0.90707,1.15225,0.2614,0.2044,1.18264,0.88164,1.27995,1.26453,1.22384,1.10497,0.99424,0.90854,1.00784,1.21565,1.11951,1.23137,0.71561,0.66943,1.25088,0,1,0.5643,0.63423,1.29563,1.30847,0.47441,0.65568,1.17185,0.37363,0.93761,1.13617,1.28171,1.337,0.57733,1.16067,0.90301,1.34561,1.34873,0.78481,1.15825,0.67067,0.86295,0.81391,0.91331,1.0161,1.17139,0.99598,0.78984,0.81273
19.84,0.67452,1.24071,1.24927,0.7435,1.3808,1,1.27589,1.286,0.76719,0.65357,1.32875,1.24723,0.87682,1.32541,1.06967,0.73614,0.70978,0.7848,1.24165,0.83595,1.18585,0.31236,0.27545,1.14994,0.91911,1.27211,1.25616,1.21602,1.11618,0.9665,0.92525,1.00641,1.20871,1.11348,1.24573,0.72114,0.77385,1.24687,0.00203,1,0.57056,0.66268,1.2847,1.30646,0.55329,0.69254,1.1342,0.35664,0.95472,1.19375,1.28878,1.25521,0.7062,1.22279,0.86702,1.33798,1.33819,0.839,1.12106,0.69286,0.87387,0.8262,0.90124,1.07978,1.15071,0.99673,0.80189,0.82417
19.86,0.64634,1.24593,1.1491,0.7532,1.37014,1,1.27198,1.27455,0.79046,0.66561,1.3082,1.23254,0.93393,1.32663,1.00928,0.67849,0.69021,1.16421,1.17402,0.79221,1.20973,0.37228,0.36525,1.10547,0.95119,1.2617,1.24525,1.20608,1.12334,0.96292,0.94157,1.00304,1.19544,1.10285,1.25614,0.70888,0.90883,1.24236,0.13293,1,0.58364,0.69592,1.27407,1.30301,0.64231,0.72725,1.08218,0.34994,0.99474,1.219,1.29541,0.83268,0.83358,1.2493,0.83553,1.32795,1.32273,0.89893,1.08136,0.71971,0.88658,0.84072,0.89314,1.08667,1.12724,0.99846,0.82325,0.84375
19.88,0.62603,1.25649,0.91267,0.7639,1.33602,1,1.26566,1.25972,0.80732,0.68184,1.27744,1.21801,0.99074,1.32615,0.94905,0.6564,0.67036,1.26556,1.08294,0.7719,1.22604,0.44078,0.47734,1.04488,0.97679,1.2467,1.22977,1.19365,1.12444,0.97965,0.95723,0.9991,1.17315,1.08656,1.26314,0.68232,1.11114,1.23715,0.41246,1,0.60388,0.7334,1.2654,1.29809,0.73575,0.7579,1.0134,0.3526,1.09095,1.22772,1.3016,0.61429,0.93839,1.25962,0.81029,1.31483,1.29909,0.96249,1.04256,0.7539,0.90216,0.85735,0.89187,1.05213,1.10089,1.00181,0.85492,0.8723
19.9,0.61305,1.26895,0.75945,0.77569,0.79602,1,1.25672,1.24078,0.817,0.70128,1.23144,1.2039,1.06685,1.32428,0.88468,0.66093,0.65085,1.28951,0.99455,0.7703,1.23664,0.51639,0.61805,0.98287,0.99485,1.2221,1.20481,1.1782,1.1167,1.01969,0.97213,0.99625,1.13718,1.06349,1.2674,0.64767,1.21887,1.23115,1.21852,1,0.63079,0.77395,1.25999,1.29173,0.82615,0.78471,0.97079,0.36282,1.16489,1.22597,1.30721,0.53252,1.01308,1.26039,0.79192,1.29775,1.25943,1.04678,1.01015,0.80082,0.92268,0.87597,0.90065,0.98515,1.0714,1.00744,0.89726,0.91004
19.92,0.60627,1.2806,0.65436,0.78851,0.33742,1,1.24505,1.21717,0.81989,0.72264,1.16473,1.18943,1.10924,1.3214,0.82041,0.68456,0.6326,1.29417,0.96962,0.78259,1.24284,0.59608,0.79989,0.94728,1.00869,1.17406,1.15731,1.15904,1.09538,1.07382,0.98627,0.9933,1.07827,1.03227,1.26957,0.61143,1.26306,1.22425,1.34727,1,0.66317,0.81575,1.25831,1.2841,0.90529,0.80958,0.94635,0.37819,1.21422,1.21651,1.31208,0.51446,1.0644,1.25432,0.78032,1.27592,1.17922,1.11812,0.99554,0.86964,0.95115,0.89638,0.92311,0.93744,1.03831,1.01313,0.95006,0.95659
19.94,0.60447,1.29019,0.58608,0.80236,0.1809,1,1.23063,1.18855,0.8172,0.74479,1.07663,1.17304,1.12765,1.31788,0.76247,0.72103,0.61659,1.28944,0.96383,0.80451,1.24561,0.6757,1.07877,0.91864,1.00964,1.04641,1.03922,1.13528,1.05061,1.10984,0.99974,0.99057,0.98829,0.99565,1.27014,0.57838,1.28477,1.21633,1.36557,1,0.69944,0.85675,1.25987,1.27536,0.96637,0.83503,0.93373,0.39633,1.24649,1.20074,1.31609,0.53281,1.07467,1.24249,0.77493,1.24874,0.96702,1.15925,0.99504,0.97583,0.99155,0.91834,0.96329,0.89855,1.0008,1.01827,1.0237,1.02115
19.96,0.60653,1.29742,0.54669,0.81743,0.11392,1,1.21355,1.15508,0.81063,0.767,0.99148,1.15274,1.1299,1.31405,0.71422,0.76528,0.60373,1.27781,0.96695,0.83262,1.24571,0.75101,1.24957,0.89612,0.99623,0.87175,0.88914,1.10574,0.98093,1.13041,1.02363,0.98839,0.92974,0.97352,1.26949,0.55119,1.2955,1.20712,1.37185,1,0.7378,0.89501,1.26359,1.2656,1.0121,0.86312,0.93209,0.41534,1.26759,1.17943,1.31914,0.57463,1.06921,1.22505,0.77472,1.21609,0.80471,1.18496,1.00748,1.15981,1.0765,0.94152,1.04478,0.87305,0.9811,1.0223,1.11335,1.1027
19.98,0.61146,1.30242,0.53113,0.83398,0.08819,1,1.19434,1.11804,0.8022,0.789,0.96492,1.12646,1.11934,1.31015,0.67742,0.81313,0.59503,1.25962,0.97272,0.86406,1.24395,0.81867,1.30344,0.8786,0.9787,0.71871,0.75265,1.0693,0.92326,1.13956,1.04398,0.98712,0.87739,0.95253,1.26792,0.53113,1.29943,1.19619,1.37406,1,0.77596,0.92868,1.26813,1.25479,1.04638,0.89484,0.9396,0.43395,1.2811,1.15318,1.32112,0.63212,1.05869,1.20172,0.77819,1.17844,0.67292,1.20194,1.03934,1.25028,1.14904,0.96526,1.13864,0.8608,0.96332,1.02461,1.16743,1.15449
20,0.6183,1.30536,0.53674,0.85227,0.08753,1,1.17448,1.0809,0.79412,0.81084,0.9563,1.09236,1.09789,1.30632,0.65334,0.861,0.5917,1.23437,0.97785,0.89624,1.24124,0.87674,1.33066,0.86497,0.9534,0.57673,0.62133,1.02574,0.86152,1.14109,1.06119,0.98716,0.83357,0.93396,1.2657,0.51881,1.29803,1.183,1.37412,1,0.81081,0.95588,1.27226,1.2427,1.0565,0.92977,0.95347,0.45151,1.28897,1.12283,1.32186,0.69901,1.04883,1.17224,0.78337,1.13705,0.5596,1.2137,1.07828,1.29764,1.20337,0.98839,1.20067,0.85869,0.94704,1.02454,1.20139,1.18817
20.02,0.62621,1.30639,0.56277,0.87251,0.1059,1,1.1567,1.0499,0.78849,0.83272,0.95472,1.04884,1.06774,1.30261,0.64309,0.9059,0.59509,1.20152,0.98115,0.92689,1.23867,0.92503,1.34725,0.85427,0.92197,0.45209,0.50225,0.98916,0.80024,1.1386,1.07561,0.98886,0.80005,0.919,1.26308,0.51443,1.29126,1.16684,1.37255,1,0.83867,0.97483,1.27503,1.22898,1.0583,0.96652,0.97034,0.46793,1.29212,1.08971,1.32111,0.76931,1.04222,1.13682,0.78818,1.09345,0.45988,1.22215,1.11785,1.32539,1.24333,1.01778,1.24194,0.86211,0.93243,1.02143,1.22255,1.20974
20.04,0.63455,1.30562,0.60998,0.89491,0.14202,1,1.1445,1.03245,0.787,0.85485,0.95097,0.99689,1.03229,1.29893,0.64762,0.94566,0.60649,1.16145,0.98221,0.95429,1.23712,0.96511,1.35828,0.84583,0.88667,0.34781,0.39983,0.96999,0.74232,1.13525,1.08747,0.99239,0.77766,0.90848,1.26025,0.51773,1.27767,1.14669,1.36931,1,0.85622,0.9843,1.27575,1.21309,1.06253,1.00754,0.98706,0.48361,1.29074,1.0557,1.31849,0.83682,1.04006,1.09654,0.79103,1.04835,0.37283,1.22839,1.15373,1.34274,1.27238,1.04622,1.27016,0.86665,0.91968,1.01485,1.23489,1.22271
20.06,0.64297,1.30321,0.67995,0.91961,0.198,1,1.14068,1.03315,0.79081,0.87727,0.93808,0.96798,0.99808,1.29512,0.66761,0.97898,0.627,1.11713,0.98051,0.97754,1.23698,1.00001,1.36583,0.83942,0.85035,0.26452,0.31616,0.95682,0.68901,1.13327,1.09699,0.99764,0.76619,0.90266,1.25733,0.52786,1.25369,1.12111,1.36384,1,0.86147,0.98393,1.2739,1.19447,1.07647,1.06738,1.00285,0.49928,1.28439,1.02299,1.31351,0.89519,1.04352,1.05324,0.79129,0.99999,0.29934,1.2329,1.18373,1.35398,1.2932,1.06384,1.29018,0.86929,0.90893,1.00471,1.24074,1.22923
20.08,0.65142,1.29948,0.77338,0.94645,0.27916,1,1.1459,1.05075,0.80054,0.89954,0.91211,0.94033,0.98364,1.29094,0.70337,1.01054,0.6574,1.07592,0.97518,0.99659,1.23801,1.0563,1.37098,0.83529,0.81645,0.20186,0.25209,0.94975,0.64072,1.13364,1.10429,1.00801,0.76474,0.90136,1.25433,0.54306,1.21169,1.08828,1.35478,1,0.85426,0.97435,1.269,1.17279,1.10205,1.11131,1.02322,0.51585,1.27178,0.99691,1.30538,0.93861,1.05402,1.00899,0.78942,0.97532,0.24088,1.23571,1.20702,1.36125,1.30764,1.07272,1.30485,0.86879,0.90035,0.99589,1.24146,1.23064
20.1,0.65998,1.29503,0.88673,0.9748,0.39467,1,1.15839,1.0793,0.81637,0.92058,0.87246,0.91223,0.97384,1.28608,0.75454,1.04413,0.69799,1.04888,0.96515,1.02254,1.23939,1.09983,1.37428,0.83411,0.78875,0.1593,0.20798,0.94873,0.5977,1.13602,1.10935,1.02053,0.7719,0.90404,1.25121,0.56041,1.13504,1.04614,1.33887,1,0.83614,0.95693,1.26035,1.14861,1.13568,1.14683,1.03612,0.53432,1.25027,0.98598,1.29285,0.96282,1.07237,0.98413,0.78684,0.95083,0.19885,1.2365,1.22341,1.36572,1.31693,1.07397,1.31585,0.86561,0.89422,0.98918,1.23787,1.22773
20.12,0.66879,1.29077,1.01675,1.00726,0.5599,1,1.17517,1.11209,0.83833,0.93893,0.82147,0.88218,0.96736,1.28018,0.81997,1.06398,0.74875,1.04516,0.94952,1.04364,1.24015,1.13737,1.37611,0.83676,0.77069,0.13634,0.18389,0.95362,0.56029,1.13932,1.11207,1.03108,0.78603,0.90995,1.24792,0.57626,0.99284,0.99626,1.30665,1,0.80967,0.93343,1.24678,1.12375,1.17147,1.17751,1.04428,0.55569,1.2145,0.9786,1.27369,0.96593,1.09785,0.96787,0.78543,0.92427,0.174,1.23472,1.23304,1.36799,1.32178,1.06791,1.32416,0.86113,0.89087,0.98323,1.23043,1.22099
20.14,0.67778,1.28769,1.14235,1.05468,0.80339,1,1.19348,1.14454,0.86661,0.95345,0.76313,0.84959,0.96292,1.2728,0.89826,1.07539,0.80981,1.06498,0.92802,1.06009,1.23946,1.17125,1.37664,0.84394,0.76458,0.13273,0.17988,0.96409,0.529,1.14249,1.11234,1.03873,0.80547,0.91831,1.24447,0.58732,0.91482,0.9686,1.21422,1,0.77757,0.90539,1.2259,1.10096,1.20473,1.20455,1.0497,0.58092,1.15185,0.97399,1.24331,0.94876,1.12784,0.95412,0.78672,0.8942,0.16644,1.22974,1.23612,1.36834,1.32258,1.0543,1.33037,0.85675,0.89053,0.97873,1.21936,1.21065
20.16,0.68652,1.2864,1.18628,1.09017,1.18032,1,1.21143,1.17437,0.90185,0.96383,0.70217,0.81516,0.95978,1.26342,0.98803,1.08118,0.88166,1.09969,0.90134,1.07384,1.23683,1.20181,1.37595,0.8558,0.77143,0.14928,0.19676,0.9795,0.50465,1.14505,1.11013,1.04345,0.82863,0.92831,1.24102,0.59183,0.87041,0.94342,0.85383,1,0.74226,0.87404,1.19248,1.0826,1.23305,1.22794,1.05346,0.61081,1.02516,0.97154,1.19046,0.91464,1.1587,0.9418,0.79156,0.86009,0.17622,1.22098,1.23266,1.36672,1.31921,1.03256,1.33479,0.85316,0.89326,0.97588,1.20473,1.1968
20.18,0.69401,1.2869,1.20003,1.11812,1.29023,1,1.22789,1.20071,0.94496,0.97071,0.64343,0.78088,0.9578,1.25148,1.11633,1.08285,0.96487,1.13864,0.87124,1.08565,1.23215,1.22869,1.37392,0.87182,0.79101,0.18845,0.23676,0.9987,0.48866,1.14707,1.10551,1.04595,0.85381,0.93908,1.238,0.5901,0.85338,0.92002,0.62138,1,0.70592,0.84042,1.13379,1.06932,1.25569,1.24725,1.05579,0.6457,0.9147,0.97081,1.08066,0.86863,1.18722,0.93057,0.79992,0.82238,0.20366,1.20794,1.22214,1.3627,1.31093,1.0022,1.33753,0.85029,0.89888,0.97434,1.18672,1.17974
20.2,0.69874,1.28855,1.19662,1.1413,1.32513,1,1.24225,1.22336,0.99702,0.97562,0.59128,0.74966,0.95751,1.23653,1.1829,1.08106,1.08827,1.17463,0.84024,1.09544,1.22565,1.25151,1.3703,0.89065,0.82195,0.25466,0.30354,1.03563,0.48319,1.149,1.09865,1.04749,0.87896,0.94964,1.23605,0.58426,0.85777,0.89761,0.47409,1,0.67052,0.80559,1.01019,1.05923,1.27283,1.26219,1.05614,0.68508,0.83583,0.97159,0.92517,0.81643,1.21137,0.92076,0.81094,0.78242,0.24898,1.19051,1.2035,1.35518,1.29614,0.98356,1.33844,0.84751,0.907,0.97339,1.16605,1.16035
20.22,0.69918,1.29045,1.17981,1.16128,1.34245,1,1.25436,1.24248,1.08886,0.98076,0.54855,0.72435,0.96,1.2183,1.21976,1.07584,1.16826,1.20477,0.81093,1.10276,1.21796,1.27033,1.36466,0.91043,0.86192,0.35465,0.40235,1.06585,0.49105,1.1512,1.08983,1.04946,0.90197,0.95902,1.23586,0.57744,0.87784,0.87562,0.3712,1,0.6376,0.7706,0.90697,1.0481,1.28521,1.27282,1.0532,0.72758,0.7748,0.9738,0.82361,0.76306,1.23051,0.91312,0.82322,0.74193,0.31161,1.16919,1.17481,1.34173,1.27172,0.96728,1.33713,0.84432,0.91706,0.97215,1.14427,1.14034
20.24,0.69458,1.2918,1.14964,1.17874,1.35294,1,1.26439,1.25843,1.1527,0.98883,0.51574,0.70673,0.96691,1.19673,1.24163,1.06664,1.21268,1.2289,0.7852,1.10712,1.20987,1.28557,1.35633,0.92933,0.90842,0.49935,0.54101,1.08783,0.5154,1.15329,1.07941,1.05278,0.92131,0.96661,1.23776,0.57251,0.90834,0.85394,0.29411,1,0.60784,0.73639,0.81394,1.02923,1.29384,1.27955,1.04482,0.77147,0.72969,0.97755,0.74331,0.71187,1.245,0.90843,0.83532,0.7024,0.38977,1.14518,1.13255,1.31595,1.23114,0.95377,1.33288,0.84125,0.92842,0.97005,1.12335,1.12179
20.26,0.68551,1.29205,1.104,1.19372,1.36007,1,1.27272,1.27161,1.19888,1.00592,0.49127,0.69731,0.98044,1.17192,1.25448,1.05229,1.24013,1.24794,0.76402,1.10812,1.20216,1.29783,1.34425,0.94601,0.95929,0.70795,0.73254,1.1024,0.55981,1.15378,1.06786,1.05746,0.93663,0.97237,1.24142,0.57158,0.94454,0.83317,0.23345,1,0.5812,0.70381,0.72512,0.9958,1.29985,1.28295,1.0275,0.815,0.69907,0.98304,0.68029,0.6647,1.2556,0.90734,0.84613,0.66497,0.48033,1.12019,1.06986,1.25473,1.1582,0.94389,1.32426,0.84051,0.9404,0.96702,1.10474,1.10604
20.28,0.674,1.29086,1.04015,1.20582,1.36521,1,1.27976,1.28228,1.23405,1.04682,0.47212,0.69547,1.00676,1.14441,1.26094,1.03069,1.25806,1.26285,0.74777,1.10541,1.19555,1.30758,1.32687,0.95977,1.02364,1.03024,0.99952,1.11058,0.62825,1.14989,1.05587,1.06252,0.94889,0.97683,1.24593,0.57594,0.98187,0.8147,0.18454,1,0.55717,0.67394,0.63962,0.96389,1.30432,1.2836,0.99745,0.85635,0.68235,0.99057,0.6316,0.62255,1.26303,0.91028,0.85492,0.63066,0.57846,1.09621,0.98746,0.98484,1.00037,0.93799,1.30822,0.84623,0.9522,0.96367,1.08831,1.09264
20.3,0.66313,1.28797,0.98158,1.21439,1.36901,1,1.28584,1.2906,1.2617,1.09522,0.45446,0.69982,1.06445,1.11569,1.26181,0.99913,1.26988,1.27444,0.73649,1.09851,1.19053,1.31514,1.30204,0.97042,1.09645,1.25807,1.2394,1.11323,0.72467,1.13689,1.04452,1.06628,0.96022,0.98104,1.25004,0.58633,1.02857,0.80056,0.14522,1,0.53521,0.64808,0.55736,0.91791,1.30827,1.28206,0.97202,0.89332,0.68002,1.00099,0.59548,0.58597,1.26787,0.91759,0.86128,0.60066,0.67759,1.07505,0.93888,0.72843,0.89278,0.93602,1.27732,0.86443,0.96282,0.96113,1.07176,1.07894
20.32,0.65618,1.28308,0.95331,1.21892,1.37179,1,1.29118,1.29668,1.28378,1.14514,0.43474,0.70849,1.12114,1.0889,1.25654,0.97754,1.27727,1.2835,0.72974,1.08667,1.18736,1.32076,1.26706,0.97824,1.14173,1.30795,1.29511,1.11113,0.85279,1.10625,1.03496,1.06687,0.97325,0.98622,1.2526,0.6032,1.06644,0.7927,0.1146,1,0.51491,0.62753,0.47903,0.85758,1.3125,1.2789,0.93835,0.92325,0.69385,1.0245,0.57098,0.55473,1.27066,0.92956,0.86519,0.57614,0.77062,1.05779,0.89786,0.57334,0.81109,0.93758,1.20751,0.90274,0.97138,0.96073,1.05082,1.06045
20.34,0.65571,1.27573,0.93871,1.21932,1.37371,1,1.29589,1.30067,1.30152,1.19115,0.4109,0.71951,1.1707,1.06888,1.24274,0.95209,1.28113,1.29094,0.72626,1.06876,1.18583,1.32461,1.2187,0.98387,1.17177,1.32965,1.31982,1.10526,1.03007,1.0382,1.02782,1.06273,0.99035,0.99338,1.25278,0.62707,1.08367,0.79199,0.09233,1,0.49614,0.61321,0.40572,0.78506,1.31738,1.27472,0.89773,0.94325,0.72716,1.04971,0.55756,0.52708,1.27206,0.94644,0.86703,0.55809,0.8521,1.04433,0.86378,0.47028,0.74717,0.94186,0.97915,0.97006,0.97755,0.96353,1.01972,1.03136
20.36,0.66308,1.26515,0.93724,1.21612,1.37486,1,1.29997,1.30274,1.31573,1.23014,0.38311,0.73107,1.21035,1.06119,1.21398,0.92312,1.28187,1.29781,0.72366,1.04303,1.18532,1.3268,1.15225,0.98821,1.19265,1.34175,1.33375,1.09723,1.19426,0.95167,1.02259,1.05289,1.02414,1.00596,1.25006,0.65866,1.08532,0.79759,0.07857,1,0.47922,0.60552,0.33871,0.70469,1.32276,1.27011,0.85315,0.95044,0.78549,1.07559,0.55493,0.49975,1.27309,0.96836,0.86765,0.54734,0.92032,1.0333,0.83577,0.39717,0.69584,0.94749,0.79228,1.10666,0.98197,0.96998,0.98644,0.9923
20.38,0.67842,1.25009,0.94722,1.21078,1.37521,1,1.30329,1.30299,1.32697,1.2613,0.3536,0.74152,1.23986,1.06981,1.15079,0.89141,1.27956,1.30516,0.71836,1.00705,1.18478,1.3273,1.05491,0.99235,1.20759,1.34938,1.34262,1.08984,1.25336,0.87487,1.01741,1.03697,1.06669,1.02766,1.24422,0.6987,1.07381,0.80663,0.07435,1,0.46494,0.60455,0.27947,0.62206,1.32815,1.26574,0.80906,0.94236,0.87786,1.10095,0.56308,0.46844,1.27516,0.9952,0.8683,0.54483,0.97841,1.0222,0.81301,0.34319,0.65408,0.95245,0.66341,1.20013,0.98625,0.97978,0.95865,0.96307
20.4,0.70064,1.22857,0.96582,1.20616,1.37458,1,1.30564,1.30147,1.33565,1.28525,0.32577,0.74934,1.26026,1.09444,0.98285,0.85825,1.27387,1.31366,0.70606,0.98108,1.18282,1.32588,0.95342,0.99751,1.21839,1.35449,1.34861,1.08728,1.28253,0.79991,1.00919,1.01547,1.10353,1.0489,1.23526,0.74776,1.05048,0.81415,0.08204,1,0.45457,0.61025,0.22926,0.54272,1.33294,1.26234,0.77056,0.91738,1.03521,1.1247,0.58244,0.42922,1.2798,1.04571,0.87062,0.55189,1.05707,1.00749,0.79488,0.30292,0.62046,0.95413,0.57368,1.25224,0.99286,0.99194,0.92946,0.93239
20.42,0.72768,1.19719,0.98964,1.20622,1.37254,1,1.30677,1.29811,1.34219,1.30324,0.3029,0.75342,1.27291,1.12992,0.83954,0.82511,1.26401,1.3232,0.68334,0.95823,1.17774,1.32202,0.87822,1.00974,1.22605,1.35793,1.35266,1.09383,1.29886,0.73385,0.99693,0.99502,1.13258,1.06739,1.22347,0.80613,1.01649,0.81406,0.10593,1,0.44947,0.62249,0.1886,0.47079,1.33668,1.26051,0.74226,0.8757,1.20134,1.14601,0.61387,0.38078,1.28776,1.08988,0.87649,0.57035,1.12642,0.99242,0.78104,0.27364,0.5945,0.9498,0.5119,1.28274,1.00919,1.00983,0.90203,0.90387
20.44,0.757,1.14926,1.02903,1.21404,1.36824,1,1.30653,1.29273,1.347,1.31663,0.28722,0.75357,1.27892,1.16887,0.7101,0.79333,1.24839,1.33291,0.64976,0.93613,1.16731,1.31469,0.79545,1.02977,1.23115,1.36014,1.35529,1.11116,1.3084,0.68054,0.98433,0.98262,1.15323,1.08148,1.20945,0.8742,0.98724,0.80114,0.15347,1,0.45056,0.64104,0.15698,0.40842,1.33916,1.26044,0.72734,0.81991,1.2692,1.16449,0.65872,0.32593,1.29828,1.1243,0.8879,0.60256,1.18178,0.97589,0.77135,0.25381,0.57606,0.93756,0.47084,1.30114,1.0432,1.0326,0.87953,0.88087
20.46,0.78595,1.06969,1.06909,1.22957,1.35954,1,1.30486,1.28509,1.35045,1.32652,0.27989,0.75079,1.2788,1.20522,0.59755,0.76403,1.22408,1.3417,0.60871,0.91565,1.14818,1.30181,0.70083,1.05519,1.23397,1.36135,1.35676,1.13686,1.31386,0.64129,0.96624,0.9713,1.16533,1.09005,1.19416,0.95253,0.96648,0.77305,0.23815,1,0.45805,0.66548,0.1333,0.3564,1.34029,1.26169,0.72764,0.75494,1.30482,1.18007,0.71862,0.27062,1.30948,1.15081,0.90684,0.65149,1.22831,0.95285,0.76582,0.24255,0.56509,0.91698,0.44544,1.31225,1.08366,1.05151,0.86497,0.86633
20.48,0.81173,0.96665,1.10192,1.24959,1.3403,1,1.30184,1.27496,1.35284,1.33365,0.28152,0.74732,1.27207,1.23575,0.50293,0.7384,1.18571,1.34877,0.56645,0.89758,1.11415,1.27893,0.59658,1.08483,1.23453,1.36167,1.3572,1.16599,1.31662,0.61635,0.94295,0.96073,1.16806,1.09189,1.17912,1.06653,0.94597,0.73104,0.38544,1,0.47125,0.6948,0.11636,0.31517,1.34004,1.26323,0.74425,0.68701,1.32597,1.19268,0.79472,0.22155,1.31945,1.17086,0.93533,0.7205,1.26641,0.92258,0.76469,0.23961,0.56174,0.88929,0.432,1.31846,1.1251,1.06776,0.86152,0.86315
20.5,0.83136,0.90054,1.13116,1.27013,1.2837,1,1.29776,1.26239,1.35438,1.33848,0.29261,0.74636,1.25663,1.25963,0.42633,0.71776,1.12299,1.35375,0.53019,0.8828,1.05125,1.23445,0.48931,1.11656,1.23263,1.36105,1.35658,1.19389,1.31749,0.60614,0.91563,0.95005,1.15856,1.08504,1.16665,1.15415,0.92422,0.67926,0.64283,1,0.48847,0.72705,0.10524,0.2853,1.33832,1.26365,0.778,0.62227,1.33934,1.20222,0.8863,0.18423,1.32698,1.18536,0.97545,0.81309,1.29621,0.88522,0.76846,0.24542,0.56651,0.85704,0.4277,1.32084,1.16298,1.08292,0.87325,0.87488
20.52,0.84217,0.84554,1.15903,1.28859,0.92186,1,1.29312,1.24792,1.3552,1.34125,0.3139,0.75136,1.22704,1.27745,0.36685,0.70341,1.01451,1.35656,0.506,0.87212,0.9671,1.12594,0.38677,1.14797,1.22781,1.35934,1.35472,1.21803,1.31697,0.61177,0.88588,0.93818,1.12847,1.06555,1.15936,1.20189,0.89951,0.62283,1.11732,1,0.50729,0.7595,0.09927,0.26737,1.3349,1.26143,0.82964,0.56524,1.34804,1.20855,0.98954,0.16211,1.33156,1.19494,1.05021,0.93301,1.31861,0.84196,0.77776,0.2611,0.58016,0.82311,0.43028,1.31954,1.19517,1.0985,0.90619,0.90679
20.54,0.84267,0.80127,1.18595,1.30403,0.64156,1,1.28851,1.23269,1.35536,1.34211,0.34652,0.76511,1.16852,1.29035,0.32264,0.69624,0.93822,1.3572,0.49759,0.86601,0.89979,0.90323,0.29525,1.17695,1.21937,1.35623,1.3513,1.23788,1.3154,0.63552,0.85512,0.92404,1.04988,1.02444,1.15901,1.23067,0.8708,0.5661,1.2841,1,0.52517,0.78925,0.09809,0.26168,1.32939,1.25508,0.89982,0.51814,1.35375,1.21162,1.12479,0.15693,1.33307,1.20011,1.12623,1.11437,1.335,0.79499,0.79316,0.2883,0.60349,0.78966,0.43799,1.31374,1.2215,1.11549,0.97029,0.96753
20.56,0.83326,0.7667,1.21109,1.31649,0.54816,1,1.2845,1.21822,1.35489,1.34111,0.392,0.78911,1.02951,1.29945,0.29151,0.69654,0.8866,1.35559,0.50659,0.86445,0.83233,0.75586,0.21862,1.20205,1.20642,1.35123,1.34577,1.25397,1.31303,0.68146,0.82441,0.90687,0.93011,0.97362,1.16539,1.24903,0.83829,0.51209,1.30945,1,0.54017,0.81405,0.10154,0.26826,1.32108,1.24292,0.98825,0.48144,1.35744,1.21149,1.18581,0.16984,1.33145,1.2014,1.17975,1.21369,1.34672,0.74737,0.81488,0.32903,0.63703,0.75776,0.4494,1.30086,1.24276,1.13415,1.1129,1.1024
20.58,0.81628,0.7406,1.23325,1.32632,0.56452,1,1.28145,1.20617,1.35378,1.33822,0.45165,0.82319,0.89435,1.30556,0.27162,0.7041,0.85165,1.35138,0.53313,0.86692,0.76922,0.64375,0.1587,1.22238,1.18789,1.34354,1.33724,1.26707,1.31006,0.75641,0.79466,0.88636,0.81219,0.92198,1.17632,1.26104,0.80357,0.46296,1.30552,1,0.55119,0.83258,0.10963,0.28692,1.30889,1.22288,1.11966,0.45493,1.35967,1.20825,1.21553,0.20234,1.3264,1.19935,1.21715,1.26041,1.35485,0.70288,0.84253,0.38512,0.68041,0.72784,0.46326,1.27346,1.2598,1.15401,1.21529,1.20577
20.6,0.79543,0.72191,1.25156,1.33388,0.69621,1,1.27952,1.19777,1.35197,1.33333,0.52548,0.86503,0.80276,1.30919,0.26178,0.71823,0.83259,1.34385,0.57579,0.87251,0.71476,0.55836,0.11609,1.23752,1.16263,1.33201,1.32444,1.27784,1.30671,0.87178,0.76682,0.86279,0.68573,0.85985,1.18879,1.26884,0.76921,0.42042,1.26519,1,0.55803,0.84451,0.12258,0.3171,1.29135,1.19243,1.18507,0.43843,1.36074,1.202,1.22906,0.25616,1.31737,1.1946,1.24278,1.28682,1.36016,0.66556,0.87484,0.45709,0.73172,0.69999,0.47841,1.20282,1.27332,1.17412,1.2747,1.26676
20.62,0.77463,0.70975,1.26582,1.33952,1.07267,1,1.27859,1.1934,1.34937,1.32627,0.61112,0.91027,0.7427,1.31057,0.26144,0.73788,0.82915,1.33176,0.6315,0.88008,0.67205,0.49394,0.0905,1.24746,1.12968,1.31503,1.30555,1.28674,1.30317,1.07528,0.74187,0.83719,0.56137,0.79037,1.20033,1.27359,0.73788,0.3855,0.95703,1,0.56127,0.85042,0.14076,0.3578,1.26659,1.14904,1.21702,0.43196,1.36078,1.19293,1.23134,0.33277,1.30347,1.18786,1.25969,1.30315,1.36318,0.63881,0.90983,0.54298,0.78731,0.67432,0.49385,0.93599,1.28385,1.19324,1.31082,1.3043
20.64,0.75678,0.70329,1.27637,1.34358,1.30362,1,1.27838,1.19241,1.34583,1.31674,0.70372,0.95372,0.71323,1.30979,0.27065,0.76183,0.84139,1.31288,0.69606,0.88861,0.64226,0.44622,0.08124,1.25247,1.08812,1.29039,1.27809,1.29411,1.2995,1.22666,0.72065,0.81136,0.44763,0.71787,1.20956,1.27601,0.7115,0.35843,0.57212,1,0.562,0.85172,0.16478,0.40788,1.23239,1.09135,1.23044,0.43562,1.35978,1.18119,1.22301,0.43295,1.28339,1.17985,1.27015,1.3137,1.36425,0.62456,0.94538,0.638,0.84263,0.65099,0.50925,0.70473,1.29183,1.21019,1.33364,1.32825
20.66,0.7434,0.70167,1.28381,1.34639,1.34768,1,1.27849,1.19337,1.34113,1.30427,0.79677,0.9907,0.71238,1.30677,0.28987,0.78868,0.86944,1.28309,0.76487,0.89736,0.62481,0.41197,0.08797,1.25292,1.03704,1.25515,1.23863,1.3001,1.29557,1.28515,0.70392,0.78796,0.34993,0.64727,1.21613,1.27661,0.69096,0.33876,0.33441,1,0.56162,0.85045,0.19537,0.4663,1.18641,1.02186,1.23081,0.44947,1.35763,1.16705,1.20129,0.55617,1.25519,1.17108,1.27584,1.32059,1.36348,0.62326,0.97974,0.73524,0.89356,0.63041,0.52515,0.53241,1.29758,1.22384,1.34848,1.34391
20.68,0.7348,0.70395,1.28868,1.34816,1.36531,1,1.27846,1.19435,1.33502,1.28818,0.88314,1.03242,0.73775,1.30134,0.31991,0.81659,0.9131,1.23437,0.83322,0.90595,0.61794,0.38899,0.11116,1.24911,0.98867,1.20577,1.18297,1.30474,1.2909,1.31496,0.69256,0.77052,0.27093,0.58356,1.22019,1.27577,0.67652,0.32582,0.18356,1,0.56174,0.84914,0.23309,0.53181,1.12719,0.97857,1.21936,0.47337,1.35409,1.15114,1.15768,0.699,1.21624,1.16192,1.278,1.32493,1.36076,0.63416,1.02178,0.82707,0.93716,0.61336,0.54321,0.40506,1.30125,1.23312,1.35823,1.35424
20.7,0.73049,0.70908,1.29138,1.34908,1.37437,1,1.27777,1.19321,1.32728,1.26771,0.95639,1.05635,0.78613,1.29327,0.36172,0.843,0.97124,1.15039,0.89649,0.91423,0.61913,0.376,0.15201,1.24136,0.96254,1.1391,1.10691,1.30793,1.28469,1.33212,0.68767,0.76344,0.21133,0.5312,1.22219,1.27384,0.66815,0.31895,0.08455,1,0.56411,0.85066,0.27775,0.60237,1.05639,0.9607,1.19461,0.5067,1.34874,1.13478,1.06825,0.85276,1.1637,1.15249,1.27763,1.32729,1.35571,0.65545,1.06506,0.90698,0.97207,0.60104,0.56605,0.31253,1.30277,1.23669,1.36458,1.36095
20.72,0.72954,0.71609,1.29215,1.34925,1.37965,1,1.27593,1.18765,1.31783,1.24224,1.02268,1.06231,0.8529,1.28227,0.41647,0.86488,1.06723,0.99809,0.95065,0.92222,0.62548,0.37242,0.21222,1.23002,0.94188,1.05404,1.00802,1.30952,1.2756,1.34256,0.69046,0.77131,0.17024,0.49319,1.22262,1.27114,0.66572,0.31772,0.01767,1,0.57043,0.8579,0.32808,0.67491,0.99131,0.95594,1.15232,0.54826,1.34087,1.12016,0.94574,1.00519,1.09614,1.14279,1.27563,1.32793,1.34763,0.68452,1.09379,0.97133,0.9984,0.59472,0.59714,0.24707,1.30191,1.23272,1.36854,1.36507
20.74,0.7309,0.72427,1.2911,1.34868,1.38095,1,1.27244,1.17505,1.30676,1.2114,1.07621,1.0542,0.93246,1.268,0.48601,0.87947,1.14302,0.91891,0.99294,0.93002,0.63427,0.37788,0.29398,1.21553,0.92614,0.97968,0.95776,1.30938,1.26154,1.349,0.70185,0.79818,0.14581,0.47068,1.222,1.26789,0.66903,0.32195,0,1,0.58213,0.87325,0.38197,0.74596,0.96659,0.96239,1.0837,0.59652,1.32917,1.10981,0.86048,1.1489,1.0168,1.13269,1.2728,1.32695,1.33521,0.71853,1.11307,1.03528,1.03144,0.59529,0.64049,0.20243,1.29827,1.21806,1.37075,1.36727
20.76,0.73364,0.7333,1.28827,1.34735,1.38095,1,1.26684,1.15173,1.29426,1.17513,1.09723,1.03259,1.03405,1.2501,0.57326,0.88503,1.18912,0.87549,1.03951,0.9377,0.64333,0.39193,0.39976,1.19834,0.91474,0.94721,0.92859,1.30745,1.23892,1.35289,0.72219,0.84699,0.13605,0.46343,1.22073,1.26417,0.67778,0.33179,0,1,0.60018,0.89838,0.437,0.8126,0.95483,0.97845,0.9863,0.64953,1.31085,1.10573,0.78869,1.19416,0.97347,1.12208,1.26979,1.32438,1.31604,0.75486,1.12584,1.08197,1.05143,0.60295,0.70035,0.1737,1.29128,1.18622,1.3716,1.36795
20.78,0.73691,0.74329,1.28363,1.34513,1.38095,1,1.25876,1.11148,1.28071,1.13354,1.10093,0.99794,1.13183,1.22848,0.68198,0.88122,1.21876,0.85626,1.06414,0.94524,0.65118,0.41366,0.53048,1.17914,0.90719,0.92754,0.91078,1.30375,1.20063,1.35504,0.75091,0.91867,0.13944,0.47042,1.21921,1.25987,0.69147,0.34766,0,1,0.62484,0.9339,0.49072,0.87304,0.95261,1.00504,0.93066,0.70452,1.27953,1.10854,0.73038,1.21012,0.95445,1.11095,1.26712,1.32026,1.28567,0.79111,1.13382,1.10572,1.06301,0.61711,0.78087,0.15724,1.28019,1.12154,1.37131,1.3673
20.8,0.73997,0.7547,1.27718,1.34183,1.38095,1,1.24791,1.04218,1.26669,1.08665,1.09305,0.97456,1.18091,1.20414,0.81576,0.86896,1.23826,0.85335,1.07275,0.95245,0.65691,0.44131,0.68124,1.15904,0.90311,0.91649,0.90089,1.29844,1.13006,1.35589,0.78617,1.01948,0.15506,0.49019,1.21776,1.25473,0.70936,0.37029,0,1,0.65551,0.97912,0.54076,0.92683,0.95728,1.05521,0.88751,0.75711,1.21716,1.11731,0.685,1.21235,0.94728,1.09957,1.26513,1.31472,1.23635,0.82491,1.13798,1.11786,1.06925,0.63626,0.88526,0.15061,1.26414,0.98976,1.36992,1.36537
20.82,0.74213,0.76827,1.2689,1.33712,1.38095,1,1.23418,0.96604,1.25294,1.03396,1.07596,0.95027,1.20873,1.18003,0.97683,0.85001,1.25094,0.86073,1.07149,0.95905,0.66025,0.47227,0.83584,1.1397,0.90226,0.91156,0.89692,1.2919,0.98846,1.35567,0.82498,1.13738,0.18276,0.52117,1.21673,1.24826,0.7305,0.40069,0,1,0.69086,1.05422,0.58513,0.97452,0.96672,1.09672,0.85525,0.8015,1.04634,1.13021,0.65175,1.20659,0.94835,1.08846,1.26395,1.30808,1.15691,0.85406,1.13882,1.12301,1.07172,0.65821,1.02819,0.1523,1.2424,0.90227,1.36737,1.36209
20.84,0.74281,0.78496,1.25872,1.33044,1.38095,1,1.21749,0.91217,1.24016,0.98794,1.05066,0.92701,1.22543,1.1613,1.16975,0.82624,1.2588,0.87354,1.06392,0.96479,0.66139,0.50362,0.96621,1.12298,0.90446,0.91109,0.8976,1.28461,0.89241,1.35445,0.86398,1.19247,0.22381,0.56234,1.21641,1.23972,0.75404,0.4403,0,1,0.72934,1.11892,0.62274,1.03139,0.97921,1.12912,0.83205,0.83175,0.85409,1.14531,0.62944,1.19588,0.95464,1.07821,1.26354,1.30086,1.0427,0.87694,1.13661,1.12351,1.0713,0.68069,1.17304,0.16182,1.2145,0.83603,1.36332,1.35712
20.86,0.74151,0.80582,1.24648,1.32088,1.38095,1,1.19774,0.86452,1.22875,0.96272,1.01769,0.90618,1.23566,1.15337,1.23892,0.79934,1.26318,0.88789,1.05278,0.96954,0.66101,0.53281,1.06982,1.11046,0.90949,0.91371,0.90186,1.27716,0.81398,1.35209,0.90029,1.22081,0.28174,0.61391,1.21703,1.22802,0.77936,0.49094,0,1,0.76956,1.1617,0.65371,1.08465,0.9933,1.15355,0.81607,0.84358,0.73572,1.16113,0.61639,1.18269,0.96349,1.06928,1.26368,1.29361,0.97146,0.89286,1.13143,1.12079,1.06865,0.70185,1.23391,0.17973,1.18055,0.79061,1.357,1.34967
20.88,0.73785,0.83191,1.23185,1.30691,1.38095,1,1.17483,0.82419,1.21867,0.9421,0.98962,0.88884,1.24187,1.15869,1.27163,0.77084,1.26511,0.90074,1.04091,0.97325,0.66018,0.55805,1.08652,1.10285,0.91706,0.91819,0.90869,1.27009,0.75044,1.34826,0.93179,1.23542,0.36381,0.67747,1.21876,1.2115,0.80596,0.55434,0,1,0.81024,1.19071,0.67929,1.11903,1.01467,1.17125,0.80559,0.8357,0.65235,1.17657,0.61048,1.16966,0.97245,1.062,1.26397,1.28691,0.963,0.90207,1.12332,1.11605,1.06434,0.72035,1.26667,0.20777,1.14173,0.76292,1.34658,1.33788
20.9,0.73162,0.86412,1.21454,1.28602,1.38095,1,1.14893,0.79185,1.2094,0.92616,0.97215,0.87597,1.24558,1.17502,1.28997,0.74215,1.2655,0.90982,1.03153,0.97596,0.66032,0.57841,1.03928,1.09979,0.92677,0.9234,0.91711,1.26392,0.69927,1.34221,0.95719,1.24217,0.48409,0.75635,1.22166,1.18753,0.83331,0.63137,0,1,0.84998,1.21042,0.70143,1.14146,1.03753,1.1831,0.79904,0.80992,0.59307,1.19089,0.60926,1.15966,0.9792,1.05652,1.26392,1.28117,0.98515,0.90568,1.11234,1.11037,1.05895,0.7354,1.28668,0.2494,1.10097,0.74894,1.3271,1.31686
20.92,0.72276,0.90306,1.19421,1.25373,1.38095,1,1.12071,0.7679,1.20014,0.91561,0.95804,0.86838,1.24778,1.19742,1.30106,0.71438,1.26524,0.9137,1.02791,0.97776,0.66308,0.59362,0.96353,1.10011,0.93815,0.92832,0.92613,1.25904,0.65827,1.33234,0.976,1.24425,0.67322,0.85665,1.22569,1.15152,0.86081,0.72138,0,1,0.88726,1.22336,0.72235,1.15469,1.05448,1.18964,0.79504,0.77017,0.55133,1.20373,0.61009,1.15516,0.98173,1.05279,1.26294,1.27666,1.04579,0.9053,1.09854,1.10484,1.05306,0.74663,1.29984,0.31127,1.06289,0.74445,1.27908,1.269
20.94,0.71139,0.94894,1.17044,1.20105,1.38095,1,1.09131,0.75225,1.18994,0.91118,0.94794,0.86651,1.24918,1.22129,1.30794,0.6879,1.26511,0.91183,1.03222,0.97888,0.67012,0.60372,0.90359,1.10222,0.95072,0.93216,0.93491,1.25566,0.62534,1.31454,0.98845,1.24365,1.02428,0.98998,1.23069,1.09459,0.88799,0.82217,0,1,0.92072,1.23117,0.74413,1.15992,1.06588,1.19121,0.79245,0.72098,0.52274,1.21513,0.61047,1.15735,0.97871,1.05041,1.26039,1.27357,1.10551,0.90282,1.082,1.10041,1.04721,0.75412,1.30898,0.40716,1.03267,0.74576,0.98636,1.04572
20.96,0.69787,1.00217,1.14259,1.1067,1.38095,1,1.06228,0.74429,1.17783,0.9132,0.94191,0.87033,1.25027,1.24378,1.31215,0.66242,1.26579,0.90457,1.04452,0.97973,0.68313,0.60858,0.85446,1.10449,0.96404,0.93442,0.94274,1.25374,0.59843,1.27482,0.9953,1.24166,1.2865,1.17641,1.23641,0.99873,0.91461,0.93001,0,1,0.94944,1.23496,0.7684,1.15755,1.07242,1.18799,0.7904,0.66654,0.50405,1.22539,0.60838,1.16553,0.96977,1.04862,1.25553,1.27205,1.14412,0.90012,1.06281,1.09775,1.0419,0.75824,1.31567,0.56904,1.0139,0.75001,0.61651,0.69025
20.98,0.68289,1.08593,1.10982,0.96391,1.38095,1,1.03547,0.743,1.16305,0.92163,0.93955,0.87927,1.25135,1.2635,1.31462,0.6372,1.2677,0.89316,1.06271,0.98083,0.70376,0.60775,0.82119,1.10535,0.97755,0.93489,0.94906,1.25309,0.57563,1.11948,0.99767,1.2392,1.33618,1.25395,1.24247,0.93907,0.94046,1.06338,0,1,0.97284,1.23556,0.79592,1.14729,1.07492,1.18016,0.78835,0.61056,0.49265,1.23494,0.6024,1.1775,0.95561,1.04625,1.24737,1.27231,1.16635,0.89908,1.04128,1.0972,1.03754,0.75962,1.32087,0.88693,1.007,0.75519,0.39027,0.46659
21,0.66742,1.13594,1.07132,0.88675,1.38095,1,1.01299,0.74701,1.14528,0.936,0.94014,0.89222,1.25255,1.28002,1.31594,0.61143,1.27102,0.87959,1.08352,0.98288,0.73377,0.6005,0.8053,1.10324,0.99051,0.93369,0.95339,1.25336,0.55535,0.73617,0.99691,1.23689,1.35715,1.29515,1.24844,0.8898,0.9652,1.15434,0,1,0.9905,1.23368,0.8263,1.12799,1.0743,1.16797,0.78604,0.55625,0.48646,1.24412,0.59181,1.19048,0.93787,1.04177,1.2344,1.27457,1.17604,0.9016,1.01838,1.09862,1.03452,0.75906,1.32518,1.28183,1.00924,0.75995,0.23817,0.30783
21.02,0.65265,1.16489,1.02654,0.83813,1.38095,1,0.99848,0.7548,1.12473,0.95562,0.94275,0.90768,1.25384,1.29347,1.31651,0.58437,1.27562,0.86642,1.1039,0.98673,0.77524,0.58631,0.80738,1.0965,1.00384,0.93141,0.9555,1.2541,0.53632,0.49984,0.99446,1.23511,1.36854,1.32027,1.25388,0.85425,0.9884,1.19331,0,1,1.00428,1.22993,0.8582,1.09727,1.07152,1.15191,0.78354,0.5059,0.48372,1.25318,0.57659,1.20194,0.91864,1.03305,1.21398,1.27885,1.17481,0.9095,0.99805,1.10128,1.03303,0.75748,1.32897,1.34121,1.0163,0.76355,0.13061,0.19148
21.04,0.63978,1.17886,0.98831,0.8132,1.38071,1,0.99452,0.76501,1.10209,0.97967,0.94653,0.92416,1.25502,1.30427,1.31666,0.5555,1.28116,0.85648,1.12183,0.99346,0.83092,0.56551,0.8288,1.08307,1.02009,0.92932,0.95561,1.25481,0.51763,0.33738,0.99183,1.23405,1.37551,1.33668,1.25845,0.83467,1.01853,1.20977,0.0034,1,1.0151,1.22484,0.8899,1.0505,1.06744,1.1327,0.78121,0.46067,0.48302,1.26227,0.55744,1.20994,0.89997,1.01692,1.1807,1.28484,1.1615,0.92449,0.98942,1.10369,1.03296,0.75596,1.33247,1.36209,1.02361,0.76567,0.05288,0.10537
21.06,0.62997,1.18042,0.96595,0.80828,1.3791,1,0.99438,0.77654,1.07836,1.0139,0.95078,0.94036,1.25577,1.3129,1.31661,0.52465,1.28715,0.85291,1.13624,1.00847,0.90445,0.53962,0.87292,1.06007,1.02815,0.92956,0.95453,1.25492,0.49874,0.22445,0.99062,1.23372,1.37999,1.3477,1.26181,0.83238,1.05031,1.21279,0.02498,1,1.01547,1.21884,0.91982,0.98999,1.06273,1.11127,0.77973,0.4209,0.48324,1.27136,0.53569,1.21269,0.88359,0.99421,1.12184,1.29185,1.13051,0.94813,0.98491,1.10343,1.03372,0.7557,1.33582,1.3723,1.0269,0.7663,0,0.04227
21.08,0.62452,1.16923,0.94648,0.82011,1.3773,1,0.99751,0.78857,1.05492,1.06108,0.95503,0.9552,1.25559,1.31977,1.31656,0.49218,1.293,0.85939,1.14652,1.03728,1.00028,0.51126,0.946,1.02297,1.02659,0.93515,0.95369,1.2538,0.47961,0.14722,0.9925,1.23401,1.38095,1.35501,1.26364,0.84835,1.07469,1.2054,0.04837,1,1.00699,1.21227,0.94651,0.95138,1.05794,1.089,0.7801,0.38667,0.48351,1.28032,0.51324,1.20766,0.87107,0.97293,0.99988,1.29901,1.065,0.98165,0.9858,1.09688,1.03431,0.75813,1.33903,1.37797,1.02177,0.76574,0,0
21.1,0.62493,1.14123,0.92916,0.84526,1.37523,1,1.00647,0.80048,1.03363,1.09687,0.95892,0.96766,1.2538,1.32513,1.31661,0.45897,1.29815,0.88067,1.15206,1.07128,1.14375,0.48359,1.08783,0.98355,1.01215,0.95028,0.95511,1.25059,0.46066,0.09773,0.99932,1.23461,1.38095,1.35949,1.26351,0.88375,1.0942,1.1882,0.07411,1,0.99533,1.20543,0.96861,0.91615,1.05346,1.06795,0.78361,0.35817,0.48324,1.28889,0.49242,1.18949,0.86401,0.94415,0.91089,1.30554,0.9623,1.04513,0.99371,1.07798,1.03331,0.76486,1.34203,1.38116,1.00206,0.76455,0,0
21.12,0.63291,1.08465,0.91325,0.87987,1.3728,1,1.02093,0.8119,1.01633,1.12273,0.96217,0.97686,1.24958,1.32916,1.31685,0.42614,1.30217,0.92327,1.152,1.10785,1.21346,0.45941,1.19758,0.95142,0.98956,0.98063,0.96143,1.24409,0.44259,0.07139,1.02455,1.23506,1.38095,1.36158,1.26081,0.94017,1.11057,1.1605,0.10298,1,0.98445,1.19853,0.98526,0.88661,1.04965,1.05076,0.7917,0.33566,0.48208,1.29683,0.47542,1.14345,0.86408,0.90764,0.83004,1.3109,0.87773,1.11117,1.02013,1.03376,1.02883,0.77791,1.34475,1.38275,0.98033,0.76363,0,0
21.14,0.65027,0.98361,0.89782,0.91989,1.36983,1,1.03673,0.82286,1.0036,1.13987,0.96447,0.98221,1.24185,1.33197,1.3173,0.39469,1.30483,0.99685,1.14494,1.14415,1.25355,0.44019,1.25588,0.91715,0.96323,1.05733,0.97596,1.23221,0.42601,0.06597,1.06062,1.2347,1.38095,1.36139,1.25474,1.03529,1.1252,1.1208,0.13638,1,0.9718,1.19158,0.99683,0.86473,1.04691,1.04006,0.80564,0.31936,0.47992,1.30398,0.46383,1.00849,0.87305,0.86399,0.75864,1.31495,0.79314,1.16111,1.06403,0.96934,1.01827,0.7998,1.34713,1.38306,0.9476,0.76436,0,0
21.16,0.67881,0.90948,0.88175,0.96125,1.36599,1,1.05282,0.83382,0.99689,1.14893,0.96541,0.98346,1.22923,1.33363,1.31794,0.36548,1.30603,1.13988,1.12831,1.1778,1.27908,0.42598,1.28968,0.88171,0.92715,1.14479,1.00577,1.21088,0.41142,0.08174,1.10282,1.23254,1.38095,1.35865,1.24407,1.14465,1.13928,1.06739,0.1767,1,0.95801,1.18428,1.01062,0.85232,1.04579,1.03748,0.82629,0.30945,0.47684,1.31026,0.45849,0.867,0.89276,0.81477,0.69655,1.31783,0.71523,1.1991,1.11188,0.90146,0.99886,0.83385,1.34914,1.38213,0.90211,0.76864,0,0
21.18,0.72025,0.8404,0.8638,0.99972,1.36069,1,1.06859,0.84571,0.99147,1.14961,0.96445,0.98074,1.20977,1.33415,1.31868,0.33937,1.30575,1.22318,1.09708,1.20722,1.29644,0.41568,1.30989,0.84603,0.8823,1.21203,1.07529,1.17049,0.39929,0.12231,1.14613,1.22714,1.38095,1.35244,1.22681,1.2056,1.15378,1.00057,0.22777,1,0.94352,1.17593,1.02795,0.85137,1.04694,1.04307,0.85391,0.30634,0.4732,1.3156,0.45975,0.72481,0.9253,0.7625,0.64317,1.31987,0.65016,1.22825,1.15767,0.81741,0.98211,0.88452,1.35075,1.37962,0.8447,0.77902,0,0.0137
21.2,0.77613,0.78215,0.84283,1.05249,1.35276,1,1.08355,0.85976,0.98262,1.14004,0.96096,0.9745,1.18054,1.33341,1.31941,0.31744,1.30397,1.27303,1.04018,1.23168,1.30867,0.40753,1.32148,0.8112,0.83074,1.26055,1.14153,1.0813,0.39019,0.19608,1.18637,1.21615,1.37527,1.34051,1.19952,1.24121,1.16926,0.97002,0.29559,1,0.92878,1.16542,1.05343,0.86451,1.05108,1.05531,0.88789,0.31074,0.46958,1.3199,0.46762,0.59063,0.97299,0.71036,0.59811,1.32144,0.60336,1.2507,1.19768,0.7225,0.9585,0.95795,1.35193,1.37449,0.77795,0.79876,0.05571,0.08398
21.22,0.84807,0.73875,0.81789,1.07886,1.33955,1,1.09694,0.8775,0.96746,1.11555,0.95429,0.9654,1.13687,1.33121,1.31997,0.30079,1.30061,1.30412,0.97065,1.25108,1.31743,0.39977,1.32676,0.77838,0.77548,1.29451,1.19739,0.93301,0.3848,0.32,1.2211,1.19549,1.36279,1.31703,1.15525,1.26184,1.18591,0.95194,0.39032,1,0.91468,1.15108,1.09039,0.8952,1.05879,1.07193,0.92685,0.3238,0.4668,1.32305,0.48212,0.47301,1.06252,0.66172,0.56108,1.32292,0.579,1.26795,1.23055,0.62403,0.92791,1.09234,1.35261,1.36384,0.70586,0.83163,0.1876,0.20749
21.24,0.93845,0.71208,0.78826,1.08709,1.3133,1,1.10746,0.90058,0.94422,1.065,0.9439,0.95416,1.07035,1.32716,1.32015,0.29042,1.29544,1.32405,0.91522,1.26571,1.32367,0.39156,1.32659,0.74868,0.72013,1.31794,1.24077,0.81507,0.38383,0.53045,1.24942,1.157,1.32541,1.26208,1.07708,1.2727,1.20357,0.94579,0.53132,1,0.90294,1.13035,1.13504,0.9478,1.07029,1.09066,0.96899,0.34694,0.46589,1.32498,0.50349,0.37622,1.14341,0.61977,0.53171,1.32445,0.57982,1.28111,1.25638,0.52964,0.89136,1.19098,1.35273,1.33606,0.63328,0.88135,0.45201,0.43791
21.26,1.07888,0.70231,0.75363,1.08158,1.23728,1,1.11305,0.93066,0.91291,0.98095,0.92952,0.94146,0.98392,1.32072,1.3197,0.28731,1.28804,1.33685,0.86135,1.27583,1.32802,0.38353,1.32047,0.72318,0.66857,1.33395,1.2727,0.7063,0.38806,0.91626,1.2715,1.08079,0.8959,1.04014,0.96462,1.27638,1.22177,0.94993,0.7607,1,0.89645,1.09905,1.17971,1.04767,1.08526,1.10972,1.02283,0.38174,0.46816,1.32554,0.53234,0.30189,1.19542,0.58756,0.50959,1.32593,0.60779,1.29092,1.27589,0.44587,0.85114,1.24632,1.3522,1.15727,0.5652,0.95086,1.15032,0.9453
21.28,1.18183,0.70871,0.71434,1.06598,0.854,1,1.11041,0.96927,0.87545,0.9149,0.91125,0.92808,0.93379,1.31109,1.31827,0.29272,1.27769,1.34461,0.81461,1.28136,1.33084,0.37781,1.30595,0.70317,0.62502,1.34462,1.2953,0.6123,0.39837,1.2818,1.28785,0.96181,0.44532,0.76322,0.88711,1.27398,1.23979,0.96106,1.18019,1,0.89954,1.0496,1.21841,1.15554,1.10284,1.12776,1.08232,0.42954,0.47523,1.32455,0.56956,0.25094,1.22828,0.5687,0.49448,1.32696,0.66432,1.29783,1.28978,0.37768,0.81069,1.27974,1.35087,0.54466,0.50638,1.06615,1.33404,1.31454
21.3,1.23488,0.73002,0.67145,1.04596,0.57207,1,1.09346,1.032,0.8352,0.84811,0.88967,0.9149,0.89488,1.2972,1.31537,0.30848,1.26326,1.34828,0.78075,1.28159,1.33228,0.37788,1.27648,0.69028,0.59382,1.3513,1.31067,0.53683,0.41585,1.32977,1.29906,0.88039,0.27246,0.61809,0.81822,1.26554,1.25689,0.97415,1.30364,1,0.91844,0.98453,1.24884,1.21817,1.1218,1.14378,1.1192,0.49079,0.48913,1.32161,0.61615,0.22514,1.24732,0.5679,0.48647,1.32695,0.74934,1.30196,1.29858,0.32846,0.77405,1.3005,1.34854,0.32623,0.46098,1.15936,1.35806,1.34899
21.32,1.26631,0.76462,0.62644,1.03051,0.40068,1,1.04808,1.10671,0.79592,0.78599,0.86589,0.90296,0.86787,1.27766,1.31035,0.33718,1.24291,1.34786,0.76472,1.27475,1.33238,0.38794,1.21268,0.6862,0.57879,1.35484,1.32059,0.48136,0.44188,1.34564,1.30568,0.81503,0.1926,0.53692,0.75862,1.25004,1.27247,0.98344,1.33792,1,0.96217,0.93758,1.27136,1.25634,1.14072,1.157,1.14119,0.5645,0.51215,1.31603,0.67317,0.22812,1.25526,0.59113,0.48592,1.32512,0.85988,1.30322,1.30251,0.29999,0.74468,1.31327,1.34485,0.22617,0.43196,1.20791,1.36642,1.36028
21.34,1.2865,0.81071,0.5809,1.0283,0.28893,1,0.97019,1.16068,0.76083,0.73216,0.84155,0.89345,0.85233,1.25051,1.30225,0.38231,1.21331,1.34217,0.76975,1.25686,1.33108,0.41245,1.0269,0.69216,0.58277,1.3557,1.32647,0.44517,0.4781,1.35184,1.3081,0.76833,0.15818,0.49714,0.70822,1.22509,1.28625,0.98472,1.35359,1,1.07139,0.8892,1.28737,1.28046,1.15824,1.16675,1.15274,0.64839,0.54655,1.30668,0.742,0.26747,1.25284,0.64576,0.49318,1.3205,0.99013,1.30137,1.30149,0.29278,0.72447,1.32069,1.33927,0.18161,0.42087,1.23424,1.36964,1.36467
21.36,1.3002,0.86597,0.5364,1.04103,0.21224,1,0.89181,1.20103,0.73243,0.68859,0.81888,0.88775,0.84643,1.21284,1.28971,0.44804,1.16789,1.32703,0.79709,1.21782,1.32826,0.4562,0.84476,0.70863,0.60765,1.35401,1.32941,0.42622,0.5263,1.35327,1.30647,0.7397,0.15238,0.4874,0.66632,1.18601,1.29812,0.97719,1.36236,1,1.18247,0.83997,1.29823,1.29594,1.1731,1.17229,1.15693,0.73931,0.59401,1.29159,0.82418,0.35985,1.23854,0.74101,0.50835,1.31159,1.15089,1.29601,1.29478,0.30685,0.71345,1.32433,1.33087,0.17089,0.42836,1.24791,1.37016,1.36565
21.38,1.30976,0.92659,0.49469,1.06161,0.15764,1,0.79773,1.23206,0.71294,0.65668,0.80078,0.88757,0.8468,1.16041,1.27086,0.53826,1.0927,1.28685,0.84552,1.12586,1.3238,0.52471,0.72907,0.73504,0.65445,1.34955,1.33026,0.4221,0.58783,1.35134,1.30051,0.72695,0.16853,0.50123,0.63218,1.12474,1.30805,0.96403,1.36784,1,1.25178,0.79038,1.30482,1.30558,1.18408,1.17247,1.15667,0.83309,0.65464,1.26742,0.92057,0.54249,1.20757,0.88703,0.53109,1.29568,1.21587,1.28651,1.28062,0.34187,0.71012,1.3251,1.31814,0.18535,0.4548,1.25351,1.3687,1.36424
21.4,1.31646,0.98608,0.4576,1.07935,0.11802,1,0.69536,1.25637,0.70475,0.63805,0.79074,0.89494,0.84855,1.08788,1.24355,0.65357,0.97964,1.11237,0.90985,0.94092,1.31759,0.62454,0.64489,0.76949,0.72266,1.34191,1.32982,0.4303,0.66262,1.34638,1.28942,0.72707,0.20374,0.53388,0.60539,1.03032,1.31605,0.95158,1.37148,1,1.2951,0.74111,1.3074,1.31067,1.18986,1.16526,1.15544,0.92432,0.72532,1.22881,1.05057,0.90066,1.14951,1.11741,0.56034,1.26692,1.25012,1.27211,1.25532,0.39607,0.71182,1.32356,1.29854,0.22101,0.5003,1.25345,1.36534,1.36064
21.42,1.32097,1.05914,0.42662,1.08457,0.08921,1,0.59206,1.27568,0.7102,0.63498,0.79217,0.91186,0.84565,0.99504,1.20637,0.78687,0.91236,0.74584,0.97966,0.82853,1.30959,0.76423,0.5779,0.80885,0.80958,1.3307,1.32892,0.44839,0.74861,1.33828,1.27163,0.73685,0.25625,0.58075,0.58574,0.96071,1.32221,0.9477,1.37398,1,1.32289,0.69283,1.3057,1.31147,1.18905,1.14725,1.15748,1.0137,0.79887,1.16804,1.15854,1.27329,1.04523,1.22777,0.59443,1.20945,1.27218,1.25205,1.21128,0.46445,0.71533,1.32006,1.26747,0.27487,0.56476,1.24919,1.35987,1.35464
21.44,1.32373,1.09651,0.40238,1.06702,0.06847,1,0.49342,1.29123,0.73109,0.65095,0.80753,0.93955,0.83208,0.95055,1.16084,0.92079,0.86119,0.58486,1.06559,0.76048,1.29979,0.9572,0.51988,0.84962,0.91054,1.31612,1.32824,0.47431,0.84236,1.3268,1.24406,0.75335,0.3244,0.63713,0.57303,0.92971,1.32673,0.96035,1.37569,1,1.34135,0.64602,1.2987,1.30718,1.18007,1.11242,1.16672,1.10714,0.86561,1.07754,1.20811,1.32218,0.95326,1.26497,0.63152,1.05803,1.28848,1.22563,1.13033,0.53805,0.71789,1.31477,1.21521,0.34308,0.64816,1.2416,1.35182,1.34575
21.46,1.32501,1.10483,0.38474,1.00443,0.05385,1,0.40305,1.30394,0.76805,0.69158,0.83762,0.97752,0.80325,0.91904,1.11383,1.05357,0.82535,0.52139,1.10694,0.73205,1.28815,1.19723,0.4673,0.88872,1.03517,1.29973,1.32822,0.50652,0.9404,1.3119,1.20041,0.77429,0.4061,0.69844,0.56696,0.92198,1.32987,0.99773,1.37687,1,1.35402,0.60095,1.28434,1.29497,1.16091,1.04947,1.18478,1.15218,0.9171,0.98257,1.2338,1.33473,0.9156,1.27707,0.67002,0.86572,1.30144,1.19241,0.98084,0.60529,0.71799,1.3077,1.1156,0.41989,0.75071,1.23117,1.34039,1.33313
21.48,1.32496,1.09107,0.37313,0.93745,0.04395,1,0.3232,1.31439,0.81946,0.76663,0.88079,1.0398,0.75724,0.89444,1.07602,1.12806,0.80414,0.52784,1.10932,0.73886,1.27462,1.27187,0.41993,0.92386,1.14867,1.28494,1.32884,0.54384,1.06545,1.29431,1.12694,0.7979,0.49843,0.76049,0.5672,0.93459,1.33187,1.09995,1.37765,1,1.36294,0.55808,1.25856,1.26577,1.12909,0.97326,1.20989,1.17981,0.94982,0.9483,1.24657,1.33356,0.91318,1.27431,0.70864,0.73824,1.31189,1.15254,0.89054,0.65552,0.71562,1.29875,0.9509,0.497,0.8717,1.21822,1.32434,1.31548
21.5,1.32364,1.05585,0.36687,0.8521,0.03782,1,0.2551,1.32296,0.87997,0.89434,0.93173,1.09691,0.69549,0.87095,1.05328,1.14809,0.79742,0.60289,1.07297,0.7779,1.25923,1.30495,0.37936,0.95357,1.19956,1.27549,1.32974,0.58508,1.15608,1.27619,0.99531,0.82272,0.59743,0.81969,0.57346,0.96318,1.33293,1.18313,1.37812,1,1.36929,0.51816,1.21436,1.17817,1.08302,0.92546,1.23793,1.20177,0.9667,0.93607,1.2503,1.31811,0.94709,1.25668,0.74622,0.64036,1.32005,1.10744,0.82555,0.68351,0.71216,1.28774,0.8518,0.56436,1.01388,1.203,1.30183,1.29088
21.52,1.321,0.99833,0.36539,0.75478,0.03494,1,0.19883,1.32988,0.93991,1.13591,0.98126,1.12811,0.62282,0.84372,1.04082,1.14857,0.80553,0.77085,0.98355,0.84722,1.24211,1.32338,0.34753,0.97718,1.22683,1.27262,1.33034,0.62905,1.2039,1.26118,0.91804,0.84759,0.6984,0.8734,0.5856,1.00386,1.33318,1.2416,1.37834,1,1.37386,0.48211,1.14208,0.86996,1.02589,0.89299,1.2647,1.2231,0.97521,0.93576,1.24578,1.26209,1.03728,1.21479,0.78172,0.564,1.326,1.06021,0.77959,0.69147,0.70978,1.27449,0.77482,0.61276,1.16,1.18578,1.27005,1.25654
21.54,1.31686,0.96424,0.36848,0.65483,0.03519,1,0.15354,1.33538,0.98759,1.25838,1.03282,1.13902,0.54629,0.81011,1.0281,1.14364,0.82892,1.13384,0.90388,0.94577,1.2235,1.335,0.32578,0.99476,1.24282,1.27442,1.33009,0.67476,1.23467,1.25296,0.86375,0.87169,0.79647,0.92001,0.60368,1.07061,1.33266,1.2811,1.37832,1,1.37716,0.45072,1.03953,0.63066,0.98711,0.88028,1.28758,1.24481,0.98342,0.93893,1.23149,0.87482,1.15602,1.11013,0.81446,0.50346,1.32985,1.01544,0.74754,0.68651,0.71077,1.25868,0.71046,0.6369,1.21469,1.16683,1.22461,1.20842
21.56,1.31086,0.93586,0.37639,0.56025,0.03894,1,0.11803,1.33959,1.02531,1.30684,1.05469,1.13198,0.4734,0.77042,1.00479,1.14226,0.86758,1.28999,0.81985,1.10201,1.2036,1.34295,0.31485,1.01323,1.25283,1.27775,1.32844,0.72169,1.2574,1.25296,0.82826,0.89459,0.88701,0.95875,0.62796,1.11287,1.33131,1.30764,1.37803,1,1.37955,0.42471,0.97676,0.45485,0.97733,0.88857,1.3056,1.26558,0.99731,0.9398,1.20287,0.53071,1.22501,0.91391,0.84417,0.45467,1.33173,0.98963,0.72508,0.67707,0.71713,1.23979,0.65231,0.6369,1.24032,1.14633,1.15878,1.14095
21.58,1.30242,0.91612,0.38993,0.47702,0.04706,1,0.0914,1.34261,1.02728,1.33116,1.03419,1.10618,0.41077,0.72764,0.9824,1.14866,0.92017,1.33091,0.74238,1.19461,1.18261,1.34866,0.31551,1.02664,1.25974,1.2798,1.32478,0.76968,1.27582,1.25947,0.80781,0.9161,0.96568,0.98936,0.65878,1.13722,1.32896,1.32548,1.3774,1,1.38124,0.405,0.97485,0.32995,0.98653,0.91636,1.31882,1.28367,1.03607,0.9357,1.14911,0.33772,1.26538,0.78613,0.87087,0.41495,1.33162,0.97856,0.70836,0.6711,0.73053,1.21691,0.5964,0.61794,1.25264,1.12437,1.06325,1.04822
21.6,1.29065,0.90686,0.41043,0.40892,0.06114,1,0.07332,1.34439,0.99482,1.34454,0.97843,1.05825,0.36344,0.68636,0.95604,1.16158,0.98285,1.34807,0.67968,1.23783,1.16082,1.35287,0.32929,1.0333,1.26536,1.27805,1.31808,0.81863,1.29152,1.26913,0.79913,0.93609,1.04863,1.02201,0.69628,1.14749,1.32525,1.3374,1.37629,1,1.38234,0.39289,1.01741,0.24522,1.02957,0.9592,1.32768,1.298,1.08066,0.92684,1.04338,0.22661,1.28897,0.69572,0.8946,0.38278,1.32924,0.97284,0.69391,0.67621,0.75262,1.18873,0.54086,0.5879,1.25743,1.10111,0.97112,0.97088
21.62,1.27416,0.90936,0.43977,0.35734,0.0837,1,0.0638,1.34482,0.96175,1.35192,0.91626,0.99213,0.33453,0.65094,0.92576,1.17691,1.07621,1.35613,0.63671,1.25908,1.13863,1.35597,0.35962,1.03561,1.27084,1.26884,1.30615,0.86854,1.30511,1.27897,0.7993,0.95436,1.10098,1.04519,0.7404,1.14479,1.31965,1.34519,1.37444,1,1.3829,0.38993,1.10255,0.1922,1.09816,1.01864,1.33268,1.30844,1.1216,0.91518,0.9372,0.16551,1.30202,0.63942,0.91545,0.35722,1.32378,0.97081,0.67905,0.70161,0.78581,1.15317,0.48548,0.55473,1.25733,1.07694,0.93167,0.9379
21.64,1.25053,0.92452,0.48017,0.32163,0.1188,1,0.06302,1.3437,0.92365,1.35552,0.83949,0.955,0.32544,0.62401,0.8937,1.19149,1.13442,1.35939,0.6154,1.26766,1.11632,1.35824,0.41401,1.03519,1.27659,1.24276,1.28279,0.91971,1.31677,1.28719,0.8058,0.97046,1.12095,1.05486,0.79088,1.12728,1.31127,1.35006,1.37141,1,1.38295,0.39764,1.16595,0.16448,1.15964,1.08932,1.33419,1.31544,1.15635,0.90275,0.8719,0.13891,1.30776,0.61379,0.93368,0.33746,1.31313,0.97118,0.66255,0.76211,0.83467,1.10664,0.43129,0.52478,1.25377,1.05285,0.91356,0.92338
21.66,1.21541,0.95292,0.53395,0.3,0.17314,1,0.07124,1.34073,0.88632,1.35637,0.75471,0.92669,0.33683,0.60629,0.8609,1.20422,1.16512,1.3593,0.61564,1.26696,1.09378,1.35988,0.509,1.0332,1.28237,1.15787,1.22343,0.97288,1.32655,1.2929,0.81634,0.98356,1.12239,1.05511,0.84713,1.08864,1.29873,1.35283,1.36634,1,1.38246,0.41741,1.20843,0.1577,1.20899,1.12952,1.33229,1.31968,1.18527,0.89062,0.8285,0.13968,1.3077,0.61593,0.94983,0.32258,1.29129,0.97292,0.64495,0.88799,0.90786,1.04216,0.38008,0.50265,1.24769,1.03095,0.91217,0.92301
21.68,1.16072,0.99441,0.60267,0.29048,0.25864,1,0.0888,1.33541,0.85338,1.35491,0.66761,0.90723,0.36927,0.5972,0.82746,1.21538,1.17987,1.35609,0.63612,1.2577,1.07038,1.36105,0.68458,1.03049,1.28744,0.86513,0.94808,1.04953,1.33447,1.29551,0.82867,0.99229,1.11005,1.04865,0.90751,1.01268,1.27989,1.35401,1.35721,1,1.3814,0.45054,1.23621,0.16928,1.24684,1.15241,1.32664,1.32175,1.20963,0.87885,0.80473,0.1659,1.30219,0.64337,0.96462,0.3117,1.23501,0.97527,0.62861,1.1652,1.03822,0.97637,0.33417,0.49216,1.24005,1.01505,0.92369,0.93276
21.7,1.07174,1.07499,0.68575,0.29131,0.39879,1,0.11602,1.32689,0.827,1.35119,0.58303,0.8947,0.42306,0.59536,0.7931,1.22579,1.18391,1.34912,0.67437,1.23884,1.04506,1.36185,1.09187,1.02766,1.29081,0.60723,0.65935,1.11708,1.34052,1.29422,0.84048,0.99468,1.0855,1.03804,0.96843,0.94825,1.25146,1.35391,1.33822,1,1.37968,0.49814,1.25403,0.19771,1.27532,1.1655,1.31637,1.32216,1.23055,0.86674,0.79785,0.21901,1.2907,0.69326,0.97874,0.30402,0.96011,0.97769,0.61724,1.28922,1.18889,0.93309,0.29591,0.49736,1.23217,1.01048,0.94444,0.94834
21.72,0.96823,1.13544,0.77919,0.30117,0.64863,1,0.15329,1.31364,0.80826,1.345,0.50488,0.88644,0.49767,0.59905,0.75763,1.23614,1.17967,1.33661,0.72668,1.20764,1.01632,1.36237,1.30556,1.02511,1.29149,0.39585,0.43873,1.16183,1.34481,1.28752,0.84944,0.98854,1.04921,1.02615,1.04298,0.89037,1.20857,1.35269,1.28185,1,1.37718,0.56134,1.26489,0.24204,1.29655,1.17354,1.29995,1.32133,1.24881,0.85347,0.80507,0.30334,1.27189,0.76167,0.9928,0.29902,0.66567,0.97985,0.6149,1.33527,1.26185,0.89358,0.267,0.52352,1.22576,1.02203,0.97074,0.96517
21.74,0.91556,1.17763,0.87574,0.31944,1.17699,1,0.20159,1.29245,0.79717,1.33584,0.43621,0.88012,0.5916,0.60669,0.72125,1.24656,1.16829,1.31407,0.78902,1.15863,0.99153,1.36262,1.34807,1.02305,1.28853,0.23641,0.27611,1.19385,1.3475,1.27209,0.85359,0.97204,1.00119,1.016,1.10004,0.83647,1.14428,1.35035,0.85815,1,1.37365,0.64197,1.27073,0.30184,1.3122,1.17939,1.27461,1.31959,1.26477,0.83866,0.82355,0.4272,1.24297,0.84399,1.014,0.29657,0.45408,0.98158,0.62498,1.35735,1.30237,0.8571,0.24796,0.5782,1.22267,1.05032,0.99936,0.97903
21.76,0.88333,1.20786,0.96648,0.3464,1.31923,1,0.26324,1.25538,0.79277,1.32263,0.37946,0.87449,0.70229,0.617,0.68479,1.25656,1.15053,1.26802,0.85796,1.08015,0.97449,1.36257,1.36535,1.02151,1.28083,0.12282,0.16026,1.21833,1.34882,1.23938,0.85161,0.94437,0.97483,1.01023,1.12844,0.78775,1.04961,1.34672,0.50376,1,1.36858,0.74333,1.27294,0.37754,1.32345,1.1844,1.23511,1.31715,1.27855,0.82284,0.85005,0.60667,1.19813,0.93587,1.03986,0.297,0.30441,0.98287,0.64975,1.36928,1.32642,0.82266,0.2384,0.67356,1.22416,1.09054,1.04813,0.98671
21.78,0.86731,1.23033,1.06878,0.38319,1.34983,1,0.34281,1.17757,0.7931,1.30333,0.33708,0.86955,0.82511,0.62906,0.64981,1.26526,1.12801,1.134,0.93125,0.97583,0.95754,1.36214,1.37412,1.02039,1.26675,0.04588,0.08109,1.2381,1.34897,1.16046,0.84305,0.90602,0.95219,1.01048,1.14112,0.74405,0.96666,1.3414,0.31835,1,1.36091,0.87029,1.27277,0.47043,1.33102,1.18866,1.17126,1.31418,1.29007,0.80757,0.88009,0.87461,1.12365,1.05678,1.06291,0.30124,0.20102,0.9838,0.69022,1.37609,1.34102,0.78925,0.23736,0.83042,1.23037,1.13502,1.08365,0.98638
21.8,0.86302,1.24766,1.12611,0.43184,1.36267,1,0.44841,0.96938,0.79534,1.27386,0.31186,0.8664,0.95213,0.64214,0.61842,1.27171,1.10495,0.84012,1.01544,0.91395,0.94124,1.36114,1.37892,1.01945,1.2437,0,0.03087,1.2547,1.34811,0.94595,0.82829,0.85884,0.93258,1.01697,1.14436,0.70468,0.92825,1.33361,0.20927,1,1.34807,1.04944,1.27165,0.5825,1.33524,1.1913,1.06236,1.31081,1.29924,0.79523,0.90733,1.22204,0.99016,1.15282,1.08293,0.31077,0.13293,0.98457,0.74564,1.37994,1.34961,0.75619,0.24362,1.116,1.2403,1.17723,1.10985,0.97773
21.82,0.86593,1.26153,1.15058,0.49547,1.3693,1,0.59499,0.81512,0.79639,1.22507,0.30691,0.8667,1.10166,0.65571,0.59264,1.27507,1.08898,0.66741,1.11766,0.86298,0.92634,1.35933,1.38149,1.0184,1.20737,0,0.00429,1.26891,1.3464,0.78327,0.80852,0.80593,0.91551,1.02851,1.14217,0.66879,0.90748,1.32188,0.1421,1,1.32224,1.19652,1.27113,0.71639,1.33604,1.19104,0.95116,1.30712,1.30608,0.7884,0.92444,1.30108,0.90447,1.2026,1.09965,0.32762,0.09244,0.98543,0.81337,1.38095,1.35397,0.7233,0.25588,1.26095,1.25223,1.21349,1.12991,0.96187
21.84,0.87185,1.27299,1.15908,0.5787,1.37298,1,0.81298,0.70035,0.79382,1.13141,0.32594,0.87194,1.17254,0.66946,0.57373,1.27473,1.08804,0.54683,1.17437,0.82029,0.91339,1.35632,1.38258,1.01699,1.14976,0,0,1.28108,1.34395,0.65816,0.78553,0.75117,0.90047,1.04308,1.13762,0.63555,0.89945,1.30306,0.10085,1,1.24312,1.25397,1.27241,0.87577,1.33291,1.18662,0.89594,1.30317,1.31074,0.78912,0.9254,1.33001,0.83306,1.23305,1.11309,0.35428,0.0743,0.98659,0.88936,1.38095,1.35491,0.69095,0.27295,1.30769,1.26446,1.24263,1.14579,0.94101
21.86,0.87729,1.28275,1.15844,0.68799,1.37499,1,1.17335,0.61307,0.78673,0.95699,0.37417,0.8829,1.20156,0.68324,0.5621,1.27009,1.10428,0.45859,1.21039,0.78452,0.90259,1.35148,1.38251,1.01504,1.05467,0,0.01335,1.29128,1.34082,0.56418,0.76161,0.69895,0.88728,1.05828,1.13332,0.60432,0.90007,1.2696,0.07706,1,0.81268,1.28416,1.27588,1.09491,1.32443,1.17684,0.86426,1.29898,1.31347,0.79843,0.90808,1.34491,0.77271,1.25334,1.1236,0.39368,0.07545,0.98817,0.96883,1.38095,1.3525,0.6602,0.29397,1.32976,1.27563,1.26485,1.15852,0.91814
21.88,0.87955,1.29116,1.15273,0.83101,1.3759,1,1.29009,0.5456,0.77591,0.84961,0.45931,0.89953,1.21239,0.69702,0.55754,1.26037,1.13198,0.39364,1.23471,0.7557,0.89388,1.34377,1.38135,1.01255,0.95706,0.02162,0.05308,1.29943,1.33705,0.49546,0.73955,0.65393,0.87624,1.0717,1.13151,0.57483,0.90548,1.19821,0.06589,1,0.51914,1.30248,1.28089,1.21705,1.30721,1.16059,0.85045,1.29455,1.31451,0.81634,0.87505,1.35369,0.72237,1.26712,1.13166,0.4492,0.09476,0.99018,1.0731,1.37806,1.34587,0.6328,0.31821,1.34191,1.28476,1.28079,1.16844,0.89694
21.9,0.87672,1.29841,1.14579,1.02603,1.37601,1,1.32726,0.49328,0.76361,0.77134,0.59129,0.92079,1.21254,0.71074,0.55955,1.24445,1.16257,0.34814,1.25115,0.73496,0.88702,1.33121,1.37897,1.0096,0.90235,0.09774,0.12753,1.30534,1.33269,0.44795,0.72248,0.62086,0.86812,1.0811,1.13378,0.54731,0.9118,0.98602,0.06456,1,0.34638,1.31449,1.28622,1.26357,1.27282,1.13682,0.85025,1.28986,1.31406,0.8418,0.83239,1.35902,0.68255,1.2759,1.13775,0.52451,0.13229,0.99253,1.13873,1.3716,1.33262,0.61111,0.34489,1.34893,1.29118,1.29101,1.17533,0.8815
21.92,0.86779,1.30455,1.14171,1.20094,1.37546,1,1.34513,0.45316,0.75266,0.71541,0.77982,0.94496,1.20484,0.72435,0.56758,1.22055,1.19011,0.32052,1.2616,0.72389,0.88176,1.30941,1.37505,1.00642,0.86565,0.23753,0.25788,1.30884,1.3278,0.41885,0.71334,0.60379,0.8642,1.08474,1.14075,0.52227,0.91538,0.82235,0.07136,1,0.23541,1.32265,1.29066,1.28677,1.19592,1.10467,0.8602,1.28491,1.31219,0.87298,0.78693,1.36197,0.65429,1.28025,1.14229,0.62367,0.18855,0.99504,1.17182,1.35722,1.30639,0.59744,0.37313,1.35277,1.2944,1.29586,1.17854,0.87539
21.94,0.85267,1.3096,1.14377,1.25723,1.37432,1,1.35536,0.42321,0.74548,0.6774,1.04922,0.97001,1.1904,0.73785,0.58137,1.18552,1.21247,0.30984,1.26716,0.7237,0.87787,1.26616,1.36902,1.00321,0.84465,0.51294,0.4931,1.30985,1.32249,0.40584,0.71419,0.60552,0.86617,1.08169,1.15197,0.50034,0.91358,0.71293,0.08513,1,0.16025,1.32824,1.29344,1.29947,0.97988,1.06369,0.87728,1.27969,1.30889,0.90801,0.74374,1.36305,0.63816,1.28032,1.14557,0.75161,0.26406,0.99754,1.18793,1.31301,1.24611,0.59338,0.40203,1.3544,1.2941,1.29538,1.17693,0.88053
21.96,0.83221,1.31358,1.15286,1.28323,1.37265,1,1.3618,0.40188,0.74352,0.6539,1.22647,0.99402,1.16977,0.75131,0.60106,1.13304,1.22979,0.31541,1.26856,0.73475,0.87522,1.14976,1.3598,1.00015,0.83735,1.17836,0.97116,1.30831,1.31688,0.40641,0.72591,0.62762,0.87623,1.07205,1.16609,0.48215,0.90536,0.64034,0.10468,1,0.10755,1.33198,1.29418,1.30636,0.83369,1.01431,0.89863,1.27413,1.30391,0.9454,0.70551,1.36249,0.63396,1.27598,1.14776,0.91406,0.35906,0.99989,1.19313,0.86441,1.0218,0.59955,0.43072,1.35433,1.28993,1.28901,1.16845,0.89638
21.98,0.80815,1.31644,1.16702,1.29709,1.37059,1,1.36607,0.38814,0.74739,0.6422,1.27196,1.02771,1.14412,0.76481,0.62722,1.04933,1.24286,0.33662,1.26624,0.7564,0.87381,0.87538,1.34542,0.99871,0.84192,1.33033,1.30553,1.30416,1.31115,0.41736,0.74805,0.67049,0.8972,1.05753,1.1813,0.46856,0.89154,0.59282,0.128,1,0.07,1.3343,1.29272,1.30956,0.74897,0.98187,0.92115,1.26818,1.29677,0.98412,0.67332,1.36027,0.64087,1.26681,1.14892,1.13814,0.47248,1.0039,1.1899,0.46652,0.78737,0.61555,0.45824,1.35296,1.28136,1.27522,1.14904,0.91929
22,0.78288,1.31804,1.18278,1.30501,1.36843,1,1.36892,0.38156,0.75701,0.64014,1.28899,1.05283,1.11689,0.77826,0.66069,0.96104,1.25249,0.37278,1.26043,0.78679,0.87376,0.71763,1.32213,0.99759,0.85652,1.35461,1.34232,1.29737,1.3056,0.43417,0.77873,0.73262,0.93295,1.04239,1.19586,0.46074,0.87447,0.56215,0.15145,1,0.04365,1.33538,1.28893,1.31011,0.70487,0.96345,0.94127,1.26182,1.28664,1.04113,0.64746,1.35621,0.65758,1.25216,1.14896,1.23156,0.60048,1.00725,1.17904,0.30194,0.65568,0.63998,0.48334,1.35079,1.26778,1.25105,1.10939,0.94202
22.02,0.75867,1.31817,1.19721,1.30971,1.36668,1,1.37074,0.3821,0.77205,0.64594,1.29433,1.06552,1.09514,0.79151,0.70263,0.90336,1.25931,0.42293,1.25112,0.82311,0.87517,0.62222,1.28216,0.99675,0.87926,1.36344,1.35508,1.28793,1.30061,0.45097,0.81484,0.81,0.98878,1.03354,1.20861,0.46012,0.85702,0.5425,0.16965,1,0.02624,1.33529,1.2826,1.30856,0.68905,0.95332,0.95513,1.2551,1.27205,1.09173,0.62796,1.34992,0.68262,1.23127,1.1478,1.26768,0.73533,1.0097,1.16035,0.22261,0.5776,0.6707,0.50464,1.34851,1.24857,1.21102,1.02276,0.95478
22.04,0.73694,1.31652,1.20882,1.31253,1.36595,1,1.37176,0.38997,0.79244,0.65805,1.2926,1.06657,1.08812,0.80441,0.75459,0.85431,1.26371,0.4865,1.2379,0.86225,0.87792,0.57073,1.20792,0.99624,0.90812,1.367,1.36056,1.2758,1.29656,0.46186,0.8529,0.89643,1.10194,1.03772,1.21919,0.46816,0.8415,0.53015,0.17707,1,0.01632,1.334,1.2731,1.30519,0.69428,0.95245,0.95924,1.24808,1.25025,1.12735,0.61478,1.34062,0.71504,1.20319,1.14552,1.28337,0.86575,1.01119,1.13286,0.18658,0.53453,0.70551,0.5212,1.34697,1.22319,1.14456,0.93084,0.9488
22.06,0.71794,1.31268,1.21742,1.31408,1.3666,1,1.37211,0.40543,0.81873,0.67493,1.2848,1.05504,1.10149,0.81685,0.81832,0.81266,1.26589,0.56403,1.21953,0.90157,0.88149,0.55304,1.05314,0.99605,0.94077,1.36775,1.36254,1.26075,1.29358,0.46269,0.88987,0.98458,1.18319,1.05703,1.22783,0.48634,0.82904,0.52322,0.17052,1,0.01286,1.33137,1.25899,1.30022,0.71658,0.96174,0.95126,1.2408,1.21555,1.15346,0.60807,1.32659,0.75485,1.16667,1.14252,1.28827,0.9792,1.01174,1.0952,0.17868,0.51713,0.74277,0.53295,1.34685,1.19128,1.02915,0.84126,0.92007
22.08,0.70101,1.30598,1.22343,1.31444,1.36848,1,1.37188,0.42863,0.85213,0.69474,1.26983,1.02749,1.13216,0.82873,0.89521,0.77767,1.26584,0.65779,1.19329,0.93903,0.88487,0.56362,0.91511,0.99617,0.97412,1.36632,1.36212,1.24222,1.29153,0.45231,0.9235,1.09669,1.23623,1.08732,1.2351,0.5162,0.81977,0.52155,0.15085,1,0.01511,1.32726,1.23713,1.29393,0.7539,0.98202,0.93041,1.23333,1.15488,1.17298,0.60822,1.30389,0.80318,1.12016,1.13962,1.28537,1.09525,1.01141,1.04695,0.19372,0.5209,0.78151,0.54082,1.34832,1.15303,0.93869,0.75005,0.87101
22.1,0.68501,1.2953,1.2276,1.31336,1.3711,1,1.37113,0.45946,0.89446,0.71518,1.24417,0.98874,1.17073,0.83984,0.98529,0.74921,1.26329,0.77221,1.15347,0.97314,0.88667,0.59966,0.85711,0.99654,1.00782,1.36249,1.35939,1.21919,1.29003,0.43264,0.95227,1.15322,1.27139,1.12143,1.24162,0.55936,0.81306,0.52643,0.1223,1,0.0225,1.32142,1.20034,1.28685,0.8052,1.0262,0.8977,1.22584,1.03053,1.18747,0.61604,1.26144,0.86217,1.06222,1.13806,1.27483,1.14223,1.01033,0.99599,0.23177,0.54436,0.82131,0.5465,1.35099,1.10971,0.88558,0.66354,0.80902
22.12,0.66883,1.27867,1.2307,1.31032,1.3739,1,1.36987,0.49753,0.94804,0.73373,1.19918,0.95585,1.20834,0.84981,1.1156,0.72773,1.2577,0.91418,1.08711,1.00547,0.88548,0.66012,0.83405,0.9971,1.045,1.35516,1.35359,1.18987,1.28854,0.40748,0.97543,1.18156,1.29505,1.15351,1.2479,0.61773,0.80792,0.53988,0.09013,1,0.03462,1.31358,1.12851,1.27984,0.8697,1.08796,0.85576,1.21866,0.9154,1.19768,0.63264,1.1546,0.93463,0.99628,1.13909,1.25457,1.15808,1.00867,0.97493,0.29735,0.58814,0.8621,0.55206,1.3542,1.06417,0.85116,0.58642,0.74294
22.14,0.65198,1.25207,1.23343,1.30462,1.37649,1,1.36811,0.54249,1.02858,0.74854,1.11125,0.91864,1.24015,0.85822,1.18404,0.71402,1.24819,1.12054,0.98173,1.04669,0.88061,0.74574,0.83386,0.99781,1.06015,1.34118,1.34253,1.15132,1.28653,0.38085,0.99292,1.19576,1.31115,1.18059,1.25413,0.69374,0.80327,0.56373,0.05854,1,0.05128,1.30324,0.97359,1.27378,0.94617,1.13939,0.80856,1.21222,0.83416,1.20389,0.65923,0.89117,1.04104,0.9654,1.14326,1.21865,1.15821,1.00658,0.96525,0.40093,0.65455,0.9039,0.55941,1.35736,1.02062,0.83124,0.52127,0.6801
22.16,0.63493,1.20654,1.2363,1.29549,1.37871,1,1.36579,0.59415,1.12673,0.75911,0.95889,0.8801,1.2648,0.86462,1.22205,0.70922,1.23342,1.22353,0.9111,1.07099,0.87248,0.85908,0.84943,0.99861,1.05829,1.31046,1.31993,1.0989,1.2836,0.35618,1.00997,1.20143,1.32208,1.20179,1.26012,0.79011,0.79825,0.5987,0.03013,1,0.07254,1.28967,0.85523,1.26919,1.0535,1.17941,0.76084,1.20708,0.77043,1.20601,0.69687,0.72404,1.14811,0.94441,1.15,1.15073,1.14767,1.00421,0.96648,0.56288,0.7468,0.94634,0.56992,1.36011,0.99224,0.8227,0.46933,0.62559
22.18,0.61921,1.11865,1.23961,1.2823,1.38048,1,1.36285,0.65214,1.18681,0.76656,0.86509,0.84372,1.28253,0.86845,1.24512,0.71513,1.21143,1.26621,0.85005,1.0827,0.86279,1.0071,0.87611,0.99943,1.04284,1.2103,1.26157,1.0264,1.27944,0.33635,1.02385,1.20117,1.32915,1.21701,1.2654,0.90837,0.7923,0.6433,0.00642,1,0.09849,1.2717,0.75056,1.26581,1.14132,1.20887,0.71787,1.2039,0.7217,1.20339,0.74591,0.61231,1.20421,0.93343,1.1577,0.99723,1.12805,1.00174,0.97625,0.82013,0.86695,0.98808,0.58432,1.3622,0.98092,0.8231,0.43162,0.58315
22.2,0.60715,0.96339,1.24344,1.26523,1.38095,1,1.35924,0.71535,1.22534,0.7734,0.80099,0.81333,1.29398,0.86907,1.25952,0.7344,1.17949,1.28621,0.80287,1.08268,0.85424,1.17763,0.91056,1.00043,1.01838,0.81721,0.97196,0.97038,1.27391,0.32396,1.0306,1.19626,1.33296,1.22621,1.26929,1.07202,0.78519,0.69254,0,1,0.12901,1.24783,0.66255,1.26258,1.18396,1.22905,0.68493,1.20338,0.6861,1.19457,0.80536,0.54488,1.23526,0.93345,1.16421,0.88771,1.09937,0.99967,0.99036,1.19932,1.02122,1.04567,0.60262,1.36345,0.97518,0.83049,0.4097,0.55603
22.22,0.60116,0.87112,1.24768,1.24657,1.38095,1,1.35493,0.78166,1.25055,0.78291,0.76712,0.79227,1.29973,0.8659,1.2682,0.77058,1.13382,1.29343,0.77314,1.06944,0.84979,1.24072,0.95004,1.00181,0.99663,0.60351,0.70694,0.93866,1.26696,0.32135,1.03246,1.18737,1.33365,1.22913,1.27118,1.18169,0.777,0.73785,0,1,0.16363,1.21608,0.59241,1.2579,1.20267,1.24121,0.66648,1.20603,0.6623,1.1767,0.87268,0.51736,1.25117,0.94582,1.16749,0.8024,1.06071,0.99861,1.0067,1.29029,1.16939,1.08593,0.62439,1.36371,0.97356,0.84325,0.40562,0.54716
22.24,0.60284,0.80877,1.25207,1.23125,1.38095,1,1.34988,0.84854,1.26713,0.79818,0.76353,0.78259,1.30002,0.85868,1.27276,0.82791,1.06859,1.29041,0.76273,1.03939,0.85183,1.27204,0.9921,1.0029,0.98982,0.4978,0.57243,0.9197,1.25849,0.33042,1.03086,1.17472,1.33089,1.22524,1.27065,1.22626,0.76817,0.7698,0,1,0.20173,1.17387,0.53927,1.24988,1.20452,1.24636,0.6655,1.21186,0.64902,1.14429,0.94447,0.52909,1.25621,0.97127,1.16599,0.73783,1.01066,0.99777,1.01967,1.31628,1.22069,1.10666,0.64922,1.3628,0.97495,0.86006,0.42174,0.55895
22.26,0.61241,0.77138,1.25621,1.22464,1.38095,1,1.34406,0.9136,1.27796,0.82155,0.78968,0.78485,1.29447,0.84768,1.27416,0.9109,0.98784,1.27552,0.77163,0.99352,0.86171,1.28983,1.05707,1.00366,0.99189,0.45333,0.50943,0.91305,1.24823,0.35257,1.02671,1.15824,1.32375,1.21347,1.26761,1.24672,0.7595,0.78235,0,1,0.24275,1.11746,0.50094,1.23621,1.19046,1.24518,0.6834,1.22023,0.6448,1.0857,1.03165,0.58238,1.25191,1.01678,1.15854,0.69006,0.97744,0.99718,1.0158,1.32516,1.24113,1.11343,0.67703,1.3605,0.9785,0.87994,0.46071,0.59329
22.28,0.62849,0.75419,1.25958,1.22812,1.38095,1,1.33742,0.97477,1.28483,0.85431,0.84368,0.79816,1.28167,0.83374,1.27315,1.04046,0.94321,1.24158,0.79797,0.96214,0.87956,1.30068,1.10286,1.0041,1.00701,0.449,0.49135,0.91733,1.23568,0.38855,1.02061,1.13766,1.31024,1.1921,1.26231,1.25497,0.75216,0.77583,0,1,0.28616,1.04148,0.47499,1.21351,1.15677,1.23794,0.72015,1.23002,0.64784,0.98727,1.11736,0.68121,1.23805,1.08301,1.14415,0.65538,0.95391,0.99685,0.99641,1.32597,1.24664,1.1091,0.70807,1.35647,0.98361,0.90199,0.52531,0.65113
22.3,0.64788,0.75289,1.26156,1.23783,1.38095,1,1.32994,1.05137,1.28881,0.89654,0.92004,0.82029,1.25872,0.81823,1.2704,1.16827,0.90749,1.16884,0.83751,0.93404,0.90438,1.30757,1.13073,1.00423,1.04215,0.47252,0.50335,0.93033,1.22009,0.43784,1.01292,1.11274,1.28637,1.1589,1.2556,1.25557,0.74773,0.7566,0,1,0.33116,0.974,0.45927,1.17592,1.09457,1.22473,0.77375,1.23996,0.65598,0.92191,1.16412,0.82559,1.21328,1.12722,1.1219,0.63069,0.93625,0.99674,0.97667,1.32145,1.243,1.09531,0.74273,1.3503,0.98989,0.92531,0.61693,0.73097
22.32,0.6661,0.76358,1.26148,1.24845,1.38094,1,1.32167,1.10765,1.29057,0.94714,1.01397,0.84798,1.22013,0.80268,1.26658,1.22595,0.87928,0.99971,0.8838,0.91459,0.93424,1.312,1.14478,1.00411,1.07912,0.51381,0.53463,0.94935,1.20025,0.49822,1.00383,1.08328,1.24391,1.11193,1.24893,1.25054,0.7479,0.73362,0.00019,1,0.37676,0.93686,0.4522,1.11124,0.99475,1.20575,0.83979,1.24905,0.66689,0.86655,1.19265,1.0008,1.17601,1.15206,1.09097,0.6135,0.9261,0.99684,0.95208,1.31282,1.2332,1.07321,0.78156,1.34147,0.99705,0.94902,0.73339,0.82709
22.34,0.67881,0.78308,1.25868,1.2565,1.37981,1,1.31265,1.13993,1.29041,1.00831,1.1169,0.87777,1.15534,0.78841,1.26235,1.2558,0.85719,0.90031,0.92967,0.90692,0.96695,1.31482,1.14523,1.00378,1.11267,0.56345,0.57629,0.97171,1.17414,0.56603,0.99678,1.04892,1.16367,1.05106,1.24407,1.24072,0.75413,0.71472,0.01557,1,0.42209,0.90971,0.45284,0.99409,0.94248,1.18151,0.91178,1.25672,0.67856,0.8241,1.21128,1.17011,1.12572,1.16084,1.05041,0.60202,0.92577,0.99709,0.92538,1.30107,1.21938,1.04381,0.8254,1.32939,1.00962,0.97249,0.86703,0.92914
22.36,0.68331,0.80896,1.25242,1.26036,1.37859,1,1.30285,1.15939,1.28838,1.09496,1.15693,0.90671,1.04389,0.77635,1.25814,1.27186,0.83986,0.8529,0.96941,0.91129,1.00093,1.31647,1.12732,1.00327,1.14129,0.61383,0.62177,0.99516,1.13808,0.63688,0.99137,1.00879,0.9961,0.99087,1.2423,1.22614,0.76746,0.70515,0.03175,1,0.46687,0.89056,0.46102,0.91819,0.91219,1.15297,0.98191,1.26275,0.6897,0.79492,1.22409,1.2127,1.06479,1.1559,0.9996,0.59505,0.93858,0.99748,0.8983,1.28729,1.2032,1.0081,0.87546,1.31339,1.02487,0.99549,1.00816,1.04209
22.38,0.6793,0.83936,1.24175,1.25915,1.37734,1,1.29207,1.17107,1.28424,1.14641,1.16531,0.93261,0.94796,0.76713,1.25417,1.27999,0.82611,0.84206,1.00075,0.92496,1.05525,1.31717,1.07373,1.00263,1.16528,0.66163,0.66805,1.03236,1.0853,0.70622,0.98587,0.98255,0.89963,0.96497,1.24387,1.20634,0.78835,0.70819,0.04786,1,0.51142,0.87782,0.47727,0.85583,0.90477,1.12186,1.06706,1.26711,0.69985,0.77789,1.23331,1.22067,0.99954,1.13931,0.97327,0.59203,0.96955,0.99798,0.87171,1.27205,1.18545,0.98518,0.93292,1.29283,1.03932,1.03273,1.14663,1.12601
22.4,0.6688,0.8726,1.22537,1.25163,1.3761,1,1.27995,1.17753,1.27743,1.17768,1.14766,0.954,0.90348,0.76128,1.25034,1.28297,0.81499,0.84961,1.04145,0.94217,1.09146,1.31696,0.96329,1.00186,1.18539,0.71008,0.71703,1.06263,1.00214,0.76991,0.98053,0.9622,0.84504,0.9505,1.24791,1.18042,0.81669,0.72632,0.06339,1,0.5565,0.87034,0.50289,0.80839,0.91992,1.09091,1.11161,1.26977,0.70932,0.77119,1.24023,1.21518,0.97205,1.11556,0.95138,0.59296,1.04607,0.99857,0.84597,1.25386,1.16504,0.96913,0.9986,1.26739,1.05242,1.06557,1.19327,1.15864
22.42,0.65516,0.9071,1.20108,1.23513,1.3749,1,1.26586,1.18007,1.26691,1.19558,1.09351,0.97012,0.88806,0.7592,1.24629,1.28226,0.80567,0.85457,1.06816,0.95536,1.11518,1.31571,0.85482,1.001,1.20244,0.7698,0.77624,1.08335,0.94895,0.82521,0.97574,0.94321,0.81968,0.9451,1.25298,1.14724,0.852,0.76209,0.07817,1,0.60325,0.8673,0.54,0.77694,0.95701,1.06349,1.125,1.2707,0.71897,0.77282,1.2457,1.21142,0.95114,1.09476,0.93454,0.59828,1.14387,0.99923,0.82114,1.22644,1.13785,0.95665,1.10279,1.23731,1.06349,1.09206,1.21059,1.16905
22.44,0.64188,0.94126,1.16468,1.20307,1.37371,1,1.24866,1.17937,1.25079,1.20337,0.97988,0.98089,0.89958,0.76109,1.24152,1.27859,0.79737,0.83929,1.09009,0.95797,1.1298,1.31319,0.73087,1.00006,1.2171,0.85893,0.85923,1.09616,0.90039,0.87176,0.97205,0.92556,0.81511,0.94635,1.25771,1.10554,0.89392,0.81905,0.09232,1,0.65348,0.86814,0.59167,0.76209,1.02769,1.04275,1.11509,1.26986,0.72993,0.78095,1.25033,1.22263,0.93189,1.09032,0.92296,0.6087,1.21503,0.99996,0.79712,1.17008,1.09414,0.94823,1.16489,1.20284,1.07158,1.11374,1.21348,1.16672
22.46,0.63197,0.97337,1.10692,1.13659,1.37254,1,1.22621,1.17573,1.22556,1.20241,0.89194,0.98679,0.93673,0.76691,1.23541,1.27225,0.78925,0.79772,1.11058,0.94727,1.13747,1.30904,0.60289,0.99951,1.22989,1.01546,0.98869,1.10177,0.85518,0.91212,0.97026,0.9096,0.82497,0.95186,1.26113,1.05474,0.94251,0.90242,0.10603,1,0.70981,0.87245,0.662,0.76397,1.11989,1.03043,1.07925,1.26721,0.74333,0.79415,1.25466,1.24836,0.91189,1.10781,0.91646,0.6251,1.2644,1.00149,0.7738,0.9925,1.00873,0.94434,1.20568,1.16222,1.07538,1.13131,1.20716,1.15587
22.48,0.62801,1.00263,1.00463,0.98153,1.37136,1,1.19456,1.1692,1.18421,1.19251,0.81332,0.98875,0.99767,0.77628,1.22728,1.26328,0.78047,0.73774,1.12949,0.92536,1.13965,1.30269,0.48116,0.99895,1.24109,1.21488,1.18959,1.10002,0.81299,0.95169,0.97143,0.89612,0.84334,0.95925,1.26247,0.99846,0.99807,1.03473,0.11945,1,0.77556,0.87993,0.75581,0.78258,1.17655,1.02618,1.00345,1.26278,0.76016,0.81119,1.25913,1.27663,0.89142,1.13879,0.91455,0.64842,1.29817,1.00318,0.75124,0.81285,0.93306,0.94556,1.23451,1.10663,1.07291,1.14486,1.1945,1.13982
22.5,0.63252,1.03978,0.93298,0.8611,1.37018,1,1.14571,1.15962,1.11087,1.17183,0.75377,0.98798,1.10781,0.78846,1.21633,1.25157,0.77029,0.67484,1.14506,0.89813,1.13737,1.29324,0.3729,0.99835,1.25076,1.2891,1.2719,1.0895,0.77371,0.99857,0.97694,0.88643,0.86356,0.96598,1.26095,0.97472,1.09006,1.17617,0.13255,1,0.85453,0.89031,0.87801,0.81794,1.20946,1.02786,0.94727,1.25669,0.7812,0.83094,1.26406,1.29882,0.8729,1.17028,0.91654,0.67967,1.32129,1.00499,0.7299,0.64225,0.85235,0.95268,1.25588,1.00411,1.06077,1.15394,1.17905,1.12344
22.52,0.64815,1.05646,0.86983,0.75654,1.36901,1,1.06035,1.14666,0.98178,1.13554,0.71963,0.98577,1.17205,0.80241,1.20147,1.23703,0.75811,0.623,1.15545,0.8725,1.1314,1.27907,0.28197,0.9977,1.2587,1.32538,1.31309,1.06652,0.7372,1.09352,0.98856,0.88234,0.87829,0.96951,1.2555,0.96273,1.14905,1.24076,0.14524,1,0.95122,0.90336,1.05567,0.87045,1.2255,1.03261,0.89642,1.2492,0.8071,0.85227,1.26964,1.31323,0.85957,1.19461,0.92162,0.72011,1.33715,1.00692,0.71095,0.49308,0.76738,0.96689,1.2723,0.91701,1.03239,1.15763,1.16664,1.11406
22.54,0.67787,1.05426,0.81318,0.66894,1.36783,1,0.95377,1.12989,0.89801,1.07163,0.71457,0.98322,1.20953,0.81695,1.18102,1.21954,0.74358,0.58986,1.15958,0.85372,1.12233,1.25689,0.20981,0.997,1.26435,1.3454,1.33618,1.02218,0.70291,1.16894,1.01626,0.88597,0.88081,0.96769,1.24443,0.96436,1.18886,1.27638,0.15774,1,1.10175,0.91872,1.19663,0.9416,1.22773,1.03798,0.85422,1.24074,0.83853,0.87415,1.27586,1.32108,0.85404,1.20991,0.929,0.77165,1.34797,1.00896,0.69655,0.37221,0.68523,0.99008,1.2854,0.81704,0.98719,1.15436,1.16441,1.11897
22.56,0.72518,1.02888,0.76308,0.59696,1.36656,1,0.87698,1.10897,0.82872,0.97636,0.74105,0.98107,1.2318,0.83083,1.1522,1.19916,0.72667,0.57767,1.15698,0.84437,1.11065,1.2189,0.15671,0.99627,1.26677,1.35699,1.34971,0.97167,0.66988,1.22699,1.06462,0.89987,0.86672,0.95906,1.2246,0.98209,1.21704,1.29828,0.17087,1,1.19649,0.93585,1.25296,1.05766,1.21565,1.04239,0.82228,1.23195,0.87618,0.8956,1.28258,1.32374,0.85754,1.21687,0.93794,0.83712,1.35511,1.01111,0.69016,0.28181,0.61365,1.04386,1.29633,0.70395,0.94365,1.1412,1.17647,1.14025
22.58,0.79418,0.98384,0.71977,0.53875,1.36504,1,0.8065,1.08403,0.77192,0.90806,0.80138,0.97974,1.24505,0.84267,1.11029,1.17643,0.70778,0.58581,1.14746,0.84483,1.09696,1.14238,0.12338,0.99549,1.26417,1.36349,1.35739,0.92056,0.63708,1.27016,1.11476,0.92729,0.83518,0.94311,1.18951,1.03485,1.23745,1.31266,0.18622,1,1.24689,0.95379,1.28266,1.16348,1.18373,1.04508,0.8,1.22385,0.92045,0.91557,1.28949,1.32198,0.86989,1.21653,0.94768,0.92024,1.35928,1.01336,0.69702,0.22213,0.56031,1.10577,1.30585,0.58453,0.88751,1.11172,1.20027,1.1727
22.6,0.88968,0.93742,0.68394,0.49281,1.363,1,0.74326,1.05653,0.72579,0.84276,0.89742,0.97932,1.25279,0.85085,1.04697,1.15304,0.68773,0.61203,1.13108,0.85386,1.08217,0.96827,0.1123,0.99469,1.25294,1.36624,1.36075,0.85958,0.60372,1.30139,1.16165,0.97248,0.78893,0.92028,1.12317,1.11078,1.25216,1.32241,0.20614,1,1.2775,0.97102,1.30055,1.22205,1.11521,1.04591,0.78558,1.21788,0.97108,0.93278,1.29622,1.31593,0.8896,1.20981,0.9574,1.04436,1.36062,1.01566,0.72483,0.19447,0.53294,1.16018,1.31441,0.46753,0.82074,1.04961,1.22884,1.20806
22.62,1.03255,0.87932,0.65646,0.45795,1.36002,1,0.68817,1.02987,0.68891,0.78213,1.05079,0.97972,1.25725,0.85374,0.97652,1.13231,0.66751,0.65298,1.10826,0.86921,1.06765,0.83821,0.12944,0.99386,1.22411,1.36533,1.35994,0.79115,0.56953,1.3236,1.20224,1.06605,0.73317,0.89194,0.98702,1.17452,1.26232,1.32903,0.23383,1,1.29743,0.98563,1.31213,1.2583,0.97915,1.04512,0.77677,1.2157,1.04689,0.94583,1.30245,1.30526,0.91426,1.19743,0.96623,1.16562,1.35854,1.01798,0.78463,0.20379,0.53978,1.20524,1.3222,0.36061,0.74697,0.96129,1.25604,1.24021
22.64,1.18107,0.81394,0.63807,0.43296,1.35547,1,0.64153,1.00927,0.66009,0.72676,1.18487,0.98073,1.25982,0.84996,0.93018,1.11871,0.64803,0.70486,1.07976,0.8885,1.05516,0.72839,0.18896,0.99301,1.14675,1.35895,1.35312,0.7189,0.53486,1.33924,1.23547,1.15393,0.67393,0.8602,0.88791,1.22312,1.26865,1.33342,0.27347,1,1.31097,0.99574,1.3199,1.28254,0.88561,1.04309,0.77149,1.21855,1.11618,0.95347,1.30799,1.28899,0.94121,1.17995,0.97332,1.22676,1.35085,1.02036,0.8926,0.26458,0.59139,1.241,1.32925,0.26876,0.67085,0.88479,1.27884,1.26652
22.66,1.24577,0.74664,0.62934,0.41654,1.3482,1,0.60307,1.00018,0.63838,0.67643,1.24184,0.98212,1.26138,0.83875,0.88874,1.11614,0.62995,0.76387,1.0468,0.90969,1.0466,0.63626,0.32903,0.99209,0.93371,1.33835,1.33155,0.6472,0.50077,1.35012,1.26151,1.21137,0.61698,0.82772,0.79965,1.25839,1.27153,1.33616,0.33058,1,1.32042,0.99992,1.32515,1.29976,0.80922,1.04025,0.76821,1.2266,1.16111,0.95485,1.31276,1.26536,0.96806,1.15774,0.97793,1.26299,1.32929,1.02291,1.10405,0.41908,0.70497,1.26848,1.33547,0.19429,0.59745,0.80683,1.29651,1.28666
22.68,1.28124,0.6831,0.63095,0.40744,1.336,1,0.5725,1.00596,0.62316,0.63074,1.27167,0.98366,1.26242,0.82012,0.85255,1.12576,0.61386,0.82587,1.01149,0.93111,1.04379,0.55979,0.68001,0.99103,0.76301,1.21336,1.22041,0.58066,0.46899,1.35749,1.2811,1.24837,0.56757,0.79776,0.72251,1.28321,1.27101,1.33764,0.41256,1,1.32704,0.99728,1.32856,1.31256,0.74966,1.03707,0.76601,1.23879,1.19178,0.9496,1.31675,1.23162,0.99274,1.13123,0.9794,1.28643,1.23684,1.02581,1.2369,0.81529,0.91044,1.28898,1.34073,0.13792,0.53164,0.73535,1.30934,1.30118
22.7,1.30308,0.62853,0.64395,0.40455,1.31377,1,0.54982,1.02606,0.61426,0.58948,1.28883,0.98509,1.26312,0.79485,0.82207,1.14532,0.60039,0.88596,0.98937,0.95132,1.04797,0.49776,1.29829,0.98976,0.62847,0.53248,0.61177,0.52342,0.44174,1.36212,1.2951,1.27141,0.53032,0.77392,0.65648,1.30009,1.26667,1.3381,0.52922,1,1.33153,0.98757,1.33045,1.32236,0.70533,1.03406,0.76451,1.25333,1.21315,0.93786,1.31991,1.18454,1.02481,1.1014,0.9772,1.30225,0.68967,1.02922,1.28876,1.30859,1.20686,1.30376,1.34488,0.09965,0.47754,0.67746,1.3178,1.31072
22.72,1.31744,0.58665,0.6698,0.40692,1.26621,1,0.53512,1.05633,0.61179,0.55261,1.29894,0.98623,1.26344,0.76427,0.79769,1.17042,0.59012,0.93869,0.97791,0.96916,1.0592,0.44921,1.35332,0.98827,0.532,0.27661,0.34921,0.47815,0.42123,1.36448,1.30438,1.28453,0.50878,0.7595,0.60122,1.311,1.2575,1.33772,0.69352,1,1.33426,0.97114,1.33097,1.32998,0.67447,1.03164,0.76381,1.26842,1.22796,0.92028,1.32222,1.12249,1.04871,1.07002,0.97108,1.31307,0.41449,1.03314,1.31368,1.35246,1.28526,1.31395,1.3478,0.07921,0.43779,0.63808,1.32228,1.31581
22.74,1.32729,0.55904,0.71015,0.41377,1.1165,1,0.52832,1.09117,0.61583,0.51999,1.30459,0.98709,1.2632,0.72993,0.77946,1.19663,0.58331,0.9791,0.97186,0.98384,1.07592,0.41294,1.36705,0.98673,0.46925,0.16758,0.23254,0.44563,0.40921,1.36479,1.30974,1.29017,0.50504,0.75667,0.55583,1.31741,1.24158,1.33662,0.92258,1,1.33548,0.9489,1.33012,1.336,0.65534,1.02979,0.76433,1.28279,1.23793,0.898,1.3237,1.0509,1.06029,1.03962,0.96128,1.3204,0.28624,1.03713,1.32652,1.36488,1.31182,1.3206,1.34944,0.07642,0.41324,0.61944,1.32303,1.31676
22.76,1.33427,0.54567,0.76644,0.42439,0.82616,1,0.52891,1.12567,0.62624,0.49146,1.3071,0.98795,1.2621,0.69348,0.76702,1.22083,0.57982,1.00792,0.97131,0.99507,1.09536,0.38763,1.37195,0.98551,0.43425,0.12487,0.18529,0.42511,0.40703,1.36301,1.31178,1.28951,0.52006,0.76622,0.51901,1.32032,1.21531,1.33487,1.19995,1,1.33538,0.92235,1.32788,1.34078,0.64635,1.02793,0.76668,1.29571,1.24427,0.87266,1.32445,0.99447,1.06131,1.01287,0.94877,1.32518,0.22887,1.04023,1.3328,1.36909,1.32151,1.32454,1.34973,0.09196,0.40355,0.62166,1.31997,1.3135
22.78,1.3393,0.54559,0.83876,0.43799,0.67549,1,0.53594,1.15653,0.64245,0.46704,1.3072,0.98938,1.25973,0.65679,0.75964,1.24124,0.5791,1.02405,0.97619,1.00589,1.11431,0.37216,1.37311,0.98526,0.42179,0.12252,0.18097,0.41519,0.41605,1.35872,1.31087,1.28283,0.55376,0.78743,0.48954,1.32034,1.1721,1.33256,1.27279,1,1.33411,0.89352,1.3242,1.34456,0.64598,1.02481,0.77168,1.30682,1.24785,0.84641,1.3246,0.98266,1.05206,0.996,0.9352,1.32797,0.21422,1.04088,1.33491,1.36931,1.32236,1.32637,1.34851,0.12793,0.4079,0.64351,1.31259,1.3055
22.8,1.34293,0.5574,0.9241,0.45361,0.59387,1,0.54792,1.18204,0.66332,0.44708,1.30531,0.99221,1.25545,0.62187,0.75646,1.25719,0.58031,1.01443,0.98634,1.01545,1.12989,0.3659,1.37178,0.98685,0.42785,0.15236,0.21024,0.41417,0.43813,1.35103,1.30713,1.26968,0.60453,0.81804,0.46655,1.31777,1.09955,1.32982,1.29796,1,1.33189,0.86491,1.31908,1.34745,0.6528,1.01845,0.78037,1.31597,1.24937,0.82179,1.32434,0.9898,1.03141,0.98928,0.92288,1.32908,0.23097,1.03681,1.33389,1.36642,1.31646,1.32656,1.3454,0.18763,0.42537,0.68224,1.29994,1.29171
22.82,1.34549,0.57959,1.02795,0.47005,0.56504,1,0.56297,1.20182,0.68723,0.43203,1.30167,0.99756,1.24833,0.59048,0.75644,1.26867,0.58235,0.99122,1.00315,1.0207,1.13988,0.3687,1.36803,0.99146,0.44954,0.21422,0.27129,0.4204,0.47595,1.33827,1.30043,1.24918,0.66878,0.85443,0.44944,1.3127,0.98774,1.3268,1.30539,1,1.32897,0.83886,1.31261,1.34953,0.66542,1.00595,0.79401,1.32324,1.24938,0.80117,1.32391,1.02289,0.99804,0.98549,0.91435,1.32859,0.2753,1.02463,1.33013,1.35989,1.30344,1.32542,1.33962,0.27494,0.45515,0.73351,1.28058,1.27051
22.84,1.34717,0.61086,1.12818,0.48602,0.58615,1,0.57907,1.21637,0.71236,0.42219,1.2964,1.01297,1.23681,0.56366,0.75835,1.27611,0.58414,0.96755,1.03908,1.02326,1.14256,0.38088,1.36092,1.00093,0.48535,0.31415,0.36734,0.43235,0.53329,1.31729,1.29032,1.22001,0.74134,0.89259,0.43768,1.30489,0.92662,1.32375,1.30002,1,1.32568,0.81702,1.305,1.35084,0.6826,0.99177,0.81417,1.32883,1.24847,0.78625,1.32352,1.07439,0.97379,0.9836,0.91197,1.32641,0.34864,0.99929,1.32343,1.34752,1.28075,1.32317,1.32955,0.39345,0.49675,0.79202,1.25246,1.23958
22.86,1.34814,0.65028,1.17298,0.50023,0.66647,1,0.59422,1.22652,0.73687,0.4176,1.28958,1.03795,1.21807,0.54173,0.76076,1.28004,0.58464,0.93947,1.07516,1.02437,1.13596,0.40305,1.34742,1.02845,0.53541,0.46619,0.50689,0.44873,0.61511,1.28175,1.27595,1.18058,0.81632,0.92905,0.43074,1.29377,0.88531,1.32092,1.27593,1,1.32241,0.80019,1.29664,1.35145,0.70318,0.97461,0.84269,1.33305,1.24732,0.77777,1.32341,1.12135,0.94521,0.98278,0.91776,1.3223,0.45873,0.97702,1.31292,1.32269,1.24191,1.31999,1.3116,0.54482,0.54996,0.85245,1.21272,1.19571
22.88,1.3485,0.69691,1.19387,0.51133,0.83464,1,0.60652,1.23304,0.7588,0.41808,1.28127,1.06895,1.18637,0.52464,0.76195,1.28093,0.58299,0.9093,1.10947,1.02499,1.11647,0.43603,1.31671,1.06296,0.60146,0.6971,0.70507,0.46822,0.72649,1.21768,1.25603,1.12953,0.88789,0.96127,0.42812,1.27835,0.86123,1.31863,1.19422,1,1.31963,0.78859,1.2882,1.35138,0.72597,0.95048,0.88171,1.33613,1.24674,0.77581,1.32377,1.16025,0.91303,0.98232,0.93356,1.3158,0.62363,0.94529,1.2965,1.25904,1.17019,1.31604,1.2766,0.72509,0.61411,0.90997,1.15796,1.1351
22.9,1.34833,0.74928,1.20162,0.51788,1.16941,1,0.61412,1.23654,0.77605,0.42335,1.27176,1.10361,1.12784,0.51218,0.76003,1.27907,0.5785,0.87886,1.14077,1.02586,1.07606,0.48061,1.19255,1.10132,0.68679,1.08495,0.98581,0.48923,0.86971,1.09069,1.22907,1.06702,0.95099,0.98771,0.42938,1.25721,0.8513,1.31724,0.86764,1,1.31784,0.78211,1.28082,1.35069,0.74945,0.91893,0.93359,1.33827,1.24767,0.77992,1.32473,1.19114,0.87816,0.98168,0.9612,1.30622,0.88321,0.90387,1.26941,0.95128,1.01091,1.31157,1.19389,0.92005,0.68686,0.96062,1.08536,1.05475
22.92,1.34767,0.80521,1.20078,0.51857,1.291,1,0.6156,1.2374,0.78675,0.43307,1.26155,1.13885,0.99902,0.50401,0.75333,1.27464,0.5709,0.84954,1.16841,1.02742,0.99696,0.53749,0.69861,1.13993,0.7964,1.27326,1.23967,0.51003,1.06445,0.93683,1.194,0.9983,1.00425,1.01495,0.43416,1.22838,0.8524,1.3171,0.61875,1,1.31749,0.78047,1.27587,1.34939,0.77199,0.88048,1.00145,1.33964,1.25083,0.78929,1.32632,1.21523,0.84175,0.98051,1.00512,1.2924,1.22925,0.85372,1.21909,0.68972,0.89249,1.3069,0.95176,1.12988,0.76344,1.00341,0.99772,0.98043
22.94,1.34653,0.86209,1.19352,0.51247,1.33002,1,0.61048,1.23593,0.78992,0.44685,1.25134,1.17177,0.90044,0.4994,0.74109,1.26779,0.56063,0.82229,1.19214,1.02983,0.93601,0.60746,0.44428,1.17576,0.93723,1.31425,1.29426,0.52904,1.19408,0.87148,1.15118,0.96966,1.06485,1.03869,0.4422,1.18917,0.86166,1.31839,0.44757,1,1.3187,0.78324,1.27433,1.34749,0.7922,0.83689,1.11433,1.34039,1.25638,0.80285,1.3284,1.2339,0.8051,0.97868,1.08896,1.27241,1.30666,0.79708,1.09969,0.54648,0.81286,1.3024,0.79261,1.20309,0.83713,1.05411,0.95997,0.9474
22.96,1.34493,0.91722,1.18099,0.49939,1.34834,1,0.59957,1.23235,0.78607,0.46417,1.24179,1.20028,0.81064,0.49715,0.72384,1.2587,0.54893,0.79775,1.21195,1.03289,0.87051,0.69117,0.29649,1.20691,1.14025,1.33092,1.31646,0.54519,1.23915,0.84394,1.10396,0.95241,1.09398,1.05155,0.45325,1.13595,0.87651,1.32109,0.32954,1,1.32122,0.78986,1.27619,1.34498,0.80931,0.79117,1.18034,1.34075,1.26372,0.81923,1.33069,1.24834,0.76974,0.97635,1.1516,1.24267,1.3348,0.73725,0.89937,0.46325,0.75757,1.29841,0.69981,1.22469,0.90074,1.07967,0.93757,0.9284
22.98,1.34286,0.96771,1.16426,0.47992,1.35842,1,0.58495,1.22692,0.77718,0.48416,1.2333,1.22324,0.73447,0.49546,0.70348,1.248,0.5379,0.77649,1.22782,1.03602,0.8057,0.78794,0.20421,1.23252,1.23068,1.33888,1.32743,0.55802,1.25811,0.84308,1.06,0.94391,1.10713,1.05727,0.467,1.06471,0.89434,1.32493,0.24814,1,1.32443,0.7995,1.28031,1.34194,0.82325,0.74726,1.22089,1.34103,1.27174,0.83648,1.33277,1.25937,0.73757,0.97391,1.19673,1.19672,1.34875,0.67831,0.77227,0.41574,0.72095,1.29511,0.6503,1.2253,0.9482,1.09114,0.9263,0.9197
23,1.34036,1.01953,1.14514,0.4554,1.36431,1,0.56959,1.22008,0.76641,0.50542,1.22592,1.24023,0.67615,0.49208,0.68294,1.23723,0.53029,0.75922,1.2397,1.03845,0.74667,0.89357,0.14664,1.25252,1.26997,1.34242,1.33282,0.56766,1.26499,0.86238,1.02981,0.94196,1.1109,1.05813,0.48297,0.98813,0.91237,1.32949,0.19341,1,1.32764,0.81103,1.28504,1.33849,0.8345,0.70959,1.24563,1.34156,1.2792,0.852,1.33417,1.26747,0.71085,0.97201,1.22839,1.12296,1.35639,0.62441,0.68145,0.3927,0.69973,1.29255,0.63035,1.21068,0.97585,1.09368,0.92292,0.91837
23.02,1.33747,1.06756,1.12667,0.42759,1.36767,1,0.55655,1.21242,0.75715,0.52617,1.21935,1.25141,0.63858,0.48478,0.66541,1.22896,0.52907,0.74661,1.2476,1.03951,0.69723,0.99899,0.11413,1.26742,1.28936,1.343,1.33461,0.57464,1.26472,0.8974,1.02128,0.94469,1.10873,1.05577,0.50056,0.95421,0.92781,1.33433,0.15944,1,1.33023,0.8232,1.28887,1.33491,0.84391,0.68189,1.25937,1.34271,1.28511,0.86282,1.33439,1.27296,0.69162,0.97118,1.25001,1.00154,1.3604,0.57867,0.62218,0.38874,0.69216,1.29065,0.63116,1.17851,0.98306,1.09011,0.92487,0.922
23.04,1.33422,1.08946,1.11256,0.3983,1.36925,1,0.54824,1.20459,0.75219,0.54491,1.21309,1.25725,0.62294,0.47205,0.65368,1.22601,0.53696,0.739,1.25171,1.03923,0.65919,1.12041,0.10172,1.27808,1.29825,1.3411,1.33345,0.57975,1.25926,0.94442,1.03444,0.95058,1.10283,1.05138,0.51927,0.93601,0.93849,1.33908,0.14264,1,1.33183,0.83488,1.29085,1.33146,0.85239,0.66637,1.26466,1.34465,1.28886,0.86648,1.33295,1.27612,0.6811,0.9714,1.26433,0.93701,1.36187,0.54247,0.59057,0.40146,0.69712,1.28924,0.64704,1.11841,0.97183,1.0822,0.93007,0.92867
23.06,1.33062,1.0944,1.10564,0.36931,1.3694,1,0.54611,1.19714,0.75327,0.5609,1.20659,1.25826,0.6291,0.45364,0.64992,1.22985,0.5563,0.73625,1.25236,1.0387,0.63271,1.168,0.10705,1.28541,1.30023,1.33661,1.32937,0.58383,1.2492,0.99929,1.06229,0.95835,1.09487,1.04596,0.53877,0.93162,0.94341,1.34346,0.14108,1,1.33223,0.84537,1.29043,1.32835,0.86073,0.6636,1.26261,1.34733,1.29003,0.8617,1.32926,1.27723,0.67942,0.97181,1.2733,0.8974,1.36124,0.5157,0.58308,0.42989,0.71358,1.2881,0.67449,1.00204,0.94596,1.07123,0.93683,0.93676
23.08,1.32668,1.08597,1.10632,0.34236,1.36816,1,0.55087,1.19039,0.76113,0.57445,1.19944,1.25484,0.65596,0.43071,0.65601,1.23958,0.58917,0.73774,1.24994,1.0402,0.61715,1.18878,0.12948,1.29015,1.29666,1.32907,1.32199,0.5877,1.23422,1.0849,1.09594,0.96696,1.08635,1.04039,0.55887,0.93905,0.94293,1.34728,0.15423,1,1.33133,0.85437,1.28724,1.32558,0.86939,0.67286,1.2532,1.35048,1.28813,0.84875,1.32242,1.27663,0.68568,0.97062,1.27825,0.8756,1.35853,0.49744,0.59644,0.47348,0.74008,1.287,0.7115,0.92618,0.91014,1.05833,0.94376,0.94494
23.1,1.32238,1.06528,1.11238,0.31924,1.36537,1,0.56269,1.18449,0.77573,0.58675,1.19146,1.24731,0.70123,0.40544,0.67393,1.25266,0.63758,0.74251,1.24499,1.04692,0.61162,1.19757,0.16933,1.29288,1.28792,1.31766,1.31057,0.59208,1.21315,1.13215,1.12878,0.97552,1.07874,1.03542,0.57933,0.956,0.93861,1.35037,0.18296,1,1.32903,0.86188,1.28097,1.32295,0.87851,0.69235,1.23555,1.35373,1.28228,0.82922,1.31079,1.27468,0.6981,0.9652,1.27995,0.86532,1.35347,0.48655,0.62703,0.53097,0.77434,1.28575,0.75693,0.87077,0.86922,1.04467,0.9497,0.9521
23.12,1.31775,1.03236,1.12043,0.30147,1.36045,1,0.58142,1.17936,0.79639,0.59959,1.18263,1.23596,0.76105,0.3802,0.70603,1.26646,0.70375,0.74944,1.23821,1.06182,0.61533,1.20146,0.2272,1.29403,1.27385,1.30125,1.29411,0.59764,1.18362,1.15541,1.15752,0.98325,1.07332,1.03172,0.59991,0.97978,0.93264,1.35265,0.22992,1,1.32519,0.86816,1.27112,1.32009,0.88795,0.71952,1.20796,1.35676,1.27077,0.80535,1.29089,1.27176,0.71434,0.95261,1.27881,0.86053,1.34549,0.48192,0.67053,0.59965,0.81318,1.28413,0.81033,0.83808,0.82731,1.03151,0.95379,0.95736
23.14,1.31277,0.99383,1.1276,0.28993,1.35211,1,0.60678,1.17486,0.82217,0.61483,1.17302,1.22104,0.83054,0.35682,0.75507,1.27938,0.79063,0.75774,1.23029,1.08585,0.6277,1.20483,0.30371,1.29388,1.25403,1.27833,1.2713,0.605,1.14108,1.16095,1.18133,0.9896,1.07096,1.02971,0.62045,1.01396,0.92708,1.35408,0.30071,1,1.31956,0.87347,1.25696,1.31651,0.89755,0.75179,1.16773,1.3594,1.25002,0.77923,1.25393,1.26813,0.73223,0.93037,1.27492,0.85626,1.3336,0.48253,0.72226,0.67541,0.85325,1.28195,0.87168,0.82967,0.7872,1.02006,0.95554,0.9602
23.16,1.30743,0.97153,1.13213,0.28495,1.33706,1,0.63838,1.17091,0.85182,0.63405,1.16261,1.20262,0.90451,0.33639,0.82404,1.29076,0.902,0.76715,1.22177,1.11713,0.64838,1.21007,0.39918,1.29264,1.2278,1.24694,1.2405,0.61475,1.07654,1.15008,1.20055,0.99426,1.07185,1.02948,0.64091,1.05803,0.92343,1.35469,0.40605,1,1.3118,0.87801,1.23736,1.31171,0.90721,0.787,1.11069,1.36158,1.21187,0.75241,1.17016,1.26384,0.7503,0.89726,1.26808,0.8494,1.31615,0.48756,0.77778,0.75339,0.89164,1.27899,0.94106,0.84595,0.75041,1.01129,0.95488,0.96052
23.18,1.30169,0.95406,1.13309,0.28645,1.30526,1,0.67525,1.1675,0.88352,0.65825,1.15137,1.18067,0.97778,0.31951,0.91524,1.30046,1.0665,0.77805,1.2129,1.15176,0.67696,1.21767,0.51229,1.29046,1.19453,1.20479,1.19992,0.6274,0.98656,1.11992,1.21586,0.99709,1.07542,1.0308,0.66126,1.0869,0.92265,1.3545,0.56555,1,1.30144,0.88182,1.21108,1.30514,0.91689,0.82353,1.03102,1.36331,1.13385,0.72603,0.94641,1.2586,0.76792,0.85368,1.25786,0.83889,1.29045,0.4962,0.83304,0.82854,0.92617,1.27502,1.03251,0.88639,0.7178,1.00578,0.95222,0.95866
23.2,1.29557,0.94451,1.12997,0.29417,1.20696,1,0.71544,1.16488,0.91445,0.68773,1.13928,1.15511,1.07193,0.30666,1.04878,1.30853,1.18917,0.79132,1.2036,1.18567,0.71274,1.22665,0.63781,1.28752,1.15414,1.15,1.1483,0.64333,0.93214,1.06189,1.22783,0.99816,1.08052,1.03318,0.68129,1.10099,0.92518,1.35356,0.81529,1,1.28818,0.8847,1.17781,1.29622,0.9265,0.86002,0.96816,1.36457,0.96984,0.70109,0.78862,1.25181,0.78525,0.80174,1.24363,0.82556,1.25264,0.50765,0.88456,0.89623,0.95545,1.26979,1.12711,0.94894,0.68989,1.00369,0.94833,0.9553
23.22,1.28913,0.94597,1.12244,0.30785,0.8313,1,0.75595,1.1636,0.94091,0.72208,1.12644,1.12591,1.12939,0.29815,1.16596,1.31511,1.241,0.80818,1.19333,1.21582,0.75479,1.23555,0.76466,1.28395,1.10769,1.0826,1.08627,0.66283,0.8865,0.98038,1.23695,0.99762,1.08586,1.03598,0.70075,1.0989,0.93111,1.35184,1.19651,1,1.27213,0.88608,1.14048,1.28431,0.93594,0.89546,0.93246,1.36539,0.85907,0.67828,0.67808,1.24245,0.80312,0.74519,1.22445,0.81126,1.19852,0.52114,0.92965,0.95292,0.97883,1.26303,1.17878,1.05048,0.66704,1.00475,0.94415,0.95131
23.24,1.28235,0.96145,1.11027,0.32756,0.608,1,0.79346,1.16476,0.9589,0.76037,1.11293,1.09305,1.16004,0.29407,1.21927,1.32045,1.26743,0.82978,1.1811,1.24057,0.80235,1.24331,0.87721,1.27988,1.05799,1.00673,1.01788,0.68622,0.84945,0.92698,1.24367,0.99574,1.09044,1.03868,0.71957,1.07521,0.94014,1.34928,1.29407,1,1.25408,0.88482,1.10829,1.26863,0.94508,0.92912,0.90764,1.36578,0.77573,0.65792,0.60325,1.22908,0.82284,0.68898,1.19874,0.79778,1.1272,0.53607,0.96667,0.9968,0.99635,1.25434,1.21003,1.14362,0.64923,1.00843,0.94047,0.94742
23.26,1.27509,0.99391,1.09346,0.35379,0.47946,1,0.82501,1.16986,0.96494,0.80109,1.09895,1.05648,1.17706,0.29422,1.24745,1.3248,1.28179,0.85695,1.16536,1.2593,0.85514,1.24952,0.961,1.27533,1.00951,0.9715,0.97856,0.71384,0.81987,0.88129,1.24842,0.99287,1.09377,1.04095,0.73812,1.01378,0.95161,1.34569,1.32409,1,1.23572,0.87919,1.09587,1.24828,0.95381,0.9606,0.89145,1.36576,0.71624,0.63989,0.55521,1.20958,0.84607,0.63878,1.16353,0.78627,1.04866,0.55214,0.99511,1.04806,1.01635,1.24317,1.23028,1.19433,0.6361,1.01396,0.93775,0.94412
23.28,1.26697,1.07341,1.07278,0.38747,0.40508,1,0.84851,1.18039,0.95657,0.84166,1.08484,1.01632,1.18641,0.29807,1.26303,1.32841,1.28938,0.88978,1.14367,1.27178,0.91325,1.25415,1.01924,1.27029,0.98508,0.95265,0.95978,0.74585,0.79605,0.8449,1.25159,0.98942,1.09575,1.04265,0.75714,0.94953,0.96435,1.34075,1.33722,1,1.21962,0.86691,1.11284,1.22283,0.96192,0.98958,0.88167,1.3654,0.6767,0.62385,0.52725,1.18085,0.87461,0.60079,1.11323,0.77721,0.99307,0.56925,1.02827,1.07485,1.03,1.22878,1.24427,1.224,0.62711,1.0204,0.9361,0.94165
23.3,1.25734,1.14399,1.05055,0.42984,0.36778,1,0.86276,1.19697,0.93284,0.87796,1.07137,0.98765,1.19139,0.30486,1.27113,1.33145,1.2927,0.92735,1.11202,1.27756,0.9768,1.25733,1.05197,1.26469,0.97279,0.94271,0.94931,0.78195,0.77615,0.81829,1.25347,0.98591,1.09661,1.04378,0.7776,0.88053,0.97659,1.33395,1.34295,1,1.2086,0.8456,1.15296,1.19385,0.96911,1.02857,0.87617,1.36475,0.65382,0.60945,0.51441,1.13817,0.9104,0.58175,1.03651,0.77074,0.97972,0.58745,1.04912,1.08767,1.03737,1.21036,1.25468,1.24161,0.62164,1.02679,0.93538,0.93999
23.32,1.24522,1.19709,1.03097,0.48251,0.36095,1,0.86738,1.21858,0.89449,0.90482,1.05969,0.97076,1.19427,0.31371,1.2741,1.33403,1.29306,0.96793,1.06259,1.27545,1.07262,1.25912,1.05858,1.25844,0.96595,0.93852,0.94425,0.82145,0.75843,0.80146,1.25434,0.98284,1.09672,1.04443,0.80062,0.80628,0.98632,1.32443,1.34395,1,1.2048,0.81347,1.2003,1.16709,0.97494,1.06233,0.87289,1.36388,0.64499,0.59659,0.51297,1.07365,0.95571,0.5888,0.96328,0.767,0.97675,0.60686,1.05989,1.09283,1.04086,1.18692,1.26311,1.25138,0.6191,1.03222,0.93529,0.93903
23.34,1.22903,1.23595,1.01886,0.54777,0.38386,1,0.86262,1.24267,0.84403,0.91776,1.05119,0.95758,1.19685,0.32406,1.27316,1.33615,1.29116,1.01841,0.98914,1.26233,1.14258,1.25932,1.0614,1.25138,0.96296,0.93773,0.94239,0.86364,0.74147,0.79402,1.25439,0.98062,1.09646,1.0447,0.82743,0.7319,0.9919,1.31059,1.34054,1,1.20872,0.77022,1.24291,1.15209,0.97897,1.08516,0.86989,1.36285,0.64782,0.58556,0.5204,0.98688,1.02531,0.62991,0.91194,0.76658,0.97545,0.62771,1.06444,1.09379,1.04214,1.15704,1.27052,1.25541,0.61897,1.03606,0.93551,0.93863
23.36,1.20616,1.2643,1.01724,0.62874,0.44037,1,0.84915,1.2663,0.78536,0.91473,1.04716,0.94767,1.20057,0.33591,1.26913,1.33769,1.28727,1.07946,0.93598,1.22939,1.18697,1.25728,1.07208,1.24328,0.96258,0.93862,0.94216,0.90801,0.72445,0.79524,1.25377,0.97949,1.09606,1.04467,0.85924,0.66108,0.99262,1.28925,1.3313,1,1.21915,0.71746,1.27652,1.15575,0.98082,1.10065,0.86545,1.36163,0.65963,0.57724,0.53522,0.93521,1.11734,0.71563,0.86566,0.77084,0.97036,0.6503,1.065,1.09271,1.04229,1.1184,1.2774,1.25477,0.62078,1.03799,0.93584,0.93867
23.38,1.17203,1.28501,1.02556,0.7288,0.53896,1,0.82796,1.28733,0.72329,0.89686,1.0486,0.9405,1.20652,0.34991,1.26302,1.33842,1.28135,1.12095,0.87966,1.14642,1.21745,1.25168,1.09278,1.23393,0.96397,0.94012,0.94257,0.95408,0.70717,0.80404,1.25261,0.97952,1.09561,1.04437,0.89697,0.59663,0.98885,1.25338,1.31158,1,1.23383,0.65853,1.3014,1.17559,0.98016,1.11109,0.85808,1.36015,0.67674,0.57319,0.5568,0.89069,1.17981,0.86097,0.82401,0.7821,0.95961,0.67478,1.06291,1.09088,1.04202,1.06733,1.28387,1.24995,0.62415,1.03795,0.93622,0.93911
23.4,1.11781,1.30006,1.04005,0.85033,0.6928,1,0.80042,1.30478,0.6627,0.86798,1.05593,0.9355,1.21518,0.36733,1.25645,1.33799,1.27305,1.15092,0.82183,0.94299,1.23931,1.23997,1.11814,1.22318,0.96661,0.94169,0.94315,1.00207,0.6901,0.81896,1.25103,0.98064,1.09507,1.0438,0.94096,0.54076,0.98192,1.18446,1.26648,1,1.2503,0.59771,1.31924,1.20253,0.97675,1.11799,0.84669,1.35823,0.69407,0.5756,0.58515,0.85201,1.22375,1.11435,0.78701,0.8037,0.9446,0.701,1.05888,1.08894,1.04161,0.99912,1.28981,1.24121,0.62872,1.03604,0.93667,0.93995
23.42,1.02306,1.31084,1.05591,0.99332,0.91899,1,0.76826,1.31863,0.6075,0.83297,1.06883,0.93222,1.22626,0.38994,1.25176,1.33588,1.26166,1.17358,0.76456,0.80253,1.25528,1.21705,1.14155,1.21099,0.97021,0.94317,0.94382,1.07493,0.67415,0.83828,1.2491,0.98267,1.09426,1.04292,0.99101,0.49477,0.97377,1.01319,1.12052,1,1.26659,0.53893,1.33185,1.22881,0.97041,1.12239,0.83081,1.35561,0.70584,0.58699,0.62096,0.81812,1.25534,1.24362,0.75493,0.83977,0.92852,0.72853,1.05325,1.08709,1.04116,0.96189,1.29499,1.22866,0.6342,1.03251,0.93734,0.94125
23.44,0.94165,1.31845,1.0691,1.16387,1.20012,1,0.73362,1.32936,0.55997,0.796,1.08614,0.93031,1.23878,0.4198,1.25103,1.33142,1.24579,1.19115,0.70995,0.70432,1.26707,1.17073,1.15944,1.19732,0.97459,0.94456,0.94461,1.12131,0.66045,0.86049,1.24688,0.98546,1.09292,1.04164,1.07366,0.45875,0.96648,0.87256,0.82591,1,1.28136,0.48495,1.34074,1.25107,0.9612,1.12489,0.81088,1.35191,0.70764,0.60959,0.66565,0.78846,1.27836,1.28743,0.72784,0.89472,0.91446,0.75691,1.04619,1.08534,1.04062,0.92981,1.29919,1.21219,0.64041,1.0276,0.93844,0.94311
23.46,0.87774,1.32369,1.07671,1.22766,1.27446,1,0.69908,1.33757,0.52105,0.75992,1.10611,0.92961,1.25134,0.45898,1.25477,1.32364,1.22283,1.20469,0.66012,0.64136,1.27578,1.06176,1.17108,1.18209,0.97955,0.94582,0.9455,1.15293,0.65021,0.88452,1.24439,0.98881,1.09076,1.03987,1.13296,0.43193,0.96204,0.7767,0.67074,1,1.29386,0.43742,1.34697,1.26883,0.94942,1.12579,0.78837,1.34657,0.69834,0.64481,0.72144,0.7632,1.29518,1.30692,0.70557,0.97255,0.90433,0.78582,1.0379,1.08374,1.04,0.90235,1.30218,1.19132,0.64728,1.02153,0.94022,0.94569
23.48,0.82111,1.32717,1.07609,1.2591,1.3015,1,0.66764,1.34371,0.49125,0.7265,1.12675,0.93018,1.26254,0.50919,1.26155,1.31108,1.18769,1.21453,0.61741,0.60623,1.28215,0.91315,1.1769,1.16522,0.98484,0.94683,0.9464,1.17553,0.64487,0.90972,1.24161,0.99255,1.08738,1.03747,1.17328,0.41317,0.96241,0.70832,0.58046,1,1.30371,0.39754,1.35123,1.28264,0.93572,1.12505,0.76575,1.33878,0.6807,0.69253,0.79123,0.74338,1.30724,1.31589,0.68789,1.10513,0.89894,0.81493,1.0287,1.08245,1.03938,0.87898,1.30369,1.16501,0.65479,1.01455,0.94294,0.94916
23.5,0.77244,1.32927,1.06361,1.27666,1.31306,1,0.64268,1.34809,0.47115,0.69699,1.14622,0.93223,1.27123,0.5712,1.2689,1.29169,1.12933,1.22042,0.58443,0.59283,1.28661,0.80613,1.17767,1.14684,0.9901,0.94739,0.94714,1.19212,0.64617,0.9357,1.23852,0.99649,1.08236,1.03431,1.20149,0.40141,0.96957,0.66051,0.53239,1,1.31066,0.36649,1.35388,1.29318,0.92107,1.12237,0.74624,1.32731,0.6603,0.75005,0.87842,0.73086,1.31538,1.31902,0.67471,1.18616,0.8982,0.84365,1.01915,1.08174,1.03887,0.8593,1.30333,1.13152,0.66295,1.00697,0.9469,0.95368
23.52,0.73241,1.33025,1.03284,1.28678,1.31682,1,0.62753,1.35089,0.4616,0.67227,1.16326,0.93606,1.27669,0.64464,1.27462,1.26298,1.01774,1.22178,0.56362,0.59645,1.28943,0.72264,1.17416,1.12733,0.99494,0.94727,0.94751,1.20439,0.65593,0.96227,1.23509,1.00081,1.07528,1.03028,1.2213,0.3958,0.98543,0.62885,0.5152,1,1.31457,0.34535,1.35509,1.30103,0.90663,1.11724,0.73299,1.31014,0.6434,0.81172,0.98713,0.72788,1.32007,1.31819,0.66603,1.22935,0.9015,0.87118,1.00998,1.08188,1.03862,0.84308,1.30052,1.08789,0.67181,0.99959,0.95233,0.95939
23.54,0.70136,1.33026,0.98628,1.29225,1.31495,1,0.62516,1.35221,0.46361,0.65299,1.17721,0.94185,1.27854,0.72874,1.2774,1.22292,0.92404,1.21778,0.55681,0.61367,1.29076,0.66368,1.16713,1.10724,0.99907,0.94632,0.94732,1.21343,0.67564,0.98929,1.23126,1.00806,1.06575,1.02531,1.23496,0.39575,1.02159,0.61026,0.52385,1,1.31516,0.33501,1.35483,1.30662,0.89345,1.10917,0.72832,1.28324,0.63485,0.8702,1.14421,0.73654,1.32154,1.31408,0.66185,1.25327,0.90787,0.89679,1.00186,1.08311,1.03875,0.83009,1.29453,1.02903,0.68147,0.99587,0.95933,0.96633
23.56,0.67929,1.32936,0.94547,1.29448,1.30722,1,0.6384,1.35205,0.4785,0.63965,1.18787,0.94955,1.27653,0.82327,1.27654,1.17244,0.84726,1.2071,0.56532,0.64207,1.2907,0.62739,1.15746,1.08717,1.0046,0.94448,0.94651,1.21999,0.70593,1.03037,1.22693,1.01442,1.05361,1.01946,1.24388,0.40092,1.07588,0.60236,0.55753,1,1.31179,0.33632,1.35293,1.31024,0.88243,1.09782,0.73339,1.23683,0.63754,0.91871,1.21879,0.75848,1.3197,1.30672,0.66203,1.26598,0.9161,0.92001,0.99766,1.08545,1.03931,0.82005,1.28432,0.97658,0.69206,0.9925,0.96779,0.97435
23.58,0.66628,1.32752,0.89964,1.29426,1.29102,1,0.67058,1.35022,0.50811,0.63287,1.1951,0.95875,1.27038,0.92897,1.27148,1.11937,0.77922,1.18752,0.59031,0.67951,1.28934,0.61124,1.1466,1.06772,1.00921,0.94185,0.94511,1.22457,0.74604,1.07003,1.22202,1.01983,1.0391,1.01297,1.24886,0.4112,1.12353,0.60313,0.61865,1,1.30284,0.35053,1.34887,1.31202,0.87442,1.08323,0.74824,1.13932,0.65279,0.95312,1.25975,0.79485,1.314,1.29571,0.66631,1.27121,0.92472,0.94054,0.99527,1.08874,1.04027,0.81271,1.26858,0.94116,0.70372,0.98957,0.97729,0.98308
23.6,0.66271,1.32468,0.85379,1.2921,1.2586,1,0.72646,1.34625,0.55507,0.63354,1.1987,0.96869,1.2596,1.07469,1.2615,1.07783,0.72049,1.15505,0.63314,0.72342,1.28674,0.61305,1.13688,1.04968,1.01232,0.93868,0.94327,1.22747,0.79297,1.09972,1.21644,1.02422,1.02314,1.00631,1.2502,0.42666,1.16135,0.61079,0.71298,1,1.28411,0.3798,1.34157,1.31184,0.87027,1.0661,0.77193,0.93763,0.68083,0.97296,1.28491,0.84616,1.30301,1.28043,0.67434,1.27064,0.93192,0.95806,0.99363,1.09263,1.04154,0.80792,1.24595,0.91017,0.71648,0.98713,0.98703,0.99185
23.62,0.66939,1.32067,0.81239,1.28828,1.18229,1,0.81333,1.3391,0.62338,0.64284,1.19827,0.97842,1.24351,1.17785,1.24536,1.05766,0.67151,1.10183,0.6958,0.77064,1.28289,0.63127,1.13115,1.03396,1.01434,0.9353,0.9412,1.22881,0.84146,1.12152,1.21016,1.02755,1.0073,1.00013,1.24769,0.4476,1.18935,0.62387,0.85123,1,1.24291,0.42785,1.32851,1.30939,0.87077,1.0477,0.80272,0.8052,0.72114,0.98104,1.30126,0.91235,1.28348,1.26023,0.68574,1.26468,0.93595,0.97225,0.99255,1.09671,1.04295,0.80565,1.21585,0.88441,0.73031,0.98525,0.99605,0.99984
23.64,0.68761,1.31516,0.77829,1.28289,0.95019,1,0.94278,1.32634,0.71921,0.66208,1.19337,0.98731,1.22094,1.22942,1.22076,1.05597,0.63218,1.00976,0.78158,0.8179,1.27773,0.66491,1.13138,1.02146,1.01566,0.93205,0.93917,1.22861,0.88528,1.13691,1.2031,1.0298,0.99677,0.99755,1.24058,0.47473,1.20906,0.64144,1.08222,1,1.11948,0.501,1.30277,1.30404,0.87638,1.02932,0.83863,0.7023,0.7729,0.98167,1.31219,0.99317,1.24689,1.23453,0.70028,1.25281,0.9358,0.98291,0.99184,1.10054,1.04433,0.80599,1.17994,0.86441,0.74521,0.98397,1.00678,1.01217
23.66,0.71909,1.30758,0.75255,1.27568,0.76542,1,1.1507,1.3016,0.85172,0.6926,1.18351,0.99526,1.19001,1.26062,1.18349,1.06242,0.60188,0.94239,0.8957,0.86256,1.27105,0.71316,1.1373,1.01284,1.0166,0.92926,0.93745,1.22674,0.91901,1.14708,1.19513,1.031,0.99193,0.99581,1.22733,0.50925,1.2223,0.66342,1.23493,1,0.84746,0.60978,1.23743,1.29464,0.88704,1.01142,0.87771,0.61932,0.83496,0.97921,1.31957,1.11702,1.1645,1.20295,0.7179,1.23351,0.93162,0.98995,0.99133,1.10376,1.0455,0.80913,1.14387,0.85027,0.76122,0.98328,1.0166,1.02038
23.68,0.76598,1.29702,0.73512,1.26597,0.62365,1,1.2442,1.2422,1.05514,0.73547,1.16829,1.0055,1.1482,1.28154,1.12616,1.06708,0.57992,0.8864,1.0712,0.90287,1.26253,0.7742,1.14636,1.00845,1.01736,0.92725,0.93635,1.22297,0.93946,1.15288,1.18616,1.03122,0.98925,0.99488,1.20488,0.55276,1.23057,0.69059,1.28956,1,0.66543,0.77115,0.94626,1.27915,0.90203,0.99657,0.91783,0.55086,0.90492,0.97738,1.32443,1.18412,0.94859,1.16527,0.73865,1.20423,0.9249,0.99344,0.99092,1.10606,1.04624,0.81531,1.11694,0.84184,0.77835,0.98315,1.02185,1.02466
23.7,0.83091,1.2819,0.72545,1.25238,0.51488,1,1.28592,0.98733,1.2127,0.79125,1.14776,1.02058,1.09303,1.29636,1.03707,1.06225,0.56586,0.83884,1.19986,0.93809,1.25172,0.84372,1.15496,1.00838,1.01806,0.92633,0.9362,1.21688,0.94619,1.15489,1.17613,1.03053,0.98856,0.99469,1.16694,0.60713,1.23495,0.72457,1.31689,1,0.53492,1.02177,0.69369,1.25361,0.91984,0.98674,0.95638,0.49422,0.97768,0.97927,1.32735,1.22293,0.79191,1.12151,0.76252,1.16182,0.91814,0.99349,0.99054,1.1071,1.04634,0.82488,1.10702,0.83887,0.79642,0.98355,1.02317,1.02554
23.72,0.9172,1.25936,0.72293,1.2322,0.43189,1,1.30756,0.73929,1.26745,0.85981,1.12279,1.03743,1.02447,1.30713,0.96213,1.03958,0.55958,0.80096,1.25371,0.96833,1.238,0.91445,1.16003,1.01238,1.0187,0.92677,0.93727,1.20785,0.94104,1.1534,1.16509,1.02903,0.98956,0.99511,1.09848,0.67468,1.23607,0.76794,1.33277,1,0.44588,1.23729,0.53816,1.20921,0.93848,0.97499,0.99037,0.44784,1.0712,0.98757,1.32861,1.24656,0.67585,1.0716,0.78943,1.10388,0.91396,0.99031,0.99019,1.1066,1.04562,0.83822,1.11466,0.84108,0.81515,0.98441,1.02125,1.0236
23.74,1.05012,1.22328,0.72726,1.19952,0.3692,1,1.31925,0.5824,1.29322,0.94044,1.09506,1.05695,0.97779,1.31509,0.92451,0.99158,0.56119,0.77316,1.28184,0.99414,1.22046,0.97816,1.15998,1.01975,1.0192,0.9287,0.93971,1.19491,0.92693,1.14859,1.15304,1.02678,0.99189,0.99604,0.97914,0.75858,1.23414,0.82452,1.34274,1,0.38938,1.29293,0.44131,1.12152,0.95611,0.96023,1.031,0.41027,1.1231,1.00945,1.32829,1.26099,0.59148,1.01522,0.81931,1.03141,0.91401,0.98433,0.98991,1.1044,1.04396,0.85574,1.13398,0.8481,0.83427,0.98569,1.01668,1.01932
23.76,1.17333,1.15808,0.73866,1.13928,0.32282,1,1.3251,0.47996,1.30672,1.05353,1.06672,1.07882,0.95649,1.32106,0.90884,0.94454,0.571,0.75507,1.29809,1.02958,1.19776,1.04984,1.15488,1.02936,1.01939,0.93204,0.94343,1.17658,0.90679,1.14058,1.13995,1.02383,0.99527,0.99736,0.8957,0.86317,1.22893,0.89969,1.34924,1,0.35834,1.31729,0.38212,0.9581,0.97148,0.94203,1.05733,0.37998,1.14087,1.05673,1.3263,1.26931,0.53149,0.97887,0.85203,0.9785,0.91821,0.97624,0.98981,1.10055,1.04143,0.8778,1.15799,0.8594,0.85369,0.98735,1.00988,1.01307
23.78,1.2329,1.0111,0.75789,0.99916,0.2903,1,1.32701,0.41219,1.31377,1.14855,1.03982,1.10167,0.94822,1.32562,0.91681,0.88258,0.58951,0.74591,1.30779,1.05784,1.16809,1.09657,1.14681,1.03976,1.01896,0.93642,0.94804,1.15071,0.8833,1.1296,1.12575,1.02025,0.99942,0.99898,0.82139,0.99337,1.21966,1.0017,1.35342,1,0.34782,1.3302,0.34843,0.85285,0.9841,0.92084,1.06678,0.35552,1.13207,1.10754,1.32235,1.27326,0.49062,0.95606,0.88707,0.95287,0.92456,0.96712,0.99004,1.09536,1.03825,0.90447,1.1818,0.87411,0.87329,0.98933,1.00123,1.00514
23.8,1.26625,0.89189,0.78627,0.88711,0.27068,1,1.32578,0.36808,1.31687,1.19675,1.01562,1.12378,0.952,1.32914,0.95186,0.80939,0.61741,0.74471,1.31328,1.07693,1.12947,1.1245,1.14055,1.04942,1.01755,0.94125,0.9529,1.11409,0.85875,1.1162,1.11045,1.01615,1.008,1.00161,0.75874,1.1628,1.20468,1.15401,1.3558,1,0.35463,1.33755,0.33295,0.77475,0.99411,0.89782,1.0625,0.33579,1.08688,1.15537,1.31589,1.27376,0.46551,0.93892,0.92323,0.93406,0.92926,0.9583,0.99081,1.08948,1.03486,0.93537,1.20288,0.89096,0.89287,0.99157,0.99566,0.99793
23.82,1.28607,0.80111,0.82588,0.78361,0.26431,1,1.3216,0.34128,1.31723,1.22264,0.99708,1.14375,0.96705,1.33184,1.03616,0.73003,0.65566,0.7505,1.31567,1.0885,1.08014,1.14758,1.14255,1.05698,1.01476,0.94581,0.95722,1.06174,0.83491,1.10129,1.09424,1.01163,1.01721,1.00544,0.70943,1.23077,1.18077,1.22693,1.35655,1,0.37713,1.34168,0.33116,0.72187,1.00422,0.87451,1.04465,0.32007,0.97827,1.19661,1.30587,1.2713,0.45412,0.92776,0.95867,0.91591,0.92778,0.95113,0.99232,1.08376,1.03182,0.96964,1.22042,0.9084,0.91208,0.99399,0.99048,0.99299
23.84,1.29788,0.73056,0.87984,0.691,0.27279,1,1.31404,0.32795,1.31539,1.23508,0.98787,1.1609,0.99269,1.33387,1.15003,0.64976,0.7057,0.76237,1.31544,1.09287,1.01913,1.17085,1.15658,1.06157,1.0103,0.94953,0.96038,0.9928,0.81279,1.08599,1.07733,1.00684,1.02608,1.00929,0.67393,1.26531,1.14089,1.26849,1.35555,1,0.41541,1.34364,0.34041,0.69285,1.01706,0.85225,1.01065,0.30799,0.87874,1.23026,1.29021,1.26605,0.45522,0.92338,0.99151,0.8946,0.91682,0.94667,0.99469,1.07896,1.02958,1.01195,1.23463,0.92504,0.93063,0.9965,0.98529,0.98795
23.86,1.30445,0.67715,0.95258,0.61066,0.29959,1,1.30175,0.32565,1.31152,1.23739,0.97941,1.1751,1.04835,1.33526,1.22098,0.57332,0.76942,0.77939,1.31279,1.08931,0.97701,1.1936,1.18015,1.06286,1.00411,0.95215,0.96212,0.95207,0.79269,1.07128,1.05995,1.00191,1.03439,1.01305,0.65168,1.28522,1.06735,1.2945,1.35225,1,0.47165,1.34397,0.35944,0.68716,1.02829,0.83197,0.97985,0.29955,0.77249,1.25673,1.26447,1.25794,0.46785,0.92696,1.03621,0.87005,0.89582,0.94539,0.99791,1.07551,1.02834,1.06985,1.24611,0.93994,0.94826,0.99903,0.98023,0.98298
23.88,1.30719,0.63828,1.07779,0.54371,0.3515,1,1.28165,0.33272,1.30546,1.22966,0.97083,1.18645,1.10159,1.33597,1.26501,0.50484,0.84866,0.80042,1.3077,1.07564,0.95206,1.21263,1.2067,1.06093,0.99823,0.95377,0.96255,0.91654,0.77441,1.05795,1.04245,0.99853,1.042,1.0166,0.6418,1.29732,0.96139,1.31153,1.3453,1,0.5505,1.34294,0.38796,0.70581,1.03916,0.81441,0.9512,0.29516,0.67127,1.2769,1.21777,1.24686,0.49102,0.94012,1.06985,0.84594,0.86722,0.9473,1.00355,1.07335,1.02803,1.1099,1.25554,0.95261,0.9647,1.00295,0.97544,0.97822
23.9,1.30675,0.61222,1.17705,0.49126,0.44216,1,1.24625,0.34793,1.29676,1.20839,0.96163,1.19501,1.14264,1.33589,1.29266,0.44755,0.94425,0.82392,1.30015,1.04716,0.93455,1.22466,1.23046,1.05619,0.99413,0.95476,0.96213,0.88751,0.75759,1.04641,1.02549,0.9963,1.04875,1.01982,0.64343,1.30453,0.8809,1.32271,1.33098,1,0.65999,1.34068,0.42641,0.75211,1.05029,0.80028,0.92234,0.29569,0.5834,1.29171,1.11577,1.23287,0.52319,0.96501,1.09061,0.8286,0.83564,0.9519,1.01154,1.07201,1.02833,1.13732,1.26348,0.96299,0.97953,1.00734,0.97104,0.97386
23.92,1.30325,0.5979,1.23326,0.4539,0.60164,1,1.17205,0.37039,1.28454,1.16212,0.9518,1.20075,1.17259,1.33481,1.31021,0.40319,1.0841,0.84802,1.29009,0.99717,0.92375,1.22698,1.2488,1.04927,0.99026,0.95567,0.96148,0.86609,0.74193,1.03671,1.00998,0.99442,1.05446,1.02256,0.6559,1.30822,0.80355,1.32976,1.29584,1,0.81479,1.33718,0.47612,0.83308,1.0616,0.79033,0.89589,0.30232,0.51276,1.30209,0.9294,1.21636,0.56224,1.00748,1.10241,0.82505,0.80607,0.95844,1.01885,1.07078,1.02879,1.15512,1.27033,0.97132,0.99223,1.01098,0.96721,0.97012
23.94,1.2964,0.59457,1.26846,0.4311,0.90831,1,0.9698,0.39973,1.26692,1.04897,0.94193,1.20355,1.1934,1.33248,1.32143,0.37176,1.17703,0.87097,1.27751,0.96001,0.91882,1.21603,1.26152,1.04083,0.98699,0.95697,0.96119,0.85272,0.7274,1.02852,0.99841,0.99297,1.05896,1.02468,0.67869,1.30906,0.73155,1.33374,1.13196,1,1.07217,1.33235,0.53998,0.96206,1.0724,0.78533,0.87389,0.31631,0.45944,1.30894,0.80946,1.1981,0.60592,1.08679,1.10757,0.84122,0.78211,0.96616,1.02485,1.06901,1.029,1.16534,1.27625,0.9781,1.0048,1.01375,0.96412,0.9672
23.96,1.28543,0.60149,1.29198,0.42134,1.2735,1,0.80626,0.43621,1.23988,0.90335,0.93338,1.20314,1.20684,1.32861,1.32857,0.35202,1.22426,0.89144,1.26227,0.91972,0.91866,1.18356,1.26942,1.03148,0.98455,0.95896,0.96163,0.84698,0.71446,1.02117,0.99346,0.99199,1.06205,1.02608,0.71121,1.30731,0.66627,1.33538,0.67348,1,1.24703,1.32587,0.62351,1.16871,1.08133,0.78608,0.85768,0.33878,0.42135,1.31304,0.71822,1.17921,0.65237,1.14589,1.10773,0.88139,0.76551,0.97441,1.02921,1.06626,1.02869,1.16953,1.2812,0.98399,1.01912,1.01562,0.96196,0.96527
23.98,1.26915,0.61776,1.30828,0.42233,1.33302,1,0.66968,0.48068,1.19367,0.78668,0.9283,1.19894,1.21404,1.32285,1.33302,0.34213,1.25192,0.90862,1.24411,0.88178,0.92183,1.10399,1.27338,1.02177,0.98302,0.96171,0.96294,0.84764,0.70411,1.01375,0.99002,0.99144,1.06349,1.02663,0.7522,1.30305,0.60884,1.33521,0.4304,1,1.3031,1.31714,0.73631,1.25599,1.08647,0.79351,0.84823,0.37051,0.39579,1.31505,0.64905,1.16102,0.70025,1.1863,1.10443,0.94817,0.75659,0.98265,1.0319,1.0624,1.02775,1.16905,1.28497,0.98975,1.02852,1.01664,0.96094,0.96449
24,1.24609,0.64212,1.3197,0.43102,1.3541,1,0.55377,0.53441,1.09821,0.68518,0.92951,1.18996,1.21542,1.31481,1.3356,0.3401,1.26925,0.92212,1.22258,0.85245,0.9266,0.9495,1.27416,1.01232,0.98237,0.96506,0.96506,0.85273,0.69789,1.00521,0.98773,0.99127,1.06297,1.02624,0.79906,1.2962,0.56046,1.33376,0.28474,1,1.33077,1.30519,0.89501,1.29703,1.08527,0.80871,0.84636,0.41162,0.38022,1.31545,0.59748,1.14492,0.74862,1.21088,1.09937,1.06706,0.75479,0.99036,1.03304,1.05761,1.02623,1.16533,1.28716,0.99618,1.03454,1.01696,0.96131,0.96504
24.02,1.21512,0.67297,1.32758,0.4437,1.36408,1,0.45451,0.59899,0.93541,0.60191,0.9398,1.17453,1.21081,1.30405,1.33685,0.34397,1.28028,0.93196,1.19698,0.83726,0.93108,0.83857,1.2723,1.00381,0.98248,0.9687,0.96778,0.8599,0.6975,0.99731,0.98622,0.99139,1.06014,1.02481,0.84752,1.28661,0.52209,1.33157,0.19565,1,1.34721,1.28829,1.14909,1.31956,1.07466,0.83282,0.85254,0.46161,0.37247,1.31468,0.56055,1.13198,0.7969,1.22189,1.09448,1.16537,0.75908,0.99707,1.03284,1.05226,1.02426,1.15993,1.28729,1.00766,1.03843,1.01673,0.9633,0.96703
24.04,1.1769,0.70865,1.33278,0.45661,1.36929,1,0.36914,0.67629,0.81876,0.53694,0.96086,1.15005,1.19978,1.28988,1.33711,0.3522,1.28704,0.93868,1.1663,0.83975,0.93365,0.74935,1.26812,0.99851,0.98322,0.97233,0.97086,0.86687,0.70427,0.99099,0.98518,0.99171,1.05475,1.02229,0.89217,1.27401,0.49408,1.32928,0.14222,1,1.35803,1.26318,1.25897,1.33295,1.0512,0.8666,0.86641,0.51995,0.37083,1.31301,0.53607,1.1225,0.84474,1.22015,1.09163,1.2169,0.76834,1.0045,1.03156,1.0468,1.02202,1.1545,1.28491,1.02468,1.04108,1.01613,0.96702,0.97049
24.06,1.13687,0.74763,1.33586,0.46643,1.37193,1,0.29576,0.76802,0.71808,0.48896,0.99216,1.11253,1.18217,1.27101,1.33661,0.36384,1.29066,0.94329,1.12923,0.8609,0.9332,0.68297,1.26179,0.99641,0.98442,0.97571,0.97407,0.87186,0.71881,0.98387,0.9844,0.99216,1.04674,1.01877,0.92723,1.25795,0.47634,1.32748,0.11296,1,1.36562,1.2233,1.30314,1.34118,1.01116,0.90987,0.88619,0.58682,0.37396,1.3106,0.52235,1.11567,0.89172,1.20428,1.09213,1.24592,0.78157,1.01071,1.02943,1.04158,1.01967,1.15051,1.27957,1.04234,1.04302,1.01529,0.97237,0.97529
24.08,1.10816,0.78824,1.33713,0.47071,1.37292,1,0.23338,0.874,0.6336,0.45674,1.05108,1.05654,1.15964,1.24495,1.33551,0.37852,1.29176,0.94721,1.08468,0.89875,0.9293,0.63812,1.25343,0.9959,0.98594,0.97867,0.97721,0.87367,0.74078,0.97655,0.98384,0.99267,1.03644,1.01447,0.94733,1.23796,0.46874,1.32668,0.1016,1,1.37112,1.15402,1.32624,1.34607,0.97902,0.96055,0.908,0.66344,0.3808,1.3075,0.51807,1.10962,0.93683,1.16964,1.09644,1.26236,0.79772,1.01218,1.02673,1.03691,1.01735,1.14903,1.27081,1.05901,1.0444,1.01432,0.97896,0.98108
24.1,1.10673,0.82835,1.33668,0.46804,1.37262,1,0.18148,0.98921,0.56601,0.43992,1.09573,0.98925,1.1385,1.20661,1.33392,0.39635,1.29067,0.95225,1.03336,0.94737,0.92209,0.61346,1.24324,0.99731,0.98759,0.98111,0.98007,0.87169,0.76872,0.97,0.98359,0.9932,1.02466,1.0098,0.94824,1.21389,0.47146,1.32718,0.10502,1,1.37516,1.01867,1.33969,1.34845,0.95571,1.02508,0.92559,0.75216,0.39043,1.30361,0.5223,1.10152,0.97791,1.10766,1.10416,1.27051,0.81561,1.00807,1.02375,1.03298,1.01522,1.15064,1.2583,1.07282,1.04501,1.01332,0.98613,0.98728
24.12,1.13577,0.86527,1.33437,0.4581,1.3711,1,0.13953,1.12795,0.51563,0.43915,1.11745,0.9546,1.13041,1.14401,1.33196,0.41784,1.28751,0.9605,0.99066,0.99671,0.9121,0.60828,1.23154,1.0019,0.9892,0.98299,0.98249,0.86579,0.80027,0.96519,0.98381,0.9937,1.01265,1.00527,0.92807,1.18658,0.48504,1.329,0.12231,1,1.37812,0.9204,1.34778,1.34856,0.9421,1.08996,0.93171,0.8569,0.40205,1.29876,0.53432,1.0874,1.02196,1.00868,1.11438,1.27215,0.83404,0.99854,1.02081,1.0299,1.01341,1.15536,1.24192,1.08233,1.04449,1.01236,0.99307,0.9932
24.14,1.18087,0.89599,1.32983,0.44148,1.36815,1,0.10659,1.18212,0.48203,0.45605,1.11499,0.93313,1.14411,1.02101,1.3297,0.44375,1.28231,0.97433,0.9731,1.05811,0.89984,0.62223,1.21864,1.01362,0.99064,0.98443,0.98446,0.85612,0.83288,0.96268,0.98462,0.99415,1.00168,1.00133,0.88812,1.15876,0.51026,1.33196,0.15441,1,1.38029,0.8648,1.35247,1.34617,0.94374,1.12118,0.92116,0.98439,0.41502,1.29263,0.55337,1.06095,1.05797,0.95582,1.12618,1.26768,0.85217,0.98932,1.01814,1.02752,1.01194,1.1628,1.22181,1.08712,1.04247,1.01151,0.9991,0.9983
24.16,1.22547,0.91743,1.32239,0.41948,1.3632,1,0.08162,1.20156,0.46433,0.49334,1.07841,0.92651,1.17503,0.91372,1.3272,0.47488,1.27513,0.99646,0.96617,1.08014,0.88573,0.65481,1.20456,1.02893,0.99183,0.9857,0.98614,0.84307,0.86446,0.96225,0.98609,0.99451,0.9964,0.99911,0.83281,1.13571,0.54785,1.33568,0.20424,1,1.38184,0.83923,1.35474,1.34048,0.96542,1.12976,0.89348,1.15863,0.42894,1.28486,0.57825,1.00953,1.07059,0.93589,1.13887,1.2565,0.86976,0.97661,1.01591,1.02539,1.01067,1.17232,1.19828,1.08792,1.03875,1.01081,1.00756,1.00453
24.18,1.26164,0.92667,1.31104,0.39396,1.35508,1,0.06386,1.19993,0.4619,0.55518,0.98368,0.93538,1.2102,0.82723,1.32449,0.51172,1.26631,1.05122,0.97031,1.07011,0.87006,0.70427,1.18879,1.04656,0.99274,0.98728,0.9879,0.82727,0.89355,0.96287,0.98818,0.99479,0.99317,0.99798,0.76872,1.12464,0.59784,1.33976,0.27665,1,1.3829,0.84151,1.35505,1.32948,1.02269,1.11815,0.85334,1.2343,0.44356,1.275,0.60678,0.96084,1.06314,0.94521,1.15196,1.23729,0.88716,0.96095,1.0142,1.02272,1.00933,1.18313,1.1719,1.08676,1.03339,1.01027,1.01413,1.01009
24.2,1.2884,0.92122,1.29438,0.36712,1.34143,1,0.05304,1.17651,0.47488,0.64756,0.89338,0.95982,1.24014,0.75025,1.32158,0.55413,1.2568,1.10853,0.9862,1.02366,0.85316,0.76586,1.17011,1.06495,0.99338,0.98975,0.99027,0.80958,0.91923,0.96281,0.99071,0.99498,0.99088,0.99718,0.70285,1.13125,0.65853,1.34378,0.37802,1,1.38353,0.87154,1.3534,1.30811,1.11867,1.08147,0.80858,1.27458,0.45866,1.26268,0.63525,0.905,1.03171,0.98331,1.16501,1.2086,0.90521,0.94332,1.01297,1.01848,1.00752,1.19438,1.14361,1.08687,1.02667,1.00991,1.01868,1.01393
24.22,1.30749,0.89966,1.27074,0.34096,1.31665,1,0.04934,1.1145,0.50451,0.77948,0.79177,0.99953,1.26196,0.68209,1.3185,0.60133,1.24838,1.15971,1.02723,0.96535,0.83537,0.83085,1.14636,1.08274,0.9938,0.99371,0.99379,0.79092,0.94089,0.96006,0.99348,0.99506,0.98913,0.99658,0.64071,1.15505,0.72595,1.34747,0.516,1,1.38374,0.93152,1.34939,1.25962,1.18928,1.00116,0.76698,1.29934,0.47408,1.24757,0.65873,0.8394,0.9822,1.07719,1.17769,1.17057,0.9249,0.92485,1.01218,1.01151,1.00482,1.20537,1.11488,1.09197,1.01906,1.00974,1.02209,1.01682
24.24,1.32108,0.86229,1.23849,0.31685,1.26351,1,0.05322,0.97185,0.55353,0.96577,0.69056,1.08222,1.27635,0.62197,1.31524,0.6524,1.2432,1.20243,1.08602,0.90994,0.81706,0.88807,1.11436,1.09905,0.99404,0.99959,0.99886,0.77207,0.95804,0.953,0.9963,0.99505,0.98757,0.99603,0.58527,1.18901,0.79433,1.35069,0.70059,1,1.38352,1.04583,1.34183,1.07895,1.23784,0.93903,0.73384,1.31595,0.48977,1.22926,0.67242,0.76758,0.93562,1.15745,1.18972,1.12768,0.94698,0.90654,1.01172,1.00076,1.00089,1.21566,1.08805,1.10442,1.01103,1.00976,1.02508,1.01939
24.26,1.33088,0.81153,1.19688,0.29555,1.0844,1,0.06543,0.85529,0.6266,1.19883,0.59878,1.14274,1.28481,0.56896,1.31177,0.70681,1.24288,1.23642,1.1379,0.85343,0.79866,0.92762,1.06968,1.1135,0.99416,1.01435,1.01084,0.75355,0.96996,0.94095,0.99904,0.99496,0.98604,0.99548,0.53742,1.22459,0.85743,1.35339,0.94857,1,1.3828,1.16885,1.3278,0.77084,1.27051,0.87576,0.71165,1.32777,0.50579,1.20707,0.67326,0.69404,0.88162,1.21013,1.20091,1.09081,0.97153,0.88909,1.01149,0.99306,0.99783,1.22506,1.06672,1.12376,1.00292,1.00995,1.02799,1.02193
24.28,1.33806,0.75157,1.14817,0.27746,0.79493,1,0.08711,0.74788,0.73049,1.27177,0.52278,1.18466,1.28855,0.52242,1.30806,0.76439,1.24758,1.26246,1.17977,0.80142,0.78077,0.94471,1.00719,1.1259,0.99421,1.03102,1.02542,0.73578,0.97559,0.92435,1.00325,0.99479,0.98456,0.99494,0.49705,1.25617,0.90966,1.35559,1.21914,1,1.3815,1.23326,1.29892,0.58935,1.29205,0.81727,0.70112,1.33652,0.5222,1.17989,0.66089,0.6237,0.82491,1.24424,1.21101,1.0725,0.99748,0.87309,1.01139,0.98441,0.99471,1.23348,1.05576,1.14709,0.9975,1.01027,1.03076,1.0244
24.3,1.34335,0.68745,1.10023,0.26291,0.62865,1,0.11977,0.65716,0.87404,1.30386,0.46675,1.21228,1.28821,0.48216,1.30411,0.8251,1.25601,1.28174,1.21167,0.75836,0.76424,0.94145,0.96878,1.13613,0.99427,1.04736,1.0399,0.71924,0.97349,0.90459,1.00796,0.99458,0.98335,0.99449,0.46384,1.28171,0.94712,1.3573,1.28806,1,1.37944,1.26999,1.21964,0.46809,1.30554,0.76911,0.70209,1.34311,0.53894,1.14601,0.63752,0.56101,0.77028,1.26593,1.21972,1.07611,1.03971,0.85911,1.01128,0.97528,0.99139,1.24085,1.05993,1.1708,0.99382,1.01068,1.033,1.02642
24.32,1.34721,0.62367,1.06592,0.25216,0.50737,1,0.16564,0.5863,1.09844,1.32089,0.43282,1.22894,1.28395,0.44817,1.29991,0.88904,1.26627,1.29554,1.23509,0.72737,0.74994,0.92494,0.9423,1.14412,0.99437,1.06171,1.05283,0.70437,0.96222,0.88346,1.01223,0.99436,0.98275,0.99427,0.43742,1.30144,0.96828,1.35853,1.31847,1,1.37631,1.29186,0.89471,0.38672,1.31291,0.73516,0.71401,1.3481,0.55589,1.10274,0.60689,0.50897,0.7215,1.27891,1.22682,1.09354,1.06885,0.84765,1.01109,0.96664,0.9882,1.24712,1.08083,1.19231,0.99044,1.0111,1.03409,1.02741
24.34,1.34997,0.56329,1.05531,0.24528,0.40976,1,0.22835,0.53514,1.22788,1.33063,0.42138,1.23706,1.2754,0.42023,1.29545,0.95693,1.27676,1.30511,1.25192,0.70997,0.73851,0.9033,0.92662,1.14992,0.99455,1.07311,1.06327,0.69147,0.94102,0.86248,1.01607,0.99416,0.98311,0.9944,0.41731,1.31646,0.97409,1.3593,1.33646,1,1.37153,1.30502,0.65598,0.33305,1.31527,0.717,0.73619,1.35185,0.57307,1.04511,0.57272,0.46867,0.68057,1.28542,1.23223,1.11431,1.08448,0.83904,1.01074,0.95933,0.98546,1.2523,1.1147,1.21059,0.98734,1.01148,1.03343,1.02685
24.36,1.35184,0.50799,1.06734,0.24215,0.32677,1,0.3139,0.5018,1.27728,1.33629,0.43169,1.23833,1.26167,0.39789,1.29061,1.05181,1.2865,1.31144,1.26385,0.7063,0.73017,0.88317,0.92278,1.15368,0.99483,1.08124,1.07086,0.68066,0.9102,0.84255,1.01951,0.99403,0.98468,0.99496,0.40297,1.32791,0.96748,1.35965,1.34871,1,1.36386,1.31265,0.50343,0.29906,1.31314,0.71405,0.76761,1.35466,0.59078,0.98322,0.53811,0.43978,0.64785,1.28674,1.23603,1.1318,1.08813,0.8333,1.0102,0.95385,0.98337,1.25647,1.15418,1.22568,0.98452,1.01174,1.03054,1.02429
24.38,1.35299,0.45885,1.0918,0.24248,0.2553,1,0.43141,0.48419,1.30257,1.33942,0.46194,1.23407,1.24143,0.3807,1.28522,1.13628,1.29493,1.31525,1.2722,0.71541,0.72487,0.86938,0.93081,1.15563,0.99519,1.0862,1.07561,0.67196,0.8714,0.82414,1.02252,0.99399,0.98758,0.99601,0.39396,1.33664,0.95269,1.35961,1.3576,1,1.35039,1.31641,0.40104,0.27925,1.30662,0.72381,0.80636,1.3567,0.6095,0.94348,0.50554,0.42149,0.62285,1.28344,1.23839,1.14288,1.08041,0.83027,1.00951,0.9504,0.98201,1.25972,1.19245,1.23799,0.98203,1.0118,1.02506,1.01947
24.4,1.35348,0.41675,1.11796,0.24586,0.19469,1,0.59342,0.48061,1.3173,1.3409,0.50809,1.22582,1.2135,0.36841,1.27902,1.18797,1.30178,1.31694,1.27784,0.73546,0.72235,0.86554,0.94991,1.15604,0.99559,1.08823,1.07771,0.66542,0.82721,0.80752,1.025,0.9941,0.99185,0.99754,0.39002,1.34325,0.9345,1.35924,1.36418,1,1.32259,1.31716,0.33077,0.26967,1.29576,0.74184,0.84897,1.35811,0.62977,0.90589,0.47711,0.41311,0.60484,1.2757,1.2395,1.14585,1.06085,0.82964,1.00873,0.94895,0.9814,1.2621,1.22558,1.24797,0.97994,1.01159,1.01675,1.01221
24.42,1.35335,0.38221,1.13955,0.25189,0.14456,1,0.81549,0.4901,1.32638,1.34125,0.56281,1.21581,1.17805,0.36098,1.2717,1.22292,1.30695,1.31673,1.28137,0.76389,0.72231,0.87436,0.97877,1.15513,0.99599,1.08766,1.07739,0.66113,0.78044,0.79283,1.02686,0.9944,0.99744,0.99953,0.39109,1.34815,0.91724,1.35856,1.36907,1,1.24162,1.31517,0.28274,0.26733,1.28122,0.76227,0.89044,1.35894,0.65216,0.8702,0.45438,0.41417,0.59306,1.2634,1.23952,1.13896,1.02769,0.83105,1.00795,0.94936,0.9815,1.26364,1.25252,1.25604,0.97838,1.01103,1.00541,1.00241
24.44,1.35258,0.35517,1.15442,0.26025,0.10392,1,1.1388,0.51249,1.332,1.34085,0.61645,1.20684,1.13851,0.35843,1.26286,1.24789,1.31047,1.31466,1.28317,0.79788,0.72442,0.89765,1.02909,1.1531,0.99633,1.0848,1.07492,0.65914,0.73332,0.78005,1.02801,0.9949,1.00828,1.00379,0.39724,1.35172,0.90391,1.3576,1.37272,1,0.86401,1.31028,0.25091,0.26996,1.26486,0.77935,0.92559,1.35922,0.67718,0.83665,0.4382,0.42436,0.58692,1.24622,1.23859,1.11939,0.98927,0.83419,1.00728,0.95138,0.98221,1.26434,1.27388,1.26254,0.9774,1.01005,0.99551,0.99513
24.46,1.35111,0.33508,1.16263,0.2708,0.07138,1,1.25947,0.54839,1.33533,1.33995,0.66018,1.20138,1.10264,0.36082,1.25203,1.26617,1.31247,1.31069,1.28345,0.83462,0.72845,0.93603,1.08868,1.15007,0.99661,1.07995,1.07058,0.65951,0.68734,0.76908,1.02847,0.99565,1.02267,1.00905,0.40861,1.35422,0.89597,1.35638,1.37546,1,0.62274,1.30179,0.23122,0.27585,1.24963,0.78921,0.95055,1.35896,0.70519,0.8059,0.42872,0.44333,0.58595,1.2237,1.23681,1.082,0.96184,0.8388,1.00674,0.95474,0.98345,1.26421,1.29073,1.26778,0.977,1.00862,0.98731,0.98827
24.48,1.34889,0.32126,1.16507,0.28352,0.04573,1,1.29665,0.5989,1.33705,1.33873,0.68981,1.20048,1.08003,0.36822,1.23875,1.27937,1.31311,1.30474,1.2823,0.87107,0.73417,0.98815,1.13272,1.14614,0.9968,1.0735,1.06472,0.66226,0.64369,0.75985,1.02836,0.99662,1.03726,1.01462,0.42529,1.35587,0.89353,1.35486,1.37751,1,0.49307,1.28831,0.22081,0.28371,1.23815,0.7908,0.96379,1.35813,0.73609,0.77925,0.42569,0.47027,0.5899,1.19584,1.23422,1.01755,0.93487,0.84468,1.00637,0.95907,0.98507,1.26324,1.30402,1.27196,0.9771,1.00672,0.97845,0.98088
24.5,1.34581,0.31313,1.16298,0.29845,0.02617,1,1.31338,0.66522,1.33757,1.33734,0.70779,1.20328,1.07535,0.38077,1.22279,1.28828,1.31249,1.29689,1.27971,0.90376,0.74138,1.07697,1.16424,1.14137,0.99691,1.06596,1.05786,0.66738,0.6035,0.75235,1.02783,0.99779,1.05128,1.02021,0.44725,1.35682,0.89563,1.35303,1.37901,1,0.41858,1.26717,0.21762,0.29249,1.23066,0.78583,0.96634,1.35669,0.76901,0.7586,0.42862,0.5035,0.59867,1.1643,1.23089,0.9644,0.91038,0.85165,1.00615,0.96396,0.9869,1.26139,1.31446,1.27521,0.97755,1.00441,0.96936,0.97333
24.52,1.34172,0.31023,1.15783,0.31573,0.01217,1,1.3218,0.74865,1.33716,1.3359,0.72109,1.2078,1.08496,0.3987,1.20425,1.29323,1.31072,1.28748,1.27554,0.92916,0.74991,1.13614,1.18593,1.13581,0.99697,1.05796,1.05059,0.6749,0.56778,0.7467,1.02708,0.99912,1.06407,1.02554,0.4744,1.35716,0.90066,1.35083,1.38006,1,0.37607,1.2329,0.22014,0.30145,1.22485,0.77756,0.96105,1.35456,0.80247,0.74603,0.43702,0.54016,0.61229,1.13383,1.22683,0.92524,0.89009,0.85955,1.00604,0.96896,0.98877,1.25863,1.32257,1.27758,0.97818,1.00177,0.96053,0.96601
24.54,1.3364,0.31229,1.1512,0.33575,0.00327,1,1.32584,0.85125,1.33597,1.33445,0.73645,1.2123,1.10103,0.42243,1.18355,1.29429,1.30781,1.27726,1.26958,0.94462,0.7597,1.16976,1.20004,1.12946,0.99699,1.05006,1.04346,0.6849,0.53718,0.74304,1.02627,1.00109,1.07518,1.03035,0.50682,1.35692,0.90691,1.34818,1.38071,1,0.35428,1.17187,0.22736,0.31034,1.21782,0.76908,0.95155,1.35157,0.83489,0.74324,0.45047,0.5765,0.6309,1.11188,1.22201,0.89568,0.87497,0.8683,1.006,0.9737,0.99053,1.25485,1.3288,1.27908,0.97888,0.99945,0.9524,0.9593
24.56,1.32945,0.31907,1.14465,0.35923,0,1,1.32713,0.97675,1.33407,1.33294,0.7568,1.21582,1.11673,0.45254,1.16118,1.29116,1.30372,1.26753,1.26151,0.94924,0.77078,1.18736,1.20838,1.12225,0.997,1.04265,1.03684,0.69753,0.51212,0.74156,1.02545,1.004,1.08442,1.03447,0.54487,1.35613,0.91281,1.34492,1.38095,1,0.34713,1.0385,0.23873,0.31946,1.20794,0.76225,0.94138,1.34749,0.86518,0.75141,0.4687,0.60821,0.65454,1.10471,1.21634,0.8772,0.86519,0.8779,1.00597,0.97798,0.99211,1.24989,1.33347,1.27968,0.97957,0.99797,0.94529,0.95346
24.58,1.32027,0.33036,1.13973,0.38717,0,1,1.32645,1.1492,1.33145,1.3312,0.7797,1.21815,1.12747,0.48957,1.13766,1.28296,1.29838,1.26011,1.25099,0.94419,0.78324,1.19398,1.21242,1.1141,0.99703,1.03593,1.0309,0.71287,0.49305,0.74251,1.02459,1.00681,1.09165,1.03779,0.5889,1.35479,0.91709,1.3408,1.38095,1,0.35093,0.90089,0.25405,0.32973,1.19598,0.75762,0.93386,1.34196,0.89276,0.77122,0.49145,0.63068,0.68297,1.11254,1.20966,0.8696,0.86021,0.88833,1.00592,0.98174,0.99348,1.24358,1.33679,1.2793,0.9803,0.99652,0.93949,0.9487
24.6,1.30795,0.34587,1.13786,0.42076,0.00255,1,1.3242,1.22529,1.32806,1.32896,0.79693,1.21961,1.12998,0.5337,1.11345,1.26771,1.29171,1.25703,1.23776,0.9323,0.7971,1.19224,1.21335,1.10498,0.9971,1.0299,1.02564,0.73091,0.48071,0.74622,1.02357,1.00936,1.09674,1.04016,0.63899,1.35289,0.91867,1.33547,1.38077,1,0.36323,0.80231,0.27335,0.34265,1.18632,0.7547,0.93203,1.33452,0.91747,0.803,0.51826,0.6396,0.71538,1.12961,1.20182,0.87164,0.85904,0.89952,1.00578,0.98502,0.99466,1.2357,1.33885,1.27778,0.98115,0.99519,0.93527,0.94527
24.62,1.29114,0.36539,1.14003,0.4615,0.00995,1,1.32061,1.26448,1.32376,1.32582,0.79724,1.22071,1.12096,0.58472,1.08864,1.24094,1.28365,1.25956,1.22167,0.91706,0.8124,1.18339,1.21219,1.09487,0.99724,1.02446,1.02095,0.75153,0.47604,0.75311,1.02225,1.01148,1.09953,1.04147,0.69484,1.3504,0.91683,1.32839,1.38022,1,0.38231,0.72197,0.29699,0.36026,1.18614,0.75247,0.93848,1.32448,0.9396,0.84685,0.54855,0.63229,0.75049,1.14913,1.19264,0.88158,0.86049,0.91137,1.00551,0.9879,0.99569,1.22605,1.33961,1.27489,0.98225,0.99407,0.93291,0.94337
24.64,1.26744,0.38898,1.14646,0.51151,0.02153,1,1.31575,1.28794,1.31828,1.3212,0.77297,1.22188,1.09569,0.64248,1.06246,1.19128,1.27402,1.26717,1.20258,0.9014,0.82922,1.16756,1.2097,1.08373,0.99745,1.01945,1.01668,0.77468,0.48002,0.76376,1.02048,1.01304,1.09991,1.04163,0.75608,1.34723,0.9112,1.31859,1.37936,1,0.407,0.65661,0.3258,0.38508,1.19959,0.75006,0.9548,1.31072,0.96011,0.90294,0.58193,0.60931,0.78708,1.16684,1.18184,0.89783,0.86358,0.92377,1.00508,0.99048,0.9966,1.21428,1.33896,1.27021,0.98372,0.99324,0.93258,0.94313
24.66,1.23223,0.41721,1.15648,0.57383,0.03862,1,1.30956,1.30322,1.31114,1.31423,0.7256,1.22326,1.04555,0.70713,1.03246,1.08156,1.26249,1.27777,1.18011,0.88713,0.84769,1.14363,1.20625,1.07148,0.99776,1.01476,1.01272,0.80038,0.49361,0.77886,1.01817,1.01395,1.09788,1.04063,0.82246,1.34318,0.90196,1.3043,1.37806,1,0.4367,0.60369,0.36125,0.42024,1.22282,0.74721,0.98115,1.29112,0.98066,0.97137,0.61847,0.57478,0.82438,1.18127,1.16901,0.91921,0.86776,0.93671,1.00448,0.99285,0.99743,1.1999,1.3367,1.26312,0.98562,0.99275,0.93431,0.94458
24.68,1.17554,0.45115,1.1687,0.65235,0.06397,1,1.30185,1.3136,1.30157,1.30351,0.6652,1.22461,0.9796,0.77901,0.99679,0.91875,1.24844,1.28878,1.15356,0.87501,0.86792,1.10897,1.20179,1.05803,0.99813,1.0104,1.00906,0.82852,0.51777,0.79915,1.01534,1.0142,1.09351,1.03854,0.89352,1.3379,0.88981,1.2819,1.37606,1,0.47118,0.56155,0.40548,0.46964,1.24775,0.74439,1.02861,1.26146,1.00703,1.07925,0.65857,0.53529,0.86205,1.19242,1.15367,0.9449,0.87298,0.95012,1.00374,0.99501,0.99819,1.1823,1.33245,1.25266,0.98793,0.99262,0.93796,0.94762
24.7,1.07278,0.49229,1.1815,0.75168,0.10262,1,1.29231,1.32063,1.28829,1.28639,0.60504,1.22541,0.93422,0.85801,0.97265,0.81014,1.23093,1.29822,1.12174,0.86505,0.88977,1.05858,1.19589,1.04345,0.99855,1.00651,1.00581,0.85869,0.55347,0.82535,1.01208,1.01379,1.08703,1.03547,0.96788,1.33083,0.87593,1.24308,1.37283,1,0.51047,0.52949,0.46138,0.5385,1.26854,0.7427,1.08188,1.21239,1.05372,1.15494,0.70283,0.49808,0.90006,1.20091,1.13533,0.97417,0.87959,0.9638,1.0029,0.9969,0.99885,1.16085,1.32556,1.23722,0.99056,0.99284,0.94322,0.95203
24.72,0.94581,0.54261,1.1936,0.87732,0.16421,1,1.28041,1.32511,1.26888,1.25694,0.55582,1.22494,0.89722,0.94354,0.9438,0.72647,1.20835,1.305,1.08269,0.85697,0.913,0.99187,1.18781,1.02793,0.99898,1.00329,1.00313,0.89021,0.6019,0.85819,1.00857,1.01277,1.07873,1.03162,1.06914,1.32097,0.86157,1.16273,1.36721,1,0.5549,0.50732,0.53326,0.63484,1.28319,0.74369,1.11717,1.11831,1.09833,1.19826,0.75219,0.46914,0.93861,1.20739,1.11348,1.01218,0.88817,0.97747,1.00204,0.99845,0.99938,1.13495,1.31484,1.21401,0.99335,0.99339,0.94971,0.9575
24.74,0.86915,0.60481,1.20438,1.06093,0.26926,1,1.26515,1.3275,1.23812,1.19758,0.52329,1.22241,0.87295,1.05846,0.90924,0.66514,1.17765,1.30873,1.03284,0.85058,0.93739,0.95073,1.17659,1.01167,0.9994,1.00085,1.00108,0.92244,0.66484,0.89844,1.005,1.01117,1.06889,1.02717,1.13971,1.30646,0.84761,0.96448,1.35597,1,0.60547,0.49495,0.62845,0.7732,1.29192,0.74897,1.13725,0.95295,1.14044,1.22433,0.80844,0.45237,0.97827,1.21229,1.08739,1.06565,0.89923,0.99089,1.00121,0.9996,0.99979,1.1038,1.29787,1.17742,0.99615,0.99423,0.95706,0.96375
24.76,0.80999,0.68231,1.21382,1.20229,0.47034,1,1.24467,1.32802,1.18203,1.02371,0.50945,1.21695,0.86273,1.15078,0.86892,0.62283,1.13225,1.30923,0.98425,0.84607,0.96287,0.91305,1.16122,0.99742,0.99977,0.99955,0.99978,0.95499,0.74478,0.94678,1.00153,1.00907,1.05776,1.02226,1.18018,1.28348,0.83436,0.82026,1.32584,1,0.66418,0.49216,0.76016,0.98259,1.29542,0.76002,1.1451,0.84733,1.17872,1.24013,0.8747,0.45007,1.03583,1.21563,1.05593,1.10522,0.91297,1.00774,1.00046,1.00085,1.00017,1.06618,1.26912,1.11468,0.99883,0.99534,0.96496,0.97053
24.78,0.76354,0.77877,1.22227,1.2589,0.95362,1,1.21529,1.32679,1.0487,0.83559,0.51472,1.20747,0.86551,1.20114,0.82392,0.59649,1.05633,1.30615,0.95181,0.84412,0.98935,0.88024,1.14081,0.98934,1.00019,0.99883,0.99914,0.98756,0.84436,1.00647,0.99917,1.00655,1.04558,1.01706,1.20613,1.24297,0.82161,0.7088,1.07748,1,0.73411,0.49868,0.95316,1.22704,1.2941,0.77818,1.143,0.76301,1.21195,1.24919,0.95563,0.46405,1.09434,1.21704,1.01747,1.13421,0.92906,1.03032,0.9999,1.00218,1.00067,1.02029,1.21377,0.99524,1.00252,0.99665,0.97312,0.9776
24.8,0.72621,0.8969,1.23012,1.28849,1.32236,1,1.16912,1.32373,0.88705,0.69105,0.53928,1.1924,0.87846,1.23289,0.77627,0.5838,0.96162,1.29858,0.9205,0.84589,1.03022,0.85398,1.11497,0.98184,1.00072,0.99802,0.99836,1.03543,0.96494,1.09652,0.99781,1.00375,1.03274,1.01179,1.22414,1.15784,0.80889,0.62317,0.48832,1,0.81952,0.51433,1.20772,1.29514,1.28772,0.80468,1.13288,0.694,1.23959,1.25337,1.08667,0.49658,1.13716,1.21576,0.98623,1.15449,0.9466,1.0493,0.99964,1.00368,1.00128,0.98366,1.076,0.91372,1.00658,0.99809,0.98126,0.98465
24.82,0.69542,1.06172,1.2377,1.30582,1.35787,1,1.08529,1.31857,0.7653,0.57395,0.58383,1.16913,0.89766,1.25465,0.72833,0.58307,0.891,1.28446,0.8904,0.85268,1.07012,0.83588,1.08406,0.97497,1.00112,0.99684,0.99722,1.07869,1.13117,1.15178,0.99677,1.00084,1.0197,1.00666,1.23742,0.95875,0.79575,0.55885,0.25292,1,0.927,0.53919,1.28551,1.32568,1.27509,0.84071,1.11678,0.63675,1.26186,1.2536,1.18153,0.55126,1.16975,1.2107,0.96478,1.1672,0.96429,1.0652,0.99944,1.00586,1.00217,0.95958,0.88393,0.84346,1.00963,0.99958,0.98904,0.9914
24.84,0.66945,1.18596,1.24509,1.31646,1.37044,1,0.95587,1.3107,0.66109,0.47972,0.6501,1.13301,0.91924,1.27027,0.68218,0.59319,0.82272,1.25889,0.86175,0.86561,1.10062,0.82692,1.04908,0.96882,1.00139,0.99508,0.99554,1.10989,1.20878,1.18749,0.9961,0.99899,1.00692,1.00186,1.24767,0.82404,0.78203,0.51222,0.12971,1,1.09815,0.57391,1.31965,1.34263,1.25331,0.88737,1.09692,0.58922,1.27946,1.25029,1.23547,0.63423,1.1951,1.20044,0.94515,1.17315,0.98099,1.0784,0.9993,1.00905,1.00347,0.9385,0.76553,0.78532,1.01161,1.00203,0.99626,0.99762
24.86,0.64734,1.23902,1.25209,1.323,1.37656,1,0.86042,1.29882,0.57255,0.40466,0.74089,1.0749,0.94026,1.28164,0.63947,0.6133,0.75838,1.20866,0.83498,0.88517,1.12406,0.82722,1.01113,0.96344,1.00156,0.99272,0.99329,1.13292,1.24684,1.21128,0.99578,0.99767,0.99739,0.99876,1.25579,0.725,0.76812,0.48027,0.05768,1,1.21048,0.61995,1.33854,1.3531,1.21572,0.94544,1.0755,0.55052,1.2932,1.24347,1.26952,0.75538,1.21503,1.18314,0.92763,1.17296,0.99606,1.08919,0.99921,1.01327,1.00521,0.92035,0.68063,0.73887,1.01252,1.00465,1.00549,1.00627
24.88,0.62895,1.26778,1.25827,1.32675,1.37997,1,0.76882,1.28038,0.4985,0.34636,0.8587,0.98851,0.95909,1.28964,0.6018,0.64243,0.70023,1.08559,0.81086,0.91098,1.14186,0.83603,0.98651,0.95896,1.00163,0.98991,0.99063,1.15001,1.26822,1.22726,0.99579,0.99653,0.99201,0.99686,1.26216,0.6511,0.75503,0.46067,0.01337,1,1.26633,0.67951,1.35023,1.3599,1.14608,1.0267,1.05427,0.52086,1.30372,1.23301,1.29209,0.92919,1.23055,1.15626,0.9126,1.1671,1.01795,1.09771,0.99918,1.0182,1.00725,0.90513,0.62055,0.70333,1.0125,1.0069,1.01645,1.01549
24.9,0.61487,1.28535,1.26305,1.32836,1.38095,1,0.68096,1.24985,0.43843,0.30361,1.00487,0.93401,0.97531,1.29458,0.57083,0.67908,0.65087,0.89673,0.79054,0.94153,1.15474,0.85185,0.96992,0.95555,1.00164,0.98697,0.98787,1.16235,1.28076,1.23759,0.99604,0.99562,0.98732,0.99522,1.26681,0.59545,0.74434,0.45193,0,1,1.29969,0.75542,1.35787,1.3643,0.99821,1.12,1.03423,0.50147,1.31143,1.21875,1.30721,1.17386,1.24215,1.11651,0.90062,1.15604,1.03837,1.10393,0.99917,1.02324,1.00935,0.89304,0.5798,0.67812,1.01177,1.00866,1.02556,1.02313
24.92,0.60615,1.2968,1.26584,1.32809,1.38095,1,0.59774,1.19261,0.39188,0.27584,1.16893,0.88741,0.98925,1.29636,0.5481,0.72117,0.61248,0.77745,0.77534,0.97432,1.16304,0.87281,0.95495,0.95344,1.00159,0.98433,0.9854,1.17058,1.28775,1.24346,0.99645,0.99504,0.98325,0.9938,1.26961,0.5536,0.73782,0.45339,0,1,1.32163,0.85146,1.36292,1.36693,0.90143,1.17262,1.01551,0.49424,1.31663,1.20068,1.31708,1.2589,1.25007,1.05986,0.89234,1.14019,1.0554,1.10766,0.99919,1.02768,1.01123,0.88441,0.55498,0.66295,1.01059,1.0098,1.03318,1.02948
24.94,0.60384,1.30446,1.26618,1.3259,1.38095,1,0.52056,1.05283,0.35795,0.26258,1.22756,0.85018,1.00252,1.29462,0.5346,0.76643,0.58612,0.69312,0.76646,1.01249,1.16697,0.89731,0.94091,0.95283,1.00152,0.98233,0.98355,1.17503,1.29071,1.24546,0.99693,0.99484,0.97965,0.99256,1.27034,0.52263,0.73703,0.46521,0,1,1.33684,0.97316,1.36622,1.36812,0.83206,1.20411,0.99906,0.5013,1.31955,1.17884,1.32309,1.29299,1.25443,0.99139,0.88826,1.11968,1.07028,1.10874,0.99923,1.03098,1.01262,0.87953,0.54393,0.6576,1.00918,1.01017,1.03971,1.0349
24.96,0.60889,1.3095,1.26363,1.32138,1.38095,1,0.45101,0.88115,0.33553,0.26362,1.25546,0.82214,1.02095,1.28853,0.53081,0.81287,0.57184,0.63794,0.76481,1.05861,1.16668,0.9246,0.92771,0.95383,1.00141,0.98119,0.98251,1.17589,1.29038,1.24387,0.99743,0.99513,0.9763,0.99142,1.26874,0.50079,0.743,0.48843,0,1,1.3477,1.14797,1.36824,1.36803,0.7843,1.22355,0.99183,0.5251,1.32035,1.15333,1.32612,1.30937,1.25522,0.95539,0.88857,1.09389,1.08342,1.10699,0.99929,1.03285,1.0134,0.87858,0.5452,0.66184,1.00771,1.00963,1.0456,1.03976
24.98,0.62211,1.31247,1.25769,1.31366,1.38095,1,0.39093,0.75953,0.32372,0.27928,1.27092,0.80203,1.03223,1.27641,0.53691,0.85877,0.56918,0.60779,0.77116,1.08708,1.16222,0.95485,0.91598,0.95647,1.00126,0.98096,0.98234,1.17317,1.28697,1.23867,0.9979,0.99596,0.97293,0.99028,1.26444,0.48731,0.75629,0.52508,0,1,1.3555,1.2276,1.36926,1.36661,0.7514,1.23574,0.98709,0.56879,1.31906,1.12435,1.32667,1.31695,1.25215,0.92917,0.89318,1.06083,1.09446,1.10228,0.99936,1.03321,1.01352,0.8816,0.5578,0.67538,1.00631,1.00801,1.05136,1.04448
25,0.64437,1.31354,1.24766,1.30088,1.38064,1,0.34203,0.66208,0.32214,0.31075,1.28109,0.78811,1.03459,1.25462,0.55301,0.90248,0.57759,0.60077,0.78629,1.10257,1.15357,0.98902,0.90701,0.9607,1.00104,0.98159,0.98297,1.16666,1.2804,1.22957,0.99834,0.99743,0.96926,0.98906,1.25684,0.48235,0.77703,0.5785,0.00423,1,1.36099,1.26828,1.3694,1.36359,0.72644,1.24346,0.98606,0.63686,1.31554,1.09242,1.32492,1.3186,1.24443,0.91332,0.90174,1.01631,1.10253,1.09446,0.99948,1.0322,1.01306,0.88858,0.58105,0.69784,1.00502,1.00513,1.05747,1.04944
25.02,0.67671,1.31257,1.23237,1.27877,1.37815,1,0.30531,0.58565,0.33099,0.36053,1.28938,0.77885,1.02537,1.21424,0.57935,0.94261,0.59658,0.617,0.81102,1.10736,1.14053,1.04909,0.90233,0.96639,1.00072,0.98292,0.98425,1.1559,1.27013,1.21596,0.99873,0.9996,0.96502,0.98766,1.24488,0.48688,0.80508,0.65419,0.03743,1,1.3647,1.29204,1.36864,1.35834,0.70376,1.24829,0.99,0.73635,1.30938,1.05849,1.32077,1.31472,1.23046,0.90817,0.91377,0.97887,1.1066,1.08334,0.99964,1.03002,1.01209,0.89949,0.61465,0.72885,1.00385,1.00081,1.0643,1.05493
25.04,0.72057,1.30914,1.20967,1.23523,1.37426,1,0.28066,0.52736,0.35095,0.43344,1.29694,0.7737,1.0017,1.12697,0.61642,0.97828,0.62591,0.65831,0.84614,1.1024,1.12257,1.10486,0.90326,0.97343,1.00027,0.98483,0.98605,1.13993,1.25497,1.19668,0.99908,1.00498,0.96,0.98603,1.22667,0.5024,0.8403,0.76189,0.08579,1,1.36702,1.30686,1.36686,1.34934,0.6809,1.25089,0.99937,0.87946,1.29979,1.02372,1.31379,1.30374,1.20711,0.9135,0.92881,0.94761,1.1058,1.06858,0.99986,1.02685,1.01073,0.9143,0.65905,0.7682,1.00278,0.99746,1.0721,1.06115
25.06,0.77782,1.30245,1.17555,1.11887,1.36795,1,0.2672,0.48472,0.383,0.53803,1.30335,0.77355,0.98267,0.94443,0.66496,1.01796,0.66545,0.72765,0.89206,1.08805,1.09871,1.1484,0.91045,0.98167,0.99984,0.98721,0.98827,1.11722,1.23238,1.16965,0.99943,1.01205,0.95408,0.98413,1.19861,0.53101,0.88254,0.91934,0.15653,1,1.36823,1.3163,1.36381,1.33275,0.65967,1.25096,1.02452,1.11694,1.28526,0.99465,1.30306,1.28062,1.16812,0.92821,0.94647,0.91522,1.09946,1.0497,1.00032,1.02283,1.00905,0.93299,0.71575,0.81588,1.00174,0.99377,1.08091,1.06813
25.08,0.85034,1.29099,1.12218,0.87253,1.35669,1,0.26377,0.4561,0.42806,0.68826,1.3072,0.78098,0.96341,0.81369,0.72537,1.06077,0.7146,0.82761,0.94818,1.06487,1.06747,1.18213,0.92392,0.99087,0.99949,0.99001,0.99086,1.08536,1.19703,1.13147,0.99979,1.02013,0.94729,0.98198,1.15364,0.57546,0.9313,1.16682,0.26318,1,1.36853,1.32208,1.35905,1.29605,0.64599,1.2472,1.04911,1.2427,1.26309,0.97985,1.28706,1.2305,1.09989,0.94992,0.96634,0.88294,1.08705,1.02622,1.00103,1.01802,1.00707,0.95537,0.78737,0.87167,1.00063,0.9894,1.09054,1.07572
25.1,0.93928,1.2717,1.0334,0.70057,1.33272,1,0.26923,0.44099,0.48629,0.90567,1.30635,0.80026,0.9489,0.70728,0.79688,1.09082,0.77159,0.95699,1.02222,1.03511,1.02697,1.20757,0.94293,1.00137,0.99908,0.99318,0.99377,1.04084,1.13635,1.07679,1.00044,1.02883,0.93988,0.97967,1.0762,0.63947,0.98516,1.26487,0.43218,1,1.36805,1.32497,1.3519,1.16616,0.64908,1.23676,1.06601,1.29107,1.22842,0.96727,1.26344,1.09355,0.98564,0.97462,0.98781,0.85271,1.06821,0.99895,1.00185,1.01246,1.00484,0.98092,0.87761,0.93448,0.99967,0.98453,1.10053,1.08354
25.12,1.07108,1.23746,0.95258,0.56574,1.25465,1,0.28259,0.43975,0.55668,1.19577,1.29705,0.8369,0.94513,0.62333,0.87709,1.1139,0.83328,1.13189,1.10802,1.00408,0.98822,1.22593,0.966,1.02011,0.99864,0.99668,0.99697,0.98968,1.012,0.99841,1.00147,1.03752,0.93236,0.97738,0.96877,0.72852,1.06735,1.3063,0.72251,1,1.36684,1.3252,1.3413,0.77658,0.68056,1.21371,1.07021,1.31561,1.17172,0.95602,1.2286,0.87729,0.9145,0.99724,1.01926,0.82667,1.04294,0.98403,1.00273,1.00615,1.00236,1.01695,0.99199,1.00456,0.99888,0.97945,1.11013,1.09093
25.14,1.16964,1.16699,0.89737,0.4602,0.79285,1,0.30327,0.45331,0.63734,1.27858,1.26944,0.89691,0.95668,0.55882,0.9622,1.13307,0.89575,1.20682,1.15614,0.99045,0.96325,1.23829,0.99107,1.03657,0.99818,1.00098,1.00088,0.95738,0.90947,0.95407,1.00273,1.04544,0.92567,0.97544,0.89927,0.85142,1.12561,1.32862,1.22033,1,1.3649,1.32263,1.32539,0.5665,0.75479,1.16327,1.0571,1.32979,1.07108,0.94539,1.17673,0.75904,0.85865,1.0243,1.05541,0.8066,1.01203,0.96996,1.00364,0.99954,0.99983,1.06311,1.15501,1.10259,0.9979,0.97466,1.11825,1.09694
25.16,1.22022,0.9812,0.85247,0.37759,0.507,1,0.33108,0.48289,0.72608,1.31029,1.17854,0.98589,0.98613,0.51029,1.07482,1.14986,0.95539,1.2379,1.18443,0.98599,0.93987,1.24549,1.02816,1.05074,0.99772,1.00898,1.00819,0.92694,0.82103,0.91623,1.00425,1.05158,0.92123,0.97436,0.84044,1.04004,1.16232,1.34224,1.31855,1,1.36213,1.31668,1.30045,0.43905,0.89212,1.03236,1.01982,1.33859,0.95076,0.93491,1.09768,0.69042,0.81764,1.03475,1.08453,0.79383,0.98964,0.95707,1.00456,0.9957,0.99837,1.099,1.22954,1.15731,0.99673,0.97081,1.12345,1.1002
25.18,1.24997,0.83409,0.81707,0.31351,0.35513,1,0.36606,0.52978,0.82051,1.32638,0.86058,1.13253,1.0563,0.47474,1.14751,1.16488,1.01768,1.25041,1.20098,0.98847,0.91799,1.24784,1.05824,1.06273,0.99725,1.01713,1.01564,0.89887,0.74023,0.88444,1.006,1.05466,0.92102,0.97483,0.79194,1.21001,1.18643,1.35112,1.34479,1,1.35838,1.30629,1.25794,0.35715,1.1447,0.88793,0.97606,1.34425,0.88168,0.92443,0.98718,0.65805,0.78993,1.02901,1.10842,0.78945,0.97691,0.94552,1.00548,0.99166,0.99682,1.12709,1.27104,1.19139,0.99537,0.96884,1.12368,1.09878
25.2,1.26855,0.71649,0.79041,0.26523,0.26581,1,0.40813,0.59473,0.91785,1.33562,0.63843,1.20734,1.12371,0.44989,1.18483,1.17813,1.08433,1.25246,1.20987,0.99636,0.89752,1.24504,1.07196,1.07267,0.99679,1.02522,1.02307,0.87374,0.66693,0.85821,1.0079,1.05294,0.92777,0.97777,0.75357,1.27098,1.20236,1.35703,1.35638,1,1.35339,1.2895,1.17355,0.30317,1.25744,0.77841,0.93655,1.34786,0.83301,0.91419,0.92918,0.65243,0.7737,1.00958,1.12834,0.79464,0.97042,0.93549,1.00639,0.9875,0.99523,1.14898,1.29723,1.214,0.99388,0.96995,1.11575,1.08967
25.22,1.2802,0.62489,0.77198,0.23085,0.21197,1,0.457,0.6778,1.02741,1.34118,0.49657,1.24575,1.17023,0.43413,1.20475,1.1894,1.12184,1.24737,1.21334,1.01402,0.8784,1.23598,1.06786,1.08065,0.99633,1.03297,1.03021,0.85209,0.60121,0.83701,1.00983,1.04377,0.94522,0.9844,0.72523,1.3011,1.21242,1.36089,1.36239,1,1.34685,1.26263,0.97473,0.2678,1.29858,0.69621,0.89818,1.35002,0.80163,0.90462,0.8877,0.66621,0.76709,0.99031,1.14512,0.81054,0.97241,0.92709,1.00729,0.98336,0.99364,1.1658,1.31501,1.22953,0.99235,0.97568,1.09339,1.06718
25.24,1.28708,0.55491,0.76139,0.20867,0.18099,1,0.51237,0.77901,1.13339,1.34448,0.41227,1.26588,1.20036,0.42619,1.21422,1.19854,1.145,1.23682,1.21274,1.0338,0.86063,1.21839,1.04135,1.08683,0.99589,1.04003,1.03672,0.83425,0.54292,0.82013,1.0117,1.02268,0.97882,0.99628,0.70661,1.31832,1.2179,1.36324,1.36556,1,1.33824,1.21752,0.84514,0.24565,1.31711,0.64193,0.86571,1.35108,0.78506,0.89619,0.85777,0.69306,0.76824,0.97564,1.15937,0.83786,0.98429,0.92039,1.00815,0.97947,0.99214,1.17845,1.32768,1.24049,0.99086,0.98799,1.04118,1.01822
25.26,1.29037,0.50198,0.75832,0.19705,0.16607,1,0.5741,0.89945,1.18351,1.34626,0.36861,1.27539,1.21862,0.42495,1.21646,1.20551,1.16073,1.22234,1.2091,1.0486,0.84425,1.18812,0.99116,1.09139,0.99548,1.04597,1.04218,0.82029,0.49185,0.80665,1.01339,0.9909,1.06083,1.0284,0.69713,1.32904,1.21944,1.36443,1.36703,1,1.32672,1.13143,0.75722,0.23331,1.32545,0.61277,0.84192,1.35124,0.78097,0.88932,0.83517,0.72667,0.77515,0.96383,1.17148,0.87635,1.01191,0.91531,1.00894,0.97608,0.99084,1.18767,1.337,1.24848,0.98951,1.01766,0.96282,0.96203
25.28,1.29073,0.46217,0.76261,0.1945,0.16305,1,0.64184,1.06778,1.21119,1.34694,0.35449,1.27783,1.22789,0.4293,1.2132,1.21027,1.17297,1.20662,1.20354,1.05671,0.82949,1.13805,0.95067,1.09456,0.99512,1.05025,1.04607,0.81017,0.44805,0.79545,1.0148,0.96019,1.15066,1.07092,0.69606,1.33609,1.21727,1.36469,1.36732,1,1.31089,0.96426,0.69725,0.22851,1.32799,0.60485,0.82835,1.35067,0.78689,0.88438,0.81611,0.75943,0.78536,0.95702,1.18165,0.92373,1.06004,0.91172,1.00964,0.97359,0.98989,1.19402,1.34394,1.25465,0.98837,1.06855,0.88249,0.8982
25.3,1.28848,0.43247,0.77425,0.19975,0.16905,1,0.71439,1.19122,1.22696,1.34678,0.36236,1.27501,1.22945,0.43811,1.2057,1.21271,1.18421,1.1947,1.19756,1.05688,0.81686,1.05757,0.90934,1.09654,0.99483,1.05217,1.04769,0.80387,0.41198,0.78545,1.01582,0.9197,1.21777,1.11581,0.7026,1.34086,1.21122,1.36416,1.36674,1,1.28856,0.85329,0.65839,0.22967,1.32658,0.61399,0.82595,1.34948,0.80001,0.88178,0.79732,0.78204,0.79591,0.95688,1.18985,0.97468,1.10046,0.90945,1.01019,0.97245,0.98949,1.19783,1.34906,1.25985,0.98754,1.12041,0.78603,0.81978
25.32,1.28368,0.41066,0.79336,0.21178,0.18187,1,0.78928,1.24586,1.23491,1.34593,0.38646,1.26791,1.22318,0.45025,1.19513,1.21264,1.19593,1.19274,1.19298,1.04771,0.80694,0.97368,0.87405,1.09748,0.99466,1.05102,1.04635,0.80141,0.3842,0.7757,1.01635,0.87031,1.26558,1.15902,0.716,1.34414,1.20068,1.36292,1.36548,1,1.25627,0.76376,0.63727,0.23562,1.32213,0.63593,0.83539,1.34781,0.81733,0.88185,0.77629,0.7856,0.80371,0.96456,1.19598,1.03737,1.12964,0.90836,1.01052,0.97313,0.98983,1.19929,1.35269,1.26465,0.98712,1.16799,0.67982,0.7307
25.34,1.27612,0.39517,0.82006,0.22985,0.19992,1,0.86317,1.27686,1.2368,1.34451,0.42228,1.25707,1.20737,0.4648,1.18261,1.20995,1.20856,1.20332,1.1913,1.02737,0.80021,0.93612,0.84936,1.09752,0.99463,1.04628,1.04154,0.8028,0.36495,0.76564,1.01628,0.81424,1.29904,1.19771,0.73558,1.34636,1.18453,1.361,1.36364,1,1.20827,0.68954,0.6321,0.24545,1.31509,0.66686,0.857,1.34572,0.83624,0.88473,0.75177,0.76588,0.8065,0.98054,1.2,1.0819,1.14772,0.90832,1.01058,0.97591,0.991,1.19847,1.35505,1.26936,0.98717,1.2084,0.57139,0.63649
25.36,1.26535,0.38492,0.85428,0.25358,0.22228,1,0.93227,1.29695,1.23331,1.34261,0.46664,1.24263,1.17801,0.48118,1.16906,1.20469,1.22165,1.2226,1.19303,0.99685,0.79684,0.92253,0.83721,1.09675,0.99473,1.0378,1.03314,0.80793,0.35418,0.7552,1.01557,0.7549,1.32239,1.23046,0.76073,1.34778,1.16099,1.35837,1.36128,1,1.13481,0.62659,0.6416,0.25831,1.30557,0.70384,0.89049,1.34327,0.85501,0.89015,0.72406,0.72608,0.80361,1.00831,1.20197,1.09597,1.15599,0.9092,1.01039,0.98071,0.99297,1.19538,1.35633,1.27399,0.98774,1.24086,0.46775,0.54309
25.38,1.25067,0.37932,0.89524,0.28269,0.24869,1,0.99246,1.311,1.22455,1.34035,0.51752,1.22447,1.12703,0.49914,1.15491,1.19723,1.2342,1.24371,1.19738,0.97606,0.79679,0.93175,0.83773,1.09526,0.99495,1.02602,1.0216,0.81659,0.35185,0.74492,1.01425,0.6965,1.33872,1.25701,0.79062,1.34855,1.12754,1.35496,1.35836,1,1.02051,0.57265,0.66457,0.27323,1.29339,0.7447,0.93418,1.34043,0.87293,0.89744,0.69498,0.67577,0.79622,1.05632,1.202,1.08653,1.15565,0.91092,1.00996,0.98708,0.99555,1.19002,1.3566,1.27832,0.98881,1.26579,0.37435,0.45594
25.4,1.23131,0.37822,0.94099,0.31673,0.27953,1,1.06399,1.32118,1.21027,1.3379,0.5741,1.2022,1.03878,0.51864,1.13997,1.18849,1.24513,1.26146,1.20262,0.95572,0.79982,0.96153,0.8498,1.0931,0.99526,1.01217,1.0082,0.82839,0.35811,0.73584,1.01237,0.6434,1.35016,1.27776,0.8239,1.3487,1.08108,1.3507,1.35474,1,0.94786,0.52682,0.69942,0.28896,1.27797,0.78776,0.98421,1.33717,0.89022,0.90543,0.6674,0.62669,0.78701,1.09415,1.20023,1.05278,1.14741,0.91338,1.00936,0.99414,0.99837,1.18239,1.35587,1.28196,0.99033,1.28417,0.29448,0.37912
25.42,1.2065,0.38181,0.98847,0.35509,0.31599,1,1.0982,1.32866,1.18999,1.33548,0.63678,1.17519,0.95629,0.53986,1.12337,1.17984,1.2536,1.27371,1.2069,0.93907,0.8056,1.01655,0.87156,1.0903,0.99561,0.99915,0.99751,0.84284,0.3734,0.72929,1.01002,0.59903,1.35819,1.29352,0.85882,1.34821,1.01828,1.34551,1.35014,1,0.91331,0.48876,0.74402,0.30405,1.25801,0.83183,1.05757,1.33339,0.90774,0.91279,0.64436,0.58838,0.77923,1.12011,1.1968,0.99341,1.13155,0.91654,1.00868,1.00159,1.00195,1.17249,1.35403,1.2845,0.9922,1.29717,0.22919,0.31477
25.44,1.17537,0.39047,1.05744,0.39734,0.36043,1,1.10775,1.33414,1.16309,1.3333,0.70711,1.14244,0.90779,0.56336,1.10372,1.17274,1.25927,1.28028,1.20884,0.92838,0.81383,1.09906,0.90086,1.08682,0.99598,0.99356,0.99237,0.85942,0.39847,0.72644,1.00735,0.56532,1.36382,1.3052,0.89369,1.34702,0.97295,1.33923,1.34402,1,0.90261,0.45801,0.79584,0.31731,1.23095,0.87613,1.1077,1.32889,0.92649,0.91849,0.62808,0.56611,0.77563,1.13487,1.19175,0.95131,1.10787,0.92039,1.00797,1.01178,1.00591,1.1603,1.35086,1.28557,0.99431,1.30589,0.17787,0.26329
25.46,1.13673,0.40462,1.10598,0.44367,0.41693,1,1.09917,1.33815,1.12894,1.33147,0.78737,1.10239,0.87731,0.59004,1.07941,1.16802,1.26207,1.28158,1.20764,0.92453,0.82429,1.15392,0.93537,1.0826,0.99635,0.9901,0.98932,0.87762,0.43414,0.72811,1.00449,0.54288,1.3677,1.31356,0.92734,1.34502,0.94317,1.33158,1.33529,1,0.91224,0.43384,0.85193,0.32816,1.19176,0.92013,1.1338,1.32333,0.94714,0.9221,0.61976,0.56156,0.77785,1.13986,1.18508,0.91044,1.07589,0.925,1.00724,1.01787,1.00825,1.14577,1.34598,1.28494,0.99654,1.31122,0.13936,0.22426
25.48,1.0887,0.42462,1.13652,0.49503,0.49215,1,1.07365,1.34103,1.08771,1.32998,0.87983,1.05302,0.86408,0.62108,1.04898,1.16556,1.26204,1.27795,1.20295,0.92711,0.83673,1.18912,0.97219,1.07752,0.99675,0.98889,0.98844,0.89682,0.48082,0.7348,1.00163,0.53186,1.37021,1.31906,0.95913,1.34207,0.9198,1.32196,1.32159,1,0.93865,0.41545,0.9084,0.33681,1.12987,0.96331,1.14408,1.31616,0.9697,0.92394,0.61984,0.57417,0.78642,1.13653,1.17675,0.87522,1.03567,0.93042,1.00646,1.01996,1.00891,1.12897,1.33883,1.28237,0.99875,1.31372,0.11294,0.1975
25.5,1.0283,0.45066,1.15659,0.55311,0.59703,1,1.03011,1.34301,1.04223,1.32869,0.98567,0.99622,0.86669,0.65784,1.01165,1.16419,1.25916,1.26958,1.19464,0.93463,0.85083,1.21009,1.01423,1.07145,0.99721,0.98972,0.98952,0.9161,0.53774,0.74671,0.99951,0.53254,1.37151,1.32184,0.98883,1.33798,0.90185,1.30934,1.29711,1,0.9772,0.40229,0.95991,0.34418,1.02004,1.00915,1.1421,1.30652,0.99337,0.92494,0.6284,0.60176,0.80091,1.1264,1.16673,0.84937,0.99493,0.93674,1.00556,1.01852,1.00809,1.11035,1.32869,1.27758,1.0015,1.31356,0.0988,0.18363
25.52,0.97826,0.48286,1.17029,0.62041,0.75145,1,0.98513,1.34423,0.99993,1.32735,1.13039,0.96704,0.88351,0.70191,0.98523,1.16225,1.25323,1.25653,1.18267,0.94501,0.86626,1.21981,1.06044,1.06425,0.99777,0.99218,0.99211,0.93442,0.60258,0.76398,0.99847,0.54561,1.37156,1.32172,1.03023,1.33252,0.88815,1.29171,1.24174,1,1.0387,0.39399,1.00026,0.35175,0.93312,1.06905,1.12878,1.29291,1.03065,0.92636,0.64541,0.64103,0.82041,1.11129,1.15499,0.83581,0.9759,0.94402,1.00445,1.01424,1.00611,1.09077,1.31468,1.27011,1.00463,1.31059,0.0982,0.18424
25.54,0.94616,0.52153,1.18015,0.70049,0.99671,1,0.95771,1.34475,0.9869,1.32563,1.1994,0.94322,0.91291,0.7555,0.96691,1.1581,1.24375,1.23862,1.16677,0.95625,0.88282,1.21941,1.08462,1.05572,0.99847,0.99576,0.99572,0.9509,0.67203,0.78685,0.99779,0.5724,1.37014,1.31811,1.06875,1.32528,0.87745,1.2649,1.00648,1,1.09493,0.39036,1.04152,0.36132,0.86944,1.10719,1.10295,1.27233,1.06344,0.9293,0.67101,0.68864,0.84408,1.09325,1.14139,0.83638,0.964,0.95234,1.00306,1.00782,1.00333,1.07131,1.29566,1.25914,1.00665,1.30413,0.11368,0.20216
25.56,0.91727,0.56731,1.18786,0.79808,1.24845,1,0.93745,1.34461,0.98472,1.32313,1.23677,0.92393,0.95295,0.82163,0.95119,1.15046,1.22974,1.21501,1.14605,0.96695,0.90052,1.2083,1.09324,1.04562,0.99932,1.00005,0.9999,0.96512,0.74292,0.81582,0.9975,0.61493,1.36664,1.30976,1.09841,1.31555,0.86854,1.21883,0.73684,1,1.12744,0.39138,1.04767,0.37488,0.81768,1.13297,1.06142,1.23786,1.08787,0.93451,0.70561,0.74237,0.87166,1.0742,1.12555,0.85175,0.95936,0.96181,1.00136,0.99998,1.00008,1.0529,1.26991,1.24311,1.0075,1.29272,0.15009,0.24227
25.58,0.89003,0.62089,1.19462,0.9185,1.30929,1,0.92633,1.34377,0.99244,1.31936,1.25954,0.90814,1.00106,0.90403,0.93757,1.13841,1.20962,1.18351,1.11861,0.97645,0.9195,1.18369,1.09004,1.03372,1.0006,1.00882,1.00827,0.9771,0.81311,0.85142,0.99759,0.67577,1.35959,1.29385,1.12287,1.3022,0.86029,1.12235,0.54883,1,1.14286,0.39715,1.02495,0.39464,0.77614,1.1514,0.99961,1.16968,1.10672,0.94218,0.74961,0.80175,0.90345,1.0555,1.10687,0.88125,0.96111,0.97246,0.9997,0.99579,0.99835,1.03608,1.23444,1.21921,1.00725,1.27338,0.21689,0.31341
25.6,0.86335,0.68262,1.20128,1.09589,1.3358,1,0.92563,1.34216,1.01604,1.31362,1.2742,0.89478,1.07819,1.01328,0.92524,1.12137,1.18086,1.13882,1.08089,0.98472,0.93988,1.13947,1.07775,1.01989,1.00271,1.01676,1.01585,0.98718,0.88197,0.8941,0.99797,0.75786,1.34482,1.2637,1.14412,1.28337,0.85173,0.93891,0.41379,1,1.14377,0.408,0.98553,0.42323,0.74366,1.16542,0.9648,0.99028,1.12222,0.95203,0.80306,0.86839,0.94022,1.03765,1.08453,0.9226,0.96754,0.98421,0.99863,0.99185,0.99678,1.02088,1.18303,1.18192,1.00611,1.23943,0.33349,0.43207
25.62,0.83662,0.75241,1.20839,1.20292,1.35012,1,0.93625,1.33962,1.05146,1.30476,1.28379,0.88274,1.1233,1.15215,0.91318,1.09901,1.13911,1.06723,1.02571,0.99222,0.96174,1.06276,1.05904,1.00409,1.00481,1.02322,1.02199,0.99595,0.95092,0.94419,0.99855,0.86449,1.30551,1.19918,1.16314,1.25578,0.8421,0.81927,0.31614,1,1.12918,0.42457,0.95023,0.46412,0.71929,1.177,0.93684,0.84536,1.13614,0.96346,0.86574,0.94672,0.98325,1.01998,1.05742,0.97203,0.97654,0.99685,0.99755,0.98854,0.99547,1.0068,1.09969,1.11878,1.00438,1.17276,0.54549,0.63258
25.64,0.80967,0.83025,1.2162,1.251,1.35875,1,0.95857,1.33581,1.08314,1.29061,1.29005,0.87073,1.14771,1.21914,0.9003,1.07096,1.07564,0.96905,0.97317,0.99972,0.98523,0.96844,1.03647,0.99339,1.00679,1.02779,1.02633,1.00811,1.04187,1.00444,0.99923,1.00004,1.01706,0.99995,1.18038,1.21262,0.83085,0.72778,0.2452,1,1.0934,0.4481,0.91404,0.52253,0.70182,1.18765,0.91823,0.72574,1.14979,0.97581,0.93776,1.0715,1.05783,1.00074,1.0239,1.04415,0.98631,1.01929,0.99653,0.98614,0.99451,0.99649,0.97022,0.99675,1.00235,0.99998,0.99057,1.00027
25.66,0.78281,0.91669,1.22468,1.27758,1.3643,1,0.9922,1.33015,1.1073,1.26632,1.29418,0.85738,1.15739,1.25817,0.88561,1.03654,0.98601,0.895,0.93017,1.01547,1.01975,0.90988,1.01176,0.98466,1.00857,1.03031,1.02874,1.02354,1.13256,1.09893,0.9999,1.17209,0.57284,0.8279,1.19589,1.13656,0.81778,0.65778,0.1935,1,1.02116,0.48063,0.8829,0.60672,0.6895,1.19858,0.90999,0.62657,1.16403,0.98861,1.03602,1.17564,1.12506,0.98927,0.99122,1.10822,0.99584,1.04237,0.9956,0.9848,0.99397,0.98944,0.88224,0.91105,1.0003,0.86338,1.30807,1.28656
25.68,0.75693,1.02371,1.23355,1.294,1.36798,1,1.05868,1.32152,1.12181,1.2188,1.29719,0.84123,1.15511,1.28339,0.86834,0.99738,0.92866,0.8184,0.88478,1.03298,1.06155,0.86258,0.99277,0.97602,1.0101,1.03083,1.02929,1.03936,1.1904,1.15843,1.001,1.23885,0.36001,0.70198,1.20949,0.98546,0.80306,0.60408,0.15618,1,0.95275,0.5252,0.86249,0.73031,0.68009,1.21066,0.91198,0.54421,1.1792,1.00298,1.13814,1.23633,1.1751,0.97627,0.96975,1.1481,1.00978,1.06284,0.9948,0.98452,0.99385,0.98168,0.79898,0.83352,0.99924,0.75591,1.3471,1.33228
25.7,0.73347,1.1414,1.24232,1.3048,1.37038,1,1.11299,1.30768,1.1244,1.09599,1.3,0.8211,1.14152,1.30065,0.84811,0.97594,0.876,0.73987,0.8375,1.0525,1.09518,0.82527,0.97938,0.96773,1.01136,1.02948,1.02813,1.05632,1.23172,1.19846,1.00189,1.27294,0.24152,0.61197,1.22081,0.88356,0.78729,0.56299,0.13033,1,0.89652,0.58626,0.85869,0.9171,0.671,1.22422,0.92323,0.47632,1.19512,1.02616,1.1956,1.27577,1.21329,0.96058,0.94889,1.17423,1.02694,1.08063,0.99413,0.98524,0.99411,0.97268,0.71727,0.76478,0.99855,0.67313,1.36146,1.34998
25.72,0.71399,1.20033,1.25048,1.31213,1.37181,1,1.14935,1.28337,1.11113,0.87998,1.30328,0.79647,1.11556,1.31283,0.82507,0.95638,0.8279,0.66149,0.78942,1.07375,1.12204,0.79649,0.96443,0.96007,1.01233,1.02649,1.02548,1.07458,1.2628,1.22638,1.00239,1.29241,0.17315,0.55097,1.22957,0.80086,0.77141,0.53192,0.11433,1,0.84938,0.6707,0.87765,1.19201,0.6599,1.23889,0.94217,0.42123,1.2112,1.04564,1.23215,1.30282,1.24275,0.94188,0.92923,1.19184,1.04476,1.09564,0.99362,0.98683,0.9947,0.9621,0.63682,0.70538,0.99817,0.61168,1.36827,1.35857
25.74,0.6997,1.23543,1.25757,1.31714,1.37243,1,1.17159,1.23227,1.07359,0.73011,1.30733,0.76794,1.07427,1.32155,0.80006,0.93871,0.78436,0.58627,0.74215,1.09574,1.14336,0.7753,0.94679,0.9533,1.01297,1.02202,1.0215,1.09376,1.28659,1.24628,1.00243,1.30393,0.13573,0.51379,1.23565,0.73304,0.75655,0.50901,0.10728,1,0.81555,0.79,0.92546,1.28125,0.6455,1.25372,0.96692,0.37738,1.2266,1.06201,1.25717,1.32188,1.26547,0.92046,0.91124,1.20364,1.06417,1.10791,0.99328,0.98916,0.99557,0.94984,0.55922,0.65541,0.99813,0.56859,1.37163,1.36291
25.76,0.69128,1.25857,1.26318,1.32049,1.3723,1,1.18259,1.06747,0.99554,0.61027,1.31195,0.73745,1.01252,1.3278,0.77465,0.92266,0.74557,0.51756,0.69774,1.11701,1.16023,0.76156,0.92627,0.94759,1.01325,1.01616,1.0163,1.11309,1.30473,1.26056,1.00207,1.31051,0.11979,0.49641,1.23911,0.6768,0.74403,0.49285,0.10879,1,0.7971,0.96445,1.01506,1.31761,0.62805,1.26747,0.99521,0.34337,1.24043,1.07597,1.27503,1.3354,1.2828,0.89739,0.8952,1.21081,1.08481,1.11761,0.99313,0.99215,0.99669,0.93612,0.4871,0.61465,0.99841,0.5412,1.37299,1.36474
25.78,0.68905,1.27483,1.26686,1.32256,1.3714,1,1.18373,0.81178,0.93613,0.51537,1.31656,0.7081,0.96893,1.33216,0.75118,0.90784,0.71221,0.45881,0.65877,1.13598,1.17344,0.75615,0.90378,0.94309,1.01313,1.00896,1.00993,1.13153,1.31832,1.27061,1.00141,1.31363,0.12037,0.49564,1.24001,0.62991,0.73541,0.4825,0.119,1,0.79511,1.1986,1.148,1.3368,0.60942,1.27904,1.04233,0.31824,1.25183,1.08817,1.28792,1.34488,1.29559,0.87457,0.88129,1.21354,1.10535,1.12486,0.99319,0.99572,0.99801,0.92151,0.42352,0.58307,0.99892,0.52744,1.37294,1.36482
25.8,0.69313,1.28659,1.26803,1.32355,1.36962,1,1.1746,0.63969,0.87793,0.44193,1.32044,0.68386,0.93857,1.33491,0.73261,0.89385,0.68542,0.41319,0.62825,1.15115,1.18352,0.76095,0.88112,0.93998,1.01255,1.00047,1.00246,1.14801,1.32813,1.27713,1.00065,1.31396,0.13483,0.50884,1.23835,0.59116,0.73261,0.47748,0.13866,1,0.81061,1.27584,1.21621,1.34817,0.5927,1.28758,1.0773,0.30166,1.26005,1.0991,1.29696,1.35121,1.30436,0.85452,0.8698,1.21112,1.12414,1.12969,0.9935,0.99978,0.99952,0.907,0.37127,0.56113,0.99951,0.52596,1.37171,1.36344
25.82,0.7037,1.29513,1.26589,1.32349,1.3667,1,1.15222,0.51117,0.82913,0.38721,1.32293,0.66871,0.91845,1.3362,0.72187,0.88045,0.66644,0.38299,0.60899,1.16153,1.19073,0.77851,0.86037,0.93843,1.01144,0.99553,0.99705,1.1617,1.33481,1.28043,1.00001,1.31171,0.1618,0.53375,1.23397,0.56003,0.73771,0.47775,0.16952,1,0.84526,1.31057,1.25271,1.35524,0.58145,1.29251,1.09768,0.29379,1.26452,1.1091,1.30277,1.355,1.30941,0.83979,0.86103,1.20191,1.13987,1.13204,0.99409,1.00824,1.0023,0.89371,0.33208,0.54955,0.99999,0.53599,1.36931,1.36065
25.84,0.72106,1.30118,1.25936,1.32234,1.36204,1,1.10832,0.41493,0.79486,0.34864,1.32345,0.66601,0.90984,1.336,0.7212,0.86755,0.65592,0.36941,0.60305,1.16667,1.19527,0.81146,0.84311,0.9386,1.00977,0.99066,0.99272,1.17221,1.33892,1.28057,0.99985,1.30673,0.2009,0.5685,1.22645,0.53623,0.75265,0.48364,0.21519,1,0.90195,1.32972,1.27189,1.35965,0.57905,1.29336,1.10582,0.29499,1.26479,1.1183,1.3058,1.3566,1.3109,0.83214,0.85528,1.18293,1.15202,1.13179,0.99497,1.01689,1.00565,0.88264,0.30634,0.54904,1.00045,0.55721,1.36562,1.35631
25.86,0.74574,1.30518,1.24666,1.31989,1.35434,1,1.01992,0.34249,0.77765,0.32388,1.32136,0.67857,0.91188,1.33424,0.73187,0.85532,0.65373,0.37307,0.61168,1.16659,1.1972,0.86193,0.83013,0.94057,1.00754,0.98592,0.98849,1.17947,1.34088,1.27744,0.99994,1.29855,0.25261,0.61162,1.215,0.51959,0.779,0.4958,0.2828,1,0.98523,1.3415,1.2801,1.36227,0.58862,1.28934,1.10392,0.30575,1.26037,1.12668,1.30641,1.35618,1.30872,0.83227,0.85276,1.14859,1.16065,1.1288,0.99614,1.02503,1.00888,0.87452,0.29357,0.56007,1.00019,0.58943,1.36027,1.35004
25.88,0.77835,1.30735,1.22466,1.31582,1.34018,1,0.9371,0.28812,0.77883,0.31115,1.31556,0.70919,0.92147,1.33072,0.75418,0.84424,0.65896,0.39471,0.6356,1.16151,1.19653,0.93064,0.82155,0.94432,1.00484,0.98168,0.98472,1.18344,1.34095,1.27067,1.00057,1.28642,0.31769,0.6615,1.19833,0.51025,0.81782,0.51522,0.38624,1,1.12794,1.34919,1.27956,1.36355,0.61358,1.27864,1.09475,0.32666,1.25043,1.13398,1.30493,1.35356,1.30233,0.83981,0.85364,1.08769,1.16612,1.12291,0.99753,1.03205,1.01174,0.86989,0.29313,0.58289,0.99957,0.63195,1.35267,1.34117
25.9,0.81939,1.30768,1.18719,1.30953,1.30784,1,0.86419,0.24831,0.79968,0.30942,1.30371,0.76128,0.93319,1.32509,0.78746,0.83515,0.66999,0.43564,0.67518,1.15193,1.19305,1.02848,0.8171,0.94979,1.00182,0.97848,0.98189,1.18403,1.33917,1.25964,1.00176,1.26944,0.39613,0.7158,1.17437,0.50883,0.86934,0.54329,0.55492,1,1.20744,1.3543,1.26944,1.36373,0.65841,1.25689,1.08295,0.35842,1.23367,1.13978,1.30171,1.34819,1.29044,0.85345,0.85811,0.98833,1.1689,1.11394,0.99908,1.03721,1.01387,0.86919,0.30475,0.61743,0.99865,0.68291,1.3419,1.32879
25.92,0.86929,1.30594,1.11986,1.29999,1.17282,1,0.79656,0.22091,0.84226,0.3184,1.27991,0.83951,0.94048,1.31676,0.83024,0.82902,0.68479,0.49812,0.73052,1.13856,1.1864,1.1353,0.81632,0.95682,0.99935,0.97684,0.98048,1.18095,1.33535,1.24325,1.00339,1.24672,0.48607,0.77129,1.1396,0.51637,0.93307,0.58191,0.86344,1,1.25242,1.3576,1.24413,1.36283,0.72948,1.21188,1.07526,0.402,1.20776,1.14361,1.29716,1.33872,1.27034,0.87128,0.86635,0.9259,1.16938,1.10164,1.00132,1.03981,1.01492,0.87281,0.32876,0.66348,0.9974,0.73903,1.32672,1.31168
25.94,0.92849,1.30164,0.99019,1.28528,0.69167,1,0.73713,0.20445,0.91006,0.33839,1.22497,0.95047,0.93796,1.30464,0.8808,0.82661,0.70139,0.58611,0.80184,1.1222,1.17594,1.18924,0.81868,0.96526,0.99784,0.97712,0.98082,1.17368,1.32896,1.21947,1.00533,1.21753,0.5835,0.82456,1.08738,0.53435,1.01564,0.63376,1.2669,1,1.27997,1.3595,1.18312,1.36075,0.83589,1.09641,1.07795,0.45902,1.16842,1.14509,1.2917,1.32191,1.23585,0.89137,0.87852,0.87508,1.16792,1.08562,1.00431,1.03936,1.01467,0.88103,0.36656,0.72113,0.99589,0.79638,1.30543,1.28835
25.96,0.9974,1.29393,0.90157,1.26146,0.43553,1,0.68744,0.19794,1.01598,0.37019,1.02581,1.12907,0.92364,1.2867,0.93737,0.82828,0.71824,0.70566,0.88926,1.10367,1.16075,1.2192,0.82371,0.97492,0.99647,0.9794,0.98293,1.16151,1.31884,1.18434,1.00748,1.18135,0.68286,0.8728,1.00382,0.56458,1.12175,0.70236,1.33214,1,1.29766,1.36023,0.98559,1.35724,0.99003,0.8919,1.09261,0.532,1.10698,1.14406,1.28574,1.28871,1.17085,0.91215,0.89467,0.83668,1.16476,1.06532,1.007,1.03574,1.01309,0.89391,0.42093,0.79095,0.9942,0.85143,1.27572,1.25702
25.98,1.10534,1.28126,0.82643,1.21937,0.28092,1,0.64853,0.20086,1.15748,0.41466,0.79351,1.22109,0.89964,1.25901,0.99782,0.83399,0.73428,0.86376,0.99147,1.08379,1.1396,1.23641,0.83094,0.98553,0.99528,0.9834,0.98651,1.14344,1.30263,1.12991,1.0097,1.13783,0.77827,0.91437,0.94912,0.60926,1.18041,0.79189,1.35457,1,1.30909,1.3599,0.80574,1.35183,1.18828,0.75168,1.11504,0.62408,1.00479,1.14051,1.27962,1.20414,1.02014,0.93238,0.9146,0.80982,1.16012,1.04019,1.00934,1.02923,1.01038,0.91118,0.49617,0.8737,0.99245,0.90183,1.23458,1.21566
26,1.16696,1.26073,0.76505,1.13246,0.18205,1,0.62161,0.21325,1.22611,0.47214,0.64223,1.26434,0.87119,1.21351,1.08811,0.8433,0.74888,1.09353,1.12969,1.06352,1.11097,1.24599,0.83991,0.99666,0.99428,0.98851,0.99097,1.11832,1.27528,1.03896,1.01183,1.08649,0.86506,0.94888,0.9018,0.67097,1.21603,0.90652,1.36546,1,1.31603,1.35849,0.66057,1.34379,1.25611,0.64643,1.13863,0.73789,0.94004,1.13458,1.27364,0.92112,0.8912,0.95111,0.9377,0.7929,1.15419,1.00997,1.01126,1.02062,1.00699,0.93214,0.59818,0.96941,0.99076,0.94662,1.17783,1.16185
26.02,1.20428,1.22596,0.71738,0.9542,0.11767,1,0.60802,0.23589,1.26427,0.54206,0.54579,1.28689,0.84433,1.13088,1.13971,0.85556,0.76174,1.2198,1.19222,1.04389,1.07296,1.25059,0.85016,1.0149,0.9935,0.99398,0.99553,1.08476,1.22363,0.95162,1.0137,1.02551,0.94136,0.9771,0.86159,0.75314,1.23849,1.07762,1.37152,1,1.31928,1.35582,0.54887,1.332,1.28596,0.57388,1.1584,0.87446,0.89052,1.12651,1.26801,0.73221,0.80497,0.96767,0.96308,0.7842,1.14715,0.98829,1.01275,1.01103,1.00348,0.95575,0.7352,1.10675,0.98926,0.98641,1.09858,1.09181
26.04,1.22778,1.15961,0.68287,0.8336,0.07619,1,0.60904,0.27057,1.28722,0.62317,0.49227,1.29842,0.82364,0.97801,1.17022,0.87016,0.77285,1.26322,1.22337,1.02577,1.02274,1.25165,0.86145,1.0333,0.99295,0.99913,0.99955,1.04086,1.09829,0.89238,1.01516,0.9778,1.01693,1.0015,0.82935,0.8612,1.25257,1.19645,1.37506,1,1.31904,1.3515,0.4656,1.31447,1.29961,0.53018,1.17221,1.05495,0.85346,1.11647,1.26284,0.62142,0.74699,0.98174,0.98982,0.78216,1.13909,0.97283,1.0138,1.00163,1.00035,0.98091,0.92019,1.18365,0.98808,1.04086,0.99064,0.99807
26.06,1.24267,0.99655,0.66057,0.73937,0.05075,1,0.6259,0.32045,1.30167,0.71387,0.47283,1.30303,0.81149,0.88442,1.18826,0.88666,0.78243,1.2822,1.23914,1.00959,0.98044,1.24993,0.87373,1.04853,0.99264,1.00691,1.00524,0.99233,0.89091,0.84315,1.01615,0.94555,1.10269,1.0393,0.80513,1.00791,1.26086,1.24874,1.37711,1,1.31498,1.34472,0.40507,1.28733,1.30416,0.51122,1.17982,1.18965,0.82791,1.10452,1.25815,0.55936,0.71217,0.99343,1.03115,0.78549,1.12989,0.95913,1.01438,0.99671,0.99896,1.01271,1.17452,1.22525,0.98728,1.08899,0.9302,0.94651
26.08,1.25173,0.86841,0.64958,0.66676,0.03725,1,0.65989,0.39048,1.31083,0.81193,0.48118,1.30253,0.80845,0.8161,1.19801,0.90472,0.7908,1.29027,1.24591,0.99765,0.95162,1.24586,0.88716,1.06083,0.99258,1.01348,1.00934,0.96456,0.75907,0.8028,1.01662,0.91379,1.15582,1.07005,0.7886,1.18398,1.26473,1.27712,1.37817,1,1.30594,1.33391,0.36274,1.24206,1.30223,0.51331,1.18167,1.24125,0.81274,1.09065,1.25385,0.52963,0.69583,1.00622,1.07041,0.79314,1.1193,0.94739,1.0145,0.99349,0.99813,1.05366,1.26281,1.25064,0.98689,1.12687,0.87651,0.89961
26.1,1.25646,0.76145,0.64926,0.61263,0.03342,1,0.71248,0.4879,1.31634,0.91389,0.51214,1.2977,0.8139,0.7678,1.20159,0.92398,0.79829,1.29229,1.24675,0.99147,0.92626,1.2397,0.90197,1.07044,0.99277,1.01829,1.01194,0.94069,0.66029,0.7705,1.01658,0.88033,1.19574,1.09819,0.77938,1.25156,1.26484,1.29394,1.37846,1,1.28924,1.31563,0.33567,1.15674,1.29475,0.53307,1.17834,1.2668,0.8069,1.07486,1.24982,0.52182,0.69374,1.02182,1.09973,0.80418,1.10692,0.93777,1.01414,0.99107,0.9976,1.08358,1.29924,1.26712,0.98692,1.15941,0.82279,0.8521
26.12,1.25759,0.6737,0.65927,0.57494,0.03817,1,0.78549,0.62404,1.31899,1.02766,0.56008,1.28874,0.82657,0.73605,1.2,0.94405,0.80535,1.29062,1.2434,0.98575,0.90487,1.23156,0.91843,1.07751,0.99322,1.02184,1.01373,0.92142,0.58659,0.74575,1.01605,0.84412,1.22862,1.12544,0.7771,1.28637,1.26132,1.30402,1.37809,1,1.25821,1.28081,0.32214,0.97952,1.282,0.56718,1.17032,1.2804,0.80952,1.05718,1.24588,0.52829,0.70197,1.0353,1.12143,0.81781,1.09221,0.93043,1.01329,0.98926,0.99723,1.10487,1.31843,1.27797,0.98736,1.18831,0.76554,0.80121
26.14,1.25542,0.60265,0.67941,0.55202,0.0513,1,0.88162,0.81897,1.31916,1.1353,0.61842,1.27548,0.84522,0.71824,1.19357,0.96468,0.81255,1.28671,1.23698,0.97991,0.88763,1.22146,0.93675,1.08221,0.99391,1.02459,1.01538,0.90703,0.53235,0.72808,1.01501,0.80547,1.25626,1.15191,0.78144,1.30702,1.25389,1.3096,1.37707,1,1.19227,1.19409,0.32128,0.87076,1.26421,0.61248,1.15778,1.28717,0.81977,1.03756,1.24169,0.54301,0.71717,1.04823,1.13722,0.83339,1.07451,0.92542,1.01196,0.98783,0.99688,1.11936,1.32973,1.28496,0.9882,1.21377,0.70415,0.74644
26.16,1.24993,0.54566,0.70931,0.5424,0.07325,1,1.00868,1.13655,1.31692,1.18532,0.6795,1.25742,0.86889,0.7121,1.18225,0.98574,0.82071,1.28172,1.22831,0.97344,0.87437,1.20931,0.95703,1.08475,0.99483,1.02691,1.01731,0.89728,0.49344,0.71695,1.01348,0.76595,1.27912,1.17684,0.79201,1.32032,1.24193,1.31183,1.3753,1,0.99371,0.91281,0.33271,0.7954,1.24226,0.66589,1.14041,1.28938,0.83677,1.01581,1.23673,0.56108,0.73652,1.06163,1.14846,0.85041,1.05311,0.92267,1.01019,0.98661,0.99647,1.12856,1.33673,1.28906,0.98944,1.23544,0.64037,0.68923
26.18,1.24087,0.50064,0.74788,0.54475,0.10472,1,1.165,1.26871,1.31215,1.21409,0.73459,1.23405,0.89686,0.71534,1.16585,1.01366,0.83085,1.27674,1.21818,0.96602,0.86471,1.19501,0.979,1.08534,0.99592,1.02898,1.01964,0.89153,0.46696,0.71192,1.01143,0.72833,1.2974,1.19918,0.80823,1.32929,1.22457,1.31129,1.37265,1,0.82603,0.71136,0.35636,0.74036,1.21869,0.72387,1.11748,1.28822,0.85921,0.99597,1.23022,0.57829,0.75756,1.07595,1.1562,0.86838,1.02741,0.92202,1.00808,0.98551,0.99597,1.13377,1.34105,1.29085,0.99108,1.25291,0.57763,0.63258
26.2,1.22784,0.46634,0.79274,0.55798,0.14618,1,1.22962,1.31109,1.30453,1.23342,0.77476,1.20556,0.92843,0.72554,1.14442,1.04901,0.8441,1.27286,1.20757,0.9575,0.85819,1.17857,1.00372,1.08421,0.9971,1.03087,1.02226,0.8889,0.45117,0.71262,1.00886,0.69608,1.31149,1.21808,0.82925,1.33538,1.20104,1.30818,1.36892,1,0.70185,0.57226,0.39219,0.69686,1.19864,0.78169,1.08782,1.28446,0.88523,0.98424,1.22108,0.59117,0.778,1.09112,1.16123,0.88673,0.99871,0.92325,1.00578,0.9845,0.99541,1.1361,1.34348,1.2906,0.99312,1.26594,0.51977,0.58006
26.22,1.21024,0.442,0.84022,0.58123,0.1974,1,1.26274,1.33143,1.29352,1.24832,0.79309,1.17397,0.96286,0.74023,1.11852,1.07722,0.86163,1.27096,1.19761,0.94802,0.85434,1.16008,1.0429,1.08155,0.99827,1.03249,1.02485,0.88842,0.44506,0.71878,1.00576,0.67228,1.32206,1.23329,0.85402,1.33937,1.17109,1.30242,1.3639,1,0.61288,0.47354,0.4401,0.65889,1.18852,0.83366,1.04978,1.27873,0.91256,0.97322,1.20776,0.59734,0.79583,1.10664,1.16413,0.90488,0.98364,0.92613,1.00347,0.98362,0.99484,1.13652,1.34439,1.2884,0.99555,1.2746,0.46942,0.53433
26.24,1.18697,0.42697,0.88636,0.61409,0.25752,1,1.28122,1.34302,1.27816,1.26109,0.78728,1.14378,0.99944,0.75723,1.08906,1.10008,0.88439,1.27131,1.18935,0.93798,0.85272,1.13948,1.07212,1.07753,0.99936,1.03374,1.02712,0.88928,0.44806,0.73006,1.00215,0.6585,1.32999,1.24524,0.88165,1.34171,1.13536,1.29353,1.35734,1,0.55202,0.40226,0.50023,0.62266,1.19181,0.87448,1.00084,1.27157,0.93925,0.96294,1.18792,0.5962,0.80972,1.12167,1.16534,0.92258,0.97034,0.93041,1.00129,0.98294,0.99433,1.13577,1.34394,1.2842,0.99835,1.27929,0.42689,0.49599
26.26,1.15604,0.42048,0.92812,0.65657,0.32531,1,1.2916,1.35027,1.25682,1.27266,0.76066,1.12079,1.0617,0.77497,1.0568,1.11908,0.91288,1.27344,1.1834,0.9281,0.85292,1.11609,1.0934,1.07231,1.00067,1.03449,1.02883,0.89096,0.45968,0.74588,0.99905,0.65453,1.33615,1.25479,0.91163,1.34269,1.09531,1.28053,1.34891,1,0.51329,0.35013,0.57304,0.58646,1.20599,0.9011,0.97341,1.26342,0.9642,0.95327,1.15794,0.58927,0.81927,1.13524,1.16519,0.94006,0.95927,0.93585,0.99966,0.98253,0.99395,1.13428,1.34218,1.27792,1.00288,1.28059,0.39049,0.46368
26.28,1.11377,0.42174,0.96402,0.70877,0.39943,1,1.29689,1.35507,1.22683,1.28314,0.72111,1.10877,1.10586,0.79254,1.02167,1.13541,0.94678,1.27622,1.17962,0.91948,0.85457,1.08815,1.10823,1.06608,1.00241,1.03461,1.02979,0.89328,0.47925,0.76516,0.99691,0.65841,1.3413,1.26293,0.94367,1.3425,1.05285,1.26166,1.33812,1,0.49206,0.31182,0.65872,0.5504,1.22484,0.91374,0.94852,1.25456,0.98739,0.944,1.11181,0.58002,0.82513,1.14618,1.16395,0.95798,0.95073,0.94219,0.99878,0.98247,0.99374,1.13219,1.33908,1.26958,1.00925,1.27932,0.3575,0.43487
26.3,1.05351,0.42998,0.99437,0.77034,0.47857,1,1.29863,1.3583,1.18414,1.29232,0.67821,1.10676,1.13745,0.80957,0.9914,1.14986,0.98461,1.2782,1.1772,0.9136,0.85736,1.05228,1.11755,1.05911,1.00398,1.03394,1.02988,0.89635,0.50576,0.78617,0.99476,0.66666,1.346,1.27055,0.97753,1.34125,1.0091,1.23391,1.32427,1,0.48486,0.28401,0.75596,0.51591,1.24276,0.91578,0.9264,1.24512,1.01835,0.93491,1.03932,0.5733,0.82882,1.15323,1.16186,0.97731,0.94497,0.94908,0.99798,0.98283,0.99371,1.12941,1.3346,1.25949,1.01544,1.27654,0.32516,0.40677
26.32,0.98292,0.44453,1.03704,0.84038,0.56191,1,1.2976,1.36043,1.12282,1.29999,0.64012,1.11023,1.16,0.82615,0.97207,1.16291,1.0421,1.27798,1.17492,0.91192,0.86105,1.00246,1.12192,1.05169,1.00548,1.03236,1.02903,0.90046,0.53786,0.80685,0.99275,0.67511,1.35051,1.27819,1.02406,1.33897,0.98341,1.19171,1.30615,1,0.48912,0.26464,0.86101,0.48474,1.25685,0.91225,0.90767,1.235,1.05472,0.92587,0.96786,0.57406,0.83224,1.15518,1.15905,0.99905,0.94216,0.95617,0.99721,0.98369,0.99391,1.12561,1.32867,1.24836,1.02107,1.27361,0.29184,0.37743
26.34,0.93844,0.46505,1.07163,0.91784,0.65009,1,1.2942,1.36175,1.03425,1.30615,0.61175,1.11443,1.17588,0.84268,0.95257,1.17478,1.09185,1.27437,1.17167,0.91546,0.86556,0.97024,1.12187,1.04409,1.00697,1.02981,1.02722,0.90593,0.5744,0.82554,0.99099,0.68054,1.35478,1.28583,1.07709,1.3356,0.96502,1.12308,1.28138,1,0.50296,0.25229,0.968,0.45798,1.26639,0.90789,0.89264,1.22384,1.08584,0.91688,0.92146,0.5862,0.83704,1.15104,1.15553,1.04184,0.94219,0.96321,0.99643,0.98507,0.99431,1.12041,1.32114,1.2371,1.02591,1.27168,0.25794,0.34688
26.36,0.89823,0.49165,1.09887,1.00389,0.74609,1,1.28857,1.36242,0.96295,1.31097,0.59506,1.1162,1.18688,0.85974,0.93267,1.1854,1.12573,1.26633,1.16668,0.92438,0.87105,0.93861,1.11807,1.0364,1.00848,1.02637,1.02459,0.91303,0.61487,0.84164,0.98952,0.68206,1.35857,1.29293,1.11583,1.33095,0.94804,0.99801,1.24425,1,0.52494,0.24592,1.10006,0.43582,1.27167,0.90603,0.88115,1.21103,1.11304,0.90811,0.88292,0.61193,0.8442,1.14005,1.15116,1.07922,0.94465,0.97012,0.99565,0.98689,0.9949,1.11345,1.31166,1.22632,1.02984,1.27113,0.22585,0.31729
26.38,0.86262,0.52469,1.12136,1.12042,0.85599,1,1.28077,1.36254,0.9225,1.3147,0.59009,1.11391,1.19438,0.87788,0.91308,1.19451,1.14986,1.25285,1.15971,0.93789,0.87782,0.90835,1.11164,1.02857,1.00997,1.02232,1.02139,0.92185,0.65944,0.85583,0.98836,0.68162,1.36153,1.29868,1.14467,1.32465,0.93194,0.91793,1.17867,1,0.55361,0.24479,1.16748,0.41795,1.27319,0.90843,0.87276,1.19568,1.13625,0.89998,0.851,0.65136,0.85386,1.1218,1.14561,1.10966,0.94866,0.97691,0.99487,0.98901,0.9956,1.10442,1.29949,1.21585,1.0329,1.27129,0.19933,0.29249
26.4,0.8324,0.56471,1.13975,1.18022,0.98972,1,1.27097,1.36216,0.8941,1.31754,0.59588,1.10698,1.19943,0.89753,0.89526,1.20166,1.16807,1.2332,1.15104,0.95412,0.88633,0.88235,1.10441,1.02049,1.01134,1.01814,1.01805,0.93227,0.70893,0.86991,0.98749,0.68361,1.36331,1.30211,1.16597,1.31614,0.91706,0.85199,1.01971,1,0.58696,0.24841,1.2007,0.40387,1.27141,0.91555,0.86683,1.17663,1.15483,0.89317,0.82391,0.70179,0.86532,1.09681,1.13836,1.13248,0.953,0.98372,0.99414,0.99115,0.99631,1.09316,1.28324,1.20443,1.03516,1.27058,0.18271,0.27728
26.42,0.80837,0.61242,1.15415,1.21596,1.16869,1,1.25962,1.36131,0.87486,1.31964,0.61114,1.09528,1.20275,0.91905,0.88096,1.2064,1.18277,1.20759,1.14135,0.97057,0.89711,0.86346,1.09878,1.01193,1.01246,1.01443,1.01508,0.94409,0.76487,0.88636,0.98688,0.69377,1.36354,1.30222,1.18117,1.30448,0.90416,0.79787,0.86853,1,0.62227,0.25651,1.21892,0.3932,1.26659,0.92702,0.8628,1.15217,1.16828,0.88842,0.7998,0.7575,0.87745,1.0673,1.12871,1.14743,0.95626,0.99067,0.99355,0.99302,0.99694,1.07957,1.26012,1.18956,1.03674,1.26682,0.18052,0.27679
26.44,0.79079,0.66894,1.16485,1.23935,1.24397,1,1.24766,1.35995,0.8623,1.32104,0.63489,1.07855,1.20465,0.94288,0.87141,1.20844,1.19547,1.17779,1.13135,0.98486,0.91071,0.85357,1.09703,1.00262,1.01324,1.01166,1.01287,0.95713,0.8297,0.9077,0.98649,0.71803,1.36169,1.29773,1.19144,1.28793,0.89375,0.75344,0.74669,1,0.65619,0.26912,1.22937,0.38592,1.25866,0.94228,0.86044,1.11933,1.17662,0.8863,0.77715,0.8113,0.8893,1.03733,1.11575,1.15479,0.95725,0.99799,0.99314,0.99439,0.9974,1.06344,1.22394,1.16731,1.03775,1.25725,0.19787,0.29664
26.46,0.77914,0.73598,1.17255,1.2557,1.28487,1,1.23659,1.35802,0.85421,1.32169,0.66689,1.056,1.20499,0.96965,0.86708,1.20774,1.20697,1.14724,1.12127,0.99544,0.92758,0.85311,1.10046,0.99618,1.01362,1.01003,1.01159,0.97131,0.90691,0.93597,0.98627,0.76221,1.35664,1.28639,1.1979,1.26303,0.88577,0.71666,0.63909,1,0.68493,0.28646,1.23559,0.38251,1.24711,0.96098,0.86002,1.07246,1.18025,0.88703,0.75496,0.85711,0.90058,1.01193,1.09831,1.15513,0.9553,1.01136,0.99293,0.99519,0.99767,1.04438,1.15787,1.13113,1.03831,1.2373,0.24243,0.34461
26.48,0.77223,0.81548,1.17822,1.26774,1.31059,1,1.22851,1.35541,0.84854,1.32139,0.70756,1.02616,1.20309,1.00005,0.86759,1.20443,1.21758,1.11973,1.11069,1.00356,0.94791,0.86114,1.10886,0.99068,1.01364,1.00944,1.01114,0.98661,1.00173,0.97238,0.98619,0.83255,1.34546,1.26308,1.2016,1.22216,0.87961,0.68581,0.54327,1,0.70446,0.30891,1.23974,0.38408,1.23076,0.98294,0.86237,0.99997,1.17983,0.89041,0.73295,0.89213,0.91178,0.99759,1.07498,1.14919,0.95035,1.02674,0.99292,0.99548,0.99776,1.02178,0.99887,1.06791,1.03851,1.19645,0.32897,0.43431
26.5,0.76837,0.90893,1.18296,1.27696,1.32802,1,1.22577,1.35198,0.8434,1.31978,0.75785,0.99355,1.19775,1.05758,0.87197,1.19883,1.22722,1.09676,1.09837,1.00849,0.97154,0.87546,1.12076,0.98482,1.01335,1.00948,1.01117,1.00576,1.13954,1.03112,0.98623,0.93645,1.31781,1.21349,1.20363,1.14525,0.87427,0.65963,0.45864,1,0.71083,0.33685,1.24334,0.39245,1.20742,1.01539,0.86884,0.95374,1.17615,0.89591,0.71149,0.91775,0.92406,0.99419,1.04405,1.13808,0.94291,1.04198,0.99307,0.99546,0.99776,0.99752,0.87363,0.97597,1.03841,1.10067,0.49046,0.59325
26.52,0.76576,1.0313,1.18786,1.28423,1.34039,1,1.2299,1.3475,0.83716,1.31624,0.81933,0.97205,1.18713,1.10339,0.87876,1.19139,1.23564,1.07583,1.08225,1.00808,0.99801,0.89301,1.13418,0.97863,1.01287,1.0096,1.01122,1.03609,1.20828,1.09915,0.98636,1.1129,1.19915,1.07792,1.20499,0.98048,0.86853,0.63716,0.38484,1,0.70119,0.37079,1.24756,0.41037,1.17282,1.05994,0.88088,0.90755,1.17025,0.90284,0.69148,0.93869,0.93901,0.99448,1.00336,1.12345,0.93384,1.05689,0.99333,0.99541,0.99775,0.98333,0.76649,0.9108,1.03808,0.92517,0.81749,0.88678
26.54,0.76284,1.15584,1.19381,1.29016,1.3495,1,1.24053,1.34161,0.82853,1.30966,0.89467,0.94992,1.1688,1.1406,0.88636,1.18255,1.24256,1.05127,1.0593,1.00453,1.04652,0.91064,1.14742,0.97218,1.01227,1.00925,1.01081,1.06253,1.24897,1.14755,0.98657,1.21675,0.6804,0.86879,1.20649,0.86603,0.8613,0.61751,0.32089,1,0.67497,0.41163,1.25308,0.44194,1.11757,1.09725,0.89955,0.86158,1.16334,0.91054,0.67407,0.9608,0.95836,0.99693,0.97797,1.10751,0.92409,1.0713,0.99365,0.99558,0.99783,0.96919,0.67511,0.8496,1.03754,0.79773,1.27659,1.26016
26.56,0.75867,1.2153,1.20125,1.2952,1.35643,1,1.25543,1.33364,0.81676,1.29789,0.98794,0.92737,1.13934,1.17147,0.89318,1.17256,1.2477,1.01518,1.02505,0.99975,1.08662,0.92574,1.15936,0.96551,1.01161,1.00802,1.00962,1.08569,1.27557,1.18276,0.98684,1.26612,0.41457,0.72863,1.20861,0.77409,0.85178,0.59976,0.26539,1,0.63454,0.46095,1.26013,0.49348,1.01696,1.12867,0.92494,0.81574,1.15686,0.91862,0.66056,0.98925,0.9837,1.00068,0.95455,1.09273,0.91452,1.08511,0.994,0.99617,0.99808,0.95516,0.59723,0.79374,1.03684,0.6919,1.33907,1.32531
26.58,0.75298,1.24986,1.21018,1.29968,1.36183,1,1.27169,1.32239,0.80169,1.27592,1.13069,0.90464,1.09437,1.19749,0.89765,1.16148,1.25065,0.9804,0.98712,0.99712,1.1186,0.93652,1.16924,0.95873,1.01092,1.00565,1.0074,1.10599,1.29403,1.20892,0.98717,1.29329,0.26696,0.62404,1.21146,0.69928,0.83958,0.58312,0.21719,1,0.5846,0.52096,1.2684,0.57558,0.9329,1.15521,0.95559,0.77003,1.15246,0.92691,0.65255,1.04808,1.02973,1.0076,0.93193,1.08148,0.90598,1.09815,0.99437,0.99732,0.99853,0.94134,0.53119,0.74382,1.03599,0.60861,1.35868,1.34801
26.6,0.74616,1.27217,1.22018,1.30381,1.3661,1,1.28699,1.30565,0.78379,1.22877,1.2056,0.88221,1.0297,1.21956,0.89826,1.14916,1.25082,0.94773,0.95736,0.99478,1.14402,0.94195,1.17648,0.952,1.0102,1.002,1.00406,1.12365,1.30722,1.22855,0.98755,1.30889,0.181,0.55044,1.2148,0.63805,0.82484,0.56698,0.17561,1,0.53091,0.59434,1.27727,0.70788,0.86195,1.17748,0.98817,0.72481,1.15185,0.93537,0.65209,1.10881,1.08552,1.0136,0.91066,1.07557,0.89933,1.11017,0.99474,0.99906,0.9992,0.92796,0.47615,0.70028,1.03501,0.54816,1.36753,1.35864
26.62,0.739,1.28749,1.23061,1.30769,1.36948,1,1.30013,1.27868,0.7639,1.08099,1.24851,0.86073,0.97653,1.23825,0.89388,1.1353,1.24735,0.91155,0.92549,0.99288,1.16402,0.94181,1.18063,0.94557,1.00944,0.99854,0.99979,1.13877,1.31671,1.24327,0.98797,1.31732,0.13304,0.50434,1.21822,0.58802,0.80807,0.55108,0.1402,1,0.47853,0.6844,1.28609,0.93252,0.79744,1.19592,1.03264,0.68077,1.15618,0.94406,0.66151,1.15767,1.13103,1.01835,0.89133,1.07571,0.89536,1.12092,0.99514,1.00273,1.00016,0.91533,0.43157,0.66345,1.03392,0.51041,1.37186,1.36392
26.64,0.7323,1.29842,1.2408,1.31132,1.37215,1,1.31081,1.22898,0.74289,0.82411,1.27548,0.84093,0.94886,1.25397,0.88417,1.1196,1.239,0.87399,0.89297,0.99144,1.17957,0.93668,1.18135,0.93965,1.00862,0.99553,0.99705,1.1515,1.3235,1.25417,0.98843,1.32059,0.11184,0.48283,1.22135,0.54728,0.79012,0.5355,0.11051,1,0.43086,0.79589,1.29442,1.23459,0.74056,1.21087,1.06606,0.6387,1.16536,0.953,0.68315,1.19548,1.16722,1.02189,0.8744,1.08131,0.89466,1.13021,0.99558,1.00825,1.0023,0.90372,0.3967,0.63344,1.03272,0.49463,1.37365,1.3661
26.66,0.72673,1.30643,1.25012,1.31462,1.37423,1,1.31917,1.10891,0.72156,0.64274,1.29319,0.82366,0.9335,1.26705,0.86989,1.10191,1.22385,0.83726,0.8613,0.99039,1.19145,0.92777,1.17845,0.93444,1.00771,0.99206,0.9939,1.16207,1.32824,1.26203,0.98894,1.31956,0.11199,0.48344,1.2239,0.51426,0.77213,0.52075,0.08615,1,0.38979,0.93589,1.30198,1.30942,0.6925,1.22257,1.08263,0.59953,1.17791,0.96206,0.71915,1.22403,1.19546,1.02444,0.86013,1.09065,0.89746,1.13795,0.99605,1.01443,1.00474,0.89333,0.37068,0.61018,1.03139,0.49967,1.37364,1.36604
26.68,0.72276,1.31235,1.25801,1.3174,1.37581,1,1.32544,0.89279,0.70076,0.50184,1.30474,0.80999,0.92836,1.27765,0.85296,1.08264,1.19865,0.80375,0.83223,0.98958,1.20024,0.91698,1.1718,0.93014,1.0067,0.98829,0.99046,1.17062,1.33135,1.2673,0.98951,1.31437,0.13124,0.50393,1.22569,0.48786,0.75559,0.5078,0.06702,1,0.35651,1.13763,1.30863,1.33909,0.65482,1.23107,1.08789,0.56453,1.19147,0.9709,0.77118,1.24499,1.21691,1.02637,0.84873,1.10144,0.90368,1.14406,0.99657,1.021,1.00738,0.88437,0.3528,0.59375,1.02987,0.52409,1.37202,1.36396
26.7,0.72083,1.31666,1.26391,1.31942,1.37691,1,1.32979,0.75414,0.68148,0.39497,1.31154,0.80131,0.92955,1.28581,0.83615,1.06326,1.15752,0.77606,0.80777,0.98884,1.20625,0.90663,1.16136,0.92699,1.00561,0.98441,0.98692,1.17716,1.33304,1.27016,0.99016,1.30467,0.16891,0.54162,1.22655,0.46752,0.74236,0.49812,0.05335,1,0.33205,1.23025,1.31423,1.3543,0.62967,1.23616,1.08668,0.53532,1.20372,0.97888,0.83995,1.25958,1.2324,1.02813,0.84049,1.11125,0.91285,1.14837,0.99714,1.02756,1.01007,0.87714,0.34279,0.58453,1.02813,0.56562,1.36866,1.35972
26.72,0.72136,1.31959,1.2673,1.32037,1.37751,1,1.33232,0.65049,0.66495,0.31607,1.31413,0.7992,0.93234,1.29155,0.82252,1.04639,1.08858,0.75659,0.78987,0.98798,1.2096,0.89909,1.14712,0.92526,1.00445,0.98066,0.98347,1.18166,1.33338,1.2706,0.99091,1.2898,0.22473,0.59287,1.22632,0.45306,0.73436,0.49345,0.04565,1,0.31727,1.27226,1.31866,1.36306,0.61942,1.23736,1.08383,0.51349,1.21286,0.98518,0.92485,1.26865,1.24251,1.03015,0.83571,1.1181,0.92432,1.1507,0.99773,1.03371,1.01267,0.87198,0.34075,0.5831,1.02612,0.6207,1.36322,1.3529
26.74,0.72482,1.32128,1.26776,1.31994,1.3776,1,1.3331,0.57284,0.65258,0.25955,1.31243,0.80516,0.9327,1.29489,0.81471,1.03517,0.98341,0.74709,0.77998,0.98689,1.21035,0.89621,1.12904,0.92514,1.00324,0.97728,0.98033,1.18403,1.33234,1.26847,0.99177,1.26875,0.29829,0.65331,1.22477,0.44445,0.73326,0.49556,0.04456,1,0.31263,1.29551,1.32177,1.36839,0.62618,1.23393,1.08346,0.50021,1.21782,0.98908,1.0421,1.27276,1.24771,1.03268,0.83462,1.12065,0.93741,1.15086,0.99836,1.03912,1.01503,0.86919,0.34694,0.59003,1.02379,0.68481,1.35505,1.34277
26.76,0.73179,1.32183,1.26479,1.31773,1.3771,1,1.33217,0.51437,0.64606,0.22089,1.30563,0.82049,0.92852,1.29589,0.81471,1.03204,0.9186,0.74856,0.77892,0.9856,1.20852,0.89905,1.10698,0.92673,1.00197,0.97445,0.97765,1.18421,1.32981,1.26352,0.99275,1.24018,0.38868,0.71841,1.22159,0.44163,0.74029,0.50622,0.05095,1,0.31816,1.30985,1.32335,1.37167,0.65167,1.22461,1.08773,0.49618,1.21782,0.99013,1.15106,1.27213,1.24826,1.03565,0.83727,1.11814,0.95148,1.14873,0.999,1.04353,1.01702,0.86897,0.36169,0.6056,1.02109,0.75313,1.34301,1.32811
26.78,0.74295,1.32126,1.25768,1.31314,1.37588,1,1.32955,0.47012,0.6476,0.19712,1.29161,0.84621,0.9201,1.29447,0.82407,1.03779,0.86641,0.76143,0.787,0.98424,1.20409,0.90785,1.08092,0.92999,1.00066,0.97237,0.97559,1.18213,1.32562,1.25548,0.99385,1.20262,0.49366,0.78371,1.21634,0.4446,0.75633,0.52744,0.06619,1,0.33342,1.3193,1.32298,1.37355,0.69724,1.20706,1.09608,0.5019,1.21185,0.98819,1.20384,1.26647,1.24405,1.03872,0.8435,1.11012,0.96592,1.14427,0.99967,1.04673,1.01855,0.87143,0.38522,0.62967,1.01801,0.82086,1.32527,1.30699
26.8,0.75905,1.3195,1.24513,1.30512,1.37369,1,1.32527,0.43672,0.6602,0.18691,1.26556,0.88314,0.90975,1.2904,0.84415,1.05126,0.82795,0.78574,0.80416,0.98312,1.19706,0.92217,1.05134,0.93478,0.99966,0.97121,0.97432,1.17764,1.31952,1.24403,0.99506,1.15505,0.60865,0.84508,1.20842,0.45348,0.78196,0.56168,0.09256,1,0.35742,1.32577,1.31987,1.37434,0.76343,1.17662,1.1059,0.51794,1.19803,0.98342,1.23212,1.25472,1.23451,1.04123,0.85295,1.09633,0.98,1.13745,1.00069,1.04849,1.01948,0.87661,0.41746,0.66143,1.01459,0.88354,1.29882,1.27658
26.82,0.78091,1.31644,1.22478,1.29164,1.37004,1,1.31942,0.41185,0.6878,0.19031,1.21515,0.93181,0.90064,1.28312,0.8762,1.07005,0.80399,0.82122,0.83013,0.98258,1.18737,0.94102,1.01958,0.94087,0.99898,0.97116,0.974,1.17052,1.31119,1.2289,0.99634,1.09807,0.72635,0.89912,1.19693,0.46854,0.81763,0.61239,0.13409,1,0.3885,1.33026,1.31245,1.37408,0.84965,1.12293,1.11415,0.54518,1.1725,0.97618,1.24665,1.23457,1.21833,1.04243,0.86517,1.07658,0.99294,1.12833,1.00205,1.04857,1.01972,0.88448,0.45807,0.69945,1.01089,0.93759,1.25895,1.233
26.84,0.80936,1.31182,1.19182,1.26817,1.36383,1,1.31215,0.39384,0.73552,0.20859,1.09864,0.99247,0.89538,1.27159,0.92132,1.09155,0.7946,0.86739,0.86446,0.98295,1.17489,0.96323,0.99406,0.94802,0.9983,0.97236,0.97477,1.1604,1.30009,1.20975,0.99768,1.03528,0.83768,0.94365,1.18057,0.49029,0.86376,0.68465,0.19812,1,0.42452,1.33335,1.29713,1.37266,0.95399,1.01787,1.11876,0.58494,1.12688,0.96694,1.25183,1.20113,1.1929,1.04161,0.87969,1.05068,1.00807,1.1169,1.0034,1.04676,1.01915,0.89502,0.50681,0.74209,1.00698,0.98078,1.19853,1.17171
26.86,0.84504,1.30522,1.13562,1.22269,1.35235,1,1.30375,0.38137,0.81021,0.24429,0.91167,1.09422,0.89517,1.25386,0.98,1.11359,0.79889,0.92313,0.90634,0.98446,1.15931,0.98752,0.98128,0.95599,0.99763,0.97488,0.97671,1.1468,1.28536,1.18615,0.99904,0.98794,0.93372,0.97783,1.15737,0.51941,0.92055,0.78594,0.29882,1,0.46295,1.33541,1.26382,1.36972,1.10246,0.92802,1.11894,0.63902,1.04055,0.95619,1.24949,1.14363,1.15337,1.03822,0.89612,1.01844,1.02458,1.10314,1.00473,1.04287,1.01772,0.90812,0.56365,0.78773,1.00291,1.02311,1.10843,1.0895
26.88,0.88807,1.29605,1.02908,1.1107,1.32684,1,1.29482,0.37352,0.92125,0.30126,0.79931,1.1585,0.89972,1.22647,1.07888,1.1345,0.81488,0.98567,0.95396,0.98723,1.14028,1.02305,0.97186,0.96449,0.99697,0.97873,0.97983,1.12914,1.2656,1.15776,1.00082,0.96882,1.01567,1.00401,1.12452,0.5565,0.98721,0.92659,0.46503,1,0.5005,1.33668,1.16914,1.36453,1.18494,0.85551,1.11497,0.70922,0.94756,0.94454,1.2403,1.03619,1.09098,1.03189,0.91399,0.99068,1.03607,1.08713,1.00603,1.03682,1.0154,0.9235,0.62853,0.83455,0.99938,1.05543,0.99136,0.99485
26.9,0.93753,1.28347,0.93288,0.89989,1.23628,1,1.28645,0.36968,1.11122,0.3845,0.7237,1.19762,0.90742,1.18295,1.1486,1.15311,0.83915,1.07693,1.00746,0.99125,1.11764,1.05923,0.96544,0.97314,0.99632,0.98378,0.98407,1.10698,1.23878,1.12486,1.00345,0.95894,1.08804,1.0318,1.07806,0.60187,1.09016,1.14184,0.76272,1,0.53295,1.3373,0.87752,1.35557,1.22368,0.7958,1.10805,0.79648,0.88042,0.93273,1.22459,0.93764,0.99532,1.02236,0.93266,0.97384,1.0436,1.06923,1.0073,1.02859,1.01222,0.94062,0.70069,0.8802,0.99735,1.07038,0.94241,0.95725
26.92,0.99148,1.26629,0.86523,0.7604,0.75734,1,1.28016,0.36954,1.22312,0.49973,0.67959,1.22114,0.91594,1.10939,1.18916,1.16883,0.86688,1.13173,1.07878,0.99637,1.09147,1.08403,0.9616,0.98147,0.99571,0.98985,0.98929,1.08005,1.20197,1.08894,1.00589,0.95573,1.11655,1.04516,1.01229,0.65541,1.15267,1.23888,1.23892,1,0.55579,1.33732,0.6682,1.33943,1.24222,0.75158,1.10009,0.90073,0.82656,0.92149,1.20345,0.87749,0.94207,1.00954,0.95138,0.96039,1.04798,1.05018,1.00848,1.0183,1.00827,0.95873,0.7784,0.92192,0.99546,1.07499,0.91772,0.93795
26.94,1.07469,1.24255,0.81382,0.65535,0.48888,1,1.27723,0.37305,1.27357,0.6529,0.66351,1.23409,0.92309,0.98494,1.21219,1.18163,0.89236,1.15948,1.11885,1.00467,1.06205,1.09954,0.95987,0.98914,0.99516,0.99668,0.99529,1.04815,1.1505,1.0528,1.00806,0.95724,1.12584,1.04995,0.96687,0.71688,1.18847,1.28093,1.32224,1,0.566,1.33676,0.51686,1.30664,1.24838,0.72377,1.09316,1.03917,0.78871,0.91131,1.18017,0.83974,0.9032,0.99683,0.96946,0.95101,1.04993,1.03087,1.00956,1.00615,1.00366,0.97711,0.85939,0.9573,0.99375,1.07284,0.9088,0.93082
26.96,1.12971,1.20885,0.778,0.5776,0.34551,1,1.27792,0.38032,1.30113,0.84774,0.67316,1.23927,0.92753,0.9053,1.22334,1.19187,0.9097,1.171,1.14093,1.01685,1.02973,1.10766,0.95973,0.99591,0.99469,1.00768,1.00353,1.01112,1.07604,1.01995,1.00993,0.96195,1.12447,1.04939,0.93258,0.78598,1.20921,1.30334,1.34615,1,0.56359,1.33558,0.40745,1.21844,1.24472,0.71185,1.08873,1.16828,0.76795,0.9024,1.16162,0.8222,0.87797,0.98828,0.98647,0.94577,1.0501,1.01214,1.01047,0.99634,0.9993,0.99515,0.94152,0.98495,0.99227,1.06595,0.91015,0.93166
26.98,1.16488,1.15917,0.75668,0.52174,0.262,1,1.28125,0.39163,1.31761,1.10724,0.70676,1.23819,0.92898,0.83677,1.22493,1.20005,0.91348,1.17165,1.15183,1.02808,0.99754,1.11012,0.9606,1.00339,0.99433,1.02094,1.01595,0.9858,0.98298,0.99676,1.01146,0.96871,1.1162,1.04543,0.90373,0.86177,1.22026,1.31642,1.35682,1,0.55192,1.33372,0.32919,0.90477,1.2311,0.71437,1.08727,1.22796,0.76483,0.89473,1.15723,0.82118,0.8643,0.98001,1.00415,0.94413,1.04911,0.99739,1.01116,0.98972,0.99676,1.02302,1.04038,1.00921,0.99105,1.05561,0.91805,0.93755
27,1.18812,1.08291,0.74892,0.48435,0.21277,1,1.28544,0.40739,1.32767,1.22244,0.76221,1.23162,0.92811,0.77547,1.21684,1.20665,0.89962,1.16495,1.15568,1.03719,0.98159,1.10862,0.9619,1.01257,0.99413,1.0321,1.02665,0.96851,0.93143,0.98809,1.01263,0.97669,1.10292,1.03931,0.88041,0.94166,1.22407,1.32407,1.3623,1,0.53672,1.33104,0.27553,0.7223,1.2052,0.7293,1.08815,1.26318,0.78025,0.88815,1.17271,0.83157,0.85927,0.973,1.02944,0.94513,1.04764,0.99017,1.01155,0.98384,0.99444,1.04827,1.12807,1.03207,0.99012,1.04271,0.93,0.9465
27.02,1.20344,0.98239,0.75408,0.46329,0.18626,1,1.28873,0.42812,1.33342,1.25399,0.83666,1.21979,0.92606,0.7181,1.1961,1.21196,0.86672,1.1545,1.15553,1.04309,0.96831,1.10496,0.96303,1.01958,0.99413,1.04041,1.03485,0.95419,0.89085,0.9829,1.0134,0.98528,1.08553,1.03182,0.86262,1.03772,1.22155,1.32806,1.36504,1,0.52434,1.32735,0.24255,0.64327,1.16156,0.75433,1.0902,1.28722,0.8158,0.88258,1.20359,0.84696,0.85946,0.96832,1.04854,0.94754,1.04637,0.98447,1.01155,0.97925,0.99258,1.06719,1.17458,1.04463,0.9895,1.02792,0.94441,0.95723
27.04,1.21313,0.92811,0.77174,0.45688,0.17691,1,1.28973,0.45452,1.33591,1.25711,0.92726,1.20231,0.9238,0.66207,1.15421,1.21601,0.81703,1.14486,1.15406,1.04484,0.95746,1.10085,0.96343,1.02486,0.99435,1.04547,1.04008,0.94289,0.85853,0.97955,1.01378,0.99405,1.06435,1.02342,0.85019,1.12285,1.21255,1.32923,1.36597,1,0.52053,1.32239,0.22774,0.63436,1.08751,0.78756,1.09246,1.30532,0.87377,0.87815,1.239,0.86035,0.86139,0.9669,1.06302,0.95018,1.0459,0.98007,1.01111,0.97637,0.99135,1.08099,1.20306,1.05236,0.98919,1.01171,0.96033,0.96893
27.06,1.21863,0.88863,0.80137,0.46328,0.18208,1,1.28713,0.48734,1.33558,1.23674,1.05487,1.17783,0.92164,0.60564,1.067,1.21848,0.75614,1.14134,1.15373,1.04166,0.94856,1.09775,0.96268,1.02889,0.9948,1.04725,1.04228,0.93437,0.83178,0.97641,1.01383,1.00537,1.03921,1.01441,0.84268,1.16593,1.19602,1.32806,1.36546,1,0.53041,1.31575,0.22971,0.68877,0.97725,0.82787,1.09459,1.31983,0.95674,0.87537,1.27051,0.86507,0.86183,0.96946,1.07418,0.95214,1.04676,0.97664,1.01026,0.97534,0.99082,1.09082,1.22254,1.05933,0.98916,0.99726,0.97722,0.98116
27.08,1.22092,0.8609,0.84175,0.47989,0.20083,1,1.27906,0.52708,1.33247,1.17253,1.16319,1.14344,0.91919,0.54826,0.94592,1.21865,0.69153,1.14836,1.15674,1.03274,0.94102,1.09674,0.96047,1.03219,0.99541,1.04606,1.04167,0.9281,0.80811,0.97196,1.01364,1.02088,1.00949,1.00492,0.83945,1.19013,1.17002,1.32494,1.36355,1,0.55965,1.30693,0.24811,0.81681,0.90669,0.8749,1.09696,1.33182,1.09539,0.87517,1.29499,0.85558,0.85786,0.97646,1.0832,0.95277,1.04926,0.9738,1.00907,0.97603,0.99097,1.09774,1.23741,1.06878,0.9893,0.98899,0.99483,0.99367
27.1,1.22069,0.8421,0.89031,0.50277,0.23327,1,1.2616,0.57362,1.32623,0.96798,1.21891,1.09339,0.91553,0.49052,0.86172,1.21533,0.63066,1.16693,1.16463,1.01704,0.93417,1.09842,0.95661,1.03524,0.99611,1.04245,1.03875,0.92344,0.78527,0.96484,1.01337,1.0342,0.98798,0.99755,0.83976,1.20438,1.13192,1.3204,1.36009,1,0.61636,1.2953,0.28355,1.07471,0.84452,0.92881,1.10048,1.34181,1.18462,0.8789,1.31258,0.82854,0.84709,0.98815,1.09104,0.95172,1.05357,0.97113,1.00772,0.9781,0.99166,1.10274,1.25004,1.08301,0.98952,0.98142,1.0243,1.01217
27.12,1.21853,0.8297,0.94297,0.52668,0.28025,1,1.22425,0.62602,1.31593,0.79898,1.25326,1.01589,0.9096,0.43374,0.79506,1.20673,0.57909,1.19367,1.17767,0.99659,0.92743,1.10284,0.9511,1.03849,0.99679,1.03718,1.03418,0.9197,0.76153,0.95399,1.01318,1.04521,0.97159,0.99277,0.84282,1.21298,1.07879,1.31534,1.35465,1,0.71431,1.2802,0.3377,1.24945,0.78856,0.98987,1.10604,1.35008,1.22945,0.88807,1.3246,0.78391,0.82811,1.00899,1.09847,0.94891,1.05958,0.96826,1.00638,0.98105,0.99273,1.10666,1.26168,1.10272,0.98968,0.9748,1.0536,1.03402
27.14,1.21493,0.82152,0.99494,0.54629,0.34336,1,1.12671,0.68283,1.29969,0.67189,1.27661,0.95646,0.90096,0.37951,0.74828,1.19008,0.53977,1.22298,1.19461,0.98141,0.92038,1.10959,0.94412,1.04223,0.99737,1.031,1.02859,0.91632,0.73579,0.93894,1.0132,1.05362,0.95624,0.98831,0.84777,1.21835,1.0082,1.31093,1.34645,1,0.8798,1.26076,0.41377,1.30114,0.7378,1.08697,1.11387,1.35684,1.25316,0.90402,1.33243,0.72526,0.80096,1.04498,1.10596,0.94448,1.06697,0.96491,1.00524,0.98443,0.99401,1.11013,1.27288,1.12678,0.98966,0.9695,1.07774,1.05239
27.16,1.21047,0.81568,1.06722,0.55785,0.42465,1,0.9024,0.74227,1.27352,0.58183,1.29309,0.90949,0.89019,0.32946,0.72118,1.16052,0.51371,1.25011,1.2132,0.96406,0.91284,1.11787,0.93612,1.04656,0.9978,1.02453,1.02256,0.91296,0.70776,0.91993,1.0135,1.05889,0.94288,0.98452,0.85371,1.22204,0.96755,1.30821,1.334,1,1.17146,1.2359,0.51702,1.32402,0.69281,1.14991,1.12321,1.3623,1.2648,0.92759,1.33709,0.65886,0.76734,1.07955,1.11364,0.93881,1.07515,0.96095,1.00439,0.98786,0.99534,1.11352,1.28366,1.15274,0.98942,0.96608,1.09655,1.06674
27.18,1.20586,0.81067,1.10904,0.56028,0.52495,1,0.73615,0.80187,1.22864,0.52201,1.30449,0.86926,0.87899,0.28531,0.7127,1.10842,0.50122,1.27257,1.2311,0.94541,0.90501,1.12661,0.92783,1.05137,0.99808,1.01831,1.01658,0.90952,0.6781,0.89802,1.0141,1.06007,0.93309,0.9819,0.85962,1.22511,0.94101,1.30763,1.31471,1,1.28036,1.20461,0.65402,1.33564,0.65568,1.1889,1.13245,1.36659,1.26819,0.95884,1.33919,0.59213,0.73044,1.11067,1.1213,0.93251,1.08331,0.95647,1.00385,0.99106,0.99663,1.11693,1.29374,1.17787,0.98893,0.9653,1.10922,1.07601
27.2,1.20202,0.80526,1.13146,0.55528,0.64019,1,0.60479,0.8579,1.1433,0.48731,1.31156,0.83817,0.86999,0.24875,0.72176,1.01104,0.50284,1.28969,1.24653,0.92667,0.89737,1.1346,0.92027,1.05635,0.99821,1.01278,1.01112,0.90615,0.6482,0.87498,1.01494,1.05562,0.92914,0.98121,0.86437,1.22835,0.92398,1.30883,1.28453,1,1.32002,1.16686,0.82952,1.34144,0.62959,1.21282,1.13956,1.36983,1.26457,0.99676,1.33892,0.53186,0.69429,1.13711,1.12847,0.92644,1.09049,0.95174,1.00358,0.99384,0.99777,1.1202,1.30275,1.20003,0.98826,0.96822,1.11409,1.07837
27.22,1.19995,0.79849,1.14149,0.54626,0.75668,1,0.50641,0.90561,0.97827,0.47476,1.31454,0.81852,0.86596,0.22098,0.74784,0.93606,0.51976,1.30185,1.25857,0.90918,0.8906,1.14079,0.91455,1.06108,0.99825,1.00828,1.00658,0.90319,0.6197,0.85276,1.01591,1.04288,0.93423,0.98347,0.86687,1.23227,0.91557,1.31094,1.23924,1,1.33924,1.12548,1.06483,1.34339,0.61775,1.22585,1.14265,1.37212,1.25336,1.06437,1.33604,0.48282,0.66274,1.15831,1.13459,0.92153,1.09577,0.94714,1.00351,0.99605,0.99869,1.12303,1.31044,1.2182,0.98747,0.97623,1.10779,1.0705
27.24,1.20037,0.78959,1.1424,0.53665,0.85035,1,0.43612,0.94057,0.88491,0.48307,1.31339,0.8116,0.86888,0.2024,0.7912,0.87348,0.55414,1.3098,1.26699,0.8943,0.8853,1.14447,0.91157,1.06523,0.99823,1.00502,1.00322,0.90095,0.59386,0.83289,1.01693,1.01697,0.95282,0.98999,0.86637,1.23722,0.91478,1.31313,1.18294,1,1.34975,1.08747,1.20977,1.34211,0.62237,1.23011,1.14042,1.37358,1.23161,1.11412,1.32968,0.44743,0.63867,1.17421,1.13925,0.91852,1.09846,0.94304,1.00355,0.99762,0.99936,1.12514,1.31675,1.23231,0.98664,0.99113,1.08274,1.04569
27.26,1.20341,0.77799,1.13576,0.52904,0.89526,1,0.38863,0.96013,0.82951,0.51228,1.30769,0.81732,0.87936,0.19287,0.853,0.8192,0.60926,1.31419,1.27187,0.88332,0.88185,1.14528,0.91192,1.06855,0.99818,1.00306,1.00116,0.89965,0.5714,0.81633,1.01789,0.98522,0.99142,1.00476,0.86267,1.24337,0.92043,1.31483,1.14496,1,1.35577,1.06243,1.25247,1.33733,0.6442,1.2266,1.13216,1.37431,1.19144,1.14958,1.31784,0.42666,0.62386,1.18487,1.14221,0.91785,1.09815,0.9397,1.00363,0.99856,0.99977,1.12636,1.3218,1.2428,0.98585,1.02803,1.0176,0.99388
27.28,1.20853,0.76336,1.12248,0.52504,0.87916,1,0.35981,0.96424,0.80398,0.56308,1.29658,0.83409,0.8964,0.19211,0.93459,0.77317,0.68945,1.31528,1.27322,0.87765,0.88044,1.14311,0.91581,1.07092,0.99815,1.00226,1.0003,0.89942,0.55277,0.80358,1.01872,0.95255,1.08947,1.04027,0.85623,1.25065,0.93108,1.3157,1.15967,1,1.35907,1.05676,1.26719,1.32791,0.68205,1.21565,1.11788,1.37437,1.1106,1.17535,1.29566,0.42132,0.61967,1.19007,1.1434,0.91964,1.09462,0.93728,1.0037,0.99894,0.99994,1.12657,1.3257,1.2502,0.98517,1.07948,0.94126,0.94512
27.3,1.21473,0.74575,1.10351,0.52563,0.8116,1,0.34714,0.95518,0.80322,0.63587,1.27902,0.85871,0.91732,0.20003,1.06033,0.73498,0.7997,1.31286,1.27071,0.87886,0.88113,1.13802,0.92313,1.07225,0.99814,1.00238,1.00042,0.90031,0.53838,0.79495,1.01934,0.91094,1.17526,1.08191,0.84804,1.25879,0.94488,1.31557,1.20925,1,1.36045,1.06906,1.26759,1.31124,0.73175,1.19753,1.09877,1.37377,0.96166,1.1943,1.24905,0.43306,0.62745,1.18897,1.14282,0.92376,1.0878,0.93592,1.00372,0.99888,0.99992,1.12575,1.32857,1.25492,0.98466,1.1299,0.85213,0.88016
27.32,1.22102,0.7255,1.08033,0.53121,0.71494,1,0.34948,0.93644,0.82423,0.72996,1.25456,0.88685,0.93839,0.21689,1.16549,0.70407,0.94575,1.30595,1.2635,0.8885,0.88384,1.13013,0.93354,1.07248,0.99816,1.0031,1.0012,0.90228,0.52861,0.79059,1.01969,0.8615,1.23738,1.12527,0.8393,1.26739,0.95986,1.31435,1.2578,1,1.3602,1.09239,1.25572,1.28131,0.78605,1.17315,1.07749,1.37245,0.85967,1.20826,1.11343,0.46491,0.64886,1.17995,1.14051,0.92988,1.07772,0.93568,1.00368,0.99854,0.99976,1.12389,1.33044,1.25722,0.98438,1.17514,0.74762,0.80154
27.34,1.2267,0.70325,1.05486,0.54165,0.60991,1,0.36678,0.91119,0.86548,0.84372,1.22451,0.91435,0.95616,0.24345,1.21938,0.67976,1.15228,1.29235,1.24993,0.90749,0.88838,1.11955,0.94646,1.07165,0.99822,1.00414,1.00234,0.90529,0.52365,0.79046,1.01971,0.80644,1.28052,1.16636,0.83097,1.27603,0.97433,1.312,1.29354,1,1.3583,1.11992,1.22682,1.22136,0.83657,1.14441,1.05772,1.37028,0.77553,1.21848,0.84757,0.52161,0.6857,1.16021,1.13656,0.93763,1.06451,0.93653,1.00356,0.99804,0.99954,1.12103,1.33137,1.25728,0.98436,1.21318,0.63599,0.714
27.36,1.23154,0.67985,1.029,0.55615,0.50937,1,0.39975,0.88158,0.92611,0.97506,1.19261,0.9386,0.96872,0.281,1.25128,0.66125,1.23879,1.26701,1.22686,0.93564,0.89442,1.10636,0.96113,1.06986,0.99831,1.00523,1.00358,0.90917,0.52351,0.7943,1.01938,0.749,1.3101,1.20255,0.82353,1.28431,0.98725,1.30862,1.31806,1,1.35443,1.1476,1.16258,1.06041,0.87723,1.11373,1.04258,1.36699,0.70702,1.22585,0.68367,0.60981,0.73963,1.12498,1.13116,0.94662,1.04852,0.93836,1.00339,0.99752,0.99929,1.11727,1.33139,1.25527,0.98463,1.24365,0.52594,0.62355
27.38,1.23561,0.65653,1.00397,0.57295,0.41963,1,0.44934,0.84878,1.00878,1.14302,1.1627,0.95917,0.97626,0.33102,1.27201,0.64781,1.27864,1.21758,1.18845,0.97096,0.90142,1.09075,0.97636,1.06736,0.99841,1.00621,1.00471,0.91371,0.52796,0.80152,1.01874,0.6931,1.33038,1.23266,0.81703,1.29186,0.99835,1.30452,1.33484,1,1.34794,1.17369,0.99219,0.86048,0.90713,1.08254,1.03299,1.36214,0.65123,1.23099,0.56628,0.73696,0.81119,1.06654,1.12471,0.95643,1.03065,0.9409,1.00318,0.99705,0.99907,1.11277,1.33056,1.25135,0.98516,1.26707,0.42465,0.5363
27.4,1.23914,0.63481,0.99042,0.58907,0.34303,1,0.51571,0.8134,1.12398,1.21447,1.13303,0.97776,0.98082,0.39448,1.28638,0.63891,1.30106,1.10701,1.1236,1.01711,0.90859,1.07322,0.99052,1.06449,0.99852,1.00691,1.00556,0.91855,0.5366,0.81123,1.01782,0.64281,1.34435,1.25663,0.81117,1.29832,1.01528,1.30038,1.34649,1,1.33768,1.1976,0.85931,0.73957,0.9312,1.04901,1.02701,1.35507,0.60557,1.23431,0.4802,0.90668,0.89802,0.9881,1.11784,0.96647,1.01275,0.94378,1.00297,0.99671,0.9989,1.10784,1.32891,1.24583,0.98591,1.28435,0.33675,0.45727
27.42,1.24242,0.6162,0.97996,0.60071,0.27949,1,0.59744,0.77592,1.18312,1.25031,1.09185,0.99734,0.98531,0.47131,1.2968,0.63421,1.31509,0.93013,1.00996,1.06945,0.91503,1.0547,1.00348,1.0617,0.99859,1.00727,1.00603,0.92334,0.54899,0.8223,1.01671,0.60137,1.35404,1.27511,0.80557,1.30347,1.03091,1.29726,1.35474,1,1.32169,1.21917,0.758,0.65349,0.95797,1.00648,1.02094,1.34476,0.56795,1.23603,0.41604,1.13447,0.99372,0.94582,1.11143,0.97612,0.99879,0.94654,1.00282,0.99654,0.9988,1.10285,1.32647,1.23914,0.98682,1.29653,0.26397,0.38941
27.44,1.24564,0.60172,0.96956,0.60435,0.22751,1,0.69126,0.73707,1.21589,1.2716,1.01178,1.0371,0.99219,0.5603,1.30465,0.63352,1.32452,0.83765,0.93594,1.09756,0.91997,1.0364,1.01643,1.05938,0.99863,1.00722,1.00606,0.92782,0.56484,0.83352,1.01545,0.57049,1.36082,1.28908,0.79988,1.30726,1.04547,1.29626,1.36072,1,1.29643,1.2383,0.68606,0.58992,0.9956,0.97522,1.01136,1.3295,0.53668,1.23628,0.36736,1.22376,1.1174,0.91858,1.10638,0.98481,0.99412,0.94881,1.00275,0.99656,0.9988,1.09805,1.3232,1.23189,0.98785,1.30461,0.20585,0.33347
27.46,1.24884,0.59177,0.95841,0.59787,0.18512,1,0.79215,0.69807,1.23431,1.28577,0.93822,1.07717,1.00484,0.65921,1.31072,0.63676,1.33126,0.78811,0.88687,1.10791,0.92288,1.01965,1.01979,1.05779,0.99861,1.0068,1.00565,0.93193,0.58411,0.84374,1.01406,0.5506,1.36554,1.29947,0.79404,1.30975,1.06008,1.29803,1.36515,1,1.25477,1.25488,0.6389,0.5408,1.07632,0.94347,0.99818,1.30613,0.51052,1.2351,0.32937,1.25349,1.17313,0.90757,1.10333,0.99212,0.99286,0.95035,1.00278,0.99676,0.99888,1.09354,1.31899,1.22483,0.98897,1.30943,0.16108,0.28902
27.48,1.25191,0.58632,0.94613,0.58114,0.15063,1,0.89313,0.66075,1.244,1.29612,0.86686,1.11264,1.02806,0.76419,1.31546,0.64394,1.33639,0.77166,0.85471,1.10407,0.92356,1.00575,1.01481,1.05708,0.99855,1.00607,1.00488,0.93583,0.60691,0.8518,1.01254,0.54151,1.36873,1.30692,0.78827,1.31108,1.07509,1.30244,1.3685,1,1.18114,1.26875,0.61177,0.50073,1.13999,0.90976,0.98887,1.26846,0.48871,1.23244,0.29847,1.2617,1.20065,0.91172,1.10261,0.99777,0.99472,0.95104,1.0029,0.99712,0.99903,1.08917,1.31363,1.21892,0.99019,1.31154,0.12862,0.25545
27.5,1.25458,0.58505,0.93279,0.5559,0.12289,1,0.98533,0.62737,1.24786,1.30432,0.80362,1.14122,1.04823,0.86893,1.31911,0.65516,1.34053,0.77985,0.8357,1.08798,0.92207,0.998,1.00309,1.05722,0.99847,1.00515,1.0039,0.93981,0.63338,0.85656,1.01088,0.54294,1.37065,1.31181,0.7831,1.31139,1.09026,1.30868,1.37105,1,1.03824,1.27978,0.60045,0.46607,1.18241,0.87761,0.97991,1.20349,0.47106,1.2282,0.27209,1.25771,1.21454,0.92828,1.10418,1.00305,0.99893,0.95091,1.00306,0.99756,0.99923,1.0846,1.30685,1.21528,0.99151,1.31121,0.10819,0.23259
27.52,1.25655,0.58756,0.91878,0.52507,0.10113,1,1.08848,0.60009,1.24752,1.31127,0.75811,1.16195,1.06117,0.96493,1.32175,0.67063,1.34406,0.80467,0.82602,1.06099,0.91869,0.99576,0.99359,1.05809,0.99838,1.00419,1.00286,0.94423,0.66364,0.85705,1.00907,0.55475,1.37139,1.31432,0.7792,1.31078,1.10503,1.31569,1.37296,1,0.9237,1.28797,0.60146,0.43444,1.20729,0.85081,0.97367,1.08168,0.45782,1.22216,0.24855,1.24447,1.22104,0.95333,1.1077,1.00642,1.00869,0.95006,1.00323,0.99802,0.99944,1.0794,1.29823,1.2149,0.99295,1.30844,0.1001,0.22061
27.54,1.25756,0.59359,0.90468,0.4918,0.08479,1,1.13328,0.58032,1.24386,1.31745,0.735,1.17514,1.06473,1.06996,1.32336,0.69073,1.34716,0.83851,0.82225,1.02451,0.91384,0.99634,0.98529,1.05951,0.99831,1.00329,1.00188,0.94938,0.69781,0.85284,1.00711,0.57694,1.37094,1.31451,0.77715,1.3093,1.11883,1.32261,1.37435,1,0.87135,1.2935,0.61218,0.40434,1.2185,0.83191,0.97188,0.94221,0.4495,1.21395,0.22701,1.22316,1.22348,0.98268,1.11264,1.00556,1.01951,0.94868,1.00338,0.99845,0.99963,1.07318,1.28718,1.21814,0.9945,1.30298,0.10503,0.21971
27.56,1.25748,0.60301,0.89117,0.45897,0.07344,1,1.14833,0.56873,1.23729,1.32311,0.73442,1.18185,1.0585,1.12758,1.32387,0.71602,1.34987,0.87427,0.8214,0.99085,0.90803,0.99985,0.97765,1.06127,0.99827,1.00246,1.00099,0.95539,0.73587,0.84427,1.00501,0.60949,1.36916,1.31233,0.77731,1.30692,1.13116,1.32885,1.37529,1,0.85083,1.2966,0.63075,0.375,1.21877,0.82168,0.97499,0.87869,0.4468,1.203,0.20742,1.19524,1.22403,1.02332,1.11838,1.00024,1.02907,0.94696,1.00347,0.99884,0.99981,1.06567,1.27285,1.22445,0.99614,1.29427,0.12417,0.23012
27.58,1.25626,0.6159,0.8791,0.42927,0.06694,1,1.14668,0.5655,1.22795,1.3283,0.7528,1.18333,1.0436,1.15311,1.32311,0.74705,1.35215,0.90526,0.82091,0.9721,0.9019,1.01233,0.9712,1.0631,0.99825,1.00165,1.00012,0.96216,0.7773,0.83253,1.00285,0.65183,1.36573,1.30768,0.77977,1.30355,1.1415,1.33405,1.37582,1,0.85316,1.29744,0.65582,0.34642,1.20994,0.81936,0.98204,0.84396,0.45081,1.18852,0.19049,1.16478,1.22434,1.06429,1.12425,0.99513,1.03685,0.94516,1.0035,0.99923,0.99998,1.05687,1.25411,1.23255,0.99781,1.28147,0.15917,0.25194
27.6,1.2539,0.63239,0.86954,0.40523,0.0655,1,1.1336,0.57074,1.21585,1.33298,0.78263,1.18098,1.02359,1.16569,1.32071,0.78419,1.35385,0.92551,0.81858,0.95825,0.89623,1.02937,0.96612,1.06469,0.99825,1.00071,0.99957,0.96932,0.82058,0.81944,1.00078,0.70218,1.36017,1.30038,0.78442,1.29901,1.14928,1.33799,1.37593,1,0.87092,1.29607,0.68617,0.31923,1.19438,0.82304,0.99074,0.82495,0.46307,1.16949,0.17748,1.14058,1.22581,1.08983,1.12952,0.98794,1.04281,0.94357,1.0035,0.99967,1.00034,1.04715,1.22983,1.24091,0.99941,1.2636,0.21169,0.28499
27.62,1.25042,0.65274,0.86362,0.38896,0.06961,1,1.11269,0.58469,1.20092,1.33704,0.81276,1.17629,1.00512,1.17401,1.31609,0.82761,1.35484,0.93084,0.81288,0.95005,0.89179,1.04926,0.96238,1.06575,0.99826,0.99974,0.99892,0.97635,0.86329,0.80705,0.99947,0.7573,1.35168,1.29023,0.79109,1.29302,1.15392,1.34053,1.3756,1,0.89688,1.29231,0.72063,0.29437,1.17689,0.8302,0.99807,0.81158,0.48574,1.14447,0.16979,1.13352,1.22933,1.10343,1.13354,0.97878,1.0471,0.94252,1.00348,1.00048,1.00084,1.03717,1.19924,1.24825,1.00162,1.2397,0.28276,0.32869
27.64,1.24574,0.67732,0.86222,0.38192,0.07999,1,1.08831,0.60806,1.18302,1.34043,0.83154,1.17069,0.99813,1.18288,1.30822,0.87748,1.355,0.9201,0.80324,0.94774,0.88921,1.07015,0.95984,1.06598,0.99828,0.99892,0.99806,0.98279,0.90281,0.79705,0.99874,0.81321,1.33905,1.27695,0.79969,1.28517,1.155,1.34159,1.37475,1,0.92388,1.28565,0.75819,0.27269,1.16497,0.83846,1.00277,0.7966,0.52151,1.11125,0.16854,1.14743,1.23504,1.10707,1.13583,0.96814,1.04997,0.94229,1.00345,1.00202,1.00151,1.02763,1.16232,1.25379,1.00383,1.20905,0.37225,0.38227
27.66,1.23962,0.70653,0.86583,0.38498,0.09743,1,1.06674,0.64218,1.16192,1.34311,0.83131,1.16531,1.00194,1.19422,1.29529,0.93389,1.35425,0.89578,0.79037,0.95115,0.88889,1.0901,0.95837,1.06517,0.9983,0.99784,0.99693,0.98832,0.93717,0.79055,0.99822,0.86613,1.32024,1.26008,0.81037,1.27481,1.1522,1.34113,1.37328,1,0.94527,1.27503,0.79793,0.25495,1.16511,0.84614,0.99928,0.77618,0.57369,1.06629,0.17442,1.17484,1.24224,1.10168,1.13611,0.95682,1.05162,0.9431,1.0034,1.00401,1.0024,1.0191,1.1202,1.25724,1.00538,1.17142,0.47857,0.44508
27.68,1.23158,0.74063,0.8745,0.39865,0.12264,1,1.05564,0.68895,1.13748,1.34502,0.81157,1.16077,1.02094,1.20759,1.27378,0.99631,1.35251,0.86348,0.77623,0.9596,0.89095,1.10724,0.95784,1.06314,0.99834,0.99653,0.99553,0.99283,0.96523,0.78811,0.99789,0.91308,1.29192,1.23903,0.82348,1.26103,1.14529,1.33903,1.37107,1,0.9555,1.25844,0.83879,0.24197,1.17763,0.85242,0.99183,0.75016,0.64597,1.00419,0.18779,1.20436,1.24962,1.0875,1.13428,0.94604,1.05221,0.94512,1.00332,1.00642,1.00348,1.0119,1.07548,1.25849,1.00634,1.12763,0.59777,0.51618
27.7,1.22092,0.77941,0.88789,0.42332,0.15602,1,1.06088,0.75084,1.10997,1.34605,0.77848,1.15719,1.04684,1.22118,1.23606,1.09233,1.3497,0.83044,0.76376,0.97199,0.89533,1.11989,0.95818,1.05977,0.99842,0.99505,0.99392,0.99632,0.98669,0.78999,0.99773,0.95207,1.24856,1.21332,0.83944,1.24264,1.13403,1.33505,1.36799,1,0.95074,1.23185,0.87925,0.23482,1.19664,0.85726,0.98055,0.72124,0.74193,0.96658,0.2087,1.22864,1.25572,1.06452,1.13034,0.93739,1.05183,0.94843,1.00317,1.00911,1.00472,1.00619,1.03221,1.25753,1.00684,1.08014,0.72275,0.59371
27.72,1.20657,0.82221,0.90538,0.45948,0.19758,1,1.08268,0.83105,1.08028,1.34603,0.74105,1.15422,1.07287,1.23321,1.16144,1.14884,1.34571,0.80335,0.75617,0.98686,0.90184,1.12674,0.95933,1.05495,0.99855,0.99348,0.99221,0.99886,1.00379,0.79624,0.99766,0.98226,1.18145,1.18289,0.85872,1.21791,1.11817,1.32875,1.36389,1,0.92967,1.18616,0.91752,0.23492,1.21564,0.86119,0.96766,0.69323,0.86485,0.93558,0.23718,1.24522,1.25926,1.03275,1.12431,0.93241,1.05055,0.95308,1.00291,1.01191,1.00604,1.00194,0.99751,1.25423,1.00702,1.03324,0.84369,0.67443
27.74,1.18692,0.86829,0.92631,0.50814,0.24749,1,1.11529,0.93385,1.04963,1.34473,0.70695,1.15125,1.09489,1.2428,0.984,1.18338,1.34025,0.78678,0.75615,1.00544,0.91027,1.12703,0.96124,1.0486,0.99875,0.99197,0.99052,1.00116,1.02195,0.80699,0.99766,1.00747,1.07838,1.1483,0.88171,1.18408,1.09724,1.31929,1.35849,1,0.89379,1.0954,0.95218,0.24397,1.23102,0.86505,0.95528,0.66909,1.03302,0.90984,0.27387,1.25419,1.25927,0.9963,1.11619,0.9322,1.04839,0.95906,1.00251,1.01459,1.00733,0.9995,0.98504,1.24828,1.00704,0.99617,0.94998,0.75424
27.76,1.15957,0.91704,0.95002,0.57105,0.30689,1,1.15092,1.09417,1.01892,1.34172,0.68106,1.14758,1.11126,1.24983,0.85637,1.20532,1.33273,0.78286,0.76551,1.03329,0.92047,1.12043,0.96386,1.04066,0.99901,0.99065,0.98903,1.00326,1.03116,0.82246,0.99768,1.03214,0.97029,1.11086,0.90853,1.13615,1.07046,1.30499,1.35132,1,0.84713,0.94679,0.98284,0.26421,1.24164,0.86973,0.94503,0.65027,1.18884,0.88951,0.32072,1.25619,1.25489,0.97603,1.10586,0.937,1.04541,0.96632,1.002,1.01692,1.00847,0.9986,0.97834,1.23904,1.00696,0.98262,1.05576,0.82907
27.78,1.1211,0.96769,0.97571,0.65028,0.37865,1,1.18356,1.19732,0.99422,1.33632,0.6663,1.14244,1.12161,1.25458,0.75858,1.21934,1.32184,0.79192,0.78524,1.05495,0.93223,1.10708,0.96708,1.0312,0.9993,0.98966,0.98794,1.00434,1.03458,0.84289,0.99775,1.04418,0.92571,1.07252,0.93871,1.06476,1.03697,1.28257,1.34133,1,0.79541,0.84513,1.01935,0.29885,1.24734,0.87612,0.93803,0.63697,1.24836,0.87439,0.38172,1.25149,1.24498,0.95852,1.09321,0.94615,1.04169,0.97466,1.00141,1.01863,1.0093,0.99814,0.97579,1.22543,1.00678,0.97543,1.1182,0.89563
27.8,1.06696,1.03406,1.00443,0.74733,0.46839,1,1.21017,1.24671,0.98021,1.32715,0.66482,1.13497,1.12577,1.25744,0.68417,1.22789,1.30479,0.81294,0.81562,1.07066,0.94529,1.08794,0.97074,1.02044,0.99959,0.98921,0.98749,1.00468,1.03422,0.86851,0.99787,1.04844,0.90411,1.03571,0.9709,0.97863,0.99816,1.24511,1.32621,1,0.74487,0.76203,1.05982,0.35287,1.24789,0.88508,0.93508,0.6287,1.27876,0.86417,0.46401,1.23964,1.22765,0.94472,1.07814,0.9581,1.0374,0.98375,1.00083,1.01941,1.00964,0.99799,0.97606,1.20562,1.00642,0.97279,1.14208,0.95169
27.82,0.99592,1.09849,1.04854,0.86236,0.5866,1,1.23002,1.27382,0.96653,1.31115,0.67882,1.12407,1.1234,1.25878,0.62875,1.23233,1.27433,0.84398,0.85654,1.0808,0.95926,1.06513,0.97458,1.00884,0.99981,0.98946,0.98793,1.00453,1.03146,0.89936,0.99808,1.04772,0.89768,1.00287,1.00596,0.92791,0.97764,1.17517,1.2999,1,0.70088,0.69791,1.09244,0.43499,1.24252,0.89751,0.93677,0.62478,1.29633,0.85851,0.58091,1.2193,1.19924,0.93526,1.06068,0.9708,1.03281,0.99314,1.00038,1.01898,1.00931,0.99805,0.97812,1.17645,1.0058,0.97324,1.14857,0.99631
27.84,0.95795,1.13854,1.08042,0.99394,0.75344,1,1.24354,1.28937,0.9518,1.27983,0.71117,1.10805,1.11367,1.25878,0.58911,1.23344,1.2046,0.88283,0.9079,1.08594,0.97373,1.04166,0.97827,0.99845,0.99994,0.9905,0.98937,1.00407,1.02729,0.93538,0.9984,1.04384,0.90117,0.98864,1.05535,0.88685,0.9598,1.01199,1.24079,1,0.66716,0.65207,1.12179,0.56214,1.22921,0.91447,0.94344,0.62476,1.30697,0.85707,0.75968,1.18749,1.15167,0.93029,1.04094,0.98239,1.02831,1.00467,1.00012,1.01717,1.00821,0.99825,0.98119,1.13199,1.00483,0.97564,1.14508,1.0511
27.86,0.92806,1.16479,1.10348,1.15437,1.02015,1,1.25136,1.29795,0.93488,1.19882,0.76592,1.08421,1.09507,1.25742,0.56294,1.23165,0.95731,0.92725,0.96986,1.08692,0.98831,1.02047,0.98135,0.99285,0.99995,0.99231,0.9918,1.00345,1.02249,0.97609,0.99885,1.0381,0.91084,0.9799,1.08782,0.85438,0.9449,0.88353,0.98947,1,0.64605,0.62307,1.14989,0.77086,1.20329,0.93725,0.95517,0.62878,1.31328,0.8594,1.09435,1.13831,1.06397,0.92932,1.01911,0.99177,1.02448,1.0208,1.0001,1.014,1.00636,0.99852,0.98465,1.06001,1.00349,0.97911,1.13501,1.08275
27.88,0.90606,1.18241,1.12011,1.21749,1.25194,1,1.25367,1.30165,0.91503,0.90899,0.84869,1.04783,1.06512,1.25437,0.54884,1.22723,0.73921,0.9746,1.06803,1.08497,1.00484,1.00321,0.98325,0.98793,0.99986,0.9947,0.99495,1.00278,1.01761,1.03613,0.99939,1.03147,0.9239,0.97391,1.10885,0.82942,0.93289,0.7952,0.72887,1,0.63955,0.60959,1.1771,1.16242,1.15328,0.96728,0.97168,0.63757,1.31647,0.86497,1.27765,1.0604,0.95125,0.93123,0.99792,0.99876,1.0221,1.03404,1.00028,1.00974,1.00393,0.99881,0.98811,0.97181,1.00184,0.98301,1.12034,1.10155
27.9,0.89154,1.19412,1.13192,1.24864,1.30915,1,1.24982,1.3013,0.89199,0.68651,0.9671,0.99517,1.02002,1.24899,0.5463,1.22042,0.57357,1.03811,1.14475,1.08175,1.02831,0.9949,0.98324,0.98389,0.99969,0.99734,0.99841,1.00212,1.01303,1.09441,0.99999,1.02469,0.93828,0.96957,1.1216,0.81116,0.92361,0.7332,0.5494,1,0.65031,0.61088,1.20285,1.29661,1.04374,1.01163,0.99221,0.65258,1.31703,0.87314,1.32576,0.97168,0.87328,0.93435,0.98716,1.00771,1.02211,1.04429,1.00062,1.00493,1.00124,0.99909,0.99129,0.91603,1.00002,0.98687,1.10261,1.11391
27.92,0.88395,1.20141,1.14002,1.26523,1.33448,1,1.2376,1.29685,0.86605,0.53025,1.14973,0.95884,0.97965,1.24014,0.55563,1.21142,0.44717,1.09314,1.19118,1.07917,1.0457,0.9893,0.98067,0.98092,0.99951,0.99985,1.00324,1.00153,1.009,1.1317,1.00117,1.01829,0.9525,0.96607,1.12793,0.79903,0.91684,0.69255,0.4218,1,0.68238,0.62696,1.22636,1.33417,0.91823,1.08308,1.02855,0.67596,1.31495,0.88315,1.34744,0.92153,0.8067,0.9368,0.9784,1.01591,1.02534,1.0515,1.00099,1.00028,0.99936,0.99935,0.99403,0.87136,0.9991,0.99041,1.0832,1.12319
27.94,0.88256,1.20515,1.14523,1.27353,1.3484,1,1.21144,1.28732,0.83794,0.41897,1.23357,0.92056,0.94944,1.2258,0.57762,1.20054,0.35051,1.12509,1.22114,1.07879,1.05748,0.98365,0.97519,0.97914,0.99934,1.00373,1.00817,1.00103,1.00565,1.15488,1.00222,1.01263,0.96552,0.9629,1.12907,0.79256,0.9123,0.66966,0.32909,1,0.74224,0.65857,1.24704,1.35127,0.82282,1.1371,1.0654,0.71075,1.3098,0.89426,1.35945,0.88571,0.75158,0.93716,0.97204,1.02389,1.03207,1.05571,1.00132,0.99824,0.99837,0.99956,0.99627,0.83887,0.99829,0.99346,1.0635,1.13116
27.96,0.88633,1.20585,1.1482,1.27634,1.35698,1,1.15554,1.27036,0.80884,0.33936,1.27481,0.88295,0.92188,1.20209,0.61341,1.18821,0.27687,1.14328,1.24129,1.08122,1.06426,0.97746,0.96698,0.97853,0.99924,1.00634,1.0112,1.00062,1.00302,1.1681,1.00308,1.00791,0.97675,0.95979,1.12597,0.79133,0.90964,0.66145,0.26065,1,0.8404,0.70709,1.26457,1.36065,0.7422,1.1768,1.09435,0.76115,1.30062,0.90567,1.36683,0.86248,0.70706,0.93485,0.9682,1.03235,1.04181,1.05711,1.00152,0.99699,0.99775,0.99973,0.99802,0.81838,0.99763,0.99595,1.04481,1.13856
27.98,0.89377,1.2038,1.14948,1.27518,1.36259,1,1.00771,1.24078,0.78048,0.2835,1.29765,0.84949,0.89865,1.16049,0.66398,1.17522,0.22198,1.15294,1.25513,1.08589,1.06671,0.97106,0.95684,0.97898,0.99924,1.00751,1.01234,1.00031,1.00107,1.1739,1.00371,1.00418,0.98591,0.95684,1.11969,0.79491,0.90848,0.66489,0.21001,1,0.99442,0.77396,1.27881,1.36622,0.67863,1.20463,1.11591,0.83297,1.28558,0.91653,1.37158,0.84917,0.67207,0.93033,0.96678,1.04078,1.05331,1.05608,1.00153,0.99642,0.99751,0.99987,0.9993,0.8089,0.99715,0.99787,1.02823,1.14526
28,0.90296,1.19911,1.14956,1.27105,1.36631,1,0.87315,1.18614,0.75502,0.24717,1.31035,0.82424,0.8815,1.07786,0.72965,1.16301,0.18347,1.15756,1.26454,1.09136,1.06546,0.9655,0.94606,0.98025,0.99935,1.00738,1.01187,1.00009,0.99986,1.17379,1.0041,1.00141,0.99299,0.95441,1.11164,0.80292,0.90841,0.67668,0.17343,1,1.19987,0.85981,1.28973,1.36947,0.63422,1.2222,1.13042,0.93451,1.2613,0.9258,1.3746,0.84254,0.64584,0.92491,0.96751,1.04787,1.06494,1.05309,1.0013,0.99649,0.99761,0.99996,1.00037,0.80908,0.99685,0.99929,1.01449,1.15055
28.02,0.91174,1.19174,1.14889,1.26489,1.36869,1,0.75693,1.06859,0.73459,0.22832,1.31624,0.811,0.87196,0.9501,0.80968,1.1535,0.15998,1.15962,1.27056,1.09594,1.0611,0.96217,0.93612,0.98207,0.99959,1.0062,1.01019,0.99997,0.99943,1.16867,1.00426,0.99975,0.99814,0.95301,1.10362,0.81499,0.90902,0.69345,0.1487,1,1.2717,0.96376,1.29746,1.37106,0.61077,1.23047,1.13802,1.10788,1.22091,0.93247,1.37632,0.83952,0.62791,0.92025,0.97,1.05199,1.07514,1.04873,1.00082,0.99705,0.99796,1.00006,1.00147,0.81747,0.99672,1.00051,1.00393,1.1535
28.04,0.91825,1.18142,1.14789,1.25745,1.37002,1,0.65877,0.91822,0.72072,0.22605,1.31655,0.81232,0.871,0.85382,0.90233,1.14845,0.15064,1.16053,1.27373,1.09844,1.05418,0.9623,0.92828,0.98418,0.99997,1.00419,1.00767,0.99992,0.9992,1.15897,1.00421,0.99915,1.00322,0.95304,1.09747,0.83089,0.90992,0.7124,0.13431,1,1.30626,1.11265,1.30227,1.37125,0.60946,1.22967,1.13878,1.21564,1.14772,0.93583,1.37698,0.83818,0.61803,0.91767,0.97385,1.05183,1.08287,1.04357,1.00006,0.99802,0.99847,1.00014,1.00208,0.83271,0.99676,1.00171,0.99827,1.15342
28.06,0.9213,1.16772,1.14698,1.24917,1.37049,1,0.57909,0.82233,0.71415,0.24027,1.31123,0.82911,0.87872,0.76556,1.00939,1.14858,0.15494,1.16032,1.27435,1.09839,1.0452,0.96659,0.9233,0.98635,1.00093,1.00148,1.00455,0.9999,0.99911,1.14475,1.00397,0.99883,1.00735,0.95467,1.09452,0.85042,0.91074,0.732,0.12916,1,1.32568,1.19192,1.30443,1.37006,0.63084,1.21901,1.13267,1.26783,0.99468,0.93575,1.37668,0.83849,0.6161,0.91772,0.97866,1.04649,1.08764,1.03809,0.99953,0.99931,0.9991,1.00018,1.00231,0.85358,0.99695,1.00236,0.99602,1.14999
28.08,0.92055,1.15,1.14652,1.23992,1.37018,1,0.5175,0.75045,0.71505,0.27154,1.29885,0.86041,0.89425,0.68903,1.1364,1.15317,0.17291,1.15757,1.2724,1.0961,1.03474,0.97515,0.92153,0.98842,1.00209,0.99903,1.00091,0.99989,0.99911,1.126,1.00355,0.99871,1.00941,0.95772,1.09525,0.87331,0.91115,0.75223,0.13253,1,1.33737,1.23204,1.30414,1.36732,0.67475,1.19617,1.11974,1.29715,0.89414,0.9327,1.37538,0.84252,0.6222,0.92008,0.984,1.03543,1.08931,1.03275,0.99894,1.00181,0.99982,1.00019,1.0023,0.87875,0.99727,1.00259,0.99488,1.14331
28.1,0.91643,1.1276,1.14685,1.22878,1.36912,1,0.47388,0.69913,0.72323,0.32059,1.27599,0.90299,0.91571,0.62739,1.19255,1.16044,0.20502,1.14929,1.26764,1.09254,1.02363,0.9875,0.92299,0.99024,1.00333,0.99697,0.99837,0.99989,0.99918,1.10294,1.00299,0.99873,1.01,0.96175,1.0992,0.89898,0.91085,0.77458,0.14404,1,1.34438,1.25446,1.30142,1.3626,0.73933,1.15696,1.10031,1.3146,0.82137,0.92765,1.37294,0.85429,0.63672,0.92371,0.9894,1.01848,1.08793,1.02794,0.99831,1.00561,1.00127,1.00019,1.00213,0.90653,0.99771,1.00254,0.99455,1.13394
28.12,0.90997,1.09985,1.14813,1.21378,1.36725,1,0.44833,0.66596,0.73832,0.38794,1.23511,0.95153,0.94054,0.58258,1.2209,1.16848,0.25228,1.1304,1.25945,1.08919,1.01285,1.00535,0.92746,0.99169,1.00453,0.99457,0.99604,0.9999,0.99928,1.07637,1.00231,0.99885,1.0096,0.96621,1.10526,0.92665,0.9097,0.80158,0.16381,1,1.34808,1.26691,1.29611,1.35515,0.82037,1.09478,1.07519,1.32494,0.77263,0.92175,1.36903,0.87917,0.66032,0.92708,0.99437,0.99792,1.08367,1.02402,0.9977,1.00997,1.00309,1.00017,1.00187,0.9349,0.99823,1.00231,0.99478,1.12284
28.14,0.90246,1.06599,1.15009,1.19162,1.36439,1,0.44082,0.64895,0.75995,0.4739,1.15711,1.00014,0.96634,0.55493,1.23461,1.17609,0.31654,1.09157,1.24669,1.08757,1.00337,1.03526,0.93457,0.9927,1.00556,0.9919,0.99352,0.99991,0.99939,1.04781,1.00154,0.99902,1.00855,0.97067,1.11209,0.95544,0.90793,0.83622,0.19262,1,1.34912,1.27278,1.28773,1.34352,0.91203,0.99991,1.04554,1.33055,0.74504,0.91584,1.36301,0.92314,0.6939,0.92868,0.99855,0.98532,1.0767,1.02122,0.99716,1.01472,1.00503,1.00015,1.00158,0.96176,0.99882,1.00198,0.99536,1.11086
28.16,0.8953,1.02516,1.15197,1.1564,1.36021,1,0.45119,0.64617,0.78775,0.57855,0.98827,1.07017,0.9915,0.54353,1.23872,1.18294,0.40083,1.0106,1.22741,1.08887,0.99797,1.06082,0.94381,0.99328,1.00634,0.98918,0.991,0.99993,0.9995,1.01963,1.00074,0.99921,1.00711,0.97499,1.11837,0.98452,0.90619,0.88124,0.23218,1,1.34768,1.27371,1.27539,1.32472,1.01652,0.94946,1.01233,1.33271,0.73615,0.91021,1.35358,0.99256,0.73846,0.92739,1.00344,0.97303,1.06729,1.0196,0.99676,1.01947,1.00696,1.00012,1.00129,0.9852,0.99943,1.00159,0.99615,1.09832
28.18,0.89002,0.98918,1.15252,1.09614,1.35405,1,0.47917,0.65553,0.82105,0.70066,0.87676,1.11045,1.02841,0.54682,1.23517,1.18943,0.50871,0.93891,1.19833,1.09364,0.99547,1.08094,0.95445,0.99349,1.00675,0.98677,0.98881,0.99994,0.99961,0.99761,0.99998,0.99941,1.00546,0.97934,1.12288,1.02392,0.90569,0.93871,0.28519,1,1.34357,1.27055,1.25762,1.29195,1.13231,0.91203,0.98872,1.3321,0.74384,0.9046,1.33794,1.12217,0.79458,0.9226,1.00759,0.96217,1.05595,1.01904,0.99655,1.02359,1.00864,1.0001,1.00102,1.00682,1.00005,1.00118,0.99705,1.0846
28.2,0.88827,0.9683,1.14997,0.99083,1.34474,1,0.52402,0.67454,0.8586,0.83564,0.7926,1.13587,1.06306,0.56287,1.2243,1.19626,0.64211,0.86909,1.15387,1.10171,0.99408,1.09489,0.96545,0.99341,1.00673,0.9852,0.98742,0.99996,0.99971,0.98982,0.99965,0.99961,1.00372,0.98416,1.12435,1.0637,0.90803,1.01791,0.35542,1,1.33624,1.26382,1.23227,1.227,1.18881,0.88402,0.97272,1.32899,0.76608,0.89835,1.30959,1.1997,0.86165,0.91423,1.00987,0.95391,1.04359,1.01926,0.99656,1.02623,1.0097,1.00008,1.00076,1.02768,1.00107,1.00078,0.998,1.06803
28.22,0.89159,0.95155,1.14218,0.91954,1.32988,1,0.5843,0.70041,0.89854,0.97378,0.72498,1.15388,1.0906,0.58954,1.20528,1.20397,0.79812,0.80261,1.08423,1.1122,0.9936,1.10214,0.97567,0.99316,1.0062,0.98501,0.98731,0.99997,0.9998,0.98735,0.9994,0.99981,1.00194,0.98993,1.12155,1.09071,0.91497,1.12118,0.44839,1,1.32457,1.25395,1.19606,1.06307,1.2231,0.86164,0.95781,1.32344,0.80073,0.89087,1.24992,1.24564,0.93724,0.90284,1.01066,0.94936,1.03149,1.01994,0.99684,1.02655,1.00978,1.00005,1.00051,1.03389,1.00182,1.00037,0.99896,1.04592
28.24,0.90106,0.93921,1.12657,0.85503,1.30332,1,0.65807,0.73054,0.93893,1.12775,0.66844,1.16808,1.1131,0.62498,1.17618,1.21235,0.96628,0.74468,0.98668,1.12363,0.99376,1.10238,0.98416,0.99287,1.00514,0.98657,0.98881,0.99998,0.9999,0.99013,0.99928,1.00003,1.00015,0.997,1.11333,1.10836,0.92789,1.1809,0.57334,1,1.30645,1.24125,1.14364,0.88041,1.24653,0.84222,0.94381,1.3152,0.84536,0.88216,1.07798,1.27377,1.03067,0.88969,1.01039,0.94921,1.02095,1.02075,0.99738,1.02393,1.00863,1.00003,1.00026,1.02689,1.00219,0.99999,0.99992,1.0148
28.26,0.91695,0.93105,1.0997,0.79799,1.24371,1,0.74311,0.763,0.97806,1.18723,0.62222,1.17963,1.13092,0.66784,1.13392,1.22036,1.14816,0.69924,0.93289,1.13423,0.99433,1.09547,0.99043,0.99261,1.00362,0.98993,0.99197,0.99999,1.00001,0.99754,0.99927,1.00043,0.99917,1.01039,1.09871,1.11913,0.94748,1.21888,0.74726,1,1.27756,1.22586,1.06536,0.79206,1.26296,0.82512,0.93133,1.30365,0.8968,0.8732,0.85339,1.29093,1.12149,0.87677,1.00946,0.95355,1.01286,1.02148,0.99816,1.01816,1.00622,1.00001,0.99999,1.00703,1.0022,0.99979,1.00176,0.9865
28.28,0.93852,0.92639,1.05666,0.74832,0.99734,1,0.83637,0.79664,1.02672,1.21161,0.58919,1.1881,1.14324,0.7171,1.07574,1.22636,1.21064,0.67001,0.89548,1.14195,0.99506,1.08156,0.99447,0.99242,1.00177,0.9948,0.99646,1.00002,1.00025,1.01567,0.99937,1.00083,0.99827,1.02676,1.07701,1.12498,0.97336,1.24465,1.00526,1,1.22824,1.20767,0.97539,0.74553,1.27347,0.81175,0.92186,1.28758,0.95004,0.86606,0.74752,1.30029,1.16472,0.86688,1.00827,0.96181,1.00751,1.022,0.9991,1.00956,1.00276,0.99999,0.99983,0.98828,1.0019,0.99958,1.00366,0.96431
28.3,0.9638,0.92427,0.99523,0.70575,0.74741,1,0.93302,0.83094,1.07374,1.22102,0.57483,1.19208,1.14839,0.77165,1.00461,1.22828,1.23612,0.66149,0.8762,1.14457,0.99569,1.06137,0.99666,0.99232,0.99992,1.00097,1.00325,1.00006,1.00055,1.03594,0.99954,1.00124,0.99738,1.04128,1.0484,1.12759,1.00773,1.26285,1.24363,1,1.13377,1.18624,0.92529,0.72545,1.27775,0.8052,0.91767,1.265,0.99742,0.86367,0.6903,1.30282,1.1829,0.86342,1.00722,0.97275,1.00457,1.02228,1.00015,0.99954,0.99936,0.99998,0.99964,0.97197,1.00142,0.99937,1.00552,0.94364
28.32,0.98997,0.92358,0.95803,0.66996,0.58178,1,1.04561,0.86579,1.10361,1.22253,0.58612,1.18967,1.14403,0.83018,0.97435,1.22376,1.24764,0.67921,0.8772,1.13966,0.99602,1.0365,0.99761,0.99231,0.99907,1.01187,1.01287,1.0001,1.00092,1.05199,0.9997,1.00166,0.99653,1.05246,1.01441,1.12843,1.06056,1.27602,1.30116,1,0.96431,1.1607,0.88788,0.72209,1.2744,0.80919,0.92122,1.23238,1.05074,0.8692,0.66072,1.29747,1.18201,0.86987,1.00668,0.98476,1.00327,1.02232,1.00187,0.99429,0.9974,0.99996,0.9994,0.95803,1.0009,0.99916,1.00728,0.92704
28.34,1.02644,0.92336,0.92509,0.64034,0.46599,1,1.13366,0.9012,1.12261,1.21945,0.63115,1.17865,1.12684,0.89142,0.96615,1.20963,1.25264,0.72992,0.90038,1.12439,0.99588,1.00914,0.99793,0.99237,0.99845,1.02072,1.02048,1.00015,1.00135,1.06193,0.99983,1.00205,0.99577,1.0595,0.98961,1.12869,1.09852,1.28572,1.32666,1,0.87084,1.12976,0.86131,0.72889,1.25995,0.82663,0.93431,1.18286,1.06471,0.88505,0.64706,1.27974,1.15971,0.88879,1.00692,0.99642,1.00283,1.02214,1.00311,0.98983,0.99579,0.99994,0.99912,0.94891,1.00051,0.99896,1.00885,0.91626
28.36,1.05824,0.92295,0.8978,0.61601,0.38208,1,1.17386,0.93682,1.13433,1.21352,0.72005,1.15613,1.09135,0.95422,0.97732,1.1806,1.25415,0.82194,0.94672,1.09499,0.99517,0.99119,0.99806,0.9925,0.99811,1.02698,1.02559,1.00021,1.00186,1.06535,0.99989,1.00239,0.99519,1.06241,0.97525,1.12919,1.12522,1.29298,1.34081,1,0.81183,1.09194,0.8437,0.74156,1.22531,0.85867,0.95737,1.10099,1.04544,0.91216,0.64281,1.23412,1.10206,0.92122,1.00809,1.01317,1.00267,1.02178,1.00377,0.98657,0.99467,0.99991,0.99878,0.94566,1.00034,0.99879,1.01003,0.91173
28.38,1.07929,0.92201,0.87648,0.5961,0.32026,1,1.19391,0.97138,1.14101,1.20563,0.86544,1.11823,1.02788,1.03139,1.01013,1.12613,1.2534,0.96436,1.02769,1.04619,0.9939,0.97998,0.9982,0.99269,0.99808,1.03073,1.0283,1.00028,1.00242,1.06281,0.99985,1.00261,0.99494,1.06183,0.9644,1.13031,1.14367,1.29851,1.34958,1,0.77677,1.04652,0.83319,0.75765,1.14106,0.90385,0.98894,0.97617,0.99425,0.94939,0.64492,1.08039,0.98188,0.9658,1.01016,1.02894,1.00247,1.02125,1.00385,0.98457,0.99407,0.99988,0.99841,0.94807,1.00045,0.99868,1.01056,0.91263
28.4,1.09345,0.92055,0.86097,0.5799,0.27524,1,1.20346,1.00468,1.14422,1.19597,1.10793,1.06112,0.96753,1.10817,1.07065,1.02363,1.25051,1.16756,1.12681,0.98701,0.99216,0.97056,0.99839,0.99294,0.99829,1.03236,1.02907,1.00035,1.00301,1.05554,0.99972,1.00264,0.99518,1.05895,0.95637,1.13205,1.15596,1.30276,1.35525,1,0.75844,0.99787,0.82802,0.77622,0.94828,0.9569,1.04407,0.90213,0.95397,0.99287,0.65295,0.82757,0.89445,1.03241,1.01298,1.04142,1.00221,1.02057,1.00342,0.98369,0.9939,0.99985,0.99803,0.95481,1.00085,0.99866,1.01005,0.91711
28.42,1.10357,0.91878,0.8508,0.56697,0.24393,1,1.20687,1.04601,1.14511,1.18416,1.23332,0.99297,0.92645,1.15208,1.11562,0.94086,1.24489,1.2428,1.18147,0.95257,0.99008,0.96217,0.99858,0.99323,0.99868,1.03247,1.02855,1.00042,1.00356,1.0453,0.9995,1.00237,0.99618,1.05529,0.95023,1.13414,1.16355,1.306,1.3589,1,0.75163,0.97701,0.82658,0.79741,0.82322,1.01671,1.08981,0.84546,0.91538,1.06007,0.66803,0.67811,0.82229,1.09937,1.01631,1.052,1.00195,1.01975,1.00264,0.98363,0.99402,0.99982,0.99767,0.96396,1.00153,0.9988,1.00801,0.92273
28.44,1.11159,0.91696,0.84536,0.55719,0.22409,1,1.20637,1.06642,1.14455,1.16944,1.2746,0.9627,0.89653,1.1788,1.14437,0.88919,1.23562,1.2739,1.2115,0.92734,0.98778,0.9542,0.9988,0.99358,0.99917,1.03163,1.02735,1.00047,1.00398,1.0339,0.99919,1.00165,0.9982,1.05231,0.9451,1.13624,1.16747,1.30837,1.36109,1,0.75263,0.9651,0.82749,0.82175,0.7427,1.0766,1.11777,0.80359,0.88529,1.10263,0.69153,0.58776,0.7706,1.13624,1.01994,1.06159,1.00165,1.01877,1.00166,0.98409,0.99428,0.9998,0.99739,0.97367,1.00246,0.99917,1.00381,0.92726
28.46,1.11856,0.91535,0.84394,0.55077,0.21379,1,1.20315,1.07149,1.14321,1.15094,1.29057,0.94816,0.87926,1.19508,1.16007,0.85843,1.22168,1.28705,1.22694,0.91287,0.98534,0.94652,0.99926,0.994,0.9997,1.03027,1.02592,1.0005,1.00416,1.02277,0.99881,1.00033,1.00314,1.05098,0.94045,1.1381,1.16848,1.30989,1.36219,1,0.75905,0.96195,0.82966,0.84947,0.70029,1.09992,1.13223,0.77459,0.86657,1.12458,0.72399,0.54177,0.73946,1.15408,1.02373,1.07045,1.00103,1.01759,1.0006,0.98482,0.9946,0.99979,0.99727,0.98272,1.00361,0.99983,0.99831,0.92926
28.48,1.12474,0.91413,0.84568,0.54837,0.21124,1,1.19773,1.06441,1.14158,1.12804,1.29438,0.94867,0.87392,1.20408,1.16592,0.84667,1.20231,1.29033,1.23299,0.90878,0.98282,0.93956,1.00071,0.99451,1.00043,1.02866,1.0245,1.00048,1.00393,1.01266,0.99836,0.99912,1.01288,1.05166,0.93615,1.13948,1.16724,1.31045,1.36246,1,0.76958,0.96633,0.83227,0.88005,0.68889,1.09915,1.13649,0.75723,0.85912,1.1324,0.76416,0.52939,0.72624,1.15876,1.02759,1.07818,0.99976,1.01617,0.99978,0.98568,0.99492,0.99979,0.99742,0.99059,1.00495,1.00176,0.99294,0.92825
28.5,1.12987,0.91348,0.84968,0.55108,0.21475,1,1.1901,1.04766,1.14,1.10083,1.29005,0.96178,0.87827,1.20717,1.16456,0.85068,1.17775,1.2868,1.23266,0.91335,0.98025,0.93424,1.00529,0.99511,1.00135,1.02698,1.02316,1.0004,1.00309,1.00357,0.99786,0.99761,1.02568,1.05406,0.93247,1.14021,1.16436,1.30982,1.36209,1,0.78377,0.97609,0.8348,0.91187,0.70182,1.07817,1.13303,0.75101,0.86088,1.12977,0.80828,0.54268,0.72699,1.15352,1.03144,1.08391,0.99815,1.01445,0.99932,0.98657,0.99521,0.99983,0.99797,0.99739,1.00644,1.00477,0.98553,0.9246
28.52,1.13337,0.91354,0.85508,0.56038,0.22272,1,1.17992,1.02426,1.13862,1.07067,1.2787,0.98388,0.88926,1.20473,1.15831,0.86661,1.15042,1.27772,1.22797,0.9241,0.97769,0.93157,1.01327,0.99583,1.0021,1.02529,1.02185,1.00021,1.0014,0.99754,0.99732,0.99556,1.04127,1.05755,0.92988,1.14015,1.1604,1.30761,1.36124,1,0.80169,0.98848,0.83699,0.94251,0.73257,1.03661,1.12399,0.75591,0.86876,1.11896,0.85021,0.57495,0.73726,1.14041,1.03522,1.08672,0.99528,1.01239,0.99894,0.98746,0.99549,0.99991,0.99909,1.00701,1.00803,1.00878,0.97591,0.91927
28.54,1.13475,0.91441,0.86134,0.57796,0.23392,1,1.16674,0.99914,1.13733,1.04011,1.26007,1.02057,0.9039,1.19655,1.14913,0.89068,1.12538,1.26355,1.22038,0.93852,0.9752,0.93213,1.02508,0.99665,1.00265,1.02367,1.02055,0.99995,0.99928,0.99348,0.99677,0.99294,1.05899,1.06145,0.92884,1.13916,1.15567,1.30325,1.36001,1,0.8233,1.00154,0.83902,0.96951,0.77504,0.98674,1.11124,0.77182,0.8798,1.1015,0.88335,0.62043,0.75313,1.1209,1.03884,1.08613,0.99084,1.01001,0.99865,0.98831,0.99578,1.00009,1.00187,1.01814,1.00966,1.01382,0.9641,0.91323
28.56,1.13372,0.91617,0.8684,0.60561,0.24759,1,1.15039,0.98828,1.13576,1.01227,1.23297,1.06376,0.91987,1.18209,1.13844,0.91954,1.10874,1.24433,1.21081,0.95446,0.97287,0.93565,1.04029,0.99753,1.00305,1.02219,1.01926,0.99971,0.99716,0.98957,0.9962,0.98974,1.07785,1.06529,0.92962,1.13715,1.15018,1.29591,1.35848,1,0.8479,1.0202,0.84148,0.9912,0.82377,0.95477,1.0963,0.79795,0.89192,1.07859,0.90307,0.67418,0.77192,1.09626,1.04217,1.0824,0.98473,1.00741,0.99845,0.98907,0.99605,1.00049,1.00728,1.02834,1.0113,1.01981,0.95038,0.90719
28.58,1.1302,0.91882,0.87667,0.64514,0.26352,1,1.13152,0.9819,1.13322,0.99508,1.19575,1.09389,0.9356,1.16101,1.12698,0.94996,1.10403,1.21996,1.19958,0.97018,0.97084,0.94088,1.05766,0.99841,1.00333,1.02103,1.01815,0.99938,0.99423,0.98607,0.99565,0.98605,1.09662,1.06881,0.93222,1.13408,1.14351,1.28421,1.35665,1,0.87364,1.0305,0.84541,1.01338,0.87368,0.92833,1.08044,0.83219,0.90407,1.05171,0.90835,0.73186,0.79239,1.06804,1.04503,1.07675,0.97717,1.0048,0.99831,0.98967,0.99629,1.00106,1.01456,1.03704,1.0129,1.02653,0.93537,0.9016
28.6,1.12428,0.92235,0.887,0.69836,0.28191,1,1.11248,0.98079,1.12875,0.98804,1.14771,1.11226,0.95013,1.13405,1.11479,0.97866,1.10986,1.19054,1.18632,0.98427,0.9693,0.94561,1.07557,0.99918,1.00361,1.02041,1.01745,0.99893,0.99039,0.98359,0.99513,0.98206,1.11393,1.07183,0.93648,1.12991,1.13481,1.26572,1.35445,1,0.89713,1.03225,0.85222,1.03115,0.91988,0.91015,1.06463,0.87033,0.91618,1.02333,0.9018,0.78953,0.81462,1.03866,1.04717,1.07148,0.96863,1.0025,0.99817,0.98999,0.99644,1.00181,1.02372,1.04301,1.01439,1.03357,0.92015,0.89675
28.62,1.11606,0.92686,0.90034,0.76729,0.30327,1,1.09787,0.98532,1.12129,0.98433,1.09191,1.11978,0.96304,1.10454,1.1012,1.00492,1.12175,1.15666,1.16983,0.99556,0.96852,0.94713,1.09255,0.99969,1.00396,1.02054,1.01743,0.99837,0.98564,0.98291,0.99467,0.97809,1.12841,1.07408,0.94214,1.12441,1.12289,1.23546,1.35179,1,0.91367,1.02504,0.86324,1.03995,0.95794,0.90219,1.04955,0.90627,0.92876,0.99858,0.8878,0.84385,0.83971,1.01162,1.04826,1.06977,0.95974,1.00096,0.99799,0.98993,0.99644,1.00275,1.03455,1.0446,1.01571,1.04037,0.90625,0.89308
28.64,1.10542,0.93284,0.91742,0.85483,0.32811,1,1.09358,0.99558,1.11004,0.98314,1.03912,1.11646,0.97416,1.07899,1.0853,1.03451,1.13591,1.1195,1.14793,1.00648,0.96878,0.94294,1.10771,0.9998,1.00448,1.02156,1.01831,0.99771,0.98007,0.98491,0.99429,0.97463,1.13852,1.07496,0.94907,1.11682,1.10642,1.18105,1.34853,1,0.91831,1.00782,0.87916,1.0427,0.9844,0.90575,1.03571,0.93339,0.94237,0.9893,0.86996,0.8924,0.86929,0.99559,1.0479,1.07447,0.95105,1.00061,0.99772,0.9894,0.99626,1.00387,1.04659,1.03986,1.01677,1.04613,0.89585,0.89165
28.66,1.09174,0.9413,0.93835,0.9653,0.35657,1,1.10387,1.02142,1.09481,0.98397,1.0071,1.10107,0.9834,1.06544,1.0664,1.0479,1.15079,1.08081,1.11717,1.01365,0.9704,0.93142,1.12071,0.99939,1.00521,1.02348,1.0201,0.99696,0.9739,0.99039,0.99402,0.97236,1.14229,1.0733,0.95737,1.10548,1.08408,1.06126,1.34458,1,0.90702,0.98989,0.89941,1.0408,0.99738,0.92143,1.02354,0.94649,0.95719,0.98464,0.84969,0.93389,0.90499,0.99057,1.04564,1.08687,0.94295,1.00185,0.99735,0.98841,0.99587,1.00512,1.05912,1.02624,1.01754,1.04981,0.89181,0.89436
28.68,1.07379,0.95384,0.96228,1.13018,0.38787,1,1.12832,1.05442,1.07681,0.98663,1.00867,1.07059,0.99065,1.06897,1.04452,1.0499,1.16658,1.04244,1.07188,1.01343,0.97371,0.91216,1.1315,0.99836,1.00612,1.02609,1.02264,0.99617,0.96756,1.00019,0.99387,0.97223,1.13645,1.0672,0.96735,1.08723,1.05512,0.90874,1.33993,1,0.87775,0.97225,0.92166,1.03455,0.99678,0.94911,1.01354,0.94316,0.97273,0.98391,0.82623,0.96817,0.94802,0.99073,1.04097,1.10607,0.93572,1.00495,0.99688,0.98704,0.99532,1.00643,1.07121,0.99986,1.01796,1.05002,0.89802,0.90417
28.7,1.04943,0.9726,0.98717,1.21342,0.4198,1,1.16183,1.08591,1.05949,0.99124,1.03966,1.01907,0.99566,1.08812,1.02106,1.04433,1.18412,1.00577,1.00177,1.00643,0.97906,0.88597,1.14011,0.99662,1.00715,1.02904,1.02559,0.99542,0.96172,1.02714,0.99386,0.97544,1.11413,1.05357,0.97946,1.05611,1.02026,0.8022,1.33481,1,0.83094,0.95252,0.94151,1.02325,0.98417,0.98775,1.00637,0.92407,0.98776,0.98591,0.79748,0.99599,0.9989,0.99562,1.03321,1.12946,0.92958,1.01008,0.99634,0.98548,0.99467,1.00768,1.08172,0.97922,1.01798,1.04479,0.91996,0.92536
28.72,1.01495,1.00044,1.0192,1.25617,0.44909,1,1.19781,1.11376,1.04857,0.99798,1.08485,0.97237,0.99812,1.11679,0.99937,1.03478,1.20366,0.98663,0.95666,0.9965,0.98683,0.85482,1.14675,0.99412,1.0082,1.03189,1.02849,0.99482,0.95732,1.05818,0.99401,0.98352,1.05647,1.02687,0.99428,0.99974,0.99175,0.71554,1.32975,1,0.76942,0.93211,0.9533,1.00558,0.96192,1.05934,1.00277,0.89201,1.0014,0.98921,0.76151,1.03395,1.08665,1.00921,1.02143,1.15388,0.9246,1.01724,0.9958,0.98395,0.99403,1.00866,1.08926,0.9524,1.01756,1.03102,0.96584,0.96417
28.74,0.98354,1.0646,1.04911,1.28154,0.47297,1,1.23138,1.13772,1.04975,1.01312,1.13151,0.93385,0.99779,1.1487,0.99073,1.02456,1.22425,0.97333,0.91359,0.98718,0.99749,0.82161,1.15195,0.99083,1.00913,1.0341,1.03083,0.99454,0.95566,1.09083,0.99433,0.99842,0.95693,0.98855,1.02322,0.95653,0.97734,0.64568,1.32534,1,0.69765,0.91174,0.95205,0.99057,0.93231,1.12022,1.00327,0.85031,1.01972,0.99257,0.71824,1.063,1.14529,1.032,1.00424,1.17658,0.92056,1.02634,0.99531,0.98274,0.9935,1.00912,1.09202,0.91991,1.01666,1.00317,1.07672,1.05145
28.76,0.95599,1.12212,1.06612,1.29813,0.49098,1,1.26009,1.15864,1.06496,1.03137,1.17357,0.89587,0.99455,1.17981,0.98506,1.01596,1.24413,0.96137,0.87189,0.97578,1.02168,0.78992,1.15659,0.98674,1.00981,1.03516,1.03207,0.99478,0.95846,1.12292,0.99483,1.03989,0.85746,0.9524,1.05765,0.90478,0.96816,0.58895,1.32183,1,0.62088,0.89134,0.9354,0.9766,0.89701,1.16433,1.00798,0.80188,1.03097,0.99527,0.67002,1.08584,1.18666,1.05689,0.99032,1.19561,0.91681,1.0371,0.99495,0.98217,0.99322,1.00873,1.08734,0.88265,1.01524,0.97804,1.18389,1.15475
28.78,0.92557,1.17017,1.07351,1.30984,0.50582,1,1.28332,1.17769,1.09094,1.0483,1.20932,0.85884,0.98851,1.20807,0.98116,1.00968,1.26159,0.94948,0.83143,0.9627,1.05051,0.76404,1.16193,0.98193,1.01007,1.03447,1.03167,0.9958,0.96793,1.15275,0.99551,1.08798,0.74254,0.90586,1.09031,0.84705,0.96393,0.54194,1.3188,1,0.54447,0.87014,0.90435,0.96263,0.85728,1.19743,1.01654,0.74919,1.0384,0.99717,0.6212,1.10602,1.21746,1.082,0.97584,1.20954,0.91236,1.04906,0.99481,0.98255,0.99331,1.00705,1.07052,0.84204,1.01329,0.94548,1.25192,1.22571
28.8,0.89327,1.20835,1.07387,1.31865,0.52319,1,1.30142,1.19588,1.12159,1.06148,1.23886,0.82274,0.97996,1.23265,0.97699,1.00481,1.27553,0.93674,0.79215,0.94846,1.07986,0.74883,1.16929,0.97656,1.00975,1.03134,1.02898,0.99793,0.98701,1.17916,0.99636,1.13573,0.62191,0.84998,1.12012,0.78688,0.96371,0.50184,1.3151,1,0.47304,0.84709,0.8628,0.95102,0.81425,1.22317,1.02814,0.69459,1.04605,0.99861,0.57691,1.12529,1.24127,1.10596,0.95885,1.21715,0.90595,1.06163,0.99498,0.98424,0.99392,1.0035,1.03148,0.79999,1.01085,0.90393,1.29512,1.27346
28.82,0.86037,1.23785,1.06925,1.32564,0.55086,1,1.31519,1.21382,1.15149,1.06873,1.26282,0.78756,0.96947,1.25339,0.97005,1.00008,1.28557,0.92246,0.75414,0.93359,1.10825,0.74904,1.17943,0.97086,1.00868,1.02509,1.02335,1.003,1.03522,1.20173,0.99735,1.17905,0.50511,0.78724,1.14635,0.72765,0.96639,0.46656,1.30881,1,0.40975,0.82103,0.81599,0.94433,0.76932,1.24375,1.04165,0.64035,1.05819,0.99998,0.54153,1.14449,1.26018,1.12784,0.9397,1.21705,0.89652,1.07412,0.99554,0.98757,0.99517,0.99871,0.9753,0.75837,1.00796,0.85447,1.32302,1.30558
28.84,0.82826,1.26049,1.0608,1.33146,0.59774,1,1.32552,1.23169,1.17758,1.06832,1.28188,0.75353,0.95783,1.27044,0.95787,0.99797,1.29186,0.9059,0.7176,0.91876,1.13455,0.76867,1.19197,0.96507,1.00677,1.01511,1.01425,1.01338,1.10088,1.22062,0.99843,1.21581,0.39948,0.72125,1.16869,0.67163,0.97112,0.4345,1.29691,1,0.35605,0.79105,0.76889,0.94472,0.72438,1.26046,1.05576,0.58868,1.07786,1.00231,0.5177,1.16407,1.27546,1.14706,0.91897,1.20714,0.88383,1.08598,0.99654,0.99268,0.99712,0.99413,0.91755,0.71857,1.00474,0.79936,1.3414,1.32735
28.86,0.79834,1.27797,1.0483,1.33648,0.67447,1,1.33315,1.24925,1.19868,1.05855,1.29663,0.72133,0.94616,1.28403,0.93854,0.99801,1.29467,0.88624,0.6829,0.90472,1.15792,0.81059,1.20541,0.9595,1.00404,1.00106,1.00143,1.02702,1.16052,1.23626,0.99955,1.24545,0.30946,0.65631,1.18711,0.61997,0.97776,0.40464,1.27315,1,0.31233,0.7567,0.72555,0.95366,0.68189,1.27401,1.06906,0.54186,1.10543,1.00226,0.5066,1.18428,1.2879,1.16326,0.8975,1.18346,0.86876,1.09672,0.99795,0.9995,0.99972,0.98778,0.84556,0.68146,1.00137,0.74184,1.35369,1.34219
28.88,0.77222,1.29157,1.02972,1.34089,0.79526,1,1.33858,1.26598,1.21448,1.03713,1.30749,0.69223,0.93597,1.29434,0.91102,1.0073,1.29414,0.86273,0.65082,0.89248,1.17773,0.876,1.21767,0.95447,1.00067,0.99198,0.99287,1.04361,1.21003,1.2491,1.00123,1.26836,0.23722,0.59702,1.20161,0.57333,0.98691,0.37658,1.21896,1,0.27878,0.71827,0.68946,0.97195,0.64493,1.28473,1.08005,0.5024,1.13852,0.99788,0.50869,1.20498,1.29797,1.17604,0.87651,1.13764,0.85346,1.10585,0.99966,1.01458,1.00553,0.97949,0.76309,0.64771,0.99906,0.68586,1.36192,1.35229
28.9,0.75187,1.30213,1.00032,1.34473,0.98142,1,1.34209,1.28131,1.22481,1.00057,1.3147,0.66811,0.92912,1.30142,0.87539,1.03675,1.29015,0.83506,0.62259,0.88327,1.19348,0.96307,1.22675,0.95044,0.99852,0.98311,0.98471,1.06243,1.24885,1.25943,1.00299,1.28533,0.18329,0.54766,1.21201,0.53232,0.99987,0.35049,1.03443,1,0.25596,0.67681,0.6639,0.9996,0.61711,1.2927,1.08712,0.47307,1.1732,0.98854,0.5243,1.22554,1.30587,1.18492,0.85756,1.05088,0.84103,1.11285,1.00297,1.0297,1.01175,0.96925,0.67542,0.61806,0.99771,0.63553,1.36732,1.35898
28.92,0.73939,1.31024,0.97833,1.34802,1.21151,1,1.34376,1.29487,1.22941,0.97599,1.31829,0.65111,0.92762,1.30518,0.83313,1.08426,1.28229,0.80412,0.59971,0.87833,1.20497,1.0952,1.23101,0.94785,0.9968,0.97493,0.97714,1.08247,1.27831,1.26745,1.00417,1.2973,0.14696,0.51132,1.21804,0.49748,1.03326,0.32686,0.80791,1,0.24476,0.63381,0.65198,1.05846,0.6021,1.29788,1.08864,0.45663,1.2058,0.9702,0.55345,1.24478,1.31172,1.18945,0.84228,0.95372,0.83484,1.11718,1.00635,1.04279,1.0174,0.95721,0.58814,0.59329,0.99679,0.59411,1.37064,1.36317
28.94,0.73682,1.31634,0.94977,1.35077,1.28144,1,1.34353,1.30654,1.22765,0.95152,1.31799,0.64332,0.93326,1.30539,0.78706,1.14057,1.26999,0.77265,0.58372,0.87849,1.21226,1.17353,1.22904,0.94711,0.99538,0.96824,0.97094,1.10262,1.30027,1.27335,1.00468,1.3052,0.12672,0.48943,1.21925,0.46907,1.07075,0.30613,0.6499,1,0.24635,0.59083,0.65659,1.10417,0.6034,1.30015,1.08288,0.45569,1.23388,0.94085,0.59511,1.26123,1.31555,1.18931,0.83182,0.89191,0.83772,1.11841,1.00913,1.05294,1.02196,0.94374,0.50609,0.57402,0.99639,0.56346,1.3724,1.36545
28.96,0.74614,1.32075,0.91451,1.353,1.31333,1,1.3411,1.31634,1.2181,0.9319,1.31276,0.64681,0.94746,1.3014,0.74115,1.19421,1.25323,0.74547,0.57625,0.88386,1.21564,1.21272,1.21908,0.94842,0.99436,0.9635,0.96652,1.12176,1.31641,1.27726,1.00461,1.30981,0.12102,0.48204,1.21481,0.44719,1.10932,0.28867,0.53118,1,0.26249,0.54943,0.68068,1.13375,0.62487,1.29914,1.06762,0.47312,1.25635,0.90027,0.6454,1.27344,1.31726,1.18437,0.82678,0.84581,0.8516,1.11623,1.0111,1.05985,1.02517,0.92945,0.43305,0.56067,0.99645,0.54425,1.37289,1.36618
28.98,0.7696,1.32367,0.87372,1.35469,1.33122,1,1.33583,1.32434,1.19755,0.92364,1.29974,0.66404,0.97119,1.29164,0.70018,1.23853,1.23433,0.72942,0.57941,0.89378,1.21537,1.23377,1.19779,0.95186,0.99377,0.96085,0.96404,1.1388,1.32802,1.27924,1.00427,1.31155,0.12882,0.48856,1.20299,0.43205,1.14592,0.2749,0.44082,1,0.29604,0.51126,0.72801,1.14472,0.67185,1.29397,1.03949,0.51312,1.27298,0.85021,0.69467,1.27994,1.31654,1.17473,0.82719,0.81421,0.8775,1.11042,1.01224,1.06362,1.02696,0.9153,0.37191,0.55377,0.99671,0.53668,1.37222,1.36554
29,0.81015,1.32514,0.82955,1.35583,1.34244,1,1.32628,1.33059,1.1585,0.9353,1.2702,0.69846,1.00965,1.27225,0.66928,1.27234,1.22105,0.73332,0.59614,0.90684,1.21165,1.24492,1.15804,0.95732,0.99357,0.96016,0.96339,1.15272,1.33598,1.27915,1.00414,1.31054,0.14968,0.50803,1.18009,0.42421,1.17835,0.2654,0.37125,1,0.35188,0.4782,0.80397,1.12899,0.75304,1.28254,0.99633,0.58275,1.28384,0.79396,0.72538,1.2784,1.31259,1.16093,0.83273,0.79487,0.91562,1.10074,1.01261,1.06459,1.02743,0.90256,0.3249,0.55409,0.99682,0.54108,1.3704,1.36353
29.02,0.87221,1.32507,0.78444,1.35641,1.35,1,1.30905,1.33516,1.08044,0.97822,1.18661,0.75513,1.07625,1.23257,0.65297,1.29725,1.22464,0.76782,0.63046,0.92127,1.20454,1.25005,1.08149,0.96461,0.9937,0.96117,0.96435,1.1628,1.34092,1.27665,1.00479,1.3065,0.18383,0.53942,1.13733,0.42457,1.2057,0.26057,0.31708,1,0.43907,0.45198,0.91732,1.05367,0.88378,1.25973,0.96585,0.69478,1.28909,0.73517,0.71737,1.26352,1.30375,1.14397,0.84287,0.78525,0.96563,1.0869,1.01237,1.06317,1.02674,0.89259,0.2933,0.56279,0.99631,0.55816,1.36726,1.35998
29.04,0.96294,1.32325,0.74032,1.35645,1.3554,1,1.27431,1.33813,0.95633,1.09876,0.89034,0.84163,1.12887,1.13104,0.65438,1.31552,1.24716,0.84577,0.68746,0.93578,1.19387,1.25123,0.96239,0.97356,0.99406,0.96354,0.9666,1.16866,1.34329,1.27108,1.00674,1.29862,0.23256,0.58199,1.04944,0.43425,1.22816,0.26021,0.27401,1,0.57592,0.43391,1.11331,0.91413,1.12124,1.21038,0.93284,0.87425,1.28864,0.6768,0.66201,1.21801,1.28637,1.12479,0.85708,0.78297,1.04709,1.06832,1.01167,1.0598,1.02511,0.88647,0.27741,0.58153,0.99479,0.58917,1.36241,1.35446
29.06,1.12207,1.31929,0.69856,1.35611,1.35952,1,1.17888,1.33954,0.86297,1.2002,0.66122,0.96927,1.16893,0.89986,0.67521,1.32903,1.27729,0.98393,0.77332,0.95013,1.17913,1.24971,0.87695,0.98402,0.99458,0.9669,0.96982,1.17019,1.34333,1.26123,1.01032,1.28523,0.29861,0.63536,0.93803,0.45457,1.24637,0.26306,0.2384,1,0.80346,0.42504,1.22884,0.76823,1.24924,1.06504,0.89943,1.17418,1.28185,0.62096,0.57093,1.0402,1.25108,1.1033,0.87491,0.78591,1.12741,1.04397,1.01068,1.05491,1.02278,0.88483,0.27715,0.61261,0.99196,0.63584,1.35501,1.34606
29.08,1.21588,1.31252,0.66027,1.35569,1.36287,1,0.87583,1.33931,0.77603,1.26268,0.49679,1.16351,1.19847,0.73611,0.71574,1.33911,1.30398,1.18744,0.89444,0.96533,1.15959,1.24641,0.79936,0.99583,0.99516,0.97087,0.97359,1.16734,1.34102,1.24488,1.01559,1.26304,0.38612,0.69903,0.84648,0.48708,1.26097,0.2666,0.20732,1,1.19751,0.42652,1.28083,0.61789,1.29853,0.84866,0.86798,1.28038,1.26699,0.5693,0.4676,0.79499,1.16576,1.07721,0.89584,0.79212,1.17953,1.01239,1.00955,1.04901,1.02002,0.88787,0.29267,0.65916,0.98773,0.69997,1.34339,1.33299
29.1,1.2661,1.30182,0.62658,1.35564,1.3658,1,0.66406,1.33713,0.69828,1.30085,0.38212,1.24567,1.21922,0.61062,0.77431,1.34663,1.32361,1.26052,1.08293,0.98339,1.13431,1.24225,0.73108,1.01661,0.99572,0.97498,0.97748,1.15998,1.33601,1.21749,1.02238,1.2252,0.49989,0.7715,0.75907,0.53362,1.27243,0.26703,0.17858,1,1.30475,0.4401,1.30938,0.48107,1.32295,0.69642,0.84107,1.31867,1.2406,0.52336,0.37232,0.62947,0.9384,1.04062,0.91918,0.79968,1.21494,0.9869,1.00847,1.04272,1.01715,0.89544,0.3247,0.72552,0.98214,0.78263,1.32405,1.31161
29.12,1.29619,1.28503,0.59845,1.35646,1.36849,1,0.51504,1.33234,0.63133,1.32479,0.3054,1.28493,1.23263,0.51812,0.84694,1.35216,1.33693,1.29177,1.20468,1.01242,1.10213,1.23818,0.67264,1.03964,0.99617,0.97878,0.98102,1.1478,1.32748,1.16813,1.03034,1.15533,0.644,0.84964,0.67935,0.59657,1.28115,0.26013,0.15079,1,1.33779,0.46839,1.32675,0.3659,1.33628,0.58081,0.82097,1.33726,1.19598,0.48437,0.29509,0.52386,0.78329,0.99144,0.94409,0.80681,1.23974,0.96724,1.00759,1.03673,1.01451,0.90719,0.37495,0.81833,0.9754,0.88323,1.28856,1.27368
29.14,1.31556,1.25759,0.57638,1.35845,1.37101,1,0.40799,1.32356,0.57553,1.34037,0.25748,1.30656,1.2399,0.45239,0.92801,1.35613,1.34569,1.30493,1.25203,1.05874,1.06127,1.23504,0.62355,1.06026,0.99647,0.98192,0.98386,1.13018,1.31354,1.06206,1.03905,1.00253,0.81956,0.92883,0.60912,0.67942,1.28752,0.24291,0.12332,1,1.35341,0.51518,1.338,0.27312,1.34366,0.49606,0.80899,1.34751,1.11886,0.45304,0.23733,0.46946,0.68027,0.95528,0.96991,0.8121,1.25757,0.94795,1.00701,1.03165,1.01238,0.92264,0.44697,0.94878,0.96776,0.99872,1.21067,1.19604
29.16,1.32866,1.20815,0.56038,1.36153,1.37337,1,0.32979,1.3078,0.53047,1.35084,0.23173,1.31933,1.24204,0.40757,1.02154,1.35886,1.35133,1.307,1.27371,1.09799,1.00858,1.23342,0.58259,1.07852,0.99658,0.98422,0.98582,1.1061,1.28987,0.91971,1.04803,0.89769,1.03654,1.00624,0.54894,0.78724,1.2919,0.21512,0.09631,1,1.36226,0.58579,1.34554,0.20026,1.34736,0.43602,0.80531,1.35346,0.98747,0.42973,0.19662,0.46024,0.6181,0.91813,0.99628,0.81478,1.27076,0.92937,1.0068,1.02786,1.0109,0.94126,0.54711,1.15301,0.95959,1.14334,0.9789,0.99194
29.18,1.33772,1.10044,0.55023,1.36525,1.37553,1,0.27245,1.27774,0.49577,1.35801,0.22378,1.3269,1.23992,0.37885,1.12017,1.36051,1.35483,1.29848,1.28243,1.12627,0.97387,1.23345,0.54842,1.09445,0.99651,0.98566,0.98689,1.07436,1.24501,0.81174,1.05678,0.82555,1.19623,1.09533,0.49905,0.9261,1.29458,0.17934,0.07046,1,1.36776,0.68709,1.35061,0.14451,1.34847,0.39598,0.80896,1.35692,0.91093,0.41488,0.16993,0.497,0.58945,0.88654,1.04074,0.81473,1.28075,0.91184,1.00694,1.02545,1.01009,0.96223,0.68529,1.24553,0.95132,1.20114,0.82204,0.85714
29.2,1.34395,0.92406,0.54568,1.36909,1.37742,1,0.2313,1.20998,0.47145,1.36285,0.23101,1.33095,1.23442,0.36269,1.16913,1.3611,1.35673,1.27268,1.28187,1.14029,0.94553,1.23485,0.51996,1.10806,0.99629,0.98635,0.98721,1.03406,1.13847,0.71626,1.0647,0.7829,1.24051,1.13367,0.45987,1.12785,1.29576,0.13975,0.04685,1,1.37129,0.82692,1.35384,0.10365,1.34746,0.37303,0.81809,1.35875,0.85491,0.40932,0.15485,0.59178,0.59136,0.86905,1.07785,0.81243,1.28846,0.8958,1.00736,1.02429,1.00985,0.98434,0.87496,1.28931,0.94357,1.22661,0.7409,0.78477
29.22,1.348,0.81308,0.5466,1.37264,1.37899,1,0.2036,0.98546,0.45786,1.36596,0.25211,1.3322,1.22655,0.35654,1.19689,1.36058,1.35735,1.19447,1.27125,1.13543,0.91943,1.23708,0.49643,1.11926,0.99599,0.98649,0.987,0.993,0.91362,0.63451,1.07125,0.7695,1.2524,1.14578,0.43174,1.22365,1.29552,0.10039,0.0264,1,1.37349,1.02481,1.35555,0.07594,1.34444,0.36571,0.83038,1.35943,0.81454,0.41423,0.14983,0.78246,0.62577,0.87526,1.10694,0.80867,1.29445,0.88178,1.00795,1.02405,1.01001,1.01163,1.15026,1.314,0.93695,1.23364,0.71363,0.75962
29.24,1.35035,0.73124,0.55297,1.37571,1.38025,1,0.18758,0.79855,0.45533,1.36771,0.28687,1.33088,1.21727,0.35878,1.21345,1.35873,1.35682,0.88579,1.24345,1.10009,0.89587,1.23969,0.47738,1.12803,0.99566,0.98628,0.98649,0.97104,0.7771,0.56647,1.07607,0.78598,1.24432,1.13807,0.41447,1.26503,1.29386,0.06403,0.00958,1,1.37471,1.20656,1.35586,0.05986,1.33921,0.37342,0.84381,1.35918,0.78644,0.43088,0.15414,1.18471,0.70188,0.91594,1.12985,0.80419,1.29908,0.87024,1.00858,1.02441,1.0104,1.04475,1.2542,1.32931,0.93195,1.22493,0.73246,0.77577
29.26,1.35128,0.67266,0.56492,1.37824,1.38095,1,0.18209,0.67135,0.46412,1.36831,0.33584,1.3269,1.20717,0.36848,1.22288,1.35524,1.35511,0.62687,1.16784,0.99586,0.87542,1.2424,0.46259,1.13435,0.99537,0.9859,0.98589,0.95386,0.68589,0.51145,1.07904,0.83321,1.21168,1.10924,0.40735,1.28671,1.29068,0.03223,0,1,1.37511,1.26499,1.35477,0.05418,1.33123,0.39598,0.85726,1.3581,0.76884,0.46036,0.1677,1.31225,0.84256,1.01086,1.14759,0.79941,1.30253,0.86159,1.00916,1.02505,1.01086,1.0676,1.29121,1.33931,0.92882,1.19599,0.7968,0.83208
29.28,1.35103,0.63268,0.58262,1.38024,1.38095,1,0.18654,0.58398,0.48431,1.36789,0.39933,1.31992,1.19616,0.38528,1.22664,1.34958,1.35209,0.42814,0.9261,0.89715,0.85917,1.24516,0.45226,1.13817,0.99515,0.98549,0.98534,0.94198,0.629,0.46897,1.08019,0.9108,1.12513,1.05126,0.40928,1.29893,1.28576,0.00587,0,1,1.37478,1.2925,1.35216,0.05816,1.31966,0.43302,0.8707,1.35617,0.76145,0.50316,0.19097,1.34922,1.13027,1.17129,1.16049,0.79444,1.30488,0.85622,1.00957,1.02575,1.01127,1.08207,1.30802,1.34594,0.92758,1.13005,0.9095,0.92885
29.3,1.34975,0.60812,0.60623,1.38095,1.38095,1,0.201,0.52478,0.51577,1.36644,0.47563,1.30949,1.18328,0.40919,1.22462,1.34102,1.34746,0.27533,0.71946,0.78817,0.84869,1.24801,0.447,1.13927,0.99508,0.98512,0.98497,0.93583,0.60132,0.43915,1.07969,1.02566,0.93946,0.97688,0.41891,1.3056,1.27881,0,0,1,1.37369,1.30746,1.34776,0.07161,1.30352,0.48305,0.88501,1.35326,0.76545,0.55834,0.22484,1.3664,1.27474,1.25144,1.16829,0.78914,1.30605,0.85466,1.00972,1.02636,1.01155,1.08917,1.31498,1.35012,0.92812,0.98633,1.10107,1.09249
29.32,1.34758,0.59718,0.63591,1.38095,1.38095,1,0.22638,0.48697,0.55827,1.36382,0.55933,1.29523,1.16661,0.44063,1.21517,1.32856,1.34072,0.15822,0.54929,0.68168,0.84582,1.25104,0.44765,1.13729,0.99519,0.98484,0.98481,0.93586,0.60198,0.42254,1.07769,1.14849,0.81724,0.92954,0.43479,1.3084,1.26937,0,0,1,1.37169,1.31583,1.34103,0.09517,1.28221,0.5428,0.90162,1.34914,0.78333,0.62315,0.27083,1.37602,1.32312,1.29502,1.17036,0.78333,1.30591,0.85747,1.00951,1.02683,1.01167,1.08913,1.31483,1.3523,0.93024,0.89074,1.21214,1.19498
29.34,1.34454,0.59935,0.67194,1.38095,1.38095,1,0.26496,0.46688,0.61171,1.35966,0.64136,1.27702,1.14341,0.48066,1.19414,1.31083,1.33082,0.06959,0.41423,0.58605,0.85219,1.25426,0.45497,1.13171,0.99551,0.98459,0.98483,0.94253,0.6338,0.41972,1.07431,1.20073,0.73417,0.89364,0.45586,1.30786,1.25671,0,0,1,1.36843,1.31995,1.33099,0.13085,1.25641,0.60751,0.92172,1.34334,0.81889,0.6934,0.33195,1.38194,1.34631,1.32055,1.16572,0.77699,1.30427,0.86524,1.00888,1.02725,1.01165,1.08142,1.30674,1.35266,0.93378,0.82378,1.25561,1.23856
29.36,1.34057,0.61549,0.71466,1.38095,1.38095,1,0.32115,0.46305,0.67617,1.35312,0.71153,1.2552,1.11017,0.53107,1.15109,1.28583,1.31549,0.00398,0.30993,0.50576,0.86903,1.25749,0.46939,1.12184,0.99606,0.9842,0.98488,0.95627,0.70416,0.43129,1.06955,1.22409,0.68543,0.871,0.4817,1.30366,1.23966,0,0,1,1.36314,1.32072,1.31569,0.18311,1.22905,0.67189,0.94574,1.33499,0.8775,0.76452,0.41409,1.38574,1.35931,1.33629,1.15279,0.7704,1.30096,0.87843,1.00782,1.0279,1.01162,1.06454,1.28495,1.35117,0.93869,0.78468,1.27481,1.25845
29.38,1.3354,0.64803,0.76406,1.38095,1.38095,1,0.40267,0.47607,0.75136,1.34227,0.76273,1.23081,1.06288,0.59432,1.05284,1.25069,1.28914,0,0.23203,0.44323,0.89702,1.26042,0.49081,1.10679,0.99681,0.9834,0.98468,0.97746,0.82776,0.45793,1.06328,1.23206,0.66439,0.86089,0.51259,1.29444,1.21654,0,0,1,1.35407,1.31809,1.29118,0.26059,1.20494,0.73108,0.97281,1.32239,0.96701,0.83233,0.52818,1.38595,1.36716,1.34613,1.12879,0.76424,1.29584,0.89734,1.00634,1.02922,1.01176,1.03556,1.22521,1.34753,0.94498,0.76959,1.28205,1.26602
29.4,1.32855,0.70157,0.8192,1.38095,1.37947,1,0.52305,0.50893,0.83541,1.32207,0.79439,1.20558,0.99931,0.67332,0.92163,1.20117,1.23426,0,0.17703,0.40023,0.93624,1.2626,0.51841,1.08539,0.99772,0.98184,0.98388,1.01211,1.0557,0.50043,1.05532,1.23007,0.66437,0.86099,0.54949,1.27665,1.18508,0,0.02011,1,1.33641,1.31107,1.2487,0.38051,1.18778,0.78165,1.00102,1.30202,1.12652,0.89365,0.69485,1.38595,1.37197,1.35196,1.0887,0.75954,1.28886,0.92197,1.00454,1.03178,1.01237,0.99471,0.95914,1.34111,0.95272,0.77345,1.28206,1.26595
29.42,1.31906,0.78389,0.87784,1.38066,1.37704,1,0.70806,0.5682,0.92413,1.27405,0.81257,1.18127,0.96728,0.77142,0.81334,1.13057,1.05431,0,0.14204,0.37828,0.98612,1.26357,0.55069,1.05593,0.99873,0.97919,0.98211,1.06852,1.23883,0.55976,1.04534,1.22075,0.67898,0.86817,0.59421,1.24029,1.14255,0.00019,0.05164,1,1.29079,1.29674,1.1653,0.58184,1.17701,0.82259,1.04438,1.26511,1.21867,0.94685,0.95742,1.38595,1.37477,1.3547,1.02254,0.75741,1.28011,0.95215,1.00254,1.03607,1.0137,0.96572,0.70059,1.33063,0.96208,0.79072,1.27709,1.26064
29.44,1.30494,0.90808,0.9364,1.37848,1.37284,1,1.02597,0.66697,1.02094,1.03226,0.82676,1.15835,0.94436,0.8926,0.71226,1.02587,0.80351,0,0.12458,0.37891,1.07205,1.26297,0.58586,1.0157,0.99977,0.97525,0.97914,1.11539,1.29735,0.63721,1.03275,1.20555,0.70266,0.87945,0.64996,1.14617,1.08627,0.02915,0.10254,1,0.9805,1.26655,0.98093,0.97588,1.16808,0.8557,1.07104,1.18167,1.26836,0.99215,1.24692,1.38595,1.3761,1.35462,0.96363,0.75872,1.26976,0.98764,1.00047,1.04229,1.01591,0.93438,0.51804,1.31331,0.97331,0.81626,1.26843,1.25154
29.46,1.28145,1.12421,0.98994,1.37516,1.36436,1,1.26854,0.83211,1.11745,0.68069,0.84716,1.13458,0.93044,1.06648,0.62213,0.94841,0.63613,0,0.12276,0.40453,1.13622,1.26061,0.62205,0.98215,1.00154,0.9701,0.97501,1.15289,1.32497,0.7342,1.01669,1.18543,0.73111,0.8925,0.72196,0.90259,1.01603,0.07068,0.19294,1,0.59481,1.18544,0.86877,1.29845,1.15435,0.88554,1.08578,0.94552,1.29821,1.05316,1.31117,1.38595,1.37624,1.35141,0.91753,0.76383,1.25808,1.04854,0.99922,1.05017,1.01898,0.9024,0.38874,1.28261,0.98684,0.84592,1.25693,1.23966
29.48,1.23476,1.24032,1.05375,1.36994,1.34024,1,1.3195,1.1455,1.16008,0.47477,0.88414,1.10348,0.92337,1.19371,0.5454,0.89623,0.51065,0,0.13546,0.45947,1.1775,1.25648,0.65732,0.95606,1.00333,0.96412,0.97002,1.18189,1.34032,0.85048,0.99797,1.16123,0.76122,0.90579,0.81842,0.72203,0.97492,0.13055,0.38582,1,0.38809,0.90447,0.8012,1.34339,1.12637,0.91906,1.09288,0.77715,1.31722,1.09728,1.33761,1.38595,1.37528,1.34374,0.87677,0.77249,1.24557,1.10302,0.99831,1.05896,1.02263,0.87171,0.29728,1.21991,1.0061,0.87649,1.24319,1.22578
29.5,1.10032,1.28911,1.08224,1.36113,0.9828,1,1.34058,1.28016,1.17788,0.34033,0.94954,1.05042,0.91955,1.2456,0.48371,0.84982,0.41624,0,0.1621,0.55109,1.20354,1.25077,0.68934,0.93106,1.00481,0.95799,0.96476,1.20334,1.34941,0.98064,0.98563,1.13405,0.79094,0.91842,0.95224,0.58227,0.9587,0.21878,1.03206,1,0.2659,0.68017,0.7683,1.36055,1.06412,0.96531,1.09662,0.66171,1.32959,1.13033,1.35162,1.38595,1.37319,1.32791,0.84425,0.78385,1.23308,1.14277,0.99755,1.0676,1.02644,0.84452,0.23409,1.04988,1.03993,0.90558,1.22773,1.21051
29.52,0.84406,1.31445,1.07628,1.34418,0.30476,1,1.35121,1.32413,1.17898,0.2498,1.08765,0.9731,0.91491,1.27119,0.43759,0.80446,0.34592,0.02724,0.20242,0.69172,1.21841,1.24396,0.71559,0.90821,1.00586,0.95251,0.95995,1.21815,1.35478,1.13545,0.97173,1.10539,0.81913,0.93,1.15805,0.47806,0.96229,0.35431,1.3516,1,0.19191,0.51228,0.76617,1.36925,0.96036,1.05796,1.10106,0.58623,1.33754,1.15822,1.35995,1.38444,1.36982,1.29175,0.82253,0.79661,1.22194,1.17176,0.99701,1.07503,1.02988,0.82293,0.19302,0.86638,1.07226,0.93159,1.21093,1.19429
29.54,0.66754,1.32898,1.02588,1.301,0.06241,1,1.35674,1.34514,1.16336,0.18831,1.19891,0.90577,0.90655,1.28385,0.40611,0.75786,0.29436,0.1205,0.25674,0.9033,1.22419,1.23674,0.73379,0.88821,1.00641,0.94841,0.95625,1.22721,1.35765,1.19444,0.95628,1.07706,0.84526,0.94044,1.24839,0.40305,0.9887,0.57804,1.37618,1,0.14934,0.38768,0.79537,1.37423,0.87002,1.15398,1.10884,0.54254,1.34244,1.18319,1.36519,1.37866,1.36481,1.1648,0.81334,0.80925,1.21367,1.19291,0.99673,1.08041,1.03251,0.80835,0.16972,0.77247,1.10263,0.95357,1.1931,1.17741
29.56,0.53104,1.33758,0.95303,1.00797,0,1,1.35912,1.35692,1.12292,0.14727,1.25791,0.83397,0.89382,1.28847,0.38731,0.70994,0.25732,0.27122,0.32628,1.19655,1.2216,1.23005,0.74238,0.87129,1.00644,0.94619,0.95412,1.23127,1.35871,1.21715,0.93929,1.05099,0.86906,0.94973,1.29119,0.35169,1.06679,0.99588,1.38095,1,0.13003,0.29606,0.86086,1.37722,0.77943,1.21573,1.12011,0.52535,1.34519,1.2057,1.36859,1.36678,1.35748,0.78263,0.81751,0.82022,1.20961,1.20839,0.99671,1.08327,1.03401,0.80145,0.16085,0.72625,1.13074,0.97119,1.17454,1.16016
29.58,0.42792,1.34237,0.87528,0.6087,0,1,1.35899,1.36399,1.02875,0.1219,1.29067,0.76715,0.87866,1.28681,0.37864,0.66249,0.2317,0.53206,0.41298,1.28097,1.20998,1.22508,0.74076,0.85741,1.00601,0.94614,0.95385,1.23078,1.35837,1.2221,0.92097,1.02884,0.89022,0.95786,1.31501,0.3204,1.14465,1.29505,1.38095,1,0.13107,0.23056,0.97342,1.37895,0.70001,1.2541,1.13272,0.5316,1.34642,1.22536,1.37078,1.33279,1.34648,0.57004,0.83515,0.82796,1.21038,1.21974,0.99693,1.08333,1.0342,0.80228,0.16375,0.71522,1.1563,0.98452,1.15577,1.14299
29.6,0.35367,1.34421,0.79185,0.4177,0,1,1.35615,1.36817,0.92584,0.11009,1.30848,0.71502,0.86498,1.27894,0.37722,0.61852,0.21547,1.06439,0.51894,1.31231,1.18685,1.22314,0.7293,0.84638,1.0052,0.94841,0.95558,1.22591,1.3569,1.21495,0.9017,1.01171,0.90827,0.96467,1.32908,0.30777,1.20154,1.33597,1.38095,1,0.15403,0.1872,1.16296,1.37973,0.64127,1.27645,1.1434,0.56005,1.34661,1.24165,1.37211,0.94929,1.32915,0.44274,0.86581,0.8309,1.21576,1.228,0.99735,1.08042,1.03298,0.81052,0.17591,0.73105,1.17903,0.99395,1.13775,1.12676
29.62,0.30473,1.34325,0.71179,0.3164,0,1,1.34927,1.37028,0.83475,0.11156,1.31652,0.68499,0.85721,1.26335,0.38015,0.58109,0.20741,1.30563,0.64583,1.32692,1.1463,1.22518,0.70926,0.83793,1.00416,0.95304,0.95941,1.21643,1.35457,1.19717,0.88199,0.99998,0.9226,0.97,1.33725,0.31441,1.24088,1.35074,1.38095,1,0.20617,0.16385,1.24913,1.37963,0.60959,1.2872,1.14919,0.61105,1.3462,1.25424,1.37275,0.46634,1.29943,0.36772,0.90858,0.8278,1.22471,1.23392,0.99789,1.07433,1.03027,0.82557,0.19466,0.76725,1.19884,1.00003,1.12185,1.11271
29.64,0.27802,1.339,0.64011,0.26478,0,1,1.33429,1.37064,0.74934,0.12741,1.31679,0.68133,0.85869,1.23594,0.38503,0.55255,0.20683,1.33837,0.79491,1.33365,1.07406,1.23126,0.68254,0.83161,1.00298,0.9601,0.96539,1.20172,1.35164,1.1681,0.86222,0.9967,0.93285,0.97374,1.34139,0.3426,1.26797,1.35708,1.38095,1,0.30547,0.15972,1.29196,1.37858,0.60847,1.28843,1.1481,0.68654,1.34552,1.26316,1.3728,0.29225,1.23976,0.32873,0.96241,0.81829,1.23583,1.23815,0.99849,1.06466,1.02599,0.84674,0.2174,0.8184,1.21593,1.00656,1.10952,1.10204
29.66,0.27116,1.33015,0.57857,0.24536,0,1,1.2957,1.36923,0.67434,0.1602,1.30886,0.70572,0.87083,1.18684,0.39042,0.5345,0.21338,1.3498,0.96749,1.33551,0.97064,1.24029,0.65157,0.82671,1.00176,0.96969,0.97363,1.18066,1.34834,1.12534,0.84264,0.99553,0.93906,0.97593,1.34242,0.39642,1.28691,1.35929,1.38095,1,0.49691,0.17555,1.31618,1.3763,0.63985,1.27992,1.1389,0.78964,1.34474,1.26852,1.37228,0.2141,1.06825,0.3174,1.04532,0.80315,1.24769,1.24131,0.99911,1.05078,1.01999,0.87314,0.24194,0.87959,1.23066,1.00885,1.10159,1.09543
29.68,0.28299,1.31375,0.52738,0.24934,0,1,1.09658,1.36559,0.6133,0.21404,1.28915,0.75755,0.89287,1.08954,0.39603,0.52851,0.22693,1.35423,1.16929,1.33347,0.90141,1.25051,0.61916,0.82233,1.00057,0.98187,0.98416,1.15186,1.34487,1.06535,0.82347,0.99587,0.94175,0.97679,1.34064,0.48137,1.30036,1.35885,1.38095,1,0.91507,0.21437,1.33066,1.37222,0.70441,1.25863,1.12092,0.92259,1.34393,1.27026,1.37118,0.18057,0.84048,0.3298,1.12471,0.78437,1.25906,1.24405,0.99971,1.03174,1.01216,0.90338,0.2666,0.94567,1.24334,1.00817,1.09807,1.09278
29.7,0.31359,1.28329,0.48636,0.27112,0,1,0.67031,1.35846,0.56923,0.29458,1.24759,0.83215,0.92174,0.94815,0.40257,0.53658,0.24745,1.3551,1.24019,1.32745,0.8426,1.26015,0.5883,0.81742,0.99972,0.99661,0.99694,1.11431,1.34136,0.9929,0.80508,0.99728,0.94173,0.97663,1.33583,0.6025,1.30991,1.35634,1.38095,1,1.30292,0.28252,1.33913,1.36517,0.79912,1.21697,1.09448,1.11105,1.34297,1.26792,1.36945,0.17371,0.70967,0.36473,1.17266,0.76481,1.269,1.24704,1.00056,1.00628,1.00238,0.93521,0.29039,1.01969,1.25417,1.00542,1.09808,1.09327
29.72,0.3645,1.2224,0.45533,0.30567,0,1,0.47127,1.34447,0.5446,0.40863,1.15626,0.91845,0.95253,0.86778,0.41156,0.56107,0.27486,1.35356,1.27345,1.31642,0.79627,1.26792,0.56172,0.81095,0.99922,1.02549,1.02213,1.06876,1.33788,0.9576,0.78784,0.99936,0.94003,0.97585,1.32716,0.76034,1.31651,1.35212,1.38095,1,1.34477,0.39232,1.3433,1.3526,0.91277,1.13962,1.0619,1.20446,1.34162,1.26056,1.36702,0.18576,0.61894,0.42279,1.2023,0.74758,1.27696,1.25084,1.00156,0.98736,0.99543,0.96558,0.31296,1.09641,1.2633,1.00129,1.10033,1.09569
29.74,0.4393,1.07855,0.43404,0.34738,0,1,0.36872,1.31179,0.54122,0.56349,0.96921,0.99902,0.97991,0.82025,0.42493,0.60378,0.30888,1.3501,1.29309,1.29796,0.76333,1.2731,0.54157,0.80209,0.99882,1.0555,1.04898,1.01964,1.33441,0.93486,0.77203,1.00358,0.9376,0.97481,1.31265,0.94532,1.32077,1.34659,1.38095,1,1.35808,0.56932,1.34385,1.32783,1.04117,1.0024,1.02821,1.23871,1.33956,1.24674,1.36378,0.21182,0.55101,0.50592,1.22018,0.73525,1.28265,1.25582,1.00236,0.97045,0.98917,0.99127,0.33453,1.13272,1.27094,0.99818,1.1035,1.09885
29.76,0.54409,0.90358,0.42239,0.38977,0,1,0.32319,1.17568,0.56076,0.7639,0.88163,1.08268,0.99961,0.80788,0.44476,0.66418,0.34855,1.3454,1.30695,1.267,0.7438,1.27533,0.52948,0.79035,0.99858,1.08229,1.07345,0.9891,1.33086,0.92469,0.75776,1.00854,0.93525,0.97383,1.28773,1.15098,1.32301,1.3404,1.38095,1,1.36294,0.87251,1.3406,1.26703,1.12841,0.93862,1.00058,1.2461,1.33637,1.2247,1.35966,0.2455,0.49435,0.61581,1.22975,0.72971,1.28594,1.26203,1.00285,0.95313,0.98264,1.01787,0.35567,1.14664,1.2773,0.99562,1.1065,1.10178
29.78,0.68701,0.82315,0.42067,0.42566,0,1,0.31885,0.70356,0.60531,1.00376,0.86024,1.0995,1.01765,0.83762,0.47334,0.73571,0.39125,1.34108,1.31841,1.21391,0.73743,1.27426,0.52704,0.77576,0.99856,1.10523,1.09478,0.97962,1.32709,0.92686,0.7451,1.01317,0.93364,0.97317,1.24082,1.2173,1.32334,1.33466,1.38095,1,1.36337,1.25269,1.3323,0.99735,1.14495,0.92296,0.99317,1.22738,1.33146,1.19396,1.35476,0.27469,0.44061,0.74911,1.23273,0.73238,1.28659,1.2692,1.00288,0.93624,0.97614,1.03238,0.37709,1.14377,1.28256,0.99317,1.10853,1.10372
29.8,0.87484,0.78538,0.4298,0.44825,0,1,0.3521,0.47085,0.67762,1.20073,0.89744,1.06865,1.01666,0.92651,0.51326,0.80046,0.43149,1.3402,1.32895,1.12527,0.74419,1.26923,0.53621,0.75879,0.99889,1.12378,1.11233,0.98258,1.32298,0.94125,0.73421,1.01712,0.93327,0.97304,1.13527,1.2395,1.3216,1.33077,1.38095,1,1.35991,1.31916,1.31529,0.76721,1.11518,0.95073,0.99357,1.14261,1.32394,1.1605,1.3496,0.28049,0.38452,0.88774,1.22957,0.74452,1.28412,1.27685,1.00223,0.92094,0.97014,1.02795,0.39943,1.1233,1.28683,0.99105,1.10899,1.1041
29.82,1.13105,0.77588,0.45136,0.45329,0.00317,1,0.42942,0.34068,0.7814,1.24034,0.99614,0.98247,0.99948,1.13811,0.56772,0.82989,0.46117,1.34504,1.33884,1.01123,0.76439,1.25888,0.5596,0.7402,0.99969,1.1376,1.12565,0.99879,1.31837,0.96796,0.72522,1.0201,0.93453,0.97358,0.9316,1.24445,1.31733,1.32987,1.38072,1,1.35065,1.34177,1.27838,0.67975,1.00556,1.03953,1.00077,0.86495,1.31216,1.14306,1.34543,0.248,0.32474,0.99228,1.21964,0.76751,1.27757,1.28451,1.00062,0.90841,0.96511,1.00205,0.42329,1.07691,1.29018,0.98942,1.10741,1.1025
29.84,1.23325,0.7861,0.48756,0.44097,0.03592,1,0.5728,0.26411,0.92225,1.23901,1.17316,0.90284,0.98394,1.25899,0.64103,0.80084,0.47232,1.35396,1.34774,0.98648,0.79888,1.24034,0.60062,0.72073,1.00226,1.14667,1.13461,1.05027,1.31301,1.01437,0.71817,1.02199,0.93762,0.97489,0.82083,1.23911,1.30964,1.33205,1.37827,1,1.32698,1.35232,1.16782,0.68312,0.89741,1.15713,1.0228,0.62414,1.29274,1.16028,1.34376,0.18264,0.26396,1.03364,1.20078,0.80307,1.26513,1.2918,0.99886,0.89959,0.96147,0.97597,0.44951,0.98928,1.29271,0.98838,1.10347,1.0986
29.86,1.2662,0.8117,0.54105,0.416,0.07009,1,0.84069,0.21946,1.13347,1.19672,1.25297,0.81694,0.96485,1.31121,0.73887,0.71585,0.4612,1.36316,1.35516,1.05731,0.84884,1.20715,0.66364,0.70102,1.0067,1.15117,1.13934,1.10552,1.30652,1.09,0.71292,1.02278,0.94255,0.97696,0.75886,1.22449,1.29694,1.33625,1.37556,1,1.22525,1.35777,0.84503,0.77481,0.78911,1.22683,1.04736,0.42897,1.25736,1.20307,1.34542,0.10658,0.2072,0.95651,1.16818,0.85326,1.2432,1.29854,0.99657,0.89503,0.95946,0.94167,0.47926,0.92079,1.29455,0.98793,1.097,1.09225
29.88,1.27647,0.85176,0.61421,0.3859,0.10921,1,1.24437,0.19585,1.232,1.00895,1.29388,0.73471,0.94502,1.33784,0.86759,0.60174,0.43038,1.37036,1.36081,1.16071,0.91527,1.14233,0.75381,0.68172,1.01299,1.15125,1.14001,1.1546,1.29834,1.1477,0.70915,1.02266,0.94908,0.97966,0.73473,1.19726,1.27636,1.34099,1.37226,1,0.66499,1.36046,0.64514,0.99362,0.69043,1.26861,1.07032,0.28352,1.17983,1.24743,1.34975,0.0397,0.1596,0.84098,1.1112,0.92028,1.20402,1.30458,0.99327,0.89495,0.95917,0.90075,0.51403,0.84938,1.29583,0.988,1.08806,1.08356
29.9,1.27296,0.9083,0.70776,0.35864,0.15888,1,1.32143,0.18745,1.27396,0.79105,1.31686,0.66284,0.9273,1.35273,1.05385,0.48824,0.38724,1.37516,1.36461,1.22774,0.99821,0.99234,0.87643,0.66359,1.02128,1.14692,1.1367,1.19438,1.28763,1.19045,0.70648,1.02191,0.95671,0.98278,0.74328,1.14594,1.24258,1.345,1.36772,1,0.37805,1.36139,0.51545,1.25371,0.60817,1.29434,1.08896,0.1805,0.9663,1.28137,1.35524,0,0.1252,0.71938,1.00303,1.01149,1.12781,1.30981,0.98877,0.89934,0.96059,0.85642,0.55541,0.77991,1.29673,0.98842,1.07705,1.07295
29.92,1.25413,0.98615,0.81918,0.34055,0.22839,1,1.34634,0.19111,1.29552,0.61744,1.3304,0.60485,0.91413,1.36149,1.19816,0.39253,0.34017,1.37791,1.36659,1.26529,1.12384,0.8781,1.05991,0.64743,1.03168,1.13793,1.12936,1.22517,1.27315,1.22184,0.7045,1.02092,0.96477,0.98602,0.78397,1.03019,1.18509,1.34753,1.36062,1,0.22705,1.36099,0.4317,1.31588,0.54481,1.31045,1.10181,0.11022,0.8125,1.30446,1.36056,0,0.10645,0.62104,0.9278,1.13595,0.97614,1.31415,0.98289,0.90809,0.96363,0.81174,0.60508,0.71581,1.29739,0.98897,1.06469,1.06121
29.94,1.20461,1.12078,0.94214,0.33536,0.3359,1,1.35782,0.20527,1.30718,0.48643,1.33844,0.56158,0.90705,1.36671,1.25081,0.31915,0.29565,1.37901,1.36676,1.28522,1.18869,0.77985,1.20065,0.63393,1.04419,1.1236,1.11764,1.24864,1.2529,1.24512,0.70283,1.0201,0.97259,0.98909,0.86119,0.90617,1.07975,1.34823,1.34748,1,0.14064,1.3594,0.37999,1.34158,0.49983,1.32052,1.10838,0.06419,0.70817,1.31957,1.36507,0,0.10475,0.55496,0.86356,1.20119,0.87428,1.31757,0.97542,0.9211,0.96819,0.76885,0.66466,0.65851,1.29794,0.98942,1.05194,1.04931
29.96,1.03542,1.2004,1.09667,0.34468,0.52473,1,1.3638,0.22948,1.3131,0.39084,1.34301,0.53218,0.90652,1.36969,1.27515,0.2664,0.25768,1.37863,1.365,1.2945,1.22635,0.69702,1.2556,0.62363,1.05875,1.10263,1.1009,1.26661,1.22358,1.26277,0.70117,1.01985,0.97958,0.99176,0.98578,0.80073,0.9495,1.34696,1.31476,1,0.09021,1.35659,0.35176,1.3548,0.47119,1.32659,1.10887,0.03636,0.64182,1.3293,1.36856,0,0.12156,0.51983,0.80979,1.2403,0.79367,1.32005,0.96617,0.93826,0.97413,0.72895,0.73532,0.60794,1.29849,0.98955,1.03982,1.03832
29.98,0.81656,1.24711,1.17769,0.36842,0.93101,1,1.36685,0.26384,1.31516,0.32315,1.34522,0.51526,0.91189,1.37104,1.28605,0.23133,0.22883,1.37672,1.36085,1.2966,1.24975,0.62836,1.28364,0.61705,1.07506,1.07302,1.0782,1.28044,1.17984,1.27648,0.69935,1.02056,0.98527,0.99384,1.17614,0.70603,0.8802,1.34359,1.1067,1,0.06285,1.35236,0.34155,1.36234,0.4565,1.32985,1.10391,0.02332,0.6067,1.33531,1.37102,0,0.15924,0.51142,0.7666,1.26565,0.73153,1.32159,0.955,0.95939,0.98126,0.69274,0.81645,0.56337,1.29908,0.98916,1.02943,1.02934
30,0.64966,1.27587,1.21281,0.40455,1.30763,1,1.36793,0.30858,1.31431,0.27807,1.34565,0.50945,0.92158,1.37096,1.28789,0.21175,0.21118,1.37288,1.35343,1.29317,1.26451,0.57284,1.29965,0.61478,1.0926,1.03173,1.04846,1.29109,1.11404,1.28737,0.69729,1.02255,0.9892,0.99514,1.25496,0.62663,0.83583,1.3381,0.5558,1,0.05293,1.3464,0.34578,1.36672,0.45356,1.33093,1.09464,0.02408,0.60038,1.33852,1.37245,0.01453,0.22094,0.52506,0.734,1.28277,0.68536,1.32212,0.94192,0.98403,0.9893,0.66081,0.9036,0.52409,1.29974,0.98806,1.02195,1.02348
30.02,0.51797,1.29384,1.22902,0.4487,1.35179,1,1.36729,0.36377,1.31097,0.25237,1.3446,0.51376,0.93347,1.36928,1.28073,0.20675,0.20684,1.36634,1.34113,1.28489,1.27335,0.5295,1.3091,0.61741,1.11062,0.98786,1.01027,1.2992,1.01816,1.29614,0.69501,1.02603,0.99103,0.99554,1.29454,0.56489,0.81072,1.33069,0.30327,1,0.05888,1.33823,0.36209,1.36902,0.46066,1.33013,1.08266,0.04025,0.62431,1.33932,1.3728,0.07788,0.30978,0.55616,0.71198,1.29446,0.65306,1.32151,0.92715,1.02172,0.99794,0.63359,0.98772,0.48958,1.30047,0.98611,1.01838,1.02164
30.04,0.41552,1.30491,1.23484,0.49438,1.36778,1,1.36469,0.42947,1.3052,0.24435,1.34214,0.52774,0.94563,1.36529,1.26035,0.21678,0.21834,1.35561,1.32099,1.2718,1.27777,0.49714,1.31452,0.62537,1.12825,0.95841,0.98262,1.30532,0.95889,1.30325,0.69264,1.03104,0.99062,0.995,1.31752,0.52072,0.80081,1.32209,0.15828,1,0.08239,1.32711,0.38913,1.36972,0.47686,1.32746,1.06965,0.07705,0.68391,1.33771,1.37188,0.16965,0.42754,0.60071,0.70017,1.3024,0.63244,1.31964,0.9112,1.06702,1.01332,0.61117,1.0866,0.45945,1.30122,0.98325,1.01917,1.02413
30.06,0.33567,1.31135,1.23355,0.53404,1.37583,1,1.35924,0.5058,1.29674,0.25362,1.33803,0.55155,0.95689,1.35705,1.21158,0.24387,0.24946,1.33789,1.28726,1.2533,1.27865,0.47424,1.31738,0.63866,1.14459,0.92966,0.96048,1.30987,0.92922,1.309,0.69036,1.03735,0.98815,0.99358,1.33218,0.49248,0.80305,1.31372,0.06681,1,0.12906,1.31177,0.42654,1.36891,0.50229,1.32265,1.05687,0.14685,0.7898,1.3332,1.36928,0.2953,0.57253,0.65568,0.69776,1.30765,0.62087,1.31639,0.89488,1.10331,1.02951,0.5933,1.13099,0.43354,1.30194,0.97955,1.02397,1.03047
30.08,0.27317,1.31446,1.22647,0.56037,1.3805,1,1.34858,0.59242,1.28494,0.28126,1.33168,0.58581,0.96691,1.3384,1.06301,0.29229,0.3065,1.30792,1.22871,1.22802,1.27657,0.45929,1.31873,0.65676,1.15866,0.902,0.93899,1.31319,0.91573,1.31353,0.68843,1.04451,0.98408,0.99149,1.34212,0.47803,0.8149,1.30761,0.00626,1,0.21116,1.29016,0.47454,1.36643,0.53806,1.31506,1.04483,0.27997,0.9597,1.32463,1.36401,0.45608,0.73566,0.71874,0.70344,1.31092,0.6152,1.31168,0.87946,1.13261,1.04445,0.57957,1.1478,0.41207,1.30253,0.97523,1.03165,1.03947
30.1,0.22442,1.31503,1.21417,0.56821,1.38095,1,1.32561,0.68741,1.26879,0.33003,1.32186,0.63148,0.97617,1.2766,0.84891,0.36972,0.40066,1.25693,1.12438,1.19365,1.27204,0.45095,1.31957,0.67839,1.1695,0.8758,0.91816,1.3155,0.91253,1.31686,0.68724,1.05182,0.97916,0.98905,1.3491,0.47534,0.83386,1.3057,0,1,0.35559,1.25902,0.5336,1.36163,0.58636,1.30347,1.03312,0.56815,1.19453,1.30937,1.3536,0.63988,0.89716,0.78786,0.71538,1.3127,0.61165,1.30557,0.86659,1.15642,1.05827,0.56961,1.15152,0.39566,1.3029,0.97066,1.04057,1.04948
30.12,0.18688,1.31349,1.19694,0.55643,1.38095,1,1.2567,0.78642,1.24656,0.40518,1.30589,0.68978,0.98565,0.79388,0.70583,0.49062,0.55361,1.1773,0.97715,1.14623,1.2656,0.44821,1.32093,0.70165,1.17629,0.85099,0.8976,1.31697,0.91331,1.31893,0.68719,1.0586,0.97426,0.98663,1.35407,0.48257,0.85736,1.30855,0,1,0.63086,1.21347,0.60429,1.35303,0.65071,1.28558,1.02048,1.25385,1.27084,1.28074,1.32979,0.81211,1.05021,0.86121,0.73139,1.31328,0.60575,1.29833,0.85806,1.17611,1.0713,0.5631,1.15062,0.38514,1.30291,0.96627,1.0491,1.05889
30.14,0.15852,1.3101,1.1752,0.52857,1.38095,1,0.8562,0.88294,1.21525,0.51638,1.27717,0.76234,0.99655,0.45018,0.60301,0.68499,0.81339,1.09189,0.92385,1.0787,1.25788,0.45044,1.32382,0.72448,1.17838,0.82654,0.87605,1.31773,0.91246,1.3197,0.68868,1.0643,0.97012,0.98456,1.35762,0.49812,0.88292,1.31493,0,1,1.2138,1.14643,0.6876,1.33663,0.7364,1.25639,1.00509,1.34782,1.3034,1.21633,1.24119,0.92281,1.13307,0.93725,0.74924,1.31281,0.59281,1.29045,0.85535,1.19328,1.08435,0.5597,1.15161,0.38115,1.30246,0.96248,1.05605,1.06659
30.16,0.13774,1.30499,1.1498,0.49166,1.38095,1,0.5606,0.96955,1.16897,0.68111,1.21411,0.85093,1.01885,0.27415,0.53166,1.04173,1.22213,1.07417,0.91378,0.98926,1.24959,0.45748,1.32889,0.74504,1.17518,0.80031,0.85134,1.31787,0.90619,1.31915,0.69198,1.06858,0.96723,0.98306,1.36011,0.52042,0.90819,1.32264,0,1,1.32944,1.04919,0.78516,1.29831,0.85104,1.20354,0.99268,1.36761,1.32017,0.98683,0.723,0.94027,1.14506,1.02714,0.76692,1.31131,0.56854,1.28258,0.85947,1.20964,1.09861,0.55905,1.15866,0.38401,1.30143,0.95955,1.06076,1.07196
30.18,0.12335,1.29836,1.12275,0.4541,1.38095,1,0.39705,1.06407,1.09524,0.92963,0.99387,0.95623,1.04641,0.17174,0.48419,1.27944,1.31148,1.1313,0.9342,0.93877,1.24164,0.46964,1.33611,0.76174,1.16589,0.76944,0.8207,1.3175,0.89302,1.31724,0.6973,1.07128,0.96586,0.98225,1.36179,0.5475,0.93087,1.32973,0,1,1.35476,0.96653,0.89887,1.13684,1.00877,1.08734,0.98075,1.37587,1.3295,0.77911,0.43343,0.87804,1.11974,1.12054,0.78261,1.30867,0.53018,1.27557,0.87098,1.22662,1.11532,0.56073,1.17243,0.39372,1.29974,0.95767,1.06297,1.07478
30.2,0.1147,1.29072,1.09795,0.42391,1.38095,1,0.29992,1.1158,0.98361,1.22312,0.7918,1.10528,1.07457,0.10903,0.455,1.32619,1.33918,1.19684,0.97559,0.89772,1.2351,0.48762,1.34466,0.77327,1.14911,0.73125,0.7817,1.31671,0.87366,1.31395,0.7047,1.0723,0.96606,0.98218,1.36278,0.57646,0.94865,1.33495,0,1,1.36522,0.93049,1.05075,0.72078,1.18926,0.91726,0.96676,1.38013,1.33465,0.63383,0.2808,0.77811,1.05323,1.17071,0.7947,1.30462,0.47764,1.27037,0.89007,1.24485,1.13518,0.56427,1.19049,0.41002,1.29733,0.95696,1.06265,1.07502
30.22,0.11149,1.28293,1.08089,0.40741,1.38095,1,0.24244,1.13463,0.91646,1.29135,0.64922,1.18613,1.1017,0.07121,0.44018,1.3451,1.35163,1.24308,1.0486,0.8652,1.23099,0.51234,1.35334,0.77885,1.12226,0.68497,0.73377,1.31558,0.85011,1.30923,0.7142,1.07158,0.96779,0.98284,1.36314,0.60369,0.95952,1.33764,0,1,1.37037,0.91454,1.17531,0.51968,1.25362,0.81493,0.95113,1.38246,1.33712,0.53329,0.19439,0.67739,0.9667,1.20079,0.80193,1.29875,0.41439,1.26773,0.9168,1.26367,1.15765,0.56928,1.20954,0.43246,1.2941,0.95746,1.05986,1.07272
30.24,0.11369,1.27613,1.07628,0.40908,1.38095,1,0.21193,1.13482,0.86229,1.31652,0.55078,1.22424,1.12608,0.05104,0.43688,1.35454,1.35779,1.27161,1.11056,0.84074,1.22987,0.5446,1.3611,0.7786,1.07997,0.63298,0.6795,1.31413,0.82448,1.303,0.72592,1.06908,0.97095,0.98419,1.36289,0.62581,0.96229,1.33737,0,1,1.37284,0.91437,1.22938,0.40899,1.28459,0.74517,0.93486,1.38364,1.33766,0.46592,0.14631,0.59524,0.91191,1.21946,0.80384,1.29054,0.34688,1.26785,0.95146,1.28146,1.18083,0.57556,1.22734,0.46054,1.28992,0.95921,1.05468,1.06792
30.26,0.12137,1.27128,1.08496,0.43253,1.38095,1,0.20198,1.12131,0.81929,1.32774,0.48675,1.2429,1.14606,0.04497,0.44289,1.35949,1.3605,1.28785,1.14306,0.82426,1.23152,0.5845,1.36739,0.77378,1.01028,0.58069,0.62434,1.31233,0.7984,1.29514,0.7401,1.06478,0.97542,0.98618,1.36202,0.64075,0.95702,1.3335,0,1,1.37362,0.926,1.25866,0.3496,1.30093,0.70319,0.91958,1.38399,1.33668,0.42412,0.12385,0.53879,0.87537,1.23054,0.801,1.27939,0.28243,1.27013,0.99471,1.29659,1.20225,0.58318,1.24297,0.49367,1.28454,0.96215,1.04712,1.06059
30.28,0.13468,1.26872,1.10317,0.48176,1.38095,1,0.20961,1.09686,0.78603,1.33215,0.45238,1.24972,1.16008,0.05173,0.45606,1.36172,1.3608,1.29503,1.15343,0.81622,1.23492,0.63052,1.37208,0.76672,0.95612,0.53522,0.57544,1.31007,0.77306,1.28558,0.75706,1.05876,0.98104,0.98874,1.36047,0.64835,0.94511,1.32457,0,1,1.37302,0.94487,1.27621,0.32414,1.30873,0.68622,0.9076,1.3836,1.33447,0.40347,0.1213,0.51101,0.86222,1.23557,0.79501,1.26493,0.22733,1.27336,1.07444,1.30795,1.21967,0.59247,1.2562,0.53081,1.2776,0.96617,1.03721,1.0507
30.3,0.15377,1.26803,1.12511,0.56207,1.37854,1,0.2341,1.06632,0.76168,1.33201,0.44773,1.24669,1.16634,0.07204,0.47389,1.36185,1.35891,1.29377,1.14144,0.8177,1.23862,0.67843,1.37524,0.76055,0.90626,0.50403,0.54012,1.30718,0.74943,1.27453,0.77706,1.05117,0.98759,0.99176,1.3582,0.65036,0.92903,1.3072,0.03241,1,1.37106,0.96516,1.28702,0.32498,1.30974,0.69389,0.90188,1.38241,1.33137,0.40224,0.13712,0.51602,0.87735,1.23466,0.78828,1.24769,0.18596,1.27609,1.13477,1.31495,1.23142,0.60401,1.26711,0.57002,1.26858,0.97107,1.02505,1.03832
30.32,0.17889,1.26824,1.14596,0.6816,1.37539,1,0.27676,1.04006,0.74579,1.32765,0.47785,1.23209,1.16254,0.10905,0.49344,1.35983,1.35438,1.28125,1.09516,0.83022,1.24125,0.72125,1.37705,0.75851,0.85748,0.49385,0.52468,1.30338,0.72824,1.26259,0.80035,1.04225,0.99482,0.99513,1.35509,0.64975,0.91165,1.27193,0.07219,1,1.36737,0.98026,1.29333,0.35009,1.30301,0.72825,0.90538,1.38013,1.32778,0.42105,0.17341,0.56273,0.92713,1.22666,0.78336,1.22997,0.16066,1.27698,1.1783,1.31711,1.23636,0.61849,1.27592,0.60848,1.25677,0.97661,1.01078,1.02353
30.34,0.21062,1.26822,1.16308,0.85511,1.3712,1,0.34176,1.03239,0.73791,1.3179,0.5547,1.19875,1.1452,0.17018,0.51177,1.35492,1.34568,1.24592,0.9839,0.85537,1.24188,0.75108,1.37762,0.76315,0.81123,0.51063,0.53406,1.29834,0.70977,1.25064,0.82719,1.03223,1.00506,0.99875,1.35097,0.64982,0.89552,1.18084,0.12119,1,1.36102,0.98433,1.29626,0.40205,1.28351,0.79385,0.92028,1.37598,1.32424,0.46289,0.23734,0.67002,1.03657,1.20864,0.78216,1.21605,0.15235,1.27495,1.21027,1.31351,1.23338,0.63663,1.28293,0.64344,1.241,0.98256,0.99727,1.0063
30.36,0.25008,1.26689,1.1755,1.13637,1.36529,1,0.43793,1.05136,0.73741,1.29899,0.70329,1.1238,1.10775,0.27193,0.52631,1.34508,1.32843,1.13009,0.88872,0.89439,1.24012,0.76217,1.37698,0.77592,0.76869,0.56109,0.57284,1.29164,0.69386,1.23954,0.85784,1.02124,1.02024,1.00507,1.3455,0.65368,0.88259,0.90264,0.18372,1,1.34951,0.974,1.29644,0.48892,1.23257,0.8978,0.94731,1.36781,1.32129,0.53345,0.34568,0.87955,1.17136,1.17412,0.7855,1.2105,0.16167,1.26912,1.23405,1.30167,1.22055,0.65905,1.28854,0.67314,1.2194,0.98879,0.98873,0.99347
30.38,0.29891,1.26318,1.1829,1.26008,1.35606,1,0.58214,1.09053,0.74337,1.25966,0.97679,0.96292,1.03681,0.45402,0.53521,1.32437,1.28643,0.8456,0.79574,0.94764,1.23602,0.7531,1.37495,0.79705,0.73112,0.65478,0.64637,1.28279,0.6801,1.22974,0.89224,1.00941,1.03478,1.01265,1.33817,0.6642,0.87433,0.70584,0.26852,1,1.32503,0.94935,1.29424,0.62693,1.03167,1.07623,0.98509,1.34728,1.31942,0.64175,0.53834,1.21813,1.2393,1.10724,0.79304,1.21506,0.18986,1.25854,1.25171,1.27438,1.19394,0.68603,1.2931,0.69743,1.18892,0.99516,0.97999,0.98351
30.4,0.35905,1.25576,1.18497,1.30431,1.33903,1,0.80754,1.1358,0.75463,1.15243,1.25757,0.84724,0.96226,0.83579,0.5375,1.26896,1.08463,0.65767,0.7177,1.02562,1.23016,0.72703,1.37112,0.82546,0.70006,0.80592,0.76082,1.2713,0.66797,1.221,0.92975,0.99847,1.04864,1.02012,1.32813,0.68425,0.87194,0.56498,0.39365,1,1.2463,0.91349,1.28988,0.84735,0.78011,1.2063,1.0505,1.22863,1.31893,0.80061,0.92888,1.30393,1.27542,0.98186,0.80336,1.22738,0.23914,1.2421,1.26442,1.2063,1.14522,0.71727,1.29691,0.71771,1.14459,1.00306,0.97112,0.97346
30.42,0.43271,1.24258,1.18118,1.32668,1.29597,1,1.18085,1.17692,0.76992,0.87909,1.31336,0.75605,0.91184,1.29695,0.53334,0.95392,0.68571,0.53128,0.66207,1.11837,1.22349,0.68984,1.36452,0.85909,0.67722,1.05943,0.92261,1.25663,0.65702,1.21245,0.96914,0.99237,1.06171,1.02736,1.31403,0.71681,0.87629,0.46102,0.60119,1,0.8001,0.87106,1.28353,1.19282,0.62248,1.25931,1.10396,0.49183,1.31982,1.04799,1.29686,1.33294,1.29458,0.89584,0.81447,1.24321,0.31305,1.21842,1.27287,0.96805,1.05537,0.752,1.3002,0.7364,1.07772,1.0149,0.9622,0.96349
30.44,0.5226,1.22005,1.17077,1.34004,0.98543,1,1.29337,1.21032,0.78825,0.7013,1.3344,0.68978,0.87435,1.34799,0.52418,0.64432,0.47366,0.45242,0.63125,1.17225,1.21704,0.64752,1.35286,0.89573,0.66424,1.23808,1.15372,1.2381,0.64694,1.20289,1.01704,0.98664,1.07387,1.03424,1.29336,0.76497,0.88765,0.38213,1.02743,1,0.5063,0.82641,1.27514,1.29173,0.52319,1.28557,1.13615,0.21537,1.32173,1.2323,1.34356,1.34581,1.30354,0.82358,0.82463,1.25909,0.4182,1.18536,1.27736,0.77148,0.9529,0.78924,1.30311,0.75607,0.98655,1.02548,0.95338,0.95379
30.46,0.632,1.18093,1.1528,1.34886,0.56922,1,1.3288,1.23615,0.80914,0.57526,1.34396,0.64531,0.85115,1.36486,0.5127,0.46959,0.34036,0.40896,0.62437,1.20546,1.21141,0.60484,1.32904,0.93364,0.66281,1.29034,1.24419,1.21479,0.63767,1.19108,1.07493,0.98137,1.08495,1.04063,1.26112,0.83162,0.90542,0.32064,1.30435,1,0.33768,0.78284,1.26441,1.32541,0.46495,1.29958,1.15359,0.08083,1.32405,1.28621,1.36054,1.35176,1.3054,0.76593,0.83308,1.27323,0.56779,1.1391,1.27785,0.63818,0.88773,0.82806,1.30569,0.77873,0.93314,1.03477,0.94487,0.94458
30.48,0.76341,1.1086,1.12683,1.35507,0.34721,1,1.34594,1.25559,0.83256,0.48424,1.34821,0.61829,0.84112,1.37309,0.50266,0.36191,0.25186,0.39217,0.63869,1.22644,1.20647,0.56536,1.25786,0.97165,0.67513,1.31352,1.28113,1.18564,0.62948,1.17603,1.11318,0.97668,1.09467,1.04633,1.2062,0.91837,0.92768,0.27174,1.34591,1,0.22984,0.74287,1.25055,1.34192,0.4355,1.30701,1.16062,0.0031,1.32602,1.311,1.36907,1.35388,1.30147,0.7223,0.84017,1.28488,0.78934,1.07245,1.27361,0.54968,0.83754,0.86727,1.30789,0.80531,0.88949,1.04274,0.937,0.93622
30.5,0.9151,0.98054,1.09438,1.35962,0.21511,1,1.35584,1.26978,0.85883,0.41826,1.34952,0.60429,0.84163,1.37779,0.49844,0.29228,0.19194,0.39585,0.6697,1.23936,1.20132,0.53178,0.83385,1.01708,0.70437,1.32507,1.29957,1.14994,0.62295,1.15717,1.13868,0.9727,1.10258,1.05104,1.10047,1.04132,0.95101,0.23258,1.36205,1,0.15651,0.70861,1.23209,1.35136,0.42595,1.31059,1.16027,0,1.32683,1.32463,1.37395,1.35342,1.2922,0.69198,0.84728,1.29388,1.15822,0.98651,1.26275,0.4947,0.80142,0.90519,1.3096,0.83544,0.8555,1.04926,0.93029,0.92918
30.52,1.10644,0.89983,1.06106,1.36298,0.13302,1,1.36208,1.27967,0.88845,0.37119,1.34904,0.59925,0.84937,1.38067,0.50431,0.24657,0.15211,0.41538,0.71098,1.24632,1.19453,0.50586,0.52947,1.07154,0.75491,1.33029,1.30912,1.10822,0.61886,1.13454,1.15501,0.96963,1.10823,1.05445,0.94842,1.15487,0.97098,0.20152,1.37014,1,0.10517,0.68157,1.20636,1.35713,0.42946,1.31184,1.15485,0,1.3257,1.33274,1.37688,1.35092,1.27797,0.67435,0.85623,1.30032,1.28594,0.93665,1.24085,0.46673,0.7782,0.93972,1.31065,0.8676,0.83123,1.05417,0.92532,0.92402
30.54,1.19707,0.83939,1.03662,1.36543,0.08208,1,1.36617,1.28607,0.92184,0.33902,1.34745,0.60014,0.8613,1.38095,0.52332,0.21739,0.12749,0.4473,0.75533,1.24843,1.18455,0.48827,0.35646,1.10865,0.83217,1.33114,1.31336,1.06302,0.618,1.10881,1.16423,0.96761,1.11129,1.05629,0.87029,1.20632,0.98361,0.17757,1.37457,1,0.06909,0.66245,1.16836,1.36069,0.44098,1.31162,1.14616,0,1.32191,1.3376,1.37858,1.34655,1.25964,0.66882,0.86857,1.30447,1.32437,0.89508,1.19671,0.46202,0.7666,0.96891,1.31087,0.89977,0.81655,1.05733,0.92257,0.92121
30.56,1.23017,0.79918,1.02999,1.36714,0.05254,1,1.36883,1.28966,0.95903,0.31906,1.3451,0.60532,0.87532,1.38095,0.55657,0.20087,0.11527,0.489,0.79645,1.2462,1.17007,0.47862,0.24742,1.13444,0.94189,1.32818,1.31384,1.01914,0.62101,1.08129,1.16764,0.96677,1.11155,1.05642,0.82567,1.23187,0.98678,0.16023,1.37697,1,0.0445,0.65111,1.10804,1.36276,0.45727,1.31033,1.13539,0,1.31473,1.34026,1.37939,1.34021,1.2389,0.67467,0.88496,1.30666,1.3425,0.86147,1.09377,0.47829,0.76523,0.9915,1.3101,0.92991,0.81093,1.05864,0.92233,0.92101
30.58,1.24123,0.7784,1.04226,1.36816,0.03978,1,1.3704,1.29099,0.99912,0.30967,1.34214,0.61454,0.89034,1.38095,0.60185,0.19534,0.11408,0.53802,0.83031,1.23979,1.15036,0.47578,0.17646,1.15162,1.11592,1.32132,1.31126,0.99179,0.62843,1.05423,1.16605,0.96714,1.10892,1.05477,0.80761,1.24316,0.98083,0.14957,1.37797,1,0.02957,0.64681,1.00305,1.3637,0.47686,1.30799,1.12308,0,1.3037,1.34114,1.37947,1.33169,1.21821,0.69092,0.9048,1.3073,1.35253,0.83645,0.92252,0.51351,0.77246,1.01358,1.30817,0.95601,0.81356,1.05805,0.9247,0.92352
30.6,1.23889,0.77662,1.06594,1.36847,0.0428,1,1.37098,1.2905,1.06481,0.31012,1.33843,0.62881,0.9063,1.38095,0.6517,0.20084,0.12384,0.5913,0.85594,1.22917,1.12595,0.47805,0.13245,1.16112,1.20834,1.31013,1.30595,0.98185,0.64068,1.03108,1.15998,0.96877,1.1034,1.05139,0.81159,1.24407,0.96827,0.14631,1.37774,1,0.02393,0.64841,0.93556,1.36366,0.4999,1.3042,1.10907,0,1.28948,1.34027,1.37882,1.32076,1.1997,0.71615,0.92611,1.30679,1.35817,0.82159,0.8118,0.56426,0.78633,1.02905,1.30486,0.97601,0.82341,1.05551,0.92958,0.92865
30.62,1.22409,0.79427,1.09153,1.36796,0.06396,1,1.37053,1.28855,1.10738,0.32046,1.33358,0.64995,0.9241,1.38095,0.69317,0.21886,0.1457,0.64506,0.87502,1.21413,1.09936,0.48361,0.11054,1.1628,1.24811,1.29445,1.2982,0.97896,0.65822,1.01566,1.14969,0.97162,1.09507,1.0464,0.83485,1.23464,0.95286,0.15172,1.37606,1,0.02833,0.65467,0.8828,1.36262,0.52777,1.29822,1.09216,0,1.27555,1.33737,1.37733,1.30746,1.18394,0.74867,0.94602,1.30553,1.36083,0.81888,0.73594,0.62424,0.80448,1.03335,1.29985,0.98829,0.83938,1.051,0.93666,0.93612
30.64,1.19199,0.83272,1.11273,1.36644,0.11025,1,1.36883,1.2854,1.13401,0.34121,1.32694,0.67993,0.94564,1.38051,0.71261,0.25231,0.18217,0.69542,0.89023,1.19412,1.07494,0.49116,0.10917,1.15584,1.26518,1.2754,1.2885,0.9823,0.68157,1.01017,1.13507,0.9756,1.08429,1.04007,0.87612,1.21095,0.93836,0.16743,1.37217,1,0.04454,0.66453,0.8442,1.36045,0.56235,1.28889,1.06964,0,1.26822,1.33175,1.37469,1.29222,1.16991,0.78701,0.96188,1.3038,1.36099,0.82995,0.69439,0.68377,0.82428,1.02837,1.29263,0.99248,0.86059,1.04453,0.94539,0.9454
30.66,1.126,0.89417,1.12655,1.36361,0.19781,1,1.36545,1.28114,1.14951,0.37317,1.31754,0.72015,0.97386,1.37669,0.70349,0.30579,0.23735,0.73949,0.90373,1.16787,1.05708,0.5004,0.12976,1.13864,1.2687,1.2571,1.27793,0.99168,0.71129,1.0134,1.11555,0.98049,1.07189,1.03293,0.93526,1.16056,0.92791,0.19542,1.36386,1,0.0756,0.67731,0.81932,1.3569,0.60531,1.27447,1.03609,0,1.27173,1.32212,1.37031,1.27592,1.15618,0.83032,0.97226,1.30163,1.3585,0.85556,0.68494,0.7307,0.84288,1.01376,1.28237,0.99002,0.88651,1.03629,0.95485,0.95565
30.68,0.98329,0.98102,1.13127,1.35903,0.3655,1,1.35958,1.27574,1.15675,0.41692,1.30404,0.77073,1.02399,1.36952,0.67071,0.38599,0.31674,0.77612,0.91646,1.13296,1.04778,0.51222,0.17784,1.10864,1.26083,1.24719,1.26867,1.01451,0.74781,1.02091,1.09006,0.98594,1.05962,1.02587,1.02356,1.04039,0.92413,0.23783,1.34329,1,0.12624,0.69266,0.807,1.35153,0.65726,1.25236,0.99057,0.03799,1.28336,1.30588,1.36299,1.25955,1.14197,0.87836,0.9773,1.29878,1.35235,0.89509,0.7056,0.75284,0.85713,0.99362,1.26782,0.98419,0.9168,1.02674,0.96366,0.96555
30.7,0.87732,1.12251,1.12461,1.352,0.72552,1,1.34966,1.26905,1.15744,0.47207,1.28469,0.82957,1.09803,1.35462,0.62739,0.50183,0.42596,0.80612,0.92798,1.08501,1.04538,0.52863,0.26619,1.06228,1.2394,1.25217,1.26408,1.05269,0.7911,1.02664,1.05694,0.99139,1.05039,1.02023,1.1333,0.90437,0.92943,0.29655,1.25338,1,0.20332,0.71048,0.80582,1.3438,0.71688,1.2187,0.95339,0.16602,1.29672,1.27772,1.35035,1.24364,1.12788,0.93119,0.97857,1.29469,1.33964,0.94596,0.75477,0.74198,0.86357,0.97467,1.24696,0.97962,0.95117,1.01673,0.96996,0.9733
30.72,0.7856,1.19954,1.10181,1.34149,1.28375,1,1.33247,1.2608,1.15251,0.53673,1.25743,0.89194,1.15937,1.31523,0.58738,0.66434,0.56775,0.83174,0.93678,1.01621,1.04575,0.55244,0.42382,0.99772,1.19607,1.27038,1.26734,1.09339,0.84074,1.02441,1.01358,0.99624,1.04771,1.01755,1.19435,0.80219,0.94605,0.37257,0.64267,1,0.31637,0.73085,0.81427,1.33299,0.7804,1.16824,0.90824,0.4096,1.3074,1.22464,1.32697,1.22778,1.11626,0.98874,0.97837,1.28844,1.31108,1.00685,0.83078,0.69752,0.85904,0.9501,1.21637,0.98141,0.98935,1.00745,0.97173,0.97694
30.74,0.70915,1.24181,1.05184,1.32583,1.34337,1,1.30028,1.25052,1.14245,0.60763,1.22059,0.95127,1.20777,1.0801,0.56017,0.88614,0.73726,0.85564,0.94091,0.96499,1.04482,0.5868,0.72599,0.96237,1.106,1.29368,1.27873,1.13345,0.89633,1.00788,0.98019,0.99996,1.05407,1.01904,1.23166,0.71859,0.97592,0.46556,0.3649,1,0.47793,0.754,0.83088,1.31823,0.84218,1.09518,0.85648,0.93227,1.31391,1.10491,1.27843,1.2106,1.11051,1.07785,0.97886,1.27871,1.21727,1.09127,0.93108,0.62688,0.84157,0.9199,1.16909,0.99419,1.05323,1.00007,0.96748,0.97493
30.76,0.64697,1.26742,0.9761,1.30226,1.35964,1,1.22971,1.23756,1.12753,0.68055,1.17488,1.00108,1.24437,0.656,0.55088,1.17549,0.91682,0.87991,0.93863,0.92695,1.03986,0.63474,1.24714,0.93392,0.95378,1.31523,1.29509,1.17055,0.9578,0.98538,0.95349,1.00445,1.06936,1.02504,1.25592,0.65214,1.03644,0.57312,0.23729,1,0.70164,0.78017,0.85405,1.29849,0.89574,0.99933,0.80121,1.30704,1.31601,0.91632,1.15324,1.19018,1.1137,1.13674,0.98142,1.26351,0.80898,1.1387,1.07775,0.54207,0.81114,0.88445,1.08846,1.03873,1.10758,0.99774,0.95671,0.9667
30.78,0.5976,1.28396,0.91486,1.26662,1.36641,1,1.01523,1.22107,1.10824,0.75043,1.12829,1.0561,1.27099,0.51117,0.56268,1.26157,1.10466,0.90541,0.92864,0.89647,1.02955,0.69863,1.32924,0.91301,0.86279,1.33233,1.31221,1.2032,1.0438,0.95723,0.92698,1.006,1.09089,1.03495,1.27229,0.60023,1.10898,0.68885,0.17248,1,0.98882,0.80941,0.88163,1.27298,0.93463,0.9609,0.74682,1.33844,1.31334,0.81423,0.90765,1.1646,1.12704,1.172,0.98656,1.23963,0.56681,1.16615,1.17412,0.45523,0.76983,0.84472,0.96871,1.09707,1.14839,0.99694,0.94011,0.95277
30.8,0.55993,1.29504,0.85366,1.21482,1.36946,1,0.85109,1.20009,1.08592,0.81156,1.09972,1.07209,1.28957,0.47302,0.59895,1.28998,1.17555,0.93144,0.91026,0.87641,1.01383,0.77925,1.3503,0.89953,0.80534,1.34494,1.32733,1.23079,1.12497,0.92144,0.90077,1.00495,1.11466,1.04734,1.28338,0.56039,1.16145,0.79981,0.14038,1,1.2177,0.84129,0.91063,1.24228,0.95334,0.94783,0.69817,1.3445,1.30446,0.7544,0.8119,1.1327,1.14905,1.19117,0.99393,1.20151,0.43779,1.18137,1.21384,0.37542,0.72129,0.80227,0.89125,1.15082,1.18004,0.99748,0.91948,0.93472
30.82,0.53309,1.30257,0.79838,1.15115,1.37059,1,0.79225,1.17346,1.06301,0.85847,1.10791,1.05819,1.30185,0.50951,0.66532,1.29936,1.18914,0.95606,0.88366,0.86965,0.99692,0.87496,1.35784,0.893,0.78284,1.35393,1.33949,1.25347,1.17404,0.88135,0.87503,1.00188,1.13684,1.06026,1.29065,0.53052,1.19778,0.88712,0.12806,1,1.25471,0.87509,0.93759,1.21027,0.9483,0.95924,0.65934,1.33872,1.28514,0.72922,0.78866,1.09514,1.17614,1.19706,1.00519,1.13847,0.37667,1.18815,1.22664,0.30745,0.6698,0.75882,0.82555,1.19428,1.20514,0.99905,0.89762,0.91508
30.84,0.51619,1.30768,0.75264,1.10321,1.37046,1,0.80828,1.13952,1.0424,0.88758,1.14924,1.00684,1.30922,0.63092,0.77235,1.29746,1.17431,0.97708,0.85003,0.87797,0.98664,0.98158,1.35906,0.89273,0.79676,1.36027,1.3488,1.27188,1.20654,0.84126,0.84979,0.99882,1.15439,1.07157,1.29498,0.50883,1.22226,0.93294,0.1294,1,1.24587,0.91009,0.95973,1.18487,0.91863,0.99572,0.63278,1.31371,1.2416,0.73458,0.81393,1.05522,1.20422,1.18978,1.02173,1.02676,0.36575,1.18842,1.21888,0.25262,0.6193,0.71579,0.76983,1.22659,1.22551,1.00238,0.87818,0.89716
30.86,0.50816,1.31107,0.71806,1.10556,1.36934,1,0.90119,1.09534,1.0261,0.89846,1.20183,0.95567,1.31262,0.89937,0.94026,1.28447,1.13111,0.99288,0.81162,0.90136,0.97744,1.12044,1.35501,0.89789,0.84906,1.36467,1.35569,1.28678,1.22964,0.80611,0.82491,0.99667,1.16474,1.07898,1.29698,0.49372,1.23819,0.93097,0.14166,1,1.17276,0.94595,0.976,1.17393,0.86655,1.08825,0.61955,1.1747,1.10315,0.76773,0.87617,1.01874,1.2301,1.16688,1.03559,0.93699,0.40083,1.18311,1.18469,0.21042,0.5731,0.67422,0.72198,1.24878,1.24244,1.00661,0.8657,0.88504
30.88,0.50777,1.31323,0.6953,1.1479,1.36722,1,1.12392,1.03581,1.01389,0.89403,1.24876,0.89798,1.3125,1.26284,1.18933,1.25534,1.04507,1.0052,0.7716,0.93727,0.97019,1.18427,1.34324,0.90739,0.94105,1.36762,1.3606,1.29876,1.24709,0.78165,0.80032,0.99519,1.16454,1.07968,1.29708,0.48381,1.24768,0.89065,0.1641,1,0.8833,0.98254,0.98752,1.17849,0.79699,1.16218,0.62005,0.61259,0.8263,0.82487,0.96537,0.99639,1.25193,1.12268,1.04594,0.88062,0.48696,1.1727,1.09485,0.18011,0.53423,0.63513,0.67998,1.26175,1.25678,1.00949,0.86595,0.88388
30.9,0.51364,1.31447,0.6849,1.19525,1.3639,1,1.25188,0.97871,1.00297,0.87965,1.28476,0.83745,1.30872,1.32786,1.27473,1.19677,0.95724,1.0122,0.73361,0.97971,0.9656,1.21408,1.31357,0.91987,1.09916,1.36934,1.36379,1.30828,1.26091,0.77459,0.77614,0.99516,1.14684,1.0695,1.29562,0.47797,1.25178,0.83093,0.1974,1,0.64459,1.03549,0.99738,1.19231,0.71667,1.21332,0.63464,0.34306,0.64309,0.89788,1.09447,0.99141,1.26907,1.04865,1.05226,0.84394,0.63617,1.1577,0.9367,0.16147,0.50559,0.59967,0.64233,1.26518,1.26902,1.00956,0.8868,0.9005
30.92,0.52426,1.31504,0.68762,1.23121,1.35894,1,1.3016,0.94109,0.99446,0.86155,1.31068,0.77999,1.30048,1.35022,1.31088,1.08027,0.91185,1.00883,0.70087,1.03561,0.96419,1.22631,1.21022,0.9338,1.1943,1.36995,1.36543,1.31566,1.27218,0.79275,0.75275,0.99737,1.09091,1.04057,1.29294,0.47528,1.25073,0.76987,0.24352,1,0.47227,1.08685,1.01856,1.20782,0.63297,1.24771,0.66397,0.19922,0.5098,0.97193,1.15913,0.99383,1.28168,0.97424,1.05416,0.82608,0.86294,1.13887,0.83339,0.15477,0.48964,0.56893,0.60818,1.25608,1.27942,1.00523,0.94009,0.94467
30.94,0.538,1.3151,0.70443,1.25485,1.35145,1,1.32574,0.90559,0.98398,0.84546,1.32885,0.72953,1.28573,1.36052,1.32989,0.95447,0.89655,0.9983,0.67534,1.07633,0.96618,1.22612,0.81037,0.94782,1.23587,1.36942,1.3656,1.32119,1.28145,0.84557,0.73066,1.00498,0.95955,0.98793,1.28935,0.47501,1.24396,0.71872,0.30589,1,0.35484,1.1255,1.04973,1.2201,0.55279,1.27074,0.70913,0.1184,0.41394,1.04746,1.17591,1.00461,1.29039,0.93948,1.05147,0.82637,1.17301,1.11723,0.76202,0.16064,0.48797,0.5437,0.57742,1.22351,1.28817,0.99746,1.07278,1.05391
30.96,0.55315,1.31476,0.73655,1.26904,1.33968,1,1.3387,0.87001,0.96872,0.83621,1.34134,0.68824,1.25986,1.36569,1.34097,0.92416,0.91564,0.98896,0.65764,1.09147,0.97135,1.21411,0.60966,0.96092,1.25463,1.36763,1.36424,1.32512,1.28891,0.94619,0.7106,1.02083,0.83037,0.93777,1.28526,0.47661,1.22991,0.68228,0.38944,1,0.27806,1.1573,1.08761,1.22662,0.48193,1.2861,0.77139,0.07342,0.34598,1.0747,1.15466,1.0284,1.29593,0.92479,1.04431,0.84389,1.26221,1.09405,0.72084,0.18,0.50126,0.52451,0.5507,1.11563,1.29534,0.98901,1.20356,1.18196
30.98,0.56765,1.31411,0.78516,1.27624,1.32004,1,1.34559,0.83184,0.94843,0.83808,1.34962,0.65757,1.21178,1.36807,1.34763,0.95655,0.97366,0.97807,0.64754,1.0898,0.97899,1.18752,0.51814,0.97246,1.2611,1.36432,1.36118,1.32759,1.29446,1.13862,0.69361,1.04091,0.68908,0.87423,1.28119,0.47969,1.2053,0.66176,0.49981,1,0.23225,1.18563,1.12783,1.22533,0.42516,1.29595,0.85126,0.05165,0.29969,1.04547,1.06333,1.05312,1.29893,0.92647,1.03331,0.87703,1.28893,1.07069,0.70493,0.2139,0.52924,0.51187,0.52952,0.86208,1.30091,0.97742,1.27349,1.25587
31,0.57906,1.31319,0.85097,1.27785,1.28458,1,1.34833,0.78889,0.92389,0.8556,1.35458,0.63891,1.10884,1.36852,1.35135,1.08292,1.10683,0.96736,0.6443,1.07886,0.98788,1.13938,0.48455,0.98212,1.2598,1.35913,1.35606,1.32861,1.29783,1.24006,0.68109,1.06323,0.55074,0.80112,1.27788,0.48398,1.16343,0.65697,0.64,1,0.21296,1.21209,1.16562,1.21251,0.38644,1.3014,0.94661,0.04746,0.27169,0.97078,0.90522,1.07475,1.29987,0.9371,1.01979,0.92267,1.29736,1.04861,0.7082,0.26299,0.57034,0.50651,0.51608,0.67181,1.30476,0.96319,1.31328,1.2997
31.02,0.58507,1.312,0.93379,1.27422,1.21514,1,1.34726,0.73979,0.89662,0.89426,1.35666,0.63374,0.93681,1.36725,1.35277,1.19831,1.20037,0.95845,0.64704,1.06805,0.99656,1.05547,0.48564,0.98979,1.25322,1.35149,1.3484,1.32807,1.29868,1.2873,0.67451,1.08587,0.42607,0.72354,1.2761,0.48948,1.08916,0.66766,0.80183,1,0.22054,1.23705,1.19809,1.17826,0.36897,1.30285,1.07917,0.05919,0.26057,0.89641,0.7679,1.09101,1.29907,0.94707,1.00579,0.97574,1.2971,1.02913,0.72418,0.327,0.6217,0.50936,0.51264,0.52437,1.3067,0.94709,1.33723,1.32672
31.04,0.58433,1.31043,1.05403,1.26448,1.08088,1,1.34128,0.68443,0.86848,0.96147,1.35589,0.64343,0.83628,1.364,1.35205,1.26006,1.2537,0.95252,0.65495,1.0672,1.00736,0.96374,0.50913,0.99554,1.2431,1.34055,1.33736,1.32577,1.29672,1.31284,0.67501,1.10745,0.3206,0.64693,1.27632,0.49664,0.97477,0.69453,0.95117,1,0.26132,1.26015,1.22436,1.08694,0.37548,1.30012,1.16391,0.08846,0.26624,0.81688,0.64408,1.10108,1.29674,0.94784,0.99682,1.05006,1.29126,1.01321,0.74695,0.40504,0.67989,0.52121,0.52057,0.41542,1.30656,0.92985,1.3523,1.34397
31.06,0.57716,1.30823,1.15579,1.2457,0.97996,1,1.3261,0.62409,0.84144,1.09784,1.35172,0.66918,0.76959,1.35782,1.34897,1.29503,1.28588,0.95009,0.66736,1.0808,1.01672,0.9139,0.54812,0.99959,1.23078,1.32471,1.32138,1.32143,1.29183,1.32781,0.68311,1.12722,0.23596,0.57636,1.27844,0.50643,0.90261,0.73978,1.03693,1,0.35288,1.2808,1.24469,0.91511,0.40928,1.29236,1.20355,0.14063,0.28978,0.74124,0.5404,1.10505,1.29294,0.93526,0.99262,1.10441,1.28083,1.00126,0.77208,0.49655,0.7421,0.54256,0.53969,0.33743,1.30416,0.91218,1.36205,1.35525
31.08,0.56565,1.30497,1.20536,1.21024,1.08564,1,1.28396,0.56139,0.81775,1.19827,1.3424,0.71175,0.73023,1.34638,1.34284,1.31611,1.30612,0.95105,0.68365,1.10481,1.02167,0.88689,0.5987,1.00435,1.21724,1.30044,1.29711,1.31467,1.28427,1.33677,0.6987,1.14472,0.17191,0.51643,1.28176,0.52048,0.84627,0.80752,0.94765,1,0.54214,1.29851,1.25955,0.7719,0.47519,1.27769,1.22286,0.22674,0.3334,0.67461,0.45812,1.10349,1.28765,0.91092,0.99032,1.12869,1.26574,0.99665,0.79688,0.60268,0.80684,0.57322,0.56755,0.28434,1.29929,0.89474,1.36838,1.36262
31.1,0.55318,1.29998,1.23046,1.13469,1.24352,1,1.01931,0.49955,0.79992,1.25466,1.3233,0.77114,0.71374,1.32331,1.33224,1.32929,1.31896,0.95479,0.70313,1.13082,1.02343,0.88652,0.65913,1.00727,1.20286,1.25807,1.25571,1.30511,1.27518,1.34172,0.72094,1.1596,0.1276,0.47104,1.28525,0.54105,0.80832,0.90432,0.74767,1,0.9857,1.31314,1.26932,0.64136,0.57974,1.25215,1.23022,0.36805,0.40037,0.61978,0.39665,1.09729,1.28087,0.881,0.98949,1.129,1.24489,0.99437,0.82049,0.72843,0.87443,0.61197,0.5985,0.25259,1.29173,0.87837,1.37233,1.36724
31.12,0.5435,1.29221,1.24025,0.96217,1.31843,1,0.62597,0.44138,0.79025,1.28875,1.27921,0.84667,0.71745,1.26418,1.31408,1.33755,1.32682,0.96041,0.72511,1.15229,1.02355,0.91839,0.73027,1.00861,1.18699,1.15884,1.1645,1.29243,1.26707,1.34351,0.74847,1.17167,0.10191,0.44293,1.28789,0.571,0.79112,1.06601,0.50756,1,1.31496,1.3249,1.27417,0.52964,0.73128,1.20672,1.22859,0.60849,0.4952,0.57802,0.35472,1.08756,1.27252,0.85296,0.98944,1.10006,1.21531,0.99332,0.84377,0.88694,0.94751,0.65649,0.62407,0.24071,1.28119,0.86391,1.37447,1.36977
31.14,0.5398,1.27993,1.23737,0.82876,1.35234,1,0.4075,0.3886,0.79021,1.31068,1.11732,0.93781,0.74005,0.96407,1.28062,1.34251,1.33105,0.967,0.74904,1.16653,1.02354,0.99122,0.81701,1.00894,1.16751,0.9008,0.92561,1.2764,1.26318,1.3423,0.77979,1.18084,0.09382,0.43341,1.28888,0.61365,0.79633,1.19973,0.29894,1,1.35347,1.33422,1.27419,0.4372,0.9422,1.11483,1.21828,1.08331,0.62465,0.54945,0.33064,1.07543,1.26247,0.83235,0.98944,1.01313,1.16895,0.99306,0.86903,1.13378,1.0534,0.7039,0.6357,0.2488,1.26727,0.85211,1.37513,1.37058
31.16,0.54441,1.26013,1.22021,0.71244,1.36915,1,0.27249,0.34195,0.80005,1.32555,0.77217,1.07206,0.78097,0.6857,1.20624,1.34507,1.33239,0.9739,0.77465,1.17342,1.02465,1.1413,0.93115,1.00872,1.13995,0.71084,0.74547,1.25691,1.26555,1.33771,0.81357,1.18715,0.10292,0.44278,1.28764,0.67261,0.82479,1.26019,0.14371,1,1.36776,1.34158,1.26925,0.36174,1.20002,0.94786,1.19746,1.29821,0.7991,0.53347,0.32274,1.06182,1.25042,0.82175,0.98891,0.92112,1.08007,0.99323,0.89968,1.25355,1.15235,0.75137,0.62866,0.27848,1.24932,0.84356,1.37439,1.36978
31.18,0.55904,1.22686,1.18144,0.61437,1.37826,1,0.1846,0.30189,0.81863,1.33604,0.58293,1.17314,0.8395,0.53296,0.97191,1.34572,1.3312,0.98067,0.80182,1.17376,1.02775,1.22637,1.12508,1.00831,1.09464,0.55432,0.59568,1.23418,1.27344,1.32861,0.84844,1.19053,0.12978,0.47063,1.28363,0.75131,0.87599,1.29345,0.03599,1,1.37493,1.34732,1.25904,0.30062,1.27536,0.83489,1.16172,1.33465,1.05499,0.52932,0.32975,1.0475,1.23586,0.82122,0.98743,0.82599,0.94007,0.99355,0.94032,1.30336,1.21263,0.79633,0.60414,0.33287,1.2265,0.83881,1.37214,1.36728
31.2,0.58512,1.16656,1.10046,0.53494,1.38095,1,0.12627,0.26892,0.84322,1.34358,0.45537,1.22622,0.91349,0.44536,0.79404,1.34461,1.32752,0.98701,0.83037,1.16875,1.03325,1.27372,1.23692,1.008,1.0061,0.42246,0.46797,1.20914,1.28405,1.31271,0.88276,1.19079,0.17562,0.51549,1.27608,0.852,0.94696,1.31351,0,1,1.37901,1.35171,1.24347,0.25179,1.30807,0.741,1.10241,1.34849,1.23003,0.5364,0.3508,1.03306,1.21816,0.82898,0.98475,0.73373,0.82582,0.9938,0.99688,1.33076,1.25354,0.83637,0.56833,0.41601,1.19812,0.83844,1.36804,1.36272
31.22,0.62403,1.03929,0.96401,0.47366,1.38095,1,0.08827,0.24338,0.86987,1.34901,0.36064,1.25886,0.99845,0.39791,0.67937,1.34168,1.32112,0.9928,0.86004,1.15987,1.04116,1.30151,1.29112,1.00797,0.93179,0.312,0.35946,1.18375,1.29458,1.2853,0.91472,1.18755,0.24171,0.57442,1.26381,0.97506,1.05286,1.32612,0,1,1.38143,1.35491,1.2232,0.21371,1.32689,0.66193,1.0023,1.35465,1.28043,0.55442,0.3855,1.01894,1.19647,0.84221,0.98076,0.65255,0.71115,0.99382,1.10637,1.34782,1.28272,0.86952,0.52902,0.53187,1.16409,0.84299,1.36144,1.35551
31.24,0.67738,0.9123,0.87938,0.42901,1.38095,1,0.0653,0.22534,0.89432,1.35285,0.28548,1.2808,1.11669,0.37917,0.60684,1.33652,1.31132,0.99804,0.89053,1.14861,1.05114,1.31861,1.3218,1.00832,0.85464,0.22154,0.26926,1.16083,1.30352,1.23555,0.94277,1.18036,0.32906,0.64329,1.24462,1.14154,1.14127,1.33409,0,1,1.38281,1.35708,1.20048,0.1852,1.33943,0.59501,0.94141,1.35688,1.30239,0.58357,0.43419,1.00533,1.16962,0.85801,0.9755,0.58578,0.60193,0.99354,1.18048,1.35906,1.30389,0.89459,0.49234,0.68324,1.12537,0.85274,1.35122,1.34464
31.26,0.74674,0.82609,0.81833,0.39905,1.38095,1,0.0542,0.21459,0.91309,1.3554,0.2243,1.2962,1.17374,0.38395,0.56447,1.32826,1.29682,1.00552,0.92146,1.13629,1.06259,1.32951,1.34032,1.00902,0.77765,0.15,0.19696,1.14309,1.31036,1.13285,0.96597,1.16877,0.43806,0.71739,1.21452,1.21538,1.18563,1.33896,0,1,1.38346,1.35833,1.17948,0.16541,1.3484,0.53899,0.89477,1.35632,1.31292,0.62452,0.49789,0.99617,1.13601,0.87418,0.96916,0.53349,0.50536,0.99299,1.22941,1.36665,1.31917,0.91149,0.46192,0.86985,1.0842,0.86749,1.33526,1.32838
31.28,0.83248,0.75885,0.77914,0.38214,1.38095,1,0.05329,0.21097,0.92393,1.35682,0.17533,1.30703,1.20412,0.41053,0.54534,1.3152,1.27528,1.01392,0.95211,1.1239,1.07464,1.33654,1.35163,1.00995,0.70792,0.09642,0.14229,1.13198,1.31503,0.94756,0.98402,1.15252,0.5673,0.79175,1.16591,1.2528,1.2086,1.34156,0,1,1.38351,1.35875,1.16557,0.15415,1.3549,0.49399,0.86111,1.35309,1.31724,0.67798,0.57773,0.99017,1.09388,0.88937,0.96206,0.49456,0.42776,0.99225,1.26135,1.37172,1.32985,0.92114,0.4398,1.11343,1.04397,0.88635,1.30941,1.30373
31.3,0.93165,0.70669,0.75944,0.37731,1.38095,1,0.06199,0.21454,0.92599,1.35709,0.13855,1.3142,1.2201,0.45952,0.54577,1.29392,1.24278,1.02164,0.98114,1.11205,1.08634,1.34091,1.35817,1.01087,0.65217,0.06006,0.10514,1.12706,1.31756,0.84804,0.99714,1.13199,0.71175,0.86149,1.08417,1.27475,1.21888,1.34228,0,1,1.38301,1.35834,1.16275,0.15199,1.35943,0.46116,0.83983,1.34649,1.31714,0.74421,0.67352,0.98447,1.04225,0.903,0.95474,0.46786,0.37373,0.99152,1.28136,1.3749,1.33672,0.92521,0.42733,1.22172,1.00855,0.9076,1.2649,1.26559
31.32,1.05981,0.6666,0.75717,0.38443,1.38095,1,0.08083,0.22574,0.91964,1.35605,0.11439,1.31811,1.22658,0.53358,0.56421,1.25666,1.19262,1.02897,1.01308,1.10096,1.09677,1.34326,1.36115,1.01151,0.61541,0.0404,0.08559,1.12645,1.31788,0.78899,1.01147,1.10854,0.86171,0.92247,0.97449,1.28868,1.22002,1.34122,0,1,1.38188,1.35703,1.17125,0.16029,1.36226,0.44211,0.83034,1.33454,1.31298,0.82267,0.7824,0.97889,0.9917,0.91502,0.9478,0.45258,0.34645,0.99102,1.29259,1.37654,1.34022,0.92571,0.42574,1.25804,0.99105,0.92893,1.18054,1.2051
31.34,1.1507,0.63626,0.7709,0.40417,1.38095,1,0.11167,0.24545,0.90596,1.35337,0.1033,1.31886,1.22541,0.63806,0.60078,1.1806,1.11271,1.0361,1.04759,1.0906,1.10534,1.34394,1.36087,1.01161,0.60047,0.03761,0.08425,1.12793,1.31575,0.75912,1.02094,1.08439,1.00739,0.97198,0.91617,1.2979,1.21299,1.33816,0,1,1.37996,1.35466,1.18788,0.18123,1.36353,0.43839,0.83209,1.31188,1.30398,0.91217,0.89852,0.97329,0.96747,0.92566,0.9418,0.44809,0.34905,0.99093,1.29677,1.37677,1.34046,0.9245,0.43631,1.27228,0.98334,0.9482,0.996,1.10714
31.36,1.1892,0.61389,0.79973,0.43806,1.38095,1,0.15826,0.27509,0.88647,1.34842,0.10626,1.31617,1.21672,0.78199,0.65684,0.98145,0.99041,1.04305,1.06857,1.08097,1.11171,1.34306,1.35658,1.01103,0.60887,0.0536,0.10359,1.12968,1.31066,0.75169,1.02522,1.06208,1.14523,1.01734,0.87923,1.30409,1.19699,1.33255,0,1,1.37683,1.35091,1.20828,0.21797,1.36319,0.45166,0.84456,1.25998,1.28787,1.0204,1.02533,0.96767,0.9508,0.93509,0.93715,0.45391,0.38758,0.9914,1.29444,1.37545,1.337,0.92305,0.46052,1.27549,0.97976,0.96397,0.88858,0.97722
31.38,1.20422,0.59824,0.84266,0.48842,1.38095,1,0.22703,0.31651,0.86294,1.34009,0.1258,1.30923,1.19923,0.97797,0.73425,0.83711,0.92665,1.04969,1.08049,1.07225,1.11569,1.34064,1.34491,1.00968,0.64189,0.09401,0.14998,1.1305,1.30169,0.76234,1.02603,1.04366,1.19279,1.05785,0.86167,1.30814,1.16938,1.32328,0,1,1.37164,1.34528,1.22886,0.27496,1.36094,0.4842,0.86707,1.05504,1.25935,1.13855,1.14082,0.96214,0.94057,0.94326,0.93416,0.46959,0.47595,0.99247,1.28464,1.37194,1.32839,0.92238,0.50014,1.27085,0.97907,0.97575,0.82728,0.91881
31.4,1.20417,0.58866,0.89792,0.55833,1.38095,1,0.32879,0.37189,0.83736,1.32621,0.16774,1.29605,1.1698,1.20148,0.83417,0.7364,0.88492,1.0557,1.0864,1.06493,1.11709,1.33654,1.31075,1.00757,0.70111,0.17248,0.2383,1.1297,1.28714,0.78782,1.0246,1.02993,1.21413,1.07855,0.86173,1.31051,1.12511,1.3081,0,1,1.36237,1.33694,1.24742,0.35813,1.35586,0.53957,0.89859,0.76235,1.20509,1.19363,1.18741,0.95699,0.93527,0.94987,0.93309,0.49454,0.64697,0.99413,1.26402,1.36438,1.3106,0.92304,0.55719,1.25865,0.98029,0.98389,0.79254,0.88575
31.42,1.19012,0.58491,0.96264,0.65211,1.38095,1,0.48304,0.44399,0.81148,1.30219,0.24475,1.272,1.12156,1.26687,0.95606,0.66855,0.86025,1.06072,1.08874,1.05981,1.11573,1.33051,1.03025,1.0048,0.78876,0.32408,0.40556,1.12694,1.26368,0.82535,1.0218,1.02031,1.22503,1.08915,0.87821,1.31143,1.05465,1.28198,0,1,1.34298,1.32441,1.26312,0.47536,1.34551,0.62345,0.93806,0.60009,1.08062,1.22298,1.20886,0.95258,0.93313,0.95435,0.93413,0.52821,0.98881,0.9963,1.2234,1.34615,1.27087,0.92531,0.63423,1.23722,0.98263,0.9893,0.77251,0.86788
31.44,1.15716,0.58696,1.05588,0.77687,1.38095,1,0.73057,0.53706,0.78644,1.25577,0.38616,1.2243,1.03704,1.29487,1.12484,0.62641,0.84907,1.06452,1.08976,1.05778,1.11143,1.32202,0.52423,1.00148,0.90834,0.66355,0.76711,1.12204,1.2236,0.87253,1.01831,1.01331,1.23182,1.0947,0.91066,1.31093,0.97378,1.23053,0,1,1.28255,1.30456,1.27601,0.63822,1.32219,0.74505,0.98499,0.50029,0.90626,1.23885,1.21746,0.94918,0.93219,0.95611,0.93736,0.57038,1.28734,0.99887,1.13262,1.27138,1.14224,0.92924,0.73528,1.20218,0.98551,0.9931,0.75914,0.85824
31.46,1.08841,0.59486,1.13174,0.94496,1.38095,1,1.17406,0.65821,0.76267,1.1399,0.67142,1.10407,0.94968,1.30894,1.20627,0.60473,0.84868,1.06705,1.09171,1.05956,1.10409,1.30999,0.28955,0.99889,1.09419,1.28912,1.2923,1.11486,1.14481,0.92709,1.01462,1.00726,1.2378,1.0984,0.9593,1.30898,0.92375,1.09026,0,1,0.81151,1.26963,1.28661,0.86469,1.24539,0.91847,1.06514,0.43955,0.79904,1.24641,1.21775,0.94688,0.93038,0.95457,0.9427,0.62143,1.33593,1.00336,0.94067,0.64218,0.81687,0.93479,0.8669,1.14346,0.98852,0.99629,0.74673,0.85173
31.48,0.96827,0.60865,1.1753,1.17567,1.38095,1,1.30241,0.81875,0.74016,0.89476,1.24129,0.89257,0.88051,1.31623,1.24538,0.59934,0.85681,1.06846,1.09687,1.06556,1.09376,1.29244,0.1603,0.997,1.20864,1.35218,1.34813,1.10538,0.97183,0.98636,1.01107,1.00065,1.24476,1.10236,1.04293,1.30547,0.88281,0.85794,0,1,0.46879,1.19423,1.29544,1.17775,0.81016,1.16761,1.13123,0.40461,0.72108,1.24824,1.21157,0.94558,0.92549,0.94931,0.94985,0.68215,1.35465,1.00897,0.81131,0.32154,0.62334,0.94178,1.06315,1.03633,0.99137,0.99967,0.73146,0.84462
31.5,0.87932,0.62833,1.20188,1.25939,1.38095,1,1.33588,1.05932,0.71872,0.75263,1.33333,0.76224,0.81297,1.31964,1.26703,0.60666,0.87143,1.06899,1.10708,1.07575,1.0808,1.26533,0.08542,0.99523,1.25689,1.36825,1.36437,1.09376,0.85064,1.07351,1.00789,0.99623,1.25334,1.10793,1.13169,1.30015,0.85095,0.70759,0,1,0.29574,0.96938,1.30293,1.27203,0.52911,1.25644,1.17891,0.38738,0.66562,1.24576,1.1996,0.94509,0.91546,0.94003,0.95826,0.75348,1.36377,1.0141,0.71539,0.17339,0.50004,0.94985,1.20914,0.93774,0.99388,1.00748,0.71136,0.83449
31.52,0.79836,0.65387,1.21814,1.29662,1.37744,1,1.35082,1.22913,0.69831,0.66046,1.3546,0.67496,0.74716,1.32058,1.27957,0.62348,0.89068,1.06893,1.12286,1.08948,1.06589,1.21939,0.04357,0.99374,1.28112,1.3748,1.37123,1.0803,0.75536,1.12946,1.0052,0.99118,1.26324,1.11563,1.1871,1.29267,0.82795,0.59455,0.04658,1,0.19484,0.79564,1.30937,1.3045,0.3863,1.29051,1.21487,0.38247,0.62803,1.23989,1.18184,0.94516,0.89884,0.92679,0.96725,0.83642,1.36842,1.01834,0.64886,0.09789,0.42553,0.95858,1.26449,0.87429,0.99599,1.01713,0.68613,0.82012
31.54,0.72809,0.68536,1.22737,1.31724,1.37084,1,1.35897,1.28329,0.67917,0.6019,1.36229,0.62285,0.68383,1.31985,1.28655,0.64711,0.91322,1.06843,1.14292,1.10548,1.04985,1.12643,0.02466,0.99265,1.29356,1.37763,1.37418,1.06533,0.68107,1.16176,1.00304,0.98525,1.27369,1.12529,1.22328,1.28243,0.81344,0.50856,0.12521,1,0.13131,0.67093,1.31487,1.31956,0.31734,1.30581,1.24262,0.38625,0.60499,1.23126,1.15753,0.94562,0.87554,0.91021,0.9762,0.93264,1.37042,1.02138,0.60764,0.06178,0.38732,0.96758,1.29279,0.8284,0.99766,1.02797,0.65684,0.80149
31.56,0.66903,0.72291,1.2313,1.33005,1.36037,1,1.36389,1.30945,0.662,0.56709,1.36446,0.59872,0.62453,1.3179,1.28973,0.67544,0.93836,1.06748,1.16455,1.12204,1.03346,0.9456,0.02394,0.99202,1.29897,1.3784,1.37486,1.04901,0.62324,1.18047,1.00141,0.97882,1.28374,1.13615,1.24783,1.26844,0.80689,0.44253,0.23069,1,0.08942,0.57909,1.31942,1.3271,0.29565,1.31197,1.26414,0.39625,0.59391,1.22023,1.12459,0.94648,0.8472,0.89156,0.98464,1.07149,1.3705,1.0231,0.58786,0.05158,0.37788,0.97665,1.30953,0.79774,0.99892,1.03914,0.62565,0.77972
31.58,0.6209,0.76633,1.2308,1.33852,1.34246,1,1.36705,1.32447,0.64806,0.54952,1.36306,0.59588,0.57154,1.31499,1.29009,0.70683,0.96604,1.06588,1.18479,1.13731,1.01749,0.82313,0.0397,0.99185,1.29944,1.37764,1.37379,1.03139,0.5782,1.19057,1.00024,0.97268,1.29252,1.14704,1.26484,1.24921,0.80775,0.39189,0.37108,1,0.06105,0.51059,1.32287,1.33058,0.30976,1.31266,1.28054,0.41073,0.59266,1.20706,1.07844,0.94795,0.81706,0.87287,0.99226,1.1756,1.36883,1.02356,0.58607,0.06168,0.39267,0.98566,1.32031,0.77969,0.99982,1.0493,0.59561,0.75695
31.6,0.58342,0.81472,1.22617,1.34423,1.30919,1,1.36913,1.3338,0.63917,0.54459,1.3583,0.60734,0.52751,1.31133,1.28817,0.73984,0.99669,1.06321,1.20129,1.14955,1.00273,0.7242,0.07211,0.99209,1.29595,1.37543,1.371,1.01247,0.54329,1.19487,0.99974,0.96792,1.29933,1.1566,1.27659,1.22263,0.81539,0.35397,0.54927,1,0.04168,0.46002,1.32496,1.33152,0.35453,1.30983,1.29254,0.42842,0.59941,1.19199,1.00907,0.95036,0.78937,0.85672,0.99883,1.22865,1.36528,1.02292,0.59906,0.09004,0.42831,0.99454,1.32761,0.77164,1.0008,1.05685,0.57024,0.73611
31.62,0.55637,0.8665,1.21734,1.34798,1.24342,1,1.37048,1.33968,0.63728,0.54878,1.34943,0.6255,0.49461,1.30702,1.2843,0.77328,1.05267,1.05898,1.21277,1.15745,0.9951,0.64384,0.12264,0.99263,1.28888,1.37159,1.36625,0.9962,0.51662,1.19517,0.99951,0.96575,1.30375,1.1637,1.28437,1.18557,0.82915,0.3272,0.74787,1,0.02877,0.42417,1.3254,1.33072,0.42662,1.3051,1.30068,0.44836,0.61259,1.17529,0.95885,0.95412,0.76818,0.84568,1.0082,1.26038,1.35937,1.02141,0.6238,0.13618,0.48139,1.00638,1.33266,0.77109,1.00148,1.0602,0.55274,0.72011
31.64,0.53938,0.92015,1.20403,1.35021,1.126,1,1.37129,1.34323,0.6439,0.55943,1.3346,0.6433,0.47392,1.30214,1.2786,0.80627,1.09958,1.05276,1.21884,1.16026,0.99039,0.57828,0.19416,0.9934,1.27824,1.36565,1.35893,0.98646,0.49666,1.19273,0.99941,0.96711,1.30556,1.16761,1.28899,1.13252,0.84808,0.31043,0.91397,1,0.0209,0.40084,1.32386,1.32864,0.52208,1.30015,1.30549,0.46995,0.63109,1.15718,0.91323,0.95953,0.75624,0.84164,1.01583,1.2812,1.35014,1.01927,0.65764,0.20052,0.54811,1.02201,1.33618,0.77567,1.00179,1.0581,0.54529,0.71111
31.66,0.53183,0.97493,1.186,1.35122,1.03734,1,1.37164,1.34505,0.65979,0.57459,1.31023,0.65591,0.46558,1.29669,1.27095,0.83841,1.13714,1.04431,1.21963,1.15761,0.98714,0.52456,0.29143,0.99431,1.26364,1.35674,1.34796,0.97722,0.48211,1.18868,0.99939,0.97246,1.3047,1.16802,1.29098,1.05188,0.87074,0.3027,0.97972,1,0.01749,0.3883,1.31998,1.32555,0.6347,1.29645,1.30736,0.49289,0.65436,1.13772,0.86835,0.96664,0.75465,0.84545,1.02095,1.29572,1.33563,1.01672,0.69841,0.28398,0.62434,1.03591,1.33862,0.78315,1.00184,1.04964,0.54886,0.71015
31.68,0.53303,1.05262,1.16383,1.35115,1.11224,1,1.37152,1.34549,0.68465,0.59278,1.26946,0.66178,0.46921,1.29062,1.26096,0.86958,1.16701,1.03371,1.21541,1.1494,0.98521,0.48062,0.42101,0.99529,1.2444,1.34323,1.33143,0.96854,0.47188,1.18416,0.99943,0.98169,1.30108,1.1649,1.29067,0.96557,0.89477,0.30321,0.9263,1,0.01864,0.38523,1.31334,1.32163,0.75473,1.29467,1.30655,0.51709,0.68229,1.11688,0.82556,0.97519,0.76306,0.85692,1.02393,1.30621,1.31167,1.01394,0.74412,0.38719,0.70543,1.04824,1.34027,0.79126,1.00172,1.03422,0.56342,0.71735
31.7,0.54226,1.11797,1.1402,1.35008,1.21519,1,1.37085,1.34471,0.71696,0.61283,1.19945,0.66279,0.48432,1.28386,1.24795,0.89976,1.19017,1.02153,1.20652,1.1357,0.98442,0.44536,0.58984,0.99626,1.21972,1.32224,1.30602,0.96058,0.46516,1.18053,0.99951,0.99413,1.2946,1.15841,1.28822,0.90906,0.91668,0.3114,0.80175,1,0.02517,0.39069,1.30351,1.317,0.86939,1.29436,1.3031,0.5425,0.71506,1.09455,0.78682,0.98455,0.77994,0.87492,1.02514,1.31388,1.26853,1.01114,0.79254,0.50898,0.78614,1.05895,1.34133,0.79763,1.0015,1.01155,0.58807,0.73208
31.72,0.55894,1.16162,1.12072,1.348,1.2765,1,1.36944,1.34273,0.75409,0.63395,1.07727,0.66303,0.51063,1.27632,1.23078,0.92893,1.20742,1.00875,1.19341,1.11679,0.98458,0.41819,0.80164,0.99716,1.18887,1.28832,1.26581,0.95357,0.46136,1.17911,0.99959,1.01673,1.28505,1.14875,1.28366,0.85858,0.93242,0.32704,0.6648,1,0.0387,0.40417,1.2901,1.31173,0.96603,1.29428,1.2968,0.56911,0.75306,1.07061,0.75407,0.99389,0.80298,0.89765,1.0249,1.31938,1.1782,1.00851,0.84115,0.6448,0.86119,1.06797,1.34192,0.80008,1.00123,0.99126,0.62132,0.75328
31.74,0.58276,1.19316,1.11205,1.34475,1.30989,1,1.36696,1.33945,0.79308,0.65593,0.95383,0.66686,0.54862,1.26784,1.20758,0.95711,1.21963,0.99825,1.17651,1.09295,0.98545,0.39852,1.07859,0.99795,1.15141,1.23053,1.20012,0.94766,0.46012,1.18083,0.99968,1.04339,1.27199,1.13601,1.27679,0.81271,0.93885,0.35036,0.54624,1,0.06189,0.42564,1.27278,1.30579,1.05931,1.29309,1.28695,0.59702,0.7968,1.04493,0.7285,1.00476,0.82986,0.9233,1.02356,1.32316,0.96711,1.00617,0.88757,0.78585,0.92603,1.07528,1.34211,0.7971,1.00096,0.97591,0.6618,0.78
31.76,0.61374,1.21689,1.11731,1.34003,1.32894,1,1.36278,1.33455,0.83135,0.67927,0.90848,0.67786,0.59981,1.25823,1.17521,0.9843,1.22767,0.99311,1.15603,1.0643,0.98676,0.38568,1.22411,0.99861,1.10729,1.12508,1.08985,0.94287,0.46122,1.18583,0.99977,1.06713,1.25441,1.12005,1.26718,0.77108,0.93499,0.38218,0.45359,1,0.09914,0.45558,1.25132,1.29889,1.10538,1.28957,1.27208,0.62639,0.8467,1.01736,0.71044,1.01815,0.8588,0.95042,1.02154,1.32554,0.84475,1.00421,0.92999,0.9198,0.97772,1.08102,1.34194,0.7883,1.00071,0.96055,0.70874,0.81168
31.78,0.65202,1.23481,1.13331,1.33331,1.34036,1,1.35563,1.32752,0.86693,0.7052,0.89481,0.69868,0.66694,1.24726,1.12856,1.01928,1.23225,0.98924,1.13197,1.03084,0.98816,0.379,1.26469,0.99913,1.05713,0.96578,0.96253,0.93912,0.46465,1.19335,0.99984,1.08812,1.2304,1.10046,1.25411,0.7344,0.92246,0.42375,0.38504,1,0.15815,0.49481,1.22564,1.29039,1.11745,1.28246,1.24914,0.65727,0.90244,0.99424,0.69967,1.02773,0.88858,0.97792,1.01935,1.32675,0.77562,1.00265,0.96724,1.05656,1.02805,1.0854,1.34141,0.77451,1.00049,0.94537,0.76199,0.84804
31.8,0.69755,1.24782,1.15328,1.3237,1.34735,1,1.34244,1.31747,0.89851,0.73561,0.90131,0.73141,0.75385,1.23484,1.05945,1.05695,1.23388,0.98666,1.10409,0.99639,0.98927,0.37794,1.28017,0.99951,1.00254,0.89341,0.90877,0.93628,0.4705,1.20213,0.9999,1.10684,1.19635,1.07666,1.23654,0.70431,0.90497,0.47669,0.33683,1,0.25366,0.54428,1.1961,1.27909,1.11181,1.26997,1.21158,0.68925,0.9623,0.9813,0.69575,1.03389,0.91845,1.00951,1.0176,1.32694,0.74035,1.00148,0.99871,1.1408,1.06429,1.08866,1.34049,0.75758,1.00031,0.93037,0.82185,0.88887
31.82,0.75012,1.25637,1.17142,1.30958,1.35149,1,1.31332,1.30281,0.9255,0.77306,0.91901,0.77806,0.86581,1.22104,0.97994,1.08319,1.23286,0.9853,1.07193,0.97816,0.98969,0.38207,1.28481,0.99979,0.97676,0.8565,0.88265,0.93418,0.479,1.21088,0.99995,1.1238,1.1447,1.0478,1.21287,0.68265,0.88697,0.54304,0.30561,1,0.4189,0.60524,1.16342,1.26274,1.09555,1.2487,1.14276,0.72154,1.04066,0.97066,0.69822,1.03705,0.94798,1.05195,1.01693,1.32619,0.72846,1.00065,1.0426,1.17195,1.08042,1.09103,1.33913,0.73972,1.00016,0.91538,0.88917,0.93404
31.84,0.80959,1.2608,1.1848,1.2877,1.3536,1,1.20772,1.28026,0.94825,0.82089,0.93925,0.84122,1.0191,1.2061,0.93493,1.10084,1.22928,0.98507,1.03469,0.96237,0.98909,0.39115,1.28276,0.99997,0.95883,0.84221,0.87449,0.93267,0.49042,1.21876,0.99998,1.1395,1.05651,1.01248,1.18042,0.67078,0.87214,0.62581,0.28885,1,0.74991,0.67988,1.12815,1.23662,1.07524,1.21067,0.99258,0.75319,1.11015,0.96258,0.70669,1.03759,0.97696,1.0826,1.01788,1.32453,0.73379,1.0001,1.07054,1.18251,1.08528,1.09273,1.33724,0.72271,1.00006,0.90013,0.96581,0.98373
31.86,0.87617,1.26135,1.19261,1.2503,1.3541,1,0.74425,1.24178,0.968,0.88326,0.95258,0.92461,1.18432,1.19034,0.90044,1.11188,1.22308,0.98579,0.99578,0.94911,0.9873,0.40497,1.27516,1.00014,0.94596,0.84283,0.87808,0.93156,0.50499,1.22541,1.00001,1.15437,0.95218,0.9855,1.13422,0.66928,0.86279,0.7294,0.28476,1,1.27709,0.77198,1.0892,1.18898,1.06072,1.13214,0.88391,0.78334,1.14965,0.95707,0.72087,1.03592,1.01019,1.10492,1.02069,1.32193,0.75246,0.99989,1.08844,1.18207,1.08315,1.09395,1.33474,0.70763,0.99999,0.8843,1.08365,1.06314
31.88,0.94994,1.25806,1.19481,1.17454,1.35318,1,0.47857,1.16244,0.98686,0.96522,0.94903,1.05513,1.24803,1.1743,0.87557,1.11773,1.21407,0.98726,0.97483,0.93856,0.98431,0.42324,1.26177,1.00023,0.93691,0.85318,0.88908,0.93072,0.52275,1.23078,1.00005,1.16862,0.8772,0.96481,1.06455,0.67818,0.86005,0.8594,0.29221,1,1.34366,0.88732,1.04163,1.08,1.06468,0.96166,0.79457,0.81111,1.17305,0.954,0.74041,1.03247,1.05469,1.12084,1.02532,1.31838,0.78162,0.99982,1.1001,1.17447,1.07653,1.09488,1.33153,0.69494,0.99996,0.86767,1.1676,1.12641
31.9,1.05154,1.25073,1.19146,0.97968,1.35085,1,0.32228,0.96417,1.01429,1.1026,0.91997,1.17209,1.27998,1.15891,0.85941,1.1194,1.20199,0.98923,0.95667,0.93104,0.98026,0.44544,1.24134,1.00024,0.93072,0.86949,0.9043,0.93001,0.54346,1.23494,1.00008,1.18226,0.80782,0.94458,0.97847,0.6971,0.86421,1.03793,0.31052,1,1.36303,1.05686,0.98715,0.90993,1.09463,0.83642,0.72459,0.83536,1.18646,0.9531,0.76478,1.02777,1.08663,1.13131,1.03143,1.31386,0.81875,0.99982,1.10767,1.16167,1.06711,1.09567,1.32757,0.68477,0.99994,0.85022,1.21795,1.17
31.92,1.13888,1.2388,1.18224,0.83729,1.34698,1,0.22443,0.81658,1.05487,1.19174,0.86173,1.2305,1.29749,1.14548,0.85119,1.11763,1.18653,0.99144,0.94175,0.92702,0.97543,0.47087,1.21152,1.0002,0.92669,0.88894,0.92132,0.92935,0.56663,1.23797,1.0001,1.19512,0.74387,0.92514,0.92568,0.72551,0.87509,1.19389,0.33947,1,1.37185,1.1956,0.94656,0.78399,1.14384,0.73176,0.67381,0.85486,1.19281,0.95406,0.79329,1.02235,1.10931,1.13666,1.0385,1.3084,0.86132,0.99985,1.11242,1.1449,1.05621,1.09639,1.32282,0.67715,0.99993,0.83218,1.25132,1.20139
31.94,1.18789,1.22107,1.16616,0.73298,1.34119,1,0.16144,0.69915,1.09432,1.24228,0.77822,1.26445,1.30693,1.13528,0.8503,1.11293,1.16727,0.9937,0.93038,0.92691,0.97016,0.49884,1.16811,1.00012,0.92432,0.90937,0.93838,0.92873,0.59179,1.23991,1.00012,1.20695,0.6856,0.90687,0.88066,0.76297,0.89242,1.25157,0.37956,1,1.37661,1.25445,0.90005,0.67481,1.19678,0.64612,0.64131,0.86871,1.19349,0.95653,0.82516,1.01668,1.12479,1.1368,1.04598,1.302,0.90699,0.99991,1.11517,1.12527,1.04486,1.09706,1.31723,0.67221,0.99991,0.81403,1.27475,1.22456
31.96,1.2189,1.19534,1.14108,0.65617,1.33273,1,0.12081,0.60454,1.13132,1.27413,0.67989,1.28608,1.31114,1.1291,0.85621,1.10575,1.1437,0.99587,0.9227,0.93104,0.96481,0.52889,1.10329,1.00003,0.9232,0.9292,0.95425,0.92825,0.61864,1.24064,1.00014,1.21747,0.63365,0.89026,0.8423,0.80918,0.91592,1.28066,0.43208,1,1.37937,1.28668,0.84832,0.58158,1.2421,0.57674,0.62539,0.87676,1.18896,0.96017,0.85956,1.01106,1.13449,1.13132,1.05332,1.29462,0.95366,0.99997,1.11645,1.10383,1.03392,1.09758,1.31071,0.67031,0.99989,0.79649,1.29169,1.24182
31.98,1.2402,1.15779,1.10315,0.59964,1.32022,1,0.09557,0.52809,1.16396,1.29547,0.57934,1.30067,1.31148,1.12689,0.86849,1.09654,1.11548,0.99793,0.91867,0.9396,0.95981,0.56063,1.00187,0.99997,0.92306,0.94736,0.96815,0.9281,0.64689,1.23992,1.00017,1.22626,0.5892,0.87601,0.80938,0.86355,0.94513,1.29755,0.49894,1,1.38098,1.30669,0.79428,0.50335,1.27642,0.52103,0.62405,0.87956,1.17908,0.96462,0.89529,1.00561,1.13936,1.11934,1.05997,1.2862,0.99935,1.00009,1.11661,1.08177,1.024,1.09775,1.30312,0.67217,0.99987,0.78066,1.30397,1.25442
32,1.25567,1.10208,1.04552,0.55877,1.30107,1,0.08186,0.46714,1.1909,1.3102,0.48695,1.31077,1.3086,1.12787,0.88664,1.08595,1.08306,0.99988,0.91817,0.95265,0.95565,0.59353,0.94343,0.99993,0.92373,0.96319,0.97969,0.92857,0.67607,1.23731,1.0002,1.23286,0.55394,0.86508,0.78095,0.92457,0.97918,1.30799,0.58212,1,1.38182,1.3199,0.74213,0.43945,1.30088,0.47721,0.63509,0.87832,1.16308,0.96945,0.93045,1.00032,1.13995,1.09923,1.06533,1.27669,1.06769,1.00022,1.11585,1.06029,1.0155,1.09724,1.29439,0.67882,0.99984,0.76802,1.31255,1.26297
32.02,1.26734,1.01734,0.98011,0.53062,1.26993,1,0.07764,0.41998,1.21179,1.32041,0.40858,1.31772,1.30272,1.1307,0.91019,1.07488,1.04838,1.00351,0.9211,0.97023,0.95286,0.62694,0.89934,0.99989,0.92514,0.97639,0.98881,0.92995,0.70556,1.23224,1.00025,1.2368,0.52947,0.85848,0.7563,0.98951,1.0307,1.31448,0.68347,1,1.38208,1.32882,0.69583,0.38921,1.31784,0.44406,0.65631,0.8747,1.13941,0.9742,0.96256,0.99757,1.13644,1.06795,1.06886,1.26612,1.10917,1.00033,1.11423,1.04051,1.00864,1.09573,1.28445,0.69141,0.99981,0.76013,1.31798,1.26772
32.04,1.27637,0.95629,0.93693,0.51324,1.21325,1,0.08206,0.38515,1.22714,1.32738,0.34585,1.32231,1.29371,1.13385,0.93873,1.06451,1.01503,1.00716,0.92735,0.99249,0.95178,0.66028,0.86714,0.99986,0.92725,0.98693,0.99563,0.93249,0.73484,1.22399,1.00031,1.23773,0.5167,0.85695,0.73497,1.08345,1.08568,1.31823,0.80502,1,1.38181,1.33479,0.65792,0.35161,1.32951,0.4207,0.68574,0.8706,1.10518,0.97839,0.98916,0.99501,1.12869,1.01933,1.07022,1.25452,1.13488,1.00041,1.11177,1.02331,1.0034,1.09292,1.27326,0.71092,0.99976,0.75823,1.32066,1.26879
32.06,1.28341,0.9138,0.89756,0.50532,1.08308,1,0.09511,0.36127,1.23772,1.33191,0.2982,1.32498,1.28108,1.13572,0.97188,1.05622,0.99406,1.01079,0.93676,1.03544,0.95254,0.69326,0.84538,0.99984,0.93,0.99504,1.00086,0.93624,0.76369,1.2118,1.00038,1.23536,0.51579,0.86066,0.71672,1.13985,1.12543,1.31988,0.94955,1,1.38101,1.33862,0.62955,0.32554,1.33743,0.40648,0.72172,0.86813,1.05506,0.98158,1.01603,0.99243,1.11628,0.97437,1.06927,1.24182,1.15047,1.00048,1.10852,1.00912,0.99983,1.08871,1.26068,0.73778,0.99971,0.76305,1.32085,1.26619
32.08,1.2888,0.8813,0.86248,0.50605,0.89826,1,0.11744,0.34742,1.2442,1.33446,0.26471,1.32596,1.26401,1.13461,1.01701,1.05157,0.98656,1.01441,0.9491,1.08035,0.95501,0.72569,0.83284,0.99983,0.93331,1.0021,1.00701,0.94106,0.79204,1.19501,1.00046,1.22939,0.52627,0.86922,0.70169,1.17274,1.1548,1.31972,1.14206,1,1.37959,1.34075,0.6112,0.31029,1.34259,0.40116,0.76257,0.86959,0.9902,0.98331,1.03472,0.98981,1.0985,0.93569,1.06615,1.22798,1.15888,1.00051,1.10454,0.99901,0.99861,1.08315,1.24646,0.77138,0.99965,0.77474,1.31866,1.25983
32.1,1.29261,0.8585,0.83208,0.51515,0.78474,1,0.15033,0.34325,1.24691,1.33519,0.24513,1.32524,1.24153,1.12847,1.07601,1.05208,0.98501,1.01795,0.96394,1.11861,0.95885,0.75725,0.82867,0.99983,0.93702,1.01041,1.01053,0.94658,0.81976,1.17344,1.00055,1.21947,0.54724,0.88169,0.69042,1.19204,1.17666,1.31782,1.22483,1,1.37738,1.34138,0.60328,0.30586,1.34545,0.40507,0.80618,0.87756,0.94983,0.98312,1.03837,0.98722,1.07448,0.89556,1.06121,1.21299,1.16159,1.00053,1.09996,0.99501,0.99789,1.07658,1.23035,0.80965,0.99958,0.79299,1.31407,1.24961
32.12,1.29482,0.8453,0.80676,0.53282,0.70136,1,0.19593,0.34911,1.24584,1.33401,0.24008,1.3226,1.21266,1.11446,1.11776,1.05879,0.98901,1.02124,0.98072,1.15027,0.96358,0.78744,0.83239,0.99983,0.94096,1.01594,1.0122,0.95234,0.8467,1.14795,1.00063,1.20497,0.57752,0.89674,0.68366,1.20207,1.19279,1.31399,1.26321,1,1.37408,1.3405,0.60642,0.31304,1.34618,0.41914,0.85009,0.89479,0.91331,0.98061,1.02879,0.98477,1.0431,0.85574,1.05497,1.197,1.15917,1.00052,1.09496,0.99226,0.99754,1.06951,1.21206,0.84903,0.99951,0.81718,1.30692,1.23545
32.14,1.29532,0.84154,0.78684,0.55983,0.63964,1,0.25805,0.36594,1.24063,1.33056,0.25104,1.31754,1.17647,1.08811,1.14745,1.07171,0.99814,1.02402,0.99886,1.17556,0.96878,0.81585,0.84379,0.99984,0.94503,1.01956,1.01263,0.9579,0.87288,1.12087,1.00071,1.18479,0.61602,0.91309,0.68207,1.20479,1.20437,1.30774,1.2847,1,1.36903,1.33789,0.62142,0.33346,1.3446,0.44493,0.89204,0.92408,0.88176,0.97551,1.00515,0.98268,1.00279,0.81837,1.04789,1.18021,1.15156,1.0005,1.08967,0.99043,0.99746,1.06244,1.19116,0.88521,0.99946,0.8468,1.29678,1.21723
32.16,1.29404,0.84693,0.77252,0.59747,0.59332,1,0.34346,0.39534,1.23047,1.3241,0.28083,1.30913,1.13182,1.04112,1.16853,1.08962,1.02231,1.02595,1.03226,1.19468,0.97419,0.8422,0.86284,0.99985,0.94917,1.02188,1.01228,0.963,0.89857,1.09627,1.00077,1.1568,0.662,0.92972,0.68607,1.20087,1.21214,1.29814,1.29811,1,1.36084,1.3331,0.64921,0.36965,1.34015,0.48465,0.93066,0.96813,0.8557,0.96781,0.98366,0.98121,0.97868,0.78602,1.04029,1.16288,1.13806,1.00047,1.08413,0.98923,0.99753,1.05575,1.16679,0.914,0.99941,0.88157,1.28284,1.19471
32.18,1.29082,0.86094,0.76413,0.64745,0.5576,1,0.4638,0.43953,1.21399,1.31318,0.33426,1.29568,1.0766,0.98019,1.1832,1.11044,1.05073,1.02659,1.06066,1.20751,0.97967,0.86621,0.88957,0.99986,0.9534,1.02333,1.01148,0.9675,0.92416,1.07941,1.0008,1.11729,0.71473,0.94587,0.69578,1.19009,1.2165,1.28348,1.3072,1,1.34587,1.32525,0.69063,0.42531,1.3315,0.54104,0.96566,1.05012,0.83539,0.95781,0.96053,0.98072,0.95727,0.76193,1.03231,1.14534,1.11734,1.00042,1.07829,0.98848,0.99769,1.04966,1.13751,0.93182,0.99938,0.92131,1.26371,1.16761
32.2,1.28548,0.88276,0.76223,0.71171,0.52891,1,0.63915,0.50147,1.18896,1.29493,0.41947,1.27397,1.00607,0.93275,1.19272,1.13189,1.07829,1.02536,1.08327,1.21346,0.98518,0.88743,0.92381,0.99988,0.95777,1.02414,1.01048,0.97141,0.94996,1.07514,1.0008,1.05966,0.77299,0.96094,0.71106,1.17141,1.21747,1.26048,1.31384,1,1.31159,1.31272,0.74614,0.50553,1.31566,0.61729,0.99771,1.13413,0.8211,0.94608,0.93518,0.98166,0.93809,0.75005,1.02398,1.12823,1.08716,1.00036,1.07208,0.98806,0.9979,1.04424,1.10121,0.93613,0.99939,0.96558,1.23731,1.13587
32.22,1.27769,0.91127,0.76757,0.79265,0.50469,1,0.90731,0.58529,1.1516,1.26271,0.55088,1.23697,0.96395,0.88432,1.19773,1.15222,1.10303,1.02163,1.10054,1.21131,0.99076,0.90527,0.96529,0.9999,0.96233,1.0244,1.0094,0.97477,0.97622,1.0851,1.00076,0.98675,0.83489,0.97444,0.73167,1.14269,1.21473,1.22193,1.31903,1,1.16604,1.29214,0.81581,0.61781,1.28456,0.71721,1.04845,1.18974,0.8132,0.93333,0.90946,0.98448,0.92195,0.7544,1.01523,1.11251,1.04377,1.0003,1.06537,0.98792,0.99812,1.03945,1.0545,0.92596,0.99942,1.02527,1.20047,1.09996
32.24,1.26683,0.94516,0.78095,0.89397,0.48336,1,1.2328,0.69768,1.09453,1.19677,0.75679,1.16533,0.92866,0.83743,1.19842,1.17057,1.12422,1.0148,1.11315,1.19897,0.99648,0.91936,1.02536,0.99993,0.96719,1.02418,1.00834,0.97772,1.00656,1.10651,1.00067,0.94167,0.89814,0.98607,0.75745,1.10006,1.20762,1.14759,1.32333,1,0.69422,1.25503,0.89978,0.77472,1.20795,0.84611,1.08759,1.22751,0.81208,0.92016,0.88478,0.98953,0.90923,0.77819,1.00592,1.09911,0.99073,1.00022,1.05799,0.98804,0.99834,1.03518,0.99567,0.90244,0.99949,1.09405,1.14811,1.06102
32.26,1.25181,0.98286,0.80301,1.03853,0.46426,1,1.30399,0.84989,1.00151,1.00172,1.12609,0.99056,0.89534,0.79366,1.19464,1.18677,1.14192,1.00442,1.12205,1.17262,1.00477,0.92975,1.09832,0.99996,0.97245,1.02352,1.00736,0.98039,1.05401,1.13368,1.00052,0.90137,0.9603,0.9957,0.78847,1.0368,1.19505,0.9787,1.32698,1,0.46186,1.17288,0.99868,0.99879,0.93619,1.02219,1.1188,1.25397,0.8181,0.90693,0.86198,0.99694,0.89972,0.82301,0.99795,1.08862,0.95652,1.00014,1.04966,0.98839,0.99854,1.03123,0.96053,0.86874,0.9996,1.13971,1.07164,1.0209
32.28,1.23077,1.03911,0.83409,1.17901,0.44767,1,1.33103,1.08928,0.94306,0.83408,1.28091,0.86067,0.86337,0.75409,1.1858,1.2009,1.15643,0.99528,1.12834,1.12548,1.0164,0.93692,1.14795,0.99998,0.97824,1.02247,1.00648,0.98292,1.09228,1.16096,1.00032,0.86652,1.03359,1.00654,0.82475,0.97519,1.1753,0.85359,1.33001,1,0.32487,0.95021,1.13696,1.22806,0.72691,1.19597,1.14461,1.27294,0.83158,0.89391,0.84155,1.0126,0.89273,0.88748,0.99276,1.08105,0.92369,1.00005,1.04012,0.98893,0.99871,1.02742,0.92618,0.82964,0.99976,1.1711,0.98073,0.99155
32.3,1.20061,1.08837,0.87399,1.24125,0.43464,1,1.34491,1.23375,0.89257,0.71001,1.32151,0.76074,0.83321,0.71969,1.1707,1.21311,1.16808,0.98732,1.13315,1.04737,1.02762,0.94167,1.18238,1.00003,0.98459,1.02111,1.00572,0.98545,1.12407,1.18454,1.00008,0.83807,1.09938,1.01711,0.86608,0.93696,1.1457,0.74943,1.33229,1,0.23697,0.7873,1.20227,1.2887,0.58792,1.25714,1.16596,1.28664,0.85283,0.88134,0.82389,1.03232,0.88722,0.96484,0.9875,1.07587,0.89364,0.99998,1.02914,0.98963,0.99887,1.02356,0.89229,0.79059,0.99994,1.19263,0.93304,0.97753
32.32,1.15563,1.11887,0.922,1.27569,0.4265,1,1.35302,1.28464,0.84977,0.61804,1.33905,0.68544,0.80581,0.69124,1.14706,1.22353,1.17713,0.97897,1.13746,0.97055,1.03823,0.94505,1.20629,1.00009,0.99152,1.01951,1.00508,0.98809,1.15088,1.2027,0.99991,0.817,1.13433,1.02374,0.91199,0.90814,1.10174,0.66338,1.33369,1,0.17831,0.66686,1.23885,1.31574,0.49615,1.28705,1.18325,1.29644,0.8822,0.86947,0.8093,1.05118,0.88214,1.06732,0.98225,1.07211,0.86771,0.99993,1.01649,0.99045,0.99899,1.01946,0.85888,0.75644,1.00027,1.20667,0.90023,0.9685
32.34,1.08344,1.13593,0.97723,1.29717,0.42427,1,1.35806,1.30982,0.81479,0.55043,1.34793,0.63012,0.78193,0.66909,1.11057,1.23228,1.18387,0.97081,1.14187,0.93316,1.04812,0.9483,1.22261,1.00015,0.99904,1.01766,1.00454,0.99095,1.17372,1.2152,0.99978,0.80394,1.15203,1.02702,0.9621,0.88982,1.03483,0.59253,1.33406,1,0.13874,0.57754,1.26125,1.3304,0.43755,1.30385,1.19693,1.30328,0.92018,0.85858,0.7979,1.06804,0.87682,1.12843,0.97712,1.06844,0.84682,0.99989,1.00192,0.99139,0.9991,1.01493,0.82605,0.7305,1.00068,1.21468,0.88092,0.96395
32.36,0.97851,1.14285,1.06333,1.31165,0.42839,1,1.36123,1.32434,0.78748,0.50138,1.35254,0.59057,0.76189,0.65317,1.05249,1.23945,1.18862,0.96333,1.14642,0.9156,1.05723,0.95286,1.23331,1.0002,1.01377,1.0155,1.00404,0.9942,1.19325,1.2224,0.99965,0.79904,1.15813,1.02745,1.02991,0.88186,0.96972,0.53407,1.33336,1,0.11239,0.51126,1.27552,1.33916,0.40282,1.31393,1.20753,1.30782,0.96726,0.84893,0.78959,1.08228,0.87119,1.15087,0.97218,1.06317,0.83138,0.99984,0.99285,0.99248,0.9992,1.00968,0.79406,0.71455,1.00107,1.21756,0.87376,0.96336
32.38,0.91081,1.14182,1.13082,1.3219,0.43863,1,1.36316,1.33336,0.76776,0.46674,1.35471,0.56318,0.74573,0.64321,0.97958,1.24503,1.19166,0.95697,1.15057,0.91448,1.06548,0.96033,1.2396,1.00025,1.02907,1.01288,1.00352,0.99797,1.20985,1.22463,0.99953,0.80201,1.15503,1.02543,1.10449,0.88307,0.9245,0.48585,1.3316,1,0.09579,0.46256,1.28446,1.3446,0.38537,1.32017,1.21556,1.31052,1.04132,0.84094,0.78413,1.09358,0.86592,1.15219,0.9675,1.05425,0.82156,0.99981,0.98439,0.99379,0.99931,1.00342,0.76345,0.70945,1.00143,1.21582,0.87744,0.96616
32.4,0.85127,1.1345,1.17326,1.32934,0.45411,1,1.36417,1.33906,0.75582,0.4438,1.35533,0.54503,0.73347,0.63891,0.92985,1.24888,1.19325,0.95217,1.15336,0.92348,1.07274,0.9725,1.24213,1.0003,1.04365,1.00959,1.00287,1.00474,1.22368,1.22186,0.99943,0.8123,1.14343,1.02138,1.15297,0.89142,0.88501,0.4465,1.32885,1,0.08694,0.42813,1.28941,1.34791,0.3802,1.324,1.22136,1.31166,1.11659,0.83514,0.78124,1.10166,0.86232,1.14119,0.96321,1.03891,0.81745,0.99977,0.97575,0.99541,0.99943,0.99796,0.73511,0.71577,1.00172,1.20961,0.89056,0.97174
32.42,0.79952,1.1225,1.20078,1.33475,0.47348,1,1.36441,1.34246,0.75206,0.43095,1.35495,0.53395,0.72529,0.64005,0.88411,1.25081,1.19357,0.94933,1.15365,0.93451,1.07887,0.99145,1.24109,1.00033,1.05721,1.00532,1.00199,1.0145,1.23492,1.21353,0.99937,0.82913,1.12303,1.01574,1.18642,0.90438,0.8524,0.41521,1.32524,1,0.08489,0.40602,1.2909,1.34968,0.38336,1.32624,1.2251,1.31136,1.16541,0.83215,0.78065,1.10626,0.86194,1.12656,0.95947,1.01279,0.81914,0.99975,0.96719,0.99747,0.99961,0.99363,0.70986,0.73409,1.00192,1.19876,0.91155,0.97938
32.44,0.75499,1.10732,1.21854,1.33861,0.49526,1,1.36388,1.34407,0.75672,0.42734,1.35389,0.52864,0.72158,0.6464,0.84381,1.25061,1.19278,0.94869,1.15042,0.94019,1.08369,1.03532,1.2363,1.00035,1.06955,0.9998,1.00069,1.02502,1.24397,1.19821,0.99934,0.85162,1.09303,1.00913,1.21046,0.91961,0.82734,0.39131,1.32097,1,0.08952,0.39506,1.28905,1.35016,0.39204,1.32729,1.22676,1.30967,1.19828,0.83245,0.78209,1.10728,0.86612,1.11848,0.95644,0.9853,0.82678,0.99973,0.95888,1.00038,0.99986,0.98874,0.68791,0.76526,1.00201,1.18278,0.93836,0.98817
32.46,0.71687,1.09029,1.22943,1.34125,0.51804,1,1.3625,1.34415,0.76964,0.43277,1.3523,0.52872,0.72309,0.65771,0.80942,1.24812,1.191,0.95028,1.14285,0.93625,1.08709,1.08938,1.22715,1.00037,1.08063,0.99596,0.9994,1.036,1.2514,1.17309,0.99935,0.87862,1.05322,1.00239,1.22831,0.93527,0.81005,0.37419,1.31621,1,0.10153,0.39454,1.28365,1.34943,0.40474,1.32727,1.22609,1.30656,1.22106,0.8363,0.78533,1.10474,0.87562,1.12413,0.95425,0.95724,0.84046,0.99972,0.95098,1.00747,1.00047,0.98338,0.66869,0.81024,1.00198,1.1609,0.96805,0.99694
32.48,0.68451,1.07256,1.23497,1.34284,0.54053,1,1.36001,1.34274,0.79007,0.44756,1.35013,0.53477,0.73097,0.67353,0.78095,1.24316,1.18832,0.95384,1.1303,0.92268,1.08892,1.13962,1.2125,1.00037,1.09045,0.99088,0.99805,1.04694,1.25785,1.13294,0.99939,0.90842,1.00695,0.99839,1.24182,0.95022,0.80059,0.36349,1.31122,1,0.12263,0.40414,1.27427,1.34739,0.42135,1.32608,1.22252,1.30196,1.23715,0.84367,0.79011,1.09889,0.89049,1.14221,0.95306,0.92247,0.86011,0.99972,0.94359,1.01651,1.00152,0.97775,0.65105,0.86973,1.00184,1.13255,0.99624,1.00807
32.5,0.65763,1.05493,1.23581,1.34347,0.56122,1,1.35591,1.33971,0.81644,0.47269,1.34715,0.54835,0.74687,0.69313,0.75839,1.23558,1.18487,0.95889,1.11235,0.90316,1.089,1.18324,1.19046,1.00035,1.09893,0.98429,0.9962,1.05721,1.2639,1.06776,0.99946,0.93835,0.98468,0.99697,1.25208,0.96386,0.79911,0.3592,1.30632,1,0.15593,0.42397,1.26031,1.34371,0.4431,1.32332,1.21501,1.29583,1.24845,0.85423,0.79618,1.09025,0.91006,1.16496,0.953,0.88174,0.88542,0.99973,0.93689,1.02775,1.00296,0.97219,0.63358,0.94336,1.00163,1.09828,1.03053,1.01494
32.52,0.63618,1.03761,1.23194,1.34312,0.57829,1,1.34914,1.33471,0.84665,0.50992,1.34281,0.57187,0.77289,0.71558,0.74171,1.22516,1.18072,0.96483,1.08876,0.88301,1.08711,1.21939,1.15769,1.00033,1.10597,0.97592,0.99372,1.06618,1.27002,0.98033,0.99955,0.96507,0.97945,0.99771,1.25969,0.97621,0.80582,0.36164,1.30206,1,0.20713,0.45468,1.24108,1.33773,0.47253,1.31825,1.20181,1.28813,1.25611,0.86752,0.80329,1.07952,0.93311,1.18516,0.95424,0.83641,0.91591,0.99975,0.9311,1.04126,1.00487,0.96709,0.61498,1.05059,1.00138,1.06125,1.04006,1.01139
32.54,0.62017,1.01975,1.22272,1.34166,0.58929,1,1.33729,1.32696,0.8786,0.5622,1.33612,0.60849,0.81142,0.73998,0.73086,1.21152,1.17587,0.9711,1.05923,0.86672,1.08305,1.24852,1.10761,1.0003,1.11148,0.96554,0.99054,1.0735,1.27642,0.92475,0.99964,0.98526,0.992,1.00257,1.26508,0.98799,0.82089,0.37143,1.29919,1,0.28699,0.49779,1.21561,1.32809,0.51344,1.30953,1.17986,1.27883,1.2608,0.88306,0.81139,1.06748,0.95842,1.19952,0.95685,0.78816,0.9511,0.99977,0.92641,1.0569,1.00732,0.96275,0.59442,1.14656,1.00111,1.02794,1.01646,0.9967
32.56,0.60952,0.99948,1.20682,1.33891,0.59118,1,1.31357,1.31488,0.9108,0.63406,1.32512,0.66216,0.86485,0.76562,0.7257,1.19398,1.17017,0.97729,1.02322,0.85684,1.0767,1.2716,1.02566,1.00026,1.11536,0.95304,0.98658,1.07906,1.28305,0.87576,0.99972,0.99653,1.04532,1.01572,1.26854,1.00122,0.84428,0.38943,1.29868,1,0.41768,0.55595,1.18224,1.31171,0.57114,1.29455,1.14349,1.2678,1.26295,0.90047,0.82059,1.05477,0.98495,1.20749,0.96081,0.7389,0.99061,0.9998,0.92301,1.07432,1.01033,0.95935,0.57184,1.19934,1.00085,1.00689,0.9733,0.9794
32.58,0.60423,0.98644,1.18201,1.3345,0.58061,1,1.2495,1.29513,0.94245,0.73195,1.3052,0.73758,0.93513,0.79188,0.72608,1.17159,1.16335,0.98316,0.99055,0.85414,1.06814,1.28956,0.95382,1.00021,1.11752,0.93848,0.98183,1.08296,1.28963,0.83268,0.9998,0.99772,1.11446,1.03395,1.27022,1.0296,0.87535,0.41668,1.30146,1,0.65119,0.63292,1.13796,1.28054,0.65319,1.26742,1.08093,1.25491,1.26279,0.91938,0.83121,1.04194,1.02219,1.20959,0.96594,0.69086,1.05663,0.99984,0.92109,1.09288,1.01391,0.9569,0.548,1.23245,1.00061,1.00455,0.91966,0.95421
32.6,0.60449,0.96956,1.14493,1.32791,0.55484,1,0.91567,1.25963,0.97333,0.86457,1.26207,0.84027,1.04029,0.81802,0.73191,1.14317,1.15501,0.98854,0.97057,0.85811,1.05768,1.30324,0.8994,1.00016,1.11779,0.92221,0.97639,1.08542,1.29577,0.79454,0.99987,0.98902,1.17377,1.05552,1.27013,1.06151,0.91256,0.4544,1.30786,1,1.1563,0.73361,1.07696,1.20536,0.77089,1.21134,0.98354,1.24009,1.26035,0.93922,0.84363,1.02943,1.06267,1.2065,0.97192,0.64649,1.10912,0.99987,0.92086,1.11168,1.01796,0.95533,0.52434,1.25514,1.00041,1.02113,0.85411,0.92238
32.62,0.61068,0.94743,1.09055,1.31816,0.5134,1,0.6269,1.18236,1.00715,1.07059,1.11607,0.97715,1.14636,0.84316,0.74318,1.10747,1.14464,0.99333,0.95292,0.86762,1.04588,1.31341,0.85177,1.00012,1.11599,0.90502,0.97048,1.08666,1.30114,0.7605,0.99992,0.97178,1.21888,1.07842,1.26817,1.09679,0.95349,0.50418,1.31721,1,1.31473,0.86451,0.99365,0.94259,0.94302,1.05021,0.91934,1.2235,1.25545,0.95931,0.85826,1.01759,1.0926,1.19877,0.97831,0.60781,1.14603,0.99991,0.92246,1.12964,1.02229,0.95453,0.50244,1.27167,1.00024,1.05074,0.78401,0.88597
32.64,0.62337,0.91966,1.01113,1.30343,0.45929,1,0.45111,0.9626,1.05682,1.21758,0.79373,1.16561,1.20242,0.86649,0.76,1.06321,1.13168,0.99752,0.9379,0.88165,1.03339,1.32082,0.81137,1.00009,1.11216,0.88819,0.96454,1.08691,1.30556,0.73012,0.99996,0.94816,1.25156,1.10077,1.26402,1.1331,0.9953,0.56851,1.3279,1,1.34769,1.05903,0.94444,0.73294,1.18816,0.84572,0.8632,1.20554,1.24768,0.9789,0.87544,1.0067,1.11471,1.18642,0.98467,0.57587,1.1724,0.99993,0.92582,1.14559,1.0266,0.95437,0.4835,1.28418,1.00011,1.0855,0.71566,0.84749
32.66,0.64332,0.88721,0.95962,1.27976,0.39845,1,0.3369,0.7938,1.09452,1.27315,0.5918,1.242,1.23534,0.88734,0.78252,1.00947,1.11552,1.00222,0.92569,0.89974,1.02089,1.32611,0.77796,1.00007,1.10664,0.87365,0.95925,1.08639,1.30901,0.70355,0.99999,0.92082,1.27472,1.12108,1.25721,1.16727,1.05854,0.65116,1.33827,1,1.36153,1.2093,0.89979,0.58485,1.27267,0.70536,0.81659,1.18686,1.23632,0.99724,0.89524,0.99847,1.13079,1.1686,0.99069,0.55078,1.1915,0.99995,0.93054,1.15823,1.03038,0.95471,0.46809,1.29374,1.00002,1.11914,0.65376,0.80969
32.68,0.67129,0.85243,0.9235,1.23755,0.33781,1,0.25998,0.6667,1.12447,1.30162,0.44958,1.27981,1.25548,0.90505,0.81072,0.97712,1.09578,1.0081,0.91646,0.92206,1.00907,1.32977,0.75108,1.00006,1.10029,0.86409,0.95559,1.08525,1.31153,0.68162,1.00003,0.8929,1.29071,1.13813,1.24697,1.19675,1.10018,0.75717,1.34721,1,1.36887,1.26665,0.85858,0.47782,1.30934,0.59831,0.78031,1.16856,1.22027,1.02494,0.91731,0.99434,1.14196,1.14298,0.99606,0.53216,1.20537,0.99995,0.9358,1.16603,1.03297,0.95544,0.45645,1.30081,0.99998,1.14794,0.60202,0.77565
32.7,0.70806,0.81858,0.89772,1.14645,0.28328,1,0.2081,0.57027,1.14876,1.31824,0.34923,1.30144,1.26739,0.91887,0.84422,0.95622,1.07261,1.01276,0.91053,0.94931,0.99938,1.33213,0.73035,1.00008,1.09457,0.86286,0.95481,1.08365,1.31319,0.66586,1.00005,0.86772,1.30104,1.15087,1.23212,1.22022,1.12529,0.89221,1.35428,1,1.37314,1.29619,0.82057,0.40032,1.32892,0.51788,0.75509,1.15238,1.19798,1.04579,0.94067,0.99101,1.14875,1.10462,1.00106,0.51953,1.21527,0.99994,0.94038,1.167,1.03352,0.95646,0.44862,1.30551,0.99996,1.17012,0.56358,0.7487
32.72,0.75442,0.78887,0.88245,0.944,0.23833,1,0.17465,0.49753,1.16845,1.32848,0.27967,1.31458,1.27316,0.92811,0.88236,0.94306,1.04686,1.01629,0.90825,0.98255,0.99551,1.33342,0.71557,1.00011,1.09123,0.8735,0.95816,1.08175,1.31403,0.658,1.00006,0.84827,1.3066,1.15851,1.21074,1.23762,1.13869,1.09153,1.35952,1,1.37566,1.31358,0.78612,0.34541,1.34032,0.45938,0.74165,1.14048,1.16701,1.05808,0.96385,0.98844,1.15128,1.04249,1.00753,0.51242,1.22195,0.99991,0.94298,1.15835,1.03116,0.95766,0.44462,1.30774,0.99995,1.18527,0.54093,0.73186
32.74,0.81153,0.76541,0.87752,0.80887,0.20387,1,0.1557,0.44341,1.1842,1.33477,0.23326,1.32262,1.2737,0.93241,0.92448,0.9382,1.02003,1.01879,0.90988,1.04079,0.9932,1.33378,0.70656,1.00017,1.09151,0.89885,0.96644,1.07971,1.31409,0.65945,1.00006,0.83652,1.30785,1.16055,1.17925,1.24966,1.14281,1.21243,1.36323,1,1.37701,1.32452,0.75583,0.30841,1.34714,0.41906,0.74035,1.13461,1.12313,1.06247,0.9854,0.98659,1.14947,0.97016,1.0113,0.51037,1.22587,0.99987,0.94277,1.13566,1.02523,0.95894,0.44436,1.30733,0.99995,1.19371,0.53563,0.72726
32.76,0.88087,0.74903,0.88225,0.70824,0.17923,1,0.1488,0.40412,1.19642,1.33836,0.20461,1.3273,1.2692,0.93201,0.97011,0.94165,0.997,1.02042,0.91549,1.10208,0.99254,1.33333,0.70311,1.00025,1.09542,0.94028,0.9797,1.07773,1.3134,0.67088,1.00005,0.8332,1.30477,1.15668,1.13044,1.25732,1.13887,1.26187,1.36574,1,1.37749,1.3316,0.73045,0.28603,1.35108,0.39379,0.75097,1.13517,1.05809,1.05936,1.00826,0.98538,1.14309,0.91384,1.01238,0.51289,1.22735,0.99981,0.9397,1.09068,1.0155,0.96017,0.44765,1.30405,0.99996,1.196,0.54854,0.73593
32.78,0.9638,0.73957,0.89535,0.63374,0.16318,1,0.15244,0.37704,1.20519,1.3399,0.19018,1.32953,1.25932,0.92778,1.03373,0.95281,0.98633,1.02135,0.92488,1.14922,0.99348,1.33215,0.70506,1.00036,1.10164,0.9967,0.99693,1.07608,1.31202,0.69222,1.00004,0.83798,1.29677,1.14659,1.04839,1.26149,1.12744,1.28774,1.36731,1,1.37724,1.33612,0.71109,0.27616,1.35298,0.38121,0.77251,1.14092,0.97984,1.04903,1.03527,0.98469,1.1318,0.85717,1.01085,0.51938,1.22651,0.99972,0.93469,1.00612,1.0024,0.96119,0.45417,1.29748,0.99997,1.19269,0.58003,0.75791
32.8,1.0898,0.73633,0.91485,0.58041,0.15463,1,0.16585,0.36071,1.21032,1.33965,0.18802,1.32979,1.24337,0.92109,1.09894,0.97048,0.97857,1.0218,0.93758,1.18514,0.99594,1.33034,0.71228,1.00049,1.10796,1.09264,1.02927,1.07505,1.31002,0.72247,1.00002,0.84967,1.28245,1.12995,0.9585,1.26288,1.10898,1.30263,1.36813,1,1.37629,1.33871,0.69929,0.2778,1.35326,0.3797,0.80297,1.14962,0.93075,1.03174,1.05291,0.98435,1.11515,0.80265,1.00682,0.52914,1.2234,0.99963,0.92942,0.94577,0.99385,0.96181,0.46346,1.28705,0.99998,1.18424,0.62983,0.79226
32.82,1.1717,0.73831,0.93829,0.54529,0.15271,1,0.1889,0.35449,1.2114,1.33759,0.19747,1.32826,1.22033,0.91349,1.14189,0.99301,0.97356,1.02198,0.95288,1.21216,0.99976,1.32798,0.72462,1.00064,1.1121,1.14904,1.05685,1.07496,1.30749,0.75989,1,0.8665,1.25909,1.10642,0.89728,1.26204,1.08414,1.31116,1.36831,1,1.37461,1.33967,0.69677,0.29091,1.35203,0.38841,0.83951,1.1589,0.88809,1.00787,1.06352,0.98422,1.09267,0.75268,1.00041,0.5414,1.2179,0.99951,0.92587,0.89721,0.98717,0.96187,0.47496,1.27194,1,1.17112,0.69699,0.83726
32.84,1.21686,0.74452,0.96333,0.52642,0.1569,1,0.22238,0.3582,1.20791,1.33345,0.2191,1.32485,1.18877,0.90641,1.17126,1.0335,0.97099,1.02206,0.97003,1.23228,1.0093,1.32514,0.74182,1.00081,1.1123,1.18034,1.07552,1.07601,1.30447,0.8025,0.99999,0.88668,1.22093,1.07545,0.84514,1.25933,1.05375,1.3154,1.36791,1,1.37201,1.3391,0.70487,0.31638,1.34911,0.4072,0.87909,1.16704,0.85208,0.98964,1.06875,0.98416,1.06365,0.70897,0.99596,0.55552,1.20988,0.99938,0.9257,0.86196,0.98204,0.96123,0.48826,1.25081,1.00002,1.15372,0.78024,0.89086
32.86,1.24454,0.75406,0.98823,0.52231,0.16694,1,0.26829,0.37191,1.19927,1.32659,0.25479,1.3192,1.14653,0.90096,1.19164,1.07176,0.9704,1.02216,0.98824,1.24701,1.02032,1.32188,0.76324,1.00099,1.10745,1.19594,1.0859,1.07817,1.30097,0.84836,0.99998,0.90864,1.15428,1.03621,0.80183,1.25503,1.01865,1.31629,1.36695,1,1.36813,1.33694,0.72427,0.35603,1.34405,0.43666,0.9192,1.17301,0.82276,0.97549,1.06994,0.98408,1.0273,0.67255,0.99095,0.57103,1.19925,0.99924,0.92985,0.84134,0.97894,0.9599,0.50315,1.22148,1.00005,1.13232,0.87832,0.95097
32.88,1.26252,0.76606,1.02229,0.53189,0.18272,1,0.33009,0.39576,1.18479,1.31584,0.30787,1.31061,1.09037,0.89792,1.20553,1.10078,0.97116,1.02236,1.01263,1.25738,1.03184,1.3182,0.7876,1.00118,1.09692,1.20075,1.08916,1.08121,1.29696,0.89549,0.99997,0.93101,1.01935,0.99419,0.76686,1.24934,0.99035,1.31419,1.36539,1,1.36223,1.33302,0.75464,0.41235,1.33588,0.47794,0.95794,1.17622,0.8003,0.96261,1.06841,0.98393,0.992,0.64429,0.98544,0.58756,1.18621,0.9991,0.93851,0.83448,0.97793,0.95801,0.51959,1.1805,1.00008,1.10731,0.98925,1.02776
32.9,1.27437,0.77958,1.05668,0.55439,0.20413,1,0.41302,0.42978,1.16393,1.29917,0.38332,1.29782,1.01556,0.89791,1.21416,1.12145,0.97254,1.02267,1.04176,1.26387,1.0431,1.31416,0.81265,1.00137,1.08043,1.19745,1.08665,1.08471,1.29237,0.94147,0.99997,0.95247,0.91175,0.97125,0.7399,1.24254,0.97335,1.30904,1.36321,1,1.35278,1.32705,0.79435,0.48818,1.32272,0.53257,0.99401,1.17623,0.78517,0.95199,1.06562,0.9837,0.97182,0.62533,0.97976,0.60476,1.17163,0.99895,0.95112,0.83922,0.97872,0.95579,0.53762,1.12297,1.0001,1.07958,1.13402,1.10922
32.92,1.2819,0.79365,1.08246,0.58942,0.23111,1,0.52529,0.47398,1.13633,1.27263,0.48896,1.27853,0.96578,0.90142,1.21805,1.1345,0.97379,1.02306,1.06289,1.26661,1.05342,1.30977,0.83542,1.00156,1.058,1.18751,1.07974,1.08816,1.28711,0.98362,0.99996,0.97179,0.83794,0.95224,0.72077,1.23499,0.95856,1.30029,1.36032,1,1.33602,1.31852,0.84058,0.58653,1.3004,0.60258,1.04622,1.17252,0.77801,0.94454,1.06305,0.9834,0.95547,0.61702,0.97427,0.62227,1.15718,0.99881,0.96667,0.85277,0.98081,0.95355,0.55732,1.04294,1.00013,1.05073,1.19835,1.15509
32.94,1.28614,0.80742,1.10261,0.63716,0.26388,1,0.68101,0.52873,1.10183,1.22736,0.63834,1.24782,0.93178,0.90884,1.21738,1.14045,0.97436,1.02348,1.07688,1.26536,1.06237,1.30509,0.853,1.00173,1.0296,1.17167,1.06966,1.09112,1.28102,1.03522,0.99995,0.98803,0.78427,0.93758,0.70924,1.22707,0.9455,1.2867,1.3566,1,1.29968,1.30654,0.89025,0.71116,1.25747,0.69106,1.08441,1.1643,0.77926,0.94093,1.06188,0.98308,0.94373,0.62084,0.96928,0.63984,1.14516,0.99867,0.98408,0.87247,0.98371,0.95161,0.5789,0.97257,1.00016,1.02294,1.23138,1.18228
32.96,1.28767,0.82024,1.11909,0.69844,0.30318,1,0.9064,0.59517,1.06004,1.13796,0.85705,1.1936,0.90405,0.92052,1.21207,1.13943,0.97399,1.02386,1.08465,1.25944,1.06977,1.30012,0.86328,1.00188,0.9975,1.14998,1.05736,1.09324,1.27388,1.07523,0.99994,1.00146,0.74678,0.92725,0.70494,1.21917,0.93366,1.26569,1.3518,1,1.16705,1.28938,0.94089,0.86727,1.14729,0.80267,1.1111,1.15032,0.78892,0.94156,1.06263,0.9828,0.93686,0.63838,0.96498,0.6573,1.13775,0.99856,1.00498,0.89625,0.98703,0.95019,0.60272,0.93604,1.00018,0.99926,1.25,1.19835
32.98,1.28682,0.83164,1.13316,0.7742,0.35025,1,1.20602,0.67507,1.01002,0.95956,1.18436,1.07732,0.88084,0.93667,1.2019,1.13109,0.97282,1.02411,1.08703,1.24739,1.07557,1.29488,0.8653,1.00199,0.97948,1.12191,1.04358,1.09427,1.26542,1.09833,0.99993,1.01862,0.7222,0.92093,0.70733,1.21168,0.92259,1.23192,1.34548,1,0.75333,1.26363,0.99106,1.09037,0.88615,0.94335,1.13096,1.12857,0.80639,0.94655,1.06505,0.98261,0.9347,0.67156,0.9615,0.6745,1.13625,0.99847,1.03802,0.92255,0.9905,0.94951,0.62906,0.91172,1.00021,0.99023,1.26067,1.20719
33,1.28374,0.84122,1.14556,0.86463,0.40667,1,1.28746,0.77042,0.97803,0.84639,1.28354,0.91703,0.86076,0.95725,1.1866,1.11433,0.97127,1.02411,1.08473,1.2262,1.07973,1.28946,0.85935,1.00205,0.96263,1.08655,1.02894,1.09398,1.25536,1.11139,0.99992,1.02864,0.708,0.91807,0.71585,1.20502,0.912,1.17335,1.33696,1,0.52915,1.22206,1.06543,1.21943,0.71998,1.1413,1.14657,1.09573,0.8304,0.9558,1.0682,0.98261,0.93678,0.72284,0.95893,0.69115,1.14062,0.99843,1.06492,0.95015,0.99393,0.9497,0.65798,0.89673,1.00024,0.98463,1.26637,1.21096
33.02,1.27837,0.84875,1.15664,0.96863,0.47458,1,1.31872,0.88329,0.95402,0.76383,1.31811,0.81396,0.84289,0.98211,1.16593,1.0869,0.96992,1.02372,1.07838,1.18935,1.08224,1.28398,0.84683,1.00205,0.94739,1.04271,1.01405,1.0922,1.24342,1.11815,0.99991,1.03342,0.70231,0.91812,0.72995,1.19952,0.9018,1.05609,1.32503,1,0.39209,1.14612,1.11769,1.26706,0.60289,1.22867,1.15939,1.04577,0.8591,0.96903,1.07089,0.9829,0.94242,0.79543,0.95736,0.70689,1.14947,0.99843,1.08653,0.97795,0.99716,0.95089,0.68929,0.88858,1.00027,0.98187,1.26857,1.2109
33.04,1.27044,0.85434,1.16654,1.11336,0.5575,1,1.33465,1.02988,0.9323,0.7043,1.33507,0.73492,0.8267,1.0207,1.13963,1.04441,0.96934,1.02269,1.06856,1.12038,1.08305,1.27856,0.83009,1.00197,0.9341,0.99485,0.99976,1.08874,1.22928,1.12089,0.9999,1.03411,0.7039,0.92055,0.74923,1.19528,0.89203,0.92426,1.30723,1,0.30329,0.98563,1.15375,1.2907,0.51944,1.26853,1.17024,0.98463,0.8906,0.98589,1.07204,0.98368,0.9508,0.89351,0.95684,0.72146,1.16067,0.99849,1.10356,1.00946,1.00019,0.95318,0.72279,0.88519,1.00029,0.98147,1.26796,1.20769
33.06,1.25937,0.85853,1.17521,1.18958,0.66153,1,1.34391,1.17361,0.91229,0.66212,1.34471,0.67498,0.81209,1.0698,1.10731,0.98985,0.96989,1.02068,1.05603,0.98436,1.08207,1.27327,0.8122,1.0018,0.9231,0.96984,0.99333,1.08344,1.21244,1.12107,0.9999,1.03138,0.71211,0.925,0.77346,1.19201,0.88291,0.83914,1.27761,1,0.24379,0.87492,1.18045,1.30403,0.45996,1.29051,1.17945,0.94237,0.92321,1.01135,1.07095,0.98519,0.96096,1.03845,0.95746,0.73483,1.1719,0.99862,1.11657,1.05056,1.00518,0.9566,0.75834,0.88497,1.00031,0.98306,1.26476,1.20159
33.08,1.24422,0.86228,1.18243,1.22963,0.7967,1,1.34965,1.23414,0.89387,0.63307,1.35052,0.63033,0.79944,1.10904,1.06873,0.95338,0.97172,1.01725,1.04196,0.89086,1.07921,1.26808,0.79684,1.00155,0.91479,0.95022,0.98829,1.07621,1.19237,1.11965,0.99989,1.02544,0.72679,0.93118,0.80241,1.18902,0.87488,0.77294,1.21813,1,0.20344,0.78658,1.20094,1.31196,0.41843,1.30379,1.18702,0.90113,0.95543,1.04849,1.06728,0.98773,0.97168,1.17764,0.95926,0.74719,1.18098,0.99881,1.12579,1.07806,1.00904,0.96111,0.79559,0.88672,1.00033,0.98645,1.25876,1.1925
33.1,1.22358,0.86688,1.18777,1.25348,0.97911,1,1.35324,1.26682,0.87738,0.61406,1.35397,0.59838,0.78964,1.13985,1.0244,0.91848,0.97479,1.01184,1.02831,0.81601,1.07429,1.26294,0.78818,1.00122,0.90974,0.93723,0.98498,1.06703,1.16869,1.11728,0.99989,1.01615,0.74821,0.9389,0.8356,1.18525,0.86864,0.72198,1.03837,1,0.17663,0.71615,1.21669,1.3167,0.39142,1.31205,1.19265,0.8626,0.98572,1.07948,1.06097,0.99167,0.98145,1.23569,0.96227,0.75879,1.18589,0.99907,1.13117,1.09439,1.01154,0.96659,0.83367,0.88964,1.00034,0.99157,1.24934,1.18006
33.12,1.19532,0.87378,1.19073,1.26851,1.20046,1,1.35537,1.28661,0.86343,0.60281,1.35571,0.57743,0.78379,1.16353,0.98891,0.88727,0.97891,1.00391,1.01759,0.76233,1.0671,1.2577,0.79027,1.00082,0.90852,0.93206,0.98372,1.05597,1.14137,1.11431,0.99989,1.00314,0.77691,0.948,0.87232,1.1794,0.86509,0.68372,0.82539,1,0.16019,0.66078,1.22847,1.31935,0.37703,1.31699,1.19591,0.82831,1.02341,1.10407,1.05217,0.9973,0.98874,1.26412,0.96655,0.76998,1.18472,0.99938,1.13244,1.10053,1.01249,0.97287,0.87132,0.89324,1.00034,0.99841,1.23529,1.16356
33.14,1.15587,0.8843,1.19074,1.27805,1.27196,1,1.35638,1.29931,0.85258,0.59762,1.35605,0.56624,0.78277,1.18137,0.97027,0.86107,0.98381,0.99662,1.01204,0.73014,1.0573,1.25208,0.80634,1.00035,0.91148,0.93521,0.98461,1.04302,1.1106,1.11089,0.99989,0.99325,0.81354,0.95833,0.91178,1.16999,0.86508,0.65636,0.67783,1,0.15222,0.61819,1.2368,1.32054,0.37414,1.3195,1.19647,0.7992,1.05781,1.12278,1.04116,1.00911,0.99238,1.27782,0.97214,0.78131,1.17543,0.99973,1.12933,1.09681,1.01182,0.9798,0.90733,0.89732,1.00034,1.01322,1.21445,1.14191
33.16,1.09875,0.89946,1.18715,1.28377,1.3057,1,1.35646,1.30767,0.84517,0.59721,1.35512,0.56377,0.78702,1.19455,0.957,0.8403,0.9892,0.99032,1.01264,0.71817,1.04447,1.24562,0.83833,0.99992,0.91856,0.94604,0.98741,1.02812,1.07652,1.10693,0.99989,0.98381,0.85855,0.96971,0.9532,1.15525,0.86939,0.63862,0.56378,1,0.15155,0.58632,1.24212,1.32063,0.38193,1.32004,1.19412,0.77557,1.07919,1.13651,1.02832,1.0251,0.99199,1.28242,0.97904,0.79358,1.15525,1.00023,1.12167,1.08347,1.0097,0.98725,0.94108,0.90195,1.00033,1.03052,1.18305,1.11351
33.18,1.01192,0.91979,1.17906,1.28651,1.32505,1,1.35571,1.31313,0.84144,0.60057,1.35295,0.56908,0.79644,1.20397,0.94877,0.82479,0.99469,0.98369,1.01861,0.72426,1.02819,1.23762,0.8865,0.99966,0.92913,0.96241,0.99146,1.01118,1.03895,1.10216,0.9999,0.97385,0.91148,0.98178,0.99547,1.13295,0.87868,0.62976,0.4745,1,0.15749,0.56356,1.24469,1.31986,0.39957,1.31887,1.18877,0.75743,1.09136,1.1462,1.01438,1.04075,0.98806,1.28011,0.98722,0.80775,1.11983,1.00103,1.10955,1.06142,1.00661,0.99513,0.97247,0.90742,1.00031,1.04739,1.13432,1.07641
33.2,0.95331,0.9453,1.16506,1.28652,1.33722,1,1.35414,1.31647,0.84155,0.60694,1.34952,0.58129,0.81047,1.21023,0.94521,0.8141,0.99981,0.9776,1.02779,0.74558,1.0081,1.22707,0.94857,0.99941,0.94202,0.98053,0.99573,0.99619,0.9986,1.09614,0.9999,0.96422,0.97031,0.99397,1.06072,1.09986,0.89354,0.62971,0.40505,1,0.1697,0.54884,1.24461,1.31839,0.42594,1.31611,1.18044,0.74475,1.09638,1.15261,1.00052,1.05413,0.98181,1.27151,0.99649,0.8249,1.06228,1.0018,1.0936,1.03392,1.00332,1.00639,1.00361,0.91415,1.0003,1.06253,1.05574,1.02875
33.22,0.91078,0.97558,1.14282,1.28365,1.34522,1,1.35171,1.31807,0.84564,0.61577,1.34476,0.59961,0.82829,1.21364,0.94602,0.80775,1.00799,0.97302,1.03769,0.7788,0.99233,1.21244,1.03495,0.99918,0.95565,0.99555,0.999,0.9868,0.97794,1.0883,0.99991,0.95582,1.05307,1.01078,1.10451,1.05069,0.91442,0.63901,0.35208,1,0.18817,0.5415,1.24179,1.31629,0.45957,1.31175,1.16921,0.73761,1.09525,1.15632,0.99432,1.06362,0.9748,1.25623,1.01271,0.84619,0.98693,1.00249,1.07512,1.00821,1.00078,1.02148,1.05101,0.9226,1.00028,1.07487,0.96815,0.98599
33.24,0.87853,1.01902,1.10822,1.27722,1.35058,1,1.34827,1.31816,0.85377,0.62672,1.3386,0.62349,0.84916,1.21429,0.95086,0.80537,1.0139,0.97067,1.04636,0.82085,0.98031,1.19113,1.12046,0.999,0.96844,1.00587,1.00045,0.97775,0.95863,1.07819,0.99992,0.94939,1.11861,1.02918,1.13233,0.98845,0.9416,0.65884,0.31264,1,0.21334,0.54112,1.23592,1.31358,0.49887,1.30564,1.15501,0.73624,1.08834,1.1577,0.98999,1.06832,0.96839,1.2327,1.03135,0.87293,0.94311,1.00304,1.05603,0.99721,0.99991,1.03513,1.08704,0.93307,1.00026,1.08382,0.91579,0.96094
33.26,0.85604,1.07545,1.05375,1.26581,1.3542,1,1.34354,1.31681,0.86578,0.63968,1.33087,0.65264,0.87267,1.21202,0.95935,0.80678,1.01764,0.97083,1.0528,0.86936,0.96843,1.15832,1.16643,0.99886,0.97912,1.00027,0.99878,0.96915,0.93922,1.06557,0.99992,0.94537,1.15646,1.04317,1.14953,0.94787,0.97492,0.69101,0.2839,1,0.24624,0.5473,1.22658,1.31023,0.54232,1.29743,1.13748,0.74103,1.07557,1.15688,0.98721,1.068,0.96348,1.19731,1.04838,0.9065,0.90848,1.00344,1.03863,0.99987,1.00095,1.04739,1.11729,0.94546,1.00024,1.08922,0.87575,0.94087
33.28,0.84258,1.11778,0.98416,1.24649,1.35667,1,1.33707,1.31405,0.88123,0.65467,1.32142,0.68684,0.89867,1.2064,0.97093,0.81203,1.01998,0.9733,1.05669,0.92266,0.95713,1.10401,1.19251,0.99878,0.98672,0.98669,0.99456,0.96105,0.91824,1.05075,0.99993,0.94389,1.17918,1.05337,1.15907,0.90925,1.02476,0.73804,0.26335,1,0.28836,0.55959,1.21321,1.30615,0.58832,1.28658,1.11589,0.75258,1.05669,1.15383,0.98544,1.06305,0.96044,1.14223,1.06344,0.94816,0.88325,1.00368,1.02533,1.02372,1.00423,1.05834,1.14481,0.95915,1.00022,1.09116,0.84683,0.92566
33.3,0.83754,1.14951,0.93936,1.21274,1.35833,1,1.32812,1.30985,0.89928,0.67174,1.3102,0.72565,0.92713,1.19659,0.98483,0.8214,1.02207,0.97747,1.05814,0.97951,0.94691,1.00299,1.2071,0.99876,0.9906,0.96462,0.98795,0.95357,0.89441,1.03486,0.99993,0.94491,1.19258,1.06032,1.16252,0.8739,1.08293,0.80335,0.24891,1,0.34156,0.57742,1.19527,1.30119,0.6348,1.2723,1.08913,0.77175,1.03142,1.14825,0.98384,1.0544,0.95929,1.04908,1.07618,0.99885,0.86674,1.00376,1.01822,1.05825,1.00929,1.06797,1.17104,0.97287,1.0002,1.08983,0.82759,0.91499
33.32,0.84044,1.17318,0.90066,1.14636,1.35947,1,1.31549,1.30415,0.91885,0.69102,1.29741,0.76838,0.95809,1.181,1.00034,0.83536,1.02528,0.9825,1.05741,1.06307,0.93832,0.92988,1.21424,0.99878,0.99045,0.93728,0.97968,0.94681,0.86683,1.02001,0.99994,0.94824,1.19963,1.06446,1.16055,0.84284,1.12259,0.8923,0.23883,1,0.40829,0.60014,1.17227,1.29515,0.67941,1.2535,1.05546,0.79985,0.99981,1.13965,0.98138,1.04343,0.95987,0.95151,1.08633,1.08848,0.8579,1.00371,1.01849,1.09433,1.01551,1.0763,1.19632,0.9849,1.00018,1.08538,0.81672,0.9085
33.34,0.85097,1.19087,0.8701,0.98619,1.36026,1,1.29681,1.29677,0.93895,0.71275,1.28347,0.81428,0.99175,1.15656,1.02958,0.85457,1.03077,0.98761,1.05462,1.12491,0.9317,0.86096,1.21607,0.99883,0.98647,0.9083,0.97065,0.94084,0.83503,1.00893,0.99994,0.9537,1.20191,1.06616,1.15319,0.81636,1.14883,1.02647,0.23164,1,0.49241,0.62723,1.1436,1.28773,0.72016,1.22847,1.01197,0.83889,0.98249,1.12718,0.97707,1.03164,0.96206,0.88817,1.09379,1.14932,0.85554,1.00353,1.02578,1.12635,1.02217,1.0834,1.22034,0.99341,1.00017,1.07787,0.81309,0.90582
33.36,0.86889,1.20437,0.84843,0.85595,1.36088,1,1.26678,1.28737,0.95901,0.73734,1.26879,0.86256,1.04896,1.11691,1.05446,0.87978,1.03925,0.99227,1.04959,1.16228,0.92717,0.79543,1.21378,0.99892,0.97937,0.88096,0.96183,0.9356,0.79918,1.00431,0.99995,0.96109,1.20021,1.06567,1.1399,0.79392,1.16527,1.18019,0.22604,1,0.60039,0.65841,1.10807,1.2784,0.75626,1.19445,0.97957,0.89186,0.96587,1.10958,0.97022,1.02028,0.96595,0.83868,1.09876,1.19246,0.85849,1.00326,1.03821,1.152,1.02855,1.08943,1.24253,0.99685,1.00016,1.06722,0.8158,0.9066
33.38,0.89383,1.21513,0.83563,0.73692,1.36144,1,1.21123,1.27545,0.97879,0.76514,1.25338,0.91205,1.09831,1.04736,1.07544,0.91169,1.05079,0.99622,1.04177,1.18398,0.92457,0.73371,1.20815,0.99904,0.97041,0.85835,0.9543,0.93097,0.76019,1.00805,0.99995,0.9702,1.1949,1.06321,1.11963,0.77441,1.17426,1.24983,0.22087,1,0.74267,0.69344,1.06349,1.26646,0.78834,1.14704,0.95322,0.9628,0.95027,1.08506,0.96049,1.01015,0.97182,0.8046,1.10154,1.22432,0.86547,1.00291,1.05293,1.17053,1.03388,1.0946,1.2623,0.99407,1.00015,1.05327,0.82408,0.91047
33.4,0.92511,1.22432,0.83127,0.62997,1.36205,1,1.07673,1.26036,0.99826,0.79634,1.23632,0.96079,1.13598,0.96263,1.09306,0.95078,1.0649,0.99943,1.0302,1.193,0.92362,0.67635,1.19996,0.99917,0.96131,0.84345,0.94926,0.92682,0.71966,1.0207,0.99995,0.98073,1.18598,1.05895,1.09076,0.75647,1.1772,1.28888,0.21517,1,0.93563,0.73188,1.00602,1.25088,0.81841,1.07985,0.92754,1.08601,0.93587,1.05094,0.9479,1.00156,0.98014,0.78901,1.10255,1.24849,0.87507,1.00253,1.06689,1.18163,1.0374,1.09913,1.27925,0.98436,1.00014,1.03588,0.83728,0.91711
33.42,0.96176,1.23273,0.83483,0.53534,1.36278,1,0.88494,1.24115,1.03187,0.83114,1.21502,1.01203,1.16508,0.896,1.10776,0.99745,1.08081,1.00397,1.01364,1.18909,0.92391,0.62385,1.19012,0.9993,0.95374,0.83871,0.94775,0.923,0.67932,1.04115,0.99995,0.99238,1.17314,1.05298,1.05085,0.73893,1.1748,1.31343,0.20824,1,1.18915,0.77323,0.97036,1.23003,0.84983,0.99238,0.90305,1.17822,0.9228,1.0029,0.9327,0.99725,0.99134,0.79587,1.10224,1.26714,0.88578,1.00213,1.07782,1.18499,1.03845,1.10321,1.29335,0.96755,1.00014,1.01487,0.85494,0.92624
33.44,1.0054,1.24074,0.84569,0.45245,1.36366,1,0.75822,1.21608,1.06089,0.87021,1.18328,1.07322,1.18778,0.82932,1.11993,1.08059,1.09783,1.00803,0.99551,1.16863,0.92501,0.57635,1.17974,0.99942,0.94878,0.84533,0.95026,0.91933,0.64052,1.06704,0.99995,1.00969,1.15545,1.04529,0.99798,0.72108,1.16724,1.33002,0.19975,1,1.27113,0.81749,0.93996,1.20064,0.88728,0.94687,0.88018,1.23295,0.91118,0.97179,0.91513,0.99439,1.01082,0.82916,1.10108,1.28176,0.89622,1.00176,1.08465,1.18027,1.03671,1.10704,1.30491,0.94405,1.00014,0.99502,0.87695,0.93776
33.46,1.07403,1.24835,0.86307,0.38039,1.36468,1,0.65698,1.18147,1.0855,0.91515,1.12486,1.1103,1.20562,0.76388,1.12987,1.13996,1.11543,1.01135,0.98233,1.12153,0.92647,0.53374,1.17007,0.99954,0.94662,0.86262,0.95638,0.91558,0.6041,1.09541,0.99995,1.03352,1.13098,1.03569,0.96722,0.703,1.15435,1.34182,0.18984,1,1.30676,0.8656,0.91115,1.15524,0.93705,0.91218,0.85923,1.2686,0.90109,0.94123,0.89535,0.99202,1.03983,0.89216,1.09951,1.29338,0.90524,1.00141,1.08756,1.16719,1.03241,1.11088,1.31432,0.91494,1.00015,0.98181,0.90367,0.95172
33.48,1.12139,1.25524,0.88582,0.3185,1.36575,1,0.57326,1.12891,1.10683,0.96852,0.9896,1.13539,1.21962,0.70098,1.1377,1.183,1.13314,1.01408,0.96867,1.02024,0.92788,0.49602,1.16243,0.99963,0.94646,0.88737,0.96471,0.91155,0.57076,1.12347,0.99995,1.05579,1.09608,1.02389,0.9385,0.6856,1.13582,1.35047,0.17912,1,1.32689,0.91957,0.88354,1.07365,1.0147,0.8846,0.84051,1.29322,0.89272,0.91016,0.87356,0.99005,1.06612,0.98582,1.09798,1.30266,0.91194,1.00112,1.08777,1.14633,1.02648,1.11492,1.32193,0.88196,1.00016,0.96811,0.93582,0.96829
33.5,1.15466,1.26089,0.91218,0.26648,1.36679,1,0.50213,1.03605,1.12543,1.05673,0.8721,1.15498,1.23039,0.64206,1.1434,1.21511,1.15047,1.01622,0.95616,0.93134,0.92881,0.46351,1.15804,0.99971,0.94674,0.91335,0.97281,0.90703,0.54128,1.14906,0.99994,1.07667,1.0437,1.00955,0.91282,0.67052,1.11162,1.35688,0.16858,1,1.33994,0.98241,0.85717,0.95529,1.13597,0.86018,0.8245,1.31083,0.88639,0.87914,0.85015,0.98849,1.08747,1.13092,1.09698,1.31001,0.91562,1.00087,1.0874,1.12116,1.02059,1.11935,1.328,0.84742,1.00017,0.95385,0.97434,0.98761
33.52,1.17801,1.26483,0.93989,0.2239,1.36768,1,0.44046,0.9408,1.14154,1.13933,0.7503,1.17287,1.23829,0.58833,1.14689,1.23953,1.16698,1.01768,0.94645,0.86662,0.92886,0.43662,1.15769,0.99978,0.94559,0.93243,0.97785,0.90189,0.5164,1.17101,0.99994,1.09617,0.98161,0.99624,0.89105,0.65958,1.08234,1.36164,0.15932,1,1.34917,1.0872,0.83235,0.86545,1.21117,0.83528,0.81171,1.3237,0.88241,0.84882,0.8256,0.98741,1.10248,1.19961,1.09693,1.31568,0.91591,1.00068,1.08893,1.10009,1.01688,1.12426,1.3327,0.81367,1.00019,0.93911,1.03616,1.0184
33.54,1.19417,1.26672,0.96669,0.18986,1.36835,1,0.38607,0.8636,1.15531,1.19534,0.63116,1.19092,1.24365,0.54034,1.14824,1.25838,1.18237,1.01835,0.94069,0.82174,0.92776,0.41548,1.16134,0.99982,0.94164,0.9377,0.97766,0.89604,0.49655,1.18901,0.99994,1.11416,0.9373,0.987,0.87364,0.65416,1.04932,1.36516,0.15226,1,1.35607,1.16243,0.8095,0.77738,1.25994,0.80713,0.80248,1.33331,0.88084,0.81976,0.80049,0.98692,1.11081,1.23214,1.09811,1.31991,0.91286,1.00054,1.09409,1.09383,1.01702,1.12969,1.3362,0.78254,1.0002,0.92408,1.10388,1.05748
33.56,1.20507,1.26647,0.99083,0.1632,1.36875,1,0.33746,0.78875,1.16687,1.23548,0.52115,1.20951,1.24679,0.49816,1.14782,1.2731,1.1964,1.01815,0.93922,0.79682,0.92544,0.4,1.16804,0.99985,0.93457,0.92676,0.97157,0.88954,0.48194,1.20327,0.99993,1.13036,0.89353,0.97751,0.86061,0.6549,1.01464,1.36776,0.14803,1,1.36147,1.21216,0.78901,0.69187,1.29246,0.77437,0.79685,1.34059,0.88133,0.79243,0.77541,0.98707,1.11288,1.2468,1.10061,1.32288,0.90706,1.00046,1.103,1.10661,1.0215,1.13554,1.33865,0.75531,1.00021,0.90918,1.15262,1.09049
33.58,1.21205,1.26408,1.02084,0.14286,1.36884,1,0.29391,0.71762,1.17623,1.26511,0.42519,1.22798,1.24801,0.46181,1.14634,1.28459,1.20884,1.01707,0.94151,0.78898,0.92199,0.38997,1.17612,0.99987,0.92525,0.90291,0.96068,0.88254,0.47266,1.21407,0.99993,1.14431,0.85241,0.96829,0.85163,0.66169,0.99101,1.36966,0.14706,1,1.36579,1.24686,0.77149,0.61048,1.31449,0.73723,0.79462,1.34616,0.88304,0.76745,0.75119,0.98787,1.10965,1.25102,1.10428,1.32475,0.89967,1.00041,1.1141,1.13172,1.02936,1.14162,1.34015,0.73295,1.00021,0.89517,1.18778,1.11737
33.6,1.21607,1.2597,1.0463,0.12816,1.36859,1,0.25532,0.65227,1.18323,1.28728,0.34605,1.24532,1.24754,0.43156,1.14485,1.29337,1.21942,1.01511,0.9463,0.79336,0.9177,0.38534,1.18377,0.99987,0.91559,0.87357,0.94751,0.8754,0.46893,1.22156,0.99993,1.15541,0.81647,0.96004,0.84622,0.67377,0.97879,1.37099,0.14972,1,1.36927,1.27166,0.75778,0.53518,1.32947,0.69728,0.79547,1.35037,0.88475,0.74568,0.72895,0.9893,1.10269,1.24868,1.10872,1.3256,0.89227,1.0004,1.12492,1.15829,1.03862,1.14761,1.34074,0.71644,1.0002,0.88314,1.21262,1.13799
33.62,1.21782,1.25355,1.06158,0.11866,1.36796,1,0.22181,0.59458,1.18757,1.30397,0.28421,1.26076,1.24548,0.40773,1.14459,1.29978,1.22792,1.01234,0.95199,0.80407,0.91301,0.38619,1.18949,0.99987,0.90779,0.84677,0.93494,0.8686,0.47114,1.22584,0.99994,1.16314,0.78795,0.95353,0.84381,0.68996,0.97069,1.37183,0.15641,1,1.37206,1.28955,0.74902,0.46761,1.33963,0.65665,0.79922,1.35344,0.88504,0.728,0.70985,0.99131,1.09406,1.24274,1.11347,1.32544,0.88644,1.0004,1.13319,1.17922,1.04719,1.15313,1.34039,0.70665,1.00018,0.87425,1.22938,1.15241
33.64,1.21779,1.24588,1.06949,0.11407,1.36688,1,0.19333,0.5456,1.18883,1.3166,0.23842,1.27397,1.24157,0.39042,1.14661,1.30414,1.23428,1.00882,0.9571,0.81561,0.90834,0.39268,1.19255,0.99986,0.90351,0.82779,0.925,0.86257,0.47979,1.22697,0.99995,1.16723,0.76799,0.94928,0.84385,0.70899,0.96625,1.37223,0.16762,1,1.37427,1.30248,0.74642,0.40858,1.34641,0.61729,0.80611,1.35556,0.88273,0.71505,0.69479,0.99383,1.08594,1.23594,1.11807,1.32425,0.88321,1.00043,1.13757,1.19245,1.0538,1.15787,1.339,0.70399,1.00014,0.86936,1.23985,1.16106
33.66,1.2164,1.23693,1.07197,0.11417,1.36527,1,0.16969,0.50572,1.18642,1.32618,0.20685,1.28495,1.23508,0.3795,1.15135,1.30669,1.23854,1.00466,0.96076,0.82419,0.90412,0.40505,1.19301,0.99985,0.90334,0.81807,0.91816,0.85775,0.49548,1.22513,0.99998,1.16769,0.75639,0.94745,0.84577,0.7297,0.96482,1.37222,0.18389,1,1.37602,1.31179,0.75135,0.35831,1.35077,0.58071,0.81702,1.35684,0.87719,0.70704,0.6843,0.99677,1.07989,1.23058,1.12214,1.32192,0.88271,1.00045,1.13775,1.19878,1.05827,1.16157,1.33638,0.70829,1.00007,0.8688,1.24552,1.16463
33.68,1.21401,1.22703,1.07064,0.11879,1.36303,1,0.15076,0.47525,1.17938,1.33334,0.18822,1.2938,1.2244,0.37472,1.1586,1.30766,1.24076,1.00003,0.96275,0.82831,0.90075,0.42342,1.19168,0.99984,0.90676,0.81557,0.91335,0.85453,0.51883,1.22058,1.00002,1.16471,0.75182,0.94778,0.84902,0.75095,0.96559,1.37181,0.2058,1,1.37735,1.31826,0.76538,0.31703,1.35324,0.5483,0.83359,1.35739,0.8684,0.70393,0.6787,0.99998,1.07652,1.22792,1.12533,1.31834,0.88413,1.00048,1.13426,1.20036,1.06137,1.16399,1.33225,0.71866,0.99999,0.87238,1.24767,1.16398
33.7,1.21099,1.21666,1.0671,0.12782,1.36003,1,0.13669,0.45485,1.16604,1.33848,0.18227,1.30057,1.20645,0.37596,1.16755,1.30718,1.24093,0.99764,0.96346,0.82866,0.89865,0.44777,1.19007,0.99984,0.9123,0.81552,0.90831,0.85333,0.5504,1.21384,1.0001,1.15866,0.75215,0.94973,0.85303,0.77152,0.96761,1.37102,0.23373,1,1.37832,1.32233,0.79052,0.28526,1.35401,0.52148,0.85817,1.35725,0.857,0.70548,0.67828,1.00639,1.07531,1.22769,1.12729,1.31337,0.88583,1.0005,1.12846,1.20039,1.06458,1.16488,1.32619,0.73344,0.99992,0.87946,1.24752,1.16017
33.72,1.2077,1.20647,1.06288,0.14129,1.35611,1,0.12783,0.44539,1.14354,1.34183,0.18986,1.3053,1.17493,0.38322,1.17716,1.30531,1.23894,0.9954,0.96362,0.82739,0.89821,0.47797,1.18993,0.99983,0.91803,0.81213,0.90056,0.85458,0.59076,1.20569,1.0002,1.15,0.75497,0.95258,0.85729,0.79024,0.96997,1.3698,0.26805,1,1.37891,1.32414,0.82912,0.26349,1.35302,0.50156,0.89358,1.35641,0.84399,0.71142,0.6833,1.01229,1.07503,1.22851,1.1277,1.30681,0.88598,1.0005,1.12225,1.20251,1.06946,1.16395,1.31747,0.75044,0.99985,0.8891,1.24619,1.1544
33.74,1.20431,1.19696,1.0592,0.15943,1.35099,1,0.12454,0.44758,1.1067,1.34355,0.21292,1.30806,1.11494,0.39666,1.18654,1.30201,1.23458,0.99343,0.96397,0.82694,0.89972,0.51397,1.19234,0.99984,0.92245,0.80136,0.88869,0.85859,0.64069,1.19714,1.00031,1.13922,0.75842,0.95571,0.86155,0.8065,0.972,1.36812,0.30945,1,1.37913,1.32372,0.88372,0.25198,1.34996,0.48946,0.94259,1.35481,0.83049,0.72147,0.69406,1.01736,1.07443,1.22881,1.1263,1.29835,0.88343,1.0005,1.11731,1.20902,1.07677,1.16093,1.30486,0.76733,0.99976,0.90042,1.24454,1.14774
33.76,1.20078,1.18817,1.05657,0.1828,1.34419,1,0.12725,0.46182,1.04563,1.34374,0.25459,1.3089,0.99045,0.41654,1.19498,1.29719,1.22751,0.99178,0.965,0.8292,0.9033,0.55585,1.197,0.99984,0.92509,0.78307,0.87335,0.8655,0.70123,1.18929,1.00044,1.12672,0.76178,0.95877,0.86587,0.82062,0.97341,1.36586,0.35931,1,1.37895,1.32096,0.95638,0.25073,1.34408,0.4857,1.01382,1.35233,0.81757,0.73534,0.71081,1.0215,1.07263,1.22733,1.12293,1.28751,0.87838,1.00047,1.11428,1.2194,1.08595,1.15559,1.28599,0.78204,0.99967,0.91264,1.24291,1.14091
33.78,1.19675,1.17944,1.05471,0.21211,1.33481,1,0.13652,0.488,0.97441,1.34239,0.31906,1.3078,0.89827,0.44299,1.20194,1.29069,1.21728,0.99049,0.96693,0.83541,0.90884,0.60358,1.20217,0.99986,0.92674,0.76124,0.85728,0.87521,0.77307,1.18327,1.00055,1.11291,0.76566,0.9617,0.87066,0.83383,0.97441,1.36288,0.41981,1,1.37833,1.31561,1.07437,0.25978,1.33405,0.49062,1.11625,1.34882,0.80633,0.7526,0.73359,1.0247,1.06924,1.22317,1.11759,1.27362,0.87254,1.00044,1.11237,1.23077,1.09525,1.14777,1.2562,0.79284,0.99958,0.92517,1.24101,1.13407
33.8,1.19159,1.16935,1.05259,0.24811,1.32125,1,0.15321,0.52525,0.92625,1.33941,0.41073,1.3046,0.81718,0.47587,1.20689,1.28238,1.20336,0.98952,0.96967,0.84621,0.91601,0.65645,1.20534,0.99987,0.92921,0.74273,0.84485,0.88734,0.8556,1.18008,1.00065,1.0983,0.77179,0.96464,0.87656,0.84819,0.97553,1.35898,0.49384,1,1.37718,1.30735,1.1624,0.27935,1.31742,0.50454,1.1763,1.34407,0.79798,0.77254,0.76211,1.02705,1.06431,1.21553,1.11044,1.25591,0.86884,1.00038,1.10946,1.23966,1.10224,1.13748,1.20535,0.79841,0.9995,0.93741,1.23793,1.12684
33.82,1.18443,1.15577,1.04891,0.2916,1.30024,1,0.17863,0.57182,0.88587,1.3345,0.53247,1.29897,0.75254,0.5147,1.20935,1.27219,1.18509,0.98885,0.97298,0.86184,0.92438,0.71305,1.20383,0.99989,0.93479,0.73483,0.84071,0.90131,0.94639,1.18021,1.0007,1.08359,0.78246,0.96788,0.88438,0.86612,0.97745,1.35387,0.58528,1,1.37537,1.29578,1.20886,0.31004,1.28953,0.52799,1.21223,1.33785,0.79372,0.79426,0.7958,1.02867,1.0582,1.20353,1.10174,1.23355,0.87061,1.00032,1.10272,1.24326,1.10452,1.12481,1.10672,0.79818,0.99946,0.94879,1.23236,1.11845
33.84,1.17421,1.13592,1.04269,0.34371,1.26372,1,0.21484,0.62555,0.85563,1.32712,0.68369,1.29023,0.70646,0.55893,1.20887,1.26007,1.16148,0.98845,0.97659,0.88224,0.93352,0.77168,1.19503,0.99992,0.94538,0.74316,0.84846,0.91657,1.0671,1.18331,1.00071,1.06964,0.79955,0.97167,0.89484,0.88982,0.98061,1.34709,0.70003,1,1.37261,1.28034,1.23453,0.35308,1.2406,0.56174,1.23335,1.32977,0.79455,0.81686,0.83404,1.02963,1.0513,1.18588,1.09178,1.20556,0.88053,1.00025,1.08921,1.23946,1.10023,1.10988,0.94947,0.79277,0.99946,0.95882,1.22284,1.10804
33.86,1.15969,1.1061,1.03382,0.40616,1.18512,1,0.26493,0.68422,0.83607,1.31623,0.85836,1.27723,0.67877,0.60815,1.205,1.24595,1.13103,0.98831,0.98032,0.90715,0.94309,0.83087,1.1758,0.99994,0.96192,0.77105,0.86985,0.93264,1.15301,1.1881,1.00065,1.05737,0.82386,0.97607,0.90843,0.92077,0.98496,1.33784,0.84742,1,1.36843,1.26023,1.24827,0.41041,1.14633,0.60682,1.24461,1.31925,0.80121,0.83957,0.87627,1.02997,1.04392,1.16058,1.08075,1.17056,0.89997,1.00018,1.06598,1.22579,1.088,1.09275,0.85601,0.78421,0.9995,0.96708,1.20788,1.09502
33.88,1.13947,1.06107,1.0234,0.48104,0.96104,1,0.33296,0.74546,0.82646,1.30012,1.06978,1.25812,0.66853,0.66169,1.19717,1.22991,1.09166,0.98844,0.98405,0.93578,0.95286,0.88939,1.14143,0.99997,0.98406,0.81935,0.90444,0.94907,1.19672,1.19261,1.00054,1.04782,0.85449,0.9809,0.92523,0.95924,0.98985,1.32471,1.06685,1,1.36194,1.23441,1.25437,0.48419,0.96993,0.66397,1.24854,1.30543,0.8141,0.86162,0.92166,1.02967,1.03624,1.1248,1.06886,1.12657,0.92861,1.0001,1.03007,1.19796,1.06702,1.07356,0.78793,0.7759,0.99959,0.97318,1.1862,1.0794
33.9,1.112,0.99673,1.01404,0.57014,0.79262,1,0.42365,0.80634,0.82533,1.27591,1.19491,1.22997,0.67484,0.71818,1.18461,1.21237,1.04109,0.98886,0.98773,0.96657,0.96254,0.94595,1.08425,0.99999,1.01894,0.88573,0.94921,0.96527,1.22163,1.19456,1.0004,1.04207,0.88843,0.98578,0.94484,1.00751,0.99404,1.30522,1.22046,1,1.35141,1.20193,1.25505,0.57561,0.87464,0.73291,1.24613,1.28719,0.83334,0.88214,0.9687,1.02864,1.0284,1.07492,1.05636,1.0711,0.96419,1.00002,0.99006,1.1478,1.03744,1.0527,0.73947,0.77225,0.9997,0.97672,1.15746,1.0621
33.92,1.07543,0.95867,1.0094,0.67428,0.6706,1,0.54199,0.86354,0.83092,1.2388,1.23766,1.18804,0.69718,0.77542,1.16611,1.1943,0.98934,0.98963,0.9913,0.99733,0.97185,0.9993,0.99591,1.00004,1.06091,0.96406,0.99867,0.9806,1.23626,1.1916,1.00023,1.04096,0.92107,0.99015,0.96647,1.07969,0.99605,1.27452,1.2745,1,1.333,1.16248,1.25159,0.68365,0.81622,0.81185,1.23723,1.2632,0.85887,0.90018,1.02799,1.02679,1.02052,1.00708,1.04361,1.00107,1.00558,0.99997,0.96475,1.05905,1.00104,1.03092,0.70673,0.77778,0.99983,0.97739,1.12363,1.04502
33.94,1.02727,0.92521,1.01258,0.7932,0.58179,1,0.69341,0.91395,0.84152,1.17995,1.25706,1.12393,0.73539,0.83089,1.1396,1.17702,0.96083,0.99075,0.99466,1.04487,0.98055,1.07599,0.94568,1.00009,1.09123,1.07197,1.07316,0.99448,1.24444,1.18137,1.00006,1.04461,0.94775,0.99359,0.98926,1.12644,0.99468,1.22162,1.30115,1,1.29573,1.1171,1.24463,0.80459,0.78114,0.89766,1.22047,1.23192,0.89063,0.91509,1.0881,1.02404,1.01281,0.96687,1.03099,0.96494,1.06534,0.99993,0.94299,0.96008,0.98272,1.00921,0.68673,0.79616,0.99995,0.97517,1.08992,1.03044
33.96,0.98361,0.89744,1.0244,0.9253,0.51773,1,0.88383,0.95545,0.85576,1.08123,1.26634,1.02142,0.78926,0.88236,1.10144,1.1618,0.93769,0.99221,0.99768,1.07763,0.98842,1.12198,0.90693,1.00014,1.11196,1.14202,1.11554,1.01257,1.24826,1.16103,0.99995,1.05214,0.96551,0.99587,1.02313,1.1573,0.98939,1.11463,1.31628,1,1.1902,1.06871,1.23443,0.93228,0.76172,0.98617,1.19286,1.19158,0.92854,0.92667,1.12557,1.02044,1.00565,0.93826,1.01895,0.93589,1.10259,0.9999,0.92599,0.90417,0.96897,0.9945,0.67695,0.82953,1.00014,0.97046,1.06351,1.02011
33.98,0.95547,0.87564,1.04297,1.09578,0.4734,1,1.14029,0.98717,0.87245,0.96116,1.26987,0.94696,0.85725,0.92806,1.04538,1.14939,0.91949,0.9939,1.00025,1.09833,0.99522,1.15258,0.87944,1.00018,1.12529,1.1768,1.13887,1.03001,1.24903,1.12665,0.99989,1.06184,0.97401,0.99705,1.05824,1.17779,0.98047,0.939,1.32526,1,0.862,1.02203,1.22101,1.08751,0.7538,1.10171,1.14917,1.14055,0.97215,0.93522,1.14996,1.01615,0.99984,0.91778,1.00801,0.91161,1.12546,0.99986,0.91399,0.86633,0.95966,0.98633,0.67495,0.87792,1.00034,0.96413,1.04953,1.01455
34,0.93119,0.85967,1.06472,1.18839,0.44625,1,1.24075,1.01784,0.89051,0.89863,1.2691,0.9005,0.93473,0.96658,0.98227,1.13976,0.90578,0.99569,1.00327,1.11007,1.00129,1.17474,0.86189,1.00022,1.13308,1.19424,1.15037,1.04208,1.24774,1.07293,0.99984,1.0716,0.97536,0.99739,1.08464,1.19111,0.96895,0.84081,1.33026,1,0.6744,0.99165,1.20433,1.17375,0.75556,1.15958,1.08135,1.07851,1.03631,0.94135,1.16603,1.01153,0.99796,0.90519,0.99945,0.89068,1.13876,0.99984,0.90654,0.8437,0.95449,0.98028,0.67832,0.93832,1.0005,0.95745,1.04721,1.01294
34.02,0.91146,0.8492,1.08621,1.22711,0.43522,1,1.27726,1.04103,0.90894,0.85737,1.26416,0.87026,1.02437,0.99693,0.94205,1.13218,0.89608,0.99741,1.00379,1.1146,1.00859,1.19188,0.85255,1.00024,1.13678,1.20165,1.15401,1.04951,1.24525,0.99691,0.9998,1.07953,0.97313,0.99726,1.10389,1.19918,0.95624,0.77774,1.33219,1,0.56586,0.97974,1.18444,1.21114,0.76646,1.18805,0.99041,1.00859,1.10073,0.94591,1.1764,1.00701,0.99764,0.90014,0.99628,0.87206,1.14548,0.99981,0.90288,0.83318,0.95276,0.97638,0.68468,1.00879,1.00061,0.95178,1.05102,1.01357
34.04,0.89666,0.84371,1.10524,1.2448,0.43965,1,1.29409,1.05168,0.92694,0.83181,1.25443,0.85463,1.11091,1.03402,0.90661,1.12554,0.88987,0.99889,1.00139,1.11289,1.01215,1.20584,0.84958,1.00026,1.13748,1.20248,1.1521,1.0529,1.24233,0.95645,0.99978,1.08437,0.97076,0.99702,1.11719,1.20322,0.94368,0.74176,1.33142,1,0.50344,0.97382,1.16143,1.22959,0.78631,1.20072,0.94526,0.97402,1.14325,0.94972,1.18264,1.00302,0.99914,0.90206,0.99469,0.85496,1.14756,0.9998,0.90218,0.83197,0.95367,0.97455,0.69201,1.09844,1.00067,0.94821,1.05499,1.01471
34.06,0.88674,0.84246,1.12081,1.25128,0.45859,1,1.30189,1.05458,0.94403,0.81773,1.23881,0.85185,1.14872,1.05555,0.87631,1.1187,0.88657,1.00013,0.99802,1.10555,1.01228,1.21768,0.85119,1.00027,1.13597,1.19853,1.14606,1.05285,1.23954,0.92623,0.99978,1.08555,0.97062,0.99693,1.12562,1.20412,0.93235,0.72714,1.32803,1,0.47101,0.97215,1.13535,1.23857,0.81432,1.20285,0.91739,0.95557,1.1724,0.95348,1.18584,0.99991,1.00485,0.91013,0.99463,0.83887,1.14644,0.99979,0.90368,0.83768,0.95648,0.97458,0.69885,1.14461,1.00068,0.94732,1.05522,1.01513
34.08,0.88135,0.84447,1.13251,1.25042,0.48985,1,1.30452,1.05253,0.9599,0.81173,1.21603,0.85982,1.16306,1.06632,0.85115,1.11068,0.88555,1.00179,0.99416,1.09322,1.0095,1.22787,0.85557,1.00027,1.1329,1.19094,1.13692,1.05006,1.23726,0.90554,0.99979,1.08302,0.97381,0.99713,1.13005,1.20267,0.92312,0.72912,1.32205,1,0.45953,0.97333,1.10631,1.24217,0.84846,1.19665,0.9049,0.94567,1.19284,0.95769,1.18682,0.99877,1.01399,0.92303,0.99587,0.82366,1.14334,0.99979,0.90672,0.8482,0.9605,0.97609,0.70434,1.16974,1.00065,0.94921,1.04987,1.01418
34.1,0.87995,0.84859,1.14015,1.24421,0.52881,1,1.30369,1.04731,0.97431,0.81084,1.18566,0.8759,1.16305,1.07093,0.83107,1.10072,0.88614,1.00281,0.98965,1.07692,1.00459,1.23655,0.86081,1.00026,1.12878,1.18075,1.12572,1.04541,1.23563,0.89242,0.9998,1.07712,0.98034,0.99765,1.13119,1.19964,0.91673,0.74306,1.31386,1,0.46321,0.97628,1.07461,1.2427,0.88478,1.18316,0.90491,0.94128,1.2072,0.96264,1.18625,0.99806,1.0242,0.93892,0.99803,0.80958,1.13955,0.9998,0.91069,0.86145,0.96509,0.97855,0.7082,1.18361,1.0006,0.95353,1.03847,1.01171
34.12,0.88193,0.85362,1.14354,1.23411,0.56804,1,1.30034,1.04023,0.98709,0.81243,1.15043,0.89699,1.15277,1.07254,0.81599,1.08823,0.88774,1.00332,0.9851,1.05836,0.99926,1.24369,0.86513,1.00025,1.12411,1.16912,1.11358,1.03992,1.23461,0.88442,0.99983,1.06842,0.98957,0.99844,1.12958,1.19583,0.91379,0.76414,1.30465,1,0.47764,0.98017,1.04098,1.24176,0.91766,1.1632,0.91399,0.93973,1.21702,0.96844,1.18472,0.9977,1.03405,0.95561,1.00126,0.79711,1.13638,0.99981,0.91509,0.87544,0.96969,0.98139,0.71059,1.19141,1.00052,0.95966,1.02123,1.00781
34.14,0.88665,0.85869,1.14256,1.2217,0.59898,1,1.29519,1.03227,0.99806,0.81426,1.11887,0.91975,1.13471,1.07358,0.80579,1.07254,0.88989,1.00354,0.98096,1.03968,0.99618,1.2493,0.86719,1.00023,1.11926,1.15731,1.10163,1.03451,1.23404,0.87927,0.99986,1.05743,1.00166,0.99949,1.1257,1.19189,0.91464,0.78772,1.29657,1,0.499,0.98439,1.00669,1.24067,0.94116,1.13807,0.9285,0.93872,1.22324,0.97517,1.18262,0.99755,1.04262,0.97104,1.00641,0.78668,1.13485,0.99983,0.91954,0.88859,0.97388,0.98412,0.71191,1.19619,1.00043,0.96704,0.99911,1.0026
34.16,0.89345,0.86339,1.13715,1.20884,0.6152,1,1.28894,1.02421,1.01361,0.81455,1.10396,0.94089,1.11173,1.07588,0.8002,1.05275,0.89238,1.00371,0.97739,1.02307,0.99347,1.25348,0.86644,1.00021,1.1145,1.1464,1.09077,1.02994,1.23371,0.87528,0.99989,1.04451,1.0256,1.00156,1.11997,1.18812,0.91928,0.80982,1.29202,1,0.52353,0.98851,0.98778,1.24049,0.95076,1.11053,0.94472,0.93646,1.22652,0.98287,1.18015,0.99743,1.04974,0.98375,1.01087,0.77854,1.13541,0.99984,0.92378,0.89986,0.97743,0.98637,0.71269,1.19977,1.00034,0.97523,0.98558,0.99801
34.18,0.9016,0.86788,1.1274,1.19766,0.61501,1,1.28263,1.01661,1.02581,0.81208,1.11381,0.95714,1.08915,1.08063,0.79894,1.02774,0.8952,1.00416,0.97427,1.01029,0.99134,1.25632,0.86316,1.00018,1.11001,1.13708,1.08155,1.02664,1.23337,0.87146,0.99992,1.0298,1.04915,1.00467,1.11285,1.18442,0.92723,0.82734,1.29208,1,0.54696,0.99225,0.97627,1.24197,0.94451,1.08587,0.95865,0.93174,1.22725,0.99154,1.1773,0.99712,1.05576,0.99294,1.0143,0.77282,1.13783,0.99986,0.92767,0.9089,0.98027,0.98797,0.71347,1.2031,1.00026,0.98397,0.97078,0.99399
34.2,0.91027,0.87279,1.11374,1.19026,0.60199,1,1.2777,1.00989,1.03314,0.80615,1.1434,0.96537,1.07594,1.08826,0.80166,0.99816,0.89854,1.00523,0.97127,1.00234,0.98993,1.25788,0.8584,1.00016,1.10588,1.1295,1.07408,1.02477,1.23278,0.86748,0.99994,1.01333,1.07232,1.00842,1.10499,1.18026,0.93763,0.83818,1.29575,1,0.56438,0.99545,0.9691,1.24542,0.92331,1.072,0.96602,0.92393,1.22567,1.00209,1.17384,0.99637,1.06138,0.99842,1.01655,0.7696,1.1413,0.99988,0.93118,0.91587,0.98246,0.98886,0.71485,1.20648,1.00018,0.99309,0.95454,0.9891
34.22,0.9186,0.87896,1.09695,1.18802,0.58265,1,1.27576,1.00435,1.03564,0.79657,1.18035,0.96311,1.08125,1.0984,0.80797,0.98103,0.90267,1.00727,0.96806,0.99964,0.98928,1.25818,0.85356,1.00014,1.10214,1.12335,1.06811,1.02426,1.23167,0.86341,0.99997,0.99753,1.09522,1.01293,1.09713,1.17485,0.94932,0.84133,1.30093,1,0.571,0.99802,0.9666,1.25076,0.89029,1.07591,0.96312,0.91309,1.22193,1.02083,1.16944,0.99494,1.06723,1.00097,1.01758,0.76897,1.14476,0.9999,0.93428,0.92131,0.98414,0.9891,0.71739,1.20984,1.00011,1.00492,0.93654,0.98314
34.24,0.92593,0.88714,1.07818,1.19115,0.56326,1,1.27786,1.00015,1.03326,0.7836,1.21516,0.94946,1.10652,1.11003,0.81728,0.96468,0.9078,1.01045,0.96454,1.00041,0.98937,1.25722,0.84989,1.00012,1.09875,1.11804,1.06322,1.02488,1.22981,0.85946,0.99998,0.98811,1.11786,1.01829,1.08996,1.16733,0.96116,0.8369,1.30582,1,0.56382,0.99993,0.96898,1.25756,0.84963,1.09796,0.9481,0.89998,1.21621,1.03756,1.16378,0.99267,1.07343,0.99972,1.01744,0.77097,1.14735,0.99991,0.93704,0.92585,0.98548,0.9888,0.7216,1.21301,1.00005,1.02281,0.91649,0.97595
34.26,0.93192,0.89774,1.05875,1.19857,0.54829,1,1.28374,0.99872,1.02608,0.76789,1.24384,0.92557,1.14326,1.12164,0.82862,0.95043,0.91394,1.01477,0.96106,1.00463,0.99012,1.25497,0.84819,1.0001,1.09561,1.11303,1.05896,1.02634,1.22702,0.85582,1,0.97858,1.14002,1.02454,1.08389,1.157,0.97224,0.82597,1.30942,1,0.54294,1.0023,0.97602,1.26519,0.80577,1.13094,0.92184,0.88612,1.20885,1.05127,1.15668,0.98955,1.0794,0.99686,1.01626,0.77556,1.14853,0.99993,0.93955,0.93,0.98661,0.98811,0.72781,1.21586,1,1.03955,0.89425,0.9674
34.28,0.93661,0.91062,1.04023,1.20844,0.54061,1,1.29202,0.99812,1.01442,0.75052,1.26574,0.89457,1.18048,1.13144,0.84051,0.94012,0.92088,1.01998,0.95841,1.0106,0.99137,1.25143,0.84879,1.00008,1.09261,1.10796,1.05503,1.02826,1.22317,0.85257,1.00002,0.96888,1.16123,1.0316,1.07903,1.14339,0.98183,0.81047,1.3112,1,0.51164,1.00337,0.98704,1.27294,0.76305,1.16563,0.88795,0.87374,1.20065,1.06075,1.14823,0.98571,1.0838,0.99272,1.01426,0.78259,1.14811,0.99994,0.94191,0.9341,0.98764,0.98718,0.7362,1.21834,0.99998,1.05535,0.87002,0.95753
34.3,0.94028,0.9251,1.02441,1.21877,0.54223,1,1.30093,0.99829,0.99957,0.73294,1.28142,0.86091,1.2114,1.13756,0.85086,0.93602,0.92808,1.02563,0.95784,1.01695,0.99292,1.24659,0.8516,1.00006,1.08961,1.10269,1.05129,1.03024,1.21818,0.84979,1.00004,0.95903,1.18089,1.03928,1.07513,1.12658,0.98938,0.79296,1.31082,1,0.47514,1.00306,1.00149,1.28015,0.72559,1.19578,0.85176,0.86569,1.19306,1.06441,1.13892,0.98145,1.08473,0.98821,1.01175,0.79179,1.14615,0.99995,0.94424,0.93822,0.98859,0.98623,0.7467,1.22042,0.99997,1.07025,0.84446,0.94655
34.32,0.9434,0.94008,1.01307,1.22801,0.55478,1,1.30914,0.99926,0.99138,0.71662,1.29176,0.82903,1.23403,1.13828,0.85743,0.94035,0.93485,1.03115,0.96068,1.02248,0.99454,1.2405,0.85628,1.00004,1.08649,1.09728,1.0477,1.03185,1.21206,0.8476,1.00005,0.9492,1.19837,1.0472,1.07177,1.10717,0.99446,0.77604,1.30788,1,0.43864,1.00133,1.02824,1.28633,0.6968,1.21906,0.81871,0.86471,1.18802,1.06053,1.12962,0.9772,1.08003,0.98418,1.00912,0.80278,1.14283,0.99997,0.94661,0.94234,0.98949,0.98543,0.7591,1.22204,0.99996,1.08409,0.8187,0.93493
34.34,0.94644,0.95452,1.00747,1.23529,0.57971,1,1.31598,1.00213,0.98413,0.70265,1.29753,0.80232,1.24889,1.13236,0.85855,0.95445,0.94056,1.03601,0.96784,1.02635,0.99598,1.23317,0.86235,1.00003,1.0831,1.09179,1.04426,1.03276,1.20481,0.84625,1.00006,0.93978,1.21312,1.05484,1.06845,1.0862,0.99687,0.76177,1.30169,1,0.40586,0.99904,1.04931,1.29127,0.67902,1.23558,0.79298,0.87254,1.18714,1.04748,1.12134,0.97336,1.06762,0.9813,1.00675,0.8152,1.13842,0.99998,0.94915,0.94639,0.99034,0.98499,0.77311,1.22303,0.99996,1.09647,0.7943,0.92342
34.36,0.94979,0.96765,1.00793,1.24027,0.61825,1,1.32127,1.0074,0.97899,0.69157,1.29918,0.78285,1.25701,1.11908,0.85382,0.97806,0.94478,1.03976,0.97948,1.02816,0.99704,1.22462,0.86936,1.00001,1.07928,1.08617,1.04092,1.03267,1.19642,0.84615,1.00006,0.93144,1.2246,1.06155,1.06472,1.06482,0.99668,0.7515,1.29114,1,0.37886,0.99662,1.06298,1.29497,0.67367,1.24623,0.77724,0.88924,1.19082,1.02396,1.11494,0.97035,1.04559,0.97995,1.00498,0.82867,1.13322,0.99999,0.95196,0.95042,0.99115,0.98503,0.78846,1.2231,0.99995,1.1068,0.77333,0.91307
34.38,0.9537,0.97905,1.01368,1.24286,0.6709,1,1.32503,1.01422,0.97717,0.68349,1.29665,0.77183,1.25893,1.09877,0.84422,1.01644,0.94732,1.04198,0.99477,1.0278,0.99754,1.21493,0.87675,1,1.07485,1.08026,1.03756,1.03138,1.187,0.84793,1.00006,0.92517,1.23216,1.06643,1.06027,1.04417,0.99419,0.74599,1.2744,1,0.35876,0.9934,1.06758,1.29757,0.68182,1.25181,0.77332,0.91269,1.19798,0.99512,1.11097,0.96855,1.01257,0.98022,1.00415,0.84276,1.12756,1,0.95515,0.95453,0.99194,0.98567,0.80474,1.2218,0.99996,1.11419,0.75844,0.90538
34.4,0.95828,0.98853,1.02316,1.24302,0.73642,1,1.32726,1.02243,0.97996,0.67828,1.28909,0.77013,1.25419,1.07401,0.83193,1.06612,0.94817,1.04223,1.02206,1.02546,0.99732,1.20439,0.88392,0.99999,1.06968,1.0738,1.03406,1.02874,1.17679,0.85239,1.00005,0.9223,1.23482,1.06843,1.05497,1.02529,0.98996,0.74564,1.24864,1,0.34638,0.98939,1.06047,1.2992,0.70459,1.25265,0.78286,0.9383,1.20662,0.97776,1.1096,0.96834,0.98574,0.98198,1.00451,0.85682,1.12191,1.00002,0.95879,0.95887,0.99276,0.98695,0.82128,1.21848,0.99996,1.11748,0.75299,0.9022
34.42,0.96351,0.99605,1.0345,1.2407,0.81111,1,1.32797,1.03167,0.98855,0.67572,1.27431,0.7784,1.24076,1.0508,0.81955,1.09703,0.94755,1.04017,1.04813,1.02145,0.99628,1.19351,0.89022,0.99999,1.06367,1.06653,1.03027,1.02465,1.16625,0.86033,1.00004,0.92416,1.23118,1.06644,1.04875,1.00904,0.98463,0.7506,1.20956,1,0.34244,0.9847,1.03672,1.29998,0.74339,1.24852,0.80752,0.9598,1.21477,0.96439,1.1106,0.97002,0.96706,0.98494,1.00625,0.87016,1.11681,1.00004,0.9629,0.9636,0.99363,0.98891,0.83729,1.21232,0.99997,1.11536,0.76042,0.90538
34.44,0.96932,1.00343,1.04613,1.23583,0.88895,1,1.32707,1.04149,1.00734,0.67567,1.24727,0.79701,1.21356,1.03716,0.80928,1.1107,0.94583,1.03563,1.06613,1.01616,0.99438,1.18282,0.89516,0.99998,1.05674,1.05819,1.02612,1.01912,1.15585,0.8722,1.00003,0.93163,1.21913,1.05955,1.04162,0.99799,0.97887,0.76069,1.15089,1,0.34747,0.97949,0.99349,1.3,0.79969,1.23859,0.84888,0.97144,1.22115,0.95768,1.11331,0.97367,0.95282,0.98878,1.00937,0.8822,1.1127,1.00006,0.96749,0.96882,0.99456,0.99151,0.85212,1.20246,0.99997,1.10657,0.78356,0.91618
34.46,0.97568,1.01117,1.05683,1.22839,0.96219,1,1.32446,1.05123,1.04468,0.67812,1.19518,0.82571,1.15981,1.03848,0.80247,1.10867,0.9436,1.02882,1.07642,1.00995,0.99171,1.17279,0.89851,0.99997,1.04888,1.04866,1.02157,1.01223,1.14595,0.88787,1.00002,0.94473,1.19502,1.04732,1.03358,0.99333,0.97327,0.77532,1.06514,1,0.36182,0.97407,0.95737,1.29925,0.87433,1.22125,0.90784,0.97034,1.2252,0.95871,1.11676,0.979,0.94413,0.99318,1.01371,0.89266,1.10988,1.00008,0.97252,0.97452,0.99556,0.99465,0.86541,1.1881,0.99998,1.09006,0.82389,0.93475
34.48,0.98248,1.01604,1.06574,1.2186,1.03898,1,1.32002,1.06008,1.08148,0.68321,1.07841,0.86316,1.04106,1.05343,0.79972,1.09125,0.94166,1.02052,1.08002,1.00322,0.98849,1.16364,0.90028,0.99997,1.04022,1.03807,1.01674,1.0043,1.13674,0.90632,1.00001,0.96238,1.15239,1.03002,1.02466,0.99032,0.96838,0.79326,0.97875,1,0.38539,0.96893,0.91606,1.29766,0.96542,1.19396,0.98319,0.95747,1.2268,0.96708,1.1197,0.98531,0.94098,0.99782,1.01883,0.90157,1.10837,1.0001,0.97784,0.98056,0.99659,0.99815,0.87712,1.16886,0.99999,1.0653,0.88051,0.95976
34.5,0.98953,1.01868,1.0721,1.20722,1.08852,1,1.31362,1.06708,1.11337,0.69123,0.91991,0.90622,0.91684,1.07522,0.80106,1.05777,0.94098,1.01216,1.07827,0.99825,0.98507,1.15539,0.90072,0.99996,1.03111,1.02695,1.01187,0.998,1.12824,0.92552,1,0.98225,1.08017,1.00915,1.01502,0.98867,0.96474,0.81245,0.94548,1,0.41744,0.96469,0.87453,1.29508,1.09469,1.1535,1.09923,0.93712,1.22602,0.98099,1.12072,0.99144,0.94251,1.00466,1.02414,0.90913,1.10799,1.00012,0.98321,0.98659,0.99761,1.00338,0.88742,1.14554,1,1.03325,0.9486,0.98814
34.52,0.9966,1.01961,1.07539,1.19571,1.09807,1,1.30523,1.07134,1.13834,0.7026,0.83105,0.9501,0.83583,1.09676,0.80615,1.0076,0.94253,1.00561,1.0726,0.99524,0.98186,1.14783,0.90019,0.99995,1.02211,1.01618,1.00734,0.99421,1.12032,0.94281,0.99999,1.00245,0.98289,0.99405,1.00498,0.98808,0.96282,0.83025,0.93805,1,0.45642,0.96204,0.83743,1.29128,1.16528,1.09697,1.16421,0.91488,1.22302,0.99779,1.11839,0.99611,0.9474,1.01245,1.02903,0.9157,1.10844,1.00015,0.98831,0.99214,0.99854,1.00967,0.89659,1.12092,1.00002,0.99876,1.03383,1.0284
34.54,1.00671,1.01927,1.07539,1.18597,1.07557,1,1.29485,1.07228,1.15627,0.71774,0.78099,0.98947,0.78176,1.11392,0.8145,0.9749,0.94702,1.00246,1.06434,0.99278,0.97921,1.1406,0.89907,0.99995,1.01377,1.00682,1.00356,0.99112,1.1127,0.95577,0.99999,1.03,0.93356,0.98591,0.99748,0.98829,0.96282,0.84419,0.95498,1,0.50036,0.96145,0.80784,1.28592,1.19528,1.02459,1.19703,0.89542,1.21795,1.02724,1.11145,0.9983,0.95429,1.01861,1.03298,0.92168,1.1094,1.00017,0.99285,0.99676,0.9993,1.01466,0.90506,1.09963,1.00004,0.98385,1.10863,1.06159
34.56,1.01849,1.01817,1.07229,1.17981,1.01066,1,1.28259,1.06971,1.1679,0.73704,0.76558,1.03582,0.75273,1.12532,0.8255,0.95074,0.95468,1.00336,1.05459,0.99098,0.97734,1.13322,0.89768,0.99994,1.00657,0.99995,1.00084,0.98893,1.10501,0.96306,0.99998,1.04516,0.9048,0.98101,0.99287,0.98899,0.96464,0.85253,0.99455,1,0.5471,0.96306,0.78713,1.27852,1.20347,0.97615,1.21214,0.88154,1.21092,1.05099,1.09888,0.99768,0.96208,1.02302,1.03573,0.92752,1.11059,1.00019,0.99664,1.0001,0.99983,1.01813,0.91328,1.0864,1.00005,0.97483,1.14137,1.07903
34.58,1.02822,1.01686,1.06681,1.17826,0.95082,1,1.26874,1.0639,1.17412,0.76064,0.78104,1.06379,0.74559,1.13098,0.83836,0.9326,0.96519,1.00767,1.04429,0.98985,0.97635,1.12515,0.89628,0.99993,1.00088,0.99816,0.99972,0.98771,1.09679,0.96464,0.99998,1.05033,0.89451,0.97936,0.98886,0.98981,0.96778,0.85457,1.08135,1,0.59417,0.96664,0.77552,1.26851,1.19525,0.95474,1.21563,0.87433,1.20217,1.06742,1.08005,0.99465,0.96995,1.02572,1.03717,0.93359,1.11177,1.0002,0.99956,1.00342,1.00022,1.02005,0.9217,1.08339,1.00005,0.9716,1.15167,1.08454
34.6,1.03571,1.01598,1.06029,1.18124,0.89634,1,1.25403,1.05554,1.17562,0.78825,0.82382,1.07321,0.75674,1.1314,0.85205,0.92049,0.97761,1.01379,1.03423,0.98938,0.97625,1.1159,0.89507,0.99993,0.99849,0.99835,0.99976,0.98742,1.08764,0.96167,0.99998,1.04785,0.89902,0.98042,0.98565,0.99036,0.9714,0.85063,1.14392,1,0.63854,0.9716,0.77266,1.25518,1.16998,0.94689,1.21014,0.8738,1.19216,1.0778,1.055,0.99026,0.97729,1.02685,1.03732,0.94018,1.11278,1.00021,1.00303,1.00308,1.00019,1.02051,0.93069,1.08899,1.00006,0.97316,1.14724,1.08105
34.62,1.04081,1.01616,1.05451,1.18773,0.85198,1,1.23977,1.04574,1.17285,0.81924,0.89015,1.06935,0.78244,1.1271,0.86538,0.91377,0.99061,1.01978,1.02509,0.98949,0.97698,1.105,0.89423,0.99993,0.9975,1.00143,1.00121,0.98795,1.07714,0.956,0.99998,1.03999,0.91386,0.98332,0.9834,0.99025,0.97451,0.84174,1.18172,1,0.6769,0.97716,0.77791,1.23764,1.1214,0.95015,1.19665,0.87929,1.18165,1.08336,1.02483,0.98586,0.98368,1.0266,1.03625,0.94751,1.11349,1.00022,1.00499,0.99933,0.99976,1.01968,0.94052,1.09924,1.00006,0.97798,1.13172,1.07103
34.64,1.04371,1.01793,1.05119,1.19638,0.82402,1,1.22757,1.03567,1.16603,0.85284,0.97615,1.0545,0.81924,1.11843,0.8773,0.91157,1.00566,1.02405,1.01734,0.99007,0.97846,1.09193,0.89385,0.99993,0.99745,1.01068,1.00457,0.98918,1.06489,0.94941,0.99998,1.02882,0.93474,0.98721,0.98209,0.98914,0.97626,0.82925,1.20136,1,0.70666,0.98261,0.79055,1.21463,1.03249,0.96215,1.17501,0.89002,1.17153,1.08516,0.99599,0.98266,0.9889,1.02521,1.03409,0.95572,1.1138,1.00021,1.00509,0.99488,0.9991,1.01774,0.95138,1.11042,1.00006,0.98453,1.10715,1.05668
34.66,1.04504,1.02159,1.05137,1.20588,0.81573,1,1.21863,1.02631,1.15519,0.88824,1.10747,1.02947,0.86409,1.10541,0.88717,0.91298,1.02488,1.02568,1.0112,0.99098,0.98058,1.07616,0.89401,0.99993,0.99827,1.02411,1.00961,0.99099,1.05047,0.94325,0.99998,1.01606,0.95811,0.9914,0.98148,0.98682,0.97617,0.81459,1.20668,1,0.72686,0.98745,0.8097,1.18423,0.94858,0.98064,1.14407,0.90528,1.16258,1.08401,0.98169,0.98142,0.99292,1.02301,1.03095,0.96485,1.11367,1.0002,1.00346,0.98808,0.99808,1.01486,0.9634,1.12024,1.00005,0.99162,1.07495,1.03986
34.68,1.04595,1.02712,1.05515,1.21516,0.82908,1,1.21318,1.01834,1.14046,0.92436,1.18143,0.99742,0.91384,1.08787,0.89472,0.9171,1.03826,1.02431,1.00664,0.99205,0.9832,1.05724,0.89472,0.99994,0.99983,1.04101,1.01625,0.99323,1.03359,0.93835,0.99998,1.00308,0.98128,0.99541,0.98107,0.98324,0.97417,0.79924,1.19801,1,0.73859,0.99141,0.83407,1.14381,0.88918,1.00627,1.10208,0.92433,1.15536,1.08063,0.97103,0.98246,0.99585,1.0204,1.027,0.97485,1.11307,1.00018,1.00034,0.97891,0.9967,1.01126,0.97653,1.12765,1.00005,0.99844,1.03677,1.02225
34.7,1.04799,1.03428,1.06173,1.22332,0.86607,1,1.21028,1.01208,1.12237,0.95947,1.22114,0.97898,0.96463,1.06562,0.90002,0.92301,1.04643,1.01998,1.00341,0.99306,0.98615,1.03501,0.896,0.99995,1.00387,1.06035,1.02428,0.99572,1.01422,0.93518,0.99998,0.99559,1.00443,0.99894,0.98013,0.97848,0.97061,0.78477,1.17069,1,0.74464,0.99442,0.86167,1.09054,0.84139,1.04659,1.04763,0.94632,1.15008,1.07568,0.96422,0.98571,0.99788,1.01791,1.02248,0.98544,1.112,1.00015,0.99803,0.96749,0.99496,1.00717,0.99047,1.13226,1.00005,1.00872,0.99761,1.00537
34.72,1.05285,1.04273,1.0699,1.22971,0.93025,1,1.20838,1.00756,1.10205,0.99142,1.24388,0.96313,1.02211,1.03834,0.90351,0.92989,1.05009,1.01295,1.00116,0.99379,0.98922,1.00948,0.89791,0.99996,1.00862,1.08088,1.03338,0.99828,0.99633,0.93398,0.99998,0.99073,1.03529,1.00358,0.97785,0.97266,0.96602,0.77278,1.10761,1,0.74855,0.99654,0.88996,1.0228,0.8057,1.07587,0.99135,0.97046,1.14649,1.06979,0.96109,0.99087,0.99928,1.01609,1.01768,0.99628,1.11039,1.00012,0.99558,0.9541,0.99292,1.00291,1.00936,1.13399,1.00005,1.01797,0.97968,0.9954
34.74,1.06175,1.05224,1.07858,1.23378,1.04952,1,1.20595,1.00462,1.0813,1.03287,1.25664,0.95161,1.07834,1.00509,0.90604,0.93719,1.05014,1.00351,0.99975,0.99409,0.99224,0.99067,0.90071,0.99998,1.01339,1.10141,1.04314,1.00141,0.98548,0.93493,0.99998,0.98701,1.05493,1.00771,0.97352,0.96584,0.96092,0.7648,0.97233,1,0.75347,0.9979,0.91628,0.9754,0.78198,1.09465,0.96472,0.99634,1.14386,1.06336,0.96105,0.99757,1.00062,1.01535,1.01286,1.01391,1.108,1.00008,0.99305,0.93921,0.99061,0.9994,1.03491,1.13263,1.00005,1.0248,0.96689,0.99003
34.76,1.07497,1.06276,1.08715,1.235,1.17508,1,1.20196,1.00296,1.06227,1.06275,1.26256,0.94545,1.10645,0.98349,0.90886,0.94481,1.04793,0.996,0.99905,0.99388,0.99505,0.97661,0.90492,0.99999,1.01768,1.1208,1.05306,1.00554,0.97467,0.93833,0.99998,0.9844,1.06608,1.01033,0.96672,0.95795,0.95565,0.76236,0.86059,1,0.7614,0.99866,0.93842,0.94986,0.76987,1.10395,0.94814,1.04258,1.14085,1.05648,0.96294,1.01072,1.00234,1.01588,1.00829,1.03349,1.10436,1.00003,0.99074,0.92351,0.98814,0.99761,1.05759,1.12769,1.00006,1.02948,0.95909,0.98658
34.78,1.09176,1.07431,1.09528,1.23261,1.24236,1,1.19594,1.00229,1.04722,1.07919,1.26294,0.94512,1.11625,0.96381,0.91367,0.95305,1.04548,0.98966,0.99836,0.9932,0.99752,0.96207,0.91135,1.00001,1.02095,1.13803,1.0625,1.00856,0.96345,0.94455,0.99998,0.98281,1.07037,1.01157,0.95736,0.9488,0.95042,0.76712,0.75014,1,0.77296,0.99896,0.95472,0.93429,0.76906,1.10443,0.9417,1.0838,1.1356,1.04881,0.96502,1.02673,1.00402,1.01757,1.00419,1.05212,1.09866,0.99999,0.98895,0.908,0.98567,0.99629,1.07866,1.11821,1.00007,1.03227,0.95597,0.98494
34.8,1.11069,1.08689,1.10289,1.22533,1.28263,1,1.18805,1.00229,1.03813,1.08616,1.2579,0.95073,1.11063,0.94294,0.92256,0.96252,1.04554,0.98297,0.9976,0.99219,0.99951,0.94628,0.92108,1.00004,1.02259,1.15215,1.07071,1.01009,0.95125,0.95409,0.99997,0.98216,1.06869,1.01155,0.94569,0.93824,0.94531,0.78107,0.64618,1,0.78747,0.99897,0.9641,0.92732,0.77945,1.09601,0.94544,1.11924,1.12542,1.03968,0.96498,1.04237,1.00586,1.02005,1.00083,1.07073,1.08974,0.99997,0.98804,0.89401,0.98341,0.99561,1.09916,1.10255,1.00009,1.0334,0.95721,0.98497
34.82,1.13024,1.1004,1.11,1.21063,1.30871,1,1.17894,1.00265,1.0361,1.08584,1.2465,0.9622,1.08797,0.92027,0.93791,0.97402,1.051,0.97621,0.99667,0.99101,1.00175,0.92841,0.93533,1.00006,1.02199,1.16253,1.07701,1.00968,0.93746,0.96752,0.99996,0.98238,1.06127,1.01039,0.93219,0.92614,0.94033,0.80687,0.55129,1,0.80336,0.9988,0.96614,0.92765,0.80108,1.07746,0.95933,1.15064,1.10627,1.02814,0.9603,1.05706,1.00807,1.02295,0.99925,1.09,1.07594,0.99995,0.98838,0.8829,0.98161,0.99579,1.11978,1.07778,1.00011,1.03302,0.96251,0.9865
34.84,1.14937,1.11458,1.11673,1.18313,1.32673,1,1.16938,1.0031,1.04107,1.0794,1.22639,0.97942,1.04122,0.89531,0.96232,0.98821,1.06377,0.96961,0.9954,0.98972,1.0029,0.90775,0.95542,1.00008,1.0186,1.1689,1.08094,1.00679,0.92152,0.9855,0.99996,0.98343,1.04761,1.00815,0.91728,0.91248,0.93542,0.84809,0.46557,1,0.8191,0.9986,0.96111,0.93408,0.8338,1.04571,0.98312,1.17893,1.07091,1.01314,0.94894,1.0704,1.01108,1.02604,0.99876,1.11022,1.05488,0.99994,0.99024,0.8757,0.98045,0.99707,1.1408,1.03843,1.00013,1.03119,0.97179,0.98944
34.86,1.1675,1.12906,1.12323,1.12913,1.33992,1,1.15995,1.00335,1.05168,1.06748,1.19302,1.00453,0.97913,0.86782,0.99845,1.01052,1.08371,0.96344,0.99345,0.98829,1.00217,0.88381,0.98258,1.0001,1.01197,1.17129,1.08231,1.00082,0.90304,1.01662,0.99995,0.98528,1.0263,1.00486,0.9013,0.89741,0.93049,0.90975,0.38792,1,0.83379,0.99848,0.94999,0.9455,0.87677,0.99718,1.02924,1.20442,1.00341,0.99692,0.9298,1.08207,1.01561,1.02942,0.99907,1.13126,1.02295,0.99992,0.99381,0.87292,0.98004,0.99965,1.16207,0.98754,1.00016,1.02791,0.98516,0.99374
34.88,1.18427,1.14327,1.12964,1.00207,1.34998,1,1.15074,1.00314,1.06578,1.05053,1.13819,1.05198,0.93179,0.83805,1.07658,1.0443,1.10876,0.95802,0.99036,0.98653,0.99962,0.85659,1.03226,1.00012,1.00177,1.16988,1.08117,0.99562,0.88195,1.06202,0.99993,0.98795,0.99733,1.00048,0.88455,0.88137,0.92545,0.99895,0.31724,1,0.84739,0.99858,0.93447,0.96071,0.92734,0.96411,1.0844,1.22709,0.94938,0.98592,0.90305,1.09176,1.02262,1.03352,1.00065,1.15258,0.98801,0.99991,0.9991,0.87457,0.98038,1.00734,1.18305,0.94882,1.0002,1.02309,1.00563,0.99939
34.9,1.19945,1.15656,1.13601,0.89551,1.35786,1,1.1413,1.0022,1.08093,1.02923,1.04883,1.09308,0.88723,0.80669,1.13991,1.07419,1.13587,0.95373,0.98559,0.98414,0.99687,0.82655,1.0909,1.00012,0.99414,1.16486,1.07772,0.98896,0.85857,1.10263,0.99992,0.99145,0.97721,0.99753,0.86747,0.86512,0.92022,1.14611,0.25303,1,0.86063,0.999,0.91673,0.97829,0.98006,0.92909,1.12569,1.24678,0.89029,0.97449,0.87002,1.09907,1.03301,1.03895,1.00526,1.17339,0.96064,0.99991,1.01153,0.88031,0.9814,1.01809,1.20302,0.90689,1.00024,1.01663,1.04402,1.01228
34.92,1.21284,1.16838,1.14235,0.79242,1.36412,1,1.13053,1.00029,1.09505,1.00478,0.96473,1.12722,0.8503,0.77463,1.18824,1.09935,1.16235,0.95093,0.97872,0.98077,0.99271,0.79451,1.13769,1.00013,0.98624,1.15634,1.07218,0.98036,0.83345,1.13759,0.99991,0.99576,0.95436,0.99437,0.85059,0.84953,0.91482,1.22206,0.19532,1,0.87491,0.99987,0.89911,0.99662,1.04661,0.89399,1.15419,1.26358,0.82794,0.96329,0.83273,1.10368,1.04711,1.04637,1.0121,1.19299,0.93134,0.9999,1.02619,0.88962,0.983,1.03128,1.22142,0.86349,1.00029,1.0084,1.0805,1.02695
34.94,1.22434,1.17837,1.1486,0.69616,1.36909,1,1.11658,0.99858,1.10665,0.9901,0.92568,1.15499,0.82372,0.74248,1.22449,1.12026,1.18654,0.94976,0.96974,0.97606,0.98699,0.76132,1.17451,1.00012,0.97748,1.14408,1.06468,0.96978,0.80719,1.16701,0.99989,1.00158,0.92955,0.99086,0.83448,0.83539,0.90928,1.26656,0.14441,1,0.89225,1.00254,0.88379,1.0261,1.08907,0.86017,1.17216,1.27782,0.7657,0.95264,0.79327,1.10557,1.06419,1.0563,1.02119,1.21093,0.90118,0.99991,1.04139,0.90216,0.98508,1.04651,1.23795,0.82014,1.00034,0.9992,1.11358,1.04211
34.96,1.23388,1.18644,1.15466,0.6094,1.37299,1,1.09647,0.99635,1.11474,0.97984,0.90998,1.17743,0.80815,0.71049,1.25147,1.13834,1.20766,0.95003,0.95923,0.96973,0.9796,0.72781,1.2034,1.00011,0.96803,1.12729,1.05506,0.95727,0.78038,1.19141,0.99987,1.01227,0.90387,0.98713,0.81983,0.8233,0.90368,1.29485,0.10075,1,0.91519,1.00647,0.87261,1.05013,1.10401,0.82847,1.18185,1.28994,0.70657,0.94223,0.75358,1.10514,1.08245,1.06891,1.0324,1.22703,0.87111,0.99992,1.05668,0.91785,0.98763,1.06326,1.25255,0.77812,1.0004,0.99365,1.14232,1.057
34.98,1.2413,1.1925,1.16035,0.53399,1.37598,1,1.06511,0.99345,1.11848,0.97232,0.91411,1.19548,0.80272,0.67884,1.27129,1.15534,1.2254,0.95115,0.94842,0.96162,0.97057,0.69497,1.22602,1.00009,0.95799,1.10439,1.04292,0.94301,0.75377,1.21134,0.99985,1.02259,0.8789,0.98341,0.8075,0.81376,0.89822,1.31373,0.06494,1,0.94681,1.01151,0.8673,1.06606,1.10019,0.79947,1.18509,1.30035,0.65336,0.93121,0.71564,1.10333,1.09953,1.08394,1.04541,1.24113,0.84206,0.99993,1.07175,0.9369,0.99066,1.08085,1.2652,0.73875,1.00046,0.98804,1.16611,1.07072
35,1.24634,1.19647,1.16538,0.47127,1.37814,1,1.01255,0.98992,1.11686,0.96816,0.93262,1.20982,0.80553,0.64788,1.28544,1.17274,1.23966,0.95222,0.93911,0.95176,0.96003,0.66404,1.24351,1.00006,0.94753,1.07256,1.02759,0.92743,0.72832,1.22719,0.99983,1.03159,0.85659,0.98004,0.79861,0.80731,0.89321,1.32657,0.03763,1,0.99083,1.01748,0.8696,1.07436,1.08211,0.77379,1.18342,1.30927,0.60877,0.91848,0.68148,1.10157,1.11303,1.10069,1.05968,1.25313,0.81515,0.99996,1.08634,0.95969,0.99423,1.09847,1.27588,0.70347,1.00052,0.98293,1.18457,1.08231
35.02,1.24874,1.19818,1.16947,0.42183,1.37954,1,0.96609,0.98592,1.1086,0.96782,0.95854,1.22091,0.81418,0.61825,1.29499,1.19099,1.25053,0.95231,0.93315,0.94042,0.94827,0.63619,1.25678,1.00002,0.9368,1.02668,1.00804,0.91108,0.70503,1.23936,0.99981,1.03842,0.83893,0.97737,0.79423,0.80448,0.88901,1.33529,0.01918,1,1.07946,1.02408,0.88113,1.07501,1.0539,0.75204,1.17816,1.31685,0.5748,0.9032,0.65289,1.10142,1.12115,1.11815,1.07453,1.26302,0.79143,0.99999,1.10022,0.98673,0.9984,1.11538,1.28464,0.67362,1.00057,0.97892,1.19765,1.09094
35.04,1.24835,1.19743,1.17235,0.38525,1.38026,1,0.92008,0.98167,1.09212,0.97155,0.98458,1.22917,0.82636,0.59097,1.30085,1.20923,1.25826,0.95079,0.93183,0.92819,0.93573,0.61218,1.26662,0.99998,0.92597,0.98066,0.99178,0.8946,0.68457,1.24829,0.99979,1.04249,0.82731,0.97571,0.79495,0.80573,0.88598,1.34109,0.00951,1,1.15088,1.03087,0.90286,1.06762,1.02149,0.73467,1.17046,1.32313,0.55217,0.88548,0.63101,1.10391,1.1229,1.13512,1.08928,1.27092,0.77156,1.00005,1.11326,1.03371,1.00637,1.131,1.29165,0.64993,1.00063,0.97647,1.20561,1.09613
35.06,1.24524,1.19399,1.17387,0.3606,1.38034,1,0.87117,0.97753,1.06566,0.9792,1.00894,1.2349,0.84027,0.56743,1.30375,1.22574,1.26321,0.94767,0.93544,0.91604,0.92297,0.59224,1.27375,0.99996,0.91517,0.94488,0.97791,0.87866,0.66727,1.25449,0.99978,1.04357,0.82237,0.97517,0.8006,0.81137,0.88435,1.34472,0.00834,1,1.20158,1.0373,0.9346,1.05154,0.99668,0.72194,1.1612,1.32808,0.54041,0.8668,0.61631,1.10891,1.11808,1.15034,1.10324,1.27708,0.75575,1.00014,1.12538,1.08494,1.01683,1.1449,1.29713,0.63254,1.00067,0.9758,1.20885,1.09775
35.08,1.23978,1.18758,1.17392,0.34699,1.37982,1,0.82323,0.97401,1.02795,0.99012,1.02663,1.23829,0.85465,0.54962,1.30429,1.23862,1.26563,0.94362,0.9432,0.90537,0.9108,0.57637,1.27872,0.99992,0.90463,0.90791,0.96262,0.86409,0.65323,1.25835,0.99977,1.04176,0.82408,0.97577,0.81009,0.82153,0.8843,1.34664,0.01543,1,1.23686,1.04263,0.9742,1.02606,0.98969,0.71414,1.15106,1.33157,0.5382,0.85008,0.60889,1.11517,1.10723,1.16255,1.11566,1.28175,0.74393,1.00023,1.13644,1.12674,1.02798,1.15669,1.30131,0.62125,1.00071,0.97691,1.20774,1.09594
35.1,1.23289,1.17785,1.1724,0.34401,1.37867,1,0.78065,0.97175,0.9906,1.00617,1.02318,1.23936,0.86866,0.5401,1.30296,1.24616,1.26567,0.93993,0.95331,0.89799,0.90026,0.56456,1.28192,0.99989,0.89468,0.87097,0.94624,0.8519,0.64258,1.26018,0.99976,1.03738,0.83191,0.97735,0.82141,0.83615,0.88593,1.34705,0.03073,1,1.26065,1.04597,1.0306,0.99563,0.9911,0.71163,1.14059,1.33335,0.54365,0.83926,0.60876,1.12068,1.09199,1.17043,1.12579,1.2851,0.73595,1.00034,1.14624,1.16045,1.03949,1.16594,1.30433,0.61579,1.00073,0.97954,1.20252,1.09103
35.12,1.22596,1.1644,1.16916,0.35183,1.37682,1,0.74723,0.97141,0.97041,1.03061,0.99926,1.23799,0.88186,0.54155,1.3002,1.2468,1.26331,0.93806,0.96353,0.89561,0.89243,0.55685,1.28357,0.99985,0.88577,0.83549,0.92932,0.84315,0.63546,1.26014,0.99976,1.03089,0.84512,0.9797,0.83209,0.85489,0.88933,1.34597,0.05448,1,1.27585,1.04647,1.08378,0.97719,1.00107,0.71483,1.13013,1.33308,0.55477,0.8383,0.61599,1.1234,1.07519,1.17288,1.13297,1.28724,0.73169,1.00044,1.15454,1.18723,1.05095,1.17226,1.30629,0.61593,1.00074,0.98334,1.19321,1.08343
35.14,1.22051,1.14682,1.16401,0.3711,1.37411,1,0.72519,0.97341,0.9572,1.05069,0.97726,1.23396,0.89417,0.5561,1.29624,1.23878,1.25839,0.93911,0.97201,0.89926,0.88805,0.5533,1.28379,0.99982,0.87832,0.80278,0.91252,0.83858,0.63204,1.25823,0.99976,1.0227,0.86298,0.98261,0.84003,0.87715,0.8946,1.3432,0.08763,1,1.2846,1.04352,1.11163,0.96057,1.03106,0.72407,1.11981,1.33032,0.57007,0.84987,0.63064,1.12188,1.06,1.1691,1.13685,1.2882,0.73114,1.00055,1.16117,1.20818,1.0619,1.17547,1.30721,0.62161,1.00074,0.98798,1.17952,1.07352
35.16,1.2175,1.12492,1.15666,0.40286,1.37021,1,0.71508,0.97776,0.952,1.06614,0.94972,1.22699,0.90581,0.58487,1.29106,1.21922,1.2506,0.94345,0.97813,0.90878,0.88742,0.55407,1.28253,0.99979,0.87266,0.774,0.8966,0.83847,0.63248,1.25434,0.99977,1.01311,0.88492,0.98592,0.84426,0.90184,0.90179,1.33836,0.13225,1,1.28831,1.03694,1.12144,0.94675,1.06392,0.73935,1.10951,1.32445,0.58919,0.87452,0.65269,1.11543,1.04829,1.15876,1.13741,1.28799,0.73439,1.00064,1.16601,1.22425,1.07192,1.17555,1.30709,0.63295,1.00071,0.9932,1.1607,1.06157
35.18,1.21686,1.09941,1.14677,0.44814,1.36447,1,0.71631,0.98403,0.95441,1.07739,0.92054,1.21686,0.91721,0.62726,1.28418,1.18341,1.23954,0.9506,0.98261,0.92255,0.89028,0.55936,1.27964,0.99976,0.86913,0.75044,0.88258,0.84261,0.63697,1.2482,0.99978,1.00233,0.91039,0.98948,0.84514,0.92706,0.91092,1.33079,0.19182,1,1.28787,1.02711,1.11696,0.93606,1.09409,0.76019,1.09887,1.31463,0.61299,0.90982,0.68177,1.10422,1.03924,1.14237,1.13489,1.28655,0.74167,1.00072,1.16896,1.23604,1.08046,1.17264,1.30588,0.65017,1.00068,0.99882,1.13549,1.04777
35.2,1.21752,1.07301,1.13399,0.5074,1.35568,1,0.72747,0.99131,0.96291,1.08508,0.89388,1.2035,0.92891,0.67995,1.27456,1.1257,1.22486,0.95931,0.98737,0.9375,0.89596,0.56948,1.2748,0.99974,0.86808,0.73361,0.87172,0.85042,0.64575,1.23939,0.99979,0.99539,0.93865,0.99314,0.84423,0.94986,0.9219,1.31944,0.27164,1,1.28373,1.01515,1.10014,0.92842,1.11825,0.78543,1.08734,1.3,0.64359,0.94963,0.71686,1.08951,1.02919,1.12236,1.12976,1.28372,0.75331,1.00078,1.16982,1.24381,1.0869,1.16703,1.30345,0.67353,1.00063,1.00912,1.10214,1.03243
35.22,1.21789,1.05102,1.11796,0.58017,1.34117,1,0.74678,0.99844,0.97527,1.08985,0.87344,1.18706,0.94149,0.73665,1.26033,1.04712,1.20633,0.9679,0.99465,0.94986,0.90358,0.58483,1.26747,0.99973,0.86989,0.72507,0.86532,0.86106,0.65911,1.22726,0.99981,0.98966,0.96864,0.99675,0.84372,0.96674,0.93451,1.30269,0.37972,1,1.27604,1.00279,1.0723,0.92354,1.13492,0.81343,1.07416,1.28016,0.68396,0.98492,0.75625,1.07371,1.01284,1.10374,1.12266,1.27929,0.76974,1.00083,1.16834,1.24756,1.09063,1.15904,1.29959,0.70332,1.00058,1.01996,1.05848,1.016
35.24,1.21644,1.03969,1.09829,0.66525,1.31384,1,0.77256,1.00859,0.98923,1.0922,0.86166,1.16781,0.95555,0.78997,1.23825,0.98747,1.18383,0.97496,1.01139,0.95671,0.9123,0.6059,1.25684,0.99972,0.87481,0.72594,0.86433,0.87374,0.67739,1.21083,0.99983,0.98424,0.99898,1.00032,0.84571,0.97478,0.94843,1.27763,0.52891,1,1.26457,0.99606,1.03473,0.92109,1.14389,0.8426,1.05843,1.25591,0.73719,1.01394,0.79798,1.05964,0.9928,1.09248,1.11418,1.27289,0.79132,1.00084,1.16419,1.24718,1.09121,1.14897,1.29397,0.73982,1.00052,1.02976,1.00216,0.99959
35.26,1.21193,1.04261,1.07475,0.76108,1.24668,1,0.80359,1.01636,1.00591,1.09242,0.85956,1.14591,0.97156,0.83464,1.20252,0.97784,1.15743,0.97984,1.03719,0.95732,0.92155,0.63318,1.24166,0.99973,0.88296,0.73667,0.86913,0.8879,0.70086,1.1887,0.99985,0.97949,1.048,1.00628,0.85179,0.97275,0.96319,1.23855,0.74077,1,1.24854,0.99237,0.99477,0.92087,1.14545,0.87183,1.03902,1.22941,0.80536,1.02419,0.84009,1.0493,0.97516,1.09143,1.10473,1.26404,0.81821,1.00084,1.15708,1.24243,1.08842,1.13698,1.28612,0.7831,1.00046,1.038,0.97154,0.99189
35.28,1.20324,1.05818,1.04769,0.86538,0.95347,1,0.83891,1.02037,1.02819,1.09058,0.86691,1.12132,0.9898,0.87018,1.14229,0.99094,1.12767,0.98278,1.06096,0.95359,0.93104,0.66684,1.22023,0.99974,0.89419,0.75692,0.87949,0.90308,0.72954,1.15911,0.99987,0.97593,1.08082,1.01095,0.86288,0.96143,0.97807,1.17274,1.0777,1,1.22649,0.99041,0.97397,0.92278,1.13995,0.90052,1.01473,1.20243,0.88764,1.01016,0.8805,1.0428,0.95703,1.0977,1.09453,1.25209,0.85005,1.0008,1.14671,1.23291,1.08231,1.12313,1.2754,0.83249,1.0004,1.04398,0.9481,0.98575
35.3,1.18909,1.08089,1.01876,0.97439,0.71269,1,0.87764,1.02133,1.04436,1.08661,0.88245,1.09373,1.01919,0.90171,1.03753,1.02425,1.09624,0.98478,1.07713,0.9495,0.94064,0.70651,1.19028,0.99975,0.90804,0.78544,0.89454,0.91892,0.76294,1.12032,0.99989,0.97424,1.09982,1.01396,0.87935,0.94337,0.99194,1.04682,1.25871,1,1.19589,0.98994,0.95771,0.92687,1.12775,0.92848,0.99254,1.1722,0.97738,0.99267,0.91683,1.03826,0.94351,1.10431,1.08363,1.23635,0.88561,1.00075,1.13293,1.2181,1.07319,1.10747,1.26103,0.8859,1.00034,1.04677,0.93267,0.98176
35.32,1.1676,1.10501,0.99578,1.11231,0.57805,1,0.91894,1.02021,1.0552,1.08023,0.90411,1.06249,1.05418,0.9382,0.94965,1.04494,1.06635,0.98722,1.08122,0.9498,0.95041,0.75129,1.14893,0.99978,0.92388,0.82016,0.91298,0.93507,0.80018,1.07141,0.99991,0.97507,1.10634,1.01495,0.9012,0.92181,1.00685,0.92519,1.30212,1,1.1523,0.99049,0.9462,0.93327,1.10932,0.9558,0.97709,1.12635,1.09009,0.9857,0.94656,1.03258,0.93992,1.10383,1.07191,1.21595,0.92293,1.00067,1.11568,1.19744,1.06161,1.09003,1.24197,0.93981,1.00028,1.04541,0.927,0.98043
35.34,1.13538,1.12711,0.98614,1.17987,0.50209,1,0.96228,1.01805,1.06143,1.07104,0.92942,1.02634,1.08316,0.98915,0.90737,1.0251,1.04233,0.99127,1.06941,0.95824,0.96047,0.80031,1.09244,0.99981,0.941,0.85867,0.93335,0.95134,0.84041,1.01297,0.99993,0.9788,1.1006,1.01377,0.92837,0.89951,1.02181,0.85245,1.31957,1,1.08666,0.99155,0.93935,0.94216,1.08536,0.98281,0.96206,1.02892,1.14244,0.9924,0.96767,1.02277,0.9501,1.08986,1.0591,1.18962,0.9598,1.00058,1.09492,1.17028,1.04826,1.07075,1.2166,0.99035,1.00022,1.03917,0.932,0.98202
35.36,1.08569,1.14594,0.9813,1.21533,0.46112,1,1.01451,1.0159,1.06358,1.05854,0.95566,0.992,1.10615,1.09179,0.89228,0.97154,1.02803,0.99753,1.03689,0.97659,0.97103,0.85307,1.01592,0.99984,0.95878,0.89849,0.95425,0.96771,0.88317,0.97724,0.99995,0.98534,1.08211,1.01056,0.96085,0.87821,1.02897,0.79895,1.32756,1,0.98936,0.99259,0.93694,0.95366,1.05723,1.01894,0.94833,0.92022,1.15774,1.03067,0.97923,1.00668,0.97538,1.05522,1.04476,1.15516,0.99431,1.00048,1.0706,1.13601,1.03391,1.04937,1.18192,1.05751,1.00016,1.02781,0.9471,0.98628
35.38,1.00414,1.16146,0.98101,1.23766,0.43986,1,1.08358,1.01473,1.06198,1.04221,0.97971,0.97091,1.12299,1.16777,0.90065,0.90846,1.02506,1.01134,0.98892,1.00816,0.98226,0.9094,0.96557,0.99988,0.97657,0.93688,0.97422,0.9842,0.92824,0.95537,0.99997,0.99396,1.05054,1.00591,0.99845,0.85879,1.02939,0.75694,1.33138,1,0.92875,0.99315,0.93874,0.96777,1.02791,1.06204,0.93706,0.82166,1.14944,1.08767,0.98155,0.99203,1.02582,0.99442,1.02843,1.10868,1.04344,1.00036,1.04292,1.09481,1.01956,1.02548,1.13228,1.10034,1.0001,1.01187,0.96985,0.99237
35.4,0.9489,1.17404,0.98458,1.25425,0.42581,1,1.13072,1.01548,1.05679,1.02156,0.99796,0.95091,1.13319,1.2164,0.92715,0.84033,1.03213,1.02827,0.95507,1.06194,0.99421,0.96911,0.93371,0.99992,0.99352,0.9707,0.99162,1.0015,0.97535,0.93964,0.99998,1.00654,1.00823,1.00083,1.06571,0.84162,1.02415,0.72014,1.3338,1,0.87467,0.99279,0.94447,0.98424,1.00296,1.09573,0.92964,0.73172,1.11991,1.1365,0.97598,0.97943,1.08921,0.9525,1.00967,1.04329,1.07755,1.00023,1.01272,1.04927,1.00649,0.99936,1.05623,1.12574,1.00005,0.99666,0.99554,0.99894
35.42,0.89945,1.18406,0.99109,1.26848,0.40859,1,1.16483,1.01896,1.04813,0.99809,1.01355,0.9321,1.13605,1.24675,0.96501,0.78174,1.04602,1.04343,0.92607,1.10148,1.01318,1.05395,0.91185,0.99996,1.01662,0.99678,1.00944,1.03145,1.04246,0.92844,1.00001,1.02204,0.98373,0.99832,1.11475,0.82694,1.01425,0.68382,1.33665,1,0.8263,0.99111,0.95376,1.00528,0.99491,1.12255,0.92748,0.65863,1.06657,1.17081,0.96457,0.96735,1.13031,0.91447,0.99422,0.97649,1.09821,1.00011,0.99132,1.00597,0.99811,0.98563,0.96975,1.14165,0.99999,0.98835,1.03228,1.00843
35.44,0.85546,1.19162,0.99967,1.2817,0.38276,1,1.19058,1.02566,1.03626,0.98422,1.01027,0.91451,1.13076,1.26523,1.0138,0.74084,1.06315,1.05542,0.90673,1.12728,1.0362,1.12506,0.89903,1.00001,1.03827,1.02409,1.0239,1.05659,1.10427,0.92033,1.00005,1.0321,0.97256,0.99725,1.14995,0.81517,1.00054,0.64518,1.34071,1,0.7829,0.98778,0.96598,1.0402,0.99618,1.14423,0.93145,0.60523,0.9921,1.19152,0.9495,0.95723,1.15295,0.88533,0.98328,0.93365,1.10944,0.99999,0.97901,0.98809,0.99505,0.97253,0.91405,1.15224,0.99996,0.98264,1.05198,1.01361
35.46,0.81831,1.19654,1.01833,1.29412,0.34967,1,1.21064,1.03568,1.02186,0.9702,0.99359,0.89803,1.11639,1.27594,1.07499,0.71993,1.08064,1.0639,0.89901,1.14183,1.05735,1.16993,0.89402,1.00009,1.05339,1.03407,1.02825,1.07815,1.1461,0.91411,1.00009,1.03589,0.97297,0.99751,1.17505,0.80719,0.99214,0.60363,1.34556,1,0.74391,0.9826,0.98006,1.07034,1.00916,1.16214,0.94161,0.57039,0.95062,1.20124,0.93286,0.94974,1.16113,0.86704,0.97211,0.8955,1.11366,0.99993,0.96966,0.98276,0.99408,0.95991,0.86521,1.15986,0.99993,0.98042,1.05129,1.01235
35.48,0.78948,1.1982,1.03686,1.3054,0.31623,1,1.22651,1.04864,1.00648,0.9563,0.97561,0.88249,1.09206,1.28143,1.11233,0.71789,1.0964,1.06924,0.90253,1.14767,1.07682,1.20057,0.89539,1.00017,1.06357,1.02989,1.02461,1.09701,1.17603,0.90894,1.00013,1.03308,0.98532,0.99915,1.19219,0.80444,0.98349,0.56054,1.35011,1,0.70911,0.97554,0.99425,1.0961,1.03317,1.17722,0.95696,0.55126,0.91852,1.20216,0.91666,0.94486,1.15746,0.85928,0.96073,0.86164,1.11251,0.99987,0.96297,0.98502,0.99489,0.94764,0.82247,1.1659,0.9999,0.98207,1.02934,1.00432
35.5,0.7708,1.19546,1.0542,1.31509,0.29146,1,1.23904,1.06373,0.99654,0.94291,0.95683,0.86785,1.05774,1.28334,1.13561,0.73168,1.10897,1.07226,0.91507,1.147,1.09464,1.22235,0.90141,1.00024,1.07017,1.01678,1.01536,1.11368,1.19799,0.90433,1.00017,1.02355,1.01592,1.00387,1.20236,0.80897,0.97467,0.51859,1.35327,1,0.67877,0.96674,1.0118,1.11781,1.05588,1.19009,0.97536,0.54439,0.89499,1.19585,0.90281,0.94206,1.14358,0.86018,0.94925,0.83208,1.1074,0.99982,0.95845,0.99184,0.99688,0.93568,0.78566,1.17108,0.99987,0.98751,0.99122,0.99502
35.52,0.76421,1.18658,1.06998,1.32295,0.28345,1,1.24871,1.07986,0.99276,0.93044,0.94286,0.85414,1.01579,1.28278,1.15062,0.75717,1.11747,1.07388,0.93332,1.14177,1.11071,1.23805,0.91009,1.00031,1.07438,1.00123,1.00359,1.12844,1.2142,0.90003,1.00021,1.00718,1.06425,1.01079,1.20579,0.82308,0.96597,0.48051,1.35426,1,0.65334,0.95656,1.02398,1.13575,1.07141,1.2011,0.99391,0.54641,0.87806,1.18353,0.89293,0.94054,1.12092,0.86712,0.93789,0.80702,1.09979,0.99977,0.95549,0.99942,0.99929,0.92408,0.75483,1.17574,0.99984,0.99633,0.9604,0.98597
35.54,0.7713,1.16894,1.08402,1.32904,0.29849,1,1.25595,1.09581,0.99301,0.91924,0.93761,0.8415,0.98715,1.28046,1.16083,0.79026,1.12163,1.07487,0.95391,1.13362,1.12493,1.24944,0.91925,1.00037,1.0773,0.99613,0.9967,1.1414,1.22613,0.89593,1.00024,0.99228,1.10468,1.01804,1.2021,0.84875,0.9576,0.44815,1.35239,1,0.63304,0.94562,1.02319,1.15027,1.07697,1.21047,1.01842,0.55473,0.86562,1.16618,0.88795,0.9396,1.09105,0.87754,0.92693,0.78643,1.09144,0.99972,0.9534,1.00716,1.00257,0.913,0.72978,1.18004,0.99981,1.01507,0.92846,0.97627
35.56,0.79294,1.13842,1.09621,1.33355,0.34243,1,1.26114,1.11031,0.99774,0.90959,0.94256,0.83015,0.97323,1.27667,1.16827,0.82763,1.12166,1.07564,0.97427,1.12376,1.13715,1.25774,0.92657,1.00042,1.08,0.99939,0.99465,1.15261,1.2349,0.89198,1.00027,0.97959,1.13487,1.02468,1.19022,0.88699,0.94981,0.42236,1.34657,1,0.61773,0.93481,1.00776,1.16174,1.07172,1.21832,1.0369,0.56791,0.85604,1.14446,0.88792,0.93888,1.05576,0.88953,0.91673,0.76988,1.08453,0.99968,0.95144,1.00114,1.00416,0.90267,0.70991,1.18405,0.9998,1.03784,0.89967,0.9672
35.58,0.8291,1.08819,1.10639,1.33666,0.42169,1,1.26464,1.12209,1.01302,0.90176,0.95671,0.82048,0.96718,1.27133,1.17405,0.86683,1.11827,1.07615,0.99283,1.11304,1.14716,1.26389,0.92953,1.00047,1.08352,1.02654,0.9975,1.16191,1.24138,0.88823,1.00028,0.96695,1.15472,1.02978,1.16814,0.93712,0.94288,0.40355,1.33449,1,0.60706,0.92535,0.98832,1.17042,1.05602,1.22461,1.0445,0.58579,0.84829,1.1188,0.89198,0.93838,1.01704,0.9019,0.90779,0.7567,1.08166,0.99964,0.94884,0.9868,1.00195,0.89349,0.69437,1.18775,0.99978,1.05836,0.8778,0.9601
35.6,0.87843,1.00727,1.11426,1.33849,0.54045,1,1.2667,1.12983,1.03462,0.89606,0.97673,0.8131,0.9688,1.26391,1.17866,0.90622,1.11273,1.07603,1.01715,1.10188,1.15456,1.26853,0.92563,1.00051,1.08878,1.07193,1.01348,1.16903,1.24619,0.88478,1.00029,0.95591,1.16415,1.0324,1.13241,0.9957,0.93725,0.39208,1.31123,1,0.60065,0.91878,0.96763,1.17642,1.03174,1.2292,1.04248,0.6093,0.8419,1.08945,0.8985,0.9385,0.98903,0.91405,0.90079,0.74615,1.08543,0.99961,0.94487,0.96011,0.99728,0.88608,0.6823,1.19107,0.99978,1.07474,0.86644,0.9564
35.62,0.93816,0.95535,1.11954,1.33911,0.68913,1,1.2675,1.13242,1.05666,0.89272,0.99799,0.80867,0.97728,1.25339,1.18221,0.945,1.10675,1.07468,1.04059,1.09036,1.15895,1.27215,0.91292,1.00055,1.09631,1.12453,1.04325,1.17362,1.2498,0.88171,1.00028,0.94793,1.16225,1.03172,1.07738,1.08491,0.93332,0.38815,1.26785,1,0.5981,0.91651,0.94461,1.17981,1.00291,1.23186,1.03167,0.64035,0.83682,1.0563,0.90532,0.93978,0.97269,0.92591,0.89647,0.73756,1.09725,0.99958,0.93899,0.92028,0.99058,0.8811,0.67292,1.19395,0.99978,1.0858,0.86878,0.95737
35.64,1.00906,0.91832,1.12208,1.33858,0.82155,1,1.26725,1.1293,1.07686,0.8917,1.03035,0.80763,0.99129,1.23799,1.18463,0.98329,1.10213,1.07155,1.05859,1.07829,1.16006,1.27507,0.89083,1.00057,1.10591,1.17396,1.07935,1.17548,1.25255,0.87888,1.00026,0.94389,1.14667,1.02717,0.99658,1.13467,0.93138,0.3915,1.20297,1,0.5989,0.91923,0.9216,1.18083,0.98815,1.23248,1.01264,0.68141,0.83331,1.01844,0.91045,0.94273,0.95893,0.93764,0.89537,0.73036,1.11631,0.99957,0.93115,0.86975,0.98092,0.87904,0.66561,1.19654,0.9998,1.09117,0.88698,0.96375
35.66,1.10368,0.8949,1.12197,1.33707,0.849,1,1.26614,1.12071,1.0942,0.89244,1.05317,0.81001,1.01701,1.21477,1.18568,1.03923,1.1003,1.06627,1.07324,1.0653,1.15776,1.2775,0.86062,1.00058,1.1166,1.21454,1.11577,1.17459,1.25463,0.87585,1.00023,0.94382,1.11237,1.01867,0.95016,1.15983,0.93147,0.40103,1.18395,1,0.60239,0.9265,0.9002,1.18009,0.97805,1.23106,0.99342,0.73522,0.83176,0.98769,0.91245,0.94759,0.94686,0.94953,0.89766,0.72419,1.13969,0.99956,0.92192,0.81341,0.96888,0.88003,0.65996,1.19926,0.99982,1.09126,0.92158,0.97542
35.68,1.15585,0.88626,1.11951,1.33489,0.71737,1,1.26446,1.10821,1.10839,0.8939,1.07075,0.81537,1.04748,1.17844,1.185,1.09274,1.10195,1.05877,1.08577,1.051,1.15212,1.27952,0.82531,1.00058,1.12681,1.24492,1.14772,1.17109,1.25615,0.87186,1.00019,0.94689,1.04958,1.00682,0.91179,1.16816,0.93334,0.41436,1.2568,1,0.60762,0.93643,0.88142,1.17862,0.96943,1.22781,0.98026,0.80419,0.83275,0.96639,0.91065,0.9543,0.93584,0.96184,0.90314,0.71894,1.16374,0.99956,0.91256,0.75764,0.95572,0.88386,0.65578,1.20275,0.99985,1.0872,0.97049,0.99118
35.7,1.18659,0.89338,1.11523,1.33267,0.49061,1,1.26258,1.09562,1.11942,0.89457,1.09022,0.82284,1.0692,1.1187,1.18208,1.13391,1.10695,1.04929,1.09679,1.03508,1.14337,1.28109,0.789,1.00056,1.1347,1.26597,1.17252,1.16533,1.2571,0.86595,1.00014,0.95147,0.97502,0.99664,0.88207,1.16134,0.93653,0.42753,1.3219,1,0.61338,0.94576,0.86594,1.17794,0.95891,1.22311,0.96958,0.88971,0.83702,0.94489,0.90509,0.96248,0.92557,0.97465,0.91124,0.71475,1.18543,0.99957,0.90495,0.70903,0.9432,0.88998,0.65315,1.20776,0.99989,1.08098,1.0478,1.01649
35.72,1.20457,0.9175,1.10983,1.33125,0.2712,1,1.26093,1.08885,1.12746,0.89274,1.11652,0.83131,1.08019,1.01182,1.17618,1.16728,1.11446,1.03832,1.10646,1.0174,1.13195,1.28215,0.75553,1.00054,1.1386,1.27924,1.18936,1.15777,1.2574,0.85717,1.00009,0.95555,0.93043,0.99057,0.86124,1.13563,0.94045,0.4357,1.35574,1,0.61836,0.95051,0.85414,1.17979,0.94273,1.21754,0.96371,0.99138,0.84535,0.92266,0.89648,0.97151,0.91608,0.98789,0.92116,0.7119,1.20316,0.99959,0.90105,0.67274,0.9332,0.89765,0.6523,1.21481,0.99993,1.07525,1.11251,1.04329
35.74,1.21388,0.96033,1.104,1.3314,0.10469,1,1.25992,1.0934,1.13279,0.88703,1.14917,0.83973,1.07957,0.93407,1.16646,1.19471,1.12321,1.0265,1.1146,0.99904,1.11831,1.28261,0.7273,1.00051,1.1373,1.28623,1.19857,1.14889,1.25698,0.84497,1.00004,0.95744,0.90062,0.98624,0.8492,1.07703,0.94455,0.43487,1.37265,1,0.6214,0.94734,0.84607,1.1854,0.9187,1.21173,0.96405,1.13229,0.85842,0.8998,0.88602,0.98079,0.90772,1.00256,0.93215,0.71064,1.21668,0.99961,0.90236,0.65149,0.9271,0.90618,0.65348,1.22395,0.99997,1.07255,1.14564,1.06035
35.76,1.21659,1.04217,1.09828,1.33332,0,1,1.25979,1.11045,1.13584,0.87668,1.1832,0.84735,1.06708,0.87511,1.15191,1.21682,1.1318,1.01444,1.12072,0.98951,1.10282,1.28245,0.70501,1.00047,1.13003,1.288,1.20086,1.13909,1.25578,0.82945,1,0.95621,0.88747,0.98418,0.84551,0.97306,0.94843,0.42373,1.38095,1,0.62177,0.9347,0.84135,1.19499,0.88736,1.20622,0.97068,1.19815,0.87652,0.87725,0.87528,0.98979,0.90117,1.02654,0.9436,0.71109,1.22654,0.99964,0.90949,0.64583,0.92551,0.91504,0.65681,1.23458,1.00001,1.07431,1.15835,1.06796
35.78,1.21366,1.13495,1.09306,1.33656,0,1,1.26064,1.136,1.13718,0.8618,1.21335,0.85375,1.04326,0.82993,1.13146,1.23363,1.13872,1.00277,1.12405,0.98111,1.0859,1.28168,0.68817,1.00042,1.11644,1.28517,1.19689,1.12871,1.25379,0.81143,0.99997,0.95192,0.89043,0.98443,0.84949,0.89092,0.95187,0.40419,1.38095,1,0.61925,0.91331,0.83926,1.20762,0.85205,1.2014,0.9822,1.23255,0.89942,0.85682,0.86627,0.99809,0.89752,1.04563,0.95502,0.71316,1.23356,0.99968,0.92206,0.65479,0.92825,0.92386,0.66226,1.24571,1.00008,1.08034,1.15557,1.06706
35.8,1.20541,1.19396,1.08857,1.34029,0,1,1.26234,1.16393,1.13747,0.84325,1.23669,0.85876,1.01134,0.79945,1.10411,1.24495,1.14239,0.9962,1.12343,0.97462,1.06806,1.28038,0.67556,1.00036,1.09672,1.27804,1.18733,1.11807,1.25104,0.7924,0.99996,0.94549,0.90726,0.98666,0.86018,0.81142,0.95475,0.38051,1.38095,1,0.61411,0.88573,0.8388,1.22169,0.81781,1.19749,0.99567,1.25084,0.92614,0.84105,0.86134,1.01021,0.89821,1.05924,0.96599,0.71666,1.2386,0.99973,0.93867,0.67624,0.93448,0.93234,0.66965,1.25627,1.00013,1.08906,1.1388,1.05879
35.82,1.19162,1.23193,1.0849,1.34373,0,1,1.26466,1.18962,1.13732,0.82244,1.25268,0.86246,0.99034,0.78474,1.06905,1.25054,1.14126,0.99214,1.11743,0.97085,1.05003,1.27863,0.6658,1.00029,1.07186,1.2667,1.17292,1.10748,1.24758,0.77403,0.99994,0.9383,0.93465,0.99028,0.87653,0.74065,0.95706,0.35744,1.38095,1,0.60701,0.85537,0.83905,1.23565,0.78966,1.19453,1.01398,1.2586,0.95519,0.83257,0.86287,1.02061,0.90472,1.06674,0.9761,0.72128,1.24237,0.99978,0.95727,0.70717,0.94298,0.94026,0.67873,1.26545,1.00017,1.09835,1.10726,1.04448
35.84,1.17154,1.25671,1.08198,1.3464,0,1,1.26725,1.21106,1.137,0.80089,1.26204,0.86512,0.98224,0.78648,1.02524,1.25015,1.13381,0.98933,1.10453,0.97034,1.03261,1.2765,0.65776,1.00021,1.04356,1.25107,1.15451,1.09717,1.24342,0.75772,0.99994,0.93166,0.96897,0.99469,0.89744,0.68176,0.95886,0.33866,1.38095,1,0.5989,0.82529,0.83955,1.24839,0.77095,1.19235,1.02511,1.25771,0.9852,0.83318,0.8727,1.02752,0.91801,1.06773,0.98506,0.72677,1.2454,0.99984,0.97581,0.74442,0.95252,0.94753,0.6893,1.27289,1.0002,1.10653,1.05794,1.0255
35.86,1.14382,1.2729,1.07962,1.34807,0,1,1.26973,1.22797,1.13632,0.78017,1.26578,0.8672,0.98376,0.80471,0.98652,1.24333,1.11841,0.98775,1.08327,0.97316,1.0166,1.27403,0.65093,1.00013,1.01392,1.23089,1.13295,1.08727,1.23853,0.74435,0.99993,0.92655,1.01305,0.99936,0.9218,0.63584,0.96029,0.32647,1.38095,1,0.59097,0.79768,0.84061,1.25928,0.76295,1.19063,1.02305,1.24791,1.02813,0.84343,0.89181,1.0313,0.9381,1.06219,0.99267,0.73296,1.24793,0.9999,0.99277,0.78518,0.96216,0.95413,0.7013,1.27855,1.0002,1.11259,0.99284,1.00327
35.88,1.10672,1.28307,1.07752,1.34864,0,1,1.27168,1.24067,1.13453,0.76192,1.2647,0.86929,0.99533,0.83842,0.96177,1.22929,1.09319,0.98728,1.0527,0.97884,1.00282,1.27124,0.64545,1.00006,0.99289,1.20582,1.10922,1.07782,1.23282,0.73441,0.99994,0.92356,1.07099,1.00748,0.94825,0.60324,0.96155,0.32228,1.38095,1,0.58463,0.77418,0.84339,1.26793,0.7653,1.18887,1.00685,1.22683,1.07177,0.8624,0.92006,1.03243,0.96356,1.0505,0.99879,0.73976,1.24992,0.99996,1.0139,0.827,0.97125,0.96012,0.71474,1.28252,1.0002,1.11604,0.95552,0.99033
35.9,1.05887,1.28848,1.0753,1.34797,0,1,1.27263,1.24952,1.13033,0.74795,1.25941,0.87206,1.02892,0.88502,0.93901,1.20716,1.056,0.98768,1.01372,0.98642,0.99616,1.26813,0.64212,0.99999,0.98181,1.17574,1.08456,1.06883,1.22621,0.72826,0.99994,0.92303,1.10836,1.01475,0.97494,0.58449,0.96287,0.32728,1.38095,1,0.58149,0.75612,0.84982,1.27404,0.7764,1.18651,0.9885,1.18908,1.10482,0.88763,0.95593,1.03149,0.99129,1.03376,1.00646,0.74708,1.25111,1.00002,1.03402,0.86762,0.97936,0.96553,0.7296,1.28488,1.00018,1.11665,0.92521,0.98071
35.92,1.00041,1.28965,1.07251,1.34583,0,1,1.27218,1.25487,1.12196,0.7399,1.25043,0.87615,1.06849,0.94032,0.91792,1.17654,1.00458,0.9887,0.98656,0.99466,0.99298,1.2647,0.6422,0.99997,0.97374,1.14116,1.06043,1.06035,1.21857,0.72615,0.99995,0.92506,1.13131,1.02012,0.99985,0.58031,0.96451,0.34274,1.38095,1,0.58297,0.74449,0.86226,1.27737,0.7939,1.18294,0.96995,1.1232,1.13081,0.91548,0.99676,1.02904,1.03094,1.0139,1.01166,0.7549,1.25108,1.00009,1.04758,0.905,0.98622,0.97043,0.7459,1.28568,1.00015,1.11432,0.90333,0.97346
35.94,0.97214,1.28656,1.06852,1.34186,0,1,1.27012,1.25704,1.10721,0.73872,1.23821,0.88193,1.10248,0.99936,0.89848,1.13826,0.9731,0.99015,0.97181,1.00477,0.9919,1.26084,0.64717,0.99996,0.96849,1.10341,1.03829,1.05235,1.20969,0.72827,0.99996,0.92964,1.14359,1.02343,1.03809,0.59126,0.96681,0.37012,1.38095,1,0.5897,0.73959,0.88302,1.27785,0.81532,1.17774,0.95065,1.00181,1.15164,0.94227,1.06449,1.02553,1.06038,0.99677,1.0134,0.76335,1.24929,1.00012,1.05596,0.93766,0.99177,0.97485,0.76375,1.28488,1.00012,1.10895,0.89038,0.96892
35.96,0.95065,1.27882,1.06256,1.33546,0,1,1.26657,1.25648,1.08315,0.74438,1.22317,0.88936,1.12841,1.08651,0.88111,1.09494,0.94716,0.99191,0.96393,1.01696,0.99283,1.25637,0.65859,0.99996,0.96609,1.06461,1.01931,1.04476,1.19925,0.73472,0.99997,0.93657,1.14762,1.02476,1.06374,0.61724,0.97015,0.41091,1.38095,1,0.60104,0.74086,0.91403,1.27553,0.8385,1.17075,0.93317,0.92574,1.16814,0.96537,1.11121,1.02117,1.07449,0.9882,1.0119,0.77271,1.24509,1.00011,1.05968,0.96482,0.99604,0.97889,0.78339,1.2824,1.00009,1.10052,0.88593,0.96709
35.98,0.93403,1.26579,1.05362,1.32576,0,1,1.26217,1.25381,1.04551,0.75572,1.20591,0.89787,1.1456,1.13579,0.86689,1.05072,0.92515,0.99399,0.96261,1.0256,0.99556,1.25101,0.67818,0.99998,0.96692,1.02733,1.00417,1.03751,1.1868,0.74552,0.99998,0.94547,1.14509,1.02438,1.08172,0.65684,0.97499,0.46591,1.38095,1,0.61464,0.74683,0.95651,1.27069,0.86157,1.1623,0.91996,0.86804,1.18041,0.98362,1.14277,1.01594,1.07675,0.98187,1.00744,0.78341,1.23757,1.00006,1.0584,0.98639,0.99918,0.98262,0.80507,1.27807,1.00006,1.08909,0.88875,0.96762
36,0.91989,1.24706,1.04035,1.31169,0,1,1.25823,1.24999,0.99399,0.77042,1.18746,0.90634,1.15347,1.16579,0.85743,1.00923,0.90724,0.99643,0.96651,1.03116,0.99977,1.24434,0.70786,1.00001,0.97161,0.99707,0.99656,1.03059,1.17185,0.76054,0.99999,0.95571,1.1375,1.02276,1.09588,0.70614,0.98177,0.53387,1.38095,1,0.62638,0.75512,1.02009,1.264,0.88286,1.15337,0.91339,0.8248,1.18801,0.99731,1.1644,1.0096,1.06999,0.97767,1.00039,0.79592,1.22531,0.99999,1.05102,1.00543,1.00268,0.98605,0.82891,1.27165,1.00004,1.07502,0.89692,0.96985
36.02,0.90583,1.22336,1.02081,1.29222,0,1,1.25653,1.24621,0.96043,0.7854,1.16921,0.91353,1.15096,1.18496,0.85448,0.98651,0.89335,0.99932,0.97364,1.03427,1.00978,1.23584,0.74978,1.00007,0.98086,0.98471,0.99299,1.02401,1.15381,0.77949,0.99999,0.96654,1.12642,1.02041,1.10905,0.75842,0.99102,0.61036,1.38095,1,0.63136,0.76305,1.10523,1.25664,0.90117,1.14536,0.91552,0.79296,1.19031,1.01498,1.17918,1.00187,1.05695,0.97527,0.99575,0.81076,1.20601,0.99995,1.03565,1.02705,1.00544,0.98922,0.85492,1.26281,1.00002,1.05898,0.90823,0.97306
36.04,0.89016,1.19751,0.99604,1.26695,0,1,1.25833,1.24348,0.9278,0.79778,1.1522,0.91871,1.13595,1.19754,0.8592,0.97131,0.88321,1.00523,0.982,1.03543,1.0204,1.22474,0.80604,1.00013,0.99502,0.97635,0.9909,1.01767,1.13176,0.80206,0.99999,0.97733,1.11326,1.01778,1.12277,0.80559,1.00644,0.68795,1.38095,1,0.6261,0.76861,1.16023,1.2501,0.91619,1.13931,0.92755,0.76994,1.18662,1.0309,1.18902,0.99637,1.04049,0.97437,0.99091,0.82849,1.1756,0.9999,1.00983,1.04058,1.00704,0.99218,0.88321,1.25106,1.00002,1.04166,0.92077,0.97663
36.06,0.87243,1.17459,0.9775,1.23712,0,1,1.26358,1.24211,0.89808,0.8057,1.13605,0.92215,1.10472,1.2058,0.87176,0.95631,0.87642,1.0122,0.98991,1.03484,1.03025,1.2099,0.87805,1.00018,1.02535,0.97081,0.98984,1.01128,1.10427,0.82774,0.99999,0.98767,1.0989,1.01512,1.13716,0.84084,1.03445,0.75805,1.38095,1,0.61034,0.77134,1.19655,1.24568,0.92895,1.13516,0.94924,0.75378,1.17632,1.0457,1.19522,0.99141,1.02361,0.97484,0.98622,0.84963,1.12654,0.99986,0.9865,1.0491,1.00785,0.99508,0.91405,1.23569,1.00004,1.0236,0.93345,0.98021
36.08,0.85361,1.15975,0.95551,1.20653,0.04374,1,1.27084,1.24149,0.87325,0.8086,1.11787,0.92526,1.05146,1.211,0.89101,0.93969,0.8725,1.01895,0.99611,1.03237,1.03818,1.18975,0.96482,1.00022,1.05868,0.9672,0.98946,1.0044,1.06916,0.85565,0.99998,0.99743,1.08336,1.01245,1.15129,0.86102,1.06372,0.81356,1.37766,1,0.58739,0.77257,1.22032,1.24401,0.94183,1.13133,0.97839,0.74315,1.15895,1.06113,1.19867,0.98647,1.0094,0.97674,0.98228,0.8745,1.04431,0.99983,0.96622,1.05448,1.00814,0.99811,0.94766,1.21599,1.00006,1.00511,0.94612,0.98377
36.1,0.83579,1.15469,0.93052,1.18087,0.15243,1,1.27812,1.24018,0.85539,0.80727,1.09135,0.93034,0.9863,1.21378,0.91432,0.92065,0.87097,1.02466,0.99972,1.02759,1.04302,1.16201,1.08952,1.00022,1.08596,0.96487,0.98949,0.99823,1.02335,0.88423,0.99997,1.01273,1.0656,1.00961,1.1637,0.86749,1.09273,0.85112,1.36834,1,0.56292,0.77512,1.23471,1.24478,0.95826,1.12485,1.01958,0.73731,1.13487,1.07766,1.19999,0.98219,1.00068,0.98037,0.9798,0.9031,0.96139,0.99983,0.94702,1.05787,1.00811,1.003,0.98404,1.19158,1.0001,0.99341,0.95944,0.98753
36.12,0.8215,1.15662,0.90328,1.16457,0.29201,1,1.28376,1.23636,0.84644,0.8034,1.04478,0.93993,0.95113,1.21433,0.9379,0.89941,0.87139,1.02846,1.0007,1.0198,1.04365,1.12302,1.1622,1.00018,1.10519,0.96342,0.98976,0.99358,0.98286,0.91146,0.99995,1.02801,1.04346,1.00634,1.17303,0.86505,1.12015,0.87173,1.3532,1,0.54285,0.78244,1.24123,1.24698,0.98189,1.11189,1.0635,0.73616,1.10628,1.09482,1.19963,0.97928,0.99957,0.98615,0.97947,0.93514,0.91214,0.99986,0.93175,1.05997,1.00791,1.01069,1.04065,1.16299,1.00015,0.98499,0.9745,0.99182
36.14,0.81286,1.16101,0.87478,1.15847,0.46167,1,1.28679,1.2282,0.8477,0.79907,0.97963,0.95577,0.92935,1.21241,0.95773,0.87707,0.87336,1.02967,0.99817,1.00804,1.03922,1.06583,1.1957,1.0001,1.11591,0.96258,0.99014,0.98812,0.95426,0.9354,0.99994,1.04107,1.01391,1.00241,1.17843,0.85938,1.14506,0.87888,1.32746,1,0.53168,0.79727,1.24033,1.24939,1.02802,1.08809,1.08689,0.7402,1.07808,1.11154,1.19792,0.97835,1.00447,0.99451,0.98175,0.97043,0.8798,0.99992,0.92253,1.06116,1.00762,1.01941,1.09432,1.13195,1.0002,0.97733,0.99236,0.99691
36.16,0.81125,1.16405,0.8462,1.16061,0.6531,1,1.28665,1.21395,0.85958,0.79641,0.92749,0.97803,0.92209,1.20736,0.97048,0.85554,0.87657,1.02789,0.99405,0.99568,1.02923,0.98839,1.20915,0.99999,1.11836,0.96222,0.99056,0.98184,0.92642,0.95477,0.99992,1.05203,0.98758,0.99888,1.17942,0.85536,1.16687,0.87641,1.2804,1,0.53221,0.82083,1.23151,1.25085,1.08728,1.04848,1.09414,0.75064,1.05745,1.12652,1.1951,0.97972,1.01424,1.01132,0.98672,1.01721,0.86426,1.00003,0.92035,1.06168,1.0073,1.02907,1.13464,1.10137,1.00024,0.97052,1.02505,1.00565
36.18,0.81737,1.16301,0.81905,1.16827,0.85233,1,1.28285,1.19204,0.88134,0.79756,0.87667,1.00907,0.92748,1.19779,0.97401,0.83756,0.88073,1.023,0.9895,0.98522,1.0137,0.93877,1.2095,0.99991,1.11295,0.96231,0.991,0.9749,0.8989,0.9691,0.99992,1.06064,0.96665,0.99633,1.17563,0.85675,1.18517,0.86724,1.18146,1,0.54616,0.85221,1.21311,1.25022,1.13238,0.99429,1.08878,0.76947,1.05135,1.13826,1.19133,0.98345,1.02453,1.03651,0.99399,1.07904,0.86382,1.00027,0.92513,1.06155,1.00696,1.03927,1.16645,1.07464,1.00026,0.96493,1.0617,1.01797
36.2,0.83148,1.15557,0.79519,1.17942,1.07565,1,1.27463,1.16205,0.91107,0.80473,0.83609,1.05267,0.94112,1.18116,0.96754,0.82651,0.88558,1.01509,0.9866,0.97298,0.99678,0.89211,1.19935,0.99983,1.10006,0.96293,0.99148,0.9677,0.8714,0.97857,0.99992,1.0663,0.94603,0.99378,1.16657,0.86637,1.19963,0.85304,0.95493,1,0.57483,0.88775,1.18192,1.24623,1.16194,0.96358,1.07457,0.79956,1.0624,1.14515,1.18679,0.98931,1.03086,1.06254,1.00541,1.12423,0.87575,1.00053,0.93598,1.06067,1.0066,1.04939,1.19245,1.05456,1.00024,0.96111,1.09229,1.02959
36.22,0.85346,1.13905,0.77649,1.19302,1.20318,1,1.26052,1.12725,0.94591,0.82004,0.81384,1.07866,0.95691,1.15268,0.95166,0.82558,0.89083,1.00445,0.98751,0.95945,0.9863,0.84879,1.17936,0.99974,1.08005,0.9642,0.99202,0.96074,0.84378,0.98383,0.99995,1.06822,0.92769,0.99152,1.1514,0.88627,1.21003,0.83419,0.82122,1,0.6196,0.921,1.13219,1.23715,1.17623,0.94218,1.05684,0.84458,1.08717,1.14572,1.18169,0.99692,1.02889,1.08776,1.02225,1.15823,0.89659,1.00078,0.9514,1.05885,1.00618,1.05874,1.21419,1.04243,1.00017,0.9598,1.11583,1.03936
36.24,0.88298,1.10942,0.76439,1.20876,1.25314,1,1.2376,1.09827,0.98302,0.84511,0.81585,1.0873,0.96884,1.10249,0.92811,0.83654,0.89615,0.99583,0.99391,0.94529,0.97687,0.80899,1.14904,0.99967,1.05311,0.96624,0.99266,0.95455,0.81602,0.98569,1,1.06553,0.91352,0.98983,1.12873,0.91757,1.21637,0.80994,0.72608,1,0.68239,0.94385,1.05236,1.22036,1.17499,0.93445,1.04244,0.90856,1.11873,1.13891,1.17633,1.01118,1.01456,1.11087,1.03641,1.18443,0.92284,1.00099,0.96983,1.05589,1.00569,1.06673,1.23266,1.03798,1.00001,0.96164,1.1321,1.04633
36.26,0.91926,1.06012,0.75977,1.22654,1.28324,1,1.19977,1.0921,1.03649,0.88067,0.84627,1.07835,0.97265,1.00668,0.89954,0.85886,0.90109,0.98901,1.0127,0.93135,0.9693,0.7727,1.10729,0.99962,1.01932,0.96908,0.99341,0.94956,0.7883,0.98481,1.00016,1.0573,0.90506,0.98897,1.09649,0.95997,1.21871,0.77882,0.64426,1,0.76565,0.94825,0.96575,1.19138,1.15498,0.94245,1.03764,0.99518,1.15056,1.12428,1.17114,1.02828,0.99195,1.1309,1.04718,1.20503,0.9513,1.00115,0.98985,1.05169,1.00511,1.07296,1.24845,1.04009,0.99988,0.96713,1.1411,1.04981
36.28,0.96059,0.99098,0.76313,1.24594,1.30504,1,1.1334,1.11863,1.08597,0.92585,0.90837,1.04937,0.96676,0.93457,0.86932,0.88876,0.90508,0.98226,1.04407,0.91879,0.96399,0.74001,1.05352,0.99959,0.99012,0.97264,0.99427,0.94618,0.76113,0.98173,1.00042,1.04239,0.90377,0.98912,1.05224,1.02011,1.21701,0.73925,0.56646,1,0.87119,0.9282,0.91056,1.14186,1.10548,0.96612,1.04502,1.13157,1.17838,1.10296,1.16681,1.04396,0.97011,1.14703,1.05442,1.22138,0.97903,1.00125,1.01911,1.04632,1.00445,1.07706,1.26187,1.04738,0.99968,0.97653,1.14243,1.04919
36.3,1.0072,0.95026,0.77476,1.26609,1.32169,1,1.00345,1.16775,1.12138,0.97736,1.00895,0.99723,0.95223,0.8727,0.84117,0.91834,0.90732,0.97608,1.07565,0.90904,0.96114,0.71135,0.99534,0.99958,0.97222,0.97672,0.9952,0.94486,0.73544,0.97673,1.00077,1.01937,0.91113,0.99045,0.9973,1.09264,1.21095,0.69026,0.49164,1,0.99753,0.88154,0.86311,1.05552,0.99668,1.00674,1.06225,1.20026,1.20018,1.07959,1.16432,1.05732,0.94479,1.15846,1.05822,1.23429,1.00635,1.00129,1.05004,1.03999,1.00373,1.07866,1.27302,1.05863,0.99941,0.98982,1.13469,1.04379
36.32,1.06981,0.91993,0.79478,1.28576,1.3345,1,0.91808,1.22006,1.14844,1.0504,1.1527,0.96157,0.93189,0.82299,0.81813,0.93661,0.90676,0.97102,1.10339,0.90353,0.96072,0.68736,0.96995,0.99958,0.95746,0.98105,0.99614,0.94601,0.71234,0.96995,1.00123,0.99355,0.92836,0.99303,0.96944,1.13278,1.19986,0.63219,0.42164,1,1.15336,0.81107,0.8211,0.96082,0.91577,1.07853,1.0843,1.237,1.21567,1.06389,1.16494,1.06763,0.91915,1.16456,1.05877,1.24419,1.03833,1.00127,1.07252,1.03307,1.00301,1.07727,1.28199,1.07291,0.99906,1.01266,1.11503,1.03289
36.34,1.10488,0.90378,0.82311,1.30378,1.3444,1,0.85684,1.26371,1.1702,1.10507,1.22085,0.9265,0.90902,0.78832,0.80162,0.9333,0.90207,0.96759,1.12569,0.90324,0.96258,0.66868,0.9553,0.99961,0.9464,0.98539,0.99703,0.95007,0.69279,0.96143,1.0018,0.97551,0.95587,0.99676,0.94941,1.15077,1.18257,0.56711,0.35783,1,1.21331,0.72387,0.78288,0.9072,0.8418,1.12977,1.10657,1.25676,1.22569,1.06681,1.17009,1.07431,0.89571,1.16487,1.05631,1.2514,1.05501,1.0012,1.08785,1.02591,1.00231,1.07232,1.2889,1.08945,0.99862,1.04468,1.07828,1.01595
36.36,1.12113,0.90338,0.85914,1.31934,1.35214,1,0.81573,1.2962,1.18816,1.13368,1.25811,0.89499,0.8866,0.76956,0.79098,0.90363,0.89166,0.96623,1.1426,0.90842,0.96639,0.65597,0.94991,0.99964,0.93922,0.98957,0.99784,0.95739,0.67753,0.95111,1.00246,0.95828,0.99241,1.0026,0.93868,1.15119,1.15735,0.4985,0.30049,1,1.24148,0.62921,0.74781,0.87286,0.77904,1.16521,1.12623,1.26598,1.23173,1.09151,1.18087,1.07689,0.87593,1.15917,1.05117,1.25608,1.06085,1.00109,1.09719,1.0188,1.00169,1.0631,1.29392,1.1076,0.99811,1.07134,1.01564,0.99666
36.38,1.12174,0.91869,0.90111,1.33213,1.35827,1,0.79188,1.31922,1.20283,1.14557,1.28003,0.86867,0.86726,0.7666,0.78362,0.85045,0.8739,0.96736,1.15477,0.91851,0.97166,0.65002,0.95097,0.9997,0.93581,0.99348,0.99854,0.96821,0.66726,0.93902,1.0032,0.94474,1.05674,1.0117,0.93826,1.13423,1.12218,0.43064,0.24945,1,1.25491,0.53616,0.71639,0.85699,0.72919,1.1894,1.14167,1.26735,1.23573,1.12992,1.19745,1.07475,0.86047,1.14737,1.04388,1.25821,1.05972,1.00093,1.10146,1.01192,1.00114,1.04868,1.29713,1.12665,0.99754,1.09005,0.96565,0.98477
36.4,1.10544,0.94831,0.94546,1.34224,1.36315,1,0.78257,1.33522,1.21423,1.14451,1.29302,0.8484,0.85346,0.77911,0.77548,0.7823,0.84746,0.97136,1.16292,0.93212,0.97766,0.65202,0.95445,0.99976,0.9359,0.99705,0.99911,0.98263,0.66282,0.92529,1.00396,0.93842,1.10236,1.01904,0.94906,1.09551,1.07588,0.36756,0.20464,1,1.25969,0.45163,0.69004,0.85845,0.69303,1.20544,1.15192,1.26141,1.24,1.17051,1.21865,1.06694,0.84948,1.12986,1.03526,1.2575,1.05594,1.00074,1.10135,1.00546,1.0007,1.02788,1.29848,1.14585,0.99696,1.0982,0.93048,0.97493
36.42,1.06471,0.98971,0.98716,1.35001,1.36704,1,0.78544,1.34633,1.22222,1.13093,1.30003,0.83458,0.84732,0.80692,0.76193,0.70892,0.81183,0.97868,1.16768,0.94723,0.98359,0.66342,0.95582,0.99983,0.93908,1.00046,0.99953,1.00112,0.66514,0.91015,1.00468,0.94297,1.12532,1.02307,0.97204,1.02281,1.02027,0.31195,0.16601,1,1.25824,0.37922,0.67046,0.87639,0.67088,1.21532,1.15631,1.24665,1.24676,1.20614,1.24212,1.05182,0.84279,1.10788,1.02641,1.25336,1.05444,1.00052,1.09737,0.99978,1.00037,0.99952,1.29778,1.16452,0.9964,1.09237,0.90931,0.96942
36.44,0.989,1.06462,1.03789,1.3559,1.3701,1,0.79861,1.35414,1.22674,1.10195,1.30248,0.82712,0.85018,0.85038,0.73943,0.63745,0.7678,0.98979,1.16968,0.96162,0.98872,0.68581,0.95141,0.99991,0.94489,1.00587,0.99979,1.03871,0.67505,0.89392,1.0053,0.96143,1.12818,1.02277,1.01576,0.95651,0.98299,0.26482,0.13342,1,1.2513,0.31951,0.65895,0.91065,0.66265,1.22032,1.15427,1.21823,1.25711,1.23485,1.26523,1.0264,0.83992,1.08393,1.01846,1.24481,1.05925,1.00028,1.08985,0.99721,1.00017,0.98201,1.29471,1.1821,0.99591,1.06672,0.90649,0.96983
36.46,0.92826,1.1223,1.07117,1.36034,1.37247,1,0.82053,1.3597,1.22784,1.04922,1.30098,0.82553,0.86245,0.91031,0.70675,0.57178,0.71759,1.0102,1.16956,0.97322,0.99251,0.72064,0.93952,0.99999,0.95284,1.01031,0.99989,1.07248,0.69317,0.87703,1.00578,0.99575,1.11003,1.01775,1.08761,0.90459,0.96529,0.22606,0.1068,1,1.23854,0.27142,0.65611,0.96184,0.66772,1.22136,1.14531,1.16262,1.27049,1.25722,1.28597,0.99285,0.8401,1.06207,1.01242,1.23023,1.07171,1.00002,1.07908,0.99506,1.00009,0.96337,1.28877,1.19821,0.99554,1.00841,0.92371,0.97667
36.48,0.86341,1.16013,1.08642,1.36362,1.37421,1,0.84972,1.36369,1.22554,0.97877,1.29566,0.8289,0.88335,0.98726,0.6653,0.51385,0.66464,1.04461,1.16811,0.98011,0.99464,0.76896,0.92085,1.00016,0.96226,1.01388,0.99984,1.10134,0.71969,0.86014,1.00606,1.07316,1.06468,1.00834,1.14407,0.86053,0.95611,0.19529,0.08637,1,1.21872,0.23355,0.66205,1.05247,0.68492,1.21914,1.1289,1.03358,1.28515,1.27441,1.30329,0.96638,0.84218,1.0478,1.00896,1.207,1.08995,0.99987,1.06547,0.99329,1.00012,0.94464,1.27923,1.21247,0.99532,0.95636,0.9601,0.98919
36.5,0.80037,1.18373,1.09165,1.36595,1.37534,1,0.88429,1.36651,1.21981,0.92661,1.28635,0.83594,0.91082,1.10998,0.61843,0.46464,0.61289,1.07904,1.1663,0.98068,0.99494,0.83086,0.8981,1.00035,0.97235,1.01663,0.99968,1.12467,0.75423,0.84415,1.00609,1.13569,0.98922,0.99788,1.18592,0.82743,0.95278,0.17233,0.07274,1,1.18976,0.2049,0.67648,1.14086,0.71231,1.21438,1.1049,0.90004,1.29924,1.28747,1.31698,0.93561,0.84474,1.04657,1.00846,1.17056,1.11023,0.99973,1.04983,0.99192,1.00025,0.92714,1.265,1.22453,0.99529,0.90397,1.02191,1.01056
36.52,0.74377,1.19635,1.09271,1.36744,1.37582,1,0.922,1.36839,1.21047,0.87579,1.2727,0.84513,0.94175,1.18014,0.57007,0.4244,0.56568,1.11139,1.16516,0.97395,0.99344,0.90549,0.87484,1.00053,0.98221,1.01863,0.99944,1.14227,0.79597,0.83008,1.00585,1.17975,0.93938,0.99135,1.21595,0.8075,0.9521,0.15713,0.06693,1,1.14846,0.18479,0.69894,1.19579,0.74723,1.20785,1.07389,0.8013,1.31161,1.29724,1.32739,0.90178,0.84635,1.0606,1.01091,1.1123,1.12904,0.99959,1.03333,0.9909,1.00044,0.91223,1.24432,1.23417,0.99548,0.85355,1.10118,1.04007
36.54,0.6962,1.19972,1.09406,1.36816,1.37554,1,0.96062,1.36948,1.19713,0.82879,1.25421,0.85511,0.97281,1.22062,0.52339,0.39259,0.52498,1.14017,1.1654,0.96011,0.99027,0.99168,0.85419,1.0007,0.99112,1.02008,0.9992,1.15441,0.84416,0.81879,1.00531,1.20972,0.89737,0.98568,1.23709,0.80189,0.95122,0.14958,0.07034,1,1.08971,0.17277,0.72892,1.23157,0.78673,1.20035,1.03744,0.72247,1.32189,1.30444,1.33512,0.86662,0.84601,1.08661,1.01602,1.01245,1.14431,0.99947,1.01725,0.99016,1.00062,0.90094,1.21392,1.24131,0.99591,0.80956,1.14887,1.06245
36.56,0.65857,1.19451,1.09852,1.36818,1.37432,1,0.99829,1.36986,1.17917,0.78712,1.23025,0.86481,1.00237,1.24571,0.48058,0.36813,0.49155,1.16441,1.16718,0.94075,0.9857,1.11732,0.83835,1.00084,0.99869,1.02132,0.99911,1.16159,0.89847,0.81092,1.00446,1.2296,0.86646,0.98151,1.25173,0.81052,0.94827,0.14944,0.08513,1,1.00483,0.16854,0.76579,1.25576,0.82799,1.19261,0.99911,0.66142,1.33016,1.3097,1.34076,0.83238,0.8435,1.11766,1.02318,0.9392,1.15523,0.99936,1.00262,0.98952,1.0007,0.89382,1.1669,1.24601,0.99657,0.77434,1.17669,1.07734
36.58,0.63102,1.18063,1.10684,1.3675,1.37174,1,1.05618,1.36954,1.15596,0.75185,1.20049,0.87354,1.04356,1.26182,0.44327,0.34975,0.46559,1.18344,1.16997,0.91884,0.98017,1.18393,0.82877,1.00092,1.00947,1.02287,0.99933,1.16428,0.95877,0.80694,1.00335,1.24213,0.84729,0.97906,1.26146,0.83207,0.94256,0.15647,0.11511,1,0.95501,0.17218,0.80838,1.27237,0.86816,1.18523,0.98206,0.6157,1.33661,1.3135,1.34477,0.80186,0.83951,1.14697,1.03155,0.88099,1.16153,0.9993,0.99513,0.98872,1.00052,0.89107,1.0868,1.24831,0.99742,0.74901,1.19161,1.08551
36.6,0.61364,1.15764,1.11785,1.36615,1.36688,1,1.09456,1.36845,1.12732,0.72405,1.16581,0.88087,1.06855,1.27207,0.41286,0.33628,0.44725,1.19672,1.17276,0.89828,0.97426,1.22287,0.82648,1.00092,1.01863,1.02537,1.00022,1.1628,1.04344,0.8073,1.00207,1.24885,0.8391,0.97828,1.26721,0.86374,0.93458,0.17037,0.1676,1,0.91726,0.18419,0.85436,1.28357,0.90431,1.17871,0.96992,0.58334,1.34142,1.31621,1.34743,0.77834,0.83544,1.17013,1.04018,0.83129,1.163,0.99929,0.99022,0.98742,0.99996,0.89259,0.96899,1.2481,0.99841,0.73425,1.19753,1.08804
36.62,0.60666,1.12534,1.12918,1.36407,1.35726,1,1.11978,1.36642,1.09412,0.70469,1.12959,0.88669,1.08252,1.27809,0.39045,0.32673,0.43672,1.20383,1.17443,0.88293,0.9686,1.24789,0.83225,1.0008,1.02586,1.02954,1.00342,1.15728,1.12385,0.81235,1.0007,1.25045,0.84052,0.97892,1.26945,0.9014,0.92582,0.19096,0.25824,1,0.88839,0.20582,0.9003,1.29056,0.9337,1.1733,0.96242,0.563,1.34474,1.3181,1.34889,0.76489,0.83297,1.18524,1.04815,0.78936,1.15927,0.99938,0.98621,0.98521,0.99932,0.89813,0.89255,1.24517,0.99946,0.73061,1.19652,1.086
36.64,0.61042,1.08416,1.13804,1.36117,1.33369,1,1.13599,1.3631,1.05876,0.69441,1.09782,0.89121,1.0884,1.28074,0.37653,0.32032,0.43399,1.20446,1.17415,0.87558,0.96372,1.26504,0.84641,1.00051,1.03205,1.03601,1.00879,1.14767,1.17328,0.8223,0.99968,1.247,0.85009,0.98064,1.26825,0.94059,0.91852,0.2184,0.42646,1,0.86777,0.23935,0.94231,1.29404,0.95448,1.16896,0.95908,0.5537,1.34671,1.31934,1.34927,0.76366,0.83339,1.19191,1.05479,0.75412,1.14976,0.99961,0.98267,0.9817,0.99824,0.90731,0.82672,1.23915,1.00098,0.7384,1.18953,1.08029
36.66,0.62528,1.03566,1.14146,1.35725,1.21445,1,1.14533,1.35777,1.02511,0.69347,1.07668,0.89495,1.08796,1.28045,0.37104,0.31652,0.43877,1.19821,1.17154,0.87754,0.95998,1.27747,0.86867,1,1.03788,1.04524,1.01673,1.1338,1.2067,0.83699,0.99905,1.23804,0.86643,0.98316,1.26339,0.97754,0.9156,0.25337,0.803,1,0.85507,0.28863,0.97695,1.29435,0.96634,1.16525,0.95934,0.55474,1.34747,1.32007,1.34861,0.77557,0.83723,1.19016,1.05974,0.72428,1.13373,1,0.97924,0.9765,0.99659,0.9196,0.76952,1.22955,1.00287,0.75759,1.17672,1.0716
36.68,0.65156,0.99188,1.13535,1.35195,0.57128,1,1.14868,1.34899,0.99905,0.7018,1.06835,0.89877,1.08237,1.27735,0.37356,0.31502,0.4504,1.18439,1.16675,0.88878,0.95759,1.28693,0.8977,0.9996,1.04379,1.05733,1.02745,1.11568,1.23083,0.85575,0.99851,1.22257,0.888,0.98618,1.25428,1.01821,0.92078,0.29695,1.30384,1,0.85034,0.3598,1.00331,1.29156,0.97065,1.16137,0.9625,0.56557,1.34712,1.32036,1.34698,0.80024,0.84411,1.17968,1.06285,0.69854,1.11057,1.00122,0.97567,0.96934,0.99426,0.93416,0.71929,1.21591,1.0045,0.78744,1.15785,1.0606
36.7,0.68942,0.97107,1.11221,1.34474,0.28407,1,1.146,1.33336,0.99158,0.71916,1.06942,0.90375,1.07268,1.27134,0.38345,0.31575,0.46772,1.16209,1.1605,0.90803,0.95665,1.29447,0.93078,0.99902,1.04994,1.072,1.04083,1.09384,1.249,0.87727,0.99808,1.19914,0.91293,0.98941,1.23986,1.05886,0.93874,0.35044,1.35418,1,0.85412,0.46253,1.02763,1.28539,0.97011,1.15616,0.96776,0.58574,1.34574,1.32022,1.34445,0.83586,0.85279,1.1596,1.06405,0.67582,1.08044,1.00296,0.97185,0.96006,0.99117,0.94979,0.67502,1.19799,1.0058,0.82619,1.13274,1.04803
36.72,0.73899,0.95628,1.05363,1.33473,0.13447,1,1.13654,1.30063,0.99059,0.74515,1.0734,0.91104,1.05998,1.26215,0.4,0.31881,0.48916,1.13021,1.15393,0.93336,0.95718,1.30066,0.96419,0.99826,1.05623,1.08852,1.05642,1.0696,1.26301,0.89976,0.99777,1.16581,0.93907,0.99259,1.21823,1.08346,0.97498,0.41531,1.37,1,0.86704,0.61335,1.03066,1.27521,0.96806,1.14818,0.97426,0.61468,1.34335,1.31963,1.34115,0.8794,0.86157,1.12816,1.06337,0.65545,1.04503,1.00526,0.96782,0.94875,0.98728,0.96508,0.6362,1.17603,1.00671,0.87108,1.10158,1.0348
36.74,0.80073,0.94606,0.95936,1.32036,0.04588,1,1.1191,1.1979,0.99529,0.7792,1.07422,0.92167,1.04558,1.24941,0.42255,0.32442,0.51297,1.08727,1.14828,0.96291,0.95909,1.30583,0.99449,0.99728,1.06227,1.10581,1.07338,1.04488,1.27393,0.92154,0.9976,1.1198,0.96446,0.99551,1.18571,1.09878,1.05887,0.49349,1.3775,1,0.88921,0.84433,1.01591,1.25976,0.96764,1.13575,0.98113,0.65142,1.33993,1.31855,1.33721,0.9275,0.86885,1.08163,1.0609,0.63714,1.00749,1.00815,0.96384,0.93579,0.98266,0.97883,0.60258,1.1507,1.0072,0.91904,1.06518,1.02178
36.76,0.87566,0.9388,0.8735,1.29848,0,1,1.09244,0.81487,1.0088,0.82041,1.06704,0.93636,1.03112,1.23292,0.45046,0.33281,0.53738,1.03099,1.14444,0.99558,0.96219,1.31009,1.03547,0.9961,1.06735,1.12258,1.09061,1.02157,1.28239,0.94147,0.99757,1.05692,0.9877,0.99807,1.13462,1.10892,1.1461,0.58766,1.38095,1,0.91952,1.19668,0.99217,1.23692,0.97132,1.11682,0.98756,0.69392,1.33542,1.3169,1.33287,0.97732,0.87366,1.01157,1.05682,0.62107,0.98671,1.01159,0.9604,0.92198,0.97748,0.99037,0.57417,1.12297,1.00729,0.96737,1.02483,1.00965
36.78,0.96481,0.93285,0.78484,1.26212,0,1,1.05652,0.5797,1.03024,0.8668,1.04701,0.95536,1.01874,1.21346,0.4828,0.34415,0.56053,0.98117,1.14273,1.05272,0.96616,1.31337,1.06527,0.99475,1.07047,1.13742,1.10683,1.001,1.28873,0.95902,0.99766,0.98651,1.01533,1.00047,1.04718,1.11681,1.20548,0.70067,1.38095,1,0.95471,1.29367,0.97196,1.20352,0.98089,1.08875,0.99273,0.738,1.32976,1.31464,1.32842,1.0464,0.87577,0.9604,1.0515,0.60798,0.97364,1.01546,0.95824,0.90857,0.97209,0.99957,0.55137,1.09385,1.00703,1.0257,0.99155,0.9994
36.8,1.09812,0.92656,0.70355,1.19324,0,1,1.01555,0.43413,1.04984,0.91461,1.00653,0.97833,1.0111,1.19415,0.51795,0.35858,0.58036,0.95058,1.14284,1.0995,0.9705,1.3155,1.08699,0.99331,1.07026,1.14888,1.12068,0.99209,1.29302,0.97421,0.99784,0.94804,1.04396,1.00402,0.95358,1.12478,1.24433,0.83387,1.38095,1,0.98857,1.32625,0.95195,1.15589,0.99759,1.04788,0.99577,0.77632,1.323,1.3117,1.32433,1.10425,0.87564,0.91656,1.04551,0.59916,0.96274,1.01952,0.95839,0.89737,0.96704,1.0131,0.53512,1.06407,1.00651,1.08565,0.97417,0.99483
36.82,1.17928,0.91845,0.63644,1.02751,0,1,0.99155,0.34086,1.06449,0.95833,0.9704,1.00884,1.01098,1.18126,0.55367,0.37629,0.59494,0.92471,1.144,1.13621,0.97465,1.3162,1.10668,0.99191,1.06499,1.15528,1.13065,0.9854,1.2952,0.98749,0.99806,0.91753,1.06414,1.00691,0.88975,1.13452,1.26919,0.98517,1.38095,1,1.02284,1.34174,0.93592,1.09256,1.0397,0.99444,0.99581,0.79939,1.31539,1.30797,1.32114,1.14161,0.87421,0.87427,1.03963,0.59622,0.95166,1.02341,0.96201,0.89074,0.96311,1.02365,0.52662,1.03355,1.00584,1.1228,0.96048,0.99108
36.84,1.22346,0.90746,0.58626,0.88054,0,1,0.98888,0.28137,1.07296,0.99195,0.92954,1.05561,1.02046,1.1814,0.58787,0.39788,0.60312,0.90298,1.14528,1.16553,0.97804,1.31514,1.12791,0.99072,1.05248,1.15427,1.13485,0.97961,1.2951,0.99974,0.99831,0.89378,1.07891,1.00933,0.83577,1.14684,1.28472,1.15992,1.38095,1,1.02958,1.35009,0.9262,1.02146,1.08523,0.96129,0.99203,0.79916,1.30728,1.30327,1.31928,1.16726,0.87262,0.83385,1.03471,0.60066,0.93817,1.02663,0.97023,0.8918,0.96137,1.03239,0.527,1.00075,1.00511,1.1471,0.94957,0.9879
36.86,1.25058,0.89316,0.55304,0.79035,0,1,1.00913,0.24548,1.07551,1.01997,0.88231,1.09269,1.03988,1.19586,0.61936,0.42459,0.60508,0.88501,1.14571,1.18877,0.9802,1.31193,1.15183,0.99004,1.02967,1.14147,1.13035,0.97418,1.29248,1.02267,0.99855,0.87562,1.09039,1.0115,0.79079,1.16156,1.29385,1.22322,1.38095,1,0.99337,1.35465,0.92321,0.98545,1.12786,0.92946,0.98373,0.77312,1.29898,1.29719,1.31882,1.18545,0.87208,0.79643,1.03152,0.61381,0.92065,1.02847,0.98404,0.9047,0.96323,1.04031,0.53718,0.9828,1.00438,1.1635,0.94052,0.98504
36.88,1.26846,0.87582,0.53593,0.73059,0,1,1.07034,0.22764,1.07357,1.02196,0.83076,1.12191,1.06755,1.21916,0.64829,0.45839,0.60243,0.87078,1.14436,1.2064,0.98073,1.30595,1.17758,0.99021,0.99589,1.10645,1.11132,0.96885,1.28694,1.04531,0.99877,0.86201,1.1001,1.01359,0.75379,1.17762,1.29824,1.25261,1.38095,1,0.94185,1.35681,0.92549,0.98393,1.16548,0.89988,0.97044,0.72571,1.29054,1.28903,1.31944,1.19826,0.87376,0.76409,1.03072,0.63672,0.8983,1.02802,1.00814,0.93529,0.9705,1.04781,0.55793,0.96395,1.00371,1.17474,0.93242,0.98226
36.9,1.28069,0.85644,0.53426,0.69317,0,1,1.1377,0.22532,1.06975,0.99561,0.77743,1.14461,1.10018,1.24391,0.67615,0.50218,0.59793,0.8607,1.14018,1.21844,0.9793,1.2962,1.20328,0.99169,0.97062,1.01551,1.06306,0.96371,1.27778,1.06892,0.99898,0.85221,1.10912,1.01575,0.72395,1.19365,1.29865,1.26768,1.38095,1,0.8655,1.35708,0.92993,1.01196,1.19721,0.87345,0.95207,0.66618,1.28153,1.27763,1.32047,1.20661,0.87888,0.73971,1.03285,0.6703,0.87125,1.024,1.05259,0.99248,0.98552,1.0548,0.58991,0.94223,1.00311,1.18233,0.92452,0.97936
36.92,1.28914,0.83634,0.54809,0.67335,0,1,1.19602,0.23819,1.06767,0.96512,0.72513,1.16174,1.13393,1.26533,0.70547,0.56023,0.59499,0.85542,1.13199,1.22463,0.97555,1.28084,1.22714,0.99505,0.9417,0.91485,0.97198,0.95905,1.2638,1.09395,0.99915,0.84571,1.11795,1.01806,0.70071,1.20845,1.29514,1.27485,1.38095,1,0.77282,1.35554,0.93232,1.08018,1.22303,0.85109,0.92909,0.60491,1.27098,1.26082,1.32113,1.21077,0.88855,0.72632,1.03833,0.71542,0.84046,1.01461,1.09401,1.11959,1.0212,1.06095,0.63387,0.91653,1.00258,1.18716,0.9164,0.97624
36.94,1.29484,0.81681,0.57846,0.66835,0,1,1.24088,0.26802,1.07096,0.92486,0.67675,1.17404,1.16538,1.28159,0.73936,0.63932,0.59708,0.85547,1.11846,1.22457,0.96901,1.25613,1.24802,1.0019,0.91086,0.80303,0.88368,0.95523,1.24276,1.11982,0.9993,0.84225,1.12643,1.02047,0.6836,1.22133,1.28694,1.27658,1.38095,1,0.67408,1.35182,0.92853,1.14316,1.24333,0.83355,0.90277,0.5507,1.25714,1.23416,1.32066,1.21073,0.90361,0.72647,1.04757,0.77321,0.80745,0.99854,1.12999,1.20803,1.0798,1.06587,0.69095,0.88652,1.00211,1.18966,0.90822,0.97299
36.96,1.29843,0.79891,0.62751,0.67666,0,1,1.27347,0.31901,1.08193,0.88033,0.63523,1.18201,1.1922,1.29232,0.7811,0.75054,0.60771,0.86112,1.09801,1.21734,0.9591,1.21331,1.26538,1.01918,0.88024,0.6821,0.77902,0.95251,1.21021,1.14529,0.99944,0.8418,1.13368,1.02273,0.67216,1.23203,1.27213,1.27369,1.38095,1,0.57872,1.34493,0.91552,1.1917,1.25855,0.82144,0.87526,0.51047,1.23707,1.18682,1.31821,1.20628,0.9244,0.74201,1.06088,0.845,0.77418,0.98479,1.15949,1.26474,1.13649,1.0693,0.76275,0.85281,1.00171,1.18998,0.9009,0.96989
36.98,1.30028,0.78361,0.69837,0.69761,0,1,1.29642,0.39869,1.10056,0.83738,0.60388,1.18582,1.21303,1.29719,0.83376,0.91261,0.63071,0.87225,1.06893,1.20102,0.94519,1.12791,1.27904,1.04131,0.85243,0.56214,0.66621,0.95114,1.15691,1.16892,0.99956,0.84455,1.1382,1.02445,0.66605,1.24044,1.24645,1.26601,1.38095,1,0.49401,1.33253,0.89193,1.22581,1.26891,0.81542,0.84959,0.49085,1.20537,1.08431,1.31257,1.197,0.9505,0.77438,1.07826,0.93154,0.74314,0.96573,1.18217,1.30141,1.18618,1.07101,0.85064,0.81706,1.00133,1.188,0.89618,0.96752
37,1.30055,0.77193,0.7948,0.73115,0.02489,1,1.31211,0.51988,1.12471,0.80175,0.58661,1.18526,1.22717,1.29476,0.90002,1.16633,0.67098,0.88838,1.02967,1.17158,0.92675,0.96098,1.28899,1.06718,0.8304,0.45132,0.55406,0.95131,1.06125,1.18948,0.99968,0.85091,1.13789,1.02506,0.66514,1.24645,1.19985,1.25237,1.37911,1,0.4247,1.30859,0.85823,1.24791,1.27425,0.81631,0.82945,0.50072,1.15007,0.92337,1.30142,1.18222,0.98051,0.82463,1.09921,1.05345,0.71715,0.94109,1.19791,1.32554,1.22686,1.07079,0.9545,0.78168,1.00098,1.18331,0.89651,0.96668
37.02,1.29925,0.76481,0.9213,0.77798,0.10858,1,1.32239,0.70578,1.15119,0.77836,0.58758,1.17972,1.23419,1.28036,0.9826,1.26548,0.73559,0.90874,0.99021,1.12041,0.90362,0.85242,1.29534,1.09506,0.8169,0.35451,0.44988,0.95321,0.9498,1.2063,0.9998,0.86142,1.13013,1.02394,0.66946,1.24995,1.10246,1.22994,1.37231,1,0.37298,1.25178,0.8165,1.26017,1.27395,0.82497,0.81847,0.55505,1.03569,0.80717,1.2791,1.16088,1.02296,0.89348,1.12262,1.15562,0.69877,0.91115,1.20673,1.34175,1.25873,1.06842,1.10145,0.74918,1.00062,1.17521,0.90453,0.96822
37.04,1.29627,0.76292,1.11346,0.8399,0.25727,1,1.32856,1.00821,1.17704,0.77087,0.61087,1.16826,1.23357,1.23659,1.11453,1.30658,0.83565,0.93246,0.96655,1.02651,0.87617,0.77115,1.29832,1.12302,0.81368,0.27357,0.35847,0.95698,0.88027,1.21929,0.99992,0.87648,1.11165,1.02062,0.67909,1.25086,0.93783,1.19205,1.35737,1,0.33908,0.99624,0.76993,1.26379,1.26667,0.84197,0.81946,0.68491,0.91643,0.70739,1.227,1.13129,1.06992,0.98119,1.14698,1.20584,0.68958,0.87689,1.20875,1.35285,1.28297,1.06363,1.18459,0.72154,1.00025,1.16276,0.92224,0.97277
37.06,1.29141,0.76648,1.21824,0.92025,0.57897,1,1.33142,1.262,1.20014,0.78199,0.66054,1.14959,1.22401,1.03654,1.19219,1.32853,0.98989,0.9586,0.94589,0.94212,0.84548,0.71249,1.29822,1.14925,0.82111,0.2086,0.28244,0.96266,0.82677,1.22865,1.0001,0.89622,1.07787,1.01489,0.69402,1.24914,0.82779,1.12039,1.30188,1,0.32256,0.72798,0.72235,1.25837,1.24949,0.86719,0.83417,0.97196,0.82193,0.62326,1.02663,1.09075,1.1033,1.11564,1.17061,1.2338,0.68989,0.84004,1.20404,1.36051,1.30095,1.0562,1.22586,0.70003,0.99992,1.14476,0.95036,0.98051
37.08,1.28441,0.77523,1.26539,1.04212,1.27921,1,1.33123,1.31447,1.21919,0.81424,0.74044,1.12236,1.20237,0.73662,1.23871,1.34174,1.19863,0.98592,0.92819,0.88008,0.8134,0.67251,1.2953,1.17226,0.8381,0.15923,0.22309,0.97019,0.7873,1.23461,1.0004,0.92016,1.022,1.00692,0.71402,1.24478,0.73888,0.97652,0.65672,1,0.3237,0.55771,0.67802,1.24069,1.21594,0.89938,0.86326,1.28017,0.73617,0.55408,0.77122,1.03562,1.12762,1.18787,1.19202,1.24996,0.69887,0.80312,1.1926,1.36573,1.31381,1.04594,1.24898,0.6856,0.9997,1.11989,0.9877,0.99106
37.1,1.27495,0.78847,1.29139,1.16537,1.35321,1,1.3276,1.33632,1.23346,0.87064,0.85276,1.0859,1.16146,0.52846,1.2693,1.35008,1.27208,1.02358,0.91297,0.8321,0.78233,0.64849,1.28992,1.19106,0.86201,0.12527,0.18106,0.97932,0.76032,1.23717,1.00071,0.94706,0.97255,0.99865,0.73846,1.23783,0.66813,0.87077,0.29194,1,0.34449,0.44503,0.6412,1.20027,1.15039,0.93573,0.90636,1.33546,0.65915,0.49959,0.58836,0.98301,1.14599,1.2254,1.21015,1.25875,0.71456,0.76911,1.17474,1.36905,1.32235,1.03282,1.26224,0.67919,0.99946,1.08697,1.05201,1.0068
37.12,1.26272,0.80525,1.30717,1.22785,1.37009,1,1.31914,1.34764,1.24269,0.95587,0.99575,1.04124,1.08331,0.38253,1.29062,1.35534,1.30717,1.06038,0.89957,0.80092,0.75453,0.63879,1.28256,1.20527,0.88902,0.10662,0.15646,0.9897,0.74483,1.23613,1.00104,0.97508,0.93791,0.99365,0.76643,1.22836,0.61315,0.77633,0.13347,1,0.38993,0.36983,0.61554,1.09685,1.00612,0.97221,0.96197,1.35649,0.59077,0.45952,0.45336,0.95289,1.16055,1.24453,1.22458,1.26213,0.7343,0.7407,1.15156,1.37079,1.32715,1.01692,1.2691,0.68181,0.99921,1.04539,1.10309,1.03017
37.14,1.24726,0.82461,1.31721,1.26492,1.37725,1,1.30203,1.35398,1.24685,1.10772,1.16773,0.99602,0.96446,0.2815,1.30611,1.35847,1.32698,1.0838,0.88723,0.78756,0.73135,0.64252,1.27389,1.21508,0.91521,0.10321,0.14901,1.00183,0.74015,1.23103,1.00136,1.00454,0.91114,0.9889,0.79695,1.21635,0.57168,0.69335,0.04901,1,0.47044,0.3208,0.60345,0.90422,0.90255,1.00962,1.04783,1.36694,0.53054,0.4332,0.35383,0.93096,1.17279,1.25176,1.2355,1.26084,0.75543,0.71953,1.12534,1.3711,1.32857,0.99922,1.27108,0.69434,0.99896,0.99769,1.13468,1.05007
37.16,1.22786,0.84586,1.32369,1.28907,1.38095,1,1.2645,1.3575,1.24586,1.20553,1.22959,0.97542,0.88558,0.21143,1.31775,1.36,1.33935,1.09622,0.87525,0.79131,0.71303,0.65935,1.26454,1.22105,0.93757,0.11534,0.15858,1.02335,0.74584,1.22115,1.00164,1.04698,0.89307,0.98449,0.82921,1.20165,0.54159,0.62121,0,1,0.60749,0.29103,0.60635,0.75783,0.829,1.05356,1.12707,1.37288,0.47776,0.41952,0.27973,0.91831,1.18373,1.24978,1.24351,1.25486,0.77594,0.70596,1.09926,1.36999,1.32674,0.98953,1.26867,0.71738,0.99874,0.9737,1.15307,1.06684
37.18,1.20367,0.86843,1.32777,1.30569,1.38095,1,1.15008,1.35915,1.2393,1.2579,1.25855,0.96046,0.82146,0.16302,1.32664,1.36024,1.34758,1.09851,0.86309,0.80962,0.69896,0.68921,1.2551,1.22386,0.95449,0.14384,0.18553,1.04206,0.76162,1.20544,1.00183,1.07584,0.88253,0.98024,0.86234,1.18396,0.5211,0.55937,0,1,0.84834,0.27633,0.62515,0.63209,0.77815,1.08039,1.17361,1.37649,0.432,0.41736,0.224,0.91589,1.19401,1.23953,1.24932,1.24345,0.79461,0.69939,1.07675,1.36726,1.32146,0.98029,1.26164,0.75094,0.9986,0.95445,1.16287,1.08163
37.2,1.17386,0.89171,1.33008,1.31741,1.38095,1,0.8421,1.35937,1.22609,1.28924,1.27341,0.94891,0.77439,0.13055,1.33345,1.35931,1.35325,1.08985,0.85041,0.83783,0.68807,0.7321,1.24595,1.22419,0.96577,0.18976,0.23029,1.05739,0.78725,1.18253,1.00186,1.09507,0.87699,0.9758,0.89519,1.16297,0.50889,0.50773,0,1,1.22426,0.27434,0.66064,0.52779,0.74554,1.09878,1.20101,1.37873,0.39325,0.42576,0.18209,0.92489,1.20393,1.2215,1.25363,1.22507,0.81103,0.69862,1.06017,1.36256,1.3123,0.97209,1.24901,0.79414,0.99857,0.93998,1.16778,1.09583
37.22,1.138,0.91509,1.33098,1.3257,1.38095,1,0.64252,1.35829,1.20397,1.30931,1.28079,0.93804,0.7459,0.11058,1.33857,1.35721,1.35721,1.06704,0.83704,0.86946,0.67906,0.78799,1.23718,1.22269,0.97228,0.25367,0.29272,1.06884,0.8226,1.15059,1.00165,1.10692,0.87333,0.97077,0.92637,1.1384,0.50402,0.46624,0,1,1.31071,0.28404,0.71383,0.4436,0.72722,1.11452,1.21548,1.38003,0.36162,0.44401,0.15102,0.94689,1.21361,1.19722,1.25708,1.19669,0.82541,0.70215,1.04994,1.3553,1.29863,0.96553,1.22855,0.8452,0.99874,0.9303,1.17094,1.11057
37.24,1.09632,0.93803,1.33067,1.33145,1.38095,1,0.50383,1.35583,1.1684,1.32275,1.2836,0.92536,0.73656,0.10098,1.34232,1.3538,1.35992,1.02245,0.82283,0.89783,0.67068,0.85711,1.22864,1.21995,0.97534,0.33538,0.37182,1.07606,0.86764,1.10687,1.00108,1.11249,0.86891,0.96491,0.95467,1.10996,0.50574,0.43456,0,1,1.33967,0.30538,0.7862,0.37688,0.71982,1.1312,1.21992,1.38064,0.33698,0.47182,0.12869,0.98386,1.22311,1.17059,1.26019,1.15219,0.83831,0.70852,1.04495,1.34455,1.27962,0.9612,1.19563,0.90202,0.99917,0.92553,1.17467,1.12617
37.26,1.04973,0.96013,1.32927,1.33526,1.38095,1,0.40627,1.35169,1.10977,1.33205,1.28341,0.90922,0.74597,0.1004,1.34494,1.34872,1.36171,0.97351,0.80767,0.91801,0.66195,0.93986,1.21991,1.21642,0.97624,0.43362,0.46558,1.07877,0.92231,1.04685,1.00004,1.11198,0.86226,0.95825,0.97932,1.07736,0.51325,0.41211,0,1,1.35363,0.3391,0.87952,0.32471,0.72031,1.15021,1.21544,1.38068,0.31894,0.50917,0.11358,1.06263,1.23245,1.14798,1.26335,1.07786,0.85048,0.71654,1.04346,1.32879,1.25424,0.95953,1.13982,0.9626,0.99997,0.92598,1.1801,1.14209
37.28,1.00001,0.98096,1.3269,1.33749,1.38095,1,0.33758,1.34533,1.00659,1.33855,1.28139,0.88899,0.77267,0.10796,1.3466,1.34142,1.36274,0.92865,0.79157,0.92806,0.65224,1.05952,1.21048,1.21248,0.97602,0.54529,0.57039,1.07659,0.98579,0.98335,0.9992,1.10466,0.85339,0.95122,1,1.04052,0.52558,0.39841,0,1,1.36146,0.38633,0.99416,0.28482,0.72567,1.17111,1.20192,1.3802,0.30713,0.55593,0.10467,1.13645,1.24159,1.13528,1.26675,0.9737,0.86261,0.72527,1.04383,1.30556,1.22139,0.96088,1.03423,1.04357,1.00243,0.9322,1.18703,1.15718
37.3,0.97826,0.99982,1.32373,1.33828,1.38095,1,0.29059,1.33585,0.93739,1.34298,1.27867,0.8651,0.81373,0.12308,1.34739,1.33109,1.3631,0.88078,0.77476,0.92927,0.64131,1.15676,1.19979,1.20846,0.97545,0.66467,0.68054,1.06885,1.08423,0.94615,0.99802,1.08854,0.84371,0.94461,1.03023,1.00043,0.54143,0.3934,0,1,1.3661,0.4479,1.14605,0.2558,0.73265,1.19237,1.17844,1.37922,0.30139,0.61121,0.10147,1.18939,1.25036,1.13369,1.27047,0.9079,0.87526,0.73396,1.04477,1.271,1.18041,0.96552,0.93393,1.1157,1.00596,0.94506,1.19423,1.16995
37.32,0.96317,1.02836,1.31995,1.33764,1.38095,1,0.26116,1.32178,0.88544,1.34574,1.27642,0.83883,0.86457,0.14541,1.34734,1.31652,1.36282,0.83337,0.75782,0.925,0.62929,1.20664,1.18718,1.2046,0.97506,0.78346,0.78855,1.05454,1.14691,0.91485,0.99644,1.05957,0.83602,0.9397,1.04915,0.98243,0.5593,0.39748,0,1,1.36876,0.52395,1.20926,0.23696,0.73826,1.21236,1.14371,1.37772,0.3018,0.67307,0.10394,1.22668,1.2585,1.13926,1.27441,0.85392,0.88882,0.74209,1.04542,1.21918,1.1318,0.97366,0.86416,1.15898,1.01062,0.96563,1.19969,1.17869
37.34,0.95536,1.04475,1.31578,1.33536,1.38095,1,0.24684,1.30055,0.84888,1.34701,1.27546,0.81201,0.91974,0.17508,1.3464,1.29587,1.36183,0.78942,0.74177,0.91888,0.61663,1.23523,1.1719,1.20103,0.97514,0.89221,0.88646,1.03222,1.18372,0.88756,0.99443,1.00956,0.83458,0.93826,1.05837,0.97124,0.57798,0.41153,0,1,1.36999,0.61366,1.23949,0.22801,0.74062,1.22986,1.09644,1.37563,0.30859,0.73896,0.1125,1.25281,1.26564,1.14692,1.27841,0.81178,0.90358,0.74944,1.04528,1.14191,1.07812,0.98525,0.81017,1.1884,1.01639,0.99508,1.20068,1.18113
37.36,0.95704,1.04724,1.3113,1.33104,1.38095,1,0.2463,1.2673,0.82767,1.34687,1.27583,0.78688,0.9738,0.21285,1.34448,1.26598,1.36,0.75142,0.7281,0.91354,0.60411,1.25244,1.15297,1.19769,0.97583,0.98252,0.96762,1.00011,1.20581,0.86096,0.99201,0.96755,0.84546,0.94269,1.05642,0.96947,0.59681,0.43695,0,1,1.37004,0.71495,1.25362,0.22901,0.73971,1.24411,1.03617,1.37277,0.32216,0.80625,0.12801,1.27091,1.27132,1.1533,1.28222,0.78059,0.91974,0.75617,1.04415,1.03067,1.02438,0.99995,0.77122,1.21182,1.02313,1.05742,1.19296,1.17345
37.38,0.97239,1.02981,1.30647,1.3239,1.37957,1,0.25919,1.21251,0.82117,1.34522,1.2767,0.76615,1.03896,0.26014,1.34144,1.22111,1.3571,0.72177,0.71892,0.91043,0.59286,1.26279,1.12931,1.19434,0.97707,1.07677,1.04845,0.9807,1.21838,0.83065,0.98927,0.926,0.87754,0.95618,1.03777,0.98147,0.61583,0.47567,0.0187,1,1.36893,0.82306,1.25755,0.24058,0.73758,1.25458,0.98413,1.36885,0.34287,0.87233,0.15186,1.28287,1.27495,1.15689,1.28552,0.75911,0.93722,0.76278,1.04208,0.9569,0.9893,1.03077,0.7463,1.23379,1.0305,1.11323,1.1673,1.14671
37.4,1.01561,0.98845,1.30109,1.3125,1.37693,1,0.28615,1.11823,0.82867,1.34174,1.27653,0.75297,1.08954,0.31891,1.33708,1.15044,1.35273,0.70314,0.71696,0.91,0.58435,1.26856,1.09999,1.19058,0.97866,1.11981,1.09715,0.9616,1.22386,0.79201,0.98638,0.88304,0.94526,0.98309,0.99402,1.02546,0.63568,0.53028,0.05305,1,1.36652,0.92853,1.25299,0.26414,0.738,1.26071,0.95842,1.36337,0.37107,0.93452,0.18611,1.28959,1.2757,1.15738,1.28795,0.7461,0.95557,0.77003,1.03942,0.92435,0.97537,1.05761,0.73472,1.25647,1.03802,1.15701,1.09333,1.07186
37.42,1.1042,0.94144,1.29471,1.29385,1.37333,1,0.32908,0.98148,0.8498,1.33576,1.27347,0.75051,1.11544,0.39183,1.33109,1.03153,1.34616,0.69827,0.72525,0.91207,0.58003,1.27095,1.06435,1.18595,0.9803,1.13583,1.11635,0.94449,1.22314,0.74134,0.98361,0.84122,1.1055,1.05053,0.94984,1.1053,0.65746,0.60459,0.09676,1,1.36234,1.03117,1.23883,0.30234,0.74541,1.26181,0.94225,1.35539,0.40706,0.9903,0.23404,1.29126,1.27246,1.155,1.28916,0.74045,0.97407,0.77874,1.03661,0.91007,0.96867,1.07909,0.73627,1.27977,1.04497,1.1904,0.92774,0.92994
37.44,1.17969,0.87664,1.28667,1.2604,1.3683,1,0.39199,0.92619,0.88489,1.32589,1.2654,0.76127,1.1265,0.48307,1.32298,0.93844,1.33594,0.70963,0.74655,0.91625,0.58093,1.27065,1.02196,1.17999,0.98178,1.13783,1.12038,0.93026,1.21599,0.6773,0.98139,0.80203,1.22779,1.13079,0.88933,1.17691,0.6826,0.70503,0.1528,1,1.35537,1.10405,1.20979,0.35988,0.76379,1.25689,0.93456,1.34297,0.45145,1.06225,0.30119,1.28731,1.26356,1.15009,1.28891,0.74116,0.99204,0.7896,1.03406,0.90819,0.96715,1.09539,0.7512,1.30213,1.05038,1.21581,0.76716,0.79058
37.46,1.23583,0.79939,1.27592,1.18696,1.36083,1,0.4822,0.91073,0.93516,1.30905,1.24939,0.78674,1.12706,0.59949,1.3119,0.88374,1.31882,0.7393,0.78309,0.92216,0.5873,1.26809,0.98722,1.17241,0.98301,1.13098,1.11496,0.91855,1.20108,0.60162,0.98029,0.76582,1.29092,1.19566,0.81667,1.23175,0.71269,0.84282,0.2265,1,1.34311,1.12038,1.14948,0.4448,0.79583,1.24419,0.93415,1.32123,0.5052,1.10668,0.39736,1.276,1.24611,1.14286,1.28711,0.74718,1.01704,0.80286,1.03193,0.91454,0.96918,1.10785,0.78004,1.32187,1.05299,1.2355,0.60131,0.64187
37.48,1.27494,0.7175,1.26091,0.96537,1.34863,1,0.61215,0.92653,1.00501,1.27743,1.2203,0.82709,1.11922,0.75173,1.29644,0.84507,1.286,0.78893,0.83606,0.92952,0.59857,1.26358,0.966,1.16322,0.98404,1.118,1.10312,0.90788,1.17545,0.51877,0.9811,0.73223,1.32635,1.24456,0.73849,1.27059,0.74919,1.06115,0.3274,1,1.31831,1.10367,0.99557,0.57043,0.84258,1.22034,0.93968,1.27395,0.56933,1.13344,0.53995,1.25307,1.21429,1.13335,1.28386,0.75737,1.04294,0.8182,1.03011,0.92588,0.97337,1.11853,0.82337,1.33808,1.05107,1.25122,0.44694,0.49823
37.5,1.30152,0.6388,1.23904,0.78596,1.32533,1,0.80271,0.96609,1.1181,1.20491,1.16746,0.88069,1.10415,0.95554,1.27435,0.81659,1.20366,0.85941,0.90505,0.93804,0.61323,1.25753,0.9481,1.15283,0.98508,1.10093,1.08717,0.89593,1.13319,0.43463,0.98482,0.7008,1.34755,1.28011,0.66185,1.29717,0.79334,1.22565,0.47301,1,1.24903,1.05415,0.86784,0.75907,0.90279,1.17888,0.9496,1.09871,0.64423,1.15114,0.76152,1.20764,1.15476,1.12159,1.27946,0.77033,1.06278,0.83461,1.02828,0.93957,0.97856,1.12979,0.88148,1.35073,1.04198,1.26414,0.31397,0.36989
37.52,1.31957,0.56884,1.20543,0.64887,1.26396,1,1.11993,1.03762,1.18545,0.96584,1.06402,0.94392,1.08285,1.19998,1.24177,0.79398,0.91971,0.95066,0.98765,0.94746,0.62909,1.25042,0.93375,1.14213,0.98635,1.08181,1.06935,0.88001,1.06112,0.35507,0.99268,0.67147,1.36082,1.3055,0.592,1.3152,0.84618,1.28303,0.69943,1,0.88821,0.98158,0.75332,1.07881,0.97282,1.10618,0.96223,0.76526,0.72935,1.16413,1.14969,1.10412,1.02857,1.10752,1.27447,0.78454,1.07752,0.85055,1.02599,0.95346,0.98379,1.14377,0.9546,1.36023,1.02128,1.27488,0.20577,0.26195
37.54,1.33202,0.51003,1.14881,0.54288,0.91519,1,1.26511,1.11136,1.22876,0.77488,0.93981,1.02256,1.05644,1.27292,1.1911,0.77397,0.71247,1.09128,1.10958,0.95756,0.64382,1.2428,0.92353,1.1323,0.98806,1.06271,1.05192,0.85769,0.96816,0.2849,1.01202,0.64503,1.36941,1.32344,0.53135,1.32752,0.90909,1.31172,1.12468,1,0.60562,0.93399,0.65371,1.26187,1.07465,0.9854,0.976,0.58054,0.8236,1.17493,1.28783,0.92344,0.91292,1.09103,1.26963,0.79871,1.08743,0.86443,1.0229,0.96602,0.98843,1.16161,1.07009,1.36717,0.9906,1.28365,0.12151,0.17553
37.56,1.34081,0.46253,1.03585,0.45969,0.6038,1,1.3094,1.15387,1.25821,0.64234,0.86272,1.1098,1.02651,1.30501,1.10434,0.75421,0.57274,1.18221,1.17561,0.96815,0.65541,1.23515,0.91854,1.12449,0.99026,1.04542,1.03673,0.82746,0.90264,0.22756,1.04722,0.62335,1.37502,1.3359,0.48019,1.33603,0.98398,1.32872,1.29525,1,0.43746,0.89624,0.56862,1.30953,1.1431,0.91269,0.98952,0.45738,0.92593,1.18501,1.32594,0.80394,0.83122,1.07194,1.26565,0.81191,1.0921,0.87496,1.01885,0.9764,0.99214,1.18301,1.1625,1.37206,0.96034,1.29028,0.05868,0.10965
37.58,1.34714,0.42568,0.92098,0.39364,0.41941,1,1.33042,1.17612,1.27897,0.54871,0.80494,1.15743,0.99783,1.32298,0.96971,0.73327,0.47494,1.22889,1.21276,0.97899,0.66232,1.22785,0.92056,1.11969,0.99285,1.03089,1.02465,0.78905,0.84075,0.18571,1.08718,0.60952,1.3786,1.34419,0.43789,1.3419,1.10279,1.33981,1.33487,1,0.32842,0.872,0.49724,1.33074,1.18162,0.85693,1.00321,0.36982,1.05876,1.1951,1.34336,0.71191,0.76819,1.05018,1.26321,0.82369,1.09022,0.88122,1.01399,0.98449,0.99488,1.20643,1.21636,1.37526,0.92,1.29426,0.0148,0.0629
37.6,1.35174,0.39884,0.83352,0.34119,0.29943,1,1.34233,1.18323,1.29379,0.48286,0.76309,1.18548,0.98523,1.33439,0.88865,0.71062,0.40561,1.25558,1.23512,0.98973,0.66359,1.22111,0.93202,1.1186,0.99556,1.01892,1.01529,0.74354,0.78244,0.16196,1.1281,0.6078,1.38064,1.34902,0.40377,1.34584,1.17569,1.34744,1.35227,1,0.25437,0.86343,0.43895,1.34214,1.20475,0.81597,1.02105,0.30483,1.1612,1.20539,1.35298,0.64373,0.72144,1.02602,1.26276,0.83391,1.07922,0.88263,1.00878,0.99075,0.9969,1.22988,1.2515,1.37696,0.87014,1.29474,0,0.03439
37.62,1.35506,0.38153,0.758,0.30016,0.21751,1,1.34968,1.17596,1.30433,0.43821,0.73425,1.20223,0.97731,1.34219,0.82552,0.68631,0.35715,1.27123,1.24867,0.99991,0.65891,1.21492,0.95571,1.12143,0.99806,1.00833,1.00724,0.69309,0.72772,0.15938,1.16664,0.62318,1.38095,1.35073,0.37712,1.34825,1.2196,1.35281,1.3618,1,0.2032,0.87219,0.39308,1.34869,1.21885,0.7877,1.03163,0.25531,1.2109,1.21579,1.35872,0.59645,0.68892,1.00024,1.26442,0.84277,1.05456,0.87897,1.00389,0.99602,0.99856,1.25166,1.27612,1.37714,0.81259,1.29033,0,0.0241
37.64,1.35741,0.37326,0.69425,0.26903,0.16036,1,1.35436,1.1503,1.3117,0.41051,0.71608,1.21169,0.9744,1.34777,0.77626,0.66058,0.32483,1.27991,1.25635,1.0174,0.64871,1.20906,0.99398,1.12797,1.00004,0.99879,0.99943,0.64044,0.67673,0.18266,1.20062,0.66072,1.38072,1.3492,0.35703,1.34936,1.2481,1.35658,1.36758,1,0.16806,0.89981,0.35857,1.35236,1.22707,0.77025,1.0354,0.21695,1.2396,1.22611,1.36217,0.5674,0.66881,0.98788,1.26797,0.85075,1.00818,0.87031,0.99998,1.00226,1.00045,1.27076,1.29418,1.37548,0.75028,1.27855,0,0.03336
37.66,1.35906,0.37348,0.64177,0.24682,0.12059,1,1.35732,1.09283,1.31664,0.39685,0.70682,1.21596,0.97634,1.35187,0.73789,0.63367,0.30552,1.28369,1.2598,1.03134,0.63418,1.20304,1.07508,1.13756,1.00256,0.99296,0.99457,0.58863,0.6299,0.24065,1.22903,0.72519,1.37838,1.3436,0.34236,1.34933,1.26741,1.35913,1.37126,1,0.14472,0.94774,0.33411,1.35407,1.23108,0.76198,1.03289,0.18701,1.25778,1.23623,1.36411,0.55403,0.65934,0.97753,1.27282,0.85855,0.96888,0.85709,0.9987,1.01286,1.00422,1.28674,1.30778,1.37099,0.68696,1.25425,0.01765,0.06631
37.68,1.3602,0.3815,0.60037,0.23321,0.09424,1,1.35905,0.9819,1.31969,0.39519,0.70524,1.21619,0.98245,1.35489,0.70845,0.60603,0.29728,1.28373,1.26,1.0421,0.61723,1.19614,1.13899,1.14922,1.00364,0.98657,0.98896,0.54087,0.58821,0.35086,1.25168,0.81995,1.37326,1.33179,0.33184,1.34825,1.28058,1.36063,1.37355,1,0.1306,1.0305,0.31853,1.35427,1.23175,0.76151,1.02482,0.1639,1.26984,1.24597,1.36491,0.5539,0.65878,0.96911,1.27822,0.86704,0.93039,0.84008,0.99815,1.02393,1.00852,1.29949,1.31806,1.36068,0.62683,1.20479,0.07917,0.13197
37.7,1.36102,0.39646,0.57045,0.22868,0.07959,1,1.35982,0.89956,1.32112,0.40423,0.71051,1.21306,0.99155,1.35704,0.68689,0.57834,0.29911,1.28072,1.25761,1.05004,0.60021,1.18738,1.18229,1.16185,1.00348,0.97984,0.98282,0.50032,0.55307,0.54757,1.26887,0.94363,1.36251,1.30866,0.32422,1.34618,1.28917,1.36112,1.37478,1,0.12428,1.13133,0.31105,1.35315,1.22949,0.76762,1.01227,0.14692,1.27781,1.25513,1.36473,0.56458,0.66538,0.96263,1.28337,0.87718,0.89374,0.82042,0.99823,1.03502,1.01316,1.30911,1.32564,1.33295,0.57392,1.09151,0.19024,0.2474
37.72,1.36162,0.41734,0.55259,0.2344,0.07643,1,1.35971,0.82506,1.32108,0.42322,0.7222,1.20687,1.00427,1.3584,0.67266,0.55143,0.31083,1.27512,1.25312,1.05544,0.58541,1.17559,1.20983,1.17448,1.00241,0.97323,0.97663,0.46942,0.52591,0.89925,1.28124,1.11471,1.33667,1.26067,0.31844,1.34316,1.29396,1.3605,1.37504,1,0.12519,1.19015,0.31128,1.35071,1.22435,0.77928,0.9984,0.13596,1.28271,1.2635,1.36359,0.58371,0.67742,0.9581,1.28765,0.88982,0.86342,0.7993,0.99878,1.04542,1.01778,1.31579,1.33095,1.17657,0.53113,0.92359,0.38728,0.44299
37.74,1.3621,0.44313,0.5471,0.25213,0.08575,1,1.3587,0.7632,1.31957,0.45204,0.74014,1.19771,1.02399,1.35897,0.66519,0.52605,0.33287,1.26719,1.24687,1.05855,0.57443,1.15936,1.22598,1.18653,1.0007,0.96714,0.97082,0.44935,0.5076,1.26425,1.28961,1.19583,1.23904,1.1408,0.3138,1.33919,1.29539,1.35853,1.37427,1,0.13345,1.22576,0.31915,1.34675,1.21608,0.79564,0.99057,0.13124,1.28518,1.27096,1.36134,0.60925,0.69344,0.95544,1.29071,0.90555,0.84212,0.77766,0.99965,1.05456,1.02205,1.31987,1.33427,0.60335,0.49957,0.83114,0.74406,0.77012
37.76,1.36248,0.47279,0.55366,0.2842,0.10986,1,1.35668,0.71574,1.31652,0.49113,0.76433,1.18542,1.04006,1.35873,0.66357,0.50285,0.36613,1.25699,1.23906,1.05964,0.56798,1.1372,1.23401,1.19771,0.99925,0.96183,0.96566,0.44022,0.49847,1.31734,1.29478,1.22815,0.75992,0.91049,0.31017,1.33428,1.29368,1.35478,1.3722,1,0.14981,1.24766,0.33476,1.34083,1.20412,0.81607,0.98364,0.13323,1.28571,1.27744,1.35771,0.6397,0.71235,0.9545,1.29246,0.9244,0.83031,0.75612,1.00151,1.06223,1.02579,1.32166,1.33587,0.39325,0.47887,0.7771,1.24382,1.22036
37.78,1.3627,0.50497,0.57124,0.33357,0.15315,1,1.35337,0.68317,1.31176,0.54112,0.79471,1.1697,1.05215,1.35755,0.66644,0.48259,0.41157,1.2444,1.2298,1.05901,0.56601,1.10789,1.2364,1.2079,0.99794,0.95738,0.96123,0.44147,0.49853,1.33422,1.29743,1.24006,0.54834,0.80269,0.30798,1.32848,1.28895,1.34848,1.36827,1,0.17567,1.26063,0.35824,1.33217,1.1876,0.83989,0.97806,0.14281,1.28477,1.28285,1.35222,0.674,0.73328,0.95504,1.29299,0.94561,0.82664,0.73514,1.00411,1.06844,1.02897,1.32142,1.33586,0.29997,0.46787,0.7534,1.31383,1.299
37.8,1.36268,0.5377,0.59786,0.40368,0.22357,1,1.34828,0.6659,1.30511,0.60239,0.83088,1.15032,1.06042,1.35519,0.67204,0.46626,0.46969,1.22918,1.2192,1.05701,0.5679,1.07138,1.23532,1.21703,0.99641,0.95378,0.95751,0.45222,0.5078,1.34077,1.29809,1.24045,0.4664,0.75263,0.30821,1.322,1.28133,1.33824,1.36114,1,0.21332,1.26693,0.38955,1.31945,1.1654,0.86625,0.97404,0.16155,1.28292,1.28706,1.34416,0.71124,0.75551,0.95676,1.29248,0.96747,0.82831,0.71517,1.00713,1.07334,1.03162,1.3193,1.33424,0.25882,0.46512,0.75257,1.33035,1.31808
37.82,1.36228,0.56852,0.63062,0.49859,0.33654,1,1.34048,0.66455,1.29626,0.67503,0.87172,1.12718,1.06528,1.35117,0.67847,0.45497,0.54028,1.21104,1.20734,1.05395,0.57274,1.02981,1.23302,1.22503,0.9946,0.95094,0.95441,0.47151,0.52644,1.34296,1.29714,1.23297,0.44437,0.7379,0.31208,1.31528,1.27112,1.32125,1.34739,1,0.26656,1.26741,0.42856,1.30019,1.13626,0.89404,0.9716,0.19222,1.28074,1.28988,1.33233,0.75057,0.77842,0.95937,1.29117,0.98775,0.83183,0.69661,1.01064,1.07711,1.0338,1.31536,1.33085,0.2444,0.46911,0.76779,1.3342,1.32264
37.84,1.36138,0.59533,0.66615,0.62383,0.52629,1,1.32799,0.67969,1.28469,0.75942,0.91502,1.10053,1.06748,1.34451,0.68422,0.4499,0.62286,1.18966,1.19423,1.05001,0.57956,0.99385,1.2316,1.23196,0.9925,0.94874,0.95182,0.49855,0.55476,1.34302,1.29485,1.21935,0.4565,0.74531,0.32076,1.30887,1.25884,1.29071,1.31442,1,0.3423,1.26193,0.47551,1.26905,1.09933,0.92196,0.97047,0.23971,1.27875,1.29113,1.31455,0.7911,0.8016,0.96266,1.28929,1.00927,0.83395,0.67973,1.01465,1.07999,1.03562,1.3095,1.3253,0.24399,0.47858,0.79319,1.33211,1.32039
37.86,1.35985,0.61719,0.70112,0.78761,0.88416,1,1.30582,0.71149,1.26942,0.85713,0.95682,1.07126,1.06814,1.33304,0.6886,0.45226,0.71745,1.16481,1.17979,1.04522,0.58758,0.97709,1.23252,1.23788,0.99013,0.94702,0.94961,0.53287,0.59314,1.34206,1.29138,1.20051,0.49096,0.76653,0.33511,1.3032,1.24533,1.22474,1.15525,1,0.45377,1.24944,0.53142,1.21132,1.0559,0.94854,0.97013,0.31298,1.2772,1.29055,1.28602,0.83177,0.82488,0.96659,1.28704,1.03284,0.83257,0.66462,1.01908,1.08221,1.03716,1.30147,1.31692,0.2504,0.49255,0.82412,1.32579,1.31339
37.88,1.35759,0.63471,0.73235,1.0022,1.28191,1,1.25787,0.75888,1.24863,0.97123,0.99056,1.04161,1.06889,1.31117,0.69187,0.46353,0.82496,1.13689,1.16384,1.03943,0.59611,0.96386,1.23617,1.24288,0.98762,0.94562,0.94768,0.57398,0.64147,1.34065,1.28684,1.17714,0.54098,0.79583,0.35548,1.29835,1.23184,0.99888,0.64845,1,0.62745,1.22792,0.59818,1.06827,1.01338,0.97193,0.96974,0.42916,1.27603,1.28775,1.23405,0.8709,0.84819,0.97123,1.28458,1.04991,0.82699,0.65137,1.0237,1.084,1.0385,1.29083,1.30464,0.25962,0.51024,0.85696,1.31547,1.30201
37.9,1.35452,0.64996,0.75685,1.21353,1.33592,1,1.08899,0.81835,1.21903,1.13204,1.01345,1.0161,1.0718,1.25877,0.69515,0.48575,0.94714,1.10785,1.1463,1.03234,0.60458,0.95078,1.24191,1.24699,0.98514,0.94437,0.94598,0.62095,0.69843,1.33905,1.28132,1.15015,0.60136,0.82884,0.38158,1.29387,1.22017,0.80202,0.41305,1,0.92316,1.19448,0.6784,0.87497,0.99495,0.98972,0.96822,0.62479,1.27483,1.28202,1.11124,0.90575,0.87135,0.97677,1.28208,1.06559,0.81781,0.64012,1.02817,1.08559,1.03967,1.27706,1.28697,0.26995,0.53085,0.88894,1.30079,1.28605
37.92,1.35061,0.66583,0.77221,1.27185,1.35445,1,0.78286,0.88308,1.17405,1.21145,0.99619,1.00143,1.07905,1.00611,0.70035,0.52179,1.11601,1.08244,1.12734,1.02345,0.61251,0.93415,1.24857,1.2502,0.98292,0.94316,0.9445,0.67222,0.76114,1.33725,1.27492,1.12089,0.66714,0.86213,0.41249,1.28893,1.21231,0.67444,0.28191,1,1.25954,1.14631,0.77564,0.74586,1.00548,0.99911,0.96433,0.9956,1.27291,1.27218,0.89467,0.9323,0.89386,0.98347,1.27968,1.08401,0.80649,0.63108,1.03207,1.0871,1.04069,1.25962,1.26186,0.28137,0.55355,0.91805,1.28114,1.26513
37.94,1.34586,0.68528,0.77708,1.29783,1.36326,1,0.59639,0.94348,1.09829,1.25415,0.95185,1.00405,1.09214,0.70528,0.71004,0.57577,1.20511,1.06835,1.10779,1.01208,0.61963,0.91115,1.25514,1.25254,0.98118,0.94197,0.94327,0.72596,0.82558,1.3351,1.26777,1.09116,0.73334,0.89312,0.4469,1.28246,1.20971,0.59007,0.20363,1,1.32193,1.08394,0.89492,0.64283,1.06154,0.99748,0.95691,1.29176,1.26923,1.25595,0.75867,0.94569,0.91474,0.99168,1.27747,1.10702,0.79454,0.62436,1.03511,1.08859,1.04154,1.23791,1.22664,0.29468,0.57754,0.94304,1.25597,1.23906
37.96,1.34032,0.71069,0.77162,1.31161,1.36801,1,0.46511,0.98909,0.97656,1.28092,0.87501,1.02614,1.11128,0.5132,0.72741,0.65353,1.25007,1.07347,1.08965,0.99867,0.62591,0.88082,1.26097,1.25404,0.98002,0.94084,0.94238,0.78028,0.88728,1.33243,1.26003,1.063,0.79524,0.92005,0.48325,1.27323,1.21261,0.53423,0.1559,1,1.34568,1.01886,1.06911,0.55831,1.13369,0.98295,0.94501,1.3381,1.26224,1.22882,0.65415,0.94092,0.9323,1.00355,1.27549,1.13374,0.78322,0.61997,1.03709,1.08999,1.04214,1.21127,1.17804,0.31071,0.60201,0.96335,1.22531,1.20836
37.98,1.33419,0.74347,0.7575,1.31945,1.37062,1,0.37047,1.02038,0.89731,1.29922,0.77428,1.06363,1.1352,0.38304,0.75664,0.7629,1.2774,1.10029,1.07667,0.98965,0.63157,0.84419,1.26571,1.25479,0.97951,0.93997,0.94198,0.83309,0.94168,1.32911,1.25198,1.03832,0.84906,0.94202,0.51946,1.25979,1.21985,0.49798,0.12765,1,1.35788,0.9904,1.19737,0.48798,1.1989,0.95487,0.92813,1.35643,1.24928,1.18065,0.57055,0.914,0.94391,1.02622,1.27367,1.16148,0.77348,0.61779,1.03797,1.09106,1.04242,1.17923,1.11374,0.33004,0.62598,0.97898,1.1903,1.17463
38,1.32793,0.78387,0.73746,1.3239,1.37193,1,0.30236,1.00662,0.83068,1.3123,0.66228,1.10851,1.16159,0.29316,0.80335,0.91377,1.29577,1.14273,1.07415,0.97913,0.63698,0.80403,1.26915,1.25482,0.97964,0.93964,0.94224,0.8818,0.98435,1.32504,1.24407,1.01838,0.89265,0.95893,0.5526,1.2403,1.2295,0.47565,0.11297,1,1.36499,0.99698,1.25174,0.42956,1.24884,0.914,0.90624,1.36586,1.22468,1.08336,0.50217,0.86322,0.94608,1.04988,1.27191,1.18742,0.7661,0.61768,1.03774,1.09146,1.04224,1.14225,1.0374,0.3528,0.64815,0.99036,1.15346,1.14056
38.02,1.32242,0.83116,0.71461,1.32624,1.37234,1,0.25473,0.96648,0.77679,1.32187,0.55101,1.15317,1.18796,0.23152,0.87544,1.14121,1.30887,1.19011,1.08657,0.96714,0.64261,0.76393,1.27122,1.25421,0.98038,0.94015,0.94334,0.92353,1.02198,1.32016,1.23695,1.00363,0.92567,0.97126,0.57914,1.212,1.23968,0.46339,0.10829,1,1.36932,1.0536,1.28049,0.38154,1.28453,0.86256,0.87997,1.37127,1.17316,0.94045,0.4456,0.7903,0.93512,1.07385,1.27003,1.2096,0.76151,0.6195,1.03648,1.09084,1.04149,1.10265,0.98502,0.37881,0.66703,0.99816,1.11826,1.10919
38.04,1.3187,0.88448,0.6916,1.32718,1.37211,1,0.22339,0.90442,0.73512,1.32905,0.449,1.19281,1.21226,0.19058,0.9843,1.24178,1.31868,1.23374,1.11386,0.95363,0.64899,0.72755,1.27208,1.25296,0.98166,0.94161,0.94532,0.95596,1.03925,1.31439,1.23125,0.99691,0.94914,0.97985,0.5958,1.16983,1.24916,0.45833,0.11089,1,1.37193,1.12665,1.29727,0.34216,1.30946,0.80398,0.85062,1.37448,1.03245,0.84565,0.39811,0.70052,0.90848,1.09762,1.26787,1.22714,0.75957,0.62315,1.03428,1.08904,1.04013,1.06493,0.97224,0.40787,0.6815,1.00614,1.08797,1.08293
38.06,1.31757,0.94339,0.67037,1.32722,1.37151,1,0.20521,0.82442,0.70454,1.33461,0.36115,1.22552,1.23312,0.1653,1.15929,1.28414,1.32637,1.2696,1.15062,0.93857,0.65658,0.69836,1.27217,1.25107,0.98338,0.9439,0.94801,0.97809,1.02986,1.30759,1.22729,0.99412,0.96483,0.98556,0.60068,1.10257,1.25729,0.4581,0.11777,1,1.37337,1.19056,1.30747,0.30938,1.3268,0.74248,0.82017,1.37633,0.86755,0.7685,0.35723,0.60168,0.86587,1.12083,1.26524,1.23974,0.75936,0.62859,1.03127,1.08618,1.03827,1.03464,0.97931,0.44004,0.69119,1.01156,1.06459,1.06289
38.08,1.31917,1.0152,0.65232,1.32678,1.37088,1,0.1979,0.73497,0.68369,1.33913,0.28985,1.2511,1.24978,0.15249,1.2403,1.30688,1.33269,1.29724,1.18947,0.92196,0.66575,0.68011,1.27227,1.24853,0.98544,0.94656,0.95099,0.99046,0.99757,1.29952,1.22501,0.99285,0.97463,0.98919,0.59373,0.99085,1.26378,0.4605,0.12476,1,1.37393,1.23926,1.31361,0.28114,1.33875,0.6827,0.79131,1.37723,0.73266,0.70643,0.32093,0.50209,0.80952,1.14311,1.26198,1.24704,0.75913,0.6358,1.02762,1.0828,1.0362,1.01572,1.00625,0.47549,0.69666,1.01398,1.04848,1.04893
38.1,1.32296,1.10789,0.63861,1.32625,1.37075,1,0.19994,0.644,0.67133,1.343,0.23595,1.27019,1.26185,0.15032,1.28206,1.32061,1.33809,1.3178,1.22489,0.90397,0.67669,0.67728,1.27346,1.24531,0.98768,0.94885,0.95359,0.99487,0.97059,1.28993,1.22395,0.9927,0.98012,0.99131,0.57666,0.91905,1.26847,0.46332,0.12619,1,1.37377,1.27443,1.31699,0.2557,1.34676,0.62905,0.76721,1.37738,0.62,0.65727,0.28778,0.40882,0.74382,1.16408,1.25796,1.24814,0.75642,0.64475,1.02359,1.07985,1.03438,1.00857,1.06552,0.51429,0.69919,1.01428,1.03887,1.04024
38.12,1.328,1.16329,0.63028,1.32607,1.37165,1,0.21034,0.5572,0.66636,1.3465,0.19904,1.28383,1.26926,0.15801,1.30592,1.32941,1.34284,1.33279,1.25432,0.88477,0.6895,0.6952,1.27677,1.24137,0.98993,0.94991,0.95506,0.99379,0.9403,1.27852,1.22342,0.9934,0.98252,0.99234,0.55226,0.85637,1.27123,0.46429,0.11615,1,1.37297,1.29958,1.3183,0.23161,1.35182,0.58465,0.75082,1.37685,0.53137,0.61921,0.25677,0.32667,0.67424,1.18351,1.25307,1.24104,0.74866,0.65542,1.01946,1.07847,1.03334,1.01035,1.11573,0.55629,0.70044,1.01294,1.03451,1.03587
38.14,1.33345,1.19956,0.62816,1.32666,1.37378,1,0.22854,0.47751,0.66764,1.34984,0.17772,1.29318,1.27216,0.17556,1.32038,1.3352,1.34716,1.34355,1.27738,0.86437,0.70422,0.7401,1.28266,1.23663,0.99205,0.94909,0.95484,0.98953,0.91048,1.26493,1.22273,0.99479,0.98277,0.99258,0.52352,0.80216,1.27192,0.46115,0.09149,1,1.37151,1.3178,1.31796,0.2077,1.35459,0.55067,0.74406,1.37559,0.46474,0.59056,0.22701,0.25822,0.60633,1.20146,1.24718,1.22134,0.73405,0.66785,1.01549,1.07954,1.0335,1.01719,1.15387,0.60123,0.70204,1.01028,1.03406,1.03482
38.16,1.33871,1.22444,0.633,1.32836,1.37685,1,0.25425,0.40596,0.67386,1.35311,0.17013,1.29933,1.27069,0.20351,1.32945,1.33907,1.35117,1.35106,1.29463,0.84253,0.7209,0.8197,1.29071,1.23098,0.99398,0.94615,0.95271,0.98385,0.88339,1.24875,1.22135,0.9967,0.9816,0.99227,0.49315,0.75623,1.27034,0.45191,0.05404,1,1.36936,1.33128,1.31631,0.18316,1.35555,0.52653,0.7475,1.3735,0.41641,0.56954,0.19783,0.20474,0.5451,1.21819,1.24013,1.17779,0.7123,0.68217,1.01182,1.08332,1.035,1.02602,1.18171,0.64866,0.70528,1.00656,1.03619,1.03615
38.18,1.34339,1.24158,0.64545,1.33136,1.38025,1,0.28691,0.34282,0.6833,1.35638,0.17434,1.30317,1.26499,0.24254,1.33519,1.34167,1.35496,1.35591,1.30678,0.81896,0.73942,0.94369,1.29984,1.22426,0.9957,0.94135,0.94889,0.97782,0.86018,1.22974,1.21884,0.99897,0.97958,0.9916,0.46358,0.71914,1.26616,0.4351,0.0096,1,1.36644,1.34145,1.31372,0.15764,1.35502,0.51063,0.76044,1.37036,0.3827,0.55449,0.16887,0.1673,0.49511,1.23388,1.23181,1.07364,0.68475,0.69844,1.00851,1.08936,1.03766,1.03503,1.20174,0.69743,0.71106,1.00208,1.03982,1.03902
38.2,1.34727,1.25266,0.66616,1.33559,1.38095,1,0.32513,0.28825,0.69372,1.3596,0.18829,1.30544,1.25519,0.2927,1.33872,1.34342,1.35853,1.35832,1.31431,0.79347,0.75936,1.14415,1.30885,1.21639,0.99722,0.93537,0.94396,0.9719,0.84134,1.2083,1.21492,1.00276,0.97711,0.99069,0.43697,0.69224,1.25884,0.41013,0,1,1.36274,1.34917,1.31073,0.13135,1.35323,0.50093,0.78087,1.3659,0.36063,0.54386,0.14025,0.14776,0.46064,1.24863,1.22218,0.91878,0.65398,0.7166,1.00553,1.09662,1.04106,1.04354,1.21594,0.74509,0.71988,0.9986,1.04418,1.04281
38.22,1.35027,1.25836,0.69569,1.34072,1.38095,1,0.36644,0.24223,0.70263,1.36271,0.20975,1.3067,1.24162,0.3528,1.34069,1.34463,1.36184,1.35807,1.31735,0.7657,0.78011,1.23637,1.31688,1.20727,0.99858,0.92913,0.93871,0.9661,0.82698,1.18605,1.20937,1.0074,0.97447,0.98965,0.41507,0.67737,1.24753,0.37767,0,1,1.35833,1.35505,1.30806,0.10494,1.35038,0.49545,0.80603,1.35984,0.34783,0.53631,0.1124,0.14985,0.44591,1.26256,1.21137,0.80988,0.62294,0.73649,1.00285,1.10391,1.04464,1.05157,1.22573,0.7879,0.73202,0.99621,1.04875,1.04706
38.24,1.35236,1.25872,0.73433,1.34626,1.38095,1,0.40772,0.20449,0.70778,1.36559,0.23688,1.30728,1.22464,0.4203,1.34152,1.34551,1.36486,1.35406,1.31533,0.7349,0.80102,1.27781,1.32355,1.19676,0.9998,0.92352,0.93392,0.96009,0.81701,1.16599,1.20193,1.01152,0.97186,0.98857,0.39894,0.67641,1.23094,0.33964,0,1,1.35344,1.35949,1.30646,0.07931,1.34663,0.4929,0.83324,1.35185,0.34232,0.53067,0.08595,0.18185,0.45575,1.27592,1.19952,0.72341,0.59403,0.75801,1.0004,1.11024,1.04788,1.0596,1.23206,0.82177,0.74761,0.99405,1.05316,1.05139
38.26,1.35361,1.25302,0.7815,1.35169,1.38095,1,0.44602,0.17474,0.70768,1.36817,0.26882,1.30725,1.20434,0.49144,1.34155,1.34623,1.36752,1.34255,1.30617,0.69992,0.82159,1.3,1.32883,1.18466,1.00181,0.91918,0.93016,0.95336,0.81121,1.15179,1.19231,1.01493,0.96947,0.98752,0.389,0.69131,1.20731,0.29901,0,1,1.3484,1.36277,1.30649,0.05556,1.34197,0.49302,0.86082,1.34166,0.34215,0.52595,0.06165,0.26494,0.49776,1.28897,1.18683,0.65772,0.56885,0.78112,0.99908,1.11498,1.05039,1.06823,1.23558,0.84345,0.7667,0.99223,1.05711,1.05547
38.28,1.35405,1.23925,0.83478,1.35657,1.38095,1,0.47926,0.15306,0.70184,1.37033,0.30626,1.3064,1.1801,0.56133,1.34109,1.34692,1.36976,1.30559,1.28316,0.65968,0.84132,1.31298,1.33276,1.17071,1.00375,0.91658,0.92786,0.94531,0.80935,1.14639,1.18025,1.01749,0.96753,0.98663,0.38537,0.72449,1.17484,0.25922,0,1,1.34356,1.36506,1.3083,0.03491,1.33615,0.49674,0.88835,1.3293,0.34521,0.52138,0.0404,0.46653,0.58694,1.30175,1.17356,0.60956,0.54856,0.80577,0.99809,1.11776,1.05192,1.07812,1.23668,0.85126,0.78912,0.99084,1.06029,1.05891
38.3,1.35373,1.21253,0.88867,1.36062,1.38095,1,0.50656,0.14004,0.69073,1.37199,0.35176,1.30424,1.14974,0.62407,1.3405,1.34766,1.37152,0.91402,1.21842,0.61378,0.8596,1.32084,1.33539,1.15474,1.00537,0.91606,0.92734,0.93532,0.81118,1.15052,1.16559,1.01912,0.96625,0.986,0.38803,0.77927,1.13336,0.22354,0,1,1.33921,1.36638,1.31161,0.01863,1.32847,0.50609,0.91655,1.31543,0.34906,0.51643,0.02321,1.15478,0.75708,1.31406,1.16015,0.5758,0.53419,0.83165,0.99726,1.11832,1.05226,1.08975,1.23559,0.84531,0.81431,0.98996,1.06234,1.06128
38.32,1.3526,1.16029,0.93507,1.36372,1.38095,1,0.52831,0.13666,0.67568,1.37306,0.41012,1.3,1.10841,0.67393,1.34015,1.34846,1.37275,0.42662,0.92975,0.56311,0.87586,1.32545,1.33672,1.13669,1.00654,0.91783,0.92882,0.92303,0.81641,1.16238,1.14829,1.01975,0.96588,0.98576,0.39704,0.86033,1.08775,0.19438,0,1,1.33548,1.36672,1.31582,0.00783,1.31754,0.52378,0.94688,1.30184,0.35137,0.51096,0.01096,1.34943,1.12561,1.32547,1.14723,0.55401,0.52666,0.85832,0.99666,1.11643,1.05128,1.10317,1.23242,0.82745,0.84148,0.98961,1.06293,1.06217
38.34,1.35059,1.0408,0.96621,1.36588,1.38095,1,0.54589,0.14406,0.65855,1.37352,0.48847,1.29267,1.0464,0.70721,1.34026,1.34927,1.37342,0.19084,0.66506,0.51021,0.88981,1.32773,1.33671,1.11638,1.0072,0.92201,0.93241,0.90856,0.82453,1.17859,1.12821,1.01935,0.96661,0.98601,0.41262,0.97401,1.04996,0.17306,0,1,1.33227,1.36598,1.32029,0.00317,1.30052,0.5526,0.98076,1.29109,0.35069,0.50535,0.00424,1.37357,1.29365,1.33552,1.1353,0.54265,0.52674,0.88546,0.99631,1.1119,1.04889,1.11786,1.22732,0.80097,0.86999,0.98983,1.06177,1.06123
38.36,1.34752,0.90705,0.97838,1.36715,1.38095,1,0.56121,0.16346,0.64159,1.37334,0.59641,1.28082,0.97569,0.72387,1.34081,1.34993,1.3735,0.05968,0.47777,0.45886,0.90172,1.32804,1.33526,1.0934,1.0073,0.92857,0.9381,0.8927,0.83465,1.19567,1.10484,1.01796,0.96852,0.9868,0.43518,1.14729,1.03318,0.16012,0,1,1.32932,1.36397,1.3244,0.00503,1.27125,0.59492,1.03373,1.28509,0.34707,0.50064,0.00339,1.38254,1.3365,1.34383,1.12442,0.54109,0.53493,0.91304,0.99626,1.10455,1.04506,1.13272,1.2206,0.77013,0.89969,0.99059,1.05867,1.05826
38.38,1.34315,0.8079,0.97397,1.36755,1.38095,1,0.57639,0.1961,0.62745,1.37248,0.74531,1.26241,0.92765,0.72772,1.34153,1.35023,1.37297,0,0.34808,0.41349,0.91239,1.32634,1.33221,1.06699,1.00684,0.93732,0.94572,0.87697,0.84534,1.21085,1.07711,1.01568,0.97161,0.98811,0.46516,1.22678,1.03941,0.15602,0,1,1.32624,1.36044,1.32762,0.01368,1.2136,0.65197,1.08861,1.28364,0.34225,0.49851,0.00877,1.38595,1.35493,1.35023,1.11408,0.54963,0.55149,0.94128,0.9965,1.09429,1.03985,1.14632,1.21306,0.73978,0.93085,0.99183,1.05358,1.0532
38.4,1.33709,0.73063,0.96051,1.367,1.38095,1,0.59354,0.24285,0.61909,1.3709,0.94433,1.23455,0.88608,0.7253,1.34198,1.34984,1.37175,0,0.26167,0.37847,0.92302,1.32219,1.32729,1.03614,1.00588,0.94781,0.95486,0.86354,0.85462,1.22225,1.04324,1.0127,0.97574,0.98987,0.50283,1.26528,1.0574,0.16169,0,1,1.32256,1.35498,1.32943,0.02938,1.06982,0.72273,1.12665,1.28455,0.33926,0.50131,0.02098,1.38595,1.36433,1.35467,1.10318,0.56955,0.57644,0.97035,0.997,1.08119,1.03348,1.15712,1.20611,0.71489,0.96399,0.99342,1.04657,1.04618
38.42,1.32877,0.67762,0.94727,1.36528,1.38095,1,0.61493,0.30384,0.61945,1.36847,1.18191,1.19337,0.85437,0.72413,1.34163,1.34835,1.36969,0,0.20853,0.35716,0.93505,1.31455,1.32002,0.9997,1.00451,0.9595,0.96505,0.85474,0.86042,1.22874,1.00024,1.00925,0.98072,0.99198,0.54838,1.28507,1.07374,0.17905,0,1,1.31765,1.34706,1.32936,0.05266,0.8887,0.80305,1.15127,1.28499,0.34162,0.51175,0.04112,1.38595,1.36928,1.35719,1.09006,0.60313,0.60971,1.00091,0.99771,1.0655,1.02623,1.16383,1.20155,0.69981,0.99982,0.99524,1.03779,1.03742
38.44,1.31717,0.64882,0.94169,1.36189,1.38095,1,0.64339,0.37876,0.63089,1.365,1.25169,1.13412,0.83461,0.73146,1.33998,1.34522,1.36649,0,0.18159,0.35154,0.94994,1.3012,1.30952,0.97989,1.0028,0.97189,0.97583,0.8525,0.86149,1.22968,0.97546,1.00562,0.98635,0.99433,0.60237,1.29421,1.08027,0.21179,0,1,1.31048,1.33584,1.32685,0.08464,0.79154,0.88608,1.16503,1.2822,0.3525,0.53253,0.07114,1.38595,1.3716,1.35783,1.07248,0.65359,0.65151,1.05394,0.99858,1.04747,1.01837,1.1655,1.20069,0.69758,1.0641,0.99713,1.02739,1.02715
38.46,1.30024,0.64256,0.94787,1.35566,1.37681,1,0.68275,0.46765,0.65492,1.36007,1.27669,1.05281,0.82734,0.75418,1.33655,1.33967,1.36162,0,0.17617,0.36247,0.96907,1.27717,1.2941,0.96047,1.00085,0.98459,0.98686,0.85807,0.85804,1.22447,0.95043,1.00209,0.99249,0.99684,0.66616,1.29607,1.07304,0.26683,0.05451,1,1.29914,1.3198,1.32119,0.1275,0.73761,0.96347,1.16983,1.2729,0.37432,0.56613,0.11436,1.38595,1.37205,1.35657,1.0475,0.72504,0.70248,1.09489,0.99957,1.02724,1.01012,1.16132,1.20344,0.70982,1.11286,0.99894,1.01549,1.01555
38.48,1.27357,0.65619,0.9667,1.34371,1.35786,1,0.7384,0.57164,0.69194,1.3529,1.2847,0.979,0.83177,0.80002,1.3308,1.33038,1.35405,0,0.18933,0.39005,0.99349,1.22897,1.27037,0.94131,0.99939,0.99735,0.99792,0.87204,0.85189,1.21219,0.925,0.99948,0.99896,0.99945,0.74182,1.29196,1.04931,0.35757,0.25308,1,1.27946,1.29583,1.31125,0.18483,0.71683,1.04655,1.16692,1.25053,0.40876,0.61462,0.17596,1.38595,1.37094,1.35325,1.01084,0.82194,0.7634,1.12765,1.00123,1.00491,1.00162,1.15036,1.20819,0.73695,1.15104,1.00104,1.0022,1.00281
38.5,1.22605,0.68591,0.99627,1.31635,1.20181,1,0.81823,0.69401,0.74074,1.34205,1.28267,0.94856,0.84618,0.87976,1.32201,1.31484,1.3418,0,0.21879,0.43333,1.04205,1.10441,1.23105,0.92247,0.99837,1.01871,1.01668,0.89445,0.84612,1.1914,0.89952,0.99832,1.01081,1.00405,0.83195,1.28224,1.00606,0.51276,0.82333,1,1.23996,1.25647,1.29522,0.26203,0.72229,1.09931,1.1571,1.19397,0.45649,0.67926,0.26372,1.38595,1.36837,1.34753,0.9803,0.9479,0.83478,1.15437,1.00327,0.99086,0.9966,1.13114,1.21249,0.77816,1.18137,1.00335,0.9941,0.99479
38.52,1.11958,0.7267,1.05496,1.2105,0.36494,1,0.93503,0.84175,0.79847,1.32447,1.27194,0.93648,0.86819,1.02213,1.30921,1.28757,1.32028,0,0.2621,0.49005,1.0902,0.88475,1.15676,0.90413,0.99743,1.03895,1.03451,0.92506,0.8441,1.1596,0.8745,0.99773,1.02269,1.00891,0.93975,1.2669,0.97428,0.80709,1.34337,1,1.13092,1.17876,1.27006,0.36763,0.74902,1.11666,1.14095,0.98352,0.51721,0.76033,0.38989,1.38595,1.36429,1.33893,0.95222,1.13048,0.91667,1.17636,1.00512,0.98007,0.99266,1.10102,1.21396,0.83174,1.2056,1.00452,0.9873,0.98845
38.54,0.91588,0.77307,1.10119,0.71269,0.12568,1,1.13622,1.04798,0.86135,1.29215,1.25067,0.94015,0.89531,1.19913,1.29076,1.23322,1.27574,0.02774,0.31656,0.55716,1.13107,0.74794,0.98686,0.8864,0.99665,1.05597,1.04968,0.96374,0.8482,1.11192,0.85032,0.99785,1.03349,1.01341,1.09973,1.24588,0.94647,1.26009,1.3708,1,0.86747,0.97591,1.23012,0.51656,0.79345,1.11158,1.11883,0.76689,0.59026,0.85735,0.57618,1.38441,1.35857,1.32669,0.9219,1.21758,1.0175,1.19467,1.00666,0.97017,0.989,1.05476,1.21096,0.89609,1.22511,1.0043,0.98079,0.9825
38.56,0.77922,0.82006,1.13395,0.43168,0.01494,1,1.24162,1.21298,0.92551,1.21519,1.21274,0.9573,0.92528,1.27241,1.26355,1.0871,1.13841,0.10232,0.37989,0.63171,1.16555,0.64927,0.8643,0.86921,0.99607,1.07043,1.06271,1.02009,0.85912,1.03748,0.82714,0.99874,1.0434,1.01759,1.19785,1.21928,0.92194,1.33364,1.37985,1,0.67215,0.82233,1.16341,0.73803,0.85285,1.08561,1.09099,0.58223,0.67531,0.96894,0.86667,1.37987,1.35096,1.3095,0.88975,1.25848,1.13699,1.21016,1.00779,0.96109,0.98561,0.99106,1.20258,0.97067,1.24103,1.00252,0.97454,0.97689
38.58,0.67048,0.8639,1.15711,0.26772,0,1,1.29117,1.27158,0.98729,0.93984,1.14244,0.98545,0.9559,1.31044,1.22103,0.86541,0.82323,0.20487,0.45099,0.71166,1.19454,0.57782,0.76648,0.85251,0.99573,1.08295,1.07407,1.09572,0.87549,0.96377,0.80511,1.00083,1.05273,1.02156,1.24728,1.18771,0.90135,1.35674,1.38095,1,0.51496,0.7039,1.04039,1.12242,0.92406,1.0333,1.05802,0.4326,0.77239,1.11979,1.23515,1.37247,1.34084,1.28481,0.85622,1.28134,1.19758,1.22348,1.00845,0.95267,0.98246,0.94852,1.18888,1.08506,1.25415,0.99958,0.96839,0.97149
38.6,0.58342,0.90232,1.17389,0.16543,0,1,1.31895,1.30114,1.06938,0.72923,0.99726,1.03791,0.98483,1.33261,1.14764,0.73841,0.64741,0.35042,0.53126,0.79661,1.21875,0.52623,0.68792,0.83633,0.99566,1.09397,1.08412,1.14853,0.89387,0.91063,0.78447,1.00555,1.06176,1.02544,1.27659,1.15229,0.88433,1.36755,1.38095,1,0.3909,0.61149,0.93035,1.2816,1.00395,0.97464,1.0216,0.31553,0.88153,1.19268,1.30816,1.35876,1.32677,1.24692,0.82199,1.29529,1.23366,1.23501,1.00858,0.9448,0.97949,0.90651,1.17158,1.16395,1.26499,0.99717,0.96216,0.96615
38.62,0.51387,0.93474,1.18663,0.10005,0,1,1.33612,1.31839,1.11934,0.59078,0.9048,1.08983,1.01839,1.34652,0.99745,0.65727,0.53399,0.57352,0.62637,0.88876,1.23887,0.48953,0.6249,0.82077,0.99589,1.10382,1.09315,1.18635,0.90977,0.86128,0.76556,1.01139,1.07064,1.02929,1.29557,1.11434,0.86999,1.37343,1.38095,1,0.29423,0.54004,0.86606,1.32207,1.1087,0.93212,0.99287,0.22576,1.00559,1.22739,1.33349,1.32462,1.30486,1.1797,0.78782,1.30417,1.25711,1.24501,1.00813,0.93735,0.97667,0.86642,1.15468,1.21156,1.27388,0.99412,0.95578,0.96079
38.64,0.45821,0.96184,1.19695,0.05848,0,1,1.34749,1.32923,1.14745,0.4961,0.84067,1.126,1.04912,1.35575,0.89654,0.61028,0.45786,0.97341,0.74881,0.99415,1.25557,0.46424,0.57446,0.80588,0.99646,1.11277,1.10137,1.21407,0.91976,0.81575,0.74861,1.01819,1.07919,1.03301,1.30859,1.07457,0.85735,1.37683,1.38095,1,0.21892,0.48569,0.82273,1.34003,1.15884,0.89536,0.97949,0.1572,1.15357,1.24452,1.34591,1.06282,1.26257,1.0152,0.7543,1.30985,1.27321,1.25372,1.00703,0.93022,0.97397,0.82914,1.14296,1.24315,1.28113,0.99046,0.94935,0.95554
38.66,0.4131,0.9851,1.20583,0.03312,0,1,1.35542,1.33633,1.16347,0.42956,0.80113,1.14995,1.06551,1.36216,0.81572,0.58991,0.40521,1.29517,0.9233,1.14491,1.26948,0.44784,0.53402,0.79161,0.99741,1.121,1.10898,1.23487,0.92335,0.77476,0.73373,1.02597,1.08689,1.03631,1.318,1.03231,0.84564,1.37879,1.38095,1,0.15975,0.445,0.79517,1.34986,1.18388,0.86672,0.97148,0.10445,1.21718,1.25137,1.35303,0.51047,1.13376,0.86298,0.72187,1.31336,1.28472,1.26138,1.00517,0.92333,0.97134,0.7951,1.13852,1.2651,1.28701,0.98615,0.94333,0.95084
38.68,0.37575,1.01227,1.21379,0.01943,0,1,1.36117,1.34107,1.172,0.382,0.78258,1.16455,1.07117,1.36677,0.7483,0.59103,0.36768,1.34177,1.18711,1.21986,1.28104,0.43849,0.50164,0.77799,0.99877,1.12863,1.1161,1.25071,0.92358,0.73987,0.72102,1.03479,1.09282,1.03864,1.32513,0.99266,0.8344,1.37981,1.38095,1,0.1129,0.41518,0.77951,1.35586,1.19441,0.84721,0.96856,0.06359,1.25315,1.251,1.35753,0.27016,0.81336,0.73669,0.69104,1.3153,1.29315,1.26814,1.00246,0.91666,0.96876,0.76462,1.13824,1.28036,1.2917,0.98107,0.93852,0.94747
38.7,0.34407,1.04746,1.22102,0.0147,0,1,1.36542,1.3442,1.17554,0.34799,0.78212,1.17155,1.06809,1.37014,0.68995,0.60966,0.33995,1.36058,1.28026,1.26468,1.29054,0.43493,0.47604,0.76512,1.00119,1.1356,1.12274,1.26275,0.92641,0.71333,0.71071,1.04472,1.09577,1.03927,1.33075,0.96931,0.82355,1.38016,1.38095,1,0.07584,0.39419,0.7728,1.35972,1.19466,0.83721,0.97016,0.03203,1.27672,1.24473,1.36059,0.1289,0.5968,0.62289,0.66255,1.31603,1.29939,1.27408,0.9994,0.91028,0.96625,0.73814,1.13464,1.29035,1.2953,0.9751,0.93608,0.94656
38.72,0.31657,1.0778,1.22751,0.01736,0,1,1.36859,1.34614,1.17561,0.32418,0.79764,1.17178,1.05722,1.3726,0.63805,0.64227,0.31852,1.37082,1.31965,1.29444,1.2982,0.43625,0.45636,0.7532,1.00573,1.14185,1.12885,1.27178,0.939,0.69736,0.703,1.0557,1.09433,1.03736,1.33535,0.94595,0.81321,1.37996,1.38095,1,0.04677,0.38063,0.77267,1.36224,1.18591,0.83688,0.97562,0.00797,1.29362,1.23307,1.36281,0.0352,0.43438,0.52006,0.63711,1.31576,1.30395,1.27923,0.99707,0.90433,0.96384,0.71605,1.1176,1.2958,1.29789,0.96817,0.93728,0.94932
38.74,0.29213,1.10522,1.2333,0.02664,0,1,1.37095,1.34714,1.17331,0.30836,0.82806,1.1652,1.03868,1.37438,0.59117,0.68547,0.30116,1.37716,1.34076,1.31516,1.30428,0.44177,0.44187,0.74234,1.01118,1.14733,1.13443,1.27838,0.96761,0.69318,0.69796,1.06747,1.08712,1.03217,1.33923,0.92161,0.80348,1.37928,1.38095,1,0.0242,0.37343,0.77706,1.36383,1.16724,0.84629,0.98426,0,1.30645,1.21613,1.36454,0,0.31227,0.42903,0.61512,1.31462,1.30719,1.28366,0.99423,0.89893,0.96155,0.69851,1.07112,1.29717,1.29953,0.96032,0.94315,0.95673
38.76,0.26999,1.1301,1.23849,0.04221,0,1,1.37272,1.34737,1.16958,0.29896,0.87325,1.15097,1.01186,1.37564,0.54882,0.73569,0.28663,1.38095,1.35332,1.32979,1.30907,0.4509,0.43181,0.73253,1.01755,1.15209,1.13954,1.28306,1.03004,0.70065,0.69535,1.07953,1.07274,1.02319,1.34259,0.89628,0.79433,1.3781,1.38095,1,0.00683,0.37177,0.78402,1.36475,1.13507,0.86541,0.99547,0,1.31647,1.19397,1.36593,0,0.22178,0.35143,0.59654,1.31271,1.30937,1.28746,0.99082,0.89408,0.95937,0.68526,0.97918,1.29471,1.30036,0.95178,0.95422,0.96926
38.78,0.2498,1.15195,1.2432,0.06397,0,1,1.37403,1.34692,1.16544,0.29485,0.93363,1.12727,0.98862,1.37648,0.51143,0.78832,0.27459,1.38095,1.36106,1.33999,1.31281,0.46296,0.42542,0.72373,1.02477,1.15621,1.14427,1.28624,1.11566,0.71796,0.69469,1.09118,1.04974,1.01024,1.34554,0.8709,0.78564,1.37639,1.38095,1,0,0.375,0.79161,1.36515,1.08108,0.89393,1.01638,0,1.3243,1.16725,1.36704,0,0.15741,0.28904,0.58114,1.31013,1.31074,1.29072,0.98683,0.88976,0.95729,0.67583,0.90181,1.2887,1.30057,0.94303,0.97039,0.9867
38.8,0.23161,1.17003,1.24752,0.09158,0,1,1.37497,1.34587,1.16201,0.29531,1.01825,1.091,0.97045,1.37697,0.48017,0.83706,0.26542,1.38095,1.36559,1.34672,1.31572,0.47711,0.42205,0.71591,1.03271,1.15976,1.14868,1.28827,1.17434,0.7414,0.69524,1.10152,1.01665,0.99688,1.34811,0.84725,0.77731,1.37414,1.38095,1,0,0.38255,0.79777,1.3651,0.99307,0.93104,1.04042,0,1.33024,1.13858,1.36787,0,0.11592,0.24332,0.56867,1.307,1.31145,1.29351,0.98228,0.88594,0.95528,0.66965,0.82509,1.27975,1.3004,0.93479,0.9908,1.01536
38.82,0.21565,1.18385,1.25152,0.12428,0,1,1.37561,1.34423,1.16046,0.29992,1.12812,1.03688,0.95279,1.37716,0.45637,0.87458,0.25991,1.38095,1.36771,1.35062,1.31792,0.49258,0.4213,0.70911,1.04119,1.16278,1.15279,1.2894,1.21207,0.76538,0.69614,1.10974,0.98724,0.98807,1.35029,0.82725,0.7693,1.37133,1.38095,1,0,0.39402,0.80052,1.36466,0.93474,0.97539,1.0616,0,1.33442,1.11334,1.36836,0,0.09552,0.21499,0.55887,1.30347,1.31161,1.29585,0.97726,0.88263,0.95334,0.66613,0.75907,1.26948,1.30011,0.92791,1.02571,1.05336
38.84,0.20205,1.19349,1.25519,0.16103,0,1,1.37599,1.34197,1.16171,0.30856,1.18982,0.9801,0.93653,1.37704,0.44092,0.89501,0.25887,1.38095,1.36769,1.35208,1.31953,0.50901,0.42319,0.70333,1.04997,1.1652,1.15655,1.28988,1.2354,0.7833,0.69655,1.1153,0.96668,0.9797,1.3521,0.81218,0.76166,1.36796,1.38095,1,0,0.40924,0.7983,1.36381,0.88031,1.04435,1.07946,0,1.337,1.09821,1.36845,0,0.09573,0.20399,0.55149,1.29956,1.31121,1.29778,0.97183,0.87992,0.95153,0.66463,0.70874,1.26093,1.29998,0.92307,1.06165,1.08342
38.86,0.19074,1.19945,1.25847,0.20074,0.05277,1,1.37612,1.33903,1.16618,0.32137,1.22813,0.94191,0.92223,1.37662,0.43418,0.89664,0.26297,1.38095,1.36538,1.35129,1.32066,0.52682,0.42831,0.69857,1.05884,1.16691,1.15982,1.28992,1.24904,0.78882,0.69572,1.11794,0.94919,0.97265,1.35358,0.80235,0.75459,1.36406,1.37695,1,0,0.42832,0.79027,1.36253,0.83121,1.10908,1.094,0,1.33809,1.09697,1.36809,0,0.11792,0.21,0.54621,1.29514,1.31012,1.29933,0.96611,0.87798,0.9499,0.66452,0.67492,1.25813,1.30025,0.92072,1.0879,1.10522
38.88,0.18155,1.20246,1.26123,0.24231,0.12941,1,1.37604,1.33524,1.17362,0.33864,1.25332,0.90742,0.91033,1.37588,0.43625,0.88286,0.27272,1.38095,1.36006,1.34818,1.32139,0.54732,0.43794,0.69483,1.06752,1.16765,1.16237,1.28972,1.25598,0.77707,0.69305,1.11757,0.937,0.96781,1.35475,0.79723,0.74847,1.35963,1.37046,1,0,0.45154,0.77647,1.36073,0.78845,1.15219,1.10536,0,1.33776,1.10733,1.36721,0,0.16615,0.2329,0.54274,1.28981,1.30805,1.30053,0.96028,0.87714,0.94861,0.66513,0.65625,1.264,1.30109,0.92105,1.10427,1.11865
38.9,0.17437,1.20339,1.26323,0.28461,0.23165,1,1.37574,1.33041,1.18324,0.3608,1.27018,0.87785,0.90121,1.3748,0.44722,0.86096,0.28859,1.37975,1.34997,1.3425,1.3218,0.57261,0.45402,0.69217,1.07564,1.16705,1.16387,1.28951,1.25802,0.74575,0.68815,1.11414,0.93266,0.96619,1.35566,0.79562,0.74393,1.35473,1.36026,1,0,0.47922,0.75775,1.35831,0.7531,1.18144,1.11364,0,1.33596,1.12286,1.36574,0,0.24752,0.27249,0.54081,1.28283,1.30448,1.30137,0.95459,0.87783,0.94784,0.66578,0.65056,1.27797,1.30262,0.92409,1.10975,1.12289
38.92,0.16912,1.20327,1.26421,0.32663,0.36056,1,1.37524,1.32423,1.19405,0.38841,1.28125,0.85411,0.89524,1.37332,0.4673,0.83896,0.31105,1.37309,1.33106,1.33375,1.32192,0.60541,0.47904,0.69071,1.08288,1.16466,1.16394,1.28946,1.25628,0.69557,0.68093,1.10744,0.93931,0.96896,1.35631,0.79583,0.74165,1.3494,1.34401,1,0,0.51181,0.73551,1.3551,0.72603,1.20112,1.11888,0.00083,1.33253,1.13737,1.36356,0.01236,0.37237,0.32814,0.54023,1.27305,1.29868,1.30183,0.94932,0.88053,0.9478,0.66595,0.65542,1.29639,1.30481,0.92986,1.10127,1.11555
38.94,0.16573,1.20329,1.26394,0.36807,0.50416,1,1.37453,1.31619,1.20511,0.42229,1.28802,0.83655,0.89268,1.37136,0.49697,0.82282,0.34066,1.36072,1.29218,1.32115,1.32178,0.64862,0.51574,0.69059,1.08907,1.16007,1.1623,1.28963,1.25142,0.62982,0.6718,1.09676,0.96096,0.97751,1.35673,0.7958,0.74227,1.34364,1.31914,1,0,0.55007,0.71126,1.35083,0.70763,1.21395,1.12109,0.02017,1.32711,1.1474,1.36051,0.12769,0.55445,0.39877,0.54091,1.25871,1.28956,1.30186,0.94465,0.8856,0.94864,0.66542,0.66864,1.31518,1.30749,0.93863,1.07063,1.09051
38.96,0.16417,1.20474,1.26224,0.40991,0.62927,1,1.37357,1.30544,1.21572,0.46354,1.29146,0.82486,0.89361,1.36884,0.53693,0.81543,0.37798,1.33441,1.18955,1.30345,1.32137,0.70472,0.56675,0.69199,1.09429,1.15294,1.15886,1.28993,1.24384,0.55362,0.66176,1.08056,1.00607,0.99345,1.35693,0.79328,0.74619,1.33724,1.28788,1,0,0.59516,0.68646,1.34508,0.69769,1.2218,1.12029,0.04441,1.31906,1.15183,1.35634,0.31691,0.8094,0.48281,0.54283,1.2371,1.2755,1.30143,0.9406,0.89319,0.95039,0.66449,0.68825,1.33181,1.31031,0.95103,0.99672,1.03103
38.98,0.16439,1.20889,1.25894,0.45467,0.69002,1,1.37233,1.29049,1.22531,0.51322,1.29216,0.8182,0.89799,1.36561,0.58762,0.81699,0.42305,1.25731,0.90089,1.27877,1.32069,0.7748,0.63376,0.6951,1.09874,1.1431,1.15372,1.2901,1.23389,0.47296,0.65244,1.05587,1.10365,1.0338,1.3569,0.7859,0.75355,1.32963,1.26752,1,0.01068,0.64844,0.66264,1.33717,0.6956,1.22605,1.11649,0.07412,1.30734,1.1509,1.35073,0.6388,1.15917,0.57765,0.54606,1.20391,1.25406,1.30044,0.93704,0.90312,0.9529,0.66393,0.71227,1.34535,1.31283,0.96805,0.92936,0.95441
39,0.16644,1.21672,1.25395,0.50658,0.66255,1,1.37077,1.26879,1.23339,0.57189,1.2905,0.81538,0.9056,1.36159,0.64853,0.82562,0.47466,0.87868,0.74463,1.24469,1.31969,0.85705,0.71615,0.70012,1.10274,1.13066,1.14728,1.28976,1.22216,0.39361,0.64597,1.01723,1.1798,1.08422,1.35665,0.77139,0.76428,1.31961,1.27726,1,0.02597,0.71116,0.64139,1.32611,0.70051,1.2278,1.1097,0.10937,1.29046,1.14569,1.34341,1.19131,1.2644,0.67855,0.55074,1.15224,1.22169,1.29883,0.93378,0.91482,0.95592,0.66501,0.73835,1.35587,1.31453,0.99099,0.84597,0.87626
39.02,0.1704,1.22849,1.24712,0.57198,0.56668,1,1.36884,1.2353,1.23967,0.6393,1.28667,0.81502,0.91618,1.35672,0.71788,0.83802,0.52987,0.64907,0.66241,1.19891,1.31832,0.94592,0.80974,0.70724,1.10656,1.11607,1.14016,1.28844,1.2096,0.3201,0.64459,0.97967,1.2349,1.13211,1.35616,0.74793,0.7781,1.30476,1.30498,1,0.04444,0.78442,0.62412,1.31033,0.71142,1.22802,1.09986,0.1495,1.26613,1.13797,1.33424,1.30635,1.29448,0.77829,0.55704,1.07113,1.17339,1.29648,0.9306,0.9275,0.9591,0.66911,0.76393,1.36383,1.31488,1.03769,0.75282,0.78794
39.04,0.17641,1.24352,1.23828,0.66031,0.44272,1,1.36646,1.17802,1.24408,0.71442,1.28076,0.81576,0.92946,1.35105,0.79292,0.85039,0.58448,0.54476,0.62282,1.141,1.3165,1.05602,0.90727,0.71668,1.11037,1.10009,1.13305,1.28572,1.19735,0.25541,0.65008,0.94589,1.27353,1.17394,1.3554,0.71461,0.7947,1.27929,1.33088,1,0.06645,0.86975,0.61154,1.28713,0.72729,1.22757,1.08678,0.19313,1.23065,1.12995,1.32345,1.33041,1.30581,0.86812,0.5652,0.97546,1.10229,1.29324,0.92737,0.94021,0.96212,0.67741,0.78682,1.36976,1.31346,1.08853,0.6573,0.69618
39.06,0.18468,1.26043,1.22722,0.78633,0.32141,1,1.36355,1.0592,1.2468,0.79527,1.27281,0.81634,0.9452,1.3447,0.87037,0.85925,0.63395,0.49847,0.61101,1.07568,1.31417,1.13611,1.00039,0.72857,1.11414,1.0838,1.12651,1.28123,1.18636,0.20129,0.66346,0.90957,1.30029,1.20828,1.35435,0.6718,0.81369,1.22545,1.34943,1,0.09243,0.96945,0.6036,1.25146,0.74697,1.22721,1.07012,0.23835,1.1775,1.12402,1.31174,1.33866,1.30889,0.94008,0.57538,0.92526,0.99986,1.28895,0.92409,0.95208,0.96477,0.69052,0.8058,1.3741,1.30984,1.13134,0.56652,0.60784
39.08,0.19543,1.27756,1.21373,0.97455,0.21701,1,1.36001,0.91567,1.24818,0.87787,1.26299,0.81569,0.96308,1.33795,0.9464,0.86166,0.67411,0.48517,0.61901,1.01532,1.31125,1.17531,1.11058,0.74293,1.11766,1.06876,1.12094,1.27473,1.17708,0.15894,0.68483,0.87364,1.31867,1.23501,1.35297,0.62129,0.83449,1.04655,1.36185,1,0.12263,1.11533,0.59951,1.19392,0.76896,1.22761,1.04951,0.28278,1.09471,1.12237,1.30047,1.34083,1.30682,0.98938,0.58767,0.8901,0.94931,1.28343,0.92098,0.96217,0.96694,0.70835,0.82082,1.37717,1.30364,1.16519,0.48632,0.52894
39.1,0.20882,1.29355,1.19789,1.21147,0.13283,1,1.35581,0.81729,1.24868,0.95489,1.25186,0.8129,0.98253,1.33128,1.02988,0.85543,0.70185,0.49327,0.64193,0.98865,1.3077,1.19742,1.15852,0.75948,1.12047,1.0572,1.11656,1.2662,1.16917,0.1294,0.71324,0.84172,1.33104,1.25469,1.35121,0.56599,0.85615,0.80548,1.37015,1,0.15672,1.19515,0.59801,1.09853,0.79122,1.22932,1.02471,0.32336,0.9823,1.1266,1.29154,1.33952,1.30055,1.02858,0.60195,0.8655,0.91523,1.27656,0.91843,0.96942,0.96859,0.72995,0.83295,1.37916,1.29444,1.19004,0.42085,0.464
39.12,0.22497,1.30759,1.18015,1.28366,0.06703,1,1.35099,0.73702,1.24881,1.02945,1.24059,0.80734,1.00563,1.3254,1.10491,0.83931,0.71563,0.51641,0.6762,0.98413,1.30353,1.21148,1.18328,0.77775,1.12193,1.05184,1.11339,1.25582,1.16155,0.11357,0.74689,0.8173,1.33905,1.26821,1.34902,0.50923,0.87746,0.63898,1.37581,1,0.19359,1.23832,0.59764,0.97811,0.81135,1.23265,0.99788,0.3567,0.92541,1.13715,1.28669,1.3356,1.29011,1.03897,0.61793,0.84749,0.89275,1.26825,0.9171,0.97265,0.96975,0.75376,0.8441,1.38018,1.28183,1.20648,0.37221,0.41552
39.14,0.24401,1.31939,1.16124,1.31631,0.01612,1,1.34568,0.67169,1.24895,1.07994,1.23072,0.79881,1.04125,1.32108,1.14098,0.8132,0.7158,0.55046,0.71891,0.99008,1.29875,1.22121,1.19738,0.79709,1.12111,1.05537,1.11123,1.24395,1.15256,0.11224,0.78374,0.80287,1.34377,1.27645,1.34637,0.45406,0.89734,0.51291,1.37977,1,0.23159,1.26486,0.59721,0.93356,0.82726,1.23758,0.98311,0.37987,0.8891,1.15314,1.28663,1.3293,1.27495,1.02518,0.63518,0.83376,0.87796,1.25851,0.91785,0.97053,0.97054,0.77819,0.85661,1.38026,1.26535,1.21531,0.34079,0.38423
39.16,0.26602,1.32898,1.14203,1.33463,0,1,1.34009,0.61834,1.24929,1.08699,1.22372,0.78761,1.06973,1.31887,1.15793,0.7782,0.70445,0.59207,0.76731,1.00655,1.29345,1.22749,1.20608,0.81671,1.1167,1.06933,1.10961,1.23091,1.14005,0.1267,0.82191,0.7998,1.34583,1.28007,1.34318,0.40308,0.9151,0.41591,1.38095,1,0.26909,1.28256,0.59618,0.92648,0.83771,1.24372,0.96931,0.39131,0.86923,1.1727,1.29065,1.32058,1.25402,0.99554,0.65315,0.82425,0.86795,1.24746,0.92183,0.9618,0.97111,0.80206,0.87299,1.37933,1.24431,1.21712,0.32639,0.37004
39.18,0.29084,1.33647,1.12334,1.34621,0,1,1.33443,0.57461,1.24979,1.06187,1.22032,0.77464,1.09248,1.31889,1.16346,0.73656,0.685,0.63787,0.81826,1.0384,1.28785,1.22933,1.21199,0.8355,1.10674,1.09324,1.10787,1.217,1.12102,0.15927,0.85968,0.80862,1.34539,1.27924,1.33943,0.35863,0.93041,0.34005,1.38095,1,0.30461,1.29504,0.5947,0.95066,0.84255,1.25042,0.95671,0.39122,0.86229,1.19355,1.29709,1.30939,1.22601,0.97205,0.67095,0.82137,0.86075,1.23557,0.93046,0.94533,0.97173,0.82469,0.8958,1.37714,1.21796,1.21186,0.32946,0.37333
39.2,0.31778,1.34201,1.10586,1.35404,0,1,1.32893,0.53892,1.25017,0.99995,1.22031,0.76126,1.11046,1.3208,1.16118,0.69133,0.66145,0.68391,0.86778,1.069,1.28236,1.2239,1.21649,0.85189,1.0879,1.12437,1.10509,1.20244,1.09071,0.21401,0.89528,0.82945,1.34208,1.2734,1.33515,0.32282,0.94325,0.2802,1.38095,1,0.33698,1.30411,0.59354,1.00014,0.84257,1.2569,0.94555,0.38133,0.86518,1.21369,1.30422,1.29598,1.19015,0.94622,0.68727,0.82975,0.85499,1.22394,0.94554,0.92042,0.9727,0.84575,0.92772,1.37312,1.18582,1.19855,0.35226,0.39598
39.22,0.34565,1.34573,1.09009,1.35959,0,1,1.3238,0.51029,1.25006,0.95566,1.22279,0.74894,1.12431,1.32401,1.15306,0.64552,0.63753,0.72581,0.91125,1.09601,1.27765,1.20523,1.22085,0.86408,1.05373,1.15867,1.09994,1.18736,1.04008,0.29813,0.92703,0.86243,1.33448,1.26068,1.33047,0.29714,0.95378,0.23285,1.38095,1,0.36541,1.31077,0.59388,1.09721,0.83905,1.26251,0.93612,0.36426,0.87515,1.23185,1.3108,1.28133,1.14794,0.92017,0.70049,0.85576,0.84921,1.21442,0.96944,0.88713,0.97445,0.86519,0.9716,1.36595,1.14833,1.1744,0.40067,0.44296
39.24,0.37323,1.34781,1.07613,1.36363,0,1,1.31918,0.4881,1.24906,0.91306,1.22687,0.73877,1.13458,1.32791,1.14021,0.60142,0.61604,0.75961,0.94458,1.11891,1.27442,1.15773,1.22695,0.87055,0.99474,1.19216,1.09023,1.17177,0.97746,0.42637,0.95357,0.90846,1.31825,1.23604,1.32559,0.28216,0.96238,0.19523,1.38095,1,0.38969,1.31559,0.59689,1.15773,0.83309,1.26692,0.9286,0.34276,0.88995,1.24754,1.31622,1.26729,1.10522,0.89521,0.70919,0.90703,0.84075,1.20903,1.01037,0.84656,0.9776,0.88313,1.05199,1.35181,1.10745,1.13251,0.48835,0.52571
39.26,0.39964,1.34842,1.06362,1.36666,0,1,1.31509,0.47199,1.24683,0.8769,1.23203,0.73122,1.14171,1.33197,1.12314,0.56051,0.59866,0.78286,0.96542,1.13791,1.27316,1.01775,1.23727,0.87051,0.94732,1.22202,1.07212,1.15561,0.92758,0.63291,0.97423,0.96964,1.27655,1.18442,1.32063,0.27768,0.96956,0.16511,1.38095,1,0.41025,1.31893,0.60351,1.1948,0.82524,1.27005,0.92308,0.31935,0.90798,1.26073,1.3203,1.25619,1.07191,0.87211,0.71247,0.99291,0.82527,1.20906,1.08662,0.80096,0.98301,0.89977,1.13313,1.3144,1.06684,1.05415,0.64826,0.67062
39.28,0.42455,1.34768,1.05185,1.36899,0,1,1.31143,0.46197,1.24308,0.84934,1.23815,0.72622,1.14603,1.3358,1.10183,0.52393,0.58637,0.79529,0.97382,1.15339,1.27405,0.86548,1.2537,0.86409,0.89024,1.24684,1.03822,1.13892,0.87582,1.02093,0.98895,1.07704,1.04333,1.03957,1.3157,0.28308,0.97592,0.14082,1.38095,1,0.42794,1.32093,0.61442,1.21726,0.81542,1.27207,0.9196,0.29622,0.92819,1.27157,1.32304,1.24968,1.05661,0.85143,0.71015,1.1459,0.79722,1.21441,1.15043,0.75358,0.99179,0.91519,1.18859,0.98418,1.03136,0.95359,0.97458,0.94612
39.3,0.44809,1.34569,1.03984,1.37079,0,1,1.30801,0.45851,1.23758,0.83111,1.24535,0.72332,1.1477,1.33913,1.07585,0.49275,0.57979,0.79872,0.97209,1.16565,1.27683,0.73033,1.27554,0.85223,0.82557,1.26622,0.98676,1.12204,0.82557,1.29238,0.99817,1.16267,0.6399,0.85723,1.31079,0.29744,0.98203,0.12129,1.38095,1,0.44384,1.32161,0.62995,1.23005,0.80311,1.27323,0.91824,0.27531,0.94995,1.28017,1.32445,1.2478,1.05985,0.83369,0.70272,1.22588,0.75157,1.22369,1.20113,0.70839,1.0102,0.92924,1.22664,0.50471,1.00553,0.8748,1.28982,1.26859
39.32,0.47074,1.34247,1.02636,1.37217,0,1,1.30463,0.46241,1.23019,0.82231,1.25379,0.72193,1.14656,1.34177,1.04441,0.4678,0.57936,0.79629,0.96378,1.17492,1.28097,0.61381,1.29913,0.83646,0.75664,1.28021,0.94022,1.10564,0.77988,1.33786,1.00516,1.21621,0.39817,0.70916,1.30581,0.31972,0.98848,0.10577,1.38095,1,0.45906,1.32084,0.64995,1.23573,0.78755,1.27378,0.91917,0.2581,0.97281,1.28667,1.32455,1.24914,1.07475,0.81939,0.69124,1.2704,0.68704,1.23492,1.24002,0.6699,1.04362,0.94159,1.25281,0.27749,0.99602,0.79867,1.3416,1.3305
39.34,0.49328,1.338,1.00984,1.37322,0,1,1.30101,0.47452,1.22104,0.8229,1.26342,0.72162,1.14199,1.34365,1.00657,0.44948,0.58543,0.79129,0.95244,1.18141,1.2858,0.51839,1.32036,0.81862,0.68763,1.28878,0.88225,1.09042,0.74068,1.35641,1.00634,1.25162,0.24037,0.58281,1.30058,0.34902,0.99586,0.09367,1.38095,1,0.4748,1.31841,0.67343,1.23536,0.76803,1.2739,0.92285,0.24555,0.9963,1.29124,1.32324,1.25182,1.09336,0.80888,0.67718,1.29726,0.60825,1.24632,1.26911,0.64331,1.08066,0.95207,1.27085,0.14655,0.9951,0.72791,1.36159,1.35435
39.36,0.51659,1.33216,0.99427,1.37401,0,1,1.29684,0.49557,1.21082,0.83291,1.27399,0.72235,1.13266,1.34474,0.98285,0.43767,0.59824,0.78643,0.94082,1.18532,1.29061,0.44258,1.33713,0.80066,0.62314,1.29122,0.81504,1.07672,0.70879,1.3662,1.00196,1.27572,0.13553,0.48035,1.29488,0.38473,1.00926,0.08442,1.38095,1,0.49228,1.314,0.69813,1.22885,0.74417,1.27361,0.93004,0.23813,1.0352,1.2941,1.3204,1.25437,1.11063,0.80233,0.66233,1.31445,0.52432,1.2566,1.29034,0.63524,1.1183,0.9608,1.28329,0.06384,0.99849,0.66511,1.37165,1.36635
39.38,0.54142,1.32475,0.98139,1.37459,0,1,1.29176,0.52587,1.20129,0.85249,1.28497,0.72448,1.11604,1.34503,0.965,0.432,0.61785,0.78369,0.93083,1.1868,1.29476,0.38404,1.34929,0.78474,0.56786,1.2848,0.74236,1.0643,0.68446,1.37191,0.99691,1.29202,0.0668,0.40272,1.28845,0.42628,1.02884,0.07752,1.38095,1,0.51263,1.30721,0.71982,1.2149,0.71612,1.27277,0.94185,0.23611,1.06658,1.29545,1.31578,1.25577,1.12421,0.79983,0.64882,1.32584,0.44527,1.26485,1.30526,0.65595,1.15377,0.96818,1.29168,0.01031,1.00924,0.61305,1.37725,1.37303
39.4,0.56817,1.31558,0.96611,1.375,0,1,1.28543,0.56507,1.1956,0.8818,1.29576,0.72875,1.0873,1.3445,0.95122,0.43203,0.64403,0.78449,0.92371,1.18586,1.29764,0.34088,1.3576,0.7732,0.5262,1.25993,0.6688,1.05234,0.66784,1.37519,0.992,1.30239,0.02509,0.3506,1.28105,0.47269,1.05009,0.07259,1.38095,1,0.53675,1.29756,0.7322,1.19034,0.68462,1.27106,0.95971,0.23971,1.08782,1.29544,1.30907,1.25536,1.13326,0.80142,0.63906,1.33336,0.37882,1.2704,1.31497,0.72399,1.18515,0.97486,1.29695,0,1.02315,0.57469,1.38033,1.37672
39.42,0.59703,1.30444,0.9481,1.37527,0.03516,1,1.27741,0.61222,1.19737,0.92108,1.30584,0.73615,1.03655,1.34309,0.94311,0.4373,0.67628,0.78973,0.92022,1.18244,1.2987,0.3117,1.36295,0.76822,0.50153,1.16756,0.59874,1.03941,0.65901,1.37673,0.98723,1.30781,0.0058,0.3247,1.27246,0.52273,1.07275,0.06941,1.37833,1,0.56537,1.28441,0.7284,1.14797,0.65092,1.26801,0.9852,0.24927,1.09928,1.29419,1.29981,1.25265,1.13751,0.80717,0.63537,1.33808,0.32895,1.27269,1.32019,0.87725,1.21154,0.98165,1.29961,0,1.03584,0.55273,1.38169,1.37837
39.44,0.6284,1.29097,0.92671,1.37539,0.11003,1,1.26718,0.66639,1.20825,0.97067,1.31482,0.74772,0.97441,1.34067,0.94212,0.44743,0.71403,0.79996,0.92078,1.17636,1.29749,0.29524,1.36612,0.77132,0.49568,0.83111,0.53559,1.02328,0.65777,1.37676,0.98356,1.30868,0.0079,0.32649,1.26234,0.57553,1.09681,0.0679,1.37219,1,0.59911,1.26676,0.7041,1.06939,0.61659,1.26305,1.03539,0.26534,1.10064,1.29174,1.28727,1.24712,1.13683,0.81708,0.63955,1.34063,0.29626,1.27127,1.32138,1.19022,1.23289,0.98956,1.29998,0,1.0451,0.54906,1.38154,1.37826
39.46,0.6632,1.27427,0.90093,1.37537,0.22088,1,1.25404,0.72716,1.22632,1.05236,1.3225,0.76437,0.92273,1.33701,0.9493,0.46197,0.75664,0.81539,0.92555,1.16741,1.29362,0.29028,1.36765,0.7831,0.50919,0.57442,0.48193,1.00055,0.66343,1.37512,0.98192,1.30482,0.03497,0.35987,1.25002,0.63162,1.12235,0.06812,1.36144,1,0.63851,1.24274,0.66003,0.95912,0.58343,1.25543,1.09351,0.28869,1.09059,1.28814,1.27029,1.23817,1.13096,0.83103,0.6526,1.34138,0.27957,1.26566,1.31861,1.29825,1.24945,0.99976,1.2983,0,1.0491,0.56501,1.37962,1.37611
39.48,0.70292,1.25217,0.86968,1.37519,0.38922,1,1.23714,0.79474,1.2474,1.12772,1.3287,0.78674,0.86926,1.33183,0.9654,0.48028,0.80299,0.83571,0.93443,1.1554,1.28664,0.29571,1.36785,0.80303,0.54142,0.39546,0.44012,0.98443,0.67468,1.37113,0.98329,1.29523,0.09958,0.43388,1.2343,0.69347,1.14917,0.07034,1.33972,1,0.68355,1.20877,0.60183,0.88044,0.55356,1.24419,1.14012,0.32018,1.06593,1.28346,1.24722,1.2251,1.11945,0.8486,0.67464,1.34056,0.2773,1.2553,1.31156,1.33534,1.26147,1.02514,1.29483,0.01789,1.04575,0.60166,1.37466,1.37054
39.5,0.74945,1.2195,0.83227,1.37481,0.64439,1,1.21572,0.86971,1.26763,1.17619,1.33329,0.81509,0.81851,1.32471,0.99086,0.50135,0.85096,0.85994,0.94703,1.14035,1.27606,0.31042,1.36688,0.82934,0.58985,0.28022,0.41267,0.96391,0.68945,1.36275,0.98876,1.27752,0.2383,0.56748,1.2132,0.76603,1.17653,0.07498,1.2832,1,0.73318,1.15754,0.53757,0.81086,0.52937,1.22798,1.17547,0.3605,1.01945,1.27785,1.21605,1.20722,1.10161,0.86896,0.70481,1.33828,0.288,1.23962,1.29963,1.352,1.26897,1.05454,1.29003,0.09424,1.03186,0.65979,1.36181,1.35645
39.52,0.80522,1.16272,0.789,1.37416,1.00421,1,1.18927,0.95295,1.28493,1.20814,1.3362,0.84929,0.77438,1.31512,1.04521,0.52375,0.8974,0.88658,0.96279,1.12257,1.26135,0.33333,1.36476,0.85929,0.6495,0.21354,0.40203,0.9379,0.70516,1.34311,0.99955,1.24637,0.58727,0.80155,1.18306,0.85713,1.20315,0.08269,0.99788,1,0.78528,1.07199,0.47459,0.75262,0.513,1.20478,1.20101,0.41011,0.97227,1.27162,1.17503,1.18395,1.07645,0.89095,0.74139,1.33461,0.31062,1.21826,1.28223,1.35996,1.27181,1.08681,1.2846,0.24338,1.00137,0.73981,1.30447,1.29951
39.54,0.8735,1.03458,0.74159,1.37317,1.24096,1,1.15744,1.07246,1.29882,1.22947,1.33744,0.88881,0.73926,1.3023,1.10085,0.54589,0.9388,0.91393,0.98106,1.10265,1.24176,0.36349,1.36133,0.88998,0.71344,0.18437,0.41035,0.90575,0.71923,1.2696,1.03122,1.18815,1.30687,1.20047,1.13633,0.97828,1.22756,0.09428,0.7531,1,0.83756,0.96133,0.41758,0.70625,0.5058,1.17127,1.21865,0.46927,0.92906,1.26516,1.12395,1.1549,1.04241,0.91323,0.78239,1.3295,0.34469,1.19118,1.25913,1.36313,1.2696,1.12059,1.27941,0.58635,0.97464,0.84216,0.53979,0.62913
39.56,0.95864,0.89593,0.69318,1.37173,1.27036,1,1.11973,1.16095,1.30955,1.2438,1.33704,0.93257,0.71398,1.28515,1.14615,0.56623,0.97202,0.94035,1.00225,1.08162,1.2162,0.39995,1.35627,0.91899,0.77428,0.18704,0.43955,0.8671,0.72967,0.71427,1.06933,1.05729,1.36171,1.30315,1.05455,1.15881,1.24853,0.11077,0.68228,1,0.88845,0.88891,0.36884,0.67086,0.50812,1.12191,1.23011,0.53777,0.88326,1.25896,1.06667,1.12006,0.9986,0.93447,0.82593,1.32289,0.39027,1.15881,1.23118,1.36285,1.26163,1.15432,1.27535,1.29002,0.93891,0.96713,0.19764,0.2726
39.58,1.09559,0.78545,0.64801,1.36968,1.26109,1,1.07488,1.21028,1.31754,1.25337,1.33507,0.97828,0.69856,1.26243,1.18171,0.58319,0.99475,0.96421,1.03924,1.06113,1.18323,0.44141,1.349,0.94467,0.82581,0.22114,0.49124,0.82221,0.73523,0.41127,1.1096,0.90395,1.37486,1.33355,0.9551,1.23946,1.26527,0.13336,0.70677,1,0.93745,0.82646,0.32956,0.645,0.51942,1.04798,1.23666,0.61384,0.83755,1.25357,1.01424,1.08067,0.97367,0.95321,0.87014,1.3147,0.44743,1.12235,1.20097,1.35911,1.24667,1.18644,1.27311,1.35373,0.89392,1.13712,0.06053,0.12247
39.6,1.18646,0.69081,0.61068,1.36683,1.21729,1,1.02007,1.24102,1.32309,1.25958,1.33163,1.03878,0.69273,1.23357,1.20876,0.59521,1.01083,0.98375,1.0686,1.04376,1.14152,0.48552,1.33869,0.96606,0.86446,0.2913,0.56569,0.77213,0.73549,0.27685,1.14845,0.80741,1.38008,1.34643,0.88221,1.28053,1.27745,0.16344,0.79816,1,0.98511,0.77347,0.30058,0.62716,0.53829,0.974,1.23905,0.69236,0.79475,1.24962,0.99225,1.0406,0.95077,0.96777,0.9129,1.3051,0.51519,1.08401,1.17277,1.35058,1.22298,1.21563,1.273,1.36789,0.84124,1.2126,0,0.04981
39.62,1.23654,0.61389,0.5851,1.36284,1.1089,1,0.97807,1.26117,1.3264,1.26327,1.32687,1.08672,0.69618,1.20043,1.22871,0.60114,1.00871,0.99737,1.09083,1.03253,1.09072,0.52891,1.32422,0.98281,0.88996,0.40835,0.66068,0.71871,0.73083,0.22178,1.18336,0.73928,1.38095,1.35167,0.81551,1.30408,1.28505,0.20276,0.92915,1,1.05482,0.72996,0.28263,0.61613,0.56269,0.93498,1.23764,0.76439,0.75729,1.24763,0.9938,1.00711,0.93119,0.97662,0.95188,1.29461,0.59098,1.04695,1.15069,1.33319,1.18837,1.24108,1.27489,1.37252,0.78349,1.2481,0,0.01841
39.64,1.2674,0.5546,0.57369,1.35721,0.95497,1,0.94868,1.2746,1.32753,1.26485,1.32093,1.11054,0.70853,1.16889,1.24287,0.60088,0.99289,1.00805,1.10675,1.02952,1.03273,0.56803,1.30399,0.99503,0.90443,0.59456,0.77165,0.66437,0.72235,0.2203,1.213,0.69494,1.38095,1.352,0.75617,1.31839,1.28827,0.25375,1.07559,1,1.1102,0.69579,0.27631,0.61128,0.59052,0.91193,1.23246,0.81989,0.72686,1.24772,1.01906,0.99438,0.91579,0.97892,0.985,1.28413,0.67107,1.01467,1.13664,1.29281,1.14006,1.26248,1.27822,1.37263,0.72413,1.26638,0,0.01641
39.66,1.28775,0.51166,0.57742,1.34896,0.9267,1,0.92212,1.28341,1.32646,1.2644,1.31395,1.11763,0.72922,1.14703,1.25235,0.59579,0.97401,1.00811,1.11727,1.03459,0.98743,0.60044,1.27542,1.00626,0.9111,0.89866,0.89369,0.61191,0.71177,0.27127,1.23694,0.67037,1.38038,1.34762,0.7047,1.32721,1.28723,0.31986,1.11178,1,1.1483,0.67057,0.2823,0.61266,0.62012,0.9045,1.22331,0.85268,0.70438,1.24942,1.06261,0.99434,0.90489,0.97503,1.02049,1.27459,0.75186,0.99516,1.12974,1.13584,1.07371,1.27986,1.2822,1.36839,0.66706,1.27526,0,0.04277
39.68,1.30159,0.48391,0.59624,1.3364,1.01975,1,0.89917,1.28878,1.32289,1.26162,1.30601,1.1113,0.75712,1.13876,1.25783,0.58873,0.9523,0.99877,1.12326,1.04526,0.96761,0.62559,1.23347,1.01509,0.9134,1.24972,1.04313,0.56451,0.70139,0.39465,1.25521,0.66217,1.3757,1.3367,0.66162,1.33234,1.28181,0.40517,0.98969,1,1.17492,0.65396,0.30164,0.62111,0.65031,0.91115,1.20995,0.86407,0.69051,1.25176,1.10288,1.00336,0.8984,0.96656,1.04951,1.26657,0.83115,0.98813,1.12728,0.74739,0.99061,1.29339,1.28593,1.35575,0.61653,1.27806,0.05053,0.10527
39.7,1.31093,0.47092,0.62922,1.31625,1.21266,1,0.88146,1.29126,1.31624,1.25574,1.29712,1.0928,0.7902,1.13989,1.25956,0.58353,0.93297,0.99016,1.1254,1.05778,0.95701,0.64499,1.16566,1.01856,0.91458,1.31426,1.17173,0.52539,0.69386,0.64739,1.26802,0.66739,1.36512,1.31364,0.62769,1.3346,1.27157,0.51321,0.80601,1,1.19241,0.64592,0.33615,0.63829,0.68034,0.92936,1.19233,0.86254,0.68601,1.25346,1.13226,1.02549,0.89603,0.95611,1.06359,1.25998,0.90915,0.98531,1.12601,0.5464,0.94364,1.30328,1.28854,1.31064,0.57673,1.27629,0.16522,0.2239
39.72,1.31688,0.47307,0.67453,1.28175,1.29577,1,0.87084,1.29103,1.30523,1.24546,1.28727,1.06226,0.82569,1.14196,1.25733,0.58421,0.9208,0.9808,1.12419,1.06873,0.95438,0.66154,1.02894,1.01815,0.91744,1.33802,1.23173,0.4972,0.69162,1.1799,1.27561,0.68354,1.33646,1.26104,0.6036,1.33424,1.25574,0.64501,0.60191,1,1.20187,0.64668,0.38899,0.66653,0.70973,0.95599,1.1709,0.85973,0.69181,1.25323,1.14833,1.0472,0.89737,0.94647,1.06695,1.25405,0.98933,0.98564,1.12291,0.42115,0.90033,1.30981,1.2893,0.79872,0.55114,1.2706,0.38858,0.44164
39.74,1.32014,0.49126,0.72973,1.21611,1.33431,1,0.86834,1.28794,1.28716,1.22849,1.27641,1.01864,0.86091,1.13728,1.25052,0.59406,0.91904,0.97265,1.1199,1.07598,0.9587,0.67841,0.90011,1.01493,0.92426,1.35028,1.26958,0.48145,0.69603,1.31277,1.27819,0.70863,1.16844,1.09834,0.58945,1.33102,1.23303,0.7976,0.42281,1,1.20399,0.65661,0.46585,0.70854,0.73829,0.98804,1.14646,0.86606,0.70887,1.25,1.15052,1.06438,0.90206,0.9398,1.06141,1.2477,1.10851,0.98827,1.11524,0.33635,0.8558,1.31325,1.2878,0.41573,0.54209,1.26106,0.86103,0.85182
39.76,1.32124,0.52671,0.79161,1.06284,1.35444,1,0.87363,1.28159,1.25563,1.20084,1.26442,0.98172,0.89407,1.11923,1.23789,0.6152,0.92898,0.96675,1.11258,1.07877,0.96914,0.69809,0.79625,1.00972,0.9369,1.35775,1.29726,0.47866,0.70687,1.33923,1.27564,0.74122,0.61142,0.8479,0.58452,1.32425,1.20168,0.9632,0.28194,1,1.19945,0.67597,0.57676,0.76699,0.76591,1.04106,1.1199,0.88906,0.73798,1.24281,1.13772,1.0759,0.90982,0.93719,1.0474,1.23985,1.18132,0.99244,1.1001,0.27522,0.80651,1.31384,1.28398,0.26884,0.55104,1.24722,1.29806,1.2748
39.78,1.32061,0.58031,0.85533,0.89324,1.36596,1,0.88478,1.27126,1.19255,1.15495,1.2513,0.95489,0.92463,1.07852,1.21728,0.64841,0.94982,0.9633,1.10212,1.07729,0.98489,0.72195,0.69707,1.00326,0.95674,1.36276,1.31868,0.48884,0.7219,1.34791,1.26725,0.78009,0.43335,0.7406,0.58736,1.31253,1.16021,1.14829,0.17705,1,1.1893,0.70474,0.73869,0.84371,0.79229,1.0895,1.09163,0.93385,0.77944,1.23077,1.10695,1.08234,0.9204,0.93858,1.02443,1.22966,1.22989,0.99749,1.07356,0.22916,0.75075,1.31165,1.27839,0.21025,0.57923,1.22812,1.33604,1.32183
39.8,1.3187,0.65159,0.91351,0.80532,1.37292,1,0.89815,1.25581,1.02174,1.07511,1.23736,0.92985,0.95324,0.99725,1.18508,0.69283,0.97866,0.96175,1.08834,1.07251,1.00975,0.75001,0.60073,0.99818,0.98468,1.36633,1.33536,0.51174,0.73672,1.34946,1.25126,0.82386,0.37439,0.6983,0.59578,1.29337,1.11031,1.21457,0.1016,1,1.17598,0.74237,0.98017,0.93827,0.81672,1.12548,1.06109,1.00769,0.83264,1.21306,1.05272,1.08515,0.9335,0.94302,0.99576,1.21658,1.26509,1.00548,1.02898,0.19363,0.68889,1.3065,1.27249,0.1991,0.62804,1.20225,1.34509,1.33317
39.82,1.31605,0.73775,0.95704,0.75269,1.37726,1,0.90886,1.23349,0.85764,0.96845,1.22339,0.90672,0.98147,0.93658,1.13462,0.74591,1.0206,0.96119,1.07102,1.06584,1.04888,0.78131,0.50875,0.99504,1.03783,1.3689,1.34814,0.54716,0.74552,1.34617,1.22385,0.871,0.37614,0.69828,0.60707,1.26228,1.06181,1.2426,0.04885,1,1.16428,0.78778,1.233,1.07378,0.83818,1.15295,1.02614,1.1287,0.89606,1.18908,0.98497,1.08616,0.94874,0.94906,0.97672,1.20039,1.29136,1.01464,0.97927,0.16626,0.62326,1.29791,1.2688,0.22249,0.69941,1.16741,1.34484,1.33317
39.84,1.31326,0.83351,0.97845,0.72328,1.38,1,0.91186,1.20119,0.742,0.9041,1.21058,0.88552,1.02127,0.87437,1.05129,0.80398,1.06745,0.96071,1.05006,1.0587,1.08231,0.81481,0.42419,0.9927,1.09614,1.37074,1.35772,0.59519,0.74304,1.33741,1.17603,0.92025,0.42208,0.72917,0.6185,1.21041,1.03309,1.25573,0.01301,1,1.16081,0.83974,1.29475,1.16789,0.85566,1.17441,0.9917,1.1988,0.96809,1.15849,0.94553,1.08702,0.96559,0.95531,0.95731,1.18086,1.311,1.02124,0.93913,0.14585,0.55772,1.28485,1.26986,0.28038,0.7966,1.11978,1.33788,1.32516
39.86,1.31095,0.93166,0.97549,0.70981,1.38095,1,0.90318,1.15304,0.65464,0.85473,1.20019,0.8664,1.07122,0.81463,0.95971,0.86282,1.09731,0.95968,1.0257,1.0521,1.10959,0.85008,0.35035,0.99169,1.14176,1.37196,1.3647,0.65634,0.72658,1.31899,1.0829,0.97098,0.51229,0.78563,0.62763,1.11835,1.03728,1.26125,0,1,1.17061,0.89707,1.32126,1.21319,0.86851,1.19129,0.96853,1.24213,1.07501,1.12158,0.91568,1.08885,0.98326,0.96092,0.93872,1.15731,1.32549,1.02402,0.89782,0.13194,0.49682,1.26533,1.27657,0.38484,0.92468,1.05203,1.32157,1.30623
39.88,1.30967,1.04151,0.95258,0.7075,1.38095,1,0.88068,1.0773,0.58806,0.81897,1.19329,0.84989,1.11267,0.76014,0.89799,0.91773,1.11513,0.95786,0.99959,1.04639,1.13075,0.88747,0.29009,0.99265,1.17623,1.37256,1.36957,0.73081,0.69692,1.27456,0.94724,1.04082,0.65884,0.86528,0.63255,0.97352,1.06734,1.26217,0,1,1.19313,0.95823,1.33568,1.23781,0.87647,1.20433,0.9441,1.27028,1.15212,1.0801,0.8957,1.09205,1.00101,0.96564,0.92217,1.12819,1.33584,1.02137,0.85813,0.12482,0.44528,1.23574,1.28749,0.56992,1.11818,0.97748,1.28387,1.26282
39.9,1.30983,1.12711,0.91885,0.71288,1.38095,1,0.84445,0.97762,0.53704,0.79523,1.19044,0.83686,1.14725,0.71296,0.84373,0.96351,1.12463,0.95532,0.9877,1.04131,1.1458,0.92803,0.24563,0.99635,1.20118,1.3725,1.37266,0.81728,0.65771,1.07966,0.85875,1.1067,0.88819,0.9664,0.63191,0.89951,1.10497,1.26001,0,1,1.22258,1.03716,1.34451,1.25149,0.87963,1.21374,0.91861,1.28907,1.19833,1.03871,0.88428,1.0964,1.02848,0.96974,0.90903,1.09039,1.34277,1.01087,0.82308,0.12564,0.40748,1.18958,1.3,0.93157,1.21868,0.93049,1.15768,1.12236
39.92,1.3116,1.16327,0.88406,0.72283,1.38095,1,0.79641,0.91971,0.49801,0.78213,1.19148,0.82838,1.17585,0.67423,0.79572,0.99542,1.12879,0.95239,0.97951,1.03615,1.15452,0.97376,0.21812,1.00727,1.21833,1.37156,1.3742,0.91194,0.61389,0.71982,0.78934,1.1506,1.20457,1.11441,0.62507,0.8564,1.13733,1.25592,0,1,1.25249,1.11108,1.3503,1.2583,0.87849,1.21949,0.89267,1.30175,1.22908,1.00518,0.8791,1.1013,1.04554,0.97382,0.90083,1.03726,1.34679,0.99437,0.79499,0.13651,0.38703,1.11454,1.31191,1.28802,1.26254,0.88845,0.80878,0.82242
39.94,1.31483,1.17737,0.85517,0.73364,1.38095,1,0.73961,0.87438,0.4684,0.7787,1.19533,0.82529,1.19933,0.64375,0.75292,1.02048,1.13035,0.94944,0.97595,1.03006,1.15626,1.04866,0.20778,1.02901,1.22948,1.3694,1.37423,1.01615,0.56991,0.52023,0.73797,1.18198,1.28637,1.19105,0.61215,0.83685,1.16033,1.25128,0,1,1.27898,1.1537,1.35423,1.26001,0.87417,1.22152,0.86695,1.31038,1.25102,0.99387,0.87713,1.10609,1.05253,0.97851,0.89913,0.97907,1.34826,0.97654,0.77457,0.16087,0.38663,0.99288,1.32212,1.33783,1.28538,0.8506,0.61694,0.65383
39.96,1.31908,1.17826,0.83548,0.74038,1.38095,1,0.67767,0.83928,0.44629,0.78439,1.20019,0.82802,1.21856,0.62007,0.71462,1.02032,1.1322,0.94681,0.97736,1.02238,1.14956,1.12498,0.21444,1.05685,1.23658,1.36526,1.37255,1.1259,0.52915,0.39723,0.7028,1.20531,1.31364,1.2265,0.59413,0.83556,1.17436,1.24828,0,1,1.3007,1.1805,1.35694,1.25716,0.86851,1.21973,0.84201,1.31641,1.26743,0.99391,0.87477,1.11024,1.0498,0.98426,0.90555,0.93371,1.34732,0.95126,0.76058,0.20448,0.40902,0.92615,1.33034,1.35544,1.29795,0.81665,0.51008,0.55515
39.98,1.3238,1.16955,0.82541,0.73681,1.38086,1,0.61447,0.81169,0.43036,0.79908,1.20388,0.83661,1.23418,0.6008,0.68067,0.99963,1.13749,0.94481,0.98342,1.01273,1.131,1.18196,0.23808,1.08877,1.24167,1.35746,1.36844,1.17348,0.49426,0.32665,0.682,1.22282,1.32259,1.23983,0.57271,0.84791,1.18108,1.24988,0.00122,1,1.31776,1.19866,1.35879,1.24939,0.86407,1.21391,0.81847,1.32094,1.27998,1.00043,0.86789,1.11335,1.03756,0.99122,0.92196,0.88313,1.3439,0.91824,0.74999,0.27775,0.45803,0.88126,1.33659,1.36318,1.30449,0.78698,0.46672,0.51363
40,1.32842,1.15348,0.82355,0.71641,1.37941,1,0.55374,0.78886,0.41989,0.82294,1.20388,0.85068,1.24661,0.58307,0.65152,0.98434,1.14906,0.94377,0.99328,1.00107,1.09269,1.22595,0.27848,1.12219,1.24694,1.34107,1.35996,1.19504,0.46756,0.30023,0.67419,1.23553,1.31814,1.23353,0.55015,0.869,1.18229,1.25858,0.02086,1,1.33078,1.2121,1.35996,1.23533,0.86407,1.20373,0.79717,1.32483,1.28954,1.01732,0.85214,1.11494,1.01602,0.99928,0.95056,0.82663,1.33771,0.87798,0.73855,0.40167,0.53962,0.85557,1.34096,1.36575,1.3068,0.76269,0.48886,0.53358
40.02,1.33251,1.1326,0.82745,0.67502,1.37774,1,0.49837,0.76844,0.41463,0.85636,1.19711,0.86972,1.25607,0.56377,0.62809,0.97273,1.16817,0.94431,1.01124,0.99398,1.01371,1.26016,0.3348,1.15456,1.2541,1.29398,1.34083,1.20098,0.45103,0.32131,0.67854,1.24389,1.28855,1.19475,0.52866,0.89353,1.17974,1.27426,0.04274,1,1.34056,1.22308,1.36053,1.21192,0.87212,1.18851,0.77912,1.32881,1.29652,1.02946,0.82374,1.11411,0.9929,1.01562,0.99399,0.7648,1.32827,0.83194,0.7221,0.62588,0.66323,0.84773,1.3435,1.36371,1.30552,0.74524,0.60952,0.64425
40.04,1.33588,1.11062,0.83453,0.61372,1.37602,1,0.44992,0.74876,0.41463,0.89971,1.17858,0.89328,1.26267,0.54004,0.61142,0.97208,1.19353,0.94772,1.03605,0.98703,0.94064,1.28657,0.40528,1.18387,1.2636,0.9057,1.27675,1.19365,0.44628,0.40964,0.69473,1.24802,1.07185,1.04078,0.50983,0.91639,1.17501,1.29363,0.06445,1,1.34786,1.23285,1.36053,1.17261,0.89208,1.16692,0.76547,1.33336,1.30116,1.03012,0.78072,1.10882,0.97598,1.03237,1.08363,0.69957,1.31492,0.78256,0.69851,1.12897,0.8448,0.85735,1.34421,1.35393,1.30056,0.73613,0.95488,0.94436
40.06,1.33848,1.09218,0.84256,0.53902,1.37447,1,0.40902,0.72916,0.42017,0.95288,1.13718,0.92118,1.26633,0.50978,0.60271,0.98922,1.22181,0.95619,1.0594,0.97951,0.86903,1.30668,0.48683,1.20886,1.27444,0.50885,0.78101,1.17019,0.45473,0.62767,0.72283,1.24771,0.58134,0.81955,0.49453,0.9336,1.16945,1.3126,0.08328,1,1.35328,1.24186,1.35993,1.10192,0.92811,1.13634,0.75746,1.33868,1.30348,1.01204,0.72369,1.09492,0.95828,1.04907,1.15278,0.63403,1.29681,0.73311,0.66883,1.3139,1.13552,0.88483,1.34294,1.31572,1.29105,0.73682,1.30597,1.29095
40.08,1.34034,1.08153,0.84979,0.46022,1.37335,1,0.37604,0.71003,0.43176,1.0265,1.03757,0.95335,1.26668,0.47207,0.60357,1.05355,1.24941,0.97301,1.08138,0.97106,0.79846,1.32169,0.57384,1.22881,1.28484,0.31021,0.45143,1.11962,0.478,1.19157,0.76297,1.24215,0.32786,0.65082,0.48312,0.94282,1.16428,1.32862,0.09656,1,1.35724,1.25004,1.35863,0.98043,0.98507,1.09193,0.75668,1.34465,1.30325,0.98257,0.65595,1.06364,0.93978,1.06634,1.20103,0.57191,1.2734,0.6875,0.63709,1.34806,1.25829,0.93113,1.33929,0.77784,1.27503,0.74897,1.35138,1.34324
40.1,1.34152,1.08072,0.85482,0.38589,1.37287,1,0.35146,0.69267,0.45018,1.10969,0.91539,0.98959,1.26283,0.42741,0.61641,1.13456,1.27387,1.00567,1.10254,0.96115,0.7348,1.3326,0.65689,1.24343,1.29317,0.20032,0.29243,1.00567,0.51843,1.3294,0.81497,1.22941,0.19167,0.53188,0.4757,0.94351,1.16059,1.34099,0.10222,1,1.35998,1.257,1.35648,0.90199,1.09899,1.02432,0.76513,1.35092,1.2998,0.9445,0.58244,0.99606,0.91999,1.08478,1.23394,0.51694,1.24573,0.64988,0.60901,1.36142,1.29869,0.99756,1.33233,0.32839,1.2485,0.77471,1.36651,1.36087
40.12,1.34207,1.08877,0.85661,0.32138,1.37312,1,0.33574,0.67868,0.47652,1.15744,0.80585,1.0505,1.25305,0.37743,0.64479,1.20179,1.2943,1.08055,1.12344,0.94915,0.68227,1.3403,0.72341,1.25275,1.29837,0.13992,0.21004,0.91148,0.57971,1.35564,0.87829,1.20528,0.12465,0.46306,0.47214,0.93661,1.15926,1.35009,0.09931,1,1.36165,1.2623,1.35319,0.84007,1.18108,0.96525,0.78508,1.35708,1.2916,0.89304,0.50806,0.93415,0.8982,1.10486,1.25586,0.47171,1.21845,0.62375,0.5901,1.36764,1.3165,1.11499,1.31997,0.15256,1.20223,0.8167,1.37258,1.36798
40.14,1.34209,1.10288,0.85444,0.26863,1.37405,1,0.329,0.66937,0.51226,1.18551,0.70072,1.10259,1.23416,0.32444,0.69404,1.25151,1.31085,1.14959,1.14451,0.93438,0.64275,1.34556,0.7617,1.25698,1.29997,0.1118,0.17117,0.82361,0.66809,1.36505,0.95236,1.16001,0.10473,0.44046,0.47204,0.92382,1.16087,1.35663,0.08835,1,1.36235,1.2657,1.34827,0.79507,1.23366,0.91994,0.81851,1.36281,1.27524,0.83104,0.4364,0.85386,0.87358,1.12675,1.26999,0.43705,1.20004,0.61126,0.58405,1.37031,1.32429,1.18552,1.29688,0.07412,1.10956,0.87791,1.37424,1.36998
40.16,1.34169,1.11989,0.84794,0.22748,1.37547,1,0.33083,0.66535,0.55925,1.20188,0.60604,1.14107,1.19974,0.27098,0.77238,1.28659,1.32408,1.20659,1.16584,0.91615,0.61618,1.34901,0.76665,1.25631,1.29772,0.10794,0.16202,0.74304,0.79405,1.36843,1.06064,1.06672,0.12577,0.46219,0.47459,0.90709,1.16563,1.36125,0.07116,1,1.36216,1.26713,1.34086,0.76499,1.26822,0.8778,0.86646,1.36789,1.24158,0.76271,0.36975,0.75948,0.8454,1.15021,1.27855,0.41237,1.19749,0.61326,0.59253,1.37067,1.32608,1.23011,1.24537,0.04348,0.94758,0.96083,1.37248,1.36806
40.18,1.34108,1.13713,0.83706,0.19728,1.37714,1,0.34032,0.66663,0.61934,1.21122,0.52605,1.16992,1.13547,0.21967,0.89313,1.31093,1.33457,1.25047,1.18714,0.89399,0.60156,1.35113,0.74252,1.2507,1.29135,0.12497,0.17669,0.67195,0.97414,1.36844,1.14909,0.94081,0.19521,0.53061,0.4785,0.88846,1.17327,1.36441,0.05037,1,1.36117,1.26667,1.32938,0.74634,1.2912,0.83957,0.92792,1.37223,1.15691,0.69305,0.30966,0.6579,0.8133,1.17452,1.28298,0.39639,1.20954,0.62966,0.61538,1.36908,1.32321,1.25972,1.05864,0.04333,0.84028,1.09516,1.36617,1.36102
40.2,1.34052,1.1527,0.82221,0.17765,1.37882,1,0.35589,0.67277,0.69379,1.21673,0.46349,1.19145,1.00468,0.17275,1.10887,1.32772,1.34277,1.28294,1.20784,0.86781,0.59764,1.35225,0.70041,1.2398,1.28053,0.16185,0.21277,0.61177,1.19937,1.36576,1.19848,0.85564,0.33862,0.65084,0.48201,0.86997,1.18315,1.36636,0.02873,1,1.3595,1.26447,1.31071,0.73477,1.30627,0.80625,0.99824,1.3758,0.92177,0.62698,0.25726,0.55672,0.77749,1.19861,1.28413,0.38768,1.22849,0.65959,0.65066,1.36546,1.31594,1.2799,0.78316,0.06784,0.7546,1.17972,1.34998,1.34324
40.22,1.34032,1.16559,0.80415,0.16858,1.38033,1,0.37536,0.68293,0.78285,1.22085,0.41941,1.20714,0.91767,0.13167,1.23755,1.33929,1.34909,1.30656,1.22726,0.83805,0.60315,1.3526,0.65239,1.22292,1.26505,0.21849,0.26914,0.56316,1.27074,1.36014,1.22876,0.79102,0.61757,0.82595,0.48322,0.8533,1.19436,1.36724,0.0085,1,1.35732,1.26072,1.27771,0.72583,1.31567,0.7788,1.09843,1.37865,0.73871,0.56833,0.21313,0.46223,0.73879,1.22134,1.2825,0.38492,1.24739,0.7016,0.69472,1.35941,1.30392,1.29375,0.61274,0.11631,0.68763,1.22214,1.29635,1.28761
40.24,1.34073,1.17574,0.78402,0.17022,1.38095,1,0.39632,0.69601,0.88584,1.22523,0.39319,1.21814,0.85933,0.09691,1.29022,1.34723,1.35388,1.32362,1.24479,0.80588,0.61693,1.3523,0.60719,1.19874,1.24485,0.29506,0.34505,0.52578,1.30271,1.35049,1.24824,0.74831,1.17953,1.07556,0.48069,0.8392,1.20593,1.36709,0,1,1.35485,1.25569,1.20889,0.71602,1.32085,0.75765,1.14763,1.3809,0.5922,0.51931,0.17725,0.37852,0.69859,1.2417,1.27831,0.38724,1.26301,0.75407,0.74314,1.35008,1.28628,1.30319,0.49582,0.1916,0.63661,1.24397,0.84635,0.89068
40.26,1.3418,1.18377,0.76331,0.18282,1.38095,1,0.41643,0.71059,1.00161,1.23057,0.38307,1.22544,0.82578,0.06833,1.31777,1.3526,1.35742,1.33589,1.25999,0.77319,0.63787,1.3514,0.56949,1.16501,1.22017,0.39156,0.43953,0.49857,1.31997,1.33417,1.26104,0.72611,1.311,1.21689,0.47392,0.82737,1.21692,1.36586,0,1,1.35234,1.24981,0.99859,0.70367,1.32277,0.74265,1.17084,1.38263,0.47764,0.481,0.14932,0.30782,0.6588,1.259,1.27161,0.39429,1.27469,0.81528,0.79173,1.33598,1.26163,1.3095,0.41517,0.30029,0.59892,1.25386,0.52193,0.58351
40.28,1.3434,1.19078,0.74393,0.20656,1.38095,1,0.43354,0.72474,1.14411,1.23661,0.38669,1.22984,0.81366,0.04574,1.33388,1.35599,1.35986,1.34454,1.2725,0.74263,0.6645,1.34983,0.54133,1.11845,1.19173,0.5067,0.55037,0.48027,1.33001,1.3046,1.26933,0.7216,1.33547,1.25695,0.4635,0.81651,1.22646,1.36346,0,1,1.3501,1.2438,0.82821,0.6891,1.32209,0.7332,1.17849,1.38394,0.39063,0.45426,0.12925,0.25143,0.62189,1.27275,1.26243,0.40627,1.28272,0.88282,0.83709,1.31437,1.22808,1.3135,0.36059,0.45349,0.57243,1.25577,0.39465,0.45614
40.3,1.34527,1.19805,0.72815,0.24121,1.38095,1,0.44572,0.73596,1.20258,1.24249,0.40108,1.23199,0.81891,0.02912,1.34365,1.35764,1.36126,1.35033,1.28208,0.71734,0.69462,1.34743,0.52357,1.05541,1.16091,0.63636,0.67275,0.46975,1.33573,1.24156,1.2743,0.73104,1.34276,1.27047,0.45092,0.80468,1.23374,1.35975,0,1,1.34844,1.23881,0.71696,0.67425,1.31932,0.72848,1.17522,1.38487,0.32787,0.44036,0.1174,0.21016,0.59066,1.28273,1.25105,0.42387,1.28751,0.95264,0.87686,1.2804,1.18356,1.31572,0.32643,0.66794,0.55567,1.25174,0.34772,0.40706
40.32,1.34713,1.20667,0.71817,0.28585,1.38095,1,0.45159,0.74166,1.23103,1.24726,0.42269,1.23239,0.83721,0.01859,1.34938,1.35757,1.3616,1.35374,1.28861,0.7002,0.72544,1.34392,0.51667,0.98793,1.12967,0.77245,0.79861,0.46609,1.3384,1.04094,1.27662,0.75021,1.34336,1.27216,0.43801,0.78987,1.23814,1.35458,0,1,1.34762,1.23619,0.64772,0.66174,1.315,0.72759,1.16328,1.38545,0.28674,0.441,0.11447,0.18435,0.56767,1.28887,1.23814,0.44823,1.28932,1.03404,0.90984,1.22506,1.12676,1.31648,0.30968,0.96773,0.54762,1.24308,0.34363,0.40069
40.34,1.34876,1.21709,0.71556,0.33908,1.38095,1,0.45068,0.74,1.24443,1.25025,0.44788,1.23146,0.86462,0.01417,1.35222,1.35551,1.36081,1.35508,1.29214,0.69298,0.75415,1.33883,0.5211,0.95511,1.10018,0.90324,0.91732,0.46851,1.33854,0.82134,1.27665,0.77509,1.33989,1.26663,0.42628,0.77069,1.23927,1.34773,0,1,1.34775,1.23696,0.61053,0.65365,1.30971,0.72965,1.14367,1.38569,0.26491,0.45814,0.12123,0.17386,0.55461,1.29132,1.22477,0.4808,1.28816,1.10472,0.93588,1.1314,1.05881,1.31598,0.30874,1.23974,0.54754,1.23076,0.36676,0.42135
40.36,1.35005,1.22894,0.72102,0.39924,1.38095,1,0.44371,0.73067,1.24836,1.25123,0.47352,1.22956,0.89786,0.01578,1.35278,1.35087,1.35876,1.35449,1.29275,0.69595,0.77864,1.33147,0.53751,0.934,1.07429,1.02908,1.0327,0.47631,1.33634,0.70121,1.2746,0.80241,1.33296,1.25551,0.41668,0.74697,1.23691,1.33893,0,1,1.34872,1.24119,0.59897,0.65097,1.304,0.73382,1.1166,1.3856,0.26049,0.49386,0.13836,0.1785,0.55229,1.29032,1.21216,0.5231,1.28377,1.13858,0.95556,0.98545,0.99307,1.31434,0.32263,1.29452,0.55466,1.21559,0.40973,0.46116
40.38,1.35098,1.24128,0.7343,0.46428,1.37984,1,0.4325,0.71508,1.24518,1.25025,0.49717,1.22703,0.93412,0.02331,1.35127,1.3424,1.35531,1.35189,1.29045,0.70791,0.79779,1.32073,0.56676,0.92362,1.05312,1.12724,1.12112,0.4887,1.33176,0.62693,1.27066,0.82974,1.32228,1.23929,0.40964,0.71983,1.23095,1.32787,0.01508,1,1.35024,1.24794,0.60834,0.65366,1.29844,0.73926,1.08198,1.38519,0.27229,0.55008,0.16614,0.19848,0.56091,1.28616,1.20142,0.57631,1.27549,1.15287,0.96983,0.9179,0.96687,1.31168,0.35038,1.3159,0.56802,1.19835,0.46829,0.51537
40.4,1.35154,1.25296,0.75431,0.53136,1.37704,1,0.41962,0.69596,1.23595,1.24761,0.51727,1.22426,0.97071,0.03657,1.34762,1.32759,1.35037,1.34698,1.28505,0.7262,0.81148,1.30491,0.60988,0.92282,1.03697,1.16257,1.15468,0.50466,1.32471,0.58159,1.26504,0.85538,1.30708,1.21808,0.40533,0.69147,1.22143,1.31431,0.05166,1,1.35193,1.25571,0.63443,0.6608,1.29346,0.74514,1.04009,1.38446,0.29971,0.62758,0.2038,0.23441,0.58037,1.27936,1.19321,0.64049,1.26213,1.15391,0.97978,0.88286,0.95244,1.30813,0.39015,1.32622,0.58633,1.17992,0.53894,0.58006
40.42,1.35174,1.26306,0.77932,0.59691,1.37302,1,0.40774,0.67653,1.22129,1.24378,0.53321,1.22159,1.00989,0.05541,1.34145,1.30083,1.344,1.33913,1.27612,0.7471,0.82038,1.28128,0.66807,0.9305,1.02542,1.17457,1.16646,0.52303,1.31527,0.55635,1.25806,0.87832,1.28612,1.19209,0.40375,0.66455,1.2085,1.29829,0.10048,1,1.35344,1.2631,0.67281,0.67093,1.28933,0.75067,0.99624,1.38339,0.34281,0.72497,0.2489,0.2874,0.61042,1.27087,1.18761,0.71425,1.24151,1.14355,0.98646,0.86902,0.94648,1.30385,0.43861,1.33129,0.608,1.16117,0.61779,0.65117
40.44,1.3516,1.27097,0.80751,0.65726,1.3673,1,0.39892,0.65955,1.20172,1.23924,0.54525,1.21929,1.05842,0.07996,1.33185,1.2468,1.33652,1.32708,1.26277,0.76692,0.82558,1.24487,0.74281,0.94573,1.01756,1.17437,1.16652,0.54269,1.3038,0.54598,1.25007,0.89811,1.25783,1.16188,0.40489,0.64167,1.19234,1.2803,0.16325,1,1.35453,1.26916,0.71887,0.68254,1.28611,0.75534,0.97503,1.38194,0.40266,0.8383,0.29764,0.35957,0.65094,1.26199,1.18424,0.79496,1.2094,1.12065,0.99081,0.86927,0.94645,1.29904,0.49113,1.33325,0.63146,1.14293,0.70019,0.72426
40.46,1.35109,1.27634,0.83739,0.7095,1.359,1,0.39448,0.64702,1.17804,1.23445,0.55437,1.21745,1.08832,0.11087,1.31693,1.10404,1.32841,1.30827,1.24345,0.783,0.8283,1.18559,0.83542,0.96771,1.01229,1.16623,1.15886,0.56277,1.29111,0.54687,1.24141,0.91473,1.2206,1.12873,0.40878,0.62517,1.17305,1.26137,0.24298,1,1.35507,1.27343,0.768,0.69439,1.2836,0.75902,0.95913,1.38001,0.48174,0.96102,0.34582,0.4545,0.70186,1.25411,1.18244,0.87917,1.15718,1.08068,0.99364,0.87876,0.95038,1.29385,0.54244,1.33308,0.65531,1.12585,0.78085,0.79471
40.48,1.35021,1.27873,0.86772,0.75204,1.34615,1,0.39507,0.64037,1.15179,1.22978,0.56211,1.21595,1.10619,0.14933,1.29259,0.87507,1.3202,1.27713,1.21571,0.79423,0.8297,1.08061,0.94529,0.99554,1.00857,1.15219,1.14547,0.58253,1.27852,0.55603,1.23252,0.92842,1.17352,1.09474,0.41546,0.61753,1.15071,1.24291,0.34548,1,1.355,1.27562,0.81548,0.70551,1.28142,0.76199,0.94831,1.37745,0.58367,1.11298,0.39028,0.57696,0.76246,1.24822,1.18152,0.96235,1.06575,1.01321,0.9956,0.89397,0.95674,1.28846,0.58742,1.33135,0.67833,1.1104,0.85443,0.85818
40.5,1.34893,1.27742,0.89742,0.78471,1.3236,1,0.40098,0.64081,1.12587,1.22559,0.57041,1.2145,1.11548,0.19704,1.24909,0.75743,1.31217,1.22025,1.17613,0.80101,0.83079,0.95298,1.09628,1.04828,1.00566,1.13356,1.12762,0.60131,1.26775,0.57053,1.2239,0.9395,1.11806,1.06277,0.42503,0.62174,1.12557,1.22633,0.48199,1,1.35428,1.27548,0.85651,0.71522,1.27904,0.76483,0.94222,1.37399,0.71232,1.18341,0.43016,0.73122,0.83044,1.24448,1.18079,1.06302,0.95767,0.95935,0.99711,0.91218,0.96433,1.28305,0.622,1.32849,0.69931,1.09684,0.9163,0.91116
40.52,1.34719,1.27104,0.9255,0.80875,1.27284,1,0.41232,0.64946,1.10447,1.2221,0.58129,1.21272,1.11804,0.25635,1.15658,0.69026,1.30406,1.09686,1.12051,0.80503,0.83248,0.88823,1.17952,1.09327,1.00316,1.11146,1.10642,0.61853,1.26038,0.58747,1.21617,0.94836,1.06006,1.03586,0.43758,0.64146,1.09808,1.2125,0.67536,1,1.35287,1.27261,0.88673,0.72306,1.27584,0.76827,0.94049,1.36918,0.87089,1.21414,0.46722,0.91764,0.9014,1.2422,1.17965,1.12755,0.89643,0.91319,0.9984,0.93129,0.97224,1.27782,0.64385,1.32497,0.7171,1.08522,0.96336,0.95148
40.54,1.34493,1.25698,0.95139,0.82681,1.04336,1,0.42926,0.66746,1.0918,1.2194,0.59651,1.21028,1.1148,0.33087,0.94872,0.65872,1.29504,0.92014,1.04485,0.80871,0.83554,0.85023,1.21509,1.12798,1.00092,1.08719,1.08313,0.63384,1.25728,0.60441,1.20994,0.95542,1.00981,1.01628,0.45324,0.68104,1.0688,1.20103,0.97612,1,1.35067,1.26638,0.90326,0.729,1.27122,0.77291,0.94268,1.36215,1.09142,1.22683,0.50508,1.14738,0.96953,1.24006,1.17756,1.1572,0.85682,0.8703,0.99954,0.94969,0.97979,1.27293,0.65263,1.32124,0.73078,1.07544,0.99466,0.97865
40.56,1.34208,1.22953,0.97494,0.84278,0.70978,1,0.45215,0.69583,1.09002,1.21735,0.61727,1.20702,1.10617,0.42621,0.81575,0.65608,1.28381,0.82851,0.97754,0.81479,0.84065,0.83302,1.22905,1.15488,0.9995,1.06233,1.05929,0.64729,1.25833,0.61977,1.20569,0.96112,0.98947,1.00481,0.47209,0.74574,1.03806,1.19,1.25989,1,1.34754,1.25576,0.90551,0.73343,1.26459,0.77901,0.94832,1.35108,1.21717,1.22785,0.54797,1.22991,1.04943,1.23644,1.17403,1.16913,0.83772,0.83144,1.001,0.96625,0.98653,1.26845,0.64969,1.31765,0.73981,1.06718,1.02143,0.99381
40.58,1.33857,1.17391,0.99643,0.86152,0.51891,1,0.48131,0.73536,1.09792,1.2156,0.64395,1.20298,1.09233,0.5505,0.72024,0.68066,1.26849,0.77621,0.94551,0.82632,0.84835,0.83146,1.22907,1.17594,0.99886,1.03873,1.0367,0.65918,1.26254,0.63308,1.20369,0.96585,0.98488,1.00052,0.49401,0.84181,1.00581,1.17583,1.31603,1,1.34325,1.23908,0.89539,0.73718,1.2555,0.78637,0.95679,1.3314,1.26518,1.21811,0.59992,1.25951,1.10385,1.22921,1.16854,1.17016,0.83768,0.79677,1.00228,0.98019,0.99215,1.26433,0.63758,1.31436,0.74398,1.06005,1.03016,0.99933
40.6,1.33436,1.03779,1.02986,0.88864,0.3951,1,0.51693,0.78622,1.11177,1.21359,0.67587,1.19846,1.07346,0.71427,0.64864,0.73496,1.24631,0.75531,0.92773,0.84664,0.85905,0.84053,1.21622,1.19255,0.99878,1.01838,1.01742,0.67001,1.26855,0.64493,1.20397,0.96991,0.98744,1.00141,0.51849,0.97609,0.98685,1.1526,1.3388,1,1.33747,1.21358,0.87676,0.74141,1.24367,0.79434,0.96735,1.2886,1.29043,1.19431,0.66427,1.26921,1.12821,1.21521,1.16058,1.16403,0.85536,0.76625,1.00245,0.99103,0.99645,1.26043,0.61955,1.31129,0.7434,1.05373,1.02533,0.9982
40.62,1.32948,0.89026,1.05856,0.93016,0.31335,1,0.55907,0.84806,1.12746,1.21067,0.71146,1.19399,1.04988,0.92991,0.59262,0.82655,1.21245,0.76265,0.92252,0.87915,0.87308,0.85518,1.18639,1.20574,0.99952,1.00309,1.00337,0.68034,1.27506,0.65662,1.20639,0.97348,0.99391,1.00515,0.54474,1.16437,0.97234,1.1089,1.35049,1,1.32974,1.17422,0.85415,0.74746,1.22908,0.80201,0.97914,1.13806,1.30608,1.14512,0.74378,1.26592,1.13471,1.18871,1.14952,1.15361,0.88963,0.73971,1.00097,0.99854,0.99934,1.25659,0.59891,1.30812,0.73836,1.048,1.01263,0.99336
40.64,1.32393,0.78362,1.08205,0.99212,0.26011,1,0.60805,0.92052,1.14206,1.20611,0.7489,1.19008,1.0219,1.19072,0.54683,0.97097,1.15664,0.7978,0.92837,0.92673,0.89075,0.8709,1.1256,1.21633,1.00255,0.99702,0.99791,0.69068,1.28108,0.6697,1.21063,0.97669,1.00354,1.00986,0.57213,1.24043,0.95882,1.01547,1.35704,1,1.31927,1.11021,0.83152,0.75668,1.21186,0.80851,0.99144,0.78265,1.31691,1.03125,0.84124,1.24832,1.12739,1.13703,1.13447,1.14169,0.93973,0.71673,0.99871,1.00552,1.00163,1.25261,0.57869,1.30439,0.72929,1.04271,0.9981,0.9872
40.66,1.31761,0.69908,1.10222,1.10956,0.22701,1,0.6648,1.00694,1.15399,1.19915,0.78671,1.18713,0.995,1.26654,0.50792,1.18545,1.05147,0.86172,0.94358,0.9908,0.91233,0.88437,0.99298,1.22504,1.00806,0.9956,0.99736,0.70141,1.28595,0.68555,1.21632,0.97958,1.01779,1.01435,0.60049,1.27756,0.94576,0.92757,1.36077,1,1.30453,0.99683,0.81176,0.77022,1.19212,0.81331,1.00732,0.60113,1.325,0.90808,0.9599,1.20579,1.10668,1.02345,1.11414,1.1308,1.0095,0.6966,0.99587,1.00811,1.00206,1.24832,0.56152,1.2996,0.71676,1.03784,0.99015,0.98124
40.68,1.3103,0.63327,1.12008,1.18472,0.20869,1,0.73065,1.12451,1.1625,1.18893,0.82381,1.18532,0.97946,1.29659,0.47405,1.2666,0.93548,0.95482,0.96589,1.09929,0.93791,0.89376,0.8954,1.23243,1.01514,0.99663,0.99942,0.71264,1.28912,0.70512,1.22297,0.98212,1.02906,1.0181,0.63012,1.29876,0.9329,0.84592,1.36273,1,1.28251,0.92333,0.7969,0.78903,1.16998,0.81621,1.0288,0.49331,1.33134,0.80508,1.12874,1.09725,1.07108,0.91677,1.0868,1.1228,1.11251,0.67853,0.99212,1.00625,1.00046,1.24368,0.54991,1.2932,0.70148,1.03347,0.9835,0.9762
40.7,1.30156,0.58325,1.13604,1.23028,0.20164,1,0.80707,1.1859,1.16716,1.17443,0.85939,1.18461,0.96529,1.31119,0.4446,1.30456,0.85815,1.10334,0.99205,1.1639,0.96718,0.89874,0.8124,1.23895,1.023,0.99931,1.00634,0.7241,1.29004,0.72889,1.2301,0.98416,1.03784,1.02114,0.66172,1.31182,0.92021,0.77168,1.36347,1,1.24656,0.86011,0.78848,0.81374,1.14557,0.81734,1.04682,0.42907,1.33639,0.71373,1.21052,0.91071,1.01883,0.83629,1.05009,1.11841,1.17178,0.66184,0.98781,1.0013,0.99874,1.23874,0.54647,1.28465,0.68433,1.02989,0.97809,0.97207
40.72,1.29065,0.54671,1.15031,1.25804,0.20329,1,0.8957,1.22259,1.16764,1.1542,0.89288,1.18476,0.95264,1.31814,0.41969,1.32548,0.79808,1.18862,1.03208,1.199,0.99967,0.90024,0.74774,1.24487,1.03075,1.00553,1.01505,0.73532,1.28806,0.75711,1.23727,0.98544,1.04545,1.02387,0.6963,1.3201,0.90772,0.71095,1.3633,1,1.17853,0.80688,0.7876,0.8448,1.1191,0.81711,1.06178,0.39502,1.34038,0.63696,1.24994,0.79292,0.97881,0.77813,1.00056,1.11707,1.20701,0.64596,0.98342,0.99738,0.99695,1.2337,0.55382,1.27316,0.66622,1.02763,0.97321,0.96831
40.74,1.27626,0.52169,1.1633,1.27473,0.2113,1,0.99911,1.2463,1.16365,1.12593,0.92407,1.18538,0.94159,1.32011,0.39983,1.33805,0.7546,1.22787,1.06175,1.21578,1.05841,0.89988,0.70284,1.25039,1.03758,1.01231,1.02325,0.74586,1.28233,0.79031,1.24414,0.98556,1.05363,1.02692,0.73524,1.32525,0.89531,0.66619,1.36246,1,1.00251,0.76286,0.79485,0.88268,1.09065,0.81612,1.07406,0.38489,1.34338,0.57527,1.27118,0.71425,0.95639,0.74527,0.97151,1.1174,1.22746,0.63054,0.97942,0.99407,0.99519,1.22877,0.57438,1.25736,0.64794,1.02741,0.96778,0.9641
40.76,1.25601,0.50644,1.17556,1.28428,0.22292,1,1.14314,1.26245,1.15498,1.08564,0.95314,1.18596,0.93221,1.31793,0.38569,1.34594,0.72669,1.24543,1.07287,1.21916,1.10353,0.89957,0.67808,1.25559,1.04288,1.01794,1.02984,0.75552,1.27156,0.8297,1.25054,0.98402,1.0641,1.03098,0.78027,1.3282,0.88253,0.63701,1.36122,1,0.8581,0.72691,0.81006,0.92785,1.06009,0.8152,1.08396,0.39607,1.34542,0.52784,1.28257,0.67131,0.94718,0.73817,0.94309,1.11767,1.23761,0.61542,0.97623,0.99125,0.99372,1.22409,0.61016,1.23442,0.63011,1.03014,0.96051,0.95841
40.78,1.22522,0.49946,1.1877,1.28897,0.2342,1,1.21139,1.27381,1.1417,1.02649,0.98038,1.18587,0.9246,1.31136,0.37838,1.35089,0.71355,1.24905,1.06242,1.21031,1.13927,0.90143,0.67427,1.26045,1.04611,1.02184,1.03418,0.76429,1.25378,0.87715,1.25629,0.98023,1.07829,1.03677,0.83318,1.32951,0.86873,0.62155,1.35998,1,0.74234,0.69792,0.8321,0.98043,1.02704,0.81534,1.09166,0.42825,1.34645,0.49371,1.28744,0.66174,0.95585,0.75641,0.91488,1.11601,1.23911,0.60073,0.97424,0.98925,0.99273,1.21969,0.66228,1.1981,0.61332,1.03674,0.95004,0.95017
40.8,1.17361,0.4995,1.20017,1.29019,0.23984,1,1.25094,1.2819,1.12446,0.97305,1.01164,1.18439,0.91902,1.29911,0.37963,1.35372,0.71505,1.23932,1.01774,1.18702,1.16838,0.90765,0.69372,1.26484,1.04677,1.02374,1.03588,0.7723,1.22596,0.93519,1.26125,0.97353,1.09697,1.04491,0.89542,1.3295,0.8532,0.6174,1.35936,1,0.64719,0.67508,0.85859,1.06458,0.99565,0.8177,1.09713,0.48286,1.34628,0.47243,1.2869,0.6869,0.98864,0.79945,0.88676,1.11031,1.23128,0.58699,0.97383,0.98827,0.99234,1.21554,0.73015,1.13226,0.59825,1.04791,0.93508,0.93832
40.82,1.0722,0.50564,1.21312,1.28872,0.23427,1,1.27653,1.28758,1.10482,0.93456,1.05141,1.18068,0.91575,1.27801,0.39186,1.35477,0.73185,1.20857,0.95832,1.14189,1.19254,0.92003,0.74114,1.26859,1.04439,1.02356,1.03478,0.77978,1.18347,1.01341,1.26528,0.96331,1.1199,1.05579,0.96818,1.32835,0.83538,0.6224,1.35998,1,0.56838,0.65777,0.88625,1.13004,0.97887,0.8235,1.10027,0.56329,1.34454,0.46411,1.28058,0.75556,1.08394,0.86696,0.85876,1.09845,1.2102,0.57485,0.9753,0.98836,0.99259,1.21154,0.81058,0.99002,0.58557,1.0639,0.91456,0.92196
40.84,0.9348,0.51744,1.22636,1.28476,0.21427,1,1.29427,1.29144,1.08499,0.89981,1.08119,1.17382,0.91503,1.24008,0.41838,1.35415,0.76551,1.11861,0.8865,1.05414,1.21279,0.93918,0.82459,1.27159,1.03871,1.02138,1.03086,0.78697,1.11938,1.12415,1.2683,0.94908,1.14589,1.0695,1.08092,1.32608,0.81508,0.63546,1.36214,1,0.50271,0.64534,0.91177,1.17251,0.96392,0.83387,1.10095,0.67613,1.34058,0.46908,1.26629,0.89346,1.17348,0.95921,0.83104,1.0786,1.1642,0.5649,0.97875,0.9895,0.99349,1.20759,0.89765,0.8811,0.5758,1.08424,0.88786,0.90049
40.86,0.8392,0.53502,1.23944,1.27774,0.18092,1,1.30715,1.29393,1.06728,0.86901,1.10446,1.16275,0.91697,1.16014,0.46388,1.3517,0.81844,0.89651,0.79866,0.94808,1.22975,0.96364,0.95713,1.27376,1.02979,1.01743,1.02436,0.7941,1.02507,1.18968,1.27029,0.93066,1.17311,1.08569,1.16139,1.32255,0.79261,0.6573,1.36557,1,0.44776,0.63703,0.93276,1.20167,0.95045,0.8497,1.0991,0.83351,1.33313,0.48778,1.23813,1.17409,1.23766,1.10654,0.80405,1.05018,1.05299,0.55754,0.98397,0.99151,0.99495,1.20355,0.9828,0.78132,0.56925,1.10773,0.85498,0.87379
40.88,0.75741,0.55901,1.2517,1.26588,0.13911,1,1.31676,1.29541,1.05344,0.84198,1.12325,1.14616,0.92147,0.96314,0.53534,1.34705,0.89374,0.70202,0.70186,0.87356,1.24373,0.98907,1.16591,1.27505,1.0183,1.0122,1.01593,0.80131,0.96078,1.23182,1.27123,0.90829,1.19959,1.10362,1.20925,1.31742,0.76893,0.69083,1.36958,1,0.40198,0.63197,0.94811,1.2226,0.93816,0.87151,1.09475,1.08506,1.3194,0.52055,1.17878,1.28998,1.28132,1.19369,0.77861,1.01623,0.90894,0.55309,0.99041,0.99413,0.99676,1.19935,1.08336,0.69243,0.56609,1.13268,0.81678,0.84236
40.9,0.68882,0.5905,1.26252,1.24483,0.095,1,1.32393,1.29618,1.04407,0.81853,1.13868,1.12236,0.9283,0.82058,0.64394,1.33947,0.99475,0.52319,0.60382,0.812,1.25479,1.01509,1.2519,1.27542,1.00566,1.00642,1.0067,0.80859,0.93191,1.26004,1.27112,0.88273,1.22374,1.12223,1.2401,1.31006,0.74553,0.74171,1.37348,1,0.36469,0.62927,0.958,1.23808,0.92697,0.89939,1.08795,1.23851,1.29186,0.56728,1.01423,1.3344,1.31071,1.23812,0.75599,0.99401,0.80052,0.55181,0.99711,0.99695,0.99867,1.19498,1.12741,0.61623,0.56647,1.15728,0.77497,0.80747
40.92,0.63308,0.63103,1.27148,1.20287,0.05327,1,1.32916,1.29647,1.03869,0.79864,1.15126,1.0888,0.93717,0.71163,0.80978,1.32763,1.14542,0.37039,0.51118,0.7653,1.26301,1.02094,1.2908,1.27479,0.99706,1.001,0.9991,0.81592,0.92813,1.27933,1.26989,0.8554,1.24447,1.14029,1.26076,1.29939,0.72411,0.81936,1.37691,1,0.33567,0.62827,0.96353,1.24963,0.91697,0.93308,1.07879,1.28954,1.22084,0.62739,0.8572,1.35649,1.33061,1.26275,0.73754,0.99157,0.71206,0.554,1.00585,0.99953,1.00071,1.19044,1.13241,0.55345,0.57057,1.1799,0.73213,0.77117
40.94,0.58956,0.6825,1.27839,1.09545,0.01619,1,1.33274,1.29634,1.0362,0.78259,1.16122,1.04113,0.94787,0.62885,1.10424,1.30875,1.21696,0.24791,0.4287,0.73387,1.26852,0.99274,1.31146,1.27306,0.99305,0.99838,0.996,0.82342,0.95424,1.29278,1.26745,0.82842,1.26119,1.15652,1.27475,1.28341,0.70609,0.93926,1.37976,1,0.31479,0.62873,0.96605,1.25807,0.90844,0.97229,1.06717,1.31424,0.92602,0.70035,0.73427,1.36887,1.34422,1.27634,0.72427,1.0109,0.64429,0.55993,1.01361,1.00301,1.00312,1.18565,1.09436,0.50315,0.57857,1.19924,0.69153,0.73629
40.96,0.55748,0.74692,1.28328,0.89384,0,1,1.33487,1.29565,1.03549,0.77108,1.1685,0.98671,0.96037,0.56638,1.26287,1.27613,1.25658,0.15532,0.35942,0.71713,1.27152,0.95293,1.32338,1.27013,0.99123,0.9971,0.9944,0.8315,1.038,1.30242,1.26367,0.80466,1.27359,1.16963,1.28406,1.25827,0.69248,1.14771,1.38095,1,0.30196,0.63112,0.96676,1.26369,0.90183,1.03061,1.05275,1.32829,0.67714,0.78619,0.63589,1.37623,1.35355,1.2828,0.71672,1.06308,0.59484,0.56978,1.01705,1.00538,1.00435,1.18031,0.9732,0.46308,0.59071,1.21425,0.65711,0.70639
40.98,0.53633,0.82555,1.28617,0.73873,0,1,1.33561,1.29405,1.03573,0.76537,1.17277,0.9509,0.97478,0.52013,1.31179,1.20934,1.28077,0.08993,0.30551,0.71404,1.27218,0.89847,1.3305,1.26591,0.9915,0.99663,0.99426,0.84079,1.16287,1.30963,1.25836,0.78784,1.28126,1.17819,1.2898,1.21574,0.68408,1.24902,1.38095,1,0.29741,0.63659,0.96652,1.26636,0.89779,1.09574,1.03491,1.33692,0.50568,0.88536,0.55884,1.38067,1.35979,1.28394,0.71502,1.11866,0.56041,0.58357,1.01652,1.00623,1.00446,1.17393,0.84221,0.43059,0.6071,1.22391,0.63363,0.68595
41,0.52622,0.91747,1.28699,0.60702,0,1,1.33488,1.29092,1.03643,0.76734,1.17333,0.91712,0.9912,0.48758,1.33483,1.0069,1.29613,0.04887,0.26878,0.72342,1.27057,0.83953,1.33475,1.26033,0.9934,0.99682,0.99525,0.85214,1.24312,1.31535,1.25137,0.78255,1.28337,1.18045,1.29243,1.13566,0.68164,1.29552,1.38095,1,0.30187,0.64703,0.96581,1.26545,0.89725,1.14119,1.01276,1.34227,0.38493,0.998,0.50069,1.38319,1.36362,1.28043,0.71913,1.16471,0.53779,0.60111,1.01294,1.0059,1.0037,1.16577,0.69005,0.40314,0.62773,1.2268,0.62686,0.68043
41.02,0.5278,1.03262,1.28558,0.50032,0,1,1.33241,1.28529,1.0373,0.77918,1.16913,0.88647,1.01847,0.4673,1.34769,0.82853,1.3058,0.03005,0.25073,0.74416,1.26661,0.78539,1.33714,1.25334,0.9962,0.99739,0.99688,0.86634,1.2925,1.32016,1.24246,0.79355,1.27817,1.1741,1.29203,0.9796,0.6858,1.3209,1.38095,1,0.31672,0.66486,0.96493,1.25977,0.90124,1.17351,0.99284,1.34535,0.29921,1.1439,0.45952,1.38428,1.3654,1.27211,0.72895,1.19814,0.52424,0.62203,1.00753,1.00485,1.00243,1.15493,0.53711,0.37879,0.6525,1.22071,0.64331,0.69581
41.04,0.5421,1.14048,1.28177,0.41669,0,1,1.32769,1.27567,1.03812,0.80298,1.15874,0.85968,1.05196,0.45831,1.35553,0.70753,1.3115,0.03295,0.25267,0.77522,1.26001,0.74149,1.33828,1.24488,0.99925,0.99811,0.99869,0.88391,1.323,1.32435,1.23131,0.82489,1.26178,1.15571,1.28826,0.88462,0.69676,1.33614,1.38095,1,0.344,0.69286,0.96411,1.24722,0.91063,1.19676,0.97815,1.34666,0.23832,1.20675,0.43337,1.38411,1.36521,1.25801,0.74444,1.22068,0.51758,0.64594,1.00151,1.00353,1.00102,1.14045,0.39937,0.35656,0.68134,1.20158,0.68999,0.73809
41.06,0.57037,1.18722,1.27542,0.353,0,1,1.31979,1.25946,1.03852,0.84018,1.14005,0.83703,1.08199,0.45979,1.36051,0.62514,1.31426,0.05986,0.27642,0.81541,1.25021,0.70957,1.33851,1.23482,1.00406,0.99881,1.00076,0.90478,1.34212,1.32797,1.2174,0.87904,1.22391,1.11944,1.28041,0.8221,0.714,1.3458,1.38095,1,0.38656,0.734,0.9637,1.22387,0.92592,1.21362,0.96271,1.34645,0.1954,1.2393,0.4201,1.38253,1.36285,1.23606,0.76566,1.23505,0.51624,0.67252,0.99794,1.00222,0.99985,1.12152,0.28532,0.3365,0.71432,1.16054,0.77464,0.81286
41.08,0.61389,1.20657,1.26668,0.30669,0,1,1.30711,1.2315,1.03803,0.89111,1.10983,0.81861,1.10847,0.47096,1.3637,0.57454,1.3148,0.11722,0.32475,0.86276,1.23628,0.68905,1.33803,1.22308,1.00854,0.99944,1.00355,0.92795,1.35424,1.33089,1.20008,0.95535,1.13013,1.05462,1.26713,0.79005,0.73583,1.35199,1.38095,1,0.44797,0.7914,0.96419,1.18142,0.94708,1.22579,0.94685,1.34481,0.16605,1.25634,0.41747,1.37888,1.35765,1.20278,0.79256,1.24352,0.5191,0.70122,0.99562,1.00105,0.9993,1.09791,0.19726,0.31976,0.75136,1.07553,0.90453,0.92375
41.1,0.67364,1.2067,1.25637,0.2764,0,1,1.28661,1.17933,1.03603,0.9541,1.06288,0.80454,1.13125,0.49099,1.3656,0.5546,1.31364,0.21648,0.4012,0.91374,1.2169,0.67825,1.33694,1.20978,1.01189,1.00003,1.00573,0.95127,1.36185,1.33284,1.17868,1.07408,0.93226,0.97542,1.24607,0.78983,0.75915,1.35571,1.38095,1,0.53235,0.86819,0.96622,1.09986,0.97338,1.23429,0.93109,1.34174,0.14772,1.26254,0.42313,1.37153,1.34812,1.15306,0.82486,1.24776,0.52541,0.73114,0.99385,0.99999,0.99886,1.07084,0.1339,0.30827,0.79193,0.9557,1.11025,1.09701
41.12,0.75031,1.18418,1.24629,0.26165,0,1,1.25197,1.06201,1.03171,1.04405,0.99528,0.79488,1.1503,0.51922,1.36649,0.56845,1.31121,0.37336,0.50941,0.96354,1.18996,0.6751,1.3353,1.19525,1.0143,1.00119,1.00746,0.97186,1.36643,1.33352,1.15254,1.15453,0.81032,0.92867,1.21278,0.82675,0.77972,1.35744,1.38095,1,0.64433,0.96778,0.97051,0.96623,1.00679,1.23978,0.91607,1.33707,0.13904,1.25826,0.43471,1.35614,1.33093,1.0805,0.86199,1.24897,0.5347,0.761,0.99257,0.99944,0.99851,1.0436,0.09219,0.30422,0.83504,0.88413,1.21643,1.19627
41.14,0.84465,1.11566,1.23904,0.26245,0,1,1.18688,0.90856,1.02416,1.12602,0.95413,0.78946,1.1659,0.55561,1.36646,0.62312,1.30786,0.60161,0.65306,1.01473,1.15184,0.67771,1.33311,1.18001,1.01605,1.00249,1.00895,0.98706,1.36888,1.33265,1.12094,1.1904,0.7358,0.89724,1.15764,0.9114,0.79333,1.35735,1.38095,1,0.78956,1.12256,0.97786,0.88256,1.05897,1.24273,0.90228,1.33042,0.13932,1.24002,0.45024,1.3184,1.29731,0.9898,0.9034,1.24797,0.54669,0.78957,0.99163,0.99883,0.99821,1.02107,0.06865,0.30942,0.87961,0.83899,1.2549,1.23494
41.16,0.95764,0.95045,1.23698,0.27918,0,1,1.033,0.79839,1.01224,1.17112,0.91742,0.78775,1.17851,0.60126,1.36555,0.73082,1.30379,0.89544,0.83629,1.07026,1.09569,0.68459,1.33034,1.16458,1.01738,1.00401,1.01036,0.99537,1.36974,1.32997,1.08293,1.2026,0.70213,0.88272,1.05572,1.09235,0.79704,1.35538,1.38095,1,0.97486,1.20665,0.98904,0.81908,1.09707,1.24365,0.88998,1.32083,0.14825,1.19624,0.4684,1.17518,1.21413,0.94508,0.94854,1.24529,0.56124,0.81598,0.99091,0.9981,0.99792,1.00775,0.06024,0.32512,0.92465,0.82089,1.26864,1.24871
41.18,1.11808,0.81232,1.24094,0.31241,0,1,0.88569,0.70674,0.9973,1.19701,0.8873,0.7888,1.18857,0.65857,1.36374,0.90988,1.29906,1.19121,1.09366,1.10358,1.00788,0.69466,1.32693,1.14946,1.01848,1.00573,1.01179,0.99676,1.36928,1.32521,1.03754,1.19781,0.70309,0.88436,0.94078,1.22411,0.78986,1.35126,1.38095,1,1.18844,1.25139,1.00924,0.77427,1.12378,1.24309,0.87931,1.30631,0.1657,1.08652,0.48862,0.78833,0.92855,0.91225,0.99659,1.24126,0.57816,0.83973,0.99031,0.99728,0.99763,1.00545,0.06475,0.35186,0.96911,0.82819,1.26827,1.24726
41.2,1.20059,0.69017,1.24982,0.36236,0.04196,1,0.79174,0.63299,0.9858,1.21108,0.86596,0.79131,1.19642,0.73159,1.36095,1.17669,1.29357,1.2596,1.23088,1.12817,0.94975,0.70709,1.32287,1.13515,1.01948,1.00754,1.01327,0.99255,1.36767,1.31813,0.99256,1.17625,0.73345,0.89983,0.86611,1.28076,0.77274,1.34447,1.3778,1,1.25498,1.278,1.04466,0.74662,1.14067,1.24173,0.8704,1.28215,0.19148,0.91536,0.51096,0.63216,0.73092,0.88425,1.07272,1.2361,0.59715,0.86047,0.98976,0.99641,0.99732,1.01236,0.08043,0.3892,1.02162,0.8581,1.25592,1.23225
41.22,1.24101,0.59183,1.26147,0.42811,0.15227,1,0.72839,0.57627,0.97183,1.21658,0.85565,0.79384,1.20229,0.82662,1.35708,1.26264,1.28707,1.28848,1.27739,1.15135,0.90386,0.72124,1.31812,1.12213,1.02049,1.00928,1.01478,0.98479,1.36498,1.30854,0.96912,1.13276,0.78823,0.92575,0.808,1.30974,0.74793,1.33425,1.36835,1,1.28338,1.29459,1.0805,0.73509,1.1483,1.24035,0.86337,1.2347,0.22528,0.81234,0.53598,0.53643,0.6063,0.85425,1.12239,1.22997,0.6178,0.87805,0.9892,0.99556,0.99701,1.02458,0.10572,0.43565,1.07777,0.90685,1.22923,1.20052
41.24,1.26353,0.51736,1.27391,0.50704,0.33272,1,0.68997,0.53509,0.95534,1.21475,0.85854,0.79506,1.20635,0.95359,1.35195,1.29146,1.27915,1.30984,1.30046,1.17611,0.86641,0.73661,1.31265,1.11075,1.02157,1.01083,1.01627,0.97551,1.36124,1.2963,0.95064,1.05325,0.86225,0.95829,0.7647,1.3261,0.71792,1.31952,1.34791,1,1.29685,1.30503,1.1152,0.73897,1.1462,1.23967,0.8583,1.10205,0.26706,0.75064,0.56451,0.44725,0.52191,0.81749,1.15486,1.22298,0.63976,0.8925,0.98861,0.9948,0.99669,1.03839,0.13923,0.48893,1.1125,0.96975,1.18011,1.142
41.26,1.27678,0.46306,1.28589,0.59375,0.64682,1,0.67202,0.50758,0.93622,1.20559,0.87681,0.79403,1.20877,1.14766,1.34518,1.29979,1.26929,1.32789,1.31386,1.20203,0.8368,0.7528,1.30639,1.10116,1.02277,1.01212,1.01771,0.96624,1.35641,1.28131,0.93677,0.96201,0.94916,0.99354,0.73394,1.33594,0.6849,1.29914,1.28243,1,1.30241,1.31137,1.14787,0.75771,1.13227,1.24024,0.8552,0.85179,0.31723,0.72798,0.59737,0.35506,0.46279,0.77248,1.1767,1.2152,0.66278,0.90407,0.98794,0.99417,0.99639,1.05138,0.17987,0.54641,1.13453,1.06586,1.08794,1.03063
41.28,1.28465,0.42447,1.2967,0.6783,1.21226,1,0.67077,0.492,0.91439,1.18812,0.91295,0.79026,1.20965,1.23769,1.33617,1.29458,1.2569,1.34176,1.32199,1.22698,0.81414,0.76934,1.29926,1.09336,1.02411,1.01312,1.01909,0.958,1.3504,1.26373,0.927,0.90609,1.06413,1.04709,0.71335,1.34209,0.65085,1.27311,0.80667,1,1.30278,1.31476,1.17789,0.79049,1.10127,1.2423,0.85406,0.68216,0.37674,0.74245,0.63497,0.27022,0.42237,0.72111,1.19156,1.2068,0.68661,0.91309,0.98719,0.99367,0.99609,1.06232,0.22671,0.60496,1.14836,1.13494,0.96049,0.93509
41.3,1.28916,0.39756,1.30603,0.74514,1.32014,1,0.68273,0.48701,0.89001,1.16032,0.97013,0.78374,1.20904,1.28113,1.32389,1.27208,1.24145,1.35105,1.32643,1.24895,0.79761,0.78558,1.29125,1.08729,1.02561,1.01386,1.02036,0.9514,1.34311,1.24429,0.92082,0.86841,1.14073,1.08313,0.70064,1.34602,0.61753,1.24612,0.4993,1,1.29914,1.31582,1.20483,0.83579,1.04003,1.24577,0.85485,0.55234,0.44671,0.79449,0.67693,0.20479,0.39858,0.66744,1.20152,1.19804,0.71077,0.91988,0.98635,0.9933,0.99582,1.07068,0.27866,0.66074,1.1565,1.16955,0.89349,0.87812
41.32,1.2915,0.379,1.31381,0.77696,1.34608,1,0.70452,0.49176,0.86343,1.11876,1.08099,0.77482,1.20692,1.30576,1.30659,1.20674,1.22252,1.35624,1.32769,1.26699,0.7865,0.80081,1.28243,1.08285,1.02721,1.01438,1.02147,0.94676,1.33442,1.22465,0.91772,0.85194,1.17158,1.10126,0.69378,1.34859,0.58637,1.23048,0.346,1,1.29202,1.31482,1.22848,0.8914,0.96403,1.25033,0.85758,0.45404,0.52853,0.88806,0.72213,0.16466,0.39162,0.61584,1.20785,1.18933,0.73464,0.92473,0.98545,0.99304,0.99558,1.07637,0.33446,0.70941,1.1604,1.18253,0.85699,0.84662
41.34,1.29241,0.36616,1.32019,0.76409,1.35826,1,0.73296,0.50587,0.83512,1.05703,1.17063,0.76414,1.2032,1.32102,1.28076,0.94571,1.19962,1.35794,1.32569,1.28115,0.78015,0.81452,1.2729,1.07985,1.02884,1.0147,1.02236,0.94418,1.32423,1.20734,0.91725,0.85766,1.17833,1.10535,0.69104,1.3503,0.55821,1.23706,0.24954,1,1.28161,1.31175,1.24889,0.95501,0.89983,1.25554,0.86225,0.38018,0.62423,1.05565,0.76934,0.15091,0.40264,0.56941,1.21134,1.18104,0.7577,0.92795,0.98452,0.99288,0.99538,1.07946,0.39278,0.74708,1.16099,1.17816,0.84799,0.83922
41.36,1.2924,0.35705,1.32537,0.71168,1.36588,1,0.76521,0.52939,0.80577,0.98276,1.22621,0.75255,1.19771,1.33103,1.23831,0.71166,1.17194,1.35633,1.3199,1.29193,0.77793,0.82662,1.26271,1.078,1.03037,1.01483,1.02299,0.9436,1.31238,1.19504,0.91896,0.88399,1.16876,1.09822,0.69108,1.35148,0.53332,1.2605,0.17777,1,1.268,1.30639,1.26623,1.04357,0.83407,1.2609,0.86888,0.32484,0.73704,1.20494,0.81777,0.16396,0.43312,0.52986,1.21254,1.17334,0.77972,0.92991,0.98364,0.99282,0.99525,1.08015,0.45247,0.77133,1.15886,1.15615,0.86063,0.85204
41.38,1.2918,0.35025,1.32955,0.63681,1.37149,1,0.79846,0.56248,0.77639,0.93671,1.26216,0.74116,1.19025,1.3378,1.15616,0.54062,1.13804,1.35087,1.30918,1.29983,0.77924,0.8374,1.25183,1.07693,1.03163,1.01477,1.02327,0.9448,1.29872,1.18945,0.92239,0.92542,1.14924,1.08361,0.69286,1.35234,0.51174,1.28681,0.11794,1,1.25138,1.29823,1.28067,1.12698,0.77071,1.2659,0.87744,0.28375,0.8714,1.26673,0.86716,0.20615,0.48442,0.4982,1.21183,1.16617,0.80065,0.93104,0.98291,0.99285,0.99519,1.07872,0.51246,0.78175,1.15447,1.1139,0.8841,0.87731
41.4,1.29087,0.34479,1.33288,0.55853,1.37596,1,0.82978,0.60524,0.74833,0.89577,1.28597,0.7313,1.18063,1.34238,0.97249,0.41765,1.09558,1.33996,1.29157,1.30517,0.78349,0.84742,1.24026,1.07624,1.03236,1.01449,1.02314,0.94745,1.28315,1.19048,0.92708,0.97038,1.13404,1.0687,0.69565,1.35302,0.49353,1.30805,0.06517,1,1.23264,1.28648,1.29235,1.17671,0.71336,1.27002,0.88779,0.25406,1.054,1.2988,0.91753,0.28207,0.55675,0.47531,1.20952,1.15921,0.8205,0.93177,0.98249,0.99299,0.99522,1.07554,0.57149,0.77985,1.14825,1.05297,0.90054,0.90177
41.42,1.28975,0.34006,1.33545,0.48989,1.37962,1,0.85618,0.65754,0.72302,0.85953,1.30189,0.72432,1.16865,1.34534,0.84778,0.33038,1.04046,1.32008,1.26383,1.30814,0.79012,0.85744,1.22793,1.07555,1.03232,1.01394,1.0225,0.95114,1.26575,1.19659,0.93259,1.0036,1.14549,1.06448,0.69893,1.35361,0.47872,1.32299,0.01803,1,1.21382,1.26986,1.30149,1.20943,0.66465,1.27283,0.89969,0.23401,1.19536,1.31738,0.96922,0.39717,0.6479,0.46207,1.20582,1.15195,0.83934,0.93249,0.98251,0.99326,0.99535,1.071,0.62806,0.76838,1.14061,0.99817,0.8883,0.90847
41.44,1.28855,0.33576,1.33738,0.43634,1.38095,1,0.87515,0.71927,0.70159,0.82754,1.31255,0.72116,1.15414,1.34701,0.75399,0.26921,0.98398,1.28347,1.22053,1.30878,0.79863,0.86826,1.21463,1.07458,1.03131,1.01309,1.0213,0.95552,1.24676,1.20565,0.93854,1.00703,1.18854,1.07945,0.70241,1.35414,0.46726,1.33285,0,1,1.19811,1.24616,1.30838,1.23239,0.62571,1.27408,0.91281,0.22235,1.25053,1.3288,1.04076,0.55482,0.75282,0.45913,1.20093,1.14376,0.8574,0.93351,0.9831,0.99369,0.99562,1.0655,0.68083,0.75052,1.13189,0.9964,0.83358,0.88427
41.46,1.28731,0.3318,1.33874,0.39835,1.38095,1,0.88518,0.79026,0.68477,0.79951,1.31961,0.72224,1.13707,1.34759,0.68229,0.22714,0.94784,1.21099,1.15199,1.30704,0.80856,0.88062,1.19987,1.07313,1.02922,1.01192,1.01952,0.96029,1.22644,1.21574,0.94466,0.96933,1.24064,1.11155,0.70595,1.35462,0.45894,1.33907,0,1,1.18892,1.21132,1.31331,1.24916,0.59638,1.27365,0.9267,0.21822,1.27942,1.336,1.11014,0.75067,0.8641,0.46701,1.195,1.1339,0.87517,0.93501,0.9843,0.99426,0.996,1.05933,0.7291,0.72934,1.12238,1.05463,0.7406,0.82779
41.48,1.28604,0.32838,1.33961,0.37438,1.38095,1,0.88597,0.86957,0.67312,0.77555,1.3241,0.72741,1.11783,1.3472,0.62706,0.19939,0.91345,1.04638,1.04029,1.3027,0.81938,0.8951,1.18275,1.07115,1.02612,1.01049,1.01721,0.96521,1.20505,1.22542,0.95073,0.90616,1.28291,1.15022,0.70953,1.35503,0.45348,1.34272,0,1,1.18818,1.15766,1.31651,1.26155,0.57597,1.2716,0.94063,0.221,1.29682,1.3405,1.15726,0.96492,0.97291,0.48606,1.18825,1.12163,0.89328,0.93705,0.98606,0.99497,0.99649,1.05277,0.77265,0.7076,1.11235,1.13488,0.62834,0.75011
41.5,1.28469,0.32592,1.34006,0.36255,1.38095,1,0.87832,0.95429,0.66723,0.75626,1.32666,0.73601,1.09774,1.34586,0.58499,0.18292,0.88038,0.90262,0.94771,1.29532,0.83048,0.91199,1.16198,1.06874,1.02219,1.00885,1.0145,0.97008,1.18299,1.23371,0.95658,0.82972,1.31196,1.18564,0.71324,1.35532,0.45064,1.34444,0,1,1.19528,1.07024,1.31807,1.27046,0.56369,1.26808,0.95356,0.23034,1.308,1.34307,1.19165,1.16765,1.10059,0.51657,1.18099,1.10623,0.91232,0.93951,0.98827,0.99577,0.99707,1.0461,0.81135,0.68782,1.10209,1.19836,0.51768,0.66756
41.52,1.28323,0.32501,1.34012,0.3613,1.38095,1,0.8638,1.06359,0.66773,0.74248,1.32762,0.74716,1.07925,1.34355,0.55409,0.17591,0.84865,0.84056,0.89819,1.28414,0.8412,0.93134,1.13566,1.06603,1.01769,1.00711,1.01153,0.97469,1.16088,1.24,0.96202,0.75524,1.3309,1.21345,0.7172,1.35543,0.45025,1.34462,0,1,1.20776,0.96682,1.31794,1.27631,0.55898,1.2633,0.96422,0.24622,1.31529,1.34415,1.21777,1.22173,1.16197,0.55884,1.17364,1.08696,0.93279,0.94224,0.99073,0.99661,0.99768,1.03958,0.84506,0.67196,1.09194,1.24069,0.42169,0.59335
41.54,1.28162,0.32625,1.33981,0.36979,1.38095,1,0.84415,1.13921,0.67517,0.73497,1.32708,0.76017,1.06541,1.34009,0.53298,0.17733,0.81865,0.81431,0.86641,1.26775,0.85105,0.95302,1.10092,1.06317,1.01293,1.00536,1.00846,0.97891,1.13937,1.24409,0.96699,0.69188,1.3432,1.23338,0.72153,1.35528,0.45224,1.34339,0,1,1.22279,0.91037,1.31596,1.27935,0.56163,1.25741,0.97153,0.26911,1.31989,1.34393,1.23801,1.23882,1.19129,0.61349,1.16656,1.06299,0.95503,0.94508,0.9933,0.99746,0.99831,1.03342,0.87384,0.66126,1.08215,1.26753,0.34468,0.53406
41.56,1.27982,0.33018,1.3391,0.38801,1.38095,1,0.82104,1.17593,0.68982,0.73426,1.32497,0.77484,1.05881,1.33518,0.52048,0.1867,0.7911,0.80987,0.84717,1.24356,0.85986,0.97668,1.05336,1.06022,1.00813,1.00367,1.00542,0.9827,1.11894,1.24602,0.97147,0.64308,1.35125,1.24667,0.72622,1.35481,0.45669,1.34067,0,1,1.23823,0.87222,1.31187,1.27963,0.57189,1.25032,0.97484,0.30003,1.32249,1.34249,1.25369,1.24146,1.20635,0.68145,1.15996,1.03339,0.9791,0.94799,0.99583,0.99826,0.99893,1.02777,0.89815,0.6561,1.07281,1.28427,0.28608,0.49125
41.58,1.27789,0.33724,1.33795,0.41679,1.38095,1,0.79602,1.1935,0.71157,0.74068,1.32095,0.79148,1.06049,1.32829,0.51564,0.20378,0.76722,0.81899,0.83701,1.20685,0.86771,1.00307,0.99351,1.05714,1.00348,1.00209,1.0025,0.98604,1.09982,1.24601,0.97556,0.60933,1.35644,1.25456,0.73115,1.35396,0.46378,1.33612,0,1,1.2527,0.85028,1.30526,1.27705,0.59046,1.24164,0.97401,0.34062,1.32346,1.3398,1.2655,1.23597,1.21363,0.76322,1.15383,0.99881,1.0088,0.95098,0.99823,0.99902,0.99951,1.02266,0.91863,0.65614,1.06389,1.29431,0.24413,0.46446
41.6,1.27593,0.34781,1.33629,0.45768,1.38095,1,0.77064,1.19875,0.73979,0.75454,1.31434,0.81079,1.06962,1.31854,0.51779,0.22845,0.74874,0.83627,0.83373,1.14895,0.87494,1.04554,0.95875,1.05386,0.99959,1.00065,0.9999,0.98894,1.08218,1.24436,0.97933,0.59015,1.35951,1.25786,0.73605,1.35265,0.47377,1.32908,0,1,1.26548,0.84315,1.29557,1.27121,0.61856,1.2306,0.96937,0.39299,1.32303,1.33579,1.2737,1.22471,1.21589,0.85754,1.14799,0.98057,1.05119,0.95411,1.00082,0.99969,1.00008,1.01813,0.93586,0.66054,1.05525,1.29955,0.21755,0.45295
41.62,1.27406,0.36223,1.33402,0.51313,1.38095,1,0.74611,1.19361,0.77335,0.7763,1.30379,0.83378,1.08401,1.30439,0.52654,0.26065,0.73765,0.85798,0.83593,1.05293,0.88196,1.07619,0.92902,1.05027,0.99774,0.9997,0.99873,0.99142,1.06619,1.24147,0.9829,0.58496,1.36083,1.25687,0.74064,1.35081,0.48701,1.31825,0,1,1.27632,0.85013,1.28202,1.26118,0.65816,1.21586,0.96158,0.4601,1.32124,1.33031,1.27828,1.20877,1.21438,0.96022,1.14212,0.96484,1.08215,0.95751,1.00452,1.00057,1.001,1.01418,0.95026,0.66817,1.04672,1.30092,0.20572,0.45643
41.64,1.27232,0.38081,1.33101,0.58665,1.38095,1,0.72308,1.17697,0.81104,0.80687,1.28631,0.86161,1.10117,1.28276,0.54174,0.30064,0.73584,0.88143,0.84269,0.956,0.88921,1.09735,0.90542,1.04624,0.99623,0.99917,0.99775,0.99351,1.05194,1.23765,0.98634,0.59324,1.36053,1.25145,0.74482,1.34834,0.50388,1.30101,0,1,1.28538,0.871,1.26336,1.24501,0.71241,1.19521,0.95146,0.54649,1.31802,1.32308,1.279,1.1888,1.20962,1.09367,1.13583,0.95239,1.10391,0.96125,1.00748,1.00156,1.00175,1.01081,0.96221,0.67798,1.03813,1.29873,0.2084,0.47515
41.66,1.27059,0.40379,1.32707,0.6827,1.38095,1,0.70153,1.14409,0.85166,0.84779,1.25451,0.89533,1.11892,1.2465,0.56343,0.34919,0.74501,0.90463,0.85328,0.90168,0.89704,1.11109,0.88821,1.04168,0.99507,0.99874,0.99698,0.99525,1.03939,1.23312,0.98971,0.61439,1.35861,1.24102,0.74888,1.34514,0.52472,1.27153,0,1,1.29303,0.90582,1.23748,1.21841,0.78615,1.16487,0.93988,0.65933,1.31316,1.31362,1.27527,1.16547,1.20176,1.16655,1.12878,0.94348,1.11845,0.9654,1.00973,1.00235,1.00235,1.00795,0.97213,0.68926,1.02934,1.29288,0.22555,0.50977
41.68,1.2686,0.43109,1.32203,0.80543,1.38095,1,0.68107,1.08318,0.89384,0.90117,1.1841,0.93557,1.13558,1.17544,0.59166,0.4074,0.76689,0.92622,0.86702,0.86554,0.90564,1.11912,0.87697,1.03657,0.99423,0.99841,0.9964,0.9967,1.0284,1.22799,0.99301,0.64725,1.35493,1.22463,0.75347,1.34108,0.54959,1.21451,0,1,1.29966,0.95436,1.20097,1.17106,0.88642,1.1179,0.92784,0.80922,1.30633,1.30114,1.26565,1.13965,1.19078,1.2005,1.1207,0.93793,1.12739,0.96996,1.01135,1.00297,1.0028,1.00556,0.98038,0.70161,1.02037,1.28295,0.25676,0.56077
41.7,1.26589,0.462,1.31574,0.95543,1.38095,1,0.66114,0.98318,0.93567,0.96957,0.96953,0.98216,1.14989,0.99258,0.62621,0.47634,0.80347,0.94538,0.88316,0.84573,0.91496,1.12282,0.87097,1.031,0.99366,0.99816,0.99599,0.99787,1.01897,1.22226,0.99615,0.68946,1.3494,1.2011,0.75955,1.33611,0.57815,1.07587,0,1,1.30559,1.02848,1.14871,1.07158,1.04077,1.04017,0.91642,1.02018,1.29706,1.28448,1.24694,1.11247,1.1766,1.21588,1.11151,0.93529,1.132,0.97483,1.01244,1.00342,1.00312,1.0036,0.98715,0.71486,1.01144,1.26843,0.30022,0.62744
41.72,1.26188,0.49542,1.30806,1.14577,1.38095,1,0.64115,0.91539,0.97473,1.08459,0.79014,1.0566,1.16109,0.85402,0.6667,0.55684,0.8572,0.96174,0.90088,0.84111,0.92482,1.12332,0.86926,1.02515,0.99331,0.99799,0.99572,0.99879,1.01119,1.21589,0.99902,0.7373,1.34216,1.16939,0.76823,1.33026,0.60972,0.89292,0,1,1.31107,1.11561,1.0736,0.92891,1.1902,0.96051,0.90669,1.21548,1.28469,1.26186,1.21127,1.08517,1.15918,1.2192,1.10128,0.93492,1.13329,0.97983,1.01312,1.00373,1.00333,1.00204,0.99254,0.729,1.00297,1.24899,0.35177,0.70694
41.74,1.25591,0.53042,1.29877,1.21979,1.38095,1,0.62058,0.85609,1.01651,1.16836,0.65069,1.11684,1.16895,0.75002,0.71283,0.64981,0.93104,0.97535,0.9193,0.85105,0.93502,1.12157,0.87085,1.01921,0.99309,0.99789,0.99555,0.99948,1.00513,1.20877,1.00303,0.78643,1.33372,1.12888,0.78048,1.32349,0.64381,0.79115,0,1,1.31629,1.16824,0.98509,0.82344,1.25309,0.90534,0.89941,1.27468,1.26814,1.23024,1.13492,1.05885,1.1386,1.21194,1.09008,0.93618,1.13208,0.98477,1.01352,1.00393,1.00346,1.00088,0.99663,0.74412,0.99767,1.22468,0.40521,0.7944
41.76,1.24726,0.56697,1.28737,1.25107,1.38095,1,0.59901,0.80843,1.05917,1.21841,0.54547,1.15543,1.17356,0.67231,0.76455,0.75662,1.04832,0.98655,0.93747,0.87502,0.94544,1.1184,0.87471,1.01339,0.99295,0.99783,0.99546,0.99997,1.00072,1.20076,1.00722,0.83301,1.32497,1.08003,0.79694,1.31563,0.68049,0.72763,0,1,1.32134,1.20066,0.94186,0.73115,1.28605,0.85959,0.89494,1.30232,1.24548,1.18381,0.96261,1.03414,1.1153,1.1924,1.07795,0.93844,1.12914,0.98951,1.01379,1.00404,1.00353,1.00005,0.99953,0.76028,0.99441,1.19614,0.4543,0.8833
41.78,1.2352,0.60619,1.27295,1.26579,1.38095,1,0.57637,0.77508,1.08299,1.25007,0.47088,1.17918,1.17525,0.61537,0.82179,0.87869,1.16079,0.9959,0.95422,0.91217,0.95597,1.1146,0.87971,1.0079,0.99281,0.9978,0.9954,1.00056,0.9989,1.19183,1.01082,0.87426,1.31679,1.0256,0.8177,1.3061,0.7204,0.69107,0,1,1.32624,1.21962,0.91422,0.65414,1.30461,0.82581,0.89327,1.31754,1.21333,1.11038,0.83508,1.01099,1.09057,1.15489,1.06492,0.94109,1.12525,0.99387,1.01406,1.0041,1.00358,0.99976,1.00284,0.77734,0.99156,1.16466,0.49535,0.96593
41.8,1.21898,0.65046,1.25379,1.27242,1.38095,1,0.55287,0.75904,1.09433,1.27023,0.42569,1.19095,1.17439,0.57595,0.88395,1.02958,1.21783,1.00782,0.96805,0.96076,0.96643,1.11098,0.88467,1.00303,0.99259,0.99777,0.99532,1.00092,0.99805,1.18209,1.01414,0.90884,1.30935,0.98709,0.84219,1.29371,0.76461,0.67283,0,1,1.33095,1.22784,0.90003,0.59434,1.31439,0.80708,0.89412,1.32633,1.16557,0.99094,0.7324,0.99455,1.06725,1.08546,1.05112,0.94355,1.12131,0.99767,1.01447,1.00414,1.00364,0.99961,1.00501,0.79491,0.9889,1.13211,0.52921,1.05713
41.82,1.19788,0.7033,1.22668,1.27487,1.38095,1,0.52863,0.76402,1.09628,1.28243,0.41051,1.19127,1.17131,0.55215,0.94986,1.17034,1.24948,1.02148,0.97744,1.03256,0.97654,1.10827,0.88852,0.99955,0.99225,0.99773,0.99521,1.00107,0.99767,1.1718,1.01745,0.93673,1.30174,0.97061,0.86933,1.27601,0.81457,0.66577,0,1,1.33543,1.22534,0.89753,0.55294,1.31746,0.80656,0.89714,1.33108,1.08979,0.92034,0.65575,0.98459,1.04964,0.9766,1.0369,0.94536,1.11819,1.00136,1.01512,1.00422,1.00372,0.99954,1.006,0.81237,0.98621,1.10032,0.5608,1.11102
41.84,1.17093,0.76929,1.18489,1.27553,1.38095,1,0.50325,0.79457,1.09065,1.28866,0.42782,1.17862,1.16607,0.54257,1.03313,1.22703,1.2674,1.03388,0.98136,1.10965,0.98591,1.1069,0.89064,0.9982,0.99177,0.99767,0.99505,1.00108,0.99761,1.1612,1.02091,0.95872,1.29235,0.96274,0.89803,1.24776,0.87204,0.66384,0,1,1.33976,1.20887,0.90472,0.53,1.31395,0.82667,0.90213,1.33289,0.98023,0.86523,0.60336,0.97505,1.04181,0.90566,1.02286,0.94627,1.11646,1.00542,1.01603,1.00433,1.00385,0.99954,1.00615,0.82927,0.98336,1.07069,0.59622,1.13155
41.86,1.13652,0.85393,1.11196,1.27616,1.37283,1,0.47569,0.85668,1.07919,1.29004,0.48303,1.14869,1.15833,0.54578,1.11731,1.25688,1.27695,1.04578,0.97971,1.15673,0.99403,1.10678,0.89106,0.99753,0.99121,0.9976,0.99487,1.00101,0.99776,1.15038,1.02447,0.97587,1.27925,0.96126,0.9275,1.1956,0.93892,0.662,0.10266,1,1.3441,1.16779,0.91883,0.52474,1.3018,0.86832,0.90916,1.33229,0.91375,0.82229,0.5721,0.96541,1.04514,0.84671,1.00995,0.94635,1.11611,1.00743,1.01708,1.00446,1.00399,0.99957,1.00576,0.8455,0.9804,1.04408,0.63996,1.1351
41.88,1.09201,0.96305,0.9804,1.27814,1.33622,1,0.44467,0.95882,1.06474,1.28706,0.58577,1.09251,1.14723,0.55997,1.16663,1.27488,1.28083,1.05747,0.97342,1.18612,1.0004,1.10729,0.8906,0.99751,0.99069,0.99754,0.99473,1.00087,0.99804,1.1392,1.02783,0.98901,1.26067,0.96322,0.95721,1.07258,1.03029,0.65608,0.41123,1,1.34859,1.0642,0.93564,0.536,1.2745,0.92963,0.91862,1.32957,0.8582,0.78881,0.55863,0.95545,1.05736,0.80098,0.99983,0.94601,1.11649,1.00748,1.01804,1.00457,1.0041,0.99963,1.00506,0.86129,0.97755,1.02116,0.69289,1.13037
41.9,1.03332,1.12835,0.89156,1.28235,0.51201,1,0.40924,1.13709,1.05234,1.27977,0.74966,0.99715,1.13121,0.58264,1.19875,1.28659,1.28046,1.06876,0.96429,1.20371,1.00685,1.10736,0.89067,0.99809,0.99041,0.99754,0.99472,1.00072,0.99837,1.12733,1.0305,0.99856,1.23603,0.96497,0.98669,0.89818,1.13082,0.64315,1.3175,1,1.35325,0.91232,0.94929,0.56233,1.21148,1.00692,0.93112,1.32493,0.81154,0.76272,0.55992,0.94531,1.07388,0.76929,0.99704,0.94597,1.11644,1.00574,1.01856,1.00458,1.0041,0.99969,1.0042,0.87704,0.97526,1.00289,0.75045,1.126
41.92,0.97967,1.21237,0.81667,1.28871,0.11469,1,0.36925,1.22969,1.04877,1.26786,0.98868,0.94398,1.10765,0.61064,1.22106,1.29457,1.27655,1.07911,0.95442,1.21236,1.00578,1.10578,0.89294,0.99922,0.99058,0.99764,0.99495,1.00056,0.99872,1.11434,1.03187,1.00899,1.20831,0.96302,1.02838,0.77956,1.18668,0.62242,1.37178,1,1.35802,0.79464,0.95309,0.60189,1.01596,1.1061,0.94737,1.31866,0.77234,0.74248,0.57345,0.93555,1.09024,0.75227,0.99751,0.947,1.11456,1.00238,1.01825,1.00439,1.00392,0.99976,1.00331,0.89321,0.97407,0.99538,0.80255,1.13087
41.94,0.94589,1.25462,0.75531,1.29619,0,1,0.32574,1.27572,1.05934,1.2507,1.22172,0.91038,1.07217,0.64071,1.23718,1.30017,1.26926,1.08767,0.94568,1.21336,0.99784,1.10155,0.89884,1.0016,0.99135,0.99788,0.9955,1.00042,0.99904,1.09975,1.03141,1.01401,1.18587,0.95536,1.06904,0.6872,1.22094,0.59614,1.38095,1,1.36268,0.69271,0.94167,0.65243,0.84058,1.14892,0.96803,1.31119,0.73951,0.72688,0.59746,0.9271,1.10361,0.75024,1.00364,0.94974,1.1096,0.99878,1.01681,1.00394,1.0035,0.99982,1.00248,0.91013,0.97447,0.99272,0.83744,1.1485
41.96,0.9167,1.27871,0.70619,1.30317,0,1,0.28078,1.30209,1.08397,1.22753,1.27587,0.89925,1.01702,0.67007,1.24915,1.3042,1.25824,1.09329,0.93931,1.20698,0.98805,1.09405,0.90917,1.00549,0.99279,0.99828,0.99638,1.00029,0.99933,1.08328,1.0287,1.01348,1.17834,0.94253,1.09895,0.61761,1.24323,0.56954,1.38095,1,1.36701,0.60794,0.91302,0.71077,0.73962,1.16088,0.99342,1.30299,0.71218,0.71485,0.63109,0.92136,1.11275,0.76298,1.01953,0.95442,1.10061,0.99576,1.01409,1.00321,1.00282,0.99988,1.00174,0.92786,0.97681,0.99301,0.84797,1.17374
41.98,0.89195,1.29299,0.66794,1.3079,0,1,0.23709,1.31844,1.11716,1.19845,1.29495,0.91139,0.96998,0.69673,1.25808,1.30715,1.24255,1.09437,0.93601,1.19267,0.97401,1.08323,0.92396,1.00993,0.99484,0.99881,0.99756,1.00019,0.99957,1.06512,1.02346,1.00875,1.18703,0.92768,1.12125,0.56808,1.25818,0.55021,1.38095,1,1.37081,0.53982,0.86918,0.77156,0.68713,1.14778,1.04102,1.29464,0.68988,0.70557,0.6741,0.92025,1.1173,0.7896,1.04054,0.96085,1.08702,0.99227,1.01017,1.00222,1.0019,0.99992,1.00113,0.94589,0.98124,0.99551,0.83577,1.19773
42,0.87189,1.30092,0.63949,1.30849,0,1,0.19738,1.32889,1.15191,1.16671,1.2996,0.94673,0.9311,0.71946,1.26454,1.30934,1.22051,1.0886,0.93605,1.16933,0.95679,1.06968,0.94244,1.01473,0.99733,0.99943,0.99894,1.0001,0.99975,1.04632,1.01555,1.00138,1.20366,0.91597,1.13758,0.53729,1.26817,0.54769,1.38095,1,1.37397,0.4875,0.81529,0.82603,0.67229,1.10206,1.0851,1.28672,0.67257,0.69842,0.72657,0.92616,1.11725,0.82811,1.06388,0.96839,1.06871,0.98843,1.00533,1.00106,1.00083,0.99996,1.00064,0.96307,0.98776,0.9993,0.81026,1.21365
42.02,0.85707,1.30389,0.61991,1.30193,0,1,0.1636,1.33549,1.18338,1.14123,1.2942,1.00947,0.89482,0.73775,1.26891,1.31102,1.18912,1.07297,0.93937,1.13549,0.93772,1.05463,0.96337,1.01966,1.00003,1.00018,1.00078,1.00004,0.99989,1.02871,1.00489,0.99666,1.2193,0.91301,1.14878,0.52503,1.27456,0.57441,1.38095,1,1.37645,0.45002,0.75748,0.86291,0.68945,0.99404,1.11925,1.27973,0.66028,0.69273,0.7887,0.94139,1.11267,0.87519,1.08701,0.97615,1.04597,0.9844,0.99999,0.99991,0.99985,0.99998,1.00028,0.97795,0.99623,1.00665,0.78325,1.21732
42.04,0.84811,1.3023,0.60787,1.28012,0,1,0.13662,1.3394,1.20962,1.13377,1.27729,1.11456,0.86294,0.75156,1.27156,1.31254,1.14279,1.04369,0.94572,1.08998,0.91812,1.03948,0.98563,1.0245,1.0053,1.00145,1.00354,1,0.99999,1.01414,0.99583,0.99321,1.22952,0.9233,1.15522,0.53163,1.27831,0.65008,1.38095,1,1.37832,0.42593,0.70091,0.87275,0.73611,0.90775,1.14494,1.27403,0.65257,0.68748,0.8608,0.96714,1.10355,0.92629,1.10829,0.9834,1.01908,0.98037,0.9973,0.99932,0.9993,1,1.00002,0.98945,1.01238,1.0133,0.76375,1.20396
42.06,0.84559,1.29576,0.6013,1.20457,0,1,0.11657,1.34135,1.23044,1.14849,1.24092,1.18033,0.8364,0.761,1.27304,1.31436,1.07022,0.99823,0.95464,1.03389,0.8991,1.02517,1.01648,1.029,1.01017,1.00261,1.00604,0.99999,1.00011,1.00346,0.98845,0.99085,1.23319,0.94937,1.15699,0.55763,1.2803,0.81669,1.38095,1,1.37965,0.41333,0.64927,0.85293,0.81078,0.82405,1.16383,1.2699,0.64819,0.68101,0.94294,1.0048,1.0899,0.97557,1.12687,0.98977,0.9941,0.97655,0.99476,0.99877,0.9988,1.00002,0.99993,0.99747,1.03268,1.01775,0.75634,1.16088
42.08,0.85018,1.28303,0.59734,0.84986,0,1,0.10343,1.34186,1.24621,1.17714,1.16076,1.22176,0.81566,0.76618,1.27408,1.31704,0.97681,0.97048,0.96536,0.98858,0.88175,1.01187,1.05478,1.03285,1.01456,1.00364,1.00824,0.99998,1.00018,0.99796,0.98069,0.98972,1.23037,0.99154,1.15375,0.60337,1.28148,1.18481,1.38095,1,1.38049,0.40996,0.60532,0.80929,0.90885,0.75031,1.17725,1.26755,0.64504,0.67114,1.05671,1.0687,1.07201,1.02873,1.1423,0.99532,0.97847,0.97322,0.99243,0.99828,0.99836,1.00004,0.99988,1.00583,1.05204,1.01985,0.76206,1.03927
42.1,0.86267,1.26181,0.59243,0.55454,0,1,0.09742,1.34136,1.25731,1.20795,0.97843,1.24761,0.80097,0.76714,1.27562,1.32106,0.92075,0.94763,0.97677,0.97308,0.86717,0.99943,1.08665,1.0357,1.0185,1.00454,1.01017,0.99998,1.00021,0.99473,0.97303,0.98969,1.22142,1.07441,1.14463,0.668,1.28293,1.309,1.38095,1,1.38086,0.41328,0.57147,0.753,1.02956,0.69158,1.18613,1.26711,0.64037,0.65546,1.14839,1.10896,1.05094,1.06235,1.15427,1.00088,0.96293,0.97073,0.99029,0.99785,0.99796,1.00004,0.99986,1.01479,1.06946,1.0199,0.77933,0.89255
42.12,0.88367,1.22839,0.58327,0.34696,0,1,0.09912,1.34021,1.26395,1.23424,0.87862,1.2627,0.79209,0.76394,1.27846,1.32654,0.87688,0.93539,0.98754,0.97494,0.85639,0.99267,1.11401,1.03719,1.02204,1.00532,1.0119,0.99998,1.00022,0.99076,0.96598,0.99047,1.20685,1.13576,1.12816,0.74813,1.28558,1.34665,1.38095,1,1.38076,0.42076,0.54994,0.69489,1.13083,0.65115,1.19126,1.26857,0.63154,0.63228,1.19481,1.12722,1.02882,1.05861,1.16259,1.011,0.9472,0.96941,0.98834,0.99748,0.99761,1.00004,0.99986,1.02528,1.08417,1.01846,0.805,0.78052
42.14,0.91315,1.17758,0.56823,0.20298,0,1,0.10951,1.33865,1.26607,1.25459,0.84463,1.26953,0.78778,0.75703,1.28289,1.33304,0.84571,0.93763,0.99637,0.99616,0.85008,0.98528,1.13774,1.03711,1.02518,1.00599,1.01342,0.99998,1.0002,0.9855,0.96001,0.99172,1.18725,1.175,1.1023,0.83655,1.28978,1.36383,1.38095,1,1.3801,0.43069,0.54286,0.64157,1.15612,0.63104,1.19369,1.27166,0.61726,0.60163,1.21993,1.12402,1.00878,1.01009,1.16728,1.02161,0.9313,0.96948,0.98659,0.99715,0.99729,1.00004,0.99987,1.03844,1.09576,1.01612,0.83546,0.69365
42.16,0.94961,1.1062,0.5482,0.10313,0,1,0.12997,1.33669,1.2631,1.26996,0.87473,1.26886,0.78531,0.74734,1.28848,1.33975,0.8272,0.95581,1.00443,1.06184,0.84839,0.97702,1.15793,1.03547,1.02782,1.00653,1.01472,0.99998,1.00018,0.97955,0.95544,0.99318,1.1632,1.19931,1.06491,0.92068,1.29511,1.37317,1.38095,1,1.37877,0.44278,0.55277,0.59522,1.13391,0.63308,1.19507,1.2758,0.5983,0.56569,1.23261,1.09556,0.99724,0.95259,1.16851,1.03294,0.91572,0.97093,0.9851,0.99689,0.99702,1.00003,0.99988,1.05236,1.10413,1.01336,0.86761,0.63224
42.18,0.98905,1.02963,0.52655,0.03435,0,1,0.16244,1.33407,1.25345,1.28177,0.97492,1.25947,0.78035,0.73643,1.29427,1.34586,0.8212,0.9886,1.00864,1.12538,0.85101,0.96812,1.17414,1.03253,1.02973,1.00689,1.01565,0.99998,1.00015,0.97483,0.95253,0.99466,1.13553,1.21309,1.0157,0.98159,1.30056,1.3787,1.38095,1,1.37654,0.45845,0.58355,0.5553,1.03405,0.66026,1.1978,1.28025,0.57748,0.52836,1.23642,1.02928,0.99457,0.88761,1.16659,1.04456,0.90152,0.9735,0.98401,0.99672,0.99682,1.00003,0.9999,1.06274,1.10925,1.01052,0.89899,0.59436
42.2,1.04253,1.00429,0.50821,0,0,1,0.20939,1.33012,1.23323,1.29121,1.1671,1.23651,0.76752,0.72628,1.29913,1.35081,0.82776,1.05329,1.0049,1.17323,0.85724,0.95921,1.18571,1.02883,1.03057,1.00698,1.01604,0.99999,1.00011,0.97433,0.95149,0.99604,1.10549,1.21862,0.98262,0.99747,1.30494,1.38122,1.38095,1,1.37304,0.48083,0.64184,0.52021,0.90312,0.71827,1.20463,1.28418,0.55898,0.49431,1.23225,0.95907,0.99695,0.82204,1.16195,1.0556,0.89032,0.9767,0.98353,0.99668,0.99674,1.00002,0.99993,1.06381,1.11106,1.00785,0.92775,0.57848
42.22,1.07294,1.06614,0.49802,0,0,1,0.2743,1.32376,1.19222,1.29906,1.25248,1.18441,0.74245,0.71897,1.30212,1.35433,0.84691,1.10692,0.99622,1.20586,0.8662,0.95108,1.19206,1.02499,1.02996,1.00673,1.01566,0.99999,1.00009,0.98123,0.95246,0.99725,1.0749,1.21663,0.9678,0.95533,1.30729,1.38122,1.38095,1,1.3676,0.51416,0.73936,0.48864,0.79004,0.81767,1.21713,1.2869,0.54706,0.46763,1.21905,0.90679,1.00915,0.76514,1.15503,1.06524,0.88374,0.97995,0.98388,0.9968,0.99682,1.00002,0.99994,1.04853,1.10938,1.00549,0.95261,0.58425
42.24,1.07531,1.1585,0.49945,0,0,1,0.3627,1.31332,1.09615,1.30555,1.29262,1.03294,0.70458,0.71625,1.30266,1.35639,0.87821,1.14067,0.98567,1.22673,0.87712,0.94418,1.19297,1.02155,1.02763,1.00607,1.01439,0.99999,1.00006,0.99772,0.95548,0.99824,1.04592,1.2066,0.96654,0.86263,1.30697,1.38122,1.38095,1,1.35875,0.56273,0.89769,0.46064,0.69424,0.9782,1.23414,1.28789,0.54488,0.45091,1.19362,0.86596,1.03284,0.72166,1.14619,1.07309,0.88276,0.98283,0.98521,0.99711,0.99709,1.00001,0.99996,1.00651,1.10406,1.00352,0.9729,0.61251
42.26,1.05021,1.23027,0.51412,0,0,1,0.48408,1.29615,0.92363,1.3105,1.31413,0.85453,0.65813,0.71935,1.30036,1.35706,0.91982,1.16049,0.97111,1.23916,0.8896,0.93841,1.18866,1.01869,1.02357,1.00503,1.01221,1,1.00004,1.04229,0.96041,0.99903,1.0206,1.18665,0.9791,0.74418,1.30355,1.38122,1.38095,1,1.34282,0.62939,1.16597,0.43804,0.61941,1.20079,1.25241,1.28676,0.55413,0.44533,1.14955,0.83824,1.06167,0.69246,1.13548,1.07944,0.8873,0.9852,0.9875,0.99762,0.99754,1.00001,0.99998,0.96657,1.095,1.00196,0.98852,0.66501
42.28,0.99628,1.27572,0.54174,0,0,1,0.65425,1.26817,0.79733,1.31337,1.32648,0.71588,0.61081,0.729,1.29489,1.35635,0.96717,1.17138,0.95315,1.24561,0.90352,0.93313,1.17995,1.01621,1.01803,1.00368,1.00931,1,1.00002,1.08678,0.96689,0.99961,1.0004,1.15327,1.00544,0.62712,1.29677,1.38122,1.38095,1,1.30752,0.71273,1.27065,0.42442,0.56458,1.27612,1.26861,1.28315,0.57518,0.45125,1.07627,0.82161,1.09225,0.67619,1.12272,1.08508,0.89602,0.98723,0.99055,0.99826,0.99814,1,0.99999,0.92421,1.08233,1.00078,0.99978,0.74347
42.3,0.95954,1.30275,0.57976,0,0,1,0.89876,1.22534,0.69406,1.31323,1.3336,0.60637,0.57131,0.74556,1.28595,1.35419,1.02194,1.17752,0.9327,1.24784,0.91897,0.92733,1.16877,1.01359,1.01164,1.00219,1.00603,1,1.00001,1.12132,0.97431,1.00004,0.99323,1.10083,1.05349,0.52978,1.28657,1.38122,1.38095,1,1.17534,0.80223,1.31063,0.42511,0.52766,1.31007,1.28061,1.27655,0.60704,0.4687,0.98395,0.81174,1.12174,0.67036,1.10741,1.09111,0.90641,0.98935,0.99398,0.99897,0.9988,1,0.99999,0.88466,1.06666,0.99998,1.01401,0.84738
42.32,0.92951,1.31824,0.62345,0.0038,0,1,1.20805,1.17305,0.61623,1.3086,1.33728,0.52565,0.54677,0.76906,1.27322,1.35033,1.06817,1.1825,0.91101,1.24714,0.93607,0.91993,1.15834,1.01016,1.00525,1.00076,1.00283,1,1,1.14339,0.98191,1.00058,0.98912,1.02151,1.08635,0.45976,1.27344,1.38095,1.38095,1,0.74923,0.87557,1.33004,0.44685,0.50674,1.32787,1.28745,1.26622,0.64764,0.49777,0.94486,0.80345,1.14822,0.67221,1.0889,1.09855,0.91537,0.99209,0.99732,0.99964,0.99944,1,1,0.85549,1.04912,0.99971,1.02209,0.97155
42.34,0.91275,1.3264,0.66735,0.05535,0,1,1.28589,1.14302,0.56323,1.29678,1.33837,0.4708,0.54156,0.79927,1.25632,1.34416,1.07848,1.18881,0.88944,1.24431,0.95471,0.91033,1.15219,1.00542,0.99984,0.99978,1.00013,1,1,1.15332,0.98901,1.00089,0.98711,0.96305,1.10268,0.4174,1.2584,1.37708,1.38095,1,0.53503,0.90683,1.34018,0.49804,0.50023,1.33766,1.28885,1.25094,0.69442,0.53927,0.93499,0.79259,1.17067,0.67954,1.06653,1.1078,0.92036,0.99582,1.00032,1.00041,0.99998,1,1.00001,0.84119,1.0312,0.99955,1.02596,1.13079
42.36,0.91112,1.3295,0.70737,0.13347,0,1,1.31448,1.16501,0.53342,1.27161,1.33727,0.43832,0.55774,0.83553,1.23467,1.33434,1.05922,1.19722,0.86958,1.23966,0.97428,0.89873,1.1522,0.99962,0.99778,0.99936,0.99909,1,0.99999,1.15226,0.99509,1.00104,0.98653,0.92726,1.1042,0.40013,1.24274,1.37051,1.38095,1,0.41325,0.88455,1.34508,0.58987,0.50676,1.34279,1.28445,1.22881,0.74492,0.59501,0.95306,0.77741,1.18863,0.69124,1.04015,1.11843,0.92035,1.00116,1.00443,1.0012,1.00071,1,1.00001,0.84276,1.01449,0.99948,1.02705,1.19835
42.38,0.92223,1.32863,0.74237,0.25345,0,1,1.32816,1.21348,0.52591,1.21554,1.33411,0.42555,0.59562,0.87622,1.20763,1.3179,1.0106,1.20689,0.85328,1.23294,0.99342,0.88621,1.15743,0.9961,0.99655,0.99911,0.99852,1,0.99999,1.14164,0.99985,1.00107,0.98687,0.90373,1.09361,0.40504,1.2272,1.35838,1.38095,1,0.34135,0.82156,1.34624,0.7373,0.52483,1.34468,1.27338,1.19717,0.79671,0.66789,0.99243,0.75889,1.20176,0.70741,1.01095,1.12926,0.91612,1.01161,1.00686,1.00165,1.00115,1,1.00002,0.85793,1.00044,0.99946,1.02641,1.22807
42.4,0.93984,1.32417,0.77468,0.44104,0,1,1.3349,1.25478,0.54162,1.05612,1.32892,0.43125,0.65331,0.91813,1.17486,1.28707,0.97362,1.21608,0.84278,1.22331,1.01858,0.87461,1.16469,0.99269,0.99605,0.99903,0.99831,1,0.99999,1.12398,1.00611,1.00103,0.98775,0.89125,1.0756,0.42941,1.211,1.33204,1.38095,1,0.30175,0.74468,1.34378,0.95582,0.55244,1.34384,1.25416,1.15329,0.84718,0.76156,1.06341,0.74015,1.20955,0.72924,0.99176,1.13875,0.90999,1.02125,1.00783,1.00181,1.00132,1,1.00002,0.88132,0.99528,0.99948,1.02473,1.24087
42.42,0.95538,1.31602,0.80899,0.73527,0,1,1.3373,1.28123,0.58397,0.86597,1.32172,0.45579,0.72596,0.9568,1.13687,1.2144,0.95351,1.22307,0.84036,1.20917,1.03716,0.866,1.17044,0.99002,0.99615,0.99907,0.99836,1,0.99999,1.10408,1.00936,1.00095,0.9889,0.88831,1.05834,0.47057,1.19144,1.25056,1.38095,1,0.28691,0.67705,1.33645,1.20421,0.58699,1.34009,1.2248,1.09653,0.89363,0.87993,1.10086,0.72506,1.21128,0.75867,0.98279,1.1455,0.90491,1.02851,1.00764,1.00174,1.00128,1,1.00002,0.90524,0.99272,0.99952,1.02252,1.24365
42.44,0.96136,1.30365,0.84982,1.1756,0,1,1.33616,1.29589,0.65972,0.76514,1.31256,0.50136,0.80604,0.9877,1.09551,0.95706,0.95398,1.22679,0.84796,1.18797,1.04278,0.86193,1.17222,0.98857,0.99666,0.99918,0.99857,1,0.99999,1.08862,1.00976,1.00084,0.99017,0.89336,1.05132,0.52603,1.16426,0.85803,1.38095,1,0.29402,0.63029,1.31999,1.26646,0.62568,1.3324,1.18312,1.0325,0.93376,1.04498,1.10006,0.71671,1.20577,0.79781,0.97992,1.14859,0.90329,1.03235,1.00664,1.00153,1.00112,1,1.00002,0.92226,0.99241,0.99957,1.02006,1.23883
42.46,0.95477,1.28596,0.89908,1.28157,0,1,1.33135,1.30232,0.78029,0.71606,1.3015,0.57219,0.88468,1.01488,1.05405,0.7548,0.97836,1.22676,0.86688,1.15566,1.03613,0.86316,1.16886,0.98855,0.99747,0.99935,0.99888,1,0.99999,1.08313,1.00769,1.00073,0.99149,0.90489,1.05905,0.59335,1.12404,0.64558,1.38095,1,0.32299,0.60711,1.27889,1.28653,0.66599,1.31818,1.12782,0.98908,0.96616,1.18472,1.05336,0.71678,1.19089,0.84823,0.98331,1.14766,0.90632,1.03241,1.00504,1.00122,1.00088,1,1.00001,0.92802,0.99404,0.99963,1.01748,1.22679
42.48,0.93836,1.26136,0.95386,1.3029,0,1,1.32193,1.30267,0.96259,0.70814,1.28871,0.67435,0.95336,1.02963,1.01668,0.62923,1.04265,1.22281,0.89771,1.10557,1.01797,0.86954,1.16014,0.98986,0.9985,0.99953,0.99925,1,1,1.08823,1.00368,1.00061,0.99286,0.92123,1.07718,0.66924,1.06576,0.57059,1.38095,1,0.37537,0.60575,1.10081,1.28936,0.70567,1.29071,1.06096,0.97759,0.9904,1.23784,0.9674,0.72563,1.16246,0.91011,0.99204,1.14276,0.91388,1.02893,1.003,1.00087,1.00059,1,1.00001,0.92267,0.99717,0.99969,1.01474,1.20679
42.5,0.91944,1.22829,1.00871,1.30179,0.04816,1,1.30595,1.29819,1.19708,0.73435,1.27457,0.81473,1.01129,1.02655,0.9939,0.56138,1.11176,1.21493,0.94007,1.0268,0.99519,0.88014,1.14679,0.99217,0.9997,0.99974,0.99967,1,1,1.0994,0.99923,1.0005,0.99437,0.94034,1.09632,0.74834,0.99634,0.57496,1.37732,1,0.45317,0.62221,0.72901,1.27959,0.74276,1.2282,0.99569,0.98004,1.01317,1.26046,0.89961,0.74256,1.11169,0.98097,1.00805,1.13429,0.92457,1.02269,1.0006,1.00049,1.00026,1,1.00001,0.91053,1.00235,0.99975,1.01171,1.17759
42.52,0.90656,1.18677,1.05938,1.28083,0.20027,1,1.27976,1.28967,1.26869,0.78973,1.25978,0.99917,1.06423,1.01017,0.98555,0.54489,1.15246,1.20321,0.99252,0.96174,0.98066,0.89352,1.13064,0.99496,1.00206,0.99995,1.0003,1,1,1.1105,0.99648,1.00037,0.99611,0.9599,1.10839,0.82278,0.9719,0.64788,1.36361,1,0.55718,0.65111,0.53392,1.25441,0.77565,1.00205,0.97213,0.99261,1.03004,1.26546,0.84731,0.76608,1.01775,1.08373,1.03083,1.12301,0.93631,1.01488,0.99895,1.00009,0.99994,1,1.00001,0.89777,1.01048,0.99981,1.00815,1.13831
42.54,0.90636,1.14129,1.0575,1.21148,0.36028,1,1.2365,1.27775,1.29796,0.87052,1.24523,1.19783,1.08291,0.99211,0.98216,0.58242,1.16959,1.1878,1.08066,0.92038,0.96865,0.90819,1.11429,0.99776,1.00489,1.00033,1.00136,1,1,1.11718,0.99403,1.00025,0.99819,0.97767,1.10857,0.88368,0.97291,0.80546,1.34405,1,0.68515,0.68705,0.42128,1.20038,0.80333,0.79545,0.9622,1.02141,1.03652,1.25382,0.8215,0.79436,0.94041,1.14507,1.04808,1.1098,0.94703,1.00673,0.99751,0.99984,0.99973,1,1.00001,0.88977,1.01752,0.99988,1.00384,1.09002
42.56,0.92223,1.10279,0.99707,0.91447,0.39249,1,1.16307,1.26289,1.31147,0.97296,1.23186,1.2576,1.08144,0.97801,0.98247,0.68768,1.16634,1.16895,1.13908,0.89169,0.96083,0.92287,1.1003,1.00045,1.00775,1.00076,1.00251,1,1,1.11726,0.99212,1.00011,1.0013,0.99173,1.09361,0.92391,1.00478,1.12676,1.33921,1,0.82903,0.72585,0.35969,1.06476,0.8255,0.66541,0.96302,1.05496,1.03594,1.21522,0.82661,0.82541,0.88021,1.17682,1.05862,1.09562,0.95539,0.99965,0.99603,0.99964,0.99951,1,1,0.88967,1.02283,0.99994,0.9993,1.03844
42.58,0.95436,1.08412,0.93278,0.6721,0.27291,1,1.03778,1.2452,1.31671,1.11906,1.22032,1.28367,1.06322,0.96554,0.98544,0.89183,1.14078,1.14744,1.17479,0.87608,0.95786,0.93651,1.09035,1.00426,1.01042,1.00116,1.00365,1,1,1.1099,0.99092,0.99999,1.00688,1.00129,1.05952,0.94063,1.09028,1.27528,1.35553,1,0.97093,0.76511,0.33376,0.89104,0.84255,0.58518,0.97264,1.08052,1.03024,1.10064,0.86351,0.85684,0.83244,1.19147,1.0625,1.08149,0.96094,0.99672,0.99463,0.99945,0.99928,1,1,0.89849,1.02611,1.00002,0.99628,0.99834
42.6,0.99959,1.08931,0.85766,0.51671,0.13194,1,0.94807,1.224,1.3161,1.19025,1.21087,1.2955,1.02606,0.95696,0.99022,1.20647,1.083,1.12521,1.19488,0.87382,0.9596,0.94818,1.08461,1.00679,1.01262,1.00149,1.00464,1,1,1.09492,0.99049,0.99993,1.01285,1.00666,1.0006,0.93614,1.15846,1.31749,1.37023,1,1.11118,0.80451,0.33686,0.78667,0.85529,0.54175,0.98971,1.09624,1.02077,0.88834,0.93052,0.88556,0.8005,1.19346,1.06024,1.06858,0.964,0.99475,0.99347,0.9993,0.99908,1,1,0.91547,1.02726,1.00014,0.99296,0.9914
42.62,1.07965,1.11064,0.78652,0.42459,0.03324,1,0.92213,1.19709,1.30971,1.22279,1.20332,1.29868,0.98298,0.95421,0.99607,1.2899,0.98418,1.10551,1.20243,0.8851,0.96548,0.95705,1.08198,1.00809,1.01404,1.00173,1.00535,1,1,1.07257,0.99083,0.99988,1.01889,0.99946,0.9642,0.91638,1.20454,1.33484,1.37847,1,1.1483,0.84544,0.36811,0.72152,0.86476,0.52916,1.0241,1.101,1.00857,0.75459,1.0403,0.90834,0.78735,1.1832,1.05241,1.05821,0.96537,0.99372,0.99271,0.99919,0.99894,1,1,0.93867,1.02634,1.00024,0.98952,1.00276
42.64,1.1291,1.13722,0.72811,0.38027,0,1,0.93937,1.15986,1.29552,1.23562,1.19717,1.29449,0.94915,0.95868,1.00464,1.31768,0.91942,1.09185,1.19809,0.90978,0.97481,0.96241,1.08107,1.00822,1.01445,1.00183,1.00564,1,1,1.04324,0.99191,0.99985,1.02469,0.98891,0.93302,0.88835,1.23376,1.34184,1.38095,1,1.12461,0.89006,0.43171,0.69152,0.87205,0.54565,1.06574,1.09321,0.9974,0.66871,1.15005,0.92285,0.79499,1.15763,1.0394,1.0517,0.96585,0.99362,0.99249,0.99914,0.99888,1,1,0.96575,1.02341,1.0003,0.98612,1.05004
42.66,1.15817,1.16179,0.68581,0.37635,0,1,1.00446,1.10326,1.26758,1.23426,1.19181,1.2816,0.91691,0.97116,1.01608,1.32853,0.86675,1.08605,1.18023,0.94677,0.98693,0.96365,1.08097,1.00722,1.01376,1.00179,1.00548,1,1,1.00746,0.99364,0.99983,1.02997,0.97248,0.90977,0.85836,1.25143,1.34243,1.38095,1,0.99679,0.94018,0.53772,0.69484,0.87812,0.59229,1.09916,1.06941,0.99076,0.62328,1.20356,0.92873,0.82419,1.10859,1.02127,1.05017,0.96589,0.99441,0.99286,0.99916,0.99891,1,1,0.99451,1.01862,1.00033,0.98295,1.10573
42.68,1.17345,1.18095,0.66026,0.4134,0,1,1.14201,1.0083,1.20872,1.21769,1.18668,1.25521,0.89121,0.9918,1.0253,1.33115,0.82918,1.08691,1.14427,0.993,1.00237,0.96028,1.08158,1.00509,1.01199,1.00161,1.00487,1,1,0.98468,0.99589,0.99984,1.03442,0.95154,0.89559,0.8316,1.26097,1.33668,1.38095,1,0.85965,0.9962,0.70301,0.73271,0.8837,0.67188,1.12234,1.02221,0.98516,0.61094,1.23132,0.92787,0.87387,1.01807,0.99899,1.05431,0.96558,0.99608,0.9938,0.99924,0.99904,1,1,1.04041,1.01219,1.00033,0.98022,1.15652
42.7,1.17849,1.19334,0.65137,0.5022,0,1,1.22309,0.94257,1.05217,1.17647,1.18136,1.20267,0.87754,1.03585,1.03136,1.32797,0.80824,1.09076,1.08144,1.068,1.03069,0.95198,1.08347,1.00179,1.00934,1.00133,1.00389,1,1,0.96841,0.99851,0.99985,1.03769,0.92804,0.89056,0.81242,1.26411,1.32051,1.38095,1,0.71694,1.08505,0.94947,0.81039,0.88926,0.78692,1.13362,0.97252,0.98136,0.62585,1.24422,0.92397,0.93972,0.94712,0.986,1.0642,0.9646,0.99863,0.9952,0.99938,0.99923,1,1,1.07601,1.00451,1.00029,0.97818,1.1972
42.72,1.17477,1.19827,0.65933,0.67327,0,1,1.27072,0.8907,0.87612,1.07401,1.17543,1.08518,0.88144,1.0832,1.03313,1.31901,0.80501,1.09321,0.9894,1.1145,1.05545,0.9387,1.08752,0.99865,1.00606,1.00097,1.00267,1,1,0.95585,1.00253,0.99988,1.03922,0.90401,0.89428,0.80433,1.2613,1.27488,1.38095,1,0.58775,1.13954,1.21781,0.93933,0.89521,0.93637,1.13047,0.92914,0.98023,0.66361,1.24607,0.92145,1.02476,0.90025,0.97316,1.07913,0.96246,1.00407,0.9969,0.99955,0.99948,1,1,1.09949,0.99806,1.00024,0.97721,1.22776
42.74,1.1621,1.19482,0.68508,1.02365,0.07093,1,1.30002,0.84946,0.78157,0.91418,1.16807,0.92154,0.9079,1.12283,1.02902,1.30193,0.82035,1.09061,0.93944,1.13652,1.07621,0.92082,1.09434,0.99589,1.00244,1.00057,1.00132,1,1,0.94754,1.00779,0.99991,1.03815,0.88112,0.90627,0.81002,1.25172,0.98736,1.37549,1,0.479,1.1732,1.2783,1.1564,0.90222,1.13591,1.1076,0.88464,0.98284,0.72173,1.23695,0.92412,1.11257,0.87388,0.96111,1.09766,0.95875,1.01221,0.99876,0.99973,0.99974,1,1,1.11346,0.99396,1.00018,0.97789,1.25011
42.76,1.13837,1.18106,0.73055,1.28803,0.30061,1,1.31896,0.81797,0.73477,0.79283,1.1577,0.83094,0.96128,1.15534,1.0165,1.26916,0.85477,1.08018,0.90602,1.13928,1.09298,0.8993,1.10384,0.9927,0.99935,1.00017,0.99997,1,1,0.94371,1.01246,0.99994,1.0332,0.86056,0.92608,0.83143,1.23266,0.62472,1.35212,1,0.39083,1.19472,1.2974,1.25277,0.91153,1.21778,1.05167,0.84068,0.99051,0.80021,1.21315,0.93451,1.15372,0.87035,0.95037,1.11792,0.95334,1.02123,1.0013,0.99992,1.00002,1,1,1.11953,0.99025,1.00012,0.98097,1.26626
42.78,1.09881,1.15276,0.79854,1.33551,1.28208,1,1.33164,0.79423,0.72858,0.68948,1.14134,0.7772,1.07153,1.18199,0.99566,1.19257,0.90789,1.05937,0.88902,1.12266,1.10589,0.8757,1.11523,0.98925,0.99757,0.9999,0.99931,1,1,0.94435,1.01626,0.99997,1.02234,0.84319,0.95316,0.8699,1.19768,0.41063,0.64791,1,0.32128,1.20906,1.29959,1.29565,0.92492,1.24913,0.96836,0.79813,1.00945,0.90177,1.16368,0.95377,1.17107,0.89083,0.94141,1.13789,0.94644,1.03055,1.00484,1.0002,1.00054,1,1,1.11852,0.98718,1.00006,0.9875,1.27775
42.8,1.03353,1.10046,0.89243,1.3543,1.37239,1,1.34022,0.77561,0.76088,0.60721,1.11334,0.75556,1.1669,1.20391,0.97586,0.94729,0.97727,1.02512,0.88706,1.0797,1.11491,0.85208,1.12726,0.98582,0.99599,0.99973,0.99872,1,1,0.94931,1.01892,0.99999,1.00228,0.82978,0.9866,0.92608,1.13005,0.27812,0.10771,1,0.26827,1.21933,1.28735,1.31833,0.94482,1.25954,0.90135,0.75755,1.04807,1.05419,1.05572,0.98184,1.17295,0.9363,0.93475,1.15587,0.93862,1.03946,1.00795,1.00051,1.001,1,1,1.11058,0.98501,1.00001,0.99878,1.28554
42.82,0.96769,0.99991,1.02971,1.36368,1.38095,1,1.34593,0.7592,0.83476,0.54668,1.0608,0.76427,1.22147,1.22199,0.94869,0.75166,1.08666,0.98719,0.89828,0.99395,1.11999,0.83055,1.13869,0.98267,0.99469,0.99959,0.99822,1,1,0.95831,1.02022,1.00002,0.98498,0.82097,1.04365,1.00022,0.98692,0.19475,0,1,0.22991,1.22776,1.24913,1.33112,0.9744,1.25548,0.83787,0.71941,1.09147,1.18627,0.92682,1.03264,1.16188,1.01569,0.93084,1.17077,0.93062,1.04728,1.01047,1.00077,1.00139,1,1,1.09514,0.98393,0.99999,1.02997,1.29022
42.84,0.91974,0.93003,1.17472,1.36878,1.38095,1,1.34952,0.74204,0.95984,0.50683,0.97613,0.80431,1.25388,1.23689,0.91424,0.6058,1.15602,0.95823,0.92088,0.92895,1.12117,0.81266,1.14863,0.98006,0.99372,0.99949,0.99784,1,1,0.97097,1.02006,1.00004,0.9626,0.81712,1.09603,1.12043,0.88344,0.14302,0,1,0.20436,1.23601,1.10643,1.33826,1.03252,1.23442,0.78347,0.68418,1.13496,1.24605,0.84216,1.09139,1.13671,1.13411,0.92992,1.18219,0.92315,1.05354,1.01232,1.00096,1.00168,1,1,1.07084,0.98407,0.99998,1.06809,1.29217
42.86,0.87729,0.86471,1.23823,1.37154,1.38095,1,1.35147,0.72145,1.16389,0.48599,0.90254,0.87913,1.27351,1.24905,0.87341,0.49623,1.19393,0.92732,0.95326,0.86297,1.11866,0.79928,1.15661,0.97812,0.99312,0.99942,0.99758,1,1,0.98677,1.01851,1.00005,0.93357,0.8182,1.13333,1.18704,0.7948,0.11291,0,1,0.18997,1.24523,0.79441,1.34165,1.11072,1.18028,0.7408,0.6524,1.17491,1.27924,0.77999,1.13821,1.09207,1.20261,0.93188,1.19022,0.9168,1.05807,1.01348,1.00108,1.00189,1,1,1.03534,0.98535,0.99998,1.10862,1.29163
42.88,0.84265,0.80626,1.27277,1.37279,1.38095,1,1.35207,0.69526,1.25104,0.48282,0.81884,0.99369,1.28502,1.25871,0.82804,0.41544,1.21473,0.89446,0.9935,0.80105,1.11295,0.79075,1.16233,0.97689,0.99285,0.99939,0.99743,1,1,1.00944,1.01586,1.00004,0.89808,0.82378,1.15903,1.22775,0.72084,0.09868,0,1,0.18549,1.25599,0.59092,1.34215,1.17313,1.01507,0.71109,0.62498,1.20924,1.29931,0.73901,1.17619,1.0155,1.24445,0.93623,1.19513,0.91203,1.06088,1.01399,1.00114,1.002,1,1,0.99302,0.98751,0.99998,1.14817,1.28876
42.9,0.81824,0.75629,1.29359,1.37292,1.38095,1,1.35144,0.66224,1.29103,0.49686,0.72963,1.16224,1.29059,1.26588,0.7807,0.35946,1.2244,0.85955,1.06345,0.74723,1.1049,0.78715,1.16555,0.97635,0.99286,0.99938,0.99738,1,1,1.04207,1.01263,1.00003,0.85715,0.83308,1.17509,1.254,0.66111,0.09721,0,1,0.19022,1.26822,0.45034,1.33991,1.22098,0.8504,0.69515,0.60322,1.23728,1.31151,0.7179,1.20753,0.95502,1.27081,0.94212,1.19716,0.90925,1.06211,1.01396,1.00116,1.00204,1,1,0.96676,0.99012,0.99999,1.18414,1.2837
42.92,0.8063,0.71563,1.30668,1.37206,1.38095,1,1.34956,0.6224,1.31207,0.52874,0.64065,1.23309,1.29107,1.27049,0.73412,0.32598,1.22529,0.82305,1.11454,0.70433,1.09571,0.78835,1.16608,0.97642,0.99311,0.99938,0.9974,1,1,1.06814,1.00943,1.00001,0.81269,0.84512,1.18241,1.27132,0.61506,0.10706,0,1,0.20403,1.28132,0.35678,1.33445,1.25666,0.72603,0.69373,0.58852,1.25941,1.31824,0.71588,1.23342,0.90777,1.28743,0.94853,1.19649,0.90879,1.06196,1.01349,1.00116,1.00203,1,1,0.94299,0.99267,1,1.21498,1.27655
42.94,0.80849,0.68405,1.31491,1.37017,1.38095,1,1.34627,0.57722,1.32366,0.58053,0.55777,1.26825,1.28643,1.27249,0.69069,0.31325,1.21773,0.78653,1.14816,0.67383,1.08662,0.79411,1.16378,0.97699,0.99355,0.99939,0.99748,1,1,1.08769,1.0068,1,0.76748,0.85902,1.1811,1.28288,0.58171,0.12808,0,1,0.22748,1.29434,0.29756,1.3243,1.28265,0.6349,0.70716,0.58198,1.27645,1.3207,0.73263,1.25431,0.869,1.29749,0.95456,1.19322,0.91078,1.06066,1.01265,1.00114,1.00197,1,1,0.92325,0.99474,1.00001,1.2401,1.26735
42.96,0.8256,0.66035,1.31984,1.36706,1.38095,1,1.3412,0.52943,1.3298,0.65586,0.4863,1.28714,1.27591,1.2718,0.65234,0.31976,1.20043,0.75289,1.16973,0.6562,1.07863,0.80396,1.15872,0.97795,0.99415,0.9994,0.99762,1,1,1.10132,1.00504,0.99999,0.72506,0.87418,1.17041,1.29067,0.55981,0.1611,0,1,0.26186,1.30637,0.26355,1.30581,1.30103,0.57296,0.73493,0.58424,1.28928,1.31945,0.76778,1.27027,0.83986,1.30276,0.95962,1.18746,0.91506,1.05845,1.01149,1.00113,1.00186,1,1,0.90837,0.99611,1.00002,1.25949,1.25591
42.98,0.85747,0.64266,1.32233,1.36235,1.38095,1,1.3337,0.48266,1.33239,0.75939,0.43092,1.29691,1.2582,1.26828,0.62097,0.34408,1.17052,0.72635,1.18244,0.65163,1.07227,0.81713,1.15121,0.97916,0.99493,0.99941,0.99783,1,1,1.10974,1.0042,0.99999,0.68964,0.89025,1.14848,1.29604,0.54816,0.20744,0,1,0.30903,1.31673,0.24861,1.26907,1.3133,0.53621,0.77483,0.59561,1.29854,1.31465,0.82004,1.28112,0.82076,1.30406,0.9635,1.17941,0.92114,1.05566,1.01,1.0011,1.00169,1,1,0.89868,0.99677,1.00003,1.27329,1.24182
43,0.90267,0.62885,1.32283,1.35552,1.38095,1,1.32273,0.44067,1.33238,0.89537,0.39593,1.30035,1.23209,1.26166,0.59867,0.38394,1.12345,0.71215,1.18799,0.66048,1.06755,0.83246,1.14203,0.98044,0.99591,0.99944,0.99812,1,1,1.11346,1.00404,0.99998,0.66596,0.90702,1.1119,1.3,0.54578,0.268,0,1,0.37113,1.32503,0.24866,1.17713,1.32032,0.52234,0.82182,0.61616,1.30453,1.30633,0.88572,1.28641,0.81193,1.30151,0.96629,1.1695,0.92816,1.05265,1.00811,1.00105,1.00146,1,1,0.89426,0.99689,1.00003,1.28153,1.22439
43.02,0.95844,0.61689,1.32152,1.34589,1.38095,1,1.30654,0.4065,1.33023,1.09529,0.38524,1.29825,1.19838,1.25142,0.58749,0.43555,1.05369,0.71568,1.18704,0.6834,1.06409,0.84851,1.13237,0.98162,0.99711,0.99949,0.99853,1,1,1.11283,1.00421,0.99998,0.65858,0.92439,1.05478,1.30328,0.55202,0.34232,0,1,0.45051,1.33119,0.26108,0.91783,1.32236,0.53086,0.86809,0.64587,1.30737,1.2946,0.95796,1.28513,0.81347,1.29447,0.9683,1.15843,0.93511,1.04981,1.00576,1.00095,1.00115,1,1,0.89501,0.99676,1.00004,1.28396,1.20244
43.04,1.03772,0.60531,1.31837,1.33257,1.38095,1,1.28174,0.38187,1.32605,1.21084,0.40288,1.28995,1.16271,1.2366,0.58903,0.49381,0.98098,0.74155,1.17964,0.72119,1.06122,0.86394,1.12353,0.9826,0.99854,0.99958,0.99905,1,1,1.10808,1.00431,0.99998,0.67132,0.94254,0.98477,1.30633,0.56651,0.4281,0,1,0.55017,1.33533,0.28454,0.74712,1.31897,0.56277,0.90522,0.68489,1.30699,1.27988,1.0476,1.27507,0.82511,1.28128,0.96994,1.14707,0.9411,1.04744,1.00293,1.00079,1.00074,1,1,0.90061,0.99668,1.00004,1.27973,1.17371
43.06,1.11563,0.5935,1.31319,1.31448,1.38095,1,1.24082,0.36747,1.31962,1.25704,0.4542,1.27311,1.13605,1.21557,0.60429,0.5535,0.94512,0.79312,1.16548,0.77422,1.05821,0.87775,1.1166,0.98333,1.00038,0.9997,0.99969,1,1,1.09946,1.00401,0.99998,0.70729,0.96185,0.94243,1.30932,0.58899,0.52137,0,1,0.67423,1.33765,0.31886,0.63458,1.30833,0.62001,0.92748,0.7335,1.30306,1.26288,1.11441,1.25085,0.84589,1.2585,0.97163,1.13623,0.94558,1.04567,0.99981,1.00057,1.00024,1,1,0.91046,0.99691,1.00004,1.26665,1.13371
43.08,1.16088,0.5818,1.30562,1.29034,1.38095,1,1.16423,0.36362,1.3104,1.28019,0.54685,1.24258,1.12718,1.18571,0.6337,0.61067,0.92371,0.8714,1.14446,0.84118,1.05433,0.88929,1.11211,0.98383,1.00397,0.99985,1.00083,1,1,1.08746,1.00307,0.99998,0.7689,0.98283,0.90736,1.31217,0.61908,0.61688,0,1,0.82722,1.33825,0.36481,0.56089,1.28567,0.70397,0.93407,0.79163,1.2949,1.24438,1.14464,1.19772,0.87363,1.21915,0.97378,1.12665,0.94838,1.04443,0.99798,1.00028,0.99984,1,1,0.92349,0.99765,1.00004,1.23939,1.07276
43.1,1.18775,0.57139,1.29518,1.25879,1.38095,1,0.99193,0.37088,1.29736,1.29252,0.68938,1.18775,1.13357,1.14311,0.67693,0.66404,0.91523,0.97222,1.11765,0.91726,1.04883,0.89821,1.11002,0.9842,1.00757,1.00004,1.00234,1,1,1.07311,1.0013,0.99998,0.85714,1.01155,0.88082,1.31462,0.65592,0.70909,0,1,1.02188,1.33711,0.42385,0.51511,1.23832,0.81232,0.92936,0.85814,1.28127,1.22476,1.15514,1.06523,0.90448,1.14888,0.97675,1.11889,0.94965,1.04352,0.99612,0.99998,0.99954,1,1,0.93814,0.999,1.00004,1.18414,0.98497
43.12,1.20264,0.56392,1.28126,1.21844,1.38095,1,0.87754,0.39039,1.27862,1.29849,0.88605,1.08612,1.14478,1.08181,0.73298,0.71527,0.91785,1.11256,1.08831,0.99355,1.04102,0.9044,1.10984,0.98455,1.01094,1.0004,1.0038,1,1,1.05805,0.99932,0.99998,0.97056,1.05351,0.86361,1.31632,0.69821,0.79353,0,1,1.19599,1.33393,0.49851,0.49101,1.12481,0.93553,0.92062,0.93055,1.2599,1.20333,1.15198,0.90045,0.93352,1.0167,0.98083,1.1133,0.94976,1.04265,0.99436,0.99981,0.99925,1,1,0.95252,1.00208,1.00004,1.05532,0.92544
43.14,1.20868,0.56113,1.26294,1.16778,1.38095,1,0.79814,0.4243,1.2501,1.29994,1.14701,0.95728,1.1515,0.99608,0.80064,0.76765,0.92976,1.17902,1.06149,1.08865,1.03029,0.908,1.11087,0.98498,1.01385,1.00073,1.00508,1,1,1.04423,0.99755,0.99998,1.13078,1.08915,0.85603,1.31695,0.74459,0.86784,0,1,1.25156,1.32804,0.59376,0.48492,0.92044,1.08565,0.91507,1.01089,1.22626,1.17822,1.13666,0.80928,0.9566,0.92761,0.9862,1.10998,0.94913,1.04156,0.99281,0.99966,0.99899,1,1,0.96489,1.00737,1.00004,0.90387,0.86788
43.16,1.20738,0.56461,1.23867,1.1046,1.38095,1,0.74389,0.47621,1.20142,1.29761,1.23846,0.89449,1.14761,0.94897,0.87884,0.82421,0.94932,1.20676,1.04134,1.13283,1.0162,0.90934,1.11251,0.98556,1.01618,1.00102,1.00612,1,1,1.03342,0.99541,0.99998,1.20576,1.11921,0.85769,1.31616,0.794,0.93178,0,1,1.27724,1.31806,0.71954,0.49463,0.8149,1.16571,0.91831,1.10973,1.17017,1.14655,1.10776,0.75914,0.97213,0.87852,0.99285,1.10873,0.94813,1.04012,0.99155,0.99952,0.99879,1,1,0.97407,1.0136,1.00004,0.80681,0.8133
43.18,1.19934,0.57599,1.20587,1.02514,1.38095,1,0.70773,0.55154,1.09786,1.29166,1.26828,0.85747,1.12657,0.91109,0.96613,0.88595,0.97472,1.21528,1.02762,1.15302,0.99936,0.90896,1.11426,0.98626,1.0179,1.00125,1.0069,1,1,1.02678,0.99304,0.99998,1.24221,1.14402,0.8676,1.31355,0.84558,0.98652,0,1,1.29091,1.30101,0.89547,0.51848,0.7574,1.19851,0.93451,1.16172,1.06473,1.10505,1.06111,0.74183,0.98194,0.85194,1.00109,1.10909,0.94704,1.03833,0.99062,0.99941,0.99863,1,1,0.97951,1.02028,1.00003,0.73717,0.76335
43.2,1.18472,0.59707,1.16025,0.96872,1.37409,1,0.68439,0.6582,0.92222,1.28193,1.27906,0.8342,1.0741,0.88134,1.08892,0.95037,1.00725,1.21148,1.01433,1.16313,0.98985,0.90749,1.11575,0.98704,1.019,1.00142,1.0074,1,1,1.02463,0.99065,0.99999,1.26144,1.16366,0.88408,1.30843,0.89831,1.05595,0.0878,1,1.29862,1.26963,1.16785,0.55471,0.73167,1.21557,0.96701,1.19253,0.93937,1.05133,0.99485,0.74967,0.99088,0.83743,1.01668,1.11046,0.94611,1.03634,0.99002,0.99933,0.99853,1,1,0.98124,1.02682,1.00003,0.69088,0.72021
43.22,1.16341,0.63004,1.0945,0.93564,1.33513,1,0.66962,0.80841,0.79601,1.2681,1.2814,0.81324,0.97555,0.85877,1.1639,1.02142,1.05624,1.19832,0.99576,1.17157,0.98073,0.90568,1.11667,0.9878,1.01951,1.00151,1.00764,1,1,1.02654,0.98848,0.99999,1.2709,1.17827,0.90508,1.29967,0.95093,1.10221,0.41789,1,1.30312,1.20068,1.27131,0.60113,0.72562,1.22911,1.03391,1.21179,0.86173,0.99357,0.95571,0.77536,1.01024,0.82464,1.03073,1.11213,0.94553,1.03436,0.98974,0.99929,0.99848,1,1,0.9797,1.03259,1.00002,0.66495,0.68576
43.24,1.13493,0.67747,0.99763,0.913,0.55148,1,0.6596,1.04062,0.68614,1.24961,1.2796,0.78627,0.8931,0.84261,1.20367,1.09127,1.09084,1.1772,0.97611,1.18323,0.97257,0.90426,1.11673,0.98848,1.01948,1.00154,1.00764,1,1,1.03165,0.98671,0.99999,1.27359,1.18832,0.92871,1.28511,1.00387,1.12835,1.30866,1,1.30602,0.97996,1.31292,0.6554,0.73027,1.24444,1.12073,1.22389,0.80344,0.96706,0.92251,0.81227,1.05222,0.80584,1.0426,1.11344,0.94549,1.03258,0.98976,0.99927,0.99848,1,1,0.97553,1.03719,1.00002,0.65713,0.66081
43.26,1.09796,0.74219,0.94427,0.90212,0.17038,1,0.65055,1.23015,0.59094,1.22556,1.27594,0.75031,0.80912,0.83225,1.2266,1.12423,1.11421,1.14892,0.9477,1.19899,0.96559,0.90394,1.11564,0.98907,1.01899,1.00151,1.00743,1,1,1.03893,0.9854,0.99999,1.27069,1.19445,0.95368,1.26035,1.07727,1.13962,1.36661,1,1.30854,0.79383,1.33513,0.71527,0.73944,1.26191,1.18126,1.23101,0.76154,0.95045,0.89677,0.8548,1.10061,0.77815,1.05227,1.11373,0.94618,1.03104,0.99003,0.99929,0.99852,1,1,0.96945,1.04051,1.00002,0.66553,0.64503
43.28,1.04978,0.82647,0.9033,0.90711,0.03595,1,0.63869,1.28766,0.50999,1.19476,1.27181,0.70779,0.73246,0.82731,1.23978,1.13825,1.12864,1.11448,0.91282,1.21645,0.95972,0.90542,1.11304,0.9896,1.01812,1.00142,1.00706,1,1,1.04733,0.98455,0.99999,1.2625,1.19743,0.97929,1.21513,1.12013,1.13454,1.37827,1,1.31172,0.65749,1.3486,0.77846,0.74932,1.27916,1.22183,1.23425,0.7338,0.94228,0.87929,0.89825,1.14617,0.74387,1.06008,1.11237,0.9478,1.02965,0.99051,0.99933,0.9986,1,1,0.96218,1.04265,1.00001,0.68809,0.63722
43.3,0.99281,0.93047,0.87433,0.93528,0,1,0.62043,1.31438,0.44353,1.15599,1.26791,0.66472,0.67039,0.8277,1.2463,1.14175,1.13543,1.07584,0.87601,1.23229,0.95467,0.90941,1.10851,0.99014,1.01698,1.00131,1.00658,1,1,1.05589,0.98404,1,1.24889,1.19802,1.01041,1.11987,1.14542,1.10267,1.38095,1,1.31632,0.55811,1.35727,0.8422,0.75824,1.29376,1.24783,1.234,0.71894,0.94012,0.87058,0.93868,1.18307,0.70894,1.06657,1.10867,0.95057,1.02819,0.99112,0.99938,0.99869,1,1,0.9545,1.04391,1.00001,0.72198,0.63564
43.32,0.95896,1.07857,0.85754,0.99732,0,1,0.59303,1.32889,0.39152,1.10894,1.26436,0.62752,0.62762,0.83352,1.24739,1.14027,1.13502,1.0362,0.84226,1.24409,0.95002,0.91661,1.10152,0.99083,1.01572,1.0012,1.00607,1,1,1.06383,0.98373,1,1.22964,1.19704,1.05417,0.94531,1.15855,1.00538,1.38095,1,1.32267,0.48752,1.36296,0.90284,0.76603,1.30455,1.26311,1.23016,0.71638,0.94104,0.87113,0.97321,1.20992,0.68011,1.0724,1.1018,0.95469,1.02634,0.99181,0.99944,0.9988,1,1,0.94711,1.04469,1.00001,0.7635,0.63825
43.34,0.92677,1.17683,0.85299,1.13317,0,1,0.5553,1.33715,0.35308,1.05657,1.26097,0.60077,0.60622,0.8448,1.24331,1.13843,1.12698,0.99976,0.81537,1.25074,0.94522,0.92778,1.09137,0.99179,1.01444,1.00109,1.00557,1,1,1.07073,0.98344,1,1.20468,1.19526,1.08911,0.83763,1.16195,0.90582,1.38095,1,1.33048,0.43997,1.36667,0.95542,0.77319,1.31146,1.27008,1.22232,0.72586,0.94217,0.88137,1.00066,1.22781,0.66264,1.07822,1.09065,0.96039,1.02374,0.99249,0.99949,0.9989,1,1,0.94047,1.0454,1,0.80859,0.64292
43.36,0.89558,1.222,0.86015,1.21666,0,1,0.50807,1.34165,0.32683,1.00921,1.25755,0.58694,0.60654,0.86133,1.23361,1.1401,1.10999,0.98577,0.79751,1.25172,0.93974,0.94368,1.07715,0.99315,1.01328,1.00101,1.00514,1,1,1.07653,0.983,1,1.17419,1.19345,1.11813,0.76113,1.15658,0.79665,1.38095,1,1.33896,0.4114,1.369,0.99344,0.78017,1.31479,1.26997,1.20976,0.74716,0.94114,0.90165,1.03597,1.23831,0.66001,1.08468,1.07364,0.96784,1.01997,0.99311,0.99952,0.99898,1,1,0.93474,1.04647,1,0.85356,0.64763
43.38,0.8651,1.24562,0.87775,1.26561,0,1,0.45408,1.34346,0.31156,0.99363,1.254,0.5874,0.62818,0.88238,1.21717,1.14779,1.08144,0.9763,0.78979,1.24614,0.93305,0.96499,1.05773,0.99506,1.01233,1.00096,1.0048,1,1,1.08143,0.98228,1,1.13891,1.19238,1.1428,0.70961,1.14262,0.69155,1.38095,1,1.34727,0.39928,1.37028,1.01715,0.78714,1.31469,1.26292,1.19156,0.77964,0.93627,0.93207,1.05686,1.24255,0.67482,1.09229,1.0485,0.97714,1.01459,0.99362,0.99955,0.99905,1,1,0.92977,1.04823,1,0.89543,0.65042
43.4,0.83549,1.25787,0.90353,1.29429,0.00888,1,0.3972,1.34296,0.30652,1.00765,1.25042,0.60332,0.67022,0.90655,1.19222,1.16197,1.03681,0.96912,0.79287,1.23189,0.92472,0.99221,1.03169,0.99761,1.0117,1.00092,1.00459,1,1,1.08578,0.98113,1,1.10055,1.19274,1.1639,0.67868,1.11992,0.60303,1.3803,1,1.35474,0.40265,1.3707,0.99456,0.79392,1.31083,1.2479,1.16689,0.82187,0.92655,0.97221,1.07135,1.24088,0.70987,1.10138,1.01168,0.98824,1.00717,0.99395,0.99957,0.99909,1,1,0.92526,1.051,1,0.93203,0.64948
43.42,0.80738,1.26274,0.93407,1.31085,0.08945,1,0.34118,1.34003,0.31158,1.06649,1.24705,0.63633,0.73111,0.93179,1.15629,1.1811,0.98532,0.96201,0.80719,1.2038,0.91448,1.04463,0.99864,1.00176,1.01151,1.00089,1.00452,1,1,1.08995,0.97947,1.00001,1.06186,1.19505,1.18176,0.66544,1.08885,0.53757,1.37395,1,1.36108,0.4219,1.37028,0.94642,0.80009,1.30213,1.22245,1.13547,0.87124,0.91175,1.03764,1.08469,1.23274,0.76912,1.11199,0.981,1.00188,0.99865,0.99405,0.99958,0.99911,1,1,0.92085,1.05494,1,0.96209,0.64348
43.44,0.78165,1.26183,0.96494,1.31975,0.23457,1,0.28886,1.33401,0.32709,1.13704,1.24418,0.68876,0.80868,0.95575,1.10652,1.20256,0.94984,0.95329,0.83314,1.14822,0.90233,1.09474,0.97896,1.00945,1.01185,1.00084,1.0046,1,1,1.09413,0.97724,1.00001,1.02624,1.19943,1.19653,0.66796,1.05164,0.49652,1.35994,1,1.36626,0.45876,1.36898,0.86848,0.80518,1.28593,1.18153,1.09836,0.92394,0.89228,1.10692,1.09981,1.2163,0.85853,1.12385,0.954,1.02746,0.99265,0.99388,0.9996,0.99909,1,1,0.91634,1.0601,1,0.98519,0.63192
43.46,0.75948,1.25561,0.99076,1.32331,0.52754,1,0.24212,1.32337,0.35383,1.19836,1.2421,0.76362,0.89956,0.97602,1.04156,1.22378,0.91624,0.94222,0.8708,1.01882,0.88858,1.13482,0.95929,1.01785,1.01276,1.00077,1.00485,1,1,1.09827,0.97447,1.00001,0.99845,1.20549,1.2082,0.68464,1.01476,0.4787,1.31414,1,1.37039,0.51612,1.3666,0.77173,0.80877,1.25579,1.11511,1.05927,0.97472,0.86918,1.15393,1.11727,1.18759,0.98686,1.13639,0.92627,1.05059,0.98589,0.99339,0.99964,0.99904,1,1,0.91179,1.06631,1,1.00328,0.61553
43.48,0.74248,1.24391,1.01002,1.32255,1.21521,1,0.20235,1.30482,0.39269,1.24416,1.24106,0.86355,0.99712,0.99018,0.98553,1.24281,0.88653,0.92914,0.91938,0.89905,0.87399,1.16591,0.94076,1.02636,1.01428,1.00065,1.00524,1,1,1.10203,0.97128,1.00001,0.98867,1.21245,1.21657,0.71368,0.99578,0.48257,0.80171,1,1.37359,0.59754,1.36284,0.66992,0.81055,1.19364,1.00425,1.02633,1.03006,0.84418,1.18588,1.1358,1.13851,1.16933,1.14877,0.89941,1.07043,0.9788,0.99258,0.99969,0.99896,1,1,0.90757,1.07323,0.99999,1.02298,0.59617
43.5,0.73276,1.22636,1.00317,1.31755,1.33348,1,0.17068,1.27081,0.44432,1.27616,1.24122,0.98828,1.11773,0.99586,0.96568,1.25854,0.86277,0.91533,0.97642,0.8039,0.85969,1.18897,0.92482,1.03418,1.01637,1.00047,1.00575,1,1,1.10483,0.96789,1.00001,0.98336,1.2193,1.22114,0.75233,0.99868,0.50707,0.42772,1,1.37595,0.70591,1.35718,0.57478,0.81027,1.02721,0.9407,1.01148,1.06548,0.8195,1.20683,1.15323,1.05163,1.24284,1.16009,0.87539,1.0862,0.97207,0.99146,0.99978,0.99886,1,1,0.90437,1.08031,0.99999,1.03297,0.57652
43.52,0.73257,1.20276,0.97568,1.30748,1.35273,1,0.14789,1.19979,0.50875,1.29796,1.24257,1.14984,1.16506,0.99129,0.96714,1.27057,0.84674,0.90266,1.06158,0.72847,0.84698,1.20489,0.91292,1.04052,1.01896,1.0002,1.00636,1,1,1.10607,0.96456,1.00001,0.9813,1.22511,1.22123,0.79671,1.03701,0.55194,0.29583,1,1.37755,0.8417,1.34878,0.49319,0.80797,0.86686,0.90306,1.02352,1.06307,0.79748,1.21917,1.1676,0.95653,1.27848,1.16953,0.85619,1.09724,0.96644,0.99005,0.99991,0.99874,1,1,0.90295,1.08699,0.99999,1.03673,0.55933
43.54,0.7438,1.17356,0.92791,1.29003,1.35676,1,0.13424,0.99827,0.58541,1.31276,1.24477,1.21435,1.17847,0.97606,0.99252,1.279,0.83941,0.89306,1.12405,0.67361,0.8369,1.21457,0.90618,1.04484,1.02192,0.99992,1.00701,1,1,1.10529,0.96156,1.00001,0.98147,1.22929,1.21594,0.84231,1.09553,0.61793,0.26255,1,1.37848,1.0031,1.33618,0.42734,0.80414,0.76512,0.89001,1.05919,1.01605,0.78007,1.2244,1.1776,0.89753,1.29756,1.17664,0.84326,1.10325,0.96253,0.98841,1.00015,0.99861,1,1,0.90385,1.09282,1,1.03643,0.54669
43.56,0.76757,1.1404,0.86439,1.25982,1.3522,1,0.12973,0.84638,0.67273,1.32278,1.24713,1.24407,1.16588,0.95162,1.06939,1.28406,0.84071,0.88829,1.15918,0.63855,0.83012,1.21869,0.90517,1.04685,1.02508,0.9997,1.00767,1,1,1.1024,0.95908,1,0.98306,1.23155,1.20405,0.88472,1.15332,0.70649,0.29998,1,1.37878,1.17544,1.31662,0.37672,0.79994,0.70036,0.9023,1.10538,0.95493,0.76869,1.2235,1.1823,0.85458,1.30768,1.18123,0.83743,1.10413,0.96069,0.98665,1.00057,0.99847,1,1,0.90714,1.0975,1,1.03353,0.53974
43.58,0.80396,1.10695,0.79489,1.20379,1.33417,1,0.1345,0.74851,0.76675,1.32939,1.24865,1.25736,1.11705,0.92117,1.14116,1.28583,0.84944,0.89009,1.17776,0.6225,0.82702,1.21759,0.90997,1.04651,1.02818,0.99944,1.00825,1,1,1.09771,0.95727,1,0.98544,1.23181,1.18381,0.91996,1.1998,0.81791,0.42365,1,1.37846,1.23297,1.28489,0.34022,0.79718,0.66605,0.94116,1.14952,0.8889,0.76452,1.21719,1.18054,0.82797,1.31188,1.1833,0.83901,1.0999,0.961,0.9849,1.00105,0.99835,1,1,0.9124,1.10083,1,1.02911,0.53894
43.6,0.85157,1.07911,0.7296,1.08488,1.26062,1,0.14909,0.6876,0.85901,1.33332,1.24802,1.26002,0.98866,0.88903,1.19161,1.28403,0.86337,0.90032,1.18414,0.62551,0.82776,1.21112,0.92023,1.04394,1.03086,0.99917,1.00869,1,1,1.09196,0.95626,1,0.98815,1.23008,1.15276,0.94486,1.23309,0.94747,0.70794,1,1.37747,1.25895,1.23195,0.31716,0.79833,0.65872,1.01633,1.18521,0.82282,0.76875,1.20634,1.1701,0.8181,1.31111,1.1828,0.84799,1.09053,0.96335,0.98335,1.00156,0.99826,1,1,0.91869,1.10265,1.00001,1.02397,0.54426
43.62,0.9075,1.06324,0.67606,0.92855,0.73786,1,0.17476,0.6539,0.9364,1.33492,1.24357,1.253,0.87869,0.85948,1.22406,1.27782,0.87962,0.92109,1.17921,0.64886,0.83241,1.19846,0.93537,1.03934,1.0328,0.99891,1.00891,1,1,1.08619,0.95617,0.99999,0.99085,1.22641,1.10753,0.95757,1.25516,1.11081,1.24799,1,1.37565,1.27111,1.14759,0.30747,0.80624,0.67774,1.13269,1.21123,0.76654,0.7826,1.19234,1.1462,0.82576,1.30484,1.1797,0.86423,1.0759,0.96751,0.98223,1.00204,0.99822,1,1,0.92483,1.10282,1.00001,1.01872,0.55543
43.64,0.96801,1.06249,0.638,0.8505,0.43736,1,0.21391,0.64154,0.98518,1.33425,1.23291,1.2335,0.77271,0.83561,1.24357,1.2654,0.89543,0.95479,1.16103,0.69507,0.84095,1.17776,0.95476,1.0329,1.03371,0.99868,1.00884,1,1,1.08136,0.95704,0.99999,0.99334,1.22084,1.04326,0.95816,1.26867,1.18434,1.33182,1,1.37269,1.27524,1.04639,0.31158,0.82387,0.7251,1.2019,1.22876,0.72526,0.80733,1.17707,1.09729,0.85207,1.29062,1.17382,0.88758,1.0556,0.97318,0.9817,1.00246,0.99823,1,1,0.92984,1.10125,1.00002,1.01379,0.57201
43.66,1.04997,1.07439,0.61612,0.81228,0.29674,1,0.27043,0.64678,0.9979,1.33108,1.21169,1.19201,0.67942,0.81912,1.25398,1.24299,0.90887,1.00792,1.12351,0.76769,0.85324,1.14535,0.97777,1.0248,1.03346,0.99851,1.00848,1,1,1.07804,0.95882,0.99999,0.99548,1.21345,0.9792,0.94874,1.27576,1.21034,1.35261,1,1.36794,1.27351,1.00723,0.33043,0.85423,0.80533,1.24435,1.23941,0.70033,0.84392,1.16257,0.99447,0.89812,1.26163,1.16494,0.91778,1.02892,0.98011,0.98185,1.00278,0.99831,1,1,0.93322,1.09797,1.00002,1.00945,0.59334
43.68,1.11602,1.09254,0.60964,0.80744,0.22935,1,0.35002,0.6668,0.97761,1.32486,1.16995,1.09742,0.60373,0.81071,1.25765,1.2021,0.91907,1.10142,1.05184,0.87027,0.86897,1.09435,1.00704,1.01523,1.03206,0.99841,1.00785,1,1,1.07621,0.9614,0.99999,0.99722,1.20448,0.94217,0.93329,1.27777,1.2133,1.36052,1,1.36014,1.26662,1.0665,0.36552,0.90047,0.92497,1.27086,1.24445,0.69099,0.89274,1.15049,0.91278,0.96422,1.19653,1.15283,0.95424,0.99753,0.98802,0.98266,1.00296,0.99844,1,1,0.93506,1.09312,1.00002,1.00586,0.6183
43.7,1.15357,1.1102,0.6172,0.83204,0.20473,1,0.45988,0.69879,0.93603,1.31451,1.07735,0.93453,0.54858,0.81056,1.2559,1.11991,0.92613,1.1665,0.96313,1.00744,0.88746,1.0112,1.05264,1.00451,1.02963,0.9984,1.00702,1,1,1.07536,0.96454,0.99999,0.99855,1.19447,0.91376,0.91681,1.27542,1.19751,1.36315,1,1.34644,1.2546,1.14815,0.41889,0.96598,1.11931,1.28696,1.24454,0.69549,0.95283,1.1415,0.8292,1.07587,0.99492,1.13737,0.99559,0.97942,0.99652,0.98406,1.00298,0.9986,1,1,0.93591,1.08704,1.00001,1.00307,0.64497
43.72,1.17519,1.12272,0.63727,0.88403,0.21182,1,0.60822,0.73941,0.88734,1.29796,0.93186,0.82483,0.51561,0.81855,1.24935,0.96405,0.93082,1.21149,0.90144,1.16827,0.90778,0.95169,1.08749,0.99662,1.02641,0.99849,1.00609,1,1,1.07464,0.96795,1,0.99951,1.18432,0.89387,0.90415,1.26892,1.1568,1.3624,1,1.31923,1.23723,1.20744,0.4932,1.08289,1.22182,1.29556,1.23976,0.7117,1.03817,1.13523,0.74966,1.1586,0.82973,1.11862,1.06453,0.96248,1.01009,0.9859,1.00281,0.99879,1,1,0.93662,1.08019,1,1.00105,0.67087
43.74,1.18639,1.12783,0.66843,0.96278,0.24906,1,0.80316,0.7846,0.84274,1.27095,0.82141,0.74112,0.50547,0.83442,1.23808,0.86235,0.93403,1.24267,0.85025,1.22845,0.92892,0.90487,1.1134,0.99124,1.02262,0.99869,1.00515,1,1,1.07329,0.97134,1.00001,1.00026,1.17502,0.88229,0.89873,1.258,1.06509,1.35832,1,1.24878,1.21447,1.2438,0.59202,1.1715,1.26591,1.29807,1.22956,0.73755,1.1219,1.13079,0.67843,1.20406,0.71779,1.09686,1.11288,0.94758,1.02522,0.98802,1.00244,0.99898,1,1,0.93796,1.07309,0.99999,0.99986,0.69361
43.76,1.18965,1.12472,0.70916,1.09782,0.32171,1,1.07629,0.82939,0.80916,1.22365,0.72478,0.68235,0.51848,0.85769,1.22172,0.78641,0.93641,1.26423,0.812,1.25635,0.94983,0.86668,1.13196,0.98642,1.01854,0.99898,1.00429,1,1,1.07075,0.9745,1.00003,1.00095,1.16736,0.87872,0.90205,1.24199,0.93736,1.34939,1,0.93606,1.18728,1.26439,0.7196,1.22319,1.28809,1.29484,1.21264,0.77107,1.16829,1.12741,0.61837,1.22987,0.6472,1.07263,1.14498,0.93539,1.03794,0.99027,1.0019,0.99915,1,1,0.94046,1.06623,0.99998,0.99949,0.71167
43.78,1.18579,1.11334,0.75715,1.18476,0.44103,1,1.22865,0.86752,0.79086,1.12962,0.64663,0.64709,0.55502,0.88736,1.19974,0.73594,0.93825,1.27863,0.78806,1.269,0.96932,0.83807,1.14423,0.98239,1.01444,0.99936,1.00357,1,1,1.06679,0.97725,1.00006,1.00119,1.16169,0.88293,0.91372,1.22002,0.84586,1.33118,1,0.70413,1.15931,1.27387,0.87805,1.25455,1.29906,1.2852,1.18684,0.80994,1.19385,1.12475,0.57184,1.24348,0.60961,1.04715,1.16572,0.92652,1.04795,0.99249,1.0012,0.9993,1,1,0.94429,1.06007,0.99997,0.99936,0.72469
43.8,1.17435,1.09447,0.80834,1.23003,0.62124,1,1.27049,0.89158,0.7911,0.95994,0.59055,0.63515,0.61534,0.92157,1.17212,0.71193,0.93945,1.28715,0.77973,1.27186,0.98596,0.82008,1.15066,0.97948,1.01068,0.99978,1.00304,1,1,1.06147,0.97942,1.00009,1.00111,1.15782,0.8947,0.93156,1.19184,0.77217,1.29027,1,0.58853,1.13874,1.27376,1.08969,1.27305,1.30246,1.26715,1.14901,0.85092,1.20482,1.123,0.5414,1.24784,0.60053,1.02278,1.17755,0.92157,1.05492,0.99449,1.00042,0.9994,1,1,0.94934,1.05505,0.99995,0.99941,0.73338
43.82,1.15355,1.07018,0.85688,1.2545,0.86685,1,1.28438,0.89474,0.81302,0.86823,0.55913,0.64792,0.69929,0.95772,1.14021,0.71707,0.93967,1.29027,0.78852,1.26606,0.99828,0.81381,1.1512,0.97794,1.0076,1.0004,1.00275,1,1,1.055,0.9809,1.00013,1.00079,1.15518,0.91377,0.95213,1.15905,0.71954,1.17006,1,0.54061,1.13584,1.26225,1.20232,1.28226,1.29882,1.23636,1.09491,0.88996,1.20253,1.12266,0.52962,1.24323,0.6187,1.00291,1.18148,0.92114,1.05849,0.99611,0.99981,0.99946,1,1,0.95531,1.05154,0.99994,0.99958,0.73925
43.84,1.11979,1.04416,0.89647,1.26665,1.15616,1,1.28367,0.87366,0.85984,0.8177,0.55414,0.68834,0.80684,0.9931,1.1073,0.75576,0.93856,1.28782,0.81598,1.24962,1.01041,0.82004,1.14541,0.97794,1.00546,1.00119,1.0027,1,1,1.04755,0.98169,1.00017,1.00035,1.15301,0.93961,0.97166,1.12643,0.68877,0.88314,1,0.54318,1.1543,1.2313,1.23858,1.28366,1.28607,1.18264,1.01885,0.92322,1.18424,1.1243,0.5389,1.22743,0.66566,0.99547,1.17758,0.92563,1.05848,0.99722,0.99944,0.99947,1,1,0.96198,1.04964,0.99992,0.99981,0.74403
43.86,1.06671,1.0216,0.92236,1.27012,1.23055,1,1.26917,0.83045,0.93433,0.80049,0.57743,0.76064,0.93879,1.0444,1.07817,0.83457,0.93585,1.27869,0.86326,1.21578,1.01385,0.83895,1.13243,0.97946,1.00431,1.00186,1.00287,1,1,1.03904,0.98194,1.0002,0.99993,1.15058,0.97103,0.98681,1.10136,0.6793,0.77401,1,0.59278,1.18656,1.15073,1.24861,1.27699,1.25719,1.07706,0.96535,0.94812,1.14015,1.12822,0.57163,1.19388,0.74528,0.99392,1.16511,0.93507,1.05496,0.99781,0.99913,0.99944,1,1.00001,0.96935,1.04906,0.9999,1.00015,0.74932
43.88,0.99251,1.00822,0.93273,1.2661,1.23496,1,1.23287,0.77216,1.0606,0.81004,0.63185,0.86925,1.12429,1.08142,1.05715,0.96219,0.93145,1.26022,0.9301,1.14535,1.0094,0.86985,1.11105,0.98224,1.00403,1.00236,1.00317,1,1,1.02913,0.98192,1.00023,0.9997,1.14728,1.01085,0.99512,1.09032,0.69024,0.76538,1,0.69406,1.22115,0.94027,1.24317,1.25971,1.18891,0.93614,0.93095,0.96396,1.04001,1.13437,0.63034,1.12515,0.86239,0.99591,1.14252,0.94902,1.04833,0.99795,0.99889,0.99938,1,1.00001,0.9776,1.04911,0.99989,1.00063,0.75643
43.9,0.95044,1.00835,0.929,1.25399,1.19465,1,1.14442,0.70801,1.16677,0.8396,0.72152,1.02819,1.21509,1.10495,1.04579,1.15946,0.92547,1.22666,1.02445,0.9861,1.00017,0.91077,1.07973,0.98584,1.00431,1.00268,1.00349,1,1,1.01722,0.98205,1.00024,0.99954,1.14259,1.06398,0.99504,1.09436,0.72076,0.83402,1,0.85633,1.25087,0.7892,1.22427,1.22466,0.98153,0.8468,0.9058,0.97188,0.92835,1.14236,0.717,0.98411,1.03451,0.99993,1.10739,0.96653,1.03941,0.99781,0.99874,0.99931,1,1.00001,0.98708,1.0488,0.99988,1.00098,0.76637
43.92,0.91955,1.02258,0.91485,1.23104,1.04139,1,0.94479,0.64628,1.21647,0.88115,0.85182,1.18205,1.25712,1.11951,1.04231,1.24108,0.91819,1.16457,1.13059,0.87806,0.99519,0.95839,1.03674,0.98969,1.00479,1.00278,1.00371,1,1,1.00243,0.98279,1.00023,0.99947,1.13607,1.09622,0.98618,1.10899,0.77021,0.97731,1,1.11638,1.27367,0.68467,1.19094,1.15106,0.82138,0.77701,0.88872,0.97422,0.84664,1.15156,0.83213,0.89017,1.1897,1.00806,1.0566,0.9862,1.02941,0.99756,0.99869,0.99927,1,1.00001,0.99823,1.04699,0.99988,1.00113,0.77988
43.94,0.90259,1.04737,0.89449,1.1902,0.84174,1,0.82047,0.59245,1.24005,0.9255,1.05025,1.23733,1.28033,1.12789,1.04341,1.27761,0.91004,1.03509,1.18267,0.80234,0.99215,1.01645,0.99069,0.99326,1.0051,1.00266,1.0037,1,1,0.99215,0.98455,1.0002,0.99951,1.12733,1.11197,0.96938,1.12821,0.83826,1.18924,1,1.23858,1.29015,0.62304,1.14232,0.97941,0.71636,0.72369,0.8783,0.97349,0.78306,1.16123,0.9741,0.82041,1.24373,1.013,0.99345,1.01252,1.01966,0.9974,0.99875,0.99927,1,1,1.02167,1.04264,0.9999,1.00103,0.79747
43.96,0.90056,1.07694,0.8716,1.11322,0.69644,1,0.74397,0.54959,1.24833,0.96313,1.20843,1.26131,1.29385,1.13211,1.04614,1.29603,0.90163,0.91485,1.20931,0.75675,0.99248,1.08595,0.96409,0.99616,1.00501,1.00234,1.00342,1,1,0.98164,0.98761,1.00014,0.99967,1.11601,1.11378,0.94666,1.14763,0.92439,1.2651,1,1.2772,1.30149,0.59906,1.08391,0.85841,0.65509,0.68532,0.87287,0.97164,0.73853,1.17056,1.15381,0.77475,1.26665,1.01247,0.95927,1.04515,1.01141,0.99745,0.9989,0.99933,1,1,1.04757,1.03485,0.99993,1.0007,0.81941
43.98,0.9131,1.10576,0.8491,0.97528,0.58497,1,0.70909,0.51968,1.24493,0.98516,1.26305,1.27015,1.30105,1.13396,1.04871,1.30513,0.89377,0.83826,1.2211,0.73889,0.99713,1.12627,0.94219,0.99812,1.00437,1.00186,1.00285,1,1,0.96966,0.99207,1.00006,0.99991,1.10191,1.10236,0.9211,1.16478,1.04534,1.30032,1,1.29043,1.30864,0.60907,1.03801,0.76883,0.62916,0.66204,0.87046,0.96988,0.71197,1.17876,1.22334,0.75166,1.2743,1.00484,0.93276,1.06896,1.00565,0.99778,0.99913,0.99944,1,1,1.07351,1.02297,0.99997,1.0002,0.84544
44,0.93874,1.12992,0.82937,0.88871,0.49945,1,0.71386,0.50477,1.22945,0.98494,1.28776,1.2686,1.3029,1.13521,1.05035,1.30827,0.88749,0.78594,1.22198,0.7477,1.01273,1.14876,0.92626,0.99899,1.00315,1.00127,1.00202,1,1,0.95636,0.99784,0.99999,1.00036,1.08518,1.07678,0.89648,1.17847,1.15253,1.32011,1,1.28875,1.312,0.65189,1.03854,0.70837,0.63385,0.6557,0.86881,0.96875,0.70192,1.18496,1.25462,0.74986,1.27061,0.99443,0.91491,1.08482,1.00306,0.9984,0.9994,0.9996,1,1,1.0986,1.0065,1.00003,0.99981,0.87464
44.02,0.97514,1.14737,0.81428,0.82608,0.43311,1,0.76224,0.50755,1.19726,0.95951,1.29868,1.25674,1.2989,1.13756,1.05089,1.30664,0.88387,0.75492,1.21243,0.78397,1.03756,1.15847,0.91733,0.99871,1.0014,1.00066,1.00099,1,1.00001,0.94209,1.00918,0.99995,1.00086,1.06635,1.03428,0.87649,1.18818,1.20151,1.33256,1,1.26934,1.31138,0.72864,1.09048,0.67532,0.66773,0.66923,0.86569,0.96837,0.70722,1.18841,1.26938,0.76884,1.25362,0.98259,0.90636,1.09321,1.0039,0.99929,0.99969,0.99981,1,1,1.12203,0.99286,1.00011,0.99954,0.90551
44.04,1.03501,1.1574,0.80526,0.78704,0.38196,1,0.86697,0.53178,1.13494,0.91035,1.3008,1.23018,1.28688,1.14225,1.05017,1.30007,0.88374,0.74288,1.18988,0.85024,1.06547,1.15746,0.91594,0.99733,0.99959,1.0001,0.99993,1,1.00001,0.9273,1.02315,0.99992,1.0012,1.04614,0.98596,0.86405,1.1937,1.22506,1.34083,1,1.20514,1.30582,0.84275,1.16087,0.66832,0.73245,0.70588,0.85932,0.96887,0.72717,1.18853,1.27452,0.80884,1.21255,0.9675,0.90727,1.0945,1.00801,1.00083,0.99996,1.00006,1,0.99999,1.14319,0.9815,1.00017,0.99936,0.9365
44.06,1.09823,1.15971,0.8034,0.77,0.34471,1,1.08519,0.58326,1.00171,0.84286,1.29523,1.17489,1.26138,1.14976,1.04765,1.28711,0.88752,0.74779,1.14712,0.95002,1.09346,1.14608,0.92192,0.99499,0.9983,0.99981,0.99933,1,1.00001,0.91253,1.03677,0.9999,1.00133,1.02524,0.95351,0.86107,1.19481,1.23409,1.34626,1,0.92711,1.2927,0.9985,1.22197,0.68625,0.83229,0.76822,0.8488,0.97061,0.76147,1.18493,1.27246,0.87031,1.10349,0.95005,0.91717,1.08895,1.01478,1.00341,1.00036,1.00052,1,0.99999,1.16173,0.96979,1.00021,0.99929,0.96642
44.08,1.14048,1.15365,0.80969,0.77302,0.3225,1,1.2409,0.67153,0.90954,0.76482,1.28063,1.04113,1.20807,1.1597,1.04229,1.26414,0.89515,0.76753,1.06673,1.11411,1.11915,1.12352,0.93433,0.99198,0.99689,0.99963,0.99874,1,1.00002,0.89856,1.04933,0.99989,1.00122,1.00431,0.92444,0.86879,1.19101,1.23254,1.34928,1,0.67403,1.26492,1.18373,1.26661,0.72764,0.97228,0.85611,0.83417,0.97424,0.80962,1.17735,1.26366,0.95232,0.9007,0.9315,0.93478,1.07694,1.02322,1.00618,1.00069,1.00098,1,0.99999,1.1773,0.95838,1.00023,0.99935,0.99445
44.1,1.16769,1.13742,0.82516,0.79415,0.31887,1,1.29707,0.81318,0.84208,0.6844,1.25281,0.89716,1.08251,1.17104,1.03234,1.22291,0.90614,0.79932,0.96209,1.20446,1.14089,1.0884,0.95138,0.98865,0.99545,0.99953,0.9982,1,1.00002,0.88635,1.06012,0.99989,1.0009,0.99236,0.90112,0.88813,1.18124,1.22108,1.34976,1,0.49134,1.19774,1.24425,1.29728,0.78941,1.16302,0.96242,0.81644,0.98074,0.87021,1.16564,1.24748,1.07765,0.76785,0.91345,0.95783,1.05928,1.03214,1.009,1.00089,1.00141,1,0.99999,1.18957,0.94809,1.00022,0.99952,1.03579
44.12,1.1834,1.10701,0.85113,0.83183,0.34041,1,1.32396,1.06508,0.80176,0.60814,1.20249,0.80254,0.91747,1.1826,1.01501,1.14094,0.91968,0.83941,0.8977,1.24527,1.15789,1.03973,0.9707,0.98544,0.99406,0.9995,0.99772,1,1.00002,0.87696,1.06856,0.9999,1.00042,0.98411,0.88547,0.91989,1.16331,1.19766,1.34686,1,0.36457,0.96592,1.26836,1.31811,0.86576,1.23545,1.09862,0.79709,0.99139,0.94062,1.14973,1.22254,1.16247,0.67707,0.89753,0.98328,1.03745,1.0404,1.01167,1.00094,1.00178,1,0.99999,1.19827,0.93969,1.00021,0.99978,1.06822
44.14,1.18969,1.0534,0.88952,0.88552,0.39929,1,1.33864,1.24631,0.79035,0.54013,1.10802,0.73874,0.84205,1.19345,0.99305,0.97021,0.93488,0.88318,0.85159,1.26401,1.17006,0.98972,0.98988,0.98272,0.99281,0.99954,0.99735,1,1.00002,0.87119,1.07433,0.99991,0.99991,0.97734,0.87869,0.965,1.13262,1.15545,1.33814,1,0.27843,0.76285,1.27412,1.33236,0.94823,1.26693,1.15997,0.77762,1.01494,1.03202,1.12959,1.18717,1.20305,0.62493,0.88498,1.0153,1.01359,1.04715,1.01405,1.00085,1.00206,1,0.99999,1.20334,0.93376,1.00018,1.00018,1.09104
44.16,1.18745,0.97989,0.94301,0.95624,0.52151,1,1.34716,1.30186,0.80932,0.48255,0.96491,0.70269,0.81896,1.20303,0.97253,0.85715,0.95089,0.92512,0.82409,1.26983,1.17777,0.96365,1.01332,0.98075,0.99177,0.99965,0.9971,1,1.00002,0.86944,1.07743,0.99992,0.99959,0.97193,0.88114,1.04257,1.07875,1.07471,1.31546,1,0.22128,0.60881,1.26431,1.34219,1.04639,1.28102,1.17519,0.7593,1.05393,1.12544,1.10521,1.14108,1.2223,0.607,0.87646,1.05017,0.99527,1.0519,1.01602,1.00065,1.00226,1,0.99999,1.20483,0.93052,1.00016,1.00088,1.1073
44.18,1.17665,0.92634,1.02761,1.07345,0.77475,1,1.35204,1.32777,0.86072,0.43684,0.8922,0.69131,0.84166,1.21093,0.9457,0.77103,0.9668,0.95873,0.81395,1.26561,1.18145,0.94536,1.03644,0.9797,0.99099,0.99981,0.99697,1,1.00002,0.87177,1.07806,0.99993,0.99926,0.96773,0.89241,1.12505,0.9879,0.95584,1.23016,1,0.18571,0.49347,1.23062,1.34888,1.11967,1.28505,1.16025,0.74329,1.0957,1.17647,1.07697,1.09052,1.22868,0.62006,0.87222,1.07176,0.98632,1.05438,1.01748,1.00036,1.00236,1,0.99999,1.20283,0.92985,1.00014,1.00157,1.11885
44.2,1.15637,0.87502,1.13441,1.1669,1.24274,1,1.3544,1.34198,0.94765,0.4044,0.85194,0.70246,0.90548,1.21684,0.9126,0.70539,0.98159,0.9768,0.81931,1.25083,1.18148,0.93525,1.04992,0.97967,0.99054,0.99998,0.99695,1,1.00002,0.87791,1.07661,0.99994,0.99897,0.96464,0.91135,1.17833,0.92156,0.86892,0.74933,1,0.16776,0.4092,1.12919,1.35313,1.15097,1.28111,1.10981,0.73076,1.13678,1.20768,1.04622,1.05581,1.22535,0.66241,0.87219,1.08284,0.98062,1.05447,1.01832,1.00004,1.00238,1,0.99999,1.19742,0.93138,1.00012,1.00219,1.12684
44.22,1.1247,0.82946,1.19862,1.22101,1.33084,1,1.35463,1.35024,1.10432,0.38666,0.83817,0.73531,1.01148,1.22043,0.87405,0.65562,0.99438,0.97328,0.83828,1.22116,1.17807,0.93333,1.05502,0.98067,0.99047,1.00028,0.99705,1,1.00001,0.88739,1.07352,0.99995,0.99873,0.96247,0.93618,1.21315,0.85521,0.78897,0.44297,1,0.16596,0.35036,0.88694,1.35531,1.16054,1.26837,0.99562,0.72289,1.17436,1.22802,1.0152,1.0631,1.21275,0.73389,0.87611,1.08487,0.97836,1.0521,1.01846,0.99987,1.0023,1,0.99999,1.18857,0.9346,1.0001,1.00269,1.13221
44.24,1.07852,0.79195,1.24003,1.25544,1.35635,1,1.35268,1.35498,1.20442,0.3851,0.84682,0.79073,1.15367,1.22141,0.83174,0.61848,1.00962,0.94596,0.86944,1.16372,1.17135,0.93951,1.05222,0.98268,0.9908,1.00052,0.99725,1,1,0.89959,1.06929,0.99996,0.9986,0.9608,0.96481,1.23593,0.79153,0.7173,0.266,1,0.18091,0.31254,0.71283,1.35549,1.15459,1.24205,0.91322,0.72072,1.20674,1.24166,0.99314,1.11158,1.18874,0.83656,0.88358,1.07825,0.97961,1.04725,1.01784,0.99976,1.00214,1,1.00001,1.17621,0.93895,1.00009,1.00297,1.13621
44.26,1.01341,0.76371,1.26804,1.27855,1.36796,1,1.348,1.35734,1.25485,0.40159,0.87484,0.87138,1.21832,1.21944,0.78822,0.59186,1.02611,0.89801,0.91202,1.03419,1.16139,0.95355,1.04118,0.98562,0.99153,1.00066,0.99754,1,0.99999,0.91377,1.06438,0.99997,0.9986,0.95886,0.99489,1.25048,0.73257,0.65487,0.1564,1,0.2153,0.29242,0.5792,1.35348,1.13382,1.18709,0.84235,0.72509,1.23325,1.25073,0.98073,1.17254,1.14708,0.97534,0.89402,1.06236,0.98436,1.03997,1.01647,0.99969,1.00192,1,1.00004,1.16026,0.94389,1.00006,1.00296,1.14072
44.28,0.96946,0.7455,1.28747,1.29433,1.37422,1,1.33925,1.35784,1.2836,0.4391,0.91884,0.98124,1.25246,1.21405,0.74676,0.5747,1.04189,0.83706,0.96549,0.90278,1.14846,0.97502,1.02071,0.98928,0.99262,1.00069,0.99791,1,0.99997,0.92892,1.05929,0.99999,0.99879,0.95553,1.04146,1.2589,0.68021,0.60289,0.0863,1,0.27455,0.28801,0.47974,1.34857,1.09572,1.04205,0.78622,0.73675,1.25385,1.25629,0.96804,1.22417,1.07178,1.16537,0.90658,1.03559,0.99251,1.03047,1.01443,0.99968,1.00163,1,1.00007,1.14101,0.9489,1.00002,1.00257,1.14814
44.3,0.94109,0.73814,1.3009,1.30483,1.37777,1,1.32332,1.35662,1.30086,0.50263,0.97361,1.14496,1.27161,1.20451,0.71109,0.56688,1.06089,0.77255,1.04976,0.80754,1.13328,1.00611,0.99443,0.9934,0.99396,1.00061,0.99831,1.00001,0.99995,0.94364,1.05456,1.00006,0.99921,0.94941,1.07427,1.26211,0.63633,0.56287,0.0423,1,0.368,0.29868,0.40862,1.33896,1.0357,0.87301,0.74534,0.75637,1.26882,1.25876,0.95156,1.26128,0.96581,1.24074,0.92005,0.99762,1.00756,1.01927,1.01186,0.99971,1.00132,1,1.00013,1.11964,0.95345,0.99997,1.00169,1.1608
44.32,0.92422,0.74271,1.30991,1.31122,1.37967,1,1.29197,1.35343,1.31111,0.60077,1.05361,1.22091,1.28203,1.18966,0.68449,0.56865,1.08547,0.71261,1.12787,0.73258,1.11723,1.06049,0.97462,0.99763,0.99545,1.00045,0.99873,1.00002,0.99993,0.95634,1.05079,1.00017,0.99991,0.93907,1.09165,1.26012,0.6024,0.53597,0.01749,1,0.51183,0.32525,0.36142,1.31982,0.97784,0.75206,0.71921,0.78457,1.27865,1.2582,0.92802,1.28624,0.89326,1.27686,0.93298,0.9732,1.03276,1.00712,1.009,0.99979,1.00099,0.99999,1.00019,1.09863,0.95702,0.99991,1.00019,1.17976
44.34,0.92025,0.76054,1.31554,1.3143,1.38036,1,1.2143,1.34758,1.31649,0.74885,1.11382,1.25996,1.28641,1.16765,0.66914,0.57992,1.11509,0.66251,1.1765,0.67635,1.10217,1.10396,0.95264,1.0033,0.99696,1.00024,0.99913,1.00003,0.9999,0.96563,1.04846,1.00034,1.00192,0.92339,1.09554,1.252,0.579,0.52221,0.00809,1,0.73621,0.37027,0.3349,1.27366,0.9445,0.65889,0.70721,0.82186,1.28389,1.25462,0.89575,1.30252,0.82987,1.29671,0.94406,0.94819,1.05792,0.99747,1.00605,0.99989,1.00068,0.99999,1.00026,1.08148,0.95919,0.99983,0.99897,1.20383
44.36,0.9295,0.7931,1.31852,1.31474,1.38006,1,0.93697,1.33741,1.31803,0.97461,1.14547,1.28225,1.28583,1.13559,0.66602,0.59948,1.1467,0.62503,1.20814,0.6374,1.09008,1.13775,0.92962,1.01024,0.99838,0.99999,0.99949,1.00004,0.99987,0.97062,1.04788,1.00057,1.00485,0.90184,1.08636,1.23529,0.56582,0.52021,0.01211,1,1.12813,0.43838,0.32707,1.06136,0.92168,0.59008,0.70885,0.86831,1.28491,1.24819,0.85542,1.31272,0.77694,1.30799,0.9523,0.92397,1.08157,0.99203,1.00324,1.00001,1.0004,0.99998,1.00035,1.07154,0.95973,0.99971,0.99739,1.23012
44.38,0.95115,0.84191,1.31937,1.31323,1.37883,1,0.73451,1.31916,1.31599,1.22706,1.1604,1.29518,1.28022,1.08934,0.67533,0.62425,1.17666,0.60199,1.22876,0.61511,1.08257,1.1634,0.90692,1.01584,0.99961,0.99985,0.99977,1.00005,0.99983,0.97105,1.0491,1.00086,1.0087,0.8747,1.06318,1.20452,0.56198,0.52704,0.02859,1,1.28101,0.53644,0.3374,0.71184,0.90917,0.54299,0.72396,0.92279,1.28181,1.23962,0.81007,1.31831,0.73554,1.31373,0.95715,0.9018,1.1026,0.98752,1.00079,1.00027,1.00018,0.99998,1.00044,1.07067,0.9586,0.99957,0.99527,1.25549
44.4,0.98308,0.9082,1.31841,1.31072,1.37664,1,0.6129,1.28255,1.30992,1.29075,1.16438,1.30175,1.26846,1.02401,0.69677,0.64859,1.2023,0.59537,1.24126,0.61014,1.0806,1.18208,0.88606,1.02001,1.00106,0.99972,0.99995,1.00007,0.9998,0.9672,1.05197,1.0012,1.01354,0.84302,1.02385,1.14605,0.56634,0.53811,0.05666,1,1.31813,0.67314,0.3671,0.52198,0.90562,0.5166,0.75267,0.98205,1.27424,1.2307,0.76417,1.31984,0.70714,1.31494,0.95839,0.883,1.12019,0.98411,0.99947,1.00053,1.00004,0.99997,1.00052,1.07842,0.95591,0.99939,0.99257,1.27785
44.42,1.03912,0.99282,1.31585,1.30852,1.37352,1,0.54563,1.18749,1.29835,1.31645,1.16054,1.30297,1.24764,0.97303,0.72969,0.66503,1.22247,0.60783,1.24689,0.62454,1.08418,1.19467,0.86856,1.02269,1.00206,0.99958,1,1.00008,0.99978,0.95975,1.05618,1.00157,1.01932,0.80835,0.98415,1.01616,0.57767,0.5476,0.09454,1,1.33232,0.8581,0.41961,0.40932,0.90905,0.51147,0.79528,1.06557,1.26129,1.22437,0.72223,1.31694,0.69339,1.31136,0.95613,0.86878,1.13381,0.98188,0.99896,1.00078,1,0.99997,1.00058,1.09253,0.9519,0.99921,0.98926,1.29641
44.44,1.09386,1.1239,1.31178,1.30793,1.36963,1,0.52025,0.90352,1.27778,1.32838,1.15062,1.29859,1.21109,0.94289,0.77317,0.66684,1.23718,0.64288,1.24591,0.66157,1.09247,1.2019,0.85547,1.02389,1.00208,0.99946,0.9999,1.00009,0.99977,0.94963,1.06134,1.00195,1.02586,0.77229,0.95613,0.90292,0.59482,0.55006,0.13858,1,1.33689,1.12752,0.50162,0.34595,0.91751,0.52949,0.85217,1.11931,1.24118,1.22366,0.68769,1.30805,0.69583,1.30119,0.95071,0.85998,1.14341,0.98088,0.99895,1.00101,1.00008,0.99996,1.00061,1.11005,0.94689,0.99902,0.98542,1.31132
44.46,1.13172,1.19339,1.30622,1.30977,1.36541,1,0.53215,0.72534,1.23954,1.33323,1.13556,1.28681,1.14169,0.92358,0.82566,0.65107,1.24683,0.70516,1.23757,0.72589,1.10405,1.20432,0.84725,1.02369,1.00102,0.99936,0.99964,1.0001,0.99978,0.93786,1.067,1.00228,1.0328,0.73642,0.93111,0.81233,0.61678,0.54225,0.18254,1,1.3348,1.24354,0.62449,0.3177,0.92932,0.57415,0.92309,1.14643,1.21081,1.22976,0.6629,1.28889,0.71583,1.27948,0.94273,0.85692,1.14918,0.98105,0.99948,1.0012,1.00028,0.99996,1.00058,1.12838,0.94127,0.99885,0.98122,1.32308
44.48,1.15721,1.2331,1.29916,1.31391,1.3618,1,0.58278,0.61565,1.15771,1.33316,1.11598,1.26275,0.99257,0.91556,0.88394,0.61983,1.25166,0.8003,1.21962,0.82351,1.11723,1.20229,0.84391,1.02221,0.99944,0.99929,0.99922,1.00009,0.99983,0.92558,1.07267,1.0025,1.03959,0.70241,0.91061,0.73812,0.64244,0.52399,0.21744,1,1.3249,1.28338,0.80535,0.31813,0.94308,0.65102,1.01081,1.15643,1.16557,1.24119,0.64978,1.24693,0.75468,1.23102,0.93298,0.85949,1.15147,0.98229,1.00114,1.00134,1.00061,0.99996,1.00045,1.14547,0.93548,0.99873,0.97698,1.33217
44.5,1.17333,1.25691,1.29068,1.31945,1.36004,1,0.68014,0.54966,0.96546,1.32834,1.09261,1.21281,0.89282,0.91903,0.94192,0.57909,1.25138,0.934,1.18701,0.96103,1.13033,1.19596,0.84515,1.01966,0.99786,0.99925,0.99867,1.00007,0.99993,0.91409,1.07783,1.00253,1.04547,0.67212,0.8957,0.68124,0.67035,0.49797,0.23372,1,1.29995,1.30148,1.09476,0.34618,0.95753,0.76811,1.12097,1.15218,1.1009,1.25489,0.65054,1.12917,0.81352,1.08499,0.92251,0.86725,1.15062,0.9844,1.00428,1.00141,1.00104,0.99997,1.00019,1.15988,0.9301,0.99872,0.9732,1.33901
44.52,1.18183,1.2708,1.28103,1.32527,1.36086,1,0.84274,0.515,0.84042,1.31712,1.06629,1.08518,0.82197,0.93411,0.99095,0.53602,1.24495,1.13501,1.12796,1.1577,1.14205,1.18527,0.85049,1.0163,0.99587,0.99925,0.99803,1.00004,1.00017,0.90463,1.08195,1.00225,1.04943,0.64729,0.88712,0.64218,0.69885,0.46849,0.22624,1,1.2238,1.30971,1.24538,0.40599,0.97169,0.93638,1.17328,1.13222,1.01927,1.26808,0.66785,0.87333,0.89316,0.84533,0.91242,0.87952,1.14693,0.98715,1.00819,1.0014,1.00154,0.99998,0.99989,1.17075,0.9257,0.99886,0.97059,1.34391
44.54,1.18367,1.27775,1.27049,1.3305,1.36381,1,1.13611,0.50517,0.76056,1.29402,1.03737,0.88804,0.77889,0.96072,1.03992,0.49661,1.23012,1.22771,1.00989,1.23776,1.15155,1.16991,0.85938,1.01237,0.99357,0.9993,0.99733,0.99999,1.00066,0.8981,1.08465,1.00153,1.05012,0.6291,0.88518,0.6207,0.72658,0.43998,0.19835,1,0.86762,1.31191,1.28748,0.50918,0.98516,1.17202,1.19859,1.08952,0.97581,1.27913,0.70473,0.71461,0.99377,0.69588,0.90367,0.89553,1.14059,0.99033,1.01261,1.00131,1.00208,1.00002,0.99957,1.17778,0.92277,0.99922,0.97014,1.34715
44.56,1.17923,1.27924,1.25922,1.33455,1.3676,1,1.26841,0.51672,0.71925,1.23972,1.00457,0.76354,0.76078,0.99819,1.05417,0.46511,1.20228,1.26811,0.92033,1.27425,1.15843,1.14935,0.87124,1.00813,0.99113,0.9994,0.99662,0.99994,1.00132,0.89496,1.08571,1.00022,1.04561,0.61821,0.8898,0.61589,0.75294,0.41639,0.16012,1,0.59521,1.30932,1.30276,0.68132,0.99832,1.25582,1.2081,1.0051,0.96607,1.28735,0.76422,0.60639,1.13738,0.59277,0.89699,0.9144,1.13179,0.9937,1.01723,1.00113,1.00263,1.0001,0.99914,1.18104,0.92162,0.99989,0.97311,1.34897
44.58,1.16846,1.27591,1.24708,1.33699,1.37105,1,1.31309,0.54758,0.71354,1.02962,0.98342,0.67669,0.76412,1.07093,1.03723,0.44496,1.15163,1.28891,0.85118,1.29307,1.16245,1.12321,0.88535,1.00384,0.98873,0.99953,0.99596,0.99988,1.00219,0.89522,1.08502,0.99907,1.03295,0.61495,0.90039,0.62652,0.77818,0.40151,0.1229,1,0.42001,1.30199,1.30463,0.97798,1.02303,1.28995,1.20639,0.94128,0.97758,1.29234,0.8485,0.53479,1.20335,0.52545,0.89295,0.935,1.12076,0.99705,1.02167,1.00088,1.00315,1.00021,0.99856,1.18077,0.92237,1.00187,0.98112,1.3495
44.6,1.1511,1.26782,1.23341,1.33731,1.37344,1,1.3346,0.59579,0.74521,0.77422,0.96205,0.62361,0.78476,1.12346,0.99537,0.43967,1.05515,1.29981,0.80092,1.30221,1.16335,1.09189,0.90075,0.99992,0.98663,0.99969,0.99542,0.99979,1.00327,0.89859,1.08258,0.99756,1.00688,0.61962,0.91584,0.65097,0.8033,0.39951,0.09553,1,0.3036,1.2892,1.29355,1.26219,1.04979,1.3056,1.19537,0.88386,1.01006,1.29362,0.95668,0.49144,1.23638,0.48813,0.89202,0.95574,1.10797,1.00025,1.02549,1.00059,1.00356,1.00036,0.99785,1.17727,0.92502,1.00486,0.99628,1.34874
44.62,1.12676,1.25457,1.2169,1.33472,1.37443,1,1.3466,0.65866,0.82211,0.61571,0.93596,0.60285,0.81802,1.15841,0.96433,0.45339,0.94681,1.30443,0.77192,1.30443,1.16085,1.05746,0.91627,0.99824,0.98509,0.99985,0.99507,0.99968,1.00454,0.90449,1.07844,0.99553,0.98058,0.63256,0.93472,0.68735,0.82981,0.41539,0.08384,1,0.22518,1.26947,1.25699,1.3163,1.07868,1.31095,1.17577,0.83611,1.06768,1.29027,1.11176,0.47164,1.25177,0.47858,0.89457,0.97474,1.09419,1.0053,1.02825,1.00028,1.00383,1.00054,0.99702,1.1709,0.92945,1.00885,1.03803,1.34656
44.64,1.09489,1.23517,1.19537,1.32765,1.3737,1,1.35379,0.73237,0.96112,0.51251,0.90353,0.61496,0.8593,1.18024,0.93519,0.49135,0.88088,1.30414,0.76544,1.30006,1.15463,1.02408,0.93077,0.99702,0.98431,1.00001,0.99497,0.99955,1.00594,0.91226,1.07273,0.99292,0.94807,0.65414,0.95552,0.73361,0.85935,0.45577,0.09249,1,0.17245,1.24043,1.10384,1.33729,1.10984,1.30788,1.14765,0.80114,1.10982,1.28054,1.19119,0.47294,1.25492,0.4972,0.90072,0.99024,1.08045,1.00892,1.02964,1,1.00391,1.00076,0.99608,1.16205,0.93542,1.01384,1.08947,1.34261
44.66,1.05483,1.20796,1.16528,1.31244,1.37055,1,1.35817,0.81161,1.1836,0.44678,0.86422,0.66273,0.90468,1.1923,0.91298,0.56061,0.83533,1.29917,0.78175,1.28747,1.14445,0.99872,0.94322,0.99628,0.98435,1.00027,0.99512,0.99941,1.00738,0.92116,1.06565,0.98976,0.90525,0.68464,0.9769,0.78758,0.89331,0.53056,0.1284,1,0.13778,1.19871,0.75704,1.3475,1.14198,1.29438,1.11053,0.77975,1.13636,1.2607,1.22721,0.49412,1.2468,0.54671,0.91027,1.00196,1.0679,1.01108,1.02957,0.99987,1.0038,1.00101,0.99512,1.15118,0.94262,1.01977,1.1409,1.33631
44.68,1.00644,1.17081,1.12076,1.27803,1.36295,1,1.36074,0.88872,1.26763,0.40742,0.81884,0.75114,0.95104,1.19678,0.90079,0.67079,0.80896,1.28904,0.82003,1.26174,1.13033,0.99188,0.95271,0.99598,0.98515,1.00047,0.9955,0.99925,1.0087,0.93029,1.0576,0.98613,0.85244,0.72378,0.99758,0.84616,0.93239,0.65643,0.20663,1,0.11651,1.14132,0.53756,1.35275,1.17313,1.26154,1.0636,0.77139,1.14929,1.22209,1.2438,0.5343,1.2249,0.63167,0.92252,1.01216,1.05783,1.01195,1.02814,0.99978,1.0035,1.00126,0.99423,1.13914,0.95053,1.02639,1.18776,1.32666
44.7,0.97868,1.12228,1.0514,1.17137,1.34333,1,1.36198,0.9533,1.30429,0.38761,0.76958,0.88615,0.9959,1.19496,0.90065,0.8336,0.80038,1.2727,0.87775,1.21015,1.11291,0.99219,0.95839,0.99602,0.98655,1.0006,0.99603,0.99911,1.00969,0.93856,1.04927,0.98221,0.79115,0.77034,1.02969,0.90461,0.97615,0.8634,0.36519,1,0.10599,1.07153,0.39329,1.35519,1.20139,1.17382,1.00603,0.77481,1.14943,1.14076,1.24867,0.59171,1.18152,0.75671,0.93626,1.01171,1.05159,1.01182,1.02563,0.99972,1.00309,1.00151,0.99356,1.12733,0.95844,1.03332,1.22761,1.31203
44.72,0.95948,1.06435,0.97312,0.84183,1.25294,1,1.36212,0.99433,1.32252,0.38311,0.72007,1.10144,1.06139,1.18752,0.91412,1.0894,0.80849,1.2487,0.94992,1.09336,1.09367,0.99923,0.95958,0.99628,0.98831,1.00064,0.99665,0.999,1.01005,0.9448,1.04155,0.97832,0.7237,0.82203,1.05356,0.95672,1.04059,1.19068,0.72655,1,0.10486,1.01,0.30361,1.35573,1.2253,0.92107,0.97356,0.78841,1.1351,0.96791,1.24407,0.66265,1.09724,0.92288,0.94991,1.00118,1.05026,1.01109,1.02243,0.9997,1.00261,1.0017,0.99332,1.11782,0.96552,1.03998,1.26005,1.28967
44.74,0.94571,1.00572,0.92348,0.63347,0.60085,1,1.36121,1.00997,1.33152,0.39119,0.67533,1.22106,1.10324,1.17477,0.94244,1.23333,0.83247,1.21551,1.04982,0.92197,1.07486,1.02328,0.95602,0.9966,0.9902,1.0006,0.99726,0.99895,1.00937,0.94796,1.03533,0.97497,0.65263,0.87627,1.06925,0.99663,1.1002,1.28783,1.29606,1,0.11261,0.99541,0.25364,1.35476,1.24388,0.75174,0.95017,0.81034,1.1002,0.85721,1.22914,0.74134,0.96577,1.1431,0.96193,0.99058,1.05422,1.01015,1.01896,0.99972,1.00214,1.00178,0.99378,1.11278,0.97106,1.04557,1.28586,1.2542
44.76,0.9365,0.98245,0.88259,0.49912,0.30312,1,1.35921,0.98752,1.33483,0.40977,0.64166,1.26512,1.12893,1.15691,0.98651,1.27843,0.8713,1.17218,1.1314,0.82992,1.0591,1.05293,0.948,0.99686,0.99202,1.00048,0.99781,0.999,1.00715,0.94732,1.03122,0.97284,0.58057,0.93085,1.07914,1.03759,1.13857,1.32114,1.3518,1,0.12927,1.02146,0.23423,1.35245,1.25631,0.64416,0.9328,0.83837,1.02816,0.7813,1.19971,0.82034,0.88924,1.22685,0.97113,0.97699,1.06289,1.00937,1.01555,0.99977,1.00171,1.00169,0.99527,1.11382,0.97464,1.04904,1.30616,1.19301
44.78,0.9302,0.97479,0.85165,0.41486,0.16167,1,1.35602,0.95164,1.33367,0.43659,0.62713,1.28414,1.14344,1.13483,1.07295,1.29732,0.92285,1.12051,1.17086,0.7788,1.04889,1.08283,0.93647,0.99696,0.99366,1.00032,0.99827,0.99921,1.00274,0.94256,1.02951,0.97287,0.51026,0.98411,1.08565,1.05215,1.16293,1.33644,1.36745,1,0.15505,1.07368,0.24108,1.34891,1.26131,0.58357,0.9217,0.86931,0.95221,0.73499,1.14574,0.8912,0.83821,1.25624,0.97671,0.96108,1.07479,1.00909,1.01245,0.99985,1.00135,1.00134,0.9982,1.12131,0.97611,1.049,1.32198,1.06821
44.8,0.92457,0.97559,0.83211,0.36896,0.0874,1,1.35148,0.91182,1.32795,0.46835,0.64295,1.28993,1.1485,1.11121,1.14138,1.30425,0.98258,1.06847,1.18775,0.7635,1.04597,1.10978,0.92287,0.99678,0.99499,1.00012,0.99861,0.99963,0.99769,0.93374,1.03011,0.97626,0.44437,1.05803,1.09131,1.05066,1.17663,1.34351,1.37413,1,0.18992,1.11928,0.27397,1.34436,1.25585,0.56283,0.91758,0.89861,0.88865,0.71468,1.04398,0.94558,0.81232,1.26358,0.97826,0.94436,1.08805,1.00961,1.00989,0.99994,1.00109,1.00062,1.00594,1.13432,0.97559,1.04343,1.3342,0.91853
44.82,0.91728,0.98008,0.82559,0.35701,0.0508,1,1.34545,0.88108,1.31611,0.50046,0.70586,1.28478,1.14387,1.09118,1.18613,1.30297,1.0693,1.0312,1.18816,0.78274,1.05074,1.13219,0.90876,0.99627,0.99594,0.99996,0.99882,1.00068,0.99226,0.92134,1.03266,0.98456,0.38494,1.11125,1.0984,1.04221,1.18096,1.34524,1.37711,1,0.23322,1.14803,0.33682,1.33931,1.23149,0.58132,0.92135,0.92086,0.8311,0.71862,0.9438,0.97716,0.81165,1.25425,0.97572,0.92831,1.10098,1.01112,1.00804,1.00007,1.00092,0.99971,1.01931,1.15095,0.97339,1.02919,1.34356,0.82835
44.84,0.90667,0.98391,0.83342,0.37982,0.04059,1,1.33783,0.86796,1.29375,0.52779,0.84459,1.26497,1.1276,1.08084,1.21494,1.2931,1.12402,1.02288,1.17189,0.83846,1.06216,1.14975,0.89538,0.99537,0.99649,0.99988,0.99891,1.00278,0.98483,0.90616,1.03668,0.99969,0.33315,1.14427,1.10829,1.03471,1.17575,1.34191,1.37791,1,0.28355,1.15895,0.43913,1.33462,1.15614,0.6446,0.93377,0.93153,0.78376,0.74639,0.88503,0.98354,0.83672,1.22105,0.9694,0.91407,1.11252,1.01369,1.00697,1.00022,1.00085,0.99881,1.03635,1.16905,0.96987,1.00062,1.3507,0.76283
44.86,0.89227,0.98403,0.85645,0.44382,0.05359,1,1.32867,0.87652,1.24843,0.54596,1.14048,1.21408,1.09533,1.08363,1.23274,1.27016,1.15163,1.04396,1.13255,0.93512,1.07806,1.16287,0.88344,0.99414,0.99664,0.99982,0.99889,1.00567,0.97526,0.88932,1.0416,1.04224,0.28953,1.16469,1.12098,1.03447,1.15937,1.33155,1.37689,1,0.33848,1.15191,0.59875,1.33126,0.92559,0.76564,0.95502,0.9287,0.74899,0.79827,0.8485,0.96692,0.8879,1.12572,0.95997,0.90229,1.12229,1.0172,1.00667,1.00033,1.00087,0.99756,1.05641,1.18669,0.96547,0.97662,1.35609,0.71784
44.88,0.87495,0.979,0.89474,0.56285,0.09229,1,1.31839,0.90756,1.13447,0.55241,1.27559,1.04951,1.03833,1.09781,1.24217,1.21998,1.16279,1.08138,1.05246,1.10672,1.09579,1.17218,0.87316,0.99266,0.99645,0.99978,0.99877,1.00941,0.9636,0.87238,1.04688,1.08988,0.25462,1.17529,1.13518,1.04428,1.12799,1.30701,1.37371,1,0.39377,1.12355,0.84348,1.33002,0.74029,0.96601,0.98442,0.91373,0.72845,0.87365,0.83205,0.93334,0.96374,0.90886,0.94848,0.89328,1.13033,1.02133,1.00705,1.00041,1.00096,0.99591,1.0784,1.20231,0.96066,0.94403,1.36005,0.69297
44.9,0.85671,0.96889,0.94719,0.7607,0.1656,1,1.30826,0.95893,0.90732,0.547,1.31791,0.83936,0.97395,1.11785,1.24409,1.08831,1.16216,1.12085,0.95653,1.2088,1.11285,1.17822,0.86449,0.99112,0.99601,0.99976,0.99858,1.01398,0.95014,0.8572,1.05191,1.13707,0.22917,1.17606,1.14904,1.06269,1.07384,1.23874,1.36708,1,0.44272,1.06406,1.18633,1.33106,0.60372,1.21199,1.03598,0.89073,0.72407,0.9684,0.83302,0.8908,1.08687,0.7594,0.9363,0.88709,1.13685,1.02556,1.00791,1.00045,1.00111,0.99386,1.10092,1.21479,0.95597,0.90259,1.36276,0.6911
44.92,0.83989,0.95459,1.0214,1.10302,0.29415,1,1.30048,1.04407,0.79115,0.53192,1.33548,0.7121,0.92835,1.13814,1.23771,0.88955,1.15153,1.15455,0.89542,1.2534,1.12746,1.18149,0.85722,0.98971,0.99542,0.99974,0.99834,1.01927,0.93542,0.84566,1.05617,1.17987,0.2139,1.16465,1.16092,1.08608,0.99076,0.9331,1.35294,1,0.47705,0.97808,1.27374,1.33387,0.5171,1.27755,1.08791,0.8649,0.73835,1.10236,0.84864,0.84688,1.16478,0.65541,0.92488,0.88363,1.14215,1.02934,1.00905,1.00049,1.00129,0.99144,1.12263,1.22345,0.95191,0.85339,1.36432,0.71792
44.94,0.82634,0.93689,1.1133,1.2637,0.52966,1,1.29732,1.12513,0.7404,0.51094,1.34237,0.63845,0.88889,1.15527,1.21993,0.77963,1.13101,1.18027,0.85345,1.27413,1.13867,1.18246,0.85107,0.98863,0.99479,0.99972,0.99809,1.02501,0.92025,0.83918,1.05931,1.21621,0.20922,1.13508,1.16993,1.11149,0.93795,0.69658,1.31367,1,0.49029,0.92281,1.29535,1.33756,0.47538,1.30154,1.1243,0.84079,0.77449,1.17194,0.87629,0.8072,1.20163,0.59316,0.91541,0.88259,1.14652,1.03221,1.01028,1.00053,1.00149,0.98874,1.14237,1.22804,0.94888,0.79866,1.36479,0.78191
44.96,0.81698,0.91588,1.16718,1.30383,1.06217,1,1.29944,1.16886,0.74534,0.48865,1.34257,0.60933,0.85835,1.16784,1.18256,0.71708,1.09955,1.19835,0.83222,1.28183,1.14621,1.18168,0.84576,0.988,0.99418,0.99968,0.99782,1.03083,0.90568,0.8385,1.06119,1.24558,0.21509,1.07262,1.17588,1.13749,0.89138,0.56691,0.96419,1,0.48146,0.88031,1.2935,1.34123,0.47411,1.30932,1.14835,0.82156,0.83632,1.20252,0.91327,0.7753,1.21692,0.56705,0.90866,0.88343,1.15021,1.03384,1.01145,1.00059,1.0017,0.98593,1.15922,1.22851,0.94704,0.74155,1.3642,0.89547
44.98,0.81193,0.89111,1.20054,1.31936,1.31627,1,1.30534,1.18964,0.80506,0.46996,1.33633,0.61892,0.83884,1.17538,1.10209,0.69296,1.05588,1.20958,0.83106,1.28013,1.15008,1.17987,0.84108,0.98792,0.99365,0.99963,0.99757,1.03616,0.89313,0.84374,1.06184,1.26834,0.23112,0.97244,1.179,1.16354,0.85272,0.49839,0.51778,1,0.4559,0.85534,1.26661,1.34412,0.51224,1.30684,1.16217,0.80933,0.92796,1.21301,0.95603,0.75352,1.2177,0.57297,0.90506,0.88535,1.1534,1.03406,1.01247,1.00069,1.00189,0.9833,1.17232,1.22483,0.9464,0.68593,1.36256,1.10583
45,0.81075,0.8619,1.2213,1.32519,1.35019,1,1.31255,1.19188,0.92681,0.46001,1.32048,0.66488,0.83243,1.17759,0.95593,0.70238,1.0008,1.21433,0.84824,1.2692,1.15033,1.17799,0.83692,0.98841,0.99322,0.99956,0.99733,1.04027,0.88437,0.85453,1.06144,1.28525,0.2563,0.90084,1.17972,1.18932,0.8231,0.46893,0.31561,1,0.42261,0.85242,1.16161,1.3456,0.59255,1.29371,1.16648,0.80563,1.08082,1.20899,0.99944,0.7438,1.20556,0.60896,0.90483,0.88733,1.15619,1.03278,1.01328,1.00082,1.00208,0.98121,1.1808,1.21685,0.94679,0.63576,1.35987,1.23119
45.02,0.81284,0.82767,1.23341,1.32556,1.36328,1,1.31909,1.17176,1.14734,0.46388,1.28286,0.74801,0.84128,1.17397,0.85378,0.74428,0.97462,1.21235,0.8816,1.24597,1.14695,1.17706,0.83322,0.98947,0.99292,0.99946,0.99712,1.04247,0.88111,0.87009,1.06024,1.29726,0.289,0.83946,1.17844,1.21434,0.8033,0.46698,0.20346,1,0.39016,0.87704,0.82291,1.34503,0.72179,1.26293,1.1605,0.81166,1.19084,1.18987,1.06133,0.7479,1.17804,0.67526,0.90798,0.8883,1.15863,1.02998,1.01385,1.001,1.00224,0.98008,1.18383,1.20427,0.94797,0.59422,1.35615,1.28
45.04,0.81789,0.78822,1.23895,1.3218,1.37013,1,1.32401,1.10775,1.2496,0.48661,1.15652,0.87297,0.86742,1.16359,0.76973,0.82172,0.95776,1.20256,0.92909,1.20076,1.13986,1.17785,0.82998,0.99108,0.99277,0.99935,0.99694,1.0423,0.88446,0.88952,1.05847,1.30532,0.32732,0.79259,1.17531,1.23797,0.7935,0.48633,0.13304,1,0.36429,0.93678,0.59527,1.34155,0.91254,1.18572,1.14154,0.82822,1.24292,1.14806,1.09356,0.76733,1.12647,0.77486,0.91436,0.88748,1.16074,1.02568,1.01414,1.00122,1.00238,0.98017,1.18072,1.1865,0.94969,0.56298,1.35145,1.30338
45.06,0.82614,0.74408,1.23906,1.31402,1.37445,1,1.32699,0.95529,1.29318,0.53382,0.80765,1.0766,0.91228,1.14494,0.70332,0.94246,0.94977,1.18274,0.98876,1.10202,1.12899,1.18061,0.82716,0.99316,0.99277,0.99921,0.99682,1.03967,0.89454,0.91176,1.05632,1.31023,0.3696,0.76107,1.17006,1.25953,0.7933,0.52349,0.08354,1,0.34794,1.06893,0.4415,1.33353,1.18,0.94397,1.10354,0.8556,1.27179,1.05863,1.10704,0.80306,1.02615,0.9139,0.92363,0.88457,1.16256,1.01995,1.01413,1.00147,1.00248,0.98152,1.17091,1.16264,0.95177,0.54243,1.34577,1.31528
45.08,0.83852,0.69657,1.23437,1.30166,1.37763,1,1.32795,0.8229,1.31578,0.61279,0.60892,1.21728,0.97602,1.11588,0.6525,1.14146,0.94888,1.14881,1.08699,0.93402,1.11446,1.18495,0.82476,0.99561,0.99296,0.99907,0.99675,1.03488,0.91024,0.93543,1.05392,1.31252,0.41453,0.74387,1.16186,1.27847,0.80164,0.57548,0.04413,1,0.34252,1.19156,0.33846,1.317,1.2673,0.75936,1.03331,0.89309,1.28923,0.9403,1.10847,0.85495,0.93473,1.12724,0.93509,0.87988,1.1641,1.01302,1.01378,1.00174,1.00253,0.98393,1.15414,1.13191,0.95407,0.53239,1.33907,1.32084
45.1,0.85654,0.64779,1.22524,1.28404,1.38031,1,1.32679,0.69886,1.32841,0.73358,0.48507,1.27016,1.0849,1.0738,0.61512,1.23634,0.95193,1.09389,1.15026,0.82524,1.09691,1.19002,0.8228,0.99825,0.99335,0.99893,0.99677,1.02871,0.92916,0.95864,1.05136,1.31248,0.46121,0.73918,1.14917,1.29452,0.81689,0.63778,0.00884,1,0.34904,1.25457,0.27139,1.2799,1.30132,0.62914,0.96108,0.9385,1.30015,0.8532,1.1035,0.92075,0.86632,1.22991,0.94771,0.8742,1.16534,1.00528,1.01303,1.00199,1.00252,0.98697,1.13108,1.09454,0.95648,0.53256,1.33128,1.32226
45.12,0.88208,0.60012,1.2119,1.26123,1.38095,1,1.3232,0.59313,1.33526,0.91081,0.40758,1.29582,1.15934,1.01605,0.58947,1.2793,0.95505,1.00612,1.18805,0.74465,1.07764,1.19481,0.8214,1.00175,0.99397,0.99882,0.9969,1.02222,0.94801,0.97919,1.04871,1.31014,0.50915,0.74495,1.12946,1.30766,0.83713,0.70293,0,1,0.36867,1.28995,0.23163,1.16034,1.31804,0.54049,0.90826,0.98819,1.30688,0.77941,1.09824,0.99574,0.81183,1.2719,0.96023,0.86862,1.16622,0.99866,1.01186,1.0022,1.00241,0.99006,1.10423,1.05316,0.95896,0.54283,1.32221,1.32051
45.14,0.91703,0.55578,1.19427,1.23575,1.38095,1,1.31652,0.50854,1.33809,1.17051,0.36244,1.3092,1.20202,0.97463,0.57428,1.30218,0.95487,0.95095,1.21059,0.68948,1.05836,1.19848,0.82086,1.00647,0.99482,0.99875,0.99716,1.01648,0.96367,0.99522,1.04598,1.30524,0.55832,0.75936,1.09864,1.31813,0.86073,0.76084,0,1,0.40318,1.31116,0.21442,0.82006,1.32657,0.48435,0.8637,1.06224,1.31061,0.72097,1.09857,1.10365,0.77234,1.29249,0.97154,0.86421,1.16656,0.995,1.01021,1.00234,1.00221,0.99272,1.07827,1.01344,0.96148,0.56331,1.31153,1.31586
45.16,0.96276,0.51685,1.17151,1.21416,1.38095,1,1.30555,0.44421,1.33752,1.26282,0.34344,1.31549,1.22793,0.94691,0.56872,1.31527,0.94943,0.90899,1.22296,0.65667,1.0408,1.20043,0.82164,1.01036,0.99593,0.99872,0.99756,1.01224,0.97405,1.0111,1.04316,1.29726,0.60895,0.78088,1.04965,1.3262,0.88687,0.80094,0,1,0.45498,1.32437,0.21793,0.61748,1.32993,0.45499,0.82829,1.11303,1.31193,0.67772,1.10758,1.16061,0.74784,1.30262,0.98094,0.86181,1.16607,0.99193,1.00806,1.00238,1.00191,0.99465,1.05883,0.99177,0.96406,0.59423,1.29874,1.30809
45.18,1.03509,0.4855,1.14153,1.20539,1.38095,1,1.28817,0.39861,1.3333,1.29898,0.34996,1.31654,1.24442,0.92563,0.57243,1.32268,0.93863,0.87638,1.2276,0.64389,1.02625,1.2002,0.82443,1.01318,0.99728,0.99875,0.99809,1.00981,0.97846,1.02024,1.04018,1.28533,0.66113,0.80803,0.98592,1.33205,0.91554,0.81539,0,1,0.52649,1.33254,0.24326,0.48894,1.32879,0.44989,0.80112,1.14377,1.31105,0.64885,1.12419,1.19337,0.73805,1.30623,0.98815,0.8621,1.1643,0.98967,1.00542,1.00233,1.00149,0.99574,1.04994,0.98472,0.96675,0.63552,1.28312,1.29656
45.2,1.11463,0.4642,1.09968,1.21361,1.38095,1,1.26079,0.37099,1.3241,1.31647,0.38723,1.31236,1.25542,0.9106,0.58551,1.32621,0.92398,0.85131,1.22527,0.64987,1.01532,1.19735,0.83013,1.01476,0.99882,0.99882,0.99873,1.00907,0.97757,1.02102,1.03699,1.26817,0.71421,0.83906,0.9431,1.33575,0.94749,0.80187,0,1,0.61878,1.33709,0.29516,0.40924,1.32199,0.46983,0.78043,1.16228,1.30787,0.63376,1.14429,1.2139,0.743,1.30456,0.99326,0.86558,1.16065,0.9884,1.00236,1.00219,1.00099,0.99606,1.05175,0.98411,0.96959,0.68637,1.26392,1.28024
45.22,1.16477,0.45546,1.03581,1.23403,1.38095,1,1.21689,0.36154,1.30621,1.32483,0.46903,1.30113,1.26318,0.90138,0.60859,1.32657,0.90793,0.8316,1.21541,0.67442,1.00785,1.19135,0.83972,1.01494,1.00101,0.99894,0.99946,1.00957,0.97305,1.01626,1.03354,1.24392,0.76698,0.87202,0.90383,1.3372,0.984,0.76431,0,1,0.73064,1.33858,0.38449,0.3657,1.30503,0.51917,0.76437,1.17256,1.30192,0.63216,1.16363,1.22787,0.76306,1.29731,0.9966,0.87267,1.15432,0.98826,0.99949,1.00197,1.00042,0.99584,1.06079,0.98782,0.97263,0.74517,1.24035,1.25765
45.24,1.19687,0.4615,0.96905,1.25807,1.38095,1,1.14182,0.37131,1.26838,1.32733,0.62593,1.27729,1.26883,0.89741,0.64276,1.32385,0.89303,0.81511,1.19592,0.71806,1.00307,1.18141,0.85417,1.01366,1.00446,0.9991,1.00045,1.01072,0.96689,1.00849,1.02972,1.20925,0.81872,0.90521,0.87051,1.3362,1.04616,0.71087,0,1,0.85991,1.33704,0.535,0.3519,1.26171,0.60664,0.75182,1.17676,1.29222,0.64393,1.1795,1.23834,0.79873,1.28246,0.99869,0.88371,1.14433,0.98929,0.99773,1.00168,0.99991,0.99533,1.07244,0.99374,0.97593,0.81033,1.2112,1.22643
45.26,1.21732,0.48437,0.91736,1.27978,1.38095,1,0.99452,0.40235,1.15959,1.3249,0.93029,1.22352,1.27271,0.89811,0.68946,1.31767,0.88143,0.79994,1.16254,0.78132,0.99991,1.16642,0.87424,1.01103,1.00784,0.99928,1.00199,1.01189,0.96112,1,1.02542,1.15708,0.87039,0.93759,0.8445,1.33226,1.10647,0.65112,0,1,1.01508,1.3319,0.80206,0.36531,1.08448,0.74668,0.74274,1.17602,1.27689,0.66876,1.19068,1.24713,0.85,1.25497,1.00015,0.89892,1.1295,0.99139,0.99598,1.00135,0.99961,0.99481,1.08276,1,0.97959,0.88126,1.17343,1.18225
45.28,1.22962,0.52611,0.86608,1.29676,1.38095,1,0.89415,0.45788,0.86252,1.31706,1.26755,1.05869,1.27451,0.90287,0.7501,1.30713,0.87504,0.78458,1.10748,0.86296,0.99841,1.14478,0.90033,1.00736,1.01096,0.99947,1.00342,1.01243,0.95769,0.99658,1.02052,1.06954,0.92516,0.96882,0.82654,1.32436,1.15201,0.59404,0,1,1.18012,1.32174,1.2292,0.40626,0.75904,0.95885,0.73837,1.17095,1.25233,0.70563,1.19645,1.25532,0.91506,1.20262,1.0027,0.91826,1.10833,0.9943,0.99435,1.001,0.99933,0.99456,1.08863,1.00969,0.98369,0.95889,1.11885,1.11595
45.3,1.2355,0.58882,0.81718,1.30868,1.37685,1,0.80422,0.54217,0.67717,1.30177,1.32276,0.84546,1.27342,0.91099,0.82544,1.29091,0.87564,0.76803,1.01798,0.9572,0.99634,1.11425,0.93228,1.00315,1.01362,0.99964,1.00462,1.01171,0.95851,0.995,1.0149,0.95744,0.98865,0.99905,0.81721,1.31048,1.18636,0.5469,0.05411,1,1.24818,1.30332,1.31542,0.47714,0.58225,1.20761,0.74104,1.16183,1.21096,0.75203,1.19592,1.26343,0.98848,1.09164,1.00615,0.94133,1.07897,0.99758,0.99293,1.00067,0.99909,0.99489,1.08725,1.01406,0.98829,1.07254,1.023,1.00478
45.32,1.2356,0.67489,0.77264,1.3159,1.3473,1,0.71524,0.6605,0.55861,1.27416,1.34017,0.72806,1.26807,0.92183,0.91529,1.26725,0.88486,0.7499,0.95465,1.07975,0.99309,1.07144,0.96948,0.99954,1.0156,0.99978,1.00546,1.00915,0.96528,0.9959,1.00851,0.88082,1.09925,1.04945,0.81705,1.28597,1.21207,0.51482,0.33718,1,1.28825,1.26883,1.34097,0.5815,0.4893,1.27134,0.75355,1.14868,1.13379,0.80387,1.18747,1.27156,1.08989,0.93626,1.01148,0.96744,1.03889,1.00141,0.99187,1.00041,0.99892,0.99603,1.07538,1.0116,0.9934,1.15897,0.93315,0.93157
45.34,1.22973,0.78803,0.73374,1.31885,0.52257,1,0.62355,0.8196,0.48621,1.22225,1.34459,0.66864,1.25652,0.93486,1.03402,1.23408,0.90385,0.73065,0.91661,1.14864,0.98821,1.01065,1.02094,0.99789,1.01679,0.99987,1.00587,1.00432,0.9792,0.99966,1.00125,0.81091,1.17713,1.08776,0.82635,1.23807,1.23121,0.50087,1.31523,1,1.31556,1.19368,1.35191,0.72273,0.46076,1.29253,0.77823,1.13117,0.97966,0.85623,1.16815,1.27946,1.1418,0.85796,1.01928,0.99582,0.99243,1.00636,0.99122,1.00024,0.99884,0.99814,1.0484,1.00098,0.99904,1.21046,0.84961,0.87026
45.36,1.21694,0.93438,0.70091,1.31754,0.09553,1,0.53074,1.0473,0.44639,1.11178,1.33986,0.65697,1.23567,0.94975,1.15192,1.18952,0.93296,0.71158,0.89563,1.17517,0.98146,0.96791,1.08515,0.99682,1.0172,0.9999,1.00584,0.99855,1.00125,1.01221,0.9966,0.74669,1.23067,1.11772,0.84503,1.11482,1.24541,0.50713,1.37344,1,1.33505,0.97629,1.35693,0.89959,0.49122,1.29613,0.81605,1.10846,0.87651,0.90451,1.13228,1.28661,1.16457,0.81898,1.02963,1.04481,0.96372,1.0095,0.991,1.00018,0.99884,1.00245,0.99918,0.99093,1.01015,1.24472,0.76146,0.81615
45.38,1.19537,1.14396,0.67428,1.31119,0,1,0.44139,1.21706,0.42982,0.94018,1.32114,0.687,1.20045,0.96627,1.20865,1.13326,0.97114,0.69492,0.89002,1.17967,0.97292,0.93324,1.13005,0.9964,1.01695,0.99988,1.00543,0.99404,1.04939,1.02849,0.99232,0.68866,1.26876,1.14152,0.87227,0.88056,1.25583,0.53608,1.38095,1,1.34904,0.81593,1.35885,1.12191,0.5896,1.28652,0.8656,1.07911,0.79494,0.94528,1.06845,1.29239,1.17011,0.81173,1.0421,1.08496,0.93671,1.01072,0.99114,1.00023,0.99892,1.00994,0.96428,0.97812,1.02226,1.26873,0.67101,0.7686
45.4,1.16212,1.23536,0.65396,1.29741,0,1,0.36037,1.26895,0.42933,0.86386,1.25557,0.75467,1.14323,0.98417,1.2407,1.06896,1.02841,0.68363,0.89685,1.16863,0.96296,0.90249,1.16185,0.9966,1.01631,0.9998,1.00478,0.98911,1.09077,1.04586,0.98791,0.63833,1.29622,1.16011,0.90624,0.73319,1.2632,0.59166,1.38095,1,1.35901,0.71073,1.35891,1.20595,0.78409,1.25994,0.92187,1.04096,0.73176,0.97662,0.97893,1.29607,1.16334,0.82918,1.0558,1.11504,0.91243,1.01014,0.99149,1.00038,0.99906,1.01786,0.92766,0.96347,1.03408,1.28575,0.58208,0.72825
45.42,1.11316,1.27602,0.64005,1.2696,0,1,0.29083,1.2913,0.43879,0.84673,0.84748,0.85509,1.0555,1.00634,1.26011,1.00574,1.09055,0.68083,0.9125,1.14401,0.95218,0.87644,1.18429,0.99731,1.01555,0.99968,1.00404,0.98431,1.12295,1.06233,0.98351,0.59727,1.31613,1.17395,0.94407,0.62617,1.26799,0.68073,1.38095,1,1.36608,0.6458,1.35782,1.21918,1.15413,1.20036,0.97645,0.99542,0.68455,0.99834,0.92282,1.29696,1.14653,0.86417,1.06971,1.1373,0.89175,1.00805,0.99189,1.0006,0.9992,1.02531,0.89359,0.94853,1.04522,1.29765,0.49849,0.69617
45.44,1.04357,1.29821,0.63243,1.20538,0,1,0.23378,1.30092,0.45314,0.89127,0.5462,0.98036,0.97336,1.04107,1.27206,0.98009,1.12939,0.68903,0.93342,1.10635,0.94129,0.85521,1.19993,0.99839,1.01492,0.99953,1.00336,0.98015,1.14618,1.07674,0.97927,0.56632,1.33066,1.18344,0.98216,0.54808,1.27052,0.81539,1.38095,1,1.37108,0.61229,1.35612,1.18126,1.28585,1.04383,1.03673,0.96817,0.65108,1.02182,0.87834,1.29433,1.12079,0.90926,1.08288,1.15359,0.87509,1.00485,0.99223,1.00087,0.99934,1.03159,0.86511,0.93453,1.0554,1.30564,0.42304,0.67305
45.46,0.97829,1.31163,0.63063,0.9841,0,1,0.18903,1.30296,0.46881,1.02032,0.38666,1.14023,0.93929,1.07061,1.27924,0.9684,1.15286,0.70983,0.95658,1.05713,0.93103,0.83818,1.21075,0.99967,1.01453,0.99938,1.00281,0.97694,1.1618,1.08876,0.9753,0.54559,1.34129,1.18906,1.03019,0.49118,1.27111,1.03021,1.38095,1,1.3746,0.60469,1.35418,0.98518,1.32209,0.87882,1.07653,0.94159,0.62909,1.03384,0.84674,1.28724,1.08678,0.95667,1.09454,1.16564,0.86229,1.00102,0.99244,1.00117,0.99945,1.03631,0.84374,0.92211,1.06446,1.3106,0.35758,0.65893
45.48,0.94616,1.32012,0.63383,0.78763,0,1,0.1563,1.29895,0.48388,1.19974,0.29917,1.20389,0.92322,1.09585,1.28317,0.9624,1.1657,0.74366,0.97948,1.00312,0.92229,0.82411,1.21823,1.00182,1.01436,0.99922,1.00242,0.97486,1.17115,1.09859,0.97173,0.53492,1.34897,1.19118,1.06875,0.45039,1.27006,1.22473,1.38095,1,1.37697,0.61946,1.35222,0.76911,1.33728,0.78472,1.09303,0.91586,0.61634,1.0398,0.8276,1.2742,1.04559,0.99789,1.10396,1.17497,0.85271,0.99861,0.99253,1.00146,0.99952,1.03932,0.82997,0.91142,1.07227,1.31303,0.30346,0.65349
45.5,0.93041,1.32543,0.64088,0.64791,0,1,0.13586,1.28879,0.49813,1.27129,0.25492,1.23042,0.91456,1.11736,1.28484,0.95693,1.17068,0.78957,1.00003,0.98267,0.91609,0.81145,1.22359,1.00374,1.01426,0.99907,1.00214,0.97396,1.17522,1.10662,0.96869,0.53429,1.35431,1.19009,1.08544,0.42266,1.26771,1.28333,1.38095,1,1.37837,0.65393,1.35028,0.59092,1.34403,0.73194,1.1014,0.89132,0.61077,1.04511,0.81978,1.25273,0.99998,1.04223,1.11037,1.18294,0.84547,0.99713,0.99259,1.00173,0.99958,1.04061,0.82373,0.90231,1.07866,1.31317,0.26181,0.65629
45.52,0.93297,1.3284,0.65048,0.55317,0,1,0.12852,1.27092,0.51268,1.30527,0.24156,1.23844,0.90185,1.13547,1.28492,0.94741,1.16929,0.84516,1.03001,0.98011,0.91342,0.7987,1.22774,1.00464,1.01401,0.99895,1.00192,0.97422,1.17461,1.11327,0.96634,0.54392,1.35773,1.18591,1.08281,0.40631,1.26442,1.30933,1.38095,1,1.37886,0.70563,1.34821,0.46189,1.34597,0.71379,1.11308,0.86847,0.61052,1.05408,0.82198,1.21845,0.98027,1.04779,1.11306,1.19056,0.83961,0.99643,0.99272,1.00196,0.99962,1.04025,0.82468,0.89449,1.08346,1.31098,0.23314,0.6669
45.54,0.95547,1.32942,0.66149,0.49369,0,1,0.13566,1.24173,0.52917,1.32296,0.25488,1.23253,0.87697,1.15048,1.28384,0.93067,1.16212,0.90723,1.04726,0.99576,0.91493,0.78491,1.2313,1.00424,1.01342,0.99887,1.00168,0.97555,1.16962,1.11888,0.96476,0.56418,1.35956,1.17865,1.05824,0.40054,1.26053,1.32223,1.38095,1,1.37839,0.77209,1.34574,0.37576,1.34404,0.72728,1.13407,0.84777,0.61413,1.0691,0.83308,1.16259,0.96771,1.01113,1.11154,1.19841,0.8344,0.99674,0.99304,1.00211,0.99967,1.03834,0.83228,0.88768,1.0866,1.30617,0.21713,0.68485
45.56,0.99873,1.32861,0.67313,0.46205,0,1,0.15961,1.19346,0.54919,1.3323,0.29581,1.21053,0.83859,1.16264,1.28187,0.90564,1.14898,0.9723,1.05391,1.05207,0.9207,0.76994,1.23458,1.00248,1.01237,0.99883,1.00139,0.97779,1.16033,1.12364,0.96396,0.59533,1.36004,1.16828,1.00187,0.40515,1.25626,1.32828,1.38095,1,1.37674,0.85033,1.34255,0.32324,1.33781,0.77244,1.16235,0.82969,0.6206,1.08992,0.85225,1.06508,0.96261,0.96095,1.10562,1.20648,0.82945,0.99809,0.9936,1.00218,0.99973,1.03507,0.84584,0.88174,1.08817,1.29817,0.21284,0.70954
45.58,1.09122,1.32581,0.68499,0.45308,0,1,0.20432,1.10937,0.57384,1.33654,0.36937,1.1616,0.79223,1.17206,1.27915,0.87354,1.12906,1.06036,1.05063,1.11373,0.93016,0.75463,1.23757,0.99981,1.01081,0.99885,1.00104,0.98074,1.14683,1.12756,0.96386,0.63699,1.35936,1.15492,0.95768,0.42057,1.25175,1.32991,1.38095,1,1.37343,0.93554,1.3383,0.29752,1.32531,0.85129,1.19118,0.81478,0.62938,1.11408,0.87876,0.9529,0.96515,0.90112,1.0955,1.2143,0.82479,1.00058,0.99442,1.00215,0.9998,1.03071,0.86426,0.87675,1.08838,1.28617,0.2189,0.73983
45.6,1.15542,1.32061,0.69695,0.4634,0,1,0.2762,0.97908,0.60372,1.33691,0.48406,1.04921,0.7474,1.17864,1.27566,0.83739,1.10097,1.12321,1.0368,1.16387,0.94205,0.74056,1.24002,0.99809,1.00883,0.99893,1.00066,0.98409,1.1295,1.13047,0.96429,0.68749,1.35768,1.13907,0.91216,0.4479,1.24702,1.32804,1.38095,1,1.36743,1.03492,1.33262,0.29517,1.30156,0.96624,1.21475,0.80385,0.64025,1.13837,0.91172,0.88798,0.97544,0.83633,1.08199,1.22112,0.8209,1.00574,0.99547,1.00199,0.99987,1.02565,0.88592,0.87298,1.08754,1.26916,0.23356,0.77372
45.62,1.19667,1.31209,0.70916,0.49109,0,1,0.38596,0.91213,0.63914,1.3335,0.65107,0.91762,0.71335,1.18216,1.2713,0.80089,1.06263,1.15768,1.01056,1.20037,0.9547,0.72967,1.24152,0.99645,1.00654,0.99908,1.00029,0.98751,1.10923,1.13212,0.96506,0.74361,1.35518,1.12174,0.87075,0.48908,1.24199,1.32275,1.38095,1,1.35609,1.11896,1.32497,0.31608,1.25296,1.1406,1.23039,0.79785,0.65332,1.16025,0.94997,0.84236,0.99333,0.77559,1.06654,1.22618,0.81844,1.01057,0.99666,1.00171,0.99994,1.02038,0.90881,0.87081,1.08601,1.24614,0.25463,0.80842
45.64,1.22227,1.29844,0.72199,0.53556,0,1,0.5531,0.87469,0.6809,1.32521,0.88334,0.82624,0.69649,1.18226,1.26587,0.76722,1.01105,1.17652,0.98574,1.22522,0.96647,0.72351,1.24173,0.9952,1.00412,0.9993,0.99999,0.99071,1.08728,1.1323,0.96602,0.80129,1.35205,1.10423,0.8375,0.54718,1.23648,1.31338,1.38095,1,1.3309,1.15344,1.31439,0.36362,1.12703,1.2209,1.23751,0.79767,0.66889,1.17843,0.99209,0.81337,1.03268,0.72503,1.05106,1.22896,0.8181,1.0142,0.99791,1.00131,1.00001,1.01531,0.93103,0.87057,1.08409,1.21625,0.2799,0.84125
45.66,1.23743,1.2759,0.73602,0.59743,0,1,0.81607,0.86222,0.73091,1.3089,1.18278,0.75691,0.70054,1.17852,1.25903,0.73874,0.97527,1.18547,0.96388,1.24085,0.97614,0.72306,1.24034,0.99453,1.00174,0.99957,0.99988,0.99352,1.06512,1.13092,0.96706,0.85655,1.34843,1.08771,0.81404,0.62655,1.23016,1.29815,1.38095,1,1.24127,1.16352,1.29877,0.44547,0.8878,1.25892,1.23584,0.80407,0.68739,1.19252,1.05998,0.7984,1.07459,0.68827,1.03748,1.22916,0.82037,1.01609,0.99912,1.00081,1.00009,1.01078,0.95118,0.87239,1.08199,1.17901,0.30749,0.87034
45.68,1.24538,1.23571,0.75189,0.67786,0,1,1.20675,0.86961,0.79252,1.27617,1.26769,0.70991,0.72796,1.17028,1.25037,0.7173,0.94838,1.18752,0.94313,1.24872,0.98292,0.72869,1.23713,0.99457,0.99981,0.99988,0.99984,0.99586,1.04418,1.12802,0.96813,0.90615,1.34446,1.07288,0.80035,0.73242,1.22262,1.27326,1.38095,1,0.75187,1.15762,1.27306,0.57474,0.75873,1.27837,1.22389,0.81766,0.70924,1.20242,1.10927,0.79485,1.10732,0.66804,1.02743,1.22663,0.8255,1.01599,1.00039,1.00023,1.00013,1.00694,0.96841,0.87616,1.07981,1.13488,0.33602,0.89505
45.7,1.24805,1.15309,0.77023,0.77726,0.07535,1,1.29824,0.89064,0.87068,1.19905,1.29744,0.68569,0.78114,1.15651,1.23939,0.70474,0.92665,1.18452,0.9274,1.24895,0.98648,0.74034,1.23185,0.99532,0.999,1.00037,0.99987,0.99771,1.02567,1.12377,0.96923,0.94781,1.34023,1.05977,0.79549,0.86949,1.21335,1.23032,1.37513,1,0.48647,1.13959,1.22251,0.77042,0.67932,1.28697,1.19737,0.83896,0.73467,1.20797,1.14081,0.80002,1.12863,0.66744,1.02198,1.22123,0.83358,1.01385,1.00201,0.99983,1.0001,1.00387,0.98237,0.88158,1.07753,1.08597,0.36454,0.91584
45.72,1.2466,0.96748,0.79155,0.8944,0.19884,1,1.32606,0.9181,0.972,0.96317,1.31107,0.68524,0.86277,1.13548,1.22545,0.70276,0.91152,1.17782,0.92023,1.24002,0.98685,0.75777,1.22423,0.99674,0.99855,1.00091,0.99997,0.99909,1.01043,1.11843,0.97041,0.98038,1.33579,1.04782,0.79814,1.06512,1.20171,1.14718,1.36376,1,0.35307,1.11277,1.08009,1.08382,0.63149,1.28712,1.14506,0.86845,0.7638,1.20883,1.15952,0.81125,1.13749,0.69035,1.0214,1.21273,0.84458,1.00972,1.00291,0.99957,1.00003,1.00154,0.99306,0.88823,1.07507,1.03647,0.39268,0.93401
45.74,1.24162,0.84469,0.81622,1.04594,0.42305,1,1.33783,0.94538,1.13036,0.79759,1.31764,0.70977,0.9757,1.10419,1.20759,0.71267,0.90383,1.16847,0.92381,1.21772,0.98443,0.78093,1.21374,0.9988,0.9985,1.00133,1.00027,1.00013,0.99942,1.1122,0.97176,1.00754,1.33108,1.03618,0.80694,1.20251,1.18697,0.97416,1.33427,1,0.28353,1.0816,0.84978,1.25021,0.60486,1.27843,1.03373,0.90666,0.79678,1.20449,1.16818,0.82616,1.13313,0.74122,1.02513,1.2006,0.85854,1.00362,1.003,0.99937,0.99995,0.99995,1.0015,0.89576,1.07221,0.99614,0.42067,0.95101
45.76,1.23332,0.75698,0.84422,1.17189,0.92899,1,1.34269,0.96829,1.21284,0.69842,1.32034,0.75985,1.14241,1.05724,1.18432,0.73517,0.90364,1.15733,0.9382,1.17177,0.97993,0.81011,1.1995,1.00291,0.99883,1.00159,1.0007,1.00138,0.99552,1.10522,0.9734,1.03432,1.3259,1.02409,0.82072,1.25367,1.16828,0.86275,1.1091,1,0.25195,1.05101,0.69335,1.2927,0.59316,1.25756,0.92252,0.95405,0.83376,1.19421,1.16839,0.84287,1.11429,0.82433,1.03191,1.18376,0.87559,0.99776,1.00234,0.99925,0.99986,0.99941,1.01138,0.90393,1.06866,0.98135,0.44936,0.96801
45.78,1.22173,0.6959,0.87485,1.2256,1.31844,1,1.34341,0.98622,1.25542,0.64413,1.3205,0.83341,1.21703,0.99274,1.15352,0.76999,0.91018,1.14517,0.96094,1.07486,0.97438,0.84585,1.18011,1.0092,0.99942,1.00169,1.00114,1.00208,0.99324,1.09752,0.9755,1.04717,1.31994,1.01115,0.83828,1.27872,1.145,0.78056,0.50752,1,0.24715,1.02358,0.57742,1.30905,0.59245,1.21611,0.84414,1.01976,0.8746,1.17701,1.16107,0.85994,1.07959,0.94085,1.04001,1.16032,0.89586,0.99285,1.00117,0.99921,0.99978,0.99911,1.01696,0.91262,1.06402,0.97358,0.48008,0.98549
45.8,1.20688,0.65579,0.90635,1.25479,1.35293,1,1.34079,1.00422,1.2786,0.6224,1.31876,0.92186,1.25073,0.95223,1.11234,0.81548,0.92196,1.13269,0.98673,0.94499,0.96905,0.8888,1.15341,1.01628,1.00011,1.00165,1.00149,1.00237,0.99219,1.08909,0.97823,1.05139,1.31266,0.99878,0.85833,1.29208,1.11725,0.71886,0.29422,1,0.26452,0.99808,0.4986,1.31466,0.60008,1.13552,0.78953,1.10435,0.91852,1.15179,1.14687,0.87628,1.03057,1.11133,1.04753,1.12707,0.91939,0.98717,0.99995,0.99922,0.99971,0.99899,1.01948,0.92176,1.05782,0.97093,0.51451,1.00614
45.82,1.18902,0.63297,0.93613,1.27284,1.36409,1,1.33463,1.03763,1.29008,0.62625,1.31541,1.01463,1.26397,0.91485,1.0571,0.86884,0.93711,1.12045,1.01615,0.87262,0.96519,0.93969,1.11575,1.02397,1.00101,1.00151,1.00164,1.00235,0.99207,1.0799,0.98173,1.04989,1.30328,0.99236,0.87943,1.29884,1.08657,0.67164,0.19564,1,0.3034,0.98157,0.45419,1.3137,0.61421,0.99069,0.76266,1.15728,0.964,1.1174,1.1264,0.89128,0.98969,1.1945,1.05281,1.07805,0.94611,0.98082,0.99949,0.99929,0.99968,0.999,1.01977,0.93133,1.04955,0.97188,0.55464,1.03579
45.84,1.16861,0.62491,0.96143,1.28499,1.36838,1,1.32355,1.07516,1.29314,0.65215,1.31055,1.09838,1.26268,0.88183,0.99185,0.92722,0.9539,1.10864,1.03587,0.83345,0.9637,0.99955,1.06019,1.03212,1.00117,1.0013,1.0015,1.0021,0.99263,1.06978,0.98611,1.04443,1.29045,0.98685,0.90024,1.3011,1.05622,0.63471,0.15193,1,0.36678,0.95961,0.44167,1.30685,0.63346,0.92404,0.76544,1.19207,1.01744,1.07209,1.1002,0.90487,0.97611,1.2245,1.05482,1.00069,0.97601,0.97386,0.99941,0.99939,0.9997,0.9991,1.01841,0.9414,1.03873,0.97528,0.60294,1.05805
45.86,1.14645,0.62966,0.98005,1.29369,1.3693,1,1.30384,1.11465,1.28889,0.69876,1.3042,1.1186,1.24629,0.85343,0.95634,0.98907,0.97119,1.09675,1.03407,0.82506,0.9649,1.09952,0.98698,1.04059,1.0004,1.00105,1.00105,1.0017,0.99374,1.05848,0.99133,1.03613,1.27179,0.98252,0.91969,1.29978,1.03079,0.60518,0.14207,1,0.46256,0.9314,0.45896,1.29259,0.65672,0.90346,0.79775,1.21593,1.08019,1.01221,1.06835,0.91776,0.9774,1.23003,1.0532,0.95103,1.01735,0.96638,0.9998,0.99951,0.99979,0.99927,1.01574,0.95212,1.02499,0.98028,0.66238,1.07386
45.88,1.12377,0.64538,0.99064,1.30017,1.36786,1,1.2649,1.1511,1.27723,0.76572,1.29633,1.10446,1.20799,0.82929,0.92779,1.08338,0.98846,1.08347,1.01439,0.84151,0.9685,1.16177,0.93935,1.04921,0.99936,1.00077,1.0003,1.00118,0.9953,1.04566,0.99723,1.02567,1.24268,0.97952,0.93684,1.29524,1.01494,0.58122,0.1574,1,0.60627,0.89901,0.50363,1.2662,0.68283,0.91808,0.8562,1.23297,1.11913,0.97058,1.03013,0.93128,0.99085,1.21892,1.04829,0.90332,1.07188,0.9585,1.00129,0.99964,0.99994,0.9995,1.01191,0.96365,1.0083,0.98632,0.73612,1.08402
45.9,1.10255,0.67002,0.99273,1.30505,1.36434,1,1.16413,1.18067,1.25778,0.85213,1.28705,1.06689,1.1316,0.80882,0.90649,1.14694,1.01105,1.06655,0.99213,0.87272,0.97363,1.20307,0.8946,1.0577,0.99818,1.00047,0.99966,1.00057,0.9973,1.03099,1.0068,1.01346,1.1929,0.97797,0.95087,1.28758,1.01169,0.56197,0.19316,1,0.82738,0.86658,0.56999,1.21517,0.71036,0.95219,0.93083,1.24556,1.14338,0.93681,0.9921,0.94734,1.01865,1.19442,1.04109,0.8585,1.11317,0.95043,1.00364,0.99978,1.00026,0.99976,1.00692,0.97608,0.99474,0.99302,0.82712,1.08904
45.92,1.08542,0.70123,0.98685,1.30861,1.35889,1,0.89454,1.20201,1.23178,0.95562,1.27664,1.02373,0.99588,0.79147,0.89274,1.19046,1.0411,1.04271,0.9801,0.90483,0.97921,1.23151,0.85384,1.06577,0.99684,1.00015,0.99913,0.99994,0.99977,1.01411,1.01823,0.99984,1.09208,0.97794,0.961,1.27678,1.02074,0.54718,0.24403,1,1.17971,0.83858,0.64572,1.09727,0.73772,0.98461,1.00606,1.25513,1.15729,0.90367,0.96869,0.96795,1.04434,1.16315,1.03298,0.8179,1.14456,0.9425,1.00628,0.99993,1.00068,1.00009,1.00061,0.98948,0.98558,1.00033,0.93914,1.08915
45.94,1.07508,0.73684,0.97459,1.31099,1.35199,1,0.71835,1.21564,1.2044,1.10208,1.26554,1.00808,0.93714,0.77682,0.88648,1.22255,1.06746,1.00762,0.97691,0.92419,0.98445,1.25148,0.81776,1.0731,0.99551,0.99992,0.99859,0.99957,1.0054,0.99728,1.02821,0.99254,0.93247,0.97939,0.96666,1.26266,1.03854,0.53696,0.30163,1,1.28713,0.81818,0.71287,0.9105,0.76347,0.99493,1.07882,1.26252,1.16323,0.87064,0.94552,0.99468,1.05068,1.1403,1.0251,0.78249,1.16849,0.93504,1.00888,1.00016,1.0011,1.00073,0.99645,1.00776,0.97723,1.01458,1.10999,1.08445
45.96,1.07336,0.77519,0.95859,1.3122,1.34494,1,0.59718,1.22272,1.18427,1.18465,1.25424,1.03881,0.92591,0.76474,0.88708,1.24671,1.09134,0.98027,0.98468,0.92347,0.98916,1.26557,0.78665,1.07938,0.99433,0.99976,0.99811,0.99917,1.01212,0.9867,1.03676,0.98526,0.81762,0.9822,0.96758,1.2448,1.05985,0.53161,0.35405,1,1.32175,0.80666,0.7557,0.79656,0.78667,0.97398,1.09036,1.26821,1.16267,0.83844,0.922,1.04837,1.03493,1.14121,1.01778,0.75295,1.18675,0.92845,1.01116,1.00046,1.00147,1.00141,0.9919,1.03552,0.9698,1.02795,1.21189,1.07498
45.98,1.08051,0.81513,0.94237,1.31218,1.33981,1,0.51501,1.22441,1.17638,1.22604,1.24319,1.09314,0.95244,0.75543,0.89322,1.26441,1.11325,0.95512,1.00408,0.90517,0.99386,1.27523,0.76071,1.08426,0.99339,0.99961,0.99772,0.99876,1.01965,0.97556,1.04421,0.97822,0.7108,0.98607,0.96373,1.22238,1.07948,0.53171,0.38864,1,1.3378,0.80381,0.77119,0.71417,0.80691,0.92904,1.06201,1.27235,1.15682,0.80914,0.8979,1.09674,0.99746,1.16277,1.01023,0.72996,1.20054,0.9232,1.01296,1.00073,1.00178,1.00211,0.98667,1.06116,0.96311,1.04015,1.26528,1.061
46,1.09501,0.85592,0.9301,1.31075,1.33839,1,0.46381,1.22172,1.17587,1.24959,1.23272,1.14046,0.99929,0.74957,0.90297,1.27634,1.13321,0.93108,1.04253,0.87996,0.99969,1.28121,0.74033,1.08728,0.99277,0.99949,0.99745,0.99834,1.02777,0.9639,1.05103,0.9718,0.60762,0.99058,0.95545,1.19405,1.09319,0.53799,0.3977,1,1.34587,0.80832,0.77217,0.65546,0.82417,0.87854,1.00106,1.27487,1.14706,0.78575,0.87347,1.13319,0.97126,1.18798,1.00052,0.71444,1.21059,0.91989,1.01414,1.00096,1.00199,1.0028,0.98084,1.08481,0.95679,1.05071,1.2991,1.04326
46.02,1.1138,0.89731,0.92591,1.3078,1.34089,1,0.44067,1.21568,1.17226,1.26332,1.22304,1.16867,1.06487,0.74822,0.91412,1.2829,1.15102,0.91119,1.07003,0.86086,1.01565,1.28377,0.726,1.08788,0.99249,0.99941,0.99731,0.99797,1.03615,0.95163,1.05771,0.96654,0.50745,0.99517,0.94365,1.15743,1.09766,0.55063,0.3816,1,1.34914,0.81812,0.77903,0.61596,0.83868,0.84138,0.97181,1.27544,1.13509,0.77136,0.84937,1.15808,0.94957,1.20431,0.9931,0.70747,1.21727,0.91923,1.01466,1.0011,1.0021,1.00344,0.9746,1.10672,0.95042,1.05899,1.32255,1.02335
46.04,1.133,0.93975,0.93326,1.3036,1.34606,1,0.44683,1.20744,1.15515,1.27017,1.21427,1.17626,1.07355,0.75289,0.92496,1.28434,1.1664,0.89831,1.0819,0.85785,1.0374,1.28288,0.71811,1.08543,0.99255,0.99939,0.9973,0.99767,1.04423,0.93844,1.0646,0.96324,0.4128,0.99924,0.93016,1.10762,1.08975,0.56783,0.3461,1,1.34829,0.83072,0.80977,0.59453,0.85082,0.83024,0.9673,1.27345,1.12256,0.76804,0.82651,1.17222,0.93932,1.20671,0.98267,0.7099,1.22082,0.92192,1.01455,1.00114,1.0021,1.00393,0.96837,1.12752,0.94366,1.06401,1.33934,1.00386
46.06,1.14865,0.98461,0.95463,1.29937,1.35245,1,0.48924,1.19861,1.11174,1.27046,1.20643,1.161,1.01337,0.76553,0.93476,1.28066,1.17909,0.89493,1.07596,0.8764,1.0642,1.27826,0.71688,1.07924,0.99284,0.99943,0.9974,0.99753,1.05127,0.92359,1.0718,0.96304,0.32756,1.00436,0.91788,1.0333,1.06482,0.58428,0.29804,1,1.34201,0.84335,0.8768,0.59361,0.86092,0.8521,0.99488,1.26785,1.11038,0.7764,0.80604,1.17571,0.94452,1.19118,0.96823,0.72222,1.22137,0.9286,1.01401,1.00107,1.00203,1.00418,0.96276,1.14807,0.93639,1.06431,1.35142,0.99439
46.08,1.15686,1.05694,0.9916,1.29784,1.35897,1,0.58623,1.19152,1.01499,1.26182,1.19967,1.11135,0.93131,0.78874,0.94399,1.27158,1.18869,0.90357,1.04834,0.91817,1.0941,1.26927,0.72238,1.06839,0.99319,0.99952,0.99754,0.99762,1.05624,0.90615,1.07911,0.96743,0.25526,1.00685,0.91091,0.96237,1.01345,0.59004,0.24329,1,1.32416,0.85289,0.98651,0.62051,0.86912,0.91109,1.08488,1.25655,1.09808,0.79549,0.78947,1.16662,0.9669,1.14778,0.94962,0.74444,1.21891,0.93986,1.01334,1.0009,1.00192,1.00402,0.95869,1.16906,0.92874,1.05761,1.35998,0.99115
46.1,1.15269,1.11934,1.07119,1.30249,1.365,1,0.78626,1.18914,0.93411,1.2358,1.1943,0.99239,0.84409,0.82606,0.95418,1.2567,1.19461,0.92725,0.99488,0.98101,1.12455,1.25477,0.73461,1.05169,0.99336,0.99964,0.99765,0.99807,1.05779,0.88513,1.08613,0.97838,0.19806,1.00491,0.9145,0.90765,0.96527,0.5722,0.18663,1,1.25782,0.85599,1.15106,0.69109,0.87533,1.01805,1.15856,1.23506,1.08345,0.82261,0.77874,1.1383,1.01231,1.04586,0.92724,0.77597,1.21329,0.95617,1.01301,1.00068,1.00184,1.00327,0.9574,1.19074,0.92116,1.03988,1.36589,0.99368
46.12,1.1266,1.16596,1.13747,1.31431,1.37021,1,1.20511,1.19381,0.87684,1.15749,1.1907,0.90047,0.7669,0.88227,0.96756,1.23628,1.19606,0.96995,0.95387,1.08765,1.15333,1.23284,0.75337,1.02736,0.9931,0.99977,0.99761,0.999,1.05397,0.85978,1.09231,0.99847,0.15636,0.99859,0.93483,0.85281,0.919,0.52213,0.13223,1,0.75516,0.84987,1.21718,0.84,0.87934,1.15961,1.20495,1.19166,1.06237,0.85329,0.77604,1.06974,1.09112,0.9286,0.90198,0.81573,1.20424,0.97795,1.01351,1.00044,1.00187,1.00169,0.96056,1.21276,0.91427,1.00306,1.36981,1.0071
46.14,1.05051,1.2027,1.18464,1.32981,1.37442,1,1.31933,1.20549,0.84559,0.90715,1.18906,0.81834,0.71038,0.96388,0.98654,1.21266,1.192,1.06127,0.90975,1.15577,1.17913,1.19984,0.778,0.99635,0.99218,0.99987,0.99734,1.00117,1.04175,0.82979,1.09718,1.05272,0.12913,0.99122,0.97895,0.79681,0.87232,0.44386,0.08391,1,0.38896,0.83358,1.24183,1.1645,0.88114,1.22596,1.23167,1.08367,1.02809,0.88182,0.78351,0.95209,1.14962,0.84807,0.87491,0.86254,1.19148,1.01086,1.01526,1.00024,1.00208,0.9995,0.97031,1.23436,0.90871,0.97008,1.3722,1.04062
46.16,0.93174,1.23264,1.21766,1.34441,1.37758,1,1.35229,1.22147,0.84532,0.69326,1.1891,0.75091,0.6761,1.10923,1.02481,1.19243,1.18083,1.15309,0.86606,1.19277,1.20134,1.14842,0.807,0.9754,0.99049,0.9999,0.99676,1.00586,1.01562,0.79548,1.10037,1.11023,0.1149,0.9799,1.08408,0.73912,0.82867,0.35271,0.04481,1,0.18384,0.80874,1.24201,1.29442,0.8811,1.26164,1.24564,0.90091,0.98547,0.90189,0.80312,0.84895,1.19158,0.78942,0.84726,0.9152,1.17503,1.06424,1.01842,1.00018,1.00252,0.99747,0.98949,1.25463,0.905,0.92749,1.3734,1.08276
46.18,0.81862,1.25737,1.24026,1.35583,1.37966,1,1.36721,1.23796,0.87981,0.52035,1.19007,0.69913,0.66081,1.20186,1.07748,1.18649,1.15967,1.21435,0.82536,1.21185,1.2197,1.06259,0.83739,0.95281,0.98805,0.99982,0.99584,1.01225,0.98369,0.75801,1.10151,1.16305,0.11257,0.96437,1.17485,0.68001,0.7911,0.26544,0.01758,1,0.05961,0.77941,1.2145,1.33594,0.88003,1.2823,1.25142,0.7616,0.94867,0.90717,0.83676,0.74376,1.22148,0.75331,0.8205,0.97212,1.15588,1.10877,1.02292,1.00034,1.00323,0.99464,1.03884,1.27277,0.90365,0.87435,1.37359,1.12752
46.2,0.70402,1.27775,1.2548,1.36389,1.38059,1,1.37528,1.25191,0.95423,0.39078,1.19091,0.66256,0.65876,1.25223,1.12475,1.20228,1.12297,1.25522,0.78971,1.21847,1.23414,0.96199,0.86419,0.92973,0.98497,0.99956,0.99458,1.02037,0.9492,0.71915,1.10025,1.20777,0.12184,0.94468,1.23384,0.62069,0.76248,0.19273,0.00497,1,0,0.751,1.11729,1.35481,0.87911,1.29443,1.25218,0.64362,0.90635,0.89256,0.88632,0.64473,1.2426,0.73965,0.79641,1.05221,1.13707,1.14462,1.02846,1.00082,1.00421,0.99093,1.10239,1.28827,0.90513,0.81273,1.37282,1.16983
46.22,0.59824,1.2943,1.26272,1.36925,1.38017,1,1.38007,1.26173,1.10672,0.29878,1.19044,0.64041,0.66313,1.28207,1.1645,1.23393,1.05883,1.28279,0.76067,1.21409,1.24469,0.9013,0.88105,0.90738,0.98146,0.99907,0.99298,1.03008,0.9046,0.68081,1.09611,1.24356,0.14341,0.92133,1.27209,0.56318,0.74508,0.13802,0.0107,1,0,0.72864,0.88369,1.36477,0.87963,1.30098,1.25056,0.54896,0.86095,0.85642,0.95341,0.55727,1.25718,0.74875,0.77674,1.11612,1.12419,1.17271,1.03462,1.00174,1.00544,0.9863,1.16039,1.30106,0.90995,0.74596,1.37096,1.20665
46.24,0.50659,1.3074,1.26499,1.37267,1.37783,1,1.38095,1.26703,1.2089,0.23615,1.18759,0.63178,0.66796,1.30065,1.19634,1.26802,0.97364,1.30161,0.73919,1.1971,1.25154,0.85582,0.88213,0.88674,0.97772,0.99829,0.99106,1.041,0.85102,0.64445,1.08848,1.27111,0.1792,0.89535,1.29737,0.51005,0.73982,0.1001,0.04155,1,0,0.71562,0.70259,1.37041,0.88272,1.30339,1.24876,0.47633,0.81542,0.80241,1.06336,0.48384,1.26674,0.78162,0.7629,1.15315,1.12334,1.19434,1.041,1.00319,1.00692,0.98084,1.20885,1.31142,0.91856,0.6783,1.3677,1.23686
46.26,0.43087,1.31733,1.26235,1.37472,1.37197,1,1.38095,1.26806,1.26144,0.19556,1.18148,0.63573,0.66974,1.31243,1.22073,1.29592,0.91519,1.3145,0.72573,1.16164,1.25487,0.82506,0.86423,0.8684,0.97388,0.99717,0.98883,1.05254,0.79091,0.61096,1.07662,1.29164,0.2326,0.86841,1.31441,0.46426,0.74594,0.07604,0.11247,1,0,0.71303,0.5582,1.37368,0.88913,1.3023,1.24808,0.42314,0.77297,0.73883,1.1552,0.42514,1.27227,0.83963,0.75582,1.17436,1.13704,1.21085,1.04735,1.00524,1.00862,0.97475,1.24707,1.31973,0.93137,0.61435,1.36241,1.26046
46.28,0.37152,1.32421,1.25564,1.3758,1.35701,1,1.38095,1.26529,1.29073,0.17168,1.17131,0.65114,0.66814,1.31966,1.23826,1.31569,0.86551,1.32305,0.72057,1.09312,1.25471,0.80889,0.82794,0.85281,0.97008,0.99571,0.98632,1.06384,0.72779,0.58103,1.05957,1.30635,0.30816,0.84282,1.3259,0.42919,0.76069,0.06298,0.2604,1,0,0.71998,0.45156,1.37547,0.89918,1.29788,1.24869,0.38725,0.73716,0.67616,1.20459,0.38157,1.27431,0.92313,0.75617,1.1845,1.16206,1.22326,1.05345,1.00791,1.01053,0.96844,1.27609,1.32634,0.94862,0.5588,1.35385,1.27797
46.3,0.32879,1.32796,1.2466,1.37615,1.29929,1,1.38095,1.25952,1.30716,0.16108,1.15635,0.67653,0.66568,1.32336,1.24924,1.32832,0.83013,1.32807,0.72401,0.97933,1.25074,0.80798,0.77723,0.84035,0.96645,0.99391,0.98358,1.07392,0.66562,0.55539,1.03616,1.31613,0.41029,0.82143,1.33333,0.40879,0.77911,0.05858,0.5889,1,0,0.73387,0.38009,1.37624,0.91269,1.29,1.24961,0.36775,0.71197,0.62422,1.2307,0.35402,1.27295,1.04947,0.76455,1.18505,1.1919,1.23226,1.05912,1.01116,1.01259,0.9625,1.29763,1.33147,0.97033,0.51597,1.33974,1.28998
46.32,0.30299,1.32821,1.23831,1.37595,0.72832,1,1.38095,1.25187,1.31527,0.16182,1.13593,0.71018,0.66643,1.32386,1.25352,1.33529,0.81392,1.32985,0.73658,0.90805,1.2422,0.82395,0.71759,0.83131,0.96312,0.99179,0.98067,1.08191,0.60753,0.53465,1.00475,1.3217,0.54053,0.80691,1.33753,0.40738,0.79465,0.06114,1.25218,1,0,0.7511,0.34104,1.37619,0.92904,1.27827,1.24933,0.36507,0.70148,0.59009,1.24087,0.34388,1.26783,1.15957,0.78156,1.17508,1.22106,1.23835,1.06419,1.01492,1.01478,0.95756,1.31348,1.33531,0.99634,0.48912,1.31557,1.29708
46.34,0.2945,1.32408,1.23462,1.37525,0.4409,1,1.38095,1.24366,1.31688,0.17306,1.10968,0.75053,0.67437,1.32087,1.25018,1.33765,0.8206,1.32827,0.75898,0.85403,1.22754,0.85942,0.65418,0.82569,0.96016,0.98937,0.97763,1.08725,0.55502,0.51906,0.98316,1.32349,0.69405,0.80098,1.33886,0.42989,0.80121,0.06962,1.3312,1,0,0.76825,0.33292,1.37537,0.94717,1.26181,1.24631,0.38094,0.70971,0.57748,1.2368,0.35291,1.25796,1.20968,0.8078,1.15048,1.24673,1.24195,1.0686,1.01913,1.01704,0.95415,1.32525,1.33803,1.04609,0.48003,1.27167,1.29977
46.36,0.30427,1.31339,1.23798,1.37407,0.38322,1,1.38095,1.23595,1.312,0.19482,1.07815,0.79656,0.69248,1.31332,1.23642,1.33575,0.8528,1.32268,0.79205,0.81723,1.20396,0.91811,0.59101,0.82311,0.95759,0.98668,0.97449,1.08978,0.50819,0.50843,0.96288,1.32167,0.85625,0.80403,1.33732,0.48303,0.79524,0.08374,1.34064,1,0,0.78321,0.35711,1.37373,0.96556,1.23884,1.23915,0.4189,0.74117,0.58769,1.21466,0.38357,1.24133,1.23495,0.84367,1.10034,1.26816,1.24357,1.07233,1.02373,1.01936,0.9525,1.33417,1.33981,1.09028,0.48929,1.18483,1.2984
46.38,0.33465,1.29048,1.24772,1.37233,0.48472,1,1.38095,1.22912,1.29832,0.22761,1.04464,0.84764,0.72265,1.29856,1.20451,1.32912,0.9122,1.31154,0.83649,0.79533,1.16635,1.00953,0.5312,0.82275,0.9554,0.98373,0.97125,1.08961,0.46655,0.5023,0.94208,1.31598,1.00573,0.81512,1.33235,0.57732,0.77691,0.10393,1.32306,1,0,0.79566,0.41975,1.37112,0.98196,1.206,1.22629,0.48516,0.80204,0.62054,1.15873,0.4393,1.21399,1.24762,0.88891,0.99626,1.28548,1.24379,1.07546,1.02867,1.02174,0.95261,1.34111,1.34081,1.12646,0.51667,0.99691,1.29316
46.4,0.39036,1.23679,1.26074,1.36988,0.95822,1,1.37974,1.22253,1.2684,0.272,1.01757,0.90325,0.76571,1.26988,1.12886,1.31625,0.99882,1.2916,0.89246,0.78487,1.10499,1.14602,0.47718,0.82347,0.95357,0.98058,0.96794,1.08707,0.4296,0.50006,0.92139,1.30583,1.13326,0.83198,1.3224,0.73003,0.74957,0.13127,1.07096,1,0,0.80698,0.53494,1.36728,0.99334,1.15669,1.20557,0.59048,0.90214,0.67408,1.00329,0.52453,1.16773,1.25316,0.94206,0.91723,1.29912,1.24335,1.07805,1.03383,1.02414,0.95426,1.34662,1.34117,1.15576,0.56091,0.90134,1.28432
46.42,0.48035,1.04542,1.27394,1.3664,1.3427,1,1.37377,1.21447,1.19515,0.32839,1.00952,0.96272,0.82174,1.20541,0.95087,1.29395,1.13483,1.25525,0.95944,0.782,0.9996,1.21696,0.4305,0.82396,0.95208,0.97731,0.96463,1.08263,0.39706,0.50119,0.90149,1.29014,1.16478,0.85141,1.30361,0.97077,0.71786,0.16783,0.3695,1,0,0.82002,0.73318,1.3618,0.99646,1.07657,1.17343,0.75456,1.08832,0.74413,0.87137,0.64466,1.0821,1.25463,1.00069,0.8399,1.30965,1.24304,1.08014,1.03907,1.02654,0.95711,1.35104,1.34099,1.17926,0.61953,0.86565,1.27252
46.44,0.62177,0.79667,1.2857,1.3613,1.37343,1,1.36215,1.20201,0.95429,0.39718,1.02864,1.0439,0.89066,0.98795,0.80679,1.25544,1.20184,1.18032,1.06006,0.78322,0.93536,1.25826,0.39162,0.82309,0.95092,0.974,0.96139,1.0768,0.36889,0.50549,0.88288,1.2671,1.16129,0.87016,1.26455,1.2333,0.68547,0.21722,0.09569,1,0.10456,0.83858,1.1172,1.35403,0.98887,0.97024,1.12281,1.0319,1.22265,0.82469,0.76507,0.80712,0.95776,1.25401,1.0897,0.7688,1.31766,1.24358,1.08173,1.04423,1.02886,0.96074,1.35458,1.3403,1.198,0.68927,0.86995,1.25911
46.46,0.84846,0.64385,1.29565,1.35336,1.38095,1,1.33275,1.18013,0.76131,0.47907,1.06999,1.11762,0.97251,0.79327,0.67685,1.18443,1.23877,0.98368,1.14271,0.78578,0.8828,1.28406,0.36024,0.82009,0.95015,0.97077,0.95833,1.07011,0.34536,0.51321,0.86583,1.23346,1.12956,0.88561,1.15497,1.29569,0.65434,0.28572,0,1,0.31468,0.86722,1.28717,1.34273,0.96982,0.90451,1.03781,1.25417,1.28129,0.90894,0.68373,1.04075,0.87579,1.25269,1.1414,0.70666,1.32367,1.24543,1.08279,1.04916,1.03104,0.96478,1.35735,1.33902,1.21299,0.76683,0.9051,1.24613
46.48,1.19762,0.54371,1.30403,1.33971,1.38095,1,1.14958,1.13785,0.62239,0.57473,1.1197,1.16153,1.09642,0.65009,0.56401,1.03207,1.26023,0.83952,1.19003,0.78777,0.8411,1.30068,0.33591,0.81464,0.94985,0.96777,0.9556,1.06318,0.3272,0.52516,0.85051,1.18313,1.05452,0.89614,0.86963,1.32074,0.62502,0.38423,0,1,0.84905,0.91162,1.32872,1.32552,0.9406,0.85138,0.95436,1.30867,1.31303,0.99012,0.62524,1.22246,0.80861,1.25165,1.17371,0.65541,1.32808,1.24869,1.08319,1.05365,1.03297,0.96882,1.35938,1.33698,1.22498,0.84904,0.96717,1.23606
46.5,1.2918,0.48298,1.31116,1.31198,1.38095,1,0.56069,1.04204,0.52289,0.68371,1.1661,1.18839,1.17227,0.54677,0.46914,0.9032,1.27237,0.73603,1.2185,0.78798,0.80919,1.31117,0.31835,0.80689,0.95018,0.96518,0.95343,1.05679,0.3156,0.54255,0.83715,1.10399,0.95253,0.90114,0.69287,1.3325,0.59735,0.5326,0,1,1.32942,0.97919,1.3467,1.2975,0.90405,0.81128,0.8962,1.33211,1.33221,1.09185,0.58741,1.27732,0.75693,1.25154,1.19461,0.61682,1.33113,1.25316,1.08275,1.05743,1.03449,0.97242,1.36063,1.33388,1.23445,0.93275,1.08316,1.23088
46.52,1.32215,0.45497,1.31731,1.23041,1.38095,1,0.34302,0.92146,0.453,0.80332,1.20433,1.2037,1.21432,0.47506,0.39163,0.82982,1.27791,0.66146,1.23516,0.7858,0.78618,1.3171,0.30757,0.79729,0.95129,0.96323,0.95206,1.05197,0.31177,0.56678,0.82598,0.98568,0.87436,0.90099,0.58037,1.33728,0.57126,0.77143,0,1,1.36089,1.10921,1.35614,1.24703,0.86352,0.78506,0.84786,1.3442,1.34457,1.14311,0.5688,1.30283,0.72135,1.25268,1.20803,0.59237,1.33296,1.25841,1.08122,1.06024,1.03545,0.97506,1.36104,1.32924,1.24177,1.02719,1.17006,1.23103
46.54,1.33514,0.45714,1.3225,0.84791,1.38095,1,0.23905,0.81587,0.40594,0.92756,1.23429,1.2101,1.23961,0.42868,0.32993,0.78477,1.27791,0.60822,1.2434,0.781,0.77135,1.31927,0.30376,0.78639,0.95337,0.9621,0.95171,1.04997,0.31625,0.59881,0.81704,0.92021,0.80457,0.89701,0.51406,1.33692,0.54733,1.18626,0,1,1.37065,1.19606,1.36146,1.13961,0.82168,0.77327,0.80948,1.35075,1.35285,1.16918,0.56881,1.31685,0.70199,1.25513,1.21604,0.58284,1.3336,1.26403,1.07834,1.06185,1.03569,0.97614,1.36056,1.3225,1.24726,1.11983,1.2199,1.23518
46.56,1.34042,0.49029,1.32658,0.58322,1.38095,1,0.18816,0.71727,0.377,1.07335,1.25754,1.2087,1.25544,0.4028,0.28228,0.76166,1.2723,0.57141,1.24484,0.77355,0.76425,1.31802,0.30732,0.77477,0.95653,0.96187,0.95249,1.05214,0.3284,0.63831,0.81021,0.87317,0.74757,0.89127,0.48261,1.33119,0.5272,1.3019,0,1,1.37466,1.24701,1.3644,0.93996,0.78019,0.77589,0.78038,1.35405,1.35849,1.18127,0.58762,1.32507,0.69846,1.25882,1.21971,0.58836,1.333,1.26966,1.07386,1.06218,1.03515,0.97496,1.35925,1.31302,1.25127,1.16559,1.24963,1.24085
46.58,1.34094,0.55845,1.3292,0.42479,1.38095,1,0.16881,0.63477,0.36314,1.15835,1.27569,1.19955,1.26541,0.39399,0.2476,0.75837,1.25994,0.54808,1.23998,0.76366,0.76478,1.31324,0.31895,0.76307,0.96084,0.96255,0.95443,1.05972,0.34581,0.6825,0.80518,0.84249,0.70702,0.88658,0.47936,1.31754,0.51361,1.3348,0,1,1.37608,1.27743,1.36573,0.83873,0.74005,0.79245,0.75952,1.35513,1.36224,1.18293,0.6261,1.32977,0.71018,1.26351,1.21944,0.60852,1.33103,1.27499,1.06759,1.06122,1.03379,0.97078,1.3573,1.30054,1.25411,1.18949,1.26676,1.24524
46.6,1.33742,0.66897,1.3298,0.32674,1.38095,1,0.17271,0.57547,0.36276,1.18858,1.28994,1.18169,1.27139,0.40004,0.22567,0.77616,1.23796,0.53674,1.22831,0.75181,0.77318,1.30441,0.33983,0.75203,0.96628,0.96405,0.95744,1.07338,0.36381,0.72491,0.80155,0.82821,0.68683,0.88626,0.50084,1.28792,0.5104,1.34939,0,1,1.3758,1.29481,1.36577,0.78967,0.70213,0.82194,0.74586,1.35439,1.36448,1.17378,0.68574,1.33193,0.73652,1.26883,1.21508,0.64232,1.32738,1.27972,1.05938,1.05907,1.03167,0.96282,1.35519,1.28615,1.25611,1.19938,1.2743,1.24554
46.62,1.32922,0.83367,1.32757,0.26806,1.38095,1,0.19784,0.5441,0.37536,1.19149,1.30106,1.15296,1.2744,0.41986,0.21692,0.81896,1.19978,0.53658,1.20803,0.73889,0.78996,1.29041,0.37193,0.74242,0.97276,0.96623,0.96136,1.09291,0.37618,0.75619,0.7989,0.83149,0.69135,0.89356,0.54608,1.21029,0.52215,1.3567,0,1,1.37393,1.30285,1.36456,0.78444,0.66746,0.86284,0.73864,1.3519,1.36534,1.14973,0.76903,1.33195,0.77713,1.2743,1.20591,0.6883,1.32147,1.28363,1.04916,1.0559,1.02888,0.95042,1.35369,1.27356,1.25755,1.19717,1.27266,1.23863
46.64,1.31367,1.10266,1.32115,0.23735,1.38095,1,0.24667,0.5438,0.40135,1.1688,1.30949,1.1094,1.27488,0.45358,0.22205,0.89268,1.12738,0.54658,1.17471,0.7263,0.81563,1.26897,0.41864,0.73491,0.98016,0.96892,0.966,1.11698,0.37789,0.76819,0.7968,0.85366,0.72523,0.91092,0.61687,0.92403,0.55375,1.36018,0,1,1.37001,1.30292,1.36195,0.82276,0.63748,0.9131,0.73748,1.34734,1.36484,1.1,0.88087,1.33006,0.83256,1.27932,1.19063,0.74512,1.31217,1.28656,1.03686,1.05193,1.02555,0.93317,1.35348,1.26819,1.25867,1.18123,1.25942,1.21985
46.66,1.28276,1.2467,1.30783,0.22736,1.38095,1,0.32671,0.57779,0.44166,1.10211,1.3154,1.04454,1.27281,0.50272,0.24188,1.00859,0.979,0.5645,1.11743,0.71604,0.85029,1.23512,0.48558,0.72999,0.98829,0.97191,0.97112,1.14348,0.36789,0.75858,0.79486,0.89518,0.79341,0.93928,0.71848,0.70701,0.61061,1.36127,0,1,1.36258,1.29419,1.35749,0.91047,0.61423,0.96976,0.74249,1.33985,1.36284,0.9975,1.05198,1.3265,0.90471,1.28321,1.16712,0.81198,1.29711,1.28842,1.02248,1.04744,1.02183,0.91114,1.3547,1.27252,1.25969,1.14576,1.22635,1.17941
46.68,1.20528,1.29464,1.28107,0.23246,1.38095,1,0.45247,0.65093,0.49714,0.96057,1.31863,0.97821,1.26772,0.57011,0.27717,1.16658,0.8713,0.58598,1.00486,0.71085,0.89313,1.17694,0.58199,0.72802,0.99687,0.97494,0.97639,1.1701,0.3499,0.73256,0.79274,0.95452,0.90016,0.97747,0.86034,0.5619,0.69872,1.36071,0,1,1.3475,1.27211,1.35042,1.08857,0.60065,1.04812,0.75434,1.32753,1.35906,0.92318,1.1997,1.32194,0.99697,1.28511,1.13234,0.88842,1.27094,1.28915,1.00623,1.04278,1.01796,0.88493,1.35683,1.28324,1.2608,1.07671,1.14609,1.09062
46.7,0.92989,1.31801,1.2208,0.24672,1.378,1,0.64965,0.76982,0.56744,0.85019,1.31861,0.94163,1.25851,0.65984,0.32785,1.23375,0.77718,0.60393,0.92011,0.71416,0.94175,1.05912,0.7234,0.72932,1.01055,0.97767,0.98137,1.19492,0.33071,0.70035,0.79014,1.0458,1.07167,1.03841,1.08596,0.46091,0.82388,1.35914,0.03943,1,1.30879,1.22237,1.33944,1.21662,0.60073,1.10948,0.77418,1.30595,1.35311,0.85666,1.26075,1.31786,1.13764,1.2839,1.08234,0.9739,1.21845,1.28867,0.99456,1.03849,1.01425,0.85573,1.35899,1.29481,1.26214,0.97443,0.95502,0.94781
46.72,0.71728,1.33148,1.02246,0.26305,0.70464,1,0.96425,0.94197,0.64999,0.75452,1.31419,0.91866,1.24314,0.77807,0.39211,1.26675,0.69574,0.61022,0.84396,0.72974,0.99221,0.9208,0.93834,0.73416,1.02491,0.97977,0.98557,1.21689,0.31717,0.67226,0.78685,1.12771,1.19307,1.09497,1.22812,0.38871,0.99027,1.35728,1.26193,1,1.08297,1.08578,1.3224,1.27122,0.61916,1.13937,0.80338,1.26191,1.3445,0.8048,1.2936,1.31637,1.2087,1.27798,1.01291,1.09769,1.07291,1.28685,0.98675,1.03514,1.01109,0.82487,1.36047,1.30364,1.2638,0.91171,0.82685,0.85777
46.74,0.5708,1.33995,0.81822,0.27431,0,1,1.25586,1.17432,0.73977,0.67846,1.30305,0.91056,1.21795,0.9354,0.46573,1.28312,0.62563,0.5998,0.77591,0.761,1.06494,0.82795,1.21655,0.74264,1.03616,0.98095,0.98856,1.23579,0.31396,0.65496,0.78267,1.16978,1.2404,1.1285,1.28029,0.33642,1.1857,1.35596,1.38095,1,0.63329,0.8741,1.29558,1.29914,0.66069,1.14871,0.84286,1.13039,1.33281,0.77085,1.31386,1.31882,1.24978,1.26473,0.96781,1.17248,0.85492,1.28354,0.98026,1.03324,1.00883,0.79346,1.36081,1.30858,1.26587,0.86625,0.74113,0.79515
46.76,0.46649,1.34548,0.68833,0.27582,0,1,1.30906,1.25415,0.82958,0.62174,1.27993,0.91674,1.17628,1.162,0.54185,1.28968,0.56541,0.57409,0.71772,0.81036,1.11035,0.75036,1.29242,0.75465,1.04396,0.98104,0.99003,1.25186,0.32339,0.65079,0.77747,1.19051,1.26131,1.14642,1.30676,0.29888,1.25045,1.35578,1.38095,1,0.43901,0.74609,1.25243,1.31483,0.72942,1.14164,0.89224,0.83067,1.318,0.75513,1.32744,1.3245,1.27541,1.23909,0.93816,1.2164,0.7074,1.27862,0.97556,1.03308,1.00771,0.76223,1.3598,1.30972,1.26839,0.83884,0.69124,0.75826
46.78,0.3905,1.34901,0.60118,0.26712,0,1,1.32899,1.28718,0.91048,0.58218,1.2311,0.93451,1.10603,1.25309,0.61084,1.28924,0.51416,0.5408,0.6715,0.87827,1.13616,0.68272,1.32341,0.76965,1.04798,0.98003,0.98982,1.26544,0.34574,0.65853,0.77119,1.19817,1.26928,1.15351,1.32238,0.27334,1.28034,1.35681,1.38095,1,0.33662,0.65902,1.18262,1.32394,0.82669,1.11934,0.94841,0.6412,1.30131,0.75624,1.33701,1.33116,1.29162,1.18951,0.91759,1.24602,0.59468,1.27203,0.97308,1.03473,1.00786,0.73178,1.3573,1.30759,1.27133,0.82765,0.66955,0.74293
46.8,0.33483,1.35093,0.54373,0.2518,0,1,1.33805,1.30342,0.97287,0.55751,1.11153,0.95889,0.99452,1.29413,0.66145,1.28274,0.4715,0.51059,0.63992,0.96139,1.14971,0.62134,1.3394,0.78666,1.04773,0.97799,0.98791,1.27681,0.37922,0.67398,0.76389,1.19705,1.26958,1.15306,1.33232,0.25883,1.29626,1.35857,1.38095,1,0.28216,0.60292,1.07805,1.32902,0.94599,1.083,1.00802,0.50327,1.2864,0.77173,1.34389,1.33662,1.30112,1.08435,0.90541,1.26797,0.51093,1.2639,0.97324,1.03799,1.00932,0.7028,1.35331,1.30313,1.27463,0.82932,0.66869,0.74392
46.82,0.29463,1.35137,0.5078,0.23496,0,1,1.3418,1.31132,1.01698,0.54593,0.91749,0.98319,0.94,1.31729,0.68428,1.26997,0.43717,0.49308,0.62574,1.0793,1.15449,0.56418,1.34838,0.80432,1.04257,0.97503,0.98429,1.2862,0.41996,0.69092,0.75573,1.18982,1.2649,1.14771,1.33884,0.25549,1.30504,1.36044,1.38095,1,0.25792,0.57128,0.98465,1.33127,1.097,1.03804,1.07578,0.3993,1.27873,0.79866,1.34883,1.33955,1.30503,0.93668,0.90085,1.28521,0.45188,1.25459,0.97642,1.04264,1.01206,0.67595,1.34797,1.2979,1.27817,0.83981,0.68167,0.75552
46.84,0.26664,1.35024,0.48783,0.2205,0,1,1.34205,1.31394,1.02868,0.5462,0.83008,1.00177,0.91522,1.33209,0.67605,1.24931,0.4105,0.49488,0.63131,1.1527,1.15195,0.51077,1.35341,0.82133,1.03179,0.97115,0.97897,1.29389,0.46302,0.70333,0.74694,1.17846,1.25698,1.13965,1.34309,0.2641,1.30958,1.362,1.38095,1,0.25625,0.56003,0.97349,1.33121,1.16592,0.99891,1.10077,0.31864,1.28157,0.83447,1.35236,1.33926,1.30352,0.85238,0.9033,1.29913,0.41378,1.24466,0.98282,1.04858,1.01604,0.65171,1.34166,1.29381,1.28182,0.85524,0.70235,0.77251
46.86,0.24847,1.3473,0.47958,0.21018,0,1,1.3393,1.31239,0.99625,0.55761,0.80335,1.01485,0.91978,1.34232,0.64144,1.2165,0.39027,0.52008,0.6586,1.18752,1.14209,0.46198,1.35592,0.83672,1.01472,0.96621,0.97191,1.30013,0.50413,0.70768,0.73783,1.16463,1.24718,1.13064,1.34573,0.2859,1.3114,1.36308,1.38095,1,0.2742,0.56676,1.01275,1.329,1.18256,0.99054,1.0964,0.25446,1.29261,0.8776,1.35487,1.33496,1.29564,0.79859,0.91238,1.31034,0.39324,1.23475,0.99234,1.05593,1.02125,0.63032,1.33489,1.29233,1.28543,0.87248,0.72595,0.79088
46.88,0.23845,1.34204,0.47921,0.20393,0,1,1.33332,1.30677,0.95927,0.57972,0.8261,1.0059,0.95105,1.34976,0.59085,1.16056,0.375,0.57125,0.7093,1.2035,1.12363,0.41974,1.3566,0.84983,0.99561,0.95991,0.96304,1.30509,0.54122,0.70405,0.72884,1.14983,1.23664,1.12195,1.34715,0.32257,1.31147,1.36373,1.38095,1,0.31133,0.58991,1.10756,1.32447,1.16851,0.99631,1.06359,0.20257,1.30653,0.92756,1.35669,1.3251,1.2786,0.76968,0.92797,1.31907,0.38747,1.22548,1.00869,1.06494,1.02768,0.61205,1.32801,1.29357,1.28884,0.88929,0.74917,0.80802
46.9,0.23551,1.33361,0.48282,0.20054,0,1,1.32325,1.29647,0.91543,0.61218,0.88885,0.98909,1.0071,1.35532,0.53598,1.04743,0.36312,0.64899,0.78434,1.20846,1.09342,0.38653,1.3558,0.86031,0.98247,0.95189,0.95238,1.30888,0.57533,0.69582,0.72061,1.1355,1.22627,1.11428,1.34757,0.37611,1.31069,1.36408,1.38095,1,0.3684,0.62828,1.1766,1.31715,1.12248,1.02544,0.99732,0.16054,1.31926,0.98481,1.35805,1.30637,1.24545,0.76006,0.95008,1.32538,0.39422,1.21745,1.03287,1.07585,1.03523,0.59729,1.32094,1.29631,1.29185,0.90415,0.77012,0.82267
46.92,0.23901,1.32038,0.48642,0.19837,0.29337,1,1.30739,1.27997,0.8744,0.65473,0.97966,0.97018,1.09833,1.35951,0.48596,0.91948,0.35327,0.7508,0.8833,1.20619,1.045,0.36454,1.35367,0.86806,0.96961,0.94187,0.94002,1.31152,0.61033,0.68795,0.71384,1.12287,1.21662,1.10784,1.34708,0.44904,1.30989,1.3643,1.35303,1,0.44669,0.68069,1.21932,1.30613,1.02797,1.06339,0.9532,0.12683,1.32918,1.07865,1.35914,1.27118,1.17648,0.76452,0.97877,1.32932,0.41174,1.21113,1.0542,1.08871,1.04375,0.58656,1.31279,1.29884,1.29423,0.91624,0.7881,0.83466
46.94,0.24861,1.29896,0.48665,0.19622,1.35824,1,1.2824,1.25411,0.84288,0.70743,1.11158,0.95003,1.15135,1.36266,0.44602,0.82233,0.34445,0.87046,1.00768,1.19883,0.98382,0.35505,1.35017,0.8733,0.95814,0.92978,0.92623,1.313,0.65142,0.68489,0.70922,1.11285,1.20795,1.10251,1.34571,0.54515,1.30984,1.36452,0.24973,1,0.54778,0.74617,1.2437,1.28961,0.94595,1.09709,0.91519,0.10015,1.33616,1.14769,1.36011,1.19854,0.99518,0.77845,1.02606,1.33096,0.43879,1.20666,1.07154,1.10317,1.05299,0.58037,1.30183,1.2998,1.29581,0.92522,0.80317,0.84436
46.96,0.26408,1.26091,0.48142,0.19399,1.38095,1,1.24124,1.212,0.82466,0.77073,1.17541,0.93085,1.18025,1.36502,0.41848,0.73367,0.3362,0.99846,1.15574,1.18797,0.93991,0.35846,1.34511,0.87657,0.94877,0.91589,0.91146,1.3133,0.70382,0.68949,0.70734,1.10586,1.20033,1.0981,1.34347,0.67048,1.31099,1.36474,0,1,0.67315,0.82384,1.25546,1.26386,0.89522,1.12418,0.88818,0.07941,1.34056,1.19491,1.36099,1.0042,0.85919,0.79782,1.08448,1.33038,0.4746,1.20377,1.08467,1.1185,1.06258,0.5791,1.28507,1.29835,1.29644,0.9312,0.81561,0.85224
46.98,0.28505,1.1796,0.47028,0.19278,1.38095,1,1.1674,1.13721,0.82192,0.84499,1.20387,0.91342,1.19287,1.36675,0.40452,0.6522,0.32864,1.14421,1.21548,1.17532,0.89653,0.37456,1.33814,0.87872,0.94187,0.90094,0.89648,1.31233,0.77189,0.70305,0.70875,1.10182,1.19382,1.09448,1.34032,0.83359,1.31339,1.36486,0,1,0.82226,0.91221,1.2571,1.22044,0.86408,1.14548,0.87449,0.06379,1.34268,1.22933,1.36178,0.86124,0.76291,0.81875,1.12924,1.32755,0.51841,1.20184,1.0938,1.13364,1.07199,0.58318,1.25677,1.2939,1.29597,0.93455,0.82572,0.85863
47,0.31074,0.96416,0.45429,0.19473,1.38095,1,1.01562,0.99139,0.83639,0.92979,1.21474,0.89747,1.19227,1.36793,0.40541,0.57773,0.32243,1.19931,1.24413,1.16323,0.85634,0.40255,1.32882,0.8808,0.93761,0.88611,0.88235,1.30993,0.85842,0.72558,0.71398,1.10018,1.18846,1.0916,1.33629,1.07074,1.31673,1.36467,0,1,0.98852,1.01502,1.24806,1.13663,0.85019,1.16271,0.87518,0.05289,1.34255,1.25532,1.36242,0.77351,0.70022,0.83729,1.16263,1.32239,0.56888,1.19994,1.09922,1.14746,1.0806,0.59305,1.20314,1.28589,1.29418,0.93588,0.8337,0.86366
47.02,0.33994,0.81403,0.43532,0.20254,1.38095,1,0.90914,0.90007,0.87005,1.04178,1.21477,0.88232,1.1777,1.36861,0.42326,0.51064,0.31845,1.22575,1.25692,1.15456,0.82176,0.44102,1.3167,0.88381,0.93601,0.87276,0.8703,1.30583,0.96424,0.7563,0.72354,1.10016,1.18431,1.08944,1.33145,1.22306,1.32052,1.36387,0,1,1.16396,1.13084,1.22305,0.96812,0.85016,1.17738,0.8908,0.04654,1.33982,1.2753,1.36282,0.71908,0.66725,0.84978,1.18672,1.31478,0.62368,1.19713,1.10121,1.15897,1.08774,0.60922,1.07725,1.27351,1.29079,0.9359,0.83968,0.86738
47.04,0.37136,0.71176,0.4151,0.21876,1.38095,1,0.84948,0.83392,0.92561,1.14592,1.20624,0.86745,1.14337,1.36881,0.46142,0.45149,0.31747,1.23964,1.25897,1.15166,0.79445,0.48814,1.30145,0.88848,0.93699,0.86218,0.86142,1.29958,1.11744,0.79439,0.73782,1.10099,1.18125,1.08792,1.32592,1.27282,1.32439,1.36218,0,1,1.2189,1.18421,1.16328,0.85651,0.86116,1.19042,0.92175,0.04471,1.33355,1.29074,1.36292,0.68611,0.66165,0.85383,1.20335,1.3045,0.67954,1.19265,1.1,1.16754,1.09288,0.63226,0.89983,1.25522,1.28544,0.93522,0.84397,0.86998
47.06,0.4039,0.6439,0.39487,0.24553,1.38095,1,0.81971,0.78786,1.01283,1.20031,1.18852,0.85288,1.07209,1.36852,0.525,0.40091,0.31998,1.24697,1.25137,1.15502,0.77532,0.54163,1.28329,0.89497,0.94028,0.85545,0.85659,1.29053,1.19789,0.83942,0.75696,1.10209,1.17895,1.08681,1.31981,1.29568,1.32808,1.35927,0,1,1.23905,1.21266,0.98849,0.768,0.88172,1.20207,0.96807,0.04737,1.32156,1.3026,1.36267,0.66726,0.68199,0.84913,1.21394,1.29132,0.73244,1.18615,1.09583,1.17275,1.09564,0.66259,0.78583,1.22787,1.27764,0.93433,0.84714,0.87187
47.08,0.43668,0.60315,0.37544,0.28408,1.38095,1,0.81326,0.75754,1.13978,1.2342,1.15739,0.83932,0.96333,1.36776,0.62113,0.35995,0.32608,1.25053,1.23266,1.16299,0.76489,0.59809,1.2638,0.90281,0.94551,0.85354,0.85654,1.27778,1.23897,0.8913,0.78064,1.10307,1.17682,1.08569,1.3132,1.30689,1.33148,1.35479,0,1,1.24295,1.22858,0.83515,0.69499,0.91179,1.21202,1.0492,0.05449,1.29849,1.31141,1.36204,0.65774,0.72699,0.83765,1.21938,1.27531,0.77747,1.17782,1.08903,1.1742,1.09567,0.70015,0.70024,1.18473,1.26686,0.93351,0.85004,0.87379
47.1,0.46894,0.58655,0.35744,0.33402,1.38095,1,0.82516,0.73937,1.20778,1.25795,1.10097,0.82813,0.88567,1.36651,0.75866,0.32998,0.3356,1.25179,1.19863,1.17256,0.76368,0.6522,1.24712,0.91086,0.9521,0.85742,0.86195,1.26023,1.26241,0.94985,0.80786,1.10378,1.17405,1.08399,1.30621,1.31103,1.3345,1.34842,0,1,1.23563,1.23725,0.70517,0.63194,0.95259,1.21966,1.127,0.06603,1.24832,1.31746,1.36105,0.65427,0.79406,0.8231,1.22,1.25743,0.80901,1.16869,1.0801,1.17125,1.09258,0.74395,0.63796,1.1097,1.25261,0.93293,0.85375,0.87666
47.12,0.4998,0.59437,0.34151,0.3927,1.38095,1,0.85142,0.7305,1.24736,1.27597,0.99111,0.82093,0.81924,1.36475,0.94768,0.31227,0.3482,1.25168,1.14078,1.18093,0.7723,0.69704,1.23923,0.91756,0.95942,0.86798,0.87343,1.23659,1.27605,1.02692,0.83702,1.10417,1.16969,1.08106,1.29902,1.30911,1.33707,1.33995,0,1,1.21746,1.24126,0.60193,0.57541,1.01262,1.22433,1.17501,0.08188,1.09291,1.32089,1.3597,0.6546,0.87815,0.80966,1.21554,1.24028,0.82217,1.1606,1.06968,1.1629,1.0859,0.792,0.59566,0.9794,1.23454,0.9326,0.85943,0.88157
47.14,0.52805,0.62975,0.3284,0.45591,1.38095,1,0.88911,0.72871,1.27161,1.29026,0.90664,0.81911,0.76664,1.36247,1.18578,0.3074,0.36365,1.25075,1.04184,1.18635,0.7914,0.72623,1.24356,0.92134,0.96691,0.88588,0.89137,1.20548,1.28329,1.11398,0.86629,1.1043,1.16269,1.07623,1.29196,1.29975,1.33913,1.3294,0,1,1.18514,1.24206,0.52377,0.52387,1.10705,1.22548,1.20509,0.10181,0.83161,1.32181,1.35799,0.65713,0.97177,0.80059,1.2051,1.22774,0.81506,1.15582,1.05841,1.14766,1.07513,0.84157,0.571,0.89363,1.21261,0.9325,0.86825,0.88958
47.16,0.55192,0.69932,0.31912,0.51974,1.37391,1,0.9366,0.73235,1.28685,1.3017,0.821,0.82356,0.72716,1.3597,1.26126,0.31518,0.38191,1.24938,0.95097,1.18811,0.82146,0.73666,1.25739,0.92099,0.97424,0.91123,0.91573,1.16572,1.28572,1.16614,0.89391,1.10423,1.1518,1.0688,1.2856,1.27748,1.34055,1.31685,0.08993,1,1.12866,1.24044,0.46708,0.47748,1.17176,1.22264,1.22425,0.12528,0.68148,1.32033,1.35587,0.66083,1.09564,0.79757,1.18692,1.22295,0.79025,1.15627,1.04677,1.12336,1.05984,0.88957,0.56235,0.82153,1.18722,0.93256,0.88119,0.90161
47.18,0.56871,0.81489,0.31506,0.58275,1.34628,1,0.9934,0.74021,1.29626,1.31057,0.73786,0.83464,0.69829,1.35655,1.29297,0.33449,0.40316,1.24778,0.89819,1.18621,0.86244,0.72995,1.27444,0.9158,0.98122,0.94322,0.94571,1.11801,1.28393,1.1997,0.91816,1.10406,1.13548,1.05813,1.28089,1.22253,1.34117,1.30203,0.34455,1,1.01806,1.23686,0.42858,0.43774,1.21716,1.21527,1.23677,0.15089,0.58225,1.31657,1.35329,0.66513,1.16197,0.80082,1.15797,1.22605,0.75416,1.16277,1.03504,1.08702,1.03986,0.93238,0.56874,0.76236,1.15985,0.9327,0.89904,0.91837
47.2,0.57496,0.99718,0.31816,0.64784,0.96068,1,1.08908,0.75143,1.30143,1.31691,0.6608,0.85227,0.6768,1.35334,1.30923,0.36281,0.42759,1.24597,0.86237,1.18113,0.91333,0.71175,1.28974,0.90561,0.98781,0.9798,0.97943,1.06844,1.27776,1.22163,0.93721,1.10393,1.11162,1.04357,1.27908,1.00649,1.3407,1.28335,1.06738,1,0.92306,1.23157,0.40613,0.40701,1.24939,1.20253,1.24538,0.17585,0.51709,1.31082,1.35013,0.66991,1.1946,0.80934,1.11315,1.23411,0.71505,1.17471,1.02336,1.03509,1.0157,0.96577,0.58998,0.71628,1.13388,0.9328,0.92226,0.94029
47.22,0.5676,1.2162,0.33074,0.72248,0.42608,1,1.15345,0.76559,1.30308,1.3207,0.59252,0.87596,0.65953,1.35064,1.31802,0.39605,0.45545,1.24384,0.84035,1.17361,0.97196,0.68923,1.30116,0.89085,0.99403,1.03241,1.0262,1.03167,1.26614,1.23522,0.94931,1.10412,1.07722,1.02457,1.28121,0.77239,1.33877,1.25606,1.33376,1,0.84346,1.22454,0.39874,0.38772,1.27245,1.18311,1.2519,0.19617,0.47643,1.30368,1.34626,0.67543,1.21129,0.82145,1.04346,1.24345,0.68048,1.19031,1.01173,0.98367,0.99454,0.98552,0.62689,0.68406,1.11475,0.93265,0.95086,0.96736
47.24,0.54586,1.28359,0.3553,0.81733,0.28554,1,1.19727,0.783,1.3014,1.32184,0.53443,0.90505,0.64427,1.34899,1.32238,0.42922,0.48703,1.24117,0.82942,1.16445,1.05873,0.66861,1.30839,0.87258,1.00003,1.08271,1.07429,1.02472,1.24635,1.24198,0.95325,1.10514,1.02786,1.00081,1.28725,0.60148,1.33485,1.20718,1.354,1,0.77045,1.21535,0.40623,0.38174,1.28901,1.15477,1.25738,0.20818,0.45458,1.2961,1.34148,0.68227,1.2188,0.83547,0.97134,1.25143,0.65567,1.20728,0.99998,0.95284,0.98239,0.98888,0.68189,0.66683,1.108,0.93179,0.98422,0.99896
47.26,0.51225,1.3152,0.39424,0.94433,0.26783,1,1.22888,0.80487,1.29615,1.32014,0.48703,0.93855,0.63027,1.34869,1.32364,0.45771,0.52265,1.23756,0.82747,1.15421,1.12685,0.65423,1.31163,0.85249,1.01148,1.11567,1.1065,1.05088,1.21175,1.24217,0.94867,1.10784,0.98115,0.98733,1.29597,0.47451,1.32819,1.0911,1.35614,1,0.70359,1.20281,0.42903,0.39062,1.30086,1.11381,1.26221,0.21038,0.44801,1.28921,1.33553,0.69127,1.22009,0.85028,0.92538,1.25671,0.64366,1.2235,0.99407,0.92783,0.97221,0.97565,0.75971,0.66632,1.11581,0.92953,1.037,1.05622
47.28,0.47197,1.33306,0.4494,1.1375,0.33814,1,1.2525,0.83344,1.28664,1.31509,0.45078,0.97484,0.61824,1.34951,1.32239,0.47842,0.56227,1.23248,0.83281,1.14314,1.16713,0.64902,1.3109,0.83292,1.02239,1.13767,1.12852,1.09582,1.14383,1.23461,0.9362,1.11327,0.95068,0.97522,1.30553,0.37939,1.31772,0.9015,1.34717,1,0.64285,1.18454,0.46792,0.41605,1.30908,1.05466,1.26621,0.20439,0.4545,1.28394,1.32808,0.7035,1.21652,0.86532,0.88809,1.25856,0.6464,1.23729,0.98815,0.90834,0.96397,0.94846,0.86816,0.68558,1.13538,0.92486,1.0858,1.09761
47.3,0.43116,1.34417,0.52077,1.22681,0.53321,1,1.27044,0.87197,1.27167,1.3056,0.42648,1.02109,0.61015,1.35089,1.3188,0.49048,0.60508,1.22524,0.84403,1.13116,1.19125,0.65526,1.30556,0.81672,1.03304,1.15272,1.14404,1.14259,0.98536,1.21531,0.91725,1.12246,0.9273,0.96567,1.31435,0.30807,1.30196,0.7783,1.31288,1,0.58868,1.15569,0.52359,0.46041,1.31422,0.98639,1.26882,0.19426,0.47259,1.28077,1.31882,0.72022,1.20865,0.88059,0.86038,1.25634,0.66568,1.24746,0.9821,0.89342,0.95739,0.91194,1.03517,0.73028,1.16099,0.91662,1.1163,1.12424
47.32,0.39491,1.35142,0.60523,1.2652,1.04754,1,1.28409,0.92477,1.24925,1.28941,0.41514,1.07056,0.60846,1.35217,1.31277,0.49513,0.64952,1.21486,0.85992,1.11794,1.2044,0.67523,1.29362,0.80676,1.04356,1.16341,1.1555,1.18232,0.86291,1.17239,0.89366,1.13596,0.91463,0.96037,1.32154,0.25512,1.27912,0.69264,0.97356,1,0.54165,1.10561,0.59631,0.52714,1.31653,0.94913,1.26937,0.18471,0.50124,1.27953,1.30758,0.74271,1.19657,0.89633,0.84306,1.24892,0.70388,1.25323,0.97581,0.88193,0.95204,0.87121,1.19954,0.8114,1.18749,0.90369,1.13088,1.13721
47.34,0.3661,1.35624,0.69604,1.28266,1.3193,1,1.29446,0.99701,1.21595,1.2616,0.41747,1.10059,0.61514,1.35286,1.30391,0.49478,0.6938,1.20007,0.87951,1.10302,1.20896,0.71178,1.26991,0.8053,1.05404,1.17132,1.16441,1.21325,0.75663,1.05898,0.8671,1.15348,0.91577,0.96082,1.32688,0.21657,1.24739,0.64217,0.50339,1,0.50194,1.00531,0.68591,0.62116,1.31606,0.9219,1.26722,0.17956,0.53976,1.27963,1.29424,0.77207,1.17994,0.91284,0.83663,1.2341,0.76443,1.25405,0.96924,0.87288,0.94756,0.83036,1.26392,0.95166,1.21193,0.88529,1.12961,1.13616
47.36,0.34571,1.35943,0.78347,1.28833,1.3522,1,1.30226,1.12243,1.16554,1.21025,0.43364,1.11765,0.63118,1.35262,1.29157,0.49213,0.73664,1.17926,0.902,1.0861,1.20571,0.76873,1.21873,0.81383,1.06456,1.17737,1.17165,1.23654,0.66653,0.88854,0.83896,1.17378,0.93326,0.96805,1.33046,0.18948,1.20624,0.6237,0.30002,1,0.46943,0.92508,0.79144,0.74832,1.31274,0.90448,1.2619,0.18132,0.58736,1.28033,1.27868,0.80888,1.15802,0.93013,0.84124,1.20712,0.85206,1.24917,0.9623,0.86563,0.94368,0.7921,1.29735,1.18745,1.23322,0.86125,1.10901,1.11801
47.38,0.33369,1.36141,0.85633,1.28487,1.36366,1,1.30796,1.1952,1.08701,1.10128,0.46299,1.12579,0.65627,1.35124,1.27495,0.48979,0.7773,1.15053,0.92658,1.06738,1.19416,0.85102,1.06865,0.83311,1.07506,1.18188,1.17751,1.25377,0.59244,0.74178,0.81043,1.19511,0.96935,0.98266,1.33251,0.17191,1.15946,0.63508,0.19975,1,0.4441,0.848,0.90928,0.91139,1.30638,0.8956,1.25309,0.1917,0.6424,1.28096,1.26069,0.85256,1.12967,0.94768,0.8567,1.15664,0.97203,1.23716,0.955,0.86002,0.94038,0.75818,1.31708,1.27959,1.25114,0.83219,1.05732,1.07337
47.4,0.32961,1.36241,0.9048,1.27132,1.36833,1,1.31179,1.2393,0.9834,0.93706,0.50335,1.12792,0.68852,1.34844,1.25358,0.49021,0.81557,1.11228,0.95228,1.04797,1.17237,0.96492,0.84967,0.86324,1.08538,1.18478,1.18191,1.26622,0.53456,0.60475,0.78271,1.21573,1.04554,1.00929,1.3332,0.16283,1.11873,0.67595,0.15246,1,0.4262,0.77684,1.05131,1.12647,1.29693,0.8932,1.24075,0.21212,0.70132,1.28085,1.23988,0.90076,1.09361,0.96435,0.88247,1.04858,1.1475,1.21511,0.94745,0.85632,0.9378,0.7299,1.32931,1.32116,1.26586,0.79949,0.97315,0.98795
47.42,0.33297,1.36251,0.92386,1.2418,1.36945,1,1.31391,1.26699,0.93273,0.85584,0.55073,1.12642,0.72461,1.34384,1.22825,0.49565,0.85157,1.06436,0.97799,1.03003,1.13587,1.14136,0.70781,0.90394,1.09535,1.18576,1.18457,1.27474,0.49317,0.4837,0.75701,1.2343,1.13129,1.05667,1.33263,0.1619,1.09981,0.74825,0.14052,1,0.41605,0.71574,1.15312,1.21233,1.28461,0.89489,1.22541,0.24425,0.75822,1.27939,1.21559,0.94932,1.04856,0.97853,0.91783,0.92107,1.22533,1.17657,0.93976,0.85506,0.93619,0.70834,1.33677,1.34374,1.27762,0.76515,0.90335,0.92062
47.44,0.34338,1.3617,0.91537,1.17622,1.36761,1,1.31443,1.28465,0.90498,0.82272,0.60006,1.12335,0.76068,1.33669,1.20216,0.50825,0.88574,1.00963,1.00537,1.01619,1.07464,1.22716,0.60594,0.95495,1.10495,1.1845,1.18524,1.27987,0.46847,0.38179,0.73453,1.25003,1.18897,1.09808,1.33087,0.16932,1.10847,0.85723,0.16001,1,0.41349,0.66682,1.18899,1.23547,1.27011,0.8983,1.20815,0.29074,0.80595,1.27596,1.18664,0.99325,0.99665,0.98876,0.96207,0.82477,1.26341,1.10501,0.93195,0.85668,0.93578,0.69437,1.34081,1.35726,1.2867,0.73157,0.83296,0.85228
47.46,0.36045,1.35987,0.88728,0.98782,1.36182,1,1.31359,1.29581,0.89968,0.8358,0.64649,1.12047,0.79325,1.32556,1.18133,0.5301,0.91863,0.98032,1.04497,1.00863,0.9834,1.27108,0.53318,1.02941,1.11432,1.18077,1.18385,1.28184,0.46092,0.30001,0.71644,1.26247,1.22658,1.13086,1.32788,0.18561,1.13457,1.02349,0.21727,1,0.4176,0.63058,1.19483,1.2269,1.2546,0.90145,1.1906,0.35581,0.8381,1.2698,1.15102,1.04827,0.96944,0.9941,1.02671,0.74014,1.28494,0.9762,0.92393,0.86142,0.93663,0.68877,1.34199,1.36577,1.29332,0.70143,0.76952,0.79045
47.48,0.3836,1.35684,0.85091,0.83212,1.3478,1,1.31175,1.30236,0.91735,0.89776,0.68656,1.11927,0.81971,1.30763,1.17219,0.56331,0.95056,0.96563,1.07378,1.00835,0.92261,1.29726,0.48069,1.11563,1.12368,1.17447,1.18048,1.28053,0.47208,0.23855,0.70421,1.27127,1.24969,1.15376,1.32367,0.21159,1.16347,1.19746,0.33355,1,0.42639,0.60695,1.17419,1.17466,1.23946,0.90274,1.17471,0.4456,0.85082,1.25987,1.10575,1.07801,0.94639,0.99429,1.10362,0.66683,1.29829,0.8864,0.91549,0.86915,0.93865,0.6925,1.34024,1.37117,1.29749,0.67785,0.72009,0.74238
47.5,0.41167,1.35231,0.81799,0.71131,1.30506,1,1.30955,1.3052,0.95999,1.03185,0.71892,1.12085,0.83851,1.27665,1.17731,0.61015,0.98124,0.96052,1.09502,1.01488,0.86796,1.31426,0.44175,1.16912,1.13319,1.16566,1.17542,1.27528,0.50562,0.19749,0.69965,1.27593,1.26119,1.16583,1.31828,0.24821,1.18585,1.26064,0.56636,1,0.43672,0.5961,1.10613,0.97621,1.22582,0.90103,1.1624,0.56798,0.84379,1.24456,1.04701,1.08735,0.92726,0.9897,1.15364,0.60434,1.30721,0.80845,0.90643,0.8794,0.94158,0.70689,1.33462,1.37439,1.29898,0.66449,0.69153,0.71522
47.52,0.44298,1.3458,0.79823,0.62187,0.90417,1,1.30782,1.30455,1.05371,1.192,0.74439,1.12573,0.84921,1.21602,1.19351,0.67339,1.01866,0.96438,1.11065,1.02663,0.82137,1.32587,0.4115,1.20394,1.14291,1.15453,1.16904,1.26464,0.56875,0.17709,0.70488,1.27571,1.26162,1.16554,1.31188,0.29664,1.19786,1.29128,1.13619,1,0.4447,0.5986,0.94781,0.78351,1.21404,0.89567,1.15497,0.73254,0.81988,1.22105,0.98644,1.08034,0.91181,0.9811,1.18698,0.55197,1.31365,0.74347,0.89663,0.89154,0.94511,0.73369,1.32237,1.37589,1.29727,0.66514,0.6904,0.71588
47.54,0.47572,1.33644,0.79835,0.55892,0.48247,1,1.30733,1.30005,1.15517,1.2617,0.76513,1.13368,0.85247,1.06047,1.21494,0.7568,1.05894,0.97639,1.12203,1.04161,0.78355,1.33411,0.38674,1.22736,1.1527,1.14119,1.16166,1.24557,0.67501,0.17815,0.72197,1.2693,1.24835,1.14972,1.30467,0.35885,1.19779,1.30796,1.32351,1,0.44693,0.61548,0.80974,0.62086,1.2037,0.88659,1.15264,0.95111,0.78375,1.18372,0.95331,1.05669,0.89975,0.9695,1.20949,0.50856,1.31862,0.69102,0.88616,0.90497,0.94898,0.775,1.29472,1.37581,1.29136,0.68331,0.72323,0.75118
47.56,0.50847,1.32251,0.82278,0.51769,0.2835,1,1.30848,1.29059,1.21935,1.2984,0.78359,1.14381,0.84978,0.87188,1.23668,0.86557,1.08631,0.99533,1.13014,1.05792,0.75413,1.34016,0.36582,1.24357,1.16222,1.12563,1.15341,1.21149,0.85038,0.20318,0.75278,1.25411,1.2113,1.11106,1.29691,0.43813,1.18279,1.31728,1.35425,1,0.44168,0.64812,0.67761,0.49137,1.19385,0.87444,1.15456,1.20097,0.7406,1.11968,0.92718,1.01248,0.89068,0.95599,1.22478,0.4726,1.32263,0.6495,0.87533,0.91932,0.95305,0.83297,1.20934,1.37396,1.27941,0.72206,0.79747,0.8287
47.58,0.54029,1.30042,0.87464,0.49437,0.17031,1,1.31111,1.27374,1.26068,1.32003,0.80199,1.15473,0.84335,0.76024,1.2559,1.01075,1.10487,1.03474,1.13572,1.07391,0.73222,1.34474,0.34842,1.25507,1.17096,1.10761,1.14415,1.1458,1.15972,0.2579,0.79882,1.22449,1.11213,1.03213,1.28875,0.53931,1.14517,1.3221,1.36662,1,0.42942,0.69811,0.56068,0.39115,1.18337,0.86052,1.15908,1.27024,0.69549,0.99685,0.90742,0.97437,0.8842,0.94173,1.23511,0.44267,1.32584,0.61696,0.86479,0.93437,0.95734,0.90904,0.84671,1.36955,1.25759,0.78393,0.9218,0.95678
47.6,0.5707,1.26159,0.95624,0.48632,0.0981,1,1.31463,1.24431,1.28784,1.33364,0.82196,1.1649,0.83576,0.68513,1.27143,1.17732,1.11686,1.07202,1.13927,1.08822,0.71677,1.34829,0.3353,1.26339,1.17824,1.08683,1.13353,0.99694,1.27756,0.35352,0.86089,1.16643,0.91586,0.95205,1.28032,0.66861,1.06281,1.32369,1.37322,1,0.41252,0.76692,0.46317,0.31525,1.17116,0.84671,1.16426,1.29839,0.65297,0.91485,0.89366,0.94229,0.87997,0.92804,1.24192,0.41767,1.32819,0.59159,0.85553,0.94995,0.96192,1.00516,0.59066,1.3604,1.217,0.87033,1.12951,1.15548
47.62,0.59961,1.17944,1.09944,0.49212,0.04809,1,1.31829,1.18918,1.30599,1.34249,0.8446,1.17304,0.82961,0.63723,1.2831,1.24059,1.12344,1.09999,1.1411,1.09992,0.70666,1.35106,0.32769,1.26948,1.18338,1.06282,1.1209,0.89049,1.31729,0.51179,0.93894,1.03516,0.78699,0.89502,1.27166,0.83383,0.94765,1.32254,1.37732,1,0.39428,0.85594,0.38552,0.25914,1.15614,0.83503,1.16834,1.31209,0.61659,0.84733,0.88575,0.91432,0.87776,0.91612,1.24617,0.39696,1.32952,0.57194,0.84871,0.96595,0.96696,1.13469,0.42867,1.33926,1.13128,0.98085,1.2299,1.23718
47.64,0.62723,0.96305,1.19359,0.51157,0.01115,1,1.32147,1.06314,1.31829,1.34831,0.87069,1.17836,0.827,0.61092,1.2912,1.2719,1.1251,1.11899,1.14137,1.1086,0.70069,1.35317,0.32682,1.27392,1.1858,1.03488,1.10532,0.8075,1.33611,0.77904,1.05429,0.90395,0.69772,0.85245,1.26274,1.07259,0.86158,1.31858,1.38014,1,0.37785,0.9671,0.32576,0.21877,1.13705,0.82706,1.17004,1.3186,0.58867,0.79486,0.8837,0.893,0.87743,0.90682,1.24862,0.38036,1.32967,0.55697,0.84541,0.98232,0.97262,1.19564,0.3241,1.26304,0.9537,1.13712,1.27031,1.27184
47.66,0.65386,0.8095,1.24412,0.54572,0,1,1.32372,0.90124,1.32667,1.35212,0.90074,1.18053,0.82933,0.60258,1.29611,1.28897,1.12188,1.13049,1.14008,1.11431,0.69745,1.35467,0.3336,1.27705,1.185,1.00194,1.08546,0.74649,1.34638,1.21115,1.15424,0.81285,0.64258,0.82599,1.25345,1.22582,0.7839,1.31107,1.38095,1,0.36583,1.12972,0.28111,0.19074,1.1123,0.82373,1.16853,1.32053,0.57059,0.75691,0.88765,0.87904,0.87899,0.90047,1.24993,0.36816,1.32848,0.54612,0.84651,0.99909,0.97908,1.22848,0.256,0.73915,0.83243,1.20926,1.289,1.28759
47.68,0.6796,0.69861,1.27489,0.59685,0,1,1.32469,0.7907,1.33228,1.35451,0.93473,1.17948,0.83733,0.60977,1.29797,1.2981,1.11331,1.13627,1.13711,1.11739,0.69534,1.35549,0.34879,1.27896,1.18039,0.98315,1.05961,0.70551,1.35228,1.30737,1.20613,0.74387,0.61503,0.81472,1.24376,1.27773,0.7154,1.2983,1.38095,1,0.36058,1.21107,0.24923,0.17242,1.07995,0.82534,1.1632,1.31887,0.56346,0.73279,0.89783,0.8717,0.88256,0.89696,1.25077,0.36128,1.32577,0.53936,0.85271,1.02964,0.98644,1.24665,0.21247,0.44105,0.7389,1.24602,1.29706,1.29336
47.7,0.70408,0.61635,1.29524,0.66868,0,1,1.32395,0.70283,1.33576,1.35584,0.97175,1.17526,0.85116,0.6308,1.29662,1.30176,1.09836,1.13821,1.13217,1.11833,0.69262,1.3555,0.37299,1.27956,1.17115,0.96612,1.02555,0.68338,1.35555,1.33477,1.2355,0.69458,0.60934,0.81633,1.23381,1.30343,0.6557,1.27646,1.38095,1,0.36459,1.25298,0.22862,0.16197,1.03802,0.83174,1.15357,1.31374,0.56865,0.72221,0.91455,0.86919,0.88835,0.89588,1.25184,0.36123,1.32127,0.5372,0.86456,1.05606,0.99468,1.25543,0.18688,0.29666,0.67077,1.26651,1.29863,1.29257
47.72,0.72657,0.55469,1.30951,0.76706,0,1,1.32093,0.63426,1.33742,1.35632,1.01884,1.16788,0.87052,0.66439,1.29138,1.30072,1.07528,1.13816,1.12488,1.11766,0.6878,1.35444,0.40697,1.27861,1.15602,0.95027,0.99071,0.67984,1.35693,1.34624,1.25191,0.663,0.62078,0.82789,1.22398,1.31837,0.60399,1.23558,1.38095,1,0.38064,1.27759,0.21854,0.15816,0.99284,0.8425,1.13915,1.30465,0.58803,0.72528,0.9381,0.86925,0.89661,0.89665,1.25373,0.37001,1.31457,0.54062,0.88245,1.07799,1.00719,1.25678,0.17563,0.22196,0.62618,1.27778,1.29544,1.28657
47.74,0.74641,0.50864,1.31996,0.90186,0,1,1.31478,0.58196,1.3374,1.35605,1.07377,1.15728,0.89473,0.70949,1.28083,1.29467,1.04133,1.13767,1.11483,1.11581,0.68009,1.35198,0.45197,1.27565,1.13314,0.93599,0.96752,0.69536,1.35678,1.35108,1.25965,0.64733,0.64575,0.84655,1.21468,1.32779,0.55928,1.13988,1.38095,1,0.41178,1.29305,0.21867,0.16025,0.96787,0.85713,1.11932,1.2903,0.62398,0.74223,0.9685,0.8699,0.90747,0.89876,1.25668,0.38975,1.30494,0.551,0.90648,1.09588,1.02445,1.25076,0.17687,0.18725,0.6032,1.28292,1.28802,1.27566
47.76,0.76339,0.47497,1.32786,1.11859,0,1,1.30414,0.54328,1.3357,1.35509,1.10893,1.14319,0.92268,0.76485,1.26207,1.28216,0.99639,1.13763,1.10166,1.11307,0.66987,1.34762,0.50995,1.27002,1.09984,0.92367,0.94517,0.73087,1.35519,1.35206,1.26076,0.64577,0.68157,0.86991,1.20621,1.33391,0.52064,0.91959,1.38095,1,0.46123,1.30305,0.22897,0.16788,0.94765,0.87521,1.09356,1.26816,0.67931,0.77305,1.00987,0.86994,0.92085,0.90186,1.26049,0.42253,1.29105,0.57013,0.93616,1.11007,1.04023,1.23572,0.18974,0.17999,0.59976,1.28342,1.27618,1.2593
47.78,0.77777,0.45184,1.33393,1.23452,0,1,1.28678,0.51625,1.33223,1.35341,1.13,1.12525,0.95243,0.82801,1.22903,1.26006,0.96904,1.13825,1.08533,1.10954,0.65867,1.34056,0.58336,1.26059,1.05294,0.9138,0.92493,0.78733,1.3521,1.3501,1.25618,0.65625,0.72583,0.89589,1.19864,1.33779,0.48756,0.76333,1.38095,1,0.53171,1.30943,0.24953,0.18091,0.9334,0.89619,1.06202,1.2338,0.75663,0.81687,1.07263,0.86913,0.93624,0.90578,1.26451,0.47008,1.27052,0.60028,0.96994,1.1207,1.05385,1.20739,0.21384,0.19444,0.61365,1.28003,1.25916,1.23631
47.8,0.79014,0.43858,1.33857,1.28306,0,1,1.25916,0.49972,1.3268,1.35096,1.13919,1.1032,0.98088,0.89396,1.16747,1.22218,0.94405,1.13906,1.06634,1.10519,0.64896,1.32956,0.67445,1.24539,0.99526,0.90708,0.90843,0.86492,1.34741,1.34544,1.24627,0.67621,0.77558,0.92248,1.19181,1.33991,0.45998,0.6409,1.38095,1,0.62365,1.3131,0.28039,0.19938,0.92658,0.91934,1.02692,1.1803,0.8571,0.87108,1.11607,0.86807,0.95265,0.91051,1.26788,0.53322,1.23903,0.64454,1.00937,1.12758,1.06451,1.15604,0.24865,0.22753,0.64211,1.27322,1.23598,1.20509
47.82,0.80124,0.43528,1.34201,1.30881,0,1,1.21583,0.49308,1.31913,1.34767,1.13607,1.07689,1.00778,0.95479,1.035,1.15551,0.92403,1.13916,1.04593,1.09987,0.64354,1.31249,0.78469,1.22046,0.96566,0.90454,0.8976,0.96245,1.34094,1.33799,1.23116,0.70262,0.82719,0.94778,1.18542,1.34043,0.43808,0.54637,1.38095,1,0.73294,1.31453,0.32139,0.22338,0.92894,0.94372,0.99705,1.10001,0.97902,0.9311,1.14423,0.86794,0.96872,0.91617,1.26972,0.61154,1.18783,0.70734,1.06034,1.13012,1.0713,1.05648,0.29318,0.27667,0.6817,1.26343,1.20569,1.16399
47.84,0.81181,0.44239,1.34442,1.32411,0,1,1.14901,0.49591,1.30884,1.34339,1.11679,1.04616,1.03204,1.00225,0.90964,1.02888,0.91089,1.13754,1.02582,1.09333,0.64483,1.28505,0.91427,1.17668,0.94488,0.90753,0.89445,1.10714,1.33246,1.32754,1.21097,0.73246,0.87689,0.97029,1.17907,1.33931,0.42189,0.47457,1.38095,1,0.84987,1.31393,0.37223,0.25309,0.94255,0.96854,0.98717,0.99839,1.14001,0.99117,1.16025,0.87006,0.98317,0.92292,1.26929,0.70389,1.09602,0.79547,1.08986,1.12713,1.07324,0.94051,0.34622,0.33892,0.72856,1.25112,1.16787,1.1119
47.86,0.82245,0.4604,1.34597,1.33374,0,1,1.05007,0.50761,1.29539,1.33796,1.06989,1.01061,1.03387,1.04357,0.82815,0.92707,0.90567,1.13319,1.0079,1.08526,0.65449,1.23677,1.09038,1.08763,0.93414,0.9179,0.90115,1.18859,1.32163,1.31377,1.18601,0.76315,0.92158,0.98912,1.17243,1.33638,0.4112,0.42123,1.38095,1,0.96044,1.31137,0.43226,0.28858,0.96987,0.9933,0.98638,0.96606,1.20916,1.07222,1.16616,0.87565,0.99504,0.93095,1.26597,0.8092,0.96093,0.91951,1.10352,1.11636,1.06909,0.86368,0.40656,0.41087,0.77862,1.23683,1.12304,1.04918
47.88,0.83348,0.48965,1.34674,1.33983,0,1,0.96677,0.52715,1.27837,1.33127,0.98126,0.98602,1.01114,1.03887,0.77049,0.86776,0.90869,1.12504,0.99699,1.07537,0.67352,1.13399,1.19318,0.94398,0.93376,0.93811,0.92023,1.23052,1.30791,1.29636,1.15743,0.79258,0.95924,1.00779,1.16524,1.33131,0.4057,0.38352,1.38095,1,1.07814,1.30691,0.49945,0.3293,1.02588,1.03209,0.99575,0.97002,1.24253,1.11816,1.16277,0.88577,1.00731,0.94037,1.25914,0.92692,0.88253,1.12346,1.10398,1.09333,1.05693,0.80274,0.47306,0.48866,0.82746,1.22126,1.07324,0.98992
47.9,0.84483,0.53011,1.34683,1.34336,0,1,0.93191,0.55275,1.25813,1.32342,0.90511,0.96829,0.97892,0.99292,0.73316,0.8321,0.91977,1.1118,0.99283,1.0634,0.70226,0.93254,1.23552,0.84059,0.9436,0.97158,0.95509,1.25448,1.29058,1.27498,1.12812,0.8191,0.98913,1.02774,1.15752,1.32356,0.40507,0.35998,1.38095,1,1.13531,1.3007,0.56888,0.3733,1.10843,1.06681,1.02952,1.0193,1.25982,1.14169,1.14961,0.90132,1.01705,0.95121,1.24798,1.0857,0.828,1.2321,1.09154,1.04794,1.03332,0.75665,0.54444,0.5685,0.87011,1.20533,1.02208,0.96295
47.92,0.85604,0.58119,1.34626,1.34477,0,1,0.9163,0.58202,1.23677,1.31489,0.82145,0.95236,0.94034,0.94337,0.71385,0.81579,0.93854,1.09166,0.99144,1.04914,0.74063,0.807,1.25458,0.75128,0.9634,1.04146,1.02084,1.26849,1.26863,1.24914,1.10325,0.84157,1.02176,1.04053,1.14953,1.31232,0.40911,0.3502,1.38095,1,1.15553,1.29304,0.63217,0.41705,1.17148,1.09349,1.07541,1.11857,1.26773,1.15161,1.12432,0.92304,1.02019,0.96338,1.23124,1.18564,0.79558,1.28003,1.06377,0.97866,0.99571,0.72434,0.61931,0.64759,0.90159,1.19015,0.98784,0.94473
47.94,0.86638,0.64191,1.34504,1.3442,0.0039,1,0.91403,0.61264,1.21852,1.30651,0.73678,0.93831,0.89358,0.88101,0.7112,0.81565,0.96466,1.062,0.99261,1.03234,0.78838,0.71415,1.26061,0.67676,0.99315,1.12909,1.12489,1.27615,1.2405,1.21797,1.08889,0.85951,1.04796,1.04863,1.14183,1.29626,0.41769,0.35421,1.38067,1,1.15826,1.28428,0.67966,0.45635,1.21766,1.11415,1.12032,1.19283,1.26877,1.1517,1.08105,0.95144,1.01754,0.97676,1.2068,1.23308,0.78394,1.30605,1.01341,0.91624,0.96541,0.70456,0.69653,0.72446,0.91811,1.17671,0.97157,0.93279
47.96,0.87486,0.71072,1.34311,1.34155,0.04135,1,0.92133,0.64305,1.20804,1.29924,0.65712,0.92628,0.84321,0.81407,0.72456,0.82911,0.9979,1.01885,0.99597,1.01271,0.84502,0.64404,1.25673,0.61637,1.05591,1.19578,1.19835,1.27933,1.20351,1.17993,1.08873,0.87315,1.06408,1.05372,1.13525,1.27322,0.43075,0.37218,1.37785,1,1.14931,1.27474,0.70458,0.48788,1.25075,1.13004,1.15918,1.24247,1.26342,1.14355,1.00581,0.98655,1.00974,0.99124,1.17094,1.26031,0.79153,1.32175,0.96803,0.84156,0.92726,0.69587,0.77554,0.79867,0.91829,1.1656,0.96052,0.92513
47.98,0.88019,0.78457,1.34044,1.33657,0.0884,1,0.93622,0.67272,1.20719,1.29371,0.58765,0.91659,0.79437,0.75016,0.75381,0.85364,1.06227,0.98068,1.00194,0.99518,0.90909,0.5916,1.24288,0.56931,1.11376,1.24514,1.24976,1.27906,1.15286,1.13274,1.10162,0.88337,1.07471,1.05693,1.13099,1.23992,0.44819,0.40409,1.37404,1,1.12922,1.26449,0.70652,0.5104,1.27393,1.14181,1.18996,1.27462,1.25061,1.1278,0.9503,1.04746,0.9988,1.0126,1.11734,1.27727,0.81621,1.33171,0.92442,0.75717,0.88152,0.69662,0.85621,0.86999,0.90352,1.15671,0.95276,0.92023
48,0.88081,0.85756,1.33697,1.32885,0.14808,1,0.95806,0.70218,1.21364,1.28993,0.53256,0.90976,0.75218,0.69563,0.79907,0.88609,1.11316,0.95216,1.0133,0.98399,0.97721,0.55477,1.21672,0.53527,1.15946,1.28111,1.28579,1.27601,1.07955,1.07388,1.12256,0.8915,1.08253,1.05904,1.1305,1.19278,0.46972,0.44921,1.36874,1,1.09431,1.25324,0.69145,0.52515,1.2895,1.14961,1.21241,1.29501,1.22717,1.10494,0.89799,1.10167,0.99156,1.03929,1.03592,1.2878,0.8547,1.33795,0.87853,0.66723,0.82932,0.70495,0.9383,0.93738,0.8775,1.14925,0.94677,0.91697
48.02,0.87519,0.92079,1.33263,1.31782,0.22449,1,0.987,0.73278,1.22311,1.28729,0.49442,0.90637,0.72073,0.65486,0.8606,0.92285,1.1514,0.92668,1.02413,0.97351,1.07014,0.53301,1.17312,0.51427,1.19469,1.30704,1.31111,1.2706,0.98401,1.00214,1.14614,0.89914,1.08924,1.06056,1.13499,1.13177,0.49493,0.50582,1.36104,1,1.03421,1.24024,0.66822,0.53514,1.2991,1.15334,1.22714,1.30735,1.18551,1.07581,0.84882,1.13906,0.98434,1.06149,0.96476,1.29356,0.90246,1.34146,0.83281,0.57703,0.77286,0.71906,1.03815,0.99844,0.84468,1.14192,0.94145,0.91461
48.04,0.86243,0.96457,1.3273,1.30258,0.32315,1,1.04098,0.76623,1.2322,1.28496,0.47388,0.9068,0.7022,0.63011,0.93875,0.96054,1.17969,0.90594,1.03313,0.96419,1.12958,0.52604,1.10201,0.50626,1.2213,1.32556,1.3289,1.26299,0.92877,0.96768,1.16891,0.90785,1.09592,1.06183,1.14481,1.07005,0.52351,0.57186,1.3492,1,0.96824,1.22422,0.64459,0.54377,1.30392,1.15287,1.23514,1.31392,1.10516,1.04162,0.80502,1.16402,0.97807,1.07931,0.92314,1.29534,0.9544,1.34274,0.78972,0.49216,0.71538,0.73757,1.13158,1.07747,0.80881,1.13313,0.93595,0.91264
48.06,0.84263,0.98204,1.32081,1.28145,0.45079,1,1.09576,0.80405,1.2392,1.28218,0.47018,0.91104,0.69691,0.62206,1.05596,0.99694,1.20007,0.89092,1.03943,0.9564,1.1615,0.53333,0.99158,0.51099,1.24082,1.33858,1.34129,1.25297,0.88195,0.94551,1.18939,0.91906,1.1032,1.06302,1.15905,1.0384,0.55533,0.64594,1.32945,1,0.91596,1.20331,0.62544,0.55384,1.30477,1.14818,1.23734,1.31592,0.96481,1.00347,0.76848,1.17973,0.97353,1.09301,0.89391,1.29348,1.01136,1.34199,0.75179,0.41765,0.66091,0.75989,1.18305,1.1167,0.77229,1.12111,0.92975,0.91077
48.08,0.81702,0.97184,1.31287,1.25085,0.6118,1,1.13706,0.84708,1.24348,1.27841,0.48159,0.91862,0.70375,0.63075,1.15625,1.05317,1.21372,0.88206,1.0424,0.95048,1.17921,0.55392,0.92983,0.528,1.25418,1.34743,1.34965,1.23975,0.8405,0.93425,1.20724,0.9339,1.11126,1.06419,1.17585,1.05748,0.59032,0.72813,1.293,1,0.86635,1.17494,0.61327,0.56708,1.30214,1.13942,1.23449,1.31376,0.87129,0.98271,0.74114,1.18821,0.97135,1.10275,0.87482,1.28804,1.08137,1.33919,0.72191,0.35763,0.61404,0.78618,1.21653,1.1336,0.73655,1.10381,0.92259,0.90893
48.1,0.78779,0.9384,1.30316,1.2021,0.79708,1,1.16627,0.89494,1.24493,1.27334,0.5055,0.92861,0.72042,0.65612,1.20727,1.09432,1.22104,0.87958,1.04144,0.94681,1.18909,0.58605,0.88437,0.55654,1.26167,1.35295,1.35481,1.22171,0.80232,0.93448,1.22256,0.95318,1.11987,1.06525,1.19313,1.10945,0.6282,0.82055,1.21791,1,0.82404,1.13565,0.60907,0.58421,1.2964,1.12708,1.22728,1.307,0.79732,0.96566,0.72539,1.19049,0.97206,1.10853,0.86307,1.27893,1.12155,1.33413,0.70348,0.31541,0.57951,0.81734,1.24076,1.13327,0.70244,1.07859,0.91459,0.90725
48.12,0.75758,0.88957,1.29124,1.10952,0.96663,1,1.18489,0.94621,1.24348,1.26674,0.53881,0.93994,0.74408,0.69836,1.23509,1.12597,1.22179,0.88355,1.03592,0.94576,1.19482,0.62713,0.85272,0.59565,1.26301,1.35562,1.35722,1.19559,0.76609,0.94737,1.23559,0.97747,1.12851,1.06599,1.20917,1.16503,0.66862,0.9276,1.05845,1,0.79309,1.08057,0.61328,0.60541,1.28784,1.11187,1.21635,1.2941,0.74401,0.94948,0.72375,1.18682,0.97607,1.11014,0.85585,1.26606,1.14536,1.32634,0.70003,0.29349,0.56156,0.85486,1.25955,1.11374,0.67054,1.04141,0.90616,0.90608
48.14,0.72896,0.83347,1.27626,0.94956,1.08111,1,1.19414,0.99914,1.23881,1.2582,0.57934,0.95181,0.77253,0.7582,1.2496,1.15229,1.21504,0.89392,1.02527,0.94756,1.19868,0.67402,0.83352,0.64463,1.25713,1.35554,1.35696,1.15459,0.73107,0.97405,1.24658,1.01378,1.1365,1.06608,1.22289,1.21044,0.71179,1.08407,0.951,1,0.77633,1.00154,0.62652,0.63122,1.27643,1.09434,1.202,1.27114,0.71109,0.93329,0.73835,1.17673,0.98356,1.10737,0.85082,1.24938,1.15844,1.31487,0.7148,0.29412,0.56358,0.90076,1.27479,1.06441,0.64126,0.99284,0.89797,0.90595
48.16,0.70432,0.77677,1.25645,0.84236,1.02697,1,1.19458,1.08063,1.23008,1.24671,0.62756,0.96411,0.80527,0.83682,1.25513,1.17487,1.19896,0.91046,1.00904,0.95218,1.20188,0.72341,0.82704,0.70327,1.24137,1.35228,1.35352,1.08227,0.69712,1.02758,1.25574,1.06832,1.14306,1.06504,1.23371,1.244,0.75897,1.1903,0.9857,1,0.77551,0.95606,0.65022,0.66322,1.26116,1.07418,1.18358,1.22793,0.69744,0.91681,0.77059,1.15893,0.99431,1.10001,0.84652,1.229,1.16264,1.2978,0.75063,0.32077,0.5886,0.95734,1.28742,0.97886,0.61496,0.95973,0.89097,0.90758
48.18,0.6861,0.72466,1.22782,0.7558,0.88328,1,1.18557,1.13134,1.21561,1.23023,0.68816,0.97741,0.84405,0.9346,1.25343,1.19398,1.17016,0.93251,0.99387,0.9593,1.20483,0.77166,0.83548,0.7716,1.20945,1.34426,1.34522,0.96982,0.66471,1.09891,1.26318,1.11252,1.14722,1.0623,1.24119,1.26773,0.81271,1.24111,1.15603,1,0.79188,0.91746,0.68675,0.70446,1.23881,1.04969,1.15859,1.13153,0.70171,0.90048,0.82061,1.13123,1.01465,1.08803,0.84247,1.20558,1.15714,1.27114,0.81,0.38014,0.64009,1.04645,1.29791,0.91107,0.59224,0.92551,0.88637,0.91189
48.2,0.67701,0.68118,1.18069,0.69012,0.72546,1,1.16448,1.16548,1.19202,1.20458,0.77181,0.99286,0.89301,1.07643,1.24472,1.20929,1.12289,0.95883,0.98248,0.96829,1.2073,0.81464,0.8632,0.84932,1.14494,1.32683,1.327,0.88989,0.63498,1.15063,1.26883,1.14734,1.14781,1.05711,1.24477,1.28386,0.87685,1.26882,1.2534,1,0.82683,0.88405,0.73978,0.75972,1.20021,1.01697,1.1208,0.93593,0.72262,0.88542,0.88641,1.09034,1.03951,1.07168,0.83901,1.18096,1.1378,1.22585,0.89451,0.48549,0.72253,1.13523,1.30642,0.84514,0.57406,0.89197,0.88572,0.91994
48.22,0.67984,0.64929,1.0854,0.64615,0.58593,1,1.12455,1.18994,1.15223,1.16003,0.8978,1.02205,0.95826,1.17328,1.22782,1.22045,1.04752,0.98769,0.97172,0.97829,1.20884,0.84824,0.91649,0.93539,0.99558,1.28219,1.27843,0.81678,0.60932,1.1859,1.27256,1.17404,1.14344,1.04864,1.24366,1.29407,0.95675,1.28389,1.30007,1,0.88251,0.85495,0.81475,0.83622,1.11487,0.98575,1.05525,0.81278,0.75908,0.8731,0.96329,1.03144,1.06055,1.05167,0.83681,1.15863,1.094,1.13656,1.00875,0.66396,0.84207,1.1899,1.31304,0.78816,0.56163,0.86093,0.89055,0.93278
48.24,0.69719,0.63093,0.93401,0.62411,0.47849,1,1.04744,1.20835,1.07854,1.06822,1.12666,1.05838,1.07383,1.21858,1.19949,1.22733,0.9699,1.03126,0.96252,0.98844,1.20929,0.8694,1.00536,1.04823,0.88596,1.04221,0.98079,0.75229,0.58896,1.20878,1.27411,1.19394,1.13263,1.03613,1.23669,1.29942,1.08892,1.29063,1.32428,1,0.96273,0.82936,0.91961,0.94481,0.93578,0.9591,0.96715,0.72698,0.81035,0.86485,1.07093,0.97711,1.07691,1.02906,0.83616,1.14287,0.99813,0.9594,1.15437,0.97823,1.01468,1.22568,1.31788,0.7441,0.55632,0.8339,0.90199,0.95109
48.26,0.73118,0.62744,0.82076,0.62358,0.40151,1,0.95269,1.22277,0.96514,0.93536,1.24928,1.09218,1.16947,1.24249,1.15251,1.22985,0.92423,1.07204,0.95529,0.99798,1.20905,0.87716,1.14801,1.14494,0.79737,0.66803,0.63421,0.69749,0.57493,1.22244,1.27314,1.20826,1.11373,1.0191,1.22187,1.3004,1.18409,1.29078,1.33779,1,1.10358,0.80657,1.09544,1.1289,0.79603,0.92994,0.89891,0.6699,0.87581,0.8617,1.14397,0.94227,1.08885,1.00537,0.8365,1.13671,0.92364,0.84645,1.21853,1.26982,1.19857,1.24991,1.32103,0.71445,0.55966,0.81192,0.92033,0.97484
48.28,0.78329,0.64026,0.71881,0.64407,0.34971,1,0.87748,1.23437,0.88363,0.83237,1.29832,1.12124,1.2243,1.25545,1.07077,1.22771,0.89035,1.10039,0.94996,1.01195,1.20924,0.87299,1.21914,1.19389,0.72907,0.46827,0.44139,0.65332,0.5683,1.22886,1.26895,1.21778,1.08507,0.99887,1.19563,1.29674,1.23787,1.28455,1.34556,1,1.19604,0.78616,1.21098,1.22921,0.67649,0.90061,0.83374,0.63446,0.95388,0.86439,1.18216,0.91389,1.09718,0.99177,0.83623,1.14004,0.85151,0.76366,1.25259,1.32229,1.26112,1.26638,1.32246,0.69954,0.57366,0.79594,0.94477,1.00569
48.3,0.85372,0.67161,0.63046,0.68517,0.31855,1,0.80597,1.24375,0.81084,0.73858,1.32242,1.14382,1.25668,1.26202,0.96557,1.22007,0.86716,1.11909,0.94611,1.02313,1.21148,0.86032,1.25651,1.22123,0.67999,0.3506,0.32842,0.62112,0.5704,1.22882,1.26031,1.22284,1.04567,0.98767,1.15121,1.28706,1.27117,1.27064,1.34981,1,1.24719,0.76806,1.26347,1.2779,0.58377,0.87443,0.7779,0.6151,1.06565,0.87354,1.20322,0.89288,1.10297,0.98371,0.83298,1.1498,0.79193,0.70554,1.27188,1.34233,1.29029,1.27701,1.32201,0.69962,0.60116,0.78695,0.97307,1.05492
48.32,0.94102,0.72503,0.55684,0.74657,0.30495,1,0.74102,1.25124,0.74992,0.65737,1.33495,1.15907,1.27534,1.26456,0.90239,1.20511,0.85315,1.12978,0.94318,1.02928,1.2173,0.84336,1.27518,1.23619,0.64914,0.28322,0.2641,0.60231,0.58271,1.222,1.24473,1.22342,0.99857,0.97795,1.07435,1.26758,1.29285,1.24546,1.35157,1,1.27841,0.75246,1.29174,1.30538,0.52014,0.85473,0.73635,0.60732,1.14766,0.88972,1.21439,0.87993,1.10726,0.9791,0.82424,1.16206,0.75243,0.66899,1.28234,1.35162,1.30503,1.28275,1.3193,0.71546,0.64634,0.7859,1.00303,1.08912
48.34,1.06791,0.8061,0.49726,0.82823,0.30695,1,0.68372,1.25705,0.70175,0.58979,1.34095,1.16696,1.28485,1.26452,0.85544,1.17901,0.84666,1.13348,0.94069,1.03041,1.22708,0.82587,1.28144,1.24277,0.63538,0.25053,0.23333,0.59813,0.60652,1.20646,1.21683,1.21926,0.97701,0.97116,0.97041,1.22785,1.30747,1.20008,1.35131,1,1.29883,0.73956,1.30833,1.32229,0.48443,0.84381,0.71155,0.60744,1.18957,0.91348,1.21923,0.87528,1.11081,0.97824,0.80858,1.17383,0.73716,0.65166,1.28666,1.35568,1.31166,1.28399,1.31373,0.74888,0.71561,0.79336,1.04436,1.10948
48.36,1.16263,0.92309,0.44987,0.93,0.32313,1,0.63384,1.26136,0.66535,0.53534,1.34259,1.16784,1.28767,1.26294,0.82342,1.13338,0.84587,1.1309,0.93841,1.02675,1.23968,0.81057,1.2771,1.24295,0.63729,0.24448,0.22838,0.60955,0.64241,1.17735,1.16281,1.20997,0.96497,0.96862,0.90579,1.12901,1.31763,1.10909,1.3492,1,1.31297,0.72952,1.31856,1.33325,0.47398,0.84256,0.70365,0.61229,1.21228,0.9452,1.21981,0.87853,1.114,0.981,0.7863,1.18347,0.74786,0.65117,1.28607,1.3564,1.3127,1.28058,1.30438,0.80309,0.81886,0.80914,1.06437,1.11649
48.38,1.21011,1.11573,0.41261,1.07715,0.35172,1,0.59069,1.26426,0.63885,0.49325,1.34072,1.16213,1.28499,1.26076,0.80405,1.04732,0.8487,1.12268,0.93643,1.01887,1.25309,0.79929,1.26011,1.23784,0.65297,0.2609,0.24537,0.63753,0.68936,1.12259,1.03476,1.19522,0.96584,0.97157,0.85418,0.91132,1.32485,0.95318,1.34527,1,1.32319,0.72251,1.32504,1.34049,0.48588,0.85056,0.71116,0.61888,1.22427,0.98485,1.21773,0.88862,1.11673,0.98682,0.75964,1.19021,0.78493,0.66472,1.2811,1.35442,1.30909,1.27173,1.29006,0.88307,0.97155,0.83203,1.06299,1.10831
48.4,1.23636,1.22234,0.38385,1.17647,0.3894,1,0.55365,1.26576,0.62016,0.46307,1.33551,1.15029,1.27737,1.25897,0.79468,0.94819,0.85282,1.10963,0.9351,1.00776,1.26531,0.79334,1.22207,1.22839,0.67972,0.29732,0.28202,0.68312,0.74365,1.00527,0.89566,1.17516,0.98374,0.98136,0.8158,0.76044,1.33002,0.8569,1.33969,1,1.33079,0.7188,1.3292,1.34515,0.51693,0.86629,0.73128,0.62422,1.22967,1.05336,1.21465,0.90376,1.11854,0.99471,0.73208,1.19366,0.84756,0.68852,1.27198,1.34979,1.30105,1.25553,1.2696,0.99614,1.18543,0.8595,1.03228,1.07784
48.42,1.2506,1.26916,0.36242,1.22099,0.43081,1,0.52233,1.26576,0.60733,0.4447,1.32676,1.13293,1.26507,1.25849,0.79272,0.87529,0.85594,1.09297,0.93494,0.99747,1.27514,0.79387,1.13475,1.21586,0.71406,0.35147,0.33628,0.74767,0.79834,0.91102,0.78752,1.15107,1.04283,0.99956,0.79076,0.64707,1.33367,0.78901,1.33295,1,1.33653,0.7188,1.33189,1.34779,0.56322,0.88747,0.76025,0.62562,1.23076,1.11283,1.21225,0.9217,1.11876,1.0067,0.70727,1.19336,0.93344,0.7178,1.25888,1.3422,1.28841,1.22791,1.243,1.1635,1.26347,0.88794,0.97491,1.00226
48.44,1.25669,1.29381,0.34762,1.24256,0.46959,1,0.4965,1.26406,0.59897,0.43796,1.31389,1.11072,1.24825,1.25998,0.79613,0.81118,0.85648,1.07408,0.93641,0.99136,1.28218,0.80227,0.94724,1.20197,0.75235,0.42072,0.4057,0.83302,0.84475,0.82311,0.69661,1.1257,1.12431,1.0484,0.77891,0.56502,1.33609,0.74663,1.32598,1,1.34086,0.72301,1.33356,1.34872,0.62039,0.91174,0.79416,0.6212,1.22885,1.15433,1.21183,0.94035,1.11675,1.02209,0.68779,1.18846,1.06369,0.74752,1.24207,1.33107,1.27083,1.17928,1.21349,1.23864,1.29996,0.91361,0.91031,0.93313
48.46,1.25618,1.30797,0.33914,1.25166,0.50075,1,0.47614,1.26034,0.59433,0.44253,1.29595,1.08438,1.22706,1.26354,0.8036,0.75652,0.85404,1.05431,0.93982,0.98622,1.28656,0.82051,0.82114,1.18885,0.79141,0.50186,0.48723,0.94134,0.87514,0.74025,0.62248,1.10301,1.19234,1.09932,0.77993,0.50757,1.33745,0.72626,1.31985,1,1.34403,0.73193,1.33447,1.34809,0.68402,0.9371,0.82961,0.61046,1.22453,1.18386,1.21371,0.95819,1.11204,1.03423,0.67488,1.17728,1.16638,0.77331,1.22192,1.31541,1.24787,1.08282,1.18919,1.28021,1.32033,0.93356,0.82795,0.85008
48.48,1.24922,1.31634,0.33718,1.25255,0.52288,1,0.46165,1.25413,0.59339,0.45783,1.27168,1.05488,1.20184,1.26868,0.81466,0.71123,0.84953,1.03473,0.9452,0.98238,1.28858,0.85136,0.72697,1.17863,0.82874,0.59065,0.57678,1.10297,0.88515,0.66291,0.56428,1.08717,1.24341,1.14663,0.79333,0.46904,1.33776,0.72417,1.31516,1,1.34618,0.74613,1.33466,1.34591,0.74964,0.96186,0.86391,0.59434,1.21785,1.20512,1.21712,0.97438,1.10431,1.04286,0.6687,1.15639,1.21683,0.79203,1.19902,1.29389,1.21921,0.9435,1.18006,1.30635,1.33267,0.9461,0.7345,0.75782
48.5,1.23472,1.32115,0.34249,1.24724,0.53909,1,0.45391,1.24471,0.5968,0.48295,1.23978,1.02376,1.17347,1.27458,0.8295,0.6752,0.84499,1.016,0.95241,0.97996,1.28855,0.89877,0.65938,1.17286,0.86259,0.68166,0.66897,1.19559,0.87514,0.59165,0.52156,1.08079,1.27993,1.1874,0.81848,0.44514,1.33692,0.73635,1.31154,1,1.34729,0.76612,1.33399,1.34213,0.81271,0.98459,0.89503,0.575,1.20826,1.22032,1.22044,0.98865,1.09341,1.04812,0.66877,1.11839,1.2448,0.80209,1.17428,1.2649,1.18508,0.85486,1.18919,1.32407,1.34027,0.95086,0.63784,0.66313
48.52,1.20979,1.32354,0.35641,1.23678,0.55617,1,0.45425,1.23093,0.60568,0.5167,1.19968,0.99672,1.14346,1.28033,0.84882,0.64837,0.84303,0.99912,0.96112,0.97895,1.28673,0.9686,0.614,1.17214,0.89196,0.76868,0.75761,1.23823,0.84957,0.52762,0.49423,1.08356,1.30548,1.22058,0.8546,0.43275,1.33466,0.75875,1.30755,1,1.34724,0.79243,1.33222,1.33657,0.86911,1.00796,0.92168,0.55518,1.19459,1.23078,1.22185,1.00239,1.07928,1.05028,0.67436,1.04394,1.26078,0.80333,1.14882,1.22701,1.14673,0.789,1.20994,1.33656,1.34461,0.94881,0.54562,0.57276
48.54,1.16792,1.32415,0.38087,1.22154,0.58287,1,0.46433,1.2109,0.62139,0.55789,1.1527,0.98462,1.11387,1.28523,0.87362,0.63056,0.84611,0.99102,0.97106,0.97925,1.28317,1.09983,0.58748,1.17611,0.91665,0.84596,0.83687,1.25984,0.81513,0.47273,0.48214,1.0925,1.32308,1.24626,0.90089,0.42948,1.33054,0.78802,1.30087,1,1.34579,0.82553,1.32894,1.32895,0.91578,1.03506,0.94331,0.53747,1.17473,1.23736,1.21963,1.02339,1.06176,1.04964,0.68492,0.95083,1.26925,0.79646,1.12377,1.17981,1.10663,0.74483,1.23321,1.34539,1.34641,0.942,0.46421,0.49261
48.56,1.09358,1.32342,0.41835,1.20106,0.62979,1,0.48611,1.18139,0.64527,0.60555,1.10317,0.97629,1.08672,1.2888,0.90489,0.62151,0.85617,0.98354,0.98205,0.98069,1.27773,1.19338,0.57733,1.18385,0.93706,0.90939,0.90259,1.27014,0.77897,0.42966,0.48507,1.10336,1.33482,1.26493,0.95629,0.43337,1.32378,0.82217,1.28772,1,1.3425,0.8657,1.32354,1.31872,0.95124,1.05187,0.96005,0.5241,1.14506,1.24059,1.21207,1.04109,1.04039,1.04654,0.70029,0.87031,1.27235,0.7826,1.09991,1.12524,1.06819,0.72022,1.25327,1.35138,1.34598,0.93328,0.39858,0.42758
48.58,0.9756,1.32167,0.47202,1.17338,0.71191,1,0.52213,1.13689,0.67856,0.65859,1.05787,0.9714,1.06329,1.2906,0.94338,0.62096,0.87456,0.97622,0.99395,0.98305,1.26996,1.24866,0.58171,1.19415,0.95408,0.95746,0.95315,1.27303,0.74804,0.40218,0.50292,1.11168,1.34197,1.27699,1.03368,0.44249,1.31302,0.86087,1.25903,1,1.33657,0.9125,1.31504,1.30504,0.97582,1.06113,0.97261,0.51716,1.09891,1.24079,1.19687,1.05704,1.01447,1.04138,0.72068,0.7879,1.27102,0.76315,1.07734,1.06834,1.03469,0.71282,1.26772,1.35484,1.34327,0.92623,0.35304,0.38212
48.6,0.90141,1.31925,0.54568,1.13363,0.85616,1,0.5758,1.06783,0.7222,0.71539,1.02267,0.96952,1.04358,1.29014,0.98921,0.62884,0.90215,0.96871,1.01266,0.98602,1.25904,1.28354,0.59932,1.20576,0.96878,0.99117,0.98955,1.27007,0.72895,0.39566,0.53572,1.11316,1.34497,1.28227,1.11302,0.45475,1.29576,0.90537,1.17854,1,1.32636,0.96423,1.30177,1.28678,0.99131,1.0646,0.98205,0.51893,1.02279,1.23798,1.17,1.07214,0.99198,1.03468,0.74664,0.70809,1.26554,0.73966,1.0555,1.016,1.00808,0.72039,1.27564,1.35563,1.33787,0.92495,0.3324,0.36127
48.62,0.84393,1.31656,0.64424,1.07049,1.14486,1,0.6522,0.98072,0.77686,0.7737,0.9994,0.97014,1.02628,1.28672,1.06727,0.6452,0.93935,0.9609,1.03537,0.98931,1.24351,1.30649,0.62912,1.21765,0.98233,1.02497,1.02711,1.2616,0.72762,0.41762,0.58374,1.10316,1.34342,1.27967,1.15815,0.46797,1.26657,0.95793,0.89536,1,1.30809,1.03236,1.28046,1.26244,1.00088,1.06346,0.98962,0.53193,0.95653,1.23197,1.12314,1.08668,0.97647,1.02701,0.77903,0.63471,1.25567,0.71375,1.03312,0.98763,0.99434,0.7408,1.27616,1.35293,1.32883,0.93344,0.34322,0.37161
48.64,0.80387,1.31395,0.7747,0.98028,1.27894,1,0.75946,0.93029,0.84294,0.83132,0.9915,0.97275,1.00906,1.27927,1.1263,0.67016,0.98608,0.95296,1.05549,0.99271,1.22054,1.32201,0.67017,1.22906,0.99579,1.04849,1.05477,1.24704,0.74902,0.47941,0.64775,1.07528,1.33516,1.26599,1.18386,0.48041,1.21099,1.03689,0.65752,1,1.27059,1.09947,1.24366,1.22991,1.01207,1.05862,0.99656,0.55889,0.90477,1.22234,1.03586,1.10035,0.96138,1.01877,0.81919,0.57043,1.24069,0.6869,1.00834,0.97462,0.9877,0.77209,1.26729,1.34439,1.31407,0.95485,0.39653,0.4237
48.66,0.78073,1.31162,0.94729,0.91902,1.32593,1,0.91076,0.89099,0.92026,0.88684,0.98432,0.97678,0.99463,1.26603,1.16581,0.7036,1.06685,0.94547,1.07304,0.99619,1.18428,1.33257,0.72114,1.23946,1.01908,1.06416,1.07394,1.22495,0.79739,0.60073,0.72886,1.01759,1.31261,1.23213,1.19703,0.49123,1.07372,1.12177,0.46983,1,1.1621,1.13927,1.17044,1.18558,1.02184,1.05093,1.00787,0.60274,0.85926,1.20846,0.94609,1.11233,0.94703,1.01001,0.8689,0.5171,1.21947,0.6605,0.98998,0.96511,0.98249,0.81209,1.24353,1.32207,1.28884,0.99079,0.51473,0.53794
48.68,0.77368,1.30953,1.17437,0.86444,1.34882,1,1.1466,0.86229,1.0128,0.93991,0.97451,0.98155,0.98298,1.24384,1.19182,0.74469,1.12886,0.93945,1.0879,0.99986,1.1209,1.33953,0.77912,1.24846,1.04498,1.07824,1.09089,1.1934,0.87617,0.81806,0.82743,0.96192,1.23718,1.14682,1.20083,0.50065,0.88382,1.1735,0.32597,1,0.85329,1.16346,0.98853,1.1223,1.03456,1.04141,1.02411,0.66638,0.8225,1.18967,0.87902,1.12138,0.93391,1.00039,0.93014,0.4765,1.19087,0.63599,0.97494,0.9559,0.97739,0.85767,1.18828,1.24176,1.24085,1.06598,0.74804,0.7574
48.7,0.78202,1.30743,1.25356,0.82164,1.36175,1,1.24897,0.84353,1.12374,0.99117,0.9596,0.9863,0.96902,1.20661,1.20727,0.7912,1.16827,0.93634,1.09981,1.00766,0.99447,1.34353,0.83843,1.25573,1.06916,1.09398,1.1085,1.15131,0.98671,1.18501,0.94086,0.91302,0.84348,0.94128,1.19633,0.50991,0.76509,1.20442,0.2179,1,0.65263,1.17749,0.85966,1.02343,1.05268,1.03149,1.04221,0.75216,0.79733,1.16567,0.82359,1.12587,0.92266,0.99478,1.00923,0.45083,1.15518,0.61501,0.95915,0.94478,0.97151,0.9039,1.03216,0.78975,1.12835,1.1277,1.1944,1.17594
48.72,0.80533,1.30487,1.28718,0.79585,1.36971,1,1.29098,0.83406,1.17595,1.06774,0.93803,0.99019,0.95254,1.14071,1.21334,0.83945,1.19218,0.93764,1.10848,1.01636,0.90409,1.34475,0.89113,1.26093,1.09116,1.11235,1.12747,1.10194,1.14654,1.2885,1.09111,0.86907,0.5784,0.80564,1.18299,0.5209,0.68106,1.22011,0.13766,1,0.5157,1.18411,0.77201,0.94526,1.07653,1.02299,1.06189,0.86143,0.78664,1.13706,0.78319,1.12401,0.91404,0.98863,1.12218,0.44261,1.11605,0.59925,0.94304,0.93056,0.96439,0.94422,0.86464,0.5198,0.91562,1.16901,1.3067,1.29767
48.74,0.84331,1.30131,1.30421,0.79207,1.37489,1,1.31281,0.83306,1.20196,1.1226,0.90925,0.99246,0.93374,1.00729,1.20983,0.88499,1.2049,0.94445,1.11369,1.02584,0.8232,1.34296,0.93043,1.2638,1.1105,1.13257,1.14707,1.05732,1.21717,1.31799,1.17594,0.83422,0.44049,0.71735,1.15858,0.53567,0.62434,1.22226,0.07826,1,0.42135,1.1848,0.71832,0.88677,1.10468,1.01789,1.08237,0.99473,0.79287,1.10576,0.75909,1.1139,0.90866,0.98169,1.18579,0.4546,1.08078,0.59029,0.92725,0.91308,0.95602,0.97212,0.7488,0.38994,0.79675,1.1953,1.33486,1.32838
48.76,0.89523,1.29617,1.31323,0.81598,1.37839,1,1.32554,0.83927,1.21332,1.16187,0.87378,0.99247,0.91323,0.91083,1.19478,0.92365,1.20917,0.9571,1.11536,1.03567,0.75284,1.33727,0.9548,1.26399,1.12676,1.15288,1.16592,1.03605,1.25289,1.3286,1.21339,0.81,0.37256,0.66821,1.11843,0.55605,0.58881,1.20803,0.0343,1,0.35595,1.18051,0.69221,0.83345,1.13466,1.01786,1.10265,1.16202,0.81789,1.07514,0.75053,1.09336,0.90691,0.97419,1.22541,0.49022,1.05556,0.58968,0.91261,0.89325,0.94677,0.98335,0.6647,0.33294,0.72328,1.21103,1.34535,1.33982
48.78,0.95873,1.28878,1.31774,0.87635,1.38079,1,1.3334,0.85084,1.21506,1.19201,0.83325,0.98978,0.89211,0.83741,1.1629,0.95204,1.20689,0.97491,1.11338,1.04502,0.69404,1.32542,0.97016,1.26094,1.13942,1.17119,1.1824,1.04793,1.27308,1.33064,1.23114,0.79616,0.34833,0.64993,1.05444,0.58345,0.56934,1.16356,0.00218,1,0.31084,1.17218,0.68805,0.7835,1.16383,1.02392,1.12158,1.22752,0.863,1.04975,0.75514,1.05976,0.90898,0.96675,1.25129,0.55416,1.03809,0.59921,0.90022,0.87304,0.93751,0.97723,0.6053,0.32123,0.68175,1.21922,1.34869,1.34341
48.8,1.04852,1.27835,1.31947,0.98906,1.38095,1,1.33829,0.86516,1.20986,1.21588,0.79009,0.98412,0.87187,0.78148,1.1012,0.96796,1.19977,0.99608,1.10762,1.05274,0.64811,1.3014,0.98897,1.25361,1.14784,1.18563,1.19504,1.08339,1.28511,1.32709,1.23832,0.79154,0.35427,0.65511,0.97988,0.61877,0.56151,1.0212,0,1,0.28065,1.16119,0.70035,0.73659,1.19023,1.0361,1.13809,1.26023,0.92876,1.03428,0.76905,1.01051,0.91491,0.96038,1.26817,0.65292,1.01477,0.62124,0.89144,0.85522,0.9295,0.95662,0.56453,0.34145,0.66349,1.22185,1.34789,1.34242
48.82,1.12232,1.26381,1.31949,1.17967,1.38095,1,1.34118,0.87917,1.19969,1.2349,0.74671,0.97547,0.854,0.74132,0.98695,0.97056,1.1899,1.03254,1.09783,1.05764,0.61625,1.24437,1.04696,1.24001,1.15132,1.19501,1.20281,1.12544,1.29236,1.31898,1.23866,0.79451,0.38216,0.67703,0.93786,0.66244,0.56143,0.85272,0,1,0.26201,1.14967,0.72335,0.69328,1.21292,1.05346,1.15153,1.27829,1.02729,1.03166,0.78731,0.97611,0.92457,0.95622,1.27853,0.79586,0.98191,0.65903,0.88767,0.84264,0.92413,0.92652,0.53764,0.38488,0.66259,1.22017,1.34397,1.33797
48.84,1.15892,1.24354,1.31853,1.2628,1.38095,1,1.34259,0.88999,1.18656,1.24998,0.70464,0.96405,0.8393,0.71521,0.90764,0.96044,1.17977,1.06179,1.08376,1.05877,0.59892,1.00494,1.12814,1.21617,1.14927,1.19876,1.20516,1.16335,1.29658,1.30675,1.23393,0.80349,0.42629,0.70979,0.90911,0.71456,0.56578,0.6989,0,1,0.25264,1.14018,0.75108,0.6544,1.23201,1.07429,1.16186,1.28826,1.14216,1.04172,0.80491,0.95163,0.93765,0.95525,1.28375,0.99808,0.93802,0.7171,0.8899,0.83735,0.92242,0.89202,0.52113,0.44387,0.67477,1.21495,1.3372,1.33034
48.86,1.17466,1.21491,1.31717,1.30486,1.38095,1,1.34286,0.89559,1.17297,1.26169,0.6644,0.95041,0.82765,0.70126,0.83747,0.93948,1.17192,1.08044,1.06527,1.05543,0.5959,0.75082,1.19806,1.17317,1.1412,1.19671,1.20182,1.19365,1.29873,1.29083,1.22508,0.81713,0.48241,0.74866,0.8944,0.77483,0.57186,0.56274,0,1,0.25086,1.13505,0.77769,0.62089,1.24805,1.09651,1.16962,1.29313,1.20279,1.06132,0.8178,0.93426,0.95353,0.95811,1.28464,1.21618,0.8772,0.80156,0.8984,0.84025,0.92483,0.85736,0.51243,0.51082,0.69649,1.20659,1.32741,1.31935
48.88,1.17601,1.17404,1.31588,1.32863,1.38095,1,1.3422,0.89505,1.16215,1.27034,0.62603,0.93547,0.81812,0.69746,0.77843,0.91061,1.16833,1.08927,1.04275,1.04711,0.6065,0.58648,1.24834,1.08703,1.12675,1.18882,1.19256,1.21622,1.2994,1.272,1.21301,0.83415,0.54685,0.78991,0.89306,0.84163,0.57752,0.45045,0,1,0.25523,1.13555,0.79753,0.594,1.26168,1.11804,1.17571,1.2944,1.23847,1.08593,0.82349,0.92549,0.97109,0.96505,1.2815,1.2788,0.80689,0.92016,0.91262,0.85104,0.93114,0.82589,0.50965,0.5785,0.72411,1.19535,1.31416,1.30449
48.9,1.16516,1.11623,1.31504,1.34284,1.38095,1,1.34081,0.88858,1.15759,1.27597,0.58959,0.92054,0.80928,0.70167,0.73167,0.8774,1.16981,1.08832,1.01781,1.03337,0.62971,0.47567,1.28146,0.95138,1.10594,1.17516,1.17726,1.23185,1.29897,1.25129,1.19918,0.85324,0.61606,0.83063,0.90347,0.91083,0.58114,0.36352,0,1,0.26439,1.14145,0.80556,0.5754,1.27334,1.13712,1.18117,1.29299,1.26045,1.11131,0.82116,0.92644,0.98859,0.97597,1.27427,1.30733,0.73711,1.11124,0.93113,0.86832,0.94052,0.80043,0.51146,0.64162,0.75318,1.18155,1.29677,1.28507
48.92,1.14175,1.038,1.31489,1.35151,1.38095,1,1.33886,0.87724,1.16154,1.27849,0.5557,0.90711,0.79984,0.71156,0.69769,0.84344,1.17596,1.07646,0.99683,1.01375,0.66433,0.40044,1.30246,0.85844,1.0794,1.15605,1.15602,1.24131,1.29759,1.22934,1.18608,0.87313,0.68667,0.86876,0.92345,0.97595,0.58179,0.30038,0,1,0.27704,1.1513,0.79861,0.56681,1.28323,1.15253,1.18679,1.28956,1.2739,1.1345,0.81124,0.93809,1.00769,0.9905,1.26249,1.32279,0.6762,1.21893,0.95187,0.88993,0.95179,0.78324,0.51707,0.69838,0.77849,1.16562,1.27436,1.26019
48.94,1.10309,0.97494,1.31543,1.35674,1.38094,1,1.33645,0.86263,1.17352,1.27774,0.52584,0.89661,0.78952,0.72461,0.67611,0.81182,1.18574,1.05082,0.9879,0.994,0.70929,0.3504,1.31548,0.78161,1.04844,1.13202,1.12918,1.24513,1.29523,1.20585,1.17691,0.89281,0.75576,0.90308,0.95053,1.05186,0.57947,0.25775,0.0001,1,0.29222,1.16319,0.77665,0.56939,1.29126,1.16358,1.19271,1.28481,1.28155,1.15395,0.79466,0.96118,1.02804,1.01557,1.24508,1.33176,0.6286,1.26639,0.97279,0.91359,0.96371,0.77588,0.5265,0.75012,0.79506,1.14802,1.24581,1.22878
48.96,1.04374,0.94461,1.3164,1.35967,1.37988,1,1.33362,0.8466,1.19038,1.27358,0.50258,0.89028,0.77954,0.738,0.66574,0.7851,1.19806,1.00567,0.98313,0.97969,0.7637,0.31927,1.32324,0.72095,1.01487,1.10391,1.09736,1.24341,1.29155,1.17935,1.17448,0.91178,0.82125,0.93313,0.98208,1.10085,0.57526,0.23208,0.01461,1,0.30953,1.17528,0.74322,0.58341,1.29712,1.16986,1.19823,1.27963,1.28501,1.169,0.77229,0.99606,1.03817,1.0487,1.21999,1.33688,0.59544,1.29172,0.99226,0.93727,0.9753,0.77923,0.54075,0.79966,0.79931,1.12902,1.20958,1.18948
48.98,0.98045,0.92519,1.3173,1.36095,1.37883,1,1.33029,0.83122,1.20804,1.26593,0.48977,0.88935,0.77277,0.74847,0.66463,0.76564,1.21188,0.97089,0.98246,0.96502,0.82633,0.30346,1.32732,0.67585,0.991,1.07316,1.06195,1.23566,1.28583,1.14726,1.17979,0.92995,0.88205,0.95898,1.02735,1.12646,0.57132,0.22047,0.02862,1,0.32915,1.18605,0.70458,0.60794,1.30021,1.17076,1.20187,1.27533,1.28537,1.17925,0.74498,1.06789,1.03955,1.07779,1.18375,1.33936,0.57628,1.30631,1.01748,0.9593,0.98582,0.79369,0.56196,0.85001,0.78995,1.10859,1.1633,1.14044
49,0.94408,0.9104,1.31744,1.36091,1.37781,1,1.32627,0.81877,1.22319,1.25496,0.49275,0.89507,0.7734,0.75233,0.67019,0.75597,1.22626,0.93704,0.98537,0.95096,0.89477,0.30133,1.32855,0.64604,0.97799,1.04222,1.02563,1.22046,1.27667,1.10571,1.19156,0.94757,0.93799,0.98109,1.07103,1.14364,0.57066,0.22086,0.04189,1,0.3519,1.19421,0.66804,0.64053,1.2995,1.16513,1.20154,1.27369,1.28354,1.18413,0.71368,1.12487,1.03347,1.10198,1.13085,1.33969,0.57026,1.31451,1.04055,0.97823,0.99467,0.81931,0.59361,0.90336,0.76816,1.08629,1.10299,1.07876
49.02,0.91937,0.89372,1.31607,1.35967,1.37679,1,1.32119,0.81132,1.23402,1.24132,0.5181,0.90853,0.78593,0.74609,0.67915,0.7586,1.24039,0.90458,0.99099,0.93849,0.96519,0.31271,1.32725,0.6316,0.96857,1.01458,0.99631,1.19472,1.26142,1.04889,1.20707,0.96505,0.98956,1.00016,1.09638,1.161,0.57669,0.23206,0.05483,1,0.37931,1.19889,0.6397,0.67726,1.29324,1.15097,1.19472,1.27633,1.28051,1.18282,0.67963,1.16552,1.02121,1.12094,1.05281,1.33792,0.57664,1.31814,1.05583,0.99294,1.00287,0.85599,0.64083,0.9608,0.73692,1.06126,1.02124,0.99979
49.04,0.90864,0.87003,1.31233,1.35721,1.3757,1,1.31434,0.81015,1.24006,1.22623,0.57349,0.93022,0.8138,0.7275,0.68768,0.77563,1.25356,0.876,0.99829,0.92841,1.05559,0.33855,1.32336,0.63259,0.96235,0.99688,0.98484,1.15149,1.23444,0.98508,1.22355,0.98284,1.06196,1.03032,1.10649,1.18261,0.59258,0.25372,0.0684,1,0.41394,1.19961,0.623,0.71375,1.27815,1.12501,1.1784,1.28372,1.27752,1.17406,0.64447,1.1937,1.00419,1.13482,0.97308,1.33374,0.5949,1.3179,1.06534,1.00577,1.01165,0.90373,0.711,1.03946,0.70013,1.03223,0.96203,0.95934
49.06,0.91323,0.83696,1.30508,1.35329,1.3744,1,1.30447,0.81548,1.24162,1.21123,0.66755,0.95942,0.85814,0.6964,0.69163,0.8085,1.26517,0.85286,1.01186,0.92127,1.12228,0.38067,1.31647,0.64878,0.9588,0.99111,0.97859,1.0736,1.18076,0.94632,1.23896,1.00232,1.11259,1.05295,1.10223,1.20802,0.62109,0.28635,0.08409,1,0.45976,1.1963,0.61859,0.74632,1.24686,1.08213,1.14851,1.29475,1.27611,1.15589,0.61031,1.21273,0.9925,1.14397,0.92905,1.32645,0.62462,1.3138,1.07059,1.01612,1.01633,0.9627,0.81496,1.11541,0.6618,0.99883,0.92138,0.9263
49.08,0.93388,0.79525,1.29256,1.34746,1.37272,1,1.28912,0.82634,1.23944,1.19783,0.80726,0.99356,0.91603,0.6549,0.68665,0.85741,1.27468,0.83616,1.02467,0.91741,1.15853,0.44123,1.30577,0.67929,0.95723,0.989,0.97623,0.9637,1.04294,0.91341,1.252,1.03572,1.14632,1.07049,1.08187,1.2341,0.66443,0.33099,0.10394,1,0.52287,1.1893,0.62476,0.77273,1.18023,1.01538,1.10001,1.30734,1.27789,1.12526,0.57975,1.22478,0.98397,1.1487,0.8969,1.31473,0.66494,1.3053,1.07285,1.01977,1.01808,1.05481,0.96938,1.16069,0.62592,0.98052,0.88738,0.8989
49.1,0.97099,0.74813,1.27144,1.339,1.37035,1,1.26272,0.84059,1.2347,1.18692,0.98735,1.04761,0.97837,0.60659,0.6689,0.9208,1.28165,0.82671,1.03306,0.91708,1.17939,0.52176,1.29017,0.72208,0.95692,0.98888,0.97601,0.88919,0.87813,0.88827,1.26187,1.06286,1.16959,1.08399,1.03954,1.25772,0.72421,0.38883,0.13063,1,0.61295,1.17958,0.63785,0.7926,1.01776,0.96746,1.03024,1.31961,1.28397,1.07753,0.55571,1.23108,0.97812,1.1491,0.8746,1.29642,0.71385,1.29132,1.0733,1.01998,1.01824,1.13584,1.18653,1.18772,0.59632,0.96344,0.85956,0.87666
49.12,1.04359,0.69982,1.23437,1.32671,1.36689,1,1.20938,0.85554,1.22898,1.17813,1.17271,1.08331,1.05159,0.5548,0.63622,0.99578,1.28583,0.8251,1.03536,0.9204,1.19129,0.62206,1.26823,0.77376,0.95715,0.9889,0.97608,0.82573,0.75388,0.87299,1.26815,1.08405,1.18533,1.09382,0.98215,1.27729,0.80163,0.46086,0.16751,1,0.74651,1.16866,0.65311,0.80765,0.89784,0.93806,0.97833,1.33057,1.29416,1.00478,0.54056,1.23211,0.97647,1.14505,0.86034,1.26773,0.7681,1.27014,1.07297,1.01994,1.01818,1.18414,1.26515,1.20178,0.57631,0.94845,0.83822,0.85978
49.14,1.12397,0.65418,1.16036,1.30841,1.3617,1,1.05657,0.8691,1.22368,1.16938,1.21734,1.09898,1.08619,0.5012,0.58931,1.11017,1.28728,0.8316,1.03003,0.92729,1.19743,0.73984,1.23803,0.83007,0.95736,0.98751,0.97487,0.7744,0.65209,0.86913,1.27054,1.09966,1.19516,1.10022,0.9367,1.29258,0.89821,0.54804,0.2184,1,0.95466,1.15803,0.66679,0.82183,0.84668,0.92346,0.96035,1.3401,1.30692,0.95795,0.5352,1.22787,0.98025,1.1363,0.85246,1.22146,0.82407,1.23915,1.07267,1.02233,1.01908,1.21443,1.30164,1.20509,0.56841,0.9363,0.82368,0.84847
49.16,1.17979,0.61426,0.98057,1.27979,1.35389,1,0.84662,0.88073,1.21922,1.15657,1.217,1.09791,1.08256,0.44585,0.53183,1.17613,1.28639,0.84584,1.01536,0.9373,1.19973,0.87085,1.19657,0.88653,0.95724,0.98373,0.9714,0.73526,0.57089,0.87737,1.26869,1.11014,1.20019,1.10346,0.88923,1.30399,1.03003,0.65108,0.28646,1,1.221,1.14833,0.67793,0.84136,0.84715,0.9245,0.96239,1.34842,1.32014,0.91581,0.5385,1.21795,0.99021,1.12265,0.84941,1.14173,0.87885,1.19454,1.07283,1.02867,1.02162,1.23373,1.32191,1.1979,0.57453,0.92756,0.81584,0.84265
49.18,1.21862,0.58276,0.84712,1.23155,1.34257,1,0.69842,0.89177,1.21458,1.13191,1.18202,1.08167,1.04941,0.38831,0.46943,1.22039,1.28407,0.86661,0.99471,0.94952,1.19955,1.01697,1.13812,0.93865,0.95676,0.97734,0.96547,0.70819,0.5083,0.89749,1.26178,1.11579,1.2012,1.10386,0.8427,1.31194,1.16621,0.7692,0.37037,1,1.29408,1.13857,0.68922,0.87514,0.88858,0.93952,0.97936,1.35581,1.33216,0.87317,0.54703,1.20178,1.0127,1.10427,0.84966,0.99323,0.93103,1.13172,1.07353,1.03901,1.02593,1.24554,1.33415,1.17842,0.59662,0.92264,0.81422,0.84192
49.2,1.24564,0.56239,0.7421,1.14143,1.32855,1,0.58567,0.90529,1.20707,1.07734,1.10011,1.05141,0.99867,0.3286,0.40801,1.25444,1.28189,0.89169,0.9773,0.96252,1.19801,1.15886,1.04933,0.9821,0.95611,0.96876,0.95751,0.69343,0.46309,0.92843,1.24807,1.11662,1.19874,1.10179,0.79988,1.31667,1.22732,0.89748,0.45574,1,1.32428,1.12579,0.7068,0.9361,0.95311,0.96455,1.00198,1.36239,1.34216,0.82634,0.55486,1.17897,1.0499,1.08233,0.8517,0.90601,0.98088,1.04866,1.07446,1.05218,1.03162,1.25152,1.34166,1.14167,0.63711,0.9219,0.81813,0.84566
49.22,1.26431,0.55571,0.66029,0.97689,1.31816,1,0.50397,0.92544,1.19234,0.97038,0.98465,1.00927,0.98202,0.26765,0.35216,1.28244,1.28198,0.91843,0.9568,0.97462,1.19607,1.21277,0.95837,1.02476,0.95564,0.95879,0.94836,0.69156,0.43451,0.96881,1.22374,1.1124,1.19316,1.09761,0.763,1.31815,1.26096,1.04266,0.50888,1,1.33964,1.10488,0.73912,1.06997,1.0214,0.99417,1.0254,1.36819,1.35001,0.77242,0.55455,1.14949,1.08643,1.05926,0.85423,0.84574,1.05161,0.98015,1.07512,1.0665,1.03803,1.25226,1.34592,1.0752,0.69968,0.92561,0.82672,0.85311
49.24,1.27702,0.5648,0.5969,0.89146,1.32108,1,0.44802,0.95656,1.16313,0.8729,0.95958,0.98153,0.992,0.20723,0.30451,1.30552,1.28602,0.94511,0.9337,0.98447,1.19439,1.23938,0.89637,1.05178,0.95568,0.94828,0.93886,0.70327,0.42185,1.03274,1.17973,1.10269,1.1847,1.09169,0.73335,1.31612,1.28161,1.14997,0.49471,1,1.34812,1.06724,0.79578,1.19832,1.0527,1.04145,1.01163,1.37321,1.35593,0.71075,0.53986,1.11288,1.12042,1.03822,0.85641,0.80473,1.11169,0.95609,1.07507,1.08059,1.04454,1.24757,1.34771,0.97463,0.79006,0.93383,0.83911,0.8635
49.26,1.28536,0.59104,0.54753,0.84769,1.33573,1,0.41251,1.00514,1.10391,0.76765,1.00752,0.96176,1.05937,0.14959,0.26629,1.32397,1.29419,0.97216,0.90782,0.99152,1.19309,1.2537,0.83837,1.05649,0.95645,0.93788,0.92963,0.72904,0.42425,1.10723,1.08995,1.08704,1.17356,1.08437,0.7114,1.30993,1.29528,1.18642,0.41421,1,1.35284,0.99766,0.88748,1.2653,0.99721,1.0782,0.97456,1.37744,1.36026,0.64341,0.50851,1.06536,1.15176,1.0217,0.85807,0.77811,1.15522,0.9516,1.07398,1.09361,1.05074,1.23654,1.34738,0.90161,0.91693,0.9462,0.85438,0.87602
49.28,1.29034,0.6349,0.50846,0.83754,1.35159,1,0.39275,1.09661,0.98532,0.66654,1.14224,0.94394,1.13849,0.09694,0.23836,1.33818,1.305,1.00528,0.87852,0.99614,1.19172,1.26099,0.78242,1.04503,0.95799,0.92809,0.92113,0.76883,0.44074,1.1616,0.94607,1.06528,1.16009,1.07613,0.6972,1.29829,1.30489,1.19372,0.3048,1,1.35528,0.94505,1.04601,1.30274,0.92422,1.10616,0.9256,1.38089,1.3632,0.57453,0.46308,0.99634,1.18084,1.01014,0.85979,0.76303,1.18908,0.96236,1.07175,1.10511,1.05634,1.21735,1.34502,0.82865,1.1201,0.96181,0.87142,0.88975
49.3,1.29252,0.6951,0.47688,0.85746,1.36341,1,0.3848,1.16199,0.89801,0.57909,1.21993,0.92466,1.19556,0.05096,0.22183,1.34876,1.31642,1.06844,0.84514,0.99948,1.18931,1.26329,0.72844,1.02077,0.96025,0.91935,0.9137,0.82151,0.47001,1.20342,0.84786,1.03818,1.14504,1.0676,0.69071,1.279,1.31198,1.17902,0.20222,1,1.35622,0.88781,1.19662,1.3246,0.84309,1.13208,0.8714,1.38365,1.36486,0.50887,0.40948,0.9456,1.20784,1.0014,0.8628,0.75802,1.21615,0.98348,1.06845,1.1148,1.06115,1.18688,1.34057,0.75501,1.22692,0.97906,0.8888,0.90353
49.32,1.29213,0.76806,0.45099,0.90705,1.3712,1,0.38537,1.20767,0.82069,0.51027,1.25741,0.90031,1.23073,0.01236,0.21824,1.35647,1.32694,1.12729,0.80767,1.00628,1.18446,1.2613,0.67743,0.99385,0.96308,0.91203,0.9076,0.88452,0.51044,1.2365,0.76881,1.00784,1.12965,1.05953,0.69187,1.24837,1.3174,1.1346,0.12124,1,1.35616,0.83038,1.25784,1.33767,0.78045,1.15978,0.82396,1.38578,1.36522,0.45029,0.35406,0.88302,1.23246,0.99573,0.86868,0.76236,1.23786,1.01801,1.06426,1.12253,1.06503,1.13992,1.33377,0.68087,1.27242,0.99598,0.90501,0.91621
49.34,1.28922,0.84814,0.43009,0.98792,1.37622,1,0.39188,1.23953,0.75759,0.46067,1.27157,0.86913,1.25011,0,0.22963,1.36199,1.3359,1.18008,0.76726,1.0173,1.17555,1.25513,0.63063,0.97803,0.96629,0.90636,0.90302,0.95406,0.56049,1.26269,0.70896,0.98943,1.11529,1.05253,0.70048,1.19997,1.32154,1.0233,0.06198,1,1.35538,0.7764,1.28869,1.3455,0.74988,1.18901,0.7907,1.38644,1.36408,0.40091,0.30149,0.80752,1.25404,0.98796,0.87895,0.77523,1.25515,1.05828,1.05937,1.1283,1.06792,1.06735,1.32411,0.60817,1.2959,1.02038,0.91889,0.92692
49.36,1.28368,0.92853,0.41463,1.12866,1.37949,1,0.40249,1.26183,0.70951,0.42836,1.26908,0.83236,1.25848,0,0.25898,1.36588,1.34318,1.22415,0.72641,1.03407,1.16062,1.24489,0.58933,0.96596,0.96976,0.90238,0.90002,1.04385,0.61909,1.28301,0.66682,0.97833,1.10286,1.04685,0.71599,1.12232,1.32447,0.91021,0.01981,1,1.35409,0.72839,1.30591,1.35003,0.7556,1.21683,0.77424,1.38644,1.36104,0.36161,0.25446,0.72266,1.272,0.97543,0.8948,0.79492,1.26868,1.08422,1.05397,1.13224,1.06979,0.97937,1.31059,0.54028,1.30891,1.03997,0.93005,0.93545
49.38,1.27546,1.00364,0.40627,1.20439,1.38095,1,0.41597,1.27726,0.67569,0.41067,1.24863,0.79407,1.25858,0,0.3109,1.36847,1.3489,1.25857,0.68875,1.05698,1.13693,1.23132,0.55509,0.95884,0.97336,0.90002,0.89859,1.11936,0.68555,1.29813,0.64065,0.97052,1.09237,1.04227,0.73721,0.99786,1.32602,0.81696,0,1,1.3524,0.68842,1.31582,1.35234,0.79722,1.24022,0.77404,1.38644,1.35518,0.33295,0.21452,0.63517,1.28593,0.95679,0.91692,0.8182,1.27886,1.09794,1.0482,1.13454,1.07068,0.93133,1.29133,0.48133,1.31589,1.05276,0.9389,0.9422
49.4,1.26473,1.09019,0.40788,1.24456,1.38095,1,0.43154,1.28736,0.65509,0.40496,1.19877,0.75996,1.25182,0,0.39261,1.36993,1.35318,1.28421,0.65859,1.08466,1.1003,1.21697,0.52982,0.95703,0.97696,0.89911,0.8987,1.15674,0.75919,1.30861,0.62921,0.96525,1.08283,1.03819,0.76209,0.93536,1.32572,0.7423,0,1,1.35037,0.65845,1.32115,1.35306,0.87019,1.25751,0.78745,1.38644,1.34443,0.31578,0.18267,0.55217,1.29564,0.93153,0.94537,0.83988,1.28585,1.10127,1.04227,1.13541,1.07061,0.89866,1.26276,0.43534,1.31872,1.06097,0.94654,0.94812
49.42,1.25213,1.12676,0.42326,1.26562,1.38095,1,0.44892,1.29297,0.64685,0.40897,1.08138,0.73551,1.23892,0,0.51612,1.37031,1.35616,1.30276,0.63986,1.11461,1.04325,1.20692,0.51528,0.96028,0.98044,0.89951,0.90035,1.17267,0.83935,1.31492,0.63183,0.96151,1.0726,1.03385,0.78784,0.89988,1.32285,0.69151,0,1,1.348,0.64024,1.32316,1.35256,0.96382,1.26828,0.81065,1.38644,1.32337,0.31127,0.15942,0.47891,1.30114,0.90013,0.97968,0.85356,1.28968,1.09524,1.03637,1.13503,1.06959,0.88214,1.21735,0.40528,1.31808,1.06659,0.95433,0.95434
49.44,1.23888,1.13813,0.45684,1.27458,1.38095,1,0.46837,1.29454,0.65031,0.42095,0.92453,0.72447,1.22026,0,0.70338,1.36952,1.35798,1.31598,0.63523,1.14401,0.9784,1.2068,0.51252,0.96802,0.98376,0.90121,0.90359,1.17273,0.92583,1.31744,0.6482,0.95846,1.06008,1.02862,0.81162,0.88732,1.3162,0.66664,0,1,1.3452,0.63493,1.32232,1.35101,1.0902,1.27277,0.8396,1.38644,1.27177,0.32066,0.14477,0.4179,1.30244,0.86418,1.03417,0.85372,1.29039,1.08004,1.03061,1.13339,1.06756,0.88208,1.13539,0.39271,1.31395,1.07108,0.96334,0.96173
49.46,1.22657,1.13035,0.51373,1.27405,1.38095,1,0.49086,1.29213,0.66497,0.43974,0.84534,0.72862,1.19603,0,0.9979,1.36739,1.35876,1.32522,0.646,1.17049,0.93404,1.21833,0.52155,0.97933,0.9869,0.90436,0.9086,1.15732,1.03489,1.31632,0.67804,0.95562,1.04436,1.02225,0.83117,0.896,1.30365,0.66816,0,1,1.34176,0.64304,1.31865,1.34848,1.15562,1.27111,0.87085,1.38644,1.00462,0.34517,0.13837,0.36988,1.29938,0.82632,1.09119,0.83794,1.28804,1.05527,1.02499,1.1303,1.0644,0.89809,0.97555,0.39836,1.30567,1.07515,0.97392,0.97054
49.48,1.21694,1.10021,0.59959,1.26375,1.38095,1,0.51804,1.28542,0.69019,0.46447,0.80781,0.74823,1.1666,0,1.25684,1.36354,1.35858,1.33135,0.67229,1.19237,0.89395,1.23765,0.54119,0.99285,0.98997,0.90931,0.91563,1.12268,1.14317,1.3113,0.72045,0.95303,1.02583,1.01511,0.84503,0.92631,1.28082,0.69645,0,1,1.33728,0.66448,1.31176,1.34494,1.1799,1.26283,0.90163,1.38644,0.69308,0.38575,0.13985,0.33515,1.29137,0.79013,1.13159,0.8077,1.28276,1.0208,1.01939,1.12533,1.0599,0.92873,0.86901,0.42276,1.2919,1.07881,0.98544,0.98023
49.5,1.21128,1.03106,0.71938,1.23989,1.38095,1,0.55225,1.2736,0.72495,0.49434,0.80432,0.78226,1.13305,0,1.30909,1.35741,1.35746,1.33481,0.7129,1.20865,0.86054,1.25879,0.5688,1.01296,0.99305,0.91655,0.92496,1.0593,1.19977,1.30161,0.77308,0.95113,1.00685,1.00815,0.85265,0.98064,1.23762,0.75229,0,1,1.33107,0.6985,1.30084,1.34031,1.18199,1.24654,0.92975,1.38644,0.51771,0.44234,0.14894,0.31448,1.27725,0.75969,1.15944,0.76769,1.27489,0.98985,1.0136,1.11779,1.05383,0.97102,0.78244,0.46657,1.27045,1.08144,0.9963,0.98945
49.52,1.21011,0.95011,0.87476,1.19093,1.38095,1,0.59647,1.25515,0.76771,0.52869,0.82866,0.82863,1.09752,0,1.3299,1.34814,1.35537,1.33568,0.76539,1.21888,0.83588,1.27773,0.6005,1.03402,0.99628,0.92662,0.93686,0.97684,1.23464,1.28564,0.83183,0.95059,0.99585,1.00271,0.85419,1.09285,1.14507,0.83721,0,1,1.32191,0.74386,1.28448,1.33445,1.16685,1.21932,0.9537,1.38644,0.41389,0.51319,0.16567,0.30912,1.25495,0.73877,1.17733,0.72361,1.26517,0.9722,1.00738,1.10676,1.0459,1.03647,0.71052,0.53058,1.23801,1.08219,1.0087,0.99652
49.54,1.21299,0.87642,1.08947,1.07627,1.38095,1,0.6542,1.22714,0.81665,0.5674,0.87598,0.88472,1.06295,0.04635,1.33978,1.33438,1.35215,1.33377,0.82645,1.22302,0.82115,1.29307,0.63234,1.04748,0.99976,0.93988,0.95146,0.92487,1.25831,1.26016,0.89157,0.95191,0.9922,0.99993,0.85038,1.1771,0.95418,0.95382,0,1,1.30754,0.79912,1.26019,1.32704,1.13293,1.17515,0.97278,1.38391,0.35379,0.59479,0.19049,0.32075,1.22076,0.72987,1.18712,0.68021,1.25456,0.9601,1.00048,1.09117,1.03587,1.10122,0.64975,0.61586,1.1896,1.08036,1.01606,1.00038
49.56,1.21887,0.80296,1.20769,0.91026,1.38095,1,0.72902,1.18367,0.8697,0.61137,0.9418,0.9476,1.03203,0.11662,1.34436,1.31398,1.34753,1.3285,0.89226,1.22103,0.81649,1.30488,0.66172,1.05374,1.00707,0.95632,0.96864,0.88306,1.27539,1.21853,0.94729,0.95526,0.99262,0.99989,0.84234,1.22969,0.84307,1.13125,0,1,1.28314,0.86289,1.22334,1.31734,1.07253,1.10076,0.98717,1.37964,0.32299,0.68239,0.22433,0.35161,1.16793,0.73418,1.19008,0.64061,1.24392,0.95423,0.99638,1.0699,1.02364,1.14117,0.59782,0.72323,1.11811,1.07567,1.01522,1.00058
49.58,1.22638,0.73636,1.24793,0.79927,1.37951,1,0.82345,1.11231,0.92402,0.66269,1.03509,1.02494,1.00572,0.21798,1.34574,1.28333,1.34109,1.31864,0.95805,1.21263,0.82117,1.31365,0.68823,1.05384,1.01503,0.97537,0.98779,0.85241,1.28814,1.14688,0.9949,0.96031,0.99595,1.00168,0.83146,1.26287,0.7765,1.21814,0.01959,1,1.23672,0.93325,1.16544,1.30386,0.98614,0.98378,0.99784,1.37236,0.3133,0.77037,0.2684,0.40455,1.08438,0.75174,1.18711,0.60685,1.23354,0.95414,0.99218,1.04211,1.00942,1.16556,0.55354,0.85056,1.01504,1.06838,1.00848,0.99785
49.6,1.23417,0.68227,1.26229,0.71579,1.37585,1,0.93664,0.99241,0.97552,0.72476,1.12488,1.10652,0.99151,0.36477,1.34486,1.23666,1.33223,1.30191,1.03217,1.19713,0.83371,1.3198,0.71382,1.04932,1.02326,0.99575,1.01475,0.8329,1.29767,1.01631,1.05366,0.96632,0.99994,1.00395,0.81936,1.28349,0.74608,1.25883,0.06657,1,1.12862,1.01329,1.07167,1.2833,0.93704,0.91602,1.01232,1.35852,0.31947,0.85277,0.32368,0.48259,0.97875,0.78156,1.17882,0.58048,1.22272,0.95839,0.98767,1.00785,0.99701,1.17937,0.51672,0.98778,0.95431,1.05933,1.00012,0.99491
49.62,1.24124,0.64462,1.26142,0.65797,1.36913,1,1.0915,0.92187,1.03474,0.80251,1.1656,1.14934,0.98068,0.57356,1.34222,1.16508,1.32015,1.27375,1.09413,1.17335,0.85215,1.32366,0.74207,1.04203,1.03157,1.02878,1.04642,0.82401,1.30462,0.9318,1.08554,0.97233,1.00371,1.00476,0.80759,1.29546,0.74805,1.28007,0.14393,1,0.92051,1.10877,0.9675,1.24748,0.90451,0.86751,1.02719,1.32683,0.33765,0.92429,0.39056,0.58827,0.9281,0.82187,1.16576,0.56266,1.20976,0.96509,0.98295,0.98562,0.98981,1.18527,0.48759,1.13704,0.9218,1.04987,0.99801,0.99387
49.64,1.24699,0.62512,1.24505,0.62248,1.35392,1,1.18039,0.86916,1.07917,0.9027,1.17816,1.17158,0.96788,0.85352,1.33807,1.05674,1.30373,1.22388,1.12134,1.13917,0.8744,1.32544,0.77683,1.03374,1.03974,1.05623,1.0697,0.82489,1.3094,0.8909,1.10017,0.97752,0.99959,1.00264,0.79743,1.30104,0.7821,1.29111,0.28622,1,0.80089,1.15799,0.91885,1.16941,0.8925,0.83717,1.04364,1.21586,0.36479,0.98138,0.46868,0.72327,0.9005,0.87049,1.14844,0.55409,1.19211,0.97245,0.97813,0.97001,0.9837,1.18469,0.46631,1.18513,0.90523,1.04133,1.00088,0.99661
49.66,1.25116,0.62369,1.20222,0.6047,1.29287,1,1.21926,0.83146,1.09963,1.05704,1.16634,1.18084,0.95108,1.17735,1.33261,0.96196,1.2814,1.12356,1.12853,1.09121,0.89847,1.32524,0.82096,1.02578,1.04764,1.07547,1.08605,0.83423,1.3123,0.88021,1.10398,0.98147,0.99226,0.99845,0.78969,1.30144,0.8505,1.29616,0.61225,1,0.72549,1.18588,0.89316,0.955,0.90383,0.82326,1.06356,0.80603,0.39822,1.04023,0.55662,0.88756,0.89251,0.92506,1.12746,0.55504,1.1665,0.97929,0.97329,0.95776,0.9789,1.17846,0.45287,1.19533,0.90072,1.0346,1.01594,1.00777
49.68,1.25367,0.639,1.08554,0.59876,0.60556,1,1.23759,0.80584,1.1064,1.18893,1.11863,1.18062,0.92897,1.25355,1.32607,0.92176,1.25136,0.94934,1.12162,1.02484,0.9223,1.32307,0.87526,1.01879,1.05512,1.08838,1.09698,0.84998,1.31347,0.89382,1.10027,0.98419,0.98067,0.99401,0.78487,1.29711,0.95666,1.29779,1.29476,1,0.68243,1.20223,0.88412,0.78904,0.94132,0.8236,1.08728,0.63988,0.43511,1.07673,0.65061,1.10625,0.90019,0.98244,1.10395,0.56548,1.12871,0.98512,0.96854,0.94885,0.97543,1.16735,0.4473,1.1822,0.90511,1.02984,1.03786,1.02855
49.7,1.25449,0.66851,0.89385,0.5974,0.24348,1,1.24477,0.78956,1.10595,1.2475,0.98824,1.17262,0.90114,1.2689,1.31893,0.90215,1.21298,0.8521,1.10381,0.97297,0.94365,1.31876,0.9375,1.0127,1.06198,1.09652,1.10382,0.8692,1.31294,0.92451,1.09122,0.98607,0.96693,0.98872,0.78327,1.28807,1.12879,1.29816,1.35895,1,0.66393,1.21171,0.88474,0.66109,1.01657,0.83565,1.11371,0.59365,0.47195,1.09268,0.74268,1.21331,0.91873,1.06256,1.0801,0.58512,1.07376,0.99006,0.96403,0.9429,0.97313,1.15265,0.44985,1.14688,0.91551,1.0265,1.06125,1.05079
49.72,1.25354,0.70859,0.76633,0.59317,0.07948,1,1.2444,0.7803,1.10369,1.27882,0.87221,1.1576,0.86812,1.26043,1.31197,0.89613,1.17005,0.79061,1.07815,0.94209,0.9604,1.31201,1.00431,1.00693,1.06799,1.10117,1.10765,0.88841,1.31056,0.96331,1.07858,0.98768,0.95366,0.9835,0.78513,1.27403,1.21537,1.29929,1.37479,1,0.66489,1.21682,0.88778,0.56564,1.13588,0.85671,1.141,0.61986,0.50486,1.09736,0.82078,1.25218,0.94262,1.11568,1.05919,0.61348,0.9985,0.99464,0.95996,0.93939,0.97181,1.13653,0.46097,1.08593,0.9293,1.0236,1.08152,1.07038
49.74,1.25061,0.75523,0.67461,0.58133,0,1,1.23776,0.77636,1.10397,1.29705,0.75702,1.13566,0.83135,1.2267,1.30606,0.89898,1.1332,0.75625,1.04853,0.92115,0.97122,1.30226,1.09162,1.00078,1.07294,1.10324,1.10926,0.90459,1.30611,1.00202,1.06395,0.98953,0.94303,0.97918,0.79073,1.25449,1.25571,1.30239,1.38095,1,0.68199,1.21894,0.8874,0.49695,1.20783,0.88428,1.16719,0.70869,0.53075,1.09515,0.87348,1.26879,0.96675,1.14412,1.0445,0.64992,0.96025,0.99941,0.95651,0.9378,0.97124,1.1217,0.48106,0.99853,0.94431,1.02019,1.09635,1.08514
49.76,1.24532,0.80468,0.61423,0.56211,0,1,1.22487,0.77676,1.10896,1.30798,0.65237,1.10625,0.79308,1.13706,1.30173,0.90739,1.11421,0.74286,1.01935,0.90949,0.97608,1.28871,1.1356,0.99689,1.07666,1.10327,1.10909,0.91607,1.29929,1.05184,1.04865,0.99193,0.93626,0.97625,0.80045,1.22869,1.27635,1.30719,1.38095,1,0.7129,1.21872,0.88064,0.44969,1.25249,0.91629,1.1907,0.86635,0.54865,1.08853,0.89677,1.27453,0.98757,1.15796,1.03756,0.69335,0.93283,1.00929,0.95386,0.93777,0.9713,1.11038,0.51013,0.95817,0.95902,1.01573,1.10521,1.09447
49.78,1.23699,0.85375,0.58068,0.54076,0,1,1.20502,0.78126,1.11798,1.31434,0.56373,1.06841,0.7563,0.93601,1.29877,0.919,1.11354,0.74537,0.99703,0.90559,0.97643,1.27051,1.15815,0.993,1.07894,1.10151,1.10728,0.923,1.28987,1.07561,1.03365,0.99485,0.93362,0.97487,0.81477,1.19573,1.28631,1.3122,1.38095,1,0.75535,1.2163,0.86802,0.41971,1.28096,0.95093,1.21036,1.12952,0.56037,1.07904,0.89756,1.27348,1.00722,1.16231,1.03706,0.74151,0.91553,1.02039,0.95221,0.93913,0.97193,1.10321,0.54711,0.93565,0.97253,1.01016,1.10856,1.09866
49.8,1.22454,0.89977,0.57107,0.5257,0,1,1.17731,0.7903,1.12822,1.31746,0.49391,1.02107,0.72447,0.81227,1.2962,0.93229,1.11914,0.75879,0.98741,0.90722,0.97481,1.24749,1.16833,0.98886,1.07954,1.09793,1.10373,0.92709,1.27801,1.08424,1.01949,0.998,0.93468,0.97497,0.83419,1.15493,1.289,1.31556,1.38095,1,0.80611,1.21129,0.853,0.40426,1.29922,0.98641,1.22547,1.24354,0.57026,1.06769,0.89094,1.26766,1.0291,1.1605,1.0394,0.79011,0.9068,1.0316,0.95178,0.94184,0.97317,1.09884,0.58914,0.92687,0.98454,1.004,1.10722,1.09837
49.82,1.20624,0.94096,0.58438,0.52599,0,1,1.14131,0.80472,1.1365,1.31794,0.44373,0.98351,0.70081,0.7435,1.2925,0.94638,1.1164,0.7778,0.97945,0.9118,0.97414,1.22159,1.17057,0.98475,1.0782,1.09234,1.09813,0.93093,1.26456,1.08485,1.00633,1.00186,0.93859,0.97628,0.85914,1.10595,1.28526,1.31549,1.38095,1,0.86061,1.20291,0.84032,0.40183,1.3106,1.03737,1.23572,1.2774,0.58399,1.05504,0.8942,1.25872,1.04566,1.15532,1.04035,0.8332,0.90479,1.04214,0.95275,0.94599,0.97505,1.09465,0.63163,0.92623,0.9951,0.99906,1.10221,1.09437
49.84,1.1792,0.97685,0.62105,0.54984,0,1,1.09806,0.82548,1.14052,1.31592,0.41255,0.95996,0.68753,0.72717,1.28589,0.96098,1.09075,0.79704,0.97139,0.91684,0.97669,1.19767,1.16716,0.981,1.07475,1.08449,1.09019,0.93689,1.25099,1.08213,0.99709,1.00633,0.94446,0.97849,0.88984,1.04833,1.2742,1.31011,1.38095,1,0.91346,1.18987,0.83398,0.41195,1.31705,1.08124,1.24115,1.28384,0.60725,1.04119,0.9226,1.24873,1.06115,1.14939,1.03668,0.86519,0.90783,1.0513,0.95522,0.9516,0.97761,1.08796,0.66979,0.92905,1.0087,0.99676,1.09442,1.08738
49.86,1.13848,1.01633,0.68225,0.60528,0,1,1.05131,0.85331,1.13901,1.31114,0.39917,0.94054,0.68583,0.76233,1.27405,0.97634,1.01399,0.81161,0.96237,0.92034,0.9834,1.18176,1.15922,0.9779,1.06919,1.07429,1.07974,0.94647,1.23878,1.07814,0.99175,1.00902,0.95153,0.98133,0.92599,0.99014,1.25281,1.296,1.38095,1,0.95935,1.17034,0.83638,0.43503,1.31969,1.11103,1.24183,1.2693,0.64515,1.02574,0.98993,1.24043,1.07717,1.14512,1.0267,0.88334,0.91464,1.05857,0.95913,0.95855,0.9808,1.07672,0.70069,0.93312,1.02384,0.99536,1.08459,1.07796
49.88,1.07587,1.06343,0.76801,0.70179,0,1,1.00857,0.88837,1.13128,1.30291,0.40273,0.92499,0.69623,0.8505,1.25322,0.99312,0.93012,0.81743,0.95255,0.9209,0.99376,1.17628,1.14713,0.97574,1.06175,1.0619,1.06692,0.95995,1.22843,1.07206,0.98716,1.00991,0.95918,0.98453,0.96624,0.95743,1.2145,1.2644,1.38095,1,0.99379,1.14164,0.84838,0.47226,1.319,1.13166,1.23762,1.21814,0.70224,1.00775,1.13618,1.23693,1.09318,1.14443,1.01039,0.88911,0.92432,1.06348,0.96419,0.96653,0.98447,1.05978,0.7247,0.93917,1.03602,0.9949,1.07335,1.06668
49.9,0.98987,1.10133,0.87351,0.85111,0,1,0.99051,0.92993,1.11689,1.28985,0.42315,0.91305,0.71883,0.99178,1.21552,1.02292,0.84139,0.81172,0.94305,0.91772,1.01122,1.17762,1.13076,0.9748,1.05303,1.04797,1.0524,0.97649,1.21869,1.06013,0.98344,1.00925,0.96689,0.98785,1.01456,0.92528,1.14609,1.18388,1.38095,1,1.0255,1.09988,0.86956,0.52547,1.31491,1.14591,1.22798,1.02225,0.78269,0.99309,1.22301,1.24037,1.10744,1.14833,0.99511,0.88772,0.93623,1.06557,0.96988,0.97492,0.98831,1.03696,0.74565,0.95059,1.04539,0.99525,1.06131,1.05422
49.92,0.94284,1.13588,0.9854,1.0969,0,1,0.98737,0.97632,1.0954,1.26932,0.46148,0.90453,0.75356,1.17496,1.13931,1.05821,0.7531,0.79372,0.93546,0.91065,1.03041,1.1792,1.10962,0.97535,1.04388,1.03354,1.0373,0.99442,1.20663,1.03561,0.9808,1.00744,0.97422,0.99101,1.07238,0.88988,1.02291,0.9381,1.38095,1,1.0333,1.03914,0.89866,0.59728,1.30672,1.15533,1.21173,0.81003,0.89096,0.98082,1.27183,1.25053,1.11805,1.15664,0.98614,0.88607,0.9499,1.06436,0.97561,0.98305,0.992,1.00932,0.76965,0.97225,1.05178,0.99619,1.04917,1.04147
49.94,0.90943,1.16881,1.11167,1.23563,0,1,0.99337,1.04419,1.0659,1.23566,0.52036,0.89951,0.80032,1.23707,0.97118,1.0918,0.67363,0.76514,0.93122,0.90021,1.04168,1.17516,1.083,0.97749,1.03514,1.01968,1.02282,1.02225,1.18794,0.99388,0.97945,1.00488,0.98078,0.99382,1.10576,0.84893,0.93913,0.76109,1.38095,1,1.01814,0.97801,0.93433,0.69142,1.29267,1.16062,1.18651,0.68373,1.05625,0.96682,1.30062,1.26477,1.1237,1.1681,0.98049,0.89026,0.96484,1.05951,0.98086,0.99037,0.99529,0.99005,0.80316,1.01706,1.05498,0.99752,1.03767,1.02942
49.96,0.88999,1.19962,1.15636,1.28283,0,1,1.01154,1.10408,1.02668,1.17499,0.60434,0.89834,0.8588,1.26149,0.84855,1.12329,0.6076,0.72999,0.93128,0.88761,1.04406,1.16064,1.0504,0.98118,1.02736,1.00703,1.0097,1.04736,1.15608,0.95901,0.97952,1.00189,0.98624,0.99609,1.1229,0.80206,0.90207,0.64163,1.38095,1,0.99159,0.93957,0.97544,0.81283,1.26876,1.16182,1.14803,0.61668,1.19479,0.95098,1.31823,1.27971,1.12362,1.1808,0.97926,0.90437,0.98041,1.05088,0.98536,0.99665,0.99806,0.97752,0.85179,1.09387,1.05482,0.99904,1.02761,1.01908
49.98,0.88385,1.22707,1.16333,1.30473,0,1,1.03797,1.14188,0.98832,1.04439,0.71958,0.90176,0.92748,1.26818,0.74614,1.15192,0.55776,0.69394,0.93607,0.87473,1.03754,1.12952,1.01246,0.98608,1.02074,0.99783,0.99901,1.06498,1.09874,0.91834,0.98106,0.99937,0.99026,0.99769,1.12802,0.75087,0.89528,0.56328,1.38095,1,0.97077,0.9079,1.03741,0.96594,1.22552,1.15826,1.08879,0.59595,1.25413,0.93354,1.32897,1.29272,1.11722,1.19266,0.9826,0.93034,0.99558,1.03879,0.98907,1.00403,1.00078,0.96778,0.91974,1.15472,1.05118,1.00127,1.01989,1.01148
50,0.88981,1.25026,1.14506,1.31571,0,1,1.05687,1.16539,0.96326,0.91005,0.87236,0.91086,1.00461,1.26241,0.66151,1.17688,0.52641,0.66318,0.94565,0.86397,1.02264,1.07016,0.98729,0.99164,1.01511,0.99268,0.99374,1.07628,0.99307,0.87668,0.98403,0.99781,0.99248,0.99849,1.12306,0.69828,0.91244,0.51573,1.38095,1,0.95439,0.88414,1.09942,1.16122,1.13576,1.14838,0.99827,0.61391,1.28638,0.9152,1.33486,1.30233,1.10366,1.2018,0.98987,0.96813,1.01694,1.02415,0.99213,1.01334,1.00486,0.96106,1.01738,1.19853,1.04394,1.00437,1.01551,1.00758
50.02,0.9062,1.26905,1.1009,1.32044,0,1,1.0624,1.17838,0.93998,0.82629,1.09684,0.92691,1.10631,1.24392,0.59196,1.19747,0.51566,0.64303,0.95993,0.85778,1.00044,0.97959,0.97359,0.99711,1.01005,0.98753,0.98852,1.0823,0.9207,0.83894,0.98831,0.99635,0.99251,0.99836,1.10872,0.64737,0.94666,0.49309,1.38095,1,0.94933,0.86933,1.14197,1.2332,0.95506,1.12925,0.94823,0.66618,1.30625,0.89721,1.33675,1.30801,1.08128,1.20676,0.99981,1.02948,1.034,1.00866,0.99482,1.02229,1.00886,0.95732,1.14181,1.2282,1.03305,1.00724,1.01544,1.00821
50.04,0.93068,1.28394,1.02154,1.32059,0,1,1.04946,1.18271,0.91875,0.77008,1.2215,0.951,1.15646,1.20861,0.53419,1.21302,0.52723,0.63679,0.97913,0.85803,0.98732,0.91674,0.96607,1.00347,1.00507,0.9818,0.98271,1.08417,0.85631,0.80874,0.99362,0.99506,0.99,0.9972,1.08516,0.6003,0.99069,0.49238,1.38095,1,0.96097,0.86409,1.1724,1.26416,0.84089,1.09559,0.91081,0.74809,1.31964,0.88143,1.33472,1.30968,1.04629,1.20656,1.02066,1.10167,1.04286,0.99733,0.99742,1.03186,1.01325,0.95613,1.2048,1.24727,1.01866,1.00976,1.02038,1.01387
50.06,0.95972,1.2956,0.9575,1.31638,0,1,1.00983,1.1791,0.89937,0.73729,1.26794,0.98371,1.18294,1.15051,0.48449,1.22271,0.56222,0.64561,1.00781,0.86569,0.97516,0.85954,0.96423,1.00962,0.99987,0.97503,0.97587,1.08326,0.80187,0.7882,0.99952,0.99398,0.98469,0.99491,1.05327,0.55824,1.06123,0.51261,1.38095,1,0.99286,0.86846,1.19518,1.27842,0.75817,1.03696,0.88538,0.84773,1.32945,0.87045,1.32809,1.3073,0.9951,1.20038,1.03889,1.15039,1.04499,0.99252,1.00027,1.04263,1.01834,0.95671,1.24102,1.25845,1.00147,1.01184,1.03052,1.02455
50.08,0.98781,1.30464,0.91588,1.30693,0,1,0.96905,1.16742,0.88139,0.72426,1.29133,1.04301,1.19669,1.07874,0.43937,1.22493,0.62022,0.66867,1.05935,0.8807,0.96532,0.81043,0.96618,1.01189,0.99694,0.96702,0.96782,1.08152,0.75809,0.77855,1.01026,0.99318,0.97642,0.99144,1.01741,0.5219,1.10795,0.55425,1.38095,1,1.07366,0.88191,1.21306,1.28349,0.69806,0.9709,0.87008,0.93363,1.33725,0.86779,1.3152,1.3007,0.95832,1.1873,1.05263,1.18356,1.04274,0.99071,1.00608,1.05474,1.02423,0.95781,1.26326,1.26327,0.99201,1.01335,1.04539,1.03968
50.1,1.01362,1.31146,0.89045,1.28984,0,1,0.92599,1.14674,0.86434,0.72793,1.30502,1.10127,1.20318,1.06235,0.39611,1.21588,0.69653,0.70296,1.106,0.90206,0.95929,0.7711,0.96894,1.00966,0.9938,0.9578,0.95864,1.08154,0.72532,0.78077,1.01885,0.99277,0.96523,0.98681,0.99481,0.49195,1.1318,0.61859,1.38095,1,1.14331,0.90328,1.22774,1.28209,0.65383,0.92123,0.86227,0.94938,1.34392,0.8783,1.29333,1.28965,0.91655,1.16614,1.06064,1.20587,1.03952,0.99249,1.01218,1.06787,1.03082,0.9578,1.27706,1.26219,0.98507,1.01414,1.06397,1.05821
50.12,1.01673,1.31637,0.88333,1.25952,0,1,0.88201,1.11528,0.84795,0.74567,1.31387,1.14263,1.20573,1.14986,0.35314,1.18424,0.77869,0.74335,1.14718,0.92805,0.95843,0.7428,0.96923,1.00227,0.99051,0.94765,0.9487,1.08603,0.70372,0.79577,1.02329,0.99282,0.95134,0.98109,0.99357,0.46892,1.13795,0.70727,1.38095,1,1.1919,0.9309,1.24015,1.27499,0.62047,0.8759,0.85908,0.84866,1.34988,0.90911,1.26001,1.27433,0.87024,1.13529,1.06176,1.22006,1.03919,0.99826,1.01838,1.0814,1.03779,0.95494,1.28511,1.25448,0.98139,1.01403,1.08486,1.07879
50.14,0.98658,1.31961,0.89526,1.20136,0.08015,1,0.8426,1.06988,0.83239,0.7749,1.32002,1.17127,1.20663,1.24865,0.31031,1.08082,0.84537,0.78361,1.18281,0.95689,0.96379,0.72634,0.96492,0.99469,0.98719,0.93709,0.93853,1.09675,0.69304,0.8243,1.02243,0.99344,0.93515,0.9744,1.01911,0.45296,1.12752,0.8217,1.37473,1,1.2239,0.96296,1.25065,1.26186,0.59455,0.83762,0.85795,0.65349,1.35525,0.97169,1.22017,1.25581,0.82019,1.09218,1.05469,1.22769,1.04419,1.01565,1.02447,1.09456,1.04477,0.94782,1.28882,1.23788,0.98211,1.01286,1.10663,1.10009
50.16,0.9396,1.32141,0.92528,1.06579,0.21952,1,0.81212,1.00536,0.81839,0.81254,1.32453,1.19067,1.20735,1.30954,0.26874,0.87124,0.87166,0.81776,1.21305,0.98704,0.97597,0.72233,0.95613,0.98595,0.98396,0.92685,0.92883,1.11363,0.6925,0.86655,1.01545,0.99467,0.91728,0.96696,1.07586,0.44382,1.09831,0.96119,1.36158,1,1.24363,0.99756,1.25919,1.2417,0.57396,0.80755,0.85703,0.4368,1.35999,1.11571,1.1994,1.23673,0.76764,1.03234,1.03772,1.22949,1.0541,1.03912,1.03026,1.10651,1.05127,0.93572,1.289,1.20725,0.98784,1.01051,1.12793,1.12089
50.18,0.87301,1.32195,0.96968,0.90151,0.42318,1,0.79456,0.96565,0.80738,0.85386,1.32785,1.20325,1.20871,1.34265,0.23042,0.67746,0.8412,0.84114,1.23817,1.0314,0.99502,0.73148,0.94538,0.97567,0.98093,0.91795,0.92054,1.13478,0.70075,0.92125,1.00182,0.99652,0.89866,0.95913,1.13671,0.44102,1.04531,1.14023,1.33424,1,1.25349,1.05478,1.26537,1.21385,0.55782,0.78588,0.85528,0.25223,1.364,1.21941,1.22315,1.22132,0.71442,0.97749,1.00833,1.22535,1.06565,1.06363,1.03553,1.1163,1.05672,0.91877,1.28616,1.15107,0.9986,1.00691,1.14759,1.14009
50.2,0.79563,1.32138,1.03646,0.81224,0.69887,1,0.79431,0.93447,0.80145,0.89174,1.33012,1.21051,1.21089,1.36105,0.19768,0.49493,0.75715,0.85118,1.25854,1.07319,1.03649,0.75492,0.93714,0.96494,0.9783,0.91172,0.91483,1.15752,0.71585,0.9845,0.9911,0.99897,0.88056,0.95143,1.18868,0.44396,0.98369,1.21036,1.26417,1,1.25362,1.09468,1.26852,1.18079,0.54623,0.77249,0.85243,0.11396,1.36719,1.27959,1.27006,1.214,0.66282,0.94239,0.98313,1.21415,1.07412,1.08624,1.04003,1.12286,1.06042,0.8979,1.28068,1.04085,1.02561,1.00206,1.16464,1.15675
50.22,0.71625,1.31979,1.09447,0.7673,0.99218,1,0.81655,0.91059,0.80294,0.91765,1.33133,1.21333,1.21363,1.37184,0.17255,0.33785,0.64032,0.84787,1.27463,1.10302,1.07892,0.79452,0.93643,0.95498,0.97626,0.90957,0.91295,1.17955,0.73552,1.07719,0.97954,1.00389,0.86424,0.9444,1.22858,0.45202,0.95095,1.23545,1.01513,1,1.24098,1.12052,1.26774,1.15222,0.53991,0.7671,0.84879,0.01554,1.3695,1.3159,1.31006,1.21647,0.61519,0.91284,0.95944,1.19299,1.07484,1.10495,1.04343,1.12506,1.06162,0.87443,1.27299,0.93408,1.05477,0.99802,1.17851,1.17034
50.24,0.64106,1.31725,1.11834,0.76459,1.16062,1,0.86747,0.89443,0.81397,0.92518,1.33139,1.21219,1.21641,1.37854,0.15655,0.21083,0.51592,0.83354,1.28701,1.12439,1.11499,0.85317,0.94733,0.94683,0.97508,0.91271,0.91601,1.19955,0.7578,1.13383,0.96712,1.01055,0.85063,0.93848,1.258,0.46465,0.93422,1.23681,0.87808,1,1.20472,1.13613,1.26172,1.14274,0.5396,0.76929,0.84501,0,1.37092,1.33867,1.33671,1.22657,0.57345,0.88879,0.93469,1.15508,1.06359,1.11886,1.04539,1.12183,1.05966,0.84966,1.26339,0.86854,1.08188,0.99456,1.18913,1.18076
50.26,0.57351,1.31376,1.11502,0.80556,1.09724,1,0.95469,0.88535,0.8361,0.91339,1.33019,1.20732,1.21862,1.38095,0.15111,0.11235,0.40245,0.81238,1.29614,1.13957,1.14472,0.93503,0.97219,0.9412,0.97499,0.92196,0.92474,1.21704,0.78155,1.16434,0.95459,1.01773,0.84014,0.93388,1.27951,0.48131,0.93668,1.21443,0.93872,1,1.10019,1.14432,1.24825,1.15733,0.54588,0.77845,0.84192,0,1.37139,1.3534,1.35338,1.23998,0.53923,0.86998,0.91002,1.08307,1.03568,1.12782,1.04553,1.11196,1.05397,0.82464,1.25196,0.82437,1.10565,0.99072,1.19679,1.18829
50.28,0.51551,1.30938,1.08118,0.89587,0.84882,1,1.1163,0.88174,0.87014,0.88775,1.3276,1.19889,1.21961,1.38095,0.15845,0.03846,0.30946,0.78978,1.3023,1.14997,1.16879,1.07171,1.02101,0.93853,0.97628,0.93766,0.93951,1.23191,0.80664,1.18068,0.94261,1.0252,0.83277,0.93062,1.29516,0.50131,0.95935,1.14577,1.18408,1,0.89259,1.14747,1.22297,1.18471,0.55904,0.79359,0.84053,0,1.37075,1.36312,1.36372,1.25262,0.5143,0.85614,0.88634,0.96729,0.9924,1.1319,1.0434,1.09387,1.0441,0.80032,1.23827,0.79736,1.12562,0.98658,1.20193,1.19336
50.3,0.46829,1.30424,0.99812,1.07257,0.63338,1,1.21305,0.88121,0.91604,0.85799,1.32343,1.18718,1.21857,1.38095,0.18278,0,0.23996,0.77158,1.30545,1.1564,1.18791,1.18101,1.09139,0.93906,0.97925,0.95967,0.96027,1.24418,0.83375,1.18901,0.93185,1.03269,0.82828,0.92858,1.30636,0.52355,1.00307,0.95647,1.28663,1,0.73886,1.14793,1.17584,1.21065,0.57913,0.81325,0.84199,0,1.36858,1.3696,1.37009,1.26174,0.50091,0.84718,0.86451,0.88414,0.96037,1.13109,1.03841,1.06527,1.02966,0.77773,1.22121,0.78255,1.14166,0.9823,1.20497,1.19641
50.32,0.43247,1.2986,0.9325,1.21211,0.47336,1,1.2612,0.88099,0.97283,0.83425,1.31736,1.17263,1.21463,1.38095,0.23225,0,0.19319,0.76295,1.30527,1.15911,1.20277,1.23661,1.14201,0.94292,0.98419,0.98746,0.98661,1.25397,0.86402,1.19295,0.9229,1.03988,0.82633,0.9276,1.31408,0.54658,1.09058,0.80441,1.32526,1,0.61755,1.14811,1.07815,1.22795,0.60607,0.83563,0.84743,0,1.36382,1.37388,1.37386,1.26578,0.50167,0.8433,0.84531,0.80947,0.92818,1.12514,1.02985,1.02242,1.01031,0.75776,1.19863,0.77526,1.1538,0.97804,1.20626,1.19785
50.34,0.40792,1.29283,0.86595,1.26958,0.36755,1,1.28801,0.87867,1.06377,0.82406,1.30888,1.1558,1.20685,1.38095,0.32344,0,0.16683,0.76724,1.30109,1.15787,1.214,1.26886,1.17681,0.95008,0.99133,1.03631,1.03258,1.26149,0.89833,1.19444,0.91621,1.0465,0.82663,0.92755,1.31902,0.56867,1.15211,0.68079,1.34299,1,0.52708,1.1501,0.93673,1.23462,0.63979,0.8591,0.85766,0,1.35365,1.37668,1.37583,1.26379,0.51929,0.84509,0.82924,0.7454,0.89902,1.11345,1.01685,0.98153,0.9931,0.74105,1.16703,0.77247,1.16227,0.974,1.20606,1.19792
50.36,0.39396,1.28748,0.8054,1.29904,0.30295,1,1.30394,0.87266,1.13677,0.83189,1.29716,1.13714,1.19425,1.38095,0.49441,0,0.15865,0.78552,1.29161,1.15181,1.22224,1.28903,1.20055,0.9604,1.00155,1.08603,1.08194,1.26707,0.9365,1.19381,0.91194,1.05227,0.82903,0.92836,1.32172,0.58804,1.19362,0.58555,1.35183,1,0.46211,1.15513,0.83991,1.22953,0.68019,0.88253,0.87291,0,1.3276,1.37841,1.37642,1.25483,0.5566,0.85362,0.81648,0.69242,0.87439,1.09503,0.99922,0.95051,0.98015,0.72784,1.12113,0.77364,1.16741,0.97037,1.20446,1.19674
50.38,0.38974,1.2832,0.75554,1.31583,0.26888,1,1.31364,0.86245,1.1818,0.86007,1.28096,1.11687,1.17593,1.38095,0.85134,0,0.16741,0.81618,1.27423,1.13917,1.22798,1.30209,1.21692,0.97346,1.02318,1.12415,1.12044,1.27095,0.97641,1.18981,0.9101,1.05688,0.83351,0.93003,1.32252,0.60278,1.22083,0.51518,1.35601,1,0.41735,1.16333,0.76061,1.20901,0.72679,0.90531,0.89259,0,1.1927,1.37934,1.37578,1.23769,0.61645,0.87049,0.80706,0.65052,0.85444,1.06852,0.98772,0.92062,0.96713,0.71816,1.05412,0.78108,1.16958,0.9674,1.20143,1.19424
50.4,0.39445,1.28076,0.71991,1.32569,0.25893,1,1.31937,0.84856,1.21048,0.90952,1.25859,1.09501,1.15141,1.38095,1.28742,0,0.1932,0.85437,1.2437,1.11655,1.23155,1.31041,1.2285,0.98854,1.045,1.15252,1.14959,1.27335,1.02471,1.17932,0.91052,1.05997,0.84015,0.93264,1.32163,0.61093,1.23739,0.46629,1.35718,1,0.38874,1.17385,0.69891,1.16182,0.77808,0.92727,0.91514,0,0.602,1.37958,1.37386,1.21158,0.70126,0.89792,0.80095,0.61981,0.83852,1.03242,0.97493,0.89363,0.95485,0.71199,0.98306,0.79972,1.16909,0.96537,1.19678,1.19024
50.42,0.40747,1.28074,0.7012,1.33116,0.27042,1,1.3223,0.8322,1.22845,0.98032,1.22788,1.07133,1.12111,1.38095,1.34084,0,0.23762,0.89242,1.18772,1.07741,1.23317,1.31513,1.23695,1.0091,1.06559,1.17275,1.1708,1.27439,1.06541,1.15641,0.913,1.06121,0.84912,0.9363,1.31911,0.61099,1.24529,0.43624,1.35583,1,0.37342,1.18538,0.65451,1.04906,0.83159,0.94848,0.93837,0,0.34683,1.37914,1.37029,1.17824,0.81236,0.93847,0.79811,0.60073,0.82578,0.99293,0.9616,0.8712,0.94415,0.70926,0.95093,0.83659,1.16616,0.96454,1.19026,1.18438
50.44,0.42831,1.28321,0.70108,1.33346,0.3043,1,1.32308,0.8148,1.23876,1.10207,1.18586,1.04542,1.08652,1.38095,1.35794,0,0.30445,0.92233,1.06975,1.00815,1.23301,1.31675,1.24323,1.03724,1.08401,1.18626,1.18542,1.27417,1.07814,1.1086,0.91731,1.06047,0.86055,0.94108,1.31493,0.60275,1.24534,0.42286,1.35165,1,0.36929,1.19673,0.62666,0.91052,0.88457,0.96911,0.96016,0,0.21796,1.37795,1.36422,1.14465,0.94981,0.99443,0.79841,0.59386,0.81562,0.96937,0.94848,0.8544,0.93567,0.70982,0.93961,0.90001,1.16091,0.96504,1.18147,1.17629
50.46,0.45653,1.28757,0.7204,1.33325,0.3659,1,1.32208,0.79783,1.24313,1.17903,1.12793,1.01688,1.04996,1.38095,1.36564,0,0.40055,0.93895,0.92149,0.95432,1.23122,1.31528,1.24769,1.05988,1.09975,1.19424,1.19461,1.2728,1.06384,1.00065,0.92328,1.05791,0.87444,0.94696,1.30896,0.58771,1.23718,0.42412,1.34323,1,0.37462,1.20698,0.61429,0.80614,0.93488,0.98921,0.97909,0,0.14735,1.37579,1.35361,1.12211,1.13598,1.09648,0.80153,0.60007,0.80802,0.94832,0.93623,0.8437,0.92979,0.71342,0.95228,0.99953,1.15331,0.96673,1.16999,1.16556
50.48,0.49126,1.29275,0.75902,1.3309,0.46688,1,1.3196,0.78282,1.24241,1.22374,1.0461,0.99319,1.01394,1.38095,1.36951,0,0.5359,0.942,0.83109,0.90514,1.22802,1.31018,1.25016,1.07736,1.11243,1.19753,1.19923,1.27038,1.01129,0.91519,0.93069,1.05408,0.89054,0.95377,1.30106,0.56898,1.21909,0.43773,1.32649,1,0.38758,1.21545,0.61634,0.71939,0.9813,1.01622,0.99465,0,0.10822,1.3723,1.33314,1.1176,1.21768,1.1628,0.807,0.62069,0.80367,0.9306,0.92558,0.83909,0.92665,0.71961,0.99248,1.15856,1.14329,0.96921,1.15547,1.15191
50.5,0.53067,1.29756,0.81536,1.32675,0.63065,1,1.31598,0.77143,1.23684,1.25089,0.96907,0.97952,0.99059,1.38095,1.3714,0.00768,0.72134,0.93593,0.76727,0.86211,1.22372,1.29993,1.25006,1.08991,1.12167,1.19667,1.19976,1.26709,0.95398,0.83354,0.9393,1.04997,0.90822,0.96115,1.29128,0.55066,1.1875,0.46066,1.28746,1,0.40589,1.22153,0.63199,0.6519,1.04134,1.04552,1.01362,0,0.08802,1.36689,1.28459,1.12645,1.25404,1.20331,0.81409,0.65793,0.80384,0.91697,0.91734,0.84032,0.92628,0.72778,1.09478,1.23188,1.13074,0.97183,1.13779,1.13538
50.52,0.57187,1.30103,0.88607,1.32128,0.90851,1,1.31165,0.76522,1.22605,1.26723,0.92387,0.96848,0.97766,1.37853,1.37213,0.07448,0.96153,0.92753,0.72623,0.82989,1.21875,1.28088,1.24661,1.09772,1.12705,1.19181,1.19634,1.26313,0.88945,0.76333,0.94891,1.0469,0.92657,0.96862,1.27998,0.53684,1.13561,0.48894,1.13175,1,0.42687,1.22473,0.66074,0.6039,1.09086,1.06647,1.03117,0,0.08005,1.35851,1.08683,1.13794,1.27207,1.22687,0.82199,0.71533,0.8099,0.90808,0.91234,0.84703,0.92863,0.73725,1.17595,1.2704,1.11543,0.97375,1.11719,1.11647
50.54,0.61165,1.30251,0.96661,1.31518,1.2489,1,1.30708,0.76538,1.20895,1.27625,0.88789,0.9606,0.9672,1.37329,1.37209,0.16894,1.20211,0.92283,0.70506,0.8112,1.21355,1.24289,1.23909,1.10099,1.12819,1.18273,1.18872,1.25866,0.81872,0.70924,0.95951,1.04629,0.94464,0.97573,1.26786,0.53078,1.04943,0.51818,0.73582,1,0.44807,1.22465,0.70248,0.57445,1.12328,1.08016,1.04447,0.00109,0.08049,1.34521,0.76454,1.14402,1.28017,1.23859,0.82992,0.79855,0.82239,0.90427,0.91126,0.85895,0.93361,0.74749,1.23099,1.29179,1.09669,0.97413,1.09418,1.09605
50.56,0.64731,1.30154,1.08014,1.30927,1.31617,1,1.3026,0.77247,1.18346,1.27989,0.8597,0.95615,0.95855,1.36593,1.37148,0.30315,1.25945,0.92542,0.70117,0.80667,1.20852,1.14709,1.22721,1.1,1.1247,1.16874,1.17623,1.25374,0.74774,0.67367,0.9714,1.04928,0.96164,0.98209,1.2558,0.53474,0.95998,0.54441,0.51825,1,0.46796,1.22099,0.75732,0.56192,1.14535,1.08748,1.05491,0.0713,0.08719,1.32261,0.62753,1.1407,1.28157,1.24125,0.83727,0.91632,0.84036,0.90542,0.91455,0.87589,0.94112,0.75824,1.26785,1.30322,1.07297,0.97226,1.06958,1.07536
50.58,0.67731,1.29762,1.15351,1.30439,1.34108,1,1.29828,0.7864,1.14621,1.27918,0.83937,0.95515,0.95175,1.35539,1.37038,0.49705,1.27812,0.93634,0.71206,0.81526,1.20405,0.9073,1.212,1.0952,1.11608,1.14861,1.15773,1.24831,0.68161,0.65877,0.98509,1.05656,0.97688,0.98736,1.24465,0.5504,0.90476,0.56465,0.38032,1,0.48631,1.21348,0.82477,0.56441,1.15973,1.08908,1.0628,0.16005,0.09896,1.27902,0.56809,1.12587,1.27757,1.23615,0.84355,1.11063,0.86073,0.91099,0.92238,0.89764,0.95095,0.76953,1.29261,1.30752,1.0413,0.9676,1.04459,1.05609
50.6,0.70136,1.28996,1.19327,1.30119,1.35344,1,1.2939,0.80644,1.09239,1.27464,0.82837,0.9575,0.94747,1.33995,1.36884,0.78352,1.2816,0.9544,0.73493,0.83453,1.20049,0.73733,1.19733,1.08719,1.10165,1.12044,1.13147,1.24219,0.62456,0.66791,1.00252,1.06814,0.98963,0.99126,1.23496,0.57921,0.86198,0.5773,0.29008,1,0.50419,1.20187,0.90251,0.57989,1.16704,1.08529,1.06762,0.26998,0.11517,1.16985,0.5559,1.09795,1.26852,1.22376,0.8484,1.22264,0.87801,0.91999,0.93468,0.92381,0.96277,0.78157,1.30918,1.30491,0.99807,0.95985,1.02112,1.04043
50.62,0.72027,1.27709,1.21669,1.29993,1.36029,1,1.28892,0.83152,1.01606,1.26638,0.82891,0.96304,0.94673,1.31683,1.36683,1.19309,1.27538,0.97688,0.76668,0.86109,1.19816,0.60947,1.19019,1.0767,1.08039,1.08127,1.09482,1.23507,0.57954,0.70653,1.03713,1.08322,0.99926,0.99357,1.2268,0.62279,0.83013,0.58216,0.23142,1,0.52363,1.18584,0.98551,0.60655,1.16669,1.07603,1.06843,0.40164,0.13563,0.90129,0.57739,1.05565,1.25433,1.20413,0.85151,1.27177,0.8857,0.93129,0.95115,0.95383,0.97613,0.79475,1.32001,1.29272,0.96947,0.94906,1.00157,1.03053
50.64,0.7355,1.25616,1.23076,1.30044,1.36415,1,1.28265,0.86073,0.96492,1.25393,0.84322,0.97166,0.95047,1.28125,1.36429,1.29084,1.25979,1.0011,0.80439,0.89138,1.19727,0.51484,1.19634,1.06429,1.05082,1.02612,1.04357,1.22635,0.54801,0.7826,1.07101,1.10027,1.01065,0.99424,1.21987,0.68319,0.80781,0.58021,0.19501,1,0.5469,1.16468,1.09592,0.64345,1.15709,1.06066,1.06425,0.55192,0.16048,0.75221,0.62653,0.99924,1.23438,1.17713,0.85267,1.29814,0.8791,0.94398,0.97129,0.98702,0.99051,0.80979,1.32667,1.26128,0.93719,0.93581,0.99419,1.02754
50.66,0.74858,1.2212,1.23876,1.30226,1.36617,1,1.27431,0.89377,0.93328,1.23575,0.8731,0.98331,0.95919,1.2246,1.3611,1.31917,1.23146,1.0399,0.84587,0.92245,1.19793,0.44563,1.21428,1.05009,1.01099,0.97675,0.98663,1.21506,0.53053,0.90692,1.10364,1.11728,1.01624,0.99352,1.21362,0.76271,0.79384,0.57313,0.17485,1,0.5759,1.13674,1.15229,0.69121,1.13518,1.03778,1.05415,0.71351,0.19008,0.66296,0.70156,0.97024,1.20731,1.1425,0.85181,1.31382,0.85785,0.95767,0.99433,1.03995,1.01029,0.82765,1.33007,1.16819,0.90113,0.92131,0.99104,1.03073
50.68,0.76087,1.15849,1.24224,1.30476,1.36696,1,1.26311,0.93091,0.91382,1.20823,0.91972,0.99798,0.97288,1.12986,1.35714,1.33152,1.18083,1.06568,0.88963,0.95204,1.20008,0.39613,1.23661,1.03367,0.98173,0.94221,0.95205,1.19963,0.52761,1.11945,1.13426,1.13214,1.01719,0.99193,1.2075,0.86264,0.78744,0.56314,0.1668,1,0.61176,1.09877,1.17858,0.75243,1.09488,1.00494,1.03734,0.87577,0.22482,0.60913,0.80311,0.94812,1.17049,1.10023,0.84895,1.3236,0.82631,0.97251,1.03415,1.08829,1.03546,0.84955,1.33063,0.88697,0.86172,0.90746,0.99049,1.03763
50.7,0.77333,1.03097,1.24181,1.30731,1.36687,1,1.24833,0.97282,0.90685,1.16279,0.9832,1.02853,0.99096,0.98167,1.35224,1.33741,1.08107,1.08077,0.9348,0.97857,1.20355,0.3627,1.2565,1.01389,0.95988,0.91205,0.92308,1.17744,0.54039,1.22927,1.16208,1.14284,1.01561,0.9902,1.20102,0.9807,0.78825,0.55266,0.16774,1,0.65437,1.0444,1.18686,0.83206,1.02332,0.9813,1.0131,1.04678,0.26473,0.57876,0.93243,0.93394,1.11895,1.05107,0.84424,1.32964,0.79195,0.9891,1.06901,1.12251,1.05506,0.87683,1.32818,0.69856,0.82004,0.8967,0.9914,1.04484
50.72,0.78663,0.91885,1.23733,1.30936,1.36615,1,1.22931,1.03663,0.91291,1.07509,1.09212,1.05938,1.02325,0.90787,1.34628,1.33975,0.94236,1.08665,0.98095,1.00217,1.20811,0.34315,1.27076,0.99455,0.94185,0.88818,0.90181,1.14371,0.57127,1.27078,1.18658,1.14775,1.01365,0.98914,1.19378,1.13405,0.79642,0.54402,0.17506,1,0.70258,0.9821,1.1797,0.93829,0.95781,0.9583,0.99088,1.1654,0.30945,0.56569,1.11865,0.92813,1.04264,0.99854,0.83784,1.33298,0.76253,1.01603,1.09382,1.1456,1.06868,0.91093,1.32182,0.58251,0.77757,0.89153,0.9925,1.04913
50.74,0.8014,0.84798,1.22779,1.3105,1.365,1,1.20519,1.10486,0.93269,0.94583,1.16481,1.08761,1.06014,0.86167,1.33905,1.33957,0.855,1.08405,1.04819,1.03457,1.2136,0.33602,1.27873,0.98005,0.92864,0.87293,0.89048,1.08836,0.62455,1.28752,1.20761,1.14562,1.01311,0.98937,1.18532,1.20009,0.81276,0.5391,0.18664,1,0.75501,0.93898,1.15317,1.1133,0.90522,0.93417,0.97418,1.20948,0.35853,0.56673,1.21298,0.93071,0.96701,0.97505,0.82984,1.33416,0.74392,1.05356,1.11014,1.15883,1.07568,0.95342,1.30919,0.52352,0.73578,0.8938,0.99281,1.04821
50.76,0.81839,0.79882,1.21072,1.31048,1.36355,1,1.17448,1.15374,0.96692,0.84939,1.20946,1.11281,1.09116,0.83177,1.33026,1.3371,0.78742,1.07309,1.10554,1.05535,1.21988,0.34026,1.28038,0.96329,0.92018,0.86937,0.89166,0.99328,0.70743,1.29062,1.22523,1.13536,1.01489,0.99116,1.17499,1.23208,0.83883,0.53916,0.20084,1,0.81082,0.89637,1.09159,1.21722,0.8571,0.90958,0.95748,1.23133,0.41186,0.58046,1.2556,0.94128,0.91701,0.95818,0.82024,1.33346,0.73982,1.0895,1.11987,1.16177,1.07496,1.01118,1.28378,0.51164,0.69615,0.90429,0.9918,1.04085
50.78,0.83844,0.76481,1.18053,1.30912,1.36192,1,1.13437,1.18984,1.02919,0.76168,1.23853,1.13477,1.11672,0.81159,1.31938,1.33203,0.73644,1.05353,1.14452,1.06845,1.22683,0.35487,1.27503,0.94404,0.91547,0.88182,0.90876,0.92728,0.83145,1.28216,1.23951,1.1158,1.01885,0.99441,1.16191,1.24995,0.87703,0.54503,0.21632,1,0.86992,0.85508,0.97299,1.26804,0.81479,0.88532,0.94139,1.24394,0.46974,0.60665,1.27876,0.95887,0.87356,0.94671,0.80898,1.33099,0.75277,1.12336,1.12506,1.15124,1.0643,1.09864,1.22277,0.54335,0.66036,0.92262,0.98953,1.02677
50.8,0.86233,0.73913,1.12281,1.30621,1.36022,1,1.07947,1.21676,1.10883,0.68585,1.258,1.15327,1.13737,0.79756,1.3056,1.32335,0.6997,1.02515,1.17187,1.07617,1.23431,0.37872,1.26,0.92245,0.91272,0.91697,0.94681,0.8644,1.02773,1.25832,1.25047,1.08578,1.02395,0.99864,1.14488,1.26168,0.93082,0.55723,0.23201,1,0.93291,0.8164,0.88081,1.29682,0.77926,0.86243,0.92647,1.25187,0.5327,0.64605,1.29227,0.98182,0.83675,0.93963,0.7961,1.3268,0.78516,1.15439,1.12802,1.11734,1.0391,1.15645,0.98087,0.62135,0.63031,0.94715,0.98656,1.00682
50.82,0.89087,0.71547,0.99391,1.30148,1.35854,1,0.99914,1.23679,1.16395,0.62398,1.27103,1.16826,1.15367,0.78805,1.28757,1.30875,0.6756,0.99425,1.19098,1.07991,1.24212,0.41042,1.22725,0.89896,0.90959,0.98579,1.0254,0.8073,1.21747,1.20317,1.25813,1.04436,1.02885,1.00629,1.12216,1.27138,1.00983,0.57619,0.24708,1,1.00243,0.78163,0.7943,1.31427,0.75113,0.84196,0.91322,1.2569,0.60148,0.70035,1.30002,1.01525,0.80703,0.93611,0.78171,1.32089,0.84031,1.18197,1.13133,1.02524,0.99472,1.19576,0.74818,0.75551,0.6078,0.97532,0.98363,0.99188
50.84,0.92501,0.68928,0.89,1.29442,1.35693,1,0.95036,1.2517,1.20203,0.57656,1.2795,1.17994,1.16625,0.78266,1.26274,1.28252,0.66304,0.97552,1.2039,1.08046,1.24998,0.44867,1.14796,0.87423,0.9035,1.13319,1.14366,0.7573,1.28006,1.04063,1.26259,0.9956,1.03262,1.01441,1.09087,1.28107,1.13219,0.60258,0.26111,1,1.10746,0.75146,0.71818,1.32514,0.73053,0.82465,0.90196,1.25964,0.67749,0.77223,1.30376,1.05849,0.7847,0.93558,0.76613,1.31318,0.92368,1.20585,1.13758,0.91251,0.95756,1.22321,0.58219,0.96799,0.59409,1.00871,0.98133,0.98116
50.86,0.96584,0.65864,0.78854,1.28415,1.35538,1,0.90322,1.26288,1.22857,0.54299,1.28459,1.18864,1.17574,0.78185,1.22573,1.22707,0.66116,0.95848,1.21196,1.07817,1.25756,0.4924,0.94063,0.84913,0.89201,1.22611,1.21894,0.71443,1.31032,0.84817,1.26395,0.96927,1.0351,1.0212,1.04592,1.2912,1.20341,0.63742,0.27416,1,1.17057,0.72587,0.65419,1.33182,0.71714,0.81088,0.89278,1.26005,0.76325,0.86518,1.3043,1.09097,0.76973,0.93775,0.74993,1.30351,1.07058,1.22599,1.14878,0.79382,0.91168,1.24291,0.46207,1.22162,0.5898,1.05473,0.9798,0.97198
50.88,1.02649,0.62435,0.69448,1.26915,1.35386,1,0.85627,1.27138,1.24707,0.52253,1.28705,1.19472,1.18268,0.78687,1.16354,1.05383,0.66937,0.94374,1.21597,1.07301,1.2645,0.54067,0.77578,0.82491,0.87302,1.28061,1.26711,0.67816,1.32755,0.71505,1.26222,0.9471,1.03688,1.02678,0.98959,1.30125,1.24801,0.68196,0.28674,1,1.21375,0.70442,0.60279,1.33555,0.71037,0.80077,0.88565,1.25751,0.86219,0.98247,1.3019,1.11499,0.76194,0.94256,0.73402,1.29157,1.19267,1.24244,1.16571,0.66872,0.85935,1.25741,0.37451,1.28974,0.59524,1.08692,0.97869,0.96429
50.9,1.10081,0.58917,0.61183,1.24676,1.35223,1,0.80883,1.27791,1.25957,0.51485,1.28736,1.19845,1.18746,0.79984,1.03637,0.82613,0.68728,0.93162,1.21636,1.06458,1.27037,0.59232,0.63896,0.80313,0.84523,1.31395,1.29848,0.64792,1.33811,0.61636,1.25722,0.92905,1.03918,1.03166,0.95194,1.31039,1.27709,0.73742,0.29977,1,1.24555,0.68659,0.56428,1.33689,0.7095,0.79436,0.88053,1.25063,0.97814,1.14538,1.29636,1.13244,0.76118,0.95018,0.71964,1.27706,1.25223,1.25525,1.18751,0.54779,0.80384,1.26824,0.31148,1.31846,0.61054,1.10965,0.97724,0.95746
50.92,1.15243,0.55643,0.54274,1.21181,1.35036,1,0.76109,1.28294,1.26725,0.52023,1.2858,1.2,1.19035,0.82344,0.91111,0.68354,0.71475,0.92229,1.21319,1.05224,1.27485,0.64585,0.53019,0.78538,0.8085,1.33511,1.3192,0.62324,1.34469,0.54554,1.24848,0.91478,1.04345,1.03648,0.91472,1.31799,1.29651,0.80491,0.31433,1,1.26986,0.67199,0.53887,1.33596,0.71384,0.79166,0.87734,1.23672,1.13841,1.21693,1.28701,1.1447,0.76738,0.96081,0.70805,1.25968,1.28575,1.26453,1.21194,0.43895,0.74913,1.27634,0.26782,1.33333,0.63595,1.12581,0.97451,0.95058
50.94,1.18942,0.52881,0.48733,1.15272,1.34809,1,0.71404,1.28672,1.27083,0.53942,1.28248,1.19944,1.19152,0.86058,0.82141,0.58593,0.75185,0.91575,1.20625,1.03526,1.27778,0.69975,0.44723,0.77283,0.76424,1.34888,1.33284,0.60368,1.34863,0.49715,1.23503,0.90375,1.05085,1.04184,0.87898,1.32382,1.30969,0.88538,0.33142,1,1.28869,0.66045,0.5265,1.33249,0.72279,0.79263,0.87602,1.21035,1.21358,1.25268,1.27237,1.15273,0.78043,0.97451,0.70015,1.23917,1.306,1.27057,1.23629,0.3469,0.69964,1.28235,0.23979,1.34164,0.67197,1.13732,0.96965,0.94283
50.96,1.21659,0.50803,0.44443,1.03778,1.34529,1,0.66938,1.28935,1.27073,0.57349,1.27741,1.19685,1.19106,0.91398,0.7476,0.52077,0.79878,0.91193,1.19512,1.01316,1.27918,0.75269,0.38774,0.76604,0.71534,1.3579,1.34143,0.58887,1.35071,0.46693,1.21516,0.89548,1.06174,1.04805,0.84551,1.3279,1.31872,0.97915,0.3516,1,1.30319,0.65214,0.52685,1.32578,0.73582,0.79714,0.87654,1.15832,1.25346,1.27247,1.24956,1.15723,0.80009,0.99092,0.69629,1.21526,1.31842,1.27367,1.25836,0.27389,0.66022,1.28667,0.22442,1.34624,0.71935,1.14547,0.96218,0.93366
50.98,1.23675,0.4953,0.41268,0.92627,1.34193,1,0.62958,1.29073,1.26709,0.62344,1.2705,1.19225,1.18902,0.9855,0.68773,0.47988,0.85526,0.91072,1.17927,0.99335,1.27919,0.80337,0.35082,0.76508,0.66581,1.36359,1.34585,0.57865,1.35138,0.45178,1.18603,0.88955,1.07563,1.05514,0.81516,1.33028,1.32484,1.1135,0.37466,1,1.31405,0.64765,0.53939,1.3144,0.75236,0.80492,0.87882,1.03783,1.27751,1.28356,1.21277,1.15863,0.82567,1.01719,0.69625,1.18781,1.3254,1.2741,1.27683,0.22112,0.6366,1.28955,0.21938,1.34839,0.77859,1.15108,0.95206,0.92295
51,1.25153,0.49188,0.39108,0.85193,1.33814,1,0.59761,1.29061,1.25983,0.68962,1.26169,1.18574,1.18534,1.10498,0.64116,0.45832,0.91982,0.91201,1.15825,0.98053,1.27803,0.85025,0.33802,0.76976,0.62004,1.36668,1.34593,0.57311,1.35093,0.4497,1.14304,0.88569,1.09136,1.06286,0.789,1.3309,1.32875,1.18326,0.39928,1,1.32166,0.64805,0.56342,1.29561,0.77169,0.81556,0.88282,0.90576,1.2927,1.28905,1.14955,1.15713,0.85583,1.04689,0.69945,1.15719,1.3277,1.27199,1.29125,0.1899,0.63611,1.29107,0.22276,1.34868,0.84923,1.15462,0.93972,0.91101
51.02,1.26189,0.49922,0.37903,0.79841,1.33428,1,0.57631,1.28853,1.24862,0.77134,1.25091,1.17737,1.17991,1.17716,0.60795,0.45341,0.98944,0.91574,1.13191,0.96984,1.27595,0.89174,0.35382,0.77974,0.58181,1.3674,1.33982,0.5726,1.34956,0.4595,1.07851,0.88377,1.10761,1.07079,0.76819,1.32956,1.33086,1.21864,0.42294,1,1.32626,0.65475,0.5982,1.26357,0.793,0.82856,0.88854,0.80636,1.30209,1.29027,1.02773,1.15275,0.88865,1.06871,0.7051,1.12455,1.32485,1.2673,1.30174,0.18237,0.66821,1.29121,0.233,1.34731,0.92937,1.15635,0.92587,0.89841
51.04,1.26844,0.51908,0.37612,0.76499,1.33093,1,0.56785,1.28382,1.23272,0.8673,1.23803,1.16715,1.17248,1.21925,0.5881,0.46402,1.08922,0.92187,1.10039,0.96239,1.27315,0.92692,0.40717,0.79478,0.55354,1.36543,1.32022,0.57754,1.34736,0.48068,0.98977,0.88372,1.12332,1.07852,0.75382,1.32576,1.33136,1.23661,0.44246,1,1.32799,0.66935,0.64321,1.2031,0.81562,0.84354,0.896,0.72551,1.30722,1.28762,0.92419,1.14523,0.9221,1.08257,0.7125,1.09153,1.31453,1.25974,1.30873,0.20281,0.74587,1.28985,0.249,1.3442,1.02918,1.15639,0.91127,0.88579
51.06,1.27146,0.55351,0.38202,0.75011,1.32875,1,0.57378,1.27543,1.21077,0.97603,1.22272,1.15496,1.16261,1.24527,0.58143,0.49013,1.14668,0.93041,1.06416,0.95874,1.26974,0.95616,0.51574,0.81478,0.53658,1.35936,1.24316,0.58837,1.34435,0.51301,0.9393,0.88553,1.13779,1.08572,0.74684,1.31863,1.33034,1.24381,0.45462,1,1.32678,0.69351,0.69823,1.05837,0.83914,0.86022,0.90532,0.66259,1.30887,1.28087,0.85546,1.13409,0.95444,1.089,0.72123,1.05928,1.28956,1.24861,1.31266,0.26085,0.88883,1.28681,0.27016,1.33905,1.13073,1.15476,0.89662,0.87373
51.08,1.27084,0.60483,0.39631,0.75181,1.32839,1,0.59547,1.26161,1.18067,1.12325,1.20449,1.1406,1.14972,1.26169,0.58788,0.53243,1.17918,0.94137,1.02435,0.95891,1.26569,0.98123,0.7155,0.83965,0.53195,1.34449,0.7566,0.60547,1.34048,0.55604,0.8993,0.88917,1.1505,1.09206,0.74829,1.30646,1.32782,1.24301,0.45664,1,1.32213,0.72892,0.76286,0.88598,0.86332,0.87837,0.91656,0.61609,1.30728,1.26913,0.80589,1.11855,0.98418,1.08869,0.73118,1.02724,1.22198,1.23274,1.31369,0.37852,1.1472,1.28181,0.29618,1.33134,1.18162,1.15143,0.88268,0.86285
51.1,1.26592,0.67545,0.41846,0.76783,1.33018,1,0.63458,1.23907,1.13942,1.19499,1.18264,1.12389,1.13305,1.27161,0.60772,0.59186,1.19746,0.95464,0.992,0.96253,1.26089,1.00987,1.11174,0.86922,0.54101,1.2985,0.45147,0.6291,1.33565,0.6083,0.86977,0.89462,1.16101,1.09719,0.75947,1.28579,1.32376,1.23519,0.44671,1,1.31278,0.77728,0.83573,0.77803,0.88794,0.8977,0.92975,0.58486,1.30215,1.25073,0.77343,1.09755,1.01892,1.08232,0.74244,0.99613,0.9486,1.21016,1.31165,0.60981,1.25828,1.27447,0.32695,1.32035,1.20969,1.1463,0.87029,0.85386
51.12,1.25517,0.76799,0.44786,0.79554,1.33403,1,0.69349,1.20064,1.08304,1.23232,1.15617,1.10463,1.1115,1.27655,0.64183,0.66967,1.20605,0.97009,0.97606,0.96896,1.25501,1.05381,1.28501,0.90341,0.5659,0.89358,0.29685,0.65953,1.32968,0.66703,0.85076,0.90186,1.16903,1.1008,0.78193,1.2484,1.31803,1.22029,0.42443,1,1.29571,0.84051,0.91416,0.69952,0.91284,0.91791,0.94487,0.56831,1.2925,1.22254,0.7568,1.06947,1.05232,1.07041,0.75551,0.97656,0.72792,1.17716,1.30574,1.14064,1.29768,1.26421,0.36248,1.30517,1.22479,1.13922,0.86027,0.84743
51.14,1.23552,0.88601,0.48422,0.83185,1.33943,1,0.77593,1.12706,1.00601,1.25427,1.12324,1.0824,1.08325,1.27711,0.69206,0.76809,1.2069,0.98759,0.96499,0.97757,1.24733,1.09683,1.32314,0.9428,0.61005,0.50032,0.22009,0.69723,1.3223,0.72872,0.84198,0.91082,1.17446,1.10268,0.81717,1.1684,1.31038,1.19765,0.39109,1,1.26295,0.92116,0.99468,0.64248,0.93817,0.93888,0.96201,0.56638,1.27596,1.17799,0.75512,1.03169,1.07265,1.05318,0.77151,0.95271,0.59594,1.12532,1.29411,1.31574,1.31443,1.25001,0.40304,1.28471,1.23112,1.13003,0.8532,0.84405
51.16,1.20051,1.05779,0.52785,0.8727,1.34559,1,0.88741,0.97583,0.96123,1.2681,1.08014,1.0563,1.04514,1.27324,0.76143,0.89123,1.20057,1.01354,0.95827,0.98786,1.2364,1.14105,1.3376,0.98904,0.67856,0.31512,0.19045,0.7429,1.31307,0.79006,0.84266,0.92132,1.17739,1.10281,0.86619,0.96172,1.30024,1.16668,0.34944,1,1.18679,1.03989,1.10361,0.60115,0.96449,0.96074,0.98134,0.57949,1.247,1.10109,0.76751,0.99044,1.08403,1.03043,0.79235,0.92132,0.5216,1.03112,1.27239,1.34739,1.32048,1.23018,0.44919,1.25749,1.23064,1.11859,0.84927,0.84382
51.18,1.13507,1.19421,0.57952,0.91222,1.35179,1,1.05736,0.86691,0.92795,1.27719,1.01923,1.02489,0.99592,1.26415,0.85391,1.07207,1.18681,1.04856,0.95515,0.99941,1.21948,1.18502,1.34332,1.0715,0.77871,0.21581,0.1948,0.79714,1.30136,0.84844,0.85143,0.93298,1.17805,1.10129,0.9286,0.81102,1.28664,1.12918,0.30326,1,0.95394,1.1598,1.16001,0.57126,0.99269,0.98382,1.00599,0.60859,1.19074,0.97536,0.7928,0.96309,1.08908,1.00159,0.82085,0.8798,0.48645,0.93669,1.22885,1.35971,1.3196,1.2018,0.50154,1.22143,1.22429,1.10493,0.84837,0.84655
51.2,0.99833,1.25015,0.64036,0.94222,1.35747,1,1.19481,0.77496,0.90213,1.28333,0.96866,0.99325,0.96514,1.24799,0.97388,1.20149,1.1647,1.0784,0.95475,1.02206,1.19084,1.22574,1.34441,1.13829,0.92031,0.16166,0.22805,0.86,1.2863,0.90226,0.86627,0.94516,1.17675,1.09841,1.00246,0.69856,1.26788,1.09386,0.2564,1,0.7751,1.21968,1.19217,0.54971,1.04184,1.01608,1.047,0.65529,1.05157,0.89334,0.82914,0.93623,1.08972,0.98449,0.8609,0.82695,0.47929,0.85606,1.11972,1.36548,1.31277,1.15985,0.56025,1.17335,1.21262,1.0895,0.85013,0.8517
51.22,0.90777,1.27924,0.71187,0.95393,1.36239,1,1.25044,0.70036,0.88286,1.28752,0.92666,0.97307,0.93414,1.22072,1.14583,1.25606,1.13271,1.10327,0.95616,1.04299,1.13619,1.2607,1.3423,1.18762,1.13966,0.13625,0.28908,0.93098,1.26678,0.95101,0.88465,0.95705,1.17381,1.09451,1.10729,0.61588,1.24085,1.078,0.21195,1,0.64859,1.25397,1.2117,0.53429,1.08811,1.05803,1.08196,0.72226,0.88362,0.82367,0.87411,0.91079,1.08745,0.9684,0.91756,0.76365,0.49297,0.77563,0.89998,1.368,1.29945,1.09459,0.62494,1.10777,1.19633,1.07312,0.85406,0.85858
51.24,0.84092,1.29598,0.79653,0.94187,1.36648,1,1.27859,0.642,0.86938,1.29037,0.88345,0.95288,0.90334,1.17249,1.22352,1.28589,1.08814,1.12363,0.95856,1.06134,1.0064,1.28883,1.33738,1.22486,1.2399,0.13264,0.3793,1.01834,1.24108,0.99516,0.90391,0.96793,1.16949,1.08991,1.16022,0.55676,1.19885,1.09431,0.17167,1,0.56127,1.27509,1.22361,0.52348,1.12693,1.09266,1.11174,0.81407,0.7676,0.76438,0.9253,0.88747,1.08355,0.95302,0.99724,0.693,0.52287,0.69702,0.75373,1.36835,1.27772,0.99187,0.69509,1.01361,1.17661,1.05683,0.85969,0.86657
51.26,0.79686,1.3059,0.89826,0.907,1.36983,1,1.29412,0.59792,0.86111,1.29221,0.83852,0.93288,0.87303,1.07413,1.26272,1.3047,1.02581,1.14009,0.96129,1.07707,0.89226,1.31041,1.32937,1.25308,1.28269,0.14846,0.50207,1.1241,1.2062,1.05936,0.92154,0.97736,1.16399,1.08487,1.18797,0.51654,1.1248,1.13465,0.13641,1,0.5033,1.28859,1.23032,0.51634,1.1603,1.12151,1.13719,0.93818,0.67755,0.7133,0.98096,0.86672,1.079,0.93878,1.13312,0.61979,0.56615,0.6228,0.64394,1.3668,1.24339,0.9276,0.77047,0.9513,1.15557,1.0416,0.86663,0.87518
51.28,0.77387,1.31143,1.0399,0.85669,1.37249,1,1.30258,0.56615,0.85765,1.29318,0.79185,0.91351,0.84359,0.93481,1.28515,1.31774,0.97278,1.15312,0.96386,1.09015,0.78652,1.32637,1.3174,1.27416,1.30512,0.18393,0.66115,1.18273,1.15663,1.10385,0.93521,0.98514,1.15746,1.07957,1.20073,0.49207,0.982,1.17962,0.10656,1,0.46802,1.29727,1.23299,0.51251,1.18923,1.14538,1.15891,1.13124,0.60972,0.6685,1.06513,0.84891,1.07462,0.92612,1.20784,0.54948,0.62078,0.55616,0.56381,1.36318,1.18818,0.87072,0.85102,0.9055,1.13682,1.02817,0.87456,0.88405
51.3,0.77063,1.31369,1.17498,0.80161,1.37454,1,1.30634,0.54518,0.85892,1.29327,0.74402,0.89554,0.8156,0.83711,1.29837,1.32736,0.93551,1.163,0.96594,1.10044,0.69252,1.33781,1.2999,1.28943,1.3176,0.24054,0.85719,1.22,1.08169,1.13526,0.94281,0.99123,1.15,1.07413,1.20245,0.48165,0.88316,1.21677,0.08251,1,0.45142,1.30259,1.23202,0.51214,1.21423,1.16466,1.17728,1.22773,0.56192,0.6286,1.12869,0.83451,1.07099,0.91557,1.25188,0.48698,0.68457,0.50024,0.5091,1.35687,1.0953,0.82005,0.93632,0.86664,1.1253,1.01703,0.88324,0.893
51.32,0.78666,1.31303,1.23604,0.7517,1.37602,1,1.30636,0.53391,0.86517,1.29236,0.69586,0.87984,0.78966,0.75504,1.30552,1.33479,0.90168,1.16986,0.96737,1.10778,0.61396,1.34579,1.27415,1.29994,1.32403,0.32009,1.11176,1.24578,0.98112,1.15893,0.94264,0.99567,1.14135,1.06841,1.19376,0.48474,0.7987,1.24306,0.06445,1,0.45136,1.30531,1.22708,0.51574,1.23568,1.17964,1.19264,1.27253,0.53304,0.59272,1.1705,0.82399,1.06846,0.90771,1.27923,0.43545,0.75483,0.45725,0.47727,1.3467,0.97035,0.77458,1.04436,0.83276,1.12558,1.00858,0.89282,0.90223
51.34,0.82247,1.30928,1.27052,0.71379,1.37698,1,1.30282,0.53133,0.87707,1.29025,0.64799,0.86698,0.76599,0.68776,1.30798,1.3407,0.87066,1.17381,0.96819,1.11215,0.55146,1.3512,1.23505,1.30656,1.32607,0.42406,1.2241,1.26479,0.9219,1.17803,0.9338,0.99838,1.13033,1.06171,1.17241,0.50176,0.72649,1.25965,0.05237,1,0.46701,1.30593,1.21697,0.52392,1.25406,1.19081,1.20543,1.29756,0.52255,0.56019,1.20026,0.81774,1.067,0.90289,1.29681,0.39584,0.82873,0.42798,0.46661,1.33048,0.90727,0.73332,1.14033,0.80192,1.13887,1.00324,0.90433,0.91281
51.36,0.87932,1.30174,1.29257,0.69187,1.37748,1,1.29536,0.53633,0.89582,1.28674,0.60081,0.8571,0.74441,0.63335,1.30616,1.34552,0.84177,1.17494,0.96867,1.11367,0.50372,1.35473,1.17164,1.30995,1.32431,0.55306,1.26075,1.27954,0.87243,1.1948,0.9165,0.99916,1.11397,1.05246,1.1317,0.53394,0.6644,1.26817,0.04603,1,0.4983,1.30473,1.19893,0.53721,1.26987,1.1988,1.2162,1.31309,0.53035,0.53062,1.22274,0.81593,1.06612,0.90119,1.30834,0.36763,0.90382,0.41224,0.47584,1.30367,0.86803,0.69529,1.19155,0.77177,1.16191,1.0017,0.92012,0.92703
51.38,0.95844,1.28885,1.30779,0.68893,1.37755,1,1.28311,0.54739,0.92309,1.28159,0.55484,0.84996,0.72449,0.58977,1.29965,1.34946,0.8146,1.17332,0.96933,1.11261,0.46901,1.35685,1.0548,1.3105,1.31871,0.70541,1.27572,1.29141,0.83008,1.21085,0.8921,0.99756,1.08598,1.03788,1.05478,0.58319,0.61078,1.26926,0.04521,1,0.54521,1.30204,1.16669,0.55591,1.28347,1.20428,1.22546,1.32339,0.55694,0.50397,1.24047,0.81853,1.06493,0.90237,1.31588,0.34972,0.97846,0.40964,0.50377,1.25575,0.84644,0.65979,1.22368,0.73979,1.18906,1.00487,0.94406,0.94857
51.4,1.08893,1.2675,1.31878,0.70853,1.37718,1,1.26473,0.56249,0.96107,1.2746,0.511,0.84515,0.70589,0.55541,1.28697,1.35265,0.78909,1.16892,0.97085,1.10936,0.44597,1.35783,0.93133,1.30826,1.30878,0.87518,1.28104,1.30117,0.79297,1.22708,0.86288,0.99298,1.03165,1.01318,0.959,0.6519,0.56468,1.26176,0.04983,1,0.60679,1.29822,1.10394,0.58002,1.29503,1.20784,1.23359,1.33046,0.60355,0.48065,1.25474,0.82546,1.06216,0.90598,1.32053,0.34113,1.0799,0.42012,0.54861,1.15694,0.83769,0.62658,1.24595,0.70374,1.2154,1.01374,0.98192,0.9828
51.42,1.17718,1.23075,1.32691,0.75607,1.37638,1,1.23837,0.57939,1.02269,1.26551,0.47082,0.84227,0.68877,0.52899,1.26457,1.35513,0.76553,1.16158,0.97399,1.10427,0.43367,1.35783,0.85318,1.30293,1.29362,1.07874,1.28094,1.30928,0.75976,1.24372,0.83136,0.98468,0.9626,0.98587,0.89188,0.74317,0.52554,1.24098,0.06001,1,0.68046,1.29375,0.97927,0.60926,1.30462,1.20992,1.24065,1.33536,0.6725,0.46125,1.26628,0.83663,1.05629,0.91151,1.32292,0.34111,1.14503,0.44425,0.60743,0.95556,0.83787,0.59569,1.2625,0.66225,1.23831,1.02898,1.0681,1.06177
51.44,1.22419,1.15945,1.333,0.83999,1.37507,1,1.20159,0.59638,1.108,1.254,0.4365,0.84124,0.67422,0.50931,1.22331,1.35696,0.74438,1.15078,0.97939,1.09752,0.43145,1.35691,0.78956,1.29364,1.2718,1.19282,1.2773,1.31606,0.72932,1.26038,0.79967,0.97196,0.89159,0.95681,0.8347,0.86141,0.49284,1.19199,0.07608,1,0.76213,1.28903,0.88195,0.64325,1.31214,1.21065,1.24637,1.33876,0.76801,0.44611,1.27553,0.8522,1.04578,0.91862,1.32334,0.34915,1.18512,0.48351,0.67637,0.84564,0.84391,0.56717,1.27549,0.61519,1.25714,1.05046,1.15448,1.14533
51.46,1.2517,0.98911,1.33759,0.97338,1.37318,1,1.1512,0.61296,1.16668,1.23965,0.41106,0.84244,0.66458,0.49512,1.13369,1.35823,0.72629,1.13551,0.98742,1.08893,0.43878,1.35506,0.73443,1.27866,1.24114,1.2333,1.2711,1.32176,0.70066,1.27634,0.76928,0.95427,0.80612,0.91889,0.78867,1.02408,0.46597,1.04847,0.09852,1,0.84673,1.28419,0.78936,0.6815,1.31735,1.20979,1.25002,1.34108,0.89705,0.43529,1.28272,0.87268,1.02908,0.92733,1.32194,0.36487,1.21337,0.54044,0.75113,0.78068,0.85355,0.54099,1.28619,0.56385,1.27221,1.07706,1.21897,1.2099
51.48,1.26841,0.86337,1.34102,1.17461,1.37063,1,1.08381,0.63014,1.20636,1.22211,0.39873,0.84678,0.66361,0.48516,0.94318,1.35899,0.7122,1.11398,0.99809,1.07792,0.45505,1.35225,0.68367,1.25462,1.19854,1.25111,1.26288,1.32654,0.6731,1.29083,0.7413,0.93144,0.71075,0.87237,0.7539,1.18814,0.44451,0.85931,0.1276,1,0.92852,1.2789,0.70843,0.72303,1.31978,1.20664,1.25038,1.34265,1.09918,0.42864,1.28792,0.89883,1.00466,0.93799,1.31873,0.38769,1.23538,0.61827,0.8271,0.74432,0.8652,0.5173,1.29532,0.51079,1.28407,1.1068,1.26529,1.25737
51.5,1.27822,0.76563,1.34347,1.25391,1.36734,1,0.99895,0.65034,1.2321,1.20143,0.40559,0.85566,0.6767,0.47827,0.81265,1.35928,0.70341,1.08318,1.02074,1.06342,0.47942,1.34844,0.63488,1.21477,1.14018,1.25847,1.25292,1.33047,0.64636,1.30331,0.71674,0.90378,0.61178,0.81874,0.73033,1.24955,0.42839,0.72096,0.16291,1,1.00298,1.27231,0.64486,0.76586,1.31844,1.19992,1.24541,1.34371,1.21909,0.42598,1.29101,0.93157,0.98663,0.9512,1.31368,0.41656,1.25367,0.72021,0.89944,0.72749,0.87781,0.4965,1.30328,0.45919,1.29322,1.13729,1.29796,1.29136
51.52,1.28295,0.69201,1.34502,1.29054,1.36332,1,0.96046,0.67681,1.24728,1.17858,0.44036,0.8706,0.71049,0.4735,0.71253,1.35915,0.70142,1.03776,1.04462,1.04387,0.51079,1.34366,0.58726,1.14352,1.06261,1.2596,1.24132,1.33358,0.62043,1.31351,0.69649,0.87235,0.51579,0.76068,0.71798,1.28011,0.41777,0.61619,0.20302,1,1.09,1.26299,0.60217,0.80689,1.31132,1.18776,1.23162,1.34443,1.26826,0.42718,1.29169,0.97197,0.9697,0.96769,1.30672,0.44996,1.26932,0.84853,0.96361,0.72479,0.89079,0.47911,1.31025,0.41214,1.3,1.16628,1.32085,1.31541
51.54,1.28333,0.63845,1.34573,1.30981,1.3587,1,0.93549,0.71275,1.2542,1.15585,0.51633,0.8927,0.77243,0.47026,0.63769,1.35858,0.70756,0.985,1.06663,1.01706,0.54807,1.33791,0.54142,0.99734,0.98431,1.2562,1.22793,1.3359,0.59535,1.32144,0.6812,0.83901,0.42834,0.7017,0.71694,1.29727,0.41288,0.54205,0.24568,1,1.13027,1.24892,0.58123,0.84241,1.29369,1.16749,1.20205,1.34492,1.29373,0.43225,1.28956,1.03775,0.9524,0.98813,1.29768,0.48638,1.28269,1.00798,1.02964,0.7328,0.90386,0.46558,1.3164,0.37211,1.30473,1.19197,1.33686,1.33235
51.56,1.27936,0.60079,1.34558,1.32032,1.35365,1,0.91962,0.76031,1.25432,1.13691,0.65624,0.92205,0.87028,0.4684,0.58323,1.35753,0.72282,0.94712,1.08641,0.99058,0.59021,1.33115,0.49912,0.90144,0.9491,1.24888,1.21242,1.33746,0.57115,1.32715,0.67131,0.8065,0.35351,0.64583,0.72741,1.30749,0.4139,0.4937,0.28842,1,1.15145,1.22721,0.58085,0.86866,1.25108,1.13529,1.13933,1.34519,1.30843,0.4413,1.28404,1.10976,0.93527,1.02398,1.28629,0.5248,1.29379,1.17931,1.08421,0.74922,0.91693,0.45618,1.32185,0.34115,1.30763,1.21315,1.34799,1.34418
51.58,1.27027,0.57501,1.34455,1.32558,1.34842,1,0.90799,0.81957,1.24864,1.12627,0.90117,0.95713,1.01869,0.4683,0.54527,1.35595,0.7477,0.90899,1.10397,0.97058,0.63591,1.32319,0.46308,0.8299,0.92757,1.23766,1.19424,1.33827,0.548,1.3306,0.66717,0.77842,0.29415,0.59745,0.74962,1.31377,0.42102,0.46689,0.32897,1,1.16526,1.1937,0.59815,0.88225,1.11192,1.0859,0.99275,1.34521,1.31725,0.45457,1.27414,1.16061,0.91857,1.06728,1.27226,0.56487,1.30242,1.23926,1.1114,0.77232,0.93003,0.45117,1.32667,0.32148,1.30881,1.229,1.35554,1.35222
51.6,1.25422,0.55751,1.34255,1.32708,1.34326,1,0.89528,0.88702,1.23823,1.1276,1.2258,0.99421,1.18062,0.47077,0.52116,1.35373,0.78216,0.87256,1.11942,0.95014,0.68324,1.31363,0.4366,0.77951,0.91582,1.2222,1.17264,1.33832,0.52634,1.33151,0.66923,0.75904,0.25231,0.56087,0.7838,1.31775,0.4345,0.45885,0.36571,1,1.17896,1.14284,0.62814,0.88059,0.83467,1.01386,0.88781,1.34484,1.32235,0.47236,1.25828,1.19672,0.90258,1.10328,1.25549,0.60693,1.30834,1.26741,1.12467,0.80066,0.94314,0.45089,1.33086,0.31615,1.30822,1.23885,1.3603,1.35731
51.62,1.22718,0.5451,1.33942,1.3253,1.33834,1,0.8764,0.95513,1.22494,1.14137,1.29669,1.04802,1.23856,0.47702,0.50948,1.35068,0.82564,0.84019,1.1327,0.93083,0.72965,1.30165,0.42292,0.74814,0.91081,1.20181,1.14665,1.33752,0.50678,1.32926,0.67809,0.75264,0.22923,0.53967,0.83025,1.32044,0.45469,0.46838,0.39804,1,1.197,1.06914,0.66358,0.86271,0.6817,0.96714,0.81126,1.3439,1.32469,0.49526,1.23361,1.22199,0.88774,1.13159,1.23627,0.65206,1.31127,1.28132,1.13004,0.83294,0.95621,0.45583,1.33442,0.32921,1.30566,1.24193,1.36276,1.35995
51.64,1.17959,0.53528,1.33487,1.3199,1.33364,1,0.84769,1.02622,1.21155,1.16409,1.31901,1.08072,1.26233,0.48845,0.50987,1.34645,0.87721,0.81438,1.14344,0.9144,0.77276,1.28558,0.42473,0.73413,0.91019,1.17534,1.11486,1.33574,0.4899,1.32257,0.69442,0.76291,0.22561,0.53602,0.88943,1.3225,0.48212,0.49576,0.42675,1,1.22022,0.98749,0.69641,0.83007,0.599,0.94037,0.7662,1.34214,1.32461,0.52451,1.19452,1.23878,0.8749,1.15228,1.2153,0.70239,1.31088,1.28686,1.1307,0.8681,0.96922,0.46654,1.33733,0.36613,1.30066,1.23695,1.36313,1.36039
51.66,1.08404,0.52633,1.32849,1.30966,1.32884,1,0.80791,1.08438,1.20112,1.19029,1.32528,1.09424,1.26869,0.50661,0.52313,1.34033,0.93545,0.79798,1.15094,0.90278,0.81125,1.26177,0.44444,0.73585,0.91228,1.14089,1.07516,1.33279,0.47624,1.30873,0.71894,0.79284,0.24229,0.55082,0.96177,1.32432,0.51734,0.54273,0.45414,1,1.24608,0.95355,0.72019,0.78661,0.57038,0.928,0.75214,1.33921,1.32194,0.56234,1.12878,1.24821,0.86545,1.16536,1.19335,0.76134,1.30662,1.2862,1.12848,0.90527,0.98214,0.48362,1.33957,0.43477,1.29244,1.22112,1.36138,1.35859
51.68,0.94168,0.51733,1.31967,1.29171,1.32323,1,0.75853,1.10529,1.19571,1.2152,1.32147,1.09279,1.26161,0.53318,0.55142,1.33086,0.99761,0.79462,1.15401,0.89827,0.84519,1.22121,0.48474,0.75149,0.91601,1.09566,1.02471,1.3284,0.46648,1.28128,0.75218,0.84495,0.28075,0.58378,1.07363,1.3261,0.56062,0.61214,0.48386,1,1.27099,0.93866,0.73196,0.73803,0.58812,0.92937,0.76772,1.33461,1.31589,0.61232,1.0066,1.25004,0.86147,1.17014,1.17081,0.83375,1.29731,1.27995,1.12447,0.94354,0.99487,0.50762,1.34113,0.54654,1.27966,1.18771,1.35711,1.35421
51.7,0.84729,0.50812,1.30764,1.25946,1.31558,1,0.7031,1.10464,1.19523,1.23601,1.30571,1.07827,1.23828,0.56997,0.59872,1.31471,1.08782,0.80936,1.1507,0.90368,0.87601,1.13498,0.5491,0.77872,0.92081,1.03602,0.98222,1.32219,0.46147,1.22171,0.79435,0.92114,0.3428,0.63294,1.1558,1.32788,0.61134,0.70741,0.52095,1,1.2925,0.93914,0.73299,0.69057,0.65138,0.94252,0.81172,1.32756,1.30452,0.67973,0.92563,1.24176,0.86576,1.1644,1.14711,0.92615,1.28056,1.26779,1.11916,0.9817,1.01361,0.53892,1.34191,0.7161,1.25996,1.11879,1.34943,1.34649
51.72,0.77327,0.49891,1.29145,1.19436,1.30357,1,0.64588,1.08833,1.19778,1.25169,1.26453,1.05118,1.18506,0.61903,0.67171,1.28244,1.13619,0.84939,1.13796,0.92227,0.90626,0.94245,0.64236,0.81464,0.9265,0.98119,0.95533,1.31355,0.46229,1.05276,0.84563,1.03993,0.43015,0.69463,1.20105,1.32961,0.66796,0.83224,0.57232,1,1.30981,0.95087,0.72751,0.6497,0.76566,0.96473,0.88312,1.31666,1.28303,0.77241,0.8696,1.21534,0.88154,1.14272,1.12009,1.07501,1.25102,1.24869,1.11265,1.03285,1.03315,0.57802,1.34178,0.95734,1.22854,0.97802,1.33657,1.33403
51.74,0.71909,0.48984,1.26974,1.01692,1.28198,1,0.59067,1.05872,1.20107,1.2622,1.1143,1.01091,1.04586,0.68252,0.78143,1.19209,1.16123,0.92519,1.11056,0.95741,0.93919,0.7971,0.77207,0.85596,0.93303,0.94941,0.93314,1.30128,0.47008,0.86116,0.90702,1.16075,0.54532,0.76468,1.22733,1.33127,0.72843,0.99109,0.64824,1,1.32319,0.96973,0.72031,0.61936,0.94419,0.99311,0.98101,1.29921,1.23689,0.90221,0.83442,1.141,0.91191,1.09128,1.08532,1.19149,1.19465,1.22085,1.10488,1.07911,1.0484,0.62618,1.34056,1.21165,1.17312,0.87705,1.31451,1.31404
51.76,0.6835,0.48077,1.2404,0.85432,1.23476,1,0.54044,1.01746,1.20336,1.2677,0.79006,0.98048,0.88253,0.7622,0.94614,0.87077,1.17172,1.08175,1.058,1.02304,0.97846,0.67228,0.94968,0.89925,0.94031,0.92463,0.91589,1.28278,0.486,0.76216,0.98127,1.22016,0.69452,0.84058,1.24222,1.33289,0.79085,1.18145,0.76577,1,1.33329,0.99183,0.71521,0.60241,1.19024,1.04358,1.12958,1.26936,1.09508,1.11604,0.81812,0.93298,0.9594,0.98377,1.0341,1.25005,1.0611,1.18167,1.0958,1.109,1.05973,0.68606,1.33797,1.27093,1.05066,0.79175,1.2715,1.27933
51.78,0.66556,0.4713,1.1999,0.74052,1.07231,1,0.49773,0.98556,1.20354,1.26792,0.60415,0.95691,0.77141,0.85756,1.18422,0.64254,1.1718,1.20942,0.98015,1.11835,1.04808,0.56703,1.18139,0.94059,0.94812,0.90673,0.90382,1.25186,0.51124,0.71428,1.10322,1.25329,0.89418,0.9235,1.24913,1.33454,0.85355,1.24822,0.95728,1,1.34066,1.02465,0.71479,0.60171,1.26882,1.08625,1.20259,1.21274,0.8339,1.23297,0.81798,0.75384,1.04426,0.89586,0.97715,1.28441,0.89462,1.12875,1.08554,1.12794,1.06742,0.76222,1.33363,1.29002,0.90163,0.724,1.15199,1.20368
51.8,0.66528,0.46091,1.14234,0.65707,0.79539,1,0.4649,0.96818,1.20088,1.26157,0.48993,0.93674,0.69349,0.96277,1.2675,0.48968,1.1637,1.27067,0.9231,1.1819,1.11981,0.48083,1.25831,0.97548,0.95608,0.89579,0.89721,1.19023,0.54701,0.70739,1.18215,1.27231,1.18026,1.03582,1.24924,1.3363,0.91483,1.28037,1.21888,1,1.34571,1.05117,0.72072,0.62124,1.30017,1.1163,1.23874,1.08575,0.6643,1.28099,0.83068,0.59828,1.13401,0.80807,0.93099,1.30617,0.78846,1.06406,1.0745,1.13857,1.07154,0.86166,1.32687,1.29242,0.7857,0.67491,0.84535,0.95154
51.82,0.68365,0.44928,1.05733,0.59714,0.60175,1,0.44382,0.95976,1.19476,1.24529,0.42656,0.92133,0.64756,1.09412,1.30299,0.38855,1.14881,1.30439,0.86924,1.22391,1.17336,0.41259,1.29021,0.99943,0.96369,0.89203,0.89637,1.01149,0.59466,0.73807,1.23154,1.28232,1.27788,1.15675,1.24217,1.33821,0.97301,1.29823,1.29582,1,1.3487,1.06293,0.734,0.66697,1.31421,1.13617,1.25622,0.91772,0.54355,1.30533,0.85249,0.47184,1.18891,0.72793,0.88138,1.32047,0.71372,1.00173,1.06332,1.14208,1.07206,0.99499,1.31656,1.28108,0.68077,0.64509,0.64421,0.73579
51.84,0.72237,0.43657,0.96911,0.5559,0.45402,1,0.43551,0.96183,1.18452,1.21055,0.40267,0.91137,0.6319,1.15801,1.32137,0.32374,1.12821,1.32468,0.82223,1.25196,1.21336,0.36038,1.30557,1.01794,0.97055,0.8954,0.90139,0.83775,0.65578,0.80819,1.26483,1.28563,1.3174,1.22295,1.22587,1.34023,1.04607,1.30868,1.32886,1,1.34984,1.0601,0.75519,0.74771,1.31901,1.1478,1.26166,0.83672,0.45975,1.31868,0.87983,0.37281,1.22349,0.65935,0.83019,1.33004,0.66565,0.98581,1.0527,1.13894,1.06894,1.17604,1.30057,1.24759,0.58701,0.63453,0.49245,0.56576
51.86,0.78338,0.42366,0.91972,0.52974,0.34257,1,0.44015,0.97451,1.16941,1.13089,0.41275,0.90695,0.64486,1.18091,1.33173,0.28497,1.10286,1.33763,0.78373,1.27095,1.24305,0.32193,1.31265,1.01034,0.97642,0.90544,0.91192,0.70099,0.73197,0.92437,1.28808,1.28316,1.33865,1.26415,1.19558,1.34221,1.10408,1.31467,1.34656,1,1.34921,1.04187,0.78434,0.87644,1.31701,1.15271,1.25718,0.8,0.40338,1.32597,0.90965,0.29699,1.24577,0.60345,0.77993,1.33646,0.63976,0.99194,1.04317,1.12922,1.06229,1.2485,1.27443,1.14705,0.50551,0.64247,0.37479,0.43045
51.88,0.86747,0.41211,0.88282,0.51602,0.26023,1,0.45722,0.99639,1.14875,0.95366,0.45489,0.90754,0.68468,1.18238,1.33761,0.26554,1.07393,1.3461,0.75427,1.28375,1.26464,0.2954,1.31463,0.98982,0.98124,0.92099,0.92698,0.59302,0.82359,1.12379,1.30436,1.27494,1.3514,1.29088,1.141,1.34393,1.13838,1.31764,1.35703,1,1.34682,1.0064,0.82059,1.1006,1.30818,1.15206,1.24229,0.79745,0.36772,1.32945,0.93941,0.24061,1.26012,0.56025,0.7337,1.3406,0.63203,1.02906,1.03501,1.11301,1.0525,1.28547,1.22791,0.88156,0.43787,0.66737,0.28495,0.32597
51.9,0.97174,0.40412,0.85657,0.51297,0.20214,1,0.48542,1.04255,1.12238,0.82791,0.52849,0.91219,0.74811,1.16847,1.3406,0.26119,1.04323,1.35154,0.73406,1.29196,1.27965,0.27977,1.3129,0.96793,0.98506,0.94012,0.94489,0.5122,0.92755,1.22774,1.31541,1.26054,1.35926,1.30813,1.0386,1.34509,1.15929,1.31828,1.36341,1,1.34261,0.97891,0.86166,1.23215,1.29057,1.14688,1.2144,0.82056,0.34845,1.33021,0.96692,0.20116,1.26888,0.52974,0.69496,1.34295,0.63878,1.08022,1.02831,1.09087,1.04042,1.3064,1.13317,0.70218,0.38583,0.70635,0.21976,0.24983
51.92,1.11599,0.40215,0.84009,0.51953,0.1649,1,0.52277,1.08169,1.09127,0.73376,0.63142,0.91971,0.82891,1.14119,1.3414,0.26937,1.01335,1.35466,0.72326,1.29643,1.28918,0.27482,1.30811,0.94524,0.98801,0.96035,0.96348,0.4569,1.05883,1.27126,1.32226,1.23927,1.36394,1.31873,0.94219,1.34537,1.17118,1.31689,1.36714,1,1.33646,0.95535,0.90394,1.27982,1.25986,1.13812,1.1688,0.86078,0.34312,1.32877,0.99041,0.17719,1.27325,0.51213,0.66683,1.34367,0.65668,1.12145,1.02299,1.06432,1.02736,1.31836,0.95653,0.58092,0.35061,0.75504,0.1767,0.19912
51.94,1.18491,0.40864,0.83287,0.53538,0.14611,1,0.56721,1.10849,1.05778,0.67103,0.75747,0.92899,0.91743,1.10171,1.34025,0.28899,0.9939,1.35582,0.72201,1.29749,1.29398,0.28103,1.30039,0.92619,0.99028,0.97925,0.98063,0.42519,1.1513,1.29209,1.32558,1.21056,1.36631,1.32438,0.88387,1.34444,1.17612,1.31342,1.36893,1,1.32812,0.93622,0.94339,1.3014,1.20761,1.1266,1.09866,0.90944,0.35072,1.32524,1.01646,0.16801,1.27374,0.50783,0.65142,1.34276,0.68299,1.14945,1.01882,1.03598,1.01481,1.32452,0.85831,0.50588,0.33269,0.80818,0.15348,0.17074
51.96,1.21555,0.42592,0.83447,0.56083,0.14461,1,0.61709,1.1241,1.02551,0.63692,0.89394,0.93919,1.00309,1.05252,1.337,0.32036,0.98537,1.35509,0.7305,1.29509,1.29442,0.29965,1.28948,0.91356,0.99204,0.99496,0.99477,0.4155,1.18957,1.30142,1.32562,1.17434,1.36678,1.32599,0.84694,1.34187,1.17504,1.3075,1.36907,1,1.31713,0.92367,0.97657,1.31096,1.11819,1.11292,0.99884,0.95828,0.37153,1.31933,1.03753,0.17381,1.27035,0.51747,0.64996,1.33995,0.71577,1.16549,1.01552,1.00927,1.00406,1.32632,0.80039,0.46739,0.33246,0.86055,0.14867,0.16248
51.98,1.22729,0.45657,0.84441,0.59673,0.16109,1,0.67129,1.12992,0.99932,0.6288,1.03648,0.94975,1.09836,1.00003,1.3311,0.36508,0.98095,1.35219,0.74895,1.2887,1.2903,0.33292,1.27463,0.9087,0.99348,1.01222,1.00965,0.42743,1.20422,1.30319,1.32218,1.13198,1.36539,1.32372,0.83009,1.33702,1.16815,1.29834,1.36751,1,1.30263,0.91869,1.00236,1.31306,0.98555,1.09751,0.95318,0.99998,0.40701,1.31034,1.04767,0.19625,1.26251,0.54212,0.66331,1.33467,0.7537,1.1712,1.01278,0.99412,0.99807,1.3241,0.77421,0.45972,0.35108,0.90761,0.16262,0.17412
52,1.23763,0.4898,0.85452,0.63564,0.17875,1,0.73204,1.1355,0.98519,0.62082,1.17488,0.96048,1.15675,0.97047,1.32398,0.41636,0.97656,1.34888,0.76804,1.28149,1.28585,0.36989,1.25517,0.90389,0.99493,1.03245,1.02814,0.43974,1.21697,1.30489,1.3184,1.07006,1.36386,1.3213,0.81371,1.33128,1.16081,1.28717,1.36579,1,1.28197,0.91376,1.04636,1.31505,0.89574,1.08035,0.91055,1.07081,0.44624,1.2991,1.05725,0.22077,1.25367,0.56825,0.67702,1.32838,0.79448,1.17663,1.01001,0.98364,0.99411,1.32175,0.74921,0.4522,0.37077,0.95853,0.1774,0.18632
